0.014,0.587
0.005,-0.322
-0.014,2.712
-0.035,1.935
-0.044,2.011
0.004,-0.008
-0.038,1.738
-0.101,2.283
-0.025,1.4
-0.105,1.376
-0.097,2.633
-0.142,0.715
-0.132,2.723
-0.149,1.62
-0.201,0.212
-0.35,2.469
-0.376,1.429
-0.455,2.14
-0.49,2.402
-0.432,-0.722
-0.45,1.819
-0.487,-0.629
-0.49,1.914
-0.509,3.039
-0.688,0.606
-0.762,2.231
-0.886,-0.067
-0.918,1.784
-0.86,1.753
-0.93,-0.321
-1.091,1.447
-1.179,1.353
-1.256,2.021
-1.343,1.273
-1.314,1.418
-1.374,2.872
-1.567,0.447
-1.605,1.3
-1.627,1.48
-1.572,0.254
-1.575,0.607
-1.642,2.817
-1.751,0.645
-1.81,-0.301
-1.838,0.566
-1.905,0.436
-2.092,0.753
-2.168,0.974
-2.187,0.766
-2.137,2.879
-2.188,0.747
-2.225,2.031
-2.283,1.63
-2.244,1.277
-2.326,2.078
-2.383,-0.418
-2.395,1.925
-2.413,0.038
-2.449,1.776
-2.557,0.692
-2.602,0.536
-2.589,0.298
-2.664,2.901
-2.755,-0.261
-2.79,3.175
-2.857,1.616
-2.879,-0.533
-2.856,1.596
-2.887,0.967
-2.985,0.283
-3.004,1.439
-3.021,1.95
-3.068,2.065
-3.102,-0.26
3.11,1.436
3.061,0.36
2.989,1.4
2.868,0.565
2.877,3.152
2.791,1.482
2.715,3.047
2.756,1.39
2.67,0.757
2.67,2.964
2.696,2.627
2.62,0.845
2.54,1.125
2.528,2.81
2.468,2.781
2.443,1.294
2.506,0.794
2.496,2.504
2.414,2.404
2.421,0.266
2.402,-0.544
2.305,1.235
2.357,2.217
2.296,1.123
2.242,0.664
2.194,-0.167
2.224,1.759
2.175,-0.303
2.17,2.04
2.171,2.376
2.079,-0.299
2.128,2.996
2.022,3.116
2.075,2.119
1.997,2.819
1.651,1.543
1.694,2.569
1.594,3.102
1.598,0.328
1.641,1.686
1.556,0.064
1.518,1.172
1.574,1.705
1.492,2.039
1.483,0.247
1.5,0.343
1.37,1.12
1.266,1.616
1.13,1.476
1.19,3.099
1.09,1.178
1.087,1.382
0.97,2.149
0.864,1.81
0.769,1.718
0.708,0.494
0.772,-0.436
0.762,1.306
0.714,0.35
0.551,0.384
0.486,-0.629
0.43,-0.542
0.395,1.758
0.422,1.108
0.4,2.016
0.395,2.602
0.376,2.362
0.406,1.77
0.339,0.513
0.337,0.384
0.394,3.196
0.39,2.565
0.306,0.535
0.28,0.974
0.292,1.326
0.301,1.788
0.147,2.177
0.198,0.856
-0.148,-0.877
-0.232,-1.033
-0.27,-0.866
-0.726,-0.891
-0.923,-0.879
-1.149,-0.983
-1.58,-0.927
-1.704,-0.908
-2.023,-1.096
-2.065,-0.955
-2.989,-0.972
-3.057,-0.827
2.902,-0.79
2.609,-1.248
2.436,-1.164
2.46,-1.16
1.455,-0.993
0.855,-1.173
0.598,-0.935
0.207,-0.935
-0.08,3.237
-0.239,3.245
-0.494,3.391
-0.547,3.362
-0.68,3.246
-2.133,3.2
-2.531,3.284
-2.63,3.3
2.547,3.415
1.967,3.39
1.559,3.373
1.349,3.439
0.641,3.169
0.428,3.403
-0.644,2.931
-1.966,0.798
-2.842,1.513
2.39,0.3
2.027,2.497
1.092,2.195
0.428,1.968
-0.259,-1.037
2.934,3.27
0.168,2.849
0.047,-0.459
0.067,0.263
-0.121,0.429
-0.15,-0.545
-0.113,0.387
-0.165,1.618
-0.177,0.917
-0.251,0.12
-0.458,1.466
-0.402,2.953
-0.427,0.81
-0.556,1.352
-0.577,2.805
-0.602,3.102
-0.61,2.957
-0.558,1.507
-0.765,2.993
-0.744,2.828
-1.005,3.044
-0.922,0.568
-1.039,1.32
-1.215,1.127
-1.212,0.133
-1.102,0.791
-1.24,-0.262
-1.151,-0.7
-1.408,2.888
-1.541,1.647
-1.705,2.939
-1.587,1.56
-1.601,1.952
-1.74,-0.377
-1.67,1.874
-1.872,-0.575
-1.865,0.513
-1.982,2.296
-1.864,3.18
-1.923,0.21
-2.106,2.595
-2.035,1.457
-2.062,2.735
-2.057,1.157
-2.197,1.793
-2.233,-0.527
-2.254,1.456
-2.187,0.516
-2.371,0.47
-2.272,1.549
-2.32,0.626
-2.539,0.612
-2.746,1.9
-2.66,3.129
-2.812,0.803
-2.829,0.114
-2.769,1.804
-2.807,0.26
-2.961,0.432
-2.966,3.015
-3.125,1.183
-3.026,1.252
3.103,3.254
3.132,2.622
2.955,2.506
3.061,1.892
2.856,3.048
2.872,1.683
2.745,0.214
2.74,0.15
2.587,1.422
2.695,0.014
2.53,1.612
2.657,0.229
2.6,3.09
2.534,0.254
2.553,-0.421
2.375,2.591
2.501,0.802
2.434,1.724
2.412,2.924
2.408,-0.785
2.256,0.57
2.328,1.696
2.21,2.165
2.269,2.802
2.082,2.774
2.18,1.995
2.063,-0.036
2.054,1.721
1.856,1.938
1.851,1.261
1.917,0.853
1.9,0.413
1.755,2.927
1.852,0.408
1.73,-0.683
1.687,-0.58
1.671,2.186
1.538,2.153
1.46,1.508
1.475,1.212
1.463,3.183
1.236,2.375
1.363,2.709
1.021,1.62
1.116,0.137
0.99,0.028
0.939,0.737
0.841,-0.746
0.783,0.133
0.724,1.655
0.585,0.034
0.56,0.15
0.566,1.18
0.406,1.421
0.532,0.616
0.483,1.98
0.423,0.428
0.381,0.551
0.266,2.107
0.098,0.854
-0.767,-1.064
-0.749,-0.972
-0.982,-1.059
-1.984,-1.232
-2.054,-0.796
-2.204,-1.068
-2.936,-0.978
-3.015,-0.859
2.799,-1.305
2.673,-1.036
1.799,-0.953
1.622,-1.138
1.378,-1.17
1.298,-0.887
0.792,-1.161
0.871,-1.122
0.883,-1.091
0.402,-1.184
0.284,-1.014
0.128,-1.157
-0.048,3.24
-0.454,3.35
-1.915,3.248
-2.325,3.279
-2.564,3.252
-2.432,3.363
-2.668,3.323
2.978,3.291
2.386,3.364
2.51,3.334
2.061,3.306
0.891,3.061
-0.362,2.685
-2.02,0.382
0.173,-0.002
-2.536,1.853
-2.837,2.343
-3.042,0.174
2.559,0.212
2.477,1.035
2.023,2.356
1.56,1.368
0.882,2.75
0.813,2.436
0.674,2.556
0.567,2.079
-0.232,0.262
2.54,1.105
1.72,1.6
0.892,0.896
0.781,0.643
-1.347,-0.78
-2.774,-0.725
0.601,2.901
0.186,2.969
-0.009,-0.909
-0.028,2.125
-0.049,1.348
-0.058,1.424
-0.01,-0.595
-0.052,1.151
-0.115,1.696
-0.039,0.813
-0.119,0.789
-0.111,2.046
-0.156,0.128
-0.146,2.136
-0.163,1.033
-0.215,-0.375
-0.364,1.882
-0.39,0.842
-0.469,1.553
-0.504,1.815
-0.446,-1.309
-0.464,1.232
-0.501,-1.216
-0.504,1.327
-0.523,2.452
-0.702,0.019
-0.776,1.644
-0.9,-0.654
-0.932,1.197
-0.874,1.166
-0.944,-0.908
-1.105,0.86
-1.193,0.766
-1.27,1.434
-1.357,0.686
-1.328,0.831
-1.388,2.285
-1.581,-0.14
-1.619,0.713
-1.641,0.893
-1.586,-0.333
-1.589,0.02
-1.656,2.23
-1.765,0.058
-1.824,-0.888
-1.852,-0.021
-1.919,-0.151
-2.106,0.166
-2.182,0.387
-2.201,0.179
-2.151,2.292
-2.202,0.16
-2.239,1.444
-2.297,1.043
-2.258,0.69
-2.34,1.491
-2.397,-1.005
-2.409,1.338
-2.427,-0.549
-2.463,1.189
-2.571,0.105
-2.616,-0.051
-2.603,-0.289
-2.678,2.314
-2.769,-0.848
-2.804,2.588
-2.871,1.029
-2.893,-1.12
-2.87,1.009
-2.901,0.38
-2.999,-0.304
-3.018,0.852
-3.035,1.363
-3.082,1.478
-3.116,-0.847
3.096,0.849
3.047,-0.227
2.975,0.813
2.854,-0.022
2.863,2.565
2.777,0.895
2.701,2.46
2.742,0.803
2.656,0.17
2.656,2.377
2.682,2.04
2.606,0.258
2.526,0.538
2.514,2.223
2.454,2.194
2.429,0.707
2.492,0.207
2.482,1.917
2.4,1.817
2.407,-0.321
2.388,-1.131
2.291,0.648
2.343,1.63
2.282,0.536
2.228,0.077
2.18,-0.754
2.21,1.172
2.161,-0.89
2.156,1.453
2.157,1.789
2.065,-0.886
2.114,2.409
2.008,2.529
2.061,1.532
1.983,2.232
1.637,0.956
1.68,1.982
1.58,2.515
1.584,-0.259
1.627,1.099
1.542,-0.523
1.504,0.585
1.56,1.118
1.478,1.452
1.469,-0.34
1.486,-0.244
1.356,0.533
1.252,1.029
1.116,0.889
1.176,2.512
1.076,0.591
1.073,0.795
0.956,1.562
0.85,1.223
0.755,1.131
0.694,-0.093
0.758,-1.023
0.748,0.719
0.7,-0.237
0.537,-0.203
0.472,-1.216
0.416,-1.129
0.381,1.171
0.408,0.521
0.386,1.429
0.381,2.015
0.362,1.775
0.392,1.183
0.325,-0.074
0.323,-0.203
0.38,2.609
0.376,1.978
0.292,-0.052
0.266,0.387
0.278,0.739
0.287,1.201
0.133,1.59
0.184,0.269
-0.162,-1.464
-0.246,-1.62
-0.284,-1.453
-0.74,-1.478
-0.937,-1.466
-1.163,-1.57
-1.594,-1.514
-1.718,-1.495
-2.037,-1.683
-2.079,-1.542
-3.003,-1.559
-3.071,-1.414
2.888,-1.377
2.595,-1.835
2.422,-1.751
2.446,-1.747
1.441,-1.58
0.841,-1.76
0.584,-1.522
0.193,-1.522
-0.094,2.65
-0.253,2.658
-0.508,2.804
-0.561,2.775
-0.694,2.659
-2.147,2.613
-2.545,2.697
-2.644,2.713
2.533,2.828
1.953,2.803
1.545,2.786
1.335,2.852
0.627,2.582
0.414,2.816
-0.658,2.344
-1.98,0.211
-2.856,0.926
2.376,-0.287
2.013,1.91
1.078,1.608
0.414,1.381
-0.273,-1.624
2.92,2.683
0.154,2.262
0.033,-1.046
0.053,-0.324
-0.135,-0.158
-0.164,-1.132
-0.127,-0.2
-0.179,1.031
-0.191,0.33
-0.265,-0.467
-0.472,0.879
-0.416,2.366
-0.441,0.223
-0.57,0.765
-0.591,2.218
-0.616,2.515
-0.624,2.37
-0.572,0.92
-0.779,2.406
-0.758,2.241
-1.019,2.457
-0.936,-0.019
-1.053,0.733
-1.229,0.54
-1.226,-0.454
-1.116,0.204
-1.254,-0.849
-1.165,-1.287
-1.422,2.301
-1.555,1.06
-1.719,2.352
-1.601,0.973
-1.615,1.365
-1.754,-0.964
-1.684,1.287
-1.886,-1.162
-1.879,-0.074
-1.996,1.709
-1.878,2.593
-1.937,-0.377
-2.12,2.008
-2.049,0.87
-2.076,2.148
-2.071,0.57
-2.211,1.206
-2.247,-1.114
-2.268,0.869
-2.201,-0.071
-2.385,-0.117
-2.286,0.962
-2.334,0.039
-2.553,0.025
-2.76,1.313
-2.674,2.542
-2.826,0.216
-2.843,-0.473
-2.783,1.217
-2.821,-0.327
-2.975,-0.155
-2.98,2.428
-3.139,0.596
-3.04,0.665
3.089,2.667
3.118,2.035
2.941,1.919
3.047,1.305
2.842,2.461
2.858,1.096
2.731,-0.373
2.726,-0.437
2.573,0.835
2.681,-0.573
2.516,1.025
2.643,-0.358
2.586,2.503
2.52,-0.333
2.539,-1.008
2.361,2.004
2.487,0.215
2.42,1.137
2.398,2.337
2.394,-1.372
2.242,-0.017
2.314,1.109
2.196,1.578
2.255,2.215
2.068,2.187
2.166,1.408
2.049,-0.623
2.04,1.134
1.842,1.351
1.837,0.674
1.903,0.266
1.886,-0.174
1.741,2.34
1.838,-0.179
1.716,-1.27
1.673,-1.167
1.657,1.599
1.524,1.566
1.446,0.921
1.461,0.625
1.449,2.596
1.222,1.788
1.349,2.122
1.007,1.033
1.102,-0.45
0.976,-0.559
0.925,0.15
0.827,-1.333
0.769,-0.454
0.71,1.068
0.571,-0.553
0.546,-0.437
0.552,0.593
0.392,0.834
0.518,0.029
0.469,1.393
0.409,-0.159
0.367,-0.036
0.252,1.52
0.084,0.267
-0.781,-1.651
-0.763,-1.559
-0.996,-1.646
-1.998,-1.819
-2.068,-1.383
-2.218,-1.655
-2.95,-1.565
-3.029,-1.446
2.785,-1.892
2.659,-1.623
1.785,-1.54
1.608,-1.725
1.364,-1.757
1.284,-1.474
0.778,-1.748
0.857,-1.709
0.869,-1.678
0.388,-1.771
0.27,-1.601
0.114,-1.744
-0.062,2.653
-0.468,2.763
-1.929,2.661
-2.339,2.692
-2.578,2.665
-2.446,2.776
-2.682,2.736
2.964,2.704
2.372,2.777
2.496,2.747
2.047,2.719
0.877,2.474
-0.376,2.098
-2.034,-0.205
0.159,-0.589
-2.55,1.266
-2.851,1.756
-3.056,-0.413
2.545,-0.375
2.463,0.448
2.009,1.769
1.546,0.781
0.868,2.163
0.799,1.849
0.66,1.969
0.553,1.492
-0.246,-0.325
2.526,0.518
1.706,1.013
0.878,0.309
0.767,0.056
-1.361,-1.367
-2.788,-1.312
0.587,2.314
0.172,2.382
-0.019,3.034
-0.04,2.257
-0.049,2.333
-0.001,0.314
-0.043,2.06
-0.106,2.605
-0.03,1.722
-0.11,1.698
-0.102,2.955
-0.147,1.037
-0.137,3.045
-0.154,1.942
-0.206,0.534
-0.355,2.791
-0.381,1.751
-0.46,2.462
-0.495,2.724
-0.437,-0.4
-0.455,2.141
-0.492,-0.307
-0.495,2.236
-0.514,3.361
-0.693,0.928
-0.767,2.553
-0.891,0.255
-0.923,2.106
-0.865,2.075
-0.935,0.001
-1.096,1.769
-1.184,1.675
-1.261,2.343
-1.348,1.595
-1.319,1.74
-1.379,3.194
-1.572,0.769
-1.61,1.622
-1.632,1.802
-1.577,0.576
-1.58,0.929
-1.647,3.139
-1.756,0.967
-1.815,0.021
-1.843,0.888
-1.91,0.758
-2.097,1.075
-2.173,1.296
-2.192,1.088
-2.142,3.201
-2.193,1.069
-2.23,2.353
-2.288,1.952
-2.249,1.599
-2.331,2.4
-2.388,-0.096
-2.4,2.247
-2.418,0.36
-2.454,2.098
-2.562,1.014
-2.607,0.858
-2.594,0.62
-2.669,3.223
-2.76,0.061
-2.795,3.497
-2.862,1.938
-2.884,-0.211
-2.861,1.918
-2.892,1.289
-2.99,0.605
-3.009,1.761
-3.026,2.272
-3.073,2.387
-3.107,0.062
3.105,1.758
3.056,0.682
2.984,1.722
2.863,0.887
2.872,3.474
2.786,1.804
2.71,3.369
2.751,1.712
2.665,1.079
2.665,3.286
2.691,2.949
2.615,1.167
2.535,1.447
2.523,3.132
2.463,3.103
2.438,1.616
2.501,1.116
2.491,2.826
2.409,2.726
2.416,0.588
2.397,-0.222
2.3,1.557
2.352,2.539
2.291,1.445
2.237,0.986
2.189,0.155
2.219,2.081
2.17,0.019
2.165,2.362
2.166,2.698
2.074,0.023
2.123,3.318
2.017,3.438
2.07,2.441
1.992,3.141
1.646,1.865
1.689,2.891
1.589,3.424
1.593,0.65
1.636,2.008
1.551,0.386
1.513,1.494
1.569,2.027
1.487,2.361
1.478,0.569
1.495,0.665
1.365,1.442
1.261,1.938
1.125,1.798
1.185,3.421
1.085,1.5
1.082,1.704
0.965,2.471
0.859,2.132
0.764,2.04
0.703,0.816
0.767,-0.114
0.757,1.628
0.709,0.672
0.546,0.706
0.481,-0.307
0.425,-0.22
0.39,2.08
0.417,1.43
0.395,2.338
0.39,2.924
0.371,2.684
0.401,2.092
0.334,0.835
0.332,0.706
0.389,3.518
0.385,2.887
0.301,0.857
0.275,1.296
0.287,1.648
0.296,2.11
0.142,2.499
0.193,1.178
-0.153,-0.555
-0.237,-0.711
-0.275,-0.544
-0.731,-0.569
-0.928,-0.557
-1.154,-0.661
-1.585,-0.605
-1.709,-0.586
-2.028,-0.774
-2.07,-0.633
-2.994,-0.65
-3.062,-0.505
2.897,-0.468
2.604,-0.926
2.431,-0.842
2.455,-0.838
1.45,-0.671
0.85,-0.851
0.593,-0.613
0.202,-0.613
-0.085,3.559
-0.244,3.567
-0.499,3.713
-0.552,3.684
-0.685,3.568
-2.138,3.522
-2.536,3.606
-2.635,3.622
2.542,3.737
1.962,3.712
1.554,3.695
1.344,3.761
0.636,3.491
0.423,3.725
-0.649,3.253
-1.971,1.12
-2.847,1.835
2.385,0.622
2.022,2.819
1.087,2.517
0.423,2.29
-0.264,-0.715
2.929,3.592
0.163,3.171
0.042,-0.137
0.062,0.585
-0.126,0.751
-0.155,-0.223
-0.118,0.709
-0.17,1.94
-0.182,1.239
-0.256,0.442
-0.463,1.788
-0.407,3.275
-0.432,1.132
-0.561,1.674
-0.582,3.127
-0.607,3.424
-0.615,3.279
-0.563,1.829
-0.77,3.315
-0.749,3.15
-1.01,3.366
-0.927,0.89
-1.044,1.642
-1.22,1.449
-1.217,0.455
-1.107,1.113
-1.245,0.06
-1.156,-0.378
-1.413,3.21
-1.546,1.969
-1.71,3.261
-1.592,1.882
-1.606,2.274
-1.745,-0.055
-1.675,2.196
-1.877,-0.253
-1.87,0.835
-1.987,2.618
-1.869,3.502
-1.928,0.532
-2.111,2.917
-2.04,1.779
-2.067,3.057
-2.062,1.479
-2.202,2.115
-2.238,-0.205
-2.259,1.778
-2.192,0.838
-2.376,0.792
-2.277,1.871
-2.325,0.948
-2.544,0.934
-2.751,2.222
-2.665,3.451
-2.817,1.125
-2.834,0.436
-2.774,2.126
-2.812,0.582
-2.966,0.754
-2.971,3.337
-3.13,1.505
-3.031,1.574
3.098,3.576
3.127,2.944
2.95,2.828
3.056,2.214
2.851,3.37
2.867,2.005
2.74,0.536
2.735,0.472
2.582,1.744
2.69,0.336
2.525,1.934
2.652,0.551
2.595,3.412
2.529,0.576
2.548,-0.099
2.37,2.913
2.496,1.124
2.429,2.046
2.407,3.246
2.403,-0.463
2.251,0.892
2.323,2.018
2.205,2.487
2.264,3.124
2.077,3.096
2.175,2.317
2.058,0.286
2.049,2.043
1.851,2.26
1.846,1.583
1.912,1.175
1.895,0.735
1.75,3.249
1.847,0.73
1.725,-0.361
1.682,-0.258
1.666,2.508
1.533,2.475
1.455,1.83
1.47,1.534
1.458,3.505
1.231,2.697
1.358,3.031
1.016,1.942
1.111,0.459
0.985,0.35
0.934,1.059
0.836,-0.424
0.778,0.455
0.719,1.977
0.58,0.356
0.555,0.472
0.561,1.502
0.401,1.743
0.527,0.938
0.478,2.302
0.418,0.75
0.376,0.873
0.261,2.429
0.093,1.176
-0.772,-0.742
-0.754,-0.65
-0.987,-0.737
-1.989,-0.91
-2.059,-0.474
-2.209,-0.746
-2.941,-0.656
-3.02,-0.537
2.794,-0.983
2.668,-0.714
1.794,-0.631
1.617,-0.816
1.373,-0.848
1.293,-0.565
0.787,-0.839
0.866,-0.8
0.878,-0.769
0.397,-0.862
0.279,-0.692
0.123,-0.835
-0.053,3.562
-0.459,3.672
-1.92,3.57
-2.33,3.601
-2.569,3.574
-2.437,3.685
-2.673,3.645
2.973,3.613
2.381,3.686
2.505,3.656
2.056,3.628
0.886,3.383
-0.367,3.007
-2.025,0.704
0.168,0.32
-2.541,2.175
-2.842,2.665
-3.047,0.496
2.554,0.534
2.472,1.357
2.018,2.678
1.555,1.69
0.877,3.072
0.808,2.758
0.669,2.878
0.562,2.401
-0.237,0.584
2.535,1.427
1.715,1.922
0.887,1.218
0.776,0.965
-1.352,-0.458
-2.779,-0.403
0.596,3.223
0.181,3.291
-0.021,-0.777
-0.03,-0.701
0.018,-2.72
-0.024,-0.974
-0.087,-0.429
-0.011,-1.312
-0.091,-1.336
-0.083,-0.079
-0.128,-1.997
-0.118,0.011
-0.135,-1.092
-0.187,-2.5
-0.336,-0.243
-0.362,-1.283
-0.441,-0.572
-0.476,-0.31
-0.418,-3.434
-0.436,-0.893
-0.473,-3.341
-0.476,-0.798
-0.495,0.327
-0.674,-2.106
-0.748,-0.481
-0.872,-2.779
-0.904,-0.928
-0.846,-0.959
-0.916,-3.033
-1.077,-1.265
-1.165,-1.359
-1.242,-0.691
-1.329,-1.439
-1.3,-1.294
-1.36,0.16
-1.553,-2.265
-1.591,-1.412
-1.613,-1.232
-1.558,-2.458
-1.561,-2.105
-1.628,0.105
-1.737,-2.067
-1.796,-3.013
-1.824,-2.146
-1.891,-2.276
-2.078,-1.959
-2.154,-1.738
-2.173,-1.946
-2.123,0.167
-2.174,-1.965
-2.211,-0.681
-2.269,-1.082
-2.23,-1.435
-2.312,-0.634
-2.369,-3.13
-2.381,-0.787
-2.399,-2.674
-2.435,-0.936
-2.543,-2.02
-2.588,-2.176
-2.575,-2.414
-2.65,0.189
-2.741,-2.973
-2.776,0.463
-2.843,-1.096
-2.865,-3.245
-2.842,-1.116
-2.873,-1.745
-2.971,-2.429
-2.99,-1.273
-3.007,-0.762
-3.054,-0.647
-3.088,-2.972
3.124,-1.276
3.075,-2.352
3.003,-1.312
2.882,-2.147
2.891,0.44
2.805,-1.23
2.729,0.335
2.77,-1.322
2.684,-1.955
2.684,0.252
2.71,-0.085
2.634,-1.867
2.554,-1.587
2.542,0.098
2.482,0.069
2.457,-1.418
2.52,-1.918
2.51,-0.208
2.428,-0.308
2.435,-2.446
2.416,-3.256
2.319,-1.477
2.371,-0.495
2.31,-1.589
2.256,-2.048
2.208,-2.879
2.238,-0.953
2.189,-3.015
2.184,-0.672
2.185,-0.336
2.093,-3.011
2.142,0.284
2.036,0.404
2.089,-0.593
2.011,0.107
1.665,-1.169
1.708,-0.143
1.608,0.39
1.612,-2.384
1.655,-1.026
1.57,-2.648
1.532,-1.54
1.588,-1.007
1.506,-0.673
1.497,-2.465
1.514,-2.369
1.384,-1.592
1.28,-1.096
1.144,-1.236
1.204,0.387
1.104,-1.534
1.101,-1.33
0.984,-0.563
0.878,-0.902
0.783,-0.994
0.722,-2.218
0.786,-3.148
0.776,-1.406
0.728,-2.362
0.565,-2.328
0.5,-3.341
0.444,-3.254
0.409,-0.954
0.436,-1.604
0.414,-0.696
0.409,-0.11
0.39,-0.35
0.42,-0.942
0.353,-2.199
0.351,-2.328
0.408,0.484
0.404,-0.147
0.32,-2.177
0.294,-1.738
0.306,-1.386
0.315,-0.924
0.161,-0.535
0.212,-1.856
-0.134,-3.589
-0.218,-3.745
-0.256,-3.578
-0.712,-3.603
-0.909,-3.591
-1.135,-3.695
-1.566,-3.639
-1.69,-3.62
-2.009,-3.808
-2.051,-3.667
-2.975,-3.684
-3.043,-3.539
2.916,-3.502
2.623,-3.96
2.45,-3.876
2.474,-3.872
1.469,-3.705
0.869,-3.885
0.612,-3.647
0.221,-3.647
-0.066,0.525
-0.225,0.533
-0.48,0.679
-0.533,0.65
-0.666,0.534
-2.119,0.488
-2.517,0.572
-2.616,0.588
2.561,0.703
1.981,0.678
1.573,0.661
1.363,0.727
0.655,0.457
0.442,0.691
-0.63,0.219
-1.952,-1.914
-2.828,-1.199
2.404,-2.412
2.041,-0.215
1.106,-0.517
0.442,-0.744
-0.245,-3.749
2.948,0.558
0.182,0.137
0.061,-3.171
0.081,-2.449
-0.107,-2.283
-0.136,-3.257
-0.099,-2.325
-0.151,-1.094
-0.163,-1.795
-0.237,-2.592
-0.444,-1.246
-0.388,0.241
-0.413,-1.902
-0.542,-1.36
-0.563,0.093
-0.588,0.39
-0.596,0.245
-0.544,-1.205
-0.751,0.281
-0.73,0.116
-0.991,0.332
-0.908,-2.144
-1.025,-1.392
-1.201,-1.585
-1.198,-2.579
-1.088,-1.921
-1.226,-2.974
-1.137,-3.412
-1.394,0.176
-1.527,-1.065
-1.691,0.227
-1.573,-1.152
-1.587,-0.76
-1.726,-3.089
-1.656,-0.838
-1.858,-3.287
-1.851,-2.199
-1.968,-0.416
-1.85,0.468
-1.909,-2.502
-2.092,-0.117
-2.021,-1.255
-2.048,0.023
-2.043,-1.555
-2.183,-0.919
-2.219,-3.239
-2.24,-1.256
-2.173,-2.196
-2.357,-2.242
-2.258,-1.163
-2.306,-2.086
-2.525,-2.1
-2.732,-0.812
-2.646,0.417
-2.798,-1.909
-2.815,-2.598
-2.755,-0.908
-2.793,-2.452
-2.947,-2.28
-2.952,0.303
-3.111,-1.529
-3.012,-1.46
3.117,0.542
-3.137,-0.09
2.969,-0.206
3.075,-0.82
2.87,0.336
2.886,-1.029
2.759,-2.498
2.754,-2.562
2.601,-1.29
2.709,-2.698
2.544,-1.1
2.671,-2.483
2.614,0.378
2.548,-2.458
2.567,-3.133
2.389,-0.121
2.515,-1.91
2.448,-0.988
2.426,0.212
2.422,-3.497
2.27,-2.142
2.342,-1.016
2.224,-0.547
2.283,0.09
2.096,0.062
2.194,-0.717
2.077,-2.748
2.068,-0.991
1.87,-0.774
1.865,-1.451
1.931,-1.859
1.914,-2.299
1.769,0.215
1.866,-2.304
1.744,-3.395
1.701,-3.292
1.685,-0.526
1.552,-0.559
1.474,-1.204
1.489,-1.5
1.477,0.471
1.25,-0.337
1.377,-0.003
1.035,-1.092
1.13,-2.575
1.004,-2.684
0.953,-1.975
0.855,-3.458
0.797,-2.579
0.738,-1.057
0.599,-2.678
0.574,-2.562
0.58,-1.532
0.42,-1.291
0.546,-2.096
0.497,-0.732
0.437,-2.284
0.395,-2.161
0.28,-0.605
0.112,-1.858
-0.753,-3.776
-0.735,-3.684
-0.968,-3.771
-1.97,-3.944
-2.04,-3.508
-2.19,-3.78
-2.922,-3.69
-3.001,-3.571
2.813,-4.017
2.687,-3.748
1.813,-3.665
1.636,-3.85
1.392,-3.882
1.312,-3.599
0.806,-3.873
0.885,-3.834
0.897,-3.803
0.416,-3.896
0.298,-3.726
0.142,-3.869
-0.034,0.528
-0.44,0.638
-1.901,0.536
-2.311,0.567
-2.55,0.54
-2.418,0.651
-2.654,0.611
2.992,0.579
2.4,0.652
2.524,0.622
2.075,0.594
0.905,0.349
-0.348,-0.027
-2.006,-2.33
0.187,-2.714
-2.522,-0.859
-2.823,-0.369
-3.028,-2.538
2.573,-2.5
2.491,-1.677
2.037,-0.356
1.574,-1.344
0.896,0.038
0.827,-0.276
0.688,-0.156
0.581,-0.633
-0.218,-2.45
2.554,-1.607
1.734,-1.112
0.906,-1.816
0.795,-2.069
-1.333,-3.492
-2.76,-3.437
0.615,0.189
0.2,0.257
-0.009,0.076
0.039,-1.943
-0.003,-0.197
-0.066,0.348
0.01,-0.535
-0.07,-0.559
-0.062,0.698
-0.107,-1.22
-0.097,0.788
-0.114,-0.315
-0.166,-1.723
-0.315,0.534
-0.341,-0.506
-0.42,0.205
-0.455,0.467
-0.397,-2.657
-0.415,-0.116
-0.452,-2.564
-0.455,-0.021
-0.474,1.104
-0.653,-1.329
-0.727,0.296
-0.851,-2.002
-0.883,-0.151
-0.825,-0.182
-0.895,-2.256
-1.056,-0.488
-1.144,-0.582
-1.221,0.086
-1.308,-0.662
-1.279,-0.517
-1.339,0.937
-1.532,-1.488
-1.57,-0.635
-1.592,-0.455
-1.537,-1.681
-1.54,-1.328
-1.607,0.882
-1.716,-1.29
-1.775,-2.236
-1.803,-1.369
-1.87,-1.499
-2.057,-1.182
-2.133,-0.961
-2.152,-1.169
-2.102,0.944
-2.153,-1.188
-2.19,0.096
-2.248,-0.305
-2.209,-0.658
-2.291,0.143
-2.348,-2.353
-2.36,-0.01
-2.378,-1.897
-2.414,-0.159
-2.522,-1.243
-2.567,-1.399
-2.554,-1.637
-2.629,0.966
-2.72,-2.196
-2.755,1.24
-2.822,-0.319
-2.844,-2.468
-2.821,-0.339
-2.852,-0.968
-2.95,-1.652
-2.969,-0.496
-2.986,0.015
-3.033,0.13
-3.067,-2.195
-3.138,-0.499
3.096,-1.575
3.024,-0.535
2.903,-1.37
2.912,1.217
2.826,-0.453
2.75,1.112
2.791,-0.545
2.705,-1.178
2.705,1.029
2.731,0.692
2.655,-1.09
2.575,-0.81
2.563,0.875
2.503,0.846
2.478,-0.641
2.541,-1.141
2.531,0.569
2.449,0.469
2.456,-1.669
2.437,-2.479
2.34,-0.7
2.392,0.282
2.331,-0.812
2.277,-1.271
2.229,-2.102
2.259,-0.176
2.21,-2.238
2.205,0.105
2.206,0.441
2.114,-2.234
2.163,1.061
2.057,1.181
2.11,0.184
2.032,0.884
1.686,-0.392
1.729,0.634
1.629,1.167
1.633,-1.607
1.676,-0.249
1.591,-1.871
1.553,-0.763
1.609,-0.23
1.527,0.104
1.518,-1.688
1.535,-1.592
1.405,-0.815
1.301,-0.319
1.165,-0.459
1.225,1.164
1.125,-0.757
1.122,-0.553
1.005,0.214
0.899,-0.125
0.804,-0.217
0.743,-1.441
0.807,-2.371
0.797,-0.629
0.749,-1.585
0.586,-1.551
0.521,-2.564
0.465,-2.477
0.43,-0.177
0.457,-0.827
0.435,0.081
0.43,0.667
0.411,0.427
0.441,-0.165
0.374,-1.422
0.372,-1.551
0.429,1.261
0.425,0.63
0.341,-1.4
0.315,-0.961
0.327,-0.609
0.336,-0.147
0.182,0.242
0.233,-1.079
-0.113,-2.812
-0.197,-2.968
-0.235,-2.801
-0.691,-2.826
-0.888,-2.814
-1.114,-2.918
-1.545,-2.862
-1.669,-2.843
-1.988,-3.031
-2.03,-2.89
-2.954,-2.907
-3.022,-2.762
2.937,-2.725
2.644,-3.183
2.471,-3.099
2.495,-3.095
1.49,-2.928
0.89,-3.108
0.633,-2.87
0.242,-2.87
-0.045,1.302
-0.204,1.31
-0.459,1.456
-0.512,1.427
-0.645,1.311
-2.098,1.265
-2.496,1.349
-2.595,1.365
2.582,1.48
2.002,1.455
1.594,1.438
1.384,1.504
0.676,1.234
0.463,1.468
-0.609,0.996
-1.931,-1.137
-2.807,-0.422
2.425,-1.635
2.062,0.562
1.127,0.26
0.463,0.033
-0.224,-2.972
2.969,1.335
0.203,0.914
0.082,-2.394
0.102,-1.672
-0.086,-1.506
-0.115,-2.48
-0.078,-1.548
-0.13,-0.317
-0.142,-1.018
-0.216,-1.815
-0.423,-0.469
-0.367,1.018
-0.392,-1.125
-0.521,-0.583
-0.542,0.87
-0.567,1.167
-0.575,1.022
-0.523,-0.428
-0.73,1.058
-0.709,0.893
-0.97,1.109
-0.887,-1.367
-1.004,-0.615
-1.18,-0.808
-1.177,-1.802
-1.067,-1.144
-1.205,-2.197
-1.116,-2.635
-1.373,0.953
-1.506,-0.288
-1.67,1.004
-1.552,-0.375
-1.566,0.017
-1.705,-2.312
-1.635,-0.061
-1.837,-2.51
-1.83,-1.422
-1.947,0.361
-1.829,1.245
-1.888,-1.725
-2.071,0.66
-2.0,-0.478
-2.027,0.8
-2.022,-0.778
-2.162,-0.142
-2.198,-2.462
-2.219,-0.479
-2.152,-1.419
-2.336,-1.465
-2.237,-0.386
-2.285,-1.309
-2.504,-1.323
-2.711,-0.035
-2.625,1.194
-2.777,-1.132
-2.794,-1.821
-2.734,-0.131
-2.772,-1.675
-2.926,-1.503
-2.931,1.08
-3.09,-0.752
-2.991,-0.683
3.138,1.319
-3.116,0.687
2.99,0.571
3.096,-0.043
2.891,1.113
2.907,-0.252
2.78,-1.721
2.775,-1.785
2.622,-0.513
2.73,-1.921
2.565,-0.323
2.692,-1.706
2.635,1.155
2.569,-1.681
2.588,-2.356
2.41,0.656
2.536,-1.133
2.469,-0.211
2.447,0.989
2.443,-2.72
2.291,-1.365
2.363,-0.239
2.245,0.23
2.304,0.867
2.117,0.839
2.215,0.06
2.098,-1.971
2.089,-0.214
1.891,0.003
1.886,-0.674
1.952,-1.082
1.935,-1.522
1.79,0.992
1.887,-1.527
1.765,-2.618
1.722,-2.515
1.706,0.251
1.573,0.218
1.495,-0.427
1.51,-0.723
1.498,1.248
1.271,0.44
1.398,0.774
1.056,-0.315
1.151,-1.798
1.025,-1.907
0.974,-1.198
0.876,-2.681
0.818,-1.802
0.759,-0.28
0.62,-1.901
0.595,-1.785
0.601,-0.755
0.441,-0.514
0.567,-1.319
0.518,0.045
0.458,-1.507
0.416,-1.384
0.301,0.172
0.133,-1.081
-0.732,-2.999
-0.714,-2.907
-0.947,-2.994
-1.949,-3.167
-2.019,-2.731
-2.169,-3.003
-2.901,-2.913
-2.98,-2.794
2.834,-3.24
2.708,-2.971
1.834,-2.888
1.657,-3.073
1.413,-3.105
1.333,-2.822
0.827,-3.096
0.906,-3.057
0.918,-3.026
0.437,-3.119
0.319,-2.949
0.163,-3.092
-0.013,1.305
-0.419,1.415
-1.88,1.313
-2.29,1.344
-2.529,1.317
-2.397,1.428
-2.633,1.388
3.013,1.356
2.421,1.429
2.545,1.399
2.096,1.371
0.926,1.126
-0.327,0.75
-1.985,-1.553
0.208,-1.937
-2.501,-0.082
-2.802,0.408
-3.007,-1.761
2.594,-1.723
2.512,-0.9
2.058,0.421
1.595,-0.567
0.917,0.815
0.848,0.501
0.709,0.621
0.602,0.144
-0.197,-1.673
2.575,-0.83
1.755,-0.335
0.927,-1.039
0.816,-1.292
-1.312,-2.715
-2.739,-2.66
0.636,0.966
0.221,1.034
0.048,-2.019
0.006,-0.273
-0.057,0.272
0.019,-0.611
-0.061,-0.635
-0.053,0.622
-0.098,-1.296
-0.088,0.712
-0.105,-0.391
-0.157,-1.799
-0.306,0.458
-0.332,-0.582
-0.411,0.129
-0.446,0.391
-0.388,-2.733
-0.406,-0.192
-0.443,-2.64
-0.446,-0.097
-0.465,1.028
-0.644,-1.405
-0.718,0.22
-0.842,-2.078
-0.874,-0.227
-0.816,-0.258
-0.886,-2.332
-1.047,-0.564
-1.135,-0.658
-1.212,0.01
-1.299,-0.738
-1.27,-0.593
-1.33,0.861
-1.523,-1.564
-1.561,-0.711
-1.583,-0.531
-1.528,-1.757
-1.531,-1.404
-1.598,0.806
-1.707,-1.366
-1.766,-2.312
-1.794,-1.445
-1.861,-1.575
-2.048,-1.258
-2.124,-1.037
-2.143,-1.245
-2.093,0.868
-2.144,-1.264
-2.181,0.02
-2.239,-0.381
-2.2,-0.734
-2.282,0.067
-2.339,-2.429
-2.351,-0.086
-2.369,-1.973
-2.405,-0.235
-2.513,-1.319
-2.558,-1.475
-2.545,-1.713
-2.62,0.89
-2.711,-2.272
-2.746,1.164
-2.813,-0.395
-2.835,-2.544
-2.812,-0.415
-2.843,-1.044
-2.941,-1.728
-2.96,-0.572
-2.977,-0.061
-3.024,0.054
-3.058,-2.271
-3.129,-0.575
3.105,-1.651
3.033,-0.611
2.912,-1.446
2.921,1.141
2.835,-0.529
2.759,1.036
2.8,-0.621
2.714,-1.254
2.714,0.953
2.74,0.616
2.664,-1.166
2.584,-0.886
2.572,0.799
2.512,0.77
2.487,-0.717
2.55,-1.217
2.54,0.493
2.458,0.393
2.465,-1.745
2.446,-2.555
2.349,-0.776
2.401,0.206
2.34,-0.888
2.286,-1.347
2.238,-2.178
2.268,-0.252
2.219,-2.314
2.214,0.029
2.215,0.365
2.123,-2.31
2.172,0.985
2.066,1.105
2.119,0.108
2.041,0.808
1.695,-0.468
1.738,0.558
1.638,1.091
1.642,-1.683
1.685,-0.325
1.6,-1.947
1.562,-0.839
1.618,-0.306
1.536,0.028
1.527,-1.764
1.544,-1.668
1.414,-0.891
1.31,-0.395
1.174,-0.535
1.234,1.088
1.134,-0.833
1.131,-0.629
1.014,0.138
0.908,-0.201
0.813,-0.293
0.752,-1.517
0.816,-2.447
0.806,-0.705
0.758,-1.661
0.595,-1.627
0.53,-2.64
0.474,-2.553
0.439,-0.253
0.466,-0.903
0.444,0.005
0.439,0.591
0.42,0.351
0.45,-0.241
0.383,-1.498
0.381,-1.627
0.438,1.185
0.434,0.554
0.35,-1.476
0.324,-1.037
0.336,-0.685
0.345,-0.223
0.191,0.166
0.242,-1.155
-0.104,-2.888
-0.188,-3.044
-0.226,-2.877
-0.682,-2.902
-0.879,-2.89
-1.105,-2.994
-1.536,-2.938
-1.66,-2.919
-1.979,-3.107
-2.021,-2.966
-2.945,-2.983
-3.013,-2.838
2.946,-2.801
2.653,-3.259
2.48,-3.175
2.504,-3.171
1.499,-3.004
0.899,-3.184
0.642,-2.946
0.251,-2.946
-0.036,1.226
-0.195,1.234
-0.45,1.38
-0.503,1.351
-0.636,1.235
-2.089,1.189
-2.487,1.273
-2.586,1.289
2.591,1.404
2.011,1.379
1.603,1.362
1.393,1.428
0.685,1.158
0.472,1.392
-0.6,0.92
-1.922,-1.213
-2.798,-0.498
2.434,-1.711
2.071,0.486
1.136,0.184
0.472,-0.043
-0.215,-3.048
2.978,1.259
0.212,0.838
0.091,-2.47
0.111,-1.748
-0.077,-1.582
-0.106,-2.556
-0.069,-1.624
-0.121,-0.393
-0.133,-1.094
-0.207,-1.891
-0.414,-0.545
-0.358,0.942
-0.383,-1.201
-0.512,-0.659
-0.533,0.794
-0.558,1.091
-0.566,0.946
-0.514,-0.504
-0.721,0.982
-0.7,0.817
-0.961,1.033
-0.878,-1.443
-0.995,-0.691
-1.171,-0.884
-1.168,-1.878
-1.058,-1.22
-1.196,-2.273
-1.107,-2.711
-1.364,0.877
-1.497,-0.364
-1.661,0.928
-1.543,-0.451
-1.557,-0.059
-1.696,-2.388
-1.626,-0.137
-1.828,-2.586
-1.821,-1.498
-1.938,0.285
-1.82,1.169
-1.879,-1.801
-2.062,0.584
-1.991,-0.554
-2.018,0.724
-2.013,-0.854
-2.153,-0.218
-2.189,-2.538
-2.21,-0.555
-2.143,-1.495
-2.327,-1.541
-2.228,-0.462
-2.276,-1.385
-2.495,-1.399
-2.702,-0.111
-2.616,1.118
-2.768,-1.208
-2.785,-1.897
-2.725,-0.207
-2.763,-1.751
-2.917,-1.579
-2.922,1.004
-3.081,-0.828
-2.982,-0.759
-3.136,1.243
-3.107,0.611
2.999,0.495
3.105,-0.119
2.9,1.037
2.916,-0.328
2.789,-1.797
2.784,-1.861
2.631,-0.589
2.739,-1.997
2.574,-0.399
2.701,-1.782
2.644,1.079
2.578,-1.757
2.597,-2.432
2.419,0.58
2.545,-1.209
2.478,-0.287
2.456,0.913
2.452,-2.796
2.3,-1.441
2.372,-0.315
2.254,0.154
2.313,0.791
2.126,0.763
2.224,-0.016
2.107,-2.047
2.098,-0.29
1.9,-0.073
1.895,-0.75
1.961,-1.158
1.944,-1.598
1.799,0.916
1.896,-1.603
1.774,-2.694
1.731,-2.591
1.715,0.175
1.582,0.142
1.504,-0.503
1.519,-0.799
1.507,1.172
1.28,0.364
1.407,0.698
1.065,-0.391
1.16,-1.874
1.034,-1.983
0.983,-1.274
0.885,-2.757
0.827,-1.878
0.768,-0.356
0.629,-1.977
0.604,-1.861
0.61,-0.831
0.45,-0.59
0.576,-1.395
0.527,-0.031
0.467,-1.583
0.425,-1.46
0.31,0.096
0.142,-1.157
-0.723,-3.075
-0.705,-2.983
-0.938,-3.07
-1.94,-3.243
-2.01,-2.807
-2.16,-3.079
-2.892,-2.989
-2.971,-2.87
2.843,-3.316
2.717,-3.047
1.843,-2.964
1.666,-3.149
1.422,-3.181
1.342,-2.898
0.836,-3.172
0.915,-3.133
0.927,-3.102
0.446,-3.195
0.328,-3.025
0.172,-3.168
-0.004,1.229
-0.41,1.339
-1.871,1.237
-2.281,1.268
-2.52,1.241
-2.388,1.352
-2.624,1.312
3.022,1.28
2.43,1.353
2.554,1.323
2.105,1.295
0.935,1.05
-0.318,0.674
-1.976,-1.629
0.217,-2.013
-2.492,-0.158
-2.793,0.332
-2.998,-1.837
2.603,-1.799
2.521,-0.976
2.067,0.345
1.604,-0.643
0.926,0.739
0.857,0.425
0.718,0.545
0.611,0.068
-0.188,-1.749
2.584,-0.906
1.764,-0.411
0.936,-1.115
0.825,-1.368
-1.303,-2.791
-2.73,-2.736
0.645,0.89
0.23,0.958
-0.042,1.746
-0.105,2.291
-0.029,1.408
-0.109,1.384
-0.101,2.641
-0.146,0.723
-0.136,2.731
-0.153,1.628
-0.205,0.22
-0.354,2.477
-0.38,1.437
-0.459,2.148
-0.494,2.41
-0.436,-0.714
-0.454,1.827
-0.491,-0.621
-0.494,1.922
-0.513,3.047
-0.692,0.614
-0.766,2.239
-0.89,-0.059
-0.922,1.792
-0.864,1.761
-0.934,-0.313
-1.095,1.455
-1.183,1.361
-1.26,2.029
-1.347,1.281
-1.318,1.426
-1.378,2.88
-1.571,0.455
-1.609,1.308
-1.631,1.488
-1.576,0.262
-1.579,0.615
-1.646,2.825
-1.755,0.653
-1.814,-0.293
-1.842,0.574
-1.909,0.444
-2.096,0.761
-2.172,0.982
-2.191,0.774
-2.141,2.887
-2.192,0.755
-2.229,2.039
-2.287,1.638
-2.248,1.285
-2.33,2.086
-2.387,-0.41
-2.399,1.933
-2.417,0.046
-2.453,1.784
-2.561,0.7
-2.606,0.544
-2.593,0.306
-2.668,2.909
-2.759,-0.253
-2.794,3.183
-2.861,1.624
-2.883,-0.525
-2.86,1.604
-2.891,0.975
-2.989,0.291
-3.008,1.447
-3.025,1.958
-3.072,2.073
-3.106,-0.252
3.106,1.444
3.057,0.368
2.985,1.408
2.864,0.573
2.873,3.16
2.787,1.49
2.711,3.055
2.752,1.398
2.666,0.765
2.666,2.972
2.692,2.635
2.616,0.853
2.536,1.133
2.524,2.818
2.464,2.789
2.439,1.302
2.502,0.802
2.492,2.512
2.41,2.412
2.417,0.274
2.398,-0.536
2.301,1.243
2.353,2.225
2.292,1.131
2.238,0.672
2.19,-0.159
2.22,1.767
2.171,-0.295
2.166,2.048
2.167,2.384
2.075,-0.291
2.124,3.004
2.018,3.124
2.071,2.127
1.993,2.827
1.647,1.551
1.69,2.577
1.59,3.11
1.594,0.336
1.637,1.694
1.552,0.072
1.514,1.18
1.57,1.713
1.488,2.047
1.479,0.255
1.496,0.351
1.366,1.128
1.262,1.624
1.126,1.484
1.186,3.107
1.086,1.186
1.083,1.39
0.966,2.157
0.86,1.818
0.765,1.726
0.704,0.502
0.768,-0.428
0.758,1.314
0.71,0.358
0.547,0.392
0.482,-0.621
0.426,-0.534
0.391,1.766
0.418,1.116
0.396,2.024
0.391,2.61
0.372,2.37
0.402,1.778
0.335,0.521
0.333,0.392
0.39,3.204
0.386,2.573
0.302,0.543
0.276,0.982
0.288,1.334
0.297,1.796
0.143,2.185
0.194,0.864
-0.152,-0.869
-0.236,-1.025
-0.274,-0.858
-0.73,-0.883
-0.927,-0.871
-1.153,-0.975
-1.584,-0.919
-1.708,-0.9
-2.027,-1.088
-2.069,-0.947
-2.993,-0.964
-3.061,-0.819
2.898,-0.782
2.605,-1.24
2.432,-1.156
2.456,-1.152
1.451,-0.985
0.851,-1.165
0.594,-0.927
0.203,-0.927
-0.084,3.245
-0.243,3.253
-0.498,3.399
-0.551,3.37
-0.684,3.254
-2.137,3.208
-2.535,3.292
-2.634,3.308
2.543,3.423
1.963,3.398
1.555,3.381
1.345,3.447
0.637,3.177
0.424,3.411
-0.648,2.939
-1.97,0.806
-2.846,1.521
2.386,0.308
2.023,2.505
1.088,2.203
0.424,1.976
-0.263,-1.029
2.93,3.278
0.164,2.857
0.043,-0.451
0.063,0.271
-0.125,0.437
-0.154,-0.537
-0.117,0.395
-0.169,1.626
-0.181,0.925
-0.255,0.128
-0.462,1.474
-0.406,2.961
-0.431,0.818
-0.56,1.36
-0.581,2.813
-0.606,3.11
-0.614,2.965
-0.562,1.515
-0.769,3.001
-0.748,2.836
-1.009,3.052
-0.926,0.576
-1.043,1.328
-1.219,1.135
-1.216,0.141
-1.106,0.799
-1.244,-0.254
-1.155,-0.692
-1.412,2.896
-1.545,1.655
-1.709,2.947
-1.591,1.568
-1.605,1.96
-1.744,-0.369
-1.674,1.882
-1.876,-0.567
-1.869,0.521
-1.986,2.304
-1.868,3.188
-1.927,0.218
-2.11,2.603
-2.039,1.465
-2.066,2.743
-2.061,1.165
-2.201,1.801
-2.237,-0.519
-2.258,1.464
-2.191,0.524
-2.375,0.478
-2.276,1.557
-2.324,0.634
-2.543,0.62
-2.75,1.908
-2.664,3.137
-2.816,0.811
-2.833,0.122
-2.773,1.812
-2.811,0.268
-2.965,0.44
-2.97,3.023
-3.129,1.191
-3.03,1.26
3.099,3.262
3.128,2.63
2.951,2.514
3.057,1.9
2.852,3.056
2.868,1.691
2.741,0.222
2.736,0.158
2.583,1.43
2.691,0.022
2.526,1.62
2.653,0.237
2.596,3.098
2.53,0.262
2.549,-0.413
2.371,2.599
2.497,0.81
2.43,1.732
2.408,2.932
2.404,-0.777
2.252,0.578
2.324,1.704
2.206,2.173
2.265,2.81
2.078,2.782
2.176,2.003
2.059,-0.028
2.05,1.729
1.852,1.946
1.847,1.269
1.913,0.861
1.896,0.421
1.751,2.935
1.848,0.416
1.726,-0.675
1.683,-0.572
1.667,2.194
1.534,2.161
1.456,1.516
1.471,1.22
1.459,3.191
1.232,2.383
1.359,2.717
1.017,1.628
1.112,0.145
0.986,0.036
0.935,0.745
0.837,-0.738
0.779,0.141
0.72,1.663
0.581,0.042
0.556,0.158
0.562,1.188
0.402,1.429
0.528,0.624
0.479,1.988
0.419,0.436
0.377,0.559
0.262,2.115
0.094,0.862
-0.771,-1.056
-0.753,-0.964
-0.986,-1.051
-1.988,-1.224
-2.058,-0.788
-2.208,-1.06
-2.94,-0.97
-3.019,-0.851
2.795,-1.297
2.669,-1.028
1.795,-0.945
1.618,-1.13
1.374,-1.162
1.294,-0.879
0.788,-1.153
0.867,-1.114
0.879,-1.083
0.398,-1.176
0.28,-1.006
0.124,-1.149
-0.052,3.248
-0.458,3.358
-1.919,3.256
-2.329,3.287
-2.568,3.26
-2.436,3.371
-2.672,3.331
2.974,3.299
2.382,3.372
2.506,3.342
2.057,3.314
0.887,3.069
-0.366,2.693
-2.024,0.39
0.169,0.006
-2.54,1.861
-2.841,2.351
-3.046,0.182
2.555,0.22
2.473,1.043
2.019,2.364
1.556,1.376
0.878,2.758
0.809,2.444
0.67,2.564
0.563,2.087
-0.236,0.27
2.536,1.113
1.716,1.608
0.888,0.904
0.777,0.651
-1.351,-0.772
-2.778,-0.717
0.597,2.909
0.182,2.977
-0.063,0.545
0.013,-0.338
-0.067,-0.362
-0.059,0.895
-0.104,-1.023
-0.094,0.985
-0.111,-0.118
-0.163,-1.526
-0.312,0.731
-0.338,-0.309
-0.417,0.402
-0.452,0.664
-0.394,-2.46
-0.412,0.081
-0.449,-2.367
-0.452,0.176
-0.471,1.301
-0.65,-1.132
-0.724,0.493
-0.848,-1.805
-0.88,0.046
-0.822,0.015
-0.892,-2.059
-1.053,-0.291
-1.141,-0.385
-1.218,0.283
-1.305,-0.465
-1.276,-0.32
-1.336,1.134
-1.529,-1.291
-1.567,-0.438
-1.589,-0.258
-1.534,-1.484
-1.537,-1.131
-1.604,1.079
-1.713,-1.093
-1.772,-2.039
-1.8,-1.172
-1.867,-1.302
-2.054,-0.985
-2.13,-0.764
-2.149,-0.972
-2.099,1.141
-2.15,-0.991
-2.187,0.293
-2.245,-0.108
-2.206,-0.461
-2.288,0.34
-2.345,-2.156
-2.357,0.187
-2.375,-1.7
-2.411,0.038
-2.519,-1.046
-2.564,-1.202
-2.551,-1.44
-2.626,1.163
-2.717,-1.999
-2.752,1.437
-2.819,-0.122
-2.841,-2.271
-2.818,-0.142
-2.849,-0.771
-2.947,-1.455
-2.966,-0.299
-2.983,0.212
-3.03,0.327
-3.064,-1.998
-3.135,-0.302
3.099,-1.378
3.027,-0.338
2.906,-1.173
2.915,1.414
2.829,-0.256
2.753,1.309
2.794,-0.348
2.708,-0.981
2.708,1.226
2.734,0.889
2.658,-0.893
2.578,-0.613
2.566,1.072
2.506,1.043
2.481,-0.444
2.544,-0.944
2.534,0.766
2.452,0.666
2.459,-1.472
2.44,-2.282
2.343,-0.503
2.395,0.479
2.334,-0.615
2.28,-1.074
2.232,-1.905
2.262,0.021
2.213,-2.041
2.208,0.302
2.209,0.638
2.117,-2.037
2.166,1.258
2.06,1.378
2.113,0.381
2.035,1.081
1.689,-0.195
1.732,0.831
1.632,1.364
1.636,-1.41
1.679,-0.052
1.594,-1.674
1.556,-0.566
1.612,-0.033
1.53,0.301
1.521,-1.491
1.538,-1.395
1.408,-0.618
1.304,-0.122
1.168,-0.262
1.228,1.361
1.128,-0.56
1.125,-0.356
1.008,0.411
0.902,0.072
0.807,-0.02
0.746,-1.244
0.81,-2.174
0.8,-0.432
0.752,-1.388
0.589,-1.354
0.524,-2.367
0.468,-2.28
0.433,0.02
0.46,-0.63
0.438,0.278
0.433,0.864
0.414,0.624
0.444,0.032
0.377,-1.225
0.375,-1.354
0.432,1.458
0.428,0.827
0.344,-1.203
0.318,-0.764
0.33,-0.412
0.339,0.05
0.185,0.439
0.236,-0.882
-0.11,-2.615
-0.194,-2.771
-0.232,-2.604
-0.688,-2.629
-0.885,-2.617
-1.111,-2.721
-1.542,-2.665
-1.666,-2.646
-1.985,-2.834
-2.027,-2.693
-2.951,-2.71
-3.019,-2.565
2.94,-2.528
2.647,-2.986
2.474,-2.902
2.498,-2.898
1.493,-2.731
0.893,-2.911
0.636,-2.673
0.245,-2.673
-0.042,1.499
-0.201,1.507
-0.456,1.653
-0.509,1.624
-0.642,1.508
-2.095,1.462
-2.493,1.546
-2.592,1.562
2.585,1.677
2.005,1.652
1.597,1.635
1.387,1.701
0.679,1.431
0.466,1.665
-0.606,1.193
-1.928,-0.94
-2.804,-0.225
2.428,-1.438
2.065,0.759
1.13,0.457
0.466,0.23
-0.221,-2.775
2.972,1.532
0.206,1.111
0.085,-2.197
0.105,-1.475
-0.083,-1.309
-0.112,-2.283
-0.075,-1.351
-0.127,-0.12
-0.139,-0.821
-0.213,-1.618
-0.42,-0.272
-0.364,1.215
-0.389,-0.928
-0.518,-0.386
-0.539,1.067
-0.564,1.364
-0.572,1.219
-0.52,-0.231
-0.727,1.255
-0.706,1.09
-0.967,1.306
-0.884,-1.17
-1.001,-0.418
-1.177,-0.611
-1.174,-1.605
-1.064,-0.947
-1.202,-2.0
-1.113,-2.438
-1.37,1.15
-1.503,-0.091
-1.667,1.201
-1.549,-0.178
-1.563,0.214
-1.702,-2.115
-1.632,0.136
-1.834,-2.313
-1.827,-1.225
-1.944,0.558
-1.826,1.442
-1.885,-1.528
-2.068,0.857
-1.997,-0.281
-2.024,0.997
-2.019,-0.581
-2.159,0.055
-2.195,-2.265
-2.216,-0.282
-2.149,-1.222
-2.333,-1.268
-2.234,-0.189
-2.282,-1.112
-2.501,-1.126
-2.708,0.162
-2.622,1.391
-2.774,-0.935
-2.791,-1.624
-2.731,0.066
-2.769,-1.478
-2.923,-1.306
-2.928,1.277
-3.087,-0.555
-2.988,-0.486
3.141,1.516
-3.113,0.884
2.993,0.768
3.099,0.154
2.894,1.31
2.91,-0.055
2.783,-1.524
2.778,-1.588
2.625,-0.316
2.733,-1.724
2.568,-0.126
2.695,-1.509
2.638,1.352
2.572,-1.484
2.591,-2.159
2.413,0.853
2.539,-0.936
2.472,-0.014
2.45,1.186
2.446,-2.523
2.294,-1.168
2.366,-0.042
2.248,0.427
2.307,1.064
2.12,1.036
2.218,0.257
2.101,-1.774
2.092,-0.017
1.894,0.2
1.889,-0.477
1.955,-0.885
1.938,-1.325
1.793,1.189
1.89,-1.33
1.768,-2.421
1.725,-2.318
1.709,0.448
1.576,0.415
1.498,-0.23
1.513,-0.526
1.501,1.445
1.274,0.637
1.401,0.971
1.059,-0.118
1.154,-1.601
1.028,-1.71
0.977,-1.001
0.879,-2.484
0.821,-1.605
0.762,-0.083
0.623,-1.704
0.598,-1.588
0.604,-0.558
0.444,-0.317
0.57,-1.122
0.521,0.242
0.461,-1.31
0.419,-1.187
0.304,0.369
0.136,-0.884
-0.729,-2.802
-0.711,-2.71
-0.944,-2.797
-1.946,-2.97
-2.016,-2.534
-2.166,-2.806
-2.898,-2.716
-2.977,-2.597
2.837,-3.043
2.711,-2.774
1.837,-2.691
1.66,-2.876
1.416,-2.908
1.336,-2.625
0.83,-2.899
0.909,-2.86
0.921,-2.829
0.44,-2.922
0.322,-2.752
0.166,-2.895
-0.01,1.502
-0.416,1.612
-1.877,1.51
-2.287,1.541
-2.526,1.514
-2.394,1.625
-2.63,1.585
3.016,1.553
2.424,1.626
2.548,1.596
2.099,1.568
0.929,1.323
-0.324,0.947
-1.982,-1.356
0.211,-1.74
-2.498,0.115
-2.799,0.605
-3.004,-1.564
2.597,-1.526
2.515,-0.703
2.061,0.618
1.598,-0.37
0.92,1.012
0.851,0.698
0.712,0.818
0.605,0.341
-0.194,-1.476
2.578,-0.633
1.758,-0.138
0.93,-0.842
0.819,-1.095
-1.309,-2.518
-2.736,-2.463
0.639,1.163
0.224,1.231
0.076,-0.883
-0.004,-0.907
0.004,0.35
-0.041,-1.568
-0.031,0.44
-0.048,-0.663
-0.1,-2.071
-0.249,0.186
-0.275,-0.854
-0.354,-0.143
-0.389,0.119
-0.331,-3.005
-0.349,-0.464
-0.386,-2.912
-0.389,-0.369
-0.408,0.756
-0.587,-1.677
-0.661,-0.052
-0.785,-2.35
-0.817,-0.499
-0.759,-0.53
-0.829,-2.604
-0.99,-0.836
-1.078,-0.93
-1.155,-0.262
-1.242,-1.01
-1.213,-0.865
-1.273,0.589
-1.466,-1.836
-1.504,-0.983
-1.526,-0.803
-1.471,-2.029
-1.474,-1.676
-1.541,0.534
-1.65,-1.638
-1.709,-2.584
-1.737,-1.717
-1.804,-1.847
-1.991,-1.53
-2.067,-1.309
-2.086,-1.517
-2.036,0.596
-2.087,-1.536
-2.124,-0.252
-2.182,-0.653
-2.143,-1.006
-2.225,-0.205
-2.282,-2.701
-2.294,-0.358
-2.312,-2.245
-2.348,-0.507
-2.456,-1.591
-2.501,-1.747
-2.488,-1.985
-2.563,0.618
-2.654,-2.544
-2.689,0.892
-2.756,-0.667
-2.778,-2.816
-2.755,-0.687
-2.786,-1.316
-2.884,-2.0
-2.903,-0.844
-2.92,-0.333
-2.967,-0.218
-3.001,-2.543
-3.072,-0.847
-3.121,-1.923
3.09,-0.883
2.969,-1.718
2.978,0.869
2.892,-0.801
2.816,0.764
2.857,-0.893
2.771,-1.526
2.771,0.681
2.797,0.344
2.721,-1.438
2.641,-1.158
2.629,0.527
2.569,0.498
2.544,-0.989
2.607,-1.489
2.597,0.221
2.515,0.121
2.522,-2.017
2.503,-2.827
2.406,-1.048
2.458,-0.066
2.397,-1.16
2.343,-1.619
2.295,-2.45
2.325,-0.524
2.276,-2.586
2.271,-0.243
2.272,0.093
2.18,-2.582
2.229,0.713
2.123,0.833
2.176,-0.164
2.098,0.536
1.752,-0.74
1.795,0.286
1.695,0.819
1.699,-1.955
1.742,-0.597
1.657,-2.219
1.619,-1.111
1.675,-0.578
1.593,-0.244
1.584,-2.036
1.601,-1.94
1.471,-1.163
1.367,-0.667
1.231,-0.807
1.291,0.816
1.191,-1.105
1.188,-0.901
1.071,-0.134
0.965,-0.473
0.87,-0.565
0.809,-1.789
0.873,-2.719
0.863,-0.977
0.815,-1.933
0.652,-1.899
0.587,-2.912
0.531,-2.825
0.496,-0.525
0.523,-1.175
0.501,-0.267
0.496,0.319
0.477,0.079
0.507,-0.513
0.44,-1.77
0.438,-1.899
0.495,0.913
0.491,0.282
0.407,-1.748
0.381,-1.309
0.393,-0.957
0.402,-0.495
0.248,-0.106
0.299,-1.427
-0.047,-3.16
-0.131,-3.316
-0.169,-3.149
-0.625,-3.174
-0.822,-3.162
-1.048,-3.266
-1.479,-3.21
-1.603,-3.191
-1.922,-3.379
-1.964,-3.238
-2.888,-3.255
-2.956,-3.11
3.003,-3.073
2.71,-3.531
2.537,-3.447
2.561,-3.443
1.556,-3.276
0.956,-3.456
0.699,-3.218
0.308,-3.218
0.021,0.954
-0.138,0.962
-0.393,1.108
-0.446,1.079
-0.579,0.963
-2.032,0.917
-2.43,1.001
-2.529,1.017
2.648,1.132
2.068,1.107
1.66,1.09
1.45,1.156
0.742,0.886
0.529,1.12
-0.543,0.648
-1.865,-1.485
-2.741,-0.77
2.491,-1.983
2.128,0.214
1.193,-0.088
0.529,-0.315
-0.158,-3.32
3.035,0.987
0.269,0.566
0.148,-2.742
0.168,-2.02
-0.02,-1.854
-0.049,-2.828
-0.012,-1.896
-0.064,-0.665
-0.076,-1.366
-0.15,-2.163
-0.357,-0.817
-0.301,0.67
-0.326,-1.473
-0.455,-0.931
-0.476,0.522
-0.501,0.819
-0.509,0.674
-0.457,-0.776
-0.664,0.71
-0.643,0.545
-0.904,0.761
-0.821,-1.715
-0.938,-0.963
-1.114,-1.156
-1.111,-2.15
-1.001,-1.492
-1.139,-2.545
-1.05,-2.983
-1.307,0.605
-1.44,-0.636
-1.604,0.656
-1.486,-0.723
-1.5,-0.331
-1.639,-2.66
-1.569,-0.409
-1.771,-2.858
-1.764,-1.77
-1.881,0.013
-1.763,0.897
-1.822,-2.073
-2.005,0.312
-1.934,-0.826
-1.961,0.452
-1.956,-1.126
-2.096,-0.49
-2.132,-2.81
-2.153,-0.827
-2.086,-1.767
-2.27,-1.813
-2.171,-0.734
-2.219,-1.657
-2.438,-1.671
-2.645,-0.383
-2.559,0.846
-2.711,-1.48
-2.728,-2.169
-2.668,-0.479
-2.706,-2.023
-2.86,-1.851
-2.865,0.732
-3.024,-1.1
-2.925,-1.031
-3.079,0.971
-3.05,0.339
3.056,0.223
-3.121,-0.391
2.957,0.765
2.973,-0.6
2.846,-2.069
2.841,-2.133
2.688,-0.861
2.796,-2.269
2.631,-0.671
2.758,-2.054
2.701,0.807
2.635,-2.029
2.654,-2.704
2.476,0.308
2.602,-1.481
2.535,-0.559
2.513,0.641
2.509,-3.068
2.357,-1.713
2.429,-0.587
2.311,-0.118
2.37,0.519
2.183,0.491
2.281,-0.288
2.164,-2.319
2.155,-0.562
1.957,-0.345
1.952,-1.022
2.018,-1.43
2.001,-1.87
1.856,0.644
1.953,-1.875
1.831,-2.966
1.788,-2.863
1.772,-0.097
1.639,-0.13
1.561,-0.775
1.576,-1.071
1.564,0.9
1.337,0.092
1.464,0.426
1.122,-0.663
1.217,-2.146
1.091,-2.255
1.04,-1.546
0.942,-3.029
0.884,-2.15
0.825,-0.628
0.686,-2.249
0.661,-2.133
0.667,-1.103
0.507,-0.862
0.633,-1.667
0.584,-0.303
0.524,-1.855
0.482,-1.732
0.367,-0.176
0.199,-1.429
-0.666,-3.347
-0.648,-3.255
-0.881,-3.342
-1.883,-3.515
-1.953,-3.079
-2.103,-3.351
-2.835,-3.261
-2.914,-3.142
2.9,-3.588
2.774,-3.319
1.9,-3.236
1.723,-3.421
1.479,-3.453
1.399,-3.17
0.893,-3.444
0.972,-3.405
0.984,-3.374
0.503,-3.467
0.385,-3.297
0.229,-3.44
0.053,0.957
-0.353,1.067
-1.814,0.965
-2.224,0.996
-2.463,0.969
-2.331,1.08
-2.567,1.04
3.079,1.008
2.487,1.081
2.611,1.051
2.162,1.023
0.992,0.778
-0.261,0.402
-1.919,-1.901
0.274,-2.285
-2.435,-0.43
-2.736,0.06
-2.941,-2.109
2.66,-2.071
2.578,-1.248
2.124,0.073
1.661,-0.915
0.983,0.467
0.914,0.153
0.775,0.273
0.668,-0.204
-0.131,-2.021
2.641,-1.178
1.821,-0.683
0.993,-1.387
0.882,-1.64
-1.246,-3.063
-2.673,-3.008
0.702,0.618
0.287,0.686
-0.08,-0.024
-0.072,1.233
-0.117,-0.685
-0.107,1.323
-0.124,0.22
-0.176,-1.188
-0.325,1.069
-0.351,0.029
-0.43,0.74
-0.465,1.002
-0.407,-2.122
-0.425,0.419
-0.462,-2.029
-0.465,0.514
-0.484,1.639
-0.663,-0.794
-0.737,0.831
-0.861,-1.467
-0.893,0.384
-0.835,0.353
-0.905,-1.721
-1.066,0.047
-1.154,-0.047
-1.231,0.621
-1.318,-0.127
-1.289,0.018
-1.349,1.472
-1.542,-0.953
-1.58,-0.1
-1.602,0.08
-1.547,-1.146
-1.55,-0.793
-1.617,1.417
-1.726,-0.755
-1.785,-1.701
-1.813,-0.834
-1.88,-0.964
-2.067,-0.647
-2.143,-0.426
-2.162,-0.634
-2.112,1.479
-2.163,-0.653
-2.2,0.631
-2.258,0.23
-2.219,-0.123
-2.301,0.678
-2.358,-1.818
-2.37,0.525
-2.388,-1.362
-2.424,0.376
-2.532,-0.708
-2.577,-0.864
-2.564,-1.102
-2.639,1.501
-2.73,-1.661
-2.765,1.775
-2.832,0.216
-2.854,-1.933
-2.831,0.196
-2.862,-0.433
-2.96,-1.117
-2.979,0.039
-2.996,0.55
-3.043,0.665
-3.077,-1.66
3.135,0.036
3.086,-1.04
3.014,0.0
2.893,-0.835
2.902,1.752
2.816,0.082
2.74,1.647
2.781,-0.01
2.695,-0.643
2.695,1.564
2.721,1.227
2.645,-0.555
2.565,-0.275
2.553,1.41
2.493,1.381
2.468,-0.106
2.531,-0.606
2.521,1.104
2.439,1.004
2.446,-1.134
2.427,-1.944
2.33,-0.165
2.382,0.817
2.321,-0.277
2.267,-0.736
2.219,-1.567
2.249,0.359
2.2,-1.703
2.195,0.64
2.196,0.976
2.104,-1.699
2.153,1.596
2.047,1.716
2.1,0.719
2.022,1.419
1.676,0.143
1.719,1.169
1.619,1.702
1.623,-1.072
1.666,0.286
1.581,-1.336
1.543,-0.228
1.599,0.305
1.517,0.639
1.508,-1.153
1.525,-1.057
1.395,-0.28
1.291,0.216
1.155,0.076
1.215,1.699
1.115,-0.222
1.112,-0.018
0.995,0.749
0.889,0.41
0.794,0.318
0.733,-0.906
0.797,-1.836
0.787,-0.094
0.739,-1.05
0.576,-1.016
0.511,-2.029
0.455,-1.942
0.42,0.358
0.447,-0.292
0.425,0.616
0.42,1.202
0.401,0.962
0.431,0.37
0.364,-0.887
0.362,-1.016
0.419,1.796
0.415,1.165
0.331,-0.865
0.305,-0.426
0.317,-0.074
0.326,0.388
0.172,0.777
0.223,-0.544
-0.123,-2.277
-0.207,-2.433
-0.245,-2.266
-0.701,-2.291
-0.898,-2.279
-1.124,-2.383
-1.555,-2.327
-1.679,-2.308
-1.998,-2.496
-2.04,-2.355
-2.964,-2.372
-3.032,-2.227
2.927,-2.19
2.634,-2.648
2.461,-2.564
2.485,-2.56
1.48,-2.393
0.88,-2.573
0.623,-2.335
0.232,-2.335
-0.055,1.837
-0.214,1.845
-0.469,1.991
-0.522,1.962
-0.655,1.846
-2.108,1.8
-2.506,1.884
-2.605,1.9
2.572,2.015
1.992,1.99
1.584,1.973
1.374,2.039
0.666,1.769
0.453,2.003
-0.619,1.531
-1.941,-0.602
-2.817,0.113
2.415,-1.1
2.052,1.097
1.117,0.795
0.453,0.568
-0.234,-2.437
2.959,1.87
0.193,1.449
0.072,-1.859
0.092,-1.137
-0.096,-0.971
-0.125,-1.945
-0.088,-1.013
-0.14,0.218
-0.152,-0.483
-0.226,-1.28
-0.433,0.066
-0.377,1.553
-0.402,-0.59
-0.531,-0.048
-0.552,1.405
-0.577,1.702
-0.585,1.557
-0.533,0.107
-0.74,1.593
-0.719,1.428
-0.98,1.644
-0.897,-0.832
-1.014,-0.08
-1.19,-0.273
-1.187,-1.267
-1.077,-0.609
-1.215,-1.662
-1.126,-2.1
-1.383,1.488
-1.516,0.247
-1.68,1.539
-1.562,0.16
-1.576,0.552
-1.715,-1.777
-1.645,0.474
-1.847,-1.975
-1.84,-0.887
-1.957,0.896
-1.839,1.78
-1.898,-1.19
-2.081,1.195
-2.01,0.057
-2.037,1.335
-2.032,-0.243
-2.172,0.393
-2.208,-1.927
-2.229,0.056
-2.162,-0.884
-2.346,-0.93
-2.247,0.149
-2.295,-0.774
-2.514,-0.788
-2.721,0.5
-2.635,1.729
-2.787,-0.597
-2.804,-1.286
-2.744,0.404
-2.782,-1.14
-2.936,-0.968
-2.941,1.615
-3.1,-0.217
-3.001,-0.148
3.128,1.854
-3.126,1.222
2.98,1.106
3.086,0.492
2.881,1.648
2.897,0.283
2.77,-1.186
2.765,-1.25
2.612,0.022
2.72,-1.386
2.555,0.212
2.682,-1.171
2.625,1.69
2.559,-1.146
2.578,-1.821
2.4,1.191
2.526,-0.598
2.459,0.324
2.437,1.524
2.433,-2.185
2.281,-0.83
2.353,0.296
2.235,0.765
2.294,1.402
2.107,1.374
2.205,0.595
2.088,-1.436
2.079,0.321
1.881,0.538
1.876,-0.139
1.942,-0.547
1.925,-0.987
1.78,1.527
1.877,-0.992
1.755,-2.083
1.712,-1.98
1.696,0.786
1.563,0.753
1.485,0.108
1.5,-0.188
1.488,1.783
1.261,0.975
1.388,1.309
1.046,0.22
1.141,-1.263
1.015,-1.372
0.964,-0.663
0.866,-2.146
0.808,-1.267
0.749,0.255
0.61,-1.366
0.585,-1.25
0.591,-0.22
0.431,0.021
0.557,-0.784
0.508,0.58
0.448,-0.972
0.406,-0.849
0.291,0.707
0.123,-0.546
-0.742,-2.464
-0.724,-2.372
-0.957,-2.459
-1.959,-2.632
-2.029,-2.196
-2.179,-2.468
-2.911,-2.378
-2.99,-2.259
2.824,-2.705
2.698,-2.436
1.824,-2.353
1.647,-2.538
1.403,-2.57
1.323,-2.287
0.817,-2.561
0.896,-2.522
0.908,-2.491
0.427,-2.584
0.309,-2.414
0.153,-2.557
-0.023,1.84
-0.429,1.95
-1.89,1.848
-2.3,1.879
-2.539,1.852
-2.407,1.963
-2.643,1.923
3.003,1.891
2.411,1.964
2.535,1.934
2.086,1.906
0.916,1.661
-0.337,1.285
-1.995,-1.018
0.198,-1.402
-2.511,0.453
-2.812,0.943
-3.017,-1.226
2.584,-1.188
2.502,-0.365
2.048,0.956
1.585,-0.032
0.907,1.35
0.838,1.036
0.699,1.156
0.592,0.679
-0.207,-1.138
2.565,-0.295
1.745,0.2
0.917,-0.504
0.806,-0.757
-1.322,-2.18
-2.749,-2.125
0.626,1.501
0.211,1.569
0.008,1.257
-0.037,-0.661
-0.027,1.347
-0.044,0.244
-0.096,-1.164
-0.245,1.093
-0.271,0.053
-0.35,0.764
-0.385,1.026
-0.327,-2.098
-0.345,0.443
-0.382,-2.005
-0.385,0.538
-0.404,1.663
-0.583,-0.77
-0.657,0.855
-0.781,-1.443
-0.813,0.408
-0.755,0.377
-0.825,-1.697
-0.986,0.071
-1.074,-0.023
-1.151,0.645
-1.238,-0.103
-1.209,0.042
-1.269,1.496
-1.462,-0.929
-1.5,-0.076
-1.522,0.104
-1.467,-1.122
-1.47,-0.769
-1.537,1.441
-1.646,-0.731
-1.705,-1.677
-1.733,-0.81
-1.8,-0.94
-1.987,-0.623
-2.063,-0.402
-2.082,-0.61
-2.032,1.503
-2.083,-0.629
-2.12,0.655
-2.178,0.254
-2.139,-0.099
-2.221,0.702
-2.278,-1.794
-2.29,0.549
-2.308,-1.338
-2.344,0.4
-2.452,-0.684
-2.497,-0.84
-2.484,-1.078
-2.559,1.525
-2.65,-1.637
-2.685,1.799
-2.752,0.24
-2.774,-1.909
-2.751,0.22
-2.782,-0.409
-2.88,-1.093
-2.899,0.063
-2.916,0.574
-2.963,0.689
-2.997,-1.636
-3.068,0.06
-3.117,-1.016
3.094,0.024
2.973,-0.811
2.982,1.776
2.896,0.106
2.82,1.671
2.861,0.014
2.775,-0.619
2.775,1.588
2.801,1.251
2.725,-0.531
2.645,-0.251
2.633,1.434
2.573,1.405
2.548,-0.082
2.611,-0.582
2.601,1.128
2.519,1.028
2.526,-1.11
2.507,-1.92
2.41,-0.141
2.462,0.841
2.401,-0.253
2.347,-0.712
2.299,-1.543
2.329,0.383
2.28,-1.679
2.275,0.664
2.276,1.0
2.184,-1.675
2.233,1.62
2.127,1.74
2.18,0.743
2.102,1.443
1.756,0.167
1.799,1.193
1.699,1.726
1.703,-1.048
1.746,0.31
1.661,-1.312
1.623,-0.204
1.679,0.329
1.597,0.663
1.588,-1.129
1.605,-1.033
1.475,-0.256
1.371,0.24
1.235,0.1
1.295,1.723
1.195,-0.198
1.192,0.006
1.075,0.773
0.969,0.434
0.874,0.342
0.813,-0.882
0.877,-1.812
0.867,-0.07
0.819,-1.026
0.656,-0.992
0.591,-2.005
0.535,-1.918
0.5,0.382
0.527,-0.268
0.505,0.64
0.5,1.226
0.481,0.986
0.511,0.394
0.444,-0.863
0.442,-0.992
0.499,1.82
0.495,1.189
0.411,-0.841
0.385,-0.402
0.397,-0.05
0.406,0.412
0.252,0.801
0.303,-0.52
-0.043,-2.253
-0.127,-2.409
-0.165,-2.242
-0.621,-2.267
-0.818,-2.255
-1.044,-2.359
-1.475,-2.303
-1.599,-2.284
-1.918,-2.472
-1.96,-2.331
-2.884,-2.348
-2.952,-2.203
3.007,-2.166
2.714,-2.624
2.541,-2.54
2.565,-2.536
1.56,-2.369
0.96,-2.549
0.703,-2.311
0.312,-2.311
0.025,1.861
-0.134,1.869
-0.389,2.015
-0.442,1.986
-0.575,1.87
-2.028,1.824
-2.426,1.908
-2.525,1.924
2.652,2.039
2.072,2.014
1.664,1.997
1.454,2.063
0.746,1.793
0.533,2.027
-0.539,1.555
-1.861,-0.578
-2.737,0.137
2.495,-1.076
2.132,1.121
1.197,0.819
0.533,0.592
-0.154,-2.413
3.039,1.894
0.273,1.473
0.152,-1.835
0.172,-1.113
-0.016,-0.947
-0.045,-1.921
-0.008,-0.989
-0.06,0.242
-0.072,-0.459
-0.146,-1.256
-0.353,0.09
-0.297,1.577
-0.322,-0.566
-0.451,-0.024
-0.472,1.429
-0.497,1.726
-0.505,1.581
-0.453,0.131
-0.66,1.617
-0.639,1.452
-0.9,1.668
-0.817,-0.808
-0.934,-0.056
-1.11,-0.249
-1.107,-1.243
-0.997,-0.585
-1.135,-1.638
-1.046,-2.076
-1.303,1.512
-1.436,0.271
-1.6,1.563
-1.482,0.184
-1.496,0.576
-1.635,-1.753
-1.565,0.498
-1.767,-1.951
-1.76,-0.863
-1.877,0.92
-1.759,1.804
-1.818,-1.166
-2.001,1.219
-1.93,0.081
-1.957,1.359
-1.952,-0.219
-2.092,0.417
-2.128,-1.903
-2.149,0.08
-2.082,-0.86
-2.266,-0.906
-2.167,0.173
-2.215,-0.75
-2.434,-0.764
-2.641,0.524
-2.555,1.753
-2.707,-0.573
-2.724,-1.262
-2.664,0.428
-2.702,-1.116
-2.856,-0.944
-2.861,1.639
-3.02,-0.193
-2.921,-0.124
-3.075,1.878
-3.046,1.246
3.06,1.13
-3.117,0.516
2.961,1.672
2.977,0.307
2.85,-1.162
2.845,-1.226
2.692,0.046
2.8,-1.362
2.635,0.236
2.762,-1.147
2.705,1.714
2.639,-1.122
2.658,-1.797
2.48,1.215
2.606,-0.574
2.539,0.348
2.517,1.548
2.513,-2.161
2.361,-0.806
2.433,0.32
2.315,0.789
2.374,1.426
2.187,1.398
2.285,0.619
2.168,-1.412
2.159,0.345
1.961,0.562
1.956,-0.115
2.022,-0.523
2.005,-0.963
1.86,1.551
1.957,-0.968
1.835,-2.059
1.792,-1.956
1.776,0.81
1.643,0.777
1.565,0.132
1.58,-0.164
1.568,1.807
1.341,0.999
1.468,1.333
1.126,0.244
1.221,-1.239
1.095,-1.348
1.044,-0.639
0.946,-2.122
0.888,-1.243
0.829,0.279
0.69,-1.342
0.665,-1.226
0.671,-0.196
0.511,0.045
0.637,-0.76
0.588,0.604
0.528,-0.948
0.486,-0.825
0.371,0.731
0.203,-0.522
-0.662,-2.44
-0.644,-2.348
-0.877,-2.435
-1.879,-2.608
-1.949,-2.172
-2.099,-2.444
-2.831,-2.354
-2.91,-2.235
2.904,-2.681
2.778,-2.412
1.904,-2.329
1.727,-2.514
1.483,-2.546
1.403,-2.263
0.897,-2.537
0.976,-2.498
0.988,-2.467
0.507,-2.56
0.389,-2.39
0.233,-2.533
0.057,1.864
-0.349,1.974
-1.81,1.872
-2.22,1.903
-2.459,1.876
-2.327,1.987
-2.563,1.947
3.083,1.915
2.491,1.988
2.615,1.958
2.166,1.93
0.996,1.685
-0.257,1.309
-1.915,-0.994
0.278,-1.378
-2.431,0.477
-2.732,0.967
-2.937,-1.202
2.664,-1.164
2.582,-0.341
2.128,0.98
1.665,-0.008
0.987,1.374
0.918,1.06
0.779,1.18
0.672,0.703
-0.127,-1.114
2.645,-0.271
1.825,0.224
0.997,-0.48
0.886,-0.733
-1.242,-2.156
-2.669,-2.101
0.706,1.525
0.291,1.593
-0.045,-1.918
-0.035,0.09
-0.052,-1.013
-0.104,-2.421
-0.253,-0.164
-0.279,-1.204
-0.358,-0.493
-0.393,-0.231
-0.335,-3.355
-0.353,-0.814
-0.39,-3.262
-0.393,-0.719
-0.412,0.406
-0.591,-2.027
-0.665,-0.402
-0.789,-2.7
-0.821,-0.849
-0.763,-0.88
-0.833,-2.954
-0.994,-1.186
-1.082,-1.28
-1.159,-0.612
-1.246,-1.36
-1.217,-1.215
-1.277,0.239
-1.47,-2.186
-1.508,-1.333
-1.53,-1.153
-1.475,-2.379
-1.478,-2.026
-1.545,0.184
-1.654,-1.988
-1.713,-2.934
-1.741,-2.067
-1.808,-2.197
-1.995,-1.88
-2.071,-1.659
-2.09,-1.867
-2.04,0.246
-2.091,-1.886
-2.128,-0.602
-2.186,-1.003
-2.147,-1.356
-2.229,-0.555
-2.286,-3.051
-2.298,-0.708
-2.316,-2.595
-2.352,-0.857
-2.46,-1.941
-2.505,-2.097
-2.492,-2.335
-2.567,0.268
-2.658,-2.894
-2.693,0.542
-2.76,-1.017
-2.782,-3.166
-2.759,-1.037
-2.79,-1.666
-2.888,-2.35
-2.907,-1.194
-2.924,-0.683
-2.971,-0.568
-3.005,-2.893
-3.076,-1.197
-3.125,-2.273
3.086,-1.233
2.965,-2.068
2.974,0.519
2.888,-1.151
2.812,0.414
2.853,-1.243
2.767,-1.876
2.767,0.331
2.793,-0.006
2.717,-1.788
2.637,-1.508
2.625,0.177
2.565,0.148
2.54,-1.339
2.603,-1.839
2.593,-0.129
2.511,-0.229
2.518,-2.367
2.499,-3.177
2.402,-1.398
2.454,-0.416
2.393,-1.51
2.339,-1.969
2.291,-2.8
2.321,-0.874
2.272,-2.936
2.267,-0.593
2.268,-0.257
2.176,-2.932
2.225,0.363
2.119,0.483
2.172,-0.514
2.094,0.186
1.748,-1.09
1.791,-0.064
1.691,0.469
1.695,-2.305
1.738,-0.947
1.653,-2.569
1.615,-1.461
1.671,-0.928
1.589,-0.594
1.58,-2.386
1.597,-2.29
1.467,-1.513
1.363,-1.017
1.227,-1.157
1.287,0.466
1.187,-1.455
1.184,-1.251
1.067,-0.484
0.961,-0.823
0.866,-0.915
0.805,-2.139
0.869,-3.069
0.859,-1.327
0.811,-2.283
0.648,-2.249
0.583,-3.262
0.527,-3.175
0.492,-0.875
0.519,-1.525
0.497,-0.617
0.492,-0.031
0.473,-0.271
0.503,-0.863
0.436,-2.12
0.434,-2.249
0.491,0.563
0.487,-0.068
0.403,-2.098
0.377,-1.659
0.389,-1.307
0.398,-0.845
0.244,-0.456
0.295,-1.777
-0.051,-3.51
-0.135,-3.666
-0.173,-3.499
-0.629,-3.524
-0.826,-3.512
-1.052,-3.616
-1.483,-3.56
-1.607,-3.541
-1.926,-3.729
-1.968,-3.588
-2.892,-3.605
-2.96,-3.46
2.999,-3.423
2.706,-3.881
2.533,-3.797
2.557,-3.793
1.552,-3.626
0.952,-3.806
0.695,-3.568
0.304,-3.568
0.017,0.604
-0.142,0.612
-0.397,0.758
-0.45,0.729
-0.583,0.613
-2.036,0.567
-2.434,0.651
-2.533,0.667
2.644,0.782
2.064,0.757
1.656,0.74
1.446,0.806
0.738,0.536
0.525,0.77
-0.547,0.298
-1.869,-1.835
-2.745,-1.12
2.487,-2.333
2.124,-0.136
1.189,-0.438
0.525,-0.665
-0.162,-3.67
3.031,0.637
0.265,0.216
0.144,-3.092
0.164,-2.37
-0.024,-2.204
-0.053,-3.178
-0.016,-2.246
-0.068,-1.015
-0.08,-1.716
-0.154,-2.513
-0.361,-1.167
-0.305,0.32
-0.33,-1.823
-0.459,-1.281
-0.48,0.172
-0.505,0.469
-0.513,0.324
-0.461,-1.126
-0.668,0.36
-0.647,0.195
-0.908,0.411
-0.825,-2.065
-0.942,-1.313
-1.118,-1.506
-1.115,-2.5
-1.005,-1.842
-1.143,-2.895
-1.054,-3.333
-1.311,0.255
-1.444,-0.986
-1.608,0.306
-1.49,-1.073
-1.504,-0.681
-1.643,-3.01
-1.573,-0.759
-1.775,-3.208
-1.768,-2.12
-1.885,-0.337
-1.767,0.547
-1.826,-2.423
-2.009,-0.038
-1.938,-1.176
-1.965,0.102
-1.96,-1.476
-2.1,-0.84
-2.136,-3.16
-2.157,-1.177
-2.09,-2.117
-2.274,-2.163
-2.175,-1.084
-2.223,-2.007
-2.442,-2.021
-2.649,-0.733
-2.563,0.496
-2.715,-1.83
-2.732,-2.519
-2.672,-0.829
-2.71,-2.373
-2.864,-2.201
-2.869,0.382
-3.028,-1.45
-2.929,-1.381
-3.083,0.621
-3.054,-0.011
3.052,-0.127
-3.125,-0.741
2.953,0.415
2.969,-0.95
2.842,-2.419
2.837,-2.483
2.684,-1.211
2.792,-2.619
2.627,-1.021
2.754,-2.404
2.697,0.457
2.631,-2.379
2.65,-3.054
2.472,-0.042
2.598,-1.831
2.531,-0.909
2.509,0.291
2.505,-3.418
2.353,-2.063
2.425,-0.937
2.307,-0.468
2.366,0.169
2.179,0.141
2.277,-0.638
2.16,-2.669
2.151,-0.912
1.953,-0.695
1.948,-1.372
2.014,-1.78
1.997,-2.22
1.852,0.294
1.949,-2.225
1.827,-3.316
1.784,-3.213
1.768,-0.447
1.635,-0.48
1.557,-1.125
1.572,-1.421
1.56,0.55
1.333,-0.258
1.46,0.076
1.118,-1.013
1.213,-2.496
1.087,-2.605
1.036,-1.896
0.938,-3.379
0.88,-2.5
0.821,-0.978
0.682,-2.599
0.657,-2.483
0.663,-1.453
0.503,-1.212
0.629,-2.017
0.58,-0.653
0.52,-2.205
0.478,-2.082
0.363,-0.526
0.195,-1.779
-0.67,-3.697
-0.652,-3.605
-0.885,-3.692
-1.887,-3.865
-1.957,-3.429
-2.107,-3.701
-2.839,-3.611
-2.918,-3.492
2.896,-3.938
2.77,-3.669
1.896,-3.586
1.719,-3.771
1.475,-3.803
1.395,-3.52
0.889,-3.794
0.968,-3.755
0.98,-3.724
0.499,-3.817
0.381,-3.647
0.225,-3.79
0.049,0.607
-0.357,0.717
-1.818,0.615
-2.228,0.646
-2.467,0.619
-2.335,0.73
-2.571,0.69
3.075,0.658
2.483,0.731
2.607,0.701
2.158,0.673
0.988,0.428
-0.265,0.052
-1.923,-2.251
0.27,-2.635
-2.439,-0.78
-2.74,-0.29
-2.945,-2.459
2.656,-2.421
2.574,-1.598
2.12,-0.277
1.657,-1.265
0.979,0.117
0.91,-0.197
0.771,-0.077
0.664,-0.554
-0.135,-2.371
2.637,-1.528
1.817,-1.033
0.989,-1.737
0.878,-1.99
-1.25,-3.413
-2.677,-3.358
0.698,0.268
0.283,0.336
0.01,2.008
-0.007,0.905
-0.059,-0.503
-0.208,1.754
-0.234,0.714
-0.313,1.425
-0.348,1.687
-0.29,-1.437
-0.308,1.104
-0.345,-1.344
-0.348,1.199
-0.367,2.324
-0.546,-0.109
-0.62,1.516
-0.744,-0.782
-0.776,1.069
-0.718,1.038
-0.788,-1.036
-0.949,0.732
-1.037,0.638
-1.114,1.306
-1.201,0.558
-1.172,0.703
-1.232,2.157
-1.425,-0.268
-1.463,0.585
-1.485,0.765
-1.43,-0.461
-1.433,-0.108
-1.5,2.102
-1.609,-0.07
-1.668,-1.016
-1.696,-0.149
-1.763,-0.279
-1.95,0.038
-2.026,0.259
-2.045,0.051
-1.995,2.164
-2.046,0.032
-2.083,1.316
-2.141,0.915
-2.102,0.562
-2.184,1.363
-2.241,-1.133
-2.253,1.21
-2.271,-0.677
-2.307,1.061
-2.415,-0.023
-2.46,-0.179
-2.447,-0.417
-2.522,2.186
-2.613,-0.976
-2.648,2.46
-2.715,0.901
-2.737,-1.248
-2.714,0.881
-2.745,0.252
-2.843,-0.432
-2.862,0.724
-2.879,1.235
-2.926,1.35
-2.96,-0.975
-3.031,0.721
-3.08,-0.355
3.131,0.685
3.01,-0.15
3.019,2.437
2.933,0.767
2.857,2.332
2.898,0.675
2.812,0.042
2.812,2.249
2.838,1.912
2.762,0.13
2.682,0.41
2.67,2.095
2.61,2.066
2.585,0.579
2.648,0.079
2.638,1.789
2.556,1.689
2.563,-0.449
2.544,-1.259
2.447,0.52
2.499,1.502
2.438,0.408
2.384,-0.051
2.336,-0.882
2.366,1.044
2.317,-1.018
2.312,1.325
2.313,1.661
2.221,-1.014
2.27,2.281
2.164,2.401
2.217,1.404
2.139,2.104
1.793,0.828
1.836,1.854
1.736,2.387
1.74,-0.387
1.783,0.971
1.698,-0.651
1.66,0.457
1.716,0.99
1.634,1.324
1.625,-0.468
1.642,-0.372
1.512,0.405
1.408,0.901
1.272,0.761
1.332,2.384
1.232,0.463
1.229,0.667
1.112,1.434
1.006,1.095
0.911,1.003
0.85,-0.221
0.914,-1.151
0.904,0.591
0.856,-0.365
0.693,-0.331
0.628,-1.344
0.572,-1.257
0.537,1.043
0.564,0.393
0.542,1.301
0.537,1.887
0.518,1.647
0.548,1.055
0.481,-0.202
0.479,-0.331
0.536,2.481
0.532,1.85
0.448,-0.18
0.422,0.259
0.434,0.611
0.443,1.073
0.289,1.462
0.34,0.141
-0.006,-1.592
-0.09,-1.748
-0.128,-1.581
-0.584,-1.606
-0.781,-1.594
-1.007,-1.698
-1.438,-1.642
-1.562,-1.623
-1.881,-1.811
-1.923,-1.67
-2.847,-1.687
-2.915,-1.542
3.044,-1.505
2.751,-1.963
2.578,-1.879
2.602,-1.875
1.597,-1.708
0.997,-1.888
0.74,-1.65
0.349,-1.65
0.062,2.522
-0.097,2.53
-0.352,2.676
-0.405,2.647
-0.538,2.531
-1.991,2.485
-2.389,2.569
-2.488,2.585
2.689,2.7
2.109,2.675
1.701,2.658
1.491,2.724
0.783,2.454
0.57,2.688
-0.502,2.216
-1.824,0.083
-2.7,0.798
2.532,-0.415
2.169,1.782
1.234,1.48
0.57,1.253
-0.117,-1.752
3.076,2.555
0.31,2.134
0.189,-1.174
0.209,-0.452
0.021,-0.286
-0.008,-1.26
0.029,-0.328
-0.023,0.903
-0.035,0.202
-0.109,-0.595
-0.316,0.751
-0.26,2.238
-0.285,0.095
-0.414,0.637
-0.435,2.09
-0.46,2.387
-0.468,2.242
-0.416,0.792
-0.623,2.278
-0.602,2.113
-0.863,2.329
-0.78,-0.147
-0.897,0.605
-1.073,0.412
-1.07,-0.582
-0.96,0.076
-1.098,-0.977
-1.009,-1.415
-1.266,2.173
-1.399,0.932
-1.563,2.224
-1.445,0.845
-1.459,1.237
-1.598,-1.092
-1.528,1.159
-1.73,-1.29
-1.723,-0.202
-1.84,1.581
-1.722,2.465
-1.781,-0.505
-1.964,1.88
-1.893,0.742
-1.92,2.02
-1.915,0.442
-2.055,1.078
-2.091,-1.242
-2.112,0.741
-2.045,-0.199
-2.229,-0.245
-2.13,0.834
-2.178,-0.089
-2.397,-0.103
-2.604,1.185
-2.518,2.414
-2.67,0.088
-2.687,-0.601
-2.627,1.089
-2.665,-0.455
-2.819,-0.283
-2.824,2.3
-2.983,0.468
-2.884,0.537
-3.038,2.539
-3.009,1.907
3.097,1.791
-3.08,1.177
2.998,2.333
3.014,0.968
2.887,-0.501
2.882,-0.565
2.729,0.707
2.837,-0.701
2.672,0.897
2.799,-0.486
2.742,2.375
2.676,-0.461
2.695,-1.136
2.517,1.876
2.643,0.087
2.576,1.009
2.554,2.209
2.55,-1.5
2.398,-0.145
2.47,0.981
2.352,1.45
2.411,2.087
2.224,2.059
2.322,1.28
2.205,-0.751
2.196,1.006
1.998,1.223
1.993,0.546
2.059,0.138
2.042,-0.302
1.897,2.212
1.994,-0.307
1.872,-1.398
1.829,-1.295
1.813,1.471
1.68,1.438
1.602,0.793
1.617,0.497
1.605,2.468
1.378,1.66
1.505,1.994
1.163,0.905
1.258,-0.578
1.132,-0.687
1.081,0.022
0.983,-1.461
0.925,-0.582
0.866,0.94
0.727,-0.681
0.702,-0.565
0.708,0.465
0.548,0.706
0.674,-0.099
0.625,1.265
0.565,-0.287
0.523,-0.164
0.408,1.392
0.24,0.139
-0.625,-1.779
-0.607,-1.687
-0.84,-1.774
-1.842,-1.947
-1.912,-1.511
-2.062,-1.783
-2.794,-1.693
-2.873,-1.574
2.941,-2.02
2.815,-1.751
1.941,-1.668
1.764,-1.853
1.52,-1.885
1.44,-1.602
0.934,-1.876
1.013,-1.837
1.025,-1.806
0.544,-1.899
0.426,-1.729
0.27,-1.872
0.094,2.525
-0.312,2.635
-1.773,2.533
-2.183,2.564
-2.422,2.537
-2.29,2.648
-2.526,2.608
3.12,2.576
2.528,2.649
2.652,2.619
2.203,2.591
1.033,2.346
-0.22,1.97
-1.878,-0.333
0.315,-0.717
-2.394,1.138
-2.695,1.628
-2.9,-0.541
2.701,-0.503
2.619,0.32
2.165,1.641
1.702,0.653
1.024,2.035
0.955,1.721
0.816,1.841
0.709,1.364
-0.09,-0.453
2.682,0.39
1.862,0.885
1.034,0.181
0.923,-0.072
-1.205,-1.495
-2.632,-1.44
0.743,2.186
0.328,2.254
-0.017,-1.103
-0.069,-2.511
-0.218,-0.254
-0.244,-1.294
-0.323,-0.583
-0.358,-0.321
-0.3,-3.445
-0.318,-0.904
-0.355,-3.352
-0.358,-0.809
-0.377,0.316
-0.556,-2.117
-0.63,-0.492
-0.754,-2.79
-0.786,-0.939
-0.728,-0.97
-0.798,-3.044
-0.959,-1.276
-1.047,-1.37
-1.124,-0.702
-1.211,-1.45
-1.182,-1.305
-1.242,0.149
-1.435,-2.276
-1.473,-1.423
-1.495,-1.243
-1.44,-2.469
-1.443,-2.116
-1.51,0.094
-1.619,-2.078
-1.678,-3.024
-1.706,-2.157
-1.773,-2.287
-1.96,-1.97
-2.036,-1.749
-2.055,-1.957
-2.005,0.156
-2.056,-1.976
-2.093,-0.692
-2.151,-1.093
-2.112,-1.446
-2.194,-0.645
-2.251,-3.141
-2.263,-0.798
-2.281,-2.685
-2.317,-0.947
-2.425,-2.031
-2.47,-2.187
-2.457,-2.425
-2.532,0.178
-2.623,-2.984
-2.658,0.452
-2.725,-1.107
-2.747,-3.256
-2.724,-1.127
-2.755,-1.756
-2.853,-2.44
-2.872,-1.284
-2.889,-0.773
-2.936,-0.658
-2.97,-2.983
-3.041,-1.287
-3.09,-2.363
3.121,-1.323
3.0,-2.158
3.009,0.429
2.923,-1.241
2.847,0.324
2.888,-1.333
2.802,-1.966
2.802,0.241
2.828,-0.096
2.752,-1.878
2.672,-1.598
2.66,0.087
2.6,0.058
2.575,-1.429
2.638,-1.929
2.628,-0.219
2.546,-0.319
2.553,-2.457
2.534,-3.267
2.437,-1.488
2.489,-0.506
2.428,-1.6
2.374,-2.059
2.326,-2.89
2.356,-0.964
2.307,-3.026
2.302,-0.683
2.303,-0.347
2.211,-3.022
2.26,0.273
2.154,0.393
2.207,-0.604
2.129,0.096
1.783,-1.18
1.826,-0.154
1.726,0.379
1.73,-2.395
1.773,-1.037
1.688,-2.659
1.65,-1.551
1.706,-1.018
1.624,-0.684
1.615,-2.476
1.632,-2.38
1.502,-1.603
1.398,-1.107
1.262,-1.247
1.322,0.376
1.222,-1.545
1.219,-1.341
1.102,-0.574
0.996,-0.913
0.901,-1.005
0.84,-2.229
0.904,-3.159
0.894,-1.417
0.846,-2.373
0.683,-2.339
0.618,-3.352
0.562,-3.265
0.527,-0.965
0.554,-1.615
0.532,-0.707
0.527,-0.121
0.508,-0.361
0.538,-0.953
0.471,-2.21
0.469,-2.339
0.526,0.473
0.522,-0.158
0.438,-2.188
0.412,-1.749
0.424,-1.397
0.433,-0.935
0.279,-0.546
0.33,-1.867
-0.016,-3.6
-0.1,-3.756
-0.138,-3.589
-0.594,-3.614
-0.791,-3.602
-1.017,-3.706
-1.448,-3.65
-1.572,-3.631
-1.891,-3.819
-1.933,-3.678
-2.857,-3.695
-2.925,-3.55
3.034,-3.513
2.741,-3.971
2.568,-3.887
2.592,-3.883
1.587,-3.716
0.987,-3.896
0.73,-3.658
0.339,-3.658
0.052,0.514
-0.107,0.522
-0.362,0.668
-0.415,0.639
-0.548,0.523
-2.001,0.477
-2.399,0.561
-2.498,0.577
2.679,0.692
2.099,0.667
1.691,0.65
1.481,0.716
0.773,0.446
0.56,0.68
-0.512,0.208
-1.834,-1.925
-2.71,-1.21
2.522,-2.423
2.159,-0.226
1.224,-0.528
0.56,-0.755
-0.127,-3.76
3.066,0.547
0.3,0.126
0.179,-3.182
0.199,-2.46
0.011,-2.294
-0.018,-3.268
0.019,-2.336
-0.033,-1.105
-0.045,-1.806
-0.119,-2.603
-0.326,-1.257
-0.27,0.23
-0.295,-1.913
-0.424,-1.371
-0.445,0.082
-0.47,0.379
-0.478,0.234
-0.426,-1.216
-0.633,0.27
-0.612,0.105
-0.873,0.321
-0.79,-2.155
-0.907,-1.403
-1.083,-1.596
-1.08,-2.59
-0.97,-1.932
-1.108,-2.985
-1.019,-3.423
-1.276,0.165
-1.409,-1.076
-1.573,0.216
-1.455,-1.163
-1.469,-0.771
-1.608,-3.1
-1.538,-0.849
-1.74,-3.298
-1.733,-2.21
-1.85,-0.427
-1.732,0.457
-1.791,-2.513
-1.974,-0.128
-1.903,-1.266
-1.93,0.012
-1.925,-1.566
-2.065,-0.93
-2.101,-3.25
-2.122,-1.267
-2.055,-2.207
-2.239,-2.253
-2.14,-1.174
-2.188,-2.097
-2.407,-2.111
-2.614,-0.823
-2.528,0.406
-2.68,-1.92
-2.697,-2.609
-2.637,-0.919
-2.675,-2.463
-2.829,-2.291
-2.834,0.292
-2.993,-1.54
-2.894,-1.471
-3.048,0.531
-3.019,-0.101
3.087,-0.217
-3.09,-0.831
2.988,0.325
3.004,-1.04
2.877,-2.509
2.872,-2.573
2.719,-1.301
2.827,-2.709
2.662,-1.111
2.789,-2.494
2.732,0.367
2.666,-2.469
2.685,-3.144
2.507,-0.132
2.633,-1.921
2.566,-0.999
2.544,0.201
2.54,-3.508
2.388,-2.153
2.46,-1.027
2.342,-0.558
2.401,0.079
2.214,0.051
2.312,-0.728
2.195,-2.759
2.186,-1.002
1.988,-0.785
1.983,-1.462
2.049,-1.87
2.032,-2.31
1.887,0.204
1.984,-2.315
1.862,-3.406
1.819,-3.303
1.803,-0.537
1.67,-0.57
1.592,-1.215
1.607,-1.511
1.595,0.46
1.368,-0.348
1.495,-0.014
1.153,-1.103
1.248,-2.586
1.122,-2.695
1.071,-1.986
0.973,-3.469
0.915,-2.59
0.856,-1.068
0.717,-2.689
0.692,-2.573
0.698,-1.543
0.538,-1.302
0.664,-2.107
0.615,-0.743
0.555,-2.295
0.513,-2.172
0.398,-0.616
0.23,-1.869
-0.635,-3.787
-0.617,-3.695
-0.85,-3.782
-1.852,-3.955
-1.922,-3.519
-2.072,-3.791
-2.804,-3.701
-2.883,-3.582
2.931,-4.028
2.805,-3.759
1.931,-3.676
1.754,-3.861
1.51,-3.893
1.43,-3.61
0.924,-3.884
1.003,-3.845
1.015,-3.814
0.534,-3.907
0.416,-3.737
0.26,-3.88
0.084,0.517
-0.322,0.627
-1.783,0.525
-2.193,0.556
-2.432,0.529
-2.3,0.64
-2.536,0.6
3.11,0.568
2.518,0.641
2.642,0.611
2.193,0.583
1.023,0.338
-0.23,-0.038
-1.888,-2.341
0.305,-2.725
-2.404,-0.87
-2.705,-0.38
-2.91,-2.549
2.691,-2.511
2.609,-1.688
2.155,-0.367
1.692,-1.355
1.014,0.027
0.945,-0.287
0.806,-0.167
0.699,-0.644
-0.1,-2.461
2.672,-1.618
1.852,-1.123
1.024,-1.827
0.913,-2.08
-1.215,-3.503
-2.642,-3.448
0.733,0.178
0.318,0.246
-0.052,-1.408
-0.201,0.849
-0.227,-0.191
-0.306,0.52
-0.341,0.782
-0.283,-2.342
-0.301,0.199
-0.338,-2.249
-0.341,0.294
-0.36,1.419
-0.539,-1.014
-0.613,0.611
-0.737,-1.687
-0.769,0.164
-0.711,0.133
-0.781,-1.941
-0.942,-0.173
-1.03,-0.267
-1.107,0.401
-1.194,-0.347
-1.165,-0.202
-1.225,1.252
-1.418,-1.173
-1.456,-0.32
-1.478,-0.14
-1.423,-1.366
-1.426,-1.013
-1.493,1.197
-1.602,-0.975
-1.661,-1.921
-1.689,-1.054
-1.756,-1.184
-1.943,-0.867
-2.019,-0.646
-2.038,-0.854
-1.988,1.259
-2.039,-0.873
-2.076,0.411
-2.134,0.01
-2.095,-0.343
-2.177,0.458
-2.234,-2.038
-2.246,0.305
-2.264,-1.582
-2.3,0.156
-2.408,-0.928
-2.453,-1.084
-2.44,-1.322
-2.515,1.281
-2.606,-1.881
-2.641,1.555
-2.708,-0.004
-2.73,-2.153
-2.707,-0.024
-2.738,-0.653
-2.836,-1.337
-2.855,-0.181
-2.872,0.33
-2.919,0.445
-2.953,-1.88
-3.024,-0.184
-3.073,-1.26
3.138,-0.22
3.017,-1.055
3.026,1.532
2.94,-0.138
2.864,1.427
2.905,-0.23
2.819,-0.863
2.819,1.344
2.845,1.007
2.769,-0.775
2.689,-0.495
2.677,1.19
2.617,1.161
2.592,-0.326
2.655,-0.826
2.645,0.884
2.563,0.784
2.57,-1.354
2.551,-2.164
2.454,-0.385
2.506,0.597
2.445,-0.497
2.391,-0.956
2.343,-1.787
2.373,0.139
2.324,-1.923
2.319,0.42
2.32,0.756
2.228,-1.919
2.277,1.376
2.171,1.496
2.224,0.499
2.146,1.199
1.8,-0.077
1.843,0.949
1.743,1.482
1.747,-1.292
1.79,0.066
1.705,-1.556
1.667,-0.448
1.723,0.085
1.641,0.419
1.632,-1.373
1.649,-1.277
1.519,-0.5
1.415,-0.004
1.279,-0.144
1.339,1.479
1.239,-0.442
1.236,-0.238
1.119,0.529
1.013,0.19
0.918,0.098
0.857,-1.126
0.921,-2.056
0.911,-0.314
0.863,-1.27
0.7,-1.236
0.635,-2.249
0.579,-2.162
0.544,0.138
0.571,-0.512
0.549,0.396
0.544,0.982
0.525,0.742
0.555,0.15
0.488,-1.107
0.486,-1.236
0.543,1.576
0.539,0.945
0.455,-1.085
0.429,-0.646
0.441,-0.294
0.45,0.168
0.296,0.557
0.347,-0.764
0.001,-2.497
-0.083,-2.653
-0.121,-2.486
-0.577,-2.511
-0.774,-2.499
-1.0,-2.603
-1.431,-2.547
-1.555,-2.528
-1.874,-2.716
-1.916,-2.575
-2.84,-2.592
-2.908,-2.447
3.051,-2.41
2.758,-2.868
2.585,-2.784
2.609,-2.78
1.604,-2.613
1.004,-2.793
0.747,-2.555
0.356,-2.555
0.069,1.617
-0.09,1.625
-0.345,1.771
-0.398,1.742
-0.531,1.626
-1.984,1.58
-2.382,1.664
-2.481,1.68
2.696,1.795
2.116,1.77
1.708,1.753
1.498,1.819
0.79,1.549
0.577,1.783
-0.495,1.311
-1.817,-0.822
-2.693,-0.107
2.539,-1.32
2.176,0.877
1.241,0.575
0.577,0.348
-0.11,-2.657
3.083,1.65
0.317,1.229
0.196,-2.079
0.216,-1.357
0.028,-1.191
-0.001,-2.165
0.036,-1.233
-0.016,-0.002
-0.028,-0.703
-0.102,-1.5
-0.309,-0.154
-0.253,1.333
-0.278,-0.81
-0.407,-0.268
-0.428,1.185
-0.453,1.482
-0.461,1.337
-0.409,-0.113
-0.616,1.373
-0.595,1.208
-0.856,1.424
-0.773,-1.052
-0.89,-0.3
-1.066,-0.493
-1.063,-1.487
-0.953,-0.829
-1.091,-1.882
-1.002,-2.32
-1.259,1.268
-1.392,0.027
-1.556,1.319
-1.438,-0.06
-1.452,0.332
-1.591,-1.997
-1.521,0.254
-1.723,-2.195
-1.716,-1.107
-1.833,0.676
-1.715,1.56
-1.774,-1.41
-1.957,0.975
-1.886,-0.163
-1.913,1.115
-1.908,-0.463
-2.048,0.173
-2.084,-2.147
-2.105,-0.164
-2.038,-1.104
-2.222,-1.15
-2.123,-0.071
-2.171,-0.994
-2.39,-1.008
-2.597,0.28
-2.511,1.509
-2.663,-0.817
-2.68,-1.506
-2.62,0.184
-2.658,-1.36
-2.812,-1.188
-2.817,1.395
-2.976,-0.437
-2.877,-0.368
-3.031,1.634
-3.002,1.002
3.104,0.886
-3.073,0.272
3.005,1.428
3.021,0.063
2.894,-1.406
2.889,-1.47
2.736,-0.198
2.844,-1.606
2.679,-0.008
2.806,-1.391
2.749,1.47
2.683,-1.366
2.702,-2.041
2.524,0.971
2.65,-0.818
2.583,0.104
2.561,1.304
2.557,-2.405
2.405,-1.05
2.477,0.076
2.359,0.545
2.418,1.182
2.231,1.154
2.329,0.375
2.212,-1.656
2.203,0.101
2.005,0.318
2.0,-0.359
2.066,-0.767
2.049,-1.207
1.904,1.307
2.001,-1.212
1.879,-2.303
1.836,-2.2
1.82,0.566
1.687,0.533
1.609,-0.112
1.624,-0.408
1.612,1.563
1.385,0.755
1.512,1.089
1.17,0.0
1.265,-1.483
1.139,-1.592
1.088,-0.883
0.99,-2.366
0.932,-1.487
0.873,0.035
0.734,-1.586
0.709,-1.47
0.715,-0.44
0.555,-0.199
0.681,-1.004
0.632,0.36
0.572,-1.192
0.53,-1.069
0.415,0.487
0.247,-0.766
-0.618,-2.684
-0.6,-2.592
-0.833,-2.679
-1.835,-2.852
-1.905,-2.416
-2.055,-2.688
-2.787,-2.598
-2.866,-2.479
2.948,-2.925
2.822,-2.656
1.948,-2.573
1.771,-2.758
1.527,-2.79
1.447,-2.507
0.941,-2.781
1.02,-2.742
1.032,-2.711
0.551,-2.804
0.433,-2.634
0.277,-2.777
0.101,1.62
-0.305,1.73
-1.766,1.628
-2.176,1.659
-2.415,1.632
-2.283,1.743
-2.519,1.703
3.127,1.671
2.535,1.744
2.659,1.714
2.21,1.686
1.04,1.441
-0.213,1.065
-1.871,-1.238
0.322,-1.622
-2.387,0.233
-2.688,0.723
-2.893,-1.446
2.708,-1.408
2.626,-0.585
2.172,0.736
1.709,-0.252
1.031,1.13
0.962,0.816
0.823,0.936
0.716,0.459
-0.083,-1.358
2.689,-0.515
1.869,-0.02
1.041,-0.724
0.93,-0.977
-1.198,-2.4
-2.625,-2.345
0.75,1.281
0.335,1.349
-0.149,2.257
-0.175,1.217
-0.254,1.928
-0.289,2.19
-0.231,-0.934
-0.249,1.607
-0.286,-0.841
-0.289,1.702
-0.308,2.827
-0.487,0.394
-0.561,2.019
-0.685,-0.279
-0.717,1.572
-0.659,1.541
-0.729,-0.533
-0.89,1.235
-0.978,1.141
-1.055,1.809
-1.142,1.061
-1.113,1.206
-1.173,2.66
-1.366,0.235
-1.404,1.088
-1.426,1.268
-1.371,0.042
-1.374,0.395
-1.441,2.605
-1.55,0.433
-1.609,-0.513
-1.637,0.354
-1.704,0.224
-1.891,0.541
-1.967,0.762
-1.986,0.554
-1.936,2.667
-1.987,0.535
-2.024,1.819
-2.082,1.418
-2.043,1.065
-2.125,1.866
-2.182,-0.63
-2.194,1.713
-2.212,-0.174
-2.248,1.564
-2.356,0.48
-2.401,0.324
-2.388,0.086
-2.463,2.689
-2.554,-0.473
-2.589,2.963
-2.656,1.404
-2.678,-0.745
-2.655,1.384
-2.686,0.755
-2.784,0.071
-2.803,1.227
-2.82,1.738
-2.867,1.853
-2.901,-0.472
-2.972,1.224
-3.021,0.148
-3.093,1.188
3.069,0.353
3.078,2.94
2.992,1.27
2.916,2.835
2.957,1.178
2.871,0.545
2.871,2.752
2.897,2.415
2.821,0.633
2.741,0.913
2.729,2.598
2.669,2.569
2.644,1.082
2.707,0.582
2.697,2.292
2.615,2.192
2.622,0.054
2.603,-0.756
2.506,1.023
2.558,2.005
2.497,0.911
2.443,0.452
2.395,-0.379
2.425,1.547
2.376,-0.515
2.371,1.828
2.372,2.164
2.28,-0.511
2.329,2.784
2.223,2.904
2.276,1.907
2.198,2.607
1.852,1.331
1.895,2.357
1.795,2.89
1.799,0.116
1.842,1.474
1.757,-0.148
1.719,0.96
1.775,1.493
1.693,1.827
1.684,0.035
1.701,0.131
1.571,0.908
1.467,1.404
1.331,1.264
1.391,2.887
1.291,0.966
1.288,1.17
1.171,1.937
1.065,1.598
0.97,1.506
0.909,0.282
0.973,-0.648
0.963,1.094
0.915,0.138
0.752,0.172
0.687,-0.841
0.631,-0.754
0.596,1.546
0.623,0.896
0.601,1.804
0.596,2.39
0.577,2.15
0.607,1.558
0.54,0.301
0.538,0.172
0.595,2.984
0.591,2.353
0.507,0.323
0.481,0.762
0.493,1.114
0.502,1.576
0.348,1.965
0.399,0.644
0.053,-1.089
-0.031,-1.245
-0.069,-1.078
-0.525,-1.103
-0.722,-1.091
-0.948,-1.195
-1.379,-1.139
-1.503,-1.12
-1.822,-1.308
-1.864,-1.167
-2.788,-1.184
-2.856,-1.039
3.103,-1.002
2.81,-1.46
2.637,-1.376
2.661,-1.372
1.656,-1.205
1.056,-1.385
0.799,-1.147
0.408,-1.147
0.121,3.025
-0.038,3.033
-0.293,3.179
-0.346,3.15
-0.479,3.034
-1.932,2.988
-2.33,3.072
-2.429,3.088
2.748,3.203
2.168,3.178
1.76,3.161
1.55,3.227
0.842,2.957
0.629,3.191
-0.443,2.719
-1.765,0.586
-2.641,1.301
2.591,0.088
2.228,2.285
1.293,1.983
0.629,1.756
-0.058,-1.249
3.135,3.058
0.369,2.637
0.248,-0.671
0.268,0.051
0.08,0.217
0.051,-0.757
0.088,0.175
0.036,1.406
0.024,0.705
-0.05,-0.092
-0.257,1.254
-0.201,2.741
-0.226,0.598
-0.355,1.14
-0.376,2.593
-0.401,2.89
-0.409,2.745
-0.357,1.295
-0.564,2.781
-0.543,2.616
-0.804,2.832
-0.721,0.356
-0.838,1.108
-1.014,0.915
-1.011,-0.079
-0.901,0.579
-1.039,-0.474
-0.95,-0.912
-1.207,2.676
-1.34,1.435
-1.504,2.727
-1.386,1.348
-1.4,1.74
-1.539,-0.589
-1.469,1.662
-1.671,-0.787
-1.664,0.301
-1.781,2.084
-1.663,2.968
-1.722,-0.002
-1.905,2.383
-1.834,1.245
-1.861,2.523
-1.856,0.945
-1.996,1.581
-2.032,-0.739
-2.053,1.244
-1.986,0.304
-2.17,0.258
-2.071,1.337
-2.119,0.414
-2.338,0.4
-2.545,1.688
-2.459,2.917
-2.611,0.591
-2.628,-0.098
-2.568,1.592
-2.606,0.048
-2.76,0.22
-2.765,2.803
-2.924,0.971
-2.825,1.04
-2.979,3.042
-2.95,2.41
-3.127,2.294
-3.021,1.68
3.057,2.836
3.073,1.471
2.946,0.002
2.941,-0.062
2.788,1.21
2.896,-0.198
2.731,1.4
2.858,0.017
2.801,2.878
2.735,0.042
2.754,-0.633
2.576,2.379
2.702,0.59
2.635,1.512
2.613,2.712
2.609,-0.997
2.457,0.358
2.529,1.484
2.411,1.953
2.47,2.59
2.283,2.562
2.381,1.783
2.264,-0.248
2.255,1.509
2.057,1.726
2.052,1.049
2.118,0.641
2.101,0.201
1.956,2.715
2.053,0.196
1.931,-0.895
1.888,-0.792
1.872,1.974
1.739,1.941
1.661,1.296
1.676,1.0
1.664,2.971
1.437,2.163
1.564,2.497
1.222,1.408
1.317,-0.075
1.191,-0.184
1.14,0.525
1.042,-0.958
0.984,-0.079
0.925,1.443
0.786,-0.178
0.761,-0.062
0.767,0.968
0.607,1.209
0.733,0.404
0.684,1.768
0.624,0.216
0.582,0.339
0.467,1.895
0.299,0.642
-0.566,-1.276
-0.548,-1.184
-0.781,-1.271
-1.783,-1.444
-1.853,-1.008
-2.003,-1.28
-2.735,-1.19
-2.814,-1.071
3.0,-1.517
2.874,-1.248
2.0,-1.165
1.823,-1.35
1.579,-1.382
1.499,-1.099
0.993,-1.373
1.072,-1.334
1.084,-1.303
0.603,-1.396
0.485,-1.226
0.329,-1.369
0.153,3.028
-0.253,3.138
-1.714,3.036
-2.124,3.067
-2.363,3.04
-2.231,3.151
-2.467,3.111
-3.104,3.079
2.587,3.152
2.711,3.122
2.262,3.094
1.092,2.849
-0.161,2.473
-1.819,0.17
0.374,-0.214
-2.335,1.641
-2.636,2.131
-2.841,-0.038
2.76,0.0
2.678,0.823
2.224,2.144
1.761,1.156
1.083,2.538
1.014,2.224
0.875,2.344
0.768,1.867
-0.031,0.05
2.741,0.893
1.921,1.388
1.093,0.684
0.982,0.431
-1.146,-0.992
-2.573,-0.937
0.802,2.689
0.387,2.757
-0.026,-1.04
-0.105,-0.329
-0.14,-0.067
-0.082,-3.191
-0.1,-0.65
-0.137,-3.098
-0.14,-0.555
-0.159,0.57
-0.338,-1.863
-0.412,-0.238
-0.536,-2.536
-0.568,-0.685
-0.51,-0.716
-0.58,-2.79
-0.741,-1.022
-0.829,-1.116
-0.906,-0.448
-0.993,-1.196
-0.964,-1.051
-1.024,0.403
-1.217,-2.022
-1.255,-1.169
-1.277,-0.989
-1.222,-2.215
-1.225,-1.862
-1.292,0.348
-1.401,-1.824
-1.46,-2.77
-1.488,-1.903
-1.555,-2.033
-1.742,-1.716
-1.818,-1.495
-1.837,-1.703
-1.787,0.41
-1.838,-1.722
-1.875,-0.438
-1.933,-0.839
-1.894,-1.192
-1.976,-0.391
-2.033,-2.887
-2.045,-0.544
-2.063,-2.431
-2.099,-0.693
-2.207,-1.777
-2.252,-1.933
-2.239,-2.171
-2.314,0.432
-2.405,-2.73
-2.44,0.706
-2.507,-0.853
-2.529,-3.002
-2.506,-0.873
-2.537,-1.502
-2.635,-2.186
-2.654,-1.03
-2.671,-0.519
-2.718,-0.404
-2.752,-2.729
-2.823,-1.033
-2.872,-2.109
-2.944,-1.069
-3.065,-1.904
-3.056,0.683
3.141,-0.987
3.065,0.578
3.106,-1.079
3.02,-1.712
3.02,0.495
3.046,0.158
2.97,-1.624
2.89,-1.344
2.878,0.341
2.818,0.312
2.793,-1.175
2.856,-1.675
2.846,0.035
2.764,-0.065
2.771,-2.203
2.752,-3.013
2.655,-1.234
2.707,-0.252
2.646,-1.346
2.592,-1.805
2.544,-2.636
2.574,-0.71
2.525,-2.772
2.52,-0.429
2.521,-0.093
2.429,-2.768
2.478,0.527
2.372,0.647
2.425,-0.35
2.347,0.35
2.001,-0.926
2.044,0.1
1.944,0.633
1.948,-2.141
1.991,-0.783
1.906,-2.405
1.868,-1.297
1.924,-0.764
1.842,-0.43
1.833,-2.222
1.85,-2.126
1.72,-1.349
1.616,-0.853
1.48,-0.993
1.54,0.63
1.44,-1.291
1.437,-1.087
1.32,-0.32
1.214,-0.659
1.119,-0.751
1.058,-1.975
1.122,-2.905
1.112,-1.163
1.064,-2.119
0.901,-2.085
0.836,-3.098
0.78,-3.011
0.745,-0.711
0.772,-1.361
0.75,-0.453
0.745,0.133
0.726,-0.107
0.756,-0.699
0.689,-1.956
0.687,-2.085
0.744,0.727
0.74,0.096
0.656,-1.934
0.63,-1.495
0.642,-1.143
0.651,-0.681
0.497,-0.292
0.548,-1.613
0.202,-3.346
0.118,-3.502
0.08,-3.335
-0.376,-3.36
-0.573,-3.348
-0.799,-3.452
-1.23,-3.396
-1.354,-3.377
-1.673,-3.565
-1.715,-3.424
-2.639,-3.441
-2.707,-3.296
-3.031,-3.259
2.959,-3.717
2.786,-3.633
2.81,-3.629
1.805,-3.462
1.205,-3.642
0.948,-3.404
0.557,-3.404
0.27,0.768
0.111,0.776
-0.144,0.922
-0.197,0.893
-0.33,0.777
-1.783,0.731
-2.181,0.815
-2.28,0.831
2.897,0.946
2.317,0.921
1.909,0.904
1.699,0.97
0.991,0.7
0.778,0.934
-0.294,0.462
-1.616,-1.671
-2.492,-0.956
2.74,-2.169
2.377,0.028
1.442,-0.274
0.778,-0.501
0.091,-3.506
-2.999,0.801
0.518,0.38
0.397,-2.928
0.417,-2.206
0.229,-2.04
0.2,-3.014
0.237,-2.082
0.185,-0.851
0.173,-1.552
0.099,-2.349
-0.108,-1.003
-0.052,0.484
-0.077,-1.659
-0.206,-1.117
-0.227,0.336
-0.252,0.633
-0.26,0.488
-0.208,-0.962
-0.415,0.524
-0.394,0.359
-0.655,0.575
-0.572,-1.901
-0.689,-1.149
-0.865,-1.342
-0.862,-2.336
-0.752,-1.678
-0.89,-2.731
-0.801,-3.169
-1.058,0.419
-1.191,-0.822
-1.355,0.47
-1.237,-0.909
-1.251,-0.517
-1.39,-2.846
-1.32,-0.595
-1.522,-3.044
-1.515,-1.956
-1.632,-0.173
-1.514,0.711
-1.573,-2.259
-1.756,0.126
-1.685,-1.012
-1.712,0.266
-1.707,-1.312
-1.847,-0.676
-1.883,-2.996
-1.904,-1.013
-1.837,-1.953
-2.021,-1.999
-1.922,-0.92
-1.97,-1.843
-2.189,-1.857
-2.396,-0.569
-2.31,0.66
-2.462,-1.666
-2.479,-2.355
-2.419,-0.665
-2.457,-2.209
-2.611,-2.037
-2.616,0.546
-2.775,-1.286
-2.676,-1.217
-2.83,0.785
-2.801,0.153
-2.978,0.037
-2.872,-0.577
-3.077,0.579
-3.061,-0.786
3.095,-2.255
3.09,-2.319
2.937,-1.047
3.045,-2.455
2.88,-0.857
3.007,-2.24
2.95,0.621
2.884,-2.215
2.903,-2.89
2.725,0.122
2.851,-1.667
2.784,-0.745
2.762,0.455
2.758,-3.254
2.606,-1.899
2.678,-0.773
2.56,-0.304
2.619,0.333
2.432,0.305
2.53,-0.474
2.413,-2.505
2.404,-0.748
2.206,-0.531
2.201,-1.208
2.267,-1.616
2.25,-2.056
2.105,0.458
2.202,-2.061
2.08,-3.152
2.037,-3.049
2.021,-0.283
1.888,-0.316
1.81,-0.961
1.825,-1.257
1.813,0.714
1.586,-0.094
1.713,0.24
1.371,-0.849
1.466,-2.332
1.34,-2.441
1.289,-1.732
1.191,-3.215
1.133,-2.336
1.074,-0.814
0.935,-2.435
0.91,-2.319
0.916,-1.289
0.756,-1.048
0.882,-1.853
0.833,-0.489
0.773,-2.041
0.731,-1.918
0.616,-0.362
0.448,-1.615
-0.417,-3.533
-0.399,-3.441
-0.632,-3.528
-1.634,-3.701
-1.704,-3.265
-1.854,-3.537
-2.586,-3.447
-2.665,-3.328
-3.134,-3.774
3.023,-3.505
2.149,-3.422
1.972,-3.607
1.728,-3.639
1.648,-3.356
1.142,-3.63
1.221,-3.591
1.233,-3.56
0.752,-3.653
0.634,-3.483
0.478,-3.626
0.302,0.771
-0.104,0.881
-1.565,0.779
-1.975,0.81
-2.214,0.783
-2.082,0.894
-2.318,0.854
-2.955,0.822
2.736,0.895
2.86,0.865
2.411,0.837
1.241,0.592
-0.012,0.216
-1.67,-2.087
0.523,-2.471
-2.186,-0.616
-2.487,-0.126
-2.692,-2.295
2.909,-2.257
2.827,-1.434
2.373,-0.113
1.91,-1.101
1.232,0.281
1.163,-0.033
1.024,0.087
0.917,-0.39
0.118,-2.207
2.89,-1.364
2.07,-0.869
1.242,-1.573
1.131,-1.826
-0.997,-3.249
-2.424,-3.194
0.951,0.432
0.536,0.5
-0.079,0.711
-0.114,0.973
-0.056,-2.151
-0.074,0.39
-0.111,-2.058
-0.114,0.485
-0.133,1.61
-0.312,-0.823
-0.386,0.802
-0.51,-1.496
-0.542,0.355
-0.484,0.324
-0.554,-1.75
-0.715,0.018
-0.803,-0.076
-0.88,0.592
-0.967,-0.156
-0.938,-0.011
-0.998,1.443
-1.191,-0.982
-1.229,-0.129
-1.251,0.051
-1.196,-1.175
-1.199,-0.822
-1.266,1.388
-1.375,-0.784
-1.434,-1.73
-1.462,-0.863
-1.529,-0.993
-1.716,-0.676
-1.792,-0.455
-1.811,-0.663
-1.761,1.45
-1.812,-0.682
-1.849,0.602
-1.907,0.201
-1.868,-0.152
-1.95,0.649
-2.007,-1.847
-2.019,0.496
-2.037,-1.391
-2.073,0.347
-2.181,-0.737
-2.226,-0.893
-2.213,-1.131
-2.288,1.472
-2.379,-1.69
-2.414,1.746
-2.481,0.187
-2.503,-1.962
-2.48,0.167
-2.511,-0.462
-2.609,-1.146
-2.628,0.01
-2.645,0.521
-2.692,0.636
-2.726,-1.689
-2.797,0.007
-2.846,-1.069
-2.918,-0.029
-3.039,-0.864
-3.03,1.723
-3.116,0.053
3.091,1.618
3.132,-0.039
3.046,-0.672
3.046,1.535
3.072,1.198
2.996,-0.584
2.916,-0.304
2.904,1.381
2.844,1.352
2.819,-0.135
2.882,-0.635
2.872,1.075
2.79,0.975
2.797,-1.163
2.778,-1.973
2.681,-0.194
2.733,0.788
2.672,-0.306
2.618,-0.765
2.57,-1.596
2.6,0.33
2.551,-1.732
2.546,0.611
2.547,0.947
2.455,-1.728
2.504,1.567
2.398,1.687
2.451,0.69
2.373,1.39
2.027,0.114
2.07,1.14
1.97,1.673
1.974,-1.101
2.017,0.257
1.932,-1.365
1.894,-0.257
1.95,0.276
1.868,0.61
1.859,-1.182
1.876,-1.086
1.746,-0.309
1.642,0.187
1.506,0.047
1.566,1.67
1.466,-0.251
1.463,-0.047
1.346,0.72
1.24,0.381
1.145,0.289
1.084,-0.935
1.148,-1.865
1.138,-0.123
1.09,-1.079
0.927,-1.045
0.862,-2.058
0.806,-1.971
0.771,0.329
0.798,-0.321
0.776,0.587
0.771,1.173
0.752,0.933
0.782,0.341
0.715,-0.916
0.713,-1.045
0.77,1.767
0.766,1.136
0.682,-0.894
0.656,-0.455
0.668,-0.103
0.677,0.359
0.523,0.748
0.574,-0.573
0.228,-2.306
0.144,-2.462
0.106,-2.295
-0.35,-2.32
-0.547,-2.308
-0.773,-2.412
-1.204,-2.356
-1.328,-2.337
-1.647,-2.525
-1.689,-2.384
-2.613,-2.401
-2.681,-2.256
-3.005,-2.219
2.985,-2.677
2.812,-2.593
2.836,-2.589
1.831,-2.422
1.231,-2.602
0.974,-2.364
0.583,-2.364
0.296,1.808
0.137,1.816
-0.118,1.962
-0.171,1.933
-0.304,1.817
-1.757,1.771
-2.155,1.855
-2.254,1.871
2.923,1.986
2.343,1.961
1.935,1.944
1.725,2.01
1.017,1.74
0.804,1.974
-0.268,1.502
-1.59,-0.631
-2.466,0.084
2.766,-1.129
2.403,1.068
1.468,0.766
0.804,0.539
0.117,-2.466
-2.973,1.841
0.544,1.42
0.423,-1.888
0.443,-1.166
0.255,-1.0
0.226,-1.974
0.263,-1.042
0.211,0.189
0.199,-0.512
0.125,-1.309
-0.082,0.037
-0.026,1.524
-0.051,-0.619
-0.18,-0.077
-0.201,1.376
-0.226,1.673
-0.234,1.528
-0.182,0.078
-0.389,1.564
-0.368,1.399
-0.629,1.615
-0.546,-0.861
-0.663,-0.109
-0.839,-0.302
-0.836,-1.296
-0.726,-0.638
-0.864,-1.691
-0.775,-2.129
-1.032,1.459
-1.165,0.218
-1.329,1.51
-1.211,0.131
-1.225,0.523
-1.364,-1.806
-1.294,0.445
-1.496,-2.004
-1.489,-0.916
-1.606,0.867
-1.488,1.751
-1.547,-1.219
-1.73,1.166
-1.659,0.028
-1.686,1.306
-1.681,-0.272
-1.821,0.364
-1.857,-1.956
-1.878,0.027
-1.811,-0.913
-1.995,-0.959
-1.896,0.12
-1.944,-0.803
-2.163,-0.817
-2.37,0.471
-2.284,1.7
-2.436,-0.626
-2.453,-1.315
-2.393,0.375
-2.431,-1.169
-2.585,-0.997
-2.59,1.586
-2.749,-0.246
-2.65,-0.177
-2.804,1.825
-2.775,1.193
-2.952,1.077
-2.846,0.463
-3.051,1.619
-3.035,0.254
3.121,-1.215
3.116,-1.279
2.963,-0.007
3.071,-1.415
2.906,0.183
3.033,-1.2
2.976,1.661
2.91,-1.175
2.929,-1.85
2.751,1.162
2.877,-0.627
2.81,0.295
2.788,1.495
2.784,-2.214
2.632,-0.859
2.704,0.267
2.586,0.736
2.645,1.373
2.458,1.345
2.556,0.566
2.439,-1.465
2.43,0.292
2.232,0.509
2.227,-0.168
2.293,-0.576
2.276,-1.016
2.131,1.498
2.228,-1.021
2.106,-2.112
2.063,-2.009
2.047,0.757
1.914,0.724
1.836,0.079
1.851,-0.217
1.839,1.754
1.612,0.946
1.739,1.28
1.397,0.191
1.492,-1.292
1.366,-1.401
1.315,-0.692
1.217,-2.175
1.159,-1.296
1.1,0.226
0.961,-1.395
0.936,-1.279
0.942,-0.249
0.782,-0.008
0.908,-0.813
0.859,0.551
0.799,-1.001
0.757,-0.878
0.642,0.678
0.474,-0.575
-0.391,-2.493
-0.373,-2.401
-0.606,-2.488
-1.608,-2.661
-1.678,-2.225
-1.828,-2.497
-2.56,-2.407
-2.639,-2.288
-3.108,-2.734
3.049,-2.465
2.175,-2.382
1.998,-2.567
1.754,-2.599
1.674,-2.316
1.168,-2.59
1.247,-2.551
1.259,-2.52
0.778,-2.613
0.66,-2.443
0.504,-2.586
0.328,1.811
-0.078,1.921
-1.539,1.819
-1.949,1.85
-2.188,1.823
-2.056,1.934
-2.292,1.894
-2.929,1.862
2.762,1.935
2.886,1.905
2.437,1.877
1.267,1.632
0.014,1.256
-1.644,-1.047
0.549,-1.431
-2.16,0.424
-2.461,0.914
-2.666,-1.255
2.935,-1.217
2.853,-0.394
2.399,0.927
1.936,-0.061
1.258,1.321
1.189,1.007
1.05,1.127
0.943,0.65
0.144,-1.167
2.916,-0.324
2.096,0.171
1.268,-0.533
1.157,-0.786
-0.971,-2.209
-2.398,-2.154
0.977,1.472
0.562,1.54
-0.035,0.262
0.023,-2.862
0.005,-0.321
-0.032,-2.769
-0.035,-0.226
-0.054,0.899
-0.233,-1.534
-0.307,0.091
-0.431,-2.207
-0.463,-0.356
-0.405,-0.387
-0.475,-2.461
-0.636,-0.693
-0.724,-0.787
-0.801,-0.119
-0.888,-0.867
-0.859,-0.722
-0.919,0.732
-1.112,-1.693
-1.15,-0.84
-1.172,-0.66
-1.117,-1.886
-1.12,-1.533
-1.187,0.677
-1.296,-1.495
-1.355,-2.441
-1.383,-1.574
-1.45,-1.704
-1.637,-1.387
-1.713,-1.166
-1.732,-1.374
-1.682,0.739
-1.733,-1.393
-1.77,-0.109
-1.828,-0.51
-1.789,-0.863
-1.871,-0.062
-1.928,-2.558
-1.94,-0.215
-1.958,-2.102
-1.994,-0.364
-2.102,-1.448
-2.147,-1.604
-2.134,-1.842
-2.209,0.761
-2.3,-2.401
-2.335,1.035
-2.402,-0.524
-2.424,-2.673
-2.401,-0.544
-2.432,-1.173
-2.53,-1.857
-2.549,-0.701
-2.566,-0.19
-2.613,-0.075
-2.647,-2.4
-2.718,-0.704
-2.767,-1.78
-2.839,-0.74
-2.96,-1.575
-2.951,1.012
-3.037,-0.658
-3.113,0.907
-3.072,-0.75
3.125,-1.383
3.125,0.824
-3.132,0.487
3.075,-1.295
2.995,-1.015
2.983,0.67
2.923,0.641
2.898,-0.846
2.961,-1.346
2.951,0.364
2.869,0.264
2.876,-1.874
2.857,-2.684
2.76,-0.905
2.812,0.077
2.751,-1.017
2.697,-1.476
2.649,-2.307
2.679,-0.381
2.63,-2.443
2.625,-0.1
2.626,0.236
2.534,-2.439
2.583,0.856
2.477,0.976
2.53,-0.021
2.452,0.679
2.106,-0.597
2.149,0.429
2.049,0.962
2.053,-1.812
2.096,-0.454
2.011,-2.076
1.973,-0.968
2.029,-0.435
1.947,-0.101
1.938,-1.893
1.955,-1.797
1.825,-1.02
1.721,-0.524
1.585,-0.664
1.645,0.959
1.545,-0.962
1.542,-0.758
1.425,0.009
1.319,-0.33
1.224,-0.422
1.163,-1.646
1.227,-2.576
1.217,-0.834
1.169,-1.79
1.006,-1.756
0.941,-2.769
0.885,-2.682
0.85,-0.382
0.877,-1.032
0.855,-0.124
0.85,0.462
0.831,0.222
0.861,-0.37
0.794,-1.627
0.792,-1.756
0.849,1.056
0.845,0.425
0.761,-1.605
0.735,-1.166
0.747,-0.814
0.756,-0.352
0.602,0.037
0.653,-1.284
0.307,-3.017
0.223,-3.173
0.185,-3.006
-0.271,-3.031
-0.468,-3.019
-0.694,-3.123
-1.125,-3.067
-1.249,-3.048
-1.568,-3.236
-1.61,-3.095
-2.534,-3.112
-2.602,-2.967
-2.926,-2.93
3.064,-3.388
2.891,-3.304
2.915,-3.3
1.91,-3.133
1.31,-3.313
1.053,-3.075
0.662,-3.075
0.375,1.097
0.216,1.105
-0.039,1.251
-0.092,1.222
-0.225,1.106
-1.678,1.06
-2.076,1.144
-2.175,1.16
3.002,1.275
2.422,1.25
2.014,1.233
1.804,1.299
1.096,1.029
0.883,1.263
-0.189,0.791
-1.511,-1.342
-2.387,-0.627
2.845,-1.84
2.482,0.357
1.547,0.055
0.883,-0.172
0.196,-3.177
-2.894,1.13
0.623,0.709
0.502,-2.599
0.522,-1.877
0.334,-1.711
0.305,-2.685
0.342,-1.753
0.29,-0.522
0.278,-1.223
0.204,-2.02
-0.003,-0.674
0.053,0.813
0.028,-1.33
-0.101,-0.788
-0.122,0.665
-0.147,0.962
-0.155,0.817
-0.103,-0.633
-0.31,0.853
-0.289,0.688
-0.55,0.904
-0.467,-1.572
-0.584,-0.82
-0.76,-1.013
-0.757,-2.007
-0.647,-1.349
-0.785,-2.402
-0.696,-2.84
-0.953,0.748
-1.086,-0.493
-1.25,0.799
-1.132,-0.58
-1.146,-0.188
-1.285,-2.517
-1.215,-0.266
-1.417,-2.715
-1.41,-1.627
-1.527,0.156
-1.409,1.04
-1.468,-1.93
-1.651,0.455
-1.58,-0.683
-1.607,0.595
-1.602,-0.983
-1.742,-0.347
-1.778,-2.667
-1.799,-0.684
-1.732,-1.624
-1.916,-1.67
-1.817,-0.591
-1.865,-1.514
-2.084,-1.528
-2.291,-0.24
-2.205,0.989
-2.357,-1.337
-2.374,-2.026
-2.314,-0.336
-2.352,-1.88
-2.506,-1.708
-2.511,0.875
-2.67,-0.957
-2.571,-0.888
-2.725,1.114
-2.696,0.482
-2.873,0.366
-2.767,-0.248
-2.972,0.908
-2.956,-0.457
-3.083,-1.926
-3.088,-1.99
3.042,-0.718
-3.133,-2.126
2.985,-0.528
3.112,-1.911
3.055,0.95
2.989,-1.886
3.008,-2.561
2.83,0.451
2.956,-1.338
2.889,-0.416
2.867,0.784
2.863,-2.925
2.711,-1.57
2.783,-0.444
2.665,0.025
2.724,0.662
2.537,0.634
2.635,-0.145
2.518,-2.176
2.509,-0.419
2.311,-0.202
2.306,-0.879
2.372,-1.287
2.355,-1.727
2.21,0.787
2.307,-1.732
2.185,-2.823
2.142,-2.72
2.126,0.046
1.993,0.013
1.915,-0.632
1.93,-0.928
1.918,1.043
1.691,0.235
1.818,0.569
1.476,-0.52
1.571,-2.003
1.445,-2.112
1.394,-1.403
1.296,-2.886
1.238,-2.007
1.179,-0.485
1.04,-2.106
1.015,-1.99
1.021,-0.96
0.861,-0.719
0.987,-1.524
0.938,-0.16
0.878,-1.712
0.836,-1.589
0.721,-0.033
0.553,-1.286
-0.312,-3.204
-0.294,-3.112
-0.527,-3.199
-1.529,-3.372
-1.599,-2.936
-1.749,-3.208
-2.481,-3.118
-2.56,-2.999
-3.029,-3.445
3.128,-3.176
2.254,-3.093
2.077,-3.278
1.833,-3.31
1.753,-3.027
1.247,-3.301
1.326,-3.262
1.338,-3.231
0.857,-3.324
0.739,-3.154
0.583,-3.297
0.407,1.1
0.001,1.21
-1.46,1.108
-1.87,1.139
-2.109,1.112
-1.977,1.223
-2.213,1.183
-2.85,1.151
2.841,1.224
2.965,1.194
2.516,1.166
1.346,0.921
0.093,0.545
-1.565,-1.758
0.628,-2.142
-2.081,-0.287
-2.382,0.203
-2.587,-1.966
3.014,-1.928
2.932,-1.105
2.478,0.216
2.015,-0.772
1.337,0.61
1.268,0.296
1.129,0.416
1.022,-0.061
0.223,-1.878
2.995,-1.035
2.175,-0.54
1.347,-1.244
1.236,-1.497
-0.892,-2.92
-2.319,-2.865
1.056,0.761
0.641,0.829
0.058,-3.124
0.04,-0.583
0.003,-3.031
0.0,-0.488
-0.019,0.637
-0.198,-1.796
-0.272,-0.171
-0.396,-2.469
-0.428,-0.618
-0.37,-0.649
-0.44,-2.723
-0.601,-0.955
-0.689,-1.049
-0.766,-0.381
-0.853,-1.129
-0.824,-0.984
-0.884,0.47
-1.077,-1.955
-1.115,-1.102
-1.137,-0.922
-1.082,-2.148
-1.085,-1.795
-1.152,0.415
-1.261,-1.757
-1.32,-2.703
-1.348,-1.836
-1.415,-1.966
-1.602,-1.649
-1.678,-1.428
-1.697,-1.636
-1.647,0.477
-1.698,-1.655
-1.735,-0.371
-1.793,-0.772
-1.754,-1.125
-1.836,-0.324
-1.893,-2.82
-1.905,-0.477
-1.923,-2.364
-1.959,-0.626
-2.067,-1.71
-2.112,-1.866
-2.099,-2.104
-2.174,0.499
-2.265,-2.663
-2.3,0.773
-2.367,-0.786
-2.389,-2.935
-2.366,-0.806
-2.397,-1.435
-2.495,-2.119
-2.514,-0.963
-2.531,-0.452
-2.578,-0.337
-2.612,-2.662
-2.683,-0.966
-2.732,-2.042
-2.804,-1.002
-2.925,-1.837
-2.916,0.75
-3.002,-0.92
-3.078,0.645
-3.037,-1.012
-3.123,-1.645
-3.123,0.562
-3.097,0.225
3.11,-1.557
3.03,-1.277
3.018,0.408
2.958,0.379
2.933,-1.108
2.996,-1.608
2.986,0.102
2.904,0.002
2.911,-2.136
2.892,-2.946
2.795,-1.167
2.847,-0.185
2.786,-1.279
2.732,-1.738
2.684,-2.569
2.714,-0.643
2.665,-2.705
2.66,-0.362
2.661,-0.026
2.569,-2.701
2.618,0.594
2.512,0.714
2.565,-0.283
2.487,0.417
2.141,-0.859
2.184,0.167
2.084,0.7
2.088,-2.074
2.131,-0.716
2.046,-2.338
2.008,-1.23
2.064,-0.697
1.982,-0.363
1.973,-2.155
1.99,-2.059
1.86,-1.282
1.756,-0.786
1.62,-0.926
1.68,0.697
1.58,-1.224
1.577,-1.02
1.46,-0.253
1.354,-0.592
1.259,-0.684
1.198,-1.908
1.262,-2.838
1.252,-1.096
1.204,-2.052
1.041,-2.018
0.976,-3.031
0.92,-2.944
0.885,-0.644
0.912,-1.294
0.89,-0.386
0.885,0.2
0.866,-0.04
0.896,-0.632
0.829,-1.889
0.827,-2.018
0.884,0.794
0.88,0.163
0.796,-1.867
0.77,-1.428
0.782,-1.076
0.791,-0.614
0.637,-0.225
0.688,-1.546
0.342,-3.279
0.258,-3.435
0.22,-3.268
-0.236,-3.293
-0.433,-3.281
-0.659,-3.385
-1.09,-3.329
-1.214,-3.31
-1.533,-3.498
-1.575,-3.357
-2.499,-3.374
-2.567,-3.229
-2.891,-3.192
3.099,-3.65
2.926,-3.566
2.95,-3.562
1.945,-3.395
1.345,-3.575
1.088,-3.337
0.697,-3.337
0.41,0.835
0.251,0.843
-0.004,0.989
-0.057,0.96
-0.19,0.844
-1.643,0.798
-2.041,0.882
-2.14,0.898
3.037,1.013
2.457,0.988
2.049,0.971
1.839,1.037
1.131,0.767
0.918,1.001
-0.154,0.529
-1.476,-1.604
-2.352,-0.889
2.88,-2.102
2.517,0.095
1.582,-0.207
0.918,-0.434
0.231,-3.439
-2.859,0.868
0.658,0.447
0.537,-2.861
0.557,-2.139
0.369,-1.973
0.34,-2.947
0.377,-2.015
0.325,-0.784
0.313,-1.485
0.239,-2.282
0.032,-0.936
0.088,0.551
0.063,-1.592
-0.066,-1.05
-0.087,0.403
-0.112,0.7
-0.12,0.555
-0.068,-0.895
-0.275,0.591
-0.254,0.426
-0.515,0.642
-0.432,-1.834
-0.549,-1.082
-0.725,-1.275
-0.722,-2.269
-0.612,-1.611
-0.75,-2.664
-0.661,-3.102
-0.918,0.486
-1.051,-0.755
-1.215,0.537
-1.097,-0.842
-1.111,-0.45
-1.25,-2.779
-1.18,-0.528
-1.382,-2.977
-1.375,-1.889
-1.492,-0.106
-1.374,0.778
-1.433,-2.192
-1.616,0.193
-1.545,-0.945
-1.572,0.333
-1.567,-1.245
-1.707,-0.609
-1.743,-2.929
-1.764,-0.946
-1.697,-1.886
-1.881,-1.932
-1.782,-0.853
-1.83,-1.776
-2.049,-1.79
-2.256,-0.502
-2.17,0.727
-2.322,-1.599
-2.339,-2.288
-2.279,-0.598
-2.317,-2.142
-2.471,-1.97
-2.476,0.613
-2.635,-1.219
-2.536,-1.15
-2.69,0.852
-2.661,0.22
-2.838,0.104
-2.732,-0.51
-2.937,0.646
-2.921,-0.719
-3.048,-2.188
-3.053,-2.252
3.077,-0.98
-3.098,-2.388
3.02,-0.79
-3.136,-2.173
3.09,0.688
3.024,-2.148
3.043,-2.823
2.865,0.189
2.991,-1.6
2.924,-0.678
2.902,0.522
2.898,-3.187
2.746,-1.832
2.818,-0.706
2.7,-0.237
2.759,0.4
2.572,0.372
2.67,-0.407
2.553,-2.438
2.544,-0.681
2.346,-0.464
2.341,-1.141
2.407,-1.549
2.39,-1.989
2.245,0.525
2.342,-1.994
2.22,-3.085
2.177,-2.982
2.161,-0.216
2.028,-0.249
1.95,-0.894
1.965,-1.19
1.953,0.781
1.726,-0.027
1.853,0.307
1.511,-0.782
1.606,-2.265
1.48,-2.374
1.429,-1.665
1.331,-3.148
1.273,-2.269
1.214,-0.747
1.075,-2.368
1.05,-2.252
1.056,-1.222
0.896,-0.981
1.022,-1.786
0.973,-0.422
0.913,-1.974
0.871,-1.851
0.756,-0.295
0.588,-1.548
-0.277,-3.466
-0.259,-3.374
-0.492,-3.461
-1.494,-3.634
-1.564,-3.198
-1.714,-3.47
-2.446,-3.38
-2.525,-3.261
-2.994,-3.707
-3.12,-3.438
2.289,-3.355
2.112,-3.54
1.868,-3.572
1.788,-3.289
1.282,-3.563
1.361,-3.524
1.373,-3.493
0.892,-3.586
0.774,-3.416
0.618,-3.559
0.442,0.838
0.036,0.948
-1.425,0.846
-1.835,0.877
-2.074,0.85
-1.942,0.961
-2.178,0.921
-2.815,0.889
2.876,0.962
3.0,0.932
2.551,0.904
1.381,0.659
0.128,0.283
-1.53,-2.02
0.663,-2.404
-2.046,-0.549
-2.347,-0.059
-2.552,-2.228
3.049,-2.19
2.967,-1.367
2.513,-0.046
2.05,-1.034
1.372,0.348
1.303,0.034
1.164,0.154
1.057,-0.323
0.258,-2.14
3.03,-1.297
2.21,-0.802
1.382,-1.506
1.271,-1.759
-0.857,-3.182
-2.284,-3.127
1.091,0.499
0.676,0.567
-0.018,2.541
-0.055,0.093
-0.058,2.636
-0.077,3.761
-0.256,1.328
-0.33,2.953
-0.454,0.655
-0.486,2.506
-0.428,2.475
-0.498,0.401
-0.659,2.169
-0.747,2.075
-0.824,2.743
-0.911,1.995
-0.882,2.14
-0.942,3.594
-1.135,1.169
-1.173,2.022
-1.195,2.202
-1.14,0.976
-1.143,1.329
-1.21,3.539
-1.319,1.367
-1.378,0.421
-1.406,1.288
-1.473,1.158
-1.66,1.475
-1.736,1.696
-1.755,1.488
-1.705,3.601
-1.756,1.469
-1.793,2.753
-1.851,2.352
-1.812,1.999
-1.894,2.8
-1.951,0.304
-1.963,2.647
-1.981,0.76
-2.017,2.498
-2.125,1.414
-2.17,1.258
-2.157,1.02
-2.232,3.623
-2.323,0.461
-2.358,3.897
-2.425,2.338
-2.447,0.189
-2.424,2.318
-2.455,1.689
-2.553,1.005
-2.572,2.161
-2.589,2.672
-2.636,2.787
-2.67,0.462
-2.741,2.158
-2.79,1.082
-2.862,2.122
-2.983,1.287
-2.974,3.874
-3.06,2.204
-3.136,3.769
-3.095,2.112
3.102,1.479
3.102,3.686
3.128,3.349
3.052,1.567
2.972,1.847
2.96,3.532
2.9,3.503
2.875,2.016
2.938,1.516
2.928,3.226
2.846,3.126
2.853,0.988
2.834,0.178
2.737,1.957
2.789,2.939
2.728,1.845
2.674,1.386
2.626,0.555
2.656,2.481
2.607,0.419
2.602,2.762
2.603,3.098
2.511,0.423
2.56,3.718
2.454,3.838
2.507,2.841
2.429,3.541
2.083,2.265
2.126,3.291
2.026,3.824
2.03,1.05
2.073,2.408
1.988,0.786
1.95,1.894
2.006,2.427
1.924,2.761
1.915,0.969
1.932,1.065
1.802,1.842
1.698,2.338
1.562,2.198
1.622,3.821
1.522,1.9
1.519,2.104
1.402,2.871
1.296,2.532
1.201,2.44
1.14,1.216
1.204,0.286
1.194,2.028
1.146,1.072
0.983,1.106
0.918,0.093
0.862,0.18
0.827,2.48
0.854,1.83
0.832,2.738
0.827,3.324
0.808,3.084
0.838,2.492
0.771,1.235
0.769,1.106
0.826,3.918
0.822,3.287
0.738,1.257
0.712,1.696
0.724,2.048
0.733,2.51
0.579,2.899
0.63,1.578
0.284,-0.155
0.2,-0.311
0.162,-0.144
-0.294,-0.169
-0.491,-0.157
-0.717,-0.261
-1.148,-0.205
-1.272,-0.186
-1.591,-0.374
-1.633,-0.233
-2.557,-0.25
-2.625,-0.105
-2.949,-0.068
3.041,-0.526
2.868,-0.442
2.892,-0.438
1.887,-0.271
1.287,-0.451
1.03,-0.213
0.639,-0.213
0.352,3.959
0.193,3.967
-0.062,4.113
-0.115,4.084
-0.248,3.968
-1.701,3.922
-2.099,4.006
-2.198,4.022
2.979,4.137
2.399,4.112
1.991,4.095
1.781,4.161
1.073,3.891
0.86,4.125
-0.212,3.653
-1.534,1.52
-2.41,2.235
2.822,1.022
2.459,3.219
1.524,2.917
0.86,2.69
0.173,-0.315
-2.917,3.992
0.6,3.571
0.479,0.263
0.499,0.985
0.311,1.151
0.282,0.177
0.319,1.109
0.267,2.34
0.255,1.639
0.181,0.842
-0.026,2.188
0.03,3.675
0.005,1.532
-0.124,2.074
-0.145,3.527
-0.17,3.824
-0.178,3.679
-0.126,2.229
-0.333,3.715
-0.312,3.55
-0.573,3.766
-0.49,1.29
-0.607,2.042
-0.783,1.849
-0.78,0.855
-0.67,1.513
-0.808,0.46
-0.719,0.022
-0.976,3.61
-1.109,2.369
-1.273,3.661
-1.155,2.282
-1.169,2.674
-1.308,0.345
-1.238,2.596
-1.44,0.147
-1.433,1.235
-1.55,3.018
-1.432,3.902
-1.491,0.932
-1.674,3.317
-1.603,2.179
-1.63,3.457
-1.625,1.879
-1.765,2.515
-1.801,0.195
-1.822,2.178
-1.755,1.238
-1.939,1.192
-1.84,2.271
-1.888,1.348
-2.107,1.334
-2.314,2.622
-2.228,3.851
-2.38,1.525
-2.397,0.836
-2.337,2.526
-2.375,0.982
-2.529,1.154
-2.534,3.737
-2.693,1.905
-2.594,1.974
-2.748,3.976
-2.719,3.344
-2.896,3.228
-2.79,2.614
-2.995,3.77
-2.979,2.405
-3.106,0.936
-3.111,0.872
3.019,2.144
3.127,0.736
2.962,2.334
3.089,0.951
3.032,3.812
2.966,0.976
2.985,0.301
2.807,3.313
2.933,1.524
2.866,2.446
2.844,3.646
2.84,-0.063
2.688,1.292
2.76,2.418
2.642,2.887
2.701,3.524
2.514,3.496
2.612,2.717
2.495,0.686
2.486,2.443
2.288,2.66
2.283,1.983
2.349,1.575
2.332,1.135
2.187,3.649
2.284,1.13
2.162,0.039
2.119,0.142
2.103,2.908
1.97,2.875
1.892,2.23
1.907,1.934
1.895,3.905
1.668,3.097
1.795,3.431
1.453,2.342
1.548,0.859
1.422,0.75
1.371,1.459
1.273,-0.024
1.215,0.855
1.156,2.377
1.017,0.756
0.992,0.872
0.998,1.902
0.838,2.143
0.964,1.338
0.915,2.702
0.855,1.15
0.813,1.273
0.698,2.829
0.53,1.576
-0.335,-0.342
-0.317,-0.25
-0.55,-0.337
-1.552,-0.51
-1.622,-0.074
-1.772,-0.346
-2.504,-0.256
-2.583,-0.137
-3.052,-0.583
3.105,-0.314
2.231,-0.231
2.054,-0.416
1.81,-0.448
1.73,-0.165
1.224,-0.439
1.303,-0.4
1.315,-0.369
0.834,-0.462
0.716,-0.292
0.56,-0.435
0.384,3.962
-0.022,4.072
-1.483,3.97
-1.893,4.001
-2.132,3.974
-2.0,4.085
-2.236,4.045
-2.873,4.013
2.818,4.086
2.942,4.056
2.493,4.028
1.323,3.783
0.07,3.407
-1.588,1.104
0.605,0.72
-2.104,2.575
-2.405,3.065
-2.61,0.896
2.991,0.934
2.909,1.757
2.455,3.078
1.992,2.09
1.314,3.472
1.245,3.158
1.106,3.278
0.999,2.801
0.2,0.984
2.972,1.827
2.152,2.322
1.324,1.618
1.213,1.365
-0.915,-0.058
-2.342,-0.003
1.033,3.623
0.618,3.691
-0.037,-2.448
-0.04,0.095
-0.059,1.22
-0.238,-1.213
-0.312,0.412
-0.436,-1.886
-0.468,-0.035
-0.41,-0.066
-0.48,-2.14
-0.641,-0.372
-0.729,-0.466
-0.806,0.202
-0.893,-0.546
-0.864,-0.401
-0.924,1.053
-1.117,-1.372
-1.155,-0.519
-1.177,-0.339
-1.122,-1.565
-1.125,-1.212
-1.192,0.998
-1.301,-1.174
-1.36,-2.12
-1.388,-1.253
-1.455,-1.383
-1.642,-1.066
-1.718,-0.845
-1.737,-1.053
-1.687,1.06
-1.738,-1.072
-1.775,0.212
-1.833,-0.189
-1.794,-0.542
-1.876,0.259
-1.933,-2.237
-1.945,0.106
-1.963,-1.781
-1.999,-0.043
-2.107,-1.127
-2.152,-1.283
-2.139,-1.521
-2.214,1.082
-2.305,-2.08
-2.34,1.356
-2.407,-0.203
-2.429,-2.352
-2.406,-0.223
-2.437,-0.852
-2.535,-1.536
-2.554,-0.38
-2.571,0.131
-2.618,0.246
-2.652,-2.079
-2.723,-0.383
-2.772,-1.459
-2.844,-0.419
-2.965,-1.254
-2.956,1.333
-3.042,-0.337
-3.118,1.228
-3.077,-0.429
3.12,-1.062
3.12,1.145
-3.137,0.808
3.07,-0.974
2.99,-0.694
2.978,0.991
2.918,0.962
2.893,-0.525
2.956,-1.025
2.946,0.685
2.864,0.585
2.871,-1.553
2.852,-2.363
2.755,-0.584
2.807,0.398
2.746,-0.696
2.692,-1.155
2.644,-1.986
2.674,-0.06
2.625,-2.122
2.62,0.221
2.621,0.557
2.529,-2.118
2.578,1.177
2.472,1.297
2.525,0.3
2.447,1.0
2.101,-0.276
2.144,0.75
2.044,1.283
2.048,-1.491
2.091,-0.133
2.006,-1.755
1.968,-0.647
2.024,-0.114
1.942,0.22
1.933,-1.572
1.95,-1.476
1.82,-0.699
1.716,-0.203
1.58,-0.343
1.64,1.28
1.54,-0.641
1.537,-0.437
1.42,0.33
1.314,-0.009
1.219,-0.101
1.158,-1.325
1.222,-2.255
1.212,-0.513
1.164,-1.469
1.001,-1.435
0.936,-2.448
0.88,-2.361
0.845,-0.061
0.872,-0.711
0.85,0.197
0.845,0.783
0.826,0.543
0.856,-0.049
0.789,-1.306
0.787,-1.435
0.844,1.377
0.84,0.746
0.756,-1.284
0.73,-0.845
0.742,-0.493
0.751,-0.031
0.597,0.358
0.648,-0.963
0.302,-2.696
0.218,-2.852
0.18,-2.685
-0.276,-2.71
-0.473,-2.698
-0.699,-2.802
-1.13,-2.746
-1.254,-2.727
-1.573,-2.915
-1.615,-2.774
-2.539,-2.791
-2.607,-2.646
-2.931,-2.609
3.059,-3.067
2.886,-2.983
2.91,-2.979
1.905,-2.812
1.305,-2.992
1.048,-2.754
0.657,-2.754
0.37,1.418
0.211,1.426
-0.044,1.572
-0.097,1.543
-0.23,1.427
-1.683,1.381
-2.081,1.465
-2.18,1.481
2.997,1.596
2.417,1.571
2.009,1.554
1.799,1.62
1.091,1.35
0.878,1.584
-0.194,1.112
-1.516,-1.021
-2.392,-0.306
2.84,-1.519
2.477,0.678
1.542,0.376
0.878,0.149
0.191,-2.856
-2.899,1.451
0.618,1.03
0.497,-2.278
0.517,-1.556
0.329,-1.39
0.3,-2.364
0.337,-1.432
0.285,-0.201
0.273,-0.902
0.199,-1.699
-0.008,-0.353
0.048,1.134
0.023,-1.009
-0.106,-0.467
-0.127,0.986
-0.152,1.283
-0.16,1.138
-0.108,-0.312
-0.315,1.174
-0.294,1.009
-0.555,1.225
-0.472,-1.251
-0.589,-0.499
-0.765,-0.692
-0.762,-1.686
-0.652,-1.028
-0.79,-2.081
-0.701,-2.519
-0.958,1.069
-1.091,-0.172
-1.255,1.12
-1.137,-0.259
-1.151,0.133
-1.29,-2.196
-1.22,0.055
-1.422,-2.394
-1.415,-1.306
-1.532,0.477
-1.414,1.361
-1.473,-1.609
-1.656,0.776
-1.585,-0.362
-1.612,0.916
-1.607,-0.662
-1.747,-0.026
-1.783,-2.346
-1.804,-0.363
-1.737,-1.303
-1.921,-1.349
-1.822,-0.27
-1.87,-1.193
-2.089,-1.207
-2.296,0.081
-2.21,1.31
-2.362,-1.016
-2.379,-1.705
-2.319,-0.015
-2.357,-1.559
-2.511,-1.387
-2.516,1.196
-2.675,-0.636
-2.576,-0.567
-2.73,1.435
-2.701,0.803
-2.878,0.687
-2.772,0.073
-2.977,1.229
-2.961,-0.136
-3.088,-1.605
-3.093,-1.669
3.037,-0.397
-3.138,-1.805
2.98,-0.207
3.107,-1.59
3.05,1.271
2.984,-1.565
3.003,-2.24
2.825,0.772
2.951,-1.017
2.884,-0.095
2.862,1.105
2.858,-2.604
2.706,-1.249
2.778,-0.123
2.66,0.346
2.719,0.983
2.532,0.955
2.63,0.176
2.513,-1.855
2.504,-0.098
2.306,0.119
2.301,-0.558
2.367,-0.966
2.35,-1.406
2.205,1.108
2.302,-1.411
2.18,-2.502
2.137,-2.399
2.121,0.367
1.988,0.334
1.91,-0.311
1.925,-0.607
1.913,1.364
1.686,0.556
1.813,0.89
1.471,-0.199
1.566,-1.682
1.44,-1.791
1.389,-1.082
1.291,-2.565
1.233,-1.686
1.174,-0.164
1.035,-1.785
1.01,-1.669
1.016,-0.639
0.856,-0.398
0.982,-1.203
0.933,0.161
0.873,-1.391
0.831,-1.268
0.716,0.288
0.548,-0.965
-0.317,-2.883
-0.299,-2.791
-0.532,-2.878
-1.534,-3.051
-1.604,-2.615
-1.754,-2.887
-2.486,-2.797
-2.565,-2.678
-3.034,-3.124
3.123,-2.855
2.249,-2.772
2.072,-2.957
1.828,-2.989
1.748,-2.706
1.242,-2.98
1.321,-2.941
1.333,-2.91
0.852,-3.003
0.734,-2.833
0.578,-2.976
0.402,1.421
-0.004,1.531
-1.465,1.429
-1.875,1.46
-2.114,1.433
-1.982,1.544
-2.218,1.504
-2.855,1.472
2.836,1.545
2.96,1.515
2.511,1.487
1.341,1.242
0.088,0.866
-1.57,-1.437
0.623,-1.821
-2.086,0.034
-2.387,0.524
-2.592,-1.645
3.009,-1.607
2.927,-0.784
2.473,0.537
2.01,-0.451
1.332,0.931
1.263,0.617
1.124,0.737
1.017,0.26
0.218,-1.557
2.99,-0.714
2.17,-0.219
1.342,-0.923
1.231,-1.176
-0.897,-2.599
-2.324,-2.544
1.051,1.082
0.636,1.15
-0.003,2.543
-0.022,3.668
-0.201,1.235
-0.275,2.86
-0.399,0.562
-0.431,2.413
-0.373,2.382
-0.443,0.308
-0.604,2.076
-0.692,1.982
-0.769,2.65
-0.856,1.902
-0.827,2.047
-0.887,3.501
-1.08,1.076
-1.118,1.929
-1.14,2.109
-1.085,0.883
-1.088,1.236
-1.155,3.446
-1.264,1.274
-1.323,0.328
-1.351,1.195
-1.418,1.065
-1.605,1.382
-1.681,1.603
-1.7,1.395
-1.65,3.508
-1.701,1.376
-1.738,2.66
-1.796,2.259
-1.757,1.906
-1.839,2.707
-1.896,0.211
-1.908,2.554
-1.926,0.667
-1.962,2.405
-2.07,1.321
-2.115,1.165
-2.102,0.927
-2.177,3.53
-2.268,0.368
-2.303,3.804
-2.37,2.245
-2.392,0.096
-2.369,2.225
-2.4,1.596
-2.498,0.912
-2.517,2.068
-2.534,2.579
-2.581,2.694
-2.615,0.369
-2.686,2.065
-2.735,0.989
-2.807,2.029
-2.928,1.194
-2.919,3.781
-3.005,2.111
-3.081,3.676
-3.04,2.019
-3.126,1.386
-3.126,3.593
-3.1,3.256
3.107,1.474
3.027,1.754
3.015,3.439
2.955,3.41
2.93,1.923
2.993,1.423
2.983,3.133
2.901,3.033
2.908,0.895
2.889,0.085
2.792,1.864
2.844,2.846
2.783,1.752
2.729,1.293
2.681,0.462
2.711,2.388
2.662,0.326
2.657,2.669
2.658,3.005
2.566,0.33
2.615,3.625
2.509,3.745
2.562,2.748
2.484,3.448
2.138,2.172
2.181,3.198
2.081,3.731
2.085,0.957
2.128,2.315
2.043,0.693
2.005,1.801
2.061,2.334
1.979,2.668
1.97,0.876
1.987,0.972
1.857,1.749
1.753,2.245
1.617,2.105
1.677,3.728
1.577,1.807
1.574,2.011
1.457,2.778
1.351,2.439
1.256,2.347
1.195,1.123
1.259,0.193
1.249,1.935
1.201,0.979
1.038,1.013
0.973,0.0
0.917,0.087
0.882,2.387
0.909,1.737
0.887,2.645
0.882,3.231
0.863,2.991
0.893,2.399
0.826,1.142
0.824,1.013
0.881,3.825
0.877,3.194
0.793,1.164
0.767,1.603
0.779,1.955
0.788,2.417
0.634,2.806
0.685,1.485
0.339,-0.248
0.255,-0.404
0.217,-0.237
-0.239,-0.262
-0.436,-0.25
-0.662,-0.354
-1.093,-0.298
-1.217,-0.279
-1.536,-0.467
-1.578,-0.326
-2.502,-0.343
-2.57,-0.198
-2.894,-0.161
3.096,-0.619
2.923,-0.535
2.947,-0.531
1.942,-0.364
1.342,-0.544
1.085,-0.306
0.694,-0.306
0.407,3.866
0.248,3.874
-0.007,4.02
-0.06,3.991
-0.193,3.875
-1.646,3.829
-2.044,3.913
-2.143,3.929
3.034,4.044
2.454,4.019
2.046,4.002
1.836,4.068
1.128,3.798
0.915,4.032
-0.157,3.56
-1.479,1.427
-2.355,2.142
2.877,0.929
2.514,3.126
1.579,2.824
0.915,2.597
0.228,-0.408
-2.862,3.899
0.655,3.478
0.534,0.17
0.554,0.892
0.366,1.058
0.337,0.084
0.374,1.016
0.322,2.247
0.31,1.546
0.236,0.749
0.029,2.095
0.085,3.582
0.06,1.439
-0.069,1.981
-0.09,3.434
-0.115,3.731
-0.123,3.586
-0.071,2.136
-0.278,3.622
-0.257,3.457
-0.518,3.673
-0.435,1.197
-0.552,1.949
-0.728,1.756
-0.725,0.762
-0.615,1.42
-0.753,0.367
-0.664,-0.071
-0.921,3.517
-1.054,2.276
-1.218,3.568
-1.1,2.189
-1.114,2.581
-1.253,0.252
-1.183,2.503
-1.385,0.054
-1.378,1.142
-1.495,2.925
-1.377,3.809
-1.436,0.839
-1.619,3.224
-1.548,2.086
-1.575,3.364
-1.57,1.786
-1.71,2.422
-1.746,0.102
-1.767,2.085
-1.7,1.145
-1.884,1.099
-1.785,2.178
-1.833,1.255
-2.052,1.241
-2.259,2.529
-2.173,3.758
-2.325,1.432
-2.342,0.743
-2.282,2.433
-2.32,0.889
-2.474,1.061
-2.479,3.644
-2.638,1.812
-2.539,1.881
-2.693,3.883
-2.664,3.251
-2.841,3.135
-2.735,2.521
-2.94,3.677
-2.924,2.312
-3.051,0.843
-3.056,0.779
3.074,2.051
-3.101,0.643
3.017,2.241
-3.139,0.858
3.087,3.719
3.021,0.883
3.04,0.208
2.862,3.22
2.988,1.431
2.921,2.353
2.899,3.553
2.895,-0.156
2.743,1.199
2.815,2.325
2.697,2.794
2.756,3.431
2.569,3.403
2.667,2.624
2.55,0.593
2.541,2.35
2.343,2.567
2.338,1.89
2.404,1.482
2.387,1.042
2.242,3.556
2.339,1.037
2.217,-0.054
2.174,0.049
2.158,2.815
2.025,2.782
1.947,2.137
1.962,1.841
1.95,3.812
1.723,3.004
1.85,3.338
1.508,2.249
1.603,0.766
1.477,0.657
1.426,1.366
1.328,-0.117
1.27,0.762
1.211,2.284
1.072,0.663
1.047,0.779
1.053,1.809
0.893,2.05
1.019,1.245
0.97,2.609
0.91,1.057
0.868,1.18
0.753,2.736
0.585,1.483
-0.28,-0.435
-0.262,-0.343
-0.495,-0.43
-1.497,-0.603
-1.567,-0.167
-1.717,-0.439
-2.449,-0.349
-2.528,-0.23
-2.997,-0.676
-3.123,-0.407
2.286,-0.324
2.109,-0.509
1.865,-0.541
1.785,-0.258
1.279,-0.532
1.358,-0.493
1.37,-0.462
0.889,-0.555
0.771,-0.385
0.615,-0.528
0.439,3.869
0.033,3.979
-1.428,3.877
-1.838,3.908
-2.077,3.881
-1.945,3.992
-2.181,3.952
-2.818,3.92
2.873,3.993
2.997,3.963
2.548,3.935
1.378,3.69
0.125,3.314
-1.533,1.011
0.66,0.627
-2.049,2.482
-2.35,2.972
-2.555,0.803
3.046,0.841
2.964,1.664
2.51,2.985
2.047,1.997
1.369,3.379
1.3,3.065
1.161,3.185
1.054,2.708
0.255,0.891
3.027,1.734
2.207,2.229
1.379,1.525
1.268,1.272
-0.86,-0.151
-2.287,-0.096
1.088,3.53
0.673,3.598
-0.019,1.125
-0.198,-1.308
-0.272,0.317
-0.396,-1.981
-0.428,-0.13
-0.37,-0.161
-0.44,-2.235
-0.601,-0.467
-0.689,-0.561
-0.766,0.107
-0.853,-0.641
-0.824,-0.496
-0.884,0.958
-1.077,-1.467
-1.115,-0.614
-1.137,-0.434
-1.082,-1.66
-1.085,-1.307
-1.152,0.903
-1.261,-1.269
-1.32,-2.215
-1.348,-1.348
-1.415,-1.478
-1.602,-1.161
-1.678,-0.94
-1.697,-1.148
-1.647,0.965
-1.698,-1.167
-1.735,0.117
-1.793,-0.284
-1.754,-0.637
-1.836,0.164
-1.893,-2.332
-1.905,0.011
-1.923,-1.876
-1.959,-0.138
-2.067,-1.222
-2.112,-1.378
-2.099,-1.616
-2.174,0.987
-2.265,-2.175
-2.3,1.261
-2.367,-0.298
-2.389,-2.447
-2.366,-0.318
-2.397,-0.947
-2.495,-1.631
-2.514,-0.475
-2.531,0.036
-2.578,0.151
-2.612,-2.174
-2.683,-0.478
-2.732,-1.554
-2.804,-0.514
-2.925,-1.349
-2.916,1.238
-3.002,-0.432
-3.078,1.133
-3.037,-0.524
-3.123,-1.157
-3.123,1.05
-3.097,0.713
3.11,-1.069
3.03,-0.789
3.018,0.896
2.958,0.867
2.933,-0.62
2.996,-1.12
2.986,0.59
2.904,0.49
2.911,-1.648
2.892,-2.458
2.795,-0.679
2.847,0.303
2.786,-0.791
2.732,-1.25
2.684,-2.081
2.714,-0.155
2.665,-2.217
2.66,0.126
2.661,0.462
2.569,-2.213
2.618,1.082
2.512,1.202
2.565,0.205
2.487,0.905
2.141,-0.371
2.184,0.655
2.084,1.188
2.088,-1.586
2.131,-0.228
2.046,-1.85
2.008,-0.742
2.064,-0.209
1.982,0.125
1.973,-1.667
1.99,-1.571
1.86,-0.794
1.756,-0.298
1.62,-0.438
1.68,1.185
1.58,-0.736
1.577,-0.532
1.46,0.235
1.354,-0.104
1.259,-0.196
1.198,-1.42
1.262,-2.35
1.252,-0.608
1.204,-1.564
1.041,-1.53
0.976,-2.543
0.92,-2.456
0.885,-0.156
0.912,-0.806
0.89,0.102
0.885,0.688
0.866,0.448
0.896,-0.144
0.829,-1.401
0.827,-1.53
0.884,1.282
0.88,0.651
0.796,-1.379
0.77,-0.94
0.782,-0.588
0.791,-0.126
0.637,0.263
0.688,-1.058
0.342,-2.791
0.258,-2.947
0.22,-2.78
-0.236,-2.805
-0.433,-2.793
-0.659,-2.897
-1.09,-2.841
-1.214,-2.822
-1.533,-3.01
-1.575,-2.869
-2.499,-2.886
-2.567,-2.741
-2.891,-2.704
3.099,-3.162
2.926,-3.078
2.95,-3.074
1.945,-2.907
1.345,-3.087
1.088,-2.849
0.697,-2.849
0.41,1.323
0.251,1.331
-0.004,1.477
-0.057,1.448
-0.19,1.332
-1.643,1.286
-2.041,1.37
-2.14,1.386
3.037,1.501
2.457,1.476
2.049,1.459
1.839,1.525
1.131,1.255
0.918,1.489
-0.154,1.017
-1.476,-1.116
-2.352,-0.401
2.88,-1.614
2.517,0.583
1.582,0.281
0.918,0.054
0.231,-2.951
-2.859,1.356
0.658,0.935
0.537,-2.373
0.557,-1.651
0.369,-1.485
0.34,-2.459
0.377,-1.527
0.325,-0.296
0.313,-0.997
0.239,-1.794
0.032,-0.448
0.088,1.039
0.063,-1.104
-0.066,-0.562
-0.087,0.891
-0.112,1.188
-0.12,1.043
-0.068,-0.407
-0.275,1.079
-0.254,0.914
-0.515,1.13
-0.432,-1.346
-0.549,-0.594
-0.725,-0.787
-0.722,-1.781
-0.612,-1.123
-0.75,-2.176
-0.661,-2.614
-0.918,0.974
-1.051,-0.267
-1.215,1.025
-1.097,-0.354
-1.111,0.038
-1.25,-2.291
-1.18,-0.04
-1.382,-2.489
-1.375,-1.401
-1.492,0.382
-1.374,1.266
-1.433,-1.704
-1.616,0.681
-1.545,-0.457
-1.572,0.821
-1.567,-0.757
-1.707,-0.121
-1.743,-2.441
-1.764,-0.458
-1.697,-1.398
-1.881,-1.444
-1.782,-0.365
-1.83,-1.288
-2.049,-1.302
-2.256,-0.014
-2.17,1.215
-2.322,-1.111
-2.339,-1.8
-2.279,-0.11
-2.317,-1.654
-2.471,-1.482
-2.476,1.101
-2.635,-0.731
-2.536,-0.662
-2.69,1.34
-2.661,0.708
-2.838,0.592
-2.732,-0.022
-2.937,1.134
-2.921,-0.231
-3.048,-1.7
-3.053,-1.764
3.077,-0.492
-3.098,-1.9
3.02,-0.302
-3.136,-1.685
3.09,1.176
3.024,-1.66
3.043,-2.335
2.865,0.677
2.991,-1.112
2.924,-0.19
2.902,1.01
2.898,-2.699
2.746,-1.344
2.818,-0.218
2.7,0.251
2.759,0.888
2.572,0.86
2.67,0.081
2.553,-1.95
2.544,-0.193
2.346,0.024
2.341,-0.653
2.407,-1.061
2.39,-1.501
2.245,1.013
2.342,-1.506
2.22,-2.597
2.177,-2.494
2.161,0.272
2.028,0.239
1.95,-0.406
1.965,-0.702
1.953,1.269
1.726,0.461
1.853,0.795
1.511,-0.294
1.606,-1.777
1.48,-1.886
1.429,-1.177
1.331,-2.66
1.273,-1.781
1.214,-0.259
1.075,-1.88
1.05,-1.764
1.056,-0.734
0.896,-0.493
1.022,-1.298
0.973,0.066
0.913,-1.486
0.871,-1.363
0.756,0.193
0.588,-1.06
-0.277,-2.978
-0.259,-2.886
-0.492,-2.973
-1.494,-3.146
-1.564,-2.71
-1.714,-2.982
-2.446,-2.892
-2.525,-2.773
-2.994,-3.219
-3.12,-2.95
2.289,-2.867
2.112,-3.052
1.868,-3.084
1.788,-2.801
1.282,-3.075
1.361,-3.036
1.373,-3.005
0.892,-3.098
0.774,-2.928
0.618,-3.071
0.442,1.326
0.036,1.436
-1.425,1.334
-1.835,1.365
-2.074,1.338
-1.942,1.449
-2.178,1.409
-2.815,1.377
2.876,1.45
3.0,1.42
2.551,1.392
1.381,1.147
0.128,0.771
-1.53,-1.532
0.663,-1.916
-2.046,-0.061
-2.347,0.429
-2.552,-1.74
3.049,-1.702
2.967,-0.879
2.513,0.442
2.05,-0.546
1.372,0.836
1.303,0.522
1.164,0.642
1.057,0.165
0.258,-1.652
3.03,-0.809
2.21,-0.314
1.382,-1.018
1.271,-1.271
-0.857,-2.694
-2.284,-2.639
1.091,0.987
0.676,1.055
-0.179,-2.433
-0.253,-0.808
-0.377,-3.106
-0.409,-1.255
-0.351,-1.286
-0.421,-3.36
-0.582,-1.592
-0.67,-1.686
-0.747,-1.018
-0.834,-1.766
-0.805,-1.621
-0.865,-0.167
-1.058,-2.592
-1.096,-1.739
-1.118,-1.559
-1.063,-2.785
-1.066,-2.432
-1.133,-0.222
-1.242,-2.394
-1.301,-3.34
-1.329,-2.473
-1.396,-2.603
-1.583,-2.286
-1.659,-2.065
-1.678,-2.273
-1.628,-0.16
-1.679,-2.292
-1.716,-1.008
-1.774,-1.409
-1.735,-1.762
-1.817,-0.961
-1.874,-3.457
-1.886,-1.114
-1.904,-3.001
-1.94,-1.263
-2.048,-2.347
-2.093,-2.503
-2.08,-2.741
-2.155,-0.138
-2.246,-3.3
-2.281,0.136
-2.348,-1.423
-2.37,-3.572
-2.347,-1.443
-2.378,-2.072
-2.476,-2.756
-2.495,-1.6
-2.512,-1.089
-2.559,-0.974
-2.593,-3.299
-2.664,-1.603
-2.713,-2.679
-2.785,-1.639
-2.906,-2.474
-2.897,0.113
-2.983,-1.557
-3.059,0.008
-3.018,-1.649
-3.104,-2.282
-3.104,-0.075
-3.078,-0.412
3.129,-2.194
3.049,-1.914
3.037,-0.229
2.977,-0.258
2.952,-1.745
3.015,-2.245
3.005,-0.535
2.923,-0.635
2.93,-2.773
2.911,-3.583
2.814,-1.804
2.866,-0.822
2.805,-1.916
2.751,-2.375
2.703,-3.206
2.733,-1.28
2.684,-3.342
2.679,-0.999
2.68,-0.663
2.588,-3.338
2.637,-0.043
2.531,0.077
2.584,-0.92
2.506,-0.22
2.16,-1.496
2.203,-0.47
2.103,0.063
2.107,-2.711
2.15,-1.353
2.065,-2.975
2.027,-1.867
2.083,-1.334
2.001,-1.0
1.992,-2.792
2.009,-2.696
1.879,-1.919
1.775,-1.423
1.639,-1.563
1.699,0.06
1.599,-1.861
1.596,-1.657
1.479,-0.89
1.373,-1.229
1.278,-1.321
1.217,-2.545
1.281,-3.475
1.271,-1.733
1.223,-2.689
1.06,-2.655
0.995,-3.668
0.939,-3.581
0.904,-1.281
0.931,-1.931
0.909,-1.023
0.904,-0.437
0.885,-0.677
0.915,-1.269
0.848,-2.526
0.846,-2.655
0.903,0.157
0.899,-0.474
0.815,-2.504
0.789,-2.065
0.801,-1.713
0.81,-1.251
0.656,-0.862
0.707,-2.183
0.361,-3.916
0.277,-4.072
0.239,-3.905
-0.217,-3.93
-0.414,-3.918
-0.64,-4.022
-1.071,-3.966
-1.195,-3.947
-1.514,-4.135
-1.556,-3.994
-2.48,-4.011
-2.548,-3.866
-2.872,-3.829
3.118,-4.287
2.945,-4.203
2.969,-4.199
1.964,-4.032
1.364,-4.212
1.107,-3.974
0.716,-3.974
0.429,0.198
0.27,0.206
0.015,0.352
-0.038,0.323
-0.171,0.207
-1.624,0.161
-2.022,0.245
-2.121,0.261
3.056,0.376
2.476,0.351
2.068,0.334
1.858,0.4
1.15,0.13
0.937,0.364
-0.135,-0.108
-1.457,-2.241
-2.333,-1.526
2.899,-2.739
2.536,-0.542
1.601,-0.844
0.937,-1.071
0.25,-4.076
-2.84,0.231
0.677,-0.19
0.556,-3.498
0.576,-2.776
0.388,-2.61
0.359,-3.584
0.396,-2.652
0.344,-1.421
0.332,-2.122
0.258,-2.919
0.051,-1.573
0.107,-0.086
0.082,-2.229
-0.047,-1.687
-0.068,-0.234
-0.093,0.063
-0.101,-0.082
-0.049,-1.532
-0.256,-0.046
-0.235,-0.211
-0.496,0.005
-0.413,-2.471
-0.53,-1.719
-0.706,-1.912
-0.703,-2.906
-0.593,-2.248
-0.731,-3.301
-0.642,-3.739
-0.899,-0.151
-1.032,-1.392
-1.196,-0.1
-1.078,-1.479
-1.092,-1.087
-1.231,-3.416
-1.161,-1.165
-1.363,-3.614
-1.356,-2.526
-1.473,-0.743
-1.355,0.141
-1.414,-2.829
-1.597,-0.444
-1.526,-1.582
-1.553,-0.304
-1.548,-1.882
-1.688,-1.246
-1.724,-3.566
-1.745,-1.583
-1.678,-2.523
-1.862,-2.569
-1.763,-1.49
-1.811,-2.413
-2.03,-2.427
-2.237,-1.139
-2.151,0.09
-2.303,-2.236
-2.32,-2.925
-2.26,-1.235
-2.298,-2.779
-2.452,-2.607
-2.457,-0.024
-2.616,-1.856
-2.517,-1.787
-2.671,0.215
-2.642,-0.417
-2.819,-0.533
-2.713,-1.147
-2.918,0.009
-2.902,-1.356
-3.029,-2.825
-3.034,-2.889
3.096,-1.617
-3.079,-3.025
3.039,-1.427
-3.117,-2.81
3.109,0.051
3.043,-2.785
3.062,-3.46
2.884,-0.448
3.01,-2.237
2.943,-1.315
2.921,-0.115
2.917,-3.824
2.765,-2.469
2.837,-1.343
2.719,-0.874
2.778,-0.237
2.591,-0.265
2.689,-1.044
2.572,-3.075
2.563,-1.318
2.365,-1.101
2.36,-1.778
2.426,-2.186
2.409,-2.626
2.264,-0.112
2.361,-2.631
2.239,-3.722
2.196,-3.619
2.18,-0.853
2.047,-0.886
1.969,-1.531
1.984,-1.827
1.972,0.144
1.745,-0.664
1.872,-0.33
1.53,-1.419
1.625,-2.902
1.499,-3.011
1.448,-2.302
1.35,-3.785
1.292,-2.906
1.233,-1.384
1.094,-3.005
1.069,-2.889
1.075,-1.859
0.915,-1.618
1.041,-2.423
0.992,-1.059
0.932,-2.611
0.89,-2.488
0.775,-0.932
0.607,-2.185
-0.258,-4.103
-0.24,-4.011
-0.473,-4.098
-1.475,-4.271
-1.545,-3.835
-1.695,-4.107
-2.427,-4.017
-2.506,-3.898
-2.975,-4.344
-3.101,-4.075
2.308,-3.992
2.131,-4.177
1.887,-4.209
1.807,-3.926
1.301,-4.2
1.38,-4.161
1.392,-4.13
0.911,-4.223
0.793,-4.053
0.637,-4.196
0.461,0.201
0.055,0.311
-1.406,0.209
-1.816,0.24
-2.055,0.213
-1.923,0.324
-2.159,0.284
-2.796,0.252
2.895,0.325
3.019,0.295
2.57,0.267
1.4,0.022
0.147,-0.354
-1.511,-2.657
0.682,-3.041
-2.027,-1.186
-2.328,-0.696
-2.533,-2.865
3.068,-2.827
2.986,-2.004
2.532,-0.683
2.069,-1.671
1.391,-0.289
1.322,-0.603
1.183,-0.483
1.076,-0.96
0.277,-2.777
3.049,-1.934
2.229,-1.439
1.401,-2.143
1.29,-2.396
-0.838,-3.819
-2.265,-3.764
1.11,-0.138
0.695,-0.07
-0.074,1.625
-0.198,-0.673
-0.23,1.178
-0.172,1.147
-0.242,-0.927
-0.403,0.841
-0.491,0.747
-0.568,1.415
-0.655,0.667
-0.626,0.812
-0.686,2.266
-0.879,-0.159
-0.917,0.694
-0.939,0.874
-0.884,-0.352
-0.887,0.001
-0.954,2.211
-1.063,0.039
-1.122,-0.907
-1.15,-0.04
-1.217,-0.17
-1.404,0.147
-1.48,0.368
-1.499,0.16
-1.449,2.273
-1.5,0.141
-1.537,1.425
-1.595,1.024
-1.556,0.671
-1.638,1.472
-1.695,-1.024
-1.707,1.319
-1.725,-0.568
-1.761,1.17
-1.869,0.086
-1.914,-0.07
-1.901,-0.308
-1.976,2.295
-2.067,-0.867
-2.102,2.569
-2.169,1.01
-2.191,-1.139
-2.168,0.99
-2.199,0.361
-2.297,-0.323
-2.316,0.833
-2.333,1.344
-2.38,1.459
-2.414,-0.866
-2.485,0.83
-2.534,-0.246
-2.606,0.794
-2.727,-0.041
-2.718,2.546
-2.804,0.876
-2.88,2.441
-2.839,0.784
-2.925,0.151
-2.925,2.358
-2.899,2.021
-2.975,0.239
-3.055,0.519
-3.067,2.204
-3.127,2.175
3.131,0.688
-3.089,0.188
-3.099,1.898
3.102,1.798
3.109,-0.34
3.09,-1.15
2.993,0.629
3.045,1.611
2.984,0.517
2.93,0.058
2.882,-0.773
2.912,1.153
2.863,-0.909
2.858,1.434
2.859,1.77
2.767,-0.905
2.816,2.39
2.71,2.51
2.763,1.513
2.685,2.213
2.339,0.937
2.382,1.963
2.282,2.496
2.286,-0.278
2.329,1.08
2.244,-0.542
2.206,0.566
2.262,1.099
2.18,1.433
2.171,-0.359
2.188,-0.263
2.058,0.514
1.954,1.01
1.818,0.87
1.878,2.493
1.778,0.572
1.775,0.776
1.658,1.543
1.552,1.204
1.457,1.112
1.396,-0.112
1.46,-1.042
1.45,0.7
1.402,-0.256
1.239,-0.222
1.174,-1.235
1.118,-1.148
1.083,1.152
1.11,0.502
1.088,1.41
1.083,1.996
1.064,1.756
1.094,1.164
1.027,-0.093
1.025,-0.222
1.082,2.59
1.078,1.959
0.994,-0.071
0.968,0.368
0.98,0.72
0.989,1.182
0.835,1.571
0.886,0.25
0.54,-1.483
0.456,-1.639
0.418,-1.472
-0.038,-1.497
-0.235,-1.485
-0.461,-1.589
-0.892,-1.533
-1.016,-1.514
-1.335,-1.702
-1.377,-1.561
-2.301,-1.578
-2.369,-1.433
-2.693,-1.396
-2.986,-1.854
3.124,-1.77
-3.135,-1.766
2.143,-1.599
1.543,-1.779
1.286,-1.541
0.895,-1.541
0.608,2.631
0.449,2.639
0.194,2.785
0.141,2.756
0.008,2.64
-1.445,2.594
-1.843,2.678
-1.942,2.694
-3.048,2.809
2.655,2.784
2.247,2.767
2.037,2.833
1.329,2.563
1.116,2.797
0.044,2.325
-1.278,0.192
-2.154,0.907
3.078,-0.306
2.715,1.891
1.78,1.589
1.116,1.362
0.429,-1.643
-2.661,2.664
0.856,2.243
0.735,-1.065
0.755,-0.343
0.567,-0.177
0.538,-1.151
0.575,-0.219
0.523,1.012
0.511,0.311
0.437,-0.486
0.23,0.86
0.286,2.347
0.261,0.204
0.132,0.746
0.111,2.199
0.086,2.496
0.078,2.351
0.13,0.901
-0.077,2.387
-0.056,2.222
-0.317,2.438
-0.234,-0.038
-0.351,0.714
-0.527,0.521
-0.524,-0.473
-0.414,0.185
-0.552,-0.868
-0.463,-1.306
-0.72,2.282
-0.853,1.041
-1.017,2.333
-0.899,0.954
-0.913,1.346
-1.052,-0.983
-0.982,1.268
-1.184,-1.181
-1.177,-0.093
-1.294,1.69
-1.176,2.574
-1.235,-0.396
-1.418,1.989
-1.347,0.851
-1.374,2.129
-1.369,0.551
-1.509,1.187
-1.545,-1.133
-1.566,0.85
-1.499,-0.09
-1.683,-0.136
-1.584,0.943
-1.632,0.02
-1.851,0.006
-2.058,1.294
-1.972,2.523
-2.124,0.197
-2.141,-0.492
-2.081,1.198
-2.119,-0.346
-2.273,-0.174
-2.278,2.409
-2.437,0.577
-2.338,0.646
-2.492,2.648
-2.463,2.016
-2.64,1.9
-2.534,1.286
-2.739,2.442
-2.723,1.077
-2.85,-0.392
-2.855,-0.456
-3.008,0.816
-2.9,-0.592
-3.065,1.006
-2.938,-0.377
-2.995,2.484
-3.061,-0.352
-3.042,-1.027
3.063,1.985
-3.094,0.196
3.122,1.118
3.1,2.318
3.096,-1.391
2.944,-0.036
3.016,1.09
2.898,1.559
2.957,2.196
2.77,2.168
2.868,1.389
2.751,-0.642
2.742,1.115
2.544,1.332
2.539,0.655
2.605,0.247
2.588,-0.193
2.443,2.321
2.54,-0.198
2.418,-1.289
2.375,-1.186
2.359,1.58
2.226,1.547
2.148,0.902
2.163,0.606
2.151,2.577
1.924,1.769
2.051,2.103
1.709,1.014
1.804,-0.469
1.678,-0.578
1.627,0.131
1.529,-1.352
1.471,-0.473
1.412,1.049
1.273,-0.572
1.248,-0.456
1.254,0.574
1.094,0.815
1.22,0.01
1.171,1.374
1.111,-0.178
1.069,-0.055
0.954,1.501
0.786,0.248
-0.079,-1.67
-0.061,-1.578
-0.294,-1.665
-1.296,-1.838
-1.366,-1.402
-1.516,-1.674
-2.248,-1.584
-2.327,-1.465
-2.796,-1.911
-2.922,-1.642
2.487,-1.559
2.31,-1.744
2.066,-1.776
1.986,-1.493
1.48,-1.767
1.559,-1.728
1.571,-1.697
1.09,-1.79
0.972,-1.62
0.816,-1.763
0.64,2.634
0.234,2.744
-1.227,2.642
-1.637,2.673
-1.876,2.646
-1.744,2.757
-1.98,2.717
-2.617,2.685
3.074,2.758
-3.085,2.728
2.749,2.7
1.579,2.455
0.326,2.079
-1.332,-0.224
0.861,-0.608
-1.848,1.247
-2.149,1.737
-2.354,-0.432
-3.036,-0.394
-3.118,0.429
2.711,1.75
2.248,0.762
1.57,2.144
1.501,1.83
1.362,1.95
1.255,1.473
0.456,-0.344
-3.055,0.499
2.408,0.994
1.58,0.29
1.469,0.037
-0.659,-1.386
-2.086,-1.331
1.289,2.295
0.874,2.363
-0.124,-2.298
-0.156,-0.447
-0.098,-0.478
-0.168,-2.552
-0.329,-0.784
-0.417,-0.878
-0.494,-0.21
-0.581,-0.958
-0.552,-0.813
-0.612,0.641
-0.805,-1.784
-0.843,-0.931
-0.865,-0.751
-0.81,-1.977
-0.813,-1.624
-0.88,0.586
-0.989,-1.586
-1.048,-2.532
-1.076,-1.665
-1.143,-1.795
-1.33,-1.478
-1.406,-1.257
-1.425,-1.465
-1.375,0.648
-1.426,-1.484
-1.463,-0.2
-1.521,-0.601
-1.482,-0.954
-1.564,-0.153
-1.621,-2.649
-1.633,-0.306
-1.651,-2.193
-1.687,-0.455
-1.795,-1.539
-1.84,-1.695
-1.827,-1.933
-1.902,0.67
-1.993,-2.492
-2.028,0.944
-2.095,-0.615
-2.117,-2.764
-2.094,-0.635
-2.125,-1.264
-2.223,-1.948
-2.242,-0.792
-2.259,-0.281
-2.306,-0.166
-2.34,-2.491
-2.411,-0.795
-2.46,-1.871
-2.532,-0.831
-2.653,-1.666
-2.644,0.921
-2.73,-0.749
-2.806,0.816
-2.765,-0.841
-2.851,-1.474
-2.851,0.733
-2.825,0.396
-2.901,-1.386
-2.981,-1.106
-2.993,0.579
-3.053,0.55
-3.078,-0.937
-3.015,-1.437
-3.025,0.273
-3.107,0.173
-3.1,-1.965
-3.119,-2.775
3.067,-0.996
3.119,-0.014
3.058,-1.108
3.004,-1.567
2.956,-2.398
2.986,-0.472
2.937,-2.534
2.932,-0.191
2.933,0.145
2.841,-2.53
2.89,0.765
2.784,0.885
2.837,-0.112
2.759,0.588
2.413,-0.688
2.456,0.338
2.356,0.871
2.36,-1.903
2.403,-0.545
2.318,-2.167
2.28,-1.059
2.336,-0.526
2.254,-0.192
2.245,-1.984
2.262,-1.888
2.132,-1.111
2.028,-0.615
1.892,-0.755
1.952,0.868
1.852,-1.053
1.849,-0.849
1.732,-0.082
1.626,-0.421
1.531,-0.513
1.47,-1.737
1.534,-2.667
1.524,-0.925
1.476,-1.881
1.313,-1.847
1.248,-2.86
1.192,-2.773
1.157,-0.473
1.184,-1.123
1.162,-0.215
1.157,0.371
1.138,0.131
1.168,-0.461
1.101,-1.718
1.099,-1.847
1.156,0.965
1.152,0.334
1.068,-1.696
1.042,-1.257
1.054,-0.905
1.063,-0.443
0.909,-0.054
0.96,-1.375
0.614,-3.108
0.53,-3.264
0.492,-3.097
0.036,-3.122
-0.161,-3.11
-0.387,-3.214
-0.818,-3.158
-0.942,-3.139
-1.261,-3.327
-1.303,-3.186
-2.227,-3.203
-2.295,-3.058
-2.619,-3.021
-2.912,-3.479
-3.085,-3.395
-3.061,-3.391
2.217,-3.224
1.617,-3.404
1.36,-3.166
0.969,-3.166
0.682,1.006
0.523,1.014
0.268,1.16
0.215,1.131
0.082,1.015
-1.371,0.969
-1.769,1.053
-1.868,1.069
-2.974,1.184
2.729,1.159
2.321,1.142
2.111,1.208
1.403,0.938
1.19,1.172
0.118,0.7
-1.204,-1.433
-2.08,-0.718
-3.131,-1.931
2.789,0.266
1.854,-0.036
1.19,-0.263
0.503,-3.268
-2.587,1.039
0.93,0.618
0.809,-2.69
0.829,-1.968
0.641,-1.802
0.612,-2.776
0.649,-1.844
0.597,-0.613
0.585,-1.314
0.511,-2.111
0.304,-0.765
0.36,0.722
0.335,-1.421
0.206,-0.879
0.185,0.574
0.16,0.871
0.152,0.726
0.204,-0.724
-0.003,0.762
0.018,0.597
-0.243,0.813
-0.16,-1.663
-0.277,-0.911
-0.453,-1.104
-0.45,-2.098
-0.34,-1.44
-0.478,-2.493
-0.389,-2.931
-0.646,0.657
-0.779,-0.584
-0.943,0.708
-0.825,-0.671
-0.839,-0.279
-0.978,-2.608
-0.908,-0.357
-1.11,-2.806
-1.103,-1.718
-1.22,0.065
-1.102,0.949
-1.161,-2.021
-1.344,0.364
-1.273,-0.774
-1.3,0.504
-1.295,-1.074
-1.435,-0.438
-1.471,-2.758
-1.492,-0.775
-1.425,-1.715
-1.609,-1.761
-1.51,-0.682
-1.558,-1.605
-1.777,-1.619
-1.984,-0.331
-1.898,0.898
-2.05,-1.428
-2.067,-2.117
-2.007,-0.427
-2.045,-1.971
-2.199,-1.799
-2.204,0.784
-2.363,-1.048
-2.264,-0.979
-2.418,1.023
-2.389,0.391
-2.566,0.275
-2.46,-0.339
-2.665,0.817
-2.649,-0.548
-2.776,-2.017
-2.781,-2.081
-2.934,-0.809
-2.826,-2.217
-2.991,-0.619
-2.864,-2.002
-2.921,0.859
-2.987,-1.977
-2.968,-2.652
3.137,0.36
-3.02,-1.429
-3.087,-0.507
-3.109,0.693
-3.113,-3.016
3.018,-1.661
3.09,-0.535
2.972,-0.066
3.031,0.571
2.844,0.543
2.942,-0.236
2.825,-2.267
2.816,-0.51
2.618,-0.293
2.613,-0.97
2.679,-1.378
2.662,-1.818
2.517,0.696
2.614,-1.823
2.492,-2.914
2.449,-2.811
2.433,-0.045
2.3,-0.078
2.222,-0.723
2.237,-1.019
2.225,0.952
1.998,0.144
2.125,0.478
1.783,-0.611
1.878,-2.094
1.752,-2.203
1.701,-1.494
1.603,-2.977
1.545,-2.098
1.486,-0.576
1.347,-2.197
1.322,-2.081
1.328,-1.051
1.168,-0.81
1.294,-1.615
1.245,-0.251
1.185,-1.803
1.143,-1.68
1.028,-0.124
0.86,-1.377
-0.005,-3.295
0.013,-3.203
-0.22,-3.29
-1.222,-3.463
-1.292,-3.027
-1.442,-3.299
-2.174,-3.209
-2.253,-3.09
-2.722,-3.536
-2.848,-3.267
2.561,-3.184
2.384,-3.369
2.14,-3.401
2.06,-3.118
1.554,-3.392
1.633,-3.353
1.645,-3.322
1.164,-3.415
1.046,-3.245
0.89,-3.388
0.714,1.009
0.308,1.119
-1.153,1.017
-1.563,1.048
-1.802,1.021
-1.67,1.132
-1.906,1.092
-2.543,1.06
-3.135,1.133
-3.011,1.103
2.823,1.075
1.653,0.83
0.4,0.454
-1.258,-1.849
0.935,-2.233
-1.774,-0.378
-2.075,0.112
-2.28,-2.057
-2.962,-2.019
-3.044,-1.196
2.785,0.125
2.322,-0.863
1.644,0.519
1.575,0.205
1.436,0.325
1.329,-0.152
0.53,-1.969
-2.981,-1.126
2.482,-0.631
1.654,-1.335
1.543,-1.588
-0.585,-3.011
-2.012,-2.956
1.363,0.67
0.948,0.738
-0.032,1.851
0.026,1.82
-0.044,-0.254
-0.205,1.514
-0.293,1.42
-0.37,2.088
-0.457,1.34
-0.428,1.485
-0.488,2.939
-0.681,0.514
-0.719,1.367
-0.741,1.547
-0.686,0.321
-0.689,0.674
-0.756,2.884
-0.865,0.712
-0.924,-0.234
-0.952,0.633
-1.019,0.503
-1.206,0.82
-1.282,1.041
-1.301,0.833
-1.251,2.946
-1.302,0.814
-1.339,2.098
-1.397,1.697
-1.358,1.344
-1.44,2.145
-1.497,-0.351
-1.509,1.992
-1.527,0.105
-1.563,1.843
-1.671,0.759
-1.716,0.603
-1.703,0.365
-1.778,2.968
-1.869,-0.194
-1.904,3.242
-1.971,1.683
-1.993,-0.466
-1.97,1.663
-2.001,1.034
-2.099,0.35
-2.118,1.506
-2.135,2.017
-2.182,2.132
-2.216,-0.193
-2.287,1.503
-2.336,0.427
-2.408,1.467
-2.529,0.632
-2.52,3.219
-2.606,1.549
-2.682,3.114
-2.641,1.457
-2.727,0.824
-2.727,3.031
-2.701,2.694
-2.777,0.912
-2.857,1.192
-2.869,2.877
-2.929,2.848
-2.954,1.361
-2.891,0.861
-2.901,2.571
-2.983,2.471
-2.976,0.333
-2.995,-0.477
-3.092,1.302
-3.04,2.284
-3.101,1.19
3.128,0.731
3.08,-0.1
3.11,1.826
3.061,-0.236
3.056,2.107
3.057,2.443
2.965,-0.232
3.014,3.063
2.908,3.183
2.961,2.186
2.883,2.886
2.537,1.61
2.58,2.636
2.48,3.169
2.484,0.395
2.527,1.753
2.442,0.131
2.404,1.239
2.46,1.772
2.378,2.106
2.369,0.314
2.386,0.41
2.256,1.187
2.152,1.683
2.016,1.543
2.076,3.166
1.976,1.245
1.973,1.449
1.856,2.216
1.75,1.877
1.655,1.785
1.594,0.561
1.658,-0.369
1.648,1.373
1.6,0.417
1.437,0.451
1.372,-0.562
1.316,-0.475
1.281,1.825
1.308,1.175
1.286,2.083
1.281,2.669
1.262,2.429
1.292,1.837
1.225,0.58
1.223,0.451
1.28,3.263
1.276,2.632
1.192,0.602
1.166,1.041
1.178,1.393
1.187,1.855
1.033,2.244
1.084,0.923
0.738,-0.81
0.654,-0.966
0.616,-0.799
0.16,-0.824
-0.037,-0.812
-0.263,-0.916
-0.694,-0.86
-0.818,-0.841
-1.137,-1.029
-1.179,-0.888
-2.103,-0.905
-2.171,-0.76
-2.495,-0.723
-2.788,-1.181
-2.961,-1.097
-2.937,-1.093
2.341,-0.926
1.741,-1.106
1.484,-0.868
1.093,-0.868
0.806,3.304
0.647,3.312
0.392,3.458
0.339,3.429
0.206,3.313
-1.247,3.267
-1.645,3.351
-1.744,3.367
-2.85,3.482
2.853,3.457
2.445,3.44
2.235,3.506
1.527,3.236
1.314,3.47
0.242,2.998
-1.08,0.865
-1.956,1.58
-3.007,0.367
2.913,2.564
1.978,2.262
1.314,2.035
0.627,-0.97
-2.463,3.337
1.054,2.916
0.933,-0.392
0.953,0.33
0.765,0.496
0.736,-0.478
0.773,0.454
0.721,1.685
0.709,0.984
0.635,0.187
0.428,1.533
0.484,3.02
0.459,0.877
0.33,1.419
0.309,2.872
0.284,3.169
0.276,3.024
0.328,1.574
0.121,3.06
0.142,2.895
-0.119,3.111
-0.036,0.635
-0.153,1.387
-0.329,1.194
-0.326,0.2
-0.216,0.858
-0.354,-0.195
-0.265,-0.633
-0.522,2.955
-0.655,1.714
-0.819,3.006
-0.701,1.627
-0.715,2.019
-0.854,-0.31
-0.784,1.941
-0.986,-0.508
-0.979,0.58
-1.096,2.363
-0.978,3.247
-1.037,0.277
-1.22,2.662
-1.149,1.524
-1.176,2.802
-1.171,1.224
-1.311,1.86
-1.347,-0.46
-1.368,1.523
-1.301,0.583
-1.485,0.537
-1.386,1.616
-1.434,0.693
-1.653,0.679
-1.86,1.967
-1.774,3.196
-1.926,0.87
-1.943,0.181
-1.883,1.871
-1.921,0.327
-2.075,0.499
-2.08,3.082
-2.239,1.25
-2.14,1.319
-2.294,3.321
-2.265,2.689
-2.442,2.573
-2.336,1.959
-2.541,3.115
-2.525,1.75
-2.652,0.281
-2.657,0.217
-2.81,1.489
-2.702,0.081
-2.867,1.679
-2.74,0.296
-2.797,3.157
-2.863,0.321
-2.844,-0.354
-3.022,2.658
-2.896,0.869
-2.963,1.791
-2.985,2.991
-2.989,-0.718
-3.141,0.637
-3.069,1.763
3.096,2.232
-3.128,2.869
2.968,2.841
3.066,2.062
2.949,0.031
2.94,1.788
2.742,2.005
2.737,1.328
2.803,0.92
2.786,0.48
2.641,2.994
2.738,0.475
2.616,-0.616
2.573,-0.513
2.557,2.253
2.424,2.22
2.346,1.575
2.361,1.279
2.349,3.25
2.122,2.442
2.249,2.776
1.907,1.687
2.002,0.204
1.876,0.095
1.825,0.804
1.727,-0.679
1.669,0.2
1.61,1.722
1.471,0.101
1.446,0.217
1.452,1.247
1.292,1.488
1.418,0.683
1.369,2.047
1.309,0.495
1.267,0.618
1.152,2.174
0.984,0.921
0.119,-0.997
0.137,-0.905
-0.096,-0.992
-1.098,-1.165
-1.168,-0.729
-1.318,-1.001
-2.05,-0.911
-2.129,-0.792
-2.598,-1.238
-2.724,-0.969
2.685,-0.886
2.508,-1.071
2.264,-1.103
2.184,-0.82
1.678,-1.094
1.757,-1.055
1.769,-1.024
1.288,-1.117
1.17,-0.947
1.014,-1.09
0.838,3.307
0.432,3.417
-1.029,3.315
-1.439,3.346
-1.678,3.319
-1.546,3.43
-1.782,3.39
-2.419,3.358
-3.011,3.431
-2.887,3.401
2.947,3.373
1.777,3.128
0.524,2.752
-1.134,0.449
1.059,0.065
-1.65,1.92
-1.951,2.41
-2.156,0.241
-2.838,0.279
-2.92,1.102
2.909,2.423
2.446,1.435
1.768,2.817
1.699,2.503
1.56,2.623
1.453,2.146
0.654,0.329
-2.857,1.172
2.606,1.667
1.778,0.963
1.667,0.71
-0.461,-0.713
-1.888,-0.658
1.487,2.968
1.072,3.036
0.058,-0.031
-0.012,-2.105
-0.173,-0.337
-0.261,-0.431
-0.338,0.237
-0.425,-0.511
-0.396,-0.366
-0.456,1.088
-0.649,-1.337
-0.687,-0.484
-0.709,-0.304
-0.654,-1.53
-0.657,-1.177
-0.724,1.033
-0.833,-1.139
-0.892,-2.085
-0.92,-1.218
-0.987,-1.348
-1.174,-1.031
-1.25,-0.81
-1.269,-1.018
-1.219,1.095
-1.27,-1.037
-1.307,0.247
-1.365,-0.154
-1.326,-0.507
-1.408,0.294
-1.465,-2.202
-1.477,0.141
-1.495,-1.746
-1.531,-0.008
-1.639,-1.092
-1.684,-1.248
-1.671,-1.486
-1.746,1.117
-1.837,-2.045
-1.872,1.391
-1.939,-0.168
-1.961,-2.317
-1.938,-0.188
-1.969,-0.817
-2.067,-1.501
-2.086,-0.345
-2.103,0.166
-2.15,0.281
-2.184,-2.044
-2.255,-0.348
-2.304,-1.424
-2.376,-0.384
-2.497,-1.219
-2.488,1.368
-2.574,-0.302
-2.65,1.263
-2.609,-0.394
-2.695,-1.027
-2.695,1.18
-2.669,0.843
-2.745,-0.939
-2.825,-0.659
-2.837,1.026
-2.897,0.997
-2.922,-0.49
-2.859,-0.99
-2.869,0.72
-2.951,0.62
-2.944,-1.518
-2.963,-2.328
-3.06,-0.549
-3.008,0.433
-3.069,-0.661
-3.123,-1.12
3.112,-1.951
-3.141,-0.025
3.093,-2.087
3.088,0.256
3.089,0.592
2.997,-2.083
3.046,1.212
2.94,1.332
2.993,0.335
2.915,1.035
2.569,-0.241
2.612,0.785
2.512,1.318
2.516,-1.456
2.559,-0.098
2.474,-1.72
2.436,-0.612
2.492,-0.079
2.41,0.255
2.401,-1.537
2.418,-1.441
2.288,-0.664
2.184,-0.168
2.048,-0.308
2.108,1.315
2.008,-0.606
2.005,-0.402
1.888,0.365
1.782,0.026
1.687,-0.066
1.626,-1.29
1.69,-2.22
1.68,-0.478
1.632,-1.434
1.469,-1.4
1.404,-2.413
1.348,-2.326
1.313,-0.026
1.34,-0.676
1.318,0.232
1.313,0.818
1.294,0.578
1.324,-0.014
1.257,-1.271
1.255,-1.4
1.312,1.412
1.308,0.781
1.224,-1.249
1.198,-0.81
1.21,-0.458
1.219,0.004
1.065,0.393
1.116,-0.928
0.77,-2.661
0.686,-2.817
0.648,-2.65
0.192,-2.675
-0.005,-2.663
-0.231,-2.767
-0.662,-2.711
-0.786,-2.692
-1.105,-2.88
-1.147,-2.739
-2.071,-2.756
-2.139,-2.611
-2.463,-2.574
-2.756,-3.032
-2.929,-2.948
-2.905,-2.944
2.373,-2.777
1.773,-2.957
1.516,-2.719
1.125,-2.719
0.838,1.453
0.679,1.461
0.424,1.607
0.371,1.578
0.238,1.462
-1.215,1.416
-1.613,1.5
-1.712,1.516
-2.818,1.631
2.885,1.606
2.477,1.589
2.267,1.655
1.559,1.385
1.346,1.619
0.274,1.147
-1.048,-0.986
-1.924,-0.271
-2.975,-1.484
2.945,0.713
2.01,0.411
1.346,0.184
0.659,-2.821
-2.431,1.486
1.086,1.065
0.965,-2.243
0.985,-1.521
0.797,-1.355
0.768,-2.329
0.805,-1.397
0.753,-0.166
0.741,-0.867
0.667,-1.664
0.46,-0.318
0.516,1.169
0.491,-0.974
0.362,-0.432
0.341,1.021
0.316,1.318
0.308,1.173
0.36,-0.277
0.153,1.209
0.174,1.044
-0.087,1.26
-0.004,-1.216
-0.121,-0.464
-0.297,-0.657
-0.294,-1.651
-0.184,-0.993
-0.322,-2.046
-0.233,-2.484
-0.49,1.104
-0.623,-0.137
-0.787,1.155
-0.669,-0.224
-0.683,0.168
-0.822,-2.161
-0.752,0.09
-0.954,-2.359
-0.947,-1.271
-1.064,0.512
-0.946,1.396
-1.005,-1.574
-1.188,0.811
-1.117,-0.327
-1.144,0.951
-1.139,-0.627
-1.279,0.009
-1.315,-2.311
-1.336,-0.328
-1.269,-1.268
-1.453,-1.314
-1.354,-0.235
-1.402,-1.158
-1.621,-1.172
-1.828,0.116
-1.742,1.345
-1.894,-0.981
-1.911,-1.67
-1.851,0.02
-1.889,-1.524
-2.043,-1.352
-2.048,1.231
-2.207,-0.601
-2.108,-0.532
-2.262,1.47
-2.233,0.838
-2.41,0.722
-2.304,0.108
-2.509,1.264
-2.493,-0.101
-2.62,-1.57
-2.625,-1.634
-2.778,-0.362
-2.67,-1.77
-2.835,-0.172
-2.708,-1.555
-2.765,1.306
-2.831,-1.53
-2.812,-2.205
-2.99,0.807
-2.864,-0.982
-2.931,-0.06
-2.953,1.14
-2.957,-2.569
-3.109,-1.214
-3.037,-0.088
3.128,0.381
-3.096,1.018
3.0,0.99
3.098,0.211
2.981,-1.82
2.972,-0.063
2.774,0.154
2.769,-0.523
2.835,-0.931
2.818,-1.371
2.673,1.143
2.77,-1.376
2.648,-2.467
2.605,-2.364
2.589,0.402
2.456,0.369
2.378,-0.276
2.393,-0.572
2.381,1.399
2.154,0.591
2.281,0.925
1.939,-0.164
2.034,-1.647
1.908,-1.756
1.857,-1.047
1.759,-2.53
1.701,-1.651
1.642,-0.129
1.503,-1.75
1.478,-1.634
1.484,-0.604
1.324,-0.363
1.45,-1.168
1.401,0.196
1.341,-1.356
1.299,-1.233
1.184,0.323
1.016,-0.93
0.151,-2.848
0.169,-2.756
-0.064,-2.843
-1.066,-3.016
-1.136,-2.58
-1.286,-2.852
-2.018,-2.762
-2.097,-2.643
-2.566,-3.089
-2.692,-2.82
2.717,-2.737
2.54,-2.922
2.296,-2.954
2.216,-2.671
1.71,-2.945
1.789,-2.906
1.801,-2.875
1.32,-2.968
1.202,-2.798
1.046,-2.941
0.87,1.456
0.464,1.566
-0.997,1.464
-1.407,1.495
-1.646,1.468
-1.514,1.579
-1.75,1.539
-2.387,1.507
-2.979,1.58
-2.855,1.55
2.979,1.522
1.809,1.277
0.556,0.901
-1.102,-1.402
1.091,-1.786
-1.618,0.069
-1.919,0.559
-2.124,-1.61
-2.806,-1.572
-2.888,-0.749
2.941,0.572
2.478,-0.416
1.8,0.966
1.731,0.652
1.592,0.772
1.485,0.295
0.686,-1.522
-2.825,-0.679
2.638,-0.184
1.81,-0.888
1.699,-1.141
-0.429,-2.564
-1.856,-2.509
1.519,1.117
1.104,1.185
-0.07,-2.074
-0.231,-0.306
-0.319,-0.4
-0.396,0.268
-0.483,-0.48
-0.454,-0.335
-0.514,1.119
-0.707,-1.306
-0.745,-0.453
-0.767,-0.273
-0.712,-1.499
-0.715,-1.146
-0.782,1.064
-0.891,-1.108
-0.95,-2.054
-0.978,-1.187
-1.045,-1.317
-1.232,-1.0
-1.308,-0.779
-1.327,-0.987
-1.277,1.126
-1.328,-1.006
-1.365,0.278
-1.423,-0.123
-1.384,-0.476
-1.466,0.325
-1.523,-2.171
-1.535,0.172
-1.553,-1.715
-1.589,0.023
-1.697,-1.061
-1.742,-1.217
-1.729,-1.455
-1.804,1.148
-1.895,-2.014
-1.93,1.422
-1.997,-0.137
-2.019,-2.286
-1.996,-0.157
-2.027,-0.786
-2.125,-1.47
-2.144,-0.314
-2.161,0.197
-2.208,0.312
-2.242,-2.013
-2.313,-0.317
-2.362,-1.393
-2.434,-0.353
-2.555,-1.188
-2.546,1.399
-2.632,-0.271
-2.708,1.294
-2.667,-0.363
-2.753,-0.996
-2.753,1.211
-2.727,0.874
-2.803,-0.908
-2.883,-0.628
-2.895,1.057
-2.955,1.028
-2.98,-0.459
-2.917,-0.959
-2.927,0.751
-3.009,0.651
-3.002,-1.487
-3.021,-2.297
-3.118,-0.518
-3.066,0.464
-3.127,-0.63
3.102,-1.089
3.054,-1.92
3.084,0.006
3.035,-2.056
3.03,0.287
3.031,0.623
2.939,-2.052
2.988,1.243
2.882,1.363
2.935,0.366
2.857,1.066
2.511,-0.21
2.554,0.816
2.454,1.349
2.458,-1.425
2.501,-0.067
2.416,-1.689
2.378,-0.581
2.434,-0.048
2.352,0.286
2.343,-1.506
2.36,-1.41
2.23,-0.633
2.126,-0.137
1.99,-0.277
2.05,1.346
1.95,-0.575
1.947,-0.371
1.83,0.396
1.724,0.057
1.629,-0.035
1.568,-1.259
1.632,-2.189
1.622,-0.447
1.574,-1.403
1.411,-1.369
1.346,-2.382
1.29,-2.295
1.255,0.005
1.282,-0.645
1.26,0.263
1.255,0.849
1.236,0.609
1.266,0.017
1.199,-1.24
1.197,-1.369
1.254,1.443
1.25,0.812
1.166,-1.218
1.14,-0.779
1.152,-0.427
1.161,0.035
1.007,0.424
1.058,-0.897
0.712,-2.63
0.628,-2.786
0.59,-2.619
0.134,-2.644
-0.063,-2.632
-0.289,-2.736
-0.72,-2.68
-0.844,-2.661
-1.163,-2.849
-1.205,-2.708
-2.129,-2.725
-2.197,-2.58
-2.521,-2.543
-2.814,-3.001
-2.987,-2.917
-2.963,-2.913
2.315,-2.746
1.715,-2.926
1.458,-2.688
1.067,-2.688
0.78,1.484
0.621,1.492
0.366,1.638
0.313,1.609
0.18,1.493
-1.273,1.447
-1.671,1.531
-1.77,1.547
-2.876,1.662
2.827,1.637
2.419,1.62
2.209,1.686
1.501,1.416
1.288,1.65
0.216,1.178
-1.106,-0.955
-1.982,-0.24
-3.033,-1.453
2.887,0.744
1.952,0.442
1.288,0.215
0.601,-2.79
-2.489,1.517
1.028,1.096
0.907,-2.212
0.927,-1.49
0.739,-1.324
0.71,-2.298
0.747,-1.366
0.695,-0.135
0.683,-0.836
0.609,-1.633
0.402,-0.287
0.458,1.2
0.433,-0.943
0.304,-0.401
0.283,1.052
0.258,1.349
0.25,1.204
0.302,-0.246
0.095,1.24
0.116,1.075
-0.145,1.291
-0.062,-1.185
-0.179,-0.433
-0.355,-0.626
-0.352,-1.62
-0.242,-0.962
-0.38,-2.015
-0.291,-2.453
-0.548,1.135
-0.681,-0.106
-0.845,1.186
-0.727,-0.193
-0.741,0.199
-0.88,-2.13
-0.81,0.121
-1.012,-2.328
-1.005,-1.24
-1.122,0.543
-1.004,1.427
-1.063,-1.543
-1.246,0.842
-1.175,-0.296
-1.202,0.982
-1.197,-0.596
-1.337,0.04
-1.373,-2.28
-1.394,-0.297
-1.327,-1.237
-1.511,-1.283
-1.412,-0.204
-1.46,-1.127
-1.679,-1.141
-1.886,0.147
-1.8,1.376
-1.952,-0.95
-1.969,-1.639
-1.909,0.051
-1.947,-1.493
-2.101,-1.321
-2.106,1.262
-2.265,-0.57
-2.166,-0.501
-2.32,1.501
-2.291,0.869
-2.468,0.753
-2.362,0.139
-2.567,1.295
-2.551,-0.07
-2.678,-1.539
-2.683,-1.603
-2.836,-0.331
-2.728,-1.739
-2.893,-0.141
-2.766,-1.524
-2.823,1.337
-2.889,-1.499
-2.87,-2.174
-3.048,0.838
-2.922,-0.951
-2.989,-0.029
-3.011,1.171
-3.015,-2.538
3.116,-1.183
-3.095,-0.057
3.07,0.412
3.129,1.049
2.942,1.021
3.04,0.242
2.923,-1.789
2.914,-0.032
2.716,0.185
2.711,-0.492
2.777,-0.9
2.76,-1.34
2.615,1.174
2.712,-1.345
2.59,-2.436
2.547,-2.333
2.531,0.433
2.398,0.4
2.32,-0.245
2.335,-0.541
2.323,1.43
2.096,0.622
2.223,0.956
1.881,-0.133
1.976,-1.616
1.85,-1.725
1.799,-1.016
1.701,-2.499
1.643,-1.62
1.584,-0.098
1.445,-1.719
1.42,-1.603
1.426,-0.573
1.266,-0.332
1.392,-1.137
1.343,0.227
1.283,-1.325
1.241,-1.202
1.126,0.354
0.958,-0.899
0.093,-2.817
0.111,-2.725
-0.122,-2.812
-1.124,-2.985
-1.194,-2.549
-1.344,-2.821
-2.076,-2.731
-2.155,-2.612
-2.624,-3.058
-2.75,-2.789
2.659,-2.706
2.482,-2.891
2.238,-2.923
2.158,-2.64
1.652,-2.914
1.731,-2.875
1.743,-2.844
1.262,-2.937
1.144,-2.767
0.988,-2.91
0.812,1.487
0.406,1.597
-1.055,1.495
-1.465,1.526
-1.704,1.499
-1.572,1.61
-1.808,1.57
-2.445,1.538
-3.037,1.611
-2.913,1.581
2.921,1.553
1.751,1.308
0.498,0.932
-1.16,-1.371
1.033,-1.755
-1.676,0.1
-1.977,0.59
-2.182,-1.579
-2.864,-1.541
-2.946,-0.718
2.883,0.603
2.42,-0.385
1.742,0.997
1.673,0.683
1.534,0.803
1.427,0.326
0.628,-1.491
-2.883,-0.648
2.58,-0.153
1.752,-0.857
1.641,-1.11
-0.487,-2.533
-1.914,-2.478
1.461,1.148
1.046,1.216
-0.161,1.768
-0.249,1.674
-0.326,2.342
-0.413,1.594
-0.384,1.739
-0.444,3.193
-0.637,0.768
-0.675,1.621
-0.697,1.801
-0.642,0.575
-0.645,0.928
-0.712,3.138
-0.821,0.966
-0.88,0.02
-0.908,0.887
-0.975,0.757
-1.162,1.074
-1.238,1.295
-1.257,1.087
-1.207,3.2
-1.258,1.068
-1.295,2.352
-1.353,1.951
-1.314,1.598
-1.396,2.399
-1.453,-0.097
-1.465,2.246
-1.483,0.359
-1.519,2.097
-1.627,1.013
-1.672,0.857
-1.659,0.619
-1.734,3.222
-1.825,0.06
-1.86,3.496
-1.927,1.937
-1.949,-0.212
-1.926,1.917
-1.957,1.288
-2.055,0.604
-2.074,1.76
-2.091,2.271
-2.138,2.386
-2.172,0.061
-2.243,1.757
-2.292,0.681
-2.364,1.721
-2.485,0.886
-2.476,3.473
-2.562,1.803
-2.638,3.368
-2.597,1.711
-2.683,1.078
-2.683,3.285
-2.657,2.948
-2.733,1.166
-2.813,1.446
-2.825,3.131
-2.885,3.102
-2.91,1.615
-2.847,1.115
-2.857,2.825
-2.939,2.725
-2.932,0.587
-2.951,-0.223
-3.048,1.556
-2.996,2.538
-3.057,1.444
-3.111,0.985
3.124,0.154
-3.129,2.08
3.105,0.018
3.1,2.361
3.101,2.697
3.009,0.022
3.058,3.317
2.952,3.437
3.005,2.44
2.927,3.14
2.581,1.864
2.624,2.89
2.524,3.423
2.528,0.649
2.571,2.007
2.486,0.385
2.448,1.493
2.504,2.026
2.422,2.36
2.413,0.568
2.43,0.664
2.3,1.441
2.196,1.937
2.06,1.797
2.12,3.42
2.02,1.499
2.017,1.703
1.9,2.47
1.794,2.131
1.699,2.039
1.638,0.815
1.702,-0.115
1.692,1.627
1.644,0.671
1.481,0.705
1.416,-0.308
1.36,-0.221
1.325,2.079
1.352,1.429
1.33,2.337
1.325,2.923
1.306,2.683
1.336,2.091
1.269,0.834
1.267,0.705
1.324,3.517
1.32,2.886
1.236,0.856
1.21,1.295
1.222,1.647
1.231,2.109
1.077,2.498
1.128,1.177
0.782,-0.556
0.698,-0.712
0.66,-0.545
0.204,-0.57
0.007,-0.558
-0.219,-0.662
-0.65,-0.606
-0.774,-0.587
-1.093,-0.775
-1.135,-0.634
-2.059,-0.651
-2.127,-0.506
-2.451,-0.469
-2.744,-0.927
-2.917,-0.843
-2.893,-0.839
2.385,-0.672
1.785,-0.852
1.528,-0.614
1.137,-0.614
0.85,3.558
0.691,3.566
0.436,3.712
0.383,3.683
0.25,3.567
-1.203,3.521
-1.601,3.605
-1.7,3.621
-2.806,3.736
2.897,3.711
2.489,3.694
2.279,3.76
1.571,3.49
1.358,3.724
0.286,3.252
-1.036,1.119
-1.912,1.834
-2.963,0.621
2.957,2.818
2.022,2.516
1.358,2.289
0.671,-0.716
-2.419,3.591
1.098,3.17
0.977,-0.138
0.997,0.584
0.809,0.75
0.78,-0.224
0.817,0.708
0.765,1.939
0.753,1.238
0.679,0.441
0.472,1.787
0.528,3.274
0.503,1.131
0.374,1.673
0.353,3.126
0.328,3.423
0.32,3.278
0.372,1.828
0.165,3.314
0.186,3.149
-0.075,3.365
0.008,0.889
-0.109,1.641
-0.285,1.448
-0.282,0.454
-0.172,1.112
-0.31,0.059
-0.221,-0.379
-0.478,3.209
-0.611,1.968
-0.775,3.26
-0.657,1.881
-0.671,2.273
-0.81,-0.056
-0.74,2.195
-0.942,-0.254
-0.935,0.834
-1.052,2.617
-0.934,3.501
-0.993,0.531
-1.176,2.916
-1.105,1.778
-1.132,3.056
-1.127,1.478
-1.267,2.114
-1.303,-0.206
-1.324,1.777
-1.257,0.837
-1.441,0.791
-1.342,1.87
-1.39,0.947
-1.609,0.933
-1.816,2.221
-1.73,3.45
-1.882,1.124
-1.899,0.435
-1.839,2.125
-1.877,0.581
-2.031,0.753
-2.036,3.336
-2.195,1.504
-2.096,1.573
-2.25,3.575
-2.221,2.943
-2.398,2.827
-2.292,2.213
-2.497,3.369
-2.481,2.004
-2.608,0.535
-2.613,0.471
-2.766,1.743
-2.658,0.335
-2.823,1.933
-2.696,0.55
-2.753,3.411
-2.819,0.575
-2.8,-0.1
-2.978,2.912
-2.852,1.123
-2.919,2.045
-2.941,3.245
-2.945,-0.464
-3.097,0.891
-3.025,2.017
3.14,2.486
-3.084,3.123
3.012,3.095
3.11,2.316
2.993,0.285
2.984,2.042
2.786,2.259
2.781,1.582
2.847,1.174
2.83,0.734
2.685,3.248
2.782,0.729
2.66,-0.362
2.617,-0.259
2.601,2.507
2.468,2.474
2.39,1.829
2.405,1.533
2.393,3.504
2.166,2.696
2.293,3.03
1.951,1.941
2.046,0.458
1.92,0.349
1.869,1.058
1.771,-0.425
1.713,0.454
1.654,1.976
1.515,0.355
1.49,0.471
1.496,1.501
1.336,1.742
1.462,0.937
1.413,2.301
1.353,0.749
1.311,0.872
1.196,2.428
1.028,1.175
0.163,-0.743
0.181,-0.651
-0.052,-0.738
-1.054,-0.911
-1.124,-0.475
-1.274,-0.747
-2.006,-0.657
-2.085,-0.538
-2.554,-0.984
-2.68,-0.715
2.729,-0.632
2.552,-0.817
2.308,-0.849
2.228,-0.566
1.722,-0.84
1.801,-0.801
1.813,-0.77
1.332,-0.863
1.214,-0.693
1.058,-0.836
0.882,3.561
0.476,3.671
-0.985,3.569
-1.395,3.6
-1.634,3.573
-1.502,3.684
-1.738,3.644
-2.375,3.612
-2.967,3.685
-2.843,3.655
2.991,3.627
1.821,3.382
0.568,3.006
-1.09,0.703
1.103,0.319
-1.606,2.174
-1.907,2.664
-2.112,0.495
-2.794,0.533
-2.876,1.356
2.953,2.677
2.49,1.689
1.812,3.071
1.743,2.757
1.604,2.877
1.497,2.4
0.698,0.583
-2.813,1.426
2.65,1.921
1.822,1.217
1.711,0.964
-0.417,-0.459
-1.844,-0.404
1.531,3.222
1.116,3.29
-0.088,-0.094
-0.165,0.574
-0.252,-0.174
-0.223,-0.029
-0.283,1.425
-0.476,-1.0
-0.514,-0.147
-0.536,0.033
-0.481,-1.193
-0.484,-0.84
-0.551,1.37
-0.66,-0.802
-0.719,-1.748
-0.747,-0.881
-0.814,-1.011
-1.001,-0.694
-1.077,-0.473
-1.096,-0.681
-1.046,1.432
-1.097,-0.7
-1.134,0.584
-1.192,0.183
-1.153,-0.17
-1.235,0.631
-1.292,-1.865
-1.304,0.478
-1.322,-1.409
-1.358,0.329
-1.466,-0.755
-1.511,-0.911
-1.498,-1.149
-1.573,1.454
-1.664,-1.708
-1.699,1.728
-1.766,0.169
-1.788,-1.98
-1.765,0.149
-1.796,-0.48
-1.894,-1.164
-1.913,-0.008
-1.93,0.503
-1.977,0.618
-2.011,-1.707
-2.082,-0.011
-2.131,-1.087
-2.203,-0.047
-2.324,-0.882
-2.315,1.705
-2.401,0.035
-2.477,1.6
-2.436,-0.057
-2.522,-0.69
-2.522,1.517
-2.496,1.18
-2.572,-0.602
-2.652,-0.322
-2.664,1.363
-2.724,1.334
-2.749,-0.153
-2.686,-0.653
-2.696,1.057
-2.778,0.957
-2.771,-1.181
-2.79,-1.991
-2.887,-0.212
-2.835,0.77
-2.896,-0.324
-2.95,-0.783
-2.998,-1.614
-2.968,0.312
-3.017,-1.75
-3.022,0.593
-3.021,0.929
-3.113,-1.746
-3.064,1.549
3.113,1.669
-3.117,0.672
3.088,1.372
2.742,0.096
2.785,1.122
2.685,1.655
2.689,-1.119
2.732,0.239
2.647,-1.383
2.609,-0.275
2.665,0.258
2.583,0.592
2.574,-1.2
2.591,-1.104
2.461,-0.327
2.357,0.169
2.221,0.029
2.281,1.652
2.181,-0.269
2.178,-0.065
2.061,0.702
1.955,0.363
1.86,0.271
1.799,-0.953
1.863,-1.883
1.853,-0.141
1.805,-1.097
1.642,-1.063
1.577,-2.076
1.521,-1.989
1.486,0.311
1.513,-0.339
1.491,0.569
1.486,1.155
1.467,0.915
1.497,0.323
1.43,-0.934
1.428,-1.063
1.485,1.749
1.481,1.118
1.397,-0.912
1.371,-0.473
1.383,-0.121
1.392,0.341
1.238,0.73
1.289,-0.591
0.943,-2.324
0.859,-2.48
0.821,-2.313
0.365,-2.338
0.168,-2.326
-0.058,-2.43
-0.489,-2.374
-0.613,-2.355
-0.932,-2.543
-0.974,-2.402
-1.898,-2.419
-1.966,-2.274
-2.29,-2.237
-2.583,-2.695
-2.756,-2.611
-2.732,-2.607
2.546,-2.44
1.946,-2.62
1.689,-2.382
1.298,-2.382
1.011,1.79
0.852,1.798
0.597,1.944
0.544,1.915
0.411,1.799
-1.042,1.753
-1.44,1.837
-1.539,1.853
-2.645,1.968
3.058,1.943
2.65,1.926
2.44,1.992
1.732,1.722
1.519,1.956
0.447,1.484
-0.875,-0.649
-1.751,0.066
-2.802,-1.147
3.118,1.05
2.183,0.748
1.519,0.521
0.832,-2.484
-2.258,1.823
1.259,1.402
1.138,-1.906
1.158,-1.184
0.97,-1.018
0.941,-1.992
0.978,-1.06
0.926,0.171
0.914,-0.53
0.84,-1.327
0.633,0.019
0.689,1.506
0.664,-0.637
0.535,-0.095
0.514,1.358
0.489,1.655
0.481,1.51
0.533,0.06
0.326,1.546
0.347,1.381
0.086,1.597
0.169,-0.879
0.052,-0.127
-0.124,-0.32
-0.121,-1.314
-0.011,-0.656
-0.149,-1.709
-0.06,-2.147
-0.317,1.441
-0.45,0.2
-0.614,1.492
-0.496,0.113
-0.51,0.505
-0.649,-1.824
-0.579,0.427
-0.781,-2.022
-0.774,-0.934
-0.891,0.849
-0.773,1.733
-0.832,-1.237
-1.015,1.148
-0.944,0.01
-0.971,1.288
-0.966,-0.29
-1.106,0.346
-1.142,-1.974
-1.163,0.009
-1.096,-0.931
-1.28,-0.977
-1.181,0.102
-1.229,-0.821
-1.448,-0.835
-1.655,0.453
-1.569,1.682
-1.721,-0.644
-1.738,-1.333
-1.678,0.357
-1.716,-1.187
-1.87,-1.015
-1.875,1.568
-2.034,-0.264
-1.935,-0.195
-2.089,1.807
-2.06,1.175
-2.237,1.059
-2.131,0.445
-2.336,1.601
-2.32,0.236
-2.447,-1.233
-2.452,-1.297
-2.605,-0.025
-2.497,-1.433
-2.662,0.165
-2.535,-1.218
-2.592,1.643
-2.658,-1.193
-2.639,-1.868
-2.817,1.144
-2.691,-0.645
-2.758,0.277
-2.78,1.477
-2.784,-2.232
-2.936,-0.877
-2.864,0.249
-2.982,0.718
-2.923,1.355
-3.11,1.327
-3.012,0.548
-3.129,-1.483
-3.138,0.274
2.947,0.491
2.942,-0.186
3.008,-0.594
2.991,-1.034
2.846,1.48
2.943,-1.039
2.821,-2.13
2.778,-2.027
2.762,0.739
2.629,0.706
2.551,0.061
2.566,-0.235
2.554,1.736
2.327,0.928
2.454,1.262
2.112,0.173
2.207,-1.31
2.081,-1.419
2.03,-0.71
1.932,-2.193
1.874,-1.314
1.815,0.208
1.676,-1.413
1.651,-1.297
1.657,-0.267
1.497,-0.026
1.623,-0.831
1.574,0.533
1.514,-1.019
1.472,-0.896
1.357,0.66
1.189,-0.593
0.324,-2.511
0.342,-2.419
0.109,-2.506
-0.893,-2.679
-0.963,-2.243
-1.113,-2.515
-1.845,-2.425
-1.924,-2.306
-2.393,-2.752
-2.519,-2.483
2.89,-2.4
2.713,-2.585
2.469,-2.617
2.389,-2.334
1.883,-2.608
1.962,-2.569
1.974,-2.538
1.493,-2.631
1.375,-2.461
1.219,-2.604
1.043,1.793
0.637,1.903
-0.824,1.801
-1.234,1.832
-1.473,1.805
-1.341,1.916
-1.577,1.876
-2.214,1.844
-2.806,1.917
-2.682,1.887
-3.131,1.859
1.982,1.614
0.729,1.238
-0.929,-1.065
1.264,-1.449
-1.445,0.406
-1.746,0.896
-1.951,-1.273
-2.633,-1.235
-2.715,-0.412
3.114,0.909
2.651,-0.079
1.973,1.303
1.904,0.989
1.765,1.109
1.658,0.632
0.859,-1.185
-2.652,-0.342
2.811,0.153
1.983,-0.551
1.872,-0.804
-0.256,-2.227
-1.683,-2.172
1.692,1.454
1.277,1.522
-0.077,0.668
-0.164,-0.08
-0.135,0.065
-0.195,1.519
-0.388,-0.906
-0.426,-0.053
-0.448,0.127
-0.393,-1.099
-0.396,-0.746
-0.463,1.464
-0.572,-0.708
-0.631,-1.654
-0.659,-0.787
-0.726,-0.917
-0.913,-0.6
-0.989,-0.379
-1.008,-0.587
-0.958,1.526
-1.009,-0.606
-1.046,0.678
-1.104,0.277
-1.065,-0.076
-1.147,0.725
-1.204,-1.771
-1.216,0.572
-1.234,-1.315
-1.27,0.423
-1.378,-0.661
-1.423,-0.817
-1.41,-1.055
-1.485,1.548
-1.576,-1.614
-1.611,1.822
-1.678,0.263
-1.7,-1.886
-1.677,0.243
-1.708,-0.386
-1.806,-1.07
-1.825,0.086
-1.842,0.597
-1.889,0.712
-1.923,-1.613
-1.994,0.083
-2.043,-0.993
-2.115,0.047
-2.236,-0.788
-2.227,1.799
-2.313,0.129
-2.389,1.694
-2.348,0.037
-2.434,-0.596
-2.434,1.611
-2.408,1.274
-2.484,-0.508
-2.564,-0.228
-2.576,1.457
-2.636,1.428
-2.661,-0.059
-2.598,-0.559
-2.608,1.151
-2.69,1.051
-2.683,-1.087
-2.702,-1.897
-2.799,-0.118
-2.747,0.864
-2.808,-0.23
-2.862,-0.689
-2.91,-1.52
-2.88,0.406
-2.929,-1.656
-2.934,0.687
-2.933,1.023
-3.025,-1.652
-2.976,1.643
-3.082,1.763
-3.029,0.766
-3.107,1.466
2.83,0.19
2.873,1.216
2.773,1.749
2.777,-1.025
2.82,0.333
2.735,-1.289
2.697,-0.181
2.753,0.352
2.671,0.686
2.662,-1.106
2.679,-1.01
2.549,-0.233
2.445,0.263
2.309,0.123
2.369,1.746
2.269,-0.175
2.266,0.029
2.149,0.796
2.043,0.457
1.948,0.365
1.887,-0.859
1.951,-1.789
1.941,-0.047
1.893,-1.003
1.73,-0.969
1.665,-1.982
1.609,-1.895
1.574,0.405
1.601,-0.245
1.579,0.663
1.574,1.249
1.555,1.009
1.585,0.417
1.518,-0.84
1.516,-0.969
1.573,1.843
1.569,1.212
1.485,-0.818
1.459,-0.379
1.471,-0.027
1.48,0.435
1.326,0.824
1.377,-0.497
1.031,-2.23
0.947,-2.386
0.909,-2.219
0.453,-2.244
0.256,-2.232
0.03,-2.336
-0.401,-2.28
-0.525,-2.261
-0.844,-2.449
-0.886,-2.308
-1.81,-2.325
-1.878,-2.18
-2.202,-2.143
-2.495,-2.601
-2.668,-2.517
-2.644,-2.513
2.634,-2.346
2.034,-2.526
1.777,-2.288
1.386,-2.288
1.099,1.884
0.94,1.892
0.685,2.038
0.632,2.009
0.499,1.893
-0.954,1.847
-1.352,1.931
-1.451,1.947
-2.557,2.062
-3.137,2.037
2.738,2.02
2.528,2.086
1.82,1.816
1.607,2.05
0.535,1.578
-0.787,-0.555
-1.663,0.16
-2.714,-1.053
-3.077,1.144
2.271,0.842
1.607,0.615
0.92,-2.39
-2.17,1.917
1.347,1.496
1.226,-1.812
1.246,-1.09
1.058,-0.924
1.029,-1.898
1.066,-0.966
1.014,0.265
1.002,-0.436
0.928,-1.233
0.721,0.113
0.777,1.6
0.752,-0.543
0.623,-0.001
0.602,1.452
0.577,1.749
0.569,1.604
0.621,0.154
0.414,1.64
0.435,1.475
0.174,1.691
0.257,-0.785
0.14,-0.033
-0.036,-0.226
-0.033,-1.22
0.077,-0.562
-0.061,-1.615
0.028,-2.053
-0.229,1.535
-0.362,0.294
-0.526,1.586
-0.408,0.207
-0.422,0.599
-0.561,-1.73
-0.491,0.521
-0.693,-1.928
-0.686,-0.84
-0.803,0.943
-0.685,1.827
-0.744,-1.143
-0.927,1.242
-0.856,0.104
-0.883,1.382
-0.878,-0.196
-1.018,0.44
-1.054,-1.88
-1.075,0.103
-1.008,-0.837
-1.192,-0.883
-1.093,0.196
-1.141,-0.727
-1.36,-0.741
-1.567,0.547
-1.481,1.776
-1.633,-0.55
-1.65,-1.239
-1.59,0.451
-1.628,-1.093
-1.782,-0.921
-1.787,1.662
-1.946,-0.17
-1.847,-0.101
-2.001,1.901
-1.972,1.269
-2.149,1.153
-2.043,0.539
-2.248,1.695
-2.232,0.33
-2.359,-1.139
-2.364,-1.203
-2.517,0.069
-2.409,-1.339
-2.574,0.259
-2.447,-1.124
-2.504,1.737
-2.57,-1.099
-2.551,-1.774
-2.729,1.238
-2.603,-0.551
-2.67,0.371
-2.692,1.571
-2.696,-2.138
-2.848,-0.783
-2.776,0.343
-2.894,0.812
-2.835,1.449
-3.022,1.421
-2.924,0.642
-3.041,-1.389
-3.05,0.368
3.035,0.585
3.03,-0.092
3.096,-0.5
3.079,-0.94
2.934,1.574
3.031,-0.945
2.909,-2.036
2.866,-1.933
2.85,0.833
2.717,0.8
2.639,0.155
2.654,-0.141
2.642,1.83
2.415,1.022
2.542,1.356
2.2,0.267
2.295,-1.216
2.169,-1.325
2.118,-0.616
2.02,-2.099
1.962,-1.22
1.903,0.302
1.764,-1.319
1.739,-1.203
1.745,-0.173
1.585,0.068
1.711,-0.737
1.662,0.627
1.602,-0.925
1.56,-0.802
1.445,0.754
1.277,-0.499
0.412,-2.417
0.43,-2.325
0.197,-2.412
-0.805,-2.585
-0.875,-2.149
-1.025,-2.421
-1.757,-2.331
-1.836,-2.212
-2.305,-2.658
-2.431,-2.389
2.978,-2.306
2.801,-2.491
2.557,-2.523
2.477,-2.24
1.971,-2.514
2.05,-2.475
2.062,-2.444
1.581,-2.537
1.463,-2.367
1.307,-2.51
1.131,1.887
0.725,1.997
-0.736,1.895
-1.146,1.926
-1.385,1.899
-1.253,2.01
-1.489,1.97
-2.126,1.938
-2.718,2.011
-2.594,1.981
-3.043,1.953
2.07,1.708
0.817,1.332
-0.841,-0.971
1.352,-1.355
-1.357,0.5
-1.658,0.99
-1.863,-1.179
-2.545,-1.141
-2.627,-0.318
-3.081,1.003
2.739,0.015
2.061,1.397
1.992,1.083
1.853,1.203
1.746,0.726
0.947,-1.091
-2.564,-0.248
2.899,0.247
2.071,-0.457
1.96,-0.71
-0.168,-2.133
-1.595,-2.078
1.78,1.548
1.365,1.616
-0.087,-0.748
-0.058,-0.603
-0.118,0.851
-0.311,-1.574
-0.349,-0.721
-0.371,-0.541
-0.316,-1.767
-0.319,-1.414
-0.386,0.796
-0.495,-1.376
-0.554,-2.322
-0.582,-1.455
-0.649,-1.585
-0.836,-1.268
-0.912,-1.047
-0.931,-1.255
-0.881,0.858
-0.932,-1.274
-0.969,0.01
-1.027,-0.391
-0.988,-0.744
-1.07,0.057
-1.127,-2.439
-1.139,-0.096
-1.157,-1.983
-1.193,-0.245
-1.301,-1.329
-1.346,-1.485
-1.333,-1.723
-1.408,0.88
-1.499,-2.282
-1.534,1.154
-1.601,-0.405
-1.623,-2.554
-1.6,-0.425
-1.631,-1.054
-1.729,-1.738
-1.748,-0.582
-1.765,-0.071
-1.812,0.044
-1.846,-2.281
-1.917,-0.585
-1.966,-1.661
-2.038,-0.621
-2.159,-1.456
-2.15,1.131
-2.236,-0.539
-2.312,1.026
-2.271,-0.631
-2.357,-1.264
-2.357,0.943
-2.331,0.606
-2.407,-1.176
-2.487,-0.896
-2.499,0.789
-2.559,0.76
-2.584,-0.727
-2.521,-1.227
-2.531,0.483
-2.613,0.383
-2.606,-1.755
-2.625,-2.565
-2.722,-0.786
-2.67,0.196
-2.731,-0.898
-2.785,-1.357
-2.833,-2.188
-2.803,-0.262
-2.852,-2.324
-2.857,0.019
-2.856,0.355
-2.948,-2.32
-2.899,0.975
-3.005,1.095
-2.952,0.098
-3.03,0.798
2.907,-0.478
2.95,0.548
2.85,1.081
2.854,-1.693
2.897,-0.335
2.812,-1.957
2.774,-0.849
2.83,-0.316
2.748,0.018
2.739,-1.774
2.756,-1.678
2.626,-0.901
2.522,-0.405
2.386,-0.545
2.446,1.078
2.346,-0.843
2.343,-0.639
2.226,0.128
2.12,-0.211
2.025,-0.303
1.964,-1.527
2.028,-2.457
2.018,-0.715
1.97,-1.671
1.807,-1.637
1.742,-2.65
1.686,-2.563
1.651,-0.263
1.678,-0.913
1.656,-0.005
1.651,0.581
1.632,0.341
1.662,-0.251
1.595,-1.508
1.593,-1.637
1.65,1.175
1.646,0.544
1.562,-1.486
1.536,-1.047
1.548,-0.695
1.557,-0.233
1.403,0.156
1.454,-1.165
1.108,-2.898
1.024,-3.054
0.986,-2.887
0.53,-2.912
0.333,-2.9
0.107,-3.004
-0.324,-2.948
-0.448,-2.929
-0.767,-3.117
-0.809,-2.976
-1.733,-2.993
-1.801,-2.848
-2.125,-2.811
-2.418,-3.269
-2.591,-3.185
-2.567,-3.181
2.711,-3.014
2.111,-3.194
1.854,-2.956
1.463,-2.956
1.176,1.216
1.017,1.224
0.762,1.37
0.709,1.341
0.576,1.225
-0.877,1.179
-1.275,1.263
-1.374,1.279
-2.48,1.394
-3.06,1.369
2.815,1.352
2.605,1.418
1.897,1.148
1.684,1.382
0.612,0.91
-0.71,-1.223
-1.586,-0.508
-2.637,-1.721
-3.0,0.476
2.348,0.174
1.684,-0.053
0.997,-3.058
-2.093,1.249
1.424,0.828
1.303,-2.48
1.323,-1.758
1.135,-1.592
1.106,-2.566
1.143,-1.634
1.091,-0.403
1.079,-1.104
1.005,-1.901
0.798,-0.555
0.854,0.932
0.829,-1.211
0.7,-0.669
0.679,0.784
0.654,1.081
0.646,0.936
0.698,-0.514
0.491,0.972
0.512,0.807
0.251,1.023
0.334,-1.453
0.217,-0.701
0.041,-0.894
0.044,-1.888
0.154,-1.23
0.016,-2.283
0.105,-2.721
-0.152,0.867
-0.285,-0.374
-0.449,0.918
-0.331,-0.461
-0.345,-0.069
-0.484,-2.398
-0.414,-0.147
-0.616,-2.596
-0.609,-1.508
-0.726,0.275
-0.608,1.159
-0.667,-1.811
-0.85,0.574
-0.779,-0.564
-0.806,0.714
-0.801,-0.864
-0.941,-0.228
-0.977,-2.548
-0.998,-0.565
-0.931,-1.505
-1.115,-1.551
-1.016,-0.472
-1.064,-1.395
-1.283,-1.409
-1.49,-0.121
-1.404,1.108
-1.556,-1.218
-1.573,-1.907
-1.513,-0.217
-1.551,-1.761
-1.705,-1.589
-1.71,0.994
-1.869,-0.838
-1.77,-0.769
-1.924,1.233
-1.895,0.601
-2.072,0.485
-1.966,-0.129
-2.171,1.027
-2.155,-0.338
-2.282,-1.807
-2.287,-1.871
-2.44,-0.599
-2.332,-2.007
-2.497,-0.409
-2.37,-1.792
-2.427,1.069
-2.493,-1.767
-2.474,-2.442
-2.652,0.57
-2.526,-1.219
-2.593,-0.297
-2.615,0.903
-2.619,-2.806
-2.771,-1.451
-2.699,-0.325
-2.817,0.144
-2.758,0.781
-2.945,0.753
-2.847,-0.026
-2.964,-2.057
-2.973,-0.3
3.112,-0.083
3.107,-0.76
-3.11,-1.168
-3.127,-1.608
3.011,0.906
3.108,-1.613
2.986,-2.704
2.943,-2.601
2.927,0.165
2.794,0.132
2.716,-0.513
2.731,-0.809
2.719,1.162
2.492,0.354
2.619,0.688
2.277,-0.401
2.372,-1.884
2.246,-1.993
2.195,-1.284
2.097,-2.767
2.039,-1.888
1.98,-0.366
1.841,-1.987
1.816,-1.871
1.822,-0.841
1.662,-0.6
1.788,-1.405
1.739,-0.041
1.679,-1.593
1.637,-1.47
1.522,0.086
1.354,-1.167
0.489,-3.085
0.507,-2.993
0.274,-3.08
-0.728,-3.253
-0.798,-2.817
-0.948,-3.089
-1.68,-2.999
-1.759,-2.88
-2.228,-3.326
-2.354,-3.057
3.055,-2.974
2.878,-3.159
2.634,-3.191
2.554,-2.908
2.048,-3.182
2.127,-3.143
2.139,-3.112
1.658,-3.205
1.54,-3.035
1.384,-3.178
1.208,1.219
0.802,1.329
-0.659,1.227
-1.069,1.258
-1.308,1.231
-1.176,1.342
-1.412,1.302
-2.049,1.27
-2.641,1.343
-2.517,1.313
-2.966,1.285
2.147,1.04
0.894,0.664
-0.764,-1.639
1.429,-2.023
-1.28,-0.168
-1.581,0.322
-1.786,-1.847
-2.468,-1.809
-2.55,-0.986
-3.004,0.335
2.816,-0.653
2.138,0.729
2.069,0.415
1.93,0.535
1.823,0.058
1.024,-1.759
-2.487,-0.916
2.976,-0.421
2.148,-1.125
2.037,-1.378
-0.091,-2.801
-1.518,-2.746
1.857,0.88
1.442,0.948
0.029,0.145
-0.031,1.599
-0.224,-0.826
-0.262,0.027
-0.284,0.207
-0.229,-1.019
-0.232,-0.666
-0.299,1.544
-0.408,-0.628
-0.467,-1.574
-0.495,-0.707
-0.562,-0.837
-0.749,-0.52
-0.825,-0.299
-0.844,-0.507
-0.794,1.606
-0.845,-0.526
-0.882,0.758
-0.94,0.357
-0.901,0.004
-0.983,0.805
-1.04,-1.691
-1.052,0.652
-1.07,-1.235
-1.106,0.503
-1.214,-0.581
-1.259,-0.737
-1.246,-0.975
-1.321,1.628
-1.412,-1.534
-1.447,1.902
-1.514,0.343
-1.536,-1.806
-1.513,0.323
-1.544,-0.306
-1.642,-0.99
-1.661,0.166
-1.678,0.677
-1.725,0.792
-1.759,-1.533
-1.83,0.163
-1.879,-0.913
-1.951,0.127
-2.072,-0.708
-2.063,1.879
-2.149,0.209
-2.225,1.774
-2.184,0.117
-2.27,-0.516
-2.27,1.691
-2.244,1.354
-2.32,-0.428
-2.4,-0.148
-2.412,1.537
-2.472,1.508
-2.497,0.021
-2.434,-0.479
-2.444,1.231
-2.526,1.131
-2.519,-1.007
-2.538,-1.817
-2.635,-0.038
-2.583,0.944
-2.644,-0.15
-2.698,-0.609
-2.746,-1.44
-2.716,0.486
-2.765,-1.576
-2.77,0.767
-2.769,1.103
-2.861,-1.572
-2.812,1.723
-2.918,1.843
-2.865,0.846
-2.943,1.546
2.994,0.27
3.037,1.296
2.937,1.829
2.941,-0.945
2.984,0.413
2.899,-1.209
2.861,-0.101
2.917,0.432
2.835,0.766
2.826,-1.026
2.843,-0.93
2.713,-0.153
2.609,0.343
2.473,0.203
2.533,1.826
2.433,-0.095
2.43,0.109
2.313,0.876
2.207,0.537
2.112,0.445
2.051,-0.779
2.115,-1.709
2.105,0.033
2.057,-0.923
1.894,-0.889
1.829,-1.902
1.773,-1.815
1.738,0.485
1.765,-0.165
1.743,0.743
1.738,1.329
1.719,1.089
1.749,0.497
1.682,-0.76
1.68,-0.889
1.737,1.923
1.733,1.292
1.649,-0.738
1.623,-0.299
1.635,0.053
1.644,0.515
1.49,0.904
1.541,-0.417
1.195,-2.15
1.111,-2.306
1.073,-2.139
0.617,-2.164
0.42,-2.152
0.194,-2.256
-0.237,-2.2
-0.361,-2.181
-0.68,-2.369
-0.722,-2.228
-1.646,-2.245
-1.714,-2.1
-2.038,-2.063
-2.331,-2.521
-2.504,-2.437
-2.48,-2.433
2.798,-2.266
2.198,-2.446
1.941,-2.208
1.55,-2.208
1.263,1.964
1.104,1.972
0.849,2.118
0.796,2.089
0.663,1.973
-0.79,1.927
-1.188,2.011
-1.287,2.027
-2.393,2.142
-2.973,2.117
2.902,2.1
2.692,2.166
1.984,1.896
1.771,2.13
0.699,1.658
-0.623,-0.475
-1.499,0.24
-2.55,-0.973
-2.913,1.224
2.435,0.922
1.771,0.695
1.084,-2.31
-2.006,1.997
1.511,1.576
1.39,-1.732
1.41,-1.01
1.222,-0.844
1.193,-1.818
1.23,-0.886
1.178,0.345
1.166,-0.356
1.092,-1.153
0.885,0.193
0.941,1.68
0.916,-0.463
0.787,0.079
0.766,1.532
0.741,1.829
0.733,1.684
0.785,0.234
0.578,1.72
0.599,1.555
0.338,1.771
0.421,-0.705
0.304,0.047
0.128,-0.146
0.131,-1.14
0.241,-0.482
0.103,-1.535
0.192,-1.973
-0.065,1.615
-0.198,0.374
-0.362,1.666
-0.244,0.287
-0.258,0.679
-0.397,-1.65
-0.327,0.601
-0.529,-1.848
-0.522,-0.76
-0.639,1.023
-0.521,1.907
-0.58,-1.063
-0.763,1.322
-0.692,0.184
-0.719,1.462
-0.714,-0.116
-0.854,0.52
-0.89,-1.8
-0.911,0.183
-0.844,-0.757
-1.028,-0.803
-0.929,0.276
-0.977,-0.647
-1.196,-0.661
-1.403,0.627
-1.317,1.856
-1.469,-0.47
-1.486,-1.159
-1.426,0.531
-1.464,-1.013
-1.618,-0.841
-1.623,1.742
-1.782,-0.09
-1.683,-0.021
-1.837,1.981
-1.808,1.349
-1.985,1.233
-1.879,0.619
-2.084,1.775
-2.068,0.41
-2.195,-1.059
-2.2,-1.123
-2.353,0.149
-2.245,-1.259
-2.41,0.339
-2.283,-1.044
-2.34,1.817
-2.406,-1.019
-2.387,-1.694
-2.565,1.318
-2.439,-0.471
-2.506,0.451
-2.528,1.651
-2.532,-2.058
-2.684,-0.703
-2.612,0.423
-2.73,0.892
-2.671,1.529
-2.858,1.501
-2.76,0.722
-2.877,-1.309
-2.886,0.448
-3.084,0.665
-3.089,-0.012
-3.023,-0.42
-3.04,-0.86
3.098,1.654
-3.088,-0.865
3.073,-1.956
3.03,-1.853
3.014,0.913
2.881,0.88
2.803,0.235
2.818,-0.061
2.806,1.91
2.579,1.102
2.706,1.436
2.364,0.347
2.459,-1.136
2.333,-1.245
2.282,-0.536
2.184,-2.019
2.126,-1.14
2.067,0.382
1.928,-1.239
1.903,-1.123
1.909,-0.093
1.749,0.148
1.875,-0.657
1.826,0.707
1.766,-0.845
1.724,-0.722
1.609,0.834
1.441,-0.419
0.576,-2.337
0.594,-2.245
0.361,-2.332
-0.641,-2.505
-0.711,-2.069
-0.861,-2.341
-1.593,-2.251
-1.672,-2.132
-2.141,-2.578
-2.267,-2.309
-3.141,-2.226
2.965,-2.411
2.721,-2.443
2.641,-2.16
2.135,-2.434
2.214,-2.395
2.226,-2.364
1.745,-2.457
1.627,-2.287
1.471,-2.43
1.295,1.967
0.889,2.077
-0.572,1.975
-0.982,2.006
-1.221,1.979
-1.089,2.09
-1.325,2.05
-1.962,2.018
-2.554,2.091
-2.43,2.061
-2.879,2.033
2.234,1.788
0.981,1.412
-0.677,-0.891
1.516,-1.275
-1.193,0.58
-1.494,1.07
-1.699,-1.099
-2.381,-1.061
-2.463,-0.238
-2.917,1.083
2.903,0.095
2.225,1.477
2.156,1.163
2.017,1.283
1.91,0.806
1.111,-1.011
-2.4,-0.168
3.063,0.327
2.235,-0.377
2.124,-0.63
-0.004,-2.053
-1.431,-1.998
1.944,1.628
1.529,1.696
-0.06,1.454
-0.253,-0.971
-0.291,-0.118
-0.313,0.062
-0.258,-1.164
-0.261,-0.811
-0.328,1.399
-0.437,-0.773
-0.496,-1.719
-0.524,-0.852
-0.591,-0.982
-0.778,-0.665
-0.854,-0.444
-0.873,-0.652
-0.823,1.461
-0.874,-0.671
-0.911,0.613
-0.969,0.212
-0.93,-0.141
-1.012,0.66
-1.069,-1.836
-1.081,0.507
-1.099,-1.38
-1.135,0.358
-1.243,-0.726
-1.288,-0.882
-1.275,-1.12
-1.35,1.483
-1.441,-1.679
-1.476,1.757
-1.543,0.198
-1.565,-1.951
-1.542,0.178
-1.573,-0.451
-1.671,-1.135
-1.69,0.021
-1.707,0.532
-1.754,0.647
-1.788,-1.678
-1.859,0.018
-1.908,-1.058
-1.98,-0.018
-2.101,-0.853
-2.092,1.734
-2.178,0.064
-2.254,1.629
-2.213,-0.028
-2.299,-0.661
-2.299,1.546
-2.273,1.209
-2.349,-0.573
-2.429,-0.293
-2.441,1.392
-2.501,1.363
-2.526,-0.124
-2.463,-0.624
-2.473,1.086
-2.555,0.986
-2.548,-1.152
-2.567,-1.962
-2.664,-0.183
-2.612,0.799
-2.673,-0.295
-2.727,-0.754
-2.775,-1.585
-2.745,0.341
-2.794,-1.721
-2.799,0.622
-2.798,0.958
-2.89,-1.717
-2.841,1.578
-2.947,1.698
-2.894,0.701
-2.972,1.401
2.965,0.125
3.008,1.151
2.908,1.684
2.912,-1.09
2.955,0.268
2.87,-1.354
2.832,-0.246
2.888,0.287
2.806,0.621
2.797,-1.171
2.814,-1.075
2.684,-0.298
2.58,0.198
2.444,0.058
2.504,1.681
2.404,-0.24
2.401,-0.036
2.284,0.731
2.178,0.392
2.083,0.3
2.022,-0.924
2.086,-1.854
2.076,-0.112
2.028,-1.068
1.865,-1.034
1.8,-2.047
1.744,-1.96
1.709,0.34
1.736,-0.31
1.714,0.598
1.709,1.184
1.69,0.944
1.72,0.352
1.653,-0.905
1.651,-1.034
1.708,1.778
1.704,1.147
1.62,-0.883
1.594,-0.444
1.606,-0.092
1.615,0.37
1.461,0.759
1.512,-0.562
1.166,-2.295
1.082,-2.451
1.044,-2.284
0.588,-2.309
0.391,-2.297
0.165,-2.401
-0.266,-2.345
-0.39,-2.326
-0.709,-2.514
-0.751,-2.373
-1.675,-2.39
-1.743,-2.245
-2.067,-2.208
-2.36,-2.666
-2.533,-2.582
-2.509,-2.578
2.769,-2.411
2.169,-2.591
1.912,-2.353
1.521,-2.353
1.234,1.819
1.075,1.827
0.82,1.973
0.767,1.944
0.634,1.828
-0.819,1.782
-1.217,1.866
-1.316,1.882
-2.422,1.997
-3.002,1.972
2.873,1.955
2.663,2.021
1.955,1.751
1.742,1.985
0.67,1.513
-0.652,-0.62
-1.528,0.095
-2.579,-1.118
-2.942,1.079
2.406,0.777
1.742,0.55
1.055,-2.455
-2.035,1.852
1.482,1.431
1.361,-1.877
1.381,-1.155
1.193,-0.989
1.164,-1.963
1.201,-1.031
1.149,0.2
1.137,-0.501
1.063,-1.298
0.856,0.048
0.912,1.535
0.887,-0.608
0.758,-0.066
0.737,1.387
0.712,1.684
0.704,1.539
0.756,0.089
0.549,1.575
0.57,1.41
0.309,1.626
0.392,-0.85
0.275,-0.098
0.099,-0.291
0.102,-1.285
0.212,-0.627
0.074,-1.68
0.163,-2.118
-0.094,1.47
-0.227,0.229
-0.391,1.521
-0.273,0.142
-0.287,0.534
-0.426,-1.795
-0.356,0.456
-0.558,-1.993
-0.551,-0.905
-0.668,0.878
-0.55,1.762
-0.609,-1.208
-0.792,1.177
-0.721,0.039
-0.748,1.317
-0.743,-0.261
-0.883,0.375
-0.919,-1.945
-0.94,0.038
-0.873,-0.902
-1.057,-0.948
-0.958,0.131
-1.006,-0.792
-1.225,-0.806
-1.432,0.482
-1.346,1.711
-1.498,-0.615
-1.515,-1.304
-1.455,0.386
-1.493,-1.158
-1.647,-0.986
-1.652,1.597
-1.811,-0.235
-1.712,-0.166
-1.866,1.836
-1.837,1.204
-2.014,1.088
-1.908,0.474
-2.113,1.63
-2.097,0.265
-2.224,-1.204
-2.229,-1.268
-2.382,0.004
-2.274,-1.404
-2.439,0.194
-2.312,-1.189
-2.369,1.672
-2.435,-1.164
-2.416,-1.839
-2.594,1.173
-2.468,-0.616
-2.535,0.306
-2.557,1.506
-2.561,-2.203
-2.713,-0.848
-2.641,0.278
-2.759,0.747
-2.7,1.384
-2.887,1.356
-2.789,0.577
-2.906,-1.454
-2.915,0.303
-3.113,0.52
-3.118,-0.157
-3.052,-0.565
-3.069,-1.005
3.069,1.509
-3.117,-1.01
3.044,-2.101
3.001,-1.998
2.985,0.768
2.852,0.735
2.774,0.09
2.789,-0.206
2.777,1.765
2.55,0.957
2.677,1.291
2.335,0.202
2.43,-1.281
2.304,-1.39
2.253,-0.681
2.155,-2.164
2.097,-1.285
2.038,0.237
1.899,-1.384
1.874,-1.268
1.88,-0.238
1.72,0.003
1.846,-0.802
1.797,0.562
1.737,-0.99
1.695,-0.867
1.58,0.689
1.412,-0.564
0.547,-2.482
0.565,-2.39
0.332,-2.477
-0.67,-2.65
-0.74,-2.214
-0.89,-2.486
-1.622,-2.396
-1.701,-2.277
-2.17,-2.723
-2.296,-2.454
3.113,-2.371
2.936,-2.556
2.692,-2.588
2.612,-2.305
2.106,-2.579
2.185,-2.54
2.197,-2.509
1.716,-2.602
1.598,-2.432
1.442,-2.575
1.266,1.822
0.86,1.932
-0.601,1.83
-1.011,1.861
-1.25,1.834
-1.118,1.945
-1.354,1.905
-1.991,1.873
-2.583,1.946
-2.459,1.916
-2.908,1.888
2.205,1.643
0.952,1.267
-0.706,-1.036
1.487,-1.42
-1.222,0.435
-1.523,0.925
-1.728,-1.244
-2.41,-1.206
-2.492,-0.383
-2.946,0.938
2.874,-0.05
2.196,1.332
2.127,1.018
1.988,1.138
1.881,0.661
1.082,-1.156
-2.429,-0.313
3.034,0.182
2.206,-0.522
2.095,-0.775
-0.033,-2.198
-1.46,-2.143
1.915,1.483
1.5,1.551
-0.193,-2.425
-0.231,-1.572
-0.253,-1.392
-0.198,-2.618
-0.201,-2.265
-0.268,-0.055
-0.377,-2.227
-0.436,-3.173
-0.464,-2.306
-0.531,-2.436
-0.718,-2.119
-0.794,-1.898
-0.813,-2.106
-0.763,0.007
-0.814,-2.125
-0.851,-0.841
-0.909,-1.242
-0.87,-1.595
-0.952,-0.794
-1.009,-3.29
-1.021,-0.947
-1.039,-2.834
-1.075,-1.096
-1.183,-2.18
-1.228,-2.336
-1.215,-2.574
-1.29,0.029
-1.381,-3.133
-1.416,0.303
-1.483,-1.256
-1.505,-3.405
-1.482,-1.276
-1.513,-1.905
-1.611,-2.589
-1.63,-1.433
-1.647,-0.922
-1.694,-0.807
-1.728,-3.132
-1.799,-1.436
-1.848,-2.512
-1.92,-1.472
-2.041,-2.307
-2.032,0.28
-2.118,-1.39
-2.194,0.175
-2.153,-1.482
-2.239,-2.115
-2.239,0.092
-2.213,-0.245
-2.289,-2.027
-2.369,-1.747
-2.381,-0.062
-2.441,-0.091
-2.466,-1.578
-2.403,-2.078
-2.413,-0.368
-2.495,-0.468
-2.488,-2.606
-2.507,-3.416
-2.604,-1.637
-2.552,-0.655
-2.613,-1.749
-2.667,-2.208
-2.715,-3.039
-2.685,-1.113
-2.734,-3.175
-2.739,-0.832
-2.738,-0.496
-2.83,-3.171
-2.781,0.124
-2.887,0.244
-2.834,-0.753
-2.912,-0.053
3.025,-1.329
3.068,-0.303
2.968,0.23
2.972,-2.544
3.015,-1.186
2.93,-2.808
2.892,-1.7
2.948,-1.167
2.866,-0.833
2.857,-2.625
2.874,-2.529
2.744,-1.752
2.64,-1.256
2.504,-1.396
2.564,0.227
2.464,-1.694
2.461,-1.49
2.344,-0.723
2.238,-1.062
2.143,-1.154
2.082,-2.378
2.146,-3.308
2.136,-1.566
2.088,-2.522
1.925,-2.488
1.86,-3.501
1.804,-3.414
1.769,-1.114
1.796,-1.764
1.774,-0.856
1.769,-0.27
1.75,-0.51
1.78,-1.102
1.713,-2.359
1.711,-2.488
1.768,0.324
1.764,-0.307
1.68,-2.337
1.654,-1.898
1.666,-1.546
1.675,-1.084
1.521,-0.695
1.572,-2.016
1.226,-3.749
1.142,-3.905
1.104,-3.738
0.648,-3.763
0.451,-3.751
0.225,-3.855
-0.206,-3.799
-0.33,-3.78
-0.649,-3.968
-0.691,-3.827
-1.615,-3.844
-1.683,-3.699
-2.007,-3.662
-2.3,-4.12
-2.473,-4.036
-2.449,-4.032
2.829,-3.865
2.229,-4.045
1.972,-3.807
1.581,-3.807
1.294,0.365
1.135,0.373
0.88,0.519
0.827,0.49
0.694,0.374
-0.759,0.328
-1.157,0.412
-1.256,0.428
-2.362,0.543
-2.942,0.518
2.933,0.501
2.723,0.567
2.015,0.297
1.802,0.531
0.73,0.059
-0.592,-2.074
-1.468,-1.359
-2.519,-2.572
-2.882,-0.375
2.466,-0.677
1.802,-0.904
1.115,-3.909
-1.975,0.398
1.542,-0.023
1.421,-3.331
1.441,-2.609
1.253,-2.443
1.224,-3.417
1.261,-2.485
1.209,-1.254
1.197,-1.955
1.123,-2.752
0.916,-1.406
0.972,0.081
0.947,-2.062
0.818,-1.52
0.797,-0.067
0.772,0.23
0.764,0.085
0.816,-1.365
0.609,0.121
0.63,-0.044
0.369,0.172
0.452,-2.304
0.335,-1.552
0.159,-1.745
0.162,-2.739
0.272,-2.081
0.134,-3.134
0.223,-3.572
-0.034,0.016
-0.167,-1.225
-0.331,0.067
-0.213,-1.312
-0.227,-0.92
-0.366,-3.249
-0.296,-0.998
-0.498,-3.447
-0.491,-2.359
-0.608,-0.576
-0.49,0.308
-0.549,-2.662
-0.732,-0.277
-0.661,-1.415
-0.688,-0.137
-0.683,-1.715
-0.823,-1.079
-0.859,-3.399
-0.88,-1.416
-0.813,-2.356
-0.997,-2.402
-0.898,-1.323
-0.946,-2.246
-1.165,-2.26
-1.372,-0.972
-1.286,0.257
-1.438,-2.069
-1.455,-2.758
-1.395,-1.068
-1.433,-2.612
-1.587,-2.44
-1.592,0.143
-1.751,-1.689
-1.652,-1.62
-1.806,0.382
-1.777,-0.25
-1.954,-0.366
-1.848,-0.98
-2.053,0.176
-2.037,-1.189
-2.164,-2.658
-2.169,-2.722
-2.322,-1.45
-2.214,-2.858
-2.379,-1.26
-2.252,-2.643
-2.309,0.218
-2.375,-2.618
-2.356,-3.293
-2.534,-0.281
-2.408,-2.07
-2.475,-1.148
-2.497,0.052
-2.501,-3.657
-2.653,-2.302
-2.581,-1.176
-2.699,-0.707
-2.64,-0.07
-2.827,-0.098
-2.729,-0.877
-2.846,-2.908
-2.855,-1.151
-3.053,-0.934
-3.058,-1.611
-2.992,-2.019
-3.009,-2.459
3.129,0.055
-3.057,-2.464
3.104,-3.555
3.061,-3.452
3.045,-0.686
2.912,-0.719
2.834,-1.364
2.849,-1.66
2.837,0.311
2.61,-0.497
2.737,-0.163
2.395,-1.252
2.49,-2.735
2.364,-2.844
2.313,-2.135
2.215,-3.618
2.157,-2.739
2.098,-1.217
1.959,-2.838
1.934,-2.722
1.94,-1.692
1.78,-1.451
1.906,-2.256
1.857,-0.892
1.797,-2.444
1.755,-2.321
1.64,-0.765
1.472,-2.018
0.607,-3.936
0.625,-3.844
0.392,-3.931
-0.61,-4.104
-0.68,-3.668
-0.83,-3.94
-1.562,-3.85
-1.641,-3.731
-2.11,-4.177
-2.236,-3.908
-3.11,-3.825
2.996,-4.01
2.752,-4.042
2.672,-3.759
2.166,-4.033
2.245,-3.994
2.257,-3.963
1.776,-4.056
1.658,-3.886
1.502,-4.029
1.326,0.368
0.92,0.478
-0.541,0.376
-0.951,0.407
-1.19,0.38
-1.058,0.491
-1.294,0.451
-1.931,0.419
-2.523,0.492
-2.399,0.462
-2.848,0.434
2.265,0.189
1.012,-0.187
-0.646,-2.49
1.547,-2.874
-1.162,-1.019
-1.463,-0.529
-1.668,-2.698
-2.35,-2.66
-2.432,-1.837
-2.886,-0.516
2.934,-1.504
2.256,-0.122
2.187,-0.436
2.048,-0.316
1.941,-0.793
1.142,-2.61
-2.369,-1.767
3.094,-1.272
2.266,-1.976
2.155,-2.229
0.027,-3.652
-1.4,-3.597
1.975,0.029
1.56,0.097
-0.038,0.853
-0.06,1.033
-0.005,-0.193
-0.008,0.16
-0.075,2.37
-0.184,0.198
-0.243,-0.748
-0.271,0.119
-0.338,-0.011
-0.525,0.306
-0.601,0.527
-0.62,0.319
-0.57,2.432
-0.621,0.3
-0.658,1.584
-0.716,1.183
-0.677,0.83
-0.759,1.631
-0.816,-0.865
-0.828,1.478
-0.846,-0.409
-0.882,1.329
-0.99,0.245
-1.035,0.089
-1.022,-0.149
-1.097,2.454
-1.188,-0.708
-1.223,2.728
-1.29,1.169
-1.312,-0.98
-1.289,1.149
-1.32,0.52
-1.418,-0.164
-1.437,0.992
-1.454,1.503
-1.501,1.618
-1.535,-0.707
-1.606,0.989
-1.655,-0.087
-1.727,0.953
-1.848,0.118
-1.839,2.705
-1.925,1.035
-2.001,2.6
-1.96,0.943
-2.046,0.31
-2.046,2.517
-2.02,2.18
-2.096,0.398
-2.176,0.678
-2.188,2.363
-2.248,2.334
-2.273,0.847
-2.21,0.347
-2.22,2.057
-2.302,1.957
-2.295,-0.181
-2.314,-0.991
-2.411,0.788
-2.359,1.77
-2.42,0.676
-2.474,0.217
-2.522,-0.614
-2.492,1.312
-2.541,-0.75
-2.546,1.593
-2.545,1.929
-2.637,-0.746
-2.588,2.549
-2.694,2.669
-2.641,1.672
-2.719,2.372
-3.065,1.096
-3.022,2.122
-3.122,2.655
-3.118,-0.119
-3.075,1.239
3.123,-0.383
3.085,0.725
3.141,1.258
3.059,1.592
3.05,-0.2
3.067,-0.104
2.937,0.673
2.833,1.169
2.697,1.029
2.757,2.652
2.657,0.731
2.654,0.935
2.537,1.702
2.431,1.363
2.336,1.271
2.275,0.047
2.339,-0.883
2.329,0.859
2.281,-0.097
2.118,-0.063
2.053,-1.076
1.997,-0.989
1.962,1.311
1.989,0.661
1.967,1.569
1.962,2.155
1.943,1.915
1.973,1.323
1.906,0.066
1.904,-0.063
1.961,2.749
1.957,2.118
1.873,0.088
1.847,0.527
1.859,0.879
1.868,1.341
1.714,1.73
1.765,0.409
1.419,-1.324
1.335,-1.48
1.297,-1.313
0.841,-1.338
0.644,-1.326
0.418,-1.43
-0.013,-1.374
-0.137,-1.355
-0.456,-1.543
-0.498,-1.402
-1.422,-1.419
-1.49,-1.274
-1.814,-1.237
-2.107,-1.695
-2.28,-1.611
-2.256,-1.607
3.022,-1.44
2.422,-1.62
2.165,-1.382
1.774,-1.382
1.487,2.79
1.328,2.798
1.073,2.944
1.02,2.915
0.887,2.799
-0.566,2.753
-0.964,2.837
-1.063,2.853
-2.169,2.968
-2.749,2.943
3.126,2.926
2.916,2.992
2.208,2.722
1.995,2.956
0.923,2.484
-0.399,0.351
-1.275,1.066
-2.326,-0.147
-2.689,2.05
2.659,1.748
1.995,1.521
1.308,-1.484
-1.782,2.823
1.735,2.402
1.614,-0.906
1.634,-0.184
1.446,-0.018
1.417,-0.992
1.454,-0.06
1.402,1.171
1.39,0.47
1.316,-0.327
1.109,1.019
1.165,2.506
1.14,0.363
1.011,0.905
0.99,2.358
0.965,2.655
0.957,2.51
1.009,1.06
0.802,2.546
0.823,2.381
0.562,2.597
0.645,0.121
0.528,0.873
0.352,0.68
0.355,-0.314
0.465,0.344
0.327,-0.709
0.416,-1.147
0.159,2.441
0.026,1.2
-0.138,2.492
-0.02,1.113
-0.034,1.505
-0.173,-0.824
-0.103,1.427
-0.305,-1.022
-0.298,0.066
-0.415,1.849
-0.297,2.733
-0.356,-0.237
-0.539,2.148
-0.468,1.01
-0.495,2.288
-0.49,0.71
-0.63,1.346
-0.666,-0.974
-0.687,1.009
-0.62,0.069
-0.804,0.023
-0.705,1.102
-0.753,0.179
-0.972,0.165
-1.179,1.453
-1.093,2.682
-1.245,0.356
-1.262,-0.333
-1.202,1.357
-1.24,-0.187
-1.394,-0.015
-1.399,2.568
-1.558,0.736
-1.459,0.805
-1.613,2.807
-1.584,2.175
-1.761,2.059
-1.655,1.445
-1.86,2.601
-1.844,1.236
-1.971,-0.233
-1.976,-0.297
-2.129,0.975
-2.021,-0.433
-2.186,1.165
-2.059,-0.218
-2.116,2.643
-2.182,-0.193
-2.163,-0.868
-2.341,2.144
-2.215,0.355
-2.282,1.277
-2.304,2.477
-2.308,-1.232
-2.46,0.123
-2.388,1.249
-2.506,1.718
-2.447,2.355
-2.634,2.327
-2.536,1.548
-2.653,-0.483
-2.662,1.274
-2.86,1.491
-2.865,0.814
-2.799,0.406
-2.816,-0.034
-2.961,2.48
-2.864,-0.039
-2.986,-1.13
-3.029,-1.027
-3.045,1.739
3.105,1.706
3.027,1.061
3.042,0.765
3.03,2.736
2.803,1.928
2.93,2.262
2.588,1.173
2.683,-0.31
2.557,-0.419
2.506,0.29
2.408,-1.193
2.35,-0.314
2.291,1.208
2.152,-0.413
2.127,-0.297
2.133,0.733
1.973,0.974
2.099,0.169
2.05,1.533
1.99,-0.019
1.948,0.104
1.833,1.66
1.665,0.407
0.8,-1.511
0.818,-1.419
0.585,-1.506
-0.417,-1.679
-0.487,-1.243
-0.637,-1.515
-1.369,-1.425
-1.448,-1.306
-1.917,-1.752
-2.043,-1.483
-2.917,-1.4
-3.094,-1.585
2.945,-1.617
2.865,-1.334
2.359,-1.608
2.438,-1.569
2.45,-1.538
1.969,-1.631
1.851,-1.461
1.695,-1.604
1.519,2.793
1.113,2.903
-0.348,2.801
-0.758,2.832
-0.997,2.805
-0.865,2.916
-1.101,2.876
-1.738,2.844
-2.33,2.917
-2.206,2.887
-2.655,2.859
2.458,2.614
1.205,2.238
-0.453,-0.065
1.74,-0.449
-0.969,1.406
-1.27,1.896
-1.475,-0.273
-2.157,-0.235
-2.239,0.588
-2.693,1.909
3.127,0.921
2.449,2.303
2.38,1.989
2.241,2.109
2.134,1.632
1.335,-0.185
-2.176,0.658
-2.996,1.153
2.459,0.449
2.348,0.196
0.22,-1.227
-1.207,-1.172
2.168,2.454
1.753,2.522
-0.022,0.18
0.033,-1.046
0.03,-0.693
-0.037,1.517
-0.146,-0.655
-0.205,-1.601
-0.233,-0.734
-0.3,-0.864
-0.487,-0.547
-0.563,-0.326
-0.582,-0.534
-0.532,1.579
-0.583,-0.553
-0.62,0.731
-0.678,0.33
-0.639,-0.023
-0.721,0.778
-0.778,-1.718
-0.79,0.625
-0.808,-1.262
-0.844,0.476
-0.952,-0.608
-0.997,-0.764
-0.984,-1.002
-1.059,1.601
-1.15,-1.561
-1.185,1.875
-1.252,0.316
-1.274,-1.833
-1.251,0.296
-1.282,-0.333
-1.38,-1.017
-1.399,0.139
-1.416,0.65
-1.463,0.765
-1.497,-1.56
-1.568,0.136
-1.617,-0.94
-1.689,0.1
-1.81,-0.735
-1.801,1.852
-1.887,0.182
-1.963,1.747
-1.922,0.09
-2.008,-0.543
-2.008,1.664
-1.982,1.327
-2.058,-0.455
-2.138,-0.175
-2.15,1.51
-2.21,1.481
-2.235,-0.006
-2.172,-0.506
-2.182,1.204
-2.264,1.104
-2.257,-1.034
-2.276,-1.844
-2.373,-0.065
-2.321,0.917
-2.382,-0.177
-2.436,-0.636
-2.484,-1.467
-2.454,0.459
-2.503,-1.603
-2.508,0.74
-2.507,1.076
-2.599,-1.599
-2.55,1.696
-2.656,1.816
-2.603,0.819
-2.681,1.519
-3.027,0.243
-2.984,1.269
-3.084,1.802
-3.08,-0.972
-3.037,0.386
-3.122,-1.236
3.123,-0.128
-3.104,0.405
3.097,0.739
3.088,-1.053
3.105,-0.957
2.975,-0.18
2.871,0.316
2.735,0.176
2.795,1.799
2.695,-0.122
2.692,0.082
2.575,0.849
2.469,0.51
2.374,0.418
2.313,-0.806
2.377,-1.736
2.367,0.006
2.319,-0.95
2.156,-0.916
2.091,-1.929
2.035,-1.842
2.0,0.458
2.027,-0.192
2.005,0.716
2.0,1.302
1.981,1.062
2.011,0.47
1.944,-0.787
1.942,-0.916
1.999,1.896
1.995,1.265
1.911,-0.765
1.885,-0.326
1.897,0.026
1.906,0.488
1.752,0.877
1.803,-0.444
1.457,-2.177
1.373,-2.333
1.335,-2.166
0.879,-2.191
0.682,-2.179
0.456,-2.283
0.025,-2.227
-0.099,-2.208
-0.418,-2.396
-0.46,-2.255
-1.384,-2.272
-1.452,-2.127
-1.776,-2.09
-2.069,-2.548
-2.242,-2.464
-2.218,-2.46
3.06,-2.293
2.46,-2.473
2.203,-2.235
1.812,-2.235
1.525,1.937
1.366,1.945
1.111,2.091
1.058,2.062
0.925,1.946
-0.528,1.9
-0.926,1.984
-1.025,2.0
-2.131,2.115
-2.711,2.09
-3.119,2.073
2.954,2.139
2.246,1.869
2.033,2.103
0.961,1.631
-0.361,-0.502
-1.237,0.213
-2.288,-1.0
-2.651,1.197
2.697,0.895
2.033,0.668
1.346,-2.337
-1.744,1.97
1.773,1.549
1.652,-1.759
1.672,-1.037
1.484,-0.871
1.455,-1.845
1.492,-0.913
1.44,0.318
1.428,-0.383
1.354,-1.18
1.147,0.166
1.203,1.653
1.178,-0.49
1.049,0.052
1.028,1.505
1.003,1.802
0.995,1.657
1.047,0.207
0.84,1.693
0.861,1.528
0.6,1.744
0.683,-0.732
0.566,0.02
0.39,-0.173
0.393,-1.167
0.503,-0.509
0.365,-1.562
0.454,-2.0
0.197,1.588
0.064,0.347
-0.1,1.639
0.018,0.26
0.004,0.652
-0.135,-1.677
-0.065,0.574
-0.267,-1.875
-0.26,-0.787
-0.377,0.996
-0.259,1.88
-0.318,-1.09
-0.501,1.295
-0.43,0.157
-0.457,1.435
-0.452,-0.143
-0.592,0.493
-0.628,-1.827
-0.649,0.156
-0.582,-0.784
-0.766,-0.83
-0.667,0.249
-0.715,-0.674
-0.934,-0.688
-1.141,0.6
-1.055,1.829
-1.207,-0.497
-1.224,-1.186
-1.164,0.504
-1.202,-1.04
-1.356,-0.868
-1.361,1.715
-1.52,-0.117
-1.421,-0.048
-1.575,1.954
-1.546,1.322
-1.723,1.206
-1.617,0.592
-1.822,1.748
-1.806,0.383
-1.933,-1.086
-1.938,-1.15
-2.091,0.122
-1.983,-1.286
-2.148,0.312
-2.021,-1.071
-2.078,1.79
-2.144,-1.046
-2.125,-1.721
-2.303,1.291
-2.177,-0.498
-2.244,0.424
-2.266,1.624
-2.27,-2.085
-2.422,-0.73
-2.35,0.396
-2.468,0.865
-2.409,1.502
-2.596,1.474
-2.498,0.695
-2.615,-1.336
-2.624,0.421
-2.822,0.638
-2.827,-0.039
-2.761,-0.447
-2.778,-0.887
-2.923,1.627
-2.826,-0.892
-2.948,-1.983
-2.991,-1.88
-3.007,0.886
-3.14,0.853
3.065,0.208
3.08,-0.088
3.068,1.883
2.841,1.075
2.968,1.409
2.626,0.32
2.721,-1.163
2.595,-1.272
2.544,-0.563
2.446,-2.046
2.388,-1.167
2.329,0.355
2.19,-1.266
2.165,-1.15
2.171,-0.12
2.011,0.121
2.137,-0.684
2.088,0.68
2.028,-0.872
1.986,-0.749
1.871,0.807
1.703,-0.446
0.838,-2.364
0.856,-2.272
0.623,-2.359
-0.379,-2.532
-0.449,-2.096
-0.599,-2.368
-1.331,-2.278
-1.41,-2.159
-1.879,-2.605
-2.005,-2.336
-2.879,-2.253
-3.056,-2.438
2.983,-2.47
2.903,-2.187
2.397,-2.461
2.476,-2.422
2.488,-2.391
2.007,-2.484
1.889,-2.314
1.733,-2.457
1.557,1.94
1.151,2.05
-0.31,1.948
-0.72,1.979
-0.959,1.952
-0.827,2.063
-1.063,2.023
-1.7,1.991
-2.292,2.064
-2.168,2.034
-2.617,2.006
2.496,1.761
1.243,1.385
-0.415,-0.918
1.778,-1.302
-0.931,0.553
-1.232,1.043
-1.437,-1.126
-2.119,-1.088
-2.201,-0.265
-2.655,1.056
-3.118,0.068
2.487,1.45
2.418,1.136
2.279,1.256
2.172,0.779
1.373,-1.038
-2.138,-0.195
-2.958,0.3
2.497,-0.404
2.386,-0.657
0.258,-2.08
-1.169,-2.025
2.206,1.601
1.791,1.669
0.055,-1.226
0.052,-0.873
-0.015,1.337
-0.124,-0.835
-0.183,-1.781
-0.211,-0.914
-0.278,-1.044
-0.465,-0.727
-0.541,-0.506
-0.56,-0.714
-0.51,1.399
-0.561,-0.733
-0.598,0.551
-0.656,0.15
-0.617,-0.203
-0.699,0.598
-0.756,-1.898
-0.768,0.445
-0.786,-1.442
-0.822,0.296
-0.93,-0.788
-0.975,-0.944
-0.962,-1.182
-1.037,1.421
-1.128,-1.741
-1.163,1.695
-1.23,0.136
-1.252,-2.013
-1.229,0.116
-1.26,-0.513
-1.358,-1.197
-1.377,-0.041
-1.394,0.47
-1.441,0.585
-1.475,-1.74
-1.546,-0.044
-1.595,-1.12
-1.667,-0.08
-1.788,-0.915
-1.779,1.672
-1.865,0.002
-1.941,1.567
-1.9,-0.09
-1.986,-0.723
-1.986,1.484
-1.96,1.147
-2.036,-0.635
-2.116,-0.355
-2.128,1.33
-2.188,1.301
-2.213,-0.186
-2.15,-0.686
-2.16,1.024
-2.242,0.924
-2.235,-1.214
-2.254,-2.024
-2.351,-0.245
-2.299,0.737
-2.36,-0.357
-2.414,-0.816
-2.462,-1.647
-2.432,0.279
-2.481,-1.783
-2.486,0.56
-2.485,0.896
-2.577,-1.779
-2.528,1.516
-2.634,1.636
-2.581,0.639
-2.659,1.339
-3.005,0.063
-2.962,1.089
-3.062,1.622
-3.058,-1.152
-3.015,0.206
-3.1,-1.416
-3.138,-0.308
-3.082,0.225
3.119,0.559
3.11,-1.233
3.127,-1.137
2.997,-0.36
2.893,0.136
2.757,-0.004
2.817,1.619
2.717,-0.302
2.714,-0.098
2.597,0.669
2.491,0.33
2.396,0.238
2.335,-0.986
2.399,-1.916
2.389,-0.174
2.341,-1.13
2.178,-1.096
2.113,-2.109
2.057,-2.022
2.022,0.278
2.049,-0.372
2.027,0.536
2.022,1.122
2.003,0.882
2.033,0.29
1.966,-0.967
1.964,-1.096
2.021,1.716
2.017,1.085
1.933,-0.945
1.907,-0.506
1.919,-0.154
1.928,0.308
1.774,0.697
1.825,-0.624
1.479,-2.357
1.395,-2.513
1.357,-2.346
0.901,-2.371
0.704,-2.359
0.478,-2.463
0.047,-2.407
-0.077,-2.388
-0.396,-2.576
-0.438,-2.435
-1.362,-2.452
-1.43,-2.307
-1.754,-2.27
-2.047,-2.728
-2.22,-2.644
-2.196,-2.64
3.082,-2.473
2.482,-2.653
2.225,-2.415
1.834,-2.415
1.547,1.757
1.388,1.765
1.133,1.911
1.08,1.882
0.947,1.766
-0.506,1.72
-0.904,1.804
-1.003,1.82
-2.109,1.935
-2.689,1.91
-3.097,1.893
2.976,1.959
2.268,1.689
2.055,1.923
0.983,1.451
-0.339,-0.682
-1.215,0.033
-2.266,-1.18
-2.629,1.017
2.719,0.715
2.055,0.488
1.368,-2.517
-1.722,1.79
1.795,1.369
1.674,-1.939
1.694,-1.217
1.506,-1.051
1.477,-2.025
1.514,-1.093
1.462,0.138
1.45,-0.563
1.376,-1.36
1.169,-0.014
1.225,1.473
1.2,-0.67
1.071,-0.128
1.05,1.325
1.025,1.622
1.017,1.477
1.069,0.027
0.862,1.513
0.883,1.348
0.622,1.564
0.705,-0.912
0.588,-0.16
0.412,-0.353
0.415,-1.347
0.525,-0.689
0.387,-1.742
0.476,-2.18
0.219,1.408
0.086,0.167
-0.078,1.459
0.04,0.08
0.026,0.472
-0.113,-1.857
-0.043,0.394
-0.245,-2.055
-0.238,-0.967
-0.355,0.816
-0.237,1.7
-0.296,-1.27
-0.479,1.115
-0.408,-0.023
-0.435,1.255
-0.43,-0.323
-0.57,0.313
-0.606,-2.007
-0.627,-0.024
-0.56,-0.964
-0.744,-1.01
-0.645,0.069
-0.693,-0.854
-0.912,-0.868
-1.119,0.42
-1.033,1.649
-1.185,-0.677
-1.202,-1.366
-1.142,0.324
-1.18,-1.22
-1.334,-1.048
-1.339,1.535
-1.498,-0.297
-1.399,-0.228
-1.553,1.774
-1.524,1.142
-1.701,1.026
-1.595,0.412
-1.8,1.568
-1.784,0.203
-1.911,-1.266
-1.916,-1.33
-2.069,-0.058
-1.961,-1.466
-2.126,0.132
-1.999,-1.251
-2.056,1.61
-2.122,-1.226
-2.103,-1.901
-2.281,1.111
-2.155,-0.678
-2.222,0.244
-2.244,1.444
-2.248,-2.265
-2.4,-0.91
-2.328,0.216
-2.446,0.685
-2.387,1.322
-2.574,1.294
-2.476,0.515
-2.593,-1.516
-2.602,0.241
-2.8,0.458
-2.805,-0.219
-2.739,-0.627
-2.756,-1.067
-2.901,1.447
-2.804,-1.072
-2.926,-2.163
-2.969,-2.06
-2.985,0.706
-3.118,0.673
3.087,0.028
3.102,-0.268
3.09,1.703
2.863,0.895
2.99,1.229
2.648,0.14
2.743,-1.343
2.617,-1.452
2.566,-0.743
2.468,-2.226
2.41,-1.347
2.351,0.175
2.212,-1.446
2.187,-1.33
2.193,-0.3
2.033,-0.059
2.159,-0.864
2.11,0.5
2.05,-1.052
2.008,-0.929
1.893,0.627
1.725,-0.626
0.86,-2.544
0.878,-2.452
0.645,-2.539
-0.357,-2.712
-0.427,-2.276
-0.577,-2.548
-1.309,-2.458
-1.388,-2.339
-1.857,-2.785
-1.983,-2.516
-2.857,-2.433
-3.034,-2.618
3.005,-2.65
2.925,-2.367
2.419,-2.641
2.498,-2.602
2.51,-2.571
2.029,-2.664
1.911,-2.494
1.755,-2.637
1.579,1.76
1.173,1.87
-0.288,1.768
-0.698,1.799
-0.937,1.772
-0.805,1.883
-1.041,1.843
-1.678,1.811
-2.27,1.884
-2.146,1.854
-2.595,1.826
2.518,1.581
1.265,1.205
-0.393,-1.098
1.8,-1.482
-0.909,0.373
-1.21,0.863
-1.415,-1.306
-2.097,-1.268
-2.179,-0.445
-2.633,0.876
-3.096,-0.112
2.509,1.27
2.44,0.956
2.301,1.076
2.194,0.599
1.395,-1.218
-2.116,-0.375
-2.936,0.12
2.519,-0.584
2.408,-0.837
0.28,-2.26
-1.147,-2.205
2.228,1.421
1.813,1.489
-0.003,0.353
-0.07,2.563
-0.179,0.391
-0.238,-0.555
-0.266,0.312
-0.333,0.182
-0.52,0.499
-0.596,0.72
-0.615,0.512
-0.565,2.625
-0.616,0.493
-0.653,1.777
-0.711,1.376
-0.672,1.023
-0.754,1.824
-0.811,-0.672
-0.823,1.671
-0.841,-0.216
-0.877,1.522
-0.985,0.438
-1.03,0.282
-1.017,0.044
-1.092,2.647
-1.183,-0.515
-1.218,2.921
-1.285,1.362
-1.307,-0.787
-1.284,1.342
-1.315,0.713
-1.413,0.029
-1.432,1.185
-1.449,1.696
-1.496,1.811
-1.53,-0.514
-1.601,1.182
-1.65,0.106
-1.722,1.146
-1.843,0.311
-1.834,2.898
-1.92,1.228
-1.996,2.793
-1.955,1.136
-2.041,0.503
-2.041,2.71
-2.015,2.373
-2.091,0.591
-2.171,0.871
-2.183,2.556
-2.243,2.527
-2.268,1.04
-2.205,0.54
-2.215,2.25
-2.297,2.15
-2.29,0.012
-2.309,-0.798
-2.406,0.981
-2.354,1.963
-2.415,0.869
-2.469,0.41
-2.517,-0.421
-2.487,1.505
-2.536,-0.557
-2.541,1.786
-2.54,2.122
-2.632,-0.553
-2.583,2.742
-2.689,2.862
-2.636,1.865
-2.714,2.565
-3.06,1.289
-3.017,2.315
-3.117,2.848
-3.113,0.074
-3.07,1.432
3.128,-0.19
3.09,0.918
-3.137,1.451
3.064,1.785
3.055,-0.007
3.072,0.089
2.942,0.866
2.838,1.362
2.702,1.222
2.762,2.845
2.662,0.924
2.659,1.128
2.542,1.895
2.436,1.556
2.341,1.464
2.28,0.24
2.344,-0.69
2.334,1.052
2.286,0.096
2.123,0.13
2.058,-0.883
2.002,-0.796
1.967,1.504
1.994,0.854
1.972,1.762
1.967,2.348
1.948,2.108
1.978,1.516
1.911,0.259
1.909,0.13
1.966,2.942
1.962,2.311
1.878,0.281
1.852,0.72
1.864,1.072
1.873,1.534
1.719,1.923
1.77,0.602
1.424,-1.131
1.34,-1.287
1.302,-1.12
0.846,-1.145
0.649,-1.133
0.423,-1.237
-0.008,-1.181
-0.132,-1.162
-0.451,-1.35
-0.493,-1.209
-1.417,-1.226
-1.485,-1.081
-1.809,-1.044
-2.102,-1.502
-2.275,-1.418
-2.251,-1.414
3.027,-1.247
2.427,-1.427
2.17,-1.189
1.779,-1.189
1.492,2.983
1.333,2.991
1.078,3.137
1.025,3.108
0.892,2.992
-0.561,2.946
-0.959,3.03
-1.058,3.046
-2.164,3.161
-2.744,3.136
3.131,3.119
2.921,3.185
2.213,2.915
2.0,3.149
0.928,2.677
-0.394,0.544
-1.27,1.259
-2.321,0.046
-2.684,2.243
2.664,1.941
2.0,1.714
1.313,-1.291
-1.777,3.016
1.74,2.595
1.619,-0.713
1.639,0.009
1.451,0.175
1.422,-0.799
1.459,0.133
1.407,1.364
1.395,0.663
1.321,-0.134
1.114,1.212
1.17,2.699
1.145,0.556
1.016,1.098
0.995,2.551
0.97,2.848
0.962,2.703
1.014,1.253
0.807,2.739
0.828,2.574
0.567,2.79
0.65,0.314
0.533,1.066
0.357,0.873
0.36,-0.121
0.47,0.537
0.332,-0.516
0.421,-0.954
0.164,2.634
0.031,1.393
-0.133,2.685
-0.015,1.306
-0.029,1.698
-0.168,-0.631
-0.098,1.62
-0.3,-0.829
-0.293,0.259
-0.41,2.042
-0.292,2.926
-0.351,-0.044
-0.534,2.341
-0.463,1.203
-0.49,2.481
-0.485,0.903
-0.625,1.539
-0.661,-0.781
-0.682,1.202
-0.615,0.262
-0.799,0.216
-0.7,1.295
-0.748,0.372
-0.967,0.358
-1.174,1.646
-1.088,2.875
-1.24,0.549
-1.257,-0.14
-1.197,1.55
-1.235,0.006
-1.389,0.178
-1.394,2.761
-1.553,0.929
-1.454,0.998
-1.608,3.0
-1.579,2.368
-1.756,2.252
-1.65,1.638
-1.855,2.794
-1.839,1.429
-1.966,-0.04
-1.971,-0.104
-2.124,1.168
-2.016,-0.24
-2.181,1.358
-2.054,-0.025
-2.111,2.836
-2.177,0.0
-2.158,-0.675
-2.336,2.337
-2.21,0.548
-2.277,1.47
-2.299,2.67
-2.303,-1.039
-2.455,0.316
-2.383,1.442
-2.501,1.911
-2.442,2.548
-2.629,2.52
-2.531,1.741
-2.648,-0.29
-2.657,1.467
-2.855,1.684
-2.86,1.007
-2.794,0.599
-2.811,0.159
-2.956,2.673
-2.859,0.154
-2.981,-0.937
-3.024,-0.834
-3.04,1.932
3.11,1.899
3.032,1.254
3.047,0.958
3.035,2.929
2.808,2.121
2.935,2.455
2.593,1.366
2.688,-0.117
2.562,-0.226
2.511,0.483
2.413,-1.0
2.355,-0.121
2.296,1.401
2.157,-0.22
2.132,-0.104
2.138,0.926
1.978,1.167
2.104,0.362
2.055,1.726
1.995,0.174
1.953,0.297
1.838,1.853
1.67,0.6
0.805,-1.318
0.823,-1.226
0.59,-1.313
-0.412,-1.486
-0.482,-1.05
-0.632,-1.322
-1.364,-1.232
-1.443,-1.113
-1.912,-1.559
-2.038,-1.29
-2.912,-1.207
-3.089,-1.392
2.95,-1.424
2.87,-1.141
2.364,-1.415
2.443,-1.376
2.455,-1.345
1.974,-1.438
1.856,-1.268
1.7,-1.411
1.524,2.986
1.118,3.096
-0.343,2.994
-0.753,3.025
-0.992,2.998
-0.86,3.109
-1.096,3.069
-1.733,3.037
-2.325,3.11
-2.201,3.08
-2.65,3.052
2.463,2.807
1.21,2.431
-0.448,0.128
1.745,-0.256
-0.964,1.599
-1.265,2.089
-1.47,-0.08
-2.152,-0.042
-2.234,0.781
-2.688,2.102
3.132,1.114
2.454,2.496
2.385,2.182
2.246,2.302
2.139,1.825
1.34,0.008
-2.171,0.851
-2.991,1.346
2.464,0.642
2.353,0.389
0.225,-1.034
-1.202,-0.979
2.173,2.647
1.758,2.715
-0.067,2.21
-0.176,0.038
-0.235,-0.908
-0.263,-0.041
-0.33,-0.171
-0.517,0.146
-0.593,0.367
-0.612,0.159
-0.562,2.272
-0.613,0.14
-0.65,1.424
-0.708,1.023
-0.669,0.67
-0.751,1.471
-0.808,-1.025
-0.82,1.318
-0.838,-0.569
-0.874,1.169
-0.982,0.085
-1.027,-0.071
-1.014,-0.309
-1.089,2.294
-1.18,-0.868
-1.215,2.568
-1.282,1.009
-1.304,-1.14
-1.281,0.989
-1.312,0.36
-1.41,-0.324
-1.429,0.832
-1.446,1.343
-1.493,1.458
-1.527,-0.867
-1.598,0.829
-1.647,-0.247
-1.719,0.793
-1.84,-0.042
-1.831,2.545
-1.917,0.875
-1.993,2.44
-1.952,0.783
-2.038,0.15
-2.038,2.357
-2.012,2.02
-2.088,0.238
-2.168,0.518
-2.18,2.203
-2.24,2.174
-2.265,0.687
-2.202,0.187
-2.212,1.897
-2.294,1.797
-2.287,-0.341
-2.306,-1.151
-2.403,0.628
-2.351,1.61
-2.412,0.516
-2.466,0.057
-2.514,-0.774
-2.484,1.152
-2.533,-0.91
-2.538,1.433
-2.537,1.769
-2.629,-0.906
-2.58,2.389
-2.686,2.509
-2.633,1.512
-2.711,2.212
-3.057,0.936
-3.014,1.962
-3.114,2.495
-3.11,-0.279
-3.067,1.079
3.131,-0.543
3.093,0.565
-3.134,1.098
3.067,1.432
3.058,-0.36
3.075,-0.264
2.945,0.513
2.841,1.009
2.705,0.869
2.765,2.492
2.665,0.571
2.662,0.775
2.545,1.542
2.439,1.203
2.344,1.111
2.283,-0.113
2.347,-1.043
2.337,0.699
2.289,-0.257
2.126,-0.223
2.061,-1.236
2.005,-1.149
1.97,1.151
1.997,0.501
1.975,1.409
1.97,1.995
1.951,1.755
1.981,1.163
1.914,-0.094
1.912,-0.223
1.969,2.589
1.965,1.958
1.881,-0.072
1.855,0.367
1.867,0.719
1.876,1.181
1.722,1.57
1.773,0.249
1.427,-1.484
1.343,-1.64
1.305,-1.473
0.849,-1.498
0.652,-1.486
0.426,-1.59
-0.005,-1.534
-0.129,-1.515
-0.448,-1.703
-0.49,-1.562
-1.414,-1.579
-1.482,-1.434
-1.806,-1.397
-2.099,-1.855
-2.272,-1.771
-2.248,-1.767
3.03,-1.6
2.43,-1.78
2.173,-1.542
1.782,-1.542
1.495,2.63
1.336,2.638
1.081,2.784
1.028,2.755
0.895,2.639
-0.558,2.593
-0.956,2.677
-1.055,2.693
-2.161,2.808
-2.741,2.783
3.134,2.766
2.924,2.832
2.216,2.562
2.003,2.796
0.931,2.324
-0.391,0.191
-1.267,0.906
-2.318,-0.307
-2.681,1.89
2.667,1.588
2.003,1.361
1.316,-1.644
-1.774,2.663
1.743,2.242
1.622,-1.066
1.642,-0.344
1.454,-0.178
1.425,-1.152
1.462,-0.22
1.41,1.011
1.398,0.31
1.324,-0.487
1.117,0.859
1.173,2.346
1.148,0.203
1.019,0.745
0.998,2.198
0.973,2.495
0.965,2.35
1.017,0.9
0.81,2.386
0.831,2.221
0.57,2.437
0.653,-0.039
0.536,0.713
0.36,0.52
0.363,-0.474
0.473,0.184
0.335,-0.869
0.424,-1.307
0.167,2.281
0.034,1.04
-0.13,2.332
-0.012,0.953
-0.026,1.345
-0.165,-0.984
-0.095,1.267
-0.297,-1.182
-0.29,-0.094
-0.407,1.689
-0.289,2.573
-0.348,-0.397
-0.531,1.988
-0.46,0.85
-0.487,2.128
-0.482,0.55
-0.622,1.186
-0.658,-1.134
-0.679,0.849
-0.612,-0.091
-0.796,-0.137
-0.697,0.942
-0.745,0.019
-0.964,0.005
-1.171,1.293
-1.085,2.522
-1.237,0.196
-1.254,-0.493
-1.194,1.197
-1.232,-0.347
-1.386,-0.175
-1.391,2.408
-1.55,0.576
-1.451,0.645
-1.605,2.647
-1.576,2.015
-1.753,1.899
-1.647,1.285
-1.852,2.441
-1.836,1.076
-1.963,-0.393
-1.968,-0.457
-2.121,0.815
-2.013,-0.593
-2.178,1.005
-2.051,-0.378
-2.108,2.483
-2.174,-0.353
-2.155,-1.028
-2.333,1.984
-2.207,0.195
-2.274,1.117
-2.296,2.317
-2.3,-1.392
-2.452,-0.037
-2.38,1.089
-2.498,1.558
-2.439,2.195
-2.626,2.167
-2.528,1.388
-2.645,-0.643
-2.654,1.114
-2.852,1.331
-2.857,0.654
-2.791,0.246
-2.808,-0.194
-2.953,2.32
-2.856,-0.199
-2.978,-1.29
-3.021,-1.187
-3.037,1.579
3.113,1.546
3.035,0.901
3.05,0.605
3.038,2.576
2.811,1.768
2.938,2.102
2.596,1.013
2.691,-0.47
2.565,-0.579
2.514,0.13
2.416,-1.353
2.358,-0.474
2.299,1.048
2.16,-0.573
2.135,-0.457
2.141,0.573
1.981,0.814
2.107,0.009
2.058,1.373
1.998,-0.179
1.956,-0.056
1.841,1.5
1.673,0.247
0.808,-1.671
0.826,-1.579
0.593,-1.666
-0.409,-1.839
-0.479,-1.403
-0.629,-1.675
-1.361,-1.585
-1.44,-1.466
-1.909,-1.912
-2.035,-1.643
-2.909,-1.56
-3.086,-1.745
2.953,-1.777
2.873,-1.494
2.367,-1.768
2.446,-1.729
2.458,-1.698
1.977,-1.791
1.859,-1.621
1.703,-1.764
1.527,2.633
1.121,2.743
-0.34,2.641
-0.75,2.672
-0.989,2.645
-0.857,2.756
-1.093,2.716
-1.73,2.684
-2.322,2.757
-2.198,2.727
-2.647,2.699
2.466,2.454
1.213,2.078
-0.445,-0.225
1.748,-0.609
-0.961,1.246
-1.262,1.736
-1.467,-0.433
-2.149,-0.395
-2.231,0.428
-2.685,1.749
3.135,0.761
2.457,2.143
2.388,1.829
2.249,1.949
2.142,1.472
1.343,-0.345
-2.168,0.498
-2.988,0.993
2.467,0.289
2.356,0.036
0.228,-1.387
-1.199,-1.332
2.176,2.294
1.761,2.362
-0.109,-2.172
-0.168,-3.118
-0.196,-2.251
-0.263,-2.381
-0.45,-2.064
-0.526,-1.843
-0.545,-2.051
-0.495,0.062
-0.546,-2.07
-0.583,-0.786
-0.641,-1.187
-0.602,-1.54
-0.684,-0.739
-0.741,-3.235
-0.753,-0.892
-0.771,-2.779
-0.807,-1.041
-0.915,-2.125
-0.96,-2.281
-0.947,-2.519
-1.022,0.084
-1.113,-3.078
-1.148,0.358
-1.215,-1.201
-1.237,-3.35
-1.214,-1.221
-1.245,-1.85
-1.343,-2.534
-1.362,-1.378
-1.379,-0.867
-1.426,-0.752
-1.46,-3.077
-1.531,-1.381
-1.58,-2.457
-1.652,-1.417
-1.773,-2.252
-1.764,0.335
-1.85,-1.335
-1.926,0.23
-1.885,-1.427
-1.971,-2.06
-1.971,0.147
-1.945,-0.19
-2.021,-1.972
-2.101,-1.692
-2.113,-0.007
-2.173,-0.036
-2.198,-1.523
-2.135,-2.023
-2.145,-0.313
-2.227,-0.413
-2.22,-2.551
-2.239,-3.361
-2.336,-1.582
-2.284,-0.6
-2.345,-1.694
-2.399,-2.153
-2.447,-2.984
-2.417,-1.058
-2.466,-3.12
-2.471,-0.777
-2.47,-0.441
-2.562,-3.116
-2.513,0.179
-2.619,0.299
-2.566,-0.698
-2.644,0.002
-2.99,-1.274
-2.947,-0.248
-3.047,0.285
-3.043,-2.489
-3.0,-1.131
-3.085,-2.753
-3.123,-1.645
-3.067,-1.112
3.134,-0.778
3.125,-2.57
-3.141,-2.474
3.012,-1.697
2.908,-1.201
2.772,-1.341
2.832,0.282
2.732,-1.639
2.729,-1.435
2.612,-0.668
2.506,-1.007
2.411,-1.099
2.35,-2.323
2.414,-3.253
2.404,-1.511
2.356,-2.467
2.193,-2.433
2.128,-3.446
2.072,-3.359
2.037,-1.059
2.064,-1.709
2.042,-0.801
2.037,-0.215
2.018,-0.455
2.048,-1.047
1.981,-2.304
1.979,-2.433
2.036,0.379
2.032,-0.252
1.948,-2.282
1.922,-1.843
1.934,-1.491
1.943,-1.029
1.789,-0.64
1.84,-1.961
1.494,-3.694
1.41,-3.85
1.372,-3.683
0.916,-3.708
0.719,-3.696
0.493,-3.8
0.062,-3.744
-0.062,-3.725
-0.381,-3.913
-0.423,-3.772
-1.347,-3.789
-1.415,-3.644
-1.739,-3.607
-2.032,-4.065
-2.205,-3.981
-2.181,-3.977
3.097,-3.81
2.497,-3.99
2.24,-3.752
1.849,-3.752
1.562,0.42
1.403,0.428
1.148,0.574
1.095,0.545
0.962,0.429
-0.491,0.383
-0.889,0.467
-0.988,0.483
-2.094,0.598
-2.674,0.573
-3.082,0.556
2.991,0.622
2.283,0.352
2.07,0.586
0.998,0.114
-0.324,-2.019
-1.2,-1.304
-2.251,-2.517
-2.614,-0.32
2.734,-0.622
2.07,-0.849
1.383,-3.854
-1.707,0.453
1.81,0.032
1.689,-3.276
1.709,-2.554
1.521,-2.388
1.492,-3.362
1.529,-2.43
1.477,-1.199
1.465,-1.9
1.391,-2.697
1.184,-1.351
1.24,0.136
1.215,-2.007
1.086,-1.465
1.065,-0.012
1.04,0.285
1.032,0.14
1.084,-1.31
0.877,0.176
0.898,0.011
0.637,0.227
0.72,-2.249
0.603,-1.497
0.427,-1.69
0.43,-2.684
0.54,-2.026
0.402,-3.079
0.491,-3.517
0.234,0.071
0.101,-1.17
-0.063,0.122
0.055,-1.257
0.041,-0.865
-0.098,-3.194
-0.028,-0.943
-0.23,-3.392
-0.223,-2.304
-0.34,-0.521
-0.222,0.363
-0.281,-2.607
-0.464,-0.222
-0.393,-1.36
-0.42,-0.082
-0.415,-1.66
-0.555,-1.024
-0.591,-3.344
-0.612,-1.361
-0.545,-2.301
-0.729,-2.347
-0.63,-1.268
-0.678,-2.191
-0.897,-2.205
-1.104,-0.917
-1.018,0.312
-1.17,-2.014
-1.187,-2.703
-1.127,-1.013
-1.165,-2.557
-1.319,-2.385
-1.324,0.198
-1.483,-1.634
-1.384,-1.565
-1.538,0.437
-1.509,-0.195
-1.686,-0.311
-1.58,-0.925
-1.785,0.231
-1.769,-1.134
-1.896,-2.603
-1.901,-2.667
-2.054,-1.395
-1.946,-2.803
-2.111,-1.205
-1.984,-2.588
-2.041,0.273
-2.107,-2.563
-2.088,-3.238
-2.266,-0.226
-2.14,-2.015
-2.207,-1.093
-2.229,0.107
-2.233,-3.602
-2.385,-2.247
-2.313,-1.121
-2.431,-0.652
-2.372,-0.015
-2.559,-0.043
-2.461,-0.822
-2.578,-2.853
-2.587,-1.096
-2.785,-0.879
-2.79,-1.556
-2.724,-1.964
-2.741,-2.404
-2.886,0.11
-2.789,-2.409
-2.911,-3.5
-2.954,-3.397
-2.97,-0.631
-3.103,-0.664
3.102,-1.309
3.117,-1.605
3.105,0.366
2.878,-0.442
3.005,-0.108
2.663,-1.197
2.758,-2.68
2.632,-2.789
2.581,-2.08
2.483,-3.563
2.425,-2.684
2.366,-1.162
2.227,-2.783
2.202,-2.667
2.208,-1.637
2.048,-1.396
2.174,-2.201
2.125,-0.837
2.065,-2.389
2.023,-2.266
1.908,-0.71
1.74,-1.963
0.875,-3.881
0.893,-3.789
0.66,-3.876
-0.342,-4.049
-0.412,-3.613
-0.562,-3.885
-1.294,-3.795
-1.373,-3.676
-1.842,-4.122
-1.968,-3.853
-2.842,-3.77
-3.019,-3.955
3.02,-3.987
2.94,-3.704
2.434,-3.978
2.513,-3.939
2.525,-3.908
2.044,-4.001
1.926,-3.831
1.77,-3.974
1.594,0.423
1.188,0.533
-0.273,0.431
-0.683,0.462
-0.922,0.435
-0.79,0.546
-1.026,0.506
-1.663,0.474
-2.255,0.547
-2.131,0.517
-2.58,0.489
2.533,0.244
1.28,-0.132
-0.378,-2.435
1.815,-2.819
-0.894,-0.964
-1.195,-0.474
-1.4,-2.643
-2.082,-2.605
-2.164,-1.782
-2.618,-0.461
-3.081,-1.449
2.524,-0.067
2.455,-0.381
2.316,-0.261
2.209,-0.738
1.41,-2.555
-2.101,-1.712
-2.921,-1.217
2.534,-1.921
2.423,-2.174
0.295,-3.597
-1.132,-3.542
2.243,0.084
1.828,0.152
-0.059,-0.946
-0.087,-0.079
-0.154,-0.209
-0.341,0.108
-0.417,0.329
-0.436,0.121
-0.386,2.234
-0.437,0.102
-0.474,1.386
-0.532,0.985
-0.493,0.632
-0.575,1.433
-0.632,-1.063
-0.644,1.28
-0.662,-0.607
-0.698,1.131
-0.806,0.047
-0.851,-0.109
-0.838,-0.347
-0.913,2.256
-1.004,-0.906
-1.039,2.53
-1.106,0.971
-1.128,-1.178
-1.105,0.951
-1.136,0.322
-1.234,-0.362
-1.253,0.794
-1.27,1.305
-1.317,1.42
-1.351,-0.905
-1.422,0.791
-1.471,-0.285
-1.543,0.755
-1.664,-0.08
-1.655,2.507
-1.741,0.837
-1.817,2.402
-1.776,0.745
-1.862,0.112
-1.862,2.319
-1.836,1.982
-1.912,0.2
-1.992,0.48
-2.004,2.165
-2.064,2.136
-2.089,0.649
-2.026,0.149
-2.036,1.859
-2.118,1.759
-2.111,-0.379
-2.13,-1.189
-2.227,0.59
-2.175,1.572
-2.236,0.478
-2.29,0.019
-2.338,-0.812
-2.308,1.114
-2.357,-0.948
-2.362,1.395
-2.361,1.731
-2.453,-0.944
-2.404,2.351
-2.51,2.471
-2.457,1.474
-2.535,2.174
-2.881,0.898
-2.838,1.924
-2.938,2.457
-2.934,-0.317
-2.891,1.041
-2.976,-0.581
-3.014,0.527
-2.958,1.06
-3.04,1.394
-3.049,-0.398
-3.032,-0.302
3.121,0.475
3.017,0.971
2.881,0.831
2.941,2.454
2.841,0.533
2.838,0.737
2.721,1.504
2.615,1.165
2.52,1.073
2.459,-0.151
2.523,-1.081
2.513,0.661
2.465,-0.295
2.302,-0.261
2.237,-1.274
2.181,-1.187
2.146,1.113
2.173,0.463
2.151,1.371
2.146,1.957
2.127,1.717
2.157,1.125
2.09,-0.132
2.088,-0.261
2.145,2.551
2.141,1.92
2.057,-0.11
2.031,0.329
2.043,0.681
2.052,1.143
1.898,1.532
1.949,0.211
1.603,-1.522
1.519,-1.678
1.481,-1.511
1.025,-1.536
0.828,-1.524
0.602,-1.628
0.171,-1.572
0.047,-1.553
-0.272,-1.741
-0.314,-1.6
-1.238,-1.617
-1.306,-1.472
-1.63,-1.435
-1.923,-1.893
-2.096,-1.809
-2.072,-1.805
-3.077,-1.638
2.606,-1.818
2.349,-1.58
1.958,-1.58
1.671,2.592
1.512,2.6
1.257,2.746
1.204,2.717
1.071,2.601
-0.382,2.555
-0.78,2.639
-0.879,2.655
-1.985,2.77
-2.565,2.745
-2.973,2.728
3.1,2.794
2.392,2.524
2.179,2.758
1.107,2.286
-0.215,0.153
-1.091,0.868
-2.142,-0.345
-2.505,1.852
2.843,1.55
2.179,1.323
1.492,-1.682
-1.598,2.625
1.919,2.204
1.798,-1.104
1.818,-0.382
1.63,-0.216
1.601,-1.19
1.638,-0.258
1.586,0.973
1.574,0.272
1.5,-0.525
1.293,0.821
1.349,2.308
1.324,0.165
1.195,0.707
1.174,2.16
1.149,2.457
1.141,2.312
1.193,0.862
0.986,2.348
1.007,2.183
0.746,2.399
0.829,-0.077
0.712,0.675
0.536,0.482
0.539,-0.512
0.649,0.146
0.511,-0.907
0.6,-1.345
0.343,2.243
0.21,1.002
0.046,2.294
0.164,0.915
0.15,1.307
0.011,-1.022
0.081,1.229
-0.121,-1.22
-0.114,-0.132
-0.231,1.651
-0.113,2.535
-0.172,-0.435
-0.355,1.95
-0.284,0.812
-0.311,2.09
-0.306,0.512
-0.446,1.148
-0.482,-1.172
-0.503,0.811
-0.436,-0.129
-0.62,-0.175
-0.521,0.904
-0.569,-0.019
-0.788,-0.033
-0.995,1.255
-0.909,2.484
-1.061,0.158
-1.078,-0.531
-1.018,1.159
-1.056,-0.385
-1.21,-0.213
-1.215,2.37
-1.374,0.538
-1.275,0.607
-1.429,2.609
-1.4,1.977
-1.577,1.861
-1.471,1.247
-1.676,2.403
-1.66,1.038
-1.787,-0.431
-1.792,-0.495
-1.945,0.777
-1.837,-0.631
-2.002,0.967
-1.875,-0.416
-1.932,2.445
-1.998,-0.391
-1.979,-1.066
-2.157,1.946
-2.031,0.157
-2.098,1.079
-2.12,2.279
-2.124,-1.43
-2.276,-0.075
-2.204,1.051
-2.322,1.52
-2.263,2.157
-2.45,2.129
-2.352,1.35
-2.469,-0.681
-2.478,1.076
-2.676,1.293
-2.681,0.616
-2.615,0.208
-2.632,-0.232
-2.777,2.282
-2.68,-0.237
-2.802,-1.328
-2.845,-1.225
-2.861,1.541
-2.994,1.508
-3.072,0.863
-3.057,0.567
-3.069,2.538
2.987,1.73
3.114,2.064
2.772,0.975
2.867,-0.508
2.741,-0.617
2.69,0.092
2.592,-1.391
2.534,-0.512
2.475,1.01
2.336,-0.611
2.311,-0.495
2.317,0.535
2.157,0.776
2.283,-0.029
2.234,1.335
2.174,-0.217
2.132,-0.094
2.017,1.462
1.849,0.209
0.984,-1.709
1.002,-1.617
0.769,-1.704
-0.233,-1.877
-0.303,-1.441
-0.453,-1.713
-1.185,-1.623
-1.264,-1.504
-1.733,-1.95
-1.859,-1.681
-2.733,-1.598
-2.91,-1.783
3.129,-1.815
3.049,-1.532
2.543,-1.806
2.622,-1.767
2.634,-1.736
2.153,-1.829
2.035,-1.659
1.879,-1.802
1.703,2.595
1.297,2.705
-0.164,2.603
-0.574,2.634
-0.813,2.607
-0.681,2.718
-0.917,2.678
-1.554,2.646
-2.146,2.719
-2.022,2.689
-2.471,2.661
2.642,2.416
1.389,2.04
-0.269,-0.263
1.924,-0.647
-0.785,1.208
-1.086,1.698
-1.291,-0.471
-1.973,-0.433
-2.055,0.39
-2.509,1.711
-2.972,0.723
2.633,2.105
2.564,1.791
2.425,1.911
2.318,1.434
1.519,-0.383
-1.992,0.46
-2.812,0.955
2.643,0.251
2.532,-0.002
0.404,-1.425
-1.023,-1.37
2.352,2.256
1.937,2.324
-0.028,0.867
-0.095,0.737
-0.282,1.054
-0.358,1.275
-0.377,1.067
-0.327,3.18
-0.378,1.048
-0.415,2.332
-0.473,1.931
-0.434,1.578
-0.516,2.379
-0.573,-0.117
-0.585,2.226
-0.603,0.339
-0.639,2.077
-0.747,0.993
-0.792,0.837
-0.779,0.599
-0.854,3.202
-0.945,0.04
-0.98,3.476
-1.047,1.917
-1.069,-0.232
-1.046,1.897
-1.077,1.268
-1.175,0.584
-1.194,1.74
-1.211,2.251
-1.258,2.366
-1.292,0.041
-1.363,1.737
-1.412,0.661
-1.484,1.701
-1.605,0.866
-1.596,3.453
-1.682,1.783
-1.758,3.348
-1.717,1.691
-1.803,1.058
-1.803,3.265
-1.777,2.928
-1.853,1.146
-1.933,1.426
-1.945,3.111
-2.005,3.082
-2.03,1.595
-1.967,1.095
-1.977,2.805
-2.059,2.705
-2.052,0.567
-2.071,-0.243
-2.168,1.536
-2.116,2.518
-2.177,1.424
-2.231,0.965
-2.279,0.134
-2.249,2.06
-2.298,-0.002
-2.303,2.341
-2.302,2.677
-2.394,0.002
-2.345,3.297
-2.451,3.417
-2.398,2.42
-2.476,3.12
-2.822,1.844
-2.779,2.87
-2.879,3.403
-2.875,0.629
-2.832,1.987
-2.917,0.365
-2.955,1.473
-2.899,2.006
-2.981,2.34
-2.99,0.548
-2.973,0.644
-3.103,1.421
3.076,1.917
2.94,1.777
3.0,3.4
2.9,1.479
2.897,1.683
2.78,2.45
2.674,2.111
2.579,2.019
2.518,0.795
2.582,-0.135
2.572,1.607
2.524,0.651
2.361,0.685
2.296,-0.328
2.24,-0.241
2.205,2.059
2.232,1.409
2.21,2.317
2.205,2.903
2.186,2.663
2.216,2.071
2.149,0.814
2.147,0.685
2.204,3.497
2.2,2.866
2.116,0.836
2.09,1.275
2.102,1.627
2.111,2.089
1.957,2.478
2.008,1.157
1.662,-0.576
1.578,-0.732
1.54,-0.565
1.084,-0.59
0.887,-0.578
0.661,-0.682
0.23,-0.626
0.106,-0.607
-0.213,-0.795
-0.255,-0.654
-1.179,-0.671
-1.247,-0.526
-1.571,-0.489
-1.864,-0.947
-2.037,-0.863
-2.013,-0.859
-3.018,-0.692
2.665,-0.872
2.408,-0.634
2.017,-0.634
1.73,3.538
1.571,3.546
1.316,3.692
1.263,3.663
1.13,3.547
-0.323,3.501
-0.721,3.585
-0.82,3.601
-1.926,3.716
-2.506,3.691
-2.914,3.674
-3.124,3.74
2.451,3.47
2.238,3.704
1.166,3.232
-0.156,1.099
-1.032,1.814
-2.083,0.601
-2.446,2.798
2.902,2.496
2.238,2.269
1.551,-0.736
-1.539,3.571
1.978,3.15
1.857,-0.158
1.877,0.564
1.689,0.73
1.66,-0.244
1.697,0.688
1.645,1.919
1.633,1.218
1.559,0.421
1.352,1.767
1.408,3.254
1.383,1.111
1.254,1.653
1.233,3.106
1.208,3.403
1.2,3.258
1.252,1.808
1.045,3.294
1.066,3.129
0.805,3.345
0.888,0.869
0.771,1.621
0.595,1.428
0.598,0.434
0.708,1.092
0.57,0.039
0.659,-0.399
0.402,3.189
0.269,1.948
0.105,3.24
0.223,1.861
0.209,2.253
0.07,-0.076
0.14,2.175
-0.062,-0.274
-0.055,0.814
-0.172,2.597
-0.054,3.481
-0.113,0.511
-0.296,2.896
-0.225,1.758
-0.252,3.036
-0.247,1.458
-0.387,2.094
-0.423,-0.226
-0.444,1.757
-0.377,0.817
-0.561,0.771
-0.462,1.85
-0.51,0.927
-0.729,0.913
-0.936,2.201
-0.85,3.43
-1.002,1.104
-1.019,0.415
-0.959,2.105
-0.997,0.561
-1.151,0.733
-1.156,3.316
-1.315,1.484
-1.216,1.553
-1.37,3.555
-1.341,2.923
-1.518,2.807
-1.412,2.193
-1.617,3.349
-1.601,1.984
-1.728,0.515
-1.733,0.451
-1.886,1.723
-1.778,0.315
-1.943,1.913
-1.816,0.53
-1.873,3.391
-1.939,0.555
-1.92,-0.12
-2.098,2.892
-1.972,1.103
-2.039,2.025
-2.061,3.225
-2.065,-0.484
-2.217,0.871
-2.145,1.997
-2.263,2.466
-2.204,3.103
-2.391,3.075
-2.293,2.296
-2.41,0.265
-2.419,2.022
-2.617,2.239
-2.622,1.562
-2.556,1.154
-2.573,0.714
-2.718,3.228
-2.621,0.709
-2.743,-0.382
-2.786,-0.279
-2.802,2.487
-2.935,2.454
-3.013,1.809
-2.998,1.513
-3.01,3.484
3.046,2.676
-3.11,3.01
2.831,1.921
2.926,0.438
2.8,0.329
2.749,1.038
2.651,-0.445
2.593,0.434
2.534,1.956
2.395,0.335
2.37,0.451
2.376,1.481
2.216,1.722
2.342,0.917
2.293,2.281
2.233,0.729
2.191,0.852
2.076,2.408
1.908,1.155
1.043,-0.763
1.061,-0.671
0.828,-0.758
-0.174,-0.931
-0.244,-0.495
-0.394,-0.767
-1.126,-0.677
-1.205,-0.558
-1.674,-1.004
-1.8,-0.735
-2.674,-0.652
-2.851,-0.837
-3.095,-0.869
3.108,-0.586
2.602,-0.86
2.681,-0.821
2.693,-0.79
2.212,-0.883
2.094,-0.713
1.938,-0.856
1.762,3.541
1.356,3.651
-0.105,3.549
-0.515,3.58
-0.754,3.553
-0.622,3.664
-0.858,3.624
-1.495,3.592
-2.087,3.665
-1.963,3.635
-2.412,3.607
2.701,3.362
1.448,2.986
-0.21,0.683
1.983,0.299
-0.726,2.154
-1.027,2.644
-1.232,0.475
-1.914,0.513
-1.996,1.336
-2.45,2.657
-2.913,1.669
2.692,3.051
2.623,2.737
2.484,2.857
2.377,2.38
1.578,0.563
-1.933,1.406
-2.753,1.901
2.702,1.197
2.591,0.944
0.463,-0.479
-0.964,-0.424
2.411,3.202
1.996,3.27
-0.067,-0.13
-0.254,0.187
-0.33,0.408
-0.349,0.2
-0.299,2.313
-0.35,0.181
-0.387,1.465
-0.445,1.064
-0.406,0.711
-0.488,1.512
-0.545,-0.984
-0.557,1.359
-0.575,-0.528
-0.611,1.21
-0.719,0.126
-0.764,-0.03
-0.751,-0.268
-0.826,2.335
-0.917,-0.827
-0.952,2.609
-1.019,1.05
-1.041,-1.099
-1.018,1.03
-1.049,0.401
-1.147,-0.283
-1.166,0.873
-1.183,1.384
-1.23,1.499
-1.264,-0.826
-1.335,0.87
-1.384,-0.206
-1.456,0.834
-1.577,-0.001
-1.568,2.586
-1.654,0.916
-1.73,2.481
-1.689,0.824
-1.775,0.191
-1.775,2.398
-1.749,2.061
-1.825,0.279
-1.905,0.559
-1.917,2.244
-1.977,2.215
-2.002,0.728
-1.939,0.228
-1.949,1.938
-2.031,1.838
-2.024,-0.3
-2.043,-1.11
-2.14,0.669
-2.088,1.651
-2.149,0.557
-2.203,0.098
-2.251,-0.733
-2.221,1.193
-2.27,-0.869
-2.275,1.474
-2.274,1.81
-2.366,-0.865
-2.317,2.43
-2.423,2.55
-2.37,1.553
-2.448,2.253
-2.794,0.977
-2.751,2.003
-2.851,2.536
-2.847,-0.238
-2.804,1.12
-2.889,-0.502
-2.927,0.606
-2.871,1.139
-2.953,1.473
-2.962,-0.319
-2.945,-0.223
-3.075,0.554
3.104,1.05
2.968,0.91
3.028,2.533
2.928,0.612
2.925,0.816
2.808,1.583
2.702,1.244
2.607,1.152
2.546,-0.072
2.61,-1.002
2.6,0.74
2.552,-0.216
2.389,-0.182
2.324,-1.195
2.268,-1.108
2.233,1.192
2.26,0.542
2.238,1.45
2.233,2.036
2.214,1.796
2.244,1.204
2.177,-0.053
2.175,-0.182
2.232,2.63
2.228,1.999
2.144,-0.031
2.118,0.408
2.13,0.76
2.139,1.222
1.985,1.611
2.036,0.29
1.69,-1.443
1.606,-1.599
1.568,-1.432
1.112,-1.457
0.915,-1.445
0.689,-1.549
0.258,-1.493
0.134,-1.474
-0.185,-1.662
-0.227,-1.521
-1.151,-1.538
-1.219,-1.393
-1.543,-1.356
-1.836,-1.814
-2.009,-1.73
-1.985,-1.726
-2.99,-1.559
2.693,-1.739
2.436,-1.501
2.045,-1.501
1.758,2.671
1.599,2.679
1.344,2.825
1.291,2.796
1.158,2.68
-0.295,2.634
-0.693,2.718
-0.792,2.734
-1.898,2.849
-2.478,2.824
-2.886,2.807
-3.096,2.873
2.479,2.603
2.266,2.837
1.194,2.365
-0.128,0.232
-1.004,0.947
-2.055,-0.266
-2.418,1.931
2.93,1.629
2.266,1.402
1.579,-1.603
-1.511,2.704
2.006,2.283
1.885,-1.025
1.905,-0.303
1.717,-0.137
1.688,-1.111
1.725,-0.179
1.673,1.052
1.661,0.351
1.587,-0.446
1.38,0.9
1.436,2.387
1.411,0.244
1.282,0.786
1.261,2.239
1.236,2.536
1.228,2.391
1.28,0.941
1.073,2.427
1.094,2.262
0.833,2.478
0.916,0.002
0.799,0.754
0.623,0.561
0.626,-0.433
0.736,0.225
0.598,-0.828
0.687,-1.266
0.43,2.322
0.297,1.081
0.133,2.373
0.251,0.994
0.237,1.386
0.098,-0.943
0.168,1.308
-0.034,-1.141
-0.027,-0.053
-0.144,1.73
-0.026,2.614
-0.085,-0.356
-0.268,2.029
-0.197,0.891
-0.224,2.169
-0.219,0.591
-0.359,1.227
-0.395,-1.093
-0.416,0.89
-0.349,-0.05
-0.533,-0.096
-0.434,0.983
-0.482,0.06
-0.701,0.046
-0.908,1.334
-0.822,2.563
-0.974,0.237
-0.991,-0.452
-0.931,1.238
-0.969,-0.306
-1.123,-0.134
-1.128,2.449
-1.287,0.617
-1.188,0.686
-1.342,2.688
-1.313,2.056
-1.49,1.94
-1.384,1.326
-1.589,2.482
-1.573,1.117
-1.7,-0.352
-1.705,-0.416
-1.858,0.856
-1.75,-0.552
-1.915,1.046
-1.788,-0.337
-1.845,2.524
-1.911,-0.312
-1.892,-0.987
-2.07,2.025
-1.944,0.236
-2.011,1.158
-2.033,2.358
-2.037,-1.351
-2.189,0.004
-2.117,1.13
-2.235,1.599
-2.176,2.236
-2.363,2.208
-2.265,1.429
-2.382,-0.602
-2.391,1.155
-2.589,1.372
-2.594,0.695
-2.528,0.287
-2.545,-0.153
-2.69,2.361
-2.593,-0.158
-2.715,-1.249
-2.758,-1.146
-2.774,1.62
-2.907,1.587
-2.985,0.942
-2.97,0.646
-2.982,2.617
3.074,1.809
-3.082,2.143
2.859,1.054
2.954,-0.429
2.828,-0.538
2.777,0.171
2.679,-1.312
2.621,-0.433
2.562,1.089
2.423,-0.532
2.398,-0.416
2.404,0.614
2.244,0.855
2.37,0.05
2.321,1.414
2.261,-0.138
2.219,-0.015
2.104,1.541
1.936,0.288
1.071,-1.63
1.089,-1.538
0.856,-1.625
-0.146,-1.798
-0.216,-1.362
-0.366,-1.634
-1.098,-1.544
-1.177,-1.425
-1.646,-1.871
-1.772,-1.602
-2.646,-1.519
-2.823,-1.704
-3.067,-1.736
3.136,-1.453
2.63,-1.727
2.709,-1.688
2.721,-1.657
2.24,-1.75
2.122,-1.58
1.966,-1.723
1.79,2.674
1.384,2.784
-0.077,2.682
-0.487,2.713
-0.726,2.686
-0.594,2.797
-0.83,2.757
-1.467,2.725
-2.059,2.798
-1.935,2.768
-2.384,2.74
2.729,2.495
1.476,2.119
-0.182,-0.184
2.011,-0.568
-0.698,1.287
-0.999,1.777
-1.204,-0.392
-1.886,-0.354
-1.968,0.469
-2.422,1.79
-2.885,0.802
2.72,2.184
2.651,1.87
2.512,1.99
2.405,1.513
1.606,-0.304
-1.905,0.539
-2.725,1.034
2.73,0.33
2.619,0.077
0.491,-1.346
-0.936,-1.291
2.439,2.335
2.024,2.403
-0.187,0.317
-0.263,0.538
-0.282,0.33
-0.232,2.443
-0.283,0.311
-0.32,1.595
-0.378,1.194
-0.339,0.841
-0.421,1.642
-0.478,-0.854
-0.49,1.489
-0.508,-0.398
-0.544,1.34
-0.652,0.256
-0.697,0.1
-0.684,-0.138
-0.759,2.465
-0.85,-0.697
-0.885,2.739
-0.952,1.18
-0.974,-0.969
-0.951,1.16
-0.982,0.531
-1.08,-0.153
-1.099,1.003
-1.116,1.514
-1.163,1.629
-1.197,-0.696
-1.268,1.0
-1.317,-0.076
-1.389,0.964
-1.51,0.129
-1.501,2.716
-1.587,1.046
-1.663,2.611
-1.622,0.954
-1.708,0.321
-1.708,2.528
-1.682,2.191
-1.758,0.409
-1.838,0.689
-1.85,2.374
-1.91,2.345
-1.935,0.858
-1.872,0.358
-1.882,2.068
-1.964,1.968
-1.957,-0.17
-1.976,-0.98
-2.073,0.799
-2.021,1.781
-2.082,0.687
-2.136,0.228
-2.184,-0.603
-2.154,1.323
-2.203,-0.739
-2.208,1.604
-2.207,1.94
-2.299,-0.735
-2.25,2.56
-2.356,2.68
-2.303,1.683
-2.381,2.383
-2.727,1.107
-2.684,2.133
-2.784,2.666
-2.78,-0.108
-2.737,1.25
-2.822,-0.372
-2.86,0.736
-2.804,1.269
-2.886,1.603
-2.895,-0.189
-2.878,-0.093
-3.008,0.684
-3.112,1.18
3.035,1.04
3.095,2.663
2.995,0.742
2.992,0.946
2.875,1.713
2.769,1.374
2.674,1.282
2.613,0.058
2.677,-0.872
2.667,0.87
2.619,-0.086
2.456,-0.052
2.391,-1.065
2.335,-0.978
2.3,1.322
2.327,0.672
2.305,1.58
2.3,2.166
2.281,1.926
2.311,1.334
2.244,0.077
2.242,-0.052
2.299,2.76
2.295,2.129
2.211,0.099
2.185,0.538
2.197,0.89
2.206,1.352
2.052,1.741
2.103,0.42
1.757,-1.313
1.673,-1.469
1.635,-1.302
1.179,-1.327
0.982,-1.315
0.756,-1.419
0.325,-1.363
0.201,-1.344
-0.118,-1.532
-0.16,-1.391
-1.084,-1.408
-1.152,-1.263
-1.476,-1.226
-1.769,-1.684
-1.942,-1.6
-1.918,-1.596
-2.923,-1.429
2.76,-1.609
2.503,-1.371
2.112,-1.371
1.825,2.801
1.666,2.809
1.411,2.955
1.358,2.926
1.225,2.81
-0.228,2.764
-0.626,2.848
-0.725,2.864
-1.831,2.979
-2.411,2.954
-2.819,2.937
-3.029,3.003
2.546,2.733
2.333,2.967
1.261,2.495
-0.061,0.362
-0.937,1.077
-1.988,-0.136
-2.351,2.061
2.997,1.759
2.333,1.532
1.646,-1.473
-1.444,2.834
2.073,2.413
1.952,-0.895
1.972,-0.173
1.784,-0.007
1.755,-0.981
1.792,-0.049
1.74,1.182
1.728,0.481
1.654,-0.316
1.447,1.03
1.503,2.517
1.478,0.374
1.349,0.916
1.328,2.369
1.303,2.666
1.295,2.521
1.347,1.071
1.14,2.557
1.161,2.392
0.9,2.608
0.983,0.132
0.866,0.884
0.69,0.691
0.693,-0.303
0.803,0.355
0.665,-0.698
0.754,-1.136
0.497,2.452
0.364,1.211
0.2,2.503
0.318,1.124
0.304,1.516
0.165,-0.813
0.235,1.438
0.033,-1.011
0.04,0.077
-0.077,1.86
0.041,2.744
-0.018,-0.226
-0.201,2.159
-0.13,1.021
-0.157,2.299
-0.152,0.721
-0.292,1.357
-0.328,-0.963
-0.349,1.02
-0.282,0.08
-0.466,0.034
-0.367,1.113
-0.415,0.19
-0.634,0.176
-0.841,1.464
-0.755,2.693
-0.907,0.367
-0.924,-0.322
-0.864,1.368
-0.902,-0.176
-1.056,-0.004
-1.061,2.579
-1.22,0.747
-1.121,0.816
-1.275,2.818
-1.246,2.186
-1.423,2.07
-1.317,1.456
-1.522,2.612
-1.506,1.247
-1.633,-0.222
-1.638,-0.286
-1.791,0.986
-1.683,-0.422
-1.848,1.176
-1.721,-0.207
-1.778,2.654
-1.844,-0.182
-1.825,-0.857
-2.003,2.155
-1.877,0.366
-1.944,1.288
-1.966,2.488
-1.97,-1.221
-2.122,0.134
-2.05,1.26
-2.168,1.729
-2.109,2.366
-2.296,2.338
-2.198,1.559
-2.315,-0.472
-2.324,1.285
-2.522,1.502
-2.527,0.825
-2.461,0.417
-2.478,-0.023
-2.623,2.491
-2.526,-0.028
-2.648,-1.119
-2.691,-1.016
-2.707,1.75
-2.84,1.717
-2.918,1.072
-2.903,0.776
-2.915,2.747
3.141,1.939
-3.015,2.273
2.926,1.184
3.021,-0.299
2.895,-0.408
2.844,0.301
2.746,-1.182
2.688,-0.303
2.629,1.219
2.49,-0.402
2.465,-0.286
2.471,0.744
2.311,0.985
2.437,0.18
2.388,1.544
2.328,-0.008
2.286,0.115
2.171,1.671
2.003,0.418
1.138,-1.5
1.156,-1.408
0.923,-1.495
-0.079,-1.668
-0.149,-1.232
-0.299,-1.504
-1.031,-1.414
-1.11,-1.295
-1.579,-1.741
-1.705,-1.472
-2.579,-1.389
-2.756,-1.574
-3.0,-1.606
-3.08,-1.323
2.697,-1.597
2.776,-1.558
2.788,-1.527
2.307,-1.62
2.189,-1.45
2.033,-1.593
1.857,2.804
1.451,2.914
-0.01,2.812
-0.42,2.843
-0.659,2.816
-0.527,2.927
-0.763,2.887
-1.4,2.855
-1.992,2.928
-1.868,2.898
-2.317,2.87
2.796,2.625
1.543,2.249
-0.115,-0.054
2.078,-0.438
-0.631,1.417
-0.932,1.907
-1.137,-0.262
-1.819,-0.224
-1.901,0.599
-2.355,1.92
-2.818,0.932
2.787,2.314
2.718,2.0
2.579,2.12
2.472,1.643
1.673,-0.174
-1.838,0.669
-2.658,1.164
2.797,0.46
2.686,0.207
0.558,-1.216
-0.869,-1.161
2.506,2.465
2.091,2.533
-0.076,0.221
-0.095,0.013
-0.045,2.126
-0.096,-0.006
-0.133,1.278
-0.191,0.877
-0.152,0.524
-0.234,1.325
-0.291,-1.171
-0.303,1.172
-0.321,-0.715
-0.357,1.023
-0.465,-0.061
-0.51,-0.217
-0.497,-0.455
-0.572,2.148
-0.663,-1.014
-0.698,2.422
-0.765,0.863
-0.787,-1.286
-0.764,0.843
-0.795,0.214
-0.893,-0.47
-0.912,0.686
-0.929,1.197
-0.976,1.312
-1.01,-1.013
-1.081,0.683
-1.13,-0.393
-1.202,0.647
-1.323,-0.188
-1.314,2.399
-1.4,0.729
-1.476,2.294
-1.435,0.637
-1.521,0.004
-1.521,2.211
-1.495,1.874
-1.571,0.092
-1.651,0.372
-1.663,2.057
-1.723,2.028
-1.748,0.541
-1.685,0.041
-1.695,1.751
-1.777,1.651
-1.77,-0.487
-1.789,-1.297
-1.886,0.482
-1.834,1.464
-1.895,0.37
-1.949,-0.089
-1.997,-0.92
-1.967,1.006
-2.016,-1.056
-2.021,1.287
-2.02,1.623
-2.112,-1.052
-2.063,2.243
-2.169,2.363
-2.116,1.366
-2.194,2.066
-2.54,0.79
-2.497,1.816
-2.597,2.349
-2.593,-0.425
-2.55,0.933
-2.635,-0.689
-2.673,0.419
-2.617,0.952
-2.699,1.286
-2.708,-0.506
-2.691,-0.41
-2.821,0.367
-2.925,0.863
-3.061,0.723
-3.001,2.346
-3.101,0.425
-3.104,0.629
3.062,1.396
2.956,1.057
2.861,0.965
2.8,-0.259
2.864,-1.189
2.854,0.553
2.806,-0.403
2.643,-0.369
2.578,-1.382
2.522,-1.295
2.487,1.005
2.514,0.355
2.492,1.263
2.487,1.849
2.468,1.609
2.498,1.017
2.431,-0.24
2.429,-0.369
2.486,2.443
2.482,1.812
2.398,-0.218
2.372,0.221
2.384,0.573
2.393,1.035
2.239,1.424
2.29,0.103
1.944,-1.63
1.86,-1.786
1.822,-1.619
1.366,-1.644
1.169,-1.632
0.943,-1.736
0.512,-1.68
0.388,-1.661
0.069,-1.849
0.027,-1.708
-0.897,-1.725
-0.965,-1.58
-1.289,-1.543
-1.582,-2.001
-1.755,-1.917
-1.731,-1.913
-2.736,-1.746
2.947,-1.926
2.69,-1.688
2.299,-1.688
2.012,2.484
1.853,2.492
1.598,2.638
1.545,2.609
1.412,2.493
-0.041,2.447
-0.439,2.531
-0.538,2.547
-1.644,2.662
-2.224,2.637
-2.632,2.62
-2.842,2.686
2.733,2.416
2.52,2.65
1.448,2.178
0.126,0.045
-0.75,0.76
-1.801,-0.453
-2.164,1.744
-3.099,1.442
2.52,1.215
1.833,-1.79
-1.257,2.517
2.26,2.096
2.139,-1.212
2.159,-0.49
1.971,-0.324
1.942,-1.298
1.979,-0.366
1.927,0.865
1.915,0.164
1.841,-0.633
1.634,0.713
1.69,2.2
1.665,0.057
1.536,0.599
1.515,2.052
1.49,2.349
1.482,2.204
1.534,0.754
1.327,2.24
1.348,2.075
1.087,2.291
1.17,-0.185
1.053,0.567
0.877,0.374
0.88,-0.62
0.99,0.038
0.852,-1.015
0.941,-1.453
0.684,2.135
0.551,0.894
0.387,2.186
0.505,0.807
0.491,1.199
0.352,-1.13
0.422,1.121
0.22,-1.328
0.227,-0.24
0.11,1.543
0.228,2.427
0.169,-0.543
-0.014,1.842
0.057,0.704
0.03,1.982
0.035,0.404
-0.105,1.04
-0.141,-1.28
-0.162,0.703
-0.095,-0.237
-0.279,-0.283
-0.18,0.796
-0.228,-0.127
-0.447,-0.141
-0.654,1.147
-0.568,2.376
-0.72,0.05
-0.737,-0.639
-0.677,1.051
-0.715,-0.493
-0.869,-0.321
-0.874,2.262
-1.033,0.43
-0.934,0.499
-1.088,2.501
-1.059,1.869
-1.236,1.753
-1.13,1.139
-1.335,2.295
-1.319,0.93
-1.446,-0.539
-1.451,-0.603
-1.604,0.669
-1.496,-0.739
-1.661,0.859
-1.534,-0.524
-1.591,2.337
-1.657,-0.499
-1.638,-1.174
-1.816,1.838
-1.69,0.049
-1.757,0.971
-1.779,2.171
-1.783,-1.538
-1.935,-0.183
-1.863,0.943
-1.981,1.412
-1.922,2.049
-2.109,2.021
-2.011,1.242
-2.128,-0.789
-2.137,0.968
-2.335,1.185
-2.34,0.508
-2.274,0.1
-2.291,-0.34
-2.436,2.174
-2.339,-0.345
-2.461,-1.436
-2.504,-1.333
-2.52,1.433
-2.653,1.4
-2.731,0.755
-2.716,0.459
-2.728,2.43
-2.955,1.622
-2.828,1.956
3.113,0.867
-3.075,-0.616
3.082,-0.725
3.031,-0.016
2.933,-1.499
2.875,-0.62
2.816,0.902
2.677,-0.719
2.652,-0.603
2.658,0.427
2.498,0.668
2.624,-0.137
2.575,1.227
2.515,-0.325
2.473,-0.202
2.358,1.354
2.19,0.101
1.325,-1.817
1.343,-1.725
1.11,-1.812
0.108,-1.985
0.038,-1.549
-0.112,-1.821
-0.844,-1.731
-0.923,-1.612
-1.392,-2.058
-1.518,-1.789
-2.392,-1.706
-2.569,-1.891
-2.813,-1.923
-2.893,-1.64
2.884,-1.914
2.963,-1.875
2.975,-1.844
2.494,-1.937
2.376,-1.767
2.22,-1.91
2.044,2.487
1.638,2.597
0.177,2.495
-0.233,2.526
-0.472,2.499
-0.34,2.61
-0.576,2.57
-1.213,2.538
-1.805,2.611
-1.681,2.581
-2.13,2.553
2.983,2.308
1.73,1.932
0.072,-0.371
2.265,-0.755
-0.444,1.1
-0.745,1.59
-0.95,-0.579
-1.632,-0.541
-1.714,0.282
-2.168,1.603
-2.631,0.615
2.974,1.997
2.905,1.683
2.766,1.803
2.659,1.326
1.86,-0.491
-1.651,0.352
-2.471,0.847
2.984,0.143
2.873,-0.11
0.745,-1.533
-0.682,-1.478
2.693,2.148
2.278,2.216
-0.019,-0.208
0.031,1.905
-0.02,-0.227
-0.057,1.057
-0.115,0.656
-0.076,0.303
-0.158,1.104
-0.215,-1.392
-0.227,0.951
-0.245,-0.936
-0.281,0.802
-0.389,-0.282
-0.434,-0.438
-0.421,-0.676
-0.496,1.927
-0.587,-1.235
-0.622,2.201
-0.689,0.642
-0.711,-1.507
-0.688,0.622
-0.719,-0.007
-0.817,-0.691
-0.836,0.465
-0.853,0.976
-0.9,1.091
-0.934,-1.234
-1.005,0.462
-1.054,-0.614
-1.126,0.426
-1.247,-0.409
-1.238,2.178
-1.324,0.508
-1.4,2.073
-1.359,0.416
-1.445,-0.217
-1.445,1.99
-1.419,1.653
-1.495,-0.129
-1.575,0.151
-1.587,1.836
-1.647,1.807
-1.672,0.32
-1.609,-0.18
-1.619,1.53
-1.701,1.43
-1.694,-0.708
-1.713,-1.518
-1.81,0.261
-1.758,1.243
-1.819,0.149
-1.873,-0.31
-1.921,-1.141
-1.891,0.785
-1.94,-1.277
-1.945,1.066
-1.944,1.402
-2.036,-1.273
-1.987,2.022
-2.093,2.142
-2.04,1.145
-2.118,1.845
-2.464,0.569
-2.421,1.595
-2.521,2.128
-2.517,-0.646
-2.474,0.712
-2.559,-0.91
-2.597,0.198
-2.541,0.731
-2.623,1.065
-2.632,-0.727
-2.615,-0.631
-2.745,0.146
-2.849,0.642
-2.985,0.502
-2.925,2.125
-3.025,0.204
-3.028,0.408
3.138,1.175
3.032,0.836
2.937,0.744
2.876,-0.48
2.94,-1.41
2.93,0.332
2.882,-0.624
2.719,-0.59
2.654,-1.603
2.598,-1.516
2.563,0.784
2.59,0.134
2.568,1.042
2.563,1.628
2.544,1.388
2.574,0.796
2.507,-0.461
2.505,-0.59
2.562,2.222
2.558,1.591
2.474,-0.439
2.448,0.0
2.46,0.352
2.469,0.814
2.315,1.203
2.366,-0.118
2.02,-1.851
1.936,-2.007
1.898,-1.84
1.442,-1.865
1.245,-1.853
1.019,-1.957
0.588,-1.901
0.464,-1.882
0.145,-2.07
0.103,-1.929
-0.821,-1.946
-0.889,-1.801
-1.213,-1.764
-1.506,-2.222
-1.679,-2.138
-1.655,-2.134
-2.66,-1.967
3.023,-2.147
2.766,-1.909
2.375,-1.909
2.088,2.263
1.929,2.271
1.674,2.417
1.621,2.388
1.488,2.272
0.035,2.226
-0.363,2.31
-0.462,2.326
-1.568,2.441
-2.148,2.416
-2.556,2.399
-2.766,2.465
2.809,2.195
2.596,2.429
1.524,1.957
0.202,-0.176
-0.674,0.539
-1.725,-0.674
-2.088,1.523
-3.023,1.221
2.596,0.994
1.909,-2.011
-1.181,2.296
2.336,1.875
2.215,-1.433
2.235,-0.711
2.047,-0.545
2.018,-1.519
2.055,-0.587
2.003,0.644
1.991,-0.057
1.917,-0.854
1.71,0.492
1.766,1.979
1.741,-0.164
1.612,0.378
1.591,1.831
1.566,2.128
1.558,1.983
1.61,0.533
1.403,2.019
1.424,1.854
1.163,2.07
1.246,-0.406
1.129,0.346
0.953,0.153
0.956,-0.841
1.066,-0.183
0.928,-1.236
1.017,-1.674
0.76,1.914
0.627,0.673
0.463,1.965
0.581,0.586
0.567,0.978
0.428,-1.351
0.498,0.9
0.296,-1.549
0.303,-0.461
0.186,1.322
0.304,2.206
0.245,-0.764
0.062,1.621
0.133,0.483
0.106,1.761
0.111,0.183
-0.029,0.819
-0.065,-1.501
-0.086,0.482
-0.019,-0.458
-0.203,-0.504
-0.104,0.575
-0.152,-0.348
-0.371,-0.362
-0.578,0.926
-0.492,2.155
-0.644,-0.171
-0.661,-0.86
-0.601,0.83
-0.639,-0.714
-0.793,-0.542
-0.798,2.041
-0.957,0.209
-0.858,0.278
-1.012,2.28
-0.983,1.648
-1.16,1.532
-1.054,0.918
-1.259,2.074
-1.243,0.709
-1.37,-0.76
-1.375,-0.824
-1.528,0.448
-1.42,-0.96
-1.585,0.638
-1.458,-0.745
-1.515,2.116
-1.581,-0.72
-1.562,-1.395
-1.74,1.617
-1.614,-0.172
-1.681,0.75
-1.703,1.95
-1.707,-1.759
-1.859,-0.404
-1.787,0.722
-1.905,1.191
-1.846,1.828
-2.033,1.8
-1.935,1.021
-2.052,-1.01
-2.061,0.747
-2.259,0.964
-2.264,0.287
-2.198,-0.121
-2.215,-0.561
-2.36,1.953
-2.263,-0.566
-2.385,-1.657
-2.428,-1.554
-2.444,1.212
-2.577,1.179
-2.655,0.534
-2.64,0.238
-2.652,2.209
-2.879,1.401
-2.752,1.735
-3.094,0.646
-2.999,-0.837
-3.125,-0.946
3.107,-0.237
3.009,-1.72
2.951,-0.841
2.892,0.681
2.753,-0.94
2.728,-0.824
2.734,0.206
2.574,0.447
2.7,-0.358
2.651,1.006
2.591,-0.546
2.549,-0.423
2.434,1.133
2.266,-0.12
1.401,-2.038
1.419,-1.946
1.186,-2.033
0.184,-2.206
0.114,-1.77
-0.036,-2.042
-0.768,-1.952
-0.847,-1.833
-1.316,-2.279
-1.442,-2.01
-2.316,-1.927
-2.493,-2.112
-2.737,-2.144
-2.817,-1.861
2.96,-2.135
3.039,-2.096
3.051,-2.065
2.57,-2.158
2.452,-1.988
2.296,-2.131
2.12,2.266
1.714,2.376
0.253,2.274
-0.157,2.305
-0.396,2.278
-0.264,2.389
-0.5,2.349
-1.137,2.317
-1.729,2.39
-1.605,2.36
-2.054,2.332
3.059,2.087
1.806,1.711
0.148,-0.592
2.341,-0.976
-0.368,0.879
-0.669,1.369
-0.874,-0.8
-1.556,-0.762
-1.638,0.061
-2.092,1.382
-2.555,0.394
3.05,1.776
2.981,1.462
2.842,1.582
2.735,1.105
1.936,-0.712
-1.575,0.131
-2.395,0.626
3.06,-0.078
2.949,-0.331
0.821,-1.754
-0.606,-1.699
2.769,1.927
2.354,1.995
0.05,2.113
-0.001,-0.019
-0.038,1.265
-0.096,0.864
-0.057,0.511
-0.139,1.312
-0.196,-1.184
-0.208,1.159
-0.226,-0.728
-0.262,1.01
-0.37,-0.074
-0.415,-0.23
-0.402,-0.468
-0.477,2.135
-0.568,-1.027
-0.603,2.409
-0.67,0.85
-0.692,-1.299
-0.669,0.83
-0.7,0.201
-0.798,-0.483
-0.817,0.673
-0.834,1.184
-0.881,1.299
-0.915,-1.026
-0.986,0.67
-1.035,-0.406
-1.107,0.634
-1.228,-0.201
-1.219,2.386
-1.305,0.716
-1.381,2.281
-1.34,0.624
-1.426,-0.009
-1.426,2.198
-1.4,1.861
-1.476,0.079
-1.556,0.359
-1.568,2.044
-1.628,2.015
-1.653,0.528
-1.59,0.028
-1.6,1.738
-1.682,1.638
-1.675,-0.5
-1.694,-1.31
-1.791,0.469
-1.739,1.451
-1.8,0.357
-1.854,-0.102
-1.902,-0.933
-1.872,0.993
-1.921,-1.069
-1.926,1.274
-1.925,1.61
-2.017,-1.065
-1.968,2.23
-2.074,2.35
-2.021,1.353
-2.099,2.053
-2.445,0.777
-2.402,1.803
-2.502,2.336
-2.498,-0.438
-2.455,0.92
-2.54,-0.702
-2.578,0.406
-2.522,0.939
-2.604,1.273
-2.613,-0.519
-2.596,-0.423
-2.726,0.354
-2.83,0.85
-2.966,0.71
-2.906,2.333
-3.006,0.412
-3.009,0.616
-3.126,1.383
3.051,1.044
2.956,0.952
2.895,-0.272
2.959,-1.202
2.949,0.54
2.901,-0.416
2.738,-0.382
2.673,-1.395
2.617,-1.308
2.582,0.992
2.609,0.342
2.587,1.25
2.582,1.836
2.563,1.596
2.593,1.004
2.526,-0.253
2.524,-0.382
2.581,2.43
2.577,1.799
2.493,-0.231
2.467,0.208
2.479,0.56
2.488,1.022
2.334,1.411
2.385,0.09
2.039,-1.643
1.955,-1.799
1.917,-1.632
1.461,-1.657
1.264,-1.645
1.038,-1.749
0.607,-1.693
0.483,-1.674
0.164,-1.862
0.122,-1.721
-0.802,-1.738
-0.87,-1.593
-1.194,-1.556
-1.487,-2.014
-1.66,-1.93
-1.636,-1.926
-2.641,-1.759
3.042,-1.939
2.785,-1.701
2.394,-1.701
2.107,2.471
1.948,2.479
1.693,2.625
1.64,2.596
1.507,2.48
0.054,2.434
-0.344,2.518
-0.443,2.534
-1.549,2.649
-2.129,2.624
-2.537,2.607
-2.747,2.673
2.828,2.403
2.615,2.637
1.543,2.165
0.221,0.032
-0.655,0.747
-1.706,-0.466
-2.069,1.731
-3.004,1.429
2.615,1.202
1.928,-1.803
-1.162,2.504
2.355,2.083
2.234,-1.225
2.254,-0.503
2.066,-0.337
2.037,-1.311
2.074,-0.379
2.022,0.852
2.01,0.151
1.936,-0.646
1.729,0.7
1.785,2.187
1.76,0.044
1.631,0.586
1.61,2.039
1.585,2.336
1.577,2.191
1.629,0.741
1.422,2.227
1.443,2.062
1.182,2.278
1.265,-0.198
1.148,0.554
0.972,0.361
0.975,-0.633
1.085,0.025
0.947,-1.028
1.036,-1.466
0.779,2.122
0.646,0.881
0.482,2.173
0.6,0.794
0.586,1.186
0.447,-1.143
0.517,1.108
0.315,-1.341
0.322,-0.253
0.205,1.53
0.323,2.414
0.264,-0.556
0.081,1.829
0.152,0.691
0.125,1.969
0.13,0.391
-0.01,1.027
-0.046,-1.293
-0.067,0.69
0.0,-0.25
-0.184,-0.296
-0.085,0.783
-0.133,-0.14
-0.352,-0.154
-0.559,1.134
-0.473,2.363
-0.625,0.037
-0.642,-0.652
-0.582,1.038
-0.62,-0.506
-0.774,-0.334
-0.779,2.249
-0.938,0.417
-0.839,0.486
-0.993,2.488
-0.964,1.856
-1.141,1.74
-1.035,1.126
-1.24,2.282
-1.224,0.917
-1.351,-0.552
-1.356,-0.616
-1.509,0.656
-1.401,-0.752
-1.566,0.846
-1.439,-0.537
-1.496,2.324
-1.562,-0.512
-1.543,-1.187
-1.721,1.825
-1.595,0.036
-1.662,0.958
-1.684,2.158
-1.688,-1.551
-1.84,-0.196
-1.768,0.93
-1.886,1.399
-1.827,2.036
-2.014,2.008
-1.916,1.229
-2.033,-0.802
-2.042,0.955
-2.24,1.172
-2.245,0.495
-2.179,0.087
-2.196,-0.353
-2.341,2.161
-2.244,-0.358
-2.366,-1.449
-2.409,-1.346
-2.425,1.42
-2.558,1.387
-2.636,0.742
-2.621,0.446
-2.633,2.417
-2.86,1.609
-2.733,1.943
-3.075,0.854
-2.98,-0.629
-3.106,-0.738
3.126,-0.029
3.028,-1.512
2.97,-0.633
2.911,0.889
2.772,-0.732
2.747,-0.616
2.753,0.414
2.593,0.655
2.719,-0.15
2.67,1.214
2.61,-0.338
2.568,-0.215
2.453,1.341
2.285,0.088
1.42,-1.83
1.438,-1.738
1.205,-1.825
0.203,-1.998
0.133,-1.562
-0.017,-1.834
-0.749,-1.744
-0.828,-1.625
-1.297,-2.071
-1.423,-1.802
-2.297,-1.719
-2.474,-1.904
-2.718,-1.936
-2.798,-1.653
2.979,-1.927
3.058,-1.888
3.07,-1.857
2.589,-1.95
2.471,-1.78
2.315,-1.923
2.139,2.474
1.733,2.584
0.272,2.482
-0.138,2.513
-0.377,2.486
-0.245,2.597
-0.481,2.557
-1.118,2.525
-1.71,2.598
-1.586,2.568
-2.035,2.54
3.078,2.295
1.825,1.919
0.167,-0.384
2.36,-0.768
-0.349,1.087
-0.65,1.577
-0.855,-0.592
-1.537,-0.554
-1.619,0.269
-2.073,1.59
-2.536,0.602
3.069,1.984
3.0,1.67
2.861,1.79
2.754,1.313
1.955,-0.504
-1.556,0.339
-2.376,0.834
3.079,0.13
2.968,-0.123
0.84,-1.546
-0.587,-1.491
2.788,2.135
2.373,2.203
-0.051,-2.132
-0.088,-0.848
-0.146,-1.249
-0.107,-1.602
-0.189,-0.801
-0.246,-3.297
-0.258,-0.954
-0.276,-2.841
-0.312,-1.103
-0.42,-2.187
-0.465,-2.343
-0.452,-2.581
-0.527,0.022
-0.618,-3.14
-0.653,0.296
-0.72,-1.263
-0.742,-3.412
-0.719,-1.283
-0.75,-1.912
-0.848,-2.596
-0.867,-1.44
-0.884,-0.929
-0.931,-0.814
-0.965,-3.139
-1.036,-1.443
-1.085,-2.519
-1.157,-1.479
-1.278,-2.314
-1.269,0.273
-1.355,-1.397
-1.431,0.168
-1.39,-1.489
-1.476,-2.122
-1.476,0.085
-1.45,-0.252
-1.526,-2.034
-1.606,-1.754
-1.618,-0.069
-1.678,-0.098
-1.703,-1.585
-1.64,-2.085
-1.65,-0.375
-1.732,-0.475
-1.725,-2.613
-1.744,-3.423
-1.841,-1.644
-1.789,-0.662
-1.85,-1.756
-1.904,-2.215
-1.952,-3.046
-1.922,-1.12
-1.971,-3.182
-1.976,-0.839
-1.975,-0.503
-2.067,-3.178
-2.018,0.117
-2.124,0.237
-2.071,-0.76
-2.149,-0.06
-2.495,-1.336
-2.452,-0.31
-2.552,0.223
-2.548,-2.551
-2.505,-1.193
-2.59,-2.815
-2.628,-1.707
-2.572,-1.174
-2.654,-0.84
-2.663,-2.632
-2.646,-2.536
-2.776,-1.759
-2.88,-1.263
-3.016,-1.403
-2.956,0.22
-3.056,-1.701
-3.059,-1.497
3.107,-0.73
3.001,-1.069
2.906,-1.161
2.845,-2.385
2.909,-3.315
2.899,-1.573
2.851,-2.529
2.688,-2.495
2.623,-3.508
2.567,-3.421
2.532,-1.121
2.559,-1.771
2.537,-0.863
2.532,-0.277
2.513,-0.517
2.543,-1.109
2.476,-2.366
2.474,-2.495
2.531,0.317
2.527,-0.314
2.443,-2.344
2.417,-1.905
2.429,-1.553
2.438,-1.091
2.284,-0.702
2.335,-2.023
1.989,-3.756
1.905,-3.912
1.867,-3.745
1.411,-3.77
1.214,-3.758
0.988,-3.862
0.557,-3.806
0.433,-3.787
0.114,-3.975
0.072,-3.834
-0.852,-3.851
-0.92,-3.706
-1.244,-3.669
-1.537,-4.127
-1.71,-4.043
-1.686,-4.039
-2.691,-3.872
2.992,-4.052
2.735,-3.814
2.344,-3.814
2.057,0.358
1.898,0.366
1.643,0.512
1.59,0.483
1.457,0.367
0.004,0.321
-0.394,0.405
-0.493,0.421
-1.599,0.536
-2.179,0.511
-2.587,0.494
-2.797,0.56
2.778,0.29
2.565,0.524
1.493,0.052
0.171,-2.081
-0.705,-1.366
-1.756,-2.579
-2.119,-0.382
-3.054,-0.684
2.565,-0.911
1.878,-3.916
-1.212,0.391
2.305,-0.03
2.184,-3.338
2.204,-2.616
2.016,-2.45
1.987,-3.424
2.024,-2.492
1.972,-1.261
1.96,-1.962
1.886,-2.759
1.679,-1.413
1.735,0.074
1.71,-2.069
1.581,-1.527
1.56,-0.074
1.535,0.223
1.527,0.078
1.579,-1.372
1.372,0.114
1.393,-0.051
1.132,0.165
1.215,-2.311
1.098,-1.559
0.922,-1.752
0.925,-2.746
1.035,-2.088
0.897,-3.141
0.986,-3.579
0.729,0.009
0.596,-1.232
0.432,0.06
0.55,-1.319
0.536,-0.927
0.397,-3.256
0.467,-1.005
0.265,-3.454
0.272,-2.366
0.155,-0.583
0.273,0.301
0.214,-2.669
0.031,-0.284
0.102,-1.422
0.075,-0.144
0.08,-1.722
-0.06,-1.086
-0.096,-3.406
-0.117,-1.423
-0.05,-2.363
-0.234,-2.409
-0.135,-1.33
-0.183,-2.253
-0.402,-2.267
-0.609,-0.979
-0.523,0.25
-0.675,-2.076
-0.692,-2.765
-0.632,-1.075
-0.67,-2.619
-0.824,-2.447
-0.829,0.136
-0.988,-1.696
-0.889,-1.627
-1.043,0.375
-1.014,-0.257
-1.191,-0.373
-1.085,-0.987
-1.29,0.169
-1.274,-1.196
-1.401,-2.665
-1.406,-2.729
-1.559,-1.457
-1.451,-2.865
-1.616,-1.267
-1.489,-2.65
-1.546,0.211
-1.612,-2.625
-1.593,-3.3
-1.771,-0.288
-1.645,-2.077
-1.712,-1.155
-1.734,0.045
-1.738,-3.664
-1.89,-2.309
-1.818,-1.183
-1.936,-0.714
-1.877,-0.077
-2.064,-0.105
-1.966,-0.884
-2.083,-2.915
-2.092,-1.158
-2.29,-0.941
-2.295,-1.618
-2.229,-2.026
-2.246,-2.466
-2.391,0.048
-2.294,-2.471
-2.416,-3.562
-2.459,-3.459
-2.475,-0.693
-2.608,-0.726
-2.686,-1.371
-2.671,-1.667
-2.683,0.304
-2.91,-0.504
-2.783,-0.17
-3.125,-1.259
-3.03,-2.742
3.127,-2.851
3.076,-2.142
2.978,-3.625
2.92,-2.746
2.861,-1.224
2.722,-2.845
2.697,-2.729
2.703,-1.699
2.543,-1.458
2.669,-2.263
2.62,-0.899
2.56,-2.451
2.518,-2.328
2.403,-0.772
2.235,-2.025
1.37,-3.943
1.388,-3.851
1.155,-3.938
0.153,-4.111
0.083,-3.675
-0.067,-3.947
-0.799,-3.857
-0.878,-3.738
-1.347,-4.184
-1.473,-3.915
-2.347,-3.832
-2.524,-4.017
-2.768,-4.049
-2.848,-3.766
2.929,-4.04
3.008,-4.001
3.02,-3.97
2.539,-4.063
2.421,-3.893
2.265,-4.036
2.089,0.361
1.683,0.471
0.222,0.369
-0.188,0.4
-0.427,0.373
-0.295,0.484
-0.531,0.444
-1.168,0.412
-1.76,0.485
-1.636,0.455
-2.085,0.427
3.028,0.182
1.775,-0.194
0.117,-2.497
2.31,-2.881
-0.399,-1.026
-0.7,-0.536
-0.905,-2.705
-1.587,-2.667
-1.669,-1.844
-2.123,-0.523
-2.586,-1.511
3.019,-0.129
2.95,-0.443
2.811,-0.323
2.704,-0.8
1.905,-2.617
-1.606,-1.774
-2.426,-1.279
3.029,-1.983
2.918,-2.236
0.79,-3.659
-0.637,-3.604
2.738,0.022
2.323,0.09
-0.037,1.284
-0.095,0.883
-0.056,0.53
-0.138,1.331
-0.195,-1.165
-0.207,1.178
-0.225,-0.709
-0.261,1.029
-0.369,-0.055
-0.414,-0.211
-0.401,-0.449
-0.476,2.154
-0.567,-1.008
-0.602,2.428
-0.669,0.869
-0.691,-1.28
-0.668,0.849
-0.699,0.22
-0.797,-0.464
-0.816,0.692
-0.833,1.203
-0.88,1.318
-0.914,-1.007
-0.985,0.689
-1.034,-0.387
-1.106,0.653
-1.227,-0.182
-1.218,2.405
-1.304,0.735
-1.38,2.3
-1.339,0.643
-1.425,0.01
-1.425,2.217
-1.399,1.88
-1.475,0.098
-1.555,0.378
-1.567,2.063
-1.627,2.034
-1.652,0.547
-1.589,0.047
-1.599,1.757
-1.681,1.657
-1.674,-0.481
-1.693,-1.291
-1.79,0.488
-1.738,1.47
-1.799,0.376
-1.853,-0.083
-1.901,-0.914
-1.871,1.012
-1.92,-1.05
-1.925,1.293
-1.924,1.629
-2.016,-1.046
-1.967,2.249
-2.073,2.369
-2.02,1.372
-2.098,2.072
-2.444,0.796
-2.401,1.822
-2.501,2.355
-2.497,-0.419
-2.454,0.939
-2.539,-0.683
-2.577,0.425
-2.521,0.958
-2.603,1.292
-2.612,-0.5
-2.595,-0.404
-2.725,0.373
-2.829,0.869
-2.965,0.729
-2.905,2.352
-3.005,0.431
-3.008,0.635
-3.125,1.402
3.052,1.063
2.957,0.971
2.896,-0.253
2.96,-1.183
2.95,0.559
2.902,-0.397
2.739,-0.363
2.674,-1.376
2.618,-1.289
2.583,1.011
2.61,0.361
2.588,1.269
2.583,1.855
2.564,1.615
2.594,1.023
2.527,-0.234
2.525,-0.363
2.582,2.449
2.578,1.818
2.494,-0.212
2.468,0.227
2.48,0.579
2.489,1.041
2.335,1.43
2.386,0.109
2.04,-1.624
1.956,-1.78
1.918,-1.613
1.462,-1.638
1.265,-1.626
1.039,-1.73
0.608,-1.674
0.484,-1.655
0.165,-1.843
0.123,-1.702
-0.801,-1.719
-0.869,-1.574
-1.193,-1.537
-1.486,-1.995
-1.659,-1.911
-1.635,-1.907
-2.64,-1.74
3.043,-1.92
2.786,-1.682
2.395,-1.682
2.108,2.49
1.949,2.498
1.694,2.644
1.641,2.615
1.508,2.499
0.055,2.453
-0.343,2.537
-0.442,2.553
-1.548,2.668
-2.128,2.643
-2.536,2.626
-2.746,2.692
2.829,2.422
2.616,2.656
1.544,2.184
0.222,0.051
-0.654,0.766
-1.705,-0.447
-2.068,1.75
-3.003,1.448
2.616,1.221
1.929,-1.784
-1.161,2.523
2.356,2.102
2.235,-1.206
2.255,-0.484
2.067,-0.318
2.038,-1.292
2.075,-0.36
2.023,0.871
2.011,0.17
1.937,-0.627
1.73,0.719
1.786,2.206
1.761,0.063
1.632,0.605
1.611,2.058
1.586,2.355
1.578,2.21
1.63,0.76
1.423,2.246
1.444,2.081
1.183,2.297
1.266,-0.179
1.149,0.573
0.973,0.38
0.976,-0.614
1.086,0.044
0.948,-1.009
1.037,-1.447
0.78,2.141
0.647,0.9
0.483,2.192
0.601,0.813
0.587,1.205
0.448,-1.124
0.518,1.127
0.316,-1.322
0.323,-0.234
0.206,1.549
0.324,2.433
0.265,-0.537
0.082,1.848
0.153,0.71
0.126,1.988
0.131,0.41
-0.009,1.046
-0.045,-1.274
-0.066,0.709
0.001,-0.231
-0.183,-0.277
-0.084,0.802
-0.132,-0.121
-0.351,-0.135
-0.558,1.153
-0.472,2.382
-0.624,0.056
-0.641,-0.633
-0.581,1.057
-0.619,-0.487
-0.773,-0.315
-0.778,2.268
-0.937,0.436
-0.838,0.505
-0.992,2.507
-0.963,1.875
-1.14,1.759
-1.034,1.145
-1.239,2.301
-1.223,0.936
-1.35,-0.533
-1.355,-0.597
-1.508,0.675
-1.4,-0.733
-1.565,0.865
-1.438,-0.518
-1.495,2.343
-1.561,-0.493
-1.542,-1.168
-1.72,1.844
-1.594,0.055
-1.661,0.977
-1.683,2.177
-1.687,-1.532
-1.839,-0.177
-1.767,0.949
-1.885,1.418
-1.826,2.055
-2.013,2.027
-1.915,1.248
-2.032,-0.783
-2.041,0.974
-2.239,1.191
-2.244,0.514
-2.178,0.106
-2.195,-0.334
-2.34,2.18
-2.243,-0.339
-2.365,-1.43
-2.408,-1.327
-2.424,1.439
-2.557,1.406
-2.635,0.761
-2.62,0.465
-2.632,2.436
-2.859,1.628
-2.732,1.962
-3.074,0.873
-2.979,-0.61
-3.105,-0.719
3.127,-0.01
3.029,-1.493
2.971,-0.614
2.912,0.908
2.773,-0.713
2.748,-0.597
2.754,0.433
2.594,0.674
2.72,-0.131
2.671,1.233
2.611,-0.319
2.569,-0.196
2.454,1.36
2.286,0.107
1.421,-1.811
1.439,-1.719
1.206,-1.806
0.204,-1.979
0.134,-1.543
-0.016,-1.815
-0.748,-1.725
-0.827,-1.606
-1.296,-2.052
-1.422,-1.783
-2.296,-1.7
-2.473,-1.885
-2.717,-1.917
-2.797,-1.634
2.98,-1.908
3.059,-1.869
3.071,-1.838
2.59,-1.931
2.472,-1.761
2.316,-1.904
2.14,2.493
1.734,2.603
0.273,2.501
-0.137,2.532
-0.376,2.505
-0.244,2.616
-0.48,2.576
-1.117,2.544
-1.709,2.617
-1.585,2.587
-2.034,2.559
3.079,2.314
1.826,1.938
0.168,-0.365
2.361,-0.749
-0.348,1.106
-0.649,1.596
-0.854,-0.573
-1.536,-0.535
-1.618,0.288
-2.072,1.609
-2.535,0.621
3.07,2.003
3.001,1.689
2.862,1.809
2.755,1.332
1.956,-0.485
-1.555,0.358
-2.375,0.853
3.08,0.149
2.969,-0.104
0.841,-1.527
-0.586,-1.472
2.789,2.154
2.374,2.222
-0.058,-0.401
-0.019,-0.754
-0.101,0.047
-0.158,-2.449
-0.17,-0.106
-0.188,-1.993
-0.224,-0.255
-0.332,-1.339
-0.377,-1.495
-0.364,-1.733
-0.439,0.87
-0.53,-2.292
-0.565,1.144
-0.632,-0.415
-0.654,-2.564
-0.631,-0.435
-0.662,-1.064
-0.76,-1.748
-0.779,-0.592
-0.796,-0.081
-0.843,0.034
-0.877,-2.291
-0.948,-0.595
-0.997,-1.671
-1.069,-0.631
-1.19,-1.466
-1.181,1.121
-1.267,-0.549
-1.343,1.016
-1.302,-0.641
-1.388,-1.274
-1.388,0.933
-1.362,0.596
-1.438,-1.186
-1.518,-0.906
-1.53,0.779
-1.59,0.75
-1.615,-0.737
-1.552,-1.237
-1.562,0.473
-1.644,0.373
-1.637,-1.765
-1.656,-2.575
-1.753,-0.796
-1.701,0.186
-1.762,-0.908
-1.816,-1.367
-1.864,-2.198
-1.834,-0.272
-1.883,-2.334
-1.888,0.009
-1.887,0.345
-1.979,-2.33
-1.93,0.965
-2.036,1.085
-1.983,0.088
-2.061,0.788
-2.407,-0.488
-2.364,0.538
-2.464,1.071
-2.46,-1.703
-2.417,-0.345
-2.502,-1.967
-2.54,-0.859
-2.484,-0.326
-2.566,0.008
-2.575,-1.784
-2.558,-1.688
-2.688,-0.911
-2.792,-0.415
-2.928,-0.555
-2.868,1.068
-2.968,-0.853
-2.971,-0.649
-3.088,0.118
3.089,-0.221
2.994,-0.313
2.933,-1.537
2.997,-2.467
2.987,-0.725
2.939,-1.681
2.776,-1.647
2.711,-2.66
2.655,-2.573
2.62,-0.273
2.647,-0.923
2.625,-0.015
2.62,0.571
2.601,0.331
2.631,-0.261
2.564,-1.518
2.562,-1.647
2.619,1.165
2.615,0.534
2.531,-1.496
2.505,-1.057
2.517,-0.705
2.526,-0.243
2.372,0.146
2.423,-1.175
2.077,-2.908
1.993,-3.064
1.955,-2.897
1.499,-2.922
1.302,-2.91
1.076,-3.014
0.645,-2.958
0.521,-2.939
0.202,-3.127
0.16,-2.986
-0.764,-3.003
-0.832,-2.858
-1.156,-2.821
-1.449,-3.279
-1.622,-3.195
-1.598,-3.191
-2.603,-3.024
3.08,-3.204
2.823,-2.966
2.432,-2.966
2.145,1.206
1.986,1.214
1.731,1.36
1.678,1.331
1.545,1.215
0.092,1.169
-0.306,1.253
-0.405,1.269
-1.511,1.384
-2.091,1.359
-2.499,1.342
-2.709,1.408
2.866,1.138
2.653,1.372
1.581,0.9
0.259,-1.233
-0.617,-0.518
-1.668,-1.731
-2.031,0.466
-2.966,0.164
2.653,-0.063
1.966,-3.068
-1.124,1.239
2.393,0.818
2.272,-2.49
2.292,-1.768
2.104,-1.602
2.075,-2.576
2.112,-1.644
2.06,-0.413
2.048,-1.114
1.974,-1.911
1.767,-0.565
1.823,0.922
1.798,-1.221
1.669,-0.679
1.648,0.774
1.623,1.071
1.615,0.926
1.667,-0.524
1.46,0.962
1.481,0.797
1.22,1.013
1.303,-1.463
1.186,-0.711
1.01,-0.904
1.013,-1.898
1.123,-1.24
0.985,-2.293
1.074,-2.731
0.817,0.857
0.684,-0.384
0.52,0.908
0.638,-0.471
0.624,-0.079
0.485,-2.408
0.555,-0.157
0.353,-2.606
0.36,-1.518
0.243,0.265
0.361,1.149
0.302,-1.821
0.119,0.564
0.19,-0.574
0.163,0.704
0.168,-0.874
0.028,-0.238
-0.008,-2.558
-0.029,-0.575
0.038,-1.515
-0.146,-1.561
-0.047,-0.482
-0.095,-1.405
-0.314,-1.419
-0.521,-0.131
-0.435,1.098
-0.587,-1.228
-0.604,-1.917
-0.544,-0.227
-0.582,-1.771
-0.736,-1.599
-0.741,0.984
-0.9,-0.848
-0.801,-0.779
-0.955,1.223
-0.926,0.591
-1.103,0.475
-0.997,-0.139
-1.202,1.017
-1.186,-0.348
-1.313,-1.817
-1.318,-1.881
-1.471,-0.609
-1.363,-2.017
-1.528,-0.419
-1.401,-1.802
-1.458,1.059
-1.524,-1.777
-1.505,-2.452
-1.683,0.56
-1.557,-1.229
-1.624,-0.307
-1.646,0.893
-1.65,-2.816
-1.802,-1.461
-1.73,-0.335
-1.848,0.134
-1.789,0.771
-1.976,0.743
-1.878,-0.036
-1.995,-2.067
-2.004,-0.31
-2.202,-0.093
-2.207,-0.77
-2.141,-1.178
-2.158,-1.618
-2.303,0.896
-2.206,-1.623
-2.328,-2.714
-2.371,-2.611
-2.387,0.155
-2.52,0.122
-2.598,-0.523
-2.583,-0.819
-2.595,1.152
-2.822,0.344
-2.695,0.678
-3.037,-0.411
-2.942,-1.894
-3.068,-2.003
-3.119,-1.294
3.066,-2.777
3.008,-1.898
2.949,-0.376
2.81,-1.997
2.785,-1.881
2.791,-0.851
2.631,-0.61
2.757,-1.415
2.708,-0.051
2.648,-1.603
2.606,-1.48
2.491,0.076
2.323,-1.177
1.458,-3.095
1.476,-3.003
1.243,-3.09
0.241,-3.263
0.171,-2.827
0.021,-3.099
-0.711,-3.009
-0.79,-2.89
-1.259,-3.336
-1.385,-3.067
-2.259,-2.984
-2.436,-3.169
-2.68,-3.201
-2.76,-2.918
3.017,-3.192
3.096,-3.153
3.108,-3.122
2.627,-3.215
2.509,-3.045
2.353,-3.188
2.177,1.209
1.771,1.319
0.31,1.217
-0.1,1.248
-0.339,1.221
-0.207,1.332
-0.443,1.292
-1.08,1.26
-1.672,1.333
-1.548,1.303
-1.997,1.275
3.116,1.03
1.863,0.654
0.205,-1.649
2.398,-2.033
-0.311,-0.178
-0.612,0.312
-0.817,-1.857
-1.499,-1.819
-1.581,-0.996
-2.035,0.325
-2.498,-0.663
3.107,0.719
3.038,0.405
2.899,0.525
2.792,0.048
1.993,-1.769
-1.518,-0.926
-2.338,-0.431
3.117,-1.135
3.006,-1.388
0.878,-2.811
-0.549,-2.756
2.826,0.87
2.411,0.938
0.039,-0.353
-0.043,0.448
-0.1,-2.048
-0.112,0.295
-0.13,-1.592
-0.166,0.146
-0.274,-0.938
-0.319,-1.094
-0.306,-1.332
-0.381,1.271
-0.472,-1.891
-0.507,1.545
-0.574,-0.014
-0.596,-2.163
-0.573,-0.034
-0.604,-0.663
-0.702,-1.347
-0.721,-0.191
-0.738,0.32
-0.785,0.435
-0.819,-1.89
-0.89,-0.194
-0.939,-1.27
-1.011,-0.23
-1.132,-1.065
-1.123,1.522
-1.209,-0.148
-1.285,1.417
-1.244,-0.24
-1.33,-0.873
-1.33,1.334
-1.304,0.997
-1.38,-0.785
-1.46,-0.505
-1.472,1.18
-1.532,1.151
-1.557,-0.336
-1.494,-0.836
-1.504,0.874
-1.586,0.774
-1.579,-1.364
-1.598,-2.174
-1.695,-0.395
-1.643,0.587
-1.704,-0.507
-1.758,-0.966
-1.806,-1.797
-1.776,0.129
-1.825,-1.933
-1.83,0.41
-1.829,0.746
-1.921,-1.929
-1.872,1.366
-1.978,1.486
-1.925,0.489
-2.003,1.189
-2.349,-0.087
-2.306,0.939
-2.406,1.472
-2.402,-1.302
-2.359,0.056
-2.444,-1.566
-2.482,-0.458
-2.426,0.075
-2.508,0.409
-2.517,-1.383
-2.5,-1.287
-2.63,-0.51
-2.734,-0.014
-2.87,-0.154
-2.81,1.469
-2.91,-0.452
-2.913,-0.248
-3.03,0.519
-3.136,0.18
3.052,0.088
2.991,-1.136
3.055,-2.066
3.045,-0.324
2.997,-1.28
2.834,-1.246
2.769,-2.259
2.713,-2.172
2.678,0.128
2.705,-0.522
2.683,0.386
2.678,0.972
2.659,0.732
2.689,0.14
2.622,-1.117
2.62,-1.246
2.677,1.566
2.673,0.935
2.589,-1.095
2.563,-0.656
2.575,-0.304
2.584,0.158
2.43,0.547
2.481,-0.774
2.135,-2.507
2.051,-2.663
2.013,-2.496
1.557,-2.521
1.36,-2.509
1.134,-2.613
0.703,-2.557
0.579,-2.538
0.26,-2.726
0.218,-2.585
-0.706,-2.602
-0.774,-2.457
-1.098,-2.42
-1.391,-2.878
-1.564,-2.794
-1.54,-2.79
-2.545,-2.623
3.138,-2.803
2.881,-2.565
2.49,-2.565
2.203,1.607
2.044,1.615
1.789,1.761
1.736,1.732
1.603,1.616
0.15,1.57
-0.248,1.654
-0.347,1.67
-1.453,1.785
-2.033,1.76
-2.441,1.743
-2.651,1.809
2.924,1.539
2.711,1.773
1.639,1.301
0.317,-0.832
-0.559,-0.117
-1.61,-1.33
-1.973,0.867
-2.908,0.565
2.711,0.338
2.024,-2.667
-1.066,1.64
2.451,1.219
2.33,-2.089
2.35,-1.367
2.162,-1.201
2.133,-2.175
2.17,-1.243
2.118,-0.012
2.106,-0.713
2.032,-1.51
1.825,-0.164
1.881,1.323
1.856,-0.82
1.727,-0.278
1.706,1.175
1.681,1.472
1.673,1.327
1.725,-0.123
1.518,1.363
1.539,1.198
1.278,1.414
1.361,-1.062
1.244,-0.31
1.068,-0.503
1.071,-1.497
1.181,-0.839
1.043,-1.892
1.132,-2.33
0.875,1.258
0.742,0.017
0.578,1.309
0.696,-0.07
0.682,0.322
0.543,-2.007
0.613,0.244
0.411,-2.205
0.418,-1.117
0.301,0.666
0.419,1.55
0.36,-1.42
0.177,0.965
0.248,-0.173
0.221,1.105
0.226,-0.473
0.086,0.163
0.05,-2.157
0.029,-0.174
0.096,-1.114
-0.088,-1.16
0.011,-0.081
-0.037,-1.004
-0.256,-1.018
-0.463,0.27
-0.377,1.499
-0.529,-0.827
-0.546,-1.516
-0.486,0.174
-0.524,-1.37
-0.678,-1.198
-0.683,1.385
-0.842,-0.447
-0.743,-0.378
-0.897,1.624
-0.868,0.992
-1.045,0.876
-0.939,0.262
-1.144,1.418
-1.128,0.053
-1.255,-1.416
-1.26,-1.48
-1.413,-0.208
-1.305,-1.616
-1.47,-0.018
-1.343,-1.401
-1.4,1.46
-1.466,-1.376
-1.447,-2.051
-1.625,0.961
-1.499,-0.828
-1.566,0.094
-1.588,1.294
-1.592,-2.415
-1.744,-1.06
-1.672,0.066
-1.79,0.535
-1.731,1.172
-1.918,1.144
-1.82,0.365
-1.937,-1.666
-1.946,0.091
-2.144,0.308
-2.149,-0.369
-2.083,-0.777
-2.1,-1.217
-2.245,1.297
-2.148,-1.222
-2.27,-2.313
-2.313,-2.21
-2.329,0.556
-2.462,0.523
-2.54,-0.122
-2.525,-0.418
-2.537,1.553
-2.764,0.745
-2.637,1.079
-2.979,-0.01
-2.884,-1.493
-3.01,-1.602
-3.061,-0.893
3.124,-2.376
3.066,-1.497
3.007,0.025
2.868,-1.596
2.843,-1.48
2.849,-0.45
2.689,-0.209
2.815,-1.014
2.766,0.35
2.706,-1.202
2.664,-1.079
2.549,0.477
2.381,-0.776
1.516,-2.694
1.534,-2.602
1.301,-2.689
0.299,-2.862
0.229,-2.426
0.079,-2.698
-0.653,-2.608
-0.732,-2.489
-1.201,-2.935
-1.327,-2.666
-2.201,-2.583
-2.378,-2.768
-2.622,-2.8
-2.702,-2.517
3.075,-2.791
-3.129,-2.752
-3.117,-2.721
2.685,-2.814
2.567,-2.644
2.411,-2.787
2.235,1.61
1.829,1.72
0.368,1.618
-0.042,1.649
-0.281,1.622
-0.149,1.733
-0.385,1.693
-1.022,1.661
-1.614,1.734
-1.49,1.704
-1.939,1.676
-3.109,1.431
1.921,1.055
0.263,-1.248
2.456,-1.632
-0.253,0.223
-0.554,0.713
-0.759,-1.456
-1.441,-1.418
-1.523,-0.595
-1.977,0.726
-2.44,-0.262
-3.118,1.12
3.096,0.806
2.957,0.926
2.85,0.449
2.051,-1.368
-1.46,-0.525
-2.28,-0.03
-3.108,-0.734
3.064,-0.987
0.936,-2.41
-0.491,-2.355
2.884,1.271
2.469,1.339
-0.082,0.801
-0.139,-1.695
-0.151,0.648
-0.169,-1.239
-0.205,0.499
-0.313,-0.585
-0.358,-0.741
-0.345,-0.979
-0.42,1.624
-0.511,-1.538
-0.546,1.898
-0.613,0.339
-0.635,-1.81
-0.612,0.319
-0.643,-0.31
-0.741,-0.994
-0.76,0.162
-0.777,0.673
-0.824,0.788
-0.858,-1.537
-0.929,0.159
-0.978,-0.917
-1.05,0.123
-1.171,-0.712
-1.162,1.875
-1.248,0.205
-1.324,1.77
-1.283,0.113
-1.369,-0.52
-1.369,1.687
-1.343,1.35
-1.419,-0.432
-1.499,-0.152
-1.511,1.533
-1.571,1.504
-1.596,0.017
-1.533,-0.483
-1.543,1.227
-1.625,1.127
-1.618,-1.011
-1.637,-1.821
-1.734,-0.042
-1.682,0.94
-1.743,-0.154
-1.797,-0.613
-1.845,-1.444
-1.815,0.482
-1.864,-1.58
-1.869,0.763
-1.868,1.099
-1.96,-1.576
-1.911,1.719
-2.017,1.839
-1.964,0.842
-2.042,1.542
-2.388,0.266
-2.345,1.292
-2.445,1.825
-2.441,-0.949
-2.398,0.409
-2.483,-1.213
-2.521,-0.105
-2.465,0.428
-2.547,0.762
-2.556,-1.03
-2.539,-0.934
-2.669,-0.157
-2.773,0.339
-2.909,0.199
-2.849,1.822
-2.949,-0.099
-2.952,0.105
-3.069,0.872
3.108,0.533
3.013,0.441
2.952,-0.783
3.016,-1.713
3.006,0.029
2.958,-0.927
2.795,-0.893
2.73,-1.906
2.674,-1.819
2.639,0.481
2.666,-0.169
2.644,0.739
2.639,1.325
2.62,1.085
2.65,0.493
2.583,-0.764
2.581,-0.893
2.638,1.919
2.634,1.288
2.55,-0.742
2.524,-0.303
2.536,0.049
2.545,0.511
2.391,0.9
2.442,-0.421
2.096,-2.154
2.012,-2.31
1.974,-2.143
1.518,-2.168
1.321,-2.156
1.095,-2.26
0.664,-2.204
0.54,-2.185
0.221,-2.373
0.179,-2.232
-0.745,-2.249
-0.813,-2.104
-1.137,-2.067
-1.43,-2.525
-1.603,-2.441
-1.579,-2.437
-2.584,-2.27
3.099,-2.45
2.842,-2.212
2.451,-2.212
2.164,1.96
2.005,1.968
1.75,2.114
1.697,2.085
1.564,1.969
0.111,1.923
-0.287,2.007
-0.386,2.023
-1.492,2.138
-2.072,2.113
-2.48,2.096
-2.69,2.162
2.885,1.892
2.672,2.126
1.6,1.654
0.278,-0.479
-0.598,0.236
-1.649,-0.977
-2.012,1.22
-2.947,0.918
2.672,0.691
1.985,-2.314
-1.105,1.993
2.412,1.572
2.291,-1.736
2.311,-1.014
2.123,-0.848
2.094,-1.822
2.131,-0.89
2.079,0.341
2.067,-0.36
1.993,-1.157
1.786,0.189
1.842,1.676
1.817,-0.467
1.688,0.075
1.667,1.528
1.642,1.825
1.634,1.68
1.686,0.23
1.479,1.716
1.5,1.551
1.239,1.767
1.322,-0.709
1.205,0.043
1.029,-0.15
1.032,-1.144
1.142,-0.486
1.004,-1.539
1.093,-1.977
0.836,1.611
0.703,0.37
0.539,1.662
0.657,0.283
0.643,0.675
0.504,-1.654
0.574,0.597
0.372,-1.852
0.379,-0.764
0.262,1.019
0.38,1.903
0.321,-1.067
0.138,1.318
0.209,0.18
0.182,1.458
0.187,-0.12
0.047,0.516
0.011,-1.804
-0.01,0.179
0.057,-0.761
-0.127,-0.807
-0.028,0.272
-0.076,-0.651
-0.295,-0.665
-0.502,0.623
-0.416,1.852
-0.568,-0.474
-0.585,-1.163
-0.525,0.527
-0.563,-1.017
-0.717,-0.845
-0.722,1.738
-0.881,-0.094
-0.782,-0.025
-0.936,1.977
-0.907,1.345
-1.084,1.229
-0.978,0.615
-1.183,1.771
-1.167,0.406
-1.294,-1.063
-1.299,-1.127
-1.452,0.145
-1.344,-1.263
-1.509,0.335
-1.382,-1.048
-1.439,1.813
-1.505,-1.023
-1.486,-1.698
-1.664,1.314
-1.538,-0.475
-1.605,0.447
-1.627,1.647
-1.631,-2.062
-1.783,-0.707
-1.711,0.419
-1.829,0.888
-1.77,1.525
-1.957,1.497
-1.859,0.718
-1.976,-1.313
-1.985,0.444
-2.183,0.661
-2.188,-0.016
-2.122,-0.424
-2.139,-0.864
-2.284,1.65
-2.187,-0.869
-2.309,-1.96
-2.352,-1.857
-2.368,0.909
-2.501,0.876
-2.579,0.231
-2.564,-0.065
-2.576,1.906
-2.803,1.098
-2.676,1.432
-3.018,0.343
-2.923,-1.14
-3.049,-1.249
-3.1,-0.54
3.085,-2.023
3.027,-1.144
2.968,0.378
2.829,-1.243
2.804,-1.127
2.81,-0.097
2.65,0.144
2.776,-0.661
2.727,0.703
2.667,-0.849
2.625,-0.726
2.51,0.83
2.342,-0.423
1.477,-2.341
1.495,-2.249
1.262,-2.336
0.26,-2.509
0.19,-2.073
0.04,-2.345
-0.692,-2.255
-0.771,-2.136
-1.24,-2.582
-1.366,-2.313
-2.24,-2.23
-2.417,-2.415
-2.661,-2.447
-2.741,-2.164
3.036,-2.438
3.115,-2.399
3.127,-2.368
2.646,-2.461
2.528,-2.291
2.372,-2.434
2.196,1.963
1.79,2.073
0.329,1.971
-0.081,2.002
-0.32,1.975
-0.188,2.086
-0.424,2.046
-1.061,2.014
-1.653,2.087
-1.529,2.057
-1.978,2.029
3.135,1.784
1.882,1.408
0.224,-0.895
2.417,-1.279
-0.292,0.576
-0.593,1.066
-0.798,-1.103
-1.48,-1.065
-1.562,-0.242
-2.016,1.079
-2.479,0.091
3.126,1.473
3.057,1.159
2.918,1.279
2.811,0.802
2.012,-1.015
-1.499,-0.172
-2.319,0.323
3.136,-0.381
3.025,-0.634
0.897,-2.057
-0.53,-2.002
2.845,1.624
2.43,1.692
-0.057,-2.496
-0.069,-0.153
-0.087,-2.04
-0.123,-0.302
-0.231,-1.386
-0.276,-1.542
-0.263,-1.78
-0.338,0.823
-0.429,-2.339
-0.464,1.097
-0.531,-0.462
-0.553,-2.611
-0.53,-0.482
-0.561,-1.111
-0.659,-1.795
-0.678,-0.639
-0.695,-0.128
-0.742,-0.013
-0.776,-2.338
-0.847,-0.642
-0.896,-1.718
-0.968,-0.678
-1.089,-1.513
-1.08,1.074
-1.166,-0.596
-1.242,0.969
-1.201,-0.688
-1.287,-1.321
-1.287,0.886
-1.261,0.549
-1.337,-1.233
-1.417,-0.953
-1.429,0.732
-1.489,0.703
-1.514,-0.784
-1.451,-1.284
-1.461,0.426
-1.543,0.326
-1.536,-1.812
-1.555,-2.622
-1.652,-0.843
-1.6,0.139
-1.661,-0.955
-1.715,-1.414
-1.763,-2.245
-1.733,-0.319
-1.782,-2.381
-1.787,-0.038
-1.786,0.298
-1.878,-2.377
-1.829,0.918
-1.935,1.038
-1.882,0.041
-1.96,0.741
-2.306,-0.535
-2.263,0.491
-2.363,1.024
-2.359,-1.75
-2.316,-0.392
-2.401,-2.014
-2.439,-0.906
-2.383,-0.373
-2.465,-0.039
-2.474,-1.831
-2.457,-1.735
-2.587,-0.958
-2.691,-0.462
-2.827,-0.602
-2.767,1.021
-2.867,-0.9
-2.87,-0.696
-2.987,0.071
-3.093,-0.268
3.095,-0.36
3.034,-1.584
3.098,-2.514
3.088,-0.772
3.04,-1.728
2.877,-1.694
2.812,-2.707
2.756,-2.62
2.721,-0.32
2.748,-0.97
2.726,-0.062
2.721,0.524
2.702,0.284
2.732,-0.308
2.665,-1.565
2.663,-1.694
2.72,1.118
2.716,0.487
2.632,-1.543
2.606,-1.104
2.618,-0.752
2.627,-0.29
2.473,0.099
2.524,-1.222
2.178,-2.955
2.094,-3.111
2.056,-2.944
1.6,-2.969
1.403,-2.957
1.177,-3.061
0.746,-3.005
0.622,-2.986
0.303,-3.174
0.261,-3.033
-0.663,-3.05
-0.731,-2.905
-1.055,-2.868
-1.348,-3.326
-1.521,-3.242
-1.497,-3.238
-2.502,-3.071
-3.102,-3.251
2.924,-3.013
2.533,-3.013
2.246,1.159
2.087,1.167
1.832,1.313
1.779,1.284
1.646,1.168
0.193,1.122
-0.205,1.206
-0.304,1.222
-1.41,1.337
-1.99,1.312
-2.398,1.295
-2.608,1.361
2.967,1.091
2.754,1.325
1.682,0.853
0.36,-1.28
-0.516,-0.565
-1.567,-1.778
-1.93,0.419
-2.865,0.117
2.754,-0.11
2.067,-3.115
-1.023,1.192
2.494,0.771
2.373,-2.537
2.393,-1.815
2.205,-1.649
2.176,-2.623
2.213,-1.691
2.161,-0.46
2.149,-1.161
2.075,-1.958
1.868,-0.612
1.924,0.875
1.899,-1.268
1.77,-0.726
1.749,0.727
1.724,1.024
1.716,0.879
1.768,-0.571
1.561,0.915
1.582,0.75
1.321,0.966
1.404,-1.51
1.287,-0.758
1.111,-0.951
1.114,-1.945
1.224,-1.287
1.086,-2.34
1.175,-2.778
0.918,0.81
0.785,-0.431
0.621,0.861
0.739,-0.518
0.725,-0.126
0.586,-2.455
0.656,-0.204
0.454,-2.653
0.461,-1.565
0.344,0.218
0.462,1.102
0.403,-1.868
0.22,0.517
0.291,-0.621
0.264,0.657
0.269,-0.921
0.129,-0.285
0.093,-2.605
0.072,-0.622
0.139,-1.562
-0.045,-1.608
0.054,-0.529
0.006,-1.452
-0.213,-1.466
-0.42,-0.178
-0.334,1.051
-0.486,-1.275
-0.503,-1.964
-0.443,-0.274
-0.481,-1.818
-0.635,-1.646
-0.64,0.937
-0.799,-0.895
-0.7,-0.826
-0.854,1.176
-0.825,0.544
-1.002,0.428
-0.896,-0.186
-1.101,0.97
-1.085,-0.395
-1.212,-1.864
-1.217,-1.928
-1.37,-0.656
-1.262,-2.064
-1.427,-0.466
-1.3,-1.849
-1.357,1.012
-1.423,-1.824
-1.404,-2.499
-1.582,0.513
-1.456,-1.276
-1.523,-0.354
-1.545,0.846
-1.549,-2.863
-1.701,-1.508
-1.629,-0.382
-1.747,0.087
-1.688,0.724
-1.875,0.696
-1.777,-0.083
-1.894,-2.114
-1.903,-0.357
-2.101,-0.14
-2.106,-0.817
-2.04,-1.225
-2.057,-1.665
-2.202,0.849
-2.105,-1.67
-2.227,-2.761
-2.27,-2.658
-2.286,0.108
-2.419,0.075
-2.497,-0.57
-2.482,-0.866
-2.494,1.105
-2.721,0.297
-2.594,0.631
-2.936,-0.458
-2.841,-1.941
-2.967,-2.05
-3.018,-1.341
-3.116,-2.824
3.109,-1.945
3.05,-0.423
2.911,-2.044
2.886,-1.928
2.892,-0.898
2.732,-0.657
2.858,-1.462
2.809,-0.098
2.749,-1.65
2.707,-1.527
2.592,0.029
2.424,-1.224
1.559,-3.142
1.577,-3.05
1.344,-3.137
0.342,-3.31
0.272,-2.874
0.122,-3.146
-0.61,-3.056
-0.689,-2.937
-1.158,-3.383
-1.284,-3.114
-2.158,-3.031
-2.335,-3.216
-2.579,-3.248
-2.659,-2.965
3.118,-3.239
-3.086,-3.2
-3.074,-3.169
2.728,-3.262
2.61,-3.092
2.454,-3.235
2.278,1.162
1.872,1.272
0.411,1.17
0.001,1.201
-0.238,1.174
-0.106,1.285
-0.342,1.245
-0.979,1.213
-1.571,1.286
-1.447,1.256
-1.896,1.228
-3.066,0.983
1.964,0.607
0.306,-1.696
2.499,-2.08
-0.21,-0.225
-0.511,0.265
-0.716,-1.904
-1.398,-1.866
-1.48,-1.043
-1.934,0.278
-2.397,-0.71
-3.075,0.672
3.139,0.358
3.0,0.478
2.893,0.001
2.094,-1.816
-1.417,-0.973
-2.237,-0.478
-3.065,-1.182
3.107,-1.435
0.979,-2.858
-0.448,-2.803
2.927,0.823
2.512,0.891
-0.012,2.343
-0.03,0.456
-0.066,2.194
-0.174,1.11
-0.219,0.954
-0.206,0.716
-0.281,3.319
-0.372,0.157
-0.407,3.593
-0.474,2.034
-0.496,-0.115
-0.473,2.014
-0.504,1.385
-0.602,0.701
-0.621,1.857
-0.638,2.368
-0.685,2.483
-0.719,0.158
-0.79,1.854
-0.839,0.778
-0.911,1.818
-1.032,0.983
-1.023,3.57
-1.109,1.9
-1.185,3.465
-1.144,1.808
-1.23,1.175
-1.23,3.382
-1.204,3.045
-1.28,1.263
-1.36,1.543
-1.372,3.228
-1.432,3.199
-1.457,1.712
-1.394,1.212
-1.404,2.922
-1.486,2.822
-1.479,0.684
-1.498,-0.126
-1.595,1.653
-1.543,2.635
-1.604,1.541
-1.658,1.082
-1.706,0.251
-1.676,2.177
-1.725,0.115
-1.73,2.458
-1.729,2.794
-1.821,0.119
-1.772,3.414
-1.878,3.534
-1.825,2.537
-1.903,3.237
-2.249,1.961
-2.206,2.987
-2.306,3.52
-2.302,0.746
-2.259,2.104
-2.344,0.482
-2.382,1.59
-2.326,2.123
-2.408,2.457
-2.417,0.665
-2.4,0.761
-2.53,1.538
-2.634,2.034
-2.77,1.894
-2.71,3.517
-2.81,1.596
-2.813,1.8
-2.93,2.567
-3.036,2.228
-3.131,2.136
3.091,0.912
-3.128,-0.018
-3.138,1.724
3.097,0.768
2.934,0.802
2.869,-0.211
2.813,-0.124
2.778,2.176
2.805,1.526
2.783,2.434
2.778,3.02
2.759,2.78
2.789,2.188
2.722,0.931
2.72,0.802
2.777,3.614
2.773,2.983
2.689,0.953
2.663,1.392
2.675,1.744
2.684,2.206
2.53,2.595
2.581,1.274
2.235,-0.459
2.151,-0.615
2.113,-0.448
1.657,-0.473
1.46,-0.461
1.234,-0.565
0.803,-0.509
0.679,-0.49
0.36,-0.678
0.318,-0.537
-0.606,-0.554
-0.674,-0.409
-0.998,-0.372
-1.291,-0.83
-1.464,-0.746
-1.44,-0.742
-2.445,-0.575
-3.045,-0.755
2.981,-0.517
2.59,-0.517
2.303,3.655
2.144,3.663
1.889,3.809
1.836,3.78
1.703,3.664
0.25,3.618
-0.148,3.702
-0.247,3.718
-1.353,3.833
-1.933,3.808
-2.341,3.791
-2.551,3.857
3.024,3.587
2.811,3.821
1.739,3.349
0.417,1.216
-0.459,1.931
-1.51,0.718
-1.873,2.915
-2.808,2.613
2.811,2.386
2.124,-0.619
-0.966,3.688
2.551,3.267
2.43,-0.041
2.45,0.681
2.262,0.847
2.233,-0.127
2.27,0.805
2.218,2.036
2.206,1.335
2.132,0.538
1.925,1.884
1.981,3.371
1.956,1.228
1.827,1.77
1.806,3.223
1.781,3.52
1.773,3.375
1.825,1.925
1.618,3.411
1.639,3.246
1.378,3.462
1.461,0.986
1.344,1.738
1.168,1.545
1.171,0.551
1.281,1.209
1.143,0.156
1.232,-0.282
0.975,3.306
0.842,2.065
0.678,3.357
0.796,1.978
0.782,2.37
0.643,0.041
0.713,2.292
0.511,-0.157
0.518,0.931
0.401,2.714
0.519,3.598
0.46,0.628
0.277,3.013
0.348,1.875
0.321,3.153
0.326,1.575
0.186,2.211
0.15,-0.109
0.129,1.874
0.196,0.934
0.012,0.888
0.111,1.967
0.063,1.044
-0.156,1.03
-0.363,2.318
-0.277,3.547
-0.429,1.221
-0.446,0.532
-0.386,2.222
-0.424,0.678
-0.578,0.85
-0.583,3.433
-0.742,1.601
-0.643,1.67
-0.797,3.672
-0.768,3.04
-0.945,2.924
-0.839,2.31
-1.044,3.466
-1.028,2.101
-1.155,0.632
-1.16,0.568
-1.313,1.84
-1.205,0.432
-1.37,2.03
-1.243,0.647
-1.3,3.508
-1.366,0.672
-1.347,-0.003
-1.525,3.009
-1.399,1.22
-1.466,2.142
-1.488,3.342
-1.492,-0.367
-1.644,0.988
-1.572,2.114
-1.69,2.583
-1.631,3.22
-1.818,3.192
-1.72,2.413
-1.837,0.382
-1.846,2.139
-2.044,2.356
-2.049,1.679
-1.983,1.271
-2.0,0.831
-2.145,3.345
-2.048,0.826
-2.17,-0.265
-2.213,-0.162
-2.229,2.604
-2.362,2.571
-2.44,1.926
-2.425,1.63
-2.437,3.601
-2.664,2.793
-2.537,3.127
-2.879,2.038
-2.784,0.555
-2.91,0.446
-2.961,1.155
-3.059,-0.328
-3.117,0.551
3.107,2.073
2.968,0.452
2.943,0.568
2.949,1.598
2.789,1.839
2.915,1.034
2.866,2.398
2.806,0.846
2.764,0.969
2.649,2.525
2.481,1.272
1.616,-0.646
1.634,-0.554
1.401,-0.641
0.399,-0.814
0.329,-0.378
0.179,-0.65
-0.553,-0.56
-0.632,-0.441
-1.101,-0.887
-1.227,-0.618
-2.101,-0.535
-2.278,-0.72
-2.522,-0.752
-2.602,-0.469
-3.108,-0.743
-3.029,-0.704
-3.017,-0.673
2.785,-0.766
2.667,-0.596
2.511,-0.739
2.335,3.658
1.929,3.768
0.468,3.666
0.058,3.697
-0.181,3.67
-0.049,3.781
-0.285,3.741
-0.922,3.709
-1.514,3.782
-1.39,3.752
-1.839,3.724
-3.009,3.479
2.021,3.103
0.363,0.8
2.556,0.416
-0.153,2.271
-0.454,2.761
-0.659,0.592
-1.341,0.63
-1.423,1.453
-1.877,2.774
-2.34,1.786
-3.018,3.168
-3.087,2.854
3.057,2.974
2.95,2.497
2.151,0.68
-1.36,1.523
-2.18,2.018
-3.008,1.314
-3.119,1.061
1.036,-0.362
-0.391,-0.307
2.984,3.319
2.569,3.387
-0.018,-1.887
-0.054,-0.149
-0.162,-1.233
-0.207,-1.389
-0.194,-1.627
-0.269,0.976
-0.36,-2.186
-0.395,1.25
-0.462,-0.309
-0.484,-2.458
-0.461,-0.329
-0.492,-0.958
-0.59,-1.642
-0.609,-0.486
-0.626,0.025
-0.673,0.14
-0.707,-2.185
-0.778,-0.489
-0.827,-1.565
-0.899,-0.525
-1.02,-1.36
-1.011,1.227
-1.097,-0.443
-1.173,1.122
-1.132,-0.535
-1.218,-1.168
-1.218,1.039
-1.192,0.702
-1.268,-1.08
-1.348,-0.8
-1.36,0.885
-1.42,0.856
-1.445,-0.631
-1.382,-1.131
-1.392,0.579
-1.474,0.479
-1.467,-1.659
-1.486,-2.469
-1.583,-0.69
-1.531,0.292
-1.592,-0.802
-1.646,-1.261
-1.694,-2.092
-1.664,-0.166
-1.713,-2.228
-1.718,0.115
-1.717,0.451
-1.809,-2.224
-1.76,1.071
-1.866,1.191
-1.813,0.194
-1.891,0.894
-2.237,-0.382
-2.194,0.644
-2.294,1.177
-2.29,-1.597
-2.247,-0.239
-2.332,-1.861
-2.37,-0.753
-2.314,-0.22
-2.396,0.114
-2.405,-1.678
-2.388,-1.582
-2.518,-0.805
-2.622,-0.309
-2.758,-0.449
-2.698,1.174
-2.798,-0.747
-2.801,-0.543
-2.918,0.224
-3.024,-0.115
-3.119,-0.207
3.103,-1.431
-3.116,-2.361
-3.126,-0.619
3.109,-1.575
2.946,-1.541
2.881,-2.554
2.825,-2.467
2.79,-0.167
2.817,-0.817
2.795,0.091
2.79,0.677
2.771,0.437
2.801,-0.155
2.734,-1.412
2.732,-1.541
2.789,1.271
2.785,0.64
2.701,-1.39
2.675,-0.951
2.687,-0.599
2.696,-0.137
2.542,0.252
2.593,-1.069
2.247,-2.802
2.163,-2.958
2.125,-2.791
1.669,-2.816
1.472,-2.804
1.246,-2.908
0.815,-2.852
0.691,-2.833
0.372,-3.021
0.33,-2.88
-0.594,-2.897
-0.662,-2.752
-0.986,-2.715
-1.279,-3.173
-1.452,-3.089
-1.428,-3.085
-2.433,-2.918
-3.033,-3.098
2.993,-2.86
2.602,-2.86
2.315,1.312
2.156,1.32
1.901,1.466
1.848,1.437
1.715,1.321
0.262,1.275
-0.136,1.359
-0.235,1.375
-1.341,1.49
-1.921,1.465
-2.329,1.448
-2.539,1.514
3.036,1.244
2.823,1.478
1.751,1.006
0.429,-1.127
-0.447,-0.412
-1.498,-1.625
-1.861,0.572
-2.796,0.27
2.823,0.043
2.136,-2.962
-0.954,1.345
2.563,0.924
2.442,-2.384
2.462,-1.662
2.274,-1.496
2.245,-2.47
2.282,-1.538
2.23,-0.307
2.218,-1.008
2.144,-1.805
1.937,-0.459
1.993,1.028
1.968,-1.115
1.839,-0.573
1.818,0.88
1.793,1.177
1.785,1.032
1.837,-0.418
1.63,1.068
1.651,0.903
1.39,1.119
1.473,-1.357
1.356,-0.605
1.18,-0.798
1.183,-1.792
1.293,-1.134
1.155,-2.187
1.244,-2.625
0.987,0.963
0.854,-0.278
0.69,1.014
0.808,-0.365
0.794,0.027
0.655,-2.302
0.725,-0.051
0.523,-2.5
0.53,-1.412
0.413,0.371
0.531,1.255
0.472,-1.715
0.289,0.67
0.36,-0.468
0.333,0.81
0.338,-0.768
0.198,-0.132
0.162,-2.452
0.141,-0.469
0.208,-1.409
0.024,-1.455
0.123,-0.376
0.075,-1.299
-0.144,-1.313
-0.351,-0.025
-0.265,1.204
-0.417,-1.122
-0.434,-1.811
-0.374,-0.121
-0.412,-1.665
-0.566,-1.493
-0.571,1.09
-0.73,-0.742
-0.631,-0.673
-0.785,1.329
-0.756,0.697
-0.933,0.581
-0.827,-0.033
-1.032,1.123
-1.016,-0.242
-1.143,-1.711
-1.148,-1.775
-1.301,-0.503
-1.193,-1.911
-1.358,-0.313
-1.231,-1.696
-1.288,1.165
-1.354,-1.671
-1.335,-2.346
-1.513,0.666
-1.387,-1.123
-1.454,-0.201
-1.476,0.999
-1.48,-2.71
-1.632,-1.355
-1.56,-0.229
-1.678,0.24
-1.619,0.877
-1.806,0.849
-1.708,0.07
-1.825,-1.961
-1.834,-0.204
-2.032,0.013
-2.037,-0.664
-1.971,-1.072
-1.988,-1.512
-2.133,1.002
-2.036,-1.517
-2.158,-2.608
-2.201,-2.505
-2.217,0.261
-2.35,0.228
-2.428,-0.417
-2.413,-0.713
-2.425,1.258
-2.652,0.45
-2.525,0.784
-2.867,-0.305
-2.772,-1.788
-2.898,-1.897
-2.949,-1.188
-3.047,-2.671
-3.105,-1.792
3.119,-0.27
2.98,-1.891
2.955,-1.775
2.961,-0.745
2.801,-0.504
2.927,-1.309
2.878,0.055
2.818,-1.497
2.776,-1.374
2.661,0.182
2.493,-1.071
1.628,-2.989
1.646,-2.897
1.413,-2.984
0.411,-3.157
0.341,-2.721
0.191,-2.993
-0.541,-2.903
-0.62,-2.784
-1.089,-3.23
-1.215,-2.961
-2.089,-2.878
-2.266,-3.063
-2.51,-3.095
-2.59,-2.812
-3.096,-3.086
-3.017,-3.047
-3.005,-3.016
2.797,-3.109
2.679,-2.939
2.523,-3.082
2.347,1.315
1.941,1.425
0.48,1.323
0.07,1.354
-0.169,1.327
-0.037,1.438
-0.273,1.398
-0.91,1.366
-1.502,1.439
-1.378,1.409
-1.827,1.381
-2.997,1.136
2.033,0.76
0.375,-1.543
2.568,-1.927
-0.141,-0.072
-0.442,0.418
-0.647,-1.751
-1.329,-1.713
-1.411,-0.89
-1.865,0.431
-2.328,-0.557
-3.006,0.825
-3.075,0.511
3.069,0.631
2.962,0.154
2.163,-1.663
-1.348,-0.82
-2.168,-0.325
-2.996,-1.029
-3.107,-1.282
1.048,-2.705
-0.379,-2.65
2.996,0.976
2.581,1.044
-0.036,1.738
-0.144,0.654
-0.189,0.498
-0.176,0.26
-0.251,2.863
-0.342,-0.299
-0.377,3.137
-0.444,1.578
-0.466,-0.571
-0.443,1.558
-0.474,0.929
-0.572,0.245
-0.591,1.401
-0.608,1.912
-0.655,2.027
-0.689,-0.298
-0.76,1.398
-0.809,0.322
-0.881,1.362
-1.002,0.527
-0.993,3.114
-1.079,1.444
-1.155,3.009
-1.114,1.352
-1.2,0.719
-1.2,2.926
-1.174,2.589
-1.25,0.807
-1.33,1.087
-1.342,2.772
-1.402,2.743
-1.427,1.256
-1.364,0.756
-1.374,2.466
-1.456,2.366
-1.449,0.228
-1.468,-0.582
-1.565,1.197
-1.513,2.179
-1.574,1.085
-1.628,0.626
-1.676,-0.205
-1.646,1.721
-1.695,-0.341
-1.7,2.002
-1.699,2.338
-1.791,-0.337
-1.742,2.958
-1.848,3.078
-1.795,2.081
-1.873,2.781
-2.219,1.505
-2.176,2.531
-2.276,3.064
-2.272,0.29
-2.229,1.648
-2.314,0.026
-2.352,1.134
-2.296,1.667
-2.378,2.001
-2.387,0.209
-2.37,0.305
-2.5,1.082
-2.604,1.578
-2.74,1.438
-2.68,3.061
-2.78,1.14
-2.783,1.344
-2.9,2.111
-3.006,1.772
-3.101,1.68
3.121,0.456
-3.098,-0.474
-3.108,1.268
3.127,0.312
2.964,0.346
2.899,-0.667
2.843,-0.58
2.808,1.72
2.835,1.07
2.813,1.978
2.808,2.564
2.789,2.324
2.819,1.732
2.752,0.475
2.75,0.346
2.807,3.158
2.803,2.527
2.719,0.497
2.693,0.936
2.705,1.288
2.714,1.75
2.56,2.139
2.611,0.818
2.265,-0.915
2.181,-1.071
2.143,-0.904
1.687,-0.929
1.49,-0.917
1.264,-1.021
0.833,-0.965
0.709,-0.946
0.39,-1.134
0.348,-0.993
-0.576,-1.01
-0.644,-0.865
-0.968,-0.828
-1.261,-1.286
-1.434,-1.202
-1.41,-1.198
-2.415,-1.031
-3.015,-1.211
3.011,-0.973
2.62,-0.973
2.333,3.199
2.174,3.207
1.919,3.353
1.866,3.324
1.733,3.208
0.28,3.162
-0.118,3.246
-0.217,3.262
-1.323,3.377
-1.903,3.352
-2.311,3.335
-2.521,3.401
3.054,3.131
2.841,3.365
1.769,2.893
0.447,0.76
-0.429,1.475
-1.48,0.262
-1.843,2.459
-2.778,2.157
2.841,1.93
2.154,-1.075
-0.936,3.232
2.581,2.811
2.46,-0.497
2.48,0.225
2.292,0.391
2.263,-0.583
2.3,0.349
2.248,1.58
2.236,0.879
2.162,0.082
1.955,1.428
2.011,2.915
1.986,0.772
1.857,1.314
1.836,2.767
1.811,3.064
1.803,2.919
1.855,1.469
1.648,2.955
1.669,2.79
1.408,3.006
1.491,0.53
1.374,1.282
1.198,1.089
1.201,0.095
1.311,0.753
1.173,-0.3
1.262,-0.738
1.005,2.85
0.872,1.609
0.708,2.901
0.826,1.522
0.812,1.914
0.673,-0.415
0.743,1.836
0.541,-0.613
0.548,0.475
0.431,2.258
0.549,3.142
0.49,0.172
0.307,2.557
0.378,1.419
0.351,2.697
0.356,1.119
0.216,1.755
0.18,-0.565
0.159,1.418
0.226,0.478
0.042,0.432
0.141,1.511
0.093,0.588
-0.126,0.574
-0.333,1.862
-0.247,3.091
-0.399,0.765
-0.416,0.076
-0.356,1.766
-0.394,0.222
-0.548,0.394
-0.553,2.977
-0.712,1.145
-0.613,1.214
-0.767,3.216
-0.738,2.584
-0.915,2.468
-0.809,1.854
-1.014,3.01
-0.998,1.645
-1.125,0.176
-1.13,0.112
-1.283,1.384
-1.175,-0.024
-1.34,1.574
-1.213,0.191
-1.27,3.052
-1.336,0.216
-1.317,-0.459
-1.495,2.553
-1.369,0.764
-1.436,1.686
-1.458,2.886
-1.462,-0.823
-1.614,0.532
-1.542,1.658
-1.66,2.127
-1.601,2.764
-1.788,2.736
-1.69,1.957
-1.807,-0.074
-1.816,1.683
-2.014,1.9
-2.019,1.223
-1.953,0.815
-1.97,0.375
-2.115,2.889
-2.018,0.37
-2.14,-0.721
-2.183,-0.618
-2.199,2.148
-2.332,2.115
-2.41,1.47
-2.395,1.174
-2.407,3.145
-2.634,2.337
-2.507,2.671
-2.849,1.582
-2.754,0.099
-2.88,-0.01
-2.931,0.699
-3.029,-0.784
-3.087,0.095
3.137,1.617
2.998,-0.004
2.973,0.112
2.979,1.142
2.819,1.383
2.945,0.578
2.896,1.942
2.836,0.39
2.794,0.513
2.679,2.069
2.511,0.816
1.646,-1.102
1.664,-1.01
1.431,-1.097
0.429,-1.27
0.359,-0.834
0.209,-1.106
-0.523,-1.016
-0.602,-0.897
-1.071,-1.343
-1.197,-1.074
-2.071,-0.991
-2.248,-1.176
-2.492,-1.208
-2.572,-0.925
-3.078,-1.199
-2.999,-1.16
-2.987,-1.129
2.815,-1.222
2.697,-1.052
2.541,-1.195
2.365,3.202
1.959,3.312
0.498,3.21
0.088,3.241
-0.151,3.214
-0.019,3.325
-0.255,3.285
-0.892,3.253
-1.484,3.326
-1.36,3.296
-1.809,3.268
-2.979,3.023
2.051,2.647
0.393,0.344
2.586,-0.04
-0.123,1.815
-0.424,2.305
-0.629,0.136
-1.311,0.174
-1.393,0.997
-1.847,2.318
-2.31,1.33
-2.988,2.712
-3.057,2.398
3.087,2.518
2.98,2.041
2.181,0.224
-1.33,1.067
-2.15,1.562
-2.978,0.858
-3.089,0.605
1.066,-0.818
-0.361,-0.763
3.014,2.863
2.599,2.931
-0.108,-1.084
-0.153,-1.24
-0.14,-1.478
-0.215,1.125
-0.306,-2.037
-0.341,1.399
-0.408,-0.16
-0.43,-2.309
-0.407,-0.18
-0.438,-0.809
-0.536,-1.493
-0.555,-0.337
-0.572,0.174
-0.619,0.289
-0.653,-2.036
-0.724,-0.34
-0.773,-1.416
-0.845,-0.376
-0.966,-1.211
-0.957,1.376
-1.043,-0.294
-1.119,1.271
-1.078,-0.386
-1.164,-1.019
-1.164,1.188
-1.138,0.851
-1.214,-0.931
-1.294,-0.651
-1.306,1.034
-1.366,1.005
-1.391,-0.482
-1.328,-0.982
-1.338,0.728
-1.42,0.628
-1.413,-1.51
-1.432,-2.32
-1.529,-0.541
-1.477,0.441
-1.538,-0.653
-1.592,-1.112
-1.64,-1.943
-1.61,-0.017
-1.659,-2.079
-1.664,0.264
-1.663,0.6
-1.755,-2.075
-1.706,1.22
-1.812,1.34
-1.759,0.343
-1.837,1.043
-2.183,-0.233
-2.14,0.793
-2.24,1.326
-2.236,-1.448
-2.193,-0.09
-2.278,-1.712
-2.316,-0.604
-2.26,-0.071
-2.342,0.263
-2.351,-1.529
-2.334,-1.433
-2.464,-0.656
-2.568,-0.16
-2.704,-0.3
-2.644,1.323
-2.744,-0.598
-2.747,-0.394
-2.864,0.373
-2.97,0.034
-3.065,-0.058
-3.126,-1.282
-3.062,-2.212
-3.072,-0.47
-3.12,-1.426
3.0,-1.392
2.935,-2.405
2.879,-2.318
2.844,-0.018
2.871,-0.668
2.849,0.24
2.844,0.826
2.825,0.586
2.855,-0.006
2.788,-1.263
2.786,-1.392
2.843,1.42
2.839,0.789
2.755,-1.241
2.729,-0.802
2.741,-0.45
2.75,0.012
2.596,0.401
2.647,-0.92
2.301,-2.653
2.217,-2.809
2.179,-2.642
1.723,-2.667
1.526,-2.655
1.3,-2.759
0.869,-2.703
0.745,-2.684
0.426,-2.872
0.384,-2.731
-0.54,-2.748
-0.608,-2.603
-0.932,-2.566
-1.225,-3.024
-1.398,-2.94
-1.374,-2.936
-2.379,-2.769
-2.979,-2.949
3.047,-2.711
2.656,-2.711
2.369,1.461
2.21,1.469
1.955,1.615
1.902,1.586
1.769,1.47
0.316,1.424
-0.082,1.508
-0.181,1.524
-1.287,1.639
-1.867,1.614
-2.275,1.597
-2.485,1.663
3.09,1.393
2.877,1.627
1.805,1.155
0.483,-0.978
-0.393,-0.263
-1.444,-1.476
-1.807,0.721
-2.742,0.419
2.877,0.192
2.19,-2.813
-0.9,1.494
2.617,1.073
2.496,-2.235
2.516,-1.513
2.328,-1.347
2.299,-2.321
2.336,-1.389
2.284,-0.158
2.272,-0.859
2.198,-1.656
1.991,-0.31
2.047,1.177
2.022,-0.966
1.893,-0.424
1.872,1.029
1.847,1.326
1.839,1.181
1.891,-0.269
1.684,1.217
1.705,1.052
1.444,1.268
1.527,-1.208
1.41,-0.456
1.234,-0.649
1.237,-1.643
1.347,-0.985
1.209,-2.038
1.298,-2.476
1.041,1.112
0.908,-0.129
0.744,1.163
0.862,-0.216
0.848,0.176
0.709,-2.153
0.779,0.098
0.577,-2.351
0.584,-1.263
0.467,0.52
0.585,1.404
0.526,-1.566
0.343,0.819
0.414,-0.319
0.387,0.959
0.392,-0.619
0.252,0.017
0.216,-2.303
0.195,-0.32
0.262,-1.26
0.078,-1.306
0.177,-0.227
0.129,-1.15
-0.09,-1.164
-0.297,0.124
-0.211,1.353
-0.363,-0.973
-0.38,-1.662
-0.32,0.028
-0.358,-1.516
-0.512,-1.344
-0.517,1.239
-0.676,-0.593
-0.577,-0.524
-0.731,1.478
-0.702,0.846
-0.879,0.73
-0.773,0.116
-0.978,1.272
-0.962,-0.093
-1.089,-1.562
-1.094,-1.626
-1.247,-0.354
-1.139,-1.762
-1.304,-0.164
-1.177,-1.547
-1.234,1.314
-1.3,-1.522
-1.281,-2.197
-1.459,0.815
-1.333,-0.974
-1.4,-0.052
-1.422,1.148
-1.426,-2.561
-1.578,-1.206
-1.506,-0.08
-1.624,0.389
-1.565,1.026
-1.752,0.998
-1.654,0.219
-1.771,-1.812
-1.78,-0.055
-1.978,0.162
-1.983,-0.515
-1.917,-0.923
-1.934,-1.363
-2.079,1.151
-1.982,-1.368
-2.104,-2.459
-2.147,-2.356
-2.163,0.41
-2.296,0.377
-2.374,-0.268
-2.359,-0.564
-2.371,1.407
-2.598,0.599
-2.471,0.933
-2.813,-0.156
-2.718,-1.639
-2.844,-1.748
-2.895,-1.039
-2.993,-2.522
-3.051,-1.643
-3.11,-0.121
3.034,-1.742
3.009,-1.626
3.015,-0.596
2.855,-0.355
2.981,-1.16
2.932,0.204
2.872,-1.348
2.83,-1.225
2.715,0.331
2.547,-0.922
1.682,-2.84
1.7,-2.748
1.467,-2.835
0.465,-3.008
0.395,-2.572
0.245,-2.844
-0.487,-2.754
-0.566,-2.635
-1.035,-3.081
-1.161,-2.812
-2.035,-2.729
-2.212,-2.914
-2.456,-2.946
-2.536,-2.663
-3.042,-2.937
-2.963,-2.898
-2.951,-2.867
2.851,-2.96
2.733,-2.79
2.577,-2.933
2.401,1.464
1.995,1.574
0.534,1.472
0.124,1.503
-0.115,1.476
0.017,1.587
-0.219,1.547
-0.856,1.515
-1.448,1.588
-1.324,1.558
-1.773,1.53
-2.943,1.285
2.087,0.909
0.429,-1.394
2.622,-1.778
-0.087,0.077
-0.388,0.567
-0.593,-1.602
-1.275,-1.564
-1.357,-0.741
-1.811,0.58
-2.274,-0.408
-2.952,0.974
-3.021,0.66
3.123,0.78
3.016,0.303
2.217,-1.514
-1.294,-0.671
-2.114,-0.176
-2.942,-0.88
-3.053,-1.133
1.102,-2.556
-0.325,-2.501
3.05,1.125
2.635,1.193
-0.045,-0.156
-0.032,-0.394
-0.107,2.209
-0.198,-0.953
-0.233,2.483
-0.3,0.924
-0.322,-1.225
-0.299,0.904
-0.33,0.275
-0.428,-0.409
-0.447,0.747
-0.464,1.258
-0.511,1.373
-0.545,-0.952
-0.616,0.744
-0.665,-0.332
-0.737,0.708
-0.858,-0.127
-0.849,2.46
-0.935,0.79
-1.011,2.355
-0.97,0.698
-1.056,0.065
-1.056,2.272
-1.03,1.935
-1.106,0.153
-1.186,0.433
-1.198,2.118
-1.258,2.089
-1.283,0.602
-1.22,0.102
-1.23,1.812
-1.312,1.712
-1.305,-0.426
-1.324,-1.236
-1.421,0.543
-1.369,1.525
-1.43,0.431
-1.484,-0.028
-1.532,-0.859
-1.502,1.067
-1.551,-0.995
-1.556,1.348
-1.555,1.684
-1.647,-0.991
-1.598,2.304
-1.704,2.424
-1.651,1.427
-1.729,2.127
-2.075,0.851
-2.032,1.877
-2.132,2.41
-2.128,-0.364
-2.085,0.994
-2.17,-0.628
-2.208,0.48
-2.152,1.013
-2.234,1.347
-2.243,-0.445
-2.226,-0.349
-2.356,0.428
-2.46,0.924
-2.596,0.784
-2.536,2.407
-2.636,0.486
-2.639,0.69
-2.756,1.457
-2.862,1.118
-2.957,1.026
-3.018,-0.198
-2.954,-1.128
-2.964,0.614
-3.012,-0.342
3.108,-0.308
3.043,-1.321
2.987,-1.234
2.952,1.066
2.979,0.416
2.957,1.324
2.952,1.91
2.933,1.67
2.963,1.078
2.896,-0.179
2.894,-0.308
2.951,2.504
2.947,1.873
2.863,-0.157
2.837,0.282
2.849,0.634
2.858,1.096
2.704,1.485
2.755,0.164
2.409,-1.569
2.325,-1.725
2.287,-1.558
1.831,-1.583
1.634,-1.571
1.408,-1.675
0.977,-1.619
0.853,-1.6
0.534,-1.788
0.492,-1.647
-0.432,-1.664
-0.5,-1.519
-0.824,-1.482
-1.117,-1.94
-1.29,-1.856
-1.266,-1.852
-2.271,-1.685
-2.871,-1.865
-3.128,-1.627
2.764,-1.627
2.477,2.545
2.318,2.553
2.063,2.699
2.01,2.67
1.877,2.554
0.424,2.508
0.026,2.592
-0.073,2.608
-1.179,2.723
-1.759,2.698
-2.167,2.681
-2.377,2.747
-3.085,2.477
2.985,2.711
1.913,2.239
0.591,0.106
-0.285,0.821
-1.336,-0.392
-1.699,1.805
-2.634,1.503
2.985,1.276
2.298,-1.729
-0.792,2.578
2.725,2.157
2.604,-1.151
2.624,-0.429
2.436,-0.263
2.407,-1.237
2.444,-0.305
2.392,0.926
2.38,0.225
2.306,-0.572
2.099,0.774
2.155,2.261
2.13,0.118
2.001,0.66
1.98,2.113
1.955,2.41
1.947,2.265
1.999,0.815
1.792,2.301
1.813,2.136
1.552,2.352
1.635,-0.124
1.518,0.628
1.342,0.435
1.345,-0.559
1.455,0.099
1.317,-0.954
1.406,-1.392
1.149,2.196
1.016,0.955
0.852,2.247
0.97,0.868
0.956,1.26
0.817,-1.069
0.887,1.182
0.685,-1.267
0.692,-0.179
0.575,1.604
0.693,2.488
0.634,-0.482
0.451,1.903
0.522,0.765
0.495,2.043
0.5,0.465
0.36,1.101
0.324,-1.219
0.303,0.764
0.37,-0.176
0.186,-0.222
0.285,0.857
0.237,-0.066
0.018,-0.08
-0.189,1.208
-0.103,2.437
-0.255,0.111
-0.272,-0.578
-0.212,1.112
-0.25,-0.432
-0.404,-0.26
-0.409,2.323
-0.568,0.491
-0.469,0.56
-0.623,2.562
-0.594,1.93
-0.771,1.814
-0.665,1.2
-0.87,2.356
-0.854,0.991
-0.981,-0.478
-0.986,-0.542
-1.139,0.73
-1.031,-0.678
-1.196,0.92
-1.069,-0.463
-1.126,2.398
-1.192,-0.438
-1.173,-1.113
-1.351,1.899
-1.225,0.11
-1.292,1.032
-1.314,2.232
-1.318,-1.477
-1.47,-0.122
-1.398,1.004
-1.516,1.473
-1.457,2.11
-1.644,2.082
-1.546,1.303
-1.663,-0.728
-1.672,1.029
-1.87,1.246
-1.875,0.569
-1.809,0.161
-1.826,-0.279
-1.971,2.235
-1.874,-0.284
-1.996,-1.375
-2.039,-1.272
-2.055,1.494
-2.188,1.461
-2.266,0.816
-2.251,0.52
-2.263,2.491
-2.49,1.683
-2.363,2.017
-2.705,0.928
-2.61,-0.555
-2.736,-0.664
-2.787,0.045
-2.885,-1.438
-2.943,-0.559
-3.002,0.963
-3.141,-0.658
3.117,-0.542
3.123,0.488
2.963,0.729
3.089,-0.076
3.04,1.288
2.98,-0.264
2.938,-0.141
2.823,1.415
2.655,0.162
1.79,-1.756
1.808,-1.664
1.575,-1.751
0.573,-1.924
0.503,-1.488
0.353,-1.76
-0.379,-1.67
-0.458,-1.551
-0.927,-1.997
-1.053,-1.728
-1.927,-1.645
-2.104,-1.83
-2.348,-1.862
-2.428,-1.579
-2.934,-1.853
-2.855,-1.814
-2.843,-1.783
2.959,-1.876
2.841,-1.706
2.685,-1.849
2.509,2.548
2.103,2.658
0.642,2.556
0.232,2.587
-0.007,2.56
0.125,2.671
-0.111,2.631
-0.748,2.599
-1.34,2.672
-1.216,2.642
-1.665,2.614
-2.835,2.369
2.195,1.993
0.537,-0.31
2.73,-0.694
0.021,1.161
-0.28,1.651
-0.485,-0.518
-1.167,-0.48
-1.249,0.343
-1.703,1.664
-2.166,0.676
-2.844,2.058
-2.913,1.744
-3.052,1.864
3.124,1.387
2.325,-0.43
-1.186,0.413
-2.006,0.908
-2.834,0.204
-2.945,-0.049
1.21,-1.472
-0.217,-1.417
-3.125,2.209
2.743,2.277
0.013,-0.238
-0.062,2.365
-0.153,-0.797
-0.188,2.639
-0.255,1.08
-0.277,-1.069
-0.254,1.06
-0.285,0.431
-0.383,-0.253
-0.402,0.903
-0.419,1.414
-0.466,1.529
-0.5,-0.796
-0.571,0.9
-0.62,-0.176
-0.692,0.864
-0.813,0.029
-0.804,2.616
-0.89,0.946
-0.966,2.511
-0.925,0.854
-1.011,0.221
-1.011,2.428
-0.985,2.091
-1.061,0.309
-1.141,0.589
-1.153,2.274
-1.213,2.245
-1.238,0.758
-1.175,0.258
-1.185,1.968
-1.267,1.868
-1.26,-0.27
-1.279,-1.08
-1.376,0.699
-1.324,1.681
-1.385,0.587
-1.439,0.128
-1.487,-0.703
-1.457,1.223
-1.506,-0.839
-1.511,1.504
-1.51,1.84
-1.602,-0.835
-1.553,2.46
-1.659,2.58
-1.606,1.583
-1.684,2.283
-2.03,1.007
-1.987,2.033
-2.087,2.566
-2.083,-0.208
-2.04,1.15
-2.125,-0.472
-2.163,0.636
-2.107,1.169
-2.189,1.503
-2.198,-0.289
-2.181,-0.193
-2.311,0.584
-2.415,1.08
-2.551,0.94
-2.491,2.563
-2.591,0.642
-2.594,0.846
-2.711,1.613
-2.817,1.274
-2.912,1.182
-2.973,-0.042
-2.909,-0.972
-2.919,0.77
-2.967,-0.186
-3.13,-0.152
3.088,-1.165
3.032,-1.078
2.997,1.222
3.024,0.572
3.002,1.48
2.997,2.066
2.978,1.826
3.008,1.234
2.941,-0.023
2.939,-0.152
2.996,2.66
2.992,2.029
2.908,-0.001
2.882,0.438
2.894,0.79
2.903,1.252
2.749,1.641
2.8,0.32
2.454,-1.413
2.37,-1.569
2.332,-1.402
1.876,-1.427
1.679,-1.415
1.453,-1.519
1.022,-1.463
0.898,-1.444
0.579,-1.632
0.537,-1.491
-0.387,-1.508
-0.455,-1.363
-0.779,-1.326
-1.072,-1.784
-1.245,-1.7
-1.221,-1.696
-2.226,-1.529
-2.826,-1.709
-3.083,-1.471
2.809,-1.471
2.522,2.701
2.363,2.709
2.108,2.855
2.055,2.826
1.922,2.71
0.469,2.664
0.071,2.748
-0.028,2.764
-1.134,2.879
-1.714,2.854
-2.122,2.837
-2.332,2.903
-3.04,2.633
3.03,2.867
1.958,2.395
0.636,0.262
-0.24,0.977
-1.291,-0.236
-1.654,1.961
-2.589,1.659
3.03,1.432
2.343,-1.573
-0.747,2.734
2.77,2.313
2.649,-0.995
2.669,-0.273
2.481,-0.107
2.452,-1.081
2.489,-0.149
2.437,1.082
2.425,0.381
2.351,-0.416
2.144,0.93
2.2,2.417
2.175,0.274
2.046,0.816
2.025,2.269
2.0,2.566
1.992,2.421
2.044,0.971
1.837,2.457
1.858,2.292
1.597,2.508
1.68,0.032
1.563,0.784
1.387,0.591
1.39,-0.403
1.5,0.255
1.362,-0.798
1.451,-1.236
1.194,2.352
1.061,1.111
0.897,2.403
1.015,1.024
1.001,1.416
0.862,-0.913
0.932,1.338
0.73,-1.111
0.737,-0.023
0.62,1.76
0.738,2.644
0.679,-0.326
0.496,2.059
0.567,0.921
0.54,2.199
0.545,0.621
0.405,1.257
0.369,-1.063
0.348,0.92
0.415,-0.02
0.231,-0.066
0.33,1.013
0.282,0.09
0.063,0.076
-0.144,1.364
-0.058,2.593
-0.21,0.267
-0.227,-0.422
-0.167,1.268
-0.205,-0.276
-0.359,-0.104
-0.364,2.479
-0.523,0.647
-0.424,0.716
-0.578,2.718
-0.549,2.086
-0.726,1.97
-0.62,1.356
-0.825,2.512
-0.809,1.147
-0.936,-0.322
-0.941,-0.386
-1.094,0.886
-0.986,-0.522
-1.151,1.076
-1.024,-0.307
-1.081,2.554
-1.147,-0.282
-1.128,-0.957
-1.306,2.055
-1.18,0.266
-1.247,1.188
-1.269,2.388
-1.273,-1.321
-1.425,0.034
-1.353,1.16
-1.471,1.629
-1.412,2.266
-1.599,2.238
-1.501,1.459
-1.618,-0.572
-1.627,1.185
-1.825,1.402
-1.83,0.725
-1.764,0.317
-1.781,-0.123
-1.926,2.391
-1.829,-0.128
-1.951,-1.219
-1.994,-1.116
-2.01,1.65
-2.143,1.617
-2.221,0.972
-2.206,0.676
-2.218,2.647
-2.445,1.839
-2.318,2.173
-2.66,1.084
-2.565,-0.399
-2.691,-0.508
-2.742,0.201
-2.84,-1.282
-2.898,-0.403
-2.957,1.119
-3.096,-0.502
-3.121,-0.386
-3.115,0.644
3.008,0.885
3.134,0.08
3.085,1.444
3.025,-0.108
2.983,0.015
2.868,1.571
2.7,0.318
1.835,-1.6
1.853,-1.508
1.62,-1.595
0.618,-1.768
0.548,-1.332
0.398,-1.604
-0.334,-1.514
-0.413,-1.395
-0.882,-1.841
-1.008,-1.572
-1.882,-1.489
-2.059,-1.674
-2.303,-1.706
-2.383,-1.423
-2.889,-1.697
-2.81,-1.658
-2.798,-1.627
3.004,-1.72
2.886,-1.55
2.73,-1.693
2.554,2.704
2.148,2.814
0.687,2.712
0.277,2.743
0.038,2.716
0.17,2.827
-0.066,2.787
-0.703,2.755
-1.295,2.828
-1.171,2.798
-1.62,2.77
-2.79,2.525
2.24,2.149
0.582,-0.154
2.775,-0.538
0.066,1.317
-0.235,1.807
-0.44,-0.362
-1.122,-0.324
-1.204,0.499
-1.658,1.82
-2.121,0.832
-2.799,2.214
-2.868,1.9
-3.007,2.02
-3.114,1.543
2.37,-0.274
-1.141,0.569
-1.961,1.064
-2.789,0.36
-2.9,0.107
1.255,-1.316
-0.172,-1.261
-3.08,2.365
2.788,2.433
-0.075,2.603
-0.166,-0.559
-0.201,2.877
-0.268,1.318
-0.29,-0.831
-0.267,1.298
-0.298,0.669
-0.396,-0.015
-0.415,1.141
-0.432,1.652
-0.479,1.767
-0.513,-0.558
-0.584,1.138
-0.633,0.062
-0.705,1.102
-0.826,0.267
-0.817,2.854
-0.903,1.184
-0.979,2.749
-0.938,1.092
-1.024,0.459
-1.024,2.666
-0.998,2.329
-1.074,0.547
-1.154,0.827
-1.166,2.512
-1.226,2.483
-1.251,0.996
-1.188,0.496
-1.198,2.206
-1.28,2.106
-1.273,-0.032
-1.292,-0.842
-1.389,0.937
-1.337,1.919
-1.398,0.825
-1.452,0.366
-1.5,-0.465
-1.47,1.461
-1.519,-0.601
-1.524,1.742
-1.523,2.078
-1.615,-0.597
-1.566,2.698
-1.672,2.818
-1.619,1.821
-1.697,2.521
-2.043,1.245
-2.0,2.271
-2.1,2.804
-2.096,0.03
-2.053,1.388
-2.138,-0.234
-2.176,0.874
-2.12,1.407
-2.202,1.741
-2.211,-0.051
-2.194,0.045
-2.324,0.822
-2.428,1.318
-2.564,1.178
-2.504,2.801
-2.604,0.88
-2.607,1.084
-2.724,1.851
-2.83,1.512
-2.925,1.42
-2.986,0.196
-2.922,-0.734
-2.932,1.008
-2.98,0.052
3.14,0.086
3.075,-0.927
3.019,-0.84
2.984,1.46
3.011,0.81
2.989,1.718
2.984,2.304
2.965,2.064
2.995,1.472
2.928,0.215
2.926,0.086
2.983,2.898
2.979,2.267
2.895,0.237
2.869,0.676
2.881,1.028
2.89,1.49
2.736,1.879
2.787,0.558
2.441,-1.175
2.357,-1.331
2.319,-1.164
1.863,-1.189
1.666,-1.177
1.44,-1.281
1.009,-1.225
0.885,-1.206
0.566,-1.394
0.524,-1.253
-0.4,-1.27
-0.468,-1.125
-0.792,-1.088
-1.085,-1.546
-1.258,-1.462
-1.234,-1.458
-2.239,-1.291
-2.839,-1.471
-3.096,-1.233
2.796,-1.233
2.509,2.939
2.35,2.947
2.095,3.093
2.042,3.064
1.909,2.948
0.456,2.902
0.058,2.986
-0.041,3.002
-1.147,3.117
-1.727,3.092
-2.135,3.075
-2.345,3.141
-3.053,2.871
3.017,3.105
1.945,2.633
0.623,0.5
-0.253,1.215
-1.304,0.002
-1.667,2.199
-2.602,1.897
3.017,1.67
2.33,-1.335
-0.76,2.972
2.757,2.551
2.636,-0.757
2.656,-0.035
2.468,0.131
2.439,-0.843
2.476,0.089
2.424,1.32
2.412,0.619
2.338,-0.178
2.131,1.168
2.187,2.655
2.162,0.512
2.033,1.054
2.012,2.507
1.987,2.804
1.979,2.659
2.031,1.209
1.824,2.695
1.845,2.53
1.584,2.746
1.667,0.27
1.55,1.022
1.374,0.829
1.377,-0.165
1.487,0.493
1.349,-0.56
1.438,-0.998
1.181,2.59
1.048,1.349
0.884,2.641
1.002,1.262
0.988,1.654
0.849,-0.675
0.919,1.576
0.717,-0.873
0.724,0.215
0.607,1.998
0.725,2.882
0.666,-0.088
0.483,2.297
0.554,1.159
0.527,2.437
0.532,0.859
0.392,1.495
0.356,-0.825
0.335,1.158
0.402,0.218
0.218,0.172
0.317,1.251
0.269,0.328
0.05,0.314
-0.157,1.602
-0.071,2.831
-0.223,0.505
-0.24,-0.184
-0.18,1.506
-0.218,-0.038
-0.372,0.134
-0.377,2.717
-0.536,0.885
-0.437,0.954
-0.591,2.956
-0.562,2.324
-0.739,2.208
-0.633,1.594
-0.838,2.75
-0.822,1.385
-0.949,-0.084
-0.954,-0.148
-1.107,1.124
-0.999,-0.284
-1.164,1.314
-1.037,-0.069
-1.094,2.792
-1.16,-0.044
-1.141,-0.719
-1.319,2.293
-1.193,0.504
-1.26,1.426
-1.282,2.626
-1.286,-1.083
-1.438,0.272
-1.366,1.398
-1.484,1.867
-1.425,2.504
-1.612,2.476
-1.514,1.697
-1.631,-0.334
-1.64,1.423
-1.838,1.64
-1.843,0.963
-1.777,0.555
-1.794,0.115
-1.939,2.629
-1.842,0.11
-1.964,-0.981
-2.007,-0.878
-2.023,1.888
-2.156,1.855
-2.234,1.21
-2.219,0.914
-2.231,2.885
-2.458,2.077
-2.331,2.411
-2.673,1.322
-2.578,-0.161
-2.704,-0.27
-2.755,0.439
-2.853,-1.044
-2.911,-0.165
-2.97,1.357
-3.109,-0.264
-3.134,-0.148
-3.128,0.882
2.995,1.123
3.121,0.318
3.072,1.682
3.012,0.13
2.97,0.253
2.855,1.809
2.687,0.556
1.822,-1.362
1.84,-1.27
1.607,-1.357
0.605,-1.53
0.535,-1.094
0.385,-1.366
-0.347,-1.276
-0.426,-1.157
-0.895,-1.603
-1.021,-1.334
-1.895,-1.251
-2.072,-1.436
-2.316,-1.468
-2.396,-1.185
-2.902,-1.459
-2.823,-1.42
-2.811,-1.389
2.991,-1.482
2.873,-1.312
2.717,-1.455
2.541,2.942
2.135,3.052
0.674,2.95
0.264,2.981
0.025,2.954
0.157,3.065
-0.079,3.025
-0.716,2.993
-1.308,3.066
-1.184,3.036
-1.633,3.008
-2.803,2.763
2.227,2.387
0.569,0.084
2.762,-0.3
0.053,1.555
-0.248,2.045
-0.453,-0.124
-1.135,-0.086
-1.217,0.737
-1.671,2.058
-2.134,1.07
-2.812,2.452
-2.881,2.138
-3.02,2.258
-3.127,1.781
2.357,-0.036
-1.154,0.807
-1.974,1.302
-2.802,0.598
-2.913,0.345
1.242,-1.078
-0.185,-1.023
-3.093,2.603
2.775,2.671
-0.091,-3.162
-0.126,0.274
-0.193,-1.285
-0.215,-3.434
-0.192,-1.305
-0.223,-1.934
-0.321,-2.618
-0.34,-1.462
-0.357,-0.951
-0.404,-0.836
-0.438,-3.161
-0.509,-1.465
-0.558,-2.541
-0.63,-1.501
-0.751,-2.336
-0.742,0.251
-0.828,-1.419
-0.904,0.146
-0.863,-1.511
-0.949,-2.144
-0.949,0.063
-0.923,-0.274
-0.999,-2.056
-1.079,-1.776
-1.091,-0.091
-1.151,-0.12
-1.176,-1.607
-1.113,-2.107
-1.123,-0.397
-1.205,-0.497
-1.198,-2.635
-1.217,-3.445
-1.314,-1.666
-1.262,-0.684
-1.323,-1.778
-1.377,-2.237
-1.425,-3.068
-1.395,-1.142
-1.444,-3.204
-1.449,-0.861
-1.448,-0.525
-1.54,-3.2
-1.491,0.095
-1.597,0.215
-1.544,-0.782
-1.622,-0.082
-1.968,-1.358
-1.925,-0.332
-2.025,0.201
-2.021,-2.573
-1.978,-1.215
-2.063,-2.837
-2.101,-1.729
-2.045,-1.196
-2.127,-0.862
-2.136,-2.654
-2.119,-2.558
-2.249,-1.781
-2.353,-1.285
-2.489,-1.425
-2.429,0.198
-2.529,-1.723
-2.532,-1.519
-2.649,-0.752
-2.755,-1.091
-2.85,-1.183
-2.911,-2.407
-2.847,-3.337
-2.857,-1.595
-2.905,-2.551
-3.068,-2.517
-3.133,-3.53
3.094,-3.443
3.059,-1.143
3.086,-1.793
3.064,-0.885
3.059,-0.299
3.04,-0.539
3.07,-1.131
3.003,-2.388
3.001,-2.517
3.058,0.295
3.054,-0.336
2.97,-2.366
2.944,-1.927
2.956,-1.575
2.965,-1.113
2.811,-0.724
2.862,-2.045
2.516,-3.778
2.432,-3.934
2.394,-3.767
1.938,-3.792
1.741,-3.78
1.515,-3.884
1.084,-3.828
0.96,-3.809
0.641,-3.997
0.599,-3.856
-0.325,-3.873
-0.393,-3.728
-0.717,-3.691
-1.01,-4.149
-1.183,-4.065
-1.159,-4.061
-2.164,-3.894
-2.764,-4.074
-3.021,-3.836
2.871,-3.836
2.584,0.336
2.425,0.344
2.17,0.49
2.117,0.461
1.984,0.345
0.531,0.299
0.133,0.383
0.034,0.399
-1.072,0.514
-1.652,0.489
-2.06,0.472
-2.27,0.538
-2.978,0.268
3.092,0.502
2.02,0.03
0.698,-2.103
-0.178,-1.388
-1.229,-2.601
-1.592,-0.404
-2.527,-0.706
3.092,-0.933
2.405,-3.938
-0.685,0.369
2.832,-0.052
2.711,-3.36
2.731,-2.638
2.543,-2.472
2.514,-3.446
2.551,-2.514
2.499,-1.283
2.487,-1.984
2.413,-2.781
2.206,-1.435
2.262,0.052
2.237,-2.091
2.108,-1.549
2.087,-0.096
2.062,0.201
2.054,0.056
2.106,-1.394
1.899,0.092
1.92,-0.073
1.659,0.143
1.742,-2.333
1.625,-1.581
1.449,-1.774
1.452,-2.768
1.562,-2.11
1.424,-3.163
1.513,-3.601
1.256,-0.013
1.123,-1.254
0.959,0.038
1.077,-1.341
1.063,-0.949
0.924,-3.278
0.994,-1.027
0.792,-3.476
0.799,-2.388
0.682,-0.605
0.8,0.279
0.741,-2.691
0.558,-0.306
0.629,-1.444
0.602,-0.166
0.607,-1.744
0.467,-1.108
0.431,-3.428
0.41,-1.445
0.477,-2.385
0.293,-2.431
0.392,-1.352
0.344,-2.275
0.125,-2.289
-0.082,-1.001
0.004,0.228
-0.148,-2.098
-0.165,-2.787
-0.105,-1.097
-0.143,-2.641
-0.297,-2.469
-0.302,0.114
-0.461,-1.718
-0.362,-1.649
-0.516,0.353
-0.487,-0.279
-0.664,-0.395
-0.558,-1.009
-0.763,0.147
-0.747,-1.218
-0.874,-2.687
-0.879,-2.751
-1.032,-1.479
-0.924,-2.887
-1.089,-1.289
-0.962,-2.672
-1.019,0.189
-1.085,-2.647
-1.066,-3.322
-1.244,-0.31
-1.118,-2.099
-1.185,-1.177
-1.207,0.023
-1.211,-3.686
-1.363,-2.331
-1.291,-1.205
-1.409,-0.736
-1.35,-0.099
-1.537,-0.127
-1.439,-0.906
-1.556,-2.937
-1.565,-1.18
-1.763,-0.963
-1.768,-1.64
-1.702,-2.048
-1.719,-2.488
-1.864,0.026
-1.767,-2.493
-1.889,-3.584
-1.932,-3.481
-1.948,-0.715
-2.081,-0.748
-2.159,-1.393
-2.144,-1.689
-2.156,0.282
-2.383,-0.526
-2.256,-0.192
-2.598,-1.281
-2.503,-2.764
-2.629,-2.873
-2.68,-2.164
-2.778,-3.647
-2.836,-2.768
-2.895,-1.246
-3.034,-2.867
-3.059,-2.751
-3.053,-1.721
3.07,-1.48
-3.087,-2.285
-3.136,-0.921
3.087,-2.473
3.045,-2.35
2.93,-0.794
2.762,-2.047
1.897,-3.965
1.915,-3.873
1.682,-3.96
0.68,-4.133
0.61,-3.697
0.46,-3.969
-0.272,-3.879
-0.351,-3.76
-0.82,-4.206
-0.946,-3.937
-1.82,-3.854
-1.997,-4.039
-2.241,-4.071
-2.321,-3.788
-2.827,-4.062
-2.748,-4.023
-2.736,-3.992
3.066,-4.085
2.948,-3.915
2.792,-4.058
2.616,0.339
2.21,0.449
0.749,0.347
0.339,0.378
0.1,0.351
0.232,0.462
-0.004,0.422
-0.641,0.39
-1.233,0.463
-1.109,0.433
-1.558,0.405
-2.728,0.16
2.302,-0.216
0.644,-2.519
2.837,-2.903
0.128,-1.048
-0.173,-0.558
-0.378,-2.727
-1.06,-2.689
-1.142,-1.866
-1.596,-0.545
-2.059,-1.533
-2.737,-0.151
-2.806,-0.465
-2.945,-0.345
-3.052,-0.822
2.432,-2.639
-1.079,-1.796
-1.899,-1.301
-2.727,-2.005
-2.838,-2.258
1.317,-3.681
-0.11,-3.626
-3.018,0.0
2.85,0.068
-0.035,3.436
-0.102,1.877
-0.124,-0.272
-0.101,1.857
-0.132,1.228
-0.23,0.544
-0.249,1.7
-0.266,2.211
-0.313,2.326
-0.347,0.001
-0.418,1.697
-0.467,0.621
-0.539,1.661
-0.66,0.826
-0.651,3.413
-0.737,1.743
-0.813,3.308
-0.772,1.651
-0.858,1.018
-0.858,3.225
-0.832,2.888
-0.908,1.106
-0.988,1.386
-1.0,3.071
-1.06,3.042
-1.085,1.555
-1.022,1.055
-1.032,2.765
-1.114,2.665
-1.107,0.527
-1.126,-0.283
-1.223,1.496
-1.171,2.478
-1.232,1.384
-1.286,0.925
-1.334,0.094
-1.304,2.02
-1.353,-0.042
-1.358,2.301
-1.357,2.637
-1.449,-0.038
-1.4,3.257
-1.506,3.377
-1.453,2.38
-1.531,3.08
-1.877,1.804
-1.834,2.83
-1.934,3.363
-1.93,0.589
-1.887,1.947
-1.972,0.325
-2.01,1.433
-1.954,1.966
-2.036,2.3
-2.045,0.508
-2.028,0.604
-2.158,1.381
-2.262,1.877
-2.398,1.737
-2.338,3.36
-2.438,1.439
-2.441,1.643
-2.558,2.41
-2.664,2.071
-2.759,1.979
-2.82,0.755
-2.756,-0.175
-2.766,1.567
-2.814,0.611
-2.977,0.645
-3.042,-0.368
-3.098,-0.281
-3.133,2.019
-3.106,1.369
-3.128,2.277
-3.133,2.863
3.131,2.623
-3.122,2.031
3.094,0.774
3.092,0.645
-3.134,3.457
-3.138,2.826
3.061,0.796
3.035,1.235
3.047,1.587
3.056,2.049
2.902,2.438
2.953,1.117
2.607,-0.616
2.523,-0.772
2.485,-0.605
2.029,-0.63
1.832,-0.618
1.606,-0.722
1.175,-0.666
1.051,-0.647
0.732,-0.835
0.69,-0.694
-0.234,-0.711
-0.302,-0.566
-0.626,-0.529
-0.919,-0.987
-1.092,-0.903
-1.068,-0.899
-2.073,-0.732
-2.673,-0.912
-2.93,-0.674
2.962,-0.674
2.675,3.498
2.516,3.506
2.261,3.652
2.208,3.623
2.075,3.507
0.622,3.461
0.224,3.545
0.125,3.561
-0.981,3.676
-1.561,3.651
-1.969,3.634
-2.179,3.7
-2.887,3.43
-3.1,3.664
2.111,3.192
0.789,1.059
-0.087,1.774
-1.138,0.561
-1.501,2.758
-2.436,2.456
-3.1,2.229
2.496,-0.776
-0.594,3.531
2.923,3.11
2.802,-0.198
2.822,0.524
2.634,0.69
2.605,-0.284
2.642,0.648
2.59,1.879
2.578,1.178
2.504,0.381
2.297,1.727
2.353,3.214
2.328,1.071
2.199,1.613
2.178,3.066
2.153,3.363
2.145,3.218
2.197,1.768
1.99,3.254
2.011,3.089
1.75,3.305
1.833,0.829
1.716,1.581
1.54,1.388
1.543,0.394
1.653,1.052
1.515,-0.001
1.604,-0.439
1.347,3.149
1.214,1.908
1.05,3.2
1.168,1.821
1.154,2.213
1.015,-0.116
1.085,2.135
0.883,-0.314
0.89,0.774
0.773,2.557
0.891,3.441
0.832,0.471
0.649,2.856
0.72,1.718
0.693,2.996
0.698,1.418
0.558,2.054
0.522,-0.266
0.501,1.717
0.568,0.777
0.384,0.731
0.483,1.81
0.435,0.887
0.216,0.873
0.009,2.161
0.095,3.39
-0.057,1.064
-0.074,0.375
-0.014,2.065
-0.052,0.521
-0.206,0.693
-0.211,3.276
-0.37,1.444
-0.271,1.513
-0.425,3.515
-0.396,2.883
-0.573,2.767
-0.467,2.153
-0.672,3.309
-0.656,1.944
-0.783,0.475
-0.788,0.411
-0.941,1.683
-0.833,0.275
-0.998,1.873
-0.871,0.49
-0.928,3.351
-0.994,0.515
-0.975,-0.16
-1.153,2.852
-1.027,1.063
-1.094,1.985
-1.116,3.185
-1.12,-0.524
-1.272,0.831
-1.2,1.957
-1.318,2.426
-1.259,3.063
-1.446,3.035
-1.348,2.256
-1.465,0.225
-1.474,1.982
-1.672,2.199
-1.677,1.522
-1.611,1.114
-1.628,0.674
-1.773,3.188
-1.676,0.669
-1.798,-0.422
-1.841,-0.319
-1.857,2.447
-1.99,2.414
-2.068,1.769
-2.053,1.473
-2.065,3.444
-2.292,2.636
-2.165,2.97
-2.507,1.881
-2.412,0.398
-2.538,0.289
-2.589,0.998
-2.687,-0.485
-2.745,0.394
-2.804,1.916
-2.943,0.295
-2.968,0.411
-2.962,1.441
-3.122,1.682
-2.996,0.877
-3.045,2.241
-3.105,0.689
3.136,0.812
3.021,2.368
2.853,1.115
1.988,-0.803
2.006,-0.711
1.773,-0.798
0.771,-0.971
0.701,-0.535
0.551,-0.807
-0.181,-0.717
-0.26,-0.598
-0.729,-1.044
-0.855,-0.775
-1.729,-0.692
-1.906,-0.877
-2.15,-0.909
-2.23,-0.626
-2.736,-0.9
-2.657,-0.861
-2.645,-0.83
-3.126,-0.923
3.039,-0.753
2.883,-0.896
2.707,3.501
2.301,3.611
0.84,3.509
0.43,3.54
0.191,3.513
0.323,3.624
0.087,3.584
-0.55,3.552
-1.142,3.625
-1.018,3.595
-1.467,3.567
-2.637,3.322
2.393,2.946
0.735,0.643
2.928,0.259
0.219,2.114
-0.082,2.604
-0.287,0.435
-0.969,0.473
-1.051,1.296
-1.505,2.617
-1.968,1.629
-2.646,3.011
-2.715,2.697
-2.854,2.817
-2.961,2.34
2.523,0.523
-0.988,1.366
-1.808,1.861
-2.636,1.157
-2.747,0.904
1.408,-0.519
-0.019,-0.464
-2.927,3.162
2.941,3.23
-0.067,-1.559
-0.089,-3.708
-0.066,-1.579
-0.097,-2.208
-0.195,-2.892
-0.214,-1.736
-0.231,-1.225
-0.278,-1.11
-0.312,-3.435
-0.383,-1.739
-0.432,-2.815
-0.504,-1.775
-0.625,-2.61
-0.616,-0.023
-0.702,-1.693
-0.778,-0.128
-0.737,-1.785
-0.823,-2.418
-0.823,-0.211
-0.797,-0.548
-0.873,-2.33
-0.953,-2.05
-0.965,-0.365
-1.025,-0.394
-1.05,-1.881
-0.987,-2.381
-0.997,-0.671
-1.079,-0.771
-1.072,-2.909
-1.091,-3.719
-1.188,-1.94
-1.136,-0.958
-1.197,-2.052
-1.251,-2.511
-1.299,-3.342
-1.269,-1.416
-1.318,-3.478
-1.323,-1.135
-1.322,-0.799
-1.414,-3.474
-1.365,-0.179
-1.471,-0.059
-1.418,-1.056
-1.496,-0.356
-1.842,-1.632
-1.799,-0.606
-1.899,-0.073
-1.895,-2.847
-1.852,-1.489
-1.937,-3.111
-1.975,-2.003
-1.919,-1.47
-2.001,-1.136
-2.01,-2.928
-1.993,-2.832
-2.123,-2.055
-2.227,-1.559
-2.363,-1.699
-2.303,-0.076
-2.403,-1.997
-2.406,-1.793
-2.523,-1.026
-2.629,-1.365
-2.724,-1.457
-2.785,-2.681
-2.721,-3.611
-2.731,-1.869
-2.779,-2.825
-2.942,-2.791
-3.007,-3.804
-3.063,-3.717
-3.098,-1.417
-3.071,-2.067
-3.093,-1.159
-3.098,-0.573
-3.117,-0.813
-3.087,-1.405
3.129,-2.662
3.127,-2.791
-3.099,0.021
-3.103,-0.61
3.096,-2.64
3.07,-2.201
3.082,-1.849
3.091,-1.387
2.937,-0.998
2.988,-2.319
2.642,-4.052
2.558,-4.208
2.52,-4.041
2.064,-4.066
1.867,-4.054
1.641,-4.158
1.21,-4.102
1.086,-4.083
0.767,-4.271
0.725,-4.13
-0.199,-4.147
-0.267,-4.002
-0.591,-3.965
-0.884,-4.423
-1.057,-4.339
-1.033,-4.335
-2.038,-4.168
-2.638,-4.348
-2.895,-4.11
2.997,-4.11
2.71,0.062
2.551,0.07
2.296,0.216
2.243,0.187
2.11,0.071
0.657,0.025
0.259,0.109
0.16,0.125
-0.946,0.24
-1.526,0.215
-1.934,0.198
-2.144,0.264
-2.852,-0.006
-3.065,0.228
2.146,-0.244
0.824,-2.377
-0.052,-1.662
-1.103,-2.875
-1.466,-0.678
-2.401,-0.98
-3.065,-1.207
2.531,-4.212
-0.559,0.095
2.958,-0.326
2.837,-3.634
2.857,-2.912
2.669,-2.746
2.64,-3.72
2.677,-2.788
2.625,-1.557
2.613,-2.258
2.539,-3.055
2.332,-1.709
2.388,-0.222
2.363,-2.365
2.234,-1.823
2.213,-0.37
2.188,-0.073
2.18,-0.218
2.232,-1.668
2.025,-0.182
2.046,-0.347
1.785,-0.131
1.868,-2.607
1.751,-1.855
1.575,-2.048
1.578,-3.042
1.688,-2.384
1.55,-3.437
1.639,-3.875
1.382,-0.287
1.249,-1.528
1.085,-0.236
1.203,-1.615
1.189,-1.223
1.05,-3.552
1.12,-1.301
0.918,-3.75
0.925,-2.662
0.808,-0.879
0.926,0.005
0.867,-2.965
0.684,-0.58
0.755,-1.718
0.728,-0.44
0.733,-2.018
0.593,-1.382
0.557,-3.702
0.536,-1.719
0.603,-2.659
0.419,-2.705
0.518,-1.626
0.47,-2.549
0.251,-2.563
0.044,-1.275
0.13,-0.046
-0.022,-2.372
-0.039,-3.061
0.021,-1.371
-0.017,-2.915
-0.171,-2.743
-0.176,-0.16
-0.335,-1.992
-0.236,-1.923
-0.39,0.079
-0.361,-0.553
-0.538,-0.669
-0.432,-1.283
-0.637,-0.127
-0.621,-1.492
-0.748,-2.961
-0.753,-3.025
-0.906,-1.753
-0.798,-3.161
-0.963,-1.563
-0.836,-2.946
-0.893,-0.085
-0.959,-2.921
-0.94,-3.596
-1.118,-0.584
-0.992,-2.373
-1.059,-1.451
-1.081,-0.251
-1.085,-3.96
-1.237,-2.605
-1.165,-1.479
-1.283,-1.01
-1.224,-0.373
-1.411,-0.401
-1.313,-1.18
-1.43,-3.211
-1.439,-1.454
-1.637,-1.237
-1.642,-1.914
-1.576,-2.322
-1.593,-2.762
-1.738,-0.248
-1.641,-2.767
-1.763,-3.858
-1.806,-3.755
-1.822,-0.989
-1.955,-1.022
-2.033,-1.667
-2.018,-1.963
-2.03,0.008
-2.257,-0.8
-2.13,-0.466
-2.472,-1.555
-2.377,-3.038
-2.503,-3.147
-2.554,-2.438
-2.652,-3.921
-2.71,-3.042
-2.769,-1.52
-2.908,-3.141
-2.933,-3.025
-2.927,-1.995
-3.087,-1.754
-2.961,-2.559
-3.01,-1.195
-3.07,-2.747
-3.112,-2.624
3.056,-1.068
2.888,-2.321
2.023,-4.239
2.041,-4.147
1.808,-4.234
0.806,-4.407
0.736,-3.971
0.586,-4.243
-0.146,-4.153
-0.225,-4.034
-0.694,-4.48
-0.82,-4.211
-1.694,-4.128
-1.871,-4.313
-2.115,-4.345
-2.195,-4.062
-2.701,-4.336
-2.622,-4.297
-2.61,-4.266
-3.091,-4.359
3.074,-4.189
2.918,-4.332
2.742,0.065
2.336,0.175
0.875,0.073
0.465,0.104
0.226,0.077
0.358,0.188
0.122,0.148
-0.515,0.116
-1.107,0.189
-0.983,0.159
-1.432,0.131
-2.602,-0.114
2.428,-0.49
0.77,-2.793
2.963,-3.177
0.254,-1.322
-0.047,-0.832
-0.252,-3.001
-0.934,-2.963
-1.016,-2.14
-1.47,-0.819
-1.933,-1.807
-2.611,-0.425
-2.68,-0.739
-2.819,-0.619
-2.926,-1.096
2.558,-2.913
-0.953,-2.07
-1.773,-1.575
-2.601,-2.279
-2.712,-2.532
1.443,-3.955
0.016,-3.9
-2.892,-0.274
2.976,-0.206
-0.022,-2.149
0.001,-0.02
-0.03,-0.649
-0.128,-1.333
-0.147,-0.177
-0.164,0.334
-0.211,0.449
-0.245,-1.876
-0.316,-0.18
-0.365,-1.256
-0.437,-0.216
-0.558,-1.051
-0.549,1.536
-0.635,-0.134
-0.711,1.431
-0.67,-0.226
-0.756,-0.859
-0.756,1.348
-0.73,1.011
-0.806,-0.771
-0.886,-0.491
-0.898,1.194
-0.958,1.165
-0.983,-0.322
-0.92,-0.822
-0.93,0.888
-1.012,0.788
-1.005,-1.35
-1.024,-2.16
-1.121,-0.381
-1.069,0.601
-1.13,-0.493
-1.184,-0.952
-1.232,-1.783
-1.202,0.143
-1.251,-1.919
-1.256,0.424
-1.255,0.76
-1.347,-1.915
-1.298,1.38
-1.404,1.5
-1.351,0.503
-1.429,1.203
-1.775,-0.073
-1.732,0.953
-1.832,1.486
-1.828,-1.288
-1.785,0.07
-1.87,-1.552
-1.908,-0.444
-1.852,0.089
-1.934,0.423
-1.943,-1.369
-1.926,-1.273
-2.056,-0.496
-2.16,0.0
-2.296,-0.14
-2.236,1.483
-2.336,-0.438
-2.339,-0.234
-2.456,0.533
-2.562,0.194
-2.657,0.102
-2.718,-1.122
-2.654,-2.052
-2.664,-0.31
-2.712,-1.266
-2.875,-1.232
-2.94,-2.245
-2.996,-2.158
-3.031,0.142
-3.004,-0.508
-3.026,0.4
-3.031,0.986
-3.05,0.746
-3.02,0.154
-3.087,-1.103
-3.089,-1.232
-3.032,1.58
-3.036,0.949
-3.12,-1.081
3.137,-0.642
-3.134,-0.29
-3.125,0.172
3.004,0.561
3.055,-0.76
2.709,-2.493
2.625,-2.649
2.587,-2.482
2.131,-2.507
1.934,-2.495
1.708,-2.599
1.277,-2.543
1.153,-2.524
0.834,-2.712
0.792,-2.571
-0.132,-2.588
-0.2,-2.443
-0.524,-2.406
-0.817,-2.864
-0.99,-2.78
-0.966,-2.776
-1.971,-2.609
-2.571,-2.789
-2.828,-2.551
3.064,-2.551
2.777,1.621
2.618,1.629
2.363,1.775
2.31,1.746
2.177,1.63
0.724,1.584
0.326,1.668
0.227,1.684
-0.879,1.799
-1.459,1.774
-1.867,1.757
-2.077,1.823
-2.785,1.553
-2.998,1.787
2.213,1.315
0.891,-0.818
0.015,-0.103
-1.036,-1.316
-1.399,0.881
-2.334,0.579
-2.998,0.352
2.598,-2.653
-0.492,1.654
3.025,1.233
2.904,-2.075
2.924,-1.353
2.736,-1.187
2.707,-2.161
2.744,-1.229
2.692,0.002
2.68,-0.699
2.606,-1.496
2.399,-0.15
2.455,1.337
2.43,-0.806
2.301,-0.264
2.28,1.189
2.255,1.486
2.247,1.341
2.299,-0.109
2.092,1.377
2.113,1.212
1.852,1.428
1.935,-1.048
1.818,-0.296
1.642,-0.489
1.645,-1.483
1.755,-0.825
1.617,-1.878
1.706,-2.316
1.449,1.272
1.316,0.031
1.152,1.323
1.27,-0.056
1.256,0.336
1.117,-1.993
1.187,0.258
0.985,-2.191
0.992,-1.103
0.875,0.68
0.993,1.564
0.934,-1.406
0.751,0.979
0.822,-0.159
0.795,1.119
0.8,-0.459
0.66,0.177
0.624,-2.143
0.603,-0.16
0.67,-1.1
0.486,-1.146
0.585,-0.067
0.537,-0.99
0.318,-1.004
0.111,0.284
0.197,1.513
0.045,-0.813
0.028,-1.502
0.088,0.188
0.05,-1.356
-0.104,-1.184
-0.109,1.399
-0.268,-0.433
-0.169,-0.364
-0.323,1.638
-0.294,1.006
-0.471,0.89
-0.365,0.276
-0.57,1.432
-0.554,0.067
-0.681,-1.402
-0.686,-1.466
-0.839,-0.194
-0.731,-1.602
-0.896,-0.004
-0.769,-1.387
-0.826,1.474
-0.892,-1.362
-0.873,-2.037
-1.051,0.975
-0.925,-0.814
-0.992,0.108
-1.014,1.308
-1.018,-2.401
-1.17,-1.046
-1.098,0.08
-1.216,0.549
-1.157,1.186
-1.344,1.158
-1.246,0.379
-1.363,-1.652
-1.372,0.105
-1.57,0.322
-1.575,-0.355
-1.509,-0.763
-1.526,-1.203
-1.671,1.311
-1.574,-1.208
-1.696,-2.299
-1.739,-2.196
-1.755,0.57
-1.888,0.537
-1.966,-0.108
-1.951,-0.404
-1.963,1.567
-2.19,0.759
-2.063,1.093
-2.405,0.004
-2.31,-1.479
-2.436,-1.588
-2.487,-0.879
-2.585,-2.362
-2.643,-1.483
-2.702,0.039
-2.841,-1.582
-2.866,-1.466
-2.86,-0.436
-3.02,-0.195
-2.894,-1.0
-2.943,0.364
-3.003,-1.188
-3.045,-1.065
3.123,0.491
2.955,-0.762
2.09,-2.68
2.108,-2.588
1.875,-2.675
0.873,-2.848
0.803,-2.412
0.653,-2.684
-0.079,-2.594
-0.158,-2.475
-0.627,-2.921
-0.753,-2.652
-1.627,-2.569
-1.804,-2.754
-2.048,-2.786
-2.128,-2.503
-2.634,-2.777
-2.555,-2.738
-2.543,-2.707
-3.024,-2.8
3.141,-2.63
2.985,-2.773
2.809,1.624
2.403,1.734
0.942,1.632
0.532,1.663
0.293,1.636
0.425,1.747
0.189,1.707
-0.448,1.675
-1.04,1.748
-0.916,1.718
-1.365,1.69
-2.535,1.445
2.495,1.069
0.837,-1.234
3.03,-1.618
0.321,0.237
0.02,0.727
-0.185,-1.442
-0.867,-1.404
-0.949,-0.581
-1.403,0.74
-1.866,-0.248
-2.544,1.134
-2.613,0.82
-2.752,0.94
-2.859,0.463
2.625,-1.354
-0.886,-0.511
-1.706,-0.016
-2.534,-0.72
-2.645,-0.973
1.51,-2.396
0.083,-2.341
-2.825,1.285
3.043,1.353
0.023,2.129
-0.008,1.5
-0.106,0.816
-0.125,1.972
-0.142,2.483
-0.189,2.598
-0.223,0.273
-0.294,1.969
-0.343,0.893
-0.415,1.933
-0.536,1.098
-0.527,3.685
-0.613,2.015
-0.689,3.58
-0.648,1.923
-0.734,1.29
-0.734,3.497
-0.708,3.16
-0.784,1.378
-0.864,1.658
-0.876,3.343
-0.936,3.314
-0.961,1.827
-0.898,1.327
-0.908,3.037
-0.99,2.937
-0.983,0.799
-1.002,-0.011
-1.099,1.768
-1.047,2.75
-1.108,1.656
-1.162,1.197
-1.21,0.366
-1.18,2.292
-1.229,0.23
-1.234,2.573
-1.233,2.909
-1.325,0.234
-1.276,3.529
-1.382,3.649
-1.329,2.652
-1.407,3.352
-1.753,2.076
-1.71,3.102
-1.81,3.635
-1.806,0.861
-1.763,2.219
-1.848,0.597
-1.886,1.705
-1.83,2.238
-1.912,2.572
-1.921,0.78
-1.904,0.876
-2.034,1.653
-2.138,2.149
-2.274,2.009
-2.214,3.632
-2.314,1.711
-2.317,1.915
-2.434,2.682
-2.54,2.343
-2.635,2.251
-2.696,1.027
-2.632,0.097
-2.642,1.839
-2.69,0.883
-2.853,0.917
-2.918,-0.096
-2.974,-0.009
-3.009,2.291
-2.982,1.641
-3.004,2.549
-3.009,3.135
-3.028,2.895
-2.998,2.303
-3.065,1.046
-3.067,0.917
-3.01,3.729
-3.014,3.098
-3.098,1.068
-3.124,1.507
-3.112,1.859
-3.103,2.321
3.026,2.71
3.077,1.389
2.731,-0.344
2.647,-0.5
2.609,-0.333
2.153,-0.358
1.956,-0.346
1.73,-0.45
1.299,-0.394
1.175,-0.375
0.856,-0.563
0.814,-0.422
-0.11,-0.439
-0.178,-0.294
-0.502,-0.257
-0.795,-0.715
-0.968,-0.631
-0.944,-0.627
-1.949,-0.46
-2.549,-0.64
-2.806,-0.402
3.086,-0.402
2.799,3.77
2.64,3.778
2.385,3.924
2.332,3.895
2.199,3.779
0.746,3.733
0.348,3.817
0.249,3.833
-0.857,3.948
-1.437,3.923
-1.845,3.906
-2.055,3.972
-2.763,3.702
-2.976,3.936
2.235,3.464
0.913,1.331
0.037,2.046
-1.014,0.833
-1.377,3.03
-2.312,2.728
-2.976,2.501
2.62,-0.504
-0.47,3.803
3.047,3.382
2.926,0.074
2.946,0.796
2.758,0.962
2.729,-0.012
2.766,0.92
2.714,2.151
2.702,1.45
2.628,0.653
2.421,1.999
2.477,3.486
2.452,1.343
2.323,1.885
2.302,3.338
2.277,3.635
2.269,3.49
2.321,2.04
2.114,3.526
2.135,3.361
1.874,3.577
1.957,1.101
1.84,1.853
1.664,1.66
1.667,0.666
1.777,1.324
1.639,0.271
1.728,-0.167
1.471,3.421
1.338,2.18
1.174,3.472
1.292,2.093
1.278,2.485
1.139,0.156
1.209,2.407
1.007,-0.042
1.014,1.046
0.897,2.829
1.015,3.713
0.956,0.743
0.773,3.128
0.844,1.99
0.817,3.268
0.822,1.69
0.682,2.326
0.646,0.006
0.625,1.989
0.692,1.049
0.508,1.003
0.607,2.082
0.559,1.159
0.34,1.145
0.133,2.433
0.219,3.662
0.067,1.336
0.05,0.647
0.11,2.337
0.072,0.793
-0.082,0.965
-0.087,3.548
-0.246,1.716
-0.147,1.785
-0.301,3.787
-0.272,3.155
-0.449,3.039
-0.343,2.425
-0.548,3.581
-0.532,2.216
-0.659,0.747
-0.664,0.683
-0.817,1.955
-0.709,0.547
-0.874,2.145
-0.747,0.762
-0.804,3.623
-0.87,0.787
-0.851,0.112
-1.029,3.124
-0.903,1.335
-0.97,2.257
-0.992,3.457
-0.996,-0.252
-1.148,1.103
-1.076,2.229
-1.194,2.698
-1.135,3.335
-1.322,3.307
-1.224,2.528
-1.341,0.497
-1.35,2.254
-1.548,2.471
-1.553,1.794
-1.487,1.386
-1.504,0.946
-1.649,3.46
-1.552,0.941
-1.674,-0.15
-1.717,-0.047
-1.733,2.719
-1.866,2.686
-1.944,2.041
-1.929,1.745
-1.941,3.716
-2.168,2.908
-2.041,3.242
-2.383,2.153
-2.288,0.67
-2.414,0.561
-2.465,1.27
-2.563,-0.213
-2.621,0.666
-2.68,2.188
-2.819,0.567
-2.844,0.683
-2.838,1.713
-2.998,1.954
-2.872,1.149
-2.921,2.513
-2.981,0.961
-3.023,1.084
-3.138,2.64
2.977,1.387
2.112,-0.531
2.13,-0.439
1.897,-0.526
0.895,-0.699
0.825,-0.263
0.675,-0.535
-0.057,-0.445
-0.136,-0.326
-0.605,-0.772
-0.731,-0.503
-1.605,-0.42
-1.782,-0.605
-2.026,-0.637
-2.106,-0.354
-2.612,-0.628
-2.533,-0.589
-2.521,-0.558
-3.002,-0.651
-3.12,-0.481
3.007,-0.624
2.831,3.773
2.425,3.883
0.964,3.781
0.554,3.812
0.315,3.785
0.447,3.896
0.211,3.856
-0.426,3.824
-1.018,3.897
-0.894,3.867
-1.343,3.839
-2.513,3.594
2.517,3.218
0.859,0.915
3.052,0.531
0.343,2.386
0.042,2.876
-0.163,0.707
-0.845,0.745
-0.927,1.568
-1.381,2.889
-1.844,1.901
-2.522,3.283
-2.591,2.969
-2.73,3.089
-2.837,2.612
2.647,0.795
-0.864,1.638
-1.684,2.133
-2.512,1.429
-2.623,1.176
1.532,-0.247
0.105,-0.192
-2.803,3.434
3.065,3.502
-0.031,-0.629
-0.129,-1.313
-0.148,-0.157
-0.165,0.354
-0.212,0.469
-0.246,-1.856
-0.317,-0.16
-0.366,-1.236
-0.438,-0.196
-0.559,-1.031
-0.55,1.556
-0.636,-0.114
-0.712,1.451
-0.671,-0.206
-0.757,-0.839
-0.757,1.368
-0.731,1.031
-0.807,-0.751
-0.887,-0.471
-0.899,1.214
-0.959,1.185
-0.984,-0.302
-0.921,-0.802
-0.931,0.908
-1.013,0.808
-1.006,-1.33
-1.025,-2.14
-1.122,-0.361
-1.07,0.621
-1.131,-0.473
-1.185,-0.932
-1.233,-1.763
-1.203,0.163
-1.252,-1.899
-1.257,0.444
-1.256,0.78
-1.348,-1.895
-1.299,1.4
-1.405,1.52
-1.352,0.523
-1.43,1.223
-1.776,-0.053
-1.733,0.973
-1.833,1.506
-1.829,-1.268
-1.786,0.09
-1.871,-1.532
-1.909,-0.424
-1.853,0.109
-1.935,0.443
-1.944,-1.349
-1.927,-1.253
-2.057,-0.476
-2.161,0.02
-2.297,-0.12
-2.237,1.503
-2.337,-0.418
-2.34,-0.214
-2.457,0.553
-2.563,0.214
-2.658,0.122
-2.719,-1.102
-2.655,-2.032
-2.665,-0.29
-2.713,-1.246
-2.876,-1.212
-2.941,-2.225
-2.997,-2.138
-3.032,0.162
-3.005,-0.488
-3.027,0.42
-3.032,1.006
-3.051,0.766
-3.021,0.174
-3.088,-1.083
-3.09,-1.212
-3.033,1.6
-3.037,0.969
-3.121,-1.061
3.136,-0.622
-3.135,-0.27
-3.126,0.192
3.003,0.581
3.054,-0.74
2.708,-2.473
2.624,-2.629
2.586,-2.462
2.13,-2.487
1.933,-2.475
1.707,-2.579
1.276,-2.523
1.152,-2.504
0.833,-2.692
0.791,-2.551
-0.133,-2.568
-0.201,-2.423
-0.525,-2.386
-0.818,-2.844
-0.991,-2.76
-0.967,-2.756
-1.972,-2.589
-2.572,-2.769
-2.829,-2.531
3.063,-2.531
2.776,1.641
2.617,1.649
2.362,1.795
2.309,1.766
2.176,1.65
0.723,1.604
0.325,1.688
0.226,1.704
-0.88,1.819
-1.46,1.794
-1.868,1.777
-2.078,1.843
-2.786,1.573
-2.999,1.807
2.212,1.335
0.89,-0.798
0.014,-0.083
-1.037,-1.296
-1.4,0.901
-2.335,0.599
-2.999,0.372
2.597,-2.633
-0.493,1.674
3.024,1.253
2.903,-2.055
2.923,-1.333
2.735,-1.167
2.706,-2.141
2.743,-1.209
2.691,0.022
2.679,-0.679
2.605,-1.476
2.398,-0.13
2.454,1.357
2.429,-0.786
2.3,-0.244
2.279,1.209
2.254,1.506
2.246,1.361
2.298,-0.089
2.091,1.397
2.112,1.232
1.851,1.448
1.934,-1.028
1.817,-0.276
1.641,-0.469
1.644,-1.463
1.754,-0.805
1.616,-1.858
1.705,-2.296
1.448,1.292
1.315,0.051
1.151,1.343
1.269,-0.036
1.255,0.356
1.116,-1.973
1.186,0.278
0.984,-2.171
0.991,-1.083
0.874,0.7
0.992,1.584
0.933,-1.386
0.75,0.999
0.821,-0.139
0.794,1.139
0.799,-0.439
0.659,0.197
0.623,-2.123
0.602,-0.14
0.669,-1.08
0.485,-1.126
0.584,-0.047
0.536,-0.97
0.317,-0.984
0.11,0.304
0.196,1.533
0.044,-0.793
0.027,-1.482
0.087,0.208
0.049,-1.336
-0.105,-1.164
-0.11,1.419
-0.269,-0.413
-0.17,-0.344
-0.324,1.658
-0.295,1.026
-0.472,0.91
-0.366,0.296
-0.571,1.452
-0.555,0.087
-0.682,-1.382
-0.687,-1.446
-0.84,-0.174
-0.732,-1.582
-0.897,0.016
-0.77,-1.367
-0.827,1.494
-0.893,-1.342
-0.874,-2.017
-1.052,0.995
-0.926,-0.794
-0.993,0.128
-1.015,1.328
-1.019,-2.381
-1.171,-1.026
-1.099,0.1
-1.217,0.569
-1.158,1.206
-1.345,1.178
-1.247,0.399
-1.364,-1.632
-1.373,0.125
-1.571,0.342
-1.576,-0.335
-1.51,-0.743
-1.527,-1.183
-1.672,1.331
-1.575,-1.188
-1.697,-2.279
-1.74,-2.176
-1.756,0.59
-1.889,0.557
-1.967,-0.088
-1.952,-0.384
-1.964,1.587
-2.191,0.779
-2.064,1.113
-2.406,0.024
-2.311,-1.459
-2.437,-1.568
-2.488,-0.859
-2.586,-2.342
-2.644,-1.463
-2.703,0.059
-2.842,-1.562
-2.867,-1.446
-2.861,-0.416
-3.021,-0.175
-2.895,-0.98
-2.944,0.384
-3.004,-1.168
-3.046,-1.045
3.122,0.511
2.954,-0.742
2.089,-2.66
2.107,-2.568
1.874,-2.655
0.872,-2.828
0.802,-2.392
0.652,-2.664
-0.08,-2.574
-0.159,-2.455
-0.628,-2.901
-0.754,-2.632
-1.628,-2.549
-1.805,-2.734
-2.049,-2.766
-2.129,-2.483
-2.635,-2.757
-2.556,-2.718
-2.544,-2.687
-3.025,-2.78
3.14,-2.61
2.984,-2.753
2.808,1.644
2.402,1.754
0.941,1.652
0.531,1.683
0.292,1.656
0.424,1.767
0.188,1.727
-0.449,1.695
-1.041,1.768
-0.917,1.738
-1.366,1.71
-2.536,1.465
2.494,1.089
0.836,-1.214
3.029,-1.598
0.32,0.257
0.019,0.747
-0.186,-1.422
-0.868,-1.384
-0.95,-0.561
-1.404,0.76
-1.867,-0.228
-2.545,1.154
-2.614,0.84
-2.753,0.96
-2.86,0.483
2.624,-1.334
-0.887,-0.491
-1.707,0.004
-2.535,-0.7
-2.646,-0.953
1.509,-2.376
0.082,-2.321
-2.826,1.305
3.042,1.373
-0.098,-0.684
-0.117,0.472
-0.134,0.983
-0.181,1.098
-0.215,-1.227
-0.286,0.469
-0.335,-0.607
-0.407,0.433
-0.528,-0.402
-0.519,2.185
-0.605,0.515
-0.681,2.08
-0.64,0.423
-0.726,-0.21
-0.726,1.997
-0.7,1.66
-0.776,-0.122
-0.856,0.158
-0.868,1.843
-0.928,1.814
-0.953,0.327
-0.89,-0.173
-0.9,1.537
-0.982,1.437
-0.975,-0.701
-0.994,-1.511
-1.091,0.268
-1.039,1.25
-1.1,0.156
-1.154,-0.303
-1.202,-1.134
-1.172,0.792
-1.221,-1.27
-1.226,1.073
-1.225,1.409
-1.317,-1.266
-1.268,2.029
-1.374,2.149
-1.321,1.152
-1.399,1.852
-1.745,0.576
-1.702,1.602
-1.802,2.135
-1.798,-0.639
-1.755,0.719
-1.84,-0.903
-1.878,0.205
-1.822,0.738
-1.904,1.072
-1.913,-0.72
-1.896,-0.624
-2.026,0.153
-2.13,0.649
-2.266,0.509
-2.206,2.132
-2.306,0.211
-2.309,0.415
-2.426,1.182
-2.532,0.843
-2.627,0.751
-2.688,-0.473
-2.624,-1.403
-2.634,0.339
-2.682,-0.617
-2.845,-0.583
-2.91,-1.596
-2.966,-1.509
-3.001,0.791
-2.974,0.141
-2.996,1.049
-3.001,1.635
-3.02,1.395
-2.99,0.803
-3.057,-0.454
-3.059,-0.583
-3.002,2.229
-3.006,1.598
-3.09,-0.432
-3.116,0.007
-3.104,0.359
-3.095,0.821
3.034,1.21
3.085,-0.111
2.739,-1.844
2.655,-2.0
2.617,-1.833
2.161,-1.858
1.964,-1.846
1.738,-1.95
1.307,-1.894
1.183,-1.875
0.864,-2.063
0.822,-1.922
-0.102,-1.939
-0.17,-1.794
-0.494,-1.757
-0.787,-2.215
-0.96,-2.131
-0.936,-2.127
-1.941,-1.96
-2.541,-2.14
-2.798,-1.902
3.094,-1.902
2.807,2.27
2.648,2.278
2.393,2.424
2.34,2.395
2.207,2.279
0.754,2.233
0.356,2.317
0.257,2.333
-0.849,2.448
-1.429,2.423
-1.837,2.406
-2.047,2.472
-2.755,2.202
-2.968,2.436
2.243,1.964
0.921,-0.169
0.045,0.546
-1.006,-0.667
-1.369,1.53
-2.304,1.228
-2.968,1.001
2.628,-2.004
-0.462,2.303
3.055,1.882
2.934,-1.426
2.954,-0.704
2.766,-0.538
2.737,-1.512
2.774,-0.58
2.722,0.651
2.71,-0.05
2.636,-0.847
2.429,0.499
2.485,1.986
2.46,-0.157
2.331,0.385
2.31,1.838
2.285,2.135
2.277,1.99
2.329,0.54
2.122,2.026
2.143,1.861
1.882,2.077
1.965,-0.399
1.848,0.353
1.672,0.16
1.675,-0.834
1.785,-0.176
1.647,-1.229
1.736,-1.667
1.479,1.921
1.346,0.68
1.182,1.972
1.3,0.593
1.286,0.985
1.147,-1.344
1.217,0.907
1.015,-1.542
1.022,-0.454
0.905,1.329
1.023,2.213
0.964,-0.757
0.781,1.628
0.852,0.49
0.825,1.768
0.83,0.19
0.69,0.826
0.654,-1.494
0.633,0.489
0.7,-0.451
0.516,-0.497
0.615,0.582
0.567,-0.341
0.348,-0.355
0.141,0.933
0.227,2.162
0.075,-0.164
0.058,-0.853
0.118,0.837
0.08,-0.707
-0.074,-0.535
-0.079,2.048
-0.238,0.216
-0.139,0.285
-0.293,2.287
-0.264,1.655
-0.441,1.539
-0.335,0.925
-0.54,2.081
-0.524,0.716
-0.651,-0.753
-0.656,-0.817
-0.809,0.455
-0.701,-0.953
-0.866,0.645
-0.739,-0.738
-0.796,2.123
-0.862,-0.713
-0.843,-1.388
-1.021,1.624
-0.895,-0.165
-0.962,0.757
-0.984,1.957
-0.988,-1.752
-1.14,-0.397
-1.068,0.729
-1.186,1.198
-1.127,1.835
-1.314,1.807
-1.216,1.028
-1.333,-1.003
-1.342,0.754
-1.54,0.971
-1.545,0.294
-1.479,-0.114
-1.496,-0.554
-1.641,1.96
-1.544,-0.559
-1.666,-1.65
-1.709,-1.547
-1.725,1.219
-1.858,1.186
-1.936,0.541
-1.921,0.245
-1.933,2.216
-2.16,1.408
-2.033,1.742
-2.375,0.653
-2.28,-0.83
-2.406,-0.939
-2.457,-0.23
-2.555,-1.713
-2.613,-0.834
-2.672,0.688
-2.811,-0.933
-2.836,-0.817
-2.83,0.213
-2.99,0.454
-2.864,-0.351
-2.913,1.013
-2.973,-0.539
-3.015,-0.416
-3.13,1.14
2.985,-0.113
2.12,-2.031
2.138,-1.939
1.905,-2.026
0.903,-2.199
0.833,-1.763
0.683,-2.035
-0.049,-1.945
-0.128,-1.826
-0.597,-2.272
-0.723,-2.003
-1.597,-1.92
-1.774,-2.105
-2.018,-2.137
-2.098,-1.854
-2.604,-2.128
-2.525,-2.089
-2.513,-2.058
-2.994,-2.151
-3.112,-1.981
3.015,-2.124
2.839,2.273
2.433,2.383
0.972,2.281
0.562,2.312
0.323,2.285
0.455,2.396
0.219,2.356
-0.418,2.324
-1.01,2.397
-0.886,2.367
-1.335,2.339
-2.505,2.094
2.525,1.718
0.867,-0.585
3.06,-0.969
0.351,0.886
0.05,1.376
-0.155,-0.793
-0.837,-0.755
-0.919,0.068
-1.373,1.389
-1.836,0.401
-2.514,1.783
-2.583,1.469
-2.722,1.589
-2.829,1.112
2.655,-0.705
-0.856,0.138
-1.676,0.633
-2.504,-0.071
-2.615,-0.324
1.54,-1.747
0.113,-1.692
-2.795,1.934
3.073,2.002
-0.019,1.156
-0.036,1.667
-0.083,1.782
-0.117,-0.543
-0.188,1.153
-0.237,0.077
-0.309,1.117
-0.43,0.282
-0.421,2.869
-0.507,1.199
-0.583,2.764
-0.542,1.107
-0.628,0.474
-0.628,2.681
-0.602,2.344
-0.678,0.562
-0.758,0.842
-0.77,2.527
-0.83,2.498
-0.855,1.011
-0.792,0.511
-0.802,2.221
-0.884,2.121
-0.877,-0.017
-0.896,-0.827
-0.993,0.952
-0.941,1.934
-1.002,0.84
-1.056,0.381
-1.104,-0.45
-1.074,1.476
-1.123,-0.586
-1.128,1.757
-1.127,2.093
-1.219,-0.582
-1.17,2.713
-1.276,2.833
-1.223,1.836
-1.301,2.536
-1.647,1.26
-1.604,2.286
-1.704,2.819
-1.7,0.045
-1.657,1.403
-1.742,-0.219
-1.78,0.889
-1.724,1.422
-1.806,1.756
-1.815,-0.036
-1.798,0.06
-1.928,0.837
-2.032,1.333
-2.168,1.193
-2.108,2.816
-2.208,0.895
-2.211,1.099
-2.328,1.866
-2.434,1.527
-2.529,1.435
-2.59,0.211
-2.526,-0.719
-2.536,1.023
-2.584,0.067
-2.747,0.101
-2.812,-0.912
-2.868,-0.825
-2.903,1.475
-2.876,0.825
-2.898,1.733
-2.903,2.319
-2.922,2.079
-2.892,1.487
-2.959,0.23
-2.961,0.101
-2.904,2.913
-2.908,2.282
-2.992,0.252
-3.018,0.691
-3.006,1.043
-2.997,1.505
3.132,1.894
-3.1,0.573
2.837,-1.16
2.753,-1.316
2.715,-1.149
2.259,-1.174
2.062,-1.162
1.836,-1.266
1.405,-1.21
1.281,-1.191
0.962,-1.379
0.92,-1.238
-0.004,-1.255
-0.072,-1.11
-0.396,-1.073
-0.689,-1.531
-0.862,-1.447
-0.838,-1.443
-1.843,-1.276
-2.443,-1.456
-2.7,-1.218
-3.091,-1.218
2.905,2.954
2.746,2.962
2.491,3.108
2.438,3.079
2.305,2.963
0.852,2.917
0.454,3.001
0.355,3.017
-0.751,3.132
-1.331,3.107
-1.739,3.09
-1.949,3.156
-2.657,2.886
-2.87,3.12
2.341,2.648
1.019,0.515
0.143,1.23
-0.908,0.017
-1.271,2.214
-2.206,1.912
-2.87,1.685
2.726,-1.32
-0.364,2.987
-3.13,2.566
3.032,-0.742
3.052,-0.02
2.864,0.146
2.835,-0.828
2.872,0.104
2.82,1.335
2.808,0.634
2.734,-0.163
2.527,1.183
2.583,2.67
2.558,0.527
2.429,1.069
2.408,2.522
2.383,2.819
2.375,2.674
2.427,1.224
2.22,2.71
2.241,2.545
1.98,2.761
2.063,0.285
1.946,1.037
1.77,0.844
1.773,-0.15
1.883,0.508
1.745,-0.545
1.834,-0.983
1.577,2.605
1.444,1.364
1.28,2.656
1.398,1.277
1.384,1.669
1.245,-0.66
1.315,1.591
1.113,-0.858
1.12,0.23
1.003,2.013
1.121,2.897
1.062,-0.073
0.879,2.312
0.95,1.174
0.923,2.452
0.928,0.874
0.788,1.51
0.752,-0.81
0.731,1.173
0.798,0.233
0.614,0.187
0.713,1.266
0.665,0.343
0.446,0.329
0.239,1.617
0.325,2.846
0.173,0.52
0.156,-0.169
0.216,1.521
0.178,-0.023
0.024,0.149
0.019,2.732
-0.14,0.9
-0.041,0.969
-0.195,2.971
-0.166,2.339
-0.343,2.223
-0.237,1.609
-0.442,2.765
-0.426,1.4
-0.553,-0.069
-0.558,-0.133
-0.711,1.139
-0.603,-0.269
-0.768,1.329
-0.641,-0.054
-0.698,2.807
-0.764,-0.029
-0.745,-0.704
-0.923,2.308
-0.797,0.519
-0.864,1.441
-0.886,2.641
-0.89,-1.068
-1.042,0.287
-0.97,1.413
-1.088,1.882
-1.029,2.519
-1.216,2.491
-1.118,1.712
-1.235,-0.319
-1.244,1.438
-1.442,1.655
-1.447,0.978
-1.381,0.57
-1.398,0.13
-1.543,2.644
-1.446,0.125
-1.568,-0.966
-1.611,-0.863
-1.627,1.903
-1.76,1.87
-1.838,1.225
-1.823,0.929
-1.835,2.9
-2.062,2.092
-1.935,2.426
-2.277,1.337
-2.182,-0.146
-2.308,-0.255
-2.359,0.454
-2.457,-1.029
-2.515,-0.15
-2.574,1.372
-2.713,-0.249
-2.738,-0.133
-2.732,0.897
-2.892,1.138
-2.766,0.333
-2.815,1.697
-2.875,0.145
-2.917,0.268
-3.032,1.824
3.083,0.571
2.218,-1.347
2.236,-1.255
2.003,-1.342
1.001,-1.515
0.931,-1.079
0.781,-1.351
0.049,-1.261
-0.03,-1.142
-0.499,-1.588
-0.625,-1.319
-1.499,-1.236
-1.676,-1.421
-1.92,-1.453
-2.0,-1.17
-2.506,-1.444
-2.427,-1.405
-2.415,-1.374
-2.896,-1.467
-3.014,-1.297
3.113,-1.44
2.937,2.957
2.531,3.067
1.07,2.965
0.66,2.996
0.421,2.969
0.553,3.08
0.317,3.04
-0.32,3.008
-0.912,3.081
-0.788,3.051
-1.237,3.023
-2.407,2.778
2.623,2.402
0.965,0.099
-3.125,-0.285
0.449,1.57
0.148,2.06
-0.057,-0.109
-0.739,-0.071
-0.821,0.752
-1.275,2.073
-1.738,1.085
-2.416,2.467
-2.485,2.153
-2.624,2.273
-2.731,1.796
2.753,-0.021
-0.758,0.822
-1.578,1.317
-2.406,0.613
-2.517,0.36
1.638,-1.063
0.211,-1.008
-2.697,2.618
-3.112,2.686
-0.017,0.511
-0.064,0.626
-0.098,-1.699
-0.169,-0.003
-0.218,-1.079
-0.29,-0.039
-0.411,-0.874
-0.402,1.713
-0.488,0.043
-0.564,1.608
-0.523,-0.049
-0.609,-0.682
-0.609,1.525
-0.583,1.188
-0.659,-0.594
-0.739,-0.314
-0.751,1.371
-0.811,1.342
-0.836,-0.145
-0.773,-0.645
-0.783,1.065
-0.865,0.965
-0.858,-1.173
-0.877,-1.983
-0.974,-0.204
-0.922,0.778
-0.983,-0.316
-1.037,-0.775
-1.085,-1.606
-1.055,0.32
-1.104,-1.742
-1.109,0.601
-1.108,0.937
-1.2,-1.738
-1.151,1.557
-1.257,1.677
-1.204,0.68
-1.282,1.38
-1.628,0.104
-1.585,1.13
-1.685,1.663
-1.681,-1.111
-1.638,0.247
-1.723,-1.375
-1.761,-0.267
-1.705,0.266
-1.787,0.6
-1.796,-1.192
-1.779,-1.096
-1.909,-0.319
-2.013,0.177
-2.149,0.037
-2.089,1.66
-2.189,-0.261
-2.192,-0.057
-2.309,0.71
-2.415,0.371
-2.51,0.279
-2.571,-0.945
-2.507,-1.875
-2.517,-0.133
-2.565,-1.089
-2.728,-1.055
-2.793,-2.068
-2.849,-1.981
-2.884,0.319
-2.857,-0.331
-2.879,0.577
-2.884,1.163
-2.903,0.923
-2.873,0.331
-2.94,-0.926
-2.942,-1.055
-2.885,1.757
-2.889,1.126
-2.973,-0.904
-2.999,-0.465
-2.987,-0.113
-2.978,0.349
-3.132,0.738
-3.081,-0.583
2.856,-2.316
2.772,-2.472
2.734,-2.305
2.278,-2.33
2.081,-2.318
1.855,-2.422
1.424,-2.366
1.3,-2.347
0.981,-2.535
0.939,-2.394
0.015,-2.411
-0.053,-2.266
-0.377,-2.229
-0.67,-2.687
-0.843,-2.603
-0.819,-2.599
-1.824,-2.432
-2.424,-2.612
-2.681,-2.374
-3.072,-2.374
2.924,1.798
2.765,1.806
2.51,1.952
2.457,1.923
2.324,1.807
0.871,1.761
0.473,1.845
0.374,1.861
-0.732,1.976
-1.312,1.951
-1.72,1.934
-1.93,2.0
-2.638,1.73
-2.851,1.964
2.36,1.492
1.038,-0.641
0.162,0.074
-0.889,-1.139
-1.252,1.058
-2.187,0.756
-2.851,0.529
2.745,-2.476
-0.345,1.831
-3.111,1.41
3.051,-1.898
3.071,-1.176
2.883,-1.01
2.854,-1.984
2.891,-1.052
2.839,0.179
2.827,-0.522
2.753,-1.319
2.546,0.027
2.602,1.514
2.577,-0.629
2.448,-0.087
2.427,1.366
2.402,1.663
2.394,1.518
2.446,0.068
2.239,1.554
2.26,1.389
1.999,1.605
2.082,-0.871
1.965,-0.119
1.789,-0.312
1.792,-1.306
1.902,-0.648
1.764,-1.701
1.853,-2.139
1.596,1.449
1.463,0.208
1.299,1.5
1.417,0.121
1.403,0.513
1.264,-1.816
1.334,0.435
1.132,-2.014
1.139,-0.926
1.022,0.857
1.14,1.741
1.081,-1.229
0.898,1.156
0.969,0.018
0.942,1.296
0.947,-0.282
0.807,0.354
0.771,-1.966
0.75,0.017
0.817,-0.923
0.633,-0.969
0.732,0.11
0.684,-0.813
0.465,-0.827
0.258,0.461
0.344,1.69
0.192,-0.636
0.175,-1.325
0.235,0.365
0.197,-1.179
0.043,-1.007
0.038,1.576
-0.121,-0.256
-0.022,-0.187
-0.176,1.815
-0.147,1.183
-0.324,1.067
-0.218,0.453
-0.423,1.609
-0.407,0.244
-0.534,-1.225
-0.539,-1.289
-0.692,-0.017
-0.584,-1.425
-0.749,0.173
-0.622,-1.21
-0.679,1.651
-0.745,-1.185
-0.726,-1.86
-0.904,1.152
-0.778,-0.637
-0.845,0.285
-0.867,1.485
-0.871,-2.224
-1.023,-0.869
-0.951,0.257
-1.069,0.726
-1.01,1.363
-1.197,1.335
-1.099,0.556
-1.216,-1.475
-1.225,0.282
-1.423,0.499
-1.428,-0.178
-1.362,-0.586
-1.379,-1.026
-1.524,1.488
-1.427,-1.031
-1.549,-2.122
-1.592,-2.019
-1.608,0.747
-1.741,0.714
-1.819,0.069
-1.804,-0.227
-1.816,1.744
-2.043,0.936
-1.916,1.27
-2.258,0.181
-2.163,-1.302
-2.289,-1.411
-2.34,-0.702
-2.438,-2.185
-2.496,-1.306
-2.555,0.216
-2.694,-1.405
-2.719,-1.289
-2.713,-0.259
-2.873,-0.018
-2.747,-0.823
-2.796,0.541
-2.856,-1.011
-2.898,-0.888
-3.013,0.668
3.102,-0.585
2.237,-2.503
2.255,-2.411
2.022,-2.498
1.02,-2.671
0.95,-2.235
0.8,-2.507
0.068,-2.417
-0.011,-2.298
-0.48,-2.744
-0.606,-2.475
-1.48,-2.392
-1.657,-2.577
-1.901,-2.609
-1.981,-2.326
-2.487,-2.6
-2.408,-2.561
-2.396,-2.53
-2.877,-2.623
-2.995,-2.453
3.132,-2.596
2.956,1.801
2.55,1.911
1.089,1.809
0.679,1.84
0.44,1.813
0.572,1.924
0.336,1.884
-0.301,1.852
-0.893,1.925
-0.769,1.895
-1.218,1.867
-2.388,1.622
2.642,1.246
0.984,-1.057
-3.106,-1.441
0.468,0.414
0.167,0.904
-0.038,-1.265
-0.72,-1.227
-0.802,-0.404
-1.256,0.917
-1.719,-0.071
-2.397,1.311
-2.466,0.997
-2.605,1.117
-2.712,0.64
2.772,-1.177
-0.739,-0.334
-1.559,0.161
-2.387,-0.543
-2.498,-0.796
1.657,-2.219
0.23,-2.164
-2.678,1.462
-3.093,1.53
-0.047,0.115
-0.081,-2.21
-0.152,-0.514
-0.201,-1.59
-0.273,-0.55
-0.394,-1.385
-0.385,1.202
-0.471,-0.468
-0.547,1.097
-0.506,-0.56
-0.592,-1.193
-0.592,1.014
-0.566,0.677
-0.642,-1.105
-0.722,-0.825
-0.734,0.86
-0.794,0.831
-0.819,-0.656
-0.756,-1.156
-0.766,0.554
-0.848,0.454
-0.841,-1.684
-0.86,-2.494
-0.957,-0.715
-0.905,0.267
-0.966,-0.827
-1.02,-1.286
-1.068,-2.117
-1.038,-0.191
-1.087,-2.253
-1.092,0.09
-1.091,0.426
-1.183,-2.249
-1.134,1.046
-1.24,1.166
-1.187,0.169
-1.265,0.869
-1.611,-0.407
-1.568,0.619
-1.668,1.152
-1.664,-1.622
-1.621,-0.264
-1.706,-1.886
-1.744,-0.778
-1.688,-0.245
-1.77,0.089
-1.779,-1.703
-1.762,-1.607
-1.892,-0.83
-1.996,-0.334
-2.132,-0.474
-2.072,1.149
-2.172,-0.772
-2.175,-0.568
-2.292,0.199
-2.398,-0.14
-2.493,-0.232
-2.554,-1.456
-2.49,-2.386
-2.5,-0.644
-2.548,-1.6
-2.711,-1.566
-2.776,-2.579
-2.832,-2.492
-2.867,-0.192
-2.84,-0.842
-2.862,0.066
-2.867,0.652
-2.886,0.412
-2.856,-0.18
-2.923,-1.437
-2.925,-1.566
-2.868,1.246
-2.872,0.615
-2.956,-1.415
-2.982,-0.976
-2.97,-0.624
-2.961,-0.162
-3.115,0.227
-3.064,-1.094
2.873,-2.827
2.789,-2.983
2.751,-2.816
2.295,-2.841
2.098,-2.829
1.872,-2.933
1.441,-2.877
1.317,-2.858
0.998,-3.046
0.956,-2.905
0.032,-2.922
-0.036,-2.777
-0.36,-2.74
-0.653,-3.198
-0.826,-3.114
-0.802,-3.11
-1.807,-2.943
-2.407,-3.123
-2.664,-2.885
-3.055,-2.885
2.941,1.287
2.782,1.295
2.527,1.441
2.474,1.412
2.341,1.296
0.888,1.25
0.49,1.334
0.391,1.35
-0.715,1.465
-1.295,1.44
-1.703,1.423
-1.913,1.489
-2.621,1.219
-2.834,1.453
2.377,0.981
1.055,-1.152
0.179,-0.437
-0.872,-1.65
-1.235,0.547
-2.17,0.245
-2.834,0.018
2.762,-2.987
-0.328,1.32
-3.094,0.899
3.068,-2.409
3.088,-1.687
2.9,-1.521
2.871,-2.495
2.908,-1.563
2.856,-0.332
2.844,-1.033
2.77,-1.83
2.563,-0.484
2.619,1.003
2.594,-1.14
2.465,-0.598
2.444,0.855
2.419,1.152
2.411,1.007
2.463,-0.443
2.256,1.043
2.277,0.878
2.016,1.094
2.099,-1.382
1.982,-0.63
1.806,-0.823
1.809,-1.817
1.919,-1.159
1.781,-2.212
1.87,-2.65
1.613,0.938
1.48,-0.303
1.316,0.989
1.434,-0.39
1.42,0.002
1.281,-2.327
1.351,-0.076
1.149,-2.525
1.156,-1.437
1.039,0.346
1.157,1.23
1.098,-1.74
0.915,0.645
0.986,-0.493
0.959,0.785
0.964,-0.793
0.824,-0.157
0.788,-2.477
0.767,-0.494
0.834,-1.434
0.65,-1.48
0.749,-0.401
0.701,-1.324
0.482,-1.338
0.275,-0.05
0.361,1.179
0.209,-1.147
0.192,-1.836
0.252,-0.146
0.214,-1.69
0.06,-1.518
0.055,1.065
-0.104,-0.767
-0.005,-0.698
-0.159,1.304
-0.13,0.672
-0.307,0.556
-0.201,-0.058
-0.406,1.098
-0.39,-0.267
-0.517,-1.736
-0.522,-1.8
-0.675,-0.528
-0.567,-1.936
-0.732,-0.338
-0.605,-1.721
-0.662,1.14
-0.728,-1.696
-0.709,-2.371
-0.887,0.641
-0.761,-1.148
-0.828,-0.226
-0.85,0.974
-0.854,-2.735
-1.006,-1.38
-0.934,-0.254
-1.052,0.215
-0.993,0.852
-1.18,0.824
-1.082,0.045
-1.199,-1.986
-1.208,-0.229
-1.406,-0.012
-1.411,-0.689
-1.345,-1.097
-1.362,-1.537
-1.507,0.977
-1.41,-1.542
-1.532,-2.633
-1.575,-2.53
-1.591,0.236
-1.724,0.203
-1.802,-0.442
-1.787,-0.738
-1.799,1.233
-2.026,0.425
-1.899,0.759
-2.241,-0.33
-2.146,-1.813
-2.272,-1.922
-2.323,-1.213
-2.421,-2.696
-2.479,-1.817
-2.538,-0.295
-2.677,-1.916
-2.702,-1.8
-2.696,-0.77
-2.856,-0.529
-2.73,-1.334
-2.779,0.03
-2.839,-1.522
-2.881,-1.399
-2.996,0.157
3.119,-1.096
2.254,-3.014
2.272,-2.922
2.039,-3.009
1.037,-3.182
0.967,-2.746
0.817,-3.018
0.085,-2.928
0.006,-2.809
-0.463,-3.255
-0.589,-2.986
-1.463,-2.903
-1.64,-3.088
-1.884,-3.12
-1.964,-2.837
-2.47,-3.111
-2.391,-3.072
-2.379,-3.041
-2.86,-3.134
-2.978,-2.964
-3.134,-3.107
2.973,1.29
2.567,1.4
1.106,1.298
0.696,1.329
0.457,1.302
0.589,1.413
0.353,1.373
-0.284,1.341
-0.876,1.414
-0.752,1.384
-1.201,1.356
-2.371,1.111
2.659,0.735
1.001,-1.568
-3.089,-1.952
0.485,-0.097
0.184,0.393
-0.021,-1.776
-0.703,-1.738
-0.785,-0.915
-1.239,0.406
-1.702,-0.582
-2.38,0.8
-2.449,0.486
-2.588,0.606
-2.695,0.129
2.789,-1.688
-0.722,-0.845
-1.542,-0.35
-2.37,-1.054
-2.481,-1.307
1.674,-2.73
0.247,-2.675
-2.661,0.951
-3.076,1.019
-0.034,-2.325
-0.105,-0.629
-0.154,-1.705
-0.226,-0.665
-0.347,-1.5
-0.338,1.087
-0.424,-0.583
-0.5,0.982
-0.459,-0.675
-0.545,-1.308
-0.545,0.899
-0.519,0.562
-0.595,-1.22
-0.675,-0.94
-0.687,0.745
-0.747,0.716
-0.772,-0.771
-0.709,-1.271
-0.719,0.439
-0.801,0.339
-0.794,-1.799
-0.813,-2.609
-0.91,-0.83
-0.858,0.152
-0.919,-0.942
-0.973,-1.401
-1.021,-2.232
-0.991,-0.306
-1.04,-2.368
-1.045,-0.025
-1.044,0.311
-1.136,-2.364
-1.087,0.931
-1.193,1.051
-1.14,0.054
-1.218,0.754
-1.564,-0.522
-1.521,0.504
-1.621,1.037
-1.617,-1.737
-1.574,-0.379
-1.659,-2.001
-1.697,-0.893
-1.641,-0.36
-1.723,-0.026
-1.732,-1.818
-1.715,-1.722
-1.845,-0.945
-1.949,-0.449
-2.085,-0.589
-2.025,1.034
-2.125,-0.887
-2.128,-0.683
-2.245,0.084
-2.351,-0.255
-2.446,-0.347
-2.507,-1.571
-2.443,-2.501
-2.453,-0.759
-2.501,-1.715
-2.664,-1.681
-2.729,-2.694
-2.785,-2.607
-2.82,-0.307
-2.793,-0.957
-2.815,-0.049
-2.82,0.537
-2.839,0.297
-2.809,-0.295
-2.876,-1.552
-2.878,-1.681
-2.821,1.131
-2.825,0.5
-2.909,-1.53
-2.935,-1.091
-2.923,-0.739
-2.914,-0.277
-3.068,0.112
-3.017,-1.209
2.92,-2.942
2.836,-3.098
2.798,-2.931
2.342,-2.956
2.145,-2.944
1.919,-3.048
1.488,-2.992
1.364,-2.973
1.045,-3.161
1.003,-3.02
0.079,-3.037
0.011,-2.892
-0.313,-2.855
-0.606,-3.313
-0.779,-3.229
-0.755,-3.225
-1.76,-3.058
-2.36,-3.238
-2.617,-3.0
-3.008,-3.0
2.988,1.172
2.829,1.18
2.574,1.326
2.521,1.297
2.388,1.181
0.935,1.135
0.537,1.219
0.438,1.235
-0.668,1.35
-1.248,1.325
-1.656,1.308
-1.866,1.374
-2.574,1.104
-2.787,1.338
2.424,0.866
1.102,-1.267
0.226,-0.552
-0.825,-1.765
-1.188,0.432
-2.123,0.13
-2.787,-0.097
2.809,-3.102
-0.281,1.205
-3.047,0.784
3.115,-2.524
3.135,-1.802
2.947,-1.636
2.918,-2.61
2.955,-1.678
2.903,-0.447
2.891,-1.148
2.817,-1.945
2.61,-0.599
2.666,0.888
2.641,-1.255
2.512,-0.713
2.491,0.74
2.466,1.037
2.458,0.892
2.51,-0.558
2.303,0.928
2.324,0.763
2.063,0.979
2.146,-1.497
2.029,-0.745
1.853,-0.938
1.856,-1.932
1.966,-1.274
1.828,-2.327
1.917,-2.765
1.66,0.823
1.527,-0.418
1.363,0.874
1.481,-0.505
1.467,-0.113
1.328,-2.442
1.398,-0.191
1.196,-2.64
1.203,-1.552
1.086,0.231
1.204,1.115
1.145,-1.855
0.962,0.53
1.033,-0.608
1.006,0.67
1.011,-0.908
0.871,-0.272
0.835,-2.592
0.814,-0.609
0.881,-1.549
0.697,-1.595
0.796,-0.516
0.748,-1.439
0.529,-1.453
0.322,-0.165
0.408,1.064
0.256,-1.262
0.239,-1.951
0.299,-0.261
0.261,-1.805
0.107,-1.633
0.102,0.95
-0.057,-0.882
0.042,-0.813
-0.112,1.189
-0.083,0.557
-0.26,0.441
-0.154,-0.173
-0.359,0.983
-0.343,-0.382
-0.47,-1.851
-0.475,-1.915
-0.628,-0.643
-0.52,-2.051
-0.685,-0.453
-0.558,-1.836
-0.615,1.025
-0.681,-1.811
-0.662,-2.486
-0.84,0.526
-0.714,-1.263
-0.781,-0.341
-0.803,0.859
-0.807,-2.85
-0.959,-1.495
-0.887,-0.369
-1.005,0.1
-0.946,0.737
-1.133,0.709
-1.035,-0.07
-1.152,-2.101
-1.161,-0.344
-1.359,-0.127
-1.364,-0.804
-1.298,-1.212
-1.315,-1.652
-1.46,0.862
-1.363,-1.657
-1.485,-2.748
-1.528,-2.645
-1.544,0.121
-1.677,0.088
-1.755,-0.557
-1.74,-0.853
-1.752,1.118
-1.979,0.31
-1.852,0.644
-2.194,-0.445
-2.099,-1.928
-2.225,-2.037
-2.276,-1.328
-2.374,-2.811
-2.432,-1.932
-2.491,-0.41
-2.63,-2.031
-2.655,-1.915
-2.649,-0.885
-2.809,-0.644
-2.683,-1.449
-2.732,-0.085
-2.792,-1.637
-2.834,-1.514
-2.949,0.042
-3.117,-1.211
2.301,-3.129
2.319,-3.037
2.086,-3.124
1.084,-3.297
1.014,-2.861
0.864,-3.133
0.132,-3.043
0.053,-2.924
-0.416,-3.37
-0.542,-3.101
-1.416,-3.018
-1.593,-3.203
-1.837,-3.235
-1.917,-2.952
-2.423,-3.226
-2.344,-3.187
-2.332,-3.156
-2.813,-3.249
-2.931,-3.079
-3.087,-3.222
3.02,1.175
2.614,1.285
1.153,1.183
0.743,1.214
0.504,1.187
0.636,1.298
0.4,1.258
-0.237,1.226
-0.829,1.299
-0.705,1.269
-1.154,1.241
-2.324,0.996
2.706,0.62
1.048,-1.683
-3.042,-2.067
0.532,-0.212
0.231,0.278
0.026,-1.891
-0.656,-1.853
-0.738,-1.03
-1.192,0.291
-1.655,-0.697
-2.333,0.685
-2.402,0.371
-2.541,0.491
-2.648,0.014
2.836,-1.803
-0.675,-0.96
-1.495,-0.465
-2.323,-1.169
-2.434,-1.422
1.721,-2.845
0.294,-2.79
-2.614,0.836
-3.029,0.904
-0.071,1.696
-0.12,0.62
-0.192,1.66
-0.313,0.825
-0.304,3.412
-0.39,1.742
-0.466,3.307
-0.425,1.65
-0.511,1.017
-0.511,3.224
-0.485,2.887
-0.561,1.105
-0.641,1.385
-0.653,3.07
-0.713,3.041
-0.738,1.554
-0.675,1.054
-0.685,2.764
-0.767,2.664
-0.76,0.526
-0.779,-0.284
-0.876,1.495
-0.824,2.477
-0.885,1.383
-0.939,0.924
-0.987,0.093
-0.957,2.019
-1.006,-0.043
-1.011,2.3
-1.01,2.636
-1.102,-0.039
-1.053,3.256
-1.159,3.376
-1.106,2.379
-1.184,3.079
-1.53,1.803
-1.487,2.829
-1.587,3.362
-1.583,0.588
-1.54,1.946
-1.625,0.324
-1.663,1.432
-1.607,1.965
-1.689,2.299
-1.698,0.507
-1.681,0.603
-1.811,1.38
-1.915,1.876
-2.051,1.736
-1.991,3.359
-2.091,1.438
-2.094,1.642
-2.211,2.409
-2.317,2.07
-2.412,1.978
-2.473,0.754
-2.409,-0.176
-2.419,1.566
-2.467,0.61
-2.63,0.644
-2.695,-0.369
-2.751,-0.282
-2.786,2.018
-2.759,1.368
-2.781,2.276
-2.786,2.862
-2.805,2.622
-2.775,2.03
-2.842,0.773
-2.844,0.644
-2.787,3.456
-2.791,2.825
-2.875,0.795
-2.901,1.234
-2.889,1.586
-2.88,2.048
-3.034,2.437
-2.983,1.116
2.954,-0.617
2.87,-0.773
2.832,-0.606
2.376,-0.631
2.179,-0.619
1.953,-0.723
1.522,-0.667
1.398,-0.648
1.079,-0.836
1.037,-0.695
0.113,-0.712
0.045,-0.567
-0.279,-0.53
-0.572,-0.988
-0.745,-0.904
-0.721,-0.9
-1.726,-0.733
-2.326,-0.913
-2.583,-0.675
-2.974,-0.675
3.022,3.497
2.863,3.505
2.608,3.651
2.555,3.622
2.422,3.506
0.969,3.46
0.571,3.544
0.472,3.56
-0.634,3.675
-1.214,3.65
-1.622,3.633
-1.832,3.699
-2.54,3.429
-2.753,3.663
2.458,3.191
1.136,1.058
0.26,1.773
-0.791,0.56
-1.154,2.757
-2.089,2.455
-2.753,2.228
2.843,-0.777
-0.247,3.53
-3.013,3.109
-3.134,-0.199
-3.114,0.523
2.981,0.689
2.952,-0.285
2.989,0.647
2.937,1.878
2.925,1.177
2.851,0.38
2.644,1.726
2.7,3.213
2.675,1.07
2.546,1.612
2.525,3.065
2.5,3.362
2.492,3.217
2.544,1.767
2.337,3.253
2.358,3.088
2.097,3.304
2.18,0.828
2.063,1.58
1.887,1.387
1.89,0.393
2.0,1.051
1.862,-0.002
1.951,-0.44
1.694,3.148
1.561,1.907
1.397,3.199
1.515,1.82
1.501,2.212
1.362,-0.117
1.432,2.134
1.23,-0.315
1.237,0.773
1.12,2.556
1.238,3.44
1.179,0.47
0.996,2.855
1.067,1.717
1.04,2.995
1.045,1.417
0.905,2.053
0.869,-0.267
0.848,1.716
0.915,0.776
0.731,0.73
0.83,1.809
0.782,0.886
0.563,0.872
0.356,2.16
0.442,3.389
0.29,1.063
0.273,0.374
0.333,2.064
0.295,0.52
0.141,0.692
0.136,3.275
-0.023,1.443
0.076,1.512
-0.078,3.514
-0.049,2.882
-0.226,2.766
-0.12,2.152
-0.325,3.308
-0.309,1.943
-0.436,0.474
-0.441,0.41
-0.594,1.682
-0.486,0.274
-0.651,1.872
-0.524,0.489
-0.581,3.35
-0.647,0.514
-0.628,-0.161
-0.806,2.851
-0.68,1.062
-0.747,1.984
-0.769,3.184
-0.773,-0.525
-0.925,0.83
-0.853,1.956
-0.971,2.425
-0.912,3.062
-1.099,3.034
-1.001,2.255
-1.118,0.224
-1.127,1.981
-1.325,2.198
-1.33,1.521
-1.264,1.113
-1.281,0.673
-1.426,3.187
-1.329,0.668
-1.451,-0.423
-1.494,-0.32
-1.51,2.446
-1.643,2.413
-1.721,1.768
-1.706,1.472
-1.718,3.443
-1.945,2.635
-1.818,2.969
-2.16,1.88
-2.065,0.397
-2.191,0.288
-2.242,0.997
-2.34,-0.486
-2.398,0.393
-2.457,1.915
-2.596,0.294
-2.621,0.41
-2.615,1.44
-2.775,1.681
-2.649,0.876
-2.698,2.24
-2.758,0.688
-2.8,0.811
-2.915,2.367
-3.083,1.114
2.335,-0.804
2.353,-0.712
2.12,-0.799
1.118,-0.972
1.048,-0.536
0.898,-0.808
0.166,-0.718
0.087,-0.599
-0.382,-1.045
-0.508,-0.776
-1.382,-0.693
-1.559,-0.878
-1.803,-0.91
-1.883,-0.627
-2.389,-0.901
-2.31,-0.862
-2.298,-0.831
-2.779,-0.924
-2.897,-0.754
-3.053,-0.897
3.054,3.5
2.648,3.61
1.187,3.508
0.777,3.539
0.538,3.512
0.67,3.623
0.434,3.583
-0.203,3.551
-0.795,3.624
-0.671,3.594
-1.12,3.566
-2.29,3.321
2.74,2.945
1.082,0.642
-3.008,0.258
0.566,2.113
0.265,2.603
0.06,0.434
-0.622,0.472
-0.704,1.295
-1.158,2.616
-1.621,1.628
-2.299,3.01
-2.368,2.696
-2.507,2.816
-2.614,2.339
2.87,0.522
-0.641,1.365
-1.461,1.86
-2.289,1.156
-2.4,0.903
1.755,-0.52
0.328,-0.465
-2.58,3.161
-2.995,3.229
-0.049,-1.076
-0.121,-0.036
-0.242,-0.871
-0.233,1.716
-0.319,0.046
-0.395,1.611
-0.354,-0.046
-0.44,-0.679
-0.44,1.528
-0.414,1.191
-0.49,-0.591
-0.57,-0.311
-0.582,1.374
-0.642,1.345
-0.667,-0.142
-0.604,-0.642
-0.614,1.068
-0.696,0.968
-0.689,-1.17
-0.708,-1.98
-0.805,-0.201
-0.753,0.781
-0.814,-0.313
-0.868,-0.772
-0.916,-1.603
-0.886,0.323
-0.935,-1.739
-0.94,0.604
-0.939,0.94
-1.031,-1.735
-0.982,1.56
-1.088,1.68
-1.035,0.683
-1.113,1.383
-1.459,0.107
-1.416,1.133
-1.516,1.666
-1.512,-1.108
-1.469,0.25
-1.554,-1.372
-1.592,-0.264
-1.536,0.269
-1.618,0.603
-1.627,-1.189
-1.61,-1.093
-1.74,-0.316
-1.844,0.18
-1.98,0.04
-1.92,1.663
-2.02,-0.258
-2.023,-0.054
-2.14,0.713
-2.246,0.374
-2.341,0.282
-2.402,-0.942
-2.338,-1.872
-2.348,-0.13
-2.396,-1.086
-2.559,-1.052
-2.624,-2.065
-2.68,-1.978
-2.715,0.322
-2.688,-0.328
-2.71,0.58
-2.715,1.166
-2.734,0.926
-2.704,0.334
-2.771,-0.923
-2.773,-1.052
-2.716,1.76
-2.72,1.129
-2.804,-0.901
-2.83,-0.462
-2.818,-0.11
-2.809,0.352
-2.963,0.741
-2.912,-0.58
3.025,-2.313
2.941,-2.469
2.903,-2.302
2.447,-2.327
2.25,-2.315
2.024,-2.419
1.593,-2.363
1.469,-2.344
1.15,-2.532
1.108,-2.391
0.184,-2.408
0.116,-2.263
-0.208,-2.226
-0.501,-2.684
-0.674,-2.6
-0.65,-2.596
-1.655,-2.429
-2.255,-2.609
-2.512,-2.371
-2.903,-2.371
3.093,1.801
2.934,1.809
2.679,1.955
2.626,1.926
2.493,1.81
1.04,1.764
0.642,1.848
0.543,1.864
-0.563,1.979
-1.143,1.954
-1.551,1.937
-1.761,2.003
-2.469,1.733
-2.682,1.967
2.529,1.495
1.207,-0.638
0.331,0.077
-0.72,-1.136
-1.083,1.061
-2.018,0.759
-2.682,0.532
2.914,-2.473
-0.176,1.834
-2.942,1.413
-3.063,-1.895
-3.043,-1.173
3.052,-1.007
3.023,-1.981
3.06,-1.049
3.008,0.182
2.996,-0.519
2.922,-1.316
2.715,0.03
2.771,1.517
2.746,-0.626
2.617,-0.084
2.596,1.369
2.571,1.666
2.563,1.521
2.615,0.071
2.408,1.557
2.429,1.392
2.168,1.608
2.251,-0.868
2.134,-0.116
1.958,-0.309
1.961,-1.303
2.071,-0.645
1.933,-1.698
2.022,-2.136
1.765,1.452
1.632,0.211
1.468,1.503
1.586,0.124
1.572,0.516
1.433,-1.813
1.503,0.438
1.301,-2.011
1.308,-0.923
1.191,0.86
1.309,1.744
1.25,-1.226
1.067,1.159
1.138,0.021
1.111,1.299
1.116,-0.279
0.976,0.357
0.94,-1.963
0.919,0.02
0.986,-0.92
0.802,-0.966
0.901,0.113
0.853,-0.81
0.634,-0.824
0.427,0.464
0.513,1.693
0.361,-0.633
0.344,-1.322
0.404,0.368
0.366,-1.176
0.212,-1.004
0.207,1.579
0.048,-0.253
0.147,-0.184
-0.007,1.818
0.022,1.186
-0.155,1.07
-0.049,0.456
-0.254,1.612
-0.238,0.247
-0.365,-1.222
-0.37,-1.286
-0.523,-0.014
-0.415,-1.422
-0.58,0.176
-0.453,-1.207
-0.51,1.654
-0.576,-1.182
-0.557,-1.857
-0.735,1.155
-0.609,-0.634
-0.676,0.288
-0.698,1.488
-0.702,-2.221
-0.854,-0.866
-0.782,0.26
-0.9,0.729
-0.841,1.366
-1.028,1.338
-0.93,0.559
-1.047,-1.472
-1.056,0.285
-1.254,0.502
-1.259,-0.175
-1.193,-0.583
-1.21,-1.023
-1.355,1.491
-1.258,-1.028
-1.38,-2.119
-1.423,-2.016
-1.439,0.75
-1.572,0.717
-1.65,0.072
-1.635,-0.224
-1.647,1.747
-1.874,0.939
-1.747,1.273
-2.089,0.184
-1.994,-1.299
-2.12,-1.408
-2.171,-0.699
-2.269,-2.182
-2.327,-1.303
-2.386,0.219
-2.525,-1.402
-2.55,-1.286
-2.544,-0.256
-2.704,-0.015
-2.578,-0.82
-2.627,0.544
-2.687,-1.008
-2.729,-0.885
-2.844,0.671
-3.012,-0.582
2.406,-2.5
2.424,-2.408
2.191,-2.495
1.189,-2.668
1.119,-2.232
0.969,-2.504
0.237,-2.414
0.158,-2.295
-0.311,-2.741
-0.437,-2.472
-1.311,-2.389
-1.488,-2.574
-1.732,-2.606
-1.812,-2.323
-2.318,-2.597
-2.239,-2.558
-2.227,-2.527
-2.708,-2.62
-2.826,-2.45
-2.982,-2.593
3.125,1.804
2.719,1.914
1.258,1.812
0.848,1.843
0.609,1.816
0.741,1.927
0.505,1.887
-0.132,1.855
-0.724,1.928
-0.6,1.898
-1.049,1.87
-2.219,1.625
2.811,1.249
1.153,-1.054
-2.937,-1.438
0.637,0.417
0.336,0.907
0.131,-1.262
-0.551,-1.224
-0.633,-0.401
-1.087,0.92
-1.55,-0.068
-2.228,1.314
-2.297,1.0
-2.436,1.12
-2.543,0.643
2.941,-1.174
-0.57,-0.331
-1.39,0.164
-2.218,-0.54
-2.329,-0.793
1.826,-2.216
0.399,-2.161
-2.509,1.465
-2.924,1.533
-0.072,1.04
-0.193,0.205
-0.184,2.792
-0.27,1.122
-0.346,2.687
-0.305,1.03
-0.391,0.397
-0.391,2.604
-0.365,2.267
-0.441,0.485
-0.521,0.765
-0.533,2.45
-0.593,2.421
-0.618,0.934
-0.555,0.434
-0.565,2.144
-0.647,2.044
-0.64,-0.094
-0.659,-0.904
-0.756,0.875
-0.704,1.857
-0.765,0.763
-0.819,0.304
-0.867,-0.527
-0.837,1.399
-0.886,-0.663
-0.891,1.68
-0.89,2.016
-0.982,-0.659
-0.933,2.636
-1.039,2.756
-0.986,1.759
-1.064,2.459
-1.41,1.183
-1.367,2.209
-1.467,2.742
-1.463,-0.032
-1.42,1.326
-1.505,-0.296
-1.543,0.812
-1.487,1.345
-1.569,1.679
-1.578,-0.113
-1.561,-0.017
-1.691,0.76
-1.795,1.256
-1.931,1.116
-1.871,2.739
-1.971,0.818
-1.974,1.022
-2.091,1.789
-2.197,1.45
-2.292,1.358
-2.353,0.134
-2.289,-0.796
-2.299,0.946
-2.347,-0.01
-2.51,0.024
-2.575,-0.989
-2.631,-0.902
-2.666,1.398
-2.639,0.748
-2.661,1.656
-2.666,2.242
-2.685,2.002
-2.655,1.41
-2.722,0.153
-2.724,0.024
-2.667,2.836
-2.671,2.205
-2.755,0.175
-2.781,0.614
-2.769,0.966
-2.76,1.428
-2.914,1.817
-2.863,0.496
3.074,-1.237
2.99,-1.393
2.952,-1.226
2.496,-1.251
2.299,-1.239
2.073,-1.343
1.642,-1.287
1.518,-1.268
1.199,-1.456
1.157,-1.315
0.233,-1.332
0.165,-1.187
-0.159,-1.15
-0.452,-1.608
-0.625,-1.524
-0.601,-1.52
-1.606,-1.353
-2.206,-1.533
-2.463,-1.295
-2.854,-1.295
-3.141,2.877
2.983,2.885
2.728,3.031
2.675,3.002
2.542,2.886
1.089,2.84
0.691,2.924
0.592,2.94
-0.514,3.055
-1.094,3.03
-1.502,3.013
-1.712,3.079
-2.42,2.809
-2.633,3.043
2.578,2.571
1.256,0.438
0.38,1.153
-0.671,-0.06
-1.034,2.137
-1.969,1.835
-2.633,1.608
2.963,-1.397
-0.127,2.91
-2.893,2.489
-3.014,-0.819
-2.994,-0.097
3.101,0.069
3.072,-0.905
3.109,0.027
3.057,1.258
3.045,0.557
2.971,-0.24
2.764,1.106
2.82,2.593
2.795,0.45
2.666,0.992
2.645,2.445
2.62,2.742
2.612,2.597
2.664,1.147
2.457,2.633
2.478,2.468
2.217,2.684
2.3,0.208
2.183,0.96
2.007,0.767
2.01,-0.227
2.12,0.431
1.982,-0.622
2.071,-1.06
1.814,2.528
1.681,1.287
1.517,2.579
1.635,1.2
1.621,1.592
1.482,-0.737
1.552,1.514
1.35,-0.935
1.357,0.153
1.24,1.936
1.358,2.82
1.299,-0.15
1.116,2.235
1.187,1.097
1.16,2.375
1.165,0.797
1.025,1.433
0.989,-0.887
0.968,1.096
1.035,0.156
0.851,0.11
0.95,1.189
0.902,0.266
0.683,0.252
0.476,1.54
0.562,2.769
0.41,0.443
0.393,-0.246
0.453,1.444
0.415,-0.1
0.261,0.072
0.256,2.655
0.097,0.823
0.196,0.892
0.042,2.894
0.071,2.262
-0.106,2.146
0.0,1.532
-0.205,2.688
-0.189,1.323
-0.316,-0.146
-0.321,-0.21
-0.474,1.062
-0.366,-0.346
-0.531,1.252
-0.404,-0.131
-0.461,2.73
-0.527,-0.106
-0.508,-0.781
-0.686,2.231
-0.56,0.442
-0.627,1.364
-0.649,2.564
-0.653,-1.145
-0.805,0.21
-0.733,1.336
-0.851,1.805
-0.792,2.442
-0.979,2.414
-0.881,1.635
-0.998,-0.396
-1.007,1.361
-1.205,1.578
-1.21,0.901
-1.144,0.493
-1.161,0.053
-1.306,2.567
-1.209,0.048
-1.331,-1.043
-1.374,-0.94
-1.39,1.826
-1.523,1.793
-1.601,1.148
-1.586,0.852
-1.598,2.823
-1.825,2.015
-1.698,2.349
-2.04,1.26
-1.945,-0.223
-2.071,-0.332
-2.122,0.377
-2.22,-1.106
-2.278,-0.227
-2.337,1.295
-2.476,-0.326
-2.501,-0.21
-2.495,0.82
-2.655,1.061
-2.529,0.256
-2.578,1.62
-2.638,0.068
-2.68,0.191
-2.795,1.747
-2.963,0.494
2.455,-1.424
2.473,-1.332
2.24,-1.419
1.238,-1.592
1.168,-1.156
1.018,-1.428
0.286,-1.338
0.207,-1.219
-0.262,-1.665
-0.388,-1.396
-1.262,-1.313
-1.439,-1.498
-1.683,-1.53
-1.763,-1.247
-2.269,-1.521
-2.19,-1.482
-2.178,-1.451
-2.659,-1.544
-2.777,-1.374
-2.933,-1.517
-3.109,2.88
2.768,2.99
1.307,2.888
0.897,2.919
0.658,2.892
0.79,3.003
0.554,2.963
-0.083,2.931
-0.675,3.004
-0.551,2.974
-1.0,2.946
-2.17,2.701
2.86,2.325
1.202,0.022
-2.888,-0.362
0.686,1.493
0.385,1.983
0.18,-0.186
-0.502,-0.148
-0.584,0.675
-1.038,1.996
-1.501,1.008
-2.179,2.39
-2.248,2.076
-2.387,2.196
-2.494,1.719
2.99,-0.098
-0.521,0.745
-1.341,1.24
-2.169,0.536
-2.28,0.283
1.875,-1.14
0.448,-1.085
-2.46,2.541
-2.875,2.609
-0.121,-0.835
-0.112,1.752
-0.198,0.082
-0.274,1.647
-0.233,-0.01
-0.319,-0.643
-0.319,1.564
-0.293,1.227
-0.369,-0.555
-0.449,-0.275
-0.461,1.41
-0.521,1.381
-0.546,-0.106
-0.483,-0.606
-0.493,1.104
-0.575,1.004
-0.568,-1.134
-0.587,-1.944
-0.684,-0.165
-0.632,0.817
-0.693,-0.277
-0.747,-0.736
-0.795,-1.567
-0.765,0.359
-0.814,-1.703
-0.819,0.64
-0.818,0.976
-0.91,-1.699
-0.861,1.596
-0.967,1.716
-0.914,0.719
-0.992,1.419
-1.338,0.143
-1.295,1.169
-1.395,1.702
-1.391,-1.072
-1.348,0.286
-1.433,-1.336
-1.471,-0.228
-1.415,0.305
-1.497,0.639
-1.506,-1.153
-1.489,-1.057
-1.619,-0.28
-1.723,0.216
-1.859,0.076
-1.799,1.699
-1.899,-0.222
-1.902,-0.018
-2.019,0.749
-2.125,0.41
-2.22,0.318
-2.281,-0.906
-2.217,-1.836
-2.227,-0.094
-2.275,-1.05
-2.438,-1.016
-2.503,-2.029
-2.559,-1.942
-2.594,0.358
-2.567,-0.292
-2.589,0.616
-2.594,1.202
-2.613,0.962
-2.583,0.37
-2.65,-0.887
-2.652,-1.016
-2.595,1.796
-2.599,1.165
-2.683,-0.865
-2.709,-0.426
-2.697,-0.074
-2.688,0.388
-2.842,0.777
-2.791,-0.544
-3.137,-2.277
3.062,-2.433
3.024,-2.266
2.568,-2.291
2.371,-2.279
2.145,-2.383
1.714,-2.327
1.59,-2.308
1.271,-2.496
1.229,-2.355
0.305,-2.372
0.237,-2.227
-0.087,-2.19
-0.38,-2.648
-0.553,-2.564
-0.529,-2.56
-1.534,-2.393
-2.134,-2.573
-2.391,-2.335
-2.782,-2.335
-3.069,1.837
3.055,1.845
2.8,1.991
2.747,1.962
2.614,1.846
1.161,1.8
0.763,1.884
0.664,1.9
-0.442,2.015
-1.022,1.99
-1.43,1.973
-1.64,2.039
-2.348,1.769
-2.561,2.003
2.65,1.531
1.328,-0.602
0.452,0.113
-0.599,-1.1
-0.962,1.097
-1.897,0.795
-2.561,0.568
3.035,-2.437
-0.055,1.87
-2.821,1.449
-2.942,-1.859
-2.922,-1.137
-3.11,-0.971
-3.139,-1.945
-3.102,-1.013
3.129,0.218
3.117,-0.483
3.043,-1.28
2.836,0.066
2.892,1.553
2.867,-0.59
2.738,-0.048
2.717,1.405
2.692,1.702
2.684,1.557
2.736,0.107
2.529,1.593
2.55,1.428
2.289,1.644
2.372,-0.832
2.255,-0.08
2.079,-0.273
2.082,-1.267
2.192,-0.609
2.054,-1.662
2.143,-2.1
1.886,1.488
1.753,0.247
1.589,1.539
1.707,0.16
1.693,0.552
1.554,-1.777
1.624,0.474
1.422,-1.975
1.429,-0.887
1.312,0.896
1.43,1.78
1.371,-1.19
1.188,1.195
1.259,0.057
1.232,1.335
1.237,-0.243
1.097,0.393
1.061,-1.927
1.04,0.056
1.107,-0.884
0.923,-0.93
1.022,0.149
0.974,-0.774
0.755,-0.788
0.548,0.5
0.634,1.729
0.482,-0.597
0.465,-1.286
0.525,0.404
0.487,-1.14
0.333,-0.968
0.328,1.615
0.169,-0.217
0.268,-0.148
0.114,1.854
0.143,1.222
-0.034,1.106
0.072,0.492
-0.133,1.648
-0.117,0.283
-0.244,-1.186
-0.249,-1.25
-0.402,0.022
-0.294,-1.386
-0.459,0.212
-0.332,-1.171
-0.389,1.69
-0.455,-1.146
-0.436,-1.821
-0.614,1.191
-0.488,-0.598
-0.555,0.324
-0.577,1.524
-0.581,-2.185
-0.733,-0.83
-0.661,0.296
-0.779,0.765
-0.72,1.402
-0.907,1.374
-0.809,0.595
-0.926,-1.436
-0.935,0.321
-1.133,0.538
-1.138,-0.139
-1.072,-0.547
-1.089,-0.987
-1.234,1.527
-1.137,-0.992
-1.259,-2.083
-1.302,-1.98
-1.318,0.786
-1.451,0.753
-1.529,0.108
-1.514,-0.188
-1.526,1.783
-1.753,0.975
-1.626,1.309
-1.968,0.22
-1.873,-1.263
-1.999,-1.372
-2.05,-0.663
-2.148,-2.146
-2.206,-1.267
-2.265,0.255
-2.404,-1.366
-2.429,-1.25
-2.423,-0.22
-2.583,0.021
-2.457,-0.784
-2.506,0.58
-2.566,-0.972
-2.608,-0.849
-2.723,0.707
-2.891,-0.546
2.527,-2.464
2.545,-2.372
2.312,-2.459
1.31,-2.632
1.24,-2.196
1.09,-2.468
0.358,-2.378
0.279,-2.259
-0.19,-2.705
-0.316,-2.436
-1.19,-2.353
-1.367,-2.538
-1.611,-2.57
-1.691,-2.287
-2.197,-2.561
-2.118,-2.522
-2.106,-2.491
-2.587,-2.584
-2.705,-2.414
-2.861,-2.557
-3.037,1.84
2.84,1.95
1.379,1.848
0.969,1.879
0.73,1.852
0.862,1.963
0.626,1.923
-0.011,1.891
-0.603,1.964
-0.479,1.934
-0.928,1.906
-2.098,1.661
2.932,1.285
1.274,-1.018
-2.816,-1.402
0.758,0.453
0.457,0.943
0.252,-1.226
-0.43,-1.188
-0.512,-0.365
-0.966,0.956
-1.429,-0.032
-2.107,1.35
-2.176,1.036
-2.315,1.156
-2.422,0.679
3.062,-1.138
-0.449,-0.295
-1.269,0.2
-2.097,-0.504
-2.208,-0.757
1.947,-2.18
0.52,-2.125
-2.388,1.501
-2.803,1.569
0.009,2.587
-0.077,0.917
-0.153,2.482
-0.112,0.825
-0.198,0.192
-0.198,2.399
-0.172,2.062
-0.248,0.28
-0.328,0.56
-0.34,2.245
-0.4,2.216
-0.425,0.729
-0.362,0.229
-0.372,1.939
-0.454,1.839
-0.447,-0.299
-0.466,-1.109
-0.563,0.67
-0.511,1.652
-0.572,0.558
-0.626,0.099
-0.674,-0.732
-0.644,1.194
-0.693,-0.868
-0.698,1.475
-0.697,1.811
-0.789,-0.864
-0.74,2.431
-0.846,2.551
-0.793,1.554
-0.871,2.254
-1.217,0.978
-1.174,2.004
-1.274,2.537
-1.27,-0.237
-1.227,1.121
-1.312,-0.501
-1.35,0.607
-1.294,1.14
-1.376,1.474
-1.385,-0.318
-1.368,-0.222
-1.498,0.555
-1.602,1.051
-1.738,0.911
-1.678,2.534
-1.778,0.613
-1.781,0.817
-1.898,1.584
-2.004,1.245
-2.099,1.153
-2.16,-0.071
-2.096,-1.001
-2.106,0.741
-2.154,-0.215
-2.317,-0.181
-2.382,-1.194
-2.438,-1.107
-2.473,1.193
-2.446,0.543
-2.468,1.451
-2.473,2.037
-2.492,1.797
-2.462,1.205
-2.529,-0.052
-2.531,-0.181
-2.474,2.631
-2.478,2.0
-2.562,-0.03
-2.588,0.409
-2.576,0.761
-2.567,1.223
-2.721,1.612
-2.67,0.291
-3.016,-1.442
-3.1,-1.598
-3.138,-1.431
2.689,-1.456
2.492,-1.444
2.266,-1.548
1.835,-1.492
1.711,-1.473
1.392,-1.661
1.35,-1.52
0.426,-1.537
0.358,-1.392
0.034,-1.355
-0.259,-1.813
-0.432,-1.729
-0.408,-1.725
-1.413,-1.558
-2.013,-1.738
-2.27,-1.5
-2.661,-1.5
-2.948,2.672
-3.107,2.68
2.921,2.826
2.868,2.797
2.735,2.681
1.282,2.635
0.884,2.719
0.785,2.735
-0.321,2.85
-0.901,2.825
-1.309,2.808
-1.519,2.874
-2.227,2.604
-2.44,2.838
2.771,2.366
1.449,0.233
0.573,0.948
-0.478,-0.265
-0.841,1.932
-1.776,1.63
-2.44,1.403
-3.127,-1.602
0.066,2.705
-2.7,2.284
-2.821,-1.024
-2.801,-0.302
-2.989,-0.136
-3.018,-1.11
-2.981,-0.178
-3.033,1.053
-3.045,0.352
-3.119,-0.445
2.957,0.901
3.013,2.388
2.988,0.245
2.859,0.787
2.838,2.24
2.813,2.537
2.805,2.392
2.857,0.942
2.65,2.428
2.671,2.263
2.41,2.479
2.493,0.003
2.376,0.755
2.2,0.562
2.203,-0.432
2.313,0.226
2.175,-0.827
2.264,-1.265
2.007,2.323
1.874,1.082
1.71,2.374
1.828,0.995
1.814,1.387
1.675,-0.942
1.745,1.309
1.543,-1.14
1.55,-0.052
1.433,1.731
1.551,2.615
1.492,-0.355
1.309,2.03
1.38,0.892
1.353,2.17
1.358,0.592
1.218,1.228
1.182,-1.092
1.161,0.891
1.228,-0.049
1.044,-0.095
1.143,0.984
1.095,0.061
0.876,0.047
0.669,1.335
0.755,2.564
0.603,0.238
0.586,-0.451
0.646,1.239
0.608,-0.305
0.454,-0.133
0.449,2.45
0.29,0.618
0.389,0.687
0.235,2.689
0.264,2.057
0.087,1.941
0.193,1.327
-0.012,2.483
0.004,1.118
-0.123,-0.351
-0.128,-0.415
-0.281,0.857
-0.173,-0.551
-0.338,1.047
-0.211,-0.336
-0.268,2.525
-0.334,-0.311
-0.315,-0.986
-0.493,2.026
-0.367,0.237
-0.434,1.159
-0.456,2.359
-0.46,-1.35
-0.612,0.005
-0.54,1.131
-0.658,1.6
-0.599,2.237
-0.786,2.209
-0.688,1.43
-0.805,-0.601
-0.814,1.156
-1.012,1.373
-1.017,0.696
-0.951,0.288
-0.968,-0.152
-1.113,2.362
-1.016,-0.157
-1.138,-1.248
-1.181,-1.145
-1.197,1.621
-1.33,1.588
-1.408,0.943
-1.393,0.647
-1.405,2.618
-1.632,1.81
-1.505,2.144
-1.847,1.055
-1.752,-0.428
-1.878,-0.537
-1.929,0.172
-2.027,-1.311
-2.085,-0.432
-2.144,1.09
-2.283,-0.531
-2.308,-0.415
-2.302,0.615
-2.462,0.856
-2.336,0.051
-2.385,1.415
-2.445,-0.137
-2.487,-0.014
-2.602,1.542
-2.77,0.289
2.648,-1.629
2.666,-1.537
2.433,-1.624
1.431,-1.797
1.361,-1.361
1.211,-1.633
0.479,-1.543
0.4,-1.424
-0.069,-1.87
-0.195,-1.601
-1.069,-1.518
-1.246,-1.703
-1.49,-1.735
-1.57,-1.452
-2.076,-1.726
-1.997,-1.687
-1.985,-1.656
-2.466,-1.749
-2.584,-1.579
-2.74,-1.722
-2.916,2.675
2.961,2.785
1.5,2.683
1.09,2.714
0.851,2.687
0.983,2.798
0.747,2.758
0.11,2.726
-0.482,2.799
-0.358,2.769
-0.807,2.741
-1.977,2.496
3.053,2.12
1.395,-0.183
-2.695,-0.567
0.879,1.288
0.578,1.778
0.373,-0.391
-0.309,-0.353
-0.391,0.47
-0.845,1.791
-1.308,0.803
-1.986,2.185
-2.055,1.871
-2.194,1.991
-2.301,1.514
-3.1,-0.303
-0.328,0.54
-1.148,1.035
-1.976,0.331
-2.087,0.078
2.068,-1.345
0.641,-1.29
-2.267,2.336
-2.682,2.404
-0.086,-1.67
-0.162,-0.105
-0.121,-1.762
-0.207,-2.395
-0.207,-0.188
-0.181,-0.525
-0.257,-2.307
-0.337,-2.027
-0.349,-0.342
-0.409,-0.371
-0.434,-1.858
-0.371,-2.358
-0.381,-0.648
-0.463,-0.748
-0.456,-2.886
-0.475,-3.696
-0.572,-1.917
-0.52,-0.935
-0.581,-2.029
-0.635,-2.488
-0.683,-3.319
-0.653,-1.393
-0.702,-3.455
-0.707,-1.112
-0.706,-0.776
-0.798,-3.451
-0.749,-0.156
-0.855,-0.036
-0.802,-1.033
-0.88,-0.333
-1.226,-1.609
-1.183,-0.583
-1.283,-0.05
-1.279,-2.824
-1.236,-1.466
-1.321,-3.088
-1.359,-1.98
-1.303,-1.447
-1.385,-1.113
-1.394,-2.905
-1.377,-2.809
-1.507,-2.032
-1.611,-1.536
-1.747,-1.676
-1.687,-0.053
-1.787,-1.974
-1.79,-1.77
-1.907,-1.003
-2.013,-1.342
-2.108,-1.434
-2.169,-2.658
-2.105,-3.588
-2.115,-1.846
-2.163,-2.802
-2.326,-2.768
-2.391,-3.781
-2.447,-3.694
-2.482,-1.394
-2.455,-2.044
-2.477,-1.136
-2.482,-0.55
-2.501,-0.79
-2.471,-1.382
-2.538,-2.639
-2.54,-2.768
-2.483,0.044
-2.487,-0.587
-2.571,-2.617
-2.597,-2.178
-2.585,-1.826
-2.576,-1.364
-2.73,-0.975
-2.679,-2.296
-3.025,-4.029
-3.109,-4.185
3.136,-4.018
2.68,-4.043
2.483,-4.031
2.257,-4.135
1.826,-4.079
1.702,-4.06
1.383,-4.248
1.341,-4.107
0.417,-4.124
0.349,-3.979
0.025,-3.942
-0.268,-4.4
-0.441,-4.316
-0.417,-4.312
-1.422,-4.145
-2.022,-4.325
-2.279,-4.087
-2.67,-4.087
-2.957,0.085
-3.116,0.093
2.912,0.239
2.859,0.21
2.726,0.094
1.273,0.048
0.875,0.132
0.776,0.148
-0.33,0.263
-0.91,0.238
-1.318,0.221
-1.528,0.287
-2.236,0.017
-2.449,0.251
2.762,-0.221
1.44,-2.354
0.564,-1.639
-0.487,-2.852
-0.85,-0.655
-1.785,-0.957
-2.449,-1.184
-3.136,-4.189
0.057,0.118
-2.709,-0.303
-2.83,-3.611
-2.81,-2.889
-2.998,-2.723
-3.027,-3.697
-2.99,-2.765
-3.042,-1.534
-3.054,-2.235
-3.128,-3.032
2.948,-1.686
3.004,-0.199
2.979,-2.342
2.85,-1.8
2.829,-0.347
2.804,-0.05
2.796,-0.195
2.848,-1.645
2.641,-0.159
2.662,-0.324
2.401,-0.108
2.484,-2.584
2.367,-1.832
2.191,-2.025
2.194,-3.019
2.304,-2.361
2.166,-3.414
2.255,-3.852
1.998,-0.264
1.865,-1.505
1.701,-0.213
1.819,-1.592
1.805,-1.2
1.666,-3.529
1.736,-1.278
1.534,-3.727
1.541,-2.639
1.424,-0.856
1.542,0.028
1.483,-2.942
1.3,-0.557
1.371,-1.695
1.344,-0.417
1.349,-1.995
1.209,-1.359
1.173,-3.679
1.152,-1.696
1.219,-2.636
1.035,-2.682
1.134,-1.603
1.086,-2.526
0.867,-2.54
0.66,-1.252
0.746,-0.023
0.594,-2.349
0.577,-3.038
0.637,-1.348
0.599,-2.892
0.445,-2.72
0.44,-0.137
0.281,-1.969
0.38,-1.9
0.226,0.102
0.255,-0.53
0.078,-0.646
0.184,-1.26
-0.021,-0.104
-0.005,-1.469
-0.132,-2.938
-0.137,-3.002
-0.29,-1.73
-0.182,-3.138
-0.347,-1.54
-0.22,-2.923
-0.277,-0.062
-0.343,-2.898
-0.324,-3.573
-0.502,-0.561
-0.376,-2.35
-0.443,-1.428
-0.465,-0.228
-0.469,-3.937
-0.621,-2.582
-0.549,-1.456
-0.667,-0.987
-0.608,-0.35
-0.795,-0.378
-0.697,-1.157
-0.814,-3.188
-0.823,-1.431
-1.021,-1.214
-1.026,-1.891
-0.96,-2.299
-0.977,-2.739
-1.122,-0.225
-1.025,-2.744
-1.147,-3.835
-1.19,-3.732
-1.206,-0.966
-1.339,-0.999
-1.417,-1.644
-1.402,-1.94
-1.414,0.031
-1.641,-0.777
-1.514,-0.443
-1.856,-1.532
-1.761,-3.015
-1.887,-3.124
-1.938,-2.415
-2.036,-3.898
-2.094,-3.019
-2.153,-1.497
-2.292,-3.118
-2.317,-3.002
-2.311,-1.972
-2.471,-1.731
-2.345,-2.536
-2.394,-1.172
-2.454,-2.724
-2.496,-2.601
-2.611,-1.045
-2.779,-2.298
2.639,-4.216
2.657,-4.124
2.424,-4.211
1.422,-4.384
1.352,-3.948
1.202,-4.22
0.47,-4.13
0.391,-4.011
-0.078,-4.457
-0.204,-4.188
-1.078,-4.105
-1.255,-4.29
-1.499,-4.322
-1.579,-4.039
-2.085,-4.313
-2.006,-4.274
-1.994,-4.243
-2.475,-4.336
-2.593,-4.166
-2.749,-4.309
-2.925,0.088
2.952,0.198
1.491,0.096
1.081,0.127
0.842,0.1
0.974,0.211
0.738,0.171
0.101,0.139
-0.491,0.212
-0.367,0.182
-0.816,0.154
-1.986,-0.091
3.044,-0.467
1.386,-2.77
-2.704,-3.154
0.87,-1.299
0.569,-0.809
0.364,-2.978
-0.318,-2.94
-0.4,-2.117
-0.854,-0.796
-1.317,-1.784
-1.995,-0.402
-2.064,-0.716
-2.203,-0.596
-2.31,-1.073
-3.109,-2.89
-0.337,-2.047
-1.157,-1.552
-1.985,-2.256
-2.096,-2.509
2.059,-3.932
0.632,-3.877
-2.276,-0.251
-2.691,-0.183
-0.076,1.565
-0.035,-0.092
-0.121,-0.725
-0.121,1.482
-0.095,1.145
-0.171,-0.637
-0.251,-0.357
-0.263,1.328
-0.323,1.299
-0.348,-0.188
-0.285,-0.688
-0.295,1.022
-0.377,0.922
-0.37,-1.216
-0.389,-2.026
-0.486,-0.247
-0.434,0.735
-0.495,-0.359
-0.549,-0.818
-0.597,-1.649
-0.567,0.277
-0.616,-1.785
-0.621,0.558
-0.62,0.894
-0.712,-1.781
-0.663,1.514
-0.769,1.634
-0.716,0.637
-0.794,1.337
-1.14,0.061
-1.097,1.087
-1.197,1.62
-1.193,-1.154
-1.15,0.204
-1.235,-1.418
-1.273,-0.31
-1.217,0.223
-1.299,0.557
-1.308,-1.235
-1.291,-1.139
-1.421,-0.362
-1.525,0.134
-1.661,-0.006
-1.601,1.617
-1.701,-0.304
-1.704,-0.1
-1.821,0.667
-1.927,0.328
-2.022,0.236
-2.083,-0.988
-2.019,-1.918
-2.029,-0.176
-2.077,-1.132
-2.24,-1.098
-2.305,-2.111
-2.361,-2.024
-2.396,0.276
-2.369,-0.374
-2.391,0.534
-2.396,1.12
-2.415,0.88
-2.385,0.288
-2.452,-0.969
-2.454,-1.098
-2.397,1.714
-2.401,1.083
-2.485,-0.947
-2.511,-0.508
-2.499,-0.156
-2.49,0.306
-2.644,0.695
-2.593,-0.626
-2.939,-2.359
-3.023,-2.515
-3.061,-2.348
2.766,-2.373
2.569,-2.361
2.343,-2.465
1.912,-2.409
1.788,-2.39
1.469,-2.578
1.427,-2.437
0.503,-2.454
0.435,-2.309
0.111,-2.272
-0.182,-2.73
-0.355,-2.646
-0.331,-2.642
-1.336,-2.475
-1.936,-2.655
-2.193,-2.417
-2.584,-2.417
-2.871,1.755
-3.03,1.763
2.998,1.909
2.945,1.88
2.812,1.764
1.359,1.718
0.961,1.802
0.862,1.818
-0.244,1.933
-0.824,1.908
-1.232,1.891
-1.442,1.957
-2.15,1.687
-2.363,1.921
2.848,1.449
1.526,-0.684
0.65,0.031
-0.401,-1.182
-0.764,1.015
-1.699,0.713
-2.363,0.486
-3.05,-2.519
0.143,1.788
-2.623,1.367
-2.744,-1.941
-2.724,-1.219
-2.912,-1.053
-2.941,-2.027
-2.904,-1.095
-2.956,0.136
-2.968,-0.565
-3.042,-1.362
3.034,-0.016
3.09,1.471
3.065,-0.672
2.936,-0.13
2.915,1.323
2.89,1.62
2.882,1.475
2.934,0.025
2.727,1.511
2.748,1.346
2.487,1.562
2.57,-0.914
2.453,-0.162
2.277,-0.355
2.28,-1.349
2.39,-0.691
2.252,-1.744
2.341,-2.182
2.084,1.406
1.951,0.165
1.787,1.457
1.905,0.078
1.891,0.47
1.752,-1.859
1.822,0.392
1.62,-2.057
1.627,-0.969
1.51,0.814
1.628,1.698
1.569,-1.272
1.386,1.113
1.457,-0.025
1.43,1.253
1.435,-0.325
1.295,0.311
1.259,-2.009
1.238,-0.026
1.305,-0.966
1.121,-1.012
1.22,0.067
1.172,-0.856
0.953,-0.87
0.746,0.418
0.832,1.647
0.68,-0.679
0.663,-1.368
0.723,0.322
0.685,-1.222
0.531,-1.05
0.526,1.533
0.367,-0.299
0.466,-0.23
0.312,1.772
0.341,1.14
0.164,1.024
0.27,0.41
0.065,1.566
0.081,0.201
-0.046,-1.268
-0.051,-1.332
-0.204,-0.06
-0.096,-1.468
-0.261,0.13
-0.134,-1.253
-0.191,1.608
-0.257,-1.228
-0.238,-1.903
-0.416,1.109
-0.29,-0.68
-0.357,0.242
-0.379,1.442
-0.383,-2.267
-0.535,-0.912
-0.463,0.214
-0.581,0.683
-0.522,1.32
-0.709,1.292
-0.611,0.513
-0.728,-1.518
-0.737,0.239
-0.935,0.456
-0.94,-0.221
-0.874,-0.629
-0.891,-1.069
-1.036,1.445
-0.939,-1.074
-1.061,-2.165
-1.104,-2.062
-1.12,0.704
-1.253,0.671
-1.331,0.026
-1.316,-0.27
-1.328,1.701
-1.555,0.893
-1.428,1.227
-1.77,0.138
-1.675,-1.345
-1.801,-1.454
-1.852,-0.745
-1.95,-2.228
-2.008,-1.349
-2.067,0.173
-2.206,-1.448
-2.231,-1.332
-2.225,-0.302
-2.385,-0.061
-2.259,-0.866
-2.308,0.498
-2.368,-1.054
-2.41,-0.931
-2.525,0.625
-2.693,-0.628
2.725,-2.546
2.743,-2.454
2.51,-2.541
1.508,-2.714
1.438,-2.278
1.288,-2.55
0.556,-2.46
0.477,-2.341
0.008,-2.787
-0.118,-2.518
-0.992,-2.435
-1.169,-2.62
-1.413,-2.652
-1.493,-2.369
-1.999,-2.643
-1.92,-2.604
-1.908,-2.573
-2.389,-2.666
-2.507,-2.496
-2.663,-2.639
-2.839,1.758
3.038,1.868
1.577,1.766
1.167,1.797
0.928,1.77
1.06,1.881
0.824,1.841
0.187,1.809
-0.405,1.882
-0.281,1.852
-0.73,1.824
-1.9,1.579
3.13,1.203
1.472,-1.1
-2.618,-1.484
0.956,0.371
0.655,0.861
0.45,-1.308
-0.232,-1.27
-0.314,-0.447
-0.768,0.874
-1.231,-0.114
-1.909,1.268
-1.978,0.954
-2.117,1.074
-2.224,0.597
-3.023,-1.22
-0.251,-0.377
-1.071,0.118
-1.899,-0.586
-2.01,-0.839
2.145,-2.262
0.718,-2.207
-2.19,1.419
-2.605,1.487
0.041,-1.657
-0.045,-2.29
-0.045,-0.083
-0.019,-0.42
-0.095,-2.202
-0.175,-1.922
-0.187,-0.237
-0.247,-0.266
-0.272,-1.753
-0.209,-2.253
-0.219,-0.543
-0.301,-0.643
-0.294,-2.781
-0.313,-3.591
-0.41,-1.812
-0.358,-0.83
-0.419,-1.924
-0.473,-2.383
-0.521,-3.214
-0.491,-1.288
-0.54,-3.35
-0.545,-1.007
-0.544,-0.671
-0.636,-3.346
-0.587,-0.051
-0.693,0.069
-0.64,-0.928
-0.718,-0.228
-1.064,-1.504
-1.021,-0.478
-1.121,0.055
-1.117,-2.719
-1.074,-1.361
-1.159,-2.983
-1.197,-1.875
-1.141,-1.342
-1.223,-1.008
-1.232,-2.8
-1.215,-2.704
-1.345,-1.927
-1.449,-1.431
-1.585,-1.571
-1.525,0.052
-1.625,-1.869
-1.628,-1.665
-1.745,-0.898
-1.851,-1.237
-1.946,-1.329
-2.007,-2.553
-1.943,-3.483
-1.953,-1.741
-2.001,-2.697
-2.164,-2.663
-2.229,-3.676
-2.285,-3.589
-2.32,-1.289
-2.293,-1.939
-2.315,-1.031
-2.32,-0.445
-2.339,-0.685
-2.309,-1.277
-2.376,-2.534
-2.378,-2.663
-2.321,0.149
-2.325,-0.482
-2.409,-2.512
-2.435,-2.073
-2.423,-1.721
-2.414,-1.259
-2.568,-0.87
-2.517,-2.191
-2.863,-3.924
-2.947,-4.08
-2.985,-3.913
2.842,-3.938
2.645,-3.926
2.419,-4.03
1.988,-3.974
1.864,-3.955
1.545,-4.143
1.503,-4.002
0.579,-4.019
0.511,-3.874
0.187,-3.837
-0.106,-4.295
-0.279,-4.211
-0.255,-4.207
-1.26,-4.04
-1.86,-4.22
-2.117,-3.982
-2.508,-3.982
-2.795,0.19
-2.954,0.198
3.074,0.344
3.021,0.315
2.888,0.199
1.435,0.153
1.037,0.237
0.938,0.253
-0.168,0.368
-0.748,0.343
-1.156,0.326
-1.366,0.392
-2.074,0.122
-2.287,0.356
2.924,-0.116
1.602,-2.249
0.726,-1.534
-0.325,-2.747
-0.688,-0.55
-1.623,-0.852
-2.287,-1.079
-2.974,-4.084
0.219,0.223
-2.547,-0.198
-2.668,-3.506
-2.648,-2.784
-2.836,-2.618
-2.865,-3.592
-2.828,-2.66
-2.88,-1.429
-2.892,-2.13
-2.966,-2.927
3.11,-1.581
-3.117,-0.094
3.141,-2.237
3.012,-1.695
2.991,-0.242
2.966,0.055
2.958,-0.09
3.01,-1.54
2.803,-0.054
2.824,-0.219
2.563,-0.003
2.646,-2.479
2.529,-1.727
2.353,-1.92
2.356,-2.914
2.466,-2.256
2.328,-3.309
2.417,-3.747
2.16,-0.159
2.027,-1.4
1.863,-0.108
1.981,-1.487
1.967,-1.095
1.828,-3.424
1.898,-1.173
1.696,-3.622
1.703,-2.534
1.586,-0.751
1.704,0.133
1.645,-2.837
1.462,-0.452
1.533,-1.59
1.506,-0.312
1.511,-1.89
1.371,-1.254
1.335,-3.574
1.314,-1.591
1.381,-2.531
1.197,-2.577
1.296,-1.498
1.248,-2.421
1.029,-2.435
0.822,-1.147
0.908,0.082
0.756,-2.244
0.739,-2.933
0.799,-1.243
0.761,-2.787
0.607,-2.615
0.602,-0.032
0.443,-1.864
0.542,-1.795
0.388,0.207
0.417,-0.425
0.24,-0.541
0.346,-1.155
0.141,0.001
0.157,-1.364
0.03,-2.833
0.025,-2.897
-0.128,-1.625
-0.02,-3.033
-0.185,-1.435
-0.058,-2.818
-0.115,0.043
-0.181,-2.793
-0.162,-3.468
-0.34,-0.456
-0.214,-2.245
-0.281,-1.323
-0.303,-0.123
-0.307,-3.832
-0.459,-2.477
-0.387,-1.351
-0.505,-0.882
-0.446,-0.245
-0.633,-0.273
-0.535,-1.052
-0.652,-3.083
-0.661,-1.326
-0.859,-1.109
-0.864,-1.786
-0.798,-2.194
-0.815,-2.634
-0.96,-0.12
-0.863,-2.639
-0.985,-3.73
-1.028,-3.627
-1.044,-0.861
-1.177,-0.894
-1.255,-1.539
-1.24,-1.835
-1.252,0.136
-1.479,-0.672
-1.352,-0.338
-1.694,-1.427
-1.599,-2.91
-1.725,-3.019
-1.776,-2.31
-1.874,-3.793
-1.932,-2.914
-1.991,-1.392
-2.13,-3.013
-2.155,-2.897
-2.149,-1.867
-2.309,-1.626
-2.183,-2.431
-2.232,-1.067
-2.292,-2.619
-2.334,-2.496
-2.449,-0.94
-2.617,-2.193
2.801,-4.111
2.819,-4.019
2.586,-4.106
1.584,-4.279
1.514,-3.843
1.364,-4.115
0.632,-4.025
0.553,-3.906
0.084,-4.352
-0.042,-4.083
-0.916,-4.0
-1.093,-4.185
-1.337,-4.217
-1.417,-3.934
-1.923,-4.208
-1.844,-4.169
-1.832,-4.138
-2.313,-4.231
-2.431,-4.061
-2.587,-4.204
-2.763,0.193
3.114,0.303
1.653,0.201
1.243,0.232
1.004,0.205
1.136,0.316
0.9,0.276
0.263,0.244
-0.329,0.317
-0.205,0.287
-0.654,0.259
-1.824,0.014
-3.077,-0.362
1.548,-2.665
-2.542,-3.049
1.032,-1.194
0.731,-0.704
0.526,-2.873
-0.156,-2.835
-0.238,-2.012
-0.692,-0.691
-1.155,-1.679
-1.833,-0.297
-1.902,-0.611
-2.041,-0.491
-2.148,-0.968
-2.947,-2.785
-0.175,-1.942
-0.995,-1.447
-1.823,-2.151
-1.934,-2.404
2.221,-3.827
0.794,-3.772
-2.114,-0.146
-2.529,-0.078
-0.086,-0.633
-0.086,1.574
-0.06,1.237
-0.136,-0.545
-0.216,-0.265
-0.228,1.42
-0.288,1.391
-0.313,-0.096
-0.25,-0.596
-0.26,1.114
-0.342,1.014
-0.335,-1.124
-0.354,-1.934
-0.451,-0.155
-0.399,0.827
-0.46,-0.267
-0.514,-0.726
-0.562,-1.557
-0.532,0.369
-0.581,-1.693
-0.586,0.65
-0.585,0.986
-0.677,-1.689
-0.628,1.606
-0.734,1.726
-0.681,0.729
-0.759,1.429
-1.105,0.153
-1.062,1.179
-1.162,1.712
-1.158,-1.062
-1.115,0.296
-1.2,-1.326
-1.238,-0.218
-1.182,0.315
-1.264,0.649
-1.273,-1.143
-1.256,-1.047
-1.386,-0.27
-1.49,0.226
-1.626,0.086
-1.566,1.709
-1.666,-0.212
-1.669,-0.008
-1.786,0.759
-1.892,0.42
-1.987,0.328
-2.048,-0.896
-1.984,-1.826
-1.994,-0.084
-2.042,-1.04
-2.205,-1.006
-2.27,-2.019
-2.326,-1.932
-2.361,0.368
-2.334,-0.282
-2.356,0.626
-2.361,1.212
-2.38,0.972
-2.35,0.38
-2.417,-0.877
-2.419,-1.006
-2.362,1.806
-2.366,1.175
-2.45,-0.855
-2.476,-0.416
-2.464,-0.064
-2.455,0.398
-2.609,0.787
-2.558,-0.534
-2.904,-2.267
-2.988,-2.423
-3.026,-2.256
2.801,-2.281
2.604,-2.269
2.378,-2.373
1.947,-2.317
1.823,-2.298
1.504,-2.486
1.462,-2.345
0.538,-2.362
0.47,-2.217
0.146,-2.18
-0.147,-2.638
-0.32,-2.554
-0.296,-2.55
-1.301,-2.383
-1.901,-2.563
-2.158,-2.325
-2.549,-2.325
-2.836,1.847
-2.995,1.855
3.033,2.001
2.98,1.972
2.847,1.856
1.394,1.81
0.996,1.894
0.897,1.91
-0.209,2.025
-0.789,2.0
-1.197,1.983
-1.407,2.049
-2.115,1.779
-2.328,2.013
2.883,1.541
1.561,-0.592
0.685,0.123
-0.366,-1.09
-0.729,1.107
-1.664,0.805
-2.328,0.578
-3.015,-2.427
0.178,1.88
-2.588,1.459
-2.709,-1.849
-2.689,-1.127
-2.877,-0.961
-2.906,-1.935
-2.869,-1.003
-2.921,0.228
-2.933,-0.473
-3.007,-1.27
3.069,0.076
3.125,1.563
3.1,-0.58
2.971,-0.038
2.95,1.415
2.925,1.712
2.917,1.567
2.969,0.117
2.762,1.603
2.783,1.438
2.522,1.654
2.605,-0.822
2.488,-0.07
2.312,-0.263
2.315,-1.257
2.425,-0.599
2.287,-1.652
2.376,-2.09
2.119,1.498
1.986,0.257
1.822,1.549
1.94,0.17
1.926,0.562
1.787,-1.767
1.857,0.484
1.655,-1.965
1.662,-0.877
1.545,0.906
1.663,1.79
1.604,-1.18
1.421,1.205
1.492,0.067
1.465,1.345
1.47,-0.233
1.33,0.403
1.294,-1.917
1.273,0.066
1.34,-0.874
1.156,-0.92
1.255,0.159
1.207,-0.764
0.988,-0.778
0.781,0.51
0.867,1.739
0.715,-0.587
0.698,-1.276
0.758,0.414
0.72,-1.13
0.566,-0.958
0.561,1.625
0.402,-0.207
0.501,-0.138
0.347,1.864
0.376,1.232
0.199,1.116
0.305,0.502
0.1,1.658
0.116,0.293
-0.011,-1.176
-0.016,-1.24
-0.169,0.032
-0.061,-1.376
-0.226,0.222
-0.099,-1.161
-0.156,1.7
-0.222,-1.136
-0.203,-1.811
-0.381,1.201
-0.255,-0.588
-0.322,0.334
-0.344,1.534
-0.348,-2.175
-0.5,-0.82
-0.428,0.306
-0.546,0.775
-0.487,1.412
-0.674,1.384
-0.576,0.605
-0.693,-1.426
-0.702,0.331
-0.9,0.548
-0.905,-0.129
-0.839,-0.537
-0.856,-0.977
-1.001,1.537
-0.904,-0.982
-1.026,-2.073
-1.069,-1.97
-1.085,0.796
-1.218,0.763
-1.296,0.118
-1.281,-0.178
-1.293,1.793
-1.52,0.985
-1.393,1.319
-1.735,0.23
-1.64,-1.253
-1.766,-1.362
-1.817,-0.653
-1.915,-2.136
-1.973,-1.257
-2.032,0.265
-2.171,-1.356
-2.196,-1.24
-2.19,-0.21
-2.35,0.031
-2.224,-0.774
-2.273,0.59
-2.333,-0.962
-2.375,-0.839
-2.49,0.717
-2.658,-0.536
2.76,-2.454
2.778,-2.362
2.545,-2.449
1.543,-2.622
1.473,-2.186
1.323,-2.458
0.591,-2.368
0.512,-2.249
0.043,-2.695
-0.083,-2.426
-0.957,-2.343
-1.134,-2.528
-1.378,-2.56
-1.458,-2.277
-1.964,-2.551
-1.885,-2.512
-1.873,-2.481
-2.354,-2.574
-2.472,-2.404
-2.628,-2.547
-2.804,1.85
3.073,1.96
1.612,1.858
1.202,1.889
0.963,1.862
1.095,1.973
0.859,1.933
0.222,1.901
-0.37,1.974
-0.246,1.944
-0.695,1.916
-1.865,1.671
-3.118,1.295
1.507,-1.008
-2.583,-1.392
0.991,0.463
0.69,0.953
0.485,-1.216
-0.197,-1.178
-0.279,-0.355
-0.733,0.966
-1.196,-0.022
-1.874,1.36
-1.943,1.046
-2.082,1.166
-2.189,0.689
-2.988,-1.128
-0.216,-0.285
-1.036,0.21
-1.864,-0.494
-1.975,-0.747
2.18,-2.17
0.753,-2.115
-2.155,1.511
-2.57,1.579
0.0,2.207
0.026,1.87
-0.05,0.088
-0.13,0.368
-0.142,2.053
-0.202,2.024
-0.227,0.537
-0.164,0.037
-0.174,1.747
-0.256,1.647
-0.249,-0.491
-0.268,-1.301
-0.365,0.478
-0.313,1.46
-0.374,0.366
-0.428,-0.093
-0.476,-0.924
-0.446,1.002
-0.495,-1.06
-0.5,1.283
-0.499,1.619
-0.591,-1.056
-0.542,2.239
-0.648,2.359
-0.595,1.362
-0.673,2.062
-1.019,0.786
-0.976,1.812
-1.076,2.345
-1.072,-0.429
-1.029,0.929
-1.114,-0.693
-1.152,0.415
-1.096,0.948
-1.178,1.282
-1.187,-0.51
-1.17,-0.414
-1.3,0.363
-1.404,0.859
-1.54,0.719
-1.48,2.342
-1.58,0.421
-1.583,0.625
-1.7,1.392
-1.806,1.053
-1.901,0.961
-1.962,-0.263
-1.898,-1.193
-1.908,0.549
-1.956,-0.407
-2.119,-0.373
-2.184,-1.386
-2.24,-1.299
-2.275,1.001
-2.248,0.351
-2.27,1.259
-2.275,1.845
-2.294,1.605
-2.264,1.013
-2.331,-0.244
-2.333,-0.373
-2.276,2.439
-2.28,1.808
-2.364,-0.222
-2.39,0.217
-2.378,0.569
-2.369,1.031
-2.523,1.42
-2.472,0.099
-2.818,-1.634
-2.902,-1.79
-2.94,-1.623
2.887,-1.648
2.69,-1.636
2.464,-1.74
2.033,-1.684
1.909,-1.665
1.59,-1.853
1.548,-1.712
0.624,-1.729
0.556,-1.584
0.232,-1.547
-0.061,-2.005
-0.234,-1.921
-0.21,-1.917
-1.215,-1.75
-1.815,-1.93
-2.072,-1.692
-2.463,-1.692
-2.75,2.48
-2.909,2.488
3.119,2.634
3.066,2.605
2.933,2.489
1.48,2.443
1.082,2.527
0.983,2.543
-0.123,2.658
-0.703,2.633
-1.111,2.616
-1.321,2.682
-2.029,2.412
-2.242,2.646
2.969,2.174
1.647,0.041
0.771,0.756
-0.28,-0.457
-0.643,1.74
-1.578,1.438
-2.242,1.211
-2.929,-1.794
0.264,2.513
-2.502,2.092
-2.623,-1.216
-2.603,-0.494
-2.791,-0.328
-2.82,-1.302
-2.783,-0.37
-2.835,0.861
-2.847,0.16
-2.921,-0.637
-3.128,0.709
-3.072,2.196
-3.097,0.053
3.057,0.595
3.036,2.048
3.011,2.345
3.003,2.2
3.055,0.75
2.848,2.236
2.869,2.071
2.608,2.287
2.691,-0.189
2.574,0.563
2.398,0.37
2.401,-0.624
2.511,0.034
2.373,-1.019
2.462,-1.457
2.205,2.131
2.072,0.89
1.908,2.182
2.026,0.803
2.012,1.195
1.873,-1.134
1.943,1.117
1.741,-1.332
1.748,-0.244
1.631,1.539
1.749,2.423
1.69,-0.547
1.507,1.838
1.578,0.7
1.551,1.978
1.556,0.4
1.416,1.036
1.38,-1.284
1.359,0.699
1.426,-0.241
1.242,-0.287
1.341,0.792
1.293,-0.131
1.074,-0.145
0.867,1.143
0.953,2.372
0.801,0.046
0.784,-0.643
0.844,1.047
0.806,-0.497
0.652,-0.325
0.647,2.258
0.488,0.426
0.587,0.495
0.433,2.497
0.462,1.865
0.285,1.749
0.391,1.135
0.186,2.291
0.202,0.926
0.075,-0.543
0.07,-0.607
-0.083,0.665
0.025,-0.743
-0.14,0.855
-0.013,-0.528
-0.07,2.333
-0.136,-0.503
-0.117,-1.178
-0.295,1.834
-0.169,0.045
-0.236,0.967
-0.258,2.167
-0.262,-1.542
-0.414,-0.187
-0.342,0.939
-0.46,1.408
-0.401,2.045
-0.588,2.017
-0.49,1.238
-0.607,-0.793
-0.616,0.964
-0.814,1.181
-0.819,0.504
-0.753,0.096
-0.77,-0.344
-0.915,2.17
-0.818,-0.349
-0.94,-1.44
-0.983,-1.337
-0.999,1.429
-1.132,1.396
-1.21,0.751
-1.195,0.455
-1.207,2.426
-1.434,1.618
-1.307,1.952
-1.649,0.863
-1.554,-0.62
-1.68,-0.729
-1.731,-0.02
-1.829,-1.503
-1.887,-0.624
-1.946,0.898
-2.085,-0.723
-2.11,-0.607
-2.104,0.423
-2.264,0.664
-2.138,-0.141
-2.187,1.223
-2.247,-0.329
-2.289,-0.206
-2.404,1.35
-2.572,0.097
2.846,-1.821
2.864,-1.729
2.631,-1.816
1.629,-1.989
1.559,-1.553
1.409,-1.825
0.677,-1.735
0.598,-1.616
0.129,-2.062
0.003,-1.793
-0.871,-1.71
-1.048,-1.895
-1.292,-1.927
-1.372,-1.644
-1.878,-1.918
-1.799,-1.879
-1.787,-1.848
-2.268,-1.941
-2.386,-1.771
-2.542,-1.914
-2.718,2.483
-3.124,2.593
1.698,2.491
1.288,2.522
1.049,2.495
1.181,2.606
0.945,2.566
0.308,2.534
-0.284,2.607
-0.16,2.577
-0.609,2.549
-1.779,2.304
-3.032,1.928
1.593,-0.375
-2.497,-0.759
1.077,1.096
0.776,1.586
0.571,-0.583
-0.111,-0.545
-0.193,0.278
-0.647,1.599
-1.11,0.611
-1.788,1.993
-1.857,1.679
-1.996,1.799
-2.103,1.322
-2.902,-0.495
-0.13,0.348
-0.95,0.843
-1.778,0.139
-1.889,-0.114
2.266,-1.537
0.839,-1.482
-2.069,2.144
-2.484,2.212
0.026,-0.337
-0.05,-2.119
-0.13,-1.839
-0.142,-0.154
-0.202,-0.183
-0.227,-1.67
-0.164,-2.17
-0.174,-0.46
-0.256,-0.56
-0.249,-2.698
-0.268,-3.508
-0.365,-1.729
-0.313,-0.747
-0.374,-1.841
-0.428,-2.3
-0.476,-3.131
-0.446,-1.205
-0.495,-3.267
-0.5,-0.924
-0.499,-0.588
-0.591,-3.263
-0.542,0.032
-0.648,0.152
-0.595,-0.845
-0.673,-0.145
-1.019,-1.421
-0.976,-0.395
-1.076,0.138
-1.072,-2.636
-1.029,-1.278
-1.114,-2.9
-1.152,-1.792
-1.096,-1.259
-1.178,-0.925
-1.187,-2.717
-1.17,-2.621
-1.3,-1.844
-1.404,-1.348
-1.54,-1.488
-1.48,0.135
-1.58,-1.786
-1.583,-1.582
-1.7,-0.815
-1.806,-1.154
-1.901,-1.246
-1.962,-2.47
-1.898,-3.4
-1.908,-1.658
-1.956,-2.614
-2.119,-2.58
-2.184,-3.593
-2.24,-3.506
-2.275,-1.206
-2.248,-1.856
-2.27,-0.948
-2.275,-0.362
-2.294,-0.602
-2.264,-1.194
-2.331,-2.451
-2.333,-2.58
-2.276,0.232
-2.28,-0.399
-2.364,-2.429
-2.39,-1.99
-2.378,-1.638
-2.369,-1.176
-2.523,-0.787
-2.472,-2.108
-2.818,-3.841
-2.902,-3.997
-2.94,-3.83
2.887,-3.855
2.69,-3.843
2.464,-3.947
2.033,-3.891
1.909,-3.872
1.59,-4.06
1.548,-3.919
0.624,-3.936
0.556,-3.791
0.232,-3.754
-0.061,-4.212
-0.234,-4.128
-0.21,-4.124
-1.215,-3.957
-1.815,-4.137
-2.072,-3.899
-2.463,-3.899
-2.75,0.273
-2.909,0.281
3.119,0.427
3.066,0.398
2.933,0.282
1.48,0.236
1.082,0.32
0.983,0.336
-0.123,0.451
-0.703,0.426
-1.111,0.409
-1.321,0.475
-2.029,0.205
-2.242,0.439
2.969,-0.033
1.647,-2.166
0.771,-1.451
-0.28,-2.664
-0.643,-0.467
-1.578,-0.769
-2.242,-0.996
-2.929,-4.001
0.264,0.306
-2.502,-0.115
-2.623,-3.423
-2.603,-2.701
-2.791,-2.535
-2.82,-3.509
-2.783,-2.577
-2.835,-1.346
-2.847,-2.047
-2.921,-2.844
-3.128,-1.498
-3.072,-0.011
-3.097,-2.154
3.057,-1.612
3.036,-0.159
3.011,0.138
3.003,-0.007
3.055,-1.457
2.848,0.029
2.869,-0.136
2.608,0.08
2.691,-2.396
2.574,-1.644
2.398,-1.837
2.401,-2.831
2.511,-2.173
2.373,-3.226
2.462,-3.664
2.205,-0.076
2.072,-1.317
1.908,-0.025
2.026,-1.404
2.012,-1.012
1.873,-3.341
1.943,-1.09
1.741,-3.539
1.748,-2.451
1.631,-0.668
1.749,0.216
1.69,-2.754
1.507,-0.369
1.578,-1.507
1.551,-0.229
1.556,-1.807
1.416,-1.171
1.38,-3.491
1.359,-1.508
1.426,-2.448
1.242,-2.494
1.341,-1.415
1.293,-2.338
1.074,-2.352
0.867,-1.064
0.953,0.165
0.801,-2.161
0.784,-2.85
0.844,-1.16
0.806,-2.704
0.652,-2.532
0.647,0.051
0.488,-1.781
0.587,-1.712
0.433,0.29
0.462,-0.342
0.285,-0.458
0.391,-1.072
0.186,0.084
0.202,-1.281
0.075,-2.75
0.07,-2.814
-0.083,-1.542
0.025,-2.95
-0.14,-1.352
-0.013,-2.735
-0.07,0.126
-0.136,-2.71
-0.117,-3.385
-0.295,-0.373
-0.169,-2.162
-0.236,-1.24
-0.258,-0.04
-0.262,-3.749
-0.414,-2.394
-0.342,-1.268
-0.46,-0.799
-0.401,-0.162
-0.588,-0.19
-0.49,-0.969
-0.607,-3.0
-0.616,-1.243
-0.814,-1.026
-0.819,-1.703
-0.753,-2.111
-0.77,-2.551
-0.915,-0.037
-0.818,-2.556
-0.94,-3.647
-0.983,-3.544
-0.999,-0.778
-1.132,-0.811
-1.21,-1.456
-1.195,-1.752
-1.207,0.219
-1.434,-0.589
-1.307,-0.255
-1.649,-1.344
-1.554,-2.827
-1.68,-2.936
-1.731,-2.227
-1.829,-3.71
-1.887,-2.831
-1.946,-1.309
-2.085,-2.93
-2.11,-2.814
-2.104,-1.784
-2.264,-1.543
-2.138,-2.348
-2.187,-0.984
-2.247,-2.536
-2.289,-2.413
-2.404,-0.857
-2.572,-2.11
2.846,-4.028
2.864,-3.936
2.631,-4.023
1.629,-4.196
1.559,-3.76
1.409,-4.032
0.677,-3.942
0.598,-3.823
0.129,-4.269
0.003,-4.0
-0.871,-3.917
-1.048,-4.102
-1.292,-4.134
-1.372,-3.851
-1.878,-4.125
-1.799,-4.086
-1.787,-4.055
-2.268,-4.148
-2.386,-3.978
-2.542,-4.121
-2.718,0.276
-3.124,0.386
1.698,0.284
1.288,0.315
1.049,0.288
1.181,0.399
0.945,0.359
0.308,0.327
-0.284,0.4
-0.16,0.37
-0.609,0.342
-1.779,0.097
-3.032,-0.279
1.593,-2.582
-2.497,-2.966
1.077,-1.111
0.776,-0.621
0.571,-2.79
-0.111,-2.752
-0.193,-1.929
-0.647,-0.608
-1.11,-1.596
-1.788,-0.214
-1.857,-0.528
-1.996,-0.408
-2.103,-0.885
-2.902,-2.702
-0.13,-1.859
-0.95,-1.364
-1.778,-2.068
-1.889,-2.321
2.266,-3.744
0.839,-3.689
-2.069,-0.063
-2.484,0.005
-0.076,-1.782
-0.156,-1.502
-0.168,0.183
-0.228,0.154
-0.253,-1.333
-0.19,-1.833
-0.2,-0.123
-0.282,-0.223
-0.275,-2.361
-0.294,-3.171
-0.391,-1.392
-0.339,-0.41
-0.4,-1.504
-0.454,-1.963
-0.502,-2.794
-0.472,-0.868
-0.521,-2.93
-0.526,-0.587
-0.525,-0.251
-0.617,-2.926
-0.568,0.369
-0.674,0.489
-0.621,-0.508
-0.699,0.192
-1.045,-1.084
-1.002,-0.058
-1.102,0.475
-1.098,-2.299
-1.055,-0.941
-1.14,-2.563
-1.178,-1.455
-1.122,-0.922
-1.204,-0.588
-1.213,-2.38
-1.196,-2.284
-1.326,-1.507
-1.43,-1.011
-1.566,-1.151
-1.506,0.472
-1.606,-1.449
-1.609,-1.245
-1.726,-0.478
-1.832,-0.817
-1.927,-0.909
-1.988,-2.133
-1.924,-3.063
-1.934,-1.321
-1.982,-2.277
-2.145,-2.243
-2.21,-3.256
-2.266,-3.169
-2.301,-0.869
-2.274,-1.519
-2.296,-0.611
-2.301,-0.025
-2.32,-0.265
-2.29,-0.857
-2.357,-2.114
-2.359,-2.243
-2.302,0.569
-2.306,-0.062
-2.39,-2.092
-2.416,-1.653
-2.404,-1.301
-2.395,-0.839
-2.549,-0.45
-2.498,-1.771
-2.844,-3.504
-2.928,-3.66
-2.966,-3.493
2.861,-3.518
2.664,-3.506
2.438,-3.61
2.007,-3.554
1.883,-3.535
1.564,-3.723
1.522,-3.582
0.598,-3.599
0.53,-3.454
0.206,-3.417
-0.087,-3.875
-0.26,-3.791
-0.236,-3.787
-1.241,-3.62
-1.841,-3.8
-2.098,-3.562
-2.489,-3.562
-2.776,0.61
-2.935,0.618
3.093,0.764
3.04,0.735
2.907,0.619
1.454,0.573
1.056,0.657
0.957,0.673
-0.149,0.788
-0.729,0.763
-1.137,0.746
-1.347,0.812
-2.055,0.542
-2.268,0.776
2.943,0.304
1.621,-1.829
0.745,-1.114
-0.306,-2.327
-0.669,-0.13
-1.604,-0.432
-2.268,-0.659
-2.955,-3.664
0.238,0.643
-2.528,0.222
-2.649,-3.086
-2.629,-2.364
-2.817,-2.198
-2.846,-3.172
-2.809,-2.24
-2.861,-1.009
-2.873,-1.71
-2.947,-2.507
3.129,-1.161
-3.098,0.326
-3.123,-1.817
3.031,-1.275
3.01,0.178
2.985,0.475
2.977,0.33
3.029,-1.12
2.822,0.366
2.843,0.201
2.582,0.417
2.665,-2.059
2.548,-1.307
2.372,-1.5
2.375,-2.494
2.485,-1.836
2.347,-2.889
2.436,-3.327
2.179,0.261
2.046,-0.98
1.882,0.312
2.0,-1.067
1.986,-0.675
1.847,-3.004
1.917,-0.753
1.715,-3.202
1.722,-2.114
1.605,-0.331
1.723,0.553
1.664,-2.417
1.481,-0.032
1.552,-1.17
1.525,0.108
1.53,-1.47
1.39,-0.834
1.354,-3.154
1.333,-1.171
1.4,-2.111
1.216,-2.157
1.315,-1.078
1.267,-2.001
1.048,-2.015
0.841,-0.727
0.927,0.502
0.775,-1.824
0.758,-2.513
0.818,-0.823
0.78,-2.367
0.626,-2.195
0.621,0.388
0.462,-1.444
0.561,-1.375
0.407,0.627
0.436,-0.005
0.259,-0.121
0.365,-0.735
0.16,0.421
0.176,-0.944
0.049,-2.413
0.044,-2.477
-0.109,-1.205
-0.001,-2.613
-0.166,-1.015
-0.039,-2.398
-0.096,0.463
-0.162,-2.373
-0.143,-3.048
-0.321,-0.036
-0.195,-1.825
-0.262,-0.903
-0.284,0.297
-0.288,-3.412
-0.44,-2.057
-0.368,-0.931
-0.486,-0.462
-0.427,0.175
-0.614,0.147
-0.516,-0.632
-0.633,-2.663
-0.642,-0.906
-0.84,-0.689
-0.845,-1.366
-0.779,-1.774
-0.796,-2.214
-0.941,0.3
-0.844,-2.219
-0.966,-3.31
-1.009,-3.207
-1.025,-0.441
-1.158,-0.474
-1.236,-1.119
-1.221,-1.415
-1.233,0.556
-1.46,-0.252
-1.333,0.082
-1.675,-1.007
-1.58,-2.49
-1.706,-2.599
-1.757,-1.89
-1.855,-3.373
-1.913,-2.494
-1.972,-0.972
-2.111,-2.593
-2.136,-2.477
-2.13,-1.447
-2.29,-1.206
-2.164,-2.011
-2.213,-0.647
-2.273,-2.199
-2.315,-2.076
-2.43,-0.52
-2.598,-1.773
2.82,-3.691
2.838,-3.599
2.605,-3.686
1.603,-3.859
1.533,-3.423
1.383,-3.695
0.651,-3.605
0.572,-3.486
0.103,-3.932
-0.023,-3.663
-0.897,-3.58
-1.074,-3.765
-1.318,-3.797
-1.398,-3.514
-1.904,-3.788
-1.825,-3.749
-1.813,-3.718
-2.294,-3.811
-2.412,-3.641
-2.568,-3.784
-2.744,0.613
3.133,0.723
1.672,0.621
1.262,0.652
1.023,0.625
1.155,0.736
0.919,0.696
0.282,0.664
-0.31,0.737
-0.186,0.707
-0.635,0.679
-1.805,0.434
-3.058,0.058
1.567,-2.245
-2.523,-2.629
1.051,-0.774
0.75,-0.284
0.545,-2.453
-0.137,-2.415
-0.219,-1.592
-0.673,-0.271
-1.136,-1.259
-1.814,0.123
-1.883,-0.191
-2.022,-0.071
-2.129,-0.548
-2.928,-2.365
-0.156,-1.522
-0.976,-1.027
-1.804,-1.731
-1.915,-1.984
2.24,-3.407
0.813,-3.352
-2.095,0.274
-2.51,0.342
-0.08,0.28
-0.092,1.965
-0.152,1.936
-0.177,0.449
-0.114,-0.051
-0.124,1.659
-0.206,1.559
-0.199,-0.579
-0.218,-1.389
-0.315,0.39
-0.263,1.372
-0.324,0.278
-0.378,-0.181
-0.426,-1.012
-0.396,0.914
-0.445,-1.148
-0.45,1.195
-0.449,1.531
-0.541,-1.144
-0.492,2.151
-0.598,2.271
-0.545,1.274
-0.623,1.974
-0.969,0.698
-0.926,1.724
-1.026,2.257
-1.022,-0.517
-0.979,0.841
-1.064,-0.781
-1.102,0.327
-1.046,0.86
-1.128,1.194
-1.137,-0.598
-1.12,-0.502
-1.25,0.275
-1.354,0.771
-1.49,0.631
-1.43,2.254
-1.53,0.333
-1.533,0.537
-1.65,1.304
-1.756,0.965
-1.851,0.873
-1.912,-0.351
-1.848,-1.281
-1.858,0.461
-1.906,-0.495
-2.069,-0.461
-2.134,-1.474
-2.19,-1.387
-2.225,0.913
-2.198,0.263
-2.22,1.171
-2.225,1.757
-2.244,1.517
-2.214,0.925
-2.281,-0.332
-2.283,-0.461
-2.226,2.351
-2.23,1.72
-2.314,-0.31
-2.34,0.129
-2.328,0.481
-2.319,0.943
-2.473,1.332
-2.422,0.011
-2.768,-1.722
-2.852,-1.878
-2.89,-1.711
2.937,-1.736
2.74,-1.724
2.514,-1.828
2.083,-1.772
1.959,-1.753
1.64,-1.941
1.598,-1.8
0.674,-1.817
0.606,-1.672
0.282,-1.635
-0.011,-2.093
-0.184,-2.009
-0.16,-2.005
-1.165,-1.838
-1.765,-2.018
-2.022,-1.78
-2.413,-1.78
-2.7,2.392
-2.859,2.4
-3.114,2.546
3.116,2.517
2.983,2.401
1.53,2.355
1.132,2.439
1.033,2.455
-0.073,2.57
-0.653,2.545
-1.061,2.528
-1.271,2.594
-1.979,2.324
-2.192,2.558
3.019,2.086
1.697,-0.047
0.821,0.668
-0.23,-0.545
-0.593,1.652
-1.528,1.35
-2.192,1.123
-2.879,-1.882
0.314,2.425
-2.452,2.004
-2.573,-1.304
-2.553,-0.582
-2.741,-0.416
-2.77,-1.39
-2.733,-0.458
-2.785,0.773
-2.797,0.072
-2.871,-0.725
-3.078,0.621
-3.022,2.108
-3.047,-0.035
3.107,0.507
3.086,1.96
3.061,2.257
3.053,2.112
3.105,0.662
2.898,2.148
2.919,1.983
2.658,2.199
2.741,-0.277
2.624,0.475
2.448,0.282
2.451,-0.712
2.561,-0.054
2.423,-1.107
2.512,-1.545
2.255,2.043
2.122,0.802
1.958,2.094
2.076,0.715
2.062,1.107
1.923,-1.222
1.993,1.029
1.791,-1.42
1.798,-0.332
1.681,1.451
1.799,2.335
1.74,-0.635
1.557,1.75
1.628,0.612
1.601,1.89
1.606,0.312
1.466,0.948
1.43,-1.372
1.409,0.611
1.476,-0.329
1.292,-0.375
1.391,0.704
1.343,-0.219
1.124,-0.233
0.917,1.055
1.003,2.284
0.851,-0.042
0.834,-0.731
0.894,0.959
0.856,-0.585
0.702,-0.413
0.697,2.17
0.538,0.338
0.637,0.407
0.483,2.409
0.512,1.777
0.335,1.661
0.441,1.047
0.236,2.203
0.252,0.838
0.125,-0.631
0.12,-0.695
-0.033,0.577
0.075,-0.831
-0.09,0.767
0.037,-0.616
-0.02,2.245
-0.086,-0.591
-0.067,-1.266
-0.245,1.746
-0.119,-0.043
-0.186,0.879
-0.208,2.079
-0.212,-1.63
-0.364,-0.275
-0.292,0.851
-0.41,1.32
-0.351,1.957
-0.538,1.929
-0.44,1.15
-0.557,-0.881
-0.566,0.876
-0.764,1.093
-0.769,0.416
-0.703,0.008
-0.72,-0.432
-0.865,2.082
-0.768,-0.437
-0.89,-1.528
-0.933,-1.425
-0.949,1.341
-1.082,1.308
-1.16,0.663
-1.145,0.367
-1.157,2.338
-1.384,1.53
-1.257,1.864
-1.599,0.775
-1.504,-0.708
-1.63,-0.817
-1.681,-0.108
-1.779,-1.591
-1.837,-0.712
-1.896,0.81
-2.035,-0.811
-2.06,-0.695
-2.054,0.335
-2.214,0.576
-2.088,-0.229
-2.137,1.135
-2.197,-0.417
-2.239,-0.294
-2.354,1.262
-2.522,0.009
2.896,-1.909
2.914,-1.817
2.681,-1.904
1.679,-2.077
1.609,-1.641
1.459,-1.913
0.727,-1.823
0.648,-1.704
0.179,-2.15
0.053,-1.881
-0.821,-1.798
-0.998,-1.983
-1.242,-2.015
-1.322,-1.732
-1.828,-2.006
-1.749,-1.967
-1.737,-1.936
-2.218,-2.029
-2.336,-1.859
-2.492,-2.002
-2.668,2.395
-3.074,2.505
1.748,2.403
1.338,2.434
1.099,2.407
1.231,2.518
0.995,2.478
0.358,2.446
-0.234,2.519
-0.11,2.489
-0.559,2.461
-1.729,2.216
-2.982,1.84
1.643,-0.463
-2.447,-0.847
1.127,1.008
0.826,1.498
0.621,-0.671
-0.061,-0.633
-0.143,0.19
-0.597,1.511
-1.06,0.523
-1.738,1.905
-1.807,1.591
-1.946,1.711
-2.053,1.234
-2.852,-0.583
-0.08,0.26
-0.9,0.755
-1.728,0.051
-1.839,-0.202
2.316,-1.625
0.889,-1.57
-2.019,2.056
-2.434,2.124
-0.012,1.685
-0.072,1.656
-0.097,0.169
-0.034,-0.331
-0.044,1.379
-0.126,1.279
-0.119,-0.859
-0.138,-1.669
-0.235,0.11
-0.183,1.092
-0.244,-0.002
-0.298,-0.461
-0.346,-1.292
-0.316,0.634
-0.365,-1.428
-0.37,0.915
-0.369,1.251
-0.461,-1.424
-0.412,1.871
-0.518,1.991
-0.465,0.994
-0.543,1.694
-0.889,0.418
-0.846,1.444
-0.946,1.977
-0.942,-0.797
-0.899,0.561
-0.984,-1.061
-1.022,0.047
-0.966,0.58
-1.048,0.914
-1.057,-0.878
-1.04,-0.782
-1.17,-0.005
-1.274,0.491
-1.41,0.351
-1.35,1.974
-1.45,0.053
-1.453,0.257
-1.57,1.024
-1.676,0.685
-1.771,0.593
-1.832,-0.631
-1.768,-1.561
-1.778,0.181
-1.826,-0.775
-1.989,-0.741
-2.054,-1.754
-2.11,-1.667
-2.145,0.633
-2.118,-0.017
-2.14,0.891
-2.145,1.477
-2.164,1.237
-2.134,0.645
-2.201,-0.612
-2.203,-0.741
-2.146,2.071
-2.15,1.44
-2.234,-0.59
-2.26,-0.151
-2.248,0.201
-2.239,0.663
-2.393,1.052
-2.342,-0.269
-2.688,-2.002
-2.772,-2.158
-2.81,-1.991
3.017,-2.016
2.82,-2.004
2.594,-2.108
2.163,-2.052
2.039,-2.033
1.72,-2.221
1.678,-2.08
0.754,-2.097
0.686,-1.952
0.362,-1.915
0.069,-2.373
-0.104,-2.289
-0.08,-2.285
-1.085,-2.118
-1.685,-2.298
-1.942,-2.06
-2.333,-2.06
-2.62,2.112
-2.779,2.12
-3.034,2.266
-3.087,2.237
3.063,2.121
1.61,2.075
1.212,2.159
1.113,2.175
0.007,2.29
-0.573,2.265
-0.981,2.248
-1.191,2.314
-1.899,2.044
-2.112,2.278
3.099,1.806
1.777,-0.327
0.901,0.388
-0.15,-0.825
-0.513,1.372
-1.448,1.07
-2.112,0.843
-2.799,-2.162
0.394,2.145
-2.372,1.724
-2.493,-1.584
-2.473,-0.862
-2.661,-0.696
-2.69,-1.67
-2.653,-0.738
-2.705,0.493
-2.717,-0.208
-2.791,-1.005
-2.998,0.341
-2.942,1.828
-2.967,-0.315
-3.096,0.227
-3.117,1.68
3.141,1.977
3.133,1.832
-3.098,0.382
2.978,1.868
2.999,1.703
2.738,1.919
2.821,-0.557
2.704,0.195
2.528,0.002
2.531,-0.992
2.641,-0.334
2.503,-1.387
2.592,-1.825
2.335,1.763
2.202,0.522
2.038,1.814
2.156,0.435
2.142,0.827
2.003,-1.502
2.073,0.749
1.871,-1.7
1.878,-0.612
1.761,1.171
1.879,2.055
1.82,-0.915
1.637,1.47
1.708,0.332
1.681,1.61
1.686,0.032
1.546,0.668
1.51,-1.652
1.489,0.331
1.556,-0.609
1.372,-0.655
1.471,0.424
1.423,-0.499
1.204,-0.513
0.997,0.775
1.083,2.004
0.931,-0.322
0.914,-1.011
0.974,0.679
0.936,-0.865
0.782,-0.693
0.777,1.89
0.618,0.058
0.717,0.127
0.563,2.129
0.592,1.497
0.415,1.381
0.521,0.767
0.316,1.923
0.332,0.558
0.205,-0.911
0.2,-0.975
0.047,0.297
0.155,-1.111
-0.01,0.487
0.117,-0.896
0.06,1.965
-0.006,-0.871
0.013,-1.546
-0.165,1.466
-0.039,-0.323
-0.106,0.599
-0.128,1.799
-0.132,-1.91
-0.284,-0.555
-0.212,0.571
-0.33,1.04
-0.271,1.677
-0.458,1.649
-0.36,0.87
-0.477,-1.161
-0.486,0.596
-0.684,0.813
-0.689,0.136
-0.623,-0.272
-0.64,-0.712
-0.785,1.802
-0.688,-0.717
-0.81,-1.808
-0.853,-1.705
-0.869,1.061
-1.002,1.028
-1.08,0.383
-1.065,0.087
-1.077,2.058
-1.304,1.25
-1.177,1.584
-1.519,0.495
-1.424,-0.988
-1.55,-1.097
-1.601,-0.388
-1.699,-1.871
-1.757,-0.992
-1.816,0.53
-1.955,-1.091
-1.98,-0.975
-1.974,0.055
-2.134,0.296
-2.008,-0.509
-2.057,0.855
-2.117,-0.697
-2.159,-0.574
-2.274,0.982
-2.442,-0.271
2.976,-2.189
2.994,-2.097
2.761,-2.184
1.759,-2.357
1.689,-1.921
1.539,-2.193
0.807,-2.103
0.728,-1.984
0.259,-2.43
0.133,-2.161
-0.741,-2.078
-0.918,-2.263
-1.162,-2.295
-1.242,-2.012
-1.748,-2.286
-1.669,-2.247
-1.657,-2.216
-2.138,-2.309
-2.256,-2.139
-2.412,-2.282
-2.588,2.115
-2.994,2.225
1.828,2.123
1.418,2.154
1.179,2.127
1.311,2.238
1.075,2.198
0.438,2.166
-0.154,2.239
-0.03,2.209
-0.479,2.181
-1.649,1.936
-2.902,1.56
1.723,-0.743
-2.367,-1.127
1.207,0.728
0.906,1.218
0.701,-0.951
0.019,-0.913
-0.063,-0.09
-0.517,1.231
-0.98,0.243
-1.658,1.625
-1.727,1.311
-1.866,1.431
-1.973,0.954
-2.772,-0.863
0.0,-0.02
-0.82,0.475
-1.648,-0.229
-1.759,-0.482
2.396,-1.905
0.969,-1.85
-1.939,1.776
-2.354,1.844
-0.06,-0.029
-0.085,-1.516
-0.022,-2.016
-0.032,-0.306
-0.114,-0.406
-0.107,-2.544
-0.126,-3.354
-0.223,-1.575
-0.171,-0.593
-0.232,-1.687
-0.286,-2.146
-0.334,-2.977
-0.304,-1.051
-0.353,-3.113
-0.358,-0.77
-0.357,-0.434
-0.449,-3.109
-0.4,0.186
-0.506,0.306
-0.453,-0.691
-0.531,0.009
-0.877,-1.267
-0.834,-0.241
-0.934,0.292
-0.93,-2.482
-0.887,-1.124
-0.972,-2.746
-1.01,-1.638
-0.954,-1.105
-1.036,-0.771
-1.045,-2.563
-1.028,-2.467
-1.158,-1.69
-1.262,-1.194
-1.398,-1.334
-1.338,0.289
-1.438,-1.632
-1.441,-1.428
-1.558,-0.661
-1.664,-1.0
-1.759,-1.092
-1.82,-2.316
-1.756,-3.246
-1.766,-1.504
-1.814,-2.46
-1.977,-2.426
-2.042,-3.439
-2.098,-3.352
-2.133,-1.052
-2.106,-1.702
-2.128,-0.794
-2.133,-0.208
-2.152,-0.448
-2.122,-1.04
-2.189,-2.297
-2.191,-2.426
-2.134,0.386
-2.138,-0.245
-2.222,-2.275
-2.248,-1.836
-2.236,-1.484
-2.227,-1.022
-2.381,-0.633
-2.33,-1.954
-2.676,-3.687
-2.76,-3.843
-2.798,-3.676
3.029,-3.701
2.832,-3.689
2.606,-3.793
2.175,-3.737
2.051,-3.718
1.732,-3.906
1.69,-3.765
0.766,-3.782
0.698,-3.637
0.374,-3.6
0.081,-4.058
-0.092,-3.974
-0.068,-3.97
-1.073,-3.803
-1.673,-3.983
-1.93,-3.745
-2.321,-3.745
-2.608,0.427
-2.767,0.435
-3.022,0.581
-3.075,0.552
3.075,0.436
1.622,0.39
1.224,0.474
1.125,0.49
0.019,0.605
-0.561,0.58
-0.969,0.563
-1.179,0.629
-1.887,0.359
-2.1,0.593
3.111,0.121
1.789,-2.012
0.913,-1.297
-0.138,-2.51
-0.501,-0.313
-1.436,-0.615
-2.1,-0.842
-2.787,-3.847
0.406,0.46
-2.36,0.039
-2.481,-3.269
-2.461,-2.547
-2.649,-2.381
-2.678,-3.355
-2.641,-2.423
-2.693,-1.192
-2.705,-1.893
-2.779,-2.69
-2.986,-1.344
-2.93,0.143
-2.955,-2.0
-3.084,-1.458
-3.105,-0.005
-3.13,0.292
-3.138,0.147
-3.086,-1.303
2.99,0.183
3.011,0.018
2.75,0.234
2.833,-2.242
2.716,-1.49
2.54,-1.683
2.543,-2.677
2.653,-2.019
2.515,-3.072
2.604,-3.51
2.347,0.078
2.214,-1.163
2.05,0.129
2.168,-1.25
2.154,-0.858
2.015,-3.187
2.085,-0.936
1.883,-3.385
1.89,-2.297
1.773,-0.514
1.891,0.37
1.832,-2.6
1.649,-0.215
1.72,-1.353
1.693,-0.075
1.698,-1.653
1.558,-1.017
1.522,-3.337
1.501,-1.354
1.568,-2.294
1.384,-2.34
1.483,-1.261
1.435,-2.184
1.216,-2.198
1.009,-0.91
1.095,0.319
0.943,-2.007
0.926,-2.696
0.986,-1.006
0.948,-2.55
0.794,-2.378
0.789,0.205
0.63,-1.627
0.729,-1.558
0.575,0.444
0.604,-0.188
0.427,-0.304
0.533,-0.918
0.328,0.238
0.344,-1.127
0.217,-2.596
0.212,-2.66
0.059,-1.388
0.167,-2.796
0.002,-1.198
0.129,-2.581
0.072,0.28
0.006,-2.556
0.025,-3.231
-0.153,-0.219
-0.027,-2.008
-0.094,-1.086
-0.116,0.114
-0.12,-3.595
-0.272,-2.24
-0.2,-1.114
-0.318,-0.645
-0.259,-0.008
-0.446,-0.036
-0.348,-0.815
-0.465,-2.846
-0.474,-1.089
-0.672,-0.872
-0.677,-1.549
-0.611,-1.957
-0.628,-2.397
-0.773,0.117
-0.676,-2.402
-0.798,-3.493
-0.841,-3.39
-0.857,-0.624
-0.99,-0.657
-1.068,-1.302
-1.053,-1.598
-1.065,0.373
-1.292,-0.435
-1.165,-0.101
-1.507,-1.19
-1.412,-2.673
-1.538,-2.782
-1.589,-2.073
-1.687,-3.556
-1.745,-2.677
-1.804,-1.155
-1.943,-2.776
-1.968,-2.66
-1.962,-1.63
-2.122,-1.389
-1.996,-2.194
-2.045,-0.83
-2.105,-2.382
-2.147,-2.259
-2.262,-0.703
-2.43,-1.956
2.988,-3.874
3.006,-3.782
2.773,-3.869
1.771,-4.042
1.701,-3.606
1.551,-3.878
0.819,-3.788
0.74,-3.669
0.271,-4.115
0.145,-3.846
-0.729,-3.763
-0.906,-3.948
-1.15,-3.98
-1.23,-3.697
-1.736,-3.971
-1.657,-3.932
-1.645,-3.901
-2.126,-3.994
-2.244,-3.824
-2.4,-3.967
-2.576,0.43
-2.982,0.54
1.84,0.438
1.43,0.469
1.191,0.442
1.323,0.553
1.087,0.513
0.45,0.481
-0.142,0.554
-0.018,0.524
-0.467,0.496
-1.637,0.251
-2.89,-0.125
1.735,-2.428
-2.355,-2.812
1.219,-0.957
0.918,-0.467
0.713,-2.636
0.031,-2.598
-0.051,-1.775
-0.505,-0.454
-0.968,-1.442
-1.646,-0.06
-1.715,-0.374
-1.854,-0.254
-1.961,-0.731
-2.76,-2.548
0.012,-1.705
-0.808,-1.21
-1.636,-1.914
-1.747,-2.167
2.408,-3.59
0.981,-3.535
-1.927,0.091
-2.342,0.159
-0.025,-1.487
0.038,-1.987
0.028,-0.277
-0.054,-0.377
-0.047,-2.515
-0.066,-3.325
-0.163,-1.546
-0.111,-0.564
-0.172,-1.658
-0.226,-2.117
-0.274,-2.948
-0.244,-1.022
-0.293,-3.084
-0.298,-0.741
-0.297,-0.405
-0.389,-3.08
-0.34,0.215
-0.446,0.335
-0.393,-0.662
-0.471,0.038
-0.817,-1.238
-0.774,-0.212
-0.874,0.321
-0.87,-2.453
-0.827,-1.095
-0.912,-2.717
-0.95,-1.609
-0.894,-1.076
-0.976,-0.742
-0.985,-2.534
-0.968,-2.438
-1.098,-1.661
-1.202,-1.165
-1.338,-1.305
-1.278,0.318
-1.378,-1.603
-1.381,-1.399
-1.498,-0.632
-1.604,-0.971
-1.699,-1.063
-1.76,-2.287
-1.696,-3.217
-1.706,-1.475
-1.754,-2.431
-1.917,-2.397
-1.982,-3.41
-2.038,-3.323
-2.073,-1.023
-2.046,-1.673
-2.068,-0.765
-2.073,-0.179
-2.092,-0.419
-2.062,-1.011
-2.129,-2.268
-2.131,-2.397
-2.074,0.415
-2.078,-0.216
-2.162,-2.246
-2.188,-1.807
-2.176,-1.455
-2.167,-0.993
-2.321,-0.604
-2.27,-1.925
-2.616,-3.658
-2.7,-3.814
-2.738,-3.647
3.089,-3.672
2.892,-3.66
2.666,-3.764
2.235,-3.708
2.111,-3.689
1.792,-3.877
1.75,-3.736
0.826,-3.753
0.758,-3.608
0.434,-3.571
0.141,-4.029
-0.032,-3.945
-0.008,-3.941
-1.013,-3.774
-1.613,-3.954
-1.87,-3.716
-2.261,-3.716
-2.548,0.456
-2.707,0.464
-2.962,0.61
-3.015,0.581
3.135,0.465
1.682,0.419
1.284,0.503
1.185,0.519
0.079,0.634
-0.501,0.609
-0.909,0.592
-1.119,0.658
-1.827,0.388
-2.04,0.622
-3.112,0.15
1.849,-1.983
0.973,-1.268
-0.078,-2.481
-0.441,-0.284
-1.376,-0.586
-2.04,-0.813
-2.727,-3.818
0.466,0.489
-2.3,0.068
-2.421,-3.24
-2.401,-2.518
-2.589,-2.352
-2.618,-3.326
-2.581,-2.394
-2.633,-1.163
-2.645,-1.864
-2.719,-2.661
-2.926,-1.315
-2.87,0.172
-2.895,-1.971
-3.024,-1.429
-3.045,0.024
-3.07,0.321
-3.078,0.176
-3.026,-1.274
3.05,0.212
3.071,0.047
2.81,0.263
2.893,-2.213
2.776,-1.461
2.6,-1.654
2.603,-2.648
2.713,-1.99
2.575,-3.043
2.664,-3.481
2.407,0.107
2.274,-1.134
2.11,0.158
2.228,-1.221
2.214,-0.829
2.075,-3.158
2.145,-0.907
1.943,-3.356
1.95,-2.268
1.833,-0.485
1.951,0.399
1.892,-2.571
1.709,-0.186
1.78,-1.324
1.753,-0.046
1.758,-1.624
1.618,-0.988
1.582,-3.308
1.561,-1.325
1.628,-2.265
1.444,-2.311
1.543,-1.232
1.495,-2.155
1.276,-2.169
1.069,-0.881
1.155,0.348
1.003,-1.978
0.986,-2.667
1.046,-0.977
1.008,-2.521
0.854,-2.349
0.849,0.234
0.69,-1.598
0.789,-1.529
0.635,0.473
0.664,-0.159
0.487,-0.275
0.593,-0.889
0.388,0.267
0.404,-1.098
0.277,-2.567
0.272,-2.631
0.119,-1.359
0.227,-2.767
0.062,-1.169
0.189,-2.552
0.132,0.309
0.066,-2.527
0.085,-3.202
-0.093,-0.19
0.033,-1.979
-0.034,-1.057
-0.056,0.143
-0.06,-3.566
-0.212,-2.211
-0.14,-1.085
-0.258,-0.616
-0.199,0.021
-0.386,-0.007
-0.288,-0.786
-0.405,-2.817
-0.414,-1.06
-0.612,-0.843
-0.617,-1.52
-0.551,-1.928
-0.568,-2.368
-0.713,0.146
-0.616,-2.373
-0.738,-3.464
-0.781,-3.361
-0.797,-0.595
-0.93,-0.628
-1.008,-1.273
-0.993,-1.569
-1.005,0.402
-1.232,-0.406
-1.105,-0.072
-1.447,-1.161
-1.352,-2.644
-1.478,-2.753
-1.529,-2.044
-1.627,-3.527
-1.685,-2.648
-1.744,-1.126
-1.883,-2.747
-1.908,-2.631
-1.902,-1.601
-2.062,-1.36
-1.936,-2.165
-1.985,-0.801
-2.045,-2.353
-2.087,-2.23
-2.202,-0.674
-2.37,-1.927
3.048,-3.845
3.066,-3.753
2.833,-3.84
1.831,-4.013
1.761,-3.577
1.611,-3.849
0.879,-3.759
0.8,-3.64
0.331,-4.086
0.205,-3.817
-0.669,-3.734
-0.846,-3.919
-1.09,-3.951
-1.17,-3.668
-1.676,-3.942
-1.597,-3.903
-1.585,-3.872
-2.066,-3.965
-2.184,-3.795
-2.34,-3.938
-2.516,0.459
-2.922,0.569
1.9,0.467
1.49,0.498
1.251,0.471
1.383,0.582
1.147,0.542
0.51,0.51
-0.082,0.583
0.042,0.553
-0.407,0.525
-1.577,0.28
-2.83,-0.096
1.795,-2.399
-2.295,-2.783
1.279,-0.928
0.978,-0.438
0.773,-2.607
0.091,-2.569
0.009,-1.746
-0.445,-0.425
-0.908,-1.413
-1.586,-0.031
-1.655,-0.345
-1.794,-0.225
-1.901,-0.702
-2.7,-2.519
0.072,-1.676
-0.748,-1.181
-1.576,-1.885
-1.687,-2.138
2.468,-3.561
1.041,-3.506
-1.867,0.12
-2.282,0.188
0.063,-0.5
0.053,1.21
-0.029,1.11
-0.022,-1.028
-0.041,-1.838
-0.138,-0.059
-0.086,0.923
-0.147,-0.171
-0.201,-0.63
-0.249,-1.461
-0.219,0.465
-0.268,-1.597
-0.273,0.746
-0.272,1.082
-0.364,-1.593
-0.315,1.702
-0.421,1.822
-0.368,0.825
-0.446,1.525
-0.792,0.249
-0.749,1.275
-0.849,1.808
-0.845,-0.966
-0.802,0.392
-0.887,-1.23
-0.925,-0.122
-0.869,0.411
-0.951,0.745
-0.96,-1.047
-0.943,-0.951
-1.073,-0.174
-1.177,0.322
-1.313,0.182
-1.253,1.805
-1.353,-0.116
-1.356,0.088
-1.473,0.855
-1.579,0.516
-1.674,0.424
-1.735,-0.8
-1.671,-1.73
-1.681,0.012
-1.729,-0.944
-1.892,-0.91
-1.957,-1.923
-2.013,-1.836
-2.048,0.464
-2.021,-0.186
-2.043,0.722
-2.048,1.308
-2.067,1.068
-2.037,0.476
-2.104,-0.781
-2.106,-0.91
-2.049,1.902
-2.053,1.271
-2.137,-0.759
-2.163,-0.32
-2.151,0.032
-2.142,0.494
-2.296,0.883
-2.245,-0.438
-2.591,-2.171
-2.675,-2.327
-2.713,-2.16
3.114,-2.185
2.917,-2.173
2.691,-2.277
2.26,-2.221
2.136,-2.202
1.817,-2.39
1.775,-2.249
0.851,-2.266
0.783,-2.121
0.459,-2.084
0.166,-2.542
-0.007,-2.458
0.017,-2.454
-0.988,-2.287
-1.588,-2.467
-1.845,-2.229
-2.236,-2.229
-2.523,1.943
-2.682,1.951
-2.937,2.097
-2.99,2.068
-3.123,1.952
1.707,1.906
1.309,1.99
1.21,2.006
0.104,2.121
-0.476,2.096
-0.884,2.079
-1.094,2.145
-1.802,1.875
-2.015,2.109
-3.087,1.637
1.874,-0.496
0.998,0.219
-0.053,-0.994
-0.416,1.203
-1.351,0.901
-2.015,0.674
-2.702,-2.331
0.491,1.976
-2.275,1.555
-2.396,-1.753
-2.376,-1.031
-2.564,-0.865
-2.593,-1.839
-2.556,-0.907
-2.608,0.324
-2.62,-0.377
-2.694,-1.174
-2.901,0.172
-2.845,1.659
-2.87,-0.484
-2.999,0.058
-3.02,1.511
-3.045,1.808
-3.053,1.663
-3.001,0.213
3.075,1.699
3.096,1.534
2.835,1.75
2.918,-0.726
2.801,0.026
2.625,-0.167
2.628,-1.161
2.738,-0.503
2.6,-1.556
2.689,-1.994
2.432,1.594
2.299,0.353
2.135,1.645
2.253,0.266
2.239,0.658
2.1,-1.671
2.17,0.58
1.968,-1.869
1.975,-0.781
1.858,1.002
1.976,1.886
1.917,-1.084
1.734,1.301
1.805,0.163
1.778,1.441
1.783,-0.137
1.643,0.499
1.607,-1.821
1.586,0.162
1.653,-0.778
1.469,-0.824
1.568,0.255
1.52,-0.668
1.301,-0.682
1.094,0.606
1.18,1.835
1.028,-0.491
1.011,-1.18
1.071,0.51
1.033,-1.034
0.879,-0.862
0.874,1.721
0.715,-0.111
0.814,-0.042
0.66,1.96
0.689,1.328
0.512,1.212
0.618,0.598
0.413,1.754
0.429,0.389
0.302,-1.08
0.297,-1.144
0.144,0.128
0.252,-1.28
0.087,0.318
0.214,-1.065
0.157,1.796
0.091,-1.04
0.11,-1.715
-0.068,1.297
0.058,-0.492
-0.009,0.43
-0.031,1.63
-0.035,-2.079
-0.187,-0.724
-0.115,0.402
-0.233,0.871
-0.174,1.508
-0.361,1.48
-0.263,0.701
-0.38,-1.33
-0.389,0.427
-0.587,0.644
-0.592,-0.033
-0.526,-0.441
-0.543,-0.881
-0.688,1.633
-0.591,-0.886
-0.713,-1.977
-0.756,-1.874
-0.772,0.892
-0.905,0.859
-0.983,0.214
-0.968,-0.082
-0.98,1.889
-1.207,1.081
-1.08,1.415
-1.422,0.326
-1.327,-1.157
-1.453,-1.266
-1.504,-0.557
-1.602,-2.04
-1.66,-1.161
-1.719,0.361
-1.858,-1.26
-1.883,-1.144
-1.877,-0.114
-2.037,0.127
-1.911,-0.678
-1.96,0.686
-2.02,-0.866
-2.062,-0.743
-2.177,0.813
-2.345,-0.44
3.073,-2.358
3.091,-2.266
2.858,-2.353
1.856,-2.526
1.786,-2.09
1.636,-2.362
0.904,-2.272
0.825,-2.153
0.356,-2.599
0.23,-2.33
-0.644,-2.247
-0.821,-2.432
-1.065,-2.464
-1.145,-2.181
-1.651,-2.455
-1.572,-2.416
-1.56,-2.385
-2.041,-2.478
-2.159,-2.308
-2.315,-2.451
-2.491,1.946
-2.897,2.056
1.925,1.954
1.515,1.985
1.276,1.958
1.408,2.069
1.172,2.029
0.535,1.997
-0.057,2.07
0.067,2.04
-0.382,2.012
-1.552,1.767
-2.805,1.391
1.82,-0.912
-2.27,-1.296
1.304,0.559
1.003,1.049
0.798,-1.12
0.116,-1.082
0.034,-0.259
-0.42,1.062
-0.883,0.074
-1.561,1.456
-1.63,1.142
-1.769,1.262
-1.876,0.785
-2.675,-1.032
0.097,-0.189
-0.723,0.306
-1.551,-0.398
-1.662,-0.651
2.493,-2.074
1.066,-2.019
-1.842,1.607
-2.257,1.675
-0.01,1.71
-0.092,1.61
-0.085,-0.528
-0.104,-1.338
-0.201,0.441
-0.149,1.423
-0.21,0.329
-0.264,-0.13
-0.312,-0.961
-0.282,0.965
-0.331,-1.097
-0.336,1.246
-0.335,1.582
-0.427,-1.093
-0.378,2.202
-0.484,2.322
-0.431,1.325
-0.509,2.025
-0.855,0.749
-0.812,1.775
-0.912,2.308
-0.908,-0.466
-0.865,0.892
-0.95,-0.73
-0.988,0.378
-0.932,0.911
-1.014,1.245
-1.023,-0.547
-1.006,-0.451
-1.136,0.326
-1.24,0.822
-1.376,0.682
-1.316,2.305
-1.416,0.384
-1.419,0.588
-1.536,1.355
-1.642,1.016
-1.737,0.924
-1.798,-0.3
-1.734,-1.23
-1.744,0.512
-1.792,-0.444
-1.955,-0.41
-2.02,-1.423
-2.076,-1.336
-2.111,0.964
-2.084,0.314
-2.106,1.222
-2.111,1.808
-2.13,1.568
-2.1,0.976
-2.167,-0.281
-2.169,-0.41
-2.112,2.402
-2.116,1.771
-2.2,-0.259
-2.226,0.18
-2.214,0.532
-2.205,0.994
-2.359,1.383
-2.308,0.062
-2.654,-1.671
-2.738,-1.827
-2.776,-1.66
3.051,-1.685
2.854,-1.673
2.628,-1.777
2.197,-1.721
2.073,-1.702
1.754,-1.89
1.712,-1.749
0.788,-1.766
0.72,-1.621
0.396,-1.584
0.103,-2.042
-0.07,-1.958
-0.046,-1.954
-1.051,-1.787
-1.651,-1.967
-1.908,-1.729
-2.299,-1.729
-2.586,2.443
-2.745,2.451
-3.0,2.597
-3.053,2.568
3.097,2.452
1.644,2.406
1.246,2.49
1.147,2.506
0.041,2.621
-0.539,2.596
-0.947,2.579
-1.157,2.645
-1.865,2.375
-2.078,2.609
3.133,2.137
1.811,0.004
0.935,0.719
-0.116,-0.494
-0.479,1.703
-1.414,1.401
-2.078,1.174
-2.765,-1.831
0.428,2.476
-2.338,2.055
-2.459,-1.253
-2.439,-0.531
-2.627,-0.365
-2.656,-1.339
-2.619,-0.407
-2.671,0.824
-2.683,0.123
-2.757,-0.674
-2.964,0.672
-2.908,2.159
-2.933,0.016
-3.062,0.558
-3.083,2.011
-3.108,2.308
-3.116,2.163
-3.064,0.713
3.012,2.199
3.033,2.034
2.772,2.25
2.855,-0.226
2.738,0.526
2.562,0.333
2.565,-0.661
2.675,-0.003
2.537,-1.056
2.626,-1.494
2.369,2.094
2.236,0.853
2.072,2.145
2.19,0.766
2.176,1.158
2.037,-1.171
2.107,1.08
1.905,-1.369
1.912,-0.281
1.795,1.502
1.913,2.386
1.854,-0.584
1.671,1.801
1.742,0.663
1.715,1.941
1.72,0.363
1.58,0.999
1.544,-1.321
1.523,0.662
1.59,-0.278
1.406,-0.324
1.505,0.755
1.457,-0.168
1.238,-0.182
1.031,1.106
1.117,2.335
0.965,0.009
0.948,-0.68
1.008,1.01
0.97,-0.534
0.816,-0.362
0.811,2.221
0.652,0.389
0.751,0.458
0.597,2.46
0.626,1.828
0.449,1.712
0.555,1.098
0.35,2.254
0.366,0.889
0.239,-0.58
0.234,-0.644
0.081,0.628
0.189,-0.78
0.024,0.818
0.151,-0.565
0.094,2.296
0.028,-0.54
0.047,-1.215
-0.131,1.797
-0.005,0.008
-0.072,0.93
-0.094,2.13
-0.098,-1.579
-0.25,-0.224
-0.178,0.902
-0.296,1.371
-0.237,2.008
-0.424,1.98
-0.326,1.201
-0.443,-0.83
-0.452,0.927
-0.65,1.144
-0.655,0.467
-0.589,0.059
-0.606,-0.381
-0.751,2.133
-0.654,-0.386
-0.776,-1.477
-0.819,-1.374
-0.835,1.392
-0.968,1.359
-1.046,0.714
-1.031,0.418
-1.043,2.389
-1.27,1.581
-1.143,1.915
-1.485,0.826
-1.39,-0.657
-1.516,-0.766
-1.567,-0.057
-1.665,-1.54
-1.723,-0.661
-1.782,0.861
-1.921,-0.76
-1.946,-0.644
-1.94,0.386
-2.1,0.627
-1.974,-0.178
-2.023,1.186
-2.083,-0.366
-2.125,-0.243
-2.24,1.313
-2.408,0.06
3.01,-1.858
3.028,-1.766
2.795,-1.853
1.793,-2.026
1.723,-1.59
1.573,-1.862
0.841,-1.772
0.762,-1.653
0.293,-2.099
0.167,-1.83
-0.707,-1.747
-0.884,-1.932
-1.128,-1.964
-1.208,-1.681
-1.714,-1.955
-1.635,-1.916
-1.623,-1.885
-2.104,-1.978
-2.222,-1.808
-2.378,-1.951
-2.554,2.446
-2.96,2.556
1.862,2.454
1.452,2.485
1.213,2.458
1.345,2.569
1.109,2.529
0.472,2.497
-0.12,2.57
0.004,2.54
-0.445,2.512
-1.615,2.267
-2.868,1.891
1.757,-0.412
-2.333,-0.796
1.241,1.059
0.94,1.549
0.735,-0.62
0.053,-0.582
-0.029,0.241
-0.483,1.562
-0.946,0.574
-1.624,1.956
-1.693,1.642
-1.832,1.762
-1.939,1.285
-2.738,-0.532
0.034,0.311
-0.786,0.806
-1.614,0.102
-1.725,-0.151
2.43,-1.574
1.003,-1.519
-1.905,2.107
-2.32,2.175
-0.082,-0.1
-0.075,-2.238
-0.094,-3.048
-0.191,-1.269
-0.139,-0.287
-0.2,-1.381
-0.254,-1.84
-0.302,-2.671
-0.272,-0.745
-0.321,-2.807
-0.326,-0.464
-0.325,-0.128
-0.417,-2.803
-0.368,0.492
-0.474,0.612
-0.421,-0.385
-0.499,0.315
-0.845,-0.961
-0.802,0.065
-0.902,0.598
-0.898,-2.176
-0.855,-0.818
-0.94,-2.44
-0.978,-1.332
-0.922,-0.799
-1.004,-0.465
-1.013,-2.257
-0.996,-2.161
-1.126,-1.384
-1.23,-0.888
-1.366,-1.028
-1.306,0.595
-1.406,-1.326
-1.409,-1.122
-1.526,-0.355
-1.632,-0.694
-1.727,-0.786
-1.788,-2.01
-1.724,-2.94
-1.734,-1.198
-1.782,-2.154
-1.945,-2.12
-2.01,-3.133
-2.066,-3.046
-2.101,-0.746
-2.074,-1.396
-2.096,-0.488
-2.101,0.098
-2.12,-0.142
-2.09,-0.734
-2.157,-1.991
-2.159,-2.12
-2.102,0.692
-2.106,0.061
-2.19,-1.969
-2.216,-1.53
-2.204,-1.178
-2.195,-0.716
-2.349,-0.327
-2.298,-1.648
-2.644,-3.381
-2.728,-3.537
-2.766,-3.37
3.061,-3.395
2.864,-3.383
2.638,-3.487
2.207,-3.431
2.083,-3.412
1.764,-3.6
1.722,-3.459
0.798,-3.476
0.73,-3.331
0.406,-3.294
0.113,-3.752
-0.06,-3.668
-0.036,-3.664
-1.041,-3.497
-1.641,-3.677
-1.898,-3.439
-2.289,-3.439
-2.576,0.733
-2.735,0.741
-2.99,0.887
-3.043,0.858
3.107,0.742
1.654,0.696
1.256,0.78
1.157,0.796
0.051,0.911
-0.529,0.886
-0.937,0.869
-1.147,0.935
-1.855,0.665
-2.068,0.899
-3.14,0.427
1.821,-1.706
0.945,-0.991
-0.106,-2.204
-0.469,-0.007
-1.404,-0.309
-2.068,-0.536
-2.755,-3.541
0.438,0.766
-2.328,0.345
-2.449,-2.963
-2.429,-2.241
-2.617,-2.075
-2.646,-3.049
-2.609,-2.117
-2.661,-0.886
-2.673,-1.587
-2.747,-2.384
-2.954,-1.038
-2.898,0.449
-2.923,-1.694
-3.052,-1.152
-3.073,0.301
-3.098,0.598
-3.106,0.453
-3.054,-0.997
3.022,0.489
3.043,0.324
2.782,0.54
2.865,-1.936
2.748,-1.184
2.572,-1.377
2.575,-2.371
2.685,-1.713
2.547,-2.766
2.636,-3.204
2.379,0.384
2.246,-0.857
2.082,0.435
2.2,-0.944
2.186,-0.552
2.047,-2.881
2.117,-0.63
1.915,-3.079
1.922,-1.991
1.805,-0.208
1.923,0.676
1.864,-2.294
1.681,0.091
1.752,-1.047
1.725,0.231
1.73,-1.347
1.59,-0.711
1.554,-3.031
1.533,-1.048
1.6,-1.988
1.416,-2.034
1.515,-0.955
1.467,-1.878
1.248,-1.892
1.041,-0.604
1.127,0.625
0.975,-1.701
0.958,-2.39
1.018,-0.7
0.98,-2.244
0.826,-2.072
0.821,0.511
0.662,-1.321
0.761,-1.252
0.607,0.75
0.636,0.118
0.459,0.002
0.565,-0.612
0.36,0.544
0.376,-0.821
0.249,-2.29
0.244,-2.354
0.091,-1.082
0.199,-2.49
0.034,-0.892
0.161,-2.275
0.104,0.586
0.038,-2.25
0.057,-2.925
-0.121,0.087
0.005,-1.702
-0.062,-0.78
-0.084,0.42
-0.088,-3.289
-0.24,-1.934
-0.168,-0.808
-0.286,-0.339
-0.227,0.298
-0.414,0.27
-0.316,-0.509
-0.433,-2.54
-0.442,-0.783
-0.64,-0.566
-0.645,-1.243
-0.579,-1.651
-0.596,-2.091
-0.741,0.423
-0.644,-2.096
-0.766,-3.187
-0.809,-3.084
-0.825,-0.318
-0.958,-0.351
-1.036,-0.996
-1.021,-1.292
-1.033,0.679
-1.26,-0.129
-1.133,0.205
-1.475,-0.884
-1.38,-2.367
-1.506,-2.476
-1.557,-1.767
-1.655,-3.25
-1.713,-2.371
-1.772,-0.849
-1.911,-2.47
-1.936,-2.354
-1.93,-1.324
-2.09,-1.083
-1.964,-1.888
-2.013,-0.524
-2.073,-2.076
-2.115,-1.953
-2.23,-0.397
-2.398,-1.65
3.02,-3.568
3.038,-3.476
2.805,-3.563
1.803,-3.736
1.733,-3.3
1.583,-3.572
0.851,-3.482
0.772,-3.363
0.303,-3.809
0.177,-3.54
-0.697,-3.457
-0.874,-3.642
-1.118,-3.674
-1.198,-3.391
-1.704,-3.665
-1.625,-3.626
-1.613,-3.595
-2.094,-3.688
-2.212,-3.518
-2.368,-3.661
-2.544,0.736
-2.95,0.846
1.872,0.744
1.462,0.775
1.223,0.748
1.355,0.859
1.119,0.819
0.482,0.787
-0.11,0.86
0.014,0.83
-0.435,0.802
-1.605,0.557
-2.858,0.181
1.767,-2.122
-2.323,-2.506
1.251,-0.651
0.95,-0.161
0.745,-2.33
0.063,-2.292
-0.019,-1.469
-0.473,-0.148
-0.936,-1.136
-1.614,0.246
-1.683,-0.068
-1.822,0.052
-1.929,-0.425
-2.728,-2.242
0.044,-1.399
-0.776,-0.904
-1.604,-1.608
-1.715,-1.861
2.44,-3.284
1.013,-3.229
-1.895,0.397
-2.31,0.465
0.007,-2.138
-0.012,-2.948
-0.109,-1.169
-0.057,-0.187
-0.118,-1.281
-0.172,-1.74
-0.22,-2.571
-0.19,-0.645
-0.239,-2.707
-0.244,-0.364
-0.243,-0.028
-0.335,-2.703
-0.286,0.592
-0.392,0.712
-0.339,-0.285
-0.417,0.415
-0.763,-0.861
-0.72,0.165
-0.82,0.698
-0.816,-2.076
-0.773,-0.718
-0.858,-2.34
-0.896,-1.232
-0.84,-0.699
-0.922,-0.365
-0.931,-2.157
-0.914,-2.061
-1.044,-1.284
-1.148,-0.788
-1.284,-0.928
-1.224,0.695
-1.324,-1.226
-1.327,-1.022
-1.444,-0.255
-1.55,-0.594
-1.645,-0.686
-1.706,-1.91
-1.642,-2.84
-1.652,-1.098
-1.7,-2.054
-1.863,-2.02
-1.928,-3.033
-1.984,-2.946
-2.019,-0.646
-1.992,-1.296
-2.014,-0.388
-2.019,0.198
-2.038,-0.042
-2.008,-0.634
-2.075,-1.891
-2.077,-2.02
-2.02,0.792
-2.024,0.161
-2.108,-1.869
-2.134,-1.43
-2.122,-1.078
-2.113,-0.616
-2.267,-0.227
-2.216,-1.548
-2.562,-3.281
-2.646,-3.437
-2.684,-3.27
-3.14,-3.295
2.946,-3.283
2.72,-3.387
2.289,-3.331
2.165,-3.312
1.846,-3.5
1.804,-3.359
0.88,-3.376
0.812,-3.231
0.488,-3.194
0.195,-3.652
0.022,-3.568
0.046,-3.564
-0.959,-3.397
-1.559,-3.577
-1.816,-3.339
-2.207,-3.339
-2.494,0.833
-2.653,0.841
-2.908,0.987
-2.961,0.958
-3.094,0.842
1.736,0.796
1.338,0.88
1.239,0.896
0.133,1.011
-0.447,0.986
-0.855,0.969
-1.065,1.035
-1.773,0.765
-1.986,0.999
-3.058,0.527
1.903,-1.606
1.027,-0.891
-0.024,-2.104
-0.387,0.093
-1.322,-0.209
-1.986,-0.436
-2.673,-3.441
0.52,0.866
-2.246,0.445
-2.367,-2.863
-2.347,-2.141
-2.535,-1.975
-2.564,-2.949
-2.527,-2.017
-2.579,-0.786
-2.591,-1.487
-2.665,-2.284
-2.872,-0.938
-2.816,0.549
-2.841,-1.594
-2.97,-1.052
-2.991,0.401
-3.016,0.698
-3.024,0.553
-2.972,-0.897
3.104,0.589
3.125,0.424
2.864,0.64
2.947,-1.836
2.83,-1.084
2.654,-1.277
2.657,-2.271
2.767,-1.613
2.629,-2.666
2.718,-3.104
2.461,0.484
2.328,-0.757
2.164,0.535
2.282,-0.844
2.268,-0.452
2.129,-2.781
2.199,-0.53
1.997,-2.979
2.004,-1.891
1.887,-0.108
2.005,0.776
1.946,-2.194
1.763,0.191
1.834,-0.947
1.807,0.331
1.812,-1.247
1.672,-0.611
1.636,-2.931
1.615,-0.948
1.682,-1.888
1.498,-1.934
1.597,-0.855
1.549,-1.778
1.33,-1.792
1.123,-0.504
1.209,0.725
1.057,-1.601
1.04,-2.29
1.1,-0.6
1.062,-2.144
0.908,-1.972
0.903,0.611
0.744,-1.221
0.843,-1.152
0.689,0.85
0.718,0.218
0.541,0.102
0.647,-0.512
0.442,0.644
0.458,-0.721
0.331,-2.19
0.326,-2.254
0.173,-0.982
0.281,-2.39
0.116,-0.792
0.243,-2.175
0.186,0.686
0.12,-2.15
0.139,-2.825
-0.039,0.187
0.087,-1.602
0.02,-0.68
-0.002,0.52
-0.006,-3.189
-0.158,-1.834
-0.086,-0.708
-0.204,-0.239
-0.145,0.398
-0.332,0.37
-0.234,-0.409
-0.351,-2.44
-0.36,-0.683
-0.558,-0.466
-0.563,-1.143
-0.497,-1.551
-0.514,-1.991
-0.659,0.523
-0.562,-1.996
-0.684,-3.087
-0.727,-2.984
-0.743,-0.218
-0.876,-0.251
-0.954,-0.896
-0.939,-1.192
-0.951,0.779
-1.178,-0.029
-1.051,0.305
-1.393,-0.784
-1.298,-2.267
-1.424,-2.376
-1.475,-1.667
-1.573,-3.15
-1.631,-2.271
-1.69,-0.749
-1.829,-2.37
-1.854,-2.254
-1.848,-1.224
-2.008,-0.983
-1.882,-1.788
-1.931,-0.424
-1.991,-1.976
-2.033,-1.853
-2.148,-0.297
-2.316,-1.55
3.102,-3.468
3.12,-3.376
2.887,-3.463
1.885,-3.636
1.815,-3.2
1.665,-3.472
0.933,-3.382
0.854,-3.263
0.385,-3.709
0.259,-3.44
-0.615,-3.357
-0.792,-3.542
-1.036,-3.574
-1.116,-3.291
-1.622,-3.565
-1.543,-3.526
-1.531,-3.495
-2.012,-3.588
-2.13,-3.418
-2.286,-3.561
-2.462,0.836
-2.868,0.946
1.954,0.844
1.544,0.875
1.305,0.848
1.437,0.959
1.201,0.919
0.564,0.887
-0.028,0.96
0.096,0.93
-0.353,0.902
-1.523,0.657
-2.776,0.281
1.849,-2.022
-2.241,-2.406
1.333,-0.551
1.032,-0.061
0.827,-2.23
0.145,-2.192
0.063,-1.369
-0.391,-0.048
-0.854,-1.036
-1.532,0.346
-1.601,0.032
-1.74,0.152
-1.847,-0.325
-2.646,-2.142
0.126,-1.299
-0.694,-0.804
-1.522,-1.508
-1.633,-1.761
2.522,-3.184
1.095,-3.129
-1.813,0.497
-2.228,0.565
-0.019,-0.81
-0.116,0.969
-0.064,1.951
-0.125,0.857
-0.179,0.398
-0.227,-0.433
-0.197,1.493
-0.246,-0.569
-0.251,1.774
-0.25,2.11
-0.342,-0.565
-0.293,2.73
-0.399,2.85
-0.346,1.853
-0.424,2.553
-0.77,1.277
-0.727,2.303
-0.827,2.836
-0.823,0.062
-0.78,1.42
-0.865,-0.202
-0.903,0.906
-0.847,1.439
-0.929,1.773
-0.938,-0.019
-0.921,0.077
-1.051,0.854
-1.155,1.35
-1.291,1.21
-1.231,2.833
-1.331,0.912
-1.334,1.116
-1.451,1.883
-1.557,1.544
-1.652,1.452
-1.713,0.228
-1.649,-0.702
-1.659,1.04
-1.707,0.084
-1.87,0.118
-1.935,-0.895
-1.991,-0.808
-2.026,1.492
-1.999,0.842
-2.021,1.75
-2.026,2.336
-2.045,2.096
-2.015,1.504
-2.082,0.247
-2.084,0.118
-2.027,2.93
-2.031,2.299
-2.115,0.269
-2.141,0.708
-2.129,1.06
-2.12,1.522
-2.274,1.911
-2.223,0.59
-2.569,-1.143
-2.653,-1.299
-2.691,-1.132
3.136,-1.157
2.939,-1.145
2.713,-1.249
2.282,-1.193
2.158,-1.174
1.839,-1.362
1.797,-1.221
0.873,-1.238
0.805,-1.093
0.481,-1.056
0.188,-1.514
0.015,-1.43
0.039,-1.426
-0.966,-1.259
-1.566,-1.439
-1.823,-1.201
-2.214,-1.201
-2.501,2.971
-2.66,2.979
-2.915,3.125
-2.968,3.096
-3.101,2.98
1.729,2.934
1.331,3.018
1.232,3.034
0.126,3.149
-0.454,3.124
-0.862,3.107
-1.072,3.173
-1.78,2.903
-1.993,3.137
-3.065,2.665
1.896,0.532
1.02,1.247
-0.031,0.034
-0.394,2.231
-1.329,1.929
-1.993,1.702
-2.68,-1.303
0.513,3.004
-2.253,2.583
-2.374,-0.725
-2.354,-0.003
-2.542,0.163
-2.571,-0.811
-2.534,0.121
-2.586,1.352
-2.598,0.651
-2.672,-0.146
-2.879,1.2
-2.823,2.687
-2.848,0.544
-2.977,1.086
-2.998,2.539
-3.023,2.836
-3.031,2.691
-2.979,1.241
3.097,2.727
3.118,2.562
2.857,2.778
2.94,0.302
2.823,1.054
2.647,0.861
2.65,-0.133
2.76,0.525
2.622,-0.528
2.711,-0.966
2.454,2.622
2.321,1.381
2.157,2.673
2.275,1.294
2.261,1.686
2.122,-0.643
2.192,1.608
1.99,-0.841
1.997,0.247
1.88,2.03
1.998,2.914
1.939,-0.056
1.756,2.329
1.827,1.191
1.8,2.469
1.805,0.891
1.665,1.527
1.629,-0.793
1.608,1.19
1.675,0.25
1.491,0.204
1.59,1.283
1.542,0.36
1.323,0.346
1.116,1.634
1.202,2.863
1.05,0.537
1.033,-0.152
1.093,1.538
1.055,-0.006
0.901,0.166
0.896,2.749
0.737,0.917
0.836,0.986
0.682,2.988
0.711,2.356
0.534,2.24
0.64,1.626
0.435,2.782
0.451,1.417
0.324,-0.052
0.319,-0.116
0.166,1.156
0.274,-0.252
0.109,1.346
0.236,-0.037
0.179,2.824
0.113,-0.012
0.132,-0.687
-0.046,2.325
0.08,0.536
0.013,1.458
-0.009,2.658
-0.013,-1.051
-0.165,0.304
-0.093,1.43
-0.211,1.899
-0.152,2.536
-0.339,2.508
-0.241,1.729
-0.358,-0.302
-0.367,1.455
-0.565,1.672
-0.57,0.995
-0.504,0.587
-0.521,0.147
-0.666,2.661
-0.569,0.142
-0.691,-0.949
-0.734,-0.846
-0.75,1.92
-0.883,1.887
-0.961,1.242
-0.946,0.946
-0.958,2.917
-1.185,2.109
-1.058,2.443
-1.4,1.354
-1.305,-0.129
-1.431,-0.238
-1.482,0.471
-1.58,-1.012
-1.638,-0.133
-1.697,1.389
-1.836,-0.232
-1.861,-0.116
-1.855,0.914
-2.015,1.155
-1.889,0.35
-1.938,1.714
-1.998,0.162
-2.04,0.285
-2.155,1.841
-2.323,0.588
3.095,-1.33
3.113,-1.238
2.88,-1.325
1.878,-1.498
1.808,-1.062
1.658,-1.334
0.926,-1.244
0.847,-1.125
0.378,-1.571
0.252,-1.302
-0.622,-1.219
-0.799,-1.404
-1.043,-1.436
-1.123,-1.153
-1.629,-1.427
-1.55,-1.388
-1.538,-1.357
-2.019,-1.45
-2.137,-1.28
-2.293,-1.423
-2.469,2.974
-2.875,3.084
1.947,2.982
1.537,3.013
1.298,2.986
1.43,3.097
1.194,3.057
0.557,3.025
-0.035,3.098
0.089,3.068
-0.36,3.04
-1.53,2.795
-2.783,2.419
1.842,0.116
-2.248,-0.268
1.326,1.587
1.025,2.077
0.82,-0.092
0.138,-0.054
0.056,0.769
-0.398,2.09
-0.861,1.102
-1.539,2.484
-1.608,2.17
-1.747,2.29
-1.854,1.813
-2.653,-0.004
0.119,0.839
-0.701,1.334
-1.529,0.63
-1.64,0.377
2.515,-1.046
1.088,-0.991
-1.82,2.635
-2.235,2.703
-0.097,1.779
-0.045,2.761
-0.106,1.667
-0.16,1.208
-0.208,0.377
-0.178,2.303
-0.227,0.241
-0.232,2.584
-0.231,2.92
-0.323,0.245
-0.274,3.54
-0.38,3.66
-0.327,2.663
-0.405,3.363
-0.751,2.087
-0.708,3.113
-0.808,3.646
-0.804,0.872
-0.761,2.23
-0.846,0.608
-0.884,1.716
-0.828,2.249
-0.91,2.583
-0.919,0.791
-0.902,0.887
-1.032,1.664
-1.136,2.16
-1.272,2.02
-1.212,3.643
-1.312,1.722
-1.315,1.926
-1.432,2.693
-1.538,2.354
-1.633,2.262
-1.694,1.038
-1.63,0.108
-1.64,1.85
-1.688,0.894
-1.851,0.928
-1.916,-0.085
-1.972,0.002
-2.007,2.302
-1.98,1.652
-2.002,2.56
-2.007,3.146
-2.026,2.906
-1.996,2.314
-2.063,1.057
-2.065,0.928
-2.008,3.74
-2.012,3.109
-2.096,1.079
-2.122,1.518
-2.11,1.87
-2.101,2.332
-2.255,2.721
-2.204,1.4
-2.55,-0.333
-2.634,-0.489
-2.672,-0.322
-3.128,-0.347
2.958,-0.335
2.732,-0.439
2.301,-0.383
2.177,-0.364
1.858,-0.552
1.816,-0.411
0.892,-0.428
0.824,-0.283
0.5,-0.246
0.207,-0.704
0.034,-0.62
0.058,-0.616
-0.947,-0.449
-1.547,-0.629
-1.804,-0.391
-2.195,-0.391
-2.482,3.781
-2.641,3.789
-2.896,3.935
-2.949,3.906
-3.082,3.79
1.748,3.744
1.35,3.828
1.251,3.844
0.145,3.959
-0.435,3.934
-0.843,3.917
-1.053,3.983
-1.761,3.713
-1.974,3.947
-3.046,3.475
1.915,1.342
1.039,2.057
-0.012,0.844
-0.375,3.041
-1.31,2.739
-1.974,2.512
-2.661,-0.493
0.532,3.814
-2.234,3.393
-2.355,0.085
-2.335,0.807
-2.523,0.973
-2.552,-0.001
-2.515,0.931
-2.567,2.162
-2.579,1.461
-2.653,0.664
-2.86,2.01
-2.804,3.497
-2.829,1.354
-2.958,1.896
-2.979,3.349
-3.004,3.646
-3.012,3.501
-2.96,2.051
3.116,3.537
3.137,3.372
2.876,3.588
2.959,1.112
2.842,1.864
2.666,1.671
2.669,0.677
2.779,1.335
2.641,0.282
2.73,-0.156
2.473,3.432
2.34,2.191
2.176,3.483
2.294,2.104
2.28,2.496
2.141,0.167
2.211,2.418
2.009,-0.031
2.016,1.057
1.899,2.84
2.017,3.724
1.958,0.754
1.775,3.139
1.846,2.001
1.819,3.279
1.824,1.701
1.684,2.337
1.648,0.017
1.627,2.0
1.694,1.06
1.51,1.014
1.609,2.093
1.561,1.17
1.342,1.156
1.135,2.444
1.221,3.673
1.069,1.347
1.052,0.658
1.112,2.348
1.074,0.804
0.92,0.976
0.915,3.559
0.756,1.727
0.855,1.796
0.701,3.798
0.73,3.166
0.553,3.05
0.659,2.436
0.454,3.592
0.47,2.227
0.343,0.758
0.338,0.694
0.185,1.966
0.293,0.558
0.128,2.156
0.255,0.773
0.198,3.634
0.132,0.798
0.151,0.123
-0.027,3.135
0.099,1.346
0.032,2.268
0.01,3.468
0.006,-0.241
-0.146,1.114
-0.074,2.24
-0.192,2.709
-0.133,3.346
-0.32,3.318
-0.222,2.539
-0.339,0.508
-0.348,2.265
-0.546,2.482
-0.551,1.805
-0.485,1.397
-0.502,0.957
-0.647,3.471
-0.55,0.952
-0.672,-0.139
-0.715,-0.036
-0.731,2.73
-0.864,2.697
-0.942,2.052
-0.927,1.756
-0.939,3.727
-1.166,2.919
-1.039,3.253
-1.381,2.164
-1.286,0.681
-1.412,0.572
-1.463,1.281
-1.561,-0.202
-1.619,0.677
-1.678,2.199
-1.817,0.578
-1.842,0.694
-1.836,1.724
-1.996,1.965
-1.87,1.16
-1.919,2.524
-1.979,0.972
-2.021,1.095
-2.136,2.651
-2.304,1.398
3.114,-0.52
3.132,-0.428
2.899,-0.515
1.897,-0.688
1.827,-0.252
1.677,-0.524
0.945,-0.434
0.866,-0.315
0.397,-0.761
0.271,-0.492
-0.603,-0.409
-0.78,-0.594
-1.024,-0.626
-1.104,-0.343
-1.61,-0.617
-1.531,-0.578
-1.519,-0.547
-2.0,-0.64
-2.118,-0.47
-2.274,-0.613
-2.45,3.784
-2.856,3.894
1.966,3.792
1.556,3.823
1.317,3.796
1.449,3.907
1.213,3.867
0.576,3.835
-0.016,3.908
0.108,3.878
-0.341,3.85
-1.511,3.605
-2.764,3.229
1.861,0.926
-2.229,0.542
1.345,2.397
1.044,2.887
0.839,0.718
0.157,0.756
0.075,1.579
-0.379,2.9
-0.842,1.912
-1.52,3.294
-1.589,2.98
-1.728,3.1
-1.835,2.623
-2.634,0.806
0.138,1.649
-0.682,2.144
-1.51,1.44
-1.621,1.187
2.534,-0.236
1.107,-0.181
-1.801,3.445
-2.216,3.513
0.052,0.982
-0.009,-0.112
-0.063,-0.571
-0.111,-1.402
-0.081,0.524
-0.13,-1.538
-0.135,0.805
-0.134,1.141
-0.226,-1.534
-0.177,1.761
-0.283,1.881
-0.23,0.884
-0.308,1.584
-0.654,0.308
-0.611,1.334
-0.711,1.867
-0.707,-0.907
-0.664,0.451
-0.749,-1.171
-0.787,-0.063
-0.731,0.47
-0.813,0.804
-0.822,-0.988
-0.805,-0.892
-0.935,-0.115
-1.039,0.381
-1.175,0.241
-1.115,1.864
-1.215,-0.057
-1.218,0.147
-1.335,0.914
-1.441,0.575
-1.536,0.483
-1.597,-0.741
-1.533,-1.671
-1.543,0.071
-1.591,-0.885
-1.754,-0.851
-1.819,-1.864
-1.875,-1.777
-1.91,0.523
-1.883,-0.127
-1.905,0.781
-1.91,1.367
-1.929,1.127
-1.899,0.535
-1.966,-0.722
-1.968,-0.851
-1.911,1.961
-1.915,1.33
-1.999,-0.7
-2.025,-0.261
-2.013,0.091
-2.004,0.553
-2.158,0.942
-2.107,-0.379
-2.453,-2.112
-2.537,-2.268
-2.575,-2.101
-3.031,-2.126
3.055,-2.114
2.829,-2.218
2.398,-2.162
2.274,-2.143
1.955,-2.331
1.913,-2.19
0.989,-2.207
0.921,-2.062
0.597,-2.025
0.304,-2.483
0.131,-2.399
0.155,-2.395
-0.85,-2.228
-1.45,-2.408
-1.707,-2.17
-2.098,-2.17
-2.385,2.002
-2.544,2.01
-2.799,2.156
-2.852,2.127
-2.985,2.011
1.845,1.965
1.447,2.049
1.348,2.065
0.242,2.18
-0.338,2.155
-0.746,2.138
-0.956,2.204
-1.664,1.934
-1.877,2.168
-2.949,1.696
2.012,-0.437
1.136,0.278
0.085,-0.935
-0.278,1.262
-1.213,0.96
-1.877,0.733
-2.564,-2.272
0.629,2.035
-2.137,1.614
-2.258,-1.694
-2.238,-0.972
-2.426,-0.806
-2.455,-1.78
-2.418,-0.848
-2.47,0.383
-2.482,-0.318
-2.556,-1.115
-2.763,0.231
-2.707,1.718
-2.732,-0.425
-2.861,0.117
-2.882,1.57
-2.907,1.867
-2.915,1.722
-2.863,0.272
-3.07,1.758
-3.049,1.593
2.973,1.809
3.056,-0.667
2.939,0.085
2.763,-0.108
2.766,-1.102
2.876,-0.444
2.738,-1.497
2.827,-1.935
2.57,1.653
2.437,0.412
2.273,1.704
2.391,0.325
2.377,0.717
2.238,-1.612
2.308,0.639
2.106,-1.81
2.113,-0.722
1.996,1.061
2.114,1.945
2.055,-1.025
1.872,1.36
1.943,0.222
1.916,1.5
1.921,-0.078
1.781,0.558
1.745,-1.762
1.724,0.221
1.791,-0.719
1.607,-0.765
1.706,0.314
1.658,-0.609
1.439,-0.623
1.232,0.665
1.318,1.894
1.166,-0.432
1.149,-1.121
1.209,0.569
1.171,-0.975
1.017,-0.803
1.012,1.78
0.853,-0.052
0.952,0.017
0.798,2.019
0.827,1.387
0.65,1.271
0.756,0.657
0.551,1.813
0.567,0.448
0.44,-1.021
0.435,-1.085
0.282,0.187
0.39,-1.221
0.225,0.377
0.352,-1.006
0.295,1.855
0.229,-0.981
0.248,-1.656
0.07,1.356
0.196,-0.433
0.129,0.489
0.107,1.689
0.103,-2.02
-0.049,-0.665
0.023,0.461
-0.095,0.93
-0.036,1.567
-0.223,1.539
-0.125,0.76
-0.242,-1.271
-0.251,0.486
-0.449,0.703
-0.454,0.026
-0.388,-0.382
-0.405,-0.822
-0.55,1.692
-0.453,-0.827
-0.575,-1.918
-0.618,-1.815
-0.634,0.951
-0.767,0.918
-0.845,0.273
-0.83,-0.023
-0.842,1.948
-1.069,1.14
-0.942,1.474
-1.284,0.385
-1.189,-1.098
-1.315,-1.207
-1.366,-0.498
-1.464,-1.981
-1.522,-1.102
-1.581,0.42
-1.72,-1.201
-1.745,-1.085
-1.739,-0.055
-1.899,0.186
-1.773,-0.619
-1.822,0.745
-1.882,-0.807
-1.924,-0.684
-2.039,0.872
-2.207,-0.381
-3.072,-2.299
-3.054,-2.207
2.996,-2.294
1.994,-2.467
1.924,-2.031
1.774,-2.303
1.042,-2.213
0.963,-2.094
0.494,-2.54
0.368,-2.271
-0.506,-2.188
-0.683,-2.373
-0.927,-2.405
-1.007,-2.122
-1.513,-2.396
-1.434,-2.357
-1.422,-2.326
-1.903,-2.419
-2.021,-2.249
-2.177,-2.392
-2.353,2.005
-2.759,2.115
2.063,2.013
1.653,2.044
1.414,2.017
1.546,2.128
1.31,2.088
0.673,2.056
0.081,2.129
0.205,2.099
-0.244,2.071
-1.414,1.826
-2.667,1.45
1.958,-0.853
-2.132,-1.237
1.442,0.618
1.141,1.108
0.936,-1.061
0.254,-1.023
0.172,-0.2
-0.282,1.121
-0.745,0.133
-1.423,1.515
-1.492,1.201
-1.631,1.321
-1.738,0.844
-2.537,-0.973
0.235,-0.13
-0.585,0.365
-1.413,-0.339
-1.524,-0.592
2.631,-2.015
1.204,-1.96
-1.704,1.666
-2.119,1.734
-0.061,-1.094
-0.115,-1.553
-0.163,-2.384
-0.133,-0.458
-0.182,-2.52
-0.187,-0.177
-0.186,0.159
-0.278,-2.516
-0.229,0.779
-0.335,0.899
-0.282,-0.098
-0.36,0.602
-0.706,-0.674
-0.663,0.352
-0.763,0.885
-0.759,-1.889
-0.716,-0.531
-0.801,-2.153
-0.839,-1.045
-0.783,-0.512
-0.865,-0.178
-0.874,-1.97
-0.857,-1.874
-0.987,-1.097
-1.091,-0.601
-1.227,-0.741
-1.167,0.882
-1.267,-1.039
-1.27,-0.835
-1.387,-0.068
-1.493,-0.407
-1.588,-0.499
-1.649,-1.723
-1.585,-2.653
-1.595,-0.911
-1.643,-1.867
-1.806,-1.833
-1.871,-2.846
-1.927,-2.759
-1.962,-0.459
-1.935,-1.109
-1.957,-0.201
-1.962,0.385
-1.981,0.145
-1.951,-0.447
-2.018,-1.704
-2.02,-1.833
-1.963,0.979
-1.967,0.348
-2.051,-1.682
-2.077,-1.243
-2.065,-0.891
-2.056,-0.429
-2.21,-0.04
-2.159,-1.361
-2.505,-3.094
-2.589,-3.25
-2.627,-3.083
-3.083,-3.108
3.003,-3.096
2.777,-3.2
2.346,-3.144
2.222,-3.125
1.903,-3.313
1.861,-3.172
0.937,-3.189
0.869,-3.044
0.545,-3.007
0.252,-3.465
0.079,-3.381
0.103,-3.377
-0.902,-3.21
-1.502,-3.39
-1.759,-3.152
-2.15,-3.152
-2.437,1.02
-2.596,1.028
-2.851,1.174
-2.904,1.145
-3.037,1.029
1.793,0.983
1.395,1.067
1.296,1.083
0.19,1.198
-0.39,1.173
-0.798,1.156
-1.008,1.222
-1.716,0.952
-1.929,1.186
-3.001,0.714
1.96,-1.419
1.084,-0.704
0.033,-1.917
-0.33,0.28
-1.265,-0.022
-1.929,-0.249
-2.616,-3.254
0.577,1.053
-2.189,0.632
-2.31,-2.676
-2.29,-1.954
-2.478,-1.788
-2.507,-2.762
-2.47,-1.83
-2.522,-0.599
-2.534,-1.3
-2.608,-2.097
-2.815,-0.751
-2.759,0.736
-2.784,-1.407
-2.913,-0.865
-2.934,0.588
-2.959,0.885
-2.967,0.74
-2.915,-0.71
-3.122,0.776
-3.101,0.611
2.921,0.827
3.004,-1.649
2.887,-0.897
2.711,-1.09
2.714,-2.084
2.824,-1.426
2.686,-2.479
2.775,-2.917
2.518,0.671
2.385,-0.57
2.221,0.722
2.339,-0.657
2.325,-0.265
2.186,-2.594
2.256,-0.343
2.054,-2.792
2.061,-1.704
1.944,0.079
2.062,0.963
2.003,-2.007
1.82,0.378
1.891,-0.76
1.864,0.518
1.869,-1.06
1.729,-0.424
1.693,-2.744
1.672,-0.761
1.739,-1.701
1.555,-1.747
1.654,-0.668
1.606,-1.591
1.387,-1.605
1.18,-0.317
1.266,0.912
1.114,-1.414
1.097,-2.103
1.157,-0.413
1.119,-1.957
0.965,-1.785
0.96,0.798
0.801,-1.034
0.9,-0.965
0.746,1.037
0.775,0.405
0.598,0.289
0.704,-0.325
0.499,0.831
0.515,-0.534
0.388,-2.003
0.383,-2.067
0.23,-0.795
0.338,-2.203
0.173,-0.605
0.3,-1.988
0.243,0.873
0.177,-1.963
0.196,-2.638
0.018,0.374
0.144,-1.415
0.077,-0.493
0.055,0.707
0.051,-3.002
-0.101,-1.647
-0.029,-0.521
-0.147,-0.052
-0.088,0.585
-0.275,0.557
-0.177,-0.222
-0.294,-2.253
-0.303,-0.496
-0.501,-0.279
-0.506,-0.956
-0.44,-1.364
-0.457,-1.804
-0.602,0.71
-0.505,-1.809
-0.627,-2.9
-0.67,-2.797
-0.686,-0.031
-0.819,-0.064
-0.897,-0.709
-0.882,-1.005
-0.894,0.966
-1.121,0.158
-0.994,0.492
-1.336,-0.597
-1.241,-2.08
-1.367,-2.189
-1.418,-1.48
-1.516,-2.963
-1.574,-2.084
-1.633,-0.562
-1.772,-2.183
-1.797,-2.067
-1.791,-1.037
-1.951,-0.796
-1.825,-1.601
-1.874,-0.237
-1.934,-1.789
-1.976,-1.666
-2.091,-0.11
-2.259,-1.363
-3.124,-3.281
-3.106,-3.189
2.944,-3.276
1.942,-3.449
1.872,-3.013
1.722,-3.285
0.99,-3.195
0.911,-3.076
0.442,-3.522
0.316,-3.253
-0.558,-3.17
-0.735,-3.355
-0.979,-3.387
-1.059,-3.104
-1.565,-3.378
-1.486,-3.339
-1.474,-3.308
-1.955,-3.401
-2.073,-3.231
-2.229,-3.374
-2.405,1.023
-2.811,1.133
2.011,1.031
1.601,1.062
1.362,1.035
1.494,1.146
1.258,1.106
0.621,1.074
0.029,1.147
0.153,1.117
-0.296,1.089
-1.466,0.844
-2.719,0.468
1.906,-1.835
-2.184,-2.219
1.39,-0.364
1.089,0.126
0.884,-2.043
0.202,-2.005
0.12,-1.182
-0.334,0.139
-0.797,-0.849
-1.475,0.533
-1.544,0.219
-1.683,0.339
-1.79,-0.138
-2.589,-1.955
0.183,-1.112
-0.637,-0.617
-1.465,-1.321
-1.576,-1.574
2.579,-2.997
1.152,-2.942
-1.756,0.684
-2.171,0.752
-0.054,-0.459
-0.102,-1.29
-0.072,0.636
-0.121,-1.426
-0.126,0.917
-0.125,1.253
-0.217,-1.422
-0.168,1.873
-0.274,1.993
-0.221,0.996
-0.299,1.696
-0.645,0.42
-0.602,1.446
-0.702,1.979
-0.698,-0.795
-0.655,0.563
-0.74,-1.059
-0.778,0.049
-0.722,0.582
-0.804,0.916
-0.813,-0.876
-0.796,-0.78
-0.926,-0.003
-1.03,0.493
-1.166,0.353
-1.106,1.976
-1.206,0.055
-1.209,0.259
-1.326,1.026
-1.432,0.687
-1.527,0.595
-1.588,-0.629
-1.524,-1.559
-1.534,0.183
-1.582,-0.773
-1.745,-0.739
-1.81,-1.752
-1.866,-1.665
-1.901,0.635
-1.874,-0.015
-1.896,0.893
-1.901,1.479
-1.92,1.239
-1.89,0.647
-1.957,-0.61
-1.959,-0.739
-1.902,2.073
-1.906,1.442
-1.99,-0.588
-2.016,-0.149
-2.004,0.203
-1.995,0.665
-2.149,1.054
-2.098,-0.267
-2.444,-2.0
-2.528,-2.156
-2.566,-1.989
-3.022,-2.014
3.064,-2.002
2.838,-2.106
2.407,-2.05
2.283,-2.031
1.964,-2.219
1.922,-2.078
0.998,-2.095
0.93,-1.95
0.606,-1.913
0.313,-2.371
0.14,-2.287
0.164,-2.283
-0.841,-2.116
-1.441,-2.296
-1.698,-2.058
-2.089,-2.058
-2.376,2.114
-2.535,2.122
-2.79,2.268
-2.843,2.239
-2.976,2.123
1.854,2.077
1.456,2.161
1.357,2.177
0.251,2.292
-0.329,2.267
-0.737,2.25
-0.947,2.316
-1.655,2.046
-1.868,2.28
-2.94,1.808
2.021,-0.325
1.145,0.39
0.094,-0.823
-0.269,1.374
-1.204,1.072
-1.868,0.845
-2.555,-2.16
0.638,2.147
-2.128,1.726
-2.249,-1.582
-2.229,-0.86
-2.417,-0.694
-2.446,-1.668
-2.409,-0.736
-2.461,0.495
-2.473,-0.206
-2.547,-1.003
-2.754,0.343
-2.698,1.83
-2.723,-0.313
-2.852,0.229
-2.873,1.682
-2.898,1.979
-2.906,1.834
-2.854,0.384
-3.061,1.87
-3.04,1.705
2.982,1.921
3.065,-0.555
2.948,0.197
2.772,0.004
2.775,-0.99
2.885,-0.332
2.747,-1.385
2.836,-1.823
2.579,1.765
2.446,0.524
2.282,1.816
2.4,0.437
2.386,0.829
2.247,-1.5
2.317,0.751
2.115,-1.698
2.122,-0.61
2.005,1.173
2.123,2.057
2.064,-0.913
1.881,1.472
1.952,0.334
1.925,1.612
1.93,0.034
1.79,0.67
1.754,-1.65
1.733,0.333
1.8,-0.607
1.616,-0.653
1.715,0.426
1.667,-0.497
1.448,-0.511
1.241,0.777
1.327,2.006
1.175,-0.32
1.158,-1.009
1.218,0.681
1.18,-0.863
1.026,-0.691
1.021,1.892
0.862,0.06
0.961,0.129
0.807,2.131
0.836,1.499
0.659,1.383
0.765,0.769
0.56,1.925
0.576,0.56
0.449,-0.909
0.444,-0.973
0.291,0.299
0.399,-1.109
0.234,0.489
0.361,-0.894
0.304,1.967
0.238,-0.869
0.257,-1.544
0.079,1.468
0.205,-0.321
0.138,0.601
0.116,1.801
0.112,-1.908
-0.04,-0.553
0.032,0.573
-0.086,1.042
-0.027,1.679
-0.214,1.651
-0.116,0.872
-0.233,-1.159
-0.242,0.598
-0.44,0.815
-0.445,0.138
-0.379,-0.27
-0.396,-0.71
-0.541,1.804
-0.444,-0.715
-0.566,-1.806
-0.609,-1.703
-0.625,1.063
-0.758,1.03
-0.836,0.385
-0.821,0.089
-0.833,2.06
-1.06,1.252
-0.933,1.586
-1.275,0.497
-1.18,-0.986
-1.306,-1.095
-1.357,-0.386
-1.455,-1.869
-1.513,-0.99
-1.572,0.532
-1.711,-1.089
-1.736,-0.973
-1.73,0.057
-1.89,0.298
-1.764,-0.507
-1.813,0.857
-1.873,-0.695
-1.915,-0.572
-2.03,0.984
-2.198,-0.269
-3.063,-2.187
-3.045,-2.095
3.005,-2.182
2.003,-2.355
1.933,-1.919
1.783,-2.191
1.051,-2.101
0.972,-1.982
0.503,-2.428
0.377,-2.159
-0.497,-2.076
-0.674,-2.261
-0.918,-2.293
-0.998,-2.01
-1.504,-2.284
-1.425,-2.245
-1.413,-2.214
-1.894,-2.307
-2.012,-2.137
-2.168,-2.28
-2.344,2.117
-2.75,2.227
2.072,2.125
1.662,2.156
1.423,2.129
1.555,2.24
1.319,2.2
0.682,2.168
0.09,2.241
0.214,2.211
-0.235,2.183
-1.405,1.938
-2.658,1.562
1.967,-0.741
-2.123,-1.125
1.451,0.73
1.15,1.22
0.945,-0.949
0.263,-0.911
0.181,-0.088
-0.273,1.233
-0.736,0.245
-1.414,1.627
-1.483,1.313
-1.622,1.433
-1.729,0.956
-2.528,-0.861
0.244,-0.018
-0.576,0.477
-1.404,-0.227
-1.515,-0.48
2.64,-1.903
1.213,-1.848
-1.695,1.778
-2.11,1.846
-0.048,-0.831
-0.018,1.095
-0.067,-0.967
-0.072,1.376
-0.071,1.712
-0.163,-0.963
-0.114,2.332
-0.22,2.452
-0.167,1.455
-0.245,2.155
-0.591,0.879
-0.548,1.905
-0.648,2.438
-0.644,-0.336
-0.601,1.022
-0.686,-0.6
-0.724,0.508
-0.668,1.041
-0.75,1.375
-0.759,-0.417
-0.742,-0.321
-0.872,0.456
-0.976,0.952
-1.112,0.812
-1.052,2.435
-1.152,0.514
-1.155,0.718
-1.272,1.485
-1.378,1.146
-1.473,1.054
-1.534,-0.17
-1.47,-1.1
-1.48,0.642
-1.528,-0.314
-1.691,-0.28
-1.756,-1.293
-1.812,-1.206
-1.847,1.094
-1.82,0.444
-1.842,1.352
-1.847,1.938
-1.866,1.698
-1.836,1.106
-1.903,-0.151
-1.905,-0.28
-1.848,2.532
-1.852,1.901
-1.936,-0.129
-1.962,0.31
-1.95,0.662
-1.941,1.124
-2.095,1.513
-2.044,0.192
-2.39,-1.541
-2.474,-1.697
-2.512,-1.53
-2.968,-1.555
3.118,-1.543
2.892,-1.647
2.461,-1.591
2.337,-1.572
2.018,-1.76
1.976,-1.619
1.052,-1.636
0.984,-1.491
0.66,-1.454
0.367,-1.912
0.194,-1.828
0.218,-1.824
-0.787,-1.657
-1.387,-1.837
-1.644,-1.599
-2.035,-1.599
-2.322,2.573
-2.481,2.581
-2.736,2.727
-2.789,2.698
-2.922,2.582
1.908,2.536
1.51,2.62
1.411,2.636
0.305,2.751
-0.275,2.726
-0.683,2.709
-0.893,2.775
-1.601,2.505
-1.814,2.739
-2.886,2.267
2.075,0.134
1.199,0.849
0.148,-0.364
-0.215,1.833
-1.15,1.531
-1.814,1.304
-2.501,-1.701
0.692,2.606
-2.074,2.185
-2.195,-1.123
-2.175,-0.401
-2.363,-0.235
-2.392,-1.209
-2.355,-0.277
-2.407,0.954
-2.419,0.253
-2.493,-0.544
-2.7,0.802
-2.644,2.289
-2.669,0.146
-2.798,0.688
-2.819,2.141
-2.844,2.438
-2.852,2.293
-2.8,0.843
-3.007,2.329
-2.986,2.164
3.036,2.38
3.119,-0.096
3.002,0.656
2.826,0.463
2.829,-0.531
2.939,0.127
2.801,-0.926
2.89,-1.364
2.633,2.224
2.5,0.983
2.336,2.275
2.454,0.896
2.44,1.288
2.301,-1.041
2.371,1.21
2.169,-1.239
2.176,-0.151
2.059,1.632
2.177,2.516
2.118,-0.454
1.935,1.931
2.006,0.793
1.979,2.071
1.984,0.493
1.844,1.129
1.808,-1.191
1.787,0.792
1.854,-0.148
1.67,-0.194
1.769,0.885
1.721,-0.038
1.502,-0.052
1.295,1.236
1.381,2.465
1.229,0.139
1.212,-0.55
1.272,1.14
1.234,-0.404
1.08,-0.232
1.075,2.351
0.916,0.519
1.015,0.588
0.861,2.59
0.89,1.958
0.713,1.842
0.819,1.228
0.614,2.384
0.63,1.019
0.503,-0.45
0.498,-0.514
0.345,0.758
0.453,-0.65
0.288,0.948
0.415,-0.435
0.358,2.426
0.292,-0.41
0.311,-1.085
0.133,1.927
0.259,0.138
0.192,1.06
0.17,2.26
0.166,-1.449
0.014,-0.094
0.086,1.032
-0.032,1.501
0.027,2.138
-0.16,2.11
-0.062,1.331
-0.179,-0.7
-0.188,1.057
-0.386,1.274
-0.391,0.597
-0.325,0.189
-0.342,-0.251
-0.487,2.263
-0.39,-0.256
-0.512,-1.347
-0.555,-1.244
-0.571,1.522
-0.704,1.489
-0.782,0.844
-0.767,0.548
-0.779,2.519
-1.006,1.711
-0.879,2.045
-1.221,0.956
-1.126,-0.527
-1.252,-0.636
-1.303,0.073
-1.401,-1.41
-1.459,-0.531
-1.518,0.991
-1.657,-0.63
-1.682,-0.514
-1.676,0.516
-1.836,0.757
-1.71,-0.048
-1.759,1.316
-1.819,-0.236
-1.861,-0.113
-1.976,1.443
-2.144,0.19
-3.009,-1.728
-2.991,-1.636
3.059,-1.723
2.057,-1.896
1.987,-1.46
1.837,-1.732
1.105,-1.642
1.026,-1.523
0.557,-1.969
0.431,-1.7
-0.443,-1.617
-0.62,-1.802
-0.864,-1.834
-0.944,-1.551
-1.45,-1.825
-1.371,-1.786
-1.359,-1.755
-1.84,-1.848
-1.958,-1.678
-2.114,-1.821
-2.29,2.576
-2.696,2.686
2.126,2.584
1.716,2.615
1.477,2.588
1.609,2.699
1.373,2.659
0.736,2.627
0.144,2.7
0.268,2.67
-0.181,2.642
-1.351,2.397
-2.604,2.021
2.021,-0.282
-2.069,-0.666
1.505,1.189
1.204,1.679
0.999,-0.49
0.317,-0.452
0.235,0.371
-0.219,1.692
-0.682,0.704
-1.36,2.086
-1.429,1.772
-1.568,1.892
-1.675,1.415
-2.474,-0.402
0.298,0.441
-0.522,0.936
-1.35,0.232
-1.461,-0.021
2.694,-1.444
1.267,-1.389
-1.641,2.237
-2.056,2.305
0.03,1.926
-0.019,-0.136
-0.024,2.207
-0.023,2.543
-0.115,-0.132
-0.066,3.163
-0.172,3.283
-0.119,2.286
-0.197,2.986
-0.543,1.71
-0.5,2.736
-0.6,3.269
-0.596,0.495
-0.553,1.853
-0.638,0.231
-0.676,1.339
-0.62,1.872
-0.702,2.206
-0.711,0.414
-0.694,0.51
-0.824,1.287
-0.928,1.783
-1.064,1.643
-1.004,3.266
-1.104,1.345
-1.107,1.549
-1.224,2.316
-1.33,1.977
-1.425,1.885
-1.486,0.661
-1.422,-0.269
-1.432,1.473
-1.48,0.517
-1.643,0.551
-1.708,-0.462
-1.764,-0.375
-1.799,1.925
-1.772,1.275
-1.794,2.183
-1.799,2.769
-1.818,2.529
-1.788,1.937
-1.855,0.68
-1.857,0.551
-1.8,3.363
-1.804,2.732
-1.888,0.702
-1.914,1.141
-1.902,1.493
-1.893,1.955
-2.047,2.344
-1.996,1.023
-2.342,-0.71
-2.426,-0.866
-2.464,-0.699
-2.92,-0.724
-3.117,-0.712
2.94,-0.816
2.509,-0.76
2.385,-0.741
2.066,-0.929
2.024,-0.788
1.1,-0.805
1.032,-0.66
0.708,-0.623
0.415,-1.081
0.242,-0.997
0.266,-0.993
-0.739,-0.826
-1.339,-1.006
-1.596,-0.768
-1.987,-0.768
-2.274,3.404
-2.433,3.412
-2.688,3.558
-2.741,3.529
-2.874,3.413
1.956,3.367
1.558,3.451
1.459,3.467
0.353,3.582
-0.227,3.557
-0.635,3.54
-0.845,3.606
-1.553,3.336
-1.766,3.57
-2.838,3.098
2.123,0.965
1.247,1.68
0.196,0.467
-0.167,2.664
-1.102,2.362
-1.766,2.135
-2.453,-0.87
0.74,3.437
-2.026,3.016
-2.147,-0.292
-2.127,0.43
-2.315,0.596
-2.344,-0.378
-2.307,0.554
-2.359,1.785
-2.371,1.084
-2.445,0.287
-2.652,1.633
-2.596,3.12
-2.621,0.977
-2.75,1.519
-2.771,2.972
-2.796,3.269
-2.804,3.124
-2.752,1.674
-2.959,3.16
-2.938,2.995
3.084,3.211
-3.116,0.735
3.05,1.487
2.874,1.294
2.877,0.3
2.987,0.958
2.849,-0.095
2.938,-0.533
2.681,3.055
2.548,1.814
2.384,3.106
2.502,1.727
2.488,2.119
2.349,-0.21
2.419,2.041
2.217,-0.408
2.224,0.68
2.107,2.463
2.225,3.347
2.166,0.377
1.983,2.762
2.054,1.624
2.027,2.902
2.032,1.324
1.892,1.96
1.856,-0.36
1.835,1.623
1.902,0.683
1.718,0.637
1.817,1.716
1.769,0.793
1.55,0.779
1.343,2.067
1.429,3.296
1.277,0.97
1.26,0.281
1.32,1.971
1.282,0.427
1.128,0.599
1.123,3.182
0.964,1.35
1.063,1.419
0.909,3.421
0.938,2.789
0.761,2.673
0.867,2.059
0.662,3.215
0.678,1.85
0.551,0.381
0.546,0.317
0.393,1.589
0.501,0.181
0.336,1.779
0.463,0.396
0.406,3.257
0.34,0.421
0.359,-0.254
0.181,2.758
0.307,0.969
0.24,1.891
0.218,3.091
0.214,-0.618
0.062,0.737
0.134,1.863
0.016,2.332
0.075,2.969
-0.112,2.941
-0.014,2.162
-0.131,0.131
-0.14,1.888
-0.338,2.105
-0.343,1.428
-0.277,1.02
-0.294,0.58
-0.439,3.094
-0.342,0.575
-0.464,-0.516
-0.507,-0.413
-0.523,2.353
-0.656,2.32
-0.734,1.675
-0.719,1.379
-0.731,3.35
-0.958,2.542
-0.831,2.876
-1.173,1.787
-1.078,0.304
-1.204,0.195
-1.255,0.904
-1.353,-0.579
-1.411,0.3
-1.47,1.822
-1.609,0.201
-1.634,0.317
-1.628,1.347
-1.788,1.588
-1.662,0.783
-1.711,2.147
-1.771,0.595
-1.813,0.718
-1.928,2.274
-2.096,1.021
-2.961,-0.897
-2.943,-0.805
3.107,-0.892
2.105,-1.065
2.035,-0.629
1.885,-0.901
1.153,-0.811
1.074,-0.692
0.605,-1.138
0.479,-0.869
-0.395,-0.786
-0.572,-0.971
-0.816,-1.003
-0.896,-0.72
-1.402,-0.994
-1.323,-0.955
-1.311,-0.924
-1.792,-1.017
-1.91,-0.847
-2.066,-0.99
-2.242,3.407
-2.648,3.517
2.174,3.415
1.764,3.446
1.525,3.419
1.657,3.53
1.421,3.49
0.784,3.458
0.192,3.531
0.316,3.501
-0.133,3.473
-1.303,3.228
-2.556,2.852
2.069,0.549
-2.021,0.165
1.553,2.02
1.252,2.51
1.047,0.341
0.365,0.379
0.283,1.202
-0.171,2.523
-0.634,1.535
-1.312,2.917
-1.381,2.603
-1.52,2.723
-1.627,2.246
-2.426,0.429
0.346,1.272
-0.474,1.767
-1.302,1.063
-1.413,0.81
2.742,-0.613
1.315,-0.558
-1.593,3.068
-2.008,3.136
-0.049,-2.062
-0.054,0.281
-0.053,0.617
-0.145,-2.058
-0.096,1.237
-0.202,1.357
-0.149,0.36
-0.227,1.06
-0.573,-0.216
-0.53,0.81
-0.63,1.343
-0.626,-1.431
-0.583,-0.073
-0.668,-1.695
-0.706,-0.587
-0.65,-0.054
-0.732,0.28
-0.741,-1.512
-0.724,-1.416
-0.854,-0.639
-0.958,-0.143
-1.094,-0.283
-1.034,1.34
-1.134,-0.581
-1.137,-0.377
-1.254,0.39
-1.36,0.051
-1.455,-0.041
-1.516,-1.265
-1.452,-2.195
-1.462,-0.453
-1.51,-1.409
-1.673,-1.375
-1.738,-2.388
-1.794,-2.301
-1.829,-0.001
-1.802,-0.651
-1.824,0.257
-1.829,0.843
-1.848,0.603
-1.818,0.011
-1.885,-1.246
-1.887,-1.375
-1.83,1.437
-1.834,0.806
-1.918,-1.224
-1.944,-0.785
-1.932,-0.433
-1.923,0.029
-2.077,0.418
-2.026,-0.903
-2.372,-2.636
-2.456,-2.792
-2.494,-2.625
-2.95,-2.65
3.136,-2.638
2.91,-2.742
2.479,-2.686
2.355,-2.667
2.036,-2.855
1.994,-2.714
1.07,-2.731
1.002,-2.586
0.678,-2.549
0.385,-3.007
0.212,-2.923
0.236,-2.919
-0.769,-2.752
-1.369,-2.932
-1.626,-2.694
-2.017,-2.694
-2.304,1.478
-2.463,1.486
-2.718,1.632
-2.771,1.603
-2.904,1.487
1.926,1.441
1.528,1.525
1.429,1.541
0.323,1.656
-0.257,1.631
-0.665,1.614
-0.875,1.68
-1.583,1.41
-1.796,1.644
-2.868,1.172
2.093,-0.961
1.217,-0.246
0.166,-1.459
-0.197,0.738
-1.132,0.436
-1.796,0.209
-2.483,-2.796
0.71,1.511
-2.056,1.09
-2.177,-2.218
-2.157,-1.496
-2.345,-1.33
-2.374,-2.304
-2.337,-1.372
-2.389,-0.141
-2.401,-0.842
-2.475,-1.639
-2.682,-0.293
-2.626,1.194
-2.651,-0.949
-2.78,-0.407
-2.801,1.046
-2.826,1.343
-2.834,1.198
-2.782,-0.252
-2.989,1.234
-2.968,1.069
3.054,1.285
3.137,-1.191
3.02,-0.439
2.844,-0.632
2.847,-1.626
2.957,-0.968
2.819,-2.021
2.908,-2.459
2.651,1.129
2.518,-0.112
2.354,1.18
2.472,-0.199
2.458,0.193
2.319,-2.136
2.389,0.115
2.187,-2.334
2.194,-1.246
2.077,0.537
2.195,1.421
2.136,-1.549
1.953,0.836
2.024,-0.302
1.997,0.976
2.002,-0.602
1.862,0.034
1.826,-2.286
1.805,-0.303
1.872,-1.243
1.688,-1.289
1.787,-0.21
1.739,-1.133
1.52,-1.147
1.313,0.141
1.399,1.37
1.247,-0.956
1.23,-1.645
1.29,0.045
1.252,-1.499
1.098,-1.327
1.093,1.256
0.934,-0.576
1.033,-0.507
0.879,1.495
0.908,0.863
0.731,0.747
0.837,0.133
0.632,1.289
0.648,-0.076
0.521,-1.545
0.516,-1.609
0.363,-0.337
0.471,-1.745
0.306,-0.147
0.433,-1.53
0.376,1.331
0.31,-1.505
0.329,-2.18
0.151,0.832
0.277,-0.957
0.21,-0.035
0.188,1.165
0.184,-2.544
0.032,-1.189
0.104,-0.063
-0.014,0.406
0.045,1.043
-0.142,1.015
-0.044,0.236
-0.161,-1.795
-0.17,-0.038
-0.368,0.179
-0.373,-0.498
-0.307,-0.906
-0.324,-1.346
-0.469,1.168
-0.372,-1.351
-0.494,-2.442
-0.537,-2.339
-0.553,0.427
-0.686,0.394
-0.764,-0.251
-0.749,-0.547
-0.761,1.424
-0.988,0.616
-0.861,0.95
-1.203,-0.139
-1.108,-1.622
-1.234,-1.731
-1.285,-1.022
-1.383,-2.505
-1.441,-1.626
-1.5,-0.104
-1.639,-1.725
-1.664,-1.609
-1.658,-0.579
-1.818,-0.338
-1.692,-1.143
-1.741,0.221
-1.801,-1.331
-1.843,-1.208
-1.958,0.348
-2.126,-0.905
-2.991,-2.823
-2.973,-2.731
3.077,-2.818
2.075,-2.991
2.005,-2.555
1.855,-2.827
1.123,-2.737
1.044,-2.618
0.575,-3.064
0.449,-2.795
-0.425,-2.712
-0.602,-2.897
-0.846,-2.929
-0.926,-2.646
-1.432,-2.92
-1.353,-2.881
-1.341,-2.85
-1.822,-2.943
-1.94,-2.773
-2.096,-2.916
-2.272,1.481
-2.678,1.591
2.144,1.489
1.734,1.52
1.495,1.493
1.627,1.604
1.391,1.564
0.754,1.532
0.162,1.605
0.286,1.575
-0.163,1.547
-1.333,1.302
-2.586,0.926
2.039,-1.377
-2.051,-1.761
1.523,0.094
1.222,0.584
1.017,-1.585
0.335,-1.547
0.253,-0.724
-0.201,0.597
-0.664,-0.391
-1.342,0.991
-1.411,0.677
-1.55,0.797
-1.657,0.32
-2.456,-1.497
0.316,-0.654
-0.504,-0.159
-1.332,-0.863
-1.443,-1.116
2.712,-2.539
1.285,-2.484
-1.623,1.142
-2.038,1.21
-0.005,2.343
-0.004,2.679
-0.096,0.004
-0.047,3.299
-0.153,3.419
-0.1,2.422
-0.178,3.122
-0.524,1.846
-0.481,2.872
-0.581,3.405
-0.577,0.631
-0.534,1.989
-0.619,0.367
-0.657,1.475
-0.601,2.008
-0.683,2.342
-0.692,0.55
-0.675,0.646
-0.805,1.423
-0.909,1.919
-1.045,1.779
-0.985,3.402
-1.085,1.481
-1.088,1.685
-1.205,2.452
-1.311,2.113
-1.406,2.021
-1.467,0.797
-1.403,-0.133
-1.413,1.609
-1.461,0.653
-1.624,0.687
-1.689,-0.326
-1.745,-0.239
-1.78,2.061
-1.753,1.411
-1.775,2.319
-1.78,2.905
-1.799,2.665
-1.769,2.073
-1.836,0.816
-1.838,0.687
-1.781,3.499
-1.785,2.868
-1.869,0.838
-1.895,1.277
-1.883,1.629
-1.874,2.091
-2.028,2.48
-1.977,1.159
-2.323,-0.574
-2.407,-0.73
-2.445,-0.563
-2.901,-0.588
-3.098,-0.576
2.959,-0.68
2.528,-0.624
2.404,-0.605
2.085,-0.793
2.043,-0.652
1.119,-0.669
1.051,-0.524
0.727,-0.487
0.434,-0.945
0.261,-0.861
0.285,-0.857
-0.72,-0.69
-1.32,-0.87
-1.577,-0.632
-1.968,-0.632
-2.255,3.54
-2.414,3.548
-2.669,3.694
-2.722,3.665
-2.855,3.549
1.975,3.503
1.577,3.587
1.478,3.603
0.372,3.718
-0.208,3.693
-0.616,3.676
-0.826,3.742
-1.534,3.472
-1.747,3.706
-2.819,3.234
2.142,1.101
1.266,1.816
0.215,0.603
-0.148,2.8
-1.083,2.498
-1.747,2.271
-2.434,-0.734
0.759,3.573
-2.007,3.152
-2.128,-0.156
-2.108,0.566
-2.296,0.732
-2.325,-0.242
-2.288,0.69
-2.34,1.921
-2.352,1.22
-2.426,0.423
-2.633,1.769
-2.577,3.256
-2.602,1.113
-2.731,1.655
-2.752,3.108
-2.777,3.405
-2.785,3.26
-2.733,1.81
-2.94,3.296
-2.919,3.131
3.103,3.347
-3.097,0.871
3.069,1.623
2.893,1.43
2.896,0.436
3.006,1.094
2.868,0.041
2.957,-0.397
2.7,3.191
2.567,1.95
2.403,3.242
2.521,1.863
2.507,2.255
2.368,-0.074
2.438,2.177
2.236,-0.272
2.243,0.816
2.126,2.599
2.244,3.483
2.185,0.513
2.002,2.898
2.073,1.76
2.046,3.038
2.051,1.46
1.911,2.096
1.875,-0.224
1.854,1.759
1.921,0.819
1.737,0.773
1.836,1.852
1.788,0.929
1.569,0.915
1.362,2.203
1.448,3.432
1.296,1.106
1.279,0.417
1.339,2.107
1.301,0.563
1.147,0.735
1.142,3.318
0.983,1.486
1.082,1.555
0.928,3.557
0.957,2.925
0.78,2.809
0.886,2.195
0.681,3.351
0.697,1.986
0.57,0.517
0.565,0.453
0.412,1.725
0.52,0.317
0.355,1.915
0.482,0.532
0.425,3.393
0.359,0.557
0.378,-0.118
0.2,2.894
0.326,1.105
0.259,2.027
0.237,3.227
0.233,-0.482
0.081,0.873
0.153,1.999
0.035,2.468
0.094,3.105
-0.093,3.077
0.005,2.298
-0.112,0.267
-0.121,2.024
-0.319,2.241
-0.324,1.564
-0.258,1.156
-0.275,0.716
-0.42,3.23
-0.323,0.711
-0.445,-0.38
-0.488,-0.277
-0.504,2.489
-0.637,2.456
-0.715,1.811
-0.7,1.515
-0.712,3.486
-0.939,2.678
-0.812,3.012
-1.154,1.923
-1.059,0.44
-1.185,0.331
-1.236,1.04
-1.334,-0.443
-1.392,0.436
-1.451,1.958
-1.59,0.337
-1.615,0.453
-1.609,1.483
-1.769,1.724
-1.643,0.919
-1.692,2.283
-1.752,0.731
-1.794,0.854
-1.909,2.41
-2.077,1.157
-2.942,-0.761
-2.924,-0.669
3.126,-0.756
2.124,-0.929
2.054,-0.493
1.904,-0.765
1.172,-0.675
1.093,-0.556
0.624,-1.002
0.498,-0.733
-0.376,-0.65
-0.553,-0.835
-0.797,-0.867
-0.877,-0.584
-1.383,-0.858
-1.304,-0.819
-1.292,-0.788
-1.773,-0.881
-1.891,-0.711
-2.047,-0.854
-2.223,3.543
-2.629,3.653
2.193,3.551
1.783,3.582
1.544,3.555
1.676,3.666
1.44,3.626
0.803,3.594
0.211,3.667
0.335,3.637
-0.114,3.609
-1.284,3.364
-2.537,2.988
2.088,0.685
-2.002,0.301
1.572,2.156
1.271,2.646
1.066,0.477
0.384,0.515
0.302,1.338
-0.152,2.659
-0.615,1.671
-1.293,3.053
-1.362,2.739
-1.501,2.859
-1.608,2.382
-2.407,0.565
0.365,1.408
-0.455,1.903
-1.283,1.199
-1.394,0.946
2.761,-0.477
1.334,-0.422
-1.574,3.204
-1.989,3.272
0.001,0.336
-0.091,-2.339
-0.042,0.956
-0.148,1.076
-0.095,0.079
-0.173,0.779
-0.519,-0.497
-0.476,0.529
-0.576,1.062
-0.572,-1.712
-0.529,-0.354
-0.614,-1.976
-0.652,-0.868
-0.596,-0.335
-0.678,-0.001
-0.687,-1.793
-0.67,-1.697
-0.8,-0.92
-0.904,-0.424
-1.04,-0.564
-0.98,1.059
-1.08,-0.862
-1.083,-0.658
-1.2,0.109
-1.306,-0.23
-1.401,-0.322
-1.462,-1.546
-1.398,-2.476
-1.408,-0.734
-1.456,-1.69
-1.619,-1.656
-1.684,-2.669
-1.74,-2.582
-1.775,-0.282
-1.748,-0.932
-1.77,-0.024
-1.775,0.562
-1.794,0.322
-1.764,-0.27
-1.831,-1.527
-1.833,-1.656
-1.776,1.156
-1.78,0.525
-1.864,-1.505
-1.89,-1.066
-1.878,-0.714
-1.869,-0.252
-2.023,0.137
-1.972,-1.184
-2.318,-2.917
-2.402,-3.073
-2.44,-2.906
-2.896,-2.931
-3.093,-2.919
2.964,-3.023
2.533,-2.967
2.409,-2.948
2.09,-3.136
2.048,-2.995
1.124,-3.012
1.056,-2.867
0.732,-2.83
0.439,-3.288
0.266,-3.204
0.29,-3.2
-0.715,-3.033
-1.315,-3.213
-1.572,-2.975
-1.963,-2.975
-2.25,1.197
-2.409,1.205
-2.664,1.351
-2.717,1.322
-2.85,1.206
1.98,1.16
1.582,1.244
1.483,1.26
0.377,1.375
-0.203,1.35
-0.611,1.333
-0.821,1.399
-1.529,1.129
-1.742,1.363
-2.814,0.891
2.147,-1.242
1.271,-0.527
0.22,-1.74
-0.143,0.457
-1.078,0.155
-1.742,-0.072
-2.429,-3.077
0.764,1.23
-2.002,0.809
-2.123,-2.499
-2.103,-1.777
-2.291,-1.611
-2.32,-2.585
-2.283,-1.653
-2.335,-0.422
-2.347,-1.123
-2.421,-1.92
-2.628,-0.574
-2.572,0.913
-2.597,-1.23
-2.726,-0.688
-2.747,0.765
-2.772,1.062
-2.78,0.917
-2.728,-0.533
-2.935,0.953
-2.914,0.788
3.108,1.004
-3.092,-1.472
3.074,-0.72
2.898,-0.913
2.901,-1.907
3.011,-1.249
2.873,-2.302
2.962,-2.74
2.705,0.848
2.572,-0.393
2.408,0.899
2.526,-0.48
2.512,-0.088
2.373,-2.417
2.443,-0.166
2.241,-2.615
2.248,-1.527
2.131,0.256
2.249,1.14
2.19,-1.83
2.007,0.555
2.078,-0.583
2.051,0.695
2.056,-0.883
1.916,-0.247
1.88,-2.567
1.859,-0.584
1.926,-1.524
1.742,-1.57
1.841,-0.491
1.793,-1.414
1.574,-1.428
1.367,-0.14
1.453,1.089
1.301,-1.237
1.284,-1.926
1.344,-0.236
1.306,-1.78
1.152,-1.608
1.147,0.975
0.988,-0.857
1.087,-0.788
0.933,1.214
0.962,0.582
0.785,0.466
0.891,-0.148
0.686,1.008
0.702,-0.357
0.575,-1.826
0.57,-1.89
0.417,-0.618
0.525,-2.026
0.36,-0.428
0.487,-1.811
0.43,1.05
0.364,-1.786
0.383,-2.461
0.205,0.551
0.331,-1.238
0.264,-0.316
0.242,0.884
0.238,-2.825
0.086,-1.47
0.158,-0.344
0.04,0.125
0.099,0.762
-0.088,0.734
0.01,-0.045
-0.107,-2.076
-0.116,-0.319
-0.314,-0.102
-0.319,-0.779
-0.253,-1.187
-0.27,-1.627
-0.415,0.887
-0.318,-1.632
-0.44,-2.723
-0.483,-2.62
-0.499,0.146
-0.632,0.113
-0.71,-0.532
-0.695,-0.828
-0.707,1.143
-0.934,0.335
-0.807,0.669
-1.149,-0.42
-1.054,-1.903
-1.18,-2.012
-1.231,-1.303
-1.329,-2.786
-1.387,-1.907
-1.446,-0.385
-1.585,-2.006
-1.61,-1.89
-1.604,-0.86
-1.764,-0.619
-1.638,-1.424
-1.687,-0.06
-1.747,-1.612
-1.789,-1.489
-1.904,0.067
-2.072,-1.186
-2.937,-3.104
-2.919,-3.012
3.131,-3.099
2.129,-3.272
2.059,-2.836
1.909,-3.108
1.177,-3.018
1.098,-2.899
0.629,-3.345
0.503,-3.076
-0.371,-2.993
-0.548,-3.178
-0.792,-3.21
-0.872,-2.927
-1.378,-3.201
-1.299,-3.162
-1.287,-3.131
-1.768,-3.224
-1.886,-3.054
-2.042,-3.197
-2.218,1.2
-2.624,1.31
2.198,1.208
1.788,1.239
1.549,1.212
1.681,1.323
1.445,1.283
0.808,1.251
0.216,1.324
0.34,1.294
-0.109,1.266
-1.279,1.021
-2.532,0.645
2.093,-1.658
-1.997,-2.042
1.577,-0.187
1.276,0.303
1.071,-1.866
0.389,-1.828
0.307,-1.005
-0.147,0.316
-0.61,-0.672
-1.288,0.71
-1.357,0.396
-1.496,0.516
-1.603,0.039
-2.402,-1.778
0.37,-0.935
-0.45,-0.44
-1.278,-1.144
-1.389,-1.397
2.766,-2.82
1.339,-2.765
-1.569,0.861
-1.984,0.929
-0.092,-2.675
-0.043,0.62
-0.149,0.74
-0.096,-0.257
-0.174,0.443
-0.52,-0.833
-0.477,0.193
-0.577,0.726
-0.573,-2.048
-0.53,-0.69
-0.615,-2.312
-0.653,-1.204
-0.597,-0.671
-0.679,-0.337
-0.688,-2.129
-0.671,-2.033
-0.801,-1.256
-0.905,-0.76
-1.041,-0.9
-0.981,0.723
-1.081,-1.198
-1.084,-0.994
-1.201,-0.227
-1.307,-0.566
-1.402,-0.658
-1.463,-1.882
-1.399,-2.812
-1.409,-1.07
-1.457,-2.026
-1.62,-1.992
-1.685,-3.005
-1.741,-2.918
-1.776,-0.618
-1.749,-1.268
-1.771,-0.36
-1.776,0.226
-1.795,-0.014
-1.765,-0.606
-1.832,-1.863
-1.834,-1.992
-1.777,0.82
-1.781,0.189
-1.865,-1.841
-1.891,-1.402
-1.879,-1.05
-1.87,-0.588
-2.024,-0.199
-1.973,-1.52
-2.319,-3.253
-2.403,-3.409
-2.441,-3.242
-2.897,-3.267
-3.094,-3.255
2.963,-3.359
2.532,-3.303
2.408,-3.284
2.089,-3.472
2.047,-3.331
1.123,-3.348
1.055,-3.203
0.731,-3.166
0.438,-3.624
0.265,-3.54
0.289,-3.536
-0.716,-3.369
-1.316,-3.549
-1.573,-3.311
-1.964,-3.311
-2.251,0.861
-2.41,0.869
-2.665,1.015
-2.718,0.986
-2.851,0.87
1.979,0.824
1.581,0.908
1.482,0.924
0.376,1.039
-0.204,1.014
-0.612,0.997
-0.822,1.063
-1.53,0.793
-1.743,1.027
-2.815,0.555
2.146,-1.578
1.27,-0.863
0.219,-2.076
-0.144,0.121
-1.079,-0.181
-1.743,-0.408
-2.43,-3.413
0.763,0.894
-2.003,0.473
-2.124,-2.835
-2.104,-2.113
-2.292,-1.947
-2.321,-2.921
-2.284,-1.989
-2.336,-0.758
-2.348,-1.459
-2.422,-2.256
-2.629,-0.91
-2.573,0.577
-2.598,-1.566
-2.727,-1.024
-2.748,0.429
-2.773,0.726
-2.781,0.581
-2.729,-0.869
-2.936,0.617
-2.915,0.452
3.107,0.668
-3.093,-1.808
3.073,-1.056
2.897,-1.249
2.9,-2.243
3.01,-1.585
2.872,-2.638
2.961,-3.076
2.704,0.512
2.571,-0.729
2.407,0.563
2.525,-0.816
2.511,-0.424
2.372,-2.753
2.442,-0.502
2.24,-2.951
2.247,-1.863
2.13,-0.08
2.248,0.804
2.189,-2.166
2.006,0.219
2.077,-0.919
2.05,0.359
2.055,-1.219
1.915,-0.583
1.879,-2.903
1.858,-0.92
1.925,-1.86
1.741,-1.906
1.84,-0.827
1.792,-1.75
1.573,-1.764
1.366,-0.476
1.452,0.753
1.3,-1.573
1.283,-2.262
1.343,-0.572
1.305,-2.116
1.151,-1.944
1.146,0.639
0.987,-1.193
1.086,-1.124
0.932,0.878
0.961,0.246
0.784,0.13
0.89,-0.484
0.685,0.672
0.701,-0.693
0.574,-2.162
0.569,-2.226
0.416,-0.954
0.524,-2.362
0.359,-0.764
0.486,-2.147
0.429,0.714
0.363,-2.122
0.382,-2.797
0.204,0.215
0.33,-1.574
0.263,-0.652
0.241,0.548
0.237,-3.161
0.085,-1.806
0.157,-0.68
0.039,-0.211
0.098,0.426
-0.089,0.398
0.009,-0.381
-0.108,-2.412
-0.117,-0.655
-0.315,-0.438
-0.32,-1.115
-0.254,-1.523
-0.271,-1.963
-0.416,0.551
-0.319,-1.968
-0.441,-3.059
-0.484,-2.956
-0.5,-0.19
-0.633,-0.223
-0.711,-0.868
-0.696,-1.164
-0.708,0.807
-0.935,-0.001
-0.808,0.333
-1.15,-0.756
-1.055,-2.239
-1.181,-2.348
-1.232,-1.639
-1.33,-3.122
-1.388,-2.243
-1.447,-0.721
-1.586,-2.342
-1.611,-2.226
-1.605,-1.196
-1.765,-0.955
-1.639,-1.76
-1.688,-0.396
-1.748,-1.948
-1.79,-1.825
-1.905,-0.269
-2.073,-1.522
-2.938,-3.44
-2.92,-3.348
3.13,-3.435
2.128,-3.608
2.058,-3.172
1.908,-3.444
1.176,-3.354
1.097,-3.235
0.628,-3.681
0.502,-3.412
-0.372,-3.329
-0.549,-3.514
-0.793,-3.546
-0.873,-3.263
-1.379,-3.537
-1.3,-3.498
-1.288,-3.467
-1.769,-3.56
-1.887,-3.39
-2.043,-3.533
-2.219,0.864
-2.625,0.974
2.197,0.872
1.787,0.903
1.548,0.876
1.68,0.987
1.444,0.947
0.807,0.915
0.215,0.988
0.339,0.958
-0.11,0.93
-1.28,0.685
-2.533,0.309
2.092,-1.994
-1.998,-2.378
1.576,-0.523
1.275,-0.033
1.07,-2.202
0.388,-2.164
0.306,-1.341
-0.148,-0.02
-0.611,-1.008
-1.289,0.374
-1.358,0.06
-1.497,0.18
-1.604,-0.297
-2.403,-2.114
0.369,-1.271
-0.451,-0.776
-1.279,-1.48
-1.39,-1.733
2.765,-3.156
1.338,-3.101
-1.57,0.525
-1.985,0.593
0.049,3.295
-0.057,3.415
-0.004,2.418
-0.082,3.118
-0.428,1.842
-0.385,2.868
-0.485,3.401
-0.481,0.627
-0.438,1.985
-0.523,0.363
-0.561,1.471
-0.505,2.004
-0.587,2.338
-0.596,0.546
-0.579,0.642
-0.709,1.419
-0.813,1.915
-0.949,1.775
-0.889,3.398
-0.989,1.477
-0.992,1.681
-1.109,2.448
-1.215,2.109
-1.31,2.017
-1.371,0.793
-1.307,-0.137
-1.317,1.605
-1.365,0.649
-1.528,0.683
-1.593,-0.33
-1.649,-0.243
-1.684,2.057
-1.657,1.407
-1.679,2.315
-1.684,2.901
-1.703,2.661
-1.673,2.069
-1.74,0.812
-1.742,0.683
-1.685,3.495
-1.689,2.864
-1.773,0.834
-1.799,1.273
-1.787,1.625
-1.778,2.087
-1.932,2.476
-1.881,1.155
-2.227,-0.578
-2.311,-0.734
-2.349,-0.567
-2.805,-0.592
-3.002,-0.58
3.055,-0.684
2.624,-0.628
2.5,-0.609
2.181,-0.797
2.139,-0.656
1.215,-0.673
1.147,-0.528
0.823,-0.491
0.53,-0.949
0.357,-0.865
0.381,-0.861
-0.624,-0.694
-1.224,-0.874
-1.481,-0.636
-1.872,-0.636
-2.159,3.536
-2.318,3.544
-2.573,3.69
-2.626,3.661
-2.759,3.545
2.071,3.499
1.673,3.583
1.574,3.599
0.468,3.714
-0.112,3.689
-0.52,3.672
-0.73,3.738
-1.438,3.468
-1.651,3.702
-2.723,3.23
2.238,1.097
1.362,1.812
0.311,0.599
-0.052,2.796
-0.987,2.494
-1.651,2.267
-2.338,-0.738
0.855,3.569
-1.911,3.148
-2.032,-0.16
-2.012,0.562
-2.2,0.728
-2.229,-0.246
-2.192,0.686
-2.244,1.917
-2.256,1.216
-2.33,0.419
-2.537,1.765
-2.481,3.252
-2.506,1.109
-2.635,1.651
-2.656,3.104
-2.681,3.401
-2.689,3.256
-2.637,1.806
-2.844,3.292
-2.823,3.127
-3.084,3.343
-3.001,0.867
-3.118,1.619
2.989,1.426
2.992,0.432
3.102,1.09
2.964,0.037
3.053,-0.401
2.796,3.187
2.663,1.946
2.499,3.238
2.617,1.859
2.603,2.251
2.464,-0.078
2.534,2.173
2.332,-0.276
2.339,0.812
2.222,2.595
2.34,3.479
2.281,0.509
2.098,2.894
2.169,1.756
2.142,3.034
2.147,1.456
2.007,2.092
1.971,-0.228
1.95,1.755
2.017,0.815
1.833,0.769
1.932,1.848
1.884,0.925
1.665,0.911
1.458,2.199
1.544,3.428
1.392,1.102
1.375,0.413
1.435,2.103
1.397,0.559
1.243,0.731
1.238,3.314
1.079,1.482
1.178,1.551
1.024,3.553
1.053,2.921
0.876,2.805
0.982,2.191
0.777,3.347
0.793,1.982
0.666,0.513
0.661,0.449
0.508,1.721
0.616,0.313
0.451,1.911
0.578,0.528
0.521,3.389
0.455,0.553
0.474,-0.122
0.296,2.89
0.422,1.101
0.355,2.023
0.333,3.223
0.329,-0.486
0.177,0.869
0.249,1.995
0.131,2.464
0.19,3.101
0.003,3.073
0.101,2.294
-0.016,0.263
-0.025,2.02
-0.223,2.237
-0.228,1.56
-0.162,1.152
-0.179,0.712
-0.324,3.226
-0.227,0.707
-0.349,-0.384
-0.392,-0.281
-0.408,2.485
-0.541,2.452
-0.619,1.807
-0.604,1.511
-0.616,3.482
-0.843,2.674
-0.716,3.008
-1.058,1.919
-0.963,0.436
-1.089,0.327
-1.14,1.036
-1.238,-0.447
-1.296,0.432
-1.355,1.954
-1.494,0.333
-1.519,0.449
-1.513,1.479
-1.673,1.72
-1.547,0.915
-1.596,2.279
-1.656,0.727
-1.698,0.85
-1.813,2.406
-1.981,1.153
-2.846,-0.765
-2.828,-0.673
-3.061,-0.76
2.22,-0.933
2.15,-0.497
2.0,-0.769
1.268,-0.679
1.189,-0.56
0.72,-1.006
0.594,-0.737
-0.28,-0.654
-0.457,-0.839
-0.701,-0.871
-0.781,-0.588
-1.287,-0.862
-1.208,-0.823
-1.196,-0.792
-1.677,-0.885
-1.795,-0.715
-1.951,-0.858
-2.127,3.539
-2.533,3.649
2.289,3.547
1.879,3.578
1.64,3.551
1.772,3.662
1.536,3.622
0.899,3.59
0.307,3.663
0.431,3.633
-0.018,3.605
-1.188,3.36
-2.441,2.984
2.184,0.681
-1.906,0.297
1.668,2.152
1.367,2.642
1.162,0.473
0.48,0.511
0.398,1.334
-0.056,2.655
-0.519,1.667
-1.197,3.049
-1.266,2.735
-1.405,2.855
-1.512,2.378
-2.311,0.561
0.461,1.404
-0.359,1.899
-1.187,1.195
-1.298,0.942
2.857,-0.481
1.43,-0.426
-1.478,3.2
-1.893,3.268
-0.106,0.12
-0.053,-0.877
-0.131,-0.177
-0.477,-1.453
-0.434,-0.427
-0.534,0.106
-0.53,-2.668
-0.487,-1.31
-0.572,-2.932
-0.61,-1.824
-0.554,-1.291
-0.636,-0.957
-0.645,-2.749
-0.628,-2.653
-0.758,-1.876
-0.862,-1.38
-0.998,-1.52
-0.938,0.103
-1.038,-1.818
-1.041,-1.614
-1.158,-0.847
-1.264,-1.186
-1.359,-1.278
-1.42,-2.502
-1.356,-3.432
-1.366,-1.69
-1.414,-2.646
-1.577,-2.612
-1.642,-3.625
-1.698,-3.538
-1.733,-1.238
-1.706,-1.888
-1.728,-0.98
-1.733,-0.394
-1.752,-0.634
-1.722,-1.226
-1.789,-2.483
-1.791,-2.612
-1.734,0.2
-1.738,-0.431
-1.822,-2.461
-1.848,-2.022
-1.836,-1.67
-1.827,-1.208
-1.981,-0.819
-1.93,-2.14
-2.276,-3.873
-2.36,-4.029
-2.398,-3.862
-2.854,-3.887
-3.051,-3.875
3.006,-3.979
2.575,-3.923
2.451,-3.904
2.132,-4.092
2.09,-3.951
1.166,-3.968
1.098,-3.823
0.774,-3.786
0.481,-4.244
0.308,-4.16
0.332,-4.156
-0.673,-3.989
-1.273,-4.169
-1.53,-3.931
-1.921,-3.931
-2.208,0.241
-2.367,0.249
-2.622,0.395
-2.675,0.366
-2.808,0.25
2.022,0.204
1.624,0.288
1.525,0.304
0.419,0.419
-0.161,0.394
-0.569,0.377
-0.779,0.443
-1.487,0.173
-1.7,0.407
-2.772,-0.065
2.189,-2.198
1.313,-1.483
0.262,-2.696
-0.101,-0.499
-1.036,-0.801
-1.7,-1.028
-2.387,-4.033
0.806,0.274
-1.96,-0.147
-2.081,-3.455
-2.061,-2.733
-2.249,-2.567
-2.278,-3.541
-2.241,-2.609
-2.293,-1.378
-2.305,-2.079
-2.379,-2.876
-2.586,-1.53
-2.53,-0.043
-2.555,-2.186
-2.684,-1.644
-2.705,-0.191
-2.73,0.106
-2.738,-0.039
-2.686,-1.489
-2.893,-0.003
-2.872,-0.168
-3.133,0.048
-3.05,-2.428
3.116,-1.676
2.94,-1.869
2.943,-2.863
3.053,-2.205
2.915,-3.258
3.004,-3.696
2.747,-0.108
2.614,-1.349
2.45,-0.057
2.568,-1.436
2.554,-1.044
2.415,-3.373
2.485,-1.122
2.283,-3.571
2.29,-2.483
2.173,-0.7
2.291,0.184
2.232,-2.786
2.049,-0.401
2.12,-1.539
2.093,-0.261
2.098,-1.839
1.958,-1.203
1.922,-3.523
1.901,-1.54
1.968,-2.48
1.784,-2.526
1.883,-1.447
1.835,-2.37
1.616,-2.384
1.409,-1.096
1.495,0.133
1.343,-2.193
1.326,-2.882
1.386,-1.192
1.348,-2.736
1.194,-2.564
1.189,0.019
1.03,-1.813
1.129,-1.744
0.975,0.258
1.004,-0.374
0.827,-0.49
0.933,-1.104
0.728,0.052
0.744,-1.313
0.617,-2.782
0.612,-2.846
0.459,-1.574
0.567,-2.982
0.402,-1.384
0.529,-2.767
0.472,0.094
0.406,-2.742
0.425,-3.417
0.247,-0.405
0.373,-2.194
0.306,-1.272
0.284,-0.072
0.28,-3.781
0.128,-2.426
0.2,-1.3
0.082,-0.831
0.141,-0.194
-0.046,-0.222
0.052,-1.001
-0.065,-3.032
-0.074,-1.275
-0.272,-1.058
-0.277,-1.735
-0.211,-2.143
-0.228,-2.583
-0.373,-0.069
-0.276,-2.588
-0.398,-3.679
-0.441,-3.576
-0.457,-0.81
-0.59,-0.843
-0.668,-1.488
-0.653,-1.784
-0.665,0.187
-0.892,-0.621
-0.765,-0.287
-1.107,-1.376
-1.012,-2.859
-1.138,-2.968
-1.189,-2.259
-1.287,-3.742
-1.345,-2.863
-1.404,-1.341
-1.543,-2.962
-1.568,-2.846
-1.562,-1.816
-1.722,-1.575
-1.596,-2.38
-1.645,-1.016
-1.705,-2.568
-1.747,-2.445
-1.862,-0.889
-2.03,-2.142
-2.895,-4.06
-2.877,-3.968
-3.11,-4.055
2.171,-4.228
2.101,-3.792
1.951,-4.064
1.219,-3.974
1.14,-3.855
0.671,-4.301
0.545,-4.032
-0.329,-3.949
-0.506,-4.134
-0.75,-4.166
-0.83,-3.883
-1.336,-4.157
-1.257,-4.118
-1.245,-4.087
-1.726,-4.18
-1.844,-4.01
-2.0,-4.153
-2.176,0.244
-2.582,0.354
2.24,0.252
1.83,0.283
1.591,0.256
1.723,0.367
1.487,0.327
0.85,0.295
0.258,0.368
0.382,0.338
-0.067,0.31
-1.237,0.065
-2.49,-0.311
2.135,-2.614
-1.955,-2.998
1.619,-1.143
1.318,-0.653
1.113,-2.822
0.431,-2.784
0.349,-1.961
-0.105,-0.64
-0.568,-1.628
-1.246,-0.246
-1.315,-0.56
-1.454,-0.44
-1.561,-0.917
-2.36,-2.734
0.412,-1.891
-0.408,-1.396
-1.236,-2.1
-1.347,-2.353
2.808,-3.776
1.381,-3.721
-1.527,-0.095
-1.942,-0.027
0.053,-0.997
-0.025,-0.297
-0.371,-1.573
-0.328,-0.547
-0.428,-0.014
-0.424,-2.788
-0.381,-1.43
-0.466,-3.052
-0.504,-1.944
-0.448,-1.411
-0.53,-1.077
-0.539,-2.869
-0.522,-2.773
-0.652,-1.996
-0.756,-1.5
-0.892,-1.64
-0.832,-0.017
-0.932,-1.938
-0.935,-1.734
-1.052,-0.967
-1.158,-1.306
-1.253,-1.398
-1.314,-2.622
-1.25,-3.552
-1.26,-1.81
-1.308,-2.766
-1.471,-2.732
-1.536,-3.745
-1.592,-3.658
-1.627,-1.358
-1.6,-2.008
-1.622,-1.1
-1.627,-0.514
-1.646,-0.754
-1.616,-1.346
-1.683,-2.603
-1.685,-2.732
-1.628,0.08
-1.632,-0.551
-1.716,-2.581
-1.742,-2.142
-1.73,-1.79
-1.721,-1.328
-1.875,-0.939
-1.824,-2.26
-2.17,-3.993
-2.254,-4.149
-2.292,-3.982
-2.748,-4.007
-2.945,-3.995
3.112,-4.099
2.681,-4.043
2.557,-4.024
2.238,-4.212
2.196,-4.071
1.272,-4.088
1.204,-3.943
0.88,-3.906
0.587,-4.364
0.414,-4.28
0.438,-4.276
-0.567,-4.109
-1.167,-4.289
-1.424,-4.051
-1.815,-4.051
-2.102,0.121
-2.261,0.129
-2.516,0.275
-2.569,0.246
-2.702,0.13
2.128,0.084
1.73,0.168
1.631,0.184
0.525,0.299
-0.055,0.274
-0.463,0.257
-0.673,0.323
-1.381,0.053
-1.594,0.287
-2.666,-0.185
2.295,-2.318
1.419,-1.603
0.368,-2.816
0.005,-0.619
-0.93,-0.921
-1.594,-1.148
-2.281,-4.153
0.912,0.154
-1.854,-0.267
-1.975,-3.575
-1.955,-2.853
-2.143,-2.687
-2.172,-3.661
-2.135,-2.729
-2.187,-1.498
-2.199,-2.199
-2.273,-2.996
-2.48,-1.65
-2.424,-0.163
-2.449,-2.306
-2.578,-1.764
-2.599,-0.311
-2.624,-0.014
-2.632,-0.159
-2.58,-1.609
-2.787,-0.123
-2.766,-0.288
-3.027,-0.072
-2.944,-2.548
-3.061,-1.796
3.046,-1.989
3.049,-2.983
-3.124,-2.325
3.021,-3.378
3.11,-3.816
2.853,-0.228
2.72,-1.469
2.556,-0.177
2.674,-1.556
2.66,-1.164
2.521,-3.493
2.591,-1.242
2.389,-3.691
2.396,-2.603
2.279,-0.82
2.397,0.064
2.338,-2.906
2.155,-0.521
2.226,-1.659
2.199,-0.381
2.204,-1.959
2.064,-1.323
2.028,-3.643
2.007,-1.66
2.074,-2.6
1.89,-2.646
1.989,-1.567
1.941,-2.49
1.722,-2.504
1.515,-1.216
1.601,0.013
1.449,-2.313
1.432,-3.002
1.492,-1.312
1.454,-2.856
1.3,-2.684
1.295,-0.101
1.136,-1.933
1.235,-1.864
1.081,0.138
1.11,-0.494
0.933,-0.61
1.039,-1.224
0.834,-0.068
0.85,-1.433
0.723,-2.902
0.718,-2.966
0.565,-1.694
0.673,-3.102
0.508,-1.504
0.635,-2.887
0.578,-0.026
0.512,-2.862
0.531,-3.537
0.353,-0.525
0.479,-2.314
0.412,-1.392
0.39,-0.192
0.386,-3.901
0.234,-2.546
0.306,-1.42
0.188,-0.951
0.247,-0.314
0.06,-0.342
0.158,-1.121
0.041,-3.152
0.032,-1.395
-0.166,-1.178
-0.171,-1.855
-0.105,-2.263
-0.122,-2.703
-0.267,-0.189
-0.17,-2.708
-0.292,-3.799
-0.335,-3.696
-0.351,-0.93
-0.484,-0.963
-0.562,-1.608
-0.547,-1.904
-0.559,0.067
-0.786,-0.741
-0.659,-0.407
-1.001,-1.496
-0.906,-2.979
-1.032,-3.088
-1.083,-2.379
-1.181,-3.862
-1.239,-2.983
-1.298,-1.461
-1.437,-3.082
-1.462,-2.966
-1.456,-1.936
-1.616,-1.695
-1.49,-2.5
-1.539,-1.136
-1.599,-2.688
-1.641,-2.565
-1.756,-1.009
-1.924,-2.262
-2.789,-4.18
-2.771,-4.088
-3.004,-4.175
2.277,-4.348
2.207,-3.912
2.057,-4.184
1.325,-4.094
1.246,-3.975
0.777,-4.421
0.651,-4.152
-0.223,-4.069
-0.4,-4.254
-0.644,-4.286
-0.724,-4.003
-1.23,-4.277
-1.151,-4.238
-1.139,-4.207
-1.62,-4.3
-1.738,-4.13
-1.894,-4.273
-2.07,0.124
-2.476,0.234
2.346,0.132
1.936,0.163
1.697,0.136
1.829,0.247
1.593,0.207
0.956,0.175
0.364,0.248
0.488,0.218
0.039,0.19
-1.131,-0.055
-2.384,-0.431
2.241,-2.734
-1.849,-3.118
1.725,-1.263
1.424,-0.773
1.219,-2.942
0.537,-2.904
0.455,-2.081
0.001,-0.76
-0.462,-1.748
-1.14,-0.366
-1.209,-0.68
-1.348,-0.56
-1.455,-1.037
-2.254,-2.854
0.518,-2.011
-0.302,-1.516
-1.13,-2.22
-1.241,-2.473
2.914,-3.896
1.487,-3.841
-1.421,-0.215
-1.836,-0.147
-0.078,0.7
-0.424,-0.576
-0.381,0.45
-0.481,0.983
-0.477,-1.791
-0.434,-0.433
-0.519,-2.055
-0.557,-0.947
-0.501,-0.414
-0.583,-0.08
-0.592,-1.872
-0.575,-1.776
-0.705,-0.999
-0.809,-0.503
-0.945,-0.643
-0.885,0.98
-0.985,-0.941
-0.988,-0.737
-1.105,0.03
-1.211,-0.309
-1.306,-0.401
-1.367,-1.625
-1.303,-2.555
-1.313,-0.813
-1.361,-1.769
-1.524,-1.735
-1.589,-2.748
-1.645,-2.661
-1.68,-0.361
-1.653,-1.011
-1.675,-0.103
-1.68,0.483
-1.699,0.243
-1.669,-0.349
-1.736,-1.606
-1.738,-1.735
-1.681,1.077
-1.685,0.446
-1.769,-1.584
-1.795,-1.145
-1.783,-0.793
-1.774,-0.331
-1.928,0.058
-1.877,-1.263
-2.223,-2.996
-2.307,-3.152
-2.345,-2.985
-2.801,-3.01
-2.998,-2.998
3.059,-3.102
2.628,-3.046
2.504,-3.027
2.185,-3.215
2.143,-3.074
1.219,-3.091
1.151,-2.946
0.827,-2.909
0.534,-3.367
0.361,-3.283
0.385,-3.279
-0.62,-3.112
-1.22,-3.292
-1.477,-3.054
-1.868,-3.054
-2.155,1.118
-2.314,1.126
-2.569,1.272
-2.622,1.243
-2.755,1.127
2.075,1.081
1.677,1.165
1.578,1.181
0.472,1.296
-0.108,1.271
-0.516,1.254
-0.726,1.32
-1.434,1.05
-1.647,1.284
-2.719,0.812
2.242,-1.321
1.366,-0.606
0.315,-1.819
-0.048,0.378
-0.983,0.076
-1.647,-0.151
-2.334,-3.156
0.859,1.151
-1.907,0.73
-2.028,-2.578
-2.008,-1.856
-2.196,-1.69
-2.225,-2.664
-2.188,-1.732
-2.24,-0.501
-2.252,-1.202
-2.326,-1.999
-2.533,-0.653
-2.477,0.834
-2.502,-1.309
-2.631,-0.767
-2.652,0.686
-2.677,0.983
-2.685,0.838
-2.633,-0.612
-2.84,0.874
-2.819,0.709
-3.08,0.925
-2.997,-1.551
-3.114,-0.799
2.993,-0.992
2.996,-1.986
3.106,-1.328
2.968,-2.381
3.057,-2.819
2.8,0.769
2.667,-0.472
2.503,0.82
2.621,-0.559
2.607,-0.167
2.468,-2.496
2.538,-0.245
2.336,-2.694
2.343,-1.606
2.226,0.177
2.344,1.061
2.285,-1.909
2.102,0.476
2.173,-0.662
2.146,0.616
2.151,-0.962
2.011,-0.326
1.975,-2.646
1.954,-0.663
2.021,-1.603
1.837,-1.649
1.936,-0.57
1.888,-1.493
1.669,-1.507
1.462,-0.219
1.548,1.01
1.396,-1.316
1.379,-2.005
1.439,-0.315
1.401,-1.859
1.247,-1.687
1.242,0.896
1.083,-0.936
1.182,-0.867
1.028,1.135
1.057,0.503
0.88,0.387
0.986,-0.227
0.781,0.929
0.797,-0.436
0.67,-1.905
0.665,-1.969
0.512,-0.697
0.62,-2.105
0.455,-0.507
0.582,-1.89
0.525,0.971
0.459,-1.865
0.478,-2.54
0.3,0.472
0.426,-1.317
0.359,-0.395
0.337,0.805
0.333,-2.904
0.181,-1.549
0.253,-0.423
0.135,0.046
0.194,0.683
0.007,0.655
0.105,-0.124
-0.012,-2.155
-0.021,-0.398
-0.219,-0.181
-0.224,-0.858
-0.158,-1.266
-0.175,-1.706
-0.32,0.808
-0.223,-1.711
-0.345,-2.802
-0.388,-2.699
-0.404,0.067
-0.537,0.034
-0.615,-0.611
-0.6,-0.907
-0.612,1.064
-0.839,0.256
-0.712,0.59
-1.054,-0.499
-0.959,-1.982
-1.085,-2.091
-1.136,-1.382
-1.234,-2.865
-1.292,-1.986
-1.351,-0.464
-1.49,-2.085
-1.515,-1.969
-1.509,-0.939
-1.669,-0.698
-1.543,-1.503
-1.592,-0.139
-1.652,-1.691
-1.694,-1.568
-1.809,-0.012
-1.977,-1.265
-2.842,-3.183
-2.824,-3.091
-3.057,-3.178
2.224,-3.351
2.154,-2.915
2.004,-3.187
1.272,-3.097
1.193,-2.978
0.724,-3.424
0.598,-3.155
-0.276,-3.072
-0.453,-3.257
-0.697,-3.289
-0.777,-3.006
-1.283,-3.28
-1.204,-3.241
-1.192,-3.21
-1.673,-3.303
-1.791,-3.133
-1.947,-3.276
-2.123,1.121
-2.529,1.231
2.293,1.129
1.883,1.16
1.644,1.133
1.776,1.244
1.54,1.204
0.903,1.172
0.311,1.245
0.435,1.215
-0.014,1.187
-1.184,0.942
-2.437,0.566
2.188,-1.737
-1.902,-2.121
1.672,-0.266
1.371,0.224
1.166,-1.945
0.484,-1.907
0.402,-1.084
-0.052,0.237
-0.515,-0.751
-1.193,0.631
-1.262,0.317
-1.401,0.437
-1.508,-0.04
-2.307,-1.857
0.465,-1.014
-0.355,-0.519
-1.183,-1.223
-1.294,-1.476
2.861,-2.899
1.434,-2.844
-1.474,0.782
-1.889,0.85
-0.346,-1.276
-0.303,-0.25
-0.403,0.283
-0.399,-2.491
-0.356,-1.133
-0.441,-2.755
-0.479,-1.647
-0.423,-1.114
-0.505,-0.78
-0.514,-2.572
-0.497,-2.476
-0.627,-1.699
-0.731,-1.203
-0.867,-1.343
-0.807,0.28
-0.907,-1.641
-0.91,-1.437
-1.027,-0.67
-1.133,-1.009
-1.228,-1.101
-1.289,-2.325
-1.225,-3.255
-1.235,-1.513
-1.283,-2.469
-1.446,-2.435
-1.511,-3.448
-1.567,-3.361
-1.602,-1.061
-1.575,-1.711
-1.597,-0.803
-1.602,-0.217
-1.621,-0.457
-1.591,-1.049
-1.658,-2.306
-1.66,-2.435
-1.603,0.377
-1.607,-0.254
-1.691,-2.284
-1.717,-1.845
-1.705,-1.493
-1.696,-1.031
-1.85,-0.642
-1.799,-1.963
-2.145,-3.696
-2.229,-3.852
-2.267,-3.685
-2.723,-3.71
-2.92,-3.698
3.137,-3.802
2.706,-3.746
2.582,-3.727
2.263,-3.915
2.221,-3.774
1.297,-3.791
1.229,-3.646
0.905,-3.609
0.612,-4.067
0.439,-3.983
0.463,-3.979
-0.542,-3.812
-1.142,-3.992
-1.399,-3.754
-1.79,-3.754
-2.077,0.418
-2.236,0.426
-2.491,0.572
-2.544,0.543
-2.677,0.427
2.153,0.381
1.755,0.465
1.656,0.481
0.55,0.596
-0.03,0.571
-0.438,0.554
-0.648,0.62
-1.356,0.35
-1.569,0.584
-2.641,0.112
2.32,-2.021
1.444,-1.306
0.393,-2.519
0.03,-0.322
-0.905,-0.624
-1.569,-0.851
-2.256,-3.856
0.937,0.451
-1.829,0.03
-1.95,-3.278
-1.93,-2.556
-2.118,-2.39
-2.147,-3.364
-2.11,-2.432
-2.162,-1.201
-2.174,-1.902
-2.248,-2.699
-2.455,-1.353
-2.399,0.134
-2.424,-2.009
-2.553,-1.467
-2.574,-0.014
-2.599,0.283
-2.607,0.138
-2.555,-1.312
-2.762,0.174
-2.741,0.009
-3.002,0.225
-2.919,-2.251
-3.036,-1.499
3.071,-1.692
3.074,-2.686
-3.099,-2.028
3.046,-3.081
3.135,-3.519
2.878,0.069
2.745,-1.172
2.581,0.12
2.699,-1.259
2.685,-0.867
2.546,-3.196
2.616,-0.945
2.414,-3.394
2.421,-2.306
2.304,-0.523
2.422,0.361
2.363,-2.609
2.18,-0.224
2.251,-1.362
2.224,-0.084
2.229,-1.662
2.089,-1.026
2.053,-3.346
2.032,-1.363
2.099,-2.303
1.915,-2.349
2.014,-1.27
1.966,-2.193
1.747,-2.207
1.54,-0.919
1.626,0.31
1.474,-2.016
1.457,-2.705
1.517,-1.015
1.479,-2.559
1.325,-2.387
1.32,0.196
1.161,-1.636
1.26,-1.567
1.106,0.435
1.135,-0.197
0.958,-0.313
1.064,-0.927
0.859,0.229
0.875,-1.136
0.748,-2.605
0.743,-2.669
0.59,-1.397
0.698,-2.805
0.533,-1.207
0.66,-2.59
0.603,0.271
0.537,-2.565
0.556,-3.24
0.378,-0.228
0.504,-2.017
0.437,-1.095
0.415,0.105
0.411,-3.604
0.259,-2.249
0.331,-1.123
0.213,-0.654
0.272,-0.017
0.085,-0.045
0.183,-0.824
0.066,-2.855
0.057,-1.098
-0.141,-0.881
-0.146,-1.558
-0.08,-1.966
-0.097,-2.406
-0.242,0.108
-0.145,-2.411
-0.267,-3.502
-0.31,-3.399
-0.326,-0.633
-0.459,-0.666
-0.537,-1.311
-0.522,-1.607
-0.534,0.364
-0.761,-0.444
-0.634,-0.11
-0.976,-1.199
-0.881,-2.682
-1.007,-2.791
-1.058,-2.082
-1.156,-3.565
-1.214,-2.686
-1.273,-1.164
-1.412,-2.785
-1.437,-2.669
-1.431,-1.639
-1.591,-1.398
-1.465,-2.203
-1.514,-0.839
-1.574,-2.391
-1.616,-2.268
-1.731,-0.712
-1.899,-1.965
-2.764,-3.883
-2.746,-3.791
-2.979,-3.878
2.302,-4.051
2.232,-3.615
2.082,-3.887
1.35,-3.797
1.271,-3.678
0.802,-4.124
0.676,-3.855
-0.198,-3.772
-0.375,-3.957
-0.619,-3.989
-0.699,-3.706
-1.205,-3.98
-1.126,-3.941
-1.114,-3.91
-1.595,-4.003
-1.713,-3.833
-1.869,-3.976
-2.045,0.421
-2.451,0.531
2.371,0.429
1.961,0.46
1.722,0.433
1.854,0.544
1.618,0.504
0.981,0.472
0.389,0.545
0.513,0.515
0.064,0.487
-1.106,0.242
-2.359,-0.134
2.266,-2.437
-1.824,-2.821
1.75,-0.966
1.449,-0.476
1.244,-2.645
0.562,-2.607
0.48,-1.784
0.026,-0.463
-0.437,-1.451
-1.115,-0.069
-1.184,-0.383
-1.323,-0.263
-1.43,-0.74
-2.229,-2.557
0.543,-1.714
-0.277,-1.219
-1.105,-1.923
-1.216,-2.176
2.939,-3.599
1.512,-3.544
-1.396,0.082
-1.811,0.15
0.043,1.026
-0.057,1.559
-0.053,-1.215
-0.01,0.143
-0.095,-1.479
-0.133,-0.371
-0.077,0.162
-0.159,0.496
-0.168,-1.296
-0.151,-1.2
-0.281,-0.423
-0.385,0.073
-0.521,-0.067
-0.461,1.556
-0.561,-0.365
-0.564,-0.161
-0.681,0.606
-0.787,0.267
-0.882,0.175
-0.943,-1.049
-0.879,-1.979
-0.889,-0.237
-0.937,-1.193
-1.1,-1.159
-1.165,-2.172
-1.221,-2.085
-1.256,0.215
-1.229,-0.435
-1.251,0.473
-1.256,1.059
-1.275,0.819
-1.245,0.227
-1.312,-1.03
-1.314,-1.159
-1.257,1.653
-1.261,1.022
-1.345,-1.008
-1.371,-0.569
-1.359,-0.217
-1.35,0.245
-1.504,0.634
-1.453,-0.687
-1.799,-2.42
-1.883,-2.576
-1.921,-2.409
-2.377,-2.434
-2.574,-2.422
-2.8,-2.526
3.052,-2.47
2.928,-2.451
2.609,-2.639
2.567,-2.498
1.643,-2.515
1.575,-2.37
1.251,-2.333
0.958,-2.791
0.785,-2.707
0.809,-2.703
-0.196,-2.536
-0.796,-2.716
-1.053,-2.478
-1.444,-2.478
-1.731,1.694
-1.89,1.702
-2.145,1.848
-2.198,1.819
-2.331,1.703
2.499,1.657
2.101,1.741
2.002,1.757
0.896,1.872
0.316,1.847
-0.092,1.83
-0.302,1.896
-1.01,1.626
-1.223,1.86
-2.295,1.388
2.666,-0.745
1.79,-0.03
0.739,-1.243
0.376,0.954
-0.559,0.652
-1.223,0.425
-1.91,-2.58
1.283,1.727
-1.483,1.306
-1.604,-2.002
-1.584,-1.28
-1.772,-1.114
-1.801,-2.088
-1.764,-1.156
-1.816,0.075
-1.828,-0.626
-1.902,-1.423
-2.109,-0.077
-2.053,1.41
-2.078,-0.733
-2.207,-0.191
-2.228,1.262
-2.253,1.559
-2.261,1.414
-2.209,-0.036
-2.416,1.45
-2.395,1.285
-2.656,1.501
-2.573,-0.975
-2.69,-0.223
-2.866,-0.416
-2.863,-1.41
-2.753,-0.752
-2.891,-1.805
-2.802,-2.243
-3.059,1.345
3.091,0.104
2.927,1.396
3.045,0.017
3.031,0.409
2.892,-1.92
2.962,0.331
2.76,-2.118
2.767,-1.03
2.65,0.753
2.768,1.637
2.709,-1.333
2.526,1.052
2.597,-0.086
2.57,1.192
2.575,-0.386
2.435,0.25
2.399,-2.07
2.378,-0.087
2.445,-1.027
2.261,-1.073
2.36,0.006
2.312,-0.917
2.093,-0.931
1.886,0.357
1.972,1.586
1.82,-0.74
1.803,-1.429
1.863,0.261
1.825,-1.283
1.671,-1.111
1.666,1.472
1.507,-0.36
1.606,-0.291
1.452,1.711
1.481,1.079
1.304,0.963
1.41,0.349
1.205,1.505
1.221,0.14
1.094,-1.329
1.089,-1.393
0.936,-0.121
1.044,-1.529
0.879,0.069
1.006,-1.314
0.949,1.547
0.883,-1.289
0.902,-1.964
0.724,1.048
0.85,-0.741
0.783,0.181
0.761,1.381
0.757,-2.328
0.605,-0.973
0.677,0.153
0.559,0.622
0.618,1.259
0.431,1.231
0.529,0.452
0.412,-1.579
0.403,0.178
0.205,0.395
0.2,-0.282
0.266,-0.69
0.249,-1.13
0.104,1.384
0.201,-1.135
0.079,-2.226
0.036,-2.123
0.02,0.643
-0.113,0.61
-0.191,-0.035
-0.176,-0.331
-0.188,1.64
-0.415,0.832
-0.288,1.166
-0.63,0.077
-0.535,-1.406
-0.661,-1.515
-0.712,-0.806
-0.81,-2.289
-0.868,-1.41
-0.927,0.112
-1.066,-1.509
-1.091,-1.393
-1.085,-0.363
-1.245,-0.122
-1.119,-0.927
-1.168,0.437
-1.228,-1.115
-1.27,-0.992
-1.385,0.564
-1.553,-0.689
-2.418,-2.607
-2.4,-2.515
-2.633,-2.602
2.648,-2.775
2.578,-2.339
2.428,-2.611
1.696,-2.521
1.617,-2.402
1.148,-2.848
1.022,-2.579
0.148,-2.496
-0.029,-2.681
-0.273,-2.713
-0.353,-2.43
-0.859,-2.704
-0.78,-2.665
-0.768,-2.634
-1.249,-2.727
-1.367,-2.557
-1.523,-2.7
-1.699,1.697
-2.105,1.807
2.717,1.705
2.307,1.736
2.068,1.709
2.2,1.82
1.964,1.78
1.327,1.748
0.735,1.821
0.859,1.791
0.41,1.763
-0.76,1.518
-2.013,1.142
2.612,-1.161
-1.478,-1.545
2.096,0.31
1.795,0.8
1.59,-1.369
0.908,-1.331
0.826,-0.508
0.372,0.813
-0.091,-0.175
-0.769,1.207
-0.838,0.893
-0.977,1.013
-1.084,0.536
-1.883,-1.281
0.889,-0.438
0.069,0.057
-0.759,-0.647
-0.87,-0.9
-2.998,-2.323
1.858,-2.268
-1.05,1.358
-1.465,1.426
-0.1,0.533
-0.096,-2.241
-0.053,-0.883
-0.138,-2.505
-0.176,-1.397
-0.12,-0.864
-0.202,-0.53
-0.211,-2.322
-0.194,-2.226
-0.324,-1.449
-0.428,-0.953
-0.564,-1.093
-0.504,0.53
-0.604,-1.391
-0.607,-1.187
-0.724,-0.42
-0.83,-0.759
-0.925,-0.851
-0.986,-2.075
-0.922,-3.005
-0.932,-1.263
-0.98,-2.219
-1.143,-2.185
-1.208,-3.198
-1.264,-3.111
-1.299,-0.811
-1.272,-1.461
-1.294,-0.553
-1.299,0.033
-1.318,-0.207
-1.288,-0.799
-1.355,-2.056
-1.357,-2.185
-1.3,0.627
-1.304,-0.004
-1.388,-2.034
-1.414,-1.595
-1.402,-1.243
-1.393,-0.781
-1.547,-0.392
-1.496,-1.713
-1.842,-3.446
-1.926,-3.602
-1.964,-3.435
-2.42,-3.46
-2.617,-3.448
-2.843,-3.552
3.009,-3.496
2.885,-3.477
2.566,-3.665
2.524,-3.524
1.6,-3.541
1.532,-3.396
1.208,-3.359
0.915,-3.817
0.742,-3.733
0.766,-3.729
-0.239,-3.562
-0.839,-3.742
-1.096,-3.504
-1.487,-3.504
-1.774,0.668
-1.933,0.676
-2.188,0.822
-2.241,0.793
-2.374,0.677
2.456,0.631
2.058,0.715
1.959,0.731
0.853,0.846
0.273,0.821
-0.135,0.804
-0.345,0.87
-1.053,0.6
-1.266,0.834
-2.338,0.362
2.623,-1.771
1.747,-1.056
0.696,-2.269
0.333,-0.072
-0.602,-0.374
-1.266,-0.601
-1.953,-3.606
1.24,0.701
-1.526,0.28
-1.647,-3.028
-1.627,-2.306
-1.815,-2.14
-1.844,-3.114
-1.807,-2.182
-1.859,-0.951
-1.871,-1.652
-1.945,-2.449
-2.152,-1.103
-2.096,0.384
-2.121,-1.759
-2.25,-1.217
-2.271,0.236
-2.296,0.533
-2.304,0.388
-2.252,-1.062
-2.459,0.424
-2.438,0.259
-2.699,0.475
-2.616,-2.001
-2.733,-1.249
-2.909,-1.442
-2.906,-2.436
-2.796,-1.778
-2.934,-2.831
-2.845,-3.269
-3.102,0.319
3.048,-0.922
2.884,0.37
3.002,-1.009
2.988,-0.617
2.849,-2.946
2.919,-0.695
2.717,-3.144
2.724,-2.056
2.607,-0.273
2.725,0.611
2.666,-2.359
2.483,0.026
2.554,-1.112
2.527,0.166
2.532,-1.412
2.392,-0.776
2.356,-3.096
2.335,-1.113
2.402,-2.053
2.218,-2.099
2.317,-1.02
2.269,-1.943
2.05,-1.957
1.843,-0.669
1.929,0.56
1.777,-1.766
1.76,-2.455
1.82,-0.765
1.782,-2.309
1.628,-2.137
1.623,0.446
1.464,-1.386
1.563,-1.317
1.409,0.685
1.438,0.053
1.261,-0.063
1.367,-0.677
1.162,0.479
1.178,-0.886
1.051,-2.355
1.046,-2.419
0.893,-1.147
1.001,-2.555
0.836,-0.957
0.963,-2.34
0.906,0.521
0.84,-2.315
0.859,-2.99
0.681,0.022
0.807,-1.767
0.74,-0.845
0.718,0.355
0.714,-3.354
0.562,-1.999
0.634,-0.873
0.516,-0.404
0.575,0.233
0.388,0.205
0.486,-0.574
0.369,-2.605
0.36,-0.848
0.162,-0.631
0.157,-1.308
0.223,-1.716
0.206,-2.156
0.061,0.358
0.158,-2.161
0.036,-3.252
-0.007,-3.149
-0.023,-0.383
-0.156,-0.416
-0.234,-1.061
-0.219,-1.357
-0.231,0.614
-0.458,-0.194
-0.331,0.14
-0.673,-0.949
-0.578,-2.432
-0.704,-2.541
-0.755,-1.832
-0.853,-3.315
-0.911,-2.436
-0.97,-0.914
-1.109,-2.535
-1.134,-2.419
-1.128,-1.389
-1.288,-1.148
-1.162,-1.953
-1.211,-0.589
-1.271,-2.141
-1.313,-2.018
-1.428,-0.462
-1.596,-1.715
-2.461,-3.633
-2.443,-3.541
-2.676,-3.628
2.605,-3.801
2.535,-3.365
2.385,-3.637
1.653,-3.547
1.574,-3.428
1.105,-3.874
0.979,-3.605
0.105,-3.522
-0.072,-3.707
-0.316,-3.739
-0.396,-3.456
-0.902,-3.73
-0.823,-3.691
-0.811,-3.66
-1.292,-3.753
-1.41,-3.583
-1.566,-3.726
-1.742,0.671
-2.148,0.781
2.674,0.679
2.264,0.71
2.025,0.683
2.157,0.794
1.921,0.754
1.284,0.722
0.692,0.795
0.816,0.765
0.367,0.737
-0.803,0.492
-2.056,0.116
2.569,-2.187
-1.521,-2.571
2.053,-0.716
1.752,-0.226
1.547,-2.395
0.865,-2.357
0.783,-1.534
0.329,-0.213
-0.134,-1.201
-0.812,0.181
-0.881,-0.133
-1.02,-0.013
-1.127,-0.49
-1.926,-2.307
0.846,-1.464
0.026,-0.969
-0.802,-1.673
-0.913,-1.926
-3.041,-3.349
1.815,-3.294
-1.093,0.332
-1.508,0.4
0.004,-2.774
0.047,-1.416
-0.038,-3.038
-0.076,-1.93
-0.02,-1.397
-0.102,-1.063
-0.111,-2.855
-0.094,-2.759
-0.224,-1.982
-0.328,-1.486
-0.464,-1.626
-0.404,-0.003
-0.504,-1.924
-0.507,-1.72
-0.624,-0.953
-0.73,-1.292
-0.825,-1.384
-0.886,-2.608
-0.822,-3.538
-0.832,-1.796
-0.88,-2.752
-1.043,-2.718
-1.108,-3.731
-1.164,-3.644
-1.199,-1.344
-1.172,-1.994
-1.194,-1.086
-1.199,-0.5
-1.218,-0.74
-1.188,-1.332
-1.255,-2.589
-1.257,-2.718
-1.2,0.094
-1.204,-0.537
-1.288,-2.567
-1.314,-2.128
-1.302,-1.776
-1.293,-1.314
-1.447,-0.925
-1.396,-2.246
-1.742,-3.979
-1.826,-4.135
-1.864,-3.968
-2.32,-3.993
-2.517,-3.981
-2.743,-4.085
3.109,-4.029
2.985,-4.01
2.666,-4.198
2.624,-4.057
1.7,-4.074
1.632,-3.929
1.308,-3.892
1.015,-4.35
0.842,-4.266
0.866,-4.262
-0.139,-4.095
-0.739,-4.275
-0.996,-4.037
-1.387,-4.037
-1.674,0.135
-1.833,0.143
-2.088,0.289
-2.141,0.26
-2.274,0.144
2.556,0.098
2.158,0.182
2.059,0.198
0.953,0.313
0.373,0.288
-0.035,0.271
-0.245,0.337
-0.953,0.067
-1.166,0.301
-2.238,-0.171
2.723,-2.304
1.847,-1.589
0.796,-2.802
0.433,-0.605
-0.502,-0.907
-1.166,-1.134
-1.853,-4.139
1.34,0.168
-1.426,-0.253
-1.547,-3.561
-1.527,-2.839
-1.715,-2.673
-1.744,-3.647
-1.707,-2.715
-1.759,-1.484
-1.771,-2.185
-1.845,-2.982
-2.052,-1.636
-1.996,-0.149
-2.021,-2.292
-2.15,-1.75
-2.171,-0.297
-2.196,0.0
-2.204,-0.145
-2.152,-1.595
-2.359,-0.109
-2.338,-0.274
-2.599,-0.058
-2.516,-2.534
-2.633,-1.782
-2.809,-1.975
-2.806,-2.969
-2.696,-2.311
-2.834,-3.364
-2.745,-3.802
-3.002,-0.214
-3.135,-1.455
2.984,-0.163
3.102,-1.542
3.088,-1.15
2.949,-3.479
3.019,-1.228
2.817,-3.677
2.824,-2.589
2.707,-0.806
2.825,0.078
2.766,-2.892
2.583,-0.507
2.654,-1.645
2.627,-0.367
2.632,-1.945
2.492,-1.309
2.456,-3.629
2.435,-1.646
2.502,-2.586
2.318,-2.632
2.417,-1.553
2.369,-2.476
2.15,-2.49
1.943,-1.202
2.029,0.027
1.877,-2.299
1.86,-2.988
1.92,-1.298
1.882,-2.842
1.728,-2.67
1.723,-0.087
1.564,-1.919
1.663,-1.85
1.509,0.152
1.538,-0.48
1.361,-0.596
1.467,-1.21
1.262,-0.054
1.278,-1.419
1.151,-2.888
1.146,-2.952
0.993,-1.68
1.101,-3.088
0.936,-1.49
1.063,-2.873
1.006,-0.012
0.94,-2.848
0.959,-3.523
0.781,-0.511
0.907,-2.3
0.84,-1.378
0.818,-0.178
0.814,-3.887
0.662,-2.532
0.734,-1.406
0.616,-0.937
0.675,-0.3
0.488,-0.328
0.586,-1.107
0.469,-3.138
0.46,-1.381
0.262,-1.164
0.257,-1.841
0.323,-2.249
0.306,-2.689
0.161,-0.175
0.258,-2.694
0.136,-3.785
0.093,-3.682
0.077,-0.916
-0.056,-0.949
-0.134,-1.594
-0.119,-1.89
-0.131,0.081
-0.358,-0.727
-0.231,-0.393
-0.573,-1.482
-0.478,-2.965
-0.604,-3.074
-0.655,-2.365
-0.753,-3.848
-0.811,-2.969
-0.87,-1.447
-1.009,-3.068
-1.034,-2.952
-1.028,-1.922
-1.188,-1.681
-1.062,-2.486
-1.111,-1.122
-1.171,-2.674
-1.213,-2.551
-1.328,-0.995
-1.496,-2.248
-2.361,-4.166
-2.343,-4.074
-2.576,-4.161
2.705,-4.334
2.635,-3.898
2.485,-4.17
1.753,-4.08
1.674,-3.961
1.205,-4.407
1.079,-4.138
0.205,-4.055
0.028,-4.24
-0.216,-4.272
-0.296,-3.989
-0.802,-4.263
-0.723,-4.224
-0.711,-4.193
-1.192,-4.286
-1.31,-4.116
-1.466,-4.259
-1.642,0.138
-2.048,0.248
2.774,0.146
2.364,0.177
2.125,0.15
2.257,0.261
2.021,0.221
1.384,0.189
0.792,0.262
0.916,0.232
0.467,0.204
-0.703,-0.041
-1.956,-0.417
2.669,-2.72
-1.421,-3.104
2.153,-1.249
1.852,-0.759
1.647,-2.928
0.965,-2.89
0.883,-2.067
0.429,-0.746
-0.034,-1.734
-0.712,-0.352
-0.781,-0.666
-0.92,-0.546
-1.027,-1.023
-1.826,-2.84
0.946,-1.997
0.126,-1.502
-0.702,-2.206
-0.813,-2.459
-2.941,-3.882
1.915,-3.827
-0.993,-0.201
-1.408,-0.133
0.043,1.358
-0.042,-0.264
-0.08,0.844
-0.024,1.377
-0.106,1.711
-0.115,-0.081
-0.098,0.015
-0.228,0.792
-0.332,1.288
-0.468,1.148
-0.408,2.771
-0.508,0.85
-0.511,1.054
-0.628,1.821
-0.734,1.482
-0.829,1.39
-0.89,0.166
-0.826,-0.764
-0.836,0.978
-0.884,0.022
-1.047,0.056
-1.112,-0.957
-1.168,-0.87
-1.203,1.43
-1.176,0.78
-1.198,1.688
-1.203,2.274
-1.222,2.034
-1.192,1.442
-1.259,0.185
-1.261,0.056
-1.204,2.868
-1.208,2.237
-1.292,0.207
-1.318,0.646
-1.306,0.998
-1.297,1.46
-1.451,1.849
-1.4,0.528
-1.746,-1.205
-1.83,-1.361
-1.868,-1.194
-2.324,-1.219
-2.521,-1.207
-2.747,-1.311
3.105,-1.255
2.981,-1.236
2.662,-1.424
2.62,-1.283
1.696,-1.3
1.628,-1.155
1.304,-1.118
1.011,-1.576
0.838,-1.492
0.862,-1.488
-0.143,-1.321
-0.743,-1.501
-1.0,-1.263
-1.391,-1.263
-1.678,2.909
-1.837,2.917
-2.092,3.063
-2.145,3.034
-2.278,2.918
2.552,2.872
2.154,2.956
2.055,2.972
0.949,3.087
0.369,3.062
-0.039,3.045
-0.249,3.111
-0.957,2.841
-1.17,3.075
-2.242,2.603
2.719,0.47
1.843,1.185
0.792,-0.028
0.429,2.169
-0.506,1.867
-1.17,1.64
-1.857,-1.365
1.336,2.942
-1.43,2.521
-1.551,-0.787
-1.531,-0.065
-1.719,0.101
-1.748,-0.873
-1.711,0.059
-1.763,1.29
-1.775,0.589
-1.849,-0.208
-2.056,1.138
-2.0,2.625
-2.025,0.482
-2.154,1.024
-2.175,2.477
-2.2,2.774
-2.208,2.629
-2.156,1.179
-2.363,2.665
-2.342,2.5
-2.603,2.716
-2.52,0.24
-2.637,0.992
-2.813,0.799
-2.81,-0.195
-2.7,0.463
-2.838,-0.59
-2.749,-1.028
-3.006,2.56
-3.139,1.319
2.98,2.611
3.098,1.232
3.084,1.624
2.945,-0.705
3.015,1.546
2.813,-0.903
2.82,0.185
2.703,1.968
2.821,2.852
2.762,-0.118
2.579,2.267
2.65,1.129
2.623,2.407
2.628,0.829
2.488,1.465
2.452,-0.855
2.431,1.128
2.498,0.188
2.314,0.142
2.413,1.221
2.365,0.298
2.146,0.284
1.939,1.572
2.025,2.801
1.873,0.475
1.856,-0.214
1.916,1.476
1.878,-0.068
1.724,0.104
1.719,2.687
1.56,0.855
1.659,0.924
1.505,2.926
1.534,2.294
1.357,2.178
1.463,1.564
1.258,2.72
1.274,1.355
1.147,-0.114
1.142,-0.178
0.989,1.094
1.097,-0.314
0.932,1.284
1.059,-0.099
1.002,2.762
0.936,-0.074
0.955,-0.749
0.777,2.263
0.903,0.474
0.836,1.396
0.814,2.596
0.81,-1.113
0.658,0.242
0.73,1.368
0.612,1.837
0.671,2.474
0.484,2.446
0.582,1.667
0.465,-0.364
0.456,1.393
0.258,1.61
0.253,0.933
0.319,0.525
0.302,0.085
0.157,2.599
0.254,0.08
0.132,-1.011
0.089,-0.908
0.073,1.858
-0.06,1.825
-0.138,1.18
-0.123,0.884
-0.135,2.855
-0.362,2.047
-0.235,2.381
-0.577,1.292
-0.482,-0.191
-0.608,-0.3
-0.659,0.409
-0.757,-1.074
-0.815,-0.195
-0.874,1.327
-1.013,-0.294
-1.038,-0.178
-1.032,0.852
-1.192,1.093
-1.066,0.288
-1.115,1.652
-1.175,0.1
-1.217,0.223
-1.332,1.779
-1.5,0.526
-2.365,-1.392
-2.347,-1.3
-2.58,-1.387
2.701,-1.56
2.631,-1.124
2.481,-1.396
1.749,-1.306
1.67,-1.187
1.201,-1.633
1.075,-1.364
0.201,-1.281
0.024,-1.466
-0.22,-1.498
-0.3,-1.215
-0.806,-1.489
-0.727,-1.45
-0.715,-1.419
-1.196,-1.512
-1.314,-1.342
-1.47,-1.485
-1.646,2.912
-2.052,3.022
2.77,2.92
2.36,2.951
2.121,2.924
2.253,3.035
2.017,2.995
1.38,2.963
0.788,3.036
0.912,3.006
0.463,2.978
-0.707,2.733
-1.96,2.357
2.665,0.054
-1.425,-0.33
2.149,1.525
1.848,2.015
1.643,-0.154
0.961,-0.116
0.879,0.707
0.425,2.028
-0.038,1.04
-0.716,2.422
-0.785,2.108
-0.924,2.228
-1.031,1.751
-1.83,-0.066
0.942,0.777
0.122,1.272
-0.706,0.568
-0.817,0.315
-2.945,-1.108
1.911,-1.053
-0.997,2.573
-1.412,2.641
-0.085,-1.622
-0.123,-0.514
-0.067,0.019
-0.149,0.353
-0.158,-1.439
-0.141,-1.343
-0.271,-0.566
-0.375,-0.07
-0.511,-0.21
-0.451,1.413
-0.551,-0.508
-0.554,-0.304
-0.671,0.463
-0.777,0.124
-0.872,0.032
-0.933,-1.192
-0.869,-2.122
-0.879,-0.38
-0.927,-1.336
-1.09,-1.302
-1.155,-2.315
-1.211,-2.228
-1.246,0.072
-1.219,-0.578
-1.241,0.33
-1.246,0.916
-1.265,0.676
-1.235,0.084
-1.302,-1.173
-1.304,-1.302
-1.247,1.51
-1.251,0.879
-1.335,-1.151
-1.361,-0.712
-1.349,-0.36
-1.34,0.102
-1.494,0.491
-1.443,-0.83
-1.789,-2.563
-1.873,-2.719
-1.911,-2.552
-2.367,-2.577
-2.564,-2.565
-2.79,-2.669
3.062,-2.613
2.938,-2.594
2.619,-2.782
2.577,-2.641
1.653,-2.658
1.585,-2.513
1.261,-2.476
0.968,-2.934
0.795,-2.85
0.819,-2.846
-0.186,-2.679
-0.786,-2.859
-1.043,-2.621
-1.434,-2.621
-1.721,1.551
-1.88,1.559
-2.135,1.705
-2.188,1.676
-2.321,1.56
2.509,1.514
2.111,1.598
2.012,1.614
0.906,1.729
0.326,1.704
-0.082,1.687
-0.292,1.753
-1.0,1.483
-1.213,1.717
-2.285,1.245
2.676,-0.888
1.8,-0.173
0.749,-1.386
0.386,0.811
-0.549,0.509
-1.213,0.282
-1.9,-2.723
1.293,1.584
-1.473,1.163
-1.594,-2.145
-1.574,-1.423
-1.762,-1.257
-1.791,-2.231
-1.754,-1.299
-1.806,-0.068
-1.818,-0.769
-1.892,-1.566
-2.099,-0.22
-2.043,1.267
-2.068,-0.876
-2.197,-0.334
-2.218,1.119
-2.243,1.416
-2.251,1.271
-2.199,-0.179
-2.406,1.307
-2.385,1.142
-2.646,1.358
-2.563,-1.118
-2.68,-0.366
-2.856,-0.559
-2.853,-1.553
-2.743,-0.895
-2.881,-1.948
-2.792,-2.386
-3.049,1.202
3.101,-0.039
2.937,1.253
3.055,-0.126
3.041,0.266
2.902,-2.063
2.972,0.188
2.77,-2.261
2.777,-1.173
2.66,0.61
2.778,1.494
2.719,-1.476
2.536,0.909
2.607,-0.229
2.58,1.049
2.585,-0.529
2.445,0.107
2.409,-2.213
2.388,-0.23
2.455,-1.17
2.271,-1.216
2.37,-0.137
2.322,-1.06
2.103,-1.074
1.896,0.214
1.982,1.443
1.83,-0.883
1.813,-1.572
1.873,0.118
1.835,-1.426
1.681,-1.254
1.676,1.329
1.517,-0.503
1.616,-0.434
1.462,1.568
1.491,0.936
1.314,0.82
1.42,0.206
1.215,1.362
1.231,-0.003
1.104,-1.472
1.099,-1.536
0.946,-0.264
1.054,-1.672
0.889,-0.074
1.016,-1.457
0.959,1.404
0.893,-1.432
0.912,-2.107
0.734,0.905
0.86,-0.884
0.793,0.038
0.771,1.238
0.767,-2.471
0.615,-1.116
0.687,0.01
0.569,0.479
0.628,1.116
0.441,1.088
0.539,0.309
0.422,-1.722
0.413,0.035
0.215,0.252
0.21,-0.425
0.276,-0.833
0.259,-1.273
0.114,1.241
0.211,-1.278
0.089,-2.369
0.046,-2.266
0.03,0.5
-0.103,0.467
-0.181,-0.178
-0.166,-0.474
-0.178,1.497
-0.405,0.689
-0.278,1.023
-0.62,-0.066
-0.525,-1.549
-0.651,-1.658
-0.702,-0.949
-0.8,-2.432
-0.858,-1.553
-0.917,-0.031
-1.056,-1.652
-1.081,-1.536
-1.075,-0.506
-1.235,-0.265
-1.109,-1.07
-1.158,0.294
-1.218,-1.258
-1.26,-1.135
-1.375,0.421
-1.543,-0.832
-2.408,-2.75
-2.39,-2.658
-2.623,-2.745
2.658,-2.918
2.588,-2.482
2.438,-2.754
1.706,-2.664
1.627,-2.545
1.158,-2.991
1.032,-2.722
0.158,-2.639
-0.019,-2.824
-0.263,-2.856
-0.343,-2.573
-0.849,-2.847
-0.77,-2.808
-0.758,-2.777
-1.239,-2.87
-1.357,-2.7
-1.513,-2.843
-1.689,1.554
-2.095,1.664
2.727,1.562
2.317,1.593
2.078,1.566
2.21,1.677
1.974,1.637
1.337,1.605
0.745,1.678
0.869,1.648
0.42,1.62
-0.75,1.375
-2.003,0.999
2.622,-1.304
-1.468,-1.688
2.106,0.167
1.805,0.657
1.6,-1.512
0.918,-1.474
0.836,-0.651
0.382,0.67
-0.081,-0.318
-0.759,1.064
-0.828,0.75
-0.967,0.87
-1.074,0.393
-1.873,-1.424
0.899,-0.581
0.079,-0.086
-0.749,-0.79
-0.86,-1.043
-2.988,-2.466
1.868,-2.411
-1.04,1.215
-1.455,1.283
-0.038,1.108
0.018,1.641
-0.064,1.975
-0.073,0.183
-0.056,0.279
-0.186,1.056
-0.29,1.552
-0.426,1.412
-0.366,3.035
-0.466,1.114
-0.469,1.318
-0.586,2.085
-0.692,1.746
-0.787,1.654
-0.848,0.43
-0.784,-0.5
-0.794,1.242
-0.842,0.286
-1.005,0.32
-1.07,-0.693
-1.126,-0.606
-1.161,1.694
-1.134,1.044
-1.156,1.952
-1.161,2.538
-1.18,2.298
-1.15,1.706
-1.217,0.449
-1.219,0.32
-1.162,3.132
-1.166,2.501
-1.25,0.471
-1.276,0.91
-1.264,1.262
-1.255,1.724
-1.409,2.113
-1.358,0.792
-1.704,-0.941
-1.788,-1.097
-1.826,-0.93
-2.282,-0.955
-2.479,-0.943
-2.705,-1.047
-3.136,-0.991
3.023,-0.972
2.704,-1.16
2.662,-1.019
1.738,-1.036
1.67,-0.891
1.346,-0.854
1.053,-1.312
0.88,-1.228
0.904,-1.224
-0.101,-1.057
-0.701,-1.237
-0.958,-0.999
-1.349,-0.999
-1.636,3.173
-1.795,3.181
-2.05,3.327
-2.103,3.298
-2.236,3.182
2.594,3.136
2.196,3.22
2.097,3.236
0.991,3.351
0.411,3.326
0.003,3.309
-0.207,3.375
-0.915,3.105
-1.128,3.339
-2.2,2.867
2.761,0.734
1.885,1.449
0.834,0.236
0.471,2.433
-0.464,2.131
-1.128,1.904
-1.815,-1.101
1.378,3.206
-1.388,2.785
-1.509,-0.523
-1.489,0.199
-1.677,0.365
-1.706,-0.609
-1.669,0.323
-1.721,1.554
-1.733,0.853
-1.807,0.056
-2.014,1.402
-1.958,2.889
-1.983,0.746
-2.112,1.288
-2.133,2.741
-2.158,3.038
-2.166,2.893
-2.114,1.443
-2.321,2.929
-2.3,2.764
-2.561,2.98
-2.478,0.504
-2.595,1.256
-2.771,1.063
-2.768,0.069
-2.658,0.727
-2.796,-0.326
-2.707,-0.764
-2.964,2.824
-3.097,1.583
3.022,2.875
3.14,1.496
3.126,1.888
2.987,-0.441
3.057,1.81
2.855,-0.639
2.862,0.449
2.745,2.232
2.863,3.116
2.804,0.146
2.621,2.531
2.692,1.393
2.665,2.671
2.67,1.093
2.53,1.729
2.494,-0.591
2.473,1.392
2.54,0.452
2.356,0.406
2.455,1.485
2.407,0.562
2.188,0.548
1.981,1.836
2.067,3.065
1.915,0.739
1.898,0.05
1.958,1.74
1.92,0.196
1.766,0.368
1.761,2.951
1.602,1.119
1.701,1.188
1.547,3.19
1.576,2.558
1.399,2.442
1.505,1.828
1.3,2.984
1.316,1.619
1.189,0.15
1.184,0.086
1.031,1.358
1.139,-0.05
0.974,1.548
1.101,0.165
1.044,3.026
0.978,0.19
0.997,-0.485
0.819,2.527
0.945,0.738
0.878,1.66
0.856,2.86
0.852,-0.849
0.7,0.506
0.772,1.632
0.654,2.101
0.713,2.738
0.526,2.71
0.624,1.931
0.507,-0.1
0.498,1.657
0.3,1.874
0.295,1.197
0.361,0.789
0.344,0.349
0.199,2.863
0.296,0.344
0.174,-0.747
0.131,-0.644
0.115,2.122
-0.018,2.089
-0.096,1.444
-0.081,1.148
-0.093,3.119
-0.32,2.311
-0.193,2.645
-0.535,1.556
-0.44,0.073
-0.566,-0.036
-0.617,0.673
-0.715,-0.81
-0.773,0.069
-0.832,1.591
-0.971,-0.03
-0.996,0.086
-0.99,1.116
-1.15,1.357
-1.024,0.552
-1.073,1.916
-1.133,0.364
-1.175,0.487
-1.29,2.043
-1.458,0.79
-2.323,-1.128
-2.305,-1.036
-2.538,-1.123
2.743,-1.296
2.673,-0.86
2.523,-1.132
1.791,-1.042
1.712,-0.923
1.243,-1.369
1.117,-1.1
0.243,-1.017
0.066,-1.202
-0.178,-1.234
-0.258,-0.951
-0.764,-1.225
-0.685,-1.186
-0.673,-1.155
-1.154,-1.248
-1.272,-1.078
-1.428,-1.221
-1.604,3.176
-2.01,3.286
2.812,3.184
2.402,3.215
2.163,3.188
2.295,3.299
2.059,3.259
1.422,3.227
0.83,3.3
0.954,3.27
0.505,3.242
-0.665,2.997
-1.918,2.621
2.707,0.318
-1.383,-0.066
2.191,1.789
1.89,2.279
1.685,0.11
1.003,0.148
0.921,0.971
0.467,2.292
0.004,1.304
-0.674,2.686
-0.743,2.372
-0.882,2.492
-0.989,2.015
-1.788,0.198
0.984,1.041
0.164,1.536
-0.664,0.832
-0.775,0.579
-2.903,-0.844
1.953,-0.789
-0.955,2.837
-1.37,2.905
0.056,0.533
-0.026,0.867
-0.035,-0.925
-0.018,-0.829
-0.148,-0.052
-0.252,0.444
-0.388,0.304
-0.328,1.927
-0.428,0.006
-0.431,0.21
-0.548,0.977
-0.654,0.638
-0.749,0.546
-0.81,-0.678
-0.746,-1.608
-0.756,0.134
-0.804,-0.822
-0.967,-0.788
-1.032,-1.801
-1.088,-1.714
-1.123,0.586
-1.096,-0.064
-1.118,0.844
-1.123,1.43
-1.142,1.19
-1.112,0.598
-1.179,-0.659
-1.181,-0.788
-1.124,2.024
-1.128,1.393
-1.212,-0.637
-1.238,-0.198
-1.226,0.154
-1.217,0.616
-1.371,1.005
-1.32,-0.316
-1.666,-2.049
-1.75,-2.205
-1.788,-2.038
-2.244,-2.063
-2.441,-2.051
-2.667,-2.155
-3.098,-2.099
3.061,-2.08
2.742,-2.268
2.7,-2.127
1.776,-2.144
1.708,-1.999
1.384,-1.962
1.091,-2.42
0.918,-2.336
0.942,-2.332
-0.063,-2.165
-0.663,-2.345
-0.92,-2.107
-1.311,-2.107
-1.598,2.065
-1.757,2.073
-2.012,2.219
-2.065,2.19
-2.198,2.074
2.632,2.028
2.234,2.112
2.135,2.128
1.029,2.243
0.449,2.218
0.041,2.201
-0.169,2.267
-0.877,1.997
-1.09,2.231
-2.162,1.759
2.799,-0.374
1.923,0.341
0.872,-0.872
0.509,1.325
-0.426,1.023
-1.09,0.796
-1.777,-2.209
1.416,2.098
-1.35,1.677
-1.471,-1.631
-1.451,-0.909
-1.639,-0.743
-1.668,-1.717
-1.631,-0.785
-1.683,0.446
-1.695,-0.255
-1.769,-1.052
-1.976,0.294
-1.92,1.781
-1.945,-0.362
-2.074,0.18
-2.095,1.633
-2.12,1.93
-2.128,1.785
-2.076,0.335
-2.283,1.821
-2.262,1.656
-2.523,1.872
-2.44,-0.604
-2.557,0.148
-2.733,-0.045
-2.73,-1.039
-2.62,-0.381
-2.758,-1.434
-2.669,-1.872
-2.926,1.716
-3.059,0.475
3.06,1.767
-3.105,0.388
-3.119,0.78
3.025,-1.549
3.095,0.702
2.893,-1.747
2.9,-0.659
2.783,1.124
2.901,2.008
2.842,-0.962
2.659,1.423
2.73,0.285
2.703,1.563
2.708,-0.015
2.568,0.621
2.532,-1.699
2.511,0.284
2.578,-0.656
2.394,-0.702
2.493,0.377
2.445,-0.546
2.226,-0.56
2.019,0.728
2.105,1.957
1.953,-0.369
1.936,-1.058
1.996,0.632
1.958,-0.912
1.804,-0.74
1.799,1.843
1.64,0.011
1.739,0.08
1.585,2.082
1.614,1.45
1.437,1.334
1.543,0.72
1.338,1.876
1.354,0.511
1.227,-0.958
1.222,-1.022
1.069,0.25
1.177,-1.158
1.012,0.44
1.139,-0.943
1.082,1.918
1.016,-0.918
1.035,-1.593
0.857,1.419
0.983,-0.37
0.916,0.552
0.894,1.752
0.89,-1.957
0.738,-0.602
0.81,0.524
0.692,0.993
0.751,1.63
0.564,1.602
0.662,0.823
0.545,-1.208
0.536,0.549
0.338,0.766
0.333,0.089
0.399,-0.319
0.382,-0.759
0.237,1.755
0.334,-0.764
0.212,-1.855
0.169,-1.752
0.153,1.014
0.02,0.981
-0.058,0.336
-0.043,0.04
-0.055,2.011
-0.282,1.203
-0.155,1.537
-0.497,0.448
-0.402,-1.035
-0.528,-1.144
-0.579,-0.435
-0.677,-1.918
-0.735,-1.039
-0.794,0.483
-0.933,-1.138
-0.958,-1.022
-0.952,0.008
-1.112,0.249
-0.986,-0.556
-1.035,0.808
-1.095,-0.744
-1.137,-0.621
-1.252,0.935
-1.42,-0.318
-2.285,-2.236
-2.267,-2.144
-2.5,-2.231
2.781,-2.404
2.711,-1.968
2.561,-2.24
1.829,-2.15
1.75,-2.031
1.281,-2.477
1.155,-2.208
0.281,-2.125
0.104,-2.31
-0.14,-2.342
-0.22,-2.059
-0.726,-2.333
-0.647,-2.294
-0.635,-2.263
-1.116,-2.356
-1.234,-2.186
-1.39,-2.329
-1.566,2.068
-1.972,2.178
2.85,2.076
2.44,2.107
2.201,2.08
2.333,2.191
2.097,2.151
1.46,2.119
0.868,2.192
0.992,2.162
0.543,2.134
-0.627,1.889
-1.88,1.513
2.745,-0.79
-1.345,-1.174
2.229,0.681
1.928,1.171
1.723,-0.998
1.041,-0.96
0.959,-0.137
0.505,1.184
0.042,0.196
-0.636,1.578
-0.705,1.264
-0.844,1.384
-0.951,0.907
-1.75,-0.91
1.022,-0.067
0.202,0.428
-0.626,-0.276
-0.737,-0.529
-2.865,-1.952
1.991,-1.897
-0.917,1.729
-1.332,1.797
-0.082,0.334
-0.091,-1.458
-0.074,-1.362
-0.204,-0.585
-0.308,-0.089
-0.444,-0.229
-0.384,1.394
-0.484,-0.527
-0.487,-0.323
-0.604,0.444
-0.71,0.105
-0.805,0.013
-0.866,-1.211
-0.802,-2.141
-0.812,-0.399
-0.86,-1.355
-1.023,-1.321
-1.088,-2.334
-1.144,-2.247
-1.179,0.053
-1.152,-0.597
-1.174,0.311
-1.179,0.897
-1.198,0.657
-1.168,0.065
-1.235,-1.192
-1.237,-1.321
-1.18,1.491
-1.184,0.86
-1.268,-1.17
-1.294,-0.731
-1.282,-0.379
-1.273,0.083
-1.427,0.472
-1.376,-0.849
-1.722,-2.582
-1.806,-2.738
-1.844,-2.571
-2.3,-2.596
-2.497,-2.584
-2.723,-2.688
3.129,-2.632
3.005,-2.613
2.686,-2.801
2.644,-2.66
1.72,-2.677
1.652,-2.532
1.328,-2.495
1.035,-2.953
0.862,-2.869
0.886,-2.865
-0.119,-2.698
-0.719,-2.878
-0.976,-2.64
-1.367,-2.64
-1.654,1.532
-1.813,1.54
-2.068,1.686
-2.121,1.657
-2.254,1.541
2.576,1.495
2.178,1.579
2.079,1.595
0.973,1.71
0.393,1.685
-0.015,1.668
-0.225,1.734
-0.933,1.464
-1.146,1.698
-2.218,1.226
2.743,-0.907
1.867,-0.192
0.816,-1.405
0.453,0.792
-0.482,0.49
-1.146,0.263
-1.833,-2.742
1.36,1.565
-1.406,1.144
-1.527,-2.164
-1.507,-1.442
-1.695,-1.276
-1.724,-2.25
-1.687,-1.318
-1.739,-0.087
-1.751,-0.788
-1.825,-1.585
-2.032,-0.239
-1.976,1.248
-2.001,-0.895
-2.13,-0.353
-2.151,1.1
-2.176,1.397
-2.184,1.252
-2.132,-0.198
-2.339,1.288
-2.318,1.123
-2.579,1.339
-2.496,-1.137
-2.613,-0.385
-2.789,-0.578
-2.786,-1.572
-2.676,-0.914
-2.814,-1.967
-2.725,-2.405
-2.982,1.183
-3.115,-0.058
3.004,1.234
3.122,-0.145
3.108,0.247
2.969,-2.082
3.039,0.169
2.837,-2.28
2.844,-1.192
2.727,0.591
2.845,1.475
2.786,-1.495
2.603,0.89
2.674,-0.248
2.647,1.03
2.652,-0.548
2.512,0.088
2.476,-2.232
2.455,-0.249
2.522,-1.189
2.338,-1.235
2.437,-0.156
2.389,-1.079
2.17,-1.093
1.963,0.195
2.049,1.424
1.897,-0.902
1.88,-1.591
1.94,0.099
1.902,-1.445
1.748,-1.273
1.743,1.31
1.584,-0.522
1.683,-0.453
1.529,1.549
1.558,0.917
1.381,0.801
1.487,0.187
1.282,1.343
1.298,-0.022
1.171,-1.491
1.166,-1.555
1.013,-0.283
1.121,-1.691
0.956,-0.093
1.083,-1.476
1.026,1.385
0.96,-1.451
0.979,-2.126
0.801,0.886
0.927,-0.903
0.86,0.019
0.838,1.219
0.834,-2.49
0.682,-1.135
0.754,-0.009
0.636,0.46
0.695,1.097
0.508,1.069
0.606,0.29
0.489,-1.741
0.48,0.016
0.282,0.233
0.277,-0.444
0.343,-0.852
0.326,-1.292
0.181,1.222
0.278,-1.297
0.156,-2.388
0.113,-2.285
0.097,0.481
-0.036,0.448
-0.114,-0.197
-0.099,-0.493
-0.111,1.478
-0.338,0.67
-0.211,1.004
-0.553,-0.085
-0.458,-1.568
-0.584,-1.677
-0.635,-0.968
-0.733,-2.451
-0.791,-1.572
-0.85,-0.05
-0.989,-1.671
-1.014,-1.555
-1.008,-0.525
-1.168,-0.284
-1.042,-1.089
-1.091,0.275
-1.151,-1.277
-1.193,-1.154
-1.308,0.402
-1.476,-0.851
-2.341,-2.769
-2.323,-2.677
-2.556,-2.764
2.725,-2.937
2.655,-2.501
2.505,-2.773
1.773,-2.683
1.694,-2.564
1.225,-3.01
1.099,-2.741
0.225,-2.658
0.048,-2.843
-0.196,-2.875
-0.276,-2.592
-0.782,-2.866
-0.703,-2.827
-0.691,-2.796
-1.172,-2.889
-1.29,-2.719
-1.446,-2.862
-1.622,1.535
-2.028,1.645
2.794,1.543
2.384,1.574
2.145,1.547
2.277,1.658
2.041,1.618
1.404,1.586
0.812,1.659
0.936,1.629
0.487,1.601
-0.683,1.356
-1.936,0.98
2.689,-1.323
-1.401,-1.707
2.173,0.148
1.872,0.638
1.667,-1.531
0.985,-1.493
0.903,-0.67
0.449,0.651
-0.014,-0.337
-0.692,1.045
-0.761,0.731
-0.9,0.851
-1.007,0.374
-1.806,-1.443
0.966,-0.6
0.146,-0.105
-0.682,-0.809
-0.793,-1.062
-2.921,-2.485
1.935,-2.43
-0.973,1.196
-1.388,1.264
-0.009,-1.792
0.008,-1.696
-0.122,-0.919
-0.226,-0.423
-0.362,-0.563
-0.302,1.06
-0.402,-0.861
-0.405,-0.657
-0.522,0.11
-0.628,-0.229
-0.723,-0.321
-0.784,-1.545
-0.72,-2.475
-0.73,-0.733
-0.778,-1.689
-0.941,-1.655
-1.006,-2.668
-1.062,-2.581
-1.097,-0.281
-1.07,-0.931
-1.092,-0.023
-1.097,0.563
-1.116,0.323
-1.086,-0.269
-1.153,-1.526
-1.155,-1.655
-1.098,1.157
-1.102,0.526
-1.186,-1.504
-1.212,-1.065
-1.2,-0.713
-1.191,-0.251
-1.345,0.138
-1.294,-1.183
-1.64,-2.916
-1.724,-3.072
-1.762,-2.905
-2.218,-2.93
-2.415,-2.918
-2.641,-3.022
-3.072,-2.966
3.087,-2.947
2.768,-3.135
2.726,-2.994
1.802,-3.011
1.734,-2.866
1.41,-2.829
1.117,-3.287
0.944,-3.203
0.968,-3.199
-0.037,-3.032
-0.637,-3.212
-0.894,-2.974
-1.285,-2.974
-1.572,1.198
-1.731,1.206
-1.986,1.352
-2.039,1.323
-2.172,1.207
2.658,1.161
2.26,1.245
2.161,1.261
1.055,1.376
0.475,1.351
0.067,1.334
-0.143,1.4
-0.851,1.13
-1.064,1.364
-2.136,0.892
2.825,-1.241
1.949,-0.526
0.898,-1.739
0.535,0.458
-0.4,0.156
-1.064,-0.071
-1.751,-3.076
1.442,1.231
-1.324,0.81
-1.445,-2.498
-1.425,-1.776
-1.613,-1.61
-1.642,-2.584
-1.605,-1.652
-1.657,-0.421
-1.669,-1.122
-1.743,-1.919
-1.95,-0.573
-1.894,0.914
-1.919,-1.229
-2.048,-0.687
-2.069,0.766
-2.094,1.063
-2.102,0.918
-2.05,-0.532
-2.257,0.954
-2.236,0.789
-2.497,1.005
-2.414,-1.471
-2.531,-0.719
-2.707,-0.912
-2.704,-1.906
-2.594,-1.248
-2.732,-2.301
-2.643,-2.739
-2.9,0.849
-3.033,-0.392
3.086,0.9
-3.079,-0.479
-3.093,-0.087
3.051,-2.416
3.121,-0.165
2.919,-2.614
2.926,-1.526
2.809,0.257
2.927,1.141
2.868,-1.829
2.685,0.556
2.756,-0.582
2.729,0.696
2.734,-0.882
2.594,-0.246
2.558,-2.566
2.537,-0.583
2.604,-1.523
2.42,-1.569
2.519,-0.49
2.471,-1.413
2.252,-1.427
2.045,-0.139
2.131,1.09
1.979,-1.236
1.962,-1.925
2.022,-0.235
1.984,-1.779
1.83,-1.607
1.825,0.976
1.666,-0.856
1.765,-0.787
1.611,1.215
1.64,0.583
1.463,0.467
1.569,-0.147
1.364,1.009
1.38,-0.356
1.253,-1.825
1.248,-1.889
1.095,-0.617
1.203,-2.025
1.038,-0.427
1.165,-1.81
1.108,1.051
1.042,-1.785
1.061,-2.46
0.883,0.552
1.009,-1.237
0.942,-0.315
0.92,0.885
0.916,-2.824
0.764,-1.469
0.836,-0.343
0.718,0.126
0.777,0.763
0.59,0.735
0.688,-0.044
0.571,-2.075
0.562,-0.318
0.364,-0.101
0.359,-0.778
0.425,-1.186
0.408,-1.626
0.263,0.888
0.36,-1.631
0.238,-2.722
0.195,-2.619
0.179,0.147
0.046,0.114
-0.032,-0.531
-0.017,-0.827
-0.029,1.144
-0.256,0.336
-0.129,0.67
-0.471,-0.419
-0.376,-1.902
-0.502,-2.011
-0.553,-1.302
-0.651,-2.785
-0.709,-1.906
-0.768,-0.384
-0.907,-2.005
-0.932,-1.889
-0.926,-0.859
-1.086,-0.618
-0.96,-1.423
-1.009,-0.059
-1.069,-1.611
-1.111,-1.488
-1.226,0.068
-1.394,-1.185
-2.259,-3.103
-2.241,-3.011
-2.474,-3.098
2.807,-3.271
2.737,-2.835
2.587,-3.107
1.855,-3.017
1.776,-2.898
1.307,-3.344
1.181,-3.075
0.307,-2.992
0.13,-3.177
-0.114,-3.209
-0.194,-2.926
-0.7,-3.2
-0.621,-3.161
-0.609,-3.13
-1.09,-3.223
-1.208,-3.053
-1.364,-3.196
-1.54,1.201
-1.946,1.311
2.876,1.209
2.466,1.24
2.227,1.213
2.359,1.324
2.123,1.284
1.486,1.252
0.894,1.325
1.018,1.295
0.569,1.267
-0.601,1.022
-1.854,0.646
2.771,-1.657
-1.319,-2.041
2.255,-0.186
1.954,0.304
1.749,-1.865
1.067,-1.827
0.985,-1.004
0.531,0.317
0.068,-0.671
-0.61,0.711
-0.679,0.397
-0.818,0.517
-0.925,0.04
-1.724,-1.777
1.048,-0.934
0.228,-0.439
-0.6,-1.143
-0.711,-1.396
-2.839,-2.819
2.017,-2.764
-0.891,0.862
-1.306,0.93
0.017,0.096
-0.113,0.873
-0.217,1.369
-0.353,1.229
-0.293,2.852
-0.393,0.931
-0.396,1.135
-0.513,1.902
-0.619,1.563
-0.714,1.471
-0.775,0.247
-0.711,-0.683
-0.721,1.059
-0.769,0.103
-0.932,0.137
-0.997,-0.876
-1.053,-0.789
-1.088,1.511
-1.061,0.861
-1.083,1.769
-1.088,2.355
-1.107,2.115
-1.077,1.523
-1.144,0.266
-1.146,0.137
-1.089,2.949
-1.093,2.318
-1.177,0.288
-1.203,0.727
-1.191,1.079
-1.182,1.541
-1.336,1.93
-1.285,0.609
-1.631,-1.124
-1.715,-1.28
-1.753,-1.113
-2.209,-1.138
-2.406,-1.126
-2.632,-1.23
-3.063,-1.174
3.096,-1.155
2.777,-1.343
2.735,-1.202
1.811,-1.219
1.743,-1.074
1.419,-1.037
1.126,-1.495
0.953,-1.411
0.977,-1.407
-0.028,-1.24
-0.628,-1.42
-0.885,-1.182
-1.276,-1.182
-1.563,2.99
-1.722,2.998
-1.977,3.144
-2.03,3.115
-2.163,2.999
2.667,2.953
2.269,3.037
2.17,3.053
1.064,3.168
0.484,3.143
0.076,3.126
-0.134,3.192
-0.842,2.922
-1.055,3.156
-2.127,2.684
2.834,0.551
1.958,1.266
0.907,0.053
0.544,2.25
-0.391,1.948
-1.055,1.721
-1.742,-1.284
1.451,3.023
-1.315,2.602
-1.436,-0.706
-1.416,0.016
-1.604,0.182
-1.633,-0.792
-1.596,0.14
-1.648,1.371
-1.66,0.67
-1.734,-0.127
-1.941,1.219
-1.885,2.706
-1.91,0.563
-2.039,1.105
-2.06,2.558
-2.085,2.855
-2.093,2.71
-2.041,1.26
-2.248,2.746
-2.227,2.581
-2.488,2.797
-2.405,0.321
-2.522,1.073
-2.698,0.88
-2.695,-0.114
-2.585,0.544
-2.723,-0.509
-2.634,-0.947
-2.891,2.641
-3.024,1.4
3.095,2.692
-3.07,1.313
-3.084,1.705
3.06,-0.624
3.13,1.627
2.928,-0.822
2.935,0.266
2.818,2.049
2.936,2.933
2.877,-0.037
2.694,2.348
2.765,1.21
2.738,2.488
2.743,0.91
2.603,1.546
2.567,-0.774
2.546,1.209
2.613,0.269
2.429,0.223
2.528,1.302
2.48,0.379
2.261,0.365
2.054,1.653
2.14,2.882
1.988,0.556
1.971,-0.133
2.031,1.557
1.993,0.013
1.839,0.185
1.834,2.768
1.675,0.936
1.774,1.005
1.62,3.007
1.649,2.375
1.472,2.259
1.578,1.645
1.373,2.801
1.389,1.436
1.262,-0.033
1.257,-0.097
1.104,1.175
1.212,-0.233
1.047,1.365
1.174,-0.018
1.117,2.843
1.051,0.007
1.07,-0.668
0.892,2.344
1.018,0.555
0.951,1.477
0.929,2.677
0.925,-1.032
0.773,0.323
0.845,1.449
0.727,1.918
0.786,2.555
0.599,2.527
0.697,1.748
0.58,-0.283
0.571,1.474
0.373,1.691
0.368,1.014
0.434,0.606
0.417,0.166
0.272,2.68
0.369,0.161
0.247,-0.93
0.204,-0.827
0.188,1.939
0.055,1.906
-0.023,1.261
-0.008,0.965
-0.02,2.936
-0.247,2.128
-0.12,2.462
-0.462,1.373
-0.367,-0.11
-0.493,-0.219
-0.544,0.49
-0.642,-0.993
-0.7,-0.114
-0.759,1.408
-0.898,-0.213
-0.923,-0.097
-0.917,0.933
-1.077,1.174
-0.951,0.369
-1.0,1.733
-1.06,0.181
-1.102,0.304
-1.217,1.86
-1.385,0.607
-2.25,-1.311
-2.232,-1.219
-2.465,-1.306
2.816,-1.479
2.746,-1.043
2.596,-1.315
1.864,-1.225
1.785,-1.106
1.316,-1.552
1.19,-1.283
0.316,-1.2
0.139,-1.385
-0.105,-1.417
-0.185,-1.134
-0.691,-1.408
-0.612,-1.369
-0.6,-1.338
-1.081,-1.431
-1.199,-1.261
-1.355,-1.404
-1.531,2.993
-1.937,3.103
2.885,3.001
2.475,3.032
2.236,3.005
2.368,3.116
2.132,3.076
1.495,3.044
0.903,3.117
1.027,3.087
0.578,3.059
-0.592,2.814
-1.845,2.438
2.78,0.135
-1.31,-0.249
2.264,1.606
1.963,2.096
1.758,-0.073
1.076,-0.035
0.994,0.788
0.54,2.109
0.077,1.121
-0.601,2.503
-0.67,2.189
-0.809,2.309
-0.916,1.832
-1.715,0.015
1.057,0.858
0.237,1.353
-0.591,0.649
-0.702,0.396
-2.83,-1.027
2.026,-0.972
-0.882,2.654
-1.297,2.722
-0.13,0.777
-0.234,1.273
-0.37,1.133
-0.31,2.756
-0.41,0.835
-0.413,1.039
-0.53,1.806
-0.636,1.467
-0.731,1.375
-0.792,0.151
-0.728,-0.779
-0.738,0.963
-0.786,0.007
-0.949,0.041
-1.014,-0.972
-1.07,-0.885
-1.105,1.415
-1.078,0.765
-1.1,1.673
-1.105,2.259
-1.124,2.019
-1.094,1.427
-1.161,0.17
-1.163,0.041
-1.106,2.853
-1.11,2.222
-1.194,0.192
-1.22,0.631
-1.208,0.983
-1.199,1.445
-1.353,1.834
-1.302,0.513
-1.648,-1.22
-1.732,-1.376
-1.77,-1.209
-2.226,-1.234
-2.423,-1.222
-2.649,-1.326
-3.08,-1.27
3.079,-1.251
2.76,-1.439
2.718,-1.298
1.794,-1.315
1.726,-1.17
1.402,-1.133
1.109,-1.591
0.936,-1.507
0.96,-1.503
-0.045,-1.336
-0.645,-1.516
-0.902,-1.278
-1.293,-1.278
-1.58,2.894
-1.739,2.902
-1.994,3.048
-2.047,3.019
-2.18,2.903
2.65,2.857
2.252,2.941
2.153,2.957
1.047,3.072
0.467,3.047
0.059,3.03
-0.151,3.096
-0.859,2.826
-1.072,3.06
-2.144,2.588
2.817,0.455
1.941,1.17
0.89,-0.043
0.527,2.154
-0.408,1.852
-1.072,1.625
-1.759,-1.38
1.434,2.927
-1.332,2.506
-1.453,-0.802
-1.433,-0.08
-1.621,0.086
-1.65,-0.888
-1.613,0.044
-1.665,1.275
-1.677,0.574
-1.751,-0.223
-1.958,1.123
-1.902,2.61
-1.927,0.467
-2.056,1.009
-2.077,2.462
-2.102,2.759
-2.11,2.614
-2.058,1.164
-2.265,2.65
-2.244,2.485
-2.505,2.701
-2.422,0.225
-2.539,0.977
-2.715,0.784
-2.712,-0.21
-2.602,0.448
-2.74,-0.605
-2.651,-1.043
-2.908,2.545
-3.041,1.304
3.078,2.596
-3.087,1.217
-3.101,1.609
3.043,-0.72
3.113,1.531
2.911,-0.918
2.918,0.17
2.801,1.953
2.919,2.837
2.86,-0.133
2.677,2.252
2.748,1.114
2.721,2.392
2.726,0.814
2.586,1.45
2.55,-0.87
2.529,1.113
2.596,0.173
2.412,0.127
2.511,1.206
2.463,0.283
2.244,0.269
2.037,1.557
2.123,2.786
1.971,0.46
1.954,-0.229
2.014,1.461
1.976,-0.083
1.822,0.089
1.817,2.672
1.658,0.84
1.757,0.909
1.603,2.911
1.632,2.279
1.455,2.163
1.561,1.549
1.356,2.705
1.372,1.34
1.245,-0.129
1.24,-0.193
1.087,1.079
1.195,-0.329
1.03,1.269
1.157,-0.114
1.1,2.747
1.034,-0.089
1.053,-0.764
0.875,2.248
1.001,0.459
0.934,1.381
0.912,2.581
0.908,-1.128
0.756,0.227
0.828,1.353
0.71,1.822
0.769,2.459
0.582,2.431
0.68,1.652
0.563,-0.379
0.554,1.378
0.356,1.595
0.351,0.918
0.417,0.51
0.4,0.07
0.255,2.584
0.352,0.065
0.23,-1.026
0.187,-0.923
0.171,1.843
0.038,1.81
-0.04,1.165
-0.025,0.869
-0.037,2.84
-0.264,2.032
-0.137,2.366
-0.479,1.277
-0.384,-0.206
-0.51,-0.315
-0.561,0.394
-0.659,-1.089
-0.717,-0.21
-0.776,1.312
-0.915,-0.309
-0.94,-0.193
-0.934,0.837
-1.094,1.078
-0.968,0.273
-1.017,1.637
-1.077,0.085
-1.119,0.208
-1.234,1.764
-1.402,0.511
-2.267,-1.407
-2.249,-1.315
-2.482,-1.402
2.799,-1.575
2.729,-1.139
2.579,-1.411
1.847,-1.321
1.768,-1.202
1.299,-1.648
1.173,-1.379
0.299,-1.296
0.122,-1.481
-0.122,-1.513
-0.202,-1.23
-0.708,-1.504
-0.629,-1.465
-0.617,-1.434
-1.098,-1.527
-1.216,-1.357
-1.372,-1.5
-1.548,2.897
-1.954,3.007
2.868,2.905
2.458,2.936
2.219,2.909
2.351,3.02
2.115,2.98
1.478,2.948
0.886,3.021
1.01,2.991
0.561,2.963
-0.609,2.718
-1.862,2.342
2.763,0.039
-1.327,-0.345
2.247,1.51
1.946,2.0
1.741,-0.169
1.059,-0.131
0.977,0.692
0.523,2.013
0.06,1.025
-0.618,2.407
-0.687,2.093
-0.826,2.213
-0.933,1.736
-1.732,-0.081
1.04,0.762
0.22,1.257
-0.608,0.553
-0.719,0.3
-2.847,-1.123
2.009,-1.068
-0.899,2.558
-1.314,2.626
-0.104,0.496
-0.24,0.356
-0.18,1.979
-0.28,0.058
-0.283,0.262
-0.4,1.029
-0.506,0.69
-0.601,0.598
-0.662,-0.626
-0.598,-1.556
-0.608,0.186
-0.656,-0.77
-0.819,-0.736
-0.884,-1.749
-0.94,-1.662
-0.975,0.638
-0.948,-0.012
-0.97,0.896
-0.975,1.482
-0.994,1.242
-0.964,0.65
-1.031,-0.607
-1.033,-0.736
-0.976,2.076
-0.98,1.445
-1.064,-0.585
-1.09,-0.146
-1.078,0.206
-1.069,0.668
-1.223,1.057
-1.172,-0.264
-1.518,-1.997
-1.602,-2.153
-1.64,-1.986
-2.096,-2.011
-2.293,-1.999
-2.519,-2.103
-2.95,-2.047
-3.074,-2.028
2.89,-2.216
2.848,-2.075
1.924,-2.092
1.856,-1.947
1.532,-1.91
1.239,-2.368
1.066,-2.284
1.09,-2.28
0.085,-2.113
-0.515,-2.293
-0.772,-2.055
-1.163,-2.055
-1.45,2.117
-1.609,2.125
-1.864,2.271
-1.917,2.242
-2.05,2.126
2.78,2.08
2.382,2.164
2.283,2.18
1.177,2.295
0.597,2.27
0.189,2.253
-0.021,2.319
-0.729,2.049
-0.942,2.283
-2.014,1.811
2.947,-0.322
2.071,0.393
1.02,-0.82
0.657,1.377
-0.278,1.075
-0.942,0.848
-1.629,-2.157
1.564,2.15
-1.202,1.729
-1.323,-1.579
-1.303,-0.857
-1.491,-0.691
-1.52,-1.665
-1.483,-0.733
-1.535,0.498
-1.547,-0.203
-1.621,-1.0
-1.828,0.346
-1.772,1.833
-1.797,-0.31
-1.926,0.232
-1.947,1.685
-1.972,1.982
-1.98,1.837
-1.928,0.387
-2.135,1.873
-2.114,1.708
-2.375,1.924
-2.292,-0.552
-2.409,0.2
-2.585,0.007
-2.582,-0.987
-2.472,-0.329
-2.61,-1.382
-2.521,-1.82
-2.778,1.768
-2.911,0.527
-3.075,1.819
-2.957,0.44
-2.971,0.832
-3.11,-1.497
-3.04,0.754
3.041,-1.695
3.048,-0.607
2.931,1.176
3.049,2.06
2.99,-0.91
2.807,1.475
2.878,0.337
2.851,1.615
2.856,0.037
2.716,0.673
2.68,-1.647
2.659,0.336
2.726,-0.604
2.542,-0.65
2.641,0.429
2.593,-0.494
2.374,-0.508
2.167,0.78
2.253,2.009
2.101,-0.317
2.084,-1.006
2.144,0.684
2.106,-0.86
1.952,-0.688
1.947,1.895
1.788,0.063
1.887,0.132
1.733,2.134
1.762,1.502
1.585,1.386
1.691,0.772
1.486,1.928
1.502,0.563
1.375,-0.906
1.37,-0.97
1.217,0.302
1.325,-1.106
1.16,0.492
1.287,-0.891
1.23,1.97
1.164,-0.866
1.183,-1.541
1.005,1.471
1.131,-0.318
1.064,0.604
1.042,1.804
1.038,-1.905
0.886,-0.55
0.958,0.576
0.84,1.045
0.899,1.682
0.712,1.654
0.81,0.875
0.693,-1.156
0.684,0.601
0.486,0.818
0.481,0.141
0.547,-0.267
0.53,-0.707
0.385,1.807
0.482,-0.712
0.36,-1.803
0.317,-1.7
0.301,1.066
0.168,1.033
0.09,0.388
0.105,0.092
0.093,2.063
-0.134,1.255
-0.007,1.589
-0.349,0.5
-0.254,-0.983
-0.38,-1.092
-0.431,-0.383
-0.529,-1.866
-0.587,-0.987
-0.646,0.535
-0.785,-1.086
-0.81,-0.97
-0.804,0.06
-0.964,0.301
-0.838,-0.504
-0.887,0.86
-0.947,-0.692
-0.989,-0.569
-1.104,0.987
-1.272,-0.266
-2.137,-2.184
-2.119,-2.092
-2.352,-2.179
2.929,-2.352
2.859,-1.916
2.709,-2.188
1.977,-2.098
1.898,-1.979
1.429,-2.425
1.303,-2.156
0.429,-2.073
0.252,-2.258
0.008,-2.29
-0.072,-2.007
-0.578,-2.281
-0.499,-2.242
-0.487,-2.211
-0.968,-2.304
-1.086,-2.134
-1.242,-2.277
-1.418,2.12
-1.824,2.23
2.998,2.128
2.588,2.159
2.349,2.132
2.481,2.243
2.245,2.203
1.608,2.171
1.016,2.244
1.14,2.214
0.691,2.186
-0.479,1.941
-1.732,1.565
2.893,-0.738
-1.197,-1.122
2.377,0.733
2.076,1.223
1.871,-0.946
1.189,-0.908
1.107,-0.085
0.653,1.236
0.19,0.248
-0.488,1.63
-0.557,1.316
-0.696,1.436
-0.803,0.959
-1.602,-0.858
1.17,-0.015
0.35,0.48
-0.478,-0.224
-0.589,-0.477
-2.717,-1.9
2.139,-1.845
-0.769,1.781
-1.184,1.849
-0.136,-0.14
-0.076,1.483
-0.176,-0.438
-0.179,-0.234
-0.296,0.533
-0.402,0.194
-0.497,0.102
-0.558,-1.122
-0.494,-2.052
-0.504,-0.31
-0.552,-1.266
-0.715,-1.232
-0.78,-2.245
-0.836,-2.158
-0.871,0.142
-0.844,-0.508
-0.866,0.4
-0.871,0.986
-0.89,0.746
-0.86,0.154
-0.927,-1.103
-0.929,-1.232
-0.872,1.58
-0.876,0.949
-0.96,-1.081
-0.986,-0.642
-0.974,-0.29
-0.965,0.172
-1.119,0.561
-1.068,-0.76
-1.414,-2.493
-1.498,-2.649
-1.536,-2.482
-1.992,-2.507
-2.189,-2.495
-2.415,-2.599
-2.846,-2.543
-2.97,-2.524
2.994,-2.712
2.952,-2.571
2.028,-2.588
1.96,-2.443
1.636,-2.406
1.343,-2.864
1.17,-2.78
1.194,-2.776
0.189,-2.609
-0.411,-2.789
-0.668,-2.551
-1.059,-2.551
-1.346,1.621
-1.505,1.629
-1.76,1.775
-1.813,1.746
-1.946,1.63
2.884,1.584
2.486,1.668
2.387,1.684
1.281,1.799
0.701,1.774
0.293,1.757
0.083,1.823
-0.625,1.553
-0.838,1.787
-1.91,1.315
3.051,-0.818
2.175,-0.103
1.124,-1.316
0.761,0.881
-0.174,0.579
-0.838,0.352
-1.525,-2.653
1.668,1.654
-1.098,1.233
-1.219,-2.075
-1.199,-1.353
-1.387,-1.187
-1.416,-2.161
-1.379,-1.229
-1.431,0.002
-1.443,-0.699
-1.517,-1.496
-1.724,-0.15
-1.668,1.337
-1.693,-0.806
-1.822,-0.264
-1.843,1.189
-1.868,1.486
-1.876,1.341
-1.824,-0.109
-2.031,1.377
-2.01,1.212
-2.271,1.428
-2.188,-1.048
-2.305,-0.296
-2.481,-0.489
-2.478,-1.483
-2.368,-0.825
-2.506,-1.878
-2.417,-2.316
-2.674,1.272
-2.807,0.031
-2.971,1.323
-2.853,-0.056
-2.867,0.336
-3.006,-1.993
-2.936,0.258
-3.138,-2.191
-3.131,-1.103
3.035,0.68
-3.13,1.564
3.094,-1.406
2.911,0.979
2.982,-0.159
2.955,1.119
2.96,-0.459
2.82,0.177
2.784,-2.143
2.763,-0.16
2.83,-1.1
2.646,-1.146
2.745,-0.067
2.697,-0.99
2.478,-1.004
2.271,0.284
2.357,1.513
2.205,-0.813
2.188,-1.502
2.248,0.188
2.21,-1.356
2.056,-1.184
2.051,1.399
1.892,-0.433
1.991,-0.364
1.837,1.638
1.866,1.006
1.689,0.89
1.795,0.276
1.59,1.432
1.606,0.067
1.479,-1.402
1.474,-1.466
1.321,-0.194
1.429,-1.602
1.264,-0.004
1.391,-1.387
1.334,1.474
1.268,-1.362
1.287,-2.037
1.109,0.975
1.235,-0.814
1.168,0.108
1.146,1.308
1.142,-2.401
0.99,-1.046
1.062,0.08
0.944,0.549
1.003,1.186
0.816,1.158
0.914,0.379
0.797,-1.652
0.788,0.105
0.59,0.322
0.585,-0.355
0.651,-0.763
0.634,-1.203
0.489,1.311
0.586,-1.208
0.464,-2.299
0.421,-2.196
0.405,0.57
0.272,0.537
0.194,-0.108
0.209,-0.404
0.197,1.567
-0.03,0.759
0.097,1.093
-0.245,0.004
-0.15,-1.479
-0.276,-1.588
-0.327,-0.879
-0.425,-2.362
-0.483,-1.483
-0.542,0.039
-0.681,-1.582
-0.706,-1.466
-0.7,-0.436
-0.86,-0.195
-0.734,-1.0
-0.783,0.364
-0.843,-1.188
-0.885,-1.065
-1.0,0.491
-1.168,-0.762
-2.033,-2.68
-2.015,-2.588
-2.248,-2.675
3.033,-2.848
2.963,-2.412
2.813,-2.684
2.081,-2.594
2.002,-2.475
1.533,-2.921
1.407,-2.652
0.533,-2.569
0.356,-2.754
0.112,-2.786
0.032,-2.503
-0.474,-2.777
-0.395,-2.738
-0.383,-2.707
-0.864,-2.8
-0.982,-2.63
-1.138,-2.773
-1.314,1.624
-1.72,1.734
3.102,1.632
2.692,1.663
2.453,1.636
2.585,1.747
2.349,1.707
1.712,1.675
1.12,1.748
1.244,1.718
0.795,1.69
-0.375,1.445
-1.628,1.069
2.997,-1.234
-1.093,-1.618
2.481,0.237
2.18,0.727
1.975,-1.442
1.293,-1.404
1.211,-0.581
0.757,0.74
0.294,-0.248
-0.384,1.134
-0.453,0.82
-0.592,0.94
-0.699,0.463
-1.498,-1.354
1.274,-0.511
0.454,-0.016
-0.374,-0.72
-0.485,-0.973
-2.613,-2.396
2.243,-2.341
-0.665,1.285
-1.08,1.353
0.06,1.623
-0.04,-0.298
-0.043,-0.094
-0.16,0.673
-0.266,0.334
-0.361,0.242
-0.422,-0.982
-0.358,-1.912
-0.368,-0.17
-0.416,-1.126
-0.579,-1.092
-0.644,-2.105
-0.7,-2.018
-0.735,0.282
-0.708,-0.368
-0.73,0.54
-0.735,1.126
-0.754,0.886
-0.724,0.294
-0.791,-0.963
-0.793,-1.092
-0.736,1.72
-0.74,1.089
-0.824,-0.941
-0.85,-0.502
-0.838,-0.15
-0.829,0.312
-0.983,0.701
-0.932,-0.62
-1.278,-2.353
-1.362,-2.509
-1.4,-2.342
-1.856,-2.367
-2.053,-2.355
-2.279,-2.459
-2.71,-2.403
-2.834,-2.384
3.13,-2.572
3.088,-2.431
2.164,-2.448
2.096,-2.303
1.772,-2.266
1.479,-2.724
1.306,-2.64
1.33,-2.636
0.325,-2.469
-0.275,-2.649
-0.532,-2.411
-0.923,-2.411
-1.21,1.761
-1.369,1.769
-1.624,1.915
-1.677,1.886
-1.81,1.77
3.02,1.724
2.622,1.808
2.523,1.824
1.417,1.939
0.837,1.914
0.429,1.897
0.219,1.963
-0.489,1.693
-0.702,1.927
-1.774,1.455
-3.096,-0.678
2.311,0.037
1.26,-1.176
0.897,1.021
-0.038,0.719
-0.702,0.492
-1.389,-2.513
1.804,1.794
-0.962,1.373
-1.083,-1.935
-1.063,-1.213
-1.251,-1.047
-1.28,-2.021
-1.243,-1.089
-1.295,0.142
-1.307,-0.559
-1.381,-1.356
-1.588,-0.01
-1.532,1.477
-1.557,-0.666
-1.686,-0.124
-1.707,1.329
-1.732,1.626
-1.74,1.481
-1.688,0.031
-1.895,1.517
-1.874,1.352
-2.135,1.568
-2.052,-0.908
-2.169,-0.156
-2.345,-0.349
-2.342,-1.343
-2.232,-0.685
-2.37,-1.738
-2.281,-2.176
-2.538,1.412
-2.671,0.171
-2.835,1.463
-2.717,0.084
-2.731,0.476
-2.87,-1.853
-2.8,0.398
-3.002,-2.051
-2.995,-0.963
-3.112,0.82
-2.994,1.704
-3.053,-1.266
3.047,1.119
3.118,-0.019
3.091,1.259
3.096,-0.319
2.956,0.317
2.92,-2.003
2.899,-0.02
2.966,-0.96
2.782,-1.006
2.881,0.073
2.833,-0.85
2.614,-0.864
2.407,0.424
2.493,1.653
2.341,-0.673
2.324,-1.362
2.384,0.328
2.346,-1.216
2.192,-1.044
2.187,1.539
2.028,-0.293
2.127,-0.224
1.973,1.778
2.002,1.146
1.825,1.03
1.931,0.416
1.726,1.572
1.742,0.207
1.615,-1.262
1.61,-1.326
1.457,-0.054
1.565,-1.462
1.4,0.136
1.527,-1.247
1.47,1.614
1.404,-1.222
1.423,-1.897
1.245,1.115
1.371,-0.674
1.304,0.248
1.282,1.448
1.278,-2.261
1.126,-0.906
1.198,0.22
1.08,0.689
1.139,1.326
0.952,1.298
1.05,0.519
0.933,-1.512
0.924,0.245
0.726,0.462
0.721,-0.215
0.787,-0.623
0.77,-1.063
0.625,1.451
0.722,-1.068
0.6,-2.159
0.557,-2.056
0.541,0.71
0.408,0.677
0.33,0.032
0.345,-0.264
0.333,1.707
0.106,0.899
0.233,1.233
-0.109,0.144
-0.014,-1.339
-0.14,-1.448
-0.191,-0.739
-0.289,-2.222
-0.347,-1.343
-0.406,0.179
-0.545,-1.442
-0.57,-1.326
-0.564,-0.296
-0.724,-0.055
-0.598,-0.86
-0.647,0.504
-0.707,-1.048
-0.749,-0.925
-0.864,0.631
-1.032,-0.622
-1.897,-2.54
-1.879,-2.448
-2.112,-2.535
-3.114,-2.708
3.099,-2.272
2.949,-2.544
2.217,-2.454
2.138,-2.335
1.669,-2.781
1.543,-2.512
0.669,-2.429
0.492,-2.614
0.248,-2.646
0.168,-2.363
-0.338,-2.637
-0.259,-2.598
-0.247,-2.567
-0.728,-2.66
-0.846,-2.49
-1.002,-2.633
-1.178,1.764
-1.584,1.874
-3.045,1.772
2.828,1.803
2.589,1.776
2.721,1.887
2.485,1.847
1.848,1.815
1.256,1.888
1.38,1.858
0.931,1.83
-0.239,1.585
-1.492,1.209
3.133,-1.094
-0.957,-1.478
2.617,0.377
2.316,0.867
2.111,-1.302
1.429,-1.264
1.347,-0.441
0.893,0.88
0.43,-0.108
-0.248,1.274
-0.317,0.96
-0.456,1.08
-0.563,0.603
-1.362,-1.214
1.41,-0.371
0.59,0.124
-0.238,-0.58
-0.349,-0.833
-2.477,-2.256
2.379,-2.201
-0.529,1.425
-0.944,1.493
-0.1,-1.921
-0.103,-1.717
-0.22,-0.95
-0.326,-1.289
-0.421,-1.381
-0.482,-2.605
-0.418,-3.535
-0.428,-1.793
-0.476,-2.749
-0.639,-2.715
-0.704,-3.728
-0.76,-3.641
-0.795,-1.341
-0.768,-1.991
-0.79,-1.083
-0.795,-0.497
-0.814,-0.737
-0.784,-1.329
-0.851,-2.586
-0.853,-2.715
-0.796,0.097
-0.8,-0.534
-0.884,-2.564
-0.91,-2.125
-0.898,-1.773
-0.889,-1.311
-1.043,-0.922
-0.992,-2.243
-1.338,-3.976
-1.422,-4.132
-1.46,-3.965
-1.916,-3.99
-2.113,-3.978
-2.339,-4.082
-2.77,-4.026
-2.894,-4.007
3.07,-4.195
3.028,-4.054
2.104,-4.071
2.036,-3.926
1.712,-3.889
1.419,-4.347
1.246,-4.263
1.27,-4.259
0.265,-4.092
-0.335,-4.272
-0.592,-4.034
-0.983,-4.034
-1.27,0.138
-1.429,0.146
-1.684,0.292
-1.737,0.263
-1.87,0.147
2.96,0.101
2.562,0.185
2.463,0.201
1.357,0.316
0.777,0.291
0.369,0.274
0.159,0.34
-0.549,0.07
-0.762,0.304
-1.834,-0.168
3.127,-2.301
2.251,-1.586
1.2,-2.799
0.837,-0.602
-0.098,-0.904
-0.762,-1.131
-1.449,-4.136
1.744,0.171
-1.022,-0.25
-1.143,-3.558
-1.123,-2.836
-1.311,-2.67
-1.34,-3.644
-1.303,-2.712
-1.355,-1.481
-1.367,-2.182
-1.441,-2.979
-1.648,-1.633
-1.592,-0.146
-1.617,-2.289
-1.746,-1.747
-1.767,-0.294
-1.792,0.003
-1.8,-0.142
-1.748,-1.592
-1.955,-0.106
-1.934,-0.271
-2.195,-0.055
-2.112,-2.531
-2.229,-1.779
-2.405,-1.972
-2.402,-2.966
-2.292,-2.308
-2.43,-3.361
-2.341,-3.799
-2.598,-0.211
-2.731,-1.452
-2.895,-0.16
-2.777,-1.539
-2.791,-1.147
-2.93,-3.476
-2.86,-1.225
-3.062,-3.674
-3.055,-2.586
3.111,-0.803
-3.054,0.081
-3.113,-2.889
2.987,-0.504
3.058,-1.642
3.031,-0.364
3.036,-1.942
2.896,-1.306
2.86,-3.626
2.839,-1.643
2.906,-2.583
2.722,-2.629
2.821,-1.55
2.773,-2.473
2.554,-2.487
2.347,-1.199
2.433,0.03
2.281,-2.296
2.264,-2.985
2.324,-1.295
2.286,-2.839
2.132,-2.667
2.127,-0.084
1.968,-1.916
2.067,-1.847
1.913,0.155
1.942,-0.477
1.765,-0.593
1.871,-1.207
1.666,-0.051
1.682,-1.416
1.555,-2.885
1.55,-2.949
1.397,-1.677
1.505,-3.085
1.34,-1.487
1.467,-2.87
1.41,-0.009
1.344,-2.845
1.363,-3.52
1.185,-0.508
1.311,-2.297
1.244,-1.375
1.222,-0.175
1.218,-3.884
1.066,-2.529
1.138,-1.403
1.02,-0.934
1.079,-0.297
0.892,-0.325
0.99,-1.104
0.873,-3.135
0.864,-1.378
0.666,-1.161
0.661,-1.838
0.727,-2.246
0.71,-2.686
0.565,-0.172
0.662,-2.691
0.54,-3.782
0.497,-3.679
0.481,-0.913
0.348,-0.946
0.27,-1.591
0.285,-1.887
0.273,0.084
0.046,-0.724
0.173,-0.39
-0.169,-1.479
-0.074,-2.962
-0.2,-3.071
-0.251,-2.362
-0.349,-3.845
-0.407,-2.966
-0.466,-1.444
-0.605,-3.065
-0.63,-2.949
-0.624,-1.919
-0.784,-1.678
-0.658,-2.483
-0.707,-1.119
-0.767,-2.671
-0.809,-2.548
-0.924,-0.992
-1.092,-2.245
-1.957,-4.163
-1.939,-4.071
-2.172,-4.158
3.109,-4.331
3.039,-3.895
2.889,-4.167
2.157,-4.077
2.078,-3.958
1.609,-4.404
1.483,-4.135
0.609,-4.052
0.432,-4.237
0.188,-4.269
0.108,-3.986
-0.398,-4.26
-0.319,-4.221
-0.307,-4.19
-0.788,-4.283
-0.906,-4.113
-1.062,-4.256
-1.238,0.141
-1.644,0.251
-3.105,0.149
2.768,0.18
2.529,0.153
2.661,0.264
2.425,0.224
1.788,0.192
1.196,0.265
1.32,0.235
0.871,0.207
-0.299,-0.038
-1.552,-0.414
3.073,-2.717
-1.017,-3.101
2.557,-1.246
2.256,-0.756
2.051,-2.925
1.369,-2.887
1.287,-2.064
0.833,-0.743
0.37,-1.731
-0.308,-0.349
-0.377,-0.663
-0.516,-0.543
-0.623,-1.02
-1.422,-2.837
1.35,-1.994
0.53,-1.499
-0.298,-2.203
-0.409,-2.456
-2.537,-3.879
2.319,-3.824
-0.589,-0.198
-1.004,-0.13
-0.003,0.204
-0.12,0.971
-0.226,0.632
-0.321,0.54
-0.382,-0.684
-0.318,-1.614
-0.328,0.128
-0.376,-0.828
-0.539,-0.794
-0.604,-1.807
-0.66,-1.72
-0.695,0.58
-0.668,-0.07
-0.69,0.838
-0.695,1.424
-0.714,1.184
-0.684,0.592
-0.751,-0.665
-0.753,-0.794
-0.696,2.018
-0.7,1.387
-0.784,-0.643
-0.81,-0.204
-0.798,0.148
-0.789,0.61
-0.943,0.999
-0.892,-0.322
-1.238,-2.055
-1.322,-2.211
-1.36,-2.044
-1.816,-2.069
-2.013,-2.057
-2.239,-2.161
-2.67,-2.105
-2.794,-2.086
-3.113,-2.274
3.128,-2.133
2.204,-2.15
2.136,-2.005
1.812,-1.968
1.519,-2.426
1.346,-2.342
1.37,-2.338
0.365,-2.171
-0.235,-2.351
-0.492,-2.113
-0.883,-2.113
-1.17,2.059
-1.329,2.067
-1.584,2.213
-1.637,2.184
-1.77,2.068
3.06,2.022
2.662,2.106
2.563,2.122
1.457,2.237
0.877,2.212
0.469,2.195
0.259,2.261
-0.449,1.991
-0.662,2.225
-1.734,1.753
-3.056,-0.38
2.351,0.335
1.3,-0.878
0.937,1.319
0.002,1.017
-0.662,0.79
-1.349,-2.215
1.844,2.092
-0.922,1.671
-1.043,-1.637
-1.023,-0.915
-1.211,-0.749
-1.24,-1.723
-1.203,-0.791
-1.255,0.44
-1.267,-0.261
-1.341,-1.058
-1.548,0.288
-1.492,1.775
-1.517,-0.368
-1.646,0.174
-1.667,1.627
-1.692,1.924
-1.7,1.779
-1.648,0.329
-1.855,1.815
-1.834,1.65
-2.095,1.866
-2.012,-0.61
-2.129,0.142
-2.305,-0.051
-2.302,-1.045
-2.192,-0.387
-2.33,-1.44
-2.241,-1.878
-2.498,1.71
-2.631,0.469
-2.795,1.761
-2.677,0.382
-2.691,0.774
-2.83,-1.555
-2.76,0.696
-2.962,-1.753
-2.955,-0.665
-3.072,1.118
-2.954,2.002
-3.013,-0.968
3.087,1.417
-3.125,0.279
3.131,1.557
3.136,-0.021
2.996,0.615
2.96,-1.705
2.939,0.278
3.006,-0.662
2.822,-0.708
2.921,0.371
2.873,-0.552
2.654,-0.566
2.447,0.722
2.533,1.951
2.381,-0.375
2.364,-1.064
2.424,0.626
2.386,-0.918
2.232,-0.746
2.227,1.837
2.068,0.005
2.167,0.074
2.013,2.076
2.042,1.444
1.865,1.328
1.971,0.714
1.766,1.87
1.782,0.505
1.655,-0.964
1.65,-1.028
1.497,0.244
1.605,-1.164
1.44,0.434
1.567,-0.949
1.51,1.912
1.444,-0.924
1.463,-1.599
1.285,1.413
1.411,-0.376
1.344,0.546
1.322,1.746
1.318,-1.963
1.166,-0.608
1.238,0.518
1.12,0.987
1.179,1.624
0.992,1.596
1.09,0.817
0.973,-1.214
0.964,0.543
0.766,0.76
0.761,0.083
0.827,-0.325
0.81,-0.765
0.665,1.749
0.762,-0.77
0.64,-1.861
0.597,-1.758
0.581,1.008
0.448,0.975
0.37,0.33
0.385,0.034
0.373,2.005
0.146,1.197
0.273,1.531
-0.069,0.442
0.026,-1.041
-0.1,-1.15
-0.151,-0.441
-0.249,-1.924
-0.307,-1.045
-0.366,0.477
-0.505,-1.144
-0.53,-1.028
-0.524,0.002
-0.684,0.243
-0.558,-0.562
-0.607,0.802
-0.667,-0.75
-0.709,-0.627
-0.824,0.929
-0.992,-0.324
-1.857,-2.242
-1.839,-2.15
-2.072,-2.237
-3.074,-2.41
3.139,-1.974
2.989,-2.246
2.257,-2.156
2.178,-2.037
1.709,-2.483
1.583,-2.214
0.709,-2.131
0.532,-2.316
0.288,-2.348
0.208,-2.065
-0.298,-2.339
-0.219,-2.3
-0.207,-2.269
-0.688,-2.362
-0.806,-2.192
-0.962,-2.335
-1.138,2.062
-1.544,2.172
-3.005,2.07
2.868,2.101
2.629,2.074
2.761,2.185
2.525,2.145
1.888,2.113
1.296,2.186
1.42,2.156
0.971,2.128
-0.199,1.883
-1.452,1.507
-3.11,-0.796
-0.917,-1.18
2.657,0.675
2.356,1.165
2.151,-1.004
1.469,-0.966
1.387,-0.143
0.933,1.178
0.47,0.19
-0.208,1.572
-0.277,1.258
-0.416,1.378
-0.523,0.901
-1.322,-0.916
1.45,-0.073
0.63,0.422
-0.198,-0.282
-0.309,-0.535
-2.437,-1.958
2.419,-1.903
-0.489,1.723
-0.904,1.791
-0.117,0.767
-0.223,0.428
-0.318,0.336
-0.379,-0.888
-0.315,-1.818
-0.325,-0.076
-0.373,-1.032
-0.536,-0.998
-0.601,-2.011
-0.657,-1.924
-0.692,0.376
-0.665,-0.274
-0.687,0.634
-0.692,1.22
-0.711,0.98
-0.681,0.388
-0.748,-0.869
-0.75,-0.998
-0.693,1.814
-0.697,1.183
-0.781,-0.847
-0.807,-0.408
-0.795,-0.056
-0.786,0.406
-0.94,0.795
-0.889,-0.526
-1.235,-2.259
-1.319,-2.415
-1.357,-2.248
-1.813,-2.273
-2.01,-2.261
-2.236,-2.365
-2.667,-2.309
-2.791,-2.29
-3.11,-2.478
3.131,-2.337
2.207,-2.354
2.139,-2.209
1.815,-2.172
1.522,-2.63
1.349,-2.546
1.373,-2.542
0.368,-2.375
-0.232,-2.555
-0.489,-2.317
-0.88,-2.317
-1.167,1.855
-1.326,1.863
-1.581,2.009
-1.634,1.98
-1.767,1.864
3.063,1.818
2.665,1.902
2.566,1.918
1.46,2.033
0.88,2.008
0.472,1.991
0.262,2.057
-0.446,1.787
-0.659,2.021
-1.731,1.549
-3.053,-0.584
2.354,0.131
1.303,-1.082
0.94,1.115
0.005,0.813
-0.659,0.586
-1.346,-2.419
1.847,1.888
-0.919,1.467
-1.04,-1.841
-1.02,-1.119
-1.208,-0.953
-1.237,-1.927
-1.2,-0.995
-1.252,0.236
-1.264,-0.465
-1.338,-1.262
-1.545,0.084
-1.489,1.571
-1.514,-0.572
-1.643,-0.03
-1.664,1.423
-1.689,1.72
-1.697,1.575
-1.645,0.125
-1.852,1.611
-1.831,1.446
-2.092,1.662
-2.009,-0.814
-2.126,-0.062
-2.302,-0.255
-2.299,-1.249
-2.189,-0.591
-2.327,-1.644
-2.238,-2.082
-2.495,1.506
-2.628,0.265
-2.792,1.557
-2.674,0.178
-2.688,0.57
-2.827,-1.759
-2.757,0.492
-2.959,-1.957
-2.952,-0.869
-3.069,0.914
-2.951,1.798
-3.01,-1.172
3.09,1.213
-3.122,0.075
3.134,1.353
3.139,-0.225
2.999,0.411
2.963,-1.909
2.942,0.074
3.009,-0.866
2.825,-0.912
2.924,0.167
2.876,-0.756
2.657,-0.77
2.45,0.518
2.536,1.747
2.384,-0.579
2.367,-1.268
2.427,0.422
2.389,-1.122
2.235,-0.95
2.23,1.633
2.071,-0.199
2.17,-0.13
2.016,1.872
2.045,1.24
1.868,1.124
1.974,0.51
1.769,1.666
1.785,0.301
1.658,-1.168
1.653,-1.232
1.5,0.04
1.608,-1.368
1.443,0.23
1.57,-1.153
1.513,1.708
1.447,-1.128
1.466,-1.803
1.288,1.209
1.414,-0.58
1.347,0.342
1.325,1.542
1.321,-2.167
1.169,-0.812
1.241,0.314
1.123,0.783
1.182,1.42
0.995,1.392
1.093,0.613
0.976,-1.418
0.967,0.339
0.769,0.556
0.764,-0.121
0.83,-0.529
0.813,-0.969
0.668,1.545
0.765,-0.974
0.643,-2.065
0.6,-1.962
0.584,0.804
0.451,0.771
0.373,0.126
0.388,-0.17
0.376,1.801
0.149,0.993
0.276,1.327
-0.066,0.238
0.029,-1.245
-0.097,-1.354
-0.148,-0.645
-0.246,-2.128
-0.304,-1.249
-0.363,0.273
-0.502,-1.348
-0.527,-1.232
-0.521,-0.202
-0.681,0.039
-0.555,-0.766
-0.604,0.598
-0.664,-0.954
-0.706,-0.831
-0.821,0.725
-0.989,-0.528
-1.854,-2.446
-1.836,-2.354
-2.069,-2.441
-3.071,-2.614
-3.141,-2.178
2.992,-2.45
2.26,-2.36
2.181,-2.241
1.712,-2.687
1.586,-2.418
0.712,-2.335
0.535,-2.52
0.291,-2.552
0.211,-2.269
-0.295,-2.543
-0.216,-2.504
-0.204,-2.473
-0.685,-2.566
-0.803,-2.396
-0.959,-2.539
-1.135,1.858
-1.541,1.968
-3.002,1.866
2.871,1.897
2.632,1.87
2.764,1.981
2.528,1.941
1.891,1.909
1.299,1.982
1.423,1.952
0.974,1.924
-0.196,1.679
-1.449,1.303
-3.107,-1.0
-0.914,-1.384
2.66,0.471
2.359,0.961
2.154,-1.208
1.472,-1.17
1.39,-0.347
0.936,0.974
0.473,-0.014
-0.205,1.368
-0.274,1.054
-0.413,1.174
-0.52,0.697
-1.319,-1.12
1.453,-0.277
0.633,0.218
-0.195,-0.486
-0.306,-0.739
-2.434,-2.162
2.422,-2.107
-0.486,1.519
-0.901,1.587
-0.106,-0.339
-0.201,-0.431
-0.262,-1.655
-0.198,-2.585
-0.208,-0.843
-0.256,-1.799
-0.419,-1.765
-0.484,-2.778
-0.54,-2.691
-0.575,-0.391
-0.548,-1.041
-0.57,-0.133
-0.575,0.453
-0.594,0.213
-0.564,-0.379
-0.631,-1.636
-0.633,-1.765
-0.576,1.047
-0.58,0.416
-0.664,-1.614
-0.69,-1.175
-0.678,-0.823
-0.669,-0.361
-0.823,0.028
-0.772,-1.293
-1.118,-3.026
-1.202,-3.182
-1.24,-3.015
-1.696,-3.04
-1.893,-3.028
-2.119,-3.132
-2.55,-3.076
-2.674,-3.057
-2.993,-3.245
-3.035,-3.104
2.324,-3.121
2.256,-2.976
1.932,-2.939
1.639,-3.397
1.466,-3.313
1.49,-3.309
0.485,-3.142
-0.115,-3.322
-0.372,-3.084
-0.763,-3.084
-1.05,1.088
-1.209,1.096
-1.464,1.242
-1.517,1.213
-1.65,1.097
-3.103,1.051
2.782,1.135
2.683,1.151
1.577,1.266
0.997,1.241
0.589,1.224
0.379,1.29
-0.329,1.02
-0.542,1.254
-1.614,0.782
-2.936,-1.351
2.471,-0.636
1.42,-1.849
1.057,0.348
0.122,0.046
-0.542,-0.181
-1.229,-3.186
1.964,1.121
-0.802,0.7
-0.923,-2.608
-0.903,-1.886
-1.091,-1.72
-1.12,-2.694
-1.083,-1.762
-1.135,-0.531
-1.147,-1.232
-1.221,-2.029
-1.428,-0.683
-1.372,0.804
-1.397,-1.339
-1.526,-0.797
-1.547,0.656
-1.572,0.953
-1.58,0.808
-1.528,-0.642
-1.735,0.844
-1.714,0.679
-1.975,0.895
-1.892,-1.581
-2.009,-0.829
-2.185,-1.022
-2.182,-2.016
-2.072,-1.358
-2.21,-2.411
-2.121,-2.849
-2.378,0.739
-2.511,-0.502
-2.675,0.79
-2.557,-0.589
-2.571,-0.197
-2.71,-2.526
-2.64,-0.275
-2.842,-2.724
-2.835,-1.636
-2.952,0.147
-2.834,1.031
-2.893,-1.939
-3.076,0.446
-3.005,-0.692
-3.032,0.586
-3.027,-0.992
3.116,-0.356
3.08,-2.676
3.059,-0.693
3.126,-1.633
2.942,-1.679
3.041,-0.6
2.993,-1.523
2.774,-1.537
2.567,-0.249
2.653,0.98
2.501,-1.346
2.484,-2.035
2.544,-0.345
2.506,-1.889
2.352,-1.717
2.347,0.866
2.188,-0.966
2.287,-0.897
2.133,1.105
2.162,0.473
1.985,0.357
2.091,-0.257
1.886,0.899
1.902,-0.466
1.775,-1.935
1.77,-1.999
1.617,-0.727
1.725,-2.135
1.56,-0.537
1.687,-1.92
1.63,0.941
1.564,-1.895
1.583,-2.57
1.405,0.442
1.531,-1.347
1.464,-0.425
1.442,0.775
1.438,-2.934
1.286,-1.579
1.358,-0.453
1.24,0.016
1.299,0.653
1.112,0.625
1.21,-0.154
1.093,-2.185
1.084,-0.428
0.886,-0.211
0.881,-0.888
0.947,-1.296
0.93,-1.736
0.785,0.778
0.882,-1.741
0.76,-2.832
0.717,-2.729
0.701,0.037
0.568,0.004
0.49,-0.641
0.505,-0.937
0.493,1.034
0.266,0.226
0.393,0.56
0.051,-0.529
0.146,-2.012
0.02,-2.121
-0.031,-1.412
-0.129,-2.895
-0.187,-2.016
-0.246,-0.494
-0.385,-2.115
-0.41,-1.999
-0.404,-0.969
-0.564,-0.728
-0.438,-1.533
-0.487,-0.169
-0.547,-1.721
-0.589,-1.598
-0.704,-0.042
-0.872,-1.295
-1.737,-3.213
-1.719,-3.121
-1.952,-3.208
-2.954,-3.381
-3.024,-2.945
3.109,-3.217
2.377,-3.127
2.298,-3.008
1.829,-3.454
1.703,-3.185
0.829,-3.102
0.652,-3.287
0.408,-3.319
0.328,-3.036
-0.178,-3.31
-0.099,-3.271
-0.087,-3.24
-0.568,-3.333
-0.686,-3.163
-0.842,-3.306
-1.018,1.091
-1.424,1.201
-2.885,1.099
2.988,1.13
2.749,1.103
2.881,1.214
2.645,1.174
2.008,1.142
1.416,1.215
1.54,1.185
1.091,1.157
-0.079,0.912
-1.332,0.536
-2.99,-1.767
-0.797,-2.151
2.777,-0.296
2.476,0.194
2.271,-1.975
1.589,-1.937
1.507,-1.114
1.053,0.207
0.59,-0.781
-0.088,0.601
-0.157,0.287
-0.296,0.407
-0.403,-0.07
-1.202,-1.887
1.57,-1.044
0.75,-0.549
-0.078,-1.253
-0.189,-1.506
-2.317,-2.929
2.539,-2.874
-0.369,0.752
-0.784,0.82
-0.095,-0.092
-0.156,-1.316
-0.092,-2.246
-0.102,-0.504
-0.15,-1.46
-0.313,-1.426
-0.378,-2.439
-0.434,-2.352
-0.469,-0.052
-0.442,-0.702
-0.464,0.206
-0.469,0.792
-0.488,0.552
-0.458,-0.04
-0.525,-1.297
-0.527,-1.426
-0.47,1.386
-0.474,0.755
-0.558,-1.275
-0.584,-0.836
-0.572,-0.484
-0.563,-0.022
-0.717,0.367
-0.666,-0.954
-1.012,-2.687
-1.096,-2.843
-1.134,-2.676
-1.59,-2.701
-1.787,-2.689
-2.013,-2.793
-2.444,-2.737
-2.568,-2.718
-2.887,-2.906
-2.929,-2.765
2.43,-2.782
2.362,-2.637
2.038,-2.6
1.745,-3.058
1.572,-2.974
1.596,-2.97
0.591,-2.803
-0.009,-2.983
-0.266,-2.745
-0.657,-2.745
-0.944,1.427
-1.103,1.435
-1.358,1.581
-1.411,1.552
-1.544,1.436
-2.997,1.39
2.888,1.474
2.789,1.49
1.683,1.605
1.103,1.58
0.695,1.563
0.485,1.629
-0.223,1.359
-0.436,1.593
-1.508,1.121
-2.83,-1.012
2.577,-0.297
1.526,-1.51
1.163,0.687
0.228,0.385
-0.436,0.158
-1.123,-2.847
2.07,1.46
-0.696,1.039
-0.817,-2.269
-0.797,-1.547
-0.985,-1.381
-1.014,-2.355
-0.977,-1.423
-1.029,-0.192
-1.041,-0.893
-1.115,-1.69
-1.322,-0.344
-1.266,1.143
-1.291,-1.0
-1.42,-0.458
-1.441,0.995
-1.466,1.292
-1.474,1.147
-1.422,-0.303
-1.629,1.183
-1.608,1.018
-1.869,1.234
-1.786,-1.242
-1.903,-0.49
-2.079,-0.683
-2.076,-1.677
-1.966,-1.019
-2.104,-2.072
-2.015,-2.51
-2.272,1.078
-2.405,-0.163
-2.569,1.129
-2.451,-0.25
-2.465,0.142
-2.604,-2.187
-2.534,0.064
-2.736,-2.385
-2.729,-1.297
-2.846,0.486
-2.728,1.37
-2.787,-1.6
-2.97,0.785
-2.899,-0.353
-2.926,0.925
-2.921,-0.653
-3.061,-0.017
-3.097,-2.337
-3.118,-0.354
-3.051,-1.294
3.048,-1.34
-3.136,-0.261
3.099,-1.184
2.88,-1.198
2.673,0.09
2.759,1.319
2.607,-1.007
2.59,-1.696
2.65,-0.006
2.612,-1.55
2.458,-1.378
2.453,1.205
2.294,-0.627
2.393,-0.558
2.239,1.444
2.268,0.812
2.091,0.696
2.197,0.082
1.992,1.238
2.008,-0.127
1.881,-1.596
1.876,-1.66
1.723,-0.388
1.831,-1.796
1.666,-0.198
1.793,-1.581
1.736,1.28
1.67,-1.556
1.689,-2.231
1.511,0.781
1.637,-1.008
1.57,-0.086
1.548,1.114
1.544,-2.595
1.392,-1.24
1.464,-0.114
1.346,0.355
1.405,0.992
1.218,0.964
1.316,0.185
1.199,-1.846
1.19,-0.089
0.992,0.128
0.987,-0.549
1.053,-0.957
1.036,-1.397
0.891,1.117
0.988,-1.402
0.866,-2.493
0.823,-2.39
0.807,0.376
0.674,0.343
0.596,-0.302
0.611,-0.598
0.599,1.373
0.372,0.565
0.499,0.899
0.157,-0.19
0.252,-1.673
0.126,-1.782
0.075,-1.073
-0.023,-2.556
-0.081,-1.677
-0.14,-0.155
-0.279,-1.776
-0.304,-1.66
-0.298,-0.63
-0.458,-0.389
-0.332,-1.194
-0.381,0.17
-0.441,-1.382
-0.483,-1.259
-0.598,0.297
-0.766,-0.956
-1.631,-2.874
-1.613,-2.782
-1.846,-2.869
-2.848,-3.042
-2.918,-2.606
-3.068,-2.878
2.483,-2.788
2.404,-2.669
1.935,-3.115
1.809,-2.846
0.935,-2.763
0.758,-2.948
0.514,-2.98
0.434,-2.697
-0.072,-2.971
0.007,-2.932
0.019,-2.901
-0.462,-2.994
-0.58,-2.824
-0.736,-2.967
-0.912,1.43
-1.318,1.54
-2.779,1.438
3.094,1.469
2.855,1.442
2.987,1.553
2.751,1.513
2.114,1.481
1.522,1.554
1.646,1.524
1.197,1.496
0.027,1.251
-1.226,0.875
-2.884,-1.428
-0.691,-1.812
2.883,0.043
2.582,0.533
2.377,-1.636
1.695,-1.598
1.613,-0.775
1.159,0.546
0.696,-0.442
0.018,0.94
-0.051,0.626
-0.19,0.746
-0.297,0.269
-1.096,-1.548
1.676,-0.705
0.856,-0.21
0.028,-0.914
-0.083,-1.167
-2.211,-2.59
2.645,-2.535
-0.263,1.091
-0.678,1.159
-0.061,-1.224
0.003,-2.154
-0.007,-0.412
-0.055,-1.368
-0.218,-1.334
-0.283,-2.347
-0.339,-2.26
-0.374,0.04
-0.347,-0.61
-0.369,0.298
-0.374,0.884
-0.393,0.644
-0.363,0.052
-0.43,-1.205
-0.432,-1.334
-0.375,1.478
-0.379,0.847
-0.463,-1.183
-0.489,-0.744
-0.477,-0.392
-0.468,0.07
-0.622,0.459
-0.571,-0.862
-0.917,-2.595
-1.001,-2.751
-1.039,-2.584
-1.495,-2.609
-1.692,-2.597
-1.918,-2.701
-2.349,-2.645
-2.473,-2.626
-2.792,-2.814
-2.834,-2.673
2.525,-2.69
2.457,-2.545
2.133,-2.508
1.84,-2.966
1.667,-2.882
1.691,-2.878
0.686,-2.711
0.086,-2.891
-0.171,-2.653
-0.562,-2.653
-0.849,1.519
-1.008,1.527
-1.263,1.673
-1.316,1.644
-1.449,1.528
-2.902,1.482
2.983,1.566
2.884,1.582
1.778,1.697
1.198,1.672
0.79,1.655
0.58,1.721
-0.128,1.451
-0.341,1.685
-1.413,1.213
-2.735,-0.92
2.672,-0.205
1.621,-1.418
1.258,0.779
0.323,0.477
-0.341,0.25
-1.028,-2.755
2.165,1.552
-0.601,1.131
-0.722,-2.177
-0.702,-1.455
-0.89,-1.289
-0.919,-2.263
-0.882,-1.331
-0.934,-0.1
-0.946,-0.801
-1.02,-1.598
-1.227,-0.252
-1.171,1.235
-1.196,-0.908
-1.325,-0.366
-1.346,1.087
-1.371,1.384
-1.379,1.239
-1.327,-0.211
-1.534,1.275
-1.513,1.11
-1.774,1.326
-1.691,-1.15
-1.808,-0.398
-1.984,-0.591
-1.981,-1.585
-1.871,-0.927
-2.009,-1.98
-1.92,-2.418
-2.177,1.17
-2.31,-0.071
-2.474,1.221
-2.356,-0.158
-2.37,0.234
-2.509,-2.095
-2.439,0.156
-2.641,-2.293
-2.634,-1.205
-2.751,0.578
-2.633,1.462
-2.692,-1.508
-2.875,0.877
-2.804,-0.261
-2.831,1.017
-2.826,-0.561
-2.966,0.075
-3.002,-2.245
-3.023,-0.262
-2.956,-1.202
-3.14,-1.248
-3.041,-0.169
-3.089,-1.092
2.975,-1.106
2.768,0.182
2.854,1.411
2.702,-0.915
2.685,-1.604
2.745,0.086
2.707,-1.458
2.553,-1.286
2.548,1.297
2.389,-0.535
2.488,-0.466
2.334,1.536
2.363,0.904
2.186,0.788
2.292,0.174
2.087,1.33
2.103,-0.035
1.976,-1.504
1.971,-1.568
1.818,-0.296
1.926,-1.704
1.761,-0.106
1.888,-1.489
1.831,1.372
1.765,-1.464
1.784,-2.139
1.606,0.873
1.732,-0.916
1.665,0.006
1.643,1.206
1.639,-2.503
1.487,-1.148
1.559,-0.022
1.441,0.447
1.5,1.084
1.313,1.056
1.411,0.277
1.294,-1.754
1.285,0.003
1.087,0.22
1.082,-0.457
1.148,-0.865
1.131,-1.305
0.986,1.209
1.083,-1.31
0.961,-2.401
0.918,-2.298
0.902,0.468
0.769,0.435
0.691,-0.21
0.706,-0.506
0.694,1.465
0.467,0.657
0.594,0.991
0.252,-0.098
0.347,-1.581
0.221,-1.69
0.17,-0.981
0.072,-2.464
0.014,-1.585
-0.045,-0.063
-0.184,-1.684
-0.209,-1.568
-0.203,-0.538
-0.363,-0.297
-0.237,-1.102
-0.286,0.262
-0.346,-1.29
-0.388,-1.167
-0.503,0.389
-0.671,-0.864
-1.536,-2.782
-1.518,-2.69
-1.751,-2.777
-2.753,-2.95
-2.823,-2.514
-2.973,-2.786
2.578,-2.696
2.499,-2.577
2.03,-3.023
1.904,-2.754
1.03,-2.671
0.853,-2.856
0.609,-2.888
0.529,-2.605
0.023,-2.879
0.102,-2.84
0.114,-2.809
-0.367,-2.902
-0.485,-2.732
-0.641,-2.875
-0.817,1.522
-1.223,1.632
-2.684,1.53
-3.094,1.561
2.95,1.534
3.082,1.645
2.846,1.605
2.209,1.573
1.617,1.646
1.741,1.616
1.292,1.588
0.122,1.343
-1.131,0.967
-2.789,-1.336
-0.596,-1.72
2.978,0.135
2.677,0.625
2.472,-1.544
1.79,-1.506
1.708,-0.683
1.254,0.638
0.791,-0.35
0.113,1.032
0.044,0.718
-0.095,0.838
-0.202,0.361
-1.001,-1.456
1.771,-0.613
0.951,-0.118
0.123,-0.822
0.012,-1.075
-2.116,-2.498
2.74,-2.443
-0.168,1.183
-0.583,1.251
0.064,-0.93
0.054,0.812
0.006,-0.144
-0.157,-0.11
-0.222,-1.123
-0.278,-1.036
-0.313,1.264
-0.286,0.614
-0.308,1.522
-0.313,2.108
-0.332,1.868
-0.302,1.276
-0.369,0.019
-0.371,-0.11
-0.314,2.702
-0.318,2.071
-0.402,0.041
-0.428,0.48
-0.416,0.832
-0.407,1.294
-0.561,1.683
-0.51,0.362
-0.856,-1.371
-0.94,-1.527
-0.978,-1.36
-1.434,-1.385
-1.631,-1.373
-1.857,-1.477
-2.288,-1.421
-2.412,-1.402
-2.731,-1.59
-2.773,-1.449
2.586,-1.466
2.518,-1.321
2.194,-1.284
1.901,-1.742
1.728,-1.658
1.752,-1.654
0.747,-1.487
0.147,-1.667
-0.11,-1.429
-0.501,-1.429
-0.788,2.743
-0.947,2.751
-1.202,2.897
-1.255,2.868
-1.388,2.752
-2.841,2.706
3.044,2.79
2.945,2.806
1.839,2.921
1.259,2.896
0.851,2.879
0.641,2.945
-0.067,2.675
-0.28,2.909
-1.352,2.437
-2.674,0.304
2.733,1.019
1.682,-0.194
1.319,2.003
0.384,1.701
-0.28,1.474
-0.967,-1.531
2.226,2.776
-0.54,2.355
-0.661,-0.953
-0.641,-0.231
-0.829,-0.065
-0.858,-1.039
-0.821,-0.107
-0.873,1.124
-0.885,0.423
-0.959,-0.374
-1.166,0.972
-1.11,2.459
-1.135,0.316
-1.264,0.858
-1.285,2.311
-1.31,2.608
-1.318,2.463
-1.266,1.013
-1.473,2.499
-1.452,2.334
-1.713,2.55
-1.63,0.074
-1.747,0.826
-1.923,0.633
-1.92,-0.361
-1.81,0.297
-1.948,-0.756
-1.859,-1.194
-2.116,2.394
-2.249,1.153
-2.413,2.445
-2.295,1.066
-2.309,1.458
-2.448,-0.871
-2.378,1.38
-2.58,-1.069
-2.573,0.019
-2.69,1.802
-2.572,2.686
-2.631,-0.284
-2.814,2.101
-2.743,0.963
-2.77,2.241
-2.765,0.663
-2.905,1.299
-2.941,-1.021
-2.962,0.962
-2.895,0.022
-3.079,-0.024
-2.98,1.055
-3.028,0.132
3.036,0.118
2.829,1.406
2.915,2.635
2.763,0.309
2.746,-0.38
2.806,1.31
2.768,-0.234
2.614,-0.062
2.609,2.521
2.45,0.689
2.549,0.758
2.395,2.76
2.424,2.128
2.247,2.012
2.353,1.398
2.148,2.554
2.164,1.189
2.037,-0.28
2.032,-0.344
1.879,0.928
1.987,-0.48
1.822,1.118
1.949,-0.265
1.892,2.596
1.826,-0.24
1.845,-0.915
1.667,2.097
1.793,0.308
1.726,1.23
1.704,2.43
1.7,-1.279
1.548,0.076
1.62,1.202
1.502,1.671
1.561,2.308
1.374,2.28
1.472,1.501
1.355,-0.53
1.346,1.227
1.148,1.444
1.143,0.767
1.209,0.359
1.192,-0.081
1.047,2.433
1.144,-0.086
1.022,-1.177
0.979,-1.074
0.963,1.692
0.83,1.659
0.752,1.014
0.767,0.718
0.755,2.689
0.528,1.881
0.655,2.215
0.313,1.126
0.408,-0.357
0.282,-0.466
0.231,0.243
0.133,-1.24
0.075,-0.361
0.016,1.161
-0.123,-0.46
-0.148,-0.344
-0.142,0.686
-0.302,0.927
-0.176,0.122
-0.225,1.486
-0.285,-0.066
-0.327,0.057
-0.442,1.613
-0.61,0.36
-1.475,-1.558
-1.457,-1.466
-1.69,-1.553
-2.692,-1.726
-2.762,-1.29
-2.912,-1.562
2.639,-1.472
2.56,-1.353
2.091,-1.799
1.965,-1.53
1.091,-1.447
0.914,-1.632
0.67,-1.664
0.59,-1.381
0.084,-1.655
0.163,-1.616
0.175,-1.585
-0.306,-1.678
-0.424,-1.508
-0.58,-1.651
-0.756,2.746
-1.162,2.856
-2.623,2.754
-3.033,2.785
3.011,2.758
-3.14,2.869
2.907,2.829
2.27,2.797
1.678,2.87
1.802,2.84
1.353,2.812
0.183,2.567
-1.07,2.191
-2.728,-0.112
-0.535,-0.496
3.039,1.359
2.738,1.849
2.533,-0.32
1.851,-0.282
1.769,0.541
1.315,1.862
0.852,0.874
0.174,2.256
0.105,1.942
-0.034,2.062
-0.141,1.585
-0.94,-0.232
1.832,0.611
1.012,1.106
0.184,0.402
0.073,0.149
-2.055,-1.274
2.801,-1.219
-0.107,2.407
-0.522,2.475
-0.01,1.742
-0.058,0.786
-0.221,0.82
-0.286,-0.193
-0.342,-0.106
-0.377,2.194
-0.35,1.544
-0.372,2.452
-0.377,3.038
-0.396,2.798
-0.366,2.206
-0.433,0.949
-0.435,0.82
-0.378,3.632
-0.382,3.001
-0.466,0.971
-0.492,1.41
-0.48,1.762
-0.471,2.224
-0.625,2.613
-0.574,1.292
-0.92,-0.441
-1.004,-0.597
-1.042,-0.43
-1.498,-0.455
-1.695,-0.443
-1.921,-0.547
-2.352,-0.491
-2.476,-0.472
-2.795,-0.66
-2.837,-0.519
2.522,-0.536
2.454,-0.391
2.13,-0.354
1.837,-0.812
1.664,-0.728
1.688,-0.724
0.683,-0.557
0.083,-0.737
-0.174,-0.499
-0.565,-0.499
-0.852,3.673
-1.011,3.681
-1.266,3.827
-1.319,3.798
-1.452,3.682
-2.905,3.636
2.98,3.72
2.881,3.736
1.775,3.851
1.195,3.826
0.787,3.809
0.577,3.875
-0.131,3.605
-0.344,3.839
-1.416,3.367
-2.738,1.234
2.669,1.949
1.618,0.736
1.255,2.933
0.32,2.631
-0.344,2.404
-1.031,-0.601
2.162,3.706
-0.604,3.285
-0.725,-0.023
-0.705,0.699
-0.893,0.865
-0.922,-0.109
-0.885,0.823
-0.937,2.054
-0.949,1.353
-1.023,0.556
-1.23,1.902
-1.174,3.389
-1.199,1.246
-1.328,1.788
-1.349,3.241
-1.374,3.538
-1.382,3.393
-1.33,1.943
-1.537,3.429
-1.516,3.264
-1.777,3.48
-1.694,1.004
-1.811,1.756
-1.987,1.563
-1.984,0.569
-1.874,1.227
-2.012,0.174
-1.923,-0.264
-2.18,3.324
-2.313,2.083
-2.477,3.375
-2.359,1.996
-2.373,2.388
-2.512,0.059
-2.442,2.31
-2.644,-0.139
-2.637,0.949
-2.754,2.732
-2.636,3.616
-2.695,0.646
-2.878,3.031
-2.807,1.893
-2.834,3.171
-2.829,1.593
-2.969,2.229
-3.005,-0.091
-3.026,1.892
-2.959,0.952
3.14,0.906
-3.044,1.985
-3.092,1.062
2.972,1.048
2.765,2.336
2.851,3.565
2.699,1.239
2.682,0.55
2.742,2.24
2.704,0.696
2.55,0.868
2.545,3.451
2.386,1.619
2.485,1.688
2.331,3.69
2.36,3.058
2.183,2.942
2.289,2.328
2.084,3.484
2.1,2.119
1.973,0.65
1.968,0.586
1.815,1.858
1.923,0.45
1.758,2.048
1.885,0.665
1.828,3.526
1.762,0.69
1.781,0.015
1.603,3.027
1.729,1.238
1.662,2.16
1.64,3.36
1.636,-0.349
1.484,1.006
1.556,2.132
1.438,2.601
1.497,3.238
1.31,3.21
1.408,2.431
1.291,0.4
1.282,2.157
1.084,2.374
1.079,1.697
1.145,1.289
1.128,0.849
0.983,3.363
1.08,0.844
0.958,-0.247
0.915,-0.144
0.899,2.622
0.766,2.589
0.688,1.944
0.703,1.648
0.691,3.619
0.464,2.811
0.591,3.145
0.249,2.056
0.344,0.573
0.218,0.464
0.167,1.173
0.069,-0.31
0.011,0.569
-0.048,2.091
-0.187,0.47
-0.212,0.586
-0.206,1.616
-0.366,1.857
-0.24,1.052
-0.289,2.416
-0.349,0.864
-0.391,0.987
-0.506,2.543
-0.674,1.29
-1.539,-0.628
-1.521,-0.536
-1.754,-0.623
-2.756,-0.796
-2.826,-0.36
-2.976,-0.632
2.575,-0.542
2.496,-0.423
2.027,-0.869
1.901,-0.6
1.027,-0.517
0.85,-0.702
0.606,-0.734
0.526,-0.451
0.02,-0.725
0.099,-0.686
0.111,-0.655
-0.37,-0.748
-0.488,-0.578
-0.644,-0.721
-0.82,3.676
-1.226,3.786
-2.687,3.684
-3.097,3.715
2.947,3.688
3.079,3.799
2.843,3.759
2.206,3.727
1.614,3.8
1.738,3.77
1.289,3.742
0.119,3.497
-1.134,3.121
-2.792,0.818
-0.599,0.434
2.975,2.289
2.674,2.779
2.469,0.61
1.787,0.648
1.705,1.471
1.251,2.792
0.788,1.804
0.11,3.186
0.041,2.872
-0.098,2.992
-0.205,2.515
-1.004,0.698
1.768,1.541
0.948,2.036
0.12,1.332
0.009,1.079
-2.119,-0.344
2.737,-0.289
-0.171,3.337
-0.586,3.405
-0.048,-0.956
-0.211,-0.922
-0.276,-1.935
-0.332,-1.848
-0.367,0.452
-0.34,-0.198
-0.362,0.71
-0.367,1.296
-0.386,1.056
-0.356,0.464
-0.423,-0.793
-0.425,-0.922
-0.368,1.89
-0.372,1.259
-0.456,-0.771
-0.482,-0.332
-0.47,0.02
-0.461,0.482
-0.615,0.871
-0.564,-0.45
-0.91,-2.183
-0.994,-2.339
-1.032,-2.172
-1.488,-2.197
-1.685,-2.185
-1.911,-2.289
-2.342,-2.233
-2.466,-2.214
-2.785,-2.402
-2.827,-2.261
2.532,-2.278
2.464,-2.133
2.14,-2.096
1.847,-2.554
1.674,-2.47
1.698,-2.466
0.693,-2.299
0.093,-2.479
-0.164,-2.241
-0.555,-2.241
-0.842,1.931
-1.001,1.939
-1.256,2.085
-1.309,2.056
-1.442,1.94
-2.895,1.894
2.99,1.978
2.891,1.994
1.785,2.109
1.205,2.084
0.797,2.067
0.587,2.133
-0.121,1.863
-0.334,2.097
-1.406,1.625
-2.728,-0.508
2.679,0.207
1.628,-1.006
1.265,1.191
0.33,0.889
-0.334,0.662
-1.021,-2.343
2.172,1.964
-0.594,1.543
-0.715,-1.765
-0.695,-1.043
-0.883,-0.877
-0.912,-1.851
-0.875,-0.919
-0.927,0.312
-0.939,-0.389
-1.013,-1.186
-1.22,0.16
-1.164,1.647
-1.189,-0.496
-1.318,0.046
-1.339,1.499
-1.364,1.796
-1.372,1.651
-1.32,0.201
-1.527,1.687
-1.506,1.522
-1.767,1.738
-1.684,-0.738
-1.801,0.014
-1.977,-0.179
-1.974,-1.173
-1.864,-0.515
-2.002,-1.568
-1.913,-2.006
-2.17,1.582
-2.303,0.341
-2.467,1.633
-2.349,0.254
-2.363,0.646
-2.502,-1.683
-2.432,0.568
-2.634,-1.881
-2.627,-0.793
-2.744,0.99
-2.626,1.874
-2.685,-1.096
-2.868,1.289
-2.797,0.151
-2.824,1.429
-2.819,-0.149
-2.959,0.487
-2.995,-1.833
-3.016,0.15
-2.949,-0.79
-3.133,-0.836
-3.034,0.243
-3.082,-0.68
2.982,-0.694
2.775,0.594
2.861,1.823
2.709,-0.503
2.692,-1.192
2.752,0.498
2.714,-1.046
2.56,-0.874
2.555,1.709
2.396,-0.123
2.495,-0.054
2.341,1.948
2.37,1.316
2.193,1.2
2.299,0.586
2.094,1.742
2.11,0.377
1.983,-1.092
1.978,-1.156
1.825,0.116
1.933,-1.292
1.768,0.306
1.895,-1.077
1.838,1.784
1.772,-1.052
1.791,-1.727
1.613,1.285
1.739,-0.504
1.672,0.418
1.65,1.618
1.646,-2.091
1.494,-0.736
1.566,0.39
1.448,0.859
1.507,1.496
1.32,1.468
1.418,0.689
1.301,-1.342
1.292,0.415
1.094,0.632
1.089,-0.045
1.155,-0.453
1.138,-0.893
0.993,1.621
1.09,-0.898
0.968,-1.989
0.925,-1.886
0.909,0.88
0.776,0.847
0.698,0.202
0.713,-0.094
0.701,1.877
0.474,1.069
0.601,1.403
0.259,0.314
0.354,-1.169
0.228,-1.278
0.177,-0.569
0.079,-2.052
0.021,-1.173
-0.038,0.349
-0.177,-1.272
-0.202,-1.156
-0.196,-0.126
-0.356,0.115
-0.23,-0.69
-0.279,0.674
-0.339,-0.878
-0.381,-0.755
-0.496,0.801
-0.664,-0.452
-1.529,-2.37
-1.511,-2.278
-1.744,-2.365
-2.746,-2.538
-2.816,-2.102
-2.966,-2.374
2.585,-2.284
2.506,-2.165
2.037,-2.611
1.911,-2.342
1.037,-2.259
0.86,-2.444
0.616,-2.476
0.536,-2.193
0.03,-2.467
0.109,-2.428
0.121,-2.397
-0.36,-2.49
-0.478,-2.32
-0.634,-2.463
-0.81,1.934
-1.216,2.044
-2.677,1.942
-3.087,1.973
2.957,1.946
3.089,2.057
2.853,2.017
2.216,1.985
1.624,2.058
1.748,2.028
1.299,2.0
0.129,1.755
-1.124,1.379
-2.782,-0.924
-0.589,-1.308
2.985,0.547
2.684,1.037
2.479,-1.132
1.797,-1.094
1.715,-0.271
1.261,1.05
0.798,0.062
0.12,1.444
0.051,1.13
-0.088,1.25
-0.195,0.773
-0.994,-1.044
1.778,-0.201
0.958,0.294
0.13,-0.41
0.019,-0.663
-2.109,-2.086
2.747,-2.031
-0.161,1.595
-0.576,1.663
-0.163,0.034
-0.228,-0.979
-0.284,-0.892
-0.319,1.408
-0.292,0.758
-0.314,1.666
-0.319,2.252
-0.338,2.012
-0.308,1.42
-0.375,0.163
-0.377,0.034
-0.32,2.846
-0.324,2.215
-0.408,0.185
-0.434,0.624
-0.422,0.976
-0.413,1.438
-0.567,1.827
-0.516,0.506
-0.862,-1.227
-0.946,-1.383
-0.984,-1.216
-1.44,-1.241
-1.637,-1.229
-1.863,-1.333
-2.294,-1.277
-2.418,-1.258
-2.737,-1.446
-2.779,-1.305
2.58,-1.322
2.512,-1.177
2.188,-1.14
1.895,-1.598
1.722,-1.514
1.746,-1.51
0.741,-1.343
0.141,-1.523
-0.116,-1.285
-0.507,-1.285
-0.794,2.887
-0.953,2.895
-1.208,3.041
-1.261,3.012
-1.394,2.896
-2.847,2.85
3.038,2.934
2.939,2.95
1.833,3.065
1.253,3.04
0.845,3.023
0.635,3.089
-0.073,2.819
-0.286,3.053
-1.358,2.581
-2.68,0.448
2.727,1.163
1.676,-0.05
1.313,2.147
0.378,1.845
-0.286,1.618
-0.973,-1.387
2.22,2.92
-0.546,2.499
-0.667,-0.809
-0.647,-0.087
-0.835,0.079
-0.864,-0.895
-0.827,0.037
-0.879,1.268
-0.891,0.567
-0.965,-0.23
-1.172,1.116
-1.116,2.603
-1.141,0.46
-1.27,1.002
-1.291,2.455
-1.316,2.752
-1.324,2.607
-1.272,1.157
-1.479,2.643
-1.458,2.478
-1.719,2.694
-1.636,0.218
-1.753,0.97
-1.929,0.777
-1.926,-0.217
-1.816,0.441
-1.954,-0.612
-1.865,-1.05
-2.122,2.538
-2.255,1.297
-2.419,2.589
-2.301,1.21
-2.315,1.602
-2.454,-0.727
-2.384,1.524
-2.586,-0.925
-2.579,0.163
-2.696,1.946
-2.578,2.83
-2.637,-0.14
-2.82,2.245
-2.749,1.107
-2.776,2.385
-2.771,0.807
-2.911,1.443
-2.947,-0.877
-2.968,1.106
-2.901,0.166
-3.085,0.12
-2.986,1.199
-3.034,0.276
3.03,0.262
2.823,1.55
2.909,2.779
2.757,0.453
2.74,-0.236
2.8,1.454
2.762,-0.09
2.608,0.082
2.603,2.665
2.444,0.833
2.543,0.902
2.389,2.904
2.418,2.272
2.241,2.156
2.347,1.542
2.142,2.698
2.158,1.333
2.031,-0.136
2.026,-0.2
1.873,1.072
1.981,-0.336
1.816,1.262
1.943,-0.121
1.886,2.74
1.82,-0.096
1.839,-0.771
1.661,2.241
1.787,0.452
1.72,1.374
1.698,2.574
1.694,-1.135
1.542,0.22
1.614,1.346
1.496,1.815
1.555,2.452
1.368,2.424
1.466,1.645
1.349,-0.386
1.34,1.371
1.142,1.588
1.137,0.911
1.203,0.503
1.186,0.063
1.041,2.577
1.138,0.058
1.016,-1.033
0.973,-0.93
0.957,1.836
0.824,1.803
0.746,1.158
0.761,0.862
0.749,2.833
0.522,2.025
0.649,2.359
0.307,1.27
0.402,-0.213
0.276,-0.322
0.225,0.387
0.127,-1.096
0.069,-0.217
0.01,1.305
-0.129,-0.316
-0.154,-0.2
-0.148,0.83
-0.308,1.071
-0.182,0.266
-0.231,1.63
-0.291,0.078
-0.333,0.201
-0.448,1.757
-0.616,0.504
-1.481,-1.414
-1.463,-1.322
-1.696,-1.409
-2.698,-1.582
-2.768,-1.146
-2.918,-1.418
2.633,-1.328
2.554,-1.209
2.085,-1.655
1.959,-1.386
1.085,-1.303
0.908,-1.488
0.664,-1.52
0.584,-1.237
0.078,-1.511
0.157,-1.472
0.169,-1.441
-0.312,-1.534
-0.43,-1.364
-0.586,-1.507
-0.762,2.89
-1.168,3.0
-2.629,2.898
-3.039,2.929
3.005,2.902
3.137,3.013
2.901,2.973
2.264,2.941
1.672,3.014
1.796,2.984
1.347,2.956
0.177,2.711
-1.076,2.335
-2.734,0.032
-0.541,-0.352
3.033,1.503
2.732,1.993
2.527,-0.176
1.845,-0.138
1.763,0.685
1.309,2.006
0.846,1.018
0.168,2.4
0.099,2.086
-0.04,2.206
-0.147,1.729
-0.946,-0.088
1.826,0.755
1.006,1.25
0.178,0.546
0.067,0.293
-2.061,-1.13
2.795,-1.075
-0.113,2.551
-0.528,2.619
-0.065,-1.013
-0.121,-0.926
-0.156,1.374
-0.129,0.724
-0.151,1.632
-0.156,2.218
-0.175,1.978
-0.145,1.386
-0.212,0.129
-0.214,0.0
-0.157,2.812
-0.161,2.181
-0.245,0.151
-0.271,0.59
-0.259,0.942
-0.25,1.404
-0.404,1.793
-0.353,0.472
-0.699,-1.261
-0.783,-1.417
-0.821,-1.25
-1.277,-1.275
-1.474,-1.263
-1.7,-1.367
-2.131,-1.311
-2.255,-1.292
-2.574,-1.48
-2.616,-1.339
2.743,-1.356
2.675,-1.211
2.351,-1.174
2.058,-1.632
1.885,-1.548
1.909,-1.544
0.904,-1.377
0.304,-1.557
0.047,-1.319
-0.344,-1.319
-0.631,2.853
-0.79,2.861
-1.045,3.007
-1.098,2.978
-1.231,2.862
-2.684,2.816
-3.082,2.9
3.102,2.916
1.996,3.031
1.416,3.006
1.008,2.989
0.798,3.055
0.09,2.785
-0.123,3.019
-1.195,2.547
-2.517,0.414
2.89,1.129
1.839,-0.084
1.476,2.113
0.541,1.811
-0.123,1.584
-0.81,-1.421
2.383,2.886
-0.383,2.465
-0.504,-0.843
-0.484,-0.121
-0.672,0.045
-0.701,-0.929
-0.664,0.003
-0.716,1.234
-0.728,0.533
-0.802,-0.264
-1.009,1.082
-0.953,2.569
-0.978,0.426
-1.107,0.968
-1.128,2.421
-1.153,2.718
-1.161,2.573
-1.109,1.123
-1.316,2.609
-1.295,2.444
-1.556,2.66
-1.473,0.184
-1.59,0.936
-1.766,0.743
-1.763,-0.251
-1.653,0.407
-1.791,-0.646
-1.702,-1.084
-1.959,2.504
-2.092,1.263
-2.256,2.555
-2.138,1.176
-2.152,1.568
-2.291,-0.761
-2.221,1.49
-2.423,-0.959
-2.416,0.129
-2.533,1.912
-2.415,2.796
-2.474,-0.174
-2.657,2.211
-2.586,1.073
-2.613,2.351
-2.608,0.773
-2.748,1.409
-2.784,-0.911
-2.805,1.072
-2.738,0.132
-2.922,0.086
-2.823,1.165
-2.871,0.242
-3.09,0.228
2.986,1.516
3.072,2.745
2.92,0.419
2.903,-0.27
2.963,1.42
2.925,-0.124
2.771,0.048
2.766,2.631
2.607,0.799
2.706,0.868
2.552,2.87
2.581,2.238
2.404,2.122
2.51,1.508
2.305,2.664
2.321,1.299
2.194,-0.17
2.189,-0.234
2.036,1.038
2.144,-0.37
1.979,1.228
2.106,-0.155
2.049,2.706
1.983,-0.13
2.002,-0.805
1.824,2.207
1.95,0.418
1.883,1.34
1.861,2.54
1.857,-1.169
1.705,0.186
1.777,1.312
1.659,1.781
1.718,2.418
1.531,2.39
1.629,1.611
1.512,-0.42
1.503,1.337
1.305,1.554
1.3,0.877
1.366,0.469
1.349,0.029
1.204,2.543
1.301,0.024
1.179,-1.067
1.136,-0.964
1.12,1.802
0.987,1.769
0.909,1.124
0.924,0.828
0.912,2.799
0.685,1.991
0.812,2.325
0.47,1.236
0.565,-0.247
0.439,-0.356
0.388,0.353
0.29,-1.13
0.232,-0.251
0.173,1.271
0.034,-0.35
0.009,-0.234
0.015,0.796
-0.145,1.037
-0.019,0.232
-0.068,1.596
-0.128,0.044
-0.17,0.167
-0.285,1.723
-0.453,0.47
-1.318,-1.448
-1.3,-1.356
-1.533,-1.443
-2.535,-1.616
-2.605,-1.18
-2.755,-1.452
2.796,-1.362
2.717,-1.243
2.248,-1.689
2.122,-1.42
1.248,-1.337
1.071,-1.522
0.827,-1.554
0.747,-1.271
0.241,-1.545
0.32,-1.506
0.332,-1.475
-0.149,-1.568
-0.267,-1.398
-0.423,-1.541
-0.599,2.856
-1.005,2.966
-2.466,2.864
-2.876,2.895
-3.115,2.868
-2.983,2.979
3.064,2.939
2.427,2.907
1.835,2.98
1.959,2.95
1.51,2.922
0.34,2.677
-0.913,2.301
-2.571,-0.002
-0.378,-0.386
-3.087,1.469
2.895,1.959
2.69,-0.21
2.008,-0.172
1.926,0.651
1.472,1.972
1.009,0.984
0.331,2.366
0.262,2.052
0.123,2.172
0.016,1.695
-0.783,-0.122
1.989,0.721
1.169,1.216
0.341,0.512
0.23,0.259
-1.898,-1.164
2.958,-1.109
0.05,2.517
-0.365,2.585
-0.056,0.087
-0.091,2.387
-0.064,1.737
-0.086,2.645
-0.091,3.231
-0.11,2.991
-0.08,2.399
-0.147,1.142
-0.149,1.013
-0.092,3.825
-0.096,3.194
-0.18,1.164
-0.206,1.603
-0.194,1.955
-0.185,2.417
-0.339,2.806
-0.288,1.485
-0.634,-0.248
-0.718,-0.404
-0.756,-0.237
-1.212,-0.262
-1.409,-0.25
-1.635,-0.354
-2.066,-0.298
-2.19,-0.279
-2.509,-0.467
-2.551,-0.326
2.808,-0.343
2.74,-0.198
2.416,-0.161
2.123,-0.619
1.95,-0.535
1.974,-0.531
0.969,-0.364
0.369,-0.544
0.112,-0.306
-0.279,-0.306
-0.566,3.866
-0.725,3.874
-0.98,4.02
-1.033,3.991
-1.166,3.875
-2.619,3.829
-3.017,3.913
-3.116,3.929
2.061,4.044
1.481,4.019
1.073,4.002
0.863,4.068
0.155,3.798
-0.058,4.032
-1.13,3.56
-2.452,1.427
2.955,2.142
1.904,0.929
1.541,3.126
0.606,2.824
-0.058,2.597
-0.745,-0.408
2.448,3.899
-0.318,3.478
-0.439,0.17
-0.419,0.892
-0.607,1.058
-0.636,0.084
-0.599,1.016
-0.651,2.247
-0.663,1.546
-0.737,0.749
-0.944,2.095
-0.888,3.582
-0.913,1.439
-1.042,1.981
-1.063,3.434
-1.088,3.731
-1.096,3.586
-1.044,2.136
-1.251,3.622
-1.23,3.457
-1.491,3.673
-1.408,1.197
-1.525,1.949
-1.701,1.756
-1.698,0.762
-1.588,1.42
-1.726,0.367
-1.637,-0.071
-1.894,3.517
-2.027,2.276
-2.191,3.568
-2.073,2.189
-2.087,2.581
-2.226,0.252
-2.156,2.503
-2.358,0.054
-2.351,1.142
-2.468,2.925
-2.35,3.809
-2.409,0.839
-2.592,3.224
-2.521,2.086
-2.548,3.364
-2.543,1.786
-2.683,2.422
-2.719,0.102
-2.74,2.085
-2.673,1.145
-2.857,1.099
-2.758,2.178
-2.806,1.255
-3.025,1.241
3.051,2.529
3.137,3.758
2.985,1.432
2.968,0.743
3.028,2.433
2.99,0.889
2.836,1.061
2.831,3.644
2.672,1.812
2.771,1.881
2.617,3.883
2.646,3.251
2.469,3.135
2.575,2.521
2.37,3.677
2.386,2.312
2.259,0.843
2.254,0.779
2.101,2.051
2.209,0.643
2.044,2.241
2.171,0.858
2.114,3.719
2.048,0.883
2.067,0.208
1.889,3.22
2.015,1.431
1.948,2.353
1.926,3.553
1.922,-0.156
1.77,1.199
1.842,2.325
1.724,2.794
1.783,3.431
1.596,3.403
1.694,2.624
1.577,0.593
1.568,2.35
1.37,2.567
1.365,1.89
1.431,1.482
1.414,1.042
1.269,3.556
1.366,1.037
1.244,-0.054
1.201,0.049
1.185,2.815
1.052,2.782
0.974,2.137
0.989,1.841
0.977,3.812
0.75,3.004
0.877,3.338
0.535,2.249
0.63,0.766
0.504,0.657
0.453,1.366
0.355,-0.117
0.297,0.762
0.238,2.284
0.099,0.663
0.074,0.779
0.08,1.809
-0.08,2.05
0.046,1.245
-0.003,2.609
-0.063,1.057
-0.105,1.18
-0.22,2.736
-0.388,1.483
-1.253,-0.435
-1.235,-0.343
-1.468,-0.43
-2.47,-0.603
-2.54,-0.167
-2.69,-0.439
2.861,-0.349
2.782,-0.23
2.313,-0.676
2.187,-0.407
1.313,-0.324
1.136,-0.509
0.892,-0.541
0.812,-0.258
0.306,-0.532
0.385,-0.493
0.397,-0.462
-0.084,-0.555
-0.202,-0.385
-0.358,-0.528
-0.534,3.869
-0.94,3.979
-2.401,3.877
-2.811,3.908
-3.05,3.881
-2.918,3.992
3.129,3.952
2.492,3.92
1.9,3.993
2.024,3.963
1.575,3.935
0.405,3.69
-0.848,3.314
-2.506,1.011
-0.313,0.627
-3.022,2.482
2.96,2.972
2.755,0.803
2.073,0.841
1.991,1.664
1.537,2.985
1.074,1.997
0.396,3.379
0.327,3.065
0.188,3.185
0.081,2.708
-0.718,0.891
2.054,1.734
1.234,2.229
0.406,1.525
0.295,1.272
-1.833,-0.151
3.023,-0.096
0.115,3.53
-0.3,3.598
-0.035,2.3
-0.008,1.65
-0.03,2.558
-0.035,3.144
-0.054,2.904
-0.024,2.312
-0.091,1.055
-0.093,0.926
-0.036,3.738
-0.04,3.107
-0.124,1.077
-0.15,1.516
-0.138,1.868
-0.129,2.33
-0.283,2.719
-0.232,1.398
-0.578,-0.335
-0.662,-0.491
-0.7,-0.324
-1.156,-0.349
-1.353,-0.337
-1.579,-0.441
-2.01,-0.385
-2.134,-0.366
-2.453,-0.554
-2.495,-0.413
2.864,-0.43
2.796,-0.285
2.472,-0.248
2.179,-0.706
2.006,-0.622
2.03,-0.618
1.025,-0.451
0.425,-0.631
0.168,-0.393
-0.223,-0.393
-0.51,3.779
-0.669,3.787
-0.924,3.933
-0.977,3.904
-1.11,3.788
-2.563,3.742
-2.961,3.826
-3.06,3.842
2.117,3.957
1.537,3.932
1.129,3.915
0.919,3.981
0.211,3.711
-0.002,3.945
-1.074,3.473
-2.396,1.34
3.011,2.055
1.96,0.842
1.597,3.039
0.662,2.737
-0.002,2.51
-0.689,-0.495
2.504,3.812
-0.262,3.391
-0.383,0.083
-0.363,0.805
-0.551,0.971
-0.58,-0.003
-0.543,0.929
-0.595,2.16
-0.607,1.459
-0.681,0.662
-0.888,2.008
-0.832,3.495
-0.857,1.352
-0.986,1.894
-1.007,3.347
-1.032,3.644
-1.04,3.499
-0.988,2.049
-1.195,3.535
-1.174,3.37
-1.435,3.586
-1.352,1.11
-1.469,1.862
-1.645,1.669
-1.642,0.675
-1.532,1.333
-1.67,0.28
-1.581,-0.158
-1.838,3.43
-1.971,2.189
-2.135,3.481
-2.017,2.102
-2.031,2.494
-2.17,0.165
-2.1,2.416
-2.302,-0.033
-2.295,1.055
-2.412,2.838
-2.294,3.722
-2.353,0.752
-2.536,3.137
-2.465,1.999
-2.492,3.277
-2.487,1.699
-2.627,2.335
-2.663,0.015
-2.684,1.998
-2.617,1.058
-2.801,1.012
-2.702,2.091
-2.75,1.168
-2.969,1.154
3.107,2.442
-3.09,3.671
3.041,1.345
3.024,0.656
3.084,2.346
3.046,0.802
2.892,0.974
2.887,3.557
2.728,1.725
2.827,1.794
2.673,3.796
2.702,3.164
2.525,3.048
2.631,2.434
2.426,3.59
2.442,2.225
2.315,0.756
2.31,0.692
2.157,1.964
2.265,0.556
2.1,2.154
2.227,0.771
2.17,3.632
2.104,0.796
2.123,0.121
1.945,3.133
2.071,1.344
2.004,2.266
1.982,3.466
1.978,-0.243
1.826,1.112
1.898,2.238
1.78,2.707
1.839,3.344
1.652,3.316
1.75,2.537
1.633,0.506
1.624,2.263
1.426,2.48
1.421,1.803
1.487,1.395
1.47,0.955
1.325,3.469
1.422,0.95
1.3,-0.141
1.257,-0.038
1.241,2.728
1.108,2.695
1.03,2.05
1.045,1.754
1.033,3.725
0.806,2.917
0.933,3.251
0.591,2.162
0.686,0.679
0.56,0.57
0.509,1.279
0.411,-0.204
0.353,0.675
0.294,2.197
0.155,0.576
0.13,0.692
0.136,1.722
-0.024,1.963
0.102,1.158
0.053,2.522
-0.007,0.97
-0.049,1.093
-0.164,2.649
-0.332,1.396
-1.197,-0.522
-1.179,-0.43
-1.412,-0.517
-2.414,-0.69
-2.484,-0.254
-2.634,-0.526
2.917,-0.436
2.838,-0.317
2.369,-0.763
2.243,-0.494
1.369,-0.411
1.192,-0.596
0.948,-0.628
0.868,-0.345
0.362,-0.619
0.441,-0.58
0.453,-0.549
-0.028,-0.642
-0.146,-0.472
-0.302,-0.615
-0.478,3.782
-0.884,3.892
-2.345,3.79
-2.755,3.821
-2.994,3.794
-2.862,3.905
-3.098,3.865
2.548,3.833
1.956,3.906
2.08,3.876
1.631,3.848
0.461,3.603
-0.792,3.227
-2.45,0.924
-0.257,0.54
-2.966,2.395
3.016,2.885
2.811,0.716
2.129,0.754
2.047,1.577
1.593,2.898
1.13,1.91
0.452,3.292
0.383,2.978
0.244,3.098
0.137,2.621
-0.662,0.804
2.11,1.647
1.29,2.142
0.462,1.438
0.351,1.185
-1.777,-0.238
3.079,-0.183
0.171,3.443
-0.244,3.511
0.027,-0.65
0.005,0.258
0.0,0.844
-0.019,0.604
0.011,0.012
-0.056,-1.245
-0.058,-1.374
-0.001,1.438
-0.005,0.807
-0.089,-1.223
-0.115,-0.784
-0.103,-0.432
-0.094,0.03
-0.248,0.419
-0.197,-0.902
-0.543,-2.635
-0.627,-2.791
-0.665,-2.624
-1.121,-2.649
-1.318,-2.637
-1.544,-2.741
-1.975,-2.685
-2.099,-2.666
-2.418,-2.854
-2.46,-2.713
2.899,-2.73
2.831,-2.585
2.507,-2.548
2.214,-3.006
2.041,-2.922
2.065,-2.918
1.06,-2.751
0.46,-2.931
0.203,-2.693
-0.188,-2.693
-0.475,1.479
-0.634,1.487
-0.889,1.633
-0.942,1.604
-1.075,1.488
-2.528,1.442
-2.926,1.526
-3.025,1.542
2.152,1.657
1.572,1.632
1.164,1.615
0.954,1.681
0.246,1.411
0.033,1.645
-1.039,1.173
-2.361,-0.96
3.046,-0.245
1.995,-1.458
1.632,0.739
0.697,0.437
0.033,0.21
-0.654,-2.795
2.539,1.512
-0.227,1.091
-0.348,-2.217
-0.328,-1.495
-0.516,-1.329
-0.545,-2.303
-0.508,-1.371
-0.56,-0.14
-0.572,-0.841
-0.646,-1.638
-0.853,-0.292
-0.797,1.195
-0.822,-0.948
-0.951,-0.406
-0.972,1.047
-0.997,1.344
-1.005,1.199
-0.953,-0.251
-1.16,1.235
-1.139,1.07
-1.4,1.286
-1.317,-1.19
-1.434,-0.438
-1.61,-0.631
-1.607,-1.625
-1.497,-0.967
-1.635,-2.02
-1.546,-2.458
-1.803,1.13
-1.936,-0.111
-2.1,1.181
-1.982,-0.198
-1.996,0.194
-2.135,-2.135
-2.065,0.116
-2.267,-2.333
-2.26,-1.245
-2.377,0.538
-2.259,1.422
-2.318,-1.548
-2.501,0.837
-2.43,-0.301
-2.457,0.977
-2.452,-0.601
-2.592,0.035
-2.628,-2.285
-2.649,-0.302
-2.582,-1.242
-2.766,-1.288
-2.667,-0.209
-2.715,-1.132
-2.934,-1.146
-3.141,0.142
-3.055,1.371
3.076,-0.955
3.059,-1.644
3.119,0.046
3.081,-1.498
2.927,-1.326
2.922,1.257
2.763,-0.575
2.862,-0.506
2.708,1.496
2.737,0.864
2.56,0.748
2.666,0.134
2.461,1.29
2.477,-0.075
2.35,-1.544
2.345,-1.608
2.192,-0.336
2.3,-1.744
2.135,-0.146
2.262,-1.529
2.205,1.332
2.139,-1.504
2.158,-2.179
1.98,0.833
2.106,-0.956
2.039,-0.034
2.017,1.166
2.013,-2.543
1.861,-1.188
1.933,-0.062
1.815,0.407
1.874,1.044
1.687,1.016
1.785,0.237
1.668,-1.794
1.659,-0.037
1.461,0.18
1.456,-0.497
1.522,-0.905
1.505,-1.345
1.36,1.169
1.457,-1.35
1.335,-2.441
1.292,-2.338
1.276,0.428
1.143,0.395
1.065,-0.25
1.08,-0.546
1.068,1.425
0.841,0.617
0.968,0.951
0.626,-0.138
0.721,-1.621
0.595,-1.73
0.544,-1.021
0.446,-2.504
0.388,-1.625
0.329,-0.103
0.19,-1.724
0.165,-1.608
0.171,-0.578
0.011,-0.337
0.137,-1.142
0.088,0.222
0.028,-1.33
-0.014,-1.207
-0.129,0.349
-0.297,-0.904
-1.162,-2.822
-1.144,-2.73
-1.377,-2.817
-2.379,-2.99
-2.449,-2.554
-2.599,-2.826
2.952,-2.736
2.873,-2.617
2.404,-3.063
2.278,-2.794
1.404,-2.711
1.227,-2.896
0.983,-2.928
0.903,-2.645
0.397,-2.919
0.476,-2.88
0.488,-2.849
0.007,-2.942
-0.111,-2.772
-0.267,-2.915
-0.443,1.482
-0.849,1.592
-2.31,1.49
-2.72,1.521
-2.959,1.494
-2.827,1.605
-3.063,1.565
2.583,1.533
1.991,1.606
2.115,1.576
1.666,1.548
0.496,1.303
-0.757,0.927
-2.415,-1.376
-0.222,-1.76
-2.931,0.095
3.051,0.585
2.846,-1.584
2.164,-1.546
2.082,-0.723
1.628,0.598
1.165,-0.39
0.487,0.992
0.418,0.678
0.279,0.798
0.172,0.321
-0.627,-1.496
2.145,-0.653
1.325,-0.158
0.497,-0.862
0.386,-1.115
-1.742,-2.538
3.114,-2.483
0.206,1.143
-0.209,1.211
-0.022,0.908
-0.027,1.494
-0.046,1.254
-0.016,0.662
-0.083,-0.595
-0.085,-0.724
-0.028,2.088
-0.032,1.457
-0.116,-0.573
-0.142,-0.134
-0.13,0.218
-0.121,0.68
-0.275,1.069
-0.224,-0.252
-0.57,-1.985
-0.654,-2.141
-0.692,-1.974
-1.148,-1.999
-1.345,-1.987
-1.571,-2.091
-2.002,-2.035
-2.126,-2.016
-2.445,-2.204
-2.487,-2.063
2.872,-2.08
2.804,-1.935
2.48,-1.898
2.187,-2.356
2.014,-2.272
2.038,-2.268
1.033,-2.101
0.433,-2.281
0.176,-2.043
-0.215,-2.043
-0.502,2.129
-0.661,2.137
-0.916,2.283
-0.969,2.254
-1.102,2.138
-2.555,2.092
-2.953,2.176
-3.052,2.192
2.125,2.307
1.545,2.282
1.137,2.265
0.927,2.331
0.219,2.061
0.006,2.295
-1.066,1.823
-2.388,-0.31
3.019,0.405
1.968,-0.808
1.605,1.389
0.67,1.087
0.006,0.86
-0.681,-2.145
2.512,2.162
-0.254,1.741
-0.375,-1.567
-0.355,-0.845
-0.543,-0.679
-0.572,-1.653
-0.535,-0.721
-0.587,0.51
-0.599,-0.191
-0.673,-0.988
-0.88,0.358
-0.824,1.845
-0.849,-0.298
-0.978,0.244
-0.999,1.697
-1.024,1.994
-1.032,1.849
-0.98,0.399
-1.187,1.885
-1.166,1.72
-1.427,1.936
-1.344,-0.54
-1.461,0.212
-1.637,0.019
-1.634,-0.975
-1.524,-0.317
-1.662,-1.37
-1.573,-1.808
-1.83,1.78
-1.963,0.539
-2.127,1.831
-2.009,0.452
-2.023,0.844
-2.162,-1.485
-2.092,0.766
-2.294,-1.683
-2.287,-0.595
-2.404,1.188
-2.286,2.072
-2.345,-0.898
-2.528,1.487
-2.457,0.349
-2.484,1.627
-2.479,0.049
-2.619,0.685
-2.655,-1.635
-2.676,0.348
-2.609,-0.592
-2.793,-0.638
-2.694,0.441
-2.742,-0.482
-2.961,-0.496
3.115,0.792
-3.082,2.021
3.049,-0.305
3.032,-0.994
3.092,0.696
3.054,-0.848
2.9,-0.676
2.895,1.907
2.736,0.075
2.835,0.144
2.681,2.146
2.71,1.514
2.533,1.398
2.639,0.784
2.434,1.94
2.45,0.575
2.323,-0.894
2.318,-0.958
2.165,0.314
2.273,-1.094
2.108,0.504
2.235,-0.879
2.178,1.982
2.112,-0.854
2.131,-1.529
1.953,1.483
2.079,-0.306
2.012,0.616
1.99,1.816
1.986,-1.893
1.834,-0.538
1.906,0.588
1.788,1.057
1.847,1.694
1.66,1.666
1.758,0.887
1.641,-1.144
1.632,0.613
1.434,0.83
1.429,0.153
1.495,-0.255
1.478,-0.695
1.333,1.819
1.43,-0.7
1.308,-1.791
1.265,-1.688
1.249,1.078
1.116,1.045
1.038,0.4
1.053,0.104
1.041,2.075
0.814,1.267
0.941,1.601
0.599,0.512
0.694,-0.971
0.568,-1.08
0.517,-0.371
0.419,-1.854
0.361,-0.975
0.302,0.547
0.163,-1.074
0.138,-0.958
0.144,0.072
-0.016,0.313
0.11,-0.492
0.061,0.872
0.001,-0.68
-0.041,-0.557
-0.156,0.999
-0.324,-0.254
-1.189,-2.172
-1.171,-2.08
-1.404,-2.167
-2.406,-2.34
-2.476,-1.904
-2.626,-2.176
2.925,-2.086
2.846,-1.967
2.377,-2.413
2.251,-2.144
1.377,-2.061
1.2,-2.246
0.956,-2.278
0.876,-1.995
0.37,-2.269
0.449,-2.23
0.461,-2.199
-0.02,-2.292
-0.138,-2.122
-0.294,-2.265
-0.47,2.132
-0.876,2.242
-2.337,2.14
-2.747,2.171
-2.986,2.144
-2.854,2.255
-3.09,2.215
2.556,2.183
1.964,2.256
2.088,2.226
1.639,2.198
0.469,1.953
-0.784,1.577
-2.442,-0.726
-0.249,-1.11
-2.958,0.745
3.024,1.235
2.819,-0.934
2.137,-0.896
2.055,-0.073
1.601,1.248
1.138,0.26
0.46,1.642
0.391,1.328
0.252,1.448
0.145,0.971
-0.654,-0.846
2.118,-0.003
1.298,0.492
0.47,-0.212
0.359,-0.465
-1.769,-1.888
3.087,-1.833
0.179,1.793
-0.236,1.861
-0.005,0.586
-0.024,0.346
0.006,-0.246
-0.061,-1.503
-0.063,-1.632
-0.006,1.18
-0.01,0.549
-0.094,-1.481
-0.12,-1.042
-0.108,-0.69
-0.099,-0.228
-0.253,0.161
-0.202,-1.16
-0.548,-2.893
-0.632,-3.049
-0.67,-2.882
-1.126,-2.907
-1.323,-2.895
-1.549,-2.999
-1.98,-2.943
-2.104,-2.924
-2.423,-3.112
-2.465,-2.971
2.894,-2.988
2.826,-2.843
2.502,-2.806
2.209,-3.264
2.036,-3.18
2.06,-3.176
1.055,-3.009
0.455,-3.189
0.198,-2.951
-0.193,-2.951
-0.48,1.221
-0.639,1.229
-0.894,1.375
-0.947,1.346
-1.08,1.23
-2.533,1.184
-2.931,1.268
-3.03,1.284
2.147,1.399
1.567,1.374
1.159,1.357
0.949,1.423
0.241,1.153
0.028,1.387
-1.044,0.915
-2.366,-1.218
3.041,-0.503
1.99,-1.716
1.627,0.481
0.692,0.179
0.028,-0.048
-0.659,-3.053
2.534,1.254
-0.232,0.833
-0.353,-2.475
-0.333,-1.753
-0.521,-1.587
-0.55,-2.561
-0.513,-1.629
-0.565,-0.398
-0.577,-1.099
-0.651,-1.896
-0.858,-0.55
-0.802,0.937
-0.827,-1.206
-0.956,-0.664
-0.977,0.789
-1.002,1.086
-1.01,0.941
-0.958,-0.509
-1.165,0.977
-1.144,0.812
-1.405,1.028
-1.322,-1.448
-1.439,-0.696
-1.615,-0.889
-1.612,-1.883
-1.502,-1.225
-1.64,-2.278
-1.551,-2.716
-1.808,0.872
-1.941,-0.369
-2.105,0.923
-1.987,-0.456
-2.001,-0.064
-2.14,-2.393
-2.07,-0.142
-2.272,-2.591
-2.265,-1.503
-2.382,0.28
-2.264,1.164
-2.323,-1.806
-2.506,0.579
-2.435,-0.559
-2.462,0.719
-2.457,-0.859
-2.597,-0.223
-2.633,-2.543
-2.654,-0.56
-2.587,-1.5
-2.771,-1.546
-2.672,-0.467
-2.72,-1.39
-2.939,-1.404
3.137,-0.116
-3.06,1.113
3.071,-1.213
3.054,-1.902
3.114,-0.212
3.076,-1.756
2.922,-1.584
2.917,0.999
2.758,-0.833
2.857,-0.764
2.703,1.238
2.732,0.606
2.555,0.49
2.661,-0.124
2.456,1.032
2.472,-0.333
2.345,-1.802
2.34,-1.866
2.187,-0.594
2.295,-2.002
2.13,-0.404
2.257,-1.787
2.2,1.074
2.134,-1.762
2.153,-2.437
1.975,0.575
2.101,-1.214
2.034,-0.292
2.012,0.908
2.008,-2.801
1.856,-1.446
1.928,-0.32
1.81,0.149
1.869,0.786
1.682,0.758
1.78,-0.021
1.663,-2.052
1.654,-0.295
1.456,-0.078
1.451,-0.755
1.517,-1.163
1.5,-1.603
1.355,0.911
1.452,-1.608
1.33,-2.699
1.287,-2.596
1.271,0.17
1.138,0.137
1.06,-0.508
1.075,-0.804
1.063,1.167
0.836,0.359
0.963,0.693
0.621,-0.396
0.716,-1.879
0.59,-1.988
0.539,-1.279
0.441,-2.762
0.383,-1.883
0.324,-0.361
0.185,-1.982
0.16,-1.866
0.166,-0.836
0.006,-0.595
0.132,-1.4
0.083,-0.036
0.023,-1.588
-0.019,-1.465
-0.134,0.091
-0.302,-1.162
-1.167,-3.08
-1.149,-2.988
-1.382,-3.075
-2.384,-3.248
-2.454,-2.812
-2.604,-3.084
2.947,-2.994
2.868,-2.875
2.399,-3.321
2.273,-3.052
1.399,-2.969
1.222,-3.154
0.978,-3.186
0.898,-2.903
0.392,-3.177
0.471,-3.138
0.483,-3.107
0.002,-3.2
-0.116,-3.03
-0.272,-3.173
-0.448,1.224
-0.854,1.334
-2.315,1.232
-2.725,1.263
-2.964,1.236
-2.832,1.347
-3.068,1.307
2.578,1.275
1.986,1.348
2.11,1.318
1.661,1.29
0.491,1.045
-0.762,0.669
-2.42,-1.634
-0.227,-2.018
-2.936,-0.163
3.046,0.327
2.841,-1.842
2.159,-1.804
2.077,-0.981
1.623,0.34
1.16,-0.648
0.482,0.734
0.413,0.42
0.274,0.54
0.167,0.063
-0.632,-1.754
2.14,-0.911
1.32,-0.416
0.492,-1.12
0.381,-1.373
-1.747,-2.796
3.109,-2.741
0.201,0.885
-0.214,0.953
-0.019,-0.24
0.011,-0.832
-0.056,-2.089
-0.058,-2.218
-0.001,0.594
-0.005,-0.037
-0.089,-2.067
-0.115,-1.628
-0.103,-1.276
-0.094,-0.814
-0.248,-0.425
-0.197,-1.746
-0.543,-3.479
-0.627,-3.635
-0.665,-3.468
-1.121,-3.493
-1.318,-3.481
-1.544,-3.585
-1.975,-3.529
-2.099,-3.51
-2.418,-3.698
-2.46,-3.557
2.899,-3.574
2.831,-3.429
2.507,-3.392
2.214,-3.85
2.041,-3.766
2.065,-3.762
1.06,-3.595
0.46,-3.775
0.203,-3.537
-0.188,-3.537
-0.475,0.635
-0.634,0.643
-0.889,0.789
-0.942,0.76
-1.075,0.644
-2.528,0.598
-2.926,0.682
-3.025,0.698
2.152,0.813
1.572,0.788
1.164,0.771
0.954,0.837
0.246,0.567
0.033,0.801
-1.039,0.329
-2.361,-1.804
3.046,-1.089
1.995,-2.302
1.632,-0.105
0.697,-0.407
0.033,-0.634
-0.654,-3.639
2.539,0.668
-0.227,0.247
-0.348,-3.061
-0.328,-2.339
-0.516,-2.173
-0.545,-3.147
-0.508,-2.215
-0.56,-0.984
-0.572,-1.685
-0.646,-2.482
-0.853,-1.136
-0.797,0.351
-0.822,-1.792
-0.951,-1.25
-0.972,0.203
-0.997,0.5
-1.005,0.355
-0.953,-1.095
-1.16,0.391
-1.139,0.226
-1.4,0.442
-1.317,-2.034
-1.434,-1.282
-1.61,-1.475
-1.607,-2.469
-1.497,-1.811
-1.635,-2.864
-1.546,-3.302
-1.803,0.286
-1.936,-0.955
-2.1,0.337
-1.982,-1.042
-1.996,-0.65
-2.135,-2.979
-2.065,-0.728
-2.267,-3.177
-2.26,-2.089
-2.377,-0.306
-2.259,0.578
-2.318,-2.392
-2.501,-0.007
-2.43,-1.145
-2.457,0.133
-2.452,-1.445
-2.592,-0.809
-2.628,-3.129
-2.649,-1.146
-2.582,-2.086
-2.766,-2.132
-2.667,-1.053
-2.715,-1.976
-2.934,-1.99
-3.141,-0.702
-3.055,0.527
3.076,-1.799
3.059,-2.488
3.119,-0.798
3.081,-2.342
2.927,-2.17
2.922,0.413
2.763,-1.419
2.862,-1.35
2.708,0.652
2.737,0.02
2.56,-0.096
2.666,-0.71
2.461,0.446
2.477,-0.919
2.35,-2.388
2.345,-2.452
2.192,-1.18
2.3,-2.588
2.135,-0.99
2.262,-2.373
2.205,0.488
2.139,-2.348
2.158,-3.023
1.98,-0.011
2.106,-1.8
2.039,-0.878
2.017,0.322
2.013,-3.387
1.861,-2.032
1.933,-0.906
1.815,-0.437
1.874,0.2
1.687,0.172
1.785,-0.607
1.668,-2.638
1.659,-0.881
1.461,-0.664
1.456,-1.341
1.522,-1.749
1.505,-2.189
1.36,0.325
1.457,-2.194
1.335,-3.285
1.292,-3.182
1.276,-0.416
1.143,-0.449
1.065,-1.094
1.08,-1.39
1.068,0.581
0.841,-0.227
0.968,0.107
0.626,-0.982
0.721,-2.465
0.595,-2.574
0.544,-1.865
0.446,-3.348
0.388,-2.469
0.329,-0.947
0.19,-2.568
0.165,-2.452
0.171,-1.422
0.011,-1.181
0.137,-1.986
0.088,-0.622
0.028,-2.174
-0.014,-2.051
-0.129,-0.495
-0.297,-1.748
-1.162,-3.666
-1.144,-3.574
-1.377,-3.661
-2.379,-3.834
-2.449,-3.398
-2.599,-3.67
2.952,-3.58
2.873,-3.461
2.404,-3.907
2.278,-3.638
1.404,-3.555
1.227,-3.74
0.983,-3.772
0.903,-3.489
0.397,-3.763
0.476,-3.724
0.488,-3.693
0.007,-3.786
-0.111,-3.616
-0.267,-3.759
-0.443,0.638
-0.849,0.748
-2.31,0.646
-2.72,0.677
-2.959,0.65
-2.827,0.761
-3.063,0.721
2.583,0.689
1.991,0.762
2.115,0.732
1.666,0.704
0.496,0.459
-0.757,0.083
-2.415,-2.22
-0.222,-2.604
-2.931,-0.749
3.051,-0.259
2.846,-2.428
2.164,-2.39
2.082,-1.567
1.628,-0.246
1.165,-1.234
0.487,0.148
0.418,-0.166
0.279,-0.046
0.172,-0.523
-0.627,-2.34
2.145,-1.497
1.325,-1.002
0.497,-1.706
0.386,-1.959
-1.742,-3.382
3.114,-3.327
0.206,0.299
-0.209,0.367
0.03,-0.592
-0.037,-1.849
-0.039,-1.978
0.018,0.834
0.014,0.203
-0.07,-1.827
-0.096,-1.388
-0.084,-1.036
-0.075,-0.574
-0.229,-0.185
-0.178,-1.506
-0.524,-3.239
-0.608,-3.395
-0.646,-3.228
-1.102,-3.253
-1.299,-3.241
-1.525,-3.345
-1.956,-3.289
-2.08,-3.27
-2.399,-3.458
-2.441,-3.317
2.918,-3.334
2.85,-3.189
2.526,-3.152
2.233,-3.61
2.06,-3.526
2.084,-3.522
1.079,-3.355
0.479,-3.535
0.222,-3.297
-0.169,-3.297
-0.456,0.875
-0.615,0.883
-0.87,1.029
-0.923,1.0
-1.056,0.884
-2.509,0.838
-2.907,0.922
-3.006,0.938
2.171,1.053
1.591,1.028
1.183,1.011
0.973,1.077
0.265,0.807
0.052,1.041
-1.02,0.569
-2.342,-1.564
3.065,-0.849
2.014,-2.062
1.651,0.135
0.716,-0.167
0.052,-0.394
-0.635,-3.399
2.558,0.908
-0.208,0.487
-0.329,-2.821
-0.309,-2.099
-0.497,-1.933
-0.526,-2.907
-0.489,-1.975
-0.541,-0.744
-0.553,-1.445
-0.627,-2.242
-0.834,-0.896
-0.778,0.591
-0.803,-1.552
-0.932,-1.01
-0.953,0.443
-0.978,0.74
-0.986,0.595
-0.934,-0.855
-1.141,0.631
-1.12,0.466
-1.381,0.682
-1.298,-1.794
-1.415,-1.042
-1.591,-1.235
-1.588,-2.229
-1.478,-1.571
-1.616,-2.624
-1.527,-3.062
-1.784,0.526
-1.917,-0.715
-2.081,0.577
-1.963,-0.802
-1.977,-0.41
-2.116,-2.739
-2.046,-0.488
-2.248,-2.937
-2.241,-1.849
-2.358,-0.066
-2.24,0.818
-2.299,-2.152
-2.482,0.233
-2.411,-0.905
-2.438,0.373
-2.433,-1.205
-2.573,-0.569
-2.609,-2.889
-2.63,-0.906
-2.563,-1.846
-2.747,-1.892
-2.648,-0.813
-2.696,-1.736
-2.915,-1.75
-3.122,-0.462
-3.036,0.767
3.095,-1.559
3.078,-2.248
3.138,-0.558
3.1,-2.102
2.946,-1.93
2.941,0.653
2.782,-1.179
2.881,-1.11
2.727,0.892
2.756,0.26
2.579,0.144
2.685,-0.47
2.48,0.686
2.496,-0.679
2.369,-2.148
2.364,-2.212
2.211,-0.94
2.319,-2.348
2.154,-0.75
2.281,-2.133
2.224,0.728
2.158,-2.108
2.177,-2.783
1.999,0.229
2.125,-1.56
2.058,-0.638
2.036,0.562
2.032,-3.147
1.88,-1.792
1.952,-0.666
1.834,-0.197
1.893,0.44
1.706,0.412
1.804,-0.367
1.687,-2.398
1.678,-0.641
1.48,-0.424
1.475,-1.101
1.541,-1.509
1.524,-1.949
1.379,0.565
1.476,-1.954
1.354,-3.045
1.311,-2.942
1.295,-0.176
1.162,-0.209
1.084,-0.854
1.099,-1.15
1.087,0.821
0.86,0.013
0.987,0.347
0.645,-0.742
0.74,-2.225
0.614,-2.334
0.563,-1.625
0.465,-3.108
0.407,-2.229
0.348,-0.707
0.209,-2.328
0.184,-2.212
0.19,-1.182
0.03,-0.941
0.156,-1.746
0.107,-0.382
0.047,-1.934
0.005,-1.811
-0.11,-0.255
-0.278,-1.508
-1.143,-3.426
-1.125,-3.334
-1.358,-3.421
-2.36,-3.594
-2.43,-3.158
-2.58,-3.43
2.971,-3.34
2.892,-3.221
2.423,-3.667
2.297,-3.398
1.423,-3.315
1.246,-3.5
1.002,-3.532
0.922,-3.249
0.416,-3.523
0.495,-3.484
0.507,-3.453
0.026,-3.546
-0.092,-3.376
-0.248,-3.519
-0.424,0.878
-0.83,0.988
-2.291,0.886
-2.701,0.917
-2.94,0.89
-2.808,1.001
-3.044,0.961
2.602,0.929
2.01,1.002
2.134,0.972
1.685,0.944
0.515,0.699
-0.738,0.323
-2.396,-1.98
-0.203,-2.364
-2.912,-0.509
3.07,-0.019
2.865,-2.188
2.183,-2.15
2.101,-1.327
1.647,-0.006
1.184,-0.994
0.506,0.388
0.437,0.074
0.298,0.194
0.191,-0.283
-0.608,-2.1
2.164,-1.257
1.344,-0.762
0.516,-1.466
0.405,-1.719
-1.723,-3.142
3.133,-3.087
0.225,0.539
-0.19,0.607
-0.067,-1.257
-0.069,-1.386
-0.012,1.426
-0.016,0.795
-0.1,-1.235
-0.126,-0.796
-0.114,-0.444
-0.105,0.018
-0.259,0.407
-0.208,-0.914
-0.554,-2.647
-0.638,-2.803
-0.676,-2.636
-1.132,-2.661
-1.329,-2.649
-1.555,-2.753
-1.986,-2.697
-2.11,-2.678
-2.429,-2.866
-2.471,-2.725
2.888,-2.742
2.82,-2.597
2.496,-2.56
2.203,-3.018
2.03,-2.934
2.054,-2.93
1.049,-2.763
0.449,-2.943
0.192,-2.705
-0.199,-2.705
-0.486,1.467
-0.645,1.475
-0.9,1.621
-0.953,1.592
-1.086,1.476
-2.539,1.43
-2.937,1.514
-3.036,1.53
2.141,1.645
1.561,1.62
1.153,1.603
0.943,1.669
0.235,1.399
0.022,1.633
-1.05,1.161
-2.372,-0.972
3.035,-0.257
1.984,-1.47
1.621,0.727
0.686,0.425
0.022,0.198
-0.665,-2.807
2.528,1.5
-0.238,1.079
-0.359,-2.229
-0.339,-1.507
-0.527,-1.341
-0.556,-2.315
-0.519,-1.383
-0.571,-0.152
-0.583,-0.853
-0.657,-1.65
-0.864,-0.304
-0.808,1.183
-0.833,-0.96
-0.962,-0.418
-0.983,1.035
-1.008,1.332
-1.016,1.187
-0.964,-0.263
-1.171,1.223
-1.15,1.058
-1.411,1.274
-1.328,-1.202
-1.445,-0.45
-1.621,-0.643
-1.618,-1.637
-1.508,-0.979
-1.646,-2.032
-1.557,-2.47
-1.814,1.118
-1.947,-0.123
-2.111,1.169
-1.993,-0.21
-2.007,0.182
-2.146,-2.147
-2.076,0.104
-2.278,-2.345
-2.271,-1.257
-2.388,0.526
-2.27,1.41
-2.329,-1.56
-2.512,0.825
-2.441,-0.313
-2.468,0.965
-2.463,-0.613
-2.603,0.023
-2.639,-2.297
-2.66,-0.314
-2.593,-1.254
-2.777,-1.3
-2.678,-0.221
-2.726,-1.144
-2.945,-1.158
3.131,0.13
-3.066,1.359
3.065,-0.967
3.048,-1.656
3.108,0.034
3.07,-1.51
2.916,-1.338
2.911,1.245
2.752,-0.587
2.851,-0.518
2.697,1.484
2.726,0.852
2.549,0.736
2.655,0.122
2.45,1.278
2.466,-0.087
2.339,-1.556
2.334,-1.62
2.181,-0.348
2.289,-1.756
2.124,-0.158
2.251,-1.541
2.194,1.32
2.128,-1.516
2.147,-2.191
1.969,0.821
2.095,-0.968
2.028,-0.046
2.006,1.154
2.002,-2.555
1.85,-1.2
1.922,-0.074
1.804,0.395
1.863,1.032
1.676,1.004
1.774,0.225
1.657,-1.806
1.648,-0.049
1.45,0.168
1.445,-0.509
1.511,-0.917
1.494,-1.357
1.349,1.157
1.446,-1.362
1.324,-2.453
1.281,-2.35
1.265,0.416
1.132,0.383
1.054,-0.262
1.069,-0.558
1.057,1.413
0.83,0.605
0.957,0.939
0.615,-0.15
0.71,-1.633
0.584,-1.742
0.533,-1.033
0.435,-2.516
0.377,-1.637
0.318,-0.115
0.179,-1.736
0.154,-1.62
0.16,-0.59
0.0,-0.349
0.126,-1.154
0.077,0.21
0.017,-1.342
-0.025,-1.219
-0.14,0.337
-0.308,-0.916
-1.173,-2.834
-1.155,-2.742
-1.388,-2.829
-2.39,-3.002
-2.46,-2.566
-2.61,-2.838
2.941,-2.748
2.862,-2.629
2.393,-3.075
2.267,-2.806
1.393,-2.723
1.216,-2.908
0.972,-2.94
0.892,-2.657
0.386,-2.931
0.465,-2.892
0.477,-2.861
-0.004,-2.954
-0.122,-2.784
-0.278,-2.927
-0.454,1.47
-0.86,1.58
-2.321,1.478
-2.731,1.509
-2.97,1.482
-2.838,1.593
-3.074,1.553
2.572,1.521
1.98,1.594
2.104,1.564
1.655,1.536
0.485,1.291
-0.768,0.915
-2.426,-1.388
-0.233,-1.772
-2.942,0.083
3.04,0.573
2.835,-1.596
2.153,-1.558
2.071,-0.735
1.617,0.586
1.154,-0.402
0.476,0.98
0.407,0.666
0.268,0.786
0.161,0.309
-0.638,-1.508
2.134,-0.665
1.314,-0.17
0.486,-0.874
0.375,-1.127
-1.753,-2.55
3.103,-2.495
0.195,1.131
-0.22,1.199
-0.002,-0.129
0.055,2.683
0.051,2.052
-0.033,0.022
-0.059,0.461
-0.047,0.813
-0.038,1.275
-0.192,1.664
-0.141,0.343
-0.487,-1.39
-0.571,-1.546
-0.609,-1.379
-1.065,-1.404
-1.262,-1.392
-1.488,-1.496
-1.919,-1.44
-2.043,-1.421
-2.362,-1.609
-2.404,-1.468
2.955,-1.485
2.887,-1.34
2.563,-1.303
2.27,-1.761
2.097,-1.677
2.121,-1.673
1.116,-1.506
0.516,-1.686
0.259,-1.448
-0.132,-1.448
-0.419,2.724
-0.578,2.732
-0.833,2.878
-0.886,2.849
-1.019,2.733
-2.472,2.687
-2.87,2.771
-2.969,2.787
2.208,2.902
1.628,2.877
1.22,2.86
1.01,2.926
0.302,2.656
0.089,2.89
-0.983,2.418
-2.305,0.285
3.102,1.0
2.051,-0.213
1.688,1.984
0.753,1.682
0.089,1.455
-0.598,-1.55
2.595,2.757
-0.171,2.336
-0.292,-0.972
-0.272,-0.25
-0.46,-0.084
-0.489,-1.058
-0.452,-0.126
-0.504,1.105
-0.516,0.404
-0.59,-0.393
-0.797,0.953
-0.741,2.44
-0.766,0.297
-0.895,0.839
-0.916,2.292
-0.941,2.589
-0.949,2.444
-0.897,0.994
-1.104,2.48
-1.083,2.315
-1.344,2.531
-1.261,0.055
-1.378,0.807
-1.554,0.614
-1.551,-0.38
-1.441,0.278
-1.579,-0.775
-1.49,-1.213
-1.747,2.375
-1.88,1.134
-2.044,2.426
-1.926,1.047
-1.94,1.439
-2.079,-0.89
-2.009,1.361
-2.211,-1.088
-2.204,0.0
-2.321,1.783
-2.203,2.667
-2.262,-0.303
-2.445,2.082
-2.374,0.944
-2.401,2.222
-2.396,0.644
-2.536,1.28
-2.572,-1.04
-2.593,0.943
-2.526,0.003
-2.71,-0.043
-2.611,1.036
-2.659,0.113
-2.878,0.099
-3.085,1.387
-2.999,2.616
3.132,0.29
3.115,-0.399
-3.108,1.291
3.137,-0.253
2.983,-0.081
2.978,2.502
2.819,0.67
2.918,0.739
2.764,2.741
2.793,2.109
2.616,1.993
2.722,1.379
2.517,2.535
2.533,1.17
2.406,-0.299
2.401,-0.363
2.248,0.909
2.356,-0.499
2.191,1.099
2.318,-0.284
2.261,2.577
2.195,-0.259
2.214,-0.934
2.036,2.078
2.162,0.289
2.095,1.211
2.073,2.411
2.069,-1.298
1.917,0.057
1.989,1.183
1.871,1.652
1.93,2.289
1.743,2.261
1.841,1.482
1.724,-0.549
1.715,1.208
1.517,1.425
1.512,0.748
1.578,0.34
1.561,-0.1
1.416,2.414
1.513,-0.105
1.391,-1.196
1.348,-1.093
1.332,1.673
1.199,1.64
1.121,0.995
1.136,0.699
1.124,2.67
0.897,1.862
1.024,2.196
0.682,1.107
0.777,-0.376
0.651,-0.485
0.6,0.224
0.502,-1.259
0.444,-0.38
0.385,1.142
0.246,-0.479
0.221,-0.363
0.227,0.667
0.067,0.908
0.193,0.103
0.144,1.467
0.084,-0.085
0.042,0.038
-0.073,1.594
-0.241,0.341
-1.106,-1.577
-1.088,-1.485
-1.321,-1.572
-2.323,-1.745
-2.393,-1.309
-2.543,-1.581
3.008,-1.491
2.929,-1.372
2.46,-1.818
2.334,-1.549
1.46,-1.466
1.283,-1.651
1.039,-1.683
0.959,-1.4
0.453,-1.674
0.532,-1.635
0.544,-1.604
0.063,-1.697
-0.055,-1.527
-0.211,-1.67
-0.387,2.727
-0.793,2.837
-2.254,2.735
-2.664,2.766
-2.903,2.739
-2.771,2.85
-3.007,2.81
2.639,2.778
2.047,2.851
2.171,2.821
1.722,2.793
0.552,2.548
-0.701,2.172
-2.359,-0.131
-0.166,-0.515
-2.875,1.34
3.107,1.83
2.902,-0.339
2.22,-0.301
2.138,0.522
1.684,1.843
1.221,0.855
0.543,2.237
0.474,1.923
0.335,2.043
0.228,1.566
-0.571,-0.251
2.201,0.592
1.381,1.087
0.553,0.383
0.442,0.13
-1.686,-1.293
-3.113,-1.238
0.262,2.388
-0.153,2.456
0.057,2.812
0.053,2.181
-0.031,0.151
-0.057,0.59
-0.045,0.942
-0.036,1.404
-0.19,1.793
-0.139,0.472
-0.485,-1.261
-0.569,-1.417
-0.607,-1.25
-1.063,-1.275
-1.26,-1.263
-1.486,-1.367
-1.917,-1.311
-2.041,-1.292
-2.36,-1.48
-2.402,-1.339
2.957,-1.356
2.889,-1.211
2.565,-1.174
2.272,-1.632
2.099,-1.548
2.123,-1.544
1.118,-1.377
0.518,-1.557
0.261,-1.319
-0.13,-1.319
-0.417,2.853
-0.576,2.861
-0.831,3.007
-0.884,2.978
-1.017,2.862
-2.47,2.816
-2.868,2.9
-2.967,2.916
2.21,3.031
1.63,3.006
1.222,2.989
1.012,3.055
0.304,2.785
0.091,3.019
-0.981,2.547
-2.303,0.414
3.104,1.129
2.053,-0.084
1.69,2.113
0.755,1.811
0.091,1.584
-0.596,-1.421
2.597,2.886
-0.169,2.465
-0.29,-0.843
-0.27,-0.121
-0.458,0.045
-0.487,-0.929
-0.45,0.003
-0.502,1.234
-0.514,0.533
-0.588,-0.264
-0.795,1.082
-0.739,2.569
-0.764,0.426
-0.893,0.968
-0.914,2.421
-0.939,2.718
-0.947,2.573
-0.895,1.123
-1.102,2.609
-1.081,2.444
-1.342,2.66
-1.259,0.184
-1.376,0.936
-1.552,0.743
-1.549,-0.251
-1.439,0.407
-1.577,-0.646
-1.488,-1.084
-1.745,2.504
-1.878,1.263
-2.042,2.555
-1.924,1.176
-1.938,1.568
-2.077,-0.761
-2.007,1.49
-2.209,-0.959
-2.202,0.129
-2.319,1.912
-2.201,2.796
-2.26,-0.174
-2.443,2.211
-2.372,1.073
-2.399,2.351
-2.394,0.773
-2.534,1.409
-2.57,-0.911
-2.591,1.072
-2.524,0.132
-2.708,0.086
-2.609,1.165
-2.657,0.242
-2.876,0.228
-3.083,1.516
-2.997,2.745
3.134,0.419
3.117,-0.27
-3.106,1.42
3.139,-0.124
2.985,0.048
2.98,2.631
2.821,0.799
2.92,0.868
2.766,2.87
2.795,2.238
2.618,2.122
2.724,1.508
2.519,2.664
2.535,1.299
2.408,-0.17
2.403,-0.234
2.25,1.038
2.358,-0.37
2.193,1.228
2.32,-0.155
2.263,2.706
2.197,-0.13
2.216,-0.805
2.038,2.207
2.164,0.418
2.097,1.34
2.075,2.54
2.071,-1.169
1.919,0.186
1.991,1.312
1.873,1.781
1.932,2.418
1.745,2.39
1.843,1.611
1.726,-0.42
1.717,1.337
1.519,1.554
1.514,0.877
1.58,0.469
1.563,0.029
1.418,2.543
1.515,0.024
1.393,-1.067
1.35,-0.964
1.334,1.802
1.201,1.769
1.123,1.124
1.138,0.828
1.126,2.799
0.899,1.991
1.026,2.325
0.684,1.236
0.779,-0.247
0.653,-0.356
0.602,0.353
0.504,-1.13
0.446,-0.251
0.387,1.271
0.248,-0.35
0.223,-0.234
0.229,0.796
0.069,1.037
0.195,0.232
0.146,1.596
0.086,0.044
0.044,0.167
-0.071,1.723
-0.239,0.47
-1.104,-1.448
-1.086,-1.356
-1.319,-1.443
-2.321,-1.616
-2.391,-1.18
-2.541,-1.452
3.01,-1.362
2.931,-1.243
2.462,-1.689
2.336,-1.42
1.462,-1.337
1.285,-1.522
1.041,-1.554
0.961,-1.271
0.455,-1.545
0.534,-1.506
0.546,-1.475
0.065,-1.568
-0.053,-1.398
-0.209,-1.541
-0.385,2.856
-0.791,2.966
-2.252,2.864
-2.662,2.895
-2.901,2.868
-2.769,2.979
-3.005,2.939
2.641,2.907
2.049,2.98
2.173,2.95
1.724,2.922
0.554,2.677
-0.699,2.301
-2.357,-0.002
-0.164,-0.386
-2.873,1.469
3.109,1.959
2.904,-0.21
2.222,-0.172
2.14,0.651
1.686,1.972
1.223,0.984
0.545,2.366
0.476,2.052
0.337,2.172
0.23,1.695
-0.569,-0.122
2.203,0.721
1.383,1.216
0.555,0.512
0.444,0.259
-1.684,-1.164
-3.111,-1.109
0.264,2.517
-0.151,2.585
-0.004,-0.631
-0.088,-2.661
-0.114,-2.222
-0.102,-1.87
-0.093,-1.408
-0.247,-1.019
-0.196,-2.34
-0.542,-4.073
-0.626,-4.229
-0.664,-4.062
-1.12,-4.087
-1.317,-4.075
-1.543,-4.179
-1.974,-4.123
-2.098,-4.104
-2.417,-4.292
-2.459,-4.151
2.9,-4.168
2.832,-4.023
2.508,-3.986
2.215,-4.444
2.042,-4.36
2.066,-4.356
1.061,-4.189
0.461,-4.369
0.204,-4.131
-0.187,-4.131
-0.474,0.041
-0.633,0.049
-0.888,0.195
-0.941,0.166
-1.074,0.05
-2.527,0.004
-2.925,0.088
-3.024,0.104
2.153,0.219
1.573,0.194
1.165,0.177
0.955,0.243
0.247,-0.027
0.034,0.207
-1.038,-0.265
-2.36,-2.398
3.047,-1.683
1.996,-2.896
1.633,-0.699
0.698,-1.001
0.034,-1.228
-0.653,-4.233
2.54,0.074
-0.226,-0.347
-0.347,-3.655
-0.327,-2.933
-0.515,-2.767
-0.544,-3.741
-0.507,-2.809
-0.559,-1.578
-0.571,-2.279
-0.645,-3.076
-0.852,-1.73
-0.796,-0.243
-0.821,-2.386
-0.95,-1.844
-0.971,-0.391
-0.996,-0.094
-1.004,-0.239
-0.952,-1.689
-1.159,-0.203
-1.138,-0.368
-1.399,-0.152
-1.316,-2.628
-1.433,-1.876
-1.609,-2.069
-1.606,-3.063
-1.496,-2.405
-1.634,-3.458
-1.545,-3.896
-1.802,-0.308
-1.935,-1.549
-2.099,-0.257
-1.981,-1.636
-1.995,-1.244
-2.134,-3.573
-2.064,-1.322
-2.266,-3.771
-2.259,-2.683
-2.376,-0.9
-2.258,-0.016
-2.317,-2.986
-2.5,-0.601
-2.429,-1.739
-2.456,-0.461
-2.451,-2.039
-2.591,-1.403
-2.627,-3.723
-2.648,-1.74
-2.581,-2.68
-2.765,-2.726
-2.666,-1.647
-2.714,-2.57
-2.933,-2.584
-3.14,-1.296
-3.054,-0.067
3.077,-2.393
3.06,-3.082
3.12,-1.392
3.082,-2.936
2.928,-2.764
2.923,-0.181
2.764,-2.013
2.863,-1.944
2.709,0.058
2.738,-0.574
2.561,-0.69
2.667,-1.304
2.462,-0.148
2.478,-1.513
2.351,-2.982
2.346,-3.046
2.193,-1.774
2.301,-3.182
2.136,-1.584
2.263,-2.967
2.206,-0.106
2.14,-2.942
2.159,-3.617
1.981,-0.605
2.107,-2.394
2.04,-1.472
2.018,-0.272
2.014,-3.981
1.862,-2.626
1.934,-1.5
1.816,-1.031
1.875,-0.394
1.688,-0.422
1.786,-1.201
1.669,-3.232
1.66,-1.475
1.462,-1.258
1.457,-1.935
1.523,-2.343
1.506,-2.783
1.361,-0.269
1.458,-2.788
1.336,-3.879
1.293,-3.776
1.277,-1.01
1.144,-1.043
1.066,-1.688
1.081,-1.984
1.069,-0.013
0.842,-0.821
0.969,-0.487
0.627,-1.576
0.722,-3.059
0.596,-3.168
0.545,-2.459
0.447,-3.942
0.389,-3.063
0.33,-1.541
0.191,-3.162
0.166,-3.046
0.172,-2.016
0.012,-1.775
0.138,-2.58
0.089,-1.216
0.029,-2.768
-0.013,-2.645
-0.128,-1.089
-0.296,-2.342
-1.161,-4.26
-1.143,-4.168
-1.376,-4.255
-2.378,-4.428
-2.448,-3.992
-2.598,-4.264
2.953,-4.174
2.874,-4.055
2.405,-4.501
2.279,-4.232
1.405,-4.149
1.228,-4.334
0.984,-4.366
0.904,-4.083
0.398,-4.357
0.477,-4.318
0.489,-4.287
0.008,-4.38
-0.11,-4.21
-0.266,-4.353
-0.442,0.044
-0.848,0.154
-2.309,0.052
-2.719,0.083
-2.958,0.056
-2.826,0.167
-3.062,0.127
2.584,0.095
1.992,0.168
2.116,0.138
1.667,0.11
0.497,-0.135
-0.756,-0.511
-2.414,-2.814
-0.221,-3.198
-2.93,-1.343
3.052,-0.853
2.847,-3.022
2.165,-2.984
2.083,-2.161
1.629,-0.84
1.166,-1.828
0.488,-0.446
0.419,-0.76
0.28,-0.64
0.173,-1.117
-0.626,-2.934
2.146,-2.091
1.326,-1.596
0.498,-2.3
0.387,-2.553
-1.741,-3.976
3.115,-3.921
0.207,-0.295
-0.208,-0.227
-0.084,-2.03
-0.11,-1.591
-0.098,-1.239
-0.089,-0.777
-0.243,-0.388
-0.192,-1.709
-0.538,-3.442
-0.622,-3.598
-0.66,-3.431
-1.116,-3.456
-1.313,-3.444
-1.539,-3.548
-1.97,-3.492
-2.094,-3.473
-2.413,-3.661
-2.455,-3.52
2.904,-3.537
2.836,-3.392
2.512,-3.355
2.219,-3.813
2.046,-3.729
2.07,-3.725
1.065,-3.558
0.465,-3.738
0.208,-3.5
-0.183,-3.5
-0.47,0.672
-0.629,0.68
-0.884,0.826
-0.937,0.797
-1.07,0.681
-2.523,0.635
-2.921,0.719
-3.02,0.735
2.157,0.85
1.577,0.825
1.169,0.808
0.959,0.874
0.251,0.604
0.038,0.838
-1.034,0.366
-2.356,-1.767
3.051,-1.052
2.0,-2.265
1.637,-0.068
0.702,-0.37
0.038,-0.597
-0.649,-3.602
2.544,0.705
-0.222,0.284
-0.343,-3.024
-0.323,-2.302
-0.511,-2.136
-0.54,-3.11
-0.503,-2.178
-0.555,-0.947
-0.567,-1.648
-0.641,-2.445
-0.848,-1.099
-0.792,0.388
-0.817,-1.755
-0.946,-1.213
-0.967,0.24
-0.992,0.537
-1.0,0.392
-0.948,-1.058
-1.155,0.428
-1.134,0.263
-1.395,0.479
-1.312,-1.997
-1.429,-1.245
-1.605,-1.438
-1.602,-2.432
-1.492,-1.774
-1.63,-2.827
-1.541,-3.265
-1.798,0.323
-1.931,-0.918
-2.095,0.374
-1.977,-1.005
-1.991,-0.613
-2.13,-2.942
-2.06,-0.691
-2.262,-3.14
-2.255,-2.052
-2.372,-0.269
-2.254,0.615
-2.313,-2.355
-2.496,0.03
-2.425,-1.108
-2.452,0.17
-2.447,-1.408
-2.587,-0.772
-2.623,-3.092
-2.644,-1.109
-2.577,-2.049
-2.761,-2.095
-2.662,-1.016
-2.71,-1.939
-2.929,-1.953
-3.136,-0.665
-3.05,0.564
3.081,-1.762
3.064,-2.451
3.124,-0.761
3.086,-2.305
2.932,-2.133
2.927,0.45
2.768,-1.382
2.867,-1.313
2.713,0.689
2.742,0.057
2.565,-0.059
2.671,-0.673
2.466,0.483
2.482,-0.882
2.355,-2.351
2.35,-2.415
2.197,-1.143
2.305,-2.551
2.14,-0.953
2.267,-2.336
2.21,0.525
2.144,-2.311
2.163,-2.986
1.985,0.026
2.111,-1.763
2.044,-0.841
2.022,0.359
2.018,-3.35
1.866,-1.995
1.938,-0.869
1.82,-0.4
1.879,0.237
1.692,0.209
1.79,-0.57
1.673,-2.601
1.664,-0.844
1.466,-0.627
1.461,-1.304
1.527,-1.712
1.51,-2.152
1.365,0.362
1.462,-2.157
1.34,-3.248
1.297,-3.145
1.281,-0.379
1.148,-0.412
1.07,-1.057
1.085,-1.353
1.073,0.618
0.846,-0.19
0.973,0.144
0.631,-0.945
0.726,-2.428
0.6,-2.537
0.549,-1.828
0.451,-3.311
0.393,-2.432
0.334,-0.91
0.195,-2.531
0.17,-2.415
0.176,-1.385
0.016,-1.144
0.142,-1.949
0.093,-0.585
0.033,-2.137
-0.009,-2.014
-0.124,-0.458
-0.292,-1.711
-1.157,-3.629
-1.139,-3.537
-1.372,-3.624
-2.374,-3.797
-2.444,-3.361
-2.594,-3.633
2.957,-3.543
2.878,-3.424
2.409,-3.87
2.283,-3.601
1.409,-3.518
1.232,-3.703
0.988,-3.735
0.908,-3.452
0.402,-3.726
0.481,-3.687
0.493,-3.656
0.012,-3.749
-0.106,-3.579
-0.262,-3.722
-0.438,0.675
-0.844,0.785
-2.305,0.683
-2.715,0.714
-2.954,0.687
-2.822,0.798
-3.058,0.758
2.588,0.726
1.996,0.799
2.12,0.769
1.671,0.741
0.501,0.496
-0.752,0.12
-2.41,-2.183
-0.217,-2.567
-2.926,-0.712
3.056,-0.222
2.851,-2.391
2.169,-2.353
2.087,-1.53
1.633,-0.209
1.17,-1.197
0.492,0.185
0.423,-0.129
0.284,-0.009
0.177,-0.486
-0.622,-2.303
2.15,-1.46
1.33,-0.965
0.502,-1.669
0.391,-1.922
-1.737,-3.345
3.119,-3.29
0.211,0.336
-0.204,0.404
-0.026,0.439
-0.014,0.791
-0.005,1.253
-0.159,1.642
-0.108,0.321
-0.454,-1.412
-0.538,-1.568
-0.576,-1.401
-1.032,-1.426
-1.229,-1.414
-1.455,-1.518
-1.886,-1.462
-2.01,-1.443
-2.329,-1.631
-2.371,-1.49
2.988,-1.507
2.92,-1.362
2.596,-1.325
2.303,-1.783
2.13,-1.699
2.154,-1.695
1.149,-1.528
0.549,-1.708
0.292,-1.47
-0.099,-1.47
-0.386,2.702
-0.545,2.71
-0.8,2.856
-0.853,2.827
-0.986,2.711
-2.439,2.665
-2.837,2.749
-2.936,2.765
2.241,2.88
1.661,2.855
1.253,2.838
1.043,2.904
0.335,2.634
0.122,2.868
-0.95,2.396
-2.272,0.263
3.135,0.978
2.084,-0.235
1.721,1.962
0.786,1.66
0.122,1.433
-0.565,-1.572
2.628,2.735
-0.138,2.314
-0.259,-0.994
-0.239,-0.272
-0.427,-0.106
-0.456,-1.08
-0.419,-0.148
-0.471,1.083
-0.483,0.382
-0.557,-0.415
-0.764,0.931
-0.708,2.418
-0.733,0.275
-0.862,0.817
-0.883,2.27
-0.908,2.567
-0.916,2.422
-0.864,0.972
-1.071,2.458
-1.05,2.293
-1.311,2.509
-1.228,0.033
-1.345,0.785
-1.521,0.592
-1.518,-0.402
-1.408,0.256
-1.546,-0.797
-1.457,-1.235
-1.714,2.353
-1.847,1.112
-2.011,2.404
-1.893,1.025
-1.907,1.417
-2.046,-0.912
-1.976,1.339
-2.178,-1.11
-2.171,-0.022
-2.288,1.761
-2.17,2.645
-2.229,-0.325
-2.412,2.06
-2.341,0.922
-2.368,2.2
-2.363,0.622
-2.503,1.258
-2.539,-1.062
-2.56,0.921
-2.493,-0.019
-2.677,-0.065
-2.578,1.014
-2.626,0.091
-2.845,0.077
-3.052,1.365
-2.966,2.594
-3.118,0.268
-3.135,-0.421
-3.075,1.269
-3.113,-0.275
3.016,-0.103
3.011,2.48
2.852,0.648
2.951,0.717
2.797,2.719
2.826,2.087
2.649,1.971
2.755,1.357
2.55,2.513
2.566,1.148
2.439,-0.321
2.434,-0.385
2.281,0.887
2.389,-0.521
2.224,1.077
2.351,-0.306
2.294,2.555
2.228,-0.281
2.247,-0.956
2.069,2.056
2.195,0.267
2.128,1.189
2.106,2.389
2.102,-1.32
1.95,0.035
2.022,1.161
1.904,1.63
1.963,2.267
1.776,2.239
1.874,1.46
1.757,-0.571
1.748,1.186
1.55,1.403
1.545,0.726
1.611,0.318
1.594,-0.122
1.449,2.392
1.546,-0.127
1.424,-1.218
1.381,-1.115
1.365,1.651
1.232,1.618
1.154,0.973
1.169,0.677
1.157,2.648
0.93,1.84
1.057,2.174
0.715,1.085
0.81,-0.398
0.684,-0.507
0.633,0.202
0.535,-1.281
0.477,-0.402
0.418,1.12
0.279,-0.501
0.254,-0.385
0.26,0.645
0.1,0.886
0.226,0.081
0.177,1.445
0.117,-0.107
0.075,0.016
-0.04,1.572
-0.208,0.319
-1.073,-1.599
-1.055,-1.507
-1.288,-1.594
-2.29,-1.767
-2.36,-1.331
-2.51,-1.603
3.041,-1.513
2.962,-1.394
2.493,-1.84
2.367,-1.571
1.493,-1.488
1.316,-1.673
1.072,-1.705
0.992,-1.422
0.486,-1.696
0.565,-1.657
0.577,-1.626
0.096,-1.719
-0.022,-1.549
-0.178,-1.692
-0.354,2.705
-0.76,2.815
-2.221,2.713
-2.631,2.744
-2.87,2.717
-2.738,2.828
-2.974,2.788
2.672,2.756
2.08,2.829
2.204,2.799
1.755,2.771
0.585,2.526
-0.668,2.15
-2.326,-0.153
-0.133,-0.537
-2.842,1.318
3.14,1.808
2.935,-0.361
2.253,-0.323
2.171,0.5
1.717,1.821
1.254,0.833
0.576,2.215
0.507,1.901
0.368,2.021
0.261,1.544
-0.538,-0.273
2.234,0.57
1.414,1.065
0.586,0.361
0.475,0.108
-1.653,-1.315
-3.08,-1.26
0.295,2.366
-0.12,2.434
0.012,0.352
0.021,0.814
-0.133,1.203
-0.082,-0.118
-0.428,-1.851
-0.512,-2.007
-0.55,-1.84
-1.006,-1.865
-1.203,-1.853
-1.429,-1.957
-1.86,-1.901
-1.984,-1.882
-2.303,-2.07
-2.345,-1.929
3.014,-1.946
2.946,-1.801
2.622,-1.764
2.329,-2.222
2.156,-2.138
2.18,-2.134
1.175,-1.967
0.575,-2.147
0.318,-1.909
-0.073,-1.909
-0.36,2.263
-0.519,2.271
-0.774,2.417
-0.827,2.388
-0.96,2.272
-2.413,2.226
-2.811,2.31
-2.91,2.326
2.267,2.441
1.687,2.416
1.279,2.399
1.069,2.465
0.361,2.195
0.148,2.429
-0.924,1.957
-2.246,-0.176
-3.122,0.539
2.11,-0.674
1.747,1.523
0.812,1.221
0.148,0.994
-0.539,-2.011
2.654,2.296
-0.112,1.875
-0.233,-1.433
-0.213,-0.711
-0.401,-0.545
-0.43,-1.519
-0.393,-0.587
-0.445,0.644
-0.457,-0.057
-0.531,-0.854
-0.738,0.492
-0.682,1.979
-0.707,-0.164
-0.836,0.378
-0.857,1.831
-0.882,2.128
-0.89,1.983
-0.838,0.533
-1.045,2.019
-1.024,1.854
-1.285,2.07
-1.202,-0.406
-1.319,0.346
-1.495,0.153
-1.492,-0.841
-1.382,-0.183
-1.52,-1.236
-1.431,-1.674
-1.688,1.914
-1.821,0.673
-1.985,1.965
-1.867,0.586
-1.881,0.978
-2.02,-1.351
-1.95,0.9
-2.152,-1.549
-2.145,-0.461
-2.262,1.322
-2.144,2.206
-2.203,-0.764
-2.386,1.621
-2.315,0.483
-2.342,1.761
-2.337,0.183
-2.477,0.819
-2.513,-1.501
-2.534,0.482
-2.467,-0.458
-2.651,-0.504
-2.552,0.575
-2.6,-0.348
-2.819,-0.362
-3.026,0.926
-2.94,2.155
-3.092,-0.171
-3.109,-0.86
-3.049,0.83
-3.087,-0.714
3.042,-0.542
3.037,2.041
2.878,0.209
2.977,0.278
2.823,2.28
2.852,1.648
2.675,1.532
2.781,0.918
2.576,2.074
2.592,0.709
2.465,-0.76
2.46,-0.824
2.307,0.448
2.415,-0.96
2.25,0.638
2.377,-0.745
2.32,2.116
2.254,-0.72
2.273,-1.395
2.095,1.617
2.221,-0.172
2.154,0.75
2.132,1.95
2.128,-1.759
1.976,-0.404
2.048,0.722
1.93,1.191
1.989,1.828
1.802,1.8
1.9,1.021
1.783,-1.01
1.774,0.747
1.576,0.964
1.571,0.287
1.637,-0.121
1.62,-0.561
1.475,1.953
1.572,-0.566
1.45,-1.657
1.407,-1.554
1.391,1.212
1.258,1.179
1.18,0.534
1.195,0.238
1.183,2.209
0.956,1.401
1.083,1.735
0.741,0.646
0.836,-0.837
0.71,-0.946
0.659,-0.237
0.561,-1.72
0.503,-0.841
0.444,0.681
0.305,-0.94
0.28,-0.824
0.286,0.206
0.126,0.447
0.252,-0.358
0.203,1.006
0.143,-0.546
0.101,-0.423
-0.014,1.133
-0.182,-0.12
-1.047,-2.038
-1.029,-1.946
-1.262,-2.033
-2.264,-2.206
-2.334,-1.77
-2.484,-2.042
3.067,-1.952
2.988,-1.833
2.519,-2.279
2.393,-2.01
1.519,-1.927
1.342,-2.112
1.098,-2.144
1.018,-1.861
0.512,-2.135
0.591,-2.096
0.603,-2.065
0.122,-2.158
0.004,-1.988
-0.152,-2.131
-0.328,2.266
-0.734,2.376
-2.195,2.274
-2.605,2.305
-2.844,2.278
-2.712,2.389
-2.948,2.349
2.698,2.317
2.106,2.39
2.23,2.36
1.781,2.332
0.611,2.087
-0.642,1.711
-2.3,-0.592
-0.107,-0.976
-2.816,0.879
-3.117,1.369
2.961,-0.8
2.279,-0.762
2.197,0.061
1.743,1.382
1.28,0.394
0.602,1.776
0.533,1.462
0.394,1.582
0.287,1.105
-0.512,-0.712
2.26,0.131
1.44,0.626
0.612,-0.078
0.501,-0.331
-1.627,-1.754
-3.054,-1.699
0.321,1.927
-0.094,1.995
0.009,0.462
-0.145,0.851
-0.094,-0.47
-0.44,-2.203
-0.524,-2.359
-0.562,-2.192
-1.018,-2.217
-1.215,-2.205
-1.441,-2.309
-1.872,-2.253
-1.996,-2.234
-2.315,-2.422
-2.357,-2.281
3.002,-2.298
2.934,-2.153
2.61,-2.116
2.317,-2.574
2.144,-2.49
2.168,-2.486
1.163,-2.319
0.563,-2.499
0.306,-2.261
-0.085,-2.261
-0.372,1.911
-0.531,1.919
-0.786,2.065
-0.839,2.036
-0.972,1.92
-2.425,1.874
-2.823,1.958
-2.922,1.974
2.255,2.089
1.675,2.064
1.267,2.047
1.057,2.113
0.349,1.843
0.136,2.077
-0.936,1.605
-2.258,-0.528
-3.134,0.187
2.098,-1.026
1.735,1.171
0.8,0.869
0.136,0.642
-0.551,-2.363
2.642,1.944
-0.124,1.523
-0.245,-1.785
-0.225,-1.063
-0.413,-0.897
-0.442,-1.871
-0.405,-0.939
-0.457,0.292
-0.469,-0.409
-0.543,-1.206
-0.75,0.14
-0.694,1.627
-0.719,-0.516
-0.848,0.026
-0.869,1.479
-0.894,1.776
-0.902,1.631
-0.85,0.181
-1.057,1.667
-1.036,1.502
-1.297,1.718
-1.214,-0.758
-1.331,-0.006
-1.507,-0.199
-1.504,-1.193
-1.394,-0.535
-1.532,-1.588
-1.443,-2.026
-1.7,1.562
-1.833,0.321
-1.997,1.613
-1.879,0.234
-1.893,0.626
-2.032,-1.703
-1.962,0.548
-2.164,-1.901
-2.157,-0.813
-2.274,0.97
-2.156,1.854
-2.215,-1.116
-2.398,1.269
-2.327,0.131
-2.354,1.409
-2.349,-0.169
-2.489,0.467
-2.525,-1.853
-2.546,0.13
-2.479,-0.81
-2.663,-0.856
-2.564,0.223
-2.612,-0.7
-2.831,-0.714
-3.038,0.574
-2.952,1.803
-3.104,-0.523
-3.121,-1.212
-3.061,0.478
-3.099,-1.066
3.03,-0.894
3.025,1.689
2.866,-0.143
2.965,-0.074
2.811,1.928
2.84,1.296
2.663,1.18
2.769,0.566
2.564,1.722
2.58,0.357
2.453,-1.112
2.448,-1.176
2.295,0.096
2.403,-1.312
2.238,0.286
2.365,-1.097
2.308,1.764
2.242,-1.072
2.261,-1.747
2.083,1.265
2.209,-0.524
2.142,0.398
2.12,1.598
2.116,-2.111
1.964,-0.756
2.036,0.37
1.918,0.839
1.977,1.476
1.79,1.448
1.888,0.669
1.771,-1.362
1.762,0.395
1.564,0.612
1.559,-0.065
1.625,-0.473
1.608,-0.913
1.463,1.601
1.56,-0.918
1.438,-2.009
1.395,-1.906
1.379,0.86
1.246,0.827
1.168,0.182
1.183,-0.114
1.171,1.857
0.944,1.049
1.071,1.383
0.729,0.294
0.824,-1.189
0.698,-1.298
0.647,-0.589
0.549,-2.072
0.491,-1.193
0.432,0.329
0.293,-1.292
0.268,-1.176
0.274,-0.146
0.114,0.095
0.24,-0.71
0.191,0.654
0.131,-0.898
0.089,-0.775
-0.026,0.781
-0.194,-0.472
-1.059,-2.39
-1.041,-2.298
-1.274,-2.385
-2.276,-2.558
-2.346,-2.122
-2.496,-2.394
3.055,-2.304
2.976,-2.185
2.507,-2.631
2.381,-2.362
1.507,-2.279
1.33,-2.464
1.086,-2.496
1.006,-2.213
0.5,-2.487
0.579,-2.448
0.591,-2.417
0.11,-2.51
-0.008,-2.34
-0.164,-2.483
-0.34,1.914
-0.746,2.024
-2.207,1.922
-2.617,1.953
-2.856,1.926
-2.724,2.037
-2.96,1.997
2.686,1.965
2.094,2.038
2.218,2.008
1.769,1.98
0.599,1.735
-0.654,1.359
-2.312,-0.944
-0.119,-1.328
-2.828,0.527
-3.129,1.017
2.949,-1.152
2.267,-1.114
2.185,-0.291
1.731,1.03
1.268,0.042
0.59,1.424
0.521,1.11
0.382,1.23
0.275,0.753
-0.524,-1.064
2.248,-0.221
1.428,0.274
0.6,-0.43
0.489,-0.683
-1.639,-2.106
-3.066,-2.051
0.309,1.575
-0.106,1.643
-0.154,0.389
-0.103,-0.932
-0.449,-2.665
-0.533,-2.821
-0.571,-2.654
-1.027,-2.679
-1.224,-2.667
-1.45,-2.771
-1.881,-2.715
-2.005,-2.696
-2.324,-2.884
-2.366,-2.743
2.993,-2.76
2.925,-2.615
2.601,-2.578
2.308,-3.036
2.135,-2.952
2.159,-2.948
1.154,-2.781
0.554,-2.961
0.297,-2.723
-0.094,-2.723
-0.381,1.449
-0.54,1.457
-0.795,1.603
-0.848,1.574
-0.981,1.458
-2.434,1.412
-2.832,1.496
-2.931,1.512
2.246,1.627
1.666,1.602
1.258,1.585
1.048,1.651
0.34,1.381
0.127,1.615
-0.945,1.143
-2.267,-0.99
3.14,-0.275
2.089,-1.488
1.726,0.709
0.791,0.407
0.127,0.18
-0.56,-2.825
2.633,1.482
-0.133,1.061
-0.254,-2.247
-0.234,-1.525
-0.422,-1.359
-0.451,-2.333
-0.414,-1.401
-0.466,-0.17
-0.478,-0.871
-0.552,-1.668
-0.759,-0.322
-0.703,1.165
-0.728,-0.978
-0.857,-0.436
-0.878,1.017
-0.903,1.314
-0.911,1.169
-0.859,-0.281
-1.066,1.205
-1.045,1.04
-1.306,1.256
-1.223,-1.22
-1.34,-0.468
-1.516,-0.661
-1.513,-1.655
-1.403,-0.997
-1.541,-2.05
-1.452,-2.488
-1.709,1.1
-1.842,-0.141
-2.006,1.151
-1.888,-0.228
-1.902,0.164
-2.041,-2.165
-1.971,0.086
-2.173,-2.363
-2.166,-1.275
-2.283,0.508
-2.165,1.392
-2.224,-1.578
-2.407,0.807
-2.336,-0.331
-2.363,0.947
-2.358,-0.631
-2.498,0.005
-2.534,-2.315
-2.555,-0.332
-2.488,-1.272
-2.672,-1.318
-2.573,-0.239
-2.621,-1.162
-2.84,-1.176
-3.047,0.112
-2.961,1.341
-3.113,-0.985
-3.13,-1.674
-3.07,0.016
-3.108,-1.528
3.021,-1.356
3.016,1.227
2.857,-0.605
2.956,-0.536
2.802,1.466
2.831,0.834
2.654,0.718
2.76,0.104
2.555,1.26
2.571,-0.105
2.444,-1.574
2.439,-1.638
2.286,-0.366
2.394,-1.774
2.229,-0.176
2.356,-1.559
2.299,1.302
2.233,-1.534
2.252,-2.209
2.074,0.803
2.2,-0.986
2.133,-0.064
2.111,1.136
2.107,-2.573
1.955,-1.218
2.027,-0.092
1.909,0.377
1.968,1.014
1.781,0.986
1.879,0.207
1.762,-1.824
1.753,-0.067
1.555,0.15
1.55,-0.527
1.616,-0.935
1.599,-1.375
1.454,1.139
1.551,-1.38
1.429,-2.471
1.386,-2.368
1.37,0.398
1.237,0.365
1.159,-0.28
1.174,-0.576
1.162,1.395
0.935,0.587
1.062,0.921
0.72,-0.168
0.815,-1.651
0.689,-1.76
0.638,-1.051
0.54,-2.534
0.482,-1.655
0.423,-0.133
0.284,-1.754
0.259,-1.638
0.265,-0.608
0.105,-0.367
0.231,-1.172
0.182,0.192
0.122,-1.36
0.08,-1.237
-0.035,0.319
-0.203,-0.934
-1.068,-2.852
-1.05,-2.76
-1.283,-2.847
-2.285,-3.02
-2.355,-2.584
-2.505,-2.856
3.046,-2.766
2.967,-2.647
2.498,-3.093
2.372,-2.824
1.498,-2.741
1.321,-2.926
1.077,-2.958
0.997,-2.675
0.491,-2.949
0.57,-2.91
0.582,-2.879
0.101,-2.972
-0.017,-2.802
-0.173,-2.945
-0.349,1.452
-0.755,1.562
-2.216,1.46
-2.626,1.491
-2.865,1.464
-2.733,1.575
-2.969,1.535
2.677,1.503
2.085,1.576
2.209,1.546
1.76,1.518
0.59,1.273
-0.663,0.897
-2.321,-1.406
-0.128,-1.79
-2.837,0.065
-3.138,0.555
2.94,-1.614
2.258,-1.576
2.176,-0.753
1.722,0.568
1.259,-0.42
0.581,0.962
0.512,0.648
0.373,0.768
0.266,0.291
-0.533,-1.526
2.239,-0.683
1.419,-0.188
0.591,-0.892
0.48,-1.145
-1.648,-2.568
-3.075,-2.513
0.3,1.113
-0.115,1.181
0.051,-1.321
-0.295,-3.054
-0.379,-3.21
-0.417,-3.043
-0.873,-3.068
-1.07,-3.056
-1.296,-3.16
-1.727,-3.104
-1.851,-3.085
-2.17,-3.273
-2.212,-3.132
-3.136,-3.149
3.079,-3.004
2.755,-2.967
2.462,-3.425
2.289,-3.341
2.313,-3.337
1.308,-3.17
0.708,-3.35
0.451,-3.112
0.06,-3.112
-0.227,1.06
-0.386,1.068
-0.641,1.214
-0.694,1.185
-0.827,1.069
-2.28,1.023
-2.678,1.107
-2.777,1.123
2.4,1.238
1.82,1.213
1.412,1.196
1.202,1.262
0.494,0.992
0.281,1.226
-0.791,0.754
-2.113,-1.379
-2.989,-0.664
2.243,-1.877
1.88,0.32
0.945,0.018
0.281,-0.209
-0.406,-3.214
2.787,1.093
0.021,0.672
-0.1,-2.636
-0.08,-1.914
-0.268,-1.748
-0.297,-2.722
-0.26,-1.79
-0.312,-0.559
-0.324,-1.26
-0.398,-2.057
-0.605,-0.711
-0.549,0.776
-0.574,-1.367
-0.703,-0.825
-0.724,0.628
-0.749,0.925
-0.757,0.78
-0.705,-0.67
-0.912,0.816
-0.891,0.651
-1.152,0.867
-1.069,-1.609
-1.186,-0.857
-1.362,-1.05
-1.359,-2.044
-1.249,-1.386
-1.387,-2.439
-1.298,-2.877
-1.555,0.711
-1.688,-0.53
-1.852,0.762
-1.734,-0.617
-1.748,-0.225
-1.887,-2.554
-1.817,-0.303
-2.019,-2.752
-2.012,-1.664
-2.129,0.119
-2.011,1.003
-2.07,-1.967
-2.253,0.418
-2.182,-0.72
-2.209,0.558
-2.204,-1.02
-2.344,-0.384
-2.38,-2.704
-2.401,-0.721
-2.334,-1.661
-2.518,-1.707
-2.419,-0.628
-2.467,-1.551
-2.686,-1.565
-2.893,-0.277
-2.807,0.952
-2.959,-1.374
-2.976,-2.063
-2.916,-0.373
-2.954,-1.917
-3.108,-1.745
-3.113,0.838
3.011,-0.994
3.11,-0.925
2.956,1.077
2.985,0.445
2.808,0.329
2.914,-0.285
2.709,0.871
2.725,-0.494
2.598,-1.963
2.593,-2.027
2.44,-0.755
2.548,-2.163
2.383,-0.565
2.51,-1.948
2.453,0.913
2.387,-1.923
2.406,-2.598
2.228,0.414
2.354,-1.375
2.287,-0.453
2.265,0.747
2.261,-2.962
2.109,-1.607
2.181,-0.481
2.063,-0.012
2.122,0.625
1.935,0.597
2.033,-0.182
1.916,-2.213
1.907,-0.456
1.709,-0.239
1.704,-0.916
1.77,-1.324
1.753,-1.764
1.608,0.75
1.705,-1.769
1.583,-2.86
1.54,-2.757
1.524,0.009
1.391,-0.024
1.313,-0.669
1.328,-0.965
1.316,1.006
1.089,0.198
1.216,0.532
0.874,-0.557
0.969,-2.04
0.843,-2.149
0.792,-1.44
0.694,-2.923
0.636,-2.044
0.577,-0.522
0.438,-2.143
0.413,-2.027
0.419,-0.997
0.259,-0.756
0.385,-1.561
0.336,-0.197
0.276,-1.749
0.234,-1.626
0.119,-0.07
-0.049,-1.323
-0.914,-3.241
-0.896,-3.149
-1.129,-3.236
-2.131,-3.409
-2.201,-2.973
-2.351,-3.245
-3.083,-3.155
3.121,-3.036
2.652,-3.482
2.526,-3.213
1.652,-3.13
1.475,-3.315
1.231,-3.347
1.151,-3.064
0.645,-3.338
0.724,-3.299
0.736,-3.268
0.255,-3.361
0.137,-3.191
-0.019,-3.334
-0.195,1.063
-0.601,1.173
-2.062,1.071
-2.472,1.102
-2.711,1.075
-2.579,1.186
-2.815,1.146
2.831,1.114
2.239,1.187
2.363,1.157
1.914,1.129
0.744,0.884
-0.509,0.508
-2.167,-1.795
0.026,-2.179
-2.683,-0.324
-2.984,0.166
3.094,-2.003
2.412,-1.965
2.33,-1.142
1.876,0.179
1.413,-0.809
0.735,0.573
0.666,0.259
0.527,0.379
0.42,-0.098
-0.379,-1.915
2.393,-1.072
1.573,-0.577
0.745,-1.281
0.634,-1.534
-1.494,-2.957
-2.921,-2.902
0.454,0.724
0.039,0.792
-0.346,-1.733
-0.43,-1.889
-0.468,-1.722
-0.924,-1.747
-1.121,-1.735
-1.347,-1.839
-1.778,-1.783
-1.902,-1.764
-2.221,-1.952
-2.263,-1.811
3.096,-1.828
3.028,-1.683
2.704,-1.646
2.411,-2.104
2.238,-2.02
2.262,-2.016
1.257,-1.849
0.657,-2.029
0.4,-1.791
0.009,-1.791
-0.278,2.381
-0.437,2.389
-0.692,2.535
-0.745,2.506
-0.878,2.39
-2.331,2.344
-2.729,2.428
-2.828,2.444
2.349,2.559
1.769,2.534
1.361,2.517
1.151,2.583
0.443,2.313
0.23,2.547
-0.842,2.075
-2.164,-0.058
-3.04,0.657
2.192,-0.556
1.829,1.641
0.894,1.339
0.23,1.112
-0.457,-1.893
2.736,2.414
-0.03,1.993
-0.151,-1.315
-0.131,-0.593
-0.319,-0.427
-0.348,-1.401
-0.311,-0.469
-0.363,0.762
-0.375,0.061
-0.449,-0.736
-0.656,0.61
-0.6,2.097
-0.625,-0.046
-0.754,0.496
-0.775,1.949
-0.8,2.246
-0.808,2.101
-0.756,0.651
-0.963,2.137
-0.942,1.972
-1.203,2.188
-1.12,-0.288
-1.237,0.464
-1.413,0.271
-1.41,-0.723
-1.3,-0.065
-1.438,-1.118
-1.349,-1.556
-1.606,2.032
-1.739,0.791
-1.903,2.083
-1.785,0.704
-1.799,1.096
-1.938,-1.233
-1.868,1.018
-2.07,-1.431
-2.063,-0.343
-2.18,1.44
-2.062,2.324
-2.121,-0.646
-2.304,1.739
-2.233,0.601
-2.26,1.879
-2.255,0.301
-2.395,0.937
-2.431,-1.383
-2.452,0.6
-2.385,-0.34
-2.569,-0.386
-2.47,0.693
-2.518,-0.23
-2.737,-0.244
-2.944,1.044
-2.858,2.273
-3.01,-0.053
-3.027,-0.742
-2.967,0.948
-3.005,-0.596
3.124,-0.424
3.119,2.159
2.96,0.327
3.059,0.396
2.905,2.398
2.934,1.766
2.757,1.65
2.863,1.036
2.658,2.192
2.674,0.827
2.547,-0.642
2.542,-0.706
2.389,0.566
2.497,-0.842
2.332,0.756
2.459,-0.627
2.402,2.234
2.336,-0.602
2.355,-1.277
2.177,1.735
2.303,-0.054
2.236,0.868
2.214,2.068
2.21,-1.641
2.058,-0.286
2.13,0.84
2.012,1.309
2.071,1.946
1.884,1.918
1.982,1.139
1.865,-0.892
1.856,0.865
1.658,1.082
1.653,0.405
1.719,-0.003
1.702,-0.443
1.557,2.071
1.654,-0.448
1.532,-1.539
1.489,-1.436
1.473,1.33
1.34,1.297
1.262,0.652
1.277,0.356
1.265,2.327
1.038,1.519
1.165,1.853
0.823,0.764
0.918,-0.719
0.792,-0.828
0.741,-0.119
0.643,-1.602
0.585,-0.723
0.526,0.799
0.387,-0.822
0.362,-0.706
0.368,0.324
0.208,0.565
0.334,-0.24
0.285,1.124
0.225,-0.428
0.183,-0.305
0.068,1.251
-0.1,-0.002
-0.965,-1.92
-0.947,-1.828
-1.18,-1.915
-2.182,-2.088
-2.252,-1.652
-2.402,-1.924
-3.134,-1.834
3.07,-1.715
2.601,-2.161
2.475,-1.892
1.601,-1.809
1.424,-1.994
1.18,-2.026
1.1,-1.743
0.594,-2.017
0.673,-1.978
0.685,-1.947
0.204,-2.04
0.086,-1.87
-0.07,-2.013
-0.246,2.384
-0.652,2.494
-2.113,2.392
-2.523,2.423
-2.762,2.396
-2.63,2.507
-2.866,2.467
2.78,2.435
2.188,2.508
2.312,2.478
1.863,2.45
0.693,2.205
-0.56,1.829
-2.218,-0.474
-0.025,-0.858
-2.734,0.997
-3.035,1.487
3.043,-0.682
2.361,-0.644
2.279,0.179
1.825,1.5
1.362,0.512
0.684,1.894
0.615,1.58
0.476,1.7
0.369,1.223
-0.43,-0.594
2.342,0.249
1.522,0.744
0.694,0.04
0.583,-0.213
-1.545,-1.636
-2.972,-1.581
0.403,2.045
-0.012,2.113
-0.084,-0.156
-0.122,0.011
-0.578,-0.014
-0.775,-0.002
-1.001,-0.106
-1.432,-0.05
-1.556,-0.031
-1.875,-0.219
-1.917,-0.078
-2.841,-0.095
-2.909,0.05
3.05,0.087
2.757,-0.371
2.584,-0.287
2.608,-0.283
1.603,-0.116
1.003,-0.296
0.746,-0.058
0.355,-0.058
0.068,4.114
-0.091,4.122
-0.346,4.268
-0.399,4.239
-0.532,4.123
-1.985,4.077
-2.383,4.161
-2.482,4.177
2.695,4.292
2.115,4.267
1.707,4.25
1.497,4.316
0.789,4.046
0.576,4.28
-0.496,3.808
-1.818,1.675
-2.694,2.39
2.538,1.177
2.175,3.374
1.24,3.072
0.576,2.845
-0.111,-0.16
3.082,4.147
0.316,3.726
0.195,0.418
0.215,1.14
0.027,1.306
-0.002,0.332
0.035,1.264
-0.017,2.495
-0.029,1.794
-0.103,0.997
-0.31,2.343
-0.254,3.83
-0.279,1.687
-0.408,2.229
-0.429,3.682
-0.454,3.979
-0.462,3.834
-0.41,2.384
-0.617,3.87
-0.596,3.705
-0.857,3.921
-0.774,1.445
-0.891,2.197
-1.067,2.004
-1.064,1.01
-0.954,1.668
-1.092,0.615
-1.003,0.177
-1.26,3.765
-1.393,2.524
-1.557,3.816
-1.439,2.437
-1.453,2.829
-1.592,0.5
-1.522,2.751
-1.724,0.302
-1.717,1.39
-1.834,3.173
-1.716,4.057
-1.775,1.087
-1.958,3.472
-1.887,2.334
-1.914,3.612
-1.909,2.034
-2.049,2.67
-2.085,0.35
-2.106,2.333
-2.039,1.393
-2.223,1.347
-2.124,2.426
-2.172,1.503
-2.391,1.489
-2.598,2.777
-2.512,4.006
-2.664,1.68
-2.681,0.991
-2.621,2.681
-2.659,1.137
-2.813,1.309
-2.818,3.892
-2.977,2.06
-2.878,2.129
-3.032,4.131
-3.003,3.499
3.103,3.383
-3.074,2.769
3.004,3.925
3.02,2.56
2.893,1.091
2.888,1.027
2.735,2.299
2.843,0.891
2.678,2.489
2.805,1.106
2.748,3.967
2.682,1.131
2.701,0.456
2.523,3.468
2.649,1.679
2.582,2.601
2.56,3.801
2.556,0.092
2.404,1.447
2.476,2.573
2.358,3.042
2.417,3.679
2.23,3.651
2.328,2.872
2.211,0.841
2.202,2.598
2.004,2.815
1.999,2.138
2.065,1.73
2.048,1.29
1.903,3.804
2.0,1.285
1.878,0.194
1.835,0.297
1.819,3.063
1.686,3.03
1.608,2.385
1.623,2.089
1.611,4.06
1.384,3.252
1.511,3.586
1.169,2.497
1.264,1.014
1.138,0.905
1.087,1.614
0.989,0.131
0.931,1.01
0.872,2.532
0.733,0.911
0.708,1.027
0.714,2.057
0.554,2.298
0.68,1.493
0.631,2.857
0.571,1.305
0.529,1.428
0.414,2.984
0.246,1.731
-0.619,-0.187
-0.601,-0.095
-0.834,-0.182
-1.836,-0.355
-1.906,0.081
-2.056,-0.191
-2.788,-0.101
-2.867,0.018
2.947,-0.428
2.821,-0.159
1.947,-0.076
1.77,-0.261
1.526,-0.293
1.446,-0.01
0.94,-0.284
1.019,-0.245
1.031,-0.214
0.55,-0.307
0.432,-0.137
0.276,-0.28
0.1,4.117
-0.306,4.227
-1.767,4.125
-2.177,4.156
-2.416,4.129
-2.284,4.24
-2.52,4.2
3.126,4.168
2.534,4.241
2.658,4.211
2.209,4.183
1.039,3.938
-0.214,3.562
-1.872,1.259
0.321,0.875
-2.388,2.73
-2.689,3.22
-2.894,1.051
2.707,1.089
2.625,1.912
2.171,3.233
1.708,2.245
1.03,3.627
0.961,3.313
0.822,3.433
0.715,2.956
-0.084,1.139
2.688,1.982
1.868,2.477
1.04,1.773
0.929,1.52
-1.199,0.097
-2.626,0.152
0.749,3.778
0.334,3.846
-0.038,0.167
-0.494,0.142
-0.691,0.154
-0.917,0.05
-1.348,0.106
-1.472,0.125
-1.791,-0.063
-1.833,0.078
-2.757,0.061
-2.825,0.206
3.134,0.243
2.841,-0.215
2.668,-0.131
2.692,-0.127
1.687,0.04
1.087,-0.14
0.83,0.098
0.439,0.098
0.152,4.27
-0.007,4.278
-0.262,4.424
-0.315,4.395
-0.448,4.279
-1.901,4.233
-2.299,4.317
-2.398,4.333
2.779,4.448
2.199,4.423
1.791,4.406
1.581,4.472
0.873,4.202
0.66,4.436
-0.412,3.964
-1.734,1.831
-2.61,2.546
2.622,1.333
2.259,3.53
1.324,3.228
0.66,3.001
-0.027,-0.004
-3.117,4.303
0.4,3.882
0.279,0.574
0.299,1.296
0.111,1.462
0.082,0.488
0.119,1.42
0.067,2.651
0.055,1.95
-0.019,1.153
-0.226,2.499
-0.17,3.986
-0.195,1.843
-0.324,2.385
-0.345,3.838
-0.37,4.135
-0.378,3.99
-0.326,2.54
-0.533,4.026
-0.512,3.861
-0.773,4.077
-0.69,1.601
-0.807,2.353
-0.983,2.16
-0.98,1.166
-0.87,1.824
-1.008,0.771
-0.919,0.333
-1.176,3.921
-1.309,2.68
-1.473,3.972
-1.355,2.593
-1.369,2.985
-1.508,0.656
-1.438,2.907
-1.64,0.458
-1.633,1.546
-1.75,3.329
-1.632,4.213
-1.691,1.243
-1.874,3.628
-1.803,2.49
-1.83,3.768
-1.825,2.19
-1.965,2.826
-2.001,0.506
-2.022,2.489
-1.955,1.549
-2.139,1.503
-2.04,2.582
-2.088,1.659
-2.307,1.645
-2.514,2.933
-2.428,4.162
-2.58,1.836
-2.597,1.147
-2.537,2.837
-2.575,1.293
-2.729,1.465
-2.734,4.048
-2.893,2.216
-2.794,2.285
-2.948,4.287
-2.919,3.655
-3.096,3.539
-2.99,2.925
3.088,4.081
3.104,2.716
2.977,1.247
2.972,1.183
2.819,2.455
2.927,1.047
2.762,2.645
2.889,1.262
2.832,4.123
2.766,1.287
2.785,0.612
2.607,3.624
2.733,1.835
2.666,2.757
2.644,3.957
2.64,0.248
2.488,1.603
2.56,2.729
2.442,3.198
2.501,3.835
2.314,3.807
2.412,3.028
2.295,0.997
2.286,2.754
2.088,2.971
2.083,2.294
2.149,1.886
2.132,1.446
1.987,3.96
2.084,1.441
1.962,0.35
1.919,0.453
1.903,3.219
1.77,3.186
1.692,2.541
1.707,2.245
1.695,4.216
1.468,3.408
1.595,3.742
1.253,2.653
1.348,1.17
1.222,1.061
1.171,1.77
1.073,0.287
1.015,1.166
0.956,2.688
0.817,1.067
0.792,1.183
0.798,2.213
0.638,2.454
0.764,1.649
0.715,3.013
0.655,1.461
0.613,1.584
0.498,3.14
0.33,1.887
-0.535,-0.031
-0.517,0.061
-0.75,-0.026
-1.752,-0.199
-1.822,0.237
-1.972,-0.035
-2.704,0.055
-2.783,0.174
3.031,-0.272
2.905,-0.003
2.031,0.08
1.854,-0.105
1.61,-0.137
1.53,0.146
1.024,-0.128
1.103,-0.089
1.115,-0.058
0.634,-0.151
0.516,0.019
0.36,-0.124
0.184,4.273
-0.222,4.383
-1.683,4.281
-2.093,4.312
-2.332,4.285
-2.2,4.396
-2.436,4.356
-3.073,4.324
2.618,4.397
2.742,4.367
2.293,4.339
1.123,4.094
-0.13,3.718
-1.788,1.415
0.405,1.031
-2.304,2.886
-2.605,3.376
-2.81,1.207
2.791,1.245
2.709,2.068
2.255,3.389
1.792,2.401
1.114,3.783
1.045,3.469
0.906,3.589
0.799,3.112
0.0,1.295
2.772,2.138
1.952,2.633
1.124,1.929
1.013,1.676
-1.115,0.253
-2.542,0.308
0.833,3.934
0.418,4.002
-0.456,-0.025
-0.653,-0.013
-0.879,-0.117
-1.31,-0.061
-1.434,-0.042
-1.753,-0.23
-1.795,-0.089
-2.719,-0.106
-2.787,0.039
-3.111,0.076
2.879,-0.382
2.706,-0.298
2.73,-0.294
1.725,-0.127
1.125,-0.307
0.868,-0.069
0.477,-0.069
0.19,4.103
0.031,4.111
-0.224,4.257
-0.277,4.228
-0.41,4.112
-1.863,4.066
-2.261,4.15
-2.36,4.166
2.817,4.281
2.237,4.256
1.829,4.239
1.619,4.305
0.911,4.035
0.698,4.269
-0.374,3.797
-1.696,1.664
-2.572,2.379
2.66,1.166
2.297,3.363
1.362,3.061
0.698,2.834
0.011,-0.171
-3.079,4.136
0.438,3.715
0.317,0.407
0.337,1.129
0.149,1.295
0.12,0.321
0.157,1.253
0.105,2.484
0.093,1.783
0.019,0.986
-0.188,2.332
-0.132,3.819
-0.157,1.676
-0.286,2.218
-0.307,3.671
-0.332,3.968
-0.34,3.823
-0.288,2.373
-0.495,3.859
-0.474,3.694
-0.735,3.91
-0.652,1.434
-0.769,2.186
-0.945,1.993
-0.942,0.999
-0.832,1.657
-0.97,0.604
-0.881,0.166
-1.138,3.754
-1.271,2.513
-1.435,3.805
-1.317,2.426
-1.331,2.818
-1.47,0.489
-1.4,2.74
-1.602,0.291
-1.595,1.379
-1.712,3.162
-1.594,4.046
-1.653,1.076
-1.836,3.461
-1.765,2.323
-1.792,3.601
-1.787,2.023
-1.927,2.659
-1.963,0.339
-1.984,2.322
-1.917,1.382
-2.101,1.336
-2.002,2.415
-2.05,1.492
-2.269,1.478
-2.476,2.766
-2.39,3.995
-2.542,1.669
-2.559,0.98
-2.499,2.67
-2.537,1.126
-2.691,1.298
-2.696,3.881
-2.855,2.049
-2.756,2.118
-2.91,4.12
-2.881,3.488
-3.058,3.372
-2.952,2.758
3.126,3.914
-3.141,2.549
3.015,1.08
3.01,1.016
2.857,2.288
2.965,0.88
2.8,2.478
2.927,1.095
2.87,3.956
2.804,1.12
2.823,0.445
2.645,3.457
2.771,1.668
2.704,2.59
2.682,3.79
2.678,0.081
2.526,1.436
2.598,2.562
2.48,3.031
2.539,3.668
2.352,3.64
2.45,2.861
2.333,0.83
2.324,2.587
2.126,2.804
2.121,2.127
2.187,1.719
2.17,1.279
2.025,3.793
2.122,1.274
2.0,0.183
1.957,0.286
1.941,3.052
1.808,3.019
1.73,2.374
1.745,2.078
1.733,4.049
1.506,3.241
1.633,3.575
1.291,2.486
1.386,1.003
1.26,0.894
1.209,1.603
1.111,0.12
1.053,0.999
0.994,2.521
0.855,0.9
0.83,1.016
0.836,2.046
0.676,2.287
0.802,1.482
0.753,2.846
0.693,1.294
0.651,1.417
0.536,2.973
0.368,1.72
-0.497,-0.198
-0.479,-0.106
-0.712,-0.193
-1.714,-0.366
-1.784,0.07
-1.934,-0.202
-2.666,-0.112
-2.745,0.007
3.069,-0.439
2.943,-0.17
2.069,-0.087
1.892,-0.272
1.648,-0.304
1.568,-0.021
1.062,-0.295
1.141,-0.256
1.153,-0.225
0.672,-0.318
0.554,-0.148
0.398,-0.291
0.222,4.106
-0.184,4.216
-1.645,4.114
-2.055,4.145
-2.294,4.118
-2.162,4.229
-2.398,4.189
-3.035,4.157
2.656,4.23
2.78,4.2
2.331,4.172
1.161,3.927
-0.092,3.551
-1.75,1.248
0.443,0.864
-2.266,2.719
-2.567,3.209
-2.772,1.04
2.829,1.078
2.747,1.901
2.293,3.222
1.83,2.234
1.152,3.616
1.083,3.302
0.944,3.422
0.837,2.945
0.038,1.128
2.81,1.971
1.99,2.466
1.162,1.762
1.051,1.509
-1.077,0.086
-2.504,0.141
0.871,3.767
0.456,3.835
-0.197,0.012
-0.423,-0.092
-0.854,-0.036
-0.978,-0.017
-1.297,-0.205
-1.339,-0.064
-2.263,-0.081
-2.331,0.064
-2.655,0.101
-2.948,-0.357
-3.121,-0.273
-3.097,-0.269
2.181,-0.102
1.581,-0.282
1.324,-0.044
0.933,-0.044
0.646,4.128
0.487,4.136
0.232,4.282
0.179,4.253
0.046,4.137
-1.407,4.091
-1.805,4.175
-1.904,4.191
-3.01,4.306
2.693,4.281
2.285,4.264
2.075,4.33
1.367,4.06
1.154,4.294
0.082,3.822
-1.24,1.689
-2.116,2.404
3.116,1.191
2.753,3.388
1.818,3.086
1.154,2.859
0.467,-0.146
-2.623,4.161
0.894,3.74
0.773,0.432
0.793,1.154
0.605,1.32
0.576,0.346
0.613,1.278
0.561,2.509
0.549,1.808
0.475,1.011
0.268,2.357
0.324,3.844
0.299,1.701
0.17,2.243
0.149,3.696
0.124,3.993
0.116,3.848
0.168,2.398
-0.039,3.884
-0.018,3.719
-0.279,3.935
-0.196,1.459
-0.313,2.211
-0.489,2.018
-0.486,1.024
-0.376,1.682
-0.514,0.629
-0.425,0.191
-0.682,3.779
-0.815,2.538
-0.979,3.83
-0.861,2.451
-0.875,2.843
-1.014,0.514
-0.944,2.765
-1.146,0.316
-1.139,1.404
-1.256,3.187
-1.138,4.071
-1.197,1.101
-1.38,3.486
-1.309,2.348
-1.336,3.626
-1.331,2.048
-1.471,2.684
-1.507,0.364
-1.528,2.347
-1.461,1.407
-1.645,1.361
-1.546,2.44
-1.594,1.517
-1.813,1.503
-2.02,2.791
-1.934,4.02
-2.086,1.694
-2.103,1.005
-2.043,2.695
-2.081,1.151
-2.235,1.323
-2.24,3.906
-2.399,2.074
-2.3,2.143
-2.454,4.145
-2.425,3.513
-2.602,3.397
-2.496,2.783
-2.701,3.939
-2.685,2.574
-2.812,1.105
-2.817,1.041
-2.97,2.313
-2.862,0.905
-3.027,2.503
-2.9,1.12
-2.957,3.981
-3.023,1.145
-3.004,0.47
3.101,3.482
-3.056,1.693
-3.123,2.615
3.138,3.815
3.134,0.106
2.982,1.461
3.054,2.587
2.936,3.056
2.995,3.693
2.808,3.665
2.906,2.886
2.789,0.855
2.78,2.612
2.582,2.829
2.577,2.152
2.643,1.744
2.626,1.304
2.481,3.818
2.578,1.299
2.456,0.208
2.413,0.311
2.397,3.077
2.264,3.044
2.186,2.399
2.201,2.103
2.189,4.074
1.962,3.266
2.089,3.6
1.747,2.511
1.842,1.028
1.716,0.919
1.665,1.628
1.567,0.145
1.509,1.024
1.45,2.546
1.311,0.925
1.286,1.041
1.292,2.071
1.132,2.312
1.258,1.507
1.209,2.871
1.149,1.319
1.107,1.442
0.992,2.998
0.824,1.745
-0.041,-0.173
-0.023,-0.081
-0.256,-0.168
-1.258,-0.341
-1.328,0.095
-1.478,-0.177
-2.21,-0.087
-2.289,0.032
-2.758,-0.414
-2.884,-0.145
2.525,-0.062
2.348,-0.247
2.104,-0.279
2.024,0.004
1.518,-0.27
1.597,-0.231
1.609,-0.2
1.128,-0.293
1.01,-0.123
0.854,-0.266
0.678,4.131
0.272,4.241
-1.189,4.139
-1.599,4.17
-1.838,4.143
-1.706,4.254
-1.942,4.214
-2.579,4.182
3.112,4.255
-3.047,4.225
2.787,4.197
1.617,3.952
0.364,3.576
-1.294,1.273
0.899,0.889
-1.81,2.744
-2.111,3.234
-2.316,1.065
-2.998,1.103
-3.08,1.926
2.749,3.247
2.286,2.259
1.608,3.641
1.539,3.327
1.4,3.447
1.293,2.97
0.494,1.153
-3.017,1.996
2.446,2.491
1.618,1.787
1.507,1.534
-0.621,0.111
-2.048,0.166
1.327,3.792
0.912,3.86
-0.226,-0.104
-0.657,-0.048
-0.781,-0.029
-1.1,-0.217
-1.142,-0.076
-2.066,-0.093
-2.134,0.052
-2.458,0.089
-2.751,-0.369
-2.924,-0.285
-2.9,-0.281
2.378,-0.114
1.778,-0.294
1.521,-0.056
1.13,-0.056
0.843,4.116
0.684,4.124
0.429,4.27
0.376,4.241
0.243,4.125
-1.21,4.079
-1.608,4.163
-1.707,4.179
-2.813,4.294
2.89,4.269
2.482,4.252
2.272,4.318
1.564,4.048
1.351,4.282
0.279,3.81
-1.043,1.677
-1.919,2.392
-2.97,1.179
2.95,3.376
2.015,3.074
1.351,2.847
0.664,-0.158
-2.426,4.149
1.091,3.728
0.97,0.42
0.99,1.142
0.802,1.308
0.773,0.334
0.81,1.266
0.758,2.497
0.746,1.796
0.672,0.999
0.465,2.345
0.521,3.832
0.496,1.689
0.367,2.231
0.346,3.684
0.321,3.981
0.313,3.836
0.365,2.386
0.158,3.872
0.179,3.707
-0.082,3.923
0.001,1.447
-0.116,2.199
-0.292,2.006
-0.289,1.012
-0.179,1.67
-0.317,0.617
-0.228,0.179
-0.485,3.767
-0.618,2.526
-0.782,3.818
-0.664,2.439
-0.678,2.831
-0.817,0.502
-0.747,2.753
-0.949,0.304
-0.942,1.392
-1.059,3.175
-0.941,4.059
-1.0,1.089
-1.183,3.474
-1.112,2.336
-1.139,3.614
-1.134,2.036
-1.274,2.672
-1.31,0.352
-1.331,2.335
-1.264,1.395
-1.448,1.349
-1.349,2.428
-1.397,1.505
-1.616,1.491
-1.823,2.779
-1.737,4.008
-1.889,1.682
-1.906,0.993
-1.846,2.683
-1.884,1.139
-2.038,1.311
-2.043,3.894
-2.202,2.062
-2.103,2.131
-2.257,4.133
-2.228,3.501
-2.405,3.385
-2.299,2.771
-2.504,3.927
-2.488,2.562
-2.615,1.093
-2.62,1.029
-2.773,2.301
-2.665,0.893
-2.83,2.491
-2.703,1.108
-2.76,3.969
-2.826,1.133
-2.807,0.458
-2.985,3.47
-2.859,1.681
-2.926,2.603
-2.948,3.803
-2.952,0.094
-3.104,1.449
-3.032,2.575
3.133,3.044
-3.091,3.681
3.005,3.653
3.103,2.874
2.986,0.843
2.977,2.6
2.779,2.817
2.774,2.14
2.84,1.732
2.823,1.292
2.678,3.806
2.775,1.287
2.653,0.196
2.61,0.299
2.594,3.065
2.461,3.032
2.383,2.387
2.398,2.091
2.386,4.062
2.159,3.254
2.286,3.588
1.944,2.499
2.039,1.016
1.913,0.907
1.862,1.616
1.764,0.133
1.706,1.012
1.647,2.534
1.508,0.913
1.483,1.029
1.489,2.059
1.329,2.3
1.455,1.495
1.406,2.859
1.346,1.307
1.304,1.43
1.189,2.986
1.021,1.733
0.156,-0.185
0.174,-0.093
-0.059,-0.18
-1.061,-0.353
-1.131,0.083
-1.281,-0.189
-2.013,-0.099
-2.092,0.02
-2.561,-0.426
-2.687,-0.157
2.722,-0.074
2.545,-0.259
2.301,-0.291
2.221,-0.008
1.715,-0.282
1.794,-0.243
1.806,-0.212
1.325,-0.305
1.207,-0.135
1.051,-0.278
0.875,4.119
0.469,4.229
-0.992,4.127
-1.402,4.158
-1.641,4.131
-1.509,4.242
-1.745,4.202
-2.382,4.17
-2.974,4.243
-2.85,4.213
2.984,4.185
1.814,3.94
0.561,3.564
-1.097,1.261
1.096,0.877
-1.613,2.732
-1.914,3.222
-2.119,1.053
-2.801,1.091
-2.883,1.914
2.946,3.235
2.483,2.247
1.805,3.629
1.736,3.315
1.597,3.435
1.49,2.958
0.691,1.141
-2.82,1.984
2.643,2.479
1.815,1.775
1.704,1.522
-0.424,0.099
-1.851,0.154
1.524,3.78
1.109,3.848
-0.431,0.056
-0.555,0.075
-0.874,-0.113
-0.916,0.028
-1.84,0.011
-1.908,0.156
-2.232,0.193
-2.525,-0.265
-2.698,-0.181
-2.674,-0.177
2.604,-0.01
2.004,-0.19
1.747,0.048
1.356,0.048
1.069,4.22
0.91,4.228
0.655,4.374
0.602,4.345
0.469,4.229
-0.984,4.183
-1.382,4.267
-1.481,4.283
-2.587,4.398
3.116,4.373
2.708,4.356
2.498,4.422
1.79,4.152
1.577,4.386
0.505,3.914
-0.817,1.781
-1.693,2.496
-2.744,1.283
-3.107,3.48
2.241,3.178
1.577,2.951
0.89,-0.054
-2.2,4.253
1.317,3.832
1.196,0.524
1.216,1.246
1.028,1.412
0.999,0.438
1.036,1.37
0.984,2.601
0.972,1.9
0.898,1.103
0.691,2.449
0.747,3.936
0.722,1.793
0.593,2.335
0.572,3.788
0.547,4.085
0.539,3.94
0.591,2.49
0.384,3.976
0.405,3.811
0.144,4.027
0.227,1.551
0.11,2.303
-0.066,2.11
-0.063,1.116
0.047,1.774
-0.091,0.721
-0.002,0.283
-0.259,3.871
-0.392,2.63
-0.556,3.922
-0.438,2.543
-0.452,2.935
-0.591,0.606
-0.521,2.857
-0.723,0.408
-0.716,1.496
-0.833,3.279
-0.715,4.163
-0.774,1.193
-0.957,3.578
-0.886,2.44
-0.913,3.718
-0.908,2.14
-1.048,2.776
-1.084,0.456
-1.105,2.439
-1.038,1.499
-1.222,1.453
-1.123,2.532
-1.171,1.609
-1.39,1.595
-1.597,2.883
-1.511,4.112
-1.663,1.786
-1.68,1.097
-1.62,2.787
-1.658,1.243
-1.812,1.415
-1.817,3.998
-1.976,2.166
-1.877,2.235
-2.031,4.237
-2.002,3.605
-2.179,3.489
-2.073,2.875
-2.278,4.031
-2.262,2.666
-2.389,1.197
-2.394,1.133
-2.547,2.405
-2.439,0.997
-2.604,2.595
-2.477,1.212
-2.534,4.073
-2.6,1.237
-2.581,0.562
-2.759,3.574
-2.633,1.785
-2.7,2.707
-2.722,3.907
-2.726,0.198
-2.878,1.553
-2.806,2.679
-2.924,3.148
-2.865,3.785
-3.052,3.757
-2.954,2.978
-3.071,0.947
-3.08,2.704
3.005,2.921
3.0,2.244
3.066,1.836
3.049,1.396
2.904,3.91
3.001,1.391
2.879,0.3
2.836,0.403
2.82,3.169
2.687,3.136
2.609,2.491
2.624,2.195
2.612,4.166
2.385,3.358
2.512,3.692
2.17,2.603
2.265,1.12
2.139,1.011
2.088,1.72
1.99,0.237
1.932,1.116
1.873,2.638
1.734,1.017
1.709,1.133
1.715,2.163
1.555,2.404
1.681,1.599
1.632,2.963
1.572,1.411
1.53,1.534
1.415,3.09
1.247,1.837
0.382,-0.081
0.4,0.011
0.167,-0.076
-0.835,-0.249
-0.905,0.187
-1.055,-0.085
-1.787,0.005
-1.866,0.124
-2.335,-0.322
-2.461,-0.053
2.948,0.03
2.771,-0.155
2.527,-0.187
2.447,0.096
1.941,-0.178
2.02,-0.139
2.032,-0.108
1.551,-0.201
1.433,-0.031
1.277,-0.174
1.101,4.223
0.695,4.333
-0.766,4.231
-1.176,4.262
-1.415,4.235
-1.283,4.346
-1.519,4.306
-2.156,4.274
-2.748,4.347
-2.624,4.317
-3.073,4.289
2.04,4.044
0.787,3.668
-0.871,1.365
1.322,0.981
-1.387,2.836
-1.688,3.326
-1.893,1.157
-2.575,1.195
-2.657,2.018
-3.111,3.339
2.709,2.351
2.031,3.733
1.962,3.419
1.823,3.539
1.716,3.062
0.917,1.245
-2.594,2.088
2.869,2.583
2.041,1.879
1.93,1.626
-0.198,0.203
-1.625,0.258
1.75,3.884
1.335,3.952
-0.124,0.019
-0.443,-0.169
-0.485,-0.028
-1.409,-0.045
-1.477,0.1
-1.801,0.137
-2.094,-0.321
-2.267,-0.237
-2.243,-0.233
3.035,-0.066
2.435,-0.246
2.178,-0.008
1.787,-0.008
1.5,4.164
1.341,4.172
1.086,4.318
1.033,4.289
0.9,4.173
-0.553,4.127
-0.951,4.211
-1.05,4.227
-2.156,4.342
-2.736,4.317
3.139,4.3
2.929,4.366
2.221,4.096
2.008,4.33
0.936,3.858
-0.386,1.725
-1.262,2.44
-2.313,1.227
-2.676,3.424
2.672,3.122
2.008,2.895
1.321,-0.11
-1.769,4.197
1.748,3.776
1.627,0.468
1.647,1.19
1.459,1.356
1.43,0.382
1.467,1.314
1.415,2.545
1.403,1.844
1.329,1.047
1.122,2.393
1.178,3.88
1.153,1.737
1.024,2.279
1.003,3.732
0.978,4.029
0.97,3.884
1.022,2.434
0.815,3.92
0.836,3.755
0.575,3.971
0.658,1.495
0.541,2.247
0.365,2.054
0.368,1.06
0.478,1.718
0.34,0.665
0.429,0.227
0.172,3.815
0.039,2.574
-0.125,3.866
-0.007,2.487
-0.021,2.879
-0.16,0.55
-0.09,2.801
-0.292,0.352
-0.285,1.44
-0.402,3.223
-0.284,4.107
-0.343,1.137
-0.526,3.522
-0.455,2.384
-0.482,3.662
-0.477,2.084
-0.617,2.72
-0.653,0.4
-0.674,2.383
-0.607,1.443
-0.791,1.397
-0.692,2.476
-0.74,1.553
-0.959,1.539
-1.166,2.827
-1.08,4.056
-1.232,1.73
-1.249,1.041
-1.189,2.731
-1.227,1.187
-1.381,1.359
-1.386,3.942
-1.545,2.11
-1.446,2.179
-1.6,4.181
-1.571,3.549
-1.748,3.433
-1.642,2.819
-1.847,3.975
-1.831,2.61
-1.958,1.141
-1.963,1.077
-2.116,2.349
-2.008,0.941
-2.173,2.539
-2.046,1.156
-2.103,4.017
-2.169,1.181
-2.15,0.506
-2.328,3.518
-2.202,1.729
-2.269,2.651
-2.291,3.851
-2.295,0.142
-2.447,1.497
-2.375,2.623
-2.493,3.092
-2.434,3.729
-2.621,3.701
-2.523,2.922
-2.64,0.891
-2.649,2.648
-2.847,2.865
-2.852,2.188
-2.786,1.78
-2.803,1.34
-2.948,3.854
-2.851,1.335
-2.973,0.244
-3.016,0.347
-3.032,3.113
3.118,3.08
3.04,2.435
3.055,2.139
3.043,4.11
2.816,3.302
2.943,3.636
2.601,2.547
2.696,1.064
2.57,0.955
2.519,1.664
2.421,0.181
2.363,1.06
2.304,2.582
2.165,0.961
2.14,1.077
2.146,2.107
1.986,2.348
2.112,1.543
2.063,2.907
2.003,1.355
1.961,1.478
1.846,3.034
1.678,1.781
0.813,-0.137
0.831,-0.045
0.598,-0.132
-0.404,-0.305
-0.474,0.131
-0.624,-0.141
-1.356,-0.051
-1.435,0.068
-1.904,-0.378
-2.03,-0.109
-2.904,-0.026
-3.081,-0.211
2.958,-0.243
2.878,0.04
2.372,-0.234
2.451,-0.195
2.463,-0.164
1.982,-0.257
1.864,-0.087
1.708,-0.23
1.532,4.167
1.126,4.277
-0.335,4.175
-0.745,4.206
-0.984,4.179
-0.852,4.29
-1.088,4.25
-1.725,4.218
-2.317,4.291
-2.193,4.261
-2.642,4.233
2.471,3.988
1.218,3.612
-0.44,1.309
1.753,0.925
-0.956,2.78
-1.257,3.27
-1.462,1.101
-2.144,1.139
-2.226,1.962
-2.68,3.283
3.14,2.295
2.462,3.677
2.393,3.363
2.254,3.483
2.147,3.006
1.348,1.189
-2.163,2.032
-2.983,2.527
2.472,1.823
2.361,1.57
0.233,0.147
-1.194,0.202
2.181,3.828
1.766,3.896
-0.319,-0.188
-0.361,-0.047
-1.285,-0.064
-1.353,0.081
-1.677,0.118
-1.97,-0.34
-2.143,-0.256
-2.119,-0.252
-3.124,-0.085
2.559,-0.265
2.302,-0.027
1.911,-0.027
1.624,4.145
1.465,4.153
1.21,4.299
1.157,4.27
1.024,4.154
-0.429,4.108
-0.827,4.192
-0.926,4.208
-2.032,4.323
-2.612,4.298
-3.02,4.281
3.053,4.347
2.345,4.077
2.132,4.311
1.06,3.839
-0.262,1.706
-1.138,2.421
-2.189,1.208
-2.552,3.405
2.796,3.103
2.132,2.876
1.445,-0.129
-1.645,4.178
1.872,3.757
1.751,0.449
1.771,1.171
1.583,1.337
1.554,0.363
1.591,1.295
1.539,2.526
1.527,1.825
1.453,1.028
1.246,2.374
1.302,3.861
1.277,1.718
1.148,2.26
1.127,3.713
1.102,4.01
1.094,3.865
1.146,2.415
0.939,3.901
0.96,3.736
0.699,3.952
0.782,1.476
0.665,2.228
0.489,2.035
0.492,1.041
0.602,1.699
0.464,0.646
0.553,0.208
0.296,3.796
0.163,2.555
-0.001,3.847
0.117,2.468
0.103,2.86
-0.036,0.531
0.034,2.782
-0.168,0.333
-0.161,1.421
-0.278,3.204
-0.16,4.088
-0.219,1.118
-0.402,3.503
-0.331,2.365
-0.358,3.643
-0.353,2.065
-0.493,2.701
-0.529,0.381
-0.55,2.364
-0.483,1.424
-0.667,1.378
-0.568,2.457
-0.616,1.534
-0.835,1.52
-1.042,2.808
-0.956,4.037
-1.108,1.711
-1.125,1.022
-1.065,2.712
-1.103,1.168
-1.257,1.34
-1.262,3.923
-1.421,2.091
-1.322,2.16
-1.476,4.162
-1.447,3.53
-1.624,3.414
-1.518,2.8
-1.723,3.956
-1.707,2.591
-1.834,1.122
-1.839,1.058
-1.992,2.33
-1.884,0.922
-2.049,2.52
-1.922,1.137
-1.979,3.998
-2.045,1.162
-2.026,0.487
-2.204,3.499
-2.078,1.71
-2.145,2.632
-2.167,3.832
-2.171,0.123
-2.323,1.478
-2.251,2.604
-2.369,3.073
-2.31,3.71
-2.497,3.682
-2.399,2.903
-2.516,0.872
-2.525,2.629
-2.723,2.846
-2.728,2.169
-2.662,1.761
-2.679,1.321
-2.824,3.835
-2.727,1.316
-2.849,0.225
-2.892,0.328
-2.908,3.094
-3.041,3.061
-3.119,2.416
-3.104,2.12
-3.116,4.091
2.94,3.283
3.067,3.617
2.725,2.528
2.82,1.045
2.694,0.936
2.643,1.645
2.545,0.162
2.487,1.041
2.428,2.563
2.289,0.942
2.264,1.058
2.27,2.088
2.11,2.329
2.236,1.524
2.187,2.888
2.127,1.336
2.085,1.459
1.97,3.015
1.802,1.762
0.937,-0.156
0.955,-0.064
0.722,-0.151
-0.28,-0.324
-0.35,0.112
-0.5,-0.16
-1.232,-0.07
-1.311,0.049
-1.78,-0.397
-1.906,-0.128
-2.78,-0.045
-2.957,-0.23
3.082,-0.262
3.002,0.021
2.496,-0.253
2.575,-0.214
2.587,-0.183
2.106,-0.276
1.988,-0.106
1.832,-0.249
1.656,4.148
1.25,4.258
-0.211,4.156
-0.621,4.187
-0.86,4.16
-0.728,4.271
-0.964,4.231
-1.601,4.199
-2.193,4.272
-2.069,4.242
-2.518,4.214
2.595,3.969
1.342,3.593
-0.316,1.29
1.877,0.906
-0.832,2.761
-1.133,3.251
-1.338,1.082
-2.02,1.12
-2.102,1.943
-2.556,3.264
-3.019,2.276
2.586,3.658
2.517,3.344
2.378,3.464
2.271,2.987
1.472,1.17
-2.039,2.013
-2.859,2.508
2.596,1.804
2.485,1.551
0.357,0.128
-1.07,0.183
2.305,3.809
1.89,3.877
-0.042,0.141
-0.966,0.124
-1.034,0.269
-1.358,0.306
-1.651,-0.152
-1.824,-0.068
-1.8,-0.064
-2.805,0.103
2.878,-0.077
2.621,0.161
2.23,0.161
1.943,4.333
1.784,4.341
1.529,4.487
1.476,4.458
1.343,4.342
-0.11,4.296
-0.508,4.38
-0.607,4.396
-1.713,4.511
-2.293,4.486
-2.701,4.469
-2.911,4.535
2.664,4.265
2.451,4.499
1.379,4.027
0.057,1.894
-0.819,2.609
-1.87,1.396
-2.233,3.593
3.115,3.291
2.451,3.064
1.764,0.059
-1.326,4.366
2.191,3.945
2.07,0.637
2.09,1.359
1.902,1.525
1.873,0.551
1.91,1.483
1.858,2.714
1.846,2.013
1.772,1.216
1.565,2.562
1.621,4.049
1.596,1.906
1.467,2.448
1.446,3.901
1.421,4.198
1.413,4.053
1.465,2.603
1.258,4.089
1.279,3.924
1.018,4.14
1.101,1.664
0.984,2.416
0.808,2.223
0.811,1.229
0.921,1.887
0.783,0.834
0.872,0.396
0.615,3.984
0.482,2.743
0.318,4.035
0.436,2.656
0.422,3.048
0.283,0.719
0.353,2.97
0.151,0.521
0.158,1.609
0.041,3.392
0.159,4.276
0.1,1.306
-0.083,3.691
-0.012,2.553
-0.039,3.831
-0.034,2.253
-0.174,2.889
-0.21,0.569
-0.231,2.552
-0.164,1.612
-0.348,1.566
-0.249,2.645
-0.297,1.722
-0.516,1.708
-0.723,2.996
-0.637,4.225
-0.789,1.899
-0.806,1.21
-0.746,2.9
-0.784,1.356
-0.938,1.528
-0.943,4.111
-1.102,2.279
-1.003,2.348
-1.157,4.35
-1.128,3.718
-1.305,3.602
-1.199,2.988
-1.404,4.144
-1.388,2.779
-1.515,1.31
-1.52,1.246
-1.673,2.518
-1.565,1.11
-1.73,2.708
-1.603,1.325
-1.66,4.186
-1.726,1.35
-1.707,0.675
-1.885,3.687
-1.759,1.898
-1.826,2.82
-1.848,4.02
-1.852,0.311
-2.004,1.666
-1.932,2.792
-2.05,3.261
-1.991,3.898
-2.178,3.87
-2.08,3.091
-2.197,1.06
-2.206,2.817
-2.404,3.034
-2.409,2.357
-2.343,1.949
-2.36,1.509
-2.505,4.023
-2.408,1.504
-2.53,0.413
-2.573,0.516
-2.589,3.282
-2.722,3.249
-2.8,2.604
-2.785,2.308
-2.797,4.279
-3.024,3.471
-2.897,3.805
3.044,2.716
3.139,1.233
3.013,1.124
2.962,1.833
2.864,0.35
2.806,1.229
2.747,2.751
2.608,1.13
2.583,1.246
2.589,2.276
2.429,2.517
2.555,1.712
2.506,3.076
2.446,1.524
2.404,1.647
2.289,3.203
2.121,1.95
1.256,0.032
1.274,0.124
1.041,0.037
0.039,-0.136
-0.031,0.3
-0.181,0.028
-0.913,0.118
-0.992,0.237
-1.461,-0.209
-1.587,0.06
-2.461,0.143
-2.638,-0.042
-2.882,-0.074
-2.962,0.209
2.815,-0.065
2.894,-0.026
2.906,0.005
2.425,-0.088
2.307,0.082
2.151,-0.061
1.975,4.336
1.569,4.446
0.108,4.344
-0.302,4.375
-0.541,4.348
-0.409,4.459
-0.645,4.419
-1.282,4.387
-1.874,4.46
-1.75,4.43
-2.199,4.402
2.914,4.157
1.661,3.781
0.003,1.478
2.196,1.094
-0.513,2.949
-0.814,3.439
-1.019,1.27
-1.701,1.308
-1.783,2.131
-2.237,3.452
-2.7,2.464
2.905,3.846
2.836,3.532
2.697,3.652
2.59,3.175
1.791,1.358
-1.72,2.201
-2.54,2.696
2.915,1.992
2.804,1.739
0.676,0.316
-0.751,0.371
2.624,3.997
2.209,4.065
-0.924,-0.017
-0.992,0.128
-1.316,0.165
-1.609,-0.293
-1.782,-0.209
-1.758,-0.205
-2.763,-0.038
2.92,-0.218
2.663,0.02
2.272,0.02
1.985,4.192
1.826,4.2
1.571,4.346
1.518,4.317
1.385,4.201
-0.068,4.155
-0.466,4.239
-0.565,4.255
-1.671,4.37
-2.251,4.345
-2.659,4.328
-2.869,4.394
2.706,4.124
2.493,4.358
1.421,3.886
0.099,1.753
-0.777,2.468
-1.828,1.255
-2.191,3.452
-3.126,3.15
2.493,2.923
1.806,-0.082
-1.284,4.225
2.233,3.804
2.112,0.496
2.132,1.218
1.944,1.384
1.915,0.41
1.952,1.342
1.9,2.573
1.888,1.872
1.814,1.075
1.607,2.421
1.663,3.908
1.638,1.765
1.509,2.307
1.488,3.76
1.463,4.057
1.455,3.912
1.507,2.462
1.3,3.948
1.321,3.783
1.06,3.999
1.143,1.523
1.026,2.275
0.85,2.082
0.853,1.088
0.963,1.746
0.825,0.693
0.914,0.255
0.657,3.843
0.524,2.602
0.36,3.894
0.478,2.515
0.464,2.907
0.325,0.578
0.395,2.829
0.193,0.38
0.2,1.468
0.083,3.251
0.201,4.135
0.142,1.165
-0.041,3.55
0.03,2.412
0.003,3.69
0.008,2.112
-0.132,2.748
-0.168,0.428
-0.189,2.411
-0.122,1.471
-0.306,1.425
-0.207,2.504
-0.255,1.581
-0.474,1.567
-0.681,2.855
-0.595,4.084
-0.747,1.758
-0.764,1.069
-0.704,2.759
-0.742,1.215
-0.896,1.387
-0.901,3.97
-1.06,2.138
-0.961,2.207
-1.115,4.209
-1.086,3.577
-1.263,3.461
-1.157,2.847
-1.362,4.003
-1.346,2.638
-1.473,1.169
-1.478,1.105
-1.631,2.377
-1.523,0.969
-1.688,2.567
-1.561,1.184
-1.618,4.045
-1.684,1.209
-1.665,0.534
-1.843,3.546
-1.717,1.757
-1.784,2.679
-1.806,3.879
-1.81,0.17
-1.962,1.525
-1.89,2.651
-2.008,3.12
-1.949,3.757
-2.136,3.729
-2.038,2.95
-2.155,0.919
-2.164,2.676
-2.362,2.893
-2.367,2.216
-2.301,1.808
-2.318,1.368
-2.463,3.882
-2.366,1.363
-2.488,0.272
-2.531,0.375
-2.547,3.141
-2.68,3.108
-2.758,2.463
-2.743,2.167
-2.755,4.138
-2.982,3.33
-2.855,3.664
3.086,2.575
-3.102,1.092
3.055,0.983
3.004,1.692
2.906,0.209
2.848,1.088
2.789,2.61
2.65,0.989
2.625,1.105
2.631,2.135
2.471,2.376
2.597,1.571
2.548,2.935
2.488,1.383
2.446,1.506
2.331,3.062
2.163,1.809
1.298,-0.109
1.316,-0.017
1.083,-0.104
0.081,-0.277
0.011,0.159
-0.139,-0.113
-0.871,-0.023
-0.95,0.096
-1.419,-0.35
-1.545,-0.081
-2.419,0.002
-2.596,-0.183
-2.84,-0.215
-2.92,0.068
2.857,-0.206
2.936,-0.167
2.948,-0.136
2.467,-0.229
2.349,-0.059
2.193,-0.202
2.017,4.195
1.611,4.305
0.15,4.203
-0.26,4.234
-0.499,4.207
-0.367,4.318
-0.603,4.278
-1.24,4.246
-1.832,4.319
-1.708,4.289
-2.157,4.261
2.956,4.016
1.703,3.64
0.045,1.337
2.238,0.953
-0.471,2.808
-0.772,3.298
-0.977,1.129
-1.659,1.167
-1.741,1.99
-2.195,3.311
-2.658,2.323
2.947,3.705
2.878,3.391
2.739,3.511
2.632,3.034
1.833,1.217
-1.678,2.06
-2.498,2.555
2.957,1.851
2.846,1.598
0.718,0.175
-0.709,0.23
2.666,3.856
2.251,3.924
-0.068,0.145
-0.392,0.182
-0.685,-0.276
-0.858,-0.192
-0.834,-0.188
-1.839,-0.021
-2.439,-0.201
-2.696,0.037
-3.087,0.037
2.909,4.209
2.75,4.217
2.495,4.363
2.442,4.334
2.309,4.218
0.856,4.172
0.458,4.256
0.359,4.272
-0.747,4.387
-1.327,4.362
-1.735,4.345
-1.945,4.411
-2.653,4.141
-2.866,4.375
2.345,3.903
1.023,1.77
0.147,2.485
-0.904,1.272
-1.267,3.469
-2.202,3.167
-2.866,2.94
2.73,-0.065
-0.36,4.242
-3.126,3.821
3.036,0.513
3.056,1.235
2.868,1.401
2.839,0.427
2.876,1.359
2.824,2.59
2.812,1.889
2.738,1.092
2.531,2.438
2.587,3.925
2.562,1.782
2.433,2.324
2.412,3.777
2.387,4.074
2.379,3.929
2.431,2.479
2.224,3.965
2.245,3.8
1.984,4.016
2.067,1.54
1.95,2.292
1.774,2.099
1.777,1.105
1.887,1.763
1.749,0.71
1.838,0.272
1.581,3.86
1.448,2.619
1.284,3.911
1.402,2.532
1.388,2.924
1.249,0.595
1.319,2.846
1.117,0.397
1.124,1.485
1.007,3.268
1.125,4.152
1.066,1.182
0.883,3.567
0.954,2.429
0.927,3.707
0.932,2.129
0.792,2.765
0.756,0.445
0.735,2.428
0.802,1.488
0.618,1.442
0.717,2.521
0.669,1.598
0.45,1.584
0.243,2.872
0.329,4.101
0.177,1.775
0.16,1.086
0.22,2.776
0.182,1.232
0.028,1.404
0.023,3.987
-0.136,2.155
-0.037,2.224
-0.191,4.226
-0.162,3.594
-0.339,3.478
-0.233,2.864
-0.438,4.02
-0.422,2.655
-0.549,1.186
-0.554,1.122
-0.707,2.394
-0.599,0.986
-0.764,2.584
-0.637,1.201
-0.694,4.062
-0.76,1.226
-0.741,0.551
-0.919,3.563
-0.793,1.774
-0.86,2.696
-0.882,3.896
-0.886,0.187
-1.038,1.542
-0.966,2.668
-1.084,3.137
-1.025,3.774
-1.212,3.746
-1.114,2.967
-1.231,0.936
-1.24,2.693
-1.438,2.91
-1.443,2.233
-1.377,1.825
-1.394,1.385
-1.539,3.899
-1.442,1.38
-1.564,0.289
-1.607,0.392
-1.623,3.158
-1.756,3.125
-1.834,2.48
-1.819,2.184
-1.831,4.155
-2.058,3.347
-1.931,3.681
-2.273,2.592
-2.178,1.109
-2.304,1.0
-2.355,1.709
-2.453,0.226
-2.511,1.105
-2.57,2.627
-2.709,1.006
-2.734,1.122
-2.728,2.152
-2.888,2.393
-2.762,1.588
-2.811,2.952
-2.871,1.4
-2.913,1.523
-3.028,3.079
3.087,1.826
2.222,-0.092
2.24,0.0
2.007,-0.087
1.005,-0.26
0.935,0.176
0.785,-0.096
0.053,-0.006
-0.026,0.113
-0.495,-0.333
-0.621,-0.064
-1.495,0.019
-1.672,-0.166
-1.916,-0.198
-1.996,0.085
-2.502,-0.189
-2.423,-0.15
-2.411,-0.119
-2.892,-0.212
-3.01,-0.042
3.117,-0.185
2.941,4.212
2.535,4.322
1.074,4.22
0.664,4.251
0.425,4.224
0.557,4.335
0.321,4.295
-0.316,4.263
-0.908,4.336
-0.784,4.306
-1.233,4.278
-2.403,4.033
2.627,3.657
0.969,1.354
-3.121,0.97
0.453,2.825
0.152,3.315
-0.053,1.146
-0.735,1.184
-0.817,2.007
-1.271,3.328
-1.734,2.34
-2.412,3.722
-2.481,3.408
-2.62,3.528
-2.727,3.051
2.757,1.234
-0.754,2.077
-1.574,2.572
-2.402,1.868
-2.513,1.615
1.642,0.192
0.215,0.247
-2.693,3.873
-3.108,3.941
-0.324,0.037
-0.617,-0.421
-0.79,-0.337
-0.766,-0.333
-1.771,-0.166
-2.371,-0.346
-2.628,-0.108
-3.019,-0.108
2.977,4.064
2.818,4.072
2.563,4.218
2.51,4.189
2.377,4.073
0.924,4.027
0.526,4.111
0.427,4.127
-0.679,4.242
-1.259,4.217
-1.667,4.2
-1.877,4.266
-2.585,3.996
-2.798,4.23
2.413,3.758
1.091,1.625
0.215,2.34
-0.836,1.127
-1.199,3.324
-2.134,3.022
-2.798,2.795
2.798,-0.21
-0.292,4.097
-3.058,3.676
3.104,0.368
3.124,1.09
2.936,1.256
2.907,0.282
2.944,1.214
2.892,2.445
2.88,1.744
2.806,0.947
2.599,2.293
2.655,3.78
2.63,1.637
2.501,2.179
2.48,3.632
2.455,3.929
2.447,3.784
2.499,2.334
2.292,3.82
2.313,3.655
2.052,3.871
2.135,1.395
2.018,2.147
1.842,1.954
1.845,0.96
1.955,1.618
1.817,0.565
1.906,0.127
1.649,3.715
1.516,2.474
1.352,3.766
1.47,2.387
1.456,2.779
1.317,0.45
1.387,2.701
1.185,0.252
1.192,1.34
1.075,3.123
1.193,4.007
1.134,1.037
0.951,3.422
1.022,2.284
0.995,3.562
1.0,1.984
0.86,2.62
0.824,0.3
0.803,2.283
0.87,1.343
0.686,1.297
0.785,2.376
0.737,1.453
0.518,1.439
0.311,2.727
0.397,3.956
0.245,1.63
0.228,0.941
0.288,2.631
0.25,1.087
0.096,1.259
0.091,3.842
-0.068,2.01
0.031,2.079
-0.123,4.081
-0.094,3.449
-0.271,3.333
-0.165,2.719
-0.37,3.875
-0.354,2.51
-0.481,1.041
-0.486,0.977
-0.639,2.249
-0.531,0.841
-0.696,2.439
-0.569,1.056
-0.626,3.917
-0.692,1.081
-0.673,0.406
-0.851,3.418
-0.725,1.629
-0.792,2.551
-0.814,3.751
-0.818,0.042
-0.97,1.397
-0.898,2.523
-1.016,2.992
-0.957,3.629
-1.144,3.601
-1.046,2.822
-1.163,0.791
-1.172,2.548
-1.37,2.765
-1.375,2.088
-1.309,1.68
-1.326,1.24
-1.471,3.754
-1.374,1.235
-1.496,0.144
-1.539,0.247
-1.555,3.013
-1.688,2.98
-1.766,2.335
-1.751,2.039
-1.763,4.01
-1.99,3.202
-1.863,3.536
-2.205,2.447
-2.11,0.964
-2.236,0.855
-2.287,1.564
-2.385,0.081
-2.443,0.96
-2.502,2.482
-2.641,0.861
-2.666,0.977
-2.66,2.007
-2.82,2.248
-2.694,1.443
-2.743,2.807
-2.803,1.255
-2.845,1.378
-2.96,2.934
-3.128,1.681
2.29,-0.237
2.308,-0.145
2.075,-0.232
1.073,-0.405
1.003,0.031
0.853,-0.241
0.121,-0.151
0.042,-0.032
-0.427,-0.478
-0.553,-0.209
-1.427,-0.126
-1.604,-0.311
-1.848,-0.343
-1.928,-0.06
-2.434,-0.334
-2.355,-0.295
-2.343,-0.264
-2.824,-0.357
-2.942,-0.187
-3.098,-0.33
3.009,4.067
2.603,4.177
1.142,4.075
0.732,4.106
0.493,4.079
0.625,4.19
0.389,4.15
-0.248,4.118
-0.84,4.191
-0.716,4.161
-1.165,4.133
-2.335,3.888
2.695,3.512
1.037,1.209
-3.053,0.825
0.521,2.68
0.22,3.17
0.015,1.001
-0.667,1.039
-0.749,1.862
-1.203,3.183
-1.666,2.195
-2.344,3.577
-2.413,3.263
-2.552,3.383
-2.659,2.906
2.825,1.089
-0.686,1.932
-1.506,2.427
-2.334,1.723
-2.445,1.47
1.71,0.047
0.283,0.102
-2.625,3.728
-3.04,3.796
-0.293,-0.458
-0.466,-0.374
-0.442,-0.37
-1.447,-0.203
-2.047,-0.383
-2.304,-0.145
-2.695,-0.145
-2.982,4.027
-3.141,4.035
2.887,4.181
2.834,4.152
2.701,4.036
1.248,3.99
0.85,4.074
0.751,4.09
-0.355,4.205
-0.935,4.18
-1.343,4.163
-1.553,4.229
-2.261,3.959
-2.474,4.193
2.737,3.721
1.415,1.588
0.539,2.303
-0.512,1.09
-0.875,3.287
-1.81,2.985
-2.474,2.758
3.122,-0.247
0.032,4.06
-2.734,3.639
-2.855,0.331
-2.835,1.053
-3.023,1.219
-3.052,0.245
-3.015,1.177
-3.067,2.408
-3.079,1.707
3.13,0.91
2.923,2.256
2.979,3.743
2.954,1.6
2.825,2.142
2.804,3.595
2.779,3.892
2.771,3.747
2.823,2.297
2.616,3.783
2.637,3.618
2.376,3.834
2.459,1.358
2.342,2.11
2.166,1.917
2.169,0.923
2.279,1.581
2.141,0.528
2.23,0.09
1.973,3.678
1.84,2.437
1.676,3.729
1.794,2.35
1.78,2.742
1.641,0.413
1.711,2.664
1.509,0.215
1.516,1.303
1.399,3.086
1.517,3.97
1.458,1.0
1.275,3.385
1.346,2.247
1.319,3.525
1.324,1.947
1.184,2.583
1.148,0.263
1.127,2.246
1.194,1.306
1.01,1.26
1.109,2.339
1.061,1.416
0.842,1.402
0.635,2.69
0.721,3.919
0.569,1.593
0.552,0.904
0.612,2.594
0.574,1.05
0.42,1.222
0.415,3.805
0.256,1.973
0.355,2.042
0.201,4.044
0.23,3.412
0.053,3.296
0.159,2.682
-0.046,3.838
-0.03,2.473
-0.157,1.004
-0.162,0.94
-0.315,2.212
-0.207,0.804
-0.372,2.402
-0.245,1.019
-0.302,3.88
-0.368,1.044
-0.349,0.369
-0.527,3.381
-0.401,1.592
-0.468,2.514
-0.49,3.714
-0.494,0.005
-0.646,1.36
-0.574,2.486
-0.692,2.955
-0.633,3.592
-0.82,3.564
-0.722,2.785
-0.839,0.754
-0.848,2.511
-1.046,2.728
-1.051,2.051
-0.985,1.643
-1.002,1.203
-1.147,3.717
-1.05,1.198
-1.172,0.107
-1.215,0.21
-1.231,2.976
-1.364,2.943
-1.442,2.298
-1.427,2.002
-1.439,3.973
-1.666,3.165
-1.539,3.499
-1.881,2.41
-1.786,0.927
-1.912,0.818
-1.963,1.527
-2.061,0.044
-2.119,0.923
-2.178,2.445
-2.317,0.824
-2.342,0.94
-2.336,1.97
-2.496,2.211
-2.37,1.406
-2.419,2.77
-2.479,1.218
-2.521,1.341
-2.636,2.897
-2.804,1.644
2.614,-0.274
2.632,-0.182
2.399,-0.269
1.397,-0.442
1.327,-0.006
1.177,-0.278
0.445,-0.188
0.366,-0.069
-0.103,-0.515
-0.229,-0.246
-1.103,-0.163
-1.28,-0.348
-1.524,-0.38
-1.604,-0.097
-2.11,-0.371
-2.031,-0.332
-2.019,-0.301
-2.5,-0.394
-2.618,-0.224
-2.774,-0.367
-2.95,4.03
2.927,4.14
1.466,4.038
1.056,4.069
0.817,4.042
0.949,4.153
0.713,4.113
0.076,4.081
-0.516,4.154
-0.392,4.124
-0.841,4.096
-2.011,3.851
3.019,3.475
1.361,1.172
-2.729,0.788
0.845,2.643
0.544,3.133
0.339,0.964
-0.343,1.002
-0.425,1.825
-0.879,3.146
-1.342,2.158
-2.02,3.54
-2.089,3.226
-2.228,3.346
-2.335,2.869
-3.134,1.052
-0.362,1.895
-1.182,2.39
-2.01,1.686
-2.121,1.433
2.034,0.01
0.607,0.065
-2.301,3.691
-2.716,3.759
-0.173,0.084
-0.149,0.088
-1.154,0.255
-1.754,0.075
-2.011,0.313
-2.402,0.313
-2.689,4.485
-2.848,4.493
-3.103,4.639
3.127,4.61
2.994,4.494
1.541,4.448
1.143,4.532
1.044,4.548
-0.062,4.663
-0.642,4.638
-1.05,4.621
-1.26,4.687
-1.968,4.417
-2.181,4.651
3.03,4.179
1.708,2.046
0.832,2.761
-0.219,1.548
-0.582,3.745
-1.517,3.443
-2.181,3.216
-2.868,0.211
0.325,4.518
-2.441,4.097
-2.562,0.789
-2.542,1.511
-2.73,1.677
-2.759,0.703
-2.722,1.635
-2.774,2.866
-2.786,2.165
-2.86,1.368
-3.067,2.714
-3.011,4.201
-3.036,2.058
3.118,2.6
3.097,4.053
3.072,4.35
3.064,4.205
3.116,2.755
2.909,4.241
2.93,4.076
2.669,4.292
2.752,1.816
2.635,2.568
2.459,2.375
2.462,1.381
2.572,2.039
2.434,0.986
2.523,0.548
2.266,4.136
2.133,2.895
1.969,4.187
2.087,2.808
2.073,3.2
1.934,0.871
2.004,3.122
1.802,0.673
1.809,1.761
1.692,3.544
1.81,4.428
1.751,1.458
1.568,3.843
1.639,2.705
1.612,3.983
1.617,2.405
1.477,3.041
1.441,0.721
1.42,2.704
1.487,1.764
1.303,1.718
1.402,2.797
1.354,1.874
1.135,1.86
0.928,3.148
1.014,4.377
0.862,2.051
0.845,1.362
0.905,3.052
0.867,1.508
0.713,1.68
0.708,4.263
0.549,2.431
0.648,2.5
0.494,4.502
0.523,3.87
0.346,3.754
0.452,3.14
0.247,4.296
0.263,2.931
0.136,1.462
0.131,1.398
-0.022,2.67
0.086,1.262
-0.079,2.86
0.048,1.477
-0.009,4.338
-0.075,1.502
-0.056,0.827
-0.234,3.839
-0.108,2.05
-0.175,2.972
-0.197,4.172
-0.201,0.463
-0.353,1.818
-0.281,2.944
-0.399,3.413
-0.34,4.05
-0.527,4.022
-0.429,3.243
-0.546,1.212
-0.555,2.969
-0.753,3.186
-0.758,2.509
-0.692,2.101
-0.709,1.661
-0.854,4.175
-0.757,1.656
-0.879,0.565
-0.922,0.668
-0.938,3.434
-1.071,3.401
-1.149,2.756
-1.134,2.46
-1.146,4.431
-1.373,3.623
-1.246,3.957
-1.588,2.868
-1.493,1.385
-1.619,1.276
-1.67,1.985
-1.768,0.502
-1.826,1.381
-1.885,2.903
-2.024,1.282
-2.049,1.398
-2.043,2.428
-2.203,2.669
-2.077,1.864
-2.126,3.228
-2.186,1.676
-2.228,1.799
-2.343,3.355
-2.511,2.102
2.907,0.184
2.925,0.276
2.692,0.189
1.69,0.016
1.62,0.452
1.47,0.18
0.738,0.27
0.659,0.389
0.19,-0.057
0.064,0.212
-0.81,0.295
-0.987,0.11
-1.231,0.078
-1.311,0.361
-1.817,0.087
-1.738,0.126
-1.726,0.157
-2.207,0.064
-2.325,0.234
-2.481,0.091
-2.657,4.488
-3.063,4.598
1.759,4.496
1.349,4.527
1.11,4.5
1.242,4.611
1.006,4.571
0.369,4.539
-0.223,4.612
-0.099,4.582
-0.548,4.554
-1.718,4.309
-2.971,3.933
1.654,1.63
-2.436,1.246
1.138,3.101
0.837,3.591
0.632,1.422
-0.05,1.46
-0.132,2.283
-0.586,3.604
-1.049,2.616
-1.727,3.998
-1.796,3.684
-1.935,3.804
-2.042,3.327
-2.841,1.51
-0.069,2.353
-0.889,2.848
-1.717,2.144
-1.828,1.891
2.327,0.468
0.9,0.523
-2.008,4.149
-2.423,4.217
0.024,0.004
-0.981,0.171
-1.581,-0.009
-1.838,0.229
-2.229,0.229
-2.516,4.401
-2.675,4.409
-2.93,4.555
-2.983,4.526
-3.116,4.41
1.714,4.364
1.316,4.448
1.217,4.464
0.111,4.579
-0.469,4.554
-0.877,4.537
-1.087,4.603
-1.795,4.333
-2.008,4.567
-3.08,4.095
1.881,1.962
1.005,2.677
-0.046,1.464
-0.409,3.661
-1.344,3.359
-2.008,3.132
-2.695,0.127
0.498,4.434
-2.268,4.013
-2.389,0.705
-2.369,1.427
-2.557,1.593
-2.586,0.619
-2.549,1.551
-2.601,2.782
-2.613,2.081
-2.687,1.284
-2.894,2.63
-2.838,4.117
-2.863,1.974
-2.992,2.516
-3.013,3.969
-3.038,4.266
-3.046,4.121
-2.994,2.671
3.082,4.157
3.103,3.992
2.842,4.208
2.925,1.732
2.808,2.484
2.632,2.291
2.635,1.297
2.745,1.955
2.607,0.902
2.696,0.464
2.439,4.052
2.306,2.811
2.142,4.103
2.26,2.724
2.246,3.116
2.107,0.787
2.177,3.038
1.975,0.589
1.982,1.677
1.865,3.46
1.983,4.344
1.924,1.374
1.741,3.759
1.812,2.621
1.785,3.899
1.79,2.321
1.65,2.957
1.614,0.637
1.593,2.62
1.66,1.68
1.476,1.634
1.575,2.713
1.527,1.79
1.308,1.776
1.101,3.064
1.187,4.293
1.035,1.967
1.018,1.278
1.078,2.968
1.04,1.424
0.886,1.596
0.881,4.179
0.722,2.347
0.821,2.416
0.667,4.418
0.696,3.786
0.519,3.67
0.625,3.056
0.42,4.212
0.436,2.847
0.309,1.378
0.304,1.314
0.151,2.586
0.259,1.178
0.094,2.776
0.221,1.393
0.164,4.254
0.098,1.418
0.117,0.743
-0.061,3.755
0.065,1.966
-0.002,2.888
-0.024,4.088
-0.028,0.379
-0.18,1.734
-0.108,2.86
-0.226,3.329
-0.167,3.966
-0.354,3.938
-0.256,3.159
-0.373,1.128
-0.382,2.885
-0.58,3.102
-0.585,2.425
-0.519,2.017
-0.536,1.577
-0.681,4.091
-0.584,1.572
-0.706,0.481
-0.749,0.584
-0.765,3.35
-0.898,3.317
-0.976,2.672
-0.961,2.376
-0.973,4.347
-1.2,3.539
-1.073,3.873
-1.415,2.784
-1.32,1.301
-1.446,1.192
-1.497,1.901
-1.595,0.418
-1.653,1.297
-1.712,2.819
-1.851,1.198
-1.876,1.314
-1.87,2.344
-2.03,2.585
-1.904,1.78
-1.953,3.144
-2.013,1.592
-2.055,1.715
-2.17,3.271
-2.338,2.018
3.08,0.1
3.098,0.192
2.865,0.105
1.863,-0.068
1.793,0.368
1.643,0.096
0.911,0.186
0.832,0.305
0.363,-0.141
0.237,0.128
-0.637,0.211
-0.814,0.026
-1.058,-0.006
-1.138,0.277
-1.644,0.003
-1.565,0.042
-1.553,0.073
-2.034,-0.02
-2.152,0.15
-2.308,0.007
-2.484,4.404
-2.89,4.514
1.932,4.412
1.522,4.443
1.283,4.416
1.415,4.527
1.179,4.487
0.542,4.455
-0.05,4.528
0.074,4.498
-0.375,4.47
-1.545,4.225
-2.798,3.849
1.827,1.546
-2.263,1.162
1.311,3.017
1.01,3.507
0.805,1.338
0.123,1.376
0.041,2.199
-0.413,3.52
-0.876,2.532
-1.554,3.914
-1.623,3.6
-1.762,3.72
-1.869,3.243
-2.668,1.426
0.104,2.269
-0.716,2.764
-1.544,2.06
-1.655,1.807
2.5,0.384
1.073,0.439
-1.835,4.065
-2.25,4.133
-1.005,0.167
-1.605,-0.013
-1.862,0.225
-2.253,0.225
-2.54,4.397
-2.699,4.405
-2.954,4.551
-3.007,4.522
-3.14,4.406
1.69,4.36
1.292,4.444
1.193,4.46
0.087,4.575
-0.493,4.55
-0.901,4.533
-1.111,4.599
-1.819,4.329
-2.032,4.563
-3.104,4.091
1.857,1.958
0.981,2.673
-0.07,1.46
-0.433,3.657
-1.368,3.355
-2.032,3.128
-2.719,0.123
0.474,4.43
-2.292,4.009
-2.413,0.701
-2.393,1.423
-2.581,1.589
-2.61,0.615
-2.573,1.547
-2.625,2.778
-2.637,2.077
-2.711,1.28
-2.918,2.626
-2.862,4.113
-2.887,1.97
-3.016,2.512
-3.037,3.965
-3.062,4.262
-3.07,4.117
-3.018,2.667
3.058,4.153
3.079,3.988
2.818,4.204
2.901,1.728
2.784,2.48
2.608,2.287
2.611,1.293
2.721,1.951
2.583,0.898
2.672,0.46
2.415,4.048
2.282,2.807
2.118,4.099
2.236,2.72
2.222,3.112
2.083,0.783
2.153,3.034
1.951,0.585
1.958,1.673
1.841,3.456
1.959,4.34
1.9,1.37
1.717,3.755
1.788,2.617
1.761,3.895
1.766,2.317
1.626,2.953
1.59,0.633
1.569,2.616
1.636,1.676
1.452,1.63
1.551,2.709
1.503,1.786
1.284,1.772
1.077,3.06
1.163,4.289
1.011,1.963
0.994,1.274
1.054,2.964
1.016,1.42
0.862,1.592
0.857,4.175
0.698,2.343
0.797,2.412
0.643,4.414
0.672,3.782
0.495,3.666
0.601,3.052
0.396,4.208
0.412,2.843
0.285,1.374
0.28,1.31
0.127,2.582
0.235,1.174
0.07,2.772
0.197,1.389
0.14,4.25
0.074,1.414
0.093,0.739
-0.085,3.751
0.041,1.962
-0.026,2.884
-0.048,4.084
-0.052,0.375
-0.204,1.73
-0.132,2.856
-0.25,3.325
-0.191,3.962
-0.378,3.934
-0.28,3.155
-0.397,1.124
-0.406,2.881
-0.604,3.098
-0.609,2.421
-0.543,2.013
-0.56,1.573
-0.705,4.087
-0.608,1.568
-0.73,0.477
-0.773,0.58
-0.789,3.346
-0.922,3.313
-1.0,2.668
-0.985,2.372
-0.997,4.343
-1.224,3.535
-1.097,3.869
-1.439,2.78
-1.344,1.297
-1.47,1.188
-1.521,1.897
-1.619,0.414
-1.677,1.293
-1.736,2.815
-1.875,1.194
-1.9,1.31
-1.894,2.34
-2.054,2.581
-1.928,1.776
-1.977,3.14
-2.037,1.588
-2.079,1.711
-2.194,3.267
-2.362,2.014
3.056,0.096
3.074,0.188
2.841,0.101
1.839,-0.072
1.769,0.364
1.619,0.092
0.887,0.182
0.808,0.301
0.339,-0.145
0.213,0.124
-0.661,0.207
-0.838,0.022
-1.082,-0.01
-1.162,0.273
-1.668,-0.001
-1.589,0.038
-1.577,0.069
-2.058,-0.024
-2.176,0.146
-2.332,0.003
-2.508,4.4
-2.914,4.51
1.908,4.408
1.498,4.439
1.259,4.412
1.391,4.523
1.155,4.483
0.518,4.451
-0.074,4.524
0.05,4.494
-0.399,4.466
-1.569,4.221
-2.822,3.845
1.803,1.542
-2.287,1.158
1.287,3.013
0.986,3.503
0.781,1.334
0.099,1.372
0.017,2.195
-0.437,3.516
-0.9,2.528
-1.578,3.91
-1.647,3.596
-1.786,3.716
-1.893,3.239
-2.692,1.422
0.08,2.265
-0.74,2.76
-1.568,2.056
-1.679,1.803
2.476,0.38
1.049,0.435
-1.859,4.061
-2.274,4.129
-0.6,-0.18
-0.857,0.058
-1.248,0.058
-1.535,4.23
-1.694,4.238
-1.949,4.384
-2.002,4.355
-2.135,4.239
2.695,4.193
2.297,4.277
2.198,4.293
1.092,4.408
0.512,4.383
0.104,4.366
-0.106,4.432
-0.814,4.162
-1.027,4.396
-2.099,3.924
2.862,1.791
1.986,2.506
0.935,1.293
0.572,3.49
-0.363,3.188
-1.027,2.961
-1.714,-0.044
1.479,4.263
-1.287,3.842
-1.408,0.534
-1.388,1.256
-1.576,1.422
-1.605,0.448
-1.568,1.38
-1.62,2.611
-1.632,1.91
-1.706,1.113
-1.913,2.459
-1.857,3.946
-1.882,1.803
-2.011,2.345
-2.032,3.798
-2.057,4.095
-2.065,3.95
-2.013,2.5
-2.22,3.986
-2.199,3.821
-2.46,4.037
-2.377,1.561
-2.494,2.313
-2.67,2.12
-2.667,1.126
-2.557,1.784
-2.695,0.731
-2.606,0.293
-2.863,3.881
-2.996,2.64
3.123,3.932
-3.042,2.553
-3.056,2.945
3.088,0.616
-3.125,2.867
2.956,0.418
2.963,1.506
2.846,3.289
2.964,4.173
2.905,1.203
2.722,3.588
2.793,2.45
2.766,3.728
2.771,2.15
2.631,2.786
2.595,0.466
2.574,2.449
2.641,1.509
2.457,1.463
2.556,2.542
2.508,1.619
2.289,1.605
2.082,2.893
2.168,4.122
2.016,1.796
1.999,1.107
2.059,2.797
2.021,1.253
1.867,1.425
1.862,4.008
1.703,2.176
1.802,2.245
1.648,4.247
1.677,3.615
1.5,3.499
1.606,2.885
1.401,4.041
1.417,2.676
1.29,1.207
1.285,1.143
1.132,2.415
1.24,1.007
1.075,2.605
1.202,1.222
1.145,4.083
1.079,1.247
1.098,0.572
0.92,3.584
1.046,1.795
0.979,2.717
0.957,3.917
0.953,0.208
0.801,1.563
0.873,2.689
0.755,3.158
0.814,3.795
0.627,3.767
0.725,2.988
0.608,0.957
0.599,2.714
0.401,2.931
0.396,2.254
0.462,1.846
0.445,1.406
0.3,3.92
0.397,1.401
0.275,0.31
0.232,0.413
0.216,3.179
0.083,3.146
0.005,2.501
0.02,2.205
0.008,4.176
-0.219,3.368
-0.092,3.702
-0.434,2.613
-0.339,1.13
-0.465,1.021
-0.516,1.73
-0.614,0.247
-0.672,1.126
-0.731,2.648
-0.87,1.027
-0.895,1.143
-0.889,2.173
-1.049,2.414
-0.923,1.609
-0.972,2.973
-1.032,1.421
-1.074,1.544
-1.189,3.1
-1.357,1.847
-2.222,-0.071
-2.204,0.021
-2.437,-0.066
2.844,-0.239
2.774,0.197
2.624,-0.075
1.892,0.015
1.813,0.134
1.344,-0.312
1.218,-0.043
0.344,0.04
0.167,-0.145
-0.077,-0.177
-0.157,0.106
-0.663,-0.168
-0.584,-0.129
-0.572,-0.098
-1.053,-0.191
-1.171,-0.021
-1.327,-0.164
-1.503,4.233
-1.909,4.343
2.913,4.241
2.503,4.272
2.264,4.245
2.396,4.356
2.16,4.316
1.523,4.284
0.931,4.357
1.055,4.327
0.606,4.299
-0.564,4.054
-1.817,3.678
2.808,1.375
-1.282,0.991
2.292,2.846
1.991,3.336
1.786,1.167
1.104,1.205
1.022,2.028
0.568,3.349
0.105,2.361
-0.573,3.743
-0.642,3.429
-0.781,3.549
-0.888,3.072
-1.687,1.255
1.085,2.098
0.265,2.593
-0.563,1.889
-0.674,1.636
-2.802,0.213
2.054,0.268
-0.854,3.894
-1.269,3.962
-0.257,0.238
-0.648,0.238
-0.935,4.41
-1.094,4.418
-1.349,4.564
-1.402,4.535
-1.535,4.419
-2.988,4.373
2.897,4.457
2.798,4.473
1.692,4.588
1.112,4.563
0.704,4.546
0.494,4.612
-0.214,4.342
-0.427,4.576
-1.499,4.104
-2.821,1.971
2.586,2.686
1.535,1.473
1.172,3.67
0.237,3.368
-0.427,3.141
-1.114,0.136
2.079,4.443
-0.687,4.022
-0.808,0.714
-0.788,1.436
-0.976,1.602
-1.005,0.628
-0.968,1.56
-1.02,2.791
-1.032,2.09
-1.106,1.293
-1.313,2.639
-1.257,4.126
-1.282,1.983
-1.411,2.525
-1.432,3.978
-1.457,4.275
-1.465,4.13
-1.413,2.68
-1.62,4.166
-1.599,4.001
-1.86,4.217
-1.777,1.741
-1.894,2.493
-2.07,2.3
-2.067,1.306
-1.957,1.964
-2.095,0.911
-2.006,0.473
-2.263,4.061
-2.396,2.82
-2.56,4.112
-2.442,2.733
-2.456,3.125
-2.595,0.796
-2.525,3.047
-2.727,0.598
-2.72,1.686
-2.837,3.469
-2.719,4.353
-2.778,1.383
-2.961,3.768
-2.89,2.63
-2.917,3.908
-2.912,2.33
-3.052,2.966
-3.088,0.646
-3.109,2.629
-3.042,1.689
3.057,1.643
-3.127,2.722
3.108,1.799
2.889,1.785
2.682,3.073
2.768,4.302
2.616,1.976
2.599,1.287
2.659,2.977
2.621,1.433
2.467,1.605
2.462,4.188
2.303,2.356
2.402,2.425
2.248,4.427
2.277,3.795
2.1,3.679
2.206,3.065
2.001,4.221
2.017,2.856
1.89,1.387
1.885,1.323
1.732,2.595
1.84,1.187
1.675,2.785
1.802,1.402
1.745,4.263
1.679,1.427
1.698,0.752
1.52,3.764
1.646,1.975
1.579,2.897
1.557,4.097
1.553,0.388
1.401,1.743
1.473,2.869
1.355,3.338
1.414,3.975
1.227,3.947
1.325,3.168
1.208,1.137
1.199,2.894
1.001,3.111
0.996,2.434
1.062,2.026
1.045,1.586
0.9,4.1
0.997,1.581
0.875,0.49
0.832,0.593
0.816,3.359
0.683,3.326
0.605,2.681
0.62,2.385
0.608,4.356
0.381,3.548
0.508,3.882
0.166,2.793
0.261,1.31
0.135,1.201
0.084,1.91
-0.014,0.427
-0.072,1.306
-0.131,2.828
-0.27,1.207
-0.295,1.323
-0.289,2.353
-0.449,2.594
-0.323,1.789
-0.372,3.153
-0.432,1.601
-0.474,1.724
-0.589,3.28
-0.757,2.027
-1.622,0.109
-1.604,0.201
-1.837,0.114
-2.839,-0.059
-2.909,0.377
-3.059,0.105
2.492,0.195
2.413,0.314
1.944,-0.132
1.818,0.137
0.944,0.22
0.767,0.035
0.523,0.003
0.443,0.286
-0.063,0.012
0.016,0.051
0.028,0.082
-0.453,-0.011
-0.571,0.159
-0.727,0.016
-0.903,4.413
-1.309,4.523
-2.77,4.421
3.103,4.452
2.864,4.425
2.996,4.536
2.76,4.496
2.123,4.464
1.531,4.537
1.655,4.507
1.206,4.479
0.036,4.234
-1.217,3.858
-2.875,1.555
-0.682,1.171
2.892,3.026
2.591,3.516
2.386,1.347
1.704,1.385
1.622,2.208
1.168,3.529
0.705,2.541
0.027,3.923
-0.042,3.609
-0.181,3.729
-0.288,3.252
-1.087,1.435
1.685,2.278
0.865,2.773
0.037,2.069
-0.074,1.816
-2.202,0.393
2.654,0.448
-0.254,4.074
-0.669,4.142
-0.391,0.0
-0.678,4.172
-0.837,4.18
-1.092,4.326
-1.145,4.297
-1.278,4.181
-2.731,4.135
-3.129,4.219
3.055,4.235
1.949,4.35
1.369,4.325
0.961,4.308
0.751,4.374
0.043,4.104
-0.17,4.338
-1.242,3.866
-2.564,1.733
2.843,2.448
1.792,1.235
1.429,3.432
0.494,3.13
-0.17,2.903
-0.857,-0.102
2.336,4.205
-0.43,3.784
-0.551,0.476
-0.531,1.198
-0.719,1.364
-0.748,0.39
-0.711,1.322
-0.763,2.553
-0.775,1.852
-0.849,1.055
-1.056,2.401
-1.0,3.888
-1.025,1.745
-1.154,2.287
-1.175,3.74
-1.2,4.037
-1.208,3.892
-1.156,2.442
-1.363,3.928
-1.342,3.763
-1.603,3.979
-1.52,1.503
-1.637,2.255
-1.813,2.062
-1.81,1.068
-1.7,1.726
-1.838,0.673
-1.749,0.235
-2.006,3.823
-2.139,2.582
-2.303,3.874
-2.185,2.495
-2.199,2.887
-2.338,0.558
-2.268,2.809
-2.47,0.36
-2.463,1.448
-2.58,3.231
-2.462,4.115
-2.521,1.145
-2.704,3.53
-2.633,2.392
-2.66,3.67
-2.655,2.092
-2.795,2.728
-2.831,0.408
-2.852,2.391
-2.785,1.451
-2.969,1.405
-2.87,2.484
-2.918,1.561
-3.137,1.547
2.939,2.835
3.025,4.064
2.873,1.738
2.856,1.049
2.916,2.739
2.878,1.195
2.724,1.367
2.719,3.95
2.56,2.118
2.659,2.187
2.505,4.189
2.534,3.557
2.357,3.441
2.463,2.827
2.258,3.983
2.274,2.618
2.147,1.149
2.142,1.085
1.989,2.357
2.097,0.949
1.932,2.547
2.059,1.164
2.002,4.025
1.936,1.189
1.955,0.514
1.777,3.526
1.903,1.737
1.836,2.659
1.814,3.859
1.81,0.15
1.658,1.505
1.73,2.631
1.612,3.1
1.671,3.737
1.484,3.709
1.582,2.93
1.465,0.899
1.456,2.656
1.258,2.873
1.253,2.196
1.319,1.788
1.302,1.348
1.157,3.862
1.254,1.343
1.132,0.252
1.089,0.355
1.073,3.121
0.94,3.088
0.862,2.443
0.877,2.147
0.865,4.118
0.638,3.31
0.765,3.644
0.423,2.555
0.518,1.072
0.392,0.963
0.341,1.672
0.243,0.189
0.185,1.068
0.126,2.59
-0.013,0.969
-0.038,1.085
-0.032,2.115
-0.192,2.356
-0.066,1.551
-0.115,2.915
-0.175,1.363
-0.217,1.486
-0.332,3.042
-0.5,1.789
-1.365,-0.129
-1.347,-0.037
-1.58,-0.124
-2.582,-0.297
-2.652,0.139
-2.802,-0.133
2.749,-0.043
2.67,0.076
2.201,-0.37
2.075,-0.101
1.201,-0.018
1.024,-0.203
0.78,-0.235
0.7,0.048
0.194,-0.226
0.273,-0.187
0.285,-0.156
-0.196,-0.249
-0.314,-0.079
-0.47,-0.222
-0.646,4.175
-1.052,4.285
-2.513,4.183
-2.923,4.214
3.121,4.187
-3.03,4.298
3.017,4.258
2.38,4.226
1.788,4.299
1.912,4.269
1.463,4.241
0.293,3.996
-0.96,3.62
-2.618,1.317
-0.425,0.933
-3.134,2.788
2.848,3.278
2.643,1.109
1.961,1.147
1.879,1.97
1.425,3.291
0.962,2.303
0.284,3.685
0.215,3.371
0.076,3.491
-0.031,3.014
-0.83,1.197
1.942,2.04
1.122,2.535
0.294,1.831
0.183,1.578
-1.945,0.155
2.911,0.21
0.003,3.836
-0.412,3.904
-0.287,4.172
-0.446,4.18
-0.701,4.326
-0.754,4.297
-0.887,4.181
-2.34,4.135
-2.738,4.219
-2.837,4.235
2.34,4.35
1.76,4.325
1.352,4.308
1.142,4.374
0.434,4.104
0.221,4.338
-0.851,3.866
-2.173,1.733
-3.049,2.448
2.183,1.235
1.82,3.432
0.885,3.13
0.221,2.903
-0.466,-0.102
2.727,4.205
-0.039,3.784
-0.16,0.476
-0.14,1.198
-0.328,1.364
-0.357,0.39
-0.32,1.322
-0.372,2.553
-0.384,1.852
-0.458,1.055
-0.665,2.401
-0.609,3.888
-0.634,1.745
-0.763,2.287
-0.784,3.74
-0.809,4.037
-0.817,3.892
-0.765,2.442
-0.972,3.928
-0.951,3.763
-1.212,3.979
-1.129,1.503
-1.246,2.255
-1.422,2.062
-1.419,1.068
-1.309,1.726
-1.447,0.673
-1.358,0.235
-1.615,3.823
-1.748,2.582
-1.912,3.874
-1.794,2.495
-1.808,2.887
-1.947,0.558
-1.877,2.809
-2.079,0.36
-2.072,1.448
-2.189,3.231
-2.071,4.115
-2.13,1.145
-2.313,3.53
-2.242,2.392
-2.269,3.67
-2.264,2.092
-2.404,2.728
-2.44,0.408
-2.461,2.391
-2.394,1.451
-2.578,1.405
-2.479,2.484
-2.527,1.561
-2.746,1.547
-2.953,2.835
-2.867,4.064
-3.019,1.738
-3.036,1.049
-2.976,2.739
-3.014,1.195
3.115,1.367
3.11,3.95
2.951,2.118
3.05,2.187
2.896,4.189
2.925,3.557
2.748,3.441
2.854,2.827
2.649,3.983
2.665,2.618
2.538,1.149
2.533,1.085
2.38,2.357
2.488,0.949
2.323,2.547
2.45,1.164
2.393,4.025
2.327,1.189
2.346,0.514
2.168,3.526
2.294,1.737
2.227,2.659
2.205,3.859
2.201,0.15
2.049,1.505
2.121,2.631
2.003,3.1
2.062,3.737
1.875,3.709
1.973,2.93
1.856,0.899
1.847,2.656
1.649,2.873
1.644,2.196
1.71,1.788
1.693,1.348
1.548,3.862
1.645,1.343
1.523,0.252
1.48,0.355
1.464,3.121
1.331,3.088
1.253,2.443
1.268,2.147
1.256,4.118
1.029,3.31
1.156,3.644
0.814,2.555
0.909,1.072
0.783,0.963
0.732,1.672
0.634,0.189
0.576,1.068
0.517,2.59
0.378,0.969
0.353,1.085
0.359,2.115
0.199,2.356
0.325,1.551
0.276,2.915
0.216,1.363
0.174,1.486
0.059,3.042
-0.109,1.789
-0.974,-0.129
-0.956,-0.037
-1.189,-0.124
-2.191,-0.297
-2.261,0.139
-2.411,-0.133
3.14,-0.043
3.061,0.076
2.592,-0.37
2.466,-0.101
1.592,-0.018
1.415,-0.203
1.171,-0.235
1.091,0.048
0.585,-0.226
0.664,-0.187
0.676,-0.156
0.195,-0.249
0.077,-0.079
-0.079,-0.222
-0.255,4.175
-0.661,4.285
-2.122,4.183
-2.532,4.214
-2.771,4.187
-2.639,4.298
-2.875,4.258
2.771,4.226
2.179,4.299
2.303,4.269
1.854,4.241
0.684,3.996
-0.569,3.62
-2.227,1.317
-0.034,0.933
-2.743,2.788
-3.044,3.278
3.034,1.109
2.352,1.147
2.27,1.97
1.816,3.291
1.353,2.303
0.675,3.685
0.606,3.371
0.467,3.491
0.36,3.014
-0.439,1.197
2.333,2.04
1.513,2.535
0.685,1.831
0.574,1.578
-1.554,0.155
-2.981,0.21
0.394,3.836
-0.021,3.904
-0.159,0.008
-0.414,0.154
-0.467,0.125
-0.6,0.009
-2.053,-0.037
-2.451,0.047
-2.55,0.063
2.627,0.178
2.047,0.153
1.639,0.136
1.429,0.202
0.721,-0.068
0.508,0.166
-0.564,-0.306
-1.886,-2.439
-2.762,-1.724
2.47,-2.937
2.107,-0.74
1.172,-1.042
0.508,-1.269
-0.179,-4.274
3.014,0.033
0.248,-0.388
0.127,-3.696
0.147,-2.974
-0.041,-2.808
-0.07,-3.782
-0.033,-2.85
-0.085,-1.619
-0.097,-2.32
-0.171,-3.117
-0.378,-1.771
-0.322,-0.284
-0.347,-2.427
-0.476,-1.885
-0.497,-0.432
-0.522,-0.135
-0.53,-0.28
-0.478,-1.73
-0.685,-0.244
-0.664,-0.409
-0.925,-0.193
-0.842,-2.669
-0.959,-1.917
-1.135,-2.11
-1.132,-3.104
-1.022,-2.446
-1.16,-3.499
-1.071,-3.937
-1.328,-0.349
-1.461,-1.59
-1.625,-0.298
-1.507,-1.677
-1.521,-1.285
-1.66,-3.614
-1.59,-1.363
-1.792,-3.812
-1.785,-2.724
-1.902,-0.941
-1.784,-0.057
-1.843,-3.027
-2.026,-0.642
-1.955,-1.78
-1.982,-0.502
-1.977,-2.08
-2.117,-1.444
-2.153,-3.764
-2.174,-1.781
-2.107,-2.721
-2.291,-2.767
-2.192,-1.688
-2.24,-2.611
-2.459,-2.625
-2.666,-1.337
-2.58,-0.108
-2.732,-2.434
-2.749,-3.123
-2.689,-1.433
-2.727,-2.977
-2.881,-2.805
-2.886,-0.222
-3.045,-2.054
-2.946,-1.985
-3.1,0.017
-3.071,-0.615
3.035,-0.731
3.141,-1.345
2.936,-0.189
2.952,-1.554
2.825,-3.023
2.82,-3.087
2.667,-1.815
2.775,-3.223
2.61,-1.625
2.737,-3.008
2.68,-0.147
2.614,-2.983
2.633,-3.658
2.455,-0.646
2.581,-2.435
2.514,-1.513
2.492,-0.313
2.488,-4.022
2.336,-2.667
2.408,-1.541
2.29,-1.072
2.349,-0.435
2.162,-0.463
2.26,-1.242
2.143,-3.273
2.134,-1.516
1.936,-1.299
1.931,-1.976
1.997,-2.384
1.98,-2.824
1.835,-0.31
1.932,-2.829
1.81,-3.92
1.767,-3.817
1.751,-1.051
1.618,-1.084
1.54,-1.729
1.555,-2.025
1.543,-0.054
1.316,-0.862
1.443,-0.528
1.101,-1.617
1.196,-3.1
1.07,-3.209
1.019,-2.5
0.921,-3.983
0.863,-3.104
0.804,-1.582
0.665,-3.203
0.64,-3.087
0.646,-2.057
0.486,-1.816
0.612,-2.621
0.563,-1.257
0.503,-2.809
0.461,-2.686
0.346,-1.13
0.178,-2.383
-0.687,-4.301
-0.669,-4.209
-0.902,-4.296
-1.904,-4.469
-1.974,-4.033
-2.124,-4.305
-2.856,-4.215
-2.935,-4.096
2.879,-4.542
2.753,-4.273
1.879,-4.19
1.702,-4.375
1.458,-4.407
1.378,-4.124
0.872,-4.398
0.951,-4.359
0.963,-4.328
0.482,-4.421
0.364,-4.251
0.208,-4.394
0.032,0.003
-0.374,0.113
-1.835,0.011
-2.245,0.042
-2.484,0.015
-2.352,0.126
-2.588,0.086
3.058,0.054
2.466,0.127
2.59,0.097
2.141,0.069
0.971,-0.176
-0.282,-0.552
-1.94,-2.855
0.253,-3.239
-2.456,-1.384
-2.757,-0.894
-2.962,-3.063
2.639,-3.025
2.557,-2.202
2.103,-0.881
1.64,-1.869
0.962,-0.487
0.893,-0.801
0.754,-0.681
0.647,-1.158
-0.152,-2.975
2.62,-2.132
1.8,-1.637
0.972,-2.341
0.861,-2.594
-1.267,-4.017
-2.694,-3.962
0.681,-0.336
0.266,-0.268
-0.255,0.146
-0.308,0.117
-0.441,0.001
-1.894,-0.045
-2.292,0.039
-2.391,0.055
2.786,0.17
2.206,0.145
1.798,0.128
1.588,0.194
0.88,-0.076
0.667,0.158
-0.405,-0.314
-1.727,-2.447
-2.603,-1.732
2.629,-2.945
2.266,-0.748
1.331,-1.05
0.667,-1.277
-0.02,-4.282
-3.11,0.025
0.407,-0.396
0.286,-3.704
0.306,-2.982
0.118,-2.816
0.089,-3.79
0.126,-2.858
0.074,-1.627
0.062,-2.328
-0.012,-3.125
-0.219,-1.779
-0.163,-0.292
-0.188,-2.435
-0.317,-1.893
-0.338,-0.44
-0.363,-0.143
-0.371,-0.288
-0.319,-1.738
-0.526,-0.252
-0.505,-0.417
-0.766,-0.201
-0.683,-2.677
-0.8,-1.925
-0.976,-2.118
-0.973,-3.112
-0.863,-2.454
-1.001,-3.507
-0.912,-3.945
-1.169,-0.357
-1.302,-1.598
-1.466,-0.306
-1.348,-1.685
-1.362,-1.293
-1.501,-3.622
-1.431,-1.371
-1.633,-3.82
-1.626,-2.732
-1.743,-0.949
-1.625,-0.065
-1.684,-3.035
-1.867,-0.65
-1.796,-1.788
-1.823,-0.51
-1.818,-2.088
-1.958,-1.452
-1.994,-3.772
-2.015,-1.789
-1.948,-2.729
-2.132,-2.775
-2.033,-1.696
-2.081,-2.619
-2.3,-2.633
-2.507,-1.345
-2.421,-0.116
-2.573,-2.442
-2.59,-3.131
-2.53,-1.441
-2.568,-2.985
-2.722,-2.813
-2.727,-0.23
-2.886,-2.062
-2.787,-1.993
-2.941,0.009
-2.912,-0.623
-3.089,-0.739
-2.983,-1.353
3.095,-0.197
3.111,-1.562
2.984,-3.031
2.979,-3.095
2.826,-1.823
2.934,-3.231
2.769,-1.633
2.896,-3.016
2.839,-0.155
2.773,-2.991
2.792,-3.666
2.614,-0.654
2.74,-2.443
2.673,-1.521
2.651,-0.321
2.647,-4.03
2.495,-2.675
2.567,-1.549
2.449,-1.08
2.508,-0.443
2.321,-0.471
2.419,-1.25
2.302,-3.281
2.293,-1.524
2.095,-1.307
2.09,-1.984
2.156,-2.392
2.139,-2.832
1.994,-0.318
2.091,-2.837
1.969,-3.928
1.926,-3.825
1.91,-1.059
1.777,-1.092
1.699,-1.737
1.714,-2.033
1.702,-0.062
1.475,-0.87
1.602,-0.536
1.26,-1.625
1.355,-3.108
1.229,-3.217
1.178,-2.508
1.08,-3.991
1.022,-3.112
0.963,-1.59
0.824,-3.211
0.799,-3.095
0.805,-2.065
0.645,-1.824
0.771,-2.629
0.722,-1.265
0.662,-2.817
0.62,-2.694
0.505,-1.138
0.337,-2.391
-0.528,-4.309
-0.51,-4.217
-0.743,-4.304
-1.745,-4.477
-1.815,-4.041
-1.965,-4.313
-2.697,-4.223
-2.776,-4.104
3.038,-4.55
2.912,-4.281
2.038,-4.198
1.861,-4.383
1.617,-4.415
1.537,-4.132
1.031,-4.406
1.11,-4.367
1.122,-4.336
0.641,-4.429
0.523,-4.259
0.367,-4.402
0.191,-0.005
-0.215,0.105
-1.676,0.003
-2.086,0.034
-2.325,0.007
-2.193,0.118
-2.429,0.078
-3.066,0.046
2.625,0.119
2.749,0.089
2.3,0.061
1.13,-0.184
-0.123,-0.56
-1.781,-2.863
0.412,-3.247
-2.297,-1.392
-2.598,-0.902
-2.803,-3.071
2.798,-3.033
2.716,-2.21
2.262,-0.889
1.799,-1.877
1.121,-0.495
1.052,-0.809
0.913,-0.689
0.806,-1.166
0.007,-2.983
2.779,-2.14
1.959,-1.645
1.131,-2.349
1.02,-2.602
-1.108,-4.025
-2.535,-3.97
0.84,-0.344
0.425,-0.276
-0.053,-0.029
-0.186,-0.145
-1.639,-0.191
-2.037,-0.107
-2.136,-0.091
3.041,0.024
2.461,-0.001
2.053,-0.018
1.843,0.048
1.135,-0.222
0.922,0.012
-0.15,-0.46
-1.472,-2.593
-2.348,-1.878
2.884,-3.091
2.521,-0.894
1.586,-1.196
0.922,-1.423
0.235,-4.428
-2.855,-0.121
0.662,-0.542
0.541,-3.85
0.561,-3.128
0.373,-2.962
0.344,-3.936
0.381,-3.004
0.329,-1.773
0.317,-2.474
0.243,-3.271
0.036,-1.925
0.092,-0.438
0.067,-2.581
-0.062,-2.039
-0.083,-0.586
-0.108,-0.289
-0.116,-0.434
-0.064,-1.884
-0.271,-0.398
-0.25,-0.563
-0.511,-0.347
-0.428,-2.823
-0.545,-2.071
-0.721,-2.264
-0.718,-3.258
-0.608,-2.6
-0.746,-3.653
-0.657,-4.091
-0.914,-0.503
-1.047,-1.744
-1.211,-0.452
-1.093,-1.831
-1.107,-1.439
-1.246,-3.768
-1.176,-1.517
-1.378,-3.966
-1.371,-2.878
-1.488,-1.095
-1.37,-0.211
-1.429,-3.181
-1.612,-0.796
-1.541,-1.934
-1.568,-0.656
-1.563,-2.234
-1.703,-1.598
-1.739,-3.918
-1.76,-1.935
-1.693,-2.875
-1.877,-2.921
-1.778,-1.842
-1.826,-2.765
-2.045,-2.779
-2.252,-1.491
-2.166,-0.262
-2.318,-2.588
-2.335,-3.277
-2.275,-1.587
-2.313,-3.131
-2.467,-2.959
-2.472,-0.376
-2.631,-2.208
-2.532,-2.139
-2.686,-0.137
-2.657,-0.769
-2.834,-0.885
-2.728,-1.499
-2.933,-0.343
-2.917,-1.708
-3.044,-3.177
-3.049,-3.241
3.081,-1.969
-3.094,-3.377
3.024,-1.779
-3.132,-3.162
3.094,-0.301
3.028,-3.137
3.047,-3.812
2.869,-0.8
2.995,-2.589
2.928,-1.667
2.906,-0.467
2.902,-4.176
2.75,-2.821
2.822,-1.695
2.704,-1.226
2.763,-0.589
2.576,-0.617
2.674,-1.396
2.557,-3.427
2.548,-1.67
2.35,-1.453
2.345,-2.13
2.411,-2.538
2.394,-2.978
2.249,-0.464
2.346,-2.983
2.224,-4.074
2.181,-3.971
2.165,-1.205
2.032,-1.238
1.954,-1.883
1.969,-2.179
1.957,-0.208
1.73,-1.016
1.857,-0.682
1.515,-1.771
1.61,-3.254
1.484,-3.363
1.433,-2.654
1.335,-4.137
1.277,-3.258
1.218,-1.736
1.079,-3.357
1.054,-3.241
1.06,-2.211
0.9,-1.97
1.026,-2.775
0.977,-1.411
0.917,-2.963
0.875,-2.84
0.76,-1.284
0.592,-2.537
-0.273,-4.455
-0.255,-4.363
-0.488,-4.45
-1.49,-4.623
-1.56,-4.187
-1.71,-4.459
-2.442,-4.369
-2.521,-4.25
-2.99,-4.696
-3.116,-4.427
2.293,-4.344
2.116,-4.529
1.872,-4.561
1.792,-4.278
1.286,-4.552
1.365,-4.513
1.377,-4.482
0.896,-4.575
0.778,-4.405
0.622,-4.548
0.446,-0.151
0.04,-0.041
-1.421,-0.143
-1.831,-0.112
-2.07,-0.139
-1.938,-0.028
-2.174,-0.068
-2.811,-0.1
2.88,-0.027
3.004,-0.057
2.555,-0.085
1.385,-0.33
0.132,-0.706
-1.526,-3.009
0.667,-3.393
-2.042,-1.538
-2.343,-1.048
-2.548,-3.217
3.053,-3.179
2.971,-2.356
2.517,-1.035
2.054,-2.023
1.376,-0.641
1.307,-0.955
1.168,-0.835
1.061,-1.312
0.262,-3.129
3.034,-2.286
2.214,-1.791
1.386,-2.495
1.275,-2.748
-0.853,-4.171
-2.28,-4.116
1.095,-0.49
0.68,-0.422
-0.133,-0.116
-1.586,-0.162
-1.984,-0.078
-2.083,-0.062
3.094,0.053
2.514,0.028
2.106,0.011
1.896,0.077
1.188,-0.193
0.975,0.041
-0.097,-0.431
-1.419,-2.564
-2.295,-1.849
2.937,-3.062
2.574,-0.865
1.639,-1.167
0.975,-1.394
0.288,-4.399
-2.802,-0.092
0.715,-0.513
0.594,-3.821
0.614,-3.099
0.426,-2.933
0.397,-3.907
0.434,-2.975
0.382,-1.744
0.37,-2.445
0.296,-3.242
0.089,-1.896
0.145,-0.409
0.12,-2.552
-0.009,-2.01
-0.03,-0.557
-0.055,-0.26
-0.063,-0.405
-0.011,-1.855
-0.218,-0.369
-0.197,-0.534
-0.458,-0.318
-0.375,-2.794
-0.492,-2.042
-0.668,-2.235
-0.665,-3.229
-0.555,-2.571
-0.693,-3.624
-0.604,-4.062
-0.861,-0.474
-0.994,-1.715
-1.158,-0.423
-1.04,-1.802
-1.054,-1.41
-1.193,-3.739
-1.123,-1.488
-1.325,-3.937
-1.318,-2.849
-1.435,-1.066
-1.317,-0.182
-1.376,-3.152
-1.559,-0.767
-1.488,-1.905
-1.515,-0.627
-1.51,-2.205
-1.65,-1.569
-1.686,-3.889
-1.707,-1.906
-1.64,-2.846
-1.824,-2.892
-1.725,-1.813
-1.773,-2.736
-1.992,-2.75
-2.199,-1.462
-2.113,-0.233
-2.265,-2.559
-2.282,-3.248
-2.222,-1.558
-2.26,-3.102
-2.414,-2.93
-2.419,-0.347
-2.578,-2.179
-2.479,-2.11
-2.633,-0.108
-2.604,-0.74
-2.781,-0.856
-2.675,-1.47
-2.88,-0.314
-2.864,-1.679
-2.991,-3.148
-2.996,-3.212
3.134,-1.94
-3.041,-3.348
3.077,-1.75
-3.079,-3.133
-3.136,-0.272
3.081,-3.108
3.1,-3.783
2.922,-0.771
3.048,-2.56
2.981,-1.638
2.959,-0.438
2.955,-4.147
2.803,-2.792
2.875,-1.666
2.757,-1.197
2.816,-0.56
2.629,-0.588
2.727,-1.367
2.61,-3.398
2.601,-1.641
2.403,-1.424
2.398,-2.101
2.464,-2.509
2.447,-2.949
2.302,-0.435
2.399,-2.954
2.277,-4.045
2.234,-3.942
2.218,-1.176
2.085,-1.209
2.007,-1.854
2.022,-2.15
2.01,-0.179
1.783,-0.987
1.91,-0.653
1.568,-1.742
1.663,-3.225
1.537,-3.334
1.486,-2.625
1.388,-4.108
1.33,-3.229
1.271,-1.707
1.132,-3.328
1.107,-3.212
1.113,-2.182
0.953,-1.941
1.079,-2.746
1.03,-1.382
0.97,-2.934
0.928,-2.811
0.813,-1.255
0.645,-2.508
-0.22,-4.426
-0.202,-4.334
-0.435,-4.421
-1.437,-4.594
-1.507,-4.158
-1.657,-4.43
-2.389,-4.34
-2.468,-4.221
-2.937,-4.667
-3.063,-4.398
2.346,-4.315
2.169,-4.5
1.925,-4.532
1.845,-4.249
1.339,-4.523
1.418,-4.484
1.43,-4.453
0.949,-4.546
0.831,-4.376
0.675,-4.519
0.499,-0.122
0.093,-0.012
-1.368,-0.114
-1.778,-0.083
-2.017,-0.11
-1.885,0.001
-2.121,-0.039
-2.758,-0.071
2.933,0.002
3.057,-0.028
2.608,-0.056
1.438,-0.301
0.185,-0.677
-1.473,-2.98
0.72,-3.364
-1.989,-1.509
-2.29,-1.019
-2.495,-3.188
3.106,-3.15
3.024,-2.327
2.57,-1.006
2.107,-1.994
1.429,-0.612
1.36,-0.926
1.221,-0.806
1.114,-1.283
0.315,-3.1
3.087,-2.257
2.267,-1.762
1.439,-2.466
1.328,-2.719
-0.8,-4.142
-2.227,-4.087
1.148,-0.461
0.733,-0.393
-1.453,-0.046
-1.851,0.038
-1.95,0.054
-3.056,0.169
2.647,0.144
2.239,0.127
2.029,0.193
1.321,-0.077
1.108,0.157
0.036,-0.315
-1.286,-2.448
-2.162,-1.733
3.07,-2.946
2.707,-0.749
1.772,-1.051
1.108,-1.278
0.421,-4.283
-2.669,0.024
0.848,-0.397
0.727,-3.705
0.747,-2.983
0.559,-2.817
0.53,-3.791
0.567,-2.859
0.515,-1.628
0.503,-2.329
0.429,-3.126
0.222,-1.78
0.278,-0.293
0.253,-2.436
0.124,-1.894
0.103,-0.441
0.078,-0.144
0.07,-0.289
0.122,-1.739
-0.085,-0.253
-0.064,-0.418
-0.325,-0.202
-0.242,-2.678
-0.359,-1.926
-0.535,-2.119
-0.532,-3.113
-0.422,-2.455
-0.56,-3.508
-0.471,-3.946
-0.728,-0.358
-0.861,-1.599
-1.025,-0.307
-0.907,-1.686
-0.921,-1.294
-1.06,-3.623
-0.99,-1.372
-1.192,-3.821
-1.185,-2.733
-1.302,-0.95
-1.184,-0.066
-1.243,-3.036
-1.426,-0.651
-1.355,-1.789
-1.382,-0.511
-1.377,-2.089
-1.517,-1.453
-1.553,-3.773
-1.574,-1.79
-1.507,-2.73
-1.691,-2.776
-1.592,-1.697
-1.64,-2.62
-1.859,-2.634
-2.066,-1.346
-1.98,-0.117
-2.132,-2.443
-2.149,-3.132
-2.089,-1.442
-2.127,-2.986
-2.281,-2.814
-2.286,-0.231
-2.445,-2.063
-2.346,-1.994
-2.5,0.008
-2.471,-0.624
-2.648,-0.74
-2.542,-1.354
-2.747,-0.198
-2.731,-1.563
-2.858,-3.032
-2.863,-3.096
-3.016,-1.824
-2.908,-3.232
-3.073,-1.634
-2.946,-3.017
-3.003,-0.156
-3.069,-2.992
-3.05,-3.667
3.055,-0.655
-3.102,-2.444
3.114,-1.522
3.092,-0.322
3.088,-4.031
2.936,-2.676
3.008,-1.55
2.89,-1.081
2.949,-0.444
2.762,-0.472
2.86,-1.251
2.743,-3.282
2.734,-1.525
2.536,-1.308
2.531,-1.985
2.597,-2.393
2.58,-2.833
2.435,-0.319
2.532,-2.838
2.41,-3.929
2.367,-3.826
2.351,-1.06
2.218,-1.093
2.14,-1.738
2.155,-2.034
2.143,-0.063
1.916,-0.871
2.043,-0.537
1.701,-1.626
1.796,-3.109
1.67,-3.218
1.619,-2.509
1.521,-3.992
1.463,-3.113
1.404,-1.591
1.265,-3.212
1.24,-3.096
1.246,-2.066
1.086,-1.825
1.212,-2.63
1.163,-1.266
1.103,-2.818
1.061,-2.695
0.946,-1.139
0.778,-2.392
-0.087,-4.31
-0.069,-4.218
-0.302,-4.305
-1.304,-4.478
-1.374,-4.042
-1.524,-4.314
-2.256,-4.224
-2.335,-4.105
-2.804,-4.551
-2.93,-4.282
2.479,-4.199
2.302,-4.384
2.058,-4.416
1.978,-4.133
1.472,-4.407
1.551,-4.368
1.563,-4.337
1.082,-4.43
0.964,-4.26
0.808,-4.403
0.632,-0.006
0.226,0.104
-1.235,0.002
-1.645,0.033
-1.884,0.006
-1.752,0.117
-1.988,0.077
-2.625,0.045
3.066,0.118
-3.093,0.088
2.741,0.06
1.571,-0.185
0.318,-0.561
-1.34,-2.864
0.853,-3.248
-1.856,-1.393
-2.157,-0.903
-2.362,-3.072
-3.044,-3.034
-3.126,-2.211
2.703,-0.89
2.24,-1.878
1.562,-0.496
1.493,-0.81
1.354,-0.69
1.247,-1.167
0.448,-2.984
-3.063,-2.141
2.4,-1.646
1.572,-2.35
1.461,-2.603
-0.667,-4.026
-2.094,-3.971
1.281,-0.345
0.866,-0.277
-0.398,0.084
-0.497,0.1
-1.603,0.215
-2.183,0.19
-2.591,0.173
-2.801,0.239
2.774,-0.031
2.561,0.203
1.489,-0.269
0.167,-2.402
-0.709,-1.687
-1.76,-2.9
-2.123,-0.703
-3.058,-1.005
2.561,-1.232
1.874,-4.237
-1.216,0.07
2.301,-0.351
2.18,-3.659
2.2,-2.937
2.012,-2.771
1.983,-3.745
2.02,-2.813
1.968,-1.582
1.956,-2.283
1.882,-3.08
1.675,-1.734
1.731,-0.247
1.706,-2.39
1.577,-1.848
1.556,-0.395
1.531,-0.098
1.523,-0.243
1.575,-1.693
1.368,-0.207
1.389,-0.372
1.128,-0.156
1.211,-2.632
1.094,-1.88
0.918,-2.073
0.921,-3.067
1.031,-2.409
0.893,-3.462
0.982,-3.9
0.725,-0.312
0.592,-1.553
0.428,-0.261
0.546,-1.64
0.532,-1.248
0.393,-3.577
0.463,-1.326
0.261,-3.775
0.268,-2.687
0.151,-0.904
0.269,-0.02
0.21,-2.99
0.027,-0.605
0.098,-1.743
0.071,-0.465
0.076,-2.043
-0.064,-1.407
-0.1,-3.727
-0.121,-1.744
-0.054,-2.684
-0.238,-2.73
-0.139,-1.651
-0.187,-2.574
-0.406,-2.588
-0.613,-1.3
-0.527,-0.071
-0.679,-2.397
-0.696,-3.086
-0.636,-1.396
-0.674,-2.94
-0.828,-2.768
-0.833,-0.185
-0.992,-2.017
-0.893,-1.948
-1.047,0.054
-1.018,-0.578
-1.195,-0.694
-1.089,-1.308
-1.294,-0.152
-1.278,-1.517
-1.405,-2.986
-1.41,-3.05
-1.563,-1.778
-1.455,-3.186
-1.62,-1.588
-1.493,-2.971
-1.55,-0.11
-1.616,-2.946
-1.597,-3.621
-1.775,-0.609
-1.649,-2.398
-1.716,-1.476
-1.738,-0.276
-1.742,-3.985
-1.894,-2.63
-1.822,-1.504
-1.94,-1.035
-1.881,-0.398
-2.068,-0.426
-1.97,-1.205
-2.087,-3.236
-2.096,-1.479
-2.294,-1.262
-2.299,-1.939
-2.233,-2.347
-2.25,-2.787
-2.395,-0.273
-2.298,-2.792
-2.42,-3.883
-2.463,-3.78
-2.479,-1.014
-2.612,-1.047
-2.69,-1.692
-2.675,-1.988
-2.687,-0.017
-2.914,-0.825
-2.787,-0.491
-3.129,-1.58
-3.034,-3.063
3.123,-3.172
3.072,-2.463
2.974,-3.946
2.916,-3.067
2.857,-1.545
2.718,-3.166
2.693,-3.05
2.699,-2.02
2.539,-1.779
2.665,-2.584
2.616,-1.22
2.556,-2.772
2.514,-2.649
2.399,-1.093
2.231,-2.346
1.366,-4.264
1.384,-4.172
1.151,-4.259
0.149,-4.432
0.079,-3.996
-0.071,-4.268
-0.803,-4.178
-0.882,-4.059
-1.351,-4.505
-1.477,-4.236
-2.351,-4.153
-2.528,-4.338
-2.772,-4.37
-2.852,-4.087
2.925,-4.361
3.004,-4.322
3.016,-4.291
2.535,-4.384
2.417,-4.214
2.261,-4.357
2.085,0.04
1.679,0.15
0.218,0.048
-0.192,0.079
-0.431,0.052
-0.299,0.163
-0.535,0.123
-1.172,0.091
-1.764,0.164
-1.64,0.134
-2.089,0.106
3.024,-0.139
1.771,-0.515
0.113,-2.818
2.306,-3.202
-0.403,-1.347
-0.704,-0.857
-0.909,-3.026
-1.591,-2.988
-1.673,-2.165
-2.127,-0.844
-2.59,-1.832
3.015,-0.45
2.946,-0.764
2.807,-0.644
2.7,-1.121
1.901,-2.938
-1.61,-2.095
-2.43,-1.6
3.025,-2.304
2.914,-2.557
0.786,-3.98
-0.641,-3.925
2.734,-0.299
2.319,-0.231
-0.099,0.016
-1.205,0.131
-1.785,0.106
-2.193,0.089
-2.403,0.155
-3.111,-0.115
2.959,0.119
1.887,-0.353
0.565,-2.486
-0.311,-1.771
-1.362,-2.984
-1.725,-0.787
-2.66,-1.089
2.959,-1.316
2.272,-4.321
-0.818,-0.014
2.699,-0.435
2.578,-3.743
2.598,-3.021
2.41,-2.855
2.381,-3.829
2.418,-2.897
2.366,-1.666
2.354,-2.367
2.28,-3.164
2.073,-1.818
2.129,-0.331
2.104,-2.474
1.975,-1.932
1.954,-0.479
1.929,-0.182
1.921,-0.327
1.973,-1.777
1.766,-0.291
1.787,-0.456
1.526,-0.24
1.609,-2.716
1.492,-1.964
1.316,-2.157
1.319,-3.151
1.429,-2.493
1.291,-3.546
1.38,-3.984
1.123,-0.396
0.99,-1.637
0.826,-0.345
0.944,-1.724
0.93,-1.332
0.791,-3.661
0.861,-1.41
0.659,-3.859
0.666,-2.771
0.549,-0.988
0.667,-0.104
0.608,-3.074
0.425,-0.689
0.496,-1.827
0.469,-0.549
0.474,-2.127
0.334,-1.491
0.298,-3.811
0.277,-1.828
0.344,-2.768
0.16,-2.814
0.259,-1.735
0.211,-2.658
-0.008,-2.672
-0.215,-1.384
-0.129,-0.155
-0.281,-2.481
-0.298,-3.17
-0.238,-1.48
-0.276,-3.024
-0.43,-2.852
-0.435,-0.269
-0.594,-2.101
-0.495,-2.032
-0.649,-0.03
-0.62,-0.662
-0.797,-0.778
-0.691,-1.392
-0.896,-0.236
-0.88,-1.601
-1.007,-3.07
-1.012,-3.134
-1.165,-1.862
-1.057,-3.27
-1.222,-1.672
-1.095,-3.055
-1.152,-0.194
-1.218,-3.03
-1.199,-3.705
-1.377,-0.693
-1.251,-2.482
-1.318,-1.56
-1.34,-0.36
-1.344,-4.069
-1.496,-2.714
-1.424,-1.588
-1.542,-1.119
-1.483,-0.482
-1.67,-0.51
-1.572,-1.289
-1.689,-3.32
-1.698,-1.563
-1.896,-1.346
-1.901,-2.023
-1.835,-2.431
-1.852,-2.871
-1.997,-0.357
-1.9,-2.876
-2.022,-3.967
-2.065,-3.864
-2.081,-1.098
-2.214,-1.131
-2.292,-1.776
-2.277,-2.072
-2.289,-0.101
-2.516,-0.909
-2.389,-0.575
-2.731,-1.664
-2.636,-3.147
-2.762,-3.256
-2.813,-2.547
-2.911,-4.03
-2.969,-3.151
-3.028,-1.629
3.116,-3.25
3.091,-3.134
3.097,-2.104
2.937,-1.863
3.063,-2.668
3.014,-1.304
2.954,-2.856
2.912,-2.733
2.797,-1.177
2.629,-2.43
1.764,-4.348
1.782,-4.256
1.549,-4.343
0.547,-4.516
0.477,-4.08
0.327,-4.352
-0.405,-4.262
-0.484,-4.143
-0.953,-4.589
-1.079,-4.32
-1.953,-4.237
-2.13,-4.422
-2.374,-4.454
-2.454,-4.171
-2.96,-4.445
-2.881,-4.406
-2.869,-4.375
2.933,-4.468
2.815,-4.298
2.659,-4.441
2.483,-0.044
2.077,0.066
0.616,-0.036
0.206,-0.005
-0.033,-0.032
0.099,0.079
-0.137,0.039
-0.774,0.007
-1.366,0.08
-1.242,0.05
-1.691,0.022
-2.861,-0.223
2.169,-0.599
0.511,-2.902
2.704,-3.286
-0.005,-1.431
-0.306,-0.941
-0.511,-3.11
-1.193,-3.072
-1.275,-2.249
-1.729,-0.928
-2.192,-1.916
-2.87,-0.534
-2.939,-0.848
-3.078,-0.728
3.098,-1.205
2.299,-3.022
-1.212,-2.179
-2.032,-1.684
-2.86,-2.388
-2.971,-2.641
1.184,-4.064
-0.243,-4.009
3.132,-0.383
2.717,-0.315
-1.106,0.115
-1.686,0.09
-2.094,0.073
-2.304,0.139
-3.012,-0.131
3.058,0.103
1.986,-0.369
0.664,-2.502
-0.212,-1.787
-1.263,-3.0
-1.626,-0.803
-2.561,-1.105
3.058,-1.332
2.371,-4.337
-0.719,-0.03
2.798,-0.451
2.677,-3.759
2.697,-3.037
2.509,-2.871
2.48,-3.845
2.517,-2.913
2.465,-1.682
2.453,-2.383
2.379,-3.18
2.172,-1.834
2.228,-0.347
2.203,-2.49
2.074,-1.948
2.053,-0.495
2.028,-0.198
2.02,-0.343
2.072,-1.793
1.865,-0.307
1.886,-0.472
1.625,-0.256
1.708,-2.732
1.591,-1.98
1.415,-2.173
1.418,-3.167
1.528,-2.509
1.39,-3.562
1.479,-4.0
1.222,-0.412
1.089,-1.653
0.925,-0.361
1.043,-1.74
1.029,-1.348
0.89,-3.677
0.96,-1.426
0.758,-3.875
0.765,-2.787
0.648,-1.004
0.766,-0.12
0.707,-3.09
0.524,-0.705
0.595,-1.843
0.568,-0.565
0.573,-2.143
0.433,-1.507
0.397,-3.827
0.376,-1.844
0.443,-2.784
0.259,-2.83
0.358,-1.751
0.31,-2.674
0.091,-2.688
-0.116,-1.4
-0.03,-0.171
-0.182,-2.497
-0.199,-3.186
-0.139,-1.496
-0.177,-3.04
-0.331,-2.868
-0.336,-0.285
-0.495,-2.117
-0.396,-2.048
-0.55,-0.046
-0.521,-0.678
-0.698,-0.794
-0.592,-1.408
-0.797,-0.252
-0.781,-1.617
-0.908,-3.086
-0.913,-3.15
-1.066,-1.878
-0.958,-3.286
-1.123,-1.688
-0.996,-3.071
-1.053,-0.21
-1.119,-3.046
-1.1,-3.721
-1.278,-0.709
-1.152,-2.498
-1.219,-1.576
-1.241,-0.376
-1.245,-4.085
-1.397,-2.73
-1.325,-1.604
-1.443,-1.135
-1.384,-0.498
-1.571,-0.526
-1.473,-1.305
-1.59,-3.336
-1.599,-1.579
-1.797,-1.362
-1.802,-2.039
-1.736,-2.447
-1.753,-2.887
-1.898,-0.373
-1.801,-2.892
-1.923,-3.983
-1.966,-3.88
-1.982,-1.114
-2.115,-1.147
-2.193,-1.792
-2.178,-2.088
-2.19,-0.117
-2.417,-0.925
-2.29,-0.591
-2.632,-1.68
-2.537,-3.163
-2.663,-3.272
-2.714,-2.563
-2.812,-4.046
-2.87,-3.167
-2.929,-1.645
-3.068,-3.266
-3.093,-3.15
-3.087,-2.12
3.036,-1.879
-3.121,-2.684
3.113,-1.32
3.053,-2.872
3.011,-2.749
2.896,-1.193
2.728,-2.446
1.863,-4.364
1.881,-4.272
1.648,-4.359
0.646,-4.532
0.576,-4.096
0.426,-4.368
-0.306,-4.278
-0.385,-4.159
-0.854,-4.605
-0.98,-4.336
-1.854,-4.253
-2.031,-4.438
-2.275,-4.47
-2.355,-4.187
-2.861,-4.461
-2.782,-4.422
-2.77,-4.391
3.032,-4.484
2.914,-4.314
2.758,-4.457
2.582,-0.06
2.176,0.05
0.715,-0.052
0.305,-0.021
0.066,-0.048
0.198,0.063
-0.038,0.023
-0.675,-0.009
-1.267,0.064
-1.143,0.034
-1.592,0.006
-2.762,-0.239
2.268,-0.615
0.61,-2.918
2.803,-3.302
0.094,-1.447
-0.207,-0.957
-0.412,-3.126
-1.094,-3.088
-1.176,-2.265
-1.63,-0.944
-2.093,-1.932
-2.771,-0.55
-2.84,-0.864
-2.979,-0.744
-3.086,-1.221
2.398,-3.038
-1.113,-2.195
-1.933,-1.7
-2.761,-2.404
-2.872,-2.657
1.283,-4.08
-0.144,-4.025
-3.052,-0.399
2.816,-0.331
-0.58,-0.025
-0.988,-0.042
-1.198,0.024
-1.906,-0.246
-2.119,-0.012
3.092,-0.484
1.77,-2.617
0.894,-1.902
-0.157,-3.115
-0.52,-0.918
-1.455,-1.22
-2.119,-1.447
-2.806,-4.452
0.387,-0.145
-2.379,-0.566
-2.5,-3.874
-2.48,-3.152
-2.668,-2.986
-2.697,-3.96
-2.66,-3.028
-2.712,-1.797
-2.724,-2.498
-2.798,-3.295
-3.005,-1.949
-2.949,-0.462
-2.974,-2.605
-3.103,-2.063
-3.124,-0.61
3.134,-0.313
3.126,-0.458
-3.105,-1.908
2.971,-0.422
2.992,-0.587
2.731,-0.371
2.814,-2.847
2.697,-2.095
2.521,-2.288
2.524,-3.282
2.634,-2.624
2.496,-3.677
2.585,-4.115
2.328,-0.527
2.195,-1.768
2.031,-0.476
2.149,-1.855
2.135,-1.463
1.996,-3.792
2.066,-1.541
1.864,-3.99
1.871,-2.902
1.754,-1.119
1.872,-0.235
1.813,-3.205
1.63,-0.82
1.701,-1.958
1.674,-0.68
1.679,-2.258
1.539,-1.622
1.503,-3.942
1.482,-1.959
1.549,-2.899
1.365,-2.945
1.464,-1.866
1.416,-2.789
1.197,-2.803
0.99,-1.515
1.076,-0.286
0.924,-2.612
0.907,-3.301
0.967,-1.611
0.929,-3.155
0.775,-2.983
0.77,-0.4
0.611,-2.232
0.71,-2.163
0.556,-0.161
0.585,-0.793
0.408,-0.909
0.514,-1.523
0.309,-0.367
0.325,-1.732
0.198,-3.201
0.193,-3.265
0.04,-1.993
0.148,-3.401
-0.017,-1.803
0.11,-3.186
0.053,-0.325
-0.013,-3.161
0.006,-3.836
-0.172,-0.824
-0.046,-2.613
-0.113,-1.691
-0.135,-0.491
-0.139,-4.2
-0.291,-2.845
-0.219,-1.719
-0.337,-1.25
-0.278,-0.613
-0.465,-0.641
-0.367,-1.42
-0.484,-3.451
-0.493,-1.694
-0.691,-1.477
-0.696,-2.154
-0.63,-2.562
-0.647,-3.002
-0.792,-0.488
-0.695,-3.007
-0.817,-4.098
-0.86,-3.995
-0.876,-1.229
-1.009,-1.262
-1.087,-1.907
-1.072,-2.203
-1.084,-0.232
-1.311,-1.04
-1.184,-0.706
-1.526,-1.795
-1.431,-3.278
-1.557,-3.387
-1.608,-2.678
-1.706,-4.161
-1.764,-3.282
-1.823,-1.76
-1.962,-3.381
-1.987,-3.265
-1.981,-2.235
-2.141,-1.994
-2.015,-2.799
-2.064,-1.435
-2.124,-2.987
-2.166,-2.864
-2.281,-1.308
-2.449,-2.561
2.969,-4.479
2.987,-4.387
2.754,-4.474
1.752,-4.647
1.682,-4.211
1.532,-4.483
0.8,-4.393
0.721,-4.274
0.252,-4.72
0.126,-4.451
-0.748,-4.368
-0.925,-4.553
-1.169,-4.585
-1.249,-4.302
-1.755,-4.576
-1.676,-4.537
-1.664,-4.506
-2.145,-4.599
-2.263,-4.429
-2.419,-4.572
-2.595,-0.175
-3.001,-0.065
1.821,-0.167
1.411,-0.136
1.172,-0.163
1.304,-0.052
1.068,-0.092
0.431,-0.124
-0.161,-0.051
-0.037,-0.081
-0.486,-0.109
-1.656,-0.354
-2.909,-0.73
1.716,-3.033
-2.374,-3.417
1.2,-1.562
0.899,-1.072
0.694,-3.241
0.012,-3.203
-0.07,-2.38
-0.524,-1.059
-0.987,-2.047
-1.665,-0.665
-1.734,-0.979
-1.873,-0.859
-1.98,-1.336
-2.779,-3.153
-0.007,-2.31
-0.827,-1.815
-1.655,-2.519
-1.766,-2.772
2.389,-4.195
0.962,-4.14
-1.946,-0.514
-2.361,-0.446
-0.408,-0.017
-0.618,0.049
-1.326,-0.221
-1.539,0.013
-2.611,-0.459
2.35,-2.592
1.474,-1.877
0.423,-3.09
0.06,-0.893
-0.875,-1.195
-1.539,-1.422
-2.226,-4.427
0.967,-0.12
-1.799,-0.541
-1.92,-3.849
-1.9,-3.127
-2.088,-2.961
-2.117,-3.935
-2.08,-3.003
-2.132,-1.772
-2.144,-2.473
-2.218,-3.27
-2.425,-1.924
-2.369,-0.437
-2.394,-2.58
-2.523,-2.038
-2.544,-0.585
-2.569,-0.288
-2.577,-0.433
-2.525,-1.883
-2.732,-0.397
-2.711,-0.562
-2.972,-0.346
-2.889,-2.822
-3.006,-2.07
3.101,-2.263
3.104,-3.257
-3.069,-2.599
3.076,-3.652
-3.118,-4.09
2.908,-0.502
2.775,-1.743
2.611,-0.451
2.729,-1.83
2.715,-1.438
2.576,-3.767
2.646,-1.516
2.444,-3.965
2.451,-2.877
2.334,-1.094
2.452,-0.21
2.393,-3.18
2.21,-0.795
2.281,-1.933
2.254,-0.655
2.259,-2.233
2.119,-1.597
2.083,-3.917
2.062,-1.934
2.129,-2.874
1.945,-2.92
2.044,-1.841
1.996,-2.764
1.777,-2.778
1.57,-1.49
1.656,-0.261
1.504,-2.587
1.487,-3.276
1.547,-1.586
1.509,-3.13
1.355,-2.958
1.35,-0.375
1.191,-2.207
1.29,-2.138
1.136,-0.136
1.165,-0.768
0.988,-0.884
1.094,-1.498
0.889,-0.342
0.905,-1.707
0.778,-3.176
0.773,-3.24
0.62,-1.968
0.728,-3.376
0.563,-1.778
0.69,-3.161
0.633,-0.3
0.567,-3.136
0.586,-3.811
0.408,-0.799
0.534,-2.588
0.467,-1.666
0.445,-0.466
0.441,-4.175
0.289,-2.82
0.361,-1.694
0.243,-1.225
0.302,-0.588
0.115,-0.616
0.213,-1.395
0.096,-3.426
0.087,-1.669
-0.111,-1.452
-0.116,-2.129
-0.05,-2.537
-0.067,-2.977
-0.212,-0.463
-0.115,-2.982
-0.237,-4.073
-0.28,-3.97
-0.296,-1.204
-0.429,-1.237
-0.507,-1.882
-0.492,-2.178
-0.504,-0.207
-0.731,-1.015
-0.604,-0.681
-0.946,-1.77
-0.851,-3.253
-0.977,-3.362
-1.028,-2.653
-1.126,-4.136
-1.184,-3.257
-1.243,-1.735
-1.382,-3.356
-1.407,-3.24
-1.401,-2.21
-1.561,-1.969
-1.435,-2.774
-1.484,-1.41
-1.544,-2.962
-1.586,-2.839
-1.701,-1.283
-1.869,-2.536
-2.734,-4.454
-2.716,-4.362
-2.949,-4.449
2.332,-4.622
2.262,-4.186
2.112,-4.458
1.38,-4.368
1.301,-4.249
0.832,-4.695
0.706,-4.426
-0.168,-4.343
-0.345,-4.528
-0.589,-4.56
-0.669,-4.277
-1.175,-4.551
-1.096,-4.512
-1.084,-4.481
-1.565,-4.574
-1.683,-4.404
-1.839,-4.547
-2.015,-0.15
-2.421,-0.04
2.401,-0.142
1.991,-0.111
1.752,-0.138
1.884,-0.027
1.648,-0.067
1.011,-0.099
0.419,-0.026
0.543,-0.056
0.094,-0.084
-1.076,-0.329
-2.329,-0.705
2.296,-3.008
-1.794,-3.392
1.78,-1.537
1.479,-1.047
1.274,-3.216
0.592,-3.178
0.51,-2.355
0.056,-1.034
-0.407,-2.022
-1.085,-0.64
-1.154,-0.954
-1.293,-0.834
-1.4,-1.311
-2.199,-3.128
0.573,-2.285
-0.247,-1.79
-1.075,-2.494
-1.186,-2.747
2.969,-4.17
1.542,-4.115
-1.366,-0.489
-1.781,-0.421
-0.21,0.066
-0.918,-0.204
-1.131,0.03
-2.203,-0.442
2.758,-2.575
1.882,-1.86
0.831,-3.073
0.468,-0.876
-0.467,-1.178
-1.131,-1.405
-1.818,-4.41
1.375,-0.103
-1.391,-0.524
-1.512,-3.832
-1.492,-3.11
-1.68,-2.944
-1.709,-3.918
-1.672,-2.986
-1.724,-1.755
-1.736,-2.456
-1.81,-3.253
-2.017,-1.907
-1.961,-0.42
-1.986,-2.563
-2.115,-2.021
-2.136,-0.568
-2.161,-0.271
-2.169,-0.416
-2.117,-1.866
-2.324,-0.38
-2.303,-0.545
-2.564,-0.329
-2.481,-2.805
-2.598,-2.053
-2.774,-2.246
-2.771,-3.24
-2.661,-2.582
-2.799,-3.635
-2.71,-4.073
-2.967,-0.485
-3.1,-1.726
3.019,-0.434
3.137,-1.813
3.123,-1.421
2.984,-3.75
3.054,-1.499
2.852,-3.948
2.859,-2.86
2.742,-1.077
2.86,-0.193
2.801,-3.163
2.618,-0.778
2.689,-1.916
2.662,-0.638
2.667,-2.216
2.527,-1.58
2.491,-3.9
2.47,-1.917
2.537,-2.857
2.353,-2.903
2.452,-1.824
2.404,-2.747
2.185,-2.761
1.978,-1.473
2.064,-0.244
1.912,-2.57
1.895,-3.259
1.955,-1.569
1.917,-3.113
1.763,-2.941
1.758,-0.358
1.599,-2.19
1.698,-2.121
1.544,-0.119
1.573,-0.751
1.396,-0.867
1.502,-1.481
1.297,-0.325
1.313,-1.69
1.186,-3.159
1.181,-3.223
1.028,-1.951
1.136,-3.359
0.971,-1.761
1.098,-3.144
1.041,-0.283
0.975,-3.119
0.994,-3.794
0.816,-0.782
0.942,-2.571
0.875,-1.649
0.853,-0.449
0.849,-4.158
0.697,-2.803
0.769,-1.677
0.651,-1.208
0.71,-0.571
0.523,-0.599
0.621,-1.378
0.504,-3.409
0.495,-1.652
0.297,-1.435
0.292,-2.112
0.358,-2.52
0.341,-2.96
0.196,-0.446
0.293,-2.965
0.171,-4.056
0.128,-3.953
0.112,-1.187
-0.021,-1.22
-0.099,-1.865
-0.084,-2.161
-0.096,-0.19
-0.323,-0.998
-0.196,-0.664
-0.538,-1.753
-0.443,-3.236
-0.569,-3.345
-0.62,-2.636
-0.718,-4.119
-0.776,-3.24
-0.835,-1.718
-0.974,-3.339
-0.999,-3.223
-0.993,-2.193
-1.153,-1.952
-1.027,-2.757
-1.076,-1.393
-1.136,-2.945
-1.178,-2.822
-1.293,-1.266
-1.461,-2.519
-2.326,-4.437
-2.308,-4.345
-2.541,-4.432
2.74,-4.605
2.67,-4.169
2.52,-4.441
1.788,-4.351
1.709,-4.232
1.24,-4.678
1.114,-4.409
0.24,-4.326
0.063,-4.511
-0.181,-4.543
-0.261,-4.26
-0.767,-4.534
-0.688,-4.495
-0.676,-4.464
-1.157,-4.557
-1.275,-4.387
-1.431,-4.53
-1.607,-0.133
-2.013,-0.023
2.809,-0.125
2.399,-0.094
2.16,-0.121
2.292,-0.01
2.056,-0.05
1.419,-0.082
0.827,-0.009
0.951,-0.039
0.502,-0.067
-0.668,-0.312
-1.921,-0.688
2.704,-2.991
-1.386,-3.375
2.188,-1.52
1.887,-1.03
1.682,-3.199
1.0,-3.161
0.918,-2.338
0.464,-1.017
0.001,-2.005
-0.677,-0.623
-0.746,-0.937
-0.885,-0.817
-0.992,-1.294
-1.791,-3.111
0.981,-2.268
0.161,-1.773
-0.667,-2.477
-0.778,-2.73
-2.906,-4.153
1.95,-4.098
-0.958,-0.472
-1.373,-0.404
-0.708,-0.27
-0.921,-0.036
-1.993,-0.508
2.968,-2.641
2.092,-1.926
1.041,-3.139
0.678,-0.942
-0.257,-1.244
-0.921,-1.471
-1.608,-4.476
1.585,-0.169
-1.181,-0.59
-1.302,-3.898
-1.282,-3.176
-1.47,-3.01
-1.499,-3.984
-1.462,-3.052
-1.514,-1.821
-1.526,-2.522
-1.6,-3.319
-1.807,-1.973
-1.751,-0.486
-1.776,-2.629
-1.905,-2.087
-1.926,-0.634
-1.951,-0.337
-1.959,-0.482
-1.907,-1.932
-2.114,-0.446
-2.093,-0.611
-2.354,-0.395
-2.271,-2.871
-2.388,-2.119
-2.564,-2.312
-2.561,-3.306
-2.451,-2.648
-2.589,-3.701
-2.5,-4.139
-2.757,-0.551
-2.89,-1.792
-3.054,-0.5
-2.936,-1.879
-2.95,-1.487
-3.089,-3.816
-3.019,-1.565
3.062,-4.014
3.069,-2.926
2.952,-1.143
3.07,-0.259
3.011,-3.229
2.828,-0.844
2.899,-1.982
2.872,-0.704
2.877,-2.282
2.737,-1.646
2.701,-3.966
2.68,-1.983
2.747,-2.923
2.563,-2.969
2.662,-1.89
2.614,-2.813
2.395,-2.827
2.188,-1.539
2.274,-0.31
2.122,-2.636
2.105,-3.325
2.165,-1.635
2.127,-3.179
1.973,-3.007
1.968,-0.424
1.809,-2.256
1.908,-2.187
1.754,-0.185
1.783,-0.817
1.606,-0.933
1.712,-1.547
1.507,-0.391
1.523,-1.756
1.396,-3.225
1.391,-3.289
1.238,-2.017
1.346,-3.425
1.181,-1.827
1.308,-3.21
1.251,-0.349
1.185,-3.185
1.204,-3.86
1.026,-0.848
1.152,-2.637
1.085,-1.715
1.063,-0.515
1.059,-4.224
0.907,-2.869
0.979,-1.743
0.861,-1.274
0.92,-0.637
0.733,-0.665
0.831,-1.444
0.714,-3.475
0.705,-1.718
0.507,-1.501
0.502,-2.178
0.568,-2.586
0.551,-3.026
0.406,-0.512
0.503,-3.031
0.381,-4.122
0.338,-4.019
0.322,-1.253
0.189,-1.286
0.111,-1.931
0.126,-2.227
0.114,-0.256
-0.113,-1.064
0.014,-0.73
-0.328,-1.819
-0.233,-3.302
-0.359,-3.411
-0.41,-2.702
-0.508,-4.185
-0.566,-3.306
-0.625,-1.784
-0.764,-3.405
-0.789,-3.289
-0.783,-2.259
-0.943,-2.018
-0.817,-2.823
-0.866,-1.459
-0.926,-3.011
-0.968,-2.888
-1.083,-1.332
-1.251,-2.585
-2.116,-4.503
-2.098,-4.411
-2.331,-4.498
2.95,-4.671
2.88,-4.235
2.73,-4.507
1.998,-4.417
1.919,-4.298
1.45,-4.744
1.324,-4.475
0.45,-4.392
0.273,-4.577
0.029,-4.609
-0.051,-4.326
-0.557,-4.6
-0.478,-4.561
-0.466,-4.53
-0.947,-4.623
-1.065,-4.453
-1.221,-4.596
-1.397,-0.199
-1.803,-0.089
3.019,-0.191
2.609,-0.16
2.37,-0.187
2.502,-0.076
2.266,-0.116
1.629,-0.148
1.037,-0.075
1.161,-0.105
0.712,-0.133
-0.458,-0.378
-1.711,-0.754
2.914,-3.057
-1.176,-3.441
2.398,-1.586
2.097,-1.096
1.892,-3.265
1.21,-3.227
1.128,-2.404
0.674,-1.083
0.211,-2.071
-0.467,-0.689
-0.536,-1.003
-0.675,-0.883
-0.782,-1.36
-1.581,-3.177
1.191,-2.334
0.371,-1.839
-0.457,-2.543
-0.568,-2.796
-2.696,-4.219
2.16,-4.164
-0.748,-0.538
-1.163,-0.47
-0.213,0.234
-1.285,-0.238
-2.607,-2.371
2.8,-1.656
1.749,-2.869
1.386,-0.672
0.451,-0.974
-0.213,-1.201
-0.9,-4.206
2.293,0.101
-0.473,-0.32
-0.594,-3.628
-0.574,-2.906
-0.762,-2.74
-0.791,-3.714
-0.754,-2.782
-0.806,-1.551
-0.818,-2.252
-0.892,-3.049
-1.099,-1.703
-1.043,-0.216
-1.068,-2.359
-1.197,-1.817
-1.218,-0.364
-1.243,-0.067
-1.251,-0.212
-1.199,-1.662
-1.406,-0.176
-1.385,-0.341
-1.646,-0.125
-1.563,-2.601
-1.68,-1.849
-1.856,-2.042
-1.853,-3.036
-1.743,-2.378
-1.881,-3.431
-1.792,-3.869
-2.049,-0.281
-2.182,-1.522
-2.346,-0.23
-2.228,-1.609
-2.242,-1.217
-2.381,-3.546
-2.311,-1.295
-2.513,-3.744
-2.506,-2.656
-2.623,-0.873
-2.505,0.011
-2.564,-2.959
-2.747,-0.574
-2.676,-1.712
-2.703,-0.434
-2.698,-2.012
-2.838,-1.376
-2.874,-3.696
-2.895,-1.713
-2.828,-2.653
-3.012,-2.699
-2.913,-1.62
-2.961,-2.543
3.103,-2.557
2.896,-1.269
2.982,-0.04
2.83,-2.366
2.813,-3.055
2.873,-1.365
2.835,-2.909
2.681,-2.737
2.676,-0.154
2.517,-1.986
2.616,-1.917
2.462,0.085
2.491,-0.547
2.314,-0.663
2.42,-1.277
2.215,-0.121
2.231,-1.486
2.104,-2.955
2.099,-3.019
1.946,-1.747
2.054,-3.155
1.889,-1.557
2.016,-2.94
1.959,-0.079
1.893,-2.915
1.912,-3.59
1.734,-0.578
1.86,-2.367
1.793,-1.445
1.771,-0.245
1.767,-3.954
1.615,-2.599
1.687,-1.473
1.569,-1.004
1.628,-0.367
1.441,-0.395
1.539,-1.174
1.422,-3.205
1.413,-1.448
1.215,-1.231
1.21,-1.908
1.276,-2.316
1.259,-2.756
1.114,-0.242
1.211,-2.761
1.089,-3.852
1.046,-3.749
1.03,-0.983
0.897,-1.016
0.819,-1.661
0.834,-1.957
0.822,0.014
0.595,-0.794
0.722,-0.46
0.38,-1.549
0.475,-3.032
0.349,-3.141
0.298,-2.432
0.2,-3.915
0.142,-3.036
0.083,-1.514
-0.056,-3.135
-0.081,-3.019
-0.075,-1.989
-0.235,-1.748
-0.109,-2.553
-0.158,-1.189
-0.218,-2.741
-0.26,-2.618
-0.375,-1.062
-0.543,-2.315
-1.408,-4.233
-1.39,-4.141
-1.623,-4.228
-2.625,-4.401
-2.695,-3.965
-2.845,-4.237
2.706,-4.147
2.627,-4.028
2.158,-4.474
2.032,-4.205
1.158,-4.122
0.981,-4.307
0.737,-4.339
0.657,-4.056
0.151,-4.33
0.23,-4.291
0.242,-4.26
-0.239,-4.353
-0.357,-4.183
-0.513,-4.326
-0.689,0.071
-1.095,0.181
-2.556,0.079
-2.966,0.11
3.078,0.083
-3.073,0.194
2.974,0.154
2.337,0.122
1.745,0.195
1.869,0.165
1.42,0.137
0.25,-0.108
-1.003,-0.484
-2.661,-2.787
-0.468,-3.171
3.106,-1.316
2.805,-0.826
2.6,-2.995
1.918,-2.957
1.836,-2.134
1.382,-0.813
0.919,-1.801
0.241,-0.419
0.172,-0.733
0.033,-0.613
-0.074,-1.09
-0.873,-2.907
1.899,-2.064
1.079,-1.569
0.251,-2.273
0.14,-2.526
-1.988,-3.949
2.868,-3.894
-0.04,-0.268
-0.455,-0.2
-1.072,-0.472
-2.394,-2.605
3.013,-1.89
1.962,-3.103
1.599,-0.906
0.664,-1.208
0.0,-1.435
-0.687,-4.44
2.506,-0.133
-0.26,-0.554
-0.381,-3.862
-0.361,-3.14
-0.549,-2.974
-0.578,-3.948
-0.541,-3.016
-0.593,-1.785
-0.605,-2.486
-0.679,-3.283
-0.886,-1.937
-0.83,-0.45
-0.855,-2.593
-0.984,-2.051
-1.005,-0.598
-1.03,-0.301
-1.038,-0.446
-0.986,-1.896
-1.193,-0.41
-1.172,-0.575
-1.433,-0.359
-1.35,-2.835
-1.467,-2.083
-1.643,-2.276
-1.64,-3.27
-1.53,-2.612
-1.668,-3.665
-1.579,-4.103
-1.836,-0.515
-1.969,-1.756
-2.133,-0.464
-2.015,-1.843
-2.029,-1.451
-2.168,-3.78
-2.098,-1.529
-2.3,-3.978
-2.293,-2.89
-2.41,-1.107
-2.292,-0.223
-2.351,-3.193
-2.534,-0.808
-2.463,-1.946
-2.49,-0.668
-2.485,-2.246
-2.625,-1.61
-2.661,-3.93
-2.682,-1.947
-2.615,-2.887
-2.799,-2.933
-2.7,-1.854
-2.748,-2.777
-2.967,-2.791
3.109,-1.503
-3.088,-0.274
3.043,-2.6
3.026,-3.289
3.086,-1.599
3.048,-3.143
2.894,-2.971
2.889,-0.388
2.73,-2.22
2.829,-2.151
2.675,-0.149
2.704,-0.781
2.527,-0.897
2.633,-1.511
2.428,-0.355
2.444,-1.72
2.317,-3.189
2.312,-3.253
2.159,-1.981
2.267,-3.389
2.102,-1.791
2.229,-3.174
2.172,-0.313
2.106,-3.149
2.125,-3.824
1.947,-0.812
2.073,-2.601
2.006,-1.679
1.984,-0.479
1.98,-4.188
1.828,-2.833
1.9,-1.707
1.782,-1.238
1.841,-0.601
1.654,-0.629
1.752,-1.408
1.635,-3.439
1.626,-1.682
1.428,-1.465
1.423,-2.142
1.489,-2.55
1.472,-2.99
1.327,-0.476
1.424,-2.995
1.302,-4.086
1.259,-3.983
1.243,-1.217
1.11,-1.25
1.032,-1.895
1.047,-2.191
1.035,-0.22
0.808,-1.028
0.935,-0.694
0.593,-1.783
0.688,-3.266
0.562,-3.375
0.511,-2.666
0.413,-4.149
0.355,-3.27
0.296,-1.748
0.157,-3.369
0.132,-3.253
0.138,-2.223
-0.022,-1.982
0.104,-2.787
0.055,-1.423
-0.005,-2.975
-0.047,-2.852
-0.162,-1.296
-0.33,-2.549
-1.195,-4.467
-1.177,-4.375
-1.41,-4.462
-2.412,-4.635
-2.482,-4.199
-2.632,-4.471
2.919,-4.381
2.84,-4.262
2.371,-4.708
2.245,-4.439
1.371,-4.356
1.194,-4.541
0.95,-4.573
0.87,-4.29
0.364,-4.564
0.443,-4.525
0.455,-4.494
-0.026,-4.587
-0.144,-4.417
-0.3,-4.56
-0.476,-0.163
-0.882,-0.053
-2.343,-0.155
-2.753,-0.124
-2.992,-0.151
-2.86,-0.04
-3.096,-0.08
2.55,-0.112
1.958,-0.039
2.082,-0.069
1.633,-0.097
0.463,-0.342
-0.79,-0.718
-2.448,-3.021
-0.255,-3.405
-2.964,-1.55
3.018,-1.06
2.813,-3.229
2.131,-3.191
2.049,-2.368
1.595,-1.047
1.132,-2.035
0.454,-0.653
0.385,-0.967
0.246,-0.847
0.139,-1.324
-0.66,-3.141
2.112,-2.298
1.292,-1.803
0.464,-2.507
0.353,-2.76
-1.775,-4.183
3.081,-4.128
0.173,-0.502
-0.242,-0.434
-1.322,-2.133
-2.198,-1.418
3.034,-2.631
2.671,-0.434
1.736,-0.736
1.072,-0.963
0.385,-3.968
-2.705,0.339
0.812,-0.082
0.691,-3.39
0.711,-2.668
0.523,-2.502
0.494,-3.476
0.531,-2.544
0.479,-1.313
0.467,-2.014
0.393,-2.811
0.186,-1.465
0.242,0.022
0.217,-2.121
0.088,-1.579
0.067,-0.126
0.042,0.171
0.034,0.026
0.086,-1.424
-0.121,0.062
-0.1,-0.103
-0.361,0.113
-0.278,-2.363
-0.395,-1.611
-0.571,-1.804
-0.568,-2.798
-0.458,-2.14
-0.596,-3.193
-0.507,-3.631
-0.764,-0.043
-0.897,-1.284
-1.061,0.008
-0.943,-1.371
-0.957,-0.979
-1.096,-3.308
-1.026,-1.057
-1.228,-3.506
-1.221,-2.418
-1.338,-0.635
-1.22,0.249
-1.279,-2.721
-1.462,-0.336
-1.391,-1.474
-1.418,-0.196
-1.413,-1.774
-1.553,-1.138
-1.589,-3.458
-1.61,-1.475
-1.543,-2.415
-1.727,-2.461
-1.628,-1.382
-1.676,-2.305
-1.895,-2.319
-2.102,-1.031
-2.016,0.198
-2.168,-2.128
-2.185,-2.817
-2.125,-1.127
-2.163,-2.671
-2.317,-2.499
-2.322,0.084
-2.481,-1.748
-2.382,-1.679
-2.536,0.323
-2.507,-0.309
-2.684,-0.425
-2.578,-1.039
-2.783,0.117
-2.767,-1.248
-2.894,-2.717
-2.899,-2.781
-3.052,-1.509
-2.944,-2.917
-3.109,-1.319
-2.982,-2.702
-3.039,0.159
-3.105,-2.677
-3.086,-3.352
3.019,-0.34
-3.138,-2.129
3.078,-1.207
3.056,-0.007
3.052,-3.716
2.9,-2.361
2.972,-1.235
2.854,-0.766
2.913,-0.129
2.726,-0.157
2.824,-0.936
2.707,-2.967
2.698,-1.21
2.5,-0.993
2.495,-1.67
2.561,-2.078
2.544,-2.518
2.399,-0.004
2.496,-2.523
2.374,-3.614
2.331,-3.511
2.315,-0.745
2.182,-0.778
2.104,-1.423
2.119,-1.719
2.107,0.252
1.88,-0.556
2.007,-0.222
1.665,-1.311
1.76,-2.794
1.634,-2.903
1.583,-2.194
1.485,-3.677
1.427,-2.798
1.368,-1.276
1.229,-2.897
1.204,-2.781
1.21,-1.751
1.05,-1.51
1.176,-2.315
1.127,-0.951
1.067,-2.503
1.025,-2.38
0.91,-0.824
0.742,-2.077
-0.123,-3.995
-0.105,-3.903
-0.338,-3.99
-1.34,-4.163
-1.41,-3.727
-1.56,-3.999
-2.292,-3.909
-2.371,-3.79
-2.84,-4.236
-2.966,-3.967
2.443,-3.884
2.266,-4.069
2.022,-4.101
1.942,-3.818
1.436,-4.092
1.515,-4.053
1.527,-4.022
1.046,-4.115
0.928,-3.945
0.772,-4.088
0.596,0.309
0.19,0.419
-1.271,0.317
-1.681,0.348
-1.92,0.321
-1.788,0.432
-2.024,0.392
-2.661,0.36
3.03,0.433
-3.129,0.403
2.705,0.375
1.535,0.13
0.282,-0.246
-1.376,-2.549
0.817,-2.933
-1.892,-1.078
-2.193,-0.588
-2.398,-2.757
-3.08,-2.719
3.121,-1.896
2.667,-0.575
2.204,-1.563
1.526,-0.181
1.457,-0.495
1.318,-0.375
1.211,-0.852
0.412,-2.669
-3.099,-1.826
2.364,-1.331
1.536,-2.035
1.425,-2.288
-0.703,-3.711
-2.13,-3.656
1.245,-0.03
0.83,0.038
-0.876,0.715
-1.927,-0.498
-2.29,1.699
3.058,1.397
2.394,1.17
1.707,-1.835
-1.383,2.472
2.134,2.051
2.013,-1.257
2.033,-0.535
1.845,-0.369
1.816,-1.343
1.853,-0.411
1.801,0.82
1.789,0.119
1.715,-0.678
1.508,0.668
1.564,2.155
1.539,0.012
1.41,0.554
1.389,2.007
1.364,2.304
1.356,2.159
1.408,0.709
1.201,2.195
1.222,2.03
0.961,2.246
1.044,-0.23
0.927,0.522
0.751,0.329
0.754,-0.665
0.864,-0.007
0.726,-1.06
0.815,-1.498
0.558,2.09
0.425,0.849
0.261,2.141
0.379,0.762
0.365,1.154
0.226,-1.175
0.296,1.076
0.094,-1.373
0.101,-0.285
-0.016,1.498
0.102,2.382
0.043,-0.588
-0.14,1.797
-0.069,0.659
-0.096,1.937
-0.091,0.359
-0.231,0.995
-0.267,-1.325
-0.288,0.658
-0.221,-0.282
-0.405,-0.328
-0.306,0.751
-0.354,-0.172
-0.573,-0.186
-0.78,1.102
-0.694,2.331
-0.846,0.005
-0.863,-0.684
-0.803,1.006
-0.841,-0.538
-0.995,-0.366
-1.0,2.217
-1.159,0.385
-1.06,0.454
-1.214,2.456
-1.185,1.824
-1.362,1.708
-1.256,1.094
-1.461,2.25
-1.445,0.885
-1.572,-0.584
-1.577,-0.648
-1.73,0.624
-1.622,-0.784
-1.787,0.814
-1.66,-0.569
-1.717,2.292
-1.783,-0.544
-1.764,-1.219
-1.942,1.793
-1.816,0.004
-1.883,0.926
-1.905,2.126
-1.909,-1.583
-2.061,-0.228
-1.989,0.898
-2.107,1.367
-2.048,2.004
-2.235,1.976
-2.137,1.197
-2.254,-0.834
-2.263,0.923
-2.461,1.14
-2.466,0.463
-2.4,0.055
-2.417,-0.385
-2.562,2.129
-2.465,-0.39
-2.587,-1.481
-2.63,-1.378
-2.646,1.388
-2.779,1.355
-2.857,0.71
-2.842,0.414
-2.854,2.385
-3.081,1.577
-2.954,1.911
2.987,0.822
3.082,-0.661
2.956,-0.77
2.905,-0.061
2.807,-1.544
2.749,-0.665
2.69,0.857
2.551,-0.764
2.526,-0.648
2.532,0.382
2.372,0.623
2.498,-0.182
2.449,1.182
2.389,-0.37
2.347,-0.247
2.232,1.309
2.064,0.056
1.199,-1.862
1.217,-1.77
0.984,-1.857
-0.018,-2.03
-0.088,-1.594
-0.238,-1.866
-0.97,-1.776
-1.049,-1.657
-1.518,-2.103
-1.644,-1.834
-2.518,-1.751
-2.695,-1.936
-2.939,-1.968
-3.019,-1.685
2.758,-1.959
2.837,-1.92
2.849,-1.889
2.368,-1.982
2.25,-1.812
2.094,-1.955
1.918,2.442
1.512,2.552
0.051,2.45
-0.359,2.481
-0.598,2.454
-0.466,2.565
-0.702,2.525
-1.339,2.493
-1.931,2.566
-1.807,2.536
-2.256,2.508
2.857,2.263
1.604,1.887
-0.054,-0.416
2.139,-0.8
-0.57,1.055
-0.871,1.545
-1.076,-0.624
-1.758,-0.586
-1.84,0.237
-2.294,1.558
-2.757,0.57
2.848,1.952
2.779,1.638
2.64,1.758
2.533,1.281
1.734,-0.536
-1.777,0.307
-2.597,0.802
2.858,0.098
2.747,-0.155
0.619,-1.578
-0.808,-1.523
2.567,2.103
2.152,2.171
-1.051,-1.213
-1.414,0.984
-2.349,0.682
-3.013,0.455
2.583,-2.55
-0.507,1.757
3.01,1.336
2.889,-1.972
2.909,-1.25
2.721,-1.084
2.692,-2.058
2.729,-1.126
2.677,0.105
2.665,-0.596
2.591,-1.393
2.384,-0.047
2.44,1.44
2.415,-0.703
2.286,-0.161
2.265,1.292
2.24,1.589
2.232,1.444
2.284,-0.006
2.077,1.48
2.098,1.315
1.837,1.531
1.92,-0.945
1.803,-0.193
1.627,-0.386
1.63,-1.38
1.74,-0.722
1.602,-1.775
1.691,-2.213
1.434,1.375
1.301,0.134
1.137,1.426
1.255,0.047
1.241,0.439
1.102,-1.89
1.172,0.361
0.97,-2.088
0.977,-1.0
0.86,0.783
0.978,1.667
0.919,-1.303
0.736,1.082
0.807,-0.056
0.78,1.222
0.785,-0.356
0.645,0.28
0.609,-2.04
0.588,-0.057
0.655,-0.997
0.471,-1.043
0.57,0.036
0.522,-0.887
0.303,-0.901
0.096,0.387
0.182,1.616
0.03,-0.71
0.013,-1.399
0.073,0.291
0.035,-1.253
-0.119,-1.081
-0.124,1.502
-0.283,-0.33
-0.184,-0.261
-0.338,1.741
-0.309,1.109
-0.486,0.993
-0.38,0.379
-0.585,1.535
-0.569,0.17
-0.696,-1.299
-0.701,-1.363
-0.854,-0.091
-0.746,-1.499
-0.911,0.099
-0.784,-1.284
-0.841,1.577
-0.907,-1.259
-0.888,-1.934
-1.066,1.078
-0.94,-0.711
-1.007,0.211
-1.029,1.411
-1.033,-2.298
-1.185,-0.943
-1.113,0.183
-1.231,0.652
-1.172,1.289
-1.359,1.261
-1.261,0.482
-1.378,-1.549
-1.387,0.208
-1.585,0.425
-1.59,-0.252
-1.524,-0.66
-1.541,-1.1
-1.686,1.414
-1.589,-1.105
-1.711,-2.196
-1.754,-2.093
-1.77,0.673
-1.903,0.64
-1.981,-0.005
-1.966,-0.301
-1.978,1.67
-2.205,0.862
-2.078,1.196
-2.42,0.107
-2.325,-1.376
-2.451,-1.485
-2.502,-0.776
-2.6,-2.259
-2.658,-1.38
-2.717,0.142
-2.856,-1.479
-2.881,-1.363
-2.875,-0.333
-3.035,-0.092
-2.909,-0.897
-2.958,0.467
-3.018,-1.085
-3.06,-0.962
3.108,0.594
2.94,-0.659
2.075,-2.577
2.093,-2.485
1.86,-2.572
0.858,-2.745
0.788,-2.309
0.638,-2.581
-0.094,-2.491
-0.173,-2.372
-0.642,-2.818
-0.768,-2.549
-1.642,-2.466
-1.819,-2.651
-2.063,-2.683
-2.143,-2.4
-2.649,-2.674
-2.57,-2.635
-2.558,-2.604
-3.039,-2.697
3.126,-2.527
2.97,-2.67
2.794,1.727
2.388,1.837
0.927,1.735
0.517,1.766
0.278,1.739
0.41,1.85
0.174,1.81
-0.463,1.778
-1.055,1.851
-0.931,1.821
-1.38,1.793
-2.55,1.548
2.48,1.172
0.822,-1.131
3.015,-1.515
0.306,0.34
0.005,0.83
-0.2,-1.339
-0.882,-1.301
-0.964,-0.478
-1.418,0.843
-1.881,-0.145
-2.559,1.237
-2.628,0.923
-2.767,1.043
-2.874,0.566
2.61,-1.251
-0.901,-0.408
-1.721,0.087
-2.549,-0.617
-2.66,-0.87
1.495,-2.293
0.068,-2.238
-2.84,1.388
3.028,1.456
-0.363,2.197
-1.298,1.895
-1.962,1.668
-2.649,-1.337
0.544,2.97
-2.222,2.549
-2.343,-0.759
-2.323,-0.037
-2.511,0.129
-2.54,-0.845
-2.503,0.087
-2.555,1.318
-2.567,0.617
-2.641,-0.18
-2.848,1.166
-2.792,2.653
-2.817,0.51
-2.946,1.052
-2.967,2.505
-2.992,2.802
-3.0,2.657
-2.948,1.207
3.128,2.693
-3.134,2.528
2.888,2.744
2.971,0.268
2.854,1.02
2.678,0.827
2.681,-0.167
2.791,0.491
2.653,-0.562
2.742,-1.0
2.485,2.588
2.352,1.347
2.188,2.639
2.306,1.26
2.292,1.652
2.153,-0.677
2.223,1.574
2.021,-0.875
2.028,0.213
1.911,1.996
2.029,2.88
1.97,-0.09
1.787,2.295
1.858,1.157
1.831,2.435
1.836,0.857
1.696,1.493
1.66,-0.827
1.639,1.156
1.706,0.216
1.522,0.17
1.621,1.249
1.573,0.326
1.354,0.312
1.147,1.6
1.233,2.829
1.081,0.503
1.064,-0.186
1.124,1.504
1.086,-0.04
0.932,0.132
0.927,2.715
0.768,0.883
0.867,0.952
0.713,2.954
0.742,2.322
0.565,2.206
0.671,1.592
0.466,2.748
0.482,1.383
0.355,-0.086
0.35,-0.15
0.197,1.122
0.305,-0.286
0.14,1.312
0.267,-0.071
0.21,2.79
0.144,-0.046
0.163,-0.721
-0.015,2.291
0.111,0.502
0.044,1.424
0.022,2.624
0.018,-1.085
-0.134,0.27
-0.062,1.396
-0.18,1.865
-0.121,2.502
-0.308,2.474
-0.21,1.695
-0.327,-0.336
-0.336,1.421
-0.534,1.638
-0.539,0.961
-0.473,0.553
-0.49,0.113
-0.635,2.627
-0.538,0.108
-0.66,-0.983
-0.703,-0.88
-0.719,1.886
-0.852,1.853
-0.93,1.208
-0.915,0.912
-0.927,2.883
-1.154,2.075
-1.027,2.409
-1.369,1.32
-1.274,-0.163
-1.4,-0.272
-1.451,0.437
-1.549,-1.046
-1.607,-0.167
-1.666,1.355
-1.805,-0.266
-1.83,-0.15
-1.824,0.88
-1.984,1.121
-1.858,0.316
-1.907,1.68
-1.967,0.128
-2.009,0.251
-2.124,1.807
-2.292,0.554
3.126,-1.364
-3.139,-1.272
2.911,-1.359
1.909,-1.532
1.839,-1.096
1.689,-1.368
0.957,-1.278
0.878,-1.159
0.409,-1.605
0.283,-1.336
-0.591,-1.253
-0.768,-1.438
-1.012,-1.47
-1.092,-1.187
-1.598,-1.461
-1.519,-1.422
-1.507,-1.391
-1.988,-1.484
-2.106,-1.314
-2.262,-1.457
-2.438,2.94
-2.844,3.05
1.978,2.948
1.568,2.979
1.329,2.952
1.461,3.063
1.225,3.023
0.588,2.991
-0.004,3.064
0.12,3.034
-0.329,3.006
-1.499,2.761
-2.752,2.385
1.873,0.082
-2.217,-0.302
1.357,1.553
1.056,2.043
0.851,-0.126
0.169,-0.088
0.087,0.735
-0.367,2.056
-0.83,1.068
-1.508,2.45
-1.577,2.136
-1.716,2.256
-1.823,1.779
-2.622,-0.038
0.15,0.805
-0.67,1.3
-1.498,0.596
-1.609,0.343
2.546,-1.08
1.119,-1.025
-1.789,2.601
-2.204,2.669
-0.935,-0.302
-1.599,-0.529
-2.286,-3.534
0.907,0.773
-1.859,0.352
-1.98,-2.956
-1.96,-2.234
-2.148,-2.068
-2.177,-3.042
-2.14,-2.11
-2.192,-0.879
-2.204,-1.58
-2.278,-2.377
-2.485,-1.031
-2.429,0.456
-2.454,-1.687
-2.583,-1.145
-2.604,0.308
-2.629,0.605
-2.637,0.46
-2.585,-0.99
-2.792,0.496
-2.771,0.331
-3.032,0.547
-2.949,-1.929
-3.066,-1.177
3.041,-1.37
3.044,-2.364
-3.129,-1.706
3.016,-2.759
3.105,-3.197
2.848,0.391
2.715,-0.85
2.551,0.442
2.669,-0.937
2.655,-0.545
2.516,-2.874
2.586,-0.623
2.384,-3.072
2.391,-1.984
2.274,-0.201
2.392,0.683
2.333,-2.287
2.15,0.098
2.221,-1.04
2.194,0.238
2.199,-1.34
2.059,-0.704
2.023,-3.024
2.002,-1.041
2.069,-1.981
1.885,-2.027
1.984,-0.948
1.936,-1.871
1.717,-1.885
1.51,-0.597
1.596,0.632
1.444,-1.694
1.427,-2.383
1.487,-0.693
1.449,-2.237
1.295,-2.065
1.29,0.518
1.131,-1.314
1.23,-1.245
1.076,0.757
1.105,0.125
0.928,0.009
1.034,-0.605
0.829,0.551
0.845,-0.814
0.718,-2.283
0.713,-2.347
0.56,-1.075
0.668,-2.483
0.503,-0.885
0.63,-2.268
0.573,0.593
0.507,-2.243
0.526,-2.918
0.348,0.094
0.474,-1.695
0.407,-0.773
0.385,0.427
0.381,-3.282
0.229,-1.927
0.301,-0.801
0.183,-0.332
0.242,0.305
0.055,0.277
0.153,-0.502
0.036,-2.533
0.027,-0.776
-0.171,-0.559
-0.176,-1.236
-0.11,-1.644
-0.127,-2.084
-0.272,0.43
-0.175,-2.089
-0.297,-3.18
-0.34,-3.077
-0.356,-0.311
-0.489,-0.344
-0.567,-0.989
-0.552,-1.285
-0.564,0.686
-0.791,-0.122
-0.664,0.212
-1.006,-0.877
-0.911,-2.36
-1.037,-2.469
-1.088,-1.76
-1.186,-3.243
-1.244,-2.364
-1.303,-0.842
-1.442,-2.463
-1.467,-2.347
-1.461,-1.317
-1.621,-1.076
-1.495,-1.881
-1.544,-0.517
-1.604,-2.069
-1.646,-1.946
-1.761,-0.39
-1.929,-1.643
-2.794,-3.561
-2.776,-3.469
-3.009,-3.556
2.272,-3.729
2.202,-3.293
2.052,-3.565
1.32,-3.475
1.241,-3.356
0.772,-3.802
0.646,-3.533
-0.228,-3.45
-0.405,-3.635
-0.649,-3.667
-0.729,-3.384
-1.235,-3.658
-1.156,-3.619
-1.144,-3.588
-1.625,-3.681
-1.743,-3.511
-1.899,-3.654
-2.075,0.743
-2.481,0.853
2.341,0.751
1.931,0.782
1.692,0.755
1.824,0.866
1.588,0.826
0.951,0.794
0.359,0.867
0.483,0.837
0.034,0.809
-1.136,0.564
-2.389,0.188
2.236,-2.115
-1.854,-2.499
1.72,-0.644
1.419,-0.154
1.214,-2.323
0.532,-2.285
0.45,-1.462
-0.004,-0.141
-0.467,-1.129
-1.145,0.253
-1.214,-0.061
-1.353,0.059
-1.46,-0.418
-2.259,-2.235
0.513,-1.392
-0.307,-0.897
-1.135,-1.601
-1.246,-1.854
2.909,-3.277
1.482,-3.222
-1.426,0.404
-1.841,0.472
-0.664,-0.227
-1.351,-3.232
1.842,1.075
-0.924,0.654
-1.045,-2.654
-1.025,-1.932
-1.213,-1.766
-1.242,-2.74
-1.205,-1.808
-1.257,-0.577
-1.269,-1.278
-1.343,-2.075
-1.55,-0.729
-1.494,0.758
-1.519,-1.385
-1.648,-0.843
-1.669,0.61
-1.694,0.907
-1.702,0.762
-1.65,-0.688
-1.857,0.798
-1.836,0.633
-2.097,0.849
-2.014,-1.627
-2.131,-0.875
-2.307,-1.068
-2.304,-2.062
-2.194,-1.404
-2.332,-2.457
-2.243,-2.895
-2.5,0.693
-2.633,-0.548
-2.797,0.744
-2.679,-0.635
-2.693,-0.243
-2.832,-2.572
-2.762,-0.321
-2.964,-2.77
-2.957,-1.682
-3.074,0.101
-2.956,0.985
-3.015,-1.985
3.085,0.4
-3.127,-0.738
3.129,0.54
3.134,-1.038
2.994,-0.402
2.958,-2.722
2.937,-0.739
3.004,-1.679
2.82,-1.725
2.919,-0.646
2.871,-1.569
2.652,-1.583
2.445,-0.295
2.531,0.934
2.379,-1.392
2.362,-2.081
2.422,-0.391
2.384,-1.935
2.23,-1.763
2.225,0.82
2.066,-1.012
2.165,-0.943
2.011,1.059
2.04,0.427
1.863,0.311
1.969,-0.303
1.764,0.853
1.78,-0.512
1.653,-1.981
1.648,-2.045
1.495,-0.773
1.603,-2.181
1.438,-0.583
1.565,-1.966
1.508,0.895
1.442,-1.941
1.461,-2.616
1.283,0.396
1.409,-1.393
1.342,-0.471
1.32,0.729
1.316,-2.98
1.164,-1.625
1.236,-0.499
1.118,-0.03
1.177,0.607
0.99,0.579
1.088,-0.2
0.971,-2.231
0.962,-0.474
0.764,-0.257
0.759,-0.934
0.825,-1.342
0.808,-1.782
0.663,0.732
0.76,-1.787
0.638,-2.878
0.595,-2.775
0.579,-0.009
0.446,-0.042
0.368,-0.687
0.383,-0.983
0.371,0.988
0.144,0.18
0.271,0.514
-0.071,-0.575
0.024,-2.058
-0.102,-2.167
-0.153,-1.458
-0.251,-2.941
-0.309,-2.062
-0.368,-0.54
-0.507,-2.161
-0.532,-2.045
-0.526,-1.015
-0.686,-0.774
-0.56,-1.579
-0.609,-0.215
-0.669,-1.767
-0.711,-1.644
-0.826,-0.088
-0.994,-1.341
-1.859,-3.259
-1.841,-3.167
-2.074,-3.254
-3.076,-3.427
3.137,-2.991
2.987,-3.263
2.255,-3.173
2.176,-3.054
1.707,-3.5
1.581,-3.231
0.707,-3.148
0.53,-3.333
0.286,-3.365
0.206,-3.082
-0.3,-3.356
-0.221,-3.317
-0.209,-3.286
-0.69,-3.379
-0.808,-3.209
-0.964,-3.352
-1.14,1.045
-1.546,1.155
-3.007,1.053
2.866,1.084
2.627,1.057
2.759,1.168
2.523,1.128
1.886,1.096
1.294,1.169
1.418,1.139
0.969,1.111
-0.201,0.866
-1.454,0.49
-3.112,-1.813
-0.919,-2.197
2.655,-0.342
2.354,0.148
2.149,-2.021
1.467,-1.983
1.385,-1.16
0.931,0.161
0.468,-0.827
-0.21,0.555
-0.279,0.241
-0.418,0.361
-0.525,-0.116
-1.324,-1.933
1.448,-1.09
0.628,-0.595
-0.2,-1.299
-0.311,-1.552
-2.439,-2.975
2.417,-2.92
-0.491,0.706
-0.906,0.774
-0.687,-3.005
2.506,1.302
-0.26,0.881
-0.381,-2.427
-0.361,-1.705
-0.549,-1.539
-0.578,-2.513
-0.541,-1.581
-0.593,-0.35
-0.605,-1.051
-0.679,-1.848
-0.886,-0.502
-0.83,0.985
-0.855,-1.158
-0.984,-0.616
-1.005,0.837
-1.03,1.134
-1.038,0.989
-0.986,-0.461
-1.193,1.025
-1.172,0.86
-1.433,1.076
-1.35,-1.4
-1.467,-0.648
-1.643,-0.841
-1.64,-1.835
-1.53,-1.177
-1.668,-2.23
-1.579,-2.668
-1.836,0.92
-1.969,-0.321
-2.133,0.971
-2.015,-0.408
-2.029,-0.016
-2.168,-2.345
-2.098,-0.094
-2.3,-2.543
-2.293,-1.455
-2.41,0.328
-2.292,1.212
-2.351,-1.758
-2.534,0.627
-2.463,-0.511
-2.49,0.767
-2.485,-0.811
-2.625,-0.175
-2.661,-2.495
-2.682,-0.512
-2.615,-1.452
-2.799,-1.498
-2.7,-0.419
-2.748,-1.342
-2.967,-1.356
3.109,-0.068
-3.088,1.161
3.043,-1.165
3.026,-1.854
3.086,-0.164
3.048,-1.708
2.894,-1.536
2.889,1.047
2.73,-0.785
2.829,-0.716
2.675,1.286
2.704,0.654
2.527,0.538
2.633,-0.076
2.428,1.08
2.444,-0.285
2.317,-1.754
2.312,-1.818
2.159,-0.546
2.267,-1.954
2.102,-0.356
2.229,-1.739
2.172,1.122
2.106,-1.714
2.125,-2.389
1.947,0.623
2.073,-1.166
2.006,-0.244
1.984,0.956
1.98,-2.753
1.828,-1.398
1.9,-0.272
1.782,0.197
1.841,0.834
1.654,0.806
1.752,0.027
1.635,-2.004
1.626,-0.247
1.428,-0.03
1.423,-0.707
1.489,-1.115
1.472,-1.555
1.327,0.959
1.424,-1.56
1.302,-2.651
1.259,-2.548
1.243,0.218
1.11,0.185
1.032,-0.46
1.047,-0.756
1.035,1.215
0.808,0.407
0.935,0.741
0.593,-0.348
0.688,-1.831
0.562,-1.94
0.511,-1.231
0.413,-2.714
0.355,-1.835
0.296,-0.313
0.157,-1.934
0.132,-1.818
0.138,-0.788
-0.022,-0.547
0.104,-1.352
0.055,0.012
-0.005,-1.54
-0.047,-1.417
-0.162,0.139
-0.33,-1.114
-1.195,-3.032
-1.177,-2.94
-1.41,-3.027
-2.412,-3.2
-2.482,-2.764
-2.632,-3.036
2.919,-2.946
2.84,-2.827
2.371,-3.273
2.245,-3.004
1.371,-2.921
1.194,-3.106
0.95,-3.138
0.87,-2.855
0.364,-3.129
0.443,-3.09
0.455,-3.059
-0.026,-3.152
-0.144,-2.982
-0.3,-3.125
-0.476,1.272
-0.882,1.382
-2.343,1.28
-2.753,1.311
-2.992,1.284
-2.86,1.395
-3.096,1.355
2.55,1.323
1.958,1.396
2.082,1.366
1.633,1.338
0.463,1.093
-0.79,0.717
-2.448,-1.586
-0.255,-1.97
-2.964,-0.115
3.018,0.375
2.813,-1.794
2.131,-1.756
2.049,-0.933
1.595,0.388
1.132,-0.6
0.454,0.782
0.385,0.468
0.246,0.588
0.139,0.111
-0.66,-1.706
2.112,-0.863
1.292,-0.368
0.464,-1.072
0.353,-1.325
-1.775,-2.748
3.081,-2.693
0.173,0.933
-0.242,1.001
-3.09,4.307
0.427,3.886
0.306,0.578
0.326,1.3
0.138,1.466
0.109,0.492
0.146,1.424
0.094,2.655
0.082,1.954
0.008,1.157
-0.199,2.503
-0.143,3.99
-0.168,1.847
-0.297,2.389
-0.318,3.842
-0.343,4.139
-0.351,3.994
-0.299,2.544
-0.506,4.03
-0.485,3.865
-0.746,4.081
-0.663,1.605
-0.78,2.357
-0.956,2.164
-0.953,1.17
-0.843,1.828
-0.981,0.775
-0.892,0.337
-1.149,3.925
-1.282,2.684
-1.446,3.976
-1.328,2.597
-1.342,2.989
-1.481,0.66
-1.411,2.911
-1.613,0.462
-1.606,1.55
-1.723,3.333
-1.605,4.217
-1.664,1.247
-1.847,3.632
-1.776,2.494
-1.803,3.772
-1.798,2.194
-1.938,2.83
-1.974,0.51
-1.995,2.493
-1.928,1.553
-2.112,1.507
-2.013,2.586
-2.061,1.663
-2.28,1.649
-2.487,2.937
-2.401,4.166
-2.553,1.84
-2.57,1.151
-2.51,2.841
-2.548,1.297
-2.702,1.469
-2.707,4.052
-2.866,2.22
-2.767,2.289
-2.921,4.291
-2.892,3.659
-3.069,3.543
-2.963,2.929
3.115,4.085
3.131,2.72
3.004,1.251
2.999,1.187
2.846,2.459
2.954,1.051
2.789,2.649
2.916,1.266
2.859,4.127
2.793,1.291
2.812,0.616
2.634,3.628
2.76,1.839
2.693,2.761
2.671,3.961
2.667,0.252
2.515,1.607
2.587,2.733
2.469,3.202
2.528,3.839
2.341,3.811
2.439,3.032
2.322,1.001
2.313,2.758
2.115,2.975
2.11,2.298
2.176,1.89
2.159,1.45
2.014,3.964
2.111,1.445
1.989,0.354
1.946,0.457
1.93,3.223
1.797,3.19
1.719,2.545
1.734,2.249
1.722,4.22
1.495,3.412
1.622,3.746
1.28,2.657
1.375,1.174
1.249,1.065
1.198,1.774
1.1,0.291
1.042,1.17
0.983,2.692
0.844,1.071
0.819,1.187
0.825,2.217
0.665,2.458
0.791,1.653
0.742,3.017
0.682,1.465
0.64,1.588
0.525,3.144
0.357,1.891
-0.508,-0.027
-0.49,0.065
-0.723,-0.022
-1.725,-0.195
-1.795,0.241
-1.945,-0.031
-2.677,0.059
-2.756,0.178
3.058,-0.268
2.932,0.001
2.058,0.084
1.881,-0.101
1.637,-0.133
1.557,0.15
1.051,-0.124
1.13,-0.085
1.142,-0.054
0.661,-0.147
0.543,0.023
0.387,-0.12
0.211,4.277
-0.195,4.387
-1.656,4.285
-2.066,4.316
-2.305,4.289
-2.173,4.4
-2.409,4.36
-3.046,4.328
2.645,4.401
2.769,4.371
2.32,4.343
1.15,4.098
-0.103,3.722
-1.761,1.419
0.432,1.035
-2.277,2.89
-2.578,3.38
-2.783,1.211
2.818,1.249
2.736,2.072
2.282,3.393
1.819,2.405
1.141,3.787
1.072,3.473
0.933,3.593
0.826,3.116
0.027,1.299
2.799,2.142
1.979,2.637
1.151,1.933
1.04,1.68
-1.088,0.257
-2.515,0.312
0.86,3.938
0.445,4.006
-2.766,-0.421
-2.887,-3.729
-2.867,-3.007
-3.055,-2.841
-3.084,-3.815
-3.047,-2.883
-3.099,-1.652
-3.111,-2.353
3.098,-3.15
2.891,-1.804
2.947,-0.317
2.922,-2.46
2.793,-1.918
2.772,-0.465
2.747,-0.168
2.739,-0.313
2.791,-1.763
2.584,-0.277
2.605,-0.442
2.344,-0.226
2.427,-2.702
2.31,-1.95
2.134,-2.143
2.137,-3.137
2.247,-2.479
2.109,-3.532
2.198,-3.97
1.941,-0.382
1.808,-1.623
1.644,-0.331
1.762,-1.71
1.748,-1.318
1.609,-3.647
1.679,-1.396
1.477,-3.845
1.484,-2.757
1.367,-0.974
1.485,-0.09
1.426,-3.06
1.243,-0.675
1.314,-1.813
1.287,-0.535
1.292,-2.113
1.152,-1.477
1.116,-3.797
1.095,-1.814
1.162,-2.754
0.978,-2.8
1.077,-1.721
1.029,-2.644
0.81,-2.658
0.603,-1.37
0.689,-0.141
0.537,-2.467
0.52,-3.156
0.58,-1.466
0.542,-3.01
0.388,-2.838
0.383,-0.255
0.224,-2.087
0.323,-2.018
0.169,-0.016
0.198,-0.648
0.021,-0.764
0.127,-1.378
-0.078,-0.222
-0.062,-1.587
-0.189,-3.056
-0.194,-3.12
-0.347,-1.848
-0.239,-3.256
-0.404,-1.658
-0.277,-3.041
-0.334,-0.18
-0.4,-3.016
-0.381,-3.691
-0.559,-0.679
-0.433,-2.468
-0.5,-1.546
-0.522,-0.346
-0.526,-4.055
-0.678,-2.7
-0.606,-1.574
-0.724,-1.105
-0.665,-0.468
-0.852,-0.496
-0.754,-1.275
-0.871,-3.306
-0.88,-1.549
-1.078,-1.332
-1.083,-2.009
-1.017,-2.417
-1.034,-2.857
-1.179,-0.343
-1.082,-2.862
-1.204,-3.953
-1.247,-3.85
-1.263,-1.084
-1.396,-1.117
-1.474,-1.762
-1.459,-2.058
-1.471,-0.087
-1.698,-0.895
-1.571,-0.561
-1.913,-1.65
-1.818,-3.133
-1.944,-3.242
-1.995,-2.533
-2.093,-4.016
-2.151,-3.137
-2.21,-1.615
-2.349,-3.236
-2.374,-3.12
-2.368,-2.09
-2.528,-1.849
-2.402,-2.654
-2.451,-1.29
-2.511,-2.842
-2.553,-2.719
-2.668,-1.163
-2.836,-2.416
2.582,-4.334
2.6,-4.242
2.367,-4.329
1.365,-4.502
1.295,-4.066
1.145,-4.338
0.413,-4.248
0.334,-4.129
-0.135,-4.575
-0.261,-4.306
-1.135,-4.223
-1.312,-4.408
-1.556,-4.44
-1.636,-4.157
-2.142,-4.431
-2.063,-4.392
-2.051,-4.361
-2.532,-4.454
-2.65,-4.284
-2.806,-4.427
-2.982,-0.03
2.895,0.08
1.434,-0.022
1.024,0.009
0.785,-0.018
0.917,0.093
0.681,0.053
0.044,0.021
-0.548,0.094
-0.424,0.064
-0.873,0.036
-2.043,-0.209
2.987,-0.585
1.329,-2.888
-2.761,-3.272
0.813,-1.417
0.512,-0.927
0.307,-3.096
-0.375,-3.058
-0.457,-2.235
-0.911,-0.914
-1.374,-1.902
-2.052,-0.52
-2.121,-0.834
-2.26,-0.714
-2.367,-1.191
3.117,-3.008
-0.394,-2.165
-1.214,-1.67
-2.042,-2.374
-2.153,-2.627
2.002,-4.05
0.575,-3.995
-2.333,-0.369
-2.748,-0.301
-0.121,-3.308
-0.101,-2.586
-0.289,-2.42
-0.318,-3.394
-0.281,-2.462
-0.333,-1.231
-0.345,-1.932
-0.419,-2.729
-0.626,-1.383
-0.57,0.104
-0.595,-2.039
-0.724,-1.497
-0.745,-0.044
-0.77,0.253
-0.778,0.108
-0.726,-1.342
-0.933,0.144
-0.912,-0.021
-1.173,0.195
-1.09,-2.281
-1.207,-1.529
-1.383,-1.722
-1.38,-2.716
-1.27,-2.058
-1.408,-3.111
-1.319,-3.549
-1.576,0.039
-1.709,-1.202
-1.873,0.09
-1.755,-1.289
-1.769,-0.897
-1.908,-3.226
-1.838,-0.975
-2.04,-3.424
-2.033,-2.336
-2.15,-0.553
-2.032,0.331
-2.091,-2.639
-2.274,-0.254
-2.203,-1.392
-2.23,-0.114
-2.225,-1.692
-2.365,-1.056
-2.401,-3.376
-2.422,-1.393
-2.355,-2.333
-2.539,-2.379
-2.44,-1.3
-2.488,-2.223
-2.707,-2.237
-2.914,-0.949
-2.828,0.28
-2.98,-2.046
-2.997,-2.735
-2.937,-1.045
-2.975,-2.589
-3.129,-2.417
-3.134,0.166
2.99,-1.666
3.089,-1.597
2.935,0.405
2.964,-0.227
2.787,-0.343
2.893,-0.957
2.688,0.199
2.704,-1.166
2.577,-2.635
2.572,-2.699
2.419,-1.427
2.527,-2.835
2.362,-1.237
2.489,-2.62
2.432,0.241
2.366,-2.595
2.385,-3.27
2.207,-0.258
2.333,-2.047
2.266,-1.125
2.244,0.075
2.24,-3.634
2.088,-2.279
2.16,-1.153
2.042,-0.684
2.101,-0.047
1.914,-0.075
2.012,-0.854
1.895,-2.885
1.886,-1.128
1.688,-0.911
1.683,-1.588
1.749,-1.996
1.732,-2.436
1.587,0.078
1.684,-2.441
1.562,-3.532
1.519,-3.429
1.503,-0.663
1.37,-0.696
1.292,-1.341
1.307,-1.637
1.295,0.334
1.068,-0.474
1.195,-0.14
0.853,-1.229
0.948,-2.712
0.822,-2.821
0.771,-2.112
0.673,-3.595
0.615,-2.716
0.556,-1.194
0.417,-2.815
0.392,-2.699
0.398,-1.669
0.238,-1.428
0.364,-2.233
0.315,-0.869
0.255,-2.421
0.213,-2.298
0.098,-0.742
-0.07,-1.995
-0.935,-3.913
-0.917,-3.821
-1.15,-3.908
-2.152,-4.081
-2.222,-3.645
-2.372,-3.917
-3.104,-3.827
3.1,-3.708
2.631,-4.154
2.505,-3.885
1.631,-3.802
1.454,-3.987
1.21,-4.019
1.13,-3.736
0.624,-4.01
0.703,-3.971
0.715,-3.94
0.234,-4.033
0.116,-3.863
-0.04,-4.006
-0.216,0.391
-0.622,0.501
-2.083,0.399
-2.493,0.43
-2.732,0.403
-2.6,0.514
-2.836,0.474
2.81,0.442
2.218,0.515
2.342,0.485
1.893,0.457
0.723,0.212
-0.53,-0.164
-2.188,-2.467
0.005,-2.851
-2.704,-0.996
-3.005,-0.506
3.073,-2.675
2.391,-2.637
2.309,-1.814
1.855,-0.493
1.392,-1.481
0.714,-0.099
0.645,-0.413
0.506,-0.293
0.399,-0.77
-0.4,-2.587
2.372,-1.744
1.552,-1.249
0.724,-1.953
0.613,-2.206
-1.515,-3.629
-2.942,-3.574
0.433,0.052
0.018,0.12
0.02,0.722
-0.168,0.888
-0.197,-0.086
-0.16,0.846
-0.212,2.077
-0.224,1.376
-0.298,0.579
-0.505,1.925
-0.449,3.412
-0.474,1.269
-0.603,1.811
-0.624,3.264
-0.649,3.561
-0.657,3.416
-0.605,1.966
-0.812,3.452
-0.791,3.287
-1.052,3.503
-0.969,1.027
-1.086,1.779
-1.262,1.586
-1.259,0.592
-1.149,1.25
-1.287,0.197
-1.198,-0.241
-1.455,3.347
-1.588,2.106
-1.752,3.398
-1.634,2.019
-1.648,2.411
-1.787,0.082
-1.717,2.333
-1.919,-0.116
-1.912,0.972
-2.029,2.755
-1.911,3.639
-1.97,0.669
-2.153,3.054
-2.082,1.916
-2.109,3.194
-2.104,1.616
-2.244,2.252
-2.28,-0.068
-2.301,1.915
-2.234,0.975
-2.418,0.929
-2.319,2.008
-2.367,1.085
-2.586,1.071
-2.793,2.359
-2.707,3.588
-2.859,1.262
-2.876,0.573
-2.816,2.263
-2.854,0.719
-3.008,0.891
-3.013,3.474
3.111,1.642
-3.073,1.711
3.056,3.713
3.085,3.081
2.908,2.965
3.014,2.351
2.809,3.507
2.825,2.142
2.698,0.673
2.693,0.609
2.54,1.881
2.648,0.473
2.483,2.071
2.61,0.688
2.553,3.549
2.487,0.713
2.506,0.038
2.328,3.05
2.454,1.261
2.387,2.183
2.365,3.383
2.361,-0.326
2.209,1.029
2.281,2.155
2.163,2.624
2.222,3.261
2.035,3.233
2.133,2.454
2.016,0.423
2.007,2.18
1.809,2.397
1.804,1.72
1.87,1.312
1.853,0.872
1.708,3.386
1.805,0.867
1.683,-0.224
1.64,-0.121
1.624,2.645
1.491,2.612
1.413,1.967
1.428,1.671
1.416,3.642
1.189,2.834
1.316,3.168
0.974,2.079
1.069,0.596
0.943,0.487
0.892,1.196
0.794,-0.287
0.736,0.592
0.677,2.114
0.538,0.493
0.513,0.609
0.519,1.639
0.359,1.88
0.485,1.075
0.436,2.439
0.376,0.887
0.334,1.01
0.219,2.566
0.051,1.313
-0.814,-0.605
-0.796,-0.513
-1.029,-0.6
-2.031,-0.773
-2.101,-0.337
-2.251,-0.609
-2.983,-0.519
-3.062,-0.4
2.752,-0.846
2.626,-0.577
1.752,-0.494
1.575,-0.679
1.331,-0.711
1.251,-0.428
0.745,-0.702
0.824,-0.663
0.836,-0.632
0.355,-0.725
0.237,-0.555
0.081,-0.698
-0.095,3.699
-0.501,3.809
-1.962,3.707
-2.372,3.738
-2.611,3.711
-2.479,3.822
-2.715,3.782
2.931,3.75
2.339,3.823
2.463,3.793
2.014,3.765
0.844,3.52
-0.409,3.144
-2.067,0.841
0.126,0.457
-2.583,2.312
-2.884,2.802
-3.089,0.633
2.512,0.671
2.43,1.494
1.976,2.815
1.513,1.827
0.835,3.209
0.766,2.895
0.627,3.015
0.52,2.538
-0.279,0.721
2.493,1.564
1.673,2.059
0.845,1.355
0.734,1.102
-1.394,-0.321
-2.821,-0.266
0.554,3.36
0.139,3.428
-0.188,0.166
-0.217,-0.808
-0.18,0.124
-0.232,1.355
-0.244,0.654
-0.318,-0.143
-0.525,1.203
-0.469,2.69
-0.494,0.547
-0.623,1.089
-0.644,2.542
-0.669,2.839
-0.677,2.694
-0.625,1.244
-0.832,2.73
-0.811,2.565
-1.072,2.781
-0.989,0.305
-1.106,1.057
-1.282,0.864
-1.279,-0.13
-1.169,0.528
-1.307,-0.525
-1.218,-0.963
-1.475,2.625
-1.608,1.384
-1.772,2.676
-1.654,1.297
-1.668,1.689
-1.807,-0.64
-1.737,1.611
-1.939,-0.838
-1.932,0.25
-2.049,2.033
-1.931,2.917
-1.99,-0.053
-2.173,2.332
-2.102,1.194
-2.129,2.472
-2.124,0.894
-2.264,1.53
-2.3,-0.79
-2.321,1.193
-2.254,0.253
-2.438,0.207
-2.339,1.286
-2.387,0.363
-2.606,0.349
-2.813,1.637
-2.727,2.866
-2.879,0.54
-2.896,-0.149
-2.836,1.541
-2.874,-0.003
-3.028,0.169
-3.033,2.752
3.091,0.92
-3.093,0.989
3.036,2.991
3.065,2.359
2.888,2.243
2.994,1.629
2.789,2.785
2.805,1.42
2.678,-0.049
2.673,-0.113
2.52,1.159
2.628,-0.249
2.463,1.349
2.59,-0.034
2.533,2.827
2.467,-0.009
2.486,-0.684
2.308,2.328
2.434,0.539
2.367,1.461
2.345,2.661
2.341,-1.048
2.189,0.307
2.261,1.433
2.143,1.902
2.202,2.539
2.015,2.511
2.113,1.732
1.996,-0.299
1.987,1.458
1.789,1.675
1.784,0.998
1.85,0.59
1.833,0.15
1.688,2.664
1.785,0.145
1.663,-0.946
1.62,-0.843
1.604,1.923
1.471,1.89
1.393,1.245
1.408,0.949
1.396,2.92
1.169,2.112
1.296,2.446
0.954,1.357
1.049,-0.126
0.923,-0.235
0.872,0.474
0.774,-1.009
0.716,-0.13
0.657,1.392
0.518,-0.229
0.493,-0.113
0.499,0.917
0.339,1.158
0.465,0.353
0.416,1.717
0.356,0.165
0.314,0.288
0.199,1.844
0.031,0.591
-0.834,-1.327
-0.816,-1.235
-1.049,-1.322
-2.051,-1.495
-2.121,-1.059
-2.271,-1.331
-3.003,-1.241
-3.082,-1.122
2.732,-1.568
2.606,-1.299
1.732,-1.216
1.555,-1.401
1.311,-1.433
1.231,-1.15
0.725,-1.424
0.804,-1.385
0.816,-1.354
0.335,-1.447
0.217,-1.277
0.061,-1.42
-0.115,2.977
-0.521,3.087
-1.982,2.985
-2.392,3.016
-2.631,2.989
-2.499,3.1
-2.735,3.06
2.911,3.028
2.319,3.101
2.443,3.071
1.994,3.043
0.824,2.798
-0.429,2.422
-2.087,0.119
0.106,-0.265
-2.603,1.59
-2.904,2.08
-3.109,-0.089
2.492,-0.051
2.41,0.772
1.956,2.093
1.493,1.105
0.815,2.487
0.746,2.173
0.607,2.293
0.5,1.816
-0.299,-0.001
2.473,0.842
1.653,1.337
0.825,0.633
0.714,0.38
-1.414,-1.043
-2.841,-0.988
0.534,2.638
0.119,2.706
-0.029,-0.974
0.008,-0.042
-0.044,1.189
-0.056,0.488
-0.13,-0.309
-0.337,1.037
-0.281,2.524
-0.306,0.381
-0.435,0.923
-0.456,2.376
-0.481,2.673
-0.489,2.528
-0.437,1.078
-0.644,2.564
-0.623,2.399
-0.884,2.615
-0.801,0.139
-0.918,0.891
-1.094,0.698
-1.091,-0.296
-0.981,0.362
-1.119,-0.691
-1.03,-1.129
-1.287,2.459
-1.42,1.218
-1.584,2.51
-1.466,1.131
-1.48,1.523
-1.619,-0.806
-1.549,1.445
-1.751,-1.004
-1.744,0.084
-1.861,1.867
-1.743,2.751
-1.802,-0.219
-1.985,2.166
-1.914,1.028
-1.941,2.306
-1.936,0.728
-2.076,1.364
-2.112,-0.956
-2.133,1.027
-2.066,0.087
-2.25,0.041
-2.151,1.12
-2.199,0.197
-2.418,0.183
-2.625,1.471
-2.539,2.7
-2.691,0.374
-2.708,-0.315
-2.648,1.375
-2.686,-0.169
-2.84,0.003
-2.845,2.586
-3.004,0.754
-2.905,0.823
-3.059,2.825
-3.03,2.193
3.076,2.077
-3.101,1.463
2.977,2.619
2.993,1.254
2.866,-0.215
2.861,-0.279
2.708,0.993
2.816,-0.415
2.651,1.183
2.778,-0.2
2.721,2.661
2.655,-0.175
2.674,-0.85
2.496,2.162
2.622,0.373
2.555,1.295
2.533,2.495
2.529,-1.214
2.377,0.141
2.449,1.267
2.331,1.736
2.39,2.373
2.203,2.345
2.301,1.566
2.184,-0.465
2.175,1.292
1.977,1.509
1.972,0.832
2.038,0.424
2.021,-0.016
1.876,2.498
1.973,-0.021
1.851,-1.112
1.808,-1.009
1.792,1.757
1.659,1.724
1.581,1.079
1.596,0.783
1.584,2.754
1.357,1.946
1.484,2.28
1.142,1.191
1.237,-0.292
1.111,-0.401
1.06,0.308
0.962,-1.175
0.904,-0.296
0.845,1.226
0.706,-0.395
0.681,-0.279
0.687,0.751
0.527,0.992
0.653,0.187
0.604,1.551
0.544,-0.001
0.502,0.122
0.387,1.678
0.219,0.425
-0.646,-1.493
-0.628,-1.401
-0.861,-1.488
-1.863,-1.661
-1.933,-1.225
-2.083,-1.497
-2.815,-1.407
-2.894,-1.288
2.92,-1.734
2.794,-1.465
1.92,-1.382
1.743,-1.567
1.499,-1.599
1.419,-1.316
0.913,-1.59
0.992,-1.551
1.004,-1.52
0.523,-1.613
0.405,-1.443
0.249,-1.586
0.073,2.811
-0.333,2.921
-1.794,2.819
-2.204,2.85
-2.443,2.823
-2.311,2.934
-2.547,2.894
3.099,2.862
2.507,2.935
2.631,2.905
2.182,2.877
1.012,2.632
-0.241,2.256
-1.899,-0.047
0.294,-0.431
-2.415,1.424
-2.716,1.914
-2.921,-0.255
2.68,-0.217
2.598,0.606
2.144,1.927
1.681,0.939
1.003,2.321
0.934,2.007
0.795,2.127
0.688,1.65
-0.111,-0.167
2.661,0.676
1.841,1.171
1.013,0.467
0.902,0.214
-1.226,-1.209
-2.653,-1.154
0.722,2.472
0.307,2.54
0.037,0.932
-0.015,2.163
-0.027,1.462
-0.101,0.665
-0.308,2.011
-0.252,3.498
-0.277,1.355
-0.406,1.897
-0.427,3.35
-0.452,3.647
-0.46,3.502
-0.408,2.052
-0.615,3.538
-0.594,3.373
-0.855,3.589
-0.772,1.113
-0.889,1.865
-1.065,1.672
-1.062,0.678
-0.952,1.336
-1.09,0.283
-1.001,-0.155
-1.258,3.433
-1.391,2.192
-1.555,3.484
-1.437,2.105
-1.451,2.497
-1.59,0.168
-1.52,2.419
-1.722,-0.03
-1.715,1.058
-1.832,2.841
-1.714,3.725
-1.773,0.755
-1.956,3.14
-1.885,2.002
-1.912,3.28
-1.907,1.702
-2.047,2.338
-2.083,0.018
-2.104,2.001
-2.037,1.061
-2.221,1.015
-2.122,2.094
-2.17,1.171
-2.389,1.157
-2.596,2.445
-2.51,3.674
-2.662,1.348
-2.679,0.659
-2.619,2.349
-2.657,0.805
-2.811,0.977
-2.816,3.56
-2.975,1.728
-2.876,1.797
-3.03,3.799
-3.001,3.167
3.105,3.051
-3.072,2.437
3.006,3.593
3.022,2.228
2.895,0.759
2.89,0.695
2.737,1.967
2.845,0.559
2.68,2.157
2.807,0.774
2.75,3.635
2.684,0.799
2.703,0.124
2.525,3.136
2.651,1.347
2.584,2.269
2.562,3.469
2.558,-0.24
2.406,1.115
2.478,2.241
2.36,2.71
2.419,3.347
2.232,3.319
2.33,2.54
2.213,0.509
2.204,2.266
2.006,2.483
2.001,1.806
2.067,1.398
2.05,0.958
1.905,3.472
2.002,0.953
1.88,-0.138
1.837,-0.035
1.821,2.731
1.688,2.698
1.61,2.053
1.625,1.757
1.613,3.728
1.386,2.92
1.513,3.254
1.171,2.165
1.266,0.682
1.14,0.573
1.089,1.282
0.991,-0.201
0.933,0.678
0.874,2.2
0.735,0.579
0.71,0.695
0.716,1.725
0.556,1.966
0.682,1.161
0.633,2.525
0.573,0.973
0.531,1.096
0.416,2.652
0.248,1.399
-0.617,-0.519
-0.599,-0.427
-0.832,-0.514
-1.834,-0.687
-1.904,-0.251
-2.054,-0.523
-2.786,-0.433
-2.865,-0.314
2.949,-0.76
2.823,-0.491
1.949,-0.408
1.772,-0.593
1.528,-0.625
1.448,-0.342
0.942,-0.616
1.021,-0.577
1.033,-0.546
0.552,-0.639
0.434,-0.469
0.278,-0.612
0.102,3.785
-0.304,3.895
-1.765,3.793
-2.175,3.824
-2.414,3.797
-2.282,3.908
-2.518,3.868
3.128,3.836
2.536,3.909
2.66,3.879
2.211,3.851
1.041,3.606
-0.212,3.23
-1.87,0.927
0.323,0.543
-2.386,2.398
-2.687,2.888
-2.892,0.719
2.709,0.757
2.627,1.58
2.173,2.901
1.71,1.913
1.032,3.295
0.963,2.981
0.824,3.101
0.717,2.624
-0.082,0.807
2.69,1.65
1.87,2.145
1.042,1.441
0.931,1.188
-1.197,-0.235
-2.624,-0.18
0.751,3.446
0.336,3.514
-0.052,1.231
-0.064,0.53
-0.138,-0.267
-0.345,1.079
-0.289,2.566
-0.314,0.423
-0.443,0.965
-0.464,2.418
-0.489,2.715
-0.497,2.57
-0.445,1.12
-0.652,2.606
-0.631,2.441
-0.892,2.657
-0.809,0.181
-0.926,0.933
-1.102,0.74
-1.099,-0.254
-0.989,0.404
-1.127,-0.649
-1.038,-1.087
-1.295,2.501
-1.428,1.26
-1.592,2.552
-1.474,1.173
-1.488,1.565
-1.627,-0.764
-1.557,1.487
-1.759,-0.962
-1.752,0.126
-1.869,1.909
-1.751,2.793
-1.81,-0.177
-1.993,2.208
-1.922,1.07
-1.949,2.348
-1.944,0.77
-2.084,1.406
-2.12,-0.914
-2.141,1.069
-2.074,0.129
-2.258,0.083
-2.159,1.162
-2.207,0.239
-2.426,0.225
-2.633,1.513
-2.547,2.742
-2.699,0.416
-2.716,-0.273
-2.656,1.417
-2.694,-0.127
-2.848,0.045
-2.853,2.628
-3.012,0.796
-2.913,0.865
-3.067,2.867
-3.038,2.235
3.068,2.119
-3.109,1.505
2.969,2.661
2.985,1.296
2.858,-0.173
2.853,-0.237
2.7,1.035
2.808,-0.373
2.643,1.225
2.77,-0.158
2.713,2.703
2.647,-0.133
2.666,-0.808
2.488,2.204
2.614,0.415
2.547,1.337
2.525,2.537
2.521,-1.172
2.369,0.183
2.441,1.309
2.323,1.778
2.382,2.415
2.195,2.387
2.293,1.608
2.176,-0.423
2.167,1.334
1.969,1.551
1.964,0.874
2.03,0.466
2.013,0.026
1.868,2.54
1.965,0.021
1.843,-1.07
1.8,-0.967
1.784,1.799
1.651,1.766
1.573,1.121
1.588,0.825
1.576,2.796
1.349,1.988
1.476,2.322
1.134,1.233
1.229,-0.25
1.103,-0.359
1.052,0.35
0.954,-1.133
0.896,-0.254
0.837,1.268
0.698,-0.353
0.673,-0.237
0.679,0.793
0.519,1.034
0.645,0.229
0.596,1.593
0.536,0.041
0.494,0.164
0.379,1.72
0.211,0.467
-0.654,-1.451
-0.636,-1.359
-0.869,-1.446
-1.871,-1.619
-1.941,-1.183
-2.091,-1.455
-2.823,-1.365
-2.902,-1.246
2.912,-1.692
2.786,-1.423
1.912,-1.34
1.735,-1.525
1.491,-1.557
1.411,-1.274
0.905,-1.548
0.984,-1.509
0.996,-1.478
0.515,-1.571
0.397,-1.401
0.241,-1.544
0.065,2.853
-0.341,2.963
-1.802,2.861
-2.212,2.892
-2.451,2.865
-2.319,2.976
-2.555,2.936
3.091,2.904
2.499,2.977
2.623,2.947
2.174,2.919
1.004,2.674
-0.249,2.298
-1.907,-0.005
0.286,-0.389
-2.423,1.466
-2.724,1.956
-2.929,-0.213
2.672,-0.175
2.59,0.648
2.136,1.969
1.673,0.981
0.995,2.363
0.926,2.049
0.787,2.169
0.68,1.692
-0.119,-0.125
2.653,0.718
1.833,1.213
1.005,0.509
0.894,0.256
-1.234,-1.167
-2.661,-1.112
0.714,2.514
0.299,2.582
-0.012,-0.701
-0.086,-1.498
-0.293,-0.152
-0.237,1.335
-0.262,-0.808
-0.391,-0.266
-0.412,1.187
-0.437,1.484
-0.445,1.339
-0.393,-0.111
-0.6,1.375
-0.579,1.21
-0.84,1.426
-0.757,-1.05
-0.874,-0.298
-1.05,-0.491
-1.047,-1.485
-0.937,-0.827
-1.075,-1.88
-0.986,-2.318
-1.243,1.27
-1.376,0.029
-1.54,1.321
-1.422,-0.058
-1.436,0.334
-1.575,-1.995
-1.505,0.256
-1.707,-2.193
-1.7,-1.105
-1.817,0.678
-1.699,1.562
-1.758,-1.408
-1.941,0.977
-1.87,-0.161
-1.897,1.117
-1.892,-0.461
-2.032,0.175
-2.068,-2.145
-2.089,-0.162
-2.022,-1.102
-2.206,-1.148
-2.107,-0.069
-2.155,-0.992
-2.374,-1.006
-2.581,0.282
-2.495,1.511
-2.647,-0.815
-2.664,-1.504
-2.604,0.186
-2.642,-1.358
-2.796,-1.186
-2.801,1.397
-2.96,-0.435
-2.861,-0.366
-3.015,1.636
-2.986,1.004
3.12,0.888
-3.057,0.274
3.021,1.43
3.037,0.065
2.91,-1.404
2.905,-1.468
2.752,-0.196
2.86,-1.604
2.695,-0.006
2.822,-1.389
2.765,1.472
2.699,-1.364
2.718,-2.039
2.54,0.973
2.666,-0.816
2.599,0.106
2.577,1.306
2.573,-2.403
2.421,-1.048
2.493,0.078
2.375,0.547
2.434,1.184
2.247,1.156
2.345,0.377
2.228,-1.654
2.219,0.103
2.021,0.32
2.016,-0.357
2.082,-0.765
2.065,-1.205
1.92,1.309
2.017,-1.21
1.895,-2.301
1.852,-2.198
1.836,0.568
1.703,0.535
1.625,-0.11
1.64,-0.406
1.628,1.565
1.401,0.757
1.528,1.091
1.186,0.002
1.281,-1.481
1.155,-1.59
1.104,-0.881
1.006,-2.364
0.948,-1.485
0.889,0.037
0.75,-1.584
0.725,-1.468
0.731,-0.438
0.571,-0.197
0.697,-1.002
0.648,0.362
0.588,-1.19
0.546,-1.067
0.431,0.489
0.263,-0.764
-0.602,-2.682
-0.584,-2.59
-0.817,-2.677
-1.819,-2.85
-1.889,-2.414
-2.039,-2.686
-2.771,-2.596
-2.85,-2.477
2.964,-2.923
2.838,-2.654
1.964,-2.571
1.787,-2.756
1.543,-2.788
1.463,-2.505
0.957,-2.779
1.036,-2.74
1.048,-2.709
0.567,-2.802
0.449,-2.632
0.293,-2.775
0.117,1.622
-0.289,1.732
-1.75,1.63
-2.16,1.661
-2.399,1.634
-2.267,1.745
-2.503,1.705
-3.14,1.673
2.551,1.746
2.675,1.716
2.226,1.688
1.056,1.443
-0.197,1.067
-1.855,-1.236
0.338,-1.62
-2.371,0.235
-2.672,0.725
-2.877,-1.444
2.724,-1.406
2.642,-0.583
2.188,0.738
1.725,-0.25
1.047,1.132
0.978,0.818
0.839,0.938
0.732,0.461
-0.067,-1.356
2.705,-0.513
1.885,-0.018
1.057,-0.722
0.946,-0.975
-1.182,-2.398
-2.609,-2.343
0.766,1.283
0.351,1.351
-0.074,-0.797
-0.281,0.549
-0.225,2.036
-0.25,-0.107
-0.379,0.435
-0.4,1.888
-0.425,2.185
-0.433,2.04
-0.381,0.59
-0.588,2.076
-0.567,1.911
-0.828,2.127
-0.745,-0.349
-0.862,0.403
-1.038,0.21
-1.035,-0.784
-0.925,-0.126
-1.063,-1.179
-0.974,-1.617
-1.231,1.971
-1.364,0.73
-1.528,2.022
-1.41,0.643
-1.424,1.035
-1.563,-1.294
-1.493,0.957
-1.695,-1.492
-1.688,-0.404
-1.805,1.379
-1.687,2.263
-1.746,-0.707
-1.929,1.678
-1.858,0.54
-1.885,1.818
-1.88,0.24
-2.02,0.876
-2.056,-1.444
-2.077,0.539
-2.01,-0.401
-2.194,-0.447
-2.095,0.632
-2.143,-0.291
-2.362,-0.305
-2.569,0.983
-2.483,2.212
-2.635,-0.114
-2.652,-0.803
-2.592,0.887
-2.63,-0.657
-2.784,-0.485
-2.789,2.098
-2.948,0.266
-2.849,0.335
-3.003,2.337
-2.974,1.705
3.132,1.589
-3.045,0.975
3.033,2.131
3.049,0.766
2.922,-0.703
2.917,-0.767
2.764,0.505
2.872,-0.903
2.707,0.695
2.834,-0.688
2.777,2.173
2.711,-0.663
2.73,-1.338
2.552,1.674
2.678,-0.115
2.611,0.807
2.589,2.007
2.585,-1.702
2.433,-0.347
2.505,0.779
2.387,1.248
2.446,1.885
2.259,1.857
2.357,1.078
2.24,-0.953
2.231,0.804
2.033,1.021
2.028,0.344
2.094,-0.064
2.077,-0.504
1.932,2.01
2.029,-0.509
1.907,-1.6
1.864,-1.497
1.848,1.269
1.715,1.236
1.637,0.591
1.652,0.295
1.64,2.266
1.413,1.458
1.54,1.792
1.198,0.703
1.293,-0.78
1.167,-0.889
1.116,-0.18
1.018,-1.663
0.96,-0.784
0.901,0.738
0.762,-0.883
0.737,-0.767
0.743,0.263
0.583,0.504
0.709,-0.301
0.66,1.063
0.6,-0.489
0.558,-0.366
0.443,1.19
0.275,-0.063
-0.59,-1.981
-0.572,-1.889
-0.805,-1.976
-1.807,-2.149
-1.877,-1.713
-2.027,-1.985
-2.759,-1.895
-2.838,-1.776
2.976,-2.222
2.85,-1.953
1.976,-1.87
1.799,-2.055
1.555,-2.087
1.475,-1.804
0.969,-2.078
1.048,-2.039
1.06,-2.008
0.579,-2.101
0.461,-1.931
0.305,-2.074
0.129,2.323
-0.277,2.433
-1.738,2.331
-2.148,2.362
-2.387,2.335
-2.255,2.446
-2.491,2.406
-3.128,2.374
2.563,2.447
2.687,2.417
2.238,2.389
1.068,2.144
-0.185,1.768
-1.843,-0.535
0.35,-0.919
-2.359,0.936
-2.66,1.426
-2.865,-0.743
2.736,-0.705
2.654,0.118
2.2,1.439
1.737,0.451
1.059,1.833
0.99,1.519
0.851,1.639
0.744,1.162
-0.055,-0.655
2.717,0.188
1.897,0.683
1.069,-0.021
0.958,-0.274
-1.17,-1.697
-2.597,-1.642
0.778,1.984
0.363,2.052
-0.207,1.346
-0.151,2.833
-0.176,0.69
-0.305,1.232
-0.326,2.685
-0.351,2.982
-0.359,2.837
-0.307,1.387
-0.514,2.873
-0.493,2.708
-0.754,2.924
-0.671,0.448
-0.788,1.2
-0.964,1.007
-0.961,0.013
-0.851,0.671
-0.989,-0.382
-0.9,-0.82
-1.157,2.768
-1.29,1.527
-1.454,2.819
-1.336,1.44
-1.35,1.832
-1.489,-0.497
-1.419,1.754
-1.621,-0.695
-1.614,0.393
-1.731,2.176
-1.613,3.06
-1.672,0.09
-1.855,2.475
-1.784,1.337
-1.811,2.615
-1.806,1.037
-1.946,1.673
-1.982,-0.647
-2.003,1.336
-1.936,0.396
-2.12,0.35
-2.021,1.429
-2.069,0.506
-2.288,0.492
-2.495,1.78
-2.409,3.009
-2.561,0.683
-2.578,-0.006
-2.518,1.684
-2.556,0.14
-2.71,0.312
-2.715,2.895
-2.874,1.063
-2.775,1.132
-2.929,3.134
-2.9,2.502
-3.077,2.386
-2.971,1.772
3.107,2.928
3.123,1.563
2.996,0.094
2.991,0.03
2.838,1.302
2.946,-0.106
2.781,1.492
2.908,0.109
2.851,2.97
2.785,0.134
2.804,-0.541
2.626,2.471
2.752,0.682
2.685,1.604
2.663,2.804
2.659,-0.905
2.507,0.45
2.579,1.576
2.461,2.045
2.52,2.682
2.333,2.654
2.431,1.875
2.314,-0.156
2.305,1.601
2.107,1.818
2.102,1.141
2.168,0.733
2.151,0.293
2.006,2.807
2.103,0.288
1.981,-0.803
1.938,-0.7
1.922,2.066
1.789,2.033
1.711,1.388
1.726,1.092
1.714,3.063
1.487,2.255
1.614,2.589
1.272,1.5
1.367,0.017
1.241,-0.092
1.19,0.617
1.092,-0.866
1.034,0.013
0.975,1.535
0.836,-0.086
0.811,0.03
0.817,1.06
0.657,1.301
0.783,0.496
0.734,1.86
0.674,0.308
0.632,0.431
0.517,1.987
0.349,0.734
-0.516,-1.184
-0.498,-1.092
-0.731,-1.179
-1.733,-1.352
-1.803,-0.916
-1.953,-1.188
-2.685,-1.098
-2.764,-0.979
3.05,-1.425
2.924,-1.156
2.05,-1.073
1.873,-1.258
1.629,-1.29
1.549,-1.007
1.043,-1.281
1.122,-1.242
1.134,-1.211
0.653,-1.304
0.535,-1.134
0.379,-1.277
0.203,3.12
-0.203,3.23
-1.664,3.128
-2.074,3.159
-2.313,3.132
-2.181,3.243
-2.417,3.203
-3.054,3.171
2.637,3.244
2.761,3.214
2.312,3.186
1.142,2.941
-0.111,2.565
-1.769,0.262
0.424,-0.122
-2.285,1.733
-2.586,2.223
-2.791,0.054
2.81,0.092
2.728,0.915
2.274,2.236
1.811,1.248
1.133,2.63
1.064,2.316
0.925,2.436
0.818,1.959
0.019,0.142
2.791,0.985
1.971,1.48
1.143,0.776
1.032,0.523
-1.096,-0.9
-2.523,-0.845
0.852,2.781
0.437,2.849
0.056,1.487
0.031,-0.656
-0.098,-0.114
-0.119,1.339
-0.144,1.636
-0.152,1.491
-0.1,0.041
-0.307,1.527
-0.286,1.362
-0.547,1.578
-0.464,-0.898
-0.581,-0.146
-0.757,-0.339
-0.754,-1.333
-0.644,-0.675
-0.782,-1.728
-0.693,-2.166
-0.95,1.422
-1.083,0.181
-1.247,1.473
-1.129,0.094
-1.143,0.486
-1.282,-1.843
-1.212,0.408
-1.414,-2.041
-1.407,-0.953
-1.524,0.83
-1.406,1.714
-1.465,-1.256
-1.648,1.129
-1.577,-0.009
-1.604,1.269
-1.599,-0.309
-1.739,0.327
-1.775,-1.993
-1.796,-0.01
-1.729,-0.95
-1.913,-0.996
-1.814,0.083
-1.862,-0.84
-2.081,-0.854
-2.288,0.434
-2.202,1.663
-2.354,-0.663
-2.371,-1.352
-2.311,0.338
-2.349,-1.206
-2.503,-1.034
-2.508,1.549
-2.667,-0.283
-2.568,-0.214
-2.722,1.788
-2.693,1.156
-2.87,1.04
-2.764,0.426
-2.969,1.582
-2.953,0.217
-3.08,-1.252
-3.085,-1.316
3.045,-0.044
-3.13,-1.452
2.988,0.146
3.115,-1.237
3.058,1.624
2.992,-1.212
3.011,-1.887
2.833,1.125
2.959,-0.664
2.892,0.258
2.87,1.458
2.866,-2.251
2.714,-0.896
2.786,0.23
2.668,0.699
2.727,1.336
2.54,1.308
2.638,0.529
2.521,-1.502
2.512,0.255
2.314,0.472
2.309,-0.205
2.375,-0.613
2.358,-1.053
2.213,1.461
2.31,-1.058
2.188,-2.149
2.145,-2.046
2.129,0.72
1.996,0.687
1.918,0.042
1.933,-0.254
1.921,1.717
1.694,0.909
1.821,1.243
1.479,0.154
1.574,-1.329
1.448,-1.438
1.397,-0.729
1.299,-2.212
1.241,-1.333
1.182,0.189
1.043,-1.432
1.018,-1.316
1.024,-0.286
0.864,-0.045
0.99,-0.85
0.941,0.514
0.881,-1.038
0.839,-0.915
0.724,0.641
0.556,-0.612
-0.309,-2.53
-0.291,-2.438
-0.524,-2.525
-1.526,-2.698
-1.596,-2.262
-1.746,-2.534
-2.478,-2.444
-2.557,-2.325
-3.026,-2.771
3.131,-2.502
2.257,-2.419
2.08,-2.604
1.836,-2.636
1.756,-2.353
1.25,-2.627
1.329,-2.588
1.341,-2.557
0.86,-2.65
0.742,-2.48
0.586,-2.623
0.41,1.774
0.004,1.884
-1.457,1.782
-1.867,1.813
-2.106,1.786
-1.974,1.897
-2.21,1.857
-2.847,1.825
2.844,1.898
2.968,1.868
2.519,1.84
1.349,1.595
0.096,1.219
-1.562,-1.084
0.631,-1.468
-2.078,0.387
-2.379,0.877
-2.584,-1.292
3.017,-1.254
2.935,-0.431
2.481,0.89
2.018,-0.098
1.34,1.284
1.271,0.97
1.132,1.09
1.025,0.613
0.226,-1.204
2.998,-0.361
2.178,0.134
1.35,-0.57
1.239,-0.823
-0.889,-2.246
-2.316,-2.191
1.059,1.435
0.644,1.503
-0.025,-2.143
-0.154,-1.601
-0.175,-0.148
-0.2,0.149
-0.208,0.004
-0.156,-1.446
-0.363,0.04
-0.342,-0.125
-0.603,0.091
-0.52,-2.385
-0.637,-1.633
-0.813,-1.826
-0.81,-2.82
-0.7,-2.162
-0.838,-3.215
-0.749,-3.653
-1.006,-0.065
-1.139,-1.306
-1.303,-0.014
-1.185,-1.393
-1.199,-1.001
-1.338,-3.33
-1.268,-1.079
-1.47,-3.528
-1.463,-2.44
-1.58,-0.657
-1.462,0.227
-1.521,-2.743
-1.704,-0.358
-1.633,-1.496
-1.66,-0.218
-1.655,-1.796
-1.795,-1.16
-1.831,-3.48
-1.852,-1.497
-1.785,-2.437
-1.969,-2.483
-1.87,-1.404
-1.918,-2.327
-2.137,-2.341
-2.344,-1.053
-2.258,0.176
-2.41,-2.15
-2.427,-2.839
-2.367,-1.149
-2.405,-2.693
-2.559,-2.521
-2.564,0.062
-2.723,-1.77
-2.624,-1.701
-2.778,0.301
-2.749,-0.331
-2.926,-0.447
-2.82,-1.061
-3.025,0.095
-3.009,-1.27
-3.136,-2.739
-3.141,-2.803
2.989,-1.531
3.097,-2.939
2.932,-1.341
3.059,-2.724
3.002,0.137
2.936,-2.699
2.955,-3.374
2.777,-0.362
2.903,-2.151
2.836,-1.229
2.814,-0.029
2.81,-3.738
2.658,-2.383
2.73,-1.257
2.612,-0.788
2.671,-0.151
2.484,-0.179
2.582,-0.958
2.465,-2.989
2.456,-1.232
2.258,-1.015
2.253,-1.692
2.319,-2.1
2.302,-2.54
2.157,-0.026
2.254,-2.545
2.132,-3.636
2.089,-3.533
2.073,-0.767
1.94,-0.8
1.862,-1.445
1.877,-1.741
1.865,0.23
1.638,-0.578
1.765,-0.244
1.423,-1.333
1.518,-2.816
1.392,-2.925
1.341,-2.216
1.243,-3.699
1.185,-2.82
1.126,-1.298
0.987,-2.919
0.962,-2.803
0.968,-1.773
0.808,-1.532
0.934,-2.337
0.885,-0.973
0.825,-2.525
0.783,-2.402
0.668,-0.846
0.5,-2.099
-0.365,-4.017
-0.347,-3.925
-0.58,-4.012
-1.582,-4.185
-1.652,-3.749
-1.802,-4.021
-2.534,-3.931
-2.613,-3.812
-3.082,-4.258
3.075,-3.989
2.201,-3.906
2.024,-4.091
1.78,-4.123
1.7,-3.84
1.194,-4.114
1.273,-4.075
1.285,-4.044
0.804,-4.137
0.686,-3.967
0.53,-4.11
0.354,0.287
-0.052,0.397
-1.513,0.295
-1.923,0.326
-2.162,0.299
-2.03,0.41
-2.266,0.37
-2.903,0.338
2.788,0.411
2.912,0.381
2.463,0.353
1.293,0.108
0.04,-0.268
-1.618,-2.571
0.575,-2.955
-2.134,-1.1
-2.435,-0.61
-2.64,-2.779
2.961,-2.741
2.879,-1.918
2.425,-0.597
1.962,-1.585
1.284,-0.203
1.215,-0.517
1.076,-0.397
0.969,-0.874
0.17,-2.691
2.942,-1.848
2.122,-1.353
1.294,-2.057
1.183,-2.31
-0.945,-3.733
-2.372,-3.678
1.003,-0.052
0.588,0.016
-0.129,0.542
-0.15,1.995
-0.175,2.292
-0.183,2.147
-0.131,0.697
-0.338,2.183
-0.317,2.018
-0.578,2.234
-0.495,-0.242
-0.612,0.51
-0.788,0.317
-0.785,-0.677
-0.675,-0.019
-0.813,-1.072
-0.724,-1.51
-0.981,2.078
-1.114,0.837
-1.278,2.129
-1.16,0.75
-1.174,1.142
-1.313,-1.187
-1.243,1.064
-1.445,-1.385
-1.438,-0.297
-1.555,1.486
-1.437,2.37
-1.496,-0.6
-1.679,1.785
-1.608,0.647
-1.635,1.925
-1.63,0.347
-1.77,0.983
-1.806,-1.337
-1.827,0.646
-1.76,-0.294
-1.944,-0.34
-1.845,0.739
-1.893,-0.184
-2.112,-0.198
-2.319,1.09
-2.233,2.319
-2.385,-0.007
-2.402,-0.696
-2.342,0.994
-2.38,-0.55
-2.534,-0.378
-2.539,2.205
-2.698,0.373
-2.599,0.442
-2.753,2.444
-2.724,1.812
-2.901,1.696
-2.795,1.082
-3.0,2.238
-2.984,0.873
-3.111,-0.596
-3.116,-0.66
3.014,0.612
3.122,-0.796
2.957,0.802
3.084,-0.581
3.027,2.28
2.961,-0.556
2.98,-1.231
2.802,1.781
2.928,-0.008
2.861,0.914
2.839,2.114
2.835,-1.595
2.683,-0.24
2.755,0.886
2.637,1.355
2.696,1.992
2.509,1.964
2.607,1.185
2.49,-0.846
2.481,0.911
2.283,1.128
2.278,0.451
2.344,0.043
2.327,-0.397
2.182,2.117
2.279,-0.402
2.157,-1.493
2.114,-1.39
2.098,1.376
1.965,1.343
1.887,0.698
1.902,0.402
1.89,2.373
1.663,1.565
1.79,1.899
1.448,0.81
1.543,-0.673
1.417,-0.782
1.366,-0.073
1.268,-1.556
1.21,-0.677
1.151,0.845
1.012,-0.776
0.987,-0.66
0.993,0.37
0.833,0.611
0.959,-0.194
0.91,1.17
0.85,-0.382
0.808,-0.259
0.693,1.297
0.525,0.044
-0.34,-1.874
-0.322,-1.782
-0.555,-1.869
-1.557,-2.042
-1.627,-1.606
-1.777,-1.878
-2.509,-1.788
-2.588,-1.669
-3.057,-2.115
3.1,-1.846
2.226,-1.763
2.049,-1.948
1.805,-1.98
1.725,-1.697
1.219,-1.971
1.298,-1.932
1.31,-1.901
0.829,-1.994
0.711,-1.824
0.555,-1.967
0.379,2.43
-0.027,2.54
-1.488,2.438
-1.898,2.469
-2.137,2.442
-2.005,2.553
-2.241,2.513
-2.878,2.481
2.813,2.554
2.937,2.524
2.488,2.496
1.318,2.251
0.065,1.875
-1.593,-0.428
0.6,-0.812
-2.109,1.043
-2.41,1.533
-2.615,-0.636
2.986,-0.598
2.904,0.225
2.45,1.546
1.987,0.558
1.309,1.94
1.24,1.626
1.101,1.746
0.994,1.269
0.195,-0.548
2.967,0.295
2.147,0.79
1.319,0.086
1.208,-0.167
-0.92,-1.59
-2.347,-1.535
1.028,2.091
0.613,2.159
-0.021,1.453
-0.046,1.75
-0.054,1.605
-0.002,0.155
-0.209,1.641
-0.188,1.476
-0.449,1.692
-0.366,-0.784
-0.483,-0.032
-0.659,-0.225
-0.656,-1.219
-0.546,-0.561
-0.684,-1.614
-0.595,-2.052
-0.852,1.536
-0.985,0.295
-1.149,1.587
-1.031,0.208
-1.045,0.6
-1.184,-1.729
-1.114,0.522
-1.316,-1.927
-1.309,-0.839
-1.426,0.944
-1.308,1.828
-1.367,-1.142
-1.55,1.243
-1.479,0.105
-1.506,1.383
-1.501,-0.195
-1.641,0.441
-1.677,-1.879
-1.698,0.104
-1.631,-0.836
-1.815,-0.882
-1.716,0.197
-1.764,-0.726
-1.983,-0.74
-2.19,0.548
-2.104,1.777
-2.256,-0.549
-2.273,-1.238
-2.213,0.452
-2.251,-1.092
-2.405,-0.92
-2.41,1.663
-2.569,-0.169
-2.47,-0.1
-2.624,1.902
-2.595,1.27
-2.772,1.154
-2.666,0.54
-2.871,1.696
-2.855,0.331
-2.982,-1.138
-2.987,-1.202
-3.14,0.07
-3.032,-1.338
3.086,0.26
-3.07,-1.123
-3.127,1.738
3.09,-1.098
3.109,-1.773
2.931,1.239
3.057,-0.55
2.99,0.372
2.968,1.572
2.964,-2.137
2.812,-0.782
2.884,0.344
2.766,0.813
2.825,1.45
2.638,1.422
2.736,0.643
2.619,-1.388
2.61,0.369
2.412,0.586
2.407,-0.091
2.473,-0.499
2.456,-0.939
2.311,1.575
2.408,-0.944
2.286,-2.035
2.243,-1.932
2.227,0.834
2.094,0.801
2.016,0.156
2.031,-0.14
2.019,1.831
1.792,1.023
1.919,1.357
1.577,0.268
1.672,-1.215
1.546,-1.324
1.495,-0.615
1.397,-2.098
1.339,-1.219
1.28,0.303
1.141,-1.318
1.116,-1.202
1.122,-0.172
0.962,0.069
1.088,-0.736
1.039,0.628
0.979,-0.924
0.937,-0.801
0.822,0.755
0.654,-0.498
-0.211,-2.416
-0.193,-2.324
-0.426,-2.411
-1.428,-2.584
-1.498,-2.148
-1.648,-2.42
-2.38,-2.33
-2.459,-2.211
-2.928,-2.657
-3.054,-2.388
2.355,-2.305
2.178,-2.49
1.934,-2.522
1.854,-2.239
1.348,-2.513
1.427,-2.474
1.439,-2.443
0.958,-2.536
0.84,-2.366
0.684,-2.509
0.508,1.888
0.102,1.998
-1.359,1.896
-1.769,1.927
-2.008,1.9
-1.876,2.011
-2.112,1.971
-2.749,1.939
2.942,2.012
3.066,1.982
2.617,1.954
1.447,1.709
0.194,1.333
-1.464,-0.97
0.729,-1.354
-1.98,0.501
-2.281,0.991
-2.486,-1.178
3.115,-1.14
3.033,-0.317
2.579,1.004
2.116,0.016
1.438,1.398
1.369,1.084
1.23,1.204
1.123,0.727
0.324,-1.09
3.096,-0.247
2.276,0.248
1.448,-0.456
1.337,-0.709
-0.791,-2.132
-2.218,-2.077
1.157,1.549
0.742,1.617
-0.025,0.297
-0.033,0.152
0.019,-1.298
-0.188,0.188
-0.167,0.023
-0.428,0.239
-0.345,-2.237
-0.462,-1.485
-0.638,-1.678
-0.635,-2.672
-0.525,-2.014
-0.663,-3.067
-0.574,-3.505
-0.831,0.083
-0.964,-1.158
-1.128,0.134
-1.01,-1.245
-1.024,-0.853
-1.163,-3.182
-1.093,-0.931
-1.295,-3.38
-1.288,-2.292
-1.405,-0.509
-1.287,0.375
-1.346,-2.595
-1.529,-0.21
-1.458,-1.348
-1.485,-0.07
-1.48,-1.648
-1.62,-1.012
-1.656,-3.332
-1.677,-1.349
-1.61,-2.289
-1.794,-2.335
-1.695,-1.256
-1.743,-2.179
-1.962,-2.193
-2.169,-0.905
-2.083,0.324
-2.235,-2.002
-2.252,-2.691
-2.192,-1.001
-2.23,-2.545
-2.384,-2.373
-2.389,0.21
-2.548,-1.622
-2.449,-1.553
-2.603,0.449
-2.574,-0.183
-2.751,-0.299
-2.645,-0.913
-2.85,0.243
-2.834,-1.122
-2.961,-2.591
-2.966,-2.655
-3.119,-1.383
-3.011,-2.791
3.107,-1.193
-3.049,-2.576
-3.106,0.285
3.111,-2.551
3.13,-3.226
2.952,-0.214
3.078,-2.003
3.011,-1.081
2.989,0.119
2.985,-3.59
2.833,-2.235
2.905,-1.109
2.787,-0.64
2.846,-0.003
2.659,-0.031
2.757,-0.81
2.64,-2.841
2.631,-1.084
2.433,-0.867
2.428,-1.544
2.494,-1.952
2.477,-2.392
2.332,0.122
2.429,-2.397
2.307,-3.488
2.264,-3.385
2.248,-0.619
2.115,-0.652
2.037,-1.297
2.052,-1.593
2.04,0.378
1.813,-0.43
1.94,-0.096
1.598,-1.185
1.693,-2.668
1.567,-2.777
1.516,-2.068
1.418,-3.551
1.36,-2.672
1.301,-1.15
1.162,-2.771
1.137,-2.655
1.143,-1.625
0.983,-1.384
1.109,-2.189
1.06,-0.825
1.0,-2.377
0.958,-2.254
0.843,-0.698
0.675,-1.951
-0.19,-3.869
-0.172,-3.777
-0.405,-3.864
-1.407,-4.037
-1.477,-3.601
-1.627,-3.873
-2.359,-3.783
-2.438,-3.664
-2.907,-4.11
-3.033,-3.841
2.376,-3.758
2.199,-3.943
1.955,-3.975
1.875,-3.692
1.369,-3.966
1.448,-3.927
1.46,-3.896
0.979,-3.989
0.861,-3.819
0.705,-3.962
0.529,0.435
0.123,0.545
-1.338,0.443
-1.748,0.474
-1.987,0.447
-1.855,0.558
-2.091,0.518
-2.728,0.486
2.963,0.559
3.087,0.529
2.638,0.501
1.468,0.256
0.215,-0.12
-1.443,-2.423
0.75,-2.807
-1.959,-0.952
-2.26,-0.462
-2.465,-2.631
3.136,-2.593
3.054,-1.77
2.6,-0.449
2.137,-1.437
1.459,-0.055
1.39,-0.369
1.251,-0.249
1.144,-0.726
0.345,-2.543
3.117,-1.7
2.297,-1.205
1.469,-1.909
1.358,-2.162
-0.77,-3.585
-2.197,-3.53
1.178,0.096
0.763,0.164
-0.008,-0.145
0.044,-1.595
-0.163,-0.109
-0.142,-0.274
-0.403,-0.058
-0.32,-2.534
-0.437,-1.782
-0.613,-1.975
-0.61,-2.969
-0.5,-2.311
-0.638,-3.364
-0.549,-3.802
-0.806,-0.214
-0.939,-1.455
-1.103,-0.163
-0.985,-1.542
-0.999,-1.15
-1.138,-3.479
-1.068,-1.228
-1.27,-3.677
-1.263,-2.589
-1.38,-0.806
-1.262,0.078
-1.321,-2.892
-1.504,-0.507
-1.433,-1.645
-1.46,-0.367
-1.455,-1.945
-1.595,-1.309
-1.631,-3.629
-1.652,-1.646
-1.585,-2.586
-1.769,-2.632
-1.67,-1.553
-1.718,-2.476
-1.937,-2.49
-2.144,-1.202
-2.058,0.027
-2.21,-2.299
-2.227,-2.988
-2.167,-1.298
-2.205,-2.842
-2.359,-2.67
-2.364,-0.087
-2.523,-1.919
-2.424,-1.85
-2.578,0.152
-2.549,-0.48
-2.726,-0.596
-2.62,-1.21
-2.825,-0.054
-2.809,-1.419
-2.936,-2.888
-2.941,-2.952
-3.094,-1.68
-2.986,-3.088
3.132,-1.49
-3.024,-2.873
-3.081,-0.012
3.136,-2.848
-3.128,-3.523
2.977,-0.511
3.103,-2.3
3.036,-1.378
3.014,-0.178
3.01,-3.887
2.858,-2.532
2.93,-1.406
2.812,-0.937
2.871,-0.3
2.684,-0.328
2.782,-1.107
2.665,-3.138
2.656,-1.381
2.458,-1.164
2.453,-1.841
2.519,-2.249
2.502,-2.689
2.357,-0.175
2.454,-2.694
2.332,-3.785
2.289,-3.682
2.273,-0.916
2.14,-0.949
2.062,-1.594
2.077,-1.89
2.065,0.081
1.838,-0.727
1.965,-0.393
1.623,-1.482
1.718,-2.965
1.592,-3.074
1.541,-2.365
1.443,-3.848
1.385,-2.969
1.326,-1.447
1.187,-3.068
1.162,-2.952
1.168,-1.922
1.008,-1.681
1.134,-2.486
1.085,-1.122
1.025,-2.674
0.983,-2.551
0.868,-0.995
0.7,-2.248
-0.165,-4.166
-0.147,-4.074
-0.38,-4.161
-1.382,-4.334
-1.452,-3.898
-1.602,-4.17
-2.334,-4.08
-2.413,-3.961
-2.882,-4.407
-3.008,-4.138
2.401,-4.055
2.224,-4.24
1.98,-4.272
1.9,-3.989
1.394,-4.263
1.473,-4.224
1.485,-4.193
1.004,-4.286
0.886,-4.116
0.73,-4.259
0.554,0.138
0.148,0.248
-1.313,0.146
-1.723,0.177
-1.962,0.15
-1.83,0.261
-2.066,0.221
-2.703,0.189
2.988,0.262
3.112,0.232
2.663,0.204
1.493,-0.041
0.24,-0.417
-1.418,-2.72
0.775,-3.104
-1.934,-1.249
-2.235,-0.759
-2.44,-2.928
-3.122,-2.89
3.079,-2.067
2.625,-0.746
2.162,-1.734
1.484,-0.352
1.415,-0.666
1.276,-0.546
1.169,-1.023
0.37,-2.84
-3.141,-1.997
2.322,-1.502
1.494,-2.206
1.383,-2.459
-0.745,-3.882
-2.172,-3.827
1.203,-0.201
0.788,-0.133
0.052,-1.45
-0.155,0.036
-0.134,-0.129
-0.395,0.087
-0.312,-2.389
-0.429,-1.637
-0.605,-1.83
-0.602,-2.824
-0.492,-2.166
-0.63,-3.219
-0.541,-3.657
-0.798,-0.069
-0.931,-1.31
-1.095,-0.018
-0.977,-1.397
-0.991,-1.005
-1.13,-3.334
-1.06,-1.083
-1.262,-3.532
-1.255,-2.444
-1.372,-0.661
-1.254,0.223
-1.313,-2.747
-1.496,-0.362
-1.425,-1.5
-1.452,-0.222
-1.447,-1.8
-1.587,-1.164
-1.623,-3.484
-1.644,-1.501
-1.577,-2.441
-1.761,-2.487
-1.662,-1.408
-1.71,-2.331
-1.929,-2.345
-2.136,-1.057
-2.05,0.172
-2.202,-2.154
-2.219,-2.843
-2.159,-1.153
-2.197,-2.697
-2.351,-2.525
-2.356,0.058
-2.515,-1.774
-2.416,-1.705
-2.57,0.297
-2.541,-0.335
-2.718,-0.451
-2.612,-1.065
-2.817,0.091
-2.801,-1.274
-2.928,-2.743
-2.933,-2.807
-3.086,-1.535
-2.978,-2.943
3.14,-1.345
-3.016,-2.728
-3.073,0.133
-3.139,-2.703
-3.12,-3.378
2.985,-0.366
3.111,-2.155
3.044,-1.233
3.022,-0.033
3.018,-3.742
2.866,-2.387
2.938,-1.261
2.82,-0.792
2.879,-0.155
2.692,-0.183
2.79,-0.962
2.673,-2.993
2.664,-1.236
2.466,-1.019
2.461,-1.696
2.527,-2.104
2.51,-2.544
2.365,-0.03
2.462,-2.549
2.34,-3.64
2.297,-3.537
2.281,-0.771
2.148,-0.804
2.07,-1.449
2.085,-1.745
2.073,0.226
1.846,-0.582
1.973,-0.248
1.631,-1.337
1.726,-2.82
1.6,-2.929
1.549,-2.22
1.451,-3.703
1.393,-2.824
1.334,-1.302
1.195,-2.923
1.17,-2.807
1.176,-1.777
1.016,-1.536
1.142,-2.341
1.093,-0.977
1.033,-2.529
0.991,-2.406
0.876,-0.85
0.708,-2.103
-0.157,-4.021
-0.139,-3.929
-0.372,-4.016
-1.374,-4.189
-1.444,-3.753
-1.594,-4.025
-2.326,-3.935
-2.405,-3.816
-2.874,-4.262
-3.0,-3.993
2.409,-3.91
2.232,-4.095
1.988,-4.127
1.908,-3.844
1.402,-4.118
1.481,-4.079
1.493,-4.048
1.012,-4.141
0.894,-3.971
0.738,-4.114
0.562,0.283
0.156,0.393
-1.305,0.291
-1.715,0.322
-1.954,0.295
-1.822,0.406
-2.058,0.366
-2.695,0.334
2.996,0.407
3.12,0.377
2.671,0.349
1.501,0.104
0.248,-0.272
-1.41,-2.575
0.783,-2.959
-1.926,-1.104
-2.227,-0.614
-2.432,-2.783
-3.114,-2.745
3.087,-1.922
2.633,-0.601
2.17,-1.589
1.492,-0.207
1.423,-0.521
1.284,-0.401
1.177,-0.878
0.378,-2.695
-3.133,-1.852
2.33,-1.357
1.502,-2.061
1.391,-2.314
-0.737,-3.737
-2.164,-3.682
1.211,-0.056
0.796,0.012
-0.207,1.486
-0.186,1.321
-0.447,1.537
-0.364,-0.939
-0.481,-0.187
-0.657,-0.38
-0.654,-1.374
-0.544,-0.716
-0.682,-1.769
-0.593,-2.207
-0.85,1.381
-0.983,0.14
-1.147,1.432
-1.029,0.053
-1.043,0.445
-1.182,-1.884
-1.112,0.367
-1.314,-2.082
-1.307,-0.994
-1.424,0.789
-1.306,1.673
-1.365,-1.297
-1.548,1.088
-1.477,-0.05
-1.504,1.228
-1.499,-0.35
-1.639,0.286
-1.675,-2.034
-1.696,-0.051
-1.629,-0.991
-1.813,-1.037
-1.714,0.042
-1.762,-0.881
-1.981,-0.895
-2.188,0.393
-2.102,1.622
-2.254,-0.704
-2.271,-1.393
-2.211,0.297
-2.249,-1.247
-2.403,-1.075
-2.408,1.508
-2.567,-0.324
-2.468,-0.255
-2.622,1.747
-2.593,1.115
-2.77,0.999
-2.664,0.385
-2.869,1.541
-2.853,0.176
-2.98,-1.293
-2.985,-1.357
-3.138,-0.085
-3.03,-1.493
3.088,0.105
-3.068,-1.278
-3.125,1.583
3.092,-1.253
3.111,-1.928
2.933,1.084
3.059,-0.705
2.992,0.217
2.97,1.417
2.966,-2.292
2.814,-0.937
2.886,0.189
2.768,0.658
2.827,1.295
2.64,1.267
2.738,0.488
2.621,-1.543
2.612,0.214
2.414,0.431
2.409,-0.246
2.475,-0.654
2.458,-1.094
2.313,1.42
2.41,-1.099
2.288,-2.19
2.245,-2.087
2.229,0.679
2.096,0.646
2.018,0.001
2.033,-0.295
2.021,1.676
1.794,0.868
1.921,1.202
1.579,0.113
1.674,-1.37
1.548,-1.479
1.497,-0.77
1.399,-2.253
1.341,-1.374
1.282,0.148
1.143,-1.473
1.118,-1.357
1.124,-0.327
0.964,-0.086
1.09,-0.891
1.041,0.473
0.981,-1.079
0.939,-0.956
0.824,0.6
0.656,-0.653
-0.209,-2.571
-0.191,-2.479
-0.424,-2.566
-1.426,-2.739
-1.496,-2.303
-1.646,-2.575
-2.378,-2.485
-2.457,-2.366
-2.926,-2.812
-3.052,-2.543
2.357,-2.46
2.18,-2.645
1.936,-2.677
1.856,-2.394
1.35,-2.668
1.429,-2.629
1.441,-2.598
0.96,-2.691
0.842,-2.521
0.686,-2.664
0.51,1.733
0.104,1.843
-1.357,1.741
-1.767,1.772
-2.006,1.745
-1.874,1.856
-2.11,1.816
-2.747,1.784
2.944,1.857
3.068,1.827
2.619,1.799
1.449,1.554
0.196,1.178
-1.462,-1.125
0.731,-1.509
-1.978,0.346
-2.279,0.836
-2.484,-1.333
3.117,-1.295
3.035,-0.472
2.581,0.849
2.118,-0.139
1.44,1.243
1.371,0.929
1.232,1.049
1.125,0.572
0.326,-1.245
3.098,-0.402
2.278,0.093
1.45,-0.611
1.339,-0.864
-0.789,-2.287
-2.216,-2.232
1.159,1.394
0.744,1.462
0.021,-0.165
-0.24,0.051
-0.157,-2.425
-0.274,-1.673
-0.45,-1.866
-0.447,-2.86
-0.337,-2.202
-0.475,-3.255
-0.386,-3.693
-0.643,-0.105
-0.776,-1.346
-0.94,-0.054
-0.822,-1.433
-0.836,-1.041
-0.975,-3.37
-0.905,-1.119
-1.107,-3.568
-1.1,-2.48
-1.217,-0.697
-1.099,0.187
-1.158,-2.783
-1.341,-0.398
-1.27,-1.536
-1.297,-0.258
-1.292,-1.836
-1.432,-1.2
-1.468,-3.52
-1.489,-1.537
-1.422,-2.477
-1.606,-2.523
-1.507,-1.444
-1.555,-2.367
-1.774,-2.381
-1.981,-1.093
-1.895,0.136
-2.047,-2.19
-2.064,-2.879
-2.004,-1.189
-2.042,-2.733
-2.196,-2.561
-2.201,0.022
-2.36,-1.81
-2.261,-1.741
-2.415,0.261
-2.386,-0.371
-2.563,-0.487
-2.457,-1.101
-2.662,0.055
-2.646,-1.31
-2.773,-2.779
-2.778,-2.843
-2.931,-1.571
-2.823,-2.979
-2.988,-1.381
-2.861,-2.764
-2.918,0.097
-2.984,-2.739
-2.965,-3.414
3.14,-0.402
-3.017,-2.191
-3.084,-1.269
-3.106,-0.069
-3.11,-3.778
3.021,-2.423
3.093,-1.297
2.975,-0.828
3.034,-0.191
2.847,-0.219
2.945,-0.998
2.828,-3.029
2.819,-1.272
2.621,-1.055
2.616,-1.732
2.682,-2.14
2.665,-2.58
2.52,-0.066
2.617,-2.585
2.495,-3.676
2.452,-3.573
2.436,-0.807
2.303,-0.84
2.225,-1.485
2.24,-1.781
2.228,0.19
2.001,-0.618
2.128,-0.284
1.786,-1.373
1.881,-2.856
1.755,-2.965
1.704,-2.256
1.606,-3.739
1.548,-2.86
1.489,-1.338
1.35,-2.959
1.325,-2.843
1.331,-1.813
1.171,-1.572
1.297,-2.377
1.248,-1.013
1.188,-2.565
1.146,-2.442
1.031,-0.886
0.863,-2.139
-0.002,-4.057
0.016,-3.965
-0.217,-4.052
-1.219,-4.225
-1.289,-3.789
-1.439,-4.061
-2.171,-3.971
-2.25,-3.852
-2.719,-4.298
-2.845,-4.029
2.564,-3.946
2.387,-4.131
2.143,-4.163
2.063,-3.88
1.557,-4.154
1.636,-4.115
1.648,-4.084
1.167,-4.177
1.049,-4.007
0.893,-4.15
0.717,0.247
0.311,0.357
-1.15,0.255
-1.56,0.286
-1.799,0.259
-1.667,0.37
-1.903,0.33
-2.54,0.298
-3.132,0.371
-3.008,0.341
2.826,0.313
1.656,0.068
0.403,-0.308
-1.255,-2.611
0.938,-2.995
-1.771,-1.14
-2.072,-0.65
-2.277,-2.819
-2.959,-2.781
-3.041,-1.958
2.788,-0.637
2.325,-1.625
1.647,-0.243
1.578,-0.557
1.439,-0.437
1.332,-0.914
0.533,-2.731
-2.978,-1.888
2.485,-1.393
1.657,-2.097
1.546,-2.35
-0.582,-3.773
-2.009,-3.718
1.366,-0.092
0.951,-0.024
-0.261,0.216
-0.178,-2.26
-0.295,-1.508
-0.471,-1.701
-0.468,-2.695
-0.358,-2.037
-0.496,-3.09
-0.407,-3.528
-0.664,0.06
-0.797,-1.181
-0.961,0.111
-0.843,-1.268
-0.857,-0.876
-0.996,-3.205
-0.926,-0.954
-1.128,-3.403
-1.121,-2.315
-1.238,-0.532
-1.12,0.352
-1.179,-2.618
-1.362,-0.233
-1.291,-1.371
-1.318,-0.093
-1.313,-1.671
-1.453,-1.035
-1.489,-3.355
-1.51,-1.372
-1.443,-2.312
-1.627,-2.358
-1.528,-1.279
-1.576,-2.202
-1.795,-2.216
-2.002,-0.928
-1.916,0.301
-2.068,-2.025
-2.085,-2.714
-2.025,-1.024
-2.063,-2.568
-2.217,-2.396
-2.222,0.187
-2.381,-1.645
-2.282,-1.576
-2.436,0.426
-2.407,-0.206
-2.584,-0.322
-2.478,-0.936
-2.683,0.22
-2.667,-1.145
-2.794,-2.614
-2.799,-2.678
-2.952,-1.406
-2.844,-2.814
-3.009,-1.216
-2.882,-2.599
-2.939,0.262
-3.005,-2.574
-2.986,-3.249
3.119,-0.237
-3.038,-2.026
-3.105,-1.104
-3.127,0.096
-3.131,-3.613
3.0,-2.258
3.072,-1.132
2.954,-0.663
3.013,-0.026
2.826,-0.054
2.924,-0.833
2.807,-2.864
2.798,-1.107
2.6,-0.89
2.595,-1.567
2.661,-1.975
2.644,-2.415
2.499,0.099
2.596,-2.42
2.474,-3.511
2.431,-3.408
2.415,-0.642
2.282,-0.675
2.204,-1.32
2.219,-1.616
2.207,0.355
1.98,-0.453
2.107,-0.119
1.765,-1.208
1.86,-2.691
1.734,-2.8
1.683,-2.091
1.585,-3.574
1.527,-2.695
1.468,-1.173
1.329,-2.794
1.304,-2.678
1.31,-1.648
1.15,-1.407
1.276,-2.212
1.227,-0.848
1.167,-2.4
1.125,-2.277
1.01,-0.721
0.842,-1.974
-0.023,-3.892
-0.005,-3.8
-0.238,-3.887
-1.24,-4.06
-1.31,-3.624
-1.46,-3.896
-2.192,-3.806
-2.271,-3.687
-2.74,-4.133
-2.866,-3.864
2.543,-3.781
2.366,-3.966
2.122,-3.998
2.042,-3.715
1.536,-3.989
1.615,-3.95
1.627,-3.919
1.146,-4.012
1.028,-3.842
0.872,-3.985
0.696,0.412
0.29,0.522
-1.171,0.42
-1.581,0.451
-1.82,0.424
-1.688,0.535
-1.924,0.495
-2.561,0.463
3.13,0.536
-3.029,0.506
2.805,0.478
1.635,0.233
0.382,-0.143
-1.276,-2.446
0.917,-2.83
-1.792,-0.975
-2.093,-0.485
-2.298,-2.654
-2.98,-2.616
-3.062,-1.793
2.767,-0.472
2.304,-1.46
1.626,-0.078
1.557,-0.392
1.418,-0.272
1.311,-0.749
0.512,-2.566
-2.999,-1.723
2.464,-1.228
1.636,-1.932
1.525,-2.185
-0.603,-3.608
-2.03,-3.553
1.345,0.073
0.93,0.141
0.083,-2.476
-0.034,-1.724
-0.21,-1.917
-0.207,-2.911
-0.097,-2.253
-0.235,-3.306
-0.146,-3.744
-0.403,-0.156
-0.536,-1.397
-0.7,-0.105
-0.582,-1.484
-0.596,-1.092
-0.735,-3.421
-0.665,-1.17
-0.867,-3.619
-0.86,-2.531
-0.977,-0.748
-0.859,0.136
-0.918,-2.834
-1.101,-0.449
-1.03,-1.587
-1.057,-0.309
-1.052,-1.887
-1.192,-1.251
-1.228,-3.571
-1.249,-1.588
-1.182,-2.528
-1.366,-2.574
-1.267,-1.495
-1.315,-2.418
-1.534,-2.432
-1.741,-1.144
-1.655,0.085
-1.807,-2.241
-1.824,-2.93
-1.764,-1.24
-1.802,-2.784
-1.956,-2.612
-1.961,-0.029
-2.12,-1.861
-2.021,-1.792
-2.175,0.21
-2.146,-0.422
-2.323,-0.538
-2.217,-1.152
-2.422,0.004
-2.406,-1.361
-2.533,-2.83
-2.538,-2.894
-2.691,-1.622
-2.583,-3.03
-2.748,-1.432
-2.621,-2.815
-2.678,0.046
-2.744,-2.79
-2.725,-3.465
-2.903,-0.453
-2.777,-2.242
-2.844,-1.32
-2.866,-0.12
-2.87,-3.829
-3.022,-2.474
-2.95,-1.348
-3.068,-0.879
-3.009,-0.242
3.087,-0.27
-3.098,-1.049
3.068,-3.08
3.059,-1.323
2.861,-1.106
2.856,-1.783
2.922,-2.191
2.905,-2.631
2.76,-0.117
2.857,-2.636
2.735,-3.727
2.692,-3.624
2.676,-0.858
2.543,-0.891
2.465,-1.536
2.48,-1.832
2.468,0.139
2.241,-0.669
2.368,-0.335
2.026,-1.424
2.121,-2.907
1.995,-3.016
1.944,-2.307
1.846,-3.79
1.788,-2.911
1.729,-1.389
1.59,-3.01
1.565,-2.894
1.571,-1.864
1.411,-1.623
1.537,-2.428
1.488,-1.064
1.428,-2.616
1.386,-2.493
1.271,-0.937
1.103,-2.19
0.238,-4.108
0.256,-4.016
0.023,-4.103
-0.979,-4.276
-1.049,-3.84
-1.199,-4.112
-1.931,-4.022
-2.01,-3.903
-2.479,-4.349
-2.605,-4.08
2.804,-3.997
2.627,-4.182
2.383,-4.214
2.303,-3.931
1.797,-4.205
1.876,-4.166
1.888,-4.135
1.407,-4.228
1.289,-4.058
1.133,-4.201
0.957,0.196
0.551,0.306
-0.91,0.204
-1.32,0.235
-1.559,0.208
-1.427,0.319
-1.663,0.279
-2.3,0.247
-2.892,0.32
-2.768,0.29
3.066,0.262
1.896,0.017
0.643,-0.359
-1.015,-2.662
1.178,-3.046
-1.531,-1.191
-1.832,-0.701
-2.037,-2.87
-2.719,-2.832
-2.801,-2.009
3.028,-0.688
2.565,-1.676
1.887,-0.294
1.818,-0.608
1.679,-0.488
1.572,-0.965
0.773,-2.782
-2.738,-1.939
2.725,-1.444
1.897,-2.148
1.786,-2.401
-0.342,-3.824
-1.769,-3.769
1.606,-0.143
1.191,-0.075
-0.117,0.752
-0.293,0.559
-0.29,-0.435
-0.18,0.223
-0.318,-0.83
-0.229,-1.268
-0.486,2.32
-0.619,1.079
-0.783,2.371
-0.665,0.992
-0.679,1.384
-0.818,-0.945
-0.748,1.306
-0.95,-1.143
-0.943,-0.055
-1.06,1.728
-0.942,2.612
-1.001,-0.358
-1.184,2.027
-1.113,0.889
-1.14,2.167
-1.135,0.589
-1.275,1.225
-1.311,-1.095
-1.332,0.888
-1.265,-0.052
-1.449,-0.098
-1.35,0.981
-1.398,0.058
-1.617,0.044
-1.824,1.332
-1.738,2.561
-1.89,0.235
-1.907,-0.454
-1.847,1.236
-1.885,-0.308
-2.039,-0.136
-2.044,2.447
-2.203,0.615
-2.104,0.684
-2.258,2.686
-2.229,2.054
-2.406,1.938
-2.3,1.324
-2.505,2.48
-2.489,1.115
-2.616,-0.354
-2.621,-0.418
-2.774,0.854
-2.666,-0.554
-2.831,1.044
-2.704,-0.339
-2.761,2.522
-2.827,-0.314
-2.808,-0.989
-2.986,2.023
-2.86,0.234
-2.927,1.156
-2.949,2.356
-2.953,-1.353
-3.105,0.002
-3.033,1.128
3.132,1.597
-3.092,2.234
3.004,2.206
3.102,1.427
2.985,-0.604
2.976,1.153
2.778,1.37
2.773,0.693
2.839,0.285
2.822,-0.155
2.677,2.359
2.774,-0.16
2.652,-1.251
2.609,-1.148
2.593,1.618
2.46,1.585
2.382,0.94
2.397,0.644
2.385,2.615
2.158,1.807
2.285,2.141
1.943,1.052
2.038,-0.431
1.912,-0.54
1.861,0.169
1.763,-1.314
1.705,-0.435
1.646,1.087
1.507,-0.534
1.482,-0.418
1.488,0.612
1.328,0.853
1.454,0.048
1.405,1.412
1.345,-0.14
1.303,-0.017
1.188,1.539
1.02,0.286
0.155,-1.632
0.173,-1.54
-0.06,-1.627
-1.062,-1.8
-1.132,-1.364
-1.282,-1.636
-2.014,-1.546
-2.093,-1.427
-2.562,-1.873
-2.688,-1.604
2.721,-1.521
2.544,-1.706
2.3,-1.738
2.22,-1.455
1.714,-1.729
1.793,-1.69
1.805,-1.659
1.324,-1.752
1.206,-1.582
1.05,-1.725
0.874,2.672
0.468,2.782
-0.993,2.68
-1.403,2.711
-1.642,2.684
-1.51,2.795
-1.746,2.755
-2.383,2.723
-2.975,2.796
-2.851,2.766
2.983,2.738
1.813,2.493
0.56,2.117
-1.098,-0.186
1.095,-0.57
-1.614,1.285
-1.915,1.775
-2.12,-0.394
-2.802,-0.356
-2.884,0.467
2.945,1.788
2.482,0.8
1.804,2.182
1.735,1.868
1.596,1.988
1.489,1.511
0.69,-0.306
-2.821,0.537
2.642,1.032
1.814,0.328
1.703,0.075
-0.425,-1.348
-1.852,-1.293
1.523,2.333
1.108,2.401
-0.176,-0.193
-0.173,-1.187
-0.063,-0.529
-0.201,-1.582
-0.112,-2.02
-0.369,1.568
-0.502,0.327
-0.666,1.619
-0.548,0.24
-0.562,0.632
-0.701,-1.697
-0.631,0.554
-0.833,-1.895
-0.826,-0.807
-0.943,0.976
-0.825,1.86
-0.884,-1.11
-1.067,1.275
-0.996,0.137
-1.023,1.415
-1.018,-0.163
-1.158,0.473
-1.194,-1.847
-1.215,0.136
-1.148,-0.804
-1.332,-0.85
-1.233,0.229
-1.281,-0.694
-1.5,-0.708
-1.707,0.58
-1.621,1.809
-1.773,-0.517
-1.79,-1.206
-1.73,0.484
-1.768,-1.06
-1.922,-0.888
-1.927,1.695
-2.086,-0.137
-1.987,-0.068
-2.141,1.934
-2.112,1.302
-2.289,1.186
-2.183,0.572
-2.388,1.728
-2.372,0.363
-2.499,-1.106
-2.504,-1.17
-2.657,0.102
-2.549,-1.306
-2.714,0.292
-2.587,-1.091
-2.644,1.77
-2.71,-1.066
-2.691,-1.741
-2.869,1.271
-2.743,-0.518
-2.81,0.404
-2.832,1.604
-2.836,-2.105
-2.988,-0.75
-2.916,0.376
-3.034,0.845
-2.975,1.482
3.121,1.454
-3.064,0.675
3.102,-1.356
3.093,0.401
2.895,0.618
2.89,-0.059
2.956,-0.467
2.939,-0.907
2.794,1.607
2.891,-0.912
2.769,-2.003
2.726,-1.9
2.71,0.866
2.577,0.833
2.499,0.188
2.514,-0.108
2.502,1.863
2.275,1.055
2.402,1.389
2.06,0.3
2.155,-1.183
2.029,-1.292
1.978,-0.583
1.88,-2.066
1.822,-1.187
1.763,0.335
1.624,-1.286
1.599,-1.17
1.605,-0.14
1.445,0.101
1.571,-0.704
1.522,0.66
1.462,-0.892
1.42,-0.769
1.305,0.787
1.137,-0.466
0.272,-2.384
0.29,-2.292
0.057,-2.379
-0.945,-2.552
-1.015,-2.116
-1.165,-2.388
-1.897,-2.298
-1.976,-2.179
-2.445,-2.625
-2.571,-2.356
2.838,-2.273
2.661,-2.458
2.417,-2.49
2.337,-2.207
1.831,-2.481
1.91,-2.442
1.922,-2.411
1.441,-2.504
1.323,-2.334
1.167,-2.477
0.991,1.92
0.585,2.03
-0.876,1.928
-1.286,1.959
-1.525,1.932
-1.393,2.043
-1.629,2.003
-2.266,1.971
-2.858,2.044
-2.734,2.014
3.1,1.986
1.93,1.741
0.677,1.365
-0.981,-0.938
1.212,-1.322
-1.497,0.533
-1.798,1.023
-2.003,-1.146
-2.685,-1.108
-2.767,-0.285
3.062,1.036
2.599,0.048
1.921,1.43
1.852,1.116
1.713,1.236
1.606,0.759
0.807,-1.058
-2.704,-0.215
2.759,0.28
1.931,-0.424
1.82,-0.677
-0.308,-2.1
-1.735,-2.045
1.64,1.581
1.225,1.649
0.003,-0.994
0.113,-0.336
-0.025,-1.389
0.064,-1.827
-0.193,1.761
-0.326,0.52
-0.49,1.812
-0.372,0.433
-0.386,0.825
-0.525,-1.504
-0.455,0.747
-0.657,-1.702
-0.65,-0.614
-0.767,1.169
-0.649,2.053
-0.708,-0.917
-0.891,1.468
-0.82,0.33
-0.847,1.608
-0.842,0.03
-0.982,0.666
-1.018,-1.654
-1.039,0.329
-0.972,-0.611
-1.156,-0.657
-1.057,0.422
-1.105,-0.501
-1.324,-0.515
-1.531,0.773
-1.445,2.002
-1.597,-0.324
-1.614,-1.013
-1.554,0.677
-1.592,-0.867
-1.746,-0.695
-1.751,1.888
-1.91,0.056
-1.811,0.125
-1.965,2.127
-1.936,1.495
-2.113,1.379
-2.007,0.765
-2.212,1.921
-2.196,0.556
-2.323,-0.913
-2.328,-0.977
-2.481,0.295
-2.373,-1.113
-2.538,0.485
-2.411,-0.898
-2.468,1.963
-2.534,-0.873
-2.515,-1.548
-2.693,1.464
-2.567,-0.325
-2.634,0.597
-2.656,1.797
-2.66,-1.912
-2.812,-0.557
-2.74,0.569
-2.858,1.038
-2.799,1.675
-2.986,1.647
-2.888,0.868
-3.005,-1.163
-3.014,0.594
3.071,0.811
3.066,0.134
3.132,-0.274
3.115,-0.714
2.97,1.8
3.067,-0.719
2.945,-1.81
2.902,-1.707
2.886,1.059
2.753,1.026
2.675,0.381
2.69,0.085
2.678,2.056
2.451,1.248
2.578,1.582
2.236,0.493
2.331,-0.99
2.205,-1.099
2.154,-0.39
2.056,-1.873
1.998,-0.994
1.939,0.528
1.8,-1.093
1.775,-0.977
1.781,0.053
1.621,0.294
1.747,-0.511
1.698,0.853
1.638,-0.699
1.596,-0.576
1.481,0.98
1.313,-0.273
0.448,-2.191
0.466,-2.099
0.233,-2.186
-0.769,-2.359
-0.839,-1.923
-0.989,-2.195
-1.721,-2.105
-1.8,-1.986
-2.269,-2.432
-2.395,-2.163
3.014,-2.08
2.837,-2.265
2.593,-2.297
2.513,-2.014
2.007,-2.288
2.086,-2.249
2.098,-2.218
1.617,-2.311
1.499,-2.141
1.343,-2.284
1.167,2.113
0.761,2.223
-0.7,2.121
-1.11,2.152
-1.349,2.125
-1.217,2.236
-1.453,2.196
-2.09,2.164
-2.682,2.237
-2.558,2.207
-3.007,2.179
2.106,1.934
0.853,1.558
-0.805,-0.745
1.388,-1.129
-1.321,0.726
-1.622,1.216
-1.827,-0.953
-2.509,-0.915
-2.591,-0.092
-3.045,1.229
2.775,0.241
2.097,1.623
2.028,1.309
1.889,1.429
1.782,0.952
0.983,-0.865
-2.528,-0.022
2.935,0.473
2.107,-0.231
1.996,-0.484
-0.132,-1.907
-1.559,-1.852
1.816,1.774
1.401,1.842
0.11,0.658
-0.028,-0.395
0.061,-0.833
-0.196,2.755
-0.329,1.514
-0.493,2.806
-0.375,1.427
-0.389,1.819
-0.528,-0.51
-0.458,1.741
-0.66,-0.708
-0.653,0.38
-0.77,2.163
-0.652,3.047
-0.711,0.077
-0.894,2.462
-0.823,1.324
-0.85,2.602
-0.845,1.024
-0.985,1.66
-1.021,-0.66
-1.042,1.323
-0.975,0.383
-1.159,0.337
-1.06,1.416
-1.108,0.493
-1.327,0.479
-1.534,1.767
-1.448,2.996
-1.6,0.67
-1.617,-0.019
-1.557,1.671
-1.595,0.127
-1.749,0.299
-1.754,2.882
-1.913,1.05
-1.814,1.119
-1.968,3.121
-1.939,2.489
-2.116,2.373
-2.01,1.759
-2.215,2.915
-2.199,1.55
-2.326,0.081
-2.331,0.017
-2.484,1.289
-2.376,-0.119
-2.541,1.479
-2.414,0.096
-2.471,2.957
-2.537,0.121
-2.518,-0.554
-2.696,2.458
-2.57,0.669
-2.637,1.591
-2.659,2.791
-2.663,-0.918
-2.815,0.437
-2.743,1.563
-2.861,2.032
-2.802,2.669
-2.989,2.641
-2.891,1.862
-3.008,-0.169
-3.017,1.588
3.068,1.805
3.063,1.128
3.129,0.72
3.112,0.28
2.967,2.794
3.064,0.275
2.942,-0.816
2.899,-0.713
2.883,2.053
2.75,2.02
2.672,1.375
2.687,1.079
2.675,3.05
2.448,2.242
2.575,2.576
2.233,1.487
2.328,0.004
2.202,-0.105
2.151,0.604
2.053,-0.879
1.995,0.0
1.936,1.522
1.797,-0.099
1.772,0.017
1.778,1.047
1.618,1.288
1.744,0.483
1.695,1.847
1.635,0.295
1.593,0.418
1.478,1.974
1.31,0.721
0.445,-1.197
0.463,-1.105
0.23,-1.192
-0.772,-1.365
-0.842,-0.929
-0.992,-1.201
-1.724,-1.111
-1.803,-0.992
-2.272,-1.438
-2.398,-1.169
3.011,-1.086
2.834,-1.271
2.59,-1.303
2.51,-1.02
2.004,-1.294
2.083,-1.255
2.095,-1.224
1.614,-1.317
1.496,-1.147
1.34,-1.29
1.164,3.107
0.758,3.217
-0.703,3.115
-1.113,3.146
-1.352,3.119
-1.22,3.23
-1.456,3.19
-2.093,3.158
-2.685,3.231
-2.561,3.201
-3.01,3.173
2.103,2.928
0.85,2.552
-0.808,0.249
1.385,-0.135
-1.324,1.72
-1.625,2.21
-1.83,0.041
-2.512,0.079
-2.594,0.902
-3.048,2.223
2.772,1.235
2.094,2.617
2.025,2.303
1.886,2.423
1.779,1.946
0.98,0.129
-2.531,0.972
2.932,1.467
2.104,0.763
1.993,0.51
-0.135,-0.913
-1.562,-0.858
1.813,2.768
1.398,2.836
-0.138,-1.053
-0.049,-1.491
-0.306,2.097
-0.439,0.856
-0.603,2.148
-0.485,0.769
-0.499,1.161
-0.638,-1.168
-0.568,1.083
-0.77,-1.366
-0.763,-0.278
-0.88,1.505
-0.762,2.389
-0.821,-0.581
-1.004,1.804
-0.933,0.666
-0.96,1.944
-0.955,0.366
-1.095,1.002
-1.131,-1.318
-1.152,0.665
-1.085,-0.275
-1.269,-0.321
-1.17,0.758
-1.218,-0.165
-1.437,-0.179
-1.644,1.109
-1.558,2.338
-1.71,0.012
-1.727,-0.677
-1.667,1.013
-1.705,-0.531
-1.859,-0.359
-1.864,2.224
-2.023,0.392
-1.924,0.461
-2.078,2.463
-2.049,1.831
-2.226,1.715
-2.12,1.101
-2.325,2.257
-2.309,0.892
-2.436,-0.577
-2.441,-0.641
-2.594,0.631
-2.486,-0.777
-2.651,0.821
-2.524,-0.562
-2.581,2.299
-2.647,-0.537
-2.628,-1.212
-2.806,1.8
-2.68,0.011
-2.747,0.933
-2.769,2.133
-2.773,-1.576
-2.925,-0.221
-2.853,0.905
-2.971,1.374
-2.912,2.011
-3.099,1.983
-3.001,1.204
-3.118,-0.827
-3.127,0.93
2.958,1.147
2.953,0.47
3.019,0.062
3.002,-0.378
2.857,2.136
2.954,-0.383
2.832,-1.474
2.789,-1.371
2.773,1.395
2.64,1.362
2.562,0.717
2.577,0.421
2.565,2.392
2.338,1.584
2.465,1.918
2.123,0.829
2.218,-0.654
2.092,-0.763
2.041,-0.054
1.943,-1.537
1.885,-0.658
1.826,0.864
1.687,-0.757
1.662,-0.641
1.668,0.389
1.508,0.63
1.634,-0.175
1.585,1.189
1.525,-0.363
1.483,-0.24
1.368,1.316
1.2,0.063
0.335,-1.855
0.353,-1.763
0.12,-1.85
-0.882,-2.023
-0.952,-1.587
-1.102,-1.859
-1.834,-1.769
-1.913,-1.65
-2.382,-2.096
-2.508,-1.827
2.901,-1.744
2.724,-1.929
2.48,-1.961
2.4,-1.678
1.894,-1.952
1.973,-1.913
1.985,-1.882
1.504,-1.975
1.386,-1.805
1.23,-1.948
1.054,2.449
0.648,2.559
-0.813,2.457
-1.223,2.488
-1.462,2.461
-1.33,2.572
-1.566,2.532
-2.203,2.5
-2.795,2.573
-2.671,2.543
-3.12,2.515
1.993,2.27
0.74,1.894
-0.918,-0.409
1.275,-0.793
-1.434,1.062
-1.735,1.552
-1.94,-0.617
-2.622,-0.579
-2.704,0.244
3.125,1.565
2.662,0.577
1.984,1.959
1.915,1.645
1.776,1.765
1.669,1.288
0.87,-0.529
-2.641,0.314
2.822,0.809
1.994,0.105
1.883,-0.148
-0.245,-1.571
-1.672,-1.516
1.703,2.11
1.288,2.178
0.089,-0.438
-0.168,3.15
-0.301,1.909
-0.465,3.201
-0.347,1.822
-0.361,2.214
-0.5,-0.115
-0.43,2.136
-0.632,-0.313
-0.625,0.775
-0.742,2.558
-0.624,3.442
-0.683,0.472
-0.866,2.857
-0.795,1.719
-0.822,2.997
-0.817,1.419
-0.957,2.055
-0.993,-0.265
-1.014,1.718
-0.947,0.778
-1.131,0.732
-1.032,1.811
-1.08,0.888
-1.299,0.874
-1.506,2.162
-1.42,3.391
-1.572,1.065
-1.589,0.376
-1.529,2.066
-1.567,0.522
-1.721,0.694
-1.726,3.277
-1.885,1.445
-1.786,1.514
-1.94,3.516
-1.911,2.884
-2.088,2.768
-1.982,2.154
-2.187,3.31
-2.171,1.945
-2.298,0.476
-2.303,0.412
-2.456,1.684
-2.348,0.276
-2.513,1.874
-2.386,0.491
-2.443,3.352
-2.509,0.516
-2.49,-0.159
-2.668,2.853
-2.542,1.064
-2.609,1.986
-2.631,3.186
-2.635,-0.523
-2.787,0.832
-2.715,1.958
-2.833,2.427
-2.774,3.064
-2.961,3.036
-2.863,2.257
-2.98,0.226
-2.989,1.983
3.096,2.2
3.091,1.523
-3.126,1.115
3.14,0.675
2.995,3.189
3.092,0.67
2.97,-0.421
2.927,-0.318
2.911,2.448
2.778,2.415
2.7,1.77
2.715,1.474
2.703,3.445
2.476,2.637
2.603,2.971
2.261,1.882
2.356,0.399
2.23,0.29
2.179,0.999
2.081,-0.484
2.023,0.395
1.964,1.917
1.825,0.296
1.8,0.412
1.806,1.442
1.646,1.683
1.772,0.878
1.723,2.242
1.663,0.69
1.621,0.813
1.506,2.369
1.338,1.116
0.473,-0.802
0.491,-0.71
0.258,-0.797
-0.744,-0.97
-0.814,-0.534
-0.964,-0.806
-1.696,-0.716
-1.775,-0.597
-2.244,-1.043
-2.37,-0.774
3.039,-0.691
2.862,-0.876
2.618,-0.908
2.538,-0.625
2.032,-0.899
2.111,-0.86
2.123,-0.829
1.642,-0.922
1.524,-0.752
1.368,-0.895
1.192,3.502
0.786,3.612
-0.675,3.51
-1.085,3.541
-1.324,3.514
-1.192,3.625
-1.428,3.585
-2.065,3.553
-2.657,3.626
-2.533,3.596
-2.982,3.568
2.131,3.323
0.878,2.947
-0.78,0.644
1.413,0.26
-1.296,2.115
-1.597,2.605
-1.802,0.436
-2.484,0.474
-2.566,1.297
-3.02,2.618
2.8,1.63
2.122,3.012
2.053,2.698
1.914,2.818
1.807,2.341
1.008,0.524
-2.503,1.367
2.96,1.862
2.132,1.158
2.021,0.905
-0.107,-0.518
-1.534,-0.463
1.841,3.163
1.426,3.231
-0.257,3.588
-0.39,2.347
-0.554,3.639
-0.436,2.26
-0.45,2.652
-0.589,0.323
-0.519,2.574
-0.721,0.125
-0.714,1.213
-0.831,2.996
-0.713,3.88
-0.772,0.91
-0.955,3.295
-0.884,2.157
-0.911,3.435
-0.906,1.857
-1.046,2.493
-1.082,0.173
-1.103,2.156
-1.036,1.216
-1.22,1.17
-1.121,2.249
-1.169,1.326
-1.388,1.312
-1.595,2.6
-1.509,3.829
-1.661,1.503
-1.678,0.814
-1.618,2.504
-1.656,0.96
-1.81,1.132
-1.815,3.715
-1.974,1.883
-1.875,1.952
-2.029,3.954
-2.0,3.322
-2.177,3.206
-2.071,2.592
-2.276,3.748
-2.26,2.383
-2.387,0.914
-2.392,0.85
-2.545,2.122
-2.437,0.714
-2.602,2.312
-2.475,0.929
-2.532,3.79
-2.598,0.954
-2.579,0.279
-2.757,3.291
-2.631,1.502
-2.698,2.424
-2.72,3.624
-2.724,-0.085
-2.876,1.27
-2.804,2.396
-2.922,2.865
-2.863,3.502
-3.05,3.474
-2.952,2.695
-3.069,0.664
-3.078,2.421
3.007,2.638
3.002,1.961
3.068,1.553
3.051,1.113
2.906,3.627
3.003,1.108
2.881,0.017
2.838,0.12
2.822,2.886
2.689,2.853
2.611,2.208
2.626,1.912
2.614,3.883
2.387,3.075
2.514,3.409
2.172,2.32
2.267,0.837
2.141,0.728
2.09,1.437
1.992,-0.046
1.934,0.833
1.875,2.355
1.736,0.734
1.711,0.85
1.717,1.88
1.557,2.121
1.683,1.316
1.634,2.68
1.574,1.128
1.532,1.251
1.417,2.807
1.249,1.554
0.384,-0.364
0.402,-0.272
0.169,-0.359
-0.833,-0.532
-0.903,-0.096
-1.053,-0.368
-1.785,-0.278
-1.864,-0.159
-2.333,-0.605
-2.459,-0.336
2.95,-0.253
2.773,-0.438
2.529,-0.47
2.449,-0.187
1.943,-0.461
2.022,-0.422
2.034,-0.391
1.553,-0.484
1.435,-0.314
1.279,-0.457
1.103,3.94
0.697,4.05
-0.764,3.948
-1.174,3.979
-1.413,3.952
-1.281,4.063
-1.517,4.023
-2.154,3.991
-2.746,4.064
-2.622,4.034
-3.071,4.006
2.042,3.761
0.789,3.385
-0.869,1.082
1.324,0.698
-1.385,2.553
-1.686,3.043
-1.891,0.874
-2.573,0.912
-2.655,1.735
-3.109,3.056
2.711,2.068
2.033,3.45
1.964,3.136
1.825,3.256
1.718,2.779
0.919,0.962
-2.592,1.805
2.871,2.3
2.043,1.596
1.932,1.343
-0.196,-0.08
-1.623,-0.025
1.752,3.601
1.337,3.669
-0.133,-1.241
-0.297,0.051
-0.179,-1.328
-0.193,-0.936
-0.332,-3.265
-0.262,-1.014
-0.464,-3.463
-0.457,-2.375
-0.574,-0.592
-0.456,0.292
-0.515,-2.678
-0.698,-0.293
-0.627,-1.431
-0.654,-0.153
-0.649,-1.731
-0.789,-1.095
-0.825,-3.415
-0.846,-1.432
-0.779,-2.372
-0.963,-2.418
-0.864,-1.339
-0.912,-2.262
-1.131,-2.276
-1.338,-0.988
-1.252,0.241
-1.404,-2.085
-1.421,-2.774
-1.361,-1.084
-1.399,-2.628
-1.553,-2.456
-1.558,0.127
-1.717,-1.705
-1.618,-1.636
-1.772,0.366
-1.743,-0.266
-1.92,-0.382
-1.814,-0.996
-2.019,0.16
-2.003,-1.205
-2.13,-2.674
-2.135,-2.738
-2.288,-1.466
-2.18,-2.874
-2.345,-1.276
-2.218,-2.659
-2.275,0.202
-2.341,-2.634
-2.322,-3.309
-2.5,-0.297
-2.374,-2.086
-2.441,-1.164
-2.463,0.036
-2.467,-3.673
-2.619,-2.318
-2.547,-1.192
-2.665,-0.723
-2.606,-0.086
-2.793,-0.114
-2.695,-0.893
-2.812,-2.924
-2.821,-1.167
-3.019,-0.95
-3.024,-1.627
-2.958,-2.035
-2.975,-2.475
-3.12,0.039
-3.023,-2.48
3.138,-3.571
3.095,-3.468
3.079,-0.702
2.946,-0.735
2.868,-1.38
2.883,-1.676
2.871,0.295
2.644,-0.513
2.771,-0.179
2.429,-1.268
2.524,-2.751
2.398,-2.86
2.347,-2.151
2.249,-3.634
2.191,-2.755
2.132,-1.233
1.993,-2.854
1.968,-2.738
1.974,-1.708
1.814,-1.467
1.94,-2.272
1.891,-0.908
1.831,-2.46
1.789,-2.337
1.674,-0.781
1.506,-2.034
0.641,-3.952
0.659,-3.86
0.426,-3.947
-0.576,-4.12
-0.646,-3.684
-0.796,-3.956
-1.528,-3.866
-1.607,-3.747
-2.076,-4.193
-2.202,-3.924
-3.076,-3.841
3.03,-4.026
2.786,-4.058
2.706,-3.775
2.2,-4.049
2.279,-4.01
2.291,-3.979
1.81,-4.072
1.692,-3.902
1.536,-4.045
1.36,0.352
0.954,0.462
-0.507,0.36
-0.917,0.391
-1.156,0.364
-1.024,0.475
-1.26,0.435
-1.897,0.403
-2.489,0.476
-2.365,0.446
-2.814,0.418
2.299,0.173
1.046,-0.203
-0.612,-2.506
1.581,-2.89
-1.128,-1.035
-1.429,-0.545
-1.634,-2.714
-2.316,-2.676
-2.398,-1.853
-2.852,-0.532
2.968,-1.52
2.29,-0.138
2.221,-0.452
2.082,-0.332
1.975,-0.809
1.176,-2.626
-2.335,-1.783
3.128,-1.288
2.3,-1.992
2.189,-2.245
0.061,-3.668
-1.366,-3.613
2.009,0.013
1.594,0.081
-0.164,1.292
-0.046,-0.087
-0.06,0.305
-0.199,-2.024
-0.129,0.227
-0.331,-2.222
-0.324,-1.134
-0.441,0.649
-0.323,1.533
-0.382,-1.437
-0.565,0.948
-0.494,-0.19
-0.521,1.088
-0.516,-0.49
-0.656,0.146
-0.692,-2.174
-0.713,-0.191
-0.646,-1.131
-0.83,-1.177
-0.731,-0.098
-0.779,-1.021
-0.998,-1.035
-1.205,0.253
-1.119,1.482
-1.271,-0.844
-1.288,-1.533
-1.228,0.157
-1.266,-1.387
-1.42,-1.215
-1.425,1.368
-1.584,-0.464
-1.485,-0.395
-1.639,1.607
-1.61,0.975
-1.787,0.859
-1.681,0.245
-1.886,1.401
-1.87,0.036
-1.997,-1.433
-2.002,-1.497
-2.155,-0.225
-2.047,-1.633
-2.212,-0.035
-2.085,-1.418
-2.142,1.443
-2.208,-1.393
-2.189,-2.068
-2.367,0.944
-2.241,-0.845
-2.308,0.077
-2.33,1.277
-2.334,-2.432
-2.486,-1.077
-2.414,0.049
-2.532,0.518
-2.473,1.155
-2.66,1.127
-2.562,0.348
-2.679,-1.683
-2.688,0.074
-2.886,0.291
-2.891,-0.386
-2.825,-0.794
-2.842,-1.234
-2.987,1.28
-2.89,-1.239
-3.012,-2.33
-3.055,-2.227
-3.071,0.539
3.079,0.506
3.001,-0.139
3.016,-0.435
3.004,1.536
2.777,0.728
2.904,1.062
2.562,-0.027
2.657,-1.51
2.531,-1.619
2.48,-0.91
2.382,-2.393
2.324,-1.514
2.265,0.008
2.126,-1.613
2.101,-1.497
2.107,-0.467
1.947,-0.226
2.073,-1.031
2.024,0.333
1.964,-1.219
1.922,-1.096
1.807,0.46
1.639,-0.793
0.774,-2.711
0.792,-2.619
0.559,-2.706
-0.443,-2.879
-0.513,-2.443
-0.663,-2.715
-1.395,-2.625
-1.474,-2.506
-1.943,-2.952
-2.069,-2.683
-2.943,-2.6
-3.12,-2.785
2.919,-2.817
2.839,-2.534
2.333,-2.808
2.412,-2.769
2.424,-2.738
1.943,-2.831
1.825,-2.661
1.669,-2.804
1.493,1.593
1.087,1.703
-0.374,1.601
-0.784,1.632
-1.023,1.605
-0.891,1.716
-1.127,1.676
-1.764,1.644
-2.356,1.717
-2.232,1.687
-2.681,1.659
2.432,1.414
1.179,1.038
-0.479,-1.265
1.714,-1.649
-0.995,0.206
-1.296,0.696
-1.501,-1.473
-2.183,-1.435
-2.265,-0.612
-2.719,0.709
3.101,-0.279
2.423,1.103
2.354,0.789
2.215,0.909
2.108,0.432
1.309,-1.385
-2.202,-0.542
-3.022,-0.047
2.433,-0.751
2.322,-1.004
0.194,-2.427
-1.233,-2.372
2.142,1.254
1.727,1.322
0.118,-1.379
0.104,-0.987
-0.035,-3.316
0.035,-1.065
-0.167,-3.514
-0.16,-2.426
-0.277,-0.643
-0.159,0.241
-0.218,-2.729
-0.401,-0.344
-0.33,-1.482
-0.357,-0.204
-0.352,-1.782
-0.492,-1.146
-0.528,-3.466
-0.549,-1.483
-0.482,-2.423
-0.666,-2.469
-0.567,-1.39
-0.615,-2.313
-0.834,-2.327
-1.041,-1.039
-0.955,0.19
-1.107,-2.136
-1.124,-2.825
-1.064,-1.135
-1.102,-2.679
-1.256,-2.507
-1.261,0.076
-1.42,-1.756
-1.321,-1.687
-1.475,0.315
-1.446,-0.317
-1.623,-0.433
-1.517,-1.047
-1.722,0.109
-1.706,-1.256
-1.833,-2.725
-1.838,-2.789
-1.991,-1.517
-1.883,-2.925
-2.048,-1.327
-1.921,-2.71
-1.978,0.151
-2.044,-2.685
-2.025,-3.36
-2.203,-0.348
-2.077,-2.137
-2.144,-1.215
-2.166,-0.015
-2.17,-3.724
-2.322,-2.369
-2.25,-1.243
-2.368,-0.774
-2.309,-0.137
-2.496,-0.165
-2.398,-0.944
-2.515,-2.975
-2.524,-1.218
-2.722,-1.001
-2.727,-1.678
-2.661,-2.086
-2.678,-2.526
-2.823,-0.012
-2.726,-2.531
-2.848,-3.622
-2.891,-3.519
-2.907,-0.753
-3.04,-0.786
-3.118,-1.431
-3.103,-1.727
-3.115,0.244
2.941,-0.564
3.068,-0.23
2.726,-1.319
2.821,-2.802
2.695,-2.911
2.644,-2.202
2.546,-3.685
2.488,-2.806
2.429,-1.284
2.29,-2.905
2.265,-2.789
2.271,-1.759
2.111,-1.518
2.237,-2.323
2.188,-0.959
2.128,-2.511
2.086,-2.388
1.971,-0.832
1.803,-2.085
0.938,-4.003
0.956,-3.911
0.723,-3.998
-0.279,-4.171
-0.349,-3.735
-0.499,-4.007
-1.231,-3.917
-1.31,-3.798
-1.779,-4.244
-1.905,-3.975
-2.779,-3.892
-2.956,-4.077
3.083,-4.109
3.003,-3.826
2.497,-4.1
2.576,-4.061
2.588,-4.03
2.107,-4.123
1.989,-3.953
1.833,-4.096
1.657,0.301
1.251,0.411
-0.21,0.309
-0.62,0.34
-0.859,0.313
-0.727,0.424
-0.963,0.384
-1.6,0.352
-2.192,0.425
-2.068,0.395
-2.517,0.367
2.596,0.122
1.343,-0.254
-0.315,-2.557
1.878,-2.941
-0.831,-1.086
-1.132,-0.596
-1.337,-2.765
-2.019,-2.727
-2.101,-1.904
-2.555,-0.583
-3.018,-1.571
2.587,-0.189
2.518,-0.503
2.379,-0.383
2.272,-0.86
1.473,-2.677
-2.038,-1.834
-2.858,-1.339
2.597,-2.043
2.486,-2.296
0.358,-3.719
-1.069,-3.664
2.306,-0.038
1.891,0.03
-0.014,0.392
-0.153,-1.937
-0.083,0.314
-0.285,-2.135
-0.278,-1.047
-0.395,0.736
-0.277,1.62
-0.336,-1.35
-0.519,1.035
-0.448,-0.103
-0.475,1.175
-0.47,-0.403
-0.61,0.233
-0.646,-2.087
-0.667,-0.104
-0.6,-1.044
-0.784,-1.09
-0.685,-0.011
-0.733,-0.934
-0.952,-0.948
-1.159,0.34
-1.073,1.569
-1.225,-0.757
-1.242,-1.446
-1.182,0.244
-1.22,-1.3
-1.374,-1.128
-1.379,1.455
-1.538,-0.377
-1.439,-0.308
-1.593,1.694
-1.564,1.062
-1.741,0.946
-1.635,0.332
-1.84,1.488
-1.824,0.123
-1.951,-1.346
-1.956,-1.41
-2.109,-0.138
-2.001,-1.546
-2.166,0.052
-2.039,-1.331
-2.096,1.53
-2.162,-1.306
-2.143,-1.981
-2.321,1.031
-2.195,-0.758
-2.262,0.164
-2.284,1.364
-2.288,-2.345
-2.44,-0.99
-2.368,0.136
-2.486,0.605
-2.427,1.242
-2.614,1.214
-2.516,0.435
-2.633,-1.596
-2.642,0.161
-2.84,0.378
-2.845,-0.299
-2.779,-0.707
-2.796,-1.147
-2.941,1.367
-2.844,-1.152
-2.966,-2.243
-3.009,-2.14
-3.025,0.626
3.125,0.593
3.047,-0.052
3.062,-0.348
3.05,1.623
2.823,0.815
2.95,1.149
2.608,0.06
2.703,-1.423
2.577,-1.532
2.526,-0.823
2.428,-2.306
2.37,-1.427
2.311,0.095
2.172,-1.526
2.147,-1.41
2.153,-0.38
1.993,-0.139
2.119,-0.944
2.07,0.42
2.01,-1.132
1.968,-1.009
1.853,0.547
1.685,-0.706
0.82,-2.624
0.838,-2.532
0.605,-2.619
-0.397,-2.792
-0.467,-2.356
-0.617,-2.628
-1.349,-2.538
-1.428,-2.419
-1.897,-2.865
-2.023,-2.596
-2.897,-2.513
-3.074,-2.698
2.965,-2.73
2.885,-2.447
2.379,-2.721
2.458,-2.682
2.47,-2.651
1.989,-2.744
1.871,-2.574
1.715,-2.717
1.539,1.68
1.133,1.79
-0.328,1.688
-0.738,1.719
-0.977,1.692
-0.845,1.803
-1.081,1.763
-1.718,1.731
-2.31,1.804
-2.186,1.774
-2.635,1.746
2.478,1.501
1.225,1.125
-0.433,-1.178
1.76,-1.562
-0.949,0.293
-1.25,0.783
-1.455,-1.386
-2.137,-1.348
-2.219,-0.525
-2.673,0.796
-3.136,-0.192
2.469,1.19
2.4,0.876
2.261,0.996
2.154,0.519
1.355,-1.298
-2.156,-0.455
-2.976,0.04
2.479,-0.664
2.368,-0.917
0.24,-2.34
-1.187,-2.285
2.188,1.341
1.773,1.409
-0.139,-2.329
-0.069,-0.078
-0.271,-2.527
-0.264,-1.439
-0.381,0.344
-0.263,1.228
-0.322,-1.742
-0.505,0.643
-0.434,-0.495
-0.461,0.783
-0.456,-0.795
-0.596,-0.159
-0.632,-2.479
-0.653,-0.496
-0.586,-1.436
-0.77,-1.482
-0.671,-0.403
-0.719,-1.326
-0.938,-1.34
-1.145,-0.052
-1.059,1.177
-1.211,-1.149
-1.228,-1.838
-1.168,-0.148
-1.206,-1.692
-1.36,-1.52
-1.365,1.063
-1.524,-0.769
-1.425,-0.7
-1.579,1.302
-1.55,0.67
-1.727,0.554
-1.621,-0.06
-1.826,1.096
-1.81,-0.269
-1.937,-1.738
-1.942,-1.802
-2.095,-0.53
-1.987,-1.938
-2.152,-0.34
-2.025,-1.723
-2.082,1.138
-2.148,-1.698
-2.129,-2.373
-2.307,0.639
-2.181,-1.15
-2.248,-0.228
-2.27,0.972
-2.274,-2.737
-2.426,-1.382
-2.354,-0.256
-2.472,0.213
-2.413,0.85
-2.6,0.822
-2.502,0.043
-2.619,-1.988
-2.628,-0.231
-2.826,-0.014
-2.831,-0.691
-2.765,-1.099
-2.782,-1.539
-2.927,0.975
-2.83,-1.544
-2.952,-2.635
-2.995,-2.532
-3.011,0.234
3.139,0.201
3.061,-0.444
3.076,-0.74
3.064,1.231
2.837,0.423
2.964,0.757
2.622,-0.332
2.717,-1.815
2.591,-1.924
2.54,-1.215
2.442,-2.698
2.384,-1.819
2.325,-0.297
2.186,-1.918
2.161,-1.802
2.167,-0.772
2.007,-0.531
2.133,-1.336
2.084,0.028
2.024,-1.524
1.982,-1.401
1.867,0.155
1.699,-1.098
0.834,-3.016
0.852,-2.924
0.619,-3.011
-0.383,-3.184
-0.453,-2.748
-0.603,-3.02
-1.335,-2.93
-1.414,-2.811
-1.883,-3.257
-2.009,-2.988
-2.883,-2.905
-3.06,-3.09
2.979,-3.122
2.899,-2.839
2.393,-3.113
2.472,-3.074
2.484,-3.043
2.003,-3.136
1.885,-2.966
1.729,-3.109
1.553,1.288
1.147,1.398
-0.314,1.296
-0.724,1.327
-0.963,1.3
-0.831,1.411
-1.067,1.371
-1.704,1.339
-2.296,1.412
-2.172,1.382
-2.621,1.354
2.492,1.109
1.239,0.733
-0.419,-1.57
1.774,-1.954
-0.935,-0.099
-1.236,0.391
-1.441,-1.778
-2.123,-1.74
-2.205,-0.917
-2.659,0.404
-3.122,-0.584
2.483,0.798
2.414,0.484
2.275,0.604
2.168,0.127
1.369,-1.69
-2.142,-0.847
-2.962,-0.352
2.493,-1.056
2.382,-1.309
0.254,-2.732
-1.173,-2.677
2.202,0.949
1.787,1.017
0.07,2.251
-0.132,-0.198
-0.125,0.89
-0.242,2.673
-0.124,3.557
-0.183,0.587
-0.366,2.972
-0.295,1.834
-0.322,3.112
-0.317,1.534
-0.457,2.17
-0.493,-0.15
-0.514,1.833
-0.447,0.893
-0.631,0.847
-0.532,1.926
-0.58,1.003
-0.799,0.989
-1.006,2.277
-0.92,3.506
-1.072,1.18
-1.089,0.491
-1.029,2.181
-1.067,0.637
-1.221,0.809
-1.226,3.392
-1.385,1.56
-1.286,1.629
-1.44,3.631
-1.411,2.999
-1.588,2.883
-1.482,2.269
-1.687,3.425
-1.671,2.06
-1.798,0.591
-1.803,0.527
-1.956,1.799
-1.848,0.391
-2.013,1.989
-1.886,0.606
-1.943,3.467
-2.009,0.631
-1.99,-0.044
-2.168,2.968
-2.042,1.179
-2.109,2.101
-2.131,3.301
-2.135,-0.408
-2.287,0.947
-2.215,2.073
-2.333,2.542
-2.274,3.179
-2.461,3.151
-2.363,2.372
-2.48,0.341
-2.489,2.098
-2.687,2.315
-2.692,1.638
-2.626,1.23
-2.643,0.79
-2.788,3.304
-2.691,0.785
-2.813,-0.306
-2.856,-0.203
-2.872,2.563
-3.005,2.53
-3.083,1.885
-3.068,1.589
-3.08,3.56
2.976,2.752
3.103,3.086
2.761,1.997
2.856,0.514
2.73,0.405
2.679,1.114
2.581,-0.369
2.523,0.51
2.464,2.032
2.325,0.411
2.3,0.527
2.306,1.557
2.146,1.798
2.272,0.993
2.223,2.357
2.163,0.805
2.121,0.928
2.006,2.484
1.838,1.231
0.973,-0.687
0.991,-0.595
0.758,-0.682
-0.244,-0.855
-0.314,-0.419
-0.464,-0.691
-1.196,-0.601
-1.275,-0.482
-1.744,-0.928
-1.87,-0.659
-2.744,-0.576
-2.921,-0.761
3.118,-0.793
3.038,-0.51
2.532,-0.784
2.611,-0.745
2.623,-0.714
2.142,-0.807
2.024,-0.637
1.868,-0.78
1.692,3.617
1.286,3.727
-0.175,3.625
-0.585,3.656
-0.824,3.629
-0.692,3.74
-0.928,3.7
-1.565,3.668
-2.157,3.741
-2.033,3.711
-2.482,3.683
2.631,3.438
1.378,3.062
-0.28,0.759
1.913,0.375
-0.796,2.23
-1.097,2.72
-1.302,0.551
-1.984,0.589
-2.066,1.412
-2.52,2.733
-2.983,1.745
2.622,3.127
2.553,2.813
2.414,2.933
2.307,2.456
1.508,0.639
-2.003,1.482
-2.823,1.977
2.632,1.273
2.521,1.02
0.393,-0.403
-1.034,-0.348
2.341,3.278
1.926,3.346
-0.202,-2.449
-0.195,-1.361
-0.312,0.422
-0.194,1.306
-0.253,-1.664
-0.436,0.721
-0.365,-0.417
-0.392,0.861
-0.387,-0.717
-0.527,-0.081
-0.563,-2.401
-0.584,-0.418
-0.517,-1.358
-0.701,-1.404
-0.602,-0.325
-0.65,-1.248
-0.869,-1.262
-1.076,0.026
-0.99,1.255
-1.142,-1.071
-1.159,-1.76
-1.099,-0.07
-1.137,-1.614
-1.291,-1.442
-1.296,1.141
-1.455,-0.691
-1.356,-0.622
-1.51,1.38
-1.481,0.748
-1.658,0.632
-1.552,0.018
-1.757,1.174
-1.741,-0.191
-1.868,-1.66
-1.873,-1.724
-2.026,-0.452
-1.918,-1.86
-2.083,-0.262
-1.956,-1.645
-2.013,1.216
-2.079,-1.62
-2.06,-2.295
-2.238,0.717
-2.112,-1.072
-2.179,-0.15
-2.201,1.05
-2.205,-2.659
-2.357,-1.304
-2.285,-0.178
-2.403,0.291
-2.344,0.928
-2.531,0.9
-2.433,0.121
-2.55,-1.91
-2.559,-0.153
-2.757,0.064
-2.762,-0.613
-2.696,-1.021
-2.713,-1.461
-2.858,1.053
-2.761,-1.466
-2.883,-2.557
-2.926,-2.454
-2.942,0.312
-3.075,0.279
3.13,-0.366
-3.138,-0.662
3.133,1.309
2.906,0.501
3.033,0.835
2.691,-0.254
2.786,-1.737
2.66,-1.846
2.609,-1.137
2.511,-2.62
2.453,-1.741
2.394,-0.219
2.255,-1.84
2.23,-1.724
2.236,-0.694
2.076,-0.453
2.202,-1.258
2.153,0.106
2.093,-1.446
2.051,-1.323
1.936,0.233
1.768,-1.02
0.903,-2.938
0.921,-2.846
0.688,-2.933
-0.314,-3.106
-0.384,-2.67
-0.534,-2.942
-1.266,-2.852
-1.345,-2.733
-1.814,-3.179
-1.94,-2.91
-2.814,-2.827
-2.991,-3.012
3.048,-3.044
2.968,-2.761
2.462,-3.035
2.541,-2.996
2.553,-2.965
2.072,-3.058
1.954,-2.888
1.798,-3.031
1.622,1.366
1.216,1.476
-0.245,1.374
-0.655,1.405
-0.894,1.378
-0.762,1.489
-0.998,1.449
-1.635,1.417
-2.227,1.49
-2.103,1.46
-2.552,1.432
2.561,1.187
1.308,0.811
-0.35,-1.492
1.843,-1.876
-0.866,-0.021
-1.167,0.469
-1.372,-1.7
-2.054,-1.662
-2.136,-0.839
-2.59,0.482
-3.053,-0.506
2.552,0.876
2.483,0.562
2.344,0.682
2.237,0.205
1.438,-1.612
-2.073,-0.769
-2.893,-0.274
2.562,-0.978
2.451,-1.231
0.323,-2.654
-1.104,-2.599
2.271,1.027
1.856,1.095
0.007,1.088
-0.11,2.871
0.008,3.755
-0.051,0.785
-0.234,3.17
-0.163,2.032
-0.19,3.31
-0.185,1.732
-0.325,2.368
-0.361,0.048
-0.382,2.031
-0.315,1.091
-0.499,1.045
-0.4,2.124
-0.448,1.201
-0.667,1.187
-0.874,2.475
-0.788,3.704
-0.94,1.378
-0.957,0.689
-0.897,2.379
-0.935,0.835
-1.089,1.007
-1.094,3.59
-1.253,1.758
-1.154,1.827
-1.308,3.829
-1.279,3.197
-1.456,3.081
-1.35,2.467
-1.555,3.623
-1.539,2.258
-1.666,0.789
-1.671,0.725
-1.824,1.997
-1.716,0.589
-1.881,2.187
-1.754,0.804
-1.811,3.665
-1.877,0.829
-1.858,0.154
-2.036,3.166
-1.91,1.377
-1.977,2.299
-1.999,3.499
-2.003,-0.21
-2.155,1.145
-2.083,2.271
-2.201,2.74
-2.142,3.377
-2.329,3.349
-2.231,2.57
-2.348,0.539
-2.357,2.296
-2.555,2.513
-2.56,1.836
-2.494,1.428
-2.511,0.988
-2.656,3.502
-2.559,0.983
-2.681,-0.108
-2.724,-0.005
-2.74,2.761
-2.873,2.728
-2.951,2.083
-2.936,1.787
-2.948,3.758
3.108,2.95
-3.048,3.284
2.893,2.195
2.988,0.712
2.862,0.603
2.811,1.312
2.713,-0.171
2.655,0.708
2.596,2.23
2.457,0.609
2.432,0.725
2.438,1.755
2.278,1.996
2.404,1.191
2.355,2.555
2.295,1.003
2.253,1.126
2.138,2.682
1.97,1.429
1.105,-0.489
1.123,-0.397
0.89,-0.484
-0.112,-0.657
-0.182,-0.221
-0.332,-0.493
-1.064,-0.403
-1.143,-0.284
-1.612,-0.73
-1.738,-0.461
-2.612,-0.378
-2.789,-0.563
-3.033,-0.595
-3.113,-0.312
2.664,-0.586
2.743,-0.547
2.755,-0.516
2.274,-0.609
2.156,-0.439
2.0,-0.582
1.824,3.815
1.418,3.925
-0.043,3.823
-0.453,3.854
-0.692,3.827
-0.56,3.938
-0.796,3.898
-1.433,3.866
-2.025,3.939
-1.901,3.909
-2.35,3.881
2.763,3.636
1.51,3.26
-0.148,0.957
2.045,0.573
-0.664,2.428
-0.965,2.918
-1.17,0.749
-1.852,0.787
-1.934,1.61
-2.388,2.931
-2.851,1.943
2.754,3.325
2.685,3.011
2.546,3.131
2.439,2.654
1.64,0.837
-1.871,1.68
-2.691,2.175
2.764,1.471
2.653,1.218
0.525,-0.205
-0.902,-0.15
2.473,3.476
2.058,3.544
-0.117,1.783
0.001,2.667
-0.058,-0.303
-0.241,2.082
-0.17,0.944
-0.197,2.222
-0.192,0.644
-0.332,1.28
-0.368,-1.04
-0.389,0.943
-0.322,0.003
-0.506,-0.043
-0.407,1.036
-0.455,0.113
-0.674,0.099
-0.881,1.387
-0.795,2.616
-0.947,0.29
-0.964,-0.399
-0.904,1.291
-0.942,-0.253
-1.096,-0.081
-1.101,2.502
-1.26,0.67
-1.161,0.739
-1.315,2.741
-1.286,2.109
-1.463,1.993
-1.357,1.379
-1.562,2.535
-1.546,1.17
-1.673,-0.299
-1.678,-0.363
-1.831,0.909
-1.723,-0.499
-1.888,1.099
-1.761,-0.284
-1.818,2.577
-1.884,-0.259
-1.865,-0.934
-2.043,2.078
-1.917,0.289
-1.984,1.211
-2.006,2.411
-2.01,-1.298
-2.162,0.057
-2.09,1.183
-2.208,1.652
-2.149,2.289
-2.336,2.261
-2.238,1.482
-2.355,-0.549
-2.364,1.208
-2.562,1.425
-2.567,0.748
-2.501,0.34
-2.518,-0.1
-2.663,2.414
-2.566,-0.105
-2.688,-1.196
-2.731,-1.093
-2.747,1.673
-2.88,1.64
-2.958,0.995
-2.943,0.699
-2.955,2.67
3.101,1.862
-3.055,2.196
2.886,1.107
2.981,-0.376
2.855,-0.485
2.804,0.224
2.706,-1.259
2.648,-0.38
2.589,1.142
2.45,-0.479
2.425,-0.363
2.431,0.667
2.271,0.908
2.397,0.103
2.348,1.467
2.288,-0.085
2.246,0.038
2.131,1.594
1.963,0.341
1.098,-1.577
1.116,-1.485
0.883,-1.572
-0.119,-1.745
-0.189,-1.309
-0.339,-1.581
-1.071,-1.491
-1.15,-1.372
-1.619,-1.818
-1.745,-1.549
-2.619,-1.466
-2.796,-1.651
-3.04,-1.683
-3.12,-1.4
2.657,-1.674
2.736,-1.635
2.748,-1.604
2.267,-1.697
2.149,-1.527
1.993,-1.67
1.817,2.727
1.411,2.837
-0.05,2.735
-0.46,2.766
-0.699,2.739
-0.567,2.85
-0.803,2.81
-1.44,2.778
-2.032,2.851
-1.908,2.821
-2.357,2.793
2.756,2.548
1.503,2.172
-0.155,-0.131
2.038,-0.515
-0.671,1.34
-0.972,1.83
-1.177,-0.339
-1.859,-0.301
-1.941,0.522
-2.395,1.843
-2.858,0.855
2.747,2.237
2.678,1.923
2.539,2.043
2.432,1.566
1.633,-0.251
-1.878,0.592
-2.698,1.087
2.757,0.383
2.646,0.13
0.518,-1.293
-0.909,-1.238
2.466,2.388
2.051,2.456
0.118,0.884
0.059,-2.086
-0.124,0.299
-0.053,-0.839
-0.08,0.439
-0.075,-1.139
-0.215,-0.503
-0.251,-2.823
-0.272,-0.84
-0.205,-1.78
-0.389,-1.826
-0.29,-0.747
-0.338,-1.67
-0.557,-1.684
-0.764,-0.396
-0.678,0.833
-0.83,-1.493
-0.847,-2.182
-0.787,-0.492
-0.825,-2.036
-0.979,-1.864
-0.984,0.719
-1.143,-1.113
-1.044,-1.044
-1.198,0.958
-1.169,0.326
-1.346,0.21
-1.24,-0.404
-1.445,0.752
-1.429,-0.613
-1.556,-2.082
-1.561,-2.146
-1.714,-0.874
-1.606,-2.282
-1.771,-0.684
-1.644,-2.067
-1.701,0.794
-1.767,-2.042
-1.748,-2.717
-1.926,0.295
-1.8,-1.494
-1.867,-0.572
-1.889,0.628
-1.893,-3.081
-2.045,-1.726
-1.973,-0.6
-2.091,-0.131
-2.032,0.506
-2.219,0.478
-2.121,-0.301
-2.238,-2.332
-2.247,-0.575
-2.445,-0.358
-2.45,-1.035
-2.384,-1.443
-2.401,-1.883
-2.546,0.631
-2.449,-1.888
-2.571,-2.979
-2.614,-2.876
-2.63,-0.11
-2.763,-0.143
-2.841,-0.788
-2.826,-1.084
-2.838,0.887
-3.065,0.079
-2.938,0.413
3.003,-0.676
3.098,-2.159
2.972,-2.268
2.921,-1.559
2.823,-3.042
2.765,-2.163
2.706,-0.641
2.567,-2.262
2.542,-2.146
2.548,-1.116
2.388,-0.875
2.514,-1.68
2.465,-0.316
2.405,-1.868
2.363,-1.745
2.248,-0.189
2.08,-1.442
1.215,-3.36
1.233,-3.268
1.0,-3.355
-0.002,-3.528
-0.072,-3.092
-0.222,-3.364
-0.954,-3.274
-1.033,-3.155
-1.502,-3.601
-1.628,-3.332
-2.502,-3.249
-2.679,-3.434
-2.923,-3.466
-3.003,-3.183
2.774,-3.457
2.853,-3.418
2.865,-3.387
2.384,-3.48
2.266,-3.31
2.11,-3.453
1.934,0.944
1.528,1.054
0.067,0.952
-0.343,0.983
-0.582,0.956
-0.45,1.067
-0.686,1.027
-1.323,0.995
-1.915,1.068
-1.791,1.038
-2.24,1.01
2.873,0.765
1.62,0.389
-0.038,-1.914
2.155,-2.298
-0.554,-0.443
-0.855,0.047
-1.06,-2.122
-1.742,-2.084
-1.824,-1.261
-2.278,0.06
-2.741,-0.928
2.864,0.454
2.795,0.14
2.656,0.26
2.549,-0.217
1.75,-2.034
-1.761,-1.191
-2.581,-0.696
2.874,-1.4
2.763,-1.653
0.635,-3.076
-0.792,-3.021
2.583,0.605
2.168,0.673
-0.059,-2.97
-0.242,-0.585
-0.171,-1.723
-0.198,-0.445
-0.193,-2.023
-0.333,-1.387
-0.369,-3.707
-0.39,-1.724
-0.323,-2.664
-0.507,-2.71
-0.408,-1.631
-0.456,-2.554
-0.675,-2.568
-0.882,-1.28
-0.796,-0.051
-0.948,-2.377
-0.965,-3.066
-0.905,-1.376
-0.943,-2.92
-1.097,-2.748
-1.102,-0.165
-1.261,-1.997
-1.162,-1.928
-1.316,0.074
-1.287,-0.558
-1.464,-0.674
-1.358,-1.288
-1.563,-0.132
-1.547,-1.497
-1.674,-2.966
-1.679,-3.03
-1.832,-1.758
-1.724,-3.166
-1.889,-1.568
-1.762,-2.951
-1.819,-0.09
-1.885,-2.926
-1.866,-3.601
-2.044,-0.589
-1.918,-2.378
-1.985,-1.456
-2.007,-0.256
-2.011,-3.965
-2.163,-2.61
-2.091,-1.484
-2.209,-1.015
-2.15,-0.378
-2.337,-0.406
-2.239,-1.185
-2.356,-3.216
-2.365,-1.459
-2.563,-1.242
-2.568,-1.919
-2.502,-2.327
-2.519,-2.767
-2.664,-0.253
-2.567,-2.772
-2.689,-3.863
-2.732,-3.76
-2.748,-0.994
-2.881,-1.027
-2.959,-1.672
-2.944,-1.968
-2.956,0.003
3.1,-0.805
-3.056,-0.471
2.885,-1.56
2.98,-3.043
2.854,-3.152
2.803,-2.443
2.705,-3.926
2.647,-3.047
2.588,-1.525
2.449,-3.146
2.424,-3.03
2.43,-2.0
2.27,-1.759
2.396,-2.564
2.347,-1.2
2.287,-2.752
2.245,-2.629
2.13,-1.073
1.962,-2.326
1.097,-4.244
1.115,-4.152
0.882,-4.239
-0.12,-4.412
-0.19,-3.976
-0.34,-4.248
-1.072,-4.158
-1.151,-4.039
-1.62,-4.485
-1.746,-4.216
-2.62,-4.133
-2.797,-4.318
-3.041,-4.35
-3.121,-4.067
2.656,-4.341
2.735,-4.302
2.747,-4.271
2.266,-4.364
2.148,-4.194
1.992,-4.337
1.816,0.06
1.41,0.17
-0.051,0.068
-0.461,0.099
-0.7,0.072
-0.568,0.183
-0.804,0.143
-1.441,0.111
-2.033,0.184
-1.909,0.154
-2.358,0.126
2.755,-0.119
1.502,-0.495
-0.156,-2.798
2.037,-3.182
-0.672,-1.327
-0.973,-0.837
-1.178,-3.006
-1.86,-2.968
-1.942,-2.145
-2.396,-0.824
-2.859,-1.812
2.746,-0.43
2.677,-0.744
2.538,-0.624
2.431,-1.101
1.632,-2.918
-1.879,-2.075
-2.699,-1.58
2.756,-2.284
2.645,-2.537
0.517,-3.96
-0.91,-3.905
2.465,-0.279
2.05,-0.211
-0.183,2.385
-0.112,1.247
-0.139,2.525
-0.134,0.947
-0.274,1.583
-0.31,-0.737
-0.331,1.246
-0.264,0.306
-0.448,0.26
-0.349,1.339
-0.397,0.416
-0.616,0.402
-0.823,1.69
-0.737,2.919
-0.889,0.593
-0.906,-0.096
-0.846,1.594
-0.884,0.05
-1.038,0.222
-1.043,2.805
-1.202,0.973
-1.103,1.042
-1.257,3.044
-1.228,2.412
-1.405,2.296
-1.299,1.682
-1.504,2.838
-1.488,1.473
-1.615,0.004
-1.62,-0.06
-1.773,1.212
-1.665,-0.196
-1.83,1.402
-1.703,0.019
-1.76,2.88
-1.826,0.044
-1.807,-0.631
-1.985,2.381
-1.859,0.592
-1.926,1.514
-1.948,2.714
-1.952,-0.995
-2.104,0.36
-2.032,1.486
-2.15,1.955
-2.091,2.592
-2.278,2.564
-2.18,1.785
-2.297,-0.246
-2.306,1.511
-2.504,1.728
-2.509,1.051
-2.443,0.643
-2.46,0.203
-2.605,2.717
-2.508,0.198
-2.63,-0.893
-2.673,-0.79
-2.689,1.976
-2.822,1.943
-2.9,1.298
-2.885,1.002
-2.897,2.973
-3.124,2.165
-2.997,2.499
2.944,1.41
3.039,-0.073
2.913,-0.182
2.862,0.527
2.764,-0.956
2.706,-0.077
2.647,1.445
2.508,-0.176
2.483,-0.06
2.489,0.97
2.329,1.211
2.455,0.406
2.406,1.77
2.346,0.218
2.304,0.341
2.189,1.897
2.021,0.644
1.156,-1.274
1.174,-1.182
0.941,-1.269
-0.061,-1.442
-0.131,-1.006
-0.281,-1.278
-1.013,-1.188
-1.092,-1.069
-1.561,-1.515
-1.687,-1.246
-2.561,-1.163
-2.738,-1.348
-2.982,-1.38
-3.062,-1.097
2.715,-1.371
2.794,-1.332
2.806,-1.301
2.325,-1.394
2.207,-1.224
2.051,-1.367
1.875,3.03
1.469,3.14
0.008,3.038
-0.402,3.069
-0.641,3.042
-0.509,3.153
-0.745,3.113
-1.382,3.081
-1.974,3.154
-1.85,3.124
-2.299,3.096
2.814,2.851
1.561,2.475
-0.097,0.172
2.096,-0.212
-0.613,1.643
-0.914,2.133
-1.119,-0.036
-1.801,0.002
-1.883,0.825
-2.337,2.146
-2.8,1.158
2.805,2.54
2.736,2.226
2.597,2.346
2.49,1.869
1.691,0.052
-1.82,0.895
-2.64,1.39
2.815,0.686
2.704,0.433
0.576,-0.99
-0.851,-0.935
2.524,2.691
2.109,2.759
0.071,-1.138
0.044,0.14
0.049,-1.438
-0.091,-0.802
-0.127,-3.122
-0.148,-1.139
-0.081,-2.079
-0.265,-2.125
-0.166,-1.046
-0.214,-1.969
-0.433,-1.983
-0.64,-0.695
-0.554,0.534
-0.706,-1.792
-0.723,-2.481
-0.663,-0.791
-0.701,-2.335
-0.855,-2.163
-0.86,0.42
-1.019,-1.412
-0.92,-1.343
-1.074,0.659
-1.045,0.027
-1.222,-0.089
-1.116,-0.703
-1.321,0.453
-1.305,-0.912
-1.432,-2.381
-1.437,-2.445
-1.59,-1.173
-1.482,-2.581
-1.647,-0.983
-1.52,-2.366
-1.577,0.495
-1.643,-2.341
-1.624,-3.016
-1.802,-0.004
-1.676,-1.793
-1.743,-0.871
-1.765,0.329
-1.769,-3.38
-1.921,-2.025
-1.849,-0.899
-1.967,-0.43
-1.908,0.207
-2.095,0.179
-1.997,-0.6
-2.114,-2.631
-2.123,-0.874
-2.321,-0.657
-2.326,-1.334
-2.26,-1.742
-2.277,-2.182
-2.422,0.332
-2.325,-2.187
-2.447,-3.278
-2.49,-3.175
-2.506,-0.409
-2.639,-0.442
-2.717,-1.087
-2.702,-1.383
-2.714,0.588
-2.941,-0.22
-2.814,0.114
3.127,-0.975
-3.061,-2.458
3.096,-2.567
3.045,-1.858
2.947,-3.341
2.889,-2.462
2.83,-0.94
2.691,-2.561
2.666,-2.445
2.672,-1.415
2.512,-1.174
2.638,-1.979
2.589,-0.615
2.529,-2.167
2.487,-2.044
2.372,-0.488
2.204,-1.741
1.339,-3.659
1.357,-3.567
1.124,-3.654
0.122,-3.827
0.052,-3.391
-0.098,-3.663
-0.83,-3.573
-0.909,-3.454
-1.378,-3.9
-1.504,-3.631
-2.378,-3.548
-2.555,-3.733
-2.799,-3.765
-2.879,-3.482
2.898,-3.756
2.977,-3.717
2.989,-3.686
2.508,-3.779
2.39,-3.609
2.234,-3.752
2.058,0.645
1.652,0.755
0.191,0.653
-0.219,0.684
-0.458,0.657
-0.326,0.768
-0.562,0.728
-1.199,0.696
-1.791,0.769
-1.667,0.739
-2.116,0.711
2.997,0.466
1.744,0.09
0.086,-2.213
2.279,-2.597
-0.43,-0.742
-0.731,-0.252
-0.936,-2.421
-1.618,-2.383
-1.7,-1.56
-2.154,-0.239
-2.617,-1.227
2.988,0.155
2.919,-0.159
2.78,-0.039
2.673,-0.516
1.874,-2.333
-1.637,-1.49
-2.457,-0.995
2.998,-1.699
2.887,-1.952
0.759,-3.375
-0.668,-3.32
2.707,0.306
2.292,0.374
-0.027,1.278
-0.022,-0.3
-0.162,0.336
-0.198,-1.984
-0.219,-0.001
-0.152,-0.941
-0.336,-0.987
-0.237,0.092
-0.285,-0.831
-0.504,-0.845
-0.711,0.443
-0.625,1.672
-0.777,-0.654
-0.794,-1.343
-0.734,0.347
-0.772,-1.197
-0.926,-1.025
-0.931,1.558
-1.09,-0.274
-0.991,-0.205
-1.145,1.797
-1.116,1.165
-1.293,1.049
-1.187,0.435
-1.392,1.591
-1.376,0.226
-1.503,-1.243
-1.508,-1.307
-1.661,-0.035
-1.553,-1.443
-1.718,0.155
-1.591,-1.228
-1.648,1.633
-1.714,-1.203
-1.695,-1.878
-1.873,1.134
-1.747,-0.655
-1.814,0.267
-1.836,1.467
-1.84,-2.242
-1.992,-0.887
-1.92,0.239
-2.038,0.708
-1.979,1.345
-2.166,1.317
-2.068,0.538
-2.185,-1.493
-2.194,0.264
-2.392,0.481
-2.397,-0.196
-2.331,-0.604
-2.348,-1.044
-2.493,1.47
-2.396,-1.049
-2.518,-2.14
-2.561,-2.037
-2.577,0.729
-2.71,0.696
-2.788,0.051
-2.773,-0.245
-2.785,1.726
-3.012,0.918
-2.885,1.252
3.056,0.163
-3.132,-1.32
3.025,-1.429
2.974,-0.72
2.876,-2.203
2.818,-1.324
2.759,0.198
2.62,-1.423
2.595,-1.307
2.601,-0.277
2.441,-0.036
2.567,-0.841
2.518,0.523
2.458,-1.029
2.416,-0.906
2.301,0.65
2.133,-0.603
1.268,-2.521
1.286,-2.429
1.053,-2.516
0.051,-2.689
-0.019,-2.253
-0.169,-2.525
-0.901,-2.435
-0.98,-2.316
-1.449,-2.762
-1.575,-2.493
-2.449,-2.41
-2.626,-2.595
-2.87,-2.627
-2.95,-2.344
2.827,-2.618
2.906,-2.579
2.918,-2.548
2.437,-2.641
2.319,-2.471
2.163,-2.614
1.987,1.783
1.581,1.893
0.12,1.791
-0.29,1.822
-0.529,1.795
-0.397,1.906
-0.633,1.866
-1.27,1.834
-1.862,1.907
-1.738,1.877
-2.187,1.849
2.926,1.604
1.673,1.228
0.015,-1.075
2.208,-1.459
-0.501,0.396
-0.802,0.886
-1.007,-1.283
-1.689,-1.245
-1.771,-0.422
-2.225,0.899
-2.688,-0.089
2.917,1.293
2.848,0.979
2.709,1.099
2.602,0.622
1.803,-1.195
-1.708,-0.352
-2.528,0.143
2.927,-0.561
2.816,-0.814
0.688,-2.237
-0.739,-2.182
2.636,1.444
2.221,1.512
0.005,-1.578
-0.135,-0.942
-0.171,-3.262
-0.192,-1.279
-0.125,-2.219
-0.309,-2.265
-0.21,-1.186
-0.258,-2.109
-0.477,-2.123
-0.684,-0.835
-0.598,0.394
-0.75,-1.932
-0.767,-2.621
-0.707,-0.931
-0.745,-2.475
-0.899,-2.303
-0.904,0.28
-1.063,-1.552
-0.964,-1.483
-1.118,0.519
-1.089,-0.113
-1.266,-0.229
-1.16,-0.843
-1.365,0.313
-1.349,-1.052
-1.476,-2.521
-1.481,-2.585
-1.634,-1.313
-1.526,-2.721
-1.691,-1.123
-1.564,-2.506
-1.621,0.355
-1.687,-2.481
-1.668,-3.156
-1.846,-0.144
-1.72,-1.933
-1.787,-1.011
-1.809,0.189
-1.813,-3.52
-1.965,-2.165
-1.893,-1.039
-2.011,-0.57
-1.952,0.067
-2.139,0.039
-2.041,-0.74
-2.158,-2.771
-2.167,-1.014
-2.365,-0.797
-2.37,-1.474
-2.304,-1.882
-2.321,-2.322
-2.466,0.192
-2.369,-2.327
-2.491,-3.418
-2.534,-3.315
-2.55,-0.549
-2.683,-0.582
-2.761,-1.227
-2.746,-1.523
-2.758,0.448
-2.985,-0.36
-2.858,-0.026
3.083,-1.115
-3.105,-2.598
3.052,-2.707
3.001,-1.998
2.903,-3.481
2.845,-2.602
2.786,-1.08
2.647,-2.701
2.622,-2.585
2.628,-1.555
2.468,-1.314
2.594,-2.119
2.545,-0.755
2.485,-2.307
2.443,-2.184
2.328,-0.628
2.16,-1.881
1.295,-3.799
1.313,-3.707
1.08,-3.794
0.078,-3.967
0.008,-3.531
-0.142,-3.803
-0.874,-3.713
-0.953,-3.594
-1.422,-4.04
-1.548,-3.771
-2.422,-3.688
-2.599,-3.873
-2.843,-3.905
-2.923,-3.622
2.854,-3.896
2.933,-3.857
2.945,-3.826
2.464,-3.919
2.346,-3.749
2.19,-3.892
2.014,0.505
1.608,0.615
0.147,0.513
-0.263,0.544
-0.502,0.517
-0.37,0.628
-0.606,0.588
-1.243,0.556
-1.835,0.629
-1.711,0.599
-2.16,0.571
2.953,0.326
1.7,-0.05
0.042,-2.353
2.235,-2.737
-0.474,-0.882
-0.775,-0.392
-0.98,-2.561
-1.662,-2.523
-1.744,-1.7
-2.198,-0.379
-2.661,-1.367
2.944,0.015
2.875,-0.299
2.736,-0.179
2.629,-0.656
1.83,-2.473
-1.681,-1.63
-2.501,-1.135
2.954,-1.839
2.843,-2.092
0.715,-3.515
-0.712,-3.46
2.663,0.166
2.248,0.234
-0.14,0.636
-0.176,-1.684
-0.197,0.299
-0.13,-0.641
-0.314,-0.687
-0.215,0.392
-0.263,-0.531
-0.482,-0.545
-0.689,0.743
-0.603,1.972
-0.755,-0.354
-0.772,-1.043
-0.712,0.647
-0.75,-0.897
-0.904,-0.725
-0.909,1.858
-1.068,0.026
-0.969,0.095
-1.123,2.097
-1.094,1.465
-1.271,1.349
-1.165,0.735
-1.37,1.891
-1.354,0.526
-1.481,-0.943
-1.486,-1.007
-1.639,0.265
-1.531,-1.143
-1.696,0.455
-1.569,-0.928
-1.626,1.933
-1.692,-0.903
-1.673,-1.578
-1.851,1.434
-1.725,-0.355
-1.792,0.567
-1.814,1.767
-1.818,-1.942
-1.97,-0.587
-1.898,0.539
-2.016,1.008
-1.957,1.645
-2.144,1.617
-2.046,0.838
-2.163,-1.193
-2.172,0.564
-2.37,0.781
-2.375,0.104
-2.309,-0.304
-2.326,-0.744
-2.471,1.77
-2.374,-0.749
-2.496,-1.84
-2.539,-1.737
-2.555,1.029
-2.688,0.996
-2.766,0.351
-2.751,0.055
-2.763,2.026
-2.99,1.218
-2.863,1.552
3.078,0.463
-3.11,-1.02
3.047,-1.129
2.996,-0.42
2.898,-1.903
2.84,-1.024
2.781,0.498
2.642,-1.123
2.617,-1.007
2.623,0.023
2.463,0.264
2.589,-0.541
2.54,0.823
2.48,-0.729
2.438,-0.606
2.323,0.95
2.155,-0.303
1.29,-2.221
1.308,-2.129
1.075,-2.216
0.073,-2.389
0.003,-1.953
-0.147,-2.225
-0.879,-2.135
-0.958,-2.016
-1.427,-2.462
-1.553,-2.193
-2.427,-2.11
-2.604,-2.295
-2.848,-2.327
-2.928,-2.044
2.849,-2.318
2.928,-2.279
2.94,-2.248
2.459,-2.341
2.341,-2.171
2.185,-2.314
2.009,2.083
1.603,2.193
0.142,2.091
-0.268,2.122
-0.507,2.095
-0.375,2.206
-0.611,2.166
-1.248,2.134
-1.84,2.207
-1.716,2.177
-2.165,2.149
2.948,1.904
1.695,1.528
0.037,-0.775
2.23,-1.159
-0.479,0.696
-0.78,1.186
-0.985,-0.983
-1.667,-0.945
-1.749,-0.122
-2.203,1.199
-2.666,0.211
2.939,1.593
2.87,1.279
2.731,1.399
2.624,0.922
1.825,-0.895
-1.686,-0.052
-2.506,0.443
2.949,-0.261
2.838,-0.514
0.71,-1.937
-0.717,-1.882
2.658,1.744
2.243,1.812
-0.036,-2.32
-0.057,-0.337
0.01,-1.277
-0.174,-1.323
-0.075,-0.244
-0.123,-1.167
-0.342,-1.181
-0.549,0.107
-0.463,1.336
-0.615,-0.99
-0.632,-1.679
-0.572,0.011
-0.61,-1.533
-0.764,-1.361
-0.769,1.222
-0.928,-0.61
-0.829,-0.541
-0.983,1.461
-0.954,0.829
-1.131,0.713
-1.025,0.099
-1.23,1.255
-1.214,-0.11
-1.341,-1.579
-1.346,-1.643
-1.499,-0.371
-1.391,-1.779
-1.556,-0.181
-1.429,-1.564
-1.486,1.297
-1.552,-1.539
-1.533,-2.214
-1.711,0.798
-1.585,-0.991
-1.652,-0.069
-1.674,1.131
-1.678,-2.578
-1.83,-1.223
-1.758,-0.097
-1.876,0.372
-1.817,1.009
-2.004,0.981
-1.906,0.202
-2.023,-1.829
-2.032,-0.072
-2.23,0.145
-2.235,-0.532
-2.169,-0.94
-2.186,-1.38
-2.331,1.134
-2.234,-1.385
-2.356,-2.476
-2.399,-2.373
-2.415,0.393
-2.548,0.36
-2.626,-0.285
-2.611,-0.581
-2.623,1.39
-2.85,0.582
-2.723,0.916
-3.065,-0.173
-2.97,-1.656
-3.096,-1.765
3.136,-1.056
3.038,-2.539
2.98,-1.66
2.921,-0.138
2.782,-1.759
2.757,-1.643
2.763,-0.613
2.603,-0.372
2.729,-1.177
2.68,0.187
2.62,-1.365
2.578,-1.242
2.463,0.314
2.295,-0.939
1.43,-2.857
1.448,-2.765
1.215,-2.852
0.213,-3.025
0.143,-2.589
-0.007,-2.861
-0.739,-2.771
-0.818,-2.652
-1.287,-3.098
-1.413,-2.829
-2.287,-2.746
-2.464,-2.931
-2.708,-2.963
-2.788,-2.68
2.989,-2.954
3.068,-2.915
3.08,-2.884
2.599,-2.977
2.481,-2.807
2.325,-2.95
2.149,1.447
1.743,1.557
0.282,1.455
-0.128,1.486
-0.367,1.459
-0.235,1.57
-0.471,1.53
-1.108,1.498
-1.7,1.571
-1.576,1.541
-2.025,1.513
3.088,1.268
1.835,0.892
0.177,-1.411
2.37,-1.795
-0.339,0.06
-0.64,0.55
-0.845,-1.619
-1.527,-1.581
-1.609,-0.758
-2.063,0.563
-2.526,-0.425
3.079,0.957
3.01,0.643
2.871,0.763
2.764,0.286
1.965,-1.531
-1.546,-0.688
-2.366,-0.193
3.089,-0.897
2.978,-1.15
0.85,-2.573
-0.577,-2.518
2.798,1.108
2.383,1.176
-0.021,1.983
0.046,1.043
-0.138,0.997
-0.039,2.076
-0.087,1.153
-0.306,1.139
-0.513,2.427
-0.427,3.656
-0.579,1.33
-0.596,0.641
-0.536,2.331
-0.574,0.787
-0.728,0.959
-0.733,3.542
-0.892,1.71
-0.793,1.779
-0.947,3.781
-0.918,3.149
-1.095,3.033
-0.989,2.419
-1.194,3.575
-1.178,2.21
-1.305,0.741
-1.31,0.677
-1.463,1.949
-1.355,0.541
-1.52,2.139
-1.393,0.756
-1.45,3.617
-1.516,0.781
-1.497,0.106
-1.675,3.118
-1.549,1.329
-1.616,2.251
-1.638,3.451
-1.642,-0.258
-1.794,1.097
-1.722,2.223
-1.84,2.692
-1.781,3.329
-1.968,3.301
-1.87,2.522
-1.987,0.491
-1.996,2.248
-2.194,2.465
-2.199,1.788
-2.133,1.38
-2.15,0.94
-2.295,3.454
-2.198,0.935
-2.32,-0.156
-2.363,-0.053
-2.379,2.713
-2.512,2.68
-2.59,2.035
-2.575,1.739
-2.587,3.71
-2.814,2.902
-2.687,3.236
-3.029,2.147
-2.934,0.664
-3.06,0.555
-3.111,1.264
3.074,-0.219
3.016,0.66
2.957,2.182
2.818,0.561
2.793,0.677
2.799,1.707
2.639,1.948
2.765,1.143
2.716,2.507
2.656,0.955
2.614,1.078
2.499,2.634
2.331,1.381
1.466,-0.537
1.484,-0.445
1.251,-0.532
0.249,-0.705
0.179,-0.269
0.029,-0.541
-0.703,-0.451
-0.782,-0.332
-1.251,-0.778
-1.377,-0.509
-2.251,-0.426
-2.428,-0.611
-2.672,-0.643
-2.752,-0.36
3.025,-0.634
3.104,-0.595
3.116,-0.564
2.635,-0.657
2.517,-0.487
2.361,-0.63
2.185,3.767
1.779,3.877
0.318,3.775
-0.092,3.806
-0.331,3.779
-0.199,3.89
-0.435,3.85
-1.072,3.818
-1.664,3.891
-1.54,3.861
-1.989,3.833
3.124,3.588
1.871,3.212
0.213,0.909
2.406,0.525
-0.303,2.38
-0.604,2.87
-0.809,0.701
-1.491,0.739
-1.573,1.562
-2.027,2.883
-2.49,1.895
3.115,3.277
3.046,2.963
2.907,3.083
2.8,2.606
2.001,0.789
-1.51,1.632
-2.33,2.127
3.125,1.423
3.014,1.17
0.886,-0.253
-0.541,-0.198
2.834,3.428
2.419,3.496
0.067,-0.94
-0.117,-0.986
-0.018,0.093
-0.066,-0.83
-0.285,-0.844
-0.492,0.444
-0.406,1.673
-0.558,-0.653
-0.575,-1.342
-0.515,0.348
-0.553,-1.196
-0.707,-1.024
-0.712,1.559
-0.871,-0.273
-0.772,-0.204
-0.926,1.798
-0.897,1.166
-1.074,1.05
-0.968,0.436
-1.173,1.592
-1.157,0.227
-1.284,-1.242
-1.289,-1.306
-1.442,-0.034
-1.334,-1.442
-1.499,0.156
-1.372,-1.227
-1.429,1.634
-1.495,-1.202
-1.476,-1.877
-1.654,1.135
-1.528,-0.654
-1.595,0.268
-1.617,1.468
-1.621,-2.241
-1.773,-0.886
-1.701,0.24
-1.819,0.709
-1.76,1.346
-1.947,1.318
-1.849,0.539
-1.966,-1.492
-1.975,0.265
-2.173,0.482
-2.178,-0.195
-2.112,-0.603
-2.129,-1.043
-2.274,1.471
-2.177,-1.048
-2.299,-2.139
-2.342,-2.036
-2.358,0.73
-2.491,0.697
-2.569,0.052
-2.554,-0.244
-2.566,1.727
-2.793,0.919
-2.666,1.253
-3.008,0.164
-2.913,-1.319
-3.039,-1.428
-3.09,-0.719
3.095,-2.202
3.037,-1.323
2.978,0.199
2.839,-1.422
2.814,-1.306
2.82,-0.276
2.66,-0.035
2.786,-0.84
2.737,0.524
2.677,-1.028
2.635,-0.905
2.52,0.651
2.352,-0.602
1.487,-2.52
1.505,-2.428
1.272,-2.515
0.27,-2.688
0.2,-2.252
0.05,-2.524
-0.682,-2.434
-0.761,-2.315
-1.23,-2.761
-1.356,-2.492
-2.23,-2.409
-2.407,-2.594
-2.651,-2.626
-2.731,-2.343
3.046,-2.617
3.125,-2.578
3.137,-2.547
2.656,-2.64
2.538,-2.47
2.382,-2.613
2.206,1.784
1.8,1.894
0.339,1.792
-0.071,1.823
-0.31,1.796
-0.178,1.907
-0.414,1.867
-1.051,1.835
-1.643,1.908
-1.519,1.878
-1.968,1.85
-3.138,1.605
1.892,1.229
0.234,-1.074
2.427,-1.458
-0.282,0.397
-0.583,0.887
-0.788,-1.282
-1.47,-1.244
-1.552,-0.421
-2.006,0.9
-2.469,-0.088
3.136,1.294
3.067,0.98
2.928,1.1
2.821,0.623
2.022,-1.194
-1.489,-0.351
-2.309,0.144
-3.137,-0.56
3.035,-0.813
0.907,-2.236
-0.52,-2.181
2.855,1.445
2.44,1.513
-0.184,-0.046
-0.085,1.033
-0.133,0.11
-0.352,0.096
-0.559,1.384
-0.473,2.613
-0.625,0.287
-0.642,-0.402
-0.582,1.288
-0.62,-0.256
-0.774,-0.084
-0.779,2.499
-0.938,0.667
-0.839,0.736
-0.993,2.738
-0.964,2.106
-1.141,1.99
-1.035,1.376
-1.24,2.532
-1.224,1.167
-1.351,-0.302
-1.356,-0.366
-1.509,0.906
-1.401,-0.502
-1.566,1.096
-1.439,-0.287
-1.496,2.574
-1.562,-0.262
-1.543,-0.937
-1.721,2.075
-1.595,0.286
-1.662,1.208
-1.684,2.408
-1.688,-1.301
-1.84,0.054
-1.768,1.18
-1.886,1.649
-1.827,2.286
-2.014,2.258
-1.916,1.479
-2.033,-0.552
-2.042,1.205
-2.24,1.422
-2.245,0.745
-2.179,0.337
-2.196,-0.103
-2.341,2.411
-2.244,-0.108
-2.366,-1.199
-2.409,-1.096
-2.425,1.67
-2.558,1.637
-2.636,0.992
-2.621,0.696
-2.633,2.667
-2.86,1.859
-2.733,2.193
-3.075,1.104
-2.98,-0.379
-3.106,-0.488
3.126,0.221
3.028,-1.262
2.97,-0.383
2.911,1.139
2.772,-0.482
2.747,-0.366
2.753,0.664
2.593,0.905
2.719,0.1
2.67,1.464
2.61,-0.088
2.568,0.035
2.453,1.591
2.285,0.338
1.42,-1.58
1.438,-1.488
1.205,-1.575
0.203,-1.748
0.133,-1.312
-0.017,-1.584
-0.749,-1.494
-0.828,-1.375
-1.297,-1.821
-1.423,-1.552
-2.297,-1.469
-2.474,-1.654
-2.718,-1.686
-2.798,-1.403
2.979,-1.677
3.058,-1.638
3.07,-1.607
2.589,-1.7
2.471,-1.53
2.315,-1.673
2.139,2.724
1.733,2.834
0.272,2.732
-0.138,2.763
-0.377,2.736
-0.245,2.847
-0.481,2.807
-1.118,2.775
-1.71,2.848
-1.586,2.818
-2.035,2.79
3.078,2.545
1.825,2.169
0.167,-0.134
2.36,-0.518
-0.349,1.337
-0.65,1.827
-0.855,-0.342
-1.537,-0.304
-1.619,0.519
-2.073,1.84
-2.536,0.852
3.069,2.234
3.0,1.92
2.861,2.04
2.754,1.563
1.955,-0.254
-1.556,0.589
-2.376,1.084
3.079,0.38
2.968,0.127
0.84,-1.296
-0.587,-1.241
2.788,2.385
2.373,2.453
0.099,1.079
0.051,0.156
-0.168,0.142
-0.375,1.43
-0.289,2.659
-0.441,0.333
-0.458,-0.356
-0.398,1.334
-0.436,-0.21
-0.59,-0.038
-0.595,2.545
-0.754,0.713
-0.655,0.782
-0.809,2.784
-0.78,2.152
-0.957,2.036
-0.851,1.422
-1.056,2.578
-1.04,1.213
-1.167,-0.256
-1.172,-0.32
-1.325,0.952
-1.217,-0.456
-1.382,1.142
-1.255,-0.241
-1.312,2.62
-1.378,-0.216
-1.359,-0.891
-1.537,2.121
-1.411,0.332
-1.478,1.254
-1.5,2.454
-1.504,-1.255
-1.656,0.1
-1.584,1.226
-1.702,1.695
-1.643,2.332
-1.83,2.304
-1.732,1.525
-1.849,-0.506
-1.858,1.251
-2.056,1.468
-2.061,0.791
-1.995,0.383
-2.012,-0.057
-2.157,2.457
-2.06,-0.062
-2.182,-1.153
-2.225,-1.05
-2.241,1.716
-2.374,1.683
-2.452,1.038
-2.437,0.742
-2.449,2.713
-2.676,1.905
-2.549,2.239
-2.891,1.15
-2.796,-0.333
-2.922,-0.442
-2.973,0.267
-3.071,-1.216
-3.129,-0.337
3.095,1.185
2.956,-0.436
2.931,-0.32
2.937,0.71
2.777,0.951
2.903,0.146
2.854,1.51
2.794,-0.042
2.752,0.081
2.637,1.637
2.469,0.384
1.604,-1.534
1.622,-1.442
1.389,-1.529
0.387,-1.702
0.317,-1.266
0.167,-1.538
-0.565,-1.448
-0.644,-1.329
-1.113,-1.775
-1.239,-1.506
-2.113,-1.423
-2.29,-1.608
-2.534,-1.64
-2.614,-1.357
-3.12,-1.631
-3.041,-1.592
-3.029,-1.561
2.773,-1.654
2.655,-1.484
2.499,-1.627
2.323,2.77
1.917,2.88
0.456,2.778
0.046,2.809
-0.193,2.782
-0.061,2.893
-0.297,2.853
-0.934,2.821
-1.526,2.894
-1.402,2.864
-1.851,2.836
-3.021,2.591
2.009,2.215
0.351,-0.088
2.544,-0.472
-0.165,1.383
-0.466,1.873
-0.671,-0.296
-1.353,-0.258
-1.435,0.565
-1.889,1.886
-2.352,0.898
-3.03,2.28
-3.099,1.966
3.045,2.086
2.938,1.609
2.139,-0.208
-1.372,0.635
-2.192,1.13
-3.02,0.426
-3.131,0.173
1.024,-1.25
-0.403,-1.195
2.972,2.431
2.557,2.499
-0.048,-0.923
-0.267,-0.937
-0.474,0.351
-0.388,1.58
-0.54,-0.746
-0.557,-1.435
-0.497,0.255
-0.535,-1.289
-0.689,-1.117
-0.694,1.466
-0.853,-0.366
-0.754,-0.297
-0.908,1.705
-0.879,1.073
-1.056,0.957
-0.95,0.343
-1.155,1.499
-1.139,0.134
-1.266,-1.335
-1.271,-1.399
-1.424,-0.127
-1.316,-1.535
-1.481,0.063
-1.354,-1.32
-1.411,1.541
-1.477,-1.295
-1.458,-1.97
-1.636,1.042
-1.51,-0.747
-1.577,0.175
-1.599,1.375
-1.603,-2.334
-1.755,-0.979
-1.683,0.147
-1.801,0.616
-1.742,1.253
-1.929,1.225
-1.831,0.446
-1.948,-1.585
-1.957,0.172
-2.155,0.389
-2.16,-0.288
-2.094,-0.696
-2.111,-1.136
-2.256,1.378
-2.159,-1.141
-2.281,-2.232
-2.324,-2.129
-2.34,0.637
-2.473,0.604
-2.551,-0.041
-2.536,-0.337
-2.548,1.634
-2.775,0.826
-2.648,1.16
-2.99,0.071
-2.895,-1.412
-3.021,-1.521
-3.072,-0.812
3.113,-2.295
3.055,-1.416
2.996,0.106
2.857,-1.515
2.832,-1.399
2.838,-0.369
2.678,-0.128
2.804,-0.933
2.755,0.431
2.695,-1.121
2.653,-0.998
2.538,0.558
2.37,-0.695
1.505,-2.613
1.523,-2.521
1.29,-2.608
0.288,-2.781
0.218,-2.345
0.068,-2.617
-0.664,-2.527
-0.743,-2.408
-1.212,-2.854
-1.338,-2.585
-2.212,-2.502
-2.389,-2.687
-2.633,-2.719
-2.713,-2.436
3.064,-2.71
-3.14,-2.671
-3.128,-2.64
2.674,-2.733
2.556,-2.563
2.4,-2.706
2.224,1.691
1.818,1.801
0.357,1.699
-0.053,1.73
-0.292,1.703
-0.16,1.814
-0.396,1.774
-1.033,1.742
-1.625,1.815
-1.501,1.785
-1.95,1.757
-3.12,1.512
1.91,1.136
0.252,-1.167
2.445,-1.551
-0.264,0.304
-0.565,0.794
-0.77,-1.375
-1.452,-1.337
-1.534,-0.514
-1.988,0.807
-2.451,-0.181
-3.129,1.201
3.085,0.887
2.946,1.007
2.839,0.53
2.04,-1.287
-1.471,-0.444
-2.291,0.051
-3.119,-0.653
3.053,-0.906
0.925,-2.329
-0.502,-2.274
2.873,1.352
2.458,1.42
-0.219,-0.014
-0.426,1.274
-0.34,2.503
-0.492,0.177
-0.509,-0.512
-0.449,1.178
-0.487,-0.366
-0.641,-0.194
-0.646,2.389
-0.805,0.557
-0.706,0.626
-0.86,2.628
-0.831,1.996
-1.008,1.88
-0.902,1.266
-1.107,2.422
-1.091,1.057
-1.218,-0.412
-1.223,-0.476
-1.376,0.796
-1.268,-0.612
-1.433,0.986
-1.306,-0.397
-1.363,2.464
-1.429,-0.372
-1.41,-1.047
-1.588,1.965
-1.462,0.176
-1.529,1.098
-1.551,2.298
-1.555,-1.411
-1.707,-0.056
-1.635,1.07
-1.753,1.539
-1.694,2.176
-1.881,2.148
-1.783,1.369
-1.9,-0.662
-1.909,1.095
-2.107,1.312
-2.112,0.635
-2.046,0.227
-2.063,-0.213
-2.208,2.301
-2.111,-0.218
-2.233,-1.309
-2.276,-1.206
-2.292,1.56
-2.425,1.527
-2.503,0.882
-2.488,0.586
-2.5,2.557
-2.727,1.749
-2.6,2.083
-2.942,0.994
-2.847,-0.489
-2.973,-0.598
-3.024,0.111
-3.122,-1.372
3.103,-0.493
3.044,1.029
2.905,-0.592
2.88,-0.476
2.886,0.554
2.726,0.795
2.852,-0.01
2.803,1.354
2.743,-0.198
2.701,-0.075
2.586,1.481
2.418,0.228
1.553,-1.69
1.571,-1.598
1.338,-1.685
0.336,-1.858
0.266,-1.422
0.116,-1.694
-0.616,-1.604
-0.695,-1.485
-1.164,-1.931
-1.29,-1.662
-2.164,-1.579
-2.341,-1.764
-2.585,-1.796
-2.665,-1.513
3.112,-1.787
-3.092,-1.748
-3.08,-1.717
2.722,-1.81
2.604,-1.64
2.448,-1.783
2.272,2.614
1.866,2.724
0.405,2.622
-0.005,2.653
-0.244,2.626
-0.112,2.737
-0.348,2.697
-0.985,2.665
-1.577,2.738
-1.453,2.708
-1.902,2.68
-3.072,2.435
1.958,2.059
0.3,-0.244
2.493,-0.628
-0.216,1.227
-0.517,1.717
-0.722,-0.452
-1.404,-0.414
-1.486,0.409
-1.94,1.73
-2.403,0.742
-3.081,2.124
3.133,1.81
2.994,1.93
2.887,1.453
2.088,-0.364
-1.423,0.479
-2.243,0.974
-3.071,0.27
3.101,0.017
0.973,-1.406
-0.454,-1.351
2.921,2.275
2.506,2.343
-0.207,1.288
-0.121,2.517
-0.273,0.191
-0.29,-0.498
-0.23,1.192
-0.268,-0.352
-0.422,-0.18
-0.427,2.403
-0.586,0.571
-0.487,0.64
-0.641,2.642
-0.612,2.01
-0.789,1.894
-0.683,1.28
-0.888,2.436
-0.872,1.071
-0.999,-0.398
-1.004,-0.462
-1.157,0.81
-1.049,-0.598
-1.214,1.0
-1.087,-0.383
-1.144,2.478
-1.21,-0.358
-1.191,-1.033
-1.369,1.979
-1.243,0.19
-1.31,1.112
-1.332,2.312
-1.336,-1.397
-1.488,-0.042
-1.416,1.084
-1.534,1.553
-1.475,2.19
-1.662,2.162
-1.564,1.383
-1.681,-0.648
-1.69,1.109
-1.888,1.326
-1.893,0.649
-1.827,0.241
-1.844,-0.199
-1.989,2.315
-1.892,-0.204
-2.014,-1.295
-2.057,-1.192
-2.073,1.574
-2.206,1.541
-2.284,0.896
-2.269,0.6
-2.281,2.571
-2.508,1.763
-2.381,2.097
-2.723,1.008
-2.628,-0.475
-2.754,-0.584
-2.805,0.125
-2.903,-1.358
-2.961,-0.479
-3.02,1.043
3.124,-0.578
3.099,-0.462
3.105,0.568
2.945,0.809
3.071,0.004
3.022,1.368
2.962,-0.184
2.92,-0.061
2.805,1.495
2.637,0.242
1.772,-1.676
1.79,-1.584
1.557,-1.671
0.555,-1.844
0.485,-1.408
0.335,-1.68
-0.397,-1.59
-0.476,-1.471
-0.945,-1.917
-1.071,-1.648
-1.945,-1.565
-2.122,-1.75
-2.366,-1.782
-2.446,-1.499
-2.952,-1.773
-2.873,-1.734
-2.861,-1.703
2.941,-1.796
2.823,-1.626
2.667,-1.769
2.491,2.628
2.085,2.738
0.624,2.636
0.214,2.667
-0.025,2.64
0.107,2.751
-0.129,2.711
-0.766,2.679
-1.358,2.752
-1.234,2.722
-1.683,2.694
-2.853,2.449
2.177,2.073
0.519,-0.23
2.712,-0.614
0.003,1.241
-0.298,1.731
-0.503,-0.438
-1.185,-0.4
-1.267,0.423
-1.721,1.744
-2.184,0.756
-2.862,2.138
-2.931,1.824
-3.07,1.944
3.106,1.467
2.307,-0.35
-1.204,0.493
-2.024,0.988
-2.852,0.284
-2.963,0.031
1.192,-1.392
-0.235,-1.337
3.14,2.289
2.725,2.357
0.086,1.229
-0.066,-1.097
-0.083,-1.786
-0.023,-0.096
-0.061,-1.64
-0.215,-1.468
-0.22,1.115
-0.379,-0.717
-0.28,-0.648
-0.434,1.354
-0.405,0.722
-0.582,0.606
-0.476,-0.008
-0.681,1.148
-0.665,-0.217
-0.792,-1.686
-0.797,-1.75
-0.95,-0.478
-0.842,-1.886
-1.007,-0.288
-0.88,-1.671
-0.937,1.19
-1.003,-1.646
-0.984,-2.321
-1.162,0.691
-1.036,-1.098
-1.103,-0.176
-1.125,1.024
-1.129,-2.685
-1.281,-1.33
-1.209,-0.204
-1.327,0.265
-1.268,0.902
-1.455,0.874
-1.357,0.095
-1.474,-1.936
-1.483,-0.179
-1.681,0.038
-1.686,-0.639
-1.62,-1.047
-1.637,-1.487
-1.782,1.027
-1.685,-1.492
-1.807,-2.583
-1.85,-2.48
-1.866,0.286
-1.999,0.253
-2.077,-0.392
-2.062,-0.688
-2.074,1.283
-2.301,0.475
-2.174,0.809
-2.516,-0.28
-2.421,-1.763
-2.547,-1.872
-2.598,-1.163
-2.696,-2.646
-2.754,-1.767
-2.813,-0.245
-2.952,-1.866
-2.977,-1.75
-2.971,-0.72
-3.131,-0.479
-3.005,-1.284
-3.054,0.08
-3.114,-1.472
3.127,-1.349
3.012,0.207
2.844,-1.046
1.979,-2.964
1.997,-2.872
1.764,-2.959
0.762,-3.132
0.692,-2.696
0.542,-2.968
-0.19,-2.878
-0.269,-2.759
-0.738,-3.205
-0.864,-2.936
-1.738,-2.853
-1.915,-3.038
-2.159,-3.07
-2.239,-2.787
-2.745,-3.061
-2.666,-3.022
-2.654,-2.991
-3.135,-3.084
3.03,-2.914
2.874,-3.057
2.698,1.34
2.292,1.45
0.831,1.348
0.421,1.379
0.182,1.352
0.314,1.463
0.078,1.423
-0.559,1.391
-1.151,1.464
-1.027,1.434
-1.476,1.406
-2.646,1.161
2.384,0.785
0.726,-1.518
2.919,-1.902
0.21,-0.047
-0.091,0.443
-0.296,-1.726
-0.978,-1.688
-1.06,-0.865
-1.514,0.456
-1.977,-0.532
-2.655,0.85
-2.724,0.536
-2.863,0.656
-2.97,0.179
2.514,-1.638
-0.997,-0.795
-1.817,-0.3
-2.645,-1.004
-2.756,-1.257
1.399,-2.68
-0.028,-2.625
-2.936,1.001
2.932,1.069
-0.152,-2.326
-0.169,-3.015
-0.109,-1.325
-0.147,-2.869
-0.301,-2.697
-0.306,-0.114
-0.465,-1.946
-0.366,-1.877
-0.52,0.125
-0.491,-0.507
-0.668,-0.623
-0.562,-1.237
-0.767,-0.081
-0.751,-1.446
-0.878,-2.915
-0.883,-2.979
-1.036,-1.707
-0.928,-3.115
-1.093,-1.517
-0.966,-2.9
-1.023,-0.039
-1.089,-2.875
-1.07,-3.55
-1.248,-0.538
-1.122,-2.327
-1.189,-1.405
-1.211,-0.205
-1.215,-3.914
-1.367,-2.559
-1.295,-1.433
-1.413,-0.964
-1.354,-0.327
-1.541,-0.355
-1.443,-1.134
-1.56,-3.165
-1.569,-1.408
-1.767,-1.191
-1.772,-1.868
-1.706,-2.276
-1.723,-2.716
-1.868,-0.202
-1.771,-2.721
-1.893,-3.812
-1.936,-3.709
-1.952,-0.943
-2.085,-0.976
-2.163,-1.621
-2.148,-1.917
-2.16,0.054
-2.387,-0.754
-2.26,-0.42
-2.602,-1.509
-2.507,-2.992
-2.633,-3.101
-2.684,-2.392
-2.782,-3.875
-2.84,-2.996
-2.899,-1.474
-3.038,-3.095
-3.063,-2.979
-3.057,-1.949
3.066,-1.708
-3.091,-2.513
-3.14,-1.149
3.083,-2.701
3.041,-2.578
2.926,-1.022
2.758,-2.275
1.893,-4.193
1.911,-4.101
1.678,-4.188
0.676,-4.361
0.606,-3.925
0.456,-4.197
-0.276,-4.107
-0.355,-3.988
-0.824,-4.434
-0.95,-4.165
-1.824,-4.082
-2.001,-4.267
-2.245,-4.299
-2.325,-4.016
-2.831,-4.29
-2.752,-4.251
-2.74,-4.22
3.062,-4.313
2.944,-4.143
2.788,-4.286
2.612,0.111
2.206,0.221
0.745,0.119
0.335,0.15
0.096,0.123
0.228,0.234
-0.008,0.194
-0.645,0.162
-1.237,0.235
-1.113,0.205
-1.562,0.177
-2.732,-0.068
2.298,-0.444
0.64,-2.747
2.833,-3.131
0.124,-1.276
-0.177,-0.786
-0.382,-2.955
-1.064,-2.917
-1.146,-2.094
-1.6,-0.773
-2.063,-1.761
-2.741,-0.379
-2.81,-0.693
-2.949,-0.573
-3.056,-1.05
2.428,-2.867
-1.083,-2.024
-1.903,-1.529
-2.731,-2.233
-2.842,-2.486
1.313,-3.909
-0.114,-3.854
-3.022,-0.228
2.846,-0.16
-0.017,-0.689
0.043,1.001
0.005,-0.543
-0.149,-0.371
-0.154,2.212
-0.313,0.38
-0.214,0.449
-0.368,2.451
-0.339,1.819
-0.516,1.703
-0.41,1.089
-0.615,2.245
-0.599,0.88
-0.726,-0.589
-0.731,-0.653
-0.884,0.619
-0.776,-0.789
-0.941,0.809
-0.814,-0.574
-0.871,2.287
-0.937,-0.549
-0.918,-1.224
-1.096,1.788
-0.97,-0.001
-1.037,0.921
-1.059,2.121
-1.063,-1.588
-1.215,-0.233
-1.143,0.893
-1.261,1.362
-1.202,1.999
-1.389,1.971
-1.291,1.192
-1.408,-0.839
-1.417,0.918
-1.615,1.135
-1.62,0.458
-1.554,0.05
-1.571,-0.39
-1.716,2.124
-1.619,-0.395
-1.741,-1.486
-1.784,-1.383
-1.8,1.383
-1.933,1.35
-2.011,0.705
-1.996,0.409
-2.008,2.38
-2.235,1.572
-2.108,1.906
-2.45,0.817
-2.355,-0.666
-2.481,-0.775
-2.532,-0.066
-2.63,-1.549
-2.688,-0.67
-2.747,0.852
-2.886,-0.769
-2.911,-0.653
-2.905,0.377
-3.065,0.618
-2.939,-0.187
-2.988,1.177
-3.048,-0.375
-3.09,-0.252
3.078,1.304
2.91,0.051
2.045,-1.867
2.063,-1.775
1.83,-1.862
0.828,-2.035
0.758,-1.599
0.608,-1.871
-0.124,-1.781
-0.203,-1.662
-0.672,-2.108
-0.798,-1.839
-1.672,-1.756
-1.849,-1.941
-2.093,-1.973
-2.173,-1.69
-2.679,-1.964
-2.6,-1.925
-2.588,-1.894
-3.069,-1.987
3.096,-1.817
2.94,-1.96
2.764,2.437
2.358,2.547
0.897,2.445
0.487,2.476
0.248,2.449
0.38,2.56
0.144,2.52
-0.493,2.488
-1.085,2.561
-0.961,2.531
-1.41,2.503
-2.58,2.258
2.45,1.882
0.792,-0.421
2.985,-0.805
0.276,1.05
-0.025,1.54
-0.23,-0.629
-0.912,-0.591
-0.994,0.232
-1.448,1.553
-1.911,0.565
-2.589,1.947
-2.658,1.633
-2.797,1.753
-2.904,1.276
2.58,-0.541
-0.931,0.302
-1.751,0.797
-2.579,0.093
-2.69,-0.16
1.465,-1.583
0.038,-1.528
-2.87,2.098
2.998,2.166
0.06,1.69
0.022,0.146
-0.132,0.318
-0.137,2.901
-0.296,1.069
-0.197,1.138
-0.351,3.14
-0.322,2.508
-0.499,2.392
-0.393,1.778
-0.598,2.934
-0.582,1.569
-0.709,0.1
-0.714,0.036
-0.867,1.308
-0.759,-0.1
-0.924,1.498
-0.797,0.115
-0.854,2.976
-0.92,0.14
-0.901,-0.535
-1.079,2.477
-0.953,0.688
-1.02,1.61
-1.042,2.81
-1.046,-0.899
-1.198,0.456
-1.126,1.582
-1.244,2.051
-1.185,2.688
-1.372,2.66
-1.274,1.881
-1.391,-0.15
-1.4,1.607
-1.598,1.824
-1.603,1.147
-1.537,0.739
-1.554,0.299
-1.699,2.813
-1.602,0.294
-1.724,-0.797
-1.767,-0.694
-1.783,2.072
-1.916,2.039
-1.994,1.394
-1.979,1.098
-1.991,3.069
-2.218,2.261
-2.091,2.595
-2.433,1.506
-2.338,0.023
-2.464,-0.086
-2.515,0.623
-2.613,-0.86
-2.671,0.019
-2.73,1.541
-2.869,-0.08
-2.894,0.036
-2.888,1.066
-3.048,1.307
-2.922,0.502
-2.971,1.866
-3.031,0.314
-3.073,0.437
3.095,1.993
2.927,0.74
2.062,-1.178
2.08,-1.086
1.847,-1.173
0.845,-1.346
0.775,-0.91
0.625,-1.182
-0.107,-1.092
-0.186,-0.973
-0.655,-1.419
-0.781,-1.15
-1.655,-1.067
-1.832,-1.252
-2.076,-1.284
-2.156,-1.001
-2.662,-1.275
-2.583,-1.236
-2.571,-1.205
-3.052,-1.298
3.113,-1.128
2.957,-1.271
2.781,3.126
2.375,3.236
0.914,3.134
0.504,3.165
0.265,3.138
0.397,3.249
0.161,3.209
-0.476,3.177
-1.068,3.25
-0.944,3.22
-1.393,3.192
-2.563,2.947
2.467,2.571
0.809,0.268
3.002,-0.116
0.293,1.739
-0.008,2.229
-0.213,0.06
-0.895,0.098
-0.977,0.921
-1.431,2.242
-1.894,1.254
-2.572,2.636
-2.641,2.322
-2.78,2.442
-2.887,1.965
2.597,0.148
-0.914,0.991
-1.734,1.486
-2.562,0.782
-2.673,0.529
1.482,-0.894
0.055,-0.839
-2.853,2.787
3.015,2.855
-0.038,-1.544
-0.192,-1.372
-0.197,1.211
-0.356,-0.621
-0.257,-0.552
-0.411,1.45
-0.382,0.818
-0.559,0.702
-0.453,0.088
-0.658,1.244
-0.642,-0.121
-0.769,-1.59
-0.774,-1.654
-0.927,-0.382
-0.819,-1.79
-0.984,-0.192
-0.857,-1.575
-0.914,1.286
-0.98,-1.55
-0.961,-2.225
-1.139,0.787
-1.013,-1.002
-1.08,-0.08
-1.102,1.12
-1.106,-2.589
-1.258,-1.234
-1.186,-0.108
-1.304,0.361
-1.245,0.998
-1.432,0.97
-1.334,0.191
-1.451,-1.84
-1.46,-0.083
-1.658,0.134
-1.663,-0.543
-1.597,-0.951
-1.614,-1.391
-1.759,1.123
-1.662,-1.396
-1.784,-2.487
-1.827,-2.384
-1.843,0.382
-1.976,0.349
-2.054,-0.296
-2.039,-0.592
-2.051,1.379
-2.278,0.571
-2.151,0.905
-2.493,-0.184
-2.398,-1.667
-2.524,-1.776
-2.575,-1.067
-2.673,-2.55
-2.731,-1.671
-2.79,-0.149
-2.929,-1.77
-2.954,-1.654
-2.948,-0.624
-3.108,-0.383
-2.982,-1.188
-3.031,0.176
-3.091,-1.376
-3.133,-1.253
3.035,0.303
2.867,-0.95
2.002,-2.868
2.02,-2.776
1.787,-2.863
0.785,-3.036
0.715,-2.6
0.565,-2.872
-0.167,-2.782
-0.246,-2.663
-0.715,-3.109
-0.841,-2.84
-1.715,-2.757
-1.892,-2.942
-2.136,-2.974
-2.216,-2.691
-2.722,-2.965
-2.643,-2.926
-2.631,-2.895
-3.112,-2.988
3.053,-2.818
2.897,-2.961
2.721,1.436
2.315,1.546
0.854,1.444
0.444,1.475
0.205,1.448
0.337,1.559
0.101,1.519
-0.536,1.487
-1.128,1.56
-1.004,1.53
-1.453,1.502
-2.623,1.257
2.407,0.881
0.749,-1.422
2.942,-1.806
0.233,0.049
-0.068,0.539
-0.273,-1.63
-0.955,-1.592
-1.037,-0.769
-1.491,0.552
-1.954,-0.436
-2.632,0.946
-2.701,0.632
-2.84,0.752
-2.947,0.275
2.537,-1.542
-0.974,-0.699
-1.794,-0.204
-2.622,-0.908
-2.733,-1.161
1.422,-2.584
-0.005,-2.529
-2.913,1.097
2.955,1.165
-0.154,0.172
-0.159,2.755
-0.318,0.923
-0.219,0.992
-0.373,2.994
-0.344,2.362
-0.521,2.246
-0.415,1.632
-0.62,2.788
-0.604,1.423
-0.731,-0.046
-0.736,-0.11
-0.889,1.162
-0.781,-0.246
-0.946,1.352
-0.819,-0.031
-0.876,2.83
-0.942,-0.006
-0.923,-0.681
-1.101,2.331
-0.975,0.542
-1.042,1.464
-1.064,2.664
-1.068,-1.045
-1.22,0.31
-1.148,1.436
-1.266,1.905
-1.207,2.542
-1.394,2.514
-1.296,1.735
-1.413,-0.296
-1.422,1.461
-1.62,1.678
-1.625,1.001
-1.559,0.593
-1.576,0.153
-1.721,2.667
-1.624,0.148
-1.746,-0.943
-1.789,-0.84
-1.805,1.926
-1.938,1.893
-2.016,1.248
-2.001,0.952
-2.013,2.923
-2.24,2.115
-2.113,2.449
-2.455,1.36
-2.36,-0.123
-2.486,-0.232
-2.537,0.477
-2.635,-1.006
-2.693,-0.127
-2.752,1.395
-2.891,-0.226
-2.916,-0.11
-2.91,0.92
-3.07,1.161
-2.944,0.356
-2.993,1.72
-3.053,0.168
-3.095,0.291
3.073,1.847
2.905,0.594
2.04,-1.324
2.058,-1.232
1.825,-1.319
0.823,-1.492
0.753,-1.056
0.603,-1.328
-0.129,-1.238
-0.208,-1.119
-0.677,-1.565
-0.803,-1.296
-1.677,-1.213
-1.854,-1.398
-2.098,-1.43
-2.178,-1.147
-2.684,-1.421
-2.605,-1.382
-2.593,-1.351
-3.074,-1.444
3.091,-1.274
2.935,-1.417
2.759,2.98
2.353,3.09
0.892,2.988
0.482,3.019
0.243,2.992
0.375,3.103
0.139,3.063
-0.498,3.031
-1.09,3.104
-0.966,3.074
-1.415,3.046
-2.585,2.801
2.445,2.425
0.787,0.122
2.98,-0.262
0.271,1.593
-0.03,2.083
-0.235,-0.086
-0.917,-0.048
-0.999,0.775
-1.453,2.096
-1.916,1.108
-2.594,2.49
-2.663,2.176
-2.802,2.296
-2.909,1.819
2.575,0.002
-0.936,0.845
-1.756,1.34
-2.584,0.636
-2.695,0.383
1.46,-1.04
0.033,-0.985
-2.875,2.641
2.993,2.709
-0.005,2.583
-0.164,0.751
-0.065,0.82
-0.219,2.822
-0.19,2.19
-0.367,2.074
-0.261,1.46
-0.466,2.616
-0.45,1.251
-0.577,-0.218
-0.582,-0.282
-0.735,0.99
-0.627,-0.418
-0.792,1.18
-0.665,-0.203
-0.722,2.658
-0.788,-0.178
-0.769,-0.853
-0.947,2.159
-0.821,0.37
-0.888,1.292
-0.91,2.492
-0.914,-1.217
-1.066,0.138
-0.994,1.264
-1.112,1.733
-1.053,2.37
-1.24,2.342
-1.142,1.563
-1.259,-0.468
-1.268,1.289
-1.466,1.506
-1.471,0.829
-1.405,0.421
-1.422,-0.019
-1.567,2.495
-1.47,-0.024
-1.592,-1.115
-1.635,-1.012
-1.651,1.754
-1.784,1.721
-1.862,1.076
-1.847,0.78
-1.859,2.751
-2.086,1.943
-1.959,2.277
-2.301,1.188
-2.206,-0.295
-2.332,-0.404
-2.383,0.305
-2.481,-1.178
-2.539,-0.299
-2.598,1.223
-2.737,-0.398
-2.762,-0.282
-2.756,0.748
-2.916,0.989
-2.79,0.184
-2.839,1.548
-2.899,-0.004
-2.941,0.119
-3.056,1.675
3.059,0.422
2.194,-1.496
2.212,-1.404
1.979,-1.491
0.977,-1.664
0.907,-1.228
0.757,-1.5
0.025,-1.41
-0.054,-1.291
-0.523,-1.737
-0.649,-1.468
-1.523,-1.385
-1.7,-1.57
-1.944,-1.602
-2.024,-1.319
-2.53,-1.593
-2.451,-1.554
-2.439,-1.523
-2.92,-1.616
-3.038,-1.446
3.089,-1.589
2.913,2.808
2.507,2.918
1.046,2.816
0.636,2.847
0.397,2.82
0.529,2.931
0.293,2.891
-0.344,2.859
-0.936,2.932
-0.812,2.902
-1.261,2.874
-2.431,2.629
2.599,2.253
0.941,-0.05
3.134,-0.434
0.425,1.421
0.124,1.911
-0.081,-0.258
-0.763,-0.22
-0.845,0.603
-1.299,1.924
-1.762,0.936
-2.44,2.318
-2.509,2.004
-2.648,2.124
-2.755,1.647
2.729,-0.17
-0.782,0.673
-1.602,1.168
-2.43,0.464
-2.541,0.211
1.614,-1.212
0.187,-1.157
-2.721,2.469
-3.136,2.537
-0.159,-1.832
-0.06,-1.763
-0.214,0.239
-0.185,-0.393
-0.362,-0.509
-0.256,-1.123
-0.461,0.033
-0.445,-1.332
-0.572,-2.801
-0.577,-2.865
-0.73,-1.593
-0.622,-3.001
-0.787,-1.403
-0.66,-2.786
-0.717,0.075
-0.783,-2.761
-0.764,-3.436
-0.942,-0.424
-0.816,-2.213
-0.883,-1.291
-0.905,-0.091
-0.909,-3.8
-1.061,-2.445
-0.989,-1.319
-1.107,-0.85
-1.048,-0.213
-1.235,-0.241
-1.137,-1.02
-1.254,-3.051
-1.263,-1.294
-1.461,-1.077
-1.466,-1.754
-1.4,-2.162
-1.417,-2.602
-1.562,-0.088
-1.465,-2.607
-1.587,-3.698
-1.63,-3.595
-1.646,-0.829
-1.779,-0.862
-1.857,-1.507
-1.842,-1.803
-1.854,0.168
-2.081,-0.64
-1.954,-0.306
-2.296,-1.395
-2.201,-2.878
-2.327,-2.987
-2.378,-2.278
-2.476,-3.761
-2.534,-2.882
-2.593,-1.36
-2.732,-2.981
-2.757,-2.865
-2.751,-1.835
-2.911,-1.594
-2.785,-2.399
-2.834,-1.035
-2.894,-2.587
-2.936,-2.464
-3.051,-0.908
3.064,-2.161
2.199,-4.079
2.217,-3.987
1.984,-4.074
0.982,-4.247
0.912,-3.811
0.762,-4.083
0.03,-3.993
-0.049,-3.874
-0.518,-4.32
-0.644,-4.051
-1.518,-3.968
-1.695,-4.153
-1.939,-4.185
-2.019,-3.902
-2.525,-4.176
-2.446,-4.137
-2.434,-4.106
-2.915,-4.199
-3.033,-4.029
3.094,-4.172
2.918,0.225
2.512,0.335
1.051,0.233
0.641,0.264
0.402,0.237
0.534,0.348
0.298,0.308
-0.339,0.276
-0.931,0.349
-0.807,0.319
-1.256,0.291
-2.426,0.046
2.604,-0.33
0.946,-2.633
3.139,-3.017
0.43,-1.162
0.129,-0.672
-0.076,-2.841
-0.758,-2.803
-0.84,-1.98
-1.294,-0.659
-1.757,-1.647
-2.435,-0.265
-2.504,-0.579
-2.643,-0.459
-2.75,-0.936
2.734,-2.753
-0.777,-1.91
-1.597,-1.415
-2.425,-2.119
-2.536,-2.372
1.619,-3.795
0.192,-3.74
-2.716,-0.114
-3.131,-0.046
0.099,0.069
-0.055,2.071
-0.026,1.439
-0.203,1.323
-0.097,0.709
-0.302,1.865
-0.286,0.5
-0.413,-0.969
-0.418,-1.033
-0.571,0.239
-0.463,-1.169
-0.628,0.429
-0.501,-0.954
-0.558,1.907
-0.624,-0.929
-0.605,-1.604
-0.783,1.408
-0.657,-0.381
-0.724,0.541
-0.746,1.741
-0.75,-1.968
-0.902,-0.613
-0.83,0.513
-0.948,0.982
-0.889,1.619
-1.076,1.591
-0.978,0.812
-1.095,-1.219
-1.104,0.538
-1.302,0.755
-1.307,0.078
-1.241,-0.33
-1.258,-0.77
-1.403,1.744
-1.306,-0.775
-1.428,-1.866
-1.471,-1.763
-1.487,1.003
-1.62,0.97
-1.698,0.325
-1.683,0.029
-1.695,2.0
-1.922,1.192
-1.795,1.526
-2.137,0.437
-2.042,-1.046
-2.168,-1.155
-2.219,-0.446
-2.317,-1.929
-2.375,-1.05
-2.434,0.472
-2.573,-1.149
-2.598,-1.033
-2.592,-0.003
-2.752,0.238
-2.626,-0.567
-2.675,0.797
-2.735,-0.755
-2.777,-0.632
-2.892,0.924
-3.06,-0.329
2.358,-2.247
2.376,-2.155
2.143,-2.242
1.141,-2.415
1.071,-1.979
0.921,-2.251
0.189,-2.161
0.11,-2.042
-0.359,-2.488
-0.485,-2.219
-1.359,-2.136
-1.536,-2.321
-1.78,-2.353
-1.86,-2.07
-2.366,-2.344
-2.287,-2.305
-2.275,-2.274
-2.756,-2.367
-2.874,-2.197
-3.03,-2.34
3.077,2.057
2.671,2.167
1.21,2.065
0.8,2.096
0.561,2.069
0.693,2.18
0.457,2.14
-0.18,2.108
-0.772,2.181
-0.648,2.151
-1.097,2.123
-2.267,1.878
2.763,1.502
1.105,-0.801
-2.985,-1.185
0.589,0.67
0.288,1.16
0.083,-1.009
-0.599,-0.971
-0.681,-0.148
-1.135,1.173
-1.598,0.185
-2.276,1.567
-2.345,1.253
-2.484,1.373
-2.591,0.896
2.893,-0.921
-0.618,-0.078
-1.438,0.417
-2.266,-0.287
-2.377,-0.54
1.778,-1.963
0.351,-1.908
-2.557,1.718
-2.972,1.786
-0.154,2.002
-0.125,1.37
-0.302,1.254
-0.196,0.64
-0.401,1.796
-0.385,0.431
-0.512,-1.038
-0.517,-1.102
-0.67,0.17
-0.562,-1.238
-0.727,0.36
-0.6,-1.023
-0.657,1.838
-0.723,-0.998
-0.704,-1.673
-0.882,1.339
-0.756,-0.45
-0.823,0.472
-0.845,1.672
-0.849,-2.037
-1.001,-0.682
-0.929,0.444
-1.047,0.913
-0.988,1.55
-1.175,1.522
-1.077,0.743
-1.194,-1.288
-1.203,0.469
-1.401,0.686
-1.406,0.009
-1.34,-0.399
-1.357,-0.839
-1.502,1.675
-1.405,-0.844
-1.527,-1.935
-1.57,-1.832
-1.586,0.934
-1.719,0.901
-1.797,0.256
-1.782,-0.04
-1.794,1.931
-2.021,1.123
-1.894,1.457
-2.236,0.368
-2.141,-1.115
-2.267,-1.224
-2.318,-0.515
-2.416,-1.998
-2.474,-1.119
-2.533,0.403
-2.672,-1.218
-2.697,-1.102
-2.691,-0.072
-2.851,0.169
-2.725,-0.636
-2.774,0.728
-2.834,-0.824
-2.876,-0.701
-2.991,0.855
3.124,-0.398
2.259,-2.316
2.277,-2.224
2.044,-2.311
1.042,-2.484
0.972,-2.048
0.822,-2.32
0.09,-2.23
0.011,-2.111
-0.458,-2.557
-0.584,-2.288
-1.458,-2.205
-1.635,-2.39
-1.879,-2.422
-1.959,-2.139
-2.465,-2.413
-2.386,-2.374
-2.374,-2.343
-2.855,-2.436
-2.973,-2.266
-3.129,-2.409
2.978,1.988
2.572,2.098
1.111,1.996
0.701,2.027
0.462,2.0
0.594,2.111
0.358,2.071
-0.279,2.039
-0.871,2.112
-0.747,2.082
-1.196,2.054
-2.366,1.809
2.664,1.433
1.006,-0.87
-3.084,-1.254
0.49,0.601
0.189,1.091
-0.016,-1.078
-0.698,-1.04
-0.78,-0.217
-1.234,1.104
-1.697,0.116
-2.375,1.498
-2.444,1.184
-2.583,1.304
-2.69,0.827
2.794,-0.99
-0.717,-0.147
-1.537,0.348
-2.365,-0.356
-2.476,-0.609
1.679,-2.032
0.252,-1.977
-2.656,1.649
-3.071,1.717
0.029,-0.632
-0.148,-0.748
-0.042,-1.362
-0.247,-0.206
-0.231,-1.571
-0.358,-3.04
-0.363,-3.104
-0.516,-1.832
-0.408,-3.24
-0.573,-1.642
-0.446,-3.025
-0.503,-0.164
-0.569,-3.0
-0.55,-3.675
-0.728,-0.663
-0.602,-2.452
-0.669,-1.53
-0.691,-0.33
-0.695,-4.039
-0.847,-2.684
-0.775,-1.558
-0.893,-1.089
-0.834,-0.452
-1.021,-0.48
-0.923,-1.259
-1.04,-3.29
-1.049,-1.533
-1.247,-1.316
-1.252,-1.993
-1.186,-2.401
-1.203,-2.841
-1.348,-0.327
-1.251,-2.846
-1.373,-3.937
-1.416,-3.834
-1.432,-1.068
-1.565,-1.101
-1.643,-1.746
-1.628,-2.042
-1.64,-0.071
-1.867,-0.879
-1.74,-0.545
-2.082,-1.634
-1.987,-3.117
-2.113,-3.226
-2.164,-2.517
-2.262,-4.0
-2.32,-3.121
-2.379,-1.599
-2.518,-3.22
-2.543,-3.104
-2.537,-2.074
-2.697,-1.833
-2.571,-2.638
-2.62,-1.274
-2.68,-2.826
-2.722,-2.703
-2.837,-1.147
-3.005,-2.4
2.413,-4.318
2.431,-4.226
2.198,-4.313
1.196,-4.486
1.126,-4.05
0.976,-4.322
0.244,-4.232
0.165,-4.113
-0.304,-4.559
-0.43,-4.29
-1.304,-4.207
-1.481,-4.392
-1.725,-4.424
-1.805,-4.141
-2.311,-4.415
-2.232,-4.376
-2.22,-4.345
-2.701,-4.438
-2.819,-4.268
-2.975,-4.411
3.132,-0.014
2.726,0.096
1.265,-0.006
0.855,0.025
0.616,-0.002
0.748,0.109
0.512,0.069
-0.125,0.037
-0.717,0.11
-0.593,0.08
-1.042,0.052
-2.212,-0.193
2.818,-0.569
1.16,-2.872
-2.93,-3.256
0.644,-1.401
0.343,-0.911
0.138,-3.08
-0.544,-3.042
-0.626,-2.219
-1.08,-0.898
-1.543,-1.886
-2.221,-0.504
-2.29,-0.818
-2.429,-0.698
-2.536,-1.175
2.948,-2.992
-0.563,-2.149
-1.383,-1.654
-2.211,-2.358
-2.322,-2.611
1.833,-4.034
0.406,-3.979
-2.502,-0.353
-2.917,-0.285
-0.177,-0.116
-0.071,-0.73
-0.276,0.426
-0.26,-0.939
-0.387,-2.408
-0.392,-2.472
-0.545,-1.2
-0.437,-2.608
-0.602,-1.01
-0.475,-2.393
-0.532,0.468
-0.598,-2.368
-0.579,-3.043
-0.757,-0.031
-0.631,-1.82
-0.698,-0.898
-0.72,0.302
-0.724,-3.407
-0.876,-2.052
-0.804,-0.926
-0.922,-0.457
-0.863,0.18
-1.05,0.152
-0.952,-0.627
-1.069,-2.658
-1.078,-0.901
-1.276,-0.684
-1.281,-1.361
-1.215,-1.769
-1.232,-2.209
-1.377,0.305
-1.28,-2.214
-1.402,-3.305
-1.445,-3.202
-1.461,-0.436
-1.594,-0.469
-1.672,-1.114
-1.657,-1.41
-1.669,0.561
-1.896,-0.247
-1.769,0.087
-2.111,-1.002
-2.016,-2.485
-2.142,-2.594
-2.193,-1.885
-2.291,-3.368
-2.349,-2.489
-2.408,-0.967
-2.547,-2.588
-2.572,-2.472
-2.566,-1.442
-2.726,-1.201
-2.6,-2.006
-2.649,-0.642
-2.709,-2.194
-2.751,-2.071
-2.866,-0.515
-3.034,-1.768
2.384,-3.686
2.402,-3.594
2.169,-3.681
1.167,-3.854
1.097,-3.418
0.947,-3.69
0.215,-3.6
0.136,-3.481
-0.333,-3.927
-0.459,-3.658
-1.333,-3.575
-1.51,-3.76
-1.754,-3.792
-1.834,-3.509
-2.34,-3.783
-2.261,-3.744
-2.249,-3.713
-2.73,-3.806
-2.848,-3.636
-3.004,-3.779
3.103,0.618
2.697,0.728
1.236,0.626
0.826,0.657
0.587,0.63
0.719,0.741
0.483,0.701
-0.154,0.669
-0.746,0.742
-0.622,0.712
-1.071,0.684
-2.241,0.439
2.789,0.063
1.131,-2.24
-2.959,-2.624
0.615,-0.769
0.314,-0.279
0.109,-2.448
-0.573,-2.41
-0.655,-1.587
-1.109,-0.266
-1.572,-1.254
-2.25,0.128
-2.319,-0.186
-2.458,-0.066
-2.565,-0.543
2.919,-2.36
-0.592,-1.517
-1.412,-1.022
-2.24,-1.726
-2.351,-1.979
1.804,-3.402
0.377,-3.347
-2.531,0.279
-2.946,0.347
0.106,-0.614
-0.099,0.542
-0.083,-0.823
-0.21,-2.292
-0.215,-2.356
-0.368,-1.084
-0.26,-2.492
-0.425,-0.894
-0.298,-2.277
-0.355,0.584
-0.421,-2.252
-0.402,-2.927
-0.58,0.085
-0.454,-1.704
-0.521,-0.782
-0.543,0.418
-0.547,-3.291
-0.699,-1.936
-0.627,-0.81
-0.745,-0.341
-0.686,0.296
-0.873,0.268
-0.775,-0.511
-0.892,-2.542
-0.901,-0.785
-1.099,-0.568
-1.104,-1.245
-1.038,-1.653
-1.055,-2.093
-1.2,0.421
-1.103,-2.098
-1.225,-3.189
-1.268,-3.086
-1.284,-0.32
-1.417,-0.353
-1.495,-0.998
-1.48,-1.294
-1.492,0.677
-1.719,-0.131
-1.592,0.203
-1.934,-0.886
-1.839,-2.369
-1.965,-2.478
-2.016,-1.769
-2.114,-3.252
-2.172,-2.373
-2.231,-0.851
-2.37,-2.472
-2.395,-2.356
-2.389,-1.326
-2.549,-1.085
-2.423,-1.89
-2.472,-0.526
-2.532,-2.078
-2.574,-1.955
-2.689,-0.399
-2.857,-1.652
2.561,-3.57
2.579,-3.478
2.346,-3.565
1.344,-3.738
1.274,-3.302
1.124,-3.574
0.392,-3.484
0.313,-3.365
-0.156,-3.811
-0.282,-3.542
-1.156,-3.459
-1.333,-3.644
-1.577,-3.676
-1.657,-3.393
-2.163,-3.667
-2.084,-3.628
-2.072,-3.597
-2.553,-3.69
-2.671,-3.52
-2.827,-3.663
-3.003,0.734
2.874,0.844
1.413,0.742
1.003,0.773
0.764,0.746
0.896,0.857
0.66,0.817
0.023,0.785
-0.569,0.858
-0.445,0.828
-0.894,0.8
-2.064,0.555
2.966,0.179
1.308,-2.124
-2.782,-2.508
0.792,-0.653
0.491,-0.163
0.286,-2.332
-0.396,-2.294
-0.478,-1.471
-0.932,-0.15
-1.395,-1.138
-2.073,0.244
-2.142,-0.07
-2.281,0.05
-2.388,-0.427
3.096,-2.244
-0.415,-1.401
-1.235,-0.906
-2.063,-1.61
-2.174,-1.863
1.981,-3.286
0.554,-3.231
-2.354,0.395
-2.769,0.463
-0.205,1.156
-0.189,-0.209
-0.316,-1.678
-0.321,-1.742
-0.474,-0.47
-0.366,-1.878
-0.531,-0.28
-0.404,-1.663
-0.461,1.198
-0.527,-1.638
-0.508,-2.313
-0.686,0.699
-0.56,-1.09
-0.627,-0.168
-0.649,1.032
-0.653,-2.677
-0.805,-1.322
-0.733,-0.196
-0.851,0.273
-0.792,0.91
-0.979,0.882
-0.881,0.103
-0.998,-1.928
-1.007,-0.171
-1.205,0.046
-1.21,-0.631
-1.144,-1.039
-1.161,-1.479
-1.306,1.035
-1.209,-1.484
-1.331,-2.575
-1.374,-2.472
-1.39,0.294
-1.523,0.261
-1.601,-0.384
-1.586,-0.68
-1.598,1.291
-1.825,0.483
-1.698,0.817
-2.04,-0.272
-1.945,-1.755
-2.071,-1.864
-2.122,-1.155
-2.22,-2.638
-2.278,-1.759
-2.337,-0.237
-2.476,-1.858
-2.501,-1.742
-2.495,-0.712
-2.655,-0.471
-2.529,-1.276
-2.578,0.088
-2.638,-1.464
-2.68,-1.341
-2.795,0.215
-2.963,-1.038
2.455,-2.956
2.473,-2.864
2.24,-2.951
1.238,-3.124
1.168,-2.688
1.018,-2.96
0.286,-2.87
0.207,-2.751
-0.262,-3.197
-0.388,-2.928
-1.262,-2.845
-1.439,-3.03
-1.683,-3.062
-1.763,-2.779
-2.269,-3.053
-2.19,-3.014
-2.178,-2.983
-2.659,-3.076
-2.777,-2.906
-2.933,-3.049
-3.109,1.348
2.768,1.458
1.307,1.356
0.897,1.387
0.658,1.36
0.79,1.471
0.554,1.431
-0.083,1.399
-0.675,1.472
-0.551,1.442
-1.0,1.414
-2.17,1.169
2.86,0.793
1.202,-1.51
-2.888,-1.894
0.686,-0.039
0.385,0.451
0.18,-1.718
-0.502,-1.68
-0.584,-0.857
-1.038,0.464
-1.501,-0.524
-2.179,0.858
-2.248,0.544
-2.387,0.664
-2.494,0.187
2.99,-1.63
-0.521,-0.787
-1.341,-0.292
-2.169,-0.996
-2.28,-1.249
1.875,-2.672
0.448,-2.617
-2.46,1.009
-2.875,1.077
0.016,-1.365
-0.111,-2.834
-0.116,-2.898
-0.269,-1.626
-0.161,-3.034
-0.326,-1.436
-0.199,-2.819
-0.256,0.042
-0.322,-2.794
-0.303,-3.469
-0.481,-0.457
-0.355,-2.246
-0.422,-1.324
-0.444,-0.124
-0.448,-3.833
-0.6,-2.478
-0.528,-1.352
-0.646,-0.883
-0.587,-0.246
-0.774,-0.274
-0.676,-1.053
-0.793,-3.084
-0.802,-1.327
-1.0,-1.11
-1.005,-1.787
-0.939,-2.195
-0.956,-2.635
-1.101,-0.121
-1.004,-2.64
-1.126,-3.731
-1.169,-3.628
-1.185,-0.862
-1.318,-0.895
-1.396,-1.54
-1.381,-1.836
-1.393,0.135
-1.62,-0.673
-1.493,-0.339
-1.835,-1.428
-1.74,-2.911
-1.866,-3.02
-1.917,-2.311
-2.015,-3.794
-2.073,-2.915
-2.132,-1.393
-2.271,-3.014
-2.296,-2.898
-2.29,-1.868
-2.45,-1.627
-2.324,-2.432
-2.373,-1.068
-2.433,-2.62
-2.475,-2.497
-2.59,-0.941
-2.758,-2.194
2.66,-4.112
2.678,-4.02
2.445,-4.107
1.443,-4.28
1.373,-3.844
1.223,-4.116
0.491,-4.026
0.412,-3.907
-0.057,-4.353
-0.183,-4.084
-1.057,-4.001
-1.234,-4.186
-1.478,-4.218
-1.558,-3.935
-2.064,-4.209
-1.985,-4.17
-1.973,-4.139
-2.454,-4.232
-2.572,-4.062
-2.728,-4.205
-2.904,0.192
2.973,0.302
1.512,0.2
1.102,0.231
0.863,0.204
0.995,0.315
0.759,0.275
0.122,0.243
-0.47,0.316
-0.346,0.286
-0.795,0.258
-1.965,0.013
3.065,-0.363
1.407,-2.666
-2.683,-3.05
0.891,-1.195
0.59,-0.705
0.385,-2.874
-0.297,-2.836
-0.379,-2.013
-0.833,-0.692
-1.296,-1.68
-1.974,-0.298
-2.043,-0.612
-2.182,-0.492
-2.289,-0.969
-3.088,-2.786
-0.316,-1.943
-1.136,-1.448
-1.964,-2.152
-2.075,-2.405
2.08,-3.828
0.653,-3.773
-2.255,-0.147
-2.67,-0.079
-0.127,-1.469
-0.132,-1.533
-0.285,-0.261
-0.177,-1.669
-0.342,-0.071
-0.215,-1.454
-0.272,1.407
-0.338,-1.429
-0.319,-2.104
-0.497,0.908
-0.371,-0.881
-0.438,0.041
-0.46,1.241
-0.464,-2.468
-0.616,-1.113
-0.544,0.013
-0.662,0.482
-0.603,1.119
-0.79,1.091
-0.692,0.312
-0.809,-1.719
-0.818,0.038
-1.016,0.255
-1.021,-0.422
-0.955,-0.83
-0.972,-1.27
-1.117,1.244
-1.02,-1.275
-1.142,-2.366
-1.185,-2.263
-1.201,0.503
-1.334,0.47
-1.412,-0.175
-1.397,-0.471
-1.409,1.5
-1.636,0.692
-1.509,1.026
-1.851,-0.063
-1.756,-1.546
-1.882,-1.655
-1.933,-0.946
-2.031,-2.429
-2.089,-1.55
-2.148,-0.028
-2.287,-1.649
-2.312,-1.533
-2.306,-0.503
-2.466,-0.262
-2.34,-1.067
-2.389,0.297
-2.449,-1.255
-2.491,-1.132
-2.606,0.424
-2.774,-0.829
2.644,-2.747
2.662,-2.655
2.429,-2.742
1.427,-2.915
1.357,-2.479
1.207,-2.751
0.475,-2.661
0.396,-2.542
-0.073,-2.988
-0.199,-2.719
-1.073,-2.636
-1.25,-2.821
-1.494,-2.853
-1.574,-2.57
-2.08,-2.844
-2.001,-2.805
-1.989,-2.774
-2.47,-2.867
-2.588,-2.697
-2.744,-2.84
-2.92,1.557
2.957,1.667
1.496,1.565
1.086,1.596
0.847,1.569
0.979,1.68
0.743,1.64
0.106,1.608
-0.486,1.681
-0.362,1.651
-0.811,1.623
-1.981,1.378
3.049,1.002
1.391,-1.301
-2.699,-1.685
0.875,0.17
0.574,0.66
0.369,-1.509
-0.313,-1.471
-0.395,-0.648
-0.849,0.673
-1.312,-0.315
-1.99,1.067
-2.059,0.753
-2.198,0.873
-2.305,0.396
-3.104,-1.421
-0.332,-0.578
-1.152,-0.083
-1.98,-0.787
-2.091,-1.04
2.064,-2.463
0.637,-2.408
-2.271,1.218
-2.686,1.286
-0.005,-0.064
-0.158,1.208
-0.05,-0.2
-0.215,1.398
-0.088,0.015
-0.145,2.876
-0.211,0.04
-0.192,-0.635
-0.37,2.377
-0.244,0.588
-0.311,1.51
-0.333,2.71
-0.337,-0.999
-0.489,0.356
-0.417,1.482
-0.535,1.951
-0.476,2.588
-0.663,2.56
-0.565,1.781
-0.682,-0.25
-0.691,1.507
-0.889,1.724
-0.894,1.047
-0.828,0.639
-0.845,0.199
-0.99,2.713
-0.893,0.194
-1.015,-0.897
-1.058,-0.794
-1.074,1.972
-1.207,1.939
-1.285,1.294
-1.27,0.998
-1.282,2.969
-1.509,2.161
-1.382,2.495
-1.724,1.406
-1.629,-0.077
-1.755,-0.186
-1.806,0.523
-1.904,-0.96
-1.962,-0.081
-2.021,1.441
-2.16,-0.18
-2.185,-0.064
-2.179,0.966
-2.339,1.207
-2.213,0.402
-2.262,1.766
-2.322,0.214
-2.364,0.337
-2.479,1.893
-2.647,0.64
2.771,-1.278
2.789,-1.186
2.556,-1.273
1.554,-1.446
1.484,-1.01
1.334,-1.282
0.602,-1.192
0.523,-1.073
0.054,-1.519
-0.072,-1.25
-0.946,-1.167
-1.123,-1.352
-1.367,-1.384
-1.447,-1.101
-1.953,-1.375
-1.874,-1.336
-1.862,-1.305
-2.343,-1.398
-2.461,-1.228
-2.617,-1.371
-2.793,3.026
3.084,3.136
1.623,3.034
1.213,3.065
0.974,3.038
1.106,3.149
0.87,3.109
0.233,3.077
-0.359,3.15
-0.235,3.12
-0.684,3.092
-1.854,2.847
-3.107,2.471
1.518,0.168
-2.572,-0.216
1.002,1.639
0.701,2.129
0.496,-0.04
-0.186,-0.002
-0.268,0.821
-0.722,2.142
-1.185,1.154
-1.863,2.536
-1.932,2.222
-2.071,2.342
-2.178,1.865
-2.977,0.048
-0.205,0.891
-1.025,1.386
-1.853,0.682
-1.964,0.429
2.191,-0.994
0.764,-0.939
-2.144,2.687
-2.559,2.755
-0.153,1.272
-0.045,-0.136
-0.21,1.462
-0.083,0.079
-0.14,2.94
-0.206,0.104
-0.187,-0.571
-0.365,2.441
-0.239,0.652
-0.306,1.574
-0.328,2.774
-0.332,-0.935
-0.484,0.42
-0.412,1.546
-0.53,2.015
-0.471,2.652
-0.658,2.624
-0.56,1.845
-0.677,-0.186
-0.686,1.571
-0.884,1.788
-0.889,1.111
-0.823,0.703
-0.84,0.263
-0.985,2.777
-0.888,0.258
-1.01,-0.833
-1.053,-0.73
-1.069,2.036
-1.202,2.003
-1.28,1.358
-1.265,1.062
-1.277,3.033
-1.504,2.225
-1.377,2.559
-1.719,1.47
-1.624,-0.013
-1.75,-0.122
-1.801,0.587
-1.899,-0.896
-1.957,-0.017
-2.016,1.505
-2.155,-0.116
-2.18,0.0
-2.174,1.03
-2.334,1.271
-2.208,0.466
-2.257,1.83
-2.317,0.278
-2.359,0.401
-2.474,1.957
-2.642,0.704
2.776,-1.214
2.794,-1.122
2.561,-1.209
1.559,-1.382
1.489,-0.946
1.339,-1.218
0.607,-1.128
0.528,-1.009
0.059,-1.455
-0.067,-1.186
-0.941,-1.103
-1.118,-1.288
-1.362,-1.32
-1.442,-1.037
-1.948,-1.311
-1.869,-1.272
-1.857,-1.241
-2.338,-1.334
-2.456,-1.164
-2.612,-1.307
-2.788,3.09
3.089,3.2
1.628,3.098
1.218,3.129
0.979,3.102
1.111,3.213
0.875,3.173
0.238,3.141
-0.354,3.214
-0.23,3.184
-0.679,3.156
-1.849,2.911
-3.102,2.535
1.523,0.232
-2.567,-0.152
1.007,1.703
0.706,2.193
0.501,0.024
-0.181,0.062
-0.263,0.885
-0.717,2.206
-1.18,1.218
-1.858,2.6
-1.927,2.286
-2.066,2.406
-2.173,1.929
-2.972,0.112
-0.2,0.955
-1.02,1.45
-1.848,0.746
-1.959,0.493
2.196,-0.93
0.769,-0.875
-2.139,2.751
-2.554,2.819
0.108,-1.408
-0.057,0.19
0.07,-1.193
0.013,1.668
-0.053,-1.168
-0.034,-1.843
-0.212,1.169
-0.086,-0.62
-0.153,0.302
-0.175,1.502
-0.179,-2.207
-0.331,-0.852
-0.259,0.274
-0.377,0.743
-0.318,1.38
-0.505,1.352
-0.407,0.573
-0.524,-1.458
-0.533,0.299
-0.731,0.516
-0.736,-0.161
-0.67,-0.569
-0.687,-1.009
-0.832,1.505
-0.735,-1.014
-0.857,-2.105
-0.9,-2.002
-0.916,0.764
-1.049,0.731
-1.127,0.086
-1.112,-0.21
-1.124,1.761
-1.351,0.953
-1.224,1.287
-1.566,0.198
-1.471,-1.285
-1.597,-1.394
-1.648,-0.685
-1.746,-2.168
-1.804,-1.289
-1.863,0.233
-2.002,-1.388
-2.027,-1.272
-2.021,-0.242
-2.181,-0.001
-2.055,-0.806
-2.104,0.558
-2.164,-0.994
-2.206,-0.871
-2.321,0.685
-2.489,-0.568
2.929,-2.486
2.947,-2.394
2.714,-2.481
1.712,-2.654
1.642,-2.218
1.492,-2.49
0.76,-2.4
0.681,-2.281
0.212,-2.727
0.086,-2.458
-0.788,-2.375
-0.965,-2.56
-1.209,-2.592
-1.289,-2.309
-1.795,-2.583
-1.716,-2.544
-1.704,-2.513
-2.185,-2.606
-2.303,-2.436
-2.459,-2.579
-2.635,1.818
-3.041,1.928
1.781,1.826
1.371,1.857
1.132,1.83
1.264,1.941
1.028,1.901
0.391,1.869
-0.201,1.942
-0.077,1.912
-0.526,1.884
-1.696,1.639
-2.949,1.263
1.676,-1.04
-2.414,-1.424
1.16,0.431
0.859,0.921
0.654,-1.248
-0.028,-1.21
-0.11,-0.387
-0.564,0.934
-1.027,-0.054
-1.705,1.328
-1.774,1.014
-1.913,1.134
-2.02,0.657
-2.819,-1.16
-0.047,-0.317
-0.867,0.178
-1.695,-0.526
-1.806,-0.779
2.349,-2.202
0.922,-2.147
-1.986,1.479
-2.401,1.547
-0.165,1.598
-0.038,0.215
-0.095,3.076
-0.161,0.24
-0.142,-0.435
-0.32,2.577
-0.194,0.788
-0.261,1.71
-0.283,2.91
-0.287,-0.799
-0.439,0.556
-0.367,1.682
-0.485,2.151
-0.426,2.788
-0.613,2.76
-0.515,1.981
-0.632,-0.05
-0.641,1.707
-0.839,1.924
-0.844,1.247
-0.778,0.839
-0.795,0.399
-0.94,2.913
-0.843,0.394
-0.965,-0.697
-1.008,-0.594
-1.024,2.172
-1.157,2.139
-1.235,1.494
-1.22,1.198
-1.232,3.169
-1.459,2.361
-1.332,2.695
-1.674,1.606
-1.579,0.123
-1.705,0.014
-1.756,0.723
-1.854,-0.76
-1.912,0.119
-1.971,1.641
-2.11,0.02
-2.135,0.136
-2.129,1.166
-2.289,1.407
-2.163,0.602
-2.212,1.966
-2.272,0.414
-2.314,0.537
-2.429,2.093
-2.597,0.84
2.821,-1.078
2.839,-0.986
2.606,-1.073
1.604,-1.246
1.534,-0.81
1.384,-1.082
0.652,-0.992
0.573,-0.873
0.104,-1.319
-0.022,-1.05
-0.896,-0.967
-1.073,-1.152
-1.317,-1.184
-1.397,-0.901
-1.903,-1.175
-1.824,-1.136
-1.812,-1.105
-2.293,-1.198
-2.411,-1.028
-2.567,-1.171
-2.743,3.226
3.134,3.336
1.673,3.234
1.263,3.265
1.024,3.238
1.156,3.349
0.92,3.309
0.283,3.277
-0.309,3.35
-0.185,3.32
-0.634,3.292
-1.804,3.047
-3.057,2.671
1.568,0.368
-2.522,-0.016
1.052,1.839
0.751,2.329
0.546,0.16
-0.136,0.198
-0.218,1.021
-0.672,2.342
-1.135,1.354
-1.813,2.736
-1.882,2.422
-2.021,2.542
-2.128,2.065
-2.927,0.248
-0.155,1.091
-0.975,1.586
-1.803,0.882
-1.914,0.629
2.241,-0.794
0.814,-0.739
-2.094,2.887
-2.509,2.955
0.127,-1.383
0.07,1.478
0.004,-1.358
0.023,-2.033
-0.155,0.979
-0.029,-0.81
-0.096,0.112
-0.118,1.312
-0.122,-2.397
-0.274,-1.042
-0.202,0.084
-0.32,0.553
-0.261,1.19
-0.448,1.162
-0.35,0.383
-0.467,-1.648
-0.476,0.109
-0.674,0.326
-0.679,-0.351
-0.613,-0.759
-0.63,-1.199
-0.775,1.315
-0.678,-1.204
-0.8,-2.295
-0.843,-2.192
-0.859,0.574
-0.992,0.541
-1.07,-0.104
-1.055,-0.4
-1.067,1.571
-1.294,0.763
-1.167,1.097
-1.509,0.008
-1.414,-1.475
-1.54,-1.584
-1.591,-0.875
-1.689,-2.358
-1.747,-1.479
-1.806,0.043
-1.945,-1.578
-1.97,-1.462
-1.964,-0.432
-2.124,-0.191
-1.998,-0.996
-2.047,0.368
-2.107,-1.184
-2.149,-1.061
-2.264,0.495
-2.432,-0.758
2.986,-2.676
3.004,-2.584
2.771,-2.671
1.769,-2.844
1.699,-2.408
1.549,-2.68
0.817,-2.59
0.738,-2.471
0.269,-2.917
0.143,-2.648
-0.731,-2.565
-0.908,-2.75
-1.152,-2.782
-1.232,-2.499
-1.738,-2.773
-1.659,-2.734
-1.647,-2.703
-2.128,-2.796
-2.246,-2.626
-2.402,-2.769
-2.578,1.628
-2.984,1.738
1.838,1.636
1.428,1.667
1.189,1.64
1.321,1.751
1.085,1.711
0.448,1.679
-0.144,1.752
-0.02,1.722
-0.469,1.694
-1.639,1.449
-2.892,1.073
1.733,-1.23
-2.357,-1.614
1.217,0.241
0.916,0.731
0.711,-1.438
0.029,-1.4
-0.053,-0.577
-0.507,0.744
-0.97,-0.244
-1.648,1.138
-1.717,0.824
-1.856,0.944
-1.963,0.467
-2.762,-1.35
0.01,-0.507
-0.81,-0.012
-1.638,-0.716
-1.749,-0.969
2.406,-2.392
0.979,-2.337
-1.929,1.289
-2.344,1.357
-0.057,2.861
-0.123,0.025
-0.104,-0.65
-0.282,2.362
-0.156,0.573
-0.223,1.495
-0.245,2.695
-0.249,-1.014
-0.401,0.341
-0.329,1.467
-0.447,1.936
-0.388,2.573
-0.575,2.545
-0.477,1.766
-0.594,-0.265
-0.603,1.492
-0.801,1.709
-0.806,1.032
-0.74,0.624
-0.757,0.184
-0.902,2.698
-0.805,0.179
-0.927,-0.912
-0.97,-0.809
-0.986,1.957
-1.119,1.924
-1.197,1.279
-1.182,0.983
-1.194,2.954
-1.421,2.146
-1.294,2.48
-1.636,1.391
-1.541,-0.092
-1.667,-0.201
-1.718,0.508
-1.816,-0.975
-1.874,-0.096
-1.933,1.426
-2.072,-0.195
-2.097,-0.079
-2.091,0.951
-2.251,1.192
-2.125,0.387
-2.174,1.751
-2.234,0.199
-2.276,0.322
-2.391,1.878
-2.559,0.625
2.859,-1.293
2.877,-1.201
2.644,-1.288
1.642,-1.461
1.572,-1.025
1.422,-1.297
0.69,-1.207
0.611,-1.088
0.142,-1.534
0.016,-1.265
-0.858,-1.182
-1.035,-1.367
-1.279,-1.399
-1.359,-1.116
-1.865,-1.39
-1.786,-1.351
-1.774,-1.32
-2.255,-1.413
-2.373,-1.243
-2.529,-1.386
-2.705,3.011
-3.111,3.121
1.711,3.019
1.301,3.05
1.062,3.023
1.194,3.134
0.958,3.094
0.321,3.062
-0.271,3.135
-0.147,3.105
-0.596,3.077
-1.766,2.832
-3.019,2.456
1.606,0.153
-2.484,-0.231
1.09,1.624
0.789,2.114
0.584,-0.055
-0.098,-0.017
-0.18,0.806
-0.634,2.127
-1.097,1.139
-1.775,2.521
-1.844,2.207
-1.983,2.327
-2.09,1.85
-2.889,0.033
-0.117,0.876
-0.937,1.371
-1.765,0.667
-1.876,0.414
2.279,-1.009
0.852,-0.954
-2.056,2.672
-2.471,2.74
-0.066,-2.836
-0.047,-3.511
-0.225,-0.499
-0.099,-2.288
-0.166,-1.366
-0.188,-0.166
-0.192,-3.875
-0.344,-2.52
-0.272,-1.394
-0.39,-0.925
-0.331,-0.288
-0.518,-0.316
-0.42,-1.095
-0.537,-3.126
-0.546,-1.369
-0.744,-1.152
-0.749,-1.829
-0.683,-2.237
-0.7,-2.677
-0.845,-0.163
-0.748,-2.682
-0.87,-3.773
-0.913,-3.67
-0.929,-0.904
-1.062,-0.937
-1.14,-1.582
-1.125,-1.878
-1.137,0.093
-1.364,-0.715
-1.237,-0.381
-1.579,-1.47
-1.484,-2.953
-1.61,-3.062
-1.661,-2.353
-1.759,-3.836
-1.817,-2.957
-1.876,-1.435
-2.015,-3.056
-2.04,-2.94
-2.034,-1.91
-2.194,-1.669
-2.068,-2.474
-2.117,-1.11
-2.177,-2.662
-2.219,-2.539
-2.334,-0.983
-2.502,-2.236
2.916,-4.154
2.934,-4.062
2.701,-4.149
1.699,-4.322
1.629,-3.886
1.479,-4.158
0.747,-4.068
0.668,-3.949
0.199,-4.395
0.073,-4.126
-0.801,-4.043
-0.978,-4.228
-1.222,-4.26
-1.302,-3.977
-1.808,-4.251
-1.729,-4.212
-1.717,-4.181
-2.198,-4.274
-2.316,-4.104
-2.472,-4.247
-2.648,0.15
-3.054,0.26
1.768,0.158
1.358,0.189
1.119,0.162
1.251,0.273
1.015,0.233
0.378,0.201
-0.214,0.274
-0.09,0.244
-0.539,0.216
-1.709,-0.029
-2.962,-0.405
1.663,-2.708
-2.427,-3.092
1.147,-1.237
0.846,-0.747
0.641,-2.916
-0.041,-2.878
-0.123,-2.055
-0.577,-0.734
-1.04,-1.722
-1.718,-0.34
-1.787,-0.654
-1.926,-0.534
-2.033,-1.011
-2.832,-2.828
-0.06,-1.985
-0.88,-1.49
-1.708,-2.194
-1.819,-2.447
2.336,-3.87
0.909,-3.815
-1.999,-0.189
-2.414,-0.121
0.019,-0.675
-0.159,2.337
-0.033,0.548
-0.1,1.47
-0.122,2.67
-0.126,-1.039
-0.278,0.316
-0.206,1.442
-0.324,1.911
-0.265,2.548
-0.452,2.52
-0.354,1.741
-0.471,-0.29
-0.48,1.467
-0.678,1.684
-0.683,1.007
-0.617,0.599
-0.634,0.159
-0.779,2.673
-0.682,0.154
-0.804,-0.937
-0.847,-0.834
-0.863,1.932
-0.996,1.899
-1.074,1.254
-1.059,0.958
-1.071,2.929
-1.298,2.121
-1.171,2.455
-1.513,1.366
-1.418,-0.117
-1.544,-0.226
-1.595,0.483
-1.693,-1.0
-1.751,-0.121
-1.81,1.401
-1.949,-0.22
-1.974,-0.104
-1.968,0.926
-2.128,1.167
-2.002,0.362
-2.051,1.726
-2.111,0.174
-2.153,0.297
-2.268,1.853
-2.436,0.6
2.982,-1.318
3.0,-1.226
2.767,-1.313
1.765,-1.486
1.695,-1.05
1.545,-1.322
0.813,-1.232
0.734,-1.113
0.265,-1.559
0.139,-1.29
-0.735,-1.207
-0.912,-1.392
-1.156,-1.424
-1.236,-1.141
-1.742,-1.415
-1.663,-1.376
-1.651,-1.345
-2.132,-1.438
-2.25,-1.268
-2.406,-1.411
-2.582,2.986
-2.988,3.096
1.834,2.994
1.424,3.025
1.185,2.998
1.317,3.109
1.081,3.069
0.444,3.037
-0.148,3.11
-0.024,3.08
-0.473,3.052
-1.643,2.807
-2.896,2.431
1.729,0.128
-2.361,-0.256
1.213,1.599
0.912,2.089
0.707,-0.08
0.025,-0.042
-0.057,0.781
-0.511,2.102
-0.974,1.114
-1.652,2.496
-1.721,2.182
-1.86,2.302
-1.967,1.825
-2.766,0.008
0.006,0.851
-0.814,1.346
-1.642,0.642
-1.753,0.389
2.402,-1.034
0.975,-0.979
-1.933,2.647
-2.348,2.715
-0.178,3.012
-0.052,1.223
-0.119,2.145
-0.141,3.345
-0.145,-0.364
-0.297,0.991
-0.225,2.117
-0.343,2.586
-0.284,3.223
-0.471,3.195
-0.373,2.416
-0.49,0.385
-0.499,2.142
-0.697,2.359
-0.702,1.682
-0.636,1.274
-0.653,0.834
-0.798,3.348
-0.701,0.829
-0.823,-0.262
-0.866,-0.159
-0.882,2.607
-1.015,2.574
-1.093,1.929
-1.078,1.633
-1.09,3.604
-1.317,2.796
-1.19,3.13
-1.532,2.041
-1.437,0.558
-1.563,0.449
-1.614,1.158
-1.712,-0.325
-1.77,0.554
-1.829,2.076
-1.968,0.455
-1.993,0.571
-1.987,1.601
-2.147,1.842
-2.021,1.037
-2.07,2.401
-2.13,0.849
-2.172,0.972
-2.287,2.528
-2.455,1.275
2.963,-0.643
2.981,-0.551
2.748,-0.638
1.746,-0.811
1.676,-0.375
1.526,-0.647
0.794,-0.557
0.715,-0.438
0.246,-0.884
0.12,-0.615
-0.754,-0.532
-0.931,-0.717
-1.175,-0.749
-1.255,-0.466
-1.761,-0.74
-1.682,-0.701
-1.67,-0.67
-2.151,-0.763
-2.269,-0.593
-2.425,-0.736
-2.601,3.661
-3.007,3.771
1.815,3.669
1.405,3.7
1.166,3.673
1.298,3.784
1.062,3.744
0.425,3.712
-0.167,3.785
-0.043,3.755
-0.492,3.727
-1.662,3.482
-2.915,3.106
1.71,0.803
-2.38,0.419
1.194,2.274
0.893,2.764
0.688,0.595
0.006,0.633
-0.076,1.456
-0.53,2.777
-0.993,1.789
-1.671,3.171
-1.74,2.857
-1.879,2.977
-1.986,2.5
-2.785,0.683
-0.013,1.526
-0.833,2.021
-1.661,1.317
-1.772,1.064
2.383,-0.359
0.956,-0.304
-1.952,3.322
-2.367,3.39
0.126,-1.789
0.059,-0.867
0.037,0.333
0.033,-3.376
-0.119,-2.021
-0.047,-0.895
-0.165,-0.426
-0.106,0.211
-0.293,0.183
-0.195,-0.596
-0.312,-2.627
-0.321,-0.87
-0.519,-0.653
-0.524,-1.33
-0.458,-1.738
-0.475,-2.178
-0.62,0.336
-0.523,-2.183
-0.645,-3.274
-0.688,-3.171
-0.704,-0.405
-0.837,-0.438
-0.915,-1.083
-0.9,-1.379
-0.912,0.592
-1.139,-0.216
-1.012,0.118
-1.354,-0.971
-1.259,-2.454
-1.385,-2.563
-1.436,-1.854
-1.534,-3.337
-1.592,-2.458
-1.651,-0.936
-1.79,-2.557
-1.815,-2.441
-1.809,-1.411
-1.969,-1.17
-1.843,-1.975
-1.892,-0.611
-1.952,-2.163
-1.994,-2.04
-2.109,-0.484
-2.277,-1.737
3.141,-3.655
-3.124,-3.563
2.926,-3.65
1.924,-3.823
1.854,-3.387
1.704,-3.659
0.972,-3.569
0.893,-3.45
0.424,-3.896
0.298,-3.627
-0.576,-3.544
-0.753,-3.729
-0.997,-3.761
-1.077,-3.478
-1.583,-3.752
-1.504,-3.713
-1.492,-3.682
-1.973,-3.775
-2.091,-3.605
-2.247,-3.748
-2.423,0.649
-2.829,0.759
1.993,0.657
1.583,0.688
1.344,0.661
1.476,0.772
1.24,0.732
0.603,0.7
0.011,0.773
0.135,0.743
-0.314,0.715
-1.484,0.47
-2.737,0.094
1.888,-2.209
-2.202,-2.593
1.372,-0.738
1.071,-0.248
0.866,-2.417
0.184,-2.379
0.102,-1.556
-0.352,-0.235
-0.815,-1.223
-1.493,0.159
-1.562,-0.155
-1.701,-0.035
-1.808,-0.512
-2.607,-2.329
0.165,-1.486
-0.655,-0.991
-1.483,-1.695
-1.594,-1.948
2.561,-3.371
1.134,-3.316
-1.774,0.31
-2.189,0.378
-0.067,0.922
-0.089,2.122
-0.093,-1.587
-0.245,-0.232
-0.173,0.894
-0.291,1.363
-0.232,2.0
-0.419,1.972
-0.321,1.193
-0.438,-0.838
-0.447,0.919
-0.645,1.136
-0.65,0.459
-0.584,0.051
-0.601,-0.389
-0.746,2.125
-0.649,-0.394
-0.771,-1.485
-0.814,-1.382
-0.83,1.384
-0.963,1.351
-1.041,0.706
-1.026,0.41
-1.038,2.381
-1.265,1.573
-1.138,1.907
-1.48,0.818
-1.385,-0.665
-1.511,-0.774
-1.562,-0.065
-1.66,-1.548
-1.718,-0.669
-1.777,0.853
-1.916,-0.768
-1.941,-0.652
-1.935,0.378
-2.095,0.619
-1.969,-0.186
-2.018,1.178
-2.078,-0.374
-2.12,-0.251
-2.235,1.305
-2.403,0.052
3.015,-1.866
3.033,-1.774
2.8,-1.861
1.798,-2.034
1.728,-1.598
1.578,-1.87
0.846,-1.78
0.767,-1.661
0.298,-2.107
0.172,-1.838
-0.702,-1.755
-0.879,-1.94
-1.123,-1.972
-1.203,-1.689
-1.709,-1.963
-1.63,-1.924
-1.618,-1.893
-2.099,-1.986
-2.217,-1.816
-2.373,-1.959
-2.549,2.438
-2.955,2.548
1.867,2.446
1.457,2.477
1.218,2.45
1.35,2.561
1.114,2.521
0.477,2.489
-0.115,2.562
0.009,2.532
-0.44,2.504
-1.61,2.259
-2.863,1.883
1.762,-0.42
-2.328,-0.804
1.246,1.051
0.945,1.541
0.74,-0.628
0.058,-0.59
-0.024,0.233
-0.478,1.554
-0.941,0.566
-1.619,1.948
-1.688,1.634
-1.827,1.754
-1.934,1.277
-2.733,-0.54
0.039,0.303
-0.781,0.798
-1.609,0.094
-1.72,-0.159
2.435,-1.582
1.008,-1.527
-1.9,2.099
-2.315,2.167
-0.022,1.2
-0.026,-2.509
-0.178,-1.154
-0.106,-0.028
-0.224,0.441
-0.165,1.078
-0.352,1.05
-0.254,0.271
-0.371,-1.76
-0.38,-0.003
-0.578,0.214
-0.583,-0.463
-0.517,-0.871
-0.534,-1.311
-0.679,1.203
-0.582,-1.316
-0.704,-2.407
-0.747,-2.304
-0.763,0.462
-0.896,0.429
-0.974,-0.216
-0.959,-0.512
-0.971,1.459
-1.198,0.651
-1.071,0.985
-1.413,-0.104
-1.318,-1.587
-1.444,-1.696
-1.495,-0.987
-1.593,-2.47
-1.651,-1.591
-1.71,-0.069
-1.849,-1.69
-1.874,-1.574
-1.868,-0.544
-2.028,-0.303
-1.902,-1.108
-1.951,0.256
-2.011,-1.296
-2.053,-1.173
-2.168,0.383
-2.336,-0.87
3.082,-2.788
3.1,-2.696
2.867,-2.783
1.865,-2.956
1.795,-2.52
1.645,-2.792
0.913,-2.702
0.834,-2.583
0.365,-3.029
0.239,-2.76
-0.635,-2.677
-0.812,-2.862
-1.056,-2.894
-1.136,-2.611
-1.642,-2.885
-1.563,-2.846
-1.551,-2.815
-2.032,-2.908
-2.15,-2.738
-2.306,-2.881
-2.482,1.516
-2.888,1.626
1.934,1.524
1.524,1.555
1.285,1.528
1.417,1.639
1.181,1.599
0.544,1.567
-0.048,1.64
0.076,1.61
-0.373,1.582
-1.543,1.337
-2.796,0.961
1.829,-1.342
-2.261,-1.726
1.313,0.129
1.012,0.619
0.807,-1.55
0.125,-1.512
0.043,-0.689
-0.411,0.632
-0.874,-0.356
-1.552,1.026
-1.621,0.712
-1.76,0.832
-1.867,0.355
-2.666,-1.462
0.106,-0.619
-0.714,-0.124
-1.542,-0.828
-1.653,-1.081
2.502,-2.504
1.075,-2.449
-1.833,1.177
-2.248,1.245
-0.004,-3.709
-0.156,-2.354
-0.084,-1.228
-0.202,-0.759
-0.143,-0.122
-0.33,-0.15
-0.232,-0.929
-0.349,-2.96
-0.358,-1.203
-0.556,-0.986
-0.561,-1.663
-0.495,-2.071
-0.512,-2.511
-0.657,0.003
-0.56,-2.516
-0.682,-3.607
-0.725,-3.504
-0.741,-0.738
-0.874,-0.771
-0.952,-1.416
-0.937,-1.712
-0.949,0.259
-1.176,-0.549
-1.049,-0.215
-1.391,-1.304
-1.296,-2.787
-1.422,-2.896
-1.473,-2.187
-1.571,-3.67
-1.629,-2.791
-1.688,-1.269
-1.827,-2.89
-1.852,-2.774
-1.846,-1.744
-2.006,-1.503
-1.88,-2.308
-1.929,-0.944
-1.989,-2.496
-2.031,-2.373
-2.146,-0.817
-2.314,-2.07
3.104,-3.988
3.122,-3.896
2.889,-3.983
1.887,-4.156
1.817,-3.72
1.667,-3.992
0.935,-3.902
0.856,-3.783
0.387,-4.229
0.261,-3.96
-0.613,-3.877
-0.79,-4.062
-1.034,-4.094
-1.114,-3.811
-1.62,-4.085
-1.541,-4.046
-1.529,-4.015
-2.01,-4.108
-2.128,-3.938
-2.284,-4.081
-2.46,0.316
-2.866,0.426
1.956,0.324
1.546,0.355
1.307,0.328
1.439,0.439
1.203,0.399
0.566,0.367
-0.026,0.44
0.098,0.41
-0.351,0.382
-1.521,0.137
-2.774,-0.239
1.851,-2.542
-2.239,-2.926
1.335,-1.071
1.034,-0.581
0.829,-2.75
0.147,-2.712
0.065,-1.889
-0.389,-0.568
-0.852,-1.556
-1.53,-0.174
-1.599,-0.488
-1.738,-0.368
-1.845,-0.845
-2.644,-2.662
0.128,-1.819
-0.692,-1.324
-1.52,-2.028
-1.631,-2.281
2.524,-3.704
1.097,-3.649
-1.811,-0.023
-2.226,0.045
-0.152,1.355
-0.08,2.481
-0.198,2.95
-0.139,3.587
-0.326,3.559
-0.228,2.78
-0.345,0.749
-0.354,2.506
-0.552,2.723
-0.557,2.046
-0.491,1.638
-0.508,1.198
-0.653,3.712
-0.556,1.193
-0.678,0.102
-0.721,0.205
-0.737,2.971
-0.87,2.938
-0.948,2.293
-0.933,1.997
-0.945,3.968
-1.172,3.16
-1.045,3.494
-1.387,2.405
-1.292,0.922
-1.418,0.813
-1.469,1.522
-1.567,0.039
-1.625,0.918
-1.684,2.44
-1.823,0.819
-1.848,0.935
-1.842,1.965
-2.002,2.206
-1.876,1.401
-1.925,2.765
-1.985,1.213
-2.027,1.336
-2.142,2.892
-2.31,1.639
3.108,-0.279
3.126,-0.187
2.893,-0.274
1.891,-0.447
1.821,-0.011
1.671,-0.283
0.939,-0.193
0.86,-0.074
0.391,-0.52
0.265,-0.251
-0.609,-0.168
-0.786,-0.353
-1.03,-0.385
-1.11,-0.102
-1.616,-0.376
-1.537,-0.337
-1.525,-0.306
-2.006,-0.399
-2.124,-0.229
-2.28,-0.372
-2.456,4.025
-2.862,4.135
1.96,4.033
1.55,4.064
1.311,4.037
1.443,4.148
1.207,4.108
0.57,4.076
-0.022,4.149
0.102,4.119
-0.347,4.091
-1.517,3.846
-2.77,3.47
1.855,1.167
-2.235,0.783
1.339,2.638
1.038,3.128
0.833,0.959
0.151,0.997
0.069,1.82
-0.385,3.141
-0.848,2.153
-1.526,3.535
-1.595,3.221
-1.734,3.341
-1.841,2.864
-2.64,1.047
0.132,1.89
-0.688,2.385
-1.516,1.681
-1.627,1.428
2.528,0.005
1.101,0.06
-1.807,3.686
-2.222,3.754
0.072,1.126
-0.046,1.595
0.013,2.232
-0.174,2.204
-0.076,1.425
-0.193,-0.606
-0.202,1.151
-0.4,1.368
-0.405,0.691
-0.339,0.283
-0.356,-0.157
-0.501,2.357
-0.404,-0.162
-0.526,-1.253
-0.569,-1.15
-0.585,1.616
-0.718,1.583
-0.796,0.938
-0.781,0.642
-0.793,2.613
-1.02,1.805
-0.893,2.139
-1.235,1.05
-1.14,-0.433
-1.266,-0.542
-1.317,0.167
-1.415,-1.316
-1.473,-0.437
-1.532,1.085
-1.671,-0.536
-1.696,-0.42
-1.69,0.61
-1.85,0.851
-1.724,0.046
-1.773,1.41
-1.833,-0.142
-1.875,-0.019
-1.99,1.537
-2.158,0.284
-3.023,-1.634
-3.005,-1.542
3.045,-1.629
2.043,-1.802
1.973,-1.366
1.823,-1.638
1.091,-1.548
1.012,-1.429
0.543,-1.875
0.417,-1.606
-0.457,-1.523
-0.634,-1.708
-0.878,-1.74
-0.958,-1.457
-1.464,-1.731
-1.385,-1.692
-1.373,-1.661
-1.854,-1.754
-1.972,-1.584
-2.128,-1.727
-2.304,2.67
-2.71,2.78
2.112,2.678
1.702,2.709
1.463,2.682
1.595,2.793
1.359,2.753
0.722,2.721
0.13,2.794
0.254,2.764
-0.195,2.736
-1.365,2.491
-2.618,2.115
2.007,-0.188
-2.083,-0.572
1.491,1.283
1.19,1.773
0.985,-0.396
0.303,-0.358
0.221,0.465
-0.233,1.786
-0.696,0.798
-1.374,2.18
-1.443,1.866
-1.582,1.986
-1.689,1.509
-2.488,-0.308
0.284,0.535
-0.536,1.03
-1.364,0.326
-1.475,0.073
2.68,-1.35
1.253,-1.295
-1.655,2.331
-2.07,2.399
-0.118,0.469
-0.059,1.106
-0.246,1.078
-0.148,0.299
-0.265,-1.732
-0.274,0.025
-0.472,0.242
-0.477,-0.435
-0.411,-0.843
-0.428,-1.283
-0.573,1.231
-0.476,-1.288
-0.598,-2.379
-0.641,-2.276
-0.657,0.49
-0.79,0.457
-0.868,-0.188
-0.853,-0.484
-0.865,1.487
-1.092,0.679
-0.965,1.013
-1.307,-0.076
-1.212,-1.559
-1.338,-1.668
-1.389,-0.959
-1.487,-2.442
-1.545,-1.563
-1.604,-0.041
-1.743,-1.662
-1.768,-1.546
-1.762,-0.516
-1.922,-0.275
-1.796,-1.08
-1.845,0.284
-1.905,-1.268
-1.947,-1.145
-2.062,0.411
-2.23,-0.842
-3.095,-2.76
-3.077,-2.668
2.973,-2.755
1.971,-2.928
1.901,-2.492
1.751,-2.764
1.019,-2.674
0.94,-2.555
0.471,-3.001
0.345,-2.732
-0.529,-2.649
-0.706,-2.834
-0.95,-2.866
-1.03,-2.583
-1.536,-2.857
-1.457,-2.818
-1.445,-2.787
-1.926,-2.88
-2.044,-2.71
-2.2,-2.853
-2.376,1.544
-2.782,1.654
2.04,1.552
1.63,1.583
1.391,1.556
1.523,1.667
1.287,1.627
0.65,1.595
0.058,1.668
0.182,1.638
-0.267,1.61
-1.437,1.365
-2.69,0.989
1.935,-1.314
-2.155,-1.698
1.419,0.157
1.118,0.647
0.913,-1.522
0.231,-1.484
0.149,-0.661
-0.305,0.66
-0.768,-0.328
-1.446,1.054
-1.515,0.74
-1.654,0.86
-1.761,0.383
-2.56,-1.434
0.212,-0.591
-0.608,-0.096
-1.436,-0.8
-1.547,-1.053
2.608,-2.476
1.181,-2.421
-1.727,1.205
-2.142,1.273
0.059,0.637
-0.128,0.609
-0.03,-0.17
-0.147,-2.201
-0.156,-0.444
-0.354,-0.227
-0.359,-0.904
-0.293,-1.312
-0.31,-1.752
-0.455,0.762
-0.358,-1.757
-0.48,-2.848
-0.523,-2.745
-0.539,0.021
-0.672,-0.012
-0.75,-0.657
-0.735,-0.953
-0.747,1.018
-0.974,0.21
-0.847,0.544
-1.189,-0.545
-1.094,-2.028
-1.22,-2.137
-1.271,-1.428
-1.369,-2.911
-1.427,-2.032
-1.486,-0.51
-1.625,-2.131
-1.65,-2.015
-1.644,-0.985
-1.804,-0.744
-1.678,-1.549
-1.727,-0.185
-1.787,-1.737
-1.829,-1.614
-1.944,-0.058
-2.112,-1.311
-2.977,-3.229
-2.959,-3.137
3.091,-3.224
2.089,-3.397
2.019,-2.961
1.869,-3.233
1.137,-3.143
1.058,-3.024
0.589,-3.47
0.463,-3.201
-0.411,-3.118
-0.588,-3.303
-0.832,-3.335
-0.912,-3.052
-1.418,-3.326
-1.339,-3.287
-1.327,-3.256
-1.808,-3.349
-1.926,-3.179
-2.082,-3.322
-2.258,1.075
-2.664,1.185
2.158,1.083
1.748,1.114
1.509,1.087
1.641,1.198
1.405,1.158
0.768,1.126
0.176,1.199
0.3,1.169
-0.149,1.141
-1.319,0.896
-2.572,0.52
2.053,-1.783
-2.037,-2.167
1.537,-0.312
1.236,0.178
1.031,-1.991
0.349,-1.953
0.267,-1.13
-0.187,0.191
-0.65,-0.797
-1.328,0.585
-1.397,0.271
-1.536,0.391
-1.643,-0.086
-2.442,-1.903
0.33,-1.06
-0.49,-0.565
-1.318,-1.269
-1.429,-1.522
2.726,-2.945
1.299,-2.89
-1.609,0.736
-2.024,0.804
-0.187,-0.028
-0.089,-0.807
-0.206,-2.838
-0.215,-1.081
-0.413,-0.864
-0.418,-1.541
-0.352,-1.949
-0.369,-2.389
-0.514,0.125
-0.417,-2.394
-0.539,-3.485
-0.582,-3.382
-0.598,-0.616
-0.731,-0.649
-0.809,-1.294
-0.794,-1.59
-0.806,0.381
-1.033,-0.427
-0.906,-0.093
-1.248,-1.182
-1.153,-2.665
-1.279,-2.774
-1.33,-2.065
-1.428,-3.548
-1.486,-2.669
-1.545,-1.147
-1.684,-2.768
-1.709,-2.652
-1.703,-1.622
-1.863,-1.381
-1.737,-2.186
-1.786,-0.822
-1.846,-2.374
-1.888,-2.251
-2.003,-0.695
-2.171,-1.948
-3.036,-3.866
-3.018,-3.774
3.032,-3.861
2.03,-4.034
1.96,-3.598
1.81,-3.87
1.078,-3.78
0.999,-3.661
0.53,-4.107
0.404,-3.838
-0.47,-3.755
-0.647,-3.94
-0.891,-3.972
-0.971,-3.689
-1.477,-3.963
-1.398,-3.924
-1.386,-3.893
-1.867,-3.986
-1.985,-3.816
-2.141,-3.959
-2.317,0.438
-2.723,0.548
2.099,0.446
1.689,0.477
1.45,0.45
1.582,0.561
1.346,0.521
0.709,0.489
0.117,0.562
0.241,0.532
-0.208,0.504
-1.378,0.259
-2.631,-0.117
1.994,-2.42
-2.096,-2.804
1.478,-0.949
1.177,-0.459
0.972,-2.628
0.29,-2.59
0.208,-1.767
-0.246,-0.446
-0.709,-1.434
-1.387,-0.052
-1.456,-0.366
-1.595,-0.246
-1.702,-0.723
-2.501,-2.54
0.271,-1.697
-0.549,-1.202
-1.377,-1.906
-1.488,-2.159
2.667,-3.582
1.24,-3.527
-1.668,0.099
-2.083,0.167
0.098,-0.779
-0.019,-2.81
-0.028,-1.053
-0.226,-0.836
-0.231,-1.513
-0.165,-1.921
-0.182,-2.361
-0.327,0.153
-0.23,-2.366
-0.352,-3.457
-0.395,-3.354
-0.411,-0.588
-0.544,-0.621
-0.622,-1.266
-0.607,-1.562
-0.619,0.409
-0.846,-0.399
-0.719,-0.065
-1.061,-1.154
-0.966,-2.637
-1.092,-2.746
-1.143,-2.037
-1.241,-3.52
-1.299,-2.641
-1.358,-1.119
-1.497,-2.74
-1.522,-2.624
-1.516,-1.594
-1.676,-1.353
-1.55,-2.158
-1.599,-0.794
-1.659,-2.346
-1.701,-2.223
-1.816,-0.667
-1.984,-1.92
-2.849,-3.838
-2.831,-3.746
-3.064,-3.833
2.217,-4.006
2.147,-3.57
1.997,-3.842
1.265,-3.752
1.186,-3.633
0.717,-4.079
0.591,-3.81
-0.283,-3.727
-0.46,-3.912
-0.704,-3.944
-0.784,-3.661
-1.29,-3.935
-1.211,-3.896
-1.199,-3.865
-1.68,-3.958
-1.798,-3.788
-1.954,-3.931
-2.13,0.466
-2.536,0.576
2.286,0.474
1.876,0.505
1.637,0.478
1.769,0.589
1.533,0.549
0.896,0.517
0.304,0.59
0.428,0.56
-0.021,0.532
-1.191,0.287
-2.444,-0.089
2.181,-2.392
-1.909,-2.776
1.665,-0.921
1.364,-0.431
1.159,-2.6
0.477,-2.562
0.395,-1.739
-0.059,-0.418
-0.522,-1.406
-1.2,-0.024
-1.269,-0.338
-1.408,-0.218
-1.515,-0.695
-2.314,-2.512
0.458,-1.669
-0.362,-1.174
-1.19,-1.878
-1.301,-2.131
2.854,-3.554
1.427,-3.499
-1.481,0.127
-1.896,0.195
-0.117,-2.031
-0.126,-0.274
-0.324,-0.057
-0.329,-0.734
-0.263,-1.142
-0.28,-1.582
-0.425,0.932
-0.328,-1.587
-0.45,-2.678
-0.493,-2.575
-0.509,0.191
-0.642,0.158
-0.72,-0.487
-0.705,-0.783
-0.717,1.188
-0.944,0.38
-0.817,0.714
-1.159,-0.375
-1.064,-1.858
-1.19,-1.967
-1.241,-1.258
-1.339,-2.741
-1.397,-1.862
-1.456,-0.34
-1.595,-1.961
-1.62,-1.845
-1.614,-0.815
-1.774,-0.574
-1.648,-1.379
-1.697,-0.015
-1.757,-1.567
-1.799,-1.444
-1.914,0.112
-2.082,-1.141
-2.947,-3.059
-2.929,-2.967
3.121,-3.054
2.119,-3.227
2.049,-2.791
1.899,-3.063
1.167,-2.973
1.088,-2.854
0.619,-3.3
0.493,-3.031
-0.381,-2.948
-0.558,-3.133
-0.802,-3.165
-0.882,-2.882
-1.388,-3.156
-1.309,-3.117
-1.297,-3.086
-1.778,-3.179
-1.896,-3.009
-2.052,-3.152
-2.228,1.245
-2.634,1.355
2.188,1.253
1.778,1.284
1.539,1.257
1.671,1.368
1.435,1.328
0.798,1.296
0.206,1.369
0.33,1.339
-0.119,1.311
-1.289,1.066
-2.542,0.69
2.083,-1.613
-2.007,-1.997
1.567,-0.142
1.266,0.348
1.061,-1.821
0.379,-1.783
0.297,-0.96
-0.157,0.361
-0.62,-0.627
-1.298,0.755
-1.367,0.441
-1.506,0.561
-1.613,0.084
-2.412,-1.733
0.36,-0.89
-0.46,-0.395
-1.288,-1.099
-1.399,-1.352
2.756,-2.775
1.329,-2.72
-1.579,0.906
-1.994,0.974
-0.009,1.757
-0.207,1.974
-0.212,1.297
-0.146,0.889
-0.163,0.449
-0.308,2.963
-0.211,0.444
-0.333,-0.647
-0.376,-0.544
-0.392,2.222
-0.525,2.189
-0.603,1.544
-0.588,1.248
-0.6,3.219
-0.827,2.411
-0.7,2.745
-1.042,1.656
-0.947,0.173
-1.073,0.064
-1.124,0.773
-1.222,-0.71
-1.28,0.169
-1.339,1.691
-1.478,0.07
-1.503,0.186
-1.497,1.216
-1.657,1.457
-1.531,0.652
-1.58,2.016
-1.64,0.464
-1.682,0.587
-1.797,2.143
-1.965,0.89
-2.83,-1.028
-2.812,-0.936
-3.045,-1.023
2.236,-1.196
2.166,-0.76
2.016,-1.032
1.284,-0.942
1.205,-0.823
0.736,-1.269
0.61,-1.0
-0.264,-0.917
-0.441,-1.102
-0.685,-1.134
-0.765,-0.851
-1.271,-1.125
-1.192,-1.086
-1.18,-1.055
-1.661,-1.148
-1.779,-0.978
-1.935,-1.121
-2.111,3.276
-2.517,3.386
2.305,3.284
1.895,3.315
1.656,3.288
1.788,3.399
1.552,3.359
0.915,3.327
0.323,3.4
0.447,3.37
-0.002,3.342
-1.172,3.097
-2.425,2.721
2.2,0.418
-1.89,0.034
1.684,1.889
1.383,2.379
1.178,0.21
0.496,0.248
0.414,1.071
-0.04,2.392
-0.503,1.404
-1.181,2.786
-1.25,2.472
-1.389,2.592
-1.496,2.115
-2.295,0.298
0.477,1.141
-0.343,1.636
-1.171,0.932
-1.282,0.679
2.873,-0.744
1.446,-0.689
-1.462,2.937
-1.877,3.005
-0.198,0.217
-0.203,-0.46
-0.137,-0.868
-0.154,-1.308
-0.299,1.206
-0.202,-1.313
-0.324,-2.404
-0.367,-2.301
-0.383,0.465
-0.516,0.432
-0.594,-0.213
-0.579,-0.509
-0.591,1.462
-0.818,0.654
-0.691,0.988
-1.033,-0.101
-0.938,-1.584
-1.064,-1.693
-1.115,-0.984
-1.213,-2.467
-1.271,-1.588
-1.33,-0.066
-1.469,-1.687
-1.494,-1.571
-1.488,-0.541
-1.648,-0.3
-1.522,-1.105
-1.571,0.259
-1.631,-1.293
-1.673,-1.17
-1.788,0.386
-1.956,-0.867
-2.821,-2.785
-2.803,-2.693
-3.036,-2.78
2.245,-2.953
2.175,-2.517
2.025,-2.789
1.293,-2.699
1.214,-2.58
0.745,-3.026
0.619,-2.757
-0.255,-2.674
-0.432,-2.859
-0.676,-2.891
-0.756,-2.608
-1.262,-2.882
-1.183,-2.843
-1.171,-2.812
-1.652,-2.905
-1.77,-2.735
-1.926,-2.878
-2.102,1.519
-2.508,1.629
2.314,1.527
1.904,1.558
1.665,1.531
1.797,1.642
1.561,1.602
0.924,1.57
0.332,1.643
0.456,1.613
0.007,1.585
-1.163,1.34
-2.416,0.964
2.209,-1.339
-1.881,-1.723
1.693,0.132
1.392,0.622
1.187,-1.547
0.505,-1.509
0.423,-0.686
-0.031,0.635
-0.494,-0.353
-1.172,1.029
-1.241,0.715
-1.38,0.835
-1.487,0.358
-2.286,-1.459
0.486,-0.616
-0.334,-0.121
-1.162,-0.825
-1.273,-1.078
2.882,-2.501
1.455,-2.446
-1.453,1.18
-1.868,1.248
-0.005,-0.677
0.061,-1.085
0.044,-1.525
-0.101,0.989
-0.004,-1.53
-0.126,-2.621
-0.169,-2.518
-0.185,0.248
-0.318,0.215
-0.396,-0.43
-0.381,-0.726
-0.393,1.245
-0.62,0.437
-0.493,0.771
-0.835,-0.318
-0.74,-1.801
-0.866,-1.91
-0.917,-1.201
-1.015,-2.684
-1.073,-1.805
-1.132,-0.283
-1.271,-1.904
-1.296,-1.788
-1.29,-0.758
-1.45,-0.517
-1.324,-1.322
-1.373,0.042
-1.433,-1.51
-1.475,-1.387
-1.59,0.169
-1.758,-1.084
-2.623,-3.002
-2.605,-2.91
-2.838,-2.997
2.443,-3.17
2.373,-2.734
2.223,-3.006
1.491,-2.916
1.412,-2.797
0.943,-3.243
0.817,-2.974
-0.057,-2.891
-0.234,-3.076
-0.478,-3.108
-0.558,-2.825
-1.064,-3.099
-0.985,-3.06
-0.973,-3.029
-1.454,-3.122
-1.572,-2.952
-1.728,-3.095
-1.904,1.302
-2.31,1.412
2.512,1.31
2.102,1.341
1.863,1.314
1.995,1.425
1.759,1.385
1.122,1.353
0.53,1.426
0.654,1.396
0.205,1.368
-0.965,1.123
-2.218,0.747
2.407,-1.556
-1.683,-1.94
1.891,-0.085
1.59,0.405
1.385,-1.764
0.703,-1.726
0.621,-0.903
0.167,0.418
-0.296,-0.57
-0.974,0.812
-1.043,0.498
-1.182,0.618
-1.289,0.141
-2.088,-1.676
0.684,-0.833
-0.136,-0.338
-0.964,-1.042
-1.075,-1.295
3.08,-2.718
1.653,-2.663
-1.255,0.963
-1.67,1.031
0.066,-0.408
0.049,-0.848
-0.096,1.666
0.001,-0.853
-0.121,-1.944
-0.164,-1.841
-0.18,0.925
-0.313,0.892
-0.391,0.247
-0.376,-0.049
-0.388,1.922
-0.615,1.114
-0.488,1.448
-0.83,0.359
-0.735,-1.124
-0.861,-1.233
-0.912,-0.524
-1.01,-2.007
-1.068,-1.128
-1.127,0.394
-1.266,-1.227
-1.291,-1.111
-1.285,-0.081
-1.445,0.16
-1.319,-0.645
-1.368,0.719
-1.428,-0.833
-1.47,-0.71
-1.585,0.846
-1.753,-0.407
-2.618,-2.325
-2.6,-2.233
-2.833,-2.32
2.448,-2.493
2.378,-2.057
2.228,-2.329
1.496,-2.239
1.417,-2.12
0.948,-2.566
0.822,-2.297
-0.052,-2.214
-0.229,-2.399
-0.473,-2.431
-0.553,-2.148
-1.059,-2.422
-0.98,-2.383
-0.968,-2.352
-1.449,-2.445
-1.567,-2.275
-1.723,-2.418
-1.899,1.979
-2.305,2.089
2.517,1.987
2.107,2.018
1.868,1.991
2.0,2.102
1.764,2.062
1.127,2.03
0.535,2.103
0.659,2.073
0.21,2.045
-0.96,1.8
-2.213,1.424
2.412,-0.879
-1.678,-1.263
1.896,0.592
1.595,1.082
1.39,-1.087
0.708,-1.049
0.626,-0.226
0.172,1.095
-0.291,0.107
-0.969,1.489
-1.038,1.175
-1.177,1.295
-1.284,0.818
-2.083,-0.999
0.689,-0.156
-0.131,0.339
-0.959,-0.365
-1.07,-0.618
3.085,-2.041
1.658,-1.986
-1.25,1.64
-1.665,1.708
-0.017,-0.44
-0.162,2.074
-0.065,-0.445
-0.187,-1.536
-0.23,-1.433
-0.246,1.333
-0.379,1.3
-0.457,0.655
-0.442,0.359
-0.454,2.33
-0.681,1.522
-0.554,1.856
-0.896,0.767
-0.801,-0.716
-0.927,-0.825
-0.978,-0.116
-1.076,-1.599
-1.134,-0.72
-1.193,0.802
-1.332,-0.819
-1.357,-0.703
-1.351,0.327
-1.511,0.568
-1.385,-0.237
-1.434,1.127
-1.494,-0.425
-1.536,-0.302
-1.651,1.254
-1.819,0.001
-2.684,-1.917
-2.666,-1.825
-2.899,-1.912
2.382,-2.085
2.312,-1.649
2.162,-1.921
1.43,-1.831
1.351,-1.712
0.882,-2.158
0.756,-1.889
-0.118,-1.806
-0.295,-1.991
-0.539,-2.023
-0.619,-1.74
-1.125,-2.014
-1.046,-1.975
-1.034,-1.944
-1.515,-2.037
-1.633,-1.867
-1.789,-2.01
-1.965,2.387
-2.371,2.497
2.451,2.395
2.041,2.426
1.802,2.399
1.934,2.51
1.698,2.47
1.061,2.438
0.469,2.511
0.593,2.481
0.144,2.453
-1.026,2.208
-2.279,1.832
2.346,-0.471
-1.744,-0.855
1.83,1.0
1.529,1.49
1.324,-0.679
0.642,-0.641
0.56,0.182
0.106,1.503
-0.357,0.515
-1.035,1.897
-1.104,1.583
-1.243,1.703
-1.35,1.226
-2.149,-0.591
0.623,0.252
-0.197,0.747
-1.025,0.043
-1.136,-0.21
3.019,-1.633
1.592,-1.578
-1.316,2.048
-1.731,2.116
-0.145,2.514
-0.048,-0.005
-0.17,-1.096
-0.213,-0.993
-0.229,1.773
-0.362,1.74
-0.44,1.095
-0.425,0.799
-0.437,2.77
-0.664,1.962
-0.537,2.296
-0.879,1.207
-0.784,-0.276
-0.91,-0.385
-0.961,0.324
-1.059,-1.159
-1.117,-0.28
-1.176,1.242
-1.315,-0.379
-1.34,-0.263
-1.334,0.767
-1.494,1.008
-1.368,0.203
-1.417,1.567
-1.477,0.015
-1.519,0.138
-1.634,1.694
-1.802,0.441
-2.667,-1.477
-2.649,-1.385
-2.882,-1.472
2.399,-1.645
2.329,-1.209
2.179,-1.481
1.447,-1.391
1.368,-1.272
0.899,-1.718
0.773,-1.449
-0.101,-1.366
-0.278,-1.551
-0.522,-1.583
-0.602,-1.3
-1.108,-1.574
-1.029,-1.535
-1.017,-1.504
-1.498,-1.597
-1.616,-1.427
-1.772,-1.57
-1.948,2.827
-2.354,2.937
2.468,2.835
2.058,2.866
1.819,2.839
1.951,2.95
1.715,2.91
1.078,2.878
0.486,2.951
0.61,2.921
0.161,2.893
-1.009,2.648
-2.262,2.272
2.363,-0.031
-1.727,-0.415
1.847,1.44
1.546,1.93
1.341,-0.239
0.659,-0.201
0.577,0.622
0.123,1.943
-0.34,0.955
-1.018,2.337
-1.087,2.023
-1.226,2.143
-1.333,1.666
-2.132,-0.151
0.64,0.692
-0.18,1.187
-1.008,0.483
-1.119,0.23
3.036,-1.193
1.609,-1.138
-1.299,2.488
-1.714,2.556
0.097,-2.519
-0.025,-3.61
-0.068,-3.507
-0.084,-0.741
-0.217,-0.774
-0.295,-1.419
-0.28,-1.715
-0.292,0.256
-0.519,-0.552
-0.392,-0.218
-0.734,-1.307
-0.639,-2.79
-0.765,-2.899
-0.816,-2.19
-0.914,-3.673
-0.972,-2.794
-1.031,-1.272
-1.17,-2.893
-1.195,-2.777
-1.189,-1.747
-1.349,-1.506
-1.223,-2.311
-1.272,-0.947
-1.332,-2.499
-1.374,-2.376
-1.489,-0.82
-1.657,-2.073
-2.522,-3.991
-2.504,-3.899
-2.737,-3.986
2.544,-4.159
2.474,-3.723
2.324,-3.995
1.592,-3.905
1.513,-3.786
1.044,-4.232
0.918,-3.963
0.044,-3.88
-0.133,-4.065
-0.377,-4.097
-0.457,-3.814
-0.963,-4.088
-0.884,-4.049
-0.872,-4.018
-1.353,-4.111
-1.471,-3.941
-1.627,-4.084
-1.803,0.313
-2.209,0.423
2.613,0.321
2.203,0.352
1.964,0.325
2.096,0.436
1.86,0.396
1.223,0.364
0.631,0.437
0.755,0.407
0.306,0.379
-0.864,0.134
-2.117,-0.242
2.508,-2.545
-1.582,-2.929
1.992,-1.074
1.691,-0.584
1.486,-2.753
0.804,-2.715
0.722,-1.892
0.268,-0.571
-0.195,-1.559
-0.873,-0.177
-0.942,-0.491
-1.081,-0.371
-1.188,-0.848
-1.987,-2.665
0.785,-1.822
-0.035,-1.327
-0.863,-2.031
-0.974,-2.284
-3.102,-3.707
1.754,-3.652
-1.154,-0.026
-1.569,0.042
-0.122,-1.091
-0.165,-0.988
-0.181,1.778
-0.314,1.745
-0.392,1.1
-0.377,0.804
-0.389,2.775
-0.616,1.967
-0.489,2.301
-0.831,1.212
-0.736,-0.271
-0.862,-0.38
-0.913,0.329
-1.011,-1.154
-1.069,-0.275
-1.128,1.247
-1.267,-0.374
-1.292,-0.258
-1.286,0.772
-1.446,1.013
-1.32,0.208
-1.369,1.572
-1.429,0.02
-1.471,0.143
-1.586,1.699
-1.754,0.446
-2.619,-1.472
-2.601,-1.38
-2.834,-1.467
2.447,-1.64
2.377,-1.204
2.227,-1.476
1.495,-1.386
1.416,-1.267
0.947,-1.713
0.821,-1.444
-0.053,-1.361
-0.23,-1.546
-0.474,-1.578
-0.554,-1.295
-1.06,-1.569
-0.981,-1.53
-0.969,-1.499
-1.45,-1.592
-1.568,-1.422
-1.724,-1.565
-1.9,2.832
-2.306,2.942
2.516,2.84
2.106,2.871
1.867,2.844
1.999,2.955
1.763,2.915
1.126,2.883
0.534,2.956
0.658,2.926
0.209,2.898
-0.961,2.653
-2.214,2.277
2.411,-0.026
-1.679,-0.41
1.895,1.445
1.594,1.935
1.389,-0.234
0.707,-0.196
0.625,0.627
0.171,1.948
-0.292,0.96
-0.97,2.342
-1.039,2.028
-1.178,2.148
-1.285,1.671
-2.084,-0.146
0.688,0.697
-0.132,1.192
-0.96,0.488
-1.071,0.235
3.084,-1.188
1.657,-1.133
-1.251,2.493
-1.666,2.561
-0.043,0.103
-0.059,2.869
-0.192,2.836
-0.27,2.191
-0.255,1.895
-0.267,3.866
-0.494,3.058
-0.367,3.392
-0.709,2.303
-0.614,0.82
-0.74,0.711
-0.791,1.42
-0.889,-0.063
-0.947,0.816
-1.006,2.338
-1.145,0.717
-1.17,0.833
-1.164,1.863
-1.324,2.104
-1.198,1.299
-1.247,2.663
-1.307,1.111
-1.349,1.234
-1.464,2.79
-1.632,1.537
-2.497,-0.381
-2.479,-0.289
-2.712,-0.376
2.569,-0.549
2.499,-0.113
2.349,-0.385
1.617,-0.295
1.538,-0.176
1.069,-0.622
0.943,-0.353
0.069,-0.27
-0.108,-0.455
-0.352,-0.487
-0.432,-0.204
-0.938,-0.478
-0.859,-0.439
-0.847,-0.408
-1.328,-0.501
-1.446,-0.331
-1.602,-0.474
-1.778,3.923
-2.184,4.033
2.638,3.931
2.228,3.962
1.989,3.935
2.121,4.046
1.885,4.006
1.248,3.974
0.656,4.047
0.78,4.017
0.331,3.989
-0.839,3.744
-2.092,3.368
2.533,1.065
-1.557,0.681
2.017,2.536
1.716,3.026
1.511,0.857
0.829,0.895
0.747,1.718
0.293,3.039
-0.17,2.051
-0.848,3.433
-0.917,3.119
-1.056,3.239
-1.163,2.762
-1.962,0.945
0.81,1.788
-0.01,2.283
-0.838,1.579
-0.949,1.326
-3.077,-0.097
1.779,-0.042
-1.129,3.584
-1.544,3.652
-0.016,2.766
-0.149,2.733
-0.227,2.088
-0.212,1.792
-0.224,3.763
-0.451,2.955
-0.324,3.289
-0.666,2.2
-0.571,0.717
-0.697,0.608
-0.748,1.317
-0.846,-0.166
-0.904,0.713
-0.963,2.235
-1.102,0.614
-1.127,0.73
-1.121,1.76
-1.281,2.001
-1.155,1.196
-1.204,2.56
-1.264,1.008
-1.306,1.131
-1.421,2.687
-1.589,1.434
-2.454,-0.484
-2.436,-0.392
-2.669,-0.479
2.612,-0.652
2.542,-0.216
2.392,-0.488
1.66,-0.398
1.581,-0.279
1.112,-0.725
0.986,-0.456
0.112,-0.373
-0.065,-0.558
-0.309,-0.59
-0.389,-0.307
-0.895,-0.581
-0.816,-0.542
-0.804,-0.511
-1.285,-0.604
-1.403,-0.434
-1.559,-0.577
-1.735,3.82
-2.141,3.93
2.681,3.828
2.271,3.859
2.032,3.832
2.164,3.943
1.928,3.903
1.291,3.871
0.699,3.944
0.823,3.914
0.374,3.886
-0.796,3.641
-2.049,3.265
2.576,0.962
-1.514,0.578
2.06,2.433
1.759,2.923
1.554,0.754
0.872,0.792
0.79,1.615
0.336,2.936
-0.127,1.948
-0.805,3.33
-0.874,3.016
-1.013,3.136
-1.12,2.659
-1.919,0.842
0.853,1.685
0.033,2.18
-0.795,1.476
-0.906,1.223
-3.034,-0.2
1.822,-0.145
-1.086,3.481
-1.501,3.549
-0.133,-0.033
-0.211,-0.678
-0.196,-0.974
-0.208,0.997
-0.435,0.189
-0.308,0.523
-0.65,-0.566
-0.555,-2.049
-0.681,-2.158
-0.732,-1.449
-0.83,-2.932
-0.888,-2.053
-0.947,-0.531
-1.086,-2.152
-1.111,-2.036
-1.105,-1.006
-1.265,-0.765
-1.139,-1.57
-1.188,-0.206
-1.248,-1.758
-1.29,-1.635
-1.405,-0.079
-1.573,-1.332
-2.438,-3.25
-2.42,-3.158
-2.653,-3.245
2.628,-3.418
2.558,-2.982
2.408,-3.254
1.676,-3.164
1.597,-3.045
1.128,-3.491
1.002,-3.222
0.128,-3.139
-0.049,-3.324
-0.293,-3.356
-0.373,-3.073
-0.879,-3.347
-0.8,-3.308
-0.788,-3.277
-1.269,-3.37
-1.387,-3.2
-1.543,-3.343
-1.719,1.054
-2.125,1.164
2.697,1.062
2.287,1.093
2.048,1.066
2.18,1.177
1.944,1.137
1.307,1.105
0.715,1.178
0.839,1.148
0.39,1.12
-0.78,0.875
-2.033,0.499
2.592,-1.804
-1.498,-2.188
2.076,-0.333
1.775,0.157
1.57,-2.012
0.888,-1.974
0.806,-1.151
0.352,0.17
-0.111,-0.818
-0.789,0.564
-0.858,0.25
-0.997,0.37
-1.104,-0.107
-1.903,-1.924
0.869,-1.081
0.049,-0.586
-0.779,-1.29
-0.89,-1.543
-3.018,-2.966
1.838,-2.911
-1.07,0.715
-1.485,0.783
-0.078,-0.645
-0.063,-0.941
-0.075,1.03
-0.302,0.222
-0.175,0.556
-0.517,-0.533
-0.422,-2.016
-0.548,-2.125
-0.599,-1.416
-0.697,-2.899
-0.755,-2.02
-0.814,-0.498
-0.953,-2.119
-0.978,-2.003
-0.972,-0.973
-1.132,-0.732
-1.006,-1.537
-1.055,-0.173
-1.115,-1.725
-1.157,-1.602
-1.272,-0.046
-1.44,-1.299
-2.305,-3.217
-2.287,-3.125
-2.52,-3.212
2.761,-3.385
2.691,-2.949
2.541,-3.221
1.809,-3.131
1.73,-3.012
1.261,-3.458
1.135,-3.189
0.261,-3.106
0.084,-3.291
-0.16,-3.323
-0.24,-3.04
-0.746,-3.314
-0.667,-3.275
-0.655,-3.244
-1.136,-3.337
-1.254,-3.167
-1.41,-3.31
-1.586,1.087
-1.992,1.197
2.83,1.095
2.42,1.126
2.181,1.099
2.313,1.21
2.077,1.17
1.44,1.138
0.848,1.211
0.972,1.181
0.523,1.153
-0.647,0.908
-1.9,0.532
2.725,-1.771
-1.365,-2.155
2.209,-0.3
1.908,0.19
1.703,-1.979
1.021,-1.941
0.939,-1.118
0.485,0.203
0.022,-0.785
-0.656,0.597
-0.725,0.283
-0.864,0.403
-0.971,-0.074
-1.77,-1.891
1.002,-1.048
0.182,-0.553
-0.646,-1.257
-0.757,-1.51
-2.885,-2.933
1.971,-2.878
-0.937,0.748
-1.352,0.816
0.015,-0.296
0.003,1.675
-0.224,0.867
-0.097,1.201
-0.439,0.112
-0.344,-1.371
-0.47,-1.48
-0.521,-0.771
-0.619,-2.254
-0.677,-1.375
-0.736,0.147
-0.875,-1.474
-0.9,-1.358
-0.894,-0.328
-1.054,-0.087
-0.928,-0.892
-0.977,0.472
-1.037,-1.08
-1.079,-0.957
-1.194,0.599
-1.362,-0.654
-2.227,-2.572
-2.209,-2.48
-2.442,-2.567
2.839,-2.74
2.769,-2.304
2.619,-2.576
1.887,-2.486
1.808,-2.367
1.339,-2.813
1.213,-2.544
0.339,-2.461
0.162,-2.646
-0.082,-2.678
-0.162,-2.395
-0.668,-2.669
-0.589,-2.63
-0.577,-2.599
-1.058,-2.692
-1.176,-2.522
-1.332,-2.665
-1.508,1.732
-1.914,1.842
2.908,1.74
2.498,1.771
2.259,1.744
2.391,1.855
2.155,1.815
1.518,1.783
0.926,1.856
1.05,1.826
0.601,1.798
-0.569,1.553
-1.822,1.177
2.803,-1.126
-1.287,-1.51
2.287,0.345
1.986,0.835
1.781,-1.334
1.099,-1.296
1.017,-0.473
0.563,0.848
0.1,-0.14
-0.578,1.242
-0.647,0.928
-0.786,1.048
-0.893,0.571
-1.692,-1.246
1.08,-0.403
0.26,0.092
-0.568,-0.612
-0.679,-0.865
-2.807,-2.288
2.049,-2.233
-0.859,1.393
-1.274,1.461
-0.012,1.971
-0.239,1.163
-0.112,1.497
-0.454,0.408
-0.359,-1.075
-0.485,-1.184
-0.536,-0.475
-0.634,-1.958
-0.692,-1.079
-0.751,0.443
-0.89,-1.178
-0.915,-1.062
-0.909,-0.032
-1.069,0.209
-0.943,-0.596
-0.992,0.768
-1.052,-0.784
-1.094,-0.661
-1.209,0.895
-1.377,-0.358
-2.242,-2.276
-2.224,-2.184
-2.457,-2.271
2.824,-2.444
2.754,-2.008
2.604,-2.28
1.872,-2.19
1.793,-2.071
1.324,-2.517
1.198,-2.248
0.324,-2.165
0.147,-2.35
-0.097,-2.382
-0.177,-2.099
-0.683,-2.373
-0.604,-2.334
-0.592,-2.303
-1.073,-2.396
-1.191,-2.226
-1.347,-2.369
-1.523,2.028
-1.929,2.138
2.893,2.036
2.483,2.067
2.244,2.04
2.376,2.151
2.14,2.111
1.503,2.079
0.911,2.152
1.035,2.122
0.586,2.094
-0.584,1.849
-1.837,1.473
2.788,-0.83
-1.302,-1.214
2.272,0.641
1.971,1.131
1.766,-1.038
1.084,-1.0
1.002,-0.177
0.548,1.144
0.085,0.156
-0.593,1.538
-0.662,1.224
-0.801,1.344
-0.908,0.867
-1.707,-0.95
1.065,-0.107
0.245,0.388
-0.583,-0.316
-0.694,-0.569
-2.822,-1.992
2.034,-1.937
-0.874,1.689
-1.289,1.757
-0.227,-0.808
-0.1,-0.474
-0.442,-1.563
-0.347,-3.046
-0.473,-3.155
-0.524,-2.446
-0.622,-3.929
-0.68,-3.05
-0.739,-1.528
-0.878,-3.149
-0.903,-3.033
-0.897,-2.003
-1.057,-1.762
-0.931,-2.567
-0.98,-1.203
-1.04,-2.755
-1.082,-2.632
-1.197,-1.076
-1.365,-2.329
-2.23,-4.247
-2.212,-4.155
-2.445,-4.242
2.836,-4.415
2.766,-3.979
2.616,-4.251
1.884,-4.161
1.805,-4.042
1.336,-4.488
1.21,-4.219
0.336,-4.136
0.159,-4.321
-0.085,-4.353
-0.165,-4.07
-0.671,-4.344
-0.592,-4.305
-0.58,-4.274
-1.061,-4.367
-1.179,-4.197
-1.335,-4.34
-1.511,0.057
-1.917,0.167
2.905,0.065
2.495,0.096
2.256,0.069
2.388,0.18
2.152,0.14
1.515,0.108
0.923,0.181
1.047,0.151
0.598,0.123
-0.572,-0.122
-1.825,-0.498
2.8,-2.801
-1.29,-3.185
2.284,-1.33
1.983,-0.84
1.778,-3.009
1.096,-2.971
1.014,-2.148
0.56,-0.827
0.097,-1.815
-0.581,-0.433
-0.65,-0.747
-0.789,-0.627
-0.896,-1.104
-1.695,-2.921
1.077,-2.078
0.257,-1.583
-0.571,-2.287
-0.682,-2.54
-2.81,-3.963
2.046,-3.908
-0.862,-0.282
-1.277,-0.214
0.127,0.334
-0.215,-0.755
-0.12,-2.238
-0.246,-2.347
-0.297,-1.638
-0.395,-3.121
-0.453,-2.242
-0.512,-0.72
-0.651,-2.341
-0.676,-2.225
-0.67,-1.195
-0.83,-0.954
-0.704,-1.759
-0.753,-0.395
-0.813,-1.947
-0.855,-1.824
-0.97,-0.268
-1.138,-1.521
-2.003,-3.439
-1.985,-3.347
-2.218,-3.434
3.063,-3.607
2.993,-3.171
2.843,-3.443
2.111,-3.353
2.032,-3.234
1.563,-3.68
1.437,-3.411
0.563,-3.328
0.386,-3.513
0.142,-3.545
0.062,-3.262
-0.444,-3.536
-0.365,-3.497
-0.353,-3.466
-0.834,-3.559
-0.952,-3.389
-1.108,-3.532
-1.284,0.865
-1.69,0.975
3.132,0.873
2.722,0.904
2.483,0.877
2.615,0.988
2.379,0.948
1.742,0.916
1.15,0.989
1.274,0.959
0.825,0.931
-0.345,0.686
-1.598,0.31
3.027,-1.993
-1.063,-2.377
2.511,-0.522
2.21,-0.032
2.005,-2.201
1.323,-2.163
1.241,-1.34
0.787,-0.019
0.324,-1.007
-0.354,0.375
-0.423,0.061
-0.562,0.181
-0.669,-0.296
-1.468,-2.113
1.304,-1.27
0.484,-0.775
-0.344,-1.479
-0.455,-1.732
-2.583,-3.155
2.273,-3.1
-0.635,0.526
-1.05,0.594
-0.342,-1.089
-0.247,-2.572
-0.373,-2.681
-0.424,-1.972
-0.522,-3.455
-0.58,-2.576
-0.639,-1.054
-0.778,-2.675
-0.803,-2.559
-0.797,-1.529
-0.957,-1.288
-0.831,-2.093
-0.88,-0.729
-0.94,-2.281
-0.982,-2.158
-1.097,-0.602
-1.265,-1.855
-2.13,-3.773
-2.112,-3.681
-2.345,-3.768
2.936,-3.941
2.866,-3.505
2.716,-3.777
1.984,-3.687
1.905,-3.568
1.436,-4.014
1.31,-3.745
0.436,-3.662
0.259,-3.847
0.015,-3.879
-0.065,-3.596
-0.571,-3.87
-0.492,-3.831
-0.48,-3.8
-0.961,-3.893
-1.079,-3.723
-1.235,-3.866
-1.411,0.531
-1.817,0.641
3.005,0.539
2.595,0.57
2.356,0.543
2.488,0.654
2.252,0.614
1.615,0.582
1.023,0.655
1.147,0.625
0.698,0.597
-0.472,0.352
-1.725,-0.024
2.9,-2.327
-1.19,-2.711
2.384,-0.856
2.083,-0.366
1.878,-2.535
1.196,-2.497
1.114,-1.674
0.66,-0.353
0.197,-1.341
-0.481,0.041
-0.55,-0.273
-0.689,-0.153
-0.796,-0.63
-1.595,-2.447
1.177,-1.604
0.357,-1.109
-0.471,-1.813
-0.582,-2.066
-2.71,-3.489
2.146,-3.434
-0.762,0.192
-1.177,0.26
0.095,-1.483
-0.031,-1.592
-0.082,-0.883
-0.18,-2.366
-0.238,-1.487
-0.297,0.035
-0.436,-1.586
-0.461,-1.47
-0.455,-0.44
-0.615,-0.199
-0.489,-1.004
-0.538,0.36
-0.598,-1.192
-0.64,-1.069
-0.755,0.487
-0.923,-0.766
-1.788,-2.684
-1.77,-2.592
-2.003,-2.679
-3.005,-2.852
-3.075,-2.416
3.058,-2.688
2.326,-2.598
2.247,-2.479
1.778,-2.925
1.652,-2.656
0.778,-2.573
0.601,-2.758
0.357,-2.79
0.277,-2.507
-0.229,-2.781
-0.15,-2.742
-0.138,-2.711
-0.619,-2.804
-0.737,-2.634
-0.893,-2.777
-1.069,1.62
-1.475,1.73
-2.936,1.628
2.937,1.659
2.698,1.632
2.83,1.743
2.594,1.703
1.957,1.671
1.365,1.744
1.489,1.714
1.04,1.686
-0.13,1.441
-1.383,1.065
-3.041,-1.238
-0.848,-1.622
2.726,0.233
2.425,0.723
2.22,-1.446
1.538,-1.408
1.456,-0.585
1.002,0.736
0.539,-0.252
-0.139,1.13
-0.208,0.816
-0.347,0.936
-0.454,0.459
-1.253,-1.358
1.519,-0.515
0.699,-0.02
-0.129,-0.724
-0.24,-0.977
-2.368,-2.4
2.488,-2.345
-0.42,1.281
-0.835,1.349
-0.126,-0.109
-0.177,0.6
-0.275,-0.883
-0.333,-0.004
-0.392,1.518
-0.531,-0.103
-0.556,0.013
-0.55,1.043
-0.71,1.284
-0.584,0.479
-0.633,1.843
-0.693,0.291
-0.735,0.414
-0.85,1.97
-1.018,0.717
-1.883,-1.201
-1.865,-1.109
-2.098,-1.196
-3.1,-1.369
3.113,-0.933
2.963,-1.205
2.231,-1.115
2.152,-0.996
1.683,-1.442
1.557,-1.173
0.683,-1.09
0.506,-1.275
0.262,-1.307
0.182,-1.024
-0.324,-1.298
-0.245,-1.259
-0.233,-1.228
-0.714,-1.321
-0.832,-1.151
-0.988,-1.294
-1.164,3.103
-1.57,3.213
-3.031,3.111
2.842,3.142
2.603,3.115
2.735,3.226
2.499,3.186
1.862,3.154
1.27,3.227
1.394,3.197
0.945,3.169
-0.225,2.924
-1.478,2.548
-3.136,0.245
-0.943,-0.139
2.631,1.716
2.33,2.206
2.125,0.037
1.443,0.075
1.361,0.898
0.907,2.219
0.444,1.231
-0.234,2.613
-0.303,2.299
-0.442,2.419
-0.549,1.942
-1.348,0.125
1.424,0.968
0.604,1.463
-0.224,0.759
-0.335,0.506
-2.463,-0.917
2.393,-0.862
-0.515,2.764
-0.93,2.832
-0.051,0.709
-0.149,-0.774
-0.207,0.105
-0.266,1.627
-0.405,0.006
-0.43,0.122
-0.424,1.152
-0.584,1.393
-0.458,0.588
-0.507,1.952
-0.567,0.4
-0.609,0.523
-0.724,2.079
-0.892,0.826
-1.757,-1.092
-1.739,-1.0
-1.972,-1.087
-2.974,-1.26
-3.044,-0.824
3.089,-1.096
2.357,-1.006
2.278,-0.887
1.809,-1.333
1.683,-1.064
0.809,-0.981
0.632,-1.166
0.388,-1.198
0.308,-0.915
-0.198,-1.189
-0.119,-1.15
-0.107,-1.119
-0.588,-1.212
-0.706,-1.042
-0.862,-1.185
-1.038,3.212
-1.444,3.322
-2.905,3.22
2.968,3.251
2.729,3.224
2.861,3.335
2.625,3.295
1.988,3.263
1.396,3.336
1.52,3.306
1.071,3.278
-0.099,3.033
-1.352,2.657
-3.01,0.354
-0.817,-0.03
2.757,1.825
2.456,2.315
2.251,0.146
1.569,0.184
1.487,1.007
1.033,2.328
0.57,1.34
-0.108,2.722
-0.177,2.408
-0.316,2.528
-0.423,2.051
-1.222,0.234
1.55,1.077
0.73,1.572
-0.098,0.868
-0.209,0.615
-2.337,-0.808
2.519,-0.753
-0.389,2.873
-0.804,2.941
-0.098,-1.483
-0.156,-0.604
-0.215,0.918
-0.354,-0.703
-0.379,-0.587
-0.373,0.443
-0.533,0.684
-0.407,-0.121
-0.456,1.243
-0.516,-0.309
-0.558,-0.186
-0.673,1.37
-0.841,0.117
-1.706,-1.801
-1.688,-1.709
-1.921,-1.796
-2.923,-1.969
-2.993,-1.533
3.14,-1.805
2.408,-1.715
2.329,-1.596
1.86,-2.042
1.734,-1.773
0.86,-1.69
0.683,-1.875
0.439,-1.907
0.359,-1.624
-0.147,-1.898
-0.068,-1.859
-0.056,-1.828
-0.537,-1.921
-0.655,-1.751
-0.811,-1.894
-0.987,2.503
-1.393,2.613
-2.854,2.511
3.019,2.542
2.78,2.515
2.912,2.626
2.676,2.586
2.039,2.554
1.447,2.627
1.571,2.597
1.122,2.569
-0.048,2.324
-1.301,1.948
-2.959,-0.355
-0.766,-0.739
2.808,1.116
2.507,1.606
2.302,-0.563
1.62,-0.525
1.538,0.298
1.084,1.619
0.621,0.631
-0.057,2.013
-0.126,1.699
-0.265,1.819
-0.372,1.342
-1.171,-0.475
1.601,0.368
0.781,0.863
-0.047,0.159
-0.158,-0.094
-2.286,-1.517
2.57,-1.462
-0.338,2.164
-0.753,2.232
-0.058,0.879
-0.117,2.401
-0.256,0.78
-0.281,0.896
-0.275,1.926
-0.435,2.167
-0.309,1.362
-0.358,2.726
-0.418,1.174
-0.46,1.297
-0.575,2.853
-0.743,1.6
-1.608,-0.318
-1.59,-0.226
-1.823,-0.313
-2.825,-0.486
-2.895,-0.05
-3.045,-0.322
2.506,-0.232
2.427,-0.113
1.958,-0.559
1.832,-0.29
0.958,-0.207
0.781,-0.392
0.537,-0.424
0.457,-0.141
-0.049,-0.415
0.03,-0.376
0.042,-0.345
-0.439,-0.438
-0.557,-0.268
-0.713,-0.411
-0.889,3.986
-1.295,4.096
-2.756,3.994
3.117,4.025
2.878,3.998
3.01,4.109
2.774,4.069
2.137,4.037
1.545,4.11
1.669,4.08
1.22,4.052
0.05,3.807
-1.203,3.431
-2.861,1.128
-0.668,0.744
2.906,2.599
2.605,3.089
2.4,0.92
1.718,0.958
1.636,1.781
1.182,3.102
0.719,2.114
0.041,3.496
-0.028,3.182
-0.167,3.302
-0.274,2.825
-1.073,1.008
1.699,1.851
0.879,2.346
0.051,1.642
-0.06,1.389
-2.188,-0.034
2.668,0.021
-0.24,3.647
-0.655,3.715
-0.059,1.522
-0.198,-0.099
-0.223,0.017
-0.217,1.047
-0.377,1.288
-0.251,0.483
-0.3,1.847
-0.36,0.295
-0.402,0.418
-0.517,1.974
-0.685,0.721
-1.55,-1.197
-1.532,-1.105
-1.765,-1.192
-2.767,-1.365
-2.837,-0.929
-2.987,-1.201
2.564,-1.111
2.485,-0.992
2.016,-1.438
1.89,-1.169
1.016,-1.086
0.839,-1.271
0.595,-1.303
0.515,-1.02
0.009,-1.294
0.088,-1.255
0.1,-1.224
-0.381,-1.317
-0.499,-1.147
-0.655,-1.29
-0.831,3.107
-1.237,3.217
-2.698,3.115
-3.108,3.146
2.936,3.119
3.068,3.23
2.832,3.19
2.195,3.158
1.603,3.231
1.727,3.201
1.278,3.173
0.108,2.928
-1.145,2.552
-2.803,0.249
-0.61,-0.135
2.964,1.72
2.663,2.21
2.458,0.041
1.776,0.079
1.694,0.902
1.24,2.223
0.777,1.235
0.099,2.617
0.03,2.303
-0.109,2.423
-0.216,1.946
-1.015,0.129
1.757,0.972
0.937,1.467
0.109,0.763
-0.002,0.51
-2.13,-0.913
2.726,-0.858
-0.182,2.768
-0.597,2.836
-0.139,-1.621
-0.164,-1.505
-0.158,-0.475
-0.318,-0.234
-0.192,-1.039
-0.241,0.325
-0.301,-1.227
-0.343,-1.104
-0.458,0.452
-0.626,-0.801
-1.491,-2.719
-1.473,-2.627
-1.706,-2.714
-2.708,-2.887
-2.778,-2.451
-2.928,-2.723
2.623,-2.633
2.544,-2.514
2.075,-2.96
1.949,-2.691
1.075,-2.608
0.898,-2.793
0.654,-2.825
0.574,-2.542
0.068,-2.816
0.147,-2.777
0.159,-2.746
-0.322,-2.839
-0.44,-2.669
-0.596,-2.812
-0.772,1.585
-1.178,1.695
-2.639,1.593
-3.049,1.624
2.995,1.597
3.127,1.708
2.891,1.668
2.254,1.636
1.662,1.709
1.786,1.679
1.337,1.651
0.167,1.406
-1.086,1.03
-2.744,-1.273
-0.551,-1.657
3.023,0.198
2.722,0.688
2.517,-1.481
1.835,-1.443
1.753,-0.62
1.299,0.701
0.836,-0.287
0.158,1.095
0.089,0.781
-0.05,0.901
-0.157,0.424
-0.956,-1.393
1.816,-0.55
0.996,-0.055
0.168,-0.759
0.057,-1.012
-2.071,-2.435
2.785,-2.38
-0.123,1.246
-0.538,1.314
-0.025,0.116
-0.019,1.146
-0.179,1.387
-0.053,0.582
-0.102,1.946
-0.162,0.394
-0.204,0.517
-0.319,2.073
-0.487,0.82
-1.352,-1.098
-1.334,-1.006
-1.567,-1.093
-2.569,-1.266
-2.639,-0.83
-2.789,-1.102
2.762,-1.012
2.683,-0.893
2.214,-1.339
2.088,-1.07
1.214,-0.987
1.037,-1.172
0.793,-1.204
0.713,-0.921
0.207,-1.195
0.286,-1.156
0.298,-1.125
-0.183,-1.218
-0.301,-1.048
-0.457,-1.191
-0.633,3.206
-1.039,3.316
-2.5,3.214
-2.91,3.245
3.134,3.218
-3.017,3.329
3.03,3.289
2.393,3.257
1.801,3.33
1.925,3.3
1.476,3.272
0.306,3.027
-0.947,2.651
-2.605,0.348
-0.412,-0.036
-3.121,1.819
2.861,2.309
2.656,0.14
1.974,0.178
1.892,1.001
1.438,2.322
0.975,1.334
0.297,2.716
0.228,2.402
0.089,2.522
-0.018,2.045
-0.817,0.228
1.955,1.071
1.135,1.566
0.307,0.862
0.196,0.609
-1.932,-0.814
2.924,-0.759
0.016,2.867
-0.399,2.935
0.006,1.03
-0.154,1.271
-0.028,0.466
-0.077,1.83
-0.137,0.278
-0.179,0.401
-0.294,1.957
-0.462,0.704
-1.327,-1.214
-1.309,-1.122
-1.542,-1.209
-2.544,-1.382
-2.614,-0.946
-2.764,-1.218
2.787,-1.128
2.708,-1.009
2.239,-1.455
2.113,-1.186
1.239,-1.103
1.062,-1.288
0.818,-1.32
0.738,-1.037
0.232,-1.311
0.311,-1.272
0.323,-1.241
-0.158,-1.334
-0.276,-1.164
-0.432,-1.307
-0.608,3.09
-1.014,3.2
-2.475,3.098
-2.885,3.129
-3.124,3.102
-2.992,3.213
3.055,3.173
2.418,3.141
1.826,3.214
1.95,3.184
1.501,3.156
0.331,2.911
-0.922,2.535
-2.58,0.232
-0.387,-0.152
-3.096,1.703
2.886,2.193
2.681,0.024
1.999,0.062
1.917,0.885
1.463,2.206
1.0,1.218
0.322,2.6
0.253,2.286
0.114,2.406
0.007,1.929
-0.792,0.112
1.98,0.955
1.16,1.45
0.332,0.746
0.221,0.493
-1.907,-0.93
2.949,-0.875
0.041,2.751
-0.374,2.819
-0.16,0.241
-0.034,-0.564
-0.083,0.8
-0.143,-0.752
-0.185,-0.629
-0.3,0.927
-0.468,-0.326
-1.333,-2.244
-1.315,-2.152
-1.548,-2.239
-2.55,-2.412
-2.62,-1.976
-2.77,-2.248
2.781,-2.158
2.702,-2.039
2.233,-2.485
2.107,-2.216
1.233,-2.133
1.056,-2.318
0.812,-2.35
0.732,-2.067
0.226,-2.341
0.305,-2.302
0.317,-2.271
-0.164,-2.364
-0.282,-2.194
-0.438,-2.337
-0.614,2.06
-1.02,2.17
-2.481,2.068
-2.891,2.099
-3.13,2.072
-2.998,2.183
3.049,2.143
2.412,2.111
1.82,2.184
1.944,2.154
1.495,2.126
0.325,1.881
-0.928,1.505
-2.586,-0.798
-0.393,-1.182
-3.102,0.673
2.88,1.163
2.675,-1.006
1.993,-0.968
1.911,-0.145
1.457,1.176
0.994,0.188
0.316,1.57
0.247,1.256
0.108,1.376
0.001,0.899
-0.798,-0.918
1.974,-0.075
1.154,0.42
0.326,-0.284
0.215,-0.537
-1.913,-1.96
2.943,-1.905
0.035,1.721
-0.38,1.789
0.126,-0.805
0.077,0.559
0.017,-0.993
-0.025,-0.87
-0.14,0.686
-0.308,-0.567
-1.173,-2.485
-1.155,-2.393
-1.388,-2.48
-2.39,-2.653
-2.46,-2.217
-2.61,-2.489
2.941,-2.399
2.862,-2.28
2.393,-2.726
2.267,-2.457
1.393,-2.374
1.216,-2.559
0.972,-2.591
0.892,-2.308
0.386,-2.582
0.465,-2.543
0.477,-2.512
-0.004,-2.605
-0.122,-2.435
-0.278,-2.578
-0.454,1.819
-0.86,1.929
-2.321,1.827
-2.731,1.858
-2.97,1.831
-2.838,1.942
-3.074,1.902
2.572,1.87
1.98,1.943
2.104,1.913
1.655,1.885
0.485,1.64
-0.768,1.264
-2.426,-1.039
-0.233,-1.423
-2.942,0.432
3.04,0.922
2.835,-1.247
2.153,-1.209
2.071,-0.386
1.617,0.935
1.154,-0.053
0.476,1.329
0.407,1.015
0.268,1.135
0.161,0.658
-0.638,-1.159
2.134,-0.316
1.314,0.179
0.486,-0.525
0.375,-0.778
-1.753,-2.201
3.103,-2.146
0.195,1.48
-0.22,1.548
-0.049,1.364
-0.109,-0.188
-0.151,-0.065
-0.266,1.491
-0.434,0.238
-1.299,-1.68
-1.281,-1.588
-1.514,-1.675
-2.516,-1.848
-2.586,-1.412
-2.736,-1.684
2.815,-1.594
2.736,-1.475
2.267,-1.921
2.141,-1.652
1.267,-1.569
1.09,-1.754
0.846,-1.786
0.766,-1.503
0.26,-1.777
0.339,-1.738
0.351,-1.707
-0.13,-1.8
-0.248,-1.63
-0.404,-1.773
-0.58,2.624
-0.986,2.734
-2.447,2.632
-2.857,2.663
-3.096,2.636
-2.964,2.747
3.083,2.707
2.446,2.675
1.854,2.748
1.978,2.718
1.529,2.69
0.359,2.445
-0.894,2.069
-2.552,-0.234
-0.359,-0.618
-3.068,1.237
2.914,1.727
2.709,-0.442
2.027,-0.404
1.945,0.419
1.491,1.74
1.028,0.752
0.35,2.134
0.281,1.82
0.142,1.94
0.035,1.463
-0.764,-0.354
2.008,0.489
1.188,0.984
0.36,0.28
0.249,0.027
-1.879,-1.396
2.977,-1.341
0.069,2.285
-0.346,2.353
-0.06,-1.552
-0.102,-1.429
-0.217,0.127
-0.385,-1.126
-1.25,-3.044
-1.232,-2.952
-1.465,-3.039
-2.467,-3.212
-2.537,-2.776
-2.687,-3.048
2.864,-2.958
2.785,-2.839
2.316,-3.285
2.19,-3.016
1.316,-2.933
1.139,-3.118
0.895,-3.15
0.815,-2.867
0.309,-3.141
0.388,-3.102
0.4,-3.071
-0.081,-3.164
-0.199,-2.994
-0.355,-3.137
-0.531,1.26
-0.937,1.37
-2.398,1.268
-2.808,1.299
-3.047,1.272
-2.915,1.383
3.132,1.343
2.495,1.311
1.903,1.384
2.027,1.354
1.578,1.326
0.408,1.081
-0.845,0.705
-2.503,-1.598
-0.31,-1.982
-3.019,-0.127
2.963,0.363
2.758,-1.806
2.076,-1.768
1.994,-0.945
1.54,0.376
1.077,-0.612
0.399,0.77
0.33,0.456
0.191,0.576
0.084,0.099
-0.715,-1.718
2.057,-0.875
1.237,-0.38
0.409,-1.084
0.298,-1.337
-1.83,-2.76
3.026,-2.705
0.118,0.921
-0.297,0.989
-0.042,0.123
-0.157,1.679
-0.325,0.426
-1.19,-1.492
-1.172,-1.4
-1.405,-1.487
-2.407,-1.66
-2.477,-1.224
-2.627,-1.496
2.924,-1.406
2.845,-1.287
2.376,-1.733
2.25,-1.464
1.376,-1.381
1.199,-1.566
0.955,-1.598
0.875,-1.315
0.369,-1.589
0.448,-1.55
0.46,-1.519
-0.021,-1.612
-0.139,-1.442
-0.295,-1.585
-0.471,2.812
-0.877,2.922
-2.338,2.82
-2.748,2.851
-2.987,2.824
-2.855,2.935
-3.091,2.895
2.555,2.863
1.963,2.936
2.087,2.906
1.638,2.878
0.468,2.633
-0.785,2.257
-2.443,-0.046
-0.25,-0.43
-2.959,1.425
3.023,1.915
2.818,-0.254
2.136,-0.216
2.054,0.607
1.6,1.928
1.137,0.94
0.459,2.322
0.39,2.008
0.251,2.128
0.144,1.651
-0.655,-0.166
2.117,0.677
1.297,1.172
0.469,0.468
0.358,0.215
-1.77,-1.208
3.086,-1.153
0.178,2.473
-0.237,2.541
-0.115,1.556
-0.283,0.303
-1.148,-1.615
-1.13,-1.523
-1.363,-1.61
-2.365,-1.783
-2.435,-1.347
-2.585,-1.619
2.966,-1.529
2.887,-1.41
2.418,-1.856
2.292,-1.587
1.418,-1.504
1.241,-1.689
0.997,-1.721
0.917,-1.438
0.411,-1.712
0.49,-1.673
0.502,-1.642
0.021,-1.735
-0.097,-1.565
-0.253,-1.708
-0.429,2.689
-0.835,2.799
-2.296,2.697
-2.706,2.728
-2.945,2.701
-2.813,2.812
-3.049,2.772
2.597,2.74
2.005,2.813
2.129,2.783
1.68,2.755
0.51,2.51
-0.743,2.134
-2.401,-0.169
-0.208,-0.553
-2.917,1.302
3.065,1.792
2.86,-0.377
2.178,-0.339
2.096,0.484
1.642,1.805
1.179,0.817
0.501,2.199
0.432,1.885
0.293,2.005
0.186,1.528
-0.613,-0.289
2.159,0.554
1.339,1.049
0.511,0.345
0.4,0.092
-1.728,-1.331
3.128,-1.276
0.22,2.35
-0.195,2.418
-0.168,-1.253
-1.033,-3.171
-1.015,-3.079
-1.248,-3.166
-2.25,-3.339
-2.32,-2.903
-2.47,-3.175
3.081,-3.085
3.002,-2.966
2.533,-3.412
2.407,-3.143
1.533,-3.06
1.356,-3.245
1.112,-3.277
1.032,-2.994
0.526,-3.268
0.605,-3.229
0.617,-3.198
0.136,-3.291
0.018,-3.121
-0.138,-3.264
-0.314,1.133
-0.72,1.243
-2.181,1.141
-2.591,1.172
-2.83,1.145
-2.698,1.256
-2.934,1.216
2.712,1.184
2.12,1.257
2.244,1.227
1.795,1.199
0.625,0.954
-0.628,0.578
-2.286,-1.725
-0.093,-2.109
-2.802,-0.254
-3.103,0.236
2.975,-1.933
2.293,-1.895
2.211,-1.072
1.757,0.249
1.294,-0.739
0.616,0.643
0.547,0.329
0.408,0.449
0.301,-0.028
-0.498,-1.845
2.274,-1.002
1.454,-0.507
0.626,-1.211
0.515,-1.464
-1.613,-2.887
-3.04,-2.832
0.335,0.794
-0.08,0.862
-0.865,-1.918
-0.847,-1.826
-1.08,-1.913
-2.082,-2.086
-2.152,-1.65
-2.302,-1.922
-3.034,-1.832
-3.113,-1.713
2.701,-2.159
2.575,-1.89
1.701,-1.807
1.524,-1.992
1.28,-2.024
1.2,-1.741
0.694,-2.015
0.773,-1.976
0.785,-1.945
0.304,-2.038
0.186,-1.868
0.03,-2.011
-0.146,2.386
-0.552,2.496
-2.013,2.394
-2.423,2.425
-2.662,2.398
-2.53,2.509
-2.766,2.469
2.88,2.437
2.288,2.51
2.412,2.48
1.963,2.452
0.793,2.207
-0.46,1.831
-2.118,-0.472
0.075,-0.856
-2.634,0.999
-2.935,1.489
-3.14,-0.68
2.461,-0.642
2.379,0.181
1.925,1.502
1.462,0.514
0.784,1.896
0.715,1.582
0.576,1.702
0.469,1.225
-0.33,-0.592
2.442,0.251
1.622,0.746
0.794,0.042
0.683,-0.211
-1.445,-1.634
-2.872,-1.579
0.503,2.047
0.088,2.115
0.018,0.092
-0.215,0.005
-1.217,-0.168
-1.287,0.268
-1.437,-0.004
-2.169,0.086
-2.248,0.205
-2.717,-0.241
-2.843,0.028
2.566,0.111
2.389,-0.074
2.145,-0.106
2.065,0.177
1.559,-0.097
1.638,-0.058
1.65,-0.027
1.169,-0.12
1.051,0.05
0.895,-0.093
0.719,4.304
0.313,4.414
-1.148,4.312
-1.558,4.343
-1.797,4.316
-1.665,4.427
-1.901,4.387
-2.538,4.355
-3.13,4.428
-3.006,4.398
2.828,4.37
1.658,4.125
0.405,3.749
-1.253,1.446
0.94,1.062
-1.769,2.917
-2.07,3.407
-2.275,1.238
-2.957,1.276
-3.039,2.099
2.79,3.42
2.327,2.432
1.649,3.814
1.58,3.5
1.441,3.62
1.334,3.143
0.535,1.326
-2.976,2.169
2.487,2.664
1.659,1.96
1.548,1.707
-0.58,0.284
-2.007,0.339
1.368,3.965
0.953,4.033
-0.233,-0.087
-1.235,-0.26
-1.305,0.176
-1.455,-0.096
-2.187,-0.006
-2.266,0.113
-2.735,-0.333
-2.861,-0.064
2.548,0.019
2.371,-0.166
2.127,-0.198
2.047,0.085
1.541,-0.189
1.62,-0.15
1.632,-0.119
1.151,-0.212
1.033,-0.042
0.877,-0.185
0.701,4.212
0.295,4.322
-1.166,4.22
-1.576,4.251
-1.815,4.224
-1.683,4.335
-1.919,4.295
-2.556,4.263
3.135,4.336
-3.024,4.306
2.81,4.278
1.64,4.033
0.387,3.657
-1.271,1.354
0.922,0.97
-1.787,2.825
-2.088,3.315
-2.293,1.146
-2.975,1.184
-3.057,2.007
2.772,3.328
2.309,2.34
1.631,3.722
1.562,3.408
1.423,3.528
1.316,3.051
0.517,1.234
-2.994,2.077
2.469,2.572
1.641,1.868
1.53,1.615
-0.598,0.192
-2.025,0.247
1.35,3.873
0.935,3.941
-1.002,-0.173
-1.072,0.263
-1.222,-0.009
-1.954,0.081
-2.033,0.2
-2.502,-0.246
-2.628,0.023
2.781,0.106
2.604,-0.079
2.36,-0.111
2.28,0.172
1.774,-0.102
1.853,-0.063
1.865,-0.032
1.384,-0.125
1.266,0.045
1.11,-0.098
0.934,4.299
0.528,4.409
-0.933,4.307
-1.343,4.338
-1.582,4.311
-1.45,4.422
-1.686,4.382
-2.323,4.35
-2.915,4.423
-2.791,4.393
3.043,4.365
1.873,4.12
0.62,3.744
-1.038,1.441
1.155,1.057
-1.554,2.912
-1.855,3.402
-2.06,1.233
-2.742,1.271
-2.824,2.094
3.005,3.415
2.542,2.427
1.864,3.809
1.795,3.495
1.656,3.615
1.549,3.138
0.75,1.321
-2.761,2.164
2.702,2.659
1.874,1.955
1.763,1.702
-0.365,0.279
-1.792,0.334
1.583,3.96
1.168,4.028
-0.07,0.436
-0.22,0.164
-0.952,0.254
-1.031,0.373
-1.5,-0.073
-1.626,0.196
-2.5,0.279
-2.677,0.094
-2.921,0.062
-3.001,0.345
2.776,0.071
2.855,0.11
2.867,0.141
2.386,0.048
2.268,0.218
2.112,0.075
1.936,4.472
1.53,4.582
0.069,4.48
-0.341,4.511
-0.58,4.484
-0.448,4.595
-0.684,4.555
-1.321,4.523
-1.913,4.596
-1.789,4.566
-2.238,4.538
2.875,4.293
1.622,3.917
-0.036,1.614
2.157,1.23
-0.552,3.085
-0.853,3.575
-1.058,1.406
-1.74,1.444
-1.822,2.267
-2.276,3.588
-2.739,2.6
2.866,3.982
2.797,3.668
2.658,3.788
2.551,3.311
1.752,1.494
-1.759,2.337
-2.579,2.832
2.876,2.128
2.765,1.875
0.637,0.452
-0.79,0.507
2.585,4.133
2.17,4.201
-0.15,-0.272
-0.882,-0.182
-0.961,-0.063
-1.43,-0.509
-1.556,-0.24
-2.43,-0.157
-2.607,-0.342
-2.851,-0.374
-2.931,-0.091
2.846,-0.365
2.925,-0.326
2.937,-0.295
2.456,-0.388
2.338,-0.218
2.182,-0.361
2.006,4.036
1.6,4.146
0.139,4.044
-0.271,4.075
-0.51,4.048
-0.378,4.159
-0.614,4.119
-1.251,4.087
-1.843,4.16
-1.719,4.13
-2.168,4.102
2.945,3.857
1.692,3.481
0.034,1.178
2.227,0.794
-0.482,2.649
-0.783,3.139
-0.988,0.97
-1.67,1.008
-1.752,1.831
-2.206,3.152
-2.669,2.164
2.936,3.546
2.867,3.232
2.728,3.352
2.621,2.875
1.822,1.058
-1.689,1.901
-2.509,2.396
2.946,1.692
2.835,1.439
0.707,0.016
-0.72,0.071
2.655,3.697
2.24,3.765
-0.732,0.09
-0.811,0.209
-1.28,-0.237
-1.406,0.032
-2.28,0.115
-2.457,-0.07
-2.701,-0.102
-2.781,0.181
2.996,-0.093
3.075,-0.054
3.087,-0.023
2.606,-0.116
2.488,0.054
2.332,-0.089
2.156,4.308
1.75,4.418
0.289,4.316
-0.121,4.347
-0.36,4.32
-0.228,4.431
-0.464,4.391
-1.101,4.359
-1.693,4.432
-1.569,4.402
-2.018,4.374
3.095,4.129
1.842,3.753
0.184,1.45
2.377,1.066
-0.332,2.921
-0.633,3.411
-0.838,1.242
-1.52,1.28
-1.602,2.103
-2.056,3.424
-2.519,2.436
3.086,3.818
3.017,3.504
2.878,3.624
2.771,3.147
1.972,1.33
-1.539,2.173
-2.359,2.668
3.096,1.964
2.985,1.711
0.857,0.288
-0.57,0.343
2.805,3.969
2.39,4.037
-0.079,0.119
-0.548,-0.327
-0.674,-0.058
-1.548,0.025
-1.725,-0.16
-1.969,-0.192
-2.049,0.091
-2.555,-0.183
-2.476,-0.144
-2.464,-0.113
-2.945,-0.206
-3.063,-0.036
3.064,-0.179
2.888,4.218
2.482,4.328
1.021,4.226
0.611,4.257
0.372,4.23
0.504,4.341
0.268,4.301
-0.369,4.269
-0.961,4.342
-0.837,4.312
-1.286,4.284
-2.456,4.039
2.574,3.663
0.916,1.36
3.109,0.976
0.4,2.831
0.099,3.321
-0.106,1.152
-0.788,1.19
-0.87,2.013
-1.324,3.334
-1.787,2.346
-2.465,3.728
-2.534,3.414
-2.673,3.534
-2.78,3.057
2.704,1.24
-0.807,2.083
-1.627,2.578
-2.455,1.874
-2.566,1.621
1.589,0.198
0.162,0.253
-2.746,3.879
3.122,3.947
-0.469,-0.446
-0.595,-0.177
-1.469,-0.094
-1.646,-0.279
-1.89,-0.311
-1.97,-0.028
-2.476,-0.302
-2.397,-0.263
-2.385,-0.232
-2.866,-0.325
-2.984,-0.155
-3.14,-0.298
2.967,4.099
2.561,4.209
1.1,4.107
0.69,4.138
0.451,4.111
0.583,4.222
0.347,4.182
-0.29,4.15
-0.882,4.223
-0.758,4.193
-1.207,4.165
-2.377,3.92
2.653,3.544
0.995,1.241
-3.095,0.857
0.479,2.712
0.178,3.202
-0.027,1.033
-0.709,1.071
-0.791,1.894
-1.245,3.215
-1.708,2.227
-2.386,3.609
-2.455,3.295
-2.594,3.415
-2.701,2.938
2.783,1.121
-0.728,1.964
-1.548,2.459
-2.376,1.755
-2.487,1.502
1.668,0.079
0.241,0.134
-2.667,3.76
-3.082,3.828
-0.126,0.269
-1.0,0.352
-1.177,0.167
-1.421,0.135
-1.501,0.418
-2.007,0.144
-1.928,0.183
-1.916,0.214
-2.397,0.121
-2.515,0.291
-2.671,0.148
-2.847,4.545
3.03,4.655
1.569,4.553
1.159,4.584
0.92,4.557
1.052,4.668
0.816,4.628
0.179,4.596
-0.413,4.669
-0.289,4.639
-0.738,4.611
-1.908,4.366
3.122,3.99
1.464,1.687
-2.626,1.303
0.948,3.158
0.647,3.648
0.442,1.479
-0.24,1.517
-0.322,2.34
-0.776,3.661
-1.239,2.673
-1.917,4.055
-1.986,3.741
-2.125,3.861
-2.232,3.384
-3.031,1.567
-0.259,2.41
-1.079,2.905
-1.907,2.201
-2.018,1.948
2.137,0.525
0.71,0.58
-2.198,4.206
-2.613,4.274
-0.874,0.083
-1.051,-0.102
-1.295,-0.134
-1.375,0.149
-1.881,-0.125
-1.802,-0.086
-1.79,-0.055
-2.271,-0.148
-2.389,0.022
-2.545,-0.121
-2.721,4.276
-3.127,4.386
1.695,4.284
1.285,4.315
1.046,4.288
1.178,4.399
0.942,4.359
0.305,4.327
-0.287,4.4
-0.163,4.37
-0.612,4.342
-1.782,4.097
-3.035,3.721
1.59,1.418
-2.5,1.034
1.074,2.889
0.773,3.379
0.568,1.21
-0.114,1.248
-0.196,2.071
-0.65,3.392
-1.113,2.404
-1.791,3.786
-1.86,3.472
-1.999,3.592
-2.106,3.115
-2.905,1.298
-0.133,2.141
-0.953,2.636
-1.781,1.932
-1.892,1.679
2.263,0.256
0.836,0.311
-2.072,3.937
-2.487,4.005
-0.177,-0.185
-0.421,-0.217
-0.501,0.066
-1.007,-0.208
-0.928,-0.169
-0.916,-0.138
-1.397,-0.231
-1.515,-0.061
-1.671,-0.204
-1.847,4.193
-2.253,4.303
2.569,4.201
2.159,4.232
1.92,4.205
2.052,4.316
1.816,4.276
1.179,4.244
0.587,4.317
0.711,4.287
0.262,4.259
-0.908,4.014
-2.161,3.638
2.464,1.335
-1.626,0.951
1.948,2.806
1.647,3.296
1.442,1.127
0.76,1.165
0.678,1.988
0.224,3.309
-0.239,2.321
-0.917,3.703
-0.986,3.389
-1.125,3.509
-1.232,3.032
-2.031,1.215
0.741,2.058
-0.079,2.553
-0.907,1.849
-1.018,1.596
3.137,0.173
1.71,0.228
-1.198,3.854
-1.613,3.922
-0.244,-0.032
-0.324,0.251
-0.83,-0.023
-0.751,0.016
-0.739,0.047
-1.22,-0.046
-1.338,0.124
-1.494,-0.019
-1.67,4.378
-2.076,4.488
2.746,4.386
2.336,4.417
2.097,4.39
2.229,4.501
1.993,4.461
1.356,4.429
0.764,4.502
0.888,4.472
0.439,4.444
-0.731,4.199
-1.984,3.823
2.641,1.52
-1.449,1.136
2.125,2.991
1.824,3.481
1.619,1.312
0.937,1.35
0.855,2.173
0.401,3.494
-0.062,2.506
-0.74,3.888
-0.809,3.574
-0.948,3.694
-1.055,3.217
-1.854,1.4
0.918,2.243
0.098,2.738
-0.73,2.034
-0.841,1.781
-2.969,0.358
1.887,0.413
-1.021,4.039
-1.436,4.107
-0.08,0.283
-0.586,0.009
-0.507,0.048
-0.495,0.079
-0.976,-0.014
-1.094,0.156
-1.25,0.013
-1.426,4.41
-1.832,4.52
2.99,4.418
2.58,4.449
2.341,4.422
2.473,4.533
2.237,4.493
1.6,4.461
1.008,4.534
1.132,4.504
0.683,4.476
-0.487,4.231
-1.74,3.855
2.885,1.552
-1.205,1.168
2.369,3.023
2.068,3.513
1.863,1.344
1.181,1.382
1.099,2.205
0.645,3.526
0.182,2.538
-0.496,3.92
-0.565,3.606
-0.704,3.726
-0.811,3.249
-1.61,1.432
1.162,2.275
0.342,2.77
-0.486,2.066
-0.597,1.813
-2.725,0.39
2.131,0.445
-0.777,4.071
-1.192,4.139
-0.506,-0.274
-0.427,-0.235
-0.415,-0.204
-0.896,-0.297
-1.014,-0.127
-1.17,-0.27
-1.346,4.127
-1.752,4.237
3.07,4.135
2.66,4.166
2.421,4.139
2.553,4.25
2.317,4.21
1.68,4.178
1.088,4.251
1.212,4.221
0.763,4.193
-0.407,3.948
-1.66,3.572
2.965,1.269
-1.125,0.885
2.449,2.74
2.148,3.23
1.943,1.061
1.261,1.099
1.179,1.922
0.725,3.243
0.262,2.255
-0.416,3.637
-0.485,3.323
-0.624,3.443
-0.731,2.966
-1.53,1.149
1.242,1.992
0.422,2.487
-0.406,1.783
-0.517,1.53
-2.645,0.107
2.211,0.162
-0.697,3.788
-1.112,3.856
0.079,0.039
0.091,0.07
-0.39,-0.023
-0.508,0.147
-0.664,0.004
-0.84,4.401
-1.246,4.511
-2.707,4.409
-3.117,4.44
2.927,4.413
3.059,4.524
2.823,4.484
2.186,4.452
1.594,4.525
1.718,4.495
1.269,4.467
0.099,4.222
-1.154,3.846
-2.812,1.543
-0.619,1.159
2.955,3.014
2.654,3.504
2.449,1.335
1.767,1.373
1.685,2.196
1.231,3.517
0.768,2.529
0.09,3.911
0.021,3.597
-0.118,3.717
-0.225,3.24
-1.024,1.423
1.748,2.266
0.928,2.761
0.1,2.057
-0.011,1.804
-2.139,0.381
2.717,0.436
-0.191,4.062
-0.606,4.13
0.012,0.031
-0.469,-0.062
-0.587,0.108
-0.743,-0.035
-0.919,4.362
-1.325,4.472
-2.786,4.37
3.087,4.401
2.848,4.374
2.98,4.485
2.744,4.445
2.107,4.413
1.515,4.486
1.639,4.456
1.19,4.428
0.02,4.183
-1.233,3.807
-2.891,1.504
-0.698,1.12
2.876,2.975
2.575,3.465
2.37,1.296
1.688,1.334
1.606,2.157
1.152,3.478
0.689,2.49
0.011,3.872
-0.058,3.558
-0.197,3.678
-0.304,3.201
-1.103,1.384
1.669,2.227
0.849,2.722
0.021,2.018
-0.09,1.765
-2.218,0.342
2.638,0.397
-0.27,4.023
-0.685,4.091
-0.481,-0.093
-0.599,0.077
-0.755,-0.066
-0.931,4.331
-1.337,4.441
-2.798,4.339
3.075,4.37
2.836,4.343
2.968,4.454
2.732,4.414
2.095,4.382
1.503,4.455
1.627,4.425
1.178,4.397
0.008,4.152
-1.245,3.776
-2.903,1.473
-0.71,1.089
2.864,2.944
2.563,3.434
2.358,1.265
1.676,1.303
1.594,2.126
1.14,3.447
0.677,2.459
-0.001,3.841
-0.07,3.527
-0.209,3.647
-0.316,3.17
-1.115,1.353
1.657,2.196
0.837,2.691
0.009,1.987
-0.102,1.734
-2.23,0.311
2.626,0.366
-0.282,3.992
-0.697,4.06
-0.118,0.17
-0.274,0.027
-0.45,4.424
-0.856,4.534
-2.317,4.432
-2.727,4.463
-2.966,4.436
-2.834,4.547
-3.07,4.507
2.576,4.475
1.984,4.548
2.108,4.518
1.659,4.49
0.489,4.245
-0.764,3.869
-2.422,1.566
-0.229,1.182
-2.938,3.037
3.044,3.527
2.839,1.358
2.157,1.396
2.075,2.219
1.621,3.54
1.158,2.552
0.48,3.934
0.411,3.62
0.272,3.74
0.165,3.263
-0.634,1.446
2.138,2.289
1.318,2.784
0.49,2.08
0.379,1.827
-1.749,0.404
3.107,0.459
0.199,4.085
-0.216,4.153
-0.156,-0.143
-0.332,4.254
-0.738,4.364
-2.199,4.262
-2.609,4.293
-2.848,4.266
-2.716,4.377
-2.952,4.337
2.694,4.305
2.102,4.378
2.226,4.348
1.777,4.32
0.607,4.075
-0.646,3.699
-2.304,1.396
-0.111,1.012
-2.82,2.867
-3.121,3.357
2.957,1.188
2.275,1.226
2.193,2.049
1.739,3.37
1.276,2.382
0.598,3.764
0.529,3.45
0.39,3.57
0.283,3.093
-0.516,1.276
2.256,2.119
1.436,2.614
0.608,1.91
0.497,1.657
-1.631,0.234
-3.058,0.289
0.317,3.915
-0.098,3.983
-0.176,4.397
-0.582,4.507
-2.043,4.405
-2.453,4.436
-2.692,4.409
-2.56,4.52
-2.796,4.48
2.85,4.448
2.258,4.521
2.382,4.491
1.933,4.463
0.763,4.218
-0.49,3.842
-2.148,1.539
0.045,1.155
-2.664,3.01
-2.965,3.5
3.113,1.331
2.431,1.369
2.349,2.192
1.895,3.513
1.432,2.525
0.754,3.907
0.685,3.593
0.546,3.713
0.439,3.236
-0.36,1.419
2.412,2.262
1.592,2.757
0.764,2.053
0.653,1.8
-1.475,0.377
-2.902,0.432
0.473,4.058
0.058,4.126
-0.406,0.11
-1.867,0.008
-2.277,0.039
-2.516,0.012
-2.384,0.123
-2.62,0.083
3.026,0.051
2.434,0.124
2.558,0.094
2.109,0.066
0.939,-0.179
-0.314,-0.555
-1.972,-2.858
0.221,-3.242
-2.488,-1.387
-2.789,-0.897
-2.994,-3.066
2.607,-3.028
2.525,-2.205
2.071,-0.884
1.608,-1.872
0.93,-0.49
0.861,-0.804
0.722,-0.684
0.615,-1.161
-0.184,-2.978
2.588,-2.135
1.768,-1.64
0.94,-2.344
0.829,-2.597
-1.299,-4.02
-2.726,-3.965
0.649,-0.339
0.234,-0.271
-1.461,-0.102
-1.871,-0.071
-2.11,-0.098
-1.978,0.013
-2.214,-0.027
-2.851,-0.059
2.84,0.014
2.964,-0.016
2.515,-0.044
1.345,-0.289
0.092,-0.665
-1.566,-2.968
0.627,-3.352
-2.082,-1.497
-2.383,-1.007
-2.588,-3.176
3.013,-3.138
2.931,-2.315
2.477,-0.994
2.014,-1.982
1.336,-0.6
1.267,-0.914
1.128,-0.794
1.021,-1.271
0.222,-3.088
2.994,-2.245
2.174,-1.75
1.346,-2.454
1.235,-2.707
-0.893,-4.13
-2.32,-4.075
1.055,-0.449
0.64,-0.381
-0.41,0.031
-0.649,0.004
-0.517,0.115
-0.753,0.075
-1.39,0.043
-1.982,0.116
-1.858,0.086
-2.307,0.058
2.806,-0.187
1.553,-0.563
-0.105,-2.866
2.088,-3.25
-0.621,-1.395
-0.922,-0.905
-1.127,-3.074
-1.809,-3.036
-1.891,-2.213
-2.345,-0.892
-2.808,-1.88
2.797,-0.498
2.728,-0.812
2.589,-0.692
2.482,-1.169
1.683,-2.986
-1.828,-2.143
-2.648,-1.648
2.807,-2.352
2.696,-2.605
0.568,-4.028
-0.859,-3.973
2.516,-0.347
2.101,-0.279
-0.239,-0.027
-0.107,0.084
-0.343,0.044
-0.98,0.012
-1.572,0.085
-1.448,0.055
-1.897,0.027
-3.067,-0.218
1.963,-0.594
0.305,-2.897
2.498,-3.281
-0.211,-1.426
-0.512,-0.936
-0.717,-3.105
-1.399,-3.067
-1.481,-2.244
-1.935,-0.923
-2.398,-1.911
-3.076,-0.529
3.138,-0.843
2.999,-0.723
2.892,-1.2
2.093,-3.017
-1.418,-2.174
-2.238,-1.679
-3.066,-2.383
3.106,-2.636
0.978,-4.059
-0.449,-4.004
2.926,-0.378
2.511,-0.31
0.132,0.111
-0.104,0.071
-0.741,0.039
-1.333,0.112
-1.209,0.082
-1.658,0.054
-2.828,-0.191
2.202,-0.567
0.544,-2.87
2.737,-3.254
0.028,-1.399
-0.273,-0.909
-0.478,-3.078
-1.16,-3.04
-1.242,-2.217
-1.696,-0.896
-2.159,-1.884
-2.837,-0.502
-2.906,-0.816
-3.045,-0.696
3.131,-1.173
2.332,-2.99
-1.179,-2.147
-1.999,-1.652
-2.827,-2.356
-2.938,-2.609
1.217,-4.032
-0.21,-3.977
-3.118,-0.351
2.75,-0.283
-0.236,-0.04
-0.873,-0.072
-1.465,0.001
-1.341,-0.029
-1.79,-0.057
-2.96,-0.302
2.07,-0.678
0.412,-2.981
2.605,-3.365
-0.104,-1.51
-0.405,-1.02
-0.61,-3.189
-1.292,-3.151
-1.374,-2.328
-1.828,-1.007
-2.291,-1.995
-2.969,-0.613
-3.038,-0.927
3.106,-0.807
2.999,-1.284
2.2,-3.101
-1.311,-2.258
-2.131,-1.763
-2.959,-2.467
-3.07,-2.72
1.085,-4.143
-0.342,-4.088
3.033,-0.462
2.618,-0.394
-0.637,-0.032
-1.229,0.041
-1.105,0.011
-1.554,-0.017
-2.724,-0.262
2.306,-0.638
0.648,-2.941
2.841,-3.325
0.132,-1.47
-0.169,-0.98
-0.374,-3.149
-1.056,-3.111
-1.138,-2.288
-1.592,-0.967
-2.055,-1.955
-2.733,-0.573
-2.802,-0.887
-2.941,-0.767
-3.048,-1.244
2.436,-3.061
-1.075,-2.218
-1.895,-1.723
-2.723,-2.427
-2.834,-2.68
1.321,-4.103
-0.106,-4.048
-3.014,-0.422
2.854,-0.354
-0.592,0.073
-0.468,0.043
-0.917,0.015
-2.087,-0.23
2.943,-0.606
1.285,-2.909
-2.805,-3.293
0.769,-1.438
0.468,-0.948
0.263,-3.117
-0.419,-3.079
-0.501,-2.256
-0.955,-0.935
-1.418,-1.923
-2.096,-0.541
-2.165,-0.855
-2.304,-0.735
-2.411,-1.212
3.073,-3.029
-0.438,-2.186
-1.258,-1.691
-2.086,-2.395
-2.197,-2.648
1.958,-4.071
0.531,-4.016
-2.377,-0.39
-2.792,-0.322
0.124,-0.03
-0.325,-0.058
-1.495,-0.303
-2.748,-0.679
1.877,-2.982
-2.213,-3.366
1.361,-1.511
1.06,-1.021
0.855,-3.19
0.173,-3.152
0.091,-2.329
-0.363,-1.008
-0.826,-1.996
-1.504,-0.614
-1.573,-0.928
-1.712,-0.808
-1.819,-1.285
-2.618,-3.102
0.154,-2.259
-0.666,-1.764
-1.494,-2.468
-1.605,-2.721
2.55,-4.144
1.123,-4.089
-1.785,-0.463
-2.2,-0.395
-0.449,-0.028
-1.619,-0.273
-2.872,-0.649
1.753,-2.952
-2.337,-3.336
1.237,-1.481
0.936,-0.991
0.731,-3.16
0.049,-3.122
-0.033,-2.299
-0.487,-0.978
-0.95,-1.966
-1.628,-0.584
-1.697,-0.898
-1.836,-0.778
-1.943,-1.255
-2.742,-3.072
0.03,-2.229
-0.79,-1.734
-1.618,-2.438
-1.729,-2.691
2.426,-4.114
0.999,-4.059
-1.909,-0.433
-2.324,-0.365
-1.17,-0.245
-2.423,-0.621
2.202,-2.924
-1.888,-3.308
1.686,-1.453
1.385,-0.963
1.18,-3.132
0.498,-3.094
0.416,-2.271
-0.038,-0.95
-0.501,-1.938
-1.179,-0.556
-1.248,-0.87
-1.387,-0.75
-1.494,-1.227
-2.293,-3.044
0.479,-2.201
-0.341,-1.706
-1.169,-2.41
-1.28,-2.663
2.875,-4.086
1.448,-4.031
-1.46,-0.405
-1.875,-0.337
-1.253,-0.376
-2.911,-2.679
-0.718,-3.063
2.856,-1.208
2.555,-0.718
2.35,-2.887
1.668,-2.849
1.586,-2.026
1.132,-0.705
0.669,-1.693
-0.009,-0.311
-0.078,-0.625
-0.217,-0.505
-0.324,-0.982
-1.123,-2.799
1.649,-1.956
0.829,-1.461
0.001,-2.165
-0.11,-2.418
-2.238,-3.841
2.618,-3.786
-0.29,-0.16
-0.705,-0.092
-1.658,-2.303
0.535,-2.687
-2.174,-0.832
-2.475,-0.342
-2.68,-2.511
2.921,-2.473
2.839,-1.65
2.385,-0.329
1.922,-1.317
1.244,0.065
1.175,-0.249
1.036,-0.129
0.929,-0.606
0.13,-2.423
2.902,-1.58
2.082,-1.085
1.254,-1.789
1.143,-2.042
-0.985,-3.465
-2.412,-3.41
0.963,0.216
0.548,0.284
2.193,-0.384
-0.516,1.471
-0.817,1.961
-1.022,-0.208
-1.704,-0.17
-1.786,0.653
-2.24,1.974
-2.703,0.986
2.902,2.368
2.833,2.054
2.694,2.174
2.587,1.697
1.788,-0.12
-1.723,0.723
-2.543,1.218
2.912,0.514
2.801,0.261
0.673,-1.162
-0.754,-1.107
2.621,2.519
2.206,2.587
-2.709,1.855
-3.01,2.345
3.068,0.176
2.386,0.214
2.304,1.037
1.85,2.358
1.387,1.37
0.709,2.752
0.64,2.438
0.501,2.558
0.394,2.081
-0.405,0.264
2.367,1.107
1.547,1.602
0.719,0.898
0.608,0.645
-1.52,-0.778
-2.947,-0.723
0.428,2.903
0.013,2.971
-0.301,0.49
-0.506,-1.679
-1.188,-1.641
-1.27,-0.818
-1.724,0.503
-2.187,-0.485
-2.865,0.897
-2.934,0.583
-3.073,0.703
3.103,0.226
2.304,-1.591
-1.207,-0.748
-2.027,-0.253
-2.855,-0.957
-2.966,-1.21
1.189,-2.633
-0.238,-2.578
3.137,1.048
2.722,1.116
-0.205,-2.169
-0.887,-2.131
-0.969,-1.308
-1.423,0.013
-1.886,-0.975
-2.564,0.407
-2.633,0.093
-2.772,0.213
-2.879,-0.264
2.605,-2.081
-0.906,-1.238
-1.726,-0.743
-2.554,-1.447
-2.665,-1.7
1.49,-3.123
0.063,-3.068
-2.845,0.558
3.023,0.626
-0.682,0.038
-0.764,0.861
-1.218,2.182
-1.681,1.194
-2.359,2.576
-2.428,2.262
-2.567,2.382
-2.674,1.905
2.81,0.088
-0.701,0.931
-1.521,1.426
-2.349,0.722
-2.46,0.469
1.695,-0.954
0.268,-0.899
-2.64,2.727
-3.055,2.795
-0.082,0.823
-0.536,2.144
-0.999,1.156
-1.677,2.538
-1.746,2.224
-1.885,2.344
-1.992,1.867
-2.791,0.05
-0.019,0.893
-0.839,1.388
-1.667,0.684
-1.778,0.431
2.377,-0.992
0.95,-0.937
-1.958,2.689
-2.373,2.757
-0.454,1.321
-0.917,0.333
-1.595,1.715
-1.664,1.401
-1.803,1.521
-1.91,1.044
-2.709,-0.773
0.063,0.07
-0.757,0.565
-1.585,-0.139
-1.696,-0.392
2.459,-1.815
1.032,-1.76
-1.876,1.866
-2.291,1.934
-0.463,-0.988
-1.141,0.394
-1.21,0.08
-1.349,0.2
-1.456,-0.277
-2.255,-2.094
0.517,-1.251
-0.303,-0.756
-1.131,-1.46
-1.242,-1.713
2.913,-3.136
1.486,-3.081
-1.422,0.545
-1.837,0.613
-0.678,1.382
-0.747,1.068
-0.886,1.188
-0.993,0.711
-1.792,-1.106
0.98,-0.263
0.16,0.232
-0.668,-0.472
-0.779,-0.725
-2.907,-2.148
1.949,-2.093
-0.959,1.533
-1.374,1.601
-0.069,-0.314
-0.208,-0.194
-0.315,-0.671
-1.114,-2.488
1.658,-1.645
0.838,-1.15
0.01,-1.854
-0.101,-2.107
-2.229,-3.53
2.627,-3.475
-0.281,0.151
-0.696,0.219
-0.139,0.12
-0.246,-0.357
-1.045,-2.174
1.727,-1.331
0.907,-0.836
0.079,-1.54
-0.032,-1.793
-2.16,-3.216
2.696,-3.161
-0.212,0.465
-0.627,0.533
-0.107,-0.477
-0.906,-2.294
1.866,-1.451
1.046,-0.956
0.218,-1.66
0.107,-1.913
-2.021,-3.336
2.835,-3.281
-0.073,0.345
-0.488,0.413
-0.799,-1.817
1.973,-0.974
1.153,-0.479
0.325,-1.183
0.214,-1.436
-1.914,-2.859
2.942,-2.804
0.034,0.822
-0.381,0.89
2.772,0.843
1.952,1.338
1.124,0.634
1.013,0.381
-1.115,-1.042
-2.542,-0.987
0.833,2.639
0.418,2.707
-0.82,0.495
-1.648,-0.209
-1.759,-0.462
2.396,-1.885
0.969,-1.83
-1.939,1.796
-2.354,1.864
-0.828,-0.704
-0.939,-0.957
-3.067,-2.38
1.789,-2.325
-1.119,1.301
-1.534,1.369
-0.111,-0.253
-2.239,-1.676
2.617,-1.621
-0.291,2.005
-0.706,2.073
-2.128,-1.423
2.728,-1.368
-0.18,2.258
-0.595,2.326
-1.427,0.055
1.948,3.681
1.533,3.749
-2.908,3.626
2.96,3.694
-0.415,0.068
