0.0,-0.618
-0.073,-0.668
-0.034,1.269
-0.049,0.322
-0.126,-1.478
-0.12,-1.975
-0.2,-1.032
-0.212,0.934
-0.17,0.121
-0.161,-1.769
-0.253,-1.417
-0.205,-1.518
-0.249,-1.763
-0.337,0.947
-0.395,0.566
-0.503,1.207
-0.474,-0.332
-0.561,0.528
-0.513,-1.995
-0.592,-0.881
-0.506,-1.531
-0.604,-0.234
-0.667,1.716
-0.6,0.845
-0.611,-1.465
-0.669,-0.051
-0.694,-0.414
-0.7,0.073
-0.716,1.237
-0.718,0.27
-0.824,-0.495
-0.851,-0.761
-0.971,-1.632
-1.095,-0.656
-1.101,-0.667
-1.134,-1.46
-1.079,1.1
-1.101,-0.294
-1.104,0.18
-1.119,-0.434
-1.116,1.47
-1.173,-0.138
-1.253,-2.005
-1.354,1.005
-1.401,-1.174
-1.372,-1.027
-1.415,-0.477
-1.444,-0.363
-1.6,-0.466
-1.571,1.153
-1.683,-0.035
-1.744,0.482
-1.768,0.266
-1.789,-1.402
-1.792,-0.882
-1.923,1.155
-1.851,0.81
-1.944,-2.006
-2.052,-0.538
-2.061,-0.605
-2.098,-1.882
-2.251,1.567
-2.204,0.503
-2.225,-1.855
-2.274,0.547
-2.352,-1.087
-2.334,-1.675
-2.343,-1.042
-2.412,-1.338
-2.379,-1.155
-2.387,-0.823
-2.437,0.392
-2.397,-1.578
-2.481,-1.518
-2.545,1.642
-2.519,0.131
-2.606,-1.567
-2.782,-1.685
-2.774,-2.021
-2.829,-1.485
-2.9,-1.57
-2.916,-0.869
-2.878,-0.607
-2.905,-1.477
-2.974,-1.66
-2.993,1.635
-3.124,-0.887
-3.06,1.405
-3.076,1.849
3.138,0.412
-3.14,1.442
3.085,1.038
3.107,1.111
3.027,-0.835
3.055,-1.998
3.054,-0.186
2.952,1.311
3.007,-1.405
2.986,-1.88
2.933,-0.357
2.913,-1.083
2.891,-1.172
2.811,1.345
2.863,1.779
2.795,-1.795
2.827,-0.195
2.686,-0.763
2.673,0.55
2.652,-0.731
2.678,1.704
2.542,-0.064
2.59,-0.654
2.6,-1.593
2.516,-1.12
2.525,-0.382
2.454,1.747
2.482,-0.217
2.385,-1.284
2.377,-1.641
2.447,1.102
2.357,0.271
2.428,0.965
2.232,-1.386
2.248,0.621
2.2,1.04
2.117,0.222
2.039,0.948
1.98,0.983
1.863,0.73
1.788,0.682
1.771,-1.124
1.781,1.658
1.729,-1.563
1.709,1.166
1.519,1.45
1.409,-0.378
1.446,-0.214
1.379,0.768
1.346,-0.507
1.288,0.612
1.258,0.332
1.156,0.179
1.19,1.836
1.066,-1.924
1.094,-0.044
1.007,-1.14
1.056,1.391
1.041,1.382
0.502,1.726
0.476,-0.471
0.403,-1.989
0.444,0.848
0.4,0.742
0.342,1.521
0.408,-0.742
0.247,-1.177
0.245,0.03
0.311,1.85
0.292,0.487
0.23,1.76
0.203,-1.667
0.202,-0.702
0.129,-0.232
0.14,0.088
0.177,1.412
0.076,-1.044
0.075,1.581
-0.096,-2.194
-0.086,-2.149
-0.271,-2.214
-2.796,-2.466
-2.961,-2.431
-2.979,-2.265
-2.999,-2.217
-3.094,-2.273
3.026,-2.425
2.092,-2.436
1.638,-2.346
-0.137,1.679
-1.103,1.913
-1.814,1.625
1.135,1.925
0.827,1.705
0.725,1.697
0.288,1.946
-1.617,0.342
2.915,-1.333
0.262,1.482
0.105,-1.948
2.672,-2.197
-0.095,0.289
-0.137,0.754
-0.103,-1.576
-0.113,-1.302
-0.157,0.757
-0.363,0.15
-0.247,-0.241
-0.399,-0.887
-0.269,-0.361
-0.364,-1.976
-0.769,-1.09
-0.896,0.247
-0.927,-0.575
-0.923,-0.558
-0.923,1.547
-0.939,1.37
-0.869,-1.086
-0.906,-1.928
-1.056,-1.05
-0.965,0.923
-0.96,0.124
-1.002,-0.548
-1.21,1.412
-1.169,1.16
-1.284,-0.528
-1.174,-1.909
-1.273,1.818
-1.526,-1.322
-1.824,1.128
-1.719,-0.601
-1.722,0.056
-1.837,1.599
-1.739,0.6
-1.876,1.208
-1.844,1.147
-2.119,0.076
-2.332,1.117
-2.325,1.294
-2.357,0.803
-2.695,0.09
-2.713,-0.118
-2.732,0.282
-2.754,1.406
-2.964,-0.598
-3.014,1.754
-2.977,-1.455
-3.11,-1.067
-3.139,-1.949
-3.016,-0.094
3.088,-1.215
-3.119,1.807
3.014,0.144
2.629,1.308
2.688,-1.343
2.51,-0.474
2.397,1.244
2.515,0.931
2.333,1.402
2.346,1.632
2.317,-0.1
2.371,-0.511
2.031,0.061
2.154,-1.033
1.997,0.368
1.625,-0.374
1.525,1.363
1.446,0.185
1.388,-0.442
1.122,-1.106
1.194,1.185
1.066,-1.336
0.963,-0.653
0.904,-1.03
0.61,-0.561
0.736,-1.171
0.637,0.025
0.491,-0.828
0.514,-0.741
0.508,-1.841
0.378,1.483
0.39,-0.47
0.335,0.258
0.198,-0.613
0.135,-0.069
0.192,-1.446
0.055,0.248
0.188,-0.558
0.195,1.382
-0.105,-2.282
-1.005,-2.358
-1.015,-2.391
-1.992,-2.427
1.341,-2.162
1.355,-2.254
1.087,-2.405
0.691,-2.304
-0.375,1.833
2.059,1.832
-0.119,-1.298
-2.128,0.37
-2.75,-1.843
1.979,0.413
0.235,-0.71
-0.037,0.715
-1.415,-1.586
-2.002,0.675
-3.01,1.392
1.971,-0.798
1.975,-0.796
1.925,0.122
1.752,0.806
0.835,0.801
0.702,1.458
0.648,0.808
0.627,1.019
0.585,0.941
0.624,1.437
0.503,0.774
-0.635,0.327
-2.819,-1.003
2.895,0.458
2.443,-0.96
0.689,-0.94
0.444,0.358
2.697,-2.086
0.897,-2.367
1.868,1.954
-1.94,-2.45
-3.103,-2.459
-3.083,-2.322
-0.073,-0.05
-0.034,1.887
-0.049,0.94
-0.126,-0.86
-0.12,-1.357
-0.2,-0.414
-0.212,1.552
-0.17,0.739
-0.161,-1.151
-0.253,-0.799
-0.205,-0.9
-0.249,-1.145
-0.337,1.565
-0.395,1.184
-0.503,1.825
-0.474,0.286
-0.561,1.146
-0.513,-1.377
-0.592,-0.263
-0.506,-0.913
-0.604,0.384
-0.667,2.334
-0.6,1.463
-0.611,-0.847
-0.669,0.567
-0.694,0.204
-0.7,0.691
-0.716,1.855
-0.718,0.888
-0.824,0.123
-0.851,-0.143
-0.971,-1.014
-1.095,-0.038
-1.101,-0.049
-1.134,-0.842
-1.079,1.718
-1.101,0.324
-1.104,0.798
-1.119,0.184
-1.116,2.088
-1.173,0.48
-1.253,-1.387
-1.354,1.623
-1.401,-0.556
-1.372,-0.409
-1.415,0.141
-1.444,0.255
-1.6,0.152
-1.571,1.771
-1.683,0.583
-1.744,1.1
-1.768,0.884
-1.789,-0.784
-1.792,-0.264
-1.923,1.773
-1.851,1.428
-1.944,-1.388
-2.052,0.08
-2.061,0.013
-2.098,-1.264
-2.251,2.185
-2.204,1.121
-2.225,-1.237
-2.274,1.165
-2.352,-0.469
-2.334,-1.057
-2.343,-0.424
-2.412,-0.72
-2.379,-0.537
-2.387,-0.205
-2.437,1.01
-2.397,-0.96
-2.481,-0.9
-2.545,2.26
-2.519,0.749
-2.606,-0.949
-2.782,-1.067
-2.774,-1.403
-2.829,-0.867
-2.9,-0.952
-2.916,-0.251
-2.878,0.011
-2.905,-0.859
-2.974,-1.042
-2.993,2.253
-3.124,-0.269
-3.06,2.023
-3.076,2.467
3.138,1.03
-3.14,2.06
3.085,1.656
3.107,1.729
3.027,-0.217
3.055,-1.38
3.054,0.432
2.952,1.929
3.007,-0.787
2.986,-1.262
2.933,0.261
2.913,-0.465
2.891,-0.554
2.811,1.963
2.863,2.397
2.795,-1.177
2.827,0.423
2.686,-0.145
2.673,1.168
2.652,-0.113
2.678,2.322
2.542,0.554
2.59,-0.036
2.6,-0.975
2.516,-0.502
2.525,0.236
2.454,2.365
2.482,0.401
2.385,-0.666
2.377,-1.023
2.447,1.72
2.357,0.889
2.428,1.583
2.232,-0.768
2.248,1.239
2.2,1.658
2.117,0.84
2.039,1.566
1.98,1.601
1.863,1.348
1.788,1.3
1.771,-0.506
1.781,2.276
1.729,-0.945
1.709,1.784
1.519,2.068
1.409,0.24
1.446,0.404
1.379,1.386
1.346,0.111
1.288,1.23
1.258,0.95
1.156,0.797
1.19,2.454
1.066,-1.306
1.094,0.574
1.007,-0.522
1.056,2.009
1.041,2.0
0.502,2.344
0.476,0.147
0.403,-1.371
0.444,1.466
0.4,1.36
0.342,2.139
0.408,-0.124
0.247,-0.559
0.245,0.648
0.311,2.468
0.292,1.105
0.23,2.378
0.203,-1.049
0.202,-0.084
0.129,0.386
0.14,0.706
0.177,2.03
0.076,-0.426
0.075,2.199
-0.096,-1.576
-0.086,-1.531
-0.271,-1.596
-2.796,-1.848
-2.961,-1.813
-2.979,-1.647
-2.999,-1.599
-3.094,-1.655
3.026,-1.807
2.092,-1.818
1.638,-1.728
-0.137,2.297
-1.103,2.531
-1.814,2.243
1.135,2.543
0.827,2.323
0.725,2.315
0.288,2.564
-1.617,0.96
2.915,-0.715
0.262,2.1
0.105,-1.33
2.672,-1.579
-0.095,0.907
-0.137,1.372
-0.103,-0.958
-0.113,-0.684
-0.157,1.375
-0.363,0.768
-0.247,0.377
-0.399,-0.269
-0.269,0.257
-0.364,-1.358
-0.769,-0.472
-0.896,0.865
-0.927,0.043
-0.923,0.06
-0.923,2.165
-0.939,1.988
-0.869,-0.468
-0.906,-1.31
-1.056,-0.432
-0.965,1.541
-0.96,0.742
-1.002,0.07
-1.21,2.03
-1.169,1.778
-1.284,0.09
-1.174,-1.291
-1.273,2.436
-1.526,-0.704
-1.824,1.746
-1.719,0.017
-1.722,0.674
-1.837,2.217
-1.739,1.218
-1.876,1.826
-1.844,1.765
-2.119,0.694
-2.332,1.735
-2.325,1.912
-2.357,1.421
-2.695,0.708
-2.713,0.5
-2.732,0.9
-2.754,2.024
-2.964,0.02
-3.014,2.372
-2.977,-0.837
-3.11,-0.449
-3.139,-1.331
-3.016,0.524
3.088,-0.597
-3.119,2.425
3.014,0.762
2.629,1.926
2.688,-0.725
2.51,0.144
2.397,1.862
2.515,1.549
2.333,2.02
2.346,2.25
2.317,0.518
2.371,0.107
2.031,0.679
2.154,-0.415
1.997,0.986
1.625,0.244
1.525,1.981
1.446,0.803
1.388,0.176
1.122,-0.488
1.194,1.803
1.066,-0.718
0.963,-0.035
0.904,-0.412
0.61,0.057
0.736,-0.553
0.637,0.643
0.491,-0.21
0.514,-0.123
0.508,-1.223
0.378,2.101
0.39,0.148
0.335,0.876
0.198,0.005
0.135,0.549
0.192,-0.828
0.055,0.866
0.188,0.06
0.195,2.0
-0.105,-1.664
-1.005,-1.74
-1.015,-1.773
-1.992,-1.809
1.341,-1.544
1.355,-1.636
1.087,-1.787
0.691,-1.686
-0.375,2.451
2.059,2.45
-0.119,-0.68
-2.128,0.988
-2.75,-1.225
1.979,1.031
0.235,-0.092
-0.037,1.333
-1.415,-0.968
-2.002,1.293
-3.01,2.01
1.971,-0.18
1.975,-0.178
1.925,0.74
1.752,1.424
0.835,1.419
0.702,2.076
0.648,1.426
0.627,1.637
0.585,1.559
0.624,2.055
0.503,1.392
-0.635,0.945
-2.819,-0.385
2.895,1.076
2.443,-0.342
0.689,-0.322
0.444,0.976
2.697,-1.468
0.897,-1.749
1.868,2.572
-1.94,-1.832
-3.103,-1.841
-3.083,-1.704
0.039,1.937
0.024,0.99
-0.053,-0.81
-0.047,-1.307
-0.127,-0.364
-0.139,1.602
-0.097,0.789
-0.088,-1.101
-0.18,-0.749
-0.132,-0.85
-0.176,-1.095
-0.264,1.615
-0.322,1.234
-0.43,1.875
-0.401,0.336
-0.488,1.196
-0.44,-1.327
-0.519,-0.213
-0.433,-0.863
-0.531,0.434
-0.594,2.384
-0.527,1.513
-0.538,-0.797
-0.596,0.617
-0.621,0.254
-0.627,0.741
-0.643,1.905
-0.645,0.938
-0.751,0.173
-0.778,-0.093
-0.898,-0.964
-1.022,0.012
-1.028,0.001
-1.061,-0.792
-1.006,1.768
-1.028,0.374
-1.031,0.848
-1.046,0.234
-1.043,2.138
-1.1,0.53
-1.18,-1.337
-1.281,1.673
-1.328,-0.506
-1.299,-0.359
-1.342,0.191
-1.371,0.305
-1.527,0.202
-1.498,1.821
-1.61,0.633
-1.671,1.15
-1.695,0.934
-1.716,-0.734
-1.719,-0.214
-1.85,1.823
-1.778,1.478
-1.871,-1.338
-1.979,0.13
-1.988,0.063
-2.025,-1.214
-2.178,2.235
-2.131,1.171
-2.152,-1.187
-2.201,1.215
-2.279,-0.419
-2.261,-1.007
-2.27,-0.374
-2.339,-0.67
-2.306,-0.487
-2.314,-0.155
-2.364,1.06
-2.324,-0.91
-2.408,-0.85
-2.472,2.31
-2.446,0.799
-2.533,-0.899
-2.709,-1.017
-2.701,-1.353
-2.756,-0.817
-2.827,-0.902
-2.843,-0.201
-2.805,0.061
-2.832,-0.809
-2.901,-0.992
-2.92,2.303
-3.051,-0.219
-2.987,2.073
-3.003,2.517
-3.072,1.08
-3.067,2.11
-3.125,1.706
-3.103,1.779
3.1,-0.167
3.128,-1.33
3.127,0.482
3.025,1.979
3.08,-0.737
3.059,-1.212
3.006,0.311
2.986,-0.415
2.964,-0.504
2.884,2.013
2.936,2.447
2.868,-1.127
2.9,0.473
2.759,-0.095
2.746,1.218
2.725,-0.063
2.751,2.372
2.615,0.604
2.663,0.014
2.673,-0.925
2.589,-0.452
2.598,0.286
2.527,2.415
2.555,0.451
2.458,-0.616
2.45,-0.973
2.52,1.77
2.43,0.939
2.501,1.633
2.305,-0.718
2.321,1.289
2.273,1.708
2.19,0.89
2.112,1.616
2.053,1.651
1.936,1.398
1.861,1.35
1.844,-0.456
1.854,2.326
1.802,-0.895
1.782,1.834
1.592,2.118
1.482,0.29
1.519,0.454
1.452,1.436
1.419,0.161
1.361,1.28
1.331,1.0
1.229,0.847
1.263,2.504
1.139,-1.256
1.167,0.624
1.08,-0.472
1.129,2.059
1.114,2.05
0.575,2.394
0.549,0.197
0.476,-1.321
0.517,1.516
0.473,1.41
0.415,2.189
0.481,-0.074
0.32,-0.509
0.318,0.698
0.384,2.518
0.365,1.155
0.303,2.428
0.276,-0.999
0.275,-0.034
0.202,0.436
0.213,0.756
0.25,2.08
0.149,-0.376
0.148,2.249
-0.023,-1.526
-0.013,-1.481
-0.198,-1.546
-2.723,-1.798
-2.888,-1.763
-2.906,-1.597
-2.926,-1.549
-3.021,-1.605
3.099,-1.757
2.165,-1.768
1.711,-1.678
-0.064,2.347
-1.03,2.581
-1.741,2.293
1.208,2.593
0.9,2.373
0.798,2.365
0.361,2.614
-1.544,1.01
2.988,-0.665
0.335,2.15
0.178,-1.28
2.745,-1.529
-0.022,0.957
-0.064,1.422
-0.03,-0.908
-0.04,-0.634
-0.084,1.425
-0.29,0.818
-0.174,0.427
-0.326,-0.219
-0.196,0.307
-0.291,-1.308
-0.696,-0.422
-0.823,0.915
-0.854,0.093
-0.85,0.11
-0.85,2.215
-0.866,2.038
-0.796,-0.418
-0.833,-1.26
-0.983,-0.382
-0.892,1.591
-0.887,0.792
-0.929,0.12
-1.137,2.08
-1.096,1.828
-1.211,0.14
-1.101,-1.241
-1.2,2.486
-1.453,-0.654
-1.751,1.796
-1.646,0.067
-1.649,0.724
-1.764,2.267
-1.666,1.268
-1.803,1.876
-1.771,1.815
-2.046,0.744
-2.259,1.785
-2.252,1.962
-2.284,1.471
-2.622,0.758
-2.64,0.55
-2.659,0.95
-2.681,2.074
-2.891,0.07
-2.941,2.422
-2.904,-0.787
-3.037,-0.399
-3.066,-1.281
-2.943,0.574
-3.122,-0.547
-3.046,2.475
3.087,0.812
2.702,1.976
2.761,-0.675
2.583,0.194
2.47,1.912
2.588,1.599
2.406,2.07
2.419,2.3
2.39,0.568
2.444,0.157
2.104,0.729
2.227,-0.365
2.07,1.036
1.698,0.294
1.598,2.031
1.519,0.853
1.461,0.226
1.195,-0.438
1.267,1.853
1.139,-0.668
1.036,0.015
0.977,-0.362
0.683,0.107
0.809,-0.503
0.71,0.693
0.564,-0.16
0.587,-0.073
0.581,-1.173
0.451,2.151
0.463,0.198
0.408,0.926
0.271,0.055
0.208,0.599
0.265,-0.778
0.128,0.916
0.261,0.11
0.268,2.05
-0.032,-1.614
-0.932,-1.69
-0.942,-1.723
-1.919,-1.759
1.414,-1.494
1.428,-1.586
1.16,-1.737
0.764,-1.636
-0.302,2.501
2.132,2.5
-0.046,-0.63
-2.055,1.038
-2.677,-1.175
2.052,1.081
0.308,-0.042
0.036,1.383
-1.342,-0.918
-1.929,1.343
-2.937,2.06
2.044,-0.13
2.048,-0.128
1.998,0.79
1.825,1.474
0.908,1.469
0.775,2.126
0.721,1.476
0.7,1.687
0.658,1.609
0.697,2.105
0.576,1.442
-0.562,0.995
-2.746,-0.335
2.968,1.126
2.516,-0.292
0.762,-0.272
0.517,1.026
2.77,-1.418
0.97,-1.699
1.941,2.622
-1.867,-1.782
-3.03,-1.791
-3.01,-1.654
-0.015,-0.947
-0.092,-2.747
-0.086,-3.244
-0.166,-2.301
-0.178,-0.335
-0.136,-1.148
-0.127,-3.038
-0.219,-2.686
-0.171,-2.787
-0.215,-3.032
-0.303,-0.322
-0.361,-0.703
-0.469,-0.062
-0.44,-1.601
-0.527,-0.741
-0.479,-3.264
-0.558,-2.15
-0.472,-2.8
-0.57,-1.503
-0.633,0.447
-0.566,-0.424
-0.577,-2.734
-0.635,-1.32
-0.66,-1.683
-0.666,-1.196
-0.682,-0.032
-0.684,-0.999
-0.79,-1.764
-0.817,-2.03
-0.937,-2.901
-1.061,-1.925
-1.067,-1.936
-1.1,-2.729
-1.045,-0.169
-1.067,-1.563
-1.07,-1.089
-1.085,-1.703
-1.082,0.201
-1.139,-1.407
-1.219,-3.274
-1.32,-0.264
-1.367,-2.443
-1.338,-2.296
-1.381,-1.746
-1.41,-1.632
-1.566,-1.735
-1.537,-0.116
-1.649,-1.304
-1.71,-0.787
-1.734,-1.003
-1.755,-2.671
-1.758,-2.151
-1.889,-0.114
-1.817,-0.459
-1.91,-3.275
-2.018,-1.807
-2.027,-1.874
-2.064,-3.151
-2.217,0.298
-2.17,-0.766
-2.191,-3.124
-2.24,-0.722
-2.318,-2.356
-2.3,-2.944
-2.309,-2.311
-2.378,-2.607
-2.345,-2.424
-2.353,-2.092
-2.403,-0.877
-2.363,-2.847
-2.447,-2.787
-2.511,0.373
-2.485,-1.138
-2.572,-2.836
-2.748,-2.954
-2.74,-3.29
-2.795,-2.754
-2.866,-2.839
-2.882,-2.138
-2.844,-1.876
-2.871,-2.746
-2.94,-2.929
-2.959,0.366
-3.09,-2.156
-3.026,0.136
-3.042,0.58
-3.111,-0.857
-3.106,0.173
3.119,-0.231
3.141,-0.158
3.061,-2.104
3.089,-3.267
3.088,-1.455
2.986,0.042
3.041,-2.674
3.02,-3.149
2.967,-1.626
2.947,-2.352
2.925,-2.441
2.845,0.076
2.897,0.51
2.829,-3.064
2.861,-1.464
2.72,-2.032
2.707,-0.719
2.686,-2.0
2.712,0.435
2.576,-1.333
2.624,-1.923
2.634,-2.862
2.55,-2.389
2.559,-1.651
2.488,0.478
2.516,-1.486
2.419,-2.553
2.411,-2.91
2.481,-0.167
2.391,-0.998
2.462,-0.304
2.266,-2.655
2.282,-0.648
2.234,-0.229
2.151,-1.047
2.073,-0.321
2.014,-0.286
1.897,-0.539
1.822,-0.587
1.805,-2.393
1.815,0.389
1.763,-2.832
1.743,-0.103
1.553,0.181
1.443,-1.647
1.48,-1.483
1.413,-0.501
1.38,-1.776
1.322,-0.657
1.292,-0.937
1.19,-1.09
1.224,0.567
1.1,-3.193
1.128,-1.313
1.041,-2.409
1.09,0.122
1.075,0.113
0.536,0.457
0.51,-1.74
0.437,-3.258
0.478,-0.421
0.434,-0.527
0.376,0.252
0.442,-2.011
0.281,-2.446
0.279,-1.239
0.345,0.581
0.326,-0.782
0.264,0.491
0.237,-2.936
0.236,-1.971
0.163,-1.501
0.174,-1.181
0.211,0.143
0.11,-2.313
0.109,0.312
-0.062,-3.463
-0.052,-3.418
-0.237,-3.483
-2.762,-3.735
-2.927,-3.7
-2.945,-3.534
-2.965,-3.486
-3.06,-3.542
3.06,-3.694
2.126,-3.705
1.672,-3.615
-0.103,0.41
-1.069,0.644
-1.78,0.356
1.169,0.656
0.861,0.436
0.759,0.428
0.322,0.677
-1.583,-0.927
2.949,-2.602
0.296,0.213
0.139,-3.217
2.706,-3.466
-0.061,-0.98
-0.103,-0.515
-0.069,-2.845
-0.079,-2.571
-0.123,-0.512
-0.329,-1.119
-0.213,-1.51
-0.365,-2.156
-0.235,-1.63
-0.33,-3.245
-0.735,-2.359
-0.862,-1.022
-0.893,-1.844
-0.889,-1.827
-0.889,0.278
-0.905,0.101
-0.835,-2.355
-0.872,-3.197
-1.022,-2.319
-0.931,-0.346
-0.926,-1.145
-0.968,-1.817
-1.176,0.143
-1.135,-0.109
-1.25,-1.797
-1.14,-3.178
-1.239,0.549
-1.492,-2.591
-1.79,-0.141
-1.685,-1.87
-1.688,-1.213
-1.803,0.33
-1.705,-0.669
-1.842,-0.061
-1.81,-0.122
-2.085,-1.193
-2.298,-0.152
-2.291,0.025
-2.323,-0.466
-2.661,-1.179
-2.679,-1.387
-2.698,-0.987
-2.72,0.137
-2.93,-1.867
-2.98,0.485
-2.943,-2.724
-3.076,-2.336
-3.105,-3.218
-2.982,-1.363
3.122,-2.484
-3.085,0.538
3.048,-1.125
2.663,0.039
2.722,-2.612
2.544,-1.743
2.431,-0.025
2.549,-0.338
2.367,0.133
2.38,0.363
2.351,-1.369
2.405,-1.78
2.065,-1.208
2.188,-2.302
2.031,-0.901
1.659,-1.643
1.559,0.094
1.48,-1.084
1.422,-1.711
1.156,-2.375
1.228,-0.084
1.1,-2.605
0.997,-1.922
0.938,-2.299
0.644,-1.83
0.77,-2.44
0.671,-1.244
0.525,-2.097
0.548,-2.01
0.542,-3.11
0.412,0.214
0.424,-1.739
0.369,-1.011
0.232,-1.882
0.169,-1.338
0.226,-2.715
0.089,-1.021
0.222,-1.827
0.229,0.113
-0.071,-3.551
-0.971,-3.627
-0.981,-3.66
-1.958,-3.696
1.375,-3.431
1.389,-3.523
1.121,-3.674
0.725,-3.573
-0.341,0.564
2.093,0.563
-0.085,-2.567
-2.094,-0.899
-2.716,-3.112
2.013,-0.856
0.269,-1.979
-0.003,-0.554
-1.381,-2.855
-1.968,-0.594
-2.976,0.123
2.005,-2.067
2.009,-2.065
1.959,-1.147
1.786,-0.463
0.869,-0.468
0.736,0.189
0.682,-0.461
0.661,-0.25
0.619,-0.328
0.658,0.168
0.537,-0.495
-0.601,-0.942
-2.785,-2.272
2.929,-0.811
2.477,-2.229
0.723,-2.209
0.478,-0.911
2.731,-3.355
0.931,-3.636
1.902,0.685
-1.906,-3.719
-3.069,-3.728
-3.049,-3.591
-0.077,-1.8
-0.071,-2.297
-0.151,-1.354
-0.163,0.612
-0.121,-0.201
-0.112,-2.091
-0.204,-1.739
-0.156,-1.84
-0.2,-2.085
-0.288,0.625
-0.346,0.244
-0.454,0.885
-0.425,-0.654
-0.512,0.206
-0.464,-2.317
-0.543,-1.203
-0.457,-1.853
-0.555,-0.556
-0.618,1.394
-0.551,0.523
-0.562,-1.787
-0.62,-0.373
-0.645,-0.736
-0.651,-0.249
-0.667,0.915
-0.669,-0.052
-0.775,-0.817
-0.802,-1.083
-0.922,-1.954
-1.046,-0.978
-1.052,-0.989
-1.085,-1.782
-1.03,0.778
-1.052,-0.616
-1.055,-0.142
-1.07,-0.756
-1.067,1.148
-1.124,-0.46
-1.204,-2.327
-1.305,0.683
-1.352,-1.496
-1.323,-1.349
-1.366,-0.799
-1.395,-0.685
-1.551,-0.788
-1.522,0.831
-1.634,-0.357
-1.695,0.16
-1.719,-0.056
-1.74,-1.724
-1.743,-1.204
-1.874,0.833
-1.802,0.488
-1.895,-2.328
-2.003,-0.86
-2.012,-0.927
-2.049,-2.204
-2.202,1.245
-2.155,0.181
-2.176,-2.177
-2.225,0.225
-2.303,-1.409
-2.285,-1.997
-2.294,-1.364
-2.363,-1.66
-2.33,-1.477
-2.338,-1.145
-2.388,0.07
-2.348,-1.9
-2.432,-1.84
-2.496,1.32
-2.47,-0.191
-2.557,-1.889
-2.733,-2.007
-2.725,-2.343
-2.78,-1.807
-2.851,-1.892
-2.867,-1.191
-2.829,-0.929
-2.856,-1.799
-2.925,-1.982
-2.944,1.313
-3.075,-1.209
-3.011,1.083
-3.027,1.527
-3.096,0.09
-3.091,1.12
3.134,0.716
-3.127,0.789
3.076,-1.157
3.104,-2.32
3.103,-0.508
3.001,0.989
3.056,-1.727
3.035,-2.202
2.982,-0.679
2.962,-1.405
2.94,-1.494
2.86,1.023
2.912,1.457
2.844,-2.117
2.876,-0.517
2.735,-1.085
2.722,0.228
2.701,-1.053
2.727,1.382
2.591,-0.386
2.639,-0.976
2.649,-1.915
2.565,-1.442
2.574,-0.704
2.503,1.425
2.531,-0.539
2.434,-1.606
2.426,-1.963
2.496,0.78
2.406,-0.051
2.477,0.643
2.281,-1.708
2.297,0.299
2.249,0.718
2.166,-0.1
2.088,0.626
2.029,0.661
1.912,0.408
1.837,0.36
1.82,-1.446
1.83,1.336
1.778,-1.885
1.758,0.844
1.568,1.128
1.458,-0.7
1.495,-0.536
1.428,0.446
1.395,-0.829
1.337,0.29
1.307,0.01
1.205,-0.143
1.239,1.514
1.115,-2.246
1.143,-0.366
1.056,-1.462
1.105,1.069
1.09,1.06
0.551,1.404
0.525,-0.793
0.452,-2.311
0.493,0.526
0.449,0.42
0.391,1.199
0.457,-1.064
0.296,-1.499
0.294,-0.292
0.36,1.528
0.341,0.165
0.279,1.438
0.252,-1.989
0.251,-1.024
0.178,-0.554
0.189,-0.234
0.226,1.09
0.125,-1.366
0.124,1.259
-0.047,-2.516
-0.037,-2.471
-0.222,-2.536
-2.747,-2.788
-2.912,-2.753
-2.93,-2.587
-2.95,-2.539
-3.045,-2.595
3.075,-2.747
2.141,-2.758
1.687,-2.668
-0.088,1.357
-1.054,1.591
-1.765,1.303
1.184,1.603
0.876,1.383
0.774,1.375
0.337,1.624
-1.568,0.02
2.964,-1.655
0.311,1.16
0.154,-2.27
2.721,-2.519
-0.046,-0.033
-0.088,0.432
-0.054,-1.898
-0.064,-1.624
-0.108,0.435
-0.314,-0.172
-0.198,-0.563
-0.35,-1.209
-0.22,-0.683
-0.315,-2.298
-0.72,-1.412
-0.847,-0.075
-0.878,-0.897
-0.874,-0.88
-0.874,1.225
-0.89,1.048
-0.82,-1.408
-0.857,-2.25
-1.007,-1.372
-0.916,0.601
-0.911,-0.198
-0.953,-0.87
-1.161,1.09
-1.12,0.838
-1.235,-0.85
-1.125,-2.231
-1.224,1.496
-1.477,-1.644
-1.775,0.806
-1.67,-0.923
-1.673,-0.266
-1.788,1.277
-1.69,0.278
-1.827,0.886
-1.795,0.825
-2.07,-0.246
-2.283,0.795
-2.276,0.972
-2.308,0.481
-2.646,-0.232
-2.664,-0.44
-2.683,-0.04
-2.705,1.084
-2.915,-0.92
-2.965,1.432
-2.928,-1.777
-3.061,-1.389
-3.09,-2.271
-2.967,-0.416
3.137,-1.537
-3.07,1.485
3.063,-0.178
2.678,0.986
2.737,-1.665
2.559,-0.796
2.446,0.922
2.564,0.609
2.382,1.08
2.395,1.31
2.366,-0.422
2.42,-0.833
2.08,-0.261
2.203,-1.355
2.046,0.046
1.674,-0.696
1.574,1.041
1.495,-0.137
1.437,-0.764
1.171,-1.428
1.243,0.863
1.115,-1.658
1.012,-0.975
0.953,-1.352
0.659,-0.883
0.785,-1.493
0.686,-0.297
0.54,-1.15
0.563,-1.063
0.557,-2.163
0.427,1.161
0.439,-0.792
0.384,-0.064
0.247,-0.935
0.184,-0.391
0.241,-1.768
0.104,-0.074
0.237,-0.88
0.244,1.06
-0.056,-2.604
-0.956,-2.68
-0.966,-2.713
-1.943,-2.749
1.39,-2.484
1.404,-2.576
1.136,-2.727
0.74,-2.626
-0.326,1.511
2.108,1.51
-0.07,-1.62
-2.079,0.048
-2.701,-2.165
2.028,0.091
0.284,-1.032
0.012,0.393
-1.366,-1.908
-1.953,0.353
-2.961,1.07
2.02,-1.12
2.024,-1.118
1.974,-0.2
1.801,0.484
0.884,0.479
0.751,1.136
0.697,0.486
0.676,0.697
0.634,0.619
0.673,1.115
0.552,0.452
-0.586,0.005
-2.77,-1.325
2.944,0.136
2.492,-1.282
0.738,-1.262
0.493,0.036
2.746,-2.408
0.946,-2.689
1.917,1.632
-1.891,-2.772
-3.054,-2.781
-3.034,-2.644
0.006,-0.497
-0.074,0.446
-0.086,2.412
-0.044,1.599
-0.035,-0.291
-0.127,0.061
-0.079,-0.04
-0.123,-0.285
-0.211,2.425
-0.269,2.044
-0.377,2.685
-0.348,1.146
-0.435,2.006
-0.387,-0.517
-0.466,0.597
-0.38,-0.053
-0.478,1.244
-0.541,3.194
-0.474,2.323
-0.485,0.013
-0.543,1.427
-0.568,1.064
-0.574,1.551
-0.59,2.715
-0.592,1.748
-0.698,0.983
-0.725,0.717
-0.845,-0.154
-0.969,0.822
-0.975,0.811
-1.008,0.018
-0.953,2.578
-0.975,1.184
-0.978,1.658
-0.993,1.044
-0.99,2.948
-1.047,1.34
-1.127,-0.527
-1.228,2.483
-1.275,0.304
-1.246,0.451
-1.289,1.001
-1.318,1.115
-1.474,1.012
-1.445,2.631
-1.557,1.443
-1.618,1.96
-1.642,1.744
-1.663,0.076
-1.666,0.596
-1.797,2.633
-1.725,2.288
-1.818,-0.528
-1.926,0.94
-1.935,0.873
-1.972,-0.404
-2.125,3.045
-2.078,1.981
-2.099,-0.377
-2.148,2.025
-2.226,0.391
-2.208,-0.197
-2.217,0.436
-2.286,0.14
-2.253,0.323
-2.261,0.655
-2.311,1.87
-2.271,-0.1
-2.355,-0.04
-2.419,3.12
-2.393,1.609
-2.48,-0.089
-2.656,-0.207
-2.648,-0.543
-2.703,-0.007
-2.774,-0.092
-2.79,0.609
-2.752,0.871
-2.779,0.001
-2.848,-0.182
-2.867,3.113
-2.998,0.591
-2.934,2.883
-2.95,3.327
-3.019,1.89
-3.014,2.92
-3.072,2.516
-3.05,2.589
-3.13,0.643
-3.102,-0.52
-3.103,1.292
3.078,2.789
3.133,0.073
3.112,-0.402
3.059,1.121
3.039,0.395
3.017,0.306
2.937,2.823
2.989,3.257
2.921,-0.317
2.953,1.283
2.812,0.715
2.799,2.028
2.778,0.747
2.804,3.182
2.668,1.414
2.716,0.824
2.726,-0.115
2.642,0.358
2.651,1.096
2.58,3.225
2.608,1.261
2.511,0.194
2.503,-0.163
2.573,2.58
2.483,1.749
2.554,2.443
2.358,0.092
2.374,2.099
2.326,2.518
2.243,1.7
2.165,2.426
2.106,2.461
1.989,2.208
1.914,2.16
1.897,0.354
1.907,3.136
1.855,-0.085
1.835,2.644
1.645,2.928
1.535,1.1
1.572,1.264
1.505,2.246
1.472,0.971
1.414,2.09
1.384,1.81
1.282,1.657
1.316,3.314
1.192,-0.446
1.22,1.434
1.133,0.338
1.182,2.869
1.167,2.86
0.628,3.204
0.602,1.007
0.529,-0.511
0.57,2.326
0.526,2.22
0.468,2.999
0.534,0.736
0.373,0.301
0.371,1.508
0.437,3.328
0.418,1.965
0.356,3.238
0.329,-0.189
0.328,0.776
0.255,1.246
0.266,1.566
0.303,2.89
0.202,0.434
0.201,3.059
0.03,-0.716
0.04,-0.671
-0.145,-0.736
-2.67,-0.988
-2.835,-0.953
-2.853,-0.787
-2.873,-0.739
-2.968,-0.795
-3.131,-0.947
2.218,-0.958
1.764,-0.868
-0.011,3.157
-0.977,3.391
-1.688,3.103
1.261,3.403
0.953,3.183
0.851,3.175
0.414,3.424
-1.491,1.82
3.041,0.145
0.388,2.96
0.231,-0.47
2.798,-0.719
0.031,1.767
-0.011,2.232
0.023,-0.098
0.013,0.176
-0.031,2.235
-0.237,1.628
-0.121,1.237
-0.273,0.591
-0.143,1.117
-0.238,-0.498
-0.643,0.388
-0.77,1.725
-0.801,0.903
-0.797,0.92
-0.797,3.025
-0.813,2.848
-0.743,0.392
-0.78,-0.45
-0.93,0.428
-0.839,2.401
-0.834,1.602
-0.876,0.93
-1.084,2.89
-1.043,2.638
-1.158,0.95
-1.048,-0.431
-1.147,3.296
-1.4,0.156
-1.698,2.606
-1.593,0.877
-1.596,1.534
-1.711,3.077
-1.613,2.078
-1.75,2.686
-1.718,2.625
-1.993,1.554
-2.206,2.595
-2.199,2.772
-2.231,2.281
-2.569,1.568
-2.587,1.36
-2.606,1.76
-2.628,2.884
-2.838,0.88
-2.888,3.232
-2.851,0.023
-2.984,0.411
-3.013,-0.471
-2.89,1.384
-3.069,0.263
-2.993,3.285
3.14,1.622
2.755,2.786
2.814,0.135
2.636,1.004
2.523,2.722
2.641,2.409
2.459,2.88
2.472,3.11
2.443,1.378
2.497,0.967
2.157,1.539
2.28,0.445
2.123,1.846
1.751,1.104
1.651,2.841
1.572,1.663
1.514,1.036
1.248,0.372
1.32,2.663
1.192,0.142
1.089,0.825
1.03,0.448
0.736,0.917
0.862,0.307
0.763,1.503
0.617,0.65
0.64,0.737
0.634,-0.363
0.504,2.961
0.516,1.008
0.461,1.736
0.324,0.865
0.261,1.409
0.318,0.032
0.181,1.726
0.314,0.92
0.321,2.86
0.021,-0.804
-0.879,-0.88
-0.889,-0.913
-1.866,-0.949
1.467,-0.684
1.481,-0.776
1.213,-0.927
0.817,-0.826
-0.249,3.311
2.185,3.31
0.007,0.18
-2.002,1.848
-2.624,-0.365
2.105,1.891
0.361,0.768
0.089,2.193
-1.289,-0.108
-1.876,2.153
-2.884,2.87
2.097,0.68
2.101,0.682
2.051,1.6
1.878,2.284
0.961,2.279
0.828,2.936
0.774,2.286
0.753,2.497
0.711,2.419
0.75,2.915
0.629,2.252
-0.509,1.805
-2.693,0.475
3.021,1.936
2.569,0.518
0.815,0.538
0.57,1.836
2.823,-0.608
1.023,-0.889
1.994,3.432
-1.814,-0.972
-2.977,-0.981
-2.957,-0.844
-0.08,0.943
-0.092,2.909
-0.05,2.096
-0.041,0.206
-0.133,0.558
-0.085,0.457
-0.129,0.212
-0.217,2.922
-0.275,2.541
-0.383,3.182
-0.354,1.643
-0.441,2.503
-0.393,-0.02
-0.472,1.094
-0.386,0.444
-0.484,1.741
-0.547,3.691
-0.48,2.82
-0.491,0.51
-0.549,1.924
-0.574,1.561
-0.58,2.048
-0.596,3.212
-0.598,2.245
-0.704,1.48
-0.731,1.214
-0.851,0.343
-0.975,1.319
-0.981,1.308
-1.014,0.515
-0.959,3.075
-0.981,1.681
-0.984,2.155
-0.999,1.541
-0.996,3.445
-1.053,1.837
-1.133,-0.03
-1.234,2.98
-1.281,0.801
-1.252,0.948
-1.295,1.498
-1.324,1.612
-1.48,1.509
-1.451,3.128
-1.563,1.94
-1.624,2.457
-1.648,2.241
-1.669,0.573
-1.672,1.093
-1.803,3.13
-1.731,2.785
-1.824,-0.031
-1.932,1.437
-1.941,1.37
-1.978,0.093
-2.131,3.542
-2.084,2.478
-2.105,0.12
-2.154,2.522
-2.232,0.888
-2.214,0.3
-2.223,0.933
-2.292,0.637
-2.259,0.82
-2.267,1.152
-2.317,2.367
-2.277,0.397
-2.361,0.457
-2.425,3.617
-2.399,2.106
-2.486,0.408
-2.662,0.29
-2.654,-0.046
-2.709,0.49
-2.78,0.405
-2.796,1.106
-2.758,1.368
-2.785,0.498
-2.854,0.315
-2.873,3.61
-3.004,1.088
-2.94,3.38
-2.956,3.824
-3.025,2.387
-3.02,3.417
-3.078,3.013
-3.056,3.086
-3.136,1.14
-3.108,-0.023
-3.109,1.789
3.072,3.286
3.127,0.57
3.106,0.095
3.053,1.618
3.033,0.892
3.011,0.803
2.931,3.32
2.983,3.754
2.915,0.18
2.947,1.78
2.806,1.212
2.793,2.525
2.772,1.244
2.798,3.679
2.662,1.911
2.71,1.321
2.72,0.382
2.636,0.855
2.645,1.593
2.574,3.722
2.602,1.758
2.505,0.691
2.497,0.334
2.567,3.077
2.477,2.246
2.548,2.94
2.352,0.589
2.368,2.596
2.32,3.015
2.237,2.197
2.159,2.923
2.1,2.958
1.983,2.705
1.908,2.657
1.891,0.851
1.901,3.633
1.849,0.412
1.829,3.141
1.639,3.425
1.529,1.597
1.566,1.761
1.499,2.743
1.466,1.468
1.408,2.587
1.378,2.307
1.276,2.154
1.31,3.811
1.186,0.051
1.214,1.931
1.127,0.835
1.176,3.366
1.161,3.357
0.622,3.701
0.596,1.504
0.523,-0.014
0.564,2.823
0.52,2.717
0.462,3.496
0.528,1.233
0.367,0.798
0.365,2.005
0.431,3.825
0.412,2.462
0.35,3.735
0.323,0.308
0.322,1.273
0.249,1.743
0.26,2.063
0.297,3.387
0.196,0.931
0.195,3.556
0.024,-0.219
0.034,-0.174
-0.151,-0.239
-2.676,-0.491
-2.841,-0.456
-2.859,-0.29
-2.879,-0.242
-2.974,-0.298
-3.137,-0.45
2.212,-0.461
1.758,-0.371
-0.017,3.654
-0.983,3.888
-1.694,3.6
1.255,3.9
0.947,3.68
0.845,3.672
0.408,3.921
-1.497,2.317
3.035,0.642
0.382,3.457
0.225,0.027
2.792,-0.222
0.025,2.264
-0.017,2.729
0.017,0.399
0.007,0.673
-0.037,2.732
-0.243,2.125
-0.127,1.734
-0.279,1.088
-0.149,1.614
-0.244,-0.001
-0.649,0.885
-0.776,2.222
-0.807,1.4
-0.803,1.417
-0.803,3.522
-0.819,3.345
-0.749,0.889
-0.786,0.047
-0.936,0.925
-0.845,2.898
-0.84,2.099
-0.882,1.427
-1.09,3.387
-1.049,3.135
-1.164,1.447
-1.054,0.066
-1.153,3.793
-1.406,0.653
-1.704,3.103
-1.599,1.374
-1.602,2.031
-1.717,3.574
-1.619,2.575
-1.756,3.183
-1.724,3.122
-1.999,2.051
-2.212,3.092
-2.205,3.269
-2.237,2.778
-2.575,2.065
-2.593,1.857
-2.612,2.257
-2.634,3.381
-2.844,1.377
-2.894,3.729
-2.857,0.52
-2.99,0.908
-3.019,0.026
-2.896,1.881
-3.075,0.76
-2.999,3.782
3.134,2.119
2.749,3.283
2.808,0.632
2.63,1.501
2.517,3.219
2.635,2.906
2.453,3.377
2.466,3.607
2.437,1.875
2.491,1.464
2.151,2.036
2.274,0.942
2.117,2.343
1.745,1.601
1.645,3.338
1.566,2.16
1.508,1.533
1.242,0.869
1.314,3.16
1.186,0.639
1.083,1.322
1.024,0.945
0.73,1.414
0.856,0.804
0.757,2.0
0.611,1.147
0.634,1.234
0.628,0.134
0.498,3.458
0.51,1.505
0.455,2.233
0.318,1.362
0.255,1.906
0.312,0.529
0.175,2.223
0.308,1.417
0.315,3.357
0.015,-0.307
-0.885,-0.383
-0.895,-0.416
-1.872,-0.452
1.461,-0.187
1.475,-0.279
1.207,-0.43
0.811,-0.329
-0.255,3.808
2.179,3.807
0.001,0.677
-2.008,2.345
-2.63,0.132
2.099,2.388
0.355,1.265
0.083,2.69
-1.295,0.389
-1.882,2.65
-2.89,3.367
2.091,1.177
2.095,1.179
2.045,2.097
1.872,2.781
0.955,2.776
0.822,3.433
0.768,2.783
0.747,2.994
0.705,2.916
0.744,3.412
0.623,2.749
-0.515,2.302
-2.699,0.972
3.015,2.433
2.563,1.015
0.809,1.035
0.564,2.333
2.817,-0.111
1.017,-0.392
1.988,3.929
-1.82,-0.475
-2.983,-0.484
-2.963,-0.347
-0.012,1.966
0.03,1.153
0.039,-0.737
-0.053,-0.385
-0.005,-0.486
-0.049,-0.731
-0.137,1.979
-0.195,1.598
-0.303,2.239
-0.274,0.7
-0.361,1.56
-0.313,-0.963
-0.392,0.151
-0.306,-0.499
-0.404,0.798
-0.467,2.748
-0.4,1.877
-0.411,-0.433
-0.469,0.981
-0.494,0.618
-0.5,1.105
-0.516,2.269
-0.518,1.302
-0.624,0.537
-0.651,0.271
-0.771,-0.6
-0.895,0.376
-0.901,0.365
-0.934,-0.428
-0.879,2.132
-0.901,0.738
-0.904,1.212
-0.919,0.598
-0.916,2.502
-0.973,0.894
-1.053,-0.973
-1.154,2.037
-1.201,-0.142
-1.172,0.005
-1.215,0.555
-1.244,0.669
-1.4,0.566
-1.371,2.185
-1.483,0.997
-1.544,1.514
-1.568,1.298
-1.589,-0.37
-1.592,0.15
-1.723,2.187
-1.651,1.842
-1.744,-0.974
-1.852,0.494
-1.861,0.427
-1.898,-0.85
-2.051,2.599
-2.004,1.535
-2.025,-0.823
-2.074,1.579
-2.152,-0.055
-2.134,-0.643
-2.143,-0.01
-2.212,-0.306
-2.179,-0.123
-2.187,0.209
-2.237,1.424
-2.197,-0.546
-2.281,-0.486
-2.345,2.674
-2.319,1.163
-2.406,-0.535
-2.582,-0.653
-2.574,-0.989
-2.629,-0.453
-2.7,-0.538
-2.716,0.163
-2.678,0.425
-2.705,-0.445
-2.774,-0.628
-2.793,2.667
-2.924,0.145
-2.86,2.437
-2.876,2.881
-2.945,1.444
-2.94,2.474
-2.998,2.07
-2.976,2.143
-3.056,0.197
-3.028,-0.966
-3.029,0.846
-3.131,2.343
-3.076,-0.373
-3.097,-0.848
3.133,0.675
3.113,-0.051
3.091,-0.14
3.011,2.377
3.063,2.811
2.995,-0.763
3.027,0.837
2.886,0.269
2.873,1.582
2.852,0.301
2.878,2.736
2.742,0.968
2.79,0.378
2.8,-0.561
2.716,-0.088
2.725,0.65
2.654,2.779
2.682,0.815
2.585,-0.252
2.577,-0.609
2.647,2.134
2.557,1.303
2.628,1.997
2.432,-0.354
2.448,1.653
2.4,2.072
2.317,1.254
2.239,1.98
2.18,2.015
2.063,1.762
1.988,1.714
1.971,-0.092
1.981,2.69
1.929,-0.531
1.909,2.198
1.719,2.482
1.609,0.654
1.646,0.818
1.579,1.8
1.546,0.525
1.488,1.644
1.458,1.364
1.356,1.211
1.39,2.868
1.266,-0.892
1.294,0.988
1.207,-0.108
1.256,2.423
1.241,2.414
0.702,2.758
0.676,0.561
0.603,-0.957
0.644,1.88
0.6,1.774
0.542,2.553
0.608,0.29
0.447,-0.145
0.445,1.062
0.511,2.882
0.492,1.519
0.43,2.792
0.403,-0.635
0.402,0.33
0.329,0.8
0.34,1.12
0.377,2.444
0.276,-0.012
0.275,2.613
0.104,-1.162
0.114,-1.117
-0.071,-1.182
-2.596,-1.434
-2.761,-1.399
-2.779,-1.233
-2.799,-1.185
-2.894,-1.241
-3.057,-1.393
2.292,-1.404
1.838,-1.314
0.063,2.711
-0.903,2.945
-1.614,2.657
1.335,2.957
1.027,2.737
0.925,2.729
0.488,2.978
-1.417,1.374
3.115,-0.301
0.462,2.514
0.305,-0.916
2.872,-1.165
0.105,1.321
0.063,1.786
0.097,-0.544
0.087,-0.27
0.043,1.789
-0.163,1.182
-0.047,0.791
-0.199,0.145
-0.069,0.671
-0.164,-0.944
-0.569,-0.058
-0.696,1.279
-0.727,0.457
-0.723,0.474
-0.723,2.579
-0.739,2.402
-0.669,-0.054
-0.706,-0.896
-0.856,-0.018
-0.765,1.955
-0.76,1.156
-0.802,0.484
-1.01,2.444
-0.969,2.192
-1.084,0.504
-0.974,-0.877
-1.073,2.85
-1.326,-0.29
-1.624,2.16
-1.519,0.431
-1.522,1.088
-1.637,2.631
-1.539,1.632
-1.676,2.24
-1.644,2.179
-1.919,1.108
-2.132,2.149
-2.125,2.326
-2.157,1.835
-2.495,1.122
-2.513,0.914
-2.532,1.314
-2.554,2.438
-2.764,0.434
-2.814,2.786
-2.777,-0.423
-2.91,-0.035
-2.939,-0.917
-2.816,0.938
-2.995,-0.183
-2.919,2.839
-3.069,1.176
2.829,2.34
2.888,-0.311
2.71,0.558
2.597,2.276
2.715,1.963
2.533,2.434
2.546,2.664
2.517,0.932
2.571,0.521
2.231,1.093
2.354,-0.001
2.197,1.4
1.825,0.658
1.725,2.395
1.646,1.217
1.588,0.59
1.322,-0.074
1.394,2.217
1.266,-0.304
1.163,0.379
1.104,0.002
0.81,0.471
0.936,-0.139
0.837,1.057
0.691,0.204
0.714,0.291
0.708,-0.809
0.578,2.515
0.59,0.562
0.535,1.29
0.398,0.419
0.335,0.963
0.392,-0.414
0.255,1.28
0.388,0.474
0.395,2.414
0.095,-1.25
-0.805,-1.326
-0.815,-1.359
-1.792,-1.395
1.541,-1.13
1.555,-1.222
1.287,-1.373
0.891,-1.272
-0.175,2.865
2.259,2.864
0.081,-0.266
-1.928,1.402
-2.55,-0.811
2.179,1.445
0.435,0.322
0.163,1.747
-1.215,-0.554
-1.802,1.707
-2.81,2.424
2.171,0.234
2.175,0.236
2.125,1.154
1.952,1.838
1.035,1.833
0.902,2.49
0.848,1.84
0.827,2.051
0.785,1.973
0.824,2.469
0.703,1.806
-0.435,1.359
-2.619,0.029
3.095,1.49
2.643,0.072
0.889,0.092
0.644,1.39
2.897,-1.054
1.097,-1.335
2.068,2.986
-1.74,-1.418
-2.903,-1.427
-2.883,-1.29
0.042,-0.813
0.051,-2.703
-0.041,-2.351
0.007,-2.452
-0.037,-2.697
-0.125,0.013
-0.183,-0.368
-0.291,0.273
-0.262,-1.266
-0.349,-0.406
-0.301,-2.929
-0.38,-1.815
-0.294,-2.465
-0.392,-1.168
-0.455,0.782
-0.388,-0.089
-0.399,-2.399
-0.457,-0.985
-0.482,-1.348
-0.488,-0.861
-0.504,0.303
-0.506,-0.664
-0.612,-1.429
-0.639,-1.695
-0.759,-2.566
-0.883,-1.59
-0.889,-1.601
-0.922,-2.394
-0.867,0.166
-0.889,-1.228
-0.892,-0.754
-0.907,-1.368
-0.904,0.536
-0.961,-1.072
-1.041,-2.939
-1.142,0.071
-1.189,-2.108
-1.16,-1.961
-1.203,-1.411
-1.232,-1.297
-1.388,-1.4
-1.359,0.219
-1.471,-0.969
-1.532,-0.452
-1.556,-0.668
-1.577,-2.336
-1.58,-1.816
-1.711,0.221
-1.639,-0.124
-1.732,-2.94
-1.84,-1.472
-1.849,-1.539
-1.886,-2.816
-2.039,0.633
-1.992,-0.431
-2.013,-2.789
-2.062,-0.387
-2.14,-2.021
-2.122,-2.609
-2.131,-1.976
-2.2,-2.272
-2.167,-2.089
-2.175,-1.757
-2.225,-0.542
-2.185,-2.512
-2.269,-2.452
-2.333,0.708
-2.307,-0.803
-2.394,-2.501
-2.57,-2.619
-2.562,-2.955
-2.617,-2.419
-2.688,-2.504
-2.704,-1.803
-2.666,-1.541
-2.693,-2.411
-2.762,-2.594
-2.781,0.701
-2.912,-1.821
-2.848,0.471
-2.864,0.915
-2.933,-0.522
-2.928,0.508
-2.986,0.104
-2.964,0.177
-3.044,-1.769
-3.016,-2.932
-3.017,-1.12
-3.119,0.377
-3.064,-2.339
-3.085,-2.814
-3.138,-1.291
3.125,-2.017
3.103,-2.106
3.023,0.411
3.075,0.845
3.007,-2.729
3.039,-1.129
2.898,-1.697
2.885,-0.384
2.864,-1.665
2.89,0.77
2.754,-0.998
2.802,-1.588
2.812,-2.527
2.728,-2.054
2.737,-1.316
2.666,0.813
2.694,-1.151
2.597,-2.218
2.589,-2.575
2.659,0.168
2.569,-0.663
2.64,0.031
2.444,-2.32
2.46,-0.313
2.412,0.106
2.329,-0.712
2.251,0.014
2.192,0.049
2.075,-0.204
2.0,-0.252
1.983,-2.058
1.993,0.724
1.941,-2.497
1.921,0.232
1.731,0.516
1.621,-1.312
1.658,-1.148
1.591,-0.166
1.558,-1.441
1.5,-0.322
1.47,-0.602
1.368,-0.755
1.402,0.902
1.278,-2.858
1.306,-0.978
1.219,-2.074
1.268,0.457
1.253,0.448
0.714,0.792
0.688,-1.405
0.615,-2.923
0.656,-0.086
0.612,-0.192
0.554,0.587
0.62,-1.676
0.459,-2.111
0.457,-0.904
0.523,0.916
0.504,-0.447
0.442,0.826
0.415,-2.601
0.414,-1.636
0.341,-1.166
0.352,-0.846
0.389,0.478
0.288,-1.978
0.287,0.647
0.116,-3.128
0.126,-3.083
-0.059,-3.148
-2.584,-3.4
-2.749,-3.365
-2.767,-3.199
-2.787,-3.151
-2.882,-3.207
-3.045,-3.359
2.304,-3.37
1.85,-3.28
0.075,0.745
-0.891,0.979
-1.602,0.691
1.347,0.991
1.039,0.771
0.937,0.763
0.5,1.012
-1.405,-0.592
3.127,-2.267
0.474,0.548
0.317,-2.882
2.884,-3.131
0.117,-0.645
0.075,-0.18
0.109,-2.51
0.099,-2.236
0.055,-0.177
-0.151,-0.784
-0.035,-1.175
-0.187,-1.821
-0.057,-1.295
-0.152,-2.91
-0.557,-2.024
-0.684,-0.687
-0.715,-1.509
-0.711,-1.492
-0.711,0.613
-0.727,0.436
-0.657,-2.02
-0.694,-2.862
-0.844,-1.984
-0.753,-0.011
-0.748,-0.81
-0.79,-1.482
-0.998,0.478
-0.957,0.226
-1.072,-1.462
-0.962,-2.843
-1.061,0.884
-1.314,-2.256
-1.612,0.194
-1.507,-1.535
-1.51,-0.878
-1.625,0.665
-1.527,-0.334
-1.664,0.274
-1.632,0.213
-1.907,-0.858
-2.12,0.183
-2.113,0.36
-2.145,-0.131
-2.483,-0.844
-2.501,-1.052
-2.52,-0.652
-2.542,0.472
-2.752,-1.532
-2.802,0.82
-2.765,-2.389
-2.898,-2.001
-2.927,-2.883
-2.804,-1.028
-2.983,-2.149
-2.907,0.873
-3.057,-0.79
2.841,0.374
2.9,-2.277
2.722,-1.408
2.609,0.31
2.727,-0.003
2.545,0.468
2.558,0.698
2.529,-1.034
2.583,-1.445
2.243,-0.873
2.366,-1.967
2.209,-0.566
1.837,-1.308
1.737,0.429
1.658,-0.749
1.6,-1.376
1.334,-2.04
1.406,0.251
1.278,-2.27
1.175,-1.587
1.116,-1.964
0.822,-1.495
0.948,-2.105
0.849,-0.909
0.703,-1.762
0.726,-1.675
0.72,-2.775
0.59,0.549
0.602,-1.404
0.547,-0.676
0.41,-1.547
0.347,-1.003
0.404,-2.38
0.267,-0.686
0.4,-1.492
0.407,0.448
0.107,-3.216
-0.793,-3.292
-0.803,-3.325
-1.78,-3.361
1.553,-3.096
1.567,-3.188
1.299,-3.339
0.903,-3.238
-0.163,0.899
2.271,0.898
0.093,-2.232
-1.916,-0.564
-2.538,-2.777
2.191,-0.521
0.447,-1.644
0.175,-0.219
-1.203,-2.52
-1.79,-0.259
-2.798,0.458
2.183,-1.732
2.187,-1.73
2.137,-0.812
1.964,-0.128
1.047,-0.133
0.914,0.524
0.86,-0.126
0.839,0.085
0.797,0.007
0.836,0.503
0.715,-0.16
-0.423,-0.607
-2.607,-1.937
3.107,-0.476
2.655,-1.894
0.901,-1.874
0.656,-0.576
2.909,-3.02
1.109,-3.301
2.08,1.02
-1.728,-3.384
-2.891,-3.393
-2.871,-3.256
0.009,-1.89
-0.083,-1.538
-0.035,-1.639
-0.079,-1.884
-0.167,0.826
-0.225,0.445
-0.333,1.086
-0.304,-0.453
-0.391,0.407
-0.343,-2.116
-0.422,-1.002
-0.336,-1.652
-0.434,-0.355
-0.497,1.595
-0.43,0.724
-0.441,-1.586
-0.499,-0.172
-0.524,-0.535
-0.53,-0.048
-0.546,1.116
-0.548,0.149
-0.654,-0.616
-0.681,-0.882
-0.801,-1.753
-0.925,-0.777
-0.931,-0.788
-0.964,-1.581
-0.909,0.979
-0.931,-0.415
-0.934,0.059
-0.949,-0.555
-0.946,1.349
-1.003,-0.259
-1.083,-2.126
-1.184,0.884
-1.231,-1.295
-1.202,-1.148
-1.245,-0.598
-1.274,-0.484
-1.43,-0.587
-1.401,1.032
-1.513,-0.156
-1.574,0.361
-1.598,0.145
-1.619,-1.523
-1.622,-1.003
-1.753,1.034
-1.681,0.689
-1.774,-2.127
-1.882,-0.659
-1.891,-0.726
-1.928,-2.003
-2.081,1.446
-2.034,0.382
-2.055,-1.976
-2.104,0.426
-2.182,-1.208
-2.164,-1.796
-2.173,-1.163
-2.242,-1.459
-2.209,-1.276
-2.217,-0.944
-2.267,0.271
-2.227,-1.699
-2.311,-1.639
-2.375,1.521
-2.349,0.01
-2.436,-1.688
-2.612,-1.806
-2.604,-2.142
-2.659,-1.606
-2.73,-1.691
-2.746,-0.99
-2.708,-0.728
-2.735,-1.598
-2.804,-1.781
-2.823,1.514
-2.954,-1.008
-2.89,1.284
-2.906,1.728
-2.975,0.291
-2.97,1.321
-3.028,0.917
-3.006,0.99
-3.086,-0.956
-3.058,-2.119
-3.059,-0.307
3.122,1.19
-3.106,-1.526
-3.127,-2.001
3.103,-0.478
3.083,-1.204
3.061,-1.293
2.981,1.224
3.033,1.658
2.965,-1.916
2.997,-0.316
2.856,-0.884
2.843,0.429
2.822,-0.852
2.848,1.583
2.712,-0.185
2.76,-0.775
2.77,-1.714
2.686,-1.241
2.695,-0.503
2.624,1.626
2.652,-0.338
2.555,-1.405
2.547,-1.762
2.617,0.981
2.527,0.15
2.598,0.844
2.402,-1.507
2.418,0.5
2.37,0.919
2.287,0.101
2.209,0.827
2.15,0.862
2.033,0.609
1.958,0.561
1.941,-1.245
1.951,1.537
1.899,-1.684
1.879,1.045
1.689,1.329
1.579,-0.499
1.616,-0.335
1.549,0.647
1.516,-0.628
1.458,0.491
1.428,0.211
1.326,0.058
1.36,1.715
1.236,-2.045
1.264,-0.165
1.177,-1.261
1.226,1.27
1.211,1.261
0.672,1.605
0.646,-0.592
0.573,-2.11
0.614,0.727
0.57,0.621
0.512,1.4
0.578,-0.863
0.417,-1.298
0.415,-0.091
0.481,1.729
0.462,0.366
0.4,1.639
0.373,-1.788
0.372,-0.823
0.299,-0.353
0.31,-0.033
0.347,1.291
0.246,-1.165
0.245,1.46
0.074,-2.315
0.084,-2.27
-0.101,-2.335
-2.626,-2.587
-2.791,-2.552
-2.809,-2.386
-2.829,-2.338
-2.924,-2.394
-3.087,-2.546
2.262,-2.557
1.808,-2.467
0.033,1.558
-0.933,1.792
-1.644,1.504
1.305,1.804
0.997,1.584
0.895,1.576
0.458,1.825
-1.447,0.221
3.085,-1.454
0.432,1.361
0.275,-2.069
2.842,-2.318
0.075,0.168
0.033,0.633
0.067,-1.697
0.057,-1.423
0.013,0.636
-0.193,0.029
-0.077,-0.362
-0.229,-1.008
-0.099,-0.482
-0.194,-2.097
-0.599,-1.211
-0.726,0.126
-0.757,-0.696
-0.753,-0.679
-0.753,1.426
-0.769,1.249
-0.699,-1.207
-0.736,-2.049
-0.886,-1.171
-0.795,0.802
-0.79,0.003
-0.832,-0.669
-1.04,1.291
-0.999,1.039
-1.114,-0.649
-1.004,-2.03
-1.103,1.697
-1.356,-1.443
-1.654,1.007
-1.549,-0.722
-1.552,-0.065
-1.667,1.478
-1.569,0.479
-1.706,1.087
-1.674,1.026
-1.949,-0.045
-2.162,0.996
-2.155,1.173
-2.187,0.682
-2.525,-0.031
-2.543,-0.239
-2.562,0.161
-2.584,1.285
-2.794,-0.719
-2.844,1.633
-2.807,-1.576
-2.94,-1.188
-2.969,-2.07
-2.846,-0.215
-3.025,-1.336
-2.949,1.686
-3.099,0.023
2.799,1.187
2.858,-1.464
2.68,-0.595
2.567,1.123
2.685,0.81
2.503,1.281
2.516,1.511
2.487,-0.221
2.541,-0.632
2.201,-0.06
2.324,-1.154
2.167,0.247
1.795,-0.495
1.695,1.242
1.616,0.064
1.558,-0.563
1.292,-1.227
1.364,1.064
1.236,-1.457
1.133,-0.774
1.074,-1.151
0.78,-0.682
0.906,-1.292
0.807,-0.096
0.661,-0.949
0.684,-0.862
0.678,-1.962
0.548,1.362
0.56,-0.591
0.505,0.137
0.368,-0.734
0.305,-0.19
0.362,-1.567
0.225,0.127
0.358,-0.679
0.365,1.261
0.065,-2.403
-0.835,-2.479
-0.845,-2.512
-1.822,-2.548
1.511,-2.283
1.525,-2.375
1.257,-2.526
0.861,-2.425
-0.205,1.712
2.229,1.711
0.051,-1.419
-1.958,0.249
-2.58,-1.964
2.149,0.292
0.405,-0.831
0.133,0.594
-1.245,-1.707
-1.832,0.554
-2.84,1.271
2.141,-0.919
2.145,-0.917
2.095,0.001
1.922,0.685
1.005,0.68
0.872,1.337
0.818,0.687
0.797,0.898
0.755,0.82
0.794,1.316
0.673,0.653
-0.465,0.206
-2.649,-1.124
3.065,0.337
2.613,-1.081
0.859,-1.061
0.614,0.237
2.867,-2.207
1.067,-2.488
2.038,1.833
-1.77,-2.571
-2.933,-2.58
-2.913,-2.443
-0.092,0.352
-0.044,0.251
-0.088,0.006
-0.176,2.716
-0.234,2.335
-0.342,2.976
-0.313,1.437
-0.4,2.297
-0.352,-0.226
-0.431,0.888
-0.345,0.238
-0.443,1.535
-0.506,3.485
-0.439,2.614
-0.45,0.304
-0.508,1.718
-0.533,1.355
-0.539,1.842
-0.555,3.006
-0.557,2.039
-0.663,1.274
-0.69,1.008
-0.81,0.137
-0.934,1.113
-0.94,1.102
-0.973,0.309
-0.918,2.869
-0.94,1.475
-0.943,1.949
-0.958,1.335
-0.955,3.239
-1.012,1.631
-1.092,-0.236
-1.193,2.774
-1.24,0.595
-1.211,0.742
-1.254,1.292
-1.283,1.406
-1.439,1.303
-1.41,2.922
-1.522,1.734
-1.583,2.251
-1.607,2.035
-1.628,0.367
-1.631,0.887
-1.762,2.924
-1.69,2.579
-1.783,-0.237
-1.891,1.231
-1.9,1.164
-1.937,-0.113
-2.09,3.336
-2.043,2.272
-2.064,-0.086
-2.113,2.316
-2.191,0.682
-2.173,0.094
-2.182,0.727
-2.251,0.431
-2.218,0.614
-2.226,0.946
-2.276,2.161
-2.236,0.191
-2.32,0.251
-2.384,3.411
-2.358,1.9
-2.445,0.202
-2.621,0.084
-2.613,-0.252
-2.668,0.284
-2.739,0.199
-2.755,0.9
-2.717,1.162
-2.744,0.292
-2.813,0.109
-2.832,3.404
-2.963,0.882
-2.899,3.174
-2.915,3.618
-2.984,2.181
-2.979,3.211
-3.037,2.807
-3.015,2.88
-3.095,0.934
-3.067,-0.229
-3.068,1.583
3.113,3.08
-3.115,0.364
-3.136,-0.111
3.094,1.412
3.074,0.686
3.052,0.597
2.972,3.114
3.024,3.548
2.956,-0.026
2.988,1.574
2.847,1.006
2.834,2.319
2.813,1.038
2.839,3.473
2.703,1.705
2.751,1.115
2.761,0.176
2.677,0.649
2.686,1.387
2.615,3.516
2.643,1.552
2.546,0.485
2.538,0.128
2.608,2.871
2.518,2.04
2.589,2.734
2.393,0.383
2.409,2.39
2.361,2.809
2.278,1.991
2.2,2.717
2.141,2.752
2.024,2.499
1.949,2.451
1.932,0.645
1.942,3.427
1.89,0.206
1.87,2.935
1.68,3.219
1.57,1.391
1.607,1.555
1.54,2.537
1.507,1.262
1.449,2.381
1.419,2.101
1.317,1.948
1.351,3.605
1.227,-0.155
1.255,1.725
1.168,0.629
1.217,3.16
1.202,3.151
0.663,3.495
0.637,1.298
0.564,-0.22
0.605,2.617
0.561,2.511
0.503,3.29
0.569,1.027
0.408,0.592
0.406,1.799
0.472,3.619
0.453,2.256
0.391,3.529
0.364,0.102
0.363,1.067
0.29,1.537
0.301,1.857
0.338,3.181
0.237,0.725
0.236,3.35
0.065,-0.425
0.075,-0.38
-0.11,-0.445
-2.635,-0.697
-2.8,-0.662
-2.818,-0.496
-2.838,-0.448
-2.933,-0.504
-3.096,-0.656
2.253,-0.667
1.799,-0.577
0.024,3.448
-0.942,3.682
-1.653,3.394
1.296,3.694
0.988,3.474
0.886,3.466
0.449,3.715
-1.456,2.111
3.076,0.436
0.423,3.251
0.266,-0.179
2.833,-0.428
0.066,2.058
0.024,2.523
0.058,0.193
0.048,0.467
0.004,2.526
-0.202,1.919
-0.086,1.528
-0.238,0.882
-0.108,1.408
-0.203,-0.207
-0.608,0.679
-0.735,2.016
-0.766,1.194
-0.762,1.211
-0.762,3.316
-0.778,3.139
-0.708,0.683
-0.745,-0.159
-0.895,0.719
-0.804,2.692
-0.799,1.893
-0.841,1.221
-1.049,3.181
-1.008,2.929
-1.123,1.241
-1.013,-0.14
-1.112,3.587
-1.365,0.447
-1.663,2.897
-1.558,1.168
-1.561,1.825
-1.676,3.368
-1.578,2.369
-1.715,2.977
-1.683,2.916
-1.958,1.845
-2.171,2.886
-2.164,3.063
-2.196,2.572
-2.534,1.859
-2.552,1.651
-2.571,2.051
-2.593,3.175
-2.803,1.171
-2.853,3.523
-2.816,0.314
-2.949,0.702
-2.978,-0.18
-2.855,1.675
-3.034,0.554
-2.958,3.576
-3.108,1.913
2.79,3.077
2.849,0.426
2.671,1.295
2.558,3.013
2.676,2.7
2.494,3.171
2.507,3.401
2.478,1.669
2.532,1.258
2.192,1.83
2.315,0.736
2.158,2.137
1.786,1.395
1.686,3.132
1.607,1.954
1.549,1.327
1.283,0.663
1.355,2.954
1.227,0.433
1.124,1.116
1.065,0.739
0.771,1.208
0.897,0.598
0.798,1.794
0.652,0.941
0.675,1.028
0.669,-0.072
0.539,3.252
0.551,1.299
0.496,2.027
0.359,1.156
0.296,1.7
0.353,0.323
0.216,2.017
0.349,1.211
0.356,3.151
0.056,-0.513
-0.844,-0.589
-0.854,-0.622
-1.831,-0.658
1.502,-0.393
1.516,-0.485
1.248,-0.636
0.852,-0.535
-0.214,3.602
2.22,3.601
0.042,0.471
-1.967,2.139
-2.589,-0.074
2.14,2.182
0.396,1.059
0.124,2.484
-1.254,0.183
-1.841,2.444
-2.849,3.161
2.132,0.971
2.136,0.973
2.086,1.891
1.913,2.575
0.996,2.57
0.863,3.227
0.809,2.577
0.788,2.788
0.746,2.71
0.785,3.206
0.664,2.543
-0.474,2.096
-2.658,0.766
3.056,2.227
2.604,0.809
0.85,0.829
0.605,2.127
2.858,-0.317
1.058,-0.598
2.029,3.723
-1.779,-0.681
-2.942,-0.69
-2.922,-0.553
0.048,-0.101
0.004,-0.346
-0.084,2.364
-0.142,1.983
-0.25,2.624
-0.221,1.085
-0.308,1.945
-0.26,-0.578
-0.339,0.536
-0.253,-0.114
-0.351,1.183
-0.414,3.133
-0.347,2.262
-0.358,-0.048
-0.416,1.366
-0.441,1.003
-0.447,1.49
-0.463,2.654
-0.465,1.687
-0.571,0.922
-0.598,0.656
-0.718,-0.215
-0.842,0.761
-0.848,0.75
-0.881,-0.043
-0.826,2.517
-0.848,1.123
-0.851,1.597
-0.866,0.983
-0.863,2.887
-0.92,1.279
-1.0,-0.588
-1.101,2.422
-1.148,0.243
-1.119,0.39
-1.162,0.94
-1.191,1.054
-1.347,0.951
-1.318,2.57
-1.43,1.382
-1.491,1.899
-1.515,1.683
-1.536,0.015
-1.539,0.535
-1.67,2.572
-1.598,2.227
-1.691,-0.589
-1.799,0.879
-1.808,0.812
-1.845,-0.465
-1.998,2.984
-1.951,1.92
-1.972,-0.438
-2.021,1.964
-2.099,0.33
-2.081,-0.258
-2.09,0.375
-2.159,0.079
-2.126,0.262
-2.134,0.594
-2.184,1.809
-2.144,-0.161
-2.228,-0.101
-2.292,3.059
-2.266,1.548
-2.353,-0.15
-2.529,-0.268
-2.521,-0.604
-2.576,-0.068
-2.647,-0.153
-2.663,0.548
-2.625,0.81
-2.652,-0.06
-2.721,-0.243
-2.74,3.052
-2.871,0.53
-2.807,2.822
-2.823,3.266
-2.892,1.829
-2.887,2.859
-2.945,2.455
-2.923,2.528
-3.003,0.582
-2.975,-0.581
-2.976,1.231
-3.078,2.728
-3.023,0.012
-3.044,-0.463
-3.097,1.06
-3.117,0.334
-3.139,0.245
3.064,2.762
3.116,3.196
3.048,-0.378
3.08,1.222
2.939,0.654
2.926,1.967
2.905,0.686
2.931,3.121
2.795,1.353
2.843,0.763
2.853,-0.176
2.769,0.297
2.778,1.035
2.707,3.164
2.735,1.2
2.638,0.133
2.63,-0.224
2.7,2.519
2.61,1.688
2.681,2.382
2.485,0.031
2.501,2.038
2.453,2.457
2.37,1.639
2.292,2.365
2.233,2.4
2.116,2.147
2.041,2.099
2.024,0.293
2.034,3.075
1.982,-0.146
1.962,2.583
1.772,2.867
1.662,1.039
1.699,1.203
1.632,2.185
1.599,0.91
1.541,2.029
1.511,1.749
1.409,1.596
1.443,3.253
1.319,-0.507
1.347,1.373
1.26,0.277
1.309,2.808
1.294,2.799
0.755,3.143
0.729,0.946
0.656,-0.572
0.697,2.265
0.653,2.159
0.595,2.938
0.661,0.675
0.5,0.24
0.498,1.447
0.564,3.267
0.545,1.904
0.483,3.177
0.456,-0.25
0.455,0.715
0.382,1.185
0.393,1.505
0.43,2.829
0.329,0.373
0.328,2.998
0.157,-0.777
0.167,-0.732
-0.018,-0.797
-2.543,-1.049
-2.708,-1.014
-2.726,-0.848
-2.746,-0.8
-2.841,-0.856
-3.004,-1.008
2.345,-1.019
1.891,-0.929
0.116,3.096
-0.85,3.33
-1.561,3.042
1.388,3.342
1.08,3.122
0.978,3.114
0.541,3.363
-1.364,1.759
-3.115,0.084
0.515,2.899
0.358,-0.531
2.925,-0.78
0.158,1.706
0.116,2.171
0.15,-0.159
0.14,0.115
0.096,2.174
-0.11,1.567
0.006,1.176
-0.146,0.53
-0.016,1.056
-0.111,-0.559
-0.516,0.327
-0.643,1.664
-0.674,0.842
-0.67,0.859
-0.67,2.964
-0.686,2.787
-0.616,0.331
-0.653,-0.511
-0.803,0.367
-0.712,2.34
-0.707,1.541
-0.749,0.869
-0.957,2.829
-0.916,2.577
-1.031,0.889
-0.921,-0.492
-1.02,3.235
-1.273,0.095
-1.571,2.545
-1.466,0.816
-1.469,1.473
-1.584,3.016
-1.486,2.017
-1.623,2.625
-1.591,2.564
-1.866,1.493
-2.079,2.534
-2.072,2.711
-2.104,2.22
-2.442,1.507
-2.46,1.299
-2.479,1.699
-2.501,2.823
-2.711,0.819
-2.761,3.171
-2.724,-0.038
-2.857,0.35
-2.886,-0.532
-2.763,1.323
-2.942,0.202
-2.866,3.224
-3.016,1.561
2.882,2.725
2.941,0.074
2.763,0.943
2.65,2.661
2.768,2.348
2.586,2.819
2.599,3.049
2.57,1.317
2.624,0.906
2.284,1.478
2.407,0.384
2.25,1.785
1.878,1.043
1.778,2.78
1.699,1.602
1.641,0.975
1.375,0.311
1.447,2.602
1.319,0.081
1.216,0.764
1.157,0.387
0.863,0.856
0.989,0.246
0.89,1.442
0.744,0.589
0.767,0.676
0.761,-0.424
0.631,2.9
0.643,0.947
0.588,1.675
0.451,0.804
0.388,1.348
0.445,-0.029
0.308,1.665
0.441,0.859
0.448,2.799
0.148,-0.865
-0.752,-0.941
-0.762,-0.974
-1.739,-1.01
1.594,-0.745
1.608,-0.837
1.34,-0.988
0.944,-0.887
-0.122,3.25
2.312,3.249
0.134,0.119
-1.875,1.787
-2.497,-0.426
2.232,1.83
0.488,0.707
0.216,2.132
-1.162,-0.169
-1.749,2.092
-2.757,2.809
2.224,0.619
2.228,0.621
2.178,1.539
2.005,2.223
1.088,2.218
0.955,2.875
0.901,2.225
0.88,2.436
0.838,2.358
0.877,2.854
0.756,2.191
-0.382,1.744
-2.566,0.414
-3.135,1.875
2.696,0.457
0.942,0.477
0.697,1.775
2.95,-0.669
1.15,-0.95
2.121,3.371
-1.687,-1.033
-2.85,-1.042
-2.83,-0.905
-0.044,-0.245
-0.132,2.465
-0.19,2.084
-0.298,2.725
-0.269,1.186
-0.356,2.046
-0.308,-0.477
-0.387,0.637
-0.301,-0.013
-0.399,1.284
-0.462,3.234
-0.395,2.363
-0.406,0.053
-0.464,1.467
-0.489,1.104
-0.495,1.591
-0.511,2.755
-0.513,1.788
-0.619,1.023
-0.646,0.757
-0.766,-0.114
-0.89,0.862
-0.896,0.851
-0.929,0.058
-0.874,2.618
-0.896,1.224
-0.899,1.698
-0.914,1.084
-0.911,2.988
-0.968,1.38
-1.048,-0.487
-1.149,2.523
-1.196,0.344
-1.167,0.491
-1.21,1.041
-1.239,1.155
-1.395,1.052
-1.366,2.671
-1.478,1.483
-1.539,2.0
-1.563,1.784
-1.584,0.116
-1.587,0.636
-1.718,2.673
-1.646,2.328
-1.739,-0.488
-1.847,0.98
-1.856,0.913
-1.893,-0.364
-2.046,3.085
-1.999,2.021
-2.02,-0.337
-2.069,2.065
-2.147,0.431
-2.129,-0.157
-2.138,0.476
-2.207,0.18
-2.174,0.363
-2.182,0.695
-2.232,1.91
-2.192,-0.06
-2.276,0.0
-2.34,3.16
-2.314,1.649
-2.401,-0.049
-2.577,-0.167
-2.569,-0.503
-2.624,0.033
-2.695,-0.052
-2.711,0.649
-2.673,0.911
-2.7,0.041
-2.769,-0.142
-2.788,3.153
-2.919,0.631
-2.855,2.923
-2.871,3.367
-2.94,1.93
-2.935,2.96
-2.993,2.556
-2.971,2.629
-3.051,0.683
-3.023,-0.48
-3.024,1.332
-3.126,2.829
-3.071,0.113
-3.092,-0.362
3.138,1.161
3.118,0.435
3.096,0.346
3.016,2.863
3.068,3.297
3.0,-0.277
3.032,1.323
2.891,0.755
2.878,2.068
2.857,0.787
2.883,3.222
2.747,1.454
2.795,0.864
2.805,-0.075
2.721,0.398
2.73,1.136
2.659,3.265
2.687,1.301
2.59,0.234
2.582,-0.123
2.652,2.62
2.562,1.789
2.633,2.483
2.437,0.132
2.453,2.139
2.405,2.558
2.322,1.74
2.244,2.466
2.185,2.501
2.068,2.248
1.993,2.2
1.976,0.394
1.986,3.176
1.934,-0.045
1.914,2.684
1.724,2.968
1.614,1.14
1.651,1.304
1.584,2.286
1.551,1.011
1.493,2.13
1.463,1.85
1.361,1.697
1.395,3.354
1.271,-0.406
1.299,1.474
1.212,0.378
1.261,2.909
1.246,2.9
0.707,3.244
0.681,1.047
0.608,-0.471
0.649,2.366
0.605,2.26
0.547,3.039
0.613,0.776
0.452,0.341
0.45,1.548
0.516,3.368
0.497,2.005
0.435,3.278
0.408,-0.149
0.407,0.816
0.334,1.286
0.345,1.606
0.382,2.93
0.281,0.474
0.28,3.099
0.109,-0.676
0.119,-0.631
-0.066,-0.696
-2.591,-0.948
-2.756,-0.913
-2.774,-0.747
-2.794,-0.699
-2.889,-0.755
-3.052,-0.907
2.297,-0.918
1.843,-0.828
0.068,3.197
-0.898,3.431
-1.609,3.143
1.34,3.443
1.032,3.223
0.93,3.215
0.493,3.464
-1.412,1.86
3.12,0.185
0.467,3.0
0.31,-0.43
2.877,-0.679
0.11,1.807
0.068,2.272
0.102,-0.058
0.092,0.216
0.048,2.275
-0.158,1.668
-0.042,1.277
-0.194,0.631
-0.064,1.157
-0.159,-0.458
-0.564,0.428
-0.691,1.765
-0.722,0.943
-0.718,0.96
-0.718,3.065
-0.734,2.888
-0.664,0.432
-0.701,-0.41
-0.851,0.468
-0.76,2.441
-0.755,1.642
-0.797,0.97
-1.005,2.93
-0.964,2.678
-1.079,0.99
-0.969,-0.391
-1.068,3.336
-1.321,0.196
-1.619,2.646
-1.514,0.917
-1.517,1.574
-1.632,3.117
-1.534,2.118
-1.671,2.726
-1.639,2.665
-1.914,1.594
-2.127,2.635
-2.12,2.812
-2.152,2.321
-2.49,1.608
-2.508,1.4
-2.527,1.8
-2.549,2.924
-2.759,0.92
-2.809,3.272
-2.772,0.063
-2.905,0.451
-2.934,-0.431
-2.811,1.424
-2.99,0.303
-2.914,3.325
-3.064,1.662
2.834,2.826
2.893,0.175
2.715,1.044
2.602,2.762
2.72,2.449
2.538,2.92
2.551,3.15
2.522,1.418
2.576,1.007
2.236,1.579
2.359,0.485
2.202,1.886
1.83,1.144
1.73,2.881
1.651,1.703
1.593,1.076
1.327,0.412
1.399,2.703
1.271,0.182
1.168,0.865
1.109,0.488
0.815,0.957
0.941,0.347
0.842,1.543
0.696,0.69
0.719,0.777
0.713,-0.323
0.583,3.001
0.595,1.048
0.54,1.776
0.403,0.905
0.34,1.449
0.397,0.072
0.26,1.766
0.393,0.96
0.4,2.9
0.1,-0.764
-0.8,-0.84
-0.81,-0.873
-1.787,-0.909
1.546,-0.644
1.56,-0.736
1.292,-0.887
0.896,-0.786
-0.17,3.351
2.264,3.35
0.086,0.22
-1.923,1.888
-2.545,-0.325
2.184,1.931
0.44,0.808
0.168,2.233
-1.21,-0.068
-1.797,2.193
-2.805,2.91
2.176,0.72
2.18,0.722
2.13,1.64
1.957,2.324
1.04,2.319
0.907,2.976
0.853,2.326
0.832,2.537
0.79,2.459
0.829,2.955
0.708,2.292
-0.43,1.845
-2.614,0.515
3.1,1.976
2.648,0.558
0.894,0.578
0.649,1.876
2.902,-0.568
1.102,-0.849
2.073,3.472
-1.735,-0.932
-2.898,-0.941
-2.878,-0.804
-0.088,2.71
-0.146,2.329
-0.254,2.97
-0.225,1.431
-0.312,2.291
-0.264,-0.232
-0.343,0.882
-0.257,0.232
-0.355,1.529
-0.418,3.479
-0.351,2.608
-0.362,0.298
-0.42,1.712
-0.445,1.349
-0.451,1.836
-0.467,3.0
-0.469,2.033
-0.575,1.268
-0.602,1.002
-0.722,0.131
-0.846,1.107
-0.852,1.096
-0.885,0.303
-0.83,2.863
-0.852,1.469
-0.855,1.943
-0.87,1.329
-0.867,3.233
-0.924,1.625
-1.004,-0.242
-1.105,2.768
-1.152,0.589
-1.123,0.736
-1.166,1.286
-1.195,1.4
-1.351,1.297
-1.322,2.916
-1.434,1.728
-1.495,2.245
-1.519,2.029
-1.54,0.361
-1.543,0.881
-1.674,2.918
-1.602,2.573
-1.695,-0.243
-1.803,1.225
-1.812,1.158
-1.849,-0.119
-2.002,3.33
-1.955,2.266
-1.976,-0.092
-2.025,2.31
-2.103,0.676
-2.085,0.088
-2.094,0.721
-2.163,0.425
-2.13,0.608
-2.138,0.94
-2.188,2.155
-2.148,0.185
-2.232,0.245
-2.296,3.405
-2.27,1.894
-2.357,0.196
-2.533,0.078
-2.525,-0.258
-2.58,0.278
-2.651,0.193
-2.667,0.894
-2.629,1.156
-2.656,0.286
-2.725,0.103
-2.744,3.398
-2.875,0.876
-2.811,3.168
-2.827,3.612
-2.896,2.175
-2.891,3.205
-2.949,2.801
-2.927,2.874
-3.007,0.928
-2.979,-0.235
-2.98,1.577
-3.082,3.074
-3.027,0.358
-3.048,-0.117
-3.101,1.406
-3.121,0.68
3.14,0.591
3.06,3.108
3.112,3.542
3.044,-0.032
3.076,1.568
2.935,1.0
2.922,2.313
2.901,1.032
2.927,3.467
2.791,1.699
2.839,1.109
2.849,0.17
2.765,0.643
2.774,1.381
2.703,3.51
2.731,1.546
2.634,0.479
2.626,0.122
2.696,2.865
2.606,2.034
2.677,2.728
2.481,0.377
2.497,2.384
2.449,2.803
2.366,1.985
2.288,2.711
2.229,2.746
2.112,2.493
2.037,2.445
2.02,0.639
2.03,3.421
1.978,0.2
1.958,2.929
1.768,3.213
1.658,1.385
1.695,1.549
1.628,2.531
1.595,1.256
1.537,2.375
1.507,2.095
1.405,1.942
1.439,3.599
1.315,-0.161
1.343,1.719
1.256,0.623
1.305,3.154
1.29,3.145
0.751,3.489
0.725,1.292
0.652,-0.226
0.693,2.611
0.649,2.505
0.591,3.284
0.657,1.021
0.496,0.586
0.494,1.793
0.56,3.613
0.541,2.25
0.479,3.523
0.452,0.096
0.451,1.061
0.378,1.531
0.389,1.851
0.426,3.175
0.325,0.719
0.324,3.344
0.153,-0.431
0.163,-0.386
-0.022,-0.451
-2.547,-0.703
-2.712,-0.668
-2.73,-0.502
-2.75,-0.454
-2.845,-0.51
-3.008,-0.662
2.341,-0.673
1.887,-0.583
0.112,3.442
-0.854,3.676
-1.565,3.388
1.384,3.688
1.076,3.468
0.974,3.46
0.537,3.709
-1.368,2.105
-3.119,0.43
0.511,3.245
0.354,-0.185
2.921,-0.434
0.154,2.052
0.112,2.517
0.146,0.187
0.136,0.461
0.092,2.52
-0.114,1.913
0.002,1.522
-0.15,0.876
-0.02,1.402
-0.115,-0.213
-0.52,0.673
-0.647,2.01
-0.678,1.188
-0.674,1.205
-0.674,3.31
-0.69,3.133
-0.62,0.677
-0.657,-0.165
-0.807,0.713
-0.716,2.686
-0.711,1.887
-0.753,1.215
-0.961,3.175
-0.92,2.923
-1.035,1.235
-0.925,-0.146
-1.024,3.581
-1.277,0.441
-1.575,2.891
-1.47,1.162
-1.473,1.819
-1.588,3.362
-1.49,2.363
-1.627,2.971
-1.595,2.91
-1.87,1.839
-2.083,2.88
-2.076,3.057
-2.108,2.566
-2.446,1.853
-2.464,1.645
-2.483,2.045
-2.505,3.169
-2.715,1.165
-2.765,3.517
-2.728,0.308
-2.861,0.696
-2.89,-0.186
-2.767,1.669
-2.946,0.548
-2.87,3.57
-3.02,1.907
2.878,3.071
2.937,0.42
2.759,1.289
2.646,3.007
2.764,2.694
2.582,3.165
2.595,3.395
2.566,1.663
2.62,1.252
2.28,1.824
2.403,0.73
2.246,2.131
1.874,1.389
1.774,3.126
1.695,1.948
1.637,1.321
1.371,0.657
1.443,2.948
1.315,0.427
1.212,1.11
1.153,0.733
0.859,1.202
0.985,0.592
0.886,1.788
0.74,0.935
0.763,1.022
0.757,-0.078
0.627,3.246
0.639,1.293
0.584,2.021
0.447,1.15
0.384,1.694
0.441,0.317
0.304,2.011
0.437,1.205
0.444,3.145
0.144,-0.519
-0.756,-0.595
-0.766,-0.628
-1.743,-0.664
1.59,-0.399
1.604,-0.491
1.336,-0.642
0.94,-0.541
-0.126,3.596
2.308,3.595
0.13,0.465
-1.879,2.133
-2.501,-0.08
2.228,2.176
0.484,1.053
0.212,2.478
-1.166,0.177
-1.753,2.438
-2.761,3.155
2.22,0.965
2.224,0.967
2.174,1.885
2.001,2.569
1.084,2.564
0.951,3.221
0.897,2.571
0.876,2.782
0.834,2.704
0.873,3.2
0.752,2.537
-0.386,2.09
-2.57,0.76
-3.139,2.221
2.692,0.803
0.938,0.823
0.693,2.121
2.946,-0.323
1.146,-0.604
2.117,3.717
-1.691,-0.687
-2.854,-0.696
-2.834,-0.559
-0.058,-0.381
-0.166,0.26
-0.137,-1.279
-0.224,-0.419
-0.176,-2.942
-0.255,-1.828
-0.169,-2.478
-0.267,-1.181
-0.33,0.769
-0.263,-0.102
-0.274,-2.412
-0.332,-0.998
-0.357,-1.361
-0.363,-0.874
-0.379,0.29
-0.381,-0.677
-0.487,-1.442
-0.514,-1.708
-0.634,-2.579
-0.758,-1.603
-0.764,-1.614
-0.797,-2.407
-0.742,0.153
-0.764,-1.241
-0.767,-0.767
-0.782,-1.381
-0.779,0.523
-0.836,-1.085
-0.916,-2.952
-1.017,0.058
-1.064,-2.121
-1.035,-1.974
-1.078,-1.424
-1.107,-1.31
-1.263,-1.413
-1.234,0.206
-1.346,-0.982
-1.407,-0.465
-1.431,-0.681
-1.452,-2.349
-1.455,-1.829
-1.586,0.208
-1.514,-0.137
-1.607,-2.953
-1.715,-1.485
-1.724,-1.552
-1.761,-2.829
-1.914,0.62
-1.867,-0.444
-1.888,-2.802
-1.937,-0.4
-2.015,-2.034
-1.997,-2.622
-2.006,-1.989
-2.075,-2.285
-2.042,-2.102
-2.05,-1.77
-2.1,-0.555
-2.06,-2.525
-2.144,-2.465
-2.208,0.695
-2.182,-0.816
-2.269,-2.514
-2.445,-2.632
-2.437,-2.968
-2.492,-2.432
-2.563,-2.517
-2.579,-1.816
-2.541,-1.554
-2.568,-2.424
-2.637,-2.607
-2.656,0.688
-2.787,-1.834
-2.723,0.458
-2.739,0.902
-2.808,-0.535
-2.803,0.495
-2.861,0.091
-2.839,0.164
-2.919,-1.782
-2.891,-2.945
-2.892,-1.133
-2.994,0.364
-2.939,-2.352
-2.96,-2.827
-3.013,-1.304
-3.033,-2.03
-3.055,-2.119
-3.135,0.398
-3.083,0.832
3.132,-2.742
-3.119,-1.142
3.023,-1.71
3.01,-0.397
2.989,-1.678
3.015,0.757
2.879,-1.011
2.927,-1.601
2.937,-2.54
2.853,-2.067
2.862,-1.329
2.791,0.8
2.819,-1.164
2.722,-2.231
2.714,-2.588
2.784,0.155
2.694,-0.676
2.765,0.018
2.569,-2.333
2.585,-0.326
2.537,0.093
2.454,-0.725
2.376,0.001
2.317,0.036
2.2,-0.217
2.125,-0.265
2.108,-2.071
2.118,0.711
2.066,-2.51
2.046,0.219
1.856,0.503
1.746,-1.325
1.783,-1.161
1.716,-0.179
1.683,-1.454
1.625,-0.335
1.595,-0.615
1.493,-0.768
1.527,0.889
1.403,-2.871
1.431,-0.991
1.344,-2.087
1.393,0.444
1.378,0.435
0.839,0.779
0.813,-1.418
0.74,-2.936
0.781,-0.099
0.737,-0.205
0.679,0.574
0.745,-1.689
0.584,-2.124
0.582,-0.917
0.648,0.903
0.629,-0.46
0.567,0.813
0.54,-2.614
0.539,-1.649
0.466,-1.179
0.477,-0.859
0.514,0.465
0.413,-1.991
0.412,0.634
0.241,-3.141
0.251,-3.096
0.066,-3.161
-2.459,-3.413
-2.624,-3.378
-2.642,-3.212
-2.662,-3.164
-2.757,-3.22
-2.92,-3.372
2.429,-3.383
1.975,-3.293
0.2,0.732
-0.766,0.966
-1.477,0.678
1.472,0.978
1.164,0.758
1.062,0.75
0.625,0.999
-1.28,-0.605
-3.031,-2.28
0.599,0.535
0.442,-2.895
3.009,-3.144
0.242,-0.658
0.2,-0.193
0.234,-2.523
0.224,-2.249
0.18,-0.19
-0.026,-0.797
0.09,-1.188
-0.062,-1.834
0.068,-1.308
-0.027,-2.923
-0.432,-2.037
-0.559,-0.7
-0.59,-1.522
-0.586,-1.505
-0.586,0.6
-0.602,0.423
-0.532,-2.033
-0.569,-2.875
-0.719,-1.997
-0.628,-0.024
-0.623,-0.823
-0.665,-1.495
-0.873,0.465
-0.832,0.213
-0.947,-1.475
-0.837,-2.856
-0.936,0.871
-1.189,-2.269
-1.487,0.181
-1.382,-1.548
-1.385,-0.891
-1.5,0.652
-1.402,-0.347
-1.539,0.261
-1.507,0.2
-1.782,-0.871
-1.995,0.17
-1.988,0.347
-2.02,-0.144
-2.358,-0.857
-2.376,-1.065
-2.395,-0.665
-2.417,0.459
-2.627,-1.545
-2.677,0.807
-2.64,-2.402
-2.773,-2.014
-2.802,-2.896
-2.679,-1.041
-2.858,-2.162
-2.782,0.86
-2.932,-0.803
2.966,0.361
3.025,-2.29
2.847,-1.421
2.734,0.297
2.852,-0.016
2.67,0.455
2.683,0.685
2.654,-1.047
2.708,-1.458
2.368,-0.886
2.491,-1.98
2.334,-0.579
1.962,-1.321
1.862,0.416
1.783,-0.762
1.725,-1.389
1.459,-2.053
1.531,0.238
1.403,-2.283
1.3,-1.6
1.241,-1.977
0.947,-1.508
1.073,-2.118
0.974,-0.922
0.828,-1.775
0.851,-1.688
0.845,-2.788
0.715,0.536
0.727,-1.417
0.672,-0.689
0.535,-1.56
0.472,-1.016
0.529,-2.393
0.392,-0.699
0.525,-1.505
0.532,0.435
0.232,-3.229
-0.668,-3.305
-0.678,-3.338
-1.655,-3.374
1.678,-3.109
1.692,-3.201
1.424,-3.352
1.028,-3.251
-0.038,0.886
2.396,0.885
0.218,-2.245
-1.791,-0.577
-2.413,-2.79
2.316,-0.534
0.572,-1.657
0.3,-0.232
-1.078,-2.533
-1.665,-0.272
-2.673,0.445
2.308,-1.745
2.312,-1.743
2.262,-0.825
2.089,-0.141
1.172,-0.146
1.039,0.511
0.985,-0.139
0.964,0.072
0.922,-0.006
0.961,0.49
0.84,-0.173
-0.298,-0.62
-2.482,-1.95
-3.051,-0.489
2.78,-1.907
1.026,-1.887
0.781,-0.589
3.034,-3.033
1.234,-3.314
2.205,1.007
-1.603,-3.397
-2.766,-3.406
-2.746,-3.269
-0.108,0.641
-0.079,-0.898
-0.166,-0.038
-0.118,-2.561
-0.197,-1.447
-0.111,-2.097
-0.209,-0.8
-0.272,1.15
-0.205,0.279
-0.216,-2.031
-0.274,-0.617
-0.299,-0.98
-0.305,-0.493
-0.321,0.671
-0.323,-0.296
-0.429,-1.061
-0.456,-1.327
-0.576,-2.198
-0.7,-1.222
-0.706,-1.233
-0.739,-2.026
-0.684,0.534
-0.706,-0.86
-0.709,-0.386
-0.724,-1.0
-0.721,0.904
-0.778,-0.704
-0.858,-2.571
-0.959,0.439
-1.006,-1.74
-0.977,-1.593
-1.02,-1.043
-1.049,-0.929
-1.205,-1.032
-1.176,0.587
-1.288,-0.601
-1.349,-0.084
-1.373,-0.3
-1.394,-1.968
-1.397,-1.448
-1.528,0.589
-1.456,0.244
-1.549,-2.572
-1.657,-1.104
-1.666,-1.171
-1.703,-2.448
-1.856,1.001
-1.809,-0.063
-1.83,-2.421
-1.879,-0.019
-1.957,-1.653
-1.939,-2.241
-1.948,-1.608
-2.017,-1.904
-1.984,-1.721
-1.992,-1.389
-2.042,-0.174
-2.002,-2.144
-2.086,-2.084
-2.15,1.076
-2.124,-0.435
-2.211,-2.133
-2.387,-2.251
-2.379,-2.587
-2.434,-2.051
-2.505,-2.136
-2.521,-1.435
-2.483,-1.173
-2.51,-2.043
-2.579,-2.226
-2.598,1.069
-2.729,-1.453
-2.665,0.839
-2.681,1.283
-2.75,-0.154
-2.745,0.876
-2.803,0.472
-2.781,0.545
-2.861,-1.401
-2.833,-2.564
-2.834,-0.752
-2.936,0.745
-2.881,-1.971
-2.902,-2.446
-2.955,-0.923
-2.975,-1.649
-2.997,-1.738
-3.077,0.779
-3.025,1.213
-3.093,-2.361
-3.061,-0.761
3.081,-1.329
3.068,-0.016
3.047,-1.297
3.073,1.138
2.937,-0.63
2.985,-1.22
2.995,-2.159
2.911,-1.686
2.92,-0.948
2.849,1.181
2.877,-0.783
2.78,-1.85
2.772,-2.207
2.842,0.536
2.752,-0.295
2.823,0.399
2.627,-1.952
2.643,0.055
2.595,0.474
2.512,-0.344
2.434,0.382
2.375,0.417
2.258,0.164
2.183,0.116
2.166,-1.69
2.176,1.092
2.124,-2.129
2.104,0.6
1.914,0.884
1.804,-0.944
1.841,-0.78
1.774,0.202
1.741,-1.073
1.683,0.046
1.653,-0.234
1.551,-0.387
1.585,1.27
1.461,-2.49
1.489,-0.61
1.402,-1.706
1.451,0.825
1.436,0.816
0.897,1.16
0.871,-1.037
0.798,-2.555
0.839,0.282
0.795,0.176
0.737,0.955
0.803,-1.308
0.642,-1.743
0.64,-0.536
0.706,1.284
0.687,-0.079
0.625,1.194
0.598,-2.233
0.597,-1.268
0.524,-0.798
0.535,-0.478
0.572,0.846
0.471,-1.61
0.47,1.015
0.299,-2.76
0.309,-2.715
0.124,-2.78
-2.401,-3.032
-2.566,-2.997
-2.584,-2.831
-2.604,-2.783
-2.699,-2.839
-2.862,-2.991
2.487,-3.002
2.033,-2.912
0.258,1.113
-0.708,1.347
-1.419,1.059
1.53,1.359
1.222,1.139
1.12,1.131
0.683,1.38
-1.222,-0.224
-2.973,-1.899
0.657,0.916
0.5,-2.514
3.067,-2.763
0.3,-0.277
0.258,0.188
0.292,-2.142
0.282,-1.868
0.238,0.191
0.032,-0.416
0.148,-0.807
-0.004,-1.453
0.126,-0.927
0.031,-2.542
-0.374,-1.656
-0.501,-0.319
-0.532,-1.141
-0.528,-1.124
-0.528,0.981
-0.544,0.804
-0.474,-1.652
-0.511,-2.494
-0.661,-1.616
-0.57,0.357
-0.565,-0.442
-0.607,-1.114
-0.815,0.846
-0.774,0.594
-0.889,-1.094
-0.779,-2.475
-0.878,1.252
-1.131,-1.888
-1.429,0.562
-1.324,-1.167
-1.327,-0.51
-1.442,1.033
-1.344,0.034
-1.481,0.642
-1.449,0.581
-1.724,-0.49
-1.937,0.551
-1.93,0.728
-1.962,0.237
-2.3,-0.476
-2.318,-0.684
-2.337,-0.284
-2.359,0.84
-2.569,-1.164
-2.619,1.188
-2.582,-2.021
-2.715,-1.633
-2.744,-2.515
-2.621,-0.66
-2.8,-1.781
-2.724,1.241
-2.874,-0.422
3.024,0.742
3.083,-1.909
2.905,-1.04
2.792,0.678
2.91,0.365
2.728,0.836
2.741,1.066
2.712,-0.666
2.766,-1.077
2.426,-0.505
2.549,-1.599
2.392,-0.198
2.02,-0.94
1.92,0.797
1.841,-0.381
1.783,-1.008
1.517,-1.672
1.589,0.619
1.461,-1.902
1.358,-1.219
1.299,-1.596
1.005,-1.127
1.131,-1.737
1.032,-0.541
0.886,-1.394
0.909,-1.307
0.903,-2.407
0.773,0.917
0.785,-1.036
0.73,-0.308
0.593,-1.179
0.53,-0.635
0.587,-2.012
0.45,-0.318
0.583,-1.124
0.59,0.816
0.29,-2.848
-0.61,-2.924
-0.62,-2.957
-1.597,-2.993
1.736,-2.728
1.75,-2.82
1.482,-2.971
1.086,-2.87
0.02,1.267
2.454,1.266
0.276,-1.864
-1.733,-0.196
-2.355,-2.409
2.374,-0.153
0.63,-1.276
0.358,0.149
-1.02,-2.152
-1.607,0.109
-2.615,0.826
2.366,-1.364
2.37,-1.362
2.32,-0.444
2.147,0.24
1.23,0.235
1.097,0.892
1.043,0.242
1.022,0.453
0.98,0.375
1.019,0.871
0.898,0.208
-0.24,-0.239
-2.424,-1.569
-2.993,-0.108
2.838,-1.526
1.084,-1.506
0.839,-0.208
3.092,-2.652
1.292,-2.933
2.263,1.388
-1.545,-3.016
-2.708,-3.025
-2.688,-2.888
0.029,-1.539
-0.058,-0.679
-0.01,-3.202
-0.089,-2.088
-0.003,-2.738
-0.101,-1.441
-0.164,0.509
-0.097,-0.362
-0.108,-2.672
-0.166,-1.258
-0.191,-1.621
-0.197,-1.134
-0.213,0.03
-0.215,-0.937
-0.321,-1.702
-0.348,-1.968
-0.468,-2.839
-0.592,-1.863
-0.598,-1.874
-0.631,-2.667
-0.576,-0.107
-0.598,-1.501
-0.601,-1.027
-0.616,-1.641
-0.613,0.263
-0.67,-1.345
-0.75,-3.212
-0.851,-0.202
-0.898,-2.381
-0.869,-2.234
-0.912,-1.684
-0.941,-1.57
-1.097,-1.673
-1.068,-0.054
-1.18,-1.242
-1.241,-0.725
-1.265,-0.941
-1.286,-2.609
-1.289,-2.089
-1.42,-0.052
-1.348,-0.397
-1.441,-3.213
-1.549,-1.745
-1.558,-1.812
-1.595,-3.089
-1.748,0.36
-1.701,-0.704
-1.722,-3.062
-1.771,-0.66
-1.849,-2.294
-1.831,-2.882
-1.84,-2.249
-1.909,-2.545
-1.876,-2.362
-1.884,-2.03
-1.934,-0.815
-1.894,-2.785
-1.978,-2.725
-2.042,0.435
-2.016,-1.076
-2.103,-2.774
-2.279,-2.892
-2.271,-3.228
-2.326,-2.692
-2.397,-2.777
-2.413,-2.076
-2.375,-1.814
-2.402,-2.684
-2.471,-2.867
-2.49,0.428
-2.621,-2.094
-2.557,0.198
-2.573,0.642
-2.642,-0.795
-2.637,0.235
-2.695,-0.169
-2.673,-0.096
-2.753,-2.042
-2.725,-3.205
-2.726,-1.393
-2.828,0.104
-2.773,-2.612
-2.794,-3.087
-2.847,-1.564
-2.867,-2.29
-2.889,-2.379
-2.969,0.138
-2.917,0.572
-2.985,-3.002
-2.953,-1.402
-3.094,-1.97
-3.107,-0.657
-3.128,-1.938
-3.102,0.497
3.045,-1.271
3.093,-1.861
3.103,-2.8
3.019,-2.327
3.028,-1.589
2.957,0.54
2.985,-1.424
2.888,-2.491
2.88,-2.848
2.95,-0.105
2.86,-0.936
2.931,-0.242
2.735,-2.593
2.751,-0.586
2.703,-0.167
2.62,-0.985
2.542,-0.259
2.483,-0.224
2.366,-0.477
2.291,-0.525
2.274,-2.331
2.284,0.451
2.232,-2.77
2.212,-0.041
2.022,0.243
1.912,-1.585
1.949,-1.421
1.882,-0.439
1.849,-1.714
1.791,-0.595
1.761,-0.875
1.659,-1.028
1.693,0.629
1.569,-3.131
1.597,-1.251
1.51,-2.347
1.559,0.184
1.544,0.175
1.005,0.519
0.979,-1.678
0.906,-3.196
0.947,-0.359
0.903,-0.465
0.845,0.314
0.911,-1.949
0.75,-2.384
0.748,-1.177
0.814,0.643
0.795,-0.72
0.733,0.553
0.706,-2.874
0.705,-1.909
0.632,-1.439
0.643,-1.119
0.68,0.205
0.579,-2.251
0.578,0.374
0.407,-3.401
0.417,-3.356
0.232,-3.421
-2.293,-3.673
-2.458,-3.638
-2.476,-3.472
-2.496,-3.424
-2.591,-3.48
-2.754,-3.632
2.595,-3.643
2.141,-3.553
0.366,0.472
-0.6,0.706
-1.311,0.418
1.638,0.718
1.33,0.498
1.228,0.49
0.791,0.739
-1.114,-0.865
-2.865,-2.54
0.765,0.275
0.608,-3.155
-3.108,-3.404
0.408,-0.918
0.366,-0.453
0.4,-2.783
0.39,-2.509
0.346,-0.45
0.14,-1.057
0.256,-1.448
0.104,-2.094
0.234,-1.568
0.139,-3.183
-0.266,-2.297
-0.393,-0.96
-0.424,-1.782
-0.42,-1.765
-0.42,0.34
-0.436,0.163
-0.366,-2.293
-0.403,-3.135
-0.553,-2.257
-0.462,-0.284
-0.457,-1.083
-0.499,-1.755
-0.707,0.205
-0.666,-0.047
-0.781,-1.735
-0.671,-3.116
-0.77,0.611
-1.023,-2.529
-1.321,-0.079
-1.216,-1.808
-1.219,-1.151
-1.334,0.392
-1.236,-0.607
-1.373,0.001
-1.341,-0.06
-1.616,-1.131
-1.829,-0.09
-1.822,0.087
-1.854,-0.404
-2.192,-1.117
-2.21,-1.325
-2.229,-0.925
-2.251,0.199
-2.461,-1.805
-2.511,0.547
-2.474,-2.662
-2.607,-2.274
-2.636,-3.156
-2.513,-1.301
-2.692,-2.422
-2.616,0.6
-2.766,-1.063
3.132,0.101
-3.092,-2.55
3.013,-1.681
2.9,0.037
3.018,-0.276
2.836,0.195
2.849,0.425
2.82,-1.307
2.874,-1.718
2.534,-1.146
2.657,-2.24
2.5,-0.839
2.128,-1.581
2.028,0.156
1.949,-1.022
1.891,-1.649
1.625,-2.313
1.697,-0.022
1.569,-2.543
1.466,-1.86
1.407,-2.237
1.113,-1.768
1.239,-2.378
1.14,-1.182
0.994,-2.035
1.017,-1.948
1.011,-3.048
0.881,0.276
0.893,-1.677
0.838,-0.949
0.701,-1.82
0.638,-1.276
0.695,-2.653
0.558,-0.959
0.691,-1.765
0.698,0.175
0.398,-3.489
-0.502,-3.565
-0.512,-3.598
-1.489,-3.634
1.844,-3.369
1.858,-3.461
1.59,-3.612
1.194,-3.511
0.128,0.626
2.562,0.625
0.384,-2.505
-1.625,-0.837
-2.247,-3.05
2.482,-0.794
0.738,-1.917
0.466,-0.492
-0.912,-2.793
-1.499,-0.532
-2.507,0.185
2.474,-2.005
2.478,-2.003
2.428,-1.085
2.255,-0.401
1.338,-0.406
1.205,0.251
1.151,-0.399
1.13,-0.188
1.088,-0.266
1.127,0.23
1.006,-0.433
-0.132,-0.88
-2.316,-2.21
-2.885,-0.749
2.946,-2.167
1.192,-2.147
0.947,-0.849
-3.083,-3.293
1.4,-3.574
2.371,0.747
-1.437,-3.657
-2.6,-3.666
-2.58,-3.529
-0.087,0.86
-0.039,-1.663
-0.118,-0.549
-0.032,-1.199
-0.13,0.098
-0.193,2.048
-0.126,1.177
-0.137,-1.133
-0.195,0.281
-0.22,-0.082
-0.226,0.405
-0.242,1.569
-0.244,0.602
-0.35,-0.163
-0.377,-0.429
-0.497,-1.3
-0.621,-0.324
-0.627,-0.335
-0.66,-1.128
-0.605,1.432
-0.627,0.038
-0.63,0.512
-0.645,-0.102
-0.642,1.802
-0.699,0.194
-0.779,-1.673
-0.88,1.337
-0.927,-0.842
-0.898,-0.695
-0.941,-0.145
-0.97,-0.031
-1.126,-0.134
-1.097,1.485
-1.209,0.297
-1.27,0.814
-1.294,0.598
-1.315,-1.07
-1.318,-0.55
-1.449,1.487
-1.377,1.142
-1.47,-1.674
-1.578,-0.206
-1.587,-0.273
-1.624,-1.55
-1.777,1.899
-1.73,0.835
-1.751,-1.523
-1.8,0.879
-1.878,-0.755
-1.86,-1.343
-1.869,-0.71
-1.938,-1.006
-1.905,-0.823
-1.913,-0.491
-1.963,0.724
-1.923,-1.246
-2.007,-1.186
-2.071,1.974
-2.045,0.463
-2.132,-1.235
-2.308,-1.353
-2.3,-1.689
-2.355,-1.153
-2.426,-1.238
-2.442,-0.537
-2.404,-0.275
-2.431,-1.145
-2.5,-1.328
-2.519,1.967
-2.65,-0.555
-2.586,1.737
-2.602,2.181
-2.671,0.744
-2.666,1.774
-2.724,1.37
-2.702,1.443
-2.782,-0.503
-2.754,-1.666
-2.755,0.146
-2.857,1.643
-2.802,-1.073
-2.823,-1.548
-2.876,-0.025
-2.896,-0.751
-2.918,-0.84
-2.998,1.677
-2.946,2.111
-3.014,-1.463
-2.982,0.137
-3.123,-0.431
-3.136,0.882
3.126,-0.399
-3.131,2.036
3.016,0.268
3.064,-0.322
3.074,-1.261
2.99,-0.788
2.999,-0.05
2.928,2.079
2.956,0.115
2.859,-0.952
2.851,-1.309
2.921,1.434
2.831,0.603
2.902,1.297
2.706,-1.054
2.722,0.953
2.674,1.372
2.591,0.554
2.513,1.28
2.454,1.315
2.337,1.062
2.262,1.014
2.245,-0.792
2.255,1.99
2.203,-1.231
2.183,1.498
1.993,1.782
1.883,-0.046
1.92,0.118
1.853,1.1
1.82,-0.175
1.762,0.944
1.732,0.664
1.63,0.511
1.664,2.168
1.54,-1.592
1.568,0.288
1.481,-0.808
1.53,1.723
1.515,1.714
0.976,2.058
0.95,-0.139
0.877,-1.657
0.918,1.18
0.874,1.074
0.816,1.853
0.882,-0.41
0.721,-0.845
0.719,0.362
0.785,2.182
0.766,0.819
0.704,2.092
0.677,-1.335
0.676,-0.37
0.603,0.1
0.614,0.42
0.651,1.744
0.55,-0.712
0.549,1.913
0.378,-1.862
0.388,-1.817
0.203,-1.882
-2.322,-2.134
-2.487,-2.099
-2.505,-1.933
-2.525,-1.885
-2.62,-1.941
-2.783,-2.093
2.566,-2.104
2.112,-2.014
0.337,2.011
-0.629,2.245
-1.34,1.957
1.609,2.257
1.301,2.037
1.199,2.029
0.762,2.278
-1.143,0.674
-2.894,-1.001
0.736,1.814
0.579,-1.616
-3.137,-1.865
0.379,0.621
0.337,1.086
0.371,-1.244
0.361,-0.97
0.317,1.089
0.111,0.482
0.227,0.091
0.075,-0.555
0.205,-0.029
0.11,-1.644
-0.295,-0.758
-0.422,0.579
-0.453,-0.243
-0.449,-0.226
-0.449,1.879
-0.465,1.702
-0.395,-0.754
-0.432,-1.596
-0.582,-0.718
-0.491,1.255
-0.486,0.456
-0.528,-0.216
-0.736,1.744
-0.695,1.492
-0.81,-0.196
-0.7,-1.577
-0.799,2.15
-1.052,-0.99
-1.35,1.46
-1.245,-0.269
-1.248,0.388
-1.363,1.931
-1.265,0.932
-1.402,1.54
-1.37,1.479
-1.645,0.408
-1.858,1.449
-1.851,1.626
-1.883,1.135
-2.221,0.422
-2.239,0.214
-2.258,0.614
-2.28,1.738
-2.49,-0.266
-2.54,2.086
-2.503,-1.123
-2.636,-0.735
-2.665,-1.617
-2.542,0.238
-2.721,-0.883
-2.645,2.139
-2.795,0.476
3.103,1.64
-3.121,-1.011
2.984,-0.142
2.871,1.576
2.989,1.263
2.807,1.734
2.82,1.964
2.791,0.232
2.845,-0.179
2.505,0.393
2.628,-0.701
2.471,0.7
2.099,-0.042
1.999,1.695
1.92,0.517
1.862,-0.11
1.596,-0.774
1.668,1.517
1.54,-1.004
1.437,-0.321
1.378,-0.698
1.084,-0.229
1.21,-0.839
1.111,0.357
0.965,-0.496
0.988,-0.409
0.982,-1.509
0.852,1.815
0.864,-0.138
0.809,0.59
0.672,-0.281
0.609,0.263
0.666,-1.114
0.529,0.58
0.662,-0.226
0.669,1.714
0.369,-1.95
-0.531,-2.026
-0.541,-2.059
-1.518,-2.095
1.815,-1.83
1.829,-1.922
1.561,-2.073
1.165,-1.972
0.099,2.165
2.533,2.164
0.355,-0.966
-1.654,0.702
-2.276,-1.511
2.453,0.745
0.709,-0.378
0.437,1.047
-0.941,-1.254
-1.528,1.007
-2.536,1.724
2.445,-0.466
2.449,-0.464
2.399,0.454
2.226,1.138
1.309,1.133
1.176,1.79
1.122,1.14
1.101,1.351
1.059,1.273
1.098,1.769
0.977,1.106
-0.161,0.659
-2.345,-0.671
-2.914,0.79
2.917,-0.628
1.163,-0.608
0.918,0.69
-3.112,-1.754
1.371,-2.035
2.342,2.286
-1.466,-2.118
-2.629,-2.127
-2.609,-1.99
0.048,-2.523
-0.031,-1.409
0.055,-2.059
-0.043,-0.762
-0.106,1.188
-0.039,0.317
-0.05,-1.993
-0.108,-0.579
-0.133,-0.942
-0.139,-0.455
-0.155,0.709
-0.157,-0.258
-0.263,-1.023
-0.29,-1.289
-0.41,-2.16
-0.534,-1.184
-0.54,-1.195
-0.573,-1.988
-0.518,0.572
-0.54,-0.822
-0.543,-0.348
-0.558,-0.962
-0.555,0.942
-0.612,-0.666
-0.692,-2.533
-0.793,0.477
-0.84,-1.702
-0.811,-1.555
-0.854,-1.005
-0.883,-0.891
-1.039,-0.994
-1.01,0.625
-1.122,-0.563
-1.183,-0.046
-1.207,-0.262
-1.228,-1.93
-1.231,-1.41
-1.362,0.627
-1.29,0.282
-1.383,-2.534
-1.491,-1.066
-1.5,-1.133
-1.537,-2.41
-1.69,1.039
-1.643,-0.025
-1.664,-2.383
-1.713,0.019
-1.791,-1.615
-1.773,-2.203
-1.782,-1.57
-1.851,-1.866
-1.818,-1.683
-1.826,-1.351
-1.876,-0.136
-1.836,-2.106
-1.92,-2.046
-1.984,1.114
-1.958,-0.397
-2.045,-2.095
-2.221,-2.213
-2.213,-2.549
-2.268,-2.013
-2.339,-2.098
-2.355,-1.397
-2.317,-1.135
-2.344,-2.005
-2.413,-2.188
-2.432,1.107
-2.563,-1.415
-2.499,0.877
-2.515,1.321
-2.584,-0.116
-2.579,0.914
-2.637,0.51
-2.615,0.583
-2.695,-1.363
-2.667,-2.526
-2.668,-0.714
-2.77,0.783
-2.715,-1.933
-2.736,-2.408
-2.789,-0.885
-2.809,-1.611
-2.831,-1.7
-2.911,0.817
-2.859,1.251
-2.927,-2.323
-2.895,-0.723
-3.036,-1.291
-3.049,0.022
-3.07,-1.259
-3.044,1.176
3.103,-0.592
-3.132,-1.182
-3.122,-2.121
3.077,-1.648
3.086,-0.91
3.015,1.219
3.043,-0.745
2.946,-1.812
2.938,-2.169
3.008,0.574
2.918,-0.257
2.989,0.437
2.793,-1.914
2.809,0.093
2.761,0.512
2.678,-0.306
2.6,0.42
2.541,0.455
2.424,0.202
2.349,0.154
2.332,-1.652
2.342,1.13
2.29,-2.091
2.27,0.638
2.08,0.922
1.97,-0.906
2.007,-0.742
1.94,0.24
1.907,-1.035
1.849,0.084
1.819,-0.196
1.717,-0.349
1.751,1.308
1.627,-2.452
1.655,-0.572
1.568,-1.668
1.617,0.863
1.602,0.854
1.063,1.198
1.037,-0.999
0.964,-2.517
1.005,0.32
0.961,0.214
0.903,0.993
0.969,-1.27
0.808,-1.705
0.806,-0.498
0.872,1.322
0.853,-0.041
0.791,1.232
0.764,-2.195
0.763,-1.23
0.69,-0.76
0.701,-0.44
0.738,0.884
0.637,-1.572
0.636,1.053
0.465,-2.722
0.475,-2.677
0.29,-2.742
-2.235,-2.994
-2.4,-2.959
-2.418,-2.793
-2.438,-2.745
-2.533,-2.801
-2.696,-2.953
2.653,-2.964
2.199,-2.874
0.424,1.151
-0.542,1.385
-1.253,1.097
1.696,1.397
1.388,1.177
1.286,1.169
0.849,1.418
-1.056,-0.186
-2.807,-1.861
0.823,0.954
0.666,-2.476
-3.05,-2.725
0.466,-0.239
0.424,0.226
0.458,-2.104
0.448,-1.83
0.404,0.229
0.198,-0.378
0.314,-0.769
0.162,-1.415
0.292,-0.889
0.197,-2.504
-0.208,-1.618
-0.335,-0.281
-0.366,-1.103
-0.362,-1.086
-0.362,1.019
-0.378,0.842
-0.308,-1.614
-0.345,-2.456
-0.495,-1.578
-0.404,0.395
-0.399,-0.404
-0.441,-1.076
-0.649,0.884
-0.608,0.632
-0.723,-1.056
-0.613,-2.437
-0.712,1.29
-0.965,-1.85
-1.263,0.6
-1.158,-1.129
-1.161,-0.472
-1.276,1.071
-1.178,0.072
-1.315,0.68
-1.283,0.619
-1.558,-0.452
-1.771,0.589
-1.764,0.766
-1.796,0.275
-2.134,-0.438
-2.152,-0.646
-2.171,-0.246
-2.193,0.878
-2.403,-1.126
-2.453,1.226
-2.416,-1.983
-2.549,-1.595
-2.578,-2.477
-2.455,-0.622
-2.634,-1.743
-2.558,1.279
-2.708,-0.384
-3.093,0.78
-3.034,-1.871
3.071,-1.002
2.958,0.716
3.076,0.403
2.894,0.874
2.907,1.104
2.878,-0.628
2.932,-1.039
2.592,-0.467
2.715,-1.561
2.558,-0.16
2.186,-0.902
2.086,0.835
2.007,-0.343
1.949,-0.97
1.683,-1.634
1.755,0.657
1.627,-1.864
1.524,-1.181
1.465,-1.558
1.171,-1.089
1.297,-1.699
1.198,-0.503
1.052,-1.356
1.075,-1.269
1.069,-2.369
0.939,0.955
0.951,-0.998
0.896,-0.27
0.759,-1.141
0.696,-0.597
0.753,-1.974
0.616,-0.28
0.749,-1.086
0.756,0.854
0.456,-2.81
-0.444,-2.886
-0.454,-2.919
-1.431,-2.955
1.902,-2.69
1.916,-2.782
1.648,-2.933
1.252,-2.832
0.186,1.305
2.62,1.304
0.442,-1.826
-1.567,-0.158
-2.189,-2.371
2.54,-0.115
0.796,-1.238
0.524,0.187
-0.854,-2.114
-1.441,0.147
-2.449,0.864
2.532,-1.326
2.536,-1.324
2.486,-0.406
2.313,0.278
1.396,0.273
1.263,0.93
1.209,0.28
1.188,0.491
1.146,0.413
1.185,0.909
1.064,0.246
-0.074,-0.201
-2.258,-1.531
-2.827,-0.07
3.004,-1.488
1.25,-1.468
1.005,-0.17
-3.025,-2.614
1.458,-2.895
2.429,1.426
-1.379,-2.978
-2.542,-2.987
-2.522,-2.85
-0.079,1.114
0.007,0.464
-0.091,1.761
-0.154,3.711
-0.087,2.84
-0.098,0.53
-0.156,1.944
-0.181,1.581
-0.187,2.068
-0.203,3.232
-0.205,2.265
-0.311,1.5
-0.338,1.234
-0.458,0.363
-0.582,1.339
-0.588,1.328
-0.621,0.535
-0.566,3.095
-0.588,1.701
-0.591,2.175
-0.606,1.561
-0.603,3.465
-0.66,1.857
-0.74,-0.01
-0.841,3.0
-0.888,0.821
-0.859,0.968
-0.902,1.518
-0.931,1.632
-1.087,1.529
-1.058,3.148
-1.17,1.96
-1.231,2.477
-1.255,2.261
-1.276,0.593
-1.279,1.113
-1.41,3.15
-1.338,2.805
-1.431,-0.011
-1.539,1.457
-1.548,1.39
-1.585,0.113
-1.738,3.562
-1.691,2.498
-1.712,0.14
-1.761,2.542
-1.839,0.908
-1.821,0.32
-1.83,0.953
-1.899,0.657
-1.866,0.84
-1.874,1.172
-1.924,2.387
-1.884,0.417
-1.968,0.477
-2.032,3.637
-2.006,2.126
-2.093,0.428
-2.269,0.31
-2.261,-0.026
-2.316,0.51
-2.387,0.425
-2.403,1.126
-2.365,1.388
-2.392,0.518
-2.461,0.335
-2.48,3.63
-2.611,1.108
-2.547,3.4
-2.563,3.844
-2.632,2.407
-2.627,3.437
-2.685,3.033
-2.663,3.106
-2.743,1.16
-2.715,-0.003
-2.716,1.809
-2.818,3.306
-2.763,0.59
-2.784,0.115
-2.837,1.638
-2.857,0.912
-2.879,0.823
-2.959,3.34
-2.907,3.774
-2.975,0.2
-2.943,1.8
-3.084,1.232
-3.097,2.545
-3.118,1.264
-3.092,3.699
3.055,1.931
3.103,1.341
3.113,0.402
3.029,0.875
3.038,1.613
2.967,3.742
2.995,1.778
2.898,0.711
2.89,0.354
2.96,3.097
2.87,2.266
2.941,2.96
2.745,0.609
2.761,2.616
2.713,3.035
2.63,2.217
2.552,2.943
2.493,2.978
2.376,2.725
2.301,2.677
2.284,0.871
2.294,3.653
2.242,0.432
2.222,3.161
2.032,3.445
1.922,1.617
1.959,1.781
1.892,2.763
1.859,1.488
1.801,2.607
1.771,2.327
1.669,2.174
1.703,3.831
1.579,0.071
1.607,1.951
1.52,0.855
1.569,3.386
1.554,3.377
1.015,3.721
0.989,1.524
0.916,0.006
0.957,2.843
0.913,2.737
0.855,3.516
0.921,1.253
0.76,0.818
0.758,2.025
0.824,3.845
0.805,2.482
0.743,3.755
0.716,0.328
0.715,1.293
0.642,1.763
0.653,2.083
0.69,3.407
0.589,0.951
0.588,3.576
0.417,-0.199
0.427,-0.154
0.242,-0.219
-2.283,-0.471
-2.448,-0.436
-2.466,-0.27
-2.486,-0.222
-2.581,-0.278
-2.744,-0.43
2.605,-0.441
2.151,-0.351
0.376,3.674
-0.59,3.908
-1.301,3.62
1.648,3.92
1.34,3.7
1.238,3.692
0.801,3.941
-1.104,2.337
-2.855,0.662
0.775,3.477
0.618,0.047
-3.098,-0.202
0.418,2.284
0.376,2.749
0.41,0.419
0.4,0.693
0.356,2.752
0.15,2.145
0.266,1.754
0.114,1.108
0.244,1.634
0.149,0.019
-0.256,0.905
-0.383,2.242
-0.414,1.42
-0.41,1.437
-0.41,3.542
-0.426,3.365
-0.356,0.909
-0.393,0.067
-0.543,0.945
-0.452,2.918
-0.447,2.119
-0.489,1.447
-0.697,3.407
-0.656,3.155
-0.771,1.467
-0.661,0.086
-0.76,3.813
-1.013,0.673
-1.311,3.123
-1.206,1.394
-1.209,2.051
-1.324,3.594
-1.226,2.595
-1.363,3.203
-1.331,3.142
-1.606,2.071
-1.819,3.112
-1.812,3.289
-1.844,2.798
-2.182,2.085
-2.2,1.877
-2.219,2.277
-2.241,3.401
-2.451,1.397
-2.501,3.749
-2.464,0.54
-2.597,0.928
-2.626,0.046
-2.503,1.901
-2.682,0.78
-2.606,3.802
-2.756,2.139
-3.141,3.303
-3.082,0.652
3.023,1.521
2.91,3.239
3.028,2.926
2.846,3.397
2.859,3.627
2.83,1.895
2.884,1.484
2.544,2.056
2.667,0.962
2.51,2.363
2.138,1.621
2.038,3.358
1.959,2.18
1.901,1.553
1.635,0.889
1.707,3.18
1.579,0.659
1.476,1.342
1.417,0.965
1.123,1.434
1.249,0.824
1.15,2.02
1.004,1.167
1.027,1.254
1.021,0.154
0.891,3.478
0.903,1.525
0.848,2.253
0.711,1.382
0.648,1.926
0.705,0.549
0.568,2.243
0.701,1.437
0.708,3.377
0.408,-0.287
-0.492,-0.363
-0.502,-0.396
-1.479,-0.432
1.854,-0.167
1.868,-0.259
1.6,-0.41
1.204,-0.309
0.138,3.828
2.572,3.827
0.394,0.697
-1.615,2.365
-2.237,0.152
2.492,2.408
0.748,1.285
0.476,2.71
-0.902,0.409
-1.489,2.67
-2.497,3.387
2.484,1.197
2.488,1.199
2.438,2.117
2.265,2.801
1.348,2.796
1.215,3.453
1.161,2.803
1.14,3.014
1.098,2.936
1.137,3.432
1.016,2.769
-0.122,2.322
-2.306,0.992
-2.875,2.453
2.956,1.035
1.202,1.055
0.957,2.353
-3.073,-0.091
1.41,-0.372
2.381,3.949
-1.427,-0.455
-2.59,-0.464
-2.57,-0.327
0.086,-0.65
-0.012,0.647
-0.075,2.597
-0.008,1.726
-0.019,-0.584
-0.077,0.83
-0.102,0.467
-0.108,0.954
-0.124,2.118
-0.126,1.151
-0.232,0.386
-0.259,0.12
-0.379,-0.751
-0.503,0.225
-0.509,0.214
-0.542,-0.579
-0.487,1.981
-0.509,0.587
-0.512,1.061
-0.527,0.447
-0.524,2.351
-0.581,0.743
-0.661,-1.124
-0.762,1.886
-0.809,-0.293
-0.78,-0.146
-0.823,0.404
-0.852,0.518
-1.008,0.415
-0.979,2.034
-1.091,0.846
-1.152,1.363
-1.176,1.147
-1.197,-0.521
-1.2,-0.001
-1.331,2.036
-1.259,1.691
-1.352,-1.125
-1.46,0.343
-1.469,0.276
-1.506,-1.001
-1.659,2.448
-1.612,1.384
-1.633,-0.974
-1.682,1.428
-1.76,-0.206
-1.742,-0.794
-1.751,-0.161
-1.82,-0.457
-1.787,-0.274
-1.795,0.058
-1.845,1.273
-1.805,-0.697
-1.889,-0.637
-1.953,2.523
-1.927,1.012
-2.014,-0.686
-2.19,-0.804
-2.182,-1.14
-2.237,-0.604
-2.308,-0.689
-2.324,0.012
-2.286,0.274
-2.313,-0.596
-2.382,-0.779
-2.401,2.516
-2.532,-0.006
-2.468,2.286
-2.484,2.73
-2.553,1.293
-2.548,2.323
-2.606,1.919
-2.584,1.992
-2.664,0.046
-2.636,-1.117
-2.637,0.695
-2.739,2.192
-2.684,-0.524
-2.705,-0.999
-2.758,0.524
-2.778,-0.202
-2.8,-0.291
-2.88,2.226
-2.828,2.66
-2.896,-0.914
-2.864,0.686
-3.005,0.118
-3.018,1.431
-3.039,0.15
-3.013,2.585
3.134,0.817
-3.101,0.227
-3.091,-0.712
3.108,-0.239
3.117,0.499
3.046,2.628
3.074,0.664
2.977,-0.403
2.969,-0.76
3.039,1.983
2.949,1.152
3.02,1.846
2.824,-0.505
2.84,1.502
2.792,1.921
2.709,1.103
2.631,1.829
2.572,1.864
2.455,1.611
2.38,1.563
2.363,-0.243
2.373,2.539
2.321,-0.682
2.301,2.047
2.111,2.331
2.001,0.503
2.038,0.667
1.971,1.649
1.938,0.374
1.88,1.493
1.85,1.213
1.748,1.06
1.782,2.717
1.658,-1.043
1.686,0.837
1.599,-0.259
1.648,2.272
1.633,2.263
1.094,2.607
1.068,0.41
0.995,-1.108
1.036,1.729
0.992,1.623
0.934,2.402
1.0,0.139
0.839,-0.296
0.837,0.911
0.903,2.731
0.884,1.368
0.822,2.641
0.795,-0.786
0.794,0.179
0.721,0.649
0.732,0.969
0.769,2.293
0.668,-0.163
0.667,2.462
0.496,-1.313
0.506,-1.268
0.321,-1.333
-2.204,-1.585
-2.369,-1.55
-2.387,-1.384
-2.407,-1.336
-2.502,-1.392
-2.665,-1.544
2.684,-1.555
2.23,-1.465
0.455,2.56
-0.511,2.794
-1.222,2.506
1.727,2.806
1.419,2.586
1.317,2.578
0.88,2.827
-1.025,1.223
-2.776,-0.452
0.854,2.363
0.697,-1.067
-3.019,-1.316
0.497,1.17
0.455,1.635
0.489,-0.695
0.479,-0.421
0.435,1.638
0.229,1.031
0.345,0.64
0.193,-0.006
0.323,0.52
0.228,-1.095
-0.177,-0.209
-0.304,1.128
-0.335,0.306
-0.331,0.323
-0.331,2.428
-0.347,2.251
-0.277,-0.205
-0.314,-1.047
-0.464,-0.169
-0.373,1.804
-0.368,1.005
-0.41,0.333
-0.618,2.293
-0.577,2.041
-0.692,0.353
-0.582,-1.028
-0.681,2.699
-0.934,-0.441
-1.232,2.009
-1.127,0.28
-1.13,0.937
-1.245,2.48
-1.147,1.481
-1.284,2.089
-1.252,2.028
-1.527,0.957
-1.74,1.998
-1.733,2.175
-1.765,1.684
-2.103,0.971
-2.121,0.763
-2.14,1.163
-2.162,2.287
-2.372,0.283
-2.422,2.635
-2.385,-0.574
-2.518,-0.186
-2.547,-1.068
-2.424,0.787
-2.603,-0.334
-2.527,2.688
-2.677,1.025
-3.062,2.189
-3.003,-0.462
3.102,0.407
2.989,2.125
3.107,1.812
2.925,2.283
2.938,2.513
2.909,0.781
2.963,0.37
2.623,0.942
2.746,-0.152
2.589,1.249
2.217,0.507
2.117,2.244
2.038,1.066
1.98,0.439
1.714,-0.225
1.786,2.066
1.658,-0.455
1.555,0.228
1.496,-0.149
1.202,0.32
1.328,-0.29
1.229,0.906
1.083,0.053
1.106,0.14
1.1,-0.96
0.97,2.364
0.982,0.411
0.927,1.139
0.79,0.268
0.727,0.812
0.784,-0.565
0.647,1.129
0.78,0.323
0.787,2.263
0.487,-1.401
-0.413,-1.477
-0.423,-1.51
-1.4,-1.546
1.933,-1.281
1.947,-1.373
1.679,-1.524
1.283,-1.423
0.217,2.714
2.651,2.713
0.473,-0.417
-1.536,1.251
-2.158,-0.962
2.571,1.294
0.827,0.171
0.555,1.596
-0.823,-0.705
-1.41,1.556
-2.418,2.273
2.563,0.083
2.567,0.085
2.517,1.003
2.344,1.687
1.427,1.682
1.294,2.339
1.24,1.689
1.219,1.9
1.177,1.822
1.216,2.318
1.095,1.655
-0.043,1.208
-2.227,-0.122
-2.796,1.339
3.035,-0.079
1.281,-0.059
1.036,1.239
-2.994,-1.205
1.489,-1.486
2.46,2.835
-1.348,-1.569
-2.511,-1.578
-2.491,-1.441
-0.098,1.297
-0.161,3.247
-0.094,2.376
-0.105,0.066
-0.163,1.48
-0.188,1.117
-0.194,1.604
-0.21,2.768
-0.212,1.801
-0.318,1.036
-0.345,0.77
-0.465,-0.101
-0.589,0.875
-0.595,0.864
-0.628,0.071
-0.573,2.631
-0.595,1.237
-0.598,1.711
-0.613,1.097
-0.61,3.001
-0.667,1.393
-0.747,-0.474
-0.848,2.536
-0.895,0.357
-0.866,0.504
-0.909,1.054
-0.938,1.168
-1.094,1.065
-1.065,2.684
-1.177,1.496
-1.238,2.013
-1.262,1.797
-1.283,0.129
-1.286,0.649
-1.417,2.686
-1.345,2.341
-1.438,-0.475
-1.546,0.993
-1.555,0.926
-1.592,-0.351
-1.745,3.098
-1.698,2.034
-1.719,-0.324
-1.768,2.078
-1.846,0.444
-1.828,-0.144
-1.837,0.489
-1.906,0.193
-1.873,0.376
-1.881,0.708
-1.931,1.923
-1.891,-0.047
-1.975,0.013
-2.039,3.173
-2.013,1.662
-2.1,-0.036
-2.276,-0.154
-2.268,-0.49
-2.323,0.046
-2.394,-0.039
-2.41,0.662
-2.372,0.924
-2.399,0.054
-2.468,-0.129
-2.487,3.166
-2.618,0.644
-2.554,2.936
-2.57,3.38
-2.639,1.943
-2.634,2.973
-2.692,2.569
-2.67,2.642
-2.75,0.696
-2.722,-0.467
-2.723,1.345
-2.825,2.842
-2.77,0.126
-2.791,-0.349
-2.844,1.174
-2.864,0.448
-2.886,0.359
-2.966,2.876
-2.914,3.31
-2.982,-0.264
-2.95,1.336
-3.091,0.768
-3.104,2.081
-3.125,0.8
-3.099,3.235
3.048,1.467
3.096,0.877
3.106,-0.062
3.022,0.411
3.031,1.149
2.96,3.278
2.988,1.314
2.891,0.247
2.883,-0.11
2.953,2.633
2.863,1.802
2.934,2.496
2.738,0.145
2.754,2.152
2.706,2.571
2.623,1.753
2.545,2.479
2.486,2.514
2.369,2.261
2.294,2.213
2.277,0.407
2.287,3.189
2.235,-0.032
2.215,2.697
2.025,2.981
1.915,1.153
1.952,1.317
1.885,2.299
1.852,1.024
1.794,2.143
1.764,1.863
1.662,1.71
1.696,3.367
1.572,-0.393
1.6,1.487
1.513,0.391
1.562,2.922
1.547,2.913
1.008,3.257
0.982,1.06
0.909,-0.458
0.95,2.379
0.906,2.273
0.848,3.052
0.914,0.789
0.753,0.354
0.751,1.561
0.817,3.381
0.798,2.018
0.736,3.291
0.709,-0.136
0.708,0.829
0.635,1.299
0.646,1.619
0.683,2.943
0.582,0.487
0.581,3.112
0.41,-0.663
0.42,-0.618
0.235,-0.683
-2.29,-0.935
-2.455,-0.9
-2.473,-0.734
-2.493,-0.686
-2.588,-0.742
-2.751,-0.894
2.598,-0.905
2.144,-0.815
0.369,3.21
-0.597,3.444
-1.308,3.156
1.641,3.456
1.333,3.236
1.231,3.228
0.794,3.477
-1.111,1.873
-2.862,0.198
0.768,3.013
0.611,-0.417
-3.105,-0.666
0.411,1.82
0.369,2.285
0.403,-0.045
0.393,0.229
0.349,2.288
0.143,1.681
0.259,1.29
0.107,0.644
0.237,1.17
0.142,-0.445
-0.263,0.441
-0.39,1.778
-0.421,0.956
-0.417,0.973
-0.417,3.078
-0.433,2.901
-0.363,0.445
-0.4,-0.397
-0.55,0.481
-0.459,2.454
-0.454,1.655
-0.496,0.983
-0.704,2.943
-0.663,2.691
-0.778,1.003
-0.668,-0.378
-0.767,3.349
-1.02,0.209
-1.318,2.659
-1.213,0.93
-1.216,1.587
-1.331,3.13
-1.233,2.131
-1.37,2.739
-1.338,2.678
-1.613,1.607
-1.826,2.648
-1.819,2.825
-1.851,2.334
-2.189,1.621
-2.207,1.413
-2.226,1.813
-2.248,2.937
-2.458,0.933
-2.508,3.285
-2.471,0.076
-2.604,0.464
-2.633,-0.418
-2.51,1.437
-2.689,0.316
-2.613,3.338
-2.763,1.675
3.135,2.839
-3.089,0.188
3.016,1.057
2.903,2.775
3.021,2.462
2.839,2.933
2.852,3.163
2.823,1.431
2.877,1.02
2.537,1.592
2.66,0.498
2.503,1.899
2.131,1.157
2.031,2.894
1.952,1.716
1.894,1.089
1.628,0.425
1.7,2.716
1.572,0.195
1.469,0.878
1.41,0.501
1.116,0.97
1.242,0.36
1.143,1.556
0.997,0.703
1.02,0.79
1.014,-0.31
0.884,3.014
0.896,1.061
0.841,1.789
0.704,0.918
0.641,1.462
0.698,0.085
0.561,1.779
0.694,0.973
0.701,2.913
0.401,-0.751
-0.499,-0.827
-0.509,-0.86
-1.486,-0.896
1.847,-0.631
1.861,-0.723
1.593,-0.874
1.197,-0.773
0.131,3.364
2.565,3.363
0.387,0.233
-1.622,1.901
-2.244,-0.312
2.485,1.944
0.741,0.821
0.469,2.246
-0.909,-0.055
-1.496,2.206
-2.504,2.923
2.477,0.733
2.481,0.735
2.431,1.653
2.258,2.337
1.341,2.332
1.208,2.989
1.154,2.339
1.133,2.55
1.091,2.472
1.13,2.968
1.009,2.305
-0.129,1.858
-2.313,0.528
-2.882,1.989
2.949,0.571
1.195,0.591
0.95,1.889
-3.08,-0.555
1.403,-0.836
2.374,3.485
-1.434,-0.919
-2.597,-0.928
-2.577,-0.791
-0.063,1.95
0.004,1.079
-0.007,-1.231
-0.065,0.183
-0.09,-0.18
-0.096,0.307
-0.112,1.471
-0.114,0.504
-0.22,-0.261
-0.247,-0.527
-0.367,-1.398
-0.491,-0.422
-0.497,-0.433
-0.53,-1.226
-0.475,1.334
-0.497,-0.06
-0.5,0.414
-0.515,-0.2
-0.512,1.704
-0.569,0.096
-0.649,-1.771
-0.75,1.239
-0.797,-0.94
-0.768,-0.793
-0.811,-0.243
-0.84,-0.129
-0.996,-0.232
-0.967,1.387
-1.079,0.199
-1.14,0.716
-1.164,0.5
-1.185,-1.168
-1.188,-0.648
-1.319,1.389
-1.247,1.044
-1.34,-1.772
-1.448,-0.304
-1.457,-0.371
-1.494,-1.648
-1.647,1.801
-1.6,0.737
-1.621,-1.621
-1.67,0.781
-1.748,-0.853
-1.73,-1.441
-1.739,-0.808
-1.808,-1.104
-1.775,-0.921
-1.783,-0.589
-1.833,0.626
-1.793,-1.344
-1.877,-1.284
-1.941,1.876
-1.915,0.365
-2.002,-1.333
-2.178,-1.451
-2.17,-1.787
-2.225,-1.251
-2.296,-1.336
-2.312,-0.635
-2.274,-0.373
-2.301,-1.243
-2.37,-1.426
-2.389,1.869
-2.52,-0.653
-2.456,1.639
-2.472,2.083
-2.541,0.646
-2.536,1.676
-2.594,1.272
-2.572,1.345
-2.652,-0.601
-2.624,-1.764
-2.625,0.048
-2.727,1.545
-2.672,-1.171
-2.693,-1.646
-2.746,-0.123
-2.766,-0.849
-2.788,-0.938
-2.868,1.579
-2.816,2.013
-2.884,-1.561
-2.852,0.039
-2.993,-0.529
-3.006,0.784
-3.027,-0.497
-3.001,1.938
-3.137,0.17
-3.089,-0.42
-3.079,-1.359
3.12,-0.886
3.129,-0.148
3.058,1.981
3.086,0.017
2.989,-1.05
2.981,-1.407
3.051,1.336
2.961,0.505
3.032,1.199
2.836,-1.152
2.852,0.855
2.804,1.274
2.721,0.456
2.643,1.182
2.584,1.217
2.467,0.964
2.392,0.916
2.375,-0.89
2.385,1.892
2.333,-1.329
2.313,1.4
2.123,1.684
2.013,-0.144
2.05,0.02
1.983,1.002
1.95,-0.273
1.892,0.846
1.862,0.566
1.76,0.413
1.794,2.07
1.67,-1.69
1.698,0.19
1.611,-0.906
1.66,1.625
1.645,1.616
1.106,1.96
1.08,-0.237
1.007,-1.755
1.048,1.082
1.004,0.976
0.946,1.755
1.012,-0.508
0.851,-0.943
0.849,0.264
0.915,2.084
0.896,0.721
0.834,1.994
0.807,-1.433
0.806,-0.468
0.733,0.002
0.744,0.322
0.781,1.646
0.68,-0.81
0.679,1.815
0.508,-1.96
0.518,-1.915
0.333,-1.98
-2.192,-2.232
-2.357,-2.197
-2.375,-2.031
-2.395,-1.983
-2.49,-2.039
-2.653,-2.191
2.696,-2.202
2.242,-2.112
0.467,1.913
-0.499,2.147
-1.21,1.859
1.739,2.159
1.431,1.939
1.329,1.931
0.892,2.18
-1.013,0.576
-2.764,-1.099
0.866,1.716
0.709,-1.714
-3.007,-1.963
0.509,0.523
0.467,0.988
0.501,-1.342
0.491,-1.068
0.447,0.991
0.241,0.384
0.357,-0.007
0.205,-0.653
0.335,-0.127
0.24,-1.742
-0.165,-0.856
-0.292,0.481
-0.323,-0.341
-0.319,-0.324
-0.319,1.781
-0.335,1.604
-0.265,-0.852
-0.302,-1.694
-0.452,-0.816
-0.361,1.157
-0.356,0.358
-0.398,-0.314
-0.606,1.646
-0.565,1.394
-0.68,-0.294
-0.57,-1.675
-0.669,2.052
-0.922,-1.088
-1.22,1.362
-1.115,-0.367
-1.118,0.29
-1.233,1.833
-1.135,0.834
-1.272,1.442
-1.24,1.381
-1.515,0.31
-1.728,1.351
-1.721,1.528
-1.753,1.037
-2.091,0.324
-2.109,0.116
-2.128,0.516
-2.15,1.64
-2.36,-0.364
-2.41,1.988
-2.373,-1.221
-2.506,-0.833
-2.535,-1.715
-2.412,0.14
-2.591,-0.981
-2.515,2.041
-2.665,0.378
-3.05,1.542
-2.991,-1.109
3.114,-0.24
3.001,1.478
3.119,1.165
2.937,1.636
2.95,1.866
2.921,0.134
2.975,-0.277
2.635,0.295
2.758,-0.799
2.601,0.602
2.229,-0.14
2.129,1.597
2.05,0.419
1.992,-0.208
1.726,-0.872
1.798,1.419
1.67,-1.102
1.567,-0.419
1.508,-0.796
1.214,-0.327
1.34,-0.937
1.241,0.259
1.095,-0.594
1.118,-0.507
1.112,-1.607
0.982,1.717
0.994,-0.236
0.939,0.492
0.802,-0.379
0.739,0.165
0.796,-1.212
0.659,0.482
0.792,-0.324
0.799,1.616
0.499,-2.048
-0.401,-2.124
-0.411,-2.157
-1.388,-2.193
1.945,-1.928
1.959,-2.02
1.691,-2.171
1.295,-2.07
0.229,2.067
2.663,2.066
0.485,-1.064
-1.524,0.604
-2.146,-1.609
2.583,0.647
0.839,-0.476
0.567,0.949
-0.811,-1.352
-1.398,0.909
-2.406,1.626
2.575,-0.564
2.579,-0.562
2.529,0.356
2.356,1.04
1.439,1.035
1.306,1.692
1.252,1.042
1.231,1.253
1.189,1.175
1.228,1.671
1.107,1.008
-0.031,0.561
-2.215,-0.769
-2.784,0.692
3.047,-0.726
1.293,-0.706
1.048,0.592
-2.982,-1.852
1.501,-2.133
2.472,2.188
-1.336,-2.216
-2.499,-2.225
-2.479,-2.088
0.067,-0.871
0.056,-3.181
-0.002,-1.767
-0.027,-2.13
-0.033,-1.643
-0.049,-0.479
-0.051,-1.446
-0.157,-2.211
-0.184,-2.477
-0.304,-3.348
-0.428,-2.372
-0.434,-2.383
-0.467,-3.176
-0.412,-0.616
-0.434,-2.01
-0.437,-1.536
-0.452,-2.15
-0.449,-0.246
-0.506,-1.854
-0.586,-3.721
-0.687,-0.711
-0.734,-2.89
-0.705,-2.743
-0.748,-2.193
-0.777,-2.079
-0.933,-2.182
-0.904,-0.563
-1.016,-1.751
-1.077,-1.234
-1.101,-1.45
-1.122,-3.118
-1.125,-2.598
-1.256,-0.561
-1.184,-0.906
-1.277,-3.722
-1.385,-2.254
-1.394,-2.321
-1.431,-3.598
-1.584,-0.149
-1.537,-1.213
-1.558,-3.571
-1.607,-1.169
-1.685,-2.803
-1.667,-3.391
-1.676,-2.758
-1.745,-3.054
-1.712,-2.871
-1.72,-2.539
-1.77,-1.324
-1.73,-3.294
-1.814,-3.234
-1.878,-0.074
-1.852,-1.585
-1.939,-3.283
-2.115,-3.401
-2.107,-3.737
-2.162,-3.201
-2.233,-3.286
-2.249,-2.585
-2.211,-2.323
-2.238,-3.193
-2.307,-3.376
-2.326,-0.081
-2.457,-2.603
-2.393,-0.311
-2.409,0.133
-2.478,-1.304
-2.473,-0.274
-2.531,-0.678
-2.509,-0.605
-2.589,-2.551
-2.561,-3.714
-2.562,-1.902
-2.664,-0.405
-2.609,-3.121
-2.63,-3.596
-2.683,-2.073
-2.703,-2.799
-2.725,-2.888
-2.805,-0.371
-2.753,0.063
-2.821,-3.511
-2.789,-1.911
-2.93,-2.479
-2.943,-1.166
-2.964,-2.447
-2.938,-0.012
-3.074,-1.78
-3.026,-2.37
-3.016,-3.309
-3.1,-2.836
-3.091,-2.098
3.121,0.031
-3.134,-1.933
3.052,-3.0
3.044,-3.357
3.114,-0.614
3.024,-1.445
3.095,-0.751
2.899,-3.102
2.915,-1.095
2.867,-0.676
2.784,-1.494
2.706,-0.768
2.647,-0.733
2.53,-0.986
2.455,-1.034
2.438,-2.84
2.448,-0.058
2.396,-3.279
2.376,-0.55
2.186,-0.266
2.076,-2.094
2.113,-1.93
2.046,-0.948
2.013,-2.223
1.955,-1.104
1.925,-1.384
1.823,-1.537
1.857,0.12
1.733,-3.64
1.761,-1.76
1.674,-2.856
1.723,-0.325
1.708,-0.334
1.169,0.01
1.143,-2.187
1.07,-3.705
1.111,-0.868
1.067,-0.974
1.009,-0.195
1.075,-2.458
0.914,-2.893
0.912,-1.686
0.978,0.134
0.959,-1.229
0.897,0.044
0.87,-3.383
0.869,-2.418
0.796,-1.948
0.807,-1.628
0.844,-0.304
0.743,-2.76
0.742,-0.135
0.571,-3.91
0.581,-3.865
0.396,-3.93
-2.129,-4.182
-2.294,-4.147
-2.312,-3.981
-2.332,-3.933
-2.427,-3.989
-2.59,-4.141
2.759,-4.152
2.305,-4.062
0.53,-0.037
-0.436,0.197
-1.147,-0.091
1.802,0.209
1.494,-0.011
1.392,-0.019
0.955,0.23
-0.95,-1.374
-2.701,-3.049
0.929,-0.234
0.772,-3.664
-2.944,-3.913
0.572,-1.427
0.53,-0.962
0.564,-3.292
0.554,-3.018
0.51,-0.959
0.304,-1.566
0.42,-1.957
0.268,-2.603
0.398,-2.077
0.303,-3.692
-0.102,-2.806
-0.229,-1.469
-0.26,-2.291
-0.256,-2.274
-0.256,-0.169
-0.272,-0.346
-0.202,-2.802
-0.239,-3.644
-0.389,-2.766
-0.298,-0.793
-0.293,-1.592
-0.335,-2.264
-0.543,-0.304
-0.502,-0.556
-0.617,-2.244
-0.507,-3.625
-0.606,0.102
-0.859,-3.038
-1.157,-0.588
-1.052,-2.317
-1.055,-1.66
-1.17,-0.117
-1.072,-1.116
-1.209,-0.508
-1.177,-0.569
-1.452,-1.64
-1.665,-0.599
-1.658,-0.422
-1.69,-0.913
-2.028,-1.626
-2.046,-1.834
-2.065,-1.434
-2.087,-0.31
-2.297,-2.314
-2.347,0.038
-2.31,-3.171
-2.443,-2.783
-2.472,-3.665
-2.349,-1.81
-2.528,-2.931
-2.452,0.091
-2.602,-1.572
-2.987,-0.408
-2.928,-3.059
-3.106,-2.19
3.064,-0.472
-3.101,-0.785
3.0,-0.314
3.013,-0.084
2.984,-1.816
3.038,-2.227
2.698,-1.655
2.821,-2.749
2.664,-1.348
2.292,-2.09
2.192,-0.353
2.113,-1.531
2.055,-2.158
1.789,-2.822
1.861,-0.531
1.733,-3.052
1.63,-2.369
1.571,-2.746
1.277,-2.277
1.403,-2.887
1.304,-1.691
1.158,-2.544
1.181,-2.457
1.175,-3.557
1.045,-0.233
1.057,-2.186
1.002,-1.458
0.865,-2.329
0.802,-1.785
0.859,-3.162
0.722,-1.468
0.855,-2.274
0.862,-0.334
0.562,-3.998
-0.338,-4.074
-0.348,-4.107
-1.325,-4.143
2.008,-3.878
2.022,-3.97
1.754,-4.121
1.358,-4.02
0.292,0.117
2.726,0.116
0.548,-3.014
-1.461,-1.346
-2.083,-3.559
2.646,-1.303
0.902,-2.426
0.63,-1.001
-0.748,-3.302
-1.335,-1.041
-2.343,-0.324
2.638,-2.514
2.642,-2.512
2.592,-1.594
2.419,-0.91
1.502,-0.915
1.369,-0.258
1.315,-0.908
1.294,-0.697
1.252,-0.775
1.291,-0.279
1.17,-0.942
0.032,-1.389
-2.152,-2.719
-2.721,-1.258
3.11,-2.676
1.356,-2.656
1.111,-1.358
-2.919,-3.802
1.564,-4.083
2.535,0.238
-1.273,-4.166
-2.436,-4.175
-2.416,-4.038
-0.011,-2.31
-0.069,-0.896
-0.094,-1.259
-0.1,-0.772
-0.116,0.392
-0.118,-0.575
-0.224,-1.34
-0.251,-1.606
-0.371,-2.477
-0.495,-1.501
-0.501,-1.512
-0.534,-2.305
-0.479,0.255
-0.501,-1.139
-0.504,-0.665
-0.519,-1.279
-0.516,0.625
-0.573,-0.983
-0.653,-2.85
-0.754,0.16
-0.801,-2.019
-0.772,-1.872
-0.815,-1.322
-0.844,-1.208
-1.0,-1.311
-0.971,0.308
-1.083,-0.88
-1.144,-0.363
-1.168,-0.579
-1.189,-2.247
-1.192,-1.727
-1.323,0.31
-1.251,-0.035
-1.344,-2.851
-1.452,-1.383
-1.461,-1.45
-1.498,-2.727
-1.651,0.722
-1.604,-0.342
-1.625,-2.7
-1.674,-0.298
-1.752,-1.932
-1.734,-2.52
-1.743,-1.887
-1.812,-2.183
-1.779,-2.0
-1.787,-1.668
-1.837,-0.453
-1.797,-2.423
-1.881,-2.363
-1.945,0.797
-1.919,-0.714
-2.006,-2.412
-2.182,-2.53
-2.174,-2.866
-2.229,-2.33
-2.3,-2.415
-2.316,-1.714
-2.278,-1.452
-2.305,-2.322
-2.374,-2.505
-2.393,0.79
-2.524,-1.732
-2.46,0.56
-2.476,1.004
-2.545,-0.433
-2.54,0.597
-2.598,0.193
-2.576,0.266
-2.656,-1.68
-2.628,-2.843
-2.629,-1.031
-2.731,0.466
-2.676,-2.25
-2.697,-2.725
-2.75,-1.202
-2.77,-1.928
-2.792,-2.017
-2.872,0.5
-2.82,0.934
-2.888,-2.64
-2.856,-1.04
-2.997,-1.608
-3.01,-0.295
-3.031,-1.576
-3.005,0.859
-3.141,-0.909
-3.093,-1.499
-3.083,-2.438
3.116,-1.965
3.125,-1.227
3.054,0.902
3.082,-1.062
2.985,-2.129
2.977,-2.486
3.047,0.257
2.957,-0.574
3.028,0.12
2.832,-2.231
2.848,-0.224
2.8,0.195
2.717,-0.623
2.639,0.103
2.58,0.138
2.463,-0.115
2.388,-0.163
2.371,-1.969
2.381,0.813
2.329,-2.408
2.309,0.321
2.119,0.605
2.009,-1.223
2.046,-1.059
1.979,-0.077
1.946,-1.352
1.888,-0.233
1.858,-0.513
1.756,-0.666
1.79,0.991
1.666,-2.769
1.694,-0.889
1.607,-1.985
1.656,0.546
1.641,0.537
1.102,0.881
1.076,-1.316
1.003,-2.834
1.044,0.003
1.0,-0.103
0.942,0.676
1.008,-1.587
0.847,-2.022
0.845,-0.815
0.911,1.005
0.892,-0.358
0.83,0.915
0.803,-2.512
0.802,-1.547
0.729,-1.077
0.74,-0.757
0.777,0.567
0.676,-1.889
0.675,0.736
0.504,-3.039
0.514,-2.994
0.329,-3.059
-2.196,-3.311
-2.361,-3.276
-2.379,-3.11
-2.399,-3.062
-2.494,-3.118
-2.657,-3.27
2.692,-3.281
2.238,-3.191
0.463,0.834
-0.503,1.068
-1.214,0.78
1.735,1.08
1.427,0.86
1.325,0.852
0.888,1.101
-1.017,-0.503
-2.768,-2.178
0.862,0.637
0.705,-2.793
-3.011,-3.042
0.505,-0.556
0.463,-0.091
0.497,-2.421
0.487,-2.147
0.443,-0.088
0.237,-0.695
0.353,-1.086
0.201,-1.732
0.331,-1.206
0.236,-2.821
-0.169,-1.935
-0.296,-0.598
-0.327,-1.42
-0.323,-1.403
-0.323,0.702
-0.339,0.525
-0.269,-1.931
-0.306,-2.773
-0.456,-1.895
-0.365,0.078
-0.36,-0.721
-0.402,-1.393
-0.61,0.567
-0.569,0.315
-0.684,-1.373
-0.574,-2.754
-0.673,0.973
-0.926,-2.167
-1.224,0.283
-1.119,-1.446
-1.122,-0.789
-1.237,0.754
-1.139,-0.245
-1.276,0.363
-1.244,0.302
-1.519,-0.769
-1.732,0.272
-1.725,0.449
-1.757,-0.042
-2.095,-0.755
-2.113,-0.963
-2.132,-0.563
-2.154,0.561
-2.364,-1.443
-2.414,0.909
-2.377,-2.3
-2.51,-1.912
-2.539,-2.794
-2.416,-0.939
-2.595,-2.06
-2.519,0.962
-2.669,-0.701
-3.054,0.463
-2.995,-2.188
3.11,-1.319
2.997,0.399
3.115,0.086
2.933,0.557
2.946,0.787
2.917,-0.945
2.971,-1.356
2.631,-0.784
2.754,-1.878
2.597,-0.477
2.225,-1.219
2.125,0.518
2.046,-0.66
1.988,-1.287
1.722,-1.951
1.794,0.34
1.666,-2.181
1.563,-1.498
1.504,-1.875
1.21,-1.406
1.336,-2.016
1.237,-0.82
1.091,-1.673
1.114,-1.586
1.108,-2.686
0.978,0.638
0.99,-1.315
0.935,-0.587
0.798,-1.458
0.735,-0.914
0.792,-2.291
0.655,-0.597
0.788,-1.403
0.795,0.537
0.495,-3.127
-0.405,-3.203
-0.415,-3.236
-1.392,-3.272
1.941,-3.007
1.955,-3.099
1.687,-3.25
1.291,-3.149
0.225,0.988
2.659,0.987
0.481,-2.143
-1.528,-0.475
-2.15,-2.688
2.579,-0.432
0.835,-1.555
0.563,-0.13
-0.815,-2.431
-1.402,-0.17
-2.41,0.547
2.571,-1.643
2.575,-1.641
2.525,-0.723
2.352,-0.039
1.435,-0.044
1.302,0.613
1.248,-0.037
1.227,0.174
1.185,0.096
1.224,0.592
1.103,-0.071
-0.035,-0.518
-2.219,-1.848
-2.788,-0.387
3.043,-1.805
1.289,-1.785
1.044,-0.487
-2.986,-2.931
1.497,-3.212
2.468,1.109
-1.34,-3.295
-2.503,-3.304
-2.483,-3.167
-0.058,1.414
-0.083,1.051
-0.089,1.538
-0.105,2.702
-0.107,1.735
-0.213,0.97
-0.24,0.704
-0.36,-0.167
-0.484,0.809
-0.49,0.798
-0.523,0.005
-0.468,2.565
-0.49,1.171
-0.493,1.645
-0.508,1.031
-0.505,2.935
-0.562,1.327
-0.642,-0.54
-0.743,2.47
-0.79,0.291
-0.761,0.438
-0.804,0.988
-0.833,1.102
-0.989,0.999
-0.96,2.618
-1.072,1.43
-1.133,1.947
-1.157,1.731
-1.178,0.063
-1.181,0.583
-1.312,2.62
-1.24,2.275
-1.333,-0.541
-1.441,0.927
-1.45,0.86
-1.487,-0.417
-1.64,3.032
-1.593,1.968
-1.614,-0.39
-1.663,2.012
-1.741,0.378
-1.723,-0.21
-1.732,0.423
-1.801,0.127
-1.768,0.31
-1.776,0.642
-1.826,1.857
-1.786,-0.113
-1.87,-0.053
-1.934,3.107
-1.908,1.596
-1.995,-0.102
-2.171,-0.22
-2.163,-0.556
-2.218,-0.02
-2.289,-0.105
-2.305,0.596
-2.267,0.858
-2.294,-0.012
-2.363,-0.195
-2.382,3.1
-2.513,0.578
-2.449,2.87
-2.465,3.314
-2.534,1.877
-2.529,2.907
-2.587,2.503
-2.565,2.576
-2.645,0.63
-2.617,-0.533
-2.618,1.279
-2.72,2.776
-2.665,0.06
-2.686,-0.415
-2.739,1.108
-2.759,0.382
-2.781,0.293
-2.861,2.81
-2.809,3.244
-2.877,-0.33
-2.845,1.27
-2.986,0.702
-2.999,2.015
-3.02,0.734
-2.994,3.169
-3.13,1.401
-3.082,0.811
-3.072,-0.128
3.127,0.345
3.136,1.083
3.065,3.212
3.093,1.248
2.996,0.181
2.988,-0.176
3.058,2.567
2.968,1.736
3.039,2.43
2.843,0.079
2.859,2.086
2.811,2.505
2.728,1.687
2.65,2.413
2.591,2.448
2.474,2.195
2.399,2.147
2.382,0.341
2.392,3.123
2.34,-0.098
2.32,2.631
2.13,2.915
2.02,1.087
2.057,1.251
1.99,2.233
1.957,0.958
1.899,2.077
1.869,1.797
1.767,1.644
1.801,3.301
1.677,-0.459
1.705,1.421
1.618,0.325
1.667,2.856
1.652,2.847
1.113,3.191
1.087,0.994
1.014,-0.524
1.055,2.313
1.011,2.207
0.953,2.986
1.019,0.723
0.858,0.288
0.856,1.495
0.922,3.315
0.903,1.952
0.841,3.225
0.814,-0.202
0.813,0.763
0.74,1.233
0.751,1.553
0.788,2.877
0.687,0.421
0.686,3.046
0.515,-0.729
0.525,-0.684
0.34,-0.749
-2.185,-1.001
-2.35,-0.966
-2.368,-0.8
-2.388,-0.752
-2.483,-0.808
-2.646,-0.96
2.703,-0.971
2.249,-0.881
0.474,3.144
-0.492,3.378
-1.203,3.09
1.746,3.39
1.438,3.17
1.336,3.162
0.899,3.411
-1.006,1.807
-2.757,0.132
0.873,2.947
0.716,-0.483
-3.0,-0.732
0.516,1.754
0.474,2.219
0.508,-0.111
0.498,0.163
0.454,2.222
0.248,1.615
0.364,1.224
0.212,0.578
0.342,1.104
0.247,-0.511
-0.158,0.375
-0.285,1.712
-0.316,0.89
-0.312,0.907
-0.312,3.012
-0.328,2.835
-0.258,0.379
-0.295,-0.463
-0.445,0.415
-0.354,2.388
-0.349,1.589
-0.391,0.917
-0.599,2.877
-0.558,2.625
-0.673,0.937
-0.563,-0.444
-0.662,3.283
-0.915,0.143
-1.213,2.593
-1.108,0.864
-1.111,1.521
-1.226,3.064
-1.128,2.065
-1.265,2.673
-1.233,2.612
-1.508,1.541
-1.721,2.582
-1.714,2.759
-1.746,2.268
-2.084,1.555
-2.102,1.347
-2.121,1.747
-2.143,2.871
-2.353,0.867
-2.403,3.219
-2.366,0.01
-2.499,0.398
-2.528,-0.484
-2.405,1.371
-2.584,0.25
-2.508,3.272
-2.658,1.609
-3.043,2.773
-2.984,0.122
3.121,0.991
3.008,2.709
3.126,2.396
2.944,2.867
2.957,3.097
2.928,1.365
2.982,0.954
2.642,1.526
2.765,0.432
2.608,1.833
2.236,1.091
2.136,2.828
2.057,1.65
1.999,1.023
1.733,0.359
1.805,2.65
1.677,0.129
1.574,0.812
1.515,0.435
1.221,0.904
1.347,0.294
1.248,1.49
1.102,0.637
1.125,0.724
1.119,-0.376
0.989,2.948
1.001,0.995
0.946,1.723
0.809,0.852
0.746,1.396
0.803,0.019
0.666,1.713
0.799,0.907
0.806,2.847
0.506,-0.817
-0.394,-0.893
-0.404,-0.926
-1.381,-0.962
1.952,-0.697
1.966,-0.789
1.698,-0.94
1.302,-0.839
0.236,3.298
2.67,3.297
0.492,0.167
-1.517,1.835
-2.139,-0.378
2.59,1.878
0.846,0.755
0.574,2.18
-0.804,-0.121
-1.391,2.14
-2.399,2.857
2.582,0.667
2.586,0.669
2.536,1.587
2.363,2.271
1.446,2.266
1.313,2.923
1.259,2.273
1.238,2.484
1.196,2.406
1.235,2.902
1.114,2.239
-0.024,1.792
-2.208,0.462
-2.777,1.923
3.054,0.505
1.3,0.525
1.055,1.823
-2.975,-0.621
1.508,-0.902
2.479,3.419
-1.329,-0.985
-2.492,-0.994
-2.472,-0.857
-0.025,-0.363
-0.031,0.124
-0.047,1.288
-0.049,0.321
-0.155,-0.444
-0.182,-0.71
-0.302,-1.581
-0.426,-0.605
-0.432,-0.616
-0.465,-1.409
-0.41,1.151
-0.432,-0.243
-0.435,0.231
-0.45,-0.383
-0.447,1.521
-0.504,-0.087
-0.584,-1.954
-0.685,1.056
-0.732,-1.123
-0.703,-0.976
-0.746,-0.426
-0.775,-0.312
-0.931,-0.415
-0.902,1.204
-1.014,0.016
-1.075,0.533
-1.099,0.317
-1.12,-1.351
-1.123,-0.831
-1.254,1.206
-1.182,0.861
-1.275,-1.955
-1.383,-0.487
-1.392,-0.554
-1.429,-1.831
-1.582,1.618
-1.535,0.554
-1.556,-1.804
-1.605,0.598
-1.683,-1.036
-1.665,-1.624
-1.674,-0.991
-1.743,-1.287
-1.71,-1.104
-1.718,-0.772
-1.768,0.443
-1.728,-1.527
-1.812,-1.467
-1.876,1.693
-1.85,0.182
-1.937,-1.516
-2.113,-1.634
-2.105,-1.97
-2.16,-1.434
-2.231,-1.519
-2.247,-0.818
-2.209,-0.556
-2.236,-1.426
-2.305,-1.609
-2.324,1.686
-2.455,-0.836
-2.391,1.456
-2.407,1.9
-2.476,0.463
-2.471,1.493
-2.529,1.089
-2.507,1.162
-2.587,-0.784
-2.559,-1.947
-2.56,-0.135
-2.662,1.362
-2.607,-1.354
-2.628,-1.829
-2.681,-0.306
-2.701,-1.032
-2.723,-1.121
-2.803,1.396
-2.751,1.83
-2.819,-1.744
-2.787,-0.144
-2.928,-0.712
-2.941,0.601
-2.962,-0.68
-2.936,1.755
-3.072,-0.013
-3.024,-0.603
-3.014,-1.542
-3.098,-1.069
-3.089,-0.331
3.123,1.798
-3.132,-0.166
3.054,-1.233
3.046,-1.59
3.116,1.153
3.026,0.322
3.097,1.016
2.901,-1.335
2.917,0.672
2.869,1.091
2.786,0.273
2.708,0.999
2.649,1.034
2.532,0.781
2.457,0.733
2.44,-1.073
2.45,1.709
2.398,-1.512
2.378,1.217
2.188,1.501
2.078,-0.327
2.115,-0.163
2.048,0.819
2.015,-0.456
1.957,0.663
1.927,0.383
1.825,0.23
1.859,1.887
1.735,-1.873
1.763,0.007
1.676,-1.089
1.725,1.442
1.71,1.433
1.171,1.777
1.145,-0.42
1.072,-1.938
1.113,0.899
1.069,0.793
1.011,1.572
1.077,-0.691
0.916,-1.126
0.914,0.081
0.98,1.901
0.961,0.538
0.899,1.811
0.872,-1.616
0.871,-0.651
0.798,-0.181
0.809,0.139
0.846,1.463
0.745,-0.993
0.744,1.632
0.573,-2.143
0.583,-2.098
0.398,-2.163
-2.127,-2.415
-2.292,-2.38
-2.31,-2.214
-2.33,-2.166
-2.425,-2.222
-2.588,-2.374
2.761,-2.385
2.307,-2.295
0.532,1.73
-0.434,1.964
-1.145,1.676
1.804,1.976
1.496,1.756
1.394,1.748
0.957,1.997
-0.948,0.393
-2.699,-1.282
0.931,1.533
0.774,-1.897
-2.942,-2.146
0.574,0.34
0.532,0.805
0.566,-1.525
0.556,-1.251
0.512,0.808
0.306,0.201
0.422,-0.19
0.27,-0.836
0.4,-0.31
0.305,-1.925
-0.1,-1.039
-0.227,0.298
-0.258,-0.524
-0.254,-0.507
-0.254,1.598
-0.27,1.421
-0.2,-1.035
-0.237,-1.877
-0.387,-0.999
-0.296,0.974
-0.291,0.175
-0.333,-0.497
-0.541,1.463
-0.5,1.211
-0.615,-0.477
-0.505,-1.858
-0.604,1.869
-0.857,-1.271
-1.155,1.179
-1.05,-0.55
-1.053,0.107
-1.168,1.65
-1.07,0.651
-1.207,1.259
-1.175,1.198
-1.45,0.127
-1.663,1.168
-1.656,1.345
-1.688,0.854
-2.026,0.141
-2.044,-0.067
-2.063,0.333
-2.085,1.457
-2.295,-0.547
-2.345,1.805
-2.308,-1.404
-2.441,-1.016
-2.47,-1.898
-2.347,-0.043
-2.526,-1.164
-2.45,1.858
-2.6,0.195
-2.985,1.359
-2.926,-1.292
-3.104,-0.423
3.066,1.295
-3.099,0.982
3.002,1.453
3.015,1.683
2.986,-0.049
3.04,-0.46
2.7,0.112
2.823,-0.982
2.666,0.419
2.294,-0.323
2.194,1.414
2.115,0.236
2.057,-0.391
1.791,-1.055
1.863,1.236
1.735,-1.285
1.632,-0.602
1.573,-0.979
1.279,-0.51
1.405,-1.12
1.306,0.076
1.16,-0.777
1.183,-0.69
1.177,-1.79
1.047,1.534
1.059,-0.419
1.004,0.309
0.867,-0.562
0.804,-0.018
0.861,-1.395
0.724,0.299
0.857,-0.507
0.864,1.433
0.564,-2.231
-0.336,-2.307
-0.346,-2.34
-1.323,-2.376
2.01,-2.111
2.024,-2.203
1.756,-2.354
1.36,-2.253
0.294,1.884
2.728,1.883
0.55,-1.247
-1.459,0.421
-2.081,-1.792
2.648,0.464
0.904,-0.659
0.632,0.766
-0.746,-1.535
-1.333,0.726
-2.341,1.443
2.64,-0.747
2.644,-0.745
2.594,0.173
2.421,0.857
1.504,0.852
1.371,1.509
1.317,0.859
1.296,1.07
1.254,0.992
1.293,1.488
1.172,0.825
0.034,0.378
-2.15,-0.952
-2.719,0.509
3.112,-0.909
1.358,-0.889
1.113,0.409
-2.917,-2.035
1.566,-2.316
2.537,2.005
-1.271,-2.399
-2.434,-2.408
-2.414,-2.271
-0.006,0.487
-0.022,1.651
-0.024,0.684
-0.13,-0.081
-0.157,-0.347
-0.277,-1.218
-0.401,-0.242
-0.407,-0.253
-0.44,-1.046
-0.385,1.514
-0.407,0.12
-0.41,0.594
-0.425,-0.02
-0.422,1.884
-0.479,0.276
-0.559,-1.591
-0.66,1.419
-0.707,-0.76
-0.678,-0.613
-0.721,-0.063
-0.75,0.051
-0.906,-0.052
-0.877,1.567
-0.989,0.379
-1.05,0.896
-1.074,0.68
-1.095,-0.988
-1.098,-0.468
-1.229,1.569
-1.157,1.224
-1.25,-1.592
-1.358,-0.124
-1.367,-0.191
-1.404,-1.468
-1.557,1.981
-1.51,0.917
-1.531,-1.441
-1.58,0.961
-1.658,-0.673
-1.64,-1.261
-1.649,-0.628
-1.718,-0.924
-1.685,-0.741
-1.693,-0.409
-1.743,0.806
-1.703,-1.164
-1.787,-1.104
-1.851,2.056
-1.825,0.545
-1.912,-1.153
-2.088,-1.271
-2.08,-1.607
-2.135,-1.071
-2.206,-1.156
-2.222,-0.455
-2.184,-0.193
-2.211,-1.063
-2.28,-1.246
-2.299,2.049
-2.43,-0.473
-2.366,1.819
-2.382,2.263
-2.451,0.826
-2.446,1.856
-2.504,1.452
-2.482,1.525
-2.562,-0.421
-2.534,-1.584
-2.535,0.228
-2.637,1.725
-2.582,-0.991
-2.603,-1.466
-2.656,0.057
-2.676,-0.669
-2.698,-0.758
-2.778,1.759
-2.726,2.193
-2.794,-1.381
-2.762,0.219
-2.903,-0.349
-2.916,0.964
-2.937,-0.317
-2.911,2.118
-3.047,0.35
-2.999,-0.24
-2.989,-1.179
-3.073,-0.706
-3.064,0.032
-3.135,2.161
-3.107,0.197
3.079,-0.87
3.071,-1.227
3.141,1.516
3.051,0.685
3.122,1.379
2.926,-0.972
2.942,1.035
2.894,1.454
2.811,0.636
2.733,1.362
2.674,1.397
2.557,1.144
2.482,1.096
2.465,-0.71
2.475,2.072
2.423,-1.149
2.403,1.58
2.213,1.864
2.103,0.036
2.14,0.2
2.073,1.182
2.04,-0.093
1.982,1.026
1.952,0.746
1.85,0.593
1.884,2.25
1.76,-1.51
1.788,0.37
1.701,-0.726
1.75,1.805
1.735,1.796
1.196,2.14
1.17,-0.057
1.097,-1.575
1.138,1.262
1.094,1.156
1.036,1.935
1.102,-0.328
0.941,-0.763
0.939,0.444
1.005,2.264
0.986,0.901
0.924,2.174
0.897,-1.253
0.896,-0.288
0.823,0.182
0.834,0.502
0.871,1.826
0.77,-0.63
0.769,1.995
0.598,-1.78
0.608,-1.735
0.423,-1.8
-2.102,-2.052
-2.267,-2.017
-2.285,-1.851
-2.305,-1.803
-2.4,-1.859
-2.563,-2.011
2.786,-2.022
2.332,-1.932
0.557,2.093
-0.409,2.327
-1.12,2.039
1.829,2.339
1.521,2.119
1.419,2.111
0.982,2.36
-0.923,0.756
-2.674,-0.919
0.956,1.896
0.799,-1.534
-2.917,-1.783
0.599,0.703
0.557,1.168
0.591,-1.162
0.581,-0.888
0.537,1.171
0.331,0.564
0.447,0.173
0.295,-0.473
0.425,0.053
0.33,-1.562
-0.075,-0.676
-0.202,0.661
-0.233,-0.161
-0.229,-0.144
-0.229,1.961
-0.245,1.784
-0.175,-0.672
-0.212,-1.514
-0.362,-0.636
-0.271,1.337
-0.266,0.538
-0.308,-0.134
-0.516,1.826
-0.475,1.574
-0.59,-0.114
-0.48,-1.495
-0.579,2.232
-0.832,-0.908
-1.13,1.542
-1.025,-0.187
-1.028,0.47
-1.143,2.013
-1.045,1.014
-1.182,1.622
-1.15,1.561
-1.425,0.49
-1.638,1.531
-1.631,1.708
-1.663,1.217
-2.001,0.504
-2.019,0.296
-2.038,0.696
-2.06,1.82
-2.27,-0.184
-2.32,2.168
-2.283,-1.041
-2.416,-0.653
-2.445,-1.535
-2.322,0.32
-2.501,-0.801
-2.425,2.221
-2.575,0.558
-2.96,1.722
-2.901,-0.929
-3.079,-0.06
3.091,1.658
-3.074,1.345
3.027,1.816
3.04,2.046
3.011,0.314
3.065,-0.097
2.725,0.475
2.848,-0.619
2.691,0.782
2.319,0.04
2.219,1.777
2.14,0.599
2.082,-0.028
1.816,-0.692
1.888,1.599
1.76,-0.922
1.657,-0.239
1.598,-0.616
1.304,-0.147
1.43,-0.757
1.331,0.439
1.185,-0.414
1.208,-0.327
1.202,-1.427
1.072,1.897
1.084,-0.056
1.029,0.672
0.892,-0.199
0.829,0.345
0.886,-1.032
0.749,0.662
0.882,-0.144
0.889,1.796
0.589,-1.868
-0.311,-1.944
-0.321,-1.977
-1.298,-2.013
2.035,-1.748
2.049,-1.84
1.781,-1.991
1.385,-1.89
0.319,2.247
2.753,2.246
0.575,-0.884
-1.434,0.784
-2.056,-1.429
2.673,0.827
0.929,-0.296
0.657,1.129
-0.721,-1.172
-1.308,1.089
-2.316,1.806
2.665,-0.384
2.669,-0.382
2.619,0.536
2.446,1.22
1.529,1.215
1.396,1.872
1.342,1.222
1.321,1.433
1.279,1.355
1.318,1.851
1.197,1.188
0.059,0.741
-2.125,-0.589
-2.694,0.872
3.137,-0.546
1.383,-0.526
1.138,0.772
-2.892,-1.672
1.591,-1.953
2.562,2.368
-1.246,-2.036
-2.409,-2.045
-2.389,-1.908
-0.016,1.164
-0.018,0.197
-0.124,-0.568
-0.151,-0.834
-0.271,-1.705
-0.395,-0.729
-0.401,-0.74
-0.434,-1.533
-0.379,1.027
-0.401,-0.367
-0.404,0.107
-0.419,-0.507
-0.416,1.397
-0.473,-0.211
-0.553,-2.078
-0.654,0.932
-0.701,-1.247
-0.672,-1.1
-0.715,-0.55
-0.744,-0.436
-0.9,-0.539
-0.871,1.08
-0.983,-0.108
-1.044,0.409
-1.068,0.193
-1.089,-1.475
-1.092,-0.955
-1.223,1.082
-1.151,0.737
-1.244,-2.079
-1.352,-0.611
-1.361,-0.678
-1.398,-1.955
-1.551,1.494
-1.504,0.43
-1.525,-1.928
-1.574,0.474
-1.652,-1.16
-1.634,-1.748
-1.643,-1.115
-1.712,-1.411
-1.679,-1.228
-1.687,-0.896
-1.737,0.319
-1.697,-1.651
-1.781,-1.591
-1.845,1.569
-1.819,0.058
-1.906,-1.64
-2.082,-1.758
-2.074,-2.094
-2.129,-1.558
-2.2,-1.643
-2.216,-0.942
-2.178,-0.68
-2.205,-1.55
-2.274,-1.733
-2.293,1.562
-2.424,-0.96
-2.36,1.332
-2.376,1.776
-2.445,0.339
-2.44,1.369
-2.498,0.965
-2.476,1.038
-2.556,-0.908
-2.528,-2.071
-2.529,-0.259
-2.631,1.238
-2.576,-1.478
-2.597,-1.953
-2.65,-0.43
-2.67,-1.156
-2.692,-1.245
-2.772,1.272
-2.72,1.706
-2.788,-1.868
-2.756,-0.268
-2.897,-0.836
-2.91,0.477
-2.931,-0.804
-2.905,1.631
-3.041,-0.137
-2.993,-0.727
-2.983,-1.666
-3.067,-1.193
-3.058,-0.455
-3.129,1.674
-3.101,-0.29
3.085,-1.357
3.077,-1.714
-3.136,1.029
3.057,0.198
3.128,0.892
2.932,-1.459
2.948,0.548
2.9,0.967
2.817,0.149
2.739,0.875
2.68,0.91
2.563,0.657
2.488,0.609
2.471,-1.197
2.481,1.585
2.429,-1.636
2.409,1.093
2.219,1.377
2.109,-0.451
2.146,-0.287
2.079,0.695
2.046,-0.58
1.988,0.539
1.958,0.259
1.856,0.106
1.89,1.763
1.766,-1.997
1.794,-0.117
1.707,-1.213
1.756,1.318
1.741,1.309
1.202,1.653
1.176,-0.544
1.103,-2.062
1.144,0.775
1.1,0.669
1.042,1.448
1.108,-0.815
0.947,-1.25
0.945,-0.043
1.011,1.777
0.992,0.414
0.93,1.687
0.903,-1.74
0.902,-0.775
0.829,-0.305
0.84,0.015
0.877,1.339
0.776,-1.117
0.775,1.508
0.604,-2.267
0.614,-2.222
0.429,-2.287
-2.096,-2.539
-2.261,-2.504
-2.279,-2.338
-2.299,-2.29
-2.394,-2.346
-2.557,-2.498
2.792,-2.509
2.338,-2.419
0.563,1.606
-0.403,1.84
-1.114,1.552
1.835,1.852
1.527,1.632
1.425,1.624
0.988,1.873
-0.917,0.269
-2.668,-1.406
0.962,1.409
0.805,-2.021
-2.911,-2.27
0.605,0.216
0.563,0.681
0.597,-1.649
0.587,-1.375
0.543,0.684
0.337,0.077
0.453,-0.314
0.301,-0.96
0.431,-0.434
0.336,-2.049
-0.069,-1.163
-0.196,0.174
-0.227,-0.648
-0.223,-0.631
-0.223,1.474
-0.239,1.297
-0.169,-1.159
-0.206,-2.001
-0.356,-1.123
-0.265,0.85
-0.26,0.051
-0.302,-0.621
-0.51,1.339
-0.469,1.087
-0.584,-0.601
-0.474,-1.982
-0.573,1.745
-0.826,-1.395
-1.124,1.055
-1.019,-0.674
-1.022,-0.017
-1.137,1.526
-1.039,0.527
-1.176,1.135
-1.144,1.074
-1.419,0.003
-1.632,1.044
-1.625,1.221
-1.657,0.73
-1.995,0.017
-2.013,-0.191
-2.032,0.209
-2.054,1.333
-2.264,-0.671
-2.314,1.681
-2.277,-1.528
-2.41,-1.14
-2.439,-2.022
-2.316,-0.167
-2.495,-1.288
-2.419,1.734
-2.569,0.071
-2.954,1.235
-2.895,-1.416
-3.073,-0.547
3.097,1.171
-3.068,0.858
3.033,1.329
3.046,1.559
3.017,-0.173
3.071,-0.584
2.731,-0.012
2.854,-1.106
2.697,0.295
2.325,-0.447
2.225,1.29
2.146,0.112
2.088,-0.515
1.822,-1.179
1.894,1.112
1.766,-1.409
1.663,-0.726
1.604,-1.103
1.31,-0.634
1.436,-1.244
1.337,-0.048
1.191,-0.901
1.214,-0.814
1.208,-1.914
1.078,1.41
1.09,-0.543
1.035,0.185
0.898,-0.686
0.835,-0.142
0.892,-1.519
0.755,0.175
0.888,-0.631
0.895,1.309
0.595,-2.355
-0.305,-2.431
-0.315,-2.464
-1.292,-2.5
2.041,-2.235
2.055,-2.327
1.787,-2.478
1.391,-2.377
0.325,1.76
2.759,1.759
0.581,-1.371
-1.428,0.297
-2.05,-1.916
2.679,0.34
0.935,-0.783
0.663,0.642
-0.715,-1.659
-1.302,0.602
-2.31,1.319
2.671,-0.871
2.675,-0.869
2.625,0.049
2.452,0.733
1.535,0.728
1.402,1.385
1.348,0.735
1.327,0.946
1.285,0.868
1.324,1.364
1.203,0.701
0.065,0.254
-2.119,-1.076
-2.688,0.385
-3.14,-1.033
1.389,-1.013
1.144,0.285
-2.886,-2.159
1.597,-2.44
2.568,1.881
-1.24,-2.523
-2.403,-2.532
-2.383,-2.395
-0.002,-0.967
-0.108,-1.732
-0.135,-1.998
-0.255,-2.869
-0.379,-1.893
-0.385,-1.904
-0.418,-2.697
-0.363,-0.137
-0.385,-1.531
-0.388,-1.057
-0.403,-1.671
-0.4,0.233
-0.457,-1.375
-0.537,-3.242
-0.638,-0.232
-0.685,-2.411
-0.656,-2.264
-0.699,-1.714
-0.728,-1.6
-0.884,-1.703
-0.855,-0.084
-0.967,-1.272
-1.028,-0.755
-1.052,-0.971
-1.073,-2.639
-1.076,-2.119
-1.207,-0.082
-1.135,-0.427
-1.228,-3.243
-1.336,-1.775
-1.345,-1.842
-1.382,-3.119
-1.535,0.33
-1.488,-0.734
-1.509,-3.092
-1.558,-0.69
-1.636,-2.324
-1.618,-2.912
-1.627,-2.279
-1.696,-2.575
-1.663,-2.392
-1.671,-2.06
-1.721,-0.845
-1.681,-2.815
-1.765,-2.755
-1.829,0.405
-1.803,-1.106
-1.89,-2.804
-2.066,-2.922
-2.058,-3.258
-2.113,-2.722
-2.184,-2.807
-2.2,-2.106
-2.162,-1.844
-2.189,-2.714
-2.258,-2.897
-2.277,0.398
-2.408,-2.124
-2.344,0.168
-2.36,0.612
-2.429,-0.825
-2.424,0.205
-2.482,-0.199
-2.46,-0.126
-2.54,-2.072
-2.512,-3.235
-2.513,-1.423
-2.615,0.074
-2.56,-2.642
-2.581,-3.117
-2.634,-1.594
-2.654,-2.32
-2.676,-2.409
-2.756,0.108
-2.704,0.542
-2.772,-3.032
-2.74,-1.432
-2.881,-2.0
-2.894,-0.687
-2.915,-1.968
-2.889,0.467
-3.025,-1.301
-2.977,-1.891
-2.967,-2.83
-3.051,-2.357
-3.042,-1.619
-3.113,0.51
-3.085,-1.454
3.101,-2.521
3.093,-2.878
-3.12,-0.135
3.073,-0.966
-3.139,-0.272
2.948,-2.623
2.964,-0.616
2.916,-0.197
2.833,-1.015
2.755,-0.289
2.696,-0.254
2.579,-0.507
2.504,-0.555
2.487,-2.361
2.497,0.421
2.445,-2.8
2.425,-0.071
2.235,0.213
2.125,-1.615
2.162,-1.451
2.095,-0.469
2.062,-1.744
2.004,-0.625
1.974,-0.905
1.872,-1.058
1.906,0.599
1.782,-3.161
1.81,-1.281
1.723,-2.377
1.772,0.154
1.757,0.145
1.218,0.489
1.192,-1.708
1.119,-3.226
1.16,-0.389
1.116,-0.495
1.058,0.284
1.124,-1.979
0.963,-2.414
0.961,-1.207
1.027,0.613
1.008,-0.75
0.946,0.523
0.919,-2.904
0.918,-1.939
0.845,-1.469
0.856,-1.149
0.893,0.175
0.792,-2.281
0.791,0.344
0.62,-3.431
0.63,-3.386
0.445,-3.451
-2.08,-3.703
-2.245,-3.668
-2.263,-3.502
-2.283,-3.454
-2.378,-3.51
-2.541,-3.662
2.808,-3.673
2.354,-3.583
0.579,0.442
-0.387,0.676
-1.098,0.388
1.851,0.688
1.543,0.468
1.441,0.46
1.004,0.709
-0.901,-0.895
-2.652,-2.57
0.978,0.245
0.821,-3.185
-2.895,-3.434
0.621,-0.948
0.579,-0.483
0.613,-2.813
0.603,-2.539
0.559,-0.48
0.353,-1.087
0.469,-1.478
0.317,-2.124
0.447,-1.598
0.352,-3.213
-0.053,-2.327
-0.18,-0.99
-0.211,-1.812
-0.207,-1.795
-0.207,0.31
-0.223,0.133
-0.153,-2.323
-0.19,-3.165
-0.34,-2.287
-0.249,-0.314
-0.244,-1.113
-0.286,-1.785
-0.494,0.175
-0.453,-0.077
-0.568,-1.765
-0.458,-3.146
-0.557,0.581
-0.81,-2.559
-1.108,-0.109
-1.003,-1.838
-1.006,-1.181
-1.121,0.362
-1.023,-0.637
-1.16,-0.029
-1.128,-0.09
-1.403,-1.161
-1.616,-0.12
-1.609,0.057
-1.641,-0.434
-1.979,-1.147
-1.997,-1.355
-2.016,-0.955
-2.038,0.169
-2.248,-1.835
-2.298,0.517
-2.261,-2.692
-2.394,-2.304
-2.423,-3.186
-2.3,-1.331
-2.479,-2.452
-2.403,0.57
-2.553,-1.093
-2.938,0.071
-2.879,-2.58
-3.057,-1.711
3.113,0.007
-3.052,-0.306
3.049,0.165
3.062,0.395
3.033,-1.337
3.087,-1.748
2.747,-1.176
2.87,-2.27
2.713,-0.869
2.341,-1.611
2.241,0.126
2.162,-1.052
2.104,-1.679
1.838,-2.343
1.91,-0.052
1.782,-2.573
1.679,-1.89
1.62,-2.267
1.326,-1.798
1.452,-2.408
1.353,-1.212
1.207,-2.065
1.23,-1.978
1.224,-3.078
1.094,0.246
1.106,-1.707
1.051,-0.979
0.914,-1.85
0.851,-1.306
0.908,-2.683
0.771,-0.989
0.904,-1.795
0.911,0.145
0.611,-3.519
-0.289,-3.595
-0.299,-3.628
-1.276,-3.664
2.057,-3.399
2.071,-3.491
1.803,-3.642
1.407,-3.541
0.341,0.596
2.775,0.595
0.597,-2.535
-1.412,-0.867
-2.034,-3.08
2.695,-0.824
0.951,-1.947
0.679,-0.522
-0.699,-2.823
-1.286,-0.562
-2.294,0.155
2.687,-2.035
2.691,-2.033
2.641,-1.115
2.468,-0.431
1.551,-0.436
1.418,0.221
1.364,-0.429
1.343,-0.218
1.301,-0.296
1.34,0.2
1.219,-0.463
0.081,-0.91
-2.103,-2.24
-2.672,-0.779
-3.124,-2.197
1.405,-2.177
1.16,-0.879
-2.87,-3.323
1.613,-3.604
2.584,0.717
-1.224,-3.687
-2.387,-3.696
-2.367,-3.559
-0.106,-0.765
-0.133,-1.031
-0.253,-1.902
-0.377,-0.926
-0.383,-0.937
-0.416,-1.73
-0.361,0.83
-0.383,-0.564
-0.386,-0.09
-0.401,-0.704
-0.398,1.2
-0.455,-0.408
-0.535,-2.275
-0.636,0.735
-0.683,-1.444
-0.654,-1.297
-0.697,-0.747
-0.726,-0.633
-0.882,-0.736
-0.853,0.883
-0.965,-0.305
-1.026,0.212
-1.05,-0.004
-1.071,-1.672
-1.074,-1.152
-1.205,0.885
-1.133,0.54
-1.226,-2.276
-1.334,-0.808
-1.343,-0.875
-1.38,-2.152
-1.533,1.297
-1.486,0.233
-1.507,-2.125
-1.556,0.277
-1.634,-1.357
-1.616,-1.945
-1.625,-1.312
-1.694,-1.608
-1.661,-1.425
-1.669,-1.093
-1.719,0.122
-1.679,-1.848
-1.763,-1.788
-1.827,1.372
-1.801,-0.139
-1.888,-1.837
-2.064,-1.955
-2.056,-2.291
-2.111,-1.755
-2.182,-1.84
-2.198,-1.139
-2.16,-0.877
-2.187,-1.747
-2.256,-1.93
-2.275,1.365
-2.406,-1.157
-2.342,1.135
-2.358,1.579
-2.427,0.142
-2.422,1.172
-2.48,0.768
-2.458,0.841
-2.538,-1.105
-2.51,-2.268
-2.511,-0.456
-2.613,1.041
-2.558,-1.675
-2.579,-2.15
-2.632,-0.627
-2.652,-1.353
-2.674,-1.442
-2.754,1.075
-2.702,1.509
-2.77,-2.065
-2.738,-0.465
-2.879,-1.033
-2.892,0.28
-2.913,-1.001
-2.887,1.434
-3.023,-0.334
-2.975,-0.924
-2.965,-1.863
-3.049,-1.39
-3.04,-0.652
-3.111,1.477
-3.083,-0.487
3.103,-1.554
3.095,-1.911
-3.118,0.832
3.075,0.001
-3.137,0.695
2.95,-1.656
2.966,0.351
2.918,0.77
2.835,-0.048
2.757,0.678
2.698,0.713
2.581,0.46
2.506,0.412
2.489,-1.394
2.499,1.388
2.447,-1.833
2.427,0.896
2.237,1.18
2.127,-0.648
2.164,-0.484
2.097,0.498
2.064,-0.777
2.006,0.342
1.976,0.062
1.874,-0.091
1.908,1.566
1.784,-2.194
1.812,-0.314
1.725,-1.41
1.774,1.121
1.759,1.112
1.22,1.456
1.194,-0.741
1.121,-2.259
1.162,0.578
1.118,0.472
1.06,1.251
1.126,-1.012
0.965,-1.447
0.963,-0.24
1.029,1.58
1.01,0.217
0.948,1.49
0.921,-1.937
0.92,-0.972
0.847,-0.502
0.858,-0.182
0.895,1.142
0.794,-1.314
0.793,1.311
0.622,-2.464
0.632,-2.419
0.447,-2.484
-2.078,-2.736
-2.243,-2.701
-2.261,-2.535
-2.281,-2.487
-2.376,-2.543
-2.539,-2.695
2.81,-2.706
2.356,-2.616
0.581,1.409
-0.385,1.643
-1.096,1.355
1.853,1.655
1.545,1.435
1.443,1.427
1.006,1.676
-0.899,0.072
-2.65,-1.603
0.98,1.212
0.823,-2.218
-2.893,-2.467
0.623,0.019
0.581,0.484
0.615,-1.846
0.605,-1.572
0.561,0.487
0.355,-0.12
0.471,-0.511
0.319,-1.157
0.449,-0.631
0.354,-2.246
-0.051,-1.36
-0.178,-0.023
-0.209,-0.845
-0.205,-0.828
-0.205,1.277
-0.221,1.1
-0.151,-1.356
-0.188,-2.198
-0.338,-1.32
-0.247,0.653
-0.242,-0.146
-0.284,-0.818
-0.492,1.142
-0.451,0.89
-0.566,-0.798
-0.456,-2.179
-0.555,1.548
-0.808,-1.592
-1.106,0.858
-1.001,-0.871
-1.004,-0.214
-1.119,1.329
-1.021,0.33
-1.158,0.938
-1.126,0.877
-1.401,-0.194
-1.614,0.847
-1.607,1.024
-1.639,0.533
-1.977,-0.18
-1.995,-0.388
-2.014,0.012
-2.036,1.136
-2.246,-0.868
-2.296,1.484
-2.259,-1.725
-2.392,-1.337
-2.421,-2.219
-2.298,-0.364
-2.477,-1.485
-2.401,1.537
-2.551,-0.126
-2.936,1.038
-2.877,-1.613
-3.055,-0.744
3.115,0.974
-3.05,0.661
3.051,1.132
3.064,1.362
3.035,-0.37
3.089,-0.781
2.749,-0.209
2.872,-1.303
2.715,0.098
2.343,-0.644
2.243,1.093
2.164,-0.085
2.106,-0.712
1.84,-1.376
1.912,0.915
1.784,-1.606
1.681,-0.923
1.622,-1.3
1.328,-0.831
1.454,-1.441
1.355,-0.245
1.209,-1.098
1.232,-1.011
1.226,-2.111
1.096,1.213
1.108,-0.74
1.053,-0.012
0.916,-0.883
0.853,-0.339
0.91,-1.716
0.773,-0.022
0.906,-0.828
0.913,1.112
0.613,-2.552
-0.287,-2.628
-0.297,-2.661
-1.274,-2.697
2.059,-2.432
2.073,-2.524
1.805,-2.675
1.409,-2.574
0.343,1.563
2.777,1.562
0.599,-1.568
-1.41,0.1
-2.032,-2.113
2.697,0.143
0.953,-0.98
0.681,0.445
-0.697,-1.856
-1.284,0.405
-2.292,1.122
2.689,-1.068
2.693,-1.066
2.643,-0.148
2.47,0.536
1.553,0.531
1.42,1.188
1.366,0.538
1.345,0.749
1.303,0.671
1.342,1.167
1.221,0.504
0.083,0.057
-2.101,-1.273
-2.67,0.188
-3.122,-1.23
1.407,-1.21
1.162,0.088
-2.868,-2.356
1.615,-2.637
2.586,1.684
-1.222,-2.72
-2.385,-2.729
-2.365,-2.592
-0.027,-0.266
-0.147,-1.137
-0.271,-0.161
-0.277,-0.172
-0.31,-0.965
-0.255,1.595
-0.277,0.201
-0.28,0.675
-0.295,0.061
-0.292,1.965
-0.349,0.357
-0.429,-1.51
-0.53,1.5
-0.577,-0.679
-0.548,-0.532
-0.591,0.018
-0.62,0.132
-0.776,0.029
-0.747,1.648
-0.859,0.46
-0.92,0.977
-0.944,0.761
-0.965,-0.907
-0.968,-0.387
-1.099,1.65
-1.027,1.305
-1.12,-1.511
-1.228,-0.043
-1.237,-0.11
-1.274,-1.387
-1.427,2.062
-1.38,0.998
-1.401,-1.36
-1.45,1.042
-1.528,-0.592
-1.51,-1.18
-1.519,-0.547
-1.588,-0.843
-1.555,-0.66
-1.563,-0.328
-1.613,0.887
-1.573,-1.083
-1.657,-1.023
-1.721,2.137
-1.695,0.626
-1.782,-1.072
-1.958,-1.19
-1.95,-1.526
-2.005,-0.99
-2.076,-1.075
-2.092,-0.374
-2.054,-0.112
-2.081,-0.982
-2.15,-1.165
-2.169,2.13
-2.3,-0.392
-2.236,1.9
-2.252,2.344
-2.321,0.907
-2.316,1.937
-2.374,1.533
-2.352,1.606
-2.432,-0.34
-2.404,-1.503
-2.405,0.309
-2.507,1.806
-2.452,-0.91
-2.473,-1.385
-2.526,0.138
-2.546,-0.588
-2.568,-0.677
-2.648,1.84
-2.596,2.274
-2.664,-1.3
-2.632,0.3
-2.773,-0.268
-2.786,1.045
-2.807,-0.236
-2.781,2.199
-2.917,0.431
-2.869,-0.159
-2.859,-1.098
-2.943,-0.625
-2.934,0.113
-3.005,2.242
-2.977,0.278
-3.074,-0.789
-3.082,-1.146
-3.012,1.597
-3.102,0.766
-3.031,1.46
3.056,-0.891
3.072,1.116
3.024,1.535
2.941,0.717
2.863,1.443
2.804,1.478
2.687,1.225
2.612,1.177
2.595,-0.629
2.605,2.153
2.553,-1.068
2.533,1.661
2.343,1.945
2.233,0.117
2.27,0.281
2.203,1.263
2.17,-0.012
2.112,1.107
2.082,0.827
1.98,0.674
2.014,2.331
1.89,-1.429
1.918,0.451
1.831,-0.645
1.88,1.886
1.865,1.877
1.326,2.221
1.3,0.024
1.227,-1.494
1.268,1.343
1.224,1.237
1.166,2.016
1.232,-0.247
1.071,-0.682
1.069,0.525
1.135,2.345
1.116,0.982
1.054,2.255
1.027,-1.172
1.026,-0.207
0.953,0.263
0.964,0.583
1.001,1.907
0.9,-0.549
0.899,2.076
0.728,-1.699
0.738,-1.654
0.553,-1.719
-1.972,-1.971
-2.137,-1.936
-2.155,-1.77
-2.175,-1.722
-2.27,-1.778
-2.433,-1.93
2.916,-1.941
2.462,-1.851
0.687,2.174
-0.279,2.408
-0.99,2.12
1.959,2.42
1.651,2.2
1.549,2.192
1.112,2.441
-0.793,0.837
-2.544,-0.838
1.086,1.977
0.929,-1.453
-2.787,-1.702
0.729,0.784
0.687,1.249
0.721,-1.081
0.711,-0.807
0.667,1.252
0.461,0.645
0.577,0.254
0.425,-0.392
0.555,0.134
0.46,-1.481
0.055,-0.595
-0.072,0.742
-0.103,-0.08
-0.099,-0.063
-0.099,2.042
-0.115,1.865
-0.045,-0.591
-0.082,-1.433
-0.232,-0.555
-0.141,1.418
-0.136,0.619
-0.178,-0.053
-0.386,1.907
-0.345,1.655
-0.46,-0.033
-0.35,-1.414
-0.449,2.313
-0.702,-0.827
-1.0,1.623
-0.895,-0.106
-0.898,0.551
-1.013,2.094
-0.915,1.095
-1.052,1.703
-1.02,1.642
-1.295,0.571
-1.508,1.612
-1.501,1.789
-1.533,1.298
-1.871,0.585
-1.889,0.377
-1.908,0.777
-1.93,1.901
-2.14,-0.103
-2.19,2.249
-2.153,-0.96
-2.286,-0.572
-2.315,-1.454
-2.192,0.401
-2.371,-0.72
-2.295,2.302
-2.445,0.639
-2.83,1.803
-2.771,-0.848
-2.949,0.021
-3.062,1.739
-2.944,1.426
-3.126,1.897
-3.113,2.127
3.141,0.395
-3.088,-0.016
2.855,0.556
2.978,-0.538
2.821,0.863
2.449,0.121
2.349,1.858
2.27,0.68
2.212,0.053
1.946,-0.611
2.018,1.68
1.89,-0.841
1.787,-0.158
1.728,-0.535
1.434,-0.066
1.56,-0.676
1.461,0.52
1.315,-0.333
1.338,-0.246
1.332,-1.346
1.202,1.978
1.214,0.025
1.159,0.753
1.022,-0.118
0.959,0.426
1.016,-0.951
0.879,0.743
1.012,-0.063
1.019,1.877
0.719,-1.787
-0.181,-1.863
-0.191,-1.896
-1.168,-1.932
2.165,-1.667
2.179,-1.759
1.911,-1.91
1.515,-1.809
0.449,2.328
2.883,2.327
0.705,-0.803
-1.304,0.865
-1.926,-1.348
2.803,0.908
1.059,-0.215
0.787,1.21
-0.591,-1.091
-1.178,1.17
-2.186,1.887
2.795,-0.303
2.799,-0.301
2.749,0.617
2.576,1.301
1.659,1.296
1.526,1.953
1.472,1.303
1.451,1.514
1.409,1.436
1.448,1.932
1.327,1.269
0.189,0.822
-1.995,-0.508
-2.564,0.953
-3.016,-0.465
1.513,-0.445
1.268,0.853
-2.762,-1.591
1.721,-1.872
2.692,2.449
-1.116,-1.955
-2.279,-1.964
-2.259,-1.827
-0.12,-0.871
-0.244,0.105
-0.25,0.094
-0.283,-0.699
-0.228,1.861
-0.25,0.467
-0.253,0.941
-0.268,0.327
-0.265,2.231
-0.322,0.623
-0.402,-1.244
-0.503,1.766
-0.55,-0.413
-0.521,-0.266
-0.564,0.284
-0.593,0.398
-0.749,0.295
-0.72,1.914
-0.832,0.726
-0.893,1.243
-0.917,1.027
-0.938,-0.641
-0.941,-0.121
-1.072,1.916
-1.0,1.571
-1.093,-1.245
-1.201,0.223
-1.21,0.156
-1.247,-1.121
-1.4,2.328
-1.353,1.264
-1.374,-1.094
-1.423,1.308
-1.501,-0.326
-1.483,-0.914
-1.492,-0.281
-1.561,-0.577
-1.528,-0.394
-1.536,-0.062
-1.586,1.153
-1.546,-0.817
-1.63,-0.757
-1.694,2.403
-1.668,0.892
-1.755,-0.806
-1.931,-0.924
-1.923,-1.26
-1.978,-0.724
-2.049,-0.809
-2.065,-0.108
-2.027,0.154
-2.054,-0.716
-2.123,-0.899
-2.142,2.396
-2.273,-0.126
-2.209,2.166
-2.225,2.61
-2.294,1.173
-2.289,2.203
-2.347,1.799
-2.325,1.872
-2.405,-0.074
-2.377,-1.237
-2.378,0.575
-2.48,2.072
-2.425,-0.644
-2.446,-1.119
-2.499,0.404
-2.519,-0.322
-2.541,-0.411
-2.621,2.106
-2.569,2.54
-2.637,-1.034
-2.605,0.566
-2.746,-0.002
-2.759,1.311
-2.78,0.03
-2.754,2.465
-2.89,0.697
-2.842,0.107
-2.832,-0.832
-2.916,-0.359
-2.907,0.379
-2.978,2.508
-2.95,0.544
-3.047,-0.523
-3.055,-0.88
-2.985,1.863
-3.075,1.032
-3.004,1.726
3.083,-0.625
3.099,1.382
3.051,1.801
2.968,0.983
2.89,1.709
2.831,1.744
2.714,1.491
2.639,1.443
2.622,-0.363
2.632,2.419
2.58,-0.802
2.56,1.927
2.37,2.211
2.26,0.383
2.297,0.547
2.23,1.529
2.197,0.254
2.139,1.373
2.109,1.093
2.007,0.94
2.041,2.597
1.917,-1.163
1.945,0.717
1.858,-0.379
1.907,2.152
1.892,2.143
1.353,2.487
1.327,0.29
1.254,-1.228
1.295,1.609
1.251,1.503
1.193,2.282
1.259,0.019
1.098,-0.416
1.096,0.791
1.162,2.611
1.143,1.248
1.081,2.521
1.054,-0.906
1.053,0.059
0.98,0.529
0.991,0.849
1.028,2.173
0.927,-0.283
0.926,2.342
0.755,-1.433
0.765,-1.388
0.58,-1.453
-1.945,-1.705
-2.11,-1.67
-2.128,-1.504
-2.148,-1.456
-2.243,-1.512
-2.406,-1.664
2.943,-1.675
2.489,-1.585
0.714,2.44
-0.252,2.674
-0.963,2.386
1.986,2.686
1.678,2.466
1.576,2.458
1.139,2.707
-0.766,1.103
-2.517,-0.572
1.113,2.243
0.956,-1.187
-2.76,-1.436
0.756,1.05
0.714,1.515
0.748,-0.815
0.738,-0.541
0.694,1.518
0.488,0.911
0.604,0.52
0.452,-0.126
0.582,0.4
0.487,-1.215
0.082,-0.329
-0.045,1.008
-0.076,0.186
-0.072,0.203
-0.072,2.308
-0.088,2.131
-0.018,-0.325
-0.055,-1.167
-0.205,-0.289
-0.114,1.684
-0.109,0.885
-0.151,0.213
-0.359,2.173
-0.318,1.921
-0.433,0.233
-0.323,-1.148
-0.422,2.579
-0.675,-0.561
-0.973,1.889
-0.868,0.16
-0.871,0.817
-0.986,2.36
-0.888,1.361
-1.025,1.969
-0.993,1.908
-1.268,0.837
-1.481,1.878
-1.474,2.055
-1.506,1.564
-1.844,0.851
-1.862,0.643
-1.881,1.043
-1.903,2.167
-2.113,0.163
-2.163,2.515
-2.126,-0.694
-2.259,-0.306
-2.288,-1.188
-2.165,0.667
-2.344,-0.454
-2.268,2.568
-2.418,0.905
-2.803,2.069
-2.744,-0.582
-2.922,0.287
-3.035,2.005
-2.917,1.692
-3.099,2.163
-3.086,2.393
-3.115,0.661
-3.061,0.25
2.882,0.822
3.005,-0.272
2.848,1.129
2.476,0.387
2.376,2.124
2.297,0.946
2.239,0.319
1.973,-0.345
2.045,1.946
1.917,-0.575
1.814,0.108
1.755,-0.269
1.461,0.2
1.587,-0.41
1.488,0.786
1.342,-0.067
1.365,0.02
1.359,-1.08
1.229,2.244
1.241,0.291
1.186,1.019
1.049,0.148
0.986,0.692
1.043,-0.685
0.906,1.009
1.039,0.203
1.046,2.143
0.746,-1.521
-0.154,-1.597
-0.164,-1.63
-1.141,-1.666
2.192,-1.401
2.206,-1.493
1.938,-1.644
1.542,-1.543
0.476,2.594
2.91,2.593
0.732,-0.537
-1.277,1.131
-1.899,-1.082
2.83,1.174
1.086,0.051
0.814,1.476
-0.564,-0.825
-1.151,1.436
-2.159,2.153
2.822,-0.037
2.826,-0.035
2.776,0.883
2.603,1.567
1.686,1.562
1.553,2.219
1.499,1.569
1.478,1.78
1.436,1.702
1.475,2.198
1.354,1.535
0.216,1.088
-1.968,-0.242
-2.537,1.219
-2.989,-0.199
1.54,-0.179
1.295,1.119
-2.735,-1.325
1.748,-1.606
2.719,2.715
-1.089,-1.689
-2.252,-1.698
-2.232,-1.561
-0.124,0.976
-0.13,0.965
-0.163,0.172
-0.108,2.732
-0.13,1.338
-0.133,1.812
-0.148,1.198
-0.145,3.102
-0.202,1.494
-0.282,-0.373
-0.383,2.637
-0.43,0.458
-0.401,0.605
-0.444,1.155
-0.473,1.269
-0.629,1.166
-0.6,2.785
-0.712,1.597
-0.773,2.114
-0.797,1.898
-0.818,0.23
-0.821,0.75
-0.952,2.787
-0.88,2.442
-0.973,-0.374
-1.081,1.094
-1.09,1.027
-1.127,-0.25
-1.28,3.199
-1.233,2.135
-1.254,-0.223
-1.303,2.179
-1.381,0.545
-1.363,-0.043
-1.372,0.59
-1.441,0.294
-1.408,0.477
-1.416,0.809
-1.466,2.024
-1.426,0.054
-1.51,0.114
-1.574,3.274
-1.548,1.763
-1.635,0.065
-1.811,-0.053
-1.803,-0.389
-1.858,0.147
-1.929,0.062
-1.945,0.763
-1.907,1.025
-1.934,0.155
-2.003,-0.028
-2.022,3.267
-2.153,0.745
-2.089,3.037
-2.105,3.481
-2.174,2.044
-2.169,3.074
-2.227,2.67
-2.205,2.743
-2.285,0.797
-2.257,-0.366
-2.258,1.446
-2.36,2.943
-2.305,0.227
-2.326,-0.248
-2.379,1.275
-2.399,0.549
-2.421,0.46
-2.501,2.977
-2.449,3.411
-2.517,-0.163
-2.485,1.437
-2.626,0.869
-2.639,2.182
-2.66,0.901
-2.634,3.336
-2.77,1.568
-2.722,0.978
-2.712,0.039
-2.796,0.512
-2.787,1.25
-2.858,3.379
-2.83,1.415
-2.927,0.348
-2.935,-0.009
-2.865,2.734
-2.955,1.903
-2.884,2.597
-3.08,0.246
-3.064,2.253
-3.112,2.672
3.088,1.854
3.01,2.58
2.951,2.615
2.834,2.362
2.759,2.314
2.742,0.508
2.752,3.29
2.7,0.069
2.68,2.798
2.49,3.082
2.38,1.254
2.417,1.418
2.35,2.4
2.317,1.125
2.259,2.244
2.229,1.964
2.127,1.811
2.161,3.468
2.037,-0.292
2.065,1.588
1.978,0.492
2.027,3.023
2.012,3.014
1.473,3.358
1.447,1.161
1.374,-0.357
1.415,2.48
1.371,2.374
1.313,3.153
1.379,0.89
1.218,0.455
1.216,1.662
1.282,3.482
1.263,2.119
1.201,3.392
1.174,-0.035
1.173,0.93
1.1,1.4
1.111,1.72
1.148,3.044
1.047,0.588
1.046,3.213
0.875,-0.562
0.885,-0.517
0.7,-0.582
-1.825,-0.834
-1.99,-0.799
-2.008,-0.633
-2.028,-0.585
-2.123,-0.641
-2.286,-0.793
3.063,-0.804
2.609,-0.714
0.834,3.311
-0.132,3.545
-0.843,3.257
2.106,3.557
1.798,3.337
1.696,3.329
1.259,3.578
-0.646,1.974
-2.397,0.299
1.233,3.114
1.076,-0.316
-2.64,-0.565
0.876,1.921
0.834,2.386
0.868,0.056
0.858,0.33
0.814,2.389
0.608,1.782
0.724,1.391
0.572,0.745
0.702,1.271
0.607,-0.344
0.202,0.542
0.075,1.879
0.044,1.057
0.048,1.074
0.048,3.179
0.032,3.002
0.102,0.546
0.065,-0.296
-0.085,0.582
0.006,2.555
0.011,1.756
-0.031,1.084
-0.239,3.044
-0.198,2.792
-0.313,1.104
-0.203,-0.277
-0.302,3.45
-0.555,0.31
-0.853,2.76
-0.748,1.031
-0.751,1.688
-0.866,3.231
-0.768,2.232
-0.905,2.84
-0.873,2.779
-1.148,1.708
-1.361,2.749
-1.354,2.926
-1.386,2.435
-1.724,1.722
-1.742,1.514
-1.761,1.914
-1.783,3.038
-1.993,1.034
-2.043,3.386
-2.006,0.177
-2.139,0.565
-2.168,-0.317
-2.045,1.538
-2.224,0.417
-2.148,3.439
-2.298,1.776
-2.683,2.94
-2.624,0.289
-2.802,1.158
-2.915,2.876
-2.797,2.563
-2.979,3.034
-2.966,3.264
-2.995,1.532
-2.941,1.121
3.002,1.693
3.125,0.599
2.968,2.0
2.596,1.258
2.496,2.995
2.417,1.817
2.359,1.19
2.093,0.526
2.165,2.817
2.037,0.296
1.934,0.979
1.875,0.602
1.581,1.071
1.707,0.461
1.608,1.657
1.462,0.804
1.485,0.891
1.479,-0.209
1.349,3.115
1.361,1.162
1.306,1.89
1.169,1.019
1.106,1.563
1.163,0.186
1.026,1.88
1.159,1.074
1.166,3.014
0.866,-0.65
-0.034,-0.726
-0.044,-0.759
-1.021,-0.795
2.312,-0.53
2.326,-0.622
2.058,-0.773
1.662,-0.672
0.596,3.465
3.03,3.464
0.852,0.334
-1.157,2.002
-1.779,-0.211
2.95,2.045
1.206,0.922
0.934,2.347
-0.444,0.046
-1.031,2.307
-2.039,3.024
2.942,0.834
2.946,0.836
2.896,1.754
2.723,2.438
1.806,2.433
1.673,3.09
1.619,2.44
1.598,2.651
1.556,2.573
1.595,3.069
1.474,2.406
0.336,1.959
-1.848,0.629
-2.417,2.09
-2.869,0.672
1.66,0.692
1.415,1.99
-2.615,-0.454
1.868,-0.735
2.839,3.586
-0.969,-0.818
-2.132,-0.827
-2.112,-0.69
-0.006,-0.011
-0.039,-0.804
0.016,1.756
-0.006,0.362
-0.009,0.836
-0.024,0.222
-0.021,2.126
-0.078,0.518
-0.158,-1.349
-0.259,1.661
-0.306,-0.518
-0.277,-0.371
-0.32,0.179
-0.349,0.293
-0.505,0.19
-0.476,1.809
-0.588,0.621
-0.649,1.138
-0.673,0.922
-0.694,-0.746
-0.697,-0.226
-0.828,1.811
-0.756,1.466
-0.849,-1.35
-0.957,0.118
-0.966,0.051
-1.003,-1.226
-1.156,2.223
-1.109,1.159
-1.13,-1.199
-1.179,1.203
-1.257,-0.431
-1.239,-1.019
-1.248,-0.386
-1.317,-0.682
-1.284,-0.499
-1.292,-0.167
-1.342,1.048
-1.302,-0.922
-1.386,-0.862
-1.45,2.298
-1.424,0.787
-1.511,-0.911
-1.687,-1.029
-1.679,-1.365
-1.734,-0.829
-1.805,-0.914
-1.821,-0.213
-1.783,0.049
-1.81,-0.821
-1.879,-1.004
-1.898,2.291
-2.029,-0.231
-1.965,2.061
-1.981,2.505
-2.05,1.068
-2.045,2.098
-2.103,1.694
-2.081,1.767
-2.161,-0.179
-2.133,-1.342
-2.134,0.47
-2.236,1.967
-2.181,-0.749
-2.202,-1.224
-2.255,0.299
-2.275,-0.427
-2.297,-0.516
-2.377,2.001
-2.325,2.435
-2.393,-1.139
-2.361,0.461
-2.502,-0.107
-2.515,1.206
-2.536,-0.075
-2.51,2.36
-2.646,0.592
-2.598,0.002
-2.588,-0.937
-2.672,-0.464
-2.663,0.274
-2.734,2.403
-2.706,0.439
-2.803,-0.628
-2.811,-0.985
-2.741,1.758
-2.831,0.927
-2.76,1.621
-2.956,-0.73
-2.94,1.277
-2.988,1.696
-3.071,0.878
3.134,1.604
3.075,1.639
2.958,1.386
2.883,1.338
2.866,-0.468
2.876,2.314
2.824,-0.907
2.804,1.822
2.614,2.106
2.504,0.278
2.541,0.442
2.474,1.424
2.441,0.149
2.383,1.268
2.353,0.988
2.251,0.835
2.285,2.492
2.161,-1.268
2.189,0.612
2.102,-0.484
2.151,2.047
2.136,2.038
1.597,2.382
1.571,0.185
1.498,-1.333
1.539,1.504
1.495,1.398
1.437,2.177
1.503,-0.086
1.342,-0.521
1.34,0.686
1.406,2.506
1.387,1.143
1.325,2.416
1.298,-1.011
1.297,-0.046
1.224,0.424
1.235,0.744
1.272,2.068
1.171,-0.388
1.17,2.237
0.999,-1.538
1.009,-1.493
0.824,-1.558
-1.701,-1.81
-1.866,-1.775
-1.884,-1.609
-1.904,-1.561
-1.999,-1.617
-2.162,-1.769
-3.096,-1.78
2.733,-1.69
0.958,2.335
-0.008,2.569
-0.719,2.281
2.23,2.581
1.922,2.361
1.82,2.353
1.383,2.602
-0.522,0.998
-2.273,-0.677
1.357,2.138
1.2,-1.292
-2.516,-1.541
1.0,0.945
0.958,1.41
0.992,-0.92
0.982,-0.646
0.938,1.413
0.732,0.806
0.848,0.415
0.696,-0.231
0.826,0.295
0.731,-1.32
0.326,-0.434
0.199,0.903
0.168,0.081
0.172,0.098
0.172,2.203
0.156,2.026
0.226,-0.43
0.189,-1.272
0.039,-0.394
0.13,1.579
0.135,0.78
0.093,0.108
-0.115,2.068
-0.074,1.816
-0.189,0.128
-0.079,-1.253
-0.178,2.474
-0.431,-0.666
-0.729,1.784
-0.624,0.055
-0.627,0.712
-0.742,2.255
-0.644,1.256
-0.781,1.864
-0.749,1.803
-1.024,0.732
-1.237,1.773
-1.23,1.95
-1.262,1.459
-1.6,0.746
-1.618,0.538
-1.637,0.938
-1.659,2.062
-1.869,0.058
-1.919,2.41
-1.882,-0.799
-2.015,-0.411
-2.044,-1.293
-1.921,0.562
-2.1,-0.559
-2.024,2.463
-2.174,0.8
-2.559,1.964
-2.5,-0.687
-2.678,0.182
-2.791,1.9
-2.673,1.587
-2.855,2.058
-2.842,2.288
-2.871,0.556
-2.817,0.145
3.126,0.717
-3.034,-0.377
3.092,1.024
2.72,0.282
2.62,2.019
2.541,0.841
2.483,0.214
2.217,-0.45
2.289,1.841
2.161,-0.68
2.058,0.003
1.999,-0.374
1.705,0.095
1.831,-0.515
1.732,0.681
1.586,-0.172
1.609,-0.085
1.603,-1.185
1.473,2.139
1.485,0.186
1.43,0.914
1.293,0.043
1.23,0.587
1.287,-0.79
1.15,0.904
1.283,0.098
1.29,2.038
0.99,-1.626
0.09,-1.702
0.08,-1.735
-0.897,-1.771
2.436,-1.506
2.45,-1.598
2.182,-1.749
1.786,-1.648
0.72,2.489
-3.129,2.488
0.976,-0.642
-1.033,1.026
-1.655,-1.187
3.074,1.069
1.33,-0.054
1.058,1.371
-0.32,-0.93
-0.907,1.331
-1.915,2.048
3.066,-0.142
3.07,-0.14
3.02,0.778
2.847,1.462
1.93,1.457
1.797,2.114
1.743,1.464
1.722,1.675
1.68,1.597
1.719,2.093
1.598,1.43
0.46,0.983
-1.724,-0.347
-2.293,1.114
-2.745,-0.304
1.784,-0.284
1.539,1.014
-2.491,-1.43
1.992,-1.711
2.963,2.61
-0.845,-1.794
-2.008,-1.803
-1.988,-1.666
-0.033,-0.793
0.022,1.767
0.0,0.373
-0.003,0.847
-0.018,0.233
-0.015,2.137
-0.072,0.529
-0.152,-1.338
-0.253,1.672
-0.3,-0.507
-0.271,-0.36
-0.314,0.19
-0.343,0.304
-0.499,0.201
-0.47,1.82
-0.582,0.632
-0.643,1.149
-0.667,0.933
-0.688,-0.735
-0.691,-0.215
-0.822,1.822
-0.75,1.477
-0.843,-1.339
-0.951,0.129
-0.96,0.062
-0.997,-1.215
-1.15,2.234
-1.103,1.17
-1.124,-1.188
-1.173,1.214
-1.251,-0.42
-1.233,-1.008
-1.242,-0.375
-1.311,-0.671
-1.278,-0.488
-1.286,-0.156
-1.336,1.059
-1.296,-0.911
-1.38,-0.851
-1.444,2.309
-1.418,0.798
-1.505,-0.9
-1.681,-1.018
-1.673,-1.354
-1.728,-0.818
-1.799,-0.903
-1.815,-0.202
-1.777,0.06
-1.804,-0.81
-1.873,-0.993
-1.892,2.302
-2.023,-0.22
-1.959,2.072
-1.975,2.516
-2.044,1.079
-2.039,2.109
-2.097,1.705
-2.075,1.778
-2.155,-0.168
-2.127,-1.331
-2.128,0.481
-2.23,1.978
-2.175,-0.738
-2.196,-1.213
-2.249,0.31
-2.269,-0.416
-2.291,-0.505
-2.371,2.012
-2.319,2.446
-2.387,-1.128
-2.355,0.472
-2.496,-0.096
-2.509,1.217
-2.53,-0.064
-2.504,2.371
-2.64,0.603
-2.592,0.013
-2.582,-0.926
-2.666,-0.453
-2.657,0.285
-2.728,2.414
-2.7,0.45
-2.797,-0.617
-2.805,-0.974
-2.735,1.769
-2.825,0.938
-2.754,1.632
-2.95,-0.719
-2.934,1.288
-2.982,1.707
-3.065,0.889
3.14,1.615
3.081,1.65
2.964,1.397
2.889,1.349
2.872,-0.457
2.882,2.325
2.83,-0.896
2.81,1.833
2.62,2.117
2.51,0.289
2.547,0.453
2.48,1.435
2.447,0.16
2.389,1.279
2.359,0.999
2.257,0.846
2.291,2.503
2.167,-1.257
2.195,0.623
2.108,-0.473
2.157,2.058
2.142,2.049
1.603,2.393
1.577,0.196
1.504,-1.322
1.545,1.515
1.501,1.409
1.443,2.188
1.509,-0.075
1.348,-0.51
1.346,0.697
1.412,2.517
1.393,1.154
1.331,2.427
1.304,-1.0
1.303,-0.035
1.23,0.435
1.241,0.755
1.278,2.079
1.177,-0.377
1.176,2.248
1.005,-1.527
1.015,-1.482
0.83,-1.547
-1.695,-1.799
-1.86,-1.764
-1.878,-1.598
-1.898,-1.55
-1.993,-1.606
-2.156,-1.758
-3.09,-1.769
2.739,-1.679
0.964,2.346
-0.002,2.58
-0.713,2.292
2.236,2.592
1.928,2.372
1.826,2.364
1.389,2.613
-0.516,1.009
-2.267,-0.666
1.363,2.149
1.206,-1.281
-2.51,-1.53
1.006,0.956
0.964,1.421
0.998,-0.909
0.988,-0.635
0.944,1.424
0.738,0.817
0.854,0.426
0.702,-0.22
0.832,0.306
0.737,-1.309
0.332,-0.423
0.205,0.914
0.174,0.092
0.178,0.109
0.178,2.214
0.162,2.037
0.232,-0.419
0.195,-1.261
0.045,-0.383
0.136,1.59
0.141,0.791
0.099,0.119
-0.109,2.079
-0.068,1.827
-0.183,0.139
-0.073,-1.242
-0.172,2.485
-0.425,-0.655
-0.723,1.795
-0.618,0.066
-0.621,0.723
-0.736,2.266
-0.638,1.267
-0.775,1.875
-0.743,1.814
-1.018,0.743
-1.231,1.784
-1.224,1.961
-1.256,1.47
-1.594,0.757
-1.612,0.549
-1.631,0.949
-1.653,2.073
-1.863,0.069
-1.913,2.421
-1.876,-0.788
-2.009,-0.4
-2.038,-1.282
-1.915,0.573
-2.094,-0.548
-2.018,2.474
-2.168,0.811
-2.553,1.975
-2.494,-0.676
-2.672,0.193
-2.785,1.911
-2.667,1.598
-2.849,2.069
-2.836,2.299
-2.865,0.567
-2.811,0.156
3.132,0.728
-3.028,-0.366
3.098,1.035
2.726,0.293
2.626,2.03
2.547,0.852
2.489,0.225
2.223,-0.439
2.295,1.852
2.167,-0.669
2.064,0.014
2.005,-0.363
1.711,0.106
1.837,-0.504
1.738,0.692
1.592,-0.161
1.615,-0.074
1.609,-1.174
1.479,2.15
1.491,0.197
1.436,0.925
1.299,0.054
1.236,0.598
1.293,-0.779
1.156,0.915
1.289,0.109
1.296,2.049
0.996,-1.615
0.096,-1.691
0.086,-1.724
-0.891,-1.76
2.442,-1.495
2.456,-1.587
2.188,-1.738
1.792,-1.637
0.726,2.5
-3.123,2.499
0.982,-0.631
-1.027,1.037
-1.649,-1.176
3.08,1.08
1.336,-0.043
1.064,1.382
-0.314,-0.919
-0.901,1.342
-1.909,2.059
3.072,-0.131
3.076,-0.129
3.026,0.789
2.853,1.473
1.936,1.468
1.803,2.125
1.749,1.475
1.728,1.686
1.686,1.608
1.725,2.104
1.604,1.441
0.466,0.994
-1.718,-0.336
-2.287,1.125
-2.739,-0.293
1.79,-0.273
1.545,1.025
-2.485,-1.419
1.998,-1.7
2.969,2.621
-0.839,-1.783
-2.002,-1.792
-1.982,-1.655
0.055,2.56
0.033,1.166
0.03,1.64
0.015,1.026
0.018,2.93
-0.039,1.322
-0.119,-0.545
-0.22,2.465
-0.267,0.286
-0.238,0.433
-0.281,0.983
-0.31,1.097
-0.466,0.994
-0.437,2.613
-0.549,1.425
-0.61,1.942
-0.634,1.726
-0.655,0.058
-0.658,0.578
-0.789,2.615
-0.717,2.27
-0.81,-0.546
-0.918,0.922
-0.927,0.855
-0.964,-0.422
-1.117,3.027
-1.07,1.963
-1.091,-0.395
-1.14,2.007
-1.218,0.373
-1.2,-0.215
-1.209,0.418
-1.278,0.122
-1.245,0.305
-1.253,0.637
-1.303,1.852
-1.263,-0.118
-1.347,-0.058
-1.411,3.102
-1.385,1.591
-1.472,-0.107
-1.648,-0.225
-1.64,-0.561
-1.695,-0.025
-1.766,-0.11
-1.782,0.591
-1.744,0.853
-1.771,-0.017
-1.84,-0.2
-1.859,3.095
-1.99,0.573
-1.926,2.865
-1.942,3.309
-2.011,1.872
-2.006,2.902
-2.064,2.498
-2.042,2.571
-2.122,0.625
-2.094,-0.538
-2.095,1.274
-2.197,2.771
-2.142,0.055
-2.163,-0.42
-2.216,1.103
-2.236,0.377
-2.258,0.288
-2.338,2.805
-2.286,3.239
-2.354,-0.335
-2.322,1.265
-2.463,0.697
-2.476,2.01
-2.497,0.729
-2.471,3.164
-2.607,1.396
-2.559,0.806
-2.549,-0.133
-2.633,0.34
-2.624,1.078
-2.695,3.207
-2.667,1.243
-2.764,0.176
-2.772,-0.181
-2.702,2.562
-2.792,1.731
-2.721,2.425
-2.917,0.074
-2.901,2.081
-2.949,2.5
-3.032,1.682
-3.11,2.408
3.114,2.443
2.997,2.19
2.922,2.142
2.905,0.336
2.915,3.118
2.863,-0.103
2.843,2.626
2.653,2.91
2.543,1.082
2.58,1.246
2.513,2.228
2.48,0.953
2.422,2.072
2.392,1.792
2.29,1.639
2.324,3.296
2.2,-0.464
2.228,1.416
2.141,0.32
2.19,2.851
2.175,2.842
1.636,3.186
1.61,0.989
1.537,-0.529
1.578,2.308
1.534,2.202
1.476,2.981
1.542,0.718
1.381,0.283
1.379,1.49
1.445,3.31
1.426,1.947
1.364,3.22
1.337,-0.207
1.336,0.758
1.263,1.228
1.274,1.548
1.311,2.872
1.21,0.416
1.209,3.041
1.038,-0.734
1.048,-0.689
0.863,-0.754
-1.662,-1.006
-1.827,-0.971
-1.845,-0.805
-1.865,-0.757
-1.96,-0.813
-2.123,-0.965
-3.057,-0.976
2.772,-0.886
0.997,3.139
0.031,3.373
-0.68,3.085
2.269,3.385
1.961,3.165
1.859,3.157
1.422,3.406
-0.483,1.802
-2.234,0.127
1.396,2.942
1.239,-0.488
-2.477,-0.737
1.039,1.749
0.997,2.214
1.031,-0.116
1.021,0.158
0.977,2.217
0.771,1.61
0.887,1.219
0.735,0.573
0.865,1.099
0.77,-0.516
0.365,0.37
0.238,1.707
0.207,0.885
0.211,0.902
0.211,3.007
0.195,2.83
0.265,0.374
0.228,-0.468
0.078,0.41
0.169,2.383
0.174,1.584
0.132,0.912
-0.076,2.872
-0.035,2.62
-0.15,0.932
-0.04,-0.449
-0.139,3.278
-0.392,0.138
-0.69,2.588
-0.585,0.859
-0.588,1.516
-0.703,3.059
-0.605,2.06
-0.742,2.668
-0.71,2.607
-0.985,1.536
-1.198,2.577
-1.191,2.754
-1.223,2.263
-1.561,1.55
-1.579,1.342
-1.598,1.742
-1.62,2.866
-1.83,0.862
-1.88,3.214
-1.843,0.005
-1.976,0.393
-2.005,-0.489
-1.882,1.366
-2.061,0.245
-1.985,3.267
-2.135,1.604
-2.52,2.768
-2.461,0.117
-2.639,0.986
-2.752,2.704
-2.634,2.391
-2.816,2.862
-2.803,3.092
-2.832,1.36
-2.778,0.949
-3.118,1.521
-2.995,0.427
3.131,1.828
2.759,1.086
2.659,2.823
2.58,1.645
2.522,1.018
2.256,0.354
2.328,2.645
2.2,0.124
2.097,0.807
2.038,0.43
1.744,0.899
1.87,0.289
1.771,1.485
1.625,0.632
1.648,0.719
1.642,-0.381
1.512,2.943
1.524,0.99
1.469,1.718
1.332,0.847
1.269,1.391
1.326,0.014
1.189,1.708
1.322,0.902
1.329,2.842
1.029,-0.822
0.129,-0.898
0.119,-0.931
-0.858,-0.967
2.475,-0.702
2.489,-0.794
2.221,-0.945
1.825,-0.844
0.759,3.293
-3.09,3.292
1.015,0.162
-0.994,1.83
-1.616,-0.383
3.113,1.873
1.369,0.75
1.097,2.175
-0.281,-0.126
-0.868,2.135
-1.876,2.852
3.105,0.662
3.109,0.664
3.059,1.582
2.886,2.266
1.969,2.261
1.836,2.918
1.782,2.268
1.761,2.479
1.719,2.401
1.758,2.897
1.637,2.234
0.499,1.787
-1.685,0.457
-2.254,1.918
-2.706,0.5
1.823,0.52
1.578,1.818
-2.452,-0.626
2.031,-0.907
3.002,3.414
-0.806,-0.99
-1.969,-0.999
-1.949,-0.862
-0.022,-1.394
-0.025,-0.92
-0.04,-1.534
-0.037,0.37
-0.094,-1.238
-0.174,-3.105
-0.275,-0.095
-0.322,-2.274
-0.293,-2.127
-0.336,-1.577
-0.365,-1.463
-0.521,-1.566
-0.492,0.053
-0.604,-1.135
-0.665,-0.618
-0.689,-0.834
-0.71,-2.502
-0.713,-1.982
-0.844,0.055
-0.772,-0.29
-0.865,-3.106
-0.973,-1.638
-0.982,-1.705
-1.019,-2.982
-1.172,0.467
-1.125,-0.597
-1.146,-2.955
-1.195,-0.553
-1.273,-2.187
-1.255,-2.775
-1.264,-2.142
-1.333,-2.438
-1.3,-2.255
-1.308,-1.923
-1.358,-0.708
-1.318,-2.678
-1.402,-2.618
-1.466,0.542
-1.44,-0.969
-1.527,-2.667
-1.703,-2.785
-1.695,-3.121
-1.75,-2.585
-1.821,-2.67
-1.837,-1.969
-1.799,-1.707
-1.826,-2.577
-1.895,-2.76
-1.914,0.535
-2.045,-1.987
-1.981,0.305
-1.997,0.749
-2.066,-0.688
-2.061,0.342
-2.119,-0.062
-2.097,0.011
-2.177,-1.935
-2.149,-3.098
-2.15,-1.286
-2.252,0.211
-2.197,-2.505
-2.218,-2.98
-2.271,-1.457
-2.291,-2.183
-2.313,-2.272
-2.393,0.245
-2.341,0.679
-2.409,-2.895
-2.377,-1.295
-2.518,-1.863
-2.531,-0.55
-2.552,-1.831
-2.526,0.604
-2.662,-1.164
-2.614,-1.754
-2.604,-2.693
-2.688,-2.22
-2.679,-1.482
-2.75,0.647
-2.722,-1.317
-2.819,-2.384
-2.827,-2.741
-2.757,0.002
-2.847,-0.829
-2.776,-0.135
-2.972,-2.486
-2.956,-0.479
-3.004,-0.06
-3.087,-0.878
3.118,-0.152
3.059,-0.117
2.942,-0.37
2.867,-0.418
2.85,-2.224
2.86,0.558
2.808,-2.663
2.788,0.066
2.598,0.35
2.488,-1.478
2.525,-1.314
2.458,-0.332
2.425,-1.607
2.367,-0.488
2.337,-0.768
2.235,-0.921
2.269,0.736
2.145,-3.024
2.173,-1.144
2.086,-2.24
2.135,0.291
2.12,0.282
1.581,0.626
1.555,-1.571
1.482,-3.089
1.523,-0.252
1.479,-0.358
1.421,0.421
1.487,-1.842
1.326,-2.277
1.324,-1.07
1.39,0.75
1.371,-0.613
1.309,0.66
1.282,-2.767
1.281,-1.802
1.208,-1.332
1.219,-1.012
1.256,0.312
1.155,-2.144
1.154,0.481
0.983,-3.294
0.993,-3.249
0.808,-3.314
-1.717,-3.566
-1.882,-3.531
-1.9,-3.365
-1.92,-3.317
-2.015,-3.373
-2.178,-3.525
-3.112,-3.536
2.717,-3.446
0.942,0.579
-0.024,0.813
-0.735,0.525
2.214,0.825
1.906,0.605
1.804,0.597
1.367,0.846
-0.538,-0.758
-2.289,-2.433
1.341,0.382
1.184,-3.048
-2.532,-3.297
0.984,-0.811
0.942,-0.346
0.976,-2.676
0.966,-2.402
0.922,-0.343
0.716,-0.95
0.832,-1.341
0.68,-1.987
0.81,-1.461
0.715,-3.076
0.31,-2.19
0.183,-0.853
0.152,-1.675
0.156,-1.658
0.156,0.447
0.14,0.27
0.21,-2.186
0.173,-3.028
0.023,-2.15
0.114,-0.177
0.119,-0.976
0.077,-1.648
-0.131,0.312
-0.09,0.06
-0.205,-1.628
-0.095,-3.009
-0.194,0.718
-0.447,-2.422
-0.745,0.028
-0.64,-1.701
-0.643,-1.044
-0.758,0.499
-0.66,-0.5
-0.797,0.108
-0.765,0.047
-1.04,-1.024
-1.253,0.017
-1.246,0.194
-1.278,-0.297
-1.616,-1.01
-1.634,-1.218
-1.653,-0.818
-1.675,0.306
-1.885,-1.698
-1.935,0.654
-1.898,-2.555
-2.031,-2.167
-2.06,-3.049
-1.937,-1.194
-2.116,-2.315
-2.04,0.707
-2.19,-0.956
-2.575,0.208
-2.516,-2.443
-2.694,-1.574
-2.807,0.144
-2.689,-0.169
-2.871,0.302
-2.858,0.532
-2.887,-1.2
-2.833,-1.611
3.11,-1.039
-3.05,-2.133
3.076,-0.732
2.704,-1.474
2.604,0.263
2.525,-0.915
2.467,-1.542
2.201,-2.206
2.273,0.085
2.145,-2.436
2.042,-1.753
1.983,-2.13
1.689,-1.661
1.815,-2.271
1.716,-1.075
1.57,-1.928
1.593,-1.841
1.587,-2.941
1.457,0.383
1.469,-1.57
1.414,-0.842
1.277,-1.713
1.214,-1.169
1.271,-2.546
1.134,-0.852
1.267,-1.658
1.274,0.282
0.974,-3.382
0.074,-3.458
0.064,-3.491
-0.913,-3.527
2.42,-3.262
2.434,-3.354
2.166,-3.505
1.77,-3.404
0.704,0.733
3.138,0.732
0.96,-2.398
-1.049,-0.73
-1.671,-2.943
3.058,-0.687
1.314,-1.81
1.042,-0.385
-0.336,-2.686
-0.923,-0.425
-1.931,0.292
3.05,-1.898
3.054,-1.896
3.004,-0.978
2.831,-0.294
1.914,-0.299
1.781,0.358
1.727,-0.292
1.706,-0.081
1.664,-0.159
1.703,0.337
1.582,-0.326
0.444,-0.773
-1.74,-2.103
-2.309,-0.642
-2.761,-2.06
1.768,-2.04
1.523,-0.742
-2.507,-3.186
1.976,-3.467
2.947,0.854
-0.861,-3.55
-2.024,-3.559
-2.004,-3.422
-0.003,0.474
-0.018,-0.14
-0.015,1.764
-0.072,0.156
-0.152,-1.711
-0.253,1.299
-0.3,-0.88
-0.271,-0.733
-0.314,-0.183
-0.343,-0.069
-0.499,-0.172
-0.47,1.447
-0.582,0.259
-0.643,0.776
-0.667,0.56
-0.688,-1.108
-0.691,-0.588
-0.822,1.449
-0.75,1.104
-0.843,-1.712
-0.951,-0.244
-0.96,-0.311
-0.997,-1.588
-1.15,1.861
-1.103,0.797
-1.124,-1.561
-1.173,0.841
-1.251,-0.793
-1.233,-1.381
-1.242,-0.748
-1.311,-1.044
-1.278,-0.861
-1.286,-0.529
-1.336,0.686
-1.296,-1.284
-1.38,-1.224
-1.444,1.936
-1.418,0.425
-1.505,-1.273
-1.681,-1.391
-1.673,-1.727
-1.728,-1.191
-1.799,-1.276
-1.815,-0.575
-1.777,-0.313
-1.804,-1.183
-1.873,-1.366
-1.892,1.929
-2.023,-0.593
-1.959,1.699
-1.975,2.143
-2.044,0.706
-2.039,1.736
-2.097,1.332
-2.075,1.405
-2.155,-0.541
-2.127,-1.704
-2.128,0.108
-2.23,1.605
-2.175,-1.111
-2.196,-1.586
-2.249,-0.063
-2.269,-0.789
-2.291,-0.878
-2.371,1.639
-2.319,2.073
-2.387,-1.501
-2.355,0.099
-2.496,-0.469
-2.509,0.844
-2.53,-0.437
-2.504,1.998
-2.64,0.23
-2.592,-0.36
-2.582,-1.299
-2.666,-0.826
-2.657,-0.088
-2.728,2.041
-2.7,0.077
-2.797,-0.99
-2.805,-1.347
-2.735,1.396
-2.825,0.565
-2.754,1.259
-2.95,-1.092
-2.934,0.915
-2.982,1.334
-3.065,0.516
3.14,1.242
3.081,1.277
2.964,1.024
2.889,0.976
2.872,-0.83
2.882,1.952
2.83,-1.269
2.81,1.46
2.62,1.744
2.51,-0.084
2.547,0.08
2.48,1.062
2.447,-0.213
2.389,0.906
2.359,0.626
2.257,0.473
2.291,2.13
2.167,-1.63
2.195,0.25
2.108,-0.846
2.157,1.685
2.142,1.676
1.603,2.02
1.577,-0.177
1.504,-1.695
1.545,1.142
1.501,1.036
1.443,1.815
1.509,-0.448
1.348,-0.883
1.346,0.324
1.412,2.144
1.393,0.781
1.331,2.054
1.304,-1.373
1.303,-0.408
1.23,0.062
1.241,0.382
1.278,1.706
1.177,-0.75
1.176,1.875
1.005,-1.9
1.015,-1.855
0.83,-1.92
-1.695,-2.172
-1.86,-2.137
-1.878,-1.971
-1.898,-1.923
-1.993,-1.979
-2.156,-2.131
-3.09,-2.142
2.739,-2.052
0.964,1.973
-0.002,2.207
-0.713,1.919
2.236,2.219
1.928,1.999
1.826,1.991
1.389,2.24
-0.516,0.636
-2.267,-1.039
1.363,1.776
1.206,-1.654
-2.51,-1.903
1.006,0.583
0.964,1.048
0.998,-1.282
0.988,-1.008
0.944,1.051
0.738,0.444
0.854,0.053
0.702,-0.593
0.832,-0.067
0.737,-1.682
0.332,-0.796
0.205,0.541
0.174,-0.281
0.178,-0.264
0.178,1.841
0.162,1.664
0.232,-0.792
0.195,-1.634
0.045,-0.756
0.136,1.217
0.141,0.418
0.099,-0.254
-0.109,1.706
-0.068,1.454
-0.183,-0.234
-0.073,-1.615
-0.172,2.112
-0.425,-1.028
-0.723,1.422
-0.618,-0.307
-0.621,0.35
-0.736,1.893
-0.638,0.894
-0.775,1.502
-0.743,1.441
-1.018,0.37
-1.231,1.411
-1.224,1.588
-1.256,1.097
-1.594,0.384
-1.612,0.176
-1.631,0.576
-1.653,1.7
-1.863,-0.304
-1.913,2.048
-1.876,-1.161
-2.009,-0.773
-2.038,-1.655
-1.915,0.2
-2.094,-0.921
-2.018,2.101
-2.168,0.438
-2.553,1.602
-2.494,-1.049
-2.672,-0.18
-2.785,1.538
-2.667,1.225
-2.849,1.696
-2.836,1.926
-2.865,0.194
-2.811,-0.217
3.132,0.355
-3.028,-0.739
3.098,0.662
2.726,-0.08
2.626,1.657
2.547,0.479
2.489,-0.148
2.223,-0.812
2.295,1.479
2.167,-1.042
2.064,-0.359
2.005,-0.736
1.711,-0.267
1.837,-0.877
1.738,0.319
1.592,-0.534
1.615,-0.447
1.609,-1.547
1.479,1.777
1.491,-0.176
1.436,0.552
1.299,-0.319
1.236,0.225
1.293,-1.152
1.156,0.542
1.289,-0.264
1.296,1.676
0.996,-1.988
0.096,-2.064
0.086,-2.097
-0.891,-2.133
2.442,-1.868
2.456,-1.96
2.188,-2.111
1.792,-2.01
0.726,2.127
-3.123,2.126
0.982,-1.004
-1.027,0.664
-1.649,-1.549
3.08,0.707
1.336,-0.416
1.064,1.009
-0.314,-1.292
-0.901,0.969
-1.909,1.686
3.072,-0.504
3.076,-0.502
3.026,0.416
2.853,1.1
1.936,1.095
1.803,1.752
1.749,1.102
1.728,1.313
1.686,1.235
1.725,1.731
1.604,1.068
0.466,0.621
-1.718,-0.709
-2.287,0.752
-2.739,-0.666
1.79,-0.646
1.545,0.652
-2.485,-1.792
1.998,-2.073
2.969,2.248
-0.839,-2.156
-2.002,-2.165
-1.982,-2.028
-0.015,-0.614
-0.012,1.29
-0.069,-0.318
-0.149,-2.185
-0.25,0.825
-0.297,-1.354
-0.268,-1.207
-0.311,-0.657
-0.34,-0.543
-0.496,-0.646
-0.467,0.973
-0.579,-0.215
-0.64,0.302
-0.664,0.086
-0.685,-1.582
-0.688,-1.062
-0.819,0.975
-0.747,0.63
-0.84,-2.186
-0.948,-0.718
-0.957,-0.785
-0.994,-2.062
-1.147,1.387
-1.1,0.323
-1.121,-2.035
-1.17,0.367
-1.248,-1.267
-1.23,-1.855
-1.239,-1.222
-1.308,-1.518
-1.275,-1.335
-1.283,-1.003
-1.333,0.212
-1.293,-1.758
-1.377,-1.698
-1.441,1.462
-1.415,-0.049
-1.502,-1.747
-1.678,-1.865
-1.67,-2.201
-1.725,-1.665
-1.796,-1.75
-1.812,-1.049
-1.774,-0.787
-1.801,-1.657
-1.87,-1.84
-1.889,1.455
-2.02,-1.067
-1.956,1.225
-1.972,1.669
-2.041,0.232
-2.036,1.262
-2.094,0.858
-2.072,0.931
-2.152,-1.015
-2.124,-2.178
-2.125,-0.366
-2.227,1.131
-2.172,-1.585
-2.193,-2.06
-2.246,-0.537
-2.266,-1.263
-2.288,-1.352
-2.368,1.165
-2.316,1.599
-2.384,-1.975
-2.352,-0.375
-2.493,-0.943
-2.506,0.37
-2.527,-0.911
-2.501,1.524
-2.637,-0.244
-2.589,-0.834
-2.579,-1.773
-2.663,-1.3
-2.654,-0.562
-2.725,1.567
-2.697,-0.397
-2.794,-1.464
-2.802,-1.821
-2.732,0.922
-2.822,0.091
-2.751,0.785
-2.947,-1.566
-2.931,0.441
-2.979,0.86
-3.062,0.042
-3.14,0.768
3.084,0.803
2.967,0.55
2.892,0.502
2.875,-1.304
2.885,1.478
2.833,-1.743
2.813,0.986
2.623,1.27
2.513,-0.558
2.55,-0.394
2.483,0.588
2.45,-0.687
2.392,0.432
2.362,0.152
2.26,-0.001
2.294,1.656
2.17,-2.104
2.198,-0.224
2.111,-1.32
2.16,1.211
2.145,1.202
1.606,1.546
1.58,-0.651
1.507,-2.169
1.548,0.668
1.504,0.562
1.446,1.341
1.512,-0.922
1.351,-1.357
1.349,-0.15
1.415,1.67
1.396,0.307
1.334,1.58
1.307,-1.847
1.306,-0.882
1.233,-0.412
1.244,-0.092
1.281,1.232
1.18,-1.224
1.179,1.401
1.008,-2.374
1.018,-2.329
0.833,-2.394
-1.692,-2.646
-1.857,-2.611
-1.875,-2.445
-1.895,-2.397
-1.99,-2.453
-2.153,-2.605
-3.087,-2.616
2.742,-2.526
0.967,1.499
0.001,1.733
-0.71,1.445
2.239,1.745
1.931,1.525
1.829,1.517
1.392,1.766
-0.513,0.162
-2.264,-1.513
1.366,1.302
1.209,-2.128
-2.507,-2.377
1.009,0.109
0.967,0.574
1.001,-1.756
0.991,-1.482
0.947,0.577
0.741,-0.03
0.857,-0.421
0.705,-1.067
0.835,-0.541
0.74,-2.156
0.335,-1.27
0.208,0.067
0.177,-0.755
0.181,-0.738
0.181,1.367
0.165,1.19
0.235,-1.266
0.198,-2.108
0.048,-1.23
0.139,0.743
0.144,-0.056
0.102,-0.728
-0.106,1.232
-0.065,0.98
-0.18,-0.708
-0.07,-2.089
-0.169,1.638
-0.422,-1.502
-0.72,0.948
-0.615,-0.781
-0.618,-0.124
-0.733,1.419
-0.635,0.42
-0.772,1.028
-0.74,0.967
-1.015,-0.104
-1.228,0.937
-1.221,1.114
-1.253,0.623
-1.591,-0.09
-1.609,-0.298
-1.628,0.102
-1.65,1.226
-1.86,-0.778
-1.91,1.574
-1.873,-1.635
-2.006,-1.247
-2.035,-2.129
-1.912,-0.274
-2.091,-1.395
-2.015,1.627
-2.165,-0.036
-2.55,1.128
-2.491,-1.523
-2.669,-0.654
-2.782,1.064
-2.664,0.751
-2.846,1.222
-2.833,1.452
-2.862,-0.28
-2.808,-0.691
3.135,-0.119
-3.025,-1.213
3.101,0.188
2.729,-0.554
2.629,1.183
2.55,0.005
2.492,-0.622
2.226,-1.286
2.298,1.005
2.17,-1.516
2.067,-0.833
2.008,-1.21
1.714,-0.741
1.84,-1.351
1.741,-0.155
1.595,-1.008
1.618,-0.921
1.612,-2.021
1.482,1.303
1.494,-0.65
1.439,0.078
1.302,-0.793
1.239,-0.249
1.296,-1.626
1.159,0.068
1.292,-0.738
1.299,1.202
0.999,-2.462
0.099,-2.538
0.089,-2.571
-0.888,-2.607
2.445,-2.342
2.459,-2.434
2.191,-2.585
1.795,-2.484
0.729,1.653
-3.12,1.652
0.985,-1.478
-1.024,0.19
-1.646,-2.023
3.083,0.233
1.339,-0.89
1.067,0.535
-0.311,-1.766
-0.898,0.495
-1.906,1.212
3.075,-0.978
3.079,-0.976
3.029,-0.058
2.856,0.626
1.939,0.621
1.806,1.278
1.752,0.628
1.731,0.839
1.689,0.761
1.728,1.257
1.607,0.594
0.469,0.147
-1.715,-1.183
-2.284,0.278
-2.736,-1.14
1.793,-1.12
1.548,0.178
-2.482,-2.266
2.001,-2.547
2.972,1.774
-0.836,-2.63
-1.999,-2.639
-1.979,-2.502
0.003,1.904
-0.054,0.296
-0.134,-1.571
-0.235,1.439
-0.282,-0.74
-0.253,-0.593
-0.296,-0.043
-0.325,0.071
-0.481,-0.032
-0.452,1.587
-0.564,0.399
-0.625,0.916
-0.649,0.7
-0.67,-0.968
-0.673,-0.448
-0.804,1.589
-0.732,1.244
-0.825,-1.572
-0.933,-0.104
-0.942,-0.171
-0.979,-1.448
-1.132,2.001
-1.085,0.937
-1.106,-1.421
-1.155,0.981
-1.233,-0.653
-1.215,-1.241
-1.224,-0.608
-1.293,-0.904
-1.26,-0.721
-1.268,-0.389
-1.318,0.826
-1.278,-1.144
-1.362,-1.084
-1.426,2.076
-1.4,0.565
-1.487,-1.133
-1.663,-1.251
-1.655,-1.587
-1.71,-1.051
-1.781,-1.136
-1.797,-0.435
-1.759,-0.173
-1.786,-1.043
-1.855,-1.226
-1.874,2.069
-2.005,-0.453
-1.941,1.839
-1.957,2.283
-2.026,0.846
-2.021,1.876
-2.079,1.472
-2.057,1.545
-2.137,-0.401
-2.109,-1.564
-2.11,0.248
-2.212,1.745
-2.157,-0.971
-2.178,-1.446
-2.231,0.077
-2.251,-0.649
-2.273,-0.738
-2.353,1.779
-2.301,2.213
-2.369,-1.361
-2.337,0.239
-2.478,-0.329
-2.491,0.984
-2.512,-0.297
-2.486,2.138
-2.622,0.37
-2.574,-0.22
-2.564,-1.159
-2.648,-0.686
-2.639,0.052
-2.71,2.181
-2.682,0.217
-2.779,-0.85
-2.787,-1.207
-2.717,1.536
-2.807,0.705
-2.736,1.399
-2.932,-0.952
-2.916,1.055
-2.964,1.474
-3.047,0.656
-3.125,1.382
3.099,1.417
2.982,1.164
2.907,1.116
2.89,-0.69
2.9,2.092
2.848,-1.129
2.828,1.6
2.638,1.884
2.528,0.056
2.565,0.22
2.498,1.202
2.465,-0.073
2.407,1.046
2.377,0.766
2.275,0.613
2.309,2.27
2.185,-1.49
2.213,0.39
2.126,-0.706
2.175,1.825
2.16,1.816
1.621,2.16
1.595,-0.037
1.522,-1.555
1.563,1.282
1.519,1.176
1.461,1.955
1.527,-0.308
1.366,-0.743
1.364,0.464
1.43,2.284
1.411,0.921
1.349,2.194
1.322,-1.233
1.321,-0.268
1.248,0.202
1.259,0.522
1.296,1.846
1.195,-0.61
1.194,2.015
1.023,-1.76
1.033,-1.715
0.848,-1.78
-1.677,-2.032
-1.842,-1.997
-1.86,-1.831
-1.88,-1.783
-1.975,-1.839
-2.138,-1.991
-3.072,-2.002
2.757,-1.912
0.982,2.113
0.016,2.347
-0.695,2.059
2.254,2.359
1.946,2.139
1.844,2.131
1.407,2.38
-0.498,0.776
-2.249,-0.899
1.381,1.916
1.224,-1.514
-2.492,-1.763
1.024,0.723
0.982,1.188
1.016,-1.142
1.006,-0.868
0.962,1.191
0.756,0.584
0.872,0.193
0.72,-0.453
0.85,0.073
0.755,-1.542
0.35,-0.656
0.223,0.681
0.192,-0.141
0.196,-0.124
0.196,1.981
0.18,1.804
0.25,-0.652
0.213,-1.494
0.063,-0.616
0.154,1.357
0.159,0.558
0.117,-0.114
-0.091,1.846
-0.05,1.594
-0.165,-0.094
-0.055,-1.475
-0.154,2.252
-0.407,-0.888
-0.705,1.562
-0.6,-0.167
-0.603,0.49
-0.718,2.033
-0.62,1.034
-0.757,1.642
-0.725,1.581
-1.0,0.51
-1.213,1.551
-1.206,1.728
-1.238,1.237
-1.576,0.524
-1.594,0.316
-1.613,0.716
-1.635,1.84
-1.845,-0.164
-1.895,2.188
-1.858,-1.021
-1.991,-0.633
-2.02,-1.515
-1.897,0.34
-2.076,-0.781
-2.0,2.241
-2.15,0.578
-2.535,1.742
-2.476,-0.909
-2.654,-0.04
-2.767,1.678
-2.649,1.365
-2.831,1.836
-2.818,2.066
-2.847,0.334
-2.793,-0.077
-3.133,0.495
-3.01,-0.599
3.116,0.802
2.744,0.06
2.644,1.797
2.565,0.619
2.507,-0.008
2.241,-0.672
2.313,1.619
2.185,-0.902
2.082,-0.219
2.023,-0.596
1.729,-0.127
1.855,-0.737
1.756,0.459
1.61,-0.394
1.633,-0.307
1.627,-1.407
1.497,1.917
1.509,-0.036
1.454,0.692
1.317,-0.179
1.254,0.365
1.311,-1.012
1.174,0.682
1.307,-0.124
1.314,1.816
1.014,-1.848
0.114,-1.924
0.104,-1.957
-0.873,-1.993
2.46,-1.728
2.474,-1.82
2.206,-1.971
1.81,-1.87
0.744,2.267
-3.105,2.266
1.0,-0.864
-1.009,0.804
-1.631,-1.409
3.098,0.847
1.354,-0.276
1.082,1.149
-0.296,-1.152
-0.883,1.109
-1.891,1.826
3.09,-0.364
3.094,-0.362
3.044,0.556
2.871,1.24
1.954,1.235
1.821,1.892
1.767,1.242
1.746,1.453
1.704,1.375
1.743,1.871
1.622,1.208
0.484,0.761
-1.7,-0.569
-2.269,0.892
-2.721,-0.526
1.808,-0.506
1.563,0.792
-2.467,-1.652
2.016,-1.933
2.987,2.388
-0.821,-2.016
-1.984,-2.025
-1.964,-1.888
-0.057,-1.608
-0.137,-3.475
-0.238,-0.465
-0.285,-2.644
-0.256,-2.497
-0.299,-1.947
-0.328,-1.833
-0.484,-1.936
-0.455,-0.317
-0.567,-1.505
-0.628,-0.988
-0.652,-1.204
-0.673,-2.872
-0.676,-2.352
-0.807,-0.315
-0.735,-0.66
-0.828,-3.476
-0.936,-2.008
-0.945,-2.075
-0.982,-3.352
-1.135,0.097
-1.088,-0.967
-1.109,-3.325
-1.158,-0.923
-1.236,-2.557
-1.218,-3.145
-1.227,-2.512
-1.296,-2.808
-1.263,-2.625
-1.271,-2.293
-1.321,-1.078
-1.281,-3.048
-1.365,-2.988
-1.429,0.172
-1.403,-1.339
-1.49,-3.037
-1.666,-3.155
-1.658,-3.491
-1.713,-2.955
-1.784,-3.04
-1.8,-2.339
-1.762,-2.077
-1.789,-2.947
-1.858,-3.13
-1.877,0.165
-2.008,-2.357
-1.944,-0.065
-1.96,0.379
-2.029,-1.058
-2.024,-0.028
-2.082,-0.432
-2.06,-0.359
-2.14,-2.305
-2.112,-3.468
-2.113,-1.656
-2.215,-0.159
-2.16,-2.875
-2.181,-3.35
-2.234,-1.827
-2.254,-2.553
-2.276,-2.642
-2.356,-0.125
-2.304,0.309
-2.372,-3.265
-2.34,-1.665
-2.481,-2.233
-2.494,-0.92
-2.515,-2.201
-2.489,0.234
-2.625,-1.534
-2.577,-2.124
-2.567,-3.063
-2.651,-2.59
-2.642,-1.852
-2.713,0.277
-2.685,-1.687
-2.782,-2.754
-2.79,-3.111
-2.72,-0.368
-2.81,-1.199
-2.739,-0.505
-2.935,-2.856
-2.919,-0.849
-2.967,-0.43
-3.05,-1.248
-3.128,-0.522
3.096,-0.487
2.979,-0.74
2.904,-0.788
2.887,-2.594
2.897,0.188
2.845,-3.033
2.825,-0.304
2.635,-0.02
2.525,-1.848
2.562,-1.684
2.495,-0.702
2.462,-1.977
2.404,-0.858
2.374,-1.138
2.272,-1.291
2.306,0.366
2.182,-3.394
2.21,-1.514
2.123,-2.61
2.172,-0.079
2.157,-0.088
1.618,0.256
1.592,-1.941
1.519,-3.459
1.56,-0.622
1.516,-0.728
1.458,0.051
1.524,-2.212
1.363,-2.647
1.361,-1.44
1.427,0.38
1.408,-0.983
1.346,0.29
1.319,-3.137
1.318,-2.172
1.245,-1.702
1.256,-1.382
1.293,-0.058
1.192,-2.514
1.191,0.111
1.02,-3.664
1.03,-3.619
0.845,-3.684
-1.68,-3.936
-1.845,-3.901
-1.863,-3.735
-1.883,-3.687
-1.978,-3.743
-2.141,-3.895
-3.075,-3.906
2.754,-3.816
0.979,0.209
0.013,0.443
-0.698,0.155
2.251,0.455
1.943,0.235
1.841,0.227
1.404,0.476
-0.501,-1.128
-2.252,-2.803
1.378,0.012
1.221,-3.418
-2.495,-3.667
1.021,-1.181
0.979,-0.716
1.013,-3.046
1.003,-2.772
0.959,-0.713
0.753,-1.32
0.869,-1.711
0.717,-2.357
0.847,-1.831
0.752,-3.446
0.347,-2.56
0.22,-1.223
0.189,-2.045
0.193,-2.028
0.193,0.077
0.177,-0.1
0.247,-2.556
0.21,-3.398
0.06,-2.52
0.151,-0.547
0.156,-1.346
0.114,-2.018
-0.094,-0.058
-0.053,-0.31
-0.168,-1.998
-0.058,-3.379
-0.157,0.348
-0.41,-2.792
-0.708,-0.342
-0.603,-2.071
-0.606,-1.414
-0.721,0.129
-0.623,-0.87
-0.76,-0.262
-0.728,-0.323
-1.003,-1.394
-1.216,-0.353
-1.209,-0.176
-1.241,-0.667
-1.579,-1.38
-1.597,-1.588
-1.616,-1.188
-1.638,-0.064
-1.848,-2.068
-1.898,0.284
-1.861,-2.925
-1.994,-2.537
-2.023,-3.419
-1.9,-1.564
-2.079,-2.685
-2.003,0.337
-2.153,-1.326
-2.538,-0.162
-2.479,-2.813
-2.657,-1.944
-2.77,-0.226
-2.652,-0.539
-2.834,-0.068
-2.821,0.162
-2.85,-1.57
-2.796,-1.981
-3.136,-1.409
-3.013,-2.503
3.113,-1.102
2.741,-1.844
2.641,-0.107
2.562,-1.285
2.504,-1.912
2.238,-2.576
2.31,-0.285
2.182,-2.806
2.079,-2.123
2.02,-2.5
1.726,-2.031
1.852,-2.641
1.753,-1.445
1.607,-2.298
1.63,-2.211
1.624,-3.311
1.494,0.013
1.506,-1.94
1.451,-1.212
1.314,-2.083
1.251,-1.539
1.308,-2.916
1.171,-1.222
1.304,-2.028
1.311,-0.088
1.011,-3.752
0.111,-3.828
0.101,-3.861
-0.876,-3.897
2.457,-3.632
2.471,-3.724
2.203,-3.875
1.807,-3.774
0.741,0.363
-3.108,0.362
0.997,-2.768
-1.012,-1.1
-1.634,-3.313
3.095,-1.057
1.351,-2.18
1.079,-0.755
-0.299,-3.056
-0.886,-0.795
-1.894,-0.078
3.087,-2.268
3.091,-2.266
3.041,-1.348
2.868,-0.664
1.951,-0.669
1.818,-0.012
1.764,-0.662
1.743,-0.451
1.701,-0.529
1.74,-0.033
1.619,-0.696
0.481,-1.143
-1.703,-2.473
-2.272,-1.012
-2.724,-2.43
1.805,-2.41
1.56,-1.112
-2.47,-3.556
2.013,-3.837
2.984,0.484
-0.824,-3.92
-1.987,-3.929
-1.967,-3.792
-0.08,-1.867
-0.181,1.143
-0.228,-1.036
-0.199,-0.889
-0.242,-0.339
-0.271,-0.225
-0.427,-0.328
-0.398,1.291
-0.51,0.103
-0.571,0.62
-0.595,0.404
-0.616,-1.264
-0.619,-0.744
-0.75,1.293
-0.678,0.948
-0.771,-1.868
-0.879,-0.4
-0.888,-0.467
-0.925,-1.744
-1.078,1.705
-1.031,0.641
-1.052,-1.717
-1.101,0.685
-1.179,-0.949
-1.161,-1.537
-1.17,-0.904
-1.239,-1.2
-1.206,-1.017
-1.214,-0.685
-1.264,0.53
-1.224,-1.44
-1.308,-1.38
-1.372,1.78
-1.346,0.269
-1.433,-1.429
-1.609,-1.547
-1.601,-1.883
-1.656,-1.347
-1.727,-1.432
-1.743,-0.731
-1.705,-0.469
-1.732,-1.339
-1.801,-1.522
-1.82,1.773
-1.951,-0.749
-1.887,1.543
-1.903,1.987
-1.972,0.55
-1.967,1.58
-2.025,1.176
-2.003,1.249
-2.083,-0.697
-2.055,-1.86
-2.056,-0.048
-2.158,1.449
-2.103,-1.267
-2.124,-1.742
-2.177,-0.219
-2.197,-0.945
-2.219,-1.034
-2.299,1.483
-2.247,1.917
-2.315,-1.657
-2.283,-0.057
-2.424,-0.625
-2.437,0.688
-2.458,-0.593
-2.432,1.842
-2.568,0.074
-2.52,-0.516
-2.51,-1.455
-2.594,-0.982
-2.585,-0.244
-2.656,1.885
-2.628,-0.079
-2.725,-1.146
-2.733,-1.503
-2.663,1.24
-2.753,0.409
-2.682,1.103
-2.878,-1.248
-2.862,0.759
-2.91,1.178
-2.993,0.36
-3.071,1.086
-3.13,1.121
3.036,0.868
2.961,0.82
2.944,-0.986
2.954,1.796
2.902,-1.425
2.882,1.304
2.692,1.588
2.582,-0.24
2.619,-0.076
2.552,0.906
2.519,-0.369
2.461,0.75
2.431,0.47
2.329,0.317
2.363,1.974
2.239,-1.786
2.267,0.094
2.18,-1.002
2.229,1.529
2.214,1.52
1.675,1.864
1.649,-0.333
1.576,-1.851
1.617,0.986
1.573,0.88
1.515,1.659
1.581,-0.604
1.42,-1.039
1.418,0.168
1.484,1.988
1.465,0.625
1.403,1.898
1.376,-1.529
1.375,-0.564
1.302,-0.094
1.313,0.226
1.35,1.55
1.249,-0.906
1.248,1.719
1.077,-2.056
1.087,-2.011
0.902,-2.076
-1.623,-2.328
-1.788,-2.293
-1.806,-2.127
-1.826,-2.079
-1.921,-2.135
-2.084,-2.287
-3.018,-2.298
2.811,-2.208
1.036,1.817
0.07,2.051
-0.641,1.763
2.308,2.063
2.0,1.843
1.898,1.835
1.461,2.084
-0.444,0.48
-2.195,-1.195
1.435,1.62
1.278,-1.81
-2.438,-2.059
1.078,0.427
1.036,0.892
1.07,-1.438
1.06,-1.164
1.016,0.895
0.81,0.288
0.926,-0.103
0.774,-0.749
0.904,-0.223
0.809,-1.838
0.404,-0.952
0.277,0.385
0.246,-0.437
0.25,-0.42
0.25,1.685
0.234,1.508
0.304,-0.948
0.267,-1.79
0.117,-0.912
0.208,1.061
0.213,0.262
0.171,-0.41
-0.037,1.55
0.004,1.298
-0.111,-0.39
-0.001,-1.771
-0.1,1.956
-0.353,-1.184
-0.651,1.266
-0.546,-0.463
-0.549,0.194
-0.664,1.737
-0.566,0.738
-0.703,1.346
-0.671,1.285
-0.946,0.214
-1.159,1.255
-1.152,1.432
-1.184,0.941
-1.522,0.228
-1.54,0.02
-1.559,0.42
-1.581,1.544
-1.791,-0.46
-1.841,1.892
-1.804,-1.317
-1.937,-0.929
-1.966,-1.811
-1.843,0.044
-2.022,-1.077
-1.946,1.945
-2.096,0.282
-2.481,1.446
-2.422,-1.205
-2.6,-0.336
-2.713,1.382
-2.595,1.069
-2.777,1.54
-2.764,1.77
-2.793,0.038
-2.739,-0.373
-3.079,0.199
-2.956,-0.895
-3.113,0.506
2.798,-0.236
2.698,1.501
2.619,0.323
2.561,-0.304
2.295,-0.968
2.367,1.323
2.239,-1.198
2.136,-0.515
2.077,-0.892
1.783,-0.423
1.909,-1.033
1.81,0.163
1.664,-0.69
1.687,-0.603
1.681,-1.703
1.551,1.621
1.563,-0.332
1.508,0.396
1.371,-0.475
1.308,0.069
1.365,-1.308
1.228,0.386
1.361,-0.42
1.368,1.52
1.068,-2.144
0.168,-2.22
0.158,-2.253
-0.819,-2.289
2.514,-2.024
2.528,-2.116
2.26,-2.267
1.864,-2.166
0.798,1.971
-3.051,1.97
1.054,-1.16
-0.955,0.508
-1.577,-1.705
-3.131,0.551
1.408,-0.572
1.136,0.853
-0.242,-1.448
-0.829,0.813
-1.837,1.53
-3.139,-0.66
-3.135,-0.658
3.098,0.26
2.925,0.944
2.008,0.939
1.875,1.596
1.821,0.946
1.8,1.157
1.758,1.079
1.797,1.575
1.676,0.912
0.538,0.465
-1.646,-0.865
-2.215,0.596
-2.667,-0.822
1.862,-0.802
1.617,0.496
-2.413,-1.948
2.07,-2.229
3.041,2.092
-0.767,-2.312
-1.93,-2.321
-1.91,-2.184
-0.101,3.01
-0.148,0.831
-0.119,0.978
-0.162,1.528
-0.191,1.642
-0.347,1.539
-0.318,3.158
-0.43,1.97
-0.491,2.487
-0.515,2.271
-0.536,0.603
-0.539,1.123
-0.67,3.16
-0.598,2.815
-0.691,-0.001
-0.799,1.467
-0.808,1.4
-0.845,0.123
-0.998,3.572
-0.951,2.508
-0.972,0.15
-1.021,2.552
-1.099,0.918
-1.081,0.33
-1.09,0.963
-1.159,0.667
-1.126,0.85
-1.134,1.182
-1.184,2.397
-1.144,0.427
-1.228,0.487
-1.292,3.647
-1.266,2.136
-1.353,0.438
-1.529,0.32
-1.521,-0.016
-1.576,0.52
-1.647,0.435
-1.663,1.136
-1.625,1.398
-1.652,0.528
-1.721,0.345
-1.74,3.64
-1.871,1.118
-1.807,3.41
-1.823,3.854
-1.892,2.417
-1.887,3.447
-1.945,3.043
-1.923,3.116
-2.003,1.17
-1.975,0.007
-1.976,1.819
-2.078,3.316
-2.023,0.6
-2.044,0.125
-2.097,1.648
-2.117,0.922
-2.139,0.833
-2.219,3.35
-2.167,3.784
-2.235,0.21
-2.203,1.81
-2.344,1.242
-2.357,2.555
-2.378,1.274
-2.352,3.709
-2.488,1.941
-2.44,1.351
-2.43,0.412
-2.514,0.885
-2.505,1.623
-2.576,3.752
-2.548,1.788
-2.645,0.721
-2.653,0.364
-2.583,3.107
-2.673,2.276
-2.602,2.97
-2.798,0.619
-2.782,2.626
-2.83,3.045
-2.913,2.227
-2.991,2.953
-3.05,2.988
3.116,2.735
3.041,2.687
3.024,0.881
3.034,3.663
2.982,0.442
2.962,3.171
2.772,3.455
2.662,1.627
2.699,1.791
2.632,2.773
2.599,1.498
2.541,2.617
2.511,2.337
2.409,2.184
2.443,3.841
2.319,0.081
2.347,1.961
2.26,0.865
2.309,3.396
2.294,3.387
1.755,3.731
1.729,1.534
1.656,0.016
1.697,2.853
1.653,2.747
1.595,3.526
1.661,1.263
1.5,0.828
1.498,2.035
1.564,3.855
1.545,2.492
1.483,3.765
1.456,0.338
1.455,1.303
1.382,1.773
1.393,2.093
1.43,3.417
1.329,0.961
1.328,3.586
1.157,-0.189
1.167,-0.144
0.982,-0.209
-1.543,-0.461
-1.708,-0.426
-1.726,-0.26
-1.746,-0.212
-1.841,-0.268
-2.004,-0.42
-2.938,-0.431
2.891,-0.341
1.116,3.684
0.15,3.918
-0.561,3.63
2.388,3.93
2.08,3.71
1.978,3.702
1.541,3.951
-0.364,2.347
-2.115,0.672
1.515,3.487
1.358,0.057
-2.358,-0.192
1.158,2.294
1.116,2.759
1.15,0.429
1.14,0.703
1.096,2.762
0.89,2.155
1.006,1.764
0.854,1.118
0.984,1.644
0.889,0.029
0.484,0.915
0.357,2.252
0.326,1.43
0.33,1.447
0.33,3.552
0.314,3.375
0.384,0.919
0.347,0.077
0.197,0.955
0.288,2.928
0.293,2.129
0.251,1.457
0.043,3.417
0.084,3.165
-0.031,1.477
0.079,0.096
-0.02,3.823
-0.273,0.683
-0.571,3.133
-0.466,1.404
-0.469,2.061
-0.584,3.604
-0.486,2.605
-0.623,3.213
-0.591,3.152
-0.866,2.081
-1.079,3.122
-1.072,3.299
-1.104,2.808
-1.442,2.095
-1.46,1.887
-1.479,2.287
-1.501,3.411
-1.711,1.407
-1.761,3.759
-1.724,0.55
-1.857,0.938
-1.886,0.056
-1.763,1.911
-1.942,0.79
-1.866,3.812
-2.016,2.149
-2.401,3.313
-2.342,0.662
-2.52,1.531
-2.633,3.249
-2.515,2.936
-2.697,3.407
-2.684,3.637
-2.713,1.905
-2.659,1.494
-2.999,2.066
-2.876,0.972
-3.033,2.373
2.878,1.631
2.778,3.368
2.699,2.19
2.641,1.563
2.375,0.899
2.447,3.19
2.319,0.669
2.216,1.352
2.157,0.975
1.863,1.444
1.989,0.834
1.89,2.03
1.744,1.177
1.767,1.264
1.761,0.164
1.631,3.488
1.643,1.535
1.588,2.263
1.451,1.392
1.388,1.936
1.445,0.559
1.308,2.253
1.441,1.447
1.448,3.387
1.148,-0.277
0.248,-0.353
0.238,-0.386
-0.739,-0.422
2.594,-0.157
2.608,-0.249
2.34,-0.4
1.944,-0.299
0.878,3.838
-2.971,3.837
1.134,0.707
-0.875,2.375
-1.497,0.162
-3.051,2.418
1.488,1.295
1.216,2.72
-0.162,0.419
-0.749,2.68
-1.757,3.397
-3.059,1.207
-3.055,1.209
-3.105,2.127
3.005,2.811
2.088,2.806
1.955,3.463
1.901,2.813
1.88,3.024
1.838,2.946
1.877,3.442
1.756,2.779
0.618,2.332
-1.566,1.002
-2.135,2.463
-2.587,1.045
1.942,1.065
1.697,2.363
-2.333,-0.081
2.15,-0.362
3.121,3.959
-0.687,-0.445
-1.85,-0.454
-1.83,-0.317
-0.047,-2.179
-0.018,-2.032
-0.061,-1.482
-0.09,-1.368
-0.246,-1.471
-0.217,0.148
-0.329,-1.04
-0.39,-0.523
-0.414,-0.739
-0.435,-2.407
-0.438,-1.887
-0.569,0.15
-0.497,-0.195
-0.59,-3.011
-0.698,-1.543
-0.707,-1.61
-0.744,-2.887
-0.897,0.562
-0.85,-0.502
-0.871,-2.86
-0.92,-0.458
-0.998,-2.092
-0.98,-2.68
-0.989,-2.047
-1.058,-2.343
-1.025,-2.16
-1.033,-1.828
-1.083,-0.613
-1.043,-2.583
-1.127,-2.523
-1.191,0.637
-1.165,-0.874
-1.252,-2.572
-1.428,-2.69
-1.42,-3.026
-1.475,-2.49
-1.546,-2.575
-1.562,-1.874
-1.524,-1.612
-1.551,-2.482
-1.62,-2.665
-1.639,0.63
-1.77,-1.892
-1.706,0.4
-1.722,0.844
-1.791,-0.593
-1.786,0.437
-1.844,0.033
-1.822,0.106
-1.902,-1.84
-1.874,-3.003
-1.875,-1.191
-1.977,0.306
-1.922,-2.41
-1.943,-2.885
-1.996,-1.362
-2.016,-2.088
-2.038,-2.177
-2.118,0.34
-2.066,0.774
-2.134,-2.8
-2.102,-1.2
-2.243,-1.768
-2.256,-0.455
-2.277,-1.736
-2.251,0.699
-2.387,-1.069
-2.339,-1.659
-2.329,-2.598
-2.413,-2.125
-2.404,-1.387
-2.475,0.742
-2.447,-1.222
-2.544,-2.289
-2.552,-2.646
-2.482,0.097
-2.572,-0.734
-2.501,-0.04
-2.697,-2.391
-2.681,-0.384
-2.729,0.035
-2.812,-0.783
-2.89,-0.057
-2.949,-0.022
-3.066,-0.275
-3.141,-0.323
3.125,-2.129
3.135,0.653
3.083,-2.568
3.063,0.161
2.873,0.445
2.763,-1.383
2.8,-1.219
2.733,-0.237
2.7,-1.512
2.642,-0.393
2.612,-0.673
2.51,-0.826
2.544,0.831
2.42,-2.929
2.448,-1.049
2.361,-2.145
2.41,0.386
2.395,0.377
1.856,0.721
1.83,-1.476
1.757,-2.994
1.798,-0.157
1.754,-0.263
1.696,0.516
1.762,-1.747
1.601,-2.182
1.599,-0.975
1.665,0.845
1.646,-0.518
1.584,0.755
1.557,-2.672
1.556,-1.707
1.483,-1.237
1.494,-0.917
1.531,0.407
1.43,-2.049
1.429,0.576
1.258,-3.199
1.268,-3.154
1.083,-3.219
-1.442,-3.471
-1.607,-3.436
-1.625,-3.27
-1.645,-3.222
-1.74,-3.278
-1.903,-3.43
-2.837,-3.441
2.992,-3.351
1.217,0.674
0.251,0.908
-0.46,0.62
2.489,0.92
2.181,0.7
2.079,0.692
1.642,0.941
-0.263,-0.663
-2.014,-2.338
1.616,0.477
1.459,-2.953
-2.257,-3.202
1.259,-0.716
1.217,-0.251
1.251,-2.581
1.241,-2.307
1.197,-0.248
0.991,-0.855
1.107,-1.246
0.955,-1.892
1.085,-1.366
0.99,-2.981
0.585,-2.095
0.458,-0.758
0.427,-1.58
0.431,-1.563
0.431,0.542
0.415,0.365
0.485,-2.091
0.448,-2.933
0.298,-2.055
0.389,-0.082
0.394,-0.881
0.352,-1.553
0.144,0.407
0.185,0.155
0.07,-1.533
0.18,-2.914
0.081,0.813
-0.172,-2.327
-0.47,0.123
-0.365,-1.606
-0.368,-0.949
-0.483,0.594
-0.385,-0.405
-0.522,0.203
-0.49,0.142
-0.765,-0.929
-0.978,0.112
-0.971,0.289
-1.003,-0.202
-1.341,-0.915
-1.359,-1.123
-1.378,-0.723
-1.4,0.401
-1.61,-1.603
-1.66,0.749
-1.623,-2.46
-1.756,-2.072
-1.785,-2.954
-1.662,-1.099
-1.841,-2.22
-1.765,0.802
-1.915,-0.861
-2.3,0.303
-2.241,-2.348
-2.419,-1.479
-2.532,0.239
-2.414,-0.074
-2.596,0.397
-2.583,0.627
-2.612,-1.105
-2.558,-1.516
-2.898,-0.944
-2.775,-2.038
-2.932,-0.637
2.979,-1.379
2.879,0.358
2.8,-0.82
2.742,-1.447
2.476,-2.111
2.548,0.18
2.42,-2.341
2.317,-1.658
2.258,-2.035
1.964,-1.566
2.09,-2.176
1.991,-0.98
1.845,-1.833
1.868,-1.746
1.862,-2.846
1.732,0.478
1.744,-1.475
1.689,-0.747
1.552,-1.618
1.489,-1.074
1.546,-2.451
1.409,-0.757
1.542,-1.563
1.549,0.377
1.249,-3.287
0.349,-3.363
0.339,-3.396
-0.638,-3.432
2.695,-3.167
2.709,-3.259
2.441,-3.41
2.045,-3.309
0.979,0.828
-2.87,0.827
1.235,-2.303
-0.774,-0.635
-1.396,-2.848
-2.95,-0.592
1.589,-1.715
1.317,-0.29
-0.061,-2.591
-0.648,-0.33
-1.656,0.387
-2.958,-1.803
-2.954,-1.801
-3.004,-0.883
3.106,-0.199
2.189,-0.204
2.056,0.453
2.002,-0.197
1.981,0.014
1.939,-0.064
1.978,0.432
1.857,-0.231
0.719,-0.678
-1.465,-2.008
-2.034,-0.547
-2.486,-1.965
2.043,-1.945
1.798,-0.647
-2.232,-3.091
2.251,-3.372
-3.061,0.949
-0.586,-3.455
-1.749,-3.464
-1.729,-3.327
0.029,0.147
-0.014,0.697
-0.043,0.811
-0.199,0.708
-0.17,2.327
-0.282,1.139
-0.343,1.656
-0.367,1.44
-0.388,-0.228
-0.391,0.292
-0.522,2.329
-0.45,1.984
-0.543,-0.832
-0.651,0.636
-0.66,0.569
-0.697,-0.708
-0.85,2.741
-0.803,1.677
-0.824,-0.681
-0.873,1.721
-0.951,0.087
-0.933,-0.501
-0.942,0.132
-1.011,-0.164
-0.978,0.019
-0.986,0.351
-1.036,1.566
-0.996,-0.404
-1.08,-0.344
-1.144,2.816
-1.118,1.305
-1.205,-0.393
-1.381,-0.511
-1.373,-0.847
-1.428,-0.311
-1.499,-0.396
-1.515,0.305
-1.477,0.567
-1.504,-0.303
-1.573,-0.486
-1.592,2.809
-1.723,0.287
-1.659,2.579
-1.675,3.023
-1.744,1.586
-1.739,2.616
-1.797,2.212
-1.775,2.285
-1.855,0.339
-1.827,-0.824
-1.828,0.988
-1.93,2.485
-1.875,-0.231
-1.896,-0.706
-1.949,0.817
-1.969,0.091
-1.991,0.002
-2.071,2.519
-2.019,2.953
-2.087,-0.621
-2.055,0.979
-2.196,0.411
-2.209,1.724
-2.23,0.443
-2.204,2.878
-2.34,1.11
-2.292,0.52
-2.282,-0.419
-2.366,0.054
-2.357,0.792
-2.428,2.921
-2.4,0.957
-2.497,-0.11
-2.505,-0.467
-2.435,2.276
-2.525,1.445
-2.454,2.139
-2.65,-0.212
-2.634,1.795
-2.682,2.214
-2.765,1.396
-2.843,2.122
-2.902,2.157
-3.019,1.904
-3.094,1.856
-3.111,0.05
-3.101,2.832
3.13,-0.389
3.11,2.34
2.92,2.624
2.81,0.796
2.847,0.96
2.78,1.942
2.747,0.667
2.689,1.786
2.659,1.506
2.557,1.353
2.591,3.01
2.467,-0.75
2.495,1.13
2.408,0.034
2.457,2.565
2.442,2.556
1.903,2.9
1.877,0.703
1.804,-0.815
1.845,2.022
1.801,1.916
1.743,2.695
1.809,0.432
1.648,-0.003
1.646,1.204
1.712,3.024
1.693,1.661
1.631,2.934
1.604,-0.493
1.603,0.472
1.53,0.942
1.541,1.262
1.578,2.586
1.477,0.13
1.476,2.755
1.305,-1.02
1.315,-0.975
1.13,-1.04
-1.395,-1.292
-1.56,-1.257
-1.578,-1.091
-1.598,-1.043
-1.693,-1.099
-1.856,-1.251
-2.79,-1.262
3.039,-1.172
1.264,2.853
0.298,3.087
-0.413,2.799
2.536,3.099
2.228,2.879
2.126,2.871
1.689,3.12
-0.216,1.516
-1.967,-0.159
1.663,2.656
1.506,-0.774
-2.21,-1.023
1.306,1.463
1.264,1.928
1.298,-0.402
1.288,-0.128
1.244,1.931
1.038,1.324
1.154,0.933
1.002,0.287
1.132,0.813
1.037,-0.802
0.632,0.084
0.505,1.421
0.474,0.599
0.478,0.616
0.478,2.721
0.462,2.544
0.532,0.088
0.495,-0.754
0.345,0.124
0.436,2.097
0.441,1.298
0.399,0.626
0.191,2.586
0.232,2.334
0.117,0.646
0.227,-0.735
0.128,2.992
-0.125,-0.148
-0.423,2.302
-0.318,0.573
-0.321,1.23
-0.436,2.773
-0.338,1.774
-0.475,2.382
-0.443,2.321
-0.718,1.25
-0.931,2.291
-0.924,2.468
-0.956,1.977
-1.294,1.264
-1.312,1.056
-1.331,1.456
-1.353,2.58
-1.563,0.576
-1.613,2.928
-1.576,-0.281
-1.709,0.107
-1.738,-0.775
-1.615,1.08
-1.794,-0.041
-1.718,2.981
-1.868,1.318
-2.253,2.482
-2.194,-0.169
-2.372,0.7
-2.485,2.418
-2.367,2.105
-2.549,2.576
-2.536,2.806
-2.565,1.074
-2.511,0.663
-2.851,1.235
-2.728,0.141
-2.885,1.542
3.026,0.8
2.926,2.537
2.847,1.359
2.789,0.732
2.523,0.068
2.595,2.359
2.467,-0.162
2.364,0.521
2.305,0.144
2.011,0.613
2.137,0.003
2.038,1.199
1.892,0.346
1.915,0.433
1.909,-0.667
1.779,2.657
1.791,0.704
1.736,1.432
1.599,0.561
1.536,1.105
1.593,-0.272
1.456,1.422
1.589,0.616
1.596,2.556
1.296,-1.108
0.396,-1.184
0.386,-1.217
-0.591,-1.253
2.742,-0.988
2.756,-1.08
2.488,-1.231
2.092,-1.13
1.026,3.007
-2.823,3.006
1.282,-0.124
-0.727,1.544
-1.349,-0.669
-2.903,1.587
1.636,0.464
1.364,1.889
-0.014,-0.412
-0.601,1.849
-1.609,2.566
-2.911,0.376
-2.907,0.378
-2.957,1.296
-3.13,1.98
2.236,1.975
2.103,2.632
2.049,1.982
2.028,2.193
1.986,2.115
2.025,2.611
1.904,1.948
0.766,1.501
-1.418,0.171
-1.987,1.632
-2.439,0.214
2.09,0.234
1.845,1.532
-2.185,-0.912
2.298,-1.193
-3.014,3.128
-0.539,-1.276
-1.702,-1.285
-1.682,-1.148
-0.043,0.55
-0.072,0.664
-0.228,0.561
-0.199,2.18
-0.311,0.992
-0.372,1.509
-0.396,1.293
-0.417,-0.375
-0.42,0.145
-0.551,2.182
-0.479,1.837
-0.572,-0.979
-0.68,0.489
-0.689,0.422
-0.726,-0.855
-0.879,2.594
-0.832,1.53
-0.853,-0.828
-0.902,1.574
-0.98,-0.06
-0.962,-0.648
-0.971,-0.015
-1.04,-0.311
-1.007,-0.128
-1.015,0.204
-1.065,1.419
-1.025,-0.551
-1.109,-0.491
-1.173,2.669
-1.147,1.158
-1.234,-0.54
-1.41,-0.658
-1.402,-0.994
-1.457,-0.458
-1.528,-0.543
-1.544,0.158
-1.506,0.42
-1.533,-0.45
-1.602,-0.633
-1.621,2.662
-1.752,0.14
-1.688,2.432
-1.704,2.876
-1.773,1.439
-1.768,2.469
-1.826,2.065
-1.804,2.138
-1.884,0.192
-1.856,-0.971
-1.857,0.841
-1.959,2.338
-1.904,-0.378
-1.925,-0.853
-1.978,0.67
-1.998,-0.056
-2.02,-0.145
-2.1,2.372
-2.048,2.806
-2.116,-0.768
-2.084,0.832
-2.225,0.264
-2.238,1.577
-2.259,0.296
-2.233,2.731
-2.369,0.963
-2.321,0.373
-2.311,-0.566
-2.395,-0.093
-2.386,0.645
-2.457,2.774
-2.429,0.81
-2.526,-0.257
-2.534,-0.614
-2.464,2.129
-2.554,1.298
-2.483,1.992
-2.679,-0.359
-2.663,1.648
-2.711,2.067
-2.794,1.249
-2.872,1.975
-2.931,2.01
-3.048,1.757
-3.123,1.709
-3.14,-0.097
-3.13,2.685
3.101,-0.536
3.081,2.193
2.891,2.477
2.781,0.649
2.818,0.813
2.751,1.795
2.718,0.52
2.66,1.639
2.63,1.359
2.528,1.206
2.562,2.863
2.438,-0.897
2.466,0.983
2.379,-0.113
2.428,2.418
2.413,2.409
1.874,2.753
1.848,0.556
1.775,-0.962
1.816,1.875
1.772,1.769
1.714,2.548
1.78,0.285
1.619,-0.15
1.617,1.057
1.683,2.877
1.664,1.514
1.602,2.787
1.575,-0.64
1.574,0.325
1.501,0.795
1.512,1.115
1.549,2.439
1.448,-0.017
1.447,2.608
1.276,-1.167
1.286,-1.122
1.101,-1.187
-1.424,-1.439
-1.589,-1.404
-1.607,-1.238
-1.627,-1.19
-1.722,-1.246
-1.885,-1.398
-2.819,-1.409
3.01,-1.319
1.235,2.706
0.269,2.94
-0.442,2.652
2.507,2.952
2.199,2.732
2.097,2.724
1.66,2.973
-0.245,1.369
-1.996,-0.306
1.634,2.509
1.477,-0.921
-2.239,-1.17
1.277,1.316
1.235,1.781
1.269,-0.549
1.259,-0.275
1.215,1.784
1.009,1.177
1.125,0.786
0.973,0.14
1.103,0.666
1.008,-0.949
0.603,-0.063
0.476,1.274
0.445,0.452
0.449,0.469
0.449,2.574
0.433,2.397
0.503,-0.059
0.466,-0.901
0.316,-0.023
0.407,1.95
0.412,1.151
0.37,0.479
0.162,2.439
0.203,2.187
0.088,0.499
0.198,-0.882
0.099,2.845
-0.154,-0.295
-0.452,2.155
-0.347,0.426
-0.35,1.083
-0.465,2.626
-0.367,1.627
-0.504,2.235
-0.472,2.174
-0.747,1.103
-0.96,2.144
-0.953,2.321
-0.985,1.83
-1.323,1.117
-1.341,0.909
-1.36,1.309
-1.382,2.433
-1.592,0.429
-1.642,2.781
-1.605,-0.428
-1.738,-0.04
-1.767,-0.922
-1.644,0.933
-1.823,-0.188
-1.747,2.834
-1.897,1.171
-2.282,2.335
-2.223,-0.316
-2.401,0.553
-2.514,2.271
-2.396,1.958
-2.578,2.429
-2.565,2.659
-2.594,0.927
-2.54,0.516
-2.88,1.088
-2.757,-0.006
-2.914,1.395
2.997,0.653
2.897,2.39
2.818,1.212
2.76,0.585
2.494,-0.079
2.566,2.212
2.438,-0.309
2.335,0.374
2.276,-0.003
1.982,0.466
2.108,-0.144
2.009,1.052
1.863,0.199
1.886,0.286
1.88,-0.814
1.75,2.51
1.762,0.557
1.707,1.285
1.57,0.414
1.507,0.958
1.564,-0.419
1.427,1.275
1.56,0.469
1.567,2.409
1.267,-1.255
0.367,-1.331
0.357,-1.364
-0.62,-1.4
2.713,-1.135
2.727,-1.227
2.459,-1.378
2.063,-1.277
0.997,2.86
-2.852,2.859
1.253,-0.271
-0.756,1.397
-1.378,-0.816
-2.932,1.44
1.607,0.317
1.335,1.742
-0.043,-0.559
-0.63,1.702
-1.638,2.419
-2.94,0.229
-2.936,0.231
-2.986,1.149
3.124,1.833
2.207,1.828
2.074,2.485
2.02,1.835
1.999,2.046
1.957,1.968
1.996,2.464
1.875,1.801
0.737,1.354
-1.447,0.024
-2.016,1.485
-2.468,0.067
2.061,0.087
1.816,1.385
-2.214,-1.059
2.269,-1.34
-3.043,2.981
-0.568,-1.423
-1.731,-1.432
-1.711,-1.295
-0.029,0.114
-0.185,0.011
-0.156,1.63
-0.268,0.442
-0.329,0.959
-0.353,0.743
-0.374,-0.925
-0.377,-0.405
-0.508,1.632
-0.436,1.287
-0.529,-1.529
-0.637,-0.061
-0.646,-0.128
-0.683,-1.405
-0.836,2.044
-0.789,0.98
-0.81,-1.378
-0.859,1.024
-0.937,-0.61
-0.919,-1.198
-0.928,-0.565
-0.997,-0.861
-0.964,-0.678
-0.972,-0.346
-1.022,0.869
-0.982,-1.101
-1.066,-1.041
-1.13,2.119
-1.104,0.608
-1.191,-1.09
-1.367,-1.208
-1.359,-1.544
-1.414,-1.008
-1.485,-1.093
-1.501,-0.392
-1.463,-0.13
-1.49,-1.0
-1.559,-1.183
-1.578,2.112
-1.709,-0.41
-1.645,1.882
-1.661,2.326
-1.73,0.889
-1.725,1.919
-1.783,1.515
-1.761,1.588
-1.841,-0.358
-1.813,-1.521
-1.814,0.291
-1.916,1.788
-1.861,-0.928
-1.882,-1.403
-1.935,0.12
-1.955,-0.606
-1.977,-0.695
-2.057,1.822
-2.005,2.256
-2.073,-1.318
-2.041,0.282
-2.182,-0.286
-2.195,1.027
-2.216,-0.254
-2.19,2.181
-2.326,0.413
-2.278,-0.177
-2.268,-1.116
-2.352,-0.643
-2.343,0.095
-2.414,2.224
-2.386,0.26
-2.483,-0.807
-2.491,-1.164
-2.421,1.579
-2.511,0.748
-2.44,1.442
-2.636,-0.909
-2.62,1.098
-2.668,1.517
-2.751,0.699
-2.829,1.425
-2.888,1.46
-3.005,1.207
-3.08,1.159
-3.097,-0.647
-3.087,2.135
-3.139,-1.086
3.124,1.643
2.934,1.927
2.824,0.099
2.861,0.263
2.794,1.245
2.761,-0.03
2.703,1.089
2.673,0.809
2.571,0.656
2.605,2.313
2.481,-1.447
2.509,0.433
2.422,-0.663
2.471,1.868
2.456,1.859
1.917,2.203
1.891,0.006
1.818,-1.512
1.859,1.325
1.815,1.219
1.757,1.998
1.823,-0.265
1.662,-0.7
1.66,0.507
1.726,2.327
1.707,0.964
1.645,2.237
1.618,-1.19
1.617,-0.225
1.544,0.245
1.555,0.565
1.592,1.889
1.491,-0.567
1.49,2.058
1.319,-1.717
1.329,-1.672
1.144,-1.737
-1.381,-1.989
-1.546,-1.954
-1.564,-1.788
-1.584,-1.74
-1.679,-1.796
-1.842,-1.948
-2.776,-1.959
3.053,-1.869
1.278,2.156
0.312,2.39
-0.399,2.102
2.55,2.402
2.242,2.182
2.14,2.174
1.703,2.423
-0.202,0.819
-1.953,-0.856
1.677,1.959
1.52,-1.471
-2.196,-1.72
1.32,0.766
1.278,1.231
1.312,-1.099
1.302,-0.825
1.258,1.234
1.052,0.627
1.168,0.236
1.016,-0.41
1.146,0.116
1.051,-1.499
0.646,-0.613
0.519,0.724
0.488,-0.098
0.492,-0.081
0.492,2.024
0.476,1.847
0.546,-0.609
0.509,-1.451
0.359,-0.573
0.45,1.4
0.455,0.601
0.413,-0.071
0.205,1.889
0.246,1.637
0.131,-0.051
0.241,-1.432
0.142,2.295
-0.111,-0.845
-0.409,1.605
-0.304,-0.124
-0.307,0.533
-0.422,2.076
-0.324,1.077
-0.461,1.685
-0.429,1.624
-0.704,0.553
-0.917,1.594
-0.91,1.771
-0.942,1.28
-1.28,0.567
-1.298,0.359
-1.317,0.759
-1.339,1.883
-1.549,-0.121
-1.599,2.231
-1.562,-0.978
-1.695,-0.59
-1.724,-1.472
-1.601,0.383
-1.78,-0.738
-1.704,2.284
-1.854,0.621
-2.239,1.785
-2.18,-0.866
-2.358,0.003
-2.471,1.721
-2.353,1.408
-2.535,1.879
-2.522,2.109
-2.551,0.377
-2.497,-0.034
-2.837,0.538
-2.714,-0.556
-2.871,0.845
3.04,0.103
2.94,1.84
2.861,0.662
2.803,0.035
2.537,-0.629
2.609,1.662
2.481,-0.859
2.378,-0.176
2.319,-0.553
2.025,-0.084
2.151,-0.694
2.052,0.502
1.906,-0.351
1.929,-0.264
1.923,-1.364
1.793,1.96
1.805,0.007
1.75,0.735
1.613,-0.136
1.55,0.408
1.607,-0.969
1.47,0.725
1.603,-0.081
1.61,1.859
1.31,-1.805
0.41,-1.881
0.4,-1.914
-0.577,-1.95
2.756,-1.685
2.77,-1.777
2.502,-1.928
2.106,-1.827
1.04,2.31
-2.809,2.309
1.296,-0.821
-0.713,0.847
-1.335,-1.366
-2.889,0.89
1.65,-0.233
1.378,1.192
0.0,-1.109
-0.587,1.152
-1.595,1.869
-2.897,-0.321
-2.893,-0.319
-2.943,0.599
-3.116,1.283
2.25,1.278
2.117,1.935
2.063,1.285
2.042,1.496
2.0,1.418
2.039,1.914
1.918,1.251
0.78,0.804
-1.404,-0.526
-1.973,0.935
-2.425,-0.483
2.104,-0.463
1.859,0.835
-2.171,-1.609
2.312,-1.89
-3.0,2.431
-0.525,-1.973
-1.688,-1.982
-1.668,-1.845
-0.156,-0.103
-0.127,1.516
-0.239,0.328
-0.3,0.845
-0.324,0.629
-0.345,-1.039
-0.348,-0.519
-0.479,1.518
-0.407,1.173
-0.5,-1.643
-0.608,-0.175
-0.617,-0.242
-0.654,-1.519
-0.807,1.93
-0.76,0.866
-0.781,-1.492
-0.83,0.91
-0.908,-0.724
-0.89,-1.312
-0.899,-0.679
-0.968,-0.975
-0.935,-0.792
-0.943,-0.46
-0.993,0.755
-0.953,-1.215
-1.037,-1.155
-1.101,2.005
-1.075,0.494
-1.162,-1.204
-1.338,-1.322
-1.33,-1.658
-1.385,-1.122
-1.456,-1.207
-1.472,-0.506
-1.434,-0.244
-1.461,-1.114
-1.53,-1.297
-1.549,1.998
-1.68,-0.524
-1.616,1.768
-1.632,2.212
-1.701,0.775
-1.696,1.805
-1.754,1.401
-1.732,1.474
-1.812,-0.472
-1.784,-1.635
-1.785,0.177
-1.887,1.674
-1.832,-1.042
-1.853,-1.517
-1.906,0.006
-1.926,-0.72
-1.948,-0.809
-2.028,1.708
-1.976,2.142
-2.044,-1.432
-2.012,0.168
-2.153,-0.4
-2.166,0.913
-2.187,-0.368
-2.161,2.067
-2.297,0.299
-2.249,-0.291
-2.239,-1.23
-2.323,-0.757
-2.314,-0.019
-2.385,2.11
-2.357,0.146
-2.454,-0.921
-2.462,-1.278
-2.392,1.465
-2.482,0.634
-2.411,1.328
-2.607,-1.023
-2.591,0.984
-2.639,1.403
-2.722,0.585
-2.8,1.311
-2.859,1.346
-2.976,1.093
-3.051,1.045
-3.068,-0.761
-3.058,2.021
-3.11,-1.2
-3.13,1.529
2.963,1.813
2.853,-0.015
2.89,0.149
2.823,1.131
2.79,-0.144
2.732,0.975
2.702,0.695
2.6,0.542
2.634,2.199
2.51,-1.561
2.538,0.319
2.451,-0.777
2.5,1.754
2.485,1.745
1.946,2.089
1.92,-0.108
1.847,-1.626
1.888,1.211
1.844,1.105
1.786,1.884
1.852,-0.379
1.691,-0.814
1.689,0.393
1.755,2.213
1.736,0.85
1.674,2.123
1.647,-1.304
1.646,-0.339
1.573,0.131
1.584,0.451
1.621,1.775
1.52,-0.681
1.519,1.944
1.348,-1.831
1.358,-1.786
1.173,-1.851
-1.352,-2.103
-1.517,-2.068
-1.535,-1.902
-1.555,-1.854
-1.65,-1.91
-1.813,-2.062
-2.747,-2.073
3.082,-1.983
1.307,2.042
0.341,2.276
-0.37,1.988
2.579,2.288
2.271,2.068
2.169,2.06
1.732,2.309
-0.173,0.705
-1.924,-0.97
1.706,1.845
1.549,-1.585
-2.167,-1.834
1.349,0.652
1.307,1.117
1.341,-1.213
1.331,-0.939
1.287,1.12
1.081,0.513
1.197,0.122
1.045,-0.524
1.175,0.002
1.08,-1.613
0.675,-0.727
0.548,0.61
0.517,-0.212
0.521,-0.195
0.521,1.91
0.505,1.733
0.575,-0.723
0.538,-1.565
0.388,-0.687
0.479,1.286
0.484,0.487
0.442,-0.185
0.234,1.775
0.275,1.523
0.16,-0.165
0.27,-1.546
0.171,2.181
-0.082,-0.959
-0.38,1.491
-0.275,-0.238
-0.278,0.419
-0.393,1.962
-0.295,0.963
-0.432,1.571
-0.4,1.51
-0.675,0.439
-0.888,1.48
-0.881,1.657
-0.913,1.166
-1.251,0.453
-1.269,0.245
-1.288,0.645
-1.31,1.769
-1.52,-0.235
-1.57,2.117
-1.533,-1.092
-1.666,-0.704
-1.695,-1.586
-1.572,0.269
-1.751,-0.852
-1.675,2.17
-1.825,0.507
-2.21,1.671
-2.151,-0.98
-2.329,-0.111
-2.442,1.607
-2.324,1.294
-2.506,1.765
-2.493,1.995
-2.522,0.263
-2.468,-0.148
-2.808,0.424
-2.685,-0.67
-2.842,0.731
3.069,-0.011
2.969,1.726
2.89,0.548
2.832,-0.079
2.566,-0.743
2.638,1.548
2.51,-0.973
2.407,-0.29
2.348,-0.667
2.054,-0.198
2.18,-0.808
2.081,0.388
1.935,-0.465
1.958,-0.378
1.952,-1.478
1.822,1.846
1.834,-0.107
1.779,0.621
1.642,-0.25
1.579,0.294
1.636,-1.083
1.499,0.611
1.632,-0.195
1.639,1.745
1.339,-1.919
0.439,-1.995
0.429,-2.028
-0.548,-2.064
2.785,-1.799
2.799,-1.891
2.531,-2.042
2.135,-1.941
1.069,2.196
-2.78,2.195
1.325,-0.935
-0.684,0.733
-1.306,-1.48
-2.86,0.776
1.679,-0.347
1.407,1.078
0.029,-1.223
-0.558,1.038
-1.566,1.755
-2.868,-0.435
-2.864,-0.433
-2.914,0.485
-3.087,1.169
2.279,1.164
2.146,1.821
2.092,1.171
2.071,1.382
2.029,1.304
2.068,1.8
1.947,1.137
0.809,0.69
-1.375,-0.64
-1.944,0.821
-2.396,-0.597
2.133,-0.577
1.888,0.721
-2.142,-1.723
2.341,-2.004
-2.971,2.317
-0.496,-2.087
-1.659,-2.096
-1.639,-1.959
0.029,1.619
-0.083,0.431
-0.144,0.948
-0.168,0.732
-0.189,-0.936
-0.192,-0.416
-0.323,1.621
-0.251,1.276
-0.344,-1.54
-0.452,-0.072
-0.461,-0.139
-0.498,-1.416
-0.651,2.033
-0.604,0.969
-0.625,-1.389
-0.674,1.013
-0.752,-0.621
-0.734,-1.209
-0.743,-0.576
-0.812,-0.872
-0.779,-0.689
-0.787,-0.357
-0.837,0.858
-0.797,-1.112
-0.881,-1.052
-0.945,2.108
-0.919,0.597
-1.006,-1.101
-1.182,-1.219
-1.174,-1.555
-1.229,-1.019
-1.3,-1.104
-1.316,-0.403
-1.278,-0.141
-1.305,-1.011
-1.374,-1.194
-1.393,2.101
-1.524,-0.421
-1.46,1.871
-1.476,2.315
-1.545,0.878
-1.54,1.908
-1.598,1.504
-1.576,1.577
-1.656,-0.369
-1.628,-1.532
-1.629,0.28
-1.731,1.777
-1.676,-0.939
-1.697,-1.414
-1.75,0.109
-1.77,-0.617
-1.792,-0.706
-1.872,1.811
-1.82,2.245
-1.888,-1.329
-1.856,0.271
-1.997,-0.297
-2.01,1.016
-2.031,-0.265
-2.005,2.17
-2.141,0.402
-2.093,-0.188
-2.083,-1.127
-2.167,-0.654
-2.158,0.084
-2.229,2.213
-2.201,0.249
-2.298,-0.818
-2.306,-1.175
-2.236,1.568
-2.326,0.737
-2.255,1.431
-2.451,-0.92
-2.435,1.087
-2.483,1.506
-2.566,0.688
-2.644,1.414
-2.703,1.449
-2.82,1.196
-2.895,1.148
-2.912,-0.658
-2.902,2.124
-2.954,-1.097
-2.974,1.632
3.119,1.916
3.009,0.088
3.046,0.252
2.979,1.234
2.946,-0.041
2.888,1.078
2.858,0.798
2.756,0.645
2.79,2.302
2.666,-1.458
2.694,0.422
2.607,-0.674
2.656,1.857
2.641,1.848
2.102,2.192
2.076,-0.005
2.003,-1.523
2.044,1.314
2.0,1.208
1.942,1.987
2.008,-0.276
1.847,-0.711
1.845,0.496
1.911,2.316
1.892,0.953
1.83,2.226
1.803,-1.201
1.802,-0.236
1.729,0.234
1.74,0.554
1.777,1.878
1.676,-0.578
1.675,2.047
1.504,-1.728
1.514,-1.683
1.329,-1.748
-1.196,-2.0
-1.361,-1.965
-1.379,-1.799
-1.399,-1.751
-1.494,-1.807
-1.657,-1.959
-2.591,-1.97
-3.045,-1.88
1.463,2.145
0.497,2.379
-0.214,2.091
2.735,2.391
2.427,2.171
2.325,2.163
1.888,2.412
-0.017,0.808
-1.768,-0.867
1.862,1.948
1.705,-1.482
-2.011,-1.731
1.505,0.755
1.463,1.22
1.497,-1.11
1.487,-0.836
1.443,1.223
1.237,0.616
1.353,0.225
1.201,-0.421
1.331,0.105
1.236,-1.51
0.831,-0.624
0.704,0.713
0.673,-0.109
0.677,-0.092
0.677,2.013
0.661,1.836
0.731,-0.62
0.694,-1.462
0.544,-0.584
0.635,1.389
0.64,0.59
0.598,-0.082
0.39,1.878
0.431,1.626
0.316,-0.062
0.426,-1.443
0.327,2.284
0.074,-0.856
-0.224,1.594
-0.119,-0.135
-0.122,0.522
-0.237,2.065
-0.139,1.066
-0.276,1.674
-0.244,1.613
-0.519,0.542
-0.732,1.583
-0.725,1.76
-0.757,1.269
-1.095,0.556
-1.113,0.348
-1.132,0.748
-1.154,1.872
-1.364,-0.132
-1.414,2.22
-1.377,-0.989
-1.51,-0.601
-1.539,-1.483
-1.416,0.372
-1.595,-0.749
-1.519,2.273
-1.669,0.61
-2.054,1.774
-1.995,-0.877
-2.173,-0.008
-2.286,1.71
-2.168,1.397
-2.35,1.868
-2.337,2.098
-2.366,0.366
-2.312,-0.045
-2.652,0.527
-2.529,-0.567
-2.686,0.834
-3.058,0.092
3.125,1.829
3.046,0.651
2.988,0.024
2.722,-0.64
2.794,1.651
2.666,-0.87
2.563,-0.187
2.504,-0.564
2.21,-0.095
2.336,-0.705
2.237,0.491
2.091,-0.362
2.114,-0.275
2.108,-1.375
1.978,1.949
1.99,-0.004
1.935,0.724
1.798,-0.147
1.735,0.397
1.792,-0.98
1.655,0.714
1.788,-0.092
1.795,1.848
1.495,-1.816
0.595,-1.892
0.585,-1.925
-0.392,-1.961
2.941,-1.696
2.955,-1.788
2.687,-1.939
2.291,-1.838
1.225,2.299
-2.624,2.298
1.481,-0.832
-0.528,0.836
-1.15,-1.377
-2.704,0.879
1.835,-0.244
1.563,1.181
0.185,-1.12
-0.402,1.141
-1.41,1.858
-2.712,-0.332
-2.708,-0.33
-2.758,0.588
-2.931,1.272
2.435,1.267
2.302,1.924
2.248,1.274
2.227,1.485
2.185,1.407
2.224,1.903
2.103,1.24
0.965,0.793
-1.219,-0.537
-1.788,0.924
-2.24,-0.494
2.289,-0.474
2.044,0.824
-1.986,-1.62
2.497,-1.901
-2.815,2.42
-0.34,-1.984
-1.503,-1.993
-1.483,-1.856
-0.112,-1.188
-0.173,-0.671
-0.197,-0.887
-0.218,-2.555
-0.221,-2.035
-0.352,0.002
-0.28,-0.343
-0.373,-3.159
-0.481,-1.691
-0.49,-1.758
-0.527,-3.035
-0.68,0.414
-0.633,-0.65
-0.654,-3.008
-0.703,-0.606
-0.781,-2.24
-0.763,-2.828
-0.772,-2.195
-0.841,-2.491
-0.808,-2.308
-0.816,-1.976
-0.866,-0.761
-0.826,-2.731
-0.91,-2.671
-0.974,0.489
-0.948,-1.022
-1.035,-2.72
-1.211,-2.838
-1.203,-3.174
-1.258,-2.638
-1.329,-2.723
-1.345,-2.022
-1.307,-1.76
-1.334,-2.63
-1.403,-2.813
-1.422,0.482
-1.553,-2.04
-1.489,0.252
-1.505,0.696
-1.574,-0.741
-1.569,0.289
-1.627,-0.115
-1.605,-0.042
-1.685,-1.988
-1.657,-3.151
-1.658,-1.339
-1.76,0.158
-1.705,-2.558
-1.726,-3.033
-1.779,-1.51
-1.799,-2.236
-1.821,-2.325
-1.901,0.192
-1.849,0.626
-1.917,-2.948
-1.885,-1.348
-2.026,-1.916
-2.039,-0.603
-2.06,-1.884
-2.034,0.551
-2.17,-1.217
-2.122,-1.807
-2.112,-2.746
-2.196,-2.273
-2.187,-1.535
-2.258,0.594
-2.23,-1.37
-2.327,-2.437
-2.335,-2.794
-2.265,-0.051
-2.355,-0.882
-2.284,-0.188
-2.48,-2.539
-2.464,-0.532
-2.512,-0.113
-2.595,-0.931
-2.673,-0.205
-2.732,-0.17
-2.849,-0.423
-2.924,-0.471
-2.941,-2.277
-2.931,0.505
-2.983,-2.716
-3.003,0.013
3.09,0.297
2.98,-1.531
3.017,-1.367
2.95,-0.385
2.917,-1.66
2.859,-0.541
2.829,-0.821
2.727,-0.974
2.761,0.683
2.637,-3.077
2.665,-1.197
2.578,-2.293
2.627,0.238
2.612,0.229
2.073,0.573
2.047,-1.624
1.974,-3.142
2.015,-0.305
1.971,-0.411
1.913,0.368
1.979,-1.895
1.818,-2.33
1.816,-1.123
1.882,0.697
1.863,-0.666
1.801,0.607
1.774,-2.82
1.773,-1.855
1.7,-1.385
1.711,-1.065
1.748,0.259
1.647,-2.197
1.646,0.428
1.475,-3.347
1.485,-3.302
1.3,-3.367
-1.225,-3.619
-1.39,-3.584
-1.408,-3.418
-1.428,-3.37
-1.523,-3.426
-1.686,-3.578
-2.62,-3.589
-3.074,-3.499
1.434,0.526
0.468,0.76
-0.243,0.472
2.706,0.772
2.398,0.552
2.296,0.544
1.859,0.793
-0.046,-0.811
-1.797,-2.486
1.833,0.329
1.676,-3.101
-2.04,-3.35
1.476,-0.864
1.434,-0.399
1.468,-2.729
1.458,-2.455
1.414,-0.396
1.208,-1.003
1.324,-1.394
1.172,-2.04
1.302,-1.514
1.207,-3.129
0.802,-2.243
0.675,-0.906
0.644,-1.728
0.648,-1.711
0.648,0.394
0.632,0.217
0.702,-2.239
0.665,-3.081
0.515,-2.203
0.606,-0.23
0.611,-1.029
0.569,-1.701
0.361,0.259
0.402,0.007
0.287,-1.681
0.397,-3.062
0.298,0.665
0.045,-2.475
-0.253,-0.025
-0.148,-1.754
-0.151,-1.097
-0.266,0.446
-0.168,-0.553
-0.305,0.055
-0.273,-0.006
-0.548,-1.077
-0.761,-0.036
-0.754,0.141
-0.786,-0.35
-1.124,-1.063
-1.142,-1.271
-1.161,-0.871
-1.183,0.253
-1.393,-1.751
-1.443,0.601
-1.406,-2.608
-1.539,-2.22
-1.568,-3.102
-1.445,-1.247
-1.624,-2.368
-1.548,0.654
-1.698,-1.009
-2.083,0.155
-2.024,-2.496
-2.202,-1.627
-2.315,0.091
-2.197,-0.222
-2.379,0.249
-2.366,0.479
-2.395,-1.253
-2.341,-1.664
-2.681,-1.092
-2.558,-2.186
-2.715,-0.785
-3.087,-1.527
3.096,0.21
3.017,-0.968
2.959,-1.595
2.693,-2.259
2.765,0.032
2.637,-2.489
2.534,-1.806
2.475,-2.183
2.181,-1.714
2.307,-2.324
2.208,-1.128
2.062,-1.981
2.085,-1.894
2.079,-2.994
1.949,0.33
1.961,-1.623
1.906,-0.895
1.769,-1.766
1.706,-1.222
1.763,-2.599
1.626,-0.905
1.759,-1.711
1.766,0.229
1.466,-3.435
0.566,-3.511
0.556,-3.544
-0.421,-3.58
2.912,-3.315
2.926,-3.407
2.658,-3.558
2.262,-3.457
1.196,0.68
-2.653,0.679
1.452,-2.451
-0.557,-0.783
-1.179,-2.996
-2.733,-0.74
1.806,-1.863
1.534,-0.438
0.156,-2.739
-0.431,-0.478
-1.439,0.239
-2.741,-1.951
-2.737,-1.949
-2.787,-1.031
-2.96,-0.347
2.406,-0.352
2.273,0.305
2.219,-0.345
2.198,-0.134
2.156,-0.212
2.195,0.284
2.074,-0.379
0.936,-0.826
-1.248,-2.156
-1.817,-0.695
-2.269,-2.113
2.26,-2.093
2.015,-0.795
-2.015,-3.239
2.468,-3.52
-2.844,0.801
-0.369,-3.603
-1.532,-3.612
-1.512,-3.475
-0.061,0.517
-0.085,0.301
-0.106,-1.367
-0.109,-0.847
-0.24,1.19
-0.168,0.845
-0.261,-1.971
-0.369,-0.503
-0.378,-0.57
-0.415,-1.847
-0.568,1.602
-0.521,0.538
-0.542,-1.82
-0.591,0.582
-0.669,-1.052
-0.651,-1.64
-0.66,-1.007
-0.729,-1.303
-0.696,-1.12
-0.704,-0.788
-0.754,0.427
-0.714,-1.543
-0.798,-1.483
-0.862,1.677
-0.836,0.166
-0.923,-1.532
-1.099,-1.65
-1.091,-1.986
-1.146,-1.45
-1.217,-1.535
-1.233,-0.834
-1.195,-0.572
-1.222,-1.442
-1.291,-1.625
-1.31,1.67
-1.441,-0.852
-1.377,1.44
-1.393,1.884
-1.462,0.447
-1.457,1.477
-1.515,1.073
-1.493,1.146
-1.573,-0.8
-1.545,-1.963
-1.546,-0.151
-1.648,1.346
-1.593,-1.37
-1.614,-1.845
-1.667,-0.322
-1.687,-1.048
-1.709,-1.137
-1.789,1.38
-1.737,1.814
-1.805,-1.76
-1.773,-0.16
-1.914,-0.728
-1.927,0.585
-1.948,-0.696
-1.922,1.739
-2.058,-0.029
-2.01,-0.619
-2.0,-1.558
-2.084,-1.085
-2.075,-0.347
-2.146,1.782
-2.118,-0.182
-2.215,-1.249
-2.223,-1.606
-2.153,1.137
-2.243,0.306
-2.172,1.0
-2.368,-1.351
-2.352,0.656
-2.4,1.075
-2.483,0.257
-2.561,0.983
-2.62,1.018
-2.737,0.765
-2.812,0.717
-2.829,-1.089
-2.819,1.693
-2.871,-1.528
-2.891,1.201
-3.081,1.485
3.092,-0.343
3.129,-0.179
3.062,0.803
3.029,-0.472
2.971,0.647
2.941,0.367
2.839,0.214
2.873,1.871
2.749,-1.889
2.777,-0.009
2.69,-1.105
2.739,1.426
2.724,1.417
2.185,1.761
2.159,-0.436
2.086,-1.954
2.127,0.883
2.083,0.777
2.025,1.556
2.091,-0.707
1.93,-1.142
1.928,0.065
1.994,1.885
1.975,0.522
1.913,1.795
1.886,-1.632
1.885,-0.667
1.812,-0.197
1.823,0.123
1.86,1.447
1.759,-1.009
1.758,1.616
1.587,-2.159
1.597,-2.114
1.412,-2.179
-1.113,-2.431
-1.278,-2.396
-1.296,-2.23
-1.316,-2.182
-1.411,-2.238
-1.574,-2.39
-2.508,-2.401
-2.962,-2.311
1.546,1.714
0.58,1.948
-0.131,1.66
2.818,1.96
2.51,1.74
2.408,1.732
1.971,1.981
0.066,0.377
-1.685,-1.298
1.945,1.517
1.788,-1.913
-1.928,-2.162
1.588,0.324
1.546,0.789
1.58,-1.541
1.57,-1.267
1.526,0.792
1.32,0.185
1.436,-0.206
1.284,-0.852
1.414,-0.326
1.319,-1.941
0.914,-1.055
0.787,0.282
0.756,-0.54
0.76,-0.523
0.76,1.582
0.744,1.405
0.814,-1.051
0.777,-1.893
0.627,-1.015
0.718,0.958
0.723,0.159
0.681,-0.513
0.473,1.447
0.514,1.195
0.399,-0.493
0.509,-1.874
0.41,1.853
0.157,-1.287
-0.141,1.163
-0.036,-0.566
-0.039,0.091
-0.154,1.634
-0.056,0.635
-0.193,1.243
-0.161,1.182
-0.436,0.111
-0.649,1.152
-0.642,1.329
-0.674,0.838
-1.012,0.125
-1.03,-0.083
-1.049,0.317
-1.071,1.441
-1.281,-0.563
-1.331,1.789
-1.294,-1.42
-1.427,-1.032
-1.456,-1.914
-1.333,-0.059
-1.512,-1.18
-1.436,1.842
-1.586,0.179
-1.971,1.343
-1.912,-1.308
-2.09,-0.439
-2.203,1.279
-2.085,0.966
-2.267,1.437
-2.254,1.667
-2.283,-0.065
-2.229,-0.476
-2.569,0.096
-2.446,-0.998
-2.603,0.403
-2.975,-0.339
-3.075,1.398
3.129,0.22
3.071,-0.407
2.805,-1.071
2.877,1.22
2.749,-1.301
2.646,-0.618
2.587,-0.995
2.293,-0.526
2.419,-1.136
2.32,0.06
2.174,-0.793
2.197,-0.706
2.191,-1.806
2.061,1.518
2.073,-0.435
2.018,0.293
1.881,-0.578
1.818,-0.034
1.875,-1.411
1.738,0.283
1.871,-0.523
1.878,1.417
1.578,-2.247
0.678,-2.323
0.668,-2.356
-0.309,-2.392
3.024,-2.127
3.038,-2.219
2.77,-2.37
2.374,-2.269
1.308,1.868
-2.541,1.867
1.564,-1.263
-0.445,0.405
-1.067,-1.808
-2.621,0.448
1.918,-0.675
1.646,0.75
0.268,-1.551
-0.319,0.71
-1.327,1.427
-2.629,-0.763
-2.625,-0.761
-2.675,0.157
-2.848,0.841
2.518,0.836
2.385,1.493
2.331,0.843
2.31,1.054
2.268,0.976
2.307,1.472
2.186,0.809
1.048,0.362
-1.136,-0.968
-1.705,0.493
-2.157,-0.925
2.372,-0.905
2.127,0.393
-1.903,-2.051
2.58,-2.332
-2.732,1.989
-0.257,-2.415
-1.42,-2.424
-1.4,-2.287
-0.024,-0.216
-0.045,-1.884
-0.048,-1.364
-0.179,0.673
-0.107,0.328
-0.2,-2.488
-0.308,-1.02
-0.317,-1.087
-0.354,-2.364
-0.507,1.085
-0.46,0.021
-0.481,-2.337
-0.53,0.065
-0.608,-1.569
-0.59,-2.157
-0.599,-1.524
-0.668,-1.82
-0.635,-1.637
-0.643,-1.305
-0.693,-0.09
-0.653,-2.06
-0.737,-2.0
-0.801,1.16
-0.775,-0.351
-0.862,-2.049
-1.038,-2.167
-1.03,-2.503
-1.085,-1.967
-1.156,-2.052
-1.172,-1.351
-1.134,-1.089
-1.161,-1.959
-1.23,-2.142
-1.249,1.153
-1.38,-1.369
-1.316,0.923
-1.332,1.367
-1.401,-0.07
-1.396,0.96
-1.454,0.556
-1.432,0.629
-1.512,-1.317
-1.484,-2.48
-1.485,-0.668
-1.587,0.829
-1.532,-1.887
-1.553,-2.362
-1.606,-0.839
-1.626,-1.565
-1.648,-1.654
-1.728,0.863
-1.676,1.297
-1.744,-2.277
-1.712,-0.677
-1.853,-1.245
-1.866,0.068
-1.887,-1.213
-1.861,1.222
-1.997,-0.546
-1.949,-1.136
-1.939,-2.075
-2.023,-1.602
-2.014,-0.864
-2.085,1.265
-2.057,-0.699
-2.154,-1.766
-2.162,-2.123
-2.092,0.62
-2.182,-0.211
-2.111,0.483
-2.307,-1.868
-2.291,0.139
-2.339,0.558
-2.422,-0.26
-2.5,0.466
-2.559,0.501
-2.676,0.248
-2.751,0.2
-2.768,-1.606
-2.758,1.176
-2.81,-2.045
-2.83,0.684
-3.02,0.968
-3.13,-0.86
-3.093,-0.696
3.123,0.286
3.09,-0.989
3.032,0.13
3.002,-0.15
2.9,-0.303
2.934,1.354
2.81,-2.406
2.838,-0.526
2.751,-1.622
2.8,0.909
2.785,0.9
2.246,1.244
2.22,-0.953
2.147,-2.471
2.188,0.366
2.144,0.26
2.086,1.039
2.152,-1.224
1.991,-1.659
1.989,-0.452
2.055,1.368
2.036,0.005
1.974,1.278
1.947,-2.149
1.946,-1.184
1.873,-0.714
1.884,-0.394
1.921,0.93
1.82,-1.526
1.819,1.099
1.648,-2.676
1.658,-2.631
1.473,-2.696
-1.052,-2.948
-1.217,-2.913
-1.235,-2.747
-1.255,-2.699
-1.35,-2.755
-1.513,-2.907
-2.447,-2.918
-2.901,-2.828
1.607,1.197
0.641,1.431
-0.07,1.143
2.879,1.443
2.571,1.223
2.469,1.215
2.032,1.464
0.127,-0.14
-1.624,-1.815
2.006,1.0
1.849,-2.43
-1.867,-2.679
1.649,-0.193
1.607,0.272
1.641,-2.058
1.631,-1.784
1.587,0.275
1.381,-0.332
1.497,-0.723
1.345,-1.369
1.475,-0.843
1.38,-2.458
0.975,-1.572
0.848,-0.235
0.817,-1.057
0.821,-1.04
0.821,1.065
0.805,0.888
0.875,-1.568
0.838,-2.41
0.688,-1.532
0.779,0.441
0.784,-0.358
0.742,-1.03
0.534,0.93
0.575,0.678
0.46,-1.01
0.57,-2.391
0.471,1.336
0.218,-1.804
-0.08,0.646
0.025,-1.083
0.022,-0.426
-0.093,1.117
0.005,0.118
-0.132,0.726
-0.1,0.665
-0.375,-0.406
-0.588,0.635
-0.581,0.812
-0.613,0.321
-0.951,-0.392
-0.969,-0.6
-0.988,-0.2
-1.01,0.924
-1.22,-1.08
-1.27,1.272
-1.233,-1.937
-1.366,-1.549
-1.395,-2.431
-1.272,-0.576
-1.451,-1.697
-1.375,1.325
-1.525,-0.338
-1.91,0.826
-1.851,-1.825
-2.029,-0.956
-2.142,0.762
-2.024,0.449
-2.206,0.92
-2.193,1.15
-2.222,-0.582
-2.168,-0.993
-2.508,-0.421
-2.385,-1.515
-2.542,-0.114
-2.914,-0.856
-3.014,0.881
-3.093,-0.297
3.132,-0.924
2.866,-1.588
2.938,0.703
2.81,-1.818
2.707,-1.135
2.648,-1.512
2.354,-1.043
2.48,-1.653
2.381,-0.457
2.235,-1.31
2.258,-1.223
2.252,-2.323
2.122,1.001
2.134,-0.952
2.079,-0.224
1.942,-1.095
1.879,-0.551
1.936,-1.928
1.799,-0.234
1.932,-1.04
1.939,0.9
1.639,-2.764
0.739,-2.84
0.729,-2.873
-0.248,-2.909
3.085,-2.644
3.099,-2.736
2.831,-2.887
2.435,-2.786
1.369,1.351
-2.48,1.35
1.625,-1.78
-0.384,-0.112
-1.006,-2.325
-2.56,-0.069
1.979,-1.192
1.707,0.233
0.329,-2.068
-0.258,0.193
-1.266,0.91
-2.568,-1.28
-2.564,-1.278
-2.614,-0.36
-2.787,0.324
2.579,0.319
2.446,0.976
2.392,0.326
2.371,0.537
2.329,0.459
2.368,0.955
2.247,0.292
1.109,-0.155
-1.075,-1.485
-1.644,-0.024
-2.096,-1.442
2.433,-1.422
2.188,-0.124
-1.842,-2.568
2.641,-2.849
-2.671,1.472
-0.196,-2.932
-1.359,-2.941
-1.339,-2.804
-0.021,-1.668
-0.024,-1.148
-0.155,0.889
-0.083,0.544
-0.176,-2.272
-0.284,-0.804
-0.293,-0.871
-0.33,-2.148
-0.483,1.301
-0.436,0.237
-0.457,-2.121
-0.506,0.281
-0.584,-1.353
-0.566,-1.941
-0.575,-1.308
-0.644,-1.604
-0.611,-1.421
-0.619,-1.089
-0.669,0.126
-0.629,-1.844
-0.713,-1.784
-0.777,1.376
-0.751,-0.135
-0.838,-1.833
-1.014,-1.951
-1.006,-2.287
-1.061,-1.751
-1.132,-1.836
-1.148,-1.135
-1.11,-0.873
-1.137,-1.743
-1.206,-1.926
-1.225,1.369
-1.356,-1.153
-1.292,1.139
-1.308,1.583
-1.377,0.146
-1.372,1.176
-1.43,0.772
-1.408,0.845
-1.488,-1.101
-1.46,-2.264
-1.461,-0.452
-1.563,1.045
-1.508,-1.671
-1.529,-2.146
-1.582,-0.623
-1.602,-1.349
-1.624,-1.438
-1.704,1.079
-1.652,1.513
-1.72,-2.061
-1.688,-0.461
-1.829,-1.029
-1.842,0.284
-1.863,-0.997
-1.837,1.438
-1.973,-0.33
-1.925,-0.92
-1.915,-1.859
-1.999,-1.386
-1.99,-0.648
-2.061,1.481
-2.033,-0.483
-2.13,-1.55
-2.138,-1.907
-2.068,0.836
-2.158,0.005
-2.087,0.699
-2.283,-1.652
-2.267,0.355
-2.315,0.774
-2.398,-0.044
-2.476,0.682
-2.535,0.717
-2.652,0.464
-2.727,0.416
-2.744,-1.39
-2.734,1.392
-2.786,-1.829
-2.806,0.9
-2.996,1.184
-3.106,-0.644
-3.069,-0.48
-3.136,0.502
3.114,-0.773
3.056,0.346
3.026,0.066
2.924,-0.087
2.958,1.57
2.834,-2.19
2.862,-0.31
2.775,-1.406
2.824,1.125
2.809,1.116
2.27,1.46
2.244,-0.737
2.171,-2.255
2.212,0.582
2.168,0.476
2.11,1.255
2.176,-1.008
2.015,-1.443
2.013,-0.236
2.079,1.584
2.06,0.221
1.998,1.494
1.971,-1.933
1.97,-0.968
1.897,-0.498
1.908,-0.178
1.945,1.146
1.844,-1.31
1.843,1.315
1.672,-2.46
1.682,-2.415
1.497,-2.48
-1.028,-2.732
-1.193,-2.697
-1.211,-2.531
-1.231,-2.483
-1.326,-2.539
-1.489,-2.691
-2.423,-2.702
-2.877,-2.612
1.631,1.413
0.665,1.647
-0.046,1.359
2.903,1.659
2.595,1.439
2.493,1.431
2.056,1.68
0.151,0.076
-1.6,-1.599
2.03,1.216
1.873,-2.214
-1.843,-2.463
1.673,0.023
1.631,0.488
1.665,-1.842
1.655,-1.568
1.611,0.491
1.405,-0.116
1.521,-0.507
1.369,-1.153
1.499,-0.627
1.404,-2.242
0.999,-1.356
0.872,-0.019
0.841,-0.841
0.845,-0.824
0.845,1.281
0.829,1.104
0.899,-1.352
0.862,-2.194
0.712,-1.316
0.803,0.657
0.808,-0.142
0.766,-0.814
0.558,1.146
0.599,0.894
0.484,-0.794
0.594,-2.175
0.495,1.552
0.242,-1.588
-0.056,0.862
0.049,-0.867
0.046,-0.21
-0.069,1.333
0.029,0.334
-0.108,0.942
-0.076,0.881
-0.351,-0.19
-0.564,0.851
-0.557,1.028
-0.589,0.537
-0.927,-0.176
-0.945,-0.384
-0.964,0.016
-0.986,1.14
-1.196,-0.864
-1.246,1.488
-1.209,-1.721
-1.342,-1.333
-1.371,-2.215
-1.248,-0.36
-1.427,-1.481
-1.351,1.541
-1.501,-0.122
-1.886,1.042
-1.827,-1.609
-2.005,-0.74
-2.118,0.978
-2.0,0.665
-2.182,1.136
-2.169,1.366
-2.198,-0.366
-2.144,-0.777
-2.484,-0.205
-2.361,-1.299
-2.518,0.102
-2.89,-0.64
-2.99,1.097
-3.069,-0.081
-3.127,-0.708
2.89,-1.372
2.962,0.919
2.834,-1.602
2.731,-0.919
2.672,-1.296
2.378,-0.827
2.504,-1.437
2.405,-0.241
2.259,-1.094
2.282,-1.007
2.276,-2.107
2.146,1.217
2.158,-0.736
2.103,-0.008
1.966,-0.879
1.903,-0.335
1.96,-1.712
1.823,-0.018
1.956,-0.824
1.963,1.116
1.663,-2.548
0.763,-2.624
0.753,-2.657
-0.224,-2.693
3.109,-2.428
3.123,-2.52
2.855,-2.671
2.459,-2.57
1.393,1.567
-2.456,1.566
1.649,-1.564
-0.36,0.104
-0.982,-2.109
-2.536,0.147
2.003,-0.976
1.731,0.449
0.353,-1.852
-0.234,0.409
-1.242,1.126
-2.544,-1.064
-2.54,-1.062
-2.59,-0.144
-2.763,0.54
2.603,0.535
2.47,1.192
2.416,0.542
2.395,0.753
2.353,0.675
2.392,1.171
2.271,0.508
1.133,0.061
-1.051,-1.269
-1.62,0.192
-2.072,-1.226
2.457,-1.206
2.212,0.092
-1.818,-2.352
2.665,-2.633
-2.647,1.688
-0.172,-2.716
-1.335,-2.725
-1.315,-2.588
-0.003,0.52
-0.134,2.557
-0.062,2.212
-0.155,-0.604
-0.263,0.864
-0.272,0.797
-0.309,-0.48
-0.462,2.969
-0.415,1.905
-0.436,-0.453
-0.485,1.949
-0.563,0.315
-0.545,-0.273
-0.554,0.36
-0.623,0.064
-0.59,0.247
-0.598,0.579
-0.648,1.794
-0.608,-0.176
-0.692,-0.116
-0.756,3.044
-0.73,1.533
-0.817,-0.165
-0.993,-0.283
-0.985,-0.619
-1.04,-0.083
-1.111,-0.168
-1.127,0.533
-1.089,0.795
-1.116,-0.075
-1.185,-0.258
-1.204,3.037
-1.335,0.515
-1.271,2.807
-1.287,3.251
-1.356,1.814
-1.351,2.844
-1.409,2.44
-1.387,2.513
-1.467,0.567
-1.439,-0.596
-1.44,1.216
-1.542,2.713
-1.487,-0.003
-1.508,-0.478
-1.561,1.045
-1.581,0.319
-1.603,0.23
-1.683,2.747
-1.631,3.181
-1.699,-0.393
-1.667,1.207
-1.808,0.639
-1.821,1.952
-1.842,0.671
-1.816,3.106
-1.952,1.338
-1.904,0.748
-1.894,-0.191
-1.978,0.282
-1.969,1.02
-2.04,3.149
-2.012,1.185
-2.109,0.118
-2.117,-0.239
-2.047,2.504
-2.137,1.673
-2.066,2.367
-2.262,0.016
-2.246,2.023
-2.294,2.442
-2.377,1.624
-2.455,2.35
-2.514,2.385
-2.631,2.132
-2.706,2.084
-2.723,0.278
-2.713,3.06
-2.765,-0.161
-2.785,2.568
-2.975,2.852
-3.085,1.024
-3.048,1.188
-3.115,2.17
3.135,0.895
3.077,2.014
3.047,1.734
2.945,1.581
2.979,3.238
2.855,-0.522
2.883,1.358
2.796,0.262
2.845,2.793
2.83,2.784
2.291,3.128
2.265,0.931
2.192,-0.587
2.233,2.25
2.189,2.144
2.131,2.923
2.197,0.66
2.036,0.225
2.034,1.432
2.1,3.252
2.081,1.889
2.019,3.162
1.992,-0.265
1.991,0.7
1.918,1.17
1.929,1.49
1.966,2.814
1.865,0.358
1.864,2.983
1.693,-0.792
1.703,-0.747
1.518,-0.812
-1.007,-1.064
-1.172,-1.029
-1.19,-0.863
-1.21,-0.815
-1.305,-0.871
-1.468,-1.023
-2.402,-1.034
-2.856,-0.944
1.652,3.081
0.686,3.315
-0.025,3.027
2.924,3.327
2.616,3.107
2.514,3.099
2.077,3.348
0.172,1.744
-1.579,0.069
2.051,2.884
1.894,-0.546
-1.822,-0.795
1.694,1.691
1.652,2.156
1.686,-0.174
1.676,0.1
1.632,2.159
1.426,1.552
1.542,1.161
1.39,0.515
1.52,1.041
1.425,-0.574
1.02,0.312
0.893,1.649
0.862,0.827
0.866,0.844
0.866,2.949
0.85,2.772
0.92,0.316
0.883,-0.526
0.733,0.352
0.824,2.325
0.829,1.526
0.787,0.854
0.579,2.814
0.62,2.562
0.505,0.874
0.615,-0.507
0.516,3.22
0.263,0.08
-0.035,2.53
0.07,0.801
0.067,1.458
-0.048,3.001
0.05,2.002
-0.087,2.61
-0.055,2.549
-0.33,1.478
-0.543,2.519
-0.536,2.696
-0.568,2.205
-0.906,1.492
-0.924,1.284
-0.943,1.684
-0.965,2.808
-1.175,0.804
-1.225,3.156
-1.188,-0.053
-1.321,0.335
-1.35,-0.547
-1.227,1.308
-1.406,0.187
-1.33,3.209
-1.48,1.546
-1.865,2.71
-1.806,0.059
-1.984,0.928
-2.097,2.646
-1.979,2.333
-2.161,2.804
-2.148,3.034
-2.177,1.302
-2.123,0.891
-2.463,1.463
-2.34,0.369
-2.497,1.77
-2.869,1.028
-2.969,2.765
-3.048,1.587
-3.106,0.96
2.911,0.296
2.983,2.587
2.855,0.066
2.752,0.749
2.693,0.372
2.399,0.841
2.525,0.231
2.426,1.427
2.28,0.574
2.303,0.661
2.297,-0.439
2.167,2.885
2.179,0.932
2.124,1.66
1.987,0.789
1.924,1.333
1.981,-0.044
1.844,1.65
1.977,0.844
1.984,2.784
1.684,-0.88
0.784,-0.956
0.774,-0.989
-0.203,-1.025
3.13,-0.76
-3.139,-0.852
2.876,-1.003
2.48,-0.902
1.414,3.235
-2.435,3.234
1.67,0.104
-0.339,1.772
-0.961,-0.441
-2.515,1.815
2.024,0.692
1.752,2.117
0.374,-0.184
-0.213,2.077
-1.221,2.794
-2.523,0.604
-2.519,0.606
-2.569,1.524
-2.742,2.208
2.624,2.203
2.491,2.86
2.437,2.21
2.416,2.421
2.374,2.343
2.413,2.839
2.292,2.176
1.154,1.729
-1.03,0.399
-1.599,1.86
-2.051,0.442
2.478,0.462
2.233,1.76
-1.797,-0.684
2.686,-0.965
-2.626,3.356
-0.151,-1.048
-1.314,-1.057
-1.294,-0.92
-0.131,2.037
-0.059,1.692
-0.152,-1.124
-0.26,0.344
-0.269,0.277
-0.306,-1.0
-0.459,2.449
-0.412,1.385
-0.433,-0.973
-0.482,1.429
-0.56,-0.205
-0.542,-0.793
-0.551,-0.16
-0.62,-0.456
-0.587,-0.273
-0.595,0.059
-0.645,1.274
-0.605,-0.696
-0.689,-0.636
-0.753,2.524
-0.727,1.013
-0.814,-0.685
-0.99,-0.803
-0.982,-1.139
-1.037,-0.603
-1.108,-0.688
-1.124,0.013
-1.086,0.275
-1.113,-0.595
-1.182,-0.778
-1.201,2.517
-1.332,-0.005
-1.268,2.287
-1.284,2.731
-1.353,1.294
-1.348,2.324
-1.406,1.92
-1.384,1.993
-1.464,0.047
-1.436,-1.116
-1.437,0.696
-1.539,2.193
-1.484,-0.523
-1.505,-0.998
-1.558,0.525
-1.578,-0.201
-1.6,-0.29
-1.68,2.227
-1.628,2.661
-1.696,-0.913
-1.664,0.687
-1.805,0.119
-1.818,1.432
-1.839,0.151
-1.813,2.586
-1.949,0.818
-1.901,0.228
-1.891,-0.711
-1.975,-0.238
-1.966,0.5
-2.037,2.629
-2.009,0.665
-2.106,-0.402
-2.114,-0.759
-2.044,1.984
-2.134,1.153
-2.063,1.847
-2.259,-0.504
-2.243,1.503
-2.291,1.922
-2.374,1.104
-2.452,1.83
-2.511,1.865
-2.628,1.612
-2.703,1.564
-2.72,-0.242
-2.71,2.54
-2.762,-0.681
-2.782,2.048
-2.972,2.332
-3.082,0.504
-3.045,0.668
-3.112,1.65
3.138,0.375
3.08,1.494
3.05,1.214
2.948,1.061
2.982,2.718
2.858,-1.042
2.886,0.838
2.799,-0.258
2.848,2.273
2.833,2.264
2.294,2.608
2.268,0.411
2.195,-1.107
2.236,1.73
2.192,1.624
2.134,2.403
2.2,0.14
2.039,-0.295
2.037,0.912
2.103,2.732
2.084,1.369
2.022,2.642
1.995,-0.785
1.994,0.18
1.921,0.65
1.932,0.97
1.969,2.294
1.868,-0.162
1.867,2.463
1.696,-1.312
1.706,-1.267
1.521,-1.332
-1.004,-1.584
-1.169,-1.549
-1.187,-1.383
-1.207,-1.335
-1.302,-1.391
-1.465,-1.543
-2.399,-1.554
-2.853,-1.464
1.655,2.561
0.689,2.795
-0.022,2.507
2.927,2.807
2.619,2.587
2.517,2.579
2.08,2.828
0.175,1.224
-1.576,-0.451
2.054,2.364
1.897,-1.066
-1.819,-1.315
1.697,1.171
1.655,1.636
1.689,-0.694
1.679,-0.42
1.635,1.639
1.429,1.032
1.545,0.641
1.393,-0.005
1.523,0.521
1.428,-1.094
1.023,-0.208
0.896,1.129
0.865,0.307
0.869,0.324
0.869,2.429
0.853,2.252
0.923,-0.204
0.886,-1.046
0.736,-0.168
0.827,1.805
0.832,1.006
0.79,0.334
0.582,2.294
0.623,2.042
0.508,0.354
0.618,-1.027
0.519,2.7
0.266,-0.44
-0.032,2.01
0.073,0.281
0.07,0.938
-0.045,2.481
0.053,1.482
-0.084,2.09
-0.052,2.029
-0.327,0.958
-0.54,1.999
-0.533,2.176
-0.565,1.685
-0.903,0.972
-0.921,0.764
-0.94,1.164
-0.962,2.288
-1.172,0.284
-1.222,2.636
-1.185,-0.573
-1.318,-0.185
-1.347,-1.067
-1.224,0.788
-1.403,-0.333
-1.327,2.689
-1.477,1.026
-1.862,2.19
-1.803,-0.461
-1.981,0.408
-2.094,2.126
-1.976,1.813
-2.158,2.284
-2.145,2.514
-2.174,0.782
-2.12,0.371
-2.46,0.943
-2.337,-0.151
-2.494,1.25
-2.866,0.508
-2.966,2.245
-3.045,1.067
-3.103,0.44
2.914,-0.224
2.986,2.067
2.858,-0.454
2.755,0.229
2.696,-0.148
2.402,0.321
2.528,-0.289
2.429,0.907
2.283,0.054
2.306,0.141
2.3,-0.959
2.17,2.365
2.182,0.412
2.127,1.14
1.99,0.269
1.927,0.813
1.984,-0.564
1.847,1.13
1.98,0.324
1.987,2.264
1.687,-1.4
0.787,-1.476
0.777,-1.509
-0.2,-1.545
3.133,-1.28
-3.136,-1.372
2.879,-1.523
2.483,-1.422
1.417,2.715
-2.432,2.714
1.673,-0.416
-0.336,1.252
-0.958,-0.961
-2.512,1.295
2.027,0.172
1.755,1.597
0.377,-0.704
-0.21,1.557
-1.218,2.274
-2.52,0.084
-2.516,0.086
-2.566,1.004
-2.739,1.688
2.627,1.683
2.494,2.34
2.44,1.69
2.419,1.901
2.377,1.823
2.416,2.319
2.295,1.656
1.157,1.209
-1.027,-0.121
-1.596,1.34
-2.048,-0.078
2.481,-0.058
2.236,1.24
-1.794,-1.204
2.689,-1.485
-2.623,2.836
-0.148,-1.568
-1.311,-1.577
-1.291,-1.44
0.072,-0.345
-0.021,-3.161
-0.129,-1.693
-0.138,-1.76
-0.175,-3.037
-0.328,0.412
-0.281,-0.652
-0.302,-3.01
-0.351,-0.608
-0.429,-2.242
-0.411,-2.83
-0.42,-2.197
-0.489,-2.493
-0.456,-2.31
-0.464,-1.978
-0.514,-0.763
-0.474,-2.733
-0.558,-2.673
-0.622,0.487
-0.596,-1.024
-0.683,-2.722
-0.859,-2.84
-0.851,-3.176
-0.906,-2.64
-0.977,-2.725
-0.993,-2.024
-0.955,-1.762
-0.982,-2.632
-1.051,-2.815
-1.07,0.48
-1.201,-2.042
-1.137,0.25
-1.153,0.694
-1.222,-0.743
-1.217,0.287
-1.275,-0.117
-1.253,-0.044
-1.333,-1.99
-1.305,-3.153
-1.306,-1.341
-1.408,0.156
-1.353,-2.56
-1.374,-3.035
-1.427,-1.512
-1.447,-2.238
-1.469,-2.327
-1.549,0.19
-1.497,0.624
-1.565,-2.95
-1.533,-1.35
-1.674,-1.918
-1.687,-0.605
-1.708,-1.886
-1.682,0.549
-1.818,-1.219
-1.77,-1.809
-1.76,-2.748
-1.844,-2.275
-1.835,-1.537
-1.906,0.592
-1.878,-1.372
-1.975,-2.439
-1.983,-2.796
-1.913,-0.053
-2.003,-0.884
-1.932,-0.19
-2.128,-2.541
-2.112,-0.534
-2.16,-0.115
-2.243,-0.933
-2.321,-0.207
-2.38,-0.172
-2.497,-0.425
-2.572,-0.473
-2.589,-2.279
-2.579,0.503
-2.631,-2.718
-2.651,0.011
-2.841,0.295
-2.951,-1.533
-2.914,-1.369
-2.981,-0.387
-3.014,-1.662
-3.072,-0.543
-3.102,-0.823
3.079,-0.976
3.113,0.681
2.989,-3.079
3.017,-1.199
2.93,-2.295
2.979,0.236
2.964,0.227
2.425,0.571
2.399,-1.626
2.326,-3.144
2.367,-0.307
2.323,-0.413
2.265,0.366
2.331,-1.897
2.17,-2.332
2.168,-1.125
2.234,0.695
2.215,-0.668
2.153,0.605
2.126,-2.822
2.125,-1.857
2.052,-1.387
2.063,-1.067
2.1,0.257
1.999,-2.199
1.998,0.426
1.827,-3.349
1.837,-3.304
1.652,-3.369
-0.873,-3.621
-1.038,-3.586
-1.056,-3.42
-1.076,-3.372
-1.171,-3.428
-1.334,-3.58
-2.268,-3.591
-2.722,-3.501
1.786,0.524
0.82,0.758
0.109,0.47
3.058,0.77
2.75,0.55
2.648,0.542
2.211,0.791
0.306,-0.813
-1.445,-2.488
2.185,0.327
2.028,-3.103
-1.688,-3.352
1.828,-0.866
1.786,-0.401
1.82,-2.731
1.81,-2.457
1.766,-0.398
1.56,-1.005
1.676,-1.396
1.524,-2.042
1.654,-1.516
1.559,-3.131
1.154,-2.245
1.027,-0.908
0.996,-1.73
1.0,-1.713
1.0,0.392
0.984,0.215
1.054,-2.241
1.017,-3.083
0.867,-2.205
0.958,-0.232
0.963,-1.031
0.921,-1.703
0.713,0.257
0.754,0.005
0.639,-1.683
0.749,-3.064
0.65,0.663
0.397,-2.477
0.099,-0.027
0.204,-1.756
0.201,-1.099
0.086,0.444
0.184,-0.555
0.047,0.053
0.079,-0.008
-0.196,-1.079
-0.409,-0.038
-0.402,0.139
-0.434,-0.352
-0.772,-1.065
-0.79,-1.273
-0.809,-0.873
-0.831,0.251
-1.041,-1.753
-1.091,0.599
-1.054,-2.61
-1.187,-2.222
-1.216,-3.104
-1.093,-1.249
-1.272,-2.37
-1.196,0.652
-1.346,-1.011
-1.731,0.153
-1.672,-2.498
-1.85,-1.629
-1.963,0.089
-1.845,-0.224
-2.027,0.247
-2.014,0.477
-2.043,-1.255
-1.989,-1.666
-2.329,-1.094
-2.206,-2.188
-2.363,-0.787
-2.735,-1.529
-2.835,0.208
-2.914,-0.97
-2.972,-1.597
3.045,-2.261
3.117,0.03
2.989,-2.491
2.886,-1.808
2.827,-2.185
2.533,-1.716
2.659,-2.326
2.56,-1.13
2.414,-1.983
2.437,-1.896
2.431,-2.996
2.301,0.328
2.313,-1.625
2.258,-0.897
2.121,-1.768
2.058,-1.224
2.115,-2.601
1.978,-0.907
2.111,-1.713
2.118,0.227
1.818,-3.437
0.918,-3.513
0.908,-3.546
-0.069,-3.582
-3.019,-3.317
-3.005,-3.409
3.01,-3.56
2.614,-3.459
1.548,0.678
-2.301,0.677
1.804,-2.453
-0.205,-0.785
-0.827,-2.998
-2.381,-0.742
2.158,-1.865
1.886,-0.44
0.508,-2.741
-0.079,-0.48
-1.087,0.237
-2.389,-1.953
-2.385,-1.951
-2.435,-1.033
-2.608,-0.349
2.758,-0.354
2.625,0.303
2.571,-0.347
2.55,-0.136
2.508,-0.214
2.547,0.282
2.426,-0.381
1.288,-0.828
-0.896,-2.158
-1.465,-0.697
-1.917,-2.115
2.612,-2.095
2.367,-0.797
-1.663,-3.241
2.82,-3.522
-2.492,0.799
-0.017,-3.605
-1.18,-3.614
-1.16,-3.477
-0.093,-2.816
-0.201,-1.348
-0.21,-1.415
-0.247,-2.692
-0.4,0.757
-0.353,-0.307
-0.374,-2.665
-0.423,-0.263
-0.501,-1.897
-0.483,-2.485
-0.492,-1.852
-0.561,-2.148
-0.528,-1.965
-0.536,-1.633
-0.586,-0.418
-0.546,-2.388
-0.63,-2.328
-0.694,0.832
-0.668,-0.679
-0.755,-2.377
-0.931,-2.495
-0.923,-2.831
-0.978,-2.295
-1.049,-2.38
-1.065,-1.679
-1.027,-1.417
-1.054,-2.287
-1.123,-2.47
-1.142,0.825
-1.273,-1.697
-1.209,0.595
-1.225,1.039
-1.294,-0.398
-1.289,0.632
-1.347,0.228
-1.325,0.301
-1.405,-1.645
-1.377,-2.808
-1.378,-0.996
-1.48,0.501
-1.425,-2.215
-1.446,-2.69
-1.499,-1.167
-1.519,-1.893
-1.541,-1.982
-1.621,0.535
-1.569,0.969
-1.637,-2.605
-1.605,-1.005
-1.746,-1.573
-1.759,-0.26
-1.78,-1.541
-1.754,0.894
-1.89,-0.874
-1.842,-1.464
-1.832,-2.403
-1.916,-1.93
-1.907,-1.192
-1.978,0.937
-1.95,-1.027
-2.047,-2.094
-2.055,-2.451
-1.985,0.292
-2.075,-0.539
-2.004,0.155
-2.2,-2.196
-2.184,-0.189
-2.232,0.23
-2.315,-0.588
-2.393,0.138
-2.452,0.173
-2.569,-0.08
-2.644,-0.128
-2.661,-1.934
-2.651,0.848
-2.703,-2.373
-2.723,0.356
-2.913,0.64
-3.023,-1.188
-2.986,-1.024
-3.053,-0.042
-3.086,-1.317
3.139,-0.198
3.109,-0.478
3.007,-0.631
3.041,1.026
2.917,-2.734
2.945,-0.854
2.858,-1.95
2.907,0.581
2.892,0.572
2.353,0.916
2.327,-1.281
2.254,-2.799
2.295,0.038
2.251,-0.068
2.193,0.711
2.259,-1.552
2.098,-1.987
2.096,-0.78
2.162,1.04
2.143,-0.323
2.081,0.95
2.054,-2.477
2.053,-1.512
1.98,-1.042
1.991,-0.722
2.028,0.602
1.927,-1.854
1.926,0.771
1.755,-3.004
1.765,-2.959
1.58,-3.024
-0.945,-3.276
-1.11,-3.241
-1.128,-3.075
-1.148,-3.027
-1.243,-3.083
-1.406,-3.235
-2.34,-3.246
-2.794,-3.156
1.714,0.869
0.748,1.103
0.037,0.815
2.986,1.115
2.678,0.895
2.576,0.887
2.139,1.136
0.234,-0.468
-1.517,-2.143
2.113,0.672
1.956,-2.758
-1.76,-3.007
1.756,-0.521
1.714,-0.056
1.748,-2.386
1.738,-2.112
1.694,-0.053
1.488,-0.66
1.604,-1.051
1.452,-1.697
1.582,-1.171
1.487,-2.786
1.082,-1.9
0.955,-0.563
0.924,-1.385
0.928,-1.368
0.928,0.737
0.912,0.56
0.982,-1.896
0.945,-2.738
0.795,-1.86
0.886,0.113
0.891,-0.686
0.849,-1.358
0.641,0.602
0.682,0.35
0.567,-1.338
0.677,-2.719
0.578,1.008
0.325,-2.132
0.027,0.318
0.132,-1.411
0.129,-0.754
0.014,0.789
0.112,-0.21
-0.025,0.398
0.007,0.337
-0.268,-0.734
-0.481,0.307
-0.474,0.484
-0.506,-0.007
-0.844,-0.72
-0.862,-0.928
-0.881,-0.528
-0.903,0.596
-1.113,-1.408
-1.163,0.944
-1.126,-2.265
-1.259,-1.877
-1.288,-2.759
-1.165,-0.904
-1.344,-2.025
-1.268,0.997
-1.418,-0.666
-1.803,0.498
-1.744,-2.153
-1.922,-1.284
-2.035,0.434
-1.917,0.121
-2.099,0.592
-2.086,0.822
-2.115,-0.91
-2.061,-1.321
-2.401,-0.749
-2.278,-1.843
-2.435,-0.442
-2.807,-1.184
-2.907,0.553
-2.986,-0.625
-3.044,-1.252
2.973,-1.916
3.045,0.375
2.917,-2.146
2.814,-1.463
2.755,-1.84
2.461,-1.371
2.587,-1.981
2.488,-0.785
2.342,-1.638
2.365,-1.551
2.359,-2.651
2.229,0.673
2.241,-1.28
2.186,-0.552
2.049,-1.423
1.986,-0.879
2.043,-2.256
1.906,-0.562
2.039,-1.368
2.046,0.572
1.746,-3.092
0.846,-3.168
0.836,-3.201
-0.141,-3.237
-3.091,-2.972
-3.077,-3.064
2.938,-3.215
2.542,-3.114
1.476,1.023
-2.373,1.022
1.732,-2.108
-0.277,-0.44
-0.899,-2.653
-2.453,-0.397
2.086,-1.52
1.814,-0.095
0.436,-2.396
-0.151,-0.135
-1.159,0.582
-2.461,-1.608
-2.457,-1.606
-2.507,-0.688
-2.68,-0.004
2.686,-0.009
2.553,0.648
2.499,-0.002
2.478,0.209
2.436,0.131
2.475,0.627
2.354,-0.036
1.216,-0.483
-0.968,-1.813
-1.537,-0.352
-1.989,-1.77
2.54,-1.75
2.295,-0.452
-1.735,-2.896
2.748,-3.177
-2.564,1.144
-0.089,-3.26
-1.252,-3.269
-1.232,-3.132
-0.108,1.468
-0.117,1.401
-0.154,0.124
-0.307,3.573
-0.26,2.509
-0.281,0.151
-0.33,2.553
-0.408,0.919
-0.39,0.331
-0.399,0.964
-0.468,0.668
-0.435,0.851
-0.443,1.183
-0.493,2.398
-0.453,0.428
-0.537,0.488
-0.601,3.648
-0.575,2.137
-0.662,0.439
-0.838,0.321
-0.83,-0.015
-0.885,0.521
-0.956,0.436
-0.972,1.137
-0.934,1.399
-0.961,0.529
-1.03,0.346
-1.049,3.641
-1.18,1.119
-1.116,3.411
-1.132,3.855
-1.201,2.418
-1.196,3.448
-1.254,3.044
-1.232,3.117
-1.312,1.171
-1.284,0.008
-1.285,1.82
-1.387,3.317
-1.332,0.601
-1.353,0.126
-1.406,1.649
-1.426,0.923
-1.448,0.834
-1.528,3.351
-1.476,3.785
-1.544,0.211
-1.512,1.811
-1.653,1.243
-1.666,2.556
-1.687,1.275
-1.661,3.71
-1.797,1.942
-1.749,1.352
-1.739,0.413
-1.823,0.886
-1.814,1.624
-1.885,3.753
-1.857,1.789
-1.954,0.722
-1.962,0.365
-1.892,3.108
-1.982,2.277
-1.911,2.971
-2.107,0.62
-2.091,2.627
-2.139,3.046
-2.222,2.228
-2.3,2.954
-2.359,2.989
-2.476,2.736
-2.551,2.688
-2.568,0.882
-2.558,3.664
-2.61,0.443
-2.63,3.172
-2.82,3.456
-2.93,1.628
-2.893,1.792
-2.96,2.774
-2.993,1.499
-3.051,2.618
-3.081,2.338
3.1,2.185
3.134,3.842
3.01,0.082
3.038,1.962
2.951,0.866
3.0,3.397
2.985,3.388
2.446,3.732
2.42,1.535
2.347,0.017
2.388,2.854
2.344,2.748
2.286,3.527
2.352,1.264
2.191,0.829
2.189,2.036
2.255,3.856
2.236,2.493
2.174,3.766
2.147,0.339
2.146,1.304
2.073,1.774
2.084,2.094
2.121,3.418
2.02,0.962
2.019,3.587
1.848,-0.188
1.858,-0.143
1.673,-0.208
-0.852,-0.46
-1.017,-0.425
-1.035,-0.259
-1.055,-0.211
-1.15,-0.267
-1.313,-0.419
-2.247,-0.43
-2.701,-0.34
1.807,3.685
0.841,3.919
0.13,3.631
3.079,3.931
2.771,3.711
2.669,3.703
2.232,3.952
0.327,2.348
-1.424,0.673
2.206,3.488
2.049,0.058
-1.667,-0.191
1.849,2.295
1.807,2.76
1.841,0.43
1.831,0.704
1.787,2.763
1.581,2.156
1.697,1.765
1.545,1.119
1.675,1.645
1.58,0.03
1.175,0.916
1.048,2.253
1.017,1.431
1.021,1.448
1.021,3.553
1.005,3.376
1.075,0.92
1.038,0.078
0.888,0.956
0.979,2.929
0.984,2.13
0.942,1.458
0.734,3.418
0.775,3.166
0.66,1.478
0.77,0.097
0.671,3.824
0.418,0.684
0.12,3.134
0.225,1.405
0.222,2.062
0.107,3.605
0.205,2.606
0.068,3.214
0.1,3.153
-0.175,2.082
-0.388,3.123
-0.381,3.3
-0.413,2.809
-0.751,2.096
-0.769,1.888
-0.788,2.288
-0.81,3.412
-1.02,1.408
-1.07,3.76
-1.033,0.551
-1.166,0.939
-1.195,0.057
-1.072,1.912
-1.251,0.791
-1.175,3.813
-1.325,2.15
-1.71,3.314
-1.651,0.663
-1.829,1.532
-1.942,3.25
-1.824,2.937
-2.006,3.408
-1.993,3.638
-2.022,1.906
-1.968,1.495
-2.308,2.067
-2.185,0.973
-2.342,2.374
-2.714,1.632
-2.814,3.369
-2.893,2.191
-2.951,1.564
3.066,0.9
3.138,3.191
3.01,0.67
2.907,1.353
2.848,0.976
2.554,1.445
2.68,0.835
2.581,2.031
2.435,1.178
2.458,1.265
2.452,0.165
2.322,3.489
2.334,1.536
2.279,2.264
2.142,1.393
2.079,1.937
2.136,0.56
1.999,2.254
2.132,1.448
2.139,3.388
1.839,-0.276
0.939,-0.352
0.929,-0.385
-0.048,-0.421
-2.998,-0.156
-2.984,-0.248
3.031,-0.399
2.635,-0.298
1.569,3.839
-2.28,3.838
1.825,0.708
-0.184,2.376
-0.806,0.163
-2.36,2.419
2.179,1.296
1.907,2.721
0.529,0.42
-0.058,2.681
-1.066,3.398
-2.368,1.208
-2.364,1.21
-2.414,2.128
-2.587,2.812
2.779,2.807
2.646,3.464
2.592,2.814
2.571,3.025
2.529,2.947
2.568,3.443
2.447,2.78
1.309,2.333
-0.875,1.003
-1.444,2.464
-1.896,1.046
2.633,1.066
2.388,2.364
-1.642,-0.08
2.841,-0.361
-2.471,3.96
0.004,-0.444
-1.159,-0.453
-1.139,-0.316
-0.009,-0.067
-0.046,-1.344
-0.199,2.105
-0.152,1.041
-0.173,-1.317
-0.222,1.085
-0.3,-0.549
-0.282,-1.137
-0.291,-0.504
-0.36,-0.8
-0.327,-0.617
-0.335,-0.285
-0.385,0.93
-0.345,-1.04
-0.429,-0.98
-0.493,2.18
-0.467,0.669
-0.554,-1.029
-0.73,-1.147
-0.722,-1.483
-0.777,-0.947
-0.848,-1.032
-0.864,-0.331
-0.826,-0.069
-0.853,-0.939
-0.922,-1.122
-0.941,2.173
-1.072,-0.349
-1.008,1.943
-1.024,2.387
-1.093,0.95
-1.088,1.98
-1.146,1.576
-1.124,1.649
-1.204,-0.297
-1.176,-1.46
-1.177,0.352
-1.279,1.849
-1.224,-0.867
-1.245,-1.342
-1.298,0.181
-1.318,-0.545
-1.34,-0.634
-1.42,1.883
-1.368,2.317
-1.436,-1.257
-1.404,0.343
-1.545,-0.225
-1.558,1.088
-1.579,-0.193
-1.553,2.242
-1.689,0.474
-1.641,-0.116
-1.631,-1.055
-1.715,-0.582
-1.706,0.156
-1.777,2.285
-1.749,0.321
-1.846,-0.746
-1.854,-1.103
-1.784,1.64
-1.874,0.809
-1.803,1.503
-1.999,-0.848
-1.983,1.159
-2.031,1.578
-2.114,0.76
-2.192,1.486
-2.251,1.521
-2.368,1.268
-2.443,1.22
-2.46,-0.586
-2.45,2.196
-2.502,-1.025
-2.522,1.704
-2.712,1.988
-2.822,0.16
-2.785,0.324
-2.852,1.306
-2.885,0.031
-2.943,1.15
-2.973,0.87
-3.075,0.717
-3.041,2.374
3.118,-1.386
-3.137,0.494
3.059,-0.602
3.108,1.929
3.093,1.92
2.554,2.264
2.528,0.067
2.455,-1.451
2.496,1.386
2.452,1.28
2.394,2.059
2.46,-0.204
2.299,-0.639
2.297,0.568
2.363,2.388
2.344,1.025
2.282,2.298
2.255,-1.129
2.254,-0.164
2.181,0.306
2.192,0.626
2.229,1.95
2.128,-0.506
2.127,2.119
1.956,-1.656
1.966,-1.611
1.781,-1.676
-0.744,-1.928
-0.909,-1.893
-0.927,-1.727
-0.947,-1.679
-1.042,-1.735
-1.205,-1.887
-2.139,-1.898
-2.593,-1.808
1.915,2.217
0.949,2.451
0.238,2.163
-3.096,2.463
2.879,2.243
2.777,2.235
2.34,2.484
0.435,0.88
-1.316,-0.795
2.314,2.02
2.157,-1.41
-1.559,-1.659
1.957,0.827
1.915,1.292
1.949,-1.038
1.939,-0.764
1.895,1.295
1.689,0.688
1.805,0.297
1.653,-0.349
1.783,0.177
1.688,-1.438
1.283,-0.552
1.156,0.785
1.125,-0.037
1.129,-0.02
1.129,2.085
1.113,1.908
1.183,-0.548
1.146,-1.39
0.996,-0.512
1.087,1.461
1.092,0.662
1.05,-0.01
0.842,1.95
0.883,1.698
0.768,0.01
0.878,-1.371
0.779,2.356
0.526,-0.784
0.228,1.666
0.333,-0.063
0.33,0.594
0.215,2.137
0.313,1.138
0.176,1.746
0.208,1.685
-0.067,0.614
-0.28,1.655
-0.273,1.832
-0.305,1.341
-0.643,0.628
-0.661,0.42
-0.68,0.82
-0.702,1.944
-0.912,-0.06
-0.962,2.292
-0.925,-0.917
-1.058,-0.529
-1.087,-1.411
-0.964,0.444
-1.143,-0.677
-1.067,2.345
-1.217,0.682
-1.602,1.846
-1.543,-0.805
-1.721,0.064
-1.834,1.782
-1.716,1.469
-1.898,1.94
-1.885,2.17
-1.914,0.438
-1.86,0.027
-2.2,0.599
-2.077,-0.495
-2.234,0.906
-2.606,0.164
-2.706,1.901
-2.785,0.723
-2.843,0.096
-3.109,-0.568
-3.037,1.723
3.118,-0.798
3.015,-0.115
2.956,-0.492
2.662,-0.023
2.788,-0.633
2.689,0.563
2.543,-0.29
2.566,-0.203
2.56,-1.303
2.43,2.021
2.442,0.068
2.387,0.796
2.25,-0.075
2.187,0.469
2.244,-0.908
2.107,0.786
2.24,-0.02
2.247,1.92
1.947,-1.744
1.047,-1.82
1.037,-1.853
0.06,-1.889
-2.89,-1.624
-2.876,-1.716
3.139,-1.867
2.743,-1.766
1.677,2.371
-2.172,2.37
1.933,-0.76
-0.076,0.908
-0.698,-1.305
-2.252,0.951
2.287,-0.172
2.015,1.253
0.637,-1.048
0.05,1.213
-0.958,1.93
-2.26,-0.26
-2.256,-0.258
-2.306,0.66
-2.479,1.344
2.887,1.339
2.754,1.996
2.7,1.346
2.679,1.557
2.637,1.479
2.676,1.975
2.555,1.312
1.417,0.865
-0.767,-0.465
-1.336,0.996
-1.788,-0.422
2.741,-0.402
2.496,0.896
-1.534,-1.548
2.949,-1.829
-2.363,2.492
0.112,-1.912
-1.051,-1.921
-1.031,-1.784
-0.037,-1.277
-0.19,2.172
-0.143,1.108
-0.164,-1.25
-0.213,1.152
-0.291,-0.482
-0.273,-1.07
-0.282,-0.437
-0.351,-0.733
-0.318,-0.55
-0.326,-0.218
-0.376,0.997
-0.336,-0.973
-0.42,-0.913
-0.484,2.247
-0.458,0.736
-0.545,-0.962
-0.721,-1.08
-0.713,-1.416
-0.768,-0.88
-0.839,-0.965
-0.855,-0.264
-0.817,-0.002
-0.844,-0.872
-0.913,-1.055
-0.932,2.24
-1.063,-0.282
-0.999,2.01
-1.015,2.454
-1.084,1.017
-1.079,2.047
-1.137,1.643
-1.115,1.716
-1.195,-0.23
-1.167,-1.393
-1.168,0.419
-1.27,1.916
-1.215,-0.8
-1.236,-1.275
-1.289,0.248
-1.309,-0.478
-1.331,-0.567
-1.411,1.95
-1.359,2.384
-1.427,-1.19
-1.395,0.41
-1.536,-0.158
-1.549,1.155
-1.57,-0.126
-1.544,2.309
-1.68,0.541
-1.632,-0.049
-1.622,-0.988
-1.706,-0.515
-1.697,0.223
-1.768,2.352
-1.74,0.388
-1.837,-0.679
-1.845,-1.036
-1.775,1.707
-1.865,0.876
-1.794,1.57
-1.99,-0.781
-1.974,1.226
-2.022,1.645
-2.105,0.827
-2.183,1.553
-2.242,1.588
-2.359,1.335
-2.434,1.287
-2.451,-0.519
-2.441,2.263
-2.493,-0.958
-2.513,1.771
-2.703,2.055
-2.813,0.227
-2.776,0.391
-2.843,1.373
-2.876,0.098
-2.934,1.217
-2.964,0.937
-3.066,0.784
-3.032,2.441
3.127,-1.319
-3.128,0.561
3.068,-0.535
3.117,1.996
3.102,1.987
2.563,2.331
2.537,0.134
2.464,-1.384
2.505,1.453
2.461,1.347
2.403,2.126
2.469,-0.137
2.308,-0.572
2.306,0.635
2.372,2.455
2.353,1.092
2.291,2.365
2.264,-1.062
2.263,-0.097
2.19,0.373
2.201,0.693
2.238,2.017
2.137,-0.439
2.136,2.186
1.965,-1.589
1.975,-1.544
1.79,-1.609
-0.735,-1.861
-0.9,-1.826
-0.918,-1.66
-0.938,-1.612
-1.033,-1.668
-1.196,-1.82
-2.13,-1.831
-2.584,-1.741
1.924,2.284
0.958,2.518
0.247,2.23
-3.087,2.53
2.888,2.31
2.786,2.302
2.349,2.551
0.444,0.947
-1.307,-0.728
2.323,2.087
2.166,-1.343
-1.55,-1.592
1.966,0.894
1.924,1.359
1.958,-0.971
1.948,-0.697
1.904,1.362
1.698,0.755
1.814,0.364
1.662,-0.282
1.792,0.244
1.697,-1.371
1.292,-0.485
1.165,0.852
1.134,0.03
1.138,0.047
1.138,2.152
1.122,1.975
1.192,-0.481
1.155,-1.323
1.005,-0.445
1.096,1.528
1.101,0.729
1.059,0.057
0.851,2.017
0.892,1.765
0.777,0.077
0.887,-1.304
0.788,2.423
0.535,-0.717
0.237,1.733
0.342,0.004
0.339,0.661
0.224,2.204
0.322,1.205
0.185,1.813
0.217,1.752
-0.058,0.681
-0.271,1.722
-0.264,1.899
-0.296,1.408
-0.634,0.695
-0.652,0.487
-0.671,0.887
-0.693,2.011
-0.903,0.007
-0.953,2.359
-0.916,-0.85
-1.049,-0.462
-1.078,-1.344
-0.955,0.511
-1.134,-0.61
-1.058,2.412
-1.208,0.749
-1.593,1.913
-1.534,-0.738
-1.712,0.131
-1.825,1.849
-1.707,1.536
-1.889,2.007
-1.876,2.237
-1.905,0.505
-1.851,0.094
-2.191,0.666
-2.068,-0.428
-2.225,0.973
-2.597,0.231
-2.697,1.968
-2.776,0.79
-2.834,0.163
-3.1,-0.501
-3.028,1.79
3.127,-0.731
3.024,-0.048
2.965,-0.425
2.671,0.044
2.797,-0.566
2.698,0.63
2.552,-0.223
2.575,-0.136
2.569,-1.236
2.439,2.088
2.451,0.135
2.396,0.863
2.259,-0.008
2.196,0.536
2.253,-0.841
2.116,0.853
2.249,0.047
2.256,1.987
1.956,-1.677
1.056,-1.753
1.046,-1.786
0.069,-1.822
-2.881,-1.557
-2.867,-1.649
-3.135,-1.8
2.752,-1.699
1.686,2.438
-2.163,2.437
1.942,-0.693
-0.067,0.975
-0.689,-1.238
-2.243,1.018
2.296,-0.105
2.024,1.32
0.646,-0.981
0.059,1.28
-0.949,1.997
-2.251,-0.193
-2.247,-0.191
-2.297,0.727
-2.47,1.411
2.896,1.406
2.763,2.063
2.709,1.413
2.688,1.624
2.646,1.546
2.685,2.042
2.564,1.379
1.426,0.932
-0.758,-0.398
-1.327,1.063
-1.779,-0.355
2.75,-0.335
2.505,0.963
-1.525,-1.481
2.958,-1.762
-2.354,2.559
0.121,-1.845
-1.042,-1.854
-1.022,-1.717
-0.153,3.449
-0.106,2.385
-0.127,0.027
-0.176,2.429
-0.254,0.795
-0.236,0.207
-0.245,0.84
-0.314,0.544
-0.281,0.727
-0.289,1.059
-0.339,2.274
-0.299,0.304
-0.383,0.364
-0.447,3.524
-0.421,2.013
-0.508,0.315
-0.684,0.197
-0.676,-0.139
-0.731,0.397
-0.802,0.312
-0.818,1.013
-0.78,1.275
-0.807,0.405
-0.876,0.222
-0.895,3.517
-1.026,0.995
-0.962,3.287
-0.978,3.731
-1.047,2.294
-1.042,3.324
-1.1,2.92
-1.078,2.993
-1.158,1.047
-1.13,-0.116
-1.131,1.696
-1.233,3.193
-1.178,0.477
-1.199,0.002
-1.252,1.525
-1.272,0.799
-1.294,0.71
-1.374,3.227
-1.322,3.661
-1.39,0.087
-1.358,1.687
-1.499,1.119
-1.512,2.432
-1.533,1.151
-1.507,3.586
-1.643,1.818
-1.595,1.228
-1.585,0.289
-1.669,0.762
-1.66,1.5
-1.731,3.629
-1.703,1.665
-1.8,0.598
-1.808,0.241
-1.738,2.984
-1.828,2.153
-1.757,2.847
-1.953,0.496
-1.937,2.503
-1.985,2.922
-2.068,2.104
-2.146,2.83
-2.205,2.865
-2.322,2.612
-2.397,2.564
-2.414,0.758
-2.404,3.54
-2.456,0.319
-2.476,3.048
-2.666,3.332
-2.776,1.504
-2.739,1.668
-2.806,2.65
-2.839,1.375
-2.897,2.494
-2.927,2.214
-3.029,2.061
-2.995,3.718
-3.119,-0.042
-3.091,1.838
3.105,0.742
-3.129,3.273
3.139,3.264
2.6,3.608
2.574,1.411
2.501,-0.107
2.542,2.73
2.498,2.624
2.44,3.403
2.506,1.14
2.345,0.705
2.343,1.912
2.409,3.732
2.39,2.369
2.328,3.642
2.301,0.215
2.3,1.18
2.227,1.65
2.238,1.97
2.275,3.294
2.174,0.838
2.173,3.463
2.002,-0.312
2.012,-0.267
1.827,-0.332
-0.698,-0.584
-0.863,-0.549
-0.881,-0.383
-0.901,-0.335
-0.996,-0.391
-1.159,-0.543
-2.093,-0.554
-2.547,-0.464
1.961,3.561
0.995,3.795
0.284,3.507
-3.05,3.807
2.925,3.587
2.823,3.579
2.386,3.828
0.481,2.224
-1.27,0.549
2.36,3.364
2.203,-0.066
-1.513,-0.315
2.003,2.171
1.961,2.636
1.995,0.306
1.985,0.58
1.941,2.639
1.735,2.032
1.851,1.641
1.699,0.995
1.829,1.521
1.734,-0.094
1.329,0.792
1.202,2.129
1.171,1.307
1.175,1.324
1.175,3.429
1.159,3.252
1.229,0.796
1.192,-0.046
1.042,0.832
1.133,2.805
1.138,2.006
1.096,1.334
0.888,3.294
0.929,3.042
0.814,1.354
0.924,-0.027
0.825,3.7
0.572,0.56
0.274,3.01
0.379,1.281
0.376,1.938
0.261,3.481
0.359,2.482
0.222,3.09
0.254,3.029
-0.021,1.958
-0.234,2.999
-0.227,3.176
-0.259,2.685
-0.597,1.972
-0.615,1.764
-0.634,2.164
-0.656,3.288
-0.866,1.284
-0.916,3.636
-0.879,0.427
-1.012,0.815
-1.041,-0.067
-0.918,1.788
-1.097,0.667
-1.021,3.689
-1.171,2.026
-1.556,3.19
-1.497,0.539
-1.675,1.408
-1.788,3.126
-1.67,2.813
-1.852,3.284
-1.839,3.514
-1.868,1.782
-1.814,1.371
-2.154,1.943
-2.031,0.849
-2.188,2.25
-2.56,1.508
-2.66,3.245
-2.739,2.067
-2.797,1.44
-3.063,0.776
-2.991,3.067
-3.119,0.546
3.061,1.229
3.002,0.852
2.708,1.321
2.834,0.711
2.735,1.907
2.589,1.054
2.612,1.141
2.606,0.041
2.476,3.365
2.488,1.412
2.433,2.14
2.296,1.269
2.233,1.813
2.29,0.436
2.153,2.13
2.286,1.324
2.293,3.264
1.993,-0.4
1.093,-0.476
1.083,-0.509
0.106,-0.545
-2.844,-0.28
-2.83,-0.372
-3.098,-0.523
2.789,-0.422
1.723,3.715
-2.126,3.714
1.979,0.584
-0.03,2.252
-0.652,0.039
-2.206,2.295
2.333,1.172
2.061,2.597
0.683,0.296
0.096,2.557
-0.912,3.274
-2.214,1.084
-2.21,1.086
-2.26,2.004
-2.433,2.688
2.933,2.683
2.8,3.34
2.746,2.69
2.725,2.901
2.683,2.823
2.722,3.319
2.601,2.656
1.463,2.209
-0.721,0.879
-1.29,2.34
-1.742,0.922
2.787,0.942
2.542,2.24
-1.488,-0.204
2.995,-0.485
-2.317,3.836
0.158,-0.568
-1.005,-0.577
-0.985,-0.44
0.047,-1.064
0.026,-3.422
-0.023,-1.02
-0.101,-2.654
-0.083,-3.242
-0.092,-2.609
-0.161,-2.905
-0.128,-2.722
-0.136,-2.39
-0.186,-1.175
-0.146,-3.145
-0.23,-3.085
-0.294,0.075
-0.268,-1.436
-0.355,-3.134
-0.531,-3.252
-0.523,-3.588
-0.578,-3.052
-0.649,-3.137
-0.665,-2.436
-0.627,-2.174
-0.654,-3.044
-0.723,-3.227
-0.742,0.068
-0.873,-2.454
-0.809,-0.162
-0.825,0.282
-0.894,-1.155
-0.889,-0.125
-0.947,-0.529
-0.925,-0.456
-1.005,-2.402
-0.977,-3.565
-0.978,-1.753
-1.08,-0.256
-1.025,-2.972
-1.046,-3.447
-1.099,-1.924
-1.119,-2.65
-1.141,-2.739
-1.221,-0.222
-1.169,0.212
-1.237,-3.362
-1.205,-1.762
-1.346,-2.33
-1.359,-1.017
-1.38,-2.298
-1.354,0.137
-1.49,-1.631
-1.442,-2.221
-1.432,-3.16
-1.516,-2.687
-1.507,-1.949
-1.578,0.18
-1.55,-1.784
-1.647,-2.851
-1.655,-3.208
-1.585,-0.465
-1.675,-1.296
-1.604,-0.602
-1.8,-2.953
-1.784,-0.946
-1.832,-0.527
-1.915,-1.345
-1.993,-0.619
-2.052,-0.584
-2.169,-0.837
-2.244,-0.885
-2.261,-2.691
-2.251,0.091
-2.303,-3.13
-2.323,-0.401
-2.513,-0.117
-2.623,-1.945
-2.586,-1.781
-2.653,-0.799
-2.686,-2.074
-2.744,-0.955
-2.774,-1.235
-2.876,-1.388
-2.842,0.269
-2.966,-3.491
-2.938,-1.611
-3.025,-2.707
-2.976,-0.176
-2.991,-0.185
2.753,0.159
2.727,-2.038
2.654,-3.556
2.695,-0.719
2.651,-0.825
2.593,-0.046
2.659,-2.309
2.498,-2.744
2.496,-1.537
2.562,0.283
2.543,-1.08
2.481,0.193
2.454,-3.234
2.453,-2.269
2.38,-1.799
2.391,-1.479
2.428,-0.155
2.327,-2.611
2.326,0.014
2.155,-3.761
2.165,-3.716
1.98,-3.781
-0.545,-4.033
-0.71,-3.998
-0.728,-3.832
-0.748,-3.784
-0.843,-3.84
-1.006,-3.992
-1.94,-4.003
-2.394,-3.913
2.114,0.112
1.148,0.346
0.437,0.058
-2.897,0.358
3.078,0.138
2.976,0.13
2.539,0.379
0.634,-1.225
-1.117,-2.9
2.513,-0.085
2.356,-3.515
-1.36,-3.764
2.156,-1.278
2.114,-0.813
2.148,-3.143
2.138,-2.869
2.094,-0.81
1.888,-1.417
2.004,-1.808
1.852,-2.454
1.982,-1.928
1.887,-3.543
1.482,-2.657
1.355,-1.32
1.324,-2.142
1.328,-2.125
1.328,-0.02
1.312,-0.197
1.382,-2.653
1.345,-3.495
1.195,-2.617
1.286,-0.644
1.291,-1.443
1.249,-2.115
1.041,-0.155
1.082,-0.407
0.967,-2.095
1.077,-3.476
0.978,0.251
0.725,-2.889
0.427,-0.439
0.532,-2.168
0.529,-1.511
0.414,0.032
0.512,-0.967
0.375,-0.359
0.407,-0.42
0.132,-1.491
-0.081,-0.45
-0.074,-0.273
-0.106,-0.764
-0.444,-1.477
-0.462,-1.685
-0.481,-1.285
-0.503,-0.161
-0.713,-2.165
-0.763,0.187
-0.726,-3.022
-0.859,-2.634
-0.888,-3.516
-0.765,-1.661
-0.944,-2.782
-0.868,0.24
-1.018,-1.423
-1.403,-0.259
-1.344,-2.91
-1.522,-2.041
-1.635,-0.323
-1.517,-0.636
-1.699,-0.165
-1.686,0.065
-1.715,-1.667
-1.661,-2.078
-2.001,-1.506
-1.878,-2.6
-2.035,-1.199
-2.407,-1.941
-2.507,-0.204
-2.586,-1.382
-2.644,-2.009
-2.91,-2.673
-2.838,-0.382
-2.966,-2.903
-3.069,-2.22
-3.128,-2.597
2.861,-2.128
2.987,-2.738
2.888,-1.542
2.742,-2.395
2.765,-2.308
2.759,-3.408
2.629,-0.084
2.641,-2.037
2.586,-1.309
2.449,-2.18
2.386,-1.636
2.443,-3.013
2.306,-1.319
2.439,-2.125
2.446,-0.185
2.146,-3.849
1.246,-3.925
1.236,-3.958
0.259,-3.994
-2.691,-3.729
-2.677,-3.821
-2.945,-3.972
2.942,-3.871
1.876,0.266
-1.973,0.265
2.132,-2.865
0.123,-1.197
-0.499,-3.41
-2.053,-1.154
2.486,-2.277
2.214,-0.852
0.836,-3.153
0.249,-0.892
-0.759,-0.175
-2.061,-2.365
-2.057,-2.363
-2.107,-1.445
-2.28,-0.761
3.086,-0.766
2.953,-0.109
2.899,-0.759
2.878,-0.548
2.836,-0.626
2.875,-0.13
2.754,-0.793
1.616,-1.24
-0.568,-2.57
-1.137,-1.109
-1.589,-2.527
2.94,-2.507
2.695,-1.209
-1.335,-3.653
-3.135,-3.934
-2.164,0.387
0.311,-4.017
-0.852,-4.026
-0.832,-3.889
-0.021,-2.358
-0.07,0.044
-0.148,-1.59
-0.13,-2.178
-0.139,-1.545
-0.208,-1.841
-0.175,-1.658
-0.183,-1.326
-0.233,-0.111
-0.193,-2.081
-0.277,-2.021
-0.341,1.139
-0.315,-0.372
-0.402,-2.07
-0.578,-2.188
-0.57,-2.524
-0.625,-1.988
-0.696,-2.073
-0.712,-1.372
-0.674,-1.11
-0.701,-1.98
-0.77,-2.163
-0.789,1.132
-0.92,-1.39
-0.856,0.902
-0.872,1.346
-0.941,-0.091
-0.936,0.939
-0.994,0.535
-0.972,0.608
-1.052,-1.338
-1.024,-2.501
-1.025,-0.689
-1.127,0.808
-1.072,-1.908
-1.093,-2.383
-1.146,-0.86
-1.166,-1.586
-1.188,-1.675
-1.268,0.842
-1.216,1.276
-1.284,-2.298
-1.252,-0.698
-1.393,-1.266
-1.406,0.047
-1.427,-1.234
-1.401,1.201
-1.537,-0.567
-1.489,-1.157
-1.479,-2.096
-1.563,-1.623
-1.554,-0.885
-1.625,1.244
-1.597,-0.72
-1.694,-1.787
-1.702,-2.144
-1.632,0.599
-1.722,-0.232
-1.651,0.462
-1.847,-1.889
-1.831,0.118
-1.879,0.537
-1.962,-0.281
-2.04,0.445
-2.099,0.48
-2.216,0.227
-2.291,0.179
-2.308,-1.627
-2.298,1.155
-2.35,-2.066
-2.37,0.663
-2.56,0.947
-2.67,-0.881
-2.633,-0.717
-2.7,0.265
-2.733,-1.01
-2.791,0.109
-2.821,-0.171
-2.923,-0.324
-2.889,1.333
-3.013,-2.427
-2.985,-0.547
-3.072,-1.643
-3.023,0.888
-3.038,0.879
2.706,1.223
2.68,-0.974
2.607,-2.492
2.648,0.345
2.604,0.239
2.546,1.018
2.612,-1.245
2.451,-1.68
2.449,-0.473
2.515,1.347
2.496,-0.016
2.434,1.257
2.407,-2.17
2.406,-1.205
2.333,-0.735
2.344,-0.415
2.381,0.909
2.28,-1.547
2.279,1.078
2.108,-2.697
2.118,-2.652
1.933,-2.717
-0.592,-2.969
-0.757,-2.934
-0.775,-2.768
-0.795,-2.72
-0.89,-2.776
-1.053,-2.928
-1.987,-2.939
-2.441,-2.849
2.067,1.176
1.101,1.41
0.39,1.122
-2.944,1.422
3.031,1.202
2.929,1.194
2.492,1.443
0.587,-0.161
-1.164,-1.836
2.466,0.979
2.309,-2.451
-1.407,-2.7
2.109,-0.214
2.067,0.251
2.101,-2.079
2.091,-1.805
2.047,0.254
1.841,-0.353
1.957,-0.744
1.805,-1.39
1.935,-0.864
1.84,-2.479
1.435,-1.593
1.308,-0.256
1.277,-1.078
1.281,-1.061
1.281,1.044
1.265,0.867
1.335,-1.589
1.298,-2.431
1.148,-1.553
1.239,0.42
1.244,-0.379
1.202,-1.051
0.994,0.909
1.035,0.657
0.92,-1.031
1.03,-2.412
0.931,1.315
0.678,-1.825
0.38,0.625
0.485,-1.104
0.482,-0.447
0.367,1.096
0.465,0.097
0.328,0.705
0.36,0.644
0.085,-0.427
-0.128,0.614
-0.121,0.791
-0.153,0.3
-0.491,-0.413
-0.509,-0.621
-0.528,-0.221
-0.55,0.903
-0.76,-1.101
-0.81,1.251
-0.773,-1.958
-0.906,-1.57
-0.935,-2.452
-0.812,-0.597
-0.991,-1.718
-0.915,1.304
-1.065,-0.359
-1.45,0.805
-1.391,-1.846
-1.569,-0.977
-1.682,0.741
-1.564,0.428
-1.746,0.899
-1.733,1.129
-1.762,-0.603
-1.708,-1.014
-2.048,-0.442
-1.925,-1.536
-2.082,-0.135
-2.454,-0.877
-2.554,0.86
-2.633,-0.318
-2.691,-0.945
-2.957,-1.609
-2.885,0.682
-3.013,-1.839
-3.116,-1.156
3.108,-1.533
2.814,-1.064
2.94,-1.674
2.841,-0.478
2.695,-1.331
2.718,-1.244
2.712,-2.344
2.582,0.98
2.594,-0.973
2.539,-0.245
2.402,-1.116
2.339,-0.572
2.396,-1.949
2.259,-0.255
2.392,-1.061
2.399,0.879
2.099,-2.785
1.199,-2.861
1.189,-2.894
0.212,-2.93
-2.738,-2.665
-2.724,-2.757
-2.992,-2.908
2.895,-2.807
1.829,1.33
-2.02,1.329
2.085,-1.801
0.076,-0.133
-0.546,-2.346
-2.1,-0.09
2.439,-1.213
2.167,0.212
0.789,-2.089
0.202,0.172
-0.806,0.889
-2.108,-1.301
-2.104,-1.299
-2.154,-0.381
-2.327,0.303
3.039,0.298
2.906,0.955
2.852,0.305
2.831,0.516
2.789,0.438
2.828,0.934
2.707,0.271
1.569,-0.176
-0.615,-1.506
-1.184,-0.045
-1.636,-1.463
2.893,-1.443
2.648,-0.145
-1.382,-2.589
3.101,-2.87
-2.211,1.451
0.264,-2.953
-0.899,-2.962
-0.879,-2.825
-0.049,2.402
-0.127,0.768
-0.109,0.18
-0.118,0.813
-0.187,0.517
-0.154,0.7
-0.162,1.032
-0.212,2.247
-0.172,0.277
-0.256,0.337
-0.32,3.497
-0.294,1.986
-0.381,0.288
-0.557,0.17
-0.549,-0.166
-0.604,0.37
-0.675,0.285
-0.691,0.986
-0.653,1.248
-0.68,0.378
-0.749,0.195
-0.768,3.49
-0.899,0.968
-0.835,3.26
-0.851,3.704
-0.92,2.267
-0.915,3.297
-0.973,2.893
-0.951,2.966
-1.031,1.02
-1.003,-0.143
-1.004,1.669
-1.106,3.166
-1.051,0.45
-1.072,-0.025
-1.125,1.498
-1.145,0.772
-1.167,0.683
-1.247,3.2
-1.195,3.634
-1.263,0.06
-1.231,1.66
-1.372,1.092
-1.385,2.405
-1.406,1.124
-1.38,3.559
-1.516,1.791
-1.468,1.201
-1.458,0.262
-1.542,0.735
-1.533,1.473
-1.604,3.602
-1.576,1.638
-1.673,0.571
-1.681,0.214
-1.611,2.957
-1.701,2.126
-1.63,2.82
-1.826,0.469
-1.81,2.476
-1.858,2.895
-1.941,2.077
-2.019,2.803
-2.078,2.838
-2.195,2.585
-2.27,2.537
-2.287,0.731
-2.277,3.513
-2.329,0.292
-2.349,3.021
-2.539,3.305
-2.649,1.477
-2.612,1.641
-2.679,2.623
-2.712,1.348
-2.77,2.467
-2.8,2.187
-2.902,2.034
-2.868,3.691
-2.992,-0.069
-2.964,1.811
-3.051,0.715
-3.002,3.246
-3.017,3.237
2.727,3.581
2.701,1.384
2.628,-0.134
2.669,2.703
2.625,2.597
2.567,3.376
2.633,1.113
2.472,0.678
2.47,1.885
2.536,3.705
2.517,2.342
2.455,3.615
2.428,0.188
2.427,1.153
2.354,1.623
2.365,1.943
2.402,3.267
2.301,0.811
2.3,3.436
2.129,-0.339
2.139,-0.294
1.954,-0.359
-0.571,-0.611
-0.736,-0.576
-0.754,-0.41
-0.774,-0.362
-0.869,-0.418
-1.032,-0.57
-1.966,-0.581
-2.42,-0.491
2.088,3.534
1.122,3.768
0.411,3.48
-2.923,3.78
3.052,3.56
2.95,3.552
2.513,3.801
0.608,2.197
-1.143,0.522
2.487,3.337
2.33,-0.093
-1.386,-0.342
2.13,2.144
2.088,2.609
2.122,0.279
2.112,0.553
2.068,2.612
1.862,2.005
1.978,1.614
1.826,0.968
1.956,1.494
1.861,-0.121
1.456,0.765
1.329,2.102
1.298,1.28
1.302,1.297
1.302,3.402
1.286,3.225
1.356,0.769
1.319,-0.073
1.169,0.805
1.26,2.778
1.265,1.979
1.223,1.307
1.015,3.267
1.056,3.015
0.941,1.327
1.051,-0.054
0.952,3.673
0.699,0.533
0.401,2.983
0.506,1.254
0.503,1.911
0.388,3.454
0.486,2.455
0.349,3.063
0.381,3.002
0.106,1.931
-0.107,2.972
-0.1,3.149
-0.132,2.658
-0.47,1.945
-0.488,1.737
-0.507,2.137
-0.529,3.261
-0.739,1.257
-0.789,3.609
-0.752,0.4
-0.885,0.788
-0.914,-0.094
-0.791,1.761
-0.97,0.64
-0.894,3.662
-1.044,1.999
-1.429,3.163
-1.37,0.512
-1.548,1.381
-1.661,3.099
-1.543,2.786
-1.725,3.257
-1.712,3.487
-1.741,1.755
-1.687,1.344
-2.027,1.916
-1.904,0.822
-2.061,2.223
-2.433,1.481
-2.533,3.218
-2.612,2.04
-2.67,1.413
-2.936,0.749
-2.864,3.04
-2.992,0.519
-3.095,1.202
3.129,0.825
2.835,1.294
2.961,0.684
2.862,1.88
2.716,1.027
2.739,1.114
2.733,0.014
2.603,3.338
2.615,1.385
2.56,2.113
2.423,1.242
2.36,1.786
2.417,0.409
2.28,2.103
2.413,1.297
2.42,3.237
2.12,-0.427
1.22,-0.503
1.21,-0.536
0.233,-0.572
-2.717,-0.307
-2.703,-0.399
-2.971,-0.55
2.916,-0.449
1.85,3.688
-1.999,3.687
2.106,0.557
0.097,2.225
-0.525,0.012
-2.079,2.268
2.46,1.145
2.188,2.57
0.81,0.269
0.223,2.53
-0.785,3.247
-2.087,1.057
-2.083,1.059
-2.133,1.977
-2.306,2.661
3.06,2.656
2.927,3.313
2.873,2.663
2.852,2.874
2.81,2.796
2.849,3.292
2.728,2.629
1.59,2.182
-0.594,0.852
-1.163,2.313
-1.615,0.895
2.914,0.915
2.669,2.213
-1.361,-0.231
3.122,-0.512
-2.19,3.809
0.285,-0.595
-0.878,-0.604
-0.858,-0.467
-0.078,-1.634
-0.06,-2.222
-0.069,-1.589
-0.138,-1.885
-0.105,-1.702
-0.113,-1.37
-0.163,-0.155
-0.123,-2.125
-0.207,-2.065
-0.271,1.095
-0.245,-0.416
-0.332,-2.114
-0.508,-2.232
-0.5,-2.568
-0.555,-2.032
-0.626,-2.117
-0.642,-1.416
-0.604,-1.154
-0.631,-2.024
-0.7,-2.207
-0.719,1.088
-0.85,-1.434
-0.786,0.858
-0.802,1.302
-0.871,-0.135
-0.866,0.895
-0.924,0.491
-0.902,0.564
-0.982,-1.382
-0.954,-2.545
-0.955,-0.733
-1.057,0.764
-1.002,-1.952
-1.023,-2.427
-1.076,-0.904
-1.096,-1.63
-1.118,-1.719
-1.198,0.798
-1.146,1.232
-1.214,-2.342
-1.182,-0.742
-1.323,-1.31
-1.336,0.003
-1.357,-1.278
-1.331,1.157
-1.467,-0.611
-1.419,-1.201
-1.409,-2.14
-1.493,-1.667
-1.484,-0.929
-1.555,1.2
-1.527,-0.764
-1.624,-1.831
-1.632,-2.188
-1.562,0.555
-1.652,-0.276
-1.581,0.418
-1.777,-1.933
-1.761,0.074
-1.809,0.493
-1.892,-0.325
-1.97,0.401
-2.029,0.436
-2.146,0.183
-2.221,0.135
-2.238,-1.671
-2.228,1.111
-2.28,-2.11
-2.3,0.619
-2.49,0.903
-2.6,-0.925
-2.563,-0.761
-2.63,0.221
-2.663,-1.054
-2.721,0.065
-2.751,-0.215
-2.853,-0.368
-2.819,1.289
-2.943,-2.471
-2.915,-0.591
-3.002,-1.687
-2.953,0.844
-2.968,0.835
2.776,1.179
2.75,-1.018
2.677,-2.536
2.718,0.301
2.674,0.195
2.616,0.974
2.682,-1.289
2.521,-1.724
2.519,-0.517
2.585,1.303
2.566,-0.06
2.504,1.213
2.477,-2.214
2.476,-1.249
2.403,-0.779
2.414,-0.459
2.451,0.865
2.35,-1.591
2.349,1.034
2.178,-2.741
2.188,-2.696
2.003,-2.761
-0.522,-3.013
-0.687,-2.978
-0.705,-2.812
-0.725,-2.764
-0.82,-2.82
-0.983,-2.972
-1.917,-2.983
-2.371,-2.893
2.137,1.132
1.171,1.366
0.46,1.078
-2.874,1.378
3.101,1.158
2.999,1.15
2.562,1.399
0.657,-0.205
-1.094,-1.88
2.536,0.935
2.379,-2.495
-1.337,-2.744
2.179,-0.258
2.137,0.207
2.171,-2.123
2.161,-1.849
2.117,0.21
1.911,-0.397
2.027,-0.788
1.875,-1.434
2.005,-0.908
1.91,-2.523
1.505,-1.637
1.378,-0.3
1.347,-1.122
1.351,-1.105
1.351,1.0
1.335,0.823
1.405,-1.633
1.368,-2.475
1.218,-1.597
1.309,0.376
1.314,-0.423
1.272,-1.095
1.064,0.865
1.105,0.613
0.99,-1.075
1.1,-2.456
1.001,1.271
0.748,-1.869
0.45,0.581
0.555,-1.148
0.552,-0.491
0.437,1.052
0.535,0.053
0.398,0.661
0.43,0.6
0.155,-0.471
-0.058,0.57
-0.051,0.747
-0.083,0.256
-0.421,-0.457
-0.439,-0.665
-0.458,-0.265
-0.48,0.859
-0.69,-1.145
-0.74,1.207
-0.703,-2.002
-0.836,-1.614
-0.865,-2.496
-0.742,-0.641
-0.921,-1.762
-0.845,1.26
-0.995,-0.403
-1.38,0.761
-1.321,-1.89
-1.499,-1.021
-1.612,0.697
-1.494,0.384
-1.676,0.855
-1.663,1.085
-1.692,-0.647
-1.638,-1.058
-1.978,-0.486
-1.855,-1.58
-2.012,-0.179
-2.384,-0.921
-2.484,0.816
-2.563,-0.362
-2.621,-0.989
-2.887,-1.653
-2.815,0.638
-2.943,-1.883
-3.046,-1.2
-3.105,-1.577
2.884,-1.108
3.01,-1.718
2.911,-0.522
2.765,-1.375
2.788,-1.288
2.782,-2.388
2.652,0.936
2.664,-1.017
2.609,-0.289
2.472,-1.16
2.409,-0.616
2.466,-1.993
2.329,-0.299
2.462,-1.105
2.469,0.835
2.169,-2.829
1.269,-2.905
1.259,-2.938
0.282,-2.974
-2.668,-2.709
-2.654,-2.801
-2.922,-2.952
2.965,-2.851
1.899,1.286
-1.95,1.285
2.155,-1.845
0.146,-0.177
-0.476,-2.39
-2.03,-0.134
2.509,-1.257
2.237,0.168
0.859,-2.133
0.272,0.128
-0.736,0.845
-2.038,-1.345
-2.034,-1.343
-2.084,-0.425
-2.257,0.259
3.109,0.254
2.976,0.911
2.922,0.261
2.901,0.472
2.859,0.394
2.898,0.89
2.777,0.227
1.639,-0.22
-0.545,-1.55
-1.114,-0.089
-1.566,-1.507
2.963,-1.487
2.718,-0.189
-1.312,-2.633
-3.112,-2.914
-2.141,1.407
0.334,-2.997
-0.829,-3.006
-0.809,-2.869
0.018,-0.588
0.009,0.045
-0.06,-0.251
-0.027,-0.068
-0.035,0.264
-0.085,1.479
-0.045,-0.491
-0.129,-0.431
-0.193,2.729
-0.167,1.218
-0.254,-0.48
-0.43,-0.598
-0.422,-0.934
-0.477,-0.398
-0.548,-0.483
-0.564,0.218
-0.526,0.48
-0.553,-0.39
-0.622,-0.573
-0.641,2.722
-0.772,0.2
-0.708,2.492
-0.724,2.936
-0.793,1.499
-0.788,2.529
-0.846,2.125
-0.824,2.198
-0.904,0.252
-0.876,-0.911
-0.877,0.901
-0.979,2.398
-0.924,-0.318
-0.945,-0.793
-0.998,0.73
-1.018,0.004
-1.04,-0.085
-1.12,2.432
-1.068,2.866
-1.136,-0.708
-1.104,0.892
-1.245,0.324
-1.258,1.637
-1.279,0.356
-1.253,2.791
-1.389,1.023
-1.341,0.433
-1.331,-0.506
-1.415,-0.033
-1.406,0.705
-1.477,2.834
-1.449,0.87
-1.546,-0.197
-1.554,-0.554
-1.484,2.189
-1.574,1.358
-1.503,2.052
-1.699,-0.299
-1.683,1.708
-1.731,2.127
-1.814,1.309
-1.892,2.035
-1.951,2.07
-2.068,1.817
-2.143,1.769
-2.16,-0.037
-2.15,2.745
-2.202,-0.476
-2.222,2.253
-2.412,2.537
-2.522,0.709
-2.485,0.873
-2.552,1.855
-2.585,0.58
-2.643,1.699
-2.673,1.419
-2.775,1.266
-2.741,2.923
-2.865,-0.837
-2.837,1.043
-2.924,-0.053
-2.875,2.478
-2.89,2.469
2.854,2.813
2.828,0.616
2.755,-0.902
2.796,1.935
2.752,1.829
2.694,2.608
2.76,0.345
2.599,-0.09
2.597,1.117
2.663,2.937
2.644,1.574
2.582,2.847
2.555,-0.58
2.554,0.385
2.481,0.855
2.492,1.175
2.529,2.499
2.428,0.043
2.427,2.668
2.256,-1.107
2.266,-1.062
2.081,-1.127
-0.444,-1.379
-0.609,-1.344
-0.627,-1.178
-0.647,-1.13
-0.742,-1.186
-0.905,-1.338
-1.839,-1.349
-2.293,-1.259
2.215,2.766
1.249,3.0
0.538,2.712
-2.796,3.012
-3.104,2.792
3.077,2.784
2.64,3.033
0.735,1.429
-1.016,-0.246
2.614,2.569
2.457,-0.861
-1.259,-1.11
2.257,1.376
2.215,1.841
2.249,-0.489
2.239,-0.215
2.195,1.844
1.989,1.237
2.105,0.846
1.953,0.2
2.083,0.726
1.988,-0.889
1.583,-0.003
1.456,1.334
1.425,0.512
1.429,0.529
1.429,2.634
1.413,2.457
1.483,0.001
1.446,-0.841
1.296,0.037
1.387,2.01
1.392,1.211
1.35,0.539
1.142,2.499
1.183,2.247
1.068,0.559
1.178,-0.822
1.079,2.905
0.826,-0.235
0.528,2.215
0.633,0.486
0.63,1.143
0.515,2.686
0.613,1.687
0.476,2.295
0.508,2.234
0.233,1.163
0.02,2.204
0.027,2.381
-0.005,1.89
-0.343,1.177
-0.361,0.969
-0.38,1.369
-0.402,2.493
-0.612,0.489
-0.662,2.841
-0.625,-0.368
-0.758,0.02
-0.787,-0.862
-0.664,0.993
-0.843,-0.128
-0.767,2.894
-0.917,1.231
-1.302,2.395
-1.243,-0.256
-1.421,0.613
-1.534,2.331
-1.416,2.018
-1.598,2.489
-1.585,2.719
-1.614,0.987
-1.56,0.576
-1.9,1.148
-1.777,0.054
-1.934,1.455
-2.306,0.713
-2.406,2.45
-2.485,1.272
-2.543,0.645
-2.809,-0.019
-2.737,2.272
-2.865,-0.249
-2.968,0.434
-3.027,0.057
2.962,0.526
3.088,-0.084
2.989,1.112
2.843,0.259
2.866,0.346
2.86,-0.754
2.73,2.57
2.742,0.617
2.687,1.345
2.55,0.474
2.487,1.018
2.544,-0.359
2.407,1.335
2.54,0.529
2.547,2.469
2.247,-1.195
1.347,-1.271
1.337,-1.304
0.36,-1.34
-2.59,-1.075
-2.576,-1.167
-2.844,-1.318
3.043,-1.217
1.977,2.92
-1.872,2.919
2.233,-0.211
0.224,1.457
-0.398,-0.756
-1.952,1.5
2.587,0.377
2.315,1.802
0.937,-0.499
0.35,1.762
-0.658,2.479
-1.96,0.289
-1.956,0.291
-2.006,1.209
-2.179,1.893
-3.096,1.888
3.054,2.545
3.0,1.895
2.979,2.106
2.937,2.028
2.976,2.524
2.855,1.861
1.717,1.414
-0.467,0.084
-1.036,1.545
-1.488,0.127
3.041,0.147
2.796,1.445
-1.234,-0.999
-3.034,-1.28
-2.063,3.041
0.412,-1.363
-0.751,-1.372
-0.731,-1.235
-0.009,0.633
-0.078,0.337
-0.045,0.52
-0.053,0.852
-0.103,2.067
-0.063,0.097
-0.147,0.157
-0.211,3.317
-0.185,1.806
-0.272,0.108
-0.448,-0.01
-0.44,-0.346
-0.495,0.19
-0.566,0.105
-0.582,0.806
-0.544,1.068
-0.571,0.198
-0.64,0.015
-0.659,3.31
-0.79,0.788
-0.726,3.08
-0.742,3.524
-0.811,2.087
-0.806,3.117
-0.864,2.713
-0.842,2.786
-0.922,0.84
-0.894,-0.323
-0.895,1.489
-0.997,2.986
-0.942,0.27
-0.963,-0.205
-1.016,1.318
-1.036,0.592
-1.058,0.503
-1.138,3.02
-1.086,3.454
-1.154,-0.12
-1.122,1.48
-1.263,0.912
-1.276,2.225
-1.297,0.944
-1.271,3.379
-1.407,1.611
-1.359,1.021
-1.349,0.082
-1.433,0.555
-1.424,1.293
-1.495,3.422
-1.467,1.458
-1.564,0.391
-1.572,0.034
-1.502,2.777
-1.592,1.946
-1.521,2.64
-1.717,0.289
-1.701,2.296
-1.749,2.715
-1.832,1.897
-1.91,2.623
-1.969,2.658
-2.086,2.405
-2.161,2.357
-2.178,0.551
-2.168,3.333
-2.22,0.112
-2.24,2.841
-2.43,3.125
-2.54,1.297
-2.503,1.461
-2.57,2.443
-2.603,1.168
-2.661,2.287
-2.691,2.007
-2.793,1.854
-2.759,3.511
-2.883,-0.249
-2.855,1.631
-2.942,0.535
-2.893,3.066
-2.908,3.057
2.836,3.401
2.81,1.204
2.737,-0.314
2.778,2.523
2.734,2.417
2.676,3.196
2.742,0.933
2.581,0.498
2.579,1.705
2.645,3.525
2.626,2.162
2.564,3.435
2.537,0.008
2.536,0.973
2.463,1.443
2.474,1.763
2.511,3.087
2.41,0.631
2.409,3.256
2.238,-0.519
2.248,-0.474
2.063,-0.539
-0.462,-0.791
-0.627,-0.756
-0.645,-0.59
-0.665,-0.542
-0.76,-0.598
-0.923,-0.75
-1.857,-0.761
-2.311,-0.671
2.197,3.354
1.231,3.588
0.52,3.3
-2.814,3.6
-3.122,3.38
3.059,3.372
2.622,3.621
0.717,2.017
-1.034,0.342
2.596,3.157
2.439,-0.273
-1.277,-0.522
2.239,1.964
2.197,2.429
2.231,0.099
2.221,0.373
2.177,2.432
1.971,1.825
2.087,1.434
1.935,0.788
2.065,1.314
1.97,-0.301
1.565,0.585
1.438,1.922
1.407,1.1
1.411,1.117
1.411,3.222
1.395,3.045
1.465,0.589
1.428,-0.253
1.278,0.625
1.369,2.598
1.374,1.799
1.332,1.127
1.124,3.087
1.165,2.835
1.05,1.147
1.16,-0.234
1.061,3.493
0.808,0.353
0.51,2.803
0.615,1.074
0.612,1.731
0.497,3.274
0.595,2.275
0.458,2.883
0.49,2.822
0.215,1.751
0.002,2.792
0.009,2.969
-0.023,2.478
-0.361,1.765
-0.379,1.557
-0.398,1.957
-0.42,3.081
-0.63,1.077
-0.68,3.429
-0.643,0.22
-0.776,0.608
-0.805,-0.274
-0.682,1.581
-0.861,0.46
-0.785,3.482
-0.935,1.819
-1.32,2.983
-1.261,0.332
-1.439,1.201
-1.552,2.919
-1.434,2.606
-1.616,3.077
-1.603,3.307
-1.632,1.575
-1.578,1.164
-1.918,1.736
-1.795,0.642
-1.952,2.043
-2.324,1.301
-2.424,3.038
-2.503,1.86
-2.561,1.233
-2.827,0.569
-2.755,2.86
-2.883,0.339
-2.986,1.022
-3.045,0.645
2.944,1.114
3.07,0.504
2.971,1.7
2.825,0.847
2.848,0.934
2.842,-0.166
2.712,3.158
2.724,1.205
2.669,1.933
2.532,1.062
2.469,1.606
2.526,0.229
2.389,1.923
2.522,1.117
2.529,3.057
2.229,-0.607
1.329,-0.683
1.319,-0.716
0.342,-0.752
-2.608,-0.487
-2.594,-0.579
-2.862,-0.73
3.025,-0.629
1.959,3.508
-1.89,3.507
2.215,0.377
0.206,2.045
-0.416,-0.168
-1.97,2.088
2.569,0.965
2.297,2.39
0.919,0.089
0.332,2.35
-0.676,3.067
-1.978,0.877
-1.974,0.879
-2.024,1.797
-2.197,2.481
-3.114,2.476
3.036,3.133
2.982,2.483
2.961,2.694
2.919,2.616
2.958,3.112
2.837,2.449
1.699,2.002
-0.485,0.672
-1.054,2.133
-1.506,0.715
3.023,0.735
2.778,2.033
-1.252,-0.411
-3.052,-0.692
-2.081,3.629
0.394,-0.775
-0.769,-0.784
-0.749,-0.647
-0.069,-0.296
-0.036,-0.113
-0.044,0.219
-0.094,1.434
-0.054,-0.536
-0.138,-0.476
-0.202,2.684
-0.176,1.173
-0.263,-0.525
-0.439,-0.643
-0.431,-0.979
-0.486,-0.443
-0.557,-0.528
-0.573,0.173
-0.535,0.435
-0.562,-0.435
-0.631,-0.618
-0.65,2.677
-0.781,0.155
-0.717,2.447
-0.733,2.891
-0.802,1.454
-0.797,2.484
-0.855,2.08
-0.833,2.153
-0.913,0.207
-0.885,-0.956
-0.886,0.856
-0.988,2.353
-0.933,-0.363
-0.954,-0.838
-1.007,0.685
-1.027,-0.041
-1.049,-0.13
-1.129,2.387
-1.077,2.821
-1.145,-0.753
-1.113,0.847
-1.254,0.279
-1.267,1.592
-1.288,0.311
-1.262,2.746
-1.398,0.978
-1.35,0.388
-1.34,-0.551
-1.424,-0.078
-1.415,0.66
-1.486,2.789
-1.458,0.825
-1.555,-0.242
-1.563,-0.599
-1.493,2.144
-1.583,1.313
-1.512,2.007
-1.708,-0.344
-1.692,1.663
-1.74,2.082
-1.823,1.264
-1.901,1.99
-1.96,2.025
-2.077,1.772
-2.152,1.724
-2.169,-0.082
-2.159,2.7
-2.211,-0.521
-2.231,2.208
-2.421,2.492
-2.531,0.664
-2.494,0.828
-2.561,1.81
-2.594,0.535
-2.652,1.654
-2.682,1.374
-2.784,1.221
-2.75,2.878
-2.874,-0.882
-2.846,0.998
-2.933,-0.098
-2.884,2.433
-2.899,2.424
2.845,2.768
2.819,0.571
2.746,-0.947
2.787,1.89
2.743,1.784
2.685,2.563
2.751,0.3
2.59,-0.135
2.588,1.072
2.654,2.892
2.635,1.529
2.573,2.802
2.546,-0.625
2.545,0.34
2.472,0.81
2.483,1.13
2.52,2.454
2.419,-0.002
2.418,2.623
2.247,-1.152
2.257,-1.107
2.072,-1.172
-0.453,-1.424
-0.618,-1.389
-0.636,-1.223
-0.656,-1.175
-0.751,-1.231
-0.914,-1.383
-1.848,-1.394
-2.302,-1.304
2.206,2.721
1.24,2.955
0.529,2.667
-2.805,2.967
-3.113,2.747
3.068,2.739
2.631,2.988
0.726,1.384
-1.025,-0.291
2.605,2.524
2.448,-0.906
-1.268,-1.155
2.248,1.331
2.206,1.796
2.24,-0.534
2.23,-0.26
2.186,1.799
1.98,1.192
2.096,0.801
1.944,0.155
2.074,0.681
1.979,-0.934
1.574,-0.048
1.447,1.289
1.416,0.467
1.42,0.484
1.42,2.589
1.404,2.412
1.474,-0.044
1.437,-0.886
1.287,-0.008
1.378,1.965
1.383,1.166
1.341,0.494
1.133,2.454
1.174,2.202
1.059,0.514
1.169,-0.867
1.07,2.86
0.817,-0.28
0.519,2.17
0.624,0.441
0.621,1.098
0.506,2.641
0.604,1.642
0.467,2.25
0.499,2.189
0.224,1.118
0.011,2.159
0.018,2.336
-0.014,1.845
-0.352,1.132
-0.37,0.924
-0.389,1.324
-0.411,2.448
-0.621,0.444
-0.671,2.796
-0.634,-0.413
-0.767,-0.025
-0.796,-0.907
-0.673,0.948
-0.852,-0.173
-0.776,2.849
-0.926,1.186
-1.311,2.35
-1.252,-0.301
-1.43,0.568
-1.543,2.286
-1.425,1.973
-1.607,2.444
-1.594,2.674
-1.623,0.942
-1.569,0.531
-1.909,1.103
-1.786,0.009
-1.943,1.41
-2.315,0.668
-2.415,2.405
-2.494,1.227
-2.552,0.6
-2.818,-0.064
-2.746,2.227
-2.874,-0.294
-2.977,0.389
-3.036,0.012
2.953,0.481
3.079,-0.129
2.98,1.067
2.834,0.214
2.857,0.301
2.851,-0.799
2.721,2.525
2.733,0.572
2.678,1.3
2.541,0.429
2.478,0.973
2.535,-0.404
2.398,1.29
2.531,0.484
2.538,2.424
2.238,-1.24
1.338,-1.316
1.328,-1.349
0.351,-1.385
-2.599,-1.12
-2.585,-1.212
-2.853,-1.363
3.034,-1.262
1.968,2.875
-1.881,2.874
2.224,-0.256
0.215,1.412
-0.407,-0.801
-1.961,1.455
2.578,0.332
2.306,1.757
0.928,-0.544
0.341,1.717
-0.667,2.434
-1.969,0.244
-1.965,0.246
-2.015,1.164
-2.188,1.848
-3.105,1.843
3.045,2.5
2.991,1.85
2.97,2.061
2.928,1.983
2.967,2.479
2.846,1.816
1.708,1.369
-0.476,0.039
-1.045,1.5
-1.497,0.082
3.032,0.102
2.787,1.4
-1.243,-1.044
-3.043,-1.325
-2.072,2.996
0.403,-1.408
-0.76,-1.417
-0.74,-1.28
0.033,0.183
0.025,0.515
-0.025,1.73
0.015,-0.24
-0.069,-0.18
-0.133,2.98
-0.107,1.469
-0.194,-0.229
-0.37,-0.347
-0.362,-0.683
-0.417,-0.147
-0.488,-0.232
-0.504,0.469
-0.466,0.731
-0.493,-0.139
-0.562,-0.322
-0.581,2.973
-0.712,0.451
-0.648,2.743
-0.664,3.187
-0.733,1.75
-0.728,2.78
-0.786,2.376
-0.764,2.449
-0.844,0.503
-0.816,-0.66
-0.817,1.152
-0.919,2.649
-0.864,-0.067
-0.885,-0.542
-0.938,0.981
-0.958,0.255
-0.98,0.166
-1.06,2.683
-1.008,3.117
-1.076,-0.457
-1.044,1.143
-1.185,0.575
-1.198,1.888
-1.219,0.607
-1.193,3.042
-1.329,1.274
-1.281,0.684
-1.271,-0.255
-1.355,0.218
-1.346,0.956
-1.417,3.085
-1.389,1.121
-1.486,0.054
-1.494,-0.303
-1.424,2.44
-1.514,1.609
-1.443,2.303
-1.639,-0.048
-1.623,1.959
-1.671,2.378
-1.754,1.56
-1.832,2.286
-1.891,2.321
-2.008,2.068
-2.083,2.02
-2.1,0.214
-2.09,2.996
-2.142,-0.225
-2.162,2.504
-2.352,2.788
-2.462,0.96
-2.425,1.124
-2.492,2.106
-2.525,0.831
-2.583,1.95
-2.613,1.67
-2.715,1.517
-2.681,3.174
-2.805,-0.586
-2.777,1.294
-2.864,0.198
-2.815,2.729
-2.83,2.72
2.914,3.064
2.888,0.867
2.815,-0.651
2.856,2.186
2.812,2.08
2.754,2.859
2.82,0.596
2.659,0.161
2.657,1.368
2.723,3.188
2.704,1.825
2.642,3.098
2.615,-0.329
2.614,0.636
2.541,1.106
2.552,1.426
2.589,2.75
2.488,0.294
2.487,2.919
2.316,-0.856
2.326,-0.811
2.141,-0.876
-0.384,-1.128
-0.549,-1.093
-0.567,-0.927
-0.587,-0.879
-0.682,-0.935
-0.845,-1.087
-1.779,-1.098
-2.233,-1.008
2.275,3.017
1.309,3.251
0.598,2.963
-2.736,3.263
-3.044,3.043
3.137,3.035
2.7,3.284
0.795,1.68
-0.956,0.005
2.674,2.82
2.517,-0.61
-1.199,-0.859
2.317,1.627
2.275,2.092
2.309,-0.238
2.299,0.036
2.255,2.095
2.049,1.488
2.165,1.097
2.013,0.451
2.143,0.977
2.048,-0.638
1.643,0.248
1.516,1.585
1.485,0.763
1.489,0.78
1.489,2.885
1.473,2.708
1.543,0.252
1.506,-0.59
1.356,0.288
1.447,2.261
1.452,1.462
1.41,0.79
1.202,2.75
1.243,2.498
1.128,0.81
1.238,-0.571
1.139,3.156
0.886,0.016
0.588,2.466
0.693,0.737
0.69,1.394
0.575,2.937
0.673,1.938
0.536,2.546
0.568,2.485
0.293,1.414
0.08,2.455
0.087,2.632
0.055,2.141
-0.283,1.428
-0.301,1.22
-0.32,1.62
-0.342,2.744
-0.552,0.74
-0.602,3.092
-0.565,-0.117
-0.698,0.271
-0.727,-0.611
-0.604,1.244
-0.783,0.123
-0.707,3.145
-0.857,1.482
-1.242,2.646
-1.183,-0.005
-1.361,0.864
-1.474,2.582
-1.356,2.269
-1.538,2.74
-1.525,2.97
-1.554,1.238
-1.5,0.827
-1.84,1.399
-1.717,0.305
-1.874,1.706
-2.246,0.964
-2.346,2.701
-2.425,1.523
-2.483,0.896
-2.749,0.232
-2.677,2.523
-2.805,0.002
-2.908,0.685
-2.967,0.308
3.022,0.777
-3.135,0.167
3.049,1.363
2.903,0.51
2.926,0.597
2.92,-0.503
2.79,2.821
2.802,0.868
2.747,1.596
2.61,0.725
2.547,1.269
2.604,-0.108
2.467,1.586
2.6,0.78
2.607,2.72
2.307,-0.944
1.407,-1.02
1.397,-1.053
0.42,-1.089
-2.53,-0.824
-2.516,-0.916
-2.784,-1.067
3.103,-0.966
2.037,3.171
-1.812,3.17
2.293,0.04
0.284,1.708
-0.338,-0.505
-1.892,1.751
2.647,0.628
2.375,2.053
0.997,-0.248
0.41,2.013
-0.598,2.73
-1.9,0.54
-1.896,0.542
-1.946,1.46
-2.119,2.144
-3.036,2.139
3.114,2.796
3.06,2.146
3.039,2.357
2.997,2.279
3.036,2.775
2.915,2.112
1.777,1.665
-0.407,0.335
-0.976,1.796
-1.428,0.378
3.101,0.398
2.856,1.696
-1.174,-0.748
-2.974,-1.029
-2.003,3.292
0.472,-1.112
-0.691,-1.121
-0.671,-0.984
-0.008,0.332
-0.058,1.547
-0.018,-0.423
-0.102,-0.363
-0.166,2.797
-0.14,1.286
-0.227,-0.412
-0.403,-0.53
-0.395,-0.866
-0.45,-0.33
-0.521,-0.415
-0.537,0.286
-0.499,0.548
-0.526,-0.322
-0.595,-0.505
-0.614,2.79
-0.745,0.268
-0.681,2.56
-0.697,3.004
-0.766,1.567
-0.761,2.597
-0.819,2.193
-0.797,2.266
-0.877,0.32
-0.849,-0.843
-0.85,0.969
-0.952,2.466
-0.897,-0.25
-0.918,-0.725
-0.971,0.798
-0.991,0.072
-1.013,-0.017
-1.093,2.5
-1.041,2.934
-1.109,-0.64
-1.077,0.96
-1.218,0.392
-1.231,1.705
-1.252,0.424
-1.226,2.859
-1.362,1.091
-1.314,0.501
-1.304,-0.438
-1.388,0.035
-1.379,0.773
-1.45,2.902
-1.422,0.938
-1.519,-0.129
-1.527,-0.486
-1.457,2.257
-1.547,1.426
-1.476,2.12
-1.672,-0.231
-1.656,1.776
-1.704,2.195
-1.787,1.377
-1.865,2.103
-1.924,2.138
-2.041,1.885
-2.116,1.837
-2.133,0.031
-2.123,2.813
-2.175,-0.408
-2.195,2.321
-2.385,2.605
-2.495,0.777
-2.458,0.941
-2.525,1.923
-2.558,0.648
-2.616,1.767
-2.646,1.487
-2.748,1.334
-2.714,2.991
-2.838,-0.769
-2.81,1.111
-2.897,0.015
-2.848,2.546
-2.863,2.537
2.881,2.881
2.855,0.684
2.782,-0.834
2.823,2.003
2.779,1.897
2.721,2.676
2.787,0.413
2.626,-0.022
2.624,1.185
2.69,3.005
2.671,1.642
2.609,2.915
2.582,-0.512
2.581,0.453
2.508,0.923
2.519,1.243
2.556,2.567
2.455,0.111
2.454,2.736
2.283,-1.039
2.293,-0.994
2.108,-1.059
-0.417,-1.311
-0.582,-1.276
-0.6,-1.11
-0.62,-1.062
-0.715,-1.118
-0.878,-1.27
-1.812,-1.281
-2.266,-1.191
2.242,2.834
1.276,3.068
0.565,2.78
-2.769,3.08
-3.077,2.86
3.104,2.852
2.667,3.101
0.762,1.497
-0.989,-0.178
2.641,2.637
2.484,-0.793
-1.232,-1.042
2.284,1.444
2.242,1.909
2.276,-0.421
2.266,-0.147
2.222,1.912
2.016,1.305
2.132,0.914
1.98,0.268
2.11,0.794
2.015,-0.821
1.61,0.065
1.483,1.402
1.452,0.58
1.456,0.597
1.456,2.702
1.44,2.525
1.51,0.069
1.473,-0.773
1.323,0.105
1.414,2.078
1.419,1.279
1.377,0.607
1.169,2.567
1.21,2.315
1.095,0.627
1.205,-0.754
1.106,2.973
0.853,-0.167
0.555,2.283
0.66,0.554
0.657,1.211
0.542,2.754
0.64,1.755
0.503,2.363
0.535,2.302
0.26,1.231
0.047,2.272
0.054,2.449
0.022,1.958
-0.316,1.245
-0.334,1.037
-0.353,1.437
-0.375,2.561
-0.585,0.557
-0.635,2.909
-0.598,-0.3
-0.731,0.088
-0.76,-0.794
-0.637,1.061
-0.816,-0.06
-0.74,2.962
-0.89,1.299
-1.275,2.463
-1.216,-0.188
-1.394,0.681
-1.507,2.399
-1.389,2.086
-1.571,2.557
-1.558,2.787
-1.587,1.055
-1.533,0.644
-1.873,1.216
-1.75,0.122
-1.907,1.523
-2.279,0.781
-2.379,2.518
-2.458,1.34
-2.516,0.713
-2.782,0.049
-2.71,2.34
-2.838,-0.181
-2.941,0.502
-3.0,0.125
2.989,0.594
3.115,-0.016
3.016,1.18
2.87,0.327
2.893,0.414
2.887,-0.686
2.757,2.638
2.769,0.685
2.714,1.413
2.577,0.542
2.514,1.086
2.571,-0.291
2.434,1.403
2.567,0.597
2.574,2.537
2.274,-1.127
1.374,-1.203
1.364,-1.236
0.387,-1.272
-2.563,-1.007
-2.549,-1.099
-2.817,-1.25
3.07,-1.149
2.004,2.988
-1.845,2.987
2.26,-0.143
0.251,1.525
-0.371,-0.688
-1.925,1.568
2.614,0.445
2.342,1.87
0.964,-0.431
0.377,1.83
-0.631,2.547
-1.933,0.357
-1.929,0.359
-1.979,1.277
-2.152,1.961
-3.069,1.956
3.081,2.613
3.027,1.963
3.006,2.174
2.964,2.096
3.003,2.592
2.882,1.929
1.744,1.482
-0.44,0.152
-1.009,1.613
-1.461,0.195
3.068,0.215
2.823,1.513
-1.207,-0.931
-3.007,-1.212
-2.036,3.109
0.439,-1.295
-0.724,-1.304
-0.704,-1.167
-0.05,1.215
-0.01,-0.755
-0.094,-0.695
-0.158,2.465
-0.132,0.954
-0.219,-0.744
-0.395,-0.862
-0.387,-1.198
-0.442,-0.662
-0.513,-0.747
-0.529,-0.046
-0.491,0.216
-0.518,-0.654
-0.587,-0.837
-0.606,2.458
-0.737,-0.064
-0.673,2.228
-0.689,2.672
-0.758,1.235
-0.753,2.265
-0.811,1.861
-0.789,1.934
-0.869,-0.012
-0.841,-1.175
-0.842,0.637
-0.944,2.134
-0.889,-0.582
-0.91,-1.057
-0.963,0.466
-0.983,-0.26
-1.005,-0.349
-1.085,2.168
-1.033,2.602
-1.101,-0.972
-1.069,0.628
-1.21,0.06
-1.223,1.373
-1.244,0.092
-1.218,2.527
-1.354,0.759
-1.306,0.169
-1.296,-0.77
-1.38,-0.297
-1.371,0.441
-1.442,2.57
-1.414,0.606
-1.511,-0.461
-1.519,-0.818
-1.449,1.925
-1.539,1.094
-1.468,1.788
-1.664,-0.563
-1.648,1.444
-1.696,1.863
-1.779,1.045
-1.857,1.771
-1.916,1.806
-2.033,1.553
-2.108,1.505
-2.125,-0.301
-2.115,2.481
-2.167,-0.74
-2.187,1.989
-2.377,2.273
-2.487,0.445
-2.45,0.609
-2.517,1.591
-2.55,0.316
-2.608,1.435
-2.638,1.155
-2.74,1.002
-2.706,2.659
-2.83,-1.101
-2.802,0.779
-2.889,-0.317
-2.84,2.214
-2.855,2.205
2.889,2.549
2.863,0.352
2.79,-1.166
2.831,1.671
2.787,1.565
2.729,2.344
2.795,0.081
2.634,-0.354
2.632,0.853
2.698,2.673
2.679,1.31
2.617,2.583
2.59,-0.844
2.589,0.121
2.516,0.591
2.527,0.911
2.564,2.235
2.463,-0.221
2.462,2.404
2.291,-1.371
2.301,-1.326
2.116,-1.391
-0.409,-1.643
-0.574,-1.608
-0.592,-1.442
-0.612,-1.394
-0.707,-1.45
-0.87,-1.602
-1.804,-1.613
-2.258,-1.523
2.25,2.502
1.284,2.736
0.573,2.448
-2.761,2.748
-3.069,2.528
3.112,2.52
2.675,2.769
0.77,1.165
-0.981,-0.51
2.649,2.305
2.492,-1.125
-1.224,-1.374
2.292,1.112
2.25,1.577
2.284,-0.753
2.274,-0.479
2.23,1.58
2.024,0.973
2.14,0.582
1.988,-0.064
2.118,0.462
2.023,-1.153
1.618,-0.267
1.491,1.07
1.46,0.248
1.464,0.265
1.464,2.37
1.448,2.193
1.518,-0.263
1.481,-1.105
1.331,-0.227
1.422,1.746
1.427,0.947
1.385,0.275
1.177,2.235
1.218,1.983
1.103,0.295
1.213,-1.086
1.114,2.641
0.861,-0.499
0.563,1.951
0.668,0.222
0.665,0.879
0.55,2.422
0.648,1.423
0.511,2.031
0.543,1.97
0.268,0.899
0.055,1.94
0.062,2.117
0.03,1.626
-0.308,0.913
-0.326,0.705
-0.345,1.105
-0.367,2.229
-0.577,0.225
-0.627,2.577
-0.59,-0.632
-0.723,-0.244
-0.752,-1.126
-0.629,0.729
-0.808,-0.392
-0.732,2.63
-0.882,0.967
-1.267,2.131
-1.208,-0.52
-1.386,0.349
-1.499,2.067
-1.381,1.754
-1.563,2.225
-1.55,2.455
-1.579,0.723
-1.525,0.312
-1.865,0.884
-1.742,-0.21
-1.899,1.191
-2.271,0.449
-2.371,2.186
-2.45,1.008
-2.508,0.381
-2.774,-0.283
-2.702,2.008
-2.83,-0.513
-2.933,0.17
-2.992,-0.207
2.997,0.262
3.123,-0.348
3.024,0.848
2.878,-0.005
2.901,0.082
2.895,-1.018
2.765,2.306
2.777,0.353
2.722,1.081
2.585,0.21
2.522,0.754
2.579,-0.623
2.442,1.071
2.575,0.265
2.582,2.205
2.282,-1.459
1.382,-1.535
1.372,-1.568
0.395,-1.604
-2.555,-1.339
-2.541,-1.431
-2.809,-1.582
3.078,-1.481
2.012,2.656
-1.837,2.655
2.268,-0.475
0.259,1.193
-0.363,-1.02
-1.917,1.236
2.622,0.113
2.35,1.538
0.972,-0.763
0.385,1.498
-0.623,2.215
-1.925,0.025
-1.921,0.027
-1.971,0.945
-2.144,1.629
-3.061,1.624
3.089,2.281
3.035,1.631
3.014,1.842
2.972,1.764
3.011,2.26
2.89,1.597
1.752,1.15
-0.432,-0.18
-1.001,1.281
-1.453,-0.137
3.076,-0.117
2.831,1.181
-1.199,-1.263
-2.999,-1.544
-2.028,2.777
0.447,-1.627
-0.716,-1.636
-0.696,-1.499
0.04,-1.97
-0.044,-1.91
-0.108,1.25
-0.082,-0.261
-0.169,-1.959
-0.345,-2.077
-0.337,-2.413
-0.392,-1.877
-0.463,-1.962
-0.479,-1.261
-0.441,-0.999
-0.468,-1.869
-0.537,-2.052
-0.556,1.243
-0.687,-1.279
-0.623,1.013
-0.639,1.457
-0.708,0.02
-0.703,1.05
-0.761,0.646
-0.739,0.719
-0.819,-1.227
-0.791,-2.39
-0.792,-0.578
-0.894,0.919
-0.839,-1.797
-0.86,-2.272
-0.913,-0.749
-0.933,-1.475
-0.955,-1.564
-1.035,0.953
-0.983,1.387
-1.051,-2.187
-1.019,-0.587
-1.16,-1.155
-1.173,0.158
-1.194,-1.123
-1.168,1.312
-1.304,-0.456
-1.256,-1.046
-1.246,-1.985
-1.33,-1.512
-1.321,-0.774
-1.392,1.355
-1.364,-0.609
-1.461,-1.676
-1.469,-2.033
-1.399,0.71
-1.489,-0.121
-1.418,0.573
-1.614,-1.778
-1.598,0.229
-1.646,0.648
-1.729,-0.17
-1.807,0.556
-1.866,0.591
-1.983,0.338
-2.058,0.29
-2.075,-1.516
-2.065,1.266
-2.117,-1.955
-2.137,0.774
-2.327,1.058
-2.437,-0.77
-2.4,-0.606
-2.467,0.376
-2.5,-0.899
-2.558,0.22
-2.588,-0.06
-2.69,-0.213
-2.656,1.444
-2.78,-2.316
-2.752,-0.436
-2.839,-1.532
-2.79,0.999
-2.805,0.99
2.939,1.334
2.913,-0.863
2.84,-2.381
2.881,0.456
2.837,0.35
2.779,1.129
2.845,-1.134
2.684,-1.569
2.682,-0.362
2.748,1.458
2.729,0.095
2.667,1.368
2.64,-2.059
2.639,-1.094
2.566,-0.624
2.577,-0.304
2.614,1.02
2.513,-1.436
2.512,1.189
2.341,-2.586
2.351,-2.541
2.166,-2.606
-0.359,-2.858
-0.524,-2.823
-0.542,-2.657
-0.562,-2.609
-0.657,-2.665
-0.82,-2.817
-1.754,-2.828
-2.208,-2.738
2.3,1.287
1.334,1.521
0.623,1.233
-2.711,1.533
-3.019,1.313
-3.121,1.305
2.725,1.554
0.82,-0.05
-0.931,-1.725
2.699,1.09
2.542,-2.34
-1.174,-2.589
2.342,-0.103
2.3,0.362
2.334,-1.968
2.324,-1.694
2.28,0.365
2.074,-0.242
2.19,-0.633
2.038,-1.279
2.168,-0.753
2.073,-2.368
1.668,-1.482
1.541,-0.145
1.51,-0.967
1.514,-0.95
1.514,1.155
1.498,0.978
1.568,-1.478
1.531,-2.32
1.381,-1.442
1.472,0.531
1.477,-0.268
1.435,-0.94
1.227,1.02
1.268,0.768
1.153,-0.92
1.263,-2.301
1.164,1.426
0.911,-1.714
0.613,0.736
0.718,-0.993
0.715,-0.336
0.6,1.207
0.698,0.208
0.561,0.816
0.593,0.755
0.318,-0.316
0.105,0.725
0.112,0.902
0.08,0.411
-0.258,-0.302
-0.276,-0.51
-0.295,-0.11
-0.317,1.014
-0.527,-0.99
-0.577,1.362
-0.54,-1.847
-0.673,-1.459
-0.702,-2.341
-0.579,-0.486
-0.758,-1.607
-0.682,1.415
-0.832,-0.248
-1.217,0.916
-1.158,-1.735
-1.336,-0.866
-1.449,0.852
-1.331,0.539
-1.513,1.01
-1.5,1.24
-1.529,-0.492
-1.475,-0.903
-1.815,-0.331
-1.692,-1.425
-1.849,-0.024
-2.221,-0.766
-2.321,0.971
-2.4,-0.207
-2.458,-0.834
-2.724,-1.498
-2.652,0.793
-2.78,-1.728
-2.883,-1.045
-2.942,-1.422
3.047,-0.953
-3.11,-1.563
3.074,-0.367
2.928,-1.22
2.951,-1.133
2.945,-2.233
2.815,1.091
2.827,-0.862
2.772,-0.134
2.635,-1.005
2.572,-0.461
2.629,-1.838
2.492,-0.144
2.625,-0.95
2.632,0.99
2.332,-2.674
1.432,-2.75
1.422,-2.783
0.445,-2.819
-2.505,-2.554
-2.491,-2.646
-2.759,-2.797
3.128,-2.696
2.062,1.441
-1.787,1.44
2.318,-1.69
0.309,-0.022
-0.313,-2.235
-1.867,0.021
2.672,-1.102
2.4,0.323
1.022,-1.978
0.435,0.283
-0.573,1.0
-1.875,-1.19
-1.871,-1.188
-1.921,-0.27
-2.094,0.414
-3.011,0.409
3.139,1.066
3.085,0.416
3.064,0.627
3.022,0.549
3.061,1.045
2.94,0.382
1.802,-0.065
-0.382,-1.395
-0.951,0.066
-1.403,-1.352
3.126,-1.332
2.881,-0.034
-1.149,-2.478
-2.949,-2.759
-1.978,1.562
0.497,-2.842
-0.666,-2.851
-0.646,-2.714
-0.084,0.06
-0.148,3.22
-0.122,1.709
-0.209,0.011
-0.385,-0.107
-0.377,-0.443
-0.432,0.093
-0.503,0.008
-0.519,0.709
-0.481,0.971
-0.508,0.101
-0.577,-0.082
-0.596,3.213
-0.727,0.691
-0.663,2.983
-0.679,3.427
-0.748,1.99
-0.743,3.02
-0.801,2.616
-0.779,2.689
-0.859,0.743
-0.831,-0.42
-0.832,1.392
-0.934,2.889
-0.879,0.173
-0.9,-0.302
-0.953,1.221
-0.973,0.495
-0.995,0.406
-1.075,2.923
-1.023,3.357
-1.091,-0.217
-1.059,1.383
-1.2,0.815
-1.213,2.128
-1.234,0.847
-1.208,3.282
-1.344,1.514
-1.296,0.924
-1.286,-0.015
-1.37,0.458
-1.361,1.196
-1.432,3.325
-1.404,1.361
-1.501,0.294
-1.509,-0.063
-1.439,2.68
-1.529,1.849
-1.458,2.543
-1.654,0.192
-1.638,2.199
-1.686,2.618
-1.769,1.8
-1.847,2.526
-1.906,2.561
-2.023,2.308
-2.098,2.26
-2.115,0.454
-2.105,3.236
-2.157,0.015
-2.177,2.744
-2.367,3.028
-2.477,1.2
-2.44,1.364
-2.507,2.346
-2.54,1.071
-2.598,2.19
-2.628,1.91
-2.73,1.757
-2.696,3.414
-2.82,-0.346
-2.792,1.534
-2.879,0.438
-2.83,2.969
-2.845,2.96
2.899,3.304
2.873,1.107
2.8,-0.411
2.841,2.426
2.797,2.32
2.739,3.099
2.805,0.836
2.644,0.401
2.642,1.608
2.708,3.428
2.689,2.065
2.627,3.338
2.6,-0.089
2.599,0.876
2.526,1.346
2.537,1.666
2.574,2.99
2.473,0.534
2.472,3.159
2.301,-0.616
2.311,-0.571
2.126,-0.636
-0.399,-0.888
-0.564,-0.853
-0.582,-0.687
-0.602,-0.639
-0.697,-0.695
-0.86,-0.847
-1.794,-0.858
-2.248,-0.768
2.26,3.257
1.294,3.491
0.583,3.203
-2.751,3.503
-3.059,3.283
3.122,3.275
2.685,3.524
0.78,1.92
-0.971,0.245
2.659,3.06
2.502,-0.37
-1.214,-0.619
2.302,1.867
2.26,2.332
2.294,0.002
2.284,0.276
2.24,2.335
2.034,1.728
2.15,1.337
1.998,0.691
2.128,1.217
2.033,-0.398
1.628,0.488
1.501,1.825
1.47,1.003
1.474,1.02
1.474,3.125
1.458,2.948
1.528,0.492
1.491,-0.35
1.341,0.528
1.432,2.501
1.437,1.702
1.395,1.03
1.187,2.99
1.228,2.738
1.113,1.05
1.223,-0.331
1.124,3.396
0.871,0.256
0.573,2.706
0.678,0.977
0.675,1.634
0.56,3.177
0.658,2.178
0.521,2.786
0.553,2.725
0.278,1.654
0.065,2.695
0.072,2.872
0.04,2.381
-0.298,1.668
-0.316,1.46
-0.335,1.86
-0.357,2.984
-0.567,0.98
-0.617,3.332
-0.58,0.123
-0.713,0.511
-0.742,-0.371
-0.619,1.484
-0.798,0.363
-0.722,3.385
-0.872,1.722
-1.257,2.886
-1.198,0.235
-1.376,1.104
-1.489,2.822
-1.371,2.509
-1.553,2.98
-1.54,3.21
-1.569,1.478
-1.515,1.067
-1.855,1.639
-1.732,0.545
-1.889,1.946
-2.261,1.204
-2.361,2.941
-2.44,1.763
-2.498,1.136
-2.764,0.472
-2.692,2.763
-2.82,0.242
-2.923,0.925
-2.982,0.548
3.007,1.017
3.133,0.407
3.034,1.603
2.888,0.75
2.911,0.837
2.905,-0.263
2.775,3.061
2.787,1.108
2.732,1.836
2.595,0.965
2.532,1.509
2.589,0.132
2.452,1.826
2.585,1.02
2.592,2.96
2.292,-0.704
1.392,-0.78
1.382,-0.813
0.405,-0.849
-2.545,-0.584
-2.531,-0.676
-2.799,-0.827
3.088,-0.726
2.022,3.411
-1.827,3.41
2.278,0.28
0.269,1.948
-0.353,-0.265
-1.907,1.991
2.632,0.868
2.36,2.293
0.982,-0.008
0.395,2.253
-0.613,2.97
-1.915,0.78
-1.911,0.782
-1.961,1.7
-2.134,2.384
-3.051,2.379
3.099,3.036
3.045,2.386
3.024,2.597
2.982,2.519
3.021,3.015
2.9,2.352
1.762,1.905
-0.422,0.575
-0.991,2.036
-1.443,0.618
3.086,0.638
2.841,1.936
-1.189,-0.508
-2.989,-0.789
-2.018,3.532
0.457,-0.872
-0.706,-0.881
-0.686,-0.744
-0.064,3.16
-0.038,1.649
-0.125,-0.049
-0.301,-0.167
-0.293,-0.503
-0.348,0.033
-0.419,-0.052
-0.435,0.649
-0.397,0.911
-0.424,0.041
-0.493,-0.142
-0.512,3.153
-0.643,0.631
-0.579,2.923
-0.595,3.367
-0.664,1.93
-0.659,2.96
-0.717,2.556
-0.695,2.629
-0.775,0.683
-0.747,-0.48
-0.748,1.332
-0.85,2.829
-0.795,0.113
-0.816,-0.362
-0.869,1.161
-0.889,0.435
-0.911,0.346
-0.991,2.863
-0.939,3.297
-1.007,-0.277
-0.975,1.323
-1.116,0.755
-1.129,2.068
-1.15,0.787
-1.124,3.222
-1.26,1.454
-1.212,0.864
-1.202,-0.075
-1.286,0.398
-1.277,1.136
-1.348,3.265
-1.32,1.301
-1.417,0.234
-1.425,-0.123
-1.355,2.62
-1.445,1.789
-1.374,2.483
-1.57,0.132
-1.554,2.139
-1.602,2.558
-1.685,1.74
-1.763,2.466
-1.822,2.501
-1.939,2.248
-2.014,2.2
-2.031,0.394
-2.021,3.176
-2.073,-0.045
-2.093,2.684
-2.283,2.968
-2.393,1.14
-2.356,1.304
-2.423,2.286
-2.456,1.011
-2.514,2.13
-2.544,1.85
-2.646,1.697
-2.612,3.354
-2.736,-0.406
-2.708,1.474
-2.795,0.378
-2.746,2.909
-2.761,2.9
2.983,3.244
2.957,1.047
2.884,-0.471
2.925,2.366
2.881,2.26
2.823,3.039
2.889,0.776
2.728,0.341
2.726,1.548
2.792,3.368
2.773,2.005
2.711,3.278
2.684,-0.149
2.683,0.816
2.61,1.286
2.621,1.606
2.658,2.93
2.557,0.474
2.556,3.099
2.385,-0.676
2.395,-0.631
2.21,-0.696
-0.315,-0.948
-0.48,-0.913
-0.498,-0.747
-0.518,-0.699
-0.613,-0.755
-0.776,-0.907
-1.71,-0.918
-2.164,-0.828
2.344,3.197
1.378,3.431
0.667,3.143
-2.667,3.443
-2.975,3.223
-3.077,3.215
2.769,3.464
0.864,1.86
-0.887,0.185
2.743,3.0
2.586,-0.43
-1.13,-0.679
2.386,1.807
2.344,2.272
2.378,-0.058
2.368,0.216
2.324,2.275
2.118,1.668
2.234,1.277
2.082,0.631
2.212,1.157
2.117,-0.458
1.712,0.428
1.585,1.765
1.554,0.943
1.558,0.96
1.558,3.065
1.542,2.888
1.612,0.432
1.575,-0.41
1.425,0.468
1.516,2.441
1.521,1.642
1.479,0.97
1.271,2.93
1.312,2.678
1.197,0.99
1.307,-0.391
1.208,3.336
0.955,0.196
0.657,2.646
0.762,0.917
0.759,1.574
0.644,3.117
0.742,2.118
0.605,2.726
0.637,2.665
0.362,1.594
0.149,2.635
0.156,2.812
0.124,2.321
-0.214,1.608
-0.232,1.4
-0.251,1.8
-0.273,2.924
-0.483,0.92
-0.533,3.272
-0.496,0.063
-0.629,0.451
-0.658,-0.431
-0.535,1.424
-0.714,0.303
-0.638,3.325
-0.788,1.662
-1.173,2.826
-1.114,0.175
-1.292,1.044
-1.405,2.762
-1.287,2.449
-1.469,2.92
-1.456,3.15
-1.485,1.418
-1.431,1.007
-1.771,1.579
-1.648,0.485
-1.805,1.886
-2.177,1.144
-2.277,2.881
-2.356,1.703
-2.414,1.076
-2.68,0.412
-2.608,2.703
-2.736,0.182
-2.839,0.865
-2.898,0.488
3.091,0.957
-3.066,0.347
3.118,1.543
2.972,0.69
2.995,0.777
2.989,-0.323
2.859,3.001
2.871,1.048
2.816,1.776
2.679,0.905
2.616,1.449
2.673,0.072
2.536,1.766
2.669,0.96
2.676,2.9
2.376,-0.764
1.476,-0.84
1.466,-0.873
0.489,-0.909
-2.461,-0.644
-2.447,-0.736
-2.715,-0.887
-3.111,-0.786
2.106,3.351
-1.743,3.35
2.362,0.22
0.353,1.888
-0.269,-0.325
-1.823,1.931
2.716,0.808
2.444,2.233
1.066,-0.068
0.479,2.193
-0.529,2.91
-1.831,0.72
-1.827,0.722
-1.877,1.64
-2.05,2.324
-2.967,2.319
-3.1,2.976
3.129,2.326
3.108,2.537
3.066,2.459
3.105,2.955
2.984,2.292
1.846,1.845
-0.338,0.515
-0.907,1.976
-1.359,0.558
-3.113,0.578
2.925,1.876
-1.105,-0.568
-2.905,-0.849
-1.934,3.472
0.541,-0.932
-0.622,-0.941
-0.602,-0.804
0.026,-1.511
-0.061,-3.209
-0.237,-3.327
-0.229,-3.663
-0.284,-3.127
-0.355,-3.212
-0.371,-2.511
-0.333,-2.249
-0.36,-3.119
-0.429,-3.302
-0.448,-0.007
-0.579,-2.529
-0.515,-0.237
-0.531,0.207
-0.6,-1.23
-0.595,-0.2
-0.653,-0.604
-0.631,-0.531
-0.711,-2.477
-0.683,-3.64
-0.684,-1.828
-0.786,-0.331
-0.731,-3.047
-0.752,-3.522
-0.805,-1.999
-0.825,-2.725
-0.847,-2.814
-0.927,-0.297
-0.875,0.137
-0.943,-3.437
-0.911,-1.837
-1.052,-2.405
-1.065,-1.092
-1.086,-2.373
-1.06,0.062
-1.196,-1.706
-1.148,-2.296
-1.138,-3.235
-1.222,-2.762
-1.213,-2.024
-1.284,0.105
-1.256,-1.859
-1.353,-2.926
-1.361,-3.283
-1.291,-0.54
-1.381,-1.371
-1.31,-0.677
-1.506,-3.028
-1.49,-1.021
-1.538,-0.602
-1.621,-1.42
-1.699,-0.694
-1.758,-0.659
-1.875,-0.912
-1.95,-0.96
-1.967,-2.766
-1.957,0.016
-2.009,-3.205
-2.029,-0.476
-2.219,-0.192
-2.329,-2.02
-2.292,-1.856
-2.359,-0.874
-2.392,-2.149
-2.45,-1.03
-2.48,-1.31
-2.582,-1.463
-2.548,0.194
-2.672,-3.566
-2.644,-1.686
-2.731,-2.782
-2.682,-0.251
-2.697,-0.26
3.047,0.084
3.021,-2.113
2.948,-3.631
2.989,-0.794
2.945,-0.9
2.887,-0.121
2.953,-2.384
2.792,-2.819
2.79,-1.612
2.856,0.208
2.837,-1.155
2.775,0.118
2.748,-3.309
2.747,-2.344
2.674,-1.874
2.685,-1.554
2.722,-0.23
2.621,-2.686
2.62,-0.061
2.449,-3.836
2.459,-3.791
2.274,-3.856
-0.251,-4.108
-0.416,-4.073
-0.434,-3.907
-0.454,-3.859
-0.549,-3.915
-0.712,-4.067
-1.646,-4.078
-2.1,-3.988
2.408,0.037
1.442,0.271
0.731,-0.017
-2.603,0.283
-2.911,0.063
-3.013,0.055
2.833,0.304
0.928,-1.3
-0.823,-2.975
2.807,-0.16
2.65,-3.59
-1.066,-3.839
2.45,-1.353
2.408,-0.888
2.442,-3.218
2.432,-2.944
2.388,-0.885
2.182,-1.492
2.298,-1.883
2.146,-2.529
2.276,-2.003
2.181,-3.618
1.776,-2.732
1.649,-1.395
1.618,-2.217
1.622,-2.2
1.622,-0.095
1.606,-0.272
1.676,-2.728
1.639,-3.57
1.489,-2.692
1.58,-0.719
1.585,-1.518
1.543,-2.19
1.335,-0.23
1.376,-0.482
1.261,-2.17
1.371,-3.551
1.272,0.176
1.019,-2.964
0.721,-0.514
0.826,-2.243
0.823,-1.586
0.708,-0.043
0.806,-1.042
0.669,-0.434
0.701,-0.495
0.426,-1.566
0.213,-0.525
0.22,-0.348
0.188,-0.839
-0.15,-1.552
-0.168,-1.76
-0.187,-1.36
-0.209,-0.236
-0.419,-2.24
-0.469,0.112
-0.432,-3.097
-0.565,-2.709
-0.594,-3.591
-0.471,-1.736
-0.65,-2.857
-0.574,0.165
-0.724,-1.498
-1.109,-0.334
-1.05,-2.985
-1.228,-2.116
-1.341,-0.398
-1.223,-0.711
-1.405,-0.24
-1.392,-0.01
-1.421,-1.742
-1.367,-2.153
-1.707,-1.581
-1.584,-2.675
-1.741,-1.274
-2.113,-2.016
-2.213,-0.279
-2.292,-1.457
-2.35,-2.084
-2.616,-2.748
-2.544,-0.457
-2.672,-2.978
-2.775,-2.295
-2.834,-2.672
-3.128,-2.203
-3.002,-2.813
-3.101,-1.617
3.036,-2.47
3.059,-2.383
3.053,-3.483
2.923,-0.159
2.935,-2.112
2.88,-1.384
2.743,-2.255
2.68,-1.711
2.737,-3.088
2.6,-1.394
2.733,-2.2
2.74,-0.26
2.44,-3.924
1.54,-4.0
1.53,-4.033
0.553,-4.069
-2.397,-3.804
-2.383,-3.896
-2.651,-4.047
-3.047,-3.946
2.17,0.191
-1.679,0.19
2.426,-2.94
0.417,-1.272
-0.205,-3.485
-1.759,-1.229
2.78,-2.352
2.508,-0.927
1.13,-3.228
0.543,-0.967
-0.465,-0.25
-1.767,-2.44
-1.763,-2.438
-1.813,-1.52
-1.986,-0.836
-2.903,-0.841
-3.036,-0.184
-3.09,-0.834
-3.111,-0.623
3.13,-0.701
-3.114,-0.205
3.048,-0.868
1.91,-1.315
-0.274,-2.645
-0.843,-1.184
-1.295,-2.602
-3.049,-2.582
2.989,-1.284
-1.041,-3.728
-2.841,-4.009
-1.87,0.312
0.605,-4.092
-0.558,-4.101
-0.538,-3.964
-0.087,-1.698
-0.263,-1.816
-0.255,-2.152
-0.31,-1.616
-0.381,-1.701
-0.397,-1.0
-0.359,-0.738
-0.386,-1.608
-0.455,-1.791
-0.474,1.504
-0.605,-1.018
-0.541,1.274
-0.557,1.718
-0.626,0.281
-0.621,1.311
-0.679,0.907
-0.657,0.98
-0.737,-0.966
-0.709,-2.129
-0.71,-0.317
-0.812,1.18
-0.757,-1.536
-0.778,-2.011
-0.831,-0.488
-0.851,-1.214
-0.873,-1.303
-0.953,1.214
-0.901,1.648
-0.969,-1.926
-0.937,-0.326
-1.078,-0.894
-1.091,0.419
-1.112,-0.862
-1.086,1.573
-1.222,-0.195
-1.174,-0.785
-1.164,-1.724
-1.248,-1.251
-1.239,-0.513
-1.31,1.616
-1.282,-0.348
-1.379,-1.415
-1.387,-1.772
-1.317,0.971
-1.407,0.14
-1.336,0.834
-1.532,-1.517
-1.516,0.49
-1.564,0.909
-1.647,0.091
-1.725,0.817
-1.784,0.852
-1.901,0.599
-1.976,0.551
-1.993,-1.255
-1.983,1.527
-2.035,-1.694
-2.055,1.035
-2.245,1.319
-2.355,-0.509
-2.318,-0.345
-2.385,0.637
-2.418,-0.638
-2.476,0.481
-2.506,0.201
-2.608,0.048
-2.574,1.705
-2.698,-2.055
-2.67,-0.175
-2.757,-1.271
-2.708,1.26
-2.723,1.251
3.021,1.595
2.995,-0.602
2.922,-2.12
2.963,0.717
2.919,0.611
2.861,1.39
2.927,-0.873
2.766,-1.308
2.764,-0.101
2.83,1.719
2.811,0.356
2.749,1.629
2.722,-1.798
2.721,-0.833
2.648,-0.363
2.659,-0.043
2.696,1.281
2.595,-1.175
2.594,1.45
2.423,-2.325
2.433,-2.28
2.248,-2.345
-0.277,-2.597
-0.442,-2.562
-0.46,-2.396
-0.48,-2.348
-0.575,-2.404
-0.738,-2.556
-1.672,-2.567
-2.126,-2.477
2.382,1.548
1.416,1.782
0.705,1.494
-2.629,1.794
-2.937,1.574
-3.039,1.566
2.807,1.815
0.902,0.211
-0.849,-1.464
2.781,1.351
2.624,-2.079
-1.092,-2.328
2.424,0.158
2.382,0.623
2.416,-1.707
2.406,-1.433
2.362,0.626
2.156,0.019
2.272,-0.372
2.12,-1.018
2.25,-0.492
2.155,-2.107
1.75,-1.221
1.623,0.116
1.592,-0.706
1.596,-0.689
1.596,1.416
1.58,1.239
1.65,-1.217
1.613,-2.059
1.463,-1.181
1.554,0.792
1.559,-0.007
1.517,-0.679
1.309,1.281
1.35,1.029
1.235,-0.659
1.345,-2.04
1.246,1.687
0.993,-1.453
0.695,0.997
0.8,-0.732
0.797,-0.075
0.682,1.468
0.78,0.469
0.643,1.077
0.675,1.016
0.4,-0.055
0.187,0.986
0.194,1.163
0.162,0.672
-0.176,-0.041
-0.194,-0.249
-0.213,0.151
-0.235,1.275
-0.445,-0.729
-0.495,1.623
-0.458,-1.586
-0.591,-1.198
-0.62,-2.08
-0.497,-0.225
-0.676,-1.346
-0.6,1.676
-0.75,0.013
-1.135,1.177
-1.076,-1.474
-1.254,-0.605
-1.367,1.113
-1.249,0.8
-1.431,1.271
-1.418,1.501
-1.447,-0.231
-1.393,-0.642
-1.733,-0.07
-1.61,-1.164
-1.767,0.237
-2.139,-0.505
-2.239,1.232
-2.318,0.054
-2.376,-0.573
-2.642,-1.237
-2.57,1.054
-2.698,-1.467
-2.801,-0.784
-2.86,-1.161
3.129,-0.692
-3.028,-1.302
-3.127,-0.106
3.01,-0.959
3.033,-0.872
3.027,-1.972
2.897,1.352
2.909,-0.601
2.854,0.127
2.717,-0.744
2.654,-0.2
2.711,-1.577
2.574,0.117
2.707,-0.689
2.714,1.251
2.414,-2.413
1.514,-2.489
1.504,-2.522
0.527,-2.558
-2.423,-2.293
-2.409,-2.385
-2.677,-2.536
-3.073,-2.435
2.144,1.702
-1.705,1.701
2.4,-1.429
0.391,0.239
-0.231,-1.974
-1.785,0.282
2.754,-0.841
2.482,0.584
1.104,-1.717
0.517,0.544
-0.491,1.261
-1.793,-0.929
-1.789,-0.927
-1.839,-0.009
-2.012,0.675
-2.929,0.67
-3.062,1.327
-3.116,0.677
-3.137,0.888
3.104,0.81
-3.14,1.306
3.022,0.643
1.884,0.196
-0.3,-1.134
-0.869,0.327
-1.321,-1.091
-3.075,-1.071
2.963,0.227
-1.067,-2.217
-2.867,-2.498
-1.896,1.823
0.579,-2.581
-0.584,-2.59
-0.564,-2.453
-0.176,-0.118
-0.168,-0.454
-0.223,0.082
-0.294,-0.003
-0.31,0.698
-0.272,0.96
-0.299,0.09
-0.368,-0.093
-0.387,3.202
-0.518,0.68
-0.454,2.972
-0.47,3.416
-0.539,1.979
-0.534,3.009
-0.592,2.605
-0.57,2.678
-0.65,0.732
-0.622,-0.431
-0.623,1.381
-0.725,2.878
-0.67,0.162
-0.691,-0.313
-0.744,1.21
-0.764,0.484
-0.786,0.395
-0.866,2.912
-0.814,3.346
-0.882,-0.228
-0.85,1.372
-0.991,0.804
-1.004,2.117
-1.025,0.836
-0.999,3.271
-1.135,1.503
-1.087,0.913
-1.077,-0.026
-1.161,0.447
-1.152,1.185
-1.223,3.314
-1.195,1.35
-1.292,0.283
-1.3,-0.074
-1.23,2.669
-1.32,1.838
-1.249,2.532
-1.445,0.181
-1.429,2.188
-1.477,2.607
-1.56,1.789
-1.638,2.515
-1.697,2.55
-1.814,2.297
-1.889,2.249
-1.906,0.443
-1.896,3.225
-1.948,0.004
-1.968,2.733
-2.158,3.017
-2.268,1.189
-2.231,1.353
-2.298,2.335
-2.331,1.06
-2.389,2.179
-2.419,1.899
-2.521,1.746
-2.487,3.403
-2.611,-0.357
-2.583,1.523
-2.67,0.427
-2.621,2.958
-2.636,2.949
3.108,3.293
3.082,1.096
3.009,-0.422
3.05,2.415
3.006,2.309
2.948,3.088
3.014,0.825
2.853,0.39
2.851,1.597
2.917,3.417
2.898,2.054
2.836,3.327
2.809,-0.1
2.808,0.865
2.735,1.335
2.746,1.655
2.783,2.979
2.682,0.523
2.681,3.148
2.51,-0.627
2.52,-0.582
2.335,-0.647
-0.19,-0.899
-0.355,-0.864
-0.373,-0.698
-0.393,-0.65
-0.488,-0.706
-0.651,-0.858
-1.585,-0.869
-2.039,-0.779
2.469,3.246
1.503,3.48
0.792,3.192
-2.542,3.492
-2.85,3.272
-2.952,3.264
2.894,3.513
0.989,1.909
-0.762,0.234
2.868,3.049
2.711,-0.381
-1.005,-0.63
2.511,1.856
2.469,2.321
2.503,-0.009
2.493,0.265
2.449,2.324
2.243,1.717
2.359,1.326
2.207,0.68
2.337,1.206
2.242,-0.409
1.837,0.477
1.71,1.814
1.679,0.992
1.683,1.009
1.683,3.114
1.667,2.937
1.737,0.481
1.7,-0.361
1.55,0.517
1.641,2.49
1.646,1.691
1.604,1.019
1.396,2.979
1.437,2.727
1.322,1.039
1.432,-0.342
1.333,3.385
1.08,0.245
0.782,2.695
0.887,0.966
0.884,1.623
0.769,3.166
0.867,2.167
0.73,2.775
0.762,2.714
0.487,1.643
0.274,2.684
0.281,2.861
0.249,2.37
-0.089,1.657
-0.107,1.449
-0.126,1.849
-0.148,2.973
-0.358,0.969
-0.408,3.321
-0.371,0.112
-0.504,0.5
-0.533,-0.382
-0.41,1.473
-0.589,0.352
-0.513,3.374
-0.663,1.711
-1.048,2.875
-0.989,0.224
-1.167,1.093
-1.28,2.811
-1.162,2.498
-1.344,2.969
-1.331,3.199
-1.36,1.467
-1.306,1.056
-1.646,1.628
-1.523,0.534
-1.68,1.935
-2.052,1.193
-2.152,2.93
-2.231,1.752
-2.289,1.125
-2.555,0.461
-2.483,2.752
-2.611,0.231
-2.714,0.914
-2.773,0.537
-3.067,1.006
-2.941,0.396
-3.04,1.592
3.097,0.739
3.12,0.826
3.114,-0.274
2.984,3.05
2.996,1.097
2.941,1.825
2.804,0.954
2.741,1.498
2.798,0.121
2.661,1.815
2.794,1.009
2.801,2.949
2.501,-0.715
1.601,-0.791
1.591,-0.824
0.614,-0.86
-2.336,-0.595
-2.322,-0.687
-2.59,-0.838
-2.986,-0.737
2.231,3.4
-1.618,3.399
2.487,0.269
0.478,1.937
-0.144,-0.276
-1.698,1.98
2.841,0.857
2.569,2.282
1.191,-0.019
0.604,2.242
-0.404,2.959
-1.706,0.769
-1.702,0.771
-1.752,1.689
-1.925,2.373
-2.842,2.368
-2.975,3.025
-3.029,2.375
-3.05,2.586
-3.092,2.508
-3.053,3.004
3.109,2.341
1.971,1.894
-0.213,0.564
-0.782,2.025
-1.234,0.607
-2.988,0.627
3.05,1.925
-0.98,-0.519
-2.78,-0.8
-1.809,3.521
0.666,-0.883
-0.497,-0.892
-0.477,-0.755
0.008,-0.336
-0.047,0.2
-0.118,0.115
-0.134,0.816
-0.096,1.078
-0.123,0.208
-0.192,0.025
-0.211,3.32
-0.342,0.798
-0.278,3.09
-0.294,3.534
-0.363,2.097
-0.358,3.127
-0.416,2.723
-0.394,2.796
-0.474,0.85
-0.446,-0.313
-0.447,1.499
-0.549,2.996
-0.494,0.28
-0.515,-0.195
-0.568,1.328
-0.588,0.602
-0.61,0.513
-0.69,3.03
-0.638,3.464
-0.706,-0.11
-0.674,1.49
-0.815,0.922
-0.828,2.235
-0.849,0.954
-0.823,3.389
-0.959,1.621
-0.911,1.031
-0.901,0.092
-0.985,0.565
-0.976,1.303
-1.047,3.432
-1.019,1.468
-1.116,0.401
-1.124,0.044
-1.054,2.787
-1.144,1.956
-1.073,2.65
-1.269,0.299
-1.253,2.306
-1.301,2.725
-1.384,1.907
-1.462,2.633
-1.521,2.668
-1.638,2.415
-1.713,2.367
-1.73,0.561
-1.72,3.343
-1.772,0.122
-1.792,2.851
-1.982,3.135
-2.092,1.307
-2.055,1.471
-2.122,2.453
-2.155,1.178
-2.213,2.297
-2.243,2.017
-2.345,1.864
-2.311,3.521
-2.435,-0.239
-2.407,1.641
-2.494,0.545
-2.445,3.076
-2.46,3.067
-2.999,3.411
-3.025,1.214
-3.098,-0.304
-3.057,2.533
-3.101,2.427
3.124,3.206
-3.093,0.943
3.029,0.508
3.027,1.715
3.093,3.535
3.074,2.172
3.012,3.445
2.985,0.018
2.984,0.983
2.911,1.453
2.922,1.773
2.959,3.097
2.858,0.641
2.857,3.266
2.686,-0.509
2.696,-0.464
2.511,-0.529
-0.014,-0.781
-0.179,-0.746
-0.197,-0.58
-0.217,-0.532
-0.312,-0.588
-0.475,-0.74
-1.409,-0.751
-1.863,-0.661
2.645,3.364
1.679,3.598
0.968,3.31
-2.366,3.61
-2.674,3.39
-2.776,3.382
3.07,3.631
1.165,2.027
-0.586,0.352
3.044,3.167
2.887,-0.263
-0.829,-0.512
2.687,1.974
2.645,2.439
2.679,0.109
2.669,0.383
2.625,2.442
2.419,1.835
2.535,1.444
2.383,0.798
2.513,1.324
2.418,-0.291
2.013,0.595
1.886,1.932
1.855,1.11
1.859,1.127
1.859,3.232
1.843,3.055
1.913,0.599
1.876,-0.243
1.726,0.635
1.817,2.608
1.822,1.809
1.78,1.137
1.572,3.097
1.613,2.845
1.498,1.157
1.608,-0.224
1.509,3.503
1.256,0.363
0.958,2.813
1.063,1.084
1.06,1.741
0.945,3.284
1.043,2.285
0.906,2.893
0.938,2.832
0.663,1.761
0.45,2.802
0.457,2.979
0.425,2.488
0.087,1.775
0.069,1.567
0.05,1.967
0.028,3.091
-0.182,1.087
-0.232,3.439
-0.195,0.23
-0.328,0.618
-0.357,-0.264
-0.234,1.591
-0.413,0.47
-0.337,3.492
-0.487,1.829
-0.872,2.993
-0.813,0.342
-0.991,1.211
-1.104,2.929
-0.986,2.616
-1.168,3.087
-1.155,3.317
-1.184,1.585
-1.13,1.174
-1.47,1.746
-1.347,0.652
-1.504,2.053
-1.876,1.311
-1.976,3.048
-2.055,1.87
-2.113,1.243
-2.379,0.579
-2.307,2.87
-2.435,0.349
-2.538,1.032
-2.597,0.655
-2.891,1.124
-2.765,0.514
-2.864,1.71
-3.01,0.857
-2.987,0.944
-2.993,-0.156
-3.123,3.168
-3.111,1.215
3.117,1.943
2.98,1.072
2.917,1.616
2.974,0.239
2.837,1.933
2.97,1.127
2.977,3.067
2.677,-0.597
1.777,-0.673
1.767,-0.706
0.79,-0.742
-2.16,-0.477
-2.146,-0.569
-2.414,-0.72
-2.81,-0.619
2.407,3.518
-1.442,3.517
2.663,0.387
0.654,2.055
0.032,-0.158
-1.522,2.098
3.017,0.975
2.745,2.4
1.367,0.099
0.78,2.36
-0.228,3.077
-1.53,0.887
-1.526,0.889
-1.576,1.807
-1.749,2.491
-2.666,2.486
-2.799,3.143
-2.853,2.493
-2.874,2.704
-2.916,2.626
-2.877,3.122
-2.998,2.459
2.147,2.012
-0.037,0.682
-0.606,2.143
-1.058,0.725
-2.812,0.745
-3.057,2.043
-0.804,-0.401
-2.604,-0.682
-1.633,3.639
0.842,-0.765
-0.321,-0.774
-0.301,-0.637
-0.055,0.536
-0.126,0.451
-0.142,1.152
-0.104,1.414
-0.131,0.544
-0.2,0.361
-0.219,3.656
-0.35,1.134
-0.286,3.426
-0.302,3.87
-0.371,2.433
-0.366,3.463
-0.424,3.059
-0.402,3.132
-0.482,1.186
-0.454,0.023
-0.455,1.835
-0.557,3.332
-0.502,0.616
-0.523,0.141
-0.576,1.664
-0.596,0.938
-0.618,0.849
-0.698,3.366
-0.646,3.8
-0.714,0.226
-0.682,1.826
-0.823,1.258
-0.836,2.571
-0.857,1.29
-0.831,3.725
-0.967,1.957
-0.919,1.367
-0.909,0.428
-0.993,0.901
-0.984,1.639
-1.055,3.768
-1.027,1.804
-1.124,0.737
-1.132,0.38
-1.062,3.123
-1.152,2.292
-1.081,2.986
-1.277,0.635
-1.261,2.642
-1.309,3.061
-1.392,2.243
-1.47,2.969
-1.529,3.004
-1.646,2.751
-1.721,2.703
-1.738,0.897
-1.728,3.679
-1.78,0.458
-1.8,3.187
-1.99,3.471
-2.1,1.643
-2.063,1.807
-2.13,2.789
-2.163,1.514
-2.221,2.633
-2.251,2.353
-2.353,2.2
-2.319,3.857
-2.443,0.097
-2.415,1.977
-2.502,0.881
-2.453,3.412
-2.468,3.403
-3.007,3.747
-3.033,1.55
-3.106,0.032
-3.065,2.869
-3.109,2.763
3.116,3.542
-3.101,1.279
3.021,0.844
3.019,2.051
3.085,3.871
3.066,2.508
3.004,3.781
2.977,0.354
2.976,1.319
2.903,1.789
2.914,2.109
2.951,3.433
2.85,0.977
2.849,3.602
2.678,-0.173
2.688,-0.128
2.503,-0.193
-0.022,-0.445
-0.187,-0.41
-0.205,-0.244
-0.225,-0.196
-0.32,-0.252
-0.483,-0.404
-1.417,-0.415
-1.871,-0.325
2.637,3.7
1.671,3.934
0.96,3.646
-2.374,3.946
-2.682,3.726
-2.784,3.718
3.062,3.967
1.157,2.363
-0.594,0.688
3.036,3.503
2.879,0.073
-0.837,-0.176
2.679,2.31
2.637,2.775
2.671,0.445
2.661,0.719
2.617,2.778
2.411,2.171
2.527,1.78
2.375,1.134
2.505,1.66
2.41,0.045
2.005,0.931
1.878,2.268
1.847,1.446
1.851,1.463
1.851,3.568
1.835,3.391
1.905,0.935
1.868,0.093
1.718,0.971
1.809,2.944
1.814,2.145
1.772,1.473
1.564,3.433
1.605,3.181
1.49,1.493
1.6,0.112
1.501,3.839
1.248,0.699
0.95,3.149
1.055,1.42
1.052,2.077
0.937,3.62
1.035,2.621
0.898,3.229
0.93,3.168
0.655,2.097
0.442,3.138
0.449,3.315
0.417,2.824
0.079,2.111
0.061,1.903
0.042,2.303
0.02,3.427
-0.19,1.423
-0.24,3.775
-0.203,0.566
-0.336,0.954
-0.365,0.072
-0.242,1.927
-0.421,0.806
-0.345,3.828
-0.495,2.165
-0.88,3.329
-0.821,0.678
-0.999,1.547
-1.112,3.265
-0.994,2.952
-1.176,3.423
-1.163,3.653
-1.192,1.921
-1.138,1.51
-1.478,2.082
-1.355,0.988
-1.512,2.389
-1.884,1.647
-1.984,3.384
-2.063,2.206
-2.121,1.579
-2.387,0.915
-2.315,3.206
-2.443,0.685
-2.546,1.368
-2.605,0.991
-2.899,1.46
-2.773,0.85
-2.872,2.046
-3.018,1.193
-2.995,1.28
-3.001,0.18
-3.131,3.504
-3.119,1.551
3.109,2.279
2.972,1.408
2.909,1.952
2.966,0.575
2.829,2.269
2.962,1.463
2.969,3.403
2.669,-0.261
1.769,-0.337
1.759,-0.37
0.782,-0.406
-2.168,-0.141
-2.154,-0.233
-2.422,-0.384
-2.818,-0.283
2.399,3.854
-1.45,3.853
2.655,0.723
0.646,2.391
0.024,0.178
-1.53,2.434
3.009,1.311
2.737,2.736
1.359,0.435
0.772,2.696
-0.236,3.413
-1.538,1.223
-1.534,1.225
-1.584,2.143
-1.757,2.827
-2.674,2.822
-2.807,3.479
-2.861,2.829
-2.882,3.04
-2.924,2.962
-2.885,3.458
-3.006,2.795
2.139,2.348
-0.045,1.018
-0.614,2.479
-1.066,1.061
-2.82,1.081
-3.065,2.379
-0.812,-0.065
-2.612,-0.346
-1.641,3.975
0.834,-0.429
-0.329,-0.438
-0.309,-0.301
-0.071,-0.085
-0.087,0.616
-0.049,0.878
-0.076,0.008
-0.145,-0.175
-0.164,3.12
-0.295,0.598
-0.231,2.89
-0.247,3.334
-0.316,1.897
-0.311,2.927
-0.369,2.523
-0.347,2.596
-0.427,0.65
-0.399,-0.513
-0.4,1.299
-0.502,2.796
-0.447,0.08
-0.468,-0.395
-0.521,1.128
-0.541,0.402
-0.563,0.313
-0.643,2.83
-0.591,3.264
-0.659,-0.31
-0.627,1.29
-0.768,0.722
-0.781,2.035
-0.802,0.754
-0.776,3.189
-0.912,1.421
-0.864,0.831
-0.854,-0.108
-0.938,0.365
-0.929,1.103
-1.0,3.232
-0.972,1.268
-1.069,0.201
-1.077,-0.156
-1.007,2.587
-1.097,1.756
-1.026,2.45
-1.222,0.099
-1.206,2.106
-1.254,2.525
-1.337,1.707
-1.415,2.433
-1.474,2.468
-1.591,2.215
-1.666,2.167
-1.683,0.361
-1.673,3.143
-1.725,-0.078
-1.745,2.651
-1.935,2.935
-2.045,1.107
-2.008,1.271
-2.075,2.253
-2.108,0.978
-2.166,2.097
-2.196,1.817
-2.298,1.664
-2.264,3.321
-2.388,-0.439
-2.36,1.441
-2.447,0.345
-2.398,2.876
-2.413,2.867
-2.952,3.211
-2.978,1.014
-3.051,-0.504
-3.01,2.333
-3.054,2.227
-3.112,3.006
-3.046,0.743
3.076,0.308
3.074,1.515
3.14,3.335
3.121,1.972
3.059,3.245
3.032,-0.182
3.031,0.783
2.958,1.253
2.969,1.573
3.006,2.897
2.905,0.441
2.904,3.066
2.733,-0.709
2.743,-0.664
2.558,-0.729
0.033,-0.981
-0.132,-0.946
-0.15,-0.78
-0.17,-0.732
-0.265,-0.788
-0.428,-0.94
-1.362,-0.951
-1.816,-0.861
2.692,3.164
1.726,3.398
1.015,3.11
-2.319,3.41
-2.627,3.19
-2.729,3.182
3.117,3.431
1.212,1.827
-0.539,0.152
3.091,2.967
2.934,-0.463
-0.782,-0.712
2.734,1.774
2.692,2.239
2.726,-0.091
2.716,0.183
2.672,2.242
2.466,1.635
2.582,1.244
2.43,0.598
2.56,1.124
2.465,-0.491
2.06,0.395
1.933,1.732
1.902,0.91
1.906,0.927
1.906,3.032
1.89,2.855
1.96,0.399
1.923,-0.443
1.773,0.435
1.864,2.408
1.869,1.609
1.827,0.937
1.619,2.897
1.66,2.645
1.545,0.957
1.655,-0.424
1.556,3.303
1.303,0.163
1.005,2.613
1.11,0.884
1.107,1.541
0.992,3.084
1.09,2.085
0.953,2.693
0.985,2.632
0.71,1.561
0.497,2.602
0.504,2.779
0.472,2.288
0.134,1.575
0.116,1.367
0.097,1.767
0.075,2.891
-0.135,0.887
-0.185,3.239
-0.148,0.03
-0.281,0.418
-0.31,-0.464
-0.187,1.391
-0.366,0.27
-0.29,3.292
-0.44,1.629
-0.825,2.793
-0.766,0.142
-0.944,1.011
-1.057,2.729
-0.939,2.416
-1.121,2.887
-1.108,3.117
-1.137,1.385
-1.083,0.974
-1.423,1.546
-1.3,0.452
-1.457,1.853
-1.829,1.111
-1.929,2.848
-2.008,1.67
-2.066,1.043
-2.332,0.379
-2.26,2.67
-2.388,0.149
-2.491,0.832
-2.55,0.455
-2.844,0.924
-2.718,0.314
-2.817,1.51
-2.963,0.657
-2.94,0.744
-2.946,-0.356
-3.076,2.968
-3.064,1.015
-3.119,1.743
3.027,0.872
2.964,1.416
3.021,0.039
2.884,1.733
3.017,0.927
3.024,2.867
2.724,-0.797
1.824,-0.873
1.814,-0.906
0.837,-0.942
-2.113,-0.677
-2.099,-0.769
-2.367,-0.92
-2.763,-0.819
2.454,3.318
-1.395,3.317
2.71,0.187
0.701,1.855
0.079,-0.358
-1.475,1.898
3.064,0.775
2.792,2.2
1.414,-0.101
0.827,2.16
-0.181,2.877
-1.483,0.687
-1.479,0.689
-1.529,1.607
-1.702,2.291
-2.619,2.286
-2.752,2.943
-2.806,2.293
-2.827,2.504
-2.869,2.426
-2.83,2.922
-2.951,2.259
2.194,1.812
0.01,0.482
-0.559,1.943
-1.011,0.525
-2.765,0.545
-3.01,1.843
-0.757,-0.601
-2.557,-0.882
-1.586,3.439
0.889,-0.965
-0.274,-0.974
-0.254,-0.837
-0.016,0.701
0.022,0.963
-0.005,0.093
-0.074,-0.09
-0.093,3.205
-0.224,0.683
-0.16,2.975
-0.176,3.419
-0.245,1.982
-0.24,3.012
-0.298,2.608
-0.276,2.681
-0.356,0.735
-0.328,-0.428
-0.329,1.384
-0.431,2.881
-0.376,0.165
-0.397,-0.31
-0.45,1.213
-0.47,0.487
-0.492,0.398
-0.572,2.915
-0.52,3.349
-0.588,-0.225
-0.556,1.375
-0.697,0.807
-0.71,2.12
-0.731,0.839
-0.705,3.274
-0.841,1.506
-0.793,0.916
-0.783,-0.023
-0.867,0.45
-0.858,1.188
-0.929,3.317
-0.901,1.353
-0.998,0.286
-1.006,-0.071
-0.936,2.672
-1.026,1.841
-0.955,2.535
-1.151,0.184
-1.135,2.191
-1.183,2.61
-1.266,1.792
-1.344,2.518
-1.403,2.553
-1.52,2.3
-1.595,2.252
-1.612,0.446
-1.602,3.228
-1.654,0.007
-1.674,2.736
-1.864,3.02
-1.974,1.192
-1.937,1.356
-2.004,2.338
-2.037,1.063
-2.095,2.182
-2.125,1.902
-2.227,1.749
-2.193,3.406
-2.317,-0.354
-2.289,1.526
-2.376,0.43
-2.327,2.961
-2.342,2.952
-2.881,3.296
-2.907,1.099
-2.98,-0.419
-2.939,2.418
-2.983,2.312
-3.041,3.091
-2.975,0.828
-3.136,0.393
-3.138,1.6
-3.072,3.42
-3.091,2.057
3.13,3.33
3.103,-0.097
3.102,0.868
3.029,1.338
3.04,1.658
3.077,2.982
2.976,0.526
2.975,3.151
2.804,-0.624
2.814,-0.579
2.629,-0.644
0.104,-0.896
-0.061,-0.861
-0.079,-0.695
-0.099,-0.647
-0.194,-0.703
-0.357,-0.855
-1.291,-0.866
-1.745,-0.776
2.763,3.249
1.797,3.483
1.086,3.195
-2.248,3.495
-2.556,3.275
-2.658,3.267
-3.095,3.516
1.283,1.912
-0.468,0.237
-3.121,3.052
3.005,-0.378
-0.711,-0.627
2.805,1.859
2.763,2.324
2.797,-0.006
2.787,0.268
2.743,2.327
2.537,1.72
2.653,1.329
2.501,0.683
2.631,1.209
2.536,-0.406
2.131,0.48
2.004,1.817
1.973,0.995
1.977,1.012
1.977,3.117
1.961,2.94
2.031,0.484
1.994,-0.358
1.844,0.52
1.935,2.493
1.94,1.694
1.898,1.022
1.69,2.982
1.731,2.73
1.616,1.042
1.726,-0.339
1.627,3.388
1.374,0.248
1.076,2.698
1.181,0.969
1.178,1.626
1.063,3.169
1.161,2.17
1.024,2.778
1.056,2.717
0.781,1.646
0.568,2.687
0.575,2.864
0.543,2.373
0.205,1.66
0.187,1.452
0.168,1.852
0.146,2.976
-0.064,0.972
-0.114,3.324
-0.077,0.115
-0.21,0.503
-0.239,-0.379
-0.116,1.476
-0.295,0.355
-0.219,3.377
-0.369,1.714
-0.754,2.878
-0.695,0.227
-0.873,1.096
-0.986,2.814
-0.868,2.501
-1.05,2.972
-1.037,3.202
-1.066,1.47
-1.012,1.059
-1.352,1.631
-1.229,0.537
-1.386,1.938
-1.758,1.196
-1.858,2.933
-1.937,1.755
-1.995,1.128
-2.261,0.464
-2.189,2.755
-2.317,0.234
-2.42,0.917
-2.479,0.54
-2.773,1.009
-2.647,0.399
-2.746,1.595
-2.892,0.742
-2.869,0.829
-2.875,-0.271
-3.005,3.053
-2.993,1.1
-3.048,1.828
3.098,0.957
3.035,1.501
3.092,0.124
2.955,1.818
3.088,1.012
3.095,2.952
2.795,-0.712
1.895,-0.788
1.885,-0.821
0.908,-0.857
-2.042,-0.592
-2.028,-0.684
-2.296,-0.835
-2.692,-0.734
2.525,3.403
-1.324,3.402
2.781,0.272
0.772,1.94
0.15,-0.273
-1.404,1.983
3.135,0.86
2.863,2.285
1.485,-0.016
0.898,2.245
-0.11,2.962
-1.412,0.772
-1.408,0.774
-1.458,1.692
-1.631,2.376
-2.548,2.371
-2.681,3.028
-2.735,2.378
-2.756,2.589
-2.798,2.511
-2.759,3.007
-2.88,2.344
2.265,1.897
0.081,0.567
-0.488,2.028
-0.94,0.61
-2.694,0.63
-2.939,1.928
-0.686,-0.516
-2.486,-0.797
-1.515,3.524
0.96,-0.88
-0.203,-0.889
-0.183,-0.752
0.038,0.262
0.011,-0.608
-0.058,-0.791
-0.077,2.504
-0.208,-0.018
-0.144,2.274
-0.16,2.718
-0.229,1.281
-0.224,2.311
-0.282,1.907
-0.26,1.98
-0.34,0.034
-0.312,-1.129
-0.313,0.683
-0.415,2.18
-0.36,-0.536
-0.381,-1.011
-0.434,0.512
-0.454,-0.214
-0.476,-0.303
-0.556,2.214
-0.504,2.648
-0.572,-0.926
-0.54,0.674
-0.681,0.106
-0.694,1.419
-0.715,0.138
-0.689,2.573
-0.825,0.805
-0.777,0.215
-0.767,-0.724
-0.851,-0.251
-0.842,0.487
-0.913,2.616
-0.885,0.652
-0.982,-0.415
-0.99,-0.772
-0.92,1.971
-1.01,1.14
-0.939,1.834
-1.135,-0.517
-1.119,1.49
-1.167,1.909
-1.25,1.091
-1.328,1.817
-1.387,1.852
-1.504,1.599
-1.579,1.551
-1.596,-0.255
-1.586,2.527
-1.638,-0.694
-1.658,2.035
-1.848,2.319
-1.958,0.491
-1.921,0.655
-1.988,1.637
-2.021,0.362
-2.079,1.481
-2.109,1.201
-2.211,1.048
-2.177,2.705
-2.301,-1.055
-2.273,0.825
-2.36,-0.271
-2.311,2.26
-2.326,2.251
-2.865,2.595
-2.891,0.398
-2.964,-1.12
-2.923,1.717
-2.967,1.611
-3.025,2.39
-2.959,0.127
-3.12,-0.308
-3.122,0.899
-3.056,2.719
-3.075,1.356
-3.137,2.629
3.119,-0.798
3.118,0.167
3.045,0.637
3.056,0.957
3.093,2.281
2.992,-0.175
2.991,2.45
2.82,-1.325
2.83,-1.28
2.645,-1.345
0.12,-1.597
-0.045,-1.562
-0.063,-1.396
-0.083,-1.348
-0.178,-1.404
-0.341,-1.556
-1.275,-1.567
-1.729,-1.477
2.779,2.548
1.813,2.782
1.102,2.494
-2.232,2.794
-2.54,2.574
-2.642,2.566
-3.079,2.815
1.299,1.211
-0.452,-0.464
-3.105,2.351
3.021,-1.079
-0.695,-1.328
2.821,1.158
2.779,1.623
2.813,-0.707
2.803,-0.433
2.759,1.626
2.553,1.019
2.669,0.628
2.517,-0.018
2.647,0.508
2.552,-1.107
2.147,-0.221
2.02,1.116
1.989,0.294
1.993,0.311
1.993,2.416
1.977,2.239
2.047,-0.217
2.01,-1.059
1.86,-0.181
1.951,1.792
1.956,0.993
1.914,0.321
1.706,2.281
1.747,2.029
1.632,0.341
1.742,-1.04
1.643,2.687
1.39,-0.453
1.092,1.997
1.197,0.268
1.194,0.925
1.079,2.468
1.177,1.469
1.04,2.077
1.072,2.016
0.797,0.945
0.584,1.986
0.591,2.163
0.559,1.672
0.221,0.959
0.203,0.751
0.184,1.151
0.162,2.275
-0.048,0.271
-0.098,2.623
-0.061,-0.586
-0.194,-0.198
-0.223,-1.08
-0.1,0.775
-0.279,-0.346
-0.203,2.676
-0.353,1.013
-0.738,2.177
-0.679,-0.474
-0.857,0.395
-0.97,2.113
-0.852,1.8
-1.034,2.271
-1.021,2.501
-1.05,0.769
-0.996,0.358
-1.336,0.93
-1.213,-0.164
-1.37,1.237
-1.742,0.495
-1.842,2.232
-1.921,1.054
-1.979,0.427
-2.245,-0.237
-2.173,2.054
-2.301,-0.467
-2.404,0.216
-2.463,-0.161
-2.757,0.308
-2.631,-0.302
-2.73,0.894
-2.876,0.041
-2.853,0.128
-2.859,-0.972
-2.989,2.352
-2.977,0.399
-3.032,1.127
3.114,0.256
3.051,0.8
3.108,-0.577
2.971,1.117
3.104,0.311
3.111,2.251
2.811,-1.413
1.911,-1.489
1.901,-1.522
0.924,-1.558
-2.026,-1.293
-2.012,-1.385
-2.28,-1.536
-2.676,-1.435
2.541,2.702
-1.308,2.701
2.797,-0.429
0.788,1.239
0.166,-0.974
-1.388,1.282
-3.132,0.159
2.879,1.584
1.501,-0.717
0.914,1.544
-0.094,2.261
-1.396,0.071
-1.392,0.073
-1.442,0.991
-1.615,1.675
-2.532,1.67
-2.665,2.327
-2.719,1.677
-2.74,1.888
-2.782,1.81
-2.743,2.306
-2.864,1.643
2.281,1.196
0.097,-0.134
-0.472,1.327
-0.924,-0.091
-2.678,-0.071
-2.923,1.227
-0.67,-1.217
-2.47,-1.498
-1.499,2.823
0.976,-1.581
-0.187,-1.59
-0.167,-1.453
-0.027,-0.87
-0.096,-1.053
-0.115,2.242
-0.246,-0.28
-0.182,2.012
-0.198,2.456
-0.267,1.019
-0.262,2.049
-0.32,1.645
-0.298,1.718
-0.378,-0.228
-0.35,-1.391
-0.351,0.421
-0.453,1.918
-0.398,-0.798
-0.419,-1.273
-0.472,0.25
-0.492,-0.476
-0.514,-0.565
-0.594,1.952
-0.542,2.386
-0.61,-1.188
-0.578,0.412
-0.719,-0.156
-0.732,1.157
-0.753,-0.124
-0.727,2.311
-0.863,0.543
-0.815,-0.047
-0.805,-0.986
-0.889,-0.513
-0.88,0.225
-0.951,2.354
-0.923,0.39
-1.02,-0.677
-1.028,-1.034
-0.958,1.709
-1.048,0.878
-0.977,1.572
-1.173,-0.779
-1.157,1.228
-1.205,1.647
-1.288,0.829
-1.366,1.555
-1.425,1.59
-1.542,1.337
-1.617,1.289
-1.634,-0.517
-1.624,2.265
-1.676,-0.956
-1.696,1.773
-1.886,2.057
-1.996,0.229
-1.959,0.393
-2.026,1.375
-2.059,0.1
-2.117,1.219
-2.147,0.939
-2.249,0.786
-2.215,2.443
-2.339,-1.317
-2.311,0.563
-2.398,-0.533
-2.349,1.998
-2.364,1.989
-2.903,2.333
-2.929,0.136
-3.002,-1.382
-2.961,1.455
-3.005,1.349
-3.063,2.128
-2.997,-0.135
3.125,-0.57
3.123,0.637
-3.094,2.457
-3.113,1.094
3.108,2.367
3.081,-1.06
3.08,-0.095
3.007,0.375
3.018,0.695
3.055,2.019
2.954,-0.437
2.953,2.188
2.782,-1.587
2.792,-1.542
2.607,-1.607
0.082,-1.859
-0.083,-1.824
-0.101,-1.658
-0.121,-1.61
-0.216,-1.666
-0.379,-1.818
-1.313,-1.829
-1.767,-1.739
2.741,2.286
1.775,2.52
1.064,2.232
-2.27,2.532
-2.578,2.312
-2.68,2.304
-3.117,2.553
1.261,0.949
-0.49,-0.726
3.14,2.089
2.983,-1.341
-0.733,-1.59
2.783,0.896
2.741,1.361
2.775,-0.969
2.765,-0.695
2.721,1.364
2.515,0.757
2.631,0.366
2.479,-0.28
2.609,0.246
2.514,-1.369
2.109,-0.483
1.982,0.854
1.951,0.032
1.955,0.049
1.955,2.154
1.939,1.977
2.009,-0.479
1.972,-1.321
1.822,-0.443
1.913,1.53
1.918,0.731
1.876,0.059
1.668,2.019
1.709,1.767
1.594,0.079
1.704,-1.302
1.605,2.425
1.352,-0.715
1.054,1.735
1.159,0.006
1.156,0.663
1.041,2.206
1.139,1.207
1.002,1.815
1.034,1.754
0.759,0.683
0.546,1.724
0.553,1.901
0.521,1.41
0.183,0.697
0.165,0.489
0.146,0.889
0.124,2.013
-0.086,0.009
-0.136,2.361
-0.099,-0.848
-0.232,-0.46
-0.261,-1.342
-0.138,0.513
-0.317,-0.608
-0.241,2.414
-0.391,0.751
-0.776,1.915
-0.717,-0.736
-0.895,0.133
-1.008,1.851
-0.89,1.538
-1.072,2.009
-1.059,2.239
-1.088,0.507
-1.034,0.096
-1.374,0.668
-1.251,-0.426
-1.408,0.975
-1.78,0.233
-1.88,1.97
-1.959,0.792
-2.017,0.165
-2.283,-0.499
-2.211,1.792
-2.339,-0.729
-2.442,-0.046
-2.501,-0.423
-2.795,0.046
-2.669,-0.564
-2.768,0.632
-2.914,-0.221
-2.891,-0.134
-2.897,-1.234
-3.027,2.09
-3.015,0.137
-3.07,0.865
3.076,-0.006
3.013,0.538
3.07,-0.839
2.933,0.855
3.066,0.049
3.073,1.989
2.773,-1.675
1.873,-1.751
1.863,-1.784
0.886,-1.82
-2.064,-1.555
-2.05,-1.647
-2.318,-1.798
-2.714,-1.697
2.503,2.44
-1.346,2.439
2.759,-0.691
0.75,0.977
0.128,-1.236
-1.426,1.02
3.113,-0.103
2.841,1.322
1.463,-0.979
0.876,1.282
-0.132,1.999
-1.434,-0.191
-1.43,-0.189
-1.48,0.729
-1.653,1.413
-2.57,1.408
-2.703,2.065
-2.757,1.415
-2.778,1.626
-2.82,1.548
-2.781,2.044
-2.902,1.381
2.243,0.934
0.059,-0.396
-0.51,1.065
-0.962,-0.353
-2.716,-0.333
-2.961,0.965
-0.708,-1.479
-2.508,-1.76
-1.537,2.561
0.938,-1.843
-0.225,-1.852
-0.205,-1.715
-0.069,-0.183
-0.088,3.112
-0.219,0.59
-0.155,2.882
-0.171,3.326
-0.24,1.889
-0.235,2.919
-0.293,2.515
-0.271,2.588
-0.351,0.642
-0.323,-0.521
-0.324,1.291
-0.426,2.788
-0.371,0.072
-0.392,-0.403
-0.445,1.12
-0.465,0.394
-0.487,0.305
-0.567,2.822
-0.515,3.256
-0.583,-0.318
-0.551,1.282
-0.692,0.714
-0.705,2.027
-0.726,0.746
-0.7,3.181
-0.836,1.413
-0.788,0.823
-0.778,-0.116
-0.862,0.357
-0.853,1.095
-0.924,3.224
-0.896,1.26
-0.993,0.193
-1.001,-0.164
-0.931,2.579
-1.021,1.748
-0.95,2.442
-1.146,0.091
-1.13,2.098
-1.178,2.517
-1.261,1.699
-1.339,2.425
-1.398,2.46
-1.515,2.207
-1.59,2.159
-1.607,0.353
-1.597,3.135
-1.649,-0.086
-1.669,2.643
-1.859,2.927
-1.969,1.099
-1.932,1.263
-1.999,2.245
-2.032,0.97
-2.09,2.089
-2.12,1.809
-2.222,1.656
-2.188,3.313
-2.312,-0.447
-2.284,1.433
-2.371,0.337
-2.322,2.868
-2.337,2.859
-2.876,3.203
-2.902,1.006
-2.975,-0.512
-2.934,2.325
-2.978,2.219
-3.036,2.998
-2.97,0.735
-3.131,0.3
-3.133,1.507
-3.067,3.327
-3.086,1.964
3.135,3.237
3.108,-0.19
3.107,0.775
3.034,1.245
3.045,1.565
3.082,2.889
2.981,0.433
2.98,3.058
2.809,-0.717
2.819,-0.672
2.634,-0.737
0.109,-0.989
-0.056,-0.954
-0.074,-0.788
-0.094,-0.74
-0.189,-0.796
-0.352,-0.948
-1.286,-0.959
-1.74,-0.869
2.768,3.156
1.802,3.39
1.091,3.102
-2.243,3.402
-2.551,3.182
-2.653,3.174
-3.09,3.423
1.288,1.819
-0.463,0.144
-3.116,2.959
3.01,-0.471
-0.706,-0.72
2.81,1.766
2.768,2.231
2.802,-0.099
2.792,0.175
2.748,2.234
2.542,1.627
2.658,1.236
2.506,0.59
2.636,1.116
2.541,-0.499
2.136,0.387
2.009,1.724
1.978,0.902
1.982,0.919
1.982,3.024
1.966,2.847
2.036,0.391
1.999,-0.451
1.849,0.427
1.94,2.4
1.945,1.601
1.903,0.929
1.695,2.889
1.736,2.637
1.621,0.949
1.731,-0.432
1.632,3.295
1.379,0.155
1.081,2.605
1.186,0.876
1.183,1.533
1.068,3.076
1.166,2.077
1.029,2.685
1.061,2.624
0.786,1.553
0.573,2.594
0.58,2.771
0.548,2.28
0.21,1.567
0.192,1.359
0.173,1.759
0.151,2.883
-0.059,0.879
-0.109,3.231
-0.072,0.022
-0.205,0.41
-0.234,-0.472
-0.111,1.383
-0.29,0.262
-0.214,3.284
-0.364,1.621
-0.749,2.785
-0.69,0.134
-0.868,1.003
-0.981,2.721
-0.863,2.408
-1.045,2.879
-1.032,3.109
-1.061,1.377
-1.007,0.966
-1.347,1.538
-1.224,0.444
-1.381,1.845
-1.753,1.103
-1.853,2.84
-1.932,1.662
-1.99,1.035
-2.256,0.371
-2.184,2.662
-2.312,0.141
-2.415,0.824
-2.474,0.447
-2.768,0.916
-2.642,0.306
-2.741,1.502
-2.887,0.649
-2.864,0.736
-2.87,-0.364
-3.0,2.96
-2.988,1.007
-3.043,1.735
3.103,0.864
3.04,1.408
3.097,0.031
2.96,1.725
3.093,0.919
3.1,2.859
2.8,-0.805
1.9,-0.881
1.89,-0.914
0.913,-0.95
-2.037,-0.685
-2.023,-0.777
-2.291,-0.928
-2.687,-0.827
2.53,3.31
-1.319,3.309
2.786,0.179
0.777,1.847
0.155,-0.366
-1.399,1.89
3.14,0.767
2.868,2.192
1.49,-0.109
0.903,2.152
-0.105,2.869
-1.407,0.679
-1.403,0.681
-1.453,1.599
-1.626,2.283
-2.543,2.278
-2.676,2.935
-2.73,2.285
-2.751,2.496
-2.793,2.418
-2.754,2.914
-2.875,2.251
2.27,1.804
0.086,0.474
-0.483,1.935
-0.935,0.517
-2.689,0.537
-2.934,1.835
-0.681,-0.609
-2.481,-0.89
-1.51,3.431
0.965,-0.973
-0.198,-0.982
-0.178,-0.845
-0.019,3.295
-0.15,0.773
-0.086,3.065
-0.102,3.509
-0.171,2.072
-0.166,3.102
-0.224,2.698
-0.202,2.771
-0.282,0.825
-0.254,-0.338
-0.255,1.474
-0.357,2.971
-0.302,0.255
-0.323,-0.22
-0.376,1.303
-0.396,0.577
-0.418,0.488
-0.498,3.005
-0.446,3.439
-0.514,-0.135
-0.482,1.465
-0.623,0.897
-0.636,2.21
-0.657,0.929
-0.631,3.364
-0.767,1.596
-0.719,1.006
-0.709,0.067
-0.793,0.54
-0.784,1.278
-0.855,3.407
-0.827,1.443
-0.924,0.376
-0.932,0.019
-0.862,2.762
-0.952,1.931
-0.881,2.625
-1.077,0.274
-1.061,2.281
-1.109,2.7
-1.192,1.882
-1.27,2.608
-1.329,2.643
-1.446,2.39
-1.521,2.342
-1.538,0.536
-1.528,3.318
-1.58,0.097
-1.6,2.826
-1.79,3.11
-1.9,1.282
-1.863,1.446
-1.93,2.428
-1.963,1.153
-2.021,2.272
-2.051,1.992
-2.153,1.839
-2.119,3.496
-2.243,-0.264
-2.215,1.616
-2.302,0.52
-2.253,3.051
-2.268,3.042
-2.807,3.386
-2.833,1.189
-2.906,-0.329
-2.865,2.508
-2.909,2.402
-2.967,3.181
-2.901,0.918
-3.062,0.483
-3.064,1.69
-2.998,3.51
-3.017,2.147
-3.079,3.42
-3.106,-0.007
-3.107,0.958
3.103,1.428
3.114,1.748
-3.132,3.072
3.05,0.616
3.049,3.241
2.878,-0.534
2.888,-0.489
2.703,-0.554
0.178,-0.806
0.013,-0.771
-0.005,-0.605
-0.025,-0.557
-0.12,-0.613
-0.283,-0.765
-1.217,-0.776
-1.671,-0.686
2.837,3.339
1.871,3.573
1.16,3.285
-2.174,3.585
-2.482,3.365
-2.584,3.357
-3.021,3.606
1.357,2.002
-0.394,0.327
-3.047,3.142
3.079,-0.288
-0.637,-0.537
2.879,1.949
2.837,2.414
2.871,0.084
2.861,0.358
2.817,2.417
2.611,1.81
2.727,1.419
2.575,0.773
2.705,1.299
2.61,-0.316
2.205,0.57
2.078,1.907
2.047,1.085
2.051,1.102
2.051,3.207
2.035,3.03
2.105,0.574
2.068,-0.268
1.918,0.61
2.009,2.583
2.014,1.784
1.972,1.112
1.764,3.072
1.805,2.82
1.69,1.132
1.8,-0.249
1.701,3.478
1.448,0.338
1.15,2.788
1.255,1.059
1.252,1.716
1.137,3.259
1.235,2.26
1.098,2.868
1.13,2.807
0.855,1.736
0.642,2.777
0.649,2.954
0.617,2.463
0.279,1.75
0.261,1.542
0.242,1.942
0.22,3.066
0.01,1.062
-0.04,3.414
-0.003,0.205
-0.136,0.593
-0.165,-0.289
-0.042,1.566
-0.221,0.445
-0.145,3.467
-0.295,1.804
-0.68,2.968
-0.621,0.317
-0.799,1.186
-0.912,2.904
-0.794,2.591
-0.976,3.062
-0.963,3.292
-0.992,1.56
-0.938,1.149
-1.278,1.721
-1.155,0.627
-1.312,2.028
-1.684,1.286
-1.784,3.023
-1.863,1.845
-1.921,1.218
-2.187,0.554
-2.115,2.845
-2.243,0.324
-2.346,1.007
-2.405,0.63
-2.699,1.099
-2.573,0.489
-2.672,1.685
-2.818,0.832
-2.795,0.919
-2.801,-0.181
-2.931,3.143
-2.919,1.19
-2.974,1.918
-3.111,1.047
3.109,1.591
-3.117,0.214
3.029,1.908
-3.121,1.102
-3.114,3.042
2.869,-0.622
1.969,-0.698
1.959,-0.731
0.982,-0.767
-1.968,-0.502
-1.954,-0.594
-2.222,-0.745
-2.618,-0.644
2.599,3.493
-1.25,3.492
2.855,0.362
0.846,2.03
0.224,-0.183
-1.33,2.073
-3.074,0.95
2.937,2.375
1.559,0.074
0.972,2.335
-0.036,3.052
-1.338,0.862
-1.334,0.864
-1.384,1.782
-1.557,2.466
-2.474,2.461
-2.607,3.118
-2.661,2.468
-2.682,2.679
-2.724,2.601
-2.685,3.097
-2.806,2.434
2.339,1.987
0.155,0.657
-0.414,2.118
-0.866,0.7
-2.62,0.72
-2.865,2.018
-0.612,-0.426
-2.412,-0.707
-1.441,3.614
1.034,-0.79
-0.129,-0.799
-0.109,-0.662
-0.131,-2.522
-0.067,-0.23
-0.083,0.214
-0.152,-1.223
-0.147,-0.193
-0.205,-0.597
-0.183,-0.524
-0.263,-2.47
-0.235,-3.633
-0.236,-1.821
-0.338,-0.324
-0.283,-3.04
-0.304,-3.515
-0.357,-1.992
-0.377,-2.718
-0.399,-2.807
-0.479,-0.29
-0.427,0.144
-0.495,-3.43
-0.463,-1.83
-0.604,-2.398
-0.617,-1.085
-0.638,-2.366
-0.612,0.069
-0.748,-1.699
-0.7,-2.289
-0.69,-3.228
-0.774,-2.755
-0.765,-2.017
-0.836,0.112
-0.808,-1.852
-0.905,-2.919
-0.913,-3.276
-0.843,-0.533
-0.933,-1.364
-0.862,-0.67
-1.058,-3.021
-1.042,-1.014
-1.09,-0.595
-1.173,-1.413
-1.251,-0.687
-1.31,-0.652
-1.427,-0.905
-1.502,-0.953
-1.519,-2.759
-1.509,0.023
-1.561,-3.198
-1.581,-0.469
-1.771,-0.185
-1.881,-2.013
-1.844,-1.849
-1.911,-0.867
-1.944,-2.142
-2.002,-1.023
-2.032,-1.303
-2.134,-1.456
-2.1,0.201
-2.224,-3.559
-2.196,-1.679
-2.283,-2.775
-2.234,-0.244
-2.249,-0.253
-2.788,0.091
-2.814,-2.106
-2.887,-3.624
-2.846,-0.787
-2.89,-0.893
-2.948,-0.114
-2.882,-2.377
-3.043,-2.812
-3.045,-1.605
-2.979,0.215
-2.998,-1.148
-3.06,0.125
-3.087,-3.302
-3.088,-2.337
3.122,-1.867
3.133,-1.547
-3.113,-0.223
3.069,-2.679
3.068,-0.054
2.897,-3.829
2.907,-3.784
2.722,-3.849
0.197,-4.101
0.032,-4.066
0.014,-3.9
-0.006,-3.852
-0.101,-3.908
-0.264,-4.06
-1.198,-4.071
-1.652,-3.981
2.856,0.044
1.89,0.278
1.179,-0.01
-2.155,0.29
-2.463,0.07
-2.565,0.062
-3.002,0.311
1.376,-1.293
-0.375,-2.968
-3.028,-0.153
3.098,-3.583
-0.618,-3.832
2.898,-1.346
2.856,-0.881
2.89,-3.211
2.88,-2.937
2.836,-0.878
2.63,-1.485
2.746,-1.876
2.594,-2.522
2.724,-1.996
2.629,-3.611
2.224,-2.725
2.097,-1.388
2.066,-2.21
2.07,-2.193
2.07,-0.088
2.054,-0.265
2.124,-2.721
2.087,-3.563
1.937,-2.685
2.028,-0.712
2.033,-1.511
1.991,-2.183
1.783,-0.223
1.824,-0.475
1.709,-2.163
1.819,-3.544
1.72,0.183
1.467,-2.957
1.169,-0.507
1.274,-2.236
1.271,-1.579
1.156,-0.036
1.254,-1.035
1.117,-0.427
1.149,-0.488
0.874,-1.559
0.661,-0.518
0.668,-0.341
0.636,-0.832
0.298,-1.545
0.28,-1.753
0.261,-1.353
0.239,-0.229
0.029,-2.233
-0.021,0.119
0.016,-3.09
-0.117,-2.702
-0.146,-3.584
-0.023,-1.729
-0.202,-2.85
-0.126,0.172
-0.276,-1.491
-0.661,-0.327
-0.602,-2.978
-0.78,-2.109
-0.893,-0.391
-0.775,-0.704
-0.957,-0.233
-0.944,-0.003
-0.973,-1.735
-0.919,-2.146
-1.259,-1.574
-1.136,-2.668
-1.293,-1.267
-1.665,-2.009
-1.765,-0.272
-1.844,-1.45
-1.902,-2.077
-2.168,-2.741
-2.096,-0.45
-2.224,-2.971
-2.327,-2.288
-2.386,-2.665
-2.68,-2.196
-2.554,-2.806
-2.653,-1.61
-2.799,-2.463
-2.776,-2.376
-2.782,-3.476
-2.912,-0.152
-2.9,-2.105
-2.955,-1.377
-3.092,-2.248
3.128,-1.704
-3.098,-3.081
3.048,-1.387
-3.102,-2.193
-3.095,-0.253
2.888,-3.917
1.988,-3.993
1.978,-4.026
1.001,-4.062
-1.949,-3.797
-1.935,-3.889
-2.203,-4.04
-2.599,-3.939
2.618,0.198
-1.231,0.197
2.874,-2.933
0.865,-1.265
0.243,-3.478
-1.311,-1.222
-3.055,-2.345
2.956,-0.92
1.578,-3.221
0.991,-0.96
-0.017,-0.243
-1.319,-2.433
-1.315,-2.431
-1.365,-1.513
-1.538,-0.829
-2.455,-0.834
-2.588,-0.177
-2.642,-0.827
-2.663,-0.616
-2.705,-0.694
-2.666,-0.198
-2.787,-0.861
2.358,-1.308
0.174,-2.638
-0.395,-1.177
-0.847,-2.595
-2.601,-2.575
-2.846,-1.277
-0.593,-3.721
-2.393,-4.002
-1.422,0.319
1.053,-4.085
-0.11,-4.094
-0.09,-3.957
0.064,2.292
0.048,2.736
-0.021,1.299
-0.016,2.329
-0.074,1.925
-0.052,1.998
-0.132,0.052
-0.104,-1.111
-0.105,0.701
-0.207,2.198
-0.152,-0.518
-0.173,-0.993
-0.226,0.53
-0.246,-0.196
-0.268,-0.285
-0.348,2.232
-0.296,2.666
-0.364,-0.908
-0.332,0.692
-0.473,0.124
-0.486,1.437
-0.507,0.156
-0.481,2.591
-0.617,0.823
-0.569,0.233
-0.559,-0.706
-0.643,-0.233
-0.634,0.505
-0.705,2.634
-0.677,0.67
-0.774,-0.397
-0.782,-0.754
-0.712,1.989
-0.802,1.158
-0.731,1.852
-0.927,-0.499
-0.911,1.508
-0.959,1.927
-1.042,1.109
-1.12,1.835
-1.179,1.87
-1.296,1.617
-1.371,1.569
-1.388,-0.237
-1.378,2.545
-1.43,-0.676
-1.45,2.053
-1.64,2.337
-1.75,0.509
-1.713,0.673
-1.78,1.655
-1.813,0.38
-1.871,1.499
-1.901,1.219
-2.003,1.066
-1.969,2.723
-2.093,-1.037
-2.065,0.843
-2.152,-0.253
-2.103,2.278
-2.118,2.269
-2.657,2.613
-2.683,0.416
-2.756,-1.102
-2.715,1.735
-2.759,1.629
-2.817,2.408
-2.751,0.145
-2.912,-0.29
-2.914,0.917
-2.848,2.737
-2.867,1.374
-2.929,2.647
-2.956,-0.78
-2.957,0.185
-3.03,0.655
-3.019,0.975
-2.982,2.299
-3.083,-0.157
-3.084,2.468
3.028,-1.307
3.038,-1.262
2.853,-1.327
0.328,-1.579
0.163,-1.544
0.145,-1.378
0.125,-1.33
0.03,-1.386
-0.133,-1.538
-1.067,-1.549
-1.521,-1.459
2.987,2.566
2.021,2.8
1.31,2.512
-2.024,2.812
-2.332,2.592
-2.434,2.584
-2.871,2.833
1.507,1.229
-0.244,-0.446
-2.897,2.369
-3.054,-1.061
-0.487,-1.31
3.029,1.176
2.987,1.641
3.021,-0.689
3.011,-0.415
2.967,1.644
2.761,1.037
2.877,0.646
2.725,0.0
2.855,0.526
2.76,-1.089
2.355,-0.203
2.228,1.134
2.197,0.312
2.201,0.329
2.201,2.434
2.185,2.257
2.255,-0.199
2.218,-1.041
2.068,-0.163
2.159,1.81
2.164,1.011
2.122,0.339
1.914,2.299
1.955,2.047
1.84,0.359
1.95,-1.022
1.851,2.705
1.598,-0.435
1.3,2.015
1.405,0.286
1.402,0.943
1.287,2.486
1.385,1.487
1.248,2.095
1.28,2.034
1.005,0.963
0.792,2.004
0.799,2.181
0.767,1.69
0.429,0.977
0.411,0.769
0.392,1.169
0.37,2.293
0.16,0.289
0.11,2.641
0.147,-0.568
0.014,-0.18
-0.015,-1.062
0.108,0.793
-0.071,-0.328
0.005,2.694
-0.145,1.031
-0.53,2.195
-0.471,-0.456
-0.649,0.413
-0.762,2.131
-0.644,1.818
-0.826,2.289
-0.813,2.519
-0.842,0.787
-0.788,0.376
-1.128,0.948
-1.005,-0.146
-1.162,1.255
-1.534,0.513
-1.634,2.25
-1.713,1.072
-1.771,0.445
-2.037,-0.219
-1.965,2.072
-2.093,-0.449
-2.196,0.234
-2.255,-0.143
-2.549,0.326
-2.423,-0.284
-2.522,0.912
-2.668,0.059
-2.645,0.146
-2.651,-0.954
-2.781,2.37
-2.769,0.417
-2.824,1.145
-2.961,0.274
-3.024,0.818
-2.967,-0.559
-3.104,1.135
-2.971,0.329
-2.964,2.269
3.019,-1.395
2.119,-1.471
2.109,-1.504
1.132,-1.54
-1.818,-1.275
-1.804,-1.367
-2.072,-1.518
-2.468,-1.417
2.749,2.72
-1.1,2.719
3.005,-0.411
0.996,1.257
0.374,-0.956
-1.18,1.3
-2.924,0.177
3.087,1.602
1.709,-0.699
1.122,1.562
0.114,2.279
-1.188,0.089
-1.184,0.091
-1.234,1.009
-1.407,1.693
-2.324,1.688
-2.457,2.345
-2.511,1.695
-2.532,1.906
-2.574,1.828
-2.535,2.324
-2.656,1.661
2.489,1.214
0.305,-0.116
-0.264,1.345
-0.716,-0.073
-2.47,-0.053
-2.715,1.245
-0.462,-1.199
-2.262,-1.48
-1.291,2.841
1.184,-1.563
0.021,-1.572
0.041,-1.435
-0.016,0.444
-0.085,-0.993
-0.08,0.037
-0.138,-0.367
-0.116,-0.294
-0.196,-2.24
-0.168,-3.403
-0.169,-1.591
-0.271,-0.094
-0.216,-2.81
-0.237,-3.285
-0.29,-1.762
-0.31,-2.488
-0.332,-2.577
-0.412,-0.06
-0.36,0.374
-0.428,-3.2
-0.396,-1.6
-0.537,-2.168
-0.55,-0.855
-0.571,-2.136
-0.545,0.299
-0.681,-1.469
-0.633,-2.059
-0.623,-2.998
-0.707,-2.525
-0.698,-1.787
-0.769,0.342
-0.741,-1.622
-0.838,-2.689
-0.846,-3.046
-0.776,-0.303
-0.866,-1.134
-0.795,-0.44
-0.991,-2.791
-0.975,-0.784
-1.023,-0.365
-1.106,-1.183
-1.184,-0.457
-1.243,-0.422
-1.36,-0.675
-1.435,-0.723
-1.452,-2.529
-1.442,0.253
-1.494,-2.968
-1.514,-0.239
-1.704,0.045
-1.814,-1.783
-1.777,-1.619
-1.844,-0.637
-1.877,-1.912
-1.935,-0.793
-1.965,-1.073
-2.067,-1.226
-2.033,0.431
-2.157,-3.329
-2.129,-1.449
-2.216,-2.545
-2.167,-0.014
-2.182,-0.023
-2.721,0.321
-2.747,-1.876
-2.82,-3.394
-2.779,-0.557
-2.823,-0.663
-2.881,0.116
-2.815,-2.147
-2.976,-2.582
-2.978,-1.375
-2.912,0.445
-2.931,-0.918
-2.993,0.355
-3.02,-3.072
-3.021,-2.107
-3.094,-1.637
-3.083,-1.317
-3.046,0.007
3.136,-2.449
3.135,0.176
2.964,-3.599
2.974,-3.554
2.789,-3.619
0.264,-3.871
0.099,-3.836
0.081,-3.67
0.061,-3.622
-0.034,-3.678
-0.197,-3.83
-1.131,-3.841
-1.585,-3.751
2.923,0.274
1.957,0.508
1.246,0.22
-2.088,0.52
-2.396,0.3
-2.498,0.292
-2.935,0.541
1.443,-1.063
-0.308,-2.738
-2.961,0.077
-3.118,-3.353
-0.551,-3.602
2.965,-1.116
2.923,-0.651
2.957,-2.981
2.947,-2.707
2.903,-0.648
2.697,-1.255
2.813,-1.646
2.661,-2.292
2.791,-1.766
2.696,-3.381
2.291,-2.495
2.164,-1.158
2.133,-1.98
2.137,-1.963
2.137,0.142
2.121,-0.035
2.191,-2.491
2.154,-3.333
2.004,-2.455
2.095,-0.482
2.1,-1.281
2.058,-1.953
1.85,0.007
1.891,-0.245
1.776,-1.933
1.886,-3.314
1.787,0.413
1.534,-2.727
1.236,-0.277
1.341,-2.006
1.338,-1.349
1.223,0.194
1.321,-0.805
1.184,-0.197
1.216,-0.258
0.941,-1.329
0.728,-0.288
0.735,-0.111
0.703,-0.602
0.365,-1.315
0.347,-1.523
0.328,-1.123
0.306,0.001
0.096,-2.003
0.046,0.349
0.083,-2.86
-0.05,-2.472
-0.079,-3.354
0.044,-1.499
-0.135,-2.62
-0.059,0.402
-0.209,-1.261
-0.594,-0.097
-0.535,-2.748
-0.713,-1.879
-0.826,-0.161
-0.708,-0.474
-0.89,-0.003
-0.877,0.227
-0.906,-1.505
-0.852,-1.916
-1.192,-1.344
-1.069,-2.438
-1.226,-1.037
-1.598,-1.779
-1.698,-0.042
-1.777,-1.22
-1.835,-1.847
-2.101,-2.511
-2.029,-0.22
-2.157,-2.741
-2.26,-2.058
-2.319,-2.435
-2.613,-1.966
-2.487,-2.576
-2.586,-1.38
-2.732,-2.233
-2.709,-2.146
-2.715,-3.246
-2.845,0.078
-2.833,-1.875
-2.888,-1.147
-3.025,-2.018
-3.088,-1.474
-3.031,-2.851
3.115,-1.157
-3.035,-1.963
-3.028,-0.023
2.955,-3.687
2.055,-3.763
2.045,-3.796
1.068,-3.832
-1.882,-3.567
-1.868,-3.659
-2.136,-3.81
-2.532,-3.709
2.685,0.428
-1.164,0.427
2.941,-2.703
0.932,-1.035
0.31,-3.248
-1.244,-0.992
-2.988,-2.115
3.023,-0.69
1.645,-2.991
1.058,-0.73
0.05,-0.013
-1.252,-2.203
-1.248,-2.201
-1.298,-1.283
-1.471,-0.599
-2.388,-0.604
-2.521,0.053
-2.575,-0.597
-2.596,-0.386
-2.638,-0.464
-2.599,0.032
-2.72,-0.631
2.425,-1.078
0.241,-2.408
-0.328,-0.947
-0.78,-2.365
-2.534,-2.345
-2.779,-1.047
-0.526,-3.491
-2.326,-3.772
-1.355,0.549
1.12,-3.855
-0.043,-3.864
-0.023,-3.727
-0.069,-1.437
-0.064,-0.407
-0.122,-0.811
-0.1,-0.738
-0.18,-2.684
-0.152,-3.847
-0.153,-2.035
-0.255,-0.538
-0.2,-3.254
-0.221,-3.729
-0.274,-2.206
-0.294,-2.932
-0.316,-3.021
-0.396,-0.504
-0.344,-0.07
-0.412,-3.644
-0.38,-2.044
-0.521,-2.612
-0.534,-1.299
-0.555,-2.58
-0.529,-0.145
-0.665,-1.913
-0.617,-2.503
-0.607,-3.442
-0.691,-2.969
-0.682,-2.231
-0.753,-0.102
-0.725,-2.066
-0.822,-3.133
-0.83,-3.49
-0.76,-0.747
-0.85,-1.578
-0.779,-0.884
-0.975,-3.235
-0.959,-1.228
-1.007,-0.809
-1.09,-1.627
-1.168,-0.901
-1.227,-0.866
-1.344,-1.119
-1.419,-1.167
-1.436,-2.973
-1.426,-0.191
-1.478,-3.412
-1.498,-0.683
-1.688,-0.399
-1.798,-2.227
-1.761,-2.063
-1.828,-1.081
-1.861,-2.356
-1.919,-1.237
-1.949,-1.517
-2.051,-1.67
-2.017,-0.013
-2.141,-3.773
-2.113,-1.893
-2.2,-2.989
-2.151,-0.458
-2.166,-0.467
-2.705,-0.123
-2.731,-2.32
-2.804,-3.838
-2.763,-1.001
-2.807,-1.107
-2.865,-0.328
-2.799,-2.591
-2.96,-3.026
-2.962,-1.819
-2.896,0.001
-2.915,-1.362
-2.977,-0.089
-3.004,-3.516
-3.005,-2.551
-3.078,-2.081
-3.067,-1.761
-3.03,-0.437
-3.131,-2.893
-3.132,-0.268
2.98,-4.043
2.99,-3.998
2.805,-4.063
0.28,-4.315
0.115,-4.28
0.097,-4.114
0.077,-4.066
-0.018,-4.122
-0.181,-4.274
-1.115,-4.285
-1.569,-4.195
2.939,-0.17
1.973,0.064
1.262,-0.224
-2.072,0.076
-2.38,-0.144
-2.482,-0.152
-2.919,0.097
1.459,-1.507
-0.292,-3.182
-2.945,-0.367
-3.102,-3.797
-0.535,-4.046
2.981,-1.56
2.939,-1.095
2.973,-3.425
2.963,-3.151
2.919,-1.092
2.713,-1.699
2.829,-2.09
2.677,-2.736
2.807,-2.21
2.712,-3.825
2.307,-2.939
2.18,-1.602
2.149,-2.424
2.153,-2.407
2.153,-0.302
2.137,-0.479
2.207,-2.935
2.17,-3.777
2.02,-2.899
2.111,-0.926
2.116,-1.725
2.074,-2.397
1.866,-0.437
1.907,-0.689
1.792,-2.377
1.902,-3.758
1.803,-0.031
1.55,-3.171
1.252,-0.721
1.357,-2.45
1.354,-1.793
1.239,-0.25
1.337,-1.249
1.2,-0.641
1.232,-0.702
0.957,-1.773
0.744,-0.732
0.751,-0.555
0.719,-1.046
0.381,-1.759
0.363,-1.967
0.344,-1.567
0.322,-0.443
0.112,-2.447
0.062,-0.095
0.099,-3.304
-0.034,-2.916
-0.063,-3.798
0.06,-1.943
-0.119,-3.064
-0.043,-0.042
-0.193,-1.705
-0.578,-0.541
-0.519,-3.192
-0.697,-2.323
-0.81,-0.605
-0.692,-0.918
-0.874,-0.447
-0.861,-0.217
-0.89,-1.949
-0.836,-2.36
-1.176,-1.788
-1.053,-2.882
-1.21,-1.481
-1.582,-2.223
-1.682,-0.486
-1.761,-1.664
-1.819,-2.291
-2.085,-2.955
-2.013,-0.664
-2.141,-3.185
-2.244,-2.502
-2.303,-2.879
-2.597,-2.41
-2.471,-3.02
-2.57,-1.824
-2.716,-2.677
-2.693,-2.59
-2.699,-3.69
-2.829,-0.366
-2.817,-2.319
-2.872,-1.591
-3.009,-2.462
-3.072,-1.918
-3.015,-3.295
3.131,-1.601
-3.019,-2.407
-3.012,-0.467
2.971,-4.131
2.071,-4.207
2.061,-4.24
1.084,-4.276
-1.866,-4.011
-1.852,-4.103
-2.12,-4.254
-2.516,-4.153
2.701,-0.016
-1.148,-0.017
2.957,-3.147
0.948,-1.479
0.326,-3.692
-1.228,-1.436
-2.972,-2.559
3.039,-1.134
1.661,-3.435
1.074,-1.174
0.066,-0.457
-1.236,-2.647
-1.232,-2.645
-1.282,-1.727
-1.455,-1.043
-2.372,-1.048
-2.505,-0.391
-2.559,-1.041
-2.58,-0.83
-2.622,-0.908
-2.583,-0.412
-2.704,-1.075
2.441,-1.522
0.257,-2.852
-0.312,-1.391
-0.764,-2.809
-2.518,-2.789
-2.763,-1.491
-0.51,-3.935
-2.31,-4.216
-1.339,0.105
1.136,-4.299
-0.027,-4.308
-0.007,-4.171
0.005,1.03
-0.053,0.626
-0.031,0.699
-0.111,-1.247
-0.083,-2.41
-0.084,-0.598
-0.186,0.899
-0.131,-1.817
-0.152,-2.292
-0.205,-0.769
-0.225,-1.495
-0.247,-1.584
-0.327,0.933
-0.275,1.367
-0.343,-2.207
-0.311,-0.607
-0.452,-1.175
-0.465,0.138
-0.486,-1.143
-0.46,1.292
-0.596,-0.476
-0.548,-1.066
-0.538,-2.005
-0.622,-1.532
-0.613,-0.794
-0.684,1.335
-0.656,-0.629
-0.753,-1.696
-0.761,-2.053
-0.691,0.69
-0.781,-0.141
-0.71,0.553
-0.906,-1.798
-0.89,0.209
-0.938,0.628
-1.021,-0.19
-1.099,0.536
-1.158,0.571
-1.275,0.318
-1.35,0.27
-1.367,-1.536
-1.357,1.246
-1.409,-1.975
-1.429,0.754
-1.619,1.038
-1.729,-0.79
-1.692,-0.626
-1.759,0.356
-1.792,-0.919
-1.85,0.2
-1.88,-0.08
-1.982,-0.233
-1.948,1.424
-2.072,-2.336
-2.044,-0.456
-2.131,-1.552
-2.082,0.979
-2.097,0.97
-2.636,1.314
-2.662,-0.883
-2.735,-2.401
-2.694,0.436
-2.738,0.33
-2.796,1.109
-2.73,-1.154
-2.891,-1.589
-2.893,-0.382
-2.827,1.438
-2.846,0.075
-2.908,1.348
-2.935,-2.079
-2.936,-1.114
-3.009,-0.644
-2.998,-0.324
-2.961,1.0
-3.062,-1.456
-3.063,1.169
3.049,-2.606
3.059,-2.561
2.874,-2.626
0.349,-2.878
0.184,-2.843
0.166,-2.677
0.146,-2.629
0.051,-2.685
-0.112,-2.837
-1.046,-2.848
-1.5,-2.758
3.008,1.267
2.042,1.501
1.331,1.213
-2.003,1.513
-2.311,1.293
-2.413,1.285
-2.85,1.534
1.528,-0.07
-0.223,-1.745
-2.876,1.07
-3.033,-2.36
-0.466,-2.609
3.05,-0.123
3.008,0.342
3.042,-1.988
3.032,-1.714
2.988,0.345
2.782,-0.262
2.898,-0.653
2.746,-1.299
2.876,-0.773
2.781,-2.388
2.376,-1.502
2.249,-0.165
2.218,-0.987
2.222,-0.97
2.222,1.135
2.206,0.958
2.276,-1.498
2.239,-2.34
2.089,-1.462
2.18,0.511
2.185,-0.288
2.143,-0.96
1.935,1.0
1.976,0.748
1.861,-0.94
1.971,-2.321
1.872,1.406
1.619,-1.734
1.321,0.716
1.426,-1.013
1.423,-0.356
1.308,1.187
1.406,0.188
1.269,0.796
1.301,0.735
1.026,-0.336
0.813,0.705
0.82,0.882
0.788,0.391
0.45,-0.322
0.432,-0.53
0.413,-0.13
0.391,0.994
0.181,-1.01
0.131,1.342
0.168,-1.867
0.035,-1.479
0.006,-2.361
0.129,-0.506
-0.05,-1.627
0.026,1.395
-0.124,-0.268
-0.509,0.896
-0.45,-1.755
-0.628,-0.886
-0.741,0.832
-0.623,0.519
-0.805,0.99
-0.792,1.22
-0.821,-0.512
-0.767,-0.923
-1.107,-0.351
-0.984,-1.445
-1.141,-0.044
-1.513,-0.786
-1.613,0.951
-1.692,-0.227
-1.75,-0.854
-2.016,-1.518
-1.944,0.773
-2.072,-1.748
-2.175,-1.065
-2.234,-1.442
-2.528,-0.973
-2.402,-1.583
-2.501,-0.387
-2.647,-1.24
-2.624,-1.153
-2.63,-2.253
-2.76,1.071
-2.748,-0.882
-2.803,-0.154
-2.94,-1.025
-3.003,-0.481
-2.946,-1.858
-3.083,-0.164
-2.95,-0.97
-2.943,0.97
3.04,-2.694
2.14,-2.77
2.13,-2.803
1.153,-2.839
-1.797,-2.574
-1.783,-2.666
-2.051,-2.817
-2.447,-2.716
2.77,1.421
-1.079,1.42
3.026,-1.71
1.017,-0.042
0.395,-2.255
-1.159,0.001
-2.903,-1.122
3.108,0.303
1.73,-1.998
1.143,0.263
0.135,0.98
-1.167,-1.21
-1.163,-1.208
-1.213,-0.29
-1.386,0.394
-2.303,0.389
-2.436,1.046
-2.49,0.396
-2.511,0.607
-2.553,0.529
-2.514,1.025
-2.635,0.362
2.51,-0.085
0.326,-1.415
-0.243,0.046
-0.695,-1.372
-2.449,-1.352
-2.694,-0.054
-0.441,-2.498
-2.241,-2.779
-1.27,1.542
1.205,-2.862
0.042,-2.871
0.062,-2.734
-0.058,-0.404
-0.036,-0.331
-0.116,-2.277
-0.088,-3.44
-0.089,-1.628
-0.191,-0.131
-0.136,-2.847
-0.157,-3.322
-0.21,-1.799
-0.23,-2.525
-0.252,-2.614
-0.332,-0.097
-0.28,0.337
-0.348,-3.237
-0.316,-1.637
-0.457,-2.205
-0.47,-0.892
-0.491,-2.173
-0.465,0.262
-0.601,-1.506
-0.553,-2.096
-0.543,-3.035
-0.627,-2.562
-0.618,-1.824
-0.689,0.305
-0.661,-1.659
-0.758,-2.726
-0.766,-3.083
-0.696,-0.34
-0.786,-1.171
-0.715,-0.477
-0.911,-2.828
-0.895,-0.821
-0.943,-0.402
-1.026,-1.22
-1.104,-0.494
-1.163,-0.459
-1.28,-0.712
-1.355,-0.76
-1.372,-2.566
-1.362,0.216
-1.414,-3.005
-1.434,-0.276
-1.624,0.008
-1.734,-1.82
-1.697,-1.656
-1.764,-0.674
-1.797,-1.949
-1.855,-0.83
-1.885,-1.11
-1.987,-1.263
-1.953,0.394
-2.077,-3.366
-2.049,-1.486
-2.136,-2.582
-2.087,-0.051
-2.102,-0.06
-2.641,0.284
-2.667,-1.913
-2.74,-3.431
-2.699,-0.594
-2.743,-0.7
-2.801,0.079
-2.735,-2.184
-2.896,-2.619
-2.898,-1.412
-2.832,0.408
-2.851,-0.955
-2.913,0.318
-2.94,-3.109
-2.941,-2.144
-3.014,-1.674
-3.003,-1.354
-2.966,-0.03
-3.067,-2.486
-3.068,0.139
3.044,-3.636
3.054,-3.591
2.869,-3.656
0.344,-3.908
0.179,-3.873
0.161,-3.707
0.141,-3.659
0.046,-3.715
-0.117,-3.867
-1.051,-3.878
-1.505,-3.788
3.003,0.237
2.037,0.471
1.326,0.183
-2.008,0.483
-2.316,0.263
-2.418,0.255
-2.855,0.504
1.523,-1.1
-0.228,-2.775
-2.881,0.04
-3.038,-3.39
-0.471,-3.639
3.045,-1.153
3.003,-0.688
3.037,-3.018
3.027,-2.744
2.983,-0.685
2.777,-1.292
2.893,-1.683
2.741,-2.329
2.871,-1.803
2.776,-3.418
2.371,-2.532
2.244,-1.195
2.213,-2.017
2.217,-2.0
2.217,0.105
2.201,-0.072
2.271,-2.528
2.234,-3.37
2.084,-2.492
2.175,-0.519
2.18,-1.318
2.138,-1.99
1.93,-0.03
1.971,-0.282
1.856,-1.97
1.966,-3.351
1.867,0.376
1.614,-2.764
1.316,-0.314
1.421,-2.043
1.418,-1.386
1.303,0.157
1.401,-0.842
1.264,-0.234
1.296,-0.295
1.021,-1.366
0.808,-0.325
0.815,-0.148
0.783,-0.639
0.445,-1.352
0.427,-1.56
0.408,-1.16
0.386,-0.036
0.176,-2.04
0.126,0.312
0.163,-2.897
0.03,-2.509
0.001,-3.391
0.124,-1.536
-0.055,-2.657
0.021,0.365
-0.129,-1.298
-0.514,-0.134
-0.455,-2.785
-0.633,-1.916
-0.746,-0.198
-0.628,-0.511
-0.81,-0.04
-0.797,0.19
-0.826,-1.542
-0.772,-1.953
-1.112,-1.381
-0.989,-2.475
-1.146,-1.074
-1.518,-1.816
-1.618,-0.079
-1.697,-1.257
-1.755,-1.884
-2.021,-2.548
-1.949,-0.257
-2.077,-2.778
-2.18,-2.095
-2.239,-2.472
-2.533,-2.003
-2.407,-2.613
-2.506,-1.417
-2.652,-2.27
-2.629,-2.183
-2.635,-3.283
-2.765,0.041
-2.753,-1.912
-2.808,-1.184
-2.945,-2.055
-3.008,-1.511
-2.951,-2.888
-3.088,-1.194
-2.955,-2.0
-2.948,-0.06
3.035,-3.724
2.135,-3.8
2.125,-3.833
1.148,-3.869
-1.802,-3.604
-1.788,-3.696
-2.056,-3.847
-2.452,-3.746
2.765,0.391
-1.084,0.39
3.021,-2.74
1.012,-1.072
0.39,-3.285
-1.164,-1.029
-2.908,-2.152
3.103,-0.727
1.725,-3.028
1.138,-0.767
0.13,-0.05
-1.172,-2.24
-1.168,-2.238
-1.218,-1.32
-1.391,-0.636
-2.308,-0.641
-2.441,0.016
-2.495,-0.634
-2.516,-0.423
-2.558,-0.501
-2.519,-0.005
-2.64,-0.668
2.505,-1.115
0.321,-2.445
-0.248,-0.984
-0.7,-2.402
-2.454,-2.382
-2.699,-1.084
-0.446,-3.528
-2.246,-3.809
-1.275,0.512
1.2,-3.892
0.037,-3.901
0.057,-3.764
0.022,0.073
-0.058,-1.873
-0.03,-3.036
-0.031,-1.224
-0.133,0.273
-0.078,-2.443
-0.099,-2.918
-0.152,-1.395
-0.172,-2.121
-0.194,-2.21
-0.274,0.307
-0.222,0.741
-0.29,-2.833
-0.258,-1.233
-0.399,-1.801
-0.412,-0.488
-0.433,-1.769
-0.407,0.666
-0.543,-1.102
-0.495,-1.692
-0.485,-2.631
-0.569,-2.158
-0.56,-1.42
-0.631,0.709
-0.603,-1.255
-0.7,-2.322
-0.708,-2.679
-0.638,0.064
-0.728,-0.767
-0.657,-0.073
-0.853,-2.424
-0.837,-0.417
-0.885,0.002
-0.968,-0.816
-1.046,-0.09
-1.105,-0.055
-1.222,-0.308
-1.297,-0.356
-1.314,-2.162
-1.304,0.62
-1.356,-2.601
-1.376,0.128
-1.566,0.412
-1.676,-1.416
-1.639,-1.252
-1.706,-0.27
-1.739,-1.545
-1.797,-0.426
-1.827,-0.706
-1.929,-0.859
-1.895,0.798
-2.019,-2.962
-1.991,-1.082
-2.078,-2.178
-2.029,0.353
-2.044,0.344
-2.583,0.688
-2.609,-1.509
-2.682,-3.027
-2.641,-0.19
-2.685,-0.296
-2.743,0.483
-2.677,-1.78
-2.838,-2.215
-2.84,-1.008
-2.774,0.812
-2.793,-0.551
-2.855,0.722
-2.882,-2.705
-2.883,-1.74
-2.956,-1.27
-2.945,-0.95
-2.908,0.374
-3.009,-2.082
-3.01,0.543
3.102,-3.232
3.112,-3.187
2.927,-3.252
0.402,-3.504
0.237,-3.469
0.219,-3.303
0.199,-3.255
0.104,-3.311
-0.059,-3.463
-0.993,-3.474
-1.447,-3.384
3.061,0.641
2.095,0.875
1.384,0.587
-1.95,0.887
-2.258,0.667
-2.36,0.659
-2.797,0.908
1.581,-0.696
-0.17,-2.371
-2.823,0.444
-2.98,-2.986
-0.413,-3.235
3.103,-0.749
3.061,-0.284
3.095,-2.614
3.085,-2.34
3.041,-0.281
2.835,-0.888
2.951,-1.279
2.799,-1.925
2.929,-1.399
2.834,-3.014
2.429,-2.128
2.302,-0.791
2.271,-1.613
2.275,-1.596
2.275,0.509
2.259,0.332
2.329,-2.124
2.292,-2.966
2.142,-2.088
2.233,-0.115
2.238,-0.914
2.196,-1.586
1.988,0.374
2.029,0.122
1.914,-1.566
2.024,-2.947
1.925,0.78
1.672,-2.36
1.374,0.09
1.479,-1.639
1.476,-0.982
1.361,0.561
1.459,-0.438
1.322,0.17
1.354,0.109
1.079,-0.962
0.866,0.079
0.873,0.256
0.841,-0.235
0.503,-0.948
0.485,-1.156
0.466,-0.756
0.444,0.368
0.234,-1.636
0.184,0.716
0.221,-2.493
0.088,-2.105
0.059,-2.987
0.182,-1.132
0.003,-2.253
0.079,0.769
-0.071,-0.894
-0.456,0.27
-0.397,-2.381
-0.575,-1.512
-0.688,0.206
-0.57,-0.107
-0.752,0.364
-0.739,0.594
-0.768,-1.138
-0.714,-1.549
-1.054,-0.977
-0.931,-2.071
-1.088,-0.67
-1.46,-1.412
-1.56,0.325
-1.639,-0.853
-1.697,-1.48
-1.963,-2.144
-1.891,0.147
-2.019,-2.374
-2.122,-1.691
-2.181,-2.068
-2.475,-1.599
-2.349,-2.209
-2.448,-1.013
-2.594,-1.866
-2.571,-1.779
-2.577,-2.879
-2.707,0.445
-2.695,-1.508
-2.75,-0.78
-2.887,-1.651
-2.95,-1.107
-2.893,-2.484
-3.03,-0.79
-2.897,-1.596
-2.89,0.344
3.093,-3.32
2.193,-3.396
2.183,-3.429
1.206,-3.465
-1.744,-3.2
-1.73,-3.292
-1.998,-3.443
-2.394,-3.342
2.823,0.795
-1.026,0.794
3.079,-2.336
1.07,-0.668
0.448,-2.881
-1.106,-0.625
-2.85,-1.748
-3.122,-0.323
1.783,-2.624
1.196,-0.363
0.188,0.354
-1.114,-1.836
-1.11,-1.834
-1.16,-0.916
-1.333,-0.232
-2.25,-0.237
-2.383,0.42
-2.437,-0.23
-2.458,-0.019
-2.5,-0.097
-2.461,0.399
-2.582,-0.264
2.563,-0.711
0.379,-2.041
-0.19,-0.58
-0.642,-1.998
-2.396,-1.978
-2.641,-0.68
-0.388,-3.124
-2.188,-3.405
-1.217,0.916
1.258,-3.488
0.095,-3.497
0.115,-3.36
-0.08,-1.946
-0.052,-3.109
-0.053,-1.297
-0.155,0.2
-0.1,-2.516
-0.121,-2.991
-0.174,-1.468
-0.194,-2.194
-0.216,-2.283
-0.296,0.234
-0.244,0.668
-0.312,-2.906
-0.28,-1.306
-0.421,-1.874
-0.434,-0.561
-0.455,-1.842
-0.429,0.593
-0.565,-1.175
-0.517,-1.765
-0.507,-2.704
-0.591,-2.231
-0.582,-1.493
-0.653,0.636
-0.625,-1.328
-0.722,-2.395
-0.73,-2.752
-0.66,-0.009
-0.75,-0.84
-0.679,-0.146
-0.875,-2.497
-0.859,-0.49
-0.907,-0.071
-0.99,-0.889
-1.068,-0.163
-1.127,-0.128
-1.244,-0.381
-1.319,-0.429
-1.336,-2.235
-1.326,0.547
-1.378,-2.674
-1.398,0.055
-1.588,0.339
-1.698,-1.489
-1.661,-1.325
-1.728,-0.343
-1.761,-1.618
-1.819,-0.499
-1.849,-0.779
-1.951,-0.932
-1.917,0.725
-2.041,-3.035
-2.013,-1.155
-2.1,-2.251
-2.051,0.28
-2.066,0.271
-2.605,0.615
-2.631,-1.582
-2.704,-3.1
-2.663,-0.263
-2.707,-0.369
-2.765,0.41
-2.699,-1.853
-2.86,-2.288
-2.862,-1.081
-2.796,0.739
-2.815,-0.624
-2.877,0.649
-2.904,-2.778
-2.905,-1.813
-2.978,-1.343
-2.967,-1.023
-2.93,0.301
-3.031,-2.155
-3.032,0.47
3.08,-3.305
3.09,-3.26
2.905,-3.325
0.38,-3.577
0.215,-3.542
0.197,-3.376
0.177,-3.328
0.082,-3.384
-0.081,-3.536
-1.015,-3.547
-1.469,-3.457
3.039,0.568
2.073,0.802
1.362,0.514
-1.972,0.814
-2.28,0.594
-2.382,0.586
-2.819,0.835
1.559,-0.769
-0.192,-2.444
-2.845,0.371
-3.002,-3.059
-0.435,-3.308
3.081,-0.822
3.039,-0.357
3.073,-2.687
3.063,-2.413
3.019,-0.354
2.813,-0.961
2.929,-1.352
2.777,-1.998
2.907,-1.472
2.812,-3.087
2.407,-2.201
2.28,-0.864
2.249,-1.686
2.253,-1.669
2.253,0.436
2.237,0.259
2.307,-2.197
2.27,-3.039
2.12,-2.161
2.211,-0.188
2.216,-0.987
2.174,-1.659
1.966,0.301
2.007,0.049
1.892,-1.639
2.002,-3.02
1.903,0.707
1.65,-2.433
1.352,0.017
1.457,-1.712
1.454,-1.055
1.339,0.488
1.437,-0.511
1.3,0.097
1.332,0.036
1.057,-1.035
0.844,0.006
0.851,0.183
0.819,-0.308
0.481,-1.021
0.463,-1.229
0.444,-0.829
0.422,0.295
0.212,-1.709
0.162,0.643
0.199,-2.566
0.066,-2.178
0.037,-3.06
0.16,-1.205
-0.019,-2.326
0.057,0.696
-0.093,-0.967
-0.478,0.197
-0.419,-2.454
-0.597,-1.585
-0.71,0.133
-0.592,-0.18
-0.774,0.291
-0.761,0.521
-0.79,-1.211
-0.736,-1.622
-1.076,-1.05
-0.953,-2.144
-1.11,-0.743
-1.482,-1.485
-1.582,0.252
-1.661,-0.926
-1.719,-1.553
-1.985,-2.217
-1.913,0.074
-2.041,-2.447
-2.144,-1.764
-2.203,-2.141
-2.497,-1.672
-2.371,-2.282
-2.47,-1.086
-2.616,-1.939
-2.593,-1.852
-2.599,-2.952
-2.729,0.372
-2.717,-1.581
-2.772,-0.853
-2.909,-1.724
-2.972,-1.18
-2.915,-2.557
-3.052,-0.863
-2.919,-1.669
-2.912,0.271
3.071,-3.393
2.171,-3.469
2.161,-3.502
1.184,-3.538
-1.766,-3.273
-1.752,-3.365
-2.02,-3.516
-2.416,-3.415
2.801,0.722
-1.048,0.721
3.057,-2.409
1.048,-0.741
0.426,-2.954
-1.128,-0.698
-2.872,-1.821
3.139,-0.396
1.761,-2.697
1.174,-0.436
0.166,0.281
-1.136,-1.909
-1.132,-1.907
-1.182,-0.989
-1.355,-0.305
-2.272,-0.31
-2.405,0.347
-2.459,-0.303
-2.48,-0.092
-2.522,-0.17
-2.483,0.326
-2.604,-0.337
2.541,-0.784
0.357,-2.114
-0.212,-0.653
-0.664,-2.071
-2.418,-2.051
-2.663,-0.753
-0.41,-3.197
-2.21,-3.478
-1.239,0.843
1.236,-3.561
0.073,-3.57
0.093,-3.433
0.028,-1.163
0.027,0.649
-0.075,2.146
-0.02,-0.57
-0.041,-1.045
-0.094,0.478
-0.114,-0.248
-0.136,-0.337
-0.216,2.18
-0.164,2.614
-0.232,-0.96
-0.2,0.64
-0.341,0.072
-0.354,1.385
-0.375,0.104
-0.349,2.539
-0.485,0.771
-0.437,0.181
-0.427,-0.758
-0.511,-0.285
-0.502,0.453
-0.573,2.582
-0.545,0.618
-0.642,-0.449
-0.65,-0.806
-0.58,1.937
-0.67,1.106
-0.599,1.8
-0.795,-0.551
-0.779,1.456
-0.827,1.875
-0.91,1.057
-0.988,1.783
-1.047,1.818
-1.164,1.565
-1.239,1.517
-1.256,-0.289
-1.246,2.493
-1.298,-0.728
-1.318,2.001
-1.508,2.285
-1.618,0.457
-1.581,0.621
-1.648,1.603
-1.681,0.328
-1.739,1.447
-1.769,1.167
-1.871,1.014
-1.837,2.671
-1.961,-1.089
-1.933,0.791
-2.02,-0.305
-1.971,2.226
-1.986,2.217
-2.525,2.561
-2.551,0.364
-2.624,-1.154
-2.583,1.683
-2.627,1.577
-2.685,2.356
-2.619,0.093
-2.78,-0.342
-2.782,0.865
-2.716,2.685
-2.735,1.322
-2.797,2.595
-2.824,-0.832
-2.825,0.133
-2.898,0.603
-2.887,0.923
-2.85,2.247
-2.951,-0.209
-2.952,2.416
-3.123,-1.359
-3.113,-1.314
2.985,-1.379
0.46,-1.631
0.295,-1.596
0.277,-1.43
0.257,-1.382
0.162,-1.438
-0.001,-1.59
-0.935,-1.601
-1.389,-1.511
3.119,2.514
2.153,2.748
1.442,2.46
-1.892,2.76
-2.2,2.54
-2.302,2.532
-2.739,2.781
1.639,1.177
-0.112,-0.498
-2.765,2.317
-2.922,-1.113
-0.355,-1.362
-3.122,1.124
3.119,1.589
-3.13,-0.741
-3.14,-0.467
3.099,1.592
2.893,0.985
3.009,0.594
2.857,-0.052
2.987,0.474
2.892,-1.141
2.487,-0.255
2.36,1.082
2.329,0.26
2.333,0.277
2.333,2.382
2.317,2.205
2.387,-0.251
2.35,-1.093
2.2,-0.215
2.291,1.758
2.296,0.959
2.254,0.287
2.046,2.247
2.087,1.995
1.972,0.307
2.082,-1.074
1.983,2.653
1.73,-0.487
1.432,1.963
1.537,0.234
1.534,0.891
1.419,2.434
1.517,1.435
1.38,2.043
1.412,1.982
1.137,0.911
0.924,1.952
0.931,2.129
0.899,1.638
0.561,0.925
0.543,0.717
0.524,1.117
0.502,2.241
0.292,0.237
0.242,2.589
0.279,-0.62
0.146,-0.232
0.117,-1.114
0.24,0.741
0.061,-0.38
0.137,2.642
-0.013,0.979
-0.398,2.143
-0.339,-0.508
-0.517,0.361
-0.63,2.079
-0.512,1.766
-0.694,2.237
-0.681,2.467
-0.71,0.735
-0.656,0.324
-0.996,0.896
-0.873,-0.198
-1.03,1.203
-1.402,0.461
-1.502,2.198
-1.581,1.02
-1.639,0.393
-1.905,-0.271
-1.833,2.02
-1.961,-0.501
-2.064,0.182
-2.123,-0.195
-2.417,0.274
-2.291,-0.336
-2.39,0.86
-2.536,0.007
-2.513,0.094
-2.519,-1.006
-2.649,2.318
-2.637,0.365
-2.692,1.093
-2.829,0.222
-2.892,0.766
-2.835,-0.611
-2.972,1.083
-2.839,0.277
-2.832,2.217
-3.132,-1.447
2.251,-1.523
2.241,-1.556
1.264,-1.592
-1.686,-1.327
-1.672,-1.419
-1.94,-1.57
-2.336,-1.469
2.881,2.668
-0.968,2.667
3.137,-0.463
1.128,1.205
0.506,-1.008
-1.048,1.248
-2.792,0.125
-3.064,1.55
1.841,-0.751
1.254,1.51
0.246,2.227
-1.056,0.037
-1.052,0.039
-1.102,0.957
-1.275,1.641
-2.192,1.636
-2.325,2.293
-2.379,1.643
-2.4,1.854
-2.442,1.776
-2.403,2.272
-2.524,1.609
2.621,1.162
0.437,-0.168
-0.132,1.293
-0.584,-0.125
-2.338,-0.105
-2.583,1.193
-0.33,-1.251
-2.13,-1.532
-1.159,2.789
1.316,-1.615
0.153,-1.624
0.173,-1.487
-0.001,1.812
-0.103,3.309
-0.048,0.593
-0.069,0.118
-0.122,1.641
-0.142,0.915
-0.164,0.826
-0.244,3.343
-0.192,3.777
-0.26,0.203
-0.228,1.803
-0.369,1.235
-0.382,2.548
-0.403,1.267
-0.377,3.702
-0.513,1.934
-0.465,1.344
-0.455,0.405
-0.539,0.878
-0.53,1.616
-0.601,3.745
-0.573,1.781
-0.67,0.714
-0.678,0.357
-0.608,3.1
-0.698,2.269
-0.627,2.963
-0.823,0.612
-0.807,2.619
-0.855,3.038
-0.938,2.22
-1.016,2.946
-1.075,2.981
-1.192,2.728
-1.267,2.68
-1.284,0.874
-1.274,3.656
-1.326,0.435
-1.346,3.164
-1.536,3.448
-1.646,1.62
-1.609,1.784
-1.676,2.766
-1.709,1.491
-1.767,2.61
-1.797,2.33
-1.899,2.177
-1.865,3.834
-1.989,0.074
-1.961,1.954
-2.048,0.858
-1.999,3.389
-2.014,3.38
-2.553,3.724
-2.579,1.527
-2.652,0.009
-2.611,2.846
-2.655,2.74
-2.713,3.519
-2.647,1.256
-2.808,0.821
-2.81,2.028
-2.744,3.848
-2.763,2.485
-2.825,3.758
-2.852,0.331
-2.853,1.296
-2.926,1.766
-2.915,2.086
-2.878,3.41
-2.979,0.954
-2.98,3.579
3.132,-0.196
-3.141,-0.151
2.957,-0.216
0.432,-0.468
0.267,-0.433
0.249,-0.267
0.229,-0.219
0.134,-0.275
-0.029,-0.427
-0.963,-0.438
-1.417,-0.348
3.091,3.677
2.125,3.911
1.414,3.623
-1.92,3.923
-2.228,3.703
-2.33,3.695
-2.767,3.944
1.611,2.34
-0.14,0.665
-2.793,3.48
-2.95,0.05
-0.383,-0.199
3.133,2.287
3.091,2.752
3.125,0.422
3.115,0.696
3.071,2.755
2.865,2.148
2.981,1.757
2.829,1.111
2.959,1.637
2.864,0.022
2.459,0.908
2.332,2.245
2.301,1.423
2.305,1.44
2.305,3.545
2.289,3.368
2.359,0.912
2.322,0.07
2.172,0.948
2.263,2.921
2.268,2.122
2.226,1.45
2.018,3.41
2.059,3.158
1.944,1.47
2.054,0.089
1.955,3.816
1.702,0.676
1.404,3.126
1.509,1.397
1.506,2.054
1.391,3.597
1.489,2.598
1.352,3.206
1.384,3.145
1.109,2.074
0.896,3.115
0.903,3.292
0.871,2.801
0.533,2.088
0.515,1.88
0.496,2.28
0.474,3.404
0.264,1.4
0.214,3.752
0.251,0.543
0.118,0.931
0.089,0.049
0.212,1.904
0.033,0.783
0.109,3.805
-0.041,2.142
-0.426,3.306
-0.367,0.655
-0.545,1.524
-0.658,3.242
-0.54,2.929
-0.722,3.4
-0.709,3.63
-0.738,1.898
-0.684,1.487
-1.024,2.059
-0.901,0.965
-1.058,2.366
-1.43,1.624
-1.53,3.361
-1.609,2.183
-1.667,1.556
-1.933,0.892
-1.861,3.183
-1.989,0.662
-2.092,1.345
-2.151,0.968
-2.445,1.437
-2.319,0.827
-2.418,2.023
-2.564,1.17
-2.541,1.257
-2.547,0.157
-2.677,3.481
-2.665,1.528
-2.72,2.256
-2.857,1.385
-2.92,1.929
-2.863,0.552
-3.0,2.246
-2.867,1.44
-2.86,3.38
3.123,-0.284
2.223,-0.36
2.213,-0.393
1.236,-0.429
-1.714,-0.164
-1.7,-0.256
-1.968,-0.407
-2.364,-0.306
2.853,3.831
-0.996,3.83
3.109,0.7
1.1,2.368
0.478,0.155
-1.076,2.411
-2.82,1.288
-3.092,2.713
1.813,0.412
1.226,2.673
0.218,3.39
-1.084,1.2
-1.08,1.202
-1.13,2.12
-1.303,2.804
-2.22,2.799
-2.353,3.456
-2.407,2.806
-2.428,3.017
-2.47,2.939
-2.431,3.435
-2.552,2.772
2.593,2.325
0.409,0.995
-0.16,2.456
-0.612,1.038
-2.366,1.058
-2.611,2.356
-0.358,-0.088
-2.158,-0.369
-1.187,3.952
1.288,-0.452
0.125,-0.461
0.145,-0.324
-0.102,1.497
-0.047,-1.219
-0.068,-1.694
-0.121,-0.171
-0.141,-0.897
-0.163,-0.986
-0.243,1.531
-0.191,1.965
-0.259,-1.609
-0.227,-0.009
-0.368,-0.577
-0.381,0.736
-0.402,-0.545
-0.376,1.89
-0.512,0.122
-0.464,-0.468
-0.454,-1.407
-0.538,-0.934
-0.529,-0.196
-0.6,1.933
-0.572,-0.031
-0.669,-1.098
-0.677,-1.455
-0.607,1.288
-0.697,0.457
-0.626,1.151
-0.822,-1.2
-0.806,0.807
-0.854,1.226
-0.937,0.408
-1.015,1.134
-1.074,1.169
-1.191,0.916
-1.266,0.868
-1.283,-0.938
-1.273,1.844
-1.325,-1.377
-1.345,1.352
-1.535,1.636
-1.645,-0.192
-1.608,-0.028
-1.675,0.954
-1.708,-0.321
-1.766,0.798
-1.796,0.518
-1.898,0.365
-1.864,2.022
-1.988,-1.738
-1.96,0.142
-2.047,-0.954
-1.998,1.577
-2.013,1.568
-2.552,1.912
-2.578,-0.285
-2.651,-1.803
-2.61,1.034
-2.654,0.928
-2.712,1.707
-2.646,-0.556
-2.807,-0.991
-2.809,0.216
-2.743,2.036
-2.762,0.673
-2.824,1.946
-2.851,-1.481
-2.852,-0.516
-2.925,-0.046
-2.914,0.274
-2.877,1.598
-2.978,-0.858
-2.979,1.767
3.133,-2.008
-3.14,-1.963
2.958,-2.028
0.433,-2.28
0.268,-2.245
0.25,-2.079
0.23,-2.031
0.135,-2.087
-0.028,-2.239
-0.962,-2.25
-1.416,-2.16
3.092,1.865
2.126,2.099
1.415,1.811
-1.919,2.111
-2.227,1.891
-2.329,1.883
-2.766,2.132
1.612,0.528
-0.139,-1.147
-2.792,1.668
-2.949,-1.762
-0.382,-2.011
3.134,0.475
3.092,0.94
3.126,-1.39
3.116,-1.116
3.072,0.943
2.866,0.336
2.982,-0.055
2.83,-0.701
2.96,-0.175
2.865,-1.79
2.46,-0.904
2.333,0.433
2.302,-0.389
2.306,-0.372
2.306,1.733
2.29,1.556
2.36,-0.9
2.323,-1.742
2.173,-0.864
2.264,1.109
2.269,0.31
2.227,-0.362
2.019,1.598
2.06,1.346
1.945,-0.342
2.055,-1.723
1.956,2.004
1.703,-1.136
1.405,1.314
1.51,-0.415
1.507,0.242
1.392,1.785
1.49,0.786
1.353,1.394
1.385,1.333
1.11,0.262
0.897,1.303
0.904,1.48
0.872,0.989
0.534,0.276
0.516,0.068
0.497,0.468
0.475,1.592
0.265,-0.412
0.215,1.94
0.252,-1.269
0.119,-0.881
0.09,-1.763
0.213,0.092
0.034,-1.029
0.11,1.993
-0.04,0.33
-0.425,1.494
-0.366,-1.157
-0.544,-0.288
-0.657,1.43
-0.539,1.117
-0.721,1.588
-0.708,1.818
-0.737,0.086
-0.683,-0.325
-1.023,0.247
-0.9,-0.847
-1.057,0.554
-1.429,-0.188
-1.529,1.549
-1.608,0.371
-1.666,-0.256
-1.932,-0.92
-1.86,1.371
-1.988,-1.15
-2.091,-0.467
-2.15,-0.844
-2.444,-0.375
-2.318,-0.985
-2.417,0.211
-2.563,-0.642
-2.54,-0.555
-2.546,-1.655
-2.676,1.669
-2.664,-0.284
-2.719,0.444
-2.856,-0.427
-2.919,0.117
-2.862,-1.26
-2.999,0.434
-2.866,-0.372
-2.859,1.568
3.124,-2.096
2.224,-2.172
2.214,-2.205
1.237,-2.241
-1.713,-1.976
-1.699,-2.068
-1.967,-2.219
-2.363,-2.118
2.854,2.019
-0.995,2.018
3.11,-1.112
1.101,0.556
0.479,-1.657
-1.075,0.599
-2.819,-0.524
-3.091,0.901
1.814,-1.4
1.227,0.861
0.219,1.578
-1.083,-0.612
-1.079,-0.61
-1.129,0.308
-1.302,0.992
-2.219,0.987
-2.352,1.644
-2.406,0.994
-2.427,1.205
-2.469,1.127
-2.43,1.623
-2.551,0.96
2.594,0.513
0.41,-0.817
-0.159,0.644
-0.611,-0.774
-2.365,-0.754
-2.61,0.544
-0.357,-1.9
-2.157,-2.181
-1.186,2.14
1.289,-2.264
0.126,-2.273
0.146,-2.136
0.055,-2.716
0.034,-3.191
-0.019,-1.668
-0.039,-2.394
-0.061,-2.483
-0.141,0.034
-0.089,0.468
-0.157,-3.106
-0.125,-1.506
-0.266,-2.074
-0.279,-0.761
-0.3,-2.042
-0.274,0.393
-0.41,-1.375
-0.362,-1.965
-0.352,-2.904
-0.436,-2.431
-0.427,-1.693
-0.498,0.436
-0.47,-1.528
-0.567,-2.595
-0.575,-2.952
-0.505,-0.209
-0.595,-1.04
-0.524,-0.346
-0.72,-2.697
-0.704,-0.69
-0.752,-0.271
-0.835,-1.089
-0.913,-0.363
-0.972,-0.328
-1.089,-0.581
-1.164,-0.629
-1.181,-2.435
-1.171,0.347
-1.223,-2.874
-1.243,-0.145
-1.433,0.139
-1.543,-1.689
-1.506,-1.525
-1.573,-0.543
-1.606,-1.818
-1.664,-0.699
-1.694,-0.979
-1.796,-1.132
-1.762,0.525
-1.886,-3.235
-1.858,-1.355
-1.945,-2.451
-1.896,0.08
-1.911,0.071
-2.45,0.415
-2.476,-1.782
-2.549,-3.3
-2.508,-0.463
-2.552,-0.569
-2.61,0.21
-2.544,-2.053
-2.705,-2.488
-2.707,-1.281
-2.641,0.539
-2.66,-0.824
-2.722,0.449
-2.749,-2.978
-2.75,-2.013
-2.823,-1.543
-2.812,-1.223
-2.775,0.101
-2.876,-2.355
-2.877,0.27
-3.048,-3.505
-3.038,-3.46
3.06,-3.525
0.535,-3.777
0.37,-3.742
0.352,-3.576
0.332,-3.528
0.237,-3.584
0.074,-3.736
-0.86,-3.747
-1.314,-3.657
-3.089,0.368
2.228,0.602
1.517,0.314
-1.817,0.614
-2.125,0.394
-2.227,0.386
-2.664,0.635
1.714,-0.969
-0.037,-2.644
-2.69,0.171
-2.847,-3.259
-0.28,-3.508
-3.047,-1.022
-3.089,-0.557
-3.055,-2.887
-3.065,-2.613
-3.109,-0.554
2.968,-1.161
3.084,-1.552
2.932,-2.198
3.062,-1.672
2.967,-3.287
2.562,-2.401
2.435,-1.064
2.404,-1.886
2.408,-1.869
2.408,0.236
2.392,0.059
2.462,-2.397
2.425,-3.239
2.275,-2.361
2.366,-0.388
2.371,-1.187
2.329,-1.859
2.121,0.101
2.162,-0.151
2.047,-1.839
2.157,-3.22
2.058,0.507
1.805,-2.633
1.507,-0.183
1.612,-1.912
1.609,-1.255
1.494,0.288
1.592,-0.711
1.455,-0.103
1.487,-0.164
1.212,-1.235
0.999,-0.194
1.006,-0.017
0.974,-0.508
0.636,-1.221
0.618,-1.429
0.599,-1.029
0.577,0.095
0.367,-1.909
0.317,0.443
0.354,-2.766
0.221,-2.378
0.192,-3.26
0.315,-1.405
0.136,-2.526
0.212,0.496
0.062,-1.167
-0.323,-0.003
-0.264,-2.654
-0.442,-1.785
-0.555,-0.067
-0.437,-0.38
-0.619,0.091
-0.606,0.321
-0.635,-1.411
-0.581,-1.822
-0.921,-1.25
-0.798,-2.344
-0.955,-0.943
-1.327,-1.685
-1.427,0.052
-1.506,-1.126
-1.564,-1.753
-1.83,-2.417
-1.758,-0.126
-1.886,-2.647
-1.989,-1.964
-2.048,-2.341
-2.342,-1.872
-2.216,-2.482
-2.315,-1.286
-2.461,-2.139
-2.438,-2.052
-2.444,-3.152
-2.574,0.172
-2.562,-1.781
-2.617,-1.053
-2.754,-1.924
-2.817,-1.38
-2.76,-2.757
-2.897,-1.063
-2.764,-1.869
-2.757,0.071
-3.057,-3.593
2.326,-3.669
2.316,-3.702
1.339,-3.738
-1.611,-3.473
-1.597,-3.565
-1.865,-3.716
-2.261,-3.615
2.956,0.522
-0.893,0.521
-3.071,-2.609
1.203,-0.941
0.581,-3.154
-0.973,-0.898
-2.717,-2.021
-2.989,-0.596
1.916,-2.897
1.329,-0.636
0.321,0.081
-0.981,-2.109
-0.977,-2.107
-1.027,-1.189
-1.2,-0.505
-2.117,-0.51
-2.25,0.147
-2.304,-0.503
-2.325,-0.292
-2.367,-0.37
-2.328,0.126
-2.449,-0.537
2.696,-0.984
0.512,-2.314
-0.057,-0.853
-0.509,-2.271
-2.263,-2.251
-2.508,-0.953
-0.255,-3.397
-2.055,-3.678
-1.084,0.643
1.391,-3.761
0.228,-3.77
0.248,-3.633
-0.021,-0.475
-0.074,1.048
-0.094,0.322
-0.116,0.233
-0.196,2.75
-0.144,3.184
-0.212,-0.39
-0.18,1.21
-0.321,0.642
-0.334,1.955
-0.355,0.674
-0.329,3.109
-0.465,1.341
-0.417,0.751
-0.407,-0.188
-0.491,0.285
-0.482,1.023
-0.553,3.152
-0.525,1.188
-0.622,0.121
-0.63,-0.236
-0.56,2.507
-0.65,1.676
-0.579,2.37
-0.775,0.019
-0.759,2.026
-0.807,2.445
-0.89,1.627
-0.968,2.353
-1.027,2.388
-1.144,2.135
-1.219,2.087
-1.236,0.281
-1.226,3.063
-1.278,-0.158
-1.298,2.571
-1.488,2.855
-1.598,1.027
-1.561,1.191
-1.628,2.173
-1.661,0.898
-1.719,2.017
-1.749,1.737
-1.851,1.584
-1.817,3.241
-1.941,-0.519
-1.913,1.361
-2.0,0.265
-1.951,2.796
-1.966,2.787
-2.505,3.131
-2.531,0.934
-2.604,-0.584
-2.563,2.253
-2.607,2.147
-2.665,2.926
-2.599,0.663
-2.76,0.228
-2.762,1.435
-2.696,3.255
-2.715,1.892
-2.777,3.165
-2.804,-0.262
-2.805,0.703
-2.878,1.173
-2.867,1.493
-2.83,2.817
-2.931,0.361
-2.932,2.986
-3.103,-0.789
-3.093,-0.744
3.005,-0.809
0.48,-1.061
0.315,-1.026
0.297,-0.86
0.277,-0.812
0.182,-0.868
0.019,-1.02
-0.915,-1.031
-1.369,-0.941
3.139,3.084
2.173,3.318
1.462,3.03
-1.872,3.33
-2.18,3.11
-2.282,3.102
-2.719,3.351
1.659,1.747
-0.092,0.072
-2.745,2.887
-2.902,-0.543
-0.335,-0.792
-3.102,1.694
3.139,2.159
-3.11,-0.171
-3.12,0.103
3.119,2.162
2.913,1.555
3.029,1.164
2.877,0.518
3.007,1.044
2.912,-0.571
2.507,0.315
2.38,1.652
2.349,0.83
2.353,0.847
2.353,2.952
2.337,2.775
2.407,0.319
2.37,-0.523
2.22,0.355
2.311,2.328
2.316,1.529
2.274,0.857
2.066,2.817
2.107,2.565
1.992,0.877
2.102,-0.504
2.003,3.223
1.75,0.083
1.452,2.533
1.557,0.804
1.554,1.461
1.439,3.004
1.537,2.005
1.4,2.613
1.432,2.552
1.157,1.481
0.944,2.522
0.951,2.699
0.919,2.208
0.581,1.495
0.563,1.287
0.544,1.687
0.522,2.811
0.312,0.807
0.262,3.159
0.299,-0.05
0.166,0.338
0.137,-0.544
0.26,1.311
0.081,0.19
0.157,3.212
0.007,1.549
-0.378,2.713
-0.319,0.062
-0.497,0.931
-0.61,2.649
-0.492,2.336
-0.674,2.807
-0.661,3.037
-0.69,1.305
-0.636,0.894
-0.976,1.466
-0.853,0.372
-1.01,1.773
-1.382,1.031
-1.482,2.768
-1.561,1.59
-1.619,0.963
-1.885,0.299
-1.813,2.59
-1.941,0.069
-2.044,0.752
-2.103,0.375
-2.397,0.844
-2.271,0.234
-2.37,1.43
-2.516,0.577
-2.493,0.664
-2.499,-0.436
-2.629,2.888
-2.617,0.935
-2.672,1.663
-2.809,0.792
-2.872,1.336
-2.815,-0.041
-2.952,1.653
-2.819,0.847
-2.812,2.787
-3.112,-0.877
2.271,-0.953
2.261,-0.986
1.284,-1.022
-1.666,-0.757
-1.652,-0.849
-1.92,-1.0
-2.316,-0.899
2.901,3.238
-0.948,3.237
-3.126,0.107
1.148,1.775
0.526,-0.438
-1.028,1.818
-2.772,0.695
-3.044,2.12
1.861,-0.181
1.274,2.08
0.266,2.797
-1.036,0.607
-1.032,0.609
-1.082,1.527
-1.255,2.211
-2.172,2.206
-2.305,2.863
-2.359,2.213
-2.38,2.424
-2.422,2.346
-2.383,2.842
-2.504,2.179
2.641,1.732
0.457,0.402
-0.112,1.863
-0.564,0.445
-2.318,0.465
-2.563,1.763
-0.31,-0.681
-2.11,-0.962
-1.139,3.359
1.336,-1.045
0.173,-1.054
0.193,-0.917
-0.053,1.523
-0.073,0.797
-0.095,0.708
-0.175,3.225
-0.123,3.659
-0.191,0.085
-0.159,1.685
-0.3,1.117
-0.313,2.43
-0.334,1.149
-0.308,3.584
-0.444,1.816
-0.396,1.226
-0.386,0.287
-0.47,0.76
-0.461,1.498
-0.532,3.627
-0.504,1.663
-0.601,0.596
-0.609,0.239
-0.539,2.982
-0.629,2.151
-0.558,2.845
-0.754,0.494
-0.738,2.501
-0.786,2.92
-0.869,2.102
-0.947,2.828
-1.006,2.863
-1.123,2.61
-1.198,2.562
-1.215,0.756
-1.205,3.538
-1.257,0.317
-1.277,3.046
-1.467,3.33
-1.577,1.502
-1.54,1.666
-1.607,2.648
-1.64,1.373
-1.698,2.492
-1.728,2.212
-1.83,2.059
-1.796,3.716
-1.92,-0.044
-1.892,1.836
-1.979,0.74
-1.93,3.271
-1.945,3.262
-2.484,3.606
-2.51,1.409
-2.583,-0.109
-2.542,2.728
-2.586,2.622
-2.644,3.401
-2.578,1.138
-2.739,0.703
-2.741,1.91
-2.675,3.73
-2.694,2.367
-2.756,3.64
-2.783,0.213
-2.784,1.178
-2.857,1.648
-2.846,1.968
-2.809,3.292
-2.91,0.836
-2.911,3.461
-3.082,-0.314
-3.072,-0.269
3.026,-0.334
0.501,-0.586
0.336,-0.551
0.318,-0.385
0.298,-0.337
0.203,-0.393
0.04,-0.545
-0.894,-0.556
-1.348,-0.466
-3.123,3.559
2.194,3.793
1.483,3.505
-1.851,3.805
-2.159,3.585
-2.261,3.577
-2.698,3.826
1.68,2.222
-0.071,0.547
-2.724,3.362
-2.881,-0.068
-0.314,-0.317
-3.081,2.169
-3.123,2.634
-3.089,0.304
-3.099,0.578
3.14,2.637
2.934,2.03
3.05,1.639
2.898,0.993
3.028,1.519
2.933,-0.096
2.528,0.79
2.401,2.127
2.37,1.305
2.374,1.322
2.374,3.427
2.358,3.25
2.428,0.794
2.391,-0.048
2.241,0.83
2.332,2.803
2.337,2.004
2.295,1.332
2.087,3.292
2.128,3.04
2.013,1.352
2.123,-0.029
2.024,3.698
1.771,0.558
1.473,3.008
1.578,1.279
1.575,1.936
1.46,3.479
1.558,2.48
1.421,3.088
1.453,3.027
1.178,1.956
0.965,2.997
0.972,3.174
0.94,2.683
0.602,1.97
0.584,1.762
0.565,2.162
0.543,3.286
0.333,1.282
0.283,3.634
0.32,0.425
0.187,0.813
0.158,-0.069
0.281,1.786
0.102,0.665
0.178,3.687
0.028,2.024
-0.357,3.188
-0.298,0.537
-0.476,1.406
-0.589,3.124
-0.471,2.811
-0.653,3.282
-0.64,3.512
-0.669,1.78
-0.615,1.369
-0.955,1.941
-0.832,0.847
-0.989,2.248
-1.361,1.506
-1.461,3.243
-1.54,2.065
-1.598,1.438
-1.864,0.774
-1.792,3.065
-1.92,0.544
-2.023,1.227
-2.082,0.85
-2.376,1.319
-2.25,0.709
-2.349,1.905
-2.495,1.052
-2.472,1.139
-2.478,0.039
-2.608,3.363
-2.596,1.41
-2.651,2.138
-2.788,1.267
-2.851,1.811
-2.794,0.434
-2.931,2.128
-2.798,1.322
-2.791,3.262
-3.091,-0.402
2.292,-0.478
2.282,-0.511
1.305,-0.547
-1.645,-0.282
-1.631,-0.374
-1.899,-0.525
-2.295,-0.424
2.922,3.713
-0.927,3.712
-3.105,0.582
1.169,2.25
0.547,0.037
-1.007,2.293
-2.751,1.17
-3.023,2.595
1.882,0.294
1.295,2.555
0.287,3.272
-1.015,1.082
-1.011,1.084
-1.061,2.002
-1.234,2.686
-2.151,2.681
-2.284,3.338
-2.338,2.688
-2.359,2.899
-2.401,2.821
-2.362,3.317
-2.483,2.654
2.662,2.207
0.478,0.877
-0.091,2.338
-0.543,0.92
-2.297,0.94
-2.542,2.238
-0.289,-0.206
-2.089,-0.487
-1.118,3.834
1.357,-0.57
0.194,-0.579
0.214,-0.442
-0.02,-0.726
-0.042,-0.815
-0.122,1.702
-0.07,2.136
-0.138,-1.438
-0.106,0.162
-0.247,-0.406
-0.26,0.907
-0.281,-0.374
-0.255,2.061
-0.391,0.293
-0.343,-0.297
-0.333,-1.236
-0.417,-0.763
-0.408,-0.025
-0.479,2.104
-0.451,0.14
-0.548,-0.927
-0.556,-1.284
-0.486,1.459
-0.576,0.628
-0.505,1.322
-0.701,-1.029
-0.685,0.978
-0.733,1.397
-0.816,0.579
-0.894,1.305
-0.953,1.34
-1.07,1.087
-1.145,1.039
-1.162,-0.767
-1.152,2.015
-1.204,-1.206
-1.224,1.523
-1.414,1.807
-1.524,-0.021
-1.487,0.143
-1.554,1.125
-1.587,-0.15
-1.645,0.969
-1.675,0.689
-1.777,0.536
-1.743,2.193
-1.867,-1.567
-1.839,0.313
-1.926,-0.783
-1.877,1.748
-1.892,1.739
-2.431,2.083
-2.457,-0.114
-2.53,-1.632
-2.489,1.205
-2.533,1.099
-2.591,1.878
-2.525,-0.385
-2.686,-0.82
-2.688,0.387
-2.622,2.207
-2.641,0.844
-2.703,2.117
-2.73,-1.31
-2.731,-0.345
-2.804,0.125
-2.793,0.445
-2.756,1.769
-2.857,-0.687
-2.858,1.938
-3.029,-1.837
-3.019,-1.792
3.079,-1.857
0.554,-2.109
0.389,-2.074
0.371,-1.908
0.351,-1.86
0.256,-1.916
0.093,-2.068
-0.841,-2.079
-1.295,-1.989
-3.07,2.036
2.247,2.27
1.536,1.982
-1.798,2.282
-2.106,2.062
-2.208,2.054
-2.645,2.303
1.733,0.699
-0.018,-0.976
-2.671,1.839
-2.828,-1.591
-0.261,-1.84
-3.028,0.646
-3.07,1.111
-3.036,-1.219
-3.046,-0.945
-3.09,1.114
2.987,0.507
3.103,0.116
2.951,-0.53
3.081,-0.004
2.986,-1.619
2.581,-0.733
2.454,0.604
2.423,-0.218
2.427,-0.201
2.427,1.904
2.411,1.727
2.481,-0.729
2.444,-1.571
2.294,-0.693
2.385,1.28
2.39,0.481
2.348,-0.191
2.14,1.769
2.181,1.517
2.066,-0.171
2.176,-1.552
2.077,2.175
1.824,-0.965
1.526,1.485
1.631,-0.244
1.628,0.413
1.513,1.956
1.611,0.957
1.474,1.565
1.506,1.504
1.231,0.433
1.018,1.474
1.025,1.651
0.993,1.16
0.655,0.447
0.637,0.239
0.618,0.639
0.596,1.763
0.386,-0.241
0.336,2.111
0.373,-1.098
0.24,-0.71
0.211,-1.592
0.334,0.263
0.155,-0.858
0.231,2.164
0.081,0.501
-0.304,1.665
-0.245,-0.986
-0.423,-0.117
-0.536,1.601
-0.418,1.288
-0.6,1.759
-0.587,1.989
-0.616,0.257
-0.562,-0.154
-0.902,0.418
-0.779,-0.676
-0.936,0.725
-1.308,-0.017
-1.408,1.72
-1.487,0.542
-1.545,-0.085
-1.811,-0.749
-1.739,1.542
-1.867,-0.979
-1.97,-0.296
-2.029,-0.673
-2.323,-0.204
-2.197,-0.814
-2.296,0.382
-2.442,-0.471
-2.419,-0.384
-2.425,-1.484
-2.555,1.84
-2.543,-0.113
-2.598,0.615
-2.735,-0.256
-2.798,0.288
-2.741,-1.089
-2.878,0.605
-2.745,-0.201
-2.738,1.739
-3.038,-1.925
2.345,-2.001
2.335,-2.034
1.358,-2.07
-1.592,-1.805
-1.578,-1.897
-1.846,-2.048
-2.242,-1.947
2.975,2.19
-0.874,2.189
-3.052,-0.941
1.222,0.727
0.6,-1.486
-0.954,0.77
-2.698,-0.353
-2.97,1.072
1.935,-1.229
1.348,1.032
0.34,1.749
-0.962,-0.441
-0.958,-0.439
-1.008,0.479
-1.181,1.163
-2.098,1.158
-2.231,1.815
-2.285,1.165
-2.306,1.376
-2.348,1.298
-2.309,1.794
-2.43,1.131
2.715,0.684
0.531,-0.646
-0.038,0.815
-0.49,-0.603
-2.244,-0.583
-2.489,0.715
-0.236,-1.729
-2.036,-2.01
-1.065,2.311
1.41,-2.093
0.247,-2.102
0.267,-1.965
-0.022,-0.089
-0.102,2.428
-0.05,2.862
-0.118,-0.712
-0.086,0.888
-0.227,0.32
-0.24,1.633
-0.261,0.352
-0.235,2.787
-0.371,1.019
-0.323,0.429
-0.313,-0.51
-0.397,-0.037
-0.388,0.701
-0.459,2.83
-0.431,0.866
-0.528,-0.201
-0.536,-0.558
-0.466,2.185
-0.556,1.354
-0.485,2.048
-0.681,-0.303
-0.665,1.704
-0.713,2.123
-0.796,1.305
-0.874,2.031
-0.933,2.066
-1.05,1.813
-1.125,1.765
-1.142,-0.041
-1.132,2.741
-1.184,-0.48
-1.204,2.249
-1.394,2.533
-1.504,0.705
-1.467,0.869
-1.534,1.851
-1.567,0.576
-1.625,1.695
-1.655,1.415
-1.757,1.262
-1.723,2.919
-1.847,-0.841
-1.819,1.039
-1.906,-0.057
-1.857,2.474
-1.872,2.465
-2.411,2.809
-2.437,0.612
-2.51,-0.906
-2.469,1.931
-2.513,1.825
-2.571,2.604
-2.505,0.341
-2.666,-0.094
-2.668,1.113
-2.602,2.933
-2.621,1.57
-2.683,2.843
-2.71,-0.584
-2.711,0.381
-2.784,0.851
-2.773,1.171
-2.736,2.495
-2.837,0.039
-2.838,2.664
-3.009,-1.111
-2.999,-1.066
3.099,-1.131
0.574,-1.383
0.409,-1.348
0.391,-1.182
0.371,-1.134
0.276,-1.19
0.113,-1.342
-0.821,-1.353
-1.275,-1.263
-3.05,2.762
2.267,2.996
1.556,2.708
-1.778,3.008
-2.086,2.788
-2.188,2.78
-2.625,3.029
1.753,1.425
0.002,-0.25
-2.651,2.565
-2.808,-0.865
-0.241,-1.114
-3.008,1.372
-3.05,1.837
-3.016,-0.493
-3.026,-0.219
-3.07,1.84
3.007,1.233
3.123,0.842
2.971,0.196
3.101,0.722
3.006,-0.893
2.601,-0.007
2.474,1.33
2.443,0.508
2.447,0.525
2.447,2.63
2.431,2.453
2.501,-0.003
2.464,-0.845
2.314,0.033
2.405,2.006
2.41,1.207
2.368,0.535
2.16,2.495
2.201,2.243
2.086,0.555
2.196,-0.826
2.097,2.901
1.844,-0.239
1.546,2.211
1.651,0.482
1.648,1.139
1.533,2.682
1.631,1.683
1.494,2.291
1.526,2.23
1.251,1.159
1.038,2.2
1.045,2.377
1.013,1.886
0.675,1.173
0.657,0.965
0.638,1.365
0.616,2.489
0.406,0.485
0.356,2.837
0.393,-0.372
0.26,0.016
0.231,-0.866
0.354,0.989
0.175,-0.132
0.251,2.89
0.101,1.227
-0.284,2.391
-0.225,-0.26
-0.403,0.609
-0.516,2.327
-0.398,2.014
-0.58,2.485
-0.567,2.715
-0.596,0.983
-0.542,0.572
-0.882,1.144
-0.759,0.05
-0.916,1.451
-1.288,0.709
-1.388,2.446
-1.467,1.268
-1.525,0.641
-1.791,-0.023
-1.719,2.268
-1.847,-0.253
-1.95,0.43
-2.009,0.053
-2.303,0.522
-2.177,-0.088
-2.276,1.108
-2.422,0.255
-2.399,0.342
-2.405,-0.758
-2.535,2.566
-2.523,0.613
-2.578,1.341
-2.715,0.47
-2.778,1.014
-2.721,-0.363
-2.858,1.331
-2.725,0.525
-2.718,2.465
-3.018,-1.199
2.365,-1.275
2.355,-1.308
1.378,-1.344
-1.572,-1.079
-1.558,-1.171
-1.826,-1.322
-2.222,-1.221
2.995,2.916
-0.854,2.915
-3.032,-0.215
1.242,1.453
0.62,-0.76
-0.934,1.496
-2.678,0.373
-2.95,1.798
1.955,-0.503
1.368,1.758
0.36,2.475
-0.942,0.285
-0.938,0.287
-0.988,1.205
-1.161,1.889
-2.078,1.884
-2.211,2.541
-2.265,1.891
-2.286,2.102
-2.328,2.024
-2.289,2.52
-2.41,1.857
2.735,1.41
0.551,0.08
-0.018,1.541
-0.47,0.123
-2.224,0.143
-2.469,1.441
-0.216,-1.003
-2.016,-1.284
-1.045,3.037
1.43,-1.367
0.267,-1.376
0.287,-1.239
-0.08,2.517
-0.028,2.951
-0.096,-0.623
-0.064,0.977
-0.205,0.409
-0.218,1.722
-0.239,0.441
-0.213,2.876
-0.349,1.108
-0.301,0.518
-0.291,-0.421
-0.375,0.052
-0.366,0.79
-0.437,2.919
-0.409,0.955
-0.506,-0.112
-0.514,-0.469
-0.444,2.274
-0.534,1.443
-0.463,2.137
-0.659,-0.214
-0.643,1.793
-0.691,2.212
-0.774,1.394
-0.852,2.12
-0.911,2.155
-1.028,1.902
-1.103,1.854
-1.12,0.048
-1.11,2.83
-1.162,-0.391
-1.182,2.338
-1.372,2.622
-1.482,0.794
-1.445,0.958
-1.512,1.94
-1.545,0.665
-1.603,1.784
-1.633,1.504
-1.735,1.351
-1.701,3.008
-1.825,-0.752
-1.797,1.128
-1.884,0.032
-1.835,2.563
-1.85,2.554
-2.389,2.898
-2.415,0.701
-2.488,-0.817
-2.447,2.02
-2.491,1.914
-2.549,2.693
-2.483,0.43
-2.644,-0.005
-2.646,1.202
-2.58,3.022
-2.599,1.659
-2.661,2.932
-2.688,-0.495
-2.689,0.47
-2.762,0.94
-2.751,1.26
-2.714,2.584
-2.815,0.128
-2.816,2.753
-2.987,-1.022
-2.977,-0.977
3.121,-1.042
0.596,-1.294
0.431,-1.259
0.413,-1.093
0.393,-1.045
0.298,-1.101
0.135,-1.253
-0.799,-1.264
-1.253,-1.174
-3.028,2.851
2.289,3.085
1.578,2.797
-1.756,3.097
-2.064,2.877
-2.166,2.869
-2.603,3.118
1.775,1.514
0.024,-0.161
-2.629,2.654
-2.786,-0.776
-0.219,-1.025
-2.986,1.461
-3.028,1.926
-2.994,-0.404
-3.004,-0.13
-3.048,1.929
3.029,1.322
-3.138,0.931
2.993,0.285
3.123,0.811
3.028,-0.804
2.623,0.082
2.496,1.419
2.465,0.597
2.469,0.614
2.469,2.719
2.453,2.542
2.523,0.086
2.486,-0.756
2.336,0.122
2.427,2.095
2.432,1.296
2.39,0.624
2.182,2.584
2.223,2.332
2.108,0.644
2.218,-0.737
2.119,2.99
1.866,-0.15
1.568,2.3
1.673,0.571
1.67,1.228
1.555,2.771
1.653,1.772
1.516,2.38
1.548,2.319
1.273,1.248
1.06,2.289
1.067,2.466
1.035,1.975
0.697,1.262
0.679,1.054
0.66,1.454
0.638,2.578
0.428,0.574
0.378,2.926
0.415,-0.283
0.282,0.105
0.253,-0.777
0.376,1.078
0.197,-0.043
0.273,2.979
0.123,1.316
-0.262,2.48
-0.203,-0.171
-0.381,0.698
-0.494,2.416
-0.376,2.103
-0.558,2.574
-0.545,2.804
-0.574,1.072
-0.52,0.661
-0.86,1.233
-0.737,0.139
-0.894,1.54
-1.266,0.798
-1.366,2.535
-1.445,1.357
-1.503,0.73
-1.769,0.066
-1.697,2.357
-1.825,-0.164
-1.928,0.519
-1.987,0.142
-2.281,0.611
-2.155,0.001
-2.254,1.197
-2.4,0.344
-2.377,0.431
-2.383,-0.669
-2.513,2.655
-2.501,0.702
-2.556,1.43
-2.693,0.559
-2.756,1.103
-2.699,-0.274
-2.836,1.42
-2.703,0.614
-2.696,2.554
-2.996,-1.11
2.387,-1.186
2.377,-1.219
1.4,-1.255
-1.55,-0.99
-1.536,-1.082
-1.804,-1.233
-2.2,-1.132
3.017,3.005
-0.832,3.004
-3.01,-0.126
1.264,1.542
0.642,-0.671
-0.912,1.585
-2.656,0.462
-2.928,1.887
1.977,-0.414
1.39,1.847
0.382,2.564
-0.92,0.374
-0.916,0.376
-0.966,1.294
-1.139,1.978
-2.056,1.973
-2.189,2.63
-2.243,1.98
-2.264,2.191
-2.306,2.113
-2.267,2.609
-2.388,1.946
2.757,1.499
0.573,0.169
0.004,1.63
-0.448,0.212
-2.202,0.232
-2.447,1.53
-0.194,-0.914
-1.994,-1.195
-1.023,3.126
1.452,-1.278
0.289,-1.287
0.309,-1.15
0.052,0.434
-0.016,-3.14
0.016,-1.54
-0.125,-2.108
-0.138,-0.795
-0.159,-2.076
-0.133,0.359
-0.269,-1.409
-0.221,-1.999
-0.211,-2.938
-0.295,-2.465
-0.286,-1.727
-0.357,0.402
-0.329,-1.562
-0.426,-2.629
-0.434,-2.986
-0.364,-0.243
-0.454,-1.074
-0.383,-0.38
-0.579,-2.731
-0.563,-0.724
-0.611,-0.305
-0.694,-1.123
-0.772,-0.397
-0.831,-0.362
-0.948,-0.615
-1.023,-0.663
-1.04,-2.469
-1.03,0.313
-1.082,-2.908
-1.102,-0.179
-1.292,0.105
-1.402,-1.723
-1.365,-1.559
-1.432,-0.577
-1.465,-1.852
-1.523,-0.733
-1.553,-1.013
-1.655,-1.166
-1.621,0.491
-1.745,-3.269
-1.717,-1.389
-1.804,-2.485
-1.755,0.046
-1.77,0.037
-2.309,0.381
-2.335,-1.816
-2.408,-3.334
-2.367,-0.497
-2.411,-0.603
-2.469,0.176
-2.403,-2.087
-2.564,-2.522
-2.566,-1.315
-2.5,0.505
-2.519,-0.858
-2.581,0.415
-2.608,-3.012
-2.609,-2.047
-2.682,-1.577
-2.671,-1.257
-2.634,0.067
-2.735,-2.389
-2.736,0.236
-2.907,-3.539
-2.897,-3.494
-3.082,-3.559
0.676,-3.811
0.511,-3.776
0.493,-3.61
0.473,-3.562
0.378,-3.618
0.215,-3.77
-0.719,-3.781
-1.173,-3.691
-2.948,0.334
2.369,0.568
1.658,0.28
-1.676,0.58
-1.984,0.36
-2.086,0.352
-2.523,0.601
1.855,-1.003
0.104,-2.678
-2.549,0.137
-2.706,-3.293
-0.139,-3.542
-2.906,-1.056
-2.948,-0.591
-2.914,-2.921
-2.924,-2.647
-2.968,-0.588
3.109,-1.195
-3.058,-1.586
3.073,-2.232
-3.08,-1.706
3.108,-3.321
2.703,-2.435
2.576,-1.098
2.545,-1.92
2.549,-1.903
2.549,0.202
2.533,0.025
2.603,-2.431
2.566,-3.273
2.416,-2.395
2.507,-0.422
2.512,-1.221
2.47,-1.893
2.262,0.067
2.303,-0.185
2.188,-1.873
2.298,-3.254
2.199,0.473
1.946,-2.667
1.648,-0.217
1.753,-1.946
1.75,-1.289
1.635,0.254
1.733,-0.745
1.596,-0.137
1.628,-0.198
1.353,-1.269
1.14,-0.228
1.147,-0.051
1.115,-0.542
0.777,-1.255
0.759,-1.463
0.74,-1.063
0.718,0.061
0.508,-1.943
0.458,0.409
0.495,-2.8
0.362,-2.412
0.333,-3.294
0.456,-1.439
0.277,-2.56
0.353,0.462
0.203,-1.201
-0.182,-0.037
-0.123,-2.688
-0.301,-1.819
-0.414,-0.101
-0.296,-0.414
-0.478,0.057
-0.465,0.287
-0.494,-1.445
-0.44,-1.856
-0.78,-1.284
-0.657,-2.378
-0.814,-0.977
-1.186,-1.719
-1.286,0.018
-1.365,-1.16
-1.423,-1.787
-1.689,-2.451
-1.617,-0.16
-1.745,-2.681
-1.848,-1.998
-1.907,-2.375
-2.201,-1.906
-2.075,-2.516
-2.174,-1.32
-2.32,-2.173
-2.297,-2.086
-2.303,-3.186
-2.433,0.138
-2.421,-1.815
-2.476,-1.087
-2.613,-1.958
-2.676,-1.414
-2.619,-2.791
-2.756,-1.097
-2.623,-1.903
-2.616,0.037
-2.916,-3.627
2.467,-3.703
2.457,-3.736
1.48,-3.772
-1.47,-3.507
-1.456,-3.599
-1.724,-3.75
-2.12,-3.649
3.097,0.488
-0.752,0.487
-2.93,-2.643
1.344,-0.975
0.722,-3.188
-0.832,-0.932
-2.576,-2.055
-2.848,-0.63
2.057,-2.931
1.47,-0.67
0.462,0.047
-0.84,-2.143
-0.836,-2.141
-0.886,-1.223
-1.059,-0.539
-1.976,-0.544
-2.109,0.113
-2.163,-0.537
-2.184,-0.326
-2.226,-0.404
-2.187,0.092
-2.308,-0.571
2.837,-1.018
0.653,-2.348
0.084,-0.887
-0.368,-2.305
-2.122,-2.285
-2.367,-0.987
-0.114,-3.431
-1.914,-3.712
-0.943,0.609
1.532,-3.795
0.369,-3.804
0.389,-3.667
-0.068,-3.574
-0.036,-1.974
-0.177,-2.542
-0.19,-1.229
-0.211,-2.51
-0.185,-0.075
-0.321,-1.843
-0.273,-2.433
-0.263,-3.372
-0.347,-2.899
-0.338,-2.161
-0.409,-0.032
-0.381,-1.996
-0.478,-3.063
-0.486,-3.42
-0.416,-0.677
-0.506,-1.508
-0.435,-0.814
-0.631,-3.165
-0.615,-1.158
-0.663,-0.739
-0.746,-1.557
-0.824,-0.831
-0.883,-0.796
-1.0,-1.049
-1.075,-1.097
-1.092,-2.903
-1.082,-0.121
-1.134,-3.342
-1.154,-0.613
-1.344,-0.329
-1.454,-2.157
-1.417,-1.993
-1.484,-1.011
-1.517,-2.286
-1.575,-1.167
-1.605,-1.447
-1.707,-1.6
-1.673,0.057
-1.797,-3.703
-1.769,-1.823
-1.856,-2.919
-1.807,-0.388
-1.822,-0.397
-2.361,-0.053
-2.387,-2.25
-2.46,-3.768
-2.419,-0.931
-2.463,-1.037
-2.521,-0.258
-2.455,-2.521
-2.616,-2.956
-2.618,-1.749
-2.552,0.071
-2.571,-1.292
-2.633,-0.019
-2.66,-3.446
-2.661,-2.481
-2.734,-2.011
-2.723,-1.691
-2.686,-0.367
-2.787,-2.823
-2.788,-0.198
-2.959,-3.973
-2.949,-3.928
-3.134,-3.993
0.624,-4.245
0.459,-4.21
0.441,-4.044
0.421,-3.996
0.326,-4.052
0.163,-4.204
-0.771,-4.215
-1.225,-4.125
-3.0,-0.1
2.317,0.134
1.606,-0.154
-1.728,0.146
-2.036,-0.074
-2.138,-0.082
-2.575,0.167
1.803,-1.437
0.052,-3.112
-2.601,-0.297
-2.758,-3.727
-0.191,-3.976
-2.958,-1.49
-3.0,-1.025
-2.966,-3.355
-2.976,-3.081
-3.02,-1.022
3.057,-1.629
-3.11,-2.02
3.021,-2.666
-3.132,-2.14
3.056,-3.755
2.651,-2.869
2.524,-1.532
2.493,-2.354
2.497,-2.337
2.497,-0.232
2.481,-0.409
2.551,-2.865
2.514,-3.707
2.364,-2.829
2.455,-0.856
2.46,-1.655
2.418,-2.327
2.21,-0.367
2.251,-0.619
2.136,-2.307
2.246,-3.688
2.147,0.039
1.894,-3.101
1.596,-0.651
1.701,-2.38
1.698,-1.723
1.583,-0.18
1.681,-1.179
1.544,-0.571
1.576,-0.632
1.301,-1.703
1.088,-0.662
1.095,-0.485
1.063,-0.976
0.725,-1.689
0.707,-1.897
0.688,-1.497
0.666,-0.373
0.456,-2.377
0.406,-0.025
0.443,-3.234
0.31,-2.846
0.281,-3.728
0.404,-1.873
0.225,-2.994
0.301,0.028
0.151,-1.635
-0.234,-0.471
-0.175,-3.122
-0.353,-2.253
-0.466,-0.535
-0.348,-0.848
-0.53,-0.377
-0.517,-0.147
-0.546,-1.879
-0.492,-2.29
-0.832,-1.718
-0.709,-2.812
-0.866,-1.411
-1.238,-2.153
-1.338,-0.416
-1.417,-1.594
-1.475,-2.221
-1.741,-2.885
-1.669,-0.594
-1.797,-3.115
-1.9,-2.432
-1.959,-2.809
-2.253,-2.34
-2.127,-2.95
-2.226,-1.754
-2.372,-2.607
-2.349,-2.52
-2.355,-3.62
-2.485,-0.296
-2.473,-2.249
-2.528,-1.521
-2.665,-2.392
-2.728,-1.848
-2.671,-3.225
-2.808,-1.531
-2.675,-2.337
-2.668,-0.397
-2.968,-4.061
2.415,-4.137
2.405,-4.17
1.428,-4.206
-1.522,-3.941
-1.508,-4.033
-1.776,-4.184
-2.172,-4.083
3.045,0.054
-0.804,0.053
-2.982,-3.077
1.292,-1.409
0.67,-3.622
-0.884,-1.366
-2.628,-2.489
-2.9,-1.064
2.005,-3.365
1.418,-1.104
0.41,-0.387
-0.892,-2.577
-0.888,-2.575
-0.938,-1.657
-1.111,-0.973
-2.028,-0.978
-2.161,-0.321
-2.215,-0.971
-2.236,-0.76
-2.278,-0.838
-2.239,-0.342
-2.36,-1.005
2.785,-1.452
0.601,-2.782
0.032,-1.321
-0.42,-2.739
-2.174,-2.719
-2.419,-1.421
-0.166,-3.865
-1.966,-4.146
-0.995,0.175
1.48,-4.229
0.317,-4.238
0.337,-4.101
0.032,1.6
-0.109,1.032
-0.122,2.345
-0.143,1.064
-0.117,3.499
-0.253,1.731
-0.205,1.141
-0.195,0.202
-0.279,0.675
-0.27,1.413
-0.341,3.542
-0.313,1.578
-0.41,0.511
-0.418,0.154
-0.348,2.897
-0.438,2.066
-0.367,2.76
-0.563,0.409
-0.547,2.416
-0.595,2.835
-0.678,2.017
-0.756,2.743
-0.815,2.778
-0.932,2.525
-1.007,2.477
-1.024,0.671
-1.014,3.453
-1.066,0.232
-1.086,2.961
-1.276,3.245
-1.386,1.417
-1.349,1.581
-1.416,2.563
-1.449,1.288
-1.507,2.407
-1.537,2.127
-1.639,1.974
-1.605,3.631
-1.729,-0.129
-1.701,1.751
-1.788,0.655
-1.739,3.186
-1.754,3.177
-2.293,3.521
-2.319,1.324
-2.392,-0.194
-2.351,2.643
-2.395,2.537
-2.453,3.316
-2.387,1.053
-2.548,0.618
-2.55,1.825
-2.484,3.645
-2.503,2.282
-2.565,3.555
-2.592,0.128
-2.593,1.093
-2.666,1.563
-2.655,1.883
-2.618,3.207
-2.719,0.751
-2.72,3.376
-2.891,-0.399
-2.881,-0.354
-3.066,-0.419
0.692,-0.671
0.527,-0.636
0.509,-0.47
0.489,-0.422
0.394,-0.478
0.231,-0.63
-0.703,-0.641
-1.157,-0.551
-2.932,3.474
2.385,3.708
1.674,3.42
-1.66,3.72
-1.968,3.5
-2.07,3.492
-2.507,3.741
1.871,2.137
0.12,0.462
-2.533,3.277
-2.69,-0.153
-0.123,-0.402
-2.89,2.084
-2.932,2.549
-2.898,0.219
-2.908,0.493
-2.952,2.552
3.125,1.945
-3.042,1.554
3.089,0.908
-3.064,1.434
3.124,-0.181
2.719,0.705
2.592,2.042
2.561,1.22
2.565,1.237
2.565,3.342
2.549,3.165
2.619,0.709
2.582,-0.133
2.432,0.745
2.523,2.718
2.528,1.919
2.486,1.247
2.278,3.207
2.319,2.955
2.204,1.267
2.314,-0.114
2.215,3.613
1.962,0.473
1.664,2.923
1.769,1.194
1.766,1.851
1.651,3.394
1.749,2.395
1.612,3.003
1.644,2.942
1.369,1.871
1.156,2.912
1.163,3.089
1.131,2.598
0.793,1.885
0.775,1.677
0.756,2.077
0.734,3.201
0.524,1.197
0.474,3.549
0.511,0.34
0.378,0.728
0.349,-0.154
0.472,1.701
0.293,0.58
0.369,3.602
0.219,1.939
-0.166,3.103
-0.107,0.452
-0.285,1.321
-0.398,3.039
-0.28,2.726
-0.462,3.197
-0.449,3.427
-0.478,1.695
-0.424,1.284
-0.764,1.856
-0.641,0.762
-0.798,2.163
-1.17,1.421
-1.27,3.158
-1.349,1.98
-1.407,1.353
-1.673,0.689
-1.601,2.98
-1.729,0.459
-1.832,1.142
-1.891,0.765
-2.185,1.234
-2.059,0.624
-2.158,1.82
-2.304,0.967
-2.281,1.054
-2.287,-0.046
-2.417,3.278
-2.405,1.325
-2.46,2.053
-2.597,1.182
-2.66,1.726
-2.603,0.349
-2.74,2.043
-2.607,1.237
-2.6,3.177
-2.9,-0.487
2.483,-0.563
2.473,-0.596
1.496,-0.632
-1.454,-0.367
-1.44,-0.459
-1.708,-0.61
-2.104,-0.509
3.113,3.628
-0.736,3.627
-2.914,0.497
1.36,2.165
0.738,-0.048
-0.816,2.208
-2.56,1.085
-2.832,2.51
2.073,0.209
1.486,2.47
0.478,3.187
-0.824,0.997
-0.82,0.999
-0.87,1.917
-1.043,2.601
-1.96,2.596
-2.093,3.253
-2.147,2.603
-2.168,2.814
-2.21,2.736
-2.171,3.232
-2.292,2.569
2.853,2.122
0.669,0.792
0.1,2.253
-0.352,0.835
-2.106,0.855
-2.351,2.153
-0.098,-0.291
-1.898,-0.572
-0.927,3.749
1.548,-0.655
0.385,-0.664
0.405,-0.527
-0.141,-0.568
-0.154,0.745
-0.175,-0.536
-0.149,1.899
-0.285,0.131
-0.237,-0.459
-0.227,-1.398
-0.311,-0.925
-0.302,-0.187
-0.373,1.942
-0.345,-0.022
-0.442,-1.089
-0.45,-1.446
-0.38,1.297
-0.47,0.466
-0.399,1.16
-0.595,-1.191
-0.579,0.816
-0.627,1.235
-0.71,0.417
-0.788,1.143
-0.847,1.178
-0.964,0.925
-1.039,0.877
-1.056,-0.929
-1.046,1.853
-1.098,-1.368
-1.118,1.361
-1.308,1.645
-1.418,-0.183
-1.381,-0.019
-1.448,0.963
-1.481,-0.312
-1.539,0.807
-1.569,0.527
-1.671,0.374
-1.637,2.031
-1.761,-1.729
-1.733,0.151
-1.82,-0.945
-1.771,1.586
-1.786,1.577
-2.325,1.921
-2.351,-0.276
-2.424,-1.794
-2.383,1.043
-2.427,0.937
-2.485,1.716
-2.419,-0.547
-2.58,-0.982
-2.582,0.225
-2.516,2.045
-2.535,0.682
-2.597,1.955
-2.624,-1.472
-2.625,-0.507
-2.698,-0.037
-2.687,0.283
-2.65,1.607
-2.751,-0.849
-2.752,1.776
-2.923,-1.999
-2.913,-1.954
-3.098,-2.019
0.66,-2.271
0.495,-2.236
0.477,-2.07
0.457,-2.022
0.362,-2.078
0.199,-2.23
-0.735,-2.241
-1.189,-2.151
-2.964,1.874
2.353,2.108
1.642,1.82
-1.692,2.12
-2.0,1.9
-2.102,1.892
-2.539,2.141
1.839,0.537
0.088,-1.138
-2.565,1.677
-2.722,-1.753
-0.155,-2.002
-2.922,0.484
-2.964,0.949
-2.93,-1.381
-2.94,-1.107
-2.984,0.952
3.093,0.345
-3.074,-0.046
3.057,-0.692
-3.096,-0.166
3.092,-1.781
2.687,-0.895
2.56,0.442
2.529,-0.38
2.533,-0.363
2.533,1.742
2.517,1.565
2.587,-0.891
2.55,-1.733
2.4,-0.855
2.491,1.118
2.496,0.319
2.454,-0.353
2.246,1.607
2.287,1.355
2.172,-0.333
2.282,-1.714
2.183,2.013
1.93,-1.127
1.632,1.323
1.737,-0.406
1.734,0.251
1.619,1.794
1.717,0.795
1.58,1.403
1.612,1.342
1.337,0.271
1.124,1.312
1.131,1.489
1.099,0.998
0.761,0.285
0.743,0.077
0.724,0.477
0.702,1.601
0.492,-0.403
0.442,1.949
0.479,-1.26
0.346,-0.872
0.317,-1.754
0.44,0.101
0.261,-1.02
0.337,2.002
0.187,0.339
-0.198,1.503
-0.139,-1.148
-0.317,-0.279
-0.43,1.439
-0.312,1.126
-0.494,1.597
-0.481,1.827
-0.51,0.095
-0.456,-0.316
-0.796,0.256
-0.673,-0.838
-0.83,0.563
-1.202,-0.179
-1.302,1.558
-1.381,0.38
-1.439,-0.247
-1.705,-0.911
-1.633,1.38
-1.761,-1.141
-1.864,-0.458
-1.923,-0.835
-2.217,-0.366
-2.091,-0.976
-2.19,0.22
-2.336,-0.633
-2.313,-0.546
-2.319,-1.646
-2.449,1.678
-2.437,-0.275
-2.492,0.453
-2.629,-0.418
-2.692,0.126
-2.635,-1.251
-2.772,0.443
-2.639,-0.363
-2.632,1.577
-2.932,-2.087
2.451,-2.163
2.441,-2.196
1.464,-2.232
-1.486,-1.967
-1.472,-2.059
-1.74,-2.21
-2.136,-2.109
3.081,2.028
-0.768,2.027
-2.946,-1.103
1.328,0.565
0.706,-1.648
-0.848,0.608
-2.592,-0.515
-2.864,0.91
2.041,-1.391
1.454,0.87
0.446,1.587
-0.856,-0.603
-0.852,-0.601
-0.902,0.317
-1.075,1.001
-1.992,0.996
-2.125,1.653
-2.179,1.003
-2.2,1.214
-2.242,1.136
-2.203,1.632
-2.324,0.969
2.821,0.522
0.637,-0.808
0.068,0.653
-0.384,-0.765
-2.138,-0.745
-2.383,0.553
-0.13,-1.891
-1.93,-2.172
-0.959,2.149
1.516,-2.255
0.353,-2.264
0.373,-2.127
-0.013,1.313
-0.034,0.032
-0.008,2.467
-0.144,0.699
-0.096,0.109
-0.086,-0.83
-0.17,-0.357
-0.161,0.381
-0.232,2.51
-0.204,0.546
-0.301,-0.521
-0.309,-0.878
-0.239,1.865
-0.329,1.034
-0.258,1.728
-0.454,-0.623
-0.438,1.384
-0.486,1.803
-0.569,0.985
-0.647,1.711
-0.706,1.746
-0.823,1.493
-0.898,1.445
-0.915,-0.361
-0.905,2.421
-0.957,-0.8
-0.977,1.929
-1.167,2.213
-1.277,0.385
-1.24,0.549
-1.307,1.531
-1.34,0.256
-1.398,1.375
-1.428,1.095
-1.53,0.942
-1.496,2.599
-1.62,-1.161
-1.592,0.719
-1.679,-0.377
-1.63,2.154
-1.645,2.145
-2.184,2.489
-2.21,0.292
-2.283,-1.226
-2.242,1.611
-2.286,1.505
-2.344,2.284
-2.278,0.021
-2.439,-0.414
-2.441,0.793
-2.375,2.613
-2.394,1.25
-2.456,2.523
-2.483,-0.904
-2.484,0.061
-2.557,0.531
-2.546,0.851
-2.509,2.175
-2.61,-0.281
-2.611,2.344
-2.782,-1.431
-2.772,-1.386
-2.957,-1.451
0.801,-1.703
0.636,-1.668
0.618,-1.502
0.598,-1.454
0.503,-1.51
0.34,-1.662
-0.594,-1.673
-1.048,-1.583
-2.823,2.442
2.494,2.676
1.783,2.388
-1.551,2.688
-1.859,2.468
-1.961,2.46
-2.398,2.709
1.98,1.105
0.229,-0.57
-2.424,2.245
-2.581,-1.185
-0.014,-1.434
-2.781,1.052
-2.823,1.517
-2.789,-0.813
-2.799,-0.539
-2.843,1.52
-3.049,0.913
-2.933,0.522
-3.085,-0.124
-2.955,0.402
-3.05,-1.213
2.828,-0.327
2.701,1.01
2.67,0.188
2.674,0.205
2.674,2.31
2.658,2.133
2.728,-0.323
2.691,-1.165
2.541,-0.287
2.632,1.686
2.637,0.887
2.595,0.215
2.387,2.175
2.428,1.923
2.313,0.235
2.423,-1.146
2.324,2.581
2.071,-0.559
1.773,1.891
1.878,0.162
1.875,0.819
1.76,2.362
1.858,1.363
1.721,1.971
1.753,1.91
1.478,0.839
1.265,1.88
1.272,2.057
1.24,1.566
0.902,0.853
0.884,0.645
0.865,1.045
0.843,2.169
0.633,0.165
0.583,2.517
0.62,-0.692
0.487,-0.304
0.458,-1.186
0.581,0.669
0.402,-0.452
0.478,2.57
0.328,0.907
-0.057,2.071
0.002,-0.58
-0.176,0.289
-0.289,2.007
-0.171,1.694
-0.353,2.165
-0.34,2.395
-0.369,0.663
-0.315,0.252
-0.655,0.824
-0.532,-0.27
-0.689,1.131
-1.061,0.389
-1.161,2.126
-1.24,0.948
-1.298,0.321
-1.564,-0.343
-1.492,1.948
-1.62,-0.573
-1.723,0.11
-1.782,-0.267
-2.076,0.202
-1.95,-0.408
-2.049,0.788
-2.195,-0.065
-2.172,0.022
-2.178,-1.078
-2.308,2.246
-2.296,0.293
-2.351,1.021
-2.488,0.15
-2.551,0.694
-2.494,-0.683
-2.631,1.011
-2.498,0.205
-2.491,2.145
-2.791,-1.519
2.592,-1.595
2.582,-1.628
1.605,-1.664
-1.345,-1.399
-1.331,-1.491
-1.599,-1.642
-1.995,-1.541
-3.061,2.596
-0.627,2.595
-2.805,-0.535
1.469,1.133
0.847,-1.08
-0.707,1.176
-2.451,0.053
-2.723,1.478
2.182,-0.823
1.595,1.438
0.587,2.155
-0.715,-0.035
-0.711,-0.033
-0.761,0.885
-0.934,1.569
-1.851,1.564
-1.984,2.221
-2.038,1.571
-2.059,1.782
-2.101,1.704
-2.062,2.2
-2.183,1.537
2.962,1.09
0.778,-0.24
0.209,1.221
-0.243,-0.197
-1.997,-0.177
-2.242,1.121
0.011,-1.323
-1.789,-1.604
-0.818,2.717
1.657,-1.687
0.494,-1.696
0.514,-1.559
-0.021,-1.281
0.005,1.154
-0.131,-0.614
-0.083,-1.204
-0.073,-2.143
-0.157,-1.67
-0.148,-0.932
-0.219,1.197
-0.191,-0.767
-0.288,-1.834
-0.296,-2.191
-0.226,0.552
-0.316,-0.279
-0.245,0.415
-0.441,-1.936
-0.425,0.071
-0.473,0.49
-0.556,-0.328
-0.634,0.398
-0.693,0.433
-0.81,0.18
-0.885,0.132
-0.902,-1.674
-0.892,1.108
-0.944,-2.113
-0.964,0.616
-1.154,0.9
-1.264,-0.928
-1.227,-0.764
-1.294,0.218
-1.327,-1.057
-1.385,0.062
-1.415,-0.218
-1.517,-0.371
-1.483,1.286
-1.607,-2.474
-1.579,-0.594
-1.666,-1.69
-1.617,0.841
-1.632,0.832
-2.171,1.176
-2.197,-1.021
-2.27,-2.539
-2.229,0.298
-2.273,0.192
-2.331,0.971
-2.265,-1.292
-2.426,-1.727
-2.428,-0.52
-2.362,1.3
-2.381,-0.063
-2.443,1.21
-2.47,-2.217
-2.471,-1.252
-2.544,-0.782
-2.533,-0.462
-2.496,0.862
-2.597,-1.594
-2.598,1.031
-2.769,-2.744
-2.759,-2.699
-2.944,-2.764
0.814,-3.016
0.649,-2.981
0.631,-2.815
0.611,-2.767
0.516,-2.823
0.353,-2.975
-0.581,-2.986
-1.035,-2.896
-2.81,1.129
2.507,1.363
1.796,1.075
-1.538,1.375
-1.846,1.155
-1.948,1.147
-2.385,1.396
1.993,-0.208
0.242,-1.883
-2.411,0.932
-2.568,-2.498
-0.001,-2.747
-2.768,-0.261
-2.81,0.204
-2.776,-2.126
-2.786,-1.852
-2.83,0.207
-3.036,-0.4
-2.92,-0.791
-3.072,-1.437
-2.942,-0.911
-3.037,-2.526
2.841,-1.64
2.714,-0.303
2.683,-1.125
2.687,-1.108
2.687,0.997
2.671,0.82
2.741,-1.636
2.704,-2.478
2.554,-1.6
2.645,0.373
2.65,-0.426
2.608,-1.098
2.4,0.862
2.441,0.61
2.326,-1.078
2.436,-2.459
2.337,1.268
2.084,-1.872
1.786,0.578
1.891,-1.151
1.888,-0.494
1.773,1.049
1.871,0.05
1.734,0.658
1.766,0.597
1.491,-0.474
1.278,0.567
1.285,0.744
1.253,0.253
0.915,-0.46
0.897,-0.668
0.878,-0.268
0.856,0.856
0.646,-1.148
0.596,1.204
0.633,-2.005
0.5,-1.617
0.471,-2.499
0.594,-0.644
0.415,-1.765
0.491,1.257
0.341,-0.406
-0.044,0.758
0.015,-1.893
-0.163,-1.024
-0.276,0.694
-0.158,0.381
-0.34,0.852
-0.327,1.082
-0.356,-0.65
-0.302,-1.061
-0.642,-0.489
-0.519,-1.583
-0.676,-0.182
-1.048,-0.924
-1.148,0.813
-1.227,-0.365
-1.285,-0.992
-1.551,-1.656
-1.479,0.635
-1.607,-1.886
-1.71,-1.203
-1.769,-1.58
-2.063,-1.111
-1.937,-1.721
-2.036,-0.525
-2.182,-1.378
-2.159,-1.291
-2.165,-2.391
-2.295,0.933
-2.283,-1.02
-2.338,-0.292
-2.475,-1.163
-2.538,-0.619
-2.481,-1.996
-2.618,-0.302
-2.485,-1.108
-2.478,0.832
-2.778,-2.832
2.605,-2.908
2.595,-2.941
1.618,-2.977
-1.332,-2.712
-1.318,-2.804
-1.586,-2.955
-1.982,-2.854
-3.048,1.283
-0.614,1.282
-2.792,-1.848
1.482,-0.18
0.86,-2.393
-0.694,-0.137
-2.438,-1.26
-2.71,0.165
2.195,-2.136
1.608,0.125
0.6,0.842
-0.702,-1.348
-0.698,-1.346
-0.748,-0.428
-0.921,0.256
-1.838,0.251
-1.971,0.908
-2.025,0.258
-2.046,0.469
-2.088,0.391
-2.049,0.887
-2.17,0.224
2.975,-0.223
0.791,-1.553
0.222,-0.092
-0.23,-1.51
-1.984,-1.49
-2.229,-0.192
0.024,-2.636
-1.776,-2.917
-0.805,1.404
1.67,-3.0
0.507,-3.009
0.527,-2.872
0.026,2.435
-0.11,0.667
-0.062,0.077
-0.052,-0.862
-0.136,-0.389
-0.127,0.349
-0.198,2.478
-0.17,0.514
-0.267,-0.553
-0.275,-0.91
-0.205,1.833
-0.295,1.002
-0.224,1.696
-0.42,-0.655
-0.404,1.352
-0.452,1.771
-0.535,0.953
-0.613,1.679
-0.672,1.714
-0.789,1.461
-0.864,1.413
-0.881,-0.393
-0.871,2.389
-0.923,-0.832
-0.943,1.897
-1.133,2.181
-1.243,0.353
-1.206,0.517
-1.273,1.499
-1.306,0.224
-1.364,1.343
-1.394,1.063
-1.496,0.91
-1.462,2.567
-1.586,-1.193
-1.558,0.687
-1.645,-0.409
-1.596,2.122
-1.611,2.113
-2.15,2.457
-2.176,0.26
-2.249,-1.258
-2.208,1.579
-2.252,1.473
-2.31,2.252
-2.244,-0.011
-2.405,-0.446
-2.407,0.761
-2.341,2.581
-2.36,1.218
-2.422,2.491
-2.449,-0.936
-2.45,0.029
-2.523,0.499
-2.512,0.819
-2.475,2.143
-2.576,-0.313
-2.577,2.312
-2.748,-1.463
-2.738,-1.418
-2.923,-1.483
0.835,-1.735
0.67,-1.7
0.652,-1.534
0.632,-1.486
0.537,-1.542
0.374,-1.694
-0.56,-1.705
-1.014,-1.615
-2.789,2.41
2.528,2.644
1.817,2.356
-1.517,2.656
-1.825,2.436
-1.927,2.428
-2.364,2.677
2.014,1.073
0.263,-0.602
-2.39,2.213
-2.547,-1.217
0.02,-1.466
-2.747,1.02
-2.789,1.485
-2.755,-0.845
-2.765,-0.571
-2.809,1.488
-3.015,0.881
-2.899,0.49
-3.051,-0.156
-2.921,0.37
-3.016,-1.245
2.862,-0.359
2.735,0.978
2.704,0.156
2.708,0.173
2.708,2.278
2.692,2.101
2.762,-0.355
2.725,-1.197
2.575,-0.319
2.666,1.654
2.671,0.855
2.629,0.183
2.421,2.143
2.462,1.891
2.347,0.203
2.457,-1.178
2.358,2.549
2.105,-0.591
1.807,1.859
1.912,0.13
1.909,0.787
1.794,2.33
1.892,1.331
1.755,1.939
1.787,1.878
1.512,0.807
1.299,1.848
1.306,2.025
1.274,1.534
0.936,0.821
0.918,0.613
0.899,1.013
0.877,2.137
0.667,0.133
0.617,2.485
0.654,-0.724
0.521,-0.336
0.492,-1.218
0.615,0.637
0.436,-0.484
0.512,2.538
0.362,0.875
-0.023,2.039
0.036,-0.612
-0.142,0.257
-0.255,1.975
-0.137,1.662
-0.319,2.133
-0.306,2.363
-0.335,0.631
-0.281,0.22
-0.621,0.792
-0.498,-0.302
-0.655,1.099
-1.027,0.357
-1.127,2.094
-1.206,0.916
-1.264,0.289
-1.53,-0.375
-1.458,1.916
-1.586,-0.605
-1.689,0.078
-1.748,-0.299
-2.042,0.17
-1.916,-0.44
-2.015,0.756
-2.161,-0.097
-2.138,-0.01
-2.144,-1.11
-2.274,2.214
-2.262,0.261
-2.317,0.989
-2.454,0.118
-2.517,0.662
-2.46,-0.715
-2.597,0.979
-2.464,0.173
-2.457,2.113
-2.757,-1.551
2.626,-1.627
2.616,-1.66
1.639,-1.696
-1.311,-1.431
-1.297,-1.523
-1.565,-1.674
-1.961,-1.573
-3.027,2.564
-0.593,2.563
-2.771,-0.567
1.503,1.101
0.881,-1.112
-0.673,1.144
-2.417,0.021
-2.689,1.446
2.216,-0.855
1.629,1.406
0.621,2.123
-0.681,-0.067
-0.677,-0.065
-0.727,0.853
-0.9,1.537
-1.817,1.532
-1.95,2.189
-2.004,1.539
-2.025,1.75
-2.067,1.672
-2.028,2.168
-2.149,1.505
2.996,1.058
0.812,-0.272
0.243,1.189
-0.209,-0.229
-1.963,-0.209
-2.208,1.089
0.045,-1.355
-1.755,-1.636
-0.784,2.685
1.691,-1.719
0.528,-1.728
0.548,-1.591
-0.136,-1.768
-0.088,-2.358
-0.078,-3.297
-0.162,-2.824
-0.153,-2.086
-0.224,0.043
-0.196,-1.921
-0.293,-2.988
-0.301,-3.345
-0.231,-0.602
-0.321,-1.433
-0.25,-0.739
-0.446,-3.09
-0.43,-1.083
-0.478,-0.664
-0.561,-1.482
-0.639,-0.756
-0.698,-0.721
-0.815,-0.974
-0.89,-1.022
-0.907,-2.828
-0.897,-0.046
-0.949,-3.267
-0.969,-0.538
-1.159,-0.254
-1.269,-2.082
-1.232,-1.918
-1.299,-0.936
-1.332,-2.211
-1.39,-1.092
-1.42,-1.372
-1.522,-1.525
-1.488,0.132
-1.612,-3.628
-1.584,-1.748
-1.671,-2.844
-1.622,-0.313
-1.637,-0.322
-2.176,0.022
-2.202,-2.175
-2.275,-3.693
-2.234,-0.856
-2.278,-0.962
-2.336,-0.183
-2.27,-2.446
-2.431,-2.881
-2.433,-1.674
-2.367,0.146
-2.386,-1.217
-2.448,0.056
-2.475,-3.371
-2.476,-2.406
-2.549,-1.936
-2.538,-1.616
-2.501,-0.292
-2.602,-2.748
-2.603,-0.123
-2.774,-3.898
-2.764,-3.853
-2.949,-3.918
0.809,-4.17
0.644,-4.135
0.626,-3.969
0.606,-3.921
0.511,-3.977
0.348,-4.129
-0.586,-4.14
-1.04,-4.05
-2.815,-0.025
2.502,0.209
1.791,-0.079
-1.543,0.221
-1.851,0.001
-1.953,-0.007
-2.39,0.242
1.988,-1.362
0.237,-3.037
-2.416,-0.222
-2.573,-3.652
-0.006,-3.901
-2.773,-1.415
-2.815,-0.95
-2.781,-3.28
-2.791,-3.006
-2.835,-0.947
-3.041,-1.554
-2.925,-1.945
-3.077,-2.591
-2.947,-2.065
-3.042,-3.68
2.836,-2.794
2.709,-1.457
2.678,-2.279
2.682,-2.262
2.682,-0.157
2.666,-0.334
2.736,-2.79
2.699,-3.632
2.549,-2.754
2.64,-0.781
2.645,-1.58
2.603,-2.252
2.395,-0.292
2.436,-0.544
2.321,-2.232
2.431,-3.613
2.332,0.114
2.079,-3.026
1.781,-0.576
1.886,-2.305
1.883,-1.648
1.768,-0.105
1.866,-1.104
1.729,-0.496
1.761,-0.557
1.486,-1.628
1.273,-0.587
1.28,-0.41
1.248,-0.901
0.91,-1.614
0.892,-1.822
0.873,-1.422
0.851,-0.298
0.641,-2.302
0.591,0.05
0.628,-3.159
0.495,-2.771
0.466,-3.653
0.589,-1.798
0.41,-2.919
0.486,0.103
0.336,-1.56
-0.049,-0.396
0.01,-3.047
-0.168,-2.178
-0.281,-0.46
-0.163,-0.773
-0.345,-0.302
-0.332,-0.072
-0.361,-1.804
-0.307,-2.215
-0.647,-1.643
-0.524,-2.737
-0.681,-1.336
-1.053,-2.078
-1.153,-0.341
-1.232,-1.519
-1.29,-2.146
-1.556,-2.81
-1.484,-0.519
-1.612,-3.04
-1.715,-2.357
-1.774,-2.734
-2.068,-2.265
-1.942,-2.875
-2.041,-1.679
-2.187,-2.532
-2.164,-2.445
-2.17,-3.545
-2.3,-0.221
-2.288,-2.174
-2.343,-1.446
-2.48,-2.317
-2.543,-1.773
-2.486,-3.15
-2.623,-1.456
-2.49,-2.262
-2.483,-0.322
-2.783,-3.986
2.6,-4.062
2.59,-4.095
1.613,-4.131
-1.337,-3.866
-1.323,-3.958
-1.591,-4.109
-1.987,-4.008
-3.053,0.129
-0.619,0.128
-2.797,-3.002
1.477,-1.334
0.855,-3.547
-0.699,-1.291
-2.443,-2.414
-2.715,-0.989
2.19,-3.29
1.603,-1.029
0.595,-0.312
-0.707,-2.502
-0.703,-2.5
-0.753,-1.582
-0.926,-0.898
-1.843,-0.903
-1.976,-0.246
-2.03,-0.896
-2.051,-0.685
-2.093,-0.763
-2.054,-0.267
-2.175,-0.93
2.97,-1.377
0.786,-2.707
0.217,-1.246
-0.235,-2.664
-1.989,-2.644
-2.234,-1.346
0.019,-3.79
-1.781,-4.071
-0.81,0.25
1.665,-4.154
0.502,-4.163
0.522,-4.026
0.048,-0.59
0.058,-1.529
-0.026,-1.056
-0.017,-0.318
-0.088,1.811
-0.06,-0.153
-0.157,-1.22
-0.165,-1.577
-0.095,1.166
-0.185,0.335
-0.114,1.029
-0.31,-1.322
-0.294,0.685
-0.342,1.104
-0.425,0.286
-0.503,1.012
-0.562,1.047
-0.679,0.794
-0.754,0.746
-0.771,-1.06
-0.761,1.722
-0.813,-1.499
-0.833,1.23
-1.023,1.514
-1.133,-0.314
-1.096,-0.15
-1.163,0.832
-1.196,-0.443
-1.254,0.676
-1.284,0.396
-1.386,0.243
-1.352,1.9
-1.476,-1.86
-1.448,0.02
-1.535,-1.076
-1.486,1.455
-1.501,1.446
-2.04,1.79
-2.066,-0.407
-2.139,-1.925
-2.098,0.912
-2.142,0.806
-2.2,1.585
-2.134,-0.678
-2.295,-1.113
-2.297,0.094
-2.231,1.914
-2.25,0.551
-2.312,1.824
-2.339,-1.603
-2.34,-0.638
-2.413,-0.168
-2.402,0.152
-2.365,1.476
-2.466,-0.98
-2.467,1.645
-2.638,-2.13
-2.628,-2.085
-2.813,-2.15
0.945,-2.402
0.78,-2.367
0.762,-2.201
0.742,-2.153
0.647,-2.209
0.484,-2.361
-0.45,-2.372
-0.904,-2.282
-2.679,1.743
2.638,1.977
1.927,1.689
-1.407,1.989
-1.715,1.769
-1.817,1.761
-2.254,2.01
2.124,0.406
0.373,-1.269
-2.28,1.546
-2.437,-1.884
0.13,-2.133
-2.637,0.353
-2.679,0.818
-2.645,-1.512
-2.655,-1.238
-2.699,0.821
-2.905,0.214
-2.789,-0.177
-2.941,-0.823
-2.811,-0.297
-2.906,-1.912
2.972,-1.026
2.845,0.311
2.814,-0.511
2.818,-0.494
2.818,1.611
2.802,1.434
2.872,-1.022
2.835,-1.864
2.685,-0.986
2.776,0.987
2.781,0.188
2.739,-0.484
2.531,1.476
2.572,1.224
2.457,-0.464
2.567,-1.845
2.468,1.882
2.215,-1.258
1.917,1.192
2.022,-0.537
2.019,0.12
1.904,1.663
2.002,0.664
1.865,1.272
1.897,1.211
1.622,0.14
1.409,1.181
1.416,1.358
1.384,0.867
1.046,0.154
1.028,-0.054
1.009,0.346
0.987,1.47
0.777,-0.534
0.727,1.818
0.764,-1.391
0.631,-1.003
0.602,-1.885
0.725,-0.03
0.546,-1.151
0.622,1.871
0.472,0.208
0.087,1.372
0.146,-1.279
-0.032,-0.41
-0.145,1.308
-0.027,0.995
-0.209,1.466
-0.196,1.696
-0.225,-0.036
-0.171,-0.447
-0.511,0.125
-0.388,-0.969
-0.545,0.432
-0.917,-0.31
-1.017,1.427
-1.096,0.249
-1.154,-0.378
-1.42,-1.042
-1.348,1.249
-1.476,-1.272
-1.579,-0.589
-1.638,-0.966
-1.932,-0.497
-1.806,-1.107
-1.905,0.089
-2.051,-0.764
-2.028,-0.677
-2.034,-1.777
-2.164,1.547
-2.152,-0.406
-2.207,0.322
-2.344,-0.549
-2.407,-0.005
-2.35,-1.382
-2.487,0.312
-2.354,-0.494
-2.347,1.446
-2.647,-2.218
2.736,-2.294
2.726,-2.327
1.749,-2.363
-1.201,-2.098
-1.187,-2.19
-1.455,-2.341
-1.851,-2.24
-2.917,1.897
-0.483,1.896
-2.661,-1.234
1.613,0.434
0.991,-1.779
-0.563,0.477
-2.307,-0.646
-2.579,0.779
2.326,-1.522
1.739,0.739
0.731,1.456
-0.571,-0.734
-0.567,-0.732
-0.617,0.186
-0.79,0.87
-1.707,0.865
-1.84,1.522
-1.894,0.872
-1.915,1.083
-1.957,1.005
-1.918,1.501
-2.039,0.838
3.106,0.391
0.922,-0.939
0.353,0.522
-0.099,-0.896
-1.853,-0.876
-2.098,0.422
0.155,-2.022
-1.645,-2.303
-0.674,2.018
1.801,-2.386
0.638,-2.395
0.658,-2.258
0.01,-0.939
-0.074,-0.466
-0.065,0.272
-0.136,2.401
-0.108,0.437
-0.205,-0.63
-0.213,-0.987
-0.143,1.756
-0.233,0.925
-0.162,1.619
-0.358,-0.732
-0.342,1.275
-0.39,1.694
-0.473,0.876
-0.551,1.602
-0.61,1.637
-0.727,1.384
-0.802,1.336
-0.819,-0.47
-0.809,2.312
-0.861,-0.909
-0.881,1.82
-1.071,2.104
-1.181,0.276
-1.144,0.44
-1.211,1.422
-1.244,0.147
-1.302,1.266
-1.332,0.986
-1.434,0.833
-1.4,2.49
-1.524,-1.27
-1.496,0.61
-1.583,-0.486
-1.534,2.045
-1.549,2.036
-2.088,2.38
-2.114,0.183
-2.187,-1.335
-2.146,1.502
-2.19,1.396
-2.248,2.175
-2.182,-0.088
-2.343,-0.523
-2.345,0.684
-2.279,2.504
-2.298,1.141
-2.36,2.414
-2.387,-1.013
-2.388,-0.048
-2.461,0.422
-2.45,0.742
-2.413,2.066
-2.514,-0.39
-2.515,2.235
-2.686,-1.54
-2.676,-1.495
-2.861,-1.56
0.897,-1.812
0.732,-1.777
0.714,-1.611
0.694,-1.563
0.599,-1.619
0.436,-1.771
-0.498,-1.782
-0.952,-1.692
-2.727,2.333
2.59,2.567
1.879,2.279
-1.455,2.579
-1.763,2.359
-1.865,2.351
-2.302,2.6
2.076,0.996
0.325,-0.679
-2.328,2.136
-2.485,-1.294
0.082,-1.543
-2.685,0.943
-2.727,1.408
-2.693,-0.922
-2.703,-0.648
-2.747,1.411
-2.953,0.804
-2.837,0.413
-2.989,-0.233
-2.859,0.293
-2.954,-1.322
2.924,-0.436
2.797,0.901
2.766,0.079
2.77,0.096
2.77,2.201
2.754,2.024
2.824,-0.432
2.787,-1.274
2.637,-0.396
2.728,1.577
2.733,0.778
2.691,0.106
2.483,2.066
2.524,1.814
2.409,0.126
2.519,-1.255
2.42,2.472
2.167,-0.668
1.869,1.782
1.974,0.053
1.971,0.71
1.856,2.253
1.954,1.254
1.817,1.862
1.849,1.801
1.574,0.73
1.361,1.771
1.368,1.948
1.336,1.457
0.998,0.744
0.98,0.536
0.961,0.936
0.939,2.06
0.729,0.056
0.679,2.408
0.716,-0.801
0.583,-0.413
0.554,-1.295
0.677,0.56
0.498,-0.561
0.574,2.461
0.424,0.798
0.039,1.962
0.098,-0.689
-0.08,0.18
-0.193,1.898
-0.075,1.585
-0.257,2.056
-0.244,2.286
-0.273,0.554
-0.219,0.143
-0.559,0.715
-0.436,-0.379
-0.593,1.022
-0.965,0.28
-1.065,2.017
-1.144,0.839
-1.202,0.212
-1.468,-0.452
-1.396,1.839
-1.524,-0.682
-1.627,0.001
-1.686,-0.376
-1.98,0.093
-1.854,-0.517
-1.953,0.679
-2.099,-0.174
-2.076,-0.087
-2.082,-1.187
-2.212,2.137
-2.2,0.184
-2.255,0.912
-2.392,0.041
-2.455,0.585
-2.398,-0.792
-2.535,0.902
-2.402,0.096
-2.395,2.036
-2.695,-1.628
2.688,-1.704
2.678,-1.737
1.701,-1.773
-1.249,-1.508
-1.235,-1.6
-1.503,-1.751
-1.899,-1.65
-2.965,2.487
-0.531,2.486
-2.709,-0.644
1.565,1.024
0.943,-1.189
-0.611,1.067
-2.355,-0.056
-2.627,1.369
2.278,-0.932
1.691,1.329
0.683,2.046
-0.619,-0.144
-0.615,-0.142
-0.665,0.776
-0.838,1.46
-1.755,1.455
-1.888,2.112
-1.942,1.462
-1.963,1.673
-2.005,1.595
-1.966,2.091
-2.087,1.428
3.058,0.981
0.874,-0.349
0.305,1.112
-0.147,-0.306
-1.901,-0.286
-2.146,1.012
0.107,-1.432
-1.693,-1.713
-0.722,2.608
1.753,-1.796
0.59,-1.805
0.61,-1.668
-0.084,0.473
-0.075,1.211
-0.146,3.34
-0.118,1.376
-0.215,0.309
-0.223,-0.048
-0.153,2.695
-0.243,1.864
-0.172,2.558
-0.368,0.207
-0.352,2.214
-0.4,2.633
-0.483,1.815
-0.561,2.541
-0.62,2.576
-0.737,2.323
-0.812,2.275
-0.829,0.469
-0.819,3.251
-0.871,0.03
-0.891,2.759
-1.081,3.043
-1.191,1.215
-1.154,1.379
-1.221,2.361
-1.254,1.086
-1.312,2.205
-1.342,1.925
-1.444,1.772
-1.41,3.429
-1.534,-0.331
-1.506,1.549
-1.593,0.453
-1.544,2.984
-1.559,2.975
-2.098,3.319
-2.124,1.122
-2.197,-0.396
-2.156,2.441
-2.2,2.335
-2.258,3.114
-2.192,0.851
-2.353,0.416
-2.355,1.623
-2.289,3.443
-2.308,2.08
-2.37,3.353
-2.397,-0.074
-2.398,0.891
-2.471,1.361
-2.46,1.681
-2.423,3.005
-2.524,0.549
-2.525,3.174
-2.696,-0.601
-2.686,-0.556
-2.871,-0.621
0.887,-0.873
0.722,-0.838
0.704,-0.672
0.684,-0.624
0.589,-0.68
0.426,-0.832
-0.508,-0.843
-0.962,-0.753
-2.737,3.272
2.58,3.506
1.869,3.218
-1.465,3.518
-1.773,3.298
-1.875,3.29
-2.312,3.539
2.066,1.935
0.315,0.26
-2.338,3.075
-2.495,-0.355
0.072,-0.604
-2.695,1.882
-2.737,2.347
-2.703,0.017
-2.713,0.291
-2.757,2.35
-2.963,1.743
-2.847,1.352
-2.999,0.706
-2.869,1.232
-2.964,-0.383
2.914,0.503
2.787,1.84
2.756,1.018
2.76,1.035
2.76,3.14
2.744,2.963
2.814,0.507
2.777,-0.335
2.627,0.543
2.718,2.516
2.723,1.717
2.681,1.045
2.473,3.005
2.514,2.753
2.399,1.065
2.509,-0.316
2.41,3.411
2.157,0.271
1.859,2.721
1.964,0.992
1.961,1.649
1.846,3.192
1.944,2.193
1.807,2.801
1.839,2.74
1.564,1.669
1.351,2.71
1.358,2.887
1.326,2.396
0.988,1.683
0.97,1.475
0.951,1.875
0.929,2.999
0.719,0.995
0.669,3.347
0.706,0.138
0.573,0.526
0.544,-0.356
0.667,1.499
0.488,0.378
0.564,3.4
0.414,1.737
0.029,2.901
0.088,0.25
-0.09,1.119
-0.203,2.837
-0.085,2.524
-0.267,2.995
-0.254,3.225
-0.283,1.493
-0.229,1.082
-0.569,1.654
-0.446,0.56
-0.603,1.961
-0.975,1.219
-1.075,2.956
-1.154,1.778
-1.212,1.151
-1.478,0.487
-1.406,2.778
-1.534,0.257
-1.637,0.94
-1.696,0.563
-1.99,1.032
-1.864,0.422
-1.963,1.618
-2.109,0.765
-2.086,0.852
-2.092,-0.248
-2.222,3.076
-2.21,1.123
-2.265,1.851
-2.402,0.98
-2.465,1.524
-2.408,0.147
-2.545,1.841
-2.412,1.035
-2.405,2.975
-2.705,-0.689
2.678,-0.765
2.668,-0.798
1.691,-0.834
-1.259,-0.569
-1.245,-0.661
-1.513,-0.812
-1.909,-0.711
-2.975,3.426
-0.541,3.425
-2.719,0.295
1.555,1.963
0.933,-0.25
-0.621,2.006
-2.365,0.883
-2.637,2.308
2.268,0.007
1.681,2.268
0.673,2.985
-0.629,0.795
-0.625,0.797
-0.675,1.715
-0.848,2.399
-1.765,2.394
-1.898,3.051
-1.952,2.401
-1.973,2.612
-2.015,2.534
-1.976,3.03
-2.097,2.367
3.048,1.92
0.864,0.59
0.295,2.051
-0.157,0.633
-1.911,0.653
-2.156,1.951
0.097,-0.493
-1.703,-0.774
-0.732,3.547
1.743,-0.857
0.58,-0.866
0.6,-0.729
0.009,0.738
-0.062,2.867
-0.034,0.903
-0.131,-0.164
-0.139,-0.521
-0.069,2.222
-0.159,1.391
-0.088,2.085
-0.284,-0.266
-0.268,1.741
-0.316,2.16
-0.399,1.342
-0.477,2.068
-0.536,2.103
-0.653,1.85
-0.728,1.802
-0.745,-0.004
-0.735,2.778
-0.787,-0.443
-0.807,2.286
-0.997,2.57
-1.107,0.742
-1.07,0.906
-1.137,1.888
-1.17,0.613
-1.228,1.732
-1.258,1.452
-1.36,1.299
-1.326,2.956
-1.45,-0.804
-1.422,1.076
-1.509,-0.02
-1.46,2.511
-1.475,2.502
-2.014,2.846
-2.04,0.649
-2.113,-0.869
-2.072,1.968
-2.116,1.862
-2.174,2.641
-2.108,0.378
-2.269,-0.057
-2.271,1.15
-2.205,2.97
-2.224,1.607
-2.286,2.88
-2.313,-0.547
-2.314,0.418
-2.387,0.888
-2.376,1.208
-2.339,2.532
-2.44,0.076
-2.441,2.701
-2.612,-1.074
-2.602,-1.029
-2.787,-1.094
0.971,-1.346
0.806,-1.311
0.788,-1.145
0.768,-1.097
0.673,-1.153
0.51,-1.305
-0.424,-1.316
-0.878,-1.226
-2.653,2.799
2.664,3.033
1.953,2.745
-1.381,3.045
-1.689,2.825
-1.791,2.817
-2.228,3.066
2.15,1.462
0.399,-0.213
-2.254,2.602
-2.411,-0.828
0.156,-1.077
-2.611,1.409
-2.653,1.874
-2.619,-0.456
-2.629,-0.182
-2.673,1.877
-2.879,1.27
-2.763,0.879
-2.915,0.233
-2.785,0.759
-2.88,-0.856
2.998,0.03
2.871,1.367
2.84,0.545
2.844,0.562
2.844,2.667
2.828,2.49
2.898,0.034
2.861,-0.808
2.711,0.07
2.802,2.043
2.807,1.244
2.765,0.572
2.557,2.532
2.598,2.28
2.483,0.592
2.593,-0.789
2.494,2.938
2.241,-0.202
1.943,2.248
2.048,0.519
2.045,1.176
1.93,2.719
2.028,1.72
1.891,2.328
1.923,2.267
1.648,1.196
1.435,2.237
1.442,2.414
1.41,1.923
1.072,1.21
1.054,1.002
1.035,1.402
1.013,2.526
0.803,0.522
0.753,2.874
0.79,-0.335
0.657,0.053
0.628,-0.829
0.751,1.026
0.572,-0.095
0.648,2.927
0.498,1.264
0.113,2.428
0.172,-0.223
-0.006,0.646
-0.119,2.364
-0.001,2.051
-0.183,2.522
-0.17,2.752
-0.199,1.02
-0.145,0.609
-0.485,1.181
-0.362,0.087
-0.519,1.488
-0.891,0.746
-0.991,2.483
-1.07,1.305
-1.128,0.678
-1.394,0.014
-1.322,2.305
-1.45,-0.216
-1.553,0.467
-1.612,0.09
-1.906,0.559
-1.78,-0.051
-1.879,1.145
-2.025,0.292
-2.002,0.379
-2.008,-0.721
-2.138,2.603
-2.126,0.65
-2.181,1.378
-2.318,0.507
-2.381,1.051
-2.324,-0.326
-2.461,1.368
-2.328,0.562
-2.321,2.502
-2.621,-1.162
2.762,-1.238
2.752,-1.271
1.775,-1.307
-1.175,-1.042
-1.161,-1.134
-1.429,-1.285
-1.825,-1.184
-2.891,2.953
-0.457,2.952
-2.635,-0.178
1.639,1.49
1.017,-0.723
-0.537,1.533
-2.281,0.41
-2.553,1.835
2.352,-0.466
1.765,1.795
0.757,2.512
-0.545,0.322
-0.541,0.324
-0.591,1.242
-0.764,1.926
-1.681,1.921
-1.814,2.578
-1.868,1.928
-1.889,2.139
-1.931,2.061
-1.892,2.557
-2.013,1.894
3.132,1.447
0.948,0.117
0.379,1.578
-0.073,0.16
-1.827,0.18
-2.072,1.478
0.181,-0.966
-1.619,-1.247
-0.648,3.074
1.827,-1.33
0.664,-1.339
0.684,-1.202
-0.071,2.129
-0.043,0.165
-0.14,-0.902
-0.148,-1.259
-0.078,1.484
-0.168,0.653
-0.097,1.347
-0.293,-1.004
-0.277,1.003
-0.325,1.422
-0.408,0.604
-0.486,1.33
-0.545,1.365
-0.662,1.112
-0.737,1.064
-0.754,-0.742
-0.744,2.04
-0.796,-1.181
-0.816,1.548
-1.006,1.832
-1.116,0.004
-1.079,0.168
-1.146,1.15
-1.179,-0.125
-1.237,0.994
-1.267,0.714
-1.369,0.561
-1.335,2.218
-1.459,-1.542
-1.431,0.338
-1.518,-0.758
-1.469,1.773
-1.484,1.764
-2.023,2.108
-2.049,-0.089
-2.122,-1.607
-2.081,1.23
-2.125,1.124
-2.183,1.903
-2.117,-0.36
-2.278,-0.795
-2.28,0.412
-2.214,2.232
-2.233,0.869
-2.295,2.142
-2.322,-1.285
-2.323,-0.32
-2.396,0.15
-2.385,0.47
-2.348,1.794
-2.449,-0.662
-2.45,1.963
-2.621,-1.812
-2.611,-1.767
-2.796,-1.832
0.962,-2.084
0.797,-2.049
0.779,-1.883
0.759,-1.835
0.664,-1.891
0.501,-2.043
-0.433,-2.054
-0.887,-1.964
-2.662,2.061
2.655,2.295
1.944,2.007
-1.39,2.307
-1.698,2.087
-1.8,2.079
-2.237,2.328
2.141,0.724
0.39,-0.951
-2.263,1.864
-2.42,-1.566
0.147,-1.815
-2.62,0.671
-2.662,1.136
-2.628,-1.194
-2.638,-0.92
-2.682,1.139
-2.888,0.532
-2.772,0.141
-2.924,-0.505
-2.794,0.021
-2.889,-1.594
2.989,-0.708
2.862,0.629
2.831,-0.193
2.835,-0.176
2.835,1.929
2.819,1.752
2.889,-0.704
2.852,-1.546
2.702,-0.668
2.793,1.305
2.798,0.506
2.756,-0.166
2.548,1.794
2.589,1.542
2.474,-0.146
2.584,-1.527
2.485,2.2
2.232,-0.94
1.934,1.51
2.039,-0.219
2.036,0.438
1.921,1.981
2.019,0.982
1.882,1.59
1.914,1.529
1.639,0.458
1.426,1.499
1.433,1.676
1.401,1.185
1.063,0.472
1.045,0.264
1.026,0.664
1.004,1.788
0.794,-0.216
0.744,2.136
0.781,-1.073
0.648,-0.685
0.619,-1.567
0.742,0.288
0.563,-0.833
0.639,2.189
0.489,0.526
0.104,1.69
0.163,-0.961
-0.015,-0.092
-0.128,1.626
-0.01,1.313
-0.192,1.784
-0.179,2.014
-0.208,0.282
-0.154,-0.129
-0.494,0.443
-0.371,-0.651
-0.528,0.75
-0.9,0.008
-1.0,1.745
-1.079,0.567
-1.137,-0.06
-1.403,-0.724
-1.331,1.567
-1.459,-0.954
-1.562,-0.271
-1.621,-0.648
-1.915,-0.179
-1.789,-0.789
-1.888,0.407
-2.034,-0.446
-2.011,-0.359
-2.017,-1.459
-2.147,1.865
-2.135,-0.088
-2.19,0.64
-2.327,-0.231
-2.39,0.313
-2.333,-1.064
-2.47,0.63
-2.337,-0.176
-2.33,1.764
-2.63,-1.9
2.753,-1.976
2.743,-2.009
1.766,-2.045
-1.184,-1.78
-1.17,-1.872
-1.438,-2.023
-1.834,-1.922
-2.9,2.215
-0.466,2.214
-2.644,-0.916
1.63,0.752
1.008,-1.461
-0.546,0.795
-2.29,-0.328
-2.562,1.097
2.343,-1.204
1.756,1.057
0.748,1.774
-0.554,-0.416
-0.55,-0.414
-0.6,0.504
-0.773,1.188
-1.69,1.183
-1.823,1.84
-1.877,1.19
-1.898,1.401
-1.94,1.323
-1.901,1.819
-2.022,1.156
3.123,0.709
0.939,-0.621
0.37,0.84
-0.082,-0.578
-1.836,-0.558
-2.081,0.74
0.172,-1.704
-1.628,-1.985
-0.657,2.336
1.818,-2.068
0.655,-2.077
0.675,-1.94
0.028,-1.964
-0.069,-3.031
-0.077,-3.388
-0.007,-0.645
-0.097,-1.476
-0.026,-0.782
-0.222,-3.133
-0.206,-1.126
-0.254,-0.707
-0.337,-1.525
-0.415,-0.799
-0.474,-0.764
-0.591,-1.017
-0.666,-1.065
-0.683,-2.871
-0.673,-0.089
-0.725,-3.31
-0.745,-0.581
-0.935,-0.297
-1.045,-2.125
-1.008,-1.961
-1.075,-0.979
-1.108,-2.254
-1.166,-1.135
-1.196,-1.415
-1.298,-1.568
-1.264,0.089
-1.388,-3.671
-1.36,-1.791
-1.447,-2.887
-1.398,-0.356
-1.413,-0.365
-1.952,-0.021
-1.978,-2.218
-2.051,-3.736
-2.01,-0.899
-2.054,-1.005
-2.112,-0.226
-2.046,-2.489
-2.207,-2.924
-2.209,-1.717
-2.143,0.103
-2.162,-1.26
-2.224,0.013
-2.251,-3.414
-2.252,-2.449
-2.325,-1.979
-2.314,-1.659
-2.277,-0.335
-2.378,-2.791
-2.379,-0.166
-2.55,-3.941
-2.54,-3.896
-2.725,-3.961
1.033,-4.213
0.868,-4.178
0.85,-4.012
0.83,-3.964
0.735,-4.02
0.572,-4.172
-0.362,-4.183
-0.816,-4.093
-2.591,-0.068
2.726,0.166
2.015,-0.122
-1.319,0.178
-1.627,-0.042
-1.729,-0.05
-2.166,0.199
2.212,-1.405
0.461,-3.08
-2.192,-0.265
-2.349,-3.695
0.218,-3.944
-2.549,-1.458
-2.591,-0.993
-2.557,-3.323
-2.567,-3.049
-2.611,-0.99
-2.817,-1.597
-2.701,-1.988
-2.853,-2.634
-2.723,-2.108
-2.818,-3.723
3.06,-2.837
2.933,-1.5
2.902,-2.322
2.906,-2.305
2.906,-0.2
2.89,-0.377
2.96,-2.833
2.923,-3.675
2.773,-2.797
2.864,-0.824
2.869,-1.623
2.827,-2.295
2.619,-0.335
2.66,-0.587
2.545,-2.275
2.655,-3.656
2.556,0.071
2.303,-3.069
2.005,-0.619
2.11,-2.348
2.107,-1.691
1.992,-0.148
2.09,-1.147
1.953,-0.539
1.985,-0.6
1.71,-1.671
1.497,-0.63
1.504,-0.453
1.472,-0.944
1.134,-1.657
1.116,-1.865
1.097,-1.465
1.075,-0.341
0.865,-2.345
0.815,0.007
0.852,-3.202
0.719,-2.814
0.69,-3.696
0.813,-1.841
0.634,-2.962
0.71,0.06
0.56,-1.603
0.175,-0.439
0.234,-3.09
0.056,-2.221
-0.057,-0.503
0.061,-0.816
-0.121,-0.345
-0.108,-0.115
-0.137,-1.847
-0.083,-2.258
-0.423,-1.686
-0.3,-2.78
-0.457,-1.379
-0.829,-2.121
-0.929,-0.384
-1.008,-1.562
-1.066,-2.189
-1.332,-2.853
-1.26,-0.562
-1.388,-3.083
-1.491,-2.4
-1.55,-2.777
-1.844,-2.308
-1.718,-2.918
-1.817,-1.722
-1.963,-2.575
-1.94,-2.488
-1.946,-3.588
-2.076,-0.264
-2.064,-2.217
-2.119,-1.489
-2.256,-2.36
-2.319,-1.816
-2.262,-3.193
-2.399,-1.499
-2.266,-2.305
-2.259,-0.365
-2.559,-4.029
2.824,-4.105
2.814,-4.138
1.837,-4.174
-1.113,-3.909
-1.099,-4.001
-1.367,-4.152
-1.763,-4.051
-2.829,0.086
-0.395,0.085
-2.573,-3.045
1.701,-1.377
1.079,-3.59
-0.475,-1.334
-2.219,-2.457
-2.491,-1.032
2.414,-3.333
1.827,-1.072
0.819,-0.355
-0.483,-2.545
-0.479,-2.543
-0.529,-1.625
-0.702,-0.941
-1.619,-0.946
-1.752,-0.289
-1.806,-0.939
-1.827,-0.728
-1.869,-0.806
-1.83,-0.31
-1.951,-0.973
-3.089,-1.42
1.01,-2.75
0.441,-1.289
-0.011,-2.707
-1.765,-2.687
-2.01,-1.389
0.243,-3.833
-1.557,-4.114
-0.586,0.207
1.889,-4.197
0.726,-4.206
0.746,-4.069
-0.097,-1.067
-0.105,-1.424
-0.035,1.319
-0.125,0.488
-0.054,1.182
-0.25,-1.169
-0.234,0.838
-0.282,1.257
-0.365,0.439
-0.443,1.165
-0.502,1.2
-0.619,0.947
-0.694,0.899
-0.711,-0.907
-0.701,1.875
-0.753,-1.346
-0.773,1.383
-0.963,1.667
-1.073,-0.161
-1.036,0.003
-1.103,0.985
-1.136,-0.29
-1.194,0.829
-1.224,0.549
-1.326,0.396
-1.292,2.053
-1.416,-1.707
-1.388,0.173
-1.475,-0.923
-1.426,1.608
-1.441,1.599
-1.98,1.943
-2.006,-0.254
-2.079,-1.772
-2.038,1.065
-2.082,0.959
-2.14,1.738
-2.074,-0.525
-2.235,-0.96
-2.237,0.247
-2.171,2.067
-2.19,0.704
-2.252,1.977
-2.279,-1.45
-2.28,-0.485
-2.353,-0.015
-2.342,0.305
-2.305,1.629
-2.406,-0.827
-2.407,1.798
-2.578,-1.977
-2.568,-1.932
-2.753,-1.997
1.005,-2.249
0.84,-2.214
0.822,-2.048
0.802,-2.0
0.707,-2.056
0.544,-2.208
-0.39,-2.219
-0.844,-2.129
-2.619,1.896
2.698,2.13
1.987,1.842
-1.347,2.142
-1.655,1.922
-1.757,1.914
-2.194,2.163
2.184,0.559
0.433,-1.116
-2.22,1.699
-2.377,-1.731
0.19,-1.98
-2.577,0.506
-2.619,0.971
-2.585,-1.359
-2.595,-1.085
-2.639,0.974
-2.845,0.367
-2.729,-0.024
-2.881,-0.67
-2.751,-0.144
-2.846,-1.759
3.032,-0.873
2.905,0.464
2.874,-0.358
2.878,-0.341
2.878,1.764
2.862,1.587
2.932,-0.869
2.895,-1.711
2.745,-0.833
2.836,1.14
2.841,0.341
2.799,-0.331
2.591,1.629
2.632,1.377
2.517,-0.311
2.627,-1.692
2.528,2.035
2.275,-1.105
1.977,1.345
2.082,-0.384
2.079,0.273
1.964,1.816
2.062,0.817
1.925,1.425
1.957,1.364
1.682,0.293
1.469,1.334
1.476,1.511
1.444,1.02
1.106,0.307
1.088,0.099
1.069,0.499
1.047,1.623
0.837,-0.381
0.787,1.971
0.824,-1.238
0.691,-0.85
0.662,-1.732
0.785,0.123
0.606,-0.998
0.682,2.024
0.532,0.361
0.147,1.525
0.206,-1.126
0.028,-0.257
-0.085,1.461
0.033,1.148
-0.149,1.619
-0.136,1.849
-0.165,0.117
-0.111,-0.294
-0.451,0.278
-0.328,-0.816
-0.485,0.585
-0.857,-0.157
-0.957,1.58
-1.036,0.402
-1.094,-0.225
-1.36,-0.889
-1.288,1.402
-1.416,-1.119
-1.519,-0.436
-1.578,-0.813
-1.872,-0.344
-1.746,-0.954
-1.845,0.242
-1.991,-0.611
-1.968,-0.524
-1.974,-1.624
-2.104,1.7
-2.092,-0.253
-2.147,0.475
-2.284,-0.396
-2.347,0.148
-2.29,-1.229
-2.427,0.465
-2.294,-0.341
-2.287,1.599
-2.587,-2.065
2.796,-2.141
2.786,-2.174
1.809,-2.21
-1.141,-1.945
-1.127,-2.037
-1.395,-2.188
-1.791,-2.087
-2.857,2.05
-0.423,2.049
-2.601,-1.081
1.673,0.587
1.051,-1.626
-0.503,0.63
-2.247,-0.493
-2.519,0.932
2.386,-1.369
1.799,0.892
0.791,1.609
-0.511,-0.581
-0.507,-0.579
-0.557,0.339
-0.73,1.023
-1.647,1.018
-1.78,1.675
-1.834,1.025
-1.855,1.236
-1.897,1.158
-1.858,1.654
-1.979,0.991
-3.117,0.544
0.982,-0.786
0.413,0.675
-0.039,-0.743
-1.793,-0.723
-2.038,0.575
0.215,-1.869
-1.585,-2.15
-0.614,2.171
1.861,-2.233
0.698,-2.242
0.718,-2.105
-0.008,-0.357
0.062,2.386
-0.028,1.555
0.043,2.249
-0.153,-0.102
-0.137,1.905
-0.185,2.324
-0.268,1.506
-0.346,2.232
-0.405,2.267
-0.522,2.014
-0.597,1.966
-0.614,0.16
-0.604,2.942
-0.656,-0.279
-0.676,2.45
-0.866,2.734
-0.976,0.906
-0.939,1.07
-1.006,2.052
-1.039,0.777
-1.097,1.896
-1.127,1.616
-1.229,1.463
-1.195,3.12
-1.319,-0.64
-1.291,1.24
-1.378,0.144
-1.329,2.675
-1.344,2.666
-1.883,3.01
-1.909,0.813
-1.982,-0.705
-1.941,2.132
-1.985,2.026
-2.043,2.805
-1.977,0.542
-2.138,0.107
-2.14,1.314
-2.074,3.134
-2.093,1.771
-2.155,3.044
-2.182,-0.383
-2.183,0.582
-2.256,1.052
-2.245,1.372
-2.208,2.696
-2.309,0.24
-2.31,2.865
-2.481,-0.91
-2.471,-0.865
-2.656,-0.93
1.102,-1.182
0.937,-1.147
0.919,-0.981
0.899,-0.933
0.804,-0.989
0.641,-1.141
-0.293,-1.152
-0.747,-1.062
-2.522,2.963
2.795,3.197
2.084,2.909
-1.25,3.209
-1.558,2.989
-1.66,2.981
-2.097,3.23
2.281,1.626
0.53,-0.049
-2.123,2.766
-2.28,-0.664
0.287,-0.913
-2.48,1.573
-2.522,2.038
-2.488,-0.292
-2.498,-0.018
-2.542,2.041
-2.748,1.434
-2.632,1.043
-2.784,0.397
-2.654,0.923
-2.749,-0.692
3.129,0.194
3.002,1.531
2.971,0.709
2.975,0.726
2.975,2.831
2.959,2.654
3.029,0.198
2.992,-0.644
2.842,0.234
2.933,2.207
2.938,1.408
2.896,0.736
2.688,2.696
2.729,2.444
2.614,0.756
2.724,-0.625
2.625,3.102
2.372,-0.038
2.074,2.412
2.179,0.683
2.176,1.34
2.061,2.883
2.159,1.884
2.022,2.492
2.054,2.431
1.779,1.36
1.566,2.401
1.573,2.578
1.541,2.087
1.203,1.374
1.185,1.166
1.166,1.566
1.144,2.69
0.934,0.686
0.884,3.038
0.921,-0.171
0.788,0.217
0.759,-0.665
0.882,1.19
0.703,0.069
0.779,3.091
0.629,1.428
0.244,2.592
0.303,-0.059
0.125,0.81
0.012,2.528
0.13,2.215
-0.052,2.686
-0.039,2.916
-0.068,1.184
-0.014,0.773
-0.354,1.345
-0.231,0.251
-0.388,1.652
-0.76,0.91
-0.86,2.647
-0.939,1.469
-0.997,0.842
-1.263,0.178
-1.191,2.469
-1.319,-0.052
-1.422,0.631
-1.481,0.254
-1.775,0.723
-1.649,0.113
-1.748,1.309
-1.894,0.456
-1.871,0.543
-1.877,-0.557
-2.007,2.767
-1.995,0.814
-2.05,1.542
-2.187,0.671
-2.25,1.215
-2.193,-0.162
-2.33,1.532
-2.197,0.726
-2.19,2.666
-2.49,-0.998
2.893,-1.074
2.883,-1.107
1.906,-1.143
-1.044,-0.878
-1.03,-0.97
-1.298,-1.121
-1.694,-1.02
-2.76,3.117
-0.326,3.116
-2.504,-0.014
1.77,1.654
1.148,-0.559
-0.406,1.697
-2.15,0.574
-2.422,1.999
2.483,-0.302
1.896,1.959
0.888,2.676
-0.414,0.486
-0.41,0.488
-0.46,1.406
-0.633,2.09
-1.55,2.085
-1.683,2.742
-1.737,2.092
-1.758,2.303
-1.8,2.225
-1.761,2.721
-1.882,2.058
-3.02,1.611
1.079,0.281
0.51,1.742
0.058,0.324
-1.696,0.344
-1.941,1.642
0.312,-0.802
-1.488,-1.083
-0.517,3.238
1.958,-1.166
0.795,-1.175
0.815,-1.038
0.07,2.743
-0.02,1.912
0.051,2.606
-0.145,0.255
-0.129,2.262
-0.177,2.681
-0.26,1.863
-0.338,2.589
-0.397,2.624
-0.514,2.371
-0.589,2.323
-0.606,0.517
-0.596,3.299
-0.648,0.078
-0.668,2.807
-0.858,3.091
-0.968,1.263
-0.931,1.427
-0.998,2.409
-1.031,1.134
-1.089,2.253
-1.119,1.973
-1.221,1.82
-1.187,3.477
-1.311,-0.283
-1.283,1.597
-1.37,0.501
-1.321,3.032
-1.336,3.023
-1.875,3.367
-1.901,1.17
-1.974,-0.348
-1.933,2.489
-1.977,2.383
-2.035,3.162
-1.969,0.899
-2.13,0.464
-2.132,1.671
-2.066,3.491
-2.085,2.128
-2.147,3.401
-2.174,-0.026
-2.175,0.939
-2.248,1.409
-2.237,1.729
-2.2,3.053
-2.301,0.597
-2.302,3.222
-2.473,-0.553
-2.463,-0.508
-2.648,-0.573
1.11,-0.825
0.945,-0.79
0.927,-0.624
0.907,-0.576
0.812,-0.632
0.649,-0.784
-0.285,-0.795
-0.739,-0.705
-2.514,3.32
2.803,3.554
2.092,3.266
-1.242,3.566
-1.55,3.346
-1.652,3.338
-2.089,3.587
2.289,1.983
0.538,0.308
-2.115,3.123
-2.272,-0.307
0.295,-0.556
-2.472,1.93
-2.514,2.395
-2.48,0.065
-2.49,0.339
-2.534,2.398
-2.74,1.791
-2.624,1.4
-2.776,0.754
-2.646,1.28
-2.741,-0.335
3.137,0.551
3.01,1.888
2.979,1.066
2.983,1.083
2.983,3.188
2.967,3.011
3.037,0.555
3.0,-0.287
2.85,0.591
2.941,2.564
2.946,1.765
2.904,1.093
2.696,3.053
2.737,2.801
2.622,1.113
2.732,-0.268
2.633,3.459
2.38,0.319
2.082,2.769
2.187,1.04
2.184,1.697
2.069,3.24
2.167,2.241
2.03,2.849
2.062,2.788
1.787,1.717
1.574,2.758
1.581,2.935
1.549,2.444
1.211,1.731
1.193,1.523
1.174,1.923
1.152,3.047
0.942,1.043
0.892,3.395
0.929,0.186
0.796,0.574
0.767,-0.308
0.89,1.547
0.711,0.426
0.787,3.448
0.637,1.785
0.252,2.949
0.311,0.298
0.133,1.167
0.02,2.885
0.138,2.572
-0.044,3.043
-0.031,3.273
-0.06,1.541
-0.006,1.13
-0.346,1.702
-0.223,0.608
-0.38,2.009
-0.752,1.267
-0.852,3.004
-0.931,1.826
-0.989,1.199
-1.255,0.535
-1.183,2.826
-1.311,0.305
-1.414,0.988
-1.473,0.611
-1.767,1.08
-1.641,0.47
-1.74,1.666
-1.886,0.813
-1.863,0.9
-1.869,-0.2
-1.999,3.124
-1.987,1.171
-2.042,1.899
-2.179,1.028
-2.242,1.572
-2.185,0.195
-2.322,1.889
-2.189,1.083
-2.182,3.023
-2.482,-0.641
2.901,-0.717
2.891,-0.75
1.914,-0.786
-1.036,-0.521
-1.022,-0.613
-1.29,-0.764
-1.686,-0.663
-2.752,3.474
-0.318,3.473
-2.496,0.343
1.778,2.011
1.156,-0.202
-0.398,2.054
-2.142,0.931
-2.414,2.356
2.491,0.055
1.904,2.316
0.896,3.033
-0.406,0.843
-0.402,0.845
-0.452,1.763
-0.625,2.447
-1.542,2.442
-1.675,3.099
-1.729,2.449
-1.75,2.66
-1.792,2.582
-1.753,3.078
-1.874,2.415
-3.012,1.968
1.087,0.638
0.518,2.099
0.066,0.681
-1.688,0.701
-1.933,1.999
0.32,-0.445
-1.48,-0.726
-0.509,3.595
1.966,-0.809
0.803,-0.818
0.823,-0.681
-0.09,-0.831
-0.019,-0.137
-0.215,-2.488
-0.199,-0.481
-0.247,-0.062
-0.33,-0.88
-0.408,-0.154
-0.467,-0.119
-0.584,-0.372
-0.659,-0.42
-0.676,-2.226
-0.666,0.556
-0.718,-2.665
-0.738,0.064
-0.928,0.348
-1.038,-1.48
-1.001,-1.316
-1.068,-0.334
-1.101,-1.609
-1.159,-0.49
-1.189,-0.77
-1.291,-0.923
-1.257,0.734
-1.381,-3.026
-1.353,-1.146
-1.44,-2.242
-1.391,0.289
-1.406,0.28
-1.945,0.624
-1.971,-1.573
-2.044,-3.091
-2.003,-0.254
-2.047,-0.36
-2.105,0.419
-2.039,-1.844
-2.2,-2.279
-2.202,-1.072
-2.136,0.748
-2.155,-0.615
-2.217,0.658
-2.244,-2.769
-2.245,-1.804
-2.318,-1.334
-2.307,-1.014
-2.27,0.31
-2.371,-2.146
-2.372,0.479
-2.543,-3.296
-2.533,-3.251
-2.718,-3.316
1.04,-3.568
0.875,-3.533
0.857,-3.367
0.837,-3.319
0.742,-3.375
0.579,-3.527
-0.355,-3.538
-0.809,-3.448
-2.584,0.577
2.733,0.811
2.022,0.523
-1.312,0.823
-1.62,0.603
-1.722,0.595
-2.159,0.844
2.219,-0.76
0.468,-2.435
-2.185,0.38
-2.342,-3.05
0.225,-3.299
-2.542,-0.813
-2.584,-0.348
-2.55,-2.678
-2.56,-2.404
-2.604,-0.345
-2.81,-0.952
-2.694,-1.343
-2.846,-1.989
-2.716,-1.463
-2.811,-3.078
3.067,-2.192
2.94,-0.855
2.909,-1.677
2.913,-1.66
2.913,0.445
2.897,0.268
2.967,-2.188
2.93,-3.03
2.78,-2.152
2.871,-0.179
2.876,-0.978
2.834,-1.65
2.626,0.31
2.667,0.058
2.552,-1.63
2.662,-3.011
2.563,0.716
2.31,-2.424
2.012,0.026
2.117,-1.703
2.114,-1.046
1.999,0.497
2.097,-0.502
1.96,0.106
1.992,0.045
1.717,-1.026
1.504,0.015
1.511,0.192
1.479,-0.299
1.141,-1.012
1.123,-1.22
1.104,-0.82
1.082,0.304
0.872,-1.7
0.822,0.652
0.859,-2.557
0.726,-2.169
0.697,-3.051
0.82,-1.196
0.641,-2.317
0.717,0.705
0.567,-0.958
0.182,0.206
0.241,-2.445
0.063,-1.576
-0.05,0.142
0.068,-0.171
-0.114,0.3
-0.101,0.53
-0.13,-1.202
-0.076,-1.613
-0.416,-1.041
-0.293,-2.135
-0.45,-0.734
-0.822,-1.476
-0.922,0.261
-1.001,-0.917
-1.059,-1.544
-1.325,-2.208
-1.253,0.083
-1.381,-2.438
-1.484,-1.755
-1.543,-2.132
-1.837,-1.663
-1.711,-2.273
-1.81,-1.077
-1.956,-1.93
-1.933,-1.843
-1.939,-2.943
-2.069,0.381
-2.057,-1.572
-2.112,-0.844
-2.249,-1.715
-2.312,-1.171
-2.255,-2.548
-2.392,-0.854
-2.259,-1.66
-2.252,0.28
-2.552,-3.384
2.831,-3.46
2.821,-3.493
1.844,-3.529
-1.106,-3.264
-1.092,-3.356
-1.36,-3.507
-1.756,-3.406
-2.822,0.731
-0.388,0.73
-2.566,-2.4
1.708,-0.732
1.086,-2.945
-0.468,-0.689
-2.212,-1.812
-2.484,-0.387
2.421,-2.688
1.834,-0.427
0.826,0.29
-0.476,-1.9
-0.472,-1.898
-0.522,-0.98
-0.695,-0.296
-1.612,-0.301
-1.745,0.356
-1.799,-0.294
-1.82,-0.083
-1.862,-0.161
-1.823,0.335
-1.944,-0.328
-3.082,-0.775
1.017,-2.105
0.448,-0.644
-0.004,-2.062
-1.758,-2.042
-2.003,-0.744
0.25,-3.188
-1.55,-3.469
-0.579,0.852
1.896,-3.552
0.733,-3.561
0.753,-3.424
0.071,0.694
-0.125,-1.657
-0.109,0.35
-0.157,0.769
-0.24,-0.049
-0.318,0.677
-0.377,0.712
-0.494,0.459
-0.569,0.411
-0.586,-1.395
-0.576,1.387
-0.628,-1.834
-0.648,0.895
-0.838,1.179
-0.948,-0.649
-0.911,-0.485
-0.978,0.497
-1.011,-0.778
-1.069,0.341
-1.099,0.061
-1.201,-0.092
-1.167,1.565
-1.291,-2.195
-1.263,-0.315
-1.35,-1.411
-1.301,1.12
-1.316,1.111
-1.855,1.455
-1.881,-0.742
-1.954,-2.26
-1.913,0.577
-1.957,0.471
-2.015,1.25
-1.949,-1.013
-2.11,-1.448
-2.112,-0.241
-2.046,1.579
-2.065,0.216
-2.127,1.489
-2.154,-1.938
-2.155,-0.973
-2.228,-0.503
-2.217,-0.183
-2.18,1.141
-2.281,-1.315
-2.282,1.31
-2.453,-2.465
-2.443,-2.42
-2.628,-2.485
1.13,-2.737
0.965,-2.702
0.947,-2.536
0.927,-2.488
0.832,-2.544
0.669,-2.696
-0.265,-2.707
-0.719,-2.617
-2.494,1.408
2.823,1.642
2.112,1.354
-1.222,1.654
-1.53,1.434
-1.632,1.426
-2.069,1.675
2.309,0.071
0.558,-1.604
-2.095,1.211
-2.252,-2.219
0.315,-2.468
-2.452,0.018
-2.494,0.483
-2.46,-1.847
-2.47,-1.573
-2.514,0.486
-2.72,-0.121
-2.604,-0.512
-2.756,-1.158
-2.626,-0.632
-2.721,-2.247
-3.126,-1.361
3.03,-0.024
2.999,-0.846
3.003,-0.829
3.003,1.276
2.987,1.099
3.057,-1.357
3.02,-2.199
2.87,-1.321
2.961,0.652
2.966,-0.147
2.924,-0.819
2.716,1.141
2.757,0.889
2.642,-0.799
2.752,-2.18
2.653,1.547
2.4,-1.593
2.102,0.857
2.207,-0.872
2.204,-0.215
2.089,1.328
2.187,0.329
2.05,0.937
2.082,0.876
1.807,-0.195
1.594,0.846
1.601,1.023
1.569,0.532
1.231,-0.181
1.213,-0.389
1.194,0.011
1.172,1.135
0.962,-0.869
0.912,1.483
0.949,-1.726
0.816,-1.338
0.787,-2.22
0.91,-0.365
0.731,-1.486
0.807,1.536
0.657,-0.127
0.272,1.037
0.331,-1.614
0.153,-0.745
0.04,0.973
0.158,0.66
-0.024,1.131
-0.011,1.361
-0.04,-0.371
0.014,-0.782
-0.326,-0.21
-0.203,-1.304
-0.36,0.097
-0.732,-0.645
-0.832,1.092
-0.911,-0.086
-0.969,-0.713
-1.235,-1.377
-1.163,0.914
-1.291,-1.607
-1.394,-0.924
-1.453,-1.301
-1.747,-0.832
-1.621,-1.442
-1.72,-0.246
-1.866,-1.099
-1.843,-1.012
-1.849,-2.112
-1.979,1.212
-1.967,-0.741
-2.022,-0.013
-2.159,-0.884
-2.222,-0.34
-2.165,-1.717
-2.302,-0.023
-2.169,-0.829
-2.162,1.111
-2.462,-2.553
2.921,-2.629
2.911,-2.662
1.934,-2.698
-1.016,-2.433
-1.002,-2.525
-1.27,-2.676
-1.666,-2.575
-2.732,1.562
-0.298,1.561
-2.476,-1.569
1.798,0.099
1.176,-2.114
-0.378,0.142
-2.122,-0.981
-2.394,0.444
2.511,-1.857
1.924,0.404
0.916,1.121
-0.386,-1.069
-0.382,-1.067
-0.432,-0.149
-0.605,0.535
-1.522,0.53
-1.655,1.187
-1.709,0.537
-1.73,0.748
-1.772,0.67
-1.733,1.166
-1.854,0.503
-2.992,0.056
1.107,-1.274
0.538,0.187
0.086,-1.231
-1.668,-1.211
-1.913,0.087
0.34,-2.357
-1.46,-2.638
-0.489,1.683
1.986,-2.721
0.823,-2.73
0.843,-2.593
-0.196,-2.351
-0.18,-0.344
-0.228,0.075
-0.311,-0.743
-0.389,-0.017
-0.448,0.018
-0.565,-0.235
-0.64,-0.283
-0.657,-2.089
-0.647,0.693
-0.699,-2.528
-0.719,0.201
-0.909,0.485
-1.019,-1.343
-0.982,-1.179
-1.049,-0.197
-1.082,-1.472
-1.14,-0.353
-1.17,-0.633
-1.272,-0.786
-1.238,0.871
-1.362,-2.889
-1.334,-1.009
-1.421,-2.105
-1.372,0.426
-1.387,0.417
-1.926,0.761
-1.952,-1.436
-2.025,-2.954
-1.984,-0.117
-2.028,-0.223
-2.086,0.556
-2.02,-1.707
-2.181,-2.142
-2.183,-0.935
-2.117,0.885
-2.136,-0.478
-2.198,0.795
-2.225,-2.632
-2.226,-1.667
-2.299,-1.197
-2.288,-0.877
-2.251,0.447
-2.352,-2.009
-2.353,0.616
-2.524,-3.159
-2.514,-3.114
-2.699,-3.179
1.059,-3.431
0.894,-3.396
0.876,-3.23
0.856,-3.182
0.761,-3.238
0.598,-3.39
-0.336,-3.401
-0.79,-3.311
-2.565,0.714
2.752,0.948
2.041,0.66
-1.293,0.96
-1.601,0.74
-1.703,0.732
-2.14,0.981
2.238,-0.623
0.487,-2.298
-2.166,0.517
-2.323,-2.913
0.244,-3.162
-2.523,-0.676
-2.565,-0.211
-2.531,-2.541
-2.541,-2.267
-2.585,-0.208
-2.791,-0.815
-2.675,-1.206
-2.827,-1.852
-2.697,-1.326
-2.792,-2.941
3.086,-2.055
2.959,-0.718
2.928,-1.54
2.932,-1.523
2.932,0.582
2.916,0.405
2.986,-2.051
2.949,-2.893
2.799,-2.015
2.89,-0.042
2.895,-0.841
2.853,-1.513
2.645,0.447
2.686,0.195
2.571,-1.493
2.681,-2.874
2.582,0.853
2.329,-2.287
2.031,0.163
2.136,-1.566
2.133,-0.909
2.018,0.634
2.116,-0.365
1.979,0.243
2.011,0.182
1.736,-0.889
1.523,0.152
1.53,0.329
1.498,-0.162
1.16,-0.875
1.142,-1.083
1.123,-0.683
1.101,0.441
0.891,-1.563
0.841,0.789
0.878,-2.42
0.745,-2.032
0.716,-2.914
0.839,-1.059
0.66,-2.18
0.736,0.842
0.586,-0.821
0.201,0.343
0.26,-2.308
0.082,-1.439
-0.031,0.279
0.087,-0.034
-0.095,0.437
-0.082,0.667
-0.111,-1.065
-0.057,-1.476
-0.397,-0.904
-0.274,-1.998
-0.431,-0.597
-0.803,-1.339
-0.903,0.398
-0.982,-0.78
-1.04,-1.407
-1.306,-2.071
-1.234,0.22
-1.362,-2.301
-1.465,-1.618
-1.524,-1.995
-1.818,-1.526
-1.692,-2.136
-1.791,-0.94
-1.937,-1.793
-1.914,-1.706
-1.92,-2.806
-2.05,0.518
-2.038,-1.435
-2.093,-0.707
-2.23,-1.578
-2.293,-1.034
-2.236,-2.411
-2.373,-0.717
-2.24,-1.523
-2.233,0.417
-2.533,-3.247
2.85,-3.323
2.84,-3.356
1.863,-3.392
-1.087,-3.127
-1.073,-3.219
-1.341,-3.37
-1.737,-3.269
-2.803,0.868
-0.369,0.867
-2.547,-2.263
1.727,-0.595
1.105,-2.808
-0.449,-0.552
-2.193,-1.675
-2.465,-0.25
2.44,-2.551
1.853,-0.29
0.845,0.427
-0.457,-1.763
-0.453,-1.761
-0.503,-0.843
-0.676,-0.159
-1.593,-0.164
-1.726,0.493
-1.78,-0.157
-1.801,0.054
-1.843,-0.024
-1.804,0.472
-1.925,-0.191
-3.063,-0.638
1.036,-1.968
0.467,-0.507
0.015,-1.925
-1.739,-1.905
-1.984,-0.607
0.269,-3.051
-1.531,-3.332
-0.56,0.989
1.915,-3.415
0.752,-3.424
0.772,-3.287
0.016,2.007
-0.032,2.426
-0.115,1.608
-0.193,2.334
-0.252,2.369
-0.369,2.116
-0.444,2.068
-0.461,0.262
-0.451,3.044
-0.503,-0.177
-0.523,2.552
-0.713,2.836
-0.823,1.008
-0.786,1.172
-0.853,2.154
-0.886,0.879
-0.944,1.998
-0.974,1.718
-1.076,1.565
-1.042,3.222
-1.166,-0.538
-1.138,1.342
-1.225,0.246
-1.176,2.777
-1.191,2.768
-1.73,3.112
-1.756,0.915
-1.829,-0.603
-1.788,2.234
-1.832,2.128
-1.89,2.907
-1.824,0.644
-1.985,0.209
-1.987,1.416
-1.921,3.236
-1.94,1.873
-2.002,3.146
-2.029,-0.281
-2.03,0.684
-2.103,1.154
-2.092,1.474
-2.055,2.798
-2.156,0.342
-2.157,2.967
-2.328,-0.808
-2.318,-0.763
-2.503,-0.828
1.255,-1.08
1.09,-1.045
1.072,-0.879
1.052,-0.831
0.957,-0.887
0.794,-1.039
-0.14,-1.05
-0.594,-0.96
-2.369,3.065
2.948,3.299
2.237,3.011
-1.097,3.311
-1.405,3.091
-1.507,3.083
-1.944,3.332
2.434,1.728
0.683,0.053
-1.97,2.868
-2.127,-0.562
0.44,-0.811
-2.327,1.675
-2.369,2.14
-2.335,-0.19
-2.345,0.084
-2.389,2.143
-2.595,1.536
-2.479,1.145
-2.631,0.499
-2.501,1.025
-2.596,-0.59
-3.001,0.296
-3.128,1.633
3.124,0.811
3.128,0.828
3.128,2.933
3.112,2.756
-3.101,0.3
-3.138,-0.542
2.995,0.336
3.086,2.309
3.091,1.51
3.049,0.838
2.841,2.798
2.882,2.546
2.767,0.858
2.877,-0.523
2.778,3.204
2.525,0.064
2.227,2.514
2.332,0.785
2.329,1.442
2.214,2.985
2.312,1.986
2.175,2.594
2.207,2.533
1.932,1.462
1.719,2.503
1.726,2.68
1.694,2.189
1.356,1.476
1.338,1.268
1.319,1.668
1.297,2.792
1.087,0.788
1.037,3.14
1.074,-0.069
0.941,0.319
0.912,-0.563
1.035,1.292
0.856,0.171
0.932,3.193
0.782,1.53
0.397,2.694
0.456,0.043
0.278,0.912
0.165,2.63
0.283,2.317
0.101,2.788
0.114,3.018
0.085,1.286
0.139,0.875
-0.201,1.447
-0.078,0.353
-0.235,1.754
-0.607,1.012
-0.707,2.749
-0.786,1.571
-0.844,0.944
-1.11,0.28
-1.038,2.571
-1.166,0.05
-1.269,0.733
-1.328,0.356
-1.622,0.825
-1.496,0.215
-1.595,1.411
-1.741,0.558
-1.718,0.645
-1.724,-0.455
-1.854,2.869
-1.842,0.916
-1.897,1.644
-2.034,0.773
-2.097,1.317
-2.04,-0.06
-2.177,1.634
-2.044,0.828
-2.037,2.768
-2.337,-0.896
3.046,-0.972
3.036,-1.005
2.059,-1.041
-0.891,-0.776
-0.877,-0.868
-1.145,-1.019
-1.541,-0.918
-2.607,3.219
-0.173,3.218
-2.351,0.088
1.923,1.756
1.301,-0.457
-0.253,1.799
-1.997,0.676
-2.269,2.101
2.636,-0.2
2.049,2.061
1.041,2.778
-0.261,0.588
-0.257,0.59
-0.307,1.508
-0.48,2.192
-1.397,2.187
-1.53,2.844
-1.584,2.194
-1.605,2.405
-1.647,2.327
-1.608,2.823
-1.729,2.16
-2.867,1.713
1.232,0.383
0.663,1.844
0.211,0.426
-1.543,0.446
-1.788,1.744
0.465,-0.7
-1.335,-0.981
-0.364,3.34
2.111,-1.064
0.948,-1.073
0.968,-0.936
-0.048,0.419
-0.131,-0.399
-0.209,0.327
-0.268,0.362
-0.385,0.109
-0.46,0.061
-0.477,-1.745
-0.467,1.037
-0.519,-2.184
-0.539,0.545
-0.729,0.829
-0.839,-0.999
-0.802,-0.835
-0.869,0.147
-0.902,-1.128
-0.96,-0.009
-0.99,-0.289
-1.092,-0.442
-1.058,1.215
-1.182,-2.545
-1.154,-0.665
-1.241,-1.761
-1.192,0.77
-1.207,0.761
-1.746,1.105
-1.772,-1.092
-1.845,-2.61
-1.804,0.227
-1.848,0.121
-1.906,0.9
-1.84,-1.363
-2.001,-1.798
-2.003,-0.591
-1.937,1.229
-1.956,-0.134
-2.018,1.139
-2.045,-2.288
-2.046,-1.323
-2.119,-0.853
-2.108,-0.533
-2.071,0.791
-2.172,-1.665
-2.173,0.96
-2.344,-2.815
-2.334,-2.77
-2.519,-2.835
1.239,-3.087
1.074,-3.052
1.056,-2.886
1.036,-2.838
0.941,-2.894
0.778,-3.046
-0.156,-3.057
-0.61,-2.967
-2.385,1.058
2.932,1.292
2.221,1.004
-1.113,1.304
-1.421,1.084
-1.523,1.076
-1.96,1.325
2.418,-0.279
0.667,-1.954
-1.986,0.861
-2.143,-2.569
0.424,-2.818
-2.343,-0.332
-2.385,0.133
-2.351,-2.197
-2.361,-1.923
-2.405,0.136
-2.611,-0.471
-2.495,-0.862
-2.647,-1.508
-2.517,-0.982
-2.612,-2.597
-3.017,-1.711
3.139,-0.374
3.108,-1.196
3.112,-1.179
3.112,0.926
3.096,0.749
-3.117,-1.707
3.129,-2.549
2.979,-1.671
3.07,0.302
3.075,-0.497
3.033,-1.169
2.825,0.791
2.866,0.539
2.751,-1.149
2.861,-2.53
2.762,1.197
2.509,-1.943
2.211,0.507
2.316,-1.222
2.313,-0.565
2.198,0.978
2.296,-0.021
2.159,0.587
2.191,0.526
1.916,-0.545
1.703,0.496
1.71,0.673
1.678,0.182
1.34,-0.531
1.322,-0.739
1.303,-0.339
1.281,0.785
1.071,-1.219
1.021,1.133
1.058,-2.076
0.925,-1.688
0.896,-2.57
1.019,-0.715
0.84,-1.836
0.916,1.186
0.766,-0.477
0.381,0.687
0.44,-1.964
0.262,-1.095
0.149,0.623
0.267,0.31
0.085,0.781
0.098,1.011
0.069,-0.721
0.123,-1.132
-0.217,-0.56
-0.094,-1.654
-0.251,-0.253
-0.623,-0.995
-0.723,0.742
-0.802,-0.436
-0.86,-1.063
-1.126,-1.727
-1.054,0.564
-1.182,-1.957
-1.285,-1.274
-1.344,-1.651
-1.638,-1.182
-1.512,-1.792
-1.611,-0.596
-1.757,-1.449
-1.734,-1.362
-1.74,-2.462
-1.87,0.862
-1.858,-1.091
-1.913,-0.363
-2.05,-1.234
-2.113,-0.69
-2.056,-2.067
-2.193,-0.373
-2.06,-1.179
-2.053,0.761
-2.353,-2.903
3.03,-2.979
3.02,-3.012
2.043,-3.048
-0.907,-2.783
-0.893,-2.875
-1.161,-3.026
-1.557,-2.925
-2.623,1.212
-0.189,1.211
-2.367,-1.919
1.907,-0.251
1.285,-2.464
-0.269,-0.208
-2.013,-1.331
-2.285,0.094
2.62,-2.207
2.033,0.054
1.025,0.771
-0.277,-1.419
-0.273,-1.417
-0.323,-0.499
-0.496,0.185
-1.413,0.18
-1.546,0.837
-1.6,0.187
-1.621,0.398
-1.663,0.32
-1.624,0.816
-1.745,0.153
-2.883,-0.294
1.216,-1.624
0.647,-0.163
0.195,-1.581
-1.559,-1.561
-1.804,-0.263
0.449,-2.707
-1.351,-2.988
-0.38,1.333
2.095,-3.071
0.932,-3.08
0.952,-2.943
-0.083,-0.818
-0.161,-0.092
-0.22,-0.057
-0.337,-0.31
-0.412,-0.358
-0.429,-2.164
-0.419,0.618
-0.471,-2.603
-0.491,0.126
-0.681,0.41
-0.791,-1.418
-0.754,-1.254
-0.821,-0.272
-0.854,-1.547
-0.912,-0.428
-0.942,-0.708
-1.044,-0.861
-1.01,0.796
-1.134,-2.964
-1.106,-1.084
-1.193,-2.18
-1.144,0.351
-1.159,0.342
-1.698,0.686
-1.724,-1.511
-1.797,-3.029
-1.756,-0.192
-1.8,-0.298
-1.858,0.481
-1.792,-1.782
-1.953,-2.217
-1.955,-1.01
-1.889,0.81
-1.908,-0.553
-1.97,0.72
-1.997,-2.707
-1.998,-1.742
-2.071,-1.272
-2.06,-0.952
-2.023,0.372
-2.124,-2.084
-2.125,0.541
-2.296,-3.234
-2.286,-3.189
-2.471,-3.254
1.287,-3.506
1.122,-3.471
1.104,-3.305
1.084,-3.257
0.989,-3.313
0.826,-3.465
-0.108,-3.476
-0.562,-3.386
-2.337,0.639
2.98,0.873
2.269,0.585
-1.065,0.885
-1.373,0.665
-1.475,0.657
-1.912,0.906
2.466,-0.698
0.715,-2.373
-1.938,0.442
-2.095,-2.988
0.472,-3.237
-2.295,-0.751
-2.337,-0.286
-2.303,-2.616
-2.313,-2.342
-2.357,-0.283
-2.563,-0.89
-2.447,-1.281
-2.599,-1.927
-2.469,-1.401
-2.564,-3.016
-2.969,-2.13
-3.096,-0.793
-3.127,-1.615
-3.123,-1.598
-3.123,0.507
-3.139,0.33
-3.069,-2.126
-3.106,-2.968
3.027,-2.09
3.118,-0.117
3.123,-0.916
3.081,-1.588
2.873,0.372
2.914,0.12
2.799,-1.568
2.909,-2.949
2.81,0.778
2.557,-2.362
2.259,0.088
2.364,-1.641
2.361,-0.984
2.246,0.559
2.344,-0.44
2.207,0.168
2.239,0.107
1.964,-0.964
1.751,0.077
1.758,0.254
1.726,-0.237
1.388,-0.95
1.37,-1.158
1.351,-0.758
1.329,0.366
1.119,-1.638
1.069,0.714
1.106,-2.495
0.973,-2.107
0.944,-2.989
1.067,-1.134
0.888,-2.255
0.964,0.767
0.814,-0.896
0.429,0.268
0.488,-2.383
0.31,-1.514
0.197,0.204
0.315,-0.109
0.133,0.362
0.146,0.592
0.117,-1.14
0.171,-1.551
-0.169,-0.979
-0.046,-2.073
-0.203,-0.672
-0.575,-1.414
-0.675,0.323
-0.754,-0.855
-0.812,-1.482
-1.078,-2.146
-1.006,0.145
-1.134,-2.376
-1.237,-1.693
-1.296,-2.07
-1.59,-1.601
-1.464,-2.211
-1.563,-1.015
-1.709,-1.868
-1.686,-1.781
-1.692,-2.881
-1.822,0.443
-1.81,-1.51
-1.865,-0.782
-2.002,-1.653
-2.065,-1.109
-2.008,-2.486
-2.145,-0.792
-2.012,-1.598
-2.005,0.342
-2.305,-3.322
3.078,-3.398
3.068,-3.431
2.091,-3.467
-0.859,-3.202
-0.845,-3.294
-1.113,-3.445
-1.509,-3.344
-2.575,0.793
-0.141,0.792
-2.319,-2.338
1.955,-0.67
1.333,-2.883
-0.221,-0.627
-1.965,-1.75
-2.237,-0.325
2.668,-2.626
2.081,-0.365
1.073,0.352
-0.229,-1.838
-0.225,-1.836
-0.275,-0.918
-0.448,-0.234
-1.365,-0.239
-1.498,0.418
-1.552,-0.232
-1.573,-0.021
-1.615,-0.099
-1.576,0.397
-1.697,-0.266
-2.835,-0.713
1.264,-2.043
0.695,-0.582
0.243,-2.0
-1.511,-1.98
-1.756,-0.682
0.497,-3.126
-1.303,-3.407
-0.332,0.914
2.143,-3.49
0.98,-3.499
1.0,-3.362
-0.078,0.726
-0.137,0.761
-0.254,0.508
-0.329,0.46
-0.346,-1.346
-0.336,1.436
-0.388,-1.785
-0.408,0.944
-0.598,1.228
-0.708,-0.6
-0.671,-0.436
-0.738,0.546
-0.771,-0.729
-0.829,0.39
-0.859,0.11
-0.961,-0.043
-0.927,1.614
-1.051,-2.146
-1.023,-0.266
-1.11,-1.362
-1.061,1.169
-1.076,1.16
-1.615,1.504
-1.641,-0.693
-1.714,-2.211
-1.673,0.626
-1.717,0.52
-1.775,1.299
-1.709,-0.964
-1.87,-1.399
-1.872,-0.192
-1.806,1.628
-1.825,0.265
-1.887,1.538
-1.914,-1.889
-1.915,-0.924
-1.988,-0.454
-1.977,-0.134
-1.94,1.19
-2.041,-1.266
-2.042,1.359
-2.213,-2.416
-2.203,-2.371
-2.388,-2.436
1.37,-2.688
1.205,-2.653
1.187,-2.487
1.167,-2.439
1.072,-2.495
0.909,-2.647
-0.025,-2.658
-0.479,-2.568
-2.254,1.457
3.063,1.691
2.352,1.403
-0.982,1.703
-1.29,1.483
-1.392,1.475
-1.829,1.724
2.549,0.12
0.798,-1.555
-1.855,1.26
-2.012,-2.17
0.555,-2.419
-2.212,0.067
-2.254,0.532
-2.22,-1.798
-2.23,-1.524
-2.274,0.535
-2.48,-0.072
-2.364,-0.463
-2.516,-1.109
-2.386,-0.583
-2.481,-2.198
-2.886,-1.312
-3.013,0.025
-3.044,-0.797
-3.04,-0.78
-3.04,1.325
-3.056,1.148
-2.986,-1.308
-3.023,-2.15
3.11,-1.272
-3.082,0.701
-3.077,-0.098
-3.119,-0.77
2.956,1.19
2.997,0.938
2.882,-0.75
2.992,-2.131
2.893,1.596
2.64,-1.544
2.342,0.906
2.447,-0.823
2.444,-0.166
2.329,1.377
2.427,0.378
2.29,0.986
2.322,0.925
2.047,-0.146
1.834,0.895
1.841,1.072
1.809,0.581
1.471,-0.132
1.453,-0.34
1.434,0.06
1.412,1.184
1.202,-0.82
1.152,1.532
1.189,-1.677
1.056,-1.289
1.027,-2.171
1.15,-0.316
0.971,-1.437
1.047,1.585
0.897,-0.078
0.512,1.086
0.571,-1.565
0.393,-0.696
0.28,1.022
0.398,0.709
0.216,1.18
0.229,1.41
0.2,-0.322
0.254,-0.733
-0.086,-0.161
0.037,-1.255
-0.12,0.146
-0.492,-0.596
-0.592,1.141
-0.671,-0.037
-0.729,-0.664
-0.995,-1.328
-0.923,0.963
-1.051,-1.558
-1.154,-0.875
-1.213,-1.252
-1.507,-0.783
-1.381,-1.393
-1.48,-0.197
-1.626,-1.05
-1.603,-0.963
-1.609,-2.063
-1.739,1.261
-1.727,-0.692
-1.782,0.036
-1.919,-0.835
-1.982,-0.291
-1.925,-1.668
-2.062,0.026
-1.929,-0.78
-1.922,1.16
-2.222,-2.504
-3.122,-2.58
-3.132,-2.613
2.174,-2.649
-0.776,-2.384
-0.762,-2.476
-1.03,-2.627
-1.426,-2.526
-2.492,1.611
-0.058,1.61
-2.236,-1.52
2.038,0.148
1.416,-2.065
-0.138,0.191
-1.882,-0.932
-2.154,0.493
2.751,-1.808
2.164,0.453
1.156,1.17
-0.146,-1.02
-0.142,-1.018
-0.192,-0.1
-0.365,0.584
-1.282,0.579
-1.415,1.236
-1.469,0.586
-1.49,0.797
-1.532,0.719
-1.493,1.215
-1.614,0.552
-2.752,0.105
1.347,-1.225
0.778,0.236
0.326,-1.182
-1.428,-1.162
-1.673,0.136
0.58,-2.308
-1.22,-2.589
-0.249,1.732
2.226,-2.672
1.063,-2.681
1.083,-2.544
-0.059,0.035
-0.176,-0.218
-0.251,-0.266
-0.268,-2.072
-0.258,0.71
-0.31,-2.511
-0.33,0.218
-0.52,0.502
-0.63,-1.326
-0.593,-1.162
-0.66,-0.18
-0.693,-1.455
-0.751,-0.336
-0.781,-0.616
-0.883,-0.769
-0.849,0.888
-0.973,-2.872
-0.945,-0.992
-1.032,-2.088
-0.983,0.443
-0.998,0.434
-1.537,0.778
-1.563,-1.419
-1.636,-2.937
-1.595,-0.1
-1.639,-0.206
-1.697,0.573
-1.631,-1.69
-1.792,-2.125
-1.794,-0.918
-1.728,0.902
-1.747,-0.461
-1.809,0.812
-1.836,-2.615
-1.837,-1.65
-1.91,-1.18
-1.899,-0.86
-1.862,0.464
-1.963,-1.992
-1.964,0.633
-2.135,-3.142
-2.125,-3.097
-2.31,-3.162
1.448,-3.414
1.283,-3.379
1.265,-3.213
1.245,-3.165
1.15,-3.221
0.987,-3.373
0.053,-3.384
-0.401,-3.294
-2.176,0.731
3.141,0.965
2.43,0.677
-0.904,0.977
-1.212,0.757
-1.314,0.749
-1.751,0.998
2.627,-0.606
0.876,-2.281
-1.777,0.534
-1.934,-2.896
0.633,-3.145
-2.134,-0.659
-2.176,-0.194
-2.142,-2.524
-2.152,-2.25
-2.196,-0.191
-2.402,-0.798
-2.286,-1.189
-2.438,-1.835
-2.308,-1.309
-2.403,-2.924
-2.808,-2.038
-2.935,-0.701
-2.966,-1.523
-2.962,-1.506
-2.962,0.599
-2.978,0.422
-2.908,-2.034
-2.945,-2.876
-3.095,-1.998
-3.004,-0.025
-2.999,-0.824
-3.041,-1.496
3.034,0.464
3.075,0.212
2.96,-1.476
3.07,-2.857
2.971,0.87
2.718,-2.27
2.42,0.18
2.525,-1.549
2.522,-0.892
2.407,0.651
2.505,-0.348
2.368,0.26
2.4,0.199
2.125,-0.872
1.912,0.169
1.919,0.346
1.887,-0.145
1.549,-0.858
1.531,-1.066
1.512,-0.666
1.49,0.458
1.28,-1.546
1.23,0.806
1.267,-2.403
1.134,-2.015
1.105,-2.897
1.228,-1.042
1.049,-2.163
1.125,0.859
0.975,-0.804
0.59,0.36
0.649,-2.291
0.471,-1.422
0.358,0.296
0.476,-0.017
0.294,0.454
0.307,0.684
0.278,-1.048
0.332,-1.459
-0.008,-0.887
0.115,-1.981
-0.042,-0.58
-0.414,-1.322
-0.514,0.415
-0.593,-0.763
-0.651,-1.39
-0.917,-2.054
-0.845,0.237
-0.973,-2.284
-1.076,-1.601
-1.135,-1.978
-1.429,-1.509
-1.303,-2.119
-1.402,-0.923
-1.548,-1.776
-1.525,-1.689
-1.531,-2.789
-1.661,0.535
-1.649,-1.418
-1.704,-0.69
-1.841,-1.561
-1.904,-1.017
-1.847,-2.394
-1.984,-0.7
-1.851,-1.506
-1.844,0.434
-2.144,-3.23
-3.044,-3.306
-3.054,-3.339
2.252,-3.375
-0.698,-3.11
-0.684,-3.202
-0.952,-3.353
-1.348,-3.252
-2.414,0.885
0.02,0.884
-2.158,-2.246
2.116,-0.578
1.494,-2.791
-0.06,-0.535
-1.804,-1.658
-2.076,-0.233
2.829,-2.534
2.242,-0.273
1.234,0.444
-0.068,-1.746
-0.064,-1.744
-0.114,-0.826
-0.287,-0.142
-1.204,-0.147
-1.337,0.51
-1.391,-0.14
-1.412,0.071
-1.454,-0.007
-1.415,0.489
-1.536,-0.174
-2.674,-0.621
1.425,-1.951
0.856,-0.49
0.404,-1.908
-1.35,-1.888
-1.595,-0.59
0.658,-3.034
-1.142,-3.315
-0.171,1.006
2.304,-3.398
1.141,-3.407
1.161,-3.27
-0.117,-0.253
-0.192,-0.301
-0.209,-2.107
-0.199,0.675
-0.251,-2.546
-0.271,0.183
-0.461,0.467
-0.571,-1.361
-0.534,-1.197
-0.601,-0.215
-0.634,-1.49
-0.692,-0.371
-0.722,-0.651
-0.824,-0.804
-0.79,0.853
-0.914,-2.907
-0.886,-1.027
-0.973,-2.123
-0.924,0.408
-0.939,0.399
-1.478,0.743
-1.504,-1.454
-1.577,-2.972
-1.536,-0.135
-1.58,-0.241
-1.638,0.538
-1.572,-1.725
-1.733,-2.16
-1.735,-0.953
-1.669,0.867
-1.688,-0.496
-1.75,0.777
-1.777,-2.65
-1.778,-1.685
-1.851,-1.215
-1.84,-0.895
-1.803,0.429
-1.904,-2.027
-1.905,0.598
-2.076,-3.177
-2.066,-3.132
-2.251,-3.197
1.507,-3.449
1.342,-3.414
1.324,-3.248
1.304,-3.2
1.209,-3.256
1.046,-3.408
0.112,-3.419
-0.342,-3.329
-2.117,0.696
-3.083,0.93
2.489,0.642
-0.845,0.942
-1.153,0.722
-1.255,0.714
-1.692,0.963
2.686,-0.641
0.935,-2.316
-1.718,0.499
-1.875,-2.931
0.692,-3.18
-2.075,-0.694
-2.117,-0.229
-2.083,-2.559
-2.093,-2.285
-2.137,-0.226
-2.343,-0.833
-2.227,-1.224
-2.379,-1.87
-2.249,-1.344
-2.344,-2.959
-2.749,-2.073
-2.876,-0.736
-2.907,-1.558
-2.903,-1.541
-2.903,0.564
-2.919,0.387
-2.849,-2.069
-2.886,-2.911
-3.036,-2.033
-2.945,-0.06
-2.94,-0.859
-2.982,-1.531
3.093,0.429
3.134,0.177
3.019,-1.511
3.129,-2.892
3.03,0.835
2.777,-2.305
2.479,0.145
2.584,-1.584
2.581,-0.927
2.466,0.616
2.564,-0.383
2.427,0.225
2.459,0.164
2.184,-0.907
1.971,0.134
1.978,0.311
1.946,-0.18
1.608,-0.893
1.59,-1.101
1.571,-0.701
1.549,0.423
1.339,-1.581
1.289,0.771
1.326,-2.438
1.193,-2.05
1.164,-2.932
1.287,-1.077
1.108,-2.198
1.184,0.824
1.034,-0.839
0.649,0.325
0.708,-2.326
0.53,-1.457
0.417,0.261
0.535,-0.052
0.353,0.419
0.366,0.649
0.337,-1.083
0.391,-1.494
0.051,-0.922
0.174,-2.016
0.017,-0.615
-0.355,-1.357
-0.455,0.38
-0.534,-0.798
-0.592,-1.425
-0.858,-2.089
-0.786,0.202
-0.914,-2.319
-1.017,-1.636
-1.076,-2.013
-1.37,-1.544
-1.244,-2.154
-1.343,-0.958
-1.489,-1.811
-1.466,-1.724
-1.472,-2.824
-1.602,0.5
-1.59,-1.453
-1.645,-0.725
-1.782,-1.596
-1.845,-1.052
-1.788,-2.429
-1.925,-0.735
-1.792,-1.541
-1.785,0.399
-2.085,-3.265
-2.985,-3.341
-2.995,-3.374
2.311,-3.41
-0.639,-3.145
-0.625,-3.237
-0.893,-3.388
-1.289,-3.287
-2.355,0.85
0.079,0.849
-2.099,-2.281
2.175,-0.613
1.553,-2.826
-0.001,-0.57
-1.745,-1.693
-2.017,-0.268
2.888,-2.569
2.301,-0.308
1.293,0.409
-0.009,-1.781
-0.005,-1.779
-0.055,-0.861
-0.228,-0.177
-1.145,-0.182
-1.278,0.475
-1.332,-0.175
-1.353,0.036
-1.395,-0.042
-1.356,0.454
-1.477,-0.209
-2.615,-0.656
1.484,-1.986
0.915,-0.525
0.463,-1.943
-1.291,-1.923
-1.536,-0.625
0.717,-3.069
-1.083,-3.35
-0.112,0.971
2.363,-3.433
1.2,-3.442
1.22,-3.305
-0.075,-0.048
-0.092,-1.854
-0.082,0.928
-0.134,-2.293
-0.154,0.436
-0.344,0.72
-0.454,-1.108
-0.417,-0.944
-0.484,0.038
-0.517,-1.237
-0.575,-0.118
-0.605,-0.398
-0.707,-0.551
-0.673,1.106
-0.797,-2.654
-0.769,-0.774
-0.856,-1.87
-0.807,0.661
-0.822,0.652
-1.361,0.996
-1.387,-1.201
-1.46,-2.719
-1.419,0.118
-1.463,0.012
-1.521,0.791
-1.455,-1.472
-1.616,-1.907
-1.618,-0.7
-1.552,1.12
-1.571,-0.243
-1.633,1.03
-1.66,-2.397
-1.661,-1.432
-1.734,-0.962
-1.723,-0.642
-1.686,0.682
-1.787,-1.774
-1.788,0.851
-1.959,-2.924
-1.949,-2.879
-2.134,-2.944
1.624,-3.196
1.459,-3.161
1.441,-2.995
1.421,-2.947
1.326,-3.003
1.163,-3.155
0.229,-3.166
-0.225,-3.076
-2.0,0.949
-2.966,1.183
2.606,0.895
-0.728,1.195
-1.036,0.975
-1.138,0.967
-1.575,1.216
2.803,-0.388
1.052,-2.063
-1.601,0.752
-1.758,-2.678
0.809,-2.927
-1.958,-0.441
-2.0,0.024
-1.966,-2.306
-1.976,-2.032
-2.02,0.027
-2.226,-0.58
-2.11,-0.971
-2.262,-1.617
-2.132,-1.091
-2.227,-2.706
-2.632,-1.82
-2.759,-0.483
-2.79,-1.305
-2.786,-1.288
-2.786,0.817
-2.802,0.64
-2.732,-1.816
-2.769,-2.658
-2.919,-1.78
-2.828,0.193
-2.823,-0.606
-2.865,-1.278
-3.073,0.682
-3.032,0.43
3.136,-1.258
-3.037,-2.639
-3.136,1.088
2.894,-2.052
2.596,0.398
2.701,-1.331
2.698,-0.674
2.583,0.869
2.681,-0.13
2.544,0.478
2.576,0.417
2.301,-0.654
2.088,0.387
2.095,0.564
2.063,0.073
1.725,-0.64
1.707,-0.848
1.688,-0.448
1.666,0.676
1.456,-1.328
1.406,1.024
1.443,-2.185
1.31,-1.797
1.281,-2.679
1.404,-0.824
1.225,-1.945
1.301,1.077
1.151,-0.586
0.766,0.578
0.825,-2.073
0.647,-1.204
0.534,0.514
0.652,0.201
0.47,0.672
0.483,0.902
0.454,-0.83
0.508,-1.241
0.168,-0.669
0.291,-1.763
0.134,-0.362
-0.238,-1.104
-0.338,0.633
-0.417,-0.545
-0.475,-1.172
-0.741,-1.836
-0.669,0.455
-0.797,-2.066
-0.9,-1.383
-0.959,-1.76
-1.253,-1.291
-1.127,-1.901
-1.226,-0.705
-1.372,-1.558
-1.349,-1.471
-1.355,-2.571
-1.485,0.753
-1.473,-1.2
-1.528,-0.472
-1.665,-1.343
-1.728,-0.799
-1.671,-2.176
-1.808,-0.482
-1.675,-1.288
-1.668,0.652
-1.968,-3.012
-2.868,-3.088
-2.878,-3.121
2.428,-3.157
-0.522,-2.892
-0.508,-2.984
-0.776,-3.135
-1.172,-3.034
-2.238,1.103
0.196,1.102
-1.982,-2.028
2.292,-0.36
1.67,-2.573
0.116,-0.317
-1.628,-1.44
-1.9,-0.015
3.005,-2.316
2.418,-0.055
1.41,0.662
0.108,-1.528
0.112,-1.526
0.062,-0.608
-0.111,0.076
-1.028,0.071
-1.161,0.728
-1.215,0.078
-1.236,0.289
-1.278,0.211
-1.239,0.707
-1.36,0.044
-2.498,-0.403
1.601,-1.733
1.032,-0.272
0.58,-1.69
-1.174,-1.67
-1.419,-0.372
0.834,-2.816
-0.966,-3.097
0.005,1.224
2.48,-3.18
1.317,-3.189
1.337,-3.052
-0.017,-1.806
-0.007,0.976
-0.059,-2.245
-0.079,0.484
-0.269,0.768
-0.379,-1.06
-0.342,-0.896
-0.409,0.086
-0.442,-1.189
-0.5,-0.07
-0.53,-0.35
-0.632,-0.503
-0.598,1.154
-0.722,-2.606
-0.694,-0.726
-0.781,-1.822
-0.732,0.709
-0.747,0.7
-1.286,1.044
-1.312,-1.153
-1.385,-2.671
-1.344,0.166
-1.388,0.06
-1.446,0.839
-1.38,-1.424
-1.541,-1.859
-1.543,-0.652
-1.477,1.168
-1.496,-0.195
-1.558,1.078
-1.585,-2.349
-1.586,-1.384
-1.659,-0.914
-1.648,-0.594
-1.611,0.73
-1.712,-1.726
-1.713,0.899
-1.884,-2.876
-1.874,-2.831
-2.059,-2.896
1.699,-3.148
1.534,-3.113
1.516,-2.947
1.496,-2.899
1.401,-2.955
1.238,-3.107
0.304,-3.118
-0.15,-3.028
-1.925,0.997
-2.891,1.231
2.681,0.943
-0.653,1.243
-0.961,1.023
-1.063,1.015
-1.5,1.264
2.878,-0.34
1.127,-2.015
-1.526,0.8
-1.683,-2.63
0.884,-2.879
-1.883,-0.393
-1.925,0.072
-1.891,-2.258
-1.901,-1.984
-1.945,0.075
-2.151,-0.532
-2.035,-0.923
-2.187,-1.569
-2.057,-1.043
-2.152,-2.658
-2.557,-1.772
-2.684,-0.435
-2.715,-1.257
-2.711,-1.24
-2.711,0.865
-2.727,0.688
-2.657,-1.768
-2.694,-2.61
-2.844,-1.732
-2.753,0.241
-2.748,-0.558
-2.79,-1.23
-2.998,0.73
-2.957,0.478
-3.072,-1.21
-2.962,-2.591
-3.061,1.136
2.969,-2.004
2.671,0.446
2.776,-1.283
2.773,-0.626
2.658,0.917
2.756,-0.082
2.619,0.526
2.651,0.465
2.376,-0.606
2.163,0.435
2.17,0.612
2.138,0.121
1.8,-0.592
1.782,-0.8
1.763,-0.4
1.741,0.724
1.531,-1.28
1.481,1.072
1.518,-2.137
1.385,-1.749
1.356,-2.631
1.479,-0.776
1.3,-1.897
1.376,1.125
1.226,-0.538
0.841,0.626
0.9,-2.025
0.722,-1.156
0.609,0.562
0.727,0.249
0.545,0.72
0.558,0.95
0.529,-0.782
0.583,-1.193
0.243,-0.621
0.366,-1.715
0.209,-0.314
-0.163,-1.056
-0.263,0.681
-0.342,-0.497
-0.4,-1.124
-0.666,-1.788
-0.594,0.503
-0.722,-2.018
-0.825,-1.335
-0.884,-1.712
-1.178,-1.243
-1.052,-1.853
-1.151,-0.657
-1.297,-1.51
-1.274,-1.423
-1.28,-2.523
-1.41,0.801
-1.398,-1.152
-1.453,-0.424
-1.59,-1.295
-1.653,-0.751
-1.596,-2.128
-1.733,-0.434
-1.6,-1.24
-1.593,0.7
-1.893,-2.964
-2.793,-3.04
-2.803,-3.073
2.503,-3.109
-0.447,-2.844
-0.433,-2.936
-0.701,-3.087
-1.097,-2.986
-2.163,1.151
0.271,1.15
-1.907,-1.98
2.367,-0.312
1.745,-2.525
0.191,-0.269
-1.553,-1.392
-1.825,0.033
3.08,-2.268
2.493,-0.007
1.485,0.71
0.183,-1.48
0.187,-1.478
0.137,-0.56
-0.036,0.124
-0.953,0.119
-1.086,0.776
-1.14,0.126
-1.161,0.337
-1.203,0.259
-1.164,0.755
-1.285,0.092
-2.423,-0.355
1.676,-1.685
1.107,-0.224
0.655,-1.642
-1.099,-1.622
-1.344,-0.324
0.909,-2.768
-0.891,-3.049
0.08,1.272
2.555,-3.132
1.392,-3.141
1.412,-3.004
0.01,2.782
-0.042,-0.439
-0.062,2.29
-0.252,2.574
-0.362,0.746
-0.325,0.91
-0.392,1.892
-0.425,0.617
-0.483,1.736
-0.513,1.456
-0.615,1.303
-0.581,2.96
-0.705,-0.8
-0.677,1.08
-0.764,-0.016
-0.715,2.515
-0.73,2.506
-1.269,2.85
-1.295,0.653
-1.368,-0.865
-1.327,1.972
-1.371,1.866
-1.429,2.645
-1.363,0.382
-1.524,-0.053
-1.526,1.154
-1.46,2.974
-1.479,1.611
-1.541,2.884
-1.568,-0.543
-1.569,0.422
-1.642,0.892
-1.631,1.212
-1.594,2.536
-1.695,0.08
-1.696,2.705
-1.867,-1.07
-1.857,-1.025
-2.042,-1.09
1.716,-1.342
1.551,-1.307
1.533,-1.141
1.513,-1.093
1.418,-1.149
1.255,-1.301
0.321,-1.312
-0.133,-1.222
-1.908,2.803
-2.874,3.037
2.698,2.749
-0.636,3.049
-0.944,2.829
-1.046,2.821
-1.483,3.07
2.895,1.466
1.144,-0.209
-1.509,2.606
-1.666,-0.824
0.901,-1.073
-1.866,1.413
-1.908,1.878
-1.874,-0.452
-1.884,-0.178
-1.928,1.881
-2.134,1.274
-2.018,0.883
-2.17,0.237
-2.04,0.763
-2.135,-0.852
-2.54,0.034
-2.667,1.371
-2.698,0.549
-2.694,0.566
-2.694,2.671
-2.71,2.494
-2.64,0.038
-2.677,-0.804
-2.827,0.074
-2.736,2.047
-2.731,1.248
-2.773,0.576
-2.981,2.536
-2.94,2.284
-3.055,0.596
-2.945,-0.785
-3.044,2.942
2.986,-0.198
2.688,2.252
2.793,0.523
2.79,1.18
2.675,2.723
2.773,1.724
2.636,2.332
2.668,2.271
2.393,1.2
2.18,2.241
2.187,2.418
2.155,1.927
1.817,1.214
1.799,1.006
1.78,1.406
1.758,2.53
1.548,0.526
1.498,2.878
1.535,-0.331
1.402,0.057
1.373,-0.825
1.496,1.03
1.317,-0.091
1.393,2.931
1.243,1.268
0.858,2.432
0.917,-0.219
0.739,0.65
0.626,2.368
0.744,2.055
0.562,2.526
0.575,2.756
0.546,1.024
0.6,0.613
0.26,1.185
0.383,0.091
0.226,1.492
-0.146,0.75
-0.246,2.487
-0.325,1.309
-0.383,0.682
-0.649,0.018
-0.577,2.309
-0.705,-0.212
-0.808,0.471
-0.867,0.094
-1.161,0.563
-1.035,-0.047
-1.134,1.149
-1.28,0.296
-1.257,0.383
-1.263,-0.717
-1.393,2.607
-1.381,0.654
-1.436,1.382
-1.573,0.511
-1.636,1.055
-1.579,-0.322
-1.716,1.372
-1.583,0.566
-1.576,2.506
-1.876,-1.158
-2.776,-1.234
-2.786,-1.267
2.52,-1.303
-0.43,-1.038
-0.416,-1.13
-0.684,-1.281
-1.08,-1.18
-2.146,2.957
0.288,2.956
-1.89,-0.174
2.384,1.494
1.762,-0.719
0.208,1.537
-1.536,0.414
-1.808,1.839
3.097,-0.462
2.51,1.799
1.502,2.516
0.2,0.326
0.204,0.328
0.154,1.246
-0.019,1.93
-0.936,1.925
-1.069,2.582
-1.123,1.932
-1.144,2.143
-1.186,2.065
-1.147,2.561
-1.268,1.898
-2.406,1.451
1.693,0.121
1.124,1.582
0.672,0.164
-1.082,0.184
-1.327,1.482
0.926,-0.962
-0.874,-1.243
0.097,3.078
2.572,-1.326
1.409,-1.335
1.429,-1.198
-0.052,-3.221
-0.072,-0.492
-0.262,-0.208
-0.372,-2.036
-0.335,-1.872
-0.402,-0.89
-0.435,-2.165
-0.493,-1.046
-0.523,-1.326
-0.625,-1.479
-0.591,0.178
-0.715,-3.582
-0.687,-1.702
-0.774,-2.798
-0.725,-0.267
-0.74,-0.276
-1.279,0.068
-1.305,-2.129
-1.378,-3.647
-1.337,-0.81
-1.381,-0.916
-1.439,-0.137
-1.373,-2.4
-1.534,-2.835
-1.536,-1.628
-1.47,0.192
-1.489,-1.171
-1.551,0.102
-1.578,-3.325
-1.579,-2.36
-1.652,-1.89
-1.641,-1.57
-1.604,-0.246
-1.705,-2.702
-1.706,-0.077
-1.877,-3.852
-1.867,-3.807
-2.052,-3.872
1.706,-4.124
1.541,-4.089
1.523,-3.923
1.503,-3.875
1.408,-3.931
1.245,-4.083
0.311,-4.094
-0.143,-4.004
-1.918,0.021
-2.884,0.255
2.688,-0.033
-0.646,0.267
-0.954,0.047
-1.056,0.039
-1.493,0.288
2.885,-1.316
1.134,-2.991
-1.519,-0.176
-1.676,-3.606
0.891,-3.855
-1.876,-1.369
-1.918,-0.904
-1.884,-3.234
-1.894,-2.96
-1.938,-0.901
-2.144,-1.508
-2.028,-1.899
-2.18,-2.545
-2.05,-2.019
-2.145,-3.634
-2.55,-2.748
-2.677,-1.411
-2.708,-2.233
-2.704,-2.216
-2.704,-0.111
-2.72,-0.288
-2.65,-2.744
-2.687,-3.586
-2.837,-2.708
-2.746,-0.735
-2.741,-1.534
-2.783,-2.206
-2.991,-0.246
-2.95,-0.498
-3.065,-2.186
-2.955,-3.567
-3.054,0.16
2.976,-2.98
2.678,-0.53
2.783,-2.259
2.78,-1.602
2.665,-0.059
2.763,-1.058
2.626,-0.45
2.658,-0.511
2.383,-1.582
2.17,-0.541
2.177,-0.364
2.145,-0.855
1.807,-1.568
1.789,-1.776
1.77,-1.376
1.748,-0.252
1.538,-2.256
1.488,0.096
1.525,-3.113
1.392,-2.725
1.363,-3.607
1.486,-1.752
1.307,-2.873
1.383,0.149
1.233,-1.514
0.848,-0.35
0.907,-3.001
0.729,-2.132
0.616,-0.414
0.734,-0.727
0.552,-0.256
0.565,-0.026
0.536,-1.758
0.59,-2.169
0.25,-1.597
0.373,-2.691
0.216,-1.29
-0.156,-2.032
-0.256,-0.295
-0.335,-1.473
-0.393,-2.1
-0.659,-2.764
-0.587,-0.473
-0.715,-2.994
-0.818,-2.311
-0.877,-2.688
-1.171,-2.219
-1.045,-2.829
-1.144,-1.633
-1.29,-2.486
-1.267,-2.399
-1.273,-3.499
-1.403,-0.175
-1.391,-2.128
-1.446,-1.4
-1.583,-2.271
-1.646,-1.727
-1.589,-3.104
-1.726,-1.41
-1.593,-2.216
-1.586,-0.276
-1.886,-3.94
-2.786,-4.016
-2.796,-4.049
2.51,-4.085
-0.44,-3.82
-0.426,-3.912
-0.694,-4.063
-1.09,-3.962
-2.156,0.175
0.278,0.174
-1.9,-2.956
2.374,-1.288
1.752,-3.501
0.198,-1.245
-1.546,-2.368
-1.818,-0.943
3.087,-3.244
2.5,-0.983
1.492,-0.266
0.19,-2.456
0.194,-2.454
0.144,-1.536
-0.029,-0.852
-0.946,-0.857
-1.079,-0.2
-1.133,-0.85
-1.154,-0.639
-1.196,-0.717
-1.157,-0.221
-1.278,-0.884
-2.416,-1.331
1.683,-2.661
1.114,-1.2
0.662,-2.618
-1.092,-2.598
-1.337,-1.3
0.916,-3.744
-0.884,-4.025
0.087,0.296
2.562,-4.108
1.399,-4.117
1.419,-3.98
-0.02,2.729
-0.21,3.013
-0.32,1.185
-0.283,1.349
-0.35,2.331
-0.383,1.056
-0.441,2.175
-0.471,1.895
-0.573,1.742
-0.539,3.399
-0.663,-0.361
-0.635,1.519
-0.722,0.423
-0.673,2.954
-0.688,2.945
-1.227,3.289
-1.253,1.092
-1.326,-0.426
-1.285,2.411
-1.329,2.305
-1.387,3.084
-1.321,0.821
-1.482,0.386
-1.484,1.593
-1.418,3.413
-1.437,2.05
-1.499,3.323
-1.526,-0.104
-1.527,0.861
-1.6,1.331
-1.589,1.651
-1.552,2.975
-1.653,0.519
-1.654,3.144
-1.825,-0.631
-1.815,-0.586
-2.0,-0.651
1.758,-0.903
1.593,-0.868
1.575,-0.702
1.555,-0.654
1.46,-0.71
1.297,-0.862
0.363,-0.873
-0.091,-0.783
-1.866,3.242
-2.832,3.476
2.74,3.188
-0.594,3.488
-0.902,3.268
-1.004,3.26
-1.441,3.509
2.937,1.905
1.186,0.23
-1.467,3.045
-1.624,-0.385
0.943,-0.634
-1.824,1.852
-1.866,2.317
-1.832,-0.013
-1.842,0.261
-1.886,2.32
-2.092,1.713
-1.976,1.322
-2.128,0.676
-1.998,1.202
-2.093,-0.413
-2.498,0.473
-2.625,1.81
-2.656,0.988
-2.652,1.005
-2.652,3.11
-2.668,2.933
-2.598,0.477
-2.635,-0.365
-2.785,0.513
-2.694,2.486
-2.689,1.687
-2.731,1.015
-2.939,2.975
-2.898,2.723
-3.013,1.035
-2.903,-0.346
-3.002,3.381
3.028,0.241
2.73,2.691
2.835,0.962
2.832,1.619
2.717,3.162
2.815,2.163
2.678,2.771
2.71,2.71
2.435,1.639
2.222,2.68
2.229,2.857
2.197,2.366
1.859,1.653
1.841,1.445
1.822,1.845
1.8,2.969
1.59,0.965
1.54,3.317
1.577,0.108
1.444,0.496
1.415,-0.386
1.538,1.469
1.359,0.348
1.435,3.37
1.285,1.707
0.9,2.871
0.959,0.22
0.781,1.089
0.668,2.807
0.786,2.494
0.604,2.965
0.617,3.195
0.588,1.463
0.642,1.052
0.302,1.624
0.425,0.53
0.268,1.931
-0.104,1.189
-0.204,2.926
-0.283,1.748
-0.341,1.121
-0.607,0.457
-0.535,2.748
-0.663,0.227
-0.766,0.91
-0.825,0.533
-1.119,1.002
-0.993,0.392
-1.092,1.588
-1.238,0.735
-1.215,0.822
-1.221,-0.278
-1.351,3.046
-1.339,1.093
-1.394,1.821
-1.531,0.95
-1.594,1.494
-1.537,0.117
-1.674,1.811
-1.541,1.005
-1.534,2.945
-1.834,-0.719
-2.734,-0.795
-2.744,-0.828
2.562,-0.864
-0.388,-0.599
-0.374,-0.691
-0.642,-0.842
-1.038,-0.741
-2.104,3.396
0.33,3.395
-1.848,0.265
2.426,1.933
1.804,-0.28
0.25,1.976
-1.494,0.853
-1.766,2.278
3.139,-0.023
2.552,2.238
1.544,2.955
0.242,0.765
0.246,0.767
0.196,1.685
0.023,2.369
-0.894,2.364
-1.027,3.021
-1.081,2.371
-1.102,2.582
-1.144,2.504
-1.105,3.0
-1.226,2.337
-2.364,1.89
1.735,0.56
1.166,2.021
0.714,0.603
-1.04,0.623
-1.285,1.921
0.968,-0.523
-0.832,-0.804
0.139,3.517
2.614,-0.887
1.451,-0.896
1.471,-0.759
-0.19,0.284
-0.3,-1.544
-0.263,-1.38
-0.33,-0.398
-0.363,-1.673
-0.421,-0.554
-0.451,-0.834
-0.553,-0.987
-0.519,0.67
-0.643,-3.09
-0.615,-1.21
-0.702,-2.306
-0.653,0.225
-0.668,0.216
-1.207,0.56
-1.233,-1.637
-1.306,-3.155
-1.265,-0.318
-1.309,-0.424
-1.367,0.355
-1.301,-1.908
-1.462,-2.343
-1.464,-1.136
-1.398,0.684
-1.417,-0.679
-1.479,0.594
-1.506,-2.833
-1.507,-1.868
-1.58,-1.398
-1.569,-1.078
-1.532,0.246
-1.633,-2.21
-1.634,0.415
-1.805,-3.36
-1.795,-3.315
-1.98,-3.38
1.778,-3.632
1.613,-3.597
1.595,-3.431
1.575,-3.383
1.48,-3.439
1.317,-3.591
0.383,-3.602
-0.071,-3.512
-1.846,0.513
-2.812,0.747
2.76,0.459
-0.574,0.759
-0.882,0.539
-0.984,0.531
-1.421,0.78
2.957,-0.824
1.206,-2.499
-1.447,0.316
-1.604,-3.114
0.963,-3.363
-1.804,-0.877
-1.846,-0.412
-1.812,-2.742
-1.822,-2.468
-1.866,-0.409
-2.072,-1.016
-1.956,-1.407
-2.108,-2.053
-1.978,-1.527
-2.073,-3.142
-2.478,-2.256
-2.605,-0.919
-2.636,-1.741
-2.632,-1.724
-2.632,0.381
-2.648,0.204
-2.578,-2.252
-2.615,-3.094
-2.765,-2.216
-2.674,-0.243
-2.669,-1.042
-2.711,-1.714
-2.919,0.246
-2.878,-0.006
-2.993,-1.694
-2.883,-3.075
-2.982,0.652
3.048,-2.488
2.75,-0.038
2.855,-1.767
2.852,-1.11
2.737,0.433
2.835,-0.566
2.698,0.042
2.73,-0.019
2.455,-1.09
2.242,-0.049
2.249,0.128
2.217,-0.363
1.879,-1.076
1.861,-1.284
1.842,-0.884
1.82,0.24
1.61,-1.764
1.56,0.588
1.597,-2.621
1.464,-2.233
1.435,-3.115
1.558,-1.26
1.379,-2.381
1.455,0.641
1.305,-1.022
0.92,0.142
0.979,-2.509
0.801,-1.64
0.688,0.078
0.806,-0.235
0.624,0.236
0.637,0.466
0.608,-1.266
0.662,-1.677
0.322,-1.105
0.445,-2.199
0.288,-0.798
-0.084,-1.54
-0.184,0.197
-0.263,-0.981
-0.321,-1.608
-0.587,-2.272
-0.515,0.019
-0.643,-2.502
-0.746,-1.819
-0.805,-2.196
-1.099,-1.727
-0.973,-2.337
-1.072,-1.141
-1.218,-1.994
-1.195,-1.907
-1.201,-3.007
-1.331,0.317
-1.319,-1.636
-1.374,-0.908
-1.511,-1.779
-1.574,-1.235
-1.517,-2.612
-1.654,-0.918
-1.521,-1.724
-1.514,0.216
-1.814,-3.448
-2.714,-3.524
-2.724,-3.557
2.582,-3.593
-0.368,-3.328
-0.354,-3.42
-0.622,-3.571
-1.018,-3.47
-2.084,0.667
0.35,0.666
-1.828,-2.464
2.446,-0.796
1.824,-3.009
0.27,-0.753
-1.474,-1.876
-1.746,-0.451
-3.124,-2.752
2.572,-0.491
1.564,0.226
0.262,-1.964
0.266,-1.962
0.216,-1.044
0.043,-0.36
-0.874,-0.365
-1.007,0.292
-1.061,-0.358
-1.082,-0.147
-1.124,-0.225
-1.085,0.271
-1.206,-0.392
-2.344,-0.839
1.755,-2.169
1.186,-0.708
0.734,-2.126
-1.02,-2.106
-1.265,-0.808
0.988,-3.252
-0.812,-3.533
0.159,0.788
2.634,-3.616
1.471,-3.625
1.491,-3.488
-0.11,-1.828
-0.073,-1.664
-0.14,-0.682
-0.173,-1.957
-0.231,-0.838
-0.261,-1.118
-0.363,-1.271
-0.329,0.386
-0.453,-3.374
-0.425,-1.494
-0.512,-2.59
-0.463,-0.059
-0.478,-0.068
-1.017,0.276
-1.043,-1.921
-1.116,-3.439
-1.075,-0.602
-1.119,-0.708
-1.177,0.071
-1.111,-2.192
-1.272,-2.627
-1.274,-1.42
-1.208,0.4
-1.227,-0.963
-1.289,0.31
-1.316,-3.117
-1.317,-2.152
-1.39,-1.682
-1.379,-1.362
-1.342,-0.038
-1.443,-2.494
-1.444,0.131
-1.615,-3.644
-1.605,-3.599
-1.79,-3.664
1.968,-3.916
1.803,-3.881
1.785,-3.715
1.765,-3.667
1.67,-3.723
1.507,-3.875
0.573,-3.886
0.119,-3.796
-1.656,0.229
-2.622,0.463
2.95,0.175
-0.384,0.475
-0.692,0.255
-0.794,0.247
-1.231,0.496
-3.136,-1.108
1.396,-2.783
-1.257,0.032
-1.414,-3.398
1.153,-3.647
-1.614,-1.161
-1.656,-0.696
-1.622,-3.026
-1.632,-2.752
-1.676,-0.693
-1.882,-1.3
-1.766,-1.691
-1.918,-2.337
-1.788,-1.811
-1.883,-3.426
-2.288,-2.54
-2.415,-1.203
-2.446,-2.025
-2.442,-2.008
-2.442,0.097
-2.458,-0.08
-2.388,-2.536
-2.425,-3.378
-2.575,-2.5
-2.484,-0.527
-2.479,-1.326
-2.521,-1.998
-2.729,-0.038
-2.688,-0.29
-2.803,-1.978
-2.693,-3.359
-2.792,0.368
-3.045,-2.772
2.94,-0.322
3.045,-2.051
3.042,-1.394
2.927,0.149
3.025,-0.85
2.888,-0.242
2.92,-0.303
2.645,-1.374
2.432,-0.333
2.439,-0.156
2.407,-0.647
2.069,-1.36
2.051,-1.568
2.032,-1.168
2.01,-0.044
1.8,-2.048
1.75,0.304
1.787,-2.905
1.654,-2.517
1.625,-3.399
1.748,-1.544
1.569,-2.665
1.645,0.357
1.495,-1.306
1.11,-0.142
1.169,-2.793
0.991,-1.924
0.878,-0.206
0.996,-0.519
0.814,-0.048
0.827,0.182
0.798,-1.55
0.852,-1.961
0.512,-1.389
0.635,-2.483
0.478,-1.082
0.106,-1.824
0.006,-0.087
-0.073,-1.265
-0.131,-1.892
-0.397,-2.556
-0.325,-0.265
-0.453,-2.786
-0.556,-2.103
-0.615,-2.48
-0.909,-2.011
-0.783,-2.621
-0.882,-1.425
-1.028,-2.278
-1.005,-2.191
-1.011,-3.291
-1.141,0.033
-1.129,-1.92
-1.184,-1.192
-1.321,-2.063
-1.384,-1.519
-1.327,-2.896
-1.464,-1.202
-1.331,-2.008
-1.324,-0.068
-1.624,-3.732
-2.524,-3.808
-2.534,-3.841
2.772,-3.877
-0.178,-3.612
-0.164,-3.704
-0.432,-3.855
-0.828,-3.754
-1.894,0.383
0.54,0.382
-1.638,-2.748
2.636,-1.08
2.014,-3.293
0.46,-1.037
-1.284,-2.16
-1.556,-0.735
-2.934,-3.036
2.762,-0.775
1.754,-0.058
0.452,-2.248
0.456,-2.246
0.406,-1.328
0.233,-0.644
-0.684,-0.649
-0.817,0.008
-0.871,-0.642
-0.892,-0.431
-0.934,-0.509
-0.895,-0.013
-1.016,-0.676
-2.154,-1.123
1.945,-2.453
1.376,-0.992
0.924,-2.41
-0.83,-2.39
-1.075,-1.092
1.178,-3.536
-0.622,-3.817
0.349,0.504
2.824,-3.9
1.661,-3.909
1.681,-3.772
0.037,0.164
-0.03,1.146
-0.063,-0.129
-0.121,0.99
-0.151,0.71
-0.253,0.557
-0.219,2.214
-0.343,-1.546
-0.315,0.334
-0.402,-0.762
-0.353,1.769
-0.368,1.76
-0.907,2.104
-0.933,-0.093
-1.006,-1.611
-0.965,1.226
-1.009,1.12
-1.067,1.899
-1.001,-0.364
-1.162,-0.799
-1.164,0.408
-1.098,2.228
-1.117,0.865
-1.179,2.138
-1.206,-1.289
-1.207,-0.324
-1.28,0.146
-1.269,0.466
-1.232,1.79
-1.333,-0.666
-1.334,1.959
-1.505,-1.816
-1.495,-1.771
-1.68,-1.836
2.078,-2.088
1.913,-2.053
1.895,-1.887
1.875,-1.839
1.78,-1.895
1.617,-2.047
0.683,-2.058
0.229,-1.968
-1.546,2.057
-2.512,2.291
3.06,2.003
-0.274,2.303
-0.582,2.083
-0.684,2.075
-1.121,2.324
-3.026,0.72
1.506,-0.955
-1.147,1.86
-1.304,-1.57
1.263,-1.819
-1.504,0.667
-1.546,1.132
-1.512,-1.198
-1.522,-0.924
-1.566,1.135
-1.772,0.528
-1.656,0.137
-1.808,-0.509
-1.678,0.017
-1.773,-1.598
-2.178,-0.712
-2.305,0.625
-2.336,-0.197
-2.332,-0.18
-2.332,1.925
-2.348,1.748
-2.278,-0.708
-2.315,-1.55
-2.465,-0.672
-2.374,1.301
-2.369,0.502
-2.411,-0.17
-2.619,1.79
-2.578,1.538
-2.693,-0.15
-2.583,-1.531
-2.682,2.196
-2.935,-0.944
3.05,1.506
-3.128,-0.223
-3.131,0.434
3.037,1.977
3.135,0.978
2.998,1.586
3.03,1.525
2.755,0.454
2.542,1.495
2.549,1.672
2.517,1.181
2.179,0.468
2.161,0.26
2.142,0.66
2.12,1.784
1.91,-0.22
1.86,2.132
1.897,-1.077
1.764,-0.689
1.735,-1.571
1.858,0.284
1.679,-0.837
1.755,2.185
1.605,0.522
1.22,1.686
1.279,-0.965
1.101,-0.096
0.988,1.622
1.106,1.309
0.924,1.78
0.937,2.01
0.908,0.278
0.962,-0.133
0.622,0.439
0.745,-0.655
0.588,0.746
0.216,0.004
0.116,1.741
0.037,0.563
-0.021,-0.064
-0.287,-0.728
-0.215,1.563
-0.343,-0.958
-0.446,-0.275
-0.505,-0.652
-0.799,-0.183
-0.673,-0.793
-0.772,0.403
-0.918,-0.45
-0.895,-0.363
-0.901,-1.463
-1.031,1.861
-1.019,-0.092
-1.074,0.636
-1.211,-0.235
-1.274,0.309
-1.217,-1.068
-1.354,0.626
-1.221,-0.18
-1.214,1.76
-1.514,-1.904
-2.414,-1.98
-2.424,-2.013
2.882,-2.049
-0.068,-1.784
-0.054,-1.876
-0.322,-2.027
-0.718,-1.926
-1.784,2.211
0.65,2.21
-1.528,-0.92
2.746,0.748
2.124,-1.465
0.57,0.791
-1.174,-0.332
-1.446,1.093
-2.824,-1.208
2.872,1.053
1.864,1.77
0.562,-0.42
0.566,-0.418
0.516,0.5
0.343,1.184
-0.574,1.179
-0.707,1.836
-0.761,1.186
-0.782,1.397
-0.824,1.319
-0.785,1.815
-0.906,1.152
-2.044,0.705
2.055,-0.625
1.486,0.836
1.034,-0.582
-0.72,-0.562
-0.965,0.736
1.288,-1.708
-0.512,-1.989
0.459,2.332
2.934,-2.072
1.771,-2.081
1.791,-1.944
-0.067,0.982
-0.1,-0.293
-0.158,0.826
-0.188,0.546
-0.29,0.393
-0.256,2.05
-0.38,-1.71
-0.352,0.17
-0.439,-0.926
-0.39,1.605
-0.405,1.596
-0.944,1.94
-0.97,-0.257
-1.043,-1.775
-1.002,1.062
-1.046,0.956
-1.104,1.735
-1.038,-0.528
-1.199,-0.963
-1.201,0.244
-1.135,2.064
-1.154,0.701
-1.216,1.974
-1.243,-1.453
-1.244,-0.488
-1.317,-0.018
-1.306,0.302
-1.269,1.626
-1.37,-0.83
-1.371,1.795
-1.542,-1.98
-1.532,-1.935
-1.717,-2.0
2.041,-2.252
1.876,-2.217
1.858,-2.051
1.838,-2.003
1.743,-2.059
1.58,-2.211
0.646,-2.222
0.192,-2.132
-1.583,1.893
-2.549,2.127
3.023,1.839
-0.311,2.139
-0.619,1.919
-0.721,1.911
-1.158,2.16
-3.063,0.556
1.469,-1.119
-1.184,1.696
-1.341,-1.734
1.226,-1.983
-1.541,0.503
-1.583,0.968
-1.549,-1.362
-1.559,-1.088
-1.603,0.971
-1.809,0.364
-1.693,-0.027
-1.845,-0.673
-1.715,-0.147
-1.81,-1.762
-2.215,-0.876
-2.342,0.461
-2.373,-0.361
-2.369,-0.344
-2.369,1.761
-2.385,1.584
-2.315,-0.872
-2.352,-1.714
-2.502,-0.836
-2.411,1.137
-2.406,0.338
-2.448,-0.334
-2.656,1.626
-2.615,1.374
-2.73,-0.314
-2.62,-1.695
-2.719,2.032
-2.972,-1.108
3.013,1.342
3.118,-0.387
3.115,0.27
3.0,1.813
3.098,0.814
2.961,1.422
2.993,1.361
2.718,0.29
2.505,1.331
2.512,1.508
2.48,1.017
2.142,0.304
2.124,0.096
2.105,0.496
2.083,1.62
1.873,-0.384
1.823,1.968
1.86,-1.241
1.727,-0.853
1.698,-1.735
1.821,0.12
1.642,-1.001
1.718,2.021
1.568,0.358
1.183,1.522
1.242,-1.129
1.064,-0.26
0.951,1.458
1.069,1.145
0.887,1.616
0.9,1.846
0.871,0.114
0.925,-0.297
0.585,0.275
0.708,-0.819
0.551,0.582
0.179,-0.16
0.079,1.577
0.0,0.399
-0.058,-0.228
-0.324,-0.892
-0.252,1.399
-0.38,-1.122
-0.483,-0.439
-0.542,-0.816
-0.836,-0.347
-0.71,-0.957
-0.809,0.239
-0.955,-0.614
-0.932,-0.527
-0.938,-1.627
-1.068,1.697
-1.056,-0.256
-1.111,0.472
-1.248,-0.399
-1.311,0.145
-1.254,-1.232
-1.391,0.462
-1.258,-0.344
-1.251,1.596
-1.551,-2.068
-2.451,-2.144
-2.461,-2.177
2.845,-2.213
-0.105,-1.948
-0.091,-2.04
-0.359,-2.191
-0.755,-2.09
-1.821,2.047
0.613,2.046
-1.565,-1.084
2.709,0.584
2.087,-1.629
0.533,0.627
-1.211,-0.496
-1.483,0.929
-2.861,-1.372
2.835,0.889
1.827,1.606
0.525,-0.584
0.529,-0.582
0.479,0.336
0.306,1.02
-0.611,1.015
-0.744,1.672
-0.798,1.022
-0.819,1.233
-0.861,1.155
-0.822,1.651
-0.943,0.988
-2.081,0.541
2.018,-0.789
1.449,0.672
0.997,-0.746
-0.757,-0.726
-1.002,0.572
1.251,-1.872
-0.549,-2.153
0.422,2.168
2.897,-2.236
1.734,-2.245
1.754,-2.108
-0.033,-1.275
-0.091,-0.156
-0.121,-0.436
-0.223,-0.589
-0.189,1.068
-0.313,-2.692
-0.285,-0.812
-0.372,-1.908
-0.323,0.623
-0.338,0.614
-0.877,0.958
-0.903,-1.239
-0.976,-2.757
-0.935,0.08
-0.979,-0.026
-1.037,0.753
-0.971,-1.51
-1.132,-1.945
-1.134,-0.738
-1.068,1.082
-1.087,-0.281
-1.149,0.992
-1.176,-2.435
-1.177,-1.47
-1.25,-1.0
-1.239,-0.68
-1.202,0.644
-1.303,-1.812
-1.304,0.813
-1.475,-2.962
-1.465,-2.917
-1.65,-2.982
2.108,-3.234
1.943,-3.199
1.925,-3.033
1.905,-2.985
1.81,-3.041
1.647,-3.193
0.713,-3.204
0.259,-3.114
-1.516,0.911
-2.482,1.145
3.09,0.857
-0.244,1.157
-0.552,0.937
-0.654,0.929
-1.091,1.178
-2.996,-0.426
1.536,-2.101
-1.117,0.714
-1.274,-2.716
1.293,-2.965
-1.474,-0.479
-1.516,-0.014
-1.482,-2.344
-1.492,-2.07
-1.536,-0.011
-1.742,-0.618
-1.626,-1.009
-1.778,-1.655
-1.648,-1.129
-1.743,-2.744
-2.148,-1.858
-2.275,-0.521
-2.306,-1.343
-2.302,-1.326
-2.302,0.779
-2.318,0.602
-2.248,-1.854
-2.285,-2.696
-2.435,-1.818
-2.344,0.155
-2.339,-0.644
-2.381,-1.316
-2.589,0.644
-2.548,0.392
-2.663,-1.296
-2.553,-2.677
-2.652,1.05
-2.905,-2.09
3.08,0.36
-3.098,-1.369
-3.101,-0.712
3.067,0.831
-3.118,-0.168
3.028,0.44
3.06,0.379
2.785,-0.692
2.572,0.349
2.579,0.526
2.547,0.035
2.209,-0.678
2.191,-0.886
2.172,-0.486
2.15,0.638
1.94,-1.366
1.89,0.986
1.927,-2.223
1.794,-1.835
1.765,-2.717
1.888,-0.862
1.709,-1.983
1.785,1.039
1.635,-0.624
1.25,0.54
1.309,-2.111
1.131,-1.242
1.018,0.476
1.136,0.163
0.954,0.634
0.967,0.864
0.938,-0.868
0.992,-1.279
0.652,-0.707
0.775,-1.801
0.618,-0.4
0.246,-1.142
0.146,0.595
0.067,-0.583
0.009,-1.21
-0.257,-1.874
-0.185,0.417
-0.313,-2.104
-0.416,-1.421
-0.475,-1.798
-0.769,-1.329
-0.643,-1.939
-0.742,-0.743
-0.888,-1.596
-0.865,-1.509
-0.871,-2.609
-1.001,0.715
-0.989,-1.238
-1.044,-0.51
-1.181,-1.381
-1.244,-0.837
-1.187,-2.214
-1.324,-0.52
-1.191,-1.326
-1.184,0.614
-1.484,-3.05
-2.384,-3.126
-2.394,-3.159
2.912,-3.195
-0.038,-2.93
-0.024,-3.022
-0.292,-3.173
-0.688,-3.072
-1.754,1.065
0.68,1.064
-1.498,-2.066
2.776,-0.398
2.154,-2.611
0.6,-0.355
-1.144,-1.478
-1.416,-0.053
-2.794,-2.354
2.902,-0.093
1.894,0.624
0.592,-1.566
0.596,-1.564
0.546,-0.646
0.373,0.038
-0.544,0.033
-0.677,0.69
-0.731,0.04
-0.752,0.251
-0.794,0.173
-0.755,0.669
-0.876,0.006
-2.014,-0.441
2.085,-1.771
1.516,-0.31
1.064,-1.728
-0.69,-1.708
-0.935,-0.41
1.318,-2.854
-0.482,-3.135
0.489,1.186
2.964,-3.218
1.801,-3.227
1.821,-3.09
-0.058,1.119
-0.088,0.839
-0.19,0.686
-0.156,2.343
-0.28,-1.417
-0.252,0.463
-0.339,-0.633
-0.29,1.898
-0.305,1.889
-0.844,2.233
-0.87,0.036
-0.943,-1.482
-0.902,1.355
-0.946,1.249
-1.004,2.028
-0.938,-0.235
-1.099,-0.67
-1.101,0.537
-1.035,2.357
-1.054,0.994
-1.116,2.267
-1.143,-1.16
-1.144,-0.195
-1.217,0.275
-1.206,0.595
-1.169,1.919
-1.27,-0.537
-1.271,2.088
-1.442,-1.687
-1.432,-1.642
-1.617,-1.707
2.141,-1.959
1.976,-1.924
1.958,-1.758
1.938,-1.71
1.843,-1.766
1.68,-1.918
0.746,-1.929
0.292,-1.839
-1.483,2.186
-2.449,2.42
3.123,2.132
-0.211,2.432
-0.519,2.212
-0.621,2.204
-1.058,2.453
-2.963,0.849
1.569,-0.826
-1.084,1.989
-1.241,-1.441
1.326,-1.69
-1.441,0.796
-1.483,1.261
-1.449,-1.069
-1.459,-0.795
-1.503,1.264
-1.709,0.657
-1.593,0.266
-1.745,-0.38
-1.615,0.146
-1.71,-1.469
-2.115,-0.583
-2.242,0.754
-2.273,-0.068
-2.269,-0.051
-2.269,2.054
-2.285,1.877
-2.215,-0.579
-2.252,-1.421
-2.402,-0.543
-2.311,1.43
-2.306,0.631
-2.348,-0.041
-2.556,1.919
-2.515,1.667
-2.63,-0.021
-2.52,-1.402
-2.619,2.325
-2.872,-0.815
3.113,1.635
-3.065,-0.094
-3.068,0.563
3.1,2.106
-3.085,1.107
3.061,1.715
3.093,1.654
2.818,0.583
2.605,1.624
2.612,1.801
2.58,1.31
2.242,0.597
2.224,0.389
2.205,0.789
2.183,1.913
1.973,-0.091
1.923,2.261
1.96,-0.948
1.827,-0.56
1.798,-1.442
1.921,0.413
1.742,-0.708
1.818,2.314
1.668,0.651
1.283,1.815
1.342,-0.836
1.164,0.033
1.051,1.751
1.169,1.438
0.987,1.909
1.0,2.139
0.971,0.407
1.025,-0.004
0.685,0.568
0.808,-0.526
0.651,0.875
0.279,0.133
0.179,1.87
0.1,0.692
0.042,0.065
-0.224,-0.599
-0.152,1.692
-0.28,-0.829
-0.383,-0.146
-0.442,-0.523
-0.736,-0.054
-0.61,-0.664
-0.709,0.532
-0.855,-0.321
-0.832,-0.234
-0.838,-1.334
-0.968,1.99
-0.956,0.037
-1.011,0.765
-1.148,-0.106
-1.211,0.438
-1.154,-0.939
-1.291,0.755
-1.158,-0.051
-1.151,1.889
-1.451,-1.775
-2.351,-1.851
-2.361,-1.884
2.945,-1.92
-0.005,-1.655
0.009,-1.747
-0.259,-1.898
-0.655,-1.797
-1.721,2.34
0.713,2.339
-1.465,-0.791
2.809,0.877
2.187,-1.336
0.633,0.92
-1.111,-0.203
-1.383,1.222
-2.761,-1.079
2.935,1.182
1.927,1.899
0.625,-0.291
0.629,-0.289
0.579,0.629
0.406,1.313
-0.511,1.308
-0.644,1.965
-0.698,1.315
-0.719,1.526
-0.761,1.448
-0.722,1.944
-0.843,1.281
-1.981,0.834
2.118,-0.496
1.549,0.965
1.097,-0.453
-0.657,-0.433
-0.902,0.865
1.351,-1.579
-0.449,-1.86
0.522,2.461
2.997,-1.943
1.834,-1.952
1.854,-1.815
-0.03,-0.28
-0.132,-0.433
-0.098,1.224
-0.222,-2.536
-0.194,-0.656
-0.281,-1.752
-0.232,0.779
-0.247,0.77
-0.786,1.114
-0.812,-1.083
-0.885,-2.601
-0.844,0.236
-0.888,0.13
-0.946,0.909
-0.88,-1.354
-1.041,-1.789
-1.043,-0.582
-0.977,1.238
-0.996,-0.125
-1.058,1.148
-1.085,-2.279
-1.086,-1.314
-1.159,-0.844
-1.148,-0.524
-1.111,0.8
-1.212,-1.656
-1.213,0.969
-1.384,-2.806
-1.374,-2.761
-1.559,-2.826
2.199,-3.078
2.034,-3.043
2.016,-2.877
1.996,-2.829
1.901,-2.885
1.738,-3.037
0.804,-3.048
0.35,-2.958
-1.425,1.067
-2.391,1.301
-3.102,1.013
-0.153,1.313
-0.461,1.093
-0.563,1.085
-1.0,1.334
-2.905,-0.27
1.627,-1.945
-1.026,0.87
-1.183,-2.56
1.384,-2.809
-1.383,-0.323
-1.425,0.142
-1.391,-2.188
-1.401,-1.914
-1.445,0.145
-1.651,-0.462
-1.535,-0.853
-1.687,-1.499
-1.557,-0.973
-1.652,-2.588
-2.057,-1.702
-2.184,-0.365
-2.215,-1.187
-2.211,-1.17
-2.211,0.935
-2.227,0.758
-2.157,-1.698
-2.194,-2.54
-2.344,-1.662
-2.253,0.311
-2.248,-0.488
-2.29,-1.16
-2.498,0.8
-2.457,0.548
-2.572,-1.14
-2.462,-2.521
-2.561,1.206
-2.814,-1.934
-3.112,0.516
-3.007,-1.213
-3.01,-0.556
-3.125,0.987
-3.027,-0.012
3.119,0.596
-3.132,0.535
2.876,-0.536
2.663,0.505
2.67,0.682
2.638,0.191
2.3,-0.522
2.282,-0.73
2.263,-0.33
2.241,0.794
2.031,-1.21
1.981,1.142
2.018,-2.067
1.885,-1.679
1.856,-2.561
1.979,-0.706
1.8,-1.827
1.876,1.195
1.726,-0.468
1.341,0.696
1.4,-1.955
1.222,-1.086
1.109,0.632
1.227,0.319
1.045,0.79
1.058,1.02
1.029,-0.712
1.083,-1.123
0.743,-0.551
0.866,-1.645
0.709,-0.244
0.337,-0.986
0.237,0.751
0.158,-0.427
0.1,-1.054
-0.166,-1.718
-0.094,0.573
-0.222,-1.948
-0.325,-1.265
-0.384,-1.642
-0.678,-1.173
-0.552,-1.783
-0.651,-0.587
-0.797,-1.44
-0.774,-1.353
-0.78,-2.453
-0.91,0.871
-0.898,-1.082
-0.953,-0.354
-1.09,-1.225
-1.153,-0.681
-1.096,-2.058
-1.233,-0.364
-1.1,-1.17
-1.093,0.77
-1.393,-2.894
-2.293,-2.97
-2.303,-3.003
3.003,-3.039
0.053,-2.774
0.067,-2.866
-0.201,-3.017
-0.597,-2.916
-1.663,1.221
0.771,1.22
-1.407,-1.91
2.867,-0.242
2.245,-2.455
0.691,-0.199
-1.053,-1.322
-1.325,0.103
-2.703,-2.198
2.993,0.063
1.985,0.78
0.683,-1.41
0.687,-1.408
0.637,-0.49
0.464,0.194
-0.453,0.189
-0.586,0.846
-0.64,0.196
-0.661,0.407
-0.703,0.329
-0.664,0.825
-0.785,0.162
-1.923,-0.285
2.176,-1.615
1.607,-0.154
1.155,-1.572
-0.599,-1.552
-0.844,-0.254
1.409,-2.698
-0.391,-2.979
0.58,1.342
3.055,-3.062
1.892,-3.071
1.912,-2.934
-0.102,-0.153
-0.068,1.504
-0.192,-2.256
-0.164,-0.376
-0.251,-1.472
-0.202,1.059
-0.217,1.05
-0.756,1.394
-0.782,-0.803
-0.855,-2.321
-0.814,0.516
-0.858,0.41
-0.916,1.189
-0.85,-1.074
-1.011,-1.509
-1.013,-0.302
-0.947,1.518
-0.966,0.155
-1.028,1.428
-1.055,-1.999
-1.056,-1.034
-1.129,-0.564
-1.118,-0.244
-1.081,1.08
-1.182,-1.376
-1.183,1.249
-1.354,-2.526
-1.344,-2.481
-1.529,-2.546
2.229,-2.798
2.064,-2.763
2.046,-2.597
2.026,-2.549
1.931,-2.605
1.768,-2.757
0.834,-2.768
0.38,-2.678
-1.395,1.347
-2.361,1.581
-3.072,1.293
-0.123,1.593
-0.431,1.373
-0.533,1.365
-0.97,1.614
-2.875,0.01
1.657,-1.665
-0.996,1.15
-1.153,-2.28
1.414,-2.529
-1.353,-0.043
-1.395,0.422
-1.361,-1.908
-1.371,-1.634
-1.415,0.425
-1.621,-0.182
-1.505,-0.573
-1.657,-1.219
-1.527,-0.693
-1.622,-2.308
-2.027,-1.422
-2.154,-0.085
-2.185,-0.907
-2.181,-0.89
-2.181,1.215
-2.197,1.038
-2.127,-1.418
-2.164,-2.26
-2.314,-1.382
-2.223,0.591
-2.218,-0.208
-2.26,-0.88
-2.468,1.08
-2.427,0.828
-2.542,-0.86
-2.432,-2.241
-2.531,1.486
-2.784,-1.654
-3.082,0.796
-2.977,-0.933
-2.98,-0.276
-3.095,1.267
-2.997,0.268
-3.134,0.876
-3.102,0.815
2.906,-0.256
2.693,0.785
2.7,0.962
2.668,0.471
2.33,-0.242
2.312,-0.45
2.293,-0.05
2.271,1.074
2.061,-0.93
2.011,1.422
2.048,-1.787
1.915,-1.399
1.886,-2.281
2.009,-0.426
1.83,-1.547
1.906,1.475
1.756,-0.188
1.371,0.976
1.43,-1.675
1.252,-0.806
1.139,0.912
1.257,0.599
1.075,1.07
1.088,1.3
1.059,-0.432
1.113,-0.843
0.773,-0.271
0.896,-1.365
0.739,0.036
0.367,-0.706
0.267,1.031
0.188,-0.147
0.13,-0.774
-0.136,-1.438
-0.064,0.853
-0.192,-1.668
-0.295,-0.985
-0.354,-1.362
-0.648,-0.893
-0.522,-1.503
-0.621,-0.307
-0.767,-1.16
-0.744,-1.073
-0.75,-2.173
-0.88,1.151
-0.868,-0.802
-0.923,-0.074
-1.06,-0.945
-1.123,-0.401
-1.066,-1.778
-1.203,-0.084
-1.07,-0.89
-1.063,1.05
-1.363,-2.614
-2.263,-2.69
-2.273,-2.723
3.033,-2.759
0.083,-2.494
0.097,-2.586
-0.171,-2.737
-0.567,-2.636
-1.633,1.501
0.801,1.5
-1.377,-1.63
2.897,0.038
2.275,-2.175
0.721,0.081
-1.023,-1.042
-1.295,0.383
-2.673,-1.918
3.023,0.343
2.015,1.06
0.713,-1.13
0.717,-1.128
0.667,-0.21
0.494,0.474
-0.423,0.469
-0.556,1.126
-0.61,0.476
-0.631,0.687
-0.673,0.609
-0.634,1.105
-0.755,0.442
-1.893,-0.005
2.206,-1.335
1.637,0.126
1.185,-1.292
-0.569,-1.272
-0.814,0.026
1.439,-2.418
-0.361,-2.699
0.61,1.622
3.085,-2.782
1.922,-2.791
1.942,-2.654
0.034,1.657
-0.09,-2.103
-0.062,-0.223
-0.149,-1.319
-0.1,1.212
-0.115,1.203
-0.654,1.547
-0.68,-0.65
-0.753,-2.168
-0.712,0.669
-0.756,0.563
-0.814,1.342
-0.748,-0.921
-0.909,-1.356
-0.911,-0.149
-0.845,1.671
-0.864,0.308
-0.926,1.581
-0.953,-1.846
-0.954,-0.881
-1.027,-0.411
-1.016,-0.091
-0.979,1.233
-1.08,-1.223
-1.081,1.402
-1.252,-2.373
-1.242,-2.328
-1.427,-2.393
2.331,-2.645
2.166,-2.61
2.148,-2.444
2.128,-2.396
2.033,-2.452
1.87,-2.604
0.936,-2.615
0.482,-2.525
-1.293,1.5
-2.259,1.734
-2.97,1.446
-0.021,1.746
-0.329,1.526
-0.431,1.518
-0.868,1.767
-2.773,0.163
1.759,-1.512
-0.894,1.303
-1.051,-2.127
1.516,-2.376
-1.251,0.11
-1.293,0.575
-1.259,-1.755
-1.269,-1.481
-1.313,0.578
-1.519,-0.029
-1.403,-0.42
-1.555,-1.066
-1.425,-0.54
-1.52,-2.155
-1.925,-1.269
-2.052,0.068
-2.083,-0.754
-2.079,-0.737
-2.079,1.368
-2.095,1.191
-2.025,-1.265
-2.062,-2.107
-2.212,-1.229
-2.121,0.744
-2.116,-0.055
-2.158,-0.727
-2.366,1.233
-2.325,0.981
-2.44,-0.707
-2.33,-2.088
-2.429,1.639
-2.682,-1.501
-2.98,0.949
-2.875,-0.78
-2.878,-0.123
-2.993,1.42
-2.895,0.421
-3.032,1.029
-3.0,0.968
3.008,-0.103
2.795,0.938
2.802,1.115
2.77,0.624
2.432,-0.089
2.414,-0.297
2.395,0.103
2.373,1.227
2.163,-0.777
2.113,1.575
2.15,-1.634
2.017,-1.246
1.988,-2.128
2.111,-0.273
1.932,-1.394
2.008,1.628
1.858,-0.035
1.473,1.129
1.532,-1.522
1.354,-0.653
1.241,1.065
1.359,0.752
1.177,1.223
1.19,1.453
1.161,-0.279
1.215,-0.69
0.875,-0.118
0.998,-1.212
0.841,0.189
0.469,-0.553
0.369,1.184
0.29,0.006
0.232,-0.621
-0.034,-1.285
0.038,1.006
-0.09,-1.515
-0.193,-0.832
-0.252,-1.209
-0.546,-0.74
-0.42,-1.35
-0.519,-0.154
-0.665,-1.007
-0.642,-0.92
-0.648,-2.02
-0.778,1.304
-0.766,-0.649
-0.821,0.079
-0.958,-0.792
-1.021,-0.248
-0.964,-1.625
-1.101,0.069
-0.968,-0.737
-0.961,1.203
-1.261,-2.461
-2.161,-2.537
-2.171,-2.57
3.135,-2.606
0.185,-2.341
0.199,-2.433
-0.069,-2.584
-0.465,-2.483
-1.531,1.654
0.903,1.653
-1.275,-1.477
2.999,0.191
2.377,-2.022
0.823,0.234
-0.921,-0.889
-1.193,0.536
-2.571,-1.765
3.125,0.496
2.117,1.213
0.815,-0.977
0.819,-0.975
0.769,-0.057
0.596,0.627
-0.321,0.622
-0.454,1.279
-0.508,0.629
-0.529,0.84
-0.571,0.762
-0.532,1.258
-0.653,0.595
-1.791,0.148
2.308,-1.182
1.739,0.279
1.287,-1.139
-0.467,-1.119
-0.712,0.179
1.541,-2.265
-0.259,-2.546
0.712,1.775
-3.096,-2.629
2.024,-2.638
2.044,-2.501
-0.124,-3.76
-0.096,-1.88
-0.183,-2.976
-0.134,-0.445
-0.149,-0.454
-0.688,-0.11
-0.714,-2.307
-0.787,-3.825
-0.746,-0.988
-0.79,-1.094
-0.848,-0.315
-0.782,-2.578
-0.943,-3.013
-0.945,-1.806
-0.879,0.014
-0.898,-1.349
-0.96,-0.076
-0.987,-3.503
-0.988,-2.538
-1.061,-2.068
-1.05,-1.748
-1.013,-0.424
-1.114,-2.88
-1.115,-0.255
-1.286,-4.03
-1.276,-3.985
-1.461,-4.05
2.297,-4.302
2.132,-4.267
2.114,-4.101
2.094,-4.053
1.999,-4.109
1.836,-4.261
0.902,-4.272
0.448,-4.182
-1.327,-0.157
-2.293,0.077
-3.004,-0.211
-0.055,0.089
-0.363,-0.131
-0.465,-0.139
-0.902,0.11
-2.807,-1.494
1.725,-3.169
-0.928,-0.354
-1.085,-3.784
1.482,-4.033
-1.285,-1.547
-1.327,-1.082
-1.293,-3.412
-1.303,-3.138
-1.347,-1.079
-1.553,-1.686
-1.437,-2.077
-1.589,-2.723
-1.459,-2.197
-1.554,-3.812
-1.959,-2.926
-2.086,-1.589
-2.117,-2.411
-2.113,-2.394
-2.113,-0.289
-2.129,-0.466
-2.059,-2.922
-2.096,-3.764
-2.246,-2.886
-2.155,-0.913
-2.15,-1.712
-2.192,-2.384
-2.4,-0.424
-2.359,-0.676
-2.474,-2.364
-2.364,-3.745
-2.463,-0.018
-2.716,-3.158
-3.014,-0.708
-2.909,-2.437
-2.912,-1.78
-3.027,-0.237
-2.929,-1.236
-3.066,-0.628
-3.034,-0.689
2.974,-1.76
2.761,-0.719
2.768,-0.542
2.736,-1.033
2.398,-1.746
2.38,-1.954
2.361,-1.554
2.339,-0.43
2.129,-2.434
2.079,-0.082
2.116,-3.291
1.983,-2.903
1.954,-3.785
2.077,-1.93
1.898,-3.051
1.974,-0.029
1.824,-1.692
1.439,-0.528
1.498,-3.179
1.32,-2.31
1.207,-0.592
1.325,-0.905
1.143,-0.434
1.156,-0.204
1.127,-1.936
1.181,-2.347
0.841,-1.775
0.964,-2.869
0.807,-1.468
0.435,-2.21
0.335,-0.473
0.256,-1.651
0.198,-2.278
-0.068,-2.942
0.004,-0.651
-0.124,-3.172
-0.227,-2.489
-0.286,-2.866
-0.58,-2.397
-0.454,-3.007
-0.553,-1.811
-0.699,-2.664
-0.676,-2.577
-0.682,-3.677
-0.812,-0.353
-0.8,-2.306
-0.855,-1.578
-0.992,-2.449
-1.055,-1.905
-0.998,-3.282
-1.135,-1.588
-1.002,-2.394
-0.995,-0.454
-1.295,-4.118
-2.195,-4.194
-2.205,-4.227
3.101,-4.263
0.151,-3.998
0.165,-4.09
-0.103,-4.241
-0.499,-4.14
-1.565,-0.003
0.869,-0.004
-1.309,-3.134
2.965,-1.466
2.343,-3.679
0.789,-1.423
-0.955,-2.546
-1.227,-1.121
-2.605,-3.422
3.091,-1.161
2.083,-0.444
0.781,-2.634
0.785,-2.632
0.735,-1.714
0.562,-1.03
-0.355,-1.035
-0.488,-0.378
-0.542,-1.028
-0.563,-0.817
-0.605,-0.895
-0.566,-0.399
-0.687,-1.062
-1.825,-1.509
2.274,-2.839
1.705,-1.378
1.253,-2.796
-0.501,-2.776
-0.746,-1.478
1.507,-3.922
-0.293,-4.203
0.678,0.118
-3.13,-4.286
1.99,-4.295
2.01,-4.158
0.028,1.88
-0.059,0.784
-0.01,3.315
-0.025,3.306
-0.564,3.65
-0.59,1.453
-0.663,-0.065
-0.622,2.772
-0.666,2.666
-0.724,3.445
-0.658,1.182
-0.819,0.747
-0.821,1.954
-0.755,3.774
-0.774,2.411
-0.836,3.684
-0.863,0.257
-0.864,1.222
-0.937,1.692
-0.926,2.012
-0.889,3.336
-0.99,0.88
-0.991,3.505
-1.162,-0.27
-1.152,-0.225
-1.337,-0.29
2.421,-0.542
2.256,-0.507
2.238,-0.341
2.218,-0.293
2.123,-0.349
1.96,-0.501
1.026,-0.512
0.572,-0.422
-1.203,3.603
-2.169,3.837
-2.88,3.549
0.069,3.849
-0.239,3.629
-0.341,3.621
-0.778,3.87
-2.683,2.266
1.849,0.591
-0.804,3.406
-0.961,-0.024
1.606,-0.273
-1.161,2.213
-1.203,2.678
-1.169,0.348
-1.179,0.622
-1.223,2.681
-1.429,2.074
-1.313,1.683
-1.465,1.037
-1.335,1.563
-1.43,-0.052
-1.835,0.834
-1.962,2.171
-1.993,1.349
-1.989,1.366
-1.989,3.471
-2.005,3.294
-1.935,0.838
-1.972,-0.004
-2.122,0.874
-2.031,2.847
-2.026,2.048
-2.068,1.376
-2.276,3.336
-2.235,3.084
-2.35,1.396
-2.24,0.015
-2.339,3.742
-2.592,0.602
-2.89,3.052
-2.785,1.323
-2.788,1.98
-2.903,3.523
-2.805,2.524
-2.942,3.132
-2.91,3.071
3.098,2.0
2.885,3.041
2.892,3.218
2.86,2.727
2.522,2.014
2.504,1.806
2.485,2.206
2.463,3.33
2.253,1.326
2.203,3.678
2.24,0.469
2.107,0.857
2.078,-0.025
2.201,1.83
2.022,0.709
2.098,3.731
1.948,2.068
1.563,3.232
1.622,0.581
1.444,1.45
1.331,3.168
1.449,2.855
1.267,3.326
1.28,3.556
1.251,1.824
1.305,1.413
0.965,1.985
1.088,0.891
0.931,2.292
0.559,1.55
0.459,3.287
0.38,2.109
0.322,1.482
0.056,0.818
0.128,3.109
0.0,0.588
-0.103,1.271
-0.162,0.894
-0.456,1.363
-0.33,0.753
-0.429,1.949
-0.575,1.096
-0.552,1.183
-0.558,0.083
-0.688,3.407
-0.676,1.454
-0.731,2.182
-0.868,1.311
-0.931,1.855
-0.874,0.478
-1.011,2.172
-0.878,1.366
-0.871,3.306
-1.171,-0.358
-2.071,-0.434
-2.081,-0.467
-3.058,-0.503
0.275,-0.238
0.289,-0.33
0.021,-0.481
-0.375,-0.38
-1.441,3.757
0.993,3.756
-1.185,0.626
3.089,2.294
2.467,0.081
0.913,2.337
-0.831,1.214
-1.103,2.639
-2.481,0.338
-3.068,2.599
2.207,3.316
0.905,1.126
0.909,1.128
0.859,2.046
0.686,2.73
-0.231,2.725
-0.364,3.382
-0.418,2.732
-0.439,2.943
-0.481,2.865
-0.442,3.361
-0.563,2.698
-1.701,2.251
2.398,0.921
1.829,2.382
1.377,0.964
-0.377,0.984
-0.622,2.282
1.631,-0.162
-0.169,-0.443
0.802,3.878
-3.006,-0.526
2.114,-0.535
2.134,-0.398
-0.087,-1.096
-0.038,1.435
-0.053,1.426
-0.592,1.77
-0.618,-0.427
-0.691,-1.945
-0.65,0.892
-0.694,0.786
-0.752,1.565
-0.686,-0.698
-0.847,-1.133
-0.849,0.074
-0.783,1.894
-0.802,0.531
-0.864,1.804
-0.891,-1.623
-0.892,-0.658
-0.965,-0.188
-0.954,0.132
-0.917,1.456
-1.018,-1.0
-1.019,1.625
-1.19,-2.15
-1.18,-2.105
-1.365,-2.17
2.393,-2.422
2.228,-2.387
2.21,-2.221
2.19,-2.173
2.095,-2.229
1.932,-2.381
0.998,-2.392
0.544,-2.302
-1.231,1.723
-2.197,1.957
-2.908,1.669
0.041,1.969
-0.267,1.749
-0.369,1.741
-0.806,1.99
-2.711,0.386
1.821,-1.289
-0.832,1.526
-0.989,-1.904
1.578,-2.153
-1.189,0.333
-1.231,0.798
-1.197,-1.532
-1.207,-1.258
-1.251,0.801
-1.457,0.194
-1.341,-0.197
-1.493,-0.843
-1.363,-0.317
-1.458,-1.932
-1.863,-1.046
-1.99,0.291
-2.021,-0.531
-2.017,-0.514
-2.017,1.591
-2.033,1.414
-1.963,-1.042
-2.0,-1.884
-2.15,-1.006
-2.059,0.967
-2.054,0.168
-2.096,-0.504
-2.304,1.456
-2.263,1.204
-2.378,-0.484
-2.268,-1.865
-2.367,1.862
-2.62,-1.278
-2.918,1.172
-2.813,-0.557
-2.816,0.1
-2.931,1.643
-2.833,0.644
-2.97,1.252
-2.938,1.191
3.07,0.12
2.857,1.161
2.864,1.338
2.832,0.847
2.494,0.134
2.476,-0.074
2.457,0.326
2.435,1.45
2.225,-0.554
2.175,1.798
2.212,-1.411
2.079,-1.023
2.05,-1.905
2.173,-0.05
1.994,-1.171
2.07,1.851
1.92,0.188
1.535,1.352
1.594,-1.299
1.416,-0.43
1.303,1.288
1.421,0.975
1.239,1.446
1.252,1.676
1.223,-0.056
1.277,-0.467
0.937,0.105
1.06,-0.989
0.903,0.412
0.531,-0.33
0.431,1.407
0.352,0.229
0.294,-0.398
0.028,-1.062
0.1,1.229
-0.028,-1.292
-0.131,-0.609
-0.19,-0.986
-0.484,-0.517
-0.358,-1.127
-0.457,0.069
-0.603,-0.784
-0.58,-0.697
-0.586,-1.797
-0.716,1.527
-0.704,-0.426
-0.759,0.302
-0.896,-0.569
-0.959,-0.025
-0.902,-1.402
-1.039,0.292
-0.906,-0.514
-0.899,1.426
-1.199,-2.238
-2.099,-2.314
-2.109,-2.347
-3.086,-2.383
0.247,-2.118
0.261,-2.21
-0.007,-2.361
-0.403,-2.26
-1.469,1.877
0.965,1.876
-1.213,-1.254
3.061,0.414
2.439,-1.799
0.885,0.457
-0.859,-0.666
-1.131,0.759
-2.509,-1.542
-3.096,0.719
2.179,1.436
0.877,-0.754
0.881,-0.752
0.831,0.166
0.658,0.85
-0.259,0.845
-0.392,1.502
-0.446,0.852
-0.467,1.063
-0.509,0.985
-0.47,1.481
-0.591,0.818
-1.729,0.371
2.37,-0.959
1.801,0.502
1.349,-0.916
-0.405,-0.896
-0.65,0.402
1.603,-2.042
-0.197,-2.323
0.774,1.998
-3.034,-2.406
2.086,-2.415
2.106,-2.278
0.049,2.531
0.034,2.522
-0.505,2.866
-0.531,0.669
-0.604,-0.849
-0.563,1.988
-0.607,1.882
-0.665,2.661
-0.599,0.398
-0.76,-0.037
-0.762,1.17
-0.696,2.99
-0.715,1.627
-0.777,2.9
-0.804,-0.527
-0.805,0.438
-0.878,0.908
-0.867,1.228
-0.83,2.552
-0.931,0.096
-0.932,2.721
-1.103,-1.054
-1.093,-1.009
-1.278,-1.074
2.48,-1.326
2.315,-1.291
2.297,-1.125
2.277,-1.077
2.182,-1.133
2.019,-1.285
1.085,-1.296
0.631,-1.206
-1.144,2.819
-2.11,3.053
-2.821,2.765
0.128,3.065
-0.18,2.845
-0.282,2.837
-0.719,3.086
-2.624,1.482
1.908,-0.193
-0.745,2.622
-0.902,-0.808
1.665,-1.057
-1.102,1.429
-1.144,1.894
-1.11,-0.436
-1.12,-0.162
-1.164,1.897
-1.37,1.29
-1.254,0.899
-1.406,0.253
-1.276,0.779
-1.371,-0.836
-1.776,0.05
-1.903,1.387
-1.934,0.565
-1.93,0.582
-1.93,2.687
-1.946,2.51
-1.876,0.054
-1.913,-0.788
-2.063,0.09
-1.972,2.063
-1.967,1.264
-2.009,0.592
-2.217,2.552
-2.176,2.3
-2.291,0.612
-2.181,-0.769
-2.28,2.958
-2.533,-0.182
-2.831,2.268
-2.726,0.539
-2.729,1.196
-2.844,2.739
-2.746,1.74
-2.883,2.348
-2.851,2.287
-3.126,1.216
2.944,2.257
2.951,2.434
2.919,1.943
2.581,1.23
2.563,1.022
2.544,1.422
2.522,2.546
2.312,0.542
2.262,2.894
2.299,-0.315
2.166,0.073
2.137,-0.809
2.26,1.046
2.081,-0.075
2.157,2.947
2.007,1.284
1.622,2.448
1.681,-0.203
1.503,0.666
1.39,2.384
1.508,2.071
1.326,2.542
1.339,2.772
1.31,1.04
1.364,0.629
1.024,1.201
1.147,0.107
0.99,1.508
0.618,0.766
0.518,2.503
0.439,1.325
0.381,0.698
0.115,0.034
0.187,2.325
0.059,-0.196
-0.044,0.487
-0.103,0.11
-0.397,0.579
-0.271,-0.031
-0.37,1.165
-0.516,0.312
-0.493,0.399
-0.499,-0.701
-0.629,2.623
-0.617,0.67
-0.672,1.398
-0.809,0.527
-0.872,1.071
-0.815,-0.306
-0.952,1.388
-0.819,0.582
-0.812,2.522
-1.112,-1.142
-2.012,-1.218
-2.022,-1.251
-2.999,-1.287
0.334,-1.022
0.348,-1.114
0.08,-1.265
-0.316,-1.164
-1.382,2.973
1.052,2.972
-1.126,-0.158
-3.135,1.51
2.526,-0.703
0.972,1.553
-0.772,0.43
-1.044,1.855
-2.422,-0.446
-3.009,1.815
2.266,2.532
0.964,0.342
0.968,0.344
0.918,1.262
0.745,1.946
-0.172,1.941
-0.305,2.598
-0.359,1.948
-0.38,2.159
-0.422,2.081
-0.383,2.577
-0.504,1.914
-1.642,1.467
2.457,0.137
1.888,1.598
1.436,0.18
-0.318,0.2
-0.563,1.498
1.69,-0.946
-0.11,-1.227
0.861,3.094
-2.947,-1.31
2.173,-1.319
2.193,-1.182
-0.015,-0.009
-0.554,0.335
-0.58,-1.862
-0.653,-3.38
-0.612,-0.543
-0.656,-0.649
-0.714,0.13
-0.648,-2.133
-0.809,-2.568
-0.811,-1.361
-0.745,0.459
-0.764,-0.904
-0.826,0.369
-0.853,-3.058
-0.854,-2.093
-0.927,-1.623
-0.916,-1.303
-0.879,0.021
-0.98,-2.435
-0.981,0.19
-1.152,-3.585
-1.142,-3.54
-1.327,-3.605
2.431,-3.857
2.266,-3.822
2.248,-3.656
2.228,-3.608
2.133,-3.664
1.97,-3.816
1.036,-3.827
0.582,-3.737
-1.193,0.288
-2.159,0.522
-2.87,0.234
0.079,0.534
-0.229,0.314
-0.331,0.306
-0.768,0.555
-2.673,-1.049
1.859,-2.724
-0.794,0.091
-0.951,-3.339
1.616,-3.588
-1.151,-1.102
-1.193,-0.637
-1.159,-2.967
-1.169,-2.693
-1.213,-0.634
-1.419,-1.241
-1.303,-1.632
-1.455,-2.278
-1.325,-1.752
-1.42,-3.367
-1.825,-2.481
-1.952,-1.144
-1.983,-1.966
-1.979,-1.949
-1.979,0.156
-1.995,-0.021
-1.925,-2.477
-1.962,-3.319
-2.112,-2.441
-2.021,-0.468
-2.016,-1.267
-2.058,-1.939
-2.266,0.021
-2.225,-0.231
-2.34,-1.919
-2.23,-3.3
-2.329,0.427
-2.582,-2.713
-2.88,-0.263
-2.775,-1.992
-2.778,-1.335
-2.893,0.208
-2.795,-0.791
-2.932,-0.183
-2.9,-0.244
3.108,-1.315
2.895,-0.274
2.902,-0.097
2.87,-0.588
2.532,-1.301
2.514,-1.509
2.495,-1.109
2.473,0.015
2.263,-1.989
2.213,0.363
2.25,-2.846
2.117,-2.458
2.088,-3.34
2.211,-1.485
2.032,-2.606
2.108,0.416
1.958,-1.247
1.573,-0.083
1.632,-2.734
1.454,-1.865
1.341,-0.147
1.459,-0.46
1.277,0.011
1.29,0.241
1.261,-1.491
1.315,-1.902
0.975,-1.33
1.098,-2.424
0.941,-1.023
0.569,-1.765
0.469,-0.028
0.39,-1.206
0.332,-1.833
0.066,-2.497
0.138,-0.206
0.01,-2.727
-0.093,-2.044
-0.152,-2.421
-0.446,-1.952
-0.32,-2.562
-0.419,-1.366
-0.565,-2.219
-0.542,-2.132
-0.548,-3.232
-0.678,0.092
-0.666,-1.861
-0.721,-1.133
-0.858,-2.004
-0.921,-1.46
-0.864,-2.837
-1.001,-1.143
-0.868,-1.949
-0.861,-0.009
-1.161,-3.673
-2.061,-3.749
-2.071,-3.782
-3.048,-3.818
0.285,-3.553
0.299,-3.645
0.031,-3.796
-0.365,-3.695
-1.431,0.442
1.003,0.441
-1.175,-2.689
3.099,-1.021
2.477,-3.234
0.923,-0.978
-0.821,-2.101
-1.093,-0.676
-2.471,-2.977
-3.058,-0.716
2.217,0.001
0.915,-2.189
0.919,-2.187
0.869,-1.269
0.696,-0.585
-0.221,-0.59
-0.354,0.067
-0.408,-0.583
-0.429,-0.372
-0.471,-0.45
-0.432,0.046
-0.553,-0.617
-1.691,-1.064
2.408,-2.394
1.839,-0.933
1.387,-2.351
-0.367,-2.331
-0.612,-1.033
1.641,-3.477
-0.159,-3.758
0.812,0.563
-2.996,-3.841
2.124,-3.85
2.144,-3.713
-0.539,0.344
-0.565,-1.853
-0.638,-3.371
-0.597,-0.534
-0.641,-0.64
-0.699,0.139
-0.633,-2.124
-0.794,-2.559
-0.796,-1.352
-0.73,0.468
-0.749,-0.895
-0.811,0.378
-0.838,-3.049
-0.839,-2.084
-0.912,-1.614
-0.901,-1.294
-0.864,0.03
-0.965,-2.426
-0.966,0.199
-1.137,-3.576
-1.127,-3.531
-1.312,-3.596
2.446,-3.848
2.281,-3.813
2.263,-3.647
2.243,-3.599
2.148,-3.655
1.985,-3.807
1.051,-3.818
0.597,-3.728
-1.178,0.297
-2.144,0.531
-2.855,0.243
0.094,0.543
-0.214,0.323
-0.316,0.315
-0.753,0.564
-2.658,-1.04
1.874,-2.715
-0.779,0.1
-0.936,-3.33
1.631,-3.579
-1.136,-1.093
-1.178,-0.628
-1.144,-2.958
-1.154,-2.684
-1.198,-0.625
-1.404,-1.232
-1.288,-1.623
-1.44,-2.269
-1.31,-1.743
-1.405,-3.358
-1.81,-2.472
-1.937,-1.135
-1.968,-1.957
-1.964,-1.94
-1.964,0.165
-1.98,-0.012
-1.91,-2.468
-1.947,-3.31
-2.097,-2.432
-2.006,-0.459
-2.001,-1.258
-2.043,-1.93
-2.251,0.03
-2.21,-0.222
-2.325,-1.91
-2.215,-3.291
-2.314,0.436
-2.567,-2.704
-2.865,-0.254
-2.76,-1.983
-2.763,-1.326
-2.878,0.217
-2.78,-0.782
-2.917,-0.174
-2.885,-0.235
3.123,-1.306
2.91,-0.265
2.917,-0.088
2.885,-0.579
2.547,-1.292
2.529,-1.5
2.51,-1.1
2.488,0.024
2.278,-1.98
2.228,0.372
2.265,-2.837
2.132,-2.449
2.103,-3.331
2.226,-1.476
2.047,-2.597
2.123,0.425
1.973,-1.238
1.588,-0.074
1.647,-2.725
1.469,-1.856
1.356,-0.138
1.474,-0.451
1.292,0.02
1.305,0.25
1.276,-1.482
1.33,-1.893
0.99,-1.321
1.113,-2.415
0.956,-1.014
0.584,-1.756
0.484,-0.019
0.405,-1.197
0.347,-1.824
0.081,-2.488
0.153,-0.197
0.025,-2.718
-0.078,-2.035
-0.137,-2.412
-0.431,-1.943
-0.305,-2.553
-0.404,-1.357
-0.55,-2.21
-0.527,-2.123
-0.533,-3.223
-0.663,0.101
-0.651,-1.852
-0.706,-1.124
-0.843,-1.995
-0.906,-1.451
-0.849,-2.828
-0.986,-1.134
-0.853,-1.94
-0.846,0.0
-1.146,-3.664
-2.046,-3.74
-2.056,-3.773
-3.033,-3.809
0.3,-3.544
0.314,-3.636
0.046,-3.787
-0.35,-3.686
-1.416,0.451
1.018,0.45
-1.16,-2.68
3.114,-1.012
2.492,-3.225
0.938,-0.969
-0.806,-2.092
-1.078,-0.667
-2.456,-2.968
-3.043,-0.707
2.232,0.01
0.93,-2.18
0.934,-2.178
0.884,-1.26
0.711,-0.576
-0.206,-0.581
-0.339,0.076
-0.393,-0.574
-0.414,-0.363
-0.456,-0.441
-0.417,0.055
-0.538,-0.608
-1.676,-1.055
2.423,-2.385
1.854,-0.924
1.402,-2.342
-0.352,-2.322
-0.597,-1.024
1.656,-3.468
-0.144,-3.749
0.827,0.572
-2.981,-3.832
2.139,-3.841
2.159,-3.704
-0.026,-2.197
-0.099,-3.715
-0.058,-0.878
-0.102,-0.984
-0.16,-0.205
-0.094,-2.468
-0.255,-2.903
-0.257,-1.696
-0.191,0.124
-0.21,-1.239
-0.272,0.034
-0.299,-3.393
-0.3,-2.428
-0.373,-1.958
-0.362,-1.638
-0.325,-0.314
-0.426,-2.77
-0.427,-0.145
-0.598,-3.92
-0.588,-3.875
-0.773,-3.94
2.985,-4.192
2.82,-4.157
2.802,-3.991
2.782,-3.943
2.687,-3.999
2.524,-4.151
1.59,-4.162
1.136,-4.072
-0.639,-0.047
-1.605,0.187
-2.316,-0.101
0.633,0.199
0.325,-0.021
0.223,-0.029
-0.214,0.22
-2.119,-1.384
2.413,-3.059
-0.24,-0.244
-0.397,-3.674
2.17,-3.923
-0.597,-1.437
-0.639,-0.972
-0.605,-3.302
-0.615,-3.028
-0.659,-0.969
-0.865,-1.576
-0.749,-1.967
-0.901,-2.613
-0.771,-2.087
-0.866,-3.702
-1.271,-2.816
-1.398,-1.479
-1.429,-2.301
-1.425,-2.284
-1.425,-0.179
-1.441,-0.356
-1.371,-2.812
-1.408,-3.654
-1.558,-2.776
-1.467,-0.803
-1.462,-1.602
-1.504,-2.274
-1.712,-0.314
-1.671,-0.566
-1.786,-2.254
-1.676,-3.635
-1.775,0.092
-2.028,-3.048
-2.326,-0.598
-2.221,-2.327
-2.224,-1.67
-2.339,-0.127
-2.241,-1.126
-2.378,-0.518
-2.346,-0.579
-2.621,-1.65
-2.834,-0.609
-2.827,-0.432
-2.859,-0.923
3.086,-1.636
3.068,-1.844
3.049,-1.444
3.027,-0.32
2.817,-2.324
2.767,0.028
2.804,-3.181
2.671,-2.793
2.642,-3.675
2.765,-1.82
2.586,-2.941
2.662,0.081
2.512,-1.582
2.127,-0.418
2.186,-3.069
2.008,-2.2
1.895,-0.482
2.013,-0.795
1.831,-0.324
1.844,-0.094
1.815,-1.826
1.869,-2.237
1.529,-1.665
1.652,-2.759
1.495,-1.358
1.123,-2.1
1.023,-0.363
0.944,-1.541
0.886,-2.168
0.62,-2.832
0.692,-0.541
0.564,-3.062
0.461,-2.379
0.402,-2.756
0.108,-2.287
0.234,-2.897
0.135,-1.701
-0.011,-2.554
0.012,-2.467
0.006,-3.567
-0.124,-0.243
-0.112,-2.196
-0.167,-1.468
-0.304,-2.339
-0.367,-1.795
-0.31,-3.172
-0.447,-1.478
-0.314,-2.284
-0.307,-0.344
-0.607,-4.008
-1.507,-4.084
-1.517,-4.117
-2.494,-4.153
0.839,-3.888
0.853,-3.98
0.585,-4.131
0.189,-4.03
-0.877,0.107
1.557,0.106
-0.621,-3.024
-2.63,-1.356
3.031,-3.569
1.477,-1.313
-0.267,-2.436
-0.539,-1.011
-1.917,-3.312
-2.504,-1.051
2.771,-0.334
1.469,-2.524
1.473,-2.522
1.423,-1.604
1.25,-0.92
0.333,-0.925
0.2,-0.268
0.146,-0.918
0.125,-0.707
0.083,-0.785
0.122,-0.289
0.001,-0.952
-1.137,-1.399
2.962,-2.729
2.393,-1.268
1.941,-2.686
0.187,-2.666
-0.058,-1.368
2.195,-3.812
0.395,-4.093
1.366,0.228
-2.442,-4.176
2.678,-4.185
2.698,-4.048
-0.073,-1.518
-0.032,1.319
-0.076,1.213
-0.134,1.992
-0.068,-0.271
-0.229,-0.706
-0.231,0.501
-0.165,2.321
-0.184,0.958
-0.246,2.231
-0.273,-1.196
-0.274,-0.231
-0.347,0.239
-0.336,0.559
-0.299,1.883
-0.4,-0.573
-0.401,2.052
-0.572,-1.723
-0.562,-1.678
-0.747,-1.743
3.011,-1.995
2.846,-1.96
2.828,-1.794
2.808,-1.746
2.713,-1.802
2.55,-1.954
1.616,-1.965
1.162,-1.875
-0.613,2.15
-1.579,2.384
-2.29,2.096
0.659,2.396
0.351,2.176
0.249,2.168
-0.188,2.417
-2.093,0.813
2.439,-0.862
-0.214,1.953
-0.371,-1.477
2.196,-1.726
-0.571,0.76
-0.613,1.225
-0.579,-1.105
-0.589,-0.831
-0.633,1.228
-0.839,0.621
-0.723,0.23
-0.875,-0.416
-0.745,0.11
-0.84,-1.505
-1.245,-0.619
-1.372,0.718
-1.403,-0.104
-1.399,-0.087
-1.399,2.018
-1.415,1.841
-1.345,-0.615
-1.382,-1.457
-1.532,-0.579
-1.441,1.394
-1.436,0.595
-1.478,-0.077
-1.686,1.883
-1.645,1.631
-1.76,-0.057
-1.65,-1.438
-1.749,2.289
-2.002,-0.851
-2.3,1.599
-2.195,-0.13
-2.198,0.527
-2.313,2.07
-2.215,1.071
-2.352,1.679
-2.32,1.618
-2.595,0.547
-2.808,1.588
-2.801,1.765
-2.833,1.274
3.112,0.561
3.094,0.353
3.075,0.753
3.053,1.877
2.843,-0.127
2.793,2.225
2.83,-0.984
2.697,-0.596
2.668,-1.478
2.791,0.377
2.612,-0.744
2.688,2.278
2.538,0.615
2.153,1.779
2.212,-0.872
2.034,-0.003
1.921,1.715
2.039,1.402
1.857,1.873
1.87,2.103
1.841,0.371
1.895,-0.04
1.555,0.532
1.678,-0.562
1.521,0.839
1.149,0.097
1.049,1.834
0.97,0.656
0.912,0.029
0.646,-0.635
0.718,1.656
0.59,-0.865
0.487,-0.182
0.428,-0.559
0.134,-0.09
0.26,-0.7
0.161,0.496
0.015,-0.357
0.038,-0.27
0.032,-1.37
-0.098,1.954
-0.086,0.001
-0.141,0.729
-0.278,-0.142
-0.341,0.402
-0.284,-0.975
-0.421,0.719
-0.288,-0.087
-0.281,1.853
-0.581,-1.811
-1.481,-1.887
-1.491,-1.92
-2.468,-1.956
0.865,-1.691
0.879,-1.783
0.611,-1.934
0.215,-1.833
-0.851,2.304
1.583,2.303
-0.595,-0.827
-2.604,0.841
3.057,-1.372
1.503,0.884
-0.241,-0.239
-0.513,1.186
-1.891,-1.115
-2.478,1.146
2.797,1.863
1.495,-0.327
1.499,-0.325
1.449,0.593
1.276,1.277
0.359,1.272
0.226,1.929
0.172,1.279
0.151,1.49
0.109,1.412
0.148,1.908
0.027,1.245
-1.111,0.798
2.988,-0.532
2.419,0.929
1.967,-0.489
0.213,-0.469
-0.032,0.829
2.221,-1.615
0.421,-1.896
1.392,2.425
-2.416,-1.979
2.704,-1.988
2.724,-1.851
0.041,2.837
-0.003,2.731
-0.061,3.51
0.005,1.247
-0.156,0.812
-0.158,2.019
-0.092,3.839
-0.111,2.476
-0.173,3.749
-0.2,0.322
-0.201,1.287
-0.274,1.757
-0.263,2.077
-0.226,3.401
-0.327,0.945
-0.328,3.57
-0.499,-0.205
-0.489,-0.16
-0.674,-0.225
3.084,-0.477
2.919,-0.442
2.901,-0.276
2.881,-0.228
2.786,-0.284
2.623,-0.436
1.689,-0.447
1.235,-0.357
-0.54,3.668
-1.506,3.902
-2.217,3.614
0.732,3.914
0.424,3.694
0.322,3.686
-0.115,3.935
-2.02,2.331
2.512,0.656
-0.141,3.471
-0.298,0.041
2.269,-0.208
-0.498,2.278
-0.54,2.743
-0.506,0.413
-0.516,0.687
-0.56,2.746
-0.766,2.139
-0.65,1.748
-0.802,1.102
-0.672,1.628
-0.767,0.013
-1.172,0.899
-1.299,2.236
-1.33,1.414
-1.326,1.431
-1.326,3.536
-1.342,3.359
-1.272,0.903
-1.309,0.061
-1.459,0.939
-1.368,2.912
-1.363,2.113
-1.405,1.441
-1.613,3.401
-1.572,3.149
-1.687,1.461
-1.577,0.08
-1.676,3.807
-1.929,0.667
-2.227,3.117
-2.122,1.388
-2.125,2.045
-2.24,3.588
-2.142,2.589
-2.279,3.197
-2.247,3.136
-2.522,2.065
-2.735,3.106
-2.728,3.283
-2.76,2.792
-3.098,2.079
-3.116,1.871
-3.135,2.271
3.126,3.395
2.916,1.391
2.866,3.743
2.903,0.534
2.77,0.922
2.741,0.04
2.864,1.895
2.685,0.774
2.761,3.796
2.611,2.133
2.226,3.297
2.285,0.646
2.107,1.515
1.994,3.233
2.112,2.92
1.93,3.391
1.943,3.621
1.914,1.889
1.968,1.478
1.628,2.05
1.751,0.956
1.594,2.357
1.222,1.615
1.122,3.352
1.043,2.174
0.985,1.547
0.719,0.883
0.791,3.174
0.663,0.653
0.56,1.336
0.501,0.959
0.207,1.428
0.333,0.818
0.234,2.014
0.088,1.161
0.111,1.248
0.105,0.148
-0.025,3.472
-0.013,1.519
-0.068,2.247
-0.205,1.376
-0.268,1.92
-0.211,0.543
-0.348,2.237
-0.215,1.431
-0.208,3.371
-0.508,-0.293
-1.408,-0.369
-1.418,-0.402
-2.395,-0.438
0.938,-0.173
0.952,-0.265
0.684,-0.416
0.288,-0.315
-0.778,3.822
1.656,3.821
-0.522,0.691
-2.531,2.359
3.13,0.146
1.576,2.402
-0.168,1.279
-0.44,2.704
-1.818,0.403
-2.405,2.664
2.87,3.381
1.568,1.191
1.572,1.193
1.522,2.111
1.349,2.795
0.432,2.79
0.299,3.447
0.245,2.797
0.224,3.008
0.182,2.93
0.221,3.426
0.1,2.763
-1.038,2.316
3.061,0.986
2.492,2.447
2.04,1.029
0.286,1.049
0.041,2.347
2.294,-0.097
0.494,-0.378
1.465,3.943
-2.343,-0.461
2.777,-0.47
2.797,-0.333
-0.044,-0.106
-0.102,0.673
-0.036,-1.59
-0.197,-2.025
-0.199,-0.818
-0.133,1.002
-0.152,-0.361
-0.214,0.912
-0.241,-2.515
-0.242,-1.55
-0.315,-1.08
-0.304,-0.76
-0.267,0.564
-0.368,-1.892
-0.369,0.733
-0.54,-3.042
-0.53,-2.997
-0.715,-3.062
3.043,-3.314
2.878,-3.279
2.86,-3.113
2.84,-3.065
2.745,-3.121
2.582,-3.273
1.648,-3.284
1.194,-3.194
-0.581,0.831
-1.547,1.065
-2.258,0.777
0.691,1.077
0.383,0.857
0.281,0.849
-0.156,1.098
-2.061,-0.506
2.471,-2.181
-0.182,0.634
-0.339,-2.796
2.228,-3.045
-0.539,-0.559
-0.581,-0.094
-0.547,-2.424
-0.557,-2.15
-0.601,-0.091
-0.807,-0.698
-0.691,-1.089
-0.843,-1.735
-0.713,-1.209
-0.808,-2.824
-1.213,-1.938
-1.34,-0.601
-1.371,-1.423
-1.367,-1.406
-1.367,0.699
-1.383,0.522
-1.313,-1.934
-1.35,-2.776
-1.5,-1.898
-1.409,0.075
-1.404,-0.724
-1.446,-1.396
-1.654,0.564
-1.613,0.312
-1.728,-1.376
-1.618,-2.757
-1.717,0.97
-1.97,-2.17
-2.268,0.28
-2.163,-1.449
-2.166,-0.792
-2.281,0.751
-2.183,-0.248
-2.32,0.36
-2.288,0.299
-2.563,-0.772
-2.776,0.269
-2.769,0.446
-2.801,-0.045
-3.139,-0.758
3.126,-0.966
3.107,-0.566
3.085,0.558
2.875,-1.446
2.825,0.906
2.862,-2.303
2.729,-1.915
2.7,-2.797
2.823,-0.942
2.644,-2.063
2.72,0.959
2.57,-0.704
2.185,0.46
2.244,-2.191
2.066,-1.322
1.953,0.396
2.071,0.083
1.889,0.554
1.902,0.784
1.873,-0.948
1.927,-1.359
1.587,-0.787
1.71,-1.881
1.553,-0.48
1.181,-1.222
1.081,0.515
1.002,-0.663
0.944,-1.29
0.678,-1.954
0.75,0.337
0.622,-2.184
0.519,-1.501
0.46,-1.878
0.166,-1.409
0.292,-2.019
0.193,-0.823
0.047,-1.676
0.07,-1.589
0.064,-2.689
-0.066,0.635
-0.054,-1.318
-0.109,-0.59
-0.246,-1.461
-0.309,-0.917
-0.252,-2.294
-0.389,-0.6
-0.256,-1.406
-0.249,0.534
-0.549,-3.13
-1.449,-3.206
-1.459,-3.239
-2.436,-3.275
0.897,-3.01
0.911,-3.102
0.643,-3.253
0.247,-3.152
-0.819,0.985
1.615,0.984
-0.563,-2.146
-2.572,-0.478
3.089,-2.691
1.535,-0.435
-0.209,-1.558
-0.481,-0.133
-1.859,-2.434
-2.446,-0.173
2.829,0.544
1.527,-1.646
1.531,-1.644
1.481,-0.726
1.308,-0.042
0.391,-0.047
0.258,0.61
0.204,-0.04
0.183,0.171
0.141,0.093
0.18,0.589
0.059,-0.074
-1.079,-0.521
3.02,-1.851
2.451,-0.39
1.999,-1.808
0.245,-1.788
0.0,-0.49
2.253,-2.934
0.453,-3.215
1.424,1.106
-2.384,-3.298
2.736,-3.307
2.756,-3.17
-0.058,0.779
0.008,-1.484
-0.153,-1.919
-0.155,-0.712
-0.089,1.108
-0.108,-0.255
-0.17,1.018
-0.197,-2.409
-0.198,-1.444
-0.271,-0.974
-0.26,-0.654
-0.223,0.67
-0.324,-1.786
-0.325,0.839
-0.496,-2.936
-0.486,-2.891
-0.671,-2.956
3.087,-3.208
2.922,-3.173
2.904,-3.007
2.884,-2.959
2.789,-3.015
2.626,-3.167
1.692,-3.178
1.238,-3.088
-0.537,0.937
-1.503,1.171
-2.214,0.883
0.735,1.183
0.427,0.963
0.325,0.955
-0.112,1.204
-2.017,-0.4
2.515,-2.075
-0.138,0.74
-0.295,-2.69
2.272,-2.939
-0.495,-0.453
-0.537,0.012
-0.503,-2.318
-0.513,-2.044
-0.557,0.015
-0.763,-0.592
-0.647,-0.983
-0.799,-1.629
-0.669,-1.103
-0.764,-2.718
-1.169,-1.832
-1.296,-0.495
-1.327,-1.317
-1.323,-1.3
-1.323,0.805
-1.339,0.628
-1.269,-1.828
-1.306,-2.67
-1.456,-1.792
-1.365,0.181
-1.36,-0.618
-1.402,-1.29
-1.61,0.67
-1.569,0.418
-1.684,-1.27
-1.574,-2.651
-1.673,1.076
-1.926,-2.064
-2.224,0.386
-2.119,-1.343
-2.122,-0.686
-2.237,0.857
-2.139,-0.142
-2.276,0.466
-2.244,0.405
-2.519,-0.666
-2.732,0.375
-2.725,0.552
-2.757,0.061
-3.095,-0.652
-3.113,-0.86
-3.132,-0.46
3.129,0.664
2.919,-1.34
2.869,1.012
2.906,-2.197
2.773,-1.809
2.744,-2.691
2.867,-0.836
2.688,-1.957
2.764,1.065
2.614,-0.598
2.229,0.566
2.288,-2.085
2.11,-1.216
1.997,0.502
2.115,0.189
1.933,0.66
1.946,0.89
1.917,-0.842
1.971,-1.253
1.631,-0.681
1.754,-1.775
1.597,-0.374
1.225,-1.116
1.125,0.621
1.046,-0.557
0.988,-1.184
0.722,-1.848
0.794,0.443
0.666,-2.078
0.563,-1.395
0.504,-1.772
0.21,-1.303
0.336,-1.913
0.237,-0.717
0.091,-1.57
0.114,-1.483
0.108,-2.583
-0.022,0.741
-0.01,-1.212
-0.065,-0.484
-0.202,-1.355
-0.265,-0.811
-0.208,-2.188
-0.345,-0.494
-0.212,-1.3
-0.205,0.64
-0.505,-3.024
-1.405,-3.1
-1.415,-3.133
-2.392,-3.169
0.941,-2.904
0.955,-2.996
0.687,-3.147
0.291,-3.046
-0.775,1.091
1.659,1.09
-0.519,-2.04
-2.528,-0.372
3.133,-2.585
1.579,-0.329
-0.165,-1.452
-0.437,-0.027
-1.815,-2.328
-2.402,-0.067
2.873,0.65
1.571,-1.54
1.575,-1.538
1.525,-0.62
1.352,0.064
0.435,0.059
0.302,0.716
0.248,0.066
0.227,0.277
0.185,0.199
0.224,0.695
0.103,0.032
-1.035,-0.415
3.064,-1.745
2.495,-0.284
2.043,-1.702
0.289,-1.682
0.044,-0.384
2.297,-2.828
0.497,-3.109
1.468,1.212
-2.34,-3.192
2.78,-3.201
2.8,-3.064
0.066,-2.263
-0.095,-2.698
-0.097,-1.491
-0.031,0.329
-0.05,-1.034
-0.112,0.239
-0.139,-3.188
-0.14,-2.223
-0.213,-1.753
-0.202,-1.433
-0.165,-0.109
-0.266,-2.565
-0.267,0.06
-0.438,-3.715
-0.428,-3.67
-0.613,-3.735
-3.138,-3.987
2.98,-3.952
2.962,-3.786
2.942,-3.738
2.847,-3.794
2.684,-3.946
1.75,-3.957
1.296,-3.867
-0.479,0.158
-1.445,0.392
-2.156,0.104
0.793,0.404
0.485,0.184
0.383,0.176
-0.054,0.425
-1.959,-1.179
2.573,-2.854
-0.08,-0.039
-0.237,-3.469
2.33,-3.718
-0.437,-1.232
-0.479,-0.767
-0.445,-3.097
-0.455,-2.823
-0.499,-0.764
-0.705,-1.371
-0.589,-1.762
-0.741,-2.408
-0.611,-1.882
-0.706,-3.497
-1.111,-2.611
-1.238,-1.274
-1.269,-2.096
-1.265,-2.079
-1.265,0.026
-1.281,-0.151
-1.211,-2.607
-1.248,-3.449
-1.398,-2.571
-1.307,-0.598
-1.302,-1.397
-1.344,-2.069
-1.552,-0.109
-1.511,-0.361
-1.626,-2.049
-1.516,-3.43
-1.615,0.297
-1.868,-2.843
-2.166,-0.393
-2.061,-2.122
-2.064,-1.465
-2.179,0.078
-2.081,-0.921
-2.218,-0.313
-2.186,-0.374
-2.461,-1.445
-2.674,-0.404
-2.667,-0.227
-2.699,-0.718
-3.037,-1.431
-3.055,-1.639
-3.074,-1.239
-3.096,-0.115
2.977,-2.119
2.927,0.233
2.964,-2.976
2.831,-2.588
2.802,-3.47
2.925,-1.615
2.746,-2.736
2.822,0.286
2.672,-1.377
2.287,-0.213
2.346,-2.864
2.168,-1.995
2.055,-0.277
2.173,-0.59
1.991,-0.119
2.004,0.111
1.975,-1.621
2.029,-2.032
1.689,-1.46
1.812,-2.554
1.655,-1.153
1.283,-1.895
1.183,-0.158
1.104,-1.336
1.046,-1.963
0.78,-2.627
0.852,-0.336
0.724,-2.857
0.621,-2.174
0.562,-2.551
0.268,-2.082
0.394,-2.692
0.295,-1.496
0.149,-2.349
0.172,-2.262
0.166,-3.362
0.036,-0.038
0.048,-1.991
-0.007,-1.263
-0.144,-2.134
-0.207,-1.59
-0.15,-2.967
-0.287,-1.273
-0.154,-2.079
-0.147,-0.139
-0.447,-3.803
-1.347,-3.879
-1.357,-3.912
-2.334,-3.948
0.999,-3.683
1.013,-3.775
0.745,-3.926
0.349,-3.825
-0.717,0.312
1.717,0.311
-0.461,-2.819
-2.47,-1.151
-3.092,-3.364
1.637,-1.108
-0.107,-2.231
-0.379,-0.806
-1.757,-3.107
-2.344,-0.846
2.931,-0.129
1.629,-2.319
1.633,-2.317
1.583,-1.399
1.41,-0.715
0.493,-0.72
0.36,-0.063
0.306,-0.713
0.285,-0.502
0.243,-0.58
0.282,-0.084
0.161,-0.747
-0.977,-1.194
3.122,-2.524
2.553,-1.063
2.101,-2.481
0.347,-2.461
0.102,-1.163
2.355,-3.607
0.555,-3.888
1.526,0.433
-2.282,-3.971
2.838,-3.98
2.858,-3.843
-0.161,-0.435
-0.163,0.772
-0.097,2.592
-0.116,1.229
-0.178,2.502
-0.205,-0.925
-0.206,0.04
-0.279,0.51
-0.268,0.83
-0.231,2.154
-0.332,-0.302
-0.333,2.323
-0.504,-1.452
-0.494,-1.407
-0.679,-1.472
3.079,-1.724
2.914,-1.689
2.896,-1.523
2.876,-1.475
2.781,-1.531
2.618,-1.683
1.684,-1.694
1.23,-1.604
-0.545,2.421
-1.511,2.655
-2.222,2.367
0.727,2.667
0.419,2.447
0.317,2.439
-0.12,2.688
-2.025,1.084
2.507,-0.591
-0.146,2.224
-0.303,-1.206
2.264,-1.455
-0.503,1.031
-0.545,1.496
-0.511,-0.834
-0.521,-0.56
-0.565,1.499
-0.771,0.892
-0.655,0.501
-0.807,-0.145
-0.677,0.381
-0.772,-1.234
-1.177,-0.348
-1.304,0.989
-1.335,0.167
-1.331,0.184
-1.331,2.289
-1.347,2.112
-1.277,-0.344
-1.314,-1.186
-1.464,-0.308
-1.373,1.665
-1.368,0.866
-1.41,0.194
-1.618,2.154
-1.577,1.902
-1.692,0.214
-1.582,-1.167
-1.681,2.56
-1.934,-0.58
-2.232,1.87
-2.127,0.141
-2.13,0.798
-2.245,2.341
-2.147,1.342
-2.284,1.95
-2.252,1.889
-2.527,0.818
-2.74,1.859
-2.733,2.036
-2.765,1.545
-3.103,0.832
-3.121,0.624
-3.14,1.024
3.121,2.148
2.911,0.144
2.861,2.496
2.898,-0.713
2.765,-0.325
2.736,-1.207
2.859,0.648
2.68,-0.473
2.756,2.549
2.606,0.886
2.221,2.05
2.28,-0.601
2.102,0.268
1.989,1.986
2.107,1.673
1.925,2.144
1.938,2.374
1.909,0.642
1.963,0.231
1.623,0.803
1.746,-0.291
1.589,1.11
1.217,0.368
1.117,2.105
1.038,0.927
0.98,0.3
0.714,-0.364
0.786,1.927
0.658,-0.594
0.555,0.089
0.496,-0.288
0.202,0.181
0.328,-0.429
0.229,0.767
0.083,-0.086
0.106,0.001
0.1,-1.099
-0.03,2.225
-0.018,0.272
-0.073,1.0
-0.21,0.129
-0.273,0.673
-0.216,-0.704
-0.353,0.99
-0.22,0.184
-0.213,2.124
-0.513,-1.54
-1.413,-1.616
-1.423,-1.649
-2.4,-1.685
0.933,-1.42
0.947,-1.512
0.679,-1.663
0.283,-1.562
-0.783,2.575
1.651,2.574
-0.527,-0.556
-2.536,1.112
3.125,-1.101
1.571,1.155
-0.173,0.032
-0.445,1.457
-1.823,-0.844
-2.41,1.417
2.865,2.134
1.563,-0.056
1.567,-0.054
1.517,0.864
1.344,1.548
0.427,1.543
0.294,2.2
0.24,1.55
0.219,1.761
0.177,1.683
0.216,2.179
0.095,1.516
-1.043,1.069
3.056,-0.261
2.487,1.2
2.035,-0.218
0.281,-0.198
0.036,1.1
2.289,-1.344
0.489,-1.625
1.46,2.696
-2.348,-1.708
2.772,-1.717
2.792,-1.58
-0.002,1.207
0.064,3.027
0.045,1.664
-0.017,2.937
-0.044,-0.49
-0.045,0.475
-0.118,0.945
-0.107,1.265
-0.07,2.589
-0.171,0.133
-0.172,2.758
-0.343,-1.017
-0.333,-0.972
-0.518,-1.037
-3.043,-1.289
3.075,-1.254
3.057,-1.088
3.037,-1.04
2.942,-1.096
2.779,-1.248
1.845,-1.259
1.391,-1.169
-0.384,2.856
-1.35,3.09
-2.061,2.802
0.888,3.102
0.58,2.882
0.478,2.874
0.041,3.123
-1.864,1.519
2.668,-0.156
0.015,2.659
-0.142,-0.771
2.425,-1.02
-0.342,1.466
-0.384,1.931
-0.35,-0.399
-0.36,-0.125
-0.404,1.934
-0.61,1.327
-0.494,0.936
-0.646,0.29
-0.516,0.816
-0.611,-0.799
-1.016,0.087
-1.143,1.424
-1.174,0.602
-1.17,0.619
-1.17,2.724
-1.186,2.547
-1.116,0.091
-1.153,-0.751
-1.303,0.127
-1.212,2.1
-1.207,1.301
-1.249,0.629
-1.457,2.589
-1.416,2.337
-1.531,0.649
-1.421,-0.732
-1.52,2.995
-1.773,-0.145
-2.071,2.305
-1.966,0.576
-1.969,1.233
-2.084,2.776
-1.986,1.777
-2.123,2.385
-2.091,2.324
-2.366,1.253
-2.579,2.294
-2.572,2.471
-2.604,1.98
-2.942,1.267
-2.96,1.059
-2.979,1.459
-3.001,2.583
3.072,0.579
3.022,2.931
3.059,-0.278
2.926,0.11
2.897,-0.772
3.02,1.083
2.841,-0.038
2.917,2.984
2.767,1.321
2.382,2.485
2.441,-0.166
2.263,0.703
2.15,2.421
2.268,2.108
2.086,2.579
2.099,2.809
2.07,1.077
2.124,0.666
1.784,1.238
1.907,0.144
1.75,1.545
1.378,0.803
1.278,2.54
1.199,1.362
1.141,0.735
0.875,0.071
0.947,2.362
0.819,-0.159
0.716,0.524
0.657,0.147
0.363,0.616
0.489,0.006
0.39,1.202
0.244,0.349
0.267,0.436
0.261,-0.664
0.131,2.66
0.143,0.707
0.088,1.435
-0.049,0.564
-0.112,1.108
-0.055,-0.269
-0.192,1.425
-0.059,0.619
-0.052,2.559
-0.352,-1.105
-1.252,-1.181
-1.262,-1.214
-2.239,-1.25
1.094,-0.985
1.108,-1.077
0.84,-1.228
0.444,-1.127
-0.622,3.01
1.812,3.009
-0.366,-0.121
-2.375,1.547
-2.997,-0.666
1.732,1.59
-0.012,0.467
-0.284,1.892
-1.662,-0.409
-2.249,1.852
3.026,2.569
1.724,0.379
1.728,0.381
1.678,1.299
1.505,1.983
0.588,1.978
0.455,2.635
0.401,1.985
0.38,2.196
0.338,2.118
0.377,2.614
0.256,1.951
-0.882,1.504
-3.066,0.174
2.648,1.635
2.196,0.217
0.442,0.237
0.197,1.535
2.45,-0.909
0.65,-1.19
1.621,3.131
-2.187,-1.273
2.933,-1.282
2.953,-1.145
0.066,1.82
0.047,0.457
-0.015,1.73
-0.042,-1.697
-0.043,-0.732
-0.116,-0.262
-0.105,0.058
-0.068,1.382
-0.169,-1.074
-0.17,1.551
-0.341,-2.224
-0.331,-2.179
-0.516,-2.244
-3.041,-2.496
3.077,-2.461
3.059,-2.295
3.039,-2.247
2.944,-2.303
2.781,-2.455
1.847,-2.466
1.393,-2.376
-0.382,1.649
-1.348,1.883
-2.059,1.595
0.89,1.895
0.582,1.675
0.48,1.667
0.043,1.916
-1.862,0.312
2.67,-1.363
0.017,1.452
-0.14,-1.978
2.427,-2.227
-0.34,0.259
-0.382,0.724
-0.348,-1.606
-0.358,-1.332
-0.402,0.727
-0.608,0.12
-0.492,-0.271
-0.644,-0.917
-0.514,-0.391
-0.609,-2.006
-1.014,-1.12
-1.141,0.217
-1.172,-0.605
-1.168,-0.588
-1.168,1.517
-1.184,1.34
-1.114,-1.116
-1.151,-1.958
-1.301,-1.08
-1.21,0.893
-1.205,0.094
-1.247,-0.578
-1.455,1.382
-1.414,1.13
-1.529,-0.558
-1.419,-1.939
-1.518,1.788
-1.771,-1.352
-2.069,1.098
-1.964,-0.631
-1.967,0.026
-2.082,1.569
-1.984,0.57
-2.121,1.178
-2.089,1.117
-2.364,0.046
-2.577,1.087
-2.57,1.264
-2.602,0.773
-2.94,0.06
-2.958,-0.148
-2.977,0.252
-2.999,1.376
3.074,-0.628
3.024,1.724
3.061,-1.485
2.928,-1.097
2.899,-1.979
3.022,-0.124
2.843,-1.245
2.919,1.777
2.769,0.114
2.384,1.278
2.443,-1.373
2.265,-0.504
2.152,1.214
2.27,0.901
2.088,1.372
2.101,1.602
2.072,-0.13
2.126,-0.541
1.786,0.031
1.909,-1.063
1.752,0.338
1.38,-0.404
1.28,1.333
1.201,0.155
1.143,-0.472
0.877,-1.136
0.949,1.155
0.821,-1.366
0.718,-0.683
0.659,-1.06
0.365,-0.591
0.491,-1.201
0.392,-0.005
0.246,-0.858
0.269,-0.771
0.263,-1.871
0.133,1.453
0.145,-0.5
0.09,0.228
-0.047,-0.643
-0.11,-0.099
-0.053,-1.476
-0.19,0.218
-0.057,-0.588
-0.05,1.352
-0.35,-2.312
-1.25,-2.388
-1.26,-2.421
-2.237,-2.457
1.096,-2.192
1.11,-2.284
0.842,-2.435
0.446,-2.334
-0.62,1.803
1.814,1.802
-0.364,-1.328
-2.373,0.34
-2.995,-1.873
1.734,0.383
-0.01,-0.74
-0.282,0.685
-1.66,-1.616
-2.247,0.645
3.028,1.362
1.726,-0.828
1.73,-0.826
1.68,0.092
1.507,0.776
0.59,0.771
0.457,1.428
0.403,0.778
0.382,0.989
0.34,0.911
0.379,1.407
0.258,0.744
-0.88,0.297
-3.064,-1.033
2.65,0.428
2.198,-0.99
0.444,-0.97
0.199,0.328
2.452,-2.116
0.652,-2.397
1.623,1.924
-2.185,-2.48
2.935,-2.489
2.955,-2.352
-0.019,-1.363
-0.081,-0.09
-0.108,-3.517
-0.109,-2.552
-0.182,-2.082
-0.171,-1.762
-0.134,-0.438
-0.235,-2.894
-0.236,-0.269
-0.407,-4.044
-0.397,-3.999
-0.582,-4.064
-3.107,-4.316
3.011,-4.281
2.993,-4.115
2.973,-4.067
2.878,-4.123
2.715,-4.275
1.781,-4.286
1.327,-4.196
-0.448,-0.171
-1.414,0.063
-2.125,-0.225
0.824,0.075
0.516,-0.145
0.414,-0.153
-0.023,0.096
-1.928,-1.508
2.604,-3.183
-0.049,-0.368
-0.206,-3.798
2.361,-4.047
-0.406,-1.561
-0.448,-1.096
-0.414,-3.426
-0.424,-3.152
-0.468,-1.093
-0.674,-1.7
-0.558,-2.091
-0.71,-2.737
-0.58,-2.211
-0.675,-3.826
-1.08,-2.94
-1.207,-1.603
-1.238,-2.425
-1.234,-2.408
-1.234,-0.303
-1.25,-0.48
-1.18,-2.936
-1.217,-3.778
-1.367,-2.9
-1.276,-0.927
-1.271,-1.726
-1.313,-2.398
-1.521,-0.438
-1.48,-0.69
-1.595,-2.378
-1.485,-3.759
-1.584,-0.032
-1.837,-3.172
-2.135,-0.722
-2.03,-2.451
-2.033,-1.794
-2.148,-0.251
-2.05,-1.25
-2.187,-0.642
-2.155,-0.703
-2.43,-1.774
-2.643,-0.733
-2.636,-0.556
-2.668,-1.047
-3.006,-1.76
-3.024,-1.968
-3.043,-1.568
-3.065,-0.444
3.008,-2.448
2.958,-0.096
2.995,-3.305
2.862,-2.917
2.833,-3.799
2.956,-1.944
2.777,-3.065
2.853,-0.043
2.703,-1.706
2.318,-0.542
2.377,-3.193
2.199,-2.324
2.086,-0.606
2.204,-0.919
2.022,-0.448
2.035,-0.218
2.006,-1.95
2.06,-2.361
1.72,-1.789
1.843,-2.883
1.686,-1.482
1.314,-2.224
1.214,-0.487
1.135,-1.665
1.077,-2.292
0.811,-2.956
0.883,-0.665
0.755,-3.186
0.652,-2.503
0.593,-2.88
0.299,-2.411
0.425,-3.021
0.326,-1.825
0.18,-2.678
0.203,-2.591
0.197,-3.691
0.067,-0.367
0.079,-2.32
0.024,-1.592
-0.113,-2.463
-0.176,-1.919
-0.119,-3.296
-0.256,-1.602
-0.123,-2.408
-0.116,-0.468
-0.416,-4.132
-1.316,-4.208
-1.326,-4.241
-2.303,-4.277
1.03,-4.012
1.044,-4.104
0.776,-4.255
0.38,-4.154
-0.686,-0.017
1.748,-0.018
-0.43,-3.148
-2.439,-1.48
-3.061,-3.693
1.668,-1.437
-0.076,-2.56
-0.348,-1.135
-1.726,-3.436
-2.313,-1.175
2.962,-0.458
1.66,-2.648
1.664,-2.646
1.614,-1.728
1.441,-1.044
0.524,-1.049
0.391,-0.392
0.337,-1.042
0.316,-0.831
0.274,-0.909
0.313,-0.413
0.192,-1.076
-0.946,-1.523
-3.13,-2.853
2.584,-1.392
2.132,-2.81
0.378,-2.79
0.133,-1.492
2.386,-3.936
0.586,-4.217
1.557,0.104
-2.251,-4.3
2.869,-4.309
2.889,-4.172
-0.062,1.273
-0.089,-2.154
-0.09,-1.189
-0.163,-0.719
-0.152,-0.399
-0.115,0.925
-0.216,-1.531
-0.217,1.094
-0.388,-2.681
-0.378,-2.636
-0.563,-2.701
-3.088,-2.953
3.03,-2.918
3.012,-2.752
2.992,-2.704
2.897,-2.76
2.734,-2.912
1.8,-2.923
1.346,-2.833
-0.429,1.192
-1.395,1.426
-2.106,1.138
0.843,1.438
0.535,1.218
0.433,1.21
-0.004,1.459
-1.909,-0.145
2.623,-1.82
-0.03,0.995
-0.187,-2.435
2.38,-2.684
-0.387,-0.198
-0.429,0.267
-0.395,-2.063
-0.405,-1.789
-0.449,0.27
-0.655,-0.337
-0.539,-0.728
-0.691,-1.374
-0.561,-0.848
-0.656,-2.463
-1.061,-1.577
-1.188,-0.24
-1.219,-1.062
-1.215,-1.045
-1.215,1.06
-1.231,0.883
-1.161,-1.573
-1.198,-2.415
-1.348,-1.537
-1.257,0.436
-1.252,-0.363
-1.294,-1.035
-1.502,0.925
-1.461,0.673
-1.576,-1.015
-1.466,-2.396
-1.565,1.331
-1.818,-1.809
-2.116,0.641
-2.011,-1.088
-2.014,-0.431
-2.129,1.112
-2.031,0.113
-2.168,0.721
-2.136,0.66
-2.411,-0.411
-2.624,0.63
-2.617,0.807
-2.649,0.316
-2.987,-0.397
-3.005,-0.605
-3.024,-0.205
-3.046,0.919
3.027,-1.085
2.977,1.267
3.014,-1.942
2.881,-1.554
2.852,-2.436
2.975,-0.581
2.796,-1.702
2.872,1.32
2.722,-0.343
2.337,0.821
2.396,-1.83
2.218,-0.961
2.105,0.757
2.223,0.444
2.041,0.915
2.054,1.145
2.025,-0.587
2.079,-0.998
1.739,-0.426
1.862,-1.52
1.705,-0.119
1.333,-0.861
1.233,0.876
1.154,-0.302
1.096,-0.929
0.83,-1.593
0.902,0.698
0.774,-1.823
0.671,-1.14
0.612,-1.517
0.318,-1.048
0.444,-1.658
0.345,-0.462
0.199,-1.315
0.222,-1.228
0.216,-2.328
0.086,0.996
0.098,-0.957
0.043,-0.229
-0.094,-1.1
-0.157,-0.556
-0.1,-1.933
-0.237,-0.239
-0.104,-1.045
-0.097,0.895
-0.397,-2.769
-1.297,-2.845
-1.307,-2.878
-2.284,-2.914
1.049,-2.649
1.063,-2.741
0.795,-2.892
0.399,-2.791
-0.667,1.346
1.767,1.345
-0.411,-1.785
-2.42,-0.117
-3.042,-2.33
1.687,-0.074
-0.057,-1.197
-0.329,0.228
-1.707,-2.073
-2.294,0.188
2.981,0.905
1.679,-1.285
1.683,-1.283
1.633,-0.365
1.46,0.319
0.543,0.314
0.41,0.971
0.356,0.321
0.335,0.532
0.293,0.454
0.332,0.95
0.211,0.287
-0.927,-0.16
-3.111,-1.49
2.603,-0.029
2.151,-1.447
0.397,-1.427
0.152,-0.129
2.405,-2.573
0.605,-2.854
1.576,1.467
-2.232,-2.937
2.888,-2.946
2.908,-2.809
-0.027,-3.427
-0.028,-2.462
-0.101,-1.992
-0.09,-1.672
-0.053,-0.348
-0.154,-2.804
-0.155,-0.179
-0.326,-3.954
-0.316,-3.909
-0.501,-3.974
-3.026,-4.226
3.092,-4.191
3.074,-4.025
3.054,-3.977
2.959,-4.033
2.796,-4.185
1.862,-4.196
1.408,-4.106
-0.367,-0.081
-1.333,0.153
-2.044,-0.135
0.905,0.165
0.597,-0.055
0.495,-0.063
0.058,0.186
-1.847,-1.418
2.685,-3.093
0.032,-0.278
-0.125,-3.708
2.442,-3.957
-0.325,-1.471
-0.367,-1.006
-0.333,-3.336
-0.343,-3.062
-0.387,-1.003
-0.593,-1.61
-0.477,-2.001
-0.629,-2.647
-0.499,-2.121
-0.594,-3.736
-0.999,-2.85
-1.126,-1.513
-1.157,-2.335
-1.153,-2.318
-1.153,-0.213
-1.169,-0.39
-1.099,-2.846
-1.136,-3.688
-1.286,-2.81
-1.195,-0.837
-1.19,-1.636
-1.232,-2.308
-1.44,-0.348
-1.399,-0.6
-1.514,-2.288
-1.404,-3.669
-1.503,0.058
-1.756,-3.082
-2.054,-0.632
-1.949,-2.361
-1.952,-1.704
-2.067,-0.161
-1.969,-1.16
-2.106,-0.552
-2.074,-0.613
-2.349,-1.684
-2.562,-0.643
-2.555,-0.466
-2.587,-0.957
-2.925,-1.67
-2.943,-1.878
-2.962,-1.478
-2.984,-0.354
3.089,-2.358
3.039,-0.006
3.076,-3.215
2.943,-2.827
2.914,-3.709
3.037,-1.854
2.858,-2.975
2.934,0.047
2.784,-1.616
2.399,-0.452
2.458,-3.103
2.28,-2.234
2.167,-0.516
2.285,-0.829
2.103,-0.358
2.116,-0.128
2.087,-1.86
2.141,-2.271
1.801,-1.699
1.924,-2.793
1.767,-1.392
1.395,-2.134
1.295,-0.397
1.216,-1.575
1.158,-2.202
0.892,-2.866
0.964,-0.575
0.836,-3.096
0.733,-2.413
0.674,-2.79
0.38,-2.321
0.506,-2.931
0.407,-1.735
0.261,-2.588
0.284,-2.501
0.278,-3.601
0.148,-0.277
0.16,-2.23
0.105,-1.502
-0.032,-2.373
-0.095,-1.829
-0.038,-3.206
-0.175,-1.512
-0.042,-2.318
-0.035,-0.378
-0.335,-4.042
-1.235,-4.118
-1.245,-4.151
-2.222,-4.187
1.111,-3.922
1.125,-4.014
0.857,-4.165
0.461,-4.064
-0.605,0.073
1.829,0.072
-0.349,-3.058
-2.358,-1.39
-2.98,-3.603
1.749,-1.347
0.005,-2.47
-0.267,-1.045
-1.645,-3.346
-2.232,-1.085
3.043,-0.368
1.741,-2.558
1.745,-2.556
1.695,-1.638
1.522,-0.954
0.605,-0.959
0.472,-0.302
0.418,-0.952
0.397,-0.741
0.355,-0.819
0.394,-0.323
0.273,-0.986
-0.865,-1.433
-3.049,-2.763
2.665,-1.302
2.213,-2.72
0.459,-2.7
0.214,-1.402
2.467,-3.846
0.667,-4.127
1.638,0.194
-2.17,-4.21
2.95,-4.219
2.97,-4.082
-0.001,0.965
-0.074,1.435
-0.063,1.755
-0.026,3.079
-0.127,0.623
-0.128,3.248
-0.299,-0.527
-0.289,-0.482
-0.474,-0.547
-2.999,-0.799
3.119,-0.764
3.101,-0.598
3.081,-0.55
2.986,-0.606
2.823,-0.758
1.889,-0.769
1.435,-0.679
-0.34,3.346
-1.306,3.58
-2.017,3.292
0.932,3.592
0.624,3.372
0.522,3.364
0.085,3.613
-1.82,2.009
2.712,0.334
0.059,3.149
-0.098,-0.281
2.469,-0.53
-0.298,1.956
-0.34,2.421
-0.306,0.091
-0.316,0.365
-0.36,2.424
-0.566,1.817
-0.45,1.426
-0.602,0.78
-0.472,1.306
-0.567,-0.309
-0.972,0.577
-1.099,1.914
-1.13,1.092
-1.126,1.109
-1.126,3.214
-1.142,3.037
-1.072,0.581
-1.109,-0.261
-1.259,0.617
-1.168,2.59
-1.163,1.791
-1.205,1.119
-1.413,3.079
-1.372,2.827
-1.487,1.139
-1.377,-0.242
-1.476,3.485
-1.729,0.345
-2.027,2.795
-1.922,1.066
-1.925,1.723
-2.04,3.266
-1.942,2.267
-2.079,2.875
-2.047,2.814
-2.322,1.743
-2.535,2.784
-2.528,2.961
-2.56,2.47
-2.898,1.757
-2.916,1.549
-2.935,1.949
-2.957,3.073
3.116,1.069
3.066,3.421
3.103,0.212
2.97,0.6
2.941,-0.282
3.064,1.573
2.885,0.452
2.961,3.474
2.811,1.811
2.426,2.975
2.485,0.324
2.307,1.193
2.194,2.911
2.312,2.598
2.13,3.069
2.143,3.299
2.114,1.567
2.168,1.156
1.828,1.728
1.951,0.634
1.794,2.035
1.422,1.293
1.322,3.03
1.243,1.852
1.185,1.225
0.919,0.561
0.991,2.852
0.863,0.331
0.76,1.014
0.701,0.637
0.407,1.106
0.533,0.496
0.434,1.692
0.288,0.839
0.311,0.926
0.305,-0.174
0.175,3.15
0.187,1.197
0.132,1.925
-0.005,1.054
-0.068,1.598
-0.011,0.221
-0.148,1.915
-0.015,1.109
-0.008,3.049
-0.308,-0.615
-1.208,-0.691
-1.218,-0.724
-2.195,-0.76
1.138,-0.495
1.152,-0.587
0.884,-0.738
0.488,-0.637
-0.578,3.5
1.856,3.499
-0.322,0.369
-2.331,2.037
-2.953,-0.176
1.776,2.08
0.032,0.957
-0.24,2.382
-1.618,0.081
-2.205,2.342
3.07,3.059
1.768,0.869
1.772,0.871
1.722,1.789
1.549,2.473
0.632,2.468
0.499,3.125
0.445,2.475
0.424,2.686
0.382,2.608
0.421,3.104
0.3,2.441
-0.838,1.994
-3.022,0.664
2.692,2.125
2.24,0.707
0.486,0.727
0.241,2.025
2.494,-0.419
0.694,-0.7
1.665,3.621
-2.143,-0.783
2.977,-0.792
2.997,-0.655
-0.073,0.47
-0.062,0.79
-0.025,2.114
-0.126,-0.342
-0.127,2.283
-0.298,-1.492
-0.288,-1.447
-0.473,-1.512
-2.998,-1.764
3.12,-1.729
3.102,-1.563
3.082,-1.515
2.987,-1.571
2.824,-1.723
1.89,-1.734
1.436,-1.644
-0.339,2.381
-1.305,2.615
-2.016,2.327
0.933,2.627
0.625,2.407
0.523,2.399
0.086,2.648
-1.819,1.044
2.713,-0.631
0.06,2.184
-0.097,-1.246
2.47,-1.495
-0.297,0.991
-0.339,1.456
-0.305,-0.874
-0.315,-0.6
-0.359,1.459
-0.565,0.852
-0.449,0.461
-0.601,-0.185
-0.471,0.341
-0.566,-1.274
-0.971,-0.388
-1.098,0.949
-1.129,0.127
-1.125,0.144
-1.125,2.249
-1.141,2.072
-1.071,-0.384
-1.108,-1.226
-1.258,-0.348
-1.167,1.625
-1.162,0.826
-1.204,0.154
-1.412,2.114
-1.371,1.862
-1.486,0.174
-1.376,-1.207
-1.475,2.52
-1.728,-0.62
-2.026,1.83
-1.921,0.101
-1.924,0.758
-2.039,2.301
-1.941,1.302
-2.078,1.91
-2.046,1.849
-2.321,0.778
-2.534,1.819
-2.527,1.996
-2.559,1.505
-2.897,0.792
-2.915,0.584
-2.934,0.984
-2.956,2.108
3.117,0.104
3.067,2.456
3.104,-0.753
2.971,-0.365
2.942,-1.247
3.065,0.608
2.886,-0.513
2.962,2.509
2.812,0.846
2.427,2.01
2.486,-0.641
2.308,0.228
2.195,1.946
2.313,1.633
2.131,2.104
2.144,2.334
2.115,0.602
2.169,0.191
1.829,0.763
1.952,-0.331
1.795,1.07
1.423,0.328
1.323,2.065
1.244,0.887
1.186,0.26
0.92,-0.404
0.992,1.887
0.864,-0.634
0.761,0.049
0.702,-0.328
0.408,0.141
0.534,-0.469
0.435,0.727
0.289,-0.126
0.312,-0.039
0.306,-1.139
0.176,2.185
0.188,0.232
0.133,0.96
-0.004,0.089
-0.067,0.633
-0.01,-0.744
-0.147,0.95
-0.014,0.144
-0.007,2.084
-0.307,-1.58
-1.207,-1.656
-1.217,-1.689
-2.194,-1.725
1.139,-1.46
1.153,-1.552
0.885,-1.703
0.489,-1.602
-0.577,2.535
1.857,2.534
-0.321,-0.596
-2.33,1.072
-2.952,-1.141
1.777,1.115
0.033,-0.008
-0.239,1.417
-1.617,-0.884
-2.204,1.377
3.071,2.094
1.769,-0.096
1.773,-0.094
1.723,0.824
1.55,1.508
0.633,1.503
0.5,2.16
0.446,1.51
0.425,1.721
0.383,1.643
0.422,2.139
0.301,1.476
-0.837,1.029
-3.021,-0.301
2.693,1.16
2.241,-0.258
0.487,-0.238
0.242,1.06
2.495,-1.384
0.695,-1.665
1.666,2.656
-2.142,-1.748
2.978,-1.757
2.998,-1.62
0.011,0.32
0.048,1.644
-0.053,-0.812
-0.054,1.813
-0.225,-1.962
-0.215,-1.917
-0.4,-1.982
-2.925,-2.234
-3.09,-2.199
-3.108,-2.033
-3.128,-1.985
3.06,-2.041
2.897,-2.193
1.963,-2.204
1.509,-2.114
-0.266,1.911
-1.232,2.145
-1.943,1.857
1.006,2.157
0.698,1.937
0.596,1.929
0.159,2.178
-1.746,0.574
2.786,-1.101
0.133,1.714
-0.024,-1.716
2.543,-1.965
-0.224,0.521
-0.266,0.986
-0.232,-1.344
-0.242,-1.07
-0.286,0.989
-0.492,0.382
-0.376,-0.009
-0.528,-0.655
-0.398,-0.129
-0.493,-1.744
-0.898,-0.858
-1.025,0.479
-1.056,-0.343
-1.052,-0.326
-1.052,1.779
-1.068,1.602
-0.998,-0.854
-1.035,-1.696
-1.185,-0.818
-1.094,1.155
-1.089,0.356
-1.131,-0.316
-1.339,1.644
-1.298,1.392
-1.413,-0.296
-1.303,-1.677
-1.402,2.05
-1.655,-1.09
-1.953,1.36
-1.848,-0.369
-1.851,0.288
-1.966,1.831
-1.868,0.832
-2.005,1.44
-1.973,1.379
-2.248,0.308
-2.461,1.349
-2.454,1.526
-2.486,1.035
-2.824,0.322
-2.842,0.114
-2.861,0.514
-2.883,1.638
-3.093,-0.366
3.14,1.986
-3.106,-1.223
3.044,-0.835
3.015,-1.717
3.138,0.138
2.959,-0.983
3.035,2.039
2.885,0.376
2.5,1.54
2.559,-1.111
2.381,-0.242
2.268,1.476
2.386,1.163
2.204,1.634
2.217,1.864
2.188,0.132
2.242,-0.279
1.902,0.293
2.025,-0.801
1.868,0.6
1.496,-0.142
1.396,1.595
1.317,0.417
1.259,-0.21
0.993,-0.874
1.065,1.417
0.937,-1.104
0.834,-0.421
0.775,-0.798
0.481,-0.329
0.607,-0.939
0.508,0.257
0.362,-0.596
0.385,-0.509
0.379,-1.609
0.249,1.715
0.261,-0.238
0.206,0.49
0.069,-0.381
0.006,0.163
0.063,-1.214
-0.074,0.48
0.059,-0.326
0.066,1.614
-0.234,-2.05
-1.134,-2.126
-1.144,-2.159
-2.121,-2.195
1.212,-1.93
1.226,-2.022
0.958,-2.173
0.562,-2.072
-0.504,2.065
1.93,2.064
-0.248,-1.066
-2.257,0.602
-2.879,-1.611
1.85,0.645
0.106,-0.478
-0.166,0.947
-1.544,-1.354
-2.131,0.907
-3.139,1.624
1.842,-0.566
1.846,-0.564
1.796,0.354
1.623,1.038
0.706,1.033
0.573,1.69
0.519,1.04
0.498,1.251
0.456,1.173
0.495,1.669
0.374,1.006
-0.764,0.559
-2.948,-0.771
2.766,0.69
2.314,-0.728
0.56,-0.708
0.315,0.59
2.568,-1.854
0.768,-2.135
1.739,2.186
-2.069,-2.218
3.051,-2.227
3.071,-2.09
0.037,1.324
-0.064,-1.132
-0.065,1.493
-0.236,-2.282
-0.226,-2.237
-0.411,-2.302
-2.936,-2.554
-3.101,-2.519
-3.119,-2.353
-3.139,-2.305
3.049,-2.361
2.886,-2.513
1.952,-2.524
1.498,-2.434
-0.277,1.591
-1.243,1.825
-1.954,1.537
0.995,1.837
0.687,1.617
0.585,1.609
0.148,1.858
-1.757,0.254
2.775,-1.421
0.122,1.394
-0.035,-2.036
2.532,-2.285
-0.235,0.201
-0.277,0.666
-0.243,-1.664
-0.253,-1.39
-0.297,0.669
-0.503,0.062
-0.387,-0.329
-0.539,-0.975
-0.409,-0.449
-0.504,-2.064
-0.909,-1.178
-1.036,0.159
-1.067,-0.663
-1.063,-0.646
-1.063,1.459
-1.079,1.282
-1.009,-1.174
-1.046,-2.016
-1.196,-1.138
-1.105,0.835
-1.1,0.036
-1.142,-0.636
-1.35,1.324
-1.309,1.072
-1.424,-0.616
-1.314,-1.997
-1.413,1.73
-1.666,-1.41
-1.964,1.04
-1.859,-0.689
-1.862,-0.032
-1.977,1.511
-1.879,0.512
-2.016,1.12
-1.984,1.059
-2.259,-0.012
-2.472,1.029
-2.465,1.206
-2.497,0.715
-2.835,0.002
-2.853,-0.206
-2.872,0.194
-2.894,1.318
-3.104,-0.686
3.129,1.666
-3.117,-1.543
3.033,-1.155
3.004,-2.037
3.127,-0.182
2.948,-1.303
3.024,1.719
2.874,0.056
2.489,1.22
2.548,-1.431
2.37,-0.562
2.257,1.156
2.375,0.843
2.193,1.314
2.206,1.544
2.177,-0.188
2.231,-0.599
1.891,-0.027
2.014,-1.121
1.857,0.28
1.485,-0.462
1.385,1.275
1.306,0.097
1.248,-0.53
0.982,-1.194
1.054,1.097
0.926,-1.424
0.823,-0.741
0.764,-1.118
0.47,-0.649
0.596,-1.259
0.497,-0.063
0.351,-0.916
0.374,-0.829
0.368,-1.929
0.238,1.395
0.25,-0.558
0.195,0.17
0.058,-0.701
-0.005,-0.157
0.052,-1.534
-0.085,0.16
0.048,-0.646
0.055,1.294
-0.245,-2.37
-1.145,-2.446
-1.155,-2.479
-2.132,-2.515
1.201,-2.25
1.215,-2.342
0.947,-2.493
0.551,-2.392
-0.515,1.745
1.919,1.744
-0.259,-1.386
-2.268,0.282
-2.89,-1.931
1.839,0.325
0.095,-0.798
-0.177,0.627
-1.555,-1.674
-2.142,0.587
3.133,1.304
1.831,-0.886
1.835,-0.884
1.785,0.034
1.612,0.718
0.695,0.713
0.562,1.37
0.508,0.72
0.487,0.931
0.445,0.853
0.484,1.349
0.363,0.686
-0.775,0.239
-2.959,-1.091
2.755,0.37
2.303,-1.048
0.549,-1.028
0.304,0.27
2.557,-2.174
0.757,-2.455
1.728,1.866
-2.08,-2.538
3.04,-2.547
3.06,-2.41
-0.101,-2.456
-0.102,0.169
-0.273,-3.606
-0.263,-3.561
-0.448,-3.626
-2.973,-3.878
-3.138,-3.843
3.127,-3.677
3.107,-3.629
3.012,-3.685
2.849,-3.837
1.915,-3.848
1.461,-3.758
-0.314,0.267
-1.28,0.501
-1.991,0.213
0.958,0.513
0.65,0.293
0.548,0.285
0.111,0.534
-1.794,-1.07
2.738,-2.745
0.085,0.07
-0.072,-3.36
2.495,-3.609
-0.272,-1.123
-0.314,-0.658
-0.28,-2.988
-0.29,-2.714
-0.334,-0.655
-0.54,-1.262
-0.424,-1.653
-0.576,-2.299
-0.446,-1.773
-0.541,-3.388
-0.946,-2.502
-1.073,-1.165
-1.104,-1.987
-1.1,-1.97
-1.1,0.135
-1.116,-0.042
-1.046,-2.498
-1.083,-3.34
-1.233,-2.462
-1.142,-0.489
-1.137,-1.288
-1.179,-1.96
-1.387,0.0
-1.346,-0.252
-1.461,-1.94
-1.351,-3.321
-1.45,0.406
-1.703,-2.734
-2.001,-0.284
-1.896,-2.013
-1.899,-1.356
-2.014,0.187
-1.916,-0.812
-2.053,-0.204
-2.021,-0.265
-2.296,-1.336
-2.509,-0.295
-2.502,-0.118
-2.534,-0.609
-2.872,-1.322
-2.89,-1.53
-2.909,-1.13
-2.931,-0.006
-3.141,-2.01
3.092,0.342
3.129,-2.867
2.996,-2.479
2.967,-3.361
3.09,-1.506
2.911,-2.627
2.987,0.395
2.837,-1.268
2.452,-0.104
2.511,-2.755
2.333,-1.886
2.22,-0.168
2.338,-0.481
2.156,-0.01
2.169,0.22
2.14,-1.512
2.194,-1.923
1.854,-1.351
1.977,-2.445
1.82,-1.044
1.448,-1.786
1.348,-0.049
1.269,-1.227
1.211,-1.854
0.945,-2.518
1.017,-0.227
0.889,-2.748
0.786,-2.065
0.727,-2.442
0.433,-1.973
0.559,-2.583
0.46,-1.387
0.314,-2.24
0.337,-2.153
0.331,-3.253
0.201,0.071
0.213,-1.882
0.158,-1.154
0.021,-2.025
-0.042,-1.481
0.015,-2.858
-0.122,-1.164
0.011,-1.97
0.018,-0.03
-0.282,-3.694
-1.182,-3.77
-1.192,-3.803
-2.169,-3.839
1.164,-3.574
1.178,-3.666
0.91,-3.817
0.514,-3.716
-0.552,0.421
1.882,0.42
-0.296,-2.71
-2.305,-1.042
-2.927,-3.255
1.802,-0.999
0.058,-2.122
-0.214,-0.697
-1.592,-2.998
-2.179,-0.737
3.096,-0.02
1.794,-2.21
1.798,-2.208
1.748,-1.29
1.575,-0.606
0.658,-0.611
0.525,0.046
0.471,-0.604
0.45,-0.393
0.408,-0.471
0.447,0.025
0.326,-0.638
-0.812,-1.085
-2.996,-2.415
2.718,-0.954
2.266,-2.372
0.512,-2.352
0.267,-1.054
2.52,-3.498
0.72,-3.779
1.691,0.542
-2.117,-3.862
3.003,-3.871
3.023,-3.734
-0.001,2.625
-0.172,-1.15
-0.162,-1.105
-0.347,-1.17
-2.872,-1.422
-3.037,-1.387
-3.055,-1.221
-3.075,-1.173
3.113,-1.229
2.95,-1.381
2.016,-1.392
1.562,-1.302
-0.213,2.723
-1.179,2.957
-1.89,2.669
1.059,2.969
0.751,2.749
0.649,2.741
0.212,2.99
-1.693,1.386
2.839,-0.289
0.186,2.526
0.029,-0.904
2.596,-1.153
-0.171,1.333
-0.213,1.798
-0.179,-0.532
-0.189,-0.258
-0.233,1.801
-0.439,1.194
-0.323,0.803
-0.475,0.157
-0.345,0.683
-0.44,-0.932
-0.845,-0.046
-0.972,1.291
-1.003,0.469
-0.999,0.486
-0.999,2.591
-1.015,2.414
-0.945,-0.042
-0.982,-0.884
-1.132,-0.006
-1.041,1.967
-1.036,1.168
-1.078,0.496
-1.286,2.456
-1.245,2.204
-1.36,0.516
-1.25,-0.865
-1.349,2.862
-1.602,-0.278
-1.9,2.172
-1.795,0.443
-1.798,1.1
-1.913,2.643
-1.815,1.644
-1.952,2.252
-1.92,2.191
-2.195,1.12
-2.408,2.161
-2.401,2.338
-2.433,1.847
-2.771,1.134
-2.789,0.926
-2.808,1.326
-2.83,2.45
-3.04,0.446
-3.09,2.798
-3.053,-0.411
3.097,-0.023
3.068,-0.905
-3.092,0.95
3.012,-0.171
3.088,2.851
2.938,1.188
2.553,2.352
2.612,-0.299
2.434,0.57
2.321,2.288
2.439,1.975
2.257,2.446
2.27,2.676
2.241,0.944
2.295,0.533
1.955,1.105
2.078,0.011
1.921,1.412
1.549,0.67
1.449,2.407
1.37,1.229
1.312,0.602
1.046,-0.062
1.118,2.229
0.99,-0.292
0.887,0.391
0.828,0.014
0.534,0.483
0.66,-0.127
0.561,1.069
0.415,0.216
0.438,0.303
0.432,-0.797
0.302,2.527
0.314,0.574
0.259,1.302
0.122,0.431
0.059,0.975
0.116,-0.402
-0.021,1.292
0.112,0.486
0.119,2.426
-0.181,-1.238
-1.081,-1.314
-1.091,-1.347
-2.068,-1.383
1.265,-1.118
1.279,-1.21
1.011,-1.361
0.615,-1.26
-0.451,2.877
1.983,2.876
-0.195,-0.254
-2.204,1.414
-2.826,-0.799
1.903,1.457
0.159,0.334
-0.113,1.759
-1.491,-0.542
-2.078,1.719
-3.086,2.436
1.895,0.246
1.899,0.248
1.849,1.166
1.676,1.85
0.759,1.845
0.626,2.502
0.572,1.852
0.551,2.063
0.509,1.985
0.548,2.481
0.427,1.818
-0.711,1.371
-2.895,0.041
2.819,1.502
2.367,0.084
0.613,0.104
0.368,1.402
2.621,-1.042
0.821,-1.323
1.792,2.998
-2.016,-1.406
3.104,-1.415
3.124,-1.278
-0.171,-3.775
-0.161,-3.73
-0.346,-3.795
-2.871,-4.047
-3.036,-4.012
-3.054,-3.846
-3.074,-3.798
3.114,-3.854
2.951,-4.006
2.017,-4.017
1.563,-3.927
-0.212,0.098
-1.178,0.332
-1.889,0.044
1.06,0.344
0.752,0.124
0.65,0.116
0.213,0.365
-1.692,-1.239
2.84,-2.914
0.187,-0.099
0.03,-3.529
2.597,-3.778
-0.17,-1.292
-0.212,-0.827
-0.178,-3.157
-0.188,-2.883
-0.232,-0.824
-0.438,-1.431
-0.322,-1.822
-0.474,-2.468
-0.344,-1.942
-0.439,-3.557
-0.844,-2.671
-0.971,-1.334
-1.002,-2.156
-0.998,-2.139
-0.998,-0.034
-1.014,-0.211
-0.944,-2.667
-0.981,-3.509
-1.131,-2.631
-1.04,-0.658
-1.035,-1.457
-1.077,-2.129
-1.285,-0.169
-1.244,-0.421
-1.359,-2.109
-1.249,-3.49
-1.348,0.237
-1.601,-2.903
-1.899,-0.453
-1.794,-2.182
-1.797,-1.525
-1.912,0.018
-1.814,-0.981
-1.951,-0.373
-1.919,-0.434
-2.194,-1.505
-2.407,-0.464
-2.4,-0.287
-2.432,-0.778
-2.77,-1.491
-2.788,-1.699
-2.807,-1.299
-2.829,-0.175
-3.039,-2.179
-3.089,0.173
-3.052,-3.036
3.098,-2.648
3.069,-3.53
-3.091,-1.675
3.013,-2.796
3.089,0.226
2.939,-1.437
2.554,-0.273
2.613,-2.924
2.435,-2.055
2.322,-0.337
2.44,-0.65
2.258,-0.179
2.271,0.051
2.242,-1.681
2.296,-2.092
1.956,-1.52
2.079,-2.614
1.922,-1.213
1.55,-1.955
1.45,-0.218
1.371,-1.396
1.313,-2.023
1.047,-2.687
1.119,-0.396
0.991,-2.917
0.888,-2.234
0.829,-2.611
0.535,-2.142
0.661,-2.752
0.562,-1.556
0.416,-2.409
0.439,-2.322
0.433,-3.422
0.303,-0.098
0.315,-2.051
0.26,-1.323
0.123,-2.194
0.06,-1.65
0.117,-3.027
-0.02,-1.333
0.113,-2.139
0.12,-0.199
-0.18,-3.863
-1.08,-3.939
-1.09,-3.972
-2.067,-4.008
1.266,-3.743
1.28,-3.835
1.012,-3.986
0.616,-3.885
-0.45,0.252
1.984,0.251
-0.194,-2.879
-2.203,-1.211
-2.825,-3.424
1.904,-1.168
0.16,-2.291
-0.112,-0.866
-1.49,-3.167
-2.077,-0.906
-3.085,-0.189
1.896,-2.379
1.9,-2.377
1.85,-1.459
1.677,-0.775
0.76,-0.78
0.627,-0.123
0.573,-0.773
0.552,-0.562
0.51,-0.64
0.549,-0.144
0.428,-0.807
-0.71,-1.254
-2.894,-2.584
2.82,-1.123
2.368,-2.541
0.614,-2.521
0.369,-1.223
2.622,-3.667
0.822,-3.948
1.793,0.373
-2.015,-4.031
3.105,-4.04
3.125,-3.903
0.01,0.045
-0.175,-0.02
-2.7,-0.272
-2.865,-0.237
-2.883,-0.071
-2.903,-0.023
-2.998,-0.079
3.122,-0.231
2.188,-0.242
1.734,-0.152
-0.041,3.873
-1.007,4.107
-1.718,3.819
1.231,4.119
0.923,3.899
0.821,3.891
0.384,4.14
-1.521,2.536
3.011,0.861
0.358,3.676
0.201,0.246
2.768,-0.003
0.001,2.483
-0.041,2.948
-0.007,0.618
-0.017,0.892
-0.061,2.951
-0.267,2.344
-0.151,1.953
-0.303,1.307
-0.173,1.833
-0.268,0.218
-0.673,1.104
-0.8,2.441
-0.831,1.619
-0.827,1.636
-0.827,3.741
-0.843,3.564
-0.773,1.108
-0.81,0.266
-0.96,1.144
-0.869,3.117
-0.864,2.318
-0.906,1.646
-1.114,3.606
-1.073,3.354
-1.188,1.666
-1.078,0.285
-1.177,4.012
-1.43,0.872
-1.728,3.322
-1.623,1.593
-1.626,2.25
-1.741,3.793
-1.643,2.794
-1.78,3.402
-1.748,3.341
-2.023,2.27
-2.236,3.311
-2.229,3.488
-2.261,2.997
-2.599,2.284
-2.617,2.076
-2.636,2.476
-2.658,3.6
-2.868,1.596
-2.918,3.948
-2.881,0.739
-3.014,1.127
-3.043,0.245
-2.92,2.1
-3.099,0.979
-3.023,4.001
3.11,2.338
2.725,3.502
2.784,0.851
2.606,1.72
2.493,3.438
2.611,3.125
2.429,3.596
2.442,3.826
2.413,2.094
2.467,1.683
2.127,2.255
2.25,1.161
2.093,2.562
1.721,1.82
1.621,3.557
1.542,2.379
1.484,1.752
1.218,1.088
1.29,3.379
1.162,0.858
1.059,1.541
1.0,1.164
0.706,1.633
0.832,1.023
0.733,2.219
0.587,1.366
0.61,1.453
0.604,0.353
0.474,3.677
0.486,1.724
0.431,2.452
0.294,1.581
0.231,2.125
0.288,0.748
0.151,2.442
0.284,1.636
0.291,3.576
-0.009,-0.088
-0.909,-0.164
-0.919,-0.197
-1.896,-0.233
1.437,0.032
1.451,-0.06
1.183,-0.211
0.787,-0.11
-0.279,4.027
2.155,4.026
-0.023,0.896
-2.032,2.564
-2.654,0.351
2.075,2.607
0.331,1.484
0.059,2.909
-1.319,0.608
-1.906,2.869
-2.914,3.586
2.067,1.396
2.071,1.398
2.021,2.316
1.848,3.0
0.931,2.995
0.798,3.652
0.744,3.002
0.723,3.213
0.681,3.135
0.72,3.631
0.599,2.968
-0.539,2.521
-2.723,1.191
2.991,2.652
2.539,1.234
0.785,1.254
0.54,2.552
2.793,0.108
0.993,-0.173
1.964,4.148
-1.844,-0.256
-3.007,-0.265
-2.987,-0.128
-0.185,-0.065
-2.71,-0.317
-2.875,-0.282
-2.893,-0.116
-2.913,-0.068
-3.008,-0.124
3.112,-0.276
2.178,-0.287
1.724,-0.197
-0.051,3.828
-1.017,4.062
-1.728,3.774
1.221,4.074
0.913,3.854
0.811,3.846
0.374,4.095
-1.531,2.491
3.001,0.816
0.348,3.631
0.191,0.201
2.758,-0.048
-0.009,2.438
-0.051,2.903
-0.017,0.573
-0.027,0.847
-0.071,2.906
-0.277,2.299
-0.161,1.908
-0.313,1.262
-0.183,1.788
-0.278,0.173
-0.683,1.059
-0.81,2.396
-0.841,1.574
-0.837,1.591
-0.837,3.696
-0.853,3.519
-0.783,1.063
-0.82,0.221
-0.97,1.099
-0.879,3.072
-0.874,2.273
-0.916,1.601
-1.124,3.561
-1.083,3.309
-1.198,1.621
-1.088,0.24
-1.187,3.967
-1.44,0.827
-1.738,3.277
-1.633,1.548
-1.636,2.205
-1.751,3.748
-1.653,2.749
-1.79,3.357
-1.758,3.296
-2.033,2.225
-2.246,3.266
-2.239,3.443
-2.271,2.952
-2.609,2.239
-2.627,2.031
-2.646,2.431
-2.668,3.555
-2.878,1.551
-2.928,3.903
-2.891,0.694
-3.024,1.082
-3.053,0.2
-2.93,2.055
-3.109,0.934
-3.033,3.956
3.1,2.293
2.715,3.457
2.774,0.806
2.596,1.675
2.483,3.393
2.601,3.08
2.419,3.551
2.432,3.781
2.403,2.049
2.457,1.638
2.117,2.21
2.24,1.116
2.083,2.517
1.711,1.775
1.611,3.512
1.532,2.334
1.474,1.707
1.208,1.043
1.28,3.334
1.152,0.813
1.049,1.496
0.99,1.119
0.696,1.588
0.822,0.978
0.723,2.174
0.577,1.321
0.6,1.408
0.594,0.308
0.464,3.632
0.476,1.679
0.421,2.407
0.284,1.536
0.221,2.08
0.278,0.703
0.141,2.397
0.274,1.591
0.281,3.531
-0.019,-0.133
-0.919,-0.209
-0.929,-0.242
-1.906,-0.278
1.427,-0.013
1.441,-0.105
1.173,-0.256
0.777,-0.155
-0.289,3.982
2.145,3.981
-0.033,0.851
-2.042,2.519
-2.664,0.306
2.065,2.562
0.321,1.439
0.049,2.864
-1.329,0.563
-1.916,2.824
-2.924,3.541
2.057,1.351
2.061,1.353
2.011,2.271
1.838,2.955
0.921,2.95
0.788,3.607
0.734,2.957
0.713,3.168
0.671,3.09
0.71,3.586
0.589,2.923
-0.549,2.476
-2.733,1.146
2.981,2.607
2.529,1.189
0.775,1.209
0.53,2.507
2.783,0.063
0.983,-0.218
1.954,4.103
-1.854,-0.301
-3.017,-0.31
-2.997,-0.173
-2.525,-0.252
-2.69,-0.217
-2.708,-0.051
-2.728,-0.003
-2.823,-0.059
-2.986,-0.211
2.363,-0.222
1.909,-0.132
0.134,3.893
-0.832,4.127
-1.543,3.839
1.406,4.139
1.098,3.919
0.996,3.911
0.559,4.16
-1.346,2.556
-3.097,0.881
0.533,3.696
0.376,0.266
2.943,0.017
0.176,2.503
0.134,2.968
0.168,0.638
0.158,0.912
0.114,2.971
-0.092,2.364
0.024,1.973
-0.128,1.327
0.002,1.853
-0.093,0.238
-0.498,1.124
-0.625,2.461
-0.656,1.639
-0.652,1.656
-0.652,3.761
-0.668,3.584
-0.598,1.128
-0.635,0.286
-0.785,1.164
-0.694,3.137
-0.689,2.338
-0.731,1.666
-0.939,3.626
-0.898,3.374
-1.013,1.686
-0.903,0.305
-1.002,4.032
-1.255,0.892
-1.553,3.342
-1.448,1.613
-1.451,2.27
-1.566,3.813
-1.468,2.814
-1.605,3.422
-1.573,3.361
-1.848,2.29
-2.061,3.331
-2.054,3.508
-2.086,3.017
-2.424,2.304
-2.442,2.096
-2.461,2.496
-2.483,3.62
-2.693,1.616
-2.743,3.968
-2.706,0.759
-2.839,1.147
-2.868,0.265
-2.745,2.12
-2.924,0.999
-2.848,4.021
-2.998,2.358
2.9,3.522
2.959,0.871
2.781,1.74
2.668,3.458
2.786,3.145
2.604,3.616
2.617,3.846
2.588,2.114
2.642,1.703
2.302,2.275
2.425,1.181
2.268,2.582
1.896,1.84
1.796,3.577
1.717,2.399
1.659,1.772
1.393,1.108
1.465,3.399
1.337,0.878
1.234,1.561
1.175,1.184
0.881,1.653
1.007,1.043
0.908,2.239
0.762,1.386
0.785,1.473
0.779,0.373
0.649,3.697
0.661,1.744
0.606,2.472
0.469,1.601
0.406,2.145
0.463,0.768
0.326,2.462
0.459,1.656
0.466,3.596
0.166,-0.068
-0.734,-0.144
-0.744,-0.177
-1.721,-0.213
1.612,0.052
1.626,-0.04
1.358,-0.191
0.962,-0.09
-0.104,4.047
2.33,4.046
0.152,0.916
-1.857,2.584
-2.479,0.371
2.25,2.627
0.506,1.504
0.234,2.929
-1.144,0.628
-1.731,2.889
-2.739,3.606
2.242,1.416
2.246,1.418
2.196,2.336
2.023,3.02
1.106,3.015
0.973,3.672
0.919,3.022
0.898,3.233
0.856,3.155
0.895,3.651
0.774,2.988
-0.364,2.541
-2.548,1.211
-3.117,2.672
2.714,1.254
0.96,1.274
0.715,2.572
2.968,0.128
1.168,-0.153
2.139,4.168
-1.669,-0.236
-2.832,-0.245
-2.812,-0.108
-0.165,0.035
-0.183,0.201
-0.203,0.249
-0.298,0.193
-0.461,0.041
-1.395,0.03
-1.849,0.12
2.659,4.145
1.693,4.379
0.982,4.091
-2.352,4.391
-2.66,4.171
-2.762,4.163
3.084,4.412
1.179,2.808
-0.572,1.133
3.058,3.948
2.901,0.518
-0.815,0.269
2.701,2.755
2.659,3.22
2.693,0.89
2.683,1.164
2.639,3.223
2.433,2.616
2.549,2.225
2.397,1.579
2.527,2.105
2.432,0.49
2.027,1.376
1.9,2.713
1.869,1.891
1.873,1.908
1.873,4.013
1.857,3.836
1.927,1.38
1.89,0.538
1.74,1.416
1.831,3.389
1.836,2.59
1.794,1.918
1.586,3.878
1.627,3.626
1.512,1.938
1.622,0.557
1.523,4.284
1.27,1.144
0.972,3.594
1.077,1.865
1.074,2.522
0.959,4.065
1.057,3.066
0.92,3.674
0.952,3.613
0.677,2.542
0.464,3.583
0.471,3.76
0.439,3.269
0.101,2.556
0.083,2.348
0.064,2.748
0.042,3.872
-0.168,1.868
-0.218,4.22
-0.181,1.011
-0.314,1.399
-0.343,0.517
-0.22,2.372
-0.399,1.251
-0.323,4.273
-0.473,2.61
-0.858,3.774
-0.799,1.123
-0.977,1.992
-1.09,3.71
-0.972,3.397
-1.154,3.868
-1.141,4.098
-1.17,2.366
-1.116,1.955
-1.456,2.527
-1.333,1.433
-1.49,2.834
-1.862,2.092
-1.962,3.829
-2.041,2.651
-2.099,2.024
-2.365,1.36
-2.293,3.651
-2.421,1.13
-2.524,1.813
-2.583,1.436
-2.877,1.905
-2.751,1.295
-2.85,2.491
-2.996,1.638
-2.973,1.725
-2.979,0.625
-3.109,3.949
-3.097,1.996
3.131,2.724
2.994,1.853
2.931,2.397
2.988,1.02
2.851,2.714
2.984,1.908
2.991,3.848
2.691,0.184
1.791,0.108
1.781,0.075
0.804,0.039
-2.146,0.304
-2.132,0.212
-2.4,0.061
-2.796,0.162
2.421,4.299
-1.428,4.298
2.677,1.168
0.668,2.836
0.046,0.623
-1.508,2.879
3.031,1.756
2.759,3.181
1.381,0.88
0.794,3.141
-0.214,3.858
-1.516,1.668
-1.512,1.67
-1.562,2.588
-1.735,3.272
-2.652,3.267
-2.785,3.924
-2.839,3.274
-2.86,3.485
-2.902,3.407
-2.863,3.903
-2.984,3.24
2.161,2.793
-0.023,1.463
-0.592,2.924
-1.044,1.506
-2.798,1.526
-3.043,2.824
-0.79,0.38
-2.59,0.099
-1.619,4.42
0.856,0.016
-0.307,0.007
-0.287,0.144
-0.018,0.166
-0.038,0.214
-0.133,0.158
-0.296,0.006
-1.23,-0.005
-1.684,0.085
2.824,4.11
1.858,4.344
1.147,4.056
-2.187,4.356
-2.495,4.136
-2.597,4.128
-3.034,4.377
1.344,2.773
-0.407,1.098
-3.06,3.913
3.066,0.483
-0.65,0.234
2.866,2.72
2.824,3.185
2.858,0.855
2.848,1.129
2.804,3.188
2.598,2.581
2.714,2.19
2.562,1.544
2.692,2.07
2.597,0.455
2.192,1.341
2.065,2.678
2.034,1.856
2.038,1.873
2.038,3.978
2.022,3.801
2.092,1.345
2.055,0.503
1.905,1.381
1.996,3.354
2.001,2.555
1.959,1.883
1.751,3.843
1.792,3.591
1.677,1.903
1.787,0.522
1.688,4.249
1.435,1.109
1.137,3.559
1.242,1.83
1.239,2.487
1.124,4.03
1.222,3.031
1.085,3.639
1.117,3.578
0.842,2.507
0.629,3.548
0.636,3.725
0.604,3.234
0.266,2.521
0.248,2.313
0.229,2.713
0.207,3.837
-0.003,1.833
-0.053,4.185
-0.016,0.976
-0.149,1.364
-0.178,0.482
-0.055,2.337
-0.234,1.216
-0.158,4.238
-0.308,2.575
-0.693,3.739
-0.634,1.088
-0.812,1.957
-0.925,3.675
-0.807,3.362
-0.989,3.833
-0.976,4.063
-1.005,2.331
-0.951,1.92
-1.291,2.492
-1.168,1.398
-1.325,2.799
-1.697,2.057
-1.797,3.794
-1.876,2.616
-1.934,1.989
-2.2,1.325
-2.128,3.616
-2.256,1.095
-2.359,1.778
-2.418,1.401
-2.712,1.87
-2.586,1.26
-2.685,2.456
-2.831,1.603
-2.808,1.69
-2.814,0.59
-2.944,3.914
-2.932,1.961
-2.987,2.689
-3.124,1.818
3.096,2.362
-3.13,0.985
3.016,2.679
-3.134,1.873
-3.127,3.813
2.856,0.149
1.956,0.073
1.946,0.04
0.969,0.004
-1.981,0.269
-1.967,0.177
-2.235,0.026
-2.631,0.127
2.586,4.264
-1.263,4.263
2.842,1.133
0.833,2.801
0.211,0.588
-1.343,2.844
-3.087,1.721
2.924,3.146
1.546,0.845
0.959,3.106
-0.049,3.823
-1.351,1.633
-1.347,1.635
-1.397,2.553
-1.57,3.237
-2.487,3.232
-2.62,3.889
-2.674,3.239
-2.695,3.45
-2.737,3.372
-2.698,3.868
-2.819,3.205
2.326,2.758
0.142,1.428
-0.427,2.889
-0.879,1.471
-2.633,1.491
-2.878,2.789
-0.625,0.345
-2.425,0.064
-1.454,4.385
1.021,-0.019
-0.142,-0.028
-0.122,0.109
-0.02,0.048
-0.115,-0.008
-0.278,-0.16
-1.212,-0.171
-1.666,-0.081
2.842,3.944
1.876,4.178
1.165,3.89
-2.169,4.19
-2.477,3.97
-2.579,3.962
-3.016,4.211
1.362,2.607
-0.389,0.932
-3.042,3.747
3.084,0.317
-0.632,0.068
2.884,2.554
2.842,3.019
2.876,0.689
2.866,0.963
2.822,3.022
2.616,2.415
2.732,2.024
2.58,1.378
2.71,1.904
2.615,0.289
2.21,1.175
2.083,2.512
2.052,1.69
2.056,1.707
2.056,3.812
2.04,3.635
2.11,1.179
2.073,0.337
1.923,1.215
2.014,3.188
2.019,2.389
1.977,1.717
1.769,3.677
1.81,3.425
1.695,1.737
1.805,0.356
1.706,4.083
1.453,0.943
1.155,3.393
1.26,1.664
1.257,2.321
1.142,3.864
1.24,2.865
1.103,3.473
1.135,3.412
0.86,2.341
0.647,3.382
0.654,3.559
0.622,3.068
0.284,2.355
0.266,2.147
0.247,2.547
0.225,3.671
0.015,1.667
-0.035,4.019
0.002,0.81
-0.131,1.198
-0.16,0.316
-0.037,2.171
-0.216,1.05
-0.14,4.072
-0.29,2.409
-0.675,3.573
-0.616,0.922
-0.794,1.791
-0.907,3.509
-0.789,3.196
-0.971,3.667
-0.958,3.897
-0.987,2.165
-0.933,1.754
-1.273,2.326
-1.15,1.232
-1.307,2.633
-1.679,1.891
-1.779,3.628
-1.858,2.45
-1.916,1.823
-2.182,1.159
-2.11,3.45
-2.238,0.929
-2.341,1.612
-2.4,1.235
-2.694,1.704
-2.568,1.094
-2.667,2.29
-2.813,1.437
-2.79,1.524
-2.796,0.424
-2.926,3.748
-2.914,1.795
-2.969,2.523
-3.106,1.652
3.114,2.196
-3.112,0.819
3.034,2.513
-3.116,1.707
-3.109,3.647
2.874,-0.017
1.974,-0.093
1.964,-0.126
0.987,-0.162
-1.963,0.103
-1.949,0.011
-2.217,-0.14
-2.613,-0.039
2.604,4.098
-1.245,4.097
2.86,0.967
0.851,2.635
0.229,0.422
-1.325,2.678
-3.069,1.555
2.942,2.98
1.564,0.679
0.977,2.94
-0.031,3.657
-1.333,1.467
-1.329,1.469
-1.379,2.387
-1.552,3.071
-2.469,3.066
-2.602,3.723
-2.656,3.073
-2.677,3.284
-2.719,3.206
-2.68,3.702
-2.801,3.039
2.344,2.592
0.16,1.262
-0.409,2.723
-0.861,1.305
-2.615,1.325
-2.86,2.623
-0.607,0.179
-2.407,-0.102
-1.436,4.219
1.039,-0.185
-0.124,-0.194
-0.104,-0.057
-0.095,-0.056
-0.258,-0.208
-1.192,-0.219
-1.646,-0.129
2.862,3.896
1.896,4.13
1.185,3.842
-2.149,4.142
-2.457,3.922
-2.559,3.914
-2.996,4.163
1.382,2.559
-0.369,0.884
-3.022,3.699
3.104,0.269
-0.612,0.02
2.904,2.506
2.862,2.971
2.896,0.641
2.886,0.915
2.842,2.974
2.636,2.367
2.752,1.976
2.6,1.33
2.73,1.856
2.635,0.241
2.23,1.127
2.103,2.464
2.072,1.642
2.076,1.659
2.076,3.764
2.06,3.587
2.13,1.131
2.093,0.289
1.943,1.167
2.034,3.14
2.039,2.341
1.997,1.669
1.789,3.629
1.83,3.377
1.715,1.689
1.825,0.308
1.726,4.035
1.473,0.895
1.175,3.345
1.28,1.616
1.277,2.273
1.162,3.816
1.26,2.817
1.123,3.425
1.155,3.364
0.88,2.293
0.667,3.334
0.674,3.511
0.642,3.02
0.304,2.307
0.286,2.099
0.267,2.499
0.245,3.623
0.035,1.619
-0.015,3.971
0.022,0.762
-0.111,1.15
-0.14,0.268
-0.017,2.123
-0.196,1.002
-0.12,4.024
-0.27,2.361
-0.655,3.525
-0.596,0.874
-0.774,1.743
-0.887,3.461
-0.769,3.148
-0.951,3.619
-0.938,3.849
-0.967,2.117
-0.913,1.706
-1.253,2.278
-1.13,1.184
-1.287,2.585
-1.659,1.843
-1.759,3.58
-1.838,2.402
-1.896,1.775
-2.162,1.111
-2.09,3.402
-2.218,0.881
-2.321,1.564
-2.38,1.187
-2.674,1.656
-2.548,1.046
-2.647,2.242
-2.793,1.389
-2.77,1.476
-2.776,0.376
-2.906,3.7
-2.894,1.747
-2.949,2.475
-3.086,1.604
3.134,2.148
-3.092,0.771
3.054,2.465
-3.096,1.659
-3.089,3.599
2.894,-0.065
1.994,-0.141
1.984,-0.174
1.007,-0.21
-1.943,0.055
-1.929,-0.037
-2.197,-0.188
-2.593,-0.087
2.624,4.05
-1.225,4.049
2.88,0.919
0.871,2.587
0.249,0.374
-1.305,2.63
-3.049,1.507
2.962,2.932
1.584,0.631
0.997,2.892
-0.011,3.609
-1.313,1.419
-1.309,1.421
-1.359,2.339
-1.532,3.023
-2.449,3.018
-2.582,3.675
-2.636,3.025
-2.657,3.236
-2.699,3.158
-2.66,3.654
-2.781,2.991
2.364,2.544
0.18,1.214
-0.389,2.675
-0.841,1.257
-2.595,1.277
-2.84,2.575
-0.587,0.131
-2.387,-0.15
-1.416,4.171
1.059,-0.233
-0.104,-0.242
-0.084,-0.105
-0.163,-0.152
-1.097,-0.163
-1.551,-0.073
2.957,3.952
1.991,4.186
1.28,3.898
-2.054,4.198
-2.362,3.978
-2.464,3.97
-2.901,4.219
1.477,2.615
-0.274,0.94
-2.927,3.755
-3.084,0.325
-0.517,0.076
2.999,2.562
2.957,3.027
2.991,0.697
2.981,0.971
2.937,3.03
2.731,2.423
2.847,2.032
2.695,1.386
2.825,1.912
2.73,0.297
2.325,1.183
2.198,2.52
2.167,1.698
2.171,1.715
2.171,3.82
2.155,3.643
2.225,1.187
2.188,0.345
2.038,1.223
2.129,3.196
2.134,2.397
2.092,1.725
1.884,3.685
1.925,3.433
1.81,1.745
1.92,0.364
1.821,4.091
1.568,0.951
1.27,3.401
1.375,1.672
1.372,2.329
1.257,3.872
1.355,2.873
1.218,3.481
1.25,3.42
0.975,2.349
0.762,3.39
0.769,3.567
0.737,3.076
0.399,2.363
0.381,2.155
0.362,2.555
0.34,3.679
0.13,1.675
0.08,4.027
0.117,0.818
-0.016,1.206
-0.045,0.324
0.078,2.179
-0.101,1.058
-0.025,4.08
-0.175,2.417
-0.56,3.581
-0.501,0.93
-0.679,1.799
-0.792,3.517
-0.674,3.204
-0.856,3.675
-0.843,3.905
-0.872,2.173
-0.818,1.762
-1.158,2.334
-1.035,1.24
-1.192,2.641
-1.564,1.899
-1.664,3.636
-1.743,2.458
-1.801,1.831
-2.067,1.167
-1.995,3.458
-2.123,0.937
-2.226,1.62
-2.285,1.243
-2.579,1.712
-2.453,1.102
-2.552,2.298
-2.698,1.445
-2.675,1.532
-2.681,0.432
-2.811,3.756
-2.799,1.803
-2.854,2.531
-2.991,1.66
-3.054,2.204
-2.997,0.827
-3.134,2.521
-3.001,1.715
-2.994,3.655
2.989,-0.009
2.089,-0.085
2.079,-0.118
1.102,-0.154
-1.848,0.111
-1.834,0.019
-2.102,-0.132
-2.498,-0.031
2.719,4.106
-1.13,4.105
2.975,0.975
0.966,2.643
0.344,0.43
-1.21,2.686
-2.954,1.563
3.057,2.988
1.679,0.687
1.092,2.948
0.084,3.665
-1.218,1.475
-1.214,1.477
-1.264,2.395
-1.437,3.079
-2.354,3.074
-2.487,3.731
-2.541,3.081
-2.562,3.292
-2.604,3.214
-2.565,3.71
-2.686,3.047
2.459,2.6
0.275,1.27
-0.294,2.731
-0.746,1.313
-2.5,1.333
-2.745,2.631
-0.492,0.187
-2.292,-0.094
-1.321,4.227
1.154,-0.177
-0.009,-0.186
0.011,-0.049
-0.934,-0.011
-1.388,0.079
3.12,4.104
2.154,4.338
1.443,4.05
-1.891,4.35
-2.199,4.13
-2.301,4.122
-2.738,4.371
1.64,2.767
-0.111,1.092
-2.764,3.907
-2.921,0.477
-0.354,0.228
-3.121,2.714
3.12,3.179
-3.129,0.849
-3.139,1.123
3.1,3.182
2.894,2.575
3.01,2.184
2.858,1.538
2.988,2.064
2.893,0.449
2.488,1.335
2.361,2.672
2.33,1.85
2.334,1.867
2.334,3.972
2.318,3.795
2.388,1.339
2.351,0.497
2.201,1.375
2.292,3.348
2.297,2.549
2.255,1.877
2.047,3.837
2.088,3.585
1.973,1.897
2.083,0.516
1.984,4.243
1.731,1.103
1.433,3.553
1.538,1.824
1.535,2.481
1.42,4.024
1.518,3.025
1.381,3.633
1.413,3.572
1.138,2.501
0.925,3.542
0.932,3.719
0.9,3.228
0.562,2.515
0.544,2.307
0.525,2.707
0.503,3.831
0.293,1.827
0.243,4.179
0.28,0.97
0.147,1.358
0.118,0.476
0.241,2.331
0.062,1.21
0.138,4.232
-0.012,2.569
-0.397,3.733
-0.338,1.082
-0.516,1.951
-0.629,3.669
-0.511,3.356
-0.693,3.827
-0.68,4.057
-0.709,2.325
-0.655,1.914
-0.995,2.486
-0.872,1.392
-1.029,2.793
-1.401,2.051
-1.501,3.788
-1.58,2.61
-1.638,1.983
-1.904,1.319
-1.832,3.61
-1.96,1.089
-2.063,1.772
-2.122,1.395
-2.416,1.864
-2.29,1.254
-2.389,2.45
-2.535,1.597
-2.512,1.684
-2.518,0.584
-2.648,3.908
-2.636,1.955
-2.691,2.683
-2.828,1.812
-2.891,2.356
-2.834,0.979
-2.971,2.673
-2.838,1.867
-2.831,3.807
-3.131,0.143
2.252,0.067
2.242,0.034
1.265,-0.002
-1.685,0.263
-1.671,0.171
-1.939,0.02
-2.335,0.121
2.882,4.258
-0.967,4.257
3.138,1.127
1.129,2.795
0.507,0.582
-1.047,2.838
-2.791,1.715
-3.063,3.14
1.842,0.839
1.255,3.1
0.247,3.817
-1.055,1.627
-1.051,1.629
-1.101,2.547
-1.274,3.231
-2.191,3.226
-2.324,3.883
-2.378,3.233
-2.399,3.444
-2.441,3.366
-2.402,3.862
-2.523,3.199
2.622,2.752
0.438,1.422
-0.131,2.883
-0.583,1.465
-2.337,1.485
-2.582,2.783
-0.329,0.339
-2.129,0.058
-1.158,4.379
1.317,-0.025
0.154,-0.034
0.174,0.103
-0.454,0.09
-2.229,4.115
3.088,4.349
2.377,4.061
-0.957,4.361
-1.265,4.141
-1.367,4.133
-1.804,4.382
2.574,2.778
0.823,1.103
-1.83,3.918
-1.987,0.488
0.58,0.239
-2.187,2.725
-2.229,3.19
-2.195,0.86
-2.205,1.134
-2.249,3.193
-2.455,2.586
-2.339,2.195
-2.491,1.549
-2.361,2.075
-2.456,0.46
-2.861,1.346
-2.988,2.683
-3.019,1.861
-3.015,1.878
-3.015,3.983
-3.031,3.806
-2.961,1.35
-2.998,0.508
3.135,1.386
-3.057,3.359
-3.052,2.56
-3.094,1.888
2.981,3.848
3.022,3.596
2.907,1.908
3.017,0.527
2.918,4.254
2.665,1.114
2.367,3.564
2.472,1.835
2.469,2.492
2.354,4.035
2.452,3.036
2.315,3.644
2.347,3.583
2.072,2.512
1.859,3.553
1.866,3.73
1.834,3.239
1.496,2.526
1.478,2.318
1.459,2.718
1.437,3.842
1.227,1.838
1.177,4.19
1.214,0.981
1.081,1.369
1.052,0.487
1.175,2.342
0.996,1.221
1.072,4.243
0.922,2.58
0.537,3.744
0.596,1.093
0.418,1.962
0.305,3.68
0.423,3.367
0.241,3.838
0.254,4.068
0.225,2.336
0.279,1.925
-0.061,2.497
0.062,1.403
-0.095,2.804
-0.467,2.062
-0.567,3.799
-0.646,2.621
-0.704,1.994
-0.97,1.33
-0.898,3.621
-1.026,1.1
-1.129,1.783
-1.188,1.406
-1.482,1.875
-1.356,1.265
-1.455,2.461
-1.601,1.608
-1.578,1.695
-1.584,0.595
-1.714,3.919
-1.702,1.966
-1.757,2.694
-1.894,1.823
-1.957,2.367
-1.9,0.99
-2.037,2.684
-1.904,1.878
-1.897,3.818
-2.197,0.154
-3.097,0.078
-3.107,0.045
2.199,0.009
-0.751,0.274
-0.737,0.182
-1.005,0.031
-1.401,0.132
-2.467,4.269
-0.033,4.268
-2.211,1.138
2.063,2.806
1.441,0.593
-0.113,2.849
-1.857,1.726
-2.129,3.151
2.776,0.85
2.189,3.111
1.181,3.828
-0.121,1.638
-0.117,1.64
-0.167,2.558
-0.34,3.242
-1.257,3.237
-1.39,3.894
-1.444,3.244
-1.465,3.455
-1.507,3.377
-1.468,3.873
-1.589,3.21
-2.727,2.763
1.372,1.433
0.803,2.894
0.351,1.476
-1.403,1.496
-1.648,2.794
0.605,0.35
-1.195,0.069
-0.224,4.39
2.251,-0.014
1.088,-0.023
1.108,0.114
-1.775,4.025
-2.741,4.259
2.831,3.971
-0.503,4.271
-0.811,4.051
-0.913,4.043
-1.35,4.292
3.028,2.688
1.277,1.013
-1.376,3.828
-1.533,0.398
1.034,0.149
-1.733,2.635
-1.775,3.1
-1.741,0.77
-1.751,1.044
-1.795,3.103
-2.001,2.496
-1.885,2.105
-2.037,1.459
-1.907,1.985
-2.002,0.37
-2.407,1.256
-2.534,2.593
-2.565,1.771
-2.561,1.788
-2.561,3.893
-2.577,3.716
-2.507,1.26
-2.544,0.418
-2.694,1.296
-2.603,3.269
-2.598,2.47
-2.64,1.798
-2.848,3.758
-2.807,3.506
-2.922,1.818
-2.812,0.437
-2.911,4.164
3.119,1.024
2.821,3.474
2.926,1.745
2.923,2.402
2.808,3.945
2.906,2.946
2.769,3.554
2.801,3.493
2.526,2.422
2.313,3.463
2.32,3.64
2.288,3.149
1.95,2.436
1.932,2.228
1.913,2.628
1.891,3.752
1.681,1.748
1.631,4.1
1.668,0.891
1.535,1.279
1.506,0.397
1.629,2.252
1.45,1.131
1.526,4.153
1.376,2.49
0.991,3.654
1.05,1.003
0.872,1.872
0.759,3.59
0.877,3.277
0.695,3.748
0.708,3.978
0.679,2.246
0.733,1.835
0.393,2.407
0.516,1.313
0.359,2.714
-0.013,1.972
-0.113,3.709
-0.192,2.531
-0.25,1.904
-0.516,1.24
-0.444,3.531
-0.572,1.01
-0.675,1.693
-0.734,1.316
-1.028,1.785
-0.902,1.175
-1.001,2.371
-1.147,1.518
-1.124,1.605
-1.13,0.505
-1.26,3.829
-1.248,1.876
-1.303,2.604
-1.44,1.733
-1.503,2.277
-1.446,0.9
-1.583,2.594
-1.45,1.788
-1.443,3.728
-1.743,0.064
-2.643,-0.012
-2.653,-0.045
2.653,-0.081
-0.297,0.184
-0.283,0.092
-0.551,-0.059
-0.947,0.042
-2.013,4.179
0.421,4.178
-1.757,1.048
2.517,2.716
1.895,0.503
0.341,2.759
-1.403,1.636
-1.675,3.061
-3.053,0.76
2.643,3.021
1.635,3.738
0.333,1.548
0.337,1.55
0.287,2.468
0.114,3.152
-0.803,3.147
-0.936,3.804
-0.99,3.154
-1.011,3.365
-1.053,3.287
-1.014,3.783
-1.135,3.12
-2.273,2.673
1.826,1.343
1.257,2.804
0.805,1.386
-0.949,1.406
-1.194,2.704
1.059,0.26
-0.741,-0.021
0.23,4.3
2.705,-0.104
1.542,-0.113
1.562,0.024
-0.966,0.234
-1.677,-0.054
1.272,0.246
0.964,0.026
0.862,0.018
0.425,0.267
-1.48,-1.337
3.052,-3.012
0.399,-0.197
0.242,-3.627
2.809,-3.876
0.042,-1.39
0.0,-0.925
0.034,-3.255
0.024,-2.981
-0.02,-0.922
-0.226,-1.529
-0.11,-1.92
-0.262,-2.566
-0.132,-2.04
-0.227,-3.655
-0.632,-2.769
-0.759,-1.432
-0.79,-2.254
-0.786,-2.237
-0.786,-0.132
-0.802,-0.309
-0.732,-2.765
-0.769,-3.607
-0.919,-2.729
-0.828,-0.756
-0.823,-1.555
-0.865,-2.227
-1.073,-0.267
-1.032,-0.519
-1.147,-2.207
-1.037,-3.588
-1.136,0.139
-1.389,-3.001
-1.687,-0.551
-1.582,-2.28
-1.585,-1.623
-1.7,-0.08
-1.602,-1.079
-1.739,-0.471
-1.707,-0.532
-1.982,-1.603
-2.195,-0.562
-2.188,-0.385
-2.22,-0.876
-2.558,-1.589
-2.576,-1.797
-2.595,-1.397
-2.617,-0.273
-2.827,-2.277
-2.877,0.075
-2.84,-3.134
-2.973,-2.746
-3.002,-3.628
-2.879,-1.773
-3.058,-2.894
-2.982,0.128
-3.132,-1.535
2.766,-0.371
2.825,-3.022
2.647,-2.153
2.534,-0.435
2.652,-0.748
2.47,-0.277
2.483,-0.047
2.454,-1.779
2.508,-2.19
2.168,-1.618
2.291,-2.712
2.134,-1.311
1.762,-2.053
1.662,-0.316
1.583,-1.494
1.525,-2.121
1.259,-2.785
1.331,-0.494
1.203,-3.015
1.1,-2.332
1.041,-2.709
0.747,-2.24
0.873,-2.85
0.774,-1.654
0.628,-2.507
0.651,-2.42
0.645,-3.52
0.515,-0.196
0.527,-2.149
0.472,-1.421
0.335,-2.292
0.272,-1.748
0.329,-3.125
0.192,-1.431
0.325,-2.237
0.332,-0.297
0.032,-3.961
-0.868,-4.037
-0.878,-4.07
-1.855,-4.106
1.478,-3.841
1.492,-3.933
1.224,-4.084
0.828,-3.983
-0.238,0.154
2.196,0.153
0.018,-2.977
-1.991,-1.309
-2.613,-3.522
2.116,-1.266
0.372,-2.389
0.1,-0.964
-1.278,-3.265
-1.865,-1.004
-2.873,-0.287
2.108,-2.477
2.112,-2.475
2.062,-1.557
1.889,-0.873
0.972,-0.878
0.839,-0.221
0.785,-0.871
0.764,-0.66
0.722,-0.738
0.761,-0.242
0.64,-0.905
-0.498,-1.352
-2.682,-2.682
3.032,-1.221
2.58,-2.639
0.826,-2.619
0.581,-1.321
2.834,-3.765
1.034,-4.046
2.005,0.275
-1.803,-4.129
-2.966,-4.138
-2.946,-4.001
-0.711,-0.288
2.238,0.012
1.93,-0.208
1.828,-0.216
1.391,0.033
-0.514,-1.571
-2.265,-3.246
1.365,-0.431
1.208,-3.861
-2.508,-4.11
1.008,-1.624
0.966,-1.159
1.0,-3.489
0.99,-3.215
0.946,-1.156
0.74,-1.763
0.856,-2.154
0.704,-2.8
0.834,-2.274
0.739,-3.889
0.334,-3.003
0.207,-1.666
0.176,-2.488
0.18,-2.471
0.18,-0.366
0.164,-0.543
0.234,-2.999
0.197,-3.841
0.047,-2.963
0.138,-0.99
0.143,-1.789
0.101,-2.461
-0.107,-0.501
-0.066,-0.753
-0.181,-2.441
-0.071,-3.822
-0.17,-0.095
-0.423,-3.235
-0.721,-0.785
-0.616,-2.514
-0.619,-1.857
-0.734,-0.314
-0.636,-1.313
-0.773,-0.705
-0.741,-0.766
-1.016,-1.837
-1.229,-0.796
-1.222,-0.619
-1.254,-1.11
-1.592,-1.823
-1.61,-2.031
-1.629,-1.631
-1.651,-0.507
-1.861,-2.511
-1.911,-0.159
-1.874,-3.368
-2.007,-2.98
-2.036,-3.862
-1.913,-2.007
-2.092,-3.128
-2.016,-0.106
-2.166,-1.769
-2.551,-0.605
-2.492,-3.256
-2.67,-2.387
-2.783,-0.669
-2.665,-0.982
-2.847,-0.511
-2.834,-0.281
-2.863,-2.013
-2.809,-2.424
3.134,-1.852
-3.026,-2.946
3.1,-1.545
2.728,-2.287
2.628,-0.55
2.549,-1.728
2.491,-2.355
2.225,-3.019
2.297,-0.728
2.169,-3.249
2.066,-2.566
2.007,-2.943
1.713,-2.474
1.839,-3.084
1.74,-1.888
1.594,-2.741
1.617,-2.654
1.611,-3.754
1.481,-0.43
1.493,-2.383
1.438,-1.655
1.301,-2.526
1.238,-1.982
1.295,-3.359
1.158,-1.665
1.291,-2.471
1.298,-0.531
0.998,-4.195
0.098,-4.271
0.088,-4.304
-0.889,-4.34
2.444,-4.075
2.458,-4.167
2.19,-4.318
1.794,-4.217
0.728,-0.08
-3.121,-0.081
0.984,-3.211
-1.025,-1.543
-1.647,-3.756
3.082,-1.5
1.338,-2.623
1.066,-1.198
-0.312,-3.499
-0.899,-1.238
-1.907,-0.521
3.074,-2.711
3.078,-2.709
3.028,-1.791
2.855,-1.107
1.938,-1.112
1.805,-0.455
1.751,-1.105
1.73,-0.894
1.688,-0.972
1.727,-0.476
1.606,-1.139
0.468,-1.586
-1.716,-2.916
-2.285,-1.455
-2.737,-2.873
1.792,-2.853
1.547,-1.555
-2.483,-3.999
2.0,-4.28
2.971,0.041
-0.837,-4.363
-2.0,-4.372
-1.98,-4.235
2.949,0.3
2.641,0.08
2.539,0.072
2.102,0.321
0.197,-1.283
-1.554,-2.958
2.076,-0.143
1.919,-3.573
-1.797,-3.822
1.719,-1.336
1.677,-0.871
1.711,-3.201
1.701,-2.927
1.657,-0.868
1.451,-1.475
1.567,-1.866
1.415,-2.512
1.545,-1.986
1.45,-3.601
1.045,-2.715
0.918,-1.378
0.887,-2.2
0.891,-2.183
0.891,-0.078
0.875,-0.255
0.945,-2.711
0.908,-3.553
0.758,-2.675
0.849,-0.702
0.854,-1.501
0.812,-2.173
0.604,-0.213
0.645,-0.465
0.53,-2.153
0.64,-3.534
0.541,0.193
0.288,-2.947
-0.01,-0.497
0.095,-2.226
0.092,-1.569
-0.023,-0.026
0.075,-1.025
-0.062,-0.417
-0.03,-0.478
-0.305,-1.549
-0.518,-0.508
-0.511,-0.331
-0.543,-0.822
-0.881,-1.535
-0.899,-1.743
-0.918,-1.343
-0.94,-0.219
-1.15,-2.223
-1.2,0.129
-1.163,-3.08
-1.296,-2.692
-1.325,-3.574
-1.202,-1.719
-1.381,-2.84
-1.305,0.182
-1.455,-1.481
-1.84,-0.317
-1.781,-2.968
-1.959,-2.099
-2.072,-0.381
-1.954,-0.694
-2.136,-0.223
-2.123,0.007
-2.152,-1.725
-2.098,-2.136
-2.438,-1.564
-2.315,-2.658
-2.472,-1.257
-2.844,-1.999
-2.944,-0.262
-3.023,-1.44
-3.081,-2.067
2.936,-2.731
3.008,-0.44
2.88,-2.961
2.777,-2.278
2.718,-2.655
2.424,-2.186
2.55,-2.796
2.451,-1.6
2.305,-2.453
2.328,-2.366
2.322,-3.466
2.192,-0.142
2.204,-2.095
2.149,-1.367
2.012,-2.238
1.949,-1.694
2.006,-3.071
1.869,-1.377
2.002,-2.183
2.009,-0.243
1.709,-3.907
0.809,-3.983
0.799,-4.016
-0.178,-4.052
-3.128,-3.787
-3.114,-3.879
2.901,-4.03
2.505,-3.929
1.439,0.208
-2.41,0.207
1.695,-2.923
-0.314,-1.255
-0.936,-3.468
-2.49,-1.212
2.049,-2.335
1.777,-0.91
0.399,-3.211
-0.188,-0.95
-1.196,-0.233
-2.498,-2.423
-2.494,-2.421
-2.544,-1.503
-2.717,-0.819
2.649,-0.824
2.516,-0.167
2.462,-0.817
2.441,-0.606
2.399,-0.684
2.438,-0.188
2.317,-0.851
1.179,-1.298
-1.005,-2.628
-1.574,-1.167
-2.026,-2.585
2.503,-2.565
2.258,-1.267
-1.772,-3.711
2.711,-3.992
-2.601,0.329
-0.126,-4.075
-1.289,-4.084
-1.269,-3.947
-0.308,-0.22
-0.41,-0.228
-0.847,0.021
-2.752,-1.583
1.78,-3.258
-0.873,-0.443
-1.03,-3.873
1.537,-4.122
-1.23,-1.636
-1.272,-1.171
-1.238,-3.501
-1.248,-3.227
-1.292,-1.168
-1.498,-1.775
-1.382,-2.166
-1.534,-2.812
-1.404,-2.286
-1.499,-3.901
-1.904,-3.015
-2.031,-1.678
-2.062,-2.5
-2.058,-2.483
-2.058,-0.378
-2.074,-0.555
-2.004,-3.011
-2.041,-3.853
-2.191,-2.975
-2.1,-1.002
-2.095,-1.801
-2.137,-2.473
-2.345,-0.513
-2.304,-0.765
-2.419,-2.453
-2.309,-3.834
-2.408,-0.107
-2.661,-3.247
-2.959,-0.797
-2.854,-2.526
-2.857,-1.869
-2.972,-0.326
-2.874,-1.325
-3.011,-0.717
-2.979,-0.778
3.029,-1.849
2.816,-0.808
2.823,-0.631
2.791,-1.122
2.453,-1.835
2.435,-2.043
2.416,-1.643
2.394,-0.519
2.184,-2.523
2.134,-0.171
2.171,-3.38
2.038,-2.992
2.009,-3.874
2.132,-2.019
1.953,-3.14
2.029,-0.118
1.879,-1.781
1.494,-0.617
1.553,-3.268
1.375,-2.399
1.262,-0.681
1.38,-0.994
1.198,-0.523
1.211,-0.293
1.182,-2.025
1.236,-2.436
0.896,-1.864
1.019,-2.958
0.862,-1.557
0.49,-2.299
0.39,-0.562
0.311,-1.74
0.253,-2.367
-0.013,-3.031
0.059,-0.74
-0.069,-3.261
-0.172,-2.578
-0.231,-2.955
-0.525,-2.486
-0.399,-3.096
-0.498,-1.9
-0.644,-2.753
-0.621,-2.666
-0.627,-3.766
-0.757,-0.442
-0.745,-2.395
-0.8,-1.667
-0.937,-2.538
-1.0,-1.994
-0.943,-3.371
-1.08,-1.677
-0.947,-2.483
-0.94,-0.543
-1.24,-4.207
-2.14,-4.283
-2.15,-4.316
-3.127,-4.352
0.206,-4.087
0.22,-4.179
-0.048,-4.33
-0.444,-4.229
-1.51,-0.092
0.924,-0.093
-1.254,-3.223
3.02,-1.555
2.398,-3.768
0.844,-1.512
-0.9,-2.635
-1.172,-1.21
-2.55,-3.511
-3.137,-1.25
2.138,-0.533
0.836,-2.723
0.84,-2.721
0.79,-1.803
0.617,-1.119
-0.3,-1.124
-0.433,-0.467
-0.487,-1.117
-0.508,-0.906
-0.55,-0.984
-0.511,-0.488
-0.632,-1.151
-1.77,-1.598
2.329,-2.928
1.76,-1.467
1.308,-2.885
-0.446,-2.865
-0.691,-1.567
1.562,-4.011
-0.238,-4.292
0.733,0.029
-3.075,-4.375
2.045,-4.384
2.065,-4.247
-0.102,-0.008
-0.539,0.241
-2.444,-1.363
2.088,-3.038
-0.565,-0.223
-0.722,-3.653
1.845,-3.902
-0.922,-1.416
-0.964,-0.951
-0.93,-3.281
-0.94,-3.007
-0.984,-0.948
-1.19,-1.555
-1.074,-1.946
-1.226,-2.592
-1.096,-2.066
-1.191,-3.681
-1.596,-2.795
-1.723,-1.458
-1.754,-2.28
-1.75,-2.263
-1.75,-0.158
-1.766,-0.335
-1.696,-2.791
-1.733,-3.633
-1.883,-2.755
-1.792,-0.782
-1.787,-1.581
-1.829,-2.253
-2.037,-0.293
-1.996,-0.545
-2.111,-2.233
-2.001,-3.614
-2.1,0.113
-2.353,-3.027
-2.651,-0.577
-2.546,-2.306
-2.549,-1.649
-2.664,-0.106
-2.566,-1.105
-2.703,-0.497
-2.671,-0.558
-2.946,-1.629
3.124,-0.588
3.131,-0.411
3.099,-0.902
2.761,-1.615
2.743,-1.823
2.724,-1.423
2.702,-0.299
2.492,-2.303
2.442,0.049
2.479,-3.16
2.346,-2.772
2.317,-3.654
2.44,-1.799
2.261,-2.92
2.337,0.102
2.187,-1.561
1.802,-0.397
1.861,-3.048
1.683,-2.179
1.57,-0.461
1.688,-0.774
1.506,-0.303
1.519,-0.073
1.49,-1.805
1.544,-2.216
1.204,-1.644
1.327,-2.738
1.17,-1.337
0.798,-2.079
0.698,-0.342
0.619,-1.52
0.561,-2.147
0.295,-2.811
0.367,-0.52
0.239,-3.041
0.136,-2.358
0.077,-2.735
-0.217,-2.266
-0.091,-2.876
-0.19,-1.68
-0.336,-2.533
-0.313,-2.446
-0.319,-3.546
-0.449,-0.222
-0.437,-2.175
-0.492,-1.447
-0.629,-2.318
-0.692,-1.774
-0.635,-3.151
-0.772,-1.457
-0.639,-2.263
-0.632,-0.323
-0.932,-3.987
-1.832,-4.063
-1.842,-4.096
-2.819,-4.132
0.514,-3.867
0.528,-3.959
0.26,-4.11
-0.136,-4.009
-1.202,0.128
1.232,0.127
-0.946,-3.003
-2.955,-1.335
2.706,-3.548
1.152,-1.292
-0.592,-2.415
-0.864,-0.99
-2.242,-3.291
-2.829,-1.03
2.446,-0.313
1.144,-2.503
1.148,-2.501
1.098,-1.583
0.925,-0.899
0.008,-0.904
-0.125,-0.247
-0.179,-0.897
-0.2,-0.686
-0.242,-0.764
-0.203,-0.268
-0.324,-0.931
-1.462,-1.378
2.637,-2.708
2.068,-1.247
1.616,-2.665
-0.138,-2.645
-0.383,-1.347
1.87,-3.791
0.07,-4.072
1.041,0.249
-2.767,-4.155
2.353,-4.164
2.373,-4.027
-0.437,0.249
-2.342,-1.355
2.19,-3.03
-0.463,-0.215
-0.62,-3.645
1.947,-3.894
-0.82,-1.408
-0.862,-0.943
-0.828,-3.273
-0.838,-2.999
-0.882,-0.94
-1.088,-1.547
-0.972,-1.938
-1.124,-2.584
-0.994,-2.058
-1.089,-3.673
-1.494,-2.787
-1.621,-1.45
-1.652,-2.272
-1.648,-2.255
-1.648,-0.15
-1.664,-0.327
-1.594,-2.783
-1.631,-3.625
-1.781,-2.747
-1.69,-0.774
-1.685,-1.573
-1.727,-2.245
-1.935,-0.285
-1.894,-0.537
-2.009,-2.225
-1.899,-3.606
-1.998,0.121
-2.251,-3.019
-2.549,-0.569
-2.444,-2.298
-2.447,-1.641
-2.562,-0.098
-2.464,-1.097
-2.601,-0.489
-2.569,-0.55
-2.844,-1.621
-3.057,-0.58
-3.05,-0.403
-3.082,-0.894
2.863,-1.607
2.845,-1.815
2.826,-1.415
2.804,-0.291
2.594,-2.295
2.544,0.057
2.581,-3.152
2.448,-2.764
2.419,-3.646
2.542,-1.791
2.363,-2.912
2.439,0.11
2.289,-1.553
1.904,-0.389
1.963,-3.04
1.785,-2.171
1.672,-0.453
1.79,-0.766
1.608,-0.295
1.621,-0.065
1.592,-1.797
1.646,-2.208
1.306,-1.636
1.429,-2.73
1.272,-1.329
0.9,-2.071
0.8,-0.334
0.721,-1.512
0.663,-2.139
0.397,-2.803
0.469,-0.512
0.341,-3.033
0.238,-2.35
0.179,-2.727
-0.115,-2.258
0.011,-2.868
-0.088,-1.672
-0.234,-2.525
-0.211,-2.438
-0.217,-3.538
-0.347,-0.214
-0.335,-2.167
-0.39,-1.439
-0.527,-2.31
-0.59,-1.766
-0.533,-3.143
-0.67,-1.449
-0.537,-2.255
-0.53,-0.315
-0.83,-3.979
-1.73,-4.055
-1.74,-4.088
-2.717,-4.124
0.616,-3.859
0.63,-3.951
0.362,-4.102
-0.034,-4.001
-1.1,0.136
1.334,0.135
-0.844,-2.995
-2.853,-1.327
2.808,-3.54
1.254,-1.284
-0.49,-2.407
-0.762,-0.982
-2.14,-3.283
-2.727,-1.022
2.548,-0.305
1.246,-2.495
1.25,-2.493
1.2,-1.575
1.027,-0.891
0.11,-0.896
-0.023,-0.239
-0.077,-0.889
-0.098,-0.678
-0.14,-0.756
-0.101,-0.26
-0.222,-0.923
-1.36,-1.37
2.739,-2.7
2.17,-1.239
1.718,-2.657
-0.036,-2.637
-0.281,-1.339
1.972,-3.783
0.172,-4.064
1.143,0.257
-2.665,-4.147
2.455,-4.156
2.475,-4.019
-1.905,-1.604
2.627,-3.279
-0.026,-0.464
-0.183,-3.894
2.384,-4.143
-0.383,-1.657
-0.425,-1.192
-0.391,-3.522
-0.401,-3.248
-0.445,-1.189
-0.651,-1.796
-0.535,-2.187
-0.687,-2.833
-0.557,-2.307
-0.652,-3.922
-1.057,-3.036
-1.184,-1.699
-1.215,-2.521
-1.211,-2.504
-1.211,-0.399
-1.227,-0.576
-1.157,-3.032
-1.194,-3.874
-1.344,-2.996
-1.253,-1.023
-1.248,-1.822
-1.29,-2.494
-1.498,-0.534
-1.457,-0.786
-1.572,-2.474
-1.462,-3.855
-1.561,-0.128
-1.814,-3.268
-2.112,-0.818
-2.007,-2.547
-2.01,-1.89
-2.125,-0.347
-2.027,-1.346
-2.164,-0.738
-2.132,-0.799
-2.407,-1.87
-2.62,-0.829
-2.613,-0.652
-2.645,-1.143
-2.983,-1.856
-3.001,-2.064
-3.02,-1.664
-3.042,-0.54
3.031,-2.544
2.981,-0.192
3.018,-3.401
2.885,-3.013
2.856,-3.895
2.979,-2.04
2.8,-3.161
2.876,-0.139
2.726,-1.802
2.341,-0.638
2.4,-3.289
2.222,-2.42
2.109,-0.702
2.227,-1.015
2.045,-0.544
2.058,-0.314
2.029,-2.046
2.083,-2.457
1.743,-1.885
1.866,-2.979
1.709,-1.578
1.337,-2.32
1.237,-0.583
1.158,-1.761
1.1,-2.388
0.834,-3.052
0.906,-0.761
0.778,-3.282
0.675,-2.599
0.616,-2.976
0.322,-2.507
0.448,-3.117
0.349,-1.921
0.203,-2.774
0.226,-2.687
0.22,-3.787
0.09,-0.463
0.102,-2.416
0.047,-1.688
-0.09,-2.559
-0.153,-2.015
-0.096,-3.392
-0.233,-1.698
-0.1,-2.504
-0.093,-0.564
-0.393,-4.228
-1.293,-4.304
-1.303,-4.337
-2.28,-4.373
1.053,-4.108
1.067,-4.2
0.799,-4.351
0.403,-4.25
-0.663,-0.113
1.771,-0.114
-0.407,-3.244
-2.416,-1.576
-3.038,-3.789
1.691,-1.533
-0.053,-2.656
-0.325,-1.231
-1.703,-3.532
-2.29,-1.271
2.985,-0.554
1.683,-2.744
1.687,-2.742
1.637,-1.824
1.464,-1.14
0.547,-1.145
0.414,-0.488
0.36,-1.138
0.339,-0.927
0.297,-1.005
0.336,-0.509
0.215,-1.172
-0.923,-1.619
-3.107,-2.949
2.607,-1.488
2.155,-2.906
0.401,-2.886
0.156,-1.588
2.409,-4.032
0.609,-4.313
1.58,0.008
-2.228,-4.396
2.892,-4.405
2.912,-4.268
-1.751,-1.675
1.879,1.14
1.722,-2.29
-1.994,-2.539
1.522,-0.053
1.48,0.412
1.514,-1.918
1.504,-1.644
1.46,0.415
1.254,-0.192
1.37,-0.583
1.218,-1.229
1.348,-0.703
1.253,-2.318
0.848,-1.432
0.721,-0.095
0.69,-0.917
0.694,-0.9
0.694,1.205
0.678,1.028
0.748,-1.428
0.711,-2.27
0.561,-1.392
0.652,0.581
0.657,-0.218
0.615,-0.89
0.407,1.07
0.448,0.818
0.333,-0.87
0.443,-2.251
0.344,1.476
0.091,-1.664
-0.207,0.786
-0.102,-0.943
-0.105,-0.286
-0.22,1.257
-0.122,0.258
-0.259,0.866
-0.227,0.805
-0.502,-0.266
-0.715,0.775
-0.708,0.952
-0.74,0.461
-1.078,-0.252
-1.096,-0.46
-1.115,-0.06
-1.137,1.064
-1.347,-0.94
-1.397,1.412
-1.36,-1.797
-1.493,-1.409
-1.522,-2.291
-1.399,-0.436
-1.578,-1.557
-1.502,1.465
-1.652,-0.198
-2.037,0.966
-1.978,-1.685
-2.156,-0.816
-2.269,0.902
-2.151,0.589
-2.333,1.06
-2.32,1.29
-2.349,-0.442
-2.295,-0.853
-2.635,-0.281
-2.512,-1.375
-2.669,0.026
-3.041,-0.716
-3.141,1.021
3.063,-0.157
3.005,-0.784
2.739,-1.448
2.811,0.843
2.683,-1.678
2.58,-0.995
2.521,-1.372
2.227,-0.903
2.353,-1.513
2.254,-0.317
2.108,-1.17
2.131,-1.083
2.125,-2.183
1.995,1.141
2.007,-0.812
1.952,-0.084
1.815,-0.955
1.752,-0.411
1.809,-1.788
1.672,-0.094
1.805,-0.9
1.812,1.04
1.512,-2.624
0.612,-2.7
0.602,-2.733
-0.375,-2.769
2.958,-2.504
2.972,-2.596
2.704,-2.747
2.308,-2.646
1.242,1.491
-2.607,1.49
1.498,-1.64
-0.511,0.028
-1.133,-2.185
-2.687,0.071
1.852,-1.052
1.58,0.373
0.202,-1.928
-0.385,0.333
-1.393,1.05
-2.695,-1.14
-2.691,-1.138
-2.741,-0.22
-2.914,0.464
2.452,0.459
2.319,1.116
2.265,0.466
2.244,0.677
2.202,0.599
2.241,1.095
2.12,0.432
0.982,-0.015
-1.202,-1.345
-1.771,0.116
-2.223,-1.302
2.306,-1.282
2.061,0.016
-1.969,-2.428
2.514,-2.709
-2.798,1.612
-0.323,-2.792
-1.486,-2.801
-1.466,-2.664
-2.653,2.815
-2.81,-0.615
-0.243,-0.864
-3.01,1.622
-3.052,2.087
-3.018,-0.243
-3.028,0.031
-3.072,2.09
3.005,1.483
3.121,1.092
2.969,0.446
3.099,0.972
3.004,-0.643
2.599,0.243
2.472,1.58
2.441,0.758
2.445,0.775
2.445,2.88
2.429,2.703
2.499,0.247
2.462,-0.595
2.312,0.283
2.403,2.256
2.408,1.457
2.366,0.785
2.158,2.745
2.199,2.493
2.084,0.805
2.194,-0.576
2.095,3.151
1.842,0.011
1.544,2.461
1.649,0.732
1.646,1.389
1.531,2.932
1.629,1.933
1.492,2.541
1.524,2.48
1.249,1.409
1.036,2.45
1.043,2.627
1.011,2.136
0.673,1.423
0.655,1.215
0.636,1.615
0.614,2.739
0.404,0.735
0.354,3.087
0.391,-0.122
0.258,0.266
0.229,-0.616
0.352,1.239
0.173,0.118
0.249,3.14
0.099,1.477
-0.286,2.641
-0.227,-0.01
-0.405,0.859
-0.518,2.577
-0.4,2.264
-0.582,2.735
-0.569,2.965
-0.598,1.233
-0.544,0.822
-0.884,1.394
-0.761,0.3
-0.918,1.701
-1.29,0.959
-1.39,2.696
-1.469,1.518
-1.527,0.891
-1.793,0.227
-1.721,2.518
-1.849,-0.003
-1.952,0.68
-2.011,0.303
-2.305,0.772
-2.179,0.162
-2.278,1.358
-2.424,0.505
-2.401,0.592
-2.407,-0.508
-2.537,2.816
-2.525,0.863
-2.58,1.591
-2.717,0.72
-2.78,1.264
-2.723,-0.113
-2.86,1.581
-2.727,0.775
-2.72,2.715
-3.02,-0.949
2.363,-1.025
2.353,-1.058
1.376,-1.094
-1.574,-0.829
-1.56,-0.921
-1.828,-1.072
-2.224,-0.971
2.993,3.166
-0.856,3.165
-3.034,0.035
1.24,1.703
0.618,-0.51
-0.936,1.746
-2.68,0.623
-2.952,2.048
1.953,-0.253
1.366,2.008
0.358,2.725
-0.944,0.535
-0.94,0.537
-0.99,1.455
-1.163,2.139
-2.08,2.134
-2.213,2.791
-2.267,2.141
-2.288,2.352
-2.33,2.274
-2.291,2.77
-2.412,2.107
2.733,1.66
0.549,0.33
-0.02,1.791
-0.472,0.373
-2.226,0.393
-2.471,1.691
-0.218,-0.753
-2.018,-1.034
-1.047,3.287
1.428,-1.117
0.265,-1.126
0.285,-0.989
-0.157,-3.43
2.41,-3.679
-0.357,-1.193
-0.399,-0.728
-0.365,-3.058
-0.375,-2.784
-0.419,-0.725
-0.625,-1.332
-0.509,-1.723
-0.661,-2.369
-0.531,-1.843
-0.626,-3.458
-1.031,-2.572
-1.158,-1.235
-1.189,-2.057
-1.185,-2.04
-1.185,0.065
-1.201,-0.112
-1.131,-2.568
-1.168,-3.41
-1.318,-2.532
-1.227,-0.559
-1.222,-1.358
-1.264,-2.03
-1.472,-0.07
-1.431,-0.322
-1.546,-2.01
-1.436,-3.391
-1.535,0.336
-1.788,-2.804
-2.086,-0.354
-1.981,-2.083
-1.984,-1.426
-2.099,0.117
-2.001,-0.882
-2.138,-0.274
-2.106,-0.335
-2.381,-1.406
-2.594,-0.365
-2.587,-0.188
-2.619,-0.679
-2.957,-1.392
-2.975,-1.6
-2.994,-1.2
-3.016,-0.076
3.057,-2.08
3.007,0.272
3.044,-2.937
2.911,-2.549
2.882,-3.431
3.005,-1.576
2.826,-2.697
2.902,0.325
2.752,-1.338
2.367,-0.174
2.426,-2.825
2.248,-1.956
2.135,-0.238
2.253,-0.551
2.071,-0.08
2.084,0.15
2.055,-1.582
2.109,-1.993
1.769,-1.421
1.892,-2.515
1.735,-1.114
1.363,-1.856
1.263,-0.119
1.184,-1.297
1.126,-1.924
0.86,-2.588
0.932,-0.297
0.804,-2.818
0.701,-2.135
0.642,-2.512
0.348,-2.043
0.474,-2.653
0.375,-1.457
0.229,-2.31
0.252,-2.223
0.246,-3.323
0.116,0.001
0.128,-1.952
0.073,-1.224
-0.064,-2.095
-0.127,-1.551
-0.07,-2.928
-0.207,-1.234
-0.074,-2.04
-0.067,-0.1
-0.367,-3.764
-1.267,-3.84
-1.277,-3.873
-2.254,-3.909
1.079,-3.644
1.093,-3.736
0.825,-3.887
0.429,-3.786
-0.637,0.351
1.797,0.35
-0.381,-2.78
-2.39,-1.112
-3.012,-3.325
1.717,-1.069
-0.027,-2.192
-0.299,-0.767
-1.677,-3.068
-2.264,-0.807
3.011,-0.09
1.709,-2.28
1.713,-2.278
1.663,-1.36
1.49,-0.676
0.573,-0.681
0.44,-0.024
0.386,-0.674
0.365,-0.463
0.323,-0.541
0.362,-0.045
0.241,-0.708
-0.897,-1.155
-3.081,-2.485
2.633,-1.024
2.181,-2.442
0.427,-2.422
0.182,-1.124
2.435,-3.568
0.635,-3.849
1.606,0.472
-2.202,-3.932
2.918,-3.941
2.938,-3.804
2.567,-0.249
-0.2,2.237
-0.242,2.702
-0.208,0.372
-0.218,0.646
-0.262,2.705
-0.468,2.098
-0.352,1.707
-0.504,1.061
-0.374,1.587
-0.469,-0.028
-0.874,0.858
-1.001,2.195
-1.032,1.373
-1.028,1.39
-1.028,3.495
-1.044,3.318
-0.974,0.862
-1.011,0.02
-1.161,0.898
-1.07,2.871
-1.065,2.072
-1.107,1.4
-1.315,3.36
-1.274,3.108
-1.389,1.42
-1.279,0.039
-1.378,3.766
-1.631,0.626
-1.929,3.076
-1.824,1.347
-1.827,2.004
-1.942,3.547
-1.844,2.548
-1.981,3.156
-1.949,3.095
-2.224,2.024
-2.437,3.065
-2.43,3.242
-2.462,2.751
-2.8,2.038
-2.818,1.83
-2.837,2.23
-2.859,3.354
-3.069,1.35
-3.119,3.702
-3.082,0.493
3.068,0.881
3.039,-0.001
-3.121,1.854
2.983,0.733
3.059,3.755
2.909,2.092
2.524,3.256
2.583,0.605
2.405,1.474
2.292,3.192
2.41,2.879
2.228,3.35
2.241,3.58
2.212,1.848
2.266,1.437
1.926,2.009
2.049,0.915
1.892,2.316
1.52,1.574
1.42,3.311
1.341,2.133
1.283,1.506
1.017,0.842
1.089,3.133
0.961,0.612
0.858,1.295
0.799,0.918
0.505,1.387
0.631,0.777
0.532,1.973
0.386,1.12
0.409,1.207
0.403,0.107
0.273,3.431
0.285,1.478
0.23,2.206
0.093,1.335
0.03,1.879
0.087,0.502
-0.05,2.196
0.083,1.39
0.09,3.33
-0.21,-0.334
-1.11,-0.41
-1.12,-0.443
-2.097,-0.479
1.236,-0.214
1.25,-0.306
0.982,-0.457
0.586,-0.356
-0.48,3.781
1.954,3.78
-0.224,0.65
-2.233,2.318
-2.855,0.105
1.874,2.361
0.13,1.238
-0.142,2.663
-1.52,0.362
-2.107,2.623
-3.115,3.34
1.866,1.15
1.87,1.152
1.82,2.07
1.647,2.754
0.73,2.749
0.597,3.406
0.543,2.756
0.522,2.967
0.48,2.889
0.519,3.385
0.398,2.722
-0.74,2.275
-2.924,0.945
2.79,2.406
2.338,0.988
0.584,1.008
0.339,2.306
2.592,-0.138
0.792,-0.419
1.763,3.902
-2.045,-0.502
3.075,-0.511
3.095,-0.374
-2.767,2.486
-2.809,2.951
-2.775,0.621
-2.785,0.895
-2.829,2.954
-3.035,2.347
-2.919,1.956
-3.071,1.31
-2.941,1.836
-3.036,0.221
2.842,1.107
2.715,2.444
2.684,1.622
2.688,1.639
2.688,3.744
2.672,3.567
2.742,1.111
2.705,0.269
2.555,1.147
2.646,3.12
2.651,2.321
2.609,1.649
2.401,3.609
2.442,3.357
2.327,1.669
2.437,0.288
2.338,4.015
2.085,0.875
1.787,3.325
1.892,1.596
1.889,2.253
1.774,3.796
1.872,2.797
1.735,3.405
1.767,3.344
1.492,2.273
1.279,3.314
1.286,3.491
1.254,3.0
0.916,2.287
0.898,2.079
0.879,2.479
0.857,3.603
0.647,1.599
0.597,3.951
0.634,0.742
0.501,1.13
0.472,0.248
0.595,2.103
0.416,0.982
0.492,4.004
0.342,2.341
-0.043,3.505
0.016,0.854
-0.162,1.723
-0.275,3.441
-0.157,3.128
-0.339,3.599
-0.326,3.829
-0.355,2.097
-0.301,1.686
-0.641,2.258
-0.518,1.164
-0.675,2.565
-1.047,1.823
-1.147,3.56
-1.226,2.382
-1.284,1.755
-1.55,1.091
-1.478,3.382
-1.606,0.861
-1.709,1.544
-1.768,1.167
-2.062,1.636
-1.936,1.026
-2.035,2.222
-2.181,1.369
-2.158,1.456
-2.164,0.356
-2.294,3.68
-2.282,1.727
-2.337,2.455
-2.474,1.584
-2.537,2.128
-2.48,0.751
-2.617,2.445
-2.484,1.639
-2.477,3.579
-2.777,-0.085
2.606,-0.161
2.596,-0.194
1.619,-0.23
-1.331,0.035
-1.317,-0.057
-1.585,-0.208
-1.981,-0.107
-3.047,4.03
-0.613,4.029
-2.791,0.899
1.483,2.567
0.861,0.354
-0.693,2.61
-2.437,1.487
-2.709,2.912
2.196,0.611
1.609,2.872
0.601,3.589
-0.701,1.399
-0.697,1.401
-0.747,2.319
-0.92,3.003
-1.837,2.998
-1.97,3.655
-2.024,3.005
-2.045,3.216
-2.087,3.138
-2.048,3.634
-2.169,2.971
2.976,2.524
0.792,1.194
0.223,2.655
-0.229,1.237
-1.983,1.257
-2.228,2.555
0.025,0.111
-1.775,-0.17
-0.804,4.151
1.671,-0.253
0.508,-0.262
0.528,-0.125
-0.042,0.465
-0.008,-1.865
-0.018,-1.591
-0.062,0.468
-0.268,-0.139
-0.152,-0.53
-0.304,-1.176
-0.174,-0.65
-0.269,-2.265
-0.674,-1.379
-0.801,-0.042
-0.832,-0.864
-0.828,-0.847
-0.828,1.258
-0.844,1.081
-0.774,-1.375
-0.811,-2.217
-0.961,-1.339
-0.87,0.634
-0.865,-0.165
-0.907,-0.837
-1.115,1.123
-1.074,0.871
-1.189,-0.817
-1.079,-2.198
-1.178,1.529
-1.431,-1.611
-1.729,0.839
-1.624,-0.89
-1.627,-0.233
-1.742,1.31
-1.644,0.311
-1.781,0.919
-1.749,0.858
-2.024,-0.213
-2.237,0.828
-2.23,1.005
-2.262,0.514
-2.6,-0.199
-2.618,-0.407
-2.637,-0.007
-2.659,1.117
-2.869,-0.887
-2.919,1.465
-2.882,-1.744
-3.015,-1.356
-3.044,-2.238
-2.921,-0.383
-3.1,-1.504
-3.024,1.518
3.109,-0.145
2.724,1.019
2.783,-1.632
2.605,-0.763
2.492,0.955
2.61,0.642
2.428,1.113
2.441,1.343
2.412,-0.389
2.466,-0.8
2.126,-0.228
2.249,-1.322
2.092,0.079
1.72,-0.663
1.62,1.074
1.541,-0.104
1.483,-0.731
1.217,-1.395
1.289,0.896
1.161,-1.625
1.058,-0.942
0.999,-1.319
0.705,-0.85
0.831,-1.46
0.732,-0.264
0.586,-1.117
0.609,-1.03
0.603,-2.13
0.473,1.194
0.485,-0.759
0.43,-0.031
0.293,-0.902
0.23,-0.358
0.287,-1.735
0.15,-0.041
0.283,-0.847
0.29,1.093
-0.01,-2.571
-0.91,-2.647
-0.92,-2.68
-1.897,-2.716
1.436,-2.451
1.45,-2.543
1.182,-2.694
0.786,-2.593
-0.28,1.544
2.154,1.543
-0.024,-1.587
-2.033,0.081
-2.655,-2.132
2.074,0.124
0.33,-0.999
0.058,0.426
-1.32,-1.875
-1.907,0.386
-2.915,1.103
2.066,-1.087
2.07,-1.085
2.02,-0.167
1.847,0.517
0.93,0.512
0.797,1.169
0.743,0.519
0.722,0.73
0.68,0.652
0.719,1.148
0.598,0.485
-0.54,0.038
-2.724,-1.292
2.99,0.169
2.538,-1.249
0.784,-1.229
0.539,0.069
2.792,-2.375
0.992,-2.656
1.963,1.665
-1.845,-2.739
-3.008,-2.748
-2.988,-2.611
0.034,-2.33
0.024,-2.056
-0.02,0.003
-0.226,-0.604
-0.11,-0.995
-0.262,-1.641
-0.132,-1.115
-0.227,-2.73
-0.632,-1.844
-0.759,-0.507
-0.79,-1.329
-0.786,-1.312
-0.786,0.793
-0.802,0.616
-0.732,-1.84
-0.769,-2.682
-0.919,-1.804
-0.828,0.169
-0.823,-0.63
-0.865,-1.302
-1.073,0.658
-1.032,0.406
-1.147,-1.282
-1.037,-2.663
-1.136,1.064
-1.389,-2.076
-1.687,0.374
-1.582,-1.355
-1.585,-0.698
-1.7,0.845
-1.602,-0.154
-1.739,0.454
-1.707,0.393
-1.982,-0.678
-2.195,0.363
-2.188,0.54
-2.22,0.049
-2.558,-0.664
-2.576,-0.872
-2.595,-0.472
-2.617,0.652
-2.827,-1.352
-2.877,1.0
-2.84,-2.209
-2.973,-1.821
-3.002,-2.703
-2.879,-0.848
-3.058,-1.969
-2.982,1.053
-3.132,-0.61
2.766,0.554
2.825,-2.097
2.647,-1.228
2.534,0.49
2.652,0.177
2.47,0.648
2.483,0.878
2.454,-0.854
2.508,-1.265
2.168,-0.693
2.291,-1.787
2.134,-0.386
1.762,-1.128
1.662,0.609
1.583,-0.569
1.525,-1.196
1.259,-1.86
1.331,0.431
1.203,-2.09
1.1,-1.407
1.041,-1.784
0.747,-1.315
0.873,-1.925
0.774,-0.729
0.628,-1.582
0.651,-1.495
0.645,-2.595
0.515,0.729
0.527,-1.224
0.472,-0.496
0.335,-1.367
0.272,-0.823
0.329,-2.2
0.192,-0.506
0.325,-1.312
0.332,0.628
0.032,-3.036
-0.868,-3.112
-0.878,-3.145
-1.855,-3.181
1.478,-2.916
1.492,-3.008
1.224,-3.159
0.828,-3.058
-0.238,1.079
2.196,1.078
0.018,-2.052
-1.991,-0.384
-2.613,-2.597
2.116,-0.341
0.372,-1.464
0.1,-0.039
-1.278,-2.34
-1.865,-0.079
-2.873,0.638
2.108,-1.552
2.112,-1.55
2.062,-0.632
1.889,0.052
0.972,0.047
0.839,0.704
0.785,0.054
0.764,0.265
0.722,0.187
0.761,0.683
0.64,0.02
-0.498,-0.427
-2.682,-1.757
3.032,-0.296
2.58,-1.714
0.826,-1.694
0.581,-0.396
2.834,-2.84
1.034,-3.121
2.005,1.2
-1.803,-3.204
-2.966,-3.213
-2.946,-3.076
-0.01,0.274
-0.054,2.333
-0.26,1.726
-0.144,1.335
-0.296,0.689
-0.166,1.215
-0.261,-0.4
-0.666,0.486
-0.793,1.823
-0.824,1.001
-0.82,1.018
-0.82,3.123
-0.836,2.946
-0.766,0.49
-0.803,-0.352
-0.953,0.526
-0.862,2.499
-0.857,1.7
-0.899,1.028
-1.107,2.988
-1.066,2.736
-1.181,1.048
-1.071,-0.333
-1.17,3.394
-1.423,0.254
-1.721,2.704
-1.616,0.975
-1.619,1.632
-1.734,3.175
-1.636,2.176
-1.773,2.784
-1.741,2.723
-2.016,1.652
-2.229,2.693
-2.222,2.87
-2.254,2.379
-2.592,1.666
-2.61,1.458
-2.629,1.858
-2.651,2.982
-2.861,0.978
-2.911,3.33
-2.874,0.121
-3.007,0.509
-3.036,-0.373
-2.913,1.482
-3.092,0.361
-3.016,3.383
3.117,1.72
2.732,2.884
2.791,0.233
2.613,1.102
2.5,2.82
2.618,2.507
2.436,2.978
2.449,3.208
2.42,1.476
2.474,1.065
2.134,1.637
2.257,0.543
2.1,1.944
1.728,1.202
1.628,2.939
1.549,1.761
1.491,1.134
1.225,0.47
1.297,2.761
1.169,0.24
1.066,0.923
1.007,0.546
0.713,1.015
0.839,0.405
0.74,1.601
0.594,0.748
0.617,0.835
0.611,-0.265
0.481,3.059
0.493,1.106
0.438,1.834
0.301,0.963
0.238,1.507
0.295,0.13
0.158,1.824
0.291,1.018
0.298,2.958
-0.002,-0.706
-0.902,-0.782
-0.912,-0.815
-1.889,-0.851
1.444,-0.586
1.458,-0.678
1.19,-0.829
0.794,-0.728
-0.272,3.409
2.162,3.408
-0.016,0.278
-2.025,1.946
-2.647,-0.267
2.082,1.989
0.338,0.866
0.066,2.291
-1.312,-0.01
-1.899,2.251
-2.907,2.968
2.074,0.778
2.078,0.78
2.028,1.698
1.855,2.382
0.938,2.377
0.805,3.034
0.751,2.384
0.73,2.595
0.688,2.517
0.727,3.013
0.606,2.35
-0.532,1.903
-2.716,0.573
2.998,2.034
2.546,0.616
0.792,0.636
0.547,1.934
2.8,-0.51
1.0,-0.791
1.971,3.53
-1.837,-0.874
-3.0,-0.883
-2.98,-0.746
-0.044,2.059
-0.25,1.452
-0.134,1.061
-0.286,0.415
-0.156,0.941
-0.251,-0.674
-0.656,0.212
-0.783,1.549
-0.814,0.727
-0.81,0.744
-0.81,2.849
-0.826,2.672
-0.756,0.216
-0.793,-0.626
-0.943,0.252
-0.852,2.225
-0.847,1.426
-0.889,0.754
-1.097,2.714
-1.056,2.462
-1.171,0.774
-1.061,-0.607
-1.16,3.12
-1.413,-0.02
-1.711,2.43
-1.606,0.701
-1.609,1.358
-1.724,2.901
-1.626,1.902
-1.763,2.51
-1.731,2.449
-2.006,1.378
-2.219,2.419
-2.212,2.596
-2.244,2.105
-2.582,1.392
-2.6,1.184
-2.619,1.584
-2.641,2.708
-2.851,0.704
-2.901,3.056
-2.864,-0.153
-2.997,0.235
-3.026,-0.647
-2.903,1.208
-3.082,0.087
-3.006,3.109
3.127,1.446
2.742,2.61
2.801,-0.041
2.623,0.828
2.51,2.546
2.628,2.233
2.446,2.704
2.459,2.934
2.43,1.202
2.484,0.791
2.144,1.363
2.267,0.269
2.11,1.67
1.738,0.928
1.638,2.665
1.559,1.487
1.501,0.86
1.235,0.196
1.307,2.487
1.179,-0.034
1.076,0.649
1.017,0.272
0.723,0.741
0.849,0.131
0.75,1.327
0.604,0.474
0.627,0.561
0.621,-0.539
0.491,2.785
0.503,0.832
0.448,1.56
0.311,0.689
0.248,1.233
0.305,-0.144
0.168,1.55
0.301,0.744
0.308,2.684
0.008,-0.98
-0.892,-1.056
-0.902,-1.089
-1.879,-1.125
1.454,-0.86
1.468,-0.952
1.2,-1.103
0.804,-1.002
-0.262,3.135
2.172,3.134
-0.006,0.004
-2.015,1.672
-2.637,-0.541
2.092,1.715
0.348,0.592
0.076,2.017
-1.302,-0.284
-1.889,1.977
-2.897,2.694
2.084,0.504
2.088,0.506
2.038,1.424
1.865,2.108
0.948,2.103
0.815,2.76
0.761,2.11
0.74,2.321
0.698,2.243
0.737,2.739
0.616,2.076
-0.522,1.629
-2.706,0.299
3.008,1.76
2.556,0.342
0.802,0.362
0.557,1.66
2.81,-0.784
1.01,-1.065
1.981,3.256
-1.827,-1.148
-2.99,-1.157
-2.97,-1.02
-0.206,-0.607
-0.09,-0.998
-0.242,-1.644
-0.112,-1.118
-0.207,-2.733
-0.612,-1.847
-0.739,-0.51
-0.77,-1.332
-0.766,-1.315
-0.766,0.79
-0.782,0.613
-0.712,-1.843
-0.749,-2.685
-0.899,-1.807
-0.808,0.166
-0.803,-0.633
-0.845,-1.305
-1.053,0.655
-1.012,0.403
-1.127,-1.285
-1.017,-2.666
-1.116,1.061
-1.369,-2.079
-1.667,0.371
-1.562,-1.358
-1.565,-0.701
-1.68,0.842
-1.582,-0.157
-1.719,0.451
-1.687,0.39
-1.962,-0.681
-2.175,0.36
-2.168,0.537
-2.2,0.046
-2.538,-0.667
-2.556,-0.875
-2.575,-0.475
-2.597,0.649
-2.807,-1.355
-2.857,0.997
-2.82,-2.212
-2.953,-1.824
-2.982,-2.706
-2.859,-0.851
-3.038,-1.972
-2.962,1.05
-3.112,-0.613
2.786,0.551
2.845,-2.1
2.667,-1.231
2.554,0.487
2.672,0.174
2.49,0.645
2.503,0.875
2.474,-0.857
2.528,-1.268
2.188,-0.696
2.311,-1.79
2.154,-0.389
1.782,-1.131
1.682,0.606
1.603,-0.572
1.545,-1.199
1.279,-1.863
1.351,0.428
1.223,-2.093
1.12,-1.41
1.061,-1.787
0.767,-1.318
0.893,-1.928
0.794,-0.732
0.648,-1.585
0.671,-1.498
0.665,-2.598
0.535,0.726
0.547,-1.227
0.492,-0.499
0.355,-1.37
0.292,-0.826
0.349,-2.203
0.212,-0.509
0.345,-1.315
0.352,0.625
0.052,-3.039
-0.848,-3.115
-0.858,-3.148
-1.835,-3.184
1.498,-2.919
1.512,-3.011
1.244,-3.162
0.848,-3.061
-0.218,1.076
2.216,1.075
0.038,-2.055
-1.971,-0.387
-2.593,-2.6
2.136,-0.344
0.392,-1.467
0.12,-0.042
-1.258,-2.343
-1.845,-0.082
-2.853,0.635
2.128,-1.555
2.132,-1.553
2.082,-0.635
1.909,0.049
0.992,0.044
0.859,0.701
0.805,0.051
0.784,0.262
0.742,0.184
0.781,0.68
0.66,0.017
-0.478,-0.43
-2.662,-1.76
3.052,-0.299
2.6,-1.717
0.846,-1.697
0.601,-0.399
2.854,-2.843
1.054,-3.124
2.025,1.197
-1.783,-3.207
-2.946,-3.216
-2.926,-3.079
0.116,-0.391
-0.036,-1.037
0.094,-0.511
-0.001,-2.126
-0.406,-1.24
-0.533,0.097
-0.564,-0.725
-0.56,-0.708
-0.56,1.397
-0.576,1.22
-0.506,-1.236
-0.543,-2.078
-0.693,-1.2
-0.602,0.773
-0.597,-0.026
-0.639,-0.698
-0.847,1.262
-0.806,1.01
-0.921,-0.678
-0.811,-2.059
-0.91,1.668
-1.163,-1.472
-1.461,0.978
-1.356,-0.751
-1.359,-0.094
-1.474,1.449
-1.376,0.45
-1.513,1.058
-1.481,0.997
-1.756,-0.074
-1.969,0.967
-1.962,1.144
-1.994,0.653
-2.332,-0.06
-2.35,-0.268
-2.369,0.132
-2.391,1.256
-2.601,-0.748
-2.651,1.604
-2.614,-1.605
-2.747,-1.217
-2.776,-2.099
-2.653,-0.244
-2.832,-1.365
-2.756,1.657
-2.906,-0.006
2.992,1.158
3.051,-1.493
2.873,-0.624
2.76,1.094
2.878,0.781
2.696,1.252
2.709,1.482
2.68,-0.25
2.734,-0.661
2.394,-0.089
2.517,-1.183
2.36,0.218
1.988,-0.524
1.888,1.213
1.809,0.035
1.751,-0.592
1.485,-1.256
1.557,1.035
1.429,-1.486
1.326,-0.803
1.267,-1.18
0.973,-0.711
1.099,-1.321
1.0,-0.125
0.854,-0.978
0.877,-0.891
0.871,-1.991
0.741,1.333
0.753,-0.62
0.698,0.108
0.561,-0.763
0.498,-0.219
0.555,-1.596
0.418,0.098
0.551,-0.708
0.558,1.232
0.258,-2.432
-0.642,-2.508
-0.652,-2.541
-1.629,-2.577
1.704,-2.312
1.718,-2.404
1.45,-2.555
1.054,-2.454
-0.012,1.683
2.422,1.682
0.244,-1.448
-1.765,0.22
-2.387,-1.993
2.342,0.263
0.598,-0.86
0.326,0.565
-1.052,-1.736
-1.639,0.525
-2.647,1.242
2.334,-0.948
2.338,-0.946
2.288,-0.028
2.115,0.656
1.198,0.651
1.065,1.308
1.011,0.658
0.99,0.869
0.948,0.791
0.987,1.287
0.866,0.624
-0.272,0.177
-2.456,-1.153
-3.025,0.308
2.806,-1.11
1.052,-1.09
0.807,0.208
3.06,-2.236
1.26,-2.517
2.231,1.804
-1.577,-2.6
-2.74,-2.609
-2.72,-2.472
-0.152,-0.646
-0.022,-0.12
-0.117,-1.735
-0.522,-0.849
-0.649,0.488
-0.68,-0.334
-0.676,-0.317
-0.676,1.788
-0.692,1.611
-0.622,-0.845
-0.659,-1.687
-0.809,-0.809
-0.718,1.164
-0.713,0.365
-0.755,-0.307
-0.963,1.653
-0.922,1.401
-1.037,-0.287
-0.927,-1.668
-1.026,2.059
-1.279,-1.081
-1.577,1.369
-1.472,-0.36
-1.475,0.297
-1.59,1.84
-1.492,0.841
-1.629,1.449
-1.597,1.388
-1.872,0.317
-2.085,1.358
-2.078,1.535
-2.11,1.044
-2.448,0.331
-2.466,0.123
-2.485,0.523
-2.507,1.647
-2.717,-0.357
-2.767,1.995
-2.73,-1.214
-2.863,-0.826
-2.892,-1.708
-2.769,0.147
-2.948,-0.974
-2.872,2.048
-3.022,0.385
2.876,1.549
2.935,-1.102
2.757,-0.233
2.644,1.485
2.762,1.172
2.58,1.643
2.593,1.873
2.564,0.141
2.618,-0.27
2.278,0.302
2.401,-0.792
2.244,0.609
1.872,-0.133
1.772,1.604
1.693,0.426
1.635,-0.201
1.369,-0.865
1.441,1.426
1.313,-1.095
1.21,-0.412
1.151,-0.789
0.857,-0.32
0.983,-0.93
0.884,0.266
0.738,-0.587
0.761,-0.5
0.755,-1.6
0.625,1.724
0.637,-0.229
0.582,0.499
0.445,-0.372
0.382,0.172
0.439,-1.205
0.302,0.489
0.435,-0.317
0.442,1.623
0.142,-2.041
-0.758,-2.117
-0.768,-2.15
-1.745,-2.186
1.588,-1.921
1.602,-2.013
1.334,-2.164
0.938,-2.063
-0.128,2.074
2.306,2.073
0.128,-1.057
-1.881,0.611
-2.503,-1.602
2.226,0.654
0.482,-0.469
0.21,0.956
-1.168,-1.345
-1.755,0.916
-2.763,1.633
2.218,-0.557
2.222,-0.555
2.172,0.363
1.999,1.047
1.082,1.042
0.949,1.699
0.895,1.049
0.874,1.26
0.832,1.182
0.871,1.678
0.75,1.015
-0.388,0.568
-2.572,-0.762
-3.141,0.699
2.69,-0.719
0.936,-0.699
0.691,0.599
2.944,-1.845
1.144,-2.126
2.115,2.195
-1.693,-2.209
-2.856,-2.218
-2.836,-2.081
0.13,0.526
0.035,-1.089
-0.37,-0.203
-0.497,1.134
-0.528,0.312
-0.524,0.329
-0.524,2.434
-0.54,2.257
-0.47,-0.199
-0.507,-1.041
-0.657,-0.163
-0.566,1.81
-0.561,1.011
-0.603,0.339
-0.811,2.299
-0.77,2.047
-0.885,0.359
-0.775,-1.022
-0.874,2.705
-1.127,-0.435
-1.425,2.015
-1.32,0.286
-1.323,0.943
-1.438,2.486
-1.34,1.487
-1.477,2.095
-1.445,2.034
-1.72,0.963
-1.933,2.004
-1.926,2.181
-1.958,1.69
-2.296,0.977
-2.314,0.769
-2.333,1.169
-2.355,2.293
-2.565,0.289
-2.615,2.641
-2.578,-0.568
-2.711,-0.18
-2.74,-1.062
-2.617,0.793
-2.796,-0.328
-2.72,2.694
-2.87,1.031
3.028,2.195
3.087,-0.456
2.909,0.413
2.796,2.131
2.914,1.818
2.732,2.289
2.745,2.519
2.716,0.787
2.77,0.376
2.43,0.948
2.553,-0.146
2.396,1.255
2.024,0.513
1.924,2.25
1.845,1.072
1.787,0.445
1.521,-0.219
1.593,2.072
1.465,-0.449
1.362,0.234
1.303,-0.143
1.009,0.326
1.135,-0.284
1.036,0.912
0.89,0.059
0.913,0.146
0.907,-0.954
0.777,2.37
0.789,0.417
0.734,1.145
0.597,0.274
0.534,0.818
0.591,-0.559
0.454,1.135
0.587,0.329
0.594,2.269
0.294,-1.395
-0.606,-1.471
-0.616,-1.504
-1.593,-1.54
1.74,-1.275
1.754,-1.367
1.486,-1.518
1.09,-1.417
0.024,2.72
2.458,2.719
0.28,-0.411
-1.729,1.257
-2.351,-0.956
2.378,1.3
0.634,0.177
0.362,1.602
-1.016,-0.699
-1.603,1.562
-2.611,2.279
2.37,0.089
2.374,0.091
2.324,1.009
2.151,1.693
1.234,1.688
1.101,2.345
1.047,1.695
1.026,1.906
0.984,1.828
1.023,2.324
0.902,1.661
-0.236,1.214
-2.42,-0.116
-2.989,1.345
2.842,-0.073
1.088,-0.053
0.843,1.245
3.096,-1.199
1.296,-1.48
2.267,2.841
-1.541,-1.563
-2.704,-1.572
-2.684,-1.435
-0.095,-1.615
-0.5,-0.729
-0.627,0.608
-0.658,-0.214
-0.654,-0.197
-0.654,1.908
-0.67,1.731
-0.6,-0.725
-0.637,-1.567
-0.787,-0.689
-0.696,1.284
-0.691,0.485
-0.733,-0.187
-0.941,1.773
-0.9,1.521
-1.015,-0.167
-0.905,-1.548
-1.004,2.179
-1.257,-0.961
-1.555,1.489
-1.45,-0.24
-1.453,0.417
-1.568,1.96
-1.47,0.961
-1.607,1.569
-1.575,1.508
-1.85,0.437
-2.063,1.478
-2.056,1.655
-2.088,1.164
-2.426,0.451
-2.444,0.243
-2.463,0.643
-2.485,1.767
-2.695,-0.237
-2.745,2.115
-2.708,-1.094
-2.841,-0.706
-2.87,-1.588
-2.747,0.267
-2.926,-0.854
-2.85,2.168
-3.0,0.505
2.898,1.669
2.957,-0.982
2.779,-0.113
2.666,1.605
2.784,1.292
2.602,1.763
2.615,1.993
2.586,0.261
2.64,-0.15
2.3,0.422
2.423,-0.672
2.266,0.729
1.894,-0.013
1.794,1.724
1.715,0.546
1.657,-0.081
1.391,-0.745
1.463,1.546
1.335,-0.975
1.232,-0.292
1.173,-0.669
0.879,-0.2
1.005,-0.81
0.906,0.386
0.76,-0.467
0.783,-0.38
0.777,-1.48
0.647,1.844
0.659,-0.109
0.604,0.619
0.467,-0.252
0.404,0.292
0.461,-1.085
0.324,0.609
0.457,-0.197
0.464,1.743
0.164,-1.921
-0.736,-1.997
-0.746,-2.03
-1.723,-2.066
1.61,-1.801
1.624,-1.893
1.356,-2.044
0.96,-1.943
-0.106,2.194
2.328,2.193
0.15,-0.937
-1.859,0.731
-2.481,-1.482
2.248,0.774
0.504,-0.349
0.232,1.076
-1.146,-1.225
-1.733,1.036
-2.741,1.753
2.24,-0.437
2.244,-0.435
2.194,0.483
2.021,1.167
1.104,1.162
0.971,1.819
0.917,1.169
0.896,1.38
0.854,1.302
0.893,1.798
0.772,1.135
-0.366,0.688
-2.55,-0.642
-3.119,0.819
2.712,-0.599
0.958,-0.579
0.713,0.719
2.966,-1.725
1.166,-2.006
2.137,2.315
-1.671,-2.089
-2.834,-2.098
-2.814,-1.961
-0.405,0.886
-0.532,2.223
-0.563,1.401
-0.559,1.418
-0.559,3.523
-0.575,3.346
-0.505,0.89
-0.542,0.048
-0.692,0.926
-0.601,2.899
-0.596,2.1
-0.638,1.428
-0.846,3.388
-0.805,3.136
-0.92,1.448
-0.81,0.067
-0.909,3.794
-1.162,0.654
-1.46,3.104
-1.355,1.375
-1.358,2.032
-1.473,3.575
-1.375,2.576
-1.512,3.184
-1.48,3.123
-1.755,2.052
-1.968,3.093
-1.961,3.27
-1.993,2.779
-2.331,2.066
-2.349,1.858
-2.368,2.258
-2.39,3.382
-2.6,1.378
-2.65,3.73
-2.613,0.521
-2.746,0.909
-2.775,0.027
-2.652,1.882
-2.831,0.761
-2.755,3.783
-2.905,2.12
2.993,3.284
3.052,0.633
2.874,1.502
2.761,3.22
2.879,2.907
2.697,3.378
2.71,3.608
2.681,1.876
2.735,1.465
2.395,2.037
2.518,0.943
2.361,2.344
1.989,1.602
1.889,3.339
1.81,2.161
1.752,1.534
1.486,0.87
1.558,3.161
1.43,0.64
1.327,1.323
1.268,0.946
0.974,1.415
1.1,0.805
1.001,2.001
0.855,1.148
0.878,1.235
0.872,0.135
0.742,3.459
0.754,1.506
0.699,2.234
0.562,1.363
0.499,1.907
0.556,0.53
0.419,2.224
0.552,1.418
0.559,3.358
0.259,-0.306
-0.641,-0.382
-0.651,-0.415
-1.628,-0.451
1.705,-0.186
1.719,-0.278
1.451,-0.429
1.055,-0.328
-0.011,3.809
2.423,3.808
0.245,0.678
-1.764,2.346
-2.386,0.133
2.343,2.389
0.599,1.266
0.327,2.691
-1.051,0.39
-1.638,2.651
-2.646,3.368
2.335,1.178
2.339,1.18
2.289,2.098
2.116,2.782
1.199,2.777
1.066,3.434
1.012,2.784
0.991,2.995
0.949,2.917
0.988,3.413
0.867,2.75
-0.271,2.303
-2.455,0.973
-3.024,2.434
2.807,1.016
1.053,1.036
0.808,2.334
3.061,-0.11
1.261,-0.391
2.232,3.93
-1.576,-0.474
-2.739,-0.483
-2.719,-0.346
-0.127,1.337
-0.158,0.515
-0.154,0.532
-0.154,2.637
-0.17,2.46
-0.1,0.004
-0.137,-0.838
-0.287,0.04
-0.196,2.013
-0.191,1.214
-0.233,0.542
-0.441,2.502
-0.4,2.25
-0.515,0.562
-0.405,-0.819
-0.504,2.908
-0.757,-0.232
-1.055,2.218
-0.95,0.489
-0.953,1.146
-1.068,2.689
-0.97,1.69
-1.107,2.298
-1.075,2.237
-1.35,1.166
-1.563,2.207
-1.556,2.384
-1.588,1.893
-1.926,1.18
-1.944,0.972
-1.963,1.372
-1.985,2.496
-2.195,0.492
-2.245,2.844
-2.208,-0.365
-2.341,0.023
-2.37,-0.859
-2.247,0.996
-2.426,-0.125
-2.35,2.897
-2.5,1.234
-2.885,2.398
-2.826,-0.253
-3.004,0.616
-3.117,2.334
-2.999,2.021
3.102,2.492
3.115,2.722
3.086,0.99
3.14,0.579
2.8,1.151
2.923,0.057
2.766,1.458
2.394,0.716
2.294,2.453
2.215,1.275
2.157,0.648
1.891,-0.016
1.963,2.275
1.835,-0.246
1.732,0.437
1.673,0.06
1.379,0.529
1.505,-0.081
1.406,1.115
1.26,0.262
1.283,0.349
1.277,-0.751
1.147,2.573
1.159,0.62
1.104,1.348
0.967,0.477
0.904,1.021
0.961,-0.356
0.824,1.338
0.957,0.532
0.964,2.472
0.664,-1.192
-0.236,-1.268
-0.246,-1.301
-1.223,-1.337
2.11,-1.072
2.124,-1.164
1.856,-1.315
1.46,-1.214
0.394,2.923
2.828,2.922
0.65,-0.208
-1.359,1.46
-1.981,-0.753
2.748,1.503
1.004,0.38
0.732,1.805
-0.646,-0.496
-1.233,1.765
-2.241,2.482
2.74,0.292
2.744,0.294
2.694,1.212
2.521,1.896
1.604,1.891
1.471,2.548
1.417,1.898
1.396,2.109
1.354,2.031
1.393,2.527
1.272,1.864
0.134,1.417
-2.05,0.087
-2.619,1.548
-3.071,0.13
1.458,0.15
1.213,1.448
-2.817,-0.996
1.666,-1.277
2.637,3.044
-1.171,-1.36
-2.334,-1.369
-2.314,-1.232
-0.031,-0.822
-0.027,-0.805
-0.027,1.3
-0.043,1.123
0.027,-1.333
-0.01,-2.175
-0.16,-1.297
-0.069,0.676
-0.064,-0.123
-0.106,-0.795
-0.314,1.165
-0.273,0.913
-0.388,-0.775
-0.278,-2.156
-0.377,1.571
-0.63,-1.569
-0.928,0.881
-0.823,-0.848
-0.826,-0.191
-0.941,1.352
-0.843,0.353
-0.98,0.961
-0.948,0.9
-1.223,-0.171
-1.436,0.87
-1.429,1.047
-1.461,0.556
-1.799,-0.157
-1.817,-0.365
-1.836,0.035
-1.858,1.159
-2.068,-0.845
-2.118,1.507
-2.081,-1.702
-2.214,-1.314
-2.243,-2.196
-2.12,-0.341
-2.299,-1.462
-2.223,1.56
-2.373,-0.103
-2.758,1.061
-2.699,-1.59
-2.877,-0.721
-2.99,0.997
-2.872,0.684
-3.054,1.155
-3.041,1.385
-3.07,-0.347
-3.016,-0.758
2.927,-0.186
3.05,-1.28
2.893,0.121
2.521,-0.621
2.421,1.116
2.342,-0.062
2.284,-0.689
2.018,-1.353
2.09,0.938
1.962,-1.583
1.859,-0.9
1.8,-1.277
1.506,-0.808
1.632,-1.418
1.533,-0.222
1.387,-1.075
1.41,-0.988
1.404,-2.088
1.274,1.236
1.286,-0.717
1.231,0.011
1.094,-0.86
1.031,-0.316
1.088,-1.693
0.951,0.001
1.084,-0.805
1.091,1.135
0.791,-2.529
-0.109,-2.605
-0.119,-2.638
-1.096,-2.674
2.237,-2.409
2.251,-2.501
1.983,-2.652
1.587,-2.551
0.521,1.586
2.955,1.585
0.777,-1.545
-1.232,0.123
-1.854,-2.09
2.875,0.166
1.131,-0.957
0.859,0.468
-0.519,-1.833
-1.106,0.428
-2.114,1.145
2.867,-1.045
2.871,-1.043
2.821,-0.125
2.648,0.559
1.731,0.554
1.598,1.211
1.544,0.561
1.523,0.772
1.481,0.694
1.52,1.19
1.399,0.527
0.261,0.08
-1.923,-1.25
-2.492,0.211
-2.944,-1.207
1.585,-1.187
1.34,0.111
-2.69,-2.333
1.793,-2.614
2.764,1.707
-1.044,-2.697
-2.207,-2.706
-2.187,-2.569
0.004,0.017
0.004,2.122
-0.012,1.945
0.058,-0.511
0.021,-1.353
-0.129,-0.475
-0.038,1.498
-0.033,0.699
-0.075,0.027
-0.283,1.987
-0.242,1.735
-0.357,0.047
-0.247,-1.334
-0.346,2.393
-0.599,-0.747
-0.897,1.703
-0.792,-0.026
-0.795,0.631
-0.91,2.174
-0.812,1.175
-0.949,1.783
-0.917,1.722
-1.192,0.651
-1.405,1.692
-1.398,1.869
-1.43,1.378
-1.768,0.665
-1.786,0.457
-1.805,0.857
-1.827,1.981
-2.037,-0.023
-2.087,2.329
-2.05,-0.88
-2.183,-0.492
-2.212,-1.374
-2.089,0.481
-2.268,-0.64
-2.192,2.382
-2.342,0.719
-2.727,1.883
-2.668,-0.768
-2.846,0.101
-2.959,1.819
-2.841,1.506
-3.023,1.977
-3.01,2.207
-3.039,0.475
-2.985,0.064
2.958,0.636
3.081,-0.458
2.924,0.943
2.552,0.201
2.452,1.938
2.373,0.76
2.315,0.133
2.049,-0.531
2.121,1.76
1.993,-0.761
1.89,-0.078
1.831,-0.455
1.537,0.014
1.663,-0.596
1.564,0.6
1.418,-0.253
1.441,-0.166
1.435,-1.266
1.305,2.058
1.317,0.105
1.262,0.833
1.125,-0.038
1.062,0.506
1.119,-0.871
0.982,0.823
1.115,0.017
1.122,1.957
0.822,-1.707
-0.078,-1.783
-0.088,-1.816
-1.065,-1.852
2.268,-1.587
2.282,-1.679
2.014,-1.83
1.618,-1.729
0.552,2.408
2.986,2.407
0.808,-0.723
-1.201,0.945
-1.823,-1.268
2.906,0.988
1.162,-0.135
0.89,1.29
-0.488,-1.011
-1.075,1.25
-2.083,1.967
2.898,-0.223
2.902,-0.221
2.852,0.697
2.679,1.381
1.762,1.376
1.629,2.033
1.575,1.383
1.554,1.594
1.512,1.516
1.551,2.012
1.43,1.349
0.292,0.902
-1.892,-0.428
-2.461,1.033
-2.913,-0.385
1.616,-0.365
1.371,0.933
-2.659,-1.511
1.824,-1.792
2.795,2.529
-1.013,-1.875
-2.176,-1.884
-2.156,-1.747
0.0,2.105
-0.016,1.928
0.054,-0.528
0.017,-1.37
-0.133,-0.492
-0.042,1.481
-0.037,0.682
-0.079,0.01
-0.287,1.97
-0.246,1.718
-0.361,0.03
-0.251,-1.351
-0.35,2.376
-0.603,-0.764
-0.901,1.686
-0.796,-0.043
-0.799,0.614
-0.914,2.157
-0.816,1.158
-0.953,1.766
-0.921,1.705
-1.196,0.634
-1.409,1.675
-1.402,1.852
-1.434,1.361
-1.772,0.648
-1.79,0.44
-1.809,0.84
-1.831,1.964
-2.041,-0.04
-2.091,2.312
-2.054,-0.897
-2.187,-0.509
-2.216,-1.391
-2.093,0.464
-2.272,-0.657
-2.196,2.365
-2.346,0.702
-2.731,1.866
-2.672,-0.785
-2.85,0.084
-2.963,1.802
-2.845,1.489
-3.027,1.96
-3.014,2.19
-3.043,0.458
-2.989,0.047
2.954,0.619
3.077,-0.475
2.92,0.926
2.548,0.184
2.448,1.921
2.369,0.743
2.311,0.116
2.045,-0.548
2.117,1.743
1.989,-0.778
1.886,-0.095
1.827,-0.472
1.533,-0.003
1.659,-0.613
1.56,0.583
1.414,-0.27
1.437,-0.183
1.431,-1.283
1.301,2.041
1.313,0.088
1.258,0.816
1.121,-0.055
1.058,0.489
1.115,-0.888
0.978,0.806
1.111,0.0
1.118,1.94
0.818,-1.724
-0.082,-1.8
-0.092,-1.833
-1.069,-1.869
2.264,-1.604
2.278,-1.696
2.01,-1.847
1.614,-1.746
0.548,2.391
2.982,2.39
0.804,-0.74
-1.205,0.928
-1.827,-1.285
2.902,0.971
1.158,-0.152
0.886,1.273
-0.492,-1.028
-1.079,1.233
-2.087,1.95
2.894,-0.24
2.898,-0.238
2.848,0.68
2.675,1.364
1.758,1.359
1.625,2.016
1.571,1.366
1.55,1.577
1.508,1.499
1.547,1.995
1.426,1.332
0.288,0.885
-1.896,-0.445
-2.465,1.016
-2.917,-0.402
1.612,-0.382
1.367,0.916
-2.663,-1.528
1.82,-1.809
2.791,2.512
-1.017,-1.892
-2.18,-1.901
-2.16,-1.764
-0.016,-0.177
0.054,-2.633
0.017,-3.475
-0.133,-2.597
-0.042,-0.624
-0.037,-1.423
-0.079,-2.095
-0.287,-0.135
-0.246,-0.387
-0.361,-2.075
-0.251,-3.456
-0.35,0.271
-0.603,-2.869
-0.901,-0.419
-0.796,-2.148
-0.799,-1.491
-0.914,0.052
-0.816,-0.947
-0.953,-0.339
-0.921,-0.4
-1.196,-1.471
-1.409,-0.43
-1.402,-0.253
-1.434,-0.744
-1.772,-1.457
-1.79,-1.665
-1.809,-1.265
-1.831,-0.141
-2.041,-2.145
-2.091,0.207
-2.054,-3.002
-2.187,-2.614
-2.216,-3.496
-2.093,-1.641
-2.272,-2.762
-2.196,0.26
-2.346,-1.403
-2.731,-0.239
-2.672,-2.89
-2.85,-2.021
-2.963,-0.303
-2.845,-0.616
-3.027,-0.145
-3.014,0.085
-3.043,-1.647
-2.989,-2.058
2.954,-1.486
3.077,-2.58
2.92,-1.179
2.548,-1.921
2.448,-0.184
2.369,-1.362
2.311,-1.989
2.045,-2.653
2.117,-0.362
1.989,-2.883
1.886,-2.2
1.827,-2.577
1.533,-2.108
1.659,-2.718
1.56,-1.522
1.414,-2.375
1.437,-2.288
1.431,-3.388
1.301,-0.064
1.313,-2.017
1.258,-1.289
1.121,-2.16
1.058,-1.616
1.115,-2.993
0.978,-1.299
1.111,-2.105
1.118,-0.165
0.818,-3.829
-0.082,-3.905
-0.092,-3.938
-1.069,-3.974
2.264,-3.709
2.278,-3.801
2.01,-3.952
1.614,-3.851
0.548,0.286
2.982,0.285
0.804,-2.845
-1.205,-1.177
-1.827,-3.39
2.902,-1.134
1.158,-2.257
0.886,-0.832
-0.492,-3.133
-1.079,-0.872
-2.087,-0.155
2.894,-2.345
2.898,-2.343
2.848,-1.425
2.675,-0.741
1.758,-0.746
1.625,-0.089
1.571,-0.739
1.55,-0.528
1.508,-0.606
1.547,-0.11
1.426,-0.773
0.288,-1.22
-1.896,-2.55
-2.465,-1.089
-2.917,-2.507
1.612,-2.487
1.367,-1.189
-2.663,-3.633
1.82,-3.914
2.791,0.407
-1.017,-3.997
-2.18,-4.006
-2.16,-3.869
0.07,-2.456
0.033,-3.298
-0.117,-2.42
-0.026,-0.447
-0.021,-1.246
-0.063,-1.918
-0.271,0.042
-0.23,-0.21
-0.345,-1.898
-0.235,-3.279
-0.334,0.448
-0.587,-2.692
-0.885,-0.242
-0.78,-1.971
-0.783,-1.314
-0.898,0.229
-0.8,-0.77
-0.937,-0.162
-0.905,-0.223
-1.18,-1.294
-1.393,-0.253
-1.386,-0.076
-1.418,-0.567
-1.756,-1.28
-1.774,-1.488
-1.793,-1.088
-1.815,0.036
-2.025,-1.968
-2.075,0.384
-2.038,-2.825
-2.171,-2.437
-2.2,-3.319
-2.077,-1.464
-2.256,-2.585
-2.18,0.437
-2.33,-1.226
-2.715,-0.062
-2.656,-2.713
-2.834,-1.844
-2.947,-0.126
-2.829,-0.439
-3.011,0.032
-2.998,0.262
-3.027,-1.47
-2.973,-1.881
2.97,-1.309
3.093,-2.403
2.936,-1.002
2.564,-1.744
2.464,-0.007
2.385,-1.185
2.327,-1.812
2.061,-2.476
2.133,-0.185
2.005,-2.706
1.902,-2.023
1.843,-2.4
1.549,-1.931
1.675,-2.541
1.576,-1.345
1.43,-2.198
1.453,-2.111
1.447,-3.211
1.317,0.113
1.329,-1.84
1.274,-1.112
1.137,-1.983
1.074,-1.439
1.131,-2.816
0.994,-1.122
1.127,-1.928
1.134,0.012
0.834,-3.652
-0.066,-3.728
-0.076,-3.761
-1.053,-3.797
2.28,-3.532
2.294,-3.624
2.026,-3.775
1.63,-3.674
0.564,0.463
2.998,0.462
0.82,-2.668
-1.189,-1.0
-1.811,-3.213
2.918,-0.957
1.174,-2.08
0.902,-0.655
-0.476,-2.956
-1.063,-0.695
-2.071,0.022
2.91,-2.168
2.914,-2.166
2.864,-1.248
2.691,-0.564
1.774,-0.569
1.641,0.088
1.587,-0.562
1.566,-0.351
1.524,-0.429
1.563,0.067
1.442,-0.596
0.304,-1.043
-1.88,-2.373
-2.449,-0.912
-2.901,-2.33
1.628,-2.31
1.383,-1.012
-2.647,-3.456
1.836,-3.737
2.807,0.584
-1.001,-3.82
-2.164,-3.829
-2.144,-3.692
-0.037,-0.842
-0.187,0.036
-0.096,2.009
-0.091,1.21
-0.133,0.538
-0.341,2.498
-0.3,2.246
-0.415,0.558
-0.305,-0.823
-0.404,2.904
-0.657,-0.236
-0.955,2.214
-0.85,0.485
-0.853,1.142
-0.968,2.685
-0.87,1.686
-1.007,2.294
-0.975,2.233
-1.25,1.162
-1.463,2.203
-1.456,2.38
-1.488,1.889
-1.826,1.176
-1.844,0.968
-1.863,1.368
-1.885,2.492
-2.095,0.488
-2.145,2.84
-2.108,-0.369
-2.241,0.019
-2.27,-0.863
-2.147,0.992
-2.326,-0.129
-2.25,2.893
-2.4,1.23
-2.785,2.394
-2.726,-0.257
-2.904,0.612
-3.017,2.33
-2.899,2.017
-3.081,2.488
-3.068,2.718
-3.097,0.986
-3.043,0.575
2.9,1.147
3.023,0.053
2.866,1.454
2.494,0.712
2.394,2.449
2.315,1.271
2.257,0.644
1.991,-0.02
2.063,2.271
1.935,-0.25
1.832,0.433
1.773,0.056
1.479,0.525
1.605,-0.085
1.506,1.111
1.36,0.258
1.383,0.345
1.377,-0.755
1.247,2.569
1.259,0.616
1.204,1.344
1.067,0.473
1.004,1.017
1.061,-0.36
0.924,1.334
1.057,0.528
1.064,2.468
0.764,-1.196
-0.136,-1.272
-0.146,-1.305
-1.123,-1.341
2.21,-1.076
2.224,-1.168
1.956,-1.319
1.56,-1.218
0.494,2.919
2.928,2.918
0.75,-0.212
-1.259,1.456
-1.881,-0.757
2.848,1.499
1.104,0.376
0.832,1.801
-0.546,-0.5
-1.133,1.761
-2.141,2.478
2.84,0.288
2.844,0.29
2.794,1.208
2.621,1.892
1.704,1.887
1.571,2.544
1.517,1.894
1.496,2.105
1.454,2.027
1.493,2.523
1.372,1.86
0.234,1.413
-1.95,0.083
-2.519,1.544
-2.971,0.126
1.558,0.146
1.313,1.444
-2.717,-1.0
1.766,-1.281
2.737,3.04
-1.071,-1.364
-2.234,-1.373
-2.214,-1.236
-0.15,0.878
-0.059,2.851
-0.054,2.052
-0.096,1.38
-0.304,3.34
-0.263,3.088
-0.378,1.4
-0.268,0.019
-0.367,3.746
-0.62,0.606
-0.918,3.056
-0.813,1.327
-0.816,1.984
-0.931,3.527
-0.833,2.528
-0.97,3.136
-0.938,3.075
-1.213,2.004
-1.426,3.045
-1.419,3.222
-1.451,2.731
-1.789,2.018
-1.807,1.81
-1.826,2.21
-1.848,3.334
-2.058,1.33
-2.108,3.682
-2.071,0.473
-2.204,0.861
-2.233,-0.021
-2.11,1.834
-2.289,0.713
-2.213,3.735
-2.363,2.072
-2.748,3.236
-2.689,0.585
-2.867,1.454
-2.98,3.172
-2.862,2.859
-3.044,3.33
-3.031,3.56
-3.06,1.828
-3.006,1.417
2.937,1.989
3.06,0.895
2.903,2.296
2.531,1.554
2.431,3.291
2.352,2.113
2.294,1.486
2.028,0.822
2.1,3.113
1.972,0.592
1.869,1.275
1.81,0.898
1.516,1.367
1.642,0.757
1.543,1.953
1.397,1.1
1.42,1.187
1.414,0.087
1.284,3.411
1.296,1.458
1.241,2.186
1.104,1.315
1.041,1.859
1.098,0.482
0.961,2.176
1.094,1.37
1.101,3.31
0.801,-0.354
-0.099,-0.43
-0.109,-0.463
-1.086,-0.499
2.247,-0.234
2.261,-0.326
1.993,-0.477
1.597,-0.376
0.531,3.761
2.965,3.76
0.787,0.63
-1.222,2.298
-1.844,0.085
2.885,2.341
1.141,1.218
0.869,2.643
-0.509,0.342
-1.096,2.603
-2.104,3.32
2.877,1.13
2.881,1.132
2.831,2.05
2.658,2.734
1.741,2.729
1.608,3.386
1.554,2.736
1.533,2.947
1.491,2.869
1.53,3.365
1.409,2.702
0.271,2.255
-1.913,0.925
-2.482,2.386
-2.934,0.968
1.595,0.988
1.35,2.286
-2.68,-0.158
1.803,-0.439
2.774,3.882
-1.034,-0.522
-2.197,-0.531
-2.177,-0.394
0.091,1.973
0.096,1.174
0.054,0.502
-0.154,2.462
-0.113,2.21
-0.228,0.522
-0.118,-0.859
-0.217,2.868
-0.47,-0.272
-0.768,2.178
-0.663,0.449
-0.666,1.106
-0.781,2.649
-0.683,1.65
-0.82,2.258
-0.788,2.197
-1.063,1.126
-1.276,2.167
-1.269,2.344
-1.301,1.853
-1.639,1.14
-1.657,0.932
-1.676,1.332
-1.698,2.456
-1.908,0.452
-1.958,2.804
-1.921,-0.405
-2.054,-0.017
-2.083,-0.899
-1.96,0.956
-2.139,-0.165
-2.063,2.857
-2.213,1.194
-2.598,2.358
-2.539,-0.293
-2.717,0.576
-2.83,2.294
-2.712,1.981
-2.894,2.452
-2.881,2.682
-2.91,0.95
-2.856,0.539
3.087,1.111
-3.073,0.017
3.053,1.418
2.681,0.676
2.581,2.413
2.502,1.235
2.444,0.608
2.178,-0.056
2.25,2.235
2.122,-0.286
2.019,0.397
1.96,0.02
1.666,0.489
1.792,-0.121
1.693,1.075
1.547,0.222
1.57,0.309
1.564,-0.791
1.434,2.533
1.446,0.58
1.391,1.308
1.254,0.437
1.191,0.981
1.248,-0.396
1.111,1.298
1.244,0.492
1.251,2.432
0.951,-1.232
0.051,-1.308
0.041,-1.341
-0.936,-1.377
2.397,-1.112
2.411,-1.204
2.143,-1.355
1.747,-1.254
0.681,2.883
3.115,2.882
0.937,-0.248
-1.072,1.42
-1.694,-0.793
3.035,1.463
1.291,0.34
1.019,1.765
-0.359,-0.536
-0.946,1.725
-1.954,2.442
3.027,0.252
3.031,0.254
2.981,1.172
2.808,1.856
1.891,1.851
1.758,2.508
1.704,1.858
1.683,2.069
1.641,1.991
1.68,2.487
1.559,1.824
0.421,1.377
-1.763,0.047
-2.332,1.508
-2.784,0.09
1.745,0.11
1.5,1.408
-2.53,-1.036
1.953,-1.317
2.924,3.004
-0.884,-1.4
-2.047,-1.409
-2.027,-1.272
0.005,-0.799
-0.037,-1.471
-0.245,0.489
-0.204,0.237
-0.319,-1.451
-0.209,-2.832
-0.308,0.895
-0.561,-2.245
-0.859,0.205
-0.754,-1.524
-0.757,-0.867
-0.872,0.676
-0.774,-0.323
-0.911,0.285
-0.879,0.224
-1.154,-0.847
-1.367,0.194
-1.36,0.371
-1.392,-0.12
-1.73,-0.833
-1.748,-1.041
-1.767,-0.641
-1.789,0.483
-1.999,-1.521
-2.049,0.831
-2.012,-2.378
-2.145,-1.99
-2.174,-2.872
-2.051,-1.017
-2.23,-2.138
-2.154,0.884
-2.304,-0.779
-2.689,0.385
-2.63,-2.266
-2.808,-1.397
-2.921,0.321
-2.803,0.008
-2.985,0.479
-2.972,0.709
-3.001,-1.023
-2.947,-1.434
2.996,-0.862
3.119,-1.956
2.962,-0.555
2.59,-1.297
2.49,0.44
2.411,-0.738
2.353,-1.365
2.087,-2.029
2.159,0.262
2.031,-2.259
1.928,-1.576
1.869,-1.953
1.575,-1.484
1.701,-2.094
1.602,-0.898
1.456,-1.751
1.479,-1.664
1.473,-2.764
1.343,0.56
1.355,-1.393
1.3,-0.665
1.163,-1.536
1.1,-0.992
1.157,-2.369
1.02,-0.675
1.153,-1.481
1.16,0.459
0.86,-3.205
-0.04,-3.281
-0.05,-3.314
-1.027,-3.35
2.306,-3.085
2.32,-3.177
2.052,-3.328
1.656,-3.227
0.59,0.91
3.024,0.909
0.846,-2.221
-1.163,-0.553
-1.785,-2.766
2.944,-0.51
1.2,-1.633
0.928,-0.208
-0.45,-2.509
-1.037,-0.248
-2.045,0.469
2.936,-1.721
2.94,-1.719
2.89,-0.801
2.717,-0.117
1.8,-0.122
1.667,0.535
1.613,-0.115
1.592,0.096
1.55,0.018
1.589,0.514
1.468,-0.149
0.33,-0.596
-1.854,-1.926
-2.423,-0.465
-2.875,-1.883
1.654,-1.863
1.409,-0.565
-2.621,-3.009
1.862,-3.29
2.833,1.031
-0.975,-3.373
-2.138,-3.382
-2.118,-3.245
-0.042,-0.672
-0.25,1.288
-0.209,1.036
-0.324,-0.652
-0.214,-2.033
-0.313,1.694
-0.566,-1.446
-0.864,1.004
-0.759,-0.725
-0.762,-0.068
-0.877,1.475
-0.779,0.476
-0.916,1.084
-0.884,1.023
-1.159,-0.048
-1.372,0.993
-1.365,1.17
-1.397,0.679
-1.735,-0.034
-1.753,-0.242
-1.772,0.158
-1.794,1.282
-2.004,-0.722
-2.054,1.63
-2.017,-1.579
-2.15,-1.191
-2.179,-2.073
-2.056,-0.218
-2.235,-1.339
-2.159,1.683
-2.309,0.02
-2.694,1.184
-2.635,-1.467
-2.813,-0.598
-2.926,1.12
-2.808,0.807
-2.99,1.278
-2.977,1.508
-3.006,-0.224
-2.952,-0.635
2.991,-0.063
3.114,-1.157
2.957,0.244
2.585,-0.498
2.485,1.239
2.406,0.061
2.348,-0.566
2.082,-1.23
2.154,1.061
2.026,-1.46
1.923,-0.777
1.864,-1.154
1.57,-0.685
1.696,-1.295
1.597,-0.099
1.451,-0.952
1.474,-0.865
1.468,-1.965
1.338,1.359
1.35,-0.594
1.295,0.134
1.158,-0.737
1.095,-0.193
1.152,-1.57
1.015,0.124
1.148,-0.682
1.155,1.258
0.855,-2.406
-0.045,-2.482
-0.055,-2.515
-1.032,-2.551
2.301,-2.286
2.315,-2.378
2.047,-2.529
1.651,-2.428
0.585,1.709
3.019,1.708
0.841,-1.422
-1.168,0.246
-1.79,-1.967
2.939,0.289
1.195,-0.834
0.923,0.591
-0.455,-1.71
-1.042,0.551
-2.05,1.268
2.931,-0.922
2.935,-0.92
2.885,-0.002
2.712,0.682
1.795,0.677
1.662,1.334
1.608,0.684
1.587,0.895
1.545,0.817
1.584,1.313
1.463,0.65
0.325,0.203
-1.859,-1.127
-2.428,0.334
-2.88,-1.084
1.649,-1.064
1.404,0.234
-2.626,-2.21
1.857,-2.491
2.828,1.83
-0.98,-2.574
-2.143,-2.583
-2.123,-2.446
-0.208,1.96
-0.167,1.708
-0.282,0.02
-0.172,-1.361
-0.271,2.366
-0.524,-0.774
-0.822,1.676
-0.717,-0.053
-0.72,0.604
-0.835,2.147
-0.737,1.148
-0.874,1.756
-0.842,1.695
-1.117,0.624
-1.33,1.665
-1.323,1.842
-1.355,1.351
-1.693,0.638
-1.711,0.43
-1.73,0.83
-1.752,1.954
-1.962,-0.05
-2.012,2.302
-1.975,-0.907
-2.108,-0.519
-2.137,-1.401
-2.014,0.454
-2.193,-0.667
-2.117,2.355
-2.267,0.692
-2.652,1.856
-2.593,-0.795
-2.771,0.074
-2.884,1.792
-2.766,1.479
-2.948,1.95
-2.935,2.18
-2.964,0.448
-2.91,0.037
3.033,0.609
-3.127,-0.485
2.999,0.916
2.627,0.174
2.527,1.911
2.448,0.733
2.39,0.106
2.124,-0.558
2.196,1.733
2.068,-0.788
1.965,-0.105
1.906,-0.482
1.612,-0.013
1.738,-0.623
1.639,0.573
1.493,-0.28
1.516,-0.193
1.51,-1.293
1.38,2.031
1.392,0.078
1.337,0.806
1.2,-0.065
1.137,0.479
1.194,-0.898
1.057,0.796
1.19,-0.01
1.197,1.93
0.897,-1.734
-0.003,-1.81
-0.013,-1.843
-0.99,-1.879
2.343,-1.614
2.357,-1.706
2.089,-1.857
1.693,-1.756
0.627,2.381
3.061,2.38
0.883,-0.75
-1.126,0.918
-1.748,-1.295
2.981,0.961
1.237,-0.162
0.965,1.263
-0.413,-1.038
-1.0,1.223
-2.008,1.94
2.973,-0.25
2.977,-0.248
2.927,0.67
2.754,1.354
1.837,1.349
1.704,2.006
1.65,1.356
1.629,1.567
1.587,1.489
1.626,1.985
1.505,1.322
0.367,0.875
-1.817,-0.455
-2.386,1.006
-2.838,-0.412
1.691,-0.392
1.446,0.906
-2.584,-1.538
1.899,-1.819
2.87,2.502
-0.938,-1.902
-2.101,-1.911
-2.081,-1.774
0.041,-0.252
-0.074,-1.94
0.036,-3.321
-0.063,0.406
-0.316,-2.734
-0.614,-0.284
-0.509,-2.013
-0.512,-1.356
-0.627,0.187
-0.529,-0.812
-0.666,-0.204
-0.634,-0.265
-0.909,-1.336
-1.122,-0.295
-1.115,-0.118
-1.147,-0.609
-1.485,-1.322
-1.503,-1.53
-1.522,-1.13
-1.544,-0.006
-1.754,-2.01
-1.804,0.342
-1.767,-2.867
-1.9,-2.479
-1.929,-3.361
-1.806,-1.506
-1.985,-2.627
-1.909,0.395
-2.059,-1.268
-2.444,-0.104
-2.385,-2.755
-2.563,-1.886
-2.676,-0.168
-2.558,-0.481
-2.74,-0.01
-2.727,0.22
-2.756,-1.512
-2.702,-1.923
-3.042,-1.351
-2.919,-2.445
-3.076,-1.044
2.835,-1.786
2.735,-0.049
2.656,-1.227
2.598,-1.854
2.332,-2.518
2.404,-0.227
2.276,-2.748
2.173,-2.065
2.114,-2.442
1.82,-1.973
1.946,-2.583
1.847,-1.387
1.701,-2.24
1.724,-2.153
1.718,-3.253
1.588,0.071
1.6,-1.882
1.545,-1.154
1.408,-2.025
1.345,-1.481
1.402,-2.858
1.265,-1.164
1.398,-1.97
1.405,-0.03
1.105,-3.694
0.205,-3.77
0.195,-3.803
-0.782,-3.839
2.551,-3.574
2.565,-3.666
2.297,-3.817
1.901,-3.716
0.835,0.421
-3.014,0.42
1.091,-2.71
-0.918,-1.042
-1.54,-3.255
-3.094,-0.999
1.445,-2.122
1.173,-0.697
-0.205,-2.998
-0.792,-0.737
-1.8,-0.02
-3.102,-2.21
-3.098,-2.208
3.135,-1.29
2.962,-0.606
2.045,-0.611
1.912,0.046
1.858,-0.604
1.837,-0.393
1.795,-0.471
1.834,0.025
1.713,-0.638
0.575,-1.085
-1.609,-2.415
-2.178,-0.954
-2.63,-2.372
1.899,-2.352
1.654,-1.054
-2.376,-3.498
2.107,-3.779
3.078,0.542
-0.73,-3.862
-1.893,-3.871
-1.873,-3.734
-0.115,-1.688
-0.005,-3.069
-0.104,0.658
-0.357,-2.482
-0.655,-0.032
-0.55,-1.761
-0.553,-1.104
-0.668,0.439
-0.57,-0.56
-0.707,0.048
-0.675,-0.013
-0.95,-1.084
-1.163,-0.043
-1.156,0.134
-1.188,-0.357
-1.526,-1.07
-1.544,-1.278
-1.563,-0.878
-1.585,0.246
-1.795,-1.758
-1.845,0.594
-1.808,-2.615
-1.941,-2.227
-1.97,-3.109
-1.847,-1.254
-2.026,-2.375
-1.95,0.647
-2.1,-1.016
-2.485,0.148
-2.426,-2.503
-2.604,-1.634
-2.717,0.084
-2.599,-0.229
-2.781,0.242
-2.768,0.472
-2.797,-1.26
-2.743,-1.671
-3.083,-1.099
-2.96,-2.193
-3.117,-0.792
2.794,-1.534
2.694,0.203
2.615,-0.975
2.557,-1.602
2.291,-2.266
2.363,0.025
2.235,-2.496
2.132,-1.813
2.073,-2.19
1.779,-1.721
1.905,-2.331
1.806,-1.135
1.66,-1.988
1.683,-1.901
1.677,-3.001
1.547,0.323
1.559,-1.63
1.504,-0.902
1.367,-1.773
1.304,-1.229
1.361,-2.606
1.224,-0.912
1.357,-1.718
1.364,0.222
1.064,-3.442
0.164,-3.518
0.154,-3.551
-0.823,-3.587
2.51,-3.322
2.524,-3.414
2.256,-3.565
1.86,-3.464
0.794,0.673
-3.055,0.672
1.05,-2.458
-0.959,-0.79
-1.581,-3.003
-3.135,-0.747
1.404,-1.87
1.132,-0.445
-0.246,-2.746
-0.833,-0.485
-1.841,0.232
3.14,-1.958
-3.139,-1.956
3.094,-1.038
2.921,-0.354
2.004,-0.359
1.871,0.298
1.817,-0.352
1.796,-0.141
1.754,-0.219
1.793,0.277
1.672,-0.386
0.534,-0.833
-1.65,-2.163
-2.219,-0.702
-2.671,-2.12
1.858,-2.1
1.613,-0.802
-2.417,-3.246
2.066,-3.527
3.037,0.794
-0.771,-3.61
-1.934,-3.619
-1.914,-3.482
0.11,-1.381
0.011,2.346
-0.242,-0.794
-0.54,1.656
-0.435,-0.073
-0.438,0.584
-0.553,2.127
-0.455,1.128
-0.592,1.736
-0.56,1.675
-0.835,0.604
-1.048,1.645
-1.041,1.822
-1.073,1.331
-1.411,0.618
-1.429,0.41
-1.448,0.81
-1.47,1.934
-1.68,-0.07
-1.73,2.282
-1.693,-0.927
-1.826,-0.539
-1.855,-1.421
-1.732,0.434
-1.911,-0.687
-1.835,2.335
-1.985,0.672
-2.37,1.836
-2.311,-0.815
-2.489,0.054
-2.602,1.772
-2.484,1.459
-2.666,1.93
-2.653,2.16
-2.682,0.428
-2.628,0.017
-2.968,0.589
-2.845,-0.505
-3.002,0.896
2.909,0.154
2.809,1.891
2.73,0.713
2.672,0.086
2.406,-0.578
2.478,1.713
2.35,-0.808
2.247,-0.125
2.188,-0.502
1.894,-0.033
2.02,-0.643
1.921,0.553
1.775,-0.3
1.798,-0.213
1.792,-1.313
1.662,2.011
1.674,0.058
1.619,0.786
1.482,-0.085
1.419,0.459
1.476,-0.918
1.339,0.776
1.472,-0.03
1.479,1.91
1.179,-1.754
0.279,-1.83
0.269,-1.863
-0.708,-1.899
2.625,-1.634
2.639,-1.726
2.371,-1.877
1.975,-1.776
0.909,2.361
-2.94,2.36
1.165,-0.77
-0.844,0.898
-1.466,-1.315
-3.02,0.941
1.519,-0.182
1.247,1.243
-0.131,-1.058
-0.718,1.203
-1.726,1.92
-3.028,-0.27
-3.024,-0.268
-3.074,0.65
3.036,1.334
2.119,1.329
1.986,1.986
1.932,1.336
1.911,1.547
1.869,1.469
1.908,1.965
1.787,1.302
0.649,0.855
-1.535,-0.475
-2.104,0.986
-2.556,-0.432
1.973,-0.412
1.728,0.886
-2.302,-1.558
2.181,-1.839
-3.131,2.482
-0.656,-1.922
-1.819,-1.931
-1.799,-1.794
-0.099,3.727
-0.352,0.587
-0.65,3.037
-0.545,1.308
-0.548,1.965
-0.663,3.508
-0.565,2.509
-0.702,3.117
-0.67,3.056
-0.945,1.985
-1.158,3.026
-1.151,3.203
-1.183,2.712
-1.521,1.999
-1.539,1.791
-1.558,2.191
-1.58,3.315
-1.79,1.311
-1.84,3.663
-1.803,0.454
-1.936,0.842
-1.965,-0.04
-1.842,1.815
-2.021,0.694
-1.945,3.716
-2.095,2.053
-2.48,3.217
-2.421,0.566
-2.599,1.435
-2.712,3.153
-2.594,2.84
-2.776,3.311
-2.763,3.541
-2.792,1.809
-2.738,1.398
-3.078,1.97
-2.955,0.876
-3.112,2.277
2.799,1.535
2.699,3.272
2.62,2.094
2.562,1.467
2.296,0.803
2.368,3.094
2.24,0.573
2.137,1.256
2.078,0.879
1.784,1.348
1.91,0.738
1.811,1.934
1.665,1.081
1.688,1.168
1.682,0.068
1.552,3.392
1.564,1.439
1.509,2.167
1.372,1.296
1.309,1.84
1.366,0.463
1.229,2.157
1.362,1.351
1.369,3.291
1.069,-0.373
0.169,-0.449
0.159,-0.482
-0.818,-0.518
2.515,-0.253
2.529,-0.345
2.261,-0.496
1.865,-0.395
0.799,3.742
-3.05,3.741
1.055,0.611
-0.954,2.279
-1.576,0.066
-3.13,2.322
1.409,1.199
1.137,2.624
-0.241,0.323
-0.828,2.584
-1.836,3.301
-3.138,1.111
-3.134,1.113
3.099,2.031
2.926,2.715
2.009,2.71
1.876,3.367
1.822,2.717
1.801,2.928
1.759,2.85
1.798,3.346
1.677,2.683
0.539,2.236
-1.645,0.906
-2.214,2.367
-2.666,0.949
1.863,0.969
1.618,2.267
-2.412,-0.177
2.071,-0.458
3.042,3.863
-0.766,-0.541
-1.929,-0.55
-1.909,-0.413
-0.253,-3.14
-0.551,-0.69
-0.446,-2.419
-0.449,-1.762
-0.564,-0.219
-0.466,-1.218
-0.603,-0.61
-0.571,-0.671
-0.846,-1.742
-1.059,-0.701
-1.052,-0.524
-1.084,-1.015
-1.422,-1.728
-1.44,-1.936
-1.459,-1.536
-1.481,-0.412
-1.691,-2.416
-1.741,-0.064
-1.704,-3.273
-1.837,-2.885
-1.866,-3.767
-1.743,-1.912
-1.922,-3.033
-1.846,-0.011
-1.996,-1.674
-2.381,-0.51
-2.322,-3.161
-2.5,-2.292
-2.613,-0.574
-2.495,-0.887
-2.677,-0.416
-2.664,-0.186
-2.693,-1.918
-2.639,-2.329
-2.979,-1.757
-2.856,-2.851
-3.013,-1.45
2.898,-2.192
2.798,-0.455
2.719,-1.633
2.661,-2.26
2.395,-2.924
2.467,-0.633
2.339,-3.154
2.236,-2.471
2.177,-2.848
1.883,-2.379
2.009,-2.989
1.91,-1.793
1.764,-2.646
1.787,-2.559
1.781,-3.659
1.651,-0.335
1.663,-2.288
1.608,-1.56
1.471,-2.431
1.408,-1.887
1.465,-3.264
1.328,-1.57
1.461,-2.376
1.468,-0.436
1.168,-4.1
0.268,-4.176
0.258,-4.209
-0.719,-4.245
2.614,-3.98
2.628,-4.072
2.36,-4.223
1.964,-4.122
0.898,0.015
-2.951,0.014
1.154,-3.116
-0.855,-1.448
-1.477,-3.661
-3.031,-1.405
1.508,-2.528
1.236,-1.103
-0.142,-3.404
-0.729,-1.143
-1.737,-0.426
-3.039,-2.616
-3.035,-2.614
-3.085,-1.696
3.025,-1.012
2.108,-1.017
1.975,-0.36
1.921,-1.01
1.9,-0.799
1.858,-0.877
1.897,-0.381
1.776,-1.044
0.638,-1.491
-1.546,-2.821
-2.115,-1.36
-2.567,-2.778
1.962,-2.758
1.717,-1.46
-2.313,-3.904
2.17,-4.185
3.141,0.136
-0.667,-4.268
-1.83,-4.277
-1.81,-4.14
-0.298,2.45
-0.193,0.721
-0.196,1.378
-0.311,2.921
-0.213,1.922
-0.35,2.53
-0.318,2.469
-0.593,1.398
-0.806,2.439
-0.799,2.616
-0.831,2.125
-1.169,1.412
-1.187,1.204
-1.206,1.604
-1.228,2.728
-1.438,0.724
-1.488,3.076
-1.451,-0.133
-1.584,0.255
-1.613,-0.627
-1.49,1.228
-1.669,0.107
-1.593,3.129
-1.743,1.466
-2.128,2.63
-2.069,-0.021
-2.247,0.848
-2.36,2.566
-2.242,2.253
-2.424,2.724
-2.411,2.954
-2.44,1.222
-2.386,0.811
-2.726,1.383
-2.603,0.289
-2.76,1.69
-3.132,0.948
3.051,2.685
2.972,1.507
2.914,0.88
2.648,0.216
2.72,2.507
2.592,-0.014
2.489,0.669
2.43,0.292
2.136,0.761
2.262,0.151
2.163,1.347
2.017,0.494
2.04,0.581
2.034,-0.519
1.904,2.805
1.916,0.852
1.861,1.58
1.724,0.709
1.661,1.253
1.718,-0.124
1.581,1.57
1.714,0.764
1.721,2.704
1.421,-0.96
0.521,-1.036
0.511,-1.069
-0.466,-1.105
2.867,-0.84
2.881,-0.932
2.613,-1.083
2.217,-0.982
1.151,3.155
-2.698,3.154
1.407,0.024
-0.602,1.692
-1.224,-0.521
-2.778,1.735
1.761,0.612
1.489,2.037
0.111,-0.264
-0.476,1.997
-1.484,2.714
-2.786,0.524
-2.782,0.526
-2.832,1.444
-3.005,2.128
2.361,2.123
2.228,2.78
2.174,2.13
2.153,2.341
2.111,2.263
2.15,2.759
2.029,2.096
0.891,1.649
-1.293,0.319
-1.862,1.78
-2.314,0.362
2.215,0.382
1.97,1.68
-2.06,-0.764
2.423,-1.045
-2.889,3.276
-0.414,-1.128
-1.577,-1.137
-1.557,-1.0
0.105,-1.729
0.102,-1.072
-0.013,0.471
0.085,-0.528
-0.052,0.08
-0.02,0.019
-0.295,-1.052
-0.508,-0.011
-0.501,0.166
-0.533,-0.325
-0.871,-1.038
-0.889,-1.246
-0.908,-0.846
-0.93,0.278
-1.14,-1.726
-1.19,0.626
-1.153,-2.583
-1.286,-2.195
-1.315,-3.077
-1.192,-1.222
-1.371,-2.343
-1.295,0.679
-1.445,-0.984
-1.83,0.18
-1.771,-2.471
-1.949,-1.602
-2.062,0.116
-1.944,-0.197
-2.126,0.274
-2.113,0.504
-2.142,-1.228
-2.088,-1.639
-2.428,-1.067
-2.305,-2.161
-2.462,-0.76
-2.834,-1.502
-2.934,0.235
-3.013,-0.943
-3.071,-1.57
2.946,-2.234
3.018,0.057
2.89,-2.464
2.787,-1.781
2.728,-2.158
2.434,-1.689
2.56,-2.299
2.461,-1.103
2.315,-1.956
2.338,-1.869
2.332,-2.969
2.202,0.355
2.214,-1.598
2.159,-0.87
2.022,-1.741
1.959,-1.197
2.016,-2.574
1.879,-0.88
2.012,-1.686
2.019,0.254
1.719,-3.41
0.819,-3.486
0.809,-3.519
-0.168,-3.555
-3.118,-3.29
-3.104,-3.382
2.911,-3.533
2.515,-3.432
1.449,0.705
-2.4,0.704
1.705,-2.426
-0.304,-0.758
-0.926,-2.971
-2.48,-0.715
2.059,-1.838
1.787,-0.413
0.409,-2.714
-0.178,-0.453
-1.186,0.264
-2.488,-1.926
-2.484,-1.924
-2.534,-1.006
-2.707,-0.322
2.659,-0.327
2.526,0.33
2.472,-0.32
2.451,-0.109
2.409,-0.187
2.448,0.309
2.327,-0.354
1.189,-0.801
-0.995,-2.131
-1.564,-0.67
-2.016,-2.088
2.513,-2.068
2.268,-0.77
-1.762,-3.214
2.721,-3.495
-2.591,0.826
-0.116,-3.578
-1.279,-3.587
-1.259,-3.45
-0.003,0.657
-0.118,2.2
-0.02,1.201
-0.157,1.809
-0.125,1.748
-0.4,0.677
-0.613,1.718
-0.606,1.895
-0.638,1.404
-0.976,0.691
-0.994,0.483
-1.013,0.883
-1.035,2.007
-1.245,0.003
-1.295,2.355
-1.258,-0.854
-1.391,-0.466
-1.42,-1.348
-1.297,0.507
-1.476,-0.614
-1.4,2.408
-1.55,0.745
-1.935,1.909
-1.876,-0.742
-2.054,0.127
-2.167,1.845
-2.049,1.532
-2.231,2.003
-2.218,2.233
-2.247,0.501
-2.193,0.09
-2.533,0.662
-2.41,-0.432
-2.567,0.969
-2.939,0.227
-3.039,1.964
-3.118,0.786
3.107,0.159
2.841,-0.505
2.913,1.786
2.785,-0.735
2.682,-0.052
2.623,-0.429
2.329,0.04
2.455,-0.57
2.356,0.626
2.21,-0.227
2.233,-0.14
2.227,-1.24
2.097,2.084
2.109,0.131
2.054,0.859
1.917,-0.012
1.854,0.532
1.911,-0.845
1.774,0.849
1.907,0.043
1.914,1.983
1.614,-1.681
0.714,-1.757
0.704,-1.79
-0.273,-1.826
3.06,-1.561
3.074,-1.653
2.806,-1.804
2.41,-1.703
1.344,2.434
-2.505,2.433
1.6,-0.697
-0.409,0.971
-1.031,-1.242
-2.585,1.014
1.954,-0.109
1.682,1.316
0.304,-0.985
-0.283,1.276
-1.291,1.993
-2.593,-0.197
-2.589,-0.195
-2.639,0.723
-2.812,1.407
2.554,1.402
2.421,2.059
2.367,1.409
2.346,1.62
2.304,1.542
2.343,2.038
2.222,1.375
1.084,0.928
-1.1,-0.402
-1.669,1.059
-2.121,-0.359
2.408,-0.339
2.163,0.959
-1.867,-1.485
2.616,-1.766
-2.696,2.555
-0.221,-1.849
-1.384,-1.858
-1.364,-1.721
-0.115,1.543
-0.017,0.544
-0.154,1.152
-0.122,1.091
-0.397,0.02
-0.61,1.061
-0.603,1.238
-0.635,0.747
-0.973,0.034
-0.991,-0.174
-1.01,0.226
-1.032,1.35
-1.242,-0.654
-1.292,1.698
-1.255,-1.511
-1.388,-1.123
-1.417,-2.005
-1.294,-0.15
-1.473,-1.271
-1.397,1.751
-1.547,0.088
-1.932,1.252
-1.873,-1.399
-2.051,-0.53
-2.164,1.188
-2.046,0.875
-2.228,1.346
-2.215,1.576
-2.244,-0.156
-2.19,-0.567
-2.53,0.005
-2.407,-1.089
-2.564,0.312
-2.936,-0.43
-3.036,1.307
-3.115,0.129
3.11,-0.498
2.844,-1.162
2.916,1.129
2.788,-1.392
2.685,-0.709
2.626,-1.086
2.332,-0.617
2.458,-1.227
2.359,-0.031
2.213,-0.884
2.236,-0.797
2.23,-1.897
2.1,1.427
2.112,-0.526
2.057,0.202
1.92,-0.669
1.857,-0.125
1.914,-1.502
1.777,0.192
1.91,-0.614
1.917,1.326
1.617,-2.338
0.717,-2.414
0.707,-2.447
-0.27,-2.483
3.063,-2.218
3.077,-2.31
2.809,-2.461
2.413,-2.36
1.347,1.777
-2.502,1.776
1.603,-1.354
-0.406,0.314
-1.028,-1.899
-2.582,0.357
1.957,-0.766
1.685,0.659
0.307,-1.642
-0.28,0.619
-1.288,1.336
-2.59,-0.854
-2.586,-0.852
-2.636,0.066
-2.809,0.75
2.557,0.745
2.424,1.402
2.37,0.752
2.349,0.963
2.307,0.885
2.346,1.381
2.225,0.718
1.087,0.271
-1.097,-1.059
-1.666,0.402
-2.118,-1.016
2.411,-0.996
2.166,0.302
-1.864,-2.142
2.619,-2.423
-2.693,1.898
-0.218,-2.506
-1.381,-2.515
-1.361,-2.378
0.098,-0.999
-0.039,-0.391
-0.007,-0.452
-0.282,-1.523
-0.495,-0.482
-0.488,-0.305
-0.52,-0.796
-0.858,-1.509
-0.876,-1.717
-0.895,-1.317
-0.917,-0.193
-1.127,-2.197
-1.177,0.155
-1.14,-3.054
-1.273,-2.666
-1.302,-3.548
-1.179,-1.693
-1.358,-2.814
-1.282,0.208
-1.432,-1.455
-1.817,-0.291
-1.758,-2.942
-1.936,-2.073
-2.049,-0.355
-1.931,-0.668
-2.113,-0.197
-2.1,0.033
-2.129,-1.699
-2.075,-2.11
-2.415,-1.538
-2.292,-2.632
-2.449,-1.231
-2.821,-1.973
-2.921,-0.236
-3.0,-1.414
-3.058,-2.041
2.959,-2.705
3.031,-0.414
2.903,-2.935
2.8,-2.252
2.741,-2.629
2.447,-2.16
2.573,-2.77
2.474,-1.574
2.328,-2.427
2.351,-2.34
2.345,-3.44
2.215,-0.116
2.227,-2.069
2.172,-1.341
2.035,-2.212
1.972,-1.668
2.029,-3.045
1.892,-1.351
2.025,-2.157
2.032,-0.217
1.732,-3.881
0.832,-3.957
0.822,-3.99
-0.155,-4.026
-3.105,-3.761
-3.091,-3.853
2.924,-4.004
2.528,-3.903
1.462,0.234
-2.387,0.233
1.718,-2.897
-0.291,-1.229
-0.913,-3.442
-2.467,-1.186
2.072,-2.309
1.8,-0.884
0.422,-3.185
-0.165,-0.924
-1.173,-0.207
-2.475,-2.397
-2.471,-2.395
-2.521,-1.477
-2.694,-0.793
2.672,-0.798
2.539,-0.141
2.485,-0.791
2.464,-0.58
2.422,-0.658
2.461,-0.162
2.34,-0.825
1.202,-1.272
-0.982,-2.602
-1.551,-1.141
-2.003,-2.559
2.526,-2.539
2.281,-1.241
-1.749,-3.685
2.734,-3.966
-2.578,0.355
-0.103,-4.049
-1.266,-4.058
-1.246,-3.921
-0.137,0.608
-0.105,0.547
-0.38,-0.524
-0.593,0.517
-0.586,0.694
-0.618,0.203
-0.956,-0.51
-0.974,-0.718
-0.993,-0.318
-1.015,0.806
-1.225,-1.198
-1.275,1.154
-1.238,-2.055
-1.371,-1.667
-1.4,-2.549
-1.277,-0.694
-1.456,-1.815
-1.38,1.207
-1.53,-0.456
-1.915,0.708
-1.856,-1.943
-2.034,-1.074
-2.147,0.644
-2.029,0.331
-2.211,0.802
-2.198,1.032
-2.227,-0.7
-2.173,-1.111
-2.513,-0.539
-2.39,-1.633
-2.547,-0.232
-2.919,-0.974
-3.019,0.763
-3.098,-0.415
3.127,-1.042
2.861,-1.706
2.933,0.585
2.805,-1.936
2.702,-1.253
2.643,-1.63
2.349,-1.161
2.475,-1.771
2.376,-0.575
2.23,-1.428
2.253,-1.341
2.247,-2.441
2.117,0.883
2.129,-1.07
2.074,-0.342
1.937,-1.213
1.874,-0.669
1.931,-2.046
1.794,-0.352
1.927,-1.158
1.934,0.782
1.634,-2.882
0.734,-2.958
0.724,-2.991
-0.253,-3.027
3.08,-2.762
3.094,-2.854
2.826,-3.005
2.43,-2.904
1.364,1.233
-2.485,1.232
1.62,-1.898
-0.389,-0.23
-1.011,-2.443
-2.565,-0.187
1.974,-1.31
1.702,0.115
0.324,-2.186
-0.263,0.075
-1.271,0.792
-2.573,-1.398
-2.569,-1.396
-2.619,-0.478
-2.792,0.206
2.574,0.201
2.441,0.858
2.387,0.208
2.366,0.419
2.324,0.341
2.363,0.837
2.242,0.174
1.104,-0.273
-1.08,-1.603
-1.649,-0.142
-2.101,-1.56
2.428,-1.54
2.183,-0.242
-1.847,-2.686
2.636,-2.967
-2.676,1.354
-0.201,-3.05
-1.364,-3.059
-1.344,-2.922
0.032,-0.061
-0.243,-1.132
-0.456,-0.091
-0.449,0.086
-0.481,-0.405
-0.819,-1.118
-0.837,-1.326
-0.856,-0.926
-0.878,0.198
-1.088,-1.806
-1.138,0.546
-1.101,-2.663
-1.234,-2.275
-1.263,-3.157
-1.14,-1.302
-1.319,-2.423
-1.243,0.599
-1.393,-1.064
-1.778,0.1
-1.719,-2.551
-1.897,-1.682
-2.01,0.036
-1.892,-0.277
-2.074,0.194
-2.061,0.424
-2.09,-1.308
-2.036,-1.719
-2.376,-1.147
-2.253,-2.241
-2.41,-0.84
-2.782,-1.582
-2.882,0.155
-2.961,-1.023
-3.019,-1.65
2.998,-2.314
3.07,-0.023
2.942,-2.544
2.839,-1.861
2.78,-2.238
2.486,-1.769
2.612,-2.379
2.513,-1.183
2.367,-2.036
2.39,-1.949
2.384,-3.049
2.254,0.275
2.266,-1.678
2.211,-0.95
2.074,-1.821
2.011,-1.277
2.068,-2.654
1.931,-0.96
2.064,-1.766
2.071,0.174
1.771,-3.49
0.871,-3.566
0.861,-3.599
-0.116,-3.635
-3.066,-3.37
-3.052,-3.462
2.963,-3.613
2.567,-3.512
1.501,0.625
-2.348,0.624
1.757,-2.506
-0.252,-0.838
-0.874,-3.051
-2.428,-0.795
2.111,-1.918
1.839,-0.493
0.461,-2.794
-0.126,-0.533
-1.134,0.184
-2.436,-2.006
-2.432,-2.004
-2.482,-1.086
-2.655,-0.402
2.711,-0.407
2.578,0.25
2.524,-0.4
2.503,-0.189
2.461,-0.267
2.5,0.229
2.379,-0.434
1.241,-0.881
-0.943,-2.211
-1.512,-0.75
-1.964,-2.168
2.565,-2.148
2.32,-0.85
-1.71,-3.294
2.773,-3.575
-2.539,0.746
-0.064,-3.658
-1.227,-3.667
-1.207,-3.53
-0.275,-1.071
-0.488,-0.03
-0.481,0.147
-0.513,-0.344
-0.851,-1.057
-0.869,-1.265
-0.888,-0.865
-0.91,0.259
-1.12,-1.745
-1.17,0.607
-1.133,-2.602
-1.266,-2.214
-1.295,-3.096
-1.172,-1.241
-1.351,-2.362
-1.275,0.66
-1.425,-1.003
-1.81,0.161
-1.751,-2.49
-1.929,-1.621
-2.042,0.097
-1.924,-0.216
-2.106,0.255
-2.093,0.485
-2.122,-1.247
-2.068,-1.658
-2.408,-1.086
-2.285,-2.18
-2.442,-0.779
-2.814,-1.521
-2.914,0.216
-2.993,-0.962
-3.051,-1.589
2.966,-2.253
3.038,0.038
2.91,-2.483
2.807,-1.8
2.748,-2.177
2.454,-1.708
2.58,-2.318
2.481,-1.122
2.335,-1.975
2.358,-1.888
2.352,-2.988
2.222,0.336
2.234,-1.617
2.179,-0.889
2.042,-1.76
1.979,-1.216
2.036,-2.593
1.899,-0.899
2.032,-1.705
2.039,0.235
1.739,-3.429
0.839,-3.505
0.829,-3.538
-0.148,-3.574
-3.098,-3.309
-3.084,-3.401
2.931,-3.552
2.535,-3.451
1.469,0.686
-2.38,0.685
1.725,-2.445
-0.284,-0.777
-0.906,-2.99
-2.46,-0.734
2.079,-1.857
1.807,-0.432
0.429,-2.733
-0.158,-0.472
-1.166,0.245
-2.468,-1.945
-2.464,-1.943
-2.514,-1.025
-2.687,-0.341
2.679,-0.346
2.546,0.311
2.492,-0.339
2.471,-0.128
2.429,-0.206
2.468,0.29
2.347,-0.373
1.209,-0.82
-0.975,-2.15
-1.544,-0.689
-1.996,-2.107
2.533,-2.087
2.288,-0.789
-1.742,-3.233
2.741,-3.514
-2.571,0.807
-0.096,-3.597
-1.259,-3.606
-1.239,-3.469
-0.213,1.041
-0.206,1.218
-0.238,0.727
-0.576,0.014
-0.594,-0.194
-0.613,0.206
-0.635,1.33
-0.845,-0.674
-0.895,1.678
-0.858,-1.531
-0.991,-1.143
-1.02,-2.025
-0.897,-0.17
-1.076,-1.291
-1.0,1.731
-1.15,0.068
-1.535,1.232
-1.476,-1.419
-1.654,-0.55
-1.767,1.168
-1.649,0.855
-1.831,1.326
-1.818,1.556
-1.847,-0.176
-1.793,-0.587
-2.133,-0.015
-2.01,-1.109
-2.167,0.292
-2.539,-0.45
-2.639,1.287
-2.718,0.109
-2.776,-0.518
-3.042,-1.182
-2.97,1.109
-3.098,-1.412
3.082,-0.729
3.023,-1.106
2.729,-0.637
2.855,-1.247
2.756,-0.051
2.61,-0.904
2.633,-0.817
2.627,-1.917
2.497,1.407
2.509,-0.546
2.454,0.182
2.317,-0.689
2.254,-0.145
2.311,-1.522
2.174,0.172
2.307,-0.634
2.314,1.306
2.014,-2.358
1.114,-2.434
1.104,-2.467
0.127,-2.503
-2.823,-2.238
-2.809,-2.33
-3.077,-2.481
2.81,-2.38
1.744,1.757
-2.105,1.756
2.0,-1.374
-0.009,0.294
-0.631,-1.919
-2.185,0.337
2.354,-0.786
2.082,0.639
0.704,-1.662
0.117,0.599
-0.891,1.316
-2.193,-0.874
-2.189,-0.872
-2.239,0.046
-2.412,0.73
2.954,0.725
2.821,1.382
2.767,0.732
2.746,0.943
2.704,0.865
2.743,1.361
2.622,0.698
1.484,0.251
-0.7,-1.079
-1.269,0.382
-1.721,-1.036
2.808,-1.016
2.563,0.282
-1.467,-2.162
3.016,-2.443
-2.296,1.878
0.179,-2.526
-0.984,-2.535
-0.964,-2.398
0.007,0.177
-0.025,-0.314
-0.363,-1.027
-0.381,-1.235
-0.4,-0.835
-0.422,0.289
-0.632,-1.715
-0.682,0.637
-0.645,-2.572
-0.778,-2.184
-0.807,-3.066
-0.684,-1.211
-0.863,-2.332
-0.787,0.69
-0.937,-0.973
-1.322,0.191
-1.263,-2.46
-1.441,-1.591
-1.554,0.127
-1.436,-0.186
-1.618,0.285
-1.605,0.515
-1.634,-1.217
-1.58,-1.628
-1.92,-1.056
-1.797,-2.15
-1.954,-0.749
-2.326,-1.491
-2.426,0.246
-2.505,-0.932
-2.563,-1.559
-2.829,-2.223
-2.757,0.068
-2.885,-2.453
-2.988,-1.77
-3.047,-2.147
2.942,-1.678
3.068,-2.288
2.969,-1.092
2.823,-1.945
2.846,-1.858
2.84,-2.958
2.71,0.366
2.722,-1.587
2.667,-0.859
2.53,-1.73
2.467,-1.186
2.524,-2.563
2.387,-0.869
2.52,-1.675
2.527,0.265
2.227,-3.399
1.327,-3.475
1.317,-3.508
0.34,-3.544
-2.61,-3.279
-2.596,-3.371
-2.864,-3.522
3.023,-3.421
1.957,0.716
-1.892,0.715
2.213,-2.415
0.204,-0.747
-0.418,-2.96
-1.972,-0.704
2.567,-1.827
2.295,-0.402
0.917,-2.703
0.33,-0.442
-0.678,0.275
-1.98,-1.915
-1.976,-1.913
-2.026,-0.995
-2.199,-0.311
-3.116,-0.316
3.034,0.341
2.98,-0.309
2.959,-0.098
2.917,-0.176
2.956,0.32
2.835,-0.343
1.697,-0.79
-0.487,-2.12
-1.056,-0.659
-1.508,-2.077
3.021,-2.057
2.776,-0.759
-1.254,-3.203
-3.054,-3.484
-2.083,0.837
0.392,-3.567
-0.771,-3.576
-0.751,-3.439
-0.032,-0.491
-0.37,-1.204
-0.388,-1.412
-0.407,-1.012
-0.429,0.112
-0.639,-1.892
-0.689,0.46
-0.652,-2.749
-0.785,-2.361
-0.814,-3.243
-0.691,-1.388
-0.87,-2.509
-0.794,0.513
-0.944,-1.15
-1.329,0.014
-1.27,-2.637
-1.448,-1.768
-1.561,-0.05
-1.443,-0.363
-1.625,0.108
-1.612,0.338
-1.641,-1.394
-1.587,-1.805
-1.927,-1.233
-1.804,-2.327
-1.961,-0.926
-2.333,-1.668
-2.433,0.069
-2.512,-1.109
-2.57,-1.736
-2.836,-2.4
-2.764,-0.109
-2.892,-2.63
-2.995,-1.947
-3.054,-2.324
2.935,-1.855
3.061,-2.465
2.962,-1.269
2.816,-2.122
2.839,-2.035
2.833,-3.135
2.703,0.189
2.715,-1.764
2.66,-1.036
2.523,-1.907
2.46,-1.363
2.517,-2.74
2.38,-1.046
2.513,-1.852
2.52,0.088
2.22,-3.576
1.32,-3.652
1.31,-3.685
0.333,-3.721
-2.617,-3.456
-2.603,-3.548
-2.871,-3.699
3.016,-3.598
1.95,0.539
-1.899,0.538
2.206,-2.592
0.197,-0.924
-0.425,-3.137
-1.979,-0.881
2.56,-2.004
2.288,-0.579
0.91,-2.88
0.323,-0.619
-0.685,0.098
-1.987,-2.092
-1.983,-2.09
-2.033,-1.172
-2.206,-0.488
-3.123,-0.493
3.027,0.164
2.973,-0.486
2.952,-0.275
2.91,-0.353
2.949,0.143
2.828,-0.52
1.69,-0.967
-0.494,-2.297
-1.063,-0.836
-1.515,-2.254
3.014,-2.234
2.769,-0.936
-1.261,-3.38
-3.061,-3.661
-2.09,0.66
0.385,-3.744
-0.778,-3.753
-0.758,-3.616
-0.338,-0.713
-0.356,-0.921
-0.375,-0.521
-0.397,0.603
-0.607,-1.401
-0.657,0.951
-0.62,-2.258
-0.753,-1.87
-0.782,-2.752
-0.659,-0.897
-0.838,-2.018
-0.762,1.004
-0.912,-0.659
-1.297,0.505
-1.238,-2.146
-1.416,-1.277
-1.529,0.441
-1.411,0.128
-1.593,0.599
-1.58,0.829
-1.609,-0.903
-1.555,-1.314
-1.895,-0.742
-1.772,-1.836
-1.929,-0.435
-2.301,-1.177
-2.401,0.56
-2.48,-0.618
-2.538,-1.245
-2.804,-1.909
-2.732,0.382
-2.86,-2.139
-2.963,-1.456
-3.022,-1.833
2.967,-1.364
3.093,-1.974
2.994,-0.778
2.848,-1.631
2.871,-1.544
2.865,-2.644
2.735,0.68
2.747,-1.273
2.692,-0.545
2.555,-1.416
2.492,-0.872
2.549,-2.249
2.412,-0.555
2.545,-1.361
2.552,0.579
2.252,-3.085
1.352,-3.161
1.342,-3.194
0.365,-3.23
-2.585,-2.965
-2.571,-3.057
-2.839,-3.208
3.048,-3.107
1.982,1.03
-1.867,1.029
2.238,-2.101
0.229,-0.433
-0.393,-2.646
-1.947,-0.39
2.592,-1.513
2.32,-0.088
0.942,-2.389
0.355,-0.128
-0.653,0.589
-1.955,-1.601
-1.951,-1.599
-2.001,-0.681
-2.174,0.003
-3.091,-0.002
3.059,0.655
3.005,0.005
2.984,0.216
2.942,0.138
2.981,0.634
2.86,-0.029
1.722,-0.476
-0.462,-1.806
-1.031,-0.345
-1.483,-1.763
3.046,-1.743
2.801,-0.445
-1.229,-2.889
-3.029,-3.17
-2.058,1.151
0.417,-3.253
-0.746,-3.262
-0.726,-3.125
-0.018,-0.208
-0.037,0.192
-0.059,1.316
-0.269,-0.688
-0.319,1.664
-0.282,-1.545
-0.415,-1.157
-0.444,-2.039
-0.321,-0.184
-0.5,-1.305
-0.424,1.717
-0.574,0.054
-0.959,1.218
-0.9,-1.433
-1.078,-0.564
-1.191,1.154
-1.073,0.841
-1.255,1.312
-1.242,1.542
-1.271,-0.19
-1.217,-0.601
-1.557,-0.029
-1.434,-1.123
-1.591,0.278
-1.963,-0.464
-2.063,1.273
-2.142,0.095
-2.2,-0.532
-2.466,-1.196
-2.394,1.095
-2.522,-1.426
-2.625,-0.743
-2.684,-1.12
-2.978,-0.651
-2.852,-1.261
-2.951,-0.065
-3.097,-0.918
-3.074,-0.831
-3.08,-1.931
3.073,1.393
3.085,-0.56
3.03,0.168
2.893,-0.703
2.83,-0.159
2.887,-1.536
2.75,0.158
2.883,-0.648
2.89,1.292
2.59,-2.372
1.69,-2.448
1.68,-2.481
0.703,-2.517
-2.247,-2.252
-2.233,-2.344
-2.501,-2.495
-2.897,-2.394
2.32,1.743
-1.529,1.742
2.576,-1.388
0.567,0.28
-0.055,-1.933
-1.609,0.323
2.93,-0.8
2.658,0.625
1.28,-1.676
0.693,0.585
-0.315,1.302
-1.617,-0.888
-1.613,-0.886
-1.663,0.032
-1.836,0.716
-2.753,0.711
-2.886,1.368
-2.94,0.718
-2.961,0.929
-3.003,0.851
-2.964,1.347
-3.085,0.684
2.06,0.237
-0.124,-1.093
-0.693,0.368
-1.145,-1.05
-2.899,-1.03
3.139,0.268
-0.891,-2.176
-2.691,-2.457
-1.72,1.864
0.755,-2.54
-0.408,-2.549
-0.388,-2.412
-0.019,0.4
-0.041,1.524
-0.251,-0.48
-0.301,1.872
-0.264,-1.337
-0.397,-0.949
-0.426,-1.831
-0.303,0.024
-0.482,-1.097
-0.406,1.925
-0.556,0.262
-0.941,1.426
-0.882,-1.225
-1.06,-0.356
-1.173,1.362
-1.055,1.049
-1.237,1.52
-1.224,1.75
-1.253,0.018
-1.199,-0.393
-1.539,0.179
-1.416,-0.915
-1.573,0.486
-1.945,-0.256
-2.045,1.481
-2.124,0.303
-2.182,-0.324
-2.448,-0.988
-2.376,1.303
-2.504,-1.218
-2.607,-0.535
-2.666,-0.912
-2.96,-0.443
-2.834,-1.053
-2.933,0.143
-3.079,-0.71
-3.056,-0.623
-3.062,-1.723
3.091,1.601
3.103,-0.352
3.048,0.376
2.911,-0.495
2.848,0.049
2.905,-1.328
2.768,0.366
2.901,-0.44
2.908,1.5
2.608,-2.164
1.708,-2.24
1.698,-2.273
0.721,-2.309
-2.229,-2.044
-2.215,-2.136
-2.483,-2.287
-2.879,-2.186
2.338,1.951
-1.511,1.95
2.594,-1.18
0.585,0.488
-0.037,-1.725
-1.591,0.531
2.948,-0.592
2.676,0.833
1.298,-1.468
0.711,0.793
-0.297,1.51
-1.599,-0.68
-1.595,-0.678
-1.645,0.24
-1.818,0.924
-2.735,0.919
-2.868,1.576
-2.922,0.926
-2.943,1.137
-2.985,1.059
-2.946,1.555
-3.067,0.892
2.078,0.445
-0.106,-0.885
-0.675,0.576
-1.127,-0.842
-2.881,-0.822
-3.126,0.476
-0.873,-1.968
-2.673,-2.249
-1.702,2.072
0.773,-2.332
-0.39,-2.341
-0.37,-2.204
-0.022,1.124
-0.232,-0.88
-0.282,1.472
-0.245,-1.737
-0.378,-1.349
-0.407,-2.231
-0.284,-0.376
-0.463,-1.497
-0.387,1.525
-0.537,-0.138
-0.922,1.026
-0.863,-1.625
-1.041,-0.756
-1.154,0.962
-1.036,0.649
-1.218,1.12
-1.205,1.35
-1.234,-0.382
-1.18,-0.793
-1.52,-0.221
-1.397,-1.315
-1.554,0.086
-1.926,-0.656
-2.026,1.081
-2.105,-0.097
-2.163,-0.724
-2.429,-1.388
-2.357,0.903
-2.485,-1.618
-2.588,-0.935
-2.647,-1.312
-2.941,-0.843
-2.815,-1.453
-2.914,-0.257
-3.06,-1.11
-3.037,-1.023
-3.043,-2.123
3.11,1.201
3.122,-0.752
3.067,-0.024
2.93,-0.895
2.867,-0.351
2.924,-1.728
2.787,-0.034
2.92,-0.84
2.927,1.1
2.627,-2.564
1.727,-2.64
1.717,-2.673
0.74,-2.709
-2.21,-2.444
-2.196,-2.536
-2.464,-2.687
-2.86,-2.586
2.357,1.551
-1.492,1.55
2.613,-1.58
0.604,0.088
-0.018,-2.125
-1.572,0.131
2.967,-0.992
2.695,0.433
1.317,-1.868
0.73,0.393
-0.278,1.11
-1.58,-1.08
-1.576,-1.078
-1.626,-0.16
-1.799,0.524
-2.716,0.519
-2.849,1.176
-2.903,0.526
-2.924,0.737
-2.966,0.659
-2.927,1.155
-3.048,0.492
2.097,0.045
-0.087,-1.285
-0.656,0.176
-1.108,-1.242
-2.862,-1.222
-3.107,0.076
-0.854,-2.368
-2.654,-2.649
-1.683,1.672
0.792,-2.732
-0.371,-2.741
-0.351,-2.604
-0.21,-2.004
-0.26,0.348
-0.223,-2.861
-0.356,-2.473
-0.385,-3.355
-0.262,-1.5
-0.441,-2.621
-0.365,0.401
-0.515,-1.262
-0.9,-0.098
-0.841,-2.749
-1.019,-1.88
-1.132,-0.162
-1.014,-0.475
-1.196,-0.004
-1.183,0.226
-1.212,-1.506
-1.158,-1.917
-1.498,-1.345
-1.375,-2.439
-1.532,-1.038
-1.904,-1.78
-2.004,-0.043
-2.083,-1.221
-2.141,-1.848
-2.407,-2.512
-2.335,-0.221
-2.463,-2.742
-2.566,-2.059
-2.625,-2.436
-2.919,-1.967
-2.793,-2.577
-2.892,-1.381
-3.038,-2.234
-3.015,-2.147
-3.021,-3.247
3.132,0.077
-3.139,-1.876
3.089,-1.148
2.952,-2.019
2.889,-1.475
2.946,-2.852
2.809,-1.158
2.942,-1.964
2.949,-0.024
2.649,-3.688
1.749,-3.764
1.739,-3.797
0.762,-3.833
-2.188,-3.568
-2.174,-3.66
-2.442,-3.811
-2.838,-3.71
2.379,0.427
-1.47,0.426
2.635,-2.704
0.626,-1.036
0.004,-3.249
-1.55,-0.993
2.989,-2.116
2.717,-0.691
1.339,-2.992
0.752,-0.731
-0.256,-0.014
-1.558,-2.204
-1.554,-2.202
-1.604,-1.284
-1.777,-0.6
-2.694,-0.605
-2.827,0.052
-2.881,-0.598
-2.902,-0.387
-2.944,-0.465
-2.905,0.031
-3.026,-0.632
2.119,-1.079
-0.065,-2.409
-0.634,-0.948
-1.086,-2.366
-2.84,-2.346
-3.085,-1.048
-0.832,-3.492
-2.632,-3.773
-1.661,0.548
0.814,-3.856
-0.349,-3.865
-0.329,-3.728
-0.05,2.352
-0.013,-0.857
-0.146,-0.469
-0.175,-1.351
-0.052,0.504
-0.231,-0.617
-0.155,2.405
-0.305,0.742
-0.69,1.906
-0.631,-0.745
-0.809,0.124
-0.922,1.842
-0.804,1.529
-0.986,2.0
-0.973,2.23
-1.002,0.498
-0.948,0.087
-1.288,0.659
-1.165,-0.435
-1.322,0.966
-1.694,0.224
-1.794,1.961
-1.873,0.783
-1.931,0.156
-2.197,-0.508
-2.125,1.783
-2.253,-0.738
-2.356,-0.055
-2.415,-0.432
-2.709,0.037
-2.583,-0.573
-2.682,0.623
-2.828,-0.23
-2.805,-0.143
-2.811,-1.243
-2.941,2.081
-2.929,0.128
-2.984,0.856
-3.121,-0.015
3.099,0.529
-3.127,-0.848
3.019,0.846
-3.131,0.04
-3.124,1.98
2.859,-1.684
1.959,-1.76
1.949,-1.793
0.972,-1.829
-1.978,-1.564
-1.964,-1.656
-2.232,-1.807
-2.628,-1.706
2.589,2.431
-1.26,2.43
2.845,-0.7
0.836,0.968
0.214,-1.245
-1.34,1.011
-3.084,-0.112
2.927,1.313
1.549,-0.988
0.962,1.273
-0.046,1.99
-1.348,-0.2
-1.344,-0.198
-1.394,0.72
-1.567,1.404
-2.484,1.399
-2.617,2.056
-2.671,1.406
-2.692,1.617
-2.734,1.539
-2.695,2.035
-2.816,1.372
2.329,0.925
0.145,-0.405
-0.424,1.056
-0.876,-0.362
-2.63,-0.342
-2.875,0.956
-0.622,-1.488
-2.422,-1.769
-1.451,2.552
1.024,-1.852
-0.139,-1.861
-0.119,-1.724
0.037,-3.209
-0.096,-2.821
-0.125,-3.703
-0.002,-1.848
-0.181,-2.969
-0.105,0.053
-0.255,-1.61
-0.64,-0.446
-0.581,-3.097
-0.759,-2.228
-0.872,-0.51
-0.754,-0.823
-0.936,-0.352
-0.923,-0.122
-0.952,-1.854
-0.898,-2.265
-1.238,-1.693
-1.115,-2.787
-1.272,-1.386
-1.644,-2.128
-1.744,-0.391
-1.823,-1.569
-1.881,-2.196
-2.147,-2.86
-2.075,-0.569
-2.203,-3.09
-2.306,-2.407
-2.365,-2.784
-2.659,-2.315
-2.533,-2.925
-2.632,-1.729
-2.778,-2.582
-2.755,-2.495
-2.761,-3.595
-2.891,-0.271
-2.879,-2.224
-2.934,-1.496
-3.071,-2.367
-3.134,-1.823
-3.077,-3.2
3.069,-1.506
-3.081,-2.312
-3.074,-0.372
2.909,-4.036
2.009,-4.112
1.999,-4.145
1.022,-4.181
-1.928,-3.916
-1.914,-4.008
-2.182,-4.159
-2.578,-4.058
2.639,0.079
-1.21,0.078
2.895,-3.052
0.886,-1.384
0.264,-3.597
-1.29,-1.341
-3.034,-2.464
2.977,-1.039
1.599,-3.34
1.012,-1.079
0.004,-0.362
-1.298,-2.552
-1.294,-2.55
-1.344,-1.632
-1.517,-0.948
-2.434,-0.953
-2.567,-0.296
-2.621,-0.946
-2.642,-0.735
-2.684,-0.813
-2.645,-0.317
-2.766,-0.98
2.379,-1.427
0.195,-2.757
-0.374,-1.296
-0.826,-2.714
-2.58,-2.694
-2.825,-1.396
-0.572,-3.84
-2.372,-4.121
-1.401,0.2
1.074,-4.204
-0.089,-4.213
-0.069,-4.076
-0.133,0.388
-0.162,-0.494
-0.039,1.361
-0.218,0.24
-0.142,3.262
-0.292,1.599
-0.677,2.763
-0.618,0.112
-0.796,0.981
-0.909,2.699
-0.791,2.386
-0.973,2.857
-0.96,3.087
-0.989,1.355
-0.935,0.944
-1.275,1.516
-1.152,0.422
-1.309,1.823
-1.681,1.081
-1.781,2.818
-1.86,1.64
-1.918,1.013
-2.184,0.349
-2.112,2.64
-2.24,0.119
-2.343,0.802
-2.402,0.425
-2.696,0.894
-2.57,0.284
-2.669,1.48
-2.815,0.627
-2.792,0.714
-2.798,-0.386
-2.928,2.938
-2.916,0.985
-2.971,1.713
-3.108,0.842
3.112,1.386
-3.114,0.009
3.032,1.703
-3.118,0.897
-3.111,2.837
2.872,-0.827
1.972,-0.903
1.962,-0.936
0.985,-0.972
-1.965,-0.707
-1.951,-0.799
-2.219,-0.95
-2.615,-0.849
2.602,3.288
-1.247,3.287
2.858,0.157
0.849,1.825
0.227,-0.388
-1.327,1.868
-3.071,0.745
2.94,2.17
1.562,-0.131
0.975,2.13
-0.033,2.847
-1.335,0.657
-1.331,0.659
-1.381,1.577
-1.554,2.261
-2.471,2.256
-2.604,2.913
-2.658,2.263
-2.679,2.474
-2.721,2.396
-2.682,2.892
-2.803,2.229
2.342,1.782
0.158,0.452
-0.411,1.913
-0.863,0.495
-2.617,0.515
-2.862,1.813
-0.609,-0.631
-2.409,-0.912
-1.438,3.409
1.037,-0.995
-0.126,-1.004
-0.106,-0.867
-0.029,-0.882
0.094,0.973
-0.085,-0.148
-0.009,2.874
-0.159,1.211
-0.544,2.375
-0.485,-0.276
-0.663,0.593
-0.776,2.311
-0.658,1.998
-0.84,2.469
-0.827,2.699
-0.856,0.967
-0.802,0.556
-1.142,1.128
-1.019,0.034
-1.176,1.435
-1.548,0.693
-1.648,2.43
-1.727,1.252
-1.785,0.625
-2.051,-0.039
-1.979,2.252
-2.107,-0.269
-2.21,0.414
-2.269,0.037
-2.563,0.506
-2.437,-0.104
-2.536,1.092
-2.682,0.239
-2.659,0.326
-2.665,-0.774
-2.795,2.55
-2.783,0.597
-2.838,1.325
-2.975,0.454
-3.038,0.998
-2.981,-0.379
-3.118,1.315
-2.985,0.509
-2.978,2.449
3.005,-1.215
2.105,-1.291
2.095,-1.324
1.118,-1.36
-1.832,-1.095
-1.818,-1.187
-2.086,-1.338
-2.482,-1.237
2.735,2.9
-1.114,2.899
2.991,-0.231
0.982,1.437
0.36,-0.776
-1.194,1.48
-2.938,0.357
3.073,1.782
1.695,-0.519
1.108,1.742
0.1,2.459
-1.202,0.269
-1.198,0.271
-1.248,1.189
-1.421,1.873
-2.338,1.868
-2.471,2.525
-2.525,1.875
-2.546,2.086
-2.588,2.008
-2.549,2.504
-2.67,1.841
2.475,1.394
0.291,0.064
-0.278,1.525
-0.73,0.107
-2.484,0.127
-2.729,1.425
-0.476,-1.019
-2.276,-1.3
-1.305,3.021
1.17,-1.383
0.007,-1.392
0.027,-1.255
0.123,1.855
-0.056,0.734
0.02,3.756
-0.13,2.093
-0.515,3.257
-0.456,0.606
-0.634,1.475
-0.747,3.193
-0.629,2.88
-0.811,3.351
-0.798,3.581
-0.827,1.849
-0.773,1.438
-1.113,2.01
-0.99,0.916
-1.147,2.317
-1.519,1.575
-1.619,3.312
-1.698,2.134
-1.756,1.507
-2.022,0.843
-1.95,3.134
-2.078,0.613
-2.181,1.296
-2.24,0.919
-2.534,1.388
-2.408,0.778
-2.507,1.974
-2.653,1.121
-2.63,1.208
-2.636,0.108
-2.766,3.432
-2.754,1.479
-2.809,2.207
-2.946,1.336
-3.009,1.88
-2.952,0.503
-3.089,2.197
-2.956,1.391
-2.949,3.331
3.034,-0.333
2.134,-0.409
2.124,-0.442
1.147,-0.478
-1.803,-0.213
-1.789,-0.305
-2.057,-0.456
-2.453,-0.355
2.764,3.782
-1.085,3.781
3.02,0.651
1.011,2.319
0.389,0.106
-1.165,2.362
-2.909,1.239
3.102,2.664
1.724,0.363
1.137,2.624
0.129,3.341
-1.173,1.151
-1.169,1.153
-1.219,2.071
-1.392,2.755
-2.309,2.75
-2.442,3.407
-2.496,2.757
-2.517,2.968
-2.559,2.89
-2.52,3.386
-2.641,2.723
2.504,2.276
0.32,0.946
-0.249,2.407
-0.701,0.989
-2.455,1.009
-2.7,2.307
-0.447,-0.137
-2.247,-0.418
-1.276,3.903
1.199,-0.501
0.036,-0.51
0.056,-0.373
-0.179,-1.121
-0.103,1.901
-0.253,0.238
-0.638,1.402
-0.579,-1.249
-0.757,-0.38
-0.87,1.338
-0.752,1.025
-0.934,1.496
-0.921,1.726
-0.95,-0.006
-0.896,-0.417
-1.236,0.155
-1.113,-0.939
-1.27,0.462
-1.642,-0.28
-1.742,1.457
-1.821,0.279
-1.879,-0.348
-2.145,-1.012
-2.073,1.279
-2.201,-1.242
-2.304,-0.559
-2.363,-0.936
-2.657,-0.467
-2.531,-1.077
-2.63,0.119
-2.776,-0.734
-2.753,-0.647
-2.759,-1.747
-2.889,1.577
-2.877,-0.376
-2.932,0.352
-3.069,-0.519
-3.132,0.025
-3.075,-1.352
3.071,0.342
-3.079,-0.464
-3.072,1.476
2.911,-2.188
2.011,-2.264
2.001,-2.297
1.024,-2.333
-1.926,-2.068
-1.912,-2.16
-2.18,-2.311
-2.576,-2.21
2.641,1.927
-1.208,1.926
2.897,-1.204
0.888,0.464
0.266,-1.749
-1.288,0.507
-3.032,-0.616
2.979,0.809
1.601,-1.492
1.014,0.769
0.006,1.486
-1.296,-0.704
-1.292,-0.702
-1.342,0.216
-1.515,0.9
-2.432,0.895
-2.565,1.552
-2.619,0.902
-2.64,1.113
-2.682,1.035
-2.643,1.531
-2.764,0.868
2.381,0.421
0.197,-0.909
-0.372,0.552
-0.824,-0.866
-2.578,-0.846
-2.823,0.452
-0.57,-1.992
-2.37,-2.273
-1.399,2.048
1.076,-2.356
-0.087,-2.365
-0.067,-2.228
0.076,3.022
-0.074,1.359
-0.459,2.523
-0.4,-0.128
-0.578,0.741
-0.691,2.459
-0.573,2.146
-0.755,2.617
-0.742,2.847
-0.771,1.115
-0.717,0.704
-1.057,1.276
-0.934,0.182
-1.091,1.583
-1.463,0.841
-1.563,2.578
-1.642,1.4
-1.7,0.773
-1.966,0.109
-1.894,2.4
-2.022,-0.121
-2.125,0.562
-2.184,0.185
-2.478,0.654
-2.352,0.044
-2.451,1.24
-2.597,0.387
-2.574,0.474
-2.58,-0.626
-2.71,2.698
-2.698,0.745
-2.753,1.473
-2.89,0.602
-2.953,1.146
-2.896,-0.231
-3.033,1.463
-2.9,0.657
-2.893,2.597
3.09,-1.067
2.19,-1.143
2.18,-1.176
1.203,-1.212
-1.747,-0.947
-1.733,-1.039
-2.001,-1.19
-2.397,-1.089
2.82,3.048
-1.029,3.047
3.076,-0.083
1.067,1.585
0.445,-0.628
-1.109,1.628
-2.853,0.505
-3.125,1.93
1.78,-0.371
1.193,1.89
0.185,2.607
-1.117,0.417
-1.113,0.419
-1.163,1.337
-1.336,2.021
-2.253,2.016
-2.386,2.673
-2.44,2.023
-2.461,2.234
-2.503,2.156
-2.464,2.652
-2.585,1.989
2.56,1.542
0.376,0.212
-0.193,1.673
-0.645,0.255
-2.399,0.275
-2.644,1.573
-0.391,-0.871
-2.191,-1.152
-1.22,3.169
1.255,-1.235
0.092,-1.244
0.112,-1.107
-0.15,-1.663
-0.535,-0.499
-0.476,-3.15
-0.654,-2.281
-0.767,-0.563
-0.649,-0.876
-0.831,-0.405
-0.818,-0.175
-0.847,-1.907
-0.793,-2.318
-1.133,-1.746
-1.01,-2.84
-1.167,-1.439
-1.539,-2.181
-1.639,-0.444
-1.718,-1.622
-1.776,-2.249
-2.042,-2.913
-1.97,-0.622
-2.098,-3.143
-2.201,-2.46
-2.26,-2.837
-2.554,-2.368
-2.428,-2.978
-2.527,-1.782
-2.673,-2.635
-2.65,-2.548
-2.656,-3.648
-2.786,-0.324
-2.774,-2.277
-2.829,-1.549
-2.966,-2.42
-3.029,-1.876
-2.972,-3.253
-3.109,-1.559
-2.976,-2.365
-2.969,-0.425
3.014,-4.089
2.114,-4.165
2.104,-4.198
1.127,-4.234
-1.823,-3.969
-1.809,-4.061
-2.077,-4.212
-2.473,-4.111
2.744,0.026
-1.105,0.025
3.0,-3.105
0.991,-1.437
0.369,-3.65
-1.185,-1.394
-2.929,-2.517
3.082,-1.092
1.704,-3.393
1.117,-1.132
0.109,-0.415
-1.193,-2.605
-1.189,-2.603
-1.239,-1.685
-1.412,-1.001
-2.329,-1.006
-2.462,-0.349
-2.516,-0.999
-2.537,-0.788
-2.579,-0.866
-2.54,-0.37
-2.661,-1.033
2.484,-1.48
0.3,-2.81
-0.269,-1.349
-0.721,-2.767
-2.475,-2.747
-2.72,-1.449
-0.467,-3.893
-2.267,-4.174
-1.296,0.147
1.179,-4.257
0.016,-4.266
0.036,-4.129
-0.385,1.164
-0.326,-1.487
-0.504,-0.618
-0.617,1.1
-0.499,0.787
-0.681,1.258
-0.668,1.488
-0.697,-0.244
-0.643,-0.655
-0.983,-0.083
-0.86,-1.177
-1.017,0.224
-1.389,-0.518
-1.489,1.219
-1.568,0.041
-1.626,-0.586
-1.892,-1.25
-1.82,1.041
-1.948,-1.48
-2.051,-0.797
-2.11,-1.174
-2.404,-0.705
-2.278,-1.315
-2.377,-0.119
-2.523,-0.972
-2.5,-0.885
-2.506,-1.985
-2.636,1.339
-2.624,-0.614
-2.679,0.114
-2.816,-0.757
-2.879,-0.213
-2.822,-1.59
-2.959,0.104
-2.826,-0.702
-2.819,1.238
-3.119,-2.426
2.264,-2.502
2.254,-2.535
1.277,-2.571
-1.673,-2.306
-1.659,-2.398
-1.927,-2.549
-2.323,-2.448
2.894,1.689
-0.955,1.688
-3.133,-1.442
1.141,0.226
0.519,-1.987
-1.035,0.269
-2.779,-0.854
-3.051,0.571
1.854,-1.73
1.267,0.531
0.259,1.248
-1.043,-0.942
-1.039,-0.94
-1.089,-0.022
-1.262,0.662
-2.179,0.657
-2.312,1.314
-2.366,0.664
-2.387,0.875
-2.429,0.797
-2.39,1.293
-2.511,0.63
2.634,0.183
0.45,-1.147
-0.119,0.314
-0.571,-1.104
-2.325,-1.084
-2.57,0.214
-0.317,-2.23
-2.117,-2.511
-1.146,1.81
1.329,-2.594
0.166,-2.603
0.186,-2.466
0.059,-2.651
-0.119,-1.782
-0.232,-0.064
-0.114,-0.377
-0.296,0.094
-0.283,0.324
-0.312,-1.408
-0.258,-1.819
-0.598,-1.247
-0.475,-2.341
-0.632,-0.94
-1.004,-1.682
-1.104,0.055
-1.183,-1.123
-1.241,-1.75
-1.507,-2.414
-1.435,-0.123
-1.563,-2.644
-1.666,-1.961
-1.725,-2.338
-2.019,-1.869
-1.893,-2.479
-1.992,-1.283
-2.138,-2.136
-2.115,-2.049
-2.121,-3.149
-2.251,0.175
-2.239,-1.778
-2.294,-1.05
-2.431,-1.921
-2.494,-1.377
-2.437,-2.754
-2.574,-1.06
-2.441,-1.866
-2.434,0.074
-2.734,-3.59
2.649,-3.666
2.639,-3.699
1.662,-3.735
-1.288,-3.47
-1.274,-3.562
-1.542,-3.713
-1.938,-3.612
-3.004,0.525
-0.57,0.524
-2.748,-2.606
1.526,-0.938
0.904,-3.151
-0.65,-0.895
-2.394,-2.018
-2.666,-0.593
2.239,-2.894
1.652,-0.633
0.644,0.084
-0.658,-2.106
-0.654,-2.104
-0.704,-1.186
-0.877,-0.502
-1.794,-0.507
-1.927,0.15
-1.981,-0.5
-2.002,-0.289
-2.044,-0.367
-2.005,0.129
-2.126,-0.534
3.019,-0.981
0.835,-2.311
0.266,-0.85
-0.186,-2.268
-1.94,-2.248
-2.185,-0.95
0.068,-3.394
-1.732,-3.675
-0.761,0.646
1.714,-3.758
0.551,-3.767
0.571,-3.63
-0.178,0.869
-0.291,2.587
-0.173,2.274
-0.355,2.745
-0.342,2.975
-0.371,1.243
-0.317,0.832
-0.657,1.404
-0.534,0.31
-0.691,1.711
-1.063,0.969
-1.163,2.706
-1.242,1.528
-1.3,0.901
-1.566,0.237
-1.494,2.528
-1.622,0.007
-1.725,0.69
-1.784,0.313
-2.078,0.782
-1.952,0.172
-2.051,1.368
-2.197,0.515
-2.174,0.602
-2.18,-0.498
-2.31,2.826
-2.298,0.873
-2.353,1.601
-2.49,0.73
-2.553,1.274
-2.496,-0.103
-2.633,1.591
-2.5,0.785
-2.493,2.725
-2.793,-0.939
2.59,-1.015
2.58,-1.048
1.603,-1.084
-1.347,-0.819
-1.333,-0.911
-1.601,-1.062
-1.997,-0.961
-3.063,3.176
-0.629,3.175
-2.807,0.045
1.467,1.713
0.845,-0.5
-0.709,1.756
-2.453,0.633
-2.725,2.058
2.18,-0.243
1.593,2.018
0.585,2.735
-0.717,0.545
-0.713,0.547
-0.763,1.465
-0.936,2.149
-1.853,2.144
-1.986,2.801
-2.04,2.151
-2.061,2.362
-2.103,2.284
-2.064,2.78
-2.185,2.117
2.96,1.67
0.776,0.34
0.207,1.801
-0.245,0.383
-1.999,0.403
-2.244,1.701
0.009,-0.743
-1.791,-1.024
-0.82,3.297
1.655,-1.107
0.492,-1.116
0.512,-0.979
-0.113,1.718
0.005,1.405
-0.177,1.876
-0.164,2.106
-0.193,0.374
-0.139,-0.037
-0.479,0.535
-0.356,-0.559
-0.513,0.842
-0.885,0.1
-0.985,1.837
-1.064,0.659
-1.122,0.032
-1.388,-0.632
-1.316,1.659
-1.444,-0.862
-1.547,-0.179
-1.606,-0.556
-1.9,-0.087
-1.774,-0.697
-1.873,0.499
-2.019,-0.354
-1.996,-0.267
-2.002,-1.367
-2.132,1.957
-2.12,0.004
-2.175,0.732
-2.312,-0.139
-2.375,0.405
-2.318,-0.972
-2.455,0.722
-2.322,-0.084
-2.315,1.856
-2.615,-1.808
2.768,-1.884
2.758,-1.917
1.781,-1.953
-1.169,-1.688
-1.155,-1.78
-1.423,-1.931
-1.819,-1.83
-2.885,2.307
-0.451,2.306
-2.629,-0.824
1.645,0.844
1.023,-1.369
-0.531,0.887
-2.275,-0.236
-2.547,1.189
2.358,-1.112
1.771,1.149
0.763,1.866
-0.539,-0.324
-0.535,-0.322
-0.585,0.596
-0.758,1.28
-1.675,1.275
-1.808,1.932
-1.862,1.282
-1.883,1.493
-1.925,1.415
-1.886,1.911
-2.007,1.248
3.138,0.801
0.954,-0.529
0.385,0.932
-0.067,-0.486
-1.821,-0.466
-2.066,0.832
0.187,-1.612
-1.613,-1.893
-0.642,2.428
1.833,-1.976
0.67,-1.985
0.69,-1.848
0.118,-0.313
-0.064,0.158
-0.051,0.388
-0.08,-1.344
-0.026,-1.755
-0.366,-1.183
-0.243,-2.277
-0.4,-0.876
-0.772,-1.618
-0.872,0.119
-0.951,-1.059
-1.009,-1.686
-1.275,-2.35
-1.203,-0.059
-1.331,-2.58
-1.434,-1.897
-1.493,-2.274
-1.787,-1.805
-1.661,-2.415
-1.76,-1.219
-1.906,-2.072
-1.883,-1.985
-1.889,-3.085
-2.019,0.239
-2.007,-1.714
-2.062,-0.986
-2.199,-1.857
-2.262,-1.313
-2.205,-2.69
-2.342,-0.996
-2.209,-1.802
-2.202,0.138
-2.502,-3.526
2.881,-3.602
2.871,-3.635
1.894,-3.671
-1.056,-3.406
-1.042,-3.498
-1.31,-3.649
-1.706,-3.548
-2.772,0.589
-0.338,0.588
-2.516,-2.542
1.758,-0.874
1.136,-3.087
-0.418,-0.831
-2.162,-1.954
-2.434,-0.529
2.471,-2.83
1.884,-0.569
0.876,0.148
-0.426,-2.042
-0.422,-2.04
-0.472,-1.122
-0.645,-0.438
-1.562,-0.443
-1.695,0.214
-1.749,-0.436
-1.77,-0.225
-1.812,-0.303
-1.773,0.193
-1.894,-0.47
-3.032,-0.917
1.067,-2.247
0.498,-0.786
0.046,-2.204
-1.708,-2.184
-1.953,-0.886
0.3,-3.33
-1.5,-3.611
-0.529,0.71
1.946,-3.694
0.783,-3.703
0.803,-3.566
-0.182,0.471
-0.169,0.701
-0.198,-1.031
-0.144,-1.442
-0.484,-0.87
-0.361,-1.964
-0.518,-0.563
-0.89,-1.305
-0.99,0.432
-1.069,-0.746
-1.127,-1.373
-1.393,-2.037
-1.321,0.254
-1.449,-2.267
-1.552,-1.584
-1.611,-1.961
-1.905,-1.492
-1.779,-2.102
-1.878,-0.906
-2.024,-1.759
-2.001,-1.672
-2.007,-2.772
-2.137,0.552
-2.125,-1.401
-2.18,-0.673
-2.317,-1.544
-2.38,-1.0
-2.323,-2.377
-2.46,-0.683
-2.327,-1.489
-2.32,0.451
-2.62,-3.213
2.763,-3.289
2.753,-3.322
1.776,-3.358
-1.174,-3.093
-1.16,-3.185
-1.428,-3.336
-1.824,-3.235
-2.89,0.902
-0.456,0.901
-2.634,-2.229
1.64,-0.561
1.018,-2.774
-0.536,-0.518
-2.28,-1.641
-2.552,-0.216
2.353,-2.517
1.766,-0.256
0.758,0.461
-0.544,-1.729
-0.54,-1.727
-0.59,-0.809
-0.763,-0.125
-1.68,-0.13
-1.813,0.527
-1.867,-0.123
-1.888,0.088
-1.93,0.01
-1.891,0.506
-2.012,-0.157
3.133,-0.604
0.949,-1.934
0.38,-0.473
-0.072,-1.891
-1.826,-1.871
-2.071,-0.573
0.182,-3.017
-1.618,-3.298
-0.647,1.023
1.828,-3.381
0.665,-3.39
0.685,-3.253
0.013,0.23
-0.016,-1.502
0.038,-1.913
-0.302,-1.341
-0.179,-2.435
-0.336,-1.034
-0.708,-1.776
-0.808,-0.039
-0.887,-1.217
-0.945,-1.844
-1.211,-2.508
-1.139,-0.217
-1.267,-2.738
-1.37,-2.055
-1.429,-2.432
-1.723,-1.963
-1.597,-2.573
-1.696,-1.377
-1.842,-2.23
-1.819,-2.143
-1.825,-3.243
-1.955,0.081
-1.943,-1.872
-1.998,-1.144
-2.135,-2.015
-2.198,-1.471
-2.141,-2.848
-2.278,-1.154
-2.145,-1.96
-2.138,-0.02
-2.438,-3.684
2.945,-3.76
2.935,-3.793
1.958,-3.829
-0.992,-3.564
-0.978,-3.656
-1.246,-3.807
-1.642,-3.706
-2.708,0.431
-0.274,0.43
-2.452,-2.7
1.822,-1.032
1.2,-3.245
-0.354,-0.989
-2.098,-2.112
-2.37,-0.687
2.535,-2.988
1.948,-0.727
0.94,-0.01
-0.362,-2.2
-0.358,-2.198
-0.408,-1.28
-0.581,-0.596
-1.498,-0.601
-1.631,0.056
-1.685,-0.594
-1.706,-0.383
-1.748,-0.461
-1.709,0.035
-1.83,-0.628
-2.968,-1.075
1.131,-2.405
0.562,-0.944
0.11,-2.362
-1.644,-2.342
-1.889,-1.044
0.364,-3.488
-1.436,-3.769
-0.465,0.552
2.01,-3.852
0.847,-3.861
0.867,-3.724
-0.029,-1.732
0.025,-2.143
-0.315,-1.571
-0.192,-2.665
-0.349,-1.264
-0.721,-2.006
-0.821,-0.269
-0.9,-1.447
-0.958,-2.074
-1.224,-2.738
-1.152,-0.447
-1.28,-2.968
-1.383,-2.285
-1.442,-2.662
-1.736,-2.193
-1.61,-2.803
-1.709,-1.607
-1.855,-2.46
-1.832,-2.373
-1.838,-3.473
-1.968,-0.149
-1.956,-2.102
-2.011,-1.374
-2.148,-2.245
-2.211,-1.701
-2.154,-3.078
-2.291,-1.384
-2.158,-2.19
-2.151,-0.25
-2.451,-3.914
2.932,-3.99
2.922,-4.023
1.945,-4.059
-1.005,-3.794
-0.991,-3.886
-1.259,-4.037
-1.655,-3.936
-2.721,0.201
-0.287,0.2
-2.465,-2.93
1.809,-1.262
1.187,-3.475
-0.367,-1.219
-2.111,-2.342
-2.383,-0.917
2.522,-3.218
1.935,-0.957
0.927,-0.24
-0.375,-2.43
-0.371,-2.428
-0.421,-1.51
-0.594,-0.826
-1.511,-0.831
-1.644,-0.174
-1.698,-0.824
-1.719,-0.613
-1.761,-0.691
-1.722,-0.195
-1.843,-0.858
-2.981,-1.305
1.118,-2.635
0.549,-1.174
0.097,-2.592
-1.657,-2.572
-1.902,-1.274
0.351,-3.718
-1.449,-3.999
-0.478,0.322
1.997,-4.082
0.834,-4.091
0.854,-3.954
0.054,-0.411
-0.286,0.161
-0.163,-0.933
-0.32,0.468
-0.692,-0.274
-0.792,1.463
-0.871,0.285
-0.929,-0.342
-1.195,-1.006
-1.123,1.285
-1.251,-1.236
-1.354,-0.553
-1.413,-0.93
-1.707,-0.461
-1.581,-1.071
-1.68,0.125
-1.826,-0.728
-1.803,-0.641
-1.809,-1.741
-1.939,1.583
-1.927,-0.37
-1.982,0.358
-2.119,-0.513
-2.182,0.031
-2.125,-1.346
-2.262,0.348
-2.129,-0.458
-2.122,1.482
-2.422,-2.182
2.961,-2.258
2.951,-2.291
1.974,-2.327
-0.976,-2.062
-0.962,-2.154
-1.23,-2.305
-1.626,-2.204
-2.692,1.933
-0.258,1.932
-2.436,-1.198
1.838,0.47
1.216,-1.743
-0.338,0.513
-2.082,-0.61
-2.354,0.815
2.551,-1.486
1.964,0.775
0.956,1.492
-0.346,-0.698
-0.342,-0.696
-0.392,0.222
-0.565,0.906
-1.482,0.901
-1.615,1.558
-1.669,0.908
-1.69,1.119
-1.732,1.041
-1.693,1.537
-1.814,0.874
-2.952,0.427
1.147,-0.903
0.578,0.558
0.126,-0.86
-1.628,-0.84
-1.873,0.458
0.38,-1.986
-1.42,-2.267
-0.449,2.054
2.026,-2.35
0.863,-2.359
0.883,-2.222
-0.34,0.572
-0.217,-0.522
-0.374,0.879
-0.746,0.137
-0.846,1.874
-0.925,0.696
-0.983,0.069
-1.249,-0.595
-1.177,1.696
-1.305,-0.825
-1.408,-0.142
-1.467,-0.519
-1.761,-0.05
-1.635,-0.66
-1.734,0.536
-1.88,-0.317
-1.857,-0.23
-1.863,-1.33
-1.993,1.994
-1.981,0.041
-2.036,0.769
-2.173,-0.102
-2.236,0.442
-2.179,-0.935
-2.316,0.759
-2.183,-0.047
-2.176,1.893
-2.476,-1.771
2.907,-1.847
2.897,-1.88
1.92,-1.916
-1.03,-1.651
-1.016,-1.743
-1.284,-1.894
-1.68,-1.793
-2.746,2.344
-0.312,2.343
-2.49,-0.787
1.784,0.881
1.162,-1.332
-0.392,0.924
-2.136,-0.199
-2.408,1.226
2.497,-1.075
1.91,1.186
0.902,1.903
-0.4,-0.287
-0.396,-0.285
-0.446,0.633
-0.619,1.317
-1.536,1.312
-1.669,1.969
-1.723,1.319
-1.744,1.53
-1.786,1.452
-1.747,1.948
-1.868,1.285
-3.006,0.838
1.093,-0.492
0.524,0.969
0.072,-0.449
-1.682,-0.429
-1.927,0.869
0.326,-1.575
-1.474,-1.856
-0.503,2.465
1.972,-1.939
0.809,-1.948
0.829,-1.811
0.123,-1.094
-0.034,0.307
-0.406,-0.435
-0.506,1.302
-0.585,0.124
-0.643,-0.503
-0.909,-1.167
-0.837,1.124
-0.965,-1.397
-1.068,-0.714
-1.127,-1.091
-1.421,-0.622
-1.295,-1.232
-1.394,-0.036
-1.54,-0.889
-1.517,-0.802
-1.523,-1.902
-1.653,1.422
-1.641,-0.531
-1.696,0.197
-1.833,-0.674
-1.896,-0.13
-1.839,-1.507
-1.976,0.187
-1.843,-0.619
-1.836,1.321
-2.136,-2.343
-3.036,-2.419
-3.046,-2.452
2.26,-2.488
-0.69,-2.223
-0.676,-2.315
-0.944,-2.466
-1.34,-2.365
-2.406,1.772
0.028,1.771
-2.15,-1.359
2.124,0.309
1.502,-1.904
-0.052,0.352
-1.796,-0.771
-2.068,0.654
2.837,-1.647
2.25,0.614
1.242,1.331
-0.06,-0.859
-0.056,-0.857
-0.106,0.061
-0.279,0.745
-1.196,0.74
-1.329,1.397
-1.383,0.747
-1.404,0.958
-1.446,0.88
-1.407,1.376
-1.528,0.713
-2.666,0.266
1.433,-1.064
0.864,0.397
0.412,-1.021
-1.342,-1.001
-1.587,0.297
0.666,-2.147
-1.134,-2.428
-0.163,1.893
2.312,-2.511
1.149,-2.52
1.169,-2.383
-0.157,1.401
-0.529,0.659
-0.629,2.396
-0.708,1.218
-0.766,0.591
-1.032,-0.073
-0.96,2.218
-1.088,-0.303
-1.191,0.38
-1.25,0.003
-1.544,0.472
-1.418,-0.138
-1.517,1.058
-1.663,0.205
-1.64,0.292
-1.646,-0.808
-1.776,2.516
-1.764,0.563
-1.819,1.291
-1.956,0.42
-2.019,0.964
-1.962,-0.413
-2.099,1.281
-1.966,0.475
-1.959,2.415
-2.259,-1.249
3.124,-1.325
3.114,-1.358
2.137,-1.394
-0.813,-1.129
-0.799,-1.221
-1.067,-1.372
-1.463,-1.271
-2.529,2.866
-0.095,2.865
-2.273,-0.265
2.001,1.403
1.379,-0.81
-0.175,1.446
-1.919,0.323
-2.191,1.748
2.714,-0.553
2.127,1.708
1.119,2.425
-0.183,0.235
-0.179,0.237
-0.229,1.155
-0.402,1.839
-1.319,1.834
-1.452,2.491
-1.506,1.841
-1.527,2.052
-1.569,1.974
-1.53,2.47
-1.651,1.807
-2.789,1.36
1.31,0.03
0.741,1.491
0.289,0.073
-1.465,0.093
-1.71,1.391
0.543,-1.053
-1.257,-1.334
-0.286,2.987
2.189,-1.417
1.026,-1.426
1.046,-1.289
-0.372,-0.742
-0.472,0.995
-0.551,-0.183
-0.609,-0.81
-0.875,-1.474
-0.803,0.817
-0.931,-1.704
-1.034,-1.021
-1.093,-1.398
-1.387,-0.929
-1.261,-1.539
-1.36,-0.343
-1.506,-1.196
-1.483,-1.109
-1.489,-2.209
-1.619,1.115
-1.607,-0.838
-1.662,-0.11
-1.799,-0.981
-1.862,-0.437
-1.805,-1.814
-1.942,-0.12
-1.809,-0.926
-1.802,1.014
-2.102,-2.65
-3.002,-2.726
-3.012,-2.759
2.294,-2.795
-0.656,-2.53
-0.642,-2.622
-0.91,-2.773
-1.306,-2.672
-2.372,1.465
0.062,1.464
-2.116,-1.666
2.158,0.002
1.536,-2.211
-0.018,0.045
-1.762,-1.078
-2.034,0.347
2.871,-1.954
2.284,0.307
1.276,1.024
-0.026,-1.166
-0.022,-1.164
-0.072,-0.246
-0.245,0.438
-1.162,0.433
-1.295,1.09
-1.349,0.44
-1.37,0.651
-1.412,0.573
-1.373,1.069
-1.494,0.406
-2.632,-0.041
1.467,-1.371
0.898,0.09
0.446,-1.328
-1.308,-1.308
-1.553,-0.01
0.7,-2.454
-1.1,-2.735
-0.129,1.586
2.346,-2.818
1.183,-2.827
1.203,-2.69
-0.1,1.737
-0.179,0.559
-0.237,-0.068
-0.503,-0.732
-0.431,1.559
-0.559,-0.962
-0.662,-0.279
-0.721,-0.656
-1.015,-0.187
-0.889,-0.797
-0.988,0.399
-1.134,-0.454
-1.111,-0.367
-1.117,-1.467
-1.247,1.857
-1.235,-0.096
-1.29,0.632
-1.427,-0.239
-1.49,0.305
-1.433,-1.072
-1.57,0.622
-1.437,-0.184
-1.43,1.756
-1.73,-1.908
-2.63,-1.984
-2.64,-2.017
2.666,-2.053
-0.284,-1.788
-0.27,-1.88
-0.538,-2.031
-0.934,-1.93
-2.0,2.207
0.434,2.206
-1.744,-0.924
2.53,0.744
1.908,-1.469
0.354,0.787
-1.39,-0.336
-1.662,1.089
-3.04,-1.212
2.656,1.049
1.648,1.766
0.346,-0.424
0.35,-0.422
0.3,0.496
0.127,1.18
-0.79,1.175
-0.923,1.832
-0.977,1.182
-0.998,1.393
-1.04,1.315
-1.001,1.811
-1.122,1.148
-2.26,0.701
1.839,-0.629
1.27,0.832
0.818,-0.586
-0.936,-0.566
-1.181,0.732
1.072,-1.712
-0.728,-1.993
0.243,2.328
2.718,-2.076
1.555,-2.085
1.575,-1.948
-0.079,-1.178
-0.137,-1.805
-0.403,-2.469
-0.331,-0.178
-0.459,-2.699
-0.562,-2.016
-0.621,-2.393
-0.915,-1.924
-0.789,-2.534
-0.888,-1.338
-1.034,-2.191
-1.011,-2.104
-1.017,-3.204
-1.147,0.12
-1.135,-1.833
-1.19,-1.105
-1.327,-1.976
-1.39,-1.432
-1.333,-2.809
-1.47,-1.115
-1.337,-1.921
-1.33,0.019
-1.63,-3.645
-2.53,-3.721
-2.54,-3.754
2.766,-3.79
-0.184,-3.525
-0.17,-3.617
-0.438,-3.768
-0.834,-3.667
-1.9,0.47
0.534,0.469
-1.644,-2.661
2.63,-0.993
2.008,-3.206
0.454,-0.95
-1.29,-2.073
-1.562,-0.648
-2.94,-2.949
2.756,-0.688
1.748,0.029
0.446,-2.161
0.45,-2.159
0.4,-1.241
0.227,-0.557
-0.69,-0.562
-0.823,0.095
-0.877,-0.555
-0.898,-0.344
-0.94,-0.422
-0.901,0.074
-1.022,-0.589
-2.16,-1.036
1.939,-2.366
1.37,-0.905
0.918,-2.323
-0.836,-2.303
-1.081,-1.005
1.172,-3.449
-0.628,-3.73
0.343,0.591
2.818,-3.813
1.655,-3.822
1.675,-3.685
-0.058,-0.627
-0.324,-1.291
-0.252,1.0
-0.38,-1.521
-0.483,-0.838
-0.542,-1.215
-0.836,-0.746
-0.71,-1.356
-0.809,-0.16
-0.955,-1.013
-0.932,-0.926
-0.938,-2.026
-1.068,1.298
-1.056,-0.655
-1.111,0.073
-1.248,-0.798
-1.311,-0.254
-1.254,-1.631
-1.391,0.063
-1.258,-0.743
-1.251,1.197
-1.551,-2.467
-2.451,-2.543
-2.461,-2.576
2.845,-2.612
-0.105,-2.347
-0.091,-2.439
-0.359,-2.59
-0.755,-2.489
-1.821,1.648
0.613,1.647
-1.565,-1.483
2.709,0.185
2.087,-2.028
0.533,0.228
-1.211,-0.895
-1.483,0.53
-2.861,-1.771
2.835,0.49
1.827,1.207
0.525,-0.983
0.529,-0.981
0.479,-0.063
0.306,0.621
-0.611,0.616
-0.744,1.273
-0.798,0.623
-0.819,0.834
-0.861,0.756
-0.822,1.252
-0.943,0.589
-2.081,0.142
2.018,-1.188
1.449,0.273
0.997,-1.145
-0.757,-1.125
-1.002,0.173
1.251,-2.271
-0.549,-2.552
0.422,1.769
2.897,-2.635
1.734,-2.644
1.754,-2.507
-0.266,-0.664
-0.194,1.627
-0.322,-0.894
-0.425,-0.211
-0.484,-0.588
-0.778,-0.119
-0.652,-0.729
-0.751,0.467
-0.897,-0.386
-0.874,-0.299
-0.88,-1.399
-1.01,1.925
-0.998,-0.028
-1.053,0.7
-1.19,-0.171
-1.253,0.373
-1.196,-1.004
-1.333,0.69
-1.2,-0.116
-1.193,1.824
-1.493,-1.84
-2.393,-1.916
-2.403,-1.949
2.903,-1.985
-0.047,-1.72
-0.033,-1.812
-0.301,-1.963
-0.697,-1.862
-1.763,2.275
0.671,2.274
-1.507,-0.856
2.767,0.812
2.145,-1.401
0.591,0.855
-1.153,-0.268
-1.425,1.157
-2.803,-1.144
2.893,1.117
1.885,1.834
0.583,-0.356
0.587,-0.354
0.537,0.564
0.364,1.248
-0.553,1.243
-0.686,1.9
-0.74,1.25
-0.761,1.461
-0.803,1.383
-0.764,1.879
-0.885,1.216
-2.023,0.769
2.076,-0.561
1.507,0.9
1.055,-0.518
-0.699,-0.498
-0.944,0.8
1.309,-1.644
-0.491,-1.925
0.48,2.396
2.955,-2.008
1.792,-2.017
1.812,-1.88
0.072,2.291
-0.056,-0.23
-0.159,0.453
-0.218,0.076
-0.512,0.545
-0.386,-0.065
-0.485,1.131
-0.631,0.278
-0.608,0.365
-0.614,-0.735
-0.744,2.589
-0.732,0.636
-0.787,1.364
-0.924,0.493
-0.987,1.037
-0.93,-0.34
-1.067,1.354
-0.934,0.548
-0.927,2.488
-1.227,-1.176
-2.127,-1.252
-2.137,-1.285
-3.114,-1.321
0.219,-1.056
0.233,-1.148
-0.035,-1.299
-0.431,-1.198
-1.497,2.939
0.937,2.938
-1.241,-0.192
3.033,1.476
2.411,-0.737
0.857,1.519
-0.887,0.396
-1.159,1.821
-2.537,-0.48
-3.124,1.781
2.151,2.498
0.849,0.308
0.853,0.31
0.803,1.228
0.63,1.912
-0.287,1.907
-0.42,2.564
-0.474,1.914
-0.495,2.125
-0.537,2.047
-0.498,2.543
-0.619,1.88
-1.757,1.433
2.342,0.103
1.773,1.564
1.321,0.146
-0.433,0.166
-0.678,1.464
1.575,-0.98
-0.225,-1.261
0.746,3.06
-3.062,-1.344
2.058,-1.353
2.078,-1.216
-0.128,-2.521
-0.231,-1.838
-0.29,-2.215
-0.584,-1.746
-0.458,-2.356
-0.557,-1.16
-0.703,-2.013
-0.68,-1.926
-0.686,-3.026
-0.816,0.298
-0.804,-1.655
-0.859,-0.927
-0.996,-1.798
-1.059,-1.254
-1.002,-2.631
-1.139,-0.937
-1.006,-1.743
-0.999,0.197
-1.299,-3.467
-2.199,-3.543
-2.209,-3.576
3.097,-3.612
0.147,-3.347
0.161,-3.439
-0.107,-3.59
-0.503,-3.489
-1.569,0.648
0.865,0.647
-1.313,-2.483
2.961,-0.815
2.339,-3.028
0.785,-0.772
-0.959,-1.895
-1.231,-0.47
-2.609,-2.771
3.087,-0.51
2.079,0.207
0.777,-1.983
0.781,-1.981
0.731,-1.063
0.558,-0.379
-0.359,-0.384
-0.492,0.273
-0.546,-0.377
-0.567,-0.166
-0.609,-0.244
-0.57,0.252
-0.691,-0.411
-1.829,-0.858
2.27,-2.188
1.701,-0.727
1.249,-2.145
-0.505,-2.125
-0.75,-0.827
1.503,-3.271
-0.297,-3.552
0.674,0.769
-3.134,-3.635
1.986,-3.644
2.006,-3.507
-0.103,0.683
-0.162,0.306
-0.456,0.775
-0.33,0.165
-0.429,1.361
-0.575,0.508
-0.552,0.595
-0.558,-0.505
-0.688,2.819
-0.676,0.866
-0.731,1.594
-0.868,0.723
-0.931,1.267
-0.874,-0.11
-1.011,1.584
-0.878,0.778
-0.871,2.718
-1.171,-0.946
-2.071,-1.022
-2.081,-1.055
-3.058,-1.091
0.275,-0.826
0.289,-0.918
0.021,-1.069
-0.375,-0.968
-1.441,3.169
0.993,3.168
-1.185,0.038
3.089,1.706
2.467,-0.507
0.913,1.749
-0.831,0.626
-1.103,2.051
-2.481,-0.25
-3.068,2.011
2.207,2.728
0.905,0.538
0.909,0.54
0.859,1.458
0.686,2.142
-0.231,2.137
-0.364,2.794
-0.418,2.144
-0.439,2.355
-0.481,2.277
-0.442,2.773
-0.563,2.11
-1.701,1.663
2.398,0.333
1.829,1.794
1.377,0.376
-0.377,0.396
-0.622,1.694
1.631,-0.75
-0.169,-1.031
0.802,3.29
-3.006,-1.114
2.114,-1.123
2.134,-0.986
-0.059,-0.377
-0.353,0.092
-0.227,-0.518
-0.326,0.678
-0.472,-0.175
-0.449,-0.088
-0.455,-1.188
-0.585,2.136
-0.573,0.183
-0.628,0.911
-0.765,0.04
-0.828,0.584
-0.771,-0.793
-0.908,0.901
-0.775,0.095
-0.768,2.035
-1.068,-1.629
-1.968,-1.705
-1.978,-1.738
-2.955,-1.774
0.378,-1.509
0.392,-1.601
0.124,-1.752
-0.272,-1.651
-1.338,2.486
1.096,2.485
-1.082,-0.645
-3.091,1.023
2.57,-1.19
1.016,1.066
-0.728,-0.057
-1.0,1.368
-2.378,-0.933
-2.965,1.328
2.31,2.045
1.008,-0.145
1.012,-0.143
0.962,0.775
0.789,1.459
-0.128,1.454
-0.261,2.111
-0.315,1.461
-0.336,1.672
-0.378,1.594
-0.339,2.09
-0.46,1.427
-1.598,0.98
2.501,-0.35
1.932,1.111
1.48,-0.307
-0.274,-0.287
-0.519,1.011
1.734,-1.433
-0.066,-1.714
0.905,2.607
-2.903,-1.797
2.217,-1.806
2.237,-1.669
-0.294,0.469
-0.168,-0.141
-0.267,1.055
-0.413,0.202
-0.39,0.289
-0.396,-0.811
-0.526,2.513
-0.514,0.56
-0.569,1.288
-0.706,0.417
-0.769,0.961
-0.712,-0.416
-0.849,1.278
-0.716,0.472
-0.709,2.412
-1.009,-1.252
-1.909,-1.328
-1.919,-1.361
-2.896,-1.397
0.437,-1.132
0.451,-1.224
0.183,-1.375
-0.213,-1.274
-1.279,2.863
1.155,2.862
-1.023,-0.268
-3.032,1.4
2.629,-0.813
1.075,1.443
-0.669,0.32
-0.941,1.745
-2.319,-0.556
-2.906,1.705
2.369,2.422
1.067,0.232
1.071,0.234
1.021,1.152
0.848,1.836
-0.069,1.831
-0.202,2.488
-0.256,1.838
-0.277,2.049
-0.319,1.971
-0.28,2.467
-0.401,1.804
-1.539,1.357
2.56,0.027
1.991,1.488
1.539,0.07
-0.215,0.09
-0.46,1.388
1.793,-1.056
-0.007,-1.337
0.964,2.984
-2.844,-1.42
2.276,-1.429
2.296,-1.292
0.126,-0.61
0.027,0.586
-0.119,-0.267
-0.096,-0.18
-0.102,-1.28
-0.232,2.044
-0.22,0.091
-0.275,0.819
-0.412,-0.052
-0.475,0.492
-0.418,-0.885
-0.555,0.809
-0.422,0.003
-0.415,1.943
-0.715,-1.721
-1.615,-1.797
-1.625,-1.83
-2.602,-1.866
0.731,-1.601
0.745,-1.693
0.477,-1.844
0.081,-1.743
-0.985,2.394
1.449,2.393
-0.729,-0.737
-2.738,0.931
2.923,-1.282
1.369,0.974
-0.375,-0.149
-0.647,1.276
-2.025,-1.025
-2.612,1.236
2.663,1.953
1.361,-0.237
1.365,-0.235
1.315,0.683
1.142,1.367
0.225,1.362
0.092,2.019
0.038,1.369
0.017,1.58
-0.025,1.502
0.014,1.998
-0.107,1.335
-1.245,0.888
2.854,-0.442
2.285,1.019
1.833,-0.399
0.079,-0.379
-0.166,0.919
2.087,-1.525
0.287,-1.806
1.258,2.515
-2.55,-1.889
2.57,-1.898
2.59,-1.761
-0.099,1.196
-0.245,0.343
-0.222,0.43
-0.228,-0.67
-0.358,2.654
-0.346,0.701
-0.401,1.429
-0.538,0.558
-0.601,1.102
-0.544,-0.275
-0.681,1.419
-0.548,0.613
-0.541,2.553
-0.841,-1.111
-1.741,-1.187
-1.751,-1.22
-2.728,-1.256
0.605,-0.991
0.619,-1.083
0.351,-1.234
-0.045,-1.133
-1.111,3.004
1.323,3.003
-0.855,-0.127
-2.864,1.541
2.797,-0.672
1.243,1.584
-0.501,0.461
-0.773,1.886
-2.151,-0.415
-2.738,1.846
2.537,2.563
1.235,0.373
1.239,0.375
1.189,1.293
1.016,1.977
0.099,1.972
-0.034,2.629
-0.088,1.979
-0.109,2.19
-0.151,2.112
-0.112,2.608
-0.233,1.945
-1.371,1.498
2.728,0.168
2.159,1.629
1.707,0.211
-0.047,0.231
-0.292,1.529
1.961,-0.915
0.161,-1.196
1.132,3.125
-2.676,-1.279
2.444,-1.288
2.464,-1.151
-0.146,-0.853
-0.123,-0.766
-0.129,-1.866
-0.259,1.458
-0.247,-0.495
-0.302,0.233
-0.439,-0.638
-0.502,-0.094
-0.445,-1.471
-0.582,0.223
-0.449,-0.583
-0.442,1.357
-0.742,-2.307
-1.642,-2.383
-1.652,-2.416
-2.629,-2.452
0.704,-2.187
0.718,-2.279
0.45,-2.43
0.054,-2.329
-1.012,1.808
1.422,1.807
-0.756,-1.323
-2.765,0.345
2.896,-1.868
1.342,0.388
-0.402,-0.735
-0.674,0.69
-2.052,-1.611
-2.639,0.65
2.636,1.367
1.334,-0.823
1.338,-0.821
1.288,0.097
1.115,0.781
0.198,0.776
0.065,1.433
0.011,0.783
-0.01,0.994
-0.052,0.916
-0.013,1.412
-0.134,0.749
-1.272,0.302
2.827,-1.028
2.258,0.433
1.806,-0.985
0.052,-0.965
-0.193,0.333
2.06,-2.111
0.26,-2.392
1.231,1.929
-2.577,-2.475
2.543,-2.484
2.563,-2.347
0.023,0.087
0.017,-1.013
-0.113,2.311
-0.101,0.358
-0.156,1.086
-0.293,0.215
-0.356,0.759
-0.299,-0.618
-0.436,1.076
-0.303,0.27
-0.296,2.21
-0.596,-1.454
-1.496,-1.53
-1.506,-1.563
-2.483,-1.599
0.85,-1.334
0.864,-1.426
0.596,-1.577
0.2,-1.476
-0.866,2.661
1.568,2.66
-0.61,-0.47
-2.619,1.198
3.042,-1.015
1.488,1.241
-0.256,0.118
-0.528,1.543
-1.906,-0.758
-2.493,1.503
2.782,2.22
1.48,0.03
1.484,0.032
1.434,0.95
1.261,1.634
0.344,1.629
0.211,2.286
0.157,1.636
0.136,1.847
0.094,1.769
0.133,2.265
0.012,1.602
-1.126,1.155
2.973,-0.175
2.404,1.286
1.952,-0.132
0.198,-0.112
-0.047,1.186
2.206,-1.258
0.406,-1.539
1.377,2.782
-2.431,-1.622
2.689,-1.631
2.709,-1.494
-0.006,-1.1
-0.136,2.224
-0.124,0.271
-0.179,0.999
-0.316,0.128
-0.379,0.672
-0.322,-0.705
-0.459,0.989
-0.326,0.183
-0.319,2.123
-0.619,-1.541
-1.519,-1.617
-1.529,-1.65
-2.506,-1.686
0.827,-1.421
0.841,-1.513
0.573,-1.664
0.177,-1.563
-0.889,2.574
1.545,2.573
-0.633,-0.557
-2.642,1.111
3.019,-1.102
1.465,1.154
-0.279,0.031
-0.551,1.456
-1.929,-0.845
-2.516,1.416
2.759,2.133
1.457,-0.057
1.461,-0.055
1.411,0.863
1.238,1.547
0.321,1.542
0.188,2.199
0.134,1.549
0.113,1.76
0.071,1.682
0.11,2.178
-0.011,1.515
-1.149,1.068
2.95,-0.262
2.381,1.199
1.929,-0.219
0.175,-0.199
-0.07,1.099
2.183,-1.345
0.383,-1.626
1.354,2.695
-2.454,-1.709
2.666,-1.718
2.686,-1.581
-0.13,3.324
-0.118,1.371
-0.173,2.099
-0.31,1.228
-0.373,1.772
-0.316,0.395
-0.453,2.089
-0.32,1.283
-0.313,3.223
-0.613,-0.441
-1.513,-0.517
-1.523,-0.55
-2.5,-0.586
0.833,-0.321
0.847,-0.413
0.579,-0.564
0.183,-0.463
-0.883,3.674
1.551,3.673
-0.627,0.543
-2.636,2.211
3.025,-0.002
1.471,2.254
-0.273,1.131
-0.545,2.556
-1.923,0.255
-2.51,2.516
2.765,3.233
1.463,1.043
1.467,1.045
1.417,1.963
1.244,2.647
0.327,2.642
0.194,3.299
0.14,2.649
0.119,2.86
0.077,2.782
0.116,3.278
-0.005,2.615
-1.143,2.168
2.956,0.838
2.387,2.299
1.935,0.881
0.181,0.901
-0.064,2.199
2.189,-0.245
0.389,-0.526
1.36,3.795
-2.448,-0.609
2.672,-0.618
2.692,-0.481
0.012,-1.953
-0.043,-1.225
-0.18,-2.096
-0.243,-1.552
-0.186,-2.929
-0.323,-1.235
-0.19,-2.041
-0.183,-0.101
-0.483,-3.765
-1.383,-3.841
-1.393,-3.874
-2.37,-3.91
0.963,-3.645
0.977,-3.737
0.709,-3.888
0.313,-3.787
-0.753,0.35
1.681,0.349
-0.497,-2.781
-2.506,-1.113
-3.128,-3.326
1.601,-1.07
-0.143,-2.193
-0.415,-0.768
-1.793,-3.069
-2.38,-0.808
2.895,-0.091
1.593,-2.281
1.597,-2.279
1.547,-1.361
1.374,-0.677
0.457,-0.682
0.324,-0.025
0.27,-0.675
0.249,-0.464
0.207,-0.542
0.246,-0.046
0.125,-0.709
-1.013,-1.156
3.086,-2.486
2.517,-1.025
2.065,-2.443
0.311,-2.423
0.066,-1.125
2.319,-3.569
0.519,-3.85
1.49,0.471
-2.318,-3.933
2.802,-3.942
2.822,-3.805
-0.055,0.728
-0.192,-0.143
-0.255,0.401
-0.198,-0.976
-0.335,0.718
-0.202,-0.088
-0.195,1.852
-0.495,-1.812
-1.395,-1.888
-1.405,-1.921
-2.382,-1.957
0.951,-1.692
0.965,-1.784
0.697,-1.935
0.301,-1.834
-0.765,2.303
1.669,2.302
-0.509,-0.828
-2.518,0.84
-3.14,-1.373
1.589,0.883
-0.155,-0.24
-0.427,1.185
-1.805,-1.116
-2.392,1.145
2.883,1.862
1.581,-0.328
1.585,-0.326
1.535,0.592
1.362,1.276
0.445,1.271
0.312,1.928
0.258,1.278
0.237,1.489
0.195,1.411
0.234,1.907
0.113,1.244
-1.025,0.797
3.074,-0.533
2.505,0.928
2.053,-0.49
0.299,-0.47
0.054,0.828
2.307,-1.616
0.507,-1.897
1.478,2.424
-2.33,-1.98
2.79,-1.989
2.81,-1.852
-0.137,-0.871
-0.2,-0.327
-0.143,-1.704
-0.28,-0.01
-0.147,-0.816
-0.14,1.124
-0.44,-2.54
-1.34,-2.616
-1.35,-2.649
-2.327,-2.685
1.006,-2.42
1.02,-2.512
0.752,-2.663
0.356,-2.562
-0.71,1.575
1.724,1.574
-0.454,-1.556
-2.463,0.112
-3.085,-2.101
1.644,0.155
-0.1,-0.968
-0.372,0.457
-1.75,-1.844
-2.337,0.417
2.938,1.134
1.636,-1.056
1.64,-1.054
1.59,-0.136
1.417,0.548
0.5,0.543
0.367,1.2
0.313,0.55
0.292,0.761
0.25,0.683
0.289,1.179
0.168,0.516
-0.97,0.069
3.129,-1.261
2.56,0.2
2.108,-1.218
0.354,-1.198
0.109,0.1
2.362,-2.344
0.562,-2.625
1.533,1.696
-2.275,-2.708
2.845,-2.717
2.865,-2.58
-0.063,0.544
-0.006,-0.833
-0.143,0.861
-0.01,0.055
-0.003,1.995
-0.303,-1.669
-1.203,-1.745
-1.213,-1.778
-2.19,-1.814
1.143,-1.549
1.157,-1.641
0.889,-1.792
0.493,-1.691
-0.573,2.446
1.861,2.445
-0.317,-0.685
-2.326,0.983
-2.948,-1.23
1.781,1.026
0.037,-0.097
-0.235,1.328
-1.613,-0.973
-2.2,1.288
3.075,2.005
1.773,-0.185
1.777,-0.183
1.727,0.735
1.554,1.419
0.637,1.414
0.504,2.071
0.45,1.421
0.429,1.632
0.387,1.554
0.426,2.05
0.305,1.387
-0.833,0.94
-3.017,-0.39
2.697,1.071
2.245,-0.347
0.491,-0.327
0.246,0.971
2.499,-1.473
0.699,-1.754
1.67,2.567
-2.138,-1.837
2.982,-1.846
3.002,-1.709
0.057,-1.377
-0.08,0.317
0.053,-0.489
0.06,1.451
-0.24,-2.213
-1.14,-2.289
-1.15,-2.322
-2.127,-2.358
1.206,-2.093
1.22,-2.185
0.952,-2.336
0.556,-2.235
-0.51,1.902
1.924,1.901
-0.254,-1.229
-2.263,0.439
-2.885,-1.774
1.844,0.482
0.1,-0.641
-0.172,0.784
-1.55,-1.517
-2.137,0.744
3.138,1.461
1.836,-0.729
1.84,-0.727
1.79,0.191
1.617,0.875
0.7,0.87
0.567,1.527
0.513,0.877
0.492,1.088
0.45,1.01
0.489,1.506
0.368,0.843
-0.77,0.396
-2.954,-0.934
2.76,0.527
2.308,-0.891
0.554,-0.871
0.309,0.427
2.562,-2.017
0.762,-2.298
1.733,2.023
-2.075,-2.381
3.045,-2.39
3.065,-2.253
-0.137,1.694
-0.004,0.888
0.003,2.828
-0.297,-0.836
-1.197,-0.912
-1.207,-0.945
-2.184,-0.981
1.149,-0.716
1.163,-0.808
0.895,-0.959
0.499,-0.858
-0.567,3.279
1.867,3.278
-0.311,0.148
-2.32,1.816
-2.942,-0.397
1.787,1.859
0.043,0.736
-0.229,2.161
-1.607,-0.14
-2.194,2.121
3.081,2.838
1.779,0.648
1.783,0.65
1.733,1.568
1.56,2.252
0.643,2.247
0.51,2.904
0.456,2.254
0.435,2.465
0.393,2.387
0.432,2.883
0.311,2.22
-0.827,1.773
-3.011,0.443
2.703,1.904
2.251,0.486
0.497,0.506
0.252,1.804
2.505,-0.64
0.705,-0.921
1.676,3.4
-2.132,-1.004
2.988,-1.013
3.008,-0.876
0.133,-0.806
0.14,1.134
-0.16,-2.53
-1.06,-2.606
-1.07,-2.639
-2.047,-2.675
1.286,-2.41
1.3,-2.502
1.032,-2.653
0.636,-2.552
-0.43,1.585
2.004,1.584
-0.174,-1.546
-2.183,0.122
-2.805,-2.091
1.924,0.165
0.18,-0.958
-0.092,0.467
-1.47,-1.834
-2.057,0.427
-3.065,1.144
1.916,-1.046
1.92,-1.044
1.87,-0.126
1.697,0.558
0.78,0.553
0.647,1.21
0.593,0.56
0.572,0.771
0.53,0.693
0.569,1.189
0.448,0.526
-0.69,0.079
-2.874,-1.251
2.84,0.21
2.388,-1.208
0.634,-1.188
0.389,0.11
2.642,-2.334
0.842,-2.615
1.813,1.706
-1.995,-2.698
3.125,-2.707
-3.138,-2.57
0.007,1.94
-0.293,-1.724
-1.193,-1.8
-1.203,-1.833
-2.18,-1.869
1.153,-1.604
1.167,-1.696
0.899,-1.847
0.503,-1.746
-0.563,2.391
1.871,2.39
-0.307,-0.74
-2.316,0.928
-2.938,-1.285
1.791,0.971
0.047,-0.152
-0.225,1.273
-1.603,-1.028
-2.19,1.233
3.085,1.95
1.783,-0.24
1.787,-0.238
1.737,0.68
1.564,1.364
0.647,1.359
0.514,2.016
0.46,1.366
0.439,1.577
0.397,1.499
0.436,1.995
0.315,1.332
-0.823,0.885
-3.007,-0.445
2.707,1.016
2.255,-0.402
0.501,-0.382
0.256,0.916
2.509,-1.528
0.709,-1.809
1.68,2.512
-2.128,-1.892
2.992,-1.901
3.012,-1.764
-0.3,-3.664
-1.2,-3.74
-1.21,-3.773
-2.187,-3.809
1.146,-3.544
1.16,-3.636
0.892,-3.787
0.496,-3.686
-0.57,0.451
1.864,0.45
-0.314,-2.68
-2.323,-1.012
-2.945,-3.225
1.784,-0.969
0.04,-2.092
-0.232,-0.667
-1.61,-2.968
-2.197,-0.707
3.078,0.01
1.776,-2.18
1.78,-2.178
1.73,-1.26
1.557,-0.576
0.64,-0.581
0.507,0.076
0.453,-0.574
0.432,-0.363
0.39,-0.441
0.429,0.055
0.308,-0.608
-0.83,-1.055
-3.014,-2.385
2.7,-0.924
2.248,-2.342
0.494,-2.322
0.249,-1.024
2.502,-3.468
0.702,-3.749
1.673,0.572
-2.135,-3.832
2.985,-3.841
3.005,-3.704
-0.9,-0.076
-0.91,-0.109
-1.887,-0.145
1.446,0.12
1.46,0.028
1.192,-0.123
0.796,-0.022
-0.27,4.115
2.164,4.114
-0.014,0.984
-2.023,2.652
-2.645,0.439
2.084,2.695
0.34,1.572
0.068,2.997
-1.31,0.696
-1.897,2.957
-2.905,3.674
2.076,1.484
2.08,1.486
2.03,2.404
1.857,3.088
0.94,3.083
0.807,3.74
0.753,3.09
0.732,3.301
0.69,3.223
0.729,3.719
0.608,3.056
-0.53,2.609
-2.714,1.279
3.0,2.74
2.548,1.322
0.794,1.342
0.549,2.64
2.802,0.196
1.002,-0.085
1.973,4.236
-1.835,-0.168
-2.998,-0.177
-2.978,-0.04
-0.01,-0.033
-0.987,-0.069
2.346,0.196
2.36,0.104
2.092,-0.047
1.696,0.054
0.63,4.191
3.064,4.19
0.886,1.06
-1.123,2.728
-1.745,0.515
2.984,2.771
1.24,1.648
0.968,3.073
-0.41,0.772
-0.997,3.033
-2.005,3.75
2.976,1.56
2.98,1.562
2.93,2.48
2.757,3.164
1.84,3.159
1.707,3.816
1.653,3.166
1.632,3.377
1.59,3.299
1.629,3.795
1.508,3.132
0.37,2.685
-1.814,1.355
-2.383,2.816
-2.835,1.398
1.694,1.418
1.449,2.716
-2.581,0.272
1.902,-0.009
2.873,4.312
-0.935,-0.092
-2.098,-0.101
-2.078,0.036
-0.977,-0.036
2.356,0.229
2.37,0.137
2.102,-0.014
1.706,0.087
0.64,4.224
3.074,4.223
0.896,1.093
-1.113,2.761
-1.735,0.548
2.994,2.804
1.25,1.681
0.978,3.106
-0.4,0.805
-0.987,3.066
-1.995,3.783
2.986,1.593
2.99,1.595
2.94,2.513
2.767,3.197
1.85,3.192
1.717,3.849
1.663,3.199
1.642,3.41
1.6,3.332
1.639,3.828
1.518,3.165
0.38,2.718
-1.804,1.388
-2.373,2.849
-2.825,1.431
1.704,1.451
1.459,2.749
-2.571,0.305
1.912,0.024
2.883,4.345
-0.925,-0.059
-2.088,-0.068
-2.068,0.069
-2.95,0.265
-2.936,0.173
3.079,0.022
2.683,0.123
1.617,4.26
-2.232,4.259
1.873,1.129
-0.136,2.797
-0.758,0.584
-2.312,2.84
2.227,1.717
1.955,3.142
0.577,0.841
-0.01,3.102
-1.018,3.819
-2.32,1.629
-2.316,1.631
-2.366,2.549
-2.539,3.233
2.827,3.228
2.694,3.885
2.64,3.235
2.619,3.446
2.577,3.368
2.616,3.864
2.495,3.201
1.357,2.754
-0.827,1.424
-1.396,2.885
-1.848,1.467
2.681,1.487
2.436,2.785
-1.594,0.341
2.889,0.06
-2.423,4.381
0.052,-0.023
-1.111,-0.032
-1.091,0.105
0.014,-0.092
-0.254,-0.243
-0.65,-0.142
-1.716,3.995
0.718,3.994
-1.46,0.864
2.814,2.532
2.192,0.319
0.638,2.575
-1.106,1.452
-1.378,2.877
-2.756,0.576
2.94,2.837
1.932,3.554
0.63,1.364
0.634,1.366
0.584,2.284
0.411,2.968
-0.506,2.963
-0.639,3.62
-0.693,2.97
-0.714,3.181
-0.756,3.103
-0.717,3.599
-0.838,2.936
-1.976,2.489
2.123,1.159
1.554,2.62
1.102,1.202
-0.652,1.222
-0.897,2.52
1.356,0.076
-0.444,-0.205
0.527,4.116
3.002,-0.288
1.839,-0.297
1.859,-0.16
-0.268,-0.151
-0.664,-0.05
-1.73,4.087
0.704,4.086
-1.474,0.956
2.8,2.624
2.178,0.411
0.624,2.667
-1.12,1.544
-1.392,2.969
-2.77,0.668
2.926,2.929
1.918,3.646
0.616,1.456
0.62,1.458
0.57,2.376
0.397,3.06
-0.52,3.055
-0.653,3.712
-0.707,3.062
-0.728,3.273
-0.77,3.195
-0.731,3.691
-0.852,3.028
-1.99,2.581
2.109,1.251
1.54,2.712
1.088,1.294
-0.666,1.314
-0.911,2.612
1.342,0.168
-0.458,-0.113
0.513,4.208
2.988,-0.196
1.825,-0.205
1.845,-0.068
-0.396,0.101
-1.462,4.238
0.972,4.237
-1.206,1.107
3.068,2.775
2.446,0.562
0.892,2.818
-0.852,1.695
-1.124,3.12
-2.502,0.819
-3.089,3.08
2.186,3.797
0.884,1.607
0.888,1.609
0.838,2.527
0.665,3.211
-0.252,3.206
-0.385,3.863
-0.439,3.213
-0.46,3.424
-0.502,3.346
-0.463,3.842
-0.584,3.179
-1.722,2.732
2.377,1.402
1.808,2.863
1.356,1.445
-0.398,1.465
-0.643,2.763
1.61,0.319
-0.19,0.038
0.781,4.359
-3.027,-0.045
2.093,-0.054
2.113,0.083
-1.066,4.137
1.368,4.136
-0.81,1.006
-2.819,2.674
2.842,0.461
1.288,2.717
-0.456,1.594
-0.728,3.019
-2.106,0.718
-2.693,2.979
2.582,3.696
1.28,1.506
1.284,1.508
1.234,2.426
1.061,3.11
0.144,3.105
0.011,3.762
-0.043,3.112
-0.064,3.323
-0.106,3.245
-0.067,3.741
-0.188,3.078
-1.326,2.631
2.773,1.301
2.204,2.762
1.752,1.344
-0.002,1.364
-0.247,2.662
2.006,0.218
0.206,-0.063
1.177,4.258
-2.631,-0.146
2.489,-0.155
2.509,-0.018
2.434,-0.001
0.256,-3.131
-1.753,-1.463
-2.375,-3.676
2.354,-1.42
0.61,-2.543
0.338,-1.118
-1.04,-3.419
-1.627,-1.158
-2.635,-0.441
2.346,-2.631
2.35,-2.629
2.3,-1.711
2.127,-1.027
1.21,-1.032
1.077,-0.375
1.023,-1.025
1.002,-0.814
0.96,-0.892
0.999,-0.396
0.878,-1.059
-0.26,-1.506
-2.444,-2.836
-3.013,-1.375
2.818,-2.793
1.064,-2.773
0.819,-1.475
3.072,-3.919
1.272,-4.2
2.243,0.121
-1.565,-4.283
-2.728,-4.292
-2.708,-4.155
-2.178,-3.13
2.096,-1.462
1.474,-3.675
-0.08,-1.419
-1.824,-2.542
-2.096,-1.117
2.809,-3.418
2.222,-1.157
1.214,-0.44
-0.088,-2.63
-0.084,-2.628
-0.134,-1.71
-0.307,-1.026
-1.224,-1.031
-1.357,-0.374
-1.411,-1.024
-1.432,-0.813
-1.474,-0.891
-1.435,-0.395
-1.556,-1.058
-2.694,-1.505
1.405,-2.835
0.836,-1.374
0.384,-2.792
-1.37,-2.772
-1.615,-1.474
0.638,-3.918
-1.162,-4.199
-0.191,0.122
2.284,-4.282
1.121,-4.291
1.141,-4.154
-2.009,1.668
-2.631,-0.545
2.098,1.711
0.354,0.588
0.082,2.013
-1.296,-0.288
-1.883,1.973
-2.891,2.69
2.09,0.5
2.094,0.502
2.044,1.42
1.871,2.104
0.954,2.099
0.821,2.756
0.767,2.106
0.746,2.317
0.704,2.239
0.743,2.735
0.622,2.072
-0.516,1.625
-2.7,0.295
3.014,1.756
2.562,0.338
0.808,0.358
0.563,1.656
2.816,-0.788
1.016,-1.069
1.987,3.252
-1.821,-1.152
-2.984,-1.161
-2.964,-1.024
-0.622,-2.213
-2.176,0.043
2.363,-1.08
2.091,0.345
0.713,-1.956
0.126,0.305
-0.882,1.022
-2.184,-1.168
-2.18,-1.166
-2.23,-0.248
-2.403,0.436
2.963,0.431
2.83,1.088
2.776,0.438
2.755,0.649
2.713,0.571
2.752,1.067
2.631,0.404
1.493,-0.043
-0.691,-1.373
-1.26,0.088
-1.712,-1.33
2.817,-1.31
2.572,-0.012
-1.458,-2.456
3.025,-2.737
-2.287,1.584
0.188,-2.82
-0.975,-2.829
-0.955,-2.692
-1.554,2.256
2.985,1.133
2.713,2.558
1.335,0.257
0.748,2.518
-0.26,3.235
-1.562,1.045
-1.558,1.047
-1.608,1.965
-1.781,2.649
-2.698,2.644
-2.831,3.301
-2.885,2.651
-2.906,2.862
-2.948,2.784
-2.909,3.28
-3.03,2.617
2.115,2.17
-0.069,0.84
-0.638,2.301
-1.09,0.883
-2.844,0.903
-3.089,2.201
-0.836,-0.243
-2.636,-0.524
-1.665,3.797
0.81,-0.607
-0.353,-0.616
-0.333,-0.479
-1.744,-1.123
-2.016,0.302
2.889,-1.999
2.302,0.262
1.294,0.979
-0.008,-1.211
-0.004,-1.209
-0.054,-0.291
-0.227,0.393
-1.144,0.388
-1.277,1.045
-1.331,0.395
-1.352,0.606
-1.394,0.528
-1.355,1.024
-1.476,0.361
-2.614,-0.086
1.485,-1.416
0.916,0.045
0.464,-1.373
-1.29,-1.353
-1.535,-0.055
0.718,-2.499
-1.082,-2.78
-0.111,1.541
2.364,-2.863
1.201,-2.872
1.221,-2.735
-0.272,1.425
-1.65,-0.876
-2.237,1.385
3.038,2.102
1.736,-0.088
1.74,-0.086
1.69,0.832
1.517,1.516
0.6,1.511
0.467,2.168
0.413,1.518
0.392,1.729
0.35,1.651
0.389,2.147
0.268,1.484
-0.87,1.037
-3.054,-0.293
2.66,1.168
2.208,-0.25
0.454,-0.23
0.209,1.068
2.462,-1.376
0.662,-1.657
1.633,2.664
-2.175,-1.74
2.945,-1.749
2.965,-1.612
-1.378,-2.301
-1.965,-0.04
-2.973,0.677
2.008,-1.513
2.012,-1.511
1.962,-0.593
1.789,0.091
0.872,0.086
0.739,0.743
0.685,0.093
0.664,0.304
0.622,0.226
0.661,0.722
0.54,0.059
-0.598,-0.388
-2.782,-1.718
2.932,-0.257
2.48,-1.675
0.726,-1.655
0.481,-0.357
2.734,-2.801
0.934,-3.082
1.905,1.239
-1.903,-3.165
-3.066,-3.174
-3.046,-3.037
-0.587,2.261
-1.595,2.978
-2.897,0.788
-2.893,0.79
-2.943,1.708
-3.116,2.392
2.25,2.387
2.117,3.044
2.063,2.394
2.042,2.605
2.0,2.527
2.039,3.023
1.918,2.36
0.78,1.913
-1.404,0.583
-1.973,2.044
-2.425,0.626
2.104,0.646
1.859,1.944
-2.171,-0.5
2.312,-0.781
-3.0,3.54
-0.525,-0.864
-1.688,-0.873
-1.668,-0.736
-1.008,0.717
-2.31,-1.473
-2.306,-1.471
-2.356,-0.553
-2.529,0.131
2.837,0.126
2.704,0.783
2.65,0.133
2.629,0.344
2.587,0.266
2.626,0.762
2.505,0.099
1.367,-0.348
-0.817,-1.678
-1.386,-0.217
-1.838,-1.635
2.691,-1.615
2.446,-0.317
-1.584,-2.761
2.899,-3.042
-2.413,1.279
0.062,-3.125
-1.101,-3.134
-1.081,-2.997
-1.302,-2.19
-1.298,-2.188
-1.348,-1.27
-1.521,-0.586
-2.438,-0.591
-2.571,0.066
-2.625,-0.584
-2.646,-0.373
-2.688,-0.451
-2.649,0.045
-2.77,-0.618
2.375,-1.065
0.191,-2.395
-0.378,-0.934
-0.83,-2.352
-2.584,-2.332
-2.829,-1.034
-0.576,-3.478
-2.376,-3.759
-1.405,0.562
1.07,-3.842
-0.093,-3.851
-0.073,-3.714
0.004,0.002
-0.046,0.92
-0.219,1.604
-1.136,1.599
-1.269,2.256
-1.323,1.606
-1.344,1.817
-1.386,1.739
-1.347,2.235
-1.468,1.572
-2.606,1.125
1.493,-0.205
0.924,1.256
0.472,-0.162
-1.282,-0.142
-1.527,1.156
0.726,-1.288
-1.074,-1.569
-0.103,2.752
2.372,-1.652
1.209,-1.661
1.229,-1.524
-0.05,0.918
-0.223,1.602
-1.14,1.597
-1.273,2.254
-1.327,1.604
-1.348,1.815
-1.39,1.737
-1.351,2.233
-1.472,1.57
-2.61,1.123
1.489,-0.207
0.92,1.254
0.468,-0.164
-1.286,-0.144
-1.531,1.154
0.722,-1.29
-1.078,-1.571
-0.107,2.75
2.368,-1.654
1.205,-1.663
1.225,-1.526
-0.173,0.684
-1.09,0.679
-1.223,1.336
-1.277,0.686
-1.298,0.897
-1.34,0.819
-1.301,1.315
-1.422,0.652
-2.56,0.205
1.539,-1.125
0.97,0.336
0.518,-1.082
-1.236,-1.062
-1.481,0.236
0.772,-2.208
-1.028,-2.489
-0.057,1.832
2.418,-2.572
1.255,-2.581
1.275,-2.444
-0.917,-0.005
-1.05,0.652
-1.104,0.002
-1.125,0.213
-1.167,0.135
-1.128,0.631
-1.249,-0.032
-2.387,-0.479
1.712,-1.809
1.143,-0.348
0.691,-1.766
-1.063,-1.746
-1.308,-0.448
0.945,-2.892
-0.855,-3.173
0.116,1.148
2.591,-3.256
1.428,-3.265
1.448,-3.128
-0.133,0.657
-0.187,0.007
-0.208,0.218
-0.25,0.14
-0.211,0.636
-0.332,-0.027
-1.47,-0.474
2.629,-1.804
2.06,-0.343
1.608,-1.761
-0.146,-1.741
-0.391,-0.443
1.862,-2.887
0.062,-3.168
1.033,1.153
-2.775,-3.251
2.345,-3.26
2.365,-3.123
-0.054,-0.65
-0.075,-0.439
-0.117,-0.517
-0.078,-0.021
-0.199,-0.684
-1.337,-1.131
2.762,-2.461
2.193,-1.0
1.741,-2.418
-0.013,-2.398
-0.258,-1.1
1.995,-3.544
0.195,-3.825
1.166,0.496
-2.642,-3.908
2.478,-3.917
2.498,-3.78
-0.021,0.211
-0.063,0.133
-0.024,0.629
-0.145,-0.034
-1.283,-0.481
2.816,-1.811
2.247,-0.35
1.795,-1.768
0.041,-1.748
-0.204,-0.45
2.049,-2.894
0.249,-3.175
1.22,1.146
-2.588,-3.258
2.532,-3.267
2.552,-3.13
-0.042,-0.078
-0.003,0.418
-0.124,-0.245
-1.262,-0.692
2.837,-2.022
2.268,-0.561
1.816,-1.979
0.062,-1.959
-0.183,-0.661
2.07,-3.105
0.27,-3.386
1.241,0.935
-2.567,-3.469
2.553,-3.478
2.573,-3.341
0.039,0.496
-0.082,-0.167
-1.22,-0.614
2.879,-1.944
2.31,-0.483
1.858,-1.901
0.104,-1.881
-0.141,-0.583
2.112,-3.027
0.312,-3.308
1.283,1.013
-2.525,-3.391
2.595,-3.4
2.615,-3.263
-0.121,-0.663
-1.259,-1.11
2.84,-2.44
2.271,-0.979
1.819,-2.397
0.065,-2.377
-0.18,-1.079
2.073,-3.523
0.273,-3.804
1.244,0.517
-2.564,-3.887
2.556,-3.896
2.576,-3.759
-1.138,-0.447
2.961,-1.777
2.392,-0.316
1.94,-1.734
0.186,-1.714
-0.059,-0.416
2.194,-2.86
0.394,-3.141
1.365,1.18
-2.443,-3.224
2.677,-3.233
2.697,-3.096
-2.184,-1.33
-2.753,0.131
3.078,-1.287
1.324,-1.267
1.079,0.031
-2.951,-2.413
1.532,-2.694
2.503,1.627
-1.305,-2.777
-2.468,-2.786
-2.448,-2.649
-0.569,1.461
-1.021,0.043
-2.775,0.063
-3.02,1.361
-0.767,-1.083
-2.567,-1.364
-1.596,2.957
0.879,-1.447
-0.284,-1.456
-0.264,-1.319
-0.452,-1.418
-2.206,-1.398
-2.451,-0.1
-0.198,-2.544
-1.998,-2.825
-1.027,1.496
1.448,-2.908
0.285,-2.917
0.305,-2.78
-1.754,0.02
-1.999,1.318
0.254,-1.126
-1.546,-1.407
-0.575,2.914
1.9,-1.49
0.737,-1.499
0.757,-1.362
-0.245,1.298
2.008,-1.146
0.208,-1.427
1.179,2.894
-2.629,-1.51
2.491,-1.519
2.511,-1.382
2.253,-2.444
0.453,-2.725
1.424,1.596
-2.384,-2.808
2.736,-2.817
2.756,-2.68
-1.8,-0.281
-0.829,4.04
1.646,-0.364
0.483,-0.373
0.503,-0.236
0.971,4.321
-2.837,-0.083
2.283,-0.092
2.303,0.045
2.475,-4.404
1.312,-4.413
1.332,-4.276
-1.163,-0.009
-1.143,0.128
0.02,0.137
