-0.011,-1.114
-0.101,-3.118
-0.106,-0.044
-0.099,0.371
-0.112,-3.219
-0.218,-2.52
-0.144,-1.503
-0.16,-2.365
-0.231,-0.75
-0.212,-2.283
-0.236,-0.608
-0.246,-0.89
-0.261,-0.219
-0.358,-2.544
-0.538,-2.375
-0.535,-2.441
-0.605,-2.467
-0.561,-2.377
-0.586,-0.958
-0.604,-2.203
-0.688,-0.867
-0.614,0.261
-0.652,-3.21
-0.657,-0.991
-0.75,0.146
-0.715,-0.715
-0.822,-1.994
-0.871,-1.619
-0.874,-2.569
-0.875,-2.487
-0.972,0.068
-1.001,-3.115
-1.095,-2.999
-1.137,0.034
-1.265,0.381
-1.263,-2.652
-1.295,-0.972
-1.248,-0.58
-1.373,-1.627
-1.368,0.379
-1.536,-1.069
-1.617,-2.096
-1.64,-1.053
-1.753,-2.052
-1.754,-1.466
-1.716,-0.515
-1.777,-2.675
-1.708,-1.566
-1.72,-2.292
-1.835,-2.098
-1.94,-0.002
-1.943,-1.732
-1.941,-2.824
-1.972,-0.41
-2.048,0.504
-2.026,-0.607
-2.172,0.555
-2.185,-1.3
-2.124,0.545
-2.281,0.236
-2.312,-0.488
-2.27,-2.493
-2.302,-1.02
-2.381,-1.579
-2.401,-0.925
-2.406,-0.876
-2.393,-1.226
-2.492,-2.243
-2.517,-0.36
-2.524,0.326
-2.55,0.104
-2.561,-2.679
-2.512,-1.917
-2.538,-1.77
-2.599,-1.635
-2.592,-3.029
-2.684,-0.386
-2.626,-0.741
-2.65,-1.939
-2.737,0.278
-2.765,-0.523
-2.831,-0.641
-2.796,-0.733
-2.846,0.503
-2.909,-2.23
-2.917,-2.128
-3.031,-1.314
-2.974,-1.722
-3.01,-0.385
-3.071,0.117
-3.037,-1.155
-3.127,-2.112
-3.095,-1.41
3.128,-0.238
-3.112,-2.316
3.114,-0.601
3.028,-0.162
2.948,-1.668
2.961,-0.087
2.87,-1.07
2.845,-0.646
2.894,-2.032
2.819,-3.134
2.743,-3.02
2.71,-1.71
2.618,-0.558
2.56,-3.233
2.565,-1.584
2.388,-0.091
2.372,-2.359
2.28,-2.207
2.24,-1.057
2.008,-0.981
2.007,-2.38
1.986,0.491
1.904,-2.745
1.928,0.383
1.928,-0.845
1.848,0.357
1.823,-0.581
1.873,0.755
1.808,0.289
1.808,-2.829
1.703,-1.648
1.692,-1.636
1.76,-2.102
1.754,0.41
1.668,-1.511
1.642,-1.999
1.643,-0.305
1.65,-2.086
1.657,0.044
1.559,-0.259
1.43,-0.44
1.409,-0.787
1.343,-1.177
1.36,-0.564
1.262,-1.257
1.255,-0.905
1.112,-1.967
1.131,-0.858
1.12,-2.766
1.061,-0.72
1.069,-2.701
0.955,-1.635
0.996,-3.285
0.92,-0.674
0.975,-1.134
0.972,-1.524
0.95,-1.337
0.833,0.461
0.73,-2.409
0.78,-3.339
0.633,-1.418
0.608,-2.93
0.605,-1.715
0.555,-1.888
0.494,-2.694
0.531,-2.97
0.466,-2.265
0.548,-2.918
0.473,-2.875
0.368,-2.941
0.372,-0.464
0.304,-2.824
0.269,-2.797
0.24,-2.939
0.172,-1.902
0.18,-3.278
0.21,-3.132
0.102,-1.904
0.131,-0.635
0.05,-0.463
0.095,-0.758
0.082,-0.444
0.001,-1.109
-0.172,-3.561
-0.308,-3.594
-0.63,-3.322
-1.033,-3.471
-1.222,-3.548
-1.414,-3.621
-1.62,-3.565
-2.637,-3.505
-3.077,-3.615
3.115,-3.682
2.963,-3.551
2.464,-3.677
2.394,-3.525
2.28,-3.713
1.759,-3.558
1.593,-3.439
1.517,-3.396
1.445,-3.553
0.742,-3.407
0.554,-3.525
0.292,-3.585
0.283,-3.336
0.218,-3.799
0.155,-3.338
-0.224,0.958
-0.695,1.006
-0.995,0.97
-1.259,1.129
-1.477,1.022
-1.493,0.913
-2.045,1.076
-2.846,0.877
2.992,0.955
2.809,1.165
1.981,0.864
1.408,0.833
1.359,1.035
1.374,1.15
1.246,0.732
1.317,1.034
1.215,0.785
1.287,0.814
1.054,1.056
0.676,1.049
0.648,1.153
0.393,1.026
-1.035,-2.384
-2.032,-2.787
-2.404,-3.182
-2.212,-3.677
2.321,1.072
1.06,0.937
0.035,-0.874
-0.058,-0.661
-0.258,0.225
-0.129,-1.856
-0.14,-2.683
-0.169,-2.801
-0.311,0.38
-0.327,-3.063
-0.541,-2.35
-0.642,-2.399
-0.644,-1.945
-0.639,-1.176
-0.951,-0.589
-0.956,-2.132
-0.868,-3.277
-0.944,-0.552
-1.022,-2.97
-1.127,-2.663
-1.138,-0.919
-1.265,-1.401
-1.255,-2.223
-1.215,-0.906
-1.233,-1.947
-1.243,-1.056
-1.456,0.692
-1.337,-0.6
-1.487,-1.041
-1.489,-2.128
-1.415,-1.733
-1.472,-0.979
-1.966,0.643
-1.978,-1.658
-2.009,-3.236
-2.204,-1.717
-2.272,-3.017
-2.496,-3.234
-2.528,-1.063
-2.456,-1.3
-2.524,0.157
-2.619,-0.277
-2.784,-1.761
-2.784,-0.284
-2.825,-0.381
-3.052,-1.531
3.015,-0.353
2.941,-2.875
2.878,-1.091
2.858,-0.748
2.651,-1.819
2.764,-2.831
2.757,-3.281
2.543,-2.916
2.64,-2.14
2.44,-0.775
2.551,-2.953
2.535,-1.23
2.356,-1.008
2.24,-1.72
2.221,-3.235
2.078,0.506
2.004,-3.269
2.133,-2.015
2.089,-2.279
1.93,-0.302
1.848,-2.287
1.764,-3.064
1.564,-0.661
1.245,-0.445
1.198,-1.532
1.308,-0.571
1.12,-1.987
1.102,-0.623
1.021,-0.39
0.979,-0.839
1.086,-3.098
0.932,-1.233
1.009,-2.221
0.984,-3.212
0.919,-2.689
0.742,-0.981
0.572,-2.266
0.284,-1.879
0.252,-0.764
0.321,-0.378
0.289,-0.801
0.14,-0.675
0.128,-1.536
0.072,-0.923
0.102,-1.982
0.053,-3.193
-0.269,-3.221
-0.325,-3.338
-0.55,-3.52
-0.488,-3.59
-2.177,-3.648
-2.285,-3.614
-2.438,-3.418
-2.422,-3.375
-2.644,-3.481
-3.115,-3.486
3.086,-3.472
0.765,-3.511
0.168,-3.338
0.025,-3.709
-0.917,0.794
-0.883,0.755
-1.078,1.034
-1.17,0.979
-1.595,1.028
-1.492,0.929
-2.202,0.664
-2.046,1.018
-2.257,0.978
-2.366,1.044
-3.045,0.99
2.602,0.993
1.721,0.823
1.808,0.928
1.455,1.104
1.336,1.09
0.66,0.726
0.624,1.082
0.324,1.114
0.291,0.939
0.234,0.833
-0.454,-2.405
-1.515,-1.745
-1.626,-1.984
-1.938,-2.753
2.081,-0.204
1.927,-1.645
1.901,-1.425
1.149,-0.725
0.378,-3.235
-2.678,0.012
2.281,-1.378
1.7,-0.563
1.748,-1.026
1.33,-2.164
1.065,-1.389
1.124,-0.501
0.779,-1.772
0.673,-0.48
0.459,-0.349
0.425,-0.207
3.074,-1.458
2.946,-0.185
1.555,-2.479
-1.359,-3.359
1.456,-3.184
1.099,-3.069
-0.09,-2.004
-0.095,1.07
-0.088,1.485
-0.101,-2.105
-0.207,-1.406
-0.133,-0.389
-0.149,-1.251
-0.22,0.364
-0.201,-1.169
-0.225,0.506
-0.235,0.224
-0.25,0.895
-0.347,-1.43
-0.527,-1.261
-0.524,-1.327
-0.594,-1.353
-0.55,-1.263
-0.575,0.156
-0.593,-1.089
-0.677,0.247
-0.603,1.375
-0.641,-2.096
-0.646,0.123
-0.739,1.26
-0.704,0.399
-0.811,-0.88
-0.86,-0.505
-0.863,-1.455
-0.864,-1.373
-0.961,1.182
-0.99,-2.001
-1.084,-1.885
-1.126,1.148
-1.254,1.495
-1.252,-1.538
-1.284,0.142
-1.237,0.534
-1.362,-0.513
-1.357,1.493
-1.525,0.045
-1.606,-0.982
-1.629,0.061
-1.742,-0.938
-1.743,-0.352
-1.705,0.599
-1.766,-1.561
-1.697,-0.452
-1.709,-1.178
-1.824,-0.984
-1.929,1.112
-1.932,-0.618
-1.93,-1.71
-1.961,0.704
-2.037,1.618
-2.015,0.507
-2.161,1.669
-2.174,-0.186
-2.113,1.659
-2.27,1.35
-2.301,0.626
-2.259,-1.379
-2.291,0.094
-2.37,-0.465
-2.39,0.189
-2.395,0.238
-2.382,-0.112
-2.481,-1.129
-2.506,0.754
-2.513,1.44
-2.539,1.218
-2.55,-1.565
-2.501,-0.803
-2.527,-0.656
-2.588,-0.521
-2.581,-1.915
-2.673,0.728
-2.615,0.373
-2.639,-0.825
-2.726,1.392
-2.754,0.591
-2.82,0.473
-2.785,0.381
-2.835,1.617
-2.898,-1.116
-2.906,-1.014
-3.02,-0.2
-2.963,-0.608
-2.999,0.729
-3.06,1.231
-3.026,-0.041
-3.116,-0.998
-3.084,-0.296
3.139,0.876
-3.101,-1.202
3.125,0.513
3.039,0.952
2.959,-0.554
2.972,1.027
2.881,0.044
2.856,0.468
2.905,-0.918
2.83,-2.02
2.754,-1.906
2.721,-0.596
2.629,0.556
2.571,-2.119
2.576,-0.47
2.399,1.023
2.383,-1.245
2.291,-1.093
2.251,0.057
2.019,0.133
2.018,-1.266
1.997,1.605
1.915,-1.631
1.939,1.497
1.939,0.269
1.859,1.471
1.834,0.533
1.884,1.869
1.819,1.403
1.819,-1.715
1.714,-0.534
1.703,-0.522
1.771,-0.988
1.765,1.524
1.679,-0.397
1.653,-0.885
1.654,0.809
1.661,-0.972
1.668,1.158
1.57,0.855
1.441,0.674
1.42,0.327
1.354,-0.063
1.371,0.55
1.273,-0.143
1.266,0.209
1.123,-0.853
1.142,0.256
1.131,-1.652
1.072,0.394
1.08,-1.587
0.966,-0.521
1.007,-2.171
0.931,0.44
0.986,-0.02
0.983,-0.41
0.961,-0.223
0.844,1.575
0.741,-1.295
0.791,-2.225
0.644,-0.304
0.619,-1.816
0.616,-0.601
0.566,-0.774
0.505,-1.58
0.542,-1.856
0.477,-1.151
0.559,-1.804
0.484,-1.761
0.379,-1.827
0.383,0.65
0.315,-1.71
0.28,-1.683
0.251,-1.825
0.183,-0.788
0.191,-2.164
0.221,-2.018
0.113,-0.79
0.142,0.479
0.061,0.651
0.106,0.356
0.093,0.67
0.012,0.005
-0.161,-2.447
-0.297,-2.48
-0.619,-2.208
-1.022,-2.357
-1.211,-2.434
-1.403,-2.507
-1.609,-2.451
-2.626,-2.391
-3.066,-2.501
3.126,-2.568
2.974,-2.437
2.475,-2.563
2.405,-2.411
2.291,-2.599
1.77,-2.444
1.604,-2.325
1.528,-2.282
1.456,-2.439
0.753,-2.293
0.565,-2.411
0.303,-2.471
0.294,-2.222
0.229,-2.685
0.166,-2.224
-0.213,2.072
-0.684,2.12
-0.984,2.084
-1.248,2.243
-1.466,2.136
-1.482,2.027
-2.034,2.19
-2.835,1.991
3.003,2.069
2.82,2.279
1.992,1.978
1.419,1.947
1.37,2.149
1.385,2.264
1.257,1.846
1.328,2.148
1.226,1.899
1.298,1.928
1.065,2.17
0.687,2.163
0.659,2.267
0.404,2.14
-1.024,-1.27
-2.021,-1.673
-2.393,-2.068
-2.201,-2.563
2.332,2.186
1.071,2.051
0.046,0.24
-0.047,0.453
-0.247,1.339
-0.118,-0.742
-0.129,-1.569
-0.158,-1.687
-0.3,1.494
-0.316,-1.949
-0.53,-1.236
-0.631,-1.285
-0.633,-0.831
-0.628,-0.062
-0.94,0.525
-0.945,-1.018
-0.857,-2.163
-0.933,0.562
-1.011,-1.856
-1.116,-1.549
-1.127,0.195
-1.254,-0.287
-1.244,-1.109
-1.204,0.208
-1.222,-0.833
-1.232,0.058
-1.445,1.806
-1.326,0.514
-1.476,0.073
-1.478,-1.014
-1.404,-0.619
-1.461,0.135
-1.955,1.757
-1.967,-0.544
-1.998,-2.122
-2.193,-0.603
-2.261,-1.903
-2.485,-2.12
-2.517,0.051
-2.445,-0.186
-2.513,1.271
-2.608,0.837
-2.773,-0.647
-2.773,0.83
-2.814,0.733
-3.041,-0.417
3.026,0.761
2.952,-1.761
2.889,0.023
2.869,0.366
2.662,-0.705
2.775,-1.717
2.768,-2.167
2.554,-1.802
2.651,-1.026
2.451,0.339
2.562,-1.839
2.546,-0.116
2.367,0.106
2.251,-0.606
2.232,-2.121
2.089,1.62
2.015,-2.155
2.144,-0.901
2.1,-1.165
1.941,0.812
1.859,-1.173
1.775,-1.95
1.575,0.453
1.256,0.669
1.209,-0.418
1.319,0.543
1.131,-0.873
1.113,0.491
1.032,0.724
0.99,0.275
1.097,-1.984
0.943,-0.119
1.02,-1.107
0.995,-2.098
0.93,-1.575
0.753,0.133
0.583,-1.152
0.295,-0.765
0.263,0.35
0.332,0.736
0.3,0.313
0.151,0.439
0.139,-0.422
0.083,0.191
0.113,-0.868
0.064,-2.079
-0.258,-2.107
-0.314,-2.224
-0.539,-2.406
-0.477,-2.476
-2.166,-2.534
-2.274,-2.5
-2.427,-2.304
-2.411,-2.261
-2.633,-2.367
-3.104,-2.372
3.097,-2.358
0.776,-2.397
0.179,-2.224
0.036,-2.595
-0.906,1.908
-0.872,1.869
-1.067,2.148
-1.159,2.093
-1.584,2.142
-1.481,2.043
-2.191,1.778
-2.035,2.132
-2.246,2.092
-2.355,2.158
-3.034,2.104
2.613,2.107
1.732,1.937
1.819,2.042
1.466,2.218
1.347,2.204
0.671,1.84
0.635,2.196
0.335,2.228
0.302,2.053
0.245,1.947
-0.443,-1.291
-1.504,-0.631
-1.615,-0.87
-1.927,-1.639
2.092,0.91
1.938,-0.531
1.912,-0.311
1.16,0.389
0.389,-2.121
-2.667,1.126
2.292,-0.264
1.711,0.551
1.759,0.088
1.341,-1.05
1.076,-0.275
1.135,0.613
0.79,-0.658
0.684,0.634
0.47,0.765
0.436,0.907
3.085,-0.344
2.957,0.929
1.566,-1.365
-1.348,-2.245
1.467,-2.07
1.11,-1.955
-0.005,3.074
0.002,3.489
-0.011,-0.101
-0.117,0.598
-0.043,1.615
-0.059,0.753
-0.13,2.368
-0.111,0.835
-0.135,2.51
-0.145,2.228
-0.16,2.899
-0.257,0.574
-0.437,0.743
-0.434,0.677
-0.504,0.651
-0.46,0.741
-0.485,2.16
-0.503,0.915
-0.587,2.251
-0.513,3.379
-0.551,-0.092
-0.556,2.127
-0.649,3.264
-0.614,2.403
-0.721,1.124
-0.77,1.499
-0.773,0.549
-0.774,0.631
-0.871,3.186
-0.9,0.003
-0.994,0.119
-1.036,3.152
-1.164,3.499
-1.162,0.466
-1.194,2.146
-1.147,2.538
-1.272,1.491
-1.267,3.497
-1.435,2.049
-1.516,1.022
-1.539,2.065
-1.652,1.066
-1.653,1.652
-1.615,2.603
-1.676,0.443
-1.607,1.552
-1.619,0.826
-1.734,1.02
-1.839,3.116
-1.842,1.386
-1.84,0.294
-1.871,2.708
-1.947,3.622
-1.925,2.511
-2.071,3.673
-2.084,1.818
-2.023,3.663
-2.18,3.354
-2.211,2.63
-2.169,0.625
-2.201,2.098
-2.28,1.539
-2.3,2.193
-2.305,2.242
-2.292,1.892
-2.391,0.875
-2.416,2.758
-2.423,3.444
-2.449,3.222
-2.46,0.439
-2.411,1.201
-2.437,1.348
-2.498,1.483
-2.491,0.089
-2.583,2.732
-2.525,2.377
-2.549,1.179
-2.636,3.396
-2.664,2.595
-2.73,2.477
-2.695,2.385
-2.745,3.621
-2.808,0.888
-2.816,0.99
-2.93,1.804
-2.873,1.396
-2.909,2.733
-2.97,3.235
-2.936,1.963
-3.026,1.006
-2.994,1.708
-3.054,2.88
-3.011,0.802
-3.068,2.517
3.129,2.956
3.049,1.45
3.062,3.031
2.971,2.048
2.946,2.472
2.995,1.086
2.92,-0.016
2.844,0.098
2.811,1.408
2.719,2.56
2.661,-0.115
2.666,1.534
2.489,3.027
2.473,0.759
2.381,0.911
2.341,2.061
2.109,2.137
2.108,0.738
2.087,3.609
2.005,0.373
2.029,3.501
2.029,2.273
1.949,3.475
1.924,2.537
1.974,3.873
1.909,3.407
1.909,0.289
1.804,1.47
1.793,1.482
1.861,1.016
1.855,3.528
1.769,1.607
1.743,1.119
1.744,2.813
1.751,1.032
1.758,3.162
1.66,2.859
1.531,2.678
1.51,2.331
1.444,1.941
1.461,2.554
1.363,1.861
1.356,2.213
1.213,1.151
1.232,2.26
1.221,0.352
1.162,2.398
1.17,0.417
1.056,1.483
1.097,-0.167
1.021,2.444
1.076,1.984
1.073,1.594
1.051,1.781
0.934,3.579
0.831,0.709
0.881,-0.221
0.734,1.7
0.709,0.188
0.706,1.403
0.656,1.23
0.595,0.424
0.632,0.148
0.567,0.853
0.649,0.2
0.574,0.243
0.469,0.177
0.473,2.654
0.405,0.294
0.37,0.321
0.341,0.179
0.273,1.216
0.281,-0.16
0.311,-0.014
0.203,1.214
0.232,2.483
0.151,2.655
0.196,2.36
0.183,2.674
0.102,2.009
-0.071,-0.443
-0.207,-0.476
-0.529,-0.204
-0.932,-0.353
-1.121,-0.43
-1.313,-0.503
-1.519,-0.447
-2.536,-0.387
-2.976,-0.497
-3.067,-0.564
3.064,-0.433
2.565,-0.559
2.495,-0.407
2.381,-0.595
1.86,-0.44
1.694,-0.321
1.618,-0.278
1.546,-0.435
0.843,-0.289
0.655,-0.407
0.393,-0.467
0.384,-0.218
0.319,-0.681
0.256,-0.22
-0.123,4.076
-0.594,4.124
-0.894,4.088
-1.158,4.247
-1.376,4.14
-1.392,4.031
-1.944,4.194
-2.745,3.995
3.093,4.073
2.91,4.283
2.082,3.982
1.509,3.951
1.46,4.153
1.475,4.268
1.347,3.85
1.418,4.152
1.316,3.903
1.388,3.932
1.155,4.174
0.777,4.167
0.749,4.271
0.494,4.144
-0.934,0.734
-1.931,0.331
-2.303,-0.064
-2.111,-0.559
2.422,4.19
1.161,4.055
0.136,2.244
0.043,2.457
-0.157,3.343
-0.028,1.262
-0.039,0.435
-0.068,0.317
-0.21,3.498
-0.226,0.055
-0.44,0.768
-0.541,0.719
-0.543,1.173
-0.538,1.942
-0.85,2.529
-0.855,0.986
-0.767,-0.159
-0.843,2.566
-0.921,0.148
-1.026,0.455
-1.037,2.199
-1.164,1.717
-1.154,0.895
-1.114,2.212
-1.132,1.171
-1.142,2.062
-1.355,3.81
-1.236,2.518
-1.386,2.077
-1.388,0.99
-1.314,1.385
-1.371,2.139
-1.865,3.761
-1.877,1.46
-1.908,-0.118
-2.103,1.401
-2.171,0.101
-2.395,-0.116
-2.427,2.055
-2.355,1.818
-2.423,3.275
-2.518,2.841
-2.683,1.357
-2.683,2.834
-2.724,2.737
-2.951,1.587
3.116,2.765
3.042,0.243
2.979,2.027
2.959,2.37
2.752,1.299
2.865,0.287
2.858,-0.163
2.644,0.202
2.741,0.978
2.541,2.343
2.652,0.165
2.636,1.888
2.457,2.11
2.341,1.398
2.322,-0.117
2.179,3.624
2.105,-0.151
2.234,1.103
2.19,0.839
2.031,2.816
1.949,0.831
1.865,0.054
1.665,2.457
1.346,2.673
1.299,1.586
1.409,2.547
1.221,1.131
1.203,2.495
1.122,2.728
1.08,2.279
1.187,0.02
1.033,1.885
1.11,0.897
1.085,-0.094
1.02,0.429
0.843,2.137
0.673,0.852
0.385,1.239
0.353,2.354
0.422,2.74
0.39,2.317
0.241,2.443
0.229,1.582
0.173,2.195
0.203,1.136
0.154,-0.075
-0.168,-0.103
-0.224,-0.22
-0.449,-0.402
-0.387,-0.472
-2.076,-0.53
-2.184,-0.496
-2.337,-0.3
-2.321,-0.257
-2.543,-0.363
-3.014,-0.368
-3.096,-0.354
0.866,-0.393
0.269,-0.22
0.126,-0.591
-0.816,3.912
-0.782,3.873
-0.977,4.152
-1.069,4.097
-1.494,4.146
-1.391,4.047
-2.101,3.782
-1.945,4.136
-2.156,4.096
-2.265,4.162
-2.944,4.108
2.703,4.111
1.822,3.941
1.909,4.046
1.556,4.222
1.437,4.208
0.761,3.844
0.725,4.2
0.425,4.232
0.392,4.057
0.335,3.951
-0.353,0.713
-1.414,1.373
-1.525,1.134
-1.837,0.365
2.182,2.914
2.028,1.473
2.002,1.693
1.25,2.393
0.479,-0.117
-2.577,3.13
2.382,1.74
1.801,2.555
1.849,2.092
1.431,0.954
1.166,1.729
1.225,2.617
0.88,1.346
0.774,2.638
0.56,2.769
0.526,2.911
-3.108,1.66
3.047,2.933
1.656,0.639
-1.258,-0.241
1.557,-0.066
1.2,0.049
0.007,0.415
-0.006,-3.175
-0.112,-2.476
-0.038,-1.459
-0.054,-2.321
-0.125,-0.706
-0.106,-2.239
-0.13,-0.564
-0.14,-0.846
-0.155,-0.175
-0.252,-2.5
-0.432,-2.331
-0.429,-2.397
-0.499,-2.423
-0.455,-2.333
-0.48,-0.914
-0.498,-2.159
-0.582,-0.823
-0.508,0.305
-0.546,-3.166
-0.551,-0.947
-0.644,0.19
-0.609,-0.671
-0.716,-1.95
-0.765,-1.575
-0.768,-2.525
-0.769,-2.443
-0.866,0.112
-0.895,-3.071
-0.989,-2.955
-1.031,0.078
-1.159,0.425
-1.157,-2.608
-1.189,-0.928
-1.142,-0.536
-1.267,-1.583
-1.262,0.423
-1.43,-1.025
-1.511,-2.052
-1.534,-1.009
-1.647,-2.008
-1.648,-1.422
-1.61,-0.471
-1.671,-2.631
-1.602,-1.522
-1.614,-2.248
-1.729,-2.054
-1.834,0.042
-1.837,-1.688
-1.835,-2.78
-1.866,-0.366
-1.942,0.548
-1.92,-0.563
-2.066,0.599
-2.079,-1.256
-2.018,0.589
-2.175,0.28
-2.206,-0.444
-2.164,-2.449
-2.196,-0.976
-2.275,-1.535
-2.295,-0.881
-2.3,-0.832
-2.287,-1.182
-2.386,-2.199
-2.411,-0.316
-2.418,0.37
-2.444,0.148
-2.455,-2.635
-2.406,-1.873
-2.432,-1.726
-2.493,-1.591
-2.486,-2.985
-2.578,-0.342
-2.52,-0.697
-2.544,-1.895
-2.631,0.322
-2.659,-0.479
-2.725,-0.597
-2.69,-0.689
-2.74,0.547
-2.803,-2.186
-2.811,-2.084
-2.925,-1.27
-2.868,-1.678
-2.904,-0.341
-2.965,0.161
-2.931,-1.111
-3.021,-2.068
-2.989,-1.366
-3.049,-0.194
-3.006,-2.272
-3.063,-0.557
3.134,-0.118
3.054,-1.624
3.067,-0.043
2.976,-1.026
2.951,-0.602
3.0,-1.988
2.925,-3.09
2.849,-2.976
2.816,-1.666
2.724,-0.514
2.666,-3.189
2.671,-1.54
2.494,-0.047
2.478,-2.315
2.386,-2.163
2.346,-1.013
2.114,-0.937
2.113,-2.336
2.092,0.535
2.01,-2.701
2.034,0.427
2.034,-0.801
1.954,0.401
1.929,-0.537
1.979,0.799
1.914,0.333
1.914,-2.785
1.809,-1.604
1.798,-1.592
1.866,-2.058
1.86,0.454
1.774,-1.467
1.748,-1.955
1.749,-0.261
1.756,-2.042
1.763,0.088
1.665,-0.215
1.536,-0.396
1.515,-0.743
1.449,-1.133
1.466,-0.52
1.368,-1.213
1.361,-0.861
1.218,-1.923
1.237,-0.814
1.226,-2.722
1.167,-0.676
1.175,-2.657
1.061,-1.591
1.102,-3.241
1.026,-0.63
1.081,-1.09
1.078,-1.48
1.056,-1.293
0.939,0.505
0.836,-2.365
0.886,-3.295
0.739,-1.374
0.714,-2.886
0.711,-1.671
0.661,-1.844
0.6,-2.65
0.637,-2.926
0.572,-2.221
0.654,-2.874
0.579,-2.831
0.474,-2.897
0.478,-0.42
0.41,-2.78
0.375,-2.753
0.346,-2.895
0.278,-1.858
0.286,-3.234
0.316,-3.088
0.208,-1.86
0.237,-0.591
0.156,-0.419
0.201,-0.714
0.188,-0.4
0.107,-1.065
-0.066,-3.517
-0.202,-3.55
-0.524,-3.278
-0.927,-3.427
-1.116,-3.504
-1.308,-3.577
-1.514,-3.521
-2.531,-3.461
-2.971,-3.571
-3.062,-3.638
3.069,-3.507
2.57,-3.633
2.5,-3.481
2.386,-3.669
1.865,-3.514
1.699,-3.395
1.623,-3.352
1.551,-3.509
0.848,-3.363
0.66,-3.481
0.398,-3.541
0.389,-3.292
0.324,-3.755
0.261,-3.294
-0.118,1.002
-0.589,1.05
-0.889,1.014
-1.153,1.173
-1.371,1.066
-1.387,0.957
-1.939,1.12
-2.74,0.921
3.098,0.999
2.915,1.209
2.087,0.908
1.514,0.877
1.465,1.079
1.48,1.194
1.352,0.776
1.423,1.078
1.321,0.829
1.393,0.858
1.16,1.1
0.782,1.093
0.754,1.197
0.499,1.07
-0.929,-2.34
-1.926,-2.743
-2.298,-3.138
-2.106,-3.633
2.427,1.116
1.166,0.981
0.141,-0.83
0.048,-0.617
-0.152,0.269
-0.023,-1.812
-0.034,-2.639
-0.063,-2.757
-0.205,0.424
-0.221,-3.019
-0.435,-2.306
-0.536,-2.355
-0.538,-1.901
-0.533,-1.132
-0.845,-0.545
-0.85,-2.088
-0.762,-3.233
-0.838,-0.508
-0.916,-2.926
-1.021,-2.619
-1.032,-0.875
-1.159,-1.357
-1.149,-2.179
-1.109,-0.862
-1.127,-1.903
-1.137,-1.012
-1.35,0.736
-1.231,-0.556
-1.381,-0.997
-1.383,-2.084
-1.309,-1.689
-1.366,-0.935
-1.86,0.687
-1.872,-1.614
-1.903,-3.192
-2.098,-1.673
-2.166,-2.973
-2.39,-3.19
-2.422,-1.019
-2.35,-1.256
-2.418,0.201
-2.513,-0.233
-2.678,-1.717
-2.678,-0.24
-2.719,-0.337
-2.946,-1.487
3.121,-0.309
3.047,-2.831
2.984,-1.047
2.964,-0.704
2.757,-1.775
2.87,-2.787
2.863,-3.237
2.649,-2.872
2.746,-2.096
2.546,-0.731
2.657,-2.909
2.641,-1.186
2.462,-0.964
2.346,-1.676
2.327,-3.191
2.184,0.55
2.11,-3.225
2.239,-1.971
2.195,-2.235
2.036,-0.258
1.954,-2.243
1.87,-3.02
1.67,-0.617
1.351,-0.401
1.304,-1.488
1.414,-0.527
1.226,-1.943
1.208,-0.579
1.127,-0.346
1.085,-0.795
1.192,-3.054
1.038,-1.189
1.115,-2.177
1.09,-3.168
1.025,-2.645
0.848,-0.937
0.678,-2.222
0.39,-1.835
0.358,-0.72
0.427,-0.334
0.395,-0.757
0.246,-0.631
0.234,-1.492
0.178,-0.879
0.208,-1.938
0.159,-3.149
-0.163,-3.177
-0.219,-3.294
-0.444,-3.476
-0.382,-3.546
-2.071,-3.604
-2.179,-3.57
-2.332,-3.374
-2.316,-3.331
-2.538,-3.437
-3.009,-3.442
-3.091,-3.428
0.871,-3.467
0.274,-3.294
0.131,-3.665
-0.811,0.838
-0.777,0.799
-0.972,1.078
-1.064,1.023
-1.489,1.072
-1.386,0.973
-2.096,0.708
-1.94,1.062
-2.151,1.022
-2.26,1.088
-2.939,1.034
2.708,1.037
1.827,0.867
1.914,0.972
1.561,1.148
1.442,1.134
0.766,0.77
0.73,1.126
0.43,1.158
0.397,0.983
0.34,0.877
-0.348,-2.361
-1.409,-1.701
-1.52,-1.94
-1.832,-2.709
2.187,-0.16
2.033,-1.601
2.007,-1.381
1.255,-0.681
0.484,-3.191
-2.572,0.056
2.387,-1.334
1.806,-0.519
1.854,-0.982
1.436,-2.12
1.171,-1.345
1.23,-0.457
0.885,-1.728
0.779,-0.436
0.565,-0.305
0.531,-0.163
-3.103,-1.414
3.052,-0.141
1.661,-2.435
-1.253,-3.315
1.562,-3.14
1.205,-3.025
-0.013,-3.59
-0.119,-2.891
-0.045,-1.874
-0.061,-2.736
-0.132,-1.121
-0.113,-2.654
-0.137,-0.979
-0.147,-1.261
-0.162,-0.59
-0.259,-2.915
-0.439,-2.746
-0.436,-2.812
-0.506,-2.838
-0.462,-2.748
-0.487,-1.329
-0.505,-2.574
-0.589,-1.238
-0.515,-0.11
-0.553,-3.581
-0.558,-1.362
-0.651,-0.225
-0.616,-1.086
-0.723,-2.365
-0.772,-1.99
-0.775,-2.94
-0.776,-2.858
-0.873,-0.303
-0.902,-3.486
-0.996,-3.37
-1.038,-0.337
-1.166,0.01
-1.164,-3.023
-1.196,-1.343
-1.149,-0.951
-1.274,-1.998
-1.269,0.008
-1.437,-1.44
-1.518,-2.467
-1.541,-1.424
-1.654,-2.423
-1.655,-1.837
-1.617,-0.886
-1.678,-3.046
-1.609,-1.937
-1.621,-2.663
-1.736,-2.469
-1.841,-0.373
-1.844,-2.103
-1.842,-3.195
-1.873,-0.781
-1.949,0.133
-1.927,-0.978
-2.073,0.184
-2.086,-1.671
-2.025,0.174
-2.182,-0.135
-2.213,-0.859
-2.171,-2.864
-2.203,-1.391
-2.282,-1.95
-2.302,-1.296
-2.307,-1.247
-2.294,-1.597
-2.393,-2.614
-2.418,-0.731
-2.425,-0.045
-2.451,-0.267
-2.462,-3.05
-2.413,-2.288
-2.439,-2.141
-2.5,-2.006
-2.493,-3.4
-2.585,-0.757
-2.527,-1.112
-2.551,-2.31
-2.638,-0.093
-2.666,-0.894
-2.732,-1.012
-2.697,-1.104
-2.747,0.132
-2.81,-2.601
-2.818,-2.499
-2.932,-1.685
-2.875,-2.093
-2.911,-0.756
-2.972,-0.254
-2.938,-1.526
-3.028,-2.483
-2.996,-1.781
-3.056,-0.609
-3.013,-2.687
-3.07,-0.972
3.127,-0.533
3.047,-2.039
3.06,-0.458
2.969,-1.441
2.944,-1.017
2.993,-2.403
2.918,-3.505
2.842,-3.391
2.809,-2.081
2.717,-0.929
2.659,-3.604
2.664,-1.955
2.487,-0.462
2.471,-2.73
2.379,-2.578
2.339,-1.428
2.107,-1.352
2.106,-2.751
2.085,0.12
2.003,-3.116
2.027,0.012
2.027,-1.216
1.947,-0.014
1.922,-0.952
1.972,0.384
1.907,-0.082
1.907,-3.2
1.802,-2.019
1.791,-2.007
1.859,-2.473
1.853,0.039
1.767,-1.882
1.741,-2.37
1.742,-0.676
1.749,-2.457
1.756,-0.327
1.658,-0.63
1.529,-0.811
1.508,-1.158
1.442,-1.548
1.459,-0.935
1.361,-1.628
1.354,-1.276
1.211,-2.338
1.23,-1.229
1.219,-3.137
1.16,-1.091
1.168,-3.072
1.054,-2.006
1.095,-3.656
1.019,-1.045
1.074,-1.505
1.071,-1.895
1.049,-1.708
0.932,0.09
0.829,-2.78
0.879,-3.71
0.732,-1.789
0.707,-3.301
0.704,-2.086
0.654,-2.259
0.593,-3.065
0.63,-3.341
0.565,-2.636
0.647,-3.289
0.572,-3.246
0.467,-3.312
0.471,-0.835
0.403,-3.195
0.368,-3.168
0.339,-3.31
0.271,-2.273
0.279,-3.649
0.309,-3.503
0.201,-2.275
0.23,-1.006
0.149,-0.834
0.194,-1.129
0.181,-0.815
0.1,-1.48
-0.073,-3.932
-0.209,-3.965
-0.531,-3.693
-0.934,-3.842
-1.123,-3.919
-1.315,-3.992
-1.521,-3.936
-2.538,-3.876
-2.978,-3.986
-3.069,-4.053
3.062,-3.922
2.563,-4.048
2.493,-3.896
2.379,-4.084
1.858,-3.929
1.692,-3.81
1.616,-3.767
1.544,-3.924
0.841,-3.778
0.653,-3.896
0.391,-3.956
0.382,-3.707
0.317,-4.17
0.254,-3.709
-0.125,0.587
-0.596,0.635
-0.896,0.599
-1.16,0.758
-1.378,0.651
-1.394,0.542
-1.946,0.705
-2.747,0.506
3.091,0.584
2.908,0.794
2.08,0.493
1.507,0.462
1.458,0.664
1.473,0.779
1.345,0.361
1.416,0.663
1.314,0.414
1.386,0.443
1.153,0.685
0.775,0.678
0.747,0.782
0.492,0.655
-0.936,-2.755
-1.933,-3.158
-2.305,-3.553
-2.113,-4.048
2.42,0.701
1.159,0.566
0.134,-1.245
0.041,-1.032
-0.159,-0.146
-0.03,-2.227
-0.041,-3.054
-0.07,-3.172
-0.212,0.009
-0.228,-3.434
-0.442,-2.721
-0.543,-2.77
-0.545,-2.316
-0.54,-1.547
-0.852,-0.96
-0.857,-2.503
-0.769,-3.648
-0.845,-0.923
-0.923,-3.341
-1.028,-3.034
-1.039,-1.29
-1.166,-1.772
-1.156,-2.594
-1.116,-1.277
-1.134,-2.318
-1.144,-1.427
-1.357,0.321
-1.238,-0.971
-1.388,-1.412
-1.39,-2.499
-1.316,-2.104
-1.373,-1.35
-1.867,0.272
-1.879,-2.029
-1.91,-3.607
-2.105,-2.088
-2.173,-3.388
-2.397,-3.605
-2.429,-1.434
-2.357,-1.671
-2.425,-0.214
-2.52,-0.648
-2.685,-2.132
-2.685,-0.655
-2.726,-0.752
-2.953,-1.902
3.114,-0.724
3.04,-3.246
2.977,-1.462
2.957,-1.119
2.75,-2.19
2.863,-3.202
2.856,-3.652
2.642,-3.287
2.739,-2.511
2.539,-1.146
2.65,-3.324
2.634,-1.601
2.455,-1.379
2.339,-2.091
2.32,-3.606
2.177,0.135
2.103,-3.64
2.232,-2.386
2.188,-2.65
2.029,-0.673
1.947,-2.658
1.863,-3.435
1.663,-1.032
1.344,-0.816
1.297,-1.903
1.407,-0.942
1.219,-2.358
1.201,-0.994
1.12,-0.761
1.078,-1.21
1.185,-3.469
1.031,-1.604
1.108,-2.592
1.083,-3.583
1.018,-3.06
0.841,-1.352
0.671,-2.637
0.383,-2.25
0.351,-1.135
0.42,-0.749
0.388,-1.172
0.239,-1.046
0.227,-1.907
0.171,-1.294
0.201,-2.353
0.152,-3.564
-0.17,-3.592
-0.226,-3.709
-0.451,-3.891
-0.389,-3.961
-2.078,-4.019
-2.186,-3.985
-2.339,-3.789
-2.323,-3.746
-2.545,-3.852
-3.016,-3.857
-3.098,-3.843
0.864,-3.882
0.267,-3.709
0.124,-4.08
-0.818,0.423
-0.784,0.384
-0.979,0.663
-1.071,0.608
-1.496,0.657
-1.393,0.558
-2.103,0.293
-1.947,0.647
-2.158,0.607
-2.267,0.673
-2.946,0.619
2.701,0.622
1.82,0.452
1.907,0.557
1.554,0.733
1.435,0.719
0.759,0.355
0.723,0.711
0.423,0.743
0.39,0.568
0.333,0.462
-0.355,-2.776
-1.416,-2.116
-1.527,-2.355
-1.839,-3.124
2.18,-0.575
2.026,-2.016
2.0,-1.796
1.248,-1.096
0.477,-3.606
-2.579,-0.359
2.38,-1.749
1.799,-0.934
1.847,-1.397
1.429,-2.535
1.164,-1.76
1.223,-0.872
0.878,-2.143
0.772,-0.851
0.558,-0.72
0.524,-0.578
-3.11,-1.829
3.045,-0.556
1.654,-2.85
-1.26,-3.73
1.555,-3.555
1.198,-3.44
-0.106,0.699
-0.032,1.716
-0.048,0.854
-0.119,2.469
-0.1,0.936
-0.124,2.611
-0.134,2.329
-0.149,3.0
-0.246,0.675
-0.426,0.844
-0.423,0.778
-0.493,0.752
-0.449,0.842
-0.474,2.261
-0.492,1.016
-0.576,2.352
-0.502,3.48
-0.54,0.009
-0.545,2.228
-0.638,3.365
-0.603,2.504
-0.71,1.225
-0.759,1.6
-0.762,0.65
-0.763,0.732
-0.86,3.287
-0.889,0.104
-0.983,0.22
-1.025,3.253
-1.153,3.6
-1.151,0.567
-1.183,2.247
-1.136,2.639
-1.261,1.592
-1.256,3.598
-1.424,2.15
-1.505,1.123
-1.528,2.166
-1.641,1.167
-1.642,1.753
-1.604,2.704
-1.665,0.544
-1.596,1.653
-1.608,0.927
-1.723,1.121
-1.828,3.217
-1.831,1.487
-1.829,0.395
-1.86,2.809
-1.936,3.723
-1.914,2.612
-2.06,3.774
-2.073,1.919
-2.012,3.764
-2.169,3.455
-2.2,2.731
-2.158,0.726
-2.19,2.199
-2.269,1.64
-2.289,2.294
-2.294,2.343
-2.281,1.993
-2.38,0.976
-2.405,2.859
-2.412,3.545
-2.438,3.323
-2.449,0.54
-2.4,1.302
-2.426,1.449
-2.487,1.584
-2.48,0.19
-2.572,2.833
-2.514,2.478
-2.538,1.28
-2.625,3.497
-2.653,2.696
-2.719,2.578
-2.684,2.486
-2.734,3.722
-2.797,0.989
-2.805,1.091
-2.919,1.905
-2.862,1.497
-2.898,2.834
-2.959,3.336
-2.925,2.064
-3.015,1.107
-2.983,1.809
-3.043,2.981
-3.0,0.903
-3.057,2.618
3.14,3.057
3.06,1.551
3.073,3.132
2.982,2.149
2.957,2.573
3.006,1.187
2.931,0.085
2.855,0.199
2.822,1.509
2.73,2.661
2.672,-0.014
2.677,1.635
2.5,3.128
2.484,0.86
2.392,1.012
2.352,2.162
2.12,2.238
2.119,0.839
2.098,3.71
2.016,0.474
2.04,3.602
2.04,2.374
1.96,3.576
1.935,2.638
1.985,3.974
1.92,3.508
1.92,0.39
1.815,1.571
1.804,1.583
1.872,1.117
1.866,3.629
1.78,1.708
1.754,1.22
1.755,2.914
1.762,1.133
1.769,3.263
1.671,2.96
1.542,2.779
1.521,2.432
1.455,2.042
1.472,2.655
1.374,1.962
1.367,2.314
1.224,1.252
1.243,2.361
1.232,0.453
1.173,2.499
1.181,0.518
1.067,1.584
1.108,-0.066
1.032,2.545
1.087,2.085
1.084,1.695
1.062,1.882
0.945,3.68
0.842,0.81
0.892,-0.12
0.745,1.801
0.72,0.289
0.717,1.504
0.667,1.331
0.606,0.525
0.643,0.249
0.578,0.954
0.66,0.301
0.585,0.344
0.48,0.278
0.484,2.755
0.416,0.395
0.381,0.422
0.352,0.28
0.284,1.317
0.292,-0.059
0.322,0.087
0.214,1.315
0.243,2.584
0.162,2.756
0.207,2.461
0.194,2.775
0.113,2.11
-0.06,-0.342
-0.196,-0.375
-0.518,-0.103
-0.921,-0.252
-1.11,-0.329
-1.302,-0.402
-1.508,-0.346
-2.525,-0.286
-2.965,-0.396
-3.056,-0.463
3.075,-0.332
2.576,-0.458
2.506,-0.306
2.392,-0.494
1.871,-0.339
1.705,-0.22
1.629,-0.177
1.557,-0.334
0.854,-0.188
0.666,-0.306
0.404,-0.366
0.395,-0.117
0.33,-0.58
0.267,-0.119
-0.112,4.177
-0.583,4.225
-0.883,4.189
-1.147,4.348
-1.365,4.241
-1.381,4.132
-1.933,4.295
-2.734,4.096
3.104,4.174
2.921,4.384
2.093,4.083
1.52,4.052
1.471,4.254
1.486,4.369
1.358,3.951
1.429,4.253
1.327,4.004
1.399,4.033
1.166,4.275
0.788,4.268
0.76,4.372
0.505,4.245
-0.923,0.835
-1.92,0.432
-2.292,0.037
-2.1,-0.458
2.433,4.291
1.172,4.156
0.147,2.345
0.054,2.558
-0.146,3.444
-0.017,1.363
-0.028,0.536
-0.057,0.418
-0.199,3.599
-0.215,0.156
-0.429,0.869
-0.53,0.82
-0.532,1.274
-0.527,2.043
-0.839,2.63
-0.844,1.087
-0.756,-0.058
-0.832,2.667
-0.91,0.249
-1.015,0.556
-1.026,2.3
-1.153,1.818
-1.143,0.996
-1.103,2.313
-1.121,1.272
-1.131,2.163
-1.344,3.911
-1.225,2.619
-1.375,2.178
-1.377,1.091
-1.303,1.486
-1.36,2.24
-1.854,3.862
-1.866,1.561
-1.897,-0.017
-2.092,1.502
-2.16,0.202
-2.384,-0.015
-2.416,2.156
-2.344,1.919
-2.412,3.376
-2.507,2.942
-2.672,1.458
-2.672,2.935
-2.713,2.838
-2.94,1.688
3.127,2.866
3.053,0.344
2.99,2.128
2.97,2.471
2.763,1.4
2.876,0.388
2.869,-0.062
2.655,0.303
2.752,1.079
2.552,2.444
2.663,0.266
2.647,1.989
2.468,2.211
2.352,1.499
2.333,-0.016
2.19,3.725
2.116,-0.05
2.245,1.204
2.201,0.94
2.042,2.917
1.96,0.932
1.876,0.155
1.676,2.558
1.357,2.774
1.31,1.687
1.42,2.648
1.232,1.232
1.214,2.596
1.133,2.829
1.091,2.38
1.198,0.121
1.044,1.986
1.121,0.998
1.096,0.007
1.031,0.53
0.854,2.238
0.684,0.953
0.396,1.34
0.364,2.455
0.433,2.841
0.401,2.418
0.252,2.544
0.24,1.683
0.184,2.296
0.214,1.237
0.165,0.026
-0.157,-0.002
-0.213,-0.119
-0.438,-0.301
-0.376,-0.371
-2.065,-0.429
-2.173,-0.395
-2.326,-0.199
-2.31,-0.156
-2.532,-0.262
-3.003,-0.267
-3.085,-0.253
0.877,-0.292
0.28,-0.119
0.137,-0.49
-0.805,4.013
-0.771,3.974
-0.966,4.253
-1.058,4.198
-1.483,4.247
-1.38,4.148
-2.09,3.883
-1.934,4.237
-2.145,4.197
-2.254,4.263
-2.933,4.209
2.714,4.212
1.833,4.042
1.92,4.147
1.567,4.323
1.448,4.309
0.772,3.945
0.736,4.301
0.436,4.333
0.403,4.158
0.346,4.052
-0.342,0.814
-1.403,1.474
-1.514,1.235
-1.826,0.466
2.193,3.015
2.039,1.574
2.013,1.794
1.261,2.494
0.49,-0.016
-2.566,3.231
2.393,1.841
1.812,2.656
1.86,2.193
1.442,1.055
1.177,1.83
1.236,2.718
0.891,1.447
0.785,2.739
0.571,2.87
0.537,3.012
-3.097,1.761
3.058,3.034
1.667,0.74
-1.247,-0.14
1.568,0.035
1.211,0.15
0.074,1.017
0.058,0.155
-0.013,1.77
0.006,0.237
-0.018,1.912
-0.028,1.63
-0.043,2.301
-0.14,-0.024
-0.32,0.145
-0.317,0.079
-0.387,0.053
-0.343,0.143
-0.368,1.562
-0.386,0.317
-0.47,1.653
-0.396,2.781
-0.434,-0.69
-0.439,1.529
-0.532,2.666
-0.497,1.805
-0.604,0.526
-0.653,0.901
-0.656,-0.049
-0.657,0.033
-0.754,2.588
-0.783,-0.595
-0.877,-0.479
-0.919,2.554
-1.047,2.901
-1.045,-0.132
-1.077,1.548
-1.03,1.94
-1.155,0.893
-1.15,2.899
-1.318,1.451
-1.399,0.424
-1.422,1.467
-1.535,0.468
-1.536,1.054
-1.498,2.005
-1.559,-0.155
-1.49,0.954
-1.502,0.228
-1.617,0.422
-1.722,2.518
-1.725,0.788
-1.723,-0.304
-1.754,2.11
-1.83,3.024
-1.808,1.913
-1.954,3.075
-1.967,1.22
-1.906,3.065
-2.063,2.756
-2.094,2.032
-2.052,0.027
-2.084,1.5
-2.163,0.941
-2.183,1.595
-2.188,1.644
-2.175,1.294
-2.274,0.277
-2.299,2.16
-2.306,2.846
-2.332,2.624
-2.343,-0.159
-2.294,0.603
-2.32,0.75
-2.381,0.885
-2.374,-0.509
-2.466,2.134
-2.408,1.779
-2.432,0.581
-2.519,2.798
-2.547,1.997
-2.613,1.879
-2.578,1.787
-2.628,3.023
-2.691,0.29
-2.699,0.392
-2.813,1.206
-2.756,0.798
-2.792,2.135
-2.853,2.637
-2.819,1.365
-2.909,0.408
-2.877,1.11
-2.937,2.282
-2.894,0.204
-2.951,1.919
-3.037,2.358
-3.117,0.852
-3.104,2.433
3.088,1.45
3.063,1.874
3.112,0.488
3.037,-0.614
2.961,-0.5
2.928,0.81
2.836,1.962
2.778,-0.713
2.783,0.936
2.606,2.429
2.59,0.161
2.498,0.313
2.458,1.463
2.226,1.539
2.225,0.14
2.204,3.011
2.122,-0.225
2.146,2.903
2.146,1.675
2.066,2.877
2.041,1.939
2.091,3.275
2.026,2.809
2.026,-0.309
1.921,0.872
1.91,0.884
1.978,0.418
1.972,2.93
1.886,1.009
1.86,0.521
1.861,2.215
1.868,0.434
1.875,2.564
1.777,2.261
1.648,2.08
1.627,1.733
1.561,1.343
1.578,1.956
1.48,1.263
1.473,1.615
1.33,0.553
1.349,1.662
1.338,-0.246
1.279,1.8
1.287,-0.181
1.173,0.885
1.214,-0.765
1.138,1.846
1.193,1.386
1.19,0.996
1.168,1.183
1.051,2.981
0.948,0.111
0.998,-0.819
0.851,1.102
0.826,-0.41
0.823,0.805
0.773,0.632
0.712,-0.174
0.749,-0.45
0.684,0.255
0.766,-0.398
0.691,-0.355
0.586,-0.421
0.59,2.056
0.522,-0.304
0.487,-0.277
0.458,-0.419
0.39,0.618
0.398,-0.758
0.428,-0.612
0.32,0.616
0.349,1.885
0.268,2.057
0.313,1.762
0.3,2.076
0.219,1.411
0.046,-1.041
-0.09,-1.074
-0.412,-0.802
-0.815,-0.951
-1.004,-1.028
-1.196,-1.101
-1.402,-1.045
-2.419,-0.985
-2.859,-1.095
-2.95,-1.162
-3.102,-1.031
2.682,-1.157
2.612,-1.005
2.498,-1.193
1.977,-1.038
1.811,-0.919
1.735,-0.876
1.663,-1.033
0.96,-0.887
0.772,-1.005
0.51,-1.065
0.501,-0.816
0.436,-1.279
0.373,-0.818
-0.006,3.478
-0.477,3.526
-0.777,3.49
-1.041,3.649
-1.259,3.542
-1.275,3.433
-1.827,3.596
-2.628,3.397
-3.073,3.475
3.027,3.685
2.199,3.384
1.626,3.353
1.577,3.555
1.592,3.67
1.464,3.252
1.535,3.554
1.433,3.305
1.505,3.334
1.272,3.576
0.894,3.569
0.866,3.673
0.611,3.546
-0.817,0.136
-1.814,-0.267
-2.186,-0.662
-1.994,-1.157
2.539,3.592
1.278,3.457
0.253,1.646
0.16,1.859
-0.04,2.745
0.089,0.664
0.078,-0.163
0.049,-0.281
-0.093,2.9
-0.109,-0.543
-0.323,0.17
-0.424,0.121
-0.426,0.575
-0.421,1.344
-0.733,1.931
-0.738,0.388
-0.65,-0.757
-0.726,1.968
-0.804,-0.45
-0.909,-0.143
-0.92,1.601
-1.047,1.119
-1.037,0.297
-0.997,1.614
-1.015,0.573
-1.025,1.464
-1.238,3.212
-1.119,1.92
-1.269,1.479
-1.271,0.392
-1.197,0.787
-1.254,1.541
-1.748,3.163
-1.76,0.862
-1.791,-0.716
-1.986,0.803
-2.054,-0.497
-2.278,-0.714
-2.31,1.457
-2.238,1.22
-2.306,2.677
-2.401,2.243
-2.566,0.759
-2.566,2.236
-2.607,2.139
-2.834,0.989
-3.05,2.167
-3.124,-0.355
3.096,1.429
3.076,1.772
2.869,0.701
2.982,-0.311
2.975,-0.761
2.761,-0.396
2.858,0.38
2.658,1.745
2.769,-0.433
2.753,1.29
2.574,1.512
2.458,0.8
2.439,-0.715
2.296,3.026
2.222,-0.749
2.351,0.505
2.307,0.241
2.148,2.218
2.066,0.233
1.982,-0.544
1.782,1.859
1.463,2.075
1.416,0.988
1.526,1.949
1.338,0.533
1.32,1.897
1.239,2.13
1.197,1.681
1.304,-0.578
1.15,1.287
1.227,0.299
1.202,-0.692
1.137,-0.169
0.96,1.539
0.79,0.254
0.502,0.641
0.47,1.756
0.539,2.142
0.507,1.719
0.358,1.845
0.346,0.984
0.29,1.597
0.32,0.538
0.271,-0.673
-0.051,-0.701
-0.107,-0.818
-0.332,-1.0
-0.27,-1.07
-1.959,-1.128
-2.067,-1.094
-2.22,-0.898
-2.204,-0.855
-2.426,-0.961
-2.897,-0.966
-2.979,-0.952
0.983,-0.991
0.386,-0.818
0.243,-1.189
-0.699,3.314
-0.665,3.275
-0.86,3.554
-0.952,3.499
-1.377,3.548
-1.274,3.449
-1.984,3.184
-1.828,3.538
-2.039,3.498
-2.148,3.564
-2.827,3.51
2.82,3.513
1.939,3.343
2.026,3.448
1.673,3.624
1.554,3.61
0.878,3.246
0.842,3.602
0.542,3.634
0.509,3.459
0.452,3.353
-0.236,0.115
-1.297,0.775
-1.408,0.536
-1.72,-0.233
2.299,2.316
2.145,0.875
2.119,1.095
1.367,1.795
0.596,-0.715
-2.46,2.532
2.499,1.142
1.918,1.957
1.966,1.494
1.548,0.356
1.283,1.131
1.342,2.019
0.997,0.748
0.891,2.04
0.677,2.171
0.643,2.313
-2.991,1.062
-3.119,2.335
1.773,0.041
-1.141,-0.839
1.674,-0.664
1.317,-0.549
-0.016,-0.862
-0.087,0.753
-0.068,-0.78
-0.092,0.895
-0.102,0.613
-0.117,1.284
-0.214,-1.041
-0.394,-0.872
-0.391,-0.938
-0.461,-0.964
-0.417,-0.874
-0.442,0.545
-0.46,-0.7
-0.544,0.636
-0.47,1.764
-0.508,-1.707
-0.513,0.512
-0.606,1.649
-0.571,0.788
-0.678,-0.491
-0.727,-0.116
-0.73,-1.066
-0.731,-0.984
-0.828,1.571
-0.857,-1.612
-0.951,-1.496
-0.993,1.537
-1.121,1.884
-1.119,-1.149
-1.151,0.531
-1.104,0.923
-1.229,-0.124
-1.224,1.882
-1.392,0.434
-1.473,-0.593
-1.496,0.45
-1.609,-0.549
-1.61,0.037
-1.572,0.988
-1.633,-1.172
-1.564,-0.063
-1.576,-0.789
-1.691,-0.595
-1.796,1.501
-1.799,-0.229
-1.797,-1.321
-1.828,1.093
-1.904,2.007
-1.882,0.896
-2.028,2.058
-2.041,0.203
-1.98,2.048
-2.137,1.739
-2.168,1.015
-2.126,-0.99
-2.158,0.483
-2.237,-0.076
-2.257,0.578
-2.262,0.627
-2.249,0.277
-2.348,-0.74
-2.373,1.143
-2.38,1.829
-2.406,1.607
-2.417,-1.176
-2.368,-0.414
-2.394,-0.267
-2.455,-0.132
-2.448,-1.526
-2.54,1.117
-2.482,0.762
-2.506,-0.436
-2.593,1.781
-2.621,0.98
-2.687,0.862
-2.652,0.77
-2.702,2.006
-2.765,-0.727
-2.773,-0.625
-2.887,0.189
-2.83,-0.219
-2.866,1.118
-2.927,1.62
-2.893,0.348
-2.983,-0.609
-2.951,0.093
-3.011,1.265
-2.968,-0.813
-3.025,0.902
-3.111,1.341
3.092,-0.165
3.105,1.416
3.014,0.433
2.989,0.857
3.038,-0.529
2.963,-1.631
2.887,-1.517
2.854,-0.207
2.762,0.945
2.704,-1.73
2.709,-0.081
2.532,1.412
2.516,-0.856
2.424,-0.704
2.384,0.446
2.152,0.522
2.151,-0.877
2.13,1.994
2.048,-1.242
2.072,1.886
2.072,0.658
1.992,1.86
1.967,0.922
2.017,2.258
1.952,1.792
1.952,-1.326
1.847,-0.145
1.836,-0.133
1.904,-0.599
1.898,1.913
1.812,-0.008
1.786,-0.496
1.787,1.198
1.794,-0.583
1.801,1.547
1.703,1.244
1.574,1.063
1.553,0.716
1.487,0.326
1.504,0.939
1.406,0.246
1.399,0.598
1.256,-0.464
1.275,0.645
1.264,-1.263
1.205,0.783
1.213,-1.198
1.099,-0.132
1.14,-1.782
1.064,0.829
1.119,0.369
1.116,-0.021
1.094,0.166
0.977,1.964
0.874,-0.906
0.924,-1.836
0.777,0.085
0.752,-1.427
0.749,-0.212
0.699,-0.385
0.638,-1.191
0.675,-1.467
0.61,-0.762
0.692,-1.415
0.617,-1.372
0.512,-1.438
0.516,1.039
0.448,-1.321
0.413,-1.294
0.384,-1.436
0.316,-0.399
0.324,-1.775
0.354,-1.629
0.246,-0.401
0.275,0.868
0.194,1.04
0.239,0.745
0.226,1.059
0.145,0.394
-0.028,-2.058
-0.164,-2.091
-0.486,-1.819
-0.889,-1.968
-1.078,-2.045
-1.27,-2.118
-1.476,-2.062
-2.493,-2.002
-2.933,-2.112
-3.024,-2.179
3.107,-2.048
2.608,-2.174
2.538,-2.022
2.424,-2.21
1.903,-2.055
1.737,-1.936
1.661,-1.893
1.589,-2.05
0.886,-1.904
0.698,-2.022
0.436,-2.082
0.427,-1.833
0.362,-2.296
0.299,-1.835
-0.08,2.461
-0.551,2.509
-0.851,2.473
-1.115,2.632
-1.333,2.525
-1.349,2.416
-1.901,2.579
-2.702,2.38
3.136,2.458
2.953,2.668
2.125,2.367
1.552,2.336
1.503,2.538
1.518,2.653
1.39,2.235
1.461,2.537
1.359,2.288
1.431,2.317
1.198,2.559
0.82,2.552
0.792,2.656
0.537,2.529
-0.891,-0.881
-1.888,-1.284
-2.26,-1.679
-2.068,-2.174
2.465,2.575
1.204,2.44
0.179,0.629
0.086,0.842
-0.114,1.728
0.015,-0.353
0.004,-1.18
-0.025,-1.298
-0.167,1.883
-0.183,-1.56
-0.397,-0.847
-0.498,-0.896
-0.5,-0.442
-0.495,0.327
-0.807,0.914
-0.812,-0.629
-0.724,-1.774
-0.8,0.951
-0.878,-1.467
-0.983,-1.16
-0.994,0.584
-1.121,0.102
-1.111,-0.72
-1.071,0.597
-1.089,-0.444
-1.099,0.447
-1.312,2.195
-1.193,0.903
-1.343,0.462
-1.345,-0.625
-1.271,-0.23
-1.328,0.524
-1.822,2.146
-1.834,-0.155
-1.865,-1.733
-2.06,-0.214
-2.128,-1.514
-2.352,-1.731
-2.384,0.44
-2.312,0.203
-2.38,1.66
-2.475,1.226
-2.64,-0.258
-2.64,1.219
-2.681,1.122
-2.908,-0.028
-3.124,1.15
3.085,-1.372
3.022,0.412
3.002,0.755
2.795,-0.316
2.908,-1.328
2.901,-1.778
2.687,-1.413
2.784,-0.637
2.584,0.728
2.695,-1.45
2.679,0.273
2.5,0.495
2.384,-0.217
2.365,-1.732
2.222,2.009
2.148,-1.766
2.277,-0.512
2.233,-0.776
2.074,1.201
1.992,-0.784
1.908,-1.561
1.708,0.842
1.389,1.058
1.342,-0.029
1.452,0.932
1.264,-0.484
1.246,0.88
1.165,1.113
1.123,0.664
1.23,-1.595
1.076,0.27
1.153,-0.718
1.128,-1.709
1.063,-1.186
0.886,0.522
0.716,-0.763
0.428,-0.376
0.396,0.739
0.465,1.125
0.433,0.702
0.284,0.828
0.272,-0.033
0.216,0.58
0.246,-0.479
0.197,-1.69
-0.125,-1.718
-0.181,-1.835
-0.406,-2.017
-0.344,-2.087
-2.033,-2.145
-2.141,-2.111
-2.294,-1.915
-2.278,-1.872
-2.5,-1.978
-2.971,-1.983
-3.053,-1.969
0.909,-2.008
0.312,-1.835
0.169,-2.206
-0.773,2.297
-0.739,2.258
-0.934,2.537
-1.026,2.482
-1.451,2.531
-1.348,2.432
-2.058,2.167
-1.902,2.521
-2.113,2.481
-2.222,2.547
-2.901,2.493
2.746,2.496
1.865,2.326
1.952,2.431
1.599,2.607
1.48,2.593
0.804,2.229
0.768,2.585
0.468,2.617
0.435,2.442
0.378,2.336
-0.31,-0.902
-1.371,-0.242
-1.482,-0.481
-1.794,-1.25
2.225,1.299
2.071,-0.142
2.045,0.078
1.293,0.778
0.522,-1.732
-2.534,1.515
2.425,0.125
1.844,0.94
1.892,0.477
1.474,-0.661
1.209,0.114
1.268,1.002
0.923,-0.269
0.817,1.023
0.603,1.154
0.569,1.296
-3.065,0.045
3.09,1.318
1.699,-0.976
-1.215,-1.856
1.6,-1.681
1.243,-1.566
-0.071,1.615
-0.052,0.082
-0.076,1.757
-0.086,1.475
-0.101,2.146
-0.198,-0.179
-0.378,-0.01
-0.375,-0.076
-0.445,-0.102
-0.401,-0.012
-0.426,1.407
-0.444,0.162
-0.528,1.498
-0.454,2.626
-0.492,-0.845
-0.497,1.374
-0.59,2.511
-0.555,1.65
-0.662,0.371
-0.711,0.746
-0.714,-0.204
-0.715,-0.122
-0.812,2.433
-0.841,-0.75
-0.935,-0.634
-0.977,2.399
-1.105,2.746
-1.103,-0.287
-1.135,1.393
-1.088,1.785
-1.213,0.738
-1.208,2.744
-1.376,1.296
-1.457,0.269
-1.48,1.312
-1.593,0.313
-1.594,0.899
-1.556,1.85
-1.617,-0.31
-1.548,0.799
-1.56,0.073
-1.675,0.267
-1.78,2.363
-1.783,0.633
-1.781,-0.459
-1.812,1.955
-1.888,2.869
-1.866,1.758
-2.012,2.92
-2.025,1.065
-1.964,2.91
-2.121,2.601
-2.152,1.877
-2.11,-0.128
-2.142,1.345
-2.221,0.786
-2.241,1.44
-2.246,1.489
-2.233,1.139
-2.332,0.122
-2.357,2.005
-2.364,2.691
-2.39,2.469
-2.401,-0.314
-2.352,0.448
-2.378,0.595
-2.439,0.73
-2.432,-0.664
-2.524,1.979
-2.466,1.624
-2.49,0.426
-2.577,2.643
-2.605,1.842
-2.671,1.724
-2.636,1.632
-2.686,2.868
-2.749,0.135
-2.757,0.237
-2.871,1.051
-2.814,0.643
-2.85,1.98
-2.911,2.482
-2.877,1.21
-2.967,0.253
-2.935,0.955
-2.995,2.127
-2.952,0.049
-3.009,1.764
-3.095,2.203
3.108,0.697
3.121,2.278
3.03,1.295
3.005,1.719
3.054,0.333
2.979,-0.769
2.903,-0.655
2.87,0.655
2.778,1.807
2.72,-0.868
2.725,0.781
2.548,2.274
2.532,0.006
2.44,0.158
2.4,1.308
2.168,1.384
2.167,-0.015
2.146,2.856
2.064,-0.38
2.088,2.748
2.088,1.52
2.008,2.722
1.983,1.784
2.033,3.12
1.968,2.654
1.968,-0.464
1.863,0.717
1.852,0.729
1.92,0.263
1.914,2.775
1.828,0.854
1.802,0.366
1.803,2.06
1.81,0.279
1.817,2.409
1.719,2.106
1.59,1.925
1.569,1.578
1.503,1.188
1.52,1.801
1.422,1.108
1.415,1.46
1.272,0.398
1.291,1.507
1.28,-0.401
1.221,1.645
1.229,-0.336
1.115,0.73
1.156,-0.92
1.08,1.691
1.135,1.231
1.132,0.841
1.11,1.028
0.993,2.826
0.89,-0.044
0.94,-0.974
0.793,0.947
0.768,-0.565
0.765,0.65
0.715,0.477
0.654,-0.329
0.691,-0.605
0.626,0.1
0.708,-0.553
0.633,-0.51
0.528,-0.576
0.532,1.901
0.464,-0.459
0.429,-0.432
0.4,-0.574
0.332,0.463
0.34,-0.913
0.37,-0.767
0.262,0.461
0.291,1.73
0.21,1.902
0.255,1.607
0.242,1.921
0.161,1.256
-0.012,-1.196
-0.148,-1.229
-0.47,-0.957
-0.873,-1.106
-1.062,-1.183
-1.254,-1.256
-1.46,-1.2
-2.477,-1.14
-2.917,-1.25
-3.008,-1.317
3.123,-1.186
2.624,-1.312
2.554,-1.16
2.44,-1.348
1.919,-1.193
1.753,-1.074
1.677,-1.031
1.605,-1.188
0.902,-1.042
0.714,-1.16
0.452,-1.22
0.443,-0.971
0.378,-1.434
0.315,-0.973
-0.064,3.323
-0.535,3.371
-0.835,3.335
-1.099,3.494
-1.317,3.387
-1.333,3.278
-1.885,3.441
-2.686,3.242
-3.131,3.32
2.969,3.53
2.141,3.229
1.568,3.198
1.519,3.4
1.534,3.515
1.406,3.097
1.477,3.399
1.375,3.15
1.447,3.179
1.214,3.421
0.836,3.414
0.808,3.518
0.553,3.391
-0.875,-0.019
-1.872,-0.422
-2.244,-0.817
-2.052,-1.312
2.481,3.437
1.22,3.302
0.195,1.491
0.102,1.704
-0.098,2.59
0.031,0.509
0.02,-0.318
-0.009,-0.436
-0.151,2.745
-0.167,-0.698
-0.381,0.015
-0.482,-0.034
-0.484,0.42
-0.479,1.189
-0.791,1.776
-0.796,0.233
-0.708,-0.912
-0.784,1.813
-0.862,-0.605
-0.967,-0.298
-0.978,1.446
-1.105,0.964
-1.095,0.142
-1.055,1.459
-1.073,0.418
-1.083,1.309
-1.296,3.057
-1.177,1.765
-1.327,1.324
-1.329,0.237
-1.255,0.632
-1.312,1.386
-1.806,3.008
-1.818,0.707
-1.849,-0.871
-2.044,0.648
-2.112,-0.652
-2.336,-0.869
-2.368,1.302
-2.296,1.065
-2.364,2.522
-2.459,2.088
-2.624,0.604
-2.624,2.081
-2.665,1.984
-2.892,0.834
-3.108,2.012
3.101,-0.51
3.038,1.274
3.018,1.617
2.811,0.546
2.924,-0.466
2.917,-0.916
2.703,-0.551
2.8,0.225
2.6,1.59
2.711,-0.588
2.695,1.135
2.516,1.357
2.4,0.645
2.381,-0.87
2.238,2.871
2.164,-0.904
2.293,0.35
2.249,0.086
2.09,2.063
2.008,0.078
1.924,-0.699
1.724,1.704
1.405,1.92
1.358,0.833
1.468,1.794
1.28,0.378
1.262,1.742
1.181,1.975
1.139,1.526
1.246,-0.733
1.092,1.132
1.169,0.144
1.144,-0.847
1.079,-0.324
0.902,1.384
0.732,0.099
0.444,0.486
0.412,1.601
0.481,1.987
0.449,1.564
0.3,1.69
0.288,0.829
0.232,1.442
0.262,0.383
0.213,-0.828
-0.109,-0.856
-0.165,-0.973
-0.39,-1.155
-0.328,-1.225
-2.017,-1.283
-2.125,-1.249
-2.278,-1.053
-2.262,-1.01
-2.484,-1.116
-2.955,-1.121
-3.037,-1.107
0.925,-1.146
0.328,-0.973
0.185,-1.344
-0.757,3.159
-0.723,3.12
-0.918,3.399
-1.01,3.344
-1.435,3.393
-1.332,3.294
-2.042,3.029
-1.886,3.383
-2.097,3.343
-2.206,3.409
-2.885,3.355
2.762,3.358
1.881,3.188
1.968,3.293
1.615,3.469
1.496,3.455
0.82,3.091
0.784,3.447
0.484,3.479
0.451,3.304
0.394,3.198
-0.294,-0.04
-1.355,0.62
-1.466,0.381
-1.778,-0.388
2.241,2.161
2.087,0.72
2.061,0.94
1.309,1.64
0.538,-0.87
-2.518,2.377
2.441,0.987
1.86,1.802
1.908,1.339
1.49,0.201
1.225,0.976
1.284,1.864
0.939,0.593
0.833,1.885
0.619,2.016
0.585,2.158
-3.049,0.907
3.106,2.18
1.715,-0.114
-1.199,-0.994
1.616,-0.819
1.259,-0.704
0.019,-1.533
-0.005,0.142
-0.015,-0.14
-0.03,0.531
-0.127,-1.794
-0.307,-1.625
-0.304,-1.691
-0.374,-1.717
-0.33,-1.627
-0.355,-0.208
-0.373,-1.453
-0.457,-0.117
-0.383,1.011
-0.421,-2.46
-0.426,-0.241
-0.519,0.896
-0.484,0.035
-0.591,-1.244
-0.64,-0.869
-0.643,-1.819
-0.644,-1.737
-0.741,0.818
-0.77,-2.365
-0.864,-2.249
-0.906,0.784
-1.034,1.131
-1.032,-1.902
-1.064,-0.222
-1.017,0.17
-1.142,-0.877
-1.137,1.129
-1.305,-0.319
-1.386,-1.346
-1.409,-0.303
-1.522,-1.302
-1.523,-0.716
-1.485,0.235
-1.546,-1.925
-1.477,-0.816
-1.489,-1.542
-1.604,-1.348
-1.709,0.748
-1.712,-0.982
-1.71,-2.074
-1.741,0.34
-1.817,1.254
-1.795,0.143
-1.941,1.305
-1.954,-0.55
-1.893,1.295
-2.05,0.986
-2.081,0.262
-2.039,-1.743
-2.071,-0.27
-2.15,-0.829
-2.17,-0.175
-2.175,-0.126
-2.162,-0.476
-2.261,-1.493
-2.286,0.39
-2.293,1.076
-2.319,0.854
-2.33,-1.929
-2.281,-1.167
-2.307,-1.02
-2.368,-0.885
-2.361,-2.279
-2.453,0.364
-2.395,0.009
-2.419,-1.189
-2.506,1.028
-2.534,0.227
-2.6,0.109
-2.565,0.017
-2.615,1.253
-2.678,-1.48
-2.686,-1.378
-2.8,-0.564
-2.743,-0.972
-2.779,0.365
-2.84,0.867
-2.806,-0.405
-2.896,-1.362
-2.864,-0.66
-2.924,0.512
-2.881,-1.566
-2.938,0.149
-3.024,0.588
-3.104,-0.918
-3.091,0.663
3.101,-0.32
3.076,0.104
3.125,-1.282
3.05,-2.384
2.974,-2.27
2.941,-0.96
2.849,0.192
2.791,-2.483
2.796,-0.834
2.619,0.659
2.603,-1.609
2.511,-1.457
2.471,-0.307
2.239,-0.231
2.238,-1.63
2.217,1.241
2.135,-1.995
2.159,1.133
2.159,-0.095
2.079,1.107
2.054,0.169
2.104,1.505
2.039,1.039
2.039,-2.079
1.934,-0.898
1.923,-0.886
1.991,-1.352
1.985,1.16
1.899,-0.761
1.873,-1.249
1.874,0.445
1.881,-1.336
1.888,0.794
1.79,0.491
1.661,0.31
1.64,-0.037
1.574,-0.427
1.591,0.186
1.493,-0.507
1.486,-0.155
1.343,-1.217
1.362,-0.108
1.351,-2.016
1.292,0.03
1.3,-1.951
1.186,-0.885
1.227,-2.535
1.151,0.076
1.206,-0.384
1.203,-0.774
1.181,-0.587
1.064,1.211
0.961,-1.659
1.011,-2.589
0.864,-0.668
0.839,-2.18
0.836,-0.965
0.786,-1.138
0.725,-1.944
0.762,-2.22
0.697,-1.515
0.779,-2.168
0.704,-2.125
0.599,-2.191
0.603,0.286
0.535,-2.074
0.5,-2.047
0.471,-2.189
0.403,-1.152
0.411,-2.528
0.441,-2.382
0.333,-1.154
0.362,0.115
0.281,0.287
0.326,-0.008
0.313,0.306
0.232,-0.359
0.059,-2.811
-0.077,-2.844
-0.399,-2.572
-0.802,-2.721
-0.991,-2.798
-1.183,-2.871
-1.389,-2.815
-2.406,-2.755
-2.846,-2.865
-2.937,-2.932
-3.089,-2.801
2.695,-2.927
2.625,-2.775
2.511,-2.963
1.99,-2.808
1.824,-2.689
1.748,-2.646
1.676,-2.803
0.973,-2.657
0.785,-2.775
0.523,-2.835
0.514,-2.586
0.449,-3.049
0.386,-2.588
0.007,1.708
-0.464,1.756
-0.764,1.72
-1.028,1.879
-1.246,1.772
-1.262,1.663
-1.814,1.826
-2.615,1.627
-3.06,1.705
3.04,1.915
2.212,1.614
1.639,1.583
1.59,1.785
1.605,1.9
1.477,1.482
1.548,1.784
1.446,1.535
1.518,1.564
1.285,1.806
0.907,1.799
0.879,1.903
0.624,1.776
-0.804,-1.634
-1.801,-2.037
-2.173,-2.432
-1.981,-2.927
2.552,1.822
1.291,1.687
0.266,-0.124
0.173,0.089
-0.027,0.975
0.102,-1.106
0.091,-1.933
0.062,-2.051
-0.08,1.13
-0.096,-2.313
-0.31,-1.6
-0.411,-1.649
-0.413,-1.195
-0.408,-0.426
-0.72,0.161
-0.725,-1.382
-0.637,-2.527
-0.713,0.198
-0.791,-2.22
-0.896,-1.913
-0.907,-0.169
-1.034,-0.651
-1.024,-1.473
-0.984,-0.156
-1.002,-1.197
-1.012,-0.306
-1.225,1.442
-1.106,0.15
-1.256,-0.291
-1.258,-1.378
-1.184,-0.983
-1.241,-0.229
-1.735,1.393
-1.747,-0.908
-1.778,-2.486
-1.973,-0.967
-2.041,-2.267
-2.265,-2.484
-2.297,-0.313
-2.225,-0.55
-2.293,0.907
-2.388,0.473
-2.553,-1.011
-2.553,0.466
-2.594,0.369
-2.821,-0.781
-3.037,0.397
-3.111,-2.125
3.109,-0.341
3.089,0.002
2.882,-1.069
2.995,-2.081
2.988,-2.531
2.774,-2.166
2.871,-1.39
2.671,-0.025
2.782,-2.203
2.766,-0.48
2.587,-0.258
2.471,-0.97
2.452,-2.485
2.309,1.256
2.235,-2.519
2.364,-1.265
2.32,-1.529
2.161,0.448
2.079,-1.537
1.995,-2.314
1.795,0.089
1.476,0.305
1.429,-0.782
1.539,0.179
1.351,-1.237
1.333,0.127
1.252,0.36
1.21,-0.089
1.317,-2.348
1.163,-0.483
1.24,-1.471
1.215,-2.462
1.15,-1.939
0.973,-0.231
0.803,-1.516
0.515,-1.129
0.483,-0.014
0.552,0.372
0.52,-0.051
0.371,0.075
0.359,-0.786
0.303,-0.173
0.333,-1.232
0.284,-2.443
-0.038,-2.471
-0.094,-2.588
-0.319,-2.77
-0.257,-2.84
-1.946,-2.898
-2.054,-2.864
-2.207,-2.668
-2.191,-2.625
-2.413,-2.731
-2.884,-2.736
-2.966,-2.722
0.996,-2.761
0.399,-2.588
0.256,-2.959
-0.686,1.544
-0.652,1.505
-0.847,1.784
-0.939,1.729
-1.364,1.778
-1.261,1.679
-1.971,1.414
-1.815,1.768
-2.026,1.728
-2.135,1.794
-2.814,1.74
2.833,1.743
1.952,1.573
2.039,1.678
1.686,1.854
1.567,1.84
0.891,1.476
0.855,1.832
0.555,1.864
0.522,1.689
0.465,1.583
-0.223,-1.655
-1.284,-0.995
-1.395,-1.234
-1.707,-2.003
2.312,0.546
2.158,-0.895
2.132,-0.675
1.38,0.025
0.609,-2.485
-2.447,0.762
2.512,-0.628
1.931,0.187
1.979,-0.276
1.561,-1.414
1.296,-0.639
1.355,0.249
1.01,-1.022
0.904,0.27
0.69,0.401
0.656,0.543
-2.978,-0.708
-3.106,0.565
1.786,-1.729
-1.128,-2.609
1.687,-2.434
1.33,-2.319
-0.024,1.675
-0.034,1.393
-0.049,2.064
-0.146,-0.261
-0.326,-0.092
-0.323,-0.158
-0.393,-0.184
-0.349,-0.094
-0.374,1.325
-0.392,0.08
-0.476,1.416
-0.402,2.544
-0.44,-0.927
-0.445,1.292
-0.538,2.429
-0.503,1.568
-0.61,0.289
-0.659,0.664
-0.662,-0.286
-0.663,-0.204
-0.76,2.351
-0.789,-0.832
-0.883,-0.716
-0.925,2.317
-1.053,2.664
-1.051,-0.369
-1.083,1.311
-1.036,1.703
-1.161,0.656
-1.156,2.662
-1.324,1.214
-1.405,0.187
-1.428,1.23
-1.541,0.231
-1.542,0.817
-1.504,1.768
-1.565,-0.392
-1.496,0.717
-1.508,-0.009
-1.623,0.185
-1.728,2.281
-1.731,0.551
-1.729,-0.541
-1.76,1.873
-1.836,2.787
-1.814,1.676
-1.96,2.838
-1.973,0.983
-1.912,2.828
-2.069,2.519
-2.1,1.795
-2.058,-0.21
-2.09,1.263
-2.169,0.704
-2.189,1.358
-2.194,1.407
-2.181,1.057
-2.28,0.04
-2.305,1.923
-2.312,2.609
-2.338,2.387
-2.349,-0.396
-2.3,0.366
-2.326,0.513
-2.387,0.648
-2.38,-0.746
-2.472,1.897
-2.414,1.542
-2.438,0.344
-2.525,2.561
-2.553,1.76
-2.619,1.642
-2.584,1.55
-2.634,2.786
-2.697,0.053
-2.705,0.155
-2.819,0.969
-2.762,0.561
-2.798,1.898
-2.859,2.4
-2.825,1.128
-2.915,0.171
-2.883,0.873
-2.943,2.045
-2.9,-0.033
-2.957,1.682
-3.043,2.121
-3.123,0.615
-3.11,2.196
3.082,1.213
3.057,1.637
3.106,0.251
3.031,-0.851
2.955,-0.737
2.922,0.573
2.83,1.725
2.772,-0.95
2.777,0.699
2.6,2.192
2.584,-0.076
2.492,0.076
2.452,1.226
2.22,1.302
2.219,-0.097
2.198,2.774
2.116,-0.462
2.14,2.666
2.14,1.438
2.06,2.64
2.035,1.702
2.085,3.038
2.02,2.572
2.02,-0.546
1.915,0.635
1.904,0.647
1.972,0.181
1.966,2.693
1.88,0.772
1.854,0.284
1.855,1.978
1.862,0.197
1.869,2.327
1.771,2.024
1.642,1.843
1.621,1.496
1.555,1.106
1.572,1.719
1.474,1.026
1.467,1.378
1.324,0.316
1.343,1.425
1.332,-0.483
1.273,1.563
1.281,-0.418
1.167,0.648
1.208,-1.002
1.132,1.609
1.187,1.149
1.184,0.759
1.162,0.946
1.045,2.744
0.942,-0.126
0.992,-1.056
0.845,0.865
0.82,-0.647
0.817,0.568
0.767,0.395
0.706,-0.411
0.743,-0.687
0.678,0.018
0.76,-0.635
0.685,-0.592
0.58,-0.658
0.584,1.819
0.516,-0.541
0.481,-0.514
0.452,-0.656
0.384,0.381
0.392,-0.995
0.422,-0.849
0.314,0.379
0.343,1.648
0.262,1.82
0.307,1.525
0.294,1.839
0.213,1.174
0.04,-1.278
-0.096,-1.311
-0.418,-1.039
-0.821,-1.188
-1.01,-1.265
-1.202,-1.338
-1.408,-1.282
-2.425,-1.222
-2.865,-1.332
-2.956,-1.399
-3.108,-1.268
2.676,-1.394
2.606,-1.242
2.492,-1.43
1.971,-1.275
1.805,-1.156
1.729,-1.113
1.657,-1.27
0.954,-1.124
0.766,-1.242
0.504,-1.302
0.495,-1.053
0.43,-1.516
0.367,-1.055
-0.012,3.241
-0.483,3.289
-0.783,3.253
-1.047,3.412
-1.265,3.305
-1.281,3.196
-1.833,3.359
-2.634,3.16
-3.079,3.238
3.021,3.448
2.193,3.147
1.62,3.116
1.571,3.318
1.586,3.433
1.458,3.015
1.529,3.317
1.427,3.068
1.499,3.097
1.266,3.339
0.888,3.332
0.86,3.436
0.605,3.309
-0.823,-0.101
-1.82,-0.504
-2.192,-0.899
-2.0,-1.394
2.533,3.355
1.272,3.22
0.247,1.409
0.154,1.622
-0.046,2.508
0.083,0.427
0.072,-0.4
0.043,-0.518
-0.099,2.663
-0.115,-0.78
-0.329,-0.067
-0.43,-0.116
-0.432,0.338
-0.427,1.107
-0.739,1.694
-0.744,0.151
-0.656,-0.994
-0.732,1.731
-0.81,-0.687
-0.915,-0.38
-0.926,1.364
-1.053,0.882
-1.043,0.06
-1.003,1.377
-1.021,0.336
-1.031,1.227
-1.244,2.975
-1.125,1.683
-1.275,1.242
-1.277,0.155
-1.203,0.55
-1.26,1.304
-1.754,2.926
-1.766,0.625
-1.797,-0.953
-1.992,0.566
-2.06,-0.734
-2.284,-0.951
-2.316,1.22
-2.244,0.983
-2.312,2.44
-2.407,2.006
-2.572,0.522
-2.572,1.999
-2.613,1.902
-2.84,0.752
-3.056,1.93
-3.13,-0.592
3.09,1.192
3.07,1.535
2.863,0.464
2.976,-0.548
2.969,-0.998
2.755,-0.633
2.852,0.143
2.652,1.508
2.763,-0.67
2.747,1.053
2.568,1.275
2.452,0.563
2.433,-0.952
2.29,2.789
2.216,-0.986
2.345,0.268
2.301,0.004
2.142,1.981
2.06,-0.004
1.976,-0.781
1.776,1.622
1.457,1.838
1.41,0.751
1.52,1.712
1.332,0.296
1.314,1.66
1.233,1.893
1.191,1.444
1.298,-0.815
1.144,1.05
1.221,0.062
1.196,-0.929
1.131,-0.406
0.954,1.302
0.784,0.017
0.496,0.404
0.464,1.519
0.533,1.905
0.501,1.482
0.352,1.608
0.34,0.747
0.284,1.36
0.314,0.301
0.265,-0.91
-0.057,-0.938
-0.113,-1.055
-0.338,-1.237
-0.276,-1.307
-1.965,-1.365
-2.073,-1.331
-2.226,-1.135
-2.21,-1.092
-2.432,-1.198
-2.903,-1.203
-2.985,-1.189
0.977,-1.228
0.38,-1.055
0.237,-1.426
-0.705,3.077
-0.671,3.038
-0.866,3.317
-0.958,3.262
-1.383,3.311
-1.28,3.212
-1.99,2.947
-1.834,3.301
-2.045,3.261
-2.154,3.327
-2.833,3.273
2.814,3.276
1.933,3.106
2.02,3.211
1.667,3.387
1.548,3.373
0.872,3.009
0.836,3.365
0.536,3.397
0.503,3.222
0.446,3.116
-0.242,-0.122
-1.303,0.538
-1.414,0.299
-1.726,-0.47
2.293,2.079
2.139,0.638
2.113,0.858
1.361,1.558
0.59,-0.952
-2.466,2.295
2.493,0.905
1.912,1.72
1.96,1.257
1.542,0.119
1.277,0.894
1.336,1.782
0.991,0.511
0.885,1.803
0.671,1.934
0.637,2.076
-2.997,0.825
-3.125,2.098
1.767,-0.196
-1.147,-1.076
1.668,-0.901
1.311,-0.786
-0.01,-0.282
-0.025,0.389
-0.122,-1.936
-0.302,-1.767
-0.299,-1.833
-0.369,-1.859
-0.325,-1.769
-0.35,-0.35
-0.368,-1.595
-0.452,-0.259
-0.378,0.869
-0.416,-2.602
-0.421,-0.383
-0.514,0.754
-0.479,-0.107
-0.586,-1.386
-0.635,-1.011
-0.638,-1.961
-0.639,-1.879
-0.736,0.676
-0.765,-2.507
-0.859,-2.391
-0.901,0.642
-1.029,0.989
-1.027,-2.044
-1.059,-0.364
-1.012,0.028
-1.137,-1.019
-1.132,0.987
-1.3,-0.461
-1.381,-1.488
-1.404,-0.445
-1.517,-1.444
-1.518,-0.858
-1.48,0.093
-1.541,-2.067
-1.472,-0.958
-1.484,-1.684
-1.599,-1.49
-1.704,0.606
-1.707,-1.124
-1.705,-2.216
-1.736,0.198
-1.812,1.112
-1.79,0.001
-1.936,1.163
-1.949,-0.692
-1.888,1.153
-2.045,0.844
-2.076,0.12
-2.034,-1.885
-2.066,-0.412
-2.145,-0.971
-2.165,-0.317
-2.17,-0.268
-2.157,-0.618
-2.256,-1.635
-2.281,0.248
-2.288,0.934
-2.314,0.712
-2.325,-2.071
-2.276,-1.309
-2.302,-1.162
-2.363,-1.027
-2.356,-2.421
-2.448,0.222
-2.39,-0.133
-2.414,-1.331
-2.501,0.886
-2.529,0.085
-2.595,-0.033
-2.56,-0.125
-2.61,1.111
-2.673,-1.622
-2.681,-1.52
-2.795,-0.706
-2.738,-1.114
-2.774,0.223
-2.835,0.725
-2.801,-0.547
-2.891,-1.504
-2.859,-0.802
-2.919,0.37
-2.876,-1.708
-2.933,0.007
-3.019,0.446
-3.099,-1.06
-3.086,0.521
3.106,-0.462
3.081,-0.038
3.13,-1.424
3.055,-2.526
2.979,-2.412
2.946,-1.102
2.854,0.05
2.796,-2.625
2.801,-0.976
2.624,0.517
2.608,-1.751
2.516,-1.599
2.476,-0.449
2.244,-0.373
2.243,-1.772
2.222,1.099
2.14,-2.137
2.164,0.991
2.164,-0.237
2.084,0.965
2.059,0.027
2.109,1.363
2.044,0.897
2.044,-2.221
1.939,-1.04
1.928,-1.028
1.996,-1.494
1.99,1.018
1.904,-0.903
1.878,-1.391
1.879,0.303
1.886,-1.478
1.893,0.652
1.795,0.349
1.666,0.168
1.645,-0.179
1.579,-0.569
1.596,0.044
1.498,-0.649
1.491,-0.297
1.348,-1.359
1.367,-0.25
1.356,-2.158
1.297,-0.112
1.305,-2.093
1.191,-1.027
1.232,-2.677
1.156,-0.066
1.211,-0.526
1.208,-0.916
1.186,-0.729
1.069,1.069
0.966,-1.801
1.016,-2.731
0.869,-0.81
0.844,-2.322
0.841,-1.107
0.791,-1.28
0.73,-2.086
0.767,-2.362
0.702,-1.657
0.784,-2.31
0.709,-2.267
0.604,-2.333
0.608,0.144
0.54,-2.216
0.505,-2.189
0.476,-2.331
0.408,-1.294
0.416,-2.67
0.446,-2.524
0.338,-1.296
0.367,-0.027
0.286,0.145
0.331,-0.15
0.318,0.164
0.237,-0.501
0.064,-2.953
-0.072,-2.986
-0.394,-2.714
-0.797,-2.863
-0.986,-2.94
-1.178,-3.013
-1.384,-2.957
-2.401,-2.897
-2.841,-3.007
-2.932,-3.074
-3.084,-2.943
2.7,-3.069
2.63,-2.917
2.516,-3.105
1.995,-2.95
1.829,-2.831
1.753,-2.788
1.681,-2.945
0.978,-2.799
0.79,-2.917
0.528,-2.977
0.519,-2.728
0.454,-3.191
0.391,-2.73
0.012,1.566
-0.459,1.614
-0.759,1.578
-1.023,1.737
-1.241,1.63
-1.257,1.521
-1.809,1.684
-2.61,1.485
-3.055,1.563
3.045,1.773
2.217,1.472
1.644,1.441
1.595,1.643
1.61,1.758
1.482,1.34
1.553,1.642
1.451,1.393
1.523,1.422
1.29,1.664
0.912,1.657
0.884,1.761
0.629,1.634
-0.799,-1.776
-1.796,-2.179
-2.168,-2.574
-1.976,-3.069
2.557,1.68
1.296,1.545
0.271,-0.266
0.178,-0.053
-0.022,0.833
0.107,-1.248
0.096,-2.075
0.067,-2.193
-0.075,0.988
-0.091,-2.455
-0.305,-1.742
-0.406,-1.791
-0.408,-1.337
-0.403,-0.568
-0.715,0.019
-0.72,-1.524
-0.632,-2.669
-0.708,0.056
-0.786,-2.362
-0.891,-2.055
-0.902,-0.311
-1.029,-0.793
-1.019,-1.615
-0.979,-0.298
-0.997,-1.339
-1.007,-0.448
-1.22,1.3
-1.101,0.008
-1.251,-0.433
-1.253,-1.52
-1.179,-1.125
-1.236,-0.371
-1.73,1.251
-1.742,-1.05
-1.773,-2.628
-1.968,-1.109
-2.036,-2.409
-2.26,-2.626
-2.292,-0.455
-2.22,-0.692
-2.288,0.765
-2.383,0.331
-2.548,-1.153
-2.548,0.324
-2.589,0.227
-2.816,-0.923
-3.032,0.255
-3.106,-2.267
3.114,-0.483
3.094,-0.14
2.887,-1.211
3.0,-2.223
2.993,-2.673
2.779,-2.308
2.876,-1.532
2.676,-0.167
2.787,-2.345
2.771,-0.622
2.592,-0.4
2.476,-1.112
2.457,-2.627
2.314,1.114
2.24,-2.661
2.369,-1.407
2.325,-1.671
2.166,0.306
2.084,-1.679
2.0,-2.456
1.8,-0.053
1.481,0.163
1.434,-0.924
1.544,0.037
1.356,-1.379
1.338,-0.015
1.257,0.218
1.215,-0.231
1.322,-2.49
1.168,-0.625
1.245,-1.613
1.22,-2.604
1.155,-2.081
0.978,-0.373
0.808,-1.658
0.52,-1.271
0.488,-0.156
0.557,0.23
0.525,-0.193
0.376,-0.067
0.364,-0.928
0.308,-0.315
0.338,-1.374
0.289,-2.585
-0.033,-2.613
-0.089,-2.73
-0.314,-2.912
-0.252,-2.982
-1.941,-3.04
-2.049,-3.006
-2.202,-2.81
-2.186,-2.767
-2.408,-2.873
-2.879,-2.878
-2.961,-2.864
1.001,-2.903
0.404,-2.73
0.261,-3.101
-0.681,1.402
-0.647,1.363
-0.842,1.642
-0.934,1.587
-1.359,1.636
-1.256,1.537
-1.966,1.272
-1.81,1.626
-2.021,1.586
-2.13,1.652
-2.809,1.598
2.838,1.601
1.957,1.431
2.044,1.536
1.691,1.712
1.572,1.698
0.896,1.334
0.86,1.69
0.56,1.722
0.527,1.547
0.47,1.441
-0.218,-1.797
-1.279,-1.137
-1.39,-1.376
-1.702,-2.145
2.317,0.404
2.163,-1.037
2.137,-0.817
1.385,-0.117
0.614,-2.627
-2.442,0.62
2.517,-0.77
1.936,0.045
1.984,-0.418
1.566,-1.556
1.301,-0.781
1.36,0.107
1.015,-1.164
0.909,0.128
0.695,0.259
0.661,0.401
-2.973,-0.85
-3.101,0.423
1.791,-1.871
-1.123,-2.751
1.692,-2.576
1.335,-2.461
-0.015,0.671
-0.112,-1.654
-0.292,-1.485
-0.289,-1.551
-0.359,-1.577
-0.315,-1.487
-0.34,-0.068
-0.358,-1.313
-0.442,0.023
-0.368,1.151
-0.406,-2.32
-0.411,-0.101
-0.504,1.036
-0.469,0.175
-0.576,-1.104
-0.625,-0.729
-0.628,-1.679
-0.629,-1.597
-0.726,0.958
-0.755,-2.225
-0.849,-2.109
-0.891,0.924
-1.019,1.271
-1.017,-1.762
-1.049,-0.082
-1.002,0.31
-1.127,-0.737
-1.122,1.269
-1.29,-0.179
-1.371,-1.206
-1.394,-0.163
-1.507,-1.162
-1.508,-0.576
-1.47,0.375
-1.531,-1.785
-1.462,-0.676
-1.474,-1.402
-1.589,-1.208
-1.694,0.888
-1.697,-0.842
-1.695,-1.934
-1.726,0.48
-1.802,1.394
-1.78,0.283
-1.926,1.445
-1.939,-0.41
-1.878,1.435
-2.035,1.126
-2.066,0.402
-2.024,-1.603
-2.056,-0.13
-2.135,-0.689
-2.155,-0.035
-2.16,0.014
-2.147,-0.336
-2.246,-1.353
-2.271,0.53
-2.278,1.216
-2.304,0.994
-2.315,-1.789
-2.266,-1.027
-2.292,-0.88
-2.353,-0.745
-2.346,-2.139
-2.438,0.504
-2.38,0.149
-2.404,-1.049
-2.491,1.168
-2.519,0.367
-2.585,0.249
-2.55,0.157
-2.6,1.393
-2.663,-1.34
-2.671,-1.238
-2.785,-0.424
-2.728,-0.832
-2.764,0.505
-2.825,1.007
-2.791,-0.265
-2.881,-1.222
-2.849,-0.52
-2.909,0.652
-2.866,-1.426
-2.923,0.289
-3.009,0.728
-3.089,-0.778
-3.076,0.803
3.116,-0.18
3.091,0.244
3.14,-1.142
3.065,-2.244
2.989,-2.13
2.956,-0.82
2.864,0.332
2.806,-2.343
2.811,-0.694
2.634,0.799
2.618,-1.469
2.526,-1.317
2.486,-0.167
2.254,-0.091
2.253,-1.49
2.232,1.381
2.15,-1.855
2.174,1.273
2.174,0.045
2.094,1.247
2.069,0.309
2.119,1.645
2.054,1.179
2.054,-1.939
1.949,-0.758
1.938,-0.746
2.006,-1.212
2.0,1.3
1.914,-0.621
1.888,-1.109
1.889,0.585
1.896,-1.196
1.903,0.934
1.805,0.631
1.676,0.45
1.655,0.103
1.589,-0.287
1.606,0.326
1.508,-0.367
1.501,-0.015
1.358,-1.077
1.377,0.032
1.366,-1.876
1.307,0.17
1.315,-1.811
1.201,-0.745
1.242,-2.395
1.166,0.216
1.221,-0.244
1.218,-0.634
1.196,-0.447
1.079,1.351
0.976,-1.519
1.026,-2.449
0.879,-0.528
0.854,-2.04
0.851,-0.825
0.801,-0.998
0.74,-1.804
0.777,-2.08
0.712,-1.375
0.794,-2.028
0.719,-1.985
0.614,-2.051
0.618,0.426
0.55,-1.934
0.515,-1.907
0.486,-2.049
0.418,-1.012
0.426,-2.388
0.456,-2.242
0.348,-1.014
0.377,0.255
0.296,0.427
0.341,0.132
0.328,0.446
0.247,-0.219
0.074,-2.671
-0.062,-2.704
-0.384,-2.432
-0.787,-2.581
-0.976,-2.658
-1.168,-2.731
-1.374,-2.675
-2.391,-2.615
-2.831,-2.725
-2.922,-2.792
-3.074,-2.661
2.71,-2.787
2.64,-2.635
2.526,-2.823
2.005,-2.668
1.839,-2.549
1.763,-2.506
1.691,-2.663
0.988,-2.517
0.8,-2.635
0.538,-2.695
0.529,-2.446
0.464,-2.909
0.401,-2.448
0.022,1.848
-0.449,1.896
-0.749,1.86
-1.013,2.019
-1.231,1.912
-1.247,1.803
-1.799,1.966
-2.6,1.767
-3.045,1.845
3.055,2.055
2.227,1.754
1.654,1.723
1.605,1.925
1.62,2.04
1.492,1.622
1.563,1.924
1.461,1.675
1.533,1.704
1.3,1.946
0.922,1.939
0.894,2.043
0.639,1.916
-0.789,-1.494
-1.786,-1.897
-2.158,-2.292
-1.966,-2.787
2.567,1.962
1.306,1.827
0.281,0.016
0.188,0.229
-0.012,1.115
0.117,-0.966
0.106,-1.793
0.077,-1.911
-0.065,1.27
-0.081,-2.173
-0.295,-1.46
-0.396,-1.509
-0.398,-1.055
-0.393,-0.286
-0.705,0.301
-0.71,-1.242
-0.622,-2.387
-0.698,0.338
-0.776,-2.08
-0.881,-1.773
-0.892,-0.029
-1.019,-0.511
-1.009,-1.333
-0.969,-0.016
-0.987,-1.057
-0.997,-0.166
-1.21,1.582
-1.091,0.29
-1.241,-0.151
-1.243,-1.238
-1.169,-0.843
-1.226,-0.089
-1.72,1.533
-1.732,-0.768
-1.763,-2.346
-1.958,-0.827
-2.026,-2.127
-2.25,-2.344
-2.282,-0.173
-2.21,-0.41
-2.278,1.047
-2.373,0.613
-2.538,-0.871
-2.538,0.606
-2.579,0.509
-2.806,-0.641
-3.022,0.537
-3.096,-1.985
3.124,-0.201
3.104,0.142
2.897,-0.929
3.01,-1.941
3.003,-2.391
2.789,-2.026
2.886,-1.25
2.686,0.115
2.797,-2.063
2.781,-0.34
2.602,-0.118
2.486,-0.83
2.467,-2.345
2.324,1.396
2.25,-2.379
2.379,-1.125
2.335,-1.389
2.176,0.588
2.094,-1.397
2.01,-2.174
1.81,0.229
1.491,0.445
1.444,-0.642
1.554,0.319
1.366,-1.097
1.348,0.267
1.267,0.5
1.225,0.051
1.332,-2.208
1.178,-0.343
1.255,-1.331
1.23,-2.322
1.165,-1.799
0.988,-0.091
0.818,-1.376
0.53,-0.989
0.498,0.126
0.567,0.512
0.535,0.089
0.386,0.215
0.374,-0.646
0.318,-0.033
0.348,-1.092
0.299,-2.303
-0.023,-2.331
-0.079,-2.448
-0.304,-2.63
-0.242,-2.7
-1.931,-2.758
-2.039,-2.724
-2.192,-2.528
-2.176,-2.485
-2.398,-2.591
-2.869,-2.596
-2.951,-2.582
1.011,-2.621
0.414,-2.448
0.271,-2.819
-0.671,1.684
-0.637,1.645
-0.832,1.924
-0.924,1.869
-1.349,1.918
-1.246,1.819
-1.956,1.554
-1.8,1.908
-2.011,1.868
-2.12,1.934
-2.799,1.88
2.848,1.883
1.967,1.713
2.054,1.818
1.701,1.994
1.582,1.98
0.906,1.616
0.87,1.972
0.57,2.004
0.537,1.829
0.48,1.723
-0.208,-1.515
-1.269,-0.855
-1.38,-1.094
-1.692,-1.863
2.327,0.686
2.173,-0.755
2.147,-0.535
1.395,0.165
0.624,-2.345
-2.432,0.902
2.527,-0.488
1.946,0.327
1.994,-0.136
1.576,-1.274
1.311,-0.499
1.37,0.389
1.025,-0.882
0.919,0.41
0.705,0.541
0.671,0.683
-2.963,-0.568
-3.091,0.705
1.801,-1.589
-1.113,-2.469
1.702,-2.294
1.345,-2.179
-0.097,-2.325
-0.277,-2.156
-0.274,-2.222
-0.344,-2.248
-0.3,-2.158
-0.325,-0.739
-0.343,-1.984
-0.427,-0.648
-0.353,0.48
-0.391,-2.991
-0.396,-0.772
-0.489,0.365
-0.454,-0.496
-0.561,-1.775
-0.61,-1.4
-0.613,-2.35
-0.614,-2.268
-0.711,0.287
-0.74,-2.896
-0.834,-2.78
-0.876,0.253
-1.004,0.6
-1.002,-2.433
-1.034,-0.753
-0.987,-0.361
-1.112,-1.408
-1.107,0.598
-1.275,-0.85
-1.356,-1.877
-1.379,-0.834
-1.492,-1.833
-1.493,-1.247
-1.455,-0.296
-1.516,-2.456
-1.447,-1.347
-1.459,-2.073
-1.574,-1.879
-1.679,0.217
-1.682,-1.513
-1.68,-2.605
-1.711,-0.191
-1.787,0.723
-1.765,-0.388
-1.911,0.774
-1.924,-1.081
-1.863,0.764
-2.02,0.455
-2.051,-0.269
-2.009,-2.274
-2.041,-0.801
-2.12,-1.36
-2.14,-0.706
-2.145,-0.657
-2.132,-1.007
-2.231,-2.024
-2.256,-0.141
-2.263,0.545
-2.289,0.323
-2.3,-2.46
-2.251,-1.698
-2.277,-1.551
-2.338,-1.416
-2.331,-2.81
-2.423,-0.167
-2.365,-0.522
-2.389,-1.72
-2.476,0.497
-2.504,-0.304
-2.57,-0.422
-2.535,-0.514
-2.585,0.722
-2.648,-2.011
-2.656,-1.909
-2.77,-1.095
-2.713,-1.503
-2.749,-0.166
-2.81,0.336
-2.776,-0.936
-2.866,-1.893
-2.834,-1.191
-2.894,-0.019
-2.851,-2.097
-2.908,-0.382
-2.994,0.057
-3.074,-1.449
-3.061,0.132
3.131,-0.851
3.106,-0.427
-3.128,-1.813
3.08,-2.915
3.004,-2.801
2.971,-1.491
2.879,-0.339
2.821,-3.014
2.826,-1.365
2.649,0.128
2.633,-2.14
2.541,-1.988
2.501,-0.838
2.269,-0.762
2.268,-2.161
2.247,0.71
2.165,-2.526
2.189,0.602
2.189,-0.626
2.109,0.576
2.084,-0.362
2.134,0.974
2.069,0.508
2.069,-2.61
1.964,-1.429
1.953,-1.417
2.021,-1.883
2.015,0.629
1.929,-1.292
1.903,-1.78
1.904,-0.086
1.911,-1.867
1.918,0.263
1.82,-0.04
1.691,-0.221
1.67,-0.568
1.604,-0.958
1.621,-0.345
1.523,-1.038
1.516,-0.686
1.373,-1.748
1.392,-0.639
1.381,-2.547
1.322,-0.501
1.33,-2.482
1.216,-1.416
1.257,-3.066
1.181,-0.455
1.236,-0.915
1.233,-1.305
1.211,-1.118
1.094,0.68
0.991,-2.19
1.041,-3.12
0.894,-1.199
0.869,-2.711
0.866,-1.496
0.816,-1.669
0.755,-2.475
0.792,-2.751
0.727,-2.046
0.809,-2.699
0.734,-2.656
0.629,-2.722
0.633,-0.245
0.565,-2.605
0.53,-2.578
0.501,-2.72
0.433,-1.683
0.441,-3.059
0.471,-2.913
0.363,-1.685
0.392,-0.416
0.311,-0.244
0.356,-0.539
0.343,-0.225
0.262,-0.89
0.089,-3.342
-0.047,-3.375
-0.369,-3.103
-0.772,-3.252
-0.961,-3.329
-1.153,-3.402
-1.359,-3.346
-2.376,-3.286
-2.816,-3.396
-2.907,-3.463
-3.059,-3.332
2.725,-3.458
2.655,-3.306
2.541,-3.494
2.02,-3.339
1.854,-3.22
1.778,-3.177
1.706,-3.334
1.003,-3.188
0.815,-3.306
0.553,-3.366
0.544,-3.117
0.479,-3.58
0.416,-3.119
0.037,1.177
-0.434,1.225
-0.734,1.189
-0.998,1.348
-1.216,1.241
-1.232,1.132
-1.784,1.295
-2.585,1.096
-3.03,1.174
3.07,1.384
2.242,1.083
1.669,1.052
1.62,1.254
1.635,1.369
1.507,0.951
1.578,1.253
1.476,1.004
1.548,1.033
1.315,1.275
0.937,1.268
0.909,1.372
0.654,1.245
-0.774,-2.165
-1.771,-2.568
-2.143,-2.963
-1.951,-3.458
2.582,1.291
1.321,1.156
0.296,-0.655
0.203,-0.442
0.003,0.444
0.132,-1.637
0.121,-2.464
0.092,-2.582
-0.05,0.599
-0.066,-2.844
-0.28,-2.131
-0.381,-2.18
-0.383,-1.726
-0.378,-0.957
-0.69,-0.37
-0.695,-1.913
-0.607,-3.058
-0.683,-0.333
-0.761,-2.751
-0.866,-2.444
-0.877,-0.7
-1.004,-1.182
-0.994,-2.004
-0.954,-0.687
-0.972,-1.728
-0.982,-0.837
-1.195,0.911
-1.076,-0.381
-1.226,-0.822
-1.228,-1.909
-1.154,-1.514
-1.211,-0.76
-1.705,0.862
-1.717,-1.439
-1.748,-3.017
-1.943,-1.498
-2.011,-2.798
-2.235,-3.015
-2.267,-0.844
-2.195,-1.081
-2.263,0.376
-2.358,-0.058
-2.523,-1.542
-2.523,-0.065
-2.564,-0.162
-2.791,-1.312
-3.007,-0.134
-3.081,-2.656
3.139,-0.872
3.119,-0.529
2.912,-1.6
3.025,-2.612
3.018,-3.062
2.804,-2.697
2.901,-1.921
2.701,-0.556
2.812,-2.734
2.796,-1.011
2.617,-0.789
2.501,-1.501
2.482,-3.016
2.339,0.725
2.265,-3.05
2.394,-1.796
2.35,-2.06
2.191,-0.083
2.109,-2.068
2.025,-2.845
1.825,-0.442
1.506,-0.226
1.459,-1.313
1.569,-0.352
1.381,-1.768
1.363,-0.404
1.282,-0.171
1.24,-0.62
1.347,-2.879
1.193,-1.014
1.27,-2.002
1.245,-2.993
1.18,-2.47
1.003,-0.762
0.833,-2.047
0.545,-1.66
0.513,-0.545
0.582,-0.159
0.55,-0.582
0.401,-0.456
0.389,-1.317
0.333,-0.704
0.363,-1.763
0.314,-2.974
-0.008,-3.002
-0.064,-3.119
-0.289,-3.301
-0.227,-3.371
-1.916,-3.429
-2.024,-3.395
-2.177,-3.199
-2.161,-3.156
-2.383,-3.262
-2.854,-3.267
-2.936,-3.253
1.026,-3.292
0.429,-3.119
0.286,-3.49
-0.656,1.013
-0.622,0.974
-0.817,1.253
-0.909,1.198
-1.334,1.247
-1.231,1.148
-1.941,0.883
-1.785,1.237
-1.996,1.197
-2.105,1.263
-2.784,1.209
2.863,1.212
1.982,1.042
2.069,1.147
1.716,1.323
1.597,1.309
0.921,0.945
0.885,1.301
0.585,1.333
0.552,1.158
0.495,1.052
-0.193,-2.186
-1.254,-1.526
-1.365,-1.765
-1.677,-2.534
2.342,0.015
2.188,-1.426
2.162,-1.206
1.41,-0.506
0.639,-3.016
-2.417,0.231
2.542,-1.159
1.961,-0.344
2.009,-0.807
1.591,-1.945
1.326,-1.17
1.385,-0.282
1.04,-1.553
0.934,-0.261
0.72,-0.13
0.686,0.012
-2.948,-1.239
-3.076,0.034
1.816,-2.26
-1.098,-3.14
1.717,-2.965
1.36,-2.85
-0.18,0.169
-0.177,0.103
-0.247,0.077
-0.203,0.167
-0.228,1.586
-0.246,0.341
-0.33,1.677
-0.256,2.805
-0.294,-0.666
-0.299,1.553
-0.392,2.69
-0.357,1.829
-0.464,0.55
-0.513,0.925
-0.516,-0.025
-0.517,0.057
-0.614,2.612
-0.643,-0.571
-0.737,-0.455
-0.779,2.578
-0.907,2.925
-0.905,-0.108
-0.937,1.572
-0.89,1.964
-1.015,0.917
-1.01,2.923
-1.178,1.475
-1.259,0.448
-1.282,1.491
-1.395,0.492
-1.396,1.078
-1.358,2.029
-1.419,-0.131
-1.35,0.978
-1.362,0.252
-1.477,0.446
-1.582,2.542
-1.585,0.812
-1.583,-0.28
-1.614,2.134
-1.69,3.048
-1.668,1.937
-1.814,3.099
-1.827,1.244
-1.766,3.089
-1.923,2.78
-1.954,2.056
-1.912,0.051
-1.944,1.524
-2.023,0.965
-2.043,1.619
-2.048,1.668
-2.035,1.318
-2.134,0.301
-2.159,2.184
-2.166,2.87
-2.192,2.648
-2.203,-0.135
-2.154,0.627
-2.18,0.774
-2.241,0.909
-2.234,-0.485
-2.326,2.158
-2.268,1.803
-2.292,0.605
-2.379,2.822
-2.407,2.021
-2.473,1.903
-2.438,1.811
-2.488,3.047
-2.551,0.314
-2.559,0.416
-2.673,1.23
-2.616,0.822
-2.652,2.159
-2.713,2.661
-2.679,1.389
-2.769,0.432
-2.737,1.134
-2.797,2.306
-2.754,0.228
-2.811,1.943
-2.897,2.382
-2.977,0.876
-2.964,2.457
-3.055,1.474
-3.08,1.898
-3.031,0.512
-3.106,-0.59
3.101,-0.476
3.068,0.834
2.976,1.986
2.918,-0.689
2.923,0.96
2.746,2.453
2.73,0.185
2.638,0.337
2.598,1.487
2.366,1.563
2.365,0.164
2.344,3.035
2.262,-0.201
2.286,2.927
2.286,1.699
2.206,2.901
2.181,1.963
2.231,3.299
2.166,2.833
2.166,-0.285
2.061,0.896
2.05,0.908
2.118,0.442
2.112,2.954
2.026,1.033
2.0,0.545
2.001,2.239
2.008,0.458
2.015,2.588
1.917,2.285
1.788,2.104
1.767,1.757
1.701,1.367
1.718,1.98
1.62,1.287
1.613,1.639
1.47,0.577
1.489,1.686
1.478,-0.222
1.419,1.824
1.427,-0.157
1.313,0.909
1.354,-0.741
1.278,1.87
1.333,1.41
1.33,1.02
1.308,1.207
1.191,3.005
1.088,0.135
1.138,-0.795
0.991,1.126
0.966,-0.386
0.963,0.829
0.913,0.656
0.852,-0.15
0.889,-0.426
0.824,0.279
0.906,-0.374
0.831,-0.331
0.726,-0.397
0.73,2.08
0.662,-0.28
0.627,-0.253
0.598,-0.395
0.53,0.642
0.538,-0.734
0.568,-0.588
0.46,0.64
0.489,1.909
0.408,2.081
0.453,1.786
0.44,2.1
0.359,1.435
0.186,-1.017
0.05,-1.05
-0.272,-0.778
-0.675,-0.927
-0.864,-1.004
-1.056,-1.077
-1.262,-1.021
-2.279,-0.961
-2.719,-1.071
-2.81,-1.138
-2.962,-1.007
2.822,-1.133
2.752,-0.981
2.638,-1.169
2.117,-1.014
1.951,-0.895
1.875,-0.852
1.803,-1.009
1.1,-0.863
0.912,-0.981
0.65,-1.041
0.641,-0.792
0.576,-1.255
0.513,-0.794
0.134,3.502
-0.337,3.55
-0.637,3.514
-0.901,3.673
-1.119,3.566
-1.135,3.457
-1.687,3.62
-2.488,3.421
-2.933,3.499
-3.116,3.709
2.339,3.408
1.766,3.377
1.717,3.579
1.732,3.694
1.604,3.276
1.675,3.578
1.573,3.329
1.645,3.358
1.412,3.6
1.034,3.593
1.006,3.697
0.751,3.57
-0.677,0.16
-1.674,-0.243
-2.046,-0.638
-1.854,-1.133
2.679,3.616
1.418,3.481
0.393,1.67
0.3,1.883
0.1,2.769
0.229,0.688
0.218,-0.139
0.189,-0.257
0.047,2.924
0.031,-0.519
-0.183,0.194
-0.284,0.145
-0.286,0.599
-0.281,1.368
-0.593,1.955
-0.598,0.412
-0.51,-0.733
-0.586,1.992
-0.664,-0.426
-0.769,-0.119
-0.78,1.625
-0.907,1.143
-0.897,0.321
-0.857,1.638
-0.875,0.597
-0.885,1.488
-1.098,3.236
-0.979,1.944
-1.129,1.503
-1.131,0.416
-1.057,0.811
-1.114,1.565
-1.608,3.187
-1.62,0.886
-1.651,-0.692
-1.846,0.827
-1.914,-0.473
-2.138,-0.69
-2.17,1.481
-2.098,1.244
-2.166,2.701
-2.261,2.267
-2.426,0.783
-2.426,2.26
-2.467,2.163
-2.694,1.013
-2.91,2.191
-2.984,-0.331
-3.047,1.453
-3.067,1.796
3.009,0.725
3.122,-0.287
3.115,-0.737
2.901,-0.372
2.998,0.404
2.798,1.769
2.909,-0.409
2.893,1.314
2.714,1.536
2.598,0.824
2.579,-0.691
2.436,3.05
2.362,-0.725
2.491,0.529
2.447,0.265
2.288,2.242
2.206,0.257
2.122,-0.52
1.922,1.883
1.603,2.099
1.556,1.012
1.666,1.973
1.478,0.557
1.46,1.921
1.379,2.154
1.337,1.705
1.444,-0.554
1.29,1.311
1.367,0.323
1.342,-0.668
1.277,-0.145
1.1,1.563
0.93,0.278
0.642,0.665
0.61,1.78
0.679,2.166
0.647,1.743
0.498,1.869
0.486,1.008
0.43,1.621
0.46,0.562
0.411,-0.649
0.089,-0.677
0.033,-0.794
-0.192,-0.976
-0.13,-1.046
-1.819,-1.104
-1.927,-1.07
-2.08,-0.874
-2.064,-0.831
-2.286,-0.937
-2.757,-0.942
-2.839,-0.928
1.123,-0.967
0.526,-0.794
0.383,-1.165
-0.559,3.338
-0.525,3.299
-0.72,3.578
-0.812,3.523
-1.237,3.572
-1.134,3.473
-1.844,3.208
-1.688,3.562
-1.899,3.522
-2.008,3.588
-2.687,3.534
2.96,3.537
2.079,3.367
2.166,3.472
1.813,3.648
1.694,3.634
1.018,3.27
0.982,3.626
0.682,3.658
0.649,3.483
0.592,3.377
-0.096,0.139
-1.157,0.799
-1.268,0.56
-1.58,-0.209
2.439,2.34
2.285,0.899
2.259,1.119
1.507,1.819
0.736,-0.691
-2.32,2.556
2.639,1.166
2.058,1.981
2.106,1.518
1.688,0.38
1.423,1.155
1.482,2.043
1.137,0.772
1.031,2.064
0.817,2.195
0.783,2.337
-2.851,1.086
-2.979,2.359
1.913,0.065
-1.001,-0.815
1.814,-0.64
1.457,-0.525
0.003,-0.066
-0.067,-0.092
-0.023,-0.002
-0.048,1.417
-0.066,0.172
-0.15,1.508
-0.076,2.636
-0.114,-0.835
-0.119,1.384
-0.212,2.521
-0.177,1.66
-0.284,0.381
-0.333,0.756
-0.336,-0.194
-0.337,-0.112
-0.434,2.443
-0.463,-0.74
-0.557,-0.624
-0.599,2.409
-0.727,2.756
-0.725,-0.277
-0.757,1.403
-0.71,1.795
-0.835,0.748
-0.83,2.754
-0.998,1.306
-1.079,0.279
-1.102,1.322
-1.215,0.323
-1.216,0.909
-1.178,1.86
-1.239,-0.3
-1.17,0.809
-1.182,0.083
-1.297,0.277
-1.402,2.373
-1.405,0.643
-1.403,-0.449
-1.434,1.965
-1.51,2.879
-1.488,1.768
-1.634,2.93
-1.647,1.075
-1.586,2.92
-1.743,2.611
-1.774,1.887
-1.732,-0.118
-1.764,1.355
-1.843,0.796
-1.863,1.45
-1.868,1.499
-1.855,1.149
-1.954,0.132
-1.979,2.015
-1.986,2.701
-2.012,2.479
-2.023,-0.304
-1.974,0.458
-2.0,0.605
-2.061,0.74
-2.054,-0.654
-2.146,1.989
-2.088,1.634
-2.112,0.436
-2.199,2.653
-2.227,1.852
-2.293,1.734
-2.258,1.642
-2.308,2.878
-2.371,0.145
-2.379,0.247
-2.493,1.061
-2.436,0.653
-2.472,1.99
-2.533,2.492
-2.499,1.22
-2.589,0.263
-2.557,0.965
-2.617,2.137
-2.574,0.059
-2.631,1.774
-2.717,2.213
-2.797,0.707
-2.784,2.288
-2.875,1.305
-2.9,1.729
-2.851,0.343
-2.926,-0.759
-3.002,-0.645
-3.035,0.665
-3.127,1.817
3.098,-0.858
3.103,0.791
2.926,2.284
2.91,0.016
2.818,0.168
2.778,1.318
2.546,1.394
2.545,-0.005
2.524,2.866
2.442,-0.37
2.466,2.758
2.466,1.53
2.386,2.732
2.361,1.794
2.411,3.13
2.346,2.664
2.346,-0.454
2.241,0.727
2.23,0.739
2.298,0.273
2.292,2.785
2.206,0.864
2.18,0.376
2.181,2.07
2.188,0.289
2.195,2.419
2.097,2.116
1.968,1.935
1.947,1.588
1.881,1.198
1.898,1.811
1.8,1.118
1.793,1.47
1.65,0.408
1.669,1.517
1.658,-0.391
1.599,1.655
1.607,-0.326
1.493,0.74
1.534,-0.91
1.458,1.701
1.513,1.241
1.51,0.851
1.488,1.038
1.371,2.836
1.268,-0.034
1.318,-0.964
1.171,0.957
1.146,-0.555
1.143,0.66
1.093,0.487
1.032,-0.319
1.069,-0.595
1.004,0.11
1.086,-0.543
1.011,-0.5
0.906,-0.566
0.91,1.911
0.842,-0.449
0.807,-0.422
0.778,-0.564
0.71,0.473
0.718,-0.903
0.748,-0.757
0.64,0.471
0.669,1.74
0.588,1.912
0.633,1.617
0.62,1.931
0.539,1.266
0.366,-1.186
0.23,-1.219
-0.092,-0.947
-0.495,-1.096
-0.684,-1.173
-0.876,-1.246
-1.082,-1.19
-2.099,-1.13
-2.539,-1.24
-2.63,-1.307
-2.782,-1.176
3.002,-1.302
2.932,-1.15
2.818,-1.338
2.297,-1.183
2.131,-1.064
2.055,-1.021
1.983,-1.178
1.28,-1.032
1.092,-1.15
0.83,-1.21
0.821,-0.961
0.756,-1.424
0.693,-0.963
0.314,3.333
-0.157,3.381
-0.457,3.345
-0.721,3.504
-0.939,3.397
-0.955,3.288
-1.507,3.451
-2.308,3.252
-2.753,3.33
-2.936,3.54
2.519,3.239
1.946,3.208
1.897,3.41
1.912,3.525
1.784,3.107
1.855,3.409
1.753,3.16
1.825,3.189
1.592,3.431
1.214,3.424
1.186,3.528
0.931,3.401
-0.497,-0.009
-1.494,-0.412
-1.866,-0.807
-1.674,-1.302
2.859,3.447
1.598,3.312
0.573,1.501
0.48,1.714
0.28,2.6
0.409,0.519
0.398,-0.308
0.369,-0.426
0.227,2.755
0.211,-0.688
-0.003,0.025
-0.104,-0.024
-0.106,0.43
-0.101,1.199
-0.413,1.786
-0.418,0.243
-0.33,-0.902
-0.406,1.823
-0.484,-0.595
-0.589,-0.288
-0.6,1.456
-0.727,0.974
-0.717,0.152
-0.677,1.469
-0.695,0.428
-0.705,1.319
-0.918,3.067
-0.799,1.775
-0.949,1.334
-0.951,0.247
-0.877,0.642
-0.934,1.396
-1.428,3.018
-1.44,0.717
-1.471,-0.861
-1.666,0.658
-1.734,-0.642
-1.958,-0.859
-1.99,1.312
-1.918,1.075
-1.986,2.532
-2.081,2.098
-2.246,0.614
-2.246,2.091
-2.287,1.994
-2.514,0.844
-2.73,2.022
-2.804,-0.5
-2.867,1.284
-2.887,1.627
-3.094,0.556
-2.981,-0.456
-2.988,-0.906
3.081,-0.541
-3.105,0.235
2.978,1.6
3.089,-0.578
3.073,1.145
2.894,1.367
2.778,0.655
2.759,-0.86
2.616,2.881
2.542,-0.894
2.671,0.36
2.627,0.096
2.468,2.073
2.386,0.088
2.302,-0.689
2.102,1.714
1.783,1.93
1.736,0.843
1.846,1.804
1.658,0.388
1.64,1.752
1.559,1.985
1.517,1.536
1.624,-0.723
1.47,1.142
1.547,0.154
1.522,-0.837
1.457,-0.314
1.28,1.394
1.11,0.109
0.822,0.496
0.79,1.611
0.859,1.997
0.827,1.574
0.678,1.7
0.666,0.839
0.61,1.452
0.64,0.393
0.591,-0.818
0.269,-0.846
0.213,-0.963
-0.012,-1.145
0.05,-1.215
-1.639,-1.273
-1.747,-1.239
-1.9,-1.043
-1.884,-1.0
-2.106,-1.106
-2.577,-1.111
-2.659,-1.097
1.303,-1.136
0.706,-0.963
0.563,-1.334
-0.379,3.169
-0.345,3.13
-0.54,3.409
-0.632,3.354
-1.057,3.403
-0.954,3.304
-1.664,3.039
-1.508,3.393
-1.719,3.353
-1.828,3.419
-2.507,3.365
3.14,3.368
2.259,3.198
2.346,3.303
1.993,3.479
1.874,3.465
1.198,3.101
1.162,3.457
0.862,3.489
0.829,3.314
0.772,3.208
0.084,-0.03
-0.977,0.63
-1.088,0.391
-1.4,-0.378
2.619,2.171
2.465,0.73
2.439,0.95
1.687,1.65
0.916,-0.86
-2.14,2.387
2.819,0.997
2.238,1.812
2.286,1.349
1.868,0.211
1.603,0.986
1.662,1.874
1.317,0.603
1.211,1.895
0.997,2.026
0.963,2.168
-2.671,0.917
-2.799,2.19
2.093,-0.104
-0.821,-0.984
1.994,-0.809
1.637,-0.694
-0.07,-0.026
-0.026,0.064
-0.051,1.483
-0.069,0.238
-0.153,1.574
-0.079,2.702
-0.117,-0.769
-0.122,1.45
-0.215,2.587
-0.18,1.726
-0.287,0.447
-0.336,0.822
-0.339,-0.128
-0.34,-0.046
-0.437,2.509
-0.466,-0.674
-0.56,-0.558
-0.602,2.475
-0.73,2.822
-0.728,-0.211
-0.76,1.469
-0.713,1.861
-0.838,0.814
-0.833,2.82
-1.001,1.372
-1.082,0.345
-1.105,1.388
-1.218,0.389
-1.219,0.975
-1.181,1.926
-1.242,-0.234
-1.173,0.875
-1.185,0.149
-1.3,0.343
-1.405,2.439
-1.408,0.709
-1.406,-0.383
-1.437,2.031
-1.513,2.945
-1.491,1.834
-1.637,2.996
-1.65,1.141
-1.589,2.986
-1.746,2.677
-1.777,1.953
-1.735,-0.052
-1.767,1.421
-1.846,0.862
-1.866,1.516
-1.871,1.565
-1.858,1.215
-1.957,0.198
-1.982,2.081
-1.989,2.767
-2.015,2.545
-2.026,-0.238
-1.977,0.524
-2.003,0.671
-2.064,0.806
-2.057,-0.588
-2.149,2.055
-2.091,1.7
-2.115,0.502
-2.202,2.719
-2.23,1.918
-2.296,1.8
-2.261,1.708
-2.311,2.944
-2.374,0.211
-2.382,0.313
-2.496,1.127
-2.439,0.719
-2.475,2.056
-2.536,2.558
-2.502,1.286
-2.592,0.329
-2.56,1.031
-2.62,2.203
-2.577,0.125
-2.634,1.84
-2.72,2.279
-2.8,0.773
-2.787,2.354
-2.878,1.371
-2.903,1.795
-2.854,0.409
-2.929,-0.693
-3.005,-0.579
-3.038,0.731
-3.13,1.883
3.095,-0.792
3.1,0.857
2.923,2.35
2.907,0.082
2.815,0.234
2.775,1.384
2.543,1.46
2.542,0.061
2.521,2.932
2.439,-0.304
2.463,2.824
2.463,1.596
2.383,2.798
2.358,1.86
2.408,3.196
2.343,2.73
2.343,-0.388
2.238,0.793
2.227,0.805
2.295,0.339
2.289,2.851
2.203,0.93
2.177,0.442
2.178,2.136
2.185,0.355
2.192,2.485
2.094,2.182
1.965,2.001
1.944,1.654
1.878,1.264
1.895,1.877
1.797,1.184
1.79,1.536
1.647,0.474
1.666,1.583
1.655,-0.325
1.596,1.721
1.604,-0.26
1.49,0.806
1.531,-0.844
1.455,1.767
1.51,1.307
1.507,0.917
1.485,1.104
1.368,2.902
1.265,0.032
1.315,-0.898
1.168,1.023
1.143,-0.489
1.14,0.726
1.09,0.553
1.029,-0.253
1.066,-0.529
1.001,0.176
1.083,-0.477
1.008,-0.434
0.903,-0.5
0.907,1.977
0.839,-0.383
0.804,-0.356
0.775,-0.498
0.707,0.539
0.715,-0.837
0.745,-0.691
0.637,0.537
0.666,1.806
0.585,1.978
0.63,1.683
0.617,1.997
0.536,1.332
0.363,-1.12
0.227,-1.153
-0.095,-0.881
-0.498,-1.03
-0.687,-1.107
-0.879,-1.18
-1.085,-1.124
-2.102,-1.064
-2.542,-1.174
-2.633,-1.241
-2.785,-1.11
2.999,-1.236
2.929,-1.084
2.815,-1.272
2.294,-1.117
2.128,-0.998
2.052,-0.955
1.98,-1.112
1.277,-0.966
1.089,-1.084
0.827,-1.144
0.818,-0.895
0.753,-1.358
0.69,-0.897
0.311,3.399
-0.16,3.447
-0.46,3.411
-0.724,3.57
-0.942,3.463
-0.958,3.354
-1.51,3.517
-2.311,3.318
-2.756,3.396
-2.939,3.606
2.516,3.305
1.943,3.274
1.894,3.476
1.909,3.591
1.781,3.173
1.852,3.475
1.75,3.226
1.822,3.255
1.589,3.497
1.211,3.49
1.183,3.594
0.928,3.467
-0.5,0.057
-1.497,-0.346
-1.869,-0.741
-1.677,-1.236
2.856,3.513
1.595,3.378
0.57,1.567
0.477,1.78
0.277,2.666
0.406,0.585
0.395,-0.242
0.366,-0.36
0.224,2.821
0.208,-0.622
-0.006,0.091
-0.107,0.042
-0.109,0.496
-0.104,1.265
-0.416,1.852
-0.421,0.309
-0.333,-0.836
-0.409,1.889
-0.487,-0.529
-0.592,-0.222
-0.603,1.522
-0.73,1.04
-0.72,0.218
-0.68,1.535
-0.698,0.494
-0.708,1.385
-0.921,3.133
-0.802,1.841
-0.952,1.4
-0.954,0.313
-0.88,0.708
-0.937,1.462
-1.431,3.084
-1.443,0.783
-1.474,-0.795
-1.669,0.724
-1.737,-0.576
-1.961,-0.793
-1.993,1.378
-1.921,1.141
-1.989,2.598
-2.084,2.164
-2.249,0.68
-2.249,2.157
-2.29,2.06
-2.517,0.91
-2.733,2.088
-2.807,-0.434
-2.87,1.35
-2.89,1.693
-3.097,0.622
-2.984,-0.39
-2.991,-0.84
3.078,-0.475
-3.108,0.301
2.975,1.666
3.086,-0.512
3.07,1.211
2.891,1.433
2.775,0.721
2.756,-0.794
2.613,2.947
2.539,-0.828
2.668,0.426
2.624,0.162
2.465,2.139
2.383,0.154
2.299,-0.623
2.099,1.78
1.78,1.996
1.733,0.909
1.843,1.87
1.655,0.454
1.637,1.818
1.556,2.051
1.514,1.602
1.621,-0.657
1.467,1.208
1.544,0.22
1.519,-0.771
1.454,-0.248
1.277,1.46
1.107,0.175
0.819,0.562
0.787,1.677
0.856,2.063
0.824,1.64
0.675,1.766
0.663,0.905
0.607,1.518
0.637,0.459
0.588,-0.752
0.266,-0.78
0.21,-0.897
-0.015,-1.079
0.047,-1.149
-1.642,-1.207
-1.75,-1.173
-1.903,-0.977
-1.887,-0.934
-2.109,-1.04
-2.58,-1.045
-2.662,-1.031
1.3,-1.07
0.703,-0.897
0.56,-1.268
-0.382,3.235
-0.348,3.196
-0.543,3.475
-0.635,3.42
-1.06,3.469
-0.957,3.37
-1.667,3.105
-1.511,3.459
-1.722,3.419
-1.831,3.485
-2.51,3.431
3.137,3.434
2.256,3.264
2.343,3.369
1.99,3.545
1.871,3.531
1.195,3.167
1.159,3.523
0.859,3.555
0.826,3.38
0.769,3.274
0.081,0.036
-0.98,0.696
-1.091,0.457
-1.403,-0.312
2.616,2.237
2.462,0.796
2.436,1.016
1.684,1.716
0.913,-0.794
-2.143,2.453
2.816,1.063
2.235,1.878
2.283,1.415
1.865,0.277
1.6,1.052
1.659,1.94
1.314,0.669
1.208,1.961
0.994,2.092
0.96,2.234
-2.674,0.983
-2.802,2.256
2.09,-0.038
-0.824,-0.918
1.991,-0.743
1.634,-0.628
0.044,0.09
0.019,1.509
0.001,0.264
-0.083,1.6
-0.009,2.728
-0.047,-0.743
-0.052,1.476
-0.145,2.613
-0.11,1.752
-0.217,0.473
-0.266,0.848
-0.269,-0.102
-0.27,-0.02
-0.367,2.535
-0.396,-0.648
-0.49,-0.532
-0.532,2.501
-0.66,2.848
-0.658,-0.185
-0.69,1.495
-0.643,1.887
-0.768,0.84
-0.763,2.846
-0.931,1.398
-1.012,0.371
-1.035,1.414
-1.148,0.415
-1.149,1.001
-1.111,1.952
-1.172,-0.208
-1.103,0.901
-1.115,0.175
-1.23,0.369
-1.335,2.465
-1.338,0.735
-1.336,-0.357
-1.367,2.057
-1.443,2.971
-1.421,1.86
-1.567,3.022
-1.58,1.167
-1.519,3.012
-1.676,2.703
-1.707,1.979
-1.665,-0.026
-1.697,1.447
-1.776,0.888
-1.796,1.542
-1.801,1.591
-1.788,1.241
-1.887,0.224
-1.912,2.107
-1.919,2.793
-1.945,2.571
-1.956,-0.212
-1.907,0.55
-1.933,0.697
-1.994,0.832
-1.987,-0.562
-2.079,2.081
-2.021,1.726
-2.045,0.528
-2.132,2.745
-2.16,1.944
-2.226,1.826
-2.191,1.734
-2.241,2.97
-2.304,0.237
-2.312,0.339
-2.426,1.153
-2.369,0.745
-2.405,2.082
-2.466,2.584
-2.432,1.312
-2.522,0.355
-2.49,1.057
-2.55,2.229
-2.507,0.151
-2.564,1.866
-2.65,2.305
-2.73,0.799
-2.717,2.38
-2.808,1.397
-2.833,1.821
-2.784,0.435
-2.859,-0.667
-2.935,-0.553
-2.968,0.757
-3.06,1.909
-3.118,-0.766
-3.113,0.883
2.993,2.376
2.977,0.108
2.885,0.26
2.845,1.41
2.613,1.486
2.612,0.087
2.591,2.958
2.509,-0.278
2.533,2.85
2.533,1.622
2.453,2.824
2.428,1.886
2.478,3.222
2.413,2.756
2.413,-0.362
2.308,0.819
2.297,0.831
2.365,0.365
2.359,2.877
2.273,0.956
2.247,0.468
2.248,2.162
2.255,0.381
2.262,2.511
2.164,2.208
2.035,2.027
2.014,1.68
1.948,1.29
1.965,1.903
1.867,1.21
1.86,1.562
1.717,0.5
1.736,1.609
1.725,-0.299
1.666,1.747
1.674,-0.234
1.56,0.832
1.601,-0.818
1.525,1.793
1.58,1.333
1.577,0.943
1.555,1.13
1.438,2.928
1.335,0.058
1.385,-0.872
1.238,1.049
1.213,-0.463
1.21,0.752
1.16,0.579
1.099,-0.227
1.136,-0.503
1.071,0.202
1.153,-0.451
1.078,-0.408
0.973,-0.474
0.977,2.003
0.909,-0.357
0.874,-0.33
0.845,-0.472
0.777,0.565
0.785,-0.811
0.815,-0.665
0.707,0.563
0.736,1.832
0.655,2.004
0.7,1.709
0.687,2.023
0.606,1.358
0.433,-1.094
0.297,-1.127
-0.025,-0.855
-0.428,-1.004
-0.617,-1.081
-0.809,-1.154
-1.015,-1.098
-2.032,-1.038
-2.472,-1.148
-2.563,-1.215
-2.715,-1.084
3.069,-1.21
2.999,-1.058
2.885,-1.246
2.364,-1.091
2.198,-0.972
2.122,-0.929
2.05,-1.086
1.347,-0.94
1.159,-1.058
0.897,-1.118
0.888,-0.869
0.823,-1.332
0.76,-0.871
0.381,3.425
-0.09,3.473
-0.39,3.437
-0.654,3.596
-0.872,3.489
-0.888,3.38
-1.44,3.543
-2.241,3.344
-2.686,3.422
-2.869,3.632
2.586,3.331
2.013,3.3
1.964,3.502
1.979,3.617
1.851,3.199
1.922,3.501
1.82,3.252
1.892,3.281
1.659,3.523
1.281,3.516
1.253,3.62
0.998,3.493
-0.43,0.083
-1.427,-0.32
-1.799,-0.715
-1.607,-1.21
2.926,3.539
1.665,3.404
0.64,1.593
0.547,1.806
0.347,2.692
0.476,0.611
0.465,-0.216
0.436,-0.334
0.294,2.847
0.278,-0.596
0.064,0.117
-0.037,0.068
-0.039,0.522
-0.034,1.291
-0.346,1.878
-0.351,0.335
-0.263,-0.81
-0.339,1.915
-0.417,-0.503
-0.522,-0.196
-0.533,1.548
-0.66,1.066
-0.65,0.244
-0.61,1.561
-0.628,0.52
-0.638,1.411
-0.851,3.159
-0.732,1.867
-0.882,1.426
-0.884,0.339
-0.81,0.734
-0.867,1.488
-1.361,3.11
-1.373,0.809
-1.404,-0.769
-1.599,0.75
-1.667,-0.55
-1.891,-0.767
-1.923,1.404
-1.851,1.167
-1.919,2.624
-2.014,2.19
-2.179,0.706
-2.179,2.183
-2.22,2.086
-2.447,0.936
-2.663,2.114
-2.737,-0.408
-2.8,1.376
-2.82,1.719
-3.027,0.648
-2.914,-0.364
-2.921,-0.814
-3.135,-0.449
-3.038,0.327
3.045,1.692
-3.127,-0.486
3.14,1.237
2.961,1.459
2.845,0.747
2.826,-0.768
2.683,2.973
2.609,-0.802
2.738,0.452
2.694,0.188
2.535,2.165
2.453,0.18
2.369,-0.597
2.169,1.806
1.85,2.022
1.803,0.935
1.913,1.896
1.725,0.48
1.707,1.844
1.626,2.077
1.584,1.628
1.691,-0.631
1.537,1.234
1.614,0.246
1.589,-0.745
1.524,-0.222
1.347,1.486
1.177,0.201
0.889,0.588
0.857,1.703
0.926,2.089
0.894,1.666
0.745,1.792
0.733,0.931
0.677,1.544
0.707,0.485
0.658,-0.726
0.336,-0.754
0.28,-0.871
0.055,-1.053
0.117,-1.123
-1.572,-1.181
-1.68,-1.147
-1.833,-0.951
-1.817,-0.908
-2.039,-1.014
-2.51,-1.019
-2.592,-1.005
1.37,-1.044
0.773,-0.871
0.63,-1.242
-0.312,3.261
-0.278,3.222
-0.473,3.501
-0.565,3.446
-0.99,3.495
-0.887,3.396
-1.597,3.131
-1.441,3.485
-1.652,3.445
-1.761,3.511
-2.44,3.457
-3.076,3.46
2.326,3.29
2.413,3.395
2.06,3.571
1.941,3.557
1.265,3.193
1.229,3.549
0.929,3.581
0.896,3.406
0.839,3.3
0.151,0.062
-0.91,0.722
-1.021,0.483
-1.333,-0.286
2.686,2.263
2.532,0.822
2.506,1.042
1.754,1.742
0.983,-0.768
-2.073,2.479
2.886,1.089
2.305,1.904
2.353,1.441
1.935,0.303
1.67,1.078
1.729,1.966
1.384,0.695
1.278,1.987
1.064,2.118
1.03,2.26
-2.604,1.009
-2.732,2.282
2.16,-0.012
-0.754,-0.892
2.061,-0.717
1.704,-0.602
-0.025,1.419
-0.043,0.174
-0.127,1.51
-0.053,2.638
-0.091,-0.833
-0.096,1.386
-0.189,2.523
-0.154,1.662
-0.261,0.383
-0.31,0.758
-0.313,-0.192
-0.314,-0.11
-0.411,2.445
-0.44,-0.738
-0.534,-0.622
-0.576,2.411
-0.704,2.758
-0.702,-0.275
-0.734,1.405
-0.687,1.797
-0.812,0.75
-0.807,2.756
-0.975,1.308
-1.056,0.281
-1.079,1.324
-1.192,0.325
-1.193,0.911
-1.155,1.862
-1.216,-0.298
-1.147,0.811
-1.159,0.085
-1.274,0.279
-1.379,2.375
-1.382,0.645
-1.38,-0.447
-1.411,1.967
-1.487,2.881
-1.465,1.77
-1.611,2.932
-1.624,1.077
-1.563,2.922
-1.72,2.613
-1.751,1.889
-1.709,-0.116
-1.741,1.357
-1.82,0.798
-1.84,1.452
-1.845,1.501
-1.832,1.151
-1.931,0.134
-1.956,2.017
-1.963,2.703
-1.989,2.481
-2.0,-0.302
-1.951,0.46
-1.977,0.607
-2.038,0.742
-2.031,-0.652
-2.123,1.991
-2.065,1.636
-2.089,0.438
-2.176,2.655
-2.204,1.854
-2.27,1.736
-2.235,1.644
-2.285,2.88
-2.348,0.147
-2.356,0.249
-2.47,1.063
-2.413,0.655
-2.449,1.992
-2.51,2.494
-2.476,1.222
-2.566,0.265
-2.534,0.967
-2.594,2.139
-2.551,0.061
-2.608,1.776
-2.694,2.215
-2.774,0.709
-2.761,2.29
-2.852,1.307
-2.877,1.731
-2.828,0.345
-2.903,-0.757
-2.979,-0.643
-3.012,0.667
-3.104,1.819
3.121,-0.856
3.126,0.793
2.949,2.286
2.933,0.018
2.841,0.17
2.801,1.32
2.569,1.396
2.568,-0.003
2.547,2.868
2.465,-0.368
2.489,2.76
2.489,1.532
2.409,2.734
2.384,1.796
2.434,3.132
2.369,2.666
2.369,-0.452
2.264,0.729
2.253,0.741
2.321,0.275
2.315,2.787
2.229,0.866
2.203,0.378
2.204,2.072
2.211,0.291
2.218,2.421
2.12,2.118
1.991,1.937
1.97,1.59
1.904,1.2
1.921,1.813
1.823,1.12
1.816,1.472
1.673,0.41
1.692,1.519
1.681,-0.389
1.622,1.657
1.63,-0.324
1.516,0.742
1.557,-0.908
1.481,1.703
1.536,1.243
1.533,0.853
1.511,1.04
1.394,2.838
1.291,-0.032
1.341,-0.962
1.194,0.959
1.169,-0.553
1.166,0.662
1.116,0.489
1.055,-0.317
1.092,-0.593
1.027,0.112
1.109,-0.541
1.034,-0.498
0.929,-0.564
0.933,1.913
0.865,-0.447
0.83,-0.42
0.801,-0.562
0.733,0.475
0.741,-0.901
0.771,-0.755
0.663,0.473
0.692,1.742
0.611,1.914
0.656,1.619
0.643,1.933
0.562,1.268
0.389,-1.184
0.253,-1.217
-0.069,-0.945
-0.472,-1.094
-0.661,-1.171
-0.853,-1.244
-1.059,-1.188
-2.076,-1.128
-2.516,-1.238
-2.607,-1.305
-2.759,-1.174
3.025,-1.3
2.955,-1.148
2.841,-1.336
2.32,-1.181
2.154,-1.062
2.078,-1.019
2.006,-1.176
1.303,-1.03
1.115,-1.148
0.853,-1.208
0.844,-0.959
0.779,-1.422
0.716,-0.961
0.337,3.335
-0.134,3.383
-0.434,3.347
-0.698,3.506
-0.916,3.399
-0.932,3.29
-1.484,3.453
-2.285,3.254
-2.73,3.332
-2.913,3.542
2.542,3.241
1.969,3.21
1.92,3.412
1.935,3.527
1.807,3.109
1.878,3.411
1.776,3.162
1.848,3.191
1.615,3.433
1.237,3.426
1.209,3.53
0.954,3.403
-0.474,-0.007
-1.471,-0.41
-1.843,-0.805
-1.651,-1.3
2.882,3.449
1.621,3.314
0.596,1.503
0.503,1.716
0.303,2.602
0.432,0.521
0.421,-0.306
0.392,-0.424
0.25,2.757
0.234,-0.686
0.02,0.027
-0.081,-0.022
-0.083,0.432
-0.078,1.201
-0.39,1.788
-0.395,0.245
-0.307,-0.9
-0.383,1.825
-0.461,-0.593
-0.566,-0.286
-0.577,1.458
-0.704,0.976
-0.694,0.154
-0.654,1.471
-0.672,0.43
-0.682,1.321
-0.895,3.069
-0.776,1.777
-0.926,1.336
-0.928,0.249
-0.854,0.644
-0.911,1.398
-1.405,3.02
-1.417,0.719
-1.448,-0.859
-1.643,0.66
-1.711,-0.64
-1.935,-0.857
-1.967,1.314
-1.895,1.077
-1.963,2.534
-2.058,2.1
-2.223,0.616
-2.223,2.093
-2.264,1.996
-2.491,0.846
-2.707,2.024
-2.781,-0.498
-2.844,1.286
-2.864,1.629
-3.071,0.558
-2.958,-0.454
-2.965,-0.904
3.104,-0.539
-3.082,0.237
3.001,1.602
3.112,-0.576
3.096,1.147
2.917,1.369
2.801,0.657
2.782,-0.858
2.639,2.883
2.565,-0.892
2.694,0.362
2.65,0.098
2.491,2.075
2.409,0.09
2.325,-0.687
2.125,1.716
1.806,1.932
1.759,0.845
1.869,1.806
1.681,0.39
1.663,1.754
1.582,1.987
1.54,1.538
1.647,-0.721
1.493,1.144
1.57,0.156
1.545,-0.835
1.48,-0.312
1.303,1.396
1.133,0.111
0.845,0.498
0.813,1.613
0.882,1.999
0.85,1.576
0.701,1.702
0.689,0.841
0.633,1.454
0.663,0.395
0.614,-0.816
0.292,-0.844
0.236,-0.961
0.011,-1.143
0.073,-1.213
-1.616,-1.271
-1.724,-1.237
-1.877,-1.041
-1.861,-0.998
-2.083,-1.104
-2.554,-1.109
-2.636,-1.095
1.326,-1.134
0.729,-0.961
0.586,-1.332
-0.356,3.171
-0.322,3.132
-0.517,3.411
-0.609,3.356
-1.034,3.405
-0.931,3.306
-1.641,3.041
-1.485,3.395
-1.696,3.355
-1.805,3.421
-2.484,3.367
-3.12,3.37
2.282,3.2
2.369,3.305
2.016,3.481
1.897,3.467
1.221,3.103
1.185,3.459
0.885,3.491
0.852,3.316
0.795,3.21
0.107,-0.028
-0.954,0.632
-1.065,0.393
-1.377,-0.376
2.642,2.173
2.488,0.732
2.462,0.952
1.71,1.652
0.939,-0.858
-2.117,2.389
2.842,0.999
2.261,1.814
2.309,1.351
1.891,0.213
1.626,0.988
1.685,1.876
1.34,0.605
1.234,1.897
1.02,2.028
0.986,2.17
-2.648,0.919
-2.776,2.192
2.116,-0.102
-0.798,-0.982
2.017,-0.807
1.66,-0.692
-0.018,-1.245
-0.102,0.091
-0.028,1.219
-0.066,-2.252
-0.071,-0.033
-0.164,1.104
-0.129,0.243
-0.236,-1.036
-0.285,-0.661
-0.288,-1.611
-0.289,-1.529
-0.386,1.026
-0.415,-2.157
-0.509,-2.041
-0.551,0.992
-0.679,1.339
-0.677,-1.694
-0.709,-0.014
-0.662,0.378
-0.787,-0.669
-0.782,1.337
-0.95,-0.111
-1.031,-1.138
-1.054,-0.095
-1.167,-1.094
-1.168,-0.508
-1.13,0.443
-1.191,-1.717
-1.122,-0.608
-1.134,-1.334
-1.249,-1.14
-1.354,0.956
-1.357,-0.774
-1.355,-1.866
-1.386,0.548
-1.462,1.462
-1.44,0.351
-1.586,1.513
-1.599,-0.342
-1.538,1.503
-1.695,1.194
-1.726,0.47
-1.684,-1.535
-1.716,-0.062
-1.795,-0.621
-1.815,0.033
-1.82,0.082
-1.807,-0.268
-1.906,-1.285
-1.931,0.598
-1.938,1.284
-1.964,1.062
-1.975,-1.721
-1.926,-0.959
-1.952,-0.812
-2.013,-0.677
-2.006,-2.071
-2.098,0.572
-2.04,0.217
-2.064,-0.981
-2.151,1.236
-2.179,0.435
-2.245,0.317
-2.21,0.225
-2.26,1.461
-2.323,-1.272
-2.331,-1.17
-2.445,-0.356
-2.388,-0.764
-2.424,0.573
-2.485,1.075
-2.451,-0.197
-2.541,-1.154
-2.509,-0.452
-2.569,0.72
-2.526,-1.358
-2.583,0.357
-2.669,0.796
-2.749,-0.71
-2.736,0.871
-2.827,-0.112
-2.852,0.312
-2.803,-1.074
-2.878,-2.176
-2.954,-2.062
-2.987,-0.752
-3.079,0.4
-3.137,-2.275
-3.132,-0.626
2.974,0.867
2.958,-1.401
2.866,-1.249
2.826,-0.099
2.594,-0.023
2.593,-1.422
2.572,1.449
2.49,-1.787
2.514,1.341
2.514,0.113
2.434,1.315
2.409,0.377
2.459,1.713
2.394,1.247
2.394,-1.871
2.289,-0.69
2.278,-0.678
2.346,-1.144
2.34,1.368
2.254,-0.553
2.228,-1.041
2.229,0.653
2.236,-1.128
2.243,1.002
2.145,0.699
2.016,0.518
1.995,0.171
1.929,-0.219
1.946,0.394
1.848,-0.299
1.841,0.053
1.698,-1.009
1.717,0.1
1.706,-1.808
1.647,0.238
1.655,-1.743
1.541,-0.677
1.582,-2.327
1.506,0.284
1.561,-0.176
1.558,-0.566
1.536,-0.379
1.419,1.419
1.316,-1.451
1.366,-2.381
1.219,-0.46
1.194,-1.972
1.191,-0.757
1.141,-0.93
1.08,-1.736
1.117,-2.012
1.052,-1.307
1.134,-1.96
1.059,-1.917
0.954,-1.983
0.958,0.494
0.89,-1.866
0.855,-1.839
0.826,-1.981
0.758,-0.944
0.766,-2.32
0.796,-2.174
0.688,-0.946
0.717,0.323
0.636,0.495
0.681,0.2
0.668,0.514
0.587,-0.151
0.414,-2.603
0.278,-2.636
-0.044,-2.364
-0.447,-2.513
-0.636,-2.59
-0.828,-2.663
-1.034,-2.607
-2.051,-2.547
-2.491,-2.657
-2.582,-2.724
-2.734,-2.593
3.05,-2.719
2.98,-2.567
2.866,-2.755
2.345,-2.6
2.179,-2.481
2.103,-2.438
2.031,-2.595
1.328,-2.449
1.14,-2.567
0.878,-2.627
0.869,-2.378
0.804,-2.841
0.741,-2.38
0.362,1.916
-0.109,1.964
-0.409,1.928
-0.673,2.087
-0.891,1.98
-0.907,1.871
-1.459,2.034
-2.26,1.835
-2.705,1.913
-2.888,2.123
2.567,1.822
1.994,1.791
1.945,1.993
1.96,2.108
1.832,1.69
1.903,1.992
1.801,1.743
1.873,1.772
1.64,2.014
1.262,2.007
1.234,2.111
0.979,1.984
-0.449,-1.426
-1.446,-1.829
-1.818,-2.224
-1.626,-2.719
2.907,2.03
1.646,1.895
0.621,0.084
0.528,0.297
0.328,1.183
0.457,-0.898
0.446,-1.725
0.417,-1.843
0.275,1.338
0.259,-2.105
0.045,-1.392
-0.056,-1.441
-0.058,-0.987
-0.053,-0.218
-0.365,0.369
-0.37,-1.174
-0.282,-2.319
-0.358,0.406
-0.436,-2.012
-0.541,-1.705
-0.552,0.039
-0.679,-0.443
-0.669,-1.265
-0.629,0.052
-0.647,-0.989
-0.657,-0.098
-0.87,1.65
-0.751,0.358
-0.901,-0.083
-0.903,-1.17
-0.829,-0.775
-0.886,-0.021
-1.38,1.601
-1.392,-0.7
-1.423,-2.278
-1.618,-0.759
-1.686,-2.059
-1.91,-2.276
-1.942,-0.105
-1.87,-0.342
-1.938,1.115
-2.033,0.681
-2.198,-0.803
-2.198,0.674
-2.239,0.577
-2.466,-0.573
-2.682,0.605
-2.756,-1.917
-2.819,-0.133
-2.839,0.21
-3.046,-0.861
-2.933,-1.873
-2.94,-2.323
3.129,-1.958
-3.057,-1.182
3.026,0.183
3.137,-1.995
3.121,-0.272
2.942,-0.05
2.826,-0.762
2.807,-2.277
2.664,1.464
2.59,-2.311
2.719,-1.057
2.675,-1.321
2.516,0.656
2.434,-1.329
2.35,-2.106
2.15,0.297
1.831,0.513
1.784,-0.574
1.894,0.387
1.706,-1.029
1.688,0.335
1.607,0.568
1.565,0.119
1.672,-2.14
1.518,-0.275
1.595,-1.263
1.57,-2.254
1.505,-1.731
1.328,-0.023
1.158,-1.308
0.87,-0.921
0.838,0.194
0.907,0.58
0.875,0.157
0.726,0.283
0.714,-0.578
0.658,0.035
0.688,-1.024
0.639,-2.235
0.317,-2.263
0.261,-2.38
0.036,-2.562
0.098,-2.632
-1.591,-2.69
-1.699,-2.656
-1.852,-2.46
-1.836,-2.417
-2.058,-2.523
-2.529,-2.528
-2.611,-2.514
1.351,-2.553
0.754,-2.38
0.611,-2.751
-0.331,1.752
-0.297,1.713
-0.492,1.992
-0.584,1.937
-1.009,1.986
-0.906,1.887
-1.616,1.622
-1.46,1.976
-1.671,1.936
-1.78,2.002
-2.459,1.948
-3.095,1.951
2.307,1.781
2.394,1.886
2.041,2.062
1.922,2.048
1.246,1.684
1.21,2.04
0.91,2.072
0.877,1.897
0.82,1.791
0.132,-1.447
-0.929,-0.787
-1.04,-1.026
-1.352,-1.795
2.667,0.754
2.513,-0.687
2.487,-0.467
1.735,0.233
0.964,-2.277
-2.092,0.97
2.867,-0.42
2.286,0.395
2.334,-0.068
1.916,-1.206
1.651,-0.431
1.71,0.457
1.365,-0.814
1.259,0.478
1.045,0.609
1.011,0.751
-2.623,-0.5
-2.751,0.773
2.141,-1.521
-0.773,-2.401
2.042,-2.226
1.685,-2.111
-0.084,1.336
-0.01,2.464
-0.048,-1.007
-0.053,1.212
-0.146,2.349
-0.111,1.488
-0.218,0.209
-0.267,0.584
-0.27,-0.366
-0.271,-0.284
-0.368,2.271
-0.397,-0.912
-0.491,-0.796
-0.533,2.237
-0.661,2.584
-0.659,-0.449
-0.691,1.231
-0.644,1.623
-0.769,0.576
-0.764,2.582
-0.932,1.134
-1.013,0.107
-1.036,1.15
-1.149,0.151
-1.15,0.737
-1.112,1.688
-1.173,-0.472
-1.104,0.637
-1.116,-0.089
-1.231,0.105
-1.336,2.201
-1.339,0.471
-1.337,-0.621
-1.368,1.793
-1.444,2.707
-1.422,1.596
-1.568,2.758
-1.581,0.903
-1.52,2.748
-1.677,2.439
-1.708,1.715
-1.666,-0.29
-1.698,1.183
-1.777,0.624
-1.797,1.278
-1.802,1.327
-1.789,0.977
-1.888,-0.04
-1.913,1.843
-1.92,2.529
-1.946,2.307
-1.957,-0.476
-1.908,0.286
-1.934,0.433
-1.995,0.568
-1.988,-0.826
-2.08,1.817
-2.022,1.462
-2.046,0.264
-2.133,2.481
-2.161,1.68
-2.227,1.562
-2.192,1.47
-2.242,2.706
-2.305,-0.027
-2.313,0.075
-2.427,0.889
-2.37,0.481
-2.406,1.818
-2.467,2.32
-2.433,1.048
-2.523,0.091
-2.491,0.793
-2.551,1.965
-2.508,-0.113
-2.565,1.602
-2.651,2.041
-2.731,0.535
-2.718,2.116
-2.809,1.133
-2.834,1.557
-2.785,0.171
-2.86,-0.931
-2.936,-0.817
-2.969,0.493
-3.061,1.645
-3.119,-1.03
-3.114,0.619
2.992,2.112
2.976,-0.156
2.884,-0.004
2.844,1.146
2.612,1.222
2.611,-0.177
2.59,2.694
2.508,-0.542
2.532,2.586
2.532,1.358
2.452,2.56
2.427,1.622
2.477,2.958
2.412,2.492
2.412,-0.626
2.307,0.555
2.296,0.567
2.364,0.101
2.358,2.613
2.272,0.692
2.246,0.204
2.247,1.898
2.254,0.117
2.261,2.247
2.163,1.944
2.034,1.763
2.013,1.416
1.947,1.026
1.964,1.639
1.866,0.946
1.859,1.298
1.716,0.236
1.735,1.345
1.724,-0.563
1.665,1.483
1.673,-0.498
1.559,0.568
1.6,-1.082
1.524,1.529
1.579,1.069
1.576,0.679
1.554,0.866
1.437,2.664
1.334,-0.206
1.384,-1.136
1.237,0.785
1.212,-0.727
1.209,0.488
1.159,0.315
1.098,-0.491
1.135,-0.767
1.07,-0.062
1.152,-0.715
1.077,-0.672
0.972,-0.738
0.976,1.739
0.908,-0.621
0.873,-0.594
0.844,-0.736
0.776,0.301
0.784,-1.075
0.814,-0.929
0.706,0.299
0.735,1.568
0.654,1.74
0.699,1.445
0.686,1.759
0.605,1.094
0.432,-1.358
0.296,-1.391
-0.026,-1.119
-0.429,-1.268
-0.618,-1.345
-0.81,-1.418
-1.016,-1.362
-2.033,-1.302
-2.473,-1.412
-2.564,-1.479
-2.716,-1.348
3.068,-1.474
2.998,-1.322
2.884,-1.51
2.363,-1.355
2.197,-1.236
2.121,-1.193
2.049,-1.35
1.346,-1.204
1.158,-1.322
0.896,-1.382
0.887,-1.133
0.822,-1.596
0.759,-1.135
0.38,3.161
-0.091,3.209
-0.391,3.173
-0.655,3.332
-0.873,3.225
-0.889,3.116
-1.441,3.279
-2.242,3.08
-2.687,3.158
-2.87,3.368
2.585,3.067
2.012,3.036
1.963,3.238
1.978,3.353
1.85,2.935
1.921,3.237
1.819,2.988
1.891,3.017
1.658,3.259
1.28,3.252
1.252,3.356
0.997,3.229
-0.431,-0.181
-1.428,-0.584
-1.8,-0.979
-1.608,-1.474
2.925,3.275
1.664,3.14
0.639,1.329
0.546,1.542
0.346,2.428
0.475,0.347
0.464,-0.48
0.435,-0.598
0.293,2.583
0.277,-0.86
0.063,-0.147
-0.038,-0.196
-0.04,0.258
-0.035,1.027
-0.347,1.614
-0.352,0.071
-0.264,-1.074
-0.34,1.651
-0.418,-0.767
-0.523,-0.46
-0.534,1.284
-0.661,0.802
-0.651,-0.02
-0.611,1.297
-0.629,0.256
-0.639,1.147
-0.852,2.895
-0.733,1.603
-0.883,1.162
-0.885,0.075
-0.811,0.47
-0.868,1.224
-1.362,2.846
-1.374,0.545
-1.405,-1.033
-1.6,0.486
-1.668,-0.814
-1.892,-1.031
-1.924,1.14
-1.852,0.903
-1.92,2.36
-2.015,1.926
-2.18,0.442
-2.18,1.919
-2.221,1.822
-2.448,0.672
-2.664,1.85
-2.738,-0.672
-2.801,1.112
-2.821,1.455
-3.028,0.384
-2.915,-0.628
-2.922,-1.078
-3.136,-0.713
-3.039,0.063
3.044,1.428
-3.128,-0.75
3.139,0.973
2.96,1.195
2.844,0.483
2.825,-1.032
2.682,2.709
2.608,-1.066
2.737,0.188
2.693,-0.076
2.534,1.901
2.452,-0.084
2.368,-0.861
2.168,1.542
1.849,1.758
1.802,0.671
1.912,1.632
1.724,0.216
1.706,1.58
1.625,1.813
1.583,1.364
1.69,-0.895
1.536,0.97
1.613,-0.018
1.588,-1.009
1.523,-0.486
1.346,1.222
1.176,-0.063
0.888,0.324
0.856,1.439
0.925,1.825
0.893,1.402
0.744,1.528
0.732,0.667
0.676,1.28
0.706,0.221
0.657,-0.99
0.335,-1.018
0.279,-1.135
0.054,-1.317
0.116,-1.387
-1.573,-1.445
-1.681,-1.411
-1.834,-1.215
-1.818,-1.172
-2.04,-1.278
-2.511,-1.283
-2.593,-1.269
1.369,-1.308
0.772,-1.135
0.629,-1.506
-0.313,2.997
-0.279,2.958
-0.474,3.237
-0.566,3.182
-0.991,3.231
-0.888,3.132
-1.598,2.867
-1.442,3.221
-1.653,3.181
-1.762,3.247
-2.441,3.193
-3.077,3.196
2.325,3.026
2.412,3.131
2.059,3.307
1.94,3.293
1.264,2.929
1.228,3.285
0.928,3.317
0.895,3.142
0.838,3.036
0.15,-0.202
-0.911,0.458
-1.022,0.219
-1.334,-0.55
2.685,1.999
2.531,0.558
2.505,0.778
1.753,1.478
0.982,-1.032
-2.074,2.215
2.885,0.825
2.304,1.64
2.352,1.177
1.934,0.039
1.669,0.814
1.728,1.702
1.383,0.431
1.277,1.723
1.063,1.854
1.029,1.996
-2.605,0.745
-2.733,2.018
2.159,-0.276
-0.755,-1.156
2.06,-0.981
1.703,-0.866
0.074,1.128
0.036,-2.343
0.031,-0.124
-0.062,1.013
-0.027,0.152
-0.134,-1.127
-0.183,-0.752
-0.186,-1.702
-0.187,-1.62
-0.284,0.935
-0.313,-2.248
-0.407,-2.132
-0.449,0.901
-0.577,1.248
-0.575,-1.785
-0.607,-0.105
-0.56,0.287
-0.685,-0.76
-0.68,1.246
-0.848,-0.202
-0.929,-1.229
-0.952,-0.186
-1.065,-1.185
-1.066,-0.599
-1.028,0.352
-1.089,-1.808
-1.02,-0.699
-1.032,-1.425
-1.147,-1.231
-1.252,0.865
-1.255,-0.865
-1.253,-1.957
-1.284,0.457
-1.36,1.371
-1.338,0.26
-1.484,1.422
-1.497,-0.433
-1.436,1.412
-1.593,1.103
-1.624,0.379
-1.582,-1.626
-1.614,-0.153
-1.693,-0.712
-1.713,-0.058
-1.718,-0.009
-1.705,-0.359
-1.804,-1.376
-1.829,0.507
-1.836,1.193
-1.862,0.971
-1.873,-1.812
-1.824,-1.05
-1.85,-0.903
-1.911,-0.768
-1.904,-2.162
-1.996,0.481
-1.938,0.126
-1.962,-1.072
-2.049,1.145
-2.077,0.344
-2.143,0.226
-2.108,0.134
-2.158,1.37
-2.221,-1.363
-2.229,-1.261
-2.343,-0.447
-2.286,-0.855
-2.322,0.482
-2.383,0.984
-2.349,-0.288
-2.439,-1.245
-2.407,-0.543
-2.467,0.629
-2.424,-1.449
-2.481,0.266
-2.567,0.705
-2.647,-0.801
-2.634,0.78
-2.725,-0.203
-2.75,0.221
-2.701,-1.165
-2.776,-2.267
-2.852,-2.153
-2.885,-0.843
-2.977,0.309
-3.035,-2.366
-3.03,-0.717
3.076,0.776
3.06,-1.492
2.968,-1.34
2.928,-0.19
2.696,-0.114
2.695,-1.513
2.674,1.358
2.592,-1.878
2.616,1.25
2.616,0.022
2.536,1.224
2.511,0.286
2.561,1.622
2.496,1.156
2.496,-1.962
2.391,-0.781
2.38,-0.769
2.448,-1.235
2.442,1.277
2.356,-0.644
2.33,-1.132
2.331,0.562
2.338,-1.219
2.345,0.911
2.247,0.608
2.118,0.427
2.097,0.08
2.031,-0.31
2.048,0.303
1.95,-0.39
1.943,-0.038
1.8,-1.1
1.819,0.009
1.808,-1.899
1.749,0.147
1.757,-1.834
1.643,-0.768
1.684,-2.418
1.608,0.193
1.663,-0.267
1.66,-0.657
1.638,-0.47
1.521,1.328
1.418,-1.542
1.468,-2.472
1.321,-0.551
1.296,-2.063
1.293,-0.848
1.243,-1.021
1.182,-1.827
1.219,-2.103
1.154,-1.398
1.236,-2.051
1.161,-2.008
1.056,-2.074
1.06,0.403
0.992,-1.957
0.957,-1.93
0.928,-2.072
0.86,-1.035
0.868,-2.411
0.898,-2.265
0.79,-1.037
0.819,0.232
0.738,0.404
0.783,0.109
0.77,0.423
0.689,-0.242
0.516,-2.694
0.38,-2.727
0.058,-2.455
-0.345,-2.604
-0.534,-2.681
-0.726,-2.754
-0.932,-2.698
-1.949,-2.638
-2.389,-2.748
-2.48,-2.815
-2.632,-2.684
-3.131,-2.81
3.082,-2.658
2.968,-2.846
2.447,-2.691
2.281,-2.572
2.205,-2.529
2.133,-2.686
1.43,-2.54
1.242,-2.658
0.98,-2.718
0.971,-2.469
0.906,-2.932
0.843,-2.471
0.464,1.825
-0.007,1.873
-0.307,1.837
-0.571,1.996
-0.789,1.889
-0.805,1.78
-1.357,1.943
-2.158,1.744
-2.603,1.822
-2.786,2.032
2.669,1.731
2.096,1.7
2.047,1.902
2.062,2.017
1.934,1.599
2.005,1.901
1.903,1.652
1.975,1.681
1.742,1.923
1.364,1.916
1.336,2.02
1.081,1.893
-0.347,-1.517
-1.344,-1.92
-1.716,-2.315
-1.524,-2.81
3.009,1.939
1.748,1.804
0.723,-0.007
0.63,0.206
0.43,1.092
0.559,-0.989
0.548,-1.816
0.519,-1.934
0.377,1.247
0.361,-2.196
0.147,-1.483
0.046,-1.532
0.044,-1.078
0.049,-0.309
-0.263,0.278
-0.268,-1.265
-0.18,-2.41
-0.256,0.315
-0.334,-2.103
-0.439,-1.796
-0.45,-0.052
-0.577,-0.534
-0.567,-1.356
-0.527,-0.039
-0.545,-1.08
-0.555,-0.189
-0.768,1.559
-0.649,0.267
-0.799,-0.174
-0.801,-1.261
-0.727,-0.866
-0.784,-0.112
-1.278,1.51
-1.29,-0.791
-1.321,-2.369
-1.516,-0.85
-1.584,-2.15
-1.808,-2.367
-1.84,-0.196
-1.768,-0.433
-1.836,1.024
-1.931,0.59
-2.096,-0.894
-2.096,0.583
-2.137,0.486
-2.364,-0.664
-2.58,0.514
-2.654,-2.008
-2.717,-0.224
-2.737,0.119
-2.944,-0.952
-2.831,-1.964
-2.838,-2.414
-3.052,-2.049
-2.955,-1.273
3.128,0.092
-3.044,-2.086
-3.06,-0.363
3.044,-0.141
2.928,-0.853
2.909,-2.368
2.766,1.373
2.692,-2.402
2.821,-1.148
2.777,-1.412
2.618,0.565
2.536,-1.42
2.452,-2.197
2.252,0.206
1.933,0.422
1.886,-0.665
1.996,0.296
1.808,-1.12
1.79,0.244
1.709,0.477
1.667,0.028
1.774,-2.231
1.62,-0.366
1.697,-1.354
1.672,-2.345
1.607,-1.822
1.43,-0.114
1.26,-1.399
0.972,-1.012
0.94,0.103
1.009,0.489
0.977,0.066
0.828,0.192
0.816,-0.669
0.76,-0.056
0.79,-1.115
0.741,-2.326
0.419,-2.354
0.363,-2.471
0.138,-2.653
0.2,-2.723
-1.489,-2.781
-1.597,-2.747
-1.75,-2.551
-1.734,-2.508
-1.956,-2.614
-2.427,-2.619
-2.509,-2.605
1.453,-2.644
0.856,-2.471
0.713,-2.842
-0.229,1.661
-0.195,1.622
-0.39,1.901
-0.482,1.846
-0.907,1.895
-0.804,1.796
-1.514,1.531
-1.358,1.885
-1.569,1.845
-1.678,1.911
-2.357,1.857
-2.993,1.86
2.409,1.69
2.496,1.795
2.143,1.971
2.024,1.957
1.348,1.593
1.312,1.949
1.012,1.981
0.979,1.806
0.922,1.7
0.234,-1.538
-0.827,-0.878
-0.938,-1.117
-1.25,-1.886
2.769,0.663
2.615,-0.778
2.589,-0.558
1.837,0.142
1.066,-2.368
-1.99,0.879
2.969,-0.511
2.388,0.304
2.436,-0.159
2.018,-1.297
1.753,-0.522
1.812,0.366
1.467,-0.905
1.361,0.387
1.147,0.518
1.113,0.66
-2.521,-0.591
-2.649,0.682
2.243,-1.612
-0.671,-2.492
2.144,-2.317
1.787,-2.202
-0.038,-3.471
-0.043,-1.252
-0.136,-0.115
-0.101,-0.976
-0.208,-2.255
-0.257,-1.88
-0.26,-2.83
-0.261,-2.748
-0.358,-0.193
-0.387,-3.376
-0.481,-3.26
-0.523,-0.227
-0.651,0.12
-0.649,-2.913
-0.681,-1.233
-0.634,-0.841
-0.759,-1.888
-0.754,0.118
-0.922,-1.33
-1.003,-2.357
-1.026,-1.314
-1.139,-2.313
-1.14,-1.727
-1.102,-0.776
-1.163,-2.936
-1.094,-1.827
-1.106,-2.553
-1.221,-2.359
-1.326,-0.263
-1.329,-1.993
-1.327,-3.085
-1.358,-0.671
-1.434,0.243
-1.412,-0.868
-1.558,0.294
-1.571,-1.561
-1.51,0.284
-1.667,-0.025
-1.698,-0.749
-1.656,-2.754
-1.688,-1.281
-1.767,-1.84
-1.787,-1.186
-1.792,-1.137
-1.779,-1.487
-1.878,-2.504
-1.903,-0.621
-1.91,0.065
-1.936,-0.157
-1.947,-2.94
-1.898,-2.178
-1.924,-2.031
-1.985,-1.896
-1.978,-3.29
-2.07,-0.647
-2.012,-1.002
-2.036,-2.2
-2.123,0.017
-2.151,-0.784
-2.217,-0.902
-2.182,-0.994
-2.232,0.242
-2.295,-2.491
-2.303,-2.389
-2.417,-1.575
-2.36,-1.983
-2.396,-0.646
-2.457,-0.144
-2.423,-1.416
-2.513,-2.373
-2.481,-1.671
-2.541,-0.499
-2.498,-2.577
-2.555,-0.862
-2.641,-0.423
-2.721,-1.929
-2.708,-0.348
-2.799,-1.331
-2.824,-0.907
-2.775,-2.293
-2.85,-3.395
-2.926,-3.281
-2.959,-1.971
-3.051,-0.819
-3.109,-3.494
-3.104,-1.845
3.002,-0.352
2.986,-2.62
2.894,-2.468
2.854,-1.318
2.622,-1.242
2.621,-2.641
2.6,0.23
2.518,-3.006
2.542,0.122
2.542,-1.106
2.462,0.096
2.437,-0.842
2.487,0.494
2.422,0.028
2.422,-3.09
2.317,-1.909
2.306,-1.897
2.374,-2.363
2.368,0.149
2.282,-1.772
2.256,-2.26
2.257,-0.566
2.264,-2.347
2.271,-0.217
2.173,-0.52
2.044,-0.701
2.023,-1.048
1.957,-1.438
1.974,-0.825
1.876,-1.518
1.869,-1.166
1.726,-2.228
1.745,-1.119
1.734,-3.027
1.675,-0.981
1.683,-2.962
1.569,-1.896
1.61,-3.546
1.534,-0.935
1.589,-1.395
1.586,-1.785
1.564,-1.598
1.447,0.2
1.344,-2.67
1.394,-3.6
1.247,-1.679
1.222,-3.191
1.219,-1.976
1.169,-2.149
1.108,-2.955
1.145,-3.231
1.08,-2.526
1.162,-3.179
1.087,-3.136
0.982,-3.202
0.986,-0.725
0.918,-3.085
0.883,-3.058
0.854,-3.2
0.786,-2.163
0.794,-3.539
0.824,-3.393
0.716,-2.165
0.745,-0.896
0.664,-0.724
0.709,-1.019
0.696,-0.705
0.615,-1.37
0.442,-3.822
0.306,-3.855
-0.016,-3.583
-0.419,-3.732
-0.608,-3.809
-0.8,-3.882
-1.006,-3.826
-2.023,-3.766
-2.463,-3.876
-2.554,-3.943
-2.706,-3.812
3.078,-3.938
3.008,-3.786
2.894,-3.974
2.373,-3.819
2.207,-3.7
2.131,-3.657
2.059,-3.814
1.356,-3.668
1.168,-3.786
0.906,-3.846
0.897,-3.597
0.832,-4.06
0.769,-3.599
0.39,0.697
-0.081,0.745
-0.381,0.709
-0.645,0.868
-0.863,0.761
-0.879,0.652
-1.431,0.815
-2.232,0.616
-2.677,0.694
-2.86,0.904
2.595,0.603
2.022,0.572
1.973,0.774
1.988,0.889
1.86,0.471
1.931,0.773
1.829,0.524
1.901,0.553
1.668,0.795
1.29,0.788
1.262,0.892
1.007,0.765
-0.421,-2.645
-1.418,-3.048
-1.79,-3.443
-1.598,-3.938
2.935,0.811
1.674,0.676
0.649,-1.135
0.556,-0.922
0.356,-0.036
0.485,-2.117
0.474,-2.944
0.445,-3.062
0.303,0.119
0.287,-3.324
0.073,-2.611
-0.028,-2.66
-0.03,-2.206
-0.025,-1.437
-0.337,-0.85
-0.342,-2.393
-0.254,-3.538
-0.33,-0.813
-0.408,-3.231
-0.513,-2.924
-0.524,-1.18
-0.651,-1.662
-0.641,-2.484
-0.601,-1.167
-0.619,-2.208
-0.629,-1.317
-0.842,0.431
-0.723,-0.861
-0.873,-1.302
-0.875,-2.389
-0.801,-1.994
-0.858,-1.24
-1.352,0.382
-1.364,-1.919
-1.395,-3.497
-1.59,-1.978
-1.658,-3.278
-1.882,-3.495
-1.914,-1.324
-1.842,-1.561
-1.91,-0.104
-2.005,-0.538
-2.17,-2.022
-2.17,-0.545
-2.211,-0.642
-2.438,-1.792
-2.654,-0.614
-2.728,-3.136
-2.791,-1.352
-2.811,-1.009
-3.018,-2.08
-2.905,-3.092
-2.912,-3.542
-3.126,-3.177
-3.029,-2.401
3.054,-1.036
-3.118,-3.214
-3.134,-1.491
2.97,-1.269
2.854,-1.981
2.835,-3.496
2.692,0.245
2.618,-3.53
2.747,-2.276
2.703,-2.54
2.544,-0.563
2.462,-2.548
2.378,-3.325
2.178,-0.922
1.859,-0.706
1.812,-1.793
1.922,-0.832
1.734,-2.248
1.716,-0.884
1.635,-0.651
1.593,-1.1
1.7,-3.359
1.546,-1.494
1.623,-2.482
1.598,-3.473
1.533,-2.95
1.356,-1.242
1.186,-2.527
0.898,-2.14
0.866,-1.025
0.935,-0.639
0.903,-1.062
0.754,-0.936
0.742,-1.797
0.686,-1.184
0.716,-2.243
0.667,-3.454
0.345,-3.482
0.289,-3.599
0.064,-3.781
0.126,-3.851
-1.563,-3.909
-1.671,-3.875
-1.824,-3.679
-1.808,-3.636
-2.03,-3.742
-2.501,-3.747
-2.583,-3.733
1.379,-3.772
0.782,-3.599
0.639,-3.97
-0.303,0.533
-0.269,0.494
-0.464,0.773
-0.556,0.718
-0.981,0.767
-0.878,0.668
-1.588,0.403
-1.432,0.757
-1.643,0.717
-1.752,0.783
-2.431,0.729
-3.067,0.732
2.335,0.562
2.422,0.667
2.069,0.843
1.95,0.829
1.274,0.465
1.238,0.821
0.938,0.853
0.905,0.678
0.848,0.572
0.16,-2.666
-0.901,-2.006
-1.012,-2.245
-1.324,-3.014
2.695,-0.465
2.541,-1.906
2.515,-1.686
1.763,-0.986
0.992,-3.496
-2.064,-0.249
2.895,-1.639
2.314,-0.824
2.362,-1.287
1.944,-2.425
1.679,-1.65
1.738,-0.762
1.393,-2.033
1.287,-0.741
1.073,-0.61
1.039,-0.468
-2.595,-1.719
-2.723,-0.446
2.169,-2.74
-0.745,-3.62
2.07,-3.445
1.713,-3.33
-0.005,2.219
-0.098,3.356
-0.063,2.495
-0.17,1.216
-0.219,1.591
-0.222,0.641
-0.223,0.723
-0.32,3.278
-0.349,0.095
-0.443,0.211
-0.485,3.244
-0.613,3.591
-0.611,0.558
-0.643,2.238
-0.596,2.63
-0.721,1.583
-0.716,3.589
-0.884,2.141
-0.965,1.114
-0.988,2.157
-1.101,1.158
-1.102,1.744
-1.064,2.695
-1.125,0.535
-1.056,1.644
-1.068,0.918
-1.183,1.112
-1.288,3.208
-1.291,1.478
-1.289,0.386
-1.32,2.8
-1.396,3.714
-1.374,2.603
-1.52,3.765
-1.533,1.91
-1.472,3.755
-1.629,3.446
-1.66,2.722
-1.618,0.717
-1.65,2.19
-1.729,1.631
-1.749,2.285
-1.754,2.334
-1.741,1.984
-1.84,0.967
-1.865,2.85
-1.872,3.536
-1.898,3.314
-1.909,0.531
-1.86,1.293
-1.886,1.44
-1.947,1.575
-1.94,0.181
-2.032,2.824
-1.974,2.469
-1.998,1.271
-2.085,3.488
-2.113,2.687
-2.179,2.569
-2.144,2.477
-2.194,3.713
-2.257,0.98
-2.265,1.082
-2.379,1.896
-2.322,1.488
-2.358,2.825
-2.419,3.327
-2.385,2.055
-2.475,1.098
-2.443,1.8
-2.503,2.972
-2.46,0.894
-2.517,2.609
-2.603,3.048
-2.683,1.542
-2.67,3.123
-2.761,2.14
-2.786,2.564
-2.737,1.178
-2.812,0.076
-2.888,0.19
-2.921,1.5
-3.013,2.652
-3.071,-0.023
-3.066,1.626
3.04,3.119
3.024,0.851
2.932,1.003
2.892,2.153
2.66,2.229
2.659,0.83
2.638,3.701
2.556,0.465
2.58,3.593
2.58,2.365
2.5,3.567
2.475,2.629
2.525,3.965
2.46,3.499
2.46,0.381
2.355,1.562
2.344,1.574
2.412,1.108
2.406,3.62
2.32,1.699
2.294,1.211
2.295,2.905
2.302,1.124
2.309,3.254
2.211,2.951
2.082,2.77
2.061,2.423
1.995,2.033
2.012,2.646
1.914,1.953
1.907,2.305
1.764,1.243
1.783,2.352
1.772,0.444
1.713,2.49
1.721,0.509
1.607,1.575
1.648,-0.075
1.572,2.536
1.627,2.076
1.624,1.686
1.602,1.873
1.485,3.671
1.382,0.801
1.432,-0.129
1.285,1.792
1.26,0.28
1.257,1.495
1.207,1.322
1.146,0.516
1.183,0.24
1.118,0.945
1.2,0.292
1.125,0.335
1.02,0.269
1.024,2.746
0.956,0.386
0.921,0.413
0.892,0.271
0.824,1.308
0.832,-0.068
0.862,0.078
0.754,1.306
0.783,2.575
0.702,2.747
0.747,2.452
0.734,2.766
0.653,2.101
0.48,-0.351
0.344,-0.384
0.022,-0.112
-0.381,-0.261
-0.57,-0.338
-0.762,-0.411
-0.968,-0.355
-1.985,-0.295
-2.425,-0.405
-2.516,-0.472
-2.668,-0.341
3.116,-0.467
3.046,-0.315
2.932,-0.503
2.411,-0.348
2.245,-0.229
2.169,-0.186
2.097,-0.343
1.394,-0.197
1.206,-0.315
0.944,-0.375
0.935,-0.126
0.87,-0.589
0.807,-0.128
0.428,4.168
-0.043,4.216
-0.343,4.18
-0.607,4.339
-0.825,4.232
-0.841,4.123
-1.393,4.286
-2.194,4.087
-2.639,4.165
-2.822,4.375
2.633,4.074
2.06,4.043
2.011,4.245
2.026,4.36
1.898,3.942
1.969,4.244
1.867,3.995
1.939,4.024
1.706,4.266
1.328,4.259
1.3,4.363
1.045,4.236
-0.383,0.826
-1.38,0.423
-1.752,0.028
-1.56,-0.467
2.973,4.282
1.712,4.147
0.687,2.336
0.594,2.549
0.394,3.435
0.523,1.354
0.512,0.527
0.483,0.409
0.341,3.59
0.325,0.147
0.111,0.86
0.01,0.811
0.008,1.265
0.013,2.034
-0.299,2.621
-0.304,1.078
-0.216,-0.067
-0.292,2.658
-0.37,0.24
-0.475,0.547
-0.486,2.291
-0.613,1.809
-0.603,0.987
-0.563,2.304
-0.581,1.263
-0.591,2.154
-0.804,3.902
-0.685,2.61
-0.835,2.169
-0.837,1.082
-0.763,1.477
-0.82,2.231
-1.314,3.853
-1.326,1.552
-1.357,-0.026
-1.552,1.493
-1.62,0.193
-1.844,-0.024
-1.876,2.147
-1.804,1.91
-1.872,3.367
-1.967,2.933
-2.132,1.449
-2.132,2.926
-2.173,2.829
-2.4,1.679
-2.616,2.857
-2.69,0.335
-2.753,2.119
-2.773,2.462
-2.98,1.391
-2.867,0.379
-2.874,-0.071
-3.088,0.294
-2.991,1.07
3.092,2.435
-3.08,0.257
-3.096,1.98
3.008,2.202
2.892,1.49
2.873,-0.025
2.73,3.716
2.656,-0.059
2.785,1.195
2.741,0.931
2.582,2.908
2.5,0.923
2.416,0.146
2.216,2.549
1.897,2.765
1.85,1.678
1.96,2.639
1.772,1.223
1.754,2.587
1.673,2.82
1.631,2.371
1.738,0.112
1.584,1.977
1.661,0.989
1.636,-0.002
1.571,0.521
1.394,2.229
1.224,0.944
0.936,1.331
0.904,2.446
0.973,2.832
0.941,2.409
0.792,2.535
0.78,1.674
0.724,2.287
0.754,1.228
0.705,0.017
0.383,-0.011
0.327,-0.128
0.102,-0.31
0.164,-0.38
-1.525,-0.438
-1.633,-0.404
-1.786,-0.208
-1.77,-0.165
-1.992,-0.271
-2.463,-0.276
-2.545,-0.262
1.417,-0.301
0.82,-0.128
0.677,-0.499
-0.265,4.004
-0.231,3.965
-0.426,4.244
-0.518,4.189
-0.943,4.238
-0.84,4.139
-1.55,3.874
-1.394,4.228
-1.605,4.188
-1.714,4.254
-2.393,4.2
-3.029,4.203
2.373,4.033
2.46,4.138
2.107,4.314
1.988,4.3
1.312,3.936
1.276,4.292
0.976,4.324
0.943,4.149
0.886,4.043
0.198,0.805
-0.863,1.465
-0.974,1.226
-1.286,0.457
2.733,3.006
2.579,1.565
2.553,1.785
1.801,2.485
1.03,-0.025
-2.026,3.222
2.933,1.832
2.352,2.647
2.4,2.184
1.982,1.046
1.717,1.821
1.776,2.709
1.431,1.438
1.325,2.73
1.111,2.861
1.077,3.003
-2.557,1.752
-2.685,3.025
2.207,0.731
-0.707,-0.149
2.108,0.026
1.751,0.141
-0.093,1.137
-0.058,0.276
-0.165,-1.003
-0.214,-0.628
-0.217,-1.578
-0.218,-1.496
-0.315,1.059
-0.344,-2.124
-0.438,-2.008
-0.48,1.025
-0.608,1.372
-0.606,-1.661
-0.638,0.019
-0.591,0.411
-0.716,-0.636
-0.711,1.37
-0.879,-0.078
-0.96,-1.105
-0.983,-0.062
-1.096,-1.061
-1.097,-0.475
-1.059,0.476
-1.12,-1.684
-1.051,-0.575
-1.063,-1.301
-1.178,-1.107
-1.283,0.989
-1.286,-0.741
-1.284,-1.833
-1.315,0.581
-1.391,1.495
-1.369,0.384
-1.515,1.546
-1.528,-0.309
-1.467,1.536
-1.624,1.227
-1.655,0.503
-1.613,-1.502
-1.645,-0.029
-1.724,-0.588
-1.744,0.066
-1.749,0.115
-1.736,-0.235
-1.835,-1.252
-1.86,0.631
-1.867,1.317
-1.893,1.095
-1.904,-1.688
-1.855,-0.926
-1.881,-0.779
-1.942,-0.644
-1.935,-2.038
-2.027,0.605
-1.969,0.25
-1.993,-0.948
-2.08,1.269
-2.108,0.468
-2.174,0.35
-2.139,0.258
-2.189,1.494
-2.252,-1.239
-2.26,-1.137
-2.374,-0.323
-2.317,-0.731
-2.353,0.606
-2.414,1.108
-2.38,-0.164
-2.47,-1.121
-2.438,-0.419
-2.498,0.753
-2.455,-1.325
-2.512,0.39
-2.598,0.829
-2.678,-0.677
-2.665,0.904
-2.756,-0.079
-2.781,0.345
-2.732,-1.041
-2.807,-2.143
-2.883,-2.029
-2.916,-0.719
-3.008,0.433
-3.066,-2.242
-3.061,-0.593
3.045,0.9
3.029,-1.368
2.937,-1.216
2.897,-0.066
2.665,0.01
2.664,-1.389
2.643,1.482
2.561,-1.754
2.585,1.374
2.585,0.146
2.505,1.348
2.48,0.41
2.53,1.746
2.465,1.28
2.465,-1.838
2.36,-0.657
2.349,-0.645
2.417,-1.111
2.411,1.401
2.325,-0.52
2.299,-1.008
2.3,0.686
2.307,-1.095
2.314,1.035
2.216,0.732
2.087,0.551
2.066,0.204
2.0,-0.186
2.017,0.427
1.919,-0.266
1.912,0.086
1.769,-0.976
1.788,0.133
1.777,-1.775
1.718,0.271
1.726,-1.71
1.612,-0.644
1.653,-2.294
1.577,0.317
1.632,-0.143
1.629,-0.533
1.607,-0.346
1.49,1.452
1.387,-1.418
1.437,-2.348
1.29,-0.427
1.265,-1.939
1.262,-0.724
1.212,-0.897
1.151,-1.703
1.188,-1.979
1.123,-1.274
1.205,-1.927
1.13,-1.884
1.025,-1.95
1.029,0.527
0.961,-1.833
0.926,-1.806
0.897,-1.948
0.829,-0.911
0.837,-2.287
0.867,-2.141
0.759,-0.913
0.788,0.356
0.707,0.528
0.752,0.233
0.739,0.547
0.658,-0.118
0.485,-2.57
0.349,-2.603
0.027,-2.331
-0.376,-2.48
-0.565,-2.557
-0.757,-2.63
-0.963,-2.574
-1.98,-2.514
-2.42,-2.624
-2.511,-2.691
-2.663,-2.56
3.121,-2.686
3.051,-2.534
2.937,-2.722
2.416,-2.567
2.25,-2.448
2.174,-2.405
2.102,-2.562
1.399,-2.416
1.211,-2.534
0.949,-2.594
0.94,-2.345
0.875,-2.808
0.812,-2.347
0.433,1.949
-0.038,1.997
-0.338,1.961
-0.602,2.12
-0.82,2.013
-0.836,1.904
-1.388,2.067
-2.189,1.868
-2.634,1.946
-2.817,2.156
2.638,1.855
2.065,1.824
2.016,2.026
2.031,2.141
1.903,1.723
1.974,2.025
1.872,1.776
1.944,1.805
1.711,2.047
1.333,2.04
1.305,2.144
1.05,2.017
-0.378,-1.393
-1.375,-1.796
-1.747,-2.191
-1.555,-2.686
2.978,2.063
1.717,1.928
0.692,0.117
0.599,0.33
0.399,1.216
0.528,-0.865
0.517,-1.692
0.488,-1.81
0.346,1.371
0.33,-2.072
0.116,-1.359
0.015,-1.408
0.013,-0.954
0.018,-0.185
-0.294,0.402
-0.299,-1.141
-0.211,-2.286
-0.287,0.439
-0.365,-1.979
-0.47,-1.672
-0.481,0.072
-0.608,-0.41
-0.598,-1.232
-0.558,0.085
-0.576,-0.956
-0.586,-0.065
-0.799,1.683
-0.68,0.391
-0.83,-0.05
-0.832,-1.137
-0.758,-0.742
-0.815,0.012
-1.309,1.634
-1.321,-0.667
-1.352,-2.245
-1.547,-0.726
-1.615,-2.026
-1.839,-2.243
-1.871,-0.072
-1.799,-0.309
-1.867,1.148
-1.962,0.714
-2.127,-0.77
-2.127,0.707
-2.168,0.61
-2.395,-0.54
-2.611,0.638
-2.685,-1.884
-2.748,-0.1
-2.768,0.243
-2.975,-0.828
-2.862,-1.84
-2.869,-2.29
-3.083,-1.925
-2.986,-1.149
3.097,0.216
-3.075,-1.962
-3.091,-0.239
3.013,-0.017
2.897,-0.729
2.878,-2.244
2.735,1.497
2.661,-2.278
2.79,-1.024
2.746,-1.288
2.587,0.689
2.505,-1.296
2.421,-2.073
2.221,0.33
1.902,0.546
1.855,-0.541
1.965,0.42
1.777,-0.996
1.759,0.368
1.678,0.601
1.636,0.152
1.743,-2.107
1.589,-0.242
1.666,-1.23
1.641,-2.221
1.576,-1.698
1.399,0.01
1.229,-1.275
0.941,-0.888
0.909,0.227
0.978,0.613
0.946,0.19
0.797,0.316
0.785,-0.545
0.729,0.068
0.759,-0.991
0.71,-2.202
0.388,-2.23
0.332,-2.347
0.107,-2.529
0.169,-2.599
-1.52,-2.657
-1.628,-2.623
-1.781,-2.427
-1.765,-2.384
-1.987,-2.49
-2.458,-2.495
-2.54,-2.481
1.422,-2.52
0.825,-2.347
0.682,-2.718
-0.26,1.785
-0.226,1.746
-0.421,2.025
-0.513,1.97
-0.938,2.019
-0.835,1.92
-1.545,1.655
-1.389,2.009
-1.6,1.969
-1.709,2.035
-2.388,1.981
-3.024,1.984
2.378,1.814
2.465,1.919
2.112,2.095
1.993,2.081
1.317,1.717
1.281,2.073
0.981,2.105
0.948,1.93
0.891,1.824
0.203,-1.414
-0.858,-0.754
-0.969,-0.993
-1.281,-1.762
2.738,0.787
2.584,-0.654
2.558,-0.434
1.806,0.266
1.035,-2.244
-2.021,1.003
2.938,-0.387
2.357,0.428
2.405,-0.035
1.987,-1.173
1.722,-0.398
1.781,0.49
1.436,-0.781
1.33,0.511
1.116,0.642
1.082,0.784
-2.552,-0.467
-2.68,0.806
2.212,-1.488
-0.702,-2.368
2.113,-2.193
1.756,-2.078
0.035,-0.861
-0.072,-2.14
-0.121,-1.765
-0.124,-2.715
-0.125,-2.633
-0.222,-0.078
-0.251,-3.261
-0.345,-3.145
-0.387,-0.112
-0.515,0.235
-0.513,-2.798
-0.545,-1.118
-0.498,-0.726
-0.623,-1.773
-0.618,0.233
-0.786,-1.215
-0.867,-2.242
-0.89,-1.199
-1.003,-2.198
-1.004,-1.612
-0.966,-0.661
-1.027,-2.821
-0.958,-1.712
-0.97,-2.438
-1.085,-2.244
-1.19,-0.148
-1.193,-1.878
-1.191,-2.97
-1.222,-0.556
-1.298,0.358
-1.276,-0.753
-1.422,0.409
-1.435,-1.446
-1.374,0.399
-1.531,0.09
-1.562,-0.634
-1.52,-2.639
-1.552,-1.166
-1.631,-1.725
-1.651,-1.071
-1.656,-1.022
-1.643,-1.372
-1.742,-2.389
-1.767,-0.506
-1.774,0.18
-1.8,-0.042
-1.811,-2.825
-1.762,-2.063
-1.788,-1.916
-1.849,-1.781
-1.842,-3.175
-1.934,-0.532
-1.876,-0.887
-1.9,-2.085
-1.987,0.132
-2.015,-0.669
-2.081,-0.787
-2.046,-0.879
-2.096,0.357
-2.159,-2.376
-2.167,-2.274
-2.281,-1.46
-2.224,-1.868
-2.26,-0.531
-2.321,-0.029
-2.287,-1.301
-2.377,-2.258
-2.345,-1.556
-2.405,-0.384
-2.362,-2.462
-2.419,-0.747
-2.505,-0.308
-2.585,-1.814
-2.572,-0.233
-2.663,-1.216
-2.688,-0.792
-2.639,-2.178
-2.714,-3.28
-2.79,-3.166
-2.823,-1.856
-2.915,-0.704
-2.973,-3.379
-2.968,-1.73
3.138,-0.237
3.122,-2.505
3.03,-2.353
2.99,-1.203
2.758,-1.127
2.757,-2.526
2.736,0.345
2.654,-2.891
2.678,0.237
2.678,-0.991
2.598,0.211
2.573,-0.727
2.623,0.609
2.558,0.143
2.558,-2.975
2.453,-1.794
2.442,-1.782
2.51,-2.248
2.504,0.264
2.418,-1.657
2.392,-2.145
2.393,-0.451
2.4,-2.232
2.407,-0.102
2.309,-0.405
2.18,-0.586
2.159,-0.933
2.093,-1.323
2.11,-0.71
2.012,-1.403
2.005,-1.051
1.862,-2.113
1.881,-1.004
1.87,-2.912
1.811,-0.866
1.819,-2.847
1.705,-1.781
1.746,-3.431
1.67,-0.82
1.725,-1.28
1.722,-1.67
1.7,-1.483
1.583,0.315
1.48,-2.555
1.53,-3.485
1.383,-1.564
1.358,-3.076
1.355,-1.861
1.305,-2.034
1.244,-2.84
1.281,-3.116
1.216,-2.411
1.298,-3.064
1.223,-3.021
1.118,-3.087
1.122,-0.61
1.054,-2.97
1.019,-2.943
0.99,-3.085
0.922,-2.048
0.93,-3.424
0.96,-3.278
0.852,-2.05
0.881,-0.781
0.8,-0.609
0.845,-0.904
0.832,-0.59
0.751,-1.255
0.578,-3.707
0.442,-3.74
0.12,-3.468
-0.283,-3.617
-0.472,-3.694
-0.664,-3.767
-0.87,-3.711
-1.887,-3.651
-2.327,-3.761
-2.418,-3.828
-2.57,-3.697
-3.069,-3.823
-3.139,-3.671
3.03,-3.859
2.509,-3.704
2.343,-3.585
2.267,-3.542
2.195,-3.699
1.492,-3.553
1.304,-3.671
1.042,-3.731
1.033,-3.482
0.968,-3.945
0.905,-3.484
0.526,0.812
0.055,0.86
-0.245,0.824
-0.509,0.983
-0.727,0.876
-0.743,0.767
-1.295,0.93
-2.096,0.731
-2.541,0.809
-2.724,1.019
2.731,0.718
2.158,0.687
2.109,0.889
2.124,1.004
1.996,0.586
2.067,0.888
1.965,0.639
2.037,0.668
1.804,0.91
1.426,0.903
1.398,1.007
1.143,0.88
-0.285,-2.53
-1.282,-2.933
-1.654,-3.328
-1.462,-3.823
3.071,0.926
1.81,0.791
0.785,-1.02
0.692,-0.807
0.492,0.079
0.621,-2.002
0.61,-2.829
0.581,-2.947
0.439,0.234
0.423,-3.209
0.209,-2.496
0.108,-2.545
0.106,-2.091
0.111,-1.322
-0.201,-0.735
-0.206,-2.278
-0.118,-3.423
-0.194,-0.698
-0.272,-3.116
-0.377,-2.809
-0.388,-1.065
-0.515,-1.547
-0.505,-2.369
-0.465,-1.052
-0.483,-2.093
-0.493,-1.202
-0.706,0.546
-0.587,-0.746
-0.737,-1.187
-0.739,-2.274
-0.665,-1.879
-0.722,-1.125
-1.216,0.497
-1.228,-1.804
-1.259,-3.382
-1.454,-1.863
-1.522,-3.163
-1.746,-3.38
-1.778,-1.209
-1.706,-1.446
-1.774,0.011
-1.869,-0.423
-2.034,-1.907
-2.034,-0.43
-2.075,-0.527
-2.302,-1.677
-2.518,-0.499
-2.592,-3.021
-2.655,-1.237
-2.675,-0.894
-2.882,-1.965
-2.769,-2.977
-2.776,-3.427
-2.99,-3.062
-2.893,-2.286
-3.093,-0.921
-2.982,-3.099
-2.998,-1.376
3.106,-1.154
2.99,-1.866
2.971,-3.381
2.828,0.36
2.754,-3.415
2.883,-2.161
2.839,-2.425
2.68,-0.448
2.598,-2.433
2.514,-3.21
2.314,-0.807
1.995,-0.591
1.948,-1.678
2.058,-0.717
1.87,-2.133
1.852,-0.769
1.771,-0.536
1.729,-0.985
1.836,-3.244
1.682,-1.379
1.759,-2.367
1.734,-3.358
1.669,-2.835
1.492,-1.127
1.322,-2.412
1.034,-2.025
1.002,-0.91
1.071,-0.524
1.039,-0.947
0.89,-0.821
0.878,-1.682
0.822,-1.069
0.852,-2.128
0.803,-3.339
0.481,-3.367
0.425,-3.484
0.2,-3.666
0.262,-3.736
-1.427,-3.794
-1.535,-3.76
-1.688,-3.564
-1.672,-3.521
-1.894,-3.627
-2.365,-3.632
-2.447,-3.618
1.515,-3.657
0.918,-3.484
0.775,-3.855
-0.167,0.648
-0.133,0.609
-0.328,0.888
-0.42,0.833
-0.845,0.882
-0.742,0.783
-1.452,0.518
-1.296,0.872
-1.507,0.832
-1.616,0.898
-2.295,0.844
-2.931,0.847
2.471,0.677
2.558,0.782
2.205,0.958
2.086,0.944
1.41,0.58
1.374,0.936
1.074,0.968
1.041,0.793
0.984,0.687
0.296,-2.551
-0.765,-1.891
-0.876,-2.13
-1.188,-2.899
2.831,-0.35
2.677,-1.791
2.651,-1.571
1.899,-0.871
1.128,-3.381
-1.928,-0.134
3.031,-1.524
2.45,-0.709
2.498,-1.172
2.08,-2.31
1.815,-1.535
1.874,-0.647
1.529,-1.918
1.423,-0.626
1.209,-0.495
1.175,-0.353
-2.459,-1.604
-2.587,-0.331
2.305,-2.625
-0.609,-3.505
2.206,-3.33
1.849,-3.215
-0.107,-1.279
-0.156,-0.904
-0.159,-1.854
-0.16,-1.772
-0.257,0.783
-0.286,-2.4
-0.38,-2.284
-0.422,0.749
-0.55,1.096
-0.548,-1.937
-0.58,-0.257
-0.533,0.135
-0.658,-0.912
-0.653,1.094
-0.821,-0.354
-0.902,-1.381
-0.925,-0.338
-1.038,-1.337
-1.039,-0.751
-1.001,0.2
-1.062,-1.96
-0.993,-0.851
-1.005,-1.577
-1.12,-1.383
-1.225,0.713
-1.228,-1.017
-1.226,-2.109
-1.257,0.305
-1.333,1.219
-1.311,0.108
-1.457,1.27
-1.47,-0.585
-1.409,1.26
-1.566,0.951
-1.597,0.227
-1.555,-1.778
-1.587,-0.305
-1.666,-0.864
-1.686,-0.21
-1.691,-0.161
-1.678,-0.511
-1.777,-1.528
-1.802,0.355
-1.809,1.041
-1.835,0.819
-1.846,-1.964
-1.797,-1.202
-1.823,-1.055
-1.884,-0.92
-1.877,-2.314
-1.969,0.329
-1.911,-0.026
-1.935,-1.224
-2.022,0.993
-2.05,0.192
-2.116,0.074
-2.081,-0.018
-2.131,1.218
-2.194,-1.515
-2.202,-1.413
-2.316,-0.599
-2.259,-1.007
-2.295,0.33
-2.356,0.832
-2.322,-0.44
-2.412,-1.397
-2.38,-0.695
-2.44,0.477
-2.397,-1.601
-2.454,0.114
-2.54,0.553
-2.62,-0.953
-2.607,0.628
-2.698,-0.355
-2.723,0.069
-2.674,-1.317
-2.749,-2.419
-2.825,-2.305
-2.858,-0.995
-2.95,0.157
-3.008,-2.518
-3.003,-0.869
3.103,0.624
3.087,-1.644
2.995,-1.492
2.955,-0.342
2.723,-0.266
2.722,-1.665
2.701,1.206
2.619,-2.03
2.643,1.098
2.643,-0.13
2.563,1.072
2.538,0.134
2.588,1.47
2.523,1.004
2.523,-2.114
2.418,-0.933
2.407,-0.921
2.475,-1.387
2.469,1.125
2.383,-0.796
2.357,-1.284
2.358,0.41
2.365,-1.371
2.372,0.759
2.274,0.456
2.145,0.275
2.124,-0.072
2.058,-0.462
2.075,0.151
1.977,-0.542
1.97,-0.19
1.827,-1.252
1.846,-0.143
1.835,-2.051
1.776,-0.005
1.784,-1.986
1.67,-0.92
1.711,-2.57
1.635,0.041
1.69,-0.419
1.687,-0.809
1.665,-0.622
1.548,1.176
1.445,-1.694
1.495,-2.624
1.348,-0.703
1.323,-2.215
1.32,-1.0
1.27,-1.173
1.209,-1.979
1.246,-2.255
1.181,-1.55
1.263,-2.203
1.188,-2.16
1.083,-2.226
1.087,0.251
1.019,-2.109
0.984,-2.082
0.955,-2.224
0.887,-1.187
0.895,-2.563
0.925,-2.417
0.817,-1.189
0.846,0.08
0.765,0.252
0.81,-0.043
0.797,0.271
0.716,-0.394
0.543,-2.846
0.407,-2.879
0.085,-2.607
-0.318,-2.756
-0.507,-2.833
-0.699,-2.906
-0.905,-2.85
-1.922,-2.79
-2.362,-2.9
-2.453,-2.967
-2.605,-2.836
-3.104,-2.962
3.109,-2.81
2.995,-2.998
2.474,-2.843
2.308,-2.724
2.232,-2.681
2.16,-2.838
1.457,-2.692
1.269,-2.81
1.007,-2.87
0.998,-2.621
0.933,-3.084
0.87,-2.623
0.491,1.673
0.02,1.721
-0.28,1.685
-0.544,1.844
-0.762,1.737
-0.778,1.628
-1.33,1.791
-2.131,1.592
-2.576,1.67
-2.759,1.88
2.696,1.579
2.123,1.548
2.074,1.75
2.089,1.865
1.961,1.447
2.032,1.749
1.93,1.5
2.002,1.529
1.769,1.771
1.391,1.764
1.363,1.868
1.108,1.741
-0.32,-1.669
-1.317,-2.072
-1.689,-2.467
-1.497,-2.962
3.036,1.787
1.775,1.652
0.75,-0.159
0.657,0.054
0.457,0.94
0.586,-1.141
0.575,-1.968
0.546,-2.086
0.404,1.095
0.388,-2.348
0.174,-1.635
0.073,-1.684
0.071,-1.23
0.076,-0.461
-0.236,0.126
-0.241,-1.417
-0.153,-2.562
-0.229,0.163
-0.307,-2.255
-0.412,-1.948
-0.423,-0.204
-0.55,-0.686
-0.54,-1.508
-0.5,-0.191
-0.518,-1.232
-0.528,-0.341
-0.741,1.407
-0.622,0.115
-0.772,-0.326
-0.774,-1.413
-0.7,-1.018
-0.757,-0.264
-1.251,1.358
-1.263,-0.943
-1.294,-2.521
-1.489,-1.002
-1.557,-2.302
-1.781,-2.519
-1.813,-0.348
-1.741,-0.585
-1.809,0.872
-1.904,0.438
-2.069,-1.046
-2.069,0.431
-2.11,0.334
-2.337,-0.816
-2.553,0.362
-2.627,-2.16
-2.69,-0.376
-2.71,-0.033
-2.917,-1.104
-2.804,-2.116
-2.811,-2.566
-3.025,-2.201
-2.928,-1.425
-3.128,-0.06
-3.017,-2.238
-3.033,-0.515
3.071,-0.293
2.955,-1.005
2.936,-2.52
2.793,1.221
2.719,-2.554
2.848,-1.3
2.804,-1.564
2.645,0.413
2.563,-1.572
2.479,-2.349
2.279,0.054
1.96,0.27
1.913,-0.817
2.023,0.144
1.835,-1.272
1.817,0.092
1.736,0.325
1.694,-0.124
1.801,-2.383
1.647,-0.518
1.724,-1.506
1.699,-2.497
1.634,-1.974
1.457,-0.266
1.287,-1.551
0.999,-1.164
0.967,-0.049
1.036,0.337
1.004,-0.086
0.855,0.04
0.843,-0.821
0.787,-0.208
0.817,-1.267
0.768,-2.478
0.446,-2.506
0.39,-2.623
0.165,-2.805
0.227,-2.875
-1.462,-2.933
-1.57,-2.899
-1.723,-2.703
-1.707,-2.66
-1.929,-2.766
-2.4,-2.771
-2.482,-2.757
1.48,-2.796
0.883,-2.623
0.74,-2.994
-0.202,1.509
-0.168,1.47
-0.363,1.749
-0.455,1.694
-0.88,1.743
-0.777,1.644
-1.487,1.379
-1.331,1.733
-1.542,1.693
-1.651,1.759
-2.33,1.705
-2.966,1.708
2.436,1.538
2.523,1.643
2.17,1.819
2.051,1.805
1.375,1.441
1.339,1.797
1.039,1.829
1.006,1.654
0.949,1.548
0.261,-1.69
-0.8,-1.03
-0.911,-1.269
-1.223,-2.038
2.796,0.511
2.642,-0.93
2.616,-0.71
1.864,-0.01
1.093,-2.52
-1.963,0.727
2.996,-0.663
2.415,0.152
2.463,-0.311
2.045,-1.449
1.78,-0.674
1.839,0.214
1.494,-1.057
1.388,0.235
1.174,0.366
1.14,0.508
-2.494,-0.743
-2.622,0.53
2.27,-1.764
-0.644,-2.644
2.171,-2.469
1.814,-2.354
-0.049,0.375
-0.052,-0.575
-0.053,-0.493
-0.15,2.062
-0.179,-1.121
-0.273,-1.005
-0.315,2.028
-0.443,2.375
-0.441,-0.658
-0.473,1.022
-0.426,1.414
-0.551,0.367
-0.546,2.373
-0.714,0.925
-0.795,-0.102
-0.818,0.941
-0.931,-0.058
-0.932,0.528
-0.894,1.479
-0.955,-0.681
-0.886,0.428
-0.898,-0.298
-1.013,-0.104
-1.118,1.992
-1.121,0.262
-1.119,-0.83
-1.15,1.584
-1.226,2.498
-1.204,1.387
-1.35,2.549
-1.363,0.694
-1.302,2.539
-1.459,2.23
-1.49,1.506
-1.448,-0.499
-1.48,0.974
-1.559,0.415
-1.579,1.069
-1.584,1.118
-1.571,0.768
-1.67,-0.249
-1.695,1.634
-1.702,2.32
-1.728,2.098
-1.739,-0.685
-1.69,0.077
-1.716,0.224
-1.777,0.359
-1.77,-1.035
-1.862,1.608
-1.804,1.253
-1.828,0.055
-1.915,2.272
-1.943,1.471
-2.009,1.353
-1.974,1.261
-2.024,2.497
-2.087,-0.236
-2.095,-0.134
-2.209,0.68
-2.152,0.272
-2.188,1.609
-2.249,2.111
-2.215,0.839
-2.305,-0.118
-2.273,0.584
-2.333,1.756
-2.29,-0.322
-2.347,1.393
-2.433,1.832
-2.513,0.326
-2.5,1.907
-2.591,0.924
-2.616,1.348
-2.567,-0.038
-2.642,-1.14
-2.718,-1.026
-2.751,0.284
-2.843,1.436
-2.901,-1.239
-2.896,0.41
-3.073,1.903
-3.089,-0.365
3.102,-0.213
3.062,0.937
2.83,1.013
2.829,-0.386
2.808,2.485
2.726,-0.751
2.75,2.377
2.75,1.149
2.67,2.351
2.645,1.413
2.695,2.749
2.63,2.283
2.63,-0.835
2.525,0.346
2.514,0.358
2.582,-0.108
2.576,2.404
2.49,0.483
2.464,-0.005
2.465,1.689
2.472,-0.092
2.479,2.038
2.381,1.735
2.252,1.554
2.231,1.207
2.165,0.817
2.182,1.43
2.084,0.737
2.077,1.089
1.934,0.027
1.953,1.136
1.942,-0.772
1.883,1.274
1.891,-0.707
1.777,0.359
1.818,-1.291
1.742,1.32
1.797,0.86
1.794,0.47
1.772,0.657
1.655,2.455
1.552,-0.415
1.602,-1.345
1.455,0.576
1.43,-0.936
1.427,0.279
1.377,0.106
1.316,-0.7
1.353,-0.976
1.288,-0.271
1.37,-0.924
1.295,-0.881
1.19,-0.947
1.194,1.53
1.126,-0.83
1.091,-0.803
1.062,-0.945
0.994,0.092
1.002,-1.284
1.032,-1.138
0.924,0.09
0.953,1.359
0.872,1.531
0.917,1.236
0.904,1.55
0.823,0.885
0.65,-1.567
0.514,-1.6
0.192,-1.328
-0.211,-1.477
-0.4,-1.554
-0.592,-1.627
-0.798,-1.571
-1.815,-1.511
-2.255,-1.621
-2.346,-1.688
-2.498,-1.557
-2.997,-1.683
-3.067,-1.531
3.102,-1.719
2.581,-1.564
2.415,-1.445
2.339,-1.402
2.267,-1.559
1.564,-1.413
1.376,-1.531
1.114,-1.591
1.105,-1.342
1.04,-1.805
0.977,-1.344
0.598,2.952
0.127,3.0
-0.173,2.964
-0.437,3.123
-0.655,3.016
-0.671,2.907
-1.223,3.07
-2.024,2.871
-2.469,2.949
-2.652,3.159
2.803,2.858
2.23,2.827
2.181,3.029
2.196,3.144
2.068,2.726
2.139,3.028
2.037,2.779
2.109,2.808
1.876,3.05
1.498,3.043
1.47,3.147
1.215,3.02
-0.213,-0.39
-1.21,-0.793
-1.582,-1.188
-1.39,-1.683
-3.14,3.066
1.882,2.931
0.857,1.12
0.764,1.333
0.564,2.219
0.693,0.138
0.682,-0.689
0.653,-0.807
0.511,2.374
0.495,-1.069
0.281,-0.356
0.18,-0.405
0.178,0.049
0.183,0.818
-0.129,1.405
-0.134,-0.138
-0.046,-1.283
-0.122,1.442
-0.2,-0.976
-0.305,-0.669
-0.316,1.075
-0.443,0.593
-0.433,-0.229
-0.393,1.088
-0.411,0.047
-0.421,0.938
-0.634,2.686
-0.515,1.394
-0.665,0.953
-0.667,-0.134
-0.593,0.261
-0.65,1.015
-1.144,2.637
-1.156,0.336
-1.187,-1.242
-1.382,0.277
-1.45,-1.023
-1.674,-1.24
-1.706,0.931
-1.634,0.694
-1.702,2.151
-1.797,1.717
-1.962,0.233
-1.962,1.71
-2.003,1.613
-2.23,0.463
-2.446,1.641
-2.52,-0.881
-2.583,0.903
-2.603,1.246
-2.81,0.175
-2.697,-0.837
-2.704,-1.287
-2.918,-0.922
-2.821,-0.146
-3.021,1.219
-2.91,-0.959
-2.926,0.764
-3.105,0.986
3.062,0.274
3.043,-1.241
2.9,2.5
2.826,-1.275
2.955,-0.021
2.911,-0.285
2.752,1.692
2.67,-0.293
2.586,-1.07
2.386,1.333
2.067,1.549
2.02,0.462
2.13,1.423
1.942,0.007
1.924,1.371
1.843,1.604
1.801,1.155
1.908,-1.104
1.754,0.761
1.831,-0.227
1.806,-1.218
1.741,-0.695
1.564,1.013
1.394,-0.272
1.106,0.115
1.074,1.23
1.143,1.616
1.111,1.193
0.962,1.319
0.95,0.458
0.894,1.071
0.924,0.012
0.875,-1.199
0.553,-1.227
0.497,-1.344
0.272,-1.526
0.334,-1.596
-1.355,-1.654
-1.463,-1.62
-1.616,-1.424
-1.6,-1.381
-1.822,-1.487
-2.293,-1.492
-2.375,-1.478
1.587,-1.517
0.99,-1.344
0.847,-1.715
-0.095,2.788
-0.061,2.749
-0.256,3.028
-0.348,2.973
-0.773,3.022
-0.67,2.923
-1.38,2.658
-1.224,3.012
-1.435,2.972
-1.544,3.038
-2.223,2.984
-2.859,2.987
2.543,2.817
2.63,2.922
2.277,3.098
2.158,3.084
1.482,2.72
1.446,3.076
1.146,3.108
1.113,2.933
1.056,2.827
0.368,-0.411
-0.693,0.249
-0.804,0.01
-1.116,-0.759
2.903,1.79
2.749,0.349
2.723,0.569
1.971,1.269
1.2,-1.241
-1.856,2.006
3.103,0.616
2.522,1.431
2.57,0.968
2.152,-0.17
1.887,0.605
1.946,1.493
1.601,0.222
1.495,1.514
1.281,1.645
1.247,1.787
-2.387,0.536
-2.515,1.809
2.377,-0.485
-0.537,-1.365
2.278,-1.19
1.921,-1.075
-0.003,-0.95
-0.004,-0.868
-0.101,1.687
-0.13,-1.496
-0.224,-1.38
-0.266,1.653
-0.394,2.0
-0.392,-1.033
-0.424,0.647
-0.377,1.039
-0.502,-0.008
-0.497,1.998
-0.665,0.55
-0.746,-0.477
-0.769,0.566
-0.882,-0.433
-0.883,0.153
-0.845,1.104
-0.906,-1.056
-0.837,0.053
-0.849,-0.673
-0.964,-0.479
-1.069,1.617
-1.072,-0.113
-1.07,-1.205
-1.101,1.209
-1.177,2.123
-1.155,1.012
-1.301,2.174
-1.314,0.319
-1.253,2.164
-1.41,1.855
-1.441,1.131
-1.399,-0.874
-1.431,0.599
-1.51,0.04
-1.53,0.694
-1.535,0.743
-1.522,0.393
-1.621,-0.624
-1.646,1.259
-1.653,1.945
-1.679,1.723
-1.69,-1.06
-1.641,-0.298
-1.667,-0.151
-1.728,-0.016
-1.721,-1.41
-1.813,1.233
-1.755,0.878
-1.779,-0.32
-1.866,1.897
-1.894,1.096
-1.96,0.978
-1.925,0.886
-1.975,2.122
-2.038,-0.611
-2.046,-0.509
-2.16,0.305
-2.103,-0.103
-2.139,1.234
-2.2,1.736
-2.166,0.464
-2.256,-0.493
-2.224,0.209
-2.284,1.381
-2.241,-0.697
-2.298,1.018
-2.384,1.457
-2.464,-0.049
-2.451,1.532
-2.542,0.549
-2.567,0.973
-2.518,-0.413
-2.593,-1.515
-2.669,-1.401
-2.702,-0.091
-2.794,1.061
-2.852,-1.614
-2.847,0.035
-3.024,1.528
-3.04,-0.74
-3.132,-0.588
3.111,0.562
2.879,0.638
2.878,-0.761
2.857,2.11
2.775,-1.126
2.799,2.002
2.799,0.774
2.719,1.976
2.694,1.038
2.744,2.374
2.679,1.908
2.679,-1.21
2.574,-0.029
2.563,-0.017
2.631,-0.483
2.625,2.029
2.539,0.108
2.513,-0.38
2.514,1.314
2.521,-0.467
2.528,1.663
2.43,1.36
2.301,1.179
2.28,0.832
2.214,0.442
2.231,1.055
2.133,0.362
2.126,0.714
1.983,-0.348
2.002,0.761
1.991,-1.147
1.932,0.899
1.94,-1.082
1.826,-0.016
1.867,-1.666
1.791,0.945
1.846,0.485
1.843,0.095
1.821,0.282
1.704,2.08
1.601,-0.79
1.651,-1.72
1.504,0.201
1.479,-1.311
1.476,-0.096
1.426,-0.269
1.365,-1.075
1.402,-1.351
1.337,-0.646
1.419,-1.299
1.344,-1.256
1.239,-1.322
1.243,1.155
1.175,-1.205
1.14,-1.178
1.111,-1.32
1.043,-0.283
1.051,-1.659
1.081,-1.513
0.973,-0.285
1.002,0.984
0.921,1.156
0.966,0.861
0.953,1.175
0.872,0.51
0.699,-1.942
0.563,-1.975
0.241,-1.703
-0.162,-1.852
-0.351,-1.929
-0.543,-2.002
-0.749,-1.946
-1.766,-1.886
-2.206,-1.996
-2.297,-2.063
-2.449,-1.932
-2.948,-2.058
-3.018,-1.906
-3.132,-2.094
2.63,-1.939
2.464,-1.82
2.388,-1.777
2.316,-1.934
1.613,-1.788
1.425,-1.906
1.163,-1.966
1.154,-1.717
1.089,-2.18
1.026,-1.719
0.647,2.577
0.176,2.625
-0.124,2.589
-0.388,2.748
-0.606,2.641
-0.622,2.532
-1.174,2.695
-1.975,2.496
-2.42,2.574
-2.603,2.784
2.852,2.483
2.279,2.452
2.23,2.654
2.245,2.769
2.117,2.351
2.188,2.653
2.086,2.404
2.158,2.433
1.925,2.675
1.547,2.668
1.519,2.772
1.264,2.645
-0.164,-0.765
-1.161,-1.168
-1.533,-1.563
-1.341,-2.058
-3.091,2.691
1.931,2.556
0.906,0.745
0.813,0.958
0.613,1.844
0.742,-0.237
0.731,-1.064
0.702,-1.182
0.56,1.999
0.544,-1.444
0.33,-0.731
0.229,-0.78
0.227,-0.326
0.232,0.443
-0.08,1.03
-0.085,-0.513
0.003,-1.658
-0.073,1.067
-0.151,-1.351
-0.256,-1.044
-0.267,0.7
-0.394,0.218
-0.384,-0.604
-0.344,0.713
-0.362,-0.328
-0.372,0.563
-0.585,2.311
-0.466,1.019
-0.616,0.578
-0.618,-0.509
-0.544,-0.114
-0.601,0.64
-1.095,2.262
-1.107,-0.039
-1.138,-1.617
-1.333,-0.098
-1.401,-1.398
-1.625,-1.615
-1.657,0.556
-1.585,0.319
-1.653,1.776
-1.748,1.342
-1.913,-0.142
-1.913,1.335
-1.954,1.238
-2.181,0.088
-2.397,1.266
-2.471,-1.256
-2.534,0.528
-2.554,0.871
-2.761,-0.2
-2.648,-1.212
-2.655,-1.662
-2.869,-1.297
-2.772,-0.521
-2.972,0.844
-2.861,-1.334
-2.877,0.389
-3.056,0.611
3.111,-0.101
3.092,-1.616
2.949,2.125
2.875,-1.65
3.004,-0.396
2.96,-0.66
2.801,1.317
2.719,-0.668
2.635,-1.445
2.435,0.958
2.116,1.174
2.069,0.087
2.179,1.048
1.991,-0.368
1.973,0.996
1.892,1.229
1.85,0.78
1.957,-1.479
1.803,0.386
1.88,-0.602
1.855,-1.593
1.79,-1.07
1.613,0.638
1.443,-0.647
1.155,-0.26
1.123,0.855
1.192,1.241
1.16,0.818
1.011,0.944
0.999,0.083
0.943,0.696
0.973,-0.363
0.924,-1.574
0.602,-1.602
0.546,-1.719
0.321,-1.901
0.383,-1.971
-1.306,-2.029
-1.414,-1.995
-1.567,-1.799
-1.551,-1.756
-1.773,-1.862
-2.244,-1.867
-2.326,-1.853
1.636,-1.892
1.039,-1.719
0.896,-2.09
-0.046,2.413
-0.012,2.374
-0.207,2.653
-0.299,2.598
-0.724,2.647
-0.621,2.548
-1.331,2.283
-1.175,2.637
-1.386,2.597
-1.495,2.663
-2.174,2.609
-2.81,2.612
2.592,2.442
2.679,2.547
2.326,2.723
2.207,2.709
1.531,2.345
1.495,2.701
1.195,2.733
1.162,2.558
1.105,2.452
0.417,-0.786
-0.644,-0.126
-0.755,-0.365
-1.067,-1.134
2.952,1.415
2.798,-0.026
2.772,0.194
2.02,0.894
1.249,-1.616
-1.807,1.631
-3.131,0.241
2.571,1.056
2.619,0.593
2.201,-0.545
1.936,0.23
1.995,1.118
1.65,-0.153
1.544,1.139
1.33,1.27
1.296,1.412
-2.338,0.161
-2.466,1.434
2.426,-0.86
-0.488,-1.74
2.327,-1.565
1.97,-1.45
-0.001,0.082
-0.098,2.637
-0.127,-0.546
-0.221,-0.43
-0.263,2.603
-0.391,2.95
-0.389,-0.083
-0.421,1.597
-0.374,1.989
-0.499,0.942
-0.494,2.948
-0.662,1.5
-0.743,0.473
-0.766,1.516
-0.879,0.517
-0.88,1.103
-0.842,2.054
-0.903,-0.106
-0.834,1.003
-0.846,0.277
-0.961,0.471
-1.066,2.567
-1.069,0.837
-1.067,-0.255
-1.098,2.159
-1.174,3.073
-1.152,1.962
-1.298,3.124
-1.311,1.269
-1.25,3.114
-1.407,2.805
-1.438,2.081
-1.396,0.076
-1.428,1.549
-1.507,0.99
-1.527,1.644
-1.532,1.693
-1.519,1.343
-1.618,0.326
-1.643,2.209
-1.65,2.895
-1.676,2.673
-1.687,-0.11
-1.638,0.652
-1.664,0.799
-1.725,0.934
-1.718,-0.46
-1.81,2.183
-1.752,1.828
-1.776,0.63
-1.863,2.847
-1.891,2.046
-1.957,1.928
-1.922,1.836
-1.972,3.072
-2.035,0.339
-2.043,0.441
-2.157,1.255
-2.1,0.847
-2.136,2.184
-2.197,2.686
-2.163,1.414
-2.253,0.457
-2.221,1.159
-2.281,2.331
-2.238,0.253
-2.295,1.968
-2.381,2.407
-2.461,0.901
-2.448,2.482
-2.539,1.499
-2.564,1.923
-2.515,0.537
-2.59,-0.565
-2.666,-0.451
-2.699,0.859
-2.791,2.011
-2.849,-0.664
-2.844,0.985
-3.021,2.478
-3.037,0.21
-3.129,0.362
3.114,1.512
2.882,1.588
2.881,0.189
2.86,3.06
2.778,-0.176
2.802,2.952
2.802,1.724
2.722,2.926
2.697,1.988
2.747,3.324
2.682,2.858
2.682,-0.26
2.577,0.921
2.566,0.933
2.634,0.467
2.628,2.979
2.542,1.058
2.516,0.57
2.517,2.264
2.524,0.483
2.531,2.613
2.433,2.31
2.304,2.129
2.283,1.782
2.217,1.392
2.234,2.005
2.136,1.312
2.129,1.664
1.986,0.602
2.005,1.711
1.994,-0.197
1.935,1.849
1.943,-0.132
1.829,0.934
1.87,-0.716
1.794,1.895
1.849,1.435
1.846,1.045
1.824,1.232
1.707,3.03
1.604,0.16
1.654,-0.77
1.507,1.151
1.482,-0.361
1.479,0.854
1.429,0.681
1.368,-0.125
1.405,-0.401
1.34,0.304
1.422,-0.349
1.347,-0.306
1.242,-0.372
1.246,2.105
1.178,-0.255
1.143,-0.228
1.114,-0.37
1.046,0.667
1.054,-0.709
1.084,-0.563
0.976,0.665
1.005,1.934
0.924,2.106
0.969,1.811
0.956,2.125
0.875,1.46
0.702,-0.992
0.566,-1.025
0.244,-0.753
-0.159,-0.902
-0.348,-0.979
-0.54,-1.052
-0.746,-0.996
-1.763,-0.936
-2.203,-1.046
-2.294,-1.113
-2.446,-0.982
-2.945,-1.108
-3.015,-0.956
-3.129,-1.144
2.633,-0.989
2.467,-0.87
2.391,-0.827
2.319,-0.984
1.616,-0.838
1.428,-0.956
1.166,-1.016
1.157,-0.767
1.092,-1.23
1.029,-0.769
0.65,3.527
0.179,3.575
-0.121,3.539
-0.385,3.698
-0.603,3.591
-0.619,3.482
-1.171,3.645
-1.972,3.446
-2.417,3.524
-2.6,3.734
2.855,3.433
2.282,3.402
2.233,3.604
2.248,3.719
2.12,3.301
2.191,3.603
2.089,3.354
2.161,3.383
1.928,3.625
1.55,3.618
1.522,3.722
1.267,3.595
-0.161,0.185
-1.158,-0.218
-1.53,-0.613
-1.338,-1.108
-3.088,3.641
1.934,3.506
0.909,1.695
0.816,1.908
0.616,2.794
0.745,0.713
0.734,-0.114
0.705,-0.232
0.563,2.949
0.547,-0.494
0.333,0.219
0.232,0.17
0.23,0.624
0.235,1.393
-0.077,1.98
-0.082,0.437
0.006,-0.708
-0.07,2.017
-0.148,-0.401
-0.253,-0.094
-0.264,1.65
-0.391,1.168
-0.381,0.346
-0.341,1.663
-0.359,0.622
-0.369,1.513
-0.582,3.261
-0.463,1.969
-0.613,1.528
-0.615,0.441
-0.541,0.836
-0.598,1.59
-1.092,3.212
-1.104,0.911
-1.135,-0.667
-1.33,0.852
-1.398,-0.448
-1.622,-0.665
-1.654,1.506
-1.582,1.269
-1.65,2.726
-1.745,2.292
-1.91,0.808
-1.91,2.285
-1.951,2.188
-2.178,1.038
-2.394,2.216
-2.468,-0.306
-2.531,1.478
-2.551,1.821
-2.758,0.75
-2.645,-0.262
-2.652,-0.712
-2.866,-0.347
-2.769,0.429
-2.969,1.794
-2.858,-0.384
-2.874,1.339
-3.053,1.561
3.114,0.849
3.095,-0.666
2.952,3.075
2.878,-0.7
3.007,0.554
2.963,0.29
2.804,2.267
2.722,0.282
2.638,-0.495
2.438,1.908
2.119,2.124
2.072,1.037
2.182,1.998
1.994,0.582
1.976,1.946
1.895,2.179
1.853,1.73
1.96,-0.529
1.806,1.336
1.883,0.348
1.858,-0.643
1.793,-0.12
1.616,1.588
1.446,0.303
1.158,0.69
1.126,1.805
1.195,2.191
1.163,1.768
1.014,1.894
1.002,1.033
0.946,1.646
0.976,0.587
0.927,-0.624
0.605,-0.652
0.549,-0.769
0.324,-0.951
0.386,-1.021
-1.303,-1.079
-1.411,-1.045
-1.564,-0.849
-1.548,-0.806
-1.77,-0.912
-2.241,-0.917
-2.323,-0.903
1.639,-0.942
1.042,-0.769
0.899,-1.14
-0.043,3.363
-0.009,3.324
-0.204,3.603
-0.296,3.548
-0.721,3.597
-0.618,3.498
-1.328,3.233
-1.172,3.587
-1.383,3.547
-1.492,3.613
-2.171,3.559
-2.807,3.562
2.595,3.392
2.682,3.497
2.329,3.673
2.21,3.659
1.534,3.295
1.498,3.651
1.198,3.683
1.165,3.508
1.108,3.402
0.42,0.164
-0.641,0.824
-0.752,0.585
-1.064,-0.184
2.955,2.365
2.801,0.924
2.775,1.144
2.023,1.844
1.252,-0.666
-1.804,2.581
-3.128,1.191
2.574,2.006
2.622,1.543
2.204,0.405
1.939,1.18
1.998,2.068
1.653,0.797
1.547,2.089
1.333,2.22
1.299,2.362
-2.335,1.111
-2.463,2.384
2.429,0.09
-0.485,-0.79
2.33,-0.615
1.973,-0.5
-0.097,2.555
-0.126,-0.628
-0.22,-0.512
-0.262,2.521
-0.39,2.868
-0.388,-0.165
-0.42,1.515
-0.373,1.907
-0.498,0.86
-0.493,2.866
-0.661,1.418
-0.742,0.391
-0.765,1.434
-0.878,0.435
-0.879,1.021
-0.841,1.972
-0.902,-0.188
-0.833,0.921
-0.845,0.195
-0.96,0.389
-1.065,2.485
-1.068,0.755
-1.066,-0.337
-1.097,2.077
-1.173,2.991
-1.151,1.88
-1.297,3.042
-1.31,1.187
-1.249,3.032
-1.406,2.723
-1.437,1.999
-1.395,-0.006
-1.427,1.467
-1.506,0.908
-1.526,1.562
-1.531,1.611
-1.518,1.261
-1.617,0.244
-1.642,2.127
-1.649,2.813
-1.675,2.591
-1.686,-0.192
-1.637,0.57
-1.663,0.717
-1.724,0.852
-1.717,-0.542
-1.809,2.101
-1.751,1.746
-1.775,0.548
-1.862,2.765
-1.89,1.964
-1.956,1.846
-1.921,1.754
-1.971,2.99
-2.034,0.257
-2.042,0.359
-2.156,1.173
-2.099,0.765
-2.135,2.102
-2.196,2.604
-2.162,1.332
-2.252,0.375
-2.22,1.077
-2.28,2.249
-2.237,0.171
-2.294,1.886
-2.38,2.325
-2.46,0.819
-2.447,2.4
-2.538,1.417
-2.563,1.841
-2.514,0.455
-2.589,-0.647
-2.665,-0.533
-2.698,0.777
-2.79,1.929
-2.848,-0.746
-2.843,0.903
-3.02,2.396
-3.036,0.128
-3.128,0.28
3.115,1.43
2.883,1.506
2.882,0.107
2.861,2.978
2.779,-0.258
2.803,2.87
2.803,1.642
2.723,2.844
2.698,1.906
2.748,3.242
2.683,2.776
2.683,-0.342
2.578,0.839
2.567,0.851
2.635,0.385
2.629,2.897
2.543,0.976
2.517,0.488
2.518,2.182
2.525,0.401
2.532,2.531
2.434,2.228
2.305,2.047
2.284,1.7
2.218,1.31
2.235,1.923
2.137,1.23
2.13,1.582
1.987,0.52
2.006,1.629
1.995,-0.279
1.936,1.767
1.944,-0.214
1.83,0.852
1.871,-0.798
1.795,1.813
1.85,1.353
1.847,0.963
1.825,1.15
1.708,2.948
1.605,0.078
1.655,-0.852
1.508,1.069
1.483,-0.443
1.48,0.772
1.43,0.599
1.369,-0.207
1.406,-0.483
1.341,0.222
1.423,-0.431
1.348,-0.388
1.243,-0.454
1.247,2.023
1.179,-0.337
1.144,-0.31
1.115,-0.452
1.047,0.585
1.055,-0.791
1.085,-0.645
0.977,0.583
1.006,1.852
0.925,2.024
0.97,1.729
0.957,2.043
0.876,1.378
0.703,-1.074
0.567,-1.107
0.245,-0.835
-0.158,-0.984
-0.347,-1.061
-0.539,-1.134
-0.745,-1.078
-1.762,-1.018
-2.202,-1.128
-2.293,-1.195
-2.445,-1.064
-2.944,-1.19
-3.014,-1.038
-3.128,-1.226
2.634,-1.071
2.468,-0.952
2.392,-0.909
2.32,-1.066
1.617,-0.92
1.429,-1.038
1.167,-1.098
1.158,-0.849
1.093,-1.312
1.03,-0.851
0.651,3.445
0.18,3.493
-0.12,3.457
-0.384,3.616
-0.602,3.509
-0.618,3.4
-1.17,3.563
-1.971,3.364
-2.416,3.442
-2.599,3.652
2.856,3.351
2.283,3.32
2.234,3.522
2.249,3.637
2.121,3.219
2.192,3.521
2.09,3.272
2.162,3.301
1.929,3.543
1.551,3.536
1.523,3.64
1.268,3.513
-0.16,0.103
-1.157,-0.3
-1.529,-0.695
-1.337,-1.19
-3.087,3.559
1.935,3.424
0.91,1.613
0.817,1.826
0.617,2.712
0.746,0.631
0.735,-0.196
0.706,-0.314
0.564,2.867
0.548,-0.576
0.334,0.137
0.233,0.088
0.231,0.542
0.236,1.311
-0.076,1.898
-0.081,0.355
0.007,-0.79
-0.069,1.935
-0.147,-0.483
-0.252,-0.176
-0.263,1.568
-0.39,1.086
-0.38,0.264
-0.34,1.581
-0.358,0.54
-0.368,1.431
-0.581,3.179
-0.462,1.887
-0.612,1.446
-0.614,0.359
-0.54,0.754
-0.597,1.508
-1.091,3.13
-1.103,0.829
-1.134,-0.749
-1.329,0.77
-1.397,-0.53
-1.621,-0.747
-1.653,1.424
-1.581,1.187
-1.649,2.644
-1.744,2.21
-1.909,0.726
-1.909,2.203
-1.95,2.106
-2.177,0.956
-2.393,2.134
-2.467,-0.388
-2.53,1.396
-2.55,1.739
-2.757,0.668
-2.644,-0.344
-2.651,-0.794
-2.865,-0.429
-2.768,0.347
-2.968,1.712
-2.857,-0.466
-2.873,1.257
-3.052,1.479
3.115,0.767
3.096,-0.748
2.953,2.993
2.879,-0.782
3.008,0.472
2.964,0.208
2.805,2.185
2.723,0.2
2.639,-0.577
2.439,1.826
2.12,2.042
2.073,0.955
2.183,1.916
1.995,0.5
1.977,1.864
1.896,2.097
1.854,1.648
1.961,-0.611
1.807,1.254
1.884,0.266
1.859,-0.725
1.794,-0.202
1.617,1.506
1.447,0.221
1.159,0.608
1.127,1.723
1.196,2.109
1.164,1.686
1.015,1.812
1.003,0.951
0.947,1.564
0.977,0.505
0.928,-0.706
0.606,-0.734
0.55,-0.851
0.325,-1.033
0.387,-1.103
-1.302,-1.161
-1.41,-1.127
-1.563,-0.931
-1.547,-0.888
-1.769,-0.994
-2.24,-0.999
-2.322,-0.985
1.64,-1.024
1.043,-0.851
0.9,-1.222
-0.042,3.281
-0.008,3.242
-0.203,3.521
-0.295,3.466
-0.72,3.515
-0.617,3.416
-1.327,3.151
-1.171,3.505
-1.382,3.465
-1.491,3.531
-2.17,3.477
-2.806,3.48
2.596,3.31
2.683,3.415
2.33,3.591
2.211,3.577
1.535,3.213
1.499,3.569
1.199,3.601
1.166,3.426
1.109,3.32
0.421,0.082
-0.64,0.742
-0.751,0.503
-1.063,-0.266
2.956,2.283
2.802,0.842
2.776,1.062
2.024,1.762
1.253,-0.748
-1.803,2.499
-3.127,1.109
2.575,1.924
2.623,1.461
2.205,0.323
1.94,1.098
1.999,1.986
1.654,0.715
1.548,2.007
1.334,2.138
1.3,2.28
-2.334,1.029
-2.462,2.302
2.43,0.008
-0.484,-0.872
2.331,-0.697
1.974,-0.582
-0.029,-3.183
-0.123,-3.067
-0.165,-0.034
-0.293,0.313
-0.291,-2.72
-0.323,-1.04
-0.276,-0.648
-0.401,-1.695
-0.396,0.311
-0.564,-1.137
-0.645,-2.164
-0.668,-1.121
-0.781,-2.12
-0.782,-1.534
-0.744,-0.583
-0.805,-2.743
-0.736,-1.634
-0.748,-2.36
-0.863,-2.166
-0.968,-0.07
-0.971,-1.8
-0.969,-2.892
-1.0,-0.478
-1.076,0.436
-1.054,-0.675
-1.2,0.487
-1.213,-1.368
-1.152,0.477
-1.309,0.168
-1.34,-0.556
-1.298,-2.561
-1.33,-1.088
-1.409,-1.647
-1.429,-0.993
-1.434,-0.944
-1.421,-1.294
-1.52,-2.311
-1.545,-0.428
-1.552,0.258
-1.578,0.036
-1.589,-2.747
-1.54,-1.985
-1.566,-1.838
-1.627,-1.703
-1.62,-3.097
-1.712,-0.454
-1.654,-0.809
-1.678,-2.007
-1.765,0.21
-1.793,-0.591
-1.859,-0.709
-1.824,-0.801
-1.874,0.435
-1.937,-2.298
-1.945,-2.196
-2.059,-1.382
-2.002,-1.79
-2.038,-0.453
-2.099,0.049
-2.065,-1.223
-2.155,-2.18
-2.123,-1.478
-2.183,-0.306
-2.14,-2.384
-2.197,-0.669
-2.283,-0.23
-2.363,-1.736
-2.35,-0.155
-2.441,-1.138
-2.466,-0.714
-2.417,-2.1
-2.492,-3.202
-2.568,-3.088
-2.601,-1.778
-2.693,-0.626
-2.751,-3.301
-2.746,-1.652
-2.923,-0.159
-2.939,-2.427
-3.031,-2.275
-3.071,-1.125
2.98,-1.049
2.979,-2.448
2.958,0.423
2.876,-2.813
2.9,0.315
2.9,-0.913
2.82,0.289
2.795,-0.649
2.845,0.687
2.78,0.221
2.78,-2.897
2.675,-1.716
2.664,-1.704
2.732,-2.17
2.726,0.342
2.64,-1.579
2.614,-2.067
2.615,-0.373
2.622,-2.154
2.629,-0.024
2.531,-0.327
2.402,-0.508
2.381,-0.855
2.315,-1.245
2.332,-0.632
2.234,-1.325
2.227,-0.973
2.084,-2.035
2.103,-0.926
2.092,-2.834
2.033,-0.788
2.041,-2.769
1.927,-1.703
1.968,-3.353
1.892,-0.742
1.947,-1.202
1.944,-1.592
1.922,-1.405
1.805,0.393
1.702,-2.477
1.752,-3.407
1.605,-1.486
1.58,-2.998
1.577,-1.783
1.527,-1.956
1.466,-2.762
1.503,-3.038
1.438,-2.333
1.52,-2.986
1.445,-2.943
1.34,-3.009
1.344,-0.532
1.276,-2.892
1.241,-2.865
1.212,-3.007
1.144,-1.97
1.152,-3.346
1.182,-3.2
1.074,-1.972
1.103,-0.703
1.022,-0.531
1.067,-0.826
1.054,-0.512
0.973,-1.177
0.8,-3.629
0.664,-3.662
0.342,-3.39
-0.061,-3.539
-0.25,-3.616
-0.442,-3.689
-0.648,-3.633
-1.665,-3.573
-2.105,-3.683
-2.196,-3.75
-2.348,-3.619
-2.847,-3.745
-2.917,-3.593
-3.031,-3.781
2.731,-3.626
2.565,-3.507
2.489,-3.464
2.417,-3.621
1.714,-3.475
1.526,-3.593
1.264,-3.653
1.255,-3.404
1.19,-3.867
1.127,-3.406
0.748,0.89
0.277,0.938
-0.023,0.902
-0.287,1.061
-0.505,0.954
-0.521,0.845
-1.073,1.008
-1.874,0.809
-2.319,0.887
-2.502,1.097
2.953,0.796
2.38,0.765
2.331,0.967
2.346,1.082
2.218,0.664
2.289,0.966
2.187,0.717
2.259,0.746
2.026,0.988
1.648,0.981
1.62,1.085
1.365,0.958
-0.063,-2.452
-1.06,-2.855
-1.432,-3.25
-1.24,-3.745
-2.99,1.004
2.032,0.869
1.007,-0.942
0.914,-0.729
0.714,0.157
0.843,-1.924
0.832,-2.751
0.803,-2.869
0.661,0.312
0.645,-3.131
0.431,-2.418
0.33,-2.467
0.328,-2.013
0.333,-1.244
0.021,-0.657
0.016,-2.2
0.104,-3.345
0.028,-0.62
-0.05,-3.038
-0.155,-2.731
-0.166,-0.987
-0.293,-1.469
-0.283,-2.291
-0.243,-0.974
-0.261,-2.015
-0.271,-1.124
-0.484,0.624
-0.365,-0.668
-0.515,-1.109
-0.517,-2.196
-0.443,-1.801
-0.5,-1.047
-0.994,0.575
-1.006,-1.726
-1.037,-3.304
-1.232,-1.785
-1.3,-3.085
-1.524,-3.302
-1.556,-1.131
-1.484,-1.368
-1.552,0.089
-1.647,-0.345
-1.812,-1.829
-1.812,-0.352
-1.853,-0.449
-2.08,-1.599
-2.296,-0.421
-2.37,-2.943
-2.433,-1.159
-2.453,-0.816
-2.66,-1.887
-2.547,-2.899
-2.554,-3.349
-2.768,-2.984
-2.671,-2.208
-2.871,-0.843
-2.76,-3.021
-2.776,-1.298
-2.955,-1.076
-3.071,-1.788
-3.09,-3.303
3.05,0.438
2.976,-3.337
3.105,-2.083
3.061,-2.347
2.902,-0.37
2.82,-2.355
2.736,-3.132
2.536,-0.729
2.217,-0.513
2.17,-1.6
2.28,-0.639
2.092,-2.055
2.074,-0.691
1.993,-0.458
1.951,-0.907
2.058,-3.166
1.904,-1.301
1.981,-2.289
1.956,-3.28
1.891,-2.757
1.714,-1.049
1.544,-2.334
1.256,-1.947
1.224,-0.832
1.293,-0.446
1.261,-0.869
1.112,-0.743
1.1,-1.604
1.044,-0.991
1.074,-2.05
1.025,-3.261
0.703,-3.289
0.647,-3.406
0.422,-3.588
0.484,-3.658
-1.205,-3.716
-1.313,-3.682
-1.466,-3.486
-1.45,-3.443
-1.672,-3.549
-2.143,-3.554
-2.225,-3.54
1.737,-3.579
1.14,-3.406
0.997,-3.777
0.055,0.726
0.089,0.687
-0.106,0.966
-0.198,0.911
-0.623,0.96
-0.52,0.861
-1.23,0.596
-1.074,0.95
-1.285,0.91
-1.394,0.976
-2.073,0.922
-2.709,0.925
2.693,0.755
2.78,0.86
2.427,1.036
2.308,1.022
1.632,0.658
1.596,1.014
1.296,1.046
1.263,0.871
1.206,0.765
0.518,-2.473
-0.543,-1.813
-0.654,-2.052
-0.966,-2.821
3.053,-0.272
2.899,-1.713
2.873,-1.493
2.121,-0.793
1.35,-3.303
-1.706,-0.056
-3.03,-1.446
2.672,-0.631
2.72,-1.094
2.302,-2.232
2.037,-1.457
2.096,-0.569
1.751,-1.84
1.645,-0.548
1.431,-0.417
1.397,-0.275
-2.237,-1.526
-2.365,-0.253
2.527,-2.547
-0.387,-3.427
2.428,-3.252
2.071,-3.137
-0.094,0.116
-0.136,3.149
-0.264,3.496
-0.262,0.463
-0.294,2.143
-0.247,2.535
-0.372,1.488
-0.367,3.494
-0.535,2.046
-0.616,1.019
-0.639,2.062
-0.752,1.063
-0.753,1.649
-0.715,2.6
-0.776,0.44
-0.707,1.549
-0.719,0.823
-0.834,1.017
-0.939,3.113
-0.942,1.383
-0.94,0.291
-0.971,2.705
-1.047,3.619
-1.025,2.508
-1.171,3.67
-1.184,1.815
-1.123,3.66
-1.28,3.351
-1.311,2.627
-1.269,0.622
-1.301,2.095
-1.38,1.536
-1.4,2.19
-1.405,2.239
-1.392,1.889
-1.491,0.872
-1.516,2.755
-1.523,3.441
-1.549,3.219
-1.56,0.436
-1.511,1.198
-1.537,1.345
-1.598,1.48
-1.591,0.086
-1.683,2.729
-1.625,2.374
-1.649,1.176
-1.736,3.393
-1.764,2.592
-1.83,2.474
-1.795,2.382
-1.845,3.618
-1.908,0.885
-1.916,0.987
-2.03,1.801
-1.973,1.393
-2.009,2.73
-2.07,3.232
-2.036,1.96
-2.126,1.003
-2.094,1.705
-2.154,2.877
-2.111,0.799
-2.168,2.514
-2.254,2.953
-2.334,1.447
-2.321,3.028
-2.412,2.045
-2.437,2.469
-2.388,1.083
-2.463,-0.019
-2.539,0.095
-2.572,1.405
-2.664,2.557
-2.722,-0.118
-2.717,1.531
-2.894,3.024
-2.91,0.756
-3.002,0.908
-3.042,2.058
3.009,2.134
3.008,0.735
2.987,3.606
2.905,0.37
2.929,3.498
2.929,2.27
2.849,3.472
2.824,2.534
2.874,3.87
2.809,3.404
2.809,0.286
2.704,1.467
2.693,1.479
2.761,1.013
2.755,3.525
2.669,1.604
2.643,1.116
2.644,2.81
2.651,1.029
2.658,3.159
2.56,2.856
2.431,2.675
2.41,2.328
2.344,1.938
2.361,2.551
2.263,1.858
2.256,2.21
2.113,1.148
2.132,2.257
2.121,0.349
2.062,2.395
2.07,0.414
1.956,1.48
1.997,-0.17
1.921,2.441
1.976,1.981
1.973,1.591
1.951,1.778
1.834,3.576
1.731,0.706
1.781,-0.224
1.634,1.697
1.609,0.185
1.606,1.4
1.556,1.227
1.495,0.421
1.532,0.145
1.467,0.85
1.549,0.197
1.474,0.24
1.369,0.174
1.373,2.651
1.305,0.291
1.27,0.318
1.241,0.176
1.173,1.213
1.181,-0.163
1.211,-0.017
1.103,1.211
1.132,2.48
1.051,2.652
1.096,2.357
1.083,2.671
1.002,2.006
0.829,-0.446
0.693,-0.479
0.371,-0.207
-0.032,-0.356
-0.221,-0.433
-0.413,-0.506
-0.619,-0.45
-1.636,-0.39
-2.076,-0.5
-2.167,-0.567
-2.319,-0.436
-2.818,-0.562
-2.888,-0.41
-3.002,-0.598
2.76,-0.443
2.594,-0.324
2.518,-0.281
2.446,-0.438
1.743,-0.292
1.555,-0.41
1.293,-0.47
1.284,-0.221
1.219,-0.684
1.156,-0.223
0.777,4.073
0.306,4.121
0.006,4.085
-0.258,4.244
-0.476,4.137
-0.492,4.028
-1.044,4.191
-1.845,3.992
-2.29,4.07
-2.473,4.28
2.982,3.979
2.409,3.948
2.36,4.15
2.375,4.265
2.247,3.847
2.318,4.149
2.216,3.9
2.288,3.929
2.055,4.171
1.677,4.164
1.649,4.268
1.394,4.141
-0.034,0.731
-1.031,0.328
-1.403,-0.067
-1.211,-0.562
-2.961,4.187
2.061,4.052
1.036,2.241
0.943,2.454
0.743,3.34
0.872,1.259
0.861,0.432
0.832,0.314
0.69,3.495
0.674,0.052
0.46,0.765
0.359,0.716
0.357,1.17
0.362,1.939
0.05,2.526
0.045,0.983
0.133,-0.162
0.057,2.563
-0.021,0.145
-0.126,0.452
-0.137,2.196
-0.264,1.714
-0.254,0.892
-0.214,2.209
-0.232,1.168
-0.242,2.059
-0.455,3.807
-0.336,2.515
-0.486,2.074
-0.488,0.987
-0.414,1.382
-0.471,2.136
-0.965,3.758
-0.977,1.457
-1.008,-0.121
-1.203,1.398
-1.271,0.098
-1.495,-0.119
-1.527,2.052
-1.455,1.815
-1.523,3.272
-1.618,2.838
-1.783,1.354
-1.783,2.831
-1.824,2.734
-2.051,1.584
-2.267,2.762
-2.341,0.24
-2.404,2.024
-2.424,2.367
-2.631,1.296
-2.518,0.284
-2.525,-0.166
-2.739,0.199
-2.642,0.975
-2.842,2.34
-2.731,0.162
-2.747,1.885
-2.926,2.107
-3.042,1.395
-3.061,-0.12
3.079,3.621
3.005,-0.154
3.134,1.1
3.09,0.836
2.931,2.813
2.849,0.828
2.765,0.051
2.565,2.454
2.246,2.67
2.199,1.583
2.309,2.544
2.121,1.128
2.103,2.492
2.022,2.725
1.98,2.276
2.087,0.017
1.933,1.882
2.01,0.894
1.985,-0.097
1.92,0.426
1.743,2.134
1.573,0.849
1.285,1.236
1.253,2.351
1.322,2.737
1.29,2.314
1.141,2.44
1.129,1.579
1.073,2.192
1.103,1.133
1.054,-0.078
0.732,-0.106
0.676,-0.223
0.451,-0.405
0.513,-0.475
-1.176,-0.533
-1.284,-0.499
-1.437,-0.303
-1.421,-0.26
-1.643,-0.366
-2.114,-0.371
-2.196,-0.357
1.766,-0.396
1.169,-0.223
1.026,-0.594
0.084,3.909
0.118,3.87
-0.077,4.149
-0.169,4.094
-0.594,4.143
-0.491,4.044
-1.201,3.779
-1.045,4.133
-1.256,4.093
-1.365,4.159
-2.044,4.105
-2.68,4.108
2.722,3.938
2.809,4.043
2.456,4.219
2.337,4.205
1.661,3.841
1.625,4.197
1.325,4.229
1.292,4.054
1.235,3.948
0.547,0.71
-0.514,1.37
-0.625,1.131
-0.937,0.362
3.082,2.911
2.928,1.47
2.902,1.69
2.15,2.39
1.379,-0.12
-1.677,3.127
-3.001,1.737
2.701,2.552
2.749,2.089
2.331,0.951
2.066,1.726
2.125,2.614
1.78,1.343
1.674,2.635
1.46,2.766
1.426,2.908
-2.208,1.657
-2.336,2.93
2.556,0.636
-0.358,-0.244
2.457,-0.069
2.1,0.046
-0.042,3.033
-0.17,3.38
-0.168,0.347
-0.2,2.027
-0.153,2.419
-0.278,1.372
-0.273,3.378
-0.441,1.93
-0.522,0.903
-0.545,1.946
-0.658,0.947
-0.659,1.533
-0.621,2.484
-0.682,0.324
-0.613,1.433
-0.625,0.707
-0.74,0.901
-0.845,2.997
-0.848,1.267
-0.846,0.175
-0.877,2.589
-0.953,3.503
-0.931,2.392
-1.077,3.554
-1.09,1.699
-1.029,3.544
-1.186,3.235
-1.217,2.511
-1.175,0.506
-1.207,1.979
-1.286,1.42
-1.306,2.074
-1.311,2.123
-1.298,1.773
-1.397,0.756
-1.422,2.639
-1.429,3.325
-1.455,3.103
-1.466,0.32
-1.417,1.082
-1.443,1.229
-1.504,1.364
-1.497,-0.03
-1.589,2.613
-1.531,2.258
-1.555,1.06
-1.642,3.277
-1.67,2.476
-1.736,2.358
-1.701,2.266
-1.751,3.502
-1.814,0.769
-1.822,0.871
-1.936,1.685
-1.879,1.277
-1.915,2.614
-1.976,3.116
-1.942,1.844
-2.032,0.887
-2.0,1.589
-2.06,2.761
-2.017,0.683
-2.074,2.398
-2.16,2.837
-2.24,1.331
-2.227,2.912
-2.318,1.929
-2.343,2.353
-2.294,0.967
-2.369,-0.135
-2.445,-0.021
-2.478,1.289
-2.57,2.441
-2.628,-0.234
-2.623,1.415
-2.8,2.908
-2.816,0.64
-2.908,0.792
-2.948,1.942
3.103,2.018
3.102,0.619
3.081,3.49
2.999,0.254
3.023,3.382
3.023,2.154
2.943,3.356
2.918,2.418
2.968,3.754
2.903,3.288
2.903,0.17
2.798,1.351
2.787,1.363
2.855,0.897
2.849,3.409
2.763,1.488
2.737,1.0
2.738,2.694
2.745,0.913
2.752,3.043
2.654,2.74
2.525,2.559
2.504,2.212
2.438,1.822
2.455,2.435
2.357,1.742
2.35,2.094
2.207,1.032
2.226,2.141
2.215,0.233
2.156,2.279
2.164,0.298
2.05,1.364
2.091,-0.286
2.015,2.325
2.07,1.865
2.067,1.475
2.045,1.662
1.928,3.46
1.825,0.59
1.875,-0.34
1.728,1.581
1.703,0.069
1.7,1.284
1.65,1.111
1.589,0.305
1.626,0.029
1.561,0.734
1.643,0.081
1.568,0.124
1.463,0.058
1.467,2.535
1.399,0.175
1.364,0.202
1.335,0.06
1.267,1.097
1.275,-0.279
1.305,-0.133
1.197,1.095
1.226,2.364
1.145,2.536
1.19,2.241
1.177,2.555
1.096,1.89
0.923,-0.562
0.787,-0.595
0.465,-0.323
0.062,-0.472
-0.127,-0.549
-0.319,-0.622
-0.525,-0.566
-1.542,-0.506
-1.982,-0.616
-2.073,-0.683
-2.225,-0.552
-2.724,-0.678
-2.794,-0.526
-2.908,-0.714
2.854,-0.559
2.688,-0.44
2.612,-0.397
2.54,-0.554
1.837,-0.408
1.649,-0.526
1.387,-0.586
1.378,-0.337
1.313,-0.8
1.25,-0.339
0.871,3.957
0.4,4.005
0.1,3.969
-0.164,4.128
-0.382,4.021
-0.398,3.912
-0.95,4.075
-1.751,3.876
-2.196,3.954
-2.379,4.164
3.076,3.863
2.503,3.832
2.454,4.034
2.469,4.149
2.341,3.731
2.412,4.033
2.31,3.784
2.382,3.813
2.149,4.055
1.771,4.048
1.743,4.152
1.488,4.025
0.06,0.615
-0.937,0.212
-1.309,-0.183
-1.117,-0.678
-2.867,4.071
2.155,3.936
1.13,2.125
1.037,2.338
0.837,3.224
0.966,1.143
0.955,0.316
0.926,0.198
0.784,3.379
0.768,-0.064
0.554,0.649
0.453,0.6
0.451,1.054
0.456,1.823
0.144,2.41
0.139,0.867
0.227,-0.278
0.151,2.447
0.073,0.029
-0.032,0.336
-0.043,2.08
-0.17,1.598
-0.16,0.776
-0.12,2.093
-0.138,1.052
-0.148,1.943
-0.361,3.691
-0.242,2.399
-0.392,1.958
-0.394,0.871
-0.32,1.266
-0.377,2.02
-0.871,3.642
-0.883,1.341
-0.914,-0.237
-1.109,1.282
-1.177,-0.018
-1.401,-0.235
-1.433,1.936
-1.361,1.699
-1.429,3.156
-1.524,2.722
-1.689,1.238
-1.689,2.715
-1.73,2.618
-1.957,1.468
-2.173,2.646
-2.247,0.124
-2.31,1.908
-2.33,2.251
-2.537,1.18
-2.424,0.168
-2.431,-0.282
-2.645,0.083
-2.548,0.859
-2.748,2.224
-2.637,0.046
-2.653,1.769
-2.832,1.991
-2.948,1.279
-2.967,-0.236
-3.11,3.505
3.099,-0.27
-3.055,0.984
-3.099,0.72
3.025,2.697
2.943,0.712
2.859,-0.065
2.659,2.338
2.34,2.554
2.293,1.467
2.403,2.428
2.215,1.012
2.197,2.376
2.116,2.609
2.074,2.16
2.181,-0.099
2.027,1.766
2.104,0.778
2.079,-0.213
2.014,0.31
1.837,2.018
1.667,0.733
1.379,1.12
1.347,2.235
1.416,2.621
1.384,2.198
1.235,2.324
1.223,1.463
1.167,2.076
1.197,1.017
1.148,-0.194
0.826,-0.222
0.77,-0.339
0.545,-0.521
0.607,-0.591
-1.082,-0.649
-1.19,-0.615
-1.343,-0.419
-1.327,-0.376
-1.549,-0.482
-2.02,-0.487
-2.102,-0.473
1.86,-0.512
1.263,-0.339
1.12,-0.71
0.178,3.793
0.212,3.754
0.017,4.033
-0.075,3.978
-0.5,4.027
-0.397,3.928
-1.107,3.663
-0.951,4.017
-1.162,3.977
-1.271,4.043
-1.95,3.989
-2.586,3.992
2.816,3.822
2.903,3.927
2.55,4.103
2.431,4.089
1.755,3.725
1.719,4.081
1.419,4.113
1.386,3.938
1.329,3.832
0.641,0.594
-0.42,1.254
-0.531,1.015
-0.843,0.246
-3.107,2.795
3.022,1.354
2.996,1.574
2.244,2.274
1.473,-0.236
-1.583,3.011
-2.907,1.621
2.795,2.436
2.843,1.973
2.425,0.835
2.16,1.61
2.219,2.498
1.874,1.227
1.768,2.519
1.554,2.65
1.52,2.792
-2.114,1.541
-2.242,2.814
2.65,0.52
-0.264,-0.36
2.551,-0.185
2.194,-0.07
-0.128,0.347
-0.126,-2.686
-0.158,-1.006
-0.111,-0.614
-0.236,-1.661
-0.231,0.345
-0.399,-1.103
-0.48,-2.13
-0.503,-1.087
-0.616,-2.086
-0.617,-1.5
-0.579,-0.549
-0.64,-2.709
-0.571,-1.6
-0.583,-2.326
-0.698,-2.132
-0.803,-0.036
-0.806,-1.766
-0.804,-2.858
-0.835,-0.444
-0.911,0.47
-0.889,-0.641
-1.035,0.521
-1.048,-1.334
-0.987,0.511
-1.144,0.202
-1.175,-0.522
-1.133,-2.527
-1.165,-1.054
-1.244,-1.613
-1.264,-0.959
-1.269,-0.91
-1.256,-1.26
-1.355,-2.277
-1.38,-0.394
-1.387,0.292
-1.413,0.07
-1.424,-2.713
-1.375,-1.951
-1.401,-1.804
-1.462,-1.669
-1.455,-3.063
-1.547,-0.42
-1.489,-0.775
-1.513,-1.973
-1.6,0.244
-1.628,-0.557
-1.694,-0.675
-1.659,-0.767
-1.709,0.469
-1.772,-2.264
-1.78,-2.162
-1.894,-1.348
-1.837,-1.756
-1.873,-0.419
-1.934,0.083
-1.9,-1.189
-1.99,-2.146
-1.958,-1.444
-2.018,-0.272
-1.975,-2.35
-2.032,-0.635
-2.118,-0.196
-2.198,-1.702
-2.185,-0.121
-2.276,-1.104
-2.301,-0.68
-2.252,-2.066
-2.327,-3.168
-2.403,-3.054
-2.436,-1.744
-2.528,-0.592
-2.586,-3.267
-2.581,-1.618
-2.758,-0.125
-2.774,-2.393
-2.866,-2.241
-2.906,-1.091
-3.138,-1.015
-3.139,-2.414
3.123,0.457
3.041,-2.779
3.065,0.349
3.065,-0.879
2.985,0.323
2.96,-0.615
3.01,0.721
2.945,0.255
2.945,-2.863
2.84,-1.682
2.829,-1.67
2.897,-2.136
2.891,0.376
2.805,-1.545
2.779,-2.033
2.78,-0.339
2.787,-2.12
2.794,0.01
2.696,-0.293
2.567,-0.474
2.546,-0.821
2.48,-1.211
2.497,-0.598
2.399,-1.291
2.392,-0.939
2.249,-2.001
2.268,-0.892
2.257,-2.8
2.198,-0.754
2.206,-2.735
2.092,-1.669
2.133,-3.319
2.057,-0.708
2.112,-1.168
2.109,-1.558
2.087,-1.371
1.97,0.427
1.867,-2.443
1.917,-3.373
1.77,-1.452
1.745,-2.964
1.742,-1.749
1.692,-1.922
1.631,-2.728
1.668,-3.004
1.603,-2.299
1.685,-2.952
1.61,-2.909
1.505,-2.975
1.509,-0.498
1.441,-2.858
1.406,-2.831
1.377,-2.973
1.309,-1.936
1.317,-3.312
1.347,-3.166
1.239,-1.938
1.268,-0.669
1.187,-0.497
1.232,-0.792
1.219,-0.478
1.138,-1.143
0.965,-3.595
0.829,-3.628
0.507,-3.356
0.104,-3.505
-0.085,-3.582
-0.277,-3.655
-0.483,-3.599
-1.5,-3.539
-1.94,-3.649
-2.031,-3.716
-2.183,-3.585
-2.682,-3.711
-2.752,-3.559
-2.866,-3.747
2.896,-3.592
2.73,-3.473
2.654,-3.43
2.582,-3.587
1.879,-3.441
1.691,-3.559
1.429,-3.619
1.42,-3.37
1.355,-3.833
1.292,-3.372
0.913,0.924
0.442,0.972
0.142,0.936
-0.122,1.095
-0.34,0.988
-0.356,0.879
-0.908,1.042
-1.709,0.843
-2.154,0.921
-2.337,1.131
3.118,0.83
2.545,0.799
2.496,1.001
2.511,1.116
2.383,0.698
2.454,1.0
2.352,0.751
2.424,0.78
2.191,1.022
1.813,1.015
1.785,1.119
1.53,0.992
0.102,-2.418
-0.895,-2.821
-1.267,-3.216
-1.075,-3.711
-2.825,1.038
2.197,0.903
1.172,-0.908
1.079,-0.695
0.879,0.191
1.008,-1.89
0.997,-2.717
0.968,-2.835
0.826,0.346
0.81,-3.097
0.596,-2.384
0.495,-2.433
0.493,-1.979
0.498,-1.21
0.186,-0.623
0.181,-2.166
0.269,-3.311
0.193,-0.586
0.115,-3.004
0.01,-2.697
-0.001,-0.953
-0.128,-1.435
-0.118,-2.257
-0.078,-0.94
-0.096,-1.981
-0.106,-1.09
-0.319,0.658
-0.2,-0.634
-0.35,-1.075
-0.352,-2.162
-0.278,-1.767
-0.335,-1.013
-0.829,0.609
-0.841,-1.692
-0.872,-3.27
-1.067,-1.751
-1.135,-3.051
-1.359,-3.268
-1.391,-1.097
-1.319,-1.334
-1.387,0.123
-1.482,-0.311
-1.647,-1.795
-1.647,-0.318
-1.688,-0.415
-1.915,-1.565
-2.131,-0.387
-2.205,-2.909
-2.268,-1.125
-2.288,-0.782
-2.495,-1.853
-2.382,-2.865
-2.389,-3.315
-2.603,-2.95
-2.506,-2.174
-2.706,-0.809
-2.595,-2.987
-2.611,-1.264
-2.79,-1.042
-2.906,-1.754
-2.925,-3.269
-3.068,0.472
3.141,-3.303
-3.013,-2.049
-3.057,-2.313
3.067,-0.336
2.985,-2.321
2.901,-3.098
2.701,-0.695
2.382,-0.479
2.335,-1.566
2.445,-0.605
2.257,-2.021
2.239,-0.657
2.158,-0.424
2.116,-0.873
2.223,-3.132
2.069,-1.267
2.146,-2.255
2.121,-3.246
2.056,-2.723
1.879,-1.015
1.709,-2.3
1.421,-1.913
1.389,-0.798
1.458,-0.412
1.426,-0.835
1.277,-0.709
1.265,-1.57
1.209,-0.957
1.239,-2.016
1.19,-3.227
0.868,-3.255
0.812,-3.372
0.587,-3.554
0.649,-3.624
-1.04,-3.682
-1.148,-3.648
-1.301,-3.452
-1.285,-3.409
-1.507,-3.515
-1.978,-3.52
-2.06,-3.506
1.902,-3.545
1.305,-3.372
1.162,-3.743
0.22,0.76
0.254,0.721
0.059,1.0
-0.033,0.945
-0.458,0.994
-0.355,0.895
-1.065,0.63
-0.909,0.984
-1.12,0.944
-1.229,1.01
-1.908,0.956
-2.544,0.959
2.858,0.789
2.945,0.894
2.592,1.07
2.473,1.056
1.797,0.692
1.761,1.048
1.461,1.08
1.428,0.905
1.371,0.799
0.683,-2.439
-0.378,-1.779
-0.489,-2.018
-0.801,-2.787
-3.065,-0.238
3.064,-1.679
3.038,-1.459
2.286,-0.759
1.515,-3.269
-1.541,-0.022
-2.865,-1.412
2.837,-0.597
2.885,-1.06
2.467,-2.198
2.202,-1.423
2.261,-0.535
1.916,-1.806
1.81,-0.514
1.596,-0.383
1.562,-0.241
-2.072,-1.492
-2.2,-0.219
2.692,-2.513
-0.222,-3.393
2.593,-3.218
2.236,-3.103
0.002,-3.033
-0.03,-1.353
0.017,-0.961
-0.108,-2.008
-0.103,-0.002
-0.271,-1.45
-0.352,-2.477
-0.375,-1.434
-0.488,-2.433
-0.489,-1.847
-0.451,-0.896
-0.512,-3.056
-0.443,-1.947
-0.455,-2.673
-0.57,-2.479
-0.675,-0.383
-0.678,-2.113
-0.676,-3.205
-0.707,-0.791
-0.783,0.123
-0.761,-0.988
-0.907,0.174
-0.92,-1.681
-0.859,0.164
-1.016,-0.145
-1.047,-0.869
-1.005,-2.874
-1.037,-1.401
-1.116,-1.96
-1.136,-1.306
-1.141,-1.257
-1.128,-1.607
-1.227,-2.624
-1.252,-0.741
-1.259,-0.055
-1.285,-0.277
-1.296,-3.06
-1.247,-2.298
-1.273,-2.151
-1.334,-2.016
-1.327,-3.41
-1.419,-0.767
-1.361,-1.122
-1.385,-2.32
-1.472,-0.103
-1.5,-0.904
-1.566,-1.022
-1.531,-1.114
-1.581,0.122
-1.644,-2.611
-1.652,-2.509
-1.766,-1.695
-1.709,-2.103
-1.745,-0.766
-1.806,-0.264
-1.772,-1.536
-1.862,-2.493
-1.83,-1.791
-1.89,-0.619
-1.847,-2.697
-1.904,-0.982
-1.99,-0.543
-2.07,-2.049
-2.057,-0.468
-2.148,-1.451
-2.173,-1.027
-2.124,-2.413
-2.199,-3.515
-2.275,-3.401
-2.308,-2.091
-2.4,-0.939
-2.458,-3.614
-2.453,-1.965
-2.63,-0.472
-2.646,-2.74
-2.738,-2.588
-2.778,-1.438
-3.01,-1.362
-3.011,-2.761
-3.032,0.11
-3.114,-3.126
-3.09,0.002
-3.09,-1.226
3.113,-0.024
3.088,-0.962
3.138,0.374
3.073,-0.092
3.073,-3.21
2.968,-2.029
2.957,-2.017
3.025,-2.483
3.019,0.029
2.933,-1.892
2.907,-2.38
2.908,-0.686
2.915,-2.467
2.922,-0.337
2.824,-0.64
2.695,-0.821
2.674,-1.168
2.608,-1.558
2.625,-0.945
2.527,-1.638
2.52,-1.286
2.377,-2.348
2.396,-1.239
2.385,-3.147
2.326,-1.101
2.334,-3.082
2.22,-2.016
2.261,-3.666
2.185,-1.055
2.24,-1.515
2.237,-1.905
2.215,-1.718
2.098,0.08
1.995,-2.79
2.045,-3.72
1.898,-1.799
1.873,-3.311
1.87,-2.096
1.82,-2.269
1.759,-3.075
1.796,-3.351
1.731,-2.646
1.813,-3.299
1.738,-3.256
1.633,-3.322
1.637,-0.845
1.569,-3.205
1.534,-3.178
1.505,-3.32
1.437,-2.283
1.445,-3.659
1.475,-3.513
1.367,-2.285
1.396,-1.016
1.315,-0.844
1.36,-1.139
1.347,-0.825
1.266,-1.49
1.093,-3.942
0.957,-3.975
0.635,-3.703
0.232,-3.852
0.043,-3.929
-0.149,-4.002
-0.355,-3.946
-1.372,-3.886
-1.812,-3.996
-1.903,-4.063
-2.055,-3.932
-2.554,-4.058
-2.624,-3.906
-2.738,-4.094
3.024,-3.939
2.858,-3.82
2.782,-3.777
2.71,-3.934
2.007,-3.788
1.819,-3.906
1.557,-3.966
1.548,-3.717
1.483,-4.18
1.42,-3.719
1.041,0.577
0.57,0.625
0.27,0.589
0.006,0.748
-0.212,0.641
-0.228,0.532
-0.78,0.695
-1.581,0.496
-2.026,0.574
-2.209,0.784
-3.037,0.483
2.673,0.452
2.624,0.654
2.639,0.769
2.511,0.351
2.582,0.653
2.48,0.404
2.552,0.433
2.319,0.675
1.941,0.668
1.913,0.772
1.658,0.645
0.23,-2.765
-0.767,-3.168
-1.139,-3.563
-0.947,-4.058
-2.697,0.691
2.325,0.556
1.3,-1.255
1.207,-1.042
1.007,-0.156
1.136,-2.237
1.125,-3.064
1.096,-3.182
0.954,-0.001
0.938,-3.444
0.724,-2.731
0.623,-2.78
0.621,-2.326
0.626,-1.557
0.314,-0.97
0.309,-2.513
0.397,-3.658
0.321,-0.933
0.243,-3.351
0.138,-3.044
0.127,-1.3
0.0,-1.782
0.01,-2.604
0.05,-1.287
0.032,-2.328
0.022,-1.437
-0.191,0.311
-0.072,-0.981
-0.222,-1.422
-0.224,-2.509
-0.15,-2.114
-0.207,-1.36
-0.701,0.262
-0.713,-2.039
-0.744,-3.617
-0.939,-2.098
-1.007,-3.398
-1.231,-3.615
-1.263,-1.444
-1.191,-1.681
-1.259,-0.224
-1.354,-0.658
-1.519,-2.142
-1.519,-0.665
-1.56,-0.762
-1.787,-1.912
-2.003,-0.734
-2.077,-3.256
-2.14,-1.472
-2.16,-1.129
-2.367,-2.2
-2.254,-3.212
-2.261,-3.662
-2.475,-3.297
-2.378,-2.521
-2.578,-1.156
-2.467,-3.334
-2.483,-1.611
-2.662,-1.389
-2.778,-2.101
-2.797,-3.616
-2.94,0.125
-3.014,-3.65
-2.885,-2.396
-2.929,-2.66
-3.088,-0.683
3.113,-2.668
3.029,-3.445
2.829,-1.042
2.51,-0.826
2.463,-1.913
2.573,-0.952
2.385,-2.368
2.367,-1.004
2.286,-0.771
2.244,-1.22
2.351,-3.479
2.197,-1.614
2.274,-2.602
2.249,-3.593
2.184,-3.07
2.007,-1.362
1.837,-2.647
1.549,-2.26
1.517,-1.145
1.586,-0.759
1.554,-1.182
1.405,-1.056
1.393,-1.917
1.337,-1.304
1.367,-2.363
1.318,-3.574
0.996,-3.602
0.94,-3.719
0.715,-3.901
0.777,-3.971
-0.912,-4.029
-1.02,-3.995
-1.173,-3.799
-1.157,-3.756
-1.379,-3.862
-1.85,-3.867
-1.932,-3.853
2.03,-3.892
1.433,-3.719
1.29,-4.09
0.348,0.413
0.382,0.374
0.187,0.653
0.095,0.598
-0.33,0.647
-0.227,0.548
-0.937,0.283
-0.781,0.637
-0.992,0.597
-1.101,0.663
-1.78,0.609
-2.416,0.612
2.986,0.442
3.073,0.547
2.72,0.723
2.601,0.709
1.925,0.345
1.889,0.701
1.589,0.733
1.556,0.558
1.499,0.452
0.811,-2.786
-0.25,-2.126
-0.361,-2.365
-0.673,-3.134
-2.937,-0.585
-3.091,-2.026
-3.117,-1.806
2.414,-1.106
1.643,-3.616
-1.413,-0.369
-2.737,-1.759
2.965,-0.944
3.013,-1.407
2.595,-2.545
2.33,-1.77
2.389,-0.882
2.044,-2.153
1.938,-0.861
1.724,-0.73
1.69,-0.588
-1.944,-1.839
-2.072,-0.566
2.82,-2.86
-0.094,-3.74
2.721,-3.565
2.364,-3.45
-0.032,1.68
0.015,2.072
-0.11,1.025
-0.105,3.031
-0.273,1.583
-0.354,0.556
-0.377,1.599
-0.49,0.6
-0.491,1.186
-0.453,2.137
-0.514,-0.023
-0.445,1.086
-0.457,0.36
-0.572,0.554
-0.677,2.65
-0.68,0.92
-0.678,-0.172
-0.709,2.242
-0.785,3.156
-0.763,2.045
-0.909,3.207
-0.922,1.352
-0.861,3.197
-1.018,2.888
-1.049,2.164
-1.007,0.159
-1.039,1.632
-1.118,1.073
-1.138,1.727
-1.143,1.776
-1.13,1.426
-1.229,0.409
-1.254,2.292
-1.261,2.978
-1.287,2.756
-1.298,-0.027
-1.249,0.735
-1.275,0.882
-1.336,1.017
-1.329,-0.377
-1.421,2.266
-1.363,1.911
-1.387,0.713
-1.474,2.93
-1.502,2.129
-1.568,2.011
-1.533,1.919
-1.583,3.155
-1.646,0.422
-1.654,0.524
-1.768,1.338
-1.711,0.93
-1.747,2.267
-1.808,2.769
-1.774,1.497
-1.864,0.54
-1.832,1.242
-1.892,2.414
-1.849,0.336
-1.906,2.051
-1.992,2.49
-2.072,0.984
-2.059,2.565
-2.15,1.582
-2.175,2.006
-2.126,0.62
-2.201,-0.482
-2.277,-0.368
-2.31,0.942
-2.402,2.094
-2.46,-0.581
-2.455,1.068
-2.632,2.561
-2.648,0.293
-2.74,0.445
-2.78,1.595
-3.012,1.671
-3.013,0.272
-3.034,3.143
-3.116,-0.093
-3.092,3.035
-3.092,1.807
3.111,3.009
3.086,2.071
3.136,3.407
3.071,2.941
3.071,-0.177
2.966,1.004
2.955,1.016
3.023,0.55
3.017,3.062
2.931,1.141
2.905,0.653
2.906,2.347
2.913,0.566
2.92,2.696
2.822,2.393
2.693,2.212
2.672,1.865
2.606,1.475
2.623,2.088
2.525,1.395
2.518,1.747
2.375,0.685
2.394,1.794
2.383,-0.114
2.324,1.932
2.332,-0.049
2.218,1.017
2.259,-0.633
2.183,1.978
2.238,1.518
2.235,1.128
2.213,1.315
2.096,3.113
1.993,0.243
2.043,-0.687
1.896,1.234
1.871,-0.278
1.868,0.937
1.818,0.764
1.757,-0.042
1.794,-0.318
1.729,0.387
1.811,-0.266
1.736,-0.223
1.631,-0.289
1.635,2.188
1.567,-0.172
1.532,-0.145
1.503,-0.287
1.435,0.75
1.443,-0.626
1.473,-0.48
1.365,0.748
1.394,2.017
1.313,2.189
1.358,1.894
1.345,2.208
1.264,1.543
1.091,-0.909
0.955,-0.942
0.633,-0.67
0.23,-0.819
0.041,-0.896
-0.151,-0.969
-0.357,-0.913
-1.374,-0.853
-1.814,-0.963
-1.905,-1.03
-2.057,-0.899
-2.556,-1.025
-2.626,-0.873
-2.74,-1.061
3.022,-0.906
2.856,-0.787
2.78,-0.744
2.708,-0.901
2.005,-0.755
1.817,-0.873
1.555,-0.933
1.546,-0.684
1.481,-1.147
1.418,-0.686
1.039,3.61
0.568,3.658
0.268,3.622
0.004,3.781
-0.214,3.674
-0.23,3.565
-0.782,3.728
-1.583,3.529
-2.028,3.607
-2.211,3.817
-3.039,3.516
2.671,3.485
2.622,3.687
2.637,3.802
2.509,3.384
2.58,3.686
2.478,3.437
2.55,3.466
2.317,3.708
1.939,3.701
1.911,3.805
1.656,3.678
0.228,0.268
-0.769,-0.135
-1.141,-0.53
-0.949,-1.025
-2.699,3.724
2.323,3.589
1.298,1.778
1.205,1.991
1.005,2.877
1.134,0.796
1.123,-0.031
1.094,-0.149
0.952,3.032
0.936,-0.411
0.722,0.302
0.621,0.253
0.619,0.707
0.624,1.476
0.312,2.063
0.307,0.52
0.395,-0.625
0.319,2.1
0.241,-0.318
0.136,-0.011
0.125,1.733
-0.002,1.251
0.008,0.429
0.048,1.746
0.03,0.705
0.02,1.596
-0.193,3.344
-0.074,2.052
-0.224,1.611
-0.226,0.524
-0.152,0.919
-0.209,1.673
-0.703,3.295
-0.715,0.994
-0.746,-0.584
-0.941,0.935
-1.009,-0.365
-1.233,-0.582
-1.265,1.589
-1.193,1.352
-1.261,2.809
-1.356,2.375
-1.521,0.891
-1.521,2.368
-1.562,2.271
-1.789,1.121
-2.005,2.299
-2.079,-0.223
-2.142,1.561
-2.162,1.904
-2.369,0.833
-2.256,-0.179
-2.263,-0.629
-2.477,-0.264
-2.38,0.512
-2.58,1.877
-2.469,-0.301
-2.485,1.422
-2.664,1.644
-2.78,0.932
-2.799,-0.583
-2.942,3.158
-3.016,-0.617
-2.887,0.637
-2.931,0.373
-3.09,2.35
3.111,0.365
3.027,-0.412
2.827,1.991
2.508,2.207
2.461,1.12
2.571,2.081
2.383,0.665
2.365,2.029
2.284,2.262
2.242,1.813
2.349,-0.446
2.195,1.419
2.272,0.431
2.247,-0.56
2.182,-0.037
2.005,1.671
1.835,0.386
1.547,0.773
1.515,1.888
1.584,2.274
1.552,1.851
1.403,1.977
1.391,1.116
1.335,1.729
1.365,0.67
1.316,-0.541
0.994,-0.569
0.938,-0.686
0.713,-0.868
0.775,-0.938
-0.914,-0.996
-1.022,-0.962
-1.175,-0.766
-1.159,-0.723
-1.381,-0.829
-1.852,-0.834
-1.934,-0.82
2.028,-0.859
1.431,-0.686
1.288,-1.057
0.346,3.446
0.38,3.407
0.185,3.686
0.093,3.631
-0.332,3.68
-0.229,3.581
-0.939,3.316
-0.783,3.67
-0.994,3.63
-1.103,3.696
-1.782,3.642
-2.418,3.645
2.984,3.475
3.071,3.58
2.718,3.756
2.599,3.742
1.923,3.378
1.887,3.734
1.587,3.766
1.554,3.591
1.497,3.485
0.809,0.247
-0.252,0.907
-0.363,0.668
-0.675,-0.101
-2.939,2.448
-3.093,1.007
-3.119,1.227
2.412,1.927
1.641,-0.583
-1.415,2.664
-2.739,1.274
2.963,2.089
3.011,1.626
2.593,0.488
2.328,1.263
2.387,2.151
2.042,0.88
1.936,2.172
1.722,2.303
1.688,2.445
-1.946,1.194
-2.074,2.467
2.818,0.173
-0.096,-0.707
2.719,-0.532
2.362,-0.417
0.047,0.392
-0.078,-0.655
-0.073,1.351
-0.241,-0.097
-0.322,-1.124
-0.345,-0.081
-0.458,-1.08
-0.459,-0.494
-0.421,0.457
-0.482,-1.703
-0.413,-0.594
-0.425,-1.32
-0.54,-1.126
-0.645,0.97
-0.648,-0.76
-0.646,-1.852
-0.677,0.562
-0.753,1.476
-0.731,0.365
-0.877,1.527
-0.89,-0.328
-0.829,1.517
-0.986,1.208
-1.017,0.484
-0.975,-1.521
-1.007,-0.048
-1.086,-0.607
-1.106,0.047
-1.111,0.096
-1.098,-0.254
-1.197,-1.271
-1.222,0.612
-1.229,1.298
-1.255,1.076
-1.266,-1.707
-1.217,-0.945
-1.243,-0.798
-1.304,-0.663
-1.297,-2.057
-1.389,0.586
-1.331,0.231
-1.355,-0.967
-1.442,1.25
-1.47,0.449
-1.536,0.331
-1.501,0.239
-1.551,1.475
-1.614,-1.258
-1.622,-1.156
-1.736,-0.342
-1.679,-0.75
-1.715,0.587
-1.776,1.089
-1.742,-0.183
-1.832,-1.14
-1.8,-0.438
-1.86,0.734
-1.817,-1.344
-1.874,0.371
-1.96,0.81
-2.04,-0.696
-2.027,0.885
-2.118,-0.098
-2.143,0.326
-2.094,-1.06
-2.169,-2.162
-2.245,-2.048
-2.278,-0.738
-2.37,0.414
-2.428,-2.261
-2.423,-0.612
-2.6,0.881
-2.616,-1.387
-2.708,-1.235
-2.748,-0.085
-2.98,-0.009
-2.981,-1.408
-3.002,1.463
-3.084,-1.773
-3.06,1.355
-3.06,0.127
-3.14,1.329
3.118,0.391
-3.115,1.727
3.103,1.261
3.103,-1.857
2.998,-0.676
2.987,-0.664
3.055,-1.13
3.049,1.382
2.963,-0.539
2.937,-1.027
2.938,0.667
2.945,-1.114
2.952,1.016
2.854,0.713
2.725,0.532
2.704,0.185
2.638,-0.205
2.655,0.408
2.557,-0.285
2.55,0.067
2.407,-0.995
2.426,0.114
2.415,-1.794
2.356,0.252
2.364,-1.729
2.25,-0.663
2.291,-2.313
2.215,0.298
2.27,-0.162
2.267,-0.552
2.245,-0.365
2.128,1.433
2.025,-1.437
2.075,-2.367
1.928,-0.446
1.903,-1.958
1.9,-0.743
1.85,-0.916
1.789,-1.722
1.826,-1.998
1.761,-1.293
1.843,-1.946
1.768,-1.903
1.663,-1.969
1.667,0.508
1.599,-1.852
1.564,-1.825
1.535,-1.967
1.467,-0.93
1.475,-2.306
1.505,-2.16
1.397,-0.932
1.426,0.337
1.345,0.509
1.39,0.214
1.377,0.528
1.296,-0.137
1.123,-2.589
0.987,-2.622
0.665,-2.35
0.262,-2.499
0.073,-2.576
-0.119,-2.649
-0.325,-2.593
-1.342,-2.533
-1.782,-2.643
-1.873,-2.71
-2.025,-2.579
-2.524,-2.705
-2.594,-2.553
-2.708,-2.741
3.054,-2.586
2.888,-2.467
2.812,-2.424
2.74,-2.581
2.037,-2.435
1.849,-2.553
1.587,-2.613
1.578,-2.364
1.513,-2.827
1.45,-2.366
1.071,1.93
0.6,1.978
0.3,1.942
0.036,2.101
-0.182,1.994
-0.198,1.885
-0.75,2.048
-1.551,1.849
-1.996,1.927
-2.179,2.137
-3.007,1.836
2.703,1.805
2.654,2.007
2.669,2.122
2.541,1.704
2.612,2.006
2.51,1.757
2.582,1.786
2.349,2.028
1.971,2.021
1.943,2.125
1.688,1.998
0.26,-1.412
-0.737,-1.815
-1.109,-2.21
-0.917,-2.705
-2.667,2.044
2.355,1.909
1.33,0.098
1.237,0.311
1.037,1.197
1.166,-0.884
1.155,-1.711
1.126,-1.829
0.984,1.352
0.968,-2.091
0.754,-1.378
0.653,-1.427
0.651,-0.973
0.656,-0.204
0.344,0.383
0.339,-1.16
0.427,-2.305
0.351,0.42
0.273,-1.998
0.168,-1.691
0.157,0.053
0.03,-0.429
0.04,-1.251
0.08,0.066
0.062,-0.975
0.052,-0.084
-0.161,1.664
-0.042,0.372
-0.192,-0.069
-0.194,-1.156
-0.12,-0.761
-0.177,-0.007
-0.671,1.615
-0.683,-0.686
-0.714,-2.264
-0.909,-0.745
-0.977,-2.045
-1.201,-2.262
-1.233,-0.091
-1.161,-0.328
-1.229,1.129
-1.324,0.695
-1.489,-0.789
-1.489,0.688
-1.53,0.591
-1.757,-0.559
-1.973,0.619
-2.047,-1.903
-2.11,-0.119
-2.13,0.224
-2.337,-0.847
-2.224,-1.859
-2.231,-2.309
-2.445,-1.944
-2.348,-1.168
-2.548,0.197
-2.437,-1.981
-2.453,-0.258
-2.632,-0.036
-2.748,-0.748
-2.767,-2.263
-2.91,1.478
-2.984,-2.297
-2.855,-1.043
-2.899,-1.307
-3.058,0.67
-3.14,-1.315
3.059,-2.092
2.859,0.311
2.54,0.527
2.493,-0.56
2.603,0.401
2.415,-1.015
2.397,0.349
2.316,0.582
2.274,0.133
2.381,-2.126
2.227,-0.261
2.304,-1.249
2.279,-2.24
2.214,-1.717
2.037,-0.009
1.867,-1.294
1.579,-0.907
1.547,0.208
1.616,0.594
1.584,0.171
1.435,0.297
1.423,-0.564
1.367,0.049
1.397,-1.01
1.348,-2.221
1.026,-2.249
0.97,-2.366
0.745,-2.548
0.807,-2.618
-0.882,-2.676
-0.99,-2.642
-1.143,-2.446
-1.127,-2.403
-1.349,-2.509
-1.82,-2.514
-1.902,-2.5
2.06,-2.539
1.463,-2.366
1.32,-2.737
0.378,1.766
0.412,1.727
0.217,2.006
0.125,1.951
-0.3,2.0
-0.197,1.901
-0.907,1.636
-0.751,1.99
-0.962,1.95
-1.071,2.016
-1.75,1.962
-2.386,1.965
3.016,1.795
3.103,1.9
2.75,2.076
2.631,2.062
1.955,1.698
1.919,2.054
1.619,2.086
1.586,1.911
1.529,1.805
0.841,-1.433
-0.22,-0.773
-0.331,-1.012
-0.643,-1.781
-2.907,0.768
-3.061,-0.673
-3.087,-0.453
2.444,0.247
1.673,-2.263
-1.383,0.984
-2.707,-0.406
2.995,0.409
3.043,-0.054
2.625,-1.192
2.36,-0.417
2.419,0.471
2.074,-0.8
1.968,0.492
1.754,0.623
1.72,0.765
-1.914,-0.486
-2.042,0.787
2.85,-1.507
-0.064,-2.387
2.751,-2.212
2.394,-2.097
-0.125,-1.047
-0.12,0.959
-0.288,-0.489
-0.369,-1.516
-0.392,-0.473
-0.505,-1.472
-0.506,-0.886
-0.468,0.065
-0.529,-2.095
-0.46,-0.986
-0.472,-1.712
-0.587,-1.518
-0.692,0.578
-0.695,-1.152
-0.693,-2.244
-0.724,0.17
-0.8,1.084
-0.778,-0.027
-0.924,1.135
-0.937,-0.72
-0.876,1.125
-1.033,0.816
-1.064,0.092
-1.022,-1.913
-1.054,-0.44
-1.133,-0.999
-1.153,-0.345
-1.158,-0.296
-1.145,-0.646
-1.244,-1.663
-1.269,0.22
-1.276,0.906
-1.302,0.684
-1.313,-2.099
-1.264,-1.337
-1.29,-1.19
-1.351,-1.055
-1.344,-2.449
-1.436,0.194
-1.378,-0.161
-1.402,-1.359
-1.489,0.858
-1.517,0.057
-1.583,-0.061
-1.548,-0.153
-1.598,1.083
-1.661,-1.65
-1.669,-1.548
-1.783,-0.734
-1.726,-1.142
-1.762,0.195
-1.823,0.697
-1.789,-0.575
-1.879,-1.532
-1.847,-0.83
-1.907,0.342
-1.864,-1.736
-1.921,-0.021
-2.007,0.418
-2.087,-1.088
-2.074,0.493
-2.165,-0.49
-2.19,-0.066
-2.141,-1.452
-2.216,-2.554
-2.292,-2.44
-2.325,-1.13
-2.417,0.022
-2.475,-2.653
-2.47,-1.004
-2.647,0.489
-2.663,-1.779
-2.755,-1.627
-2.795,-0.477
-3.027,-0.401
-3.028,-1.8
-3.049,1.071
-3.131,-2.165
-3.107,0.963
-3.107,-0.265
3.096,0.937
3.071,-0.001
3.121,1.335
3.056,0.869
3.056,-2.249
2.951,-1.068
2.94,-1.056
3.008,-1.522
3.002,0.99
2.916,-0.931
2.89,-1.419
2.891,0.275
2.898,-1.506
2.905,0.624
2.807,0.321
2.678,0.14
2.657,-0.207
2.591,-0.597
2.608,0.016
2.51,-0.677
2.503,-0.325
2.36,-1.387
2.379,-0.278
2.368,-2.186
2.309,-0.14
2.317,-2.121
2.203,-1.055
2.244,-2.705
2.168,-0.094
2.223,-0.554
2.22,-0.944
2.198,-0.757
2.081,1.041
1.978,-1.829
2.028,-2.759
1.881,-0.838
1.856,-2.35
1.853,-1.135
1.803,-1.308
1.742,-2.114
1.779,-2.39
1.714,-1.685
1.796,-2.338
1.721,-2.295
1.616,-2.361
1.62,0.116
1.552,-2.244
1.517,-2.217
1.488,-2.359
1.42,-1.322
1.428,-2.698
1.458,-2.552
1.35,-1.324
1.379,-0.055
1.298,0.117
1.343,-0.178
1.33,0.136
1.249,-0.529
1.076,-2.981
0.94,-3.014
0.618,-2.742
0.215,-2.891
0.026,-2.968
-0.166,-3.041
-0.372,-2.985
-1.389,-2.925
-1.829,-3.035
-1.92,-3.102
-2.072,-2.971
-2.571,-3.097
-2.641,-2.945
-2.755,-3.133
3.007,-2.978
2.841,-2.859
2.765,-2.816
2.693,-2.973
1.99,-2.827
1.802,-2.945
1.54,-3.005
1.531,-2.756
1.466,-3.219
1.403,-2.758
1.024,1.538
0.553,1.586
0.253,1.55
-0.011,1.709
-0.229,1.602
-0.245,1.493
-0.797,1.656
-1.598,1.457
-2.043,1.535
-2.226,1.745
-3.054,1.444
2.656,1.413
2.607,1.615
2.622,1.73
2.494,1.312
2.565,1.614
2.463,1.365
2.535,1.394
2.302,1.636
1.924,1.629
1.896,1.733
1.641,1.606
0.213,-1.804
-0.784,-2.207
-1.156,-2.602
-0.964,-3.097
-2.714,1.652
2.308,1.517
1.283,-0.294
1.19,-0.081
0.99,0.805
1.119,-1.276
1.108,-2.103
1.079,-2.221
0.937,0.96
0.921,-2.483
0.707,-1.77
0.606,-1.819
0.604,-1.365
0.609,-0.596
0.297,-0.009
0.292,-1.552
0.38,-2.697
0.304,0.028
0.226,-2.39
0.121,-2.083
0.11,-0.339
-0.017,-0.821
-0.007,-1.643
0.033,-0.326
0.015,-1.367
0.005,-0.476
-0.208,1.272
-0.089,-0.02
-0.239,-0.461
-0.241,-1.548
-0.167,-1.153
-0.224,-0.399
-0.718,1.223
-0.73,-1.078
-0.761,-2.656
-0.956,-1.137
-1.024,-2.437
-1.248,-2.654
-1.28,-0.483
-1.208,-0.72
-1.276,0.737
-1.371,0.303
-1.536,-1.181
-1.536,0.296
-1.577,0.199
-1.804,-0.951
-2.02,0.227
-2.094,-2.295
-2.157,-0.511
-2.177,-0.168
-2.384,-1.239
-2.271,-2.251
-2.278,-2.701
-2.492,-2.336
-2.395,-1.56
-2.595,-0.195
-2.484,-2.373
-2.5,-0.65
-2.679,-0.428
-2.795,-1.14
-2.814,-2.655
-2.957,1.086
-3.031,-2.689
-2.902,-1.435
-2.946,-1.699
-3.105,0.278
3.096,-1.707
3.012,-2.484
2.812,-0.081
2.493,0.135
2.446,-0.952
2.556,0.009
2.368,-1.407
2.35,-0.043
2.269,0.19
2.227,-0.259
2.334,-2.518
2.18,-0.653
2.257,-1.641
2.232,-2.632
2.167,-2.109
1.99,-0.401
1.82,-1.686
1.532,-1.299
1.5,-0.184
1.569,0.202
1.537,-0.221
1.388,-0.095
1.376,-0.956
1.32,-0.343
1.35,-1.402
1.301,-2.613
0.979,-2.641
0.923,-2.758
0.698,-2.94
0.76,-3.01
-0.929,-3.068
-1.037,-3.034
-1.19,-2.838
-1.174,-2.795
-1.396,-2.901
-1.867,-2.906
-1.949,-2.892
2.013,-2.931
1.416,-2.758
1.273,-3.129
0.331,1.374
0.365,1.335
0.17,1.614
0.078,1.559
-0.347,1.608
-0.244,1.509
-0.954,1.244
-0.798,1.598
-1.009,1.558
-1.118,1.624
-1.797,1.57
-2.433,1.573
2.969,1.403
3.056,1.508
2.703,1.684
2.584,1.67
1.908,1.306
1.872,1.662
1.572,1.694
1.539,1.519
1.482,1.413
0.794,-1.825
-0.267,-1.165
-0.378,-1.404
-0.69,-2.173
-2.954,0.376
-3.108,-1.065
-3.134,-0.845
2.397,-0.145
1.626,-2.655
-1.43,0.592
-2.754,-0.798
2.948,0.017
2.996,-0.446
2.578,-1.584
2.313,-0.809
2.372,0.079
2.027,-1.192
1.921,0.1
1.707,0.231
1.673,0.373
-1.961,-0.878
-2.089,0.395
2.803,-1.899
-0.111,-2.779
2.704,-2.604
2.347,-2.489
0.005,2.006
-0.163,0.558
-0.244,-0.469
-0.267,0.574
-0.38,-0.425
-0.381,0.161
-0.343,1.112
-0.404,-1.048
-0.335,0.061
-0.347,-0.665
-0.462,-0.471
-0.567,1.625
-0.57,-0.105
-0.568,-1.197
-0.599,1.217
-0.675,2.131
-0.653,1.02
-0.799,2.182
-0.812,0.327
-0.751,2.172
-0.908,1.863
-0.939,1.139
-0.897,-0.866
-0.929,0.607
-1.008,0.048
-1.028,0.702
-1.033,0.751
-1.02,0.401
-1.119,-0.616
-1.144,1.267
-1.151,1.953
-1.177,1.731
-1.188,-1.052
-1.139,-0.29
-1.165,-0.143
-1.226,-0.008
-1.219,-1.402
-1.311,1.241
-1.253,0.886
-1.277,-0.312
-1.364,1.905
-1.392,1.104
-1.458,0.986
-1.423,0.894
-1.473,2.13
-1.536,-0.603
-1.544,-0.501
-1.658,0.313
-1.601,-0.095
-1.637,1.242
-1.698,1.744
-1.664,0.472
-1.754,-0.485
-1.722,0.217
-1.782,1.389
-1.739,-0.689
-1.796,1.026
-1.882,1.465
-1.962,-0.041
-1.949,1.54
-2.04,0.557
-2.065,0.981
-2.016,-0.405
-2.091,-1.507
-2.167,-1.393
-2.2,-0.083
-2.292,1.069
-2.35,-1.606
-2.345,0.043
-2.522,1.536
-2.538,-0.732
-2.63,-0.58
-2.67,0.57
-2.902,0.646
-2.903,-0.753
-2.924,2.118
-3.006,-1.118
-2.982,2.01
-2.982,0.782
-3.062,1.984
-3.087,1.046
-3.037,2.382
-3.102,1.916
-3.102,-1.202
3.076,-0.021
3.065,-0.009
3.133,-0.475
3.127,2.037
3.041,0.116
3.015,-0.372
3.016,1.322
3.023,-0.459
3.03,1.671
2.932,1.368
2.803,1.187
2.782,0.84
2.716,0.45
2.733,1.063
2.635,0.37
2.628,0.722
2.485,-0.34
2.504,0.769
2.493,-1.139
2.434,0.907
2.442,-1.074
2.328,-0.008
2.369,-1.658
2.293,0.953
2.348,0.493
2.345,0.103
2.323,0.29
2.206,2.088
2.103,-0.782
2.153,-1.712
2.006,0.209
1.981,-1.303
1.978,-0.088
1.928,-0.261
1.867,-1.067
1.904,-1.343
1.839,-0.638
1.921,-1.291
1.846,-1.248
1.741,-1.314
1.745,1.163
1.677,-1.197
1.642,-1.17
1.613,-1.312
1.545,-0.275
1.553,-1.651
1.583,-1.505
1.475,-0.277
1.504,0.992
1.423,1.164
1.468,0.869
1.455,1.183
1.374,0.518
1.201,-1.934
1.065,-1.967
0.743,-1.695
0.34,-1.844
0.151,-1.921
-0.041,-1.994
-0.247,-1.938
-1.264,-1.878
-1.704,-1.988
-1.795,-2.055
-1.947,-1.924
-2.446,-2.05
-2.516,-1.898
-2.63,-2.086
3.132,-1.931
2.966,-1.812
2.89,-1.769
2.818,-1.926
2.115,-1.78
1.927,-1.898
1.665,-1.958
1.656,-1.709
1.591,-2.172
1.528,-1.711
1.149,2.585
0.678,2.633
0.378,2.597
0.114,2.756
-0.104,2.649
-0.12,2.54
-0.672,2.703
-1.473,2.504
-1.918,2.582
-2.101,2.792
-2.929,2.491
2.781,2.46
2.732,2.662
2.747,2.777
2.619,2.359
2.69,2.661
2.588,2.412
2.66,2.441
2.427,2.683
2.049,2.676
2.021,2.78
1.766,2.653
0.338,-0.757
-0.659,-1.16
-1.031,-1.555
-0.839,-2.05
-2.589,2.699
2.433,2.564
1.408,0.753
1.315,0.966
1.115,1.852
1.244,-0.229
1.233,-1.056
1.204,-1.174
1.062,2.007
1.046,-1.436
0.832,-0.723
0.731,-0.772
0.729,-0.318
0.734,0.451
0.422,1.038
0.417,-0.505
0.505,-1.65
0.429,1.075
0.351,-1.343
0.246,-1.036
0.235,0.708
0.108,0.226
0.118,-0.596
0.158,0.721
0.14,-0.32
0.13,0.571
-0.083,2.319
0.036,1.027
-0.114,0.586
-0.116,-0.501
-0.042,-0.106
-0.099,0.648
-0.593,2.27
-0.605,-0.031
-0.636,-1.609
-0.831,-0.09
-0.899,-1.39
-1.123,-1.607
-1.155,0.564
-1.083,0.327
-1.151,1.784
-1.246,1.35
-1.411,-0.134
-1.411,1.343
-1.452,1.246
-1.679,0.096
-1.895,1.274
-1.969,-1.248
-2.032,0.536
-2.052,0.879
-2.259,-0.192
-2.146,-1.204
-2.153,-1.654
-2.367,-1.289
-2.27,-0.513
-2.47,0.852
-2.359,-1.326
-2.375,0.397
-2.554,0.619
-2.67,-0.093
-2.689,-1.608
-2.832,2.133
-2.906,-1.642
-2.777,-0.388
-2.821,-0.652
-2.98,1.325
-3.062,-0.66
3.137,-1.437
2.937,0.966
2.618,1.182
2.571,0.095
2.681,1.056
2.493,-0.36
2.475,1.004
2.394,1.237
2.352,0.788
2.459,-1.471
2.305,0.394
2.382,-0.594
2.357,-1.585
2.292,-1.062
2.115,0.646
1.945,-0.639
1.657,-0.252
1.625,0.863
1.694,1.249
1.662,0.826
1.513,0.952
1.501,0.091
1.445,0.704
1.475,-0.355
1.426,-1.566
1.104,-1.594
1.048,-1.711
0.823,-1.893
0.885,-1.963
-0.804,-2.021
-0.912,-1.987
-1.065,-1.791
-1.049,-1.748
-1.271,-1.854
-1.742,-1.859
-1.824,-1.845
2.138,-1.884
1.541,-1.711
1.398,-2.082
0.456,2.421
0.49,2.382
0.295,2.661
0.203,2.606
-0.222,2.655
-0.119,2.556
-0.829,2.291
-0.673,2.645
-0.884,2.605
-0.993,2.671
-1.672,2.617
-2.308,2.62
3.094,2.45
-3.102,2.555
2.828,2.731
2.709,2.717
2.033,2.353
1.997,2.709
1.697,2.741
1.664,2.566
1.607,2.46
0.919,-0.778
-0.142,-0.118
-0.253,-0.357
-0.565,-1.126
-2.829,1.423
-2.983,-0.018
-3.009,0.202
2.522,0.902
1.751,-1.608
-1.305,1.639
-2.629,0.249
3.073,1.064
3.121,0.601
2.703,-0.537
2.438,0.238
2.497,1.126
2.152,-0.145
2.046,1.147
1.832,1.278
1.798,1.42
-1.836,0.169
-1.964,1.442
2.928,-0.852
0.014,-1.732
2.829,-1.557
2.472,-1.442
-0.168,-1.448
-0.249,-2.475
-0.272,-1.432
-0.385,-2.431
-0.386,-1.845
-0.348,-0.894
-0.409,-3.054
-0.34,-1.945
-0.352,-2.671
-0.467,-2.477
-0.572,-0.381
-0.575,-2.111
-0.573,-3.203
-0.604,-0.789
-0.68,0.125
-0.658,-0.986
-0.804,0.176
-0.817,-1.679
-0.756,0.166
-0.913,-0.143
-0.944,-0.867
-0.902,-2.872
-0.934,-1.399
-1.013,-1.958
-1.033,-1.304
-1.038,-1.255
-1.025,-1.605
-1.124,-2.622
-1.149,-0.739
-1.156,-0.053
-1.182,-0.275
-1.193,-3.058
-1.144,-2.296
-1.17,-2.149
-1.231,-2.014
-1.224,-3.408
-1.316,-0.765
-1.258,-1.12
-1.282,-2.318
-1.369,-0.101
-1.397,-0.902
-1.463,-1.02
-1.428,-1.112
-1.478,0.124
-1.541,-2.609
-1.549,-2.507
-1.663,-1.693
-1.606,-2.101
-1.642,-0.764
-1.703,-0.262
-1.669,-1.534
-1.759,-2.491
-1.727,-1.789
-1.787,-0.617
-1.744,-2.695
-1.801,-0.98
-1.887,-0.541
-1.967,-2.047
-1.954,-0.466
-2.045,-1.449
-2.07,-1.025
-2.021,-2.411
-2.096,-3.513
-2.172,-3.399
-2.205,-2.089
-2.297,-0.937
-2.355,-3.612
-2.35,-1.963
-2.527,-0.47
-2.543,-2.738
-2.635,-2.586
-2.675,-1.436
-2.907,-1.36
-2.908,-2.759
-2.929,0.112
-3.011,-3.124
-2.987,0.004
-2.987,-1.224
-3.067,-0.022
-3.092,-0.96
-3.042,0.376
-3.107,-0.09
-3.107,-3.208
3.071,-2.027
3.06,-2.015
3.128,-2.481
3.122,0.031
3.036,-1.89
3.01,-2.378
3.011,-0.684
3.018,-2.465
3.025,-0.335
2.927,-0.638
2.798,-0.819
2.777,-1.166
2.711,-1.556
2.728,-0.943
2.63,-1.636
2.623,-1.284
2.48,-2.346
2.499,-1.237
2.488,-3.145
2.429,-1.099
2.437,-3.08
2.323,-2.014
2.364,-3.664
2.288,-1.053
2.343,-1.513
2.34,-1.903
2.318,-1.716
2.201,0.082
2.098,-2.788
2.148,-3.718
2.001,-1.797
1.976,-3.309
1.973,-2.094
1.923,-2.267
1.862,-3.073
1.899,-3.349
1.834,-2.644
1.916,-3.297
1.841,-3.254
1.736,-3.32
1.74,-0.843
1.672,-3.203
1.637,-3.176
1.608,-3.318
1.54,-2.281
1.548,-3.657
1.578,-3.511
1.47,-2.283
1.499,-1.014
1.418,-0.842
1.463,-1.137
1.45,-0.823
1.369,-1.488
1.196,-3.94
1.06,-3.973
0.738,-3.701
0.335,-3.85
0.146,-3.927
-0.046,-4.0
-0.252,-3.944
-1.269,-3.884
-1.709,-3.994
-1.8,-4.061
-1.952,-3.93
-2.451,-4.056
-2.521,-3.904
-2.635,-4.092
3.127,-3.937
2.961,-3.818
2.885,-3.775
2.813,-3.932
2.11,-3.786
1.922,-3.904
1.66,-3.964
1.651,-3.715
1.586,-4.178
1.523,-3.717
1.144,0.579
0.673,0.627
0.373,0.591
0.109,0.75
-0.109,0.643
-0.125,0.534
-0.677,0.697
-1.478,0.498
-1.923,0.576
-2.106,0.786
-2.934,0.485
2.776,0.454
2.727,0.656
2.742,0.771
2.614,0.353
2.685,0.655
2.583,0.406
2.655,0.435
2.422,0.677
2.044,0.67
2.016,0.774
1.761,0.647
0.333,-2.763
-0.664,-3.166
-1.036,-3.561
-0.844,-4.056
-2.594,0.693
2.428,0.558
1.403,-1.253
1.31,-1.04
1.11,-0.154
1.239,-2.235
1.228,-3.062
1.199,-3.18
1.057,0.001
1.041,-3.442
0.827,-2.729
0.726,-2.778
0.724,-2.324
0.729,-1.555
0.417,-0.968
0.412,-2.511
0.5,-3.656
0.424,-0.931
0.346,-3.349
0.241,-3.042
0.23,-1.298
0.103,-1.78
0.113,-2.602
0.153,-1.285
0.135,-2.326
0.125,-1.435
-0.088,0.313
0.031,-0.979
-0.119,-1.42
-0.121,-2.507
-0.047,-2.112
-0.104,-1.358
-0.598,0.264
-0.61,-2.037
-0.641,-3.615
-0.836,-2.096
-0.904,-3.396
-1.128,-3.613
-1.16,-1.442
-1.088,-1.679
-1.156,-0.222
-1.251,-0.656
-1.416,-2.14
-1.416,-0.663
-1.457,-0.76
-1.684,-1.91
-1.9,-0.732
-1.974,-3.254
-2.037,-1.47
-2.057,-1.127
-2.264,-2.198
-2.151,-3.21
-2.158,-3.66
-2.372,-3.295
-2.275,-2.519
-2.475,-1.154
-2.364,-3.332
-2.38,-1.609
-2.559,-1.387
-2.675,-2.099
-2.694,-3.614
-2.837,0.127
-2.911,-3.648
-2.782,-2.394
-2.826,-2.658
-2.985,-0.681
-3.067,-2.666
3.132,-3.443
2.932,-1.04
2.613,-0.824
2.566,-1.911
2.676,-0.95
2.488,-2.366
2.47,-1.002
2.389,-0.769
2.347,-1.218
2.454,-3.477
2.3,-1.612
2.377,-2.6
2.352,-3.591
2.287,-3.068
2.11,-1.36
1.94,-2.645
1.652,-2.258
1.62,-1.143
1.689,-0.757
1.657,-1.18
1.508,-1.054
1.496,-1.915
1.44,-1.302
1.47,-2.361
1.421,-3.572
1.099,-3.6
1.043,-3.717
0.818,-3.899
0.88,-3.969
-0.809,-4.027
-0.917,-3.993
-1.07,-3.797
-1.054,-3.754
-1.276,-3.86
-1.747,-3.865
-1.829,-3.851
2.133,-3.89
1.536,-3.717
1.393,-4.088
0.451,0.415
0.485,0.376
0.29,0.655
0.198,0.6
-0.227,0.649
-0.124,0.55
-0.834,0.285
-0.678,0.639
-0.889,0.599
-0.998,0.665
-1.677,0.611
-2.313,0.614
3.089,0.444
-3.107,0.549
2.823,0.725
2.704,0.711
2.028,0.347
1.992,0.703
1.692,0.735
1.659,0.56
1.602,0.454
0.914,-2.784
-0.147,-2.124
-0.258,-2.363
-0.57,-3.132
-2.834,-0.583
-2.988,-2.024
-3.014,-1.804
2.517,-1.104
1.746,-3.614
-1.31,-0.367
-2.634,-1.757
3.068,-0.942
3.116,-1.405
2.698,-2.543
2.433,-1.768
2.492,-0.88
2.147,-2.151
2.041,-0.859
1.827,-0.728
1.793,-0.586
-1.841,-1.837
-1.969,-0.564
2.923,-2.858
0.009,-3.738
2.824,-3.563
2.467,-3.448
-0.081,-1.027
-0.104,0.016
-0.217,-0.983
-0.218,-0.397
-0.18,0.554
-0.241,-1.606
-0.172,-0.497
-0.184,-1.223
-0.299,-1.029
-0.404,1.067
-0.407,-0.663
-0.405,-1.755
-0.436,0.659
-0.512,1.573
-0.49,0.462
-0.636,1.624
-0.649,-0.231
-0.588,1.614
-0.745,1.305
-0.776,0.581
-0.734,-1.424
-0.766,0.049
-0.845,-0.51
-0.865,0.144
-0.87,0.193
-0.857,-0.157
-0.956,-1.174
-0.981,0.709
-0.988,1.395
-1.014,1.173
-1.025,-1.61
-0.976,-0.848
-1.002,-0.701
-1.063,-0.566
-1.056,-1.96
-1.148,0.683
-1.09,0.328
-1.114,-0.87
-1.201,1.347
-1.229,0.546
-1.295,0.428
-1.26,0.336
-1.31,1.572
-1.373,-1.161
-1.381,-1.059
-1.495,-0.245
-1.438,-0.653
-1.474,0.684
-1.535,1.186
-1.501,-0.086
-1.591,-1.043
-1.559,-0.341
-1.619,0.831
-1.576,-1.247
-1.633,0.468
-1.719,0.907
-1.799,-0.599
-1.786,0.982
-1.877,-0.001
-1.902,0.423
-1.853,-0.963
-1.928,-2.065
-2.004,-1.951
-2.037,-0.641
-2.129,0.511
-2.187,-2.164
-2.182,-0.515
-2.359,0.978
-2.375,-1.29
-2.467,-1.138
-2.507,0.012
-2.739,0.088
-2.74,-1.311
-2.761,1.56
-2.843,-1.676
-2.819,1.452
-2.819,0.224
-2.899,1.426
-2.924,0.488
-2.874,1.824
-2.939,1.358
-2.939,-1.76
-3.044,-0.579
-3.055,-0.567
-2.987,-1.033
-2.993,1.479
-3.079,-0.442
-3.105,-0.93
-3.104,0.764
-3.097,-1.017
-3.09,1.113
3.095,0.81
2.966,0.629
2.945,0.282
2.879,-0.108
2.896,0.505
2.798,-0.188
2.791,0.164
2.648,-0.898
2.667,0.211
2.656,-1.697
2.597,0.349
2.605,-1.632
2.491,-0.566
2.532,-2.216
2.456,0.395
2.511,-0.065
2.508,-0.455
2.486,-0.268
2.369,1.53
2.266,-1.34
2.316,-2.27
2.169,-0.349
2.144,-1.861
2.141,-0.646
2.091,-0.819
2.03,-1.625
2.067,-1.901
2.002,-1.196
2.084,-1.849
2.009,-1.806
1.904,-1.872
1.908,0.605
1.84,-1.755
1.805,-1.728
1.776,-1.87
1.708,-0.833
1.716,-2.209
1.746,-2.063
1.638,-0.835
1.667,0.434
1.586,0.606
1.631,0.311
1.618,0.625
1.537,-0.04
1.364,-2.492
1.228,-2.525
0.906,-2.253
0.503,-2.402
0.314,-2.479
0.122,-2.552
-0.084,-2.496
-1.101,-2.436
-1.541,-2.546
-1.632,-2.613
-1.784,-2.482
-2.283,-2.608
-2.353,-2.456
-2.467,-2.644
-2.988,-2.489
3.129,-2.37
3.053,-2.327
2.981,-2.484
2.278,-2.338
2.09,-2.456
1.828,-2.516
1.819,-2.267
1.754,-2.73
1.691,-2.269
1.312,2.027
0.841,2.075
0.541,2.039
0.277,2.198
0.059,2.091
0.043,1.982
-0.509,2.145
-1.31,1.946
-1.755,2.024
-1.938,2.234
-2.766,1.933
2.944,1.902
2.895,2.104
2.91,2.219
2.782,1.801
2.853,2.103
2.751,1.854
2.823,1.883
2.59,2.125
2.212,2.118
2.184,2.222
1.929,2.095
0.501,-1.315
-0.496,-1.718
-0.868,-2.113
-0.676,-2.608
-2.426,2.141
2.596,2.006
1.571,0.195
1.478,0.408
1.278,1.294
1.407,-0.787
1.396,-1.614
1.367,-1.732
1.225,1.449
1.209,-1.994
0.995,-1.281
0.894,-1.33
0.892,-0.876
0.897,-0.107
0.585,0.48
0.58,-1.063
0.668,-2.208
0.592,0.517
0.514,-1.901
0.409,-1.594
0.398,0.15
0.271,-0.332
0.281,-1.154
0.321,0.163
0.303,-0.878
0.293,0.013
0.08,1.761
0.199,0.469
0.049,0.028
0.047,-1.059
0.121,-0.664
0.064,0.09
-0.43,1.712
-0.442,-0.589
-0.473,-2.167
-0.668,-0.648
-0.736,-1.948
-0.96,-2.165
-0.992,0.006
-0.92,-0.231
-0.988,1.226
-1.083,0.792
-1.248,-0.692
-1.248,0.785
-1.289,0.688
-1.516,-0.462
-1.732,0.716
-1.806,-1.806
-1.869,-0.022
-1.889,0.321
-2.096,-0.75
-1.983,-1.762
-1.99,-2.212
-2.204,-1.847
-2.107,-1.071
-2.307,0.294
-2.196,-1.884
-2.212,-0.161
-2.391,0.061
-2.507,-0.651
-2.526,-2.166
-2.669,1.575
-2.743,-2.2
-2.614,-0.946
-2.658,-1.21
-2.817,0.767
-2.899,-1.218
-2.983,-1.995
3.1,0.408
2.781,0.624
2.734,-0.463
2.844,0.498
2.656,-0.918
2.638,0.446
2.557,0.679
2.515,0.23
2.622,-2.029
2.468,-0.164
2.545,-1.152
2.52,-2.143
2.455,-1.62
2.278,0.088
2.108,-1.197
1.82,-0.81
1.788,0.305
1.857,0.691
1.825,0.268
1.676,0.394
1.664,-0.467
1.608,0.146
1.638,-0.913
1.589,-2.124
1.267,-2.152
1.211,-2.269
0.986,-2.451
1.048,-2.521
-0.641,-2.579
-0.749,-2.545
-0.902,-2.349
-0.886,-2.306
-1.108,-2.412
-1.579,-2.417
-1.661,-2.403
2.301,-2.442
1.704,-2.269
1.561,-2.64
0.619,1.863
0.653,1.824
0.458,2.103
0.366,2.048
-0.059,2.097
0.044,1.998
-0.666,1.733
-0.51,2.087
-0.721,2.047
-0.83,2.113
-1.509,2.059
-2.145,2.062
-3.026,1.892
-2.939,1.997
2.991,2.173
2.872,2.159
2.196,1.795
2.16,2.151
1.86,2.183
1.827,2.008
1.77,1.902
1.082,-1.336
0.021,-0.676
-0.09,-0.915
-0.402,-1.684
-2.666,0.865
-2.82,-0.576
-2.846,-0.356
2.685,0.344
1.914,-2.166
-1.142,1.081
-2.466,-0.309
-3.047,0.506
-2.999,0.043
2.866,-1.095
2.601,-0.32
2.66,0.568
2.315,-0.703
2.209,0.589
1.995,0.72
1.961,0.862
-1.673,-0.389
-1.801,0.884
3.091,-1.41
0.177,-2.29
2.992,-2.115
2.635,-2.0
-0.023,1.043
-0.136,0.044
-0.137,0.63
-0.099,1.581
-0.16,-0.579
-0.091,0.53
-0.103,-0.196
-0.218,-0.002
-0.323,2.094
-0.326,0.364
-0.324,-0.728
-0.355,1.686
-0.431,2.6
-0.409,1.489
-0.555,2.651
-0.568,0.796
-0.507,2.641
-0.664,2.332
-0.695,1.608
-0.653,-0.397
-0.685,1.076
-0.764,0.517
-0.784,1.171
-0.789,1.22
-0.776,0.87
-0.875,-0.147
-0.9,1.736
-0.907,2.422
-0.933,2.2
-0.944,-0.583
-0.895,0.179
-0.921,0.326
-0.982,0.461
-0.975,-0.933
-1.067,1.71
-1.009,1.355
-1.033,0.157
-1.12,2.374
-1.148,1.573
-1.214,1.455
-1.179,1.363
-1.229,2.599
-1.292,-0.134
-1.3,-0.032
-1.414,0.782
-1.357,0.374
-1.393,1.711
-1.454,2.213
-1.42,0.941
-1.51,-0.016
-1.478,0.686
-1.538,1.858
-1.495,-0.22
-1.552,1.495
-1.638,1.934
-1.718,0.428
-1.705,2.009
-1.796,1.026
-1.821,1.45
-1.772,0.064
-1.847,-1.038
-1.923,-0.924
-1.956,0.386
-2.048,1.538
-2.106,-1.137
-2.101,0.512
-2.278,2.005
-2.294,-0.263
-2.386,-0.111
-2.426,1.039
-2.658,1.115
-2.659,-0.284
-2.68,2.587
-2.762,-0.649
-2.738,2.479
-2.738,1.251
-2.818,2.453
-2.843,1.515
-2.793,2.851
-2.858,2.385
-2.858,-0.733
-2.963,0.448
-2.974,0.46
-2.906,-0.006
-2.912,2.506
-2.998,0.585
-3.024,0.097
-3.023,1.791
-3.016,0.01
-3.009,2.14
-3.107,1.837
3.047,1.656
3.026,1.309
2.96,0.919
2.977,1.532
2.879,0.839
2.872,1.191
2.729,0.129
2.748,1.238
2.737,-0.67
2.678,1.376
2.686,-0.605
2.572,0.461
2.613,-1.189
2.537,1.422
2.592,0.962
2.589,0.572
2.567,0.759
2.45,2.557
2.347,-0.313
2.397,-1.243
2.25,0.678
2.225,-0.834
2.222,0.381
2.172,0.208
2.111,-0.598
2.148,-0.874
2.083,-0.169
2.165,-0.822
2.09,-0.779
1.985,-0.845
1.989,1.632
1.921,-0.728
1.886,-0.701
1.857,-0.843
1.789,0.194
1.797,-1.182
1.827,-1.036
1.719,0.192
1.748,1.461
1.667,1.633
1.712,1.338
1.699,1.652
1.618,0.987
1.445,-1.465
1.309,-1.498
0.987,-1.226
0.584,-1.375
0.395,-1.452
0.203,-1.525
-0.003,-1.469
-1.02,-1.409
-1.46,-1.519
-1.551,-1.586
-1.703,-1.455
-2.202,-1.581
-2.272,-1.429
-2.386,-1.617
-2.907,-1.462
-3.073,-1.343
3.134,-1.3
3.062,-1.457
2.359,-1.311
2.171,-1.429
1.909,-1.489
1.9,-1.24
1.835,-1.703
1.772,-1.242
1.393,3.054
0.922,3.102
0.622,3.066
0.358,3.225
0.14,3.118
0.124,3.009
-0.428,3.172
-1.229,2.973
-1.674,3.051
-1.857,3.261
-2.685,2.96
3.025,2.929
2.976,3.131
2.991,3.246
2.863,2.828
2.934,3.13
2.832,2.881
2.904,2.91
2.671,3.152
2.293,3.145
2.265,3.249
2.01,3.122
0.582,-0.288
-0.415,-0.691
-0.787,-1.086
-0.595,-1.581
-2.345,3.168
2.677,3.033
1.652,1.222
1.559,1.435
1.359,2.321
1.488,0.24
1.477,-0.587
1.448,-0.705
1.306,2.476
1.29,-0.967
1.076,-0.254
0.975,-0.303
0.973,0.151
0.978,0.92
0.666,1.507
0.661,-0.036
0.749,-1.181
0.673,1.544
0.595,-0.874
0.49,-0.567
0.479,1.177
0.352,0.695
0.362,-0.127
0.402,1.19
0.384,0.149
0.374,1.04
0.161,2.788
0.28,1.496
0.13,1.055
0.128,-0.032
0.202,0.363
0.145,1.117
-0.349,2.739
-0.361,0.438
-0.392,-1.14
-0.587,0.379
-0.655,-0.921
-0.879,-1.138
-0.911,1.033
-0.839,0.796
-0.907,2.253
-1.002,1.819
-1.167,0.335
-1.167,1.812
-1.208,1.715
-1.435,0.565
-1.651,1.743
-1.725,-0.779
-1.788,1.005
-1.808,1.348
-2.015,0.277
-1.902,-0.735
-1.909,-1.185
-2.123,-0.82
-2.026,-0.044
-2.226,1.321
-2.115,-0.857
-2.131,0.866
-2.31,1.088
-2.426,0.376
-2.445,-1.139
-2.588,2.602
-2.662,-1.173
-2.533,0.081
-2.577,-0.183
-2.736,1.794
-2.818,-0.191
-2.902,-0.968
-3.102,1.435
2.862,1.651
2.815,0.564
2.925,1.525
2.737,0.109
2.719,1.473
2.638,1.706
2.596,1.257
2.703,-1.002
2.549,0.863
2.626,-0.125
2.601,-1.116
2.536,-0.593
2.359,1.115
2.189,-0.17
1.901,0.217
1.869,1.332
1.938,1.718
1.906,1.295
1.757,1.421
1.745,0.56
1.689,1.173
1.719,0.114
1.67,-1.097
1.348,-1.125
1.292,-1.242
1.067,-1.424
1.129,-1.494
-0.56,-1.552
-0.668,-1.518
-0.821,-1.322
-0.805,-1.279
-1.027,-1.385
-1.498,-1.39
-1.58,-1.376
2.382,-1.415
1.785,-1.242
1.642,-1.613
0.7,2.89
0.734,2.851
0.539,3.13
0.447,3.075
0.022,3.124
0.125,3.025
-0.585,2.76
-0.429,3.114
-0.64,3.074
-0.749,3.14
-1.428,3.086
-2.064,3.089
-2.945,2.919
-2.858,3.024
3.072,3.2
2.953,3.186
2.277,2.822
2.241,3.178
1.941,3.21
1.908,3.035
1.851,2.929
1.163,-0.309
0.102,0.351
-0.009,0.112
-0.321,-0.657
-2.585,1.892
-2.739,0.451
-2.765,0.671
2.766,1.371
1.995,-1.139
-1.061,2.108
-2.385,0.718
-2.966,1.533
-2.918,1.07
2.947,-0.068
2.682,0.707
2.741,1.595
2.396,0.324
2.29,1.616
2.076,1.747
2.042,1.889
-1.592,0.638
-1.72,1.911
-3.111,-0.383
0.258,-1.263
3.073,-1.088
2.716,-0.973
-0.113,-0.999
-0.114,-0.413
-0.076,0.538
-0.137,-1.622
-0.068,-0.513
-0.08,-1.239
-0.195,-1.045
-0.3,1.051
-0.303,-0.679
-0.301,-1.771
-0.332,0.643
-0.408,1.557
-0.386,0.446
-0.532,1.608
-0.545,-0.247
-0.484,1.598
-0.641,1.289
-0.672,0.565
-0.63,-1.44
-0.662,0.033
-0.741,-0.526
-0.761,0.128
-0.766,0.177
-0.753,-0.173
-0.852,-1.19
-0.877,0.693
-0.884,1.379
-0.91,1.157
-0.921,-1.626
-0.872,-0.864
-0.898,-0.717
-0.959,-0.582
-0.952,-1.976
-1.044,0.667
-0.986,0.312
-1.01,-0.886
-1.097,1.331
-1.125,0.53
-1.191,0.412
-1.156,0.32
-1.206,1.556
-1.269,-1.177
-1.277,-1.075
-1.391,-0.261
-1.334,-0.669
-1.37,0.668
-1.431,1.17
-1.397,-0.102
-1.487,-1.059
-1.455,-0.357
-1.515,0.815
-1.472,-1.263
-1.529,0.452
-1.615,0.891
-1.695,-0.615
-1.682,0.966
-1.773,-0.017
-1.798,0.407
-1.749,-0.979
-1.824,-2.081
-1.9,-1.967
-1.933,-0.657
-2.025,0.495
-2.083,-2.18
-2.078,-0.531
-2.255,0.962
-2.271,-1.306
-2.363,-1.154
-2.403,-0.004
-2.635,0.072
-2.636,-1.327
-2.657,1.544
-2.739,-1.692
-2.715,1.436
-2.715,0.208
-2.795,1.41
-2.82,0.472
-2.77,1.808
-2.835,1.342
-2.835,-1.776
-2.94,-0.595
-2.951,-0.583
-2.883,-1.049
-2.889,1.463
-2.975,-0.458
-3.001,-0.946
-3.0,0.748
-2.993,-1.033
-2.986,1.097
-3.084,0.794
3.07,0.613
3.049,0.266
2.983,-0.124
3.0,0.489
2.902,-0.204
2.895,0.148
2.752,-0.914
2.771,0.195
2.76,-1.713
2.701,0.333
2.709,-1.648
2.595,-0.582
2.636,-2.232
2.56,0.379
2.615,-0.081
2.612,-0.471
2.59,-0.284
2.473,1.514
2.37,-1.356
2.42,-2.286
2.273,-0.365
2.248,-1.877
2.245,-0.662
2.195,-0.835
2.134,-1.641
2.171,-1.917
2.106,-1.212
2.188,-1.865
2.113,-1.822
2.008,-1.888
2.012,0.589
1.944,-1.771
1.909,-1.744
1.88,-1.886
1.812,-0.849
1.82,-2.225
1.85,-2.079
1.742,-0.851
1.771,0.418
1.69,0.59
1.735,0.295
1.722,0.609
1.641,-0.056
1.468,-2.508
1.332,-2.541
1.01,-2.269
0.607,-2.418
0.418,-2.495
0.226,-2.568
0.02,-2.512
-0.997,-2.452
-1.437,-2.562
-1.528,-2.629
-1.68,-2.498
-2.179,-2.624
-2.249,-2.472
-2.363,-2.66
-2.884,-2.505
-3.05,-2.386
-3.126,-2.343
3.085,-2.5
2.382,-2.354
2.194,-2.472
1.932,-2.532
1.923,-2.283
1.858,-2.746
1.795,-2.285
1.416,2.011
0.945,2.059
0.645,2.023
0.381,2.182
0.163,2.075
0.147,1.966
-0.405,2.129
-1.206,1.93
-1.651,2.008
-1.834,2.218
-2.662,1.917
3.048,1.886
2.999,2.088
3.014,2.203
2.886,1.785
2.957,2.087
2.855,1.838
2.927,1.867
2.694,2.109
2.316,2.102
2.288,2.206
2.033,2.079
0.605,-1.331
-0.392,-1.734
-0.764,-2.129
-0.572,-2.624
-2.322,2.125
2.7,1.99
1.675,0.179
1.582,0.392
1.382,1.278
1.511,-0.803
1.5,-1.63
1.471,-1.748
1.329,1.433
1.313,-2.01
1.099,-1.297
0.998,-1.346
0.996,-0.892
1.001,-0.123
0.689,0.464
0.684,-1.079
0.772,-2.224
0.696,0.501
0.618,-1.917
0.513,-1.61
0.502,0.134
0.375,-0.348
0.385,-1.17
0.425,0.147
0.407,-0.894
0.397,-0.003
0.184,1.745
0.303,0.453
0.153,0.012
0.151,-1.075
0.225,-0.68
0.168,0.074
-0.326,1.696
-0.338,-0.605
-0.369,-2.183
-0.564,-0.664
-0.632,-1.964
-0.856,-2.181
-0.888,-0.01
-0.816,-0.247
-0.884,1.21
-0.979,0.776
-1.144,-0.708
-1.144,0.769
-1.185,0.672
-1.412,-0.478
-1.628,0.7
-1.702,-1.822
-1.765,-0.038
-1.785,0.305
-1.992,-0.766
-1.879,-1.778
-1.886,-2.228
-2.1,-1.863
-2.003,-1.087
-2.203,0.278
-2.092,-1.9
-2.108,-0.177
-2.287,0.045
-2.403,-0.667
-2.422,-2.182
-2.565,1.559
-2.639,-2.216
-2.51,-0.962
-2.554,-1.226
-2.713,0.751
-2.795,-1.234
-2.879,-2.011
-3.079,0.392
2.885,0.608
2.838,-0.479
2.948,0.482
2.76,-0.934
2.742,0.43
2.661,0.663
2.619,0.214
2.726,-2.045
2.572,-0.18
2.649,-1.168
2.624,-2.159
2.559,-1.636
2.382,0.072
2.212,-1.213
1.924,-0.826
1.892,0.289
1.961,0.675
1.929,0.252
1.78,0.378
1.768,-0.483
1.712,0.13
1.742,-0.929
1.693,-2.14
1.371,-2.168
1.315,-2.285
1.09,-2.467
1.152,-2.537
-0.537,-2.595
-0.645,-2.561
-0.798,-2.365
-0.782,-2.322
-1.004,-2.428
-1.475,-2.433
-1.557,-2.419
2.405,-2.458
1.808,-2.285
1.665,-2.656
0.723,1.847
0.757,1.808
0.562,2.087
0.47,2.032
0.045,2.081
0.148,1.982
-0.562,1.717
-0.406,2.071
-0.617,2.031
-0.726,2.097
-1.405,2.043
-2.041,2.046
-2.922,1.876
-2.835,1.981
3.095,2.157
2.976,2.143
2.3,1.779
2.264,2.135
1.964,2.167
1.931,1.992
1.874,1.886
1.186,-1.352
0.125,-0.692
0.014,-0.931
-0.298,-1.7
-2.562,0.849
-2.716,-0.592
-2.742,-0.372
2.789,0.328
2.018,-2.182
-1.038,1.065
-2.362,-0.325
-2.943,0.49
-2.895,0.027
2.97,-1.111
2.705,-0.336
2.764,0.552
2.419,-0.719
2.313,0.573
2.099,0.704
2.065,0.846
-1.569,-0.405
-1.697,0.868
-3.088,-1.426
0.281,-2.306
3.096,-2.131
2.739,-2.016
-0.001,0.586
0.037,1.537
-0.024,-0.623
0.045,0.486
0.033,-0.24
-0.082,-0.046
-0.187,2.05
-0.19,0.32
-0.188,-0.772
-0.219,1.642
-0.295,2.556
-0.273,1.445
-0.419,2.607
-0.432,0.752
-0.371,2.597
-0.528,2.288
-0.559,1.564
-0.517,-0.441
-0.549,1.032
-0.628,0.473
-0.648,1.127
-0.653,1.176
-0.64,0.826
-0.739,-0.191
-0.764,1.692
-0.771,2.378
-0.797,2.156
-0.808,-0.627
-0.759,0.135
-0.785,0.282
-0.846,0.417
-0.839,-0.977
-0.931,1.666
-0.873,1.311
-0.897,0.113
-0.984,2.33
-1.012,1.529
-1.078,1.411
-1.043,1.319
-1.093,2.555
-1.156,-0.178
-1.164,-0.076
-1.278,0.738
-1.221,0.33
-1.257,1.667
-1.318,2.169
-1.284,0.897
-1.374,-0.06
-1.342,0.642
-1.402,1.814
-1.359,-0.264
-1.416,1.451
-1.502,1.89
-1.582,0.384
-1.569,1.965
-1.66,0.982
-1.685,1.406
-1.636,0.02
-1.711,-1.082
-1.787,-0.968
-1.82,0.342
-1.912,1.494
-1.97,-1.181
-1.965,0.468
-2.142,1.961
-2.158,-0.307
-2.25,-0.155
-2.29,0.995
-2.522,1.071
-2.523,-0.328
-2.544,2.543
-2.626,-0.693
-2.602,2.435
-2.602,1.207
-2.682,2.409
-2.707,1.471
-2.657,2.807
-2.722,2.341
-2.722,-0.777
-2.827,0.404
-2.838,0.416
-2.77,-0.05
-2.776,2.462
-2.862,0.541
-2.888,0.053
-2.887,1.747
-2.88,-0.034
-2.873,2.096
-2.971,1.793
-3.1,1.612
-3.121,1.265
3.096,0.875
3.113,1.488
3.015,0.795
3.008,1.147
2.865,0.085
2.884,1.194
2.873,-0.714
2.814,1.332
2.822,-0.649
2.708,0.417
2.749,-1.233
2.673,1.378
2.728,0.918
2.725,0.528
2.703,0.715
2.586,2.513
2.483,-0.357
2.533,-1.287
2.386,0.634
2.361,-0.878
2.358,0.337
2.308,0.164
2.247,-0.642
2.284,-0.918
2.219,-0.213
2.301,-0.866
2.226,-0.823
2.121,-0.889
2.125,1.588
2.057,-0.772
2.022,-0.745
1.993,-0.887
1.925,0.15
1.933,-1.226
1.963,-1.08
1.855,0.148
1.884,1.417
1.803,1.589
1.848,1.294
1.835,1.608
1.754,0.943
1.581,-1.509
1.445,-1.542
1.123,-1.27
0.72,-1.419
0.531,-1.496
0.339,-1.569
0.133,-1.513
-0.884,-1.453
-1.324,-1.563
-1.415,-1.63
-1.567,-1.499
-2.066,-1.625
-2.136,-1.473
-2.25,-1.661
-2.771,-1.506
-2.937,-1.387
-3.013,-1.344
-3.085,-1.501
2.495,-1.355
2.307,-1.473
2.045,-1.533
2.036,-1.284
1.971,-1.747
1.908,-1.286
1.529,3.01
1.058,3.058
0.758,3.022
0.494,3.181
0.276,3.074
0.26,2.965
-0.292,3.128
-1.093,2.929
-1.538,3.007
-1.721,3.217
-2.549,2.916
-3.122,2.885
3.112,3.087
3.127,3.202
2.999,2.784
3.07,3.086
2.968,2.837
3.04,2.866
2.807,3.108
2.429,3.101
2.401,3.205
2.146,3.078
0.718,-0.332
-0.279,-0.735
-0.651,-1.13
-0.459,-1.625
-2.209,3.124
2.813,2.989
1.788,1.178
1.695,1.391
1.495,2.277
1.624,0.196
1.613,-0.631
1.584,-0.749
1.442,2.432
1.426,-1.011
1.212,-0.298
1.111,-0.347
1.109,0.107
1.114,0.876
0.802,1.463
0.797,-0.08
0.885,-1.225
0.809,1.5
0.731,-0.918
0.626,-0.611
0.615,1.133
0.488,0.651
0.498,-0.171
0.538,1.146
0.52,0.105
0.51,0.996
0.297,2.744
0.416,1.452
0.266,1.011
0.264,-0.076
0.338,0.319
0.281,1.073
-0.213,2.695
-0.225,0.394
-0.256,-1.184
-0.451,0.335
-0.519,-0.965
-0.743,-1.182
-0.775,0.989
-0.703,0.752
-0.771,2.209
-0.866,1.775
-1.031,0.291
-1.031,1.768
-1.072,1.671
-1.299,0.521
-1.515,1.699
-1.589,-0.823
-1.652,0.961
-1.672,1.304
-1.879,0.233
-1.766,-0.779
-1.773,-1.229
-1.987,-0.864
-1.89,-0.088
-2.09,1.277
-1.979,-0.901
-1.995,0.822
-2.174,1.044
-2.29,0.332
-2.309,-1.183
-2.452,2.558
-2.526,-1.217
-2.397,0.037
-2.441,-0.227
-2.6,1.75
-2.682,-0.235
-2.766,-1.012
-2.966,1.391
2.998,1.607
2.951,0.52
3.061,1.481
2.873,0.065
2.855,1.429
2.774,1.662
2.732,1.213
2.839,-1.046
2.685,0.819
2.762,-0.169
2.737,-1.16
2.672,-0.637
2.495,1.071
2.325,-0.214
2.037,0.173
2.005,1.288
2.074,1.674
2.042,1.251
1.893,1.377
1.881,0.516
1.825,1.129
1.855,0.07
1.806,-1.141
1.484,-1.169
1.428,-1.286
1.203,-1.468
1.265,-1.538
-0.424,-1.596
-0.532,-1.562
-0.685,-1.366
-0.669,-1.323
-0.891,-1.429
-1.362,-1.434
-1.444,-1.42
2.518,-1.459
1.921,-1.286
1.778,-1.657
0.836,2.846
0.87,2.807
0.675,3.086
0.583,3.031
0.158,3.08
0.261,2.981
-0.449,2.716
-0.293,3.07
-0.504,3.03
-0.613,3.096
-1.292,3.042
-1.928,3.045
-2.809,2.875
-2.722,2.98
-3.075,3.156
3.089,3.142
2.413,2.778
2.377,3.134
2.077,3.166
2.044,2.991
1.987,2.885
1.299,-0.353
0.238,0.307
0.127,0.068
-0.185,-0.701
-2.449,1.848
-2.603,0.407
-2.629,0.627
2.902,1.327
2.131,-1.183
-0.925,2.064
-2.249,0.674
-2.83,1.489
-2.782,1.026
3.083,-0.112
2.818,0.663
2.877,1.551
2.532,0.28
2.426,1.572
2.212,1.703
2.178,1.845
-1.456,0.594
-1.584,1.867
-2.975,-0.427
0.394,-1.307
-3.074,-1.132
2.852,-1.017
0.038,0.951
-0.023,-1.209
0.046,-0.1
0.034,-0.826
-0.081,-0.632
-0.186,1.464
-0.189,-0.266
-0.187,-1.358
-0.218,1.056
-0.294,1.97
-0.272,0.859
-0.418,2.021
-0.431,0.166
-0.37,2.011
-0.527,1.702
-0.558,0.978
-0.516,-1.027
-0.548,0.446
-0.627,-0.113
-0.647,0.541
-0.652,0.59
-0.639,0.24
-0.738,-0.777
-0.763,1.106
-0.77,1.792
-0.796,1.57
-0.807,-1.213
-0.758,-0.451
-0.784,-0.304
-0.845,-0.169
-0.838,-1.563
-0.93,1.08
-0.872,0.725
-0.896,-0.473
-0.983,1.744
-1.011,0.943
-1.077,0.825
-1.042,0.733
-1.092,1.969
-1.155,-0.764
-1.163,-0.662
-1.277,0.152
-1.22,-0.256
-1.256,1.081
-1.317,1.583
-1.283,0.311
-1.373,-0.646
-1.341,0.056
-1.401,1.228
-1.358,-0.85
-1.415,0.865
-1.501,1.304
-1.581,-0.202
-1.568,1.379
-1.659,0.396
-1.684,0.82
-1.635,-0.566
-1.71,-1.668
-1.786,-1.554
-1.819,-0.244
-1.911,0.908
-1.969,-1.767
-1.964,-0.118
-2.141,1.375
-2.157,-0.893
-2.249,-0.741
-2.289,0.409
-2.521,0.485
-2.522,-0.914
-2.543,1.957
-2.625,-1.279
-2.601,1.849
-2.601,0.621
-2.681,1.823
-2.706,0.885
-2.656,2.221
-2.721,1.755
-2.721,-1.363
-2.826,-0.182
-2.837,-0.17
-2.769,-0.636
-2.775,1.876
-2.861,-0.045
-2.887,-0.533
-2.886,1.161
-2.879,-0.62
-2.872,1.51
-2.97,1.207
-3.099,1.026
-3.12,0.679
3.097,0.289
3.114,0.902
3.016,0.209
3.009,0.561
2.866,-0.501
2.885,0.608
2.874,-1.3
2.815,0.746
2.823,-1.235
2.709,-0.169
2.75,-1.819
2.674,0.792
2.729,0.332
2.726,-0.058
2.704,0.129
2.587,1.927
2.484,-0.943
2.534,-1.873
2.387,0.048
2.362,-1.464
2.359,-0.249
2.309,-0.422
2.248,-1.228
2.285,-1.504
2.22,-0.799
2.302,-1.452
2.227,-1.409
2.122,-1.475
2.126,1.002
2.058,-1.358
2.023,-1.331
1.994,-1.473
1.926,-0.436
1.934,-1.812
1.964,-1.666
1.856,-0.438
1.885,0.831
1.804,1.003
1.849,0.708
1.836,1.022
1.755,0.357
1.582,-2.095
1.446,-2.128
1.124,-1.856
0.721,-2.005
0.532,-2.082
0.34,-2.155
0.134,-2.099
-0.883,-2.039
-1.323,-2.149
-1.414,-2.216
-1.566,-2.085
-2.065,-2.211
-2.135,-2.059
-2.249,-2.247
-2.77,-2.092
-2.936,-1.973
-3.012,-1.93
-3.084,-2.087
2.496,-1.941
2.308,-2.059
2.046,-2.119
2.037,-1.87
1.972,-2.333
1.909,-1.872
1.53,2.424
1.059,2.472
0.759,2.436
0.495,2.595
0.277,2.488
0.261,2.379
-0.291,2.542
-1.092,2.343
-1.537,2.421
-1.72,2.631
-2.548,2.33
-3.121,2.299
3.113,2.501
3.128,2.616
3.0,2.198
3.071,2.5
2.969,2.251
3.041,2.28
2.808,2.522
2.43,2.515
2.402,2.619
2.147,2.492
0.719,-0.918
-0.278,-1.321
-0.65,-1.716
-0.458,-2.211
-2.208,2.538
2.814,2.403
1.789,0.592
1.696,0.805
1.496,1.691
1.625,-0.39
1.614,-1.217
1.585,-1.335
1.443,1.846
1.427,-1.597
1.213,-0.884
1.112,-0.933
1.11,-0.479
1.115,0.29
0.803,0.877
0.798,-0.666
0.886,-1.811
0.81,0.914
0.732,-1.504
0.627,-1.197
0.616,0.547
0.489,0.065
0.499,-0.757
0.539,0.56
0.521,-0.481
0.511,0.41
0.298,2.158
0.417,0.866
0.267,0.425
0.265,-0.662
0.339,-0.267
0.282,0.487
-0.212,2.109
-0.224,-0.192
-0.255,-1.77
-0.45,-0.251
-0.518,-1.551
-0.742,-1.768
-0.774,0.403
-0.702,0.166
-0.77,1.623
-0.865,1.189
-1.03,-0.295
-1.03,1.182
-1.071,1.085
-1.298,-0.065
-1.514,1.113
-1.588,-1.409
-1.651,0.375
-1.671,0.718
-1.878,-0.353
-1.765,-1.365
-1.772,-1.815
-1.986,-1.45
-1.889,-0.674
-2.089,0.691
-1.978,-1.487
-1.994,0.236
-2.173,0.458
-2.289,-0.254
-2.308,-1.769
-2.451,1.972
-2.525,-1.803
-2.396,-0.549
-2.44,-0.813
-2.599,1.164
-2.681,-0.821
-2.765,-1.598
-2.965,0.805
2.999,1.021
2.952,-0.066
3.062,0.895
2.874,-0.521
2.856,0.843
2.775,1.076
2.733,0.627
2.84,-1.632
2.686,0.233
2.763,-0.755
2.738,-1.746
2.673,-1.223
2.496,0.485
2.326,-0.8
2.038,-0.413
2.006,0.702
2.075,1.088
2.043,0.665
1.894,0.791
1.882,-0.07
1.826,0.543
1.856,-0.516
1.807,-1.727
1.485,-1.755
1.429,-1.872
1.204,-2.054
1.266,-2.124
-0.423,-2.182
-0.531,-2.148
-0.684,-1.952
-0.668,-1.909
-0.89,-2.015
-1.361,-2.02
-1.443,-2.006
2.519,-2.045
1.922,-1.872
1.779,-2.243
0.837,2.26
0.871,2.221
0.676,2.5
0.584,2.445
0.159,2.494
0.262,2.395
-0.448,2.13
-0.292,2.484
-0.503,2.444
-0.612,2.51
-1.291,2.456
-1.927,2.459
-2.808,2.289
-2.721,2.394
-3.074,2.57
3.09,2.556
2.414,2.192
2.378,2.548
2.078,2.58
2.045,2.405
1.988,2.299
1.3,-0.939
0.239,-0.279
0.128,-0.518
-0.184,-1.287
-2.448,1.262
-2.602,-0.179
-2.628,0.041
2.903,0.741
2.132,-1.769
-0.924,1.478
-2.248,0.088
-2.829,0.903
-2.781,0.44
3.084,-0.698
2.819,0.077
2.878,0.965
2.533,-0.306
2.427,0.986
2.213,1.117
2.179,1.259
-1.455,0.008
-1.583,1.281
-2.974,-1.013
0.395,-1.893
-3.073,-1.718
2.853,-1.603
-0.061,-2.16
0.008,-1.051
-0.004,-1.777
-0.119,-1.583
-0.224,0.513
-0.227,-1.217
-0.225,-2.309
-0.256,0.105
-0.332,1.019
-0.31,-0.092
-0.456,1.07
-0.469,-0.785
-0.408,1.06
-0.565,0.751
-0.596,0.027
-0.554,-1.978
-0.586,-0.505
-0.665,-1.064
-0.685,-0.41
-0.69,-0.361
-0.677,-0.711
-0.776,-1.728
-0.801,0.155
-0.808,0.841
-0.834,0.619
-0.845,-2.164
-0.796,-1.402
-0.822,-1.255
-0.883,-1.12
-0.876,-2.514
-0.968,0.129
-0.91,-0.226
-0.934,-1.424
-1.021,0.793
-1.049,-0.008
-1.115,-0.126
-1.08,-0.218
-1.13,1.018
-1.193,-1.715
-1.201,-1.613
-1.315,-0.799
-1.258,-1.207
-1.294,0.13
-1.355,0.632
-1.321,-0.64
-1.411,-1.597
-1.379,-0.895
-1.439,0.277
-1.396,-1.801
-1.453,-0.086
-1.539,0.353
-1.619,-1.153
-1.606,0.428
-1.697,-0.555
-1.722,-0.131
-1.673,-1.517
-1.748,-2.619
-1.824,-2.505
-1.857,-1.195
-1.949,-0.043
-2.007,-2.718
-2.002,-1.069
-2.179,0.424
-2.195,-1.844
-2.287,-1.692
-2.327,-0.542
-2.559,-0.466
-2.56,-1.865
-2.581,1.006
-2.663,-2.23
-2.639,0.898
-2.639,-0.33
-2.719,0.872
-2.744,-0.066
-2.694,1.27
-2.759,0.804
-2.759,-2.314
-2.864,-1.133
-2.875,-1.121
-2.807,-1.587
-2.813,0.925
-2.899,-0.996
-2.925,-1.484
-2.924,0.21
-2.917,-1.571
-2.91,0.559
-3.008,0.256
-3.137,0.075
3.125,-0.272
3.059,-0.662
3.076,-0.049
2.978,-0.742
2.971,-0.39
2.828,-1.452
2.847,-0.343
2.836,-2.251
2.777,-0.205
2.785,-2.186
2.671,-1.12
2.712,-2.77
2.636,-0.159
2.691,-0.619
2.688,-1.009
2.666,-0.822
2.549,0.976
2.446,-1.894
2.496,-2.824
2.349,-0.903
2.324,-2.415
2.321,-1.2
2.271,-1.373
2.21,-2.179
2.247,-2.455
2.182,-1.75
2.264,-2.403
2.189,-2.36
2.084,-2.426
2.088,0.051
2.02,-2.309
1.985,-2.282
1.956,-2.424
1.888,-1.387
1.896,-2.763
1.926,-2.617
1.818,-1.389
1.847,-0.12
1.766,0.052
1.811,-0.243
1.798,0.071
1.717,-0.594
1.544,-3.046
1.408,-3.079
1.086,-2.807
0.683,-2.956
0.494,-3.033
0.302,-3.106
0.096,-3.05
-0.921,-2.99
-1.361,-3.1
-1.452,-3.167
-1.604,-3.036
-2.103,-3.162
-2.173,-3.01
-2.287,-3.198
-2.808,-3.043
-2.974,-2.924
-3.05,-2.881
-3.122,-3.038
2.458,-2.892
2.27,-3.01
2.008,-3.07
1.999,-2.821
1.934,-3.284
1.871,-2.823
1.492,1.473
1.021,1.521
0.721,1.485
0.457,1.644
0.239,1.537
0.223,1.428
-0.329,1.591
-1.13,1.392
-1.575,1.47
-1.758,1.68
-2.586,1.379
3.124,1.348
3.075,1.55
3.09,1.665
2.962,1.247
3.033,1.549
2.931,1.3
3.003,1.329
2.77,1.571
2.392,1.564
2.364,1.668
2.109,1.541
0.681,-1.869
-0.316,-2.272
-0.688,-2.667
-0.496,-3.162
-2.246,1.587
2.776,1.452
1.751,-0.359
1.658,-0.146
1.458,0.74
1.587,-1.341
1.576,-2.168
1.547,-2.286
1.405,0.895
1.389,-2.548
1.175,-1.835
1.074,-1.884
1.072,-1.43
1.077,-0.661
0.765,-0.074
0.76,-1.617
0.848,-2.762
0.772,-0.037
0.694,-2.455
0.589,-2.148
0.578,-0.404
0.451,-0.886
0.461,-1.708
0.501,-0.391
0.483,-1.432
0.473,-0.541
0.26,1.207
0.379,-0.085
0.229,-0.526
0.227,-1.613
0.301,-1.218
0.244,-0.464
-0.25,1.158
-0.262,-1.143
-0.293,-2.721
-0.488,-1.202
-0.556,-2.502
-0.78,-2.719
-0.812,-0.548
-0.74,-0.785
-0.808,0.672
-0.903,0.238
-1.068,-1.246
-1.068,0.231
-1.109,0.134
-1.336,-1.016
-1.552,0.162
-1.626,-2.36
-1.689,-0.576
-1.709,-0.233
-1.916,-1.304
-1.803,-2.316
-1.81,-2.766
-2.024,-2.401
-1.927,-1.625
-2.127,-0.26
-2.016,-2.438
-2.032,-0.715
-2.211,-0.493
-2.327,-1.205
-2.346,-2.72
-2.489,1.021
-2.563,-2.754
-2.434,-1.5
-2.478,-1.764
-2.637,0.213
-2.719,-1.772
-2.803,-2.549
-3.003,-0.146
2.961,0.07
2.914,-1.017
3.024,-0.056
2.836,-1.472
2.818,-0.108
2.737,0.125
2.695,-0.324
2.802,-2.583
2.648,-0.718
2.725,-1.706
2.7,-2.697
2.635,-2.174
2.458,-0.466
2.288,-1.751
2.0,-1.364
1.968,-0.249
2.037,0.137
2.005,-0.286
1.856,-0.16
1.844,-1.021
1.788,-0.408
1.818,-1.467
1.769,-2.678
1.447,-2.706
1.391,-2.823
1.166,-3.005
1.228,-3.075
-0.461,-3.133
-0.569,-3.099
-0.722,-2.903
-0.706,-2.86
-0.928,-2.966
-1.399,-2.971
-1.481,-2.957
2.481,-2.996
1.884,-2.823
1.741,-3.194
0.799,1.309
0.833,1.27
0.638,1.549
0.546,1.494
0.121,1.543
0.224,1.444
-0.486,1.179
-0.33,1.533
-0.541,1.493
-0.65,1.559
-1.329,1.505
-1.965,1.508
-2.846,1.338
-2.759,1.443
-3.112,1.619
3.052,1.605
2.376,1.241
2.34,1.597
2.04,1.629
2.007,1.454
1.95,1.348
1.262,-1.89
0.201,-1.23
0.09,-1.469
-0.222,-2.238
-2.486,0.311
-2.64,-1.13
-2.666,-0.91
2.865,-0.21
2.094,-2.72
-0.962,0.527
-2.286,-0.863
-2.867,-0.048
-2.819,-0.511
3.046,-1.649
2.781,-0.874
2.84,0.014
2.495,-1.257
2.389,0.035
2.175,0.166
2.141,0.308
-1.493,-0.943
-1.621,0.33
-3.012,-1.964
0.357,-2.844
-3.111,-2.669
2.815,-2.554
0.069,1.109
0.057,0.383
-0.058,0.577
-0.163,2.673
-0.166,0.943
-0.164,-0.149
-0.195,2.265
-0.271,3.179
-0.249,2.068
-0.395,3.23
-0.408,1.375
-0.347,3.22
-0.504,2.911
-0.535,2.187
-0.493,0.182
-0.525,1.655
-0.604,1.096
-0.624,1.75
-0.629,1.799
-0.616,1.449
-0.715,0.432
-0.74,2.315
-0.747,3.001
-0.773,2.779
-0.784,-0.004
-0.735,0.758
-0.761,0.905
-0.822,1.04
-0.815,-0.354
-0.907,2.289
-0.849,1.934
-0.873,0.736
-0.96,2.953
-0.988,2.152
-1.054,2.034
-1.019,1.942
-1.069,3.178
-1.132,0.445
-1.14,0.547
-1.254,1.361
-1.197,0.953
-1.233,2.29
-1.294,2.792
-1.26,1.52
-1.35,0.563
-1.318,1.265
-1.378,2.437
-1.335,0.359
-1.392,2.074
-1.478,2.513
-1.558,1.007
-1.545,2.588
-1.636,1.605
-1.661,2.029
-1.612,0.643
-1.687,-0.459
-1.763,-0.345
-1.796,0.965
-1.888,2.117
-1.946,-0.558
-1.941,1.091
-2.118,2.584
-2.134,0.316
-2.226,0.468
-2.266,1.618
-2.498,1.694
-2.499,0.295
-2.52,3.166
-2.602,-0.07
-2.578,3.058
-2.578,1.83
-2.658,3.032
-2.683,2.094
-2.633,3.43
-2.698,2.964
-2.698,-0.154
-2.803,1.027
-2.814,1.039
-2.746,0.573
-2.752,3.085
-2.838,1.164
-2.864,0.676
-2.863,2.37
-2.856,0.589
-2.849,2.719
-2.947,2.416
-3.076,2.235
-3.097,1.888
3.12,1.498
3.137,2.111
3.039,1.418
3.032,1.77
2.889,0.708
2.908,1.817
2.897,-0.091
2.838,1.955
2.846,-0.026
2.732,1.04
2.773,-0.61
2.697,2.001
2.752,1.541
2.749,1.151
2.727,1.338
2.61,3.136
2.507,0.266
2.557,-0.664
2.41,1.257
2.385,-0.255
2.382,0.96
2.332,0.787
2.271,-0.019
2.308,-0.295
2.243,0.41
2.325,-0.243
2.25,-0.2
2.145,-0.266
2.149,2.211
2.081,-0.149
2.046,-0.122
2.017,-0.264
1.949,0.773
1.957,-0.603
1.987,-0.457
1.879,0.771
1.908,2.04
1.827,2.212
1.872,1.917
1.859,2.231
1.778,1.566
1.605,-0.886
1.469,-0.919
1.147,-0.647
0.744,-0.796
0.555,-0.873
0.363,-0.946
0.157,-0.89
-0.86,-0.83
-1.3,-0.94
-1.391,-1.007
-1.543,-0.876
-2.042,-1.002
-2.112,-0.85
-2.226,-1.038
-2.747,-0.883
-2.913,-0.764
-2.989,-0.721
-3.061,-0.878
2.519,-0.732
2.331,-0.85
2.069,-0.91
2.06,-0.661
1.995,-1.124
1.932,-0.663
1.553,3.633
1.082,3.681
0.782,3.645
0.518,3.804
0.3,3.697
0.284,3.588
-0.268,3.751
-1.069,3.552
-1.514,3.63
-1.697,3.84
-2.525,3.539
-3.098,3.508
3.136,3.71
-3.132,3.825
3.023,3.407
3.094,3.709
2.992,3.46
3.064,3.489
2.831,3.731
2.453,3.724
2.425,3.828
2.17,3.701
0.742,0.291
-0.255,-0.112
-0.627,-0.507
-0.435,-1.002
-2.185,3.747
2.837,3.612
1.812,1.801
1.719,2.014
1.519,2.9
1.648,0.819
1.637,-0.008
1.608,-0.126
1.466,3.055
1.45,-0.388
1.236,0.325
1.135,0.276
1.133,0.73
1.138,1.499
0.826,2.086
0.821,0.543
0.909,-0.602
0.833,2.123
0.755,-0.295
0.65,0.012
0.639,1.756
0.512,1.274
0.522,0.452
0.562,1.769
0.544,0.728
0.534,1.619
0.321,3.367
0.44,2.075
0.29,1.634
0.288,0.547
0.362,0.942
0.305,1.696
-0.189,3.318
-0.201,1.017
-0.232,-0.561
-0.427,0.958
-0.495,-0.342
-0.719,-0.559
-0.751,1.612
-0.679,1.375
-0.747,2.832
-0.842,2.398
-1.007,0.914
-1.007,2.391
-1.048,2.294
-1.275,1.144
-1.491,2.322
-1.565,-0.2
-1.628,1.584
-1.648,1.927
-1.855,0.856
-1.742,-0.156
-1.749,-0.606
-1.963,-0.241
-1.866,0.535
-2.066,1.9
-1.955,-0.278
-1.971,1.445
-2.15,1.667
-2.266,0.955
-2.285,-0.56
-2.428,3.181
-2.502,-0.594
-2.373,0.66
-2.417,0.396
-2.576,2.373
-2.658,0.388
-2.742,-0.389
-2.942,2.014
3.022,2.23
2.975,1.143
3.085,2.104
2.897,0.688
2.879,2.052
2.798,2.285
2.756,1.836
2.863,-0.423
2.709,1.442
2.786,0.454
2.761,-0.537
2.696,-0.014
2.519,1.694
2.349,0.409
2.061,0.796
2.029,1.911
2.098,2.297
2.066,1.874
1.917,2.0
1.905,1.139
1.849,1.752
1.879,0.693
1.83,-0.518
1.508,-0.546
1.452,-0.663
1.227,-0.845
1.289,-0.915
-0.4,-0.973
-0.508,-0.939
-0.661,-0.743
-0.645,-0.7
-0.867,-0.806
-1.338,-0.811
-1.42,-0.797
2.542,-0.836
1.945,-0.663
1.802,-1.034
0.86,3.469
0.894,3.43
0.699,3.709
0.607,3.654
0.182,3.703
0.285,3.604
-0.425,3.339
-0.269,3.693
-0.48,3.653
-0.589,3.719
-1.268,3.665
-1.904,3.668
-2.785,3.498
-2.698,3.603
-3.051,3.779
3.113,3.765
2.437,3.401
2.401,3.757
2.101,3.789
2.068,3.614
2.011,3.508
1.323,0.27
0.262,0.93
0.151,0.691
-0.161,-0.078
-2.425,2.471
-2.579,1.03
-2.605,1.25
2.926,1.95
2.155,-0.56
-0.901,2.687
-2.225,1.297
-2.806,2.112
-2.758,1.649
3.107,0.511
2.842,1.286
2.901,2.174
2.556,0.903
2.45,2.195
2.236,2.326
2.202,2.468
-1.432,1.217
-1.56,2.49
-2.951,0.196
0.418,-0.684
-3.05,-0.509
2.876,-0.394
-0.012,-0.726
-0.127,-0.532
-0.232,1.564
-0.235,-0.166
-0.233,-1.258
-0.264,1.156
-0.34,2.07
-0.318,0.959
-0.464,2.121
-0.477,0.266
-0.416,2.111
-0.573,1.802
-0.604,1.078
-0.562,-0.927
-0.594,0.546
-0.673,-0.013
-0.693,0.641
-0.698,0.69
-0.685,0.34
-0.784,-0.677
-0.809,1.206
-0.816,1.892
-0.842,1.67
-0.853,-1.113
-0.804,-0.351
-0.83,-0.204
-0.891,-0.069
-0.884,-1.463
-0.976,1.18
-0.918,0.825
-0.942,-0.373
-1.029,1.844
-1.057,1.043
-1.123,0.925
-1.088,0.833
-1.138,2.069
-1.201,-0.664
-1.209,-0.562
-1.323,0.252
-1.266,-0.156
-1.302,1.181
-1.363,1.683
-1.329,0.411
-1.419,-0.546
-1.387,0.156
-1.447,1.328
-1.404,-0.75
-1.461,0.965
-1.547,1.404
-1.627,-0.102
-1.614,1.479
-1.705,0.496
-1.73,0.92
-1.681,-0.466
-1.756,-1.568
-1.832,-1.454
-1.865,-0.144
-1.957,1.008
-2.015,-1.667
-2.01,-0.018
-2.187,1.475
-2.203,-0.793
-2.295,-0.641
-2.335,0.509
-2.567,0.585
-2.568,-0.814
-2.589,2.057
-2.671,-1.179
-2.647,1.949
-2.647,0.721
-2.727,1.923
-2.752,0.985
-2.702,2.321
-2.767,1.855
-2.767,-1.263
-2.872,-0.082
-2.883,-0.07
-2.815,-0.536
-2.821,1.976
-2.907,0.055
-2.933,-0.433
-2.932,1.261
-2.925,-0.52
-2.918,1.61
-3.016,1.307
3.138,1.126
3.117,0.779
3.051,0.389
3.068,1.002
2.97,0.309
2.963,0.661
2.82,-0.401
2.839,0.708
2.828,-1.2
2.769,0.846
2.777,-1.135
2.663,-0.069
2.704,-1.719
2.628,0.892
2.683,0.432
2.68,0.042
2.658,0.229
2.541,2.027
2.438,-0.843
2.488,-1.773
2.341,0.148
2.316,-1.364
2.313,-0.149
2.263,-0.322
2.202,-1.128
2.239,-1.404
2.174,-0.699
2.256,-1.352
2.181,-1.309
2.076,-1.375
2.08,1.102
2.012,-1.258
1.977,-1.231
1.948,-1.373
1.88,-0.336
1.888,-1.712
1.918,-1.566
1.81,-0.338
1.839,0.931
1.758,1.103
1.803,0.808
1.79,1.122
1.709,0.457
1.536,-1.995
1.4,-2.028
1.078,-1.756
0.675,-1.905
0.486,-1.982
0.294,-2.055
0.088,-1.999
-0.929,-1.939
-1.369,-2.049
-1.46,-2.116
-1.612,-1.985
-2.111,-2.111
-2.181,-1.959
-2.295,-2.147
-2.816,-1.992
-2.982,-1.873
-3.058,-1.83
-3.13,-1.987
2.45,-1.841
2.262,-1.959
2.0,-2.019
1.991,-1.77
1.926,-2.233
1.863,-1.772
1.484,2.524
1.013,2.572
0.713,2.536
0.449,2.695
0.231,2.588
0.215,2.479
-0.337,2.642
-1.138,2.443
-1.583,2.521
-1.766,2.731
-2.594,2.43
3.116,2.399
3.067,2.601
3.082,2.716
2.954,2.298
3.025,2.6
2.923,2.351
2.995,2.38
2.762,2.622
2.384,2.615
2.356,2.719
2.101,2.592
0.673,-0.818
-0.324,-1.221
-0.696,-1.616
-0.504,-2.111
-2.254,2.638
2.768,2.503
1.743,0.692
1.65,0.905
1.45,1.791
1.579,-0.29
1.568,-1.117
1.539,-1.235
1.397,1.946
1.381,-1.497
1.167,-0.784
1.066,-0.833
1.064,-0.379
1.069,0.39
0.757,0.977
0.752,-0.566
0.84,-1.711
0.764,1.014
0.686,-1.404
0.581,-1.097
0.57,0.647
0.443,0.165
0.453,-0.657
0.493,0.66
0.475,-0.381
0.465,0.51
0.252,2.258
0.371,0.966
0.221,0.525
0.219,-0.562
0.293,-0.167
0.236,0.587
-0.258,2.209
-0.27,-0.092
-0.301,-1.67
-0.496,-0.151
-0.564,-1.451
-0.788,-1.668
-0.82,0.503
-0.748,0.266
-0.816,1.723
-0.911,1.289
-1.076,-0.195
-1.076,1.282
-1.117,1.185
-1.344,0.035
-1.56,1.213
-1.634,-1.309
-1.697,0.475
-1.717,0.818
-1.924,-0.253
-1.811,-1.265
-1.818,-1.715
-2.032,-1.35
-1.935,-0.574
-2.135,0.791
-2.024,-1.387
-2.04,0.336
-2.219,0.558
-2.335,-0.154
-2.354,-1.669
-2.497,2.072
-2.571,-1.703
-2.442,-0.449
-2.486,-0.713
-2.645,1.264
-2.727,-0.721
-2.811,-1.498
-3.011,0.905
2.953,1.121
2.906,0.034
3.016,0.995
2.828,-0.421
2.81,0.943
2.729,1.176
2.687,0.727
2.794,-1.532
2.64,0.333
2.717,-0.655
2.692,-1.646
2.627,-1.123
2.45,0.585
2.28,-0.7
1.992,-0.313
1.96,0.802
2.029,1.188
1.997,0.765
1.848,0.891
1.836,0.03
1.78,0.643
1.81,-0.416
1.761,-1.627
1.439,-1.655
1.383,-1.772
1.158,-1.954
1.22,-2.024
-0.469,-2.082
-0.577,-2.048
-0.73,-1.852
-0.714,-1.809
-0.936,-1.915
-1.407,-1.92
-1.489,-1.906
2.473,-1.945
1.876,-1.772
1.733,-2.143
0.791,2.36
0.825,2.321
0.63,2.6
0.538,2.545
0.113,2.594
0.216,2.495
-0.494,2.23
-0.338,2.584
-0.549,2.544
-0.658,2.61
-1.337,2.556
-1.973,2.559
-2.854,2.389
-2.767,2.494
-3.12,2.67
3.044,2.656
2.368,2.292
2.332,2.648
2.032,2.68
1.999,2.505
1.942,2.399
1.254,-0.839
0.193,-0.179
0.082,-0.418
-0.23,-1.187
-2.494,1.362
-2.648,-0.079
-2.674,0.141
2.857,0.841
2.086,-1.669
-0.97,1.578
-2.294,0.188
-2.875,1.003
-2.827,0.54
3.038,-0.598
2.773,0.177
2.832,1.065
2.487,-0.206
2.381,1.086
2.167,1.217
2.133,1.359
-1.501,0.108
-1.629,1.381
-3.02,-0.913
0.349,-1.793
-3.119,-1.618
2.807,-1.503
-0.115,0.194
-0.22,2.29
-0.223,0.56
-0.221,-0.532
-0.252,1.882
-0.328,2.796
-0.306,1.685
-0.452,2.847
-0.465,0.992
-0.404,2.837
-0.561,2.528
-0.592,1.804
-0.55,-0.201
-0.582,1.272
-0.661,0.713
-0.681,1.367
-0.686,1.416
-0.673,1.066
-0.772,0.049
-0.797,1.932
-0.804,2.618
-0.83,2.396
-0.841,-0.387
-0.792,0.375
-0.818,0.522
-0.879,0.657
-0.872,-0.737
-0.964,1.906
-0.906,1.551
-0.93,0.353
-1.017,2.57
-1.045,1.769
-1.111,1.651
-1.076,1.559
-1.126,2.795
-1.189,0.062
-1.197,0.164
-1.311,0.978
-1.254,0.57
-1.29,1.907
-1.351,2.409
-1.317,1.137
-1.407,0.18
-1.375,0.882
-1.435,2.054
-1.392,-0.024
-1.449,1.691
-1.535,2.13
-1.615,0.624
-1.602,2.205
-1.693,1.222
-1.718,1.646
-1.669,0.26
-1.744,-0.842
-1.82,-0.728
-1.853,0.582
-1.945,1.734
-2.003,-0.941
-1.998,0.708
-2.175,2.201
-2.191,-0.067
-2.283,0.085
-2.323,1.235
-2.555,1.311
-2.556,-0.088
-2.577,2.783
-2.659,-0.453
-2.635,2.675
-2.635,1.447
-2.715,2.649
-2.74,1.711
-2.69,3.047
-2.755,2.581
-2.755,-0.537
-2.86,0.644
-2.871,0.656
-2.803,0.19
-2.809,2.702
-2.895,0.781
-2.921,0.293
-2.92,1.987
-2.913,0.206
-2.906,2.336
-3.004,2.033
-3.133,1.852
3.129,1.505
3.063,1.115
3.08,1.728
2.982,1.035
2.975,1.387
2.832,0.325
2.851,1.434
2.84,-0.474
2.781,1.572
2.789,-0.409
2.675,0.657
2.716,-0.993
2.64,1.618
2.695,1.158
2.692,0.768
2.67,0.955
2.553,2.753
2.45,-0.117
2.5,-1.047
2.353,0.874
2.328,-0.638
2.325,0.577
2.275,0.404
2.214,-0.402
2.251,-0.678
2.186,0.027
2.268,-0.626
2.193,-0.583
2.088,-0.649
2.092,1.828
2.024,-0.532
1.989,-0.505
1.96,-0.647
1.892,0.39
1.9,-0.986
1.93,-0.84
1.822,0.388
1.851,1.657
1.77,1.829
1.815,1.534
1.802,1.848
1.721,1.183
1.548,-1.269
1.412,-1.302
1.09,-1.03
0.687,-1.179
0.498,-1.256
0.306,-1.329
0.1,-1.273
-0.917,-1.213
-1.357,-1.323
-1.448,-1.39
-1.6,-1.259
-2.099,-1.385
-2.169,-1.233
-2.283,-1.421
-2.804,-1.266
-2.97,-1.147
-3.046,-1.104
-3.118,-1.261
2.462,-1.115
2.274,-1.233
2.012,-1.293
2.003,-1.044
1.938,-1.507
1.875,-1.046
1.496,3.25
1.025,3.298
0.725,3.262
0.461,3.421
0.243,3.314
0.227,3.205
-0.325,3.368
-1.126,3.169
-1.571,3.247
-1.754,3.457
-2.582,3.156
3.128,3.125
3.079,3.327
3.094,3.442
2.966,3.024
3.037,3.326
2.935,3.077
3.007,3.106
2.774,3.348
2.396,3.341
2.368,3.445
2.113,3.318
0.685,-0.092
-0.312,-0.495
-0.684,-0.89
-0.492,-1.385
-2.242,3.364
2.78,3.229
1.755,1.418
1.662,1.631
1.462,2.517
1.591,0.436
1.58,-0.391
1.551,-0.509
1.409,2.672
1.393,-0.771
1.179,-0.058
1.078,-0.107
1.076,0.347
1.081,1.116
0.769,1.703
0.764,0.16
0.852,-0.985
0.776,1.74
0.698,-0.678
0.593,-0.371
0.582,1.373
0.455,0.891
0.465,0.069
0.505,1.386
0.487,0.345
0.477,1.236
0.264,2.984
0.383,1.692
0.233,1.251
0.231,0.164
0.305,0.559
0.248,1.313
-0.246,2.935
-0.258,0.634
-0.289,-0.944
-0.484,0.575
-0.552,-0.725
-0.776,-0.942
-0.808,1.229
-0.736,0.992
-0.804,2.449
-0.899,2.015
-1.064,0.531
-1.064,2.008
-1.105,1.911
-1.332,0.761
-1.548,1.939
-1.622,-0.583
-1.685,1.201
-1.705,1.544
-1.912,0.473
-1.799,-0.539
-1.806,-0.989
-2.02,-0.624
-1.923,0.152
-2.123,1.517
-2.012,-0.661
-2.028,1.062
-2.207,1.284
-2.323,0.572
-2.342,-0.943
-2.485,2.798
-2.559,-0.977
-2.43,0.277
-2.474,0.013
-2.633,1.99
-2.715,0.005
-2.799,-0.772
-2.999,1.631
2.965,1.847
2.918,0.76
3.028,1.721
2.84,0.305
2.822,1.669
2.741,1.902
2.699,1.453
2.806,-0.806
2.652,1.059
2.729,0.071
2.704,-0.92
2.639,-0.397
2.462,1.311
2.292,0.026
2.004,0.413
1.972,1.528
2.041,1.914
2.009,1.491
1.86,1.617
1.848,0.756
1.792,1.369
1.822,0.31
1.773,-0.901
1.451,-0.929
1.395,-1.046
1.17,-1.228
1.232,-1.298
-0.457,-1.356
-0.565,-1.322
-0.718,-1.126
-0.702,-1.083
-0.924,-1.189
-1.395,-1.194
-1.477,-1.18
2.485,-1.219
1.888,-1.046
1.745,-1.417
0.803,3.086
0.837,3.047
0.642,3.326
0.55,3.271
0.125,3.32
0.228,3.221
-0.482,2.956
-0.326,3.31
-0.537,3.27
-0.646,3.336
-1.325,3.282
-1.961,3.285
-2.842,3.115
-2.755,3.22
-3.108,3.396
3.056,3.382
2.38,3.018
2.344,3.374
2.044,3.406
2.011,3.231
1.954,3.125
1.266,-0.113
0.205,0.547
0.094,0.308
-0.218,-0.461
-2.482,2.088
-2.636,0.647
-2.662,0.867
2.869,1.567
2.098,-0.943
-0.958,2.304
-2.282,0.914
-2.863,1.729
-2.815,1.266
3.05,0.128
2.785,0.903
2.844,1.791
2.499,0.52
2.393,1.812
2.179,1.943
2.145,2.085
-1.489,0.834
-1.617,2.107
-3.008,-0.187
0.361,-1.067
-3.107,-0.892
2.819,-0.777
-0.105,2.096
-0.108,0.366
-0.106,-0.726
-0.137,1.688
-0.213,2.602
-0.191,1.491
-0.337,2.653
-0.35,0.798
-0.289,2.643
-0.446,2.334
-0.477,1.61
-0.435,-0.395
-0.467,1.078
-0.546,0.519
-0.566,1.173
-0.571,1.222
-0.558,0.872
-0.657,-0.145
-0.682,1.738
-0.689,2.424
-0.715,2.202
-0.726,-0.581
-0.677,0.181
-0.703,0.328
-0.764,0.463
-0.757,-0.931
-0.849,1.712
-0.791,1.357
-0.815,0.159
-0.902,2.376
-0.93,1.575
-0.996,1.457
-0.961,1.365
-1.011,2.601
-1.074,-0.132
-1.082,-0.03
-1.196,0.784
-1.139,0.376
-1.175,1.713
-1.236,2.215
-1.202,0.943
-1.292,-0.014
-1.26,0.688
-1.32,1.86
-1.277,-0.218
-1.334,1.497
-1.42,1.936
-1.5,0.43
-1.487,2.011
-1.578,1.028
-1.603,1.452
-1.554,0.066
-1.629,-1.036
-1.705,-0.922
-1.738,0.388
-1.83,1.54
-1.888,-1.135
-1.883,0.514
-2.06,2.007
-2.076,-0.261
-2.168,-0.109
-2.208,1.041
-2.44,1.117
-2.441,-0.282
-2.462,2.589
-2.544,-0.647
-2.52,2.481
-2.52,1.253
-2.6,2.455
-2.625,1.517
-2.575,2.853
-2.64,2.387
-2.64,-0.731
-2.745,0.45
-2.756,0.462
-2.688,-0.004
-2.694,2.508
-2.78,0.587
-2.806,0.099
-2.805,1.793
-2.798,0.012
-2.791,2.142
-2.889,1.839
-3.018,1.658
-3.039,1.311
-3.105,0.921
-3.088,1.534
3.097,0.841
3.09,1.193
2.947,0.131
2.966,1.24
2.955,-0.668
2.896,1.378
2.904,-0.603
2.79,0.463
2.831,-1.187
2.755,1.424
2.81,0.964
2.807,0.574
2.785,0.761
2.668,2.559
2.565,-0.311
2.615,-1.241
2.468,0.68
2.443,-0.832
2.44,0.383
2.39,0.21
2.329,-0.596
2.366,-0.872
2.301,-0.167
2.383,-0.82
2.308,-0.777
2.203,-0.843
2.207,1.634
2.139,-0.726
2.104,-0.699
2.075,-0.841
2.007,0.196
2.015,-1.18
2.045,-1.034
1.937,0.194
1.966,1.463
1.885,1.635
1.93,1.34
1.917,1.654
1.836,0.989
1.663,-1.463
1.527,-1.496
1.205,-1.224
0.802,-1.373
0.613,-1.45
0.421,-1.523
0.215,-1.467
-0.802,-1.407
-1.242,-1.517
-1.333,-1.584
-1.485,-1.453
-1.984,-1.579
-2.054,-1.427
-2.168,-1.615
-2.689,-1.46
-2.855,-1.341
-2.931,-1.298
-3.003,-1.455
2.577,-1.309
2.389,-1.427
2.127,-1.487
2.118,-1.238
2.053,-1.701
1.99,-1.24
1.611,3.056
1.14,3.104
0.84,3.068
0.576,3.227
0.358,3.12
0.342,3.011
-0.21,3.174
-1.011,2.975
-1.456,3.053
-1.639,3.263
-2.467,2.962
-3.04,2.931
-3.089,3.133
-3.074,3.248
3.081,2.83
-3.131,3.132
3.05,2.883
3.122,2.912
2.889,3.154
2.511,3.147
2.483,3.251
2.228,3.124
0.8,-0.286
-0.197,-0.689
-0.569,-1.084
-0.377,-1.579
-2.127,3.17
2.895,3.035
1.87,1.224
1.777,1.437
1.577,2.323
1.706,0.242
1.695,-0.585
1.666,-0.703
1.524,2.478
1.508,-0.965
1.294,-0.252
1.193,-0.301
1.191,0.153
1.196,0.922
0.884,1.509
0.879,-0.034
0.967,-1.179
0.891,1.546
0.813,-0.872
0.708,-0.565
0.697,1.179
0.57,0.697
0.58,-0.125
0.62,1.192
0.602,0.151
0.592,1.042
0.379,2.79
0.498,1.498
0.348,1.057
0.346,-0.03
0.42,0.365
0.363,1.119
-0.131,2.741
-0.143,0.44
-0.174,-1.138
-0.369,0.381
-0.437,-0.919
-0.661,-1.136
-0.693,1.035
-0.621,0.798
-0.689,2.255
-0.784,1.821
-0.949,0.337
-0.949,1.814
-0.99,1.717
-1.217,0.567
-1.433,1.745
-1.507,-0.777
-1.57,1.007
-1.59,1.35
-1.797,0.279
-1.684,-0.733
-1.691,-1.183
-1.905,-0.818
-1.808,-0.042
-2.008,1.323
-1.897,-0.855
-1.913,0.868
-2.092,1.09
-2.208,0.378
-2.227,-1.137
-2.37,2.604
-2.444,-1.171
-2.315,0.083
-2.359,-0.181
-2.518,1.796
-2.6,-0.189
-2.684,-0.966
-2.884,1.437
3.08,1.653
3.033,0.566
-3.14,1.527
2.955,0.111
2.937,1.475
2.856,1.708
2.814,1.259
2.921,-1.0
2.767,0.865
2.844,-0.123
2.819,-1.114
2.754,-0.591
2.577,1.117
2.407,-0.168
2.119,0.219
2.087,1.334
2.156,1.72
2.124,1.297
1.975,1.423
1.963,0.562
1.907,1.175
1.937,0.116
1.888,-1.095
1.566,-1.123
1.51,-1.24
1.285,-1.422
1.347,-1.492
-0.342,-1.55
-0.45,-1.516
-0.603,-1.32
-0.587,-1.277
-0.809,-1.383
-1.28,-1.388
-1.362,-1.374
2.6,-1.413
2.003,-1.24
1.86,-1.611
0.918,2.892
0.952,2.853
0.757,3.132
0.665,3.077
0.24,3.126
0.343,3.027
-0.367,2.762
-0.211,3.116
-0.422,3.076
-0.531,3.142
-1.21,3.088
-1.846,3.091
-2.727,2.921
-2.64,3.026
-2.993,3.202
-3.112,3.188
2.495,2.824
2.459,3.18
2.159,3.212
2.126,3.037
2.069,2.931
1.381,-0.307
0.32,0.353
0.209,0.114
-0.103,-0.655
-2.367,1.894
-2.521,0.453
-2.547,0.673
2.984,1.373
2.213,-1.137
-0.843,2.11
-2.167,0.72
-2.748,1.535
-2.7,1.072
-3.118,-0.066
2.9,0.709
2.959,1.597
2.614,0.326
2.508,1.618
2.294,1.749
2.26,1.891
-1.374,0.64
-1.502,1.913
-2.893,-0.381
0.476,-1.261
-2.992,-1.086
2.934,-0.971
-0.003,-1.73
-0.001,-2.822
-0.032,-0.408
-0.108,0.506
-0.086,-0.605
-0.232,0.557
-0.245,-1.298
-0.184,0.547
-0.341,0.238
-0.372,-0.486
-0.33,-2.491
-0.362,-1.018
-0.441,-1.577
-0.461,-0.923
-0.466,-0.874
-0.453,-1.224
-0.552,-2.241
-0.577,-0.358
-0.584,0.328
-0.61,0.106
-0.621,-2.677
-0.572,-1.915
-0.598,-1.768
-0.659,-1.633
-0.652,-3.027
-0.744,-0.384
-0.686,-0.739
-0.71,-1.937
-0.797,0.28
-0.825,-0.521
-0.891,-0.639
-0.856,-0.731
-0.906,0.505
-0.969,-2.228
-0.977,-2.126
-1.091,-1.312
-1.034,-1.72
-1.07,-0.383
-1.131,0.119
-1.097,-1.153
-1.187,-2.11
-1.155,-1.408
-1.215,-0.236
-1.172,-2.314
-1.229,-0.599
-1.315,-0.16
-1.395,-1.666
-1.382,-0.085
-1.473,-1.068
-1.498,-0.644
-1.449,-2.03
-1.524,-3.132
-1.6,-3.018
-1.633,-1.708
-1.725,-0.556
-1.783,-3.231
-1.778,-1.582
-1.955,-0.089
-1.971,-2.357
-2.063,-2.205
-2.103,-1.055
-2.335,-0.979
-2.336,-2.378
-2.357,0.493
-2.439,-2.743
-2.415,0.385
-2.415,-0.843
-2.495,0.359
-2.52,-0.579
-2.47,0.757
-2.535,0.291
-2.535,-2.827
-2.64,-1.646
-2.651,-1.634
-2.583,-2.1
-2.589,0.412
-2.675,-1.509
-2.701,-1.997
-2.7,-0.303
-2.693,-2.084
-2.686,0.046
-2.784,-0.257
-2.913,-0.438
-2.934,-0.785
-3.0,-1.175
-2.983,-0.562
-3.081,-1.255
-3.088,-0.903
3.052,-1.965
3.071,-0.856
3.06,-2.764
3.001,-0.718
3.009,-2.699
2.895,-1.633
2.936,-3.283
2.86,-0.672
2.915,-1.132
2.912,-1.522
2.89,-1.335
2.773,0.463
2.67,-2.407
2.72,-3.337
2.573,-1.416
2.548,-2.928
2.545,-1.713
2.495,-1.886
2.434,-2.692
2.471,-2.968
2.406,-2.263
2.488,-2.916
2.413,-2.873
2.308,-2.939
2.312,-0.462
2.244,-2.822
2.209,-2.795
2.18,-2.937
2.112,-1.9
2.12,-3.276
2.15,-3.13
2.042,-1.902
2.071,-0.633
1.99,-0.461
2.035,-0.756
2.022,-0.442
1.941,-1.107
1.768,-3.559
1.632,-3.592
1.31,-3.32
0.907,-3.469
0.718,-3.546
0.526,-3.619
0.32,-3.563
-0.697,-3.503
-1.137,-3.613
-1.228,-3.68
-1.38,-3.549
-1.879,-3.675
-1.949,-3.523
-2.063,-3.711
-2.584,-3.556
-2.75,-3.437
-2.826,-3.394
-2.898,-3.551
2.682,-3.405
2.494,-3.523
2.232,-3.583
2.223,-3.334
2.158,-3.797
2.095,-3.336
1.716,0.96
1.245,1.008
0.945,0.972
0.681,1.131
0.463,1.024
0.447,0.915
-0.105,1.078
-0.906,0.879
-1.351,0.957
-1.534,1.167
-2.362,0.866
-2.935,0.835
-2.984,1.037
-2.969,1.152
-3.097,0.734
-3.026,1.036
-3.128,0.787
-3.056,0.816
2.994,1.058
2.616,1.051
2.588,1.155
2.333,1.028
0.905,-2.382
-0.092,-2.785
-0.464,-3.18
-0.272,-3.675
-2.022,1.074
3.0,0.939
1.975,-0.872
1.882,-0.659
1.682,0.227
1.811,-1.854
1.8,-2.681
1.771,-2.799
1.629,0.382
1.613,-3.061
1.399,-2.348
1.298,-2.397
1.296,-1.943
1.301,-1.174
0.989,-0.587
0.984,-2.13
1.072,-3.275
0.996,-0.55
0.918,-2.968
0.813,-2.661
0.802,-0.917
0.675,-1.399
0.685,-2.221
0.725,-0.904
0.707,-1.945
0.697,-1.054
0.484,0.694
0.603,-0.598
0.453,-1.039
0.451,-2.126
0.525,-1.731
0.468,-0.977
-0.026,0.645
-0.038,-1.656
-0.069,-3.234
-0.264,-1.715
-0.332,-3.015
-0.556,-3.232
-0.588,-1.061
-0.516,-1.298
-0.584,0.159
-0.679,-0.275
-0.844,-1.759
-0.844,-0.282
-0.885,-0.379
-1.112,-1.529
-1.328,-0.351
-1.402,-2.873
-1.465,-1.089
-1.485,-0.746
-1.692,-1.817
-1.579,-2.829
-1.586,-3.279
-1.8,-2.914
-1.703,-2.138
-1.903,-0.773
-1.792,-2.951
-1.808,-1.228
-1.987,-1.006
-2.103,-1.718
-2.122,-3.233
-2.265,0.508
-2.339,-3.267
-2.21,-2.013
-2.254,-2.277
-2.413,-0.3
-2.495,-2.285
-2.579,-3.062
-2.779,-0.659
-3.098,-0.443
3.138,-1.53
-3.035,-0.569
3.06,-1.985
3.042,-0.621
2.961,-0.388
2.919,-0.837
3.026,-3.096
2.872,-1.231
2.949,-2.219
2.924,-3.21
2.859,-2.687
2.682,-0.979
2.512,-2.264
2.224,-1.877
2.192,-0.762
2.261,-0.376
2.229,-0.799
2.08,-0.673
2.068,-1.534
2.012,-0.921
2.042,-1.98
1.993,-3.191
1.671,-3.219
1.615,-3.336
1.39,-3.518
1.452,-3.588
-0.237,-3.646
-0.345,-3.612
-0.498,-3.416
-0.482,-3.373
-0.704,-3.479
-1.175,-3.484
-1.257,-3.47
2.705,-3.509
2.108,-3.336
1.965,-3.707
1.023,0.796
1.057,0.757
0.862,1.036
0.77,0.981
0.345,1.03
0.448,0.931
-0.262,0.666
-0.106,1.02
-0.317,0.98
-0.426,1.046
-1.105,0.992
-1.741,0.995
-2.622,0.825
-2.535,0.93
-2.888,1.106
-3.007,1.092
2.6,0.728
2.564,1.084
2.264,1.116
2.231,0.941
2.174,0.835
1.486,-2.403
0.425,-1.743
0.314,-1.982
0.002,-2.751
-2.262,-0.202
-2.416,-1.643
-2.442,-1.423
3.089,-0.723
2.318,-3.233
-0.738,0.014
-2.062,-1.376
-2.643,-0.561
-2.595,-1.024
-3.013,-2.162
3.005,-1.387
3.064,-0.499
2.719,-1.77
2.613,-0.478
2.399,-0.347
2.365,-0.205
-1.269,-1.456
-1.397,-0.183
-2.788,-2.477
0.581,-3.357
-2.887,-3.182
3.039,-3.067
0.002,-1.092
-0.029,1.322
-0.105,2.236
-0.083,1.125
-0.229,2.287
-0.242,0.432
-0.181,2.277
-0.338,1.968
-0.369,1.244
-0.327,-0.761
-0.359,0.712
-0.438,0.153
-0.458,0.807
-0.463,0.856
-0.45,0.506
-0.549,-0.511
-0.574,1.372
-0.581,2.058
-0.607,1.836
-0.618,-0.947
-0.569,-0.185
-0.595,-0.038
-0.656,0.097
-0.649,-1.297
-0.741,1.346
-0.683,0.991
-0.707,-0.207
-0.794,2.01
-0.822,1.209
-0.888,1.091
-0.853,0.999
-0.903,2.235
-0.966,-0.498
-0.974,-0.396
-1.088,0.418
-1.031,0.01
-1.067,1.347
-1.128,1.849
-1.094,0.577
-1.184,-0.38
-1.152,0.322
-1.212,1.494
-1.169,-0.584
-1.226,1.131
-1.312,1.57
-1.392,0.064
-1.379,1.645
-1.47,0.662
-1.495,1.086
-1.446,-0.3
-1.521,-1.402
-1.597,-1.288
-1.63,0.022
-1.722,1.174
-1.78,-1.501
-1.775,0.148
-1.952,1.641
-1.968,-0.627
-2.06,-0.475
-2.1,0.675
-2.332,0.751
-2.333,-0.648
-2.354,2.223
-2.436,-1.013
-2.412,2.115
-2.412,0.887
-2.492,2.089
-2.517,1.151
-2.467,2.487
-2.532,2.021
-2.532,-1.097
-2.637,0.084
-2.648,0.096
-2.58,-0.37
-2.586,2.142
-2.672,0.221
-2.698,-0.267
-2.697,1.427
-2.69,-0.354
-2.683,1.776
-2.781,1.473
-2.91,1.292
-2.931,0.945
-2.997,0.555
-2.98,1.168
-3.078,0.475
-3.085,0.827
3.055,-0.235
3.074,0.874
3.063,-1.034
3.004,1.012
3.012,-0.969
2.898,0.097
2.939,-1.553
2.863,1.058
2.918,0.598
2.915,0.208
2.893,0.395
2.776,2.193
2.673,-0.677
2.723,-1.607
2.576,0.314
2.551,-1.198
2.548,0.017
2.498,-0.156
2.437,-0.962
2.474,-1.238
2.409,-0.533
2.491,-1.186
2.416,-1.143
2.311,-1.209
2.315,1.268
2.247,-1.092
2.212,-1.065
2.183,-1.207
2.115,-0.17
2.123,-1.546
2.153,-1.4
2.045,-0.172
2.074,1.097
1.993,1.269
2.038,0.974
2.025,1.288
1.944,0.623
1.771,-1.829
1.635,-1.862
1.313,-1.59
0.91,-1.739
0.721,-1.816
0.529,-1.889
0.323,-1.833
-0.694,-1.773
-1.134,-1.883
-1.225,-1.95
-1.377,-1.819
-1.876,-1.945
-1.946,-1.793
-2.06,-1.981
-2.581,-1.826
-2.747,-1.707
-2.823,-1.664
-2.895,-1.821
2.685,-1.675
2.497,-1.793
2.235,-1.853
2.226,-1.604
2.161,-2.067
2.098,-1.606
1.719,2.69
1.248,2.738
0.948,2.702
0.684,2.861
0.466,2.754
0.45,2.645
-0.102,2.808
-0.903,2.609
-1.348,2.687
-1.531,2.897
-2.359,2.596
-2.932,2.565
-2.981,2.767
-2.966,2.882
-3.094,2.464
-3.023,2.766
-3.125,2.517
-3.053,2.546
2.997,2.788
2.619,2.781
2.591,2.885
2.336,2.758
0.908,-0.652
-0.089,-1.055
-0.461,-1.45
-0.269,-1.945
-2.019,2.804
3.003,2.669
1.978,0.858
1.885,1.071
1.685,1.957
1.814,-0.124
1.803,-0.951
1.774,-1.069
1.632,2.112
1.616,-1.331
1.402,-0.618
1.301,-0.667
1.299,-0.213
1.304,0.556
0.992,1.143
0.987,-0.4
1.075,-1.545
0.999,1.18
0.921,-1.238
0.816,-0.931
0.805,0.813
0.678,0.331
0.688,-0.491
0.728,0.826
0.71,-0.215
0.7,0.676
0.487,2.424
0.606,1.132
0.456,0.691
0.454,-0.396
0.528,-0.001
0.471,0.753
-0.023,2.375
-0.035,0.074
-0.066,-1.504
-0.261,0.015
-0.329,-1.285
-0.553,-1.502
-0.585,0.669
-0.513,0.432
-0.581,1.889
-0.676,1.455
-0.841,-0.029
-0.841,1.448
-0.882,1.351
-1.109,0.201
-1.325,1.379
-1.399,-1.143
-1.462,0.641
-1.482,0.984
-1.689,-0.087
-1.576,-1.099
-1.583,-1.549
-1.797,-1.184
-1.7,-0.408
-1.9,0.957
-1.789,-1.221
-1.805,0.502
-1.984,0.724
-2.1,0.012
-2.119,-1.503
-2.262,2.238
-2.336,-1.537
-2.207,-0.283
-2.251,-0.547
-2.41,1.43
-2.492,-0.555
-2.576,-1.332
-2.776,1.071
-3.095,1.287
3.141,0.2
-3.032,1.161
3.063,-0.255
3.045,1.109
2.964,1.342
2.922,0.893
3.029,-1.366
2.875,0.499
2.952,-0.489
2.927,-1.48
2.862,-0.957
2.685,0.751
2.515,-0.534
2.227,-0.147
2.195,0.968
2.264,1.354
2.232,0.931
2.083,1.057
2.071,0.196
2.015,0.809
2.045,-0.25
1.996,-1.461
1.674,-1.489
1.618,-1.606
1.393,-1.788
1.455,-1.858
-0.234,-1.916
-0.342,-1.882
-0.495,-1.686
-0.479,-1.643
-0.701,-1.749
-1.172,-1.754
-1.254,-1.74
2.708,-1.779
2.111,-1.606
1.968,-1.977
1.026,2.526
1.06,2.487
0.865,2.766
0.773,2.711
0.348,2.76
0.451,2.661
-0.259,2.396
-0.103,2.75
-0.314,2.71
-0.423,2.776
-1.102,2.722
-1.738,2.725
-2.619,2.555
-2.532,2.66
-2.885,2.836
-3.004,2.822
2.603,2.458
2.567,2.814
2.267,2.846
2.234,2.671
2.177,2.565
1.489,-0.673
0.428,-0.013
0.317,-0.252
0.005,-1.021
-2.259,1.528
-2.413,0.087
-2.439,0.307
3.092,1.007
2.321,-1.503
-0.735,1.744
-2.059,0.354
-2.64,1.169
-2.592,0.706
-3.01,-0.432
3.008,0.343
3.067,1.231
2.722,-0.04
2.616,1.252
2.402,1.383
2.368,1.525
-1.266,0.274
-1.394,1.547
-2.785,-0.747
0.584,-1.627
-2.884,-1.452
3.042,-1.337
-0.031,2.414
-0.107,3.328
-0.085,2.217
-0.231,3.379
-0.244,1.524
-0.183,3.369
-0.34,3.06
-0.371,2.336
-0.329,0.331
-0.361,1.804
-0.44,1.245
-0.46,1.899
-0.465,1.948
-0.452,1.598
-0.551,0.581
-0.576,2.464
-0.583,3.15
-0.609,2.928
-0.62,0.145
-0.571,0.907
-0.597,1.054
-0.658,1.189
-0.651,-0.205
-0.743,2.438
-0.685,2.083
-0.709,0.885
-0.796,3.102
-0.824,2.301
-0.89,2.183
-0.855,2.091
-0.905,3.327
-0.968,0.594
-0.976,0.696
-1.09,1.51
-1.033,1.102
-1.069,2.439
-1.13,2.941
-1.096,1.669
-1.186,0.712
-1.154,1.414
-1.214,2.586
-1.171,0.508
-1.228,2.223
-1.314,2.662
-1.394,1.156
-1.381,2.737
-1.472,1.754
-1.497,2.178
-1.448,0.792
-1.523,-0.31
-1.599,-0.196
-1.632,1.114
-1.724,2.266
-1.782,-0.409
-1.777,1.24
-1.954,2.733
-1.97,0.465
-2.062,0.617
-2.102,1.767
-2.334,1.843
-2.335,0.444
-2.356,3.315
-2.438,0.079
-2.414,3.207
-2.414,1.979
-2.494,3.181
-2.519,2.243
-2.469,3.579
-2.534,3.113
-2.534,-0.005
-2.639,1.176
-2.65,1.188
-2.582,0.722
-2.588,3.234
-2.674,1.313
-2.7,0.825
-2.699,2.519
-2.692,0.738
-2.685,2.868
-2.783,2.565
-2.912,2.384
-2.933,2.037
-2.999,1.647
-2.982,2.26
-3.08,1.567
-3.087,1.919
3.053,0.857
3.072,1.966
3.061,0.058
3.002,2.104
3.01,0.123
2.896,1.189
2.937,-0.461
2.861,2.15
2.916,1.69
2.913,1.3
2.891,1.487
2.774,3.285
2.671,0.415
2.721,-0.515
2.574,1.406
2.549,-0.106
2.546,1.109
2.496,0.936
2.435,0.13
2.472,-0.146
2.407,0.559
2.489,-0.094
2.414,-0.051
2.309,-0.117
2.313,2.36
2.245,0.0
2.21,0.027
2.181,-0.115
2.113,0.922
2.121,-0.454
2.151,-0.308
2.043,0.92
2.072,2.189
1.991,2.361
2.036,2.066
2.023,2.38
1.942,1.715
1.769,-0.737
1.633,-0.77
1.311,-0.498
0.908,-0.647
0.719,-0.724
0.527,-0.797
0.321,-0.741
-0.696,-0.681
-1.136,-0.791
-1.227,-0.858
-1.379,-0.727
-1.878,-0.853
-1.948,-0.701
-2.062,-0.889
-2.583,-0.734
-2.749,-0.615
-2.825,-0.572
-2.897,-0.729
2.683,-0.583
2.495,-0.701
2.233,-0.761
2.224,-0.512
2.159,-0.975
2.096,-0.514
1.717,3.782
1.246,3.83
0.946,3.794
0.682,3.953
0.464,3.846
0.448,3.737
-0.104,3.9
-0.905,3.701
-1.35,3.779
-1.533,3.989
-2.361,3.688
-2.934,3.657
-2.983,3.859
-2.968,3.974
-3.096,3.556
-3.025,3.858
-3.127,3.609
-3.055,3.638
2.995,3.88
2.617,3.873
2.589,3.977
2.334,3.85
0.906,0.44
-0.091,0.037
-0.463,-0.358
-0.271,-0.853
-2.021,3.896
3.001,3.761
1.976,1.95
1.883,2.163
1.683,3.049
1.812,0.968
1.801,0.141
1.772,0.023
1.63,3.204
1.614,-0.239
1.4,0.474
1.299,0.425
1.297,0.879
1.302,1.648
0.99,2.235
0.985,0.692
1.073,-0.453
0.997,2.272
0.919,-0.146
0.814,0.161
0.803,1.905
0.676,1.423
0.686,0.601
0.726,1.918
0.708,0.877
0.698,1.768
0.485,3.516
0.604,2.224
0.454,1.783
0.452,0.696
0.526,1.091
0.469,1.845
-0.025,3.467
-0.037,1.166
-0.068,-0.412
-0.263,1.107
-0.331,-0.193
-0.555,-0.41
-0.587,1.761
-0.515,1.524
-0.583,2.981
-0.678,2.547
-0.843,1.063
-0.843,2.54
-0.884,2.443
-1.111,1.293
-1.327,2.471
-1.401,-0.051
-1.464,1.733
-1.484,2.076
-1.691,1.005
-1.578,-0.007
-1.585,-0.457
-1.799,-0.092
-1.702,0.684
-1.902,2.049
-1.791,-0.129
-1.807,1.594
-1.986,1.816
-2.102,1.104
-2.121,-0.411
-2.264,3.33
-2.338,-0.445
-2.209,0.809
-2.253,0.545
-2.412,2.522
-2.494,0.537
-2.578,-0.24
-2.778,2.163
-3.097,2.379
3.139,1.292
-3.034,2.253
3.061,0.837
3.043,2.201
2.962,2.434
2.92,1.985
3.027,-0.274
2.873,1.591
2.95,0.603
2.925,-0.388
2.86,0.135
2.683,1.843
2.513,0.558
2.225,0.945
2.193,2.06
2.262,2.446
2.23,2.023
2.081,2.149
2.069,1.288
2.013,1.901
2.043,0.842
1.994,-0.369
1.672,-0.397
1.616,-0.514
1.391,-0.696
1.453,-0.766
-0.236,-0.824
-0.344,-0.79
-0.497,-0.594
-0.481,-0.551
-0.703,-0.657
-1.174,-0.662
-1.256,-0.648
2.706,-0.687
2.109,-0.514
1.966,-0.885
1.024,3.618
1.058,3.579
0.863,3.858
0.771,3.803
0.346,3.852
0.449,3.753
-0.261,3.488
-0.105,3.842
-0.316,3.802
-0.425,3.868
-1.104,3.814
-1.74,3.817
-2.621,3.647
-2.534,3.752
-2.887,3.928
-3.006,3.914
2.601,3.55
2.565,3.906
2.265,3.938
2.232,3.763
2.175,3.657
1.487,0.419
0.426,1.079
0.315,0.84
0.003,0.071
-2.261,2.62
-2.415,1.179
-2.441,1.399
3.09,2.099
2.319,-0.411
-0.737,2.836
-2.061,1.446
-2.642,2.261
-2.594,1.798
-3.012,0.66
3.006,1.435
3.065,2.323
2.72,1.052
2.614,2.344
2.4,2.475
2.366,2.617
-1.268,1.366
-1.396,2.639
-2.787,0.345
0.582,-0.535
-2.886,-0.36
3.04,-0.245
-0.076,0.914
-0.054,-0.197
-0.2,0.965
-0.213,-0.89
-0.152,0.955
-0.309,0.646
-0.34,-0.078
-0.298,-2.083
-0.33,-0.61
-0.409,-1.169
-0.429,-0.515
-0.434,-0.466
-0.421,-0.816
-0.52,-1.833
-0.545,0.05
-0.552,0.736
-0.578,0.514
-0.589,-2.269
-0.54,-1.507
-0.566,-1.36
-0.627,-1.225
-0.62,-2.619
-0.712,0.024
-0.654,-0.331
-0.678,-1.529
-0.765,0.688
-0.793,-0.113
-0.859,-0.231
-0.824,-0.323
-0.874,0.913
-0.937,-1.82
-0.945,-1.718
-1.059,-0.904
-1.002,-1.312
-1.038,0.025
-1.099,0.527
-1.065,-0.745
-1.155,-1.702
-1.123,-1.0
-1.183,0.172
-1.14,-1.906
-1.197,-0.191
-1.283,0.248
-1.363,-1.258
-1.35,0.323
-1.441,-0.66
-1.466,-0.236
-1.417,-1.622
-1.492,-2.724
-1.568,-2.61
-1.601,-1.3
-1.693,-0.148
-1.751,-2.823
-1.746,-1.174
-1.923,0.319
-1.939,-1.949
-2.031,-1.797
-2.071,-0.647
-2.303,-0.571
-2.304,-1.97
-2.325,0.901
-2.407,-2.335
-2.383,0.793
-2.383,-0.435
-2.463,0.767
-2.488,-0.171
-2.438,1.165
-2.503,0.699
-2.503,-2.419
-2.608,-1.238
-2.619,-1.226
-2.551,-1.692
-2.557,0.82
-2.643,-1.101
-2.669,-1.589
-2.668,0.105
-2.661,-1.676
-2.654,0.454
-2.752,0.151
-2.881,-0.03
-2.902,-0.377
-2.968,-0.767
-2.951,-0.154
-3.049,-0.847
-3.056,-0.495
3.084,-1.557
3.103,-0.448
3.092,-2.356
3.033,-0.31
3.041,-2.291
2.927,-1.225
2.968,-2.875
2.892,-0.264
2.947,-0.724
2.944,-1.114
2.922,-0.927
2.805,0.871
2.702,-1.999
2.752,-2.929
2.605,-1.008
2.58,-2.52
2.577,-1.305
2.527,-1.478
2.466,-2.284
2.503,-2.56
2.438,-1.855
2.52,-2.508
2.445,-2.465
2.34,-2.531
2.344,-0.054
2.276,-2.414
2.241,-2.387
2.212,-2.529
2.144,-1.492
2.152,-2.868
2.182,-2.722
2.074,-1.494
2.103,-0.225
2.022,-0.053
2.067,-0.348
2.054,-0.034
1.973,-0.699
1.8,-3.151
1.664,-3.184
1.342,-2.912
0.939,-3.061
0.75,-3.138
0.558,-3.211
0.352,-3.155
-0.665,-3.095
-1.105,-3.205
-1.196,-3.272
-1.348,-3.141
-1.847,-3.267
-1.917,-3.115
-2.031,-3.303
-2.552,-3.148
-2.718,-3.029
-2.794,-2.986
-2.866,-3.143
2.714,-2.997
2.526,-3.115
2.264,-3.175
2.255,-2.926
2.19,-3.389
2.127,-2.928
1.748,1.368
1.277,1.416
0.977,1.38
0.713,1.539
0.495,1.432
0.479,1.323
-0.073,1.486
-0.874,1.287
-1.319,1.365
-1.502,1.575
-2.33,1.274
-2.903,1.243
-2.952,1.445
-2.937,1.56
-3.065,1.142
-2.994,1.444
-3.096,1.195
-3.024,1.224
3.026,1.466
2.648,1.459
2.62,1.563
2.365,1.436
0.937,-1.974
-0.06,-2.377
-0.432,-2.772
-0.24,-3.267
-1.99,1.482
3.032,1.347
2.007,-0.464
1.914,-0.251
1.714,0.635
1.843,-1.446
1.832,-2.273
1.803,-2.391
1.661,0.79
1.645,-2.653
1.431,-1.94
1.33,-1.989
1.328,-1.535
1.333,-0.766
1.021,-0.179
1.016,-1.722
1.104,-2.867
1.028,-0.142
0.95,-2.56
0.845,-2.253
0.834,-0.509
0.707,-0.991
0.717,-1.813
0.757,-0.496
0.739,-1.537
0.729,-0.646
0.516,1.102
0.635,-0.19
0.485,-0.631
0.483,-1.718
0.557,-1.323
0.5,-0.569
0.006,1.053
-0.006,-1.248
-0.037,-2.826
-0.232,-1.307
-0.3,-2.607
-0.524,-2.824
-0.556,-0.653
-0.484,-0.89
-0.552,0.567
-0.647,0.133
-0.812,-1.351
-0.812,0.126
-0.853,0.029
-1.08,-1.121
-1.296,0.057
-1.37,-2.465
-1.433,-0.681
-1.453,-0.338
-1.66,-1.409
-1.547,-2.421
-1.554,-2.871
-1.768,-2.506
-1.671,-1.73
-1.871,-0.365
-1.76,-2.543
-1.776,-0.82
-1.955,-0.598
-2.071,-1.31
-2.09,-2.825
-2.233,0.916
-2.307,-2.859
-2.178,-1.605
-2.222,-1.869
-2.381,0.108
-2.463,-1.877
-2.547,-2.654
-2.747,-0.251
-3.066,-0.035
-3.113,-1.122
-3.003,-0.161
3.092,-1.577
3.074,-0.213
2.993,0.02
2.951,-0.429
3.058,-2.688
2.904,-0.823
2.981,-1.811
2.956,-2.802
2.891,-2.279
2.714,-0.571
2.544,-1.856
2.256,-1.469
2.224,-0.354
2.293,0.032
2.261,-0.391
2.112,-0.265
2.1,-1.126
2.044,-0.513
2.074,-1.572
2.025,-2.783
1.703,-2.811
1.647,-2.928
1.422,-3.11
1.484,-3.18
-0.205,-3.238
-0.313,-3.204
-0.466,-3.008
-0.45,-2.965
-0.672,-3.071
-1.143,-3.076
-1.225,-3.062
2.737,-3.101
2.14,-2.928
1.997,-3.299
1.055,1.204
1.089,1.165
0.894,1.444
0.802,1.389
0.377,1.438
0.48,1.339
-0.23,1.074
-0.074,1.428
-0.285,1.388
-0.394,1.454
-1.073,1.4
-1.709,1.403
-2.59,1.233
-2.503,1.338
-2.856,1.514
-2.975,1.5
2.632,1.136
2.596,1.492
2.296,1.524
2.263,1.349
2.206,1.243
1.518,-1.995
0.457,-1.335
0.346,-1.574
0.034,-2.343
-2.23,0.206
-2.384,-1.235
-2.41,-1.015
3.121,-0.315
2.35,-2.825
-0.706,0.422
-2.03,-0.968
-2.611,-0.153
-2.563,-0.616
-2.981,-1.754
3.037,-0.979
3.096,-0.091
2.751,-1.362
2.645,-0.07
2.431,0.061
2.397,0.203
-1.237,-1.048
-1.365,0.225
-2.756,-2.069
0.613,-2.949
-2.855,-2.774
3.071,-2.659
0.022,-1.111
-0.124,0.051
-0.137,-1.804
-0.076,0.041
-0.233,-0.268
-0.264,-0.992
-0.222,-2.997
-0.254,-1.524
-0.333,-2.083
-0.353,-1.429
-0.358,-1.38
-0.345,-1.73
-0.444,-2.747
-0.469,-0.864
-0.476,-0.178
-0.502,-0.4
-0.513,-3.183
-0.464,-2.421
-0.49,-2.274
-0.551,-2.139
-0.544,-3.533
-0.636,-0.89
-0.578,-1.245
-0.602,-2.443
-0.689,-0.226
-0.717,-1.027
-0.783,-1.145
-0.748,-1.237
-0.798,-0.001
-0.861,-2.734
-0.869,-2.632
-0.983,-1.818
-0.926,-2.226
-0.962,-0.889
-1.023,-0.387
-0.989,-1.659
-1.079,-2.616
-1.047,-1.914
-1.107,-0.742
-1.064,-2.82
-1.121,-1.105
-1.207,-0.666
-1.287,-2.172
-1.274,-0.591
-1.365,-1.574
-1.39,-1.15
-1.341,-2.536
-1.416,-3.638
-1.492,-3.524
-1.525,-2.214
-1.617,-1.062
-1.675,-3.737
-1.67,-2.088
-1.847,-0.595
-1.863,-2.863
-1.955,-2.711
-1.995,-1.561
-2.227,-1.485
-2.228,-2.884
-2.249,-0.013
-2.331,-3.249
-2.307,-0.121
-2.307,-1.349
-2.387,-0.147
-2.412,-1.085
-2.362,0.251
-2.427,-0.215
-2.427,-3.333
-2.532,-2.152
-2.543,-2.14
-2.475,-2.606
-2.481,-0.094
-2.567,-2.015
-2.593,-2.503
-2.592,-0.809
-2.585,-2.59
-2.578,-0.46
-2.676,-0.763
-2.805,-0.944
-2.826,-1.291
-2.892,-1.681
-2.875,-1.068
-2.973,-1.761
-2.98,-1.409
-3.123,-2.471
-3.104,-1.362
-3.115,-3.27
3.109,-1.224
3.117,-3.205
3.003,-2.139
3.044,-3.789
2.968,-1.178
3.023,-1.638
3.02,-2.028
2.998,-1.841
2.881,-0.043
2.778,-2.913
2.828,-3.843
2.681,-1.922
2.656,-3.434
2.653,-2.219
2.603,-2.392
2.542,-3.198
2.579,-3.474
2.514,-2.769
2.596,-3.422
2.521,-3.379
2.416,-3.445
2.42,-0.968
2.352,-3.328
2.317,-3.301
2.288,-3.443
2.22,-2.406
2.228,-3.782
2.258,-3.636
2.15,-2.408
2.179,-1.139
2.098,-0.967
2.143,-1.262
2.13,-0.948
2.049,-1.613
1.876,-4.065
1.74,-4.098
1.418,-3.826
1.015,-3.975
0.826,-4.052
0.634,-4.125
0.428,-4.069
-0.589,-4.009
-1.029,-4.119
-1.12,-4.186
-1.272,-4.055
-1.771,-4.181
-1.841,-4.029
-1.955,-4.217
-2.476,-4.062
-2.642,-3.943
-2.718,-3.9
-2.79,-4.057
2.79,-3.911
2.602,-4.029
2.34,-4.089
2.331,-3.84
2.266,-4.303
2.203,-3.842
1.824,0.454
1.353,0.502
1.053,0.466
0.789,0.625
0.571,0.518
0.555,0.409
0.003,0.572
-0.798,0.373
-1.243,0.451
-1.426,0.661
-2.254,0.36
-2.827,0.329
-2.876,0.531
-2.861,0.646
-2.989,0.228
-2.918,0.53
-3.02,0.281
-2.948,0.31
3.102,0.552
2.724,0.545
2.696,0.649
2.441,0.522
1.013,-2.888
0.016,-3.291
-0.356,-3.686
-0.164,-4.181
-1.914,0.568
3.108,0.433
2.083,-1.378
1.99,-1.165
1.79,-0.279
1.919,-2.36
1.908,-3.187
1.879,-3.305
1.737,-0.124
1.721,-3.567
1.507,-2.854
1.406,-2.903
1.404,-2.449
1.409,-1.68
1.097,-1.093
1.092,-2.636
1.18,-3.781
1.104,-1.056
1.026,-3.474
0.921,-3.167
0.91,-1.423
0.783,-1.905
0.793,-2.727
0.833,-1.41
0.815,-2.451
0.805,-1.56
0.592,0.188
0.711,-1.104
0.561,-1.545
0.559,-2.632
0.633,-2.237
0.576,-1.483
0.082,0.139
0.07,-2.162
0.039,-3.74
-0.156,-2.221
-0.224,-3.521
-0.448,-3.738
-0.48,-1.567
-0.408,-1.804
-0.476,-0.347
-0.571,-0.781
-0.736,-2.265
-0.736,-0.788
-0.777,-0.885
-1.004,-2.035
-1.22,-0.857
-1.294,-3.379
-1.357,-1.595
-1.377,-1.252
-1.584,-2.323
-1.471,-3.335
-1.478,-3.785
-1.692,-3.42
-1.595,-2.644
-1.795,-1.279
-1.684,-3.457
-1.7,-1.734
-1.879,-1.512
-1.995,-2.224
-2.014,-3.739
-2.157,0.002
-2.231,-3.773
-2.102,-2.519
-2.146,-2.783
-2.305,-0.806
-2.387,-2.791
-2.471,-3.568
-2.671,-1.165
-2.99,-0.949
-3.037,-2.036
-2.927,-1.075
-3.115,-2.491
-3.133,-1.127
3.069,-0.894
3.027,-1.343
3.134,-3.602
2.98,-1.737
3.057,-2.725
3.032,-3.716
2.967,-3.193
2.79,-1.485
2.62,-2.77
2.332,-2.383
2.3,-1.268
2.369,-0.882
2.337,-1.305
2.188,-1.179
2.176,-2.04
2.12,-1.427
2.15,-2.486
2.101,-3.697
1.779,-3.725
1.723,-3.842
1.498,-4.024
1.56,-4.094
-0.129,-4.152
-0.237,-4.118
-0.39,-3.922
-0.374,-3.879
-0.596,-3.985
-1.067,-3.99
-1.149,-3.976
2.813,-4.015
2.216,-3.842
2.073,-4.213
1.131,0.29
1.165,0.251
0.97,0.53
0.878,0.475
0.453,0.524
0.556,0.425
-0.154,0.16
0.002,0.514
-0.209,0.474
-0.318,0.54
-0.997,0.486
-1.633,0.489
-2.514,0.319
-2.427,0.424
-2.78,0.6
-2.899,0.586
2.708,0.222
2.672,0.578
2.372,0.61
2.339,0.435
2.282,0.329
1.594,-2.909
0.533,-2.249
0.422,-2.488
0.11,-3.257
-2.154,-0.708
-2.308,-2.149
-2.334,-1.929
-3.086,-1.229
2.426,-3.739
-0.63,-0.492
-1.954,-1.882
-2.535,-1.067
-2.487,-1.53
-2.905,-2.668
3.113,-1.893
-3.111,-1.005
2.827,-2.276
2.721,-0.984
2.507,-0.853
2.473,-0.711
-1.161,-1.962
-1.289,-0.689
-2.68,-2.983
0.689,-3.863
-2.779,-3.688
-3.136,-3.573
-0.146,1.162
-0.159,-0.693
-0.098,1.152
-0.255,0.843
-0.286,0.119
-0.244,-1.886
-0.276,-0.413
-0.355,-0.972
-0.375,-0.318
-0.38,-0.269
-0.367,-0.619
-0.466,-1.636
-0.491,0.247
-0.498,0.933
-0.524,0.711
-0.535,-2.072
-0.486,-1.31
-0.512,-1.163
-0.573,-1.028
-0.566,-2.422
-0.658,0.221
-0.6,-0.134
-0.624,-1.332
-0.711,0.885
-0.739,0.084
-0.805,-0.034
-0.77,-0.126
-0.82,1.11
-0.883,-1.623
-0.891,-1.521
-1.005,-0.707
-0.948,-1.115
-0.984,0.222
-1.045,0.724
-1.011,-0.548
-1.101,-1.505
-1.069,-0.803
-1.129,0.369
-1.086,-1.709
-1.143,0.006
-1.229,0.445
-1.309,-1.061
-1.296,0.52
-1.387,-0.463
-1.412,-0.039
-1.363,-1.425
-1.438,-2.527
-1.514,-2.413
-1.547,-1.103
-1.639,0.049
-1.697,-2.626
-1.692,-0.977
-1.869,0.516
-1.885,-1.752
-1.977,-1.6
-2.017,-0.45
-2.249,-0.374
-2.25,-1.773
-2.271,1.098
-2.353,-2.138
-2.329,0.99
-2.329,-0.238
-2.409,0.964
-2.434,0.026
-2.384,1.362
-2.449,0.896
-2.449,-2.222
-2.554,-1.041
-2.565,-1.029
-2.497,-1.495
-2.503,1.017
-2.589,-0.904
-2.615,-1.392
-2.614,0.302
-2.607,-1.479
-2.6,0.651
-2.698,0.348
-2.827,0.167
-2.848,-0.18
-2.914,-0.57
-2.897,0.043
-2.995,-0.65
-3.002,-0.298
3.138,-1.36
-3.126,-0.251
-3.137,-2.159
3.087,-0.113
3.095,-2.094
2.981,-1.028
3.022,-2.678
2.946,-0.067
3.001,-0.527
2.998,-0.917
2.976,-0.73
2.859,1.068
2.756,-1.802
2.806,-2.732
2.659,-0.811
2.634,-2.323
2.631,-1.108
2.581,-1.281
2.52,-2.087
2.557,-2.363
2.492,-1.658
2.574,-2.311
2.499,-2.268
2.394,-2.334
2.398,0.143
2.33,-2.217
2.295,-2.19
2.266,-2.332
2.198,-1.295
2.206,-2.671
2.236,-2.525
2.128,-1.297
2.157,-0.028
2.076,0.144
2.121,-0.151
2.108,0.163
2.027,-0.502
1.854,-2.954
1.718,-2.987
1.396,-2.715
0.993,-2.864
0.804,-2.941
0.612,-3.014
0.406,-2.958
-0.611,-2.898
-1.051,-3.008
-1.142,-3.075
-1.294,-2.944
-1.793,-3.07
-1.863,-2.918
-1.977,-3.106
-2.498,-2.951
-2.664,-2.832
-2.74,-2.789
-2.812,-2.946
2.768,-2.8
2.58,-2.918
2.318,-2.978
2.309,-2.729
2.244,-3.192
2.181,-2.731
1.802,1.565
1.331,1.613
1.031,1.577
0.767,1.736
0.549,1.629
0.533,1.52
-0.019,1.683
-0.82,1.484
-1.265,1.562
-1.448,1.772
-2.276,1.471
-2.849,1.44
-2.898,1.642
-2.883,1.757
-3.011,1.339
-2.94,1.641
-3.042,1.392
-2.97,1.421
3.08,1.663
2.702,1.656
2.674,1.76
2.419,1.633
0.991,-1.777
-0.006,-2.18
-0.378,-2.575
-0.186,-3.07
-1.936,1.679
3.086,1.544
2.061,-0.267
1.968,-0.054
1.768,0.832
1.897,-1.249
1.886,-2.076
1.857,-2.194
1.715,0.987
1.699,-2.456
1.485,-1.743
1.384,-1.792
1.382,-1.338
1.387,-0.569
1.075,0.018
1.07,-1.525
1.158,-2.67
1.082,0.055
1.004,-2.363
0.899,-2.056
0.888,-0.312
0.761,-0.794
0.771,-1.616
0.811,-0.299
0.793,-1.34
0.783,-0.449
0.57,1.299
0.689,0.007
0.539,-0.434
0.537,-1.521
0.611,-1.126
0.554,-0.372
0.06,1.25
0.048,-1.051
0.017,-2.629
-0.178,-1.11
-0.246,-2.41
-0.47,-2.627
-0.502,-0.456
-0.43,-0.693
-0.498,0.764
-0.593,0.33
-0.758,-1.154
-0.758,0.323
-0.799,0.226
-1.026,-0.924
-1.242,0.254
-1.316,-2.268
-1.379,-0.484
-1.399,-0.141
-1.606,-1.212
-1.493,-2.224
-1.5,-2.674
-1.714,-2.309
-1.617,-1.533
-1.817,-0.168
-1.706,-2.346
-1.722,-0.623
-1.901,-0.401
-2.017,-1.113
-2.036,-2.628
-2.179,1.113
-2.253,-2.662
-2.124,-1.408
-2.168,-1.672
-2.327,0.305
-2.409,-1.68
-2.493,-2.457
-2.693,-0.054
-3.012,0.162
-3.059,-0.925
-2.949,0.036
-3.137,-1.38
3.128,-0.016
3.047,0.217
3.005,-0.232
3.112,-2.491
2.958,-0.626
3.035,-1.614
3.01,-2.605
2.945,-2.082
2.768,-0.374
2.598,-1.659
2.31,-1.272
2.278,-0.157
2.347,0.229
2.315,-0.194
2.166,-0.068
2.154,-0.929
2.098,-0.316
2.128,-1.375
2.079,-2.586
1.757,-2.614
1.701,-2.731
1.476,-2.913
1.538,-2.983
-0.151,-3.041
-0.259,-3.007
-0.412,-2.811
-0.396,-2.768
-0.618,-2.874
-1.089,-2.879
-1.171,-2.865
2.791,-2.904
2.194,-2.731
2.051,-3.102
1.109,1.401
1.143,1.362
0.948,1.641
0.856,1.586
0.431,1.635
0.534,1.536
-0.176,1.271
-0.02,1.625
-0.231,1.585
-0.34,1.651
-1.019,1.597
-1.655,1.6
-2.536,1.43
-2.449,1.535
-2.802,1.711
-2.921,1.697
2.686,1.333
2.65,1.689
2.35,1.721
2.317,1.546
2.26,1.44
1.572,-1.798
0.511,-1.138
0.4,-1.377
0.088,-2.146
-2.176,0.403
-2.33,-1.038
-2.356,-0.818
-3.108,-0.118
2.404,-2.628
-0.652,0.619
-1.976,-0.771
-2.557,0.044
-2.509,-0.419
-2.927,-1.557
3.091,-0.782
-3.133,0.106
2.805,-1.165
2.699,0.127
2.485,0.258
2.451,0.4
-1.183,-0.851
-1.311,0.422
-2.702,-1.872
0.667,-2.752
-2.801,-2.577
3.125,-2.462
-0.013,-1.855
0.048,-0.01
-0.109,-0.319
-0.14,-1.043
-0.098,-3.048
-0.13,-1.575
-0.209,-2.134
-0.229,-1.48
-0.234,-1.431
-0.221,-1.781
-0.32,-2.798
-0.345,-0.915
-0.352,-0.229
-0.378,-0.451
-0.389,-3.234
-0.34,-2.472
-0.366,-2.325
-0.427,-2.19
-0.42,-3.584
-0.512,-0.941
-0.454,-1.296
-0.478,-2.494
-0.565,-0.277
-0.593,-1.078
-0.659,-1.196
-0.624,-1.288
-0.674,-0.052
-0.737,-2.785
-0.745,-2.683
-0.859,-1.869
-0.802,-2.277
-0.838,-0.94
-0.899,-0.438
-0.865,-1.71
-0.955,-2.667
-0.923,-1.965
-0.983,-0.793
-0.94,-2.871
-0.997,-1.156
-1.083,-0.717
-1.163,-2.223
-1.15,-0.642
-1.241,-1.625
-1.266,-1.201
-1.217,-2.587
-1.292,-3.689
-1.368,-3.575
-1.401,-2.265
-1.493,-1.113
-1.551,-3.788
-1.546,-2.139
-1.723,-0.646
-1.739,-2.914
-1.831,-2.762
-1.871,-1.612
-2.103,-1.536
-2.104,-2.935
-2.125,-0.064
-2.207,-3.3
-2.183,-0.172
-2.183,-1.4
-2.263,-0.198
-2.288,-1.136
-2.238,0.2
-2.303,-0.266
-2.303,-3.384
-2.408,-2.203
-2.419,-2.191
-2.351,-2.657
-2.357,-0.145
-2.443,-2.066
-2.469,-2.554
-2.468,-0.86
-2.461,-2.641
-2.454,-0.511
-2.552,-0.814
-2.681,-0.995
-2.702,-1.342
-2.768,-1.732
-2.751,-1.119
-2.849,-1.812
-2.856,-1.46
-2.999,-2.522
-2.98,-1.413
-2.991,-3.321
-3.05,-1.275
-3.042,-3.256
3.127,-2.19
-3.115,-3.84
3.092,-1.229
-3.136,-1.689
-3.139,-2.079
3.122,-1.892
3.005,-0.094
2.902,-2.964
2.952,-3.894
2.805,-1.973
2.78,-3.485
2.777,-2.27
2.727,-2.443
2.666,-3.249
2.703,-3.525
2.638,-2.82
2.72,-3.473
2.645,-3.43
2.54,-3.496
2.544,-1.019
2.476,-3.379
2.441,-3.352
2.412,-3.494
2.344,-2.457
2.352,-3.833
2.382,-3.687
2.274,-2.459
2.303,-1.19
2.222,-1.018
2.267,-1.313
2.254,-0.999
2.173,-1.664
2.0,-4.116
1.864,-4.149
1.542,-3.877
1.139,-4.026
0.95,-4.103
0.758,-4.176
0.552,-4.12
-0.465,-4.06
-0.905,-4.17
-0.996,-4.237
-1.148,-4.106
-1.647,-4.232
-1.717,-4.08
-1.831,-4.268
-2.352,-4.113
-2.518,-3.994
-2.594,-3.951
-2.666,-4.108
2.914,-3.962
2.726,-4.08
2.464,-4.14
2.455,-3.891
2.39,-4.354
2.327,-3.893
1.948,0.403
1.477,0.451
1.177,0.415
0.913,0.574
0.695,0.467
0.679,0.358
0.127,0.521
-0.674,0.322
-1.119,0.4
-1.302,0.61
-2.13,0.309
-2.703,0.278
-2.752,0.48
-2.737,0.595
-2.865,0.177
-2.794,0.479
-2.896,0.23
-2.824,0.259
-3.057,0.501
2.848,0.494
2.82,0.598
2.565,0.471
1.137,-2.939
0.14,-3.342
-0.232,-3.737
-0.04,-4.232
-1.79,0.517
-3.051,0.382
2.207,-1.429
2.114,-1.216
1.914,-0.33
2.043,-2.411
2.032,-3.238
2.003,-3.356
1.861,-0.175
1.845,-3.618
1.631,-2.905
1.53,-2.954
1.528,-2.5
1.533,-1.731
1.221,-1.144
1.216,-2.687
1.304,-3.832
1.228,-1.107
1.15,-3.525
1.045,-3.218
1.034,-1.474
0.907,-1.956
0.917,-2.778
0.957,-1.461
0.939,-2.502
0.929,-1.611
0.716,0.137
0.835,-1.155
0.685,-1.596
0.683,-2.683
0.757,-2.288
0.7,-1.534
0.206,0.088
0.194,-2.213
0.163,-3.791
-0.032,-2.272
-0.1,-3.572
-0.324,-3.789
-0.356,-1.618
-0.284,-1.855
-0.352,-0.398
-0.447,-0.832
-0.612,-2.316
-0.612,-0.839
-0.653,-0.936
-0.88,-2.086
-1.096,-0.908
-1.17,-3.43
-1.233,-1.646
-1.253,-1.303
-1.46,-2.374
-1.347,-3.386
-1.354,-3.836
-1.568,-3.471
-1.471,-2.695
-1.671,-1.33
-1.56,-3.508
-1.576,-1.785
-1.755,-1.563
-1.871,-2.275
-1.89,-3.79
-2.033,-0.049
-2.107,-3.824
-1.978,-2.57
-2.022,-2.834
-2.181,-0.857
-2.263,-2.842
-2.347,-3.619
-2.547,-1.216
-2.866,-1.0
-2.913,-2.087
-2.803,-1.126
-2.991,-2.542
-3.009,-1.178
-3.09,-0.945
-3.132,-1.394
-3.025,-3.653
3.104,-1.788
-3.102,-2.776
-3.127,-3.767
3.091,-3.244
2.914,-1.536
2.744,-2.821
2.456,-2.434
2.424,-1.319
2.493,-0.933
2.461,-1.356
2.312,-1.23
2.3,-2.091
2.244,-1.478
2.274,-2.537
2.225,-3.748
1.903,-3.776
1.847,-3.893
1.622,-4.075
1.684,-4.145
-0.005,-4.203
-0.113,-4.169
-0.266,-3.973
-0.25,-3.93
-0.472,-4.036
-0.943,-4.041
-1.025,-4.027
2.937,-4.066
2.34,-3.893
2.197,-4.264
1.255,0.239
1.289,0.2
1.094,0.479
1.002,0.424
0.577,0.473
0.68,0.374
-0.03,0.109
0.126,0.463
-0.085,0.423
-0.194,0.489
-0.873,0.435
-1.509,0.438
-2.39,0.268
-2.303,0.373
-2.656,0.549
-2.775,0.535
2.832,0.171
2.796,0.527
2.496,0.559
2.463,0.384
2.406,0.278
1.718,-2.96
0.657,-2.3
0.546,-2.539
0.234,-3.308
-2.03,-0.759
-2.184,-2.2
-2.21,-1.98
-2.962,-1.28
2.55,-3.79
-0.506,-0.543
-1.83,-1.933
-2.411,-1.118
-2.363,-1.581
-2.781,-2.719
-3.046,-1.944
-2.987,-1.056
2.951,-2.327
2.845,-1.035
2.631,-0.904
2.597,-0.762
-1.037,-2.013
-1.165,-0.74
-2.556,-3.034
0.813,-3.914
-2.655,-3.739
-3.012,-3.624
0.061,1.845
-0.096,1.536
-0.127,0.812
-0.085,-1.193
-0.117,0.28
-0.196,-0.279
-0.216,0.375
-0.221,0.424
-0.208,0.074
-0.307,-0.943
-0.332,0.94
-0.339,1.626
-0.365,1.404
-0.376,-1.379
-0.327,-0.617
-0.353,-0.47
-0.414,-0.335
-0.407,-1.729
-0.499,0.914
-0.441,0.559
-0.465,-0.639
-0.552,1.578
-0.58,0.777
-0.646,0.659
-0.611,0.567
-0.661,1.803
-0.724,-0.93
-0.732,-0.828
-0.846,-0.014
-0.789,-0.422
-0.825,0.915
-0.886,1.417
-0.852,0.145
-0.942,-0.812
-0.91,-0.11
-0.97,1.062
-0.927,-1.016
-0.984,0.699
-1.07,1.138
-1.15,-0.368
-1.137,1.213
-1.228,0.23
-1.253,0.654
-1.204,-0.732
-1.279,-1.834
-1.355,-1.72
-1.388,-0.41
-1.48,0.742
-1.538,-1.933
-1.533,-0.284
-1.71,1.209
-1.726,-1.059
-1.818,-0.907
-1.858,0.243
-2.09,0.319
-2.091,-1.08
-2.112,1.791
-2.194,-1.445
-2.17,1.683
-2.17,0.455
-2.25,1.657
-2.275,0.719
-2.225,2.055
-2.29,1.589
-2.29,-1.529
-2.395,-0.348
-2.406,-0.336
-2.338,-0.802
-2.344,1.71
-2.43,-0.211
-2.456,-0.699
-2.455,0.995
-2.448,-0.786
-2.441,1.344
-2.539,1.041
-2.668,0.86
-2.689,0.513
-2.755,0.123
-2.738,0.736
-2.836,0.043
-2.843,0.395
-2.986,-0.667
-2.967,0.442
-2.978,-1.466
-3.037,0.58
-3.029,-1.401
3.14,-0.335
-3.102,-1.985
3.105,0.626
-3.123,0.166
-3.126,-0.224
3.135,-0.037
3.018,1.761
2.915,-1.109
2.965,-2.039
2.818,-0.118
2.793,-1.63
2.79,-0.415
2.74,-0.588
2.679,-1.394
2.716,-1.67
2.651,-0.965
2.733,-1.618
2.658,-1.575
2.553,-1.641
2.557,0.836
2.489,-1.524
2.454,-1.497
2.425,-1.639
2.357,-0.602
2.365,-1.978
2.395,-1.832
2.287,-0.604
2.316,0.665
2.235,0.837
2.28,0.542
2.267,0.856
2.186,0.191
2.013,-2.261
1.877,-2.294
1.555,-2.022
1.152,-2.171
0.963,-2.248
0.771,-2.321
0.565,-2.265
-0.452,-2.205
-0.892,-2.315
-0.983,-2.382
-1.135,-2.251
-1.634,-2.377
-1.704,-2.225
-1.818,-2.413
-2.339,-2.258
-2.505,-2.139
-2.581,-2.096
-2.653,-2.253
2.927,-2.107
2.739,-2.225
2.477,-2.285
2.468,-2.036
2.403,-2.499
2.34,-2.038
1.961,2.258
1.49,2.306
1.19,2.27
0.926,2.429
0.708,2.322
0.692,2.213
0.14,2.376
-0.661,2.177
-1.106,2.255
-1.289,2.465
-2.117,2.164
-2.69,2.133
-2.739,2.335
-2.724,2.45
-2.852,2.032
-2.781,2.334
-2.883,2.085
-2.811,2.114
-3.044,2.356
2.861,2.349
2.833,2.453
2.578,2.326
1.15,-1.084
0.153,-1.487
-0.219,-1.882
-0.027,-2.377
-1.777,2.372
-3.038,2.237
2.22,0.426
2.127,0.639
1.927,1.525
2.056,-0.556
2.045,-1.383
2.016,-1.501
1.874,1.68
1.858,-1.763
1.644,-1.05
1.543,-1.099
1.541,-0.645
1.546,0.124
1.234,0.711
1.229,-0.832
1.317,-1.977
1.241,0.748
1.163,-1.67
1.058,-1.363
1.047,0.381
0.92,-0.101
0.93,-0.923
0.97,0.394
0.952,-0.647
0.942,0.244
0.729,1.992
0.848,0.7
0.698,0.259
0.696,-0.828
0.77,-0.433
0.713,0.321
0.219,1.943
0.207,-0.358
0.176,-1.936
-0.019,-0.417
-0.087,-1.717
-0.311,-1.934
-0.343,0.237
-0.271,0.0
-0.339,1.457
-0.434,1.023
-0.599,-0.461
-0.599,1.016
-0.64,0.919
-0.867,-0.231
-1.083,0.947
-1.157,-1.575
-1.22,0.209
-1.24,0.552
-1.447,-0.519
-1.334,-1.531
-1.341,-1.981
-1.555,-1.616
-1.458,-0.84
-1.658,0.525
-1.547,-1.653
-1.563,0.07
-1.742,0.292
-1.858,-0.42
-1.877,-1.935
-2.02,1.806
-2.094,-1.969
-1.965,-0.715
-2.009,-0.979
-2.168,0.998
-2.25,-0.987
-2.334,-1.764
-2.534,0.639
-2.853,0.855
-2.9,-0.232
-2.79,0.729
-2.978,-0.687
-2.996,0.677
-3.077,0.91
-3.119,0.461
-3.012,-1.798
3.117,0.067
-3.089,-0.921
-3.114,-1.912
3.104,-1.389
2.927,0.319
2.757,-0.966
2.469,-0.579
2.437,0.536
2.506,0.922
2.474,0.499
2.325,0.625
2.313,-0.236
2.257,0.377
2.287,-0.682
2.238,-1.893
1.916,-1.921
1.86,-2.038
1.635,-2.22
1.697,-2.29
0.008,-2.348
-0.1,-2.314
-0.253,-2.118
-0.237,-2.075
-0.459,-2.181
-0.93,-2.186
-1.012,-2.172
2.95,-2.211
2.353,-2.038
2.21,-2.409
1.268,2.094
1.302,2.055
1.107,2.334
1.015,2.279
0.59,2.328
0.693,2.229
-0.017,1.964
0.139,2.318
-0.072,2.278
-0.181,2.344
-0.86,2.29
-1.496,2.293
-2.377,2.123
-2.29,2.228
-2.643,2.404
-2.762,2.39
2.845,2.026
2.809,2.382
2.509,2.414
2.476,2.239
2.419,2.133
1.731,-1.105
0.67,-0.445
0.559,-0.684
0.247,-1.453
-2.017,1.096
-2.171,-0.345
-2.197,-0.125
-2.949,0.575
2.563,-1.935
-0.493,1.312
-1.817,-0.078
-2.398,0.737
-2.35,0.274
-2.768,-0.864
-3.033,-0.089
-2.974,0.799
2.964,-0.472
2.858,0.82
2.644,0.951
2.61,1.093
-1.024,-0.158
-1.152,1.115
-2.543,-1.179
0.826,-2.059
-2.642,-1.884
-2.999,-1.769
-0.157,-0.309
-0.188,-1.033
-0.146,-3.038
-0.178,-1.565
-0.257,-2.124
-0.277,-1.47
-0.282,-1.421
-0.269,-1.771
-0.368,-2.788
-0.393,-0.905
-0.4,-0.219
-0.426,-0.441
-0.437,-3.224
-0.388,-2.462
-0.414,-2.315
-0.475,-2.18
-0.468,-3.574
-0.56,-0.931
-0.502,-1.286
-0.526,-2.484
-0.613,-0.267
-0.641,-1.068
-0.707,-1.186
-0.672,-1.278
-0.722,-0.042
-0.785,-2.775
-0.793,-2.673
-0.907,-1.859
-0.85,-2.267
-0.886,-0.93
-0.947,-0.428
-0.913,-1.7
-1.003,-2.657
-0.971,-1.955
-1.031,-0.783
-0.988,-2.861
-1.045,-1.146
-1.131,-0.707
-1.211,-2.213
-1.198,-0.632
-1.289,-1.615
-1.314,-1.191
-1.265,-2.577
-1.34,-3.679
-1.416,-3.565
-1.449,-2.255
-1.541,-1.103
-1.599,-3.778
-1.594,-2.129
-1.771,-0.636
-1.787,-2.904
-1.879,-2.752
-1.919,-1.602
-2.151,-1.526
-2.152,-2.925
-2.173,-0.054
-2.255,-3.29
-2.231,-0.162
-2.231,-1.39
-2.311,-0.188
-2.336,-1.126
-2.286,0.21
-2.351,-0.256
-2.351,-3.374
-2.456,-2.193
-2.467,-2.181
-2.399,-2.647
-2.405,-0.135
-2.491,-2.056
-2.517,-2.544
-2.516,-0.85
-2.509,-2.631
-2.502,-0.501
-2.6,-0.804
-2.729,-0.985
-2.75,-1.332
-2.816,-1.722
-2.799,-1.109
-2.897,-1.802
-2.904,-1.45
-3.047,-2.512
-3.028,-1.403
-3.039,-3.311
-3.098,-1.265
-3.09,-3.246
3.079,-2.18
3.12,-3.83
3.044,-1.219
3.099,-1.679
3.096,-2.069
3.074,-1.882
2.957,-0.084
2.854,-2.954
2.904,-3.884
2.757,-1.963
2.732,-3.475
2.729,-2.26
2.679,-2.433
2.618,-3.239
2.655,-3.515
2.59,-2.81
2.672,-3.463
2.597,-3.42
2.492,-3.486
2.496,-1.009
2.428,-3.369
2.393,-3.342
2.364,-3.484
2.296,-2.447
2.304,-3.823
2.334,-3.677
2.226,-2.449
2.255,-1.18
2.174,-1.008
2.219,-1.303
2.206,-0.989
2.125,-1.654
1.952,-4.106
1.816,-4.139
1.494,-3.867
1.091,-4.016
0.902,-4.093
0.71,-4.166
0.504,-4.11
-0.513,-4.05
-0.953,-4.16
-1.044,-4.227
-1.196,-4.096
-1.695,-4.222
-1.765,-4.07
-1.879,-4.258
-2.4,-4.103
-2.566,-3.984
-2.642,-3.941
-2.714,-4.098
2.866,-3.952
2.678,-4.07
2.416,-4.13
2.407,-3.881
2.342,-4.344
2.279,-3.883
1.9,0.413
1.429,0.461
1.129,0.425
0.865,0.584
0.647,0.477
0.631,0.368
0.079,0.531
-0.722,0.332
-1.167,0.41
-1.35,0.62
-2.178,0.319
-2.751,0.288
-2.8,0.49
-2.785,0.605
-2.913,0.187
-2.842,0.489
-2.944,0.24
-2.872,0.269
-3.105,0.511
2.8,0.504
2.772,0.608
2.517,0.481
1.089,-2.929
0.092,-3.332
-0.28,-3.727
-0.088,-4.222
-1.838,0.527
-3.099,0.392
2.159,-1.419
2.066,-1.206
1.866,-0.32
1.995,-2.401
1.984,-3.228
1.955,-3.346
1.813,-0.165
1.797,-3.608
1.583,-2.895
1.482,-2.944
1.48,-2.49
1.485,-1.721
1.173,-1.134
1.168,-2.677
1.256,-3.822
1.18,-1.097
1.102,-3.515
0.997,-3.208
0.986,-1.464
0.859,-1.946
0.869,-2.768
0.909,-1.451
0.891,-2.492
0.881,-1.601
0.668,0.147
0.787,-1.145
0.637,-1.586
0.635,-2.673
0.709,-2.278
0.652,-1.524
0.158,0.098
0.146,-2.203
0.115,-3.781
-0.08,-2.262
-0.148,-3.562
-0.372,-3.779
-0.404,-1.608
-0.332,-1.845
-0.4,-0.388
-0.495,-0.822
-0.66,-2.306
-0.66,-0.829
-0.701,-0.926
-0.928,-2.076
-1.144,-0.898
-1.218,-3.42
-1.281,-1.636
-1.301,-1.293
-1.508,-2.364
-1.395,-3.376
-1.402,-3.826
-1.616,-3.461
-1.519,-2.685
-1.719,-1.32
-1.608,-3.498
-1.624,-1.775
-1.803,-1.553
-1.919,-2.265
-1.938,-3.78
-2.081,-0.039
-2.155,-3.814
-2.026,-2.56
-2.07,-2.824
-2.229,-0.847
-2.311,-2.832
-2.395,-3.609
-2.595,-1.206
-2.914,-0.99
-2.961,-2.077
-2.851,-1.116
-3.039,-2.532
-3.057,-1.168
-3.138,-0.935
3.103,-1.384
-3.073,-3.643
3.056,-1.778
3.133,-2.766
3.108,-3.757
3.043,-3.234
2.866,-1.526
2.696,-2.811
2.408,-2.424
2.376,-1.309
2.445,-0.923
2.413,-1.346
2.264,-1.22
2.252,-2.081
2.196,-1.468
2.226,-2.527
2.177,-3.738
1.855,-3.766
1.799,-3.883
1.574,-4.065
1.636,-4.135
-0.053,-4.193
-0.161,-4.159
-0.314,-3.963
-0.298,-3.92
-0.52,-4.026
-0.991,-4.031
-1.073,-4.017
2.889,-4.056
2.292,-3.883
2.149,-4.254
1.207,0.249
1.241,0.21
1.046,0.489
0.954,0.434
0.529,0.483
0.632,0.384
-0.078,0.119
0.078,0.473
-0.133,0.433
-0.242,0.499
-0.921,0.445
-1.557,0.448
-2.438,0.278
-2.351,0.383
-2.704,0.559
-2.823,0.545
2.784,0.181
2.748,0.537
2.448,0.569
2.415,0.394
2.358,0.288
1.67,-2.95
0.609,-2.29
0.498,-2.529
0.186,-3.298
-2.078,-0.749
-2.232,-2.19
-2.258,-1.97
-3.01,-1.27
2.502,-3.78
-0.554,-0.533
-1.878,-1.923
-2.459,-1.108
-2.411,-1.571
-2.829,-2.709
-3.094,-1.934
-3.035,-1.046
2.903,-2.317
2.797,-1.025
2.583,-0.894
2.549,-0.752
-1.085,-2.003
-1.213,-0.73
-2.604,-3.024
0.765,-3.904
-2.703,-3.729
-3.06,-3.614
-0.031,-0.724
0.011,-2.729
-0.021,-1.256
-0.1,-1.815
-0.12,-1.161
-0.125,-1.112
-0.112,-1.462
-0.211,-2.479
-0.236,-0.596
-0.243,0.09
-0.269,-0.132
-0.28,-2.915
-0.231,-2.153
-0.257,-2.006
-0.318,-1.871
-0.311,-3.265
-0.403,-0.622
-0.345,-0.977
-0.369,-2.175
-0.456,0.042
-0.484,-0.759
-0.55,-0.877
-0.515,-0.969
-0.565,0.267
-0.628,-2.466
-0.636,-2.364
-0.75,-1.55
-0.693,-1.958
-0.729,-0.621
-0.79,-0.119
-0.756,-1.391
-0.846,-2.348
-0.814,-1.646
-0.874,-0.474
-0.831,-2.552
-0.888,-0.837
-0.974,-0.398
-1.054,-1.904
-1.041,-0.323
-1.132,-1.306
-1.157,-0.882
-1.108,-2.268
-1.183,-3.37
-1.259,-3.256
-1.292,-1.946
-1.384,-0.794
-1.442,-3.469
-1.437,-1.82
-1.614,-0.327
-1.63,-2.595
-1.722,-2.443
-1.762,-1.293
-1.994,-1.217
-1.995,-2.616
-2.016,0.255
-2.098,-2.981
-2.074,0.147
-2.074,-1.081
-2.154,0.121
-2.179,-0.817
-2.129,0.519
-2.194,0.053
-2.194,-3.065
-2.299,-1.884
-2.31,-1.872
-2.242,-2.338
-2.248,0.174
-2.334,-1.747
-2.36,-2.235
-2.359,-0.541
-2.352,-2.322
-2.345,-0.192
-2.443,-0.495
-2.572,-0.676
-2.593,-1.023
-2.659,-1.413
-2.642,-0.8
-2.74,-1.493
-2.747,-1.141
-2.89,-2.203
-2.871,-1.094
-2.882,-3.002
-2.941,-0.956
-2.933,-2.937
-3.047,-1.871
-3.006,-3.521
-3.082,-0.91
-3.027,-1.37
-3.03,-1.76
-3.052,-1.573
3.114,0.225
3.011,-2.645
3.061,-3.575
2.914,-1.654
2.889,-3.166
2.886,-1.951
2.836,-2.124
2.775,-2.93
2.812,-3.206
2.747,-2.501
2.829,-3.154
2.754,-3.111
2.649,-3.177
2.653,-0.7
2.585,-3.06
2.55,-3.033
2.521,-3.175
2.453,-2.138
2.461,-3.514
2.491,-3.368
2.383,-2.14
2.412,-0.871
2.331,-0.699
2.376,-0.994
2.363,-0.68
2.282,-1.345
2.109,-3.797
1.973,-3.83
1.651,-3.558
1.248,-3.707
1.059,-3.784
0.867,-3.857
0.661,-3.801
-0.356,-3.741
-0.796,-3.851
-0.887,-3.918
-1.039,-3.787
-1.538,-3.913
-1.608,-3.761
-1.722,-3.949
-2.243,-3.794
-2.409,-3.675
-2.485,-3.632
-2.557,-3.789
3.023,-3.643
2.835,-3.761
2.573,-3.821
2.564,-3.572
2.499,-4.035
2.436,-3.574
2.057,0.722
1.586,0.77
1.286,0.734
1.022,0.893
0.804,0.786
0.788,0.677
0.236,0.84
-0.565,0.641
-1.01,0.719
-1.193,0.929
-2.021,0.628
-2.594,0.597
-2.643,0.799
-2.628,0.914
-2.756,0.496
-2.685,0.798
-2.787,0.549
-2.715,0.578
-2.948,0.82
2.957,0.813
2.929,0.917
2.674,0.79
1.246,-2.62
0.249,-3.023
-0.123,-3.418
0.069,-3.913
-1.681,0.836
-2.942,0.701
2.316,-1.11
2.223,-0.897
2.023,-0.011
2.152,-2.092
2.141,-2.919
2.112,-3.037
1.97,0.144
1.954,-3.299
1.74,-2.586
1.639,-2.635
1.637,-2.181
1.642,-1.412
1.33,-0.825
1.325,-2.368
1.413,-3.513
1.337,-0.788
1.259,-3.206
1.154,-2.899
1.143,-1.155
1.016,-1.637
1.026,-2.459
1.066,-1.142
1.048,-2.183
1.038,-1.292
0.825,0.456
0.944,-0.836
0.794,-1.277
0.792,-2.364
0.866,-1.969
0.809,-1.215
0.315,0.407
0.303,-1.894
0.272,-3.472
0.077,-1.953
0.009,-3.253
-0.215,-3.47
-0.247,-1.299
-0.175,-1.536
-0.243,-0.079
-0.338,-0.513
-0.503,-1.997
-0.503,-0.52
-0.544,-0.617
-0.771,-1.767
-0.987,-0.589
-1.061,-3.111
-1.124,-1.327
-1.144,-0.984
-1.351,-2.055
-1.238,-3.067
-1.245,-3.517
-1.459,-3.152
-1.362,-2.376
-1.562,-1.011
-1.451,-3.189
-1.467,-1.466
-1.646,-1.244
-1.762,-1.956
-1.781,-3.471
-1.924,0.27
-1.998,-3.505
-1.869,-2.251
-1.913,-2.515
-2.072,-0.538
-2.154,-2.523
-2.238,-3.3
-2.438,-0.897
-2.757,-0.681
-2.804,-1.768
-2.694,-0.807
-2.882,-2.223
-2.9,-0.859
-2.981,-0.626
-3.023,-1.075
-2.916,-3.334
-3.07,-1.469
-2.993,-2.457
-3.018,-3.448
-3.083,-2.925
3.023,-1.217
2.853,-2.502
2.565,-2.115
2.533,-1.0
2.602,-0.614
2.57,-1.037
2.421,-0.911
2.409,-1.772
2.353,-1.159
2.383,-2.218
2.334,-3.429
2.012,-3.457
1.956,-3.574
1.731,-3.756
1.793,-3.826
0.104,-3.884
-0.004,-3.85
-0.157,-3.654
-0.141,-3.611
-0.363,-3.717
-0.834,-3.722
-0.916,-3.708
3.046,-3.747
2.449,-3.574
2.306,-3.945
1.364,0.558
1.398,0.519
1.203,0.798
1.111,0.743
0.686,0.792
0.789,0.693
0.079,0.428
0.235,0.782
0.024,0.742
-0.085,0.808
-0.764,0.754
-1.4,0.757
-2.281,0.587
-2.194,0.692
-2.547,0.868
-2.666,0.854
2.941,0.49
2.905,0.846
2.605,0.878
2.572,0.703
2.515,0.597
1.827,-2.641
0.766,-1.981
0.655,-2.22
0.343,-2.989
-1.921,-0.44
-2.075,-1.881
-2.101,-1.661
-2.853,-0.961
2.659,-3.471
-0.397,-0.224
-1.721,-1.614
-2.302,-0.799
-2.254,-1.262
-2.672,-2.4
-2.937,-1.625
-2.878,-0.737
3.06,-2.008
2.954,-0.716
2.74,-0.585
2.706,-0.443
-0.928,-1.694
-1.056,-0.421
-2.447,-2.715
0.922,-3.595
-2.546,-3.42
-2.903,-3.305
0.042,-2.005
0.01,-0.532
-0.069,-1.091
-0.089,-0.437
-0.094,-0.388
-0.081,-0.738
-0.18,-1.755
-0.205,0.128
-0.212,0.814
-0.238,0.592
-0.249,-2.191
-0.2,-1.429
-0.226,-1.282
-0.287,-1.147
-0.28,-2.541
-0.372,0.102
-0.314,-0.253
-0.338,-1.451
-0.425,0.766
-0.453,-0.035
-0.519,-0.153
-0.484,-0.245
-0.534,0.991
-0.597,-1.742
-0.605,-1.64
-0.719,-0.826
-0.662,-1.234
-0.698,0.103
-0.759,0.605
-0.725,-0.667
-0.815,-1.624
-0.783,-0.922
-0.843,0.25
-0.8,-1.828
-0.857,-0.113
-0.943,0.326
-1.023,-1.18
-1.01,0.401
-1.101,-0.582
-1.126,-0.158
-1.077,-1.544
-1.152,-2.646
-1.228,-2.532
-1.261,-1.222
-1.353,-0.07
-1.411,-2.745
-1.406,-1.096
-1.583,0.397
-1.599,-1.871
-1.691,-1.719
-1.731,-0.569
-1.963,-0.493
-1.964,-1.892
-1.985,0.979
-2.067,-2.257
-2.043,0.871
-2.043,-0.357
-2.123,0.845
-2.148,-0.093
-2.098,1.243
-2.163,0.777
-2.163,-2.341
-2.268,-1.16
-2.279,-1.148
-2.211,-1.614
-2.217,0.898
-2.303,-1.023
-2.329,-1.511
-2.328,0.183
-2.321,-1.598
-2.314,0.532
-2.412,0.229
-2.541,0.048
-2.562,-0.299
-2.628,-0.689
-2.611,-0.076
-2.709,-0.769
-2.716,-0.417
-2.859,-1.479
-2.84,-0.37
-2.851,-2.278
-2.91,-0.232
-2.902,-2.213
-3.016,-1.147
-2.975,-2.797
-3.051,-0.186
-2.996,-0.646
-2.999,-1.036
-3.021,-0.849
-3.138,0.949
3.042,-1.921
3.092,-2.851
2.945,-0.93
2.92,-2.442
2.917,-1.227
2.867,-1.4
2.806,-2.206
2.843,-2.482
2.778,-1.777
2.86,-2.43
2.785,-2.387
2.68,-2.453
2.684,0.024
2.616,-2.336
2.581,-2.309
2.552,-2.451
2.484,-1.414
2.492,-2.79
2.522,-2.644
2.414,-1.416
2.443,-0.147
2.362,0.025
2.407,-0.27
2.394,0.044
2.313,-0.621
2.14,-3.073
2.004,-3.106
1.682,-2.834
1.279,-2.983
1.09,-3.06
0.898,-3.133
0.692,-3.077
-0.325,-3.017
-0.765,-3.127
-0.856,-3.194
-1.008,-3.063
-1.507,-3.189
-1.577,-3.037
-1.691,-3.225
-2.212,-3.07
-2.378,-2.951
-2.454,-2.908
-2.526,-3.065
3.054,-2.919
2.866,-3.037
2.604,-3.097
2.595,-2.848
2.53,-3.311
2.467,-2.85
2.088,1.446
1.617,1.494
1.317,1.458
1.053,1.617
0.835,1.51
0.819,1.401
0.267,1.564
-0.534,1.365
-0.979,1.443
-1.162,1.653
-1.99,1.352
-2.563,1.321
-2.612,1.523
-2.597,1.638
-2.725,1.22
-2.654,1.522
-2.756,1.273
-2.684,1.302
-2.917,1.544
2.988,1.537
2.96,1.641
2.705,1.514
1.277,-1.896
0.28,-2.299
-0.092,-2.694
0.1,-3.189
-1.65,1.56
-2.911,1.425
2.347,-0.386
2.254,-0.173
2.054,0.713
2.183,-1.368
2.172,-2.195
2.143,-2.313
2.001,0.868
1.985,-2.575
1.771,-1.862
1.67,-1.911
1.668,-1.457
1.673,-0.688
1.361,-0.101
1.356,-1.644
1.444,-2.789
1.368,-0.064
1.29,-2.482
1.185,-2.175
1.174,-0.431
1.047,-0.913
1.057,-1.735
1.097,-0.418
1.079,-1.459
1.069,-0.568
0.856,1.18
0.975,-0.112
0.825,-0.553
0.823,-1.64
0.897,-1.245
0.84,-0.491
0.346,1.131
0.334,-1.17
0.303,-2.748
0.108,-1.229
0.04,-2.529
-0.184,-2.746
-0.216,-0.575
-0.144,-0.812
-0.212,0.645
-0.307,0.211
-0.472,-1.273
-0.472,0.204
-0.513,0.107
-0.74,-1.043
-0.956,0.135
-1.03,-2.387
-1.093,-0.603
-1.113,-0.26
-1.32,-1.331
-1.207,-2.343
-1.214,-2.793
-1.428,-2.428
-1.331,-1.652
-1.531,-0.287
-1.42,-2.465
-1.436,-0.742
-1.615,-0.52
-1.731,-1.232
-1.75,-2.747
-1.893,0.994
-1.967,-2.781
-1.838,-1.527
-1.882,-1.791
-2.041,0.186
-2.123,-1.799
-2.207,-2.576
-2.407,-0.173
-2.726,0.043
-2.773,-1.044
-2.663,-0.083
-2.851,-1.499
-2.869,-0.135
-2.95,0.098
-2.992,-0.351
-2.885,-2.61
-3.039,-0.745
-2.962,-1.733
-2.987,-2.724
-3.052,-2.201
3.054,-0.493
2.884,-1.778
2.596,-1.391
2.564,-0.276
2.633,0.11
2.601,-0.313
2.452,-0.187
2.44,-1.048
2.384,-0.435
2.414,-1.494
2.365,-2.705
2.043,-2.733
1.987,-2.85
1.762,-3.032
1.824,-3.102
0.135,-3.16
0.027,-3.126
-0.126,-2.93
-0.11,-2.887
-0.332,-2.993
-0.803,-2.998
-0.885,-2.984
3.077,-3.023
2.48,-2.85
2.337,-3.221
1.395,1.282
1.429,1.243
1.234,1.522
1.142,1.467
0.717,1.516
0.82,1.417
0.11,1.152
0.266,1.506
0.055,1.466
-0.054,1.532
-0.733,1.478
-1.369,1.481
-2.25,1.311
-2.163,1.416
-2.516,1.592
-2.635,1.578
2.972,1.214
2.936,1.57
2.636,1.602
2.603,1.427
2.546,1.321
1.858,-1.917
0.797,-1.257
0.686,-1.496
0.374,-2.265
-1.89,0.284
-2.044,-1.157
-2.07,-0.937
-2.822,-0.237
2.69,-2.747
-0.366,0.5
-1.69,-0.89
-2.271,-0.075
-2.223,-0.538
-2.641,-1.676
-2.906,-0.901
-2.847,-0.013
3.091,-1.284
2.985,0.008
2.771,0.139
2.737,0.281
-0.897,-0.97
-1.025,0.303
-2.416,-1.991
0.953,-2.871
-2.515,-2.696
-2.872,-2.581
-0.032,1.473
-0.111,0.914
-0.131,1.568
-0.136,1.617
-0.123,1.267
-0.222,0.25
-0.247,2.133
-0.254,2.819
-0.28,2.597
-0.291,-0.186
-0.242,0.576
-0.268,0.723
-0.329,0.858
-0.322,-0.536
-0.414,2.107
-0.356,1.752
-0.38,0.554
-0.467,2.771
-0.495,1.97
-0.561,1.852
-0.526,1.76
-0.576,2.996
-0.639,0.263
-0.647,0.365
-0.761,1.179
-0.704,0.771
-0.74,2.108
-0.801,2.61
-0.767,1.338
-0.857,0.381
-0.825,1.083
-0.885,2.255
-0.842,0.177
-0.899,1.892
-0.985,2.331
-1.065,0.825
-1.052,2.406
-1.143,1.423
-1.168,1.847
-1.119,0.461
-1.194,-0.641
-1.27,-0.527
-1.303,0.783
-1.395,1.935
-1.453,-0.74
-1.448,0.909
-1.625,2.402
-1.641,0.134
-1.733,0.286
-1.773,1.436
-2.005,1.512
-2.006,0.113
-2.027,2.984
-2.109,-0.252
-2.085,2.876
-2.085,1.648
-2.165,2.85
-2.19,1.912
-2.14,3.248
-2.205,2.782
-2.205,-0.336
-2.31,0.845
-2.321,0.857
-2.253,0.391
-2.259,2.903
-2.345,0.982
-2.371,0.494
-2.37,2.188
-2.363,0.407
-2.356,2.537
-2.454,2.234
-2.583,2.053
-2.604,1.706
-2.67,1.316
-2.653,1.929
-2.751,1.236
-2.758,1.588
-2.901,0.526
-2.882,1.635
-2.893,-0.273
-2.952,1.773
-2.944,-0.208
-3.058,0.858
-3.017,-0.792
-3.093,1.819
-3.038,1.359
-3.041,0.969
-3.063,1.156
3.103,2.954
3.0,0.084
3.05,-0.846
2.903,1.075
2.878,-0.437
2.875,0.778
2.825,0.605
2.764,-0.201
2.801,-0.477
2.736,0.228
2.818,-0.425
2.743,-0.382
2.638,-0.448
2.642,2.029
2.574,-0.331
2.539,-0.304
2.51,-0.446
2.442,0.591
2.45,-0.785
2.48,-0.639
2.372,0.589
2.401,1.858
2.32,2.03
2.365,1.735
2.352,2.049
2.271,1.384
2.098,-1.068
1.962,-1.101
1.64,-0.829
1.237,-0.978
1.048,-1.055
0.856,-1.128
0.65,-1.072
-0.367,-1.012
-0.807,-1.122
-0.898,-1.189
-1.05,-1.058
-1.549,-1.184
-1.619,-1.032
-1.733,-1.22
-2.254,-1.065
-2.42,-0.946
-2.496,-0.903
-2.568,-1.06
3.012,-0.914
2.824,-1.032
2.562,-1.092
2.553,-0.843
2.488,-1.306
2.425,-0.845
2.046,3.451
1.575,3.499
1.275,3.463
1.011,3.622
0.793,3.515
0.777,3.406
0.225,3.569
-0.576,3.37
-1.021,3.448
-1.204,3.658
-2.032,3.357
-2.605,3.326
-2.654,3.528
-2.639,3.643
-2.767,3.225
-2.696,3.527
-2.798,3.278
-2.726,3.307
-2.959,3.549
2.946,3.542
2.918,3.646
2.663,3.519
1.235,0.109
0.238,-0.294
-0.134,-0.689
0.058,-1.184
-1.692,3.565
-2.953,3.43
2.305,1.619
2.212,1.832
2.012,2.718
2.141,0.637
2.13,-0.19
2.101,-0.308
1.959,2.873
1.943,-0.57
1.729,0.143
1.628,0.094
1.626,0.548
1.631,1.317
1.319,1.904
1.314,0.361
1.402,-0.784
1.326,1.941
1.248,-0.477
1.143,-0.17
1.132,1.574
1.005,1.092
1.015,0.27
1.055,1.587
1.037,0.546
1.027,1.437
0.814,3.185
0.933,1.893
0.783,1.452
0.781,0.365
0.855,0.76
0.798,1.514
0.304,3.136
0.292,0.835
0.261,-0.743
0.066,0.776
-0.002,-0.524
-0.226,-0.741
-0.258,1.43
-0.186,1.193
-0.254,2.65
-0.349,2.216
-0.514,0.732
-0.514,2.209
-0.555,2.112
-0.782,0.962
-0.998,2.14
-1.072,-0.382
-1.135,1.402
-1.155,1.745
-1.362,0.674
-1.249,-0.338
-1.256,-0.788
-1.47,-0.423
-1.373,0.353
-1.573,1.718
-1.462,-0.46
-1.478,1.263
-1.657,1.485
-1.773,0.773
-1.792,-0.742
-1.935,2.999
-2.009,-0.776
-1.88,0.478
-1.924,0.214
-2.083,2.191
-2.165,0.206
-2.249,-0.571
-2.449,1.832
-2.768,2.048
-2.815,0.961
-2.705,1.922
-2.893,0.506
-2.911,1.87
-2.992,2.103
-3.034,1.654
-2.927,-0.605
-3.081,1.26
-3.004,0.272
-3.029,-0.719
-3.094,-0.196
3.012,1.512
2.842,0.227
2.554,0.614
2.522,1.729
2.591,2.115
2.559,1.692
2.41,1.818
2.398,0.957
2.342,1.57
2.372,0.511
2.323,-0.7
2.001,-0.728
1.945,-0.845
1.72,-1.027
1.782,-1.097
0.093,-1.155
-0.015,-1.121
-0.168,-0.925
-0.152,-0.882
-0.374,-0.988
-0.845,-0.993
-0.927,-0.979
3.035,-1.018
2.438,-0.845
2.295,-1.216
1.353,3.287
1.387,3.248
1.192,3.527
1.1,3.472
0.675,3.521
0.778,3.422
0.068,3.157
0.224,3.511
0.013,3.471
-0.096,3.537
-0.775,3.483
-1.411,3.486
-2.292,3.316
-2.205,3.421
-2.558,3.597
-2.677,3.583
2.93,3.219
2.894,3.575
2.594,3.607
2.561,3.432
2.504,3.326
1.816,0.088
0.755,0.748
0.644,0.509
0.332,-0.26
-1.932,2.289
-2.086,0.848
-2.112,1.068
-2.864,1.768
2.648,-0.742
-0.408,2.505
-1.732,1.115
-2.313,1.93
-2.265,1.467
-2.683,0.329
-2.948,1.104
-2.889,1.992
3.049,0.721
2.943,2.013
2.729,2.144
2.695,2.286
-0.939,1.035
-1.067,2.308
-2.458,0.014
0.911,-0.866
-2.557,-0.691
-2.914,-0.576
-0.079,-0.559
-0.099,0.095
-0.104,0.144
-0.091,-0.206
-0.19,-1.223
-0.215,0.66
-0.222,1.346
-0.248,1.124
-0.259,-1.659
-0.21,-0.897
-0.236,-0.75
-0.297,-0.615
-0.29,-2.009
-0.382,0.634
-0.324,0.279
-0.348,-0.919
-0.435,1.298
-0.463,0.497
-0.529,0.379
-0.494,0.287
-0.544,1.523
-0.607,-1.21
-0.615,-1.108
-0.729,-0.294
-0.672,-0.702
-0.708,0.635
-0.769,1.137
-0.735,-0.135
-0.825,-1.092
-0.793,-0.39
-0.853,0.782
-0.81,-1.296
-0.867,0.419
-0.953,0.858
-1.033,-0.648
-1.02,0.933
-1.111,-0.05
-1.136,0.374
-1.087,-1.012
-1.162,-2.114
-1.238,-2.0
-1.271,-0.69
-1.363,0.462
-1.421,-2.213
-1.416,-0.564
-1.593,0.929
-1.609,-1.339
-1.701,-1.187
-1.741,-0.037
-1.973,0.039
-1.974,-1.36
-1.995,1.511
-2.077,-1.725
-2.053,1.403
-2.053,0.175
-2.133,1.377
-2.158,0.439
-2.108,1.775
-2.173,1.309
-2.173,-1.809
-2.278,-0.628
-2.289,-0.616
-2.221,-1.082
-2.227,1.43
-2.313,-0.491
-2.339,-0.979
-2.338,0.715
-2.331,-1.066
-2.324,1.064
-2.422,0.761
-2.551,0.58
-2.572,0.233
-2.638,-0.157
-2.621,0.456
-2.719,-0.237
-2.726,0.115
-2.869,-0.947
-2.85,0.162
-2.861,-1.746
-2.92,0.3
-2.912,-1.681
-3.026,-0.615
-2.985,-2.265
-3.061,0.346
-3.006,-0.114
-3.009,-0.504
-3.031,-0.317
3.135,1.481
3.032,-1.389
3.082,-2.319
2.935,-0.398
2.91,-1.91
2.907,-0.695
2.857,-0.868
2.796,-1.674
2.833,-1.95
2.768,-1.245
2.85,-1.898
2.775,-1.855
2.67,-1.921
2.674,0.556
2.606,-1.804
2.571,-1.777
2.542,-1.919
2.474,-0.882
2.482,-2.258
2.512,-2.112
2.404,-0.884
2.433,0.385
2.352,0.557
2.397,0.262
2.384,0.576
2.303,-0.089
2.13,-2.541
1.994,-2.574
1.672,-2.302
1.269,-2.451
1.08,-2.528
0.888,-2.601
0.682,-2.545
-0.335,-2.485
-0.775,-2.595
-0.866,-2.662
-1.018,-2.531
-1.517,-2.657
-1.587,-2.505
-1.701,-2.693
-2.222,-2.538
-2.388,-2.419
-2.464,-2.376
-2.536,-2.533
3.044,-2.387
2.856,-2.505
2.594,-2.565
2.585,-2.316
2.52,-2.779
2.457,-2.318
2.078,1.978
1.607,2.026
1.307,1.99
1.043,2.149
0.825,2.042
0.809,1.933
0.257,2.096
-0.544,1.897
-0.989,1.975
-1.172,2.185
-2.0,1.884
-2.573,1.853
-2.622,2.055
-2.607,2.17
-2.735,1.752
-2.664,2.054
-2.766,1.805
-2.694,1.834
-2.927,2.076
2.978,2.069
2.95,2.173
2.695,2.046
1.267,-1.364
0.27,-1.767
-0.102,-2.162
0.09,-2.657
-1.66,2.092
-2.921,1.957
2.337,0.146
2.244,0.359
2.044,1.245
2.173,-0.836
2.162,-1.663
2.133,-1.781
1.991,1.4
1.975,-2.043
1.761,-1.33
1.66,-1.379
1.658,-0.925
1.663,-0.156
1.351,0.431
1.346,-1.112
1.434,-2.257
1.358,0.468
1.28,-1.95
1.175,-1.643
1.164,0.101
1.037,-0.381
1.047,-1.203
1.087,0.114
1.069,-0.927
1.059,-0.036
0.846,1.712
0.965,0.42
0.815,-0.021
0.813,-1.108
0.887,-0.713
0.83,0.041
0.336,1.663
0.324,-0.638
0.293,-2.216
0.098,-0.697
0.03,-1.997
-0.194,-2.214
-0.226,-0.043
-0.154,-0.28
-0.222,1.177
-0.317,0.743
-0.482,-0.741
-0.482,0.736
-0.523,0.639
-0.75,-0.511
-0.966,0.667
-1.04,-1.855
-1.103,-0.071
-1.123,0.272
-1.33,-0.799
-1.217,-1.811
-1.224,-2.261
-1.438,-1.896
-1.341,-1.12
-1.541,0.245
-1.43,-1.933
-1.446,-0.21
-1.625,0.012
-1.741,-0.7
-1.76,-2.215
-1.903,1.526
-1.977,-2.249
-1.848,-0.995
-1.892,-1.259
-2.051,0.718
-2.133,-1.267
-2.217,-2.044
-2.417,0.359
-2.736,0.575
-2.783,-0.512
-2.673,0.449
-2.861,-0.967
-2.879,0.397
-2.96,0.63
-3.002,0.181
-2.895,-2.078
-3.049,-0.213
-2.972,-1.201
-2.997,-2.192
-3.062,-1.669
3.044,0.039
2.874,-1.246
2.586,-0.859
2.554,0.256
2.623,0.642
2.591,0.219
2.442,0.345
2.43,-0.516
2.374,0.097
2.404,-0.962
2.355,-2.173
2.033,-2.201
1.977,-2.318
1.752,-2.5
1.814,-2.57
0.125,-2.628
0.017,-2.594
-0.136,-2.398
-0.12,-2.355
-0.342,-2.461
-0.813,-2.466
-0.895,-2.452
3.067,-2.491
2.47,-2.318
2.327,-2.689
1.385,1.814
1.419,1.775
1.224,2.054
1.132,1.999
0.707,2.048
0.81,1.949
0.1,1.684
0.256,2.038
0.045,1.998
-0.064,2.064
-0.743,2.01
-1.379,2.013
-2.26,1.843
-2.173,1.948
-2.526,2.124
-2.645,2.11
2.962,1.746
2.926,2.102
2.626,2.134
2.593,1.959
2.536,1.853
1.848,-1.385
0.787,-0.725
0.676,-0.964
0.364,-1.733
-1.9,0.816
-2.054,-0.625
-2.08,-0.405
-2.832,0.295
2.68,-2.215
-0.376,1.032
-1.7,-0.358
-2.281,0.457
-2.233,-0.006
-2.651,-1.144
-2.916,-0.369
-2.857,0.519
3.081,-0.752
2.975,0.54
2.761,0.671
2.727,0.813
-0.907,-0.438
-1.035,0.835
-2.426,-1.459
0.943,-2.339
-2.525,-2.164
-2.882,-2.049
-0.02,0.654
-0.025,0.703
-0.012,0.353
-0.111,-0.664
-0.136,1.219
-0.143,1.905
-0.169,1.683
-0.18,-1.1
-0.131,-0.338
-0.157,-0.191
-0.218,-0.056
-0.211,-1.45
-0.303,1.193
-0.245,0.838
-0.269,-0.36
-0.356,1.857
-0.384,1.056
-0.45,0.938
-0.415,0.846
-0.465,2.082
-0.528,-0.651
-0.536,-0.549
-0.65,0.265
-0.593,-0.143
-0.629,1.194
-0.69,1.696
-0.656,0.424
-0.746,-0.533
-0.714,0.169
-0.774,1.341
-0.731,-0.737
-0.788,0.978
-0.874,1.417
-0.954,-0.089
-0.941,1.492
-1.032,0.509
-1.057,0.933
-1.008,-0.453
-1.083,-1.555
-1.159,-1.441
-1.192,-0.131
-1.284,1.021
-1.342,-1.654
-1.337,-0.005
-1.514,1.488
-1.53,-0.78
-1.622,-0.628
-1.662,0.522
-1.894,0.598
-1.895,-0.801
-1.916,2.07
-1.998,-1.166
-1.974,1.962
-1.974,0.734
-2.054,1.936
-2.079,0.998
-2.029,2.334
-2.094,1.868
-2.094,-1.25
-2.199,-0.069
-2.21,-0.057
-2.142,-0.523
-2.148,1.989
-2.234,0.068
-2.26,-0.42
-2.259,1.274
-2.252,-0.507
-2.245,1.623
-2.343,1.32
-2.472,1.139
-2.493,0.792
-2.559,0.402
-2.542,1.015
-2.64,0.322
-2.647,0.674
-2.79,-0.388
-2.771,0.721
-2.782,-1.187
-2.841,0.859
-2.833,-1.122
-2.947,-0.056
-2.906,-1.706
-2.982,0.905
-2.927,0.445
-2.93,0.055
-2.952,0.242
-3.069,2.04
3.111,-0.83
-3.122,-1.76
3.014,0.161
2.989,-1.351
2.986,-0.136
2.936,-0.309
2.875,-1.115
2.912,-1.391
2.847,-0.686
2.929,-1.339
2.854,-1.296
2.749,-1.362
2.753,1.115
2.685,-1.245
2.65,-1.218
2.621,-1.36
2.553,-0.323
2.561,-1.699
2.591,-1.553
2.483,-0.325
2.512,0.944
2.431,1.116
2.476,0.821
2.463,1.135
2.382,0.47
2.209,-1.982
2.073,-2.015
1.751,-1.743
1.348,-1.892
1.159,-1.969
0.967,-2.042
0.761,-1.986
-0.256,-1.926
-0.696,-2.036
-0.787,-2.103
-0.939,-1.972
-1.438,-2.098
-1.508,-1.946
-1.622,-2.134
-2.143,-1.979
-2.309,-1.86
-2.385,-1.817
-2.457,-1.974
3.123,-1.828
2.935,-1.946
2.673,-2.006
2.664,-1.757
2.599,-2.22
2.536,-1.759
2.157,2.537
1.686,2.585
1.386,2.549
1.122,2.708
0.904,2.601
0.888,2.492
0.336,2.655
-0.465,2.456
-0.91,2.534
-1.093,2.744
-1.921,2.443
-2.494,2.412
-2.543,2.614
-2.528,2.729
-2.656,2.311
-2.585,2.613
-2.687,2.364
-2.615,2.393
-2.848,2.635
3.057,2.628
3.029,2.732
2.774,2.605
1.346,-0.805
0.349,-1.208
-0.023,-1.603
0.169,-2.098
-1.581,2.651
-2.842,2.516
2.416,0.705
2.323,0.918
2.123,1.804
2.252,-0.277
2.241,-1.104
2.212,-1.222
2.07,1.959
2.054,-1.484
1.84,-0.771
1.739,-0.82
1.737,-0.366
1.742,0.403
1.43,0.99
1.425,-0.553
1.513,-1.698
1.437,1.027
1.359,-1.391
1.254,-1.084
1.243,0.66
1.116,0.178
1.126,-0.644
1.166,0.673
1.148,-0.368
1.138,0.523
0.925,2.271
1.044,0.979
0.894,0.538
0.892,-0.549
0.966,-0.154
0.909,0.6
0.415,2.222
0.403,-0.079
0.372,-1.657
0.177,-0.138
0.109,-1.438
-0.115,-1.655
-0.147,0.516
-0.075,0.279
-0.143,1.736
-0.238,1.302
-0.403,-0.182
-0.403,1.295
-0.444,1.198
-0.671,0.048
-0.887,1.226
-0.961,-1.296
-1.024,0.488
-1.044,0.831
-1.251,-0.24
-1.138,-1.252
-1.145,-1.702
-1.359,-1.337
-1.262,-0.561
-1.462,0.804
-1.351,-1.374
-1.367,0.349
-1.546,0.571
-1.662,-0.141
-1.681,-1.656
-1.824,2.085
-1.898,-1.69
-1.769,-0.436
-1.813,-0.7
-1.972,1.277
-2.054,-0.708
-2.138,-1.485
-2.338,0.918
-2.657,1.134
-2.704,0.047
-2.594,1.008
-2.782,-0.408
-2.8,0.956
-2.881,1.189
-2.923,0.74
-2.816,-1.519
-2.97,0.346
-2.893,-0.642
-2.918,-1.633
-2.983,-1.11
3.123,0.598
2.953,-0.687
2.665,-0.3
2.633,0.815
2.702,1.201
2.67,0.778
2.521,0.904
2.509,0.043
2.453,0.656
2.483,-0.403
2.434,-1.614
2.112,-1.642
2.056,-1.759
1.831,-1.941
1.893,-2.011
0.204,-2.069
0.096,-2.035
-0.057,-1.839
-0.041,-1.796
-0.263,-1.902
-0.734,-1.907
-0.816,-1.893
-3.137,-1.932
2.549,-1.759
2.406,-2.13
1.464,2.373
1.498,2.334
1.303,2.613
1.211,2.558
0.786,2.607
0.889,2.508
0.179,2.243
0.335,2.597
0.124,2.557
0.015,2.623
-0.664,2.569
-1.3,2.572
-2.181,2.402
-2.094,2.507
-2.447,2.683
-2.566,2.669
3.041,2.305
3.005,2.661
2.705,2.693
2.672,2.518
2.615,2.412
1.927,-0.826
0.866,-0.166
0.755,-0.405
0.443,-1.174
-1.821,1.375
-1.975,-0.066
-2.001,0.154
-2.753,0.854
2.759,-1.656
-0.297,1.591
-1.621,0.201
-2.202,1.016
-2.154,0.553
-2.572,-0.585
-2.837,0.19
-2.778,1.078
-3.123,-0.193
3.054,1.099
2.84,1.23
2.806,1.372
-0.828,0.121
-0.956,1.394
-2.347,-0.9
1.022,-1.78
-2.446,-1.605
-2.803,-1.49
-0.005,0.049
0.008,-0.301
-0.091,-1.318
-0.116,0.565
-0.123,1.251
-0.149,1.029
-0.16,-1.754
-0.111,-0.992
-0.137,-0.845
-0.198,-0.71
-0.191,-2.104
-0.283,0.539
-0.225,0.184
-0.249,-1.014
-0.336,1.203
-0.364,0.402
-0.43,0.284
-0.395,0.192
-0.445,1.428
-0.508,-1.305
-0.516,-1.203
-0.63,-0.389
-0.573,-0.797
-0.609,0.54
-0.67,1.042
-0.636,-0.23
-0.726,-1.187
-0.694,-0.485
-0.754,0.687
-0.711,-1.391
-0.768,0.324
-0.854,0.763
-0.934,-0.743
-0.921,0.838
-1.012,-0.145
-1.037,0.279
-0.988,-1.107
-1.063,-2.209
-1.139,-2.095
-1.172,-0.785
-1.264,0.367
-1.322,-2.308
-1.317,-0.659
-1.494,0.834
-1.51,-1.434
-1.602,-1.282
-1.642,-0.132
-1.874,-0.056
-1.875,-1.455
-1.896,1.416
-1.978,-1.82
-1.954,1.308
-1.954,0.08
-2.034,1.282
-2.059,0.344
-2.009,1.68
-2.074,1.214
-2.074,-1.904
-2.179,-0.723
-2.19,-0.711
-2.122,-1.177
-2.128,1.335
-2.214,-0.586
-2.24,-1.074
-2.239,0.62
-2.232,-1.161
-2.225,0.969
-2.323,0.666
-2.452,0.485
-2.473,0.138
-2.539,-0.252
-2.522,0.361
-2.62,-0.332
-2.627,0.02
-2.77,-1.042
-2.751,0.067
-2.762,-1.841
-2.821,0.205
-2.813,-1.776
-2.927,-0.71
-2.886,-2.36
-2.962,0.251
-2.907,-0.209
-2.91,-0.599
-2.932,-0.412
-3.049,1.386
3.131,-1.484
-3.102,-2.414
3.034,-0.493
3.009,-2.005
3.006,-0.79
2.956,-0.963
2.895,-1.769
2.932,-2.045
2.867,-1.34
2.949,-1.993
2.874,-1.95
2.769,-2.016
2.773,0.461
2.705,-1.899
2.67,-1.872
2.641,-2.014
2.573,-0.977
2.581,-2.353
2.611,-2.207
2.503,-0.979
2.532,0.29
2.451,0.462
2.496,0.167
2.483,0.481
2.402,-0.184
2.229,-2.636
2.093,-2.669
1.771,-2.397
1.368,-2.546
1.179,-2.623
0.987,-2.696
0.781,-2.64
-0.236,-2.58
-0.676,-2.69
-0.767,-2.757
-0.919,-2.626
-1.418,-2.752
-1.488,-2.6
-1.602,-2.788
-2.123,-2.633
-2.289,-2.514
-2.365,-2.471
-2.437,-2.628
-3.14,-2.482
2.955,-2.6
2.693,-2.66
2.684,-2.411
2.619,-2.874
2.556,-2.413
2.177,1.883
1.706,1.931
1.406,1.895
1.142,2.054
0.924,1.947
0.908,1.838
0.356,2.001
-0.445,1.802
-0.89,1.88
-1.073,2.09
-1.901,1.789
-2.474,1.758
-2.523,1.96
-2.508,2.075
-2.636,1.657
-2.565,1.959
-2.667,1.71
-2.595,1.739
-2.828,1.981
3.077,1.974
3.049,2.078
2.794,1.951
1.366,-1.459
0.369,-1.862
-0.003,-2.257
0.189,-2.752
-1.561,1.997
-2.822,1.862
2.436,0.051
2.343,0.264
2.143,1.15
2.272,-0.931
2.261,-1.758
2.232,-1.876
2.09,1.305
2.074,-2.138
1.86,-1.425
1.759,-1.474
1.757,-1.02
1.762,-0.251
1.45,0.336
1.445,-1.207
1.533,-2.352
1.457,0.373
1.379,-2.045
1.274,-1.738
1.263,0.006
1.136,-0.476
1.146,-1.298
1.186,0.019
1.168,-1.022
1.158,-0.131
0.945,1.617
1.064,0.325
0.914,-0.116
0.912,-1.203
0.986,-0.808
0.929,-0.054
0.435,1.568
0.423,-0.733
0.392,-2.311
0.197,-0.792
0.129,-2.092
-0.095,-2.309
-0.127,-0.138
-0.055,-0.375
-0.123,1.082
-0.218,0.648
-0.383,-0.836
-0.383,0.641
-0.424,0.544
-0.651,-0.606
-0.867,0.572
-0.941,-1.95
-1.004,-0.166
-1.024,0.177
-1.231,-0.894
-1.118,-1.906
-1.125,-2.356
-1.339,-1.991
-1.242,-1.215
-1.442,0.15
-1.331,-2.028
-1.347,-0.305
-1.526,-0.083
-1.642,-0.795
-1.661,-2.31
-1.804,1.431
-1.878,-2.344
-1.749,-1.09
-1.793,-1.354
-1.952,0.623
-2.034,-1.362
-2.118,-2.139
-2.318,0.264
-2.637,0.48
-2.684,-0.607
-2.574,0.354
-2.762,-1.062
-2.78,0.302
-2.861,0.535
-2.903,0.086
-2.796,-2.173
-2.95,-0.308
-2.873,-1.296
-2.898,-2.287
-2.963,-1.764
-3.14,-0.056
2.973,-1.341
2.685,-0.954
2.653,0.161
2.722,0.547
2.69,0.124
2.541,0.25
2.529,-0.611
2.473,0.002
2.503,-1.057
2.454,-2.268
2.132,-2.296
2.076,-2.413
1.851,-2.595
1.913,-2.665
0.224,-2.723
0.116,-2.689
-0.037,-2.493
-0.021,-2.45
-0.243,-2.556
-0.714,-2.561
-0.796,-2.547
-3.117,-2.586
2.569,-2.413
2.426,-2.784
1.484,1.719
1.518,1.68
1.323,1.959
1.231,1.904
0.806,1.953
0.909,1.854
0.199,1.589
0.355,1.943
0.144,1.903
0.035,1.969
-0.644,1.915
-1.28,1.918
-2.161,1.748
-2.074,1.853
-2.427,2.029
-2.546,2.015
3.061,1.651
3.025,2.007
2.725,2.039
2.692,1.864
2.635,1.758
1.947,-1.48
0.886,-0.82
0.775,-1.059
0.463,-1.828
-1.801,0.721
-1.955,-0.72
-1.981,-0.5
-2.733,0.2
2.779,-2.31
-0.277,0.937
-1.601,-0.453
-2.182,0.362
-2.134,-0.101
-2.552,-1.239
-2.817,-0.464
-2.758,0.424
-3.103,-0.847
3.074,0.445
2.86,0.576
2.826,0.718
-0.808,-0.533
-0.936,0.74
-2.327,-1.554
1.042,-2.434
-2.426,-2.259
-2.783,-2.144
0.013,-0.35
-0.086,-1.367
-0.111,0.516
-0.118,1.202
-0.144,0.98
-0.155,-1.803
-0.106,-1.041
-0.132,-0.894
-0.193,-0.759
-0.186,-2.153
-0.278,0.49
-0.22,0.135
-0.244,-1.063
-0.331,1.154
-0.359,0.353
-0.425,0.235
-0.39,0.143
-0.44,1.379
-0.503,-1.354
-0.511,-1.252
-0.625,-0.438
-0.568,-0.846
-0.604,0.491
-0.665,0.993
-0.631,-0.279
-0.721,-1.236
-0.689,-0.534
-0.749,0.638
-0.706,-1.44
-0.763,0.275
-0.849,0.714
-0.929,-0.792
-0.916,0.789
-1.007,-0.194
-1.032,0.23
-0.983,-1.156
-1.058,-2.258
-1.134,-2.144
-1.167,-0.834
-1.259,0.318
-1.317,-2.357
-1.312,-0.708
-1.489,0.785
-1.505,-1.483
-1.597,-1.331
-1.637,-0.181
-1.869,-0.105
-1.87,-1.504
-1.891,1.367
-1.973,-1.869
-1.949,1.259
-1.949,0.031
-2.029,1.233
-2.054,0.295
-2.004,1.631
-2.069,1.165
-2.069,-1.953
-2.174,-0.772
-2.185,-0.76
-2.117,-1.226
-2.123,1.286
-2.209,-0.635
-2.235,-1.123
-2.234,0.571
-2.227,-1.21
-2.22,0.92
-2.318,0.617
-2.447,0.436
-2.468,0.089
-2.534,-0.301
-2.517,0.312
-2.615,-0.381
-2.622,-0.029
-2.765,-1.091
-2.746,0.018
-2.757,-1.89
-2.816,0.156
-2.808,-1.825
-2.922,-0.759
-2.881,-2.409
-2.957,0.202
-2.902,-0.258
-2.905,-0.648
-2.927,-0.461
-3.044,1.337
3.136,-1.533
-3.097,-2.463
3.039,-0.542
3.014,-2.054
3.011,-0.839
2.961,-1.012
2.9,-1.818
2.937,-2.094
2.872,-1.389
2.954,-2.042
2.879,-1.999
2.774,-2.065
2.778,0.412
2.71,-1.948
2.675,-1.921
2.646,-2.063
2.578,-1.026
2.586,-2.402
2.616,-2.256
2.508,-1.028
2.537,0.241
2.456,0.413
2.501,0.118
2.488,0.432
2.407,-0.233
2.234,-2.685
2.098,-2.718
1.776,-2.446
1.373,-2.595
1.184,-2.672
0.992,-2.745
0.786,-2.689
-0.231,-2.629
-0.671,-2.739
-0.762,-2.806
-0.914,-2.675
-1.413,-2.801
-1.483,-2.649
-1.597,-2.837
-2.118,-2.682
-2.284,-2.563
-2.36,-2.52
-2.432,-2.677
-3.135,-2.531
2.96,-2.649
2.698,-2.709
2.689,-2.46
2.624,-2.923
2.561,-2.462
2.182,1.834
1.711,1.882
1.411,1.846
1.147,2.005
0.929,1.898
0.913,1.789
0.361,1.952
-0.44,1.753
-0.885,1.831
-1.068,2.041
-1.896,1.74
-2.469,1.709
-2.518,1.911
-2.503,2.026
-2.631,1.608
-2.56,1.91
-2.662,1.661
-2.59,1.69
-2.823,1.932
3.082,1.925
3.054,2.029
2.799,1.902
1.371,-1.508
0.374,-1.911
0.002,-2.306
0.194,-2.801
-1.556,1.948
-2.817,1.813
2.441,0.002
2.348,0.215
2.148,1.101
2.277,-0.98
2.266,-1.807
2.237,-1.925
2.095,1.256
2.079,-2.187
1.865,-1.474
1.764,-1.523
1.762,-1.069
1.767,-0.3
1.455,0.287
1.45,-1.256
1.538,-2.401
1.462,0.324
1.384,-2.094
1.279,-1.787
1.268,-0.043
1.141,-0.525
1.151,-1.347
1.191,-0.03
1.173,-1.071
1.163,-0.18
0.95,1.568
1.069,0.276
0.919,-0.165
0.917,-1.252
0.991,-0.857
0.934,-0.103
0.44,1.519
0.428,-0.782
0.397,-2.36
0.202,-0.841
0.134,-2.141
-0.09,-2.358
-0.122,-0.187
-0.05,-0.424
-0.118,1.033
-0.213,0.599
-0.378,-0.885
-0.378,0.592
-0.419,0.495
-0.646,-0.655
-0.862,0.523
-0.936,-1.999
-0.999,-0.215
-1.019,0.128
-1.226,-0.943
-1.113,-1.955
-1.12,-2.405
-1.334,-2.04
-1.237,-1.264
-1.437,0.101
-1.326,-2.077
-1.342,-0.354
-1.521,-0.132
-1.637,-0.844
-1.656,-2.359
-1.799,1.382
-1.873,-2.393
-1.744,-1.139
-1.788,-1.403
-1.947,0.574
-2.029,-1.411
-2.113,-2.188
-2.313,0.215
-2.632,0.431
-2.679,-0.656
-2.569,0.305
-2.757,-1.111
-2.775,0.253
-2.856,0.486
-2.898,0.037
-2.791,-2.222
-2.945,-0.357
-2.868,-1.345
-2.893,-2.336
-2.958,-1.813
-3.135,-0.105
2.978,-1.39
2.69,-1.003
2.658,0.112
2.727,0.498
2.695,0.075
2.546,0.201
2.534,-0.66
2.478,-0.047
2.508,-1.106
2.459,-2.317
2.137,-2.345
2.081,-2.462
1.856,-2.644
1.918,-2.714
0.229,-2.772
0.121,-2.738
-0.032,-2.542
-0.016,-2.499
-0.238,-2.605
-0.709,-2.61
-0.791,-2.596
-3.112,-2.635
2.574,-2.462
2.431,-2.833
1.489,1.67
1.523,1.631
1.328,1.91
1.236,1.855
0.811,1.904
0.914,1.805
0.204,1.54
0.36,1.894
0.149,1.854
0.04,1.92
-0.639,1.866
-1.275,1.869
-2.156,1.699
-2.069,1.804
-2.422,1.98
-2.541,1.966
3.066,1.602
3.03,1.958
2.73,1.99
2.697,1.815
2.64,1.709
1.952,-1.529
0.891,-0.869
0.78,-1.108
0.468,-1.877
-1.796,0.672
-1.95,-0.769
-1.976,-0.549
-2.728,0.151
2.784,-2.359
-0.272,0.888
-1.596,-0.502
-2.177,0.313
-2.129,-0.15
-2.547,-1.288
-2.812,-0.513
-2.753,0.375
-3.098,-0.896
3.079,0.396
2.865,0.527
2.831,0.669
-0.803,-0.582
-0.931,0.691
-2.322,-1.603
1.047,-2.483
-2.421,-2.308
-2.778,-2.193
-0.099,-1.017
-0.124,0.866
-0.131,1.552
-0.157,1.33
-0.168,-1.453
-0.119,-0.691
-0.145,-0.544
-0.206,-0.409
-0.199,-1.803
-0.291,0.84
-0.233,0.485
-0.257,-0.713
-0.344,1.504
-0.372,0.703
-0.438,0.585
-0.403,0.493
-0.453,1.729
-0.516,-1.004
-0.524,-0.902
-0.638,-0.088
-0.581,-0.496
-0.617,0.841
-0.678,1.343
-0.644,0.071
-0.734,-0.886
-0.702,-0.184
-0.762,0.988
-0.719,-1.09
-0.776,0.625
-0.862,1.064
-0.942,-0.442
-0.929,1.139
-1.02,0.156
-1.045,0.58
-0.996,-0.806
-1.071,-1.908
-1.147,-1.794
-1.18,-0.484
-1.272,0.668
-1.33,-2.007
-1.325,-0.358
-1.502,1.135
-1.518,-1.133
-1.61,-0.981
-1.65,0.169
-1.882,0.245
-1.883,-1.154
-1.904,1.717
-1.986,-1.519
-1.962,1.609
-1.962,0.381
-2.042,1.583
-2.067,0.645
-2.017,1.981
-2.082,1.515
-2.082,-1.603
-2.187,-0.422
-2.198,-0.41
-2.13,-0.876
-2.136,1.636
-2.222,-0.285
-2.248,-0.773
-2.247,0.921
-2.24,-0.86
-2.233,1.27
-2.331,0.967
-2.46,0.786
-2.481,0.439
-2.547,0.049
-2.53,0.662
-2.628,-0.031
-2.635,0.321
-2.778,-0.741
-2.759,0.368
-2.77,-1.54
-2.829,0.506
-2.821,-1.475
-2.935,-0.409
-2.894,-2.059
-2.97,0.552
-2.915,0.092
-2.918,-0.298
-2.94,-0.111
-3.057,1.687
3.123,-1.183
-3.11,-2.113
3.026,-0.192
3.001,-1.704
2.998,-0.489
2.948,-0.662
2.887,-1.468
2.924,-1.744
2.859,-1.039
2.941,-1.692
2.866,-1.649
2.761,-1.715
2.765,0.762
2.697,-1.598
2.662,-1.571
2.633,-1.713
2.565,-0.676
2.573,-2.052
2.603,-1.906
2.495,-0.678
2.524,0.591
2.443,0.763
2.488,0.468
2.475,0.782
2.394,0.117
2.221,-2.335
2.085,-2.368
1.763,-2.096
1.36,-2.245
1.171,-2.322
0.979,-2.395
0.773,-2.339
-0.244,-2.279
-0.684,-2.389
-0.775,-2.456
-0.927,-2.325
-1.426,-2.451
-1.496,-2.299
-1.61,-2.487
-2.131,-2.332
-2.297,-2.213
-2.373,-2.17
-2.445,-2.327
3.135,-2.181
2.947,-2.299
2.685,-2.359
2.676,-2.11
2.611,-2.573
2.548,-2.112
2.169,2.184
1.698,2.232
1.398,2.196
1.134,2.355
0.916,2.248
0.9,2.139
0.348,2.302
-0.453,2.103
-0.898,2.181
-1.081,2.391
-1.909,2.09
-2.482,2.059
-2.531,2.261
-2.516,2.376
-2.644,1.958
-2.573,2.26
-2.675,2.011
-2.603,2.04
-2.836,2.282
3.069,2.275
3.041,2.379
2.786,2.252
1.358,-1.158
0.361,-1.561
-0.011,-1.956
0.181,-2.451
-1.569,2.298
-2.83,2.163
2.428,0.352
2.335,0.565
2.135,1.451
2.264,-0.63
2.253,-1.457
2.224,-1.575
2.082,1.606
2.066,-1.837
1.852,-1.124
1.751,-1.173
1.749,-0.719
1.754,0.05
1.442,0.637
1.437,-0.906
1.525,-2.051
1.449,0.674
1.371,-1.744
1.266,-1.437
1.255,0.307
1.128,-0.175
1.138,-0.997
1.178,0.32
1.16,-0.721
1.15,0.17
0.937,1.918
1.056,0.626
0.906,0.185
0.904,-0.902
0.978,-0.507
0.921,0.247
0.427,1.869
0.415,-0.432
0.384,-2.01
0.189,-0.491
0.121,-1.791
-0.103,-2.008
-0.135,0.163
-0.063,-0.074
-0.131,1.383
-0.226,0.949
-0.391,-0.535
-0.391,0.942
-0.432,0.845
-0.659,-0.305
-0.875,0.873
-0.949,-1.649
-1.012,0.135
-1.032,0.478
-1.239,-0.593
-1.126,-1.605
-1.133,-2.055
-1.347,-1.69
-1.25,-0.914
-1.45,0.451
-1.339,-1.727
-1.355,-0.004
-1.534,0.218
-1.65,-0.494
-1.669,-2.009
-1.812,1.732
-1.886,-2.043
-1.757,-0.789
-1.801,-1.053
-1.96,0.924
-2.042,-1.061
-2.126,-1.838
-2.326,0.565
-2.645,0.781
-2.692,-0.306
-2.582,0.655
-2.77,-0.761
-2.788,0.603
-2.869,0.836
-2.911,0.387
-2.804,-1.872
-2.958,-0.007
-2.881,-0.995
-2.906,-1.986
-2.971,-1.463
3.135,0.245
2.965,-1.04
2.677,-0.653
2.645,0.462
2.714,0.848
2.682,0.425
2.533,0.551
2.521,-0.31
2.465,0.303
2.495,-0.756
2.446,-1.967
2.124,-1.995
2.068,-2.112
1.843,-2.294
1.905,-2.364
0.216,-2.422
0.108,-2.388
-0.045,-2.192
-0.029,-2.149
-0.251,-2.255
-0.722,-2.26
-0.804,-2.246
-3.125,-2.285
2.561,-2.112
2.418,-2.483
1.476,2.02
1.51,1.981
1.315,2.26
1.223,2.205
0.798,2.254
0.901,2.155
0.191,1.89
0.347,2.244
0.136,2.204
0.027,2.27
-0.652,2.216
-1.288,2.219
-2.169,2.049
-2.082,2.154
-2.435,2.33
-2.554,2.316
3.053,1.952
3.017,2.308
2.717,2.34
2.684,2.165
2.627,2.059
1.939,-1.179
0.878,-0.519
0.767,-0.758
0.455,-1.527
-1.809,1.022
-1.963,-0.419
-1.989,-0.199
-2.741,0.501
2.771,-2.009
-0.285,1.238
-1.609,-0.152
-2.19,0.663
-2.142,0.2
-2.56,-0.938
-2.825,-0.163
-2.766,0.725
-3.111,-0.546
3.066,0.746
2.852,0.877
2.818,1.019
-0.816,-0.232
-0.944,1.041
-2.335,-1.253
1.034,-2.133
-2.434,-1.958
-2.791,-1.843
-0.025,1.883
-0.032,2.569
-0.058,2.347
-0.069,-0.436
-0.02,0.326
-0.046,0.473
-0.107,0.608
-0.1,-0.786
-0.192,1.857
-0.134,1.502
-0.158,0.304
-0.245,2.521
-0.273,1.72
-0.339,1.602
-0.304,1.51
-0.354,2.746
-0.417,0.013
-0.425,0.115
-0.539,0.929
-0.482,0.521
-0.518,1.858
-0.579,2.36
-0.545,1.088
-0.635,0.131
-0.603,0.833
-0.663,2.005
-0.62,-0.073
-0.677,1.642
-0.763,2.081
-0.843,0.575
-0.83,2.156
-0.921,1.173
-0.946,1.597
-0.897,0.211
-0.972,-0.891
-1.048,-0.777
-1.081,0.533
-1.173,1.685
-1.231,-0.99
-1.226,0.659
-1.403,2.152
-1.419,-0.116
-1.511,0.036
-1.551,1.186
-1.783,1.262
-1.784,-0.137
-1.805,2.734
-1.887,-0.502
-1.863,2.626
-1.863,1.398
-1.943,2.6
-1.968,1.662
-1.918,2.998
-1.983,2.532
-1.983,-0.586
-2.088,0.595
-2.099,0.607
-2.031,0.141
-2.037,2.653
-2.123,0.732
-2.149,0.244
-2.148,1.938
-2.141,0.157
-2.134,2.287
-2.232,1.984
-2.361,1.803
-2.382,1.456
-2.448,1.066
-2.431,1.679
-2.529,0.986
-2.536,1.338
-2.679,0.276
-2.66,1.385
-2.671,-0.523
-2.73,1.523
-2.722,-0.458
-2.836,0.608
-2.795,-1.042
-2.871,1.569
-2.816,1.109
-2.819,0.719
-2.841,0.906
-2.958,2.704
-3.061,-0.166
-3.011,-1.096
3.125,0.825
3.1,-0.687
3.097,0.528
3.047,0.355
2.986,-0.451
3.023,-0.727
2.958,-0.022
3.04,-0.675
2.965,-0.632
2.86,-0.698
2.864,1.779
2.796,-0.581
2.761,-0.554
2.732,-0.696
2.664,0.341
2.672,-1.035
2.702,-0.889
2.594,0.339
2.623,1.608
2.542,1.78
2.587,1.485
2.574,1.799
2.493,1.134
2.32,-1.318
2.184,-1.351
1.862,-1.079
1.459,-1.228
1.27,-1.305
1.078,-1.378
0.872,-1.322
-0.145,-1.262
-0.585,-1.372
-0.676,-1.439
-0.828,-1.308
-1.327,-1.434
-1.397,-1.282
-1.511,-1.47
-2.032,-1.315
-2.198,-1.196
-2.274,-1.153
-2.346,-1.31
-3.049,-1.164
3.046,-1.282
2.784,-1.342
2.775,-1.093
2.71,-1.556
2.647,-1.095
2.268,3.201
1.797,3.249
1.497,3.213
1.233,3.372
1.015,3.265
0.999,3.156
0.447,3.319
-0.354,3.12
-0.799,3.198
-0.982,3.408
-1.81,3.107
-2.383,3.076
-2.432,3.278
-2.417,3.393
-2.545,2.975
-2.474,3.277
-2.576,3.028
-2.504,3.057
-2.737,3.299
-3.115,3.292
3.14,3.396
2.885,3.269
1.457,-0.141
0.46,-0.544
0.088,-0.939
0.28,-1.434
-1.47,3.315
-2.731,3.18
2.527,1.369
2.434,1.582
2.234,2.468
2.363,0.387
2.352,-0.44
2.323,-0.558
2.181,2.623
2.165,-0.82
1.951,-0.107
1.85,-0.156
1.848,0.298
1.853,1.067
1.541,1.654
1.536,0.111
1.624,-1.034
1.548,1.691
1.47,-0.727
1.365,-0.42
1.354,1.324
1.227,0.842
1.237,0.02
1.277,1.337
1.259,0.296
1.249,1.187
1.036,2.935
1.155,1.643
1.005,1.202
1.003,0.115
1.077,0.51
1.02,1.264
0.526,2.886
0.514,0.585
0.483,-0.993
0.288,0.526
0.22,-0.774
-0.004,-0.991
-0.036,1.18
0.036,0.943
-0.032,2.4
-0.127,1.966
-0.292,0.482
-0.292,1.959
-0.333,1.862
-0.56,0.712
-0.776,1.89
-0.85,-0.632
-0.913,1.152
-0.933,1.495
-1.14,0.424
-1.027,-0.588
-1.034,-1.038
-1.248,-0.673
-1.151,0.103
-1.351,1.468
-1.24,-0.71
-1.256,1.013
-1.435,1.235
-1.551,0.523
-1.57,-0.992
-1.713,2.749
-1.787,-1.026
-1.658,0.228
-1.702,-0.036
-1.861,1.941
-1.943,-0.044
-2.027,-0.821
-2.227,1.582
-2.546,1.798
-2.593,0.711
-2.483,1.672
-2.671,0.256
-2.689,1.62
-2.77,1.853
-2.812,1.404
-2.705,-0.855
-2.859,1.01
-2.782,0.022
-2.807,-0.969
-2.872,-0.446
-3.049,1.262
3.064,-0.023
2.776,0.364
2.744,1.479
2.813,1.865
2.781,1.442
2.632,1.568
2.62,0.707
2.564,1.32
2.594,0.261
2.545,-0.95
2.223,-0.978
2.167,-1.095
1.942,-1.277
2.004,-1.347
0.315,-1.405
0.207,-1.371
0.054,-1.175
0.07,-1.132
-0.152,-1.238
-0.623,-1.243
-0.705,-1.229
-3.026,-1.268
2.66,-1.095
2.517,-1.466
1.575,3.037
1.609,2.998
1.414,3.277
1.322,3.222
0.897,3.271
1.0,3.172
0.29,2.907
0.446,3.261
0.235,3.221
0.126,3.287
-0.553,3.233
-1.189,3.236
-2.07,3.066
-1.983,3.171
-2.336,3.347
-2.455,3.333
-3.131,2.969
3.116,3.325
2.816,3.357
2.783,3.182
2.726,3.076
2.038,-0.162
0.977,0.498
0.866,0.259
0.554,-0.51
-1.71,2.039
-1.864,0.598
-1.89,0.818
-2.642,1.518
2.87,-0.992
-0.186,2.255
-1.51,0.865
-2.091,1.68
-2.043,1.217
-2.461,0.079
-2.726,0.854
-2.667,1.742
-3.012,0.471
-3.118,1.763
2.951,1.894
2.917,2.036
-0.717,0.785
-0.845,2.058
-2.236,-0.236
1.133,-1.116
-2.335,-0.941
-2.692,-0.826
-0.007,0.686
-0.033,0.464
-0.044,-2.319
0.005,-1.557
-0.021,-1.41
-0.082,-1.275
-0.075,-2.669
-0.167,-0.026
-0.109,-0.381
-0.133,-1.579
-0.22,0.638
-0.248,-0.163
-0.314,-0.281
-0.279,-0.373
-0.329,0.863
-0.392,-1.87
-0.4,-1.768
-0.514,-0.954
-0.457,-1.362
-0.493,-0.025
-0.554,0.477
-0.52,-0.795
-0.61,-1.752
-0.578,-1.05
-0.638,0.122
-0.595,-1.956
-0.652,-0.241
-0.738,0.198
-0.818,-1.308
-0.805,0.273
-0.896,-0.71
-0.921,-0.286
-0.872,-1.672
-0.947,-2.774
-1.023,-2.66
-1.056,-1.35
-1.148,-0.198
-1.206,-2.873
-1.201,-1.224
-1.378,0.269
-1.394,-1.999
-1.486,-1.847
-1.526,-0.697
-1.758,-0.621
-1.759,-2.02
-1.78,0.851
-1.862,-2.385
-1.838,0.743
-1.838,-0.485
-1.918,0.717
-1.943,-0.221
-1.893,1.115
-1.958,0.649
-1.958,-2.469
-2.063,-1.288
-2.074,-1.276
-2.006,-1.742
-2.012,0.77
-2.098,-1.151
-2.124,-1.639
-2.123,0.055
-2.116,-1.726
-2.109,0.404
-2.207,0.101
-2.336,-0.08
-2.357,-0.427
-2.423,-0.817
-2.406,-0.204
-2.504,-0.897
-2.511,-0.545
-2.654,-1.607
-2.635,-0.498
-2.646,-2.406
-2.705,-0.36
-2.697,-2.341
-2.811,-1.275
-2.77,-2.925
-2.846,-0.314
-2.791,-0.774
-2.794,-1.164
-2.816,-0.977
-2.933,0.821
-3.036,-2.049
-2.986,-2.979
-3.133,-1.058
3.125,-2.57
3.122,-1.355
3.072,-1.528
3.011,-2.334
3.048,-2.61
2.983,-1.905
3.065,-2.558
2.99,-2.515
2.885,-2.581
2.889,-0.104
2.821,-2.464
2.786,-2.437
2.757,-2.579
2.689,-1.542
2.697,-2.918
2.727,-2.772
2.619,-1.544
2.648,-0.275
2.567,-0.103
2.612,-0.398
2.599,-0.084
2.518,-0.749
2.345,-3.201
2.209,-3.234
1.887,-2.962
1.484,-3.111
1.295,-3.188
1.103,-3.261
0.897,-3.205
-0.12,-3.145
-0.56,-3.255
-0.651,-3.322
-0.803,-3.191
-1.302,-3.317
-1.372,-3.165
-1.486,-3.353
-2.007,-3.198
-2.173,-3.079
-2.249,-3.036
-2.321,-3.193
-3.024,-3.047
3.071,-3.165
2.809,-3.225
2.8,-2.976
2.735,-3.439
2.672,-2.978
2.293,1.318
1.822,1.366
1.522,1.33
1.258,1.489
1.04,1.382
1.024,1.273
0.472,1.436
-0.329,1.237
-0.774,1.315
-0.957,1.525
-1.785,1.224
-2.358,1.193
-2.407,1.395
-2.392,1.51
-2.52,1.092
-2.449,1.394
-2.551,1.145
-2.479,1.174
-2.712,1.416
-3.09,1.409
-3.118,1.513
2.91,1.386
1.482,-2.024
0.485,-2.427
0.113,-2.822
0.305,-3.317
-1.445,1.432
-2.706,1.297
2.552,-0.514
2.459,-0.301
2.259,0.585
2.388,-1.496
2.377,-2.323
2.348,-2.441
2.206,0.74
2.19,-2.703
1.976,-1.99
1.875,-2.039
1.873,-1.585
1.878,-0.816
1.566,-0.229
1.561,-1.772
1.649,-2.917
1.573,-0.192
1.495,-2.61
1.39,-2.303
1.379,-0.559
1.252,-1.041
1.262,-1.863
1.302,-0.546
1.284,-1.587
1.274,-0.696
1.061,1.052
1.18,-0.24
1.03,-0.681
1.028,-1.768
1.102,-1.373
1.045,-0.619
0.551,1.003
0.539,-1.298
0.508,-2.876
0.313,-1.357
0.245,-2.657
0.021,-2.874
-0.011,-0.703
0.061,-0.94
-0.007,0.517
-0.102,0.083
-0.267,-1.401
-0.267,0.076
-0.308,-0.021
-0.535,-1.171
-0.751,0.007
-0.825,-2.515
-0.888,-0.731
-0.908,-0.388
-1.115,-1.459
-1.002,-2.471
-1.009,-2.921
-1.223,-2.556
-1.126,-1.78
-1.326,-0.415
-1.215,-2.593
-1.231,-0.87
-1.41,-0.648
-1.526,-1.36
-1.545,-2.875
-1.688,0.866
-1.762,-2.909
-1.633,-1.655
-1.677,-1.919
-1.836,0.058
-1.918,-1.927
-2.002,-2.704
-2.202,-0.301
-2.521,-0.085
-2.568,-1.172
-2.458,-0.211
-2.646,-1.627
-2.664,-0.263
-2.745,-0.03
-2.787,-0.479
-2.68,-2.738
-2.834,-0.873
-2.757,-1.861
-2.782,-2.852
-2.847,-2.329
-3.024,-0.621
3.089,-1.906
2.801,-1.519
2.769,-0.404
2.838,-0.018
2.806,-0.441
2.657,-0.315
2.645,-1.176
2.589,-0.563
2.619,-1.622
2.57,-2.833
2.248,-2.861
2.192,-2.978
1.967,-3.16
2.029,-3.23
0.34,-3.288
0.232,-3.254
0.079,-3.058
0.095,-3.015
-0.127,-3.121
-0.598,-3.126
-0.68,-3.112
-3.001,-3.151
2.685,-2.978
2.542,-3.349
1.6,1.154
1.634,1.115
1.439,1.394
1.347,1.339
0.922,1.388
1.025,1.289
0.315,1.024
0.471,1.378
0.26,1.338
0.151,1.404
-0.528,1.35
-1.164,1.353
-2.045,1.183
-1.958,1.288
-2.311,1.464
-2.43,1.45
-3.106,1.086
3.141,1.442
2.841,1.474
2.808,1.299
2.751,1.193
2.063,-2.045
1.002,-1.385
0.891,-1.624
0.579,-2.393
-1.685,0.156
-1.839,-1.285
-1.865,-1.065
-2.617,-0.365
2.895,-2.875
-0.161,0.372
-1.485,-1.018
-2.066,-0.203
-2.018,-0.666
-2.436,-1.804
-2.701,-1.029
-2.642,-0.141
-2.987,-1.412
-3.093,-0.12
2.976,0.011
2.942,0.153
-0.692,-1.098
-0.82,0.175
-2.211,-2.119
1.158,-2.999
-2.31,-2.824
-2.667,-2.709
-0.026,-0.222
-0.037,-3.005
0.012,-2.243
-0.014,-2.096
-0.075,-1.961
-0.068,-3.355
-0.16,-0.712
-0.102,-1.067
-0.126,-2.265
-0.213,-0.048
-0.241,-0.849
-0.307,-0.967
-0.272,-1.059
-0.322,0.177
-0.385,-2.556
-0.393,-2.454
-0.507,-1.64
-0.45,-2.048
-0.486,-0.711
-0.547,-0.209
-0.513,-1.481
-0.603,-2.438
-0.571,-1.736
-0.631,-0.564
-0.588,-2.642
-0.645,-0.927
-0.731,-0.488
-0.811,-1.994
-0.798,-0.413
-0.889,-1.396
-0.914,-0.972
-0.865,-2.358
-0.94,-3.46
-1.016,-3.346
-1.049,-2.036
-1.141,-0.884
-1.199,-3.559
-1.194,-1.91
-1.371,-0.417
-1.387,-2.685
-1.479,-2.533
-1.519,-1.383
-1.751,-1.307
-1.752,-2.706
-1.773,0.165
-1.855,-3.071
-1.831,0.057
-1.831,-1.171
-1.911,0.031
-1.936,-0.907
-1.886,0.429
-1.951,-0.037
-1.951,-3.155
-2.056,-1.974
-2.067,-1.962
-1.999,-2.428
-2.005,0.084
-2.091,-1.837
-2.117,-2.325
-2.116,-0.631
-2.109,-2.412
-2.102,-0.282
-2.2,-0.585
-2.329,-0.766
-2.35,-1.113
-2.416,-1.503
-2.399,-0.89
-2.497,-1.583
-2.504,-1.231
-2.647,-2.293
-2.628,-1.184
-2.639,-3.092
-2.698,-1.046
-2.69,-3.027
-2.804,-1.961
-2.763,-3.611
-2.839,-1.0
-2.784,-1.46
-2.787,-1.85
-2.809,-1.663
-2.926,0.135
-3.029,-2.735
-2.979,-3.665
-3.126,-1.744
3.132,-3.256
3.129,-2.041
3.079,-2.214
3.018,-3.02
3.055,-3.296
2.99,-2.591
3.072,-3.244
2.997,-3.201
2.892,-3.267
2.896,-0.79
2.828,-3.15
2.793,-3.123
2.764,-3.265
2.696,-2.228
2.704,-3.604
2.734,-3.458
2.626,-2.23
2.655,-0.961
2.574,-0.789
2.619,-1.084
2.606,-0.77
2.525,-1.435
2.352,-3.887
2.216,-3.92
1.894,-3.648
1.491,-3.797
1.302,-3.874
1.11,-3.947
0.904,-3.891
-0.113,-3.831
-0.553,-3.941
-0.644,-4.008
-0.796,-3.877
-1.295,-4.003
-1.365,-3.851
-1.479,-4.039
-2.0,-3.884
-2.166,-3.765
-2.242,-3.722
-2.314,-3.879
-3.017,-3.733
3.078,-3.851
2.816,-3.911
2.807,-3.662
2.742,-4.125
2.679,-3.664
2.3,0.632
1.829,0.68
1.529,0.644
1.265,0.803
1.047,0.696
1.031,0.587
0.479,0.75
-0.322,0.551
-0.767,0.629
-0.95,0.839
-1.778,0.538
-2.351,0.507
-2.4,0.709
-2.385,0.824
-2.513,0.406
-2.442,0.708
-2.544,0.459
-2.472,0.488
-2.705,0.73
-3.083,0.723
-3.111,0.827
2.917,0.7
1.489,-2.71
0.492,-3.113
0.12,-3.508
0.312,-4.003
-1.438,0.746
-2.699,0.611
2.559,-1.2
2.466,-0.987
2.266,-0.101
2.395,-2.182
2.384,-3.009
2.355,-3.127
2.213,0.054
2.197,-3.389
1.983,-2.676
1.882,-2.725
1.88,-2.271
1.885,-1.502
1.573,-0.915
1.568,-2.458
1.656,-3.603
1.58,-0.878
1.502,-3.296
1.397,-2.989
1.386,-1.245
1.259,-1.727
1.269,-2.549
1.309,-1.232
1.291,-2.273
1.281,-1.382
1.068,0.366
1.187,-0.926
1.037,-1.367
1.035,-2.454
1.109,-2.059
1.052,-1.305
0.558,0.317
0.546,-1.984
0.515,-3.562
0.32,-2.043
0.252,-3.343
0.028,-3.56
-0.004,-1.389
0.068,-1.626
0.0,-0.169
-0.095,-0.603
-0.26,-2.087
-0.26,-0.61
-0.301,-0.707
-0.528,-1.857
-0.744,-0.679
-0.818,-3.201
-0.881,-1.417
-0.901,-1.074
-1.108,-2.145
-0.995,-3.157
-1.002,-3.607
-1.216,-3.242
-1.119,-2.466
-1.319,-1.101
-1.208,-3.279
-1.224,-1.556
-1.403,-1.334
-1.519,-2.046
-1.538,-3.561
-1.681,0.18
-1.755,-3.595
-1.626,-2.341
-1.67,-2.605
-1.829,-0.628
-1.911,-2.613
-1.995,-3.39
-2.195,-0.987
-2.514,-0.771
-2.561,-1.858
-2.451,-0.897
-2.639,-2.313
-2.657,-0.949
-2.738,-0.716
-2.78,-1.165
-2.673,-3.424
-2.827,-1.559
-2.75,-2.547
-2.775,-3.538
-2.84,-3.015
-3.017,-1.307
3.096,-2.592
2.808,-2.205
2.776,-1.09
2.845,-0.704
2.813,-1.127
2.664,-1.001
2.652,-1.862
2.596,-1.249
2.626,-2.308
2.577,-3.519
2.255,-3.547
2.199,-3.664
1.974,-3.846
2.036,-3.916
0.347,-3.974
0.239,-3.94
0.086,-3.744
0.102,-3.701
-0.12,-3.807
-0.591,-3.812
-0.673,-3.798
-2.994,-3.837
2.692,-3.664
2.549,-4.035
1.607,0.468
1.641,0.429
1.446,0.708
1.354,0.653
0.929,0.702
1.032,0.603
0.322,0.338
0.478,0.692
0.267,0.652
0.158,0.718
-0.521,0.664
-1.157,0.667
-2.038,0.497
-1.951,0.602
-2.304,0.778
-2.423,0.764
-3.099,0.4
-3.135,0.756
2.848,0.788
2.815,0.613
2.758,0.507
2.07,-2.731
1.009,-2.071
0.898,-2.31
0.586,-3.079
-1.678,-0.53
-1.832,-1.971
-1.858,-1.751
-2.61,-1.051
2.902,-3.561
-0.154,-0.314
-1.478,-1.704
-2.059,-0.889
-2.011,-1.352
-2.429,-2.49
-2.694,-1.715
-2.635,-0.827
-2.98,-2.098
-3.086,-0.806
2.983,-0.675
2.949,-0.533
-0.685,-1.784
-0.813,-0.511
-2.204,-2.805
1.165,-3.685
-2.303,-3.51
-2.66,-3.395
-0.011,-2.783
0.038,-2.021
0.012,-1.874
-0.049,-1.739
-0.042,-3.133
-0.134,-0.49
-0.076,-0.845
-0.1,-2.043
-0.187,0.174
-0.215,-0.627
-0.281,-0.745
-0.246,-0.837
-0.296,0.399
-0.359,-2.334
-0.367,-2.232
-0.481,-1.418
-0.424,-1.826
-0.46,-0.489
-0.521,0.013
-0.487,-1.259
-0.577,-2.216
-0.545,-1.514
-0.605,-0.342
-0.562,-2.42
-0.619,-0.705
-0.705,-0.266
-0.785,-1.772
-0.772,-0.191
-0.863,-1.174
-0.888,-0.75
-0.839,-2.136
-0.914,-3.238
-0.99,-3.124
-1.023,-1.814
-1.115,-0.662
-1.173,-3.337
-1.168,-1.688
-1.345,-0.195
-1.361,-2.463
-1.453,-2.311
-1.493,-1.161
-1.725,-1.085
-1.726,-2.484
-1.747,0.387
-1.829,-2.849
-1.805,0.279
-1.805,-0.949
-1.885,0.253
-1.91,-0.685
-1.86,0.651
-1.925,0.185
-1.925,-2.933
-2.03,-1.752
-2.041,-1.74
-1.973,-2.206
-1.979,0.306
-2.065,-1.615
-2.091,-2.103
-2.09,-0.409
-2.083,-2.19
-2.076,-0.06
-2.174,-0.363
-2.303,-0.544
-2.324,-0.891
-2.39,-1.281
-2.373,-0.668
-2.471,-1.361
-2.478,-1.009
-2.621,-2.071
-2.602,-0.962
-2.613,-2.87
-2.672,-0.824
-2.664,-2.805
-2.778,-1.739
-2.737,-3.389
-2.813,-0.778
-2.758,-1.238
-2.761,-1.628
-2.783,-1.441
-2.9,0.357
-3.003,-2.513
-2.953,-3.443
-3.1,-1.522
-3.125,-3.034
-3.128,-1.819
3.105,-1.992
3.044,-2.798
3.081,-3.074
3.016,-2.369
3.098,-3.022
3.023,-2.979
2.918,-3.045
2.922,-0.568
2.854,-2.928
2.819,-2.901
2.79,-3.043
2.722,-2.006
2.73,-3.382
2.76,-3.236
2.652,-2.008
2.681,-0.739
2.6,-0.567
2.645,-0.862
2.632,-0.548
2.551,-1.213
2.378,-3.665
2.242,-3.698
1.92,-3.426
1.517,-3.575
1.328,-3.652
1.136,-3.725
0.93,-3.669
-0.087,-3.609
-0.527,-3.719
-0.618,-3.786
-0.77,-3.655
-1.269,-3.781
-1.339,-3.629
-1.453,-3.817
-1.974,-3.662
-2.14,-3.543
-2.216,-3.5
-2.288,-3.657
-2.991,-3.511
3.104,-3.629
2.842,-3.689
2.833,-3.44
2.768,-3.903
2.705,-3.442
2.326,0.854
1.855,0.902
1.555,0.866
1.291,1.025
1.073,0.918
1.057,0.809
0.505,0.972
-0.296,0.773
-0.741,0.851
-0.924,1.061
-1.752,0.76
-2.325,0.729
-2.374,0.931
-2.359,1.046
-2.487,0.628
-2.416,0.93
-2.518,0.681
-2.446,0.71
-2.679,0.952
-3.057,0.945
-3.085,1.049
2.943,0.922
1.515,-2.488
0.518,-2.891
0.146,-3.286
0.338,-3.781
-1.412,0.968
-2.673,0.833
2.585,-0.978
2.492,-0.765
2.292,0.121
2.421,-1.96
2.41,-2.787
2.381,-2.905
2.239,0.276
2.223,-3.167
2.009,-2.454
1.908,-2.503
1.906,-2.049
1.911,-1.28
1.599,-0.693
1.594,-2.236
1.682,-3.381
1.606,-0.656
1.528,-3.074
1.423,-2.767
1.412,-1.023
1.285,-1.505
1.295,-2.327
1.335,-1.01
1.317,-2.051
1.307,-1.16
1.094,0.588
1.213,-0.704
1.063,-1.145
1.061,-2.232
1.135,-1.837
1.078,-1.083
0.584,0.539
0.572,-1.762
0.541,-3.34
0.346,-1.821
0.278,-3.121
0.054,-3.338
0.022,-1.167
0.094,-1.404
0.026,0.053
-0.069,-0.381
-0.234,-1.865
-0.234,-0.388
-0.275,-0.485
-0.502,-1.635
-0.718,-0.457
-0.792,-2.979
-0.855,-1.195
-0.875,-0.852
-1.082,-1.923
-0.969,-2.935
-0.976,-3.385
-1.19,-3.02
-1.093,-2.244
-1.293,-0.879
-1.182,-3.057
-1.198,-1.334
-1.377,-1.112
-1.493,-1.824
-1.512,-3.339
-1.655,0.402
-1.729,-3.373
-1.6,-2.119
-1.644,-2.383
-1.803,-0.406
-1.885,-2.391
-1.969,-3.168
-2.169,-0.765
-2.488,-0.549
-2.535,-1.636
-2.425,-0.675
-2.613,-2.091
-2.631,-0.727
-2.712,-0.494
-2.754,-0.943
-2.647,-3.202
-2.801,-1.337
-2.724,-2.325
-2.749,-3.316
-2.814,-2.793
-2.991,-1.085
3.122,-2.37
2.834,-1.983
2.802,-0.868
2.871,-0.482
2.839,-0.905
2.69,-0.779
2.678,-1.64
2.622,-1.027
2.652,-2.086
2.603,-3.297
2.281,-3.325
2.225,-3.442
2.0,-3.624
2.062,-3.694
0.373,-3.752
0.265,-3.718
0.112,-3.522
0.128,-3.479
-0.094,-3.585
-0.565,-3.59
-0.647,-3.576
-2.968,-3.615
2.718,-3.442
2.575,-3.813
1.633,0.69
1.667,0.651
1.472,0.93
1.38,0.875
0.955,0.924
1.058,0.825
0.348,0.56
0.504,0.914
0.293,0.874
0.184,0.94
-0.495,0.886
-1.131,0.889
-2.012,0.719
-1.925,0.824
-2.278,1.0
-2.397,0.986
-3.073,0.622
-3.109,0.978
2.874,1.01
2.841,0.835
2.784,0.729
2.096,-2.509
1.035,-1.849
0.924,-2.088
0.612,-2.857
-1.652,-0.308
-1.806,-1.749
-1.832,-1.529
-2.584,-0.829
2.928,-3.339
-0.128,-0.092
-1.452,-1.482
-2.033,-0.667
-1.985,-1.13
-2.403,-2.268
-2.668,-1.493
-2.609,-0.605
-2.954,-1.876
-3.06,-0.584
3.009,-0.453
2.975,-0.311
-0.659,-1.562
-0.787,-0.289
-2.178,-2.583
1.191,-3.463
-2.277,-3.288
-2.634,-3.173
0.049,0.762
0.023,0.909
-0.038,1.044
-0.031,-0.35
-0.123,2.293
-0.065,1.938
-0.089,0.74
-0.176,2.957
-0.204,2.156
-0.27,2.038
-0.235,1.946
-0.285,3.182
-0.348,0.449
-0.356,0.551
-0.47,1.365
-0.413,0.957
-0.449,2.294
-0.51,2.796
-0.476,1.524
-0.566,0.567
-0.534,1.269
-0.594,2.441
-0.551,0.363
-0.608,2.078
-0.694,2.517
-0.774,1.011
-0.761,2.592
-0.852,1.609
-0.877,2.033
-0.828,0.647
-0.903,-0.455
-0.979,-0.341
-1.012,0.969
-1.104,2.121
-1.162,-0.554
-1.157,1.095
-1.334,2.588
-1.35,0.32
-1.442,0.472
-1.482,1.622
-1.714,1.698
-1.715,0.299
-1.736,3.17
-1.818,-0.066
-1.794,3.062
-1.794,1.834
-1.874,3.036
-1.899,2.098
-1.849,3.434
-1.914,2.968
-1.914,-0.15
-2.019,1.031
-2.03,1.043
-1.962,0.577
-1.968,3.089
-2.054,1.168
-2.08,0.68
-2.079,2.374
-2.072,0.593
-2.065,2.723
-2.163,2.42
-2.292,2.239
-2.313,1.892
-2.379,1.502
-2.362,2.115
-2.46,1.422
-2.467,1.774
-2.61,0.712
-2.591,1.821
-2.602,-0.087
-2.661,1.959
-2.653,-0.022
-2.767,1.044
-2.726,-0.606
-2.802,2.005
-2.747,1.545
-2.75,1.155
-2.772,1.342
-2.889,3.14
-2.992,0.27
-2.942,-0.66
-3.089,1.261
-3.114,-0.251
-3.117,0.964
3.116,0.791
3.055,-0.015
3.092,-0.291
3.027,0.414
3.109,-0.239
3.034,-0.196
2.929,-0.262
2.933,2.215
2.865,-0.145
2.83,-0.118
2.801,-0.26
2.733,0.777
2.741,-0.599
2.771,-0.453
2.663,0.775
2.692,2.044
2.611,2.216
2.656,1.921
2.643,2.235
2.562,1.57
2.389,-0.882
2.253,-0.915
1.931,-0.643
1.528,-0.792
1.339,-0.869
1.147,-0.942
0.941,-0.886
-0.076,-0.826
-0.516,-0.936
-0.607,-1.003
-0.759,-0.872
-1.258,-0.998
-1.328,-0.846
-1.442,-1.034
-1.963,-0.879
-2.129,-0.76
-2.205,-0.717
-2.277,-0.874
-2.98,-0.728
3.115,-0.846
2.853,-0.906
2.844,-0.657
2.779,-1.12
2.716,-0.659
2.337,3.637
1.866,3.685
1.566,3.649
1.302,3.808
1.084,3.701
1.068,3.592
0.516,3.755
-0.285,3.556
-0.73,3.634
-0.913,3.844
-1.741,3.543
-2.314,3.512
-2.363,3.714
-2.348,3.829
-2.476,3.411
-2.405,3.713
-2.507,3.464
-2.435,3.493
-2.668,3.735
-3.046,3.728
-3.074,3.832
2.954,3.705
1.526,0.295
0.529,-0.108
0.157,-0.503
0.349,-0.998
-1.401,3.751
-2.662,3.616
2.596,1.805
2.503,2.018
2.303,2.904
2.432,0.823
2.421,-0.004
2.392,-0.122
2.25,3.059
2.234,-0.384
2.02,0.329
1.919,0.28
1.917,0.734
1.922,1.503
1.61,2.09
1.605,0.547
1.693,-0.598
1.617,2.127
1.539,-0.291
1.434,0.016
1.423,1.76
1.296,1.278
1.306,0.456
1.346,1.773
1.328,0.732
1.318,1.623
1.105,3.371
1.224,2.079
1.074,1.638
1.072,0.551
1.146,0.946
1.089,1.7
0.595,3.322
0.583,1.021
0.552,-0.557
0.357,0.962
0.289,-0.338
0.065,-0.555
0.033,1.616
0.105,1.379
0.037,2.836
-0.058,2.402
-0.223,0.918
-0.223,2.395
-0.264,2.298
-0.491,1.148
-0.707,2.326
-0.781,-0.196
-0.844,1.588
-0.864,1.931
-1.071,0.86
-0.958,-0.152
-0.965,-0.602
-1.179,-0.237
-1.082,0.539
-1.282,1.904
-1.171,-0.274
-1.187,1.449
-1.366,1.671
-1.482,0.959
-1.501,-0.556
-1.644,3.185
-1.718,-0.59
-1.589,0.664
-1.633,0.4
-1.792,2.377
-1.874,0.392
-1.958,-0.385
-2.158,2.018
-2.477,2.234
-2.524,1.147
-2.414,2.108
-2.602,0.692
-2.62,2.056
-2.701,2.289
-2.743,1.84
-2.636,-0.419
-2.79,1.446
-2.713,0.458
-2.738,-0.533
-2.803,-0.01
-2.98,1.698
3.133,0.413
2.845,0.8
2.813,1.915
2.882,2.301
2.85,1.878
2.701,2.004
2.689,1.143
2.633,1.756
2.663,0.697
2.614,-0.514
2.292,-0.542
2.236,-0.659
2.011,-0.841
2.073,-0.911
0.384,-0.969
0.276,-0.935
0.123,-0.739
0.139,-0.696
-0.083,-0.802
-0.554,-0.807
-0.636,-0.793
-2.957,-0.832
2.729,-0.659
2.586,-1.03
1.644,3.473
1.678,3.434
1.483,3.713
1.391,3.658
0.966,3.707
1.069,3.608
0.359,3.343
0.515,3.697
0.304,3.657
0.195,3.723
-0.484,3.669
-1.12,3.672
-2.001,3.502
-1.914,3.607
-2.267,3.783
-2.386,3.769
-3.062,3.405
-3.098,3.761
2.885,3.793
2.852,3.618
2.795,3.512
2.107,0.274
1.046,0.934
0.935,0.695
0.623,-0.074
-1.641,2.475
-1.795,1.034
-1.821,1.254
-2.573,1.954
2.939,-0.556
-0.117,2.691
-1.441,1.301
-2.022,2.116
-1.974,1.653
-2.392,0.515
-2.657,1.29
-2.598,2.178
-2.943,0.907
-3.049,2.199
3.02,2.33
2.986,2.472
-0.648,1.221
-0.776,2.494
-2.167,0.2
1.202,-0.68
-2.266,-0.505
-2.623,-0.39
-0.026,0.147
-0.087,0.282
-0.08,-1.112
-0.172,1.531
-0.114,1.176
-0.138,-0.022
-0.225,2.195
-0.253,1.394
-0.319,1.276
-0.284,1.184
-0.334,2.42
-0.397,-0.313
-0.405,-0.211
-0.519,0.603
-0.462,0.195
-0.498,1.532
-0.559,2.034
-0.525,0.762
-0.615,-0.195
-0.583,0.507
-0.643,1.679
-0.6,-0.399
-0.657,1.316
-0.743,1.755
-0.823,0.249
-0.81,1.83
-0.901,0.847
-0.926,1.271
-0.877,-0.115
-0.952,-1.217
-1.028,-1.103
-1.061,0.207
-1.153,1.359
-1.211,-1.316
-1.206,0.333
-1.383,1.826
-1.399,-0.442
-1.491,-0.29
-1.531,0.86
-1.763,0.936
-1.764,-0.463
-1.785,2.408
-1.867,-0.828
-1.843,2.3
-1.843,1.072
-1.923,2.274
-1.948,1.336
-1.898,2.672
-1.963,2.206
-1.963,-0.912
-2.068,0.269
-2.079,0.281
-2.011,-0.185
-2.017,2.327
-2.103,0.406
-2.129,-0.082
-2.128,1.612
-2.121,-0.169
-2.114,1.961
-2.212,1.658
-2.341,1.477
-2.362,1.13
-2.428,0.74
-2.411,1.353
-2.509,0.66
-2.516,1.012
-2.659,-0.05
-2.64,1.059
-2.651,-0.849
-2.71,1.197
-2.702,-0.784
-2.816,0.282
-2.775,-1.368
-2.851,1.243
-2.796,0.783
-2.799,0.393
-2.821,0.58
-2.938,2.378
-3.041,-0.492
-2.991,-1.422
-3.138,0.499
3.12,-1.013
3.117,0.202
3.067,0.029
3.006,-0.777
3.043,-1.053
2.978,-0.348
3.06,-1.001
2.985,-0.958
2.88,-1.024
2.884,1.453
2.816,-0.907
2.781,-0.88
2.752,-1.022
2.684,0.015
2.692,-1.361
2.722,-1.215
2.614,0.013
2.643,1.282
2.562,1.454
2.607,1.159
2.594,1.473
2.513,0.808
2.34,-1.644
2.204,-1.677
1.882,-1.405
1.479,-1.554
1.29,-1.631
1.098,-1.704
0.892,-1.648
-0.125,-1.588
-0.565,-1.698
-0.656,-1.765
-0.808,-1.634
-1.307,-1.76
-1.377,-1.608
-1.491,-1.796
-2.012,-1.641
-2.178,-1.522
-2.254,-1.479
-2.326,-1.636
-3.029,-1.49
3.066,-1.608
2.804,-1.668
2.795,-1.419
2.73,-1.882
2.667,-1.421
2.288,2.875
1.817,2.923
1.517,2.887
1.253,3.046
1.035,2.939
1.019,2.83
0.467,2.993
-0.334,2.794
-0.779,2.872
-0.962,3.082
-1.79,2.781
-2.363,2.75
-2.412,2.952
-2.397,3.067
-2.525,2.649
-2.454,2.951
-2.556,2.702
-2.484,2.731
-2.717,2.973
-3.095,2.966
-3.123,3.07
2.905,2.943
1.477,-0.467
0.48,-0.87
0.108,-1.265
0.3,-1.76
-1.45,2.989
-2.711,2.854
2.547,1.043
2.454,1.256
2.254,2.142
2.383,0.061
2.372,-0.766
2.343,-0.884
2.201,2.297
2.185,-1.146
1.971,-0.433
1.87,-0.482
1.868,-0.028
1.873,0.741
1.561,1.328
1.556,-0.215
1.644,-1.36
1.568,1.365
1.49,-1.053
1.385,-0.746
1.374,0.998
1.247,0.516
1.257,-0.306
1.297,1.011
1.279,-0.03
1.269,0.861
1.056,2.609
1.175,1.317
1.025,0.876
1.023,-0.211
1.097,0.184
1.04,0.938
0.546,2.56
0.534,0.259
0.503,-1.319
0.308,0.2
0.24,-1.1
0.016,-1.317
-0.016,0.854
0.056,0.617
-0.012,2.074
-0.107,1.64
-0.272,0.156
-0.272,1.633
-0.313,1.536
-0.54,0.386
-0.756,1.564
-0.83,-0.958
-0.893,0.826
-0.913,1.169
-1.12,0.098
-1.007,-0.914
-1.014,-1.364
-1.228,-0.999
-1.131,-0.223
-1.331,1.142
-1.22,-1.036
-1.236,0.687
-1.415,0.909
-1.531,0.197
-1.55,-1.318
-1.693,2.423
-1.767,-1.352
-1.638,-0.098
-1.682,-0.362
-1.841,1.615
-1.923,-0.37
-2.007,-1.147
-2.207,1.256
-2.526,1.472
-2.573,0.385
-2.463,1.346
-2.651,-0.07
-2.669,1.294
-2.75,1.527
-2.792,1.078
-2.685,-1.181
-2.839,0.684
-2.762,-0.304
-2.787,-1.295
-2.852,-0.772
-3.029,0.936
3.084,-0.349
2.796,0.038
2.764,1.153
2.833,1.539
2.801,1.116
2.652,1.242
2.64,0.381
2.584,0.994
2.614,-0.065
2.565,-1.276
2.243,-1.304
2.187,-1.421
1.962,-1.603
2.024,-1.673
0.335,-1.731
0.227,-1.697
0.074,-1.501
0.09,-1.458
-0.132,-1.564
-0.603,-1.569
-0.685,-1.555
-3.006,-1.594
2.68,-1.421
2.537,-1.792
1.595,2.711
1.629,2.672
1.434,2.951
1.342,2.896
0.917,2.945
1.02,2.846
0.31,2.581
0.466,2.935
0.255,2.895
0.146,2.961
-0.533,2.907
-1.169,2.91
-2.05,2.74
-1.963,2.845
-2.316,3.021
-2.435,3.007
-3.111,2.643
3.136,2.999
2.836,3.031
2.803,2.856
2.746,2.75
2.058,-0.488
0.997,0.172
0.886,-0.067
0.574,-0.836
-1.69,1.713
-1.844,0.272
-1.87,0.492
-2.622,1.192
2.89,-1.318
-0.166,1.929
-1.49,0.539
-2.071,1.354
-2.023,0.891
-2.441,-0.247
-2.706,0.528
-2.647,1.416
-2.992,0.145
-3.098,1.437
2.971,1.568
2.937,1.71
-0.697,0.459
-0.825,1.732
-2.216,-0.562
1.153,-1.442
-2.315,-1.267
-2.672,-1.152
-0.061,0.135
-0.054,-1.259
-0.146,1.384
-0.088,1.029
-0.112,-0.169
-0.199,2.048
-0.227,1.247
-0.293,1.129
-0.258,1.037
-0.308,2.273
-0.371,-0.46
-0.379,-0.358
-0.493,0.456
-0.436,0.048
-0.472,1.385
-0.533,1.887
-0.499,0.615
-0.589,-0.342
-0.557,0.36
-0.617,1.532
-0.574,-0.546
-0.631,1.169
-0.717,1.608
-0.797,0.102
-0.784,1.683
-0.875,0.7
-0.9,1.124
-0.851,-0.262
-0.926,-1.364
-1.002,-1.25
-1.035,0.06
-1.127,1.212
-1.185,-1.463
-1.18,0.186
-1.357,1.679
-1.373,-0.589
-1.465,-0.437
-1.505,0.713
-1.737,0.789
-1.738,-0.61
-1.759,2.261
-1.841,-0.975
-1.817,2.153
-1.817,0.925
-1.897,2.127
-1.922,1.189
-1.872,2.525
-1.937,2.059
-1.937,-1.059
-2.042,0.122
-2.053,0.134
-1.985,-0.332
-1.991,2.18
-2.077,0.259
-2.103,-0.229
-2.102,1.465
-2.095,-0.316
-2.088,1.814
-2.186,1.511
-2.315,1.33
-2.336,0.983
-2.402,0.593
-2.385,1.206
-2.483,0.513
-2.49,0.865
-2.633,-0.197
-2.614,0.912
-2.625,-0.996
-2.684,1.05
-2.676,-0.931
-2.79,0.135
-2.749,-1.515
-2.825,1.096
-2.77,0.636
-2.773,0.246
-2.795,0.433
-2.912,2.231
-3.015,-0.639
-2.965,-1.569
-3.112,0.352
-3.137,-1.16
-3.14,0.055
3.093,-0.118
3.032,-0.924
3.069,-1.2
3.004,-0.495
3.086,-1.148
3.011,-1.105
2.906,-1.171
2.91,1.306
2.842,-1.054
2.807,-1.027
2.778,-1.169
2.71,-0.132
2.718,-1.508
2.748,-1.362
2.64,-0.134
2.669,1.135
2.588,1.307
2.633,1.012
2.62,1.326
2.539,0.661
2.366,-1.791
2.23,-1.824
1.908,-1.552
1.505,-1.701
1.316,-1.778
1.124,-1.851
0.918,-1.795
-0.099,-1.735
-0.539,-1.845
-0.63,-1.912
-0.782,-1.781
-1.281,-1.907
-1.351,-1.755
-1.465,-1.943
-1.986,-1.788
-2.152,-1.669
-2.228,-1.626
-2.3,-1.783
-3.003,-1.637
3.092,-1.755
2.83,-1.815
2.821,-1.566
2.756,-2.029
2.693,-1.568
2.314,2.728
1.843,2.776
1.543,2.74
1.279,2.899
1.061,2.792
1.045,2.683
0.493,2.846
-0.308,2.647
-0.753,2.725
-0.936,2.935
-1.764,2.634
-2.337,2.603
-2.386,2.805
-2.371,2.92
-2.499,2.502
-2.428,2.804
-2.53,2.555
-2.458,2.584
-2.691,2.826
-3.069,2.819
-3.097,2.923
2.931,2.796
1.503,-0.614
0.506,-1.017
0.134,-1.412
0.326,-1.907
-1.424,2.842
-2.685,2.707
2.573,0.896
2.48,1.109
2.28,1.995
2.409,-0.086
2.398,-0.913
2.369,-1.031
2.227,2.15
2.211,-1.293
1.997,-0.58
1.896,-0.629
1.894,-0.175
1.899,0.594
1.587,1.181
1.582,-0.362
1.67,-1.507
1.594,1.218
1.516,-1.2
1.411,-0.893
1.4,0.851
1.273,0.369
1.283,-0.453
1.323,0.864
1.305,-0.177
1.295,0.714
1.082,2.462
1.201,1.17
1.051,0.729
1.049,-0.358
1.123,0.037
1.066,0.791
0.572,2.413
0.56,0.112
0.529,-1.466
0.334,0.053
0.266,-1.247
0.042,-1.464
0.01,0.707
0.082,0.47
0.014,1.927
-0.081,1.493
-0.246,0.009
-0.246,1.486
-0.287,1.389
-0.514,0.239
-0.73,1.417
-0.804,-1.105
-0.867,0.679
-0.887,1.022
-1.094,-0.049
-0.981,-1.061
-0.988,-1.511
-1.202,-1.146
-1.105,-0.37
-1.305,0.995
-1.194,-1.183
-1.21,0.54
-1.389,0.762
-1.505,0.05
-1.524,-1.465
-1.667,2.276
-1.741,-1.499
-1.612,-0.245
-1.656,-0.509
-1.815,1.468
-1.897,-0.517
-1.981,-1.294
-2.181,1.109
-2.5,1.325
-2.547,0.238
-2.437,1.199
-2.625,-0.217
-2.643,1.147
-2.724,1.38
-2.766,0.931
-2.659,-1.328
-2.813,0.537
-2.736,-0.451
-2.761,-1.442
-2.826,-0.919
-3.003,0.789
3.11,-0.496
2.822,-0.109
2.79,1.006
2.859,1.392
2.827,0.969
2.678,1.095
2.666,0.234
2.61,0.847
2.64,-0.212
2.591,-1.423
2.269,-1.451
2.213,-1.568
1.988,-1.75
2.05,-1.82
0.361,-1.878
0.253,-1.844
0.1,-1.648
0.116,-1.605
-0.106,-1.711
-0.577,-1.716
-0.659,-1.702
-2.98,-1.741
2.706,-1.568
2.563,-1.939
1.621,2.564
1.655,2.525
1.46,2.804
1.368,2.749
0.943,2.798
1.046,2.699
0.336,2.434
0.492,2.788
0.281,2.748
0.172,2.814
-0.507,2.76
-1.143,2.763
-2.024,2.593
-1.937,2.698
-2.29,2.874
-2.409,2.86
-3.085,2.496
-3.121,2.852
2.862,2.884
2.829,2.709
2.772,2.603
2.084,-0.635
1.023,0.025
0.912,-0.214
0.6,-0.983
-1.664,1.566
-1.818,0.125
-1.844,0.345
-2.596,1.045
2.916,-1.465
-0.14,1.782
-1.464,0.392
-2.045,1.207
-1.997,0.744
-2.415,-0.394
-2.68,0.381
-2.621,1.269
-2.966,-0.002
-3.072,1.29
2.997,1.421
2.963,1.563
-0.671,0.312
-0.799,1.585
-2.19,-0.709
1.179,-1.589
-2.289,-1.414
-2.646,-1.299
0.007,-1.394
-0.085,1.249
-0.027,0.894
-0.051,-0.304
-0.138,1.913
-0.166,1.112
-0.232,0.994
-0.197,0.902
-0.247,2.138
-0.31,-0.595
-0.318,-0.493
-0.432,0.321
-0.375,-0.087
-0.411,1.25
-0.472,1.752
-0.438,0.48
-0.528,-0.477
-0.496,0.225
-0.556,1.397
-0.513,-0.681
-0.57,1.034
-0.656,1.473
-0.736,-0.033
-0.723,1.548
-0.814,0.565
-0.839,0.989
-0.79,-0.397
-0.865,-1.499
-0.941,-1.385
-0.974,-0.075
-1.066,1.077
-1.124,-1.598
-1.119,0.051
-1.296,1.544
-1.312,-0.724
-1.404,-0.572
-1.444,0.578
-1.676,0.654
-1.677,-0.745
-1.698,2.126
-1.78,-1.11
-1.756,2.018
-1.756,0.79
-1.836,1.992
-1.861,1.054
-1.811,2.39
-1.876,1.924
-1.876,-1.194
-1.981,-0.013
-1.992,-0.001
-1.924,-0.467
-1.93,2.045
-2.016,0.124
-2.042,-0.364
-2.041,1.33
-2.034,-0.451
-2.027,1.679
-2.125,1.376
-2.254,1.195
-2.275,0.848
-2.341,0.458
-2.324,1.071
-2.422,0.378
-2.429,0.73
-2.572,-0.332
-2.553,0.777
-2.564,-1.131
-2.623,0.915
-2.615,-1.066
-2.729,0.0
-2.688,-1.65
-2.764,0.961
-2.709,0.501
-2.712,0.111
-2.734,0.298
-2.851,2.096
-2.954,-0.774
-2.904,-1.704
-3.051,0.217
-3.076,-1.295
-3.079,-0.08
-3.129,-0.253
3.093,-1.059
3.13,-1.335
3.065,-0.63
-3.136,-1.283
3.072,-1.24
2.967,-1.306
2.971,1.171
2.903,-1.189
2.868,-1.162
2.839,-1.304
2.771,-0.267
2.779,-1.643
2.809,-1.497
2.701,-0.269
2.73,1.0
2.649,1.172
2.694,0.877
2.681,1.191
2.6,0.526
2.427,-1.926
2.291,-1.959
1.969,-1.687
1.566,-1.836
1.377,-1.913
1.185,-1.986
0.979,-1.93
-0.038,-1.87
-0.478,-1.98
-0.569,-2.047
-0.721,-1.916
-1.22,-2.042
-1.29,-1.89
-1.404,-2.078
-1.925,-1.923
-2.091,-1.804
-2.167,-1.761
-2.239,-1.918
-2.942,-1.772
-3.13,-1.89
2.891,-1.95
2.882,-1.701
2.817,-2.164
2.754,-1.703
2.375,2.593
1.904,2.641
1.604,2.605
1.34,2.764
1.122,2.657
1.106,2.548
0.554,2.711
-0.247,2.512
-0.692,2.59
-0.875,2.8
-1.703,2.499
-2.276,2.468
-2.325,2.67
-2.31,2.785
-2.438,2.367
-2.367,2.669
-2.469,2.42
-2.397,2.449
-2.63,2.691
-3.008,2.684
-3.036,2.788
2.992,2.661
1.564,-0.749
0.567,-1.152
0.195,-1.547
0.387,-2.042
-1.363,2.707
-2.624,2.572
2.634,0.761
2.541,0.974
2.341,1.86
2.47,-0.221
2.459,-1.048
2.43,-1.166
2.288,2.015
2.272,-1.428
2.058,-0.715
1.957,-0.764
1.955,-0.31
1.96,0.459
1.648,1.046
1.643,-0.497
1.731,-1.642
1.655,1.083
1.577,-1.335
1.472,-1.028
1.461,0.716
1.334,0.234
1.344,-0.588
1.384,0.729
1.366,-0.312
1.356,0.579
1.143,2.327
1.262,1.035
1.112,0.594
1.11,-0.493
1.184,-0.098
1.127,0.656
0.633,2.278
0.621,-0.023
0.59,-1.601
0.395,-0.082
0.327,-1.382
0.103,-1.599
0.071,0.572
0.143,0.335
0.075,1.792
-0.02,1.358
-0.185,-0.126
-0.185,1.351
-0.226,1.254
-0.453,0.104
-0.669,1.282
-0.743,-1.24
-0.806,0.544
-0.826,0.887
-1.033,-0.184
-0.92,-1.196
-0.927,-1.646
-1.141,-1.281
-1.044,-0.505
-1.244,0.86
-1.133,-1.318
-1.149,0.405
-1.328,0.627
-1.444,-0.085
-1.463,-1.6
-1.606,2.141
-1.68,-1.634
-1.551,-0.38
-1.595,-0.644
-1.754,1.333
-1.836,-0.652
-1.92,-1.429
-2.12,0.974
-2.439,1.19
-2.486,0.103
-2.376,1.064
-2.564,-0.352
-2.582,1.012
-2.663,1.245
-2.705,0.796
-2.598,-1.463
-2.752,0.402
-2.675,-0.586
-2.7,-1.577
-2.765,-1.054
-2.942,0.654
-3.112,-0.631
2.883,-0.244
2.851,0.871
2.92,1.257
2.888,0.834
2.739,0.96
2.727,0.099
2.671,0.712
2.701,-0.347
2.652,-1.558
2.33,-1.586
2.274,-1.703
2.049,-1.885
2.111,-1.955
0.422,-2.013
0.314,-1.979
0.161,-1.783
0.177,-1.74
-0.045,-1.846
-0.516,-1.851
-0.598,-1.837
-2.919,-1.876
2.767,-1.703
2.624,-2.074
1.682,2.429
1.716,2.39
1.521,2.669
1.429,2.614
1.004,2.663
1.107,2.564
0.397,2.299
0.553,2.653
0.342,2.613
0.233,2.679
-0.446,2.625
-1.082,2.628
-1.963,2.458
-1.876,2.563
-2.229,2.739
-2.348,2.725
-3.024,2.361
-3.06,2.717
2.923,2.749
2.89,2.574
2.833,2.468
2.145,-0.77
1.084,-0.11
0.973,-0.349
0.661,-1.118
-1.603,1.431
-1.757,-0.01
-1.783,0.21
-2.535,0.91
2.977,-1.6
-0.079,1.647
-1.403,0.257
-1.984,1.072
-1.936,0.609
-2.354,-0.529
-2.619,0.246
-2.56,1.134
-2.905,-0.137
-3.011,1.155
3.058,1.286
3.024,1.428
-0.61,0.177
-0.738,1.45
-2.129,-0.844
1.24,-1.724
-2.228,-1.549
-2.585,-1.434
-0.092,2.643
-0.034,2.288
-0.058,1.09
-0.145,3.307
-0.173,2.506
-0.239,2.388
-0.204,2.296
-0.254,3.532
-0.317,0.799
-0.325,0.901
-0.439,1.715
-0.382,1.307
-0.418,2.644
-0.479,3.146
-0.445,1.874
-0.535,0.917
-0.503,1.619
-0.563,2.791
-0.52,0.713
-0.577,2.428
-0.663,2.867
-0.743,1.361
-0.73,2.942
-0.821,1.959
-0.846,2.383
-0.797,0.997
-0.872,-0.105
-0.948,0.009
-0.981,1.319
-1.073,2.471
-1.131,-0.204
-1.126,1.445
-1.303,2.938
-1.319,0.67
-1.411,0.822
-1.451,1.972
-1.683,2.048
-1.684,0.649
-1.705,3.52
-1.787,0.284
-1.763,3.412
-1.763,2.184
-1.843,3.386
-1.868,2.448
-1.818,3.784
-1.883,3.318
-1.883,0.2
-1.988,1.381
-1.999,1.393
-1.931,0.927
-1.937,3.439
-2.023,1.518
-2.049,1.03
-2.048,2.724
-2.041,0.943
-2.034,3.073
-2.132,2.77
-2.261,2.589
-2.282,2.242
-2.348,1.852
-2.331,2.465
-2.429,1.772
-2.436,2.124
-2.579,1.062
-2.56,2.171
-2.571,0.263
-2.63,2.309
-2.622,0.328
-2.736,1.394
-2.695,-0.256
-2.771,2.355
-2.716,1.895
-2.719,1.505
-2.741,1.692
-2.858,3.49
-2.961,0.62
-2.911,-0.31
-3.058,1.611
-3.083,0.099
-3.086,1.314
-3.136,1.141
3.086,0.335
3.123,0.059
3.058,0.764
3.14,0.111
3.065,0.154
2.96,0.088
2.964,2.565
2.896,0.205
2.861,0.232
2.832,0.09
2.764,1.127
2.772,-0.249
2.802,-0.103
2.694,1.125
2.723,2.394
2.642,2.566
2.687,2.271
2.674,2.585
2.593,1.92
2.42,-0.532
2.284,-0.565
1.962,-0.293
1.559,-0.442
1.37,-0.519
1.178,-0.592
0.972,-0.536
-0.045,-0.476
-0.485,-0.586
-0.576,-0.653
-0.728,-0.522
-1.227,-0.648
-1.297,-0.496
-1.411,-0.684
-1.932,-0.529
-2.098,-0.41
-2.174,-0.367
-2.246,-0.524
-2.949,-0.378
-3.137,-0.496
2.884,-0.556
2.875,-0.307
2.81,-0.77
2.747,-0.309
2.368,3.987
1.897,4.035
1.597,3.999
1.333,4.158
1.115,4.051
1.099,3.942
0.547,4.105
-0.254,3.906
-0.699,3.984
-0.882,4.194
-1.71,3.893
-2.283,3.862
-2.332,4.064
-2.317,4.179
-2.445,3.761
-2.374,4.063
-2.476,3.814
-2.404,3.843
-2.637,4.085
-3.015,4.078
-3.043,4.182
2.985,4.055
1.557,0.645
0.56,0.242
0.188,-0.153
0.38,-0.648
-1.37,4.101
-2.631,3.966
2.627,2.155
2.534,2.368
2.334,3.254
2.463,1.173
2.452,0.346
2.423,0.228
2.281,3.409
2.265,-0.034
2.051,0.679
1.95,0.63
1.948,1.084
1.953,1.853
1.641,2.44
1.636,0.897
1.724,-0.248
1.648,2.477
1.57,0.059
1.465,0.366
1.454,2.11
1.327,1.628
1.337,0.806
1.377,2.123
1.359,1.082
1.349,1.973
1.136,3.721
1.255,2.429
1.105,1.988
1.103,0.901
1.177,1.296
1.12,2.05
0.626,3.672
0.614,1.371
0.583,-0.207
0.388,1.312
0.32,0.012
0.096,-0.205
0.064,1.966
0.136,1.729
0.068,3.186
-0.027,2.752
-0.192,1.268
-0.192,2.745
-0.233,2.648
-0.46,1.498
-0.676,2.676
-0.75,0.154
-0.813,1.938
-0.833,2.281
-1.04,1.21
-0.927,0.198
-0.934,-0.252
-1.148,0.113
-1.051,0.889
-1.251,2.254
-1.14,0.076
-1.156,1.799
-1.335,2.021
-1.451,1.309
-1.47,-0.206
-1.613,3.535
-1.687,-0.24
-1.558,1.014
-1.602,0.75
-1.761,2.727
-1.843,0.742
-1.927,-0.035
-2.127,2.368
-2.446,2.584
-2.493,1.497
-2.383,2.458
-2.571,1.042
-2.589,2.406
-2.67,2.639
-2.712,2.19
-2.605,-0.069
-2.759,1.796
-2.682,0.808
-2.707,-0.183
-2.772,0.34
-2.949,2.048
-3.119,0.763
2.876,1.15
2.844,2.265
2.913,2.651
2.881,2.228
2.732,2.354
2.72,1.493
2.664,2.106
2.694,1.047
2.645,-0.164
2.323,-0.192
2.267,-0.309
2.042,-0.491
2.104,-0.561
0.415,-0.619
0.307,-0.585
0.154,-0.389
0.17,-0.346
-0.052,-0.452
-0.523,-0.457
-0.605,-0.443
-2.926,-0.482
2.76,-0.309
2.617,-0.68
1.675,3.823
1.709,3.784
1.514,4.063
1.422,4.008
0.997,4.057
1.1,3.958
0.39,3.693
0.546,4.047
0.335,4.007
0.226,4.073
-0.453,4.019
-1.089,4.022
-1.97,3.852
-1.883,3.957
-2.236,4.133
-2.355,4.119
-3.031,3.755
-3.067,4.111
2.916,4.143
2.883,3.968
2.826,3.862
2.138,0.624
1.077,1.284
0.966,1.045
0.654,0.276
-1.61,2.825
-1.764,1.384
-1.79,1.604
-2.542,2.304
2.97,-0.206
-0.086,3.041
-1.41,1.651
-1.991,2.466
-1.943,2.003
-2.361,0.865
-2.626,1.64
-2.567,2.528
-2.912,1.257
-3.018,2.549
3.051,2.68
3.017,2.822
-0.617,1.571
-0.745,2.844
-2.136,0.55
1.233,-0.33
-2.235,-0.155
-2.592,-0.04
0.058,-0.355
0.034,-1.553
-0.053,0.664
-0.081,-0.137
-0.147,-0.255
-0.112,-0.347
-0.162,0.889
-0.225,-1.844
-0.233,-1.742
-0.347,-0.928
-0.29,-1.336
-0.326,0.001
-0.387,0.503
-0.353,-0.769
-0.443,-1.726
-0.411,-1.024
-0.471,0.148
-0.428,-1.93
-0.485,-0.215
-0.571,0.224
-0.651,-1.282
-0.638,0.299
-0.729,-0.684
-0.754,-0.26
-0.705,-1.646
-0.78,-2.748
-0.856,-2.634
-0.889,-1.324
-0.981,-0.172
-1.039,-2.847
-1.034,-1.198
-1.211,0.295
-1.227,-1.973
-1.319,-1.821
-1.359,-0.671
-1.591,-0.595
-1.592,-1.994
-1.613,0.877
-1.695,-2.359
-1.671,0.769
-1.671,-0.459
-1.751,0.743
-1.776,-0.195
-1.726,1.141
-1.791,0.675
-1.791,-2.443
-1.896,-1.262
-1.907,-1.25
-1.839,-1.716
-1.845,0.796
-1.931,-1.125
-1.957,-1.613
-1.956,0.081
-1.949,-1.7
-1.942,0.43
-2.04,0.127
-2.169,-0.054
-2.19,-0.401
-2.256,-0.791
-2.239,-0.178
-2.337,-0.871
-2.344,-0.519
-2.487,-1.581
-2.468,-0.472
-2.479,-2.38
-2.538,-0.334
-2.53,-2.315
-2.644,-1.249
-2.603,-2.899
-2.679,-0.288
-2.624,-0.748
-2.627,-1.138
-2.649,-0.951
-2.766,0.847
-2.869,-2.023
-2.819,-2.953
-2.966,-1.032
-2.991,-2.544
-2.994,-1.329
-3.044,-1.502
-3.105,-2.308
-3.068,-2.584
-3.133,-1.879
-3.051,-2.532
-3.126,-2.489
3.052,-2.555
3.056,-0.078
2.988,-2.438
2.953,-2.411
2.924,-2.553
2.856,-1.516
2.864,-2.892
2.894,-2.746
2.786,-1.518
2.815,-0.249
2.734,-0.077
2.779,-0.372
2.766,-0.058
2.685,-0.723
2.512,-3.175
2.376,-3.208
2.054,-2.936
1.651,-3.085
1.462,-3.162
1.27,-3.235
1.064,-3.179
0.047,-3.119
-0.393,-3.229
-0.484,-3.296
-0.636,-3.165
-1.135,-3.291
-1.205,-3.139
-1.319,-3.327
-1.84,-3.172
-2.006,-3.053
-2.082,-3.01
-2.154,-3.167
-2.857,-3.021
-3.045,-3.139
2.976,-3.199
2.967,-2.95
2.902,-3.413
2.839,-2.952
2.46,1.344
1.989,1.392
1.689,1.356
1.425,1.515
1.207,1.408
1.191,1.299
0.639,1.462
-0.162,1.263
-0.607,1.341
-0.79,1.551
-1.618,1.25
-2.191,1.219
-2.24,1.421
-2.225,1.536
-2.353,1.118
-2.282,1.42
-2.384,1.171
-2.312,1.2
-2.545,1.442
-2.923,1.435
-2.951,1.539
3.077,1.412
1.649,-1.998
0.652,-2.401
0.28,-2.796
0.472,-3.291
-1.278,1.458
-2.539,1.323
2.719,-0.488
2.626,-0.275
2.426,0.611
2.555,-1.47
2.544,-2.297
2.515,-2.415
2.373,0.766
2.357,-2.677
2.143,-1.964
2.042,-2.013
2.04,-1.559
2.045,-0.79
1.733,-0.203
1.728,-1.746
1.816,-2.891
1.74,-0.166
1.662,-2.584
1.557,-2.277
1.546,-0.533
1.419,-1.015
1.429,-1.837
1.469,-0.52
1.451,-1.561
1.441,-0.67
1.228,1.078
1.347,-0.214
1.197,-0.655
1.195,-1.742
1.269,-1.347
1.212,-0.593
0.718,1.029
0.706,-1.272
0.675,-2.85
0.48,-1.331
0.412,-2.631
0.188,-2.848
0.156,-0.677
0.228,-0.914
0.16,0.543
0.065,0.109
-0.1,-1.375
-0.1,0.102
-0.141,0.005
-0.368,-1.145
-0.584,0.033
-0.658,-2.489
-0.721,-0.705
-0.741,-0.362
-0.948,-1.433
-0.835,-2.445
-0.842,-2.895
-1.056,-2.53
-0.959,-1.754
-1.159,-0.389
-1.048,-2.567
-1.064,-0.844
-1.243,-0.622
-1.359,-1.334
-1.378,-2.849
-1.521,0.892
-1.595,-2.883
-1.466,-1.629
-1.51,-1.893
-1.669,0.084
-1.751,-1.901
-1.835,-2.678
-2.035,-0.275
-2.354,-0.059
-2.401,-1.146
-2.291,-0.185
-2.479,-1.601
-2.497,-0.237
-2.578,-0.004
-2.62,-0.453
-2.513,-2.712
-2.667,-0.847
-2.59,-1.835
-2.615,-2.826
-2.68,-2.303
-2.857,-0.595
-3.027,-1.88
2.968,-1.493
2.936,-0.378
3.005,0.008
2.973,-0.415
2.824,-0.289
2.812,-1.15
2.756,-0.537
2.786,-1.596
2.737,-2.807
2.415,-2.835
2.359,-2.952
2.134,-3.134
2.196,-3.204
0.507,-3.262
0.399,-3.228
0.246,-3.032
0.262,-2.989
0.04,-3.095
-0.431,-3.1
-0.513,-3.086
-2.834,-3.125
2.852,-2.952
2.709,-3.323
1.767,1.18
1.801,1.141
1.606,1.42
1.514,1.365
1.089,1.414
1.192,1.315
0.482,1.05
0.638,1.404
0.427,1.364
0.318,1.43
-0.361,1.376
-0.997,1.379
-1.878,1.209
-1.791,1.314
-2.144,1.49
-2.263,1.476
-2.939,1.112
-2.975,1.468
3.008,1.5
2.975,1.325
2.918,1.219
2.23,-2.019
1.169,-1.359
1.058,-1.598
0.746,-2.367
-1.518,0.182
-1.672,-1.259
-1.698,-1.039
-2.45,-0.339
3.062,-2.849
0.006,0.398
-1.318,-0.992
-1.899,-0.177
-1.851,-0.64
-2.269,-1.778
-2.534,-1.003
-2.475,-0.115
-2.82,-1.386
-2.926,-0.094
-3.14,0.037
3.109,0.179
-0.525,-1.072
-0.653,0.201
-2.044,-2.093
1.325,-2.973
-2.143,-2.798
-2.5,-2.683
-0.024,-1.198
-0.111,1.019
-0.139,0.218
-0.205,0.1
-0.17,0.008
-0.22,1.244
-0.283,-1.489
-0.291,-1.387
-0.405,-0.573
-0.348,-0.981
-0.384,0.356
-0.445,0.858
-0.411,-0.414
-0.501,-1.371
-0.469,-0.669
-0.529,0.503
-0.486,-1.575
-0.543,0.14
-0.629,0.579
-0.709,-0.927
-0.696,0.654
-0.787,-0.329
-0.812,0.095
-0.763,-1.291
-0.838,-2.393
-0.914,-2.279
-0.947,-0.969
-1.039,0.183
-1.097,-2.492
-1.092,-0.843
-1.269,0.65
-1.285,-1.618
-1.377,-1.466
-1.417,-0.316
-1.649,-0.24
-1.65,-1.639
-1.671,1.232
-1.753,-2.004
-1.729,1.124
-1.729,-0.104
-1.809,1.098
-1.834,0.16
-1.784,1.496
-1.849,1.03
-1.849,-2.088
-1.954,-0.907
-1.965,-0.895
-1.897,-1.361
-1.903,1.151
-1.989,-0.77
-2.015,-1.258
-2.014,0.436
-2.007,-1.345
-2.0,0.785
-2.098,0.482
-2.227,0.301
-2.248,-0.046
-2.314,-0.436
-2.297,0.177
-2.395,-0.516
-2.402,-0.164
-2.545,-1.226
-2.526,-0.117
-2.537,-2.025
-2.596,0.021
-2.588,-1.96
-2.702,-0.894
-2.661,-2.544
-2.737,0.067
-2.682,-0.393
-2.685,-0.783
-2.707,-0.596
-2.824,1.202
-2.927,-1.668
-2.877,-2.598
-3.024,-0.677
-3.049,-2.189
-3.052,-0.974
-3.102,-1.147
3.12,-1.953
-3.126,-2.229
3.092,-1.524
-3.109,-2.177
3.099,-2.134
2.994,-2.2
2.998,0.277
2.93,-2.083
2.895,-2.056
2.866,-2.198
2.798,-1.161
2.806,-2.537
2.836,-2.391
2.728,-1.163
2.757,0.106
2.676,0.278
2.721,-0.017
2.708,0.297
2.627,-0.368
2.454,-2.82
2.318,-2.853
1.996,-2.581
1.593,-2.73
1.404,-2.807
1.212,-2.88
1.006,-2.824
-0.011,-2.764
-0.451,-2.874
-0.542,-2.941
-0.694,-2.81
-1.193,-2.936
-1.263,-2.784
-1.377,-2.972
-1.898,-2.817
-2.064,-2.698
-2.14,-2.655
-2.212,-2.812
-2.915,-2.666
-3.103,-2.784
2.918,-2.844
2.909,-2.595
2.844,-3.058
2.781,-2.597
2.402,1.699
1.931,1.747
1.631,1.711
1.367,1.87
1.149,1.763
1.133,1.654
0.581,1.817
-0.22,1.618
-0.665,1.696
-0.848,1.906
-1.676,1.605
-2.249,1.574
-2.298,1.776
-2.283,1.891
-2.411,1.473
-2.34,1.775
-2.442,1.526
-2.37,1.555
-2.603,1.797
-2.981,1.79
-3.009,1.894
3.019,1.767
1.591,-1.643
0.594,-2.046
0.222,-2.441
0.414,-2.936
-1.336,1.813
-2.597,1.678
2.661,-0.133
2.568,0.08
2.368,0.966
2.497,-1.115
2.486,-1.942
2.457,-2.06
2.315,1.121
2.299,-2.322
2.085,-1.609
1.984,-1.658
1.982,-1.204
1.987,-0.435
1.675,0.152
1.67,-1.391
1.758,-2.536
1.682,0.189
1.604,-2.229
1.499,-1.922
1.488,-0.178
1.361,-0.66
1.371,-1.482
1.411,-0.165
1.393,-1.206
1.383,-0.315
1.17,1.433
1.289,0.141
1.139,-0.3
1.137,-1.387
1.211,-0.992
1.154,-0.238
0.66,1.384
0.648,-0.917
0.617,-2.495
0.422,-0.976
0.354,-2.276
0.13,-2.493
0.098,-0.322
0.17,-0.559
0.102,0.898
0.007,0.464
-0.158,-1.02
-0.158,0.457
-0.199,0.36
-0.426,-0.79
-0.642,0.388
-0.716,-2.134
-0.779,-0.35
-0.799,-0.007
-1.006,-1.078
-0.893,-2.09
-0.9,-2.54
-1.114,-2.175
-1.017,-1.399
-1.217,-0.034
-1.106,-2.212
-1.122,-0.489
-1.301,-0.267
-1.417,-0.979
-1.436,-2.494
-1.579,1.247
-1.653,-2.528
-1.524,-1.274
-1.568,-1.538
-1.727,0.439
-1.809,-1.546
-1.893,-2.323
-2.093,0.08
-2.412,0.296
-2.459,-0.791
-2.349,0.17
-2.537,-1.246
-2.555,0.118
-2.636,0.351
-2.678,-0.098
-2.571,-2.357
-2.725,-0.492
-2.648,-1.48
-2.673,-2.471
-2.738,-1.948
-2.915,-0.24
-3.085,-1.525
2.91,-1.138
2.878,-0.023
2.947,0.363
2.915,-0.06
2.766,0.066
2.754,-0.795
2.698,-0.182
2.728,-1.241
2.679,-2.452
2.357,-2.48
2.301,-2.597
2.076,-2.779
2.138,-2.849
0.449,-2.907
0.341,-2.873
0.188,-2.677
0.204,-2.634
-0.018,-2.74
-0.489,-2.745
-0.571,-2.731
-2.892,-2.77
2.794,-2.597
2.651,-2.968
1.709,1.535
1.743,1.496
1.548,1.775
1.456,1.72
1.031,1.769
1.134,1.67
0.424,1.405
0.58,1.759
0.369,1.719
0.26,1.785
-0.419,1.731
-1.055,1.734
-1.936,1.564
-1.849,1.669
-2.202,1.845
-2.321,1.831
-2.997,1.467
-3.033,1.823
2.95,1.855
2.917,1.68
2.86,1.574
2.172,-1.664
1.111,-1.004
1.0,-1.243
0.688,-2.012
-1.576,0.537
-1.73,-0.904
-1.756,-0.684
-2.508,0.016
3.004,-2.494
-0.052,0.753
-1.376,-0.637
-1.957,0.178
-1.909,-0.285
-2.327,-1.423
-2.592,-0.648
-2.533,0.24
-2.878,-1.031
-2.984,0.261
3.085,0.392
3.051,0.534
-0.583,-0.717
-0.711,0.556
-2.102,-1.738
1.267,-2.618
-2.201,-2.443
-2.558,-2.328
-0.087,2.217
-0.115,1.416
-0.181,1.298
-0.146,1.206
-0.196,2.442
-0.259,-0.291
-0.267,-0.189
-0.381,0.625
-0.324,0.217
-0.36,1.554
-0.421,2.056
-0.387,0.784
-0.477,-0.173
-0.445,0.529
-0.505,1.701
-0.462,-0.377
-0.519,1.338
-0.605,1.777
-0.685,0.271
-0.672,1.852
-0.763,0.869
-0.788,1.293
-0.739,-0.093
-0.814,-1.195
-0.89,-1.081
-0.923,0.229
-1.015,1.381
-1.073,-1.294
-1.068,0.355
-1.245,1.848
-1.261,-0.42
-1.353,-0.268
-1.393,0.882
-1.625,0.958
-1.626,-0.441
-1.647,2.43
-1.729,-0.806
-1.705,2.322
-1.705,1.094
-1.785,2.296
-1.81,1.358
-1.76,2.694
-1.825,2.228
-1.825,-0.89
-1.93,0.291
-1.941,0.303
-1.873,-0.163
-1.879,2.349
-1.965,0.428
-1.991,-0.06
-1.99,1.634
-1.983,-0.147
-1.976,1.983
-2.074,1.68
-2.203,1.499
-2.224,1.152
-2.29,0.762
-2.273,1.375
-2.371,0.682
-2.378,1.034
-2.521,-0.028
-2.502,1.081
-2.513,-0.827
-2.572,1.219
-2.564,-0.762
-2.678,0.304
-2.637,-1.346
-2.713,1.265
-2.658,0.805
-2.661,0.415
-2.683,0.602
-2.8,2.4
-2.903,-0.47
-2.853,-1.4
-3.0,0.521
-3.025,-0.991
-3.028,0.224
-3.078,0.051
-3.139,-0.755
-3.102,-1.031
3.116,-0.326
-3.085,-0.979
3.123,-0.936
3.018,-1.002
3.022,1.475
2.954,-0.885
2.919,-0.858
2.89,-1.0
2.822,0.037
2.83,-1.339
2.86,-1.193
2.752,0.035
2.781,1.304
2.7,1.476
2.745,1.181
2.732,1.495
2.651,0.83
2.478,-1.622
2.342,-1.655
2.02,-1.383
1.617,-1.532
1.428,-1.609
1.236,-1.682
1.03,-1.626
0.013,-1.566
-0.427,-1.676
-0.518,-1.743
-0.67,-1.612
-1.169,-1.738
-1.239,-1.586
-1.353,-1.774
-1.874,-1.619
-2.04,-1.5
-2.116,-1.457
-2.188,-1.614
-2.891,-1.468
-3.079,-1.586
2.942,-1.646
2.933,-1.397
2.868,-1.86
2.805,-1.399
2.426,2.897
1.955,2.945
1.655,2.909
1.391,3.068
1.173,2.961
1.157,2.852
0.605,3.015
-0.196,2.816
-0.641,2.894
-0.824,3.104
-1.652,2.803
-2.225,2.772
-2.274,2.974
-2.259,3.089
-2.387,2.671
-2.316,2.973
-2.418,2.724
-2.346,2.753
-2.579,2.995
-2.957,2.988
-2.985,3.092
3.043,2.965
1.615,-0.445
0.618,-0.848
0.246,-1.243
0.438,-1.738
-1.312,3.011
-2.573,2.876
2.685,1.065
2.592,1.278
2.392,2.164
2.521,0.083
2.51,-0.744
2.481,-0.862
2.339,2.319
2.323,-1.124
2.109,-0.411
2.008,-0.46
2.006,-0.006
2.011,0.763
1.699,1.35
1.694,-0.193
1.782,-1.338
1.706,1.387
1.628,-1.031
1.523,-0.724
1.512,1.02
1.385,0.538
1.395,-0.284
1.435,1.033
1.417,-0.008
1.407,0.883
1.194,2.631
1.313,1.339
1.163,0.898
1.161,-0.189
1.235,0.206
1.178,0.96
0.684,2.582
0.672,0.281
0.641,-1.297
0.446,0.222
0.378,-1.078
0.154,-1.295
0.122,0.876
0.194,0.639
0.126,2.096
0.031,1.662
-0.134,0.178
-0.134,1.655
-0.175,1.558
-0.402,0.408
-0.618,1.586
-0.692,-0.936
-0.755,0.848
-0.775,1.191
-0.982,0.12
-0.869,-0.892
-0.876,-1.342
-1.09,-0.977
-0.993,-0.201
-1.193,1.164
-1.082,-1.014
-1.098,0.709
-1.277,0.931
-1.393,0.219
-1.412,-1.296
-1.555,2.445
-1.629,-1.33
-1.5,-0.076
-1.544,-0.34
-1.703,1.637
-1.785,-0.348
-1.869,-1.125
-2.069,1.278
-2.388,1.494
-2.435,0.407
-2.325,1.368
-2.513,-0.048
-2.531,1.316
-2.612,1.549
-2.654,1.1
-2.547,-1.159
-2.701,0.706
-2.624,-0.282
-2.649,-1.273
-2.714,-0.75
-2.891,0.958
-3.061,-0.327
2.934,0.06
2.902,1.175
2.971,1.561
2.939,1.138
2.79,1.264
2.778,0.403
2.722,1.016
2.752,-0.043
2.703,-1.254
2.381,-1.282
2.325,-1.399
2.1,-1.581
2.162,-1.651
0.473,-1.709
0.365,-1.675
0.212,-1.479
0.228,-1.436
0.006,-1.542
-0.465,-1.547
-0.547,-1.533
-2.868,-1.572
2.818,-1.399
2.675,-1.77
1.733,2.733
1.767,2.694
1.572,2.973
1.48,2.918
1.055,2.967
1.158,2.868
0.448,2.603
0.604,2.957
0.393,2.917
0.284,2.983
-0.395,2.929
-1.031,2.932
-1.912,2.762
-1.825,2.867
-2.178,3.043
-2.297,3.029
-2.973,2.665
-3.009,3.021
2.974,3.053
2.941,2.878
2.884,2.772
2.196,-0.466
1.135,0.194
1.024,-0.045
0.712,-0.814
-1.552,1.735
-1.706,0.294
-1.732,0.514
-2.484,1.214
3.028,-1.296
-0.028,1.951
-1.352,0.561
-1.933,1.376
-1.885,0.913
-2.303,-0.225
-2.568,0.55
-2.509,1.438
-2.854,0.167
-2.96,1.459
3.109,1.59
3.075,1.732
-0.559,0.481
-0.687,1.754
-2.078,-0.54
1.291,-1.42
-2.177,-1.245
-2.534,-1.13
-0.028,-0.801
-0.094,-0.919
-0.059,-1.011
-0.109,0.225
-0.172,-2.508
-0.18,-2.406
-0.294,-1.592
-0.237,-2.0
-0.273,-0.663
-0.334,-0.161
-0.3,-1.433
-0.39,-2.39
-0.358,-1.688
-0.418,-0.516
-0.375,-2.594
-0.432,-0.879
-0.518,-0.44
-0.598,-1.946
-0.585,-0.365
-0.676,-1.348
-0.701,-0.924
-0.652,-2.31
-0.727,-3.412
-0.803,-3.298
-0.836,-1.988
-0.928,-0.836
-0.986,-3.511
-0.981,-1.862
-1.158,-0.369
-1.174,-2.637
-1.266,-2.485
-1.306,-1.335
-1.538,-1.259
-1.539,-2.658
-1.56,0.213
-1.642,-3.023
-1.618,0.105
-1.618,-1.123
-1.698,0.079
-1.723,-0.859
-1.673,0.477
-1.738,0.011
-1.738,-3.107
-1.843,-1.926
-1.854,-1.914
-1.786,-2.38
-1.792,0.132
-1.878,-1.789
-1.904,-2.277
-1.903,-0.583
-1.896,-2.364
-1.889,-0.234
-1.987,-0.537
-2.116,-0.718
-2.137,-1.065
-2.203,-1.455
-2.186,-0.842
-2.284,-1.535
-2.291,-1.183
-2.434,-2.245
-2.415,-1.136
-2.426,-3.044
-2.485,-0.998
-2.477,-2.979
-2.591,-1.913
-2.55,-3.563
-2.626,-0.952
-2.571,-1.412
-2.574,-1.802
-2.596,-1.615
-2.713,0.183
-2.816,-2.687
-2.766,-3.617
-2.913,-1.696
-2.938,-3.208
-2.941,-1.993
-2.991,-2.166
-3.052,-2.972
-3.015,-3.248
-3.08,-2.543
-2.998,-3.196
-3.073,-3.153
3.105,-3.219
3.109,-0.742
3.041,-3.102
3.006,-3.075
2.977,-3.217
2.909,-2.18
2.917,-3.556
2.947,-3.41
2.839,-2.182
2.868,-0.913
2.787,-0.741
2.832,-1.036
2.819,-0.722
2.738,-1.387
2.565,-3.839
2.429,-3.872
2.107,-3.6
1.704,-3.749
1.515,-3.826
1.323,-3.899
1.117,-3.843
0.1,-3.783
-0.34,-3.893
-0.431,-3.96
-0.583,-3.829
-1.082,-3.955
-1.152,-3.803
-1.266,-3.991
-1.787,-3.836
-1.953,-3.717
-2.029,-3.674
-2.101,-3.831
-2.804,-3.685
-2.992,-3.803
3.029,-3.863
3.02,-3.614
2.955,-4.077
2.892,-3.616
2.513,0.68
2.042,0.728
1.742,0.692
1.478,0.851
1.26,0.744
1.244,0.635
0.692,0.798
-0.109,0.599
-0.554,0.677
-0.737,0.887
-1.565,0.586
-2.138,0.555
-2.187,0.757
-2.172,0.872
-2.3,0.454
-2.229,0.756
-2.331,0.507
-2.259,0.536
-2.492,0.778
-2.87,0.771
-2.898,0.875
3.13,0.748
1.702,-2.662
0.705,-3.065
0.333,-3.46
0.525,-3.955
-1.225,0.794
-2.486,0.659
2.772,-1.152
2.679,-0.939
2.479,-0.053
2.608,-2.134
2.597,-2.961
2.568,-3.079
2.426,0.102
2.41,-3.341
2.196,-2.628
2.095,-2.677
2.093,-2.223
2.098,-1.454
1.786,-0.867
1.781,-2.41
1.869,-3.555
1.793,-0.83
1.715,-3.248
1.61,-2.941
1.599,-1.197
1.472,-1.679
1.482,-2.501
1.522,-1.184
1.504,-2.225
1.494,-1.334
1.281,0.414
1.4,-0.878
1.25,-1.319
1.248,-2.406
1.322,-2.011
1.265,-1.257
0.771,0.365
0.759,-1.936
0.728,-3.514
0.533,-1.995
0.465,-3.295
0.241,-3.512
0.209,-1.341
0.281,-1.578
0.213,-0.121
0.118,-0.555
-0.047,-2.039
-0.047,-0.562
-0.088,-0.659
-0.315,-1.809
-0.531,-0.631
-0.605,-3.153
-0.668,-1.369
-0.688,-1.026
-0.895,-2.097
-0.782,-3.109
-0.789,-3.559
-1.003,-3.194
-0.906,-2.418
-1.106,-1.053
-0.995,-3.231
-1.011,-1.508
-1.19,-1.286
-1.306,-1.998
-1.325,-3.513
-1.468,0.228
-1.542,-3.547
-1.413,-2.293
-1.457,-2.557
-1.616,-0.58
-1.698,-2.565
-1.782,-3.342
-1.982,-0.939
-2.301,-0.723
-2.348,-1.81
-2.238,-0.849
-2.426,-2.265
-2.444,-0.901
-2.525,-0.668
-2.567,-1.117
-2.46,-3.376
-2.614,-1.511
-2.537,-2.499
-2.562,-3.49
-2.627,-2.967
-2.804,-1.259
-2.974,-2.544
3.021,-2.157
2.989,-1.042
3.058,-0.656
3.026,-1.079
2.877,-0.953
2.865,-1.814
2.809,-1.201
2.839,-2.26
2.79,-3.471
2.468,-3.499
2.412,-3.616
2.187,-3.798
2.249,-3.868
0.56,-3.926
0.452,-3.892
0.299,-3.696
0.315,-3.653
0.093,-3.759
-0.378,-3.764
-0.46,-3.75
-2.781,-3.789
2.905,-3.616
2.762,-3.987
1.82,0.516
1.854,0.477
1.659,0.756
1.567,0.701
1.142,0.75
1.245,0.651
0.535,0.386
0.691,0.74
0.48,0.7
0.371,0.766
-0.308,0.712
-0.944,0.715
-1.825,0.545
-1.738,0.65
-2.091,0.826
-2.21,0.812
-2.886,0.448
-2.922,0.804
3.061,0.836
3.028,0.661
2.971,0.555
2.283,-2.683
1.222,-2.023
1.111,-2.262
0.799,-3.031
-1.465,-0.482
-1.619,-1.923
-1.645,-1.703
-2.397,-1.003
3.115,-3.513
0.059,-0.266
-1.265,-1.656
-1.846,-0.841
-1.798,-1.304
-2.216,-2.442
-2.481,-1.667
-2.422,-0.779
-2.767,-2.05
-2.873,-0.758
-3.087,-0.627
-3.121,-0.485
-0.472,-1.736
-0.6,-0.463
-1.991,-2.757
1.378,-3.637
-2.09,-3.462
-2.447,-3.347
-0.066,-0.118
-0.031,-0.21
-0.081,1.026
-0.144,-1.707
-0.152,-1.605
-0.266,-0.791
-0.209,-1.199
-0.245,0.138
-0.306,0.64
-0.272,-0.632
-0.362,-1.589
-0.33,-0.887
-0.39,0.285
-0.347,-1.793
-0.404,-0.078
-0.49,0.361
-0.57,-1.145
-0.557,0.436
-0.648,-0.547
-0.673,-0.123
-0.624,-1.509
-0.699,-2.611
-0.775,-2.497
-0.808,-1.187
-0.9,-0.035
-0.958,-2.71
-0.953,-1.061
-1.13,0.432
-1.146,-1.836
-1.238,-1.684
-1.278,-0.534
-1.51,-0.458
-1.511,-1.857
-1.532,1.014
-1.614,-2.222
-1.59,0.906
-1.59,-0.322
-1.67,0.88
-1.695,-0.058
-1.645,1.278
-1.71,0.812
-1.71,-2.306
-1.815,-1.125
-1.826,-1.113
-1.758,-1.579
-1.764,0.933
-1.85,-0.988
-1.876,-1.476
-1.875,0.218
-1.868,-1.563
-1.861,0.567
-1.959,0.264
-2.088,0.083
-2.109,-0.264
-2.175,-0.654
-2.158,-0.041
-2.256,-0.734
-2.263,-0.382
-2.406,-1.444
-2.387,-0.335
-2.398,-2.243
-2.457,-0.197
-2.449,-2.178
-2.563,-1.112
-2.522,-2.762
-2.598,-0.151
-2.543,-0.611
-2.546,-1.001
-2.568,-0.814
-2.685,0.984
-2.788,-1.886
-2.738,-2.816
-2.885,-0.895
-2.91,-2.407
-2.913,-1.192
-2.963,-1.365
-3.024,-2.171
-2.987,-2.447
-3.052,-1.742
-2.97,-2.395
-3.045,-2.352
3.133,-2.418
3.137,0.059
3.069,-2.301
3.034,-2.274
3.005,-2.416
2.937,-1.379
2.945,-2.755
2.975,-2.609
2.867,-1.381
2.896,-0.112
2.815,0.06
2.86,-0.235
2.847,0.079
2.766,-0.586
2.593,-3.038
2.457,-3.071
2.135,-2.799
1.732,-2.948
1.543,-3.025
1.351,-3.098
1.145,-3.042
0.128,-2.982
-0.312,-3.092
-0.403,-3.159
-0.555,-3.028
-1.054,-3.154
-1.124,-3.002
-1.238,-3.19
-1.759,-3.035
-1.925,-2.916
-2.001,-2.873
-2.073,-3.03
-2.776,-2.884
-2.964,-3.002
3.057,-3.062
3.048,-2.813
2.983,-3.276
2.92,-2.815
2.541,1.481
2.07,1.529
1.77,1.493
1.506,1.652
1.288,1.545
1.272,1.436
0.72,1.599
-0.081,1.4
-0.526,1.478
-0.709,1.688
-1.537,1.387
-2.11,1.356
-2.159,1.558
-2.144,1.673
-2.272,1.255
-2.201,1.557
-2.303,1.308
-2.231,1.337
-2.464,1.579
-2.842,1.572
-2.87,1.676
-3.125,1.549
1.73,-1.861
0.733,-2.264
0.361,-2.659
0.553,-3.154
-1.197,1.595
-2.458,1.46
2.8,-0.351
2.707,-0.138
2.507,0.748
2.636,-1.333
2.625,-2.16
2.596,-2.278
2.454,0.903
2.438,-2.54
2.224,-1.827
2.123,-1.876
2.121,-1.422
2.126,-0.653
1.814,-0.066
1.809,-1.609
1.897,-2.754
1.821,-0.029
1.743,-2.447
1.638,-2.14
1.627,-0.396
1.5,-0.878
1.51,-1.7
1.55,-0.383
1.532,-1.424
1.522,-0.533
1.309,1.215
1.428,-0.077
1.278,-0.518
1.276,-1.605
1.35,-1.21
1.293,-0.456
0.799,1.166
0.787,-1.135
0.756,-2.713
0.561,-1.194
0.493,-2.494
0.269,-2.711
0.237,-0.54
0.309,-0.777
0.241,0.68
0.146,0.246
-0.019,-1.238
-0.019,0.239
-0.06,0.142
-0.287,-1.008
-0.503,0.17
-0.577,-2.352
-0.64,-0.568
-0.66,-0.225
-0.867,-1.296
-0.754,-2.308
-0.761,-2.758
-0.975,-2.393
-0.878,-1.617
-1.078,-0.252
-0.967,-2.43
-0.983,-0.707
-1.162,-0.485
-1.278,-1.197
-1.297,-2.712
-1.44,1.029
-1.514,-2.746
-1.385,-1.492
-1.429,-1.756
-1.588,0.221
-1.67,-1.764
-1.754,-2.541
-1.954,-0.138
-2.273,0.078
-2.32,-1.009
-2.21,-0.048
-2.398,-1.464
-2.416,-0.1
-2.497,0.133
-2.539,-0.316
-2.432,-2.575
-2.586,-0.71
-2.509,-1.698
-2.534,-2.689
-2.599,-2.166
-2.776,-0.458
-2.946,-1.743
3.049,-1.356
3.017,-0.241
3.086,0.145
3.054,-0.278
2.905,-0.152
2.893,-1.013
2.837,-0.4
2.867,-1.459
2.818,-2.67
2.496,-2.698
2.44,-2.815
2.215,-2.997
2.277,-3.067
0.588,-3.125
0.48,-3.091
0.327,-2.895
0.343,-2.852
0.121,-2.958
-0.35,-2.963
-0.432,-2.949
-2.753,-2.988
2.933,-2.815
2.79,-3.186
1.848,1.317
1.882,1.278
1.687,1.557
1.595,1.502
1.17,1.551
1.273,1.452
0.563,1.187
0.719,1.541
0.508,1.501
0.399,1.567
-0.28,1.513
-0.916,1.516
-1.797,1.346
-1.71,1.451
-2.063,1.627
-2.182,1.613
-2.858,1.249
-2.894,1.605
3.089,1.637
3.056,1.462
2.999,1.356
2.311,-1.882
1.25,-1.222
1.139,-1.461
0.827,-2.23
-1.437,0.319
-1.591,-1.122
-1.617,-0.902
-2.369,-0.202
-3.14,-2.712
0.087,0.535
-1.237,-0.855
-1.818,-0.04
-1.77,-0.503
-2.188,-1.641
-2.453,-0.866
-2.394,0.022
-2.739,-1.249
-2.845,0.043
-3.059,0.174
-3.093,0.316
-0.444,-0.935
-0.572,0.338
-1.963,-1.956
1.406,-2.836
-2.062,-2.661
-2.419,-2.546
0.035,-0.092
-0.015,1.144
-0.078,-1.589
-0.086,-1.487
-0.2,-0.673
-0.143,-1.081
-0.179,0.256
-0.24,0.758
-0.206,-0.514
-0.296,-1.471
-0.264,-0.769
-0.324,0.403
-0.281,-1.675
-0.338,0.04
-0.424,0.479
-0.504,-1.027
-0.491,0.554
-0.582,-0.429
-0.607,-0.005
-0.558,-1.391
-0.633,-2.493
-0.709,-2.379
-0.742,-1.069
-0.834,0.083
-0.892,-2.592
-0.887,-0.943
-1.064,0.55
-1.08,-1.718
-1.172,-1.566
-1.212,-0.416
-1.444,-0.34
-1.445,-1.739
-1.466,1.132
-1.548,-2.104
-1.524,1.024
-1.524,-0.204
-1.604,0.998
-1.629,0.06
-1.579,1.396
-1.644,0.93
-1.644,-2.188
-1.749,-1.007
-1.76,-0.995
-1.692,-1.461
-1.698,1.051
-1.784,-0.87
-1.81,-1.358
-1.809,0.336
-1.802,-1.445
-1.795,0.685
-1.893,0.382
-2.022,0.201
-2.043,-0.146
-2.109,-0.536
-2.092,0.077
-2.19,-0.616
-2.197,-0.264
-2.34,-1.326
-2.321,-0.217
-2.332,-2.125
-2.391,-0.079
-2.383,-2.06
-2.497,-0.994
-2.456,-2.644
-2.532,-0.033
-2.477,-0.493
-2.48,-0.883
-2.502,-0.696
-2.619,1.102
-2.722,-1.768
-2.672,-2.698
-2.819,-0.777
-2.844,-2.289
-2.847,-1.074
-2.897,-1.247
-2.958,-2.053
-2.921,-2.329
-2.986,-1.624
-2.904,-2.277
-2.979,-2.234
-3.084,-2.3
-3.08,0.177
3.135,-2.183
3.1,-2.156
3.071,-2.298
3.003,-1.261
3.011,-2.637
3.041,-2.491
2.933,-1.263
2.962,0.006
2.881,0.178
2.926,-0.117
2.913,0.197
2.832,-0.468
2.659,-2.92
2.523,-2.953
2.201,-2.681
1.798,-2.83
1.609,-2.907
1.417,-2.98
1.211,-2.924
0.194,-2.864
-0.246,-2.974
-0.337,-3.041
-0.489,-2.91
-0.988,-3.036
-1.058,-2.884
-1.172,-3.072
-1.693,-2.917
-1.859,-2.798
-1.935,-2.755
-2.007,-2.912
-2.71,-2.766
-2.898,-2.884
3.123,-2.944
3.114,-2.695
3.049,-3.158
2.986,-2.697
2.607,1.599
2.136,1.647
1.836,1.611
1.572,1.77
1.354,1.663
1.338,1.554
0.786,1.717
-0.015,1.518
-0.46,1.596
-0.643,1.806
-1.471,1.505
-2.044,1.474
-2.093,1.676
-2.078,1.791
-2.206,1.373
-2.135,1.675
-2.237,1.426
-2.165,1.455
-2.398,1.697
-2.776,1.69
-2.804,1.794
-3.059,1.667
1.796,-1.743
0.799,-2.146
0.427,-2.541
0.619,-3.036
-1.131,1.713
-2.392,1.578
2.866,-0.233
2.773,-0.02
2.573,0.866
2.702,-1.215
2.691,-2.042
2.662,-2.16
2.52,1.021
2.504,-2.422
2.29,-1.709
2.189,-1.758
2.187,-1.304
2.192,-0.535
1.88,0.052
1.875,-1.491
1.963,-2.636
1.887,0.089
1.809,-2.329
1.704,-2.022
1.693,-0.278
1.566,-0.76
1.576,-1.582
1.616,-0.265
1.598,-1.306
1.588,-0.415
1.375,1.333
1.494,0.041
1.344,-0.4
1.342,-1.487
1.416,-1.092
1.359,-0.338
0.865,1.284
0.853,-1.017
0.822,-2.595
0.627,-1.076
0.559,-2.376
0.335,-2.593
0.303,-0.422
0.375,-0.659
0.307,0.798
0.212,0.364
0.047,-1.12
0.047,0.357
0.006,0.26
-0.221,-0.89
-0.437,0.288
-0.511,-2.234
-0.574,-0.45
-0.594,-0.107
-0.801,-1.178
-0.688,-2.19
-0.695,-2.64
-0.909,-2.275
-0.812,-1.499
-1.012,-0.134
-0.901,-2.312
-0.917,-0.589
-1.096,-0.367
-1.212,-1.079
-1.231,-2.594
-1.374,1.147
-1.448,-2.628
-1.319,-1.374
-1.363,-1.638
-1.522,0.339
-1.604,-1.646
-1.688,-2.423
-1.888,-0.02
-2.207,0.196
-2.254,-0.891
-2.144,0.07
-2.332,-1.346
-2.35,0.018
-2.431,0.251
-2.473,-0.198
-2.366,-2.457
-2.52,-0.592
-2.443,-1.58
-2.468,-2.571
-2.533,-2.048
-2.71,-0.34
-2.88,-1.625
3.115,-1.238
3.083,-0.123
-3.131,0.263
3.12,-0.16
2.971,-0.034
2.959,-0.895
2.903,-0.282
2.933,-1.341
2.884,-2.552
2.562,-2.58
2.506,-2.697
2.281,-2.879
2.343,-2.949
0.654,-3.007
0.546,-2.973
0.393,-2.777
0.409,-2.734
0.187,-2.84
-0.284,-2.845
-0.366,-2.831
-2.687,-2.87
2.999,-2.697
2.856,-3.068
1.914,1.435
1.948,1.396
1.753,1.675
1.661,1.62
1.236,1.669
1.339,1.57
0.629,1.305
0.785,1.659
0.574,1.619
0.465,1.685
-0.214,1.631
-0.85,1.634
-1.731,1.464
-1.644,1.569
-1.997,1.745
-2.116,1.731
-2.792,1.367
-2.828,1.723
-3.128,1.755
3.122,1.58
3.065,1.474
2.377,-1.764
1.316,-1.104
1.205,-1.343
0.893,-2.112
-1.371,0.437
-1.525,-1.004
-1.551,-0.784
-2.303,-0.084
-3.074,-2.594
0.153,0.653
-1.171,-0.737
-1.752,0.078
-1.704,-0.385
-2.122,-1.523
-2.387,-0.748
-2.328,0.14
-2.673,-1.131
-2.779,0.161
-2.993,0.292
-3.027,0.434
-0.378,-0.817
-0.506,0.456
-1.897,-1.838
1.472,-2.718
-1.996,-2.543
-2.353,-2.428
-0.05,1.236
-0.113,-1.497
-0.121,-1.395
-0.235,-0.581
-0.178,-0.989
-0.214,0.348
-0.275,0.85
-0.241,-0.422
-0.331,-1.379
-0.299,-0.677
-0.359,0.495
-0.316,-1.583
-0.373,0.132
-0.459,0.571
-0.539,-0.935
-0.526,0.646
-0.617,-0.337
-0.642,0.087
-0.593,-1.299
-0.668,-2.401
-0.744,-2.287
-0.777,-0.977
-0.869,0.175
-0.927,-2.5
-0.922,-0.851
-1.099,0.642
-1.115,-1.626
-1.207,-1.474
-1.247,-0.324
-1.479,-0.248
-1.48,-1.647
-1.501,1.224
-1.583,-2.012
-1.559,1.116
-1.559,-0.112
-1.639,1.09
-1.664,0.152
-1.614,1.488
-1.679,1.022
-1.679,-2.096
-1.784,-0.915
-1.795,-0.903
-1.727,-1.369
-1.733,1.143
-1.819,-0.778
-1.845,-1.266
-1.844,0.428
-1.837,-1.353
-1.83,0.777
-1.928,0.474
-2.057,0.293
-2.078,-0.054
-2.144,-0.444
-2.127,0.169
-2.225,-0.524
-2.232,-0.172
-2.375,-1.234
-2.356,-0.125
-2.367,-2.033
-2.426,0.013
-2.418,-1.968
-2.532,-0.902
-2.491,-2.552
-2.567,0.059
-2.512,-0.401
-2.515,-0.791
-2.537,-0.604
-2.654,1.194
-2.757,-1.676
-2.707,-2.606
-2.854,-0.685
-2.879,-2.197
-2.882,-0.982
-2.932,-1.155
-2.993,-1.961
-2.956,-2.237
-3.021,-1.532
-2.939,-2.185
-3.014,-2.142
-3.119,-2.208
-3.115,0.269
3.1,-2.091
3.065,-2.064
3.036,-2.206
2.968,-1.169
2.976,-2.545
3.006,-2.399
2.898,-1.171
2.927,0.098
2.846,0.27
2.891,-0.025
2.878,0.289
2.797,-0.376
2.624,-2.828
2.488,-2.861
2.166,-2.589
1.763,-2.738
1.574,-2.815
1.382,-2.888
1.176,-2.832
0.159,-2.772
-0.281,-2.882
-0.372,-2.949
-0.524,-2.818
-1.023,-2.944
-1.093,-2.792
-1.207,-2.98
-1.728,-2.825
-1.894,-2.706
-1.97,-2.663
-2.042,-2.82
-2.745,-2.674
-2.933,-2.792
3.088,-2.852
3.079,-2.603
3.014,-3.066
2.951,-2.605
2.572,1.691
2.101,1.739
1.801,1.703
1.537,1.862
1.319,1.755
1.303,1.646
0.751,1.809
-0.05,1.61
-0.495,1.688
-0.678,1.898
-1.506,1.597
-2.079,1.566
-2.128,1.768
-2.113,1.883
-2.241,1.465
-2.17,1.767
-2.272,1.518
-2.2,1.547
-2.433,1.789
-2.811,1.782
-2.839,1.886
-3.094,1.759
1.761,-1.651
0.764,-2.054
0.392,-2.449
0.584,-2.944
-1.166,1.805
-2.427,1.67
2.831,-0.141
2.738,0.072
2.538,0.958
2.667,-1.123
2.656,-1.95
2.627,-2.068
2.485,1.113
2.469,-2.33
2.255,-1.617
2.154,-1.666
2.152,-1.212
2.157,-0.443
1.845,0.144
1.84,-1.399
1.928,-2.544
1.852,0.181
1.774,-2.237
1.669,-1.93
1.658,-0.186
1.531,-0.668
1.541,-1.49
1.581,-0.173
1.563,-1.214
1.553,-0.323
1.34,1.425
1.459,0.133
1.309,-0.308
1.307,-1.395
1.381,-1.0
1.324,-0.246
0.83,1.376
0.818,-0.925
0.787,-2.503
0.592,-0.984
0.524,-2.284
0.3,-2.501
0.268,-0.33
0.34,-0.567
0.272,0.89
0.177,0.456
0.012,-1.028
0.012,0.449
-0.029,0.352
-0.256,-0.798
-0.472,0.38
-0.546,-2.142
-0.609,-0.358
-0.629,-0.015
-0.836,-1.086
-0.723,-2.098
-0.73,-2.548
-0.944,-2.183
-0.847,-1.407
-1.047,-0.042
-0.936,-2.22
-0.952,-0.497
-1.131,-0.275
-1.247,-0.987
-1.266,-2.502
-1.409,1.239
-1.483,-2.536
-1.354,-1.282
-1.398,-1.546
-1.557,0.431
-1.639,-1.554
-1.723,-2.331
-1.923,0.072
-2.242,0.288
-2.289,-0.799
-2.179,0.162
-2.367,-1.254
-2.385,0.11
-2.466,0.343
-2.508,-0.106
-2.401,-2.365
-2.555,-0.5
-2.478,-1.488
-2.503,-2.479
-2.568,-1.956
-2.745,-0.248
-2.915,-1.533
3.08,-1.146
3.048,-0.031
3.117,0.355
3.085,-0.068
2.936,0.058
2.924,-0.803
2.868,-0.19
2.898,-1.249
2.849,-2.46
2.527,-2.488
2.471,-2.605
2.246,-2.787
2.308,-2.857
0.619,-2.915
0.511,-2.881
0.358,-2.685
0.374,-2.642
0.152,-2.748
-0.319,-2.753
-0.401,-2.739
-2.722,-2.778
2.964,-2.605
2.821,-2.976
1.879,1.527
1.913,1.488
1.718,1.767
1.626,1.712
1.201,1.761
1.304,1.662
0.594,1.397
0.75,1.751
0.539,1.711
0.43,1.777
-0.249,1.723
-0.885,1.726
-1.766,1.556
-1.679,1.661
-2.032,1.837
-2.151,1.823
-2.827,1.459
-2.863,1.815
3.12,1.847
3.087,1.672
3.03,1.566
2.342,-1.672
1.281,-1.012
1.17,-1.251
0.858,-2.02
-1.406,0.529
-1.56,-0.912
-1.586,-0.692
-2.338,0.008
-3.109,-2.502
0.118,0.745
-1.206,-0.645
-1.787,0.17
-1.739,-0.293
-2.157,-1.431
-2.422,-0.656
-2.363,0.232
-2.708,-1.039
-2.814,0.253
-3.028,0.384
-3.062,0.526
-0.413,-0.725
-0.541,0.548
-1.932,-1.746
1.437,-2.626
-2.031,-2.451
-2.388,-2.336
-0.063,-2.733
-0.071,-2.631
-0.185,-1.817
-0.128,-2.225
-0.164,-0.888
-0.225,-0.386
-0.191,-1.658
-0.281,-2.615
-0.249,-1.913
-0.309,-0.741
-0.266,-2.819
-0.323,-1.104
-0.409,-0.665
-0.489,-2.171
-0.476,-0.59
-0.567,-1.573
-0.592,-1.149
-0.543,-2.535
-0.618,-3.637
-0.694,-3.523
-0.727,-2.213
-0.819,-1.061
-0.877,-3.736
-0.872,-2.087
-1.049,-0.594
-1.065,-2.862
-1.157,-2.71
-1.197,-1.56
-1.429,-1.484
-1.43,-2.883
-1.451,-0.012
-1.533,-3.248
-1.509,-0.12
-1.509,-1.348
-1.589,-0.146
-1.614,-1.084
-1.564,0.252
-1.629,-0.214
-1.629,-3.332
-1.734,-2.151
-1.745,-2.139
-1.677,-2.605
-1.683,-0.093
-1.769,-2.014
-1.795,-2.502
-1.794,-0.808
-1.787,-2.589
-1.78,-0.459
-1.878,-0.762
-2.007,-0.943
-2.028,-1.29
-2.094,-1.68
-2.077,-1.067
-2.175,-1.76
-2.182,-1.408
-2.325,-2.47
-2.306,-1.361
-2.317,-3.269
-2.376,-1.223
-2.368,-3.204
-2.482,-2.138
-2.441,-3.788
-2.517,-1.177
-2.462,-1.637
-2.465,-2.027
-2.487,-1.84
-2.604,-0.042
-2.707,-2.912
-2.657,-3.842
-2.804,-1.921
-2.829,-3.433
-2.832,-2.218
-2.882,-2.391
-2.943,-3.197
-2.906,-3.473
-2.971,-2.768
-2.889,-3.421
-2.964,-3.378
-3.069,-3.444
-3.065,-0.967
-3.133,-3.327
3.115,-3.3
3.086,-3.442
3.018,-2.405
3.026,-3.781
3.056,-3.635
2.948,-2.407
2.977,-1.138
2.896,-0.966
2.941,-1.261
2.928,-0.947
2.847,-1.612
2.674,-4.064
2.538,-4.097
2.216,-3.825
1.813,-3.974
1.624,-4.051
1.432,-4.124
1.226,-4.068
0.209,-4.008
-0.231,-4.118
-0.322,-4.185
-0.474,-4.054
-0.973,-4.18
-1.043,-4.028
-1.157,-4.216
-1.678,-4.061
-1.844,-3.942
-1.92,-3.899
-1.992,-4.056
-2.695,-3.91
-2.883,-4.028
3.138,-4.088
3.129,-3.839
3.064,-4.302
3.001,-3.841
2.622,0.455
2.151,0.503
1.851,0.467
1.587,0.626
1.369,0.519
1.353,0.41
0.801,0.573
0.0,0.374
-0.445,0.452
-0.628,0.662
-1.456,0.361
-2.029,0.33
-2.078,0.532
-2.063,0.647
-2.191,0.229
-2.12,0.531
-2.222,0.282
-2.15,0.311
-2.383,0.553
-2.761,0.546
-2.789,0.65
-3.044,0.523
1.811,-2.887
0.814,-3.29
0.442,-3.685
0.634,-4.18
-1.116,0.569
-2.377,0.434
2.881,-1.377
2.788,-1.164
2.588,-0.278
2.717,-2.359
2.706,-3.186
2.677,-3.304
2.535,-0.123
2.519,-3.566
2.305,-2.853
2.204,-2.902
2.202,-2.448
2.207,-1.679
1.895,-1.092
1.89,-2.635
1.978,-3.78
1.902,-1.055
1.824,-3.473
1.719,-3.166
1.708,-1.422
1.581,-1.904
1.591,-2.726
1.631,-1.409
1.613,-2.45
1.603,-1.559
1.39,0.189
1.509,-1.103
1.359,-1.544
1.357,-2.631
1.431,-2.236
1.374,-1.482
0.88,0.14
0.868,-2.161
0.837,-3.739
0.642,-2.22
0.574,-3.52
0.35,-3.737
0.318,-1.566
0.39,-1.803
0.322,-0.346
0.227,-0.78
0.062,-2.264
0.062,-0.787
0.021,-0.884
-0.206,-2.034
-0.422,-0.856
-0.496,-3.378
-0.559,-1.594
-0.579,-1.251
-0.786,-2.322
-0.673,-3.334
-0.68,-3.784
-0.894,-3.419
-0.797,-2.643
-0.997,-1.278
-0.886,-3.456
-0.902,-1.733
-1.081,-1.511
-1.197,-2.223
-1.216,-3.738
-1.359,0.003
-1.433,-3.772
-1.304,-2.518
-1.348,-2.782
-1.507,-0.805
-1.589,-2.79
-1.673,-3.567
-1.873,-1.164
-2.192,-0.948
-2.239,-2.035
-2.129,-1.074
-2.317,-2.49
-2.335,-1.126
-2.416,-0.893
-2.458,-1.342
-2.351,-3.601
-2.505,-1.736
-2.428,-2.724
-2.453,-3.715
-2.518,-3.192
-2.695,-1.484
-2.865,-2.769
3.13,-2.382
3.098,-1.267
-3.116,-0.881
3.135,-1.304
2.986,-1.178
2.974,-2.039
2.918,-1.426
2.948,-2.485
2.899,-3.696
2.577,-3.724
2.521,-3.841
2.296,-4.023
2.358,-4.093
0.669,-4.151
0.561,-4.117
0.408,-3.921
0.424,-3.878
0.202,-3.984
-0.269,-3.989
-0.351,-3.975
-2.672,-4.014
3.014,-3.841
2.871,-4.212
1.929,0.291
1.963,0.252
1.768,0.531
1.676,0.476
1.251,0.525
1.354,0.426
0.644,0.161
0.8,0.515
0.589,0.475
0.48,0.541
-0.199,0.487
-0.835,0.49
-1.716,0.32
-1.629,0.425
-1.982,0.601
-2.101,0.587
-2.777,0.223
-2.813,0.579
-3.113,0.611
3.137,0.436
3.08,0.33
2.392,-2.908
1.331,-2.248
1.22,-2.487
0.908,-3.256
-1.356,-0.707
-1.51,-2.148
-1.536,-1.928
-2.288,-1.228
-3.059,-3.738
0.168,-0.491
-1.156,-1.881
-1.737,-1.066
-1.689,-1.529
-2.107,-2.667
-2.372,-1.892
-2.313,-1.004
-2.658,-2.275
-2.764,-0.983
-2.978,-0.852
-3.012,-0.71
-0.363,-1.961
-0.491,-0.688
-1.882,-2.982
1.487,-3.862
-1.981,-3.687
-2.338,-3.572
-0.008,0.102
-0.122,0.916
-0.065,0.508
-0.101,1.845
-0.162,2.347
-0.128,1.075
-0.218,0.118
-0.186,0.82
-0.246,1.992
-0.203,-0.086
-0.26,1.629
-0.346,2.068
-0.426,0.562
-0.413,2.143
-0.504,1.16
-0.529,1.584
-0.48,0.198
-0.555,-0.904
-0.631,-0.79
-0.664,0.52
-0.756,1.672
-0.814,-1.003
-0.809,0.646
-0.986,2.139
-1.002,-0.129
-1.094,0.023
-1.134,1.173
-1.366,1.249
-1.367,-0.15
-1.388,2.721
-1.47,-0.515
-1.446,2.613
-1.446,1.385
-1.526,2.587
-1.551,1.649
-1.501,2.985
-1.566,2.519
-1.566,-0.599
-1.671,0.582
-1.682,0.594
-1.614,0.128
-1.62,2.64
-1.706,0.719
-1.732,0.231
-1.731,1.925
-1.724,0.144
-1.717,2.274
-1.815,1.971
-1.944,1.79
-1.965,1.443
-2.031,1.053
-2.014,1.666
-2.112,0.973
-2.119,1.325
-2.262,0.263
-2.243,1.372
-2.254,-0.536
-2.313,1.51
-2.305,-0.471
-2.419,0.595
-2.378,-1.055
-2.454,1.556
-2.399,1.096
-2.402,0.706
-2.424,0.893
-2.541,2.691
-2.644,-0.179
-2.594,-1.109
-2.741,0.812
-2.766,-0.7
-2.769,0.515
-2.819,0.342
-2.88,-0.464
-2.843,-0.74
-2.908,-0.035
-2.826,-0.688
-2.901,-0.645
-3.006,-0.711
-3.002,1.766
-3.07,-0.594
-3.105,-0.567
-3.134,-0.709
3.081,0.328
3.089,-1.048
3.119,-0.902
3.011,0.326
3.04,1.595
2.959,1.767
3.004,1.472
2.991,1.786
2.91,1.121
2.737,-1.331
2.601,-1.364
2.279,-1.092
1.876,-1.241
1.687,-1.318
1.495,-1.391
1.289,-1.335
0.272,-1.275
-0.168,-1.385
-0.259,-1.452
-0.411,-1.321
-0.91,-1.447
-0.98,-1.295
-1.094,-1.483
-1.615,-1.328
-1.781,-1.209
-1.857,-1.166
-1.929,-1.323
-2.632,-1.177
-2.82,-1.295
-3.082,-1.355
-3.091,-1.106
3.127,-1.569
3.064,-1.108
2.685,3.188
2.214,3.236
1.914,3.2
1.65,3.359
1.432,3.252
1.416,3.143
0.864,3.306
0.063,3.107
-0.382,3.185
-0.565,3.395
-1.393,3.094
-1.966,3.063
-2.015,3.265
-2.0,3.38
-2.128,2.962
-2.057,3.264
-2.159,3.015
-2.087,3.044
-2.32,3.286
-2.698,3.279
-2.726,3.383
-2.981,3.256
1.874,-0.154
0.877,-0.557
0.505,-0.952
0.697,-1.447
-1.053,3.302
-2.314,3.167
2.944,1.356
2.851,1.569
2.651,2.455
2.78,0.374
2.769,-0.453
2.74,-0.571
2.598,2.61
2.582,-0.833
2.368,-0.12
2.267,-0.169
2.265,0.285
2.27,1.054
1.958,1.641
1.953,0.098
2.041,-1.047
1.965,1.678
1.887,-0.74
1.782,-0.433
1.771,1.311
1.644,0.829
1.654,0.007
1.694,1.324
1.676,0.283
1.666,1.174
1.453,2.922
1.572,1.63
1.422,1.189
1.42,0.102
1.494,0.497
1.437,1.251
0.943,2.873
0.931,0.572
0.9,-1.006
0.705,0.513
0.637,-0.787
0.413,-1.004
0.381,1.167
0.453,0.93
0.385,2.387
0.29,1.953
0.125,0.469
0.125,1.946
0.084,1.849
-0.143,0.699
-0.359,1.877
-0.433,-0.645
-0.496,1.139
-0.516,1.482
-0.723,0.411
-0.61,-0.601
-0.617,-1.051
-0.831,-0.686
-0.734,0.09
-0.934,1.455
-0.823,-0.723
-0.839,1.0
-1.018,1.222
-1.134,0.51
-1.153,-1.005
-1.296,2.736
-1.37,-1.039
-1.241,0.215
-1.285,-0.049
-1.444,1.928
-1.526,-0.057
-1.61,-0.834
-1.81,1.569
-2.129,1.785
-2.176,0.698
-2.066,1.659
-2.254,0.243
-2.272,1.607
-2.353,1.84
-2.395,1.391
-2.288,-0.868
-2.442,0.997
-2.365,0.009
-2.39,-0.982
-2.455,-0.459
-2.632,1.249
-2.802,-0.036
-3.09,0.351
-3.122,1.466
-3.053,1.852
-3.085,1.429
3.049,1.555
3.037,0.694
2.981,1.307
3.011,0.248
2.962,-0.963
2.64,-0.991
2.584,-1.108
2.359,-1.29
2.421,-1.36
0.732,-1.418
0.624,-1.384
0.471,-1.188
0.487,-1.145
0.265,-1.251
-0.206,-1.256
-0.288,-1.242
-2.609,-1.281
3.077,-1.108
2.934,-1.479
1.992,3.024
2.026,2.985
1.831,3.264
1.739,3.209
1.314,3.258
1.417,3.159
0.707,2.894
0.863,3.248
0.652,3.208
0.543,3.274
-0.136,3.22
-0.772,3.223
-1.653,3.053
-1.566,3.158
-1.919,3.334
-2.038,3.32
-2.714,2.956
-2.75,3.312
-3.05,3.344
-3.083,3.169
-3.14,3.063
2.455,-0.175
1.394,0.485
1.283,0.246
0.971,-0.523
-1.293,2.026
-1.447,0.585
-1.473,0.805
-2.225,1.505
-2.996,-1.005
0.231,2.242
-1.093,0.852
-1.674,1.667
-1.626,1.204
-2.044,0.066
-2.309,0.841
-2.25,1.729
-2.595,0.458
-2.701,1.75
-2.915,1.881
-2.949,2.023
-0.3,0.772
-0.428,2.045
-1.819,-0.249
1.55,-1.129
-1.918,-0.954
-2.275,-0.839
-0.114,0.814
-0.057,0.406
-0.093,1.743
-0.154,2.245
-0.12,0.973
-0.21,0.016
-0.178,0.718
-0.238,1.89
-0.195,-0.188
-0.252,1.527
-0.338,1.966
-0.418,0.46
-0.405,2.041
-0.496,1.058
-0.521,1.482
-0.472,0.096
-0.547,-1.006
-0.623,-0.892
-0.656,0.418
-0.748,1.57
-0.806,-1.105
-0.801,0.544
-0.978,2.037
-0.994,-0.231
-1.086,-0.079
-1.126,1.071
-1.358,1.147
-1.359,-0.252
-1.38,2.619
-1.462,-0.617
-1.438,2.511
-1.438,1.283
-1.518,2.485
-1.543,1.547
-1.493,2.883
-1.558,2.417
-1.558,-0.701
-1.663,0.48
-1.674,0.492
-1.606,0.026
-1.612,2.538
-1.698,0.617
-1.724,0.129
-1.723,1.823
-1.716,0.042
-1.709,2.172
-1.807,1.869
-1.936,1.688
-1.957,1.341
-2.023,0.951
-2.006,1.564
-2.104,0.871
-2.111,1.223
-2.254,0.161
-2.235,1.27
-2.246,-0.638
-2.305,1.408
-2.297,-0.573
-2.411,0.493
-2.37,-1.157
-2.446,1.454
-2.391,0.994
-2.394,0.604
-2.416,0.791
-2.533,2.589
-2.636,-0.281
-2.586,-1.211
-2.733,0.71
-2.758,-0.802
-2.761,0.413
-2.811,0.24
-2.872,-0.566
-2.835,-0.842
-2.9,-0.137
-2.818,-0.79
-2.893,-0.747
-2.998,-0.813
-2.994,1.664
-3.062,-0.696
-3.097,-0.669
-3.126,-0.811
3.089,0.226
3.097,-1.15
3.127,-1.004
3.019,0.224
3.048,1.493
2.967,1.665
3.012,1.37
2.999,1.684
2.918,1.019
2.745,-1.433
2.609,-1.466
2.287,-1.194
1.884,-1.343
1.695,-1.42
1.503,-1.493
1.297,-1.437
0.28,-1.377
-0.16,-1.487
-0.251,-1.554
-0.403,-1.423
-0.902,-1.549
-0.972,-1.397
-1.086,-1.585
-1.607,-1.43
-1.773,-1.311
-1.849,-1.268
-1.921,-1.425
-2.624,-1.279
-2.812,-1.397
-3.074,-1.457
-3.083,-1.208
3.135,-1.671
3.072,-1.21
2.693,3.086
2.222,3.134
1.922,3.098
1.658,3.257
1.44,3.15
1.424,3.041
0.872,3.204
0.071,3.005
-0.374,3.083
-0.557,3.293
-1.385,2.992
-1.958,2.961
-2.007,3.163
-1.992,3.278
-2.12,2.86
-2.049,3.162
-2.151,2.913
-2.079,2.942
-2.312,3.184
-2.69,3.177
-2.718,3.281
-2.973,3.154
1.882,-0.256
0.885,-0.659
0.513,-1.054
0.705,-1.549
-1.045,3.2
-2.306,3.065
2.952,1.254
2.859,1.467
2.659,2.353
2.788,0.272
2.777,-0.555
2.748,-0.673
2.606,2.508
2.59,-0.935
2.376,-0.222
2.275,-0.271
2.273,0.183
2.278,0.952
1.966,1.539
1.961,-0.004
2.049,-1.149
1.973,1.576
1.895,-0.842
1.79,-0.535
1.779,1.209
1.652,0.727
1.662,-0.095
1.702,1.222
1.684,0.181
1.674,1.072
1.461,2.82
1.58,1.528
1.43,1.087
1.428,0.0
1.502,0.395
1.445,1.149
0.951,2.771
0.939,0.47
0.908,-1.108
0.713,0.411
0.645,-0.889
0.421,-1.106
0.389,1.065
0.461,0.828
0.393,2.285
0.298,1.851
0.133,0.367
0.133,1.844
0.092,1.747
-0.135,0.597
-0.351,1.775
-0.425,-0.747
-0.488,1.037
-0.508,1.38
-0.715,0.309
-0.602,-0.703
-0.609,-1.153
-0.823,-0.788
-0.726,-0.012
-0.926,1.353
-0.815,-0.825
-0.831,0.898
-1.01,1.12
-1.126,0.408
-1.145,-1.107
-1.288,2.634
-1.362,-1.141
-1.233,0.113
-1.277,-0.151
-1.436,1.826
-1.518,-0.159
-1.602,-0.936
-1.802,1.467
-2.121,1.683
-2.168,0.596
-2.058,1.557
-2.246,0.141
-2.264,1.505
-2.345,1.738
-2.387,1.289
-2.28,-0.97
-2.434,0.895
-2.357,-0.093
-2.382,-1.084
-2.447,-0.561
-2.624,1.147
-2.794,-0.138
-3.082,0.249
-3.114,1.364
-3.045,1.75
-3.077,1.327
3.057,1.453
3.045,0.592
2.989,1.205
3.019,0.146
2.97,-1.065
2.648,-1.093
2.592,-1.21
2.367,-1.392
2.429,-1.462
0.74,-1.52
0.632,-1.486
0.479,-1.29
0.495,-1.247
0.273,-1.353
-0.198,-1.358
-0.28,-1.344
-2.601,-1.383
3.085,-1.21
2.942,-1.581
2.0,2.922
2.034,2.883
1.839,3.162
1.747,3.107
1.322,3.156
1.425,3.057
0.715,2.792
0.871,3.146
0.66,3.106
0.551,3.172
-0.128,3.118
-0.764,3.121
-1.645,2.951
-1.558,3.056
-1.911,3.232
-2.03,3.218
-2.706,2.854
-2.742,3.21
-3.042,3.242
-3.075,3.067
-3.132,2.961
2.463,-0.277
1.402,0.383
1.291,0.144
0.979,-0.625
-1.285,1.924
-1.439,0.483
-1.465,0.703
-2.217,1.403
-2.988,-1.107
0.239,2.14
-1.085,0.75
-1.666,1.565
-1.618,1.102
-2.036,-0.036
-2.301,0.739
-2.242,1.627
-2.587,0.356
-2.693,1.648
-2.907,1.779
-2.941,1.921
-0.292,0.67
-0.42,1.943
-1.811,-0.351
1.558,-1.231
-1.91,-1.056
-2.267,-0.941
0.057,-0.408
0.021,0.929
-0.04,1.431
-0.006,0.159
-0.096,-0.798
-0.064,-0.096
-0.124,1.076
-0.081,-1.002
-0.138,0.713
-0.224,1.152
-0.304,-0.354
-0.291,1.227
-0.382,0.244
-0.407,0.668
-0.358,-0.718
-0.433,-1.82
-0.509,-1.706
-0.542,-0.396
-0.634,0.756
-0.692,-1.919
-0.687,-0.27
-0.864,1.223
-0.88,-1.045
-0.972,-0.893
-1.012,0.257
-1.244,0.333
-1.245,-1.066
-1.266,1.805
-1.348,-1.431
-1.324,1.697
-1.324,0.469
-1.404,1.671
-1.429,0.733
-1.379,2.069
-1.444,1.603
-1.444,-1.515
-1.549,-0.334
-1.56,-0.322
-1.492,-0.788
-1.498,1.724
-1.584,-0.197
-1.61,-0.685
-1.609,1.009
-1.602,-0.772
-1.595,1.358
-1.693,1.055
-1.822,0.874
-1.843,0.527
-1.909,0.137
-1.892,0.75
-1.99,0.057
-1.997,0.409
-2.14,-0.653
-2.121,0.456
-2.132,-1.452
-2.191,0.594
-2.183,-1.387
-2.297,-0.321
-2.256,-1.971
-2.332,0.64
-2.277,0.18
-2.28,-0.21
-2.302,-0.023
-2.419,1.775
-2.522,-1.095
-2.472,-2.025
-2.619,-0.104
-2.644,-1.616
-2.647,-0.401
-2.697,-0.574
-2.758,-1.38
-2.721,-1.656
-2.786,-0.951
-2.704,-1.604
-2.779,-1.561
-2.884,-1.627
-2.88,0.85
-2.948,-1.51
-2.983,-1.483
-3.012,-1.625
-3.08,-0.588
-3.072,-1.964
-3.042,-1.818
3.133,-0.59
-3.121,0.679
3.081,0.851
3.126,0.556
3.113,0.87
3.032,0.205
2.859,-2.247
2.723,-2.28
2.401,-2.008
1.998,-2.157
1.809,-2.234
1.617,-2.307
1.411,-2.251
0.394,-2.191
-0.046,-2.301
-0.137,-2.368
-0.289,-2.237
-0.788,-2.363
-0.858,-2.211
-0.972,-2.399
-1.493,-2.244
-1.659,-2.125
-1.735,-2.082
-1.807,-2.239
-2.51,-2.093
-2.698,-2.211
-2.96,-2.271
-2.969,-2.022
-3.034,-2.485
-3.097,-2.024
2.807,2.272
2.336,2.32
2.036,2.284
1.772,2.443
1.554,2.336
1.538,2.227
0.986,2.39
0.185,2.191
-0.26,2.269
-0.443,2.479
-1.271,2.178
-1.844,2.147
-1.893,2.349
-1.878,2.464
-2.006,2.046
-1.935,2.348
-2.037,2.099
-1.965,2.128
-2.198,2.37
-2.576,2.363
-2.604,2.467
-2.859,2.34
1.996,-1.07
0.999,-1.473
0.627,-1.868
0.819,-2.363
-0.931,2.386
-2.192,2.251
3.066,0.44
2.973,0.653
2.773,1.539
2.902,-0.542
2.891,-1.369
2.862,-1.487
2.72,1.694
2.704,-1.749
2.49,-1.036
2.389,-1.085
2.387,-0.631
2.392,0.138
2.08,0.725
2.075,-0.818
2.163,-1.963
2.087,0.762
2.009,-1.656
1.904,-1.349
1.893,0.395
1.766,-0.087
1.776,-0.909
1.816,0.408
1.798,-0.633
1.788,0.258
1.575,2.006
1.694,0.714
1.544,0.273
1.542,-0.814
1.616,-0.419
1.559,0.335
1.065,1.957
1.053,-0.344
1.022,-1.922
0.827,-0.403
0.759,-1.703
0.535,-1.92
0.503,0.251
0.575,0.014
0.507,1.471
0.412,1.037
0.247,-0.447
0.247,1.03
0.206,0.933
-0.021,-0.217
-0.237,0.961
-0.311,-1.561
-0.374,0.223
-0.394,0.566
-0.601,-0.505
-0.488,-1.517
-0.495,-1.967
-0.709,-1.602
-0.612,-0.826
-0.812,0.539
-0.701,-1.639
-0.717,0.084
-0.896,0.306
-1.012,-0.406
-1.031,-1.921
-1.174,1.82
-1.248,-1.955
-1.119,-0.701
-1.163,-0.965
-1.322,1.012
-1.404,-0.973
-1.488,-1.75
-1.688,0.653
-2.007,0.869
-2.054,-0.218
-1.944,0.743
-2.132,-0.673
-2.15,0.691
-2.231,0.924
-2.273,0.475
-2.166,-1.784
-2.32,0.081
-2.243,-0.907
-2.268,-1.898
-2.333,-1.375
-2.51,0.333
-2.68,-0.952
-2.968,-0.565
-3.0,0.55
-2.931,0.936
-2.963,0.513
-3.112,0.639
-3.124,-0.222
3.103,0.391
3.133,-0.668
3.084,-1.879
2.762,-1.907
2.706,-2.024
2.481,-2.206
2.543,-2.276
0.854,-2.334
0.746,-2.3
0.593,-2.104
0.609,-2.061
0.387,-2.167
-0.084,-2.172
-0.166,-2.158
-2.487,-2.197
-3.084,-2.024
3.056,-2.395
2.114,2.108
2.148,2.069
1.953,2.348
1.861,2.293
1.436,2.342
1.539,2.243
0.829,1.978
0.985,2.332
0.774,2.292
0.665,2.358
-0.014,2.304
-0.65,2.307
-1.531,2.137
-1.444,2.242
-1.797,2.418
-1.916,2.404
-2.592,2.04
-2.628,2.396
-2.928,2.428
-2.961,2.253
-3.018,2.147
2.577,-1.091
1.516,-0.431
1.405,-0.67
1.093,-1.439
-1.171,1.11
-1.325,-0.331
-1.351,-0.111
-2.103,0.589
-2.874,-1.921
0.353,1.326
-0.971,-0.064
-1.552,0.751
-1.504,0.288
-1.922,-0.85
-2.187,-0.075
-2.128,0.813
-2.473,-0.458
-2.579,0.834
-2.793,0.965
-2.827,1.107
-0.178,-0.144
-0.306,1.129
-1.697,-1.165
1.672,-2.045
-1.796,-1.87
-2.153,-1.755
-0.036,1.337
-0.097,1.839
-0.063,0.567
-0.153,-0.39
-0.121,0.312
-0.181,1.484
-0.138,-0.594
-0.195,1.121
-0.281,1.56
-0.361,0.054
-0.348,1.635
-0.439,0.652
-0.464,1.076
-0.415,-0.31
-0.49,-1.412
-0.566,-1.298
-0.599,0.012
-0.691,1.164
-0.749,-1.511
-0.744,0.138
-0.921,1.631
-0.937,-0.637
-1.029,-0.485
-1.069,0.665
-1.301,0.741
-1.302,-0.658
-1.323,2.213
-1.405,-1.023
-1.381,2.105
-1.381,0.877
-1.461,2.079
-1.486,1.141
-1.436,2.477
-1.501,2.011
-1.501,-1.107
-1.606,0.074
-1.617,0.086
-1.549,-0.38
-1.555,2.132
-1.641,0.211
-1.667,-0.277
-1.666,1.417
-1.659,-0.364
-1.652,1.766
-1.75,1.463
-1.879,1.282
-1.9,0.935
-1.966,0.545
-1.949,1.158
-2.047,0.465
-2.054,0.817
-2.197,-0.245
-2.178,0.864
-2.189,-1.044
-2.248,1.002
-2.24,-0.979
-2.354,0.087
-2.313,-1.563
-2.389,1.048
-2.334,0.588
-2.337,0.198
-2.359,0.385
-2.476,2.183
-2.579,-0.687
-2.529,-1.617
-2.676,0.304
-2.701,-1.208
-2.704,0.007
-2.754,-0.166
-2.815,-0.972
-2.778,-1.248
-2.843,-0.543
-2.761,-1.196
-2.836,-1.153
-2.941,-1.219
-2.937,1.258
-3.005,-1.102
-3.04,-1.075
-3.069,-1.217
-3.137,-0.18
-3.129,-1.556
-3.099,-1.41
3.076,-0.182
3.105,1.087
3.024,1.259
3.069,0.964
3.056,1.278
2.975,0.613
2.802,-1.839
2.666,-1.872
2.344,-1.6
1.941,-1.749
1.752,-1.826
1.56,-1.899
1.354,-1.843
0.337,-1.783
-0.103,-1.893
-0.194,-1.96
-0.346,-1.829
-0.845,-1.955
-0.915,-1.803
-1.029,-1.991
-1.55,-1.836
-1.716,-1.717
-1.792,-1.674
-1.864,-1.831
-2.567,-1.685
-2.755,-1.803
-3.017,-1.863
-3.026,-1.614
-3.091,-2.077
3.129,-1.616
2.75,2.68
2.279,2.728
1.979,2.692
1.715,2.851
1.497,2.744
1.481,2.635
0.929,2.798
0.128,2.599
-0.317,2.677
-0.5,2.887
-1.328,2.586
-1.901,2.555
-1.95,2.757
-1.935,2.872
-2.063,2.454
-1.992,2.756
-2.094,2.507
-2.022,2.536
-2.255,2.778
-2.633,2.771
-2.661,2.875
-2.916,2.748
1.939,-0.662
0.942,-1.065
0.57,-1.46
0.762,-1.955
-0.988,2.794
-2.249,2.659
3.009,0.848
2.916,1.061
2.716,1.947
2.845,-0.134
2.834,-0.961
2.805,-1.079
2.663,2.102
2.647,-1.341
2.433,-0.628
2.332,-0.677
2.33,-0.223
2.335,0.546
2.023,1.133
2.018,-0.41
2.106,-1.555
2.03,1.17
1.952,-1.248
1.847,-0.941
1.836,0.803
1.709,0.321
1.719,-0.501
1.759,0.816
1.741,-0.225
1.731,0.666
1.518,2.414
1.637,1.122
1.487,0.681
1.485,-0.406
1.559,-0.011
1.502,0.743
1.008,2.365
0.996,0.064
0.965,-1.514
0.77,0.005
0.702,-1.295
0.478,-1.512
0.446,0.659
0.518,0.422
0.45,1.879
0.355,1.445
0.19,-0.039
0.19,1.438
0.149,1.341
-0.078,0.191
-0.294,1.369
-0.368,-1.153
-0.431,0.631
-0.451,0.974
-0.658,-0.097
-0.545,-1.109
-0.552,-1.559
-0.766,-1.194
-0.669,-0.418
-0.869,0.947
-0.758,-1.231
-0.774,0.492
-0.953,0.714
-1.069,0.002
-1.088,-1.513
-1.231,2.228
-1.305,-1.547
-1.176,-0.293
-1.22,-0.557
-1.379,1.42
-1.461,-0.565
-1.545,-1.342
-1.745,1.061
-2.064,1.277
-2.111,0.19
-2.001,1.151
-2.189,-0.265
-2.207,1.099
-2.288,1.332
-2.33,0.883
-2.223,-1.376
-2.377,0.489
-2.3,-0.499
-2.325,-1.49
-2.39,-0.967
-2.567,0.741
-2.737,-0.544
-3.025,-0.157
-3.057,0.958
-2.988,1.344
-3.02,0.921
3.114,1.047
3.102,0.186
3.046,0.799
3.076,-0.26
3.027,-1.471
2.705,-1.499
2.649,-1.616
2.424,-1.798
2.486,-1.868
0.797,-1.926
0.689,-1.892
0.536,-1.696
0.552,-1.653
0.33,-1.759
-0.141,-1.764
-0.223,-1.75
-2.544,-1.789
-3.141,-1.616
2.999,-1.987
2.057,2.516
2.091,2.477
1.896,2.756
1.804,2.701
1.379,2.75
1.482,2.651
0.772,2.386
0.928,2.74
0.717,2.7
0.608,2.766
-0.071,2.712
-0.707,2.715
-1.588,2.545
-1.501,2.65
-1.854,2.826
-1.973,2.812
-2.649,2.448
-2.685,2.804
-2.985,2.836
-3.018,2.661
-3.075,2.555
2.52,-0.683
1.459,-0.023
1.348,-0.262
1.036,-1.031
-1.228,1.518
-1.382,0.077
-1.408,0.297
-2.16,0.997
-2.931,-1.513
0.296,1.734
-1.028,0.344
-1.609,1.159
-1.561,0.696
-1.979,-0.442
-2.244,0.333
-2.185,1.221
-2.53,-0.05
-2.636,1.242
-2.85,1.373
-2.884,1.515
-0.235,0.264
-0.363,1.537
-1.754,-0.757
1.615,-1.637
-1.853,-1.462
-2.21,-1.347
-0.061,0.502
-0.027,-0.77
-0.117,-1.727
-0.085,-1.025
-0.145,0.147
-0.102,-1.931
-0.159,-0.216
-0.245,0.223
-0.325,-1.283
-0.312,0.298
-0.403,-0.685
-0.428,-0.261
-0.379,-1.647
-0.454,-2.749
-0.53,-2.635
-0.563,-1.325
-0.655,-0.173
-0.713,-2.848
-0.708,-1.199
-0.885,0.294
-0.901,-1.974
-0.993,-1.822
-1.033,-0.672
-1.265,-0.596
-1.266,-1.995
-1.287,0.876
-1.369,-2.36
-1.345,0.768
-1.345,-0.46
-1.425,0.742
-1.45,-0.196
-1.4,1.14
-1.465,0.674
-1.465,-2.444
-1.57,-1.263
-1.581,-1.251
-1.513,-1.717
-1.519,0.795
-1.605,-1.126
-1.631,-1.614
-1.63,0.08
-1.623,-1.701
-1.616,0.429
-1.714,0.126
-1.843,-0.055
-1.864,-0.402
-1.93,-0.792
-1.913,-0.179
-2.011,-0.872
-2.018,-0.52
-2.161,-1.582
-2.142,-0.473
-2.153,-2.381
-2.212,-0.335
-2.204,-2.316
-2.318,-1.25
-2.277,-2.9
-2.353,-0.289
-2.298,-0.749
-2.301,-1.139
-2.323,-0.952
-2.44,0.846
-2.543,-2.024
-2.493,-2.954
-2.64,-1.033
-2.665,-2.545
-2.668,-1.33
-2.718,-1.503
-2.779,-2.309
-2.742,-2.585
-2.807,-1.88
-2.725,-2.533
-2.8,-2.49
-2.905,-2.556
-2.901,-0.079
-2.969,-2.439
-3.004,-2.412
-3.033,-2.554
-3.101,-1.517
-3.093,-2.893
-3.063,-2.747
3.112,-1.519
3.141,-0.25
3.06,-0.078
3.105,-0.373
3.092,-0.059
3.011,-0.724
2.838,-3.176
2.702,-3.209
2.38,-2.937
1.977,-3.086
1.788,-3.163
1.596,-3.236
1.39,-3.18
0.373,-3.12
-0.067,-3.23
-0.158,-3.297
-0.31,-3.166
-0.809,-3.292
-0.879,-3.14
-0.993,-3.328
-1.514,-3.173
-1.68,-3.054
-1.756,-3.011
-1.828,-3.168
-2.531,-3.022
-2.719,-3.14
-2.981,-3.2
-2.99,-2.951
-3.055,-3.414
-3.118,-2.953
2.786,1.343
2.315,1.391
2.015,1.355
1.751,1.514
1.533,1.407
1.517,1.298
0.965,1.461
0.164,1.262
-0.281,1.34
-0.464,1.55
-1.292,1.249
-1.865,1.218
-1.914,1.42
-1.899,1.535
-2.027,1.117
-1.956,1.419
-2.058,1.17
-1.986,1.199
-2.219,1.441
-2.597,1.434
-2.625,1.538
-2.88,1.411
1.975,-1.999
0.978,-2.402
0.606,-2.797
0.798,-3.292
-0.952,1.457
-2.213,1.322
3.045,-0.489
2.952,-0.276
2.752,0.61
2.881,-1.471
2.87,-2.298
2.841,-2.416
2.699,0.765
2.683,-2.678
2.469,-1.965
2.368,-2.014
2.366,-1.56
2.371,-0.791
2.059,-0.204
2.054,-1.747
2.142,-2.892
2.066,-0.167
1.988,-2.585
1.883,-2.278
1.872,-0.534
1.745,-1.016
1.755,-1.838
1.795,-0.521
1.777,-1.562
1.767,-0.671
1.554,1.077
1.673,-0.215
1.523,-0.656
1.521,-1.743
1.595,-1.348
1.538,-0.594
1.044,1.028
1.032,-1.273
1.001,-2.851
0.806,-1.332
0.738,-2.632
0.514,-2.849
0.482,-0.678
0.554,-0.915
0.486,0.542
0.391,0.108
0.226,-1.376
0.226,0.101
0.185,0.004
-0.042,-1.146
-0.258,0.032
-0.332,-2.49
-0.395,-0.706
-0.415,-0.363
-0.622,-1.434
-0.509,-2.446
-0.516,-2.896
-0.73,-2.531
-0.633,-1.755
-0.833,-0.39
-0.722,-2.568
-0.738,-0.845
-0.917,-0.623
-1.033,-1.335
-1.052,-2.85
-1.195,0.891
-1.269,-2.884
-1.14,-1.63
-1.184,-1.894
-1.343,0.083
-1.425,-1.902
-1.509,-2.679
-1.709,-0.276
-2.028,-0.06
-2.075,-1.147
-1.965,-0.186
-2.153,-1.602
-2.171,-0.238
-2.252,-0.005
-2.294,-0.454
-2.187,-2.713
-2.341,-0.848
-2.264,-1.836
-2.289,-2.827
-2.354,-2.304
-2.531,-0.596
-2.701,-1.881
-2.989,-1.494
-3.021,-0.379
-2.952,0.007
-2.984,-0.416
-3.133,-0.29
3.138,-1.151
3.082,-0.538
3.112,-1.597
3.063,-2.808
2.741,-2.836
2.685,-2.953
2.46,-3.135
2.522,-3.205
0.833,-3.263
0.725,-3.229
0.572,-3.033
0.588,-2.99
0.366,-3.096
-0.105,-3.101
-0.187,-3.087
-2.508,-3.126
-3.105,-2.953
3.035,-3.324
2.093,1.179
2.127,1.14
1.932,1.419
1.84,1.364
1.415,1.413
1.518,1.314
0.808,1.049
0.964,1.403
0.753,1.363
0.644,1.429
-0.035,1.375
-0.671,1.378
-1.552,1.208
-1.465,1.313
-1.818,1.489
-1.937,1.475
-2.613,1.111
-2.649,1.467
-2.949,1.499
-2.982,1.324
-3.039,1.218
2.556,-2.02
1.495,-1.36
1.384,-1.599
1.072,-2.368
-1.192,0.181
-1.346,-1.26
-1.372,-1.04
-2.124,-0.34
-2.895,-2.85
0.332,0.397
-0.992,-0.993
-1.573,-0.178
-1.525,-0.641
-1.943,-1.779
-2.208,-1.004
-2.149,-0.116
-2.494,-1.387
-2.6,-0.095
-2.814,0.036
-2.848,0.178
-0.199,-1.073
-0.327,0.2
-1.718,-2.094
1.651,-2.974
-1.817,-2.799
-2.174,-2.684
0.034,-1.272
-0.056,-2.229
-0.024,-1.527
-0.084,-0.355
-0.041,-2.433
-0.098,-0.718
-0.184,-0.279
-0.264,-1.785
-0.251,-0.204
-0.342,-1.187
-0.367,-0.763
-0.318,-2.149
-0.393,-3.251
-0.469,-3.137
-0.502,-1.827
-0.594,-0.675
-0.652,-3.35
-0.647,-1.701
-0.824,-0.208
-0.84,-2.476
-0.932,-2.324
-0.972,-1.174
-1.204,-1.098
-1.205,-2.497
-1.226,0.374
-1.308,-2.862
-1.284,0.266
-1.284,-0.962
-1.364,0.24
-1.389,-0.698
-1.339,0.638
-1.404,0.172
-1.404,-2.946
-1.509,-1.765
-1.52,-1.753
-1.452,-2.219
-1.458,0.293
-1.544,-1.628
-1.57,-2.116
-1.569,-0.422
-1.562,-2.203
-1.555,-0.073
-1.653,-0.376
-1.782,-0.557
-1.803,-0.904
-1.869,-1.294
-1.852,-0.681
-1.95,-1.374
-1.957,-1.022
-2.1,-2.084
-2.081,-0.975
-2.092,-2.883
-2.151,-0.837
-2.143,-2.818
-2.257,-1.752
-2.216,-3.402
-2.292,-0.791
-2.237,-1.251
-2.24,-1.641
-2.262,-1.454
-2.379,0.344
-2.482,-2.526
-2.432,-3.456
-2.579,-1.535
-2.604,-3.047
-2.607,-1.832
-2.657,-2.005
-2.718,-2.811
-2.681,-3.087
-2.746,-2.382
-2.664,-3.035
-2.739,-2.992
-2.844,-3.058
-2.84,-0.581
-2.908,-2.941
-2.943,-2.914
-2.972,-3.056
-3.04,-2.019
-3.032,-3.395
-3.002,-3.249
-3.11,-2.021
-3.081,-0.752
3.121,-0.58
-3.117,-0.875
-3.13,-0.561
3.072,-1.226
2.899,-3.678
2.763,-3.711
2.441,-3.439
2.038,-3.588
1.849,-3.665
1.657,-3.738
1.451,-3.682
0.434,-3.622
-0.006,-3.732
-0.097,-3.799
-0.249,-3.668
-0.748,-3.794
-0.818,-3.642
-0.932,-3.83
-1.453,-3.675
-1.619,-3.556
-1.695,-3.513
-1.767,-3.67
-2.47,-3.524
-2.658,-3.642
-2.92,-3.702
-2.929,-3.453
-2.994,-3.916
-3.057,-3.455
2.847,0.841
2.376,0.889
2.076,0.853
1.812,1.012
1.594,0.905
1.578,0.796
1.026,0.959
0.225,0.76
-0.22,0.838
-0.403,1.048
-1.231,0.747
-1.804,0.716
-1.853,0.918
-1.838,1.033
-1.966,0.615
-1.895,0.917
-1.997,0.668
-1.925,0.697
-2.158,0.939
-2.536,0.932
-2.564,1.036
-2.819,0.909
2.036,-2.501
1.039,-2.904
0.667,-3.299
0.859,-3.794
-0.891,0.955
-2.152,0.82
3.106,-0.991
3.013,-0.778
2.813,0.108
2.942,-1.973
2.931,-2.8
2.902,-2.918
2.76,0.263
2.744,-3.18
2.53,-2.467
2.429,-2.516
2.427,-2.062
2.432,-1.293
2.12,-0.706
2.115,-2.249
2.203,-3.394
2.127,-0.669
2.049,-3.087
1.944,-2.78
1.933,-1.036
1.806,-1.518
1.816,-2.34
1.856,-1.023
1.838,-2.064
1.828,-1.173
1.615,0.575
1.734,-0.717
1.584,-1.158
1.582,-2.245
1.656,-1.85
1.599,-1.096
1.105,0.526
1.093,-1.775
1.062,-3.353
0.867,-1.834
0.799,-3.134
0.575,-3.351
0.543,-1.18
0.615,-1.417
0.547,0.04
0.452,-0.394
0.287,-1.878
0.287,-0.401
0.246,-0.498
0.019,-1.648
-0.197,-0.47
-0.271,-2.992
-0.334,-1.208
-0.354,-0.865
-0.561,-1.936
-0.448,-2.948
-0.455,-3.398
-0.669,-3.033
-0.572,-2.257
-0.772,-0.892
-0.661,-3.07
-0.677,-1.347
-0.856,-1.125
-0.972,-1.837
-0.991,-3.352
-1.134,0.389
-1.208,-3.386
-1.079,-2.132
-1.123,-2.396
-1.282,-0.419
-1.364,-2.404
-1.448,-3.181
-1.648,-0.778
-1.967,-0.562
-2.014,-1.649
-1.904,-0.688
-2.092,-2.104
-2.11,-0.74
-2.191,-0.507
-2.233,-0.956
-2.126,-3.215
-2.28,-1.35
-2.203,-2.338
-2.228,-3.329
-2.293,-2.806
-2.47,-1.098
-2.64,-2.383
-2.928,-1.996
-2.96,-0.881
-2.891,-0.495
-2.923,-0.918
-3.072,-0.792
-3.084,-1.653
-3.14,-1.04
-3.11,-2.099
3.124,-3.31
2.802,-3.338
2.746,-3.455
2.521,-3.637
2.583,-3.707
0.894,-3.765
0.786,-3.731
0.633,-3.535
0.649,-3.492
0.427,-3.598
-0.044,-3.603
-0.126,-3.589
-2.447,-3.628
-3.044,-3.455
3.096,-3.826
2.154,0.677
2.188,0.638
1.993,0.917
1.901,0.862
1.476,0.911
1.579,0.812
0.869,0.547
1.025,0.901
0.814,0.861
0.705,0.927
0.026,0.873
-0.61,0.876
-1.491,0.706
-1.404,0.811
-1.757,0.987
-1.876,0.973
-2.552,0.609
-2.588,0.965
-2.888,0.997
-2.921,0.822
-2.978,0.716
2.617,-2.522
1.556,-1.862
1.445,-2.101
1.133,-2.87
-1.131,-0.321
-1.285,-1.762
-1.311,-1.542
-2.063,-0.842
-2.834,-3.352
0.393,-0.105
-0.931,-1.495
-1.512,-0.68
-1.464,-1.143
-1.882,-2.281
-2.147,-1.506
-2.088,-0.618
-2.433,-1.889
-2.539,-0.597
-2.753,-0.466
-2.787,-0.324
-0.138,-1.575
-0.266,-0.302
-1.657,-2.596
1.712,-3.476
-1.756,-3.301
-2.113,-3.186
-0.09,-0.957
-0.058,-0.255
-0.118,0.917
-0.075,-1.161
-0.132,0.554
-0.218,0.993
-0.298,-0.513
-0.285,1.068
-0.376,0.085
-0.401,0.509
-0.352,-0.877
-0.427,-1.979
-0.503,-1.865
-0.536,-0.555
-0.628,0.597
-0.686,-2.078
-0.681,-0.429
-0.858,1.064
-0.874,-1.204
-0.966,-1.052
-1.006,0.098
-1.238,0.174
-1.239,-1.225
-1.26,1.646
-1.342,-1.59
-1.318,1.538
-1.318,0.31
-1.398,1.512
-1.423,0.574
-1.373,1.91
-1.438,1.444
-1.438,-1.674
-1.543,-0.493
-1.554,-0.481
-1.486,-0.947
-1.492,1.565
-1.578,-0.356
-1.604,-0.844
-1.603,0.85
-1.596,-0.931
-1.589,1.199
-1.687,0.896
-1.816,0.715
-1.837,0.368
-1.903,-0.022
-1.886,0.591
-1.984,-0.102
-1.991,0.25
-2.134,-0.812
-2.115,0.297
-2.126,-1.611
-2.185,0.435
-2.177,-1.546
-2.291,-0.48
-2.25,-2.13
-2.326,0.481
-2.271,0.021
-2.274,-0.369
-2.296,-0.182
-2.413,1.616
-2.516,-1.254
-2.466,-2.184
-2.613,-0.263
-2.638,-1.775
-2.641,-0.56
-2.691,-0.733
-2.752,-1.539
-2.715,-1.815
-2.78,-1.11
-2.698,-1.763
-2.773,-1.72
-2.878,-1.786
-2.874,0.691
-2.942,-1.669
-2.977,-1.642
-3.006,-1.784
-3.074,-0.747
-3.066,-2.123
-3.036,-1.977
3.139,-0.749
-3.115,0.52
3.087,0.692
3.132,0.397
3.119,0.711
3.038,0.046
2.865,-2.406
2.729,-2.439
2.407,-2.167
2.004,-2.316
1.815,-2.393
1.623,-2.466
1.417,-2.41
0.4,-2.35
-0.04,-2.46
-0.131,-2.527
-0.283,-2.396
-0.782,-2.522
-0.852,-2.37
-0.966,-2.558
-1.487,-2.403
-1.653,-2.284
-1.729,-2.241
-1.801,-2.398
-2.504,-2.252
-2.692,-2.37
-2.954,-2.43
-2.963,-2.181
-3.028,-2.644
-3.091,-2.183
2.813,2.113
2.342,2.161
2.042,2.125
1.778,2.284
1.56,2.177
1.544,2.068
0.992,2.231
0.191,2.032
-0.254,2.11
-0.437,2.32
-1.265,2.019
-1.838,1.988
-1.887,2.19
-1.872,2.305
-2.0,1.887
-1.929,2.189
-2.031,1.94
-1.959,1.969
-2.192,2.211
-2.57,2.204
-2.598,2.308
-2.853,2.181
2.002,-1.229
1.005,-1.632
0.633,-2.027
0.825,-2.522
-0.925,2.227
-2.186,2.092
3.072,0.281
2.979,0.494
2.779,1.38
2.908,-0.701
2.897,-1.528
2.868,-1.646
2.726,1.535
2.71,-1.908
2.496,-1.195
2.395,-1.244
2.393,-0.79
2.398,-0.021
2.086,0.566
2.081,-0.977
2.169,-2.122
2.093,0.603
2.015,-1.815
1.91,-1.508
1.899,0.236
1.772,-0.246
1.782,-1.068
1.822,0.249
1.804,-0.792
1.794,0.099
1.581,1.847
1.7,0.555
1.55,0.114
1.548,-0.973
1.622,-0.578
1.565,0.176
1.071,1.798
1.059,-0.503
1.028,-2.081
0.833,-0.562
0.765,-1.862
0.541,-2.079
0.509,0.092
0.581,-0.145
0.513,1.312
0.418,0.878
0.253,-0.606
0.253,0.871
0.212,0.774
-0.015,-0.376
-0.231,0.802
-0.305,-1.72
-0.368,0.064
-0.388,0.407
-0.595,-0.664
-0.482,-1.676
-0.489,-2.126
-0.703,-1.761
-0.606,-0.985
-0.806,0.38
-0.695,-1.798
-0.711,-0.075
-0.89,0.147
-1.006,-0.565
-1.025,-2.08
-1.168,1.661
-1.242,-2.114
-1.113,-0.86
-1.157,-1.124
-1.316,0.853
-1.398,-1.132
-1.482,-1.909
-1.682,0.494
-2.001,0.71
-2.048,-0.377
-1.938,0.584
-2.126,-0.832
-2.144,0.532
-2.225,0.765
-2.267,0.316
-2.16,-1.943
-2.314,-0.078
-2.237,-1.066
-2.262,-2.057
-2.327,-1.534
-2.504,0.174
-2.674,-1.111
-2.962,-0.724
-2.994,0.391
-2.925,0.777
-2.957,0.354
-3.106,0.48
-3.118,-0.381
3.109,0.232
3.139,-0.827
3.09,-2.038
2.768,-2.066
2.712,-2.183
2.487,-2.365
2.549,-2.435
0.86,-2.493
0.752,-2.459
0.599,-2.263
0.615,-2.22
0.393,-2.326
-0.078,-2.331
-0.16,-2.317
-2.481,-2.356
-3.078,-2.183
3.062,-2.554
2.12,1.949
2.154,1.91
1.959,2.189
1.867,2.134
1.442,2.183
1.545,2.084
0.835,1.819
0.991,2.173
0.78,2.133
0.671,2.199
-0.008,2.145
-0.644,2.148
-1.525,1.978
-1.438,2.083
-1.791,2.259
-1.91,2.245
-2.586,1.881
-2.622,2.237
-2.922,2.269
-2.955,2.094
-3.012,1.988
2.583,-1.25
1.522,-0.59
1.411,-0.829
1.099,-1.598
-1.165,0.951
-1.319,-0.49
-1.345,-0.27
-2.097,0.43
-2.868,-2.08
0.359,1.167
-0.965,-0.223
-1.546,0.592
-1.498,0.129
-1.916,-1.009
-2.181,-0.234
-2.122,0.654
-2.467,-0.617
-2.573,0.675
-2.787,0.806
-2.821,0.948
-0.172,-0.303
-0.3,0.97
-1.691,-1.324
1.678,-2.204
-1.79,-2.029
-2.147,-1.914
0.032,0.702
-0.028,1.874
0.015,-0.204
-0.042,1.511
-0.128,1.95
-0.208,0.444
-0.195,2.025
-0.286,1.042
-0.311,1.466
-0.262,0.08
-0.337,-1.022
-0.413,-0.908
-0.446,0.402
-0.538,1.554
-0.596,-1.121
-0.591,0.528
-0.768,2.021
-0.784,-0.247
-0.876,-0.095
-0.916,1.055
-1.148,1.131
-1.149,-0.268
-1.17,2.603
-1.252,-0.633
-1.228,2.495
-1.228,1.267
-1.308,2.469
-1.333,1.531
-1.283,2.867
-1.348,2.401
-1.348,-0.717
-1.453,0.464
-1.464,0.476
-1.396,0.01
-1.402,2.522
-1.488,0.601
-1.514,0.113
-1.513,1.807
-1.506,0.026
-1.499,2.156
-1.597,1.853
-1.726,1.672
-1.747,1.325
-1.813,0.935
-1.796,1.548
-1.894,0.855
-1.901,1.207
-2.044,0.145
-2.025,1.254
-2.036,-0.654
-2.095,1.392
-2.087,-0.589
-2.201,0.477
-2.16,-1.173
-2.236,1.438
-2.181,0.978
-2.184,0.588
-2.206,0.775
-2.323,2.573
-2.426,-0.297
-2.376,-1.227
-2.523,0.694
-2.548,-0.818
-2.551,0.397
-2.601,0.224
-2.662,-0.582
-2.625,-0.858
-2.69,-0.153
-2.608,-0.806
-2.683,-0.763
-2.788,-0.829
-2.784,1.648
-2.852,-0.712
-2.887,-0.685
-2.916,-0.827
-2.984,0.21
-2.976,-1.166
-2.946,-1.02
-3.054,0.208
-3.025,1.477
-3.106,1.649
-3.061,1.354
-3.074,1.668
3.128,1.003
2.955,-1.449
2.819,-1.482
2.497,-1.21
2.094,-1.359
1.905,-1.436
1.713,-1.509
1.507,-1.453
0.49,-1.393
0.05,-1.503
-0.041,-1.57
-0.193,-1.439
-0.692,-1.565
-0.762,-1.413
-0.876,-1.601
-1.397,-1.446
-1.563,-1.327
-1.639,-1.284
-1.711,-1.441
-2.414,-1.295
-2.602,-1.413
-2.864,-1.473
-2.873,-1.224
-2.938,-1.687
-3.001,-1.226
2.903,3.07
2.432,3.118
2.132,3.082
1.868,3.241
1.65,3.134
1.634,3.025
1.082,3.188
0.281,2.989
-0.164,3.067
-0.347,3.277
-1.175,2.976
-1.748,2.945
-1.797,3.147
-1.782,3.262
-1.91,2.844
-1.839,3.146
-1.941,2.897
-1.869,2.926
-2.102,3.168
-2.48,3.161
-2.508,3.265
-2.763,3.138
2.092,-0.272
1.095,-0.675
0.723,-1.07
0.915,-1.565
-0.835,3.184
-2.096,3.049
-3.121,1.238
3.069,1.451
2.869,2.337
2.998,0.256
2.987,-0.571
2.958,-0.689
2.816,2.492
2.8,-0.951
2.586,-0.238
2.485,-0.287
2.483,0.167
2.488,0.936
2.176,1.523
2.171,-0.02
2.259,-1.165
2.183,1.56
2.105,-0.858
2.0,-0.551
1.989,1.193
1.862,0.711
1.872,-0.111
1.912,1.206
1.894,0.165
1.884,1.056
1.671,2.804
1.79,1.512
1.64,1.071
1.638,-0.016
1.712,0.379
1.655,1.133
1.161,2.755
1.149,0.454
1.118,-1.124
0.923,0.395
0.855,-0.905
0.631,-1.122
0.599,1.049
0.671,0.812
0.603,2.269
0.508,1.835
0.343,0.351
0.343,1.828
0.302,1.731
0.075,0.581
-0.141,1.759
-0.215,-0.763
-0.278,1.021
-0.298,1.364
-0.505,0.293
-0.392,-0.719
-0.399,-1.169
-0.613,-0.804
-0.516,-0.028
-0.716,1.337
-0.605,-0.841
-0.621,0.882
-0.8,1.104
-0.916,0.392
-0.935,-1.123
-1.078,2.618
-1.152,-1.157
-1.023,0.097
-1.067,-0.167
-1.226,1.81
-1.308,-0.175
-1.392,-0.952
-1.592,1.451
-1.911,1.667
-1.958,0.58
-1.848,1.541
-2.036,0.125
-2.054,1.489
-2.135,1.722
-2.177,1.273
-2.07,-0.986
-2.224,0.879
-2.147,-0.109
-2.172,-1.1
-2.237,-0.577
-2.414,1.131
-2.584,-0.154
-2.872,0.233
-2.904,1.348
-2.835,1.734
-2.867,1.311
-3.016,1.437
-3.028,0.576
-3.084,1.189
-3.054,0.13
-3.103,-1.081
2.858,-1.109
2.802,-1.226
2.577,-1.408
2.639,-1.478
0.95,-1.536
0.842,-1.502
0.689,-1.306
0.705,-1.263
0.483,-1.369
0.012,-1.374
-0.07,-1.36
-2.391,-1.399
-2.988,-1.226
-3.131,-1.597
2.21,2.906
2.244,2.867
2.049,3.146
1.957,3.091
1.532,3.14
1.635,3.041
0.925,2.776
1.081,3.13
0.87,3.09
0.761,3.156
0.082,3.102
-0.554,3.105
-1.435,2.935
-1.348,3.04
-1.701,3.216
-1.82,3.202
-2.496,2.838
-2.532,3.194
-2.832,3.226
-2.865,3.051
-2.922,2.945
2.673,-0.293
1.612,0.367
1.501,0.128
1.189,-0.641
-1.075,1.908
-1.229,0.467
-1.255,0.687
-2.007,1.387
-2.778,-1.123
0.449,2.124
-0.875,0.734
-1.456,1.549
-1.408,1.086
-1.826,-0.052
-2.091,0.723
-2.032,1.611
-2.377,0.34
-2.483,1.632
-2.697,1.763
-2.731,1.905
-0.082,0.654
-0.21,1.927
-1.601,-0.367
1.768,-1.247
-1.7,-1.072
-2.057,-0.957
-0.06,1.172
-0.017,-0.906
-0.074,0.809
-0.16,1.248
-0.24,-0.258
-0.227,1.323
-0.318,0.34
-0.343,0.764
-0.294,-0.622
-0.369,-1.724
-0.445,-1.61
-0.478,-0.3
-0.57,0.852
-0.628,-1.823
-0.623,-0.174
-0.8,1.319
-0.816,-0.949
-0.908,-0.797
-0.948,0.353
-1.18,0.429
-1.181,-0.97
-1.202,1.901
-1.284,-1.335
-1.26,1.793
-1.26,0.565
-1.34,1.767
-1.365,0.829
-1.315,2.165
-1.38,1.699
-1.38,-1.419
-1.485,-0.238
-1.496,-0.226
-1.428,-0.692
-1.434,1.82
-1.52,-0.101
-1.546,-0.589
-1.545,1.105
-1.538,-0.676
-1.531,1.454
-1.629,1.151
-1.758,0.97
-1.779,0.623
-1.845,0.233
-1.828,0.846
-1.926,0.153
-1.933,0.505
-2.076,-0.557
-2.057,0.552
-2.068,-1.356
-2.127,0.69
-2.119,-1.291
-2.233,-0.225
-2.192,-1.875
-2.268,0.736
-2.213,0.276
-2.216,-0.114
-2.238,0.073
-2.355,1.871
-2.458,-0.999
-2.408,-1.929
-2.555,-0.008
-2.58,-1.52
-2.583,-0.305
-2.633,-0.478
-2.694,-1.284
-2.657,-1.56
-2.722,-0.855
-2.64,-1.508
-2.715,-1.465
-2.82,-1.531
-2.816,0.946
-2.884,-1.414
-2.919,-1.387
-2.948,-1.529
-3.016,-0.492
-3.008,-1.868
-2.978,-1.722
-3.086,-0.494
-3.057,0.775
-3.138,0.947
-3.093,0.652
-3.106,0.966
3.096,0.301
2.923,-2.151
2.787,-2.184
2.465,-1.912
2.062,-2.061
1.873,-2.138
1.681,-2.211
1.475,-2.155
0.458,-2.095
0.018,-2.205
-0.073,-2.272
-0.225,-2.141
-0.724,-2.267
-0.794,-2.115
-0.908,-2.303
-1.429,-2.148
-1.595,-2.029
-1.671,-1.986
-1.743,-2.143
-2.446,-1.997
-2.634,-2.115
-2.896,-2.175
-2.905,-1.926
-2.97,-2.389
-3.033,-1.928
2.871,2.368
2.4,2.416
2.1,2.38
1.836,2.539
1.618,2.432
1.602,2.323
1.05,2.486
0.249,2.287
-0.196,2.365
-0.379,2.575
-1.207,2.274
-1.78,2.243
-1.829,2.445
-1.814,2.56
-1.942,2.142
-1.871,2.444
-1.973,2.195
-1.901,2.224
-2.134,2.466
-2.512,2.459
-2.54,2.563
-2.795,2.436
2.06,-0.974
1.063,-1.377
0.691,-1.772
0.883,-2.267
-0.867,2.482
-2.128,2.347
3.13,0.536
3.037,0.749
2.837,1.635
2.966,-0.446
2.955,-1.273
2.926,-1.391
2.784,1.79
2.768,-1.653
2.554,-0.94
2.453,-0.989
2.451,-0.535
2.456,0.234
2.144,0.821
2.139,-0.722
2.227,-1.867
2.151,0.858
2.073,-1.56
1.968,-1.253
1.957,0.491
1.83,0.009
1.84,-0.813
1.88,0.504
1.862,-0.537
1.852,0.354
1.639,2.102
1.758,0.81
1.608,0.369
1.606,-0.718
1.68,-0.323
1.623,0.431
1.129,2.053
1.117,-0.248
1.086,-1.826
0.891,-0.307
0.823,-1.607
0.599,-1.824
0.567,0.347
0.639,0.11
0.571,1.567
0.476,1.133
0.311,-0.351
0.311,1.126
0.27,1.029
0.043,-0.121
-0.173,1.057
-0.247,-1.465
-0.31,0.319
-0.33,0.662
-0.537,-0.409
-0.424,-1.421
-0.431,-1.871
-0.645,-1.506
-0.548,-0.73
-0.748,0.635
-0.637,-1.543
-0.653,0.18
-0.832,0.402
-0.948,-0.31
-0.967,-1.825
-1.11,1.916
-1.184,-1.859
-1.055,-0.605
-1.099,-0.869
-1.258,1.108
-1.34,-0.877
-1.424,-1.654
-1.624,0.749
-1.943,0.965
-1.99,-0.122
-1.88,0.839
-2.068,-0.577
-2.086,0.787
-2.167,1.02
-2.209,0.571
-2.102,-1.688
-2.256,0.177
-2.179,-0.811
-2.204,-1.802
-2.269,-1.279
-2.446,0.429
-2.616,-0.856
-2.904,-0.469
-2.936,0.646
-2.867,1.032
-2.899,0.609
-3.048,0.735
-3.06,-0.126
-3.116,0.487
-3.086,-0.572
-3.135,-1.783
2.826,-1.811
2.77,-1.928
2.545,-2.11
2.607,-2.18
0.918,-2.238
0.81,-2.204
0.657,-2.008
0.673,-1.965
0.451,-2.071
-0.02,-2.076
-0.102,-2.062
-2.423,-2.101
-3.02,-1.928
3.12,-2.299
2.178,2.204
2.212,2.165
2.017,2.444
1.925,2.389
1.5,2.438
1.603,2.339
0.893,2.074
1.049,2.428
0.838,2.388
0.729,2.454
0.05,2.4
-0.586,2.403
-1.467,2.233
-1.38,2.338
-1.733,2.514
-1.852,2.5
-2.528,2.136
-2.564,2.492
-2.864,2.524
-2.897,2.349
-2.954,2.243
2.641,-0.995
1.58,-0.335
1.469,-0.574
1.157,-1.343
-1.107,1.206
-1.261,-0.235
-1.287,-0.015
-2.039,0.685
-2.81,-1.825
0.417,1.422
-0.907,0.032
-1.488,0.847
-1.44,0.384
-1.858,-0.754
-2.123,0.021
-2.064,0.909
-2.409,-0.362
-2.515,0.93
-2.729,1.061
-2.763,1.203
-0.114,-0.048
-0.242,1.225
-1.633,-1.069
1.736,-1.949
-1.732,-1.774
-2.089,-1.659
0.043,-2.078
-0.014,-0.363
-0.1,0.076
-0.18,-1.43
-0.167,0.151
-0.258,-0.832
-0.283,-0.408
-0.234,-1.794
-0.309,-2.896
-0.385,-2.782
-0.418,-1.472
-0.51,-0.32
-0.568,-2.995
-0.563,-1.346
-0.74,0.147
-0.756,-2.121
-0.848,-1.969
-0.888,-0.819
-1.12,-0.743
-1.121,-2.142
-1.142,0.729
-1.224,-2.507
-1.2,0.621
-1.2,-0.607
-1.28,0.595
-1.305,-0.343
-1.255,0.993
-1.32,0.527
-1.32,-2.591
-1.425,-1.41
-1.436,-1.398
-1.368,-1.864
-1.374,0.648
-1.46,-1.273
-1.486,-1.761
-1.485,-0.067
-1.478,-1.848
-1.471,0.282
-1.569,-0.021
-1.698,-0.202
-1.719,-0.549
-1.785,-0.939
-1.768,-0.326
-1.866,-1.019
-1.873,-0.667
-2.016,-1.729
-1.997,-0.62
-2.008,-2.528
-2.067,-0.482
-2.059,-2.463
-2.173,-1.397
-2.132,-3.047
-2.208,-0.436
-2.153,-0.896
-2.156,-1.286
-2.178,-1.099
-2.295,0.699
-2.398,-2.171
-2.348,-3.101
-2.495,-1.18
-2.52,-2.692
-2.523,-1.477
-2.573,-1.65
-2.634,-2.456
-2.597,-2.732
-2.662,-2.027
-2.58,-2.68
-2.655,-2.637
-2.76,-2.703
-2.756,-0.226
-2.824,-2.586
-2.859,-2.559
-2.888,-2.701
-2.956,-1.664
-2.948,-3.04
-2.918,-2.894
-3.026,-1.666
-2.997,-0.397
-3.078,-0.225
-3.033,-0.52
-3.046,-0.206
-3.127,-0.871
2.983,-3.323
2.847,-3.356
2.525,-3.084
2.122,-3.233
1.933,-3.31
1.741,-3.383
1.535,-3.327
0.518,-3.267
0.078,-3.377
-0.013,-3.444
-0.165,-3.313
-0.664,-3.439
-0.734,-3.287
-0.848,-3.475
-1.369,-3.32
-1.535,-3.201
-1.611,-3.158
-1.683,-3.315
-2.386,-3.169
-2.574,-3.287
-2.836,-3.347
-2.845,-3.098
-2.91,-3.561
-2.973,-3.1
2.931,1.196
2.46,1.244
2.16,1.208
1.896,1.367
1.678,1.26
1.662,1.151
1.11,1.314
0.309,1.115
-0.136,1.193
-0.319,1.403
-1.147,1.102
-1.72,1.071
-1.769,1.273
-1.754,1.388
-1.882,0.97
-1.811,1.272
-1.913,1.023
-1.841,1.052
-2.074,1.294
-2.452,1.287
-2.48,1.391
-2.735,1.264
2.12,-2.146
1.123,-2.549
0.751,-2.944
0.943,-3.439
-0.807,1.31
-2.068,1.175
-3.093,-0.636
3.097,-0.423
2.897,0.463
3.026,-1.618
3.015,-2.445
2.986,-2.563
2.844,0.618
2.828,-2.825
2.614,-2.112
2.513,-2.161
2.511,-1.707
2.516,-0.938
2.204,-0.351
2.199,-1.894
2.287,-3.039
2.211,-0.314
2.133,-2.732
2.028,-2.425
2.017,-0.681
1.89,-1.163
1.9,-1.985
1.94,-0.668
1.922,-1.709
1.912,-0.818
1.699,0.93
1.818,-0.362
1.668,-0.803
1.666,-1.89
1.74,-1.495
1.683,-0.741
1.189,0.881
1.177,-1.42
1.146,-2.998
0.951,-1.479
0.883,-2.779
0.659,-2.996
0.627,-0.825
0.699,-1.062
0.631,0.395
0.536,-0.039
0.371,-1.523
0.371,-0.046
0.33,-0.143
0.103,-1.293
-0.113,-0.115
-0.187,-2.637
-0.25,-0.853
-0.27,-0.51
-0.477,-1.581
-0.364,-2.593
-0.371,-3.043
-0.585,-2.678
-0.488,-1.902
-0.688,-0.537
-0.577,-2.715
-0.593,-0.992
-0.772,-0.77
-0.888,-1.482
-0.907,-2.997
-1.05,0.744
-1.124,-3.031
-0.995,-1.777
-1.039,-2.041
-1.198,-0.064
-1.28,-2.049
-1.364,-2.826
-1.564,-0.423
-1.883,-0.207
-1.93,-1.294
-1.82,-0.333
-2.008,-1.749
-2.026,-0.385
-2.107,-0.152
-2.149,-0.601
-2.042,-2.86
-2.196,-0.995
-2.119,-1.983
-2.144,-2.974
-2.209,-2.451
-2.386,-0.743
-2.556,-2.028
-2.844,-1.641
-2.876,-0.526
-2.807,-0.14
-2.839,-0.563
-2.988,-0.437
-3.0,-1.298
-3.056,-0.685
-3.026,-1.744
-3.075,-2.955
2.886,-2.983
2.83,-3.1
2.605,-3.282
2.667,-3.352
0.978,-3.41
0.87,-3.376
0.717,-3.18
0.733,-3.137
0.511,-3.243
0.04,-3.248
-0.042,-3.234
-2.363,-3.273
-2.96,-3.1
-3.103,-3.471
2.238,1.032
2.272,0.993
2.077,1.272
1.985,1.217
1.56,1.266
1.663,1.167
0.953,0.902
1.109,1.256
0.898,1.216
0.789,1.282
0.11,1.228
-0.526,1.231
-1.407,1.061
-1.32,1.166
-1.673,1.342
-1.792,1.328
-2.468,0.964
-2.504,1.32
-2.804,1.352
-2.837,1.177
-2.894,1.071
2.701,-2.167
1.64,-1.507
1.529,-1.746
1.217,-2.515
-1.047,0.034
-1.201,-1.407
-1.227,-1.187
-1.979,-0.487
-2.75,-2.997
0.477,0.25
-0.847,-1.14
-1.428,-0.325
-1.38,-0.788
-1.798,-1.926
-2.063,-1.151
-2.004,-0.263
-2.349,-1.534
-2.455,-0.242
-2.669,-0.111
-2.703,0.031
-0.054,-1.22
-0.182,0.053
-1.573,-2.241
1.796,-3.121
-1.672,-2.946
-2.029,-2.831
-0.057,1.715
-0.143,2.154
-0.223,0.648
-0.21,2.229
-0.301,1.246
-0.326,1.67
-0.277,0.284
-0.352,-0.818
-0.428,-0.704
-0.461,0.606
-0.553,1.758
-0.611,-0.917
-0.606,0.732
-0.783,2.225
-0.799,-0.043
-0.891,0.109
-0.931,1.259
-1.163,1.335
-1.164,-0.064
-1.185,2.807
-1.267,-0.429
-1.243,2.699
-1.243,1.471
-1.323,2.673
-1.348,1.735
-1.298,3.071
-1.363,2.605
-1.363,-0.513
-1.468,0.668
-1.479,0.68
-1.411,0.214
-1.417,2.726
-1.503,0.805
-1.529,0.317
-1.528,2.011
-1.521,0.23
-1.514,2.36
-1.612,2.057
-1.741,1.876
-1.762,1.529
-1.828,1.139
-1.811,1.752
-1.909,1.059
-1.916,1.411
-2.059,0.349
-2.04,1.458
-2.051,-0.45
-2.11,1.596
-2.102,-0.385
-2.216,0.681
-2.175,-0.969
-2.251,1.642
-2.196,1.182
-2.199,0.792
-2.221,0.979
-2.338,2.777
-2.441,-0.093
-2.391,-1.023
-2.538,0.898
-2.563,-0.614
-2.566,0.601
-2.616,0.428
-2.677,-0.378
-2.64,-0.654
-2.705,0.051
-2.623,-0.602
-2.698,-0.559
-2.803,-0.625
-2.799,1.852
-2.867,-0.508
-2.902,-0.481
-2.931,-0.623
-2.999,0.414
-2.991,-0.962
-2.961,-0.816
-3.069,0.412
-3.04,1.681
-3.121,1.853
-3.076,1.558
-3.089,1.872
3.113,1.207
2.94,-1.245
2.804,-1.278
2.482,-1.006
2.079,-1.155
1.89,-1.232
1.698,-1.305
1.492,-1.249
0.475,-1.189
0.035,-1.299
-0.056,-1.366
-0.208,-1.235
-0.707,-1.361
-0.777,-1.209
-0.891,-1.397
-1.412,-1.242
-1.578,-1.123
-1.654,-1.08
-1.726,-1.237
-2.429,-1.091
-2.617,-1.209
-2.879,-1.269
-2.888,-1.02
-2.953,-1.483
-3.016,-1.022
2.888,3.274
2.417,3.322
2.117,3.286
1.853,3.445
1.635,3.338
1.619,3.229
1.067,3.392
0.266,3.193
-0.179,3.271
-0.362,3.481
-1.19,3.18
-1.763,3.149
-1.812,3.351
-1.797,3.466
-1.925,3.048
-1.854,3.35
-1.956,3.101
-1.884,3.13
-2.117,3.372
-2.495,3.365
-2.523,3.469
-2.778,3.342
2.077,-0.068
1.08,-0.471
0.708,-0.866
0.9,-1.361
-0.85,3.388
-2.111,3.253
-3.136,1.442
3.054,1.655
2.854,2.541
2.983,0.46
2.972,-0.367
2.943,-0.485
2.801,2.696
2.785,-0.747
2.571,-0.034
2.47,-0.083
2.468,0.371
2.473,1.14
2.161,1.727
2.156,0.184
2.244,-0.961
2.168,1.764
2.09,-0.654
1.985,-0.347
1.974,1.397
1.847,0.915
1.857,0.093
1.897,1.41
1.879,0.369
1.869,1.26
1.656,3.008
1.775,1.716
1.625,1.275
1.623,0.188
1.697,0.583
1.64,1.337
1.146,2.959
1.134,0.658
1.103,-0.92
0.908,0.599
0.84,-0.701
0.616,-0.918
0.584,1.253
0.656,1.016
0.588,2.473
0.493,2.039
0.328,0.555
0.328,2.032
0.287,1.935
0.06,0.785
-0.156,1.963
-0.23,-0.559
-0.293,1.225
-0.313,1.568
-0.52,0.497
-0.407,-0.515
-0.414,-0.965
-0.628,-0.6
-0.531,0.176
-0.731,1.541
-0.62,-0.637
-0.636,1.086
-0.815,1.308
-0.931,0.596
-0.95,-0.919
-1.093,2.822
-1.167,-0.953
-1.038,0.301
-1.082,0.037
-1.241,2.014
-1.323,0.029
-1.407,-0.748
-1.607,1.655
-1.926,1.871
-1.973,0.784
-1.863,1.745
-2.051,0.329
-2.069,1.693
-2.15,1.926
-2.192,1.477
-2.085,-0.782
-2.239,1.083
-2.162,0.095
-2.187,-0.896
-2.252,-0.373
-2.429,1.335
-2.599,0.05
-2.887,0.437
-2.919,1.552
-2.85,1.938
-2.882,1.515
-3.031,1.641
-3.043,0.78
-3.099,1.393
-3.069,0.334
-3.118,-0.877
2.843,-0.905
2.787,-1.022
2.562,-1.204
2.624,-1.274
0.935,-1.332
0.827,-1.298
0.674,-1.102
0.69,-1.059
0.468,-1.165
-0.003,-1.17
-0.085,-1.156
-2.406,-1.195
-3.003,-1.022
3.137,-1.393
2.195,3.11
2.229,3.071
2.034,3.35
1.942,3.295
1.517,3.344
1.62,3.245
0.91,2.98
1.066,3.334
0.855,3.294
0.746,3.36
0.067,3.306
-0.569,3.309
-1.45,3.139
-1.363,3.244
-1.716,3.42
-1.835,3.406
-2.511,3.042
-2.547,3.398
-2.847,3.43
-2.88,3.255
-2.937,3.149
2.658,-0.089
1.597,0.571
1.486,0.332
1.174,-0.437
-1.09,2.112
-1.244,0.671
-1.27,0.891
-2.022,1.591
-2.793,-0.919
0.434,2.328
-0.89,0.938
-1.471,1.753
-1.423,1.29
-1.841,0.152
-2.106,0.927
-2.047,1.815
-2.392,0.544
-2.498,1.836
-2.712,1.967
-2.746,2.109
-0.097,0.858
-0.225,2.131
-1.616,-0.163
1.753,-1.043
-1.715,-0.868
-2.072,-0.753
-0.086,0.439
-0.166,-1.067
-0.153,0.514
-0.244,-0.469
-0.269,-0.045
-0.22,-1.431
-0.295,-2.533
-0.371,-2.419
-0.404,-1.109
-0.496,0.043
-0.554,-2.632
-0.549,-0.983
-0.726,0.51
-0.742,-1.758
-0.834,-1.606
-0.874,-0.456
-1.106,-0.38
-1.107,-1.779
-1.128,1.092
-1.21,-2.144
-1.186,0.984
-1.186,-0.244
-1.266,0.958
-1.291,0.02
-1.241,1.356
-1.306,0.89
-1.306,-2.228
-1.411,-1.047
-1.422,-1.035
-1.354,-1.501
-1.36,1.011
-1.446,-0.91
-1.472,-1.398
-1.471,0.296
-1.464,-1.485
-1.457,0.645
-1.555,0.342
-1.684,0.161
-1.705,-0.186
-1.771,-0.576
-1.754,0.037
-1.852,-0.656
-1.859,-0.304
-2.002,-1.366
-1.983,-0.257
-1.994,-2.165
-2.053,-0.119
-2.045,-2.1
-2.159,-1.034
-2.118,-2.684
-2.194,-0.073
-2.139,-0.533
-2.142,-0.923
-2.164,-0.736
-2.281,1.062
-2.384,-1.808
-2.334,-2.738
-2.481,-0.817
-2.506,-2.329
-2.509,-1.114
-2.559,-1.287
-2.62,-2.093
-2.583,-2.369
-2.648,-1.664
-2.566,-2.317
-2.641,-2.274
-2.746,-2.34
-2.742,0.137
-2.81,-2.223
-2.845,-2.196
-2.874,-2.338
-2.942,-1.301
-2.934,-2.677
-2.904,-2.531
-3.012,-1.303
-2.983,-0.034
-3.064,0.138
-3.019,-0.157
-3.032,0.157
-3.113,-0.508
2.997,-2.96
2.861,-2.993
2.539,-2.721
2.136,-2.87
1.947,-2.947
1.755,-3.02
1.549,-2.964
0.532,-2.904
0.092,-3.014
0.001,-3.081
-0.151,-2.95
-0.65,-3.076
-0.72,-2.924
-0.834,-3.112
-1.355,-2.957
-1.521,-2.838
-1.597,-2.795
-1.669,-2.952
-2.372,-2.806
-2.56,-2.924
-2.822,-2.984
-2.831,-2.735
-2.896,-3.198
-2.959,-2.737
2.945,1.559
2.474,1.607
2.174,1.571
1.91,1.73
1.692,1.623
1.676,1.514
1.124,1.677
0.323,1.478
-0.122,1.556
-0.305,1.766
-1.133,1.465
-1.706,1.434
-1.755,1.636
-1.74,1.751
-1.868,1.333
-1.797,1.635
-1.899,1.386
-1.827,1.415
-2.06,1.657
-2.438,1.65
-2.466,1.754
-2.721,1.627
2.134,-1.783
1.137,-2.186
0.765,-2.581
0.957,-3.076
-0.793,1.673
-2.054,1.538
-3.079,-0.273
3.111,-0.06
2.911,0.826
3.04,-1.255
3.029,-2.082
3.0,-2.2
2.858,0.981
2.842,-2.462
2.628,-1.749
2.527,-1.798
2.525,-1.344
2.53,-0.575
2.218,0.012
2.213,-1.531
2.301,-2.676
2.225,0.049
2.147,-2.369
2.042,-2.062
2.031,-0.318
1.904,-0.8
1.914,-1.622
1.954,-0.305
1.936,-1.346
1.926,-0.455
1.713,1.293
1.832,0.001
1.682,-0.44
1.68,-1.527
1.754,-1.132
1.697,-0.378
1.203,1.244
1.191,-1.057
1.16,-2.635
0.965,-1.116
0.897,-2.416
0.673,-2.633
0.641,-0.462
0.713,-0.699
0.645,0.758
0.55,0.324
0.385,-1.16
0.385,0.317
0.344,0.22
0.117,-0.93
-0.099,0.248
-0.173,-2.274
-0.236,-0.49
-0.256,-0.147
-0.463,-1.218
-0.35,-2.23
-0.357,-2.68
-0.571,-2.315
-0.474,-1.539
-0.674,-0.174
-0.563,-2.352
-0.579,-0.629
-0.758,-0.407
-0.874,-1.119
-0.893,-2.634
-1.036,1.107
-1.11,-2.668
-0.981,-1.414
-1.025,-1.678
-1.184,0.299
-1.266,-1.686
-1.35,-2.463
-1.55,-0.06
-1.869,0.156
-1.916,-0.931
-1.806,0.03
-1.994,-1.386
-2.012,-0.022
-2.093,0.211
-2.135,-0.238
-2.028,-2.497
-2.182,-0.632
-2.105,-1.62
-2.13,-2.611
-2.195,-2.088
-2.372,-0.38
-2.542,-1.665
-2.83,-1.278
-2.862,-0.163
-2.793,0.223
-2.825,-0.2
-2.974,-0.074
-2.986,-0.935
-3.042,-0.322
-3.012,-1.381
-3.061,-2.592
2.9,-2.62
2.844,-2.737
2.619,-2.919
2.681,-2.989
0.992,-3.047
0.884,-3.013
0.731,-2.817
0.747,-2.774
0.525,-2.88
0.054,-2.885
-0.028,-2.871
-2.349,-2.91
-2.946,-2.737
-3.089,-3.108
2.252,1.395
2.286,1.356
2.091,1.635
1.999,1.58
1.574,1.629
1.677,1.53
0.967,1.265
1.123,1.619
0.912,1.579
0.803,1.645
0.124,1.591
-0.512,1.594
-1.393,1.424
-1.306,1.529
-1.659,1.705
-1.778,1.691
-2.454,1.327
-2.49,1.683
-2.79,1.715
-2.823,1.54
-2.88,1.434
2.715,-1.804
1.654,-1.144
1.543,-1.383
1.231,-2.152
-1.033,0.397
-1.187,-1.044
-1.213,-0.824
-1.965,-0.124
-2.736,-2.634
0.491,0.613
-0.833,-0.777
-1.414,0.038
-1.366,-0.425
-1.784,-1.563
-2.049,-0.788
-1.99,0.1
-2.335,-1.171
-2.441,0.121
-2.655,0.252
-2.689,0.394
-0.04,-0.857
-0.168,0.416
-1.559,-1.878
1.81,-2.758
-1.658,-2.583
-2.015,-2.468
-0.08,-1.506
-0.067,0.075
-0.158,-0.908
-0.183,-0.484
-0.134,-1.87
-0.209,-2.972
-0.285,-2.858
-0.318,-1.548
-0.41,-0.396
-0.468,-3.071
-0.463,-1.422
-0.64,0.071
-0.656,-2.197
-0.748,-2.045
-0.788,-0.895
-1.02,-0.819
-1.021,-2.218
-1.042,0.653
-1.124,-2.583
-1.1,0.545
-1.1,-0.683
-1.18,0.519
-1.205,-0.419
-1.155,0.917
-1.22,0.451
-1.22,-2.667
-1.325,-1.486
-1.336,-1.474
-1.268,-1.94
-1.274,0.572
-1.36,-1.349
-1.386,-1.837
-1.385,-0.143
-1.378,-1.924
-1.371,0.206
-1.469,-0.097
-1.598,-0.278
-1.619,-0.625
-1.685,-1.015
-1.668,-0.402
-1.766,-1.095
-1.773,-0.743
-1.916,-1.805
-1.897,-0.696
-1.908,-2.604
-1.967,-0.558
-1.959,-2.539
-2.073,-1.473
-2.032,-3.123
-2.108,-0.512
-2.053,-0.972
-2.056,-1.362
-2.078,-1.175
-2.195,0.623
-2.298,-2.247
-2.248,-3.177
-2.395,-1.256
-2.42,-2.768
-2.423,-1.553
-2.473,-1.726
-2.534,-2.532
-2.497,-2.808
-2.562,-2.103
-2.48,-2.756
-2.555,-2.713
-2.66,-2.779
-2.656,-0.302
-2.724,-2.662
-2.759,-2.635
-2.788,-2.777
-2.856,-1.74
-2.848,-3.116
-2.818,-2.97
-2.926,-1.742
-2.897,-0.473
-2.978,-0.301
-2.933,-0.596
-2.946,-0.282
-3.027,-0.947
3.083,-3.399
2.947,-3.432
2.625,-3.16
2.222,-3.309
2.033,-3.386
1.841,-3.459
1.635,-3.403
0.618,-3.343
0.178,-3.453
0.087,-3.52
-0.065,-3.389
-0.564,-3.515
-0.634,-3.363
-0.748,-3.551
-1.269,-3.396
-1.435,-3.277
-1.511,-3.234
-1.583,-3.391
-2.286,-3.245
-2.474,-3.363
-2.736,-3.423
-2.745,-3.174
-2.81,-3.637
-2.873,-3.176
3.031,1.12
2.56,1.168
2.26,1.132
1.996,1.291
1.778,1.184
1.762,1.075
1.21,1.238
0.409,1.039
-0.036,1.117
-0.219,1.327
-1.047,1.026
-1.62,0.995
-1.669,1.197
-1.654,1.312
-1.782,0.894
-1.711,1.196
-1.813,0.947
-1.741,0.976
-1.974,1.218
-2.352,1.211
-2.38,1.315
-2.635,1.188
2.22,-2.222
1.223,-2.625
0.851,-3.02
1.043,-3.515
-0.707,1.234
-1.968,1.099
-2.993,-0.712
-3.086,-0.499
2.997,0.387
3.126,-1.694
3.115,-2.521
3.086,-2.639
2.944,0.542
2.928,-2.901
2.714,-2.188
2.613,-2.237
2.611,-1.783
2.616,-1.014
2.304,-0.427
2.299,-1.97
2.387,-3.115
2.311,-0.39
2.233,-2.808
2.128,-2.501
2.117,-0.757
1.99,-1.239
2.0,-2.061
2.04,-0.744
2.022,-1.785
2.012,-0.894
1.799,0.854
1.918,-0.438
1.768,-0.879
1.766,-1.966
1.84,-1.571
1.783,-0.817
1.289,0.805
1.277,-1.496
1.246,-3.074
1.051,-1.555
0.983,-2.855
0.759,-3.072
0.727,-0.901
0.799,-1.138
0.731,0.319
0.636,-0.115
0.471,-1.599
0.471,-0.122
0.43,-0.219
0.203,-1.369
-0.013,-0.191
-0.087,-2.713
-0.15,-0.929
-0.17,-0.586
-0.377,-1.657
-0.264,-2.669
-0.271,-3.119
-0.485,-2.754
-0.388,-1.978
-0.588,-0.613
-0.477,-2.791
-0.493,-1.068
-0.672,-0.846
-0.788,-1.558
-0.807,-3.073
-0.95,0.668
-1.024,-3.107
-0.895,-1.853
-0.939,-2.117
-1.098,-0.14
-1.18,-2.125
-1.264,-2.902
-1.464,-0.499
-1.783,-0.283
-1.83,-1.37
-1.72,-0.409
-1.908,-1.825
-1.926,-0.461
-2.007,-0.228
-2.049,-0.677
-1.942,-2.936
-2.096,-1.071
-2.019,-2.059
-2.044,-3.05
-2.109,-2.527
-2.286,-0.819
-2.456,-2.104
-2.744,-1.717
-2.776,-0.602
-2.707,-0.216
-2.739,-0.639
-2.888,-0.513
-2.9,-1.374
-2.956,-0.761
-2.926,-1.82
-2.975,-3.031
2.986,-3.059
2.93,-3.176
2.705,-3.358
2.767,-3.428
1.078,-3.486
0.97,-3.452
0.817,-3.256
0.833,-3.213
0.611,-3.319
0.14,-3.324
0.058,-3.31
-2.263,-3.349
-2.86,-3.176
-3.003,-3.547
2.338,0.956
2.372,0.917
2.177,1.196
2.085,1.141
1.66,1.19
1.763,1.091
1.053,0.826
1.209,1.18
0.998,1.14
0.889,1.206
0.21,1.152
-0.426,1.155
-1.307,0.985
-1.22,1.09
-1.573,1.266
-1.692,1.252
-2.368,0.888
-2.404,1.244
-2.704,1.276
-2.737,1.101
-2.794,0.995
2.801,-2.243
1.74,-1.583
1.629,-1.822
1.317,-2.591
-0.947,-0.042
-1.101,-1.483
-1.127,-1.263
-1.879,-0.563
-2.65,-3.073
0.577,0.174
-0.747,-1.216
-1.328,-0.401
-1.28,-0.864
-1.698,-2.002
-1.963,-1.227
-1.904,-0.339
-2.249,-1.61
-2.355,-0.318
-2.569,-0.187
-2.603,-0.045
0.046,-1.296
-0.082,-0.023
-1.473,-2.317
1.896,-3.197
-1.572,-3.022
-1.929,-2.907
0.013,1.581
-0.078,0.598
-0.103,1.022
-0.054,-0.364
-0.129,-1.466
-0.205,-1.352
-0.238,-0.042
-0.33,1.11
-0.388,-1.565
-0.383,0.084
-0.56,1.577
-0.576,-0.691
-0.668,-0.539
-0.708,0.611
-0.94,0.687
-0.941,-0.712
-0.962,2.159
-1.044,-1.077
-1.02,2.051
-1.02,0.823
-1.1,2.025
-1.125,1.087
-1.075,2.423
-1.14,1.957
-1.14,-1.161
-1.245,0.02
-1.256,0.032
-1.188,-0.434
-1.194,2.078
-1.28,0.157
-1.306,-0.331
-1.305,1.363
-1.298,-0.418
-1.291,1.712
-1.389,1.409
-1.518,1.228
-1.539,0.881
-1.605,0.491
-1.588,1.104
-1.686,0.411
-1.693,0.763
-1.836,-0.299
-1.817,0.81
-1.828,-1.098
-1.887,0.948
-1.879,-1.033
-1.993,0.033
-1.952,-1.617
-2.028,0.994
-1.973,0.534
-1.976,0.144
-1.998,0.331
-2.115,2.129
-2.218,-0.741
-2.168,-1.671
-2.315,0.25
-2.34,-1.262
-2.343,-0.047
-2.393,-0.22
-2.454,-1.026
-2.417,-1.302
-2.482,-0.597
-2.4,-1.25
-2.475,-1.207
-2.58,-1.273
-2.576,1.204
-2.644,-1.156
-2.679,-1.129
-2.708,-1.271
-2.776,-0.234
-2.768,-1.61
-2.738,-1.464
-2.846,-0.236
-2.817,1.033
-2.898,1.205
-2.853,0.91
-2.866,1.224
-2.947,0.559
-3.12,-1.893
3.027,-1.926
2.705,-1.654
2.302,-1.803
2.113,-1.88
1.921,-1.953
1.715,-1.897
0.698,-1.837
0.258,-1.947
0.167,-2.014
0.015,-1.883
-0.484,-2.009
-0.554,-1.857
-0.668,-2.045
-1.189,-1.89
-1.355,-1.771
-1.431,-1.728
-1.503,-1.885
-2.206,-1.739
-2.394,-1.857
-2.656,-1.917
-2.665,-1.668
-2.73,-2.131
-2.793,-1.67
3.111,2.626
2.64,2.674
2.34,2.638
2.076,2.797
1.858,2.69
1.842,2.581
1.29,2.744
0.489,2.545
0.044,2.623
-0.139,2.833
-0.967,2.532
-1.54,2.501
-1.589,2.703
-1.574,2.818
-1.702,2.4
-1.631,2.702
-1.733,2.453
-1.661,2.482
-1.894,2.724
-2.272,2.717
-2.3,2.821
-2.555,2.694
2.3,-0.716
1.303,-1.119
0.931,-1.514
1.123,-2.009
-0.627,2.74
-1.888,2.605
-2.913,0.794
-3.006,1.007
3.077,1.893
-3.077,-0.188
-3.088,-1.015
-3.117,-1.133
3.024,2.048
3.008,-1.395
2.794,-0.682
2.693,-0.731
2.691,-0.277
2.696,0.492
2.384,1.079
2.379,-0.464
2.467,-1.609
2.391,1.116
2.313,-1.302
2.208,-0.995
2.197,0.749
2.07,0.267
2.08,-0.555
2.12,0.762
2.102,-0.279
2.092,0.612
1.879,2.36
1.998,1.068
1.848,0.627
1.846,-0.46
1.92,-0.065
1.863,0.689
1.369,2.311
1.357,0.01
1.326,-1.568
1.131,-0.049
1.063,-1.349
0.839,-1.566
0.807,0.605
0.879,0.368
0.811,1.825
0.716,1.391
0.551,-0.093
0.551,1.384
0.51,1.287
0.283,0.137
0.067,1.315
-0.007,-1.207
-0.07,0.577
-0.09,0.92
-0.297,-0.151
-0.184,-1.163
-0.191,-1.613
-0.405,-1.248
-0.308,-0.472
-0.508,0.893
-0.397,-1.285
-0.413,0.438
-0.592,0.66
-0.708,-0.052
-0.727,-1.567
-0.87,2.174
-0.944,-1.601
-0.815,-0.347
-0.859,-0.611
-1.018,1.366
-1.1,-0.619
-1.184,-1.396
-1.384,1.007
-1.703,1.223
-1.75,0.136
-1.64,1.097
-1.828,-0.319
-1.846,1.045
-1.927,1.278
-1.969,0.829
-1.862,-1.43
-2.016,0.435
-1.939,-0.553
-1.964,-1.544
-2.029,-1.021
-2.206,0.687
-2.376,-0.598
-2.664,-0.211
-2.696,0.904
-2.627,1.29
-2.659,0.867
-2.808,0.993
-2.82,0.132
-2.876,0.745
-2.846,-0.314
-2.895,-1.525
3.066,-1.553
3.01,-1.67
2.785,-1.852
2.847,-1.922
1.158,-1.98
1.05,-1.946
0.897,-1.75
0.913,-1.707
0.691,-1.813
0.22,-1.818
0.138,-1.804
-2.183,-1.843
-2.78,-1.67
-2.923,-2.041
2.418,2.462
2.452,2.423
2.257,2.702
2.165,2.647
1.74,2.696
1.843,2.597
1.133,2.332
1.289,2.686
1.078,2.646
0.969,2.712
0.29,2.658
-0.346,2.661
-1.227,2.491
-1.14,2.596
-1.493,2.772
-1.612,2.758
-2.288,2.394
-2.324,2.75
-2.624,2.782
-2.657,2.607
-2.714,2.501
2.881,-0.737
1.82,-0.077
1.709,-0.316
1.397,-1.085
-0.867,1.464
-1.021,0.023
-1.047,0.243
-1.799,0.943
-2.57,-1.567
0.657,1.68
-0.667,0.29
-1.248,1.105
-1.2,0.642
-1.618,-0.496
-1.883,0.279
-1.824,1.167
-2.169,-0.104
-2.275,1.188
-2.489,1.319
-2.523,1.461
0.126,0.21
-0.002,1.483
-1.393,-0.811
1.976,-1.691
-1.492,-1.516
-1.849,-1.401
-0.091,-0.983
-0.116,-0.559
-0.067,-1.945
-0.142,-3.047
-0.218,-2.933
-0.251,-1.623
-0.343,-0.471
-0.401,-3.146
-0.396,-1.497
-0.573,-0.004
-0.589,-2.272
-0.681,-2.12
-0.721,-0.97
-0.953,-0.894
-0.954,-2.293
-0.975,0.578
-1.057,-2.658
-1.033,0.47
-1.033,-0.758
-1.113,0.444
-1.138,-0.494
-1.088,0.842
-1.153,0.376
-1.153,-2.742
-1.258,-1.561
-1.269,-1.549
-1.201,-2.015
-1.207,0.497
-1.293,-1.424
-1.319,-1.912
-1.318,-0.218
-1.311,-1.999
-1.304,0.131
-1.402,-0.172
-1.531,-0.353
-1.552,-0.7
-1.618,-1.09
-1.601,-0.477
-1.699,-1.17
-1.706,-0.818
-1.849,-1.88
-1.83,-0.771
-1.841,-2.679
-1.9,-0.633
-1.892,-2.614
-2.006,-1.548
-1.965,-3.198
-2.041,-0.587
-1.986,-1.047
-1.989,-1.437
-2.011,-1.25
-2.128,0.548
-2.231,-2.322
-2.181,-3.252
-2.328,-1.331
-2.353,-2.843
-2.356,-1.628
-2.406,-1.801
-2.467,-2.607
-2.43,-2.883
-2.495,-2.178
-2.413,-2.831
-2.488,-2.788
-2.593,-2.854
-2.589,-0.377
-2.657,-2.737
-2.692,-2.71
-2.721,-2.852
-2.789,-1.815
-2.781,-3.191
-2.751,-3.045
-2.859,-1.817
-2.83,-0.548
-2.911,-0.376
-2.866,-0.671
-2.879,-0.357
-2.96,-1.022
-3.133,-3.474
3.014,-3.507
2.692,-3.235
2.289,-3.384
2.1,-3.461
1.908,-3.534
1.702,-3.478
0.685,-3.418
0.245,-3.528
0.154,-3.595
0.002,-3.464
-0.497,-3.59
-0.567,-3.438
-0.681,-3.626
-1.202,-3.471
-1.368,-3.352
-1.444,-3.309
-1.516,-3.466
-2.219,-3.32
-2.407,-3.438
-2.669,-3.498
-2.678,-3.249
-2.743,-3.712
-2.806,-3.251
3.098,1.045
2.627,1.093
2.327,1.057
2.063,1.216
1.845,1.109
1.829,1.0
1.277,1.163
0.476,0.964
0.031,1.042
-0.152,1.252
-0.98,0.951
-1.553,0.92
-1.602,1.122
-1.587,1.237
-1.715,0.819
-1.644,1.121
-1.746,0.872
-1.674,0.901
-1.907,1.143
-2.285,1.136
-2.313,1.24
-2.568,1.113
2.287,-2.297
1.29,-2.7
0.918,-3.095
1.11,-3.59
-0.64,1.159
-1.901,1.024
-2.926,-0.787
-3.019,-0.574
3.064,0.312
-3.09,-1.769
-3.101,-2.596
-3.13,-2.714
3.011,0.467
2.995,-2.976
2.781,-2.263
2.68,-2.312
2.678,-1.858
2.683,-1.089
2.371,-0.502
2.366,-2.045
2.454,-3.19
2.378,-0.465
2.3,-2.883
2.195,-2.576
2.184,-0.832
2.057,-1.314
2.067,-2.136
2.107,-0.819
2.089,-1.86
2.079,-0.969
1.866,0.779
1.985,-0.513
1.835,-0.954
1.833,-2.041
1.907,-1.646
1.85,-0.892
1.356,0.73
1.344,-1.571
1.313,-3.149
1.118,-1.63
1.05,-2.93
0.826,-3.147
0.794,-0.976
0.866,-1.213
0.798,0.244
0.703,-0.19
0.538,-1.674
0.538,-0.197
0.497,-0.294
0.27,-1.444
0.054,-0.266
-0.02,-2.788
-0.083,-1.004
-0.103,-0.661
-0.31,-1.732
-0.197,-2.744
-0.204,-3.194
-0.418,-2.829
-0.321,-2.053
-0.521,-0.688
-0.41,-2.866
-0.426,-1.143
-0.605,-0.921
-0.721,-1.633
-0.74,-3.148
-0.883,0.593
-0.957,-3.182
-0.828,-1.928
-0.872,-2.192
-1.031,-0.215
-1.113,-2.2
-1.197,-2.977
-1.397,-0.574
-1.716,-0.358
-1.763,-1.445
-1.653,-0.484
-1.841,-1.9
-1.859,-0.536
-1.94,-0.303
-1.982,-0.752
-1.875,-3.011
-2.029,-1.146
-1.952,-2.134
-1.977,-3.125
-2.042,-2.602
-2.219,-0.894
-2.389,-2.179
-2.677,-1.792
-2.709,-0.677
-2.64,-0.291
-2.672,-0.714
-2.821,-0.588
-2.833,-1.449
-2.889,-0.836
-2.859,-1.895
-2.908,-3.106
3.053,-3.134
2.997,-3.251
2.772,-3.433
2.834,-3.503
1.145,-3.561
1.037,-3.527
0.884,-3.331
0.9,-3.288
0.678,-3.394
0.207,-3.399
0.125,-3.385
-2.196,-3.424
-2.793,-3.251
-2.936,-3.622
2.405,0.881
2.439,0.842
2.244,1.121
2.152,1.066
1.727,1.115
1.83,1.016
1.12,0.751
1.276,1.105
1.065,1.065
0.956,1.131
0.277,1.077
-0.359,1.08
-1.24,0.91
-1.153,1.015
-1.506,1.191
-1.625,1.177
-2.301,0.813
-2.337,1.169
-2.637,1.201
-2.67,1.026
-2.727,0.92
2.868,-2.318
1.807,-1.658
1.696,-1.897
1.384,-2.666
-0.88,-0.117
-1.034,-1.558
-1.06,-1.338
-1.812,-0.638
-2.583,-3.148
0.644,0.099
-0.68,-1.291
-1.261,-0.476
-1.213,-0.939
-1.631,-2.077
-1.896,-1.302
-1.837,-0.414
-2.182,-1.685
-2.288,-0.393
-2.502,-0.262
-2.536,-0.12
0.113,-1.371
-0.015,-0.098
-1.406,-2.392
1.963,-3.272
-1.505,-3.097
-1.862,-2.982
-0.025,0.424
0.024,-0.962
-0.051,-2.064
-0.127,-1.95
-0.16,-0.64
-0.252,0.512
-0.31,-2.163
-0.305,-0.514
-0.482,0.979
-0.498,-1.289
-0.59,-1.137
-0.63,0.013
-0.862,0.089
-0.863,-1.31
-0.884,1.561
-0.966,-1.675
-0.942,1.453
-0.942,0.225
-1.022,1.427
-1.047,0.489
-0.997,1.825
-1.062,1.359
-1.062,-1.759
-1.167,-0.578
-1.178,-0.566
-1.11,-1.032
-1.116,1.48
-1.202,-0.441
-1.228,-0.929
-1.227,0.765
-1.22,-1.016
-1.213,1.114
-1.311,0.811
-1.44,0.63
-1.461,0.283
-1.527,-0.107
-1.51,0.506
-1.608,-0.187
-1.615,0.165
-1.758,-0.897
-1.739,0.212
-1.75,-1.696
-1.809,0.35
-1.801,-1.631
-1.915,-0.565
-1.874,-2.215
-1.95,0.396
-1.895,-0.064
-1.898,-0.454
-1.92,-0.267
-2.037,1.531
-2.14,-1.339
-2.09,-2.269
-2.237,-0.348
-2.262,-1.86
-2.265,-0.645
-2.315,-0.818
-2.376,-1.624
-2.339,-1.9
-2.404,-1.195
-2.322,-1.848
-2.397,-1.805
-2.502,-1.871
-2.498,0.606
-2.566,-1.754
-2.601,-1.727
-2.63,-1.869
-2.698,-0.832
-2.69,-2.208
-2.66,-2.062
-2.768,-0.834
-2.739,0.435
-2.82,0.607
-2.775,0.312
-2.788,0.626
-2.869,-0.039
-3.042,-2.491
3.105,-2.524
2.783,-2.252
2.38,-2.401
2.191,-2.478
1.999,-2.551
1.793,-2.495
0.776,-2.435
0.336,-2.545
0.245,-2.612
0.093,-2.481
-0.406,-2.607
-0.476,-2.455
-0.59,-2.643
-1.111,-2.488
-1.277,-2.369
-1.353,-2.326
-1.425,-2.483
-2.128,-2.337
-2.316,-2.455
-2.578,-2.515
-2.587,-2.266
-2.652,-2.729
-2.715,-2.268
-3.094,2.028
2.718,2.076
2.418,2.04
2.154,2.199
1.936,2.092
1.92,1.983
1.368,2.146
0.567,1.947
0.122,2.025
-0.061,2.235
-0.889,1.934
-1.462,1.903
-1.511,2.105
-1.496,2.22
-1.624,1.802
-1.553,2.104
-1.655,1.855
-1.583,1.884
-1.816,2.126
-2.194,2.119
-2.222,2.223
-2.477,2.096
2.378,-1.314
1.381,-1.717
1.009,-2.112
1.201,-2.607
-0.549,2.142
-1.81,2.007
-2.835,0.196
-2.928,0.409
-3.128,1.295
-2.999,-0.786
-3.01,-1.613
-3.039,-1.731
3.102,1.45
3.086,-1.993
2.872,-1.28
2.771,-1.329
2.769,-0.875
2.774,-0.106
2.462,0.481
2.457,-1.062
2.545,-2.207
2.469,0.518
2.391,-1.9
2.286,-1.593
2.275,0.151
2.148,-0.331
2.158,-1.153
2.198,0.164
2.18,-0.877
2.17,0.014
1.957,1.762
2.076,0.47
1.926,0.029
1.924,-1.058
1.998,-0.663
1.941,0.091
1.447,1.713
1.435,-0.588
1.404,-2.166
1.209,-0.647
1.141,-1.947
0.917,-2.164
0.885,0.007
0.957,-0.23
0.889,1.227
0.794,0.793
0.629,-0.691
0.629,0.786
0.588,0.689
0.361,-0.461
0.145,0.717
0.071,-1.805
0.008,-0.021
-0.012,0.322
-0.219,-0.749
-0.106,-1.761
-0.113,-2.211
-0.327,-1.846
-0.23,-1.07
-0.43,0.295
-0.319,-1.883
-0.335,-0.16
-0.514,0.062
-0.63,-0.65
-0.649,-2.165
-0.792,1.576
-0.866,-2.199
-0.737,-0.945
-0.781,-1.209
-0.94,0.768
-1.022,-1.217
-1.106,-1.994
-1.306,0.409
-1.625,0.625
-1.672,-0.462
-1.562,0.499
-1.75,-0.917
-1.768,0.447
-1.849,0.68
-1.891,0.231
-1.784,-2.028
-1.938,-0.163
-1.861,-1.151
-1.886,-2.142
-1.951,-1.619
-2.128,0.089
-2.298,-1.196
-2.586,-0.809
-2.618,0.306
-2.549,0.692
-2.581,0.269
-2.73,0.395
-2.742,-0.466
-2.798,0.147
-2.768,-0.912
-2.817,-2.123
-3.139,-2.151
3.088,-2.268
2.863,-2.45
2.925,-2.52
1.236,-2.578
1.128,-2.544
0.975,-2.348
0.991,-2.305
0.769,-2.411
0.298,-2.416
0.216,-2.402
-2.105,-2.441
-2.702,-2.268
-2.845,-2.639
2.496,1.864
2.53,1.825
2.335,2.104
2.243,2.049
1.818,2.098
1.921,1.999
1.211,1.734
1.367,2.088
1.156,2.048
1.047,2.114
0.368,2.06
-0.268,2.063
-1.149,1.893
-1.062,1.998
-1.415,2.174
-1.534,2.16
-2.21,1.796
-2.246,2.152
-2.546,2.184
-2.579,2.009
-2.636,1.903
2.959,-1.335
1.898,-0.675
1.787,-0.914
1.475,-1.683
-0.789,0.866
-0.943,-0.575
-0.969,-0.355
-1.721,0.345
-2.492,-2.165
0.735,1.082
-0.589,-0.308
-1.17,0.507
-1.122,0.044
-1.54,-1.094
-1.805,-0.319
-1.746,0.569
-2.091,-0.702
-2.197,0.59
-2.411,0.721
-2.445,0.863
0.204,-0.388
0.076,0.885
-1.315,-1.409
2.054,-2.289
-1.414,-2.114
-1.771,-1.999
0.049,-1.386
-0.026,-2.488
-0.102,-2.374
-0.135,-1.064
-0.227,0.088
-0.285,-2.587
-0.28,-0.938
-0.457,0.555
-0.473,-1.713
-0.565,-1.561
-0.605,-0.411
-0.837,-0.335
-0.838,-1.734
-0.859,1.137
-0.941,-2.099
-0.917,1.029
-0.917,-0.199
-0.997,1.003
-1.022,0.065
-0.972,1.401
-1.037,0.935
-1.037,-2.183
-1.142,-1.002
-1.153,-0.99
-1.085,-1.456
-1.091,1.056
-1.177,-0.865
-1.203,-1.353
-1.202,0.341
-1.195,-1.44
-1.188,0.69
-1.286,0.387
-1.415,0.206
-1.436,-0.141
-1.502,-0.531
-1.485,0.082
-1.583,-0.611
-1.59,-0.259
-1.733,-1.321
-1.714,-0.212
-1.725,-2.12
-1.784,-0.074
-1.776,-2.055
-1.89,-0.989
-1.849,-2.639
-1.925,-0.028
-1.87,-0.488
-1.873,-0.878
-1.895,-0.691
-2.012,1.107
-2.115,-1.763
-2.065,-2.693
-2.212,-0.772
-2.237,-2.284
-2.24,-1.069
-2.29,-1.242
-2.351,-2.048
-2.314,-2.324
-2.379,-1.619
-2.297,-2.272
-2.372,-2.229
-2.477,-2.295
-2.473,0.182
-2.541,-2.178
-2.576,-2.151
-2.605,-2.293
-2.673,-1.256
-2.665,-2.632
-2.635,-2.486
-2.743,-1.258
-2.714,0.011
-2.795,0.183
-2.75,-0.112
-2.763,0.202
-2.844,-0.463
-3.017,-2.915
3.13,-2.948
2.808,-2.676
2.405,-2.825
2.216,-2.902
2.024,-2.975
1.818,-2.919
0.801,-2.859
0.361,-2.969
0.27,-3.036
0.118,-2.905
-0.381,-3.031
-0.451,-2.879
-0.565,-3.067
-1.086,-2.912
-1.252,-2.793
-1.328,-2.75
-1.4,-2.907
-2.103,-2.761
-2.291,-2.879
-2.553,-2.939
-2.562,-2.69
-2.627,-3.153
-2.69,-2.692
-3.069,1.604
2.743,1.652
2.443,1.616
2.179,1.775
1.961,1.668
1.945,1.559
1.393,1.722
0.592,1.523
0.147,1.601
-0.036,1.811
-0.864,1.51
-1.437,1.479
-1.486,1.681
-1.471,1.796
-1.599,1.378
-1.528,1.68
-1.63,1.431
-1.558,1.46
-1.791,1.702
-2.169,1.695
-2.197,1.799
-2.452,1.672
2.403,-1.738
1.406,-2.141
1.034,-2.536
1.226,-3.031
-0.524,1.718
-1.785,1.583
-2.81,-0.228
-2.903,-0.015
-3.103,0.871
-2.974,-1.21
-2.985,-2.037
-3.014,-2.155
3.127,1.026
3.111,-2.417
2.897,-1.704
2.796,-1.753
2.794,-1.299
2.799,-0.53
2.487,0.057
2.482,-1.486
2.57,-2.631
2.494,0.094
2.416,-2.324
2.311,-2.017
2.3,-0.273
2.173,-0.755
2.183,-1.577
2.223,-0.26
2.205,-1.301
2.195,-0.41
1.982,1.338
2.101,0.046
1.951,-0.395
1.949,-1.482
2.023,-1.087
1.966,-0.333
1.472,1.289
1.46,-1.012
1.429,-2.59
1.234,-1.071
1.166,-2.371
0.942,-2.588
0.91,-0.417
0.982,-0.654
0.914,0.803
0.819,0.369
0.654,-1.115
0.654,0.362
0.613,0.265
0.386,-0.885
0.17,0.293
0.096,-2.229
0.033,-0.445
0.013,-0.102
-0.194,-1.173
-0.081,-2.185
-0.088,-2.635
-0.302,-2.27
-0.205,-1.494
-0.405,-0.129
-0.294,-2.307
-0.31,-0.584
-0.489,-0.362
-0.605,-1.074
-0.624,-2.589
-0.767,1.152
-0.841,-2.623
-0.712,-1.369
-0.756,-1.633
-0.915,0.344
-0.997,-1.641
-1.081,-2.418
-1.281,-0.015
-1.6,0.201
-1.647,-0.886
-1.537,0.075
-1.725,-1.341
-1.743,0.023
-1.824,0.256
-1.866,-0.193
-1.759,-2.452
-1.913,-0.587
-1.836,-1.575
-1.861,-2.566
-1.926,-2.043
-2.103,-0.335
-2.273,-1.62
-2.561,-1.233
-2.593,-0.118
-2.524,0.268
-2.556,-0.155
-2.705,-0.029
-2.717,-0.89
-2.773,-0.277
-2.743,-1.336
-2.792,-2.547
-3.114,-2.575
3.113,-2.692
2.888,-2.874
2.95,-2.944
1.261,-3.002
1.153,-2.968
1.0,-2.772
1.016,-2.729
0.794,-2.835
0.323,-2.84
0.241,-2.826
-2.08,-2.865
-2.677,-2.692
-2.82,-3.063
2.521,1.44
2.555,1.401
2.36,1.68
2.268,1.625
1.843,1.674
1.946,1.575
1.236,1.31
1.392,1.664
1.181,1.624
1.072,1.69
0.393,1.636
-0.243,1.639
-1.124,1.469
-1.037,1.574
-1.39,1.75
-1.509,1.736
-2.185,1.372
-2.221,1.728
-2.521,1.76
-2.554,1.585
-2.611,1.479
2.984,-1.759
1.923,-1.099
1.812,-1.338
1.5,-2.107
-0.764,0.442
-0.918,-0.999
-0.944,-0.779
-1.696,-0.079
-2.467,-2.589
0.76,0.658
-0.564,-0.732
-1.145,0.083
-1.097,-0.38
-1.515,-1.518
-1.78,-0.743
-1.721,0.145
-2.066,-1.126
-2.172,0.166
-2.386,0.297
-2.42,0.439
0.229,-0.812
0.101,0.461
-1.29,-1.833
2.079,-2.713
-1.389,-2.538
-1.746,-2.423
-0.075,-1.102
-0.151,-0.988
-0.184,0.322
-0.276,1.474
-0.334,-1.201
-0.329,0.448
-0.506,1.941
-0.522,-0.327
-0.614,-0.175
-0.654,0.975
-0.886,1.051
-0.887,-0.348
-0.908,2.523
-0.99,-0.713
-0.966,2.415
-0.966,1.187
-1.046,2.389
-1.071,1.451
-1.021,2.787
-1.086,2.321
-1.086,-0.797
-1.191,0.384
-1.202,0.396
-1.134,-0.07
-1.14,2.442
-1.226,0.521
-1.252,0.033
-1.251,1.727
-1.244,-0.054
-1.237,2.076
-1.335,1.773
-1.464,1.592
-1.485,1.245
-1.551,0.855
-1.534,1.468
-1.632,0.775
-1.639,1.127
-1.782,0.065
-1.763,1.174
-1.774,-0.734
-1.833,1.312
-1.825,-0.669
-1.939,0.397
-1.898,-1.253
-1.974,1.358
-1.919,0.898
-1.922,0.508
-1.944,0.695
-2.061,2.493
-2.164,-0.377
-2.114,-1.307
-2.261,0.614
-2.286,-0.898
-2.289,0.317
-2.339,0.144
-2.4,-0.662
-2.363,-0.938
-2.428,-0.233
-2.346,-0.886
-2.421,-0.843
-2.526,-0.909
-2.522,1.568
-2.59,-0.792
-2.625,-0.765
-2.654,-0.907
-2.722,0.13
-2.714,-1.246
-2.684,-1.1
-2.792,0.128
-2.763,1.397
-2.844,1.569
-2.799,1.274
-2.812,1.588
-2.893,0.923
-3.066,-1.529
3.081,-1.562
2.759,-1.29
2.356,-1.439
2.167,-1.516
1.975,-1.589
1.769,-1.533
0.752,-1.473
0.312,-1.583
0.221,-1.65
0.069,-1.519
-0.43,-1.645
-0.5,-1.493
-0.614,-1.681
-1.135,-1.526
-1.301,-1.407
-1.377,-1.364
-1.449,-1.521
-2.152,-1.375
-2.34,-1.493
-2.602,-1.553
-2.611,-1.304
-2.676,-1.767
-2.739,-1.306
-3.118,2.99
2.694,3.038
2.394,3.002
2.13,3.161
1.912,3.054
1.896,2.945
1.344,3.108
0.543,2.909
0.098,2.987
-0.085,3.197
-0.913,2.896
-1.486,2.865
-1.535,3.067
-1.52,3.182
-1.648,2.764
-1.577,3.066
-1.679,2.817
-1.607,2.846
-1.84,3.088
-2.218,3.081
-2.246,3.185
-2.501,3.058
2.354,-0.352
1.357,-0.755
0.985,-1.15
1.177,-1.645
-0.573,3.104
-1.834,2.969
-2.859,1.158
-2.952,1.371
3.131,2.257
-3.023,0.176
-3.034,-0.651
-3.063,-0.769
3.078,2.412
3.062,-1.031
2.848,-0.318
2.747,-0.367
2.745,0.087
2.75,0.856
2.438,1.443
2.433,-0.1
2.521,-1.245
2.445,1.48
2.367,-0.938
2.262,-0.631
2.251,1.113
2.124,0.631
2.134,-0.191
2.174,1.126
2.156,0.085
2.146,0.976
1.933,2.724
2.052,1.432
1.902,0.991
1.9,-0.096
1.974,0.299
1.917,1.053
1.423,2.675
1.411,0.374
1.38,-1.204
1.185,0.315
1.117,-0.985
0.893,-1.202
0.861,0.969
0.933,0.732
0.865,2.189
0.77,1.755
0.605,0.271
0.605,1.748
0.564,1.651
0.337,0.501
0.121,1.679
0.047,-0.843
-0.016,0.941
-0.036,1.284
-0.243,0.213
-0.13,-0.799
-0.137,-1.249
-0.351,-0.884
-0.254,-0.108
-0.454,1.257
-0.343,-0.921
-0.359,0.802
-0.538,1.024
-0.654,0.312
-0.673,-1.203
-0.816,2.538
-0.89,-1.237
-0.761,0.017
-0.805,-0.247
-0.964,1.73
-1.046,-0.255
-1.13,-1.032
-1.33,1.371
-1.649,1.587
-1.696,0.5
-1.586,1.461
-1.774,0.045
-1.792,1.409
-1.873,1.642
-1.915,1.193
-1.808,-1.066
-1.962,0.799
-1.885,-0.189
-1.91,-1.18
-1.975,-0.657
-2.152,1.051
-2.322,-0.234
-2.61,0.153
-2.642,1.268
-2.573,1.654
-2.605,1.231
-2.754,1.357
-2.766,0.496
-2.822,1.109
-2.792,0.05
-2.841,-1.161
3.12,-1.189
3.064,-1.306
2.839,-1.488
2.901,-1.558
1.212,-1.616
1.104,-1.582
0.951,-1.386
0.967,-1.343
0.745,-1.449
0.274,-1.454
0.192,-1.44
-2.129,-1.479
-2.726,-1.306
-2.869,-1.677
2.472,2.826
2.506,2.787
2.311,3.066
2.219,3.011
1.794,3.06
1.897,2.961
1.187,2.696
1.343,3.05
1.132,3.01
1.023,3.076
0.344,3.022
-0.292,3.025
-1.173,2.855
-1.086,2.96
-1.439,3.136
-1.558,3.122
-2.234,2.758
-2.27,3.114
-2.57,3.146
-2.603,2.971
-2.66,2.865
2.935,-0.373
1.874,0.287
1.763,0.048
1.451,-0.721
-0.813,1.828
-0.967,0.387
-0.993,0.607
-1.745,1.307
-2.516,-1.203
0.711,2.044
-0.613,0.654
-1.194,1.469
-1.146,1.006
-1.564,-0.132
-1.829,0.643
-1.77,1.531
-2.115,0.26
-2.221,1.552
-2.435,1.683
-2.469,1.825
0.18,0.574
0.052,1.847
-1.339,-0.447
2.03,-1.327
-1.438,-1.152
-1.795,-1.037
-0.076,0.114
-0.109,1.424
-0.201,2.576
-0.259,-0.099
-0.254,1.55
-0.431,3.043
-0.447,0.775
-0.539,0.927
-0.579,2.077
-0.811,2.153
-0.812,0.754
-0.833,3.625
-0.915,0.389
-0.891,3.517
-0.891,2.289
-0.971,3.491
-0.996,2.553
-0.946,3.889
-1.011,3.423
-1.011,0.305
-1.116,1.486
-1.127,1.498
-1.059,1.032
-1.065,3.544
-1.151,1.623
-1.177,1.135
-1.176,2.829
-1.169,1.048
-1.162,3.178
-1.26,2.875
-1.389,2.694
-1.41,2.347
-1.476,1.957
-1.459,2.57
-1.557,1.877
-1.564,2.229
-1.707,1.167
-1.688,2.276
-1.699,0.368
-1.758,2.414
-1.75,0.433
-1.864,1.499
-1.823,-0.151
-1.899,2.46
-1.844,2.0
-1.847,1.61
-1.869,1.797
-1.986,3.595
-2.089,0.725
-2.039,-0.205
-2.186,1.716
-2.211,0.204
-2.214,1.419
-2.264,1.246
-2.325,0.44
-2.288,0.164
-2.353,0.869
-2.271,0.216
-2.346,0.259
-2.451,0.193
-2.447,2.67
-2.515,0.31
-2.55,0.337
-2.579,0.195
-2.647,1.232
-2.639,-0.144
-2.609,0.002
-2.717,1.23
-2.688,2.499
-2.769,2.671
-2.724,2.376
-2.737,2.69
-2.818,2.025
-2.991,-0.427
-3.127,-0.46
2.834,-0.188
2.431,-0.337
2.242,-0.414
2.05,-0.487
1.844,-0.431
0.827,-0.371
0.387,-0.481
0.296,-0.548
0.144,-0.417
-0.355,-0.543
-0.425,-0.391
-0.539,-0.579
-1.06,-0.424
-1.226,-0.305
-1.302,-0.262
-1.374,-0.419
-2.077,-0.273
-2.265,-0.391
-2.527,-0.451
-2.536,-0.202
-2.601,-0.665
-2.664,-0.204
-3.043,4.092
2.769,4.14
2.469,4.104
2.205,4.263
1.987,4.156
1.971,4.047
1.419,4.21
0.618,4.011
0.173,4.089
-0.01,4.299
-0.838,3.998
-1.411,3.967
-1.46,4.169
-1.445,4.284
-1.573,3.866
-1.502,4.168
-1.604,3.919
-1.532,3.948
-1.765,4.19
-2.143,4.183
-2.171,4.287
-2.426,4.16
2.429,0.75
1.432,0.347
1.06,-0.048
1.252,-0.543
-0.498,4.206
-1.759,4.071
-2.784,2.26
-2.877,2.473
-3.077,3.359
-2.948,1.278
-2.959,0.451
-2.988,0.333
-3.13,3.514
3.137,0.071
2.923,0.784
2.822,0.735
2.82,1.189
2.825,1.958
2.513,2.545
2.508,1.002
2.596,-0.143
2.52,2.582
2.442,0.164
2.337,0.471
2.326,2.215
2.199,1.733
2.209,0.911
2.249,2.228
2.231,1.187
2.221,2.078
2.008,3.826
2.127,2.534
1.977,2.093
1.975,1.006
2.049,1.401
1.992,2.155
1.498,3.777
1.486,1.476
1.455,-0.102
1.26,1.417
1.192,0.117
0.968,-0.1
0.936,2.071
1.008,1.834
0.94,3.291
0.845,2.857
0.68,1.373
0.68,2.85
0.639,2.753
0.412,1.603
0.196,2.781
0.122,0.259
0.059,2.043
0.039,2.386
-0.168,1.315
-0.055,0.303
-0.062,-0.147
-0.276,0.218
-0.179,0.994
-0.379,2.359
-0.268,0.181
-0.284,1.904
-0.463,2.126
-0.579,1.414
-0.598,-0.101
-0.741,3.64
-0.815,-0.135
-0.686,1.119
-0.73,0.855
-0.889,2.832
-0.971,0.847
-1.055,0.07
-1.255,2.473
-1.574,2.689
-1.621,1.602
-1.511,2.563
-1.699,1.147
-1.717,2.511
-1.798,2.744
-1.84,2.295
-1.733,0.036
-1.887,1.901
-1.81,0.913
-1.835,-0.078
-1.9,0.445
-2.077,2.153
-2.247,0.868
-2.535,1.255
-2.567,2.37
-2.498,2.756
-2.53,2.333
-2.679,2.459
-2.691,1.598
-2.747,2.211
-2.717,1.152
-2.766,-0.059
-3.088,-0.087
3.139,-0.204
2.914,-0.386
2.976,-0.456
1.287,-0.514
1.179,-0.48
1.026,-0.284
1.042,-0.241
0.82,-0.347
0.349,-0.352
0.267,-0.338
-2.054,-0.377
-2.651,-0.204
-2.794,-0.575
2.547,3.928
2.581,3.889
2.386,4.168
2.294,4.113
1.869,4.162
1.972,4.063
1.262,3.798
1.418,4.152
1.207,4.112
1.098,4.178
0.419,4.124
-0.217,4.127
-1.098,3.957
-1.011,4.062
-1.364,4.238
-1.483,4.224
-2.159,3.86
-2.195,4.216
-2.495,4.248
-2.528,4.073
-2.585,3.967
3.01,0.729
1.949,1.389
1.838,1.15
1.526,0.381
-0.738,2.93
-0.892,1.489
-0.918,1.709
-1.67,2.409
-2.441,-0.101
0.786,3.146
-0.538,1.756
-1.119,2.571
-1.071,2.108
-1.489,0.97
-1.754,1.745
-1.695,2.633
-2.04,1.362
-2.146,2.654
-2.36,2.785
-2.394,2.927
0.255,1.676
0.127,2.949
-1.264,0.655
2.105,-0.225
-1.363,-0.05
-1.72,0.065
-0.033,1.31
-0.125,2.462
-0.183,-0.213
-0.178,1.436
-0.355,2.929
-0.371,0.661
-0.463,0.813
-0.503,1.963
-0.735,2.039
-0.736,0.64
-0.757,3.511
-0.839,0.275
-0.815,3.403
-0.815,2.175
-0.895,3.377
-0.92,2.439
-0.87,3.775
-0.935,3.309
-0.935,0.191
-1.04,1.372
-1.051,1.384
-0.983,0.918
-0.989,3.43
-1.075,1.509
-1.101,1.021
-1.1,2.715
-1.093,0.934
-1.086,3.064
-1.184,2.761
-1.313,2.58
-1.334,2.233
-1.4,1.843
-1.383,2.456
-1.481,1.763
-1.488,2.115
-1.631,1.053
-1.612,2.162
-1.623,0.254
-1.682,2.3
-1.674,0.319
-1.788,1.385
-1.747,-0.265
-1.823,2.346
-1.768,1.886
-1.771,1.496
-1.793,1.683
-1.91,3.481
-2.013,0.611
-1.963,-0.319
-2.11,1.602
-2.135,0.09
-2.138,1.305
-2.188,1.132
-2.249,0.326
-2.212,0.05
-2.277,0.755
-2.195,0.102
-2.27,0.145
-2.375,0.079
-2.371,2.556
-2.439,0.196
-2.474,0.223
-2.503,0.081
-2.571,1.118
-2.563,-0.258
-2.533,-0.112
-2.641,1.116
-2.612,2.385
-2.693,2.557
-2.648,2.262
-2.661,2.576
-2.742,1.911
-2.915,-0.541
-3.051,-0.574
2.91,-0.302
2.507,-0.451
2.318,-0.528
2.126,-0.601
1.92,-0.545
0.903,-0.485
0.463,-0.595
0.372,-0.662
0.22,-0.531
-0.279,-0.657
-0.349,-0.505
-0.463,-0.693
-0.984,-0.538
-1.15,-0.419
-1.226,-0.376
-1.298,-0.533
-2.001,-0.387
-2.189,-0.505
-2.451,-0.565
-2.46,-0.316
-2.525,-0.779
-2.588,-0.318
-2.967,3.978
2.845,4.026
2.545,3.99
2.281,4.149
2.063,4.042
2.047,3.933
1.495,4.096
0.694,3.897
0.249,3.975
0.066,4.185
-0.762,3.884
-1.335,3.853
-1.384,4.055
-1.369,4.17
-1.497,3.752
-1.426,4.054
-1.528,3.805
-1.456,3.834
-1.689,4.076
-2.067,4.069
-2.095,4.173
-2.35,4.046
2.505,0.636
1.508,0.233
1.136,-0.162
1.328,-0.657
-0.422,4.092
-1.683,3.957
-2.708,2.146
-2.801,2.359
-3.001,3.245
-2.872,1.164
-2.883,0.337
-2.912,0.219
-3.054,3.4
-3.07,-0.043
2.999,0.67
2.898,0.621
2.896,1.075
2.901,1.844
2.589,2.431
2.584,0.888
2.672,-0.257
2.596,2.468
2.518,0.05
2.413,0.357
2.402,2.101
2.275,1.619
2.285,0.797
2.325,2.114
2.307,1.073
2.297,1.964
2.084,3.712
2.203,2.42
2.053,1.979
2.051,0.892
2.125,1.287
2.068,2.041
1.574,3.663
1.562,1.362
1.531,-0.216
1.336,1.303
1.268,0.003
1.044,-0.214
1.012,1.957
1.084,1.72
1.016,3.177
0.921,2.743
0.756,1.259
0.756,2.736
0.715,2.639
0.488,1.489
0.272,2.667
0.198,0.145
0.135,1.929
0.115,2.272
-0.092,1.201
0.021,0.189
0.014,-0.261
-0.2,0.104
-0.103,0.88
-0.303,2.245
-0.192,0.067
-0.208,1.79
-0.387,2.012
-0.503,1.3
-0.522,-0.215
-0.665,3.526
-0.739,-0.249
-0.61,1.005
-0.654,0.741
-0.813,2.718
-0.895,0.733
-0.979,-0.044
-1.179,2.359
-1.498,2.575
-1.545,1.488
-1.435,2.449
-1.623,1.033
-1.641,2.397
-1.722,2.63
-1.764,2.181
-1.657,-0.078
-1.811,1.787
-1.734,0.799
-1.759,-0.192
-1.824,0.331
-2.001,2.039
-2.171,0.754
-2.459,1.141
-2.491,2.256
-2.422,2.642
-2.454,2.219
-2.603,2.345
-2.615,1.484
-2.671,2.097
-2.641,1.038
-2.69,-0.173
-3.012,-0.201
-3.068,-0.318
2.99,-0.5
3.052,-0.57
1.363,-0.628
1.255,-0.594
1.102,-0.398
1.118,-0.355
0.896,-0.461
0.425,-0.466
0.343,-0.452
-1.978,-0.491
-2.575,-0.318
-2.718,-0.689
2.623,3.814
2.657,3.775
2.462,4.054
2.37,3.999
1.945,4.048
2.048,3.949
1.338,3.684
1.494,4.038
1.283,3.998
1.174,4.064
0.495,4.01
-0.141,4.013
-1.022,3.843
-0.935,3.948
-1.288,4.124
-1.407,4.11
-2.083,3.746
-2.119,4.102
-2.419,4.134
-2.452,3.959
-2.509,3.853
3.086,0.615
2.025,1.275
1.914,1.036
1.602,0.267
-0.662,2.816
-0.816,1.375
-0.842,1.595
-1.594,2.295
-2.365,-0.215
0.862,3.032
-0.462,1.642
-1.043,2.457
-0.995,1.994
-1.413,0.856
-1.678,1.631
-1.619,2.519
-1.964,1.248
-2.07,2.54
-2.284,2.671
-2.318,2.813
0.331,1.562
0.203,2.835
-1.188,0.541
2.181,-0.339
-1.287,-0.164
-1.644,-0.049
-0.092,1.152
-0.15,-1.523
-0.145,0.126
-0.322,1.619
-0.338,-0.649
-0.43,-0.497
-0.47,0.653
-0.702,0.729
-0.703,-0.67
-0.724,2.201
-0.806,-1.035
-0.782,2.093
-0.782,0.865
-0.862,2.067
-0.887,1.129
-0.837,2.465
-0.902,1.999
-0.902,-1.119
-1.007,0.062
-1.018,0.074
-0.95,-0.392
-0.956,2.12
-1.042,0.199
-1.068,-0.289
-1.067,1.405
-1.06,-0.376
-1.053,1.754
-1.151,1.451
-1.28,1.27
-1.301,0.923
-1.367,0.533
-1.35,1.146
-1.448,0.453
-1.455,0.805
-1.598,-0.257
-1.579,0.852
-1.59,-1.056
-1.649,0.99
-1.641,-0.991
-1.755,0.075
-1.714,-1.575
-1.79,1.036
-1.735,0.576
-1.738,0.186
-1.76,0.373
-1.877,2.171
-1.98,-0.699
-1.93,-1.629
-2.077,0.292
-2.102,-1.22
-2.105,-0.005
-2.155,-0.178
-2.216,-0.984
-2.179,-1.26
-2.244,-0.555
-2.162,-1.208
-2.237,-1.165
-2.342,-1.231
-2.338,1.246
-2.406,-1.114
-2.441,-1.087
-2.47,-1.229
-2.538,-0.192
-2.53,-1.568
-2.5,-1.422
-2.608,-0.194
-2.579,1.075
-2.66,1.247
-2.615,0.952
-2.628,1.266
-2.709,0.601
-2.882,-1.851
-3.018,-1.884
2.943,-1.612
2.54,-1.761
2.351,-1.838
2.159,-1.911
1.953,-1.855
0.936,-1.795
0.496,-1.905
0.405,-1.972
0.253,-1.841
-0.246,-1.967
-0.316,-1.815
-0.43,-2.003
-0.951,-1.848
-1.117,-1.729
-1.193,-1.686
-1.265,-1.843
-1.968,-1.697
-2.156,-1.815
-2.418,-1.875
-2.427,-1.626
-2.492,-2.089
-2.555,-1.628
-2.934,2.668
2.878,2.716
2.578,2.68
2.314,2.839
2.096,2.732
2.08,2.623
1.528,2.786
0.727,2.587
0.282,2.665
0.099,2.875
-0.729,2.574
-1.302,2.543
-1.351,2.745
-1.336,2.86
-1.464,2.442
-1.393,2.744
-1.495,2.495
-1.423,2.524
-1.656,2.766
-2.034,2.759
-2.062,2.863
-2.317,2.736
2.538,-0.674
1.541,-1.077
1.169,-1.472
1.361,-1.967
-0.389,2.782
-1.65,2.647
-2.675,0.836
-2.768,1.049
-2.968,1.935
-2.839,-0.146
-2.85,-0.973
-2.879,-1.091
-3.021,2.09
-3.037,-1.353
3.032,-0.64
2.931,-0.689
2.929,-0.235
2.934,0.534
2.622,1.121
2.617,-0.422
2.705,-1.567
2.629,1.158
2.551,-1.26
2.446,-0.953
2.435,0.791
2.308,0.309
2.318,-0.513
2.358,0.804
2.34,-0.237
2.33,0.654
2.117,2.402
2.236,1.11
2.086,0.669
2.084,-0.418
2.158,-0.023
2.101,0.731
1.607,2.353
1.595,0.052
1.564,-1.526
1.369,-0.007
1.301,-1.307
1.077,-1.524
1.045,0.647
1.117,0.41
1.049,1.867
0.954,1.433
0.789,-0.051
0.789,1.426
0.748,1.329
0.521,0.179
0.305,1.357
0.231,-1.165
0.168,0.619
0.148,0.962
-0.059,-0.109
0.054,-1.121
0.047,-1.571
-0.167,-1.206
-0.07,-0.43
-0.27,0.935
-0.159,-1.243
-0.175,0.48
-0.354,0.702
-0.47,-0.01
-0.489,-1.525
-0.632,2.216
-0.706,-1.559
-0.577,-0.305
-0.621,-0.569
-0.78,1.408
-0.862,-0.577
-0.946,-1.354
-1.146,1.049
-1.465,1.265
-1.512,0.178
-1.402,1.139
-1.59,-0.277
-1.608,1.087
-1.689,1.32
-1.731,0.871
-1.624,-1.388
-1.778,0.477
-1.701,-0.511
-1.726,-1.502
-1.791,-0.979
-1.968,0.729
-2.138,-0.556
-2.426,-0.169
-2.458,0.946
-2.389,1.332
-2.421,0.909
-2.57,1.035
-2.582,0.174
-2.638,0.787
-2.608,-0.272
-2.657,-1.483
-2.979,-1.511
-3.035,-1.628
3.023,-1.81
3.085,-1.88
1.396,-1.938
1.288,-1.904
1.135,-1.708
1.151,-1.665
0.929,-1.771
0.458,-1.776
0.376,-1.762
-1.945,-1.801
-2.542,-1.628
-2.685,-1.999
2.656,2.504
2.69,2.465
2.495,2.744
2.403,2.689
1.978,2.738
2.081,2.639
1.371,2.374
1.527,2.728
1.316,2.688
1.207,2.754
0.528,2.7
-0.108,2.703
-0.989,2.533
-0.902,2.638
-1.255,2.814
-1.374,2.8
-2.05,2.436
-2.086,2.792
-2.386,2.824
-2.419,2.649
-2.476,2.543
3.119,-0.695
2.058,-0.035
1.947,-0.274
1.635,-1.043
-0.629,1.506
-0.783,0.065
-0.809,0.285
-1.561,0.985
-2.332,-1.525
0.895,1.722
-0.429,0.332
-1.01,1.147
-0.962,0.684
-1.38,-0.454
-1.645,0.321
-1.586,1.209
-1.931,-0.062
-2.037,1.23
-2.251,1.361
-2.285,1.503
0.364,0.252
0.236,1.525
-1.155,-0.769
2.214,-1.649
-1.254,-1.474
-1.611,-1.359
-0.058,-2.675
-0.053,-1.026
-0.23,0.467
-0.246,-1.801
-0.338,-1.649
-0.378,-0.499
-0.61,-0.423
-0.611,-1.822
-0.632,1.049
-0.714,-2.187
-0.69,0.941
-0.69,-0.287
-0.77,0.915
-0.795,-0.023
-0.745,1.313
-0.81,0.847
-0.81,-2.271
-0.915,-1.09
-0.926,-1.078
-0.858,-1.544
-0.864,0.968
-0.95,-0.953
-0.976,-1.441
-0.975,0.253
-0.968,-1.528
-0.961,0.602
-1.059,0.299
-1.188,0.118
-1.209,-0.229
-1.275,-0.619
-1.258,-0.006
-1.356,-0.699
-1.363,-0.347
-1.506,-1.409
-1.487,-0.3
-1.498,-2.208
-1.557,-0.162
-1.549,-2.143
-1.663,-1.077
-1.622,-2.727
-1.698,-0.116
-1.643,-0.576
-1.646,-0.966
-1.668,-0.779
-1.785,1.019
-1.888,-1.851
-1.838,-2.781
-1.985,-0.86
-2.01,-2.372
-2.013,-1.157
-2.063,-1.33
-2.124,-2.136
-2.087,-2.412
-2.152,-1.707
-2.07,-2.36
-2.145,-2.317
-2.25,-2.383
-2.246,0.094
-2.314,-2.266
-2.349,-2.239
-2.378,-2.381
-2.446,-1.344
-2.438,-2.72
-2.408,-2.574
-2.516,-1.346
-2.487,-0.077
-2.568,0.095
-2.523,-0.2
-2.536,0.114
-2.617,-0.551
-2.79,-3.003
-2.926,-3.036
3.035,-2.764
2.632,-2.913
2.443,-2.99
2.251,-3.063
2.045,-3.007
1.028,-2.947
0.588,-3.057
0.497,-3.124
0.345,-2.993
-0.154,-3.119
-0.224,-2.967
-0.338,-3.155
-0.859,-3.0
-1.025,-2.881
-1.101,-2.838
-1.173,-2.995
-1.876,-2.849
-2.064,-2.967
-2.326,-3.027
-2.335,-2.778
-2.4,-3.241
-2.463,-2.78
-2.842,1.516
2.97,1.564
2.67,1.528
2.406,1.687
2.188,1.58
2.172,1.471
1.62,1.634
0.819,1.435
0.374,1.513
0.191,1.723
-0.637,1.422
-1.21,1.391
-1.259,1.593
-1.244,1.708
-1.372,1.29
-1.301,1.592
-1.403,1.343
-1.331,1.372
-1.564,1.614
-1.942,1.607
-1.97,1.711
-2.225,1.584
2.63,-1.826
1.633,-2.229
1.261,-2.624
1.453,-3.119
-0.297,1.63
-1.558,1.495
-2.583,-0.316
-2.676,-0.103
-2.876,0.783
-2.747,-1.298
-2.758,-2.125
-2.787,-2.243
-2.929,0.938
-2.945,-2.505
3.124,-1.792
3.023,-1.841
3.021,-1.387
3.026,-0.618
2.714,-0.031
2.709,-1.574
2.797,-2.719
2.721,0.006
2.643,-2.412
2.538,-2.105
2.527,-0.361
2.4,-0.843
2.41,-1.665
2.45,-0.348
2.432,-1.389
2.422,-0.498
2.209,1.25
2.328,-0.042
2.178,-0.483
2.176,-1.57
2.25,-1.175
2.193,-0.421
1.699,1.201
1.687,-1.1
1.656,-2.678
1.461,-1.159
1.393,-2.459
1.169,-2.676
1.137,-0.505
1.209,-0.742
1.141,0.715
1.046,0.281
0.881,-1.203
0.881,0.274
0.84,0.177
0.613,-0.973
0.397,0.205
0.323,-2.317
0.26,-0.533
0.24,-0.19
0.033,-1.261
0.146,-2.273
0.139,-2.723
-0.075,-2.358
0.022,-1.582
-0.178,-0.217
-0.067,-2.395
-0.083,-0.672
-0.262,-0.45
-0.378,-1.162
-0.397,-2.677
-0.54,1.064
-0.614,-2.711
-0.485,-1.457
-0.529,-1.721
-0.688,0.256
-0.77,-1.729
-0.854,-2.506
-1.054,-0.103
-1.373,0.113
-1.42,-0.974
-1.31,-0.013
-1.498,-1.429
-1.516,-0.065
-1.597,0.168
-1.639,-0.281
-1.532,-2.54
-1.686,-0.675
-1.609,-1.663
-1.634,-2.654
-1.699,-2.131
-1.876,-0.423
-2.046,-1.708
-2.334,-1.321
-2.366,-0.206
-2.297,0.18
-2.329,-0.243
-2.478,-0.117
-2.49,-0.978
-2.546,-0.365
-2.516,-1.424
-2.565,-2.635
-2.887,-2.663
-2.943,-2.78
3.115,-2.962
-3.106,-3.032
1.488,-3.09
1.38,-3.056
1.227,-2.86
1.243,-2.817
1.021,-2.923
0.55,-2.928
0.468,-2.914
-1.853,-2.953
-2.45,-2.78
-2.593,-3.151
2.748,1.352
2.782,1.313
2.587,1.592
2.495,1.537
2.07,1.586
2.173,1.487
1.463,1.222
1.619,1.576
1.408,1.536
1.299,1.602
0.62,1.548
-0.016,1.551
-0.897,1.381
-0.81,1.486
-1.163,1.662
-1.282,1.648
-1.958,1.284
-1.994,1.64
-2.294,1.672
-2.327,1.497
-2.384,1.391
-3.072,-1.847
2.15,-1.187
2.039,-1.426
1.727,-2.195
-0.537,0.354
-0.691,-1.087
-0.717,-0.867
-1.469,-0.167
-2.24,-2.677
0.987,0.57
-0.337,-0.82
-0.918,-0.005
-0.87,-0.468
-1.288,-1.606
-1.553,-0.831
-1.494,0.057
-1.839,-1.214
-1.945,0.078
-2.159,0.209
-2.193,0.351
0.456,-0.9
0.328,0.373
-1.063,-1.921
2.306,-2.801
-1.162,-2.626
-1.519,-2.511
0.005,1.649
-0.172,3.142
-0.188,0.874
-0.28,1.026
-0.32,2.176
-0.552,2.252
-0.553,0.853
-0.574,3.724
-0.656,0.488
-0.632,3.616
-0.632,2.388
-0.712,3.59
-0.737,2.652
-0.687,3.988
-0.752,3.522
-0.752,0.404
-0.857,1.585
-0.868,1.597
-0.8,1.131
-0.806,3.643
-0.892,1.722
-0.918,1.234
-0.917,2.928
-0.91,1.147
-0.903,3.277
-1.001,2.974
-1.13,2.793
-1.151,2.446
-1.217,2.056
-1.2,2.669
-1.298,1.976
-1.305,2.328
-1.448,1.266
-1.429,2.375
-1.44,0.467
-1.499,2.513
-1.491,0.532
-1.605,1.598
-1.564,-0.052
-1.64,2.559
-1.585,2.099
-1.588,1.709
-1.61,1.896
-1.727,3.694
-1.83,0.824
-1.78,-0.106
-1.927,1.815
-1.952,0.303
-1.955,1.518
-2.005,1.345
-2.066,0.539
-2.029,0.263
-2.094,0.968
-2.012,0.315
-2.087,0.358
-2.192,0.292
-2.188,2.769
-2.256,0.409
-2.291,0.436
-2.32,0.294
-2.388,1.331
-2.38,-0.045
-2.35,0.101
-2.458,1.329
-2.429,2.598
-2.51,2.77
-2.465,2.475
-2.478,2.789
-2.559,2.124
-2.732,-0.328
-2.868,-0.361
3.093,-0.089
2.69,-0.238
2.501,-0.315
2.309,-0.388
2.103,-0.332
1.086,-0.272
0.646,-0.382
0.555,-0.449
0.403,-0.318
-0.096,-0.444
-0.166,-0.292
-0.28,-0.48
-0.801,-0.325
-0.967,-0.206
-1.043,-0.163
-1.115,-0.32
-1.818,-0.174
-2.006,-0.292
-2.268,-0.352
-2.277,-0.103
-2.342,-0.566
-2.405,-0.105
-2.784,4.191
3.028,4.239
2.728,4.203
2.464,4.362
2.246,4.255
2.23,4.146
1.678,4.309
0.877,4.11
0.432,4.188
0.249,4.398
-0.579,4.097
-1.152,4.066
-1.201,4.268
-1.186,4.383
-1.314,3.965
-1.243,4.267
-1.345,4.018
-1.273,4.047
-1.506,4.289
-1.884,4.282
-1.912,4.386
-2.167,4.259
2.688,0.849
1.691,0.446
1.319,0.051
1.511,-0.444
-0.239,4.305
-1.5,4.17
-2.525,2.359
-2.618,2.572
-2.818,3.458
-2.689,1.377
-2.7,0.55
-2.729,0.432
-2.871,3.613
-2.887,0.17
-3.101,0.883
3.081,0.834
3.079,1.288
3.084,2.057
2.772,2.644
2.767,1.101
2.855,-0.044
2.779,2.681
2.701,0.263
2.596,0.57
2.585,2.314
2.458,1.832
2.468,1.01
2.508,2.327
2.49,1.286
2.48,2.177
2.267,3.925
2.386,2.633
2.236,2.192
2.234,1.105
2.308,1.5
2.251,2.254
1.757,3.876
1.745,1.575
1.714,-0.003
1.519,1.516
1.451,0.216
1.227,-0.001
1.195,2.17
1.267,1.933
1.199,3.39
1.104,2.956
0.939,1.472
0.939,2.949
0.898,2.852
0.671,1.702
0.455,2.88
0.381,0.358
0.318,2.142
0.298,2.485
0.091,1.414
0.204,0.402
0.197,-0.048
-0.017,0.317
0.08,1.093
-0.12,2.458
-0.009,0.28
-0.025,2.003
-0.204,2.225
-0.32,1.513
-0.339,-0.002
-0.482,3.739
-0.556,-0.036
-0.427,1.218
-0.471,0.954
-0.63,2.931
-0.712,0.946
-0.796,0.169
-0.996,2.572
-1.315,2.788
-1.362,1.701
-1.252,2.662
-1.44,1.246
-1.458,2.61
-1.539,2.843
-1.581,2.394
-1.474,0.135
-1.628,2.0
-1.551,1.012
-1.576,0.021
-1.641,0.544
-1.818,2.252
-1.988,0.967
-2.276,1.354
-2.308,2.469
-2.239,2.855
-2.271,2.432
-2.42,2.558
-2.432,1.697
-2.488,2.31
-2.458,1.251
-2.507,0.04
-2.829,0.012
-2.885,-0.105
-3.11,-0.287
-3.048,-0.357
1.546,-0.415
1.438,-0.381
1.285,-0.185
1.301,-0.142
1.079,-0.248
0.608,-0.253
0.526,-0.239
-1.795,-0.278
-2.392,-0.105
-2.535,-0.476
2.806,4.027
2.84,3.988
2.645,4.267
2.553,4.212
2.128,4.261
2.231,4.162
1.521,3.897
1.677,4.251
1.466,4.211
1.357,4.277
0.678,4.223
0.042,4.226
-0.839,4.056
-0.752,4.161
-1.105,4.337
-1.224,4.323
-1.9,3.959
-1.936,4.315
-2.236,4.347
-2.269,4.172
-2.326,4.066
-3.014,0.828
2.208,1.488
2.097,1.249
1.785,0.48
-0.479,3.029
-0.633,1.588
-0.659,1.808
-1.411,2.508
-2.182,-0.002
1.045,3.245
-0.279,1.855
-0.86,2.67
-0.812,2.207
-1.23,1.069
-1.495,1.844
-1.436,2.732
-1.781,1.461
-1.887,2.753
-2.101,2.884
-2.135,3.026
0.514,1.775
0.386,3.048
-1.005,0.754
2.364,-0.126
-1.104,0.049
-1.461,0.164
-0.177,1.493
-0.193,-0.775
-0.285,-0.623
-0.325,0.527
-0.557,0.603
-0.558,-0.796
-0.579,2.075
-0.661,-1.161
-0.637,1.967
-0.637,0.739
-0.717,1.941
-0.742,1.003
-0.692,2.339
-0.757,1.873
-0.757,-1.245
-0.862,-0.064
-0.873,-0.052
-0.805,-0.518
-0.811,1.994
-0.897,0.073
-0.923,-0.415
-0.922,1.279
-0.915,-0.502
-0.908,1.628
-1.006,1.325
-1.135,1.144
-1.156,0.797
-1.222,0.407
-1.205,1.02
-1.303,0.327
-1.31,0.679
-1.453,-0.383
-1.434,0.726
-1.445,-1.182
-1.504,0.864
-1.496,-1.117
-1.61,-0.051
-1.569,-1.701
-1.645,0.91
-1.59,0.45
-1.593,0.06
-1.615,0.247
-1.732,2.045
-1.835,-0.825
-1.785,-1.755
-1.932,0.166
-1.957,-1.346
-1.96,-0.131
-2.01,-0.304
-2.071,-1.11
-2.034,-1.386
-2.099,-0.681
-2.017,-1.334
-2.092,-1.291
-2.197,-1.357
-2.193,1.12
-2.261,-1.24
-2.296,-1.213
-2.325,-1.355
-2.393,-0.318
-2.385,-1.694
-2.355,-1.548
-2.463,-0.32
-2.434,0.949
-2.515,1.121
-2.47,0.826
-2.483,1.14
-2.564,0.475
-2.737,-1.977
-2.873,-2.01
3.088,-1.738
2.685,-1.887
2.496,-1.964
2.304,-2.037
2.098,-1.981
1.081,-1.921
0.641,-2.031
0.55,-2.098
0.398,-1.967
-0.101,-2.093
-0.171,-1.941
-0.285,-2.129
-0.806,-1.974
-0.972,-1.855
-1.048,-1.812
-1.12,-1.969
-1.823,-1.823
-2.011,-1.941
-2.273,-2.001
-2.282,-1.752
-2.347,-2.215
-2.41,-1.754
-2.789,2.542
3.023,2.59
2.723,2.554
2.459,2.713
2.241,2.606
2.225,2.497
1.673,2.66
0.872,2.461
0.427,2.539
0.244,2.749
-0.584,2.448
-1.157,2.417
-1.206,2.619
-1.191,2.734
-1.319,2.316
-1.248,2.618
-1.35,2.369
-1.278,2.398
-1.511,2.64
-1.889,2.633
-1.917,2.737
-2.172,2.61
2.683,-0.8
1.686,-1.203
1.314,-1.598
1.506,-2.093
-0.244,2.656
-1.505,2.521
-2.53,0.71
-2.623,0.923
-2.823,1.809
-2.694,-0.272
-2.705,-1.099
-2.734,-1.217
-2.876,1.964
-2.892,-1.479
-3.106,-0.766
3.076,-0.815
3.074,-0.361
3.079,0.408
2.767,0.995
2.762,-0.548
2.85,-1.693
2.774,1.032
2.696,-1.386
2.591,-1.079
2.58,0.665
2.453,0.183
2.463,-0.639
2.503,0.678
2.485,-0.363
2.475,0.528
2.262,2.276
2.381,0.984
2.231,0.543
2.229,-0.544
2.303,-0.149
2.246,0.605
1.752,2.227
1.74,-0.074
1.709,-1.652
1.514,-0.133
1.446,-1.433
1.222,-1.65
1.19,0.521
1.262,0.284
1.194,1.741
1.099,1.307
0.934,-0.177
0.934,1.3
0.893,1.203
0.666,0.053
0.45,1.231
0.376,-1.291
0.313,0.493
0.293,0.836
0.086,-0.235
0.199,-1.247
0.192,-1.697
-0.022,-1.332
0.075,-0.556
-0.125,0.809
-0.014,-1.369
-0.03,0.354
-0.209,0.576
-0.325,-0.136
-0.344,-1.651
-0.487,2.09
-0.561,-1.685
-0.432,-0.431
-0.476,-0.695
-0.635,1.282
-0.717,-0.703
-0.801,-1.48
-1.001,0.923
-1.32,1.139
-1.367,0.052
-1.257,1.013
-1.445,-0.403
-1.463,0.961
-1.544,1.194
-1.586,0.745
-1.479,-1.514
-1.633,0.351
-1.556,-0.637
-1.581,-1.628
-1.646,-1.105
-1.823,0.603
-1.993,-0.682
-2.281,-0.295
-2.313,0.82
-2.244,1.206
-2.276,0.783
-2.425,0.909
-2.437,0.048
-2.493,0.661
-2.463,-0.398
-2.512,-1.609
-2.834,-1.637
-2.89,-1.754
-3.115,-1.936
-3.053,-2.006
1.541,-2.064
1.433,-2.03
1.28,-1.834
1.296,-1.791
1.074,-1.897
0.603,-1.902
0.521,-1.888
-1.8,-1.927
-2.397,-1.754
-2.54,-2.125
2.801,2.378
2.835,2.339
2.64,2.618
2.548,2.563
2.123,2.612
2.226,2.513
1.516,2.248
1.672,2.602
1.461,2.562
1.352,2.628
0.673,2.574
0.037,2.577
-0.844,2.407
-0.757,2.512
-1.11,2.688
-1.229,2.674
-1.905,2.31
-1.941,2.666
-2.241,2.698
-2.274,2.523
-2.331,2.417
-3.019,-0.821
2.203,-0.161
2.092,-0.4
1.78,-1.169
-0.484,1.38
-0.638,-0.061
-0.664,0.159
-1.416,0.859
-2.187,-1.651
1.04,1.596
-0.284,0.206
-0.865,1.021
-0.817,0.558
-1.235,-0.58
-1.5,0.195
-1.441,1.083
-1.786,-0.188
-1.892,1.104
-2.106,1.235
-2.14,1.377
0.509,0.126
0.381,1.399
-1.01,-0.895
2.359,-1.775
-1.109,-1.6
-1.466,-1.485
-0.016,-2.268
-0.108,-2.116
-0.148,-0.966
-0.38,-0.89
-0.381,-2.289
-0.402,0.582
-0.484,-2.654
-0.46,0.474
-0.46,-0.754
-0.54,0.448
-0.565,-0.49
-0.515,0.846
-0.58,0.38
-0.58,-2.738
-0.685,-1.557
-0.696,-1.545
-0.628,-2.011
-0.634,0.501
-0.72,-1.42
-0.746,-1.908
-0.745,-0.214
-0.738,-1.995
-0.731,0.135
-0.829,-0.168
-0.958,-0.349
-0.979,-0.696
-1.045,-1.086
-1.028,-0.473
-1.126,-1.166
-1.133,-0.814
-1.276,-1.876
-1.257,-0.767
-1.268,-2.675
-1.327,-0.629
-1.319,-2.61
-1.433,-1.544
-1.392,-3.194
-1.468,-0.583
-1.413,-1.043
-1.416,-1.433
-1.438,-1.246
-1.555,0.552
-1.658,-2.318
-1.608,-3.248
-1.755,-1.327
-1.78,-2.839
-1.783,-1.624
-1.833,-1.797
-1.894,-2.603
-1.857,-2.879
-1.922,-2.174
-1.84,-2.827
-1.915,-2.784
-2.02,-2.85
-2.016,-0.373
-2.084,-2.733
-2.119,-2.706
-2.148,-2.848
-2.216,-1.811
-2.208,-3.187
-2.178,-3.041
-2.286,-1.813
-2.257,-0.544
-2.338,-0.372
-2.293,-0.667
-2.306,-0.353
-2.387,-1.018
-2.56,-3.47
-2.696,-3.503
-3.018,-3.231
2.862,-3.38
2.673,-3.457
2.481,-3.53
2.275,-3.474
1.258,-3.414
0.818,-3.524
0.727,-3.591
0.575,-3.46
0.076,-3.586
0.006,-3.434
-0.108,-3.622
-0.629,-3.467
-0.795,-3.348
-0.871,-3.305
-0.943,-3.462
-1.646,-3.316
-1.834,-3.434
-2.096,-3.494
-2.105,-3.245
-2.17,-3.708
-2.233,-3.247
-2.612,1.049
-3.083,1.097
2.9,1.061
2.636,1.22
2.418,1.113
2.402,1.004
1.85,1.167
1.049,0.968
0.604,1.046
0.421,1.256
-0.407,0.955
-0.98,0.924
-1.029,1.126
-1.014,1.241
-1.142,0.823
-1.071,1.125
-1.173,0.876
-1.101,0.905
-1.334,1.147
-1.712,1.14
-1.74,1.244
-1.995,1.117
2.86,-2.293
1.863,-2.696
1.491,-3.091
1.683,-3.586
-0.067,1.163
-1.328,1.028
-2.353,-0.783
-2.446,-0.57
-2.646,0.316
-2.517,-1.765
-2.528,-2.592
-2.557,-2.71
-2.699,0.471
-2.715,-2.972
-2.929,-2.259
-3.03,-2.308
-3.032,-1.854
-3.027,-1.085
2.944,-0.498
2.939,-2.041
3.027,-3.186
2.951,-0.461
2.873,-2.879
2.768,-2.572
2.757,-0.828
2.63,-1.31
2.64,-2.132
2.68,-0.815
2.662,-1.856
2.652,-0.965
2.439,0.783
2.558,-0.509
2.408,-0.95
2.406,-2.037
2.48,-1.642
2.423,-0.888
1.929,0.734
1.917,-1.567
1.886,-3.145
1.691,-1.626
1.623,-2.926
1.399,-3.143
1.367,-0.972
1.439,-1.209
1.371,0.248
1.276,-0.186
1.111,-1.67
1.111,-0.193
1.07,-0.29
0.843,-1.44
0.627,-0.262
0.553,-2.784
0.49,-1.0
0.47,-0.657
0.263,-1.728
0.376,-2.74
0.369,-3.19
0.155,-2.825
0.252,-2.049
0.052,-0.684
0.163,-2.862
0.147,-1.139
-0.032,-0.917
-0.148,-1.629
-0.167,-3.144
-0.31,0.597
-0.384,-3.178
-0.255,-1.924
-0.299,-2.188
-0.458,-0.211
-0.54,-2.196
-0.624,-2.973
-0.824,-0.57
-1.143,-0.354
-1.19,-1.441
-1.08,-0.48
-1.268,-1.896
-1.286,-0.532
-1.367,-0.299
-1.409,-0.748
-1.302,-3.007
-1.456,-1.142
-1.379,-2.13
-1.404,-3.121
-1.469,-2.598
-1.646,-0.89
-1.816,-2.175
-2.104,-1.788
-2.136,-0.673
-2.067,-0.287
-2.099,-0.71
-2.248,-0.584
-2.26,-1.445
-2.316,-0.832
-2.286,-1.891
-2.335,-3.102
-2.657,-3.13
-2.713,-3.247
-2.938,-3.429
-2.876,-3.499
1.718,-3.557
1.61,-3.523
1.457,-3.327
1.473,-3.284
1.251,-3.39
0.78,-3.395
0.698,-3.381
-1.623,-3.42
-2.22,-3.247
-2.363,-3.618
2.978,0.885
3.012,0.846
2.817,1.125
2.725,1.07
2.3,1.119
2.403,1.02
1.693,0.755
1.849,1.109
1.638,1.069
1.529,1.135
0.85,1.081
0.214,1.084
-0.667,0.914
-0.58,1.019
-0.933,1.195
-1.052,1.181
-1.728,0.817
-1.764,1.173
-2.064,1.205
-2.097,1.03
-2.154,0.924
-2.842,-2.314
2.38,-1.654
2.269,-1.893
1.957,-2.662
-0.307,-0.113
-0.461,-1.554
-0.487,-1.334
-1.239,-0.634
-2.01,-3.144
1.217,0.103
-0.107,-1.287
-0.688,-0.472
-0.64,-0.935
-1.058,-2.073
-1.323,-1.298
-1.264,-0.41
-1.609,-1.681
-1.715,-0.389
-1.929,-0.258
-1.963,-0.116
0.686,-1.367
0.558,-0.094
-0.833,-2.388
2.536,-3.268
-0.932,-3.093
-1.289,-2.978
-0.092,0.152
-0.132,1.302
-0.364,1.378
-0.365,-0.021
-0.386,2.85
-0.468,-0.386
-0.444,2.742
-0.444,1.514
-0.524,2.716
-0.549,1.778
-0.499,3.114
-0.564,2.648
-0.564,-0.47
-0.669,0.711
-0.68,0.723
-0.612,0.257
-0.618,2.769
-0.704,0.848
-0.73,0.36
-0.729,2.054
-0.722,0.273
-0.715,2.403
-0.813,2.1
-0.942,1.919
-0.963,1.572
-1.029,1.182
-1.012,1.795
-1.11,1.102
-1.117,1.454
-1.26,0.392
-1.241,1.501
-1.252,-0.407
-1.311,1.639
-1.303,-0.342
-1.417,0.724
-1.376,-0.926
-1.452,1.685
-1.397,1.225
-1.4,0.835
-1.422,1.022
-1.539,2.82
-1.642,-0.05
-1.592,-0.98
-1.739,0.941
-1.764,-0.571
-1.767,0.644
-1.817,0.471
-1.878,-0.335
-1.841,-0.611
-1.906,0.094
-1.824,-0.559
-1.899,-0.516
-2.004,-0.582
-2.0,1.895
-2.068,-0.465
-2.103,-0.438
-2.132,-0.58
-2.2,0.457
-2.192,-0.919
-2.162,-0.773
-2.27,0.455
-2.241,1.724
-2.322,1.896
-2.277,1.601
-2.29,1.915
-2.371,1.25
-2.544,-1.202
-2.68,-1.235
-3.002,-0.963
2.878,-1.112
2.689,-1.189
2.497,-1.262
2.291,-1.206
1.274,-1.146
0.834,-1.256
0.743,-1.323
0.591,-1.192
0.092,-1.318
0.022,-1.166
-0.092,-1.354
-0.613,-1.199
-0.779,-1.08
-0.855,-1.037
-0.927,-1.194
-1.63,-1.048
-1.818,-1.166
-2.08,-1.226
-2.089,-0.977
-2.154,-1.44
-2.217,-0.979
-2.596,3.317
-3.067,3.365
2.916,3.329
2.652,3.488
2.434,3.381
2.418,3.272
1.866,3.435
1.065,3.236
0.62,3.314
0.437,3.524
-0.391,3.223
-0.964,3.192
-1.013,3.394
-0.998,3.509
-1.126,3.091
-1.055,3.393
-1.157,3.144
-1.085,3.173
-1.318,3.415
-1.696,3.408
-1.724,3.512
-1.979,3.385
2.876,-0.025
1.879,-0.428
1.507,-0.823
1.699,-1.318
-0.051,3.431
-1.312,3.296
-2.337,1.485
-2.43,1.698
-2.63,2.584
-2.501,0.503
-2.512,-0.324
-2.541,-0.442
-2.683,2.739
-2.699,-0.704
-2.913,0.009
-3.014,-0.04
-3.016,0.414
-3.011,1.183
2.96,1.77
2.955,0.227
3.043,-0.918
2.967,1.807
2.889,-0.611
2.784,-0.304
2.773,1.44
2.646,0.958
2.656,0.136
2.696,1.453
2.678,0.412
2.668,1.303
2.455,3.051
2.574,1.759
2.424,1.318
2.422,0.231
2.496,0.626
2.439,1.38
1.945,3.002
1.933,0.701
1.902,-0.877
1.707,0.642
1.639,-0.658
1.415,-0.875
1.383,1.296
1.455,1.059
1.387,2.516
1.292,2.082
1.127,0.598
1.127,2.075
1.086,1.978
0.859,0.828
0.643,2.006
0.569,-0.516
0.506,1.268
0.486,1.611
0.279,0.54
0.392,-0.472
0.385,-0.922
0.171,-0.557
0.268,0.219
0.068,1.584
0.179,-0.594
0.163,1.129
-0.016,1.351
-0.132,0.639
-0.151,-0.876
-0.294,2.865
-0.368,-0.91
-0.239,0.344
-0.283,0.08
-0.442,2.057
-0.524,0.072
-0.608,-0.705
-0.808,1.698
-1.127,1.914
-1.174,0.827
-1.064,1.788
-1.252,0.372
-1.27,1.736
-1.351,1.969
-1.393,1.52
-1.286,-0.739
-1.44,1.126
-1.363,0.138
-1.388,-0.853
-1.453,-0.33
-1.63,1.378
-1.8,0.093
-2.088,0.48
-2.12,1.595
-2.051,1.981
-2.083,1.558
-2.232,1.684
-2.244,0.823
-2.3,1.436
-2.27,0.377
-2.319,-0.834
-2.641,-0.862
-2.697,-0.979
-2.922,-1.161
-2.86,-1.231
1.734,-1.289
1.626,-1.255
1.473,-1.059
1.489,-1.016
1.267,-1.122
0.796,-1.127
0.714,-1.113
-1.607,-1.152
-2.204,-0.979
-2.347,-1.35
2.994,3.153
3.028,3.114
2.833,3.393
2.741,3.338
2.316,3.387
2.419,3.288
1.709,3.023
1.865,3.377
1.654,3.337
1.545,3.403
0.866,3.349
0.23,3.352
-0.651,3.182
-0.564,3.287
-0.917,3.463
-1.036,3.449
-1.712,3.085
-1.748,3.441
-2.048,3.473
-2.081,3.298
-2.138,3.192
-2.826,-0.046
2.396,0.614
2.285,0.375
1.973,-0.394
-0.291,2.155
-0.445,0.714
-0.471,0.934
-1.223,1.634
-1.994,-0.876
1.233,2.371
-0.091,0.981
-0.672,1.796
-0.624,1.333
-1.042,0.195
-1.307,0.97
-1.248,1.858
-1.593,0.587
-1.699,1.879
-1.913,2.01
-1.947,2.152
0.702,0.901
0.574,2.174
-0.817,-0.12
2.552,-1.0
-0.916,-0.825
-1.273,-0.71
-0.04,1.15
-0.272,1.226
-0.273,-0.173
-0.294,2.698
-0.376,-0.538
-0.352,2.59
-0.352,1.362
-0.432,2.564
-0.457,1.626
-0.407,2.962
-0.472,2.496
-0.472,-0.622
-0.577,0.559
-0.588,0.571
-0.52,0.105
-0.526,2.617
-0.612,0.696
-0.638,0.208
-0.637,1.902
-0.63,0.121
-0.623,2.251
-0.721,1.948
-0.85,1.767
-0.871,1.42
-0.937,1.03
-0.92,1.643
-1.018,0.95
-1.025,1.302
-1.168,0.24
-1.149,1.349
-1.16,-0.559
-1.219,1.487
-1.211,-0.494
-1.325,0.572
-1.284,-1.078
-1.36,1.533
-1.305,1.073
-1.308,0.683
-1.33,0.87
-1.447,2.668
-1.55,-0.202
-1.5,-1.132
-1.647,0.789
-1.672,-0.723
-1.675,0.492
-1.725,0.319
-1.786,-0.487
-1.749,-0.763
-1.814,-0.058
-1.732,-0.711
-1.807,-0.668
-1.912,-0.734
-1.908,1.743
-1.976,-0.617
-2.011,-0.59
-2.04,-0.732
-2.108,0.305
-2.1,-1.071
-2.07,-0.925
-2.178,0.303
-2.149,1.572
-2.23,1.744
-2.185,1.449
-2.198,1.763
-2.279,1.098
-2.452,-1.354
-2.588,-1.387
-2.91,-1.115
2.97,-1.264
2.781,-1.341
2.589,-1.414
2.383,-1.358
1.366,-1.298
0.926,-1.408
0.835,-1.475
0.683,-1.344
0.184,-1.47
0.114,-1.318
0.0,-1.506
-0.521,-1.351
-0.687,-1.232
-0.763,-1.189
-0.835,-1.346
-1.538,-1.2
-1.726,-1.318
-1.988,-1.378
-1.997,-1.129
-2.062,-1.592
-2.125,-1.131
-2.504,3.165
-2.975,3.213
3.008,3.177
2.744,3.336
2.526,3.229
2.51,3.12
1.958,3.283
1.157,3.084
0.712,3.162
0.529,3.372
-0.299,3.071
-0.872,3.04
-0.921,3.242
-0.906,3.357
-1.034,2.939
-0.963,3.241
-1.065,2.992
-0.993,3.021
-1.226,3.263
-1.604,3.256
-1.632,3.36
-1.887,3.233
2.968,-0.177
1.971,-0.58
1.599,-0.975
1.791,-1.47
0.041,3.279
-1.22,3.144
-2.245,1.333
-2.338,1.546
-2.538,2.432
-2.409,0.351
-2.42,-0.476
-2.449,-0.594
-2.591,2.587
-2.607,-0.856
-2.821,-0.143
-2.922,-0.192
-2.924,0.262
-2.919,1.031
3.052,1.618
3.047,0.075
3.135,-1.07
3.059,1.655
2.981,-0.763
2.876,-0.456
2.865,1.288
2.738,0.806
2.748,-0.016
2.788,1.301
2.77,0.26
2.76,1.151
2.547,2.899
2.666,1.607
2.516,1.166
2.514,0.079
2.588,0.474
2.531,1.228
2.037,2.85
2.025,0.549
1.994,-1.029
1.799,0.49
1.731,-0.81
1.507,-1.027
1.475,1.144
1.547,0.907
1.479,2.364
1.384,1.93
1.219,0.446
1.219,1.923
1.178,1.826
0.951,0.676
0.735,1.854
0.661,-0.668
0.598,1.116
0.578,1.459
0.371,0.388
0.484,-0.624
0.477,-1.074
0.263,-0.709
0.36,0.067
0.16,1.432
0.271,-0.746
0.255,0.977
0.076,1.199
-0.04,0.487
-0.059,-1.028
-0.202,2.713
-0.276,-1.062
-0.147,0.192
-0.191,-0.072
-0.35,1.905
-0.432,-0.08
-0.516,-0.857
-0.716,1.546
-1.035,1.762
-1.082,0.675
-0.972,1.636
-1.16,0.22
-1.178,1.584
-1.259,1.817
-1.301,1.368
-1.194,-0.891
-1.348,0.974
-1.271,-0.014
-1.296,-1.005
-1.361,-0.482
-1.538,1.226
-1.708,-0.059
-1.996,0.328
-2.028,1.443
-1.959,1.829
-1.991,1.406
-2.14,1.532
-2.152,0.671
-2.208,1.284
-2.178,0.225
-2.227,-0.986
-2.549,-1.014
-2.605,-1.131
-2.83,-1.313
-2.768,-1.383
1.826,-1.441
1.718,-1.407
1.565,-1.211
1.581,-1.168
1.359,-1.274
0.888,-1.279
0.806,-1.265
-1.515,-1.304
-2.112,-1.131
-2.255,-1.502
3.086,3.001
3.12,2.962
2.925,3.241
2.833,3.186
2.408,3.235
2.511,3.136
1.801,2.871
1.957,3.225
1.746,3.185
1.637,3.251
0.958,3.197
0.322,3.2
-0.559,3.03
-0.472,3.135
-0.825,3.311
-0.944,3.297
-1.62,2.933
-1.656,3.289
-1.956,3.321
-1.989,3.146
-2.046,3.04
-2.734,-0.198
2.488,0.462
2.377,0.223
2.065,-0.546
-0.199,2.003
-0.353,0.562
-0.379,0.782
-1.131,1.482
-1.902,-1.028
1.325,2.219
0.001,0.829
-0.58,1.644
-0.532,1.181
-0.95,0.043
-1.215,0.818
-1.156,1.706
-1.501,0.435
-1.607,1.727
-1.821,1.858
-1.855,2.0
0.794,0.749
0.666,2.022
-0.725,-0.272
2.644,-1.152
-0.824,-0.977
-1.181,-0.862
-0.232,0.076
-0.233,-1.323
-0.254,1.548
-0.336,-1.688
-0.312,1.44
-0.312,0.212
-0.392,1.414
-0.417,0.476
-0.367,1.812
-0.432,1.346
-0.432,-1.772
-0.537,-0.591
-0.548,-0.579
-0.48,-1.045
-0.486,1.467
-0.572,-0.454
-0.598,-0.942
-0.597,0.752
-0.59,-1.029
-0.583,1.101
-0.681,0.798
-0.81,0.617
-0.831,0.27
-0.897,-0.12
-0.88,0.493
-0.978,-0.2
-0.985,0.152
-1.128,-0.91
-1.109,0.199
-1.12,-1.709
-1.179,0.337
-1.171,-1.644
-1.285,-0.578
-1.244,-2.228
-1.32,0.383
-1.265,-0.077
-1.268,-0.467
-1.29,-0.28
-1.407,1.518
-1.51,-1.352
-1.46,-2.282
-1.607,-0.361
-1.632,-1.873
-1.635,-0.658
-1.685,-0.831
-1.746,-1.637
-1.709,-1.913
-1.774,-1.208
-1.692,-1.861
-1.767,-1.818
-1.872,-1.884
-1.868,0.593
-1.936,-1.767
-1.971,-1.74
-2.0,-1.882
-2.068,-0.845
-2.06,-2.221
-2.03,-2.075
-2.138,-0.847
-2.109,0.422
-2.19,0.594
-2.145,0.299
-2.158,0.613
-2.239,-0.052
-2.412,-2.504
-2.548,-2.537
-2.87,-2.265
3.01,-2.414
2.821,-2.491
2.629,-2.564
2.423,-2.508
1.406,-2.448
0.966,-2.558
0.875,-2.625
0.723,-2.494
0.224,-2.62
0.154,-2.468
0.04,-2.656
-0.481,-2.501
-0.647,-2.382
-0.723,-2.339
-0.795,-2.496
-1.498,-2.35
-1.686,-2.468
-1.948,-2.528
-1.957,-2.279
-2.022,-2.742
-2.085,-2.281
-2.464,2.015
-2.935,2.063
3.048,2.027
2.784,2.186
2.566,2.079
2.55,1.97
1.998,2.133
1.197,1.934
0.752,2.012
0.569,2.222
-0.259,1.921
-0.832,1.89
-0.881,2.092
-0.866,2.207
-0.994,1.789
-0.923,2.091
-1.025,1.842
-0.953,1.871
-1.186,2.113
-1.564,2.106
-1.592,2.21
-1.847,2.083
3.008,-1.327
2.011,-1.73
1.639,-2.125
1.831,-2.62
0.081,2.129
-1.18,1.994
-2.205,0.183
-2.298,0.396
-2.498,1.282
-2.369,-0.799
-2.38,-1.626
-2.409,-1.744
-2.551,1.437
-2.567,-2.006
-2.781,-1.293
-2.882,-1.342
-2.884,-0.888
-2.879,-0.119
3.092,0.468
3.087,-1.075
-3.108,-2.22
3.099,0.505
3.021,-1.913
2.916,-1.606
2.905,0.138
2.778,-0.344
2.788,-1.166
2.828,0.151
2.81,-0.89
2.8,0.001
2.587,1.749
2.706,0.457
2.556,0.016
2.554,-1.071
2.628,-0.676
2.571,0.078
2.077,1.7
2.065,-0.601
2.034,-2.179
1.839,-0.66
1.771,-1.96
1.547,-2.177
1.515,-0.006
1.587,-0.243
1.519,1.214
1.424,0.78
1.259,-0.704
1.259,0.773
1.218,0.676
0.991,-0.474
0.775,0.704
0.701,-1.818
0.638,-0.034
0.618,0.309
0.411,-0.762
0.524,-1.774
0.517,-2.224
0.303,-1.859
0.4,-1.083
0.2,0.282
0.311,-1.896
0.295,-0.173
0.116,0.049
0.0,-0.663
-0.019,-2.178
-0.162,1.563
-0.236,-2.212
-0.107,-0.958
-0.151,-1.222
-0.31,0.755
-0.392,-1.23
-0.476,-2.007
-0.676,0.396
-0.995,0.612
-1.042,-0.475
-0.932,0.486
-1.12,-0.93
-1.138,0.434
-1.219,0.667
-1.261,0.218
-1.154,-2.041
-1.308,-0.176
-1.231,-1.164
-1.256,-2.155
-1.321,-1.632
-1.498,0.076
-1.668,-1.209
-1.956,-0.822
-1.988,0.293
-1.919,0.679
-1.951,0.256
-2.1,0.382
-2.112,-0.479
-2.168,0.134
-2.138,-0.925
-2.187,-2.136
-2.509,-2.164
-2.565,-2.281
-2.79,-2.463
-2.728,-2.533
1.866,-2.591
1.758,-2.557
1.605,-2.361
1.621,-2.318
1.399,-2.424
0.928,-2.429
0.846,-2.415
-1.475,-2.454
-2.072,-2.281
-2.215,-2.652
3.126,1.851
-3.123,1.812
2.965,2.091
2.873,2.036
2.448,2.085
2.551,1.986
1.841,1.721
1.997,2.075
1.786,2.035
1.677,2.101
0.998,2.047
0.362,2.05
-0.519,1.88
-0.432,1.985
-0.785,2.161
-0.904,2.147
-1.58,1.783
-1.616,2.139
-1.916,2.171
-1.949,1.996
-2.006,1.89
-2.694,-1.348
2.528,-0.688
2.417,-0.927
2.105,-1.696
-0.159,0.853
-0.313,-0.588
-0.339,-0.368
-1.091,0.332
-1.862,-2.178
1.365,1.069
0.041,-0.321
-0.54,0.494
-0.492,0.031
-0.91,-1.107
-1.175,-0.332
-1.116,0.556
-1.461,-0.715
-1.567,0.577
-1.781,0.708
-1.815,0.85
0.834,-0.401
0.706,0.872
-0.685,-1.422
2.684,-2.302
-0.784,-2.127
-1.141,-2.012
-0.001,-1.399
-0.022,1.472
-0.104,-1.764
-0.08,1.364
-0.08,0.136
-0.16,1.338
-0.185,0.4
-0.135,1.736
-0.2,1.27
-0.2,-1.848
-0.305,-0.667
-0.316,-0.655
-0.248,-1.121
-0.254,1.391
-0.34,-0.53
-0.366,-1.018
-0.365,0.676
-0.358,-1.105
-0.351,1.025
-0.449,0.722
-0.578,0.541
-0.599,0.194
-0.665,-0.196
-0.648,0.417
-0.746,-0.276
-0.753,0.076
-0.896,-0.986
-0.877,0.123
-0.888,-1.785
-0.947,0.261
-0.939,-1.72
-1.053,-0.654
-1.012,-2.304
-1.088,0.307
-1.033,-0.153
-1.036,-0.543
-1.058,-0.356
-1.175,1.442
-1.278,-1.428
-1.228,-2.358
-1.375,-0.437
-1.4,-1.949
-1.403,-0.734
-1.453,-0.907
-1.514,-1.713
-1.477,-1.989
-1.542,-1.284
-1.46,-1.937
-1.535,-1.894
-1.64,-1.96
-1.636,0.517
-1.704,-1.843
-1.739,-1.816
-1.768,-1.958
-1.836,-0.921
-1.828,-2.297
-1.798,-2.151
-1.906,-0.923
-1.877,0.346
-1.958,0.518
-1.913,0.223
-1.926,0.537
-2.007,-0.128
-2.18,-2.58
-2.316,-2.613
-2.638,-2.341
-3.041,-2.49
3.053,-2.567
2.861,-2.64
2.655,-2.584
1.638,-2.524
1.198,-2.634
1.107,-2.701
0.955,-2.57
0.456,-2.696
0.386,-2.544
0.272,-2.732
-0.249,-2.577
-0.415,-2.458
-0.491,-2.415
-0.563,-2.572
-1.266,-2.426
-1.454,-2.544
-1.716,-2.604
-1.725,-2.355
-1.79,-2.818
-1.853,-2.357
-2.232,1.939
-2.703,1.987
-3.003,1.951
3.016,2.11
2.798,2.003
2.782,1.894
2.23,2.057
1.429,1.858
0.984,1.936
0.801,2.146
-0.027,1.845
-0.6,1.814
-0.649,2.016
-0.634,2.131
-0.762,1.713
-0.691,2.015
-0.793,1.766
-0.721,1.795
-0.954,2.037
-1.332,2.03
-1.36,2.134
-1.615,2.007
-3.043,-1.403
2.243,-1.806
1.871,-2.201
2.063,-2.696
0.313,2.053
-0.948,1.918
-1.973,0.107
-2.066,0.32
-2.266,1.206
-2.137,-0.875
-2.148,-1.702
-2.177,-1.82
-2.319,1.361
-2.335,-2.082
-2.549,-1.369
-2.65,-1.418
-2.652,-0.964
-2.647,-0.195
-2.959,0.392
-2.964,-1.151
-2.876,-2.296
-2.952,0.429
-3.03,-1.989
-3.135,-1.682
3.137,0.062
3.01,-0.42
3.02,-1.242
3.06,0.075
3.042,-0.966
3.032,-0.075
2.819,1.673
2.938,0.381
2.788,-0.06
2.786,-1.147
2.86,-0.752
2.803,0.002
2.309,1.624
2.297,-0.677
2.266,-2.255
2.071,-0.736
2.003,-2.036
1.779,-2.253
1.747,-0.082
1.819,-0.319
1.751,1.138
1.656,0.704
1.491,-0.78
1.491,0.697
1.45,0.6
1.223,-0.55
1.007,0.628
0.933,-1.894
0.87,-0.11
0.85,0.233
0.643,-0.838
0.756,-1.85
0.749,-2.3
0.535,-1.935
0.632,-1.159
0.432,0.206
0.543,-1.972
0.527,-0.249
0.348,-0.027
0.232,-0.739
0.213,-2.254
0.07,1.487
-0.004,-2.288
0.125,-1.034
0.081,-1.298
-0.078,0.679
-0.16,-1.306
-0.244,-2.083
-0.444,0.32
-0.763,0.536
-0.81,-0.551
-0.7,0.41
-0.888,-1.006
-0.906,0.358
-0.987,0.591
-1.029,0.142
-0.922,-2.117
-1.076,-0.252
-0.999,-1.24
-1.024,-2.231
-1.089,-1.708
-1.266,0.0
-1.436,-1.285
-1.724,-0.898
-1.756,0.217
-1.687,0.603
-1.719,0.18
-1.868,0.306
-1.88,-0.555
-1.936,0.058
-1.906,-1.001
-1.955,-2.212
-2.277,-2.24
-2.333,-2.357
-2.558,-2.539
-2.496,-2.609
2.098,-2.667
1.99,-2.633
1.837,-2.437
1.853,-2.394
1.631,-2.5
1.16,-2.505
1.078,-2.491
-1.243,-2.53
-1.84,-2.357
-1.983,-2.728
-2.925,1.775
-2.891,1.736
-3.086,2.015
3.105,1.96
2.68,2.009
2.783,1.91
2.073,1.645
2.229,1.999
2.018,1.959
1.909,2.025
1.23,1.971
0.594,1.974
-0.287,1.804
-0.2,1.909
-0.553,2.085
-0.672,2.071
-1.348,1.707
-1.384,2.063
-1.684,2.095
-1.717,1.92
-1.774,1.814
-2.462,-1.424
2.76,-0.764
2.649,-1.003
2.337,-1.772
0.073,0.777
-0.081,-0.664
-0.107,-0.444
-0.859,0.256
-1.63,-2.254
1.597,0.993
0.273,-0.397
-0.308,0.418
-0.26,-0.045
-0.678,-1.183
-0.943,-0.408
-0.884,0.48
-1.229,-0.791
-1.335,0.501
-1.549,0.632
-1.583,0.774
1.066,-0.477
0.938,0.796
-0.453,-1.498
2.916,-2.378
-0.552,-2.203
-0.909,-2.088
-0.021,2.871
-0.103,-0.365
-0.079,2.763
-0.079,1.535
-0.159,2.737
-0.184,1.799
-0.134,3.135
-0.199,2.669
-0.199,-0.449
-0.304,0.732
-0.315,0.744
-0.247,0.278
-0.253,2.79
-0.339,0.869
-0.365,0.381
-0.364,2.075
-0.357,0.294
-0.35,2.424
-0.448,2.121
-0.577,1.94
-0.598,1.593
-0.664,1.203
-0.647,1.816
-0.745,1.123
-0.752,1.475
-0.895,0.413
-0.876,1.522
-0.887,-0.386
-0.946,1.66
-0.938,-0.321
-1.052,0.745
-1.011,-0.905
-1.087,1.706
-1.032,1.246
-1.035,0.856
-1.057,1.043
-1.174,2.841
-1.277,-0.029
-1.227,-0.959
-1.374,0.962
-1.399,-0.55
-1.402,0.665
-1.452,0.492
-1.513,-0.314
-1.476,-0.59
-1.541,0.115
-1.459,-0.538
-1.534,-0.495
-1.639,-0.561
-1.635,1.916
-1.703,-0.444
-1.738,-0.417
-1.767,-0.559
-1.835,0.478
-1.827,-0.898
-1.797,-0.752
-1.905,0.476
-1.876,1.745
-1.957,1.917
-1.912,1.622
-1.925,1.936
-2.006,1.271
-2.179,-1.181
-2.315,-1.214
-2.637,-0.942
-3.04,-1.091
3.054,-1.168
2.862,-1.241
2.656,-1.185
1.639,-1.125
1.199,-1.235
1.108,-1.302
0.956,-1.171
0.457,-1.297
0.387,-1.145
0.273,-1.333
-0.248,-1.178
-0.414,-1.059
-0.49,-1.016
-0.562,-1.173
-1.265,-1.027
-1.453,-1.145
-1.715,-1.205
-1.724,-0.956
-1.789,-1.419
-1.852,-0.958
-2.231,3.338
-2.702,3.386
-3.002,3.35
3.017,3.509
2.799,3.402
2.783,3.293
2.231,3.456
1.43,3.257
0.985,3.335
0.802,3.545
-0.026,3.244
-0.599,3.213
-0.648,3.415
-0.633,3.53
-0.761,3.112
-0.69,3.414
-0.792,3.165
-0.72,3.194
-0.953,3.436
-1.331,3.429
-1.359,3.533
-1.614,3.406
-3.042,-0.004
2.244,-0.407
1.872,-0.802
2.064,-1.297
0.314,3.452
-0.947,3.317
-1.972,1.506
-2.065,1.719
-2.265,2.605
-2.136,0.524
-2.147,-0.303
-2.176,-0.421
-2.318,2.76
-2.334,-0.683
-2.548,0.03
-2.649,-0.019
-2.651,0.435
-2.646,1.204
-2.958,1.791
-2.963,0.248
-2.875,-0.897
-2.951,1.828
-3.029,-0.59
-3.134,-0.283
3.138,1.461
3.011,0.979
3.021,0.157
3.061,1.474
3.043,0.433
3.033,1.324
2.82,3.072
2.939,1.78
2.789,1.339
2.787,0.252
2.861,0.647
2.804,1.401
2.31,3.023
2.298,0.722
2.267,-0.856
2.072,0.663
2.004,-0.637
1.78,-0.854
1.748,1.317
1.82,1.08
1.752,2.537
1.657,2.103
1.492,0.619
1.492,2.096
1.451,1.999
1.224,0.849
1.008,2.027
0.934,-0.495
0.871,1.289
0.851,1.632
0.644,0.561
0.757,-0.451
0.75,-0.901
0.536,-0.536
0.633,0.24
0.433,1.605
0.544,-0.573
0.528,1.15
0.349,1.372
0.233,0.66
0.214,-0.855
0.071,2.886
-0.003,-0.889
0.126,0.365
0.082,0.101
-0.077,2.078
-0.159,0.093
-0.243,-0.684
-0.443,1.719
-0.762,1.935
-0.809,0.848
-0.699,1.809
-0.887,0.393
-0.905,1.757
-0.986,1.99
-1.028,1.541
-0.921,-0.718
-1.075,1.147
-0.998,0.159
-1.023,-0.832
-1.088,-0.309
-1.265,1.399
-1.435,0.114
-1.723,0.501
-1.755,1.616
-1.686,2.002
-1.718,1.579
-1.867,1.705
-1.879,0.844
-1.935,1.457
-1.905,0.398
-1.954,-0.813
-2.276,-0.841
-2.332,-0.958
-2.557,-1.14
-2.495,-1.21
2.099,-1.268
1.991,-1.234
1.838,-1.038
1.854,-0.995
1.632,-1.101
1.161,-1.106
1.079,-1.092
-1.242,-1.131
-1.839,-0.958
-1.982,-1.329
-2.924,3.174
-2.89,3.135
-3.085,3.414
3.106,3.359
2.681,3.408
2.784,3.309
2.074,3.044
2.23,3.398
2.019,3.358
1.91,3.424
1.231,3.37
0.595,3.373
-0.286,3.203
-0.199,3.308
-0.552,3.484
-0.671,3.47
-1.347,3.106
-1.383,3.462
-1.683,3.494
-1.716,3.319
-1.773,3.213
-2.461,-0.025
2.761,0.635
2.65,0.396
2.338,-0.373
0.074,2.176
-0.08,0.735
-0.106,0.955
-0.858,1.655
-1.629,-0.855
1.598,2.392
0.274,1.002
-0.307,1.817
-0.259,1.354
-0.677,0.216
-0.942,0.991
-0.883,1.879
-1.228,0.608
-1.334,1.9
-1.548,2.031
-1.582,2.173
1.067,0.922
0.939,2.195
-0.452,-0.099
2.917,-0.979
-0.551,-0.804
-0.908,-0.689
-0.082,-3.236
-0.058,-0.108
-0.058,-1.336
-0.138,-0.134
-0.163,-1.072
-0.113,0.264
-0.178,-0.202
-0.178,-3.32
-0.283,-2.139
-0.294,-2.127
-0.226,-2.593
-0.232,-0.081
-0.318,-2.002
-0.344,-2.49
-0.343,-0.796
-0.336,-2.577
-0.329,-0.447
-0.427,-0.75
-0.556,-0.931
-0.577,-1.278
-0.643,-1.668
-0.626,-1.055
-0.724,-1.748
-0.731,-1.396
-0.874,-2.458
-0.855,-1.349
-0.866,-3.257
-0.925,-1.211
-0.917,-3.192
-1.031,-2.126
-0.99,-3.776
-1.066,-1.165
-1.011,-1.625
-1.014,-2.015
-1.036,-1.828
-1.153,-0.03
-1.256,-2.9
-1.206,-3.83
-1.353,-1.909
-1.378,-3.421
-1.381,-2.206
-1.431,-2.379
-1.492,-3.185
-1.455,-3.461
-1.52,-2.756
-1.438,-3.409
-1.513,-3.366
-1.618,-3.432
-1.614,-0.955
-1.682,-3.315
-1.717,-3.288
-1.746,-3.43
-1.814,-2.393
-1.806,-3.769
-1.776,-3.623
-1.884,-2.395
-1.855,-1.126
-1.936,-0.954
-1.891,-1.249
-1.904,-0.935
-1.985,-1.6
-2.158,-4.052
-2.294,-4.085
-2.616,-3.813
-3.019,-3.962
3.075,-4.039
2.883,-4.112
2.677,-4.056
1.66,-3.996
1.22,-4.106
1.129,-4.173
0.977,-4.042
0.478,-4.168
0.408,-4.016
0.294,-4.204
-0.227,-4.049
-0.393,-3.93
-0.469,-3.887
-0.541,-4.044
-1.244,-3.898
-1.432,-4.016
-1.694,-4.076
-1.703,-3.827
-1.768,-4.29
-1.831,-3.829
-2.21,0.467
-2.681,0.515
-2.981,0.479
3.038,0.638
2.82,0.531
2.804,0.422
2.252,0.585
1.451,0.386
1.006,0.464
0.823,0.674
-0.005,0.373
-0.578,0.342
-0.627,0.544
-0.612,0.659
-0.74,0.241
-0.669,0.543
-0.771,0.294
-0.699,0.323
-0.932,0.565
-1.31,0.558
-1.338,0.662
-1.593,0.535
-3.021,-2.875
2.265,-3.278
1.893,-3.673
2.085,-4.168
0.335,0.581
-0.926,0.446
-1.951,-1.365
-2.044,-1.152
-2.244,-0.266
-2.115,-2.347
-2.126,-3.174
-2.155,-3.292
-2.297,-0.111
-2.313,-3.554
-2.527,-2.841
-2.628,-2.89
-2.63,-2.436
-2.625,-1.667
-2.937,-1.08
-2.942,-2.623
-2.854,-3.768
-2.93,-1.043
-3.008,-3.461
-3.113,-3.154
-3.124,-1.41
3.032,-1.892
3.042,-2.714
3.082,-1.397
3.064,-2.438
3.054,-1.547
2.841,0.201
2.96,-1.091
2.81,-1.532
2.808,-2.619
2.882,-2.224
2.825,-1.47
2.331,0.152
2.319,-2.149
2.288,-3.727
2.093,-2.208
2.025,-3.508
1.801,-3.725
1.769,-1.554
1.841,-1.791
1.773,-0.334
1.678,-0.768
1.513,-2.252
1.513,-0.775
1.472,-0.872
1.245,-2.022
1.029,-0.844
0.955,-3.366
0.892,-1.582
0.872,-1.239
0.665,-2.31
0.778,-3.322
0.771,-3.772
0.557,-3.407
0.654,-2.631
0.454,-1.266
0.565,-3.444
0.549,-1.721
0.37,-1.499
0.254,-2.211
0.235,-3.726
0.092,0.015
0.018,-3.76
0.147,-2.506
0.103,-2.77
-0.056,-0.793
-0.138,-2.778
-0.222,-3.555
-0.422,-1.152
-0.741,-0.936
-0.788,-2.023
-0.678,-1.062
-0.866,-2.478
-0.884,-1.114
-0.965,-0.881
-1.007,-1.33
-0.9,-3.589
-1.054,-1.724
-0.977,-2.712
-1.002,-3.703
-1.067,-3.18
-1.244,-1.472
-1.414,-2.757
-1.702,-2.37
-1.734,-1.255
-1.665,-0.869
-1.697,-1.292
-1.846,-1.166
-1.858,-2.027
-1.914,-1.414
-1.884,-2.473
-1.933,-3.684
-2.255,-3.712
-2.311,-3.829
-2.536,-4.011
-2.474,-4.081
2.12,-4.139
2.012,-4.105
1.859,-3.909
1.875,-3.866
1.653,-3.972
1.182,-3.977
1.1,-3.963
-1.221,-4.002
-1.818,-3.829
-1.961,-4.2
-2.903,0.303
-2.869,0.264
-3.064,0.543
3.127,0.488
2.702,0.537
2.805,0.438
2.095,0.173
2.251,0.527
2.04,0.487
1.931,0.553
1.252,0.499
0.616,0.502
-0.265,0.332
-0.178,0.437
-0.531,0.613
-0.65,0.599
-1.326,0.235
-1.362,0.591
-1.662,0.623
-1.695,0.448
-1.752,0.342
-2.44,-2.896
2.782,-2.236
2.671,-2.475
2.359,-3.244
0.095,-0.695
-0.059,-2.136
-0.085,-1.916
-0.837,-1.216
-1.608,-3.726
1.619,-0.479
0.295,-1.869
-0.286,-1.054
-0.238,-1.517
-0.656,-2.655
-0.921,-1.88
-0.862,-0.992
-1.207,-2.263
-1.313,-0.971
-1.527,-0.84
-1.561,-0.698
1.088,-1.949
0.96,-0.676
-0.431,-2.97
2.938,-3.85
-0.53,-3.675
-0.887,-3.56
0.024,3.128
0.024,1.9
-0.056,3.102
-0.081,2.164
-0.031,3.5
-0.096,3.034
-0.096,-0.084
-0.201,1.097
-0.212,1.109
-0.144,0.643
-0.15,3.155
-0.236,1.234
-0.262,0.746
-0.261,2.44
-0.254,0.659
-0.247,2.789
-0.345,2.486
-0.474,2.305
-0.495,1.958
-0.561,1.568
-0.544,2.181
-0.642,1.488
-0.649,1.84
-0.792,0.778
-0.773,1.887
-0.784,-0.021
-0.843,2.025
-0.835,0.044
-0.949,1.11
-0.908,-0.54
-0.984,2.071
-0.929,1.611
-0.932,1.221
-0.954,1.408
-1.071,3.206
-1.174,0.336
-1.124,-0.594
-1.271,1.327
-1.296,-0.185
-1.299,1.03
-1.349,0.857
-1.41,0.051
-1.373,-0.225
-1.438,0.48
-1.356,-0.173
-1.431,-0.13
-1.536,-0.196
-1.532,2.281
-1.6,-0.079
-1.635,-0.052
-1.664,-0.194
-1.732,0.843
-1.724,-0.533
-1.694,-0.387
-1.802,0.841
-1.773,2.11
-1.854,2.282
-1.809,1.987
-1.822,2.301
-1.903,1.636
-2.076,-0.816
-2.212,-0.849
-2.534,-0.577
-2.937,-0.726
-3.126,-0.803
2.965,-0.876
2.759,-0.82
1.742,-0.76
1.302,-0.87
1.211,-0.937
1.059,-0.806
0.56,-0.932
0.49,-0.78
0.376,-0.968
-0.145,-0.813
-0.311,-0.694
-0.387,-0.651
-0.459,-0.808
-1.162,-0.662
-1.35,-0.78
-1.612,-0.84
-1.621,-0.591
-1.686,-1.054
-1.749,-0.593
-2.128,3.703
-2.599,3.751
-2.899,3.715
3.12,3.874
2.902,3.767
2.886,3.658
2.334,3.821
1.533,3.622
1.088,3.7
0.905,3.91
0.077,3.609
-0.496,3.578
-0.545,3.78
-0.53,3.895
-0.658,3.477
-0.587,3.779
-0.689,3.53
-0.617,3.559
-0.85,3.801
-1.228,3.794
-1.256,3.898
-1.511,3.771
-2.939,0.361
2.347,-0.042
1.975,-0.437
2.167,-0.932
0.417,3.817
-0.844,3.682
-1.869,1.871
-1.962,2.084
-2.162,2.97
-2.033,0.889
-2.044,0.062
-2.073,-0.056
-2.215,3.125
-2.231,-0.318
-2.445,0.395
-2.546,0.346
-2.548,0.8
-2.543,1.569
-2.855,2.156
-2.86,0.613
-2.772,-0.532
-2.848,2.193
-2.926,-0.225
-3.031,0.082
-3.042,1.826
3.114,1.344
3.124,0.522
-3.119,1.839
-3.137,0.798
3.136,1.689
2.923,3.437
3.042,2.145
2.892,1.704
2.89,0.617
2.964,1.012
2.907,1.766
2.413,3.388
2.401,1.087
2.37,-0.491
2.175,1.028
2.107,-0.272
1.883,-0.489
1.851,1.682
1.923,1.445
1.855,2.902
1.76,2.468
1.595,0.984
1.595,2.461
1.554,2.364
1.327,1.214
1.111,2.392
1.037,-0.13
0.974,1.654
0.954,1.997
0.747,0.926
0.86,-0.086
0.853,-0.536
0.639,-0.171
0.736,0.605
0.536,1.97
0.647,-0.208
0.631,1.515
0.452,1.737
0.336,1.025
0.317,-0.49
0.174,3.251
0.1,-0.524
0.229,0.73
0.185,0.466
0.026,2.443
-0.056,0.458
-0.14,-0.319
-0.34,2.084
-0.659,2.3
-0.706,1.213
-0.596,2.174
-0.784,0.758
-0.802,2.122
-0.883,2.355
-0.925,1.906
-0.818,-0.353
-0.972,1.512
-0.895,0.524
-0.92,-0.467
-0.985,0.056
-1.162,1.764
-1.332,0.479
-1.62,0.866
-1.652,1.981
-1.583,2.367
-1.615,1.944
-1.764,2.07
-1.776,1.209
-1.832,1.822
-1.802,0.763
-1.851,-0.448
-2.173,-0.476
-2.229,-0.593
-2.454,-0.775
-2.392,-0.845
2.202,-0.903
2.094,-0.869
1.941,-0.673
1.957,-0.63
1.735,-0.736
1.264,-0.741
1.182,-0.727
-1.139,-0.766
-1.736,-0.593
-1.879,-0.964
-2.821,3.539
-2.787,3.5
-2.982,3.779
-3.074,3.724
2.784,3.773
2.887,3.674
2.177,3.409
2.333,3.763
2.122,3.723
2.013,3.789
1.334,3.735
0.698,3.738
-0.183,3.568
-0.096,3.673
-0.449,3.849
-0.568,3.835
-1.244,3.471
-1.28,3.827
-1.58,3.859
-1.613,3.684
-1.67,3.578
-2.358,0.34
2.864,1.0
2.753,0.761
2.441,-0.008
0.177,2.541
0.023,1.1
-0.003,1.32
-0.755,2.02
-1.526,-0.49
1.701,2.757
0.377,1.367
-0.204,2.182
-0.156,1.719
-0.574,0.581
-0.839,1.356
-0.78,2.244
-1.125,0.973
-1.231,2.265
-1.445,2.396
-1.479,2.538
1.17,1.287
1.042,2.56
-0.349,0.266
3.02,-0.614
-0.448,-0.439
-0.805,-0.324
0.0,-1.228
-0.08,-0.026
-0.105,-0.964
-0.055,0.372
-0.12,-0.094
-0.12,-3.212
-0.225,-2.031
-0.236,-2.019
-0.168,-2.485
-0.174,0.027
-0.26,-1.894
-0.286,-2.382
-0.285,-0.688
-0.278,-2.469
-0.271,-0.339
-0.369,-0.642
-0.498,-0.823
-0.519,-1.17
-0.585,-1.56
-0.568,-0.947
-0.666,-1.64
-0.673,-1.288
-0.816,-2.35
-0.797,-1.241
-0.808,-3.149
-0.867,-1.103
-0.859,-3.084
-0.973,-2.018
-0.932,-3.668
-1.008,-1.057
-0.953,-1.517
-0.956,-1.907
-0.978,-1.72
-1.095,0.078
-1.198,-2.792
-1.148,-3.722
-1.295,-1.801
-1.32,-3.313
-1.323,-2.098
-1.373,-2.271
-1.434,-3.077
-1.397,-3.353
-1.462,-2.648
-1.38,-3.301
-1.455,-3.258
-1.56,-3.324
-1.556,-0.847
-1.624,-3.207
-1.659,-3.18
-1.688,-3.322
-1.756,-2.285
-1.748,-3.661
-1.718,-3.515
-1.826,-2.287
-1.797,-1.018
-1.878,-0.846
-1.833,-1.141
-1.846,-0.827
-1.927,-1.492
-2.1,-3.944
-2.236,-3.977
-2.558,-3.705
-2.961,-3.854
3.133,-3.931
2.941,-4.004
2.735,-3.948
1.718,-3.888
1.278,-3.998
1.187,-4.065
1.035,-3.934
0.536,-4.06
0.466,-3.908
0.352,-4.096
-0.169,-3.941
-0.335,-3.822
-0.411,-3.779
-0.483,-3.936
-1.186,-3.79
-1.374,-3.908
-1.636,-3.968
-1.645,-3.719
-1.71,-4.182
-1.773,-3.721
-2.152,0.575
-2.623,0.623
-2.923,0.587
3.096,0.746
2.878,0.639
2.862,0.53
2.31,0.693
1.509,0.494
1.064,0.572
0.881,0.782
0.053,0.481
-0.52,0.45
-0.569,0.652
-0.554,0.767
-0.682,0.349
-0.611,0.651
-0.713,0.402
-0.641,0.431
-0.874,0.673
-1.252,0.666
-1.28,0.77
-1.535,0.643
-2.963,-2.767
2.323,-3.17
1.951,-3.565
2.143,-4.06
0.393,0.689
-0.868,0.554
-1.893,-1.257
-1.986,-1.044
-2.186,-0.158
-2.057,-2.239
-2.068,-3.066
-2.097,-3.184
-2.239,-0.003
-2.255,-3.446
-2.469,-2.733
-2.57,-2.782
-2.572,-2.328
-2.567,-1.559
-2.879,-0.972
-2.884,-2.515
-2.796,-3.66
-2.872,-0.935
-2.95,-3.353
-3.055,-3.046
-3.066,-1.302
3.09,-1.784
3.1,-2.606
3.14,-1.289
3.122,-2.33
3.112,-1.439
2.899,0.309
3.018,-0.983
2.868,-1.424
2.866,-2.511
2.94,-2.116
2.883,-1.362
2.389,0.26
2.377,-2.041
2.346,-3.619
2.151,-2.1
2.083,-3.4
1.859,-3.617
1.827,-1.446
1.899,-1.683
1.831,-0.226
1.736,-0.66
1.571,-2.144
1.571,-0.667
1.53,-0.764
1.303,-1.914
1.087,-0.736
1.013,-3.258
0.95,-1.474
0.93,-1.131
0.723,-2.202
0.836,-3.214
0.829,-3.664
0.615,-3.299
0.712,-2.523
0.512,-1.158
0.623,-3.336
0.607,-1.613
0.428,-1.391
0.312,-2.103
0.293,-3.618
0.15,0.123
0.076,-3.652
0.205,-2.398
0.161,-2.662
0.002,-0.685
-0.08,-2.67
-0.164,-3.447
-0.364,-1.044
-0.683,-0.828
-0.73,-1.915
-0.62,-0.954
-0.808,-2.37
-0.826,-1.006
-0.907,-0.773
-0.949,-1.222
-0.842,-3.481
-0.996,-1.616
-0.919,-2.604
-0.944,-3.595
-1.009,-3.072
-1.186,-1.364
-1.356,-2.649
-1.644,-2.262
-1.676,-1.147
-1.607,-0.761
-1.639,-1.184
-1.788,-1.058
-1.8,-1.919
-1.856,-1.306
-1.826,-2.365
-1.875,-3.576
-2.197,-3.604
-2.253,-3.721
-2.478,-3.903
-2.416,-3.973
2.178,-4.031
2.07,-3.997
1.917,-3.801
1.933,-3.758
1.711,-3.864
1.24,-3.869
1.158,-3.855
-1.163,-3.894
-1.76,-3.721
-1.903,-4.092
-2.845,0.411
-2.811,0.372
-3.006,0.651
-3.098,0.596
2.76,0.645
2.863,0.546
2.153,0.281
2.309,0.635
2.098,0.595
1.989,0.661
1.31,0.607
0.674,0.61
-0.207,0.44
-0.12,0.545
-0.473,0.721
-0.592,0.707
-1.268,0.343
-1.304,0.699
-1.604,0.731
-1.637,0.556
-1.694,0.45
-2.382,-2.788
2.84,-2.128
2.729,-2.367
2.417,-3.136
0.153,-0.587
-0.001,-2.028
-0.027,-1.808
-0.779,-1.108
-1.55,-3.618
1.677,-0.371
0.353,-1.761
-0.228,-0.946
-0.18,-1.409
-0.598,-2.547
-0.863,-1.772
-0.804,-0.884
-1.149,-2.155
-1.255,-0.863
-1.469,-0.732
-1.503,-0.59
1.146,-1.841
1.018,-0.568
-0.373,-2.862
2.996,-3.742
-0.472,-3.567
-0.829,-3.452
-0.08,1.202
-0.105,0.264
-0.055,1.6
-0.12,1.134
-0.12,-1.984
-0.225,-0.803
-0.236,-0.791
-0.168,-1.257
-0.174,1.255
-0.26,-0.666
-0.286,-1.154
-0.285,0.54
-0.278,-1.241
-0.271,0.889
-0.369,0.586
-0.498,0.405
-0.519,0.058
-0.585,-0.332
-0.568,0.281
-0.666,-0.412
-0.673,-0.06
-0.816,-1.122
-0.797,-0.013
-0.808,-1.921
-0.867,0.125
-0.859,-1.856
-0.973,-0.79
-0.932,-2.44
-1.008,0.171
-0.953,-0.289
-0.956,-0.679
-0.978,-0.492
-1.095,1.306
-1.198,-1.564
-1.148,-2.494
-1.295,-0.573
-1.32,-2.085
-1.323,-0.87
-1.373,-1.043
-1.434,-1.849
-1.397,-2.125
-1.462,-1.42
-1.38,-2.073
-1.455,-2.03
-1.56,-2.096
-1.556,0.381
-1.624,-1.979
-1.659,-1.952
-1.688,-2.094
-1.756,-1.057
-1.748,-2.433
-1.718,-2.287
-1.826,-1.059
-1.797,0.21
-1.878,0.382
-1.833,0.087
-1.846,0.401
-1.927,-0.264
-2.1,-2.716
-2.236,-2.749
-2.558,-2.477
-2.961,-2.626
3.133,-2.703
2.941,-2.776
2.735,-2.72
1.718,-2.66
1.278,-2.77
1.187,-2.837
1.035,-2.706
0.536,-2.832
0.466,-2.68
0.352,-2.868
-0.169,-2.713
-0.335,-2.594
-0.411,-2.551
-0.483,-2.708
-1.186,-2.562
-1.374,-2.68
-1.636,-2.74
-1.645,-2.491
-1.71,-2.954
-1.773,-2.493
-2.152,1.803
-2.623,1.851
-2.923,1.815
3.096,1.974
2.878,1.867
2.862,1.758
2.31,1.921
1.509,1.722
1.064,1.8
0.881,2.01
0.053,1.709
-0.52,1.678
-0.569,1.88
-0.554,1.995
-0.682,1.577
-0.611,1.879
-0.713,1.63
-0.641,1.659
-0.874,1.901
-1.252,1.894
-1.28,1.998
-1.535,1.871
-2.963,-1.539
2.323,-1.942
1.951,-2.337
2.143,-2.832
0.393,1.917
-0.868,1.782
-1.893,-0.029
-1.986,0.184
-2.186,1.07
-2.057,-1.011
-2.068,-1.838
-2.097,-1.956
-2.239,1.225
-2.255,-2.218
-2.469,-1.505
-2.57,-1.554
-2.572,-1.1
-2.567,-0.331
-2.879,0.256
-2.884,-1.287
-2.796,-2.432
-2.872,0.293
-2.95,-2.125
-3.055,-1.818
-3.066,-0.074
3.09,-0.556
3.1,-1.378
3.14,-0.061
3.122,-1.102
3.112,-0.211
2.899,1.537
3.018,0.245
2.868,-0.196
2.866,-1.283
2.94,-0.888
2.883,-0.134
2.389,1.488
2.377,-0.813
2.346,-2.391
2.151,-0.872
2.083,-2.172
1.859,-2.389
1.827,-0.218
1.899,-0.455
1.831,1.002
1.736,0.568
1.571,-0.916
1.571,0.561
1.53,0.464
1.303,-0.686
1.087,0.492
1.013,-2.03
0.95,-0.246
0.93,0.097
0.723,-0.974
0.836,-1.986
0.829,-2.436
0.615,-2.071
0.712,-1.295
0.512,0.07
0.623,-2.108
0.607,-0.385
0.428,-0.163
0.312,-0.875
0.293,-2.39
0.15,1.351
0.076,-2.424
0.205,-1.17
0.161,-1.434
0.002,0.543
-0.08,-1.442
-0.164,-2.219
-0.364,0.184
-0.683,0.4
-0.73,-0.687
-0.62,0.274
-0.808,-1.142
-0.826,0.222
-0.907,0.455
-0.949,0.006
-0.842,-2.253
-0.996,-0.388
-0.919,-1.376
-0.944,-2.367
-1.009,-1.844
-1.186,-0.136
-1.356,-1.421
-1.644,-1.034
-1.676,0.081
-1.607,0.467
-1.639,0.044
-1.788,0.17
-1.8,-0.691
-1.856,-0.078
-1.826,-1.137
-1.875,-2.348
-2.197,-2.376
-2.253,-2.493
-2.478,-2.675
-2.416,-2.745
2.178,-2.803
2.07,-2.769
1.917,-2.573
1.933,-2.53
1.711,-2.636
1.24,-2.641
1.158,-2.627
-1.163,-2.666
-1.76,-2.493
-1.903,-2.864
-2.845,1.639
-2.811,1.6
-3.006,1.879
-3.098,1.824
2.76,1.873
2.863,1.774
2.153,1.509
2.309,1.863
2.098,1.823
1.989,1.889
1.31,1.835
0.674,1.838
-0.207,1.668
-0.12,1.773
-0.473,1.949
-0.592,1.935
-1.268,1.571
-1.304,1.927
-1.604,1.959
-1.637,1.784
-1.694,1.678
-2.382,-1.56
2.84,-0.9
2.729,-1.139
2.417,-1.908
0.153,0.641
-0.001,-0.8
-0.027,-0.58
-0.779,0.12
-1.55,-2.39
1.677,0.857
0.353,-0.533
-0.228,0.282
-0.18,-0.181
-0.598,-1.319
-0.863,-0.544
-0.804,0.344
-1.149,-0.927
-1.255,0.365
-1.469,0.496
-1.503,0.638
1.146,-0.613
1.018,0.66
-0.373,-1.634
2.996,-2.514
-0.472,-2.339
-0.829,-2.224
-0.025,-0.938
0.025,0.398
-0.04,-0.068
-0.04,-3.186
-0.145,-2.005
-0.156,-1.993
-0.088,-2.459
-0.094,0.053
-0.18,-1.868
-0.206,-2.356
-0.205,-0.662
-0.198,-2.443
-0.191,-0.313
-0.289,-0.616
-0.418,-0.797
-0.439,-1.144
-0.505,-1.534
-0.488,-0.921
-0.586,-1.614
-0.593,-1.262
-0.736,-2.324
-0.717,-1.215
-0.728,-3.123
-0.787,-1.077
-0.779,-3.058
-0.893,-1.992
-0.852,-3.642
-0.928,-1.031
-0.873,-1.491
-0.876,-1.881
-0.898,-1.694
-1.015,0.104
-1.118,-2.766
-1.068,-3.696
-1.215,-1.775
-1.24,-3.287
-1.243,-2.072
-1.293,-2.245
-1.354,-3.051
-1.317,-3.327
-1.382,-2.622
-1.3,-3.275
-1.375,-3.232
-1.48,-3.298
-1.476,-0.821
-1.544,-3.181
-1.579,-3.154
-1.608,-3.296
-1.676,-2.259
-1.668,-3.635
-1.638,-3.489
-1.746,-2.261
-1.717,-0.992
-1.798,-0.82
-1.753,-1.115
-1.766,-0.801
-1.847,-1.466
-2.02,-3.918
-2.156,-3.951
-2.478,-3.679
-2.881,-3.828
-3.07,-3.905
3.021,-3.978
2.815,-3.922
1.798,-3.862
1.358,-3.972
1.267,-4.039
1.115,-3.908
0.616,-4.034
0.546,-3.882
0.432,-4.07
-0.089,-3.915
-0.255,-3.796
-0.331,-3.753
-0.403,-3.91
-1.106,-3.764
-1.294,-3.882
-1.556,-3.942
-1.565,-3.693
-1.63,-4.156
-1.693,-3.695
-2.072,0.601
-2.543,0.649
-2.843,0.613
-3.107,0.772
2.958,0.665
2.942,0.556
2.39,0.719
1.589,0.52
1.144,0.598
0.961,0.808
0.133,0.507
-0.44,0.476
-0.489,0.678
-0.474,0.793
-0.602,0.375
-0.531,0.677
-0.633,0.428
-0.561,0.457
-0.794,0.699
-1.172,0.692
-1.2,0.796
-1.455,0.669
-2.883,-2.741
2.403,-3.144
2.031,-3.539
2.223,-4.034
0.473,0.715
-0.788,0.58
-1.813,-1.231
-1.906,-1.018
-2.106,-0.132
-1.977,-2.213
-1.988,-3.04
-2.017,-3.158
-2.159,0.023
-2.175,-3.42
-2.389,-2.707
-2.49,-2.756
-2.492,-2.302
-2.487,-1.533
-2.799,-0.946
-2.804,-2.489
-2.716,-3.634
-2.792,-0.909
-2.87,-3.327
-2.975,-3.02
-2.986,-1.276
-3.113,-1.758
-3.103,-2.58
-3.063,-1.263
-3.081,-2.304
-3.091,-1.413
2.979,0.335
3.098,-0.957
2.948,-1.398
2.946,-2.485
3.02,-2.09
2.963,-1.336
2.469,0.286
2.457,-2.015
2.426,-3.593
2.231,-2.074
2.163,-3.374
1.939,-3.591
1.907,-1.42
1.979,-1.657
1.911,-0.2
1.816,-0.634
1.651,-2.118
1.651,-0.641
1.61,-0.738
1.383,-1.888
1.167,-0.71
1.093,-3.232
1.03,-1.448
1.01,-1.105
0.803,-2.176
0.916,-3.188
0.909,-3.638
0.695,-3.273
0.792,-2.497
0.592,-1.132
0.703,-3.31
0.687,-1.587
0.508,-1.365
0.392,-2.077
0.373,-3.592
0.23,0.149
0.156,-3.626
0.285,-2.372
0.241,-2.636
0.082,-0.659
0.0,-2.644
-0.084,-3.421
-0.284,-1.018
-0.603,-0.802
-0.65,-1.889
-0.54,-0.928
-0.728,-2.344
-0.746,-0.98
-0.827,-0.747
-0.869,-1.196
-0.762,-3.455
-0.916,-1.59
-0.839,-2.578
-0.864,-3.569
-0.929,-3.046
-1.106,-1.338
-1.276,-2.623
-1.564,-2.236
-1.596,-1.121
-1.527,-0.735
-1.559,-1.158
-1.708,-1.032
-1.72,-1.893
-1.776,-1.28
-1.746,-2.339
-1.795,-3.55
-2.117,-3.578
-2.173,-3.695
-2.398,-3.877
-2.336,-3.947
2.258,-4.005
2.15,-3.971
1.997,-3.775
2.013,-3.732
1.791,-3.838
1.32,-3.843
1.238,-3.829
-1.083,-3.868
-1.68,-3.695
-1.823,-4.066
-2.765,0.437
-2.731,0.398
-2.926,0.677
-3.018,0.622
2.84,0.671
2.943,0.572
2.233,0.307
2.389,0.661
2.178,0.621
2.069,0.687
1.39,0.633
0.754,0.636
-0.127,0.466
-0.04,0.571
-0.393,0.747
-0.512,0.733
-1.188,0.369
-1.224,0.725
-1.524,0.757
-1.557,0.582
-1.614,0.476
-2.302,-2.762
2.92,-2.102
2.809,-2.341
2.497,-3.11
0.233,-0.561
0.079,-2.002
0.053,-1.782
-0.699,-1.082
-1.47,-3.592
1.757,-0.345
0.433,-1.735
-0.148,-0.92
-0.1,-1.383
-0.518,-2.521
-0.783,-1.746
-0.724,-0.858
-1.069,-2.129
-1.175,-0.837
-1.389,-0.706
-1.423,-0.564
1.226,-1.815
1.098,-0.542
-0.293,-2.836
3.076,-3.716
-0.392,-3.541
-0.749,-3.426
0.05,1.336
-0.015,0.87
-0.015,-2.248
-0.12,-1.067
-0.131,-1.055
-0.063,-1.521
-0.069,0.991
-0.155,-0.93
-0.181,-1.418
-0.18,0.276
-0.173,-1.505
-0.166,0.625
-0.264,0.322
-0.393,0.141
-0.414,-0.206
-0.48,-0.596
-0.463,0.017
-0.561,-0.676
-0.568,-0.324
-0.711,-1.386
-0.692,-0.277
-0.703,-2.185
-0.762,-0.139
-0.754,-2.12
-0.868,-1.054
-0.827,-2.704
-0.903,-0.093
-0.848,-0.553
-0.851,-0.943
-0.873,-0.756
-0.99,1.042
-1.093,-1.828
-1.043,-2.758
-1.19,-0.837
-1.215,-2.349
-1.218,-1.134
-1.268,-1.307
-1.329,-2.113
-1.292,-2.389
-1.357,-1.684
-1.275,-2.337
-1.35,-2.294
-1.455,-2.36
-1.451,0.117
-1.519,-2.243
-1.554,-2.216
-1.583,-2.358
-1.651,-1.321
-1.643,-2.697
-1.613,-2.551
-1.721,-1.323
-1.692,-0.054
-1.773,0.118
-1.728,-0.177
-1.741,0.137
-1.822,-0.528
-1.995,-2.98
-2.131,-3.013
-2.453,-2.741
-2.856,-2.89
-3.045,-2.967
3.046,-3.04
2.84,-2.984
1.823,-2.924
1.383,-3.034
1.292,-3.101
1.14,-2.97
0.641,-3.096
0.571,-2.944
0.457,-3.132
-0.064,-2.977
-0.23,-2.858
-0.306,-2.815
-0.378,-2.972
-1.081,-2.826
-1.269,-2.944
-1.531,-3.004
-1.54,-2.755
-1.605,-3.218
-1.668,-2.757
-2.047,1.539
-2.518,1.587
-2.818,1.551
-3.082,1.71
2.983,1.603
2.967,1.494
2.415,1.657
1.614,1.458
1.169,1.536
0.986,1.746
0.158,1.445
-0.415,1.414
-0.464,1.616
-0.449,1.731
-0.577,1.313
-0.506,1.615
-0.608,1.366
-0.536,1.395
-0.769,1.637
-1.147,1.63
-1.175,1.734
-1.43,1.607
-2.858,-1.803
2.428,-2.206
2.056,-2.601
2.248,-3.096
0.498,1.653
-0.763,1.518
-1.788,-0.293
-1.881,-0.08
-2.081,0.806
-1.952,-1.275
-1.963,-2.102
-1.992,-2.22
-2.134,0.961
-2.15,-2.482
-2.364,-1.769
-2.465,-1.818
-2.467,-1.364
-2.462,-0.595
-2.774,-0.008
-2.779,-1.551
-2.691,-2.696
-2.767,0.029
-2.845,-2.389
-2.95,-2.082
-2.961,-0.338
-3.088,-0.82
-3.078,-1.642
-3.038,-0.325
-3.056,-1.366
-3.066,-0.475
3.004,1.273
3.123,-0.019
2.973,-0.46
2.971,-1.547
3.045,-1.152
2.988,-0.398
2.494,1.224
2.482,-1.077
2.451,-2.655
2.256,-1.136
2.188,-2.436
1.964,-2.653
1.932,-0.482
2.004,-0.719
1.936,0.738
1.841,0.304
1.676,-1.18
1.676,0.297
1.635,0.2
1.408,-0.95
1.192,0.228
1.118,-2.294
1.055,-0.51
1.035,-0.167
0.828,-1.238
0.941,-2.25
0.934,-2.7
0.72,-2.335
0.817,-1.559
0.617,-0.194
0.728,-2.372
0.712,-0.649
0.533,-0.427
0.417,-1.139
0.398,-2.654
0.255,1.087
0.181,-2.688
0.31,-1.434
0.266,-1.698
0.107,0.279
0.025,-1.706
-0.059,-2.483
-0.259,-0.08
-0.578,0.136
-0.625,-0.951
-0.515,0.01
-0.703,-1.406
-0.721,-0.042
-0.802,0.191
-0.844,-0.258
-0.737,-2.517
-0.891,-0.652
-0.814,-1.64
-0.839,-2.631
-0.904,-2.108
-1.081,-0.4
-1.251,-1.685
-1.539,-1.298
-1.571,-0.183
-1.502,0.203
-1.534,-0.22
-1.683,-0.094
-1.695,-0.955
-1.751,-0.342
-1.721,-1.401
-1.77,-2.612
-2.092,-2.64
-2.148,-2.757
-2.373,-2.939
-2.311,-3.009
2.283,-3.067
2.175,-3.033
2.022,-2.837
2.038,-2.794
1.816,-2.9
1.345,-2.905
1.263,-2.891
-1.058,-2.93
-1.655,-2.757
-1.798,-3.128
-2.74,1.375
-2.706,1.336
-2.901,1.615
-2.993,1.56
2.865,1.609
2.968,1.51
2.258,1.245
2.414,1.599
2.203,1.559
2.094,1.625
1.415,1.571
0.779,1.574
-0.102,1.404
-0.015,1.509
-0.368,1.685
-0.487,1.671
-1.163,1.307
-1.199,1.663
-1.499,1.695
-1.532,1.52
-1.589,1.414
-2.277,-1.824
2.945,-1.164
2.834,-1.403
2.522,-2.172
0.258,0.377
0.104,-1.064
0.078,-0.844
-0.674,-0.144
-1.445,-2.654
1.782,0.593
0.458,-0.797
-0.123,0.018
-0.075,-0.445
-0.493,-1.583
-0.758,-0.808
-0.699,0.08
-1.044,-1.191
-1.15,0.101
-1.364,0.232
-1.398,0.374
1.251,-0.877
1.123,0.396
-0.268,-1.898
3.101,-2.778
-0.367,-2.603
-0.724,-2.488
-0.065,-0.466
-0.065,-3.584
-0.17,-2.403
-0.181,-2.391
-0.113,-2.857
-0.119,-0.345
-0.205,-2.266
-0.231,-2.754
-0.23,-1.06
-0.223,-2.841
-0.216,-0.711
-0.314,-1.014
-0.443,-1.195
-0.464,-1.542
-0.53,-1.932
-0.513,-1.319
-0.611,-2.012
-0.618,-1.66
-0.761,-2.722
-0.742,-1.613
-0.753,-3.521
-0.812,-1.475
-0.804,-3.456
-0.918,-2.39
-0.877,-4.04
-0.953,-1.429
-0.898,-1.889
-0.901,-2.279
-0.923,-2.092
-1.04,-0.294
-1.143,-3.164
-1.093,-4.094
-1.24,-2.173
-1.265,-3.685
-1.268,-2.47
-1.318,-2.643
-1.379,-3.449
-1.342,-3.725
-1.407,-3.02
-1.325,-3.673
-1.4,-3.63
-1.505,-3.696
-1.501,-1.219
-1.569,-3.579
-1.604,-3.552
-1.633,-3.694
-1.701,-2.657
-1.693,-4.033
-1.663,-3.887
-1.771,-2.659
-1.742,-1.39
-1.823,-1.218
-1.778,-1.513
-1.791,-1.199
-1.872,-1.864
-2.045,-4.316
-2.181,-4.349
-2.503,-4.077
-2.906,-4.226
-3.095,-4.303
2.996,-4.376
2.79,-4.32
1.773,-4.26
1.333,-4.37
1.242,-4.437
1.09,-4.306
0.591,-4.432
0.521,-4.28
0.407,-4.468
-0.114,-4.313
-0.28,-4.194
-0.356,-4.151
-0.428,-4.308
-1.131,-4.162
-1.319,-4.28
-1.581,-4.34
-1.59,-4.091
-1.655,-4.554
-1.718,-4.093
-2.097,0.203
-2.568,0.251
-2.868,0.215
-3.132,0.374
2.933,0.267
2.917,0.158
2.365,0.321
1.564,0.122
1.119,0.2
0.936,0.41
0.108,0.109
-0.465,0.078
-0.514,0.28
-0.499,0.395
-0.627,-0.023
-0.556,0.279
-0.658,0.03
-0.586,0.059
-0.819,0.301
-1.197,0.294
-1.225,0.398
-1.48,0.271
-2.908,-3.139
2.378,-3.542
2.006,-3.937
2.198,-4.432
0.448,0.317
-0.813,0.182
-1.838,-1.629
-1.931,-1.416
-2.131,-0.53
-2.002,-2.611
-2.013,-3.438
-2.042,-3.556
-2.184,-0.375
-2.2,-3.818
-2.414,-3.105
-2.515,-3.154
-2.517,-2.7
-2.512,-1.931
-2.824,-1.344
-2.829,-2.887
-2.741,-4.032
-2.817,-1.307
-2.895,-3.725
-3.0,-3.418
-3.011,-1.674
-3.138,-2.156
-3.128,-2.978
-3.088,-1.661
-3.106,-2.702
-3.116,-1.811
2.954,-0.063
3.073,-1.355
2.923,-1.796
2.921,-2.883
2.995,-2.488
2.938,-1.734
2.444,-0.112
2.432,-2.413
2.401,-3.991
2.206,-2.472
2.138,-3.772
1.914,-3.989
1.882,-1.818
1.954,-2.055
1.886,-0.598
1.791,-1.032
1.626,-2.516
1.626,-1.039
1.585,-1.136
1.358,-2.286
1.142,-1.108
1.068,-3.63
1.005,-1.846
0.985,-1.503
0.778,-2.574
0.891,-3.586
0.884,-4.036
0.67,-3.671
0.767,-2.895
0.567,-1.53
0.678,-3.708
0.662,-1.985
0.483,-1.763
0.367,-2.475
0.348,-3.99
0.205,-0.249
0.131,-4.024
0.26,-2.77
0.216,-3.034
0.057,-1.057
-0.025,-3.042
-0.109,-3.819
-0.309,-1.416
-0.628,-1.2
-0.675,-2.287
-0.565,-1.326
-0.753,-2.742
-0.771,-1.378
-0.852,-1.145
-0.894,-1.594
-0.787,-3.853
-0.941,-1.988
-0.864,-2.976
-0.889,-3.967
-0.954,-3.444
-1.131,-1.736
-1.301,-3.021
-1.589,-2.634
-1.621,-1.519
-1.552,-1.133
-1.584,-1.556
-1.733,-1.43
-1.745,-2.291
-1.801,-1.678
-1.771,-2.737
-1.82,-3.948
-2.142,-3.976
-2.198,-4.093
-2.423,-4.275
-2.361,-4.345
2.233,-4.403
2.125,-4.369
1.972,-4.173
1.988,-4.13
1.766,-4.236
1.295,-4.241
1.213,-4.227
-1.108,-4.266
-1.705,-4.093
-1.848,-4.464
-2.79,0.039
-2.756,0.0
-2.951,0.279
-3.043,0.224
2.815,0.273
2.918,0.174
2.208,-0.091
2.364,0.263
2.153,0.223
2.044,0.289
1.365,0.235
0.729,0.238
-0.152,0.068
-0.065,0.173
-0.418,0.349
-0.537,0.335
-1.213,-0.029
-1.249,0.327
-1.549,0.359
-1.582,0.184
-1.639,0.078
-2.327,-3.16
2.895,-2.5
2.784,-2.739
2.472,-3.508
0.208,-0.959
0.054,-2.4
0.028,-2.18
-0.724,-1.48
-1.495,-3.99
1.732,-0.743
0.408,-2.133
-0.173,-1.318
-0.125,-1.781
-0.543,-2.919
-0.808,-2.144
-0.749,-1.256
-1.094,-2.527
-1.2,-1.235
-1.414,-1.104
-1.448,-0.962
1.201,-2.213
1.073,-0.94
-0.318,-3.234
3.051,-4.114
-0.417,-3.939
-0.774,-3.824
0.0,-3.118
-0.105,-1.937
-0.116,-1.925
-0.048,-2.391
-0.054,0.121
-0.14,-1.8
-0.166,-2.288
-0.165,-0.594
-0.158,-2.375
-0.151,-0.245
-0.249,-0.548
-0.378,-0.729
-0.399,-1.076
-0.465,-1.466
-0.448,-0.853
-0.546,-1.546
-0.553,-1.194
-0.696,-2.256
-0.677,-1.147
-0.688,-3.055
-0.747,-1.009
-0.739,-2.99
-0.853,-1.924
-0.812,-3.574
-0.888,-0.963
-0.833,-1.423
-0.836,-1.813
-0.858,-1.626
-0.975,0.172
-1.078,-2.698
-1.028,-3.628
-1.175,-1.707
-1.2,-3.219
-1.203,-2.004
-1.253,-2.177
-1.314,-2.983
-1.277,-3.259
-1.342,-2.554
-1.26,-3.207
-1.335,-3.164
-1.44,-3.23
-1.436,-0.753
-1.504,-3.113
-1.539,-3.086
-1.568,-3.228
-1.636,-2.191
-1.628,-3.567
-1.598,-3.421
-1.706,-2.193
-1.677,-0.924
-1.758,-0.752
-1.713,-1.047
-1.726,-0.733
-1.807,-1.398
-1.98,-3.85
-2.116,-3.883
-2.438,-3.611
-2.841,-3.76
-3.03,-3.837
3.061,-3.91
2.855,-3.854
1.838,-3.794
1.398,-3.904
1.307,-3.971
1.155,-3.84
0.656,-3.966
0.586,-3.814
0.472,-4.002
-0.049,-3.847
-0.215,-3.728
-0.291,-3.685
-0.363,-3.842
-1.066,-3.696
-1.254,-3.814
-1.516,-3.874
-1.525,-3.625
-1.59,-4.088
-1.653,-3.627
-2.032,0.669
-2.503,0.717
-2.803,0.681
-3.067,0.84
2.998,0.733
2.982,0.624
2.43,0.787
1.629,0.588
1.184,0.666
1.001,0.876
0.173,0.575
-0.4,0.544
-0.449,0.746
-0.434,0.861
-0.562,0.443
-0.491,0.745
-0.593,0.496
-0.521,0.525
-0.754,0.767
-1.132,0.76
-1.16,0.864
-1.415,0.737
-2.843,-2.673
2.443,-3.076
2.071,-3.471
2.263,-3.966
0.513,0.783
-0.748,0.648
-1.773,-1.163
-1.866,-0.95
-2.066,-0.064
-1.937,-2.145
-1.948,-2.972
-1.977,-3.09
-2.119,0.091
-2.135,-3.352
-2.349,-2.639
-2.45,-2.688
-2.452,-2.234
-2.447,-1.465
-2.759,-0.878
-2.764,-2.421
-2.676,-3.566
-2.752,-0.841
-2.83,-3.259
-2.935,-2.952
-2.946,-1.208
-3.073,-1.69
-3.063,-2.512
-3.023,-1.195
-3.041,-2.236
-3.051,-1.345
3.019,0.403
3.138,-0.889
2.988,-1.33
2.986,-2.417
3.06,-2.022
3.003,-1.268
2.509,0.354
2.497,-1.947
2.466,-3.525
2.271,-2.006
2.203,-3.306
1.979,-3.523
1.947,-1.352
2.019,-1.589
1.951,-0.132
1.856,-0.566
1.691,-2.05
1.691,-0.573
1.65,-0.67
1.423,-1.82
1.207,-0.642
1.133,-3.164
1.07,-1.38
1.05,-1.037
0.843,-2.108
0.956,-3.12
0.949,-3.57
0.735,-3.205
0.832,-2.429
0.632,-1.064
0.743,-3.242
0.727,-1.519
0.548,-1.297
0.432,-2.009
0.413,-3.524
0.27,0.217
0.196,-3.558
0.325,-2.304
0.281,-2.568
0.122,-0.591
0.04,-2.576
-0.044,-3.353
-0.244,-0.95
-0.563,-0.734
-0.61,-1.821
-0.5,-0.86
-0.688,-2.276
-0.706,-0.912
-0.787,-0.679
-0.829,-1.128
-0.722,-3.387
-0.876,-1.522
-0.799,-2.51
-0.824,-3.501
-0.889,-2.978
-1.066,-1.27
-1.236,-2.555
-1.524,-2.168
-1.556,-1.053
-1.487,-0.667
-1.519,-1.09
-1.668,-0.964
-1.68,-1.825
-1.736,-1.212
-1.706,-2.271
-1.755,-3.482
-2.077,-3.51
-2.133,-3.627
-2.358,-3.809
-2.296,-3.879
2.298,-3.937
2.19,-3.903
2.037,-3.707
2.053,-3.664
1.831,-3.77
1.36,-3.775
1.278,-3.761
-1.043,-3.8
-1.64,-3.627
-1.783,-3.998
-2.725,0.505
-2.691,0.466
-2.886,0.745
-2.978,0.69
2.88,0.739
2.983,0.64
2.273,0.375
2.429,0.729
2.218,0.689
2.109,0.755
1.43,0.701
0.794,0.704
-0.087,0.534
0.0,0.639
-0.353,0.815
-0.472,0.801
-1.148,0.437
-1.184,0.793
-1.484,0.825
-1.517,0.65
-1.574,0.544
-2.262,-2.694
2.96,-2.034
2.849,-2.273
2.537,-3.042
0.273,-0.493
0.119,-1.934
0.093,-1.714
-0.659,-1.014
-1.43,-3.524
1.797,-0.277
0.473,-1.667
-0.108,-0.852
-0.06,-1.315
-0.478,-2.453
-0.743,-1.678
-0.684,-0.79
-1.029,-2.061
-1.135,-0.769
-1.349,-0.638
-1.383,-0.496
1.266,-1.747
1.138,-0.474
-0.253,-2.768
3.116,-3.648
-0.352,-3.473
-0.709,-3.358
-0.105,1.181
-0.116,1.193
-0.048,0.727
-0.054,3.239
-0.14,1.318
-0.166,0.83
-0.165,2.524
-0.158,0.743
-0.151,2.873
-0.249,2.57
-0.378,2.389
-0.399,2.042
-0.465,1.652
-0.448,2.265
-0.546,1.572
-0.553,1.924
-0.696,0.862
-0.677,1.971
-0.688,0.063
-0.747,2.109
-0.739,0.128
-0.853,1.194
-0.812,-0.456
-0.888,2.155
-0.833,1.695
-0.836,1.305
-0.858,1.492
-0.975,3.29
-1.078,0.42
-1.028,-0.51
-1.175,1.411
-1.2,-0.101
-1.203,1.114
-1.253,0.941
-1.314,0.135
-1.277,-0.141
-1.342,0.564
-1.26,-0.089
-1.335,-0.046
-1.44,-0.112
-1.436,2.365
-1.504,0.005
-1.539,0.032
-1.568,-0.11
-1.636,0.927
-1.628,-0.449
-1.598,-0.303
-1.706,0.925
-1.677,2.194
-1.758,2.366
-1.713,2.071
-1.726,2.385
-1.807,1.72
-1.98,-0.732
-2.116,-0.765
-2.438,-0.493
-2.841,-0.642
-3.03,-0.719
3.061,-0.792
2.855,-0.736
1.838,-0.676
1.398,-0.786
1.307,-0.853
1.155,-0.722
0.656,-0.848
0.586,-0.696
0.472,-0.884
-0.049,-0.729
-0.215,-0.61
-0.291,-0.567
-0.363,-0.724
-1.066,-0.578
-1.254,-0.696
-1.516,-0.756
-1.525,-0.507
-1.59,-0.97
-1.653,-0.509
-2.032,3.787
-2.503,3.835
-2.803,3.799
-3.067,3.958
2.998,3.851
2.982,3.742
2.43,3.905
1.629,3.706
1.184,3.784
1.001,3.994
0.173,3.693
-0.4,3.662
-0.449,3.864
-0.434,3.979
-0.562,3.561
-0.491,3.863
-0.593,3.614
-0.521,3.643
-0.754,3.885
-1.132,3.878
-1.16,3.982
-1.415,3.855
-2.843,0.445
2.443,0.042
2.071,-0.353
2.263,-0.848
0.513,3.901
-0.748,3.766
-1.773,1.955
-1.866,2.168
-2.066,3.054
-1.937,0.973
-1.948,0.146
-1.977,0.028
-2.119,3.209
-2.135,-0.234
-2.349,0.479
-2.45,0.43
-2.452,0.884
-2.447,1.653
-2.759,2.24
-2.764,0.697
-2.676,-0.448
-2.752,2.277
-2.83,-0.141
-2.935,0.166
-2.946,1.91
-3.073,1.428
-3.063,0.606
-3.023,1.923
-3.041,0.882
-3.051,1.773
3.019,3.521
3.138,2.229
2.988,1.788
2.986,0.701
3.06,1.096
3.003,1.85
2.509,3.472
2.497,1.171
2.466,-0.407
2.271,1.112
2.203,-0.188
1.979,-0.405
1.947,1.766
2.019,1.529
1.951,2.986
1.856,2.552
1.691,1.068
1.691,2.545
1.65,2.448
1.423,1.298
1.207,2.476
1.133,-0.046
1.07,1.738
1.05,2.081
0.843,1.01
0.956,-0.002
0.949,-0.452
0.735,-0.087
0.832,0.689
0.632,2.054
0.743,-0.124
0.727,1.599
0.548,1.821
0.432,1.109
0.413,-0.406
0.27,3.335
0.196,-0.44
0.325,0.814
0.281,0.55
0.122,2.527
0.04,0.542
-0.044,-0.235
-0.244,2.168
-0.563,2.384
-0.61,1.297
-0.5,2.258
-0.688,0.842
-0.706,2.206
-0.787,2.439
-0.829,1.99
-0.722,-0.269
-0.876,1.596
-0.799,0.608
-0.824,-0.383
-0.889,0.14
-1.066,1.848
-1.236,0.563
-1.524,0.95
-1.556,2.065
-1.487,2.451
-1.519,2.028
-1.668,2.154
-1.68,1.293
-1.736,1.906
-1.706,0.847
-1.755,-0.364
-2.077,-0.392
-2.133,-0.509
-2.358,-0.691
-2.296,-0.761
2.298,-0.819
2.19,-0.785
2.037,-0.589
2.053,-0.546
1.831,-0.652
1.36,-0.657
1.278,-0.643
-1.043,-0.682
-1.64,-0.509
-1.783,-0.88
-2.725,3.623
-2.691,3.584
-2.886,3.863
-2.978,3.808
2.88,3.857
2.983,3.758
2.273,3.493
2.429,3.847
2.218,3.807
2.109,3.873
1.43,3.819
0.794,3.822
-0.087,3.652
0.0,3.757
-0.353,3.933
-0.472,3.919
-1.148,3.555
-1.184,3.911
-1.484,3.943
-1.517,3.768
-1.574,3.662
-2.262,0.424
2.96,1.084
2.849,0.845
2.537,0.076
0.273,2.625
0.119,1.184
0.093,1.404
-0.659,2.104
-1.43,-0.406
1.797,2.841
0.473,1.451
-0.108,2.266
-0.06,1.803
-0.478,0.665
-0.743,1.44
-0.684,2.328
-1.029,1.057
-1.135,2.349
-1.349,2.48
-1.383,2.622
1.266,1.371
1.138,2.644
-0.253,0.35
3.116,-0.53
-0.352,-0.355
-0.709,-0.24
-0.011,0.012
0.057,-0.454
0.051,2.058
-0.035,0.137
-0.061,-0.351
-0.06,1.343
-0.053,-0.438
-0.046,1.692
-0.144,1.389
-0.273,1.208
-0.294,0.861
-0.36,0.471
-0.343,1.084
-0.441,0.391
-0.448,0.743
-0.591,-0.319
-0.572,0.79
-0.583,-1.118
-0.642,0.928
-0.634,-1.053
-0.748,0.013
-0.707,-1.637
-0.783,0.974
-0.728,0.514
-0.731,0.124
-0.753,0.311
-0.87,2.109
-0.973,-0.761
-0.923,-1.691
-1.07,0.23
-1.095,-1.282
-1.098,-0.067
-1.148,-0.24
-1.209,-1.046
-1.172,-1.322
-1.237,-0.617
-1.155,-1.27
-1.23,-1.227
-1.335,-1.293
-1.331,1.184
-1.399,-1.176
-1.434,-1.149
-1.463,-1.291
-1.531,-0.254
-1.523,-1.63
-1.493,-1.484
-1.601,-0.256
-1.572,1.013
-1.653,1.185
-1.608,0.89
-1.621,1.204
-1.702,0.539
-1.875,-1.913
-2.011,-1.946
-2.333,-1.674
-2.736,-1.823
-2.925,-1.9
-3.117,-1.973
2.96,-1.917
1.943,-1.857
1.503,-1.967
1.412,-2.034
1.26,-1.903
0.761,-2.029
0.691,-1.877
0.577,-2.065
0.056,-1.91
-0.11,-1.791
-0.186,-1.748
-0.258,-1.905
-0.961,-1.759
-1.149,-1.877
-1.411,-1.937
-1.42,-1.688
-1.485,-2.151
-1.548,-1.69
-1.927,2.606
-2.398,2.654
-2.698,2.618
-2.962,2.777
3.103,2.67
3.087,2.561
2.535,2.724
1.734,2.525
1.289,2.603
1.106,2.813
0.278,2.512
-0.295,2.481
-0.344,2.683
-0.329,2.798
-0.457,2.38
-0.386,2.682
-0.488,2.433
-0.416,2.462
-0.649,2.704
-1.027,2.697
-1.055,2.801
-1.31,2.674
-2.738,-0.736
2.548,-1.139
2.176,-1.534
2.368,-2.029
0.618,2.72
-0.643,2.585
-1.668,0.774
-1.761,0.987
-1.961,1.873
-1.832,-0.208
-1.843,-1.035
-1.872,-1.153
-2.014,2.028
-2.03,-1.415
-2.244,-0.702
-2.345,-0.751
-2.347,-0.297
-2.342,0.472
-2.654,1.059
-2.659,-0.484
-2.571,-1.629
-2.647,1.096
-2.725,-1.322
-2.83,-1.015
-2.841,0.729
-2.968,0.247
-2.958,-0.575
-2.918,0.742
-2.936,-0.299
-2.946,0.592
3.124,2.34
-3.04,1.048
3.093,0.607
3.091,-0.48
-3.118,-0.085
3.108,0.669
2.614,2.291
2.602,-0.01
2.571,-1.588
2.376,-0.069
2.308,-1.369
2.084,-1.586
2.052,0.585
2.124,0.348
2.056,1.805
1.961,1.371
1.796,-0.113
1.796,1.364
1.755,1.267
1.528,0.117
1.312,1.295
1.238,-1.227
1.175,0.557
1.155,0.9
0.948,-0.171
1.061,-1.183
1.054,-1.633
0.84,-1.268
0.937,-0.492
0.737,0.873
0.848,-1.305
0.832,0.418
0.653,0.64
0.537,-0.072
0.518,-1.587
0.375,2.154
0.301,-1.621
0.43,-0.367
0.386,-0.631
0.227,1.346
0.145,-0.639
0.061,-1.416
-0.139,0.987
-0.458,1.203
-0.505,0.116
-0.395,1.077
-0.583,-0.339
-0.601,1.025
-0.682,1.258
-0.724,0.809
-0.617,-1.45
-0.771,0.415
-0.694,-0.573
-0.719,-1.564
-0.784,-1.041
-0.961,0.667
-1.131,-0.618
-1.419,-0.231
-1.451,0.884
-1.382,1.27
-1.414,0.847
-1.563,0.973
-1.575,0.112
-1.631,0.725
-1.601,-0.334
-1.65,-1.545
-1.972,-1.573
-2.028,-1.69
-2.253,-1.872
-2.191,-1.942
2.403,-2.0
2.295,-1.966
2.142,-1.77
2.158,-1.727
1.936,-1.833
1.465,-1.838
1.383,-1.824
-0.938,-1.863
-1.535,-1.69
-1.678,-2.061
-2.62,2.442
-2.586,2.403
-2.781,2.682
-2.873,2.627
2.985,2.676
3.088,2.577
2.378,2.312
2.534,2.666
2.323,2.626
2.214,2.692
1.535,2.638
0.899,2.641
0.018,2.471
0.105,2.576
-0.248,2.752
-0.367,2.738
-1.043,2.374
-1.079,2.73
-1.379,2.762
-1.412,2.587
-1.469,2.481
-2.157,-0.757
3.065,-0.097
2.954,-0.336
2.642,-1.105
0.378,1.444
0.224,0.003
0.198,0.223
-0.554,0.923
-1.325,-1.587
1.902,1.66
0.578,0.27
-0.003,1.085
0.045,0.622
-0.373,-0.516
-0.638,0.259
-0.579,1.147
-0.924,-0.124
-1.03,1.168
-1.244,1.299
-1.278,1.441
1.371,0.19
1.243,1.463
-0.148,-0.831
-3.062,-1.711
-0.247,-1.536
-0.604,-1.421
0.068,-0.466
0.062,2.046
-0.024,0.125
-0.05,-0.363
-0.049,1.331
-0.042,-0.45
-0.035,1.68
-0.133,1.377
-0.262,1.196
-0.283,0.849
-0.349,0.459
-0.332,1.072
-0.43,0.379
-0.437,0.731
-0.58,-0.331
-0.561,0.778
-0.572,-1.13
-0.631,0.916
-0.623,-1.065
-0.737,0.001
-0.696,-1.649
-0.772,0.962
-0.717,0.502
-0.72,0.112
-0.742,0.299
-0.859,2.097
-0.962,-0.773
-0.912,-1.703
-1.059,0.218
-1.084,-1.294
-1.087,-0.079
-1.137,-0.252
-1.198,-1.058
-1.161,-1.334
-1.226,-0.629
-1.144,-1.282
-1.219,-1.239
-1.324,-1.305
-1.32,1.172
-1.388,-1.188
-1.423,-1.161
-1.452,-1.303
-1.52,-0.266
-1.512,-1.642
-1.482,-1.496
-1.59,-0.268
-1.561,1.001
-1.642,1.173
-1.597,0.878
-1.61,1.192
-1.691,0.527
-1.864,-1.925
-2.0,-1.958
-2.322,-1.686
-2.725,-1.835
-2.914,-1.912
-3.106,-1.985
2.971,-1.929
1.954,-1.869
1.514,-1.979
1.423,-2.046
1.271,-1.915
0.772,-2.041
0.702,-1.889
0.588,-2.077
0.067,-1.922
-0.099,-1.803
-0.175,-1.76
-0.247,-1.917
-0.95,-1.771
-1.138,-1.889
-1.4,-1.949
-1.409,-1.7
-1.474,-2.163
-1.537,-1.702
-1.916,2.594
-2.387,2.642
-2.687,2.606
-2.951,2.765
3.114,2.658
3.098,2.549
2.546,2.712
1.745,2.513
1.3,2.591
1.117,2.801
0.289,2.5
-0.284,2.469
-0.333,2.671
-0.318,2.786
-0.446,2.368
-0.375,2.67
-0.477,2.421
-0.405,2.45
-0.638,2.692
-1.016,2.685
-1.044,2.789
-1.299,2.662
-2.727,-0.748
2.559,-1.151
2.187,-1.546
2.379,-2.041
0.629,2.708
-0.632,2.573
-1.657,0.762
-1.75,0.975
-1.95,1.861
-1.821,-0.22
-1.832,-1.047
-1.861,-1.165
-2.003,2.016
-2.019,-1.427
-2.233,-0.714
-2.334,-0.763
-2.336,-0.309
-2.331,0.46
-2.643,1.047
-2.648,-0.496
-2.56,-1.641
-2.636,1.084
-2.714,-1.334
-2.819,-1.027
-2.83,0.717
-2.957,0.235
-2.947,-0.587
-2.907,0.73
-2.925,-0.311
-2.935,0.58
3.135,2.328
-3.029,1.036
3.104,0.595
3.102,-0.492
-3.107,-0.097
3.119,0.657
2.625,2.279
2.613,-0.022
2.582,-1.6
2.387,-0.081
2.319,-1.381
2.095,-1.598
2.063,0.573
2.135,0.336
2.067,1.793
1.972,1.359
1.807,-0.125
1.807,1.352
1.766,1.255
1.539,0.105
1.323,1.283
1.249,-1.239
1.186,0.545
1.166,0.888
0.959,-0.183
1.072,-1.195
1.065,-1.645
0.851,-1.28
0.948,-0.504
0.748,0.861
0.859,-1.317
0.843,0.406
0.664,0.628
0.548,-0.084
0.529,-1.599
0.386,2.142
0.312,-1.633
0.441,-0.379
0.397,-0.643
0.238,1.334
0.156,-0.651
0.072,-1.428
-0.128,0.975
-0.447,1.191
-0.494,0.104
-0.384,1.065
-0.572,-0.351
-0.59,1.013
-0.671,1.246
-0.713,0.797
-0.606,-1.462
-0.76,0.403
-0.683,-0.585
-0.708,-1.576
-0.773,-1.053
-0.95,0.655
-1.12,-0.63
-1.408,-0.243
-1.44,0.872
-1.371,1.258
-1.403,0.835
-1.552,0.961
-1.564,0.1
-1.62,0.713
-1.59,-0.346
-1.639,-1.557
-1.961,-1.585
-2.017,-1.702
-2.242,-1.884
-2.18,-1.954
2.414,-2.012
2.306,-1.978
2.153,-1.782
2.169,-1.739
1.947,-1.845
1.476,-1.85
1.394,-1.836
-0.927,-1.875
-1.524,-1.702
-1.667,-2.073
-2.609,2.43
-2.575,2.391
-2.77,2.67
-2.862,2.615
2.996,2.664
3.099,2.565
2.389,2.3
2.545,2.654
2.334,2.614
2.225,2.68
1.546,2.626
0.91,2.629
0.029,2.459
0.116,2.564
-0.237,2.74
-0.356,2.726
-1.032,2.362
-1.068,2.718
-1.368,2.75
-1.401,2.575
-1.458,2.469
-2.146,-0.769
3.076,-0.109
2.965,-0.348
2.653,-1.117
0.389,1.432
0.235,-0.009
0.209,0.211
-0.543,0.911
-1.314,-1.599
1.913,1.648
0.589,0.258
0.008,1.073
0.056,0.61
-0.362,-0.528
-0.627,0.247
-0.568,1.135
-0.913,-0.136
-1.019,1.156
-1.233,1.287
-1.267,1.429
1.382,0.178
1.254,1.451
-0.137,-0.843
-3.051,-1.723
-0.236,-1.548
-0.593,-1.433
-0.006,2.512
-0.092,0.591
-0.118,0.103
-0.117,1.797
-0.11,0.016
-0.103,2.146
-0.201,1.843
-0.33,1.662
-0.351,1.315
-0.417,0.925
-0.4,1.538
-0.498,0.845
-0.505,1.197
-0.648,0.135
-0.629,1.244
-0.64,-0.664
-0.699,1.382
-0.691,-0.599
-0.805,0.467
-0.764,-1.183
-0.84,1.428
-0.785,0.968
-0.788,0.578
-0.81,0.765
-0.927,2.563
-1.03,-0.307
-0.98,-1.237
-1.127,0.684
-1.152,-0.828
-1.155,0.387
-1.205,0.214
-1.266,-0.592
-1.229,-0.868
-1.294,-0.163
-1.212,-0.816
-1.287,-0.773
-1.392,-0.839
-1.388,1.638
-1.456,-0.722
-1.491,-0.695
-1.52,-0.837
-1.588,0.2
-1.58,-1.176
-1.55,-1.03
-1.658,0.198
-1.629,1.467
-1.71,1.639
-1.665,1.344
-1.678,1.658
-1.759,0.993
-1.932,-1.459
-2.068,-1.492
-2.39,-1.22
-2.793,-1.369
-2.982,-1.446
3.109,-1.519
2.903,-1.463
1.886,-1.403
1.446,-1.513
1.355,-1.58
1.203,-1.449
0.704,-1.575
0.634,-1.423
0.52,-1.611
-0.001,-1.456
-0.167,-1.337
-0.243,-1.294
-0.315,-1.451
-1.018,-1.305
-1.206,-1.423
-1.468,-1.483
-1.477,-1.234
-1.542,-1.697
-1.605,-1.236
-1.984,3.06
-2.455,3.108
-2.755,3.072
-3.019,3.231
3.046,3.124
3.03,3.015
2.478,3.178
1.677,2.979
1.232,3.057
1.049,3.267
0.221,2.966
-0.352,2.935
-0.401,3.137
-0.386,3.252
-0.514,2.834
-0.443,3.136
-0.545,2.887
-0.473,2.916
-0.706,3.158
-1.084,3.151
-1.112,3.255
-1.367,3.128
-2.795,-0.282
2.491,-0.685
2.119,-1.08
2.311,-1.575
0.561,3.174
-0.7,3.039
-1.725,1.228
-1.818,1.441
-2.018,2.327
-1.889,0.246
-1.9,-0.581
-1.929,-0.699
-2.071,2.482
-2.087,-0.961
-2.301,-0.248
-2.402,-0.297
-2.404,0.157
-2.399,0.926
-2.711,1.513
-2.716,-0.03
-2.628,-1.175
-2.704,1.55
-2.782,-0.868
-2.887,-0.561
-2.898,1.183
-3.025,0.701
-3.015,-0.121
-2.975,1.196
-2.993,0.155
-3.003,1.046
3.067,2.794
-3.097,1.502
3.036,1.061
3.034,-0.026
3.108,0.369
3.051,1.123
2.557,2.745
2.545,0.444
2.514,-1.134
2.319,0.385
2.251,-0.915
2.027,-1.132
1.995,1.039
2.067,0.802
1.999,2.259
1.904,1.825
1.739,0.341
1.739,1.818
1.698,1.721
1.471,0.571
1.255,1.749
1.181,-0.773
1.118,1.011
1.098,1.354
0.891,0.283
1.004,-0.729
0.997,-1.179
0.783,-0.814
0.88,-0.038
0.68,1.327
0.791,-0.851
0.775,0.872
0.596,1.094
0.48,0.382
0.461,-1.133
0.318,2.608
0.244,-1.167
0.373,0.087
0.329,-0.177
0.17,1.8
0.088,-0.185
0.004,-0.962
-0.196,1.441
-0.515,1.657
-0.562,0.57
-0.452,1.531
-0.64,0.115
-0.658,1.479
-0.739,1.712
-0.781,1.263
-0.674,-0.996
-0.828,0.869
-0.751,-0.119
-0.776,-1.11
-0.841,-0.587
-1.018,1.121
-1.188,-0.164
-1.476,0.223
-1.508,1.338
-1.439,1.724
-1.471,1.301
-1.62,1.427
-1.632,0.566
-1.688,1.179
-1.658,0.12
-1.707,-1.091
-2.029,-1.119
-2.085,-1.236
-2.31,-1.418
-2.248,-1.488
2.346,-1.546
2.238,-1.512
2.085,-1.316
2.101,-1.273
1.879,-1.379
1.408,-1.384
1.326,-1.37
-0.995,-1.409
-1.592,-1.236
-1.735,-1.607
-2.677,2.896
-2.643,2.857
-2.838,3.136
-2.93,3.081
2.928,3.13
3.031,3.031
2.321,2.766
2.477,3.12
2.266,3.08
2.157,3.146
1.478,3.092
0.842,3.095
-0.039,2.925
0.048,3.03
-0.305,3.206
-0.424,3.192
-1.1,2.828
-1.136,3.184
-1.436,3.216
-1.469,3.041
-1.526,2.935
-2.214,-0.303
3.008,0.357
2.897,0.118
2.585,-0.651
0.321,1.898
0.167,0.457
0.141,0.677
-0.611,1.377
-1.382,-1.133
1.845,2.114
0.521,0.724
-0.06,1.539
-0.012,1.076
-0.43,-0.062
-0.695,0.713
-0.636,1.601
-0.981,0.33
-1.087,1.622
-1.301,1.753
-1.335,1.895
1.314,0.644
1.186,1.917
-0.205,-0.377
-3.119,-1.257
-0.304,-1.082
-0.661,-0.967
-0.086,-1.921
-0.112,-2.409
-0.111,-0.715
-0.104,-2.496
-0.097,-0.366
-0.195,-0.669
-0.324,-0.85
-0.345,-1.197
-0.411,-1.587
-0.394,-0.974
-0.492,-1.667
-0.499,-1.315
-0.642,-2.377
-0.623,-1.268
-0.634,-3.176
-0.693,-1.13
-0.685,-3.111
-0.799,-2.045
-0.758,-3.695
-0.834,-1.084
-0.779,-1.544
-0.782,-1.934
-0.804,-1.747
-0.921,0.051
-1.024,-2.819
-0.974,-3.749
-1.121,-1.828
-1.146,-3.34
-1.149,-2.125
-1.199,-2.298
-1.26,-3.104
-1.223,-3.38
-1.288,-2.675
-1.206,-3.328
-1.281,-3.285
-1.386,-3.351
-1.382,-0.874
-1.45,-3.234
-1.485,-3.207
-1.514,-3.349
-1.582,-2.312
-1.574,-3.688
-1.544,-3.542
-1.652,-2.314
-1.623,-1.045
-1.704,-0.873
-1.659,-1.168
-1.672,-0.854
-1.753,-1.519
-1.926,-3.971
-2.062,-4.004
-2.384,-3.732
-2.787,-3.881
-2.976,-3.958
3.115,-4.031
2.909,-3.975
1.892,-3.915
1.452,-4.025
1.361,-4.092
1.209,-3.961
0.71,-4.087
0.64,-3.935
0.526,-4.123
0.005,-3.968
-0.161,-3.849
-0.237,-3.806
-0.309,-3.963
-1.012,-3.817
-1.2,-3.935
-1.462,-3.995
-1.471,-3.746
-1.536,-4.209
-1.599,-3.748
-1.978,0.548
-2.449,0.596
-2.749,0.56
-3.013,0.719
3.052,0.612
3.036,0.503
2.484,0.666
1.683,0.467
1.238,0.545
1.055,0.755
0.227,0.454
-0.346,0.423
-0.395,0.625
-0.38,0.74
-0.508,0.322
-0.437,0.624
-0.539,0.375
-0.467,0.404
-0.7,0.646
-1.078,0.639
-1.106,0.743
-1.361,0.616
-2.789,-2.794
2.497,-3.197
2.125,-3.592
2.317,-4.087
0.567,0.662
-0.694,0.527
-1.719,-1.284
-1.812,-1.071
-2.012,-0.185
-1.883,-2.266
-1.894,-3.093
-1.923,-3.211
-2.065,-0.03
-2.081,-3.473
-2.295,-2.76
-2.396,-2.809
-2.398,-2.355
-2.393,-1.586
-2.705,-0.999
-2.71,-2.542
-2.622,-3.687
-2.698,-0.962
-2.776,-3.38
-2.881,-3.073
-2.892,-1.329
-3.019,-1.811
-3.009,-2.633
-2.969,-1.316
-2.987,-2.357
-2.997,-1.466
3.073,0.282
-3.091,-1.01
3.042,-1.451
3.04,-2.538
3.114,-2.143
3.057,-1.389
2.563,0.233
2.551,-2.068
2.52,-3.646
2.325,-2.127
2.257,-3.427
2.033,-3.644
2.001,-1.473
2.073,-1.71
2.005,-0.253
1.91,-0.687
1.745,-2.171
1.745,-0.694
1.704,-0.791
1.477,-1.941
1.261,-0.763
1.187,-3.285
1.124,-1.501
1.104,-1.158
0.897,-2.229
1.01,-3.241
1.003,-3.691
0.789,-3.326
0.886,-2.55
0.686,-1.185
0.797,-3.363
0.781,-1.64
0.602,-1.418
0.486,-2.13
0.467,-3.645
0.324,0.096
0.25,-3.679
0.379,-2.425
0.335,-2.689
0.176,-0.712
0.094,-2.697
0.01,-3.474
-0.19,-1.071
-0.509,-0.855
-0.556,-1.942
-0.446,-0.981
-0.634,-2.397
-0.652,-1.033
-0.733,-0.8
-0.775,-1.249
-0.668,-3.508
-0.822,-1.643
-0.745,-2.631
-0.77,-3.622
-0.835,-3.099
-1.012,-1.391
-1.182,-2.676
-1.47,-2.289
-1.502,-1.174
-1.433,-0.788
-1.465,-1.211
-1.614,-1.085
-1.626,-1.946
-1.682,-1.333
-1.652,-2.392
-1.701,-3.603
-2.023,-3.631
-2.079,-3.748
-2.304,-3.93
-2.242,-4.0
2.352,-4.058
2.244,-4.024
2.091,-3.828
2.107,-3.785
1.885,-3.891
1.414,-3.896
1.332,-3.882
-0.989,-3.921
-1.586,-3.748
-1.729,-4.119
-2.671,0.384
-2.637,0.345
-2.832,0.624
-2.924,0.569
2.934,0.618
3.037,0.519
2.327,0.254
2.483,0.608
2.272,0.568
2.163,0.634
1.484,0.58
0.848,0.583
-0.033,0.413
0.054,0.518
-0.299,0.694
-0.418,0.68
-1.094,0.316
-1.13,0.672
-1.43,0.704
-1.463,0.529
-1.52,0.423
-2.208,-2.815
3.014,-2.155
2.903,-2.394
2.591,-3.163
0.327,-0.614
0.173,-2.055
0.147,-1.835
-0.605,-1.135
-1.376,-3.645
1.851,-0.398
0.527,-1.788
-0.054,-0.973
-0.006,-1.436
-0.424,-2.574
-0.689,-1.799
-0.63,-0.911
-0.975,-2.182
-1.081,-0.89
-1.295,-0.759
-1.329,-0.617
1.32,-1.868
1.192,-0.595
-0.199,-2.889
-3.113,-3.769
-0.298,-3.594
-0.655,-3.479
-0.026,-0.488
-0.025,1.206
-0.018,-0.575
-0.011,1.555
-0.109,1.252
-0.238,1.071
-0.259,0.724
-0.325,0.334
-0.308,0.947
-0.406,0.254
-0.413,0.606
-0.556,-0.456
-0.537,0.653
-0.548,-1.255
-0.607,0.791
-0.599,-1.19
-0.713,-0.124
-0.672,-1.774
-0.748,0.837
-0.693,0.377
-0.696,-0.013
-0.718,0.174
-0.835,1.972
-0.938,-0.898
-0.888,-1.828
-1.035,0.093
-1.06,-1.419
-1.063,-0.204
-1.113,-0.377
-1.174,-1.183
-1.137,-1.459
-1.202,-0.754
-1.12,-1.407
-1.195,-1.364
-1.3,-1.43
-1.296,1.047
-1.364,-1.313
-1.399,-1.286
-1.428,-1.428
-1.496,-0.391
-1.488,-1.767
-1.458,-1.621
-1.566,-0.393
-1.537,0.876
-1.618,1.048
-1.573,0.753
-1.586,1.067
-1.667,0.402
-1.84,-2.05
-1.976,-2.083
-2.298,-1.811
-2.701,-1.96
-2.89,-2.037
-3.082,-2.11
2.995,-2.054
1.978,-1.994
1.538,-2.104
1.447,-2.171
1.295,-2.04
0.796,-2.166
0.726,-2.014
0.612,-2.202
0.091,-2.047
-0.075,-1.928
-0.151,-1.885
-0.223,-2.042
-0.926,-1.896
-1.114,-2.014
-1.376,-2.074
-1.385,-1.825
-1.45,-2.288
-1.513,-1.827
-1.892,2.469
-2.363,2.517
-2.663,2.481
-2.927,2.64
3.138,2.533
3.122,2.424
2.57,2.587
1.769,2.388
1.324,2.466
1.141,2.676
0.313,2.375
-0.26,2.344
-0.309,2.546
-0.294,2.661
-0.422,2.243
-0.351,2.545
-0.453,2.296
-0.381,2.325
-0.614,2.567
-0.992,2.56
-1.02,2.664
-1.275,2.537
-2.703,-0.873
2.583,-1.276
2.211,-1.671
2.403,-2.166
0.653,2.583
-0.608,2.448
-1.633,0.637
-1.726,0.85
-1.926,1.736
-1.797,-0.345
-1.808,-1.172
-1.837,-1.29
-1.979,1.891
-1.995,-1.552
-2.209,-0.839
-2.31,-0.888
-2.312,-0.434
-2.307,0.335
-2.619,0.922
-2.624,-0.621
-2.536,-1.766
-2.612,0.959
-2.69,-1.459
-2.795,-1.152
-2.806,0.592
-2.933,0.11
-2.923,-0.712
-2.883,0.605
-2.901,-0.436
-2.911,0.455
-3.124,2.203
-3.005,0.911
3.128,0.47
3.126,-0.617
-3.083,-0.222
-3.14,0.532
2.649,2.154
2.637,-0.147
2.606,-1.725
2.411,-0.206
2.343,-1.506
2.119,-1.723
2.087,0.448
2.159,0.211
2.091,1.668
1.996,1.234
1.831,-0.25
1.831,1.227
1.79,1.13
1.563,-0.02
1.347,1.158
1.273,-1.364
1.21,0.42
1.19,0.763
0.983,-0.308
1.096,-1.32
1.089,-1.77
0.875,-1.405
0.972,-0.629
0.772,0.736
0.883,-1.442
0.867,0.281
0.688,0.503
0.572,-0.209
0.553,-1.724
0.41,2.017
0.336,-1.758
0.465,-0.504
0.421,-0.768
0.262,1.209
0.18,-0.776
0.096,-1.553
-0.104,0.85
-0.423,1.066
-0.47,-0.021
-0.36,0.94
-0.548,-0.476
-0.566,0.888
-0.647,1.121
-0.689,0.672
-0.582,-1.587
-0.736,0.278
-0.659,-0.71
-0.684,-1.701
-0.749,-1.178
-0.926,0.53
-1.096,-0.755
-1.384,-0.368
-1.416,0.747
-1.347,1.133
-1.379,0.71
-1.528,0.836
-1.54,-0.025
-1.596,0.588
-1.566,-0.471
-1.615,-1.682
-1.937,-1.71
-1.993,-1.827
-2.218,-2.009
-2.156,-2.079
2.438,-2.137
2.33,-2.103
2.177,-1.907
2.193,-1.864
1.971,-1.97
1.5,-1.975
1.418,-1.961
-0.903,-2.0
-1.5,-1.827
-1.643,-2.198
-2.585,2.305
-2.551,2.266
-2.746,2.545
-2.838,2.49
3.02,2.539
3.123,2.44
2.413,2.175
2.569,2.529
2.358,2.489
2.249,2.555
1.57,2.501
0.934,2.504
0.053,2.334
0.14,2.439
-0.213,2.615
-0.332,2.601
-1.008,2.237
-1.044,2.593
-1.344,2.625
-1.377,2.45
-1.434,2.344
-2.122,-0.894
3.1,-0.234
2.989,-0.473
2.677,-1.242
0.413,1.307
0.259,-0.134
0.233,0.086
-0.519,0.786
-1.29,-1.724
1.937,1.523
0.613,0.133
0.032,0.948
0.08,0.485
-0.338,-0.653
-0.603,0.122
-0.544,1.01
-0.889,-0.261
-0.995,1.031
-1.209,1.162
-1.243,1.304
1.406,0.053
1.278,1.326
-0.113,-0.968
-3.027,-1.848
-0.212,-1.673
-0.569,-1.558
0.001,1.694
0.008,-0.087
0.015,2.043
-0.083,1.74
-0.212,1.559
-0.233,1.212
-0.299,0.822
-0.282,1.435
-0.38,0.742
-0.387,1.094
-0.53,0.032
-0.511,1.141
-0.522,-0.767
-0.581,1.279
-0.573,-0.702
-0.687,0.364
-0.646,-1.286
-0.722,1.325
-0.667,0.865
-0.67,0.475
-0.692,0.662
-0.809,2.46
-0.912,-0.41
-0.862,-1.34
-1.009,0.581
-1.034,-0.931
-1.037,0.284
-1.087,0.111
-1.148,-0.695
-1.111,-0.971
-1.176,-0.266
-1.094,-0.919
-1.169,-0.876
-1.274,-0.942
-1.27,1.535
-1.338,-0.825
-1.373,-0.798
-1.402,-0.94
-1.47,0.097
-1.462,-1.279
-1.432,-1.133
-1.54,0.095
-1.511,1.364
-1.592,1.536
-1.547,1.241
-1.56,1.555
-1.641,0.89
-1.814,-1.562
-1.95,-1.595
-2.272,-1.323
-2.675,-1.472
-2.864,-1.549
-3.056,-1.622
3.021,-1.566
2.004,-1.506
1.564,-1.616
1.473,-1.683
1.321,-1.552
0.822,-1.678
0.752,-1.526
0.638,-1.714
0.117,-1.559
-0.049,-1.44
-0.125,-1.397
-0.197,-1.554
-0.9,-1.408
-1.088,-1.526
-1.35,-1.586
-1.359,-1.337
-1.424,-1.8
-1.487,-1.339
-1.866,2.957
-2.337,3.005
-2.637,2.969
-2.901,3.128
-3.119,3.021
-3.135,2.912
2.596,3.075
1.795,2.876
1.35,2.954
1.167,3.164
0.339,2.863
-0.234,2.832
-0.283,3.034
-0.268,3.149
-0.396,2.731
-0.325,3.033
-0.427,2.784
-0.355,2.813
-0.588,3.055
-0.966,3.048
-0.994,3.152
-1.249,3.025
-2.677,-0.385
2.609,-0.788
2.237,-1.183
2.429,-1.678
0.679,3.071
-0.582,2.936
-1.607,1.125
-1.7,1.338
-1.9,2.224
-1.771,0.143
-1.782,-0.684
-1.811,-0.802
-1.953,2.379
-1.969,-1.064
-2.183,-0.351
-2.284,-0.4
-2.286,0.054
-2.281,0.823
-2.593,1.41
-2.598,-0.133
-2.51,-1.278
-2.586,1.447
-2.664,-0.971
-2.769,-0.664
-2.78,1.08
-2.907,0.598
-2.897,-0.224
-2.857,1.093
-2.875,0.052
-2.885,0.943
-3.098,2.691
-2.979,1.399
-3.129,0.958
-3.131,-0.129
-3.057,0.266
-3.114,1.02
2.675,2.642
2.663,0.341
2.632,-1.237
2.437,0.282
2.369,-1.018
2.145,-1.235
2.113,0.936
2.185,0.699
2.117,2.156
2.022,1.722
1.857,0.238
1.857,1.715
1.816,1.618
1.589,0.468
1.373,1.646
1.299,-0.876
1.236,0.908
1.216,1.251
1.009,0.18
1.122,-0.832
1.115,-1.282
0.901,-0.917
0.998,-0.141
0.798,1.224
0.909,-0.954
0.893,0.769
0.714,0.991
0.598,0.279
0.579,-1.236
0.436,2.505
0.362,-1.27
0.491,-0.016
0.447,-0.28
0.288,1.697
0.206,-0.288
0.122,-1.065
-0.078,1.338
-0.397,1.554
-0.444,0.467
-0.334,1.428
-0.522,0.012
-0.54,1.376
-0.621,1.609
-0.663,1.16
-0.556,-1.099
-0.71,0.766
-0.633,-0.222
-0.658,-1.213
-0.723,-0.69
-0.9,1.018
-1.07,-0.267
-1.358,0.12
-1.39,1.235
-1.321,1.621
-1.353,1.198
-1.502,1.324
-1.514,0.463
-1.57,1.076
-1.54,0.017
-1.589,-1.194
-1.911,-1.222
-1.967,-1.339
-2.192,-1.521
-2.13,-1.591
2.464,-1.649
2.356,-1.615
2.203,-1.419
2.219,-1.376
1.997,-1.482
1.526,-1.487
1.444,-1.473
-0.877,-1.512
-1.474,-1.339
-1.617,-1.71
-2.559,2.793
-2.525,2.754
-2.72,3.033
-2.812,2.978
3.046,3.027
-3.134,2.928
2.439,2.663
2.595,3.017
2.384,2.977
2.275,3.043
1.596,2.989
0.96,2.992
0.079,2.822
0.166,2.927
-0.187,3.103
-0.306,3.089
-0.982,2.725
-1.018,3.081
-1.318,3.113
-1.351,2.938
-1.408,2.832
-2.096,-0.406
3.126,0.254
3.015,0.015
2.703,-0.754
0.439,1.795
0.285,0.354
0.259,0.574
-0.493,1.274
-1.264,-1.236
1.963,2.011
0.639,0.621
0.058,1.436
0.106,0.973
-0.312,-0.165
-0.577,0.61
-0.518,1.498
-0.863,0.227
-0.969,1.519
-1.183,1.65
-1.217,1.792
1.432,0.541
1.304,1.814
-0.087,-0.48
-3.001,-1.36
-0.186,-1.185
-0.543,-1.07
0.007,-1.781
0.014,0.349
-0.084,0.046
-0.213,-0.135
-0.234,-0.482
-0.3,-0.872
-0.283,-0.259
-0.381,-0.952
-0.388,-0.6
-0.531,-1.662
-0.512,-0.553
-0.523,-2.461
-0.582,-0.415
-0.574,-2.396
-0.688,-1.33
-0.647,-2.98
-0.723,-0.369
-0.668,-0.829
-0.671,-1.219
-0.693,-1.032
-0.81,0.766
-0.913,-2.104
-0.863,-3.034
-1.01,-1.113
-1.035,-2.625
-1.038,-1.41
-1.088,-1.583
-1.149,-2.389
-1.112,-2.665
-1.177,-1.96
-1.095,-2.613
-1.17,-2.57
-1.275,-2.636
-1.271,-0.159
-1.339,-2.519
-1.374,-2.492
-1.403,-2.634
-1.471,-1.597
-1.463,-2.973
-1.433,-2.827
-1.541,-1.599
-1.512,-0.33
-1.593,-0.158
-1.548,-0.453
-1.561,-0.139
-1.642,-0.804
-1.815,-3.256
-1.951,-3.289
-2.273,-3.017
-2.676,-3.166
-2.865,-3.243
-3.057,-3.316
3.02,-3.26
2.003,-3.2
1.563,-3.31
1.472,-3.377
1.32,-3.246
0.821,-3.372
0.751,-3.22
0.637,-3.408
0.116,-3.253
-0.05,-3.134
-0.126,-3.091
-0.198,-3.248
-0.901,-3.102
-1.089,-3.22
-1.351,-3.28
-1.36,-3.031
-1.425,-3.494
-1.488,-3.033
-1.867,1.263
-2.338,1.311
-2.638,1.275
-2.902,1.434
-3.12,1.327
-3.136,1.218
2.595,1.381
1.794,1.182
1.349,1.26
1.166,1.47
0.338,1.169
-0.235,1.138
-0.284,1.34
-0.269,1.455
-0.397,1.037
-0.326,1.339
-0.428,1.09
-0.356,1.119
-0.589,1.361
-0.967,1.354
-0.995,1.458
-1.25,1.331
-2.678,-2.079
2.608,-2.482
2.236,-2.877
2.428,-3.372
0.678,1.377
-0.583,1.242
-1.608,-0.569
-1.701,-0.356
-1.901,0.53
-1.772,-1.551
-1.783,-2.378
-1.812,-2.496
-1.954,0.685
-1.97,-2.758
-2.184,-2.045
-2.285,-2.094
-2.287,-1.64
-2.282,-0.871
-2.594,-0.284
-2.599,-1.827
-2.511,-2.972
-2.587,-0.247
-2.665,-2.665
-2.77,-2.358
-2.781,-0.614
-2.908,-1.096
-2.898,-1.918
-2.858,-0.601
-2.876,-1.642
-2.886,-0.751
-3.099,0.997
-2.98,-0.295
-3.13,-0.736
-3.132,-1.823
-3.058,-1.428
-3.115,-0.674
2.674,0.948
2.662,-1.353
2.631,-2.931
2.436,-1.412
2.368,-2.712
2.144,-2.929
2.112,-0.758
2.184,-0.995
2.116,0.462
2.021,0.028
1.856,-1.456
1.856,0.021
1.815,-0.076
1.588,-1.226
1.372,-0.048
1.298,-2.57
1.235,-0.786
1.215,-0.443
1.008,-1.514
1.121,-2.526
1.114,-2.976
0.9,-2.611
0.997,-1.835
0.797,-0.47
0.908,-2.648
0.892,-0.925
0.713,-0.703
0.597,-1.415
0.578,-2.93
0.435,0.811
0.361,-2.964
0.49,-1.71
0.446,-1.974
0.287,0.003
0.205,-1.982
0.121,-2.759
-0.079,-0.356
-0.398,-0.14
-0.445,-1.227
-0.335,-0.266
-0.523,-1.682
-0.541,-0.318
-0.622,-0.085
-0.664,-0.534
-0.557,-2.793
-0.711,-0.928
-0.634,-1.916
-0.659,-2.907
-0.724,-2.384
-0.901,-0.676
-1.071,-1.961
-1.359,-1.574
-1.391,-0.459
-1.322,-0.073
-1.354,-0.496
-1.503,-0.37
-1.515,-1.231
-1.571,-0.618
-1.541,-1.677
-1.59,-2.888
-1.912,-2.916
-1.968,-3.033
-2.193,-3.215
-2.131,-3.285
2.463,-3.343
2.355,-3.309
2.202,-3.113
2.218,-3.07
1.996,-3.176
1.525,-3.181
1.443,-3.167
-0.878,-3.206
-1.475,-3.033
-1.618,-3.404
-2.56,1.099
-2.526,1.06
-2.721,1.339
-2.813,1.284
3.045,1.333
-3.135,1.234
2.438,0.969
2.594,1.323
2.383,1.283
2.274,1.349
1.595,1.295
0.959,1.298
0.078,1.128
0.165,1.233
-0.188,1.409
-0.307,1.395
-0.983,1.031
-1.019,1.387
-1.319,1.419
-1.352,1.244
-1.409,1.138
-2.097,-2.1
3.125,-1.44
3.014,-1.679
2.702,-2.448
0.438,0.101
0.284,-1.34
0.258,-1.12
-0.494,-0.42
-1.265,-2.93
1.962,0.317
0.638,-1.073
0.057,-0.258
0.105,-0.721
-0.313,-1.859
-0.578,-1.084
-0.519,-0.196
-0.864,-1.467
-0.97,-0.175
-1.184,-0.044
-1.218,0.098
1.431,-1.153
1.303,0.12
-0.088,-2.174
-3.002,-3.054
-0.187,-2.879
-0.544,-2.764
0.007,2.13
-0.091,1.827
-0.22,1.646
-0.241,1.299
-0.307,0.909
-0.29,1.522
-0.388,0.829
-0.395,1.181
-0.538,0.119
-0.519,1.228
-0.53,-0.68
-0.589,1.366
-0.581,-0.615
-0.695,0.451
-0.654,-1.199
-0.73,1.412
-0.675,0.952
-0.678,0.562
-0.7,0.749
-0.817,2.547
-0.92,-0.323
-0.87,-1.253
-1.017,0.668
-1.042,-0.844
-1.045,0.371
-1.095,0.198
-1.156,-0.608
-1.119,-0.884
-1.184,-0.179
-1.102,-0.832
-1.177,-0.789
-1.282,-0.855
-1.278,1.622
-1.346,-0.738
-1.381,-0.711
-1.41,-0.853
-1.478,0.184
-1.47,-1.192
-1.44,-1.046
-1.548,0.182
-1.519,1.451
-1.6,1.623
-1.555,1.328
-1.568,1.642
-1.649,0.977
-1.822,-1.475
-1.958,-1.508
-2.28,-1.236
-2.683,-1.385
-2.872,-1.462
-3.064,-1.535
3.013,-1.479
1.996,-1.419
1.556,-1.529
1.465,-1.596
1.313,-1.465
0.814,-1.591
0.744,-1.439
0.63,-1.627
0.109,-1.472
-0.057,-1.353
-0.133,-1.31
-0.205,-1.467
-0.908,-1.321
-1.096,-1.439
-1.358,-1.499
-1.367,-1.25
-1.432,-1.713
-1.495,-1.252
-1.874,3.044
-2.345,3.092
-2.645,3.056
-2.909,3.215
-3.127,3.108
3.14,2.999
2.588,3.162
1.787,2.963
1.342,3.041
1.159,3.251
0.331,2.95
-0.242,2.919
-0.291,3.121
-0.276,3.236
-0.404,2.818
-0.333,3.12
-0.435,2.871
-0.363,2.9
-0.596,3.142
-0.974,3.135
-1.002,3.239
-1.257,3.112
-2.685,-0.298
2.601,-0.701
2.229,-1.096
2.421,-1.591
0.671,3.158
-0.59,3.023
-1.615,1.212
-1.708,1.425
-1.908,2.311
-1.779,0.23
-1.79,-0.597
-1.819,-0.715
-1.961,2.466
-1.977,-0.977
-2.191,-0.264
-2.292,-0.313
-2.294,0.141
-2.289,0.91
-2.601,1.497
-2.606,-0.046
-2.518,-1.191
-2.594,1.534
-2.672,-0.884
-2.777,-0.577
-2.788,1.167
-2.915,0.685
-2.905,-0.137
-2.865,1.18
-2.883,0.139
-2.893,1.03
-3.106,2.778
-2.987,1.486
-3.137,1.045
-3.139,-0.042
-3.065,0.353
-3.122,1.107
2.667,2.729
2.655,0.428
2.624,-1.15
2.429,0.369
2.361,-0.931
2.137,-1.148
2.105,1.023
2.177,0.786
2.109,2.243
2.014,1.809
1.849,0.325
1.849,1.802
1.808,1.705
1.581,0.555
1.365,1.733
1.291,-0.789
1.228,0.995
1.208,1.338
1.001,0.267
1.114,-0.745
1.107,-1.195
0.893,-0.83
0.99,-0.054
0.79,1.311
0.901,-0.867
0.885,0.856
0.706,1.078
0.59,0.366
0.571,-1.149
0.428,2.592
0.354,-1.183
0.483,0.071
0.439,-0.193
0.28,1.784
0.198,-0.201
0.114,-0.978
-0.086,1.425
-0.405,1.641
-0.452,0.554
-0.342,1.515
-0.53,0.099
-0.548,1.463
-0.629,1.696
-0.671,1.247
-0.564,-1.012
-0.718,0.853
-0.641,-0.135
-0.666,-1.126
-0.731,-0.603
-0.908,1.105
-1.078,-0.18
-1.366,0.207
-1.398,1.322
-1.329,1.708
-1.361,1.285
-1.51,1.411
-1.522,0.55
-1.578,1.163
-1.548,0.104
-1.597,-1.107
-1.919,-1.135
-1.975,-1.252
-2.2,-1.434
-2.138,-1.504
2.456,-1.562
2.348,-1.528
2.195,-1.332
2.211,-1.289
1.989,-1.395
1.518,-1.4
1.436,-1.386
-0.885,-1.425
-1.482,-1.252
-1.625,-1.623
-2.567,2.88
-2.533,2.841
-2.728,3.12
-2.82,3.065
3.038,3.114
3.141,3.015
2.431,2.75
2.587,3.104
2.376,3.064
2.267,3.13
1.588,3.076
0.952,3.079
0.071,2.909
0.158,3.014
-0.195,3.19
-0.314,3.176
-0.99,2.812
-1.026,3.168
-1.326,3.2
-1.359,3.025
-1.416,2.919
-2.104,-0.319
3.118,0.341
3.007,0.102
2.695,-0.667
0.431,1.882
0.277,0.441
0.251,0.661
-0.501,1.361
-1.272,-1.149
1.955,2.098
0.631,0.708
0.05,1.523
0.098,1.06
-0.32,-0.078
-0.585,0.697
-0.526,1.585
-0.871,0.314
-0.977,1.606
-1.191,1.737
-1.225,1.879
1.424,0.628
1.296,1.901
-0.095,-0.393
-3.009,-1.273
-0.194,-1.098
-0.551,-0.983
-0.098,-0.303
-0.227,-0.484
-0.248,-0.831
-0.314,-1.221
-0.297,-0.608
-0.395,-1.301
-0.402,-0.949
-0.545,-2.011
-0.526,-0.902
-0.537,-2.81
-0.596,-0.764
-0.588,-2.745
-0.702,-1.679
-0.661,-3.329
-0.737,-0.718
-0.682,-1.178
-0.685,-1.568
-0.707,-1.381
-0.824,0.417
-0.927,-2.453
-0.877,-3.383
-1.024,-1.462
-1.049,-2.974
-1.052,-1.759
-1.102,-1.932
-1.163,-2.738
-1.126,-3.014
-1.191,-2.309
-1.109,-2.962
-1.184,-2.919
-1.289,-2.985
-1.285,-0.508
-1.353,-2.868
-1.388,-2.841
-1.417,-2.983
-1.485,-1.946
-1.477,-3.322
-1.447,-3.176
-1.555,-1.948
-1.526,-0.679
-1.607,-0.507
-1.562,-0.802
-1.575,-0.488
-1.656,-1.153
-1.829,-3.605
-1.965,-3.638
-2.287,-3.366
-2.69,-3.515
-2.879,-3.592
-3.071,-3.665
3.006,-3.609
1.989,-3.549
1.549,-3.659
1.458,-3.726
1.306,-3.595
0.807,-3.721
0.737,-3.569
0.623,-3.757
0.102,-3.602
-0.064,-3.483
-0.14,-3.44
-0.212,-3.597
-0.915,-3.451
-1.103,-3.569
-1.365,-3.629
-1.374,-3.38
-1.439,-3.843
-1.502,-3.382
-1.881,0.914
-2.352,0.962
-2.652,0.926
-2.916,1.085
-3.134,0.978
3.133,0.869
2.581,1.032
1.78,0.833
1.335,0.911
1.152,1.121
0.324,0.82
-0.249,0.789
-0.298,0.991
-0.283,1.106
-0.411,0.688
-0.34,0.99
-0.442,0.741
-0.37,0.77
-0.603,1.012
-0.981,1.005
-1.009,1.109
-1.264,0.982
-2.692,-2.428
2.594,-2.831
2.222,-3.226
2.414,-3.721
0.664,1.028
-0.597,0.893
-1.622,-0.918
-1.715,-0.705
-1.915,0.181
-1.786,-1.9
-1.797,-2.727
-1.826,-2.845
-1.968,0.336
-1.984,-3.107
-2.198,-2.394
-2.299,-2.443
-2.301,-1.989
-2.296,-1.22
-2.608,-0.633
-2.613,-2.176
-2.525,-3.321
-2.601,-0.596
-2.679,-3.014
-2.784,-2.707
-2.795,-0.963
-2.922,-1.445
-2.912,-2.267
-2.872,-0.95
-2.89,-1.991
-2.9,-1.1
-3.113,0.648
-2.994,-0.644
3.139,-1.085
3.137,-2.172
-3.072,-1.777
-3.129,-1.023
2.66,0.599
2.648,-1.702
2.617,-3.28
2.422,-1.761
2.354,-3.061
2.13,-3.278
2.098,-1.107
2.17,-1.344
2.102,0.113
2.007,-0.321
1.842,-1.805
1.842,-0.328
1.801,-0.425
1.574,-1.575
1.358,-0.397
1.284,-2.919
1.221,-1.135
1.201,-0.792
0.994,-1.863
1.107,-2.875
1.1,-3.325
0.886,-2.96
0.983,-2.184
0.783,-0.819
0.894,-2.997
0.878,-1.274
0.699,-1.052
0.583,-1.764
0.564,-3.279
0.421,0.462
0.347,-3.313
0.476,-2.059
0.432,-2.323
0.273,-0.346
0.191,-2.331
0.107,-3.108
-0.093,-0.705
-0.412,-0.489
-0.459,-1.576
-0.349,-0.615
-0.537,-2.031
-0.555,-0.667
-0.636,-0.434
-0.678,-0.883
-0.571,-3.142
-0.725,-1.277
-0.648,-2.265
-0.673,-3.256
-0.738,-2.733
-0.915,-1.025
-1.085,-2.31
-1.373,-1.923
-1.405,-0.808
-1.336,-0.422
-1.368,-0.845
-1.517,-0.719
-1.529,-1.58
-1.585,-0.967
-1.555,-2.026
-1.604,-3.237
-1.926,-3.265
-1.982,-3.382
-2.207,-3.564
-2.145,-3.634
2.449,-3.692
2.341,-3.658
2.188,-3.462
2.204,-3.419
1.982,-3.525
1.511,-3.53
1.429,-3.516
-0.892,-3.555
-1.489,-3.382
-1.632,-3.753
-2.574,0.75
-2.54,0.711
-2.735,0.99
-2.827,0.935
3.031,0.984
3.134,0.885
2.424,0.62
2.58,0.974
2.369,0.934
2.26,1.0
1.581,0.946
0.945,0.949
0.064,0.779
0.151,0.884
-0.202,1.06
-0.321,1.046
-0.997,0.682
-1.033,1.038
-1.333,1.07
-1.366,0.895
-1.423,0.789
-2.111,-2.449
3.111,-1.789
3.0,-2.028
2.688,-2.797
0.424,-0.248
0.27,-1.689
0.244,-1.469
-0.508,-0.769
-1.279,-3.279
1.948,-0.032
0.624,-1.422
0.043,-0.607
0.091,-1.07
-0.327,-2.208
-0.592,-1.433
-0.533,-0.545
-0.878,-1.816
-0.984,-0.524
-1.198,-0.393
-1.232,-0.251
1.417,-1.502
1.289,-0.229
-0.102,-2.523
-3.016,-3.403
-0.201,-3.228
-0.558,-3.113
-0.129,-0.181
-0.15,-0.528
-0.216,-0.918
-0.199,-0.305
-0.297,-0.998
-0.304,-0.646
-0.447,-1.708
-0.428,-0.599
-0.439,-2.507
-0.498,-0.461
-0.49,-2.442
-0.604,-1.376
-0.563,-3.026
-0.639,-0.415
-0.584,-0.875
-0.587,-1.265
-0.609,-1.078
-0.726,0.72
-0.829,-2.15
-0.779,-3.08
-0.926,-1.159
-0.951,-2.671
-0.954,-1.456
-1.004,-1.629
-1.065,-2.435
-1.028,-2.711
-1.093,-2.006
-1.011,-2.659
-1.086,-2.616
-1.191,-2.682
-1.187,-0.205
-1.255,-2.565
-1.29,-2.538
-1.319,-2.68
-1.387,-1.643
-1.379,-3.019
-1.349,-2.873
-1.457,-1.645
-1.428,-0.376
-1.509,-0.204
-1.464,-0.499
-1.477,-0.185
-1.558,-0.85
-1.731,-3.302
-1.867,-3.335
-2.189,-3.063
-2.592,-3.212
-2.781,-3.289
-2.973,-3.362
3.104,-3.306
2.087,-3.246
1.647,-3.356
1.556,-3.423
1.404,-3.292
0.905,-3.418
0.835,-3.266
0.721,-3.454
0.2,-3.299
0.034,-3.18
-0.042,-3.137
-0.114,-3.294
-0.817,-3.148
-1.005,-3.266
-1.267,-3.326
-1.276,-3.077
-1.341,-3.54
-1.404,-3.079
-1.783,1.217
-2.254,1.265
-2.554,1.229
-2.818,1.388
-3.036,1.281
-3.052,1.172
2.679,1.335
1.878,1.136
1.433,1.214
1.25,1.424
0.422,1.123
-0.151,1.092
-0.2,1.294
-0.185,1.409
-0.313,0.991
-0.242,1.293
-0.344,1.044
-0.272,1.073
-0.505,1.315
-0.883,1.308
-0.911,1.412
-1.166,1.285
-2.594,-2.125
2.692,-2.528
2.32,-2.923
2.512,-3.418
0.762,1.331
-0.499,1.196
-1.524,-0.615
-1.617,-0.402
-1.817,0.484
-1.688,-1.597
-1.699,-2.424
-1.728,-2.542
-1.87,0.639
-1.886,-2.804
-2.1,-2.091
-2.201,-2.14
-2.203,-1.686
-2.198,-0.917
-2.51,-0.33
-2.515,-1.873
-2.427,-3.018
-2.503,-0.293
-2.581,-2.711
-2.686,-2.404
-2.697,-0.66
-2.824,-1.142
-2.814,-1.964
-2.774,-0.647
-2.792,-1.688
-2.802,-0.797
-3.015,0.951
-2.896,-0.341
-3.046,-0.782
-3.048,-1.869
-2.974,-1.474
-3.031,-0.72
2.758,0.902
2.746,-1.399
2.715,-2.977
2.52,-1.458
2.452,-2.758
2.228,-2.975
2.196,-0.804
2.268,-1.041
2.2,0.416
2.105,-0.018
1.94,-1.502
1.94,-0.025
1.899,-0.122
1.672,-1.272
1.456,-0.094
1.382,-2.616
1.319,-0.832
1.299,-0.489
1.092,-1.56
1.205,-2.572
1.198,-3.022
0.984,-2.657
1.081,-1.881
0.881,-0.516
0.992,-2.694
0.976,-0.971
0.797,-0.749
0.681,-1.461
0.662,-2.976
0.519,0.765
0.445,-3.01
0.574,-1.756
0.53,-2.02
0.371,-0.043
0.289,-2.028
0.205,-2.805
0.005,-0.402
-0.314,-0.186
-0.361,-1.273
-0.251,-0.312
-0.439,-1.728
-0.457,-0.364
-0.538,-0.131
-0.58,-0.58
-0.473,-2.839
-0.627,-0.974
-0.55,-1.962
-0.575,-2.953
-0.64,-2.43
-0.817,-0.722
-0.987,-2.007
-1.275,-1.62
-1.307,-0.505
-1.238,-0.119
-1.27,-0.542
-1.419,-0.416
-1.431,-1.277
-1.487,-0.664
-1.457,-1.723
-1.506,-2.934
-1.828,-2.962
-1.884,-3.079
-2.109,-3.261
-2.047,-3.331
2.547,-3.389
2.439,-3.355
2.286,-3.159
2.302,-3.116
2.08,-3.222
1.609,-3.227
1.527,-3.213
-0.794,-3.252
-1.391,-3.079
-1.534,-3.45
-2.476,1.053
-2.442,1.014
-2.637,1.293
-2.729,1.238
3.129,1.287
-3.051,1.188
2.522,0.923
2.678,1.277
2.467,1.237
2.358,1.303
1.679,1.249
1.043,1.252
0.162,1.082
0.249,1.187
-0.104,1.363
-0.223,1.349
-0.899,0.985
-0.935,1.341
-1.235,1.373
-1.268,1.198
-1.325,1.092
-2.013,-2.146
-3.074,-1.486
3.098,-1.725
2.786,-2.494
0.522,0.055
0.368,-1.386
0.342,-1.166
-0.41,-0.466
-1.181,-2.976
2.046,0.271
0.722,-1.119
0.141,-0.304
0.189,-0.767
-0.229,-1.905
-0.494,-1.13
-0.435,-0.242
-0.78,-1.513
-0.886,-0.221
-1.1,-0.09
-1.134,0.052
1.515,-1.199
1.387,0.074
-0.004,-2.22
-2.918,-3.1
-0.103,-2.925
-0.46,-2.81
-0.021,-0.347
-0.087,-0.737
-0.07,-0.124
-0.168,-0.817
-0.175,-0.465
-0.318,-1.527
-0.299,-0.418
-0.31,-2.326
-0.369,-0.28
-0.361,-2.261
-0.475,-1.195
-0.434,-2.845
-0.51,-0.234
-0.455,-0.694
-0.458,-1.084
-0.48,-0.897
-0.597,0.901
-0.7,-1.969
-0.65,-2.899
-0.797,-0.978
-0.822,-2.49
-0.825,-1.275
-0.875,-1.448
-0.936,-2.254
-0.899,-2.53
-0.964,-1.825
-0.882,-2.478
-0.957,-2.435
-1.062,-2.501
-1.058,-0.024
-1.126,-2.384
-1.161,-2.357
-1.19,-2.499
-1.258,-1.462
-1.25,-2.838
-1.22,-2.692
-1.328,-1.464
-1.299,-0.195
-1.38,-0.023
-1.335,-0.318
-1.348,-0.004
-1.429,-0.669
-1.602,-3.121
-1.738,-3.154
-2.06,-2.882
-2.463,-3.031
-2.652,-3.108
-2.844,-3.181
-3.05,-3.125
2.216,-3.065
1.776,-3.175
1.685,-3.242
1.533,-3.111
1.034,-3.237
0.964,-3.085
0.85,-3.273
0.329,-3.118
0.163,-2.999
0.087,-2.956
0.015,-3.113
-0.688,-2.967
-0.876,-3.085
-1.138,-3.145
-1.147,-2.896
-1.212,-3.359
-1.275,-2.898
-1.654,1.398
-2.125,1.446
-2.425,1.41
-2.689,1.569
-2.907,1.462
-2.923,1.353
2.808,1.516
2.007,1.317
1.562,1.395
1.379,1.605
0.551,1.304
-0.022,1.273
-0.071,1.475
-0.056,1.59
-0.184,1.172
-0.113,1.474
-0.215,1.225
-0.143,1.254
-0.376,1.496
-0.754,1.489
-0.782,1.593
-1.037,1.466
-2.465,-1.944
2.821,-2.347
2.449,-2.742
2.641,-3.237
0.891,1.512
-0.37,1.377
-1.395,-0.434
-1.488,-0.221
-1.688,0.665
-1.559,-1.416
-1.57,-2.243
-1.599,-2.361
-1.741,0.82
-1.757,-2.623
-1.971,-1.91
-2.072,-1.959
-2.074,-1.505
-2.069,-0.736
-2.381,-0.149
-2.386,-1.692
-2.298,-2.837
-2.374,-0.112
-2.452,-2.53
-2.557,-2.223
-2.568,-0.479
-2.695,-0.961
-2.685,-1.783
-2.645,-0.466
-2.663,-1.507
-2.673,-0.616
-2.886,1.132
-2.767,-0.16
-2.917,-0.601
-2.919,-1.688
-2.845,-1.293
-2.902,-0.539
2.887,1.083
2.875,-1.218
2.844,-2.796
2.649,-1.277
2.581,-2.577
2.357,-2.794
2.325,-0.623
2.397,-0.86
2.329,0.597
2.234,0.163
2.069,-1.321
2.069,0.156
2.028,0.059
1.801,-1.091
1.585,0.087
1.511,-2.435
1.448,-0.651
1.428,-0.308
1.221,-1.379
1.334,-2.391
1.327,-2.841
1.113,-2.476
1.21,-1.7
1.01,-0.335
1.121,-2.513
1.105,-0.79
0.926,-0.568
0.81,-1.28
0.791,-2.795
0.648,0.946
0.574,-2.829
0.703,-1.575
0.659,-1.839
0.5,0.138
0.418,-1.847
0.334,-2.624
0.134,-0.221
-0.185,-0.005
-0.232,-1.092
-0.122,-0.131
-0.31,-1.547
-0.328,-0.183
-0.409,0.05
-0.451,-0.399
-0.344,-2.658
-0.498,-0.793
-0.421,-1.781
-0.446,-2.772
-0.511,-2.249
-0.688,-0.541
-0.858,-1.826
-1.146,-1.439
-1.178,-0.324
-1.109,0.062
-1.141,-0.361
-1.29,-0.235
-1.302,-1.096
-1.358,-0.483
-1.328,-1.542
-1.377,-2.753
-1.699,-2.781
-1.755,-2.898
-1.98,-3.08
-1.918,-3.15
2.676,-3.208
2.568,-3.174
2.415,-2.978
2.431,-2.935
2.209,-3.041
1.738,-3.046
1.656,-3.032
-0.665,-3.071
-1.262,-2.898
-1.405,-3.269
-2.347,1.234
-2.313,1.195
-2.508,1.474
-2.6,1.419
-3.025,1.468
-2.922,1.369
2.651,1.104
2.807,1.458
2.596,1.418
2.487,1.484
1.808,1.43
1.172,1.433
0.291,1.263
0.378,1.368
0.025,1.544
-0.094,1.53
-0.77,1.166
-0.806,1.522
-1.106,1.554
-1.139,1.379
-1.196,1.273
-1.884,-1.965
-2.945,-1.305
-3.056,-1.544
2.915,-2.313
0.651,0.236
0.497,-1.205
0.471,-0.985
-0.281,-0.285
-1.052,-2.795
2.175,0.452
0.851,-0.938
0.27,-0.123
0.318,-0.586
-0.1,-1.724
-0.365,-0.949
-0.306,-0.061
-0.651,-1.332
-0.757,-0.04
-0.971,0.091
-1.005,0.233
1.644,-1.018
1.516,0.255
0.125,-2.039
-2.789,-2.919
0.026,-2.744
-0.331,-2.629
-0.066,-0.39
-0.049,0.223
-0.147,-0.47
-0.154,-0.118
-0.297,-1.18
-0.278,-0.071
-0.289,-1.979
-0.348,0.067
-0.34,-1.914
-0.454,-0.848
-0.413,-2.498
-0.489,0.113
-0.434,-0.347
-0.437,-0.737
-0.459,-0.55
-0.576,1.248
-0.679,-1.622
-0.629,-2.552
-0.776,-0.631
-0.801,-2.143
-0.804,-0.928
-0.854,-1.101
-0.915,-1.907
-0.878,-2.183
-0.943,-1.478
-0.861,-2.131
-0.936,-2.088
-1.041,-2.154
-1.037,0.323
-1.105,-2.037
-1.14,-2.01
-1.169,-2.152
-1.237,-1.115
-1.229,-2.491
-1.199,-2.345
-1.307,-1.117
-1.278,0.152
-1.359,0.324
-1.314,0.029
-1.327,0.343
-1.408,-0.322
-1.581,-2.774
-1.717,-2.807
-2.039,-2.535
-2.442,-2.684
-2.631,-2.761
-2.823,-2.834
-3.029,-2.778
2.237,-2.718
1.797,-2.828
1.706,-2.895
1.554,-2.764
1.055,-2.89
0.985,-2.738
0.871,-2.926
0.35,-2.771
0.184,-2.652
0.108,-2.609
0.036,-2.766
-0.667,-2.62
-0.855,-2.738
-1.117,-2.798
-1.126,-2.549
-1.191,-3.012
-1.254,-2.551
-1.633,1.745
-2.104,1.793
-2.404,1.757
-2.668,1.916
-2.886,1.809
-2.902,1.7
2.829,1.863
2.028,1.664
1.583,1.742
1.4,1.952
0.572,1.651
-0.001,1.62
-0.05,1.822
-0.035,1.937
-0.163,1.519
-0.092,1.821
-0.194,1.572
-0.122,1.601
-0.355,1.843
-0.733,1.836
-0.761,1.94
-1.016,1.813
-2.444,-1.597
2.842,-2.0
2.47,-2.395
2.662,-2.89
0.912,1.859
-0.349,1.724
-1.374,-0.087
-1.467,0.126
-1.667,1.012
-1.538,-1.069
-1.549,-1.896
-1.578,-2.014
-1.72,1.167
-1.736,-2.276
-1.95,-1.563
-2.051,-1.612
-2.053,-1.158
-2.048,-0.389
-2.36,0.198
-2.365,-1.345
-2.277,-2.49
-2.353,0.235
-2.431,-2.183
-2.536,-1.876
-2.547,-0.132
-2.674,-0.614
-2.664,-1.436
-2.624,-0.119
-2.642,-1.16
-2.652,-0.269
-2.865,1.479
-2.746,0.187
-2.896,-0.254
-2.898,-1.341
-2.824,-0.946
-2.881,-0.192
2.908,1.43
2.896,-0.871
2.865,-2.449
2.67,-0.93
2.602,-2.23
2.378,-2.447
2.346,-0.276
2.418,-0.513
2.35,0.944
2.255,0.51
2.09,-0.974
2.09,0.503
2.049,0.406
1.822,-0.744
1.606,0.434
1.532,-2.088
1.469,-0.304
1.449,0.039
1.242,-1.032
1.355,-2.044
1.348,-2.494
1.134,-2.129
1.231,-1.353
1.031,0.012
1.142,-2.166
1.126,-0.443
0.947,-0.221
0.831,-0.933
0.812,-2.448
0.669,1.293
0.595,-2.482
0.724,-1.228
0.68,-1.492
0.521,0.485
0.439,-1.5
0.355,-2.277
0.155,0.126
-0.164,0.342
-0.211,-0.745
-0.101,0.216
-0.289,-1.2
-0.307,0.164
-0.388,0.397
-0.43,-0.052
-0.323,-2.311
-0.477,-0.446
-0.4,-1.434
-0.425,-2.425
-0.49,-1.902
-0.667,-0.194
-0.837,-1.479
-1.125,-1.092
-1.157,0.023
-1.088,0.409
-1.12,-0.014
-1.269,0.112
-1.281,-0.749
-1.337,-0.136
-1.307,-1.195
-1.356,-2.406
-1.678,-2.434
-1.734,-2.551
-1.959,-2.733
-1.897,-2.803
2.697,-2.861
2.589,-2.827
2.436,-2.631
2.452,-2.588
2.23,-2.694
1.759,-2.699
1.677,-2.685
-0.644,-2.724
-1.241,-2.551
-1.384,-2.922
-2.326,1.581
-2.292,1.542
-2.487,1.821
-2.579,1.766
-3.004,1.815
-2.901,1.716
2.672,1.451
2.828,1.805
2.617,1.765
2.508,1.831
1.829,1.777
1.193,1.78
0.312,1.61
0.399,1.715
0.046,1.891
-0.073,1.877
-0.749,1.513
-0.785,1.869
-1.085,1.901
-1.118,1.726
-1.175,1.62
-1.863,-1.618
-2.924,-0.958
-3.035,-1.197
2.936,-1.966
0.672,0.583
0.518,-0.858
0.492,-0.638
-0.26,0.062
-1.031,-2.448
2.196,0.799
0.872,-0.591
0.291,0.224
0.339,-0.239
-0.079,-1.377
-0.344,-0.602
-0.285,0.286
-0.63,-0.985
-0.736,0.307
-0.95,0.438
-0.984,0.58
1.665,-0.671
1.537,0.602
0.146,-1.692
-2.768,-2.572
0.047,-2.397
-0.31,-2.282
0.017,0.613
-0.081,-0.08
-0.088,0.272
-0.231,-0.79
-0.212,0.319
-0.223,-1.589
-0.282,0.457
-0.274,-1.524
-0.388,-0.458
-0.347,-2.108
-0.423,0.503
-0.368,0.043
-0.371,-0.347
-0.393,-0.16
-0.51,1.638
-0.613,-1.232
-0.563,-2.162
-0.71,-0.241
-0.735,-1.753
-0.738,-0.538
-0.788,-0.711
-0.849,-1.517
-0.812,-1.793
-0.877,-1.088
-0.795,-1.741
-0.87,-1.698
-0.975,-1.764
-0.971,0.713
-1.039,-1.647
-1.074,-1.62
-1.103,-1.762
-1.171,-0.725
-1.163,-2.101
-1.133,-1.955
-1.241,-0.727
-1.212,0.542
-1.293,0.714
-1.248,0.419
-1.261,0.733
-1.342,0.068
-1.515,-2.384
-1.651,-2.417
-1.973,-2.145
-2.376,-2.294
-2.565,-2.371
-2.757,-2.444
-2.963,-2.388
2.303,-2.328
1.863,-2.438
1.772,-2.505
1.62,-2.374
1.121,-2.5
1.051,-2.348
0.937,-2.536
0.416,-2.381
0.25,-2.262
0.174,-2.219
0.102,-2.376
-0.601,-2.23
-0.789,-2.348
-1.051,-2.408
-1.06,-2.159
-1.125,-2.622
-1.188,-2.161
-1.567,2.135
-2.038,2.183
-2.338,2.147
-2.602,2.306
-2.82,2.199
-2.836,2.09
2.895,2.253
2.094,2.054
1.649,2.132
1.466,2.342
0.638,2.041
0.065,2.01
0.016,2.212
0.031,2.327
-0.097,1.909
-0.026,2.211
-0.128,1.962
-0.056,1.991
-0.289,2.233
-0.667,2.226
-0.695,2.33
-0.95,2.203
-2.378,-1.207
2.908,-1.61
2.536,-2.005
2.728,-2.5
0.978,2.249
-0.283,2.114
-1.308,0.303
-1.401,0.516
-1.601,1.402
-1.472,-0.679
-1.483,-1.506
-1.512,-1.624
-1.654,1.557
-1.67,-1.886
-1.884,-1.173
-1.985,-1.222
-1.987,-0.768
-1.982,0.001
-2.294,0.588
-2.299,-0.955
-2.211,-2.1
-2.287,0.625
-2.365,-1.793
-2.47,-1.486
-2.481,0.258
-2.608,-0.224
-2.598,-1.046
-2.558,0.271
-2.576,-0.77
-2.586,0.121
-2.799,1.869
-2.68,0.577
-2.83,0.136
-2.832,-0.951
-2.758,-0.556
-2.815,0.198
2.974,1.82
2.962,-0.481
2.931,-2.059
2.736,-0.54
2.668,-1.84
2.444,-2.057
2.412,0.114
2.484,-0.123
2.416,1.334
2.321,0.9
2.156,-0.584
2.156,0.893
2.115,0.796
1.888,-0.354
1.672,0.824
1.598,-1.698
1.535,0.086
1.515,0.429
1.308,-0.642
1.421,-1.654
1.414,-2.104
1.2,-1.739
1.297,-0.963
1.097,0.402
1.208,-1.776
1.192,-0.053
1.013,0.169
0.897,-0.543
0.878,-2.058
0.735,1.683
0.661,-2.092
0.79,-0.838
0.746,-1.102
0.587,0.875
0.505,-1.11
0.421,-1.887
0.221,0.516
-0.098,0.732
-0.145,-0.355
-0.035,0.606
-0.223,-0.81
-0.241,0.554
-0.322,0.787
-0.364,0.338
-0.257,-1.921
-0.411,-0.056
-0.334,-1.044
-0.359,-2.035
-0.424,-1.512
-0.601,0.196
-0.771,-1.089
-1.059,-0.702
-1.091,0.413
-1.022,0.799
-1.054,0.376
-1.203,0.502
-1.215,-0.359
-1.271,0.254
-1.241,-0.805
-1.29,-2.016
-1.612,-2.044
-1.668,-2.161
-1.893,-2.343
-1.831,-2.413
2.763,-2.471
2.655,-2.437
2.502,-2.241
2.518,-2.198
2.296,-2.304
1.825,-2.309
1.743,-2.295
-0.578,-2.334
-1.175,-2.161
-1.318,-2.532
-2.26,1.971
-2.226,1.932
-2.421,2.211
-2.513,2.156
-2.938,2.205
-2.835,2.106
2.738,1.841
2.894,2.195
2.683,2.155
2.574,2.221
1.895,2.167
1.259,2.17
0.378,2.0
0.465,2.105
0.112,2.281
-0.007,2.267
-0.683,1.903
-0.719,2.259
-1.019,2.291
-1.052,2.116
-1.109,2.01
-1.797,-1.228
-2.858,-0.568
-2.969,-0.807
3.002,-1.576
0.738,0.973
0.584,-0.468
0.558,-0.248
-0.194,0.452
-0.965,-2.058
2.262,1.189
0.938,-0.201
0.357,0.614
0.405,0.151
-0.013,-0.987
-0.278,-0.212
-0.219,0.676
-0.564,-0.595
-0.67,0.697
-0.884,0.828
-0.918,0.97
1.731,-0.281
1.603,0.992
0.212,-1.302
-2.702,-2.182
0.113,-2.007
-0.244,-1.892
-0.098,-0.693
-0.105,-0.341
-0.248,-1.403
-0.229,-0.294
-0.24,-2.202
-0.299,-0.156
-0.291,-2.137
-0.405,-1.071
-0.364,-2.721
-0.44,-0.11
-0.385,-0.57
-0.388,-0.96
-0.41,-0.773
-0.527,1.025
-0.63,-1.845
-0.58,-2.775
-0.727,-0.854
-0.752,-2.366
-0.755,-1.151
-0.805,-1.324
-0.866,-2.13
-0.829,-2.406
-0.894,-1.701
-0.812,-2.354
-0.887,-2.311
-0.992,-2.377
-0.988,0.1
-1.056,-2.26
-1.091,-2.233
-1.12,-2.375
-1.188,-1.338
-1.18,-2.714
-1.15,-2.568
-1.258,-1.34
-1.229,-0.071
-1.31,0.101
-1.265,-0.194
-1.278,0.12
-1.359,-0.545
-1.532,-2.997
-1.668,-3.03
-1.99,-2.758
-2.393,-2.907
-2.582,-2.984
-2.774,-3.057
-2.98,-3.001
2.286,-2.941
1.846,-3.051
1.755,-3.118
1.603,-2.987
1.104,-3.113
1.034,-2.961
0.92,-3.149
0.399,-2.994
0.233,-2.875
0.157,-2.832
0.085,-2.989
-0.618,-2.843
-0.806,-2.961
-1.068,-3.021
-1.077,-2.772
-1.142,-3.235
-1.205,-2.774
-1.584,1.522
-2.055,1.57
-2.355,1.534
-2.619,1.693
-2.837,1.586
-2.853,1.477
2.878,1.64
2.077,1.441
1.632,1.519
1.449,1.729
0.621,1.428
0.048,1.397
-0.001,1.599
0.014,1.714
-0.114,1.296
-0.043,1.598
-0.145,1.349
-0.073,1.378
-0.306,1.62
-0.684,1.613
-0.712,1.717
-0.967,1.59
-2.395,-1.82
2.891,-2.223
2.519,-2.618
2.711,-3.113
0.961,1.636
-0.3,1.501
-1.325,-0.31
-1.418,-0.097
-1.618,0.789
-1.489,-1.292
-1.5,-2.119
-1.529,-2.237
-1.671,0.944
-1.687,-2.499
-1.901,-1.786
-2.002,-1.835
-2.004,-1.381
-1.999,-0.612
-2.311,-0.025
-2.316,-1.568
-2.228,-2.713
-2.304,0.012
-2.382,-2.406
-2.487,-2.099
-2.498,-0.355
-2.625,-0.837
-2.615,-1.659
-2.575,-0.342
-2.593,-1.383
-2.603,-0.492
-2.816,1.256
-2.697,-0.036
-2.847,-0.477
-2.849,-1.564
-2.775,-1.169
-2.832,-0.415
2.957,1.207
2.945,-1.094
2.914,-2.672
2.719,-1.153
2.651,-2.453
2.427,-2.67
2.395,-0.499
2.467,-0.736
2.399,0.721
2.304,0.287
2.139,-1.197
2.139,0.28
2.098,0.183
1.871,-0.967
1.655,0.211
1.581,-2.311
1.518,-0.527
1.498,-0.184
1.291,-1.255
1.404,-2.267
1.397,-2.717
1.183,-2.352
1.28,-1.576
1.08,-0.211
1.191,-2.389
1.175,-0.666
0.996,-0.444
0.88,-1.156
0.861,-2.671
0.718,1.07
0.644,-2.705
0.773,-1.451
0.729,-1.715
0.57,0.262
0.488,-1.723
0.404,-2.5
0.204,-0.097
-0.115,0.119
-0.162,-0.968
-0.052,-0.007
-0.24,-1.423
-0.258,-0.059
-0.339,0.174
-0.381,-0.275
-0.274,-2.534
-0.428,-0.669
-0.351,-1.657
-0.376,-2.648
-0.441,-2.125
-0.618,-0.417
-0.788,-1.702
-1.076,-1.315
-1.108,-0.2
-1.039,0.186
-1.071,-0.237
-1.22,-0.111
-1.232,-0.972
-1.288,-0.359
-1.258,-1.418
-1.307,-2.629
-1.629,-2.657
-1.685,-2.774
-1.91,-2.956
-1.848,-3.026
2.746,-3.084
2.638,-3.05
2.485,-2.854
2.501,-2.811
2.279,-2.917
1.808,-2.922
1.726,-2.908
-0.595,-2.947
-1.192,-2.774
-1.335,-3.145
-2.277,1.358
-2.243,1.319
-2.438,1.598
-2.53,1.543
-2.955,1.592
-2.852,1.493
2.721,1.228
2.877,1.582
2.666,1.542
2.557,1.608
1.878,1.554
1.242,1.557
0.361,1.387
0.448,1.492
0.095,1.668
-0.024,1.654
-0.7,1.29
-0.736,1.646
-1.036,1.678
-1.069,1.503
-1.126,1.397
-1.814,-1.841
-2.875,-1.181
-2.986,-1.42
2.985,-2.189
0.721,0.36
0.567,-1.081
0.541,-0.861
-0.211,-0.161
-0.982,-2.671
2.245,0.576
0.921,-0.814
0.34,0.001
0.388,-0.462
-0.03,-1.6
-0.295,-0.825
-0.236,0.063
-0.581,-1.208
-0.687,0.084
-0.901,0.215
-0.935,0.357
1.714,-0.894
1.586,0.379
0.195,-1.915
-2.719,-2.795
0.096,-2.62
-0.261,-2.505
-0.007,0.352
-0.15,-0.71
-0.131,0.399
-0.142,-1.509
-0.201,0.537
-0.193,-1.444
-0.307,-0.378
-0.266,-2.028
-0.342,0.583
-0.287,0.123
-0.29,-0.267
-0.312,-0.08
-0.429,1.718
-0.532,-1.152
-0.482,-2.082
-0.629,-0.161
-0.654,-1.673
-0.657,-0.458
-0.707,-0.631
-0.768,-1.437
-0.731,-1.713
-0.796,-1.008
-0.714,-1.661
-0.789,-1.618
-0.894,-1.684
-0.89,0.793
-0.958,-1.567
-0.993,-1.54
-1.022,-1.682
-1.09,-0.645
-1.082,-2.021
-1.052,-1.875
-1.16,-0.647
-1.131,0.622
-1.212,0.794
-1.167,0.499
-1.18,0.813
-1.261,0.148
-1.434,-2.304
-1.57,-2.337
-1.892,-2.065
-2.295,-2.214
-2.484,-2.291
-2.676,-2.364
-2.882,-2.308
2.384,-2.248
1.944,-2.358
1.853,-2.425
1.701,-2.294
1.202,-2.42
1.132,-2.268
1.018,-2.456
0.497,-2.301
0.331,-2.182
0.255,-2.139
0.183,-2.296
-0.52,-2.15
-0.708,-2.268
-0.97,-2.328
-0.979,-2.079
-1.044,-2.542
-1.107,-2.081
-1.486,2.215
-1.957,2.263
-2.257,2.227
-2.521,2.386
-2.739,2.279
-2.755,2.17
2.976,2.333
2.175,2.134
1.73,2.212
1.547,2.422
0.719,2.121
0.146,2.09
0.097,2.292
0.112,2.407
-0.016,1.989
0.055,2.291
-0.047,2.042
0.025,2.071
-0.208,2.313
-0.586,2.306
-0.614,2.41
-0.869,2.283
-2.297,-1.127
2.989,-1.53
2.617,-1.925
2.809,-2.42
1.059,2.329
-0.202,2.194
-1.227,0.383
-1.32,0.596
-1.52,1.482
-1.391,-0.599
-1.402,-1.426
-1.431,-1.544
-1.573,1.637
-1.589,-1.806
-1.803,-1.093
-1.904,-1.142
-1.906,-0.688
-1.901,0.081
-2.213,0.668
-2.218,-0.875
-2.13,-2.02
-2.206,0.705
-2.284,-1.713
-2.389,-1.406
-2.4,0.338
-2.527,-0.144
-2.517,-0.966
-2.477,0.351
-2.495,-0.69
-2.505,0.201
-2.718,1.949
-2.599,0.657
-2.749,0.216
-2.751,-0.871
-2.677,-0.476
-2.734,0.278
3.055,1.9
3.043,-0.401
3.012,-1.979
2.817,-0.46
2.749,-1.76
2.525,-1.977
2.493,0.194
2.565,-0.043
2.497,1.414
2.402,0.98
2.237,-0.504
2.237,0.973
2.196,0.876
1.969,-0.274
1.753,0.904
1.679,-1.618
1.616,0.166
1.596,0.509
1.389,-0.562
1.502,-1.574
1.495,-2.024
1.281,-1.659
1.378,-0.883
1.178,0.482
1.289,-1.696
1.273,0.027
1.094,0.249
0.978,-0.463
0.959,-1.978
0.816,1.763
0.742,-2.012
0.871,-0.758
0.827,-1.022
0.668,0.955
0.586,-1.03
0.502,-1.807
0.302,0.596
-0.017,0.812
-0.064,-0.275
0.046,0.686
-0.142,-0.73
-0.16,0.634
-0.241,0.867
-0.283,0.418
-0.176,-1.841
-0.33,0.024
-0.253,-0.964
-0.278,-1.955
-0.343,-1.432
-0.52,0.276
-0.69,-1.009
-0.978,-0.622
-1.01,0.493
-0.941,0.879
-0.973,0.456
-1.122,0.582
-1.134,-0.279
-1.19,0.334
-1.16,-0.725
-1.209,-1.936
-1.531,-1.964
-1.587,-2.081
-1.812,-2.263
-1.75,-2.333
2.844,-2.391
2.736,-2.357
2.583,-2.161
2.599,-2.118
2.377,-2.224
1.906,-2.229
1.824,-2.215
-0.497,-2.254
-1.094,-2.081
-1.237,-2.452
-2.179,2.051
-2.145,2.012
-2.34,2.291
-2.432,2.236
-2.857,2.285
-2.754,2.186
2.819,1.921
2.975,2.275
2.764,2.235
2.655,2.301
1.976,2.247
1.34,2.25
0.459,2.08
0.546,2.185
0.193,2.361
0.074,2.347
-0.602,1.983
-0.638,2.339
-0.938,2.371
-0.971,2.196
-1.028,2.09
-1.716,-1.148
-2.777,-0.488
-2.888,-0.727
3.083,-1.496
0.819,1.053
0.665,-0.388
0.639,-0.168
-0.113,0.532
-0.884,-1.978
2.343,1.269
1.019,-0.121
0.438,0.694
0.486,0.231
0.068,-0.907
-0.197,-0.132
-0.138,0.756
-0.483,-0.515
-0.589,0.777
-0.803,0.908
-0.837,1.05
1.812,-0.201
1.684,1.072
0.293,-1.222
-2.621,-2.102
0.194,-1.927
-0.163,-1.812
-0.143,-1.062
-0.124,0.047
-0.135,-1.861
-0.194,0.185
-0.186,-1.796
-0.3,-0.73
-0.259,-2.38
-0.335,0.231
-0.28,-0.229
-0.283,-0.619
-0.305,-0.432
-0.422,1.366
-0.525,-1.504
-0.475,-2.434
-0.622,-0.513
-0.647,-2.025
-0.65,-0.81
-0.7,-0.983
-0.761,-1.789
-0.724,-2.065
-0.789,-1.36
-0.707,-2.013
-0.782,-1.97
-0.887,-2.036
-0.883,0.441
-0.951,-1.919
-0.986,-1.892
-1.015,-2.034
-1.083,-0.997
-1.075,-2.373
-1.045,-2.227
-1.153,-0.999
-1.124,0.27
-1.205,0.442
-1.16,0.147
-1.173,0.461
-1.254,-0.204
-1.427,-2.656
-1.563,-2.689
-1.885,-2.417
-2.288,-2.566
-2.477,-2.643
-2.669,-2.716
-2.875,-2.66
2.391,-2.6
1.951,-2.71
1.86,-2.777
1.708,-2.646
1.209,-2.772
1.139,-2.62
1.025,-2.808
0.504,-2.653
0.338,-2.534
0.262,-2.491
0.19,-2.648
-0.513,-2.502
-0.701,-2.62
-0.963,-2.68
-0.972,-2.431
-1.037,-2.894
-1.1,-2.433
-1.479,1.863
-1.95,1.911
-2.25,1.875
-2.514,2.034
-2.732,1.927
-2.748,1.818
2.983,1.981
2.182,1.782
1.737,1.86
1.554,2.07
0.726,1.769
0.153,1.738
0.104,1.94
0.119,2.055
-0.009,1.637
0.062,1.939
-0.04,1.69
0.032,1.719
-0.201,1.961
-0.579,1.954
-0.607,2.058
-0.862,1.931
-2.29,-1.479
2.996,-1.882
2.624,-2.277
2.816,-2.772
1.066,1.977
-0.195,1.842
-1.22,0.031
-1.313,0.244
-1.513,1.13
-1.384,-0.951
-1.395,-1.778
-1.424,-1.896
-1.566,1.285
-1.582,-2.158
-1.796,-1.445
-1.897,-1.494
-1.899,-1.04
-1.894,-0.271
-2.206,0.316
-2.211,-1.227
-2.123,-2.372
-2.199,0.353
-2.277,-2.065
-2.382,-1.758
-2.393,-0.014
-2.52,-0.496
-2.51,-1.318
-2.47,-0.001
-2.488,-1.042
-2.498,-0.151
-2.711,1.597
-2.592,0.305
-2.742,-0.136
-2.744,-1.223
-2.67,-0.828
-2.727,-0.074
3.062,1.548
3.05,-0.753
3.019,-2.331
2.824,-0.812
2.756,-2.112
2.532,-2.329
2.5,-0.158
2.572,-0.395
2.504,1.062
2.409,0.628
2.244,-0.856
2.244,0.621
2.203,0.524
1.976,-0.626
1.76,0.552
1.686,-1.97
1.623,-0.186
1.603,0.157
1.396,-0.914
1.509,-1.926
1.502,-2.376
1.288,-2.011
1.385,-1.235
1.185,0.13
1.296,-2.048
1.28,-0.325
1.101,-0.103
0.985,-0.815
0.966,-2.33
0.823,1.411
0.749,-2.364
0.878,-1.11
0.834,-1.374
0.675,0.603
0.593,-1.382
0.509,-2.159
0.309,0.244
-0.01,0.46
-0.057,-0.627
0.053,0.334
-0.135,-1.082
-0.153,0.282
-0.234,0.515
-0.276,0.066
-0.169,-2.193
-0.323,-0.328
-0.246,-1.316
-0.271,-2.307
-0.336,-1.784
-0.513,-0.076
-0.683,-1.361
-0.971,-0.974
-1.003,0.141
-0.934,0.527
-0.966,0.104
-1.115,0.23
-1.127,-0.631
-1.183,-0.018
-1.153,-1.077
-1.202,-2.288
-1.524,-2.316
-1.58,-2.433
-1.805,-2.615
-1.743,-2.685
2.851,-2.743
2.743,-2.709
2.59,-2.513
2.606,-2.47
2.384,-2.576
1.913,-2.581
1.831,-2.567
-0.49,-2.606
-1.087,-2.433
-1.23,-2.804
-2.172,1.699
-2.138,1.66
-2.333,1.939
-2.425,1.884
-2.85,1.933
-2.747,1.834
2.826,1.569
2.982,1.923
2.771,1.883
2.662,1.949
1.983,1.895
1.347,1.898
0.466,1.728
0.553,1.833
0.2,2.009
0.081,1.995
-0.595,1.631
-0.631,1.987
-0.931,2.019
-0.964,1.844
-1.021,1.738
-1.709,-1.5
-2.77,-0.84
-2.881,-1.079
3.09,-1.848
0.826,0.701
0.672,-0.74
0.646,-0.52
-0.106,0.18
-0.877,-2.33
2.35,0.917
1.026,-0.473
0.445,0.342
0.493,-0.121
0.075,-1.259
-0.19,-0.484
-0.131,0.404
-0.476,-0.867
-0.582,0.425
-0.796,0.556
-0.83,0.698
1.819,-0.553
1.691,0.72
0.3,-1.574
-2.614,-2.454
0.201,-2.279
-0.156,-2.164
0.019,1.109
0.008,-0.799
-0.051,1.247
-0.043,-0.734
-0.157,0.332
-0.116,-1.318
-0.192,1.293
-0.137,0.833
-0.14,0.443
-0.162,0.63
-0.279,2.428
-0.382,-0.442
-0.332,-1.372
-0.479,0.549
-0.504,-0.963
-0.507,0.252
-0.557,0.079
-0.618,-0.727
-0.581,-1.003
-0.646,-0.298
-0.564,-0.951
-0.639,-0.908
-0.744,-0.974
-0.74,1.503
-0.808,-0.857
-0.843,-0.83
-0.872,-0.972
-0.94,0.065
-0.932,-1.311
-0.902,-1.165
-1.01,0.063
-0.981,1.332
-1.062,1.504
-1.017,1.209
-1.03,1.523
-1.111,0.858
-1.284,-1.594
-1.42,-1.627
-1.742,-1.355
-2.145,-1.504
-2.334,-1.581
-2.526,-1.654
-2.732,-1.598
2.534,-1.538
2.094,-1.648
2.003,-1.715
1.851,-1.584
1.352,-1.71
1.282,-1.558
1.168,-1.746
0.647,-1.591
0.481,-1.472
0.405,-1.429
0.333,-1.586
-0.37,-1.44
-0.558,-1.558
-0.82,-1.618
-0.829,-1.369
-0.894,-1.832
-0.957,-1.371
-1.336,2.925
-1.807,2.973
-2.107,2.937
-2.371,3.096
-2.589,2.989
-2.605,2.88
3.126,3.043
2.325,2.844
1.88,2.922
1.697,3.132
0.869,2.831
0.296,2.8
0.247,3.002
0.262,3.117
0.134,2.699
0.205,3.001
0.103,2.752
0.175,2.781
-0.058,3.023
-0.436,3.016
-0.464,3.12
-0.719,2.993
-2.147,-0.417
3.139,-0.82
2.767,-1.215
2.959,-1.71
1.209,3.039
-0.052,2.904
-1.077,1.093
-1.17,1.306
-1.37,2.192
-1.241,0.111
-1.252,-0.716
-1.281,-0.834
-1.423,2.347
-1.439,-1.096
-1.653,-0.383
-1.754,-0.432
-1.756,0.022
-1.751,0.791
-2.063,1.378
-2.068,-0.165
-1.98,-1.31
-2.056,1.415
-2.134,-1.003
-2.239,-0.696
-2.25,1.048
-2.377,0.566
-2.367,-0.256
-2.327,1.061
-2.345,0.02
-2.355,0.911
-2.568,2.659
-2.449,1.367
-2.599,0.926
-2.601,-0.161
-2.527,0.234
-2.584,0.988
-3.078,2.61
-3.09,0.309
-3.121,-1.269
2.967,0.25
2.899,-1.05
2.675,-1.267
2.643,0.904
2.715,0.667
2.647,2.124
2.552,1.69
2.387,0.206
2.387,1.683
2.346,1.586
2.119,0.436
1.903,1.614
1.829,-0.908
1.766,0.876
1.746,1.219
1.539,0.148
1.652,-0.864
1.645,-1.314
1.431,-0.949
1.528,-0.173
1.328,1.192
1.439,-0.986
1.423,0.737
1.244,0.959
1.128,0.247
1.109,-1.268
0.966,2.473
0.892,-1.302
1.021,-0.048
0.977,-0.312
0.818,1.665
0.736,-0.32
0.652,-1.097
0.452,1.306
0.133,1.522
0.086,0.435
0.196,1.396
0.008,-0.02
-0.01,1.344
-0.091,1.577
-0.133,1.128
-0.026,-1.131
-0.18,0.734
-0.103,-0.254
-0.128,-1.245
-0.193,-0.722
-0.37,0.986
-0.54,-0.299
-0.828,0.088
-0.86,1.203
-0.791,1.589
-0.823,1.166
-0.972,1.292
-0.984,0.431
-1.04,1.044
-1.01,-0.015
-1.059,-1.226
-1.381,-1.254
-1.437,-1.371
-1.662,-1.553
-1.6,-1.623
2.994,-1.681
2.886,-1.647
2.733,-1.451
2.749,-1.408
2.527,-1.514
2.056,-1.519
1.974,-1.505
-0.347,-1.544
-0.944,-1.371
-1.087,-1.742
-2.029,2.761
-1.995,2.722
-2.19,3.001
-2.282,2.946
-2.707,2.995
-2.604,2.896
2.969,2.631
3.125,2.985
2.914,2.945
2.805,3.011
2.126,2.957
1.49,2.96
0.609,2.79
0.696,2.895
0.343,3.071
0.224,3.057
-0.452,2.693
-0.488,3.049
-0.788,3.081
-0.821,2.906
-0.878,2.8
-1.566,-0.438
-2.627,0.222
-2.738,-0.017
-3.05,-0.786
0.969,1.763
0.815,0.322
0.789,0.542
0.037,1.242
-0.734,-1.268
2.493,1.979
1.169,0.589
0.588,1.404
0.636,0.941
0.218,-0.197
-0.047,0.578
0.012,1.466
-0.333,0.195
-0.439,1.487
-0.653,1.618
-0.687,1.76
1.962,0.509
1.834,1.782
0.443,-0.512
-2.471,-1.392
0.344,-1.217
-0.013,-1.102
-0.011,-1.908
-0.07,0.138
-0.062,-1.843
-0.176,-0.777
-0.135,-2.427
-0.211,0.184
-0.156,-0.276
-0.159,-0.666
-0.181,-0.479
-0.298,1.319
-0.401,-1.551
-0.351,-2.481
-0.498,-0.56
-0.523,-2.072
-0.526,-0.857
-0.576,-1.03
-0.637,-1.836
-0.6,-2.112
-0.665,-1.407
-0.583,-2.06
-0.658,-2.017
-0.763,-2.083
-0.759,0.394
-0.827,-1.966
-0.862,-1.939
-0.891,-2.081
-0.959,-1.044
-0.951,-2.42
-0.921,-2.274
-1.029,-1.046
-1.0,0.223
-1.081,0.395
-1.036,0.1
-1.049,0.414
-1.13,-0.251
-1.303,-2.703
-1.439,-2.736
-1.761,-2.464
-2.164,-2.613
-2.353,-2.69
-2.545,-2.763
-2.751,-2.707
2.515,-2.647
2.075,-2.757
1.984,-2.824
1.832,-2.693
1.333,-2.819
1.263,-2.667
1.149,-2.855
0.628,-2.7
0.462,-2.581
0.386,-2.538
0.314,-2.695
-0.389,-2.549
-0.577,-2.667
-0.839,-2.727
-0.848,-2.478
-0.913,-2.941
-0.976,-2.48
-1.355,1.816
-1.826,1.864
-2.126,1.828
-2.39,1.987
-2.608,1.88
-2.624,1.771
3.107,1.934
2.306,1.735
1.861,1.813
1.678,2.023
0.85,1.722
0.277,1.691
0.228,1.893
0.243,2.008
0.115,1.59
0.186,1.892
0.084,1.643
0.156,1.672
-0.077,1.914
-0.455,1.907
-0.483,2.011
-0.738,1.884
-2.166,-1.526
3.12,-1.929
2.748,-2.324
2.94,-2.819
1.19,1.93
-0.071,1.795
-1.096,-0.016
-1.189,0.197
-1.389,1.083
-1.26,-0.998
-1.271,-1.825
-1.3,-1.943
-1.442,1.238
-1.458,-2.205
-1.672,-1.492
-1.773,-1.541
-1.775,-1.087
-1.77,-0.318
-2.082,0.269
-2.087,-1.274
-1.999,-2.419
-2.075,0.306
-2.153,-2.112
-2.258,-1.805
-2.269,-0.061
-2.396,-0.543
-2.386,-1.365
-2.346,-0.048
-2.364,-1.089
-2.374,-0.198
-2.587,1.55
-2.468,0.258
-2.618,-0.183
-2.62,-1.27
-2.546,-0.875
-2.603,-0.121
-3.097,1.501
-3.109,-0.8
-3.14,-2.378
2.948,-0.859
2.88,-2.159
2.656,-2.376
2.624,-0.205
2.696,-0.442
2.628,1.015
2.533,0.581
2.368,-0.903
2.368,0.574
2.327,0.477
2.1,-0.673
1.884,0.505
1.81,-2.017
1.747,-0.233
1.727,0.11
1.52,-0.961
1.633,-1.973
1.626,-2.423
1.412,-2.058
1.509,-1.282
1.309,0.083
1.42,-2.095
1.404,-0.372
1.225,-0.15
1.109,-0.862
1.09,-2.377
0.947,1.364
0.873,-2.411
1.002,-1.157
0.958,-1.421
0.799,0.556
0.717,-1.429
0.633,-2.206
0.433,0.197
0.114,0.413
0.067,-0.674
0.177,0.287
-0.011,-1.129
-0.029,0.235
-0.11,0.468
-0.152,0.019
-0.045,-2.24
-0.199,-0.375
-0.122,-1.363
-0.147,-2.354
-0.212,-1.831
-0.389,-0.123
-0.559,-1.408
-0.847,-1.021
-0.879,0.094
-0.81,0.48
-0.842,0.057
-0.991,0.183
-1.003,-0.678
-1.059,-0.065
-1.029,-1.124
-1.078,-2.335
-1.4,-2.363
-1.456,-2.48
-1.681,-2.662
-1.619,-2.732
2.975,-2.79
2.867,-2.756
2.714,-2.56
2.73,-2.517
2.508,-2.623
2.037,-2.628
1.955,-2.614
-0.366,-2.653
-0.963,-2.48
-1.106,-2.851
-2.048,1.652
-2.014,1.613
-2.209,1.892
-2.301,1.837
-2.726,1.886
-2.623,1.787
2.95,1.522
3.106,1.876
2.895,1.836
2.786,1.902
2.107,1.848
1.471,1.851
0.59,1.681
0.677,1.786
0.324,1.962
0.205,1.948
-0.471,1.584
-0.507,1.94
-0.807,1.972
-0.84,1.797
-0.897,1.691
-1.585,-1.547
-2.646,-0.887
-2.757,-1.126
-3.069,-1.895
0.95,0.654
0.796,-0.787
0.77,-0.567
0.018,0.133
-0.753,-2.377
2.474,0.87
1.15,-0.52
0.569,0.295
0.617,-0.168
0.199,-1.306
-0.066,-0.531
-0.007,0.357
-0.352,-0.914
-0.458,0.378
-0.672,0.509
-0.706,0.651
1.943,-0.6
1.815,0.673
0.424,-1.621
-2.49,-2.501
0.325,-2.326
-0.032,-2.211
-0.059,2.046
-0.051,0.065
-0.165,1.131
-0.124,-0.519
-0.2,2.092
-0.145,1.632
-0.148,1.242
-0.17,1.429
-0.287,3.227
-0.39,0.357
-0.34,-0.573
-0.487,1.348
-0.512,-0.164
-0.515,1.051
-0.565,0.878
-0.626,0.072
-0.589,-0.204
-0.654,0.501
-0.572,-0.152
-0.647,-0.109
-0.752,-0.175
-0.748,2.302
-0.816,-0.058
-0.851,-0.031
-0.88,-0.173
-0.948,0.864
-0.94,-0.512
-0.91,-0.366
-1.018,0.862
-0.989,2.131
-1.07,2.303
-1.025,2.008
-1.038,2.322
-1.119,1.657
-1.292,-0.795
-1.428,-0.828
-1.75,-0.556
-2.153,-0.705
-2.342,-0.782
-2.534,-0.855
-2.74,-0.799
2.526,-0.739
2.086,-0.849
1.995,-0.916
1.843,-0.785
1.344,-0.911
1.274,-0.759
1.16,-0.947
0.639,-0.792
0.473,-0.673
0.397,-0.63
0.325,-0.787
-0.378,-0.641
-0.566,-0.759
-0.828,-0.819
-0.837,-0.57
-0.902,-1.033
-0.965,-0.572
-1.344,3.724
-1.815,3.772
-2.115,3.736
-2.379,3.895
-2.597,3.788
-2.613,3.679
3.118,3.842
2.317,3.643
1.872,3.721
1.689,3.931
0.861,3.63
0.288,3.599
0.239,3.801
0.254,3.916
0.126,3.498
0.197,3.8
0.095,3.551
0.167,3.58
-0.066,3.822
-0.444,3.815
-0.472,3.919
-0.727,3.792
-2.155,0.382
3.131,-0.021
2.759,-0.416
2.951,-0.911
1.201,3.838
-0.06,3.703
-1.085,1.892
-1.178,2.105
-1.378,2.991
-1.249,0.91
-1.26,0.083
-1.289,-0.035
-1.431,3.146
-1.447,-0.297
-1.661,0.416
-1.762,0.367
-1.764,0.821
-1.759,1.59
-2.071,2.177
-2.076,0.634
-1.988,-0.511
-2.064,2.214
-2.142,-0.204
-2.247,0.103
-2.258,1.847
-2.385,1.365
-2.375,0.543
-2.335,1.86
-2.353,0.819
-2.363,1.71
-2.576,3.458
-2.457,2.166
-2.607,1.725
-2.609,0.638
-2.535,1.033
-2.592,1.787
-3.086,3.409
-3.098,1.108
-3.129,-0.47
2.959,1.049
2.891,-0.251
2.667,-0.468
2.635,1.703
2.707,1.466
2.639,2.923
2.544,2.489
2.379,1.005
2.379,2.482
2.338,2.385
2.111,1.235
1.895,2.413
1.821,-0.109
1.758,1.675
1.738,2.018
1.531,0.947
1.644,-0.065
1.637,-0.515
1.423,-0.15
1.52,0.626
1.32,1.991
1.431,-0.187
1.415,1.536
1.236,1.758
1.12,1.046
1.101,-0.469
0.958,3.272
0.884,-0.503
1.013,0.751
0.969,0.487
0.81,2.464
0.728,0.479
0.644,-0.298
0.444,2.105
0.125,2.321
0.078,1.234
0.188,2.195
0.0,0.779
-0.018,2.143
-0.099,2.376
-0.141,1.927
-0.034,-0.332
-0.188,1.533
-0.111,0.545
-0.136,-0.446
-0.201,0.077
-0.378,1.785
-0.548,0.5
-0.836,0.887
-0.868,2.002
-0.799,2.388
-0.831,1.965
-0.98,2.091
-0.992,1.23
-1.048,1.843
-1.018,0.784
-1.067,-0.427
-1.389,-0.455
-1.445,-0.572
-1.67,-0.754
-1.608,-0.824
2.986,-0.882
2.878,-0.848
2.725,-0.652
2.741,-0.609
2.519,-0.715
2.048,-0.72
1.966,-0.706
-0.355,-0.745
-0.952,-0.572
-1.095,-0.943
-2.037,3.56
-2.003,3.521
-2.198,3.8
-2.29,3.745
-2.715,3.794
-2.612,3.695
2.961,3.43
3.117,3.784
2.906,3.744
2.797,3.81
2.118,3.756
1.482,3.759
0.601,3.589
0.688,3.694
0.335,3.87
0.216,3.856
-0.46,3.492
-0.496,3.848
-0.796,3.88
-0.829,3.705
-0.886,3.599
-1.574,0.361
-2.635,1.021
-2.746,0.782
-3.058,0.013
0.961,2.562
0.807,1.121
0.781,1.341
0.029,2.041
-0.742,-0.469
2.485,2.778
1.161,1.388
0.58,2.203
0.628,1.74
0.21,0.602
-0.055,1.377
0.004,2.265
-0.341,0.994
-0.447,2.286
-0.661,2.417
-0.695,2.559
1.954,1.308
1.826,2.581
0.435,0.287
-2.479,-0.593
0.336,-0.418
-0.021,-0.303
0.008,-1.981
-0.106,-0.915
-0.065,-2.565
-0.141,0.046
-0.086,-0.414
-0.089,-0.804
-0.111,-0.617
-0.228,1.181
-0.331,-1.689
-0.281,-2.619
-0.428,-0.698
-0.453,-2.21
-0.456,-0.995
-0.506,-1.168
-0.567,-1.974
-0.53,-2.25
-0.595,-1.545
-0.513,-2.198
-0.588,-2.155
-0.693,-2.221
-0.689,0.256
-0.757,-2.104
-0.792,-2.077
-0.821,-2.219
-0.889,-1.182
-0.881,-2.558
-0.851,-2.412
-0.959,-1.184
-0.93,0.085
-1.011,0.257
-0.966,-0.038
-0.979,0.276
-1.06,-0.389
-1.233,-2.841
-1.369,-2.874
-1.691,-2.602
-2.094,-2.751
-2.283,-2.828
-2.475,-2.901
-2.681,-2.845
2.585,-2.785
2.145,-2.895
2.054,-2.962
1.902,-2.831
1.403,-2.957
1.333,-2.805
1.219,-2.993
0.698,-2.838
0.532,-2.719
0.456,-2.676
0.384,-2.833
-0.319,-2.687
-0.507,-2.805
-0.769,-2.865
-0.778,-2.616
-0.843,-3.079
-0.906,-2.618
-1.285,1.678
-1.756,1.726
-2.056,1.69
-2.32,1.849
-2.538,1.742
-2.554,1.633
-3.106,1.796
2.376,1.597
1.931,1.675
1.748,1.885
0.92,1.584
0.347,1.553
0.298,1.755
0.313,1.87
0.185,1.452
0.256,1.754
0.154,1.505
0.226,1.534
-0.007,1.776
-0.385,1.769
-0.413,1.873
-0.668,1.746
-2.096,-1.664
-3.093,-2.067
2.818,-2.462
3.01,-2.957
1.26,1.792
-0.001,1.657
-1.026,-0.154
-1.119,0.059
-1.319,0.945
-1.19,-1.136
-1.201,-1.963
-1.23,-2.081
-1.372,1.1
-1.388,-2.343
-1.602,-1.63
-1.703,-1.679
-1.705,-1.225
-1.7,-0.456
-2.012,0.131
-2.017,-1.412
-1.929,-2.557
-2.005,0.168
-2.083,-2.25
-2.188,-1.943
-2.199,-0.199
-2.326,-0.681
-2.316,-1.503
-2.276,-0.186
-2.294,-1.227
-2.304,-0.336
-2.517,1.412
-2.398,0.12
-2.548,-0.321
-2.55,-1.408
-2.476,-1.013
-2.533,-0.259
-3.027,1.363
-3.039,-0.938
-3.07,-2.516
3.018,-0.997
2.95,-2.297
2.726,-2.514
2.694,-0.343
2.766,-0.58
2.698,0.877
2.603,0.443
2.438,-1.041
2.438,0.436
2.397,0.339
2.17,-0.811
1.954,0.367
1.88,-2.155
1.817,-0.371
1.797,-0.028
1.59,-1.099
1.703,-2.111
1.696,-2.561
1.482,-2.196
1.579,-1.42
1.379,-0.055
1.49,-2.233
1.474,-0.51
1.295,-0.288
1.179,-1.0
1.16,-2.515
1.017,1.226
0.943,-2.549
1.072,-1.295
1.028,-1.559
0.869,0.418
0.787,-1.567
0.703,-2.344
0.503,0.059
0.184,0.275
0.137,-0.812
0.247,0.149
0.059,-1.267
0.041,0.097
-0.04,0.33
-0.082,-0.119
0.025,-2.378
-0.129,-0.513
-0.052,-1.501
-0.077,-2.492
-0.142,-1.969
-0.319,-0.261
-0.489,-1.546
-0.777,-1.159
-0.809,-0.044
-0.74,0.342
-0.772,-0.081
-0.921,0.045
-0.933,-0.816
-0.989,-0.203
-0.959,-1.262
-1.008,-2.473
-1.33,-2.501
-1.386,-2.618
-1.611,-2.8
-1.549,-2.87
3.045,-2.928
2.937,-2.894
2.784,-2.698
2.8,-2.655
2.578,-2.761
2.107,-2.766
2.025,-2.752
-0.296,-2.791
-0.893,-2.618
-1.036,-2.989
-1.978,1.514
-1.944,1.475
-2.139,1.754
-2.231,1.699
-2.656,1.748
-2.553,1.649
3.02,1.384
-3.107,1.738
2.965,1.698
2.856,1.764
2.177,1.71
1.541,1.713
0.66,1.543
0.747,1.648
0.394,1.824
0.275,1.81
-0.401,1.446
-0.437,1.802
-0.737,1.834
-0.77,1.659
-0.827,1.553
-1.515,-1.685
-2.576,-1.025
-2.687,-1.264
-2.999,-2.033
1.02,0.516
0.866,-0.925
0.84,-0.705
0.088,-0.005
-0.683,-2.515
2.544,0.732
1.22,-0.658
0.639,0.157
0.687,-0.306
0.269,-1.444
0.004,-0.669
0.063,0.219
-0.282,-1.052
-0.388,0.24
-0.602,0.371
-0.636,0.513
2.013,-0.738
1.885,0.535
0.494,-1.759
-2.42,-2.639
0.395,-2.464
0.038,-2.349
-0.114,1.066
-0.073,-0.584
-0.149,2.027
-0.094,1.567
-0.097,1.177
-0.119,1.364
-0.236,3.162
-0.339,0.292
-0.289,-0.638
-0.436,1.283
-0.461,-0.229
-0.464,0.986
-0.514,0.813
-0.575,0.007
-0.538,-0.269
-0.603,0.436
-0.521,-0.217
-0.596,-0.174
-0.701,-0.24
-0.697,2.237
-0.765,-0.123
-0.8,-0.096
-0.829,-0.238
-0.897,0.799
-0.889,-0.577
-0.859,-0.431
-0.967,0.797
-0.938,2.066
-1.019,2.238
-0.974,1.943
-0.987,2.257
-1.068,1.592
-1.241,-0.86
-1.377,-0.893
-1.699,-0.621
-2.102,-0.77
-2.291,-0.847
-2.483,-0.92
-2.689,-0.864
2.577,-0.804
2.137,-0.914
2.046,-0.981
1.894,-0.85
1.395,-0.976
1.325,-0.824
1.211,-1.012
0.69,-0.857
0.524,-0.738
0.448,-0.695
0.376,-0.852
-0.327,-0.706
-0.515,-0.824
-0.777,-0.884
-0.786,-0.635
-0.851,-1.098
-0.914,-0.637
-1.293,3.659
-1.764,3.707
-2.064,3.671
-2.328,3.83
-2.546,3.723
-2.562,3.614
-3.114,3.777
2.368,3.578
1.923,3.656
1.74,3.866
0.912,3.565
0.339,3.534
0.29,3.736
0.305,3.851
0.177,3.433
0.248,3.735
0.146,3.486
0.218,3.515
-0.015,3.757
-0.393,3.75
-0.421,3.854
-0.676,3.727
-2.104,0.317
-3.101,-0.086
2.81,-0.481
3.002,-0.976
1.252,3.773
-0.009,3.638
-1.034,1.827
-1.127,2.04
-1.327,2.926
-1.198,0.845
-1.209,0.018
-1.238,-0.1
-1.38,3.081
-1.396,-0.362
-1.61,0.351
-1.711,0.302
-1.713,0.756
-1.708,1.525
-2.02,2.112
-2.025,0.569
-1.937,-0.576
-2.013,2.149
-2.091,-0.269
-2.196,0.038
-2.207,1.782
-2.334,1.3
-2.324,0.478
-2.284,1.795
-2.302,0.754
-2.312,1.645
-2.525,3.393
-2.406,2.101
-2.556,1.66
-2.558,0.573
-2.484,0.968
-2.541,1.722
-3.035,3.344
-3.047,1.043
-3.078,-0.535
3.01,0.984
2.942,-0.316
2.718,-0.533
2.686,1.638
2.758,1.401
2.69,2.858
2.595,2.424
2.43,0.94
2.43,2.417
2.389,2.32
2.162,1.17
1.946,2.348
1.872,-0.174
1.809,1.61
1.789,1.953
1.582,0.882
1.695,-0.13
1.688,-0.58
1.474,-0.215
1.571,0.561
1.371,1.926
1.482,-0.252
1.466,1.471
1.287,1.693
1.171,0.981
1.152,-0.534
1.009,3.207
0.935,-0.568
1.064,0.686
1.02,0.422
0.861,2.399
0.779,0.414
0.695,-0.363
0.495,2.04
0.176,2.256
0.129,1.169
0.239,2.13
0.051,0.714
0.033,2.078
-0.048,2.311
-0.09,1.862
0.017,-0.397
-0.137,1.468
-0.06,0.48
-0.085,-0.511
-0.15,0.012
-0.327,1.72
-0.497,0.435
-0.785,0.822
-0.817,1.937
-0.748,2.323
-0.78,1.9
-0.929,2.026
-0.941,1.165
-0.997,1.778
-0.967,0.719
-1.016,-0.492
-1.338,-0.52
-1.394,-0.637
-1.619,-0.819
-1.557,-0.889
3.037,-0.947
2.929,-0.913
2.776,-0.717
2.792,-0.674
2.57,-0.78
2.099,-0.785
2.017,-0.771
-0.304,-0.81
-0.901,-0.637
-1.044,-1.008
-1.986,3.495
-1.952,3.456
-2.147,3.735
-2.239,3.68
-2.664,3.729
-2.561,3.63
3.012,3.365
-3.115,3.719
2.957,3.679
2.848,3.745
2.169,3.691
1.533,3.694
0.652,3.524
0.739,3.629
0.386,3.805
0.267,3.791
-0.409,3.427
-0.445,3.783
-0.745,3.815
-0.778,3.64
-0.835,3.534
-1.523,0.296
-2.584,0.956
-2.695,0.717
-3.007,-0.052
1.012,2.497
0.858,1.056
0.832,1.276
0.08,1.976
-0.691,-0.534
2.536,2.713
1.212,1.323
0.631,2.138
0.679,1.675
0.261,0.537
-0.004,1.312
0.055,2.2
-0.29,0.929
-0.396,2.221
-0.61,2.352
-0.644,2.494
2.005,1.243
1.877,2.516
0.486,0.222
-2.428,-0.658
0.387,-0.483
0.03,-0.368
0.041,-1.65
-0.035,0.961
0.02,0.501
0.017,0.111
-0.005,0.298
-0.122,2.096
-0.225,-0.774
-0.175,-1.704
-0.322,0.217
-0.347,-1.295
-0.35,-0.08
-0.4,-0.253
-0.461,-1.059
-0.424,-1.335
-0.489,-0.63
-0.407,-1.283
-0.482,-1.24
-0.587,-1.306
-0.583,1.171
-0.651,-1.189
-0.686,-1.162
-0.715,-1.304
-0.783,-0.267
-0.775,-1.643
-0.745,-1.497
-0.853,-0.269
-0.824,1.0
-0.905,1.172
-0.86,0.877
-0.873,1.191
-0.954,0.526
-1.127,-1.926
-1.263,-1.959
-1.585,-1.687
-1.988,-1.836
-2.177,-1.913
-2.369,-1.986
-2.575,-1.93
2.691,-1.87
2.251,-1.98
2.16,-2.047
2.008,-1.916
1.509,-2.042
1.439,-1.89
1.325,-2.078
0.804,-1.923
0.638,-1.804
0.562,-1.761
0.49,-1.918
-0.213,-1.772
-0.401,-1.89
-0.663,-1.95
-0.672,-1.701
-0.737,-2.164
-0.8,-1.703
-1.179,2.593
-1.65,2.641
-1.95,2.605
-2.214,2.764
-2.432,2.657
-2.448,2.548
-3.0,2.711
2.482,2.512
2.037,2.59
1.854,2.8
1.026,2.499
0.453,2.468
0.404,2.67
0.419,2.785
0.291,2.367
0.362,2.669
0.26,2.42
0.332,2.449
0.099,2.691
-0.279,2.684
-0.307,2.788
-0.562,2.661
-1.99,-0.749
-2.987,-1.152
2.924,-1.547
3.116,-2.042
1.366,2.707
0.105,2.572
-0.92,0.761
-1.013,0.974
-1.213,1.86
-1.084,-0.221
-1.095,-1.048
-1.124,-1.166
-1.266,2.015
-1.282,-1.428
-1.496,-0.715
-1.597,-0.764
-1.599,-0.31
-1.594,0.459
-1.906,1.046
-1.911,-0.497
-1.823,-1.642
-1.899,1.083
-1.977,-1.335
-2.082,-1.028
-2.093,0.716
-2.22,0.234
-2.21,-0.588
-2.17,0.729
-2.188,-0.312
-2.198,0.579
-2.411,2.327
-2.292,1.035
-2.442,0.594
-2.444,-0.493
-2.37,-0.098
-2.427,0.656
-2.921,2.278
-2.933,-0.023
-2.964,-1.601
3.124,-0.082
3.056,-1.382
2.832,-1.599
2.8,0.572
2.872,0.335
2.804,1.792
2.709,1.358
2.544,-0.126
2.544,1.351
2.503,1.254
2.276,0.104
2.06,1.282
1.986,-1.24
1.923,0.544
1.903,0.887
1.696,-0.184
1.809,-1.196
1.802,-1.646
1.588,-1.281
1.685,-0.505
1.485,0.86
1.596,-1.318
1.58,0.405
1.401,0.627
1.285,-0.085
1.266,-1.6
1.123,2.141
1.049,-1.634
1.178,-0.38
1.134,-0.644
0.975,1.333
0.893,-0.652
0.809,-1.429
0.609,0.974
0.29,1.19
0.243,0.103
0.353,1.064
0.165,-0.352
0.147,1.012
0.066,1.245
0.024,0.796
0.131,-1.463
-0.023,0.402
0.054,-0.586
0.029,-1.577
-0.036,-1.054
-0.213,0.654
-0.383,-0.631
-0.671,-0.244
-0.703,0.871
-0.634,1.257
-0.666,0.834
-0.815,0.96
-0.827,0.099
-0.883,0.712
-0.853,-0.347
-0.902,-1.558
-1.224,-1.586
-1.28,-1.703
-1.505,-1.885
-1.443,-1.955
-3.132,-2.013
3.043,-1.979
2.89,-1.783
2.906,-1.74
2.684,-1.846
2.213,-1.851
2.131,-1.837
-0.19,-1.876
-0.787,-1.703
-0.93,-2.074
-1.872,2.429
-1.838,2.39
-2.033,2.669
-2.125,2.614
-2.55,2.663
-2.447,2.564
3.126,2.299
-3.001,2.653
3.071,2.613
2.962,2.679
2.283,2.625
1.647,2.628
0.766,2.458
0.853,2.563
0.5,2.739
0.381,2.725
-0.295,2.361
-0.331,2.717
-0.631,2.749
-0.664,2.574
-0.721,2.468
-1.409,-0.77
-2.47,-0.11
-2.581,-0.349
-2.893,-1.118
1.126,1.431
0.972,-0.01
0.946,0.21
0.194,0.91
-0.577,-1.6
2.65,1.647
1.326,0.257
0.745,1.072
0.793,0.609
0.375,-0.529
0.11,0.246
0.169,1.134
-0.176,-0.137
-0.282,1.155
-0.496,1.286
-0.53,1.428
2.119,0.177
1.991,1.45
0.6,-0.844
-2.314,-1.724
0.501,-1.549
0.144,-1.434
-0.076,2.611
-0.021,2.151
-0.024,1.761
-0.046,1.948
-0.163,3.746
-0.266,0.876
-0.216,-0.054
-0.363,1.867
-0.388,0.355
-0.391,1.57
-0.441,1.397
-0.502,0.591
-0.465,0.315
-0.53,1.02
-0.448,0.367
-0.523,0.41
-0.628,0.344
-0.624,2.821
-0.692,0.461
-0.727,0.488
-0.756,0.346
-0.824,1.383
-0.816,0.007
-0.786,0.153
-0.894,1.381
-0.865,2.65
-0.946,2.822
-0.901,2.527
-0.914,2.841
-0.995,2.176
-1.168,-0.276
-1.304,-0.309
-1.626,-0.037
-2.029,-0.186
-2.218,-0.263
-2.41,-0.336
-2.616,-0.28
2.65,-0.22
2.21,-0.33
2.119,-0.397
1.967,-0.266
1.468,-0.392
1.398,-0.24
1.284,-0.428
0.763,-0.273
0.597,-0.154
0.521,-0.111
0.449,-0.268
-0.254,-0.122
-0.442,-0.24
-0.704,-0.3
-0.713,-0.051
-0.778,-0.514
-0.841,-0.053
-1.22,4.243
-1.691,4.291
-1.991,4.255
-2.255,4.414
-2.473,4.307
-2.489,4.198
-3.041,4.361
2.441,4.162
1.996,4.24
1.813,4.45
0.985,4.149
0.412,4.118
0.363,4.32
0.378,4.435
0.25,4.017
0.321,4.319
0.219,4.07
0.291,4.099
0.058,4.341
-0.32,4.334
-0.348,4.438
-0.603,4.311
-2.031,0.901
-3.028,0.498
2.883,0.103
3.075,-0.392
1.325,4.357
0.064,4.222
-0.961,2.411
-1.054,2.624
-1.254,3.51
-1.125,1.429
-1.136,0.602
-1.165,0.484
-1.307,3.665
-1.323,0.222
-1.537,0.935
-1.638,0.886
-1.64,1.34
-1.635,2.109
-1.947,2.696
-1.952,1.153
-1.864,0.008
-1.94,2.733
-2.018,0.315
-2.123,0.622
-2.134,2.366
-2.261,1.884
-2.251,1.062
-2.211,2.379
-2.229,1.338
-2.239,2.229
-2.452,3.977
-2.333,2.685
-2.483,2.244
-2.485,1.157
-2.411,1.552
-2.468,2.306
-2.962,3.928
-2.974,1.627
-3.005,0.049
3.083,1.568
3.015,0.268
2.791,0.051
2.759,2.222
2.831,1.985
2.763,3.442
2.668,3.008
2.503,1.524
2.503,3.001
2.462,2.904
2.235,1.754
2.019,2.932
1.945,0.41
1.882,2.194
1.862,2.537
1.655,1.466
1.768,0.454
1.761,0.004
1.547,0.369
1.644,1.145
1.444,2.51
1.555,0.332
1.539,2.055
1.36,2.277
1.244,1.565
1.225,0.05
1.082,3.791
1.008,0.016
1.137,1.27
1.093,1.006
0.934,2.983
0.852,0.998
0.768,0.221
0.568,2.624
0.249,2.84
0.202,1.753
0.312,2.714
0.124,1.298
0.106,2.662
0.025,2.895
-0.017,2.446
0.09,0.187
-0.064,2.052
0.013,1.064
-0.012,0.073
-0.077,0.596
-0.254,2.304
-0.424,1.019
-0.712,1.406
-0.744,2.521
-0.675,2.907
-0.707,2.484
-0.856,2.61
-0.868,1.749
-0.924,2.362
-0.894,1.303
-0.943,0.092
-1.265,0.064
-1.321,-0.053
-1.546,-0.235
-1.484,-0.305
3.11,-0.363
3.002,-0.329
2.849,-0.133
2.865,-0.09
2.643,-0.196
2.172,-0.201
2.09,-0.187
-0.231,-0.226
-0.828,-0.053
-0.971,-0.424
-1.913,4.079
-1.879,4.04
-2.074,4.319
-2.166,4.264
-2.591,4.313
-2.488,4.214
3.085,3.949
-3.042,4.303
3.03,4.263
2.921,4.329
2.242,4.275
1.606,4.278
0.725,4.108
0.812,4.213
0.459,4.389
0.34,4.375
-0.336,4.011
-0.372,4.367
-0.672,4.399
-0.705,4.224
-0.762,4.118
-1.45,0.88
-2.511,1.54
-2.622,1.301
-2.934,0.532
1.085,3.081
0.931,1.64
0.905,1.86
0.153,2.56
-0.618,0.05
2.609,3.297
1.285,1.907
0.704,2.722
0.752,2.259
0.334,1.121
0.069,1.896
0.128,2.784
-0.217,1.513
-0.323,2.805
-0.537,2.936
-0.571,3.078
2.078,1.827
1.95,3.1
0.559,0.806
-2.355,-0.074
0.46,0.101
0.103,0.216
0.055,-0.46
0.052,-0.85
0.03,-0.663
-0.087,1.135
-0.19,-1.735
-0.14,-2.665
-0.287,-0.744
-0.312,-2.256
-0.315,-1.041
-0.365,-1.214
-0.426,-2.02
-0.389,-2.296
-0.454,-1.591
-0.372,-2.244
-0.447,-2.201
-0.552,-2.267
-0.548,0.21
-0.616,-2.15
-0.651,-2.123
-0.68,-2.265
-0.748,-1.228
-0.74,-2.604
-0.71,-2.458
-0.818,-1.23
-0.789,0.039
-0.87,0.211
-0.825,-0.084
-0.838,0.23
-0.919,-0.435
-1.092,-2.887
-1.228,-2.92
-1.55,-2.648
-1.953,-2.797
-2.142,-2.874
-2.334,-2.947
-2.54,-2.891
2.726,-2.831
2.286,-2.941
2.195,-3.008
2.043,-2.877
1.544,-3.003
1.474,-2.851
1.36,-3.039
0.839,-2.884
0.673,-2.765
0.597,-2.722
0.525,-2.879
-0.178,-2.733
-0.366,-2.851
-0.628,-2.911
-0.637,-2.662
-0.702,-3.125
-0.765,-2.664
-1.144,1.632
-1.615,1.68
-1.915,1.644
-2.179,1.803
-2.397,1.696
-2.413,1.587
-2.965,1.75
2.517,1.551
2.072,1.629
1.889,1.839
1.061,1.538
0.488,1.507
0.439,1.709
0.454,1.824
0.326,1.406
0.397,1.708
0.295,1.459
0.367,1.488
0.134,1.73
-0.244,1.723
-0.272,1.827
-0.527,1.7
-1.955,-1.71
-2.952,-2.113
2.959,-2.508
-3.132,-3.003
1.401,1.746
0.14,1.611
-0.885,-0.2
-0.978,0.013
-1.178,0.899
-1.049,-1.182
-1.06,-2.009
-1.089,-2.127
-1.231,1.054
-1.247,-2.389
-1.461,-1.676
-1.562,-1.725
-1.564,-1.271
-1.559,-0.502
-1.871,0.085
-1.876,-1.458
-1.788,-2.603
-1.864,0.122
-1.942,-2.296
-2.047,-1.989
-2.058,-0.245
-2.185,-0.727
-2.175,-1.549
-2.135,-0.232
-2.153,-1.273
-2.163,-0.382
-2.376,1.366
-2.257,0.074
-2.407,-0.367
-2.409,-1.454
-2.335,-1.059
-2.392,-0.305
-2.886,1.317
-2.898,-0.984
-2.929,-2.562
-3.124,-1.043
3.091,-2.343
2.867,-2.56
2.835,-0.389
2.907,-0.626
2.839,0.831
2.744,0.397
2.579,-1.087
2.579,0.39
2.538,0.293
2.311,-0.857
2.095,0.321
2.021,-2.201
1.958,-0.417
1.938,-0.074
1.731,-1.145
1.844,-2.157
1.837,-2.607
1.623,-2.242
1.72,-1.466
1.52,-0.101
1.631,-2.279
1.615,-0.556
1.436,-0.334
1.32,-1.046
1.301,-2.561
1.158,1.18
1.084,-2.595
1.213,-1.341
1.169,-1.605
1.01,0.372
0.928,-1.613
0.844,-2.39
0.644,0.013
0.325,0.229
0.278,-0.858
0.388,0.103
0.2,-1.313
0.182,0.051
0.101,0.284
0.059,-0.165
0.166,-2.424
0.012,-0.559
0.089,-1.547
0.064,-2.538
-0.001,-2.015
-0.178,-0.307
-0.348,-1.592
-0.636,-1.205
-0.668,-0.09
-0.599,0.296
-0.631,-0.127
-0.78,-0.001
-0.792,-0.862
-0.848,-0.249
-0.818,-1.308
-0.867,-2.519
-1.189,-2.547
-1.245,-2.664
-1.47,-2.846
-1.408,-2.916
-3.097,-2.974
3.078,-2.94
2.925,-2.744
2.941,-2.701
2.719,-2.807
2.248,-2.812
2.166,-2.798
-0.155,-2.837
-0.752,-2.664
-0.895,-3.035
-1.837,1.468
-1.803,1.429
-1.998,1.708
-2.09,1.653
-2.515,1.702
-2.412,1.603
-3.122,1.338
-2.966,1.692
3.106,1.652
2.997,1.718
2.318,1.664
1.682,1.667
0.801,1.497
0.888,1.602
0.535,1.778
0.416,1.764
-0.26,1.4
-0.296,1.756
-0.596,1.788
-0.629,1.613
-0.686,1.507
-1.374,-1.731
-2.435,-1.071
-2.546,-1.31
-2.858,-2.079
1.161,0.47
1.007,-0.971
0.981,-0.751
0.229,-0.051
-0.542,-2.561
2.685,0.686
1.361,-0.704
0.78,0.111
0.828,-0.352
0.41,-1.49
0.145,-0.715
0.204,0.173
-0.141,-1.098
-0.247,0.194
-0.461,0.325
-0.495,0.467
2.154,-0.784
2.026,0.489
0.635,-1.805
-2.279,-2.685
0.536,-2.51
0.179,-2.395
-0.003,-0.39
-0.025,-0.203
-0.142,1.595
-0.245,-1.275
-0.195,-2.205
-0.342,-0.284
-0.367,-1.796
-0.37,-0.581
-0.42,-0.754
-0.481,-1.56
-0.444,-1.836
-0.509,-1.131
-0.427,-1.784
-0.502,-1.741
-0.607,-1.807
-0.603,0.67
-0.671,-1.69
-0.706,-1.663
-0.735,-1.805
-0.803,-0.768
-0.795,-2.144
-0.765,-1.998
-0.873,-0.77
-0.844,0.499
-0.925,0.671
-0.88,0.376
-0.893,0.69
-0.974,0.025
-1.147,-2.427
-1.283,-2.46
-1.605,-2.188
-2.008,-2.337
-2.197,-2.414
-2.389,-2.487
-2.595,-2.431
2.671,-2.371
2.231,-2.481
2.14,-2.548
1.988,-2.417
1.489,-2.543
1.419,-2.391
1.305,-2.579
0.784,-2.424
0.618,-2.305
0.542,-2.262
0.47,-2.419
-0.233,-2.273
-0.421,-2.391
-0.683,-2.451
-0.692,-2.202
-0.757,-2.665
-0.82,-2.204
-1.199,2.092
-1.67,2.14
-1.97,2.104
-2.234,2.263
-2.452,2.156
-2.468,2.047
-3.02,2.21
2.462,2.011
2.017,2.089
1.834,2.299
1.006,1.998
0.433,1.967
0.384,2.169
0.399,2.284
0.271,1.866
0.342,2.168
0.24,1.919
0.312,1.948
0.079,2.19
-0.299,2.183
-0.327,2.287
-0.582,2.16
-2.01,-1.25
-3.007,-1.653
2.904,-2.048
3.096,-2.543
1.346,2.206
0.085,2.071
-0.94,0.26
-1.033,0.473
-1.233,1.359
-1.104,-0.722
-1.115,-1.549
-1.144,-1.667
-1.286,1.514
-1.302,-1.929
-1.516,-1.216
-1.617,-1.265
-1.619,-0.811
-1.614,-0.042
-1.926,0.545
-1.931,-0.998
-1.843,-2.143
-1.919,0.582
-1.997,-1.836
-2.102,-1.529
-2.113,0.215
-2.24,-0.267
-2.23,-1.089
-2.19,0.228
-2.208,-0.813
-2.218,0.078
-2.431,1.826
-2.312,0.534
-2.462,0.093
-2.464,-0.994
-2.39,-0.599
-2.447,0.155
-2.941,1.777
-2.953,-0.524
-2.984,-2.102
3.104,-0.583
3.036,-1.883
2.812,-2.1
2.78,0.071
2.852,-0.166
2.784,1.291
2.689,0.857
2.524,-0.627
2.524,0.85
2.483,0.753
2.256,-0.397
2.04,0.781
1.966,-1.741
1.903,0.043
1.883,0.386
1.676,-0.685
1.789,-1.697
1.782,-2.147
1.568,-1.782
1.665,-1.006
1.465,0.359
1.576,-1.819
1.56,-0.096
1.381,0.126
1.265,-0.586
1.246,-2.101
1.103,1.64
1.029,-2.135
1.158,-0.881
1.114,-1.145
0.955,0.832
0.873,-1.153
0.789,-1.93
0.589,0.473
0.27,0.689
0.223,-0.398
0.333,0.563
0.145,-0.853
0.127,0.511
0.046,0.744
0.004,0.295
0.111,-1.964
-0.043,-0.099
0.034,-1.087
0.009,-2.078
-0.056,-1.555
-0.233,0.153
-0.403,-1.132
-0.691,-0.745
-0.723,0.37
-0.654,0.756
-0.686,0.333
-0.835,0.459
-0.847,-0.402
-0.903,0.211
-0.873,-0.848
-0.922,-2.059
-1.244,-2.087
-1.3,-2.204
-1.525,-2.386
-1.463,-2.456
3.131,-2.514
3.023,-2.48
2.87,-2.284
2.886,-2.241
2.664,-2.347
2.193,-2.352
2.111,-2.338
-0.21,-2.377
-0.807,-2.204
-0.95,-2.575
-1.892,1.928
-1.858,1.889
-2.053,2.168
-2.145,2.113
-2.57,2.162
-2.467,2.063
3.106,1.798
-3.021,2.152
3.051,2.112
2.942,2.178
2.263,2.124
1.627,2.127
0.746,1.957
0.833,2.062
0.48,2.238
0.361,2.224
-0.315,1.86
-0.351,2.216
-0.651,2.248
-0.684,2.073
-0.741,1.967
-1.429,-1.271
-2.49,-0.611
-2.601,-0.85
-2.913,-1.619
1.106,0.93
0.952,-0.511
0.926,-0.291
0.174,0.409
-0.597,-2.101
2.63,1.146
1.306,-0.244
0.725,0.571
0.773,0.108
0.355,-1.03
0.09,-0.255
0.149,0.633
-0.196,-0.638
-0.302,0.654
-0.516,0.785
-0.55,0.927
2.099,-0.324
1.971,0.949
0.58,-1.345
-2.334,-2.225
0.481,-2.05
0.124,-1.935
-0.022,0.187
-0.139,1.985
-0.242,-0.885
-0.192,-1.815
-0.339,0.106
-0.364,-1.406
-0.367,-0.191
-0.417,-0.364
-0.478,-1.17
-0.441,-1.446
-0.506,-0.741
-0.424,-1.394
-0.499,-1.351
-0.604,-1.417
-0.6,1.06
-0.668,-1.3
-0.703,-1.273
-0.732,-1.415
-0.8,-0.378
-0.792,-1.754
-0.762,-1.608
-0.87,-0.38
-0.841,0.889
-0.922,1.061
-0.877,0.766
-0.89,1.08
-0.971,0.415
-1.144,-2.037
-1.28,-2.07
-1.602,-1.798
-2.005,-1.947
-2.194,-2.024
-2.386,-2.097
-2.592,-2.041
2.674,-1.981
2.234,-2.091
2.143,-2.158
1.991,-2.027
1.492,-2.153
1.422,-2.001
1.308,-2.189
0.787,-2.034
0.621,-1.915
0.545,-1.872
0.473,-2.029
-0.23,-1.883
-0.418,-2.001
-0.68,-2.061
-0.689,-1.812
-0.754,-2.275
-0.817,-1.814
-1.196,2.482
-1.667,2.53
-1.967,2.494
-2.231,2.653
-2.449,2.546
-2.465,2.437
-3.017,2.6
2.465,2.401
2.02,2.479
1.837,2.689
1.009,2.388
0.436,2.357
0.387,2.559
0.402,2.674
0.274,2.256
0.345,2.558
0.243,2.309
0.315,2.338
0.082,2.58
-0.296,2.573
-0.324,2.677
-0.579,2.55
-2.007,-0.86
-3.004,-1.263
2.907,-1.658
3.099,-2.153
1.349,2.596
0.088,2.461
-0.937,0.65
-1.03,0.863
-1.23,1.749
-1.101,-0.332
-1.112,-1.159
-1.141,-1.277
-1.283,1.904
-1.299,-1.539
-1.513,-0.826
-1.614,-0.875
-1.616,-0.421
-1.611,0.348
-1.923,0.935
-1.928,-0.608
-1.84,-1.753
-1.916,0.972
-1.994,-1.446
-2.099,-1.139
-2.11,0.605
-2.237,0.123
-2.227,-0.699
-2.187,0.618
-2.205,-0.423
-2.215,0.468
-2.428,2.216
-2.309,0.924
-2.459,0.483
-2.461,-0.604
-2.387,-0.209
-2.444,0.545
-2.938,2.167
-2.95,-0.134
-2.981,-1.712
3.107,-0.193
3.039,-1.493
2.815,-1.71
2.783,0.461
2.855,0.224
2.787,1.681
2.692,1.247
2.527,-0.237
2.527,1.24
2.486,1.143
2.259,-0.007
2.043,1.171
1.969,-1.351
1.906,0.433
1.886,0.776
1.679,-0.295
1.792,-1.307
1.785,-1.757
1.571,-1.392
1.668,-0.616
1.468,0.749
1.579,-1.429
1.563,0.294
1.384,0.516
1.268,-0.196
1.249,-1.711
1.106,2.03
1.032,-1.745
1.161,-0.491
1.117,-0.755
0.958,1.222
0.876,-0.763
0.792,-1.54
0.592,0.863
0.273,1.079
0.226,-0.008
0.336,0.953
0.148,-0.463
0.13,0.901
0.049,1.134
0.007,0.685
0.114,-1.574
-0.04,0.291
0.037,-0.697
0.012,-1.688
-0.053,-1.165
-0.23,0.543
-0.4,-0.742
-0.688,-0.355
-0.72,0.76
-0.651,1.146
-0.683,0.723
-0.832,0.849
-0.844,-0.012
-0.9,0.601
-0.87,-0.458
-0.919,-1.669
-1.241,-1.697
-1.297,-1.814
-1.522,-1.996
-1.46,-2.066
3.134,-2.124
3.026,-2.09
2.873,-1.894
2.889,-1.851
2.667,-1.957
2.196,-1.962
2.114,-1.948
-0.207,-1.987
-0.804,-1.814
-0.947,-2.185
-1.889,2.318
-1.855,2.279
-2.05,2.558
-2.142,2.503
-2.567,2.552
-2.464,2.453
3.109,2.188
-3.018,2.542
3.054,2.502
2.945,2.568
2.266,2.514
1.63,2.517
0.749,2.347
0.836,2.452
0.483,2.628
0.364,2.614
-0.312,2.25
-0.348,2.606
-0.648,2.638
-0.681,2.463
-0.738,2.357
-1.426,-0.881
-2.487,-0.221
-2.598,-0.46
-2.91,-1.229
1.109,1.32
0.955,-0.121
0.929,0.099
0.177,0.799
-0.594,-1.711
2.633,1.536
1.309,0.146
0.728,0.961
0.776,0.498
0.358,-0.64
0.093,0.135
0.152,1.023
-0.193,-0.248
-0.299,1.044
-0.513,1.175
-0.547,1.317
2.102,0.066
1.974,1.339
0.583,-0.955
-2.331,-1.835
0.484,-1.66
0.127,-1.545
-0.117,1.798
-0.22,-1.072
-0.17,-2.002
-0.317,-0.081
-0.342,-1.593
-0.345,-0.378
-0.395,-0.551
-0.456,-1.357
-0.419,-1.633
-0.484,-0.928
-0.402,-1.581
-0.477,-1.538
-0.582,-1.604
-0.578,0.873
-0.646,-1.487
-0.681,-1.46
-0.71,-1.602
-0.778,-0.565
-0.77,-1.941
-0.74,-1.795
-0.848,-0.567
-0.819,0.702
-0.9,0.874
-0.855,0.579
-0.868,0.893
-0.949,0.228
-1.122,-2.224
-1.258,-2.257
-1.58,-1.985
-1.983,-2.134
-2.172,-2.211
-2.364,-2.284
-2.57,-2.228
2.696,-2.168
2.256,-2.278
2.165,-2.345
2.013,-2.214
1.514,-2.34
1.444,-2.188
1.33,-2.376
0.809,-2.221
0.643,-2.102
0.567,-2.059
0.495,-2.216
-0.208,-2.07
-0.396,-2.188
-0.658,-2.248
-0.667,-1.999
-0.732,-2.462
-0.795,-2.001
-1.174,2.295
-1.645,2.343
-1.945,2.307
-2.209,2.466
-2.427,2.359
-2.443,2.25
-2.995,2.413
2.487,2.214
2.042,2.292
1.859,2.502
1.031,2.201
0.458,2.17
0.409,2.372
0.424,2.487
0.296,2.069
0.367,2.371
0.265,2.122
0.337,2.151
0.104,2.393
-0.274,2.386
-0.302,2.49
-0.557,2.363
-1.985,-1.047
-2.982,-1.45
2.929,-1.845
3.121,-2.34
1.371,2.409
0.11,2.274
-0.915,0.463
-1.008,0.676
-1.208,1.562
-1.079,-0.519
-1.09,-1.346
-1.119,-1.464
-1.261,1.717
-1.277,-1.726
-1.491,-1.013
-1.592,-1.062
-1.594,-0.608
-1.589,0.161
-1.901,0.748
-1.906,-0.795
-1.818,-1.94
-1.894,0.785
-1.972,-1.633
-2.077,-1.326
-2.088,0.418
-2.215,-0.064
-2.205,-0.886
-2.165,0.431
-2.183,-0.61
-2.193,0.281
-2.406,2.029
-2.287,0.737
-2.437,0.296
-2.439,-0.791
-2.365,-0.396
-2.422,0.358
-2.916,1.98
-2.928,-0.321
-2.959,-1.899
3.129,-0.38
3.061,-1.68
2.837,-1.897
2.805,0.274
2.877,0.037
2.809,1.494
2.714,1.06
2.549,-0.424
2.549,1.053
2.508,0.956
2.281,-0.194
2.065,0.984
1.991,-1.538
1.928,0.246
1.908,0.589
1.701,-0.482
1.814,-1.494
1.807,-1.944
1.593,-1.579
1.69,-0.803
1.49,0.562
1.601,-1.616
1.585,0.107
1.406,0.329
1.29,-0.383
1.271,-1.898
1.128,1.843
1.054,-1.932
1.183,-0.678
1.139,-0.942
0.98,1.035
0.898,-0.95
0.814,-1.727
0.614,0.676
0.295,0.892
0.248,-0.195
0.358,0.766
0.17,-0.65
0.152,0.714
0.071,0.947
0.029,0.498
0.136,-1.761
-0.018,0.104
0.059,-0.884
0.034,-1.875
-0.031,-1.352
-0.208,0.356
-0.378,-0.929
-0.666,-0.542
-0.698,0.573
-0.629,0.959
-0.661,0.536
-0.81,0.662
-0.822,-0.199
-0.878,0.414
-0.848,-0.645
-0.897,-1.856
-1.219,-1.884
-1.275,-2.001
-1.5,-2.183
-1.438,-2.253
-3.127,-2.311
3.048,-2.277
2.895,-2.081
2.911,-2.038
2.689,-2.144
2.218,-2.149
2.136,-2.135
-0.185,-2.174
-0.782,-2.001
-0.925,-2.372
-1.867,2.131
-1.833,2.092
-2.028,2.371
-2.12,2.316
-2.545,2.365
-2.442,2.266
3.131,2.001
-2.996,2.355
3.076,2.315
2.967,2.381
2.288,2.327
1.652,2.33
0.771,2.16
0.858,2.265
0.505,2.441
0.386,2.427
-0.29,2.063
-0.326,2.419
-0.626,2.451
-0.659,2.276
-0.716,2.17
-1.404,-1.068
-2.465,-0.408
-2.576,-0.647
-2.888,-1.416
1.131,1.133
0.977,-0.308
0.951,-0.088
0.199,0.612
-0.572,-1.898
2.655,1.349
1.331,-0.041
0.75,0.774
0.798,0.311
0.38,-0.827
0.115,-0.052
0.174,0.836
-0.171,-0.435
-0.277,0.857
-0.491,0.988
-0.525,1.13
2.124,-0.121
1.996,1.152
0.605,-1.142
-2.309,-2.022
0.506,-1.847
0.149,-1.732
-0.103,-2.87
-0.053,-3.8
-0.2,-1.879
-0.225,-3.391
-0.228,-2.176
-0.278,-2.349
-0.339,-3.155
-0.302,-3.431
-0.367,-2.726
-0.285,-3.379
-0.36,-3.336
-0.465,-3.402
-0.461,-0.925
-0.529,-3.285
-0.564,-3.258
-0.593,-3.4
-0.661,-2.363
-0.653,-3.739
-0.623,-3.593
-0.731,-2.365
-0.702,-1.096
-0.783,-0.924
-0.738,-1.219
-0.751,-0.905
-0.832,-1.57
-1.005,-4.022
-1.141,-4.055
-1.463,-3.783
-1.866,-3.932
-2.055,-4.009
-2.247,-4.082
-2.453,-4.026
2.813,-3.966
2.373,-4.076
2.282,-4.143
2.13,-4.012
1.631,-4.138
1.561,-3.986
1.447,-4.174
0.926,-4.019
0.76,-3.9
0.684,-3.857
0.612,-4.014
-0.091,-3.868
-0.279,-3.986
-0.541,-4.046
-0.55,-3.797
-0.615,-4.26
-0.678,-3.799
-1.057,0.497
-1.528,0.545
-1.828,0.509
-2.092,0.668
-2.31,0.561
-2.326,0.452
-2.878,0.615
2.604,0.416
2.159,0.494
1.976,0.704
1.148,0.403
0.575,0.372
0.526,0.574
0.541,0.689
0.413,0.271
0.484,0.573
0.382,0.324
0.454,0.353
0.221,0.595
-0.157,0.588
-0.185,0.692
-0.44,0.565
-1.868,-2.845
-2.865,-3.248
3.046,-3.643
-3.045,-4.138
1.488,0.611
0.227,0.476
-0.798,-1.335
-0.891,-1.122
-1.091,-0.236
-0.962,-2.317
-0.973,-3.144
-1.002,-3.262
-1.144,-0.081
-1.16,-3.524
-1.374,-2.811
-1.475,-2.86
-1.477,-2.406
-1.472,-1.637
-1.784,-1.05
-1.789,-2.593
-1.701,-3.738
-1.777,-1.013
-1.855,-3.431
-1.96,-3.124
-1.971,-1.38
-2.098,-1.862
-2.088,-2.684
-2.048,-1.367
-2.066,-2.408
-2.076,-1.517
-2.289,0.231
-2.17,-1.061
-2.32,-1.502
-2.322,-2.589
-2.248,-2.194
-2.305,-1.44
-2.799,0.182
-2.811,-2.119
-2.842,-3.697
-3.037,-2.178
-3.105,-3.478
2.954,-3.695
2.922,-1.524
2.994,-1.761
2.926,-0.304
2.831,-0.738
2.666,-2.222
2.666,-0.745
2.625,-0.842
2.398,-1.992
2.182,-0.814
2.108,-3.336
2.045,-1.552
2.025,-1.209
1.818,-2.28
1.931,-3.292
1.924,-3.742
1.71,-3.377
1.807,-2.601
1.607,-1.236
1.718,-3.414
1.702,-1.691
1.523,-1.469
1.407,-2.181
1.388,-3.696
1.245,0.045
1.171,-3.73
1.3,-2.476
1.256,-2.74
1.097,-0.763
1.015,-2.748
0.931,-3.525
0.731,-1.122
0.412,-0.906
0.365,-1.993
0.475,-1.032
0.287,-2.448
0.269,-1.084
0.188,-0.851
0.146,-1.3
0.253,-3.559
0.099,-1.694
0.176,-2.682
0.151,-3.673
0.086,-3.15
-0.091,-1.442
-0.261,-2.727
-0.549,-2.34
-0.581,-1.225
-0.512,-0.839
-0.544,-1.262
-0.693,-1.136
-0.705,-1.997
-0.761,-1.384
-0.731,-2.443
-0.78,-3.654
-1.102,-3.682
-1.158,-3.799
-1.383,-3.981
-1.321,-4.051
-3.01,-4.109
-3.118,-4.075
3.012,-3.879
3.028,-3.836
2.806,-3.942
2.335,-3.947
2.253,-3.933
-0.068,-3.972
-0.665,-3.799
-0.808,-4.17
-1.75,0.333
-1.716,0.294
-1.911,0.573
-2.003,0.518
-2.428,0.567
-2.325,0.468
-3.035,0.203
-2.879,0.557
-3.09,0.517
3.084,0.583
2.405,0.529
1.769,0.532
0.888,0.362
0.975,0.467
0.622,0.643
0.503,0.629
-0.173,0.265
-0.209,0.621
-0.509,0.653
-0.542,0.478
-0.599,0.372
-1.287,-2.866
-2.348,-2.206
-2.459,-2.445
-2.771,-3.214
1.248,-0.665
1.094,-2.106
1.068,-1.886
0.316,-1.186
-0.455,-3.696
2.772,-0.449
1.448,-1.839
0.867,-1.024
0.915,-1.487
0.497,-2.625
0.232,-1.85
0.291,-0.962
-0.054,-2.233
-0.16,-0.941
-0.374,-0.81
-0.408,-0.668
2.241,-1.919
2.113,-0.646
0.722,-2.94
-2.192,-3.82
0.623,-3.645
0.266,-3.53
0.05,-0.93
-0.097,0.991
-0.122,-0.521
-0.125,0.694
-0.175,0.521
-0.236,-0.285
-0.199,-0.561
-0.264,0.144
-0.182,-0.509
-0.257,-0.466
-0.362,-0.532
-0.358,1.945
-0.426,-0.415
-0.461,-0.388
-0.49,-0.53
-0.558,0.507
-0.55,-0.869
-0.52,-0.723
-0.628,0.505
-0.599,1.774
-0.68,1.946
-0.635,1.651
-0.648,1.965
-0.729,1.3
-0.902,-1.152
-1.038,-1.185
-1.36,-0.913
-1.763,-1.062
-1.952,-1.139
-2.144,-1.212
-2.35,-1.156
2.916,-1.096
2.476,-1.206
2.385,-1.273
2.233,-1.142
1.734,-1.268
1.664,-1.116
1.55,-1.304
1.029,-1.149
0.863,-1.03
0.787,-0.987
0.715,-1.144
0.012,-0.998
-0.176,-1.116
-0.438,-1.176
-0.447,-0.927
-0.512,-1.39
-0.575,-0.929
-0.954,3.367
-1.425,3.415
-1.725,3.379
-1.989,3.538
-2.207,3.431
-2.223,3.322
-2.775,3.485
2.707,3.286
2.262,3.364
2.079,3.574
1.251,3.273
0.678,3.242
0.629,3.444
0.644,3.559
0.516,3.141
0.587,3.443
0.485,3.194
0.557,3.223
0.324,3.465
-0.054,3.458
-0.082,3.562
-0.337,3.435
-1.765,0.025
-2.762,-0.378
-3.134,-0.773
-2.942,-1.268
1.591,3.481
0.33,3.346
-0.695,1.535
-0.788,1.748
-0.988,2.634
-0.859,0.553
-0.87,-0.274
-0.899,-0.392
-1.041,2.789
-1.057,-0.654
-1.271,0.059
-1.372,0.01
-1.374,0.464
-1.369,1.233
-1.681,1.82
-1.686,0.277
-1.598,-0.868
-1.674,1.857
-1.752,-0.561
-1.857,-0.254
-1.868,1.49
-1.995,1.008
-1.985,0.186
-1.945,1.503
-1.963,0.462
-1.973,1.353
-2.186,3.101
-2.067,1.809
-2.217,1.368
-2.219,0.281
-2.145,0.676
-2.202,1.43
-2.696,3.052
-2.708,0.751
-2.739,-0.827
-2.934,0.692
-3.002,-0.608
3.057,-0.825
3.025,1.346
3.097,1.109
3.029,2.566
2.934,2.132
2.769,0.648
2.769,2.125
2.728,2.028
2.501,0.878
2.285,2.056
2.211,-0.466
2.148,1.318
2.128,1.661
1.921,0.59
2.034,-0.422
2.027,-0.872
1.813,-0.507
1.91,0.269
1.71,1.634
1.821,-0.544
1.805,1.179
1.626,1.401
1.51,0.689
1.491,-0.826
1.348,2.915
1.274,-0.86
1.403,0.394
1.359,0.13
1.2,2.107
1.118,0.122
1.034,-0.655
0.834,1.748
0.515,1.964
0.468,0.877
0.578,1.838
0.39,0.422
0.372,1.786
0.291,2.019
0.249,1.57
0.356,-0.689
0.202,1.176
0.279,0.188
0.254,-0.803
0.189,-0.28
0.012,1.428
-0.158,0.143
-0.446,0.53
-0.478,1.645
-0.409,2.031
-0.441,1.608
-0.59,1.734
-0.602,0.873
-0.658,1.486
-0.628,0.427
-0.677,-0.784
-0.999,-0.812
-1.055,-0.929
-1.28,-1.111
-1.218,-1.181
-2.907,-1.239
-3.015,-1.205
3.115,-1.009
3.131,-0.966
2.909,-1.072
2.438,-1.077
2.356,-1.063
0.035,-1.102
-0.562,-0.929
-0.705,-1.3
-1.647,3.203
-1.613,3.164
-1.808,3.443
-1.9,3.388
-2.325,3.437
-2.222,3.338
-2.932,3.073
-2.776,3.427
-2.987,3.387
-3.096,3.453
2.508,3.399
1.872,3.402
0.991,3.232
1.078,3.337
0.725,3.513
0.606,3.499
-0.07,3.135
-0.106,3.491
-0.406,3.523
-0.439,3.348
-0.496,3.242
-1.184,0.004
-2.245,0.664
-2.356,0.425
-2.668,-0.344
1.351,2.205
1.197,0.764
1.171,0.984
0.419,1.684
-0.352,-0.826
2.875,2.421
1.551,1.031
0.97,1.846
1.018,1.383
0.6,0.245
0.335,1.02
0.394,1.908
0.049,0.637
-0.057,1.929
-0.271,2.06
-0.305,2.202
2.344,0.951
2.216,2.224
0.825,-0.07
-2.089,-0.95
0.726,-0.775
0.369,-0.66
-0.147,1.921
-0.172,0.409
-0.175,1.624
-0.225,1.451
-0.286,0.645
-0.249,0.369
-0.314,1.074
-0.232,0.421
-0.307,0.464
-0.412,0.398
-0.408,2.875
-0.476,0.515
-0.511,0.542
-0.54,0.4
-0.608,1.437
-0.6,0.061
-0.57,0.207
-0.678,1.435
-0.649,2.704
-0.73,2.876
-0.685,2.581
-0.698,2.895
-0.779,2.23
-0.952,-0.222
-1.088,-0.255
-1.41,0.017
-1.813,-0.132
-2.002,-0.209
-2.194,-0.282
-2.4,-0.226
2.866,-0.166
2.426,-0.276
2.335,-0.343
2.183,-0.212
1.684,-0.338
1.614,-0.186
1.5,-0.374
0.979,-0.219
0.813,-0.1
0.737,-0.057
0.665,-0.214
-0.038,-0.068
-0.226,-0.186
-0.488,-0.246
-0.497,0.003
-0.562,-0.46
-0.625,0.001
-1.004,4.297
-1.475,4.345
-1.775,4.309
-2.039,4.468
-2.257,4.361
-2.273,4.252
-2.825,4.415
2.657,4.216
2.212,4.294
2.029,4.504
1.201,4.203
0.628,4.172
0.579,4.374
0.594,4.489
0.466,4.071
0.537,4.373
0.435,4.124
0.507,4.153
0.274,4.395
-0.104,4.388
-0.132,4.492
-0.387,4.365
-1.815,0.955
-2.812,0.552
3.099,0.157
-2.992,-0.338
1.541,4.411
0.28,4.276
-0.745,2.465
-0.838,2.678
-1.038,3.564
-0.909,1.483
-0.92,0.656
-0.949,0.538
-1.091,3.719
-1.107,0.276
-1.321,0.989
-1.422,0.94
-1.424,1.394
-1.419,2.163
-1.731,2.75
-1.736,1.207
-1.648,0.062
-1.724,2.787
-1.802,0.369
-1.907,0.676
-1.918,2.42
-2.045,1.938
-2.035,1.116
-1.995,2.433
-2.013,1.392
-2.023,2.283
-2.236,4.031
-2.117,2.739
-2.267,2.298
-2.269,1.211
-2.195,1.606
-2.252,2.36
-2.746,3.982
-2.758,1.681
-2.789,0.103
-2.984,1.622
-3.052,0.322
3.007,0.105
2.975,2.276
3.047,2.039
2.979,3.496
2.884,3.062
2.719,1.578
2.719,3.055
2.678,2.958
2.451,1.808
2.235,2.986
2.161,0.464
2.098,2.248
2.078,2.591
1.871,1.52
1.984,0.508
1.977,0.058
1.763,0.423
1.86,1.199
1.66,2.564
1.771,0.386
1.755,2.109
1.576,2.331
1.46,1.619
1.441,0.104
1.298,3.845
1.224,0.07
1.353,1.324
1.309,1.06
1.15,3.037
1.068,1.052
0.984,0.275
0.784,2.678
0.465,2.894
0.418,1.807
0.528,2.768
0.34,1.352
0.322,2.716
0.241,2.949
0.199,2.5
0.306,0.241
0.152,2.106
0.229,1.118
0.204,0.127
0.139,0.65
-0.038,2.358
-0.208,1.073
-0.496,1.46
-0.528,2.575
-0.459,2.961
-0.491,2.538
-0.64,2.664
-0.652,1.803
-0.708,2.416
-0.678,1.357
-0.727,0.146
-1.049,0.118
-1.105,0.001
-1.33,-0.181
-1.268,-0.251
-2.957,-0.309
-3.065,-0.275
3.065,-0.079
3.081,-0.036
2.859,-0.142
2.388,-0.147
2.306,-0.133
-0.015,-0.172
-0.612,0.001
-0.755,-0.37
-1.697,4.133
-1.663,4.094
-1.858,4.373
-1.95,4.318
-2.375,4.367
-2.272,4.268
-2.982,4.003
-2.826,4.357
-3.037,4.317
3.137,4.383
2.458,4.329
1.822,4.332
0.941,4.162
1.028,4.267
0.675,4.443
0.556,4.429
-0.12,4.065
-0.156,4.421
-0.456,4.453
-0.489,4.278
-0.546,4.172
-1.234,0.934
-2.295,1.594
-2.406,1.355
-2.718,0.586
1.301,3.135
1.147,1.694
1.121,1.914
0.369,2.614
-0.402,0.104
2.825,3.351
1.501,1.961
0.92,2.776
0.968,2.313
0.55,1.175
0.285,1.95
0.344,2.838
-0.001,1.567
-0.107,2.859
-0.321,2.99
-0.355,3.132
2.294,1.881
2.166,3.154
0.775,0.86
-2.139,-0.02
0.676,0.155
0.319,0.27
-0.025,-1.512
-0.028,-0.297
-0.078,-0.47
-0.139,-1.276
-0.102,-1.552
-0.167,-0.847
-0.085,-1.5
-0.16,-1.457
-0.265,-1.523
-0.261,0.954
-0.329,-1.406
-0.364,-1.379
-0.393,-1.521
-0.461,-0.484
-0.453,-1.86
-0.423,-1.714
-0.531,-0.486
-0.502,0.783
-0.583,0.955
-0.538,0.66
-0.551,0.974
-0.632,0.309
-0.805,-2.143
-0.941,-2.176
-1.263,-1.904
-1.666,-2.053
-1.855,-2.13
-2.047,-2.203
-2.253,-2.147
3.013,-2.087
2.573,-2.197
2.482,-2.264
2.33,-2.133
1.831,-2.259
1.761,-2.107
1.647,-2.295
1.126,-2.14
0.96,-2.021
0.884,-1.978
0.812,-2.135
0.109,-1.989
-0.079,-2.107
-0.341,-2.167
-0.35,-1.918
-0.415,-2.381
-0.478,-1.92
-0.857,2.376
-1.328,2.424
-1.628,2.388
-1.892,2.547
-2.11,2.44
-2.126,2.331
-2.678,2.494
2.804,2.295
2.359,2.373
2.176,2.583
1.348,2.282
0.775,2.251
0.726,2.453
0.741,2.568
0.613,2.15
0.684,2.452
0.582,2.203
0.654,2.232
0.421,2.474
0.043,2.467
0.015,2.571
-0.24,2.444
-1.668,-0.966
-2.665,-1.369
-3.037,-1.764
-2.845,-2.259
1.688,2.49
0.427,2.355
-0.598,0.544
-0.691,0.757
-0.891,1.643
-0.762,-0.438
-0.773,-1.265
-0.802,-1.383
-0.944,1.798
-0.96,-1.645
-1.174,-0.932
-1.275,-0.981
-1.277,-0.527
-1.272,0.242
-1.584,0.829
-1.589,-0.714
-1.501,-1.859
-1.577,0.866
-1.655,-1.552
-1.76,-1.245
-1.771,0.499
-1.898,0.017
-1.888,-0.805
-1.848,0.512
-1.866,-0.529
-1.876,0.362
-2.089,2.11
-1.97,0.818
-2.12,0.377
-2.122,-0.71
-2.048,-0.315
-2.105,0.439
-2.599,2.061
-2.611,-0.24
-2.642,-1.818
-2.837,-0.299
-2.905,-1.599
-3.129,-1.816
3.122,0.355
-3.089,0.118
3.126,1.575
3.031,1.141
2.866,-0.343
2.866,1.134
2.825,1.037
2.598,-0.113
2.382,1.065
2.308,-1.457
2.245,0.327
2.225,0.67
2.018,-0.401
2.131,-1.413
2.124,-1.863
1.91,-1.498
2.007,-0.722
1.807,0.643
1.918,-1.535
1.902,0.188
1.723,0.41
1.607,-0.302
1.588,-1.817
1.445,1.924
1.371,-1.851
1.5,-0.597
1.456,-0.861
1.297,1.116
1.215,-0.869
1.131,-1.646
0.931,0.757
0.612,0.973
0.565,-0.114
0.675,0.847
0.487,-0.569
0.469,0.795
0.388,1.028
0.346,0.579
0.453,-1.68
0.299,0.185
0.376,-0.803
0.351,-1.794
0.286,-1.271
0.109,0.437
-0.061,-0.848
-0.349,-0.461
-0.381,0.654
-0.312,1.04
-0.344,0.617
-0.493,0.743
-0.505,-0.118
-0.561,0.495
-0.531,-0.564
-0.58,-1.775
-0.902,-1.803
-0.958,-1.92
-1.183,-2.102
-1.121,-2.172
-2.81,-2.23
-2.918,-2.196
-3.071,-2.0
-3.055,-1.957
3.006,-2.063
2.535,-2.068
2.453,-2.054
0.132,-2.093
-0.465,-1.92
-0.608,-2.291
-1.55,2.212
-1.516,2.173
-1.711,2.452
-1.803,2.397
-2.228,2.446
-2.125,2.347
-2.835,2.082
-2.679,2.436
-2.89,2.396
-2.999,2.462
2.605,2.408
1.969,2.411
1.088,2.241
1.175,2.346
0.822,2.522
0.703,2.508
0.027,2.144
-0.009,2.5
-0.309,2.532
-0.342,2.357
-0.399,2.251
-1.087,-0.987
-2.148,-0.327
-2.259,-0.566
-2.571,-1.335
1.448,1.214
1.294,-0.227
1.268,-0.007
0.516,0.693
-0.255,-1.817
2.972,1.43
1.648,0.04
1.067,0.855
1.115,0.392
0.697,-0.746
0.432,0.029
0.491,0.917
0.146,-0.354
0.04,0.938
-0.174,1.069
-0.208,1.211
2.441,-0.04
2.313,1.233
0.922,-1.061
-1.992,-1.941
0.823,-1.766
0.466,-1.651
-0.003,1.215
-0.053,1.042
-0.114,0.236
-0.077,-0.04
-0.142,0.665
-0.06,0.012
-0.135,0.055
-0.24,-0.011
-0.236,2.466
-0.304,0.106
-0.339,0.133
-0.368,-0.009
-0.436,1.028
-0.428,-0.348
-0.398,-0.202
-0.506,1.026
-0.477,2.295
-0.558,2.467
-0.513,2.172
-0.526,2.486
-0.607,1.821
-0.78,-0.631
-0.916,-0.664
-1.238,-0.392
-1.641,-0.541
-1.83,-0.618
-2.022,-0.691
-2.228,-0.635
3.038,-0.575
2.598,-0.685
2.507,-0.752
2.355,-0.621
1.856,-0.747
1.786,-0.595
1.672,-0.783
1.151,-0.628
0.985,-0.509
0.909,-0.466
0.837,-0.623
0.134,-0.477
-0.054,-0.595
-0.316,-0.655
-0.325,-0.406
-0.39,-0.869
-0.453,-0.408
-0.832,3.888
-1.303,3.936
-1.603,3.9
-1.867,4.059
-2.085,3.952
-2.101,3.843
-2.653,4.006
2.829,3.807
2.384,3.885
2.201,4.095
1.373,3.794
0.8,3.763
0.751,3.965
0.766,4.08
0.638,3.662
0.709,3.964
0.607,3.715
0.679,3.744
0.446,3.986
0.068,3.979
0.04,4.083
-0.215,3.956
-1.643,0.546
-2.64,0.143
-3.012,-0.252
-2.82,-0.747
1.713,4.002
0.452,3.867
-0.573,2.056
-0.666,2.269
-0.866,3.155
-0.737,1.074
-0.748,0.247
-0.777,0.129
-0.919,3.31
-0.935,-0.133
-1.149,0.58
-1.25,0.531
-1.252,0.985
-1.247,1.754
-1.559,2.341
-1.564,0.798
-1.476,-0.347
-1.552,2.378
-1.63,-0.04
-1.735,0.267
-1.746,2.011
-1.873,1.529
-1.863,0.707
-1.823,2.024
-1.841,0.983
-1.851,1.874
-2.064,3.622
-1.945,2.33
-2.095,1.889
-2.097,0.802
-2.023,1.197
-2.08,1.951
-2.574,3.573
-2.586,1.272
-2.617,-0.306
-2.812,1.213
-2.88,-0.087
-3.104,-0.304
-3.136,1.867
-3.064,1.63
-3.132,3.087
3.056,2.653
2.891,1.169
2.891,2.646
2.85,2.549
2.623,1.399
2.407,2.577
2.333,0.055
2.27,1.839
2.25,2.182
2.043,1.111
2.156,0.099
2.149,-0.351
1.935,0.014
2.032,0.79
1.832,2.155
1.943,-0.023
1.927,1.7
1.748,1.922
1.632,1.21
1.613,-0.305
1.47,3.436
1.396,-0.339
1.525,0.915
1.481,0.651
1.322,2.628
1.24,0.643
1.156,-0.134
0.956,2.269
0.637,2.485
0.59,1.398
0.7,2.359
0.512,0.943
0.494,2.307
0.413,2.54
0.371,2.091
0.478,-0.168
0.324,1.697
0.401,0.709
0.376,-0.282
0.311,0.241
0.134,1.949
-0.036,0.664
-0.324,1.051
-0.356,2.166
-0.287,2.552
-0.319,2.129
-0.468,2.255
-0.48,1.394
-0.536,2.007
-0.506,0.948
-0.555,-0.263
-0.877,-0.291
-0.933,-0.408
-1.158,-0.59
-1.096,-0.66
-2.785,-0.718
-2.893,-0.684
-3.046,-0.488
-3.03,-0.445
3.031,-0.551
2.56,-0.556
2.478,-0.542
0.157,-0.581
-0.44,-0.408
-0.583,-0.779
-1.525,3.724
-1.491,3.685
-1.686,3.964
-1.778,3.909
-2.203,3.958
-2.1,3.859
-2.81,3.594
-2.654,3.948
-2.865,3.908
-2.974,3.974
2.63,3.92
1.994,3.923
1.113,3.753
1.2,3.858
0.847,4.034
0.728,4.02
0.052,3.656
0.016,4.012
-0.284,4.044
-0.317,3.869
-0.374,3.763
-1.062,0.525
-2.123,1.185
-2.234,0.946
-2.546,0.177
1.473,2.726
1.319,1.285
1.293,1.505
0.541,2.205
-0.23,-0.305
2.997,2.942
1.673,1.552
1.092,2.367
1.14,1.904
0.722,0.766
0.457,1.541
0.516,2.429
0.171,1.158
0.065,2.45
-0.149,2.581
-0.183,2.723
2.466,1.472
2.338,2.745
0.947,0.451
-1.967,-0.429
0.848,-0.254
0.491,-0.139
-0.05,-0.173
-0.111,-0.979
-0.074,-1.255
-0.139,-0.55
-0.057,-1.203
-0.132,-1.16
-0.237,-1.226
-0.233,1.251
-0.301,-1.109
-0.336,-1.082
-0.365,-1.224
-0.433,-0.187
-0.425,-1.563
-0.395,-1.417
-0.503,-0.189
-0.474,1.08
-0.555,1.252
-0.51,0.957
-0.523,1.271
-0.604,0.606
-0.777,-1.846
-0.913,-1.879
-1.235,-1.607
-1.638,-1.756
-1.827,-1.833
-2.019,-1.906
-2.225,-1.85
3.041,-1.79
2.601,-1.9
2.51,-1.967
2.358,-1.836
1.859,-1.962
1.789,-1.81
1.675,-1.998
1.154,-1.843
0.988,-1.724
0.912,-1.681
0.84,-1.838
0.137,-1.692
-0.051,-1.81
-0.313,-1.87
-0.322,-1.621
-0.387,-2.084
-0.45,-1.623
-0.829,2.673
-1.3,2.721
-1.6,2.685
-1.864,2.844
-2.082,2.737
-2.098,2.628
-2.65,2.791
2.832,2.592
2.387,2.67
2.204,2.88
1.376,2.579
0.803,2.548
0.754,2.75
0.769,2.865
0.641,2.447
0.712,2.749
0.61,2.5
0.682,2.529
0.449,2.771
0.071,2.764
0.043,2.868
-0.212,2.741
-1.64,-0.669
-2.637,-1.072
-3.009,-1.467
-2.817,-1.962
1.716,2.787
0.455,2.652
-0.57,0.841
-0.663,1.054
-0.863,1.94
-0.734,-0.141
-0.745,-0.968
-0.774,-1.086
-0.916,2.095
-0.932,-1.348
-1.146,-0.635
-1.247,-0.684
-1.249,-0.23
-1.244,0.539
-1.556,1.126
-1.561,-0.417
-1.473,-1.562
-1.549,1.163
-1.627,-1.255
-1.732,-0.948
-1.743,0.796
-1.87,0.314
-1.86,-0.508
-1.82,0.809
-1.838,-0.232
-1.848,0.659
-2.061,2.407
-1.942,1.115
-2.092,0.674
-2.094,-0.413
-2.02,-0.018
-2.077,0.736
-2.571,2.358
-2.583,0.057
-2.614,-1.521
-2.809,-0.002
-2.877,-1.302
-3.101,-1.519
-3.133,0.652
-3.061,0.415
-3.129,1.872
3.059,1.438
2.894,-0.046
2.894,1.431
2.853,1.334
2.626,0.184
2.41,1.362
2.336,-1.16
2.273,0.624
2.253,0.967
2.046,-0.104
2.159,-1.116
2.152,-1.566
1.938,-1.201
2.035,-0.425
1.835,0.94
1.946,-1.238
1.93,0.485
1.751,0.707
1.635,-0.005
1.616,-1.52
1.473,2.221
1.399,-1.554
1.528,-0.3
1.484,-0.564
1.325,1.413
1.243,-0.572
1.159,-1.349
0.959,1.054
0.64,1.27
0.593,0.183
0.703,1.144
0.515,-0.272
0.497,1.092
0.416,1.325
0.374,0.876
0.481,-1.383
0.327,0.482
0.404,-0.506
0.379,-1.497
0.314,-0.974
0.137,0.734
-0.033,-0.551
-0.321,-0.164
-0.353,0.951
-0.284,1.337
-0.316,0.914
-0.465,1.04
-0.477,0.179
-0.533,0.792
-0.503,-0.267
-0.552,-1.478
-0.874,-1.506
-0.93,-1.623
-1.155,-1.805
-1.093,-1.875
-2.782,-1.933
-2.89,-1.899
-3.043,-1.703
-3.027,-1.66
3.034,-1.766
2.563,-1.771
2.481,-1.757
0.16,-1.796
-0.437,-1.623
-0.58,-1.994
-1.522,2.509
-1.488,2.47
-1.683,2.749
-1.775,2.694
-2.2,2.743
-2.097,2.644
-2.807,2.379
-2.651,2.733
-2.862,2.693
-2.971,2.759
2.633,2.705
1.997,2.708
1.116,2.538
1.203,2.643
0.85,2.819
0.731,2.805
0.055,2.441
0.019,2.797
-0.281,2.829
-0.314,2.654
-0.371,2.548
-1.059,-0.69
-2.12,-0.03
-2.231,-0.269
-2.543,-1.038
1.476,1.511
1.322,0.07
1.296,0.29
0.544,0.99
-0.227,-1.52
3.0,1.727
1.676,0.337
1.095,1.152
1.143,0.689
0.725,-0.449
0.46,0.326
0.519,1.214
0.174,-0.057
0.068,1.235
-0.146,1.366
-0.18,1.508
2.469,0.257
2.341,1.53
0.95,-0.764
-1.964,-1.644
0.851,-1.469
0.494,-1.354
-0.061,-0.806
-0.024,-1.082
-0.089,-0.377
-0.007,-1.03
-0.082,-0.987
-0.187,-1.053
-0.183,1.424
-0.251,-0.936
-0.286,-0.909
-0.315,-1.051
-0.383,-0.014
-0.375,-1.39
-0.345,-1.244
-0.453,-0.016
-0.424,1.253
-0.505,1.425
-0.46,1.13
-0.473,1.444
-0.554,0.779
-0.727,-1.673
-0.863,-1.706
-1.185,-1.434
-1.588,-1.583
-1.777,-1.66
-1.969,-1.733
-2.175,-1.677
3.091,-1.617
2.651,-1.727
2.56,-1.794
2.408,-1.663
1.909,-1.789
1.839,-1.637
1.725,-1.825
1.204,-1.67
1.038,-1.551
0.962,-1.508
0.89,-1.665
0.187,-1.519
-0.001,-1.637
-0.263,-1.697
-0.272,-1.448
-0.337,-1.911
-0.4,-1.45
-0.779,2.846
-1.25,2.894
-1.55,2.858
-1.814,3.017
-2.032,2.91
-2.048,2.801
-2.6,2.964
2.882,2.765
2.437,2.843
2.254,3.053
1.426,2.752
0.853,2.721
0.804,2.923
0.819,3.038
0.691,2.62
0.762,2.922
0.66,2.673
0.732,2.702
0.499,2.944
0.121,2.937
0.093,3.041
-0.162,2.914
-1.59,-0.496
-2.587,-0.899
-2.959,-1.294
-2.767,-1.789
1.766,2.96
0.505,2.825
-0.52,1.014
-0.613,1.227
-0.813,2.113
-0.684,0.032
-0.695,-0.795
-0.724,-0.913
-0.866,2.268
-0.882,-1.175
-1.096,-0.462
-1.197,-0.511
-1.199,-0.057
-1.194,0.712
-1.506,1.299
-1.511,-0.244
-1.423,-1.389
-1.499,1.336
-1.577,-1.082
-1.682,-0.775
-1.693,0.969
-1.82,0.487
-1.81,-0.335
-1.77,0.982
-1.788,-0.059
-1.798,0.832
-2.011,2.58
-1.892,1.288
-2.042,0.847
-2.044,-0.24
-1.97,0.155
-2.027,0.909
-2.521,2.531
-2.533,0.23
-2.564,-1.348
-2.759,0.171
-2.827,-1.129
-3.051,-1.346
-3.083,0.825
-3.011,0.588
-3.079,2.045
3.109,1.611
2.944,0.127
2.944,1.604
2.903,1.507
2.676,0.357
2.46,1.535
2.386,-0.987
2.323,0.797
2.303,1.14
2.096,0.069
2.209,-0.943
2.202,-1.393
1.988,-1.028
2.085,-0.252
1.885,1.113
1.996,-1.065
1.98,0.658
1.801,0.88
1.685,0.168
1.666,-1.347
1.523,2.394
1.449,-1.381
1.578,-0.127
1.534,-0.391
1.375,1.586
1.293,-0.399
1.209,-1.176
1.009,1.227
0.69,1.443
0.643,0.356
0.753,1.317
0.565,-0.099
0.547,1.265
0.466,1.498
0.424,1.049
0.531,-1.21
0.377,0.655
0.454,-0.333
0.429,-1.324
0.364,-0.801
0.187,0.907
0.017,-0.378
-0.271,0.009
-0.303,1.124
-0.234,1.51
-0.266,1.087
-0.415,1.213
-0.427,0.352
-0.483,0.965
-0.453,-0.094
-0.502,-1.305
-0.824,-1.333
-0.88,-1.45
-1.105,-1.632
-1.043,-1.702
-2.732,-1.76
-2.84,-1.726
-2.993,-1.53
-2.977,-1.487
3.084,-1.593
2.613,-1.598
2.531,-1.584
0.21,-1.623
-0.387,-1.45
-0.53,-1.821
-1.472,2.682
-1.438,2.643
-1.633,2.922
-1.725,2.867
-2.15,2.916
-2.047,2.817
-2.757,2.552
-2.601,2.906
-2.812,2.866
-2.921,2.932
2.683,2.878
2.047,2.881
1.166,2.711
1.253,2.816
0.9,2.992
0.781,2.978
0.105,2.614
0.069,2.97
-0.231,3.002
-0.264,2.827
-0.321,2.721
-1.009,-0.517
-2.07,0.143
-2.181,-0.096
-2.493,-0.865
1.526,1.684
1.372,0.243
1.346,0.463
0.594,1.163
-0.177,-1.347
3.05,1.9
1.726,0.51
1.145,1.325
1.193,0.862
0.775,-0.276
0.51,0.499
0.569,1.387
0.224,0.116
0.118,1.408
-0.096,1.539
-0.13,1.681
2.519,0.43
2.391,1.703
1.0,-0.591
-1.914,-1.471
0.901,-1.296
0.544,-1.181
0.037,-0.276
-0.028,0.429
0.054,-0.224
-0.021,-0.181
-0.126,-0.247
-0.122,2.23
-0.19,-0.13
-0.225,-0.103
-0.254,-0.245
-0.322,0.792
-0.314,-0.584
-0.284,-0.438
-0.392,0.79
-0.363,2.059
-0.444,2.231
-0.399,1.936
-0.412,2.25
-0.493,1.585
-0.666,-0.867
-0.802,-0.9
-1.124,-0.628
-1.527,-0.777
-1.716,-0.854
-1.908,-0.927
-2.114,-0.871
-3.131,-0.811
2.712,-0.921
2.621,-0.988
2.469,-0.857
1.97,-0.983
1.9,-0.831
1.786,-1.019
1.265,-0.864
1.099,-0.745
1.023,-0.702
0.951,-0.859
0.248,-0.713
0.06,-0.831
-0.202,-0.891
-0.211,-0.642
-0.276,-1.105
-0.339,-0.644
-0.718,3.652
-1.189,3.7
-1.489,3.664
-1.753,3.823
-1.971,3.716
-1.987,3.607
-2.539,3.77
2.943,3.571
2.498,3.649
2.315,3.859
1.487,3.558
0.914,3.527
0.865,3.729
0.88,3.844
0.752,3.426
0.823,3.728
0.721,3.479
0.793,3.508
0.56,3.75
0.182,3.743
0.154,3.847
-0.101,3.72
-1.529,0.31
-2.526,-0.093
-2.898,-0.488
-2.706,-0.983
1.827,3.766
0.566,3.631
-0.459,1.82
-0.552,2.033
-0.752,2.919
-0.623,0.838
-0.634,0.011
-0.663,-0.107
-0.805,3.074
-0.821,-0.369
-1.035,0.344
-1.136,0.295
-1.138,0.749
-1.133,1.518
-1.445,2.105
-1.45,0.562
-1.362,-0.583
-1.438,2.142
-1.516,-0.276
-1.621,0.031
-1.632,1.775
-1.759,1.293
-1.749,0.471
-1.709,1.788
-1.727,0.747
-1.737,1.638
-1.95,3.386
-1.831,2.094
-1.981,1.653
-1.983,0.566
-1.909,0.961
-1.966,1.715
-2.46,3.337
-2.472,1.036
-2.503,-0.542
-2.698,0.977
-2.766,-0.323
-2.99,-0.54
-3.022,1.631
-2.95,1.394
-3.018,2.851
-3.113,2.417
3.005,0.933
3.005,2.41
2.964,2.313
2.737,1.163
2.521,2.341
2.447,-0.181
2.384,1.603
2.364,1.946
2.157,0.875
2.27,-0.137
2.263,-0.587
2.049,-0.222
2.146,0.554
1.946,1.919
2.057,-0.259
2.041,1.464
1.862,1.686
1.746,0.974
1.727,-0.541
1.584,3.2
1.51,-0.575
1.639,0.679
1.595,0.415
1.436,2.392
1.354,0.407
1.27,-0.37
1.07,2.033
0.751,2.249
0.704,1.162
0.814,2.123
0.626,0.707
0.608,2.071
0.527,2.304
0.485,1.855
0.592,-0.404
0.438,1.461
0.515,0.473
0.49,-0.518
0.425,0.005
0.248,1.713
0.078,0.428
-0.21,0.815
-0.242,1.93
-0.173,2.316
-0.205,1.893
-0.354,2.019
-0.366,1.158
-0.422,1.771
-0.392,0.712
-0.441,-0.499
-0.763,-0.527
-0.819,-0.644
-1.044,-0.826
-0.982,-0.896
-2.671,-0.954
-2.779,-0.92
-2.932,-0.724
-2.916,-0.681
-3.138,-0.787
2.674,-0.792
2.592,-0.778
0.271,-0.817
-0.326,-0.644
-0.469,-1.015
-1.411,3.488
-1.377,3.449
-1.572,3.728
-1.664,3.673
-2.089,3.722
-1.986,3.623
-2.696,3.358
-2.54,3.712
-2.751,3.672
-2.86,3.738
2.744,3.684
2.108,3.687
1.227,3.517
1.314,3.622
0.961,3.798
0.842,3.784
0.166,3.42
0.13,3.776
-0.17,3.808
-0.203,3.633
-0.26,3.527
-0.948,0.289
-2.009,0.949
-2.12,0.71
-2.432,-0.059
1.587,2.49
1.433,1.049
1.407,1.269
0.655,1.969
-0.116,-0.541
3.111,2.706
1.787,1.316
1.206,2.131
1.254,1.668
0.836,0.53
0.571,1.305
0.63,2.193
0.285,0.922
0.179,2.214
-0.035,2.345
-0.069,2.487
2.58,1.236
2.452,2.509
1.061,0.215
-1.853,-0.665
0.962,-0.49
0.605,-0.375
-0.065,0.705
0.017,0.052
-0.058,0.095
-0.163,0.029
-0.159,2.506
-0.227,0.146
-0.262,0.173
-0.291,0.031
-0.359,1.068
-0.351,-0.308
-0.321,-0.162
-0.429,1.066
-0.4,2.335
-0.481,2.507
-0.436,2.212
-0.449,2.526
-0.53,1.861
-0.703,-0.591
-0.839,-0.624
-1.161,-0.352
-1.564,-0.501
-1.753,-0.578
-1.945,-0.651
-2.151,-0.595
3.115,-0.535
2.675,-0.645
2.584,-0.712
2.432,-0.581
1.933,-0.707
1.863,-0.555
1.749,-0.743
1.228,-0.588
1.062,-0.469
0.986,-0.426
0.914,-0.583
0.211,-0.437
0.023,-0.555
-0.239,-0.615
-0.248,-0.366
-0.313,-0.829
-0.376,-0.368
-0.755,3.928
-1.226,3.976
-1.526,3.94
-1.79,4.099
-2.008,3.992
-2.024,3.883
-2.576,4.046
2.906,3.847
2.461,3.925
2.278,4.135
1.45,3.834
0.877,3.803
0.828,4.005
0.843,4.12
0.715,3.702
0.786,4.004
0.684,3.755
0.756,3.784
0.523,4.026
0.145,4.019
0.117,4.123
-0.138,3.996
-1.566,0.586
-2.563,0.183
-2.935,-0.212
-2.743,-0.707
1.79,4.042
0.529,3.907
-0.496,2.096
-0.589,2.309
-0.789,3.195
-0.66,1.114
-0.671,0.287
-0.7,0.169
-0.842,3.35
-0.858,-0.093
-1.072,0.62
-1.173,0.571
-1.175,1.025
-1.17,1.794
-1.482,2.381
-1.487,0.838
-1.399,-0.307
-1.475,2.418
-1.553,0.0
-1.658,0.307
-1.669,2.051
-1.796,1.569
-1.786,0.747
-1.746,2.064
-1.764,1.023
-1.774,1.914
-1.987,3.662
-1.868,2.37
-2.018,1.929
-2.02,0.842
-1.946,1.237
-2.003,1.991
-2.497,3.613
-2.509,1.312
-2.54,-0.266
-2.735,1.253
-2.803,-0.047
-3.027,-0.264
-3.059,1.907
-2.987,1.67
-3.055,3.127
3.133,2.693
2.968,1.209
2.968,2.686
2.927,2.589
2.7,1.439
2.484,2.617
2.41,0.095
2.347,1.879
2.327,2.222
2.12,1.151
2.233,0.139
2.226,-0.311
2.012,0.054
2.109,0.83
1.909,2.195
2.02,0.017
2.004,1.74
1.825,1.962
1.709,1.25
1.69,-0.265
1.547,3.476
1.473,-0.299
1.602,0.955
1.558,0.691
1.399,2.668
1.317,0.683
1.233,-0.094
1.033,2.309
0.714,2.525
0.667,1.438
0.777,2.399
0.589,0.983
0.571,2.347
0.49,2.58
0.448,2.131
0.555,-0.128
0.401,1.737
0.478,0.749
0.453,-0.242
0.388,0.281
0.211,1.989
0.041,0.704
-0.247,1.091
-0.279,2.206
-0.21,2.592
-0.242,2.169
-0.391,2.295
-0.403,1.434
-0.459,2.047
-0.429,0.988
-0.478,-0.223
-0.8,-0.251
-0.856,-0.368
-1.081,-0.55
-1.019,-0.62
-2.708,-0.678
-2.816,-0.644
-2.969,-0.448
-2.953,-0.405
3.108,-0.511
2.637,-0.516
2.555,-0.502
0.234,-0.541
-0.363,-0.368
-0.506,-0.739
-1.448,3.764
-1.414,3.725
-1.609,4.004
-1.701,3.949
-2.126,3.998
-2.023,3.899
-2.733,3.634
-2.577,3.988
-2.788,3.948
-2.897,4.014
2.707,3.96
2.071,3.963
1.19,3.793
1.277,3.898
0.924,4.074
0.805,4.06
0.129,3.696
0.093,4.052
-0.207,4.084
-0.24,3.909
-0.297,3.803
-0.985,0.565
-2.046,1.225
-2.157,0.986
-2.469,0.217
1.55,2.766
1.396,1.325
1.37,1.545
0.618,2.245
-0.153,-0.265
3.074,2.982
1.75,1.592
1.169,2.407
1.217,1.944
0.799,0.806
0.534,1.581
0.593,2.469
0.248,1.198
0.142,2.49
-0.072,2.621
-0.106,2.763
2.543,1.512
2.415,2.785
1.024,0.491
-1.89,-0.389
0.925,-0.214
0.568,-0.099
0.082,-0.653
0.007,-0.61
-0.098,-0.676
-0.094,1.801
-0.162,-0.559
-0.197,-0.532
-0.226,-0.674
-0.294,0.363
-0.286,-1.013
-0.256,-0.867
-0.364,0.361
-0.335,1.63
-0.416,1.802
-0.371,1.507
-0.384,1.821
-0.465,1.156
-0.638,-1.296
-0.774,-1.329
-1.096,-1.057
-1.499,-1.206
-1.688,-1.283
-1.88,-1.356
-2.086,-1.3
-3.103,-1.24
2.74,-1.35
2.649,-1.417
2.497,-1.286
1.998,-1.412
1.928,-1.26
1.814,-1.448
1.293,-1.293
1.127,-1.174
1.051,-1.131
0.979,-1.288
0.276,-1.142
0.088,-1.26
-0.174,-1.32
-0.183,-1.071
-0.248,-1.534
-0.311,-1.073
-0.69,3.223
-1.161,3.271
-1.461,3.235
-1.725,3.394
-1.943,3.287
-1.959,3.178
-2.511,3.341
2.971,3.142
2.526,3.22
2.343,3.43
1.515,3.129
0.942,3.098
0.893,3.3
0.908,3.415
0.78,2.997
0.851,3.299
0.749,3.05
0.821,3.079
0.588,3.321
0.21,3.314
0.182,3.418
-0.073,3.291
-1.501,-0.119
-2.498,-0.522
-2.87,-0.917
-2.678,-1.412
1.855,3.337
0.594,3.202
-0.431,1.391
-0.524,1.604
-0.724,2.49
-0.595,0.409
-0.606,-0.418
-0.635,-0.536
-0.777,2.645
-0.793,-0.798
-1.007,-0.085
-1.108,-0.134
-1.11,0.32
-1.105,1.089
-1.417,1.676
-1.422,0.133
-1.334,-1.012
-1.41,1.713
-1.488,-0.705
-1.593,-0.398
-1.604,1.346
-1.731,0.864
-1.721,0.042
-1.681,1.359
-1.699,0.318
-1.709,1.209
-1.922,2.957
-1.803,1.665
-1.953,1.224
-1.955,0.137
-1.881,0.532
-1.938,1.286
-2.432,2.908
-2.444,0.607
-2.475,-0.971
-2.67,0.548
-2.738,-0.752
-2.962,-0.969
-2.994,1.202
-2.922,0.965
-2.99,2.422
-3.085,1.988
3.033,0.504
3.033,1.981
2.992,1.884
2.765,0.734
2.549,1.912
2.475,-0.61
2.412,1.174
2.392,1.517
2.185,0.446
2.298,-0.566
2.291,-1.016
2.077,-0.651
2.174,0.125
1.974,1.49
2.085,-0.688
2.069,1.035
1.89,1.257
1.774,0.545
1.755,-0.97
1.612,2.771
1.538,-1.004
1.667,0.25
1.623,-0.014
1.464,1.963
1.382,-0.022
1.298,-0.799
1.098,1.604
0.779,1.82
0.732,0.733
0.842,1.694
0.654,0.278
0.636,1.642
0.555,1.875
0.513,1.426
0.62,-0.833
0.466,1.032
0.543,0.044
0.518,-0.947
0.453,-0.424
0.276,1.284
0.106,-0.001
-0.182,0.386
-0.214,1.501
-0.145,1.887
-0.177,1.464
-0.326,1.59
-0.338,0.729
-0.394,1.342
-0.364,0.283
-0.413,-0.928
-0.735,-0.956
-0.791,-1.073
-1.016,-1.255
-0.954,-1.325
-2.643,-1.383
-2.751,-1.349
-2.904,-1.153
-2.888,-1.11
-3.11,-1.216
2.702,-1.221
2.62,-1.207
0.299,-1.246
-0.298,-1.073
-0.441,-1.444
-1.383,3.059
-1.349,3.02
-1.544,3.299
-1.636,3.244
-2.061,3.293
-1.958,3.194
-2.668,2.929
-2.512,3.283
-2.723,3.243
-2.832,3.309
2.772,3.255
2.136,3.258
1.255,3.088
1.342,3.193
0.989,3.369
0.87,3.355
0.194,2.991
0.158,3.347
-0.142,3.379
-0.175,3.204
-0.232,3.098
-0.92,-0.14
-1.981,0.52
-2.092,0.281
-2.404,-0.488
1.615,2.061
1.461,0.62
1.435,0.84
0.683,1.54
-0.088,-0.97
3.139,2.277
1.815,0.887
1.234,1.702
1.282,1.239
0.864,0.101
0.599,0.876
0.658,1.764
0.313,0.493
0.207,1.785
-0.007,1.916
-0.041,2.058
2.608,0.807
2.48,2.08
1.089,-0.214
-1.825,-1.094
0.99,-0.919
0.633,-0.804
-0.075,0.043
-0.18,-0.023
-0.176,2.454
-0.244,0.094
-0.279,0.121
-0.308,-0.021
-0.376,1.016
-0.368,-0.36
-0.338,-0.214
-0.446,1.014
-0.417,2.283
-0.498,2.455
-0.453,2.16
-0.466,2.474
-0.547,1.809
-0.72,-0.643
-0.856,-0.676
-1.178,-0.404
-1.581,-0.553
-1.77,-0.63
-1.962,-0.703
-2.168,-0.647
3.098,-0.587
2.658,-0.697
2.567,-0.764
2.415,-0.633
1.916,-0.759
1.846,-0.607
1.732,-0.795
1.211,-0.64
1.045,-0.521
0.969,-0.478
0.897,-0.635
0.194,-0.489
0.006,-0.607
-0.256,-0.667
-0.265,-0.418
-0.33,-0.881
-0.393,-0.42
-0.772,3.876
-1.243,3.924
-1.543,3.888
-1.807,4.047
-2.025,3.94
-2.041,3.831
-2.593,3.994
2.889,3.795
2.444,3.873
2.261,4.083
1.433,3.782
0.86,3.751
0.811,3.953
0.826,4.068
0.698,3.65
0.769,3.952
0.667,3.703
0.739,3.732
0.506,3.974
0.128,3.967
0.1,4.071
-0.155,3.944
-1.583,0.534
-2.58,0.131
-2.952,-0.264
-2.76,-0.759
1.773,3.99
0.512,3.855
-0.513,2.044
-0.606,2.257
-0.806,3.143
-0.677,1.062
-0.688,0.235
-0.717,0.117
-0.859,3.298
-0.875,-0.145
-1.089,0.568
-1.19,0.519
-1.192,0.973
-1.187,1.742
-1.499,2.329
-1.504,0.786
-1.416,-0.359
-1.492,2.366
-1.57,-0.052
-1.675,0.255
-1.686,1.999
-1.813,1.517
-1.803,0.695
-1.763,2.012
-1.781,0.971
-1.791,1.862
-2.004,3.61
-1.885,2.318
-2.035,1.877
-2.037,0.79
-1.963,1.185
-2.02,1.939
-2.514,3.561
-2.526,1.26
-2.557,-0.318
-2.752,1.201
-2.82,-0.099
-3.044,-0.316
-3.076,1.855
-3.004,1.618
-3.072,3.075
3.116,2.641
2.951,1.157
2.951,2.634
2.91,2.537
2.683,1.387
2.467,2.565
2.393,0.043
2.33,1.827
2.31,2.17
2.103,1.099
2.216,0.087
2.209,-0.363
1.995,0.002
2.092,0.778
1.892,2.143
2.003,-0.035
1.987,1.688
1.808,1.91
1.692,1.198
1.673,-0.317
1.53,3.424
1.456,-0.351
1.585,0.903
1.541,0.639
1.382,2.616
1.3,0.631
1.216,-0.146
1.016,2.257
0.697,2.473
0.65,1.386
0.76,2.347
0.572,0.931
0.554,2.295
0.473,2.528
0.431,2.079
0.538,-0.18
0.384,1.685
0.461,0.697
0.436,-0.294
0.371,0.229
0.194,1.937
0.024,0.652
-0.264,1.039
-0.296,2.154
-0.227,2.54
-0.259,2.117
-0.408,2.243
-0.42,1.382
-0.476,1.995
-0.446,0.936
-0.495,-0.275
-0.817,-0.303
-0.873,-0.42
-1.098,-0.602
-1.036,-0.672
-2.725,-0.73
-2.833,-0.696
-2.986,-0.5
-2.97,-0.457
3.091,-0.563
2.62,-0.568
2.538,-0.554
0.217,-0.593
-0.38,-0.42
-0.523,-0.791
-1.465,3.712
-1.431,3.673
-1.626,3.952
-1.718,3.897
-2.143,3.946
-2.04,3.847
-2.75,3.582
-2.594,3.936
-2.805,3.896
-2.914,3.962
2.69,3.908
2.054,3.911
1.173,3.741
1.26,3.846
0.907,4.022
0.788,4.008
0.112,3.644
0.076,4.0
-0.224,4.032
-0.257,3.857
-0.314,3.751
-1.002,0.513
-2.063,1.173
-2.174,0.934
-2.486,0.165
1.533,2.714
1.379,1.273
1.353,1.493
0.601,2.193
-0.17,-0.317
3.057,2.93
1.733,1.54
1.152,2.355
1.2,1.892
0.782,0.754
0.517,1.529
0.576,2.417
0.231,1.146
0.125,2.438
-0.089,2.569
-0.123,2.711
2.526,1.46
2.398,2.733
1.007,0.439
-1.907,-0.441
0.908,-0.266
0.551,-0.151
-0.105,-0.066
-0.101,2.411
-0.169,0.051
-0.204,0.078
-0.233,-0.064
-0.301,0.973
-0.293,-0.403
-0.263,-0.257
-0.371,0.971
-0.342,2.24
-0.423,2.412
-0.378,2.117
-0.391,2.431
-0.472,1.766
-0.645,-0.686
-0.781,-0.719
-1.103,-0.447
-1.506,-0.596
-1.695,-0.673
-1.887,-0.746
-2.093,-0.69
-3.11,-0.63
2.733,-0.74
2.642,-0.807
2.49,-0.676
1.991,-0.802
1.921,-0.65
1.807,-0.838
1.286,-0.683
1.12,-0.564
1.044,-0.521
0.972,-0.678
0.269,-0.532
0.081,-0.65
-0.181,-0.71
-0.19,-0.461
-0.255,-0.924
-0.318,-0.463
-0.697,3.833
-1.168,3.881
-1.468,3.845
-1.732,4.004
-1.95,3.897
-1.966,3.788
-2.518,3.951
2.964,3.752
2.519,3.83
2.336,4.04
1.508,3.739
0.935,3.708
0.886,3.91
0.901,4.025
0.773,3.607
0.844,3.909
0.742,3.66
0.814,3.689
0.581,3.931
0.203,3.924
0.175,4.028
-0.08,3.901
-1.508,0.491
-2.505,0.088
-2.877,-0.307
-2.685,-0.802
1.848,3.947
0.587,3.812
-0.438,2.001
-0.531,2.214
-0.731,3.1
-0.602,1.019
-0.613,0.192
-0.642,0.074
-0.784,3.255
-0.8,-0.188
-1.014,0.525
-1.115,0.476
-1.117,0.93
-1.112,1.699
-1.424,2.286
-1.429,0.743
-1.341,-0.402
-1.417,2.323
-1.495,-0.095
-1.6,0.212
-1.611,1.956
-1.738,1.474
-1.728,0.652
-1.688,1.969
-1.706,0.928
-1.716,1.819
-1.929,3.567
-1.81,2.275
-1.96,1.834
-1.962,0.747
-1.888,1.142
-1.945,1.896
-2.439,3.518
-2.451,1.217
-2.482,-0.361
-2.677,1.158
-2.745,-0.142
-2.969,-0.359
-3.001,1.812
-2.929,1.575
-2.997,3.032
-3.092,2.598
3.026,1.114
3.026,2.591
2.985,2.494
2.758,1.344
2.542,2.522
2.468,0.0
2.405,1.784
2.385,2.127
2.178,1.056
2.291,0.044
2.284,-0.406
2.07,-0.041
2.167,0.735
1.967,2.1
2.078,-0.078
2.062,1.645
1.883,1.867
1.767,1.155
1.748,-0.36
1.605,3.381
1.531,-0.394
1.66,0.86
1.616,0.596
1.457,2.573
1.375,0.588
1.291,-0.189
1.091,2.214
0.772,2.43
0.725,1.343
0.835,2.304
0.647,0.888
0.629,2.252
0.548,2.485
0.506,2.036
0.613,-0.223
0.459,1.642
0.536,0.654
0.511,-0.337
0.446,0.186
0.269,1.894
0.099,0.609
-0.189,0.996
-0.221,2.111
-0.152,2.497
-0.184,2.074
-0.333,2.2
-0.345,1.339
-0.401,1.952
-0.371,0.893
-0.42,-0.318
-0.742,-0.346
-0.798,-0.463
-1.023,-0.645
-0.961,-0.715
-2.65,-0.773
-2.758,-0.739
-2.911,-0.543
-2.895,-0.5
-3.117,-0.606
2.695,-0.611
2.613,-0.597
0.292,-0.636
-0.305,-0.463
-0.448,-0.834
-1.39,3.669
-1.356,3.63
-1.551,3.909
-1.643,3.854
-2.068,3.903
-1.965,3.804
-2.675,3.539
-2.519,3.893
-2.73,3.853
-2.839,3.919
2.765,3.865
2.129,3.868
1.248,3.698
1.335,3.803
0.982,3.979
0.863,3.965
0.187,3.601
0.151,3.957
-0.149,3.989
-0.182,3.814
-0.239,3.708
-0.927,0.47
-1.988,1.13
-2.099,0.891
-2.411,0.122
1.608,2.671
1.454,1.23
1.428,1.45
0.676,2.15
-0.095,-0.36
3.132,2.887
1.808,1.497
1.227,2.312
1.275,1.849
0.857,0.711
0.592,1.486
0.651,2.374
0.306,1.103
0.2,2.395
-0.014,2.526
-0.048,2.668
2.601,1.417
2.473,2.69
1.082,0.396
-1.832,-0.484
0.983,-0.309
0.626,-0.194
0.004,2.477
-0.064,0.117
-0.099,0.144
-0.128,0.002
-0.196,1.039
-0.188,-0.337
-0.158,-0.191
-0.266,1.037
-0.237,2.306
-0.318,2.478
-0.273,2.183
-0.286,2.497
-0.367,1.832
-0.54,-0.62
-0.676,-0.653
-0.998,-0.381
-1.401,-0.53
-1.59,-0.607
-1.782,-0.68
-1.988,-0.624
-3.005,-0.564
2.838,-0.674
2.747,-0.741
2.595,-0.61
2.096,-0.736
2.026,-0.584
1.912,-0.772
1.391,-0.617
1.225,-0.498
1.149,-0.455
1.077,-0.612
0.374,-0.466
0.186,-0.584
-0.076,-0.644
-0.085,-0.395
-0.15,-0.858
-0.213,-0.397
-0.592,3.899
-1.063,3.947
-1.363,3.911
-1.627,4.07
-1.845,3.963
-1.861,3.854
-2.413,4.017
3.069,3.818
2.624,3.896
2.441,4.106
1.613,3.805
1.04,3.774
0.991,3.976
1.006,4.091
0.878,3.673
0.949,3.975
0.847,3.726
0.919,3.755
0.686,3.997
0.308,3.99
0.28,4.094
0.025,3.967
-1.403,0.557
-2.4,0.154
-2.772,-0.241
-2.58,-0.736
1.953,4.013
0.692,3.878
-0.333,2.067
-0.426,2.28
-0.626,3.166
-0.497,1.085
-0.508,0.258
-0.537,0.14
-0.679,3.321
-0.695,-0.122
-0.909,0.591
-1.01,0.542
-1.012,0.996
-1.007,1.765
-1.319,2.352
-1.324,0.809
-1.236,-0.336
-1.312,2.389
-1.39,-0.029
-1.495,0.278
-1.506,2.022
-1.633,1.54
-1.623,0.718
-1.583,2.035
-1.601,0.994
-1.611,1.885
-1.824,3.633
-1.705,2.341
-1.855,1.9
-1.857,0.813
-1.783,1.208
-1.84,1.962
-2.334,3.584
-2.346,1.283
-2.377,-0.295
-2.572,1.224
-2.64,-0.076
-2.864,-0.293
-2.896,1.878
-2.824,1.641
-2.892,3.098
-2.987,2.664
3.131,1.18
3.131,2.657
3.09,2.56
2.863,1.41
2.647,2.588
2.573,0.066
2.51,1.85
2.49,2.193
2.283,1.122
2.396,0.11
2.389,-0.34
2.175,0.025
2.272,0.801
2.072,2.166
2.183,-0.012
2.167,1.711
1.988,1.933
1.872,1.221
1.853,-0.294
1.71,3.447
1.636,-0.328
1.765,0.926
1.721,0.662
1.562,2.639
1.48,0.654
1.396,-0.123
1.196,2.28
0.877,2.496
0.83,1.409
0.94,2.37
0.752,0.954
0.734,2.318
0.653,2.551
0.611,2.102
0.718,-0.157
0.564,1.708
0.641,0.72
0.616,-0.271
0.551,0.252
0.374,1.96
0.204,0.675
-0.084,1.062
-0.116,2.177
-0.047,2.563
-0.079,2.14
-0.228,2.266
-0.24,1.405
-0.296,2.018
-0.266,0.959
-0.315,-0.252
-0.637,-0.28
-0.693,-0.397
-0.918,-0.579
-0.856,-0.649
-2.545,-0.707
-2.653,-0.673
-2.806,-0.477
-2.79,-0.434
-3.012,-0.54
2.8,-0.545
2.718,-0.531
0.397,-0.57
-0.2,-0.397
-0.343,-0.768
-1.285,3.735
-1.251,3.696
-1.446,3.975
-1.538,3.92
-1.963,3.969
-1.86,3.87
-2.57,3.605
-2.414,3.959
-2.625,3.919
-2.734,3.985
2.87,3.931
2.234,3.934
1.353,3.764
1.44,3.869
1.087,4.045
0.968,4.031
0.292,3.667
0.256,4.023
-0.044,4.055
-0.077,3.88
-0.134,3.774
-0.822,0.536
-1.883,1.196
-1.994,0.957
-2.306,0.188
1.713,2.737
1.559,1.296
1.533,1.516
0.781,2.216
0.01,-0.294
-3.046,2.953
1.913,1.563
1.332,2.378
1.38,1.915
0.962,0.777
0.697,1.552
0.756,2.44
0.411,1.169
0.305,2.461
0.091,2.592
0.057,2.734
2.706,1.483
2.578,2.756
1.187,0.462
-1.727,-0.418
1.088,-0.243
0.731,-0.128
-0.068,-2.36
-0.103,-2.333
-0.132,-2.475
-0.2,-1.438
-0.192,-2.814
-0.162,-2.668
-0.27,-1.44
-0.241,-0.171
-0.322,0.001
-0.277,-0.294
-0.29,0.02
-0.371,-0.645
-0.544,-3.097
-0.68,-3.13
-1.002,-2.858
-1.405,-3.007
-1.594,-3.084
-1.786,-3.157
-1.992,-3.101
-3.009,-3.041
2.834,-3.151
2.743,-3.218
2.591,-3.087
2.092,-3.213
2.022,-3.061
1.908,-3.249
1.387,-3.094
1.221,-2.975
1.145,-2.932
1.073,-3.089
0.37,-2.943
0.182,-3.061
-0.08,-3.121
-0.089,-2.872
-0.154,-3.335
-0.217,-2.874
-0.596,1.422
-1.067,1.47
-1.367,1.434
-1.631,1.593
-1.849,1.486
-1.865,1.377
-2.417,1.54
3.065,1.341
2.62,1.419
2.437,1.629
1.609,1.328
1.036,1.297
0.987,1.499
1.002,1.614
0.874,1.196
0.945,1.498
0.843,1.249
0.915,1.278
0.682,1.52
0.304,1.513
0.276,1.617
0.021,1.49
-1.407,-1.92
-2.404,-2.323
-2.776,-2.718
-2.584,-3.213
1.949,1.536
0.688,1.401
-0.337,-0.41
-0.43,-0.197
-0.63,0.689
-0.501,-1.392
-0.512,-2.219
-0.541,-2.337
-0.683,0.844
-0.699,-2.599
-0.913,-1.886
-1.014,-1.935
-1.016,-1.481
-1.011,-0.712
-1.323,-0.125
-1.328,-1.668
-1.24,-2.813
-1.316,-0.088
-1.394,-2.506
-1.499,-2.199
-1.51,-0.455
-1.637,-0.937
-1.627,-1.759
-1.587,-0.442
-1.605,-1.483
-1.615,-0.592
-1.828,1.156
-1.709,-0.136
-1.859,-0.577
-1.861,-1.664
-1.787,-1.269
-1.844,-0.515
-2.338,1.107
-2.35,-1.194
-2.381,-2.772
-2.576,-1.253
-2.644,-2.553
-2.868,-2.77
-2.9,-0.599
-2.828,-0.836
-2.896,0.621
-2.991,0.187
3.127,-1.297
3.127,0.18
3.086,0.083
2.859,-1.067
2.643,0.111
2.569,-2.411
2.506,-0.627
2.486,-0.284
2.279,-1.355
2.392,-2.367
2.385,-2.817
2.171,-2.452
2.268,-1.676
2.068,-0.311
2.179,-2.489
2.163,-0.766
1.984,-0.544
1.868,-1.256
1.849,-2.771
1.706,0.97
1.632,-2.805
1.761,-1.551
1.717,-1.815
1.558,0.162
1.476,-1.823
1.392,-2.6
1.192,-0.197
0.873,0.019
0.826,-1.068
0.936,-0.107
0.748,-1.523
0.73,-0.159
0.649,0.074
0.607,-0.375
0.714,-2.634
0.56,-0.769
0.637,-1.757
0.612,-2.748
0.547,-2.225
0.37,-0.517
0.2,-1.802
-0.088,-1.415
-0.12,-0.3
-0.051,0.086
-0.083,-0.337
-0.232,-0.211
-0.244,-1.072
-0.3,-0.459
-0.27,-1.518
-0.319,-2.729
-0.641,-2.757
-0.697,-2.874
-0.922,-3.056
-0.86,-3.126
-2.549,-3.184
-2.657,-3.15
-2.81,-2.954
-2.794,-2.911
-3.016,-3.017
2.796,-3.022
2.714,-3.008
0.393,-3.047
-0.204,-2.874
-0.347,-3.245
-1.289,1.258
-1.255,1.219
-1.45,1.498
-1.542,1.443
-1.967,1.492
-1.864,1.393
-2.574,1.128
-2.418,1.482
-2.629,1.442
-2.738,1.508
2.866,1.454
2.23,1.457
1.349,1.287
1.436,1.392
1.083,1.568
0.964,1.554
0.288,1.19
0.252,1.546
-0.048,1.578
-0.081,1.403
-0.138,1.297
-0.826,-1.941
-1.887,-1.281
-1.998,-1.52
-2.31,-2.289
1.709,0.26
1.555,-1.181
1.529,-0.961
0.777,-0.261
0.006,-2.771
-3.05,0.476
1.909,-0.914
1.328,-0.099
1.376,-0.562
0.958,-1.7
0.693,-0.925
0.752,-0.037
0.407,-1.308
0.301,-0.016
0.087,0.115
0.053,0.257
2.702,-0.994
2.574,0.279
1.183,-2.015
-1.731,-2.895
1.084,-2.72
0.727,-2.605
-0.035,0.027
-0.064,-0.115
-0.132,0.922
-0.124,-0.454
-0.094,-0.308
-0.202,0.92
-0.173,2.189
-0.254,2.361
-0.209,2.066
-0.222,2.38
-0.303,1.715
-0.476,-0.737
-0.612,-0.77
-0.934,-0.498
-1.337,-0.647
-1.526,-0.724
-1.718,-0.797
-1.924,-0.741
-2.941,-0.681
2.902,-0.791
2.811,-0.858
2.659,-0.727
2.16,-0.853
2.09,-0.701
1.976,-0.889
1.455,-0.734
1.289,-0.615
1.213,-0.572
1.141,-0.729
0.438,-0.583
0.25,-0.701
-0.012,-0.761
-0.021,-0.512
-0.086,-0.975
-0.149,-0.514
-0.528,3.782
-0.999,3.83
-1.299,3.794
-1.563,3.953
-1.781,3.846
-1.797,3.737
-2.349,3.9
3.133,3.701
2.688,3.779
2.505,3.989
1.677,3.688
1.104,3.657
1.055,3.859
1.07,3.974
0.942,3.556
1.013,3.858
0.911,3.609
0.983,3.638
0.75,3.88
0.372,3.873
0.344,3.977
0.089,3.85
-1.339,0.44
-2.336,0.037
-2.708,-0.358
-2.516,-0.853
2.017,3.896
0.756,3.761
-0.269,1.95
-0.362,2.163
-0.562,3.049
-0.433,0.968
-0.444,0.141
-0.473,0.023
-0.615,3.204
-0.631,-0.239
-0.845,0.474
-0.946,0.425
-0.948,0.879
-0.943,1.648
-1.255,2.235
-1.26,0.692
-1.172,-0.453
-1.248,2.272
-1.326,-0.146
-1.431,0.161
-1.442,1.905
-1.569,1.423
-1.559,0.601
-1.519,1.918
-1.537,0.877
-1.547,1.768
-1.76,3.516
-1.641,2.224
-1.791,1.783
-1.793,0.696
-1.719,1.091
-1.776,1.845
-2.27,3.467
-2.282,1.166
-2.313,-0.412
-2.508,1.107
-2.576,-0.193
-2.8,-0.41
-2.832,1.761
-2.76,1.524
-2.828,2.981
-2.923,2.547
-3.088,1.063
-3.088,2.54
-3.129,2.443
2.927,1.293
2.711,2.471
2.637,-0.051
2.574,1.733
2.554,2.076
2.347,1.005
2.46,-0.007
2.453,-0.457
2.239,-0.092
2.336,0.684
2.136,2.049
2.247,-0.129
2.231,1.594
2.052,1.816
1.936,1.104
1.917,-0.411
1.774,3.33
1.7,-0.445
1.829,0.809
1.785,0.545
1.626,2.522
1.544,0.537
1.46,-0.24
1.26,2.163
0.941,2.379
0.894,1.292
1.004,2.253
0.816,0.837
0.798,2.201
0.717,2.434
0.675,1.985
0.782,-0.274
0.628,1.591
0.705,0.603
0.68,-0.388
0.615,0.135
0.438,1.843
0.268,0.558
-0.02,0.945
-0.052,2.06
0.017,2.446
-0.015,2.023
-0.164,2.149
-0.176,1.288
-0.232,1.901
-0.202,0.842
-0.251,-0.369
-0.573,-0.397
-0.629,-0.514
-0.854,-0.696
-0.792,-0.766
-2.481,-0.824
-2.589,-0.79
-2.742,-0.594
-2.726,-0.551
-2.948,-0.657
2.864,-0.662
2.782,-0.648
0.461,-0.687
-0.136,-0.514
-0.279,-0.885
-1.221,3.618
-1.187,3.579
-1.382,3.858
-1.474,3.803
-1.899,3.852
-1.796,3.753
-2.506,3.488
-2.35,3.842
-2.561,3.802
-2.67,3.868
2.934,3.814
2.298,3.817
1.417,3.647
1.504,3.752
1.151,3.928
1.032,3.914
0.356,3.55
0.32,3.906
0.02,3.938
-0.013,3.763
-0.07,3.657
-0.758,0.419
-1.819,1.079
-1.93,0.84
-2.242,0.071
1.777,2.62
1.623,1.179
1.597,1.399
0.845,2.099
0.074,-0.411
-2.982,2.836
1.977,1.446
1.396,2.261
1.444,1.798
1.026,0.66
0.761,1.435
0.82,2.323
0.475,1.052
0.369,2.344
0.155,2.475
0.121,2.617
2.77,1.366
2.642,2.639
1.251,0.345
-1.663,-0.535
1.152,-0.36
0.795,-0.245
-0.029,-0.142
-0.097,0.895
-0.089,-0.481
-0.059,-0.335
-0.167,0.893
-0.138,2.162
-0.219,2.334
-0.174,2.039
-0.187,2.353
-0.268,1.688
-0.441,-0.764
-0.577,-0.797
-0.899,-0.525
-1.302,-0.674
-1.491,-0.751
-1.683,-0.824
-1.889,-0.768
-2.906,-0.708
2.937,-0.818
2.846,-0.885
2.694,-0.754
2.195,-0.88
2.125,-0.728
2.011,-0.916
1.49,-0.761
1.324,-0.642
1.248,-0.599
1.176,-0.756
0.473,-0.61
0.285,-0.728
0.023,-0.788
0.014,-0.539
-0.051,-1.002
-0.114,-0.541
-0.493,3.755
-0.964,3.803
-1.264,3.767
-1.528,3.926
-1.746,3.819
-1.762,3.71
-2.314,3.873
-3.115,3.674
2.723,3.752
2.54,3.962
1.712,3.661
1.139,3.63
1.09,3.832
1.105,3.947
0.977,3.529
1.048,3.831
0.946,3.582
1.018,3.611
0.785,3.853
0.407,3.846
0.379,3.95
0.124,3.823
-1.304,0.413
-2.301,0.01
-2.673,-0.385
-2.481,-0.88
2.052,3.869
0.791,3.734
-0.234,1.923
-0.327,2.136
-0.527,3.022
-0.398,0.941
-0.409,0.114
-0.438,-0.004
-0.58,3.177
-0.596,-0.266
-0.81,0.447
-0.911,0.398
-0.913,0.852
-0.908,1.621
-1.22,2.208
-1.225,0.665
-1.137,-0.48
-1.213,2.245
-1.291,-0.173
-1.396,0.134
-1.407,1.878
-1.534,1.396
-1.524,0.574
-1.484,1.891
-1.502,0.85
-1.512,1.741
-1.725,3.489
-1.606,2.197
-1.756,1.756
-1.758,0.669
-1.684,1.064
-1.741,1.818
-2.235,3.44
-2.247,1.139
-2.278,-0.439
-2.473,1.08
-2.541,-0.22
-2.765,-0.437
-2.797,1.734
-2.725,1.497
-2.793,2.954
-2.888,2.52
-3.053,1.036
-3.053,2.513
-3.094,2.416
2.962,1.266
2.746,2.444
2.672,-0.078
2.609,1.706
2.589,2.049
2.382,0.978
2.495,-0.034
2.488,-0.484
2.274,-0.119
2.371,0.657
2.171,2.022
2.282,-0.156
2.266,1.567
2.087,1.789
1.971,1.077
1.952,-0.438
1.809,3.303
1.735,-0.472
1.864,0.782
1.82,0.518
1.661,2.495
1.579,0.51
1.495,-0.267
1.295,2.136
0.976,2.352
0.929,1.265
1.039,2.226
0.851,0.81
0.833,2.174
0.752,2.407
0.71,1.958
0.817,-0.301
0.663,1.564
0.74,0.576
0.715,-0.415
0.65,0.108
0.473,1.816
0.303,0.531
0.015,0.918
-0.017,2.033
0.052,2.419
0.02,1.996
-0.129,2.122
-0.141,1.261
-0.197,1.874
-0.167,0.815
-0.216,-0.396
-0.538,-0.424
-0.594,-0.541
-0.819,-0.723
-0.757,-0.793
-2.446,-0.851
-2.554,-0.817
-2.707,-0.621
-2.691,-0.578
-2.913,-0.684
2.899,-0.689
2.817,-0.675
0.496,-0.714
-0.101,-0.541
-0.244,-0.912
-1.186,3.591
-1.152,3.552
-1.347,3.831
-1.439,3.776
-1.864,3.825
-1.761,3.726
-2.471,3.461
-2.315,3.815
-2.526,3.775
-2.635,3.841
2.969,3.787
2.333,3.79
1.452,3.62
1.539,3.725
1.186,3.901
1.067,3.887
0.391,3.523
0.355,3.879
0.055,3.911
0.022,3.736
-0.035,3.63
-0.723,0.392
-1.784,1.052
-1.895,0.813
-2.207,0.044
1.812,2.593
1.658,1.152
1.632,1.372
0.88,2.072
0.109,-0.438
-2.947,2.809
2.012,1.419
1.431,2.234
1.479,1.771
1.061,0.633
0.796,1.408
0.855,2.296
0.51,1.025
0.404,2.317
0.19,2.448
0.156,2.59
2.805,1.339
2.677,2.612
1.286,0.318
-1.628,-0.562
1.187,-0.387
0.83,-0.272
-0.068,1.037
-0.06,-0.339
-0.03,-0.193
-0.138,1.035
-0.109,2.304
-0.19,2.476
-0.145,2.181
-0.158,2.495
-0.239,1.83
-0.412,-0.622
-0.548,-0.655
-0.87,-0.383
-1.273,-0.532
-1.462,-0.609
-1.654,-0.682
-1.86,-0.626
-2.877,-0.566
2.966,-0.676
2.875,-0.743
2.723,-0.612
2.224,-0.738
2.154,-0.586
2.04,-0.774
1.519,-0.619
1.353,-0.5
1.277,-0.457
1.205,-0.614
0.502,-0.468
0.314,-0.586
0.052,-0.646
0.043,-0.397
-0.022,-0.86
-0.085,-0.399
-0.464,3.897
-0.935,3.945
-1.235,3.909
-1.499,4.068
-1.717,3.961
-1.733,3.852
-2.285,4.015
-3.086,3.816
2.752,3.894
2.569,4.104
1.741,3.803
1.168,3.772
1.119,3.974
1.134,4.089
1.006,3.671
1.077,3.973
0.975,3.724
1.047,3.753
0.814,3.995
0.436,3.988
0.408,4.092
0.153,3.965
-1.275,0.555
-2.272,0.152
-2.644,-0.243
-2.452,-0.738
2.081,4.011
0.82,3.876
-0.205,2.065
-0.298,2.278
-0.498,3.164
-0.369,1.083
-0.38,0.256
-0.409,0.138
-0.551,3.319
-0.567,-0.124
-0.781,0.589
-0.882,0.54
-0.884,0.994
-0.879,1.763
-1.191,2.35
-1.196,0.807
-1.108,-0.338
-1.184,2.387
-1.262,-0.031
-1.367,0.276
-1.378,2.02
-1.505,1.538
-1.495,0.716
-1.455,2.033
-1.473,0.992
-1.483,1.883
-1.696,3.631
-1.577,2.339
-1.727,1.898
-1.729,0.811
-1.655,1.206
-1.712,1.96
-2.206,3.582
-2.218,1.281
-2.249,-0.297
-2.444,1.222
-2.512,-0.078
-2.736,-0.295
-2.768,1.876
-2.696,1.639
-2.764,3.096
-2.859,2.662
-3.024,1.178
-3.024,2.655
-3.065,2.558
2.991,1.408
2.775,2.586
2.701,0.064
2.638,1.848
2.618,2.191
2.411,1.12
2.524,0.108
2.517,-0.342
2.303,0.023
2.4,0.799
2.2,2.164
2.311,-0.014
2.295,1.709
2.116,1.931
2.0,1.219
1.981,-0.296
1.838,3.445
1.764,-0.33
1.893,0.924
1.849,0.66
1.69,2.637
1.608,0.652
1.524,-0.125
1.324,2.278
1.005,2.494
0.958,1.407
1.068,2.368
0.88,0.952
0.862,2.316
0.781,2.549
0.739,2.1
0.846,-0.159
0.692,1.706
0.769,0.718
0.744,-0.273
0.679,0.25
0.502,1.958
0.332,0.673
0.044,1.06
0.012,2.175
0.081,2.561
0.049,2.138
-0.1,2.264
-0.112,1.403
-0.168,2.016
-0.138,0.957
-0.187,-0.254
-0.509,-0.282
-0.565,-0.399
-0.79,-0.581
-0.728,-0.651
-2.417,-0.709
-2.525,-0.675
-2.678,-0.479
-2.662,-0.436
-2.884,-0.542
2.928,-0.547
2.846,-0.533
0.525,-0.572
-0.072,-0.399
-0.215,-0.77
-1.157,3.733
-1.123,3.694
-1.318,3.973
-1.41,3.918
-1.835,3.967
-1.732,3.868
-2.442,3.603
-2.286,3.957
-2.497,3.917
-2.606,3.983
2.998,3.929
2.362,3.932
1.481,3.762
1.568,3.867
1.215,4.043
1.096,4.029
0.42,3.665
0.384,4.021
0.084,4.053
0.051,3.878
-0.006,3.772
-0.694,0.534
-1.755,1.194
-1.866,0.955
-2.178,0.186
1.841,2.735
1.687,1.294
1.661,1.514
0.909,2.214
0.138,-0.296
-2.918,2.951
2.041,1.561
1.46,2.376
1.508,1.913
1.09,0.775
0.825,1.55
0.884,2.438
0.539,1.167
0.433,2.459
0.219,2.59
0.185,2.732
2.834,1.481
2.706,2.754
1.315,0.46
-1.599,-0.42
1.216,-0.245
0.859,-0.13
0.008,-1.376
0.038,-1.23
-0.07,-0.002
-0.041,1.267
-0.122,1.439
-0.077,1.144
-0.09,1.458
-0.171,0.793
-0.344,-1.659
-0.48,-1.692
-0.802,-1.42
-1.205,-1.569
-1.394,-1.646
-1.586,-1.719
-1.792,-1.663
-2.809,-1.603
3.034,-1.713
2.943,-1.78
2.791,-1.649
2.292,-1.775
2.222,-1.623
2.108,-1.811
1.587,-1.656
1.421,-1.537
1.345,-1.494
1.273,-1.651
0.57,-1.505
0.382,-1.623
0.12,-1.683
0.111,-1.434
0.046,-1.897
-0.017,-1.436
-0.396,2.86
-0.867,2.908
-1.167,2.872
-1.431,3.031
-1.649,2.924
-1.665,2.815
-2.217,2.978
-3.018,2.779
2.82,2.857
2.637,3.067
1.809,2.766
1.236,2.735
1.187,2.937
1.202,3.052
1.074,2.634
1.145,2.936
1.043,2.687
1.115,2.716
0.882,2.958
0.504,2.951
0.476,3.055
0.221,2.928
-1.207,-0.482
-2.204,-0.885
-2.576,-1.28
-2.384,-1.775
2.149,2.974
0.888,2.839
-0.137,1.028
-0.23,1.241
-0.43,2.127
-0.301,0.046
-0.312,-0.781
-0.341,-0.899
-0.483,2.282
-0.499,-1.161
-0.713,-0.448
-0.814,-0.497
-0.816,-0.043
-0.811,0.726
-1.123,1.313
-1.128,-0.23
-1.04,-1.375
-1.116,1.35
-1.194,-1.068
-1.299,-0.761
-1.31,0.983
-1.437,0.501
-1.427,-0.321
-1.387,0.996
-1.405,-0.045
-1.415,0.846
-1.628,2.594
-1.509,1.302
-1.659,0.861
-1.661,-0.226
-1.587,0.169
-1.644,0.923
-2.138,2.545
-2.15,0.244
-2.181,-1.334
-2.376,0.185
-2.444,-1.115
-2.668,-1.332
-2.7,0.839
-2.628,0.602
-2.696,2.059
-2.791,1.625
-2.956,0.141
-2.956,1.618
-2.997,1.521
3.059,0.371
2.843,1.549
2.769,-0.973
2.706,0.811
2.686,1.154
2.479,0.083
2.592,-0.929
2.585,-1.379
2.371,-1.014
2.468,-0.238
2.268,1.127
2.379,-1.051
2.363,0.672
2.184,0.894
2.068,0.182
2.049,-1.333
1.906,2.408
1.832,-1.367
1.961,-0.113
1.917,-0.377
1.758,1.6
1.676,-0.385
1.592,-1.162
1.392,1.241
1.073,1.457
1.026,0.37
1.136,1.331
0.948,-0.085
0.93,1.279
0.849,1.512
0.807,1.063
0.914,-1.196
0.76,0.669
0.837,-0.319
0.812,-1.31
0.747,-0.787
0.57,0.921
0.4,-0.364
0.112,0.023
0.08,1.138
0.149,1.524
0.117,1.101
-0.032,1.227
-0.044,0.366
-0.1,0.979
-0.07,-0.08
-0.119,-1.291
-0.441,-1.319
-0.497,-1.436
-0.722,-1.618
-0.66,-1.688
-2.349,-1.746
-2.457,-1.712
-2.61,-1.516
-2.594,-1.473
-2.816,-1.579
2.996,-1.584
2.914,-1.57
0.593,-1.609
-0.004,-1.436
-0.147,-1.807
-1.089,2.696
-1.055,2.657
-1.25,2.936
-1.342,2.881
-1.767,2.93
-1.664,2.831
-2.374,2.566
-2.218,2.92
-2.429,2.88
-2.538,2.946
3.066,2.892
2.43,2.895
1.549,2.725
1.636,2.83
1.283,3.006
1.164,2.992
0.488,2.628
0.452,2.984
0.152,3.016
0.119,2.841
0.062,2.735
-0.626,-0.503
-1.687,0.157
-1.798,-0.082
-2.11,-0.851
1.909,1.698
1.755,0.257
1.729,0.477
0.977,1.177
0.206,-1.333
-2.85,1.914
2.109,0.524
1.528,1.339
1.576,0.876
1.158,-0.262
0.893,0.513
0.952,1.401
0.607,0.13
0.501,1.422
0.287,1.553
0.253,1.695
2.902,0.444
2.774,1.717
1.383,-0.577
-1.531,-1.457
1.284,-1.282
0.927,-1.167
0.03,0.146
-0.078,1.374
-0.049,2.643
-0.13,2.815
-0.085,2.52
-0.098,2.834
-0.179,2.169
-0.352,-0.283
-0.488,-0.316
-0.81,-0.044
-1.213,-0.193
-1.402,-0.27
-1.594,-0.343
-1.8,-0.287
-2.817,-0.227
3.026,-0.337
2.935,-0.404
2.783,-0.273
2.284,-0.399
2.214,-0.247
2.1,-0.435
1.579,-0.28
1.413,-0.161
1.337,-0.118
1.265,-0.275
0.562,-0.129
0.374,-0.247
0.112,-0.307
0.103,-0.058
0.038,-0.521
-0.025,-0.06
-0.404,4.236
-0.875,4.284
-1.175,4.248
-1.439,4.407
-1.657,4.3
-1.673,4.191
-2.225,4.354
-3.026,4.155
2.812,4.233
2.629,4.443
1.801,4.142
1.228,4.111
1.179,4.313
1.194,4.428
1.066,4.01
1.137,4.312
1.035,4.063
1.107,4.092
0.874,4.334
0.496,4.327
0.468,4.431
0.213,4.304
-1.215,0.894
-2.212,0.491
-2.584,0.096
-2.392,-0.399
2.141,4.35
0.88,4.215
-0.145,2.404
-0.238,2.617
-0.438,3.503
-0.309,1.422
-0.32,0.595
-0.349,0.477
-0.491,3.658
-0.507,0.215
-0.721,0.928
-0.822,0.879
-0.824,1.333
-0.819,2.102
-1.131,2.689
-1.136,1.146
-1.048,0.001
-1.124,2.726
-1.202,0.308
-1.307,0.615
-1.318,2.359
-1.445,1.877
-1.435,1.055
-1.395,2.372
-1.413,1.331
-1.423,2.222
-1.636,3.97
-1.517,2.678
-1.667,2.237
-1.669,1.15
-1.595,1.545
-1.652,2.299
-2.146,3.921
-2.158,1.62
-2.189,0.042
-2.384,1.561
-2.452,0.261
-2.676,0.044
-2.708,2.215
-2.636,1.978
-2.704,3.435
-2.799,3.001
-2.964,1.517
-2.964,2.994
-3.005,2.897
3.051,1.747
2.835,2.925
2.761,0.403
2.698,2.187
2.678,2.53
2.471,1.459
2.584,0.447
2.577,-0.003
2.363,0.362
2.46,1.138
2.26,2.503
2.371,0.325
2.355,2.048
2.176,2.27
2.06,1.558
2.041,0.043
1.898,3.784
1.824,0.009
1.953,1.263
1.909,0.999
1.75,2.976
1.668,0.991
1.584,0.214
1.384,2.617
1.065,2.833
1.018,1.746
1.128,2.707
0.94,1.291
0.922,2.655
0.841,2.888
0.799,2.439
0.906,0.18
0.752,2.045
0.829,1.057
0.804,0.066
0.739,0.589
0.562,2.297
0.392,1.012
0.104,1.399
0.072,2.514
0.141,2.9
0.109,2.477
-0.04,2.603
-0.052,1.742
-0.108,2.355
-0.078,1.296
-0.127,0.085
-0.449,0.057
-0.505,-0.06
-0.73,-0.242
-0.668,-0.312
-2.357,-0.37
-2.465,-0.336
-2.618,-0.14
-2.602,-0.097
-2.824,-0.203
2.988,-0.208
2.906,-0.194
0.585,-0.233
-0.012,-0.06
-0.155,-0.431
-1.097,4.072
-1.063,4.033
-1.258,4.312
-1.35,4.257
-1.775,4.306
-1.672,4.207
-2.382,3.942
-2.226,4.296
-2.437,4.256
-2.546,4.322
3.058,4.268
2.422,4.271
1.541,4.101
1.628,4.206
1.275,4.382
1.156,4.368
0.48,4.004
0.444,4.36
0.144,4.392
0.111,4.217
0.054,4.111
-0.634,0.873
-1.695,1.533
-1.806,1.294
-2.118,0.525
1.901,3.074
1.747,1.633
1.721,1.853
0.969,2.553
0.198,0.043
-2.858,3.29
2.101,1.9
1.52,2.715
1.568,2.252
1.15,1.114
0.885,1.889
0.944,2.777
0.599,1.506
0.493,2.798
0.279,2.929
0.245,3.071
2.894,1.82
2.766,3.093
1.375,0.799
-1.539,-0.081
1.276,0.094
0.919,0.209
-0.108,1.228
-0.079,2.497
-0.16,2.669
-0.115,2.374
-0.128,2.688
-0.209,2.023
-0.382,-0.429
-0.518,-0.462
-0.84,-0.19
-1.243,-0.339
-1.432,-0.416
-1.624,-0.489
-1.83,-0.433
-2.847,-0.373
2.996,-0.483
2.905,-0.55
2.753,-0.419
2.254,-0.545
2.184,-0.393
2.07,-0.581
1.549,-0.426
1.383,-0.307
1.307,-0.264
1.235,-0.421
0.532,-0.275
0.344,-0.393
0.082,-0.453
0.073,-0.204
0.008,-0.667
-0.055,-0.206
-0.434,4.09
-0.905,4.138
-1.205,4.102
-1.469,4.261
-1.687,4.154
-1.703,4.045
-2.255,4.208
-3.056,4.009
2.782,4.087
2.599,4.297
1.771,3.996
1.198,3.965
1.149,4.167
1.164,4.282
1.036,3.864
1.107,4.166
1.005,3.917
1.077,3.946
0.844,4.188
0.466,4.181
0.438,4.285
0.183,4.158
-1.245,0.748
-2.242,0.345
-2.614,-0.05
-2.422,-0.545
2.111,4.204
0.85,4.069
-0.175,2.258
-0.268,2.471
-0.468,3.357
-0.339,1.276
-0.35,0.449
-0.379,0.331
-0.521,3.512
-0.537,0.069
-0.751,0.782
-0.852,0.733
-0.854,1.187
-0.849,1.956
-1.161,2.543
-1.166,1.0
-1.078,-0.145
-1.154,2.58
-1.232,0.162
-1.337,0.469
-1.348,2.213
-1.475,1.731
-1.465,0.909
-1.425,2.226
-1.443,1.185
-1.453,2.076
-1.666,3.824
-1.547,2.532
-1.697,2.091
-1.699,1.004
-1.625,1.399
-1.682,2.153
-2.176,3.775
-2.188,1.474
-2.219,-0.104
-2.414,1.415
-2.482,0.115
-2.706,-0.102
-2.738,2.069
-2.666,1.832
-2.734,3.289
-2.829,2.855
-2.994,1.371
-2.994,2.848
-3.035,2.751
3.021,1.601
2.805,2.779
2.731,0.257
2.668,2.041
2.648,2.384
2.441,1.313
2.554,0.301
2.547,-0.149
2.333,0.216
2.43,0.992
2.23,2.357
2.341,0.179
2.325,1.902
2.146,2.124
2.03,1.412
2.011,-0.103
1.868,3.638
1.794,-0.137
1.923,1.117
1.879,0.853
1.72,2.83
1.638,0.845
1.554,0.068
1.354,2.471
1.035,2.687
0.988,1.6
1.098,2.561
0.91,1.145
0.892,2.509
0.811,2.742
0.769,2.293
0.876,0.034
0.722,1.899
0.799,0.911
0.774,-0.08
0.709,0.443
0.532,2.151
0.362,0.866
0.074,1.253
0.042,2.368
0.111,2.754
0.079,2.331
-0.07,2.457
-0.082,1.596
-0.138,2.209
-0.108,1.15
-0.157,-0.061
-0.479,-0.089
-0.535,-0.206
-0.76,-0.388
-0.698,-0.458
-2.387,-0.516
-2.495,-0.482
-2.648,-0.286
-2.632,-0.243
-2.854,-0.349
2.958,-0.354
2.876,-0.34
0.555,-0.379
-0.042,-0.206
-0.185,-0.577
-1.127,3.926
-1.093,3.887
-1.288,4.166
-1.38,4.111
-1.805,4.16
-1.702,4.061
-2.412,3.796
-2.256,4.15
-2.467,4.11
-2.576,4.176
3.028,4.122
2.392,4.125
1.511,3.955
1.598,4.06
1.245,4.236
1.126,4.222
0.45,3.858
0.414,4.214
0.114,4.246
0.081,4.071
0.024,3.965
-0.664,0.727
-1.725,1.387
-1.836,1.148
-2.148,0.379
1.871,2.928
1.717,1.487
1.691,1.707
0.939,2.407
0.168,-0.103
-2.888,3.144
2.071,1.754
1.49,2.569
1.538,2.106
1.12,0.968
0.855,1.743
0.914,2.631
0.569,1.36
0.463,2.652
0.249,2.783
0.215,2.925
2.864,1.674
2.736,2.947
1.345,0.653
-1.569,-0.227
1.246,-0.052
0.889,0.063
0.029,1.269
-0.052,1.441
-0.007,1.146
-0.02,1.46
-0.101,0.795
-0.274,-1.657
-0.41,-1.69
-0.732,-1.418
-1.135,-1.567
-1.324,-1.644
-1.516,-1.717
-1.722,-1.661
-2.739,-1.601
3.104,-1.711
3.013,-1.778
2.861,-1.647
2.362,-1.773
2.292,-1.621
2.178,-1.809
1.657,-1.654
1.491,-1.535
1.415,-1.492
1.343,-1.649
0.64,-1.503
0.452,-1.621
0.19,-1.681
0.181,-1.432
0.116,-1.895
0.053,-1.434
-0.326,2.862
-0.797,2.91
-1.097,2.874
-1.361,3.033
-1.579,2.926
-1.595,2.817
-2.147,2.98
-2.948,2.781
2.89,2.859
2.707,3.069
1.879,2.768
1.306,2.737
1.257,2.939
1.272,3.054
1.144,2.636
1.215,2.938
1.113,2.689
1.185,2.718
0.952,2.96
0.574,2.953
0.546,3.057
0.291,2.93
-1.137,-0.48
-2.134,-0.883
-2.506,-1.278
-2.314,-1.773
2.219,2.976
0.958,2.841
-0.067,1.03
-0.16,1.243
-0.36,2.129
-0.231,0.048
-0.242,-0.779
-0.271,-0.897
-0.413,2.284
-0.429,-1.159
-0.643,-0.446
-0.744,-0.495
-0.746,-0.041
-0.741,0.728
-1.053,1.315
-1.058,-0.228
-0.97,-1.373
-1.046,1.352
-1.124,-1.066
-1.229,-0.759
-1.24,0.985
-1.367,0.503
-1.357,-0.319
-1.317,0.998
-1.335,-0.043
-1.345,0.848
-1.558,2.596
-1.439,1.304
-1.589,0.863
-1.591,-0.224
-1.517,0.171
-1.574,0.925
-2.068,2.547
-2.08,0.246
-2.111,-1.332
-2.306,0.187
-2.374,-1.113
-2.598,-1.33
-2.63,0.841
-2.558,0.604
-2.626,2.061
-2.721,1.627
-2.886,0.143
-2.886,1.62
-2.927,1.523
3.129,0.373
2.913,1.551
2.839,-0.971
2.776,0.813
2.756,1.156
2.549,0.085
2.662,-0.927
2.655,-1.377
2.441,-1.012
2.538,-0.236
2.338,1.129
2.449,-1.049
2.433,0.674
2.254,0.896
2.138,0.184
2.119,-1.331
1.976,2.41
1.902,-1.365
2.031,-0.111
1.987,-0.375
1.828,1.602
1.746,-0.383
1.662,-1.16
1.462,1.243
1.143,1.459
1.096,0.372
1.206,1.333
1.018,-0.083
1.0,1.281
0.919,1.514
0.877,1.065
0.984,-1.194
0.83,0.671
0.907,-0.317
0.882,-1.308
0.817,-0.785
0.64,0.923
0.47,-0.362
0.182,0.025
0.15,1.14
0.219,1.526
0.187,1.103
0.038,1.229
0.026,0.368
-0.03,0.981
0.0,-0.078
-0.049,-1.289
-0.371,-1.317
-0.427,-1.434
-0.652,-1.616
-0.59,-1.686
-2.279,-1.744
-2.387,-1.71
-2.54,-1.514
-2.524,-1.471
-2.746,-1.577
3.066,-1.582
2.984,-1.568
0.663,-1.607
0.066,-1.434
-0.077,-1.805
-1.019,2.698
-0.985,2.659
-1.18,2.938
-1.272,2.883
-1.697,2.932
-1.594,2.833
-2.304,2.568
-2.148,2.922
-2.359,2.882
-2.468,2.948
3.136,2.894
2.5,2.897
1.619,2.727
1.706,2.832
1.353,3.008
1.234,2.994
0.558,2.63
0.522,2.986
0.222,3.018
0.189,2.843
0.132,2.737
-0.556,-0.501
-1.617,0.159
-1.728,-0.08
-2.04,-0.849
1.979,1.7
1.825,0.259
1.799,0.479
1.047,1.179
0.276,-1.331
-2.78,1.916
2.179,0.526
1.598,1.341
1.646,0.878
1.228,-0.26
0.963,0.515
1.022,1.403
0.677,0.132
0.571,1.424
0.357,1.555
0.323,1.697
2.972,0.446
2.844,1.719
1.453,-0.575
-1.461,-1.455
1.354,-1.28
0.997,-1.165
-0.081,0.172
-0.036,-0.123
-0.049,0.191
-0.13,-0.474
-0.303,-2.926
-0.439,-2.959
-0.761,-2.687
-1.164,-2.836
-1.353,-2.913
-1.545,-2.986
-1.751,-2.93
-2.768,-2.87
3.075,-2.98
2.984,-3.047
2.832,-2.916
2.333,-3.042
2.263,-2.89
2.149,-3.078
1.628,-2.923
1.462,-2.804
1.386,-2.761
1.314,-2.918
0.611,-2.772
0.423,-2.89
0.161,-2.95
0.152,-2.701
0.087,-3.164
0.024,-2.703
-0.355,1.593
-0.826,1.641
-1.126,1.605
-1.39,1.764
-1.608,1.657
-1.624,1.548
-2.176,1.711
-2.977,1.512
2.861,1.59
2.678,1.8
1.85,1.499
1.277,1.468
1.228,1.67
1.243,1.785
1.115,1.367
1.186,1.669
1.084,1.42
1.156,1.449
0.923,1.691
0.545,1.684
0.517,1.788
0.262,1.661
-1.166,-1.749
-2.163,-2.152
-2.535,-2.547
-2.343,-3.042
2.19,1.707
0.929,1.572
-0.096,-0.239
-0.189,-0.026
-0.389,0.86
-0.26,-1.221
-0.271,-2.048
-0.3,-2.166
-0.442,1.015
-0.458,-2.428
-0.672,-1.715
-0.773,-1.764
-0.775,-1.31
-0.77,-0.541
-1.082,0.046
-1.087,-1.497
-0.999,-2.642
-1.075,0.083
-1.153,-2.335
-1.258,-2.028
-1.269,-0.284
-1.396,-0.766
-1.386,-1.588
-1.346,-0.271
-1.364,-1.312
-1.374,-0.421
-1.587,1.327
-1.468,0.035
-1.618,-0.406
-1.62,-1.493
-1.546,-1.098
-1.603,-0.344
-2.097,1.278
-2.109,-1.023
-2.14,-2.601
-2.335,-1.082
-2.403,-2.382
-2.627,-2.599
-2.659,-0.428
-2.587,-0.665
-2.655,0.792
-2.75,0.358
-2.915,-1.126
-2.915,0.351
-2.956,0.254
3.1,-0.896
2.884,0.282
2.81,-2.24
2.747,-0.456
2.727,-0.113
2.52,-1.184
2.633,-2.196
2.626,-2.646
2.412,-2.281
2.509,-1.505
2.309,-0.14
2.42,-2.318
2.404,-0.595
2.225,-0.373
2.109,-1.085
2.09,-2.6
1.947,1.141
1.873,-2.634
2.002,-1.38
1.958,-1.644
1.799,0.333
1.717,-1.652
1.633,-2.429
1.433,-0.026
1.114,0.19
1.067,-0.897
1.177,0.064
0.989,-1.352
0.971,0.012
0.89,0.245
0.848,-0.204
0.955,-2.463
0.801,-0.598
0.878,-1.586
0.853,-2.577
0.788,-2.054
0.611,-0.346
0.441,-1.631
0.153,-1.244
0.121,-0.129
0.19,0.257
0.158,-0.166
0.009,-0.04
-0.003,-0.901
-0.059,-0.288
-0.029,-1.347
-0.078,-2.558
-0.4,-2.586
-0.456,-2.703
-0.681,-2.885
-0.619,-2.955
-2.308,-3.013
-2.416,-2.979
-2.569,-2.783
-2.553,-2.74
-2.775,-2.846
3.037,-2.851
2.955,-2.837
0.634,-2.876
0.037,-2.703
-0.106,-3.074
-1.048,1.429
-1.014,1.39
-1.209,1.669
-1.301,1.614
-1.726,1.663
-1.623,1.564
-2.333,1.299
-2.177,1.653
-2.388,1.613
-2.497,1.679
3.107,1.625
2.471,1.628
1.59,1.458
1.677,1.563
1.324,1.739
1.205,1.725
0.529,1.361
0.493,1.717
0.193,1.749
0.16,1.574
0.103,1.468
-0.585,-1.77
-1.646,-1.11
-1.757,-1.349
-2.069,-2.118
1.95,0.431
1.796,-1.01
1.77,-0.79
1.018,-0.09
0.247,-2.6
-2.809,0.647
2.15,-0.743
1.569,0.072
1.617,-0.391
1.199,-1.529
0.934,-0.754
0.993,0.134
0.648,-1.137
0.542,0.155
0.328,0.286
0.294,0.428
2.943,-0.823
2.815,0.45
1.424,-1.844
-1.49,-2.724
1.325,-2.549
0.968,-2.434
0.045,-0.295
0.032,0.019
-0.049,-0.646
-0.222,-3.098
-0.358,-3.131
-0.68,-2.859
-1.083,-3.008
-1.272,-3.085
-1.464,-3.158
-1.67,-3.102
-2.687,-3.042
-3.127,-3.152
3.065,-3.219
2.913,-3.088
2.414,-3.214
2.344,-3.062
2.23,-3.25
1.709,-3.095
1.543,-2.976
1.467,-2.933
1.395,-3.09
0.692,-2.944
0.504,-3.062
0.242,-3.122
0.233,-2.873
0.168,-3.336
0.105,-2.875
-0.274,1.421
-0.745,1.469
-1.045,1.433
-1.309,1.592
-1.527,1.485
-1.543,1.376
-2.095,1.539
-2.896,1.34
2.942,1.418
2.759,1.628
1.931,1.327
1.358,1.296
1.309,1.498
1.324,1.613
1.196,1.195
1.267,1.497
1.165,1.248
1.237,1.277
1.004,1.519
0.626,1.512
0.598,1.616
0.343,1.489
-1.085,-1.921
-2.082,-2.324
-2.454,-2.719
-2.262,-3.214
2.271,1.535
1.01,1.4
-0.015,-0.411
-0.108,-0.198
-0.308,0.688
-0.179,-1.393
-0.19,-2.22
-0.219,-2.338
-0.361,0.843
-0.377,-2.6
-0.591,-1.887
-0.692,-1.936
-0.694,-1.482
-0.689,-0.713
-1.001,-0.126
-1.006,-1.669
-0.918,-2.814
-0.994,-0.089
-1.072,-2.507
-1.177,-2.2
-1.188,-0.456
-1.315,-0.938
-1.305,-1.76
-1.265,-0.443
-1.283,-1.484
-1.293,-0.593
-1.506,1.155
-1.387,-0.137
-1.537,-0.578
-1.539,-1.665
-1.465,-1.27
-1.522,-0.516
-2.016,1.106
-2.028,-1.195
-2.059,-2.773
-2.254,-1.254
-2.322,-2.554
-2.546,-2.771
-2.578,-0.6
-2.506,-0.837
-2.574,0.62
-2.669,0.186
-2.834,-1.298
-2.834,0.179
-2.875,0.082
-3.102,-1.068
2.965,0.11
2.891,-2.412
2.828,-0.628
2.808,-0.285
2.601,-1.356
2.714,-2.368
2.707,-2.818
2.493,-2.453
2.59,-1.677
2.39,-0.312
2.501,-2.49
2.485,-0.767
2.306,-0.545
2.19,-1.257
2.171,-2.772
2.028,0.969
1.954,-2.806
2.083,-1.552
2.039,-1.816
1.88,0.161
1.798,-1.824
1.714,-2.601
1.514,-0.198
1.195,0.018
1.148,-1.069
1.258,-0.108
1.07,-1.524
1.052,-0.16
0.971,0.073
0.929,-0.376
1.036,-2.635
0.882,-0.77
0.959,-1.758
0.934,-2.749
0.869,-2.226
0.692,-0.518
0.522,-1.803
0.234,-1.416
0.202,-0.301
0.271,0.085
0.239,-0.338
0.09,-0.212
0.078,-1.073
0.022,-0.46
0.052,-1.519
0.003,-2.73
-0.319,-2.758
-0.375,-2.875
-0.6,-3.057
-0.538,-3.127
-2.227,-3.185
-2.335,-3.151
-2.488,-2.955
-2.472,-2.912
-2.694,-3.018
3.118,-3.023
3.036,-3.009
0.715,-3.048
0.118,-2.875
-0.025,-3.246
-0.967,1.257
-0.933,1.218
-1.128,1.497
-1.22,1.442
-1.645,1.491
-1.542,1.392
-2.252,1.127
-2.096,1.481
-2.307,1.441
-2.416,1.507
-3.095,1.453
2.552,1.456
1.671,1.286
1.758,1.391
1.405,1.567
1.286,1.553
0.61,1.189
0.574,1.545
0.274,1.577
0.241,1.402
0.184,1.296
-0.504,-1.942
-1.565,-1.282
-1.676,-1.521
-1.988,-2.29
2.031,0.259
1.877,-1.182
1.851,-0.962
1.099,-0.262
0.328,-2.772
-2.728,0.475
2.231,-0.915
1.65,-0.1
1.698,-0.563
1.28,-1.701
1.015,-0.926
1.074,-0.038
0.729,-1.309
0.623,-0.017
0.409,0.114
0.375,0.256
3.024,-0.995
2.896,0.278
1.505,-2.016
-1.409,-2.896
1.406,-2.721
1.049,-2.606
-0.013,0.314
-0.094,-0.351
-0.267,-2.803
-0.403,-2.836
-0.725,-2.564
-1.128,-2.713
-1.317,-2.79
-1.509,-2.863
-1.715,-2.807
-2.732,-2.747
3.111,-2.857
3.02,-2.924
2.868,-2.793
2.369,-2.919
2.299,-2.767
2.185,-2.955
1.664,-2.8
1.498,-2.681
1.422,-2.638
1.35,-2.795
0.647,-2.649
0.459,-2.767
0.197,-2.827
0.188,-2.578
0.123,-3.041
0.06,-2.58
-0.319,1.716
-0.79,1.764
-1.09,1.728
-1.354,1.887
-1.572,1.78
-1.588,1.671
-2.14,1.834
-2.941,1.635
2.897,1.713
2.714,1.923
1.886,1.622
1.313,1.591
1.264,1.793
1.279,1.908
1.151,1.49
1.222,1.792
1.12,1.543
1.192,1.572
0.959,1.814
0.581,1.807
0.553,1.911
0.298,1.784
-1.13,-1.626
-2.127,-2.029
-2.499,-2.424
-2.307,-2.919
2.226,1.83
0.965,1.695
-0.06,-0.116
-0.153,0.097
-0.353,0.983
-0.224,-1.098
-0.235,-1.925
-0.264,-2.043
-0.406,1.138
-0.422,-2.305
-0.636,-1.592
-0.737,-1.641
-0.739,-1.187
-0.734,-0.418
-1.046,0.169
-1.051,-1.374
-0.963,-2.519
-1.039,0.206
-1.117,-2.212
-1.222,-1.905
-1.233,-0.161
-1.36,-0.643
-1.35,-1.465
-1.31,-0.148
-1.328,-1.189
-1.338,-0.298
-1.551,1.45
-1.432,0.158
-1.582,-0.283
-1.584,-1.37
-1.51,-0.975
-1.567,-0.221
-2.061,1.401
-2.073,-0.9
-2.104,-2.478
-2.299,-0.959
-2.367,-2.259
-2.591,-2.476
-2.623,-0.305
-2.551,-0.542
-2.619,0.915
-2.714,0.481
-2.879,-1.003
-2.879,0.474
-2.92,0.377
3.136,-0.773
2.92,0.405
2.846,-2.117
2.783,-0.333
2.763,0.01
2.556,-1.061
2.669,-2.073
2.662,-2.523
2.448,-2.158
2.545,-1.382
2.345,-0.017
2.456,-2.195
2.44,-0.472
2.261,-0.25
2.145,-0.962
2.126,-2.477
1.983,1.264
1.909,-2.511
2.038,-1.257
1.994,-1.521
1.835,0.456
1.753,-1.529
1.669,-2.306
1.469,0.097
1.15,0.313
1.103,-0.774
1.213,0.187
1.025,-1.229
1.007,0.135
0.926,0.368
0.884,-0.081
0.991,-2.34
0.837,-0.475
0.914,-1.463
0.889,-2.454
0.824,-1.931
0.647,-0.223
0.477,-1.508
0.189,-1.121
0.157,-0.006
0.226,0.38
0.194,-0.043
0.045,0.083
0.033,-0.778
-0.023,-0.165
0.007,-1.224
-0.042,-2.435
-0.364,-2.463
-0.42,-2.58
-0.645,-2.762
-0.583,-2.832
-2.272,-2.89
-2.38,-2.856
-2.533,-2.66
-2.517,-2.617
-2.739,-2.723
3.073,-2.728
2.991,-2.714
0.67,-2.753
0.073,-2.58
-0.07,-2.951
-1.012,1.552
-0.978,1.513
-1.173,1.792
-1.265,1.737
-1.69,1.786
-1.587,1.687
-2.297,1.422
-2.141,1.776
-2.352,1.736
-2.461,1.802
-3.14,1.748
2.507,1.751
1.626,1.581
1.713,1.686
1.36,1.862
1.241,1.848
0.565,1.484
0.529,1.84
0.229,1.872
0.196,1.697
0.139,1.591
-0.549,-1.647
-1.61,-0.987
-1.721,-1.226
-2.033,-1.995
1.986,0.554
1.832,-0.887
1.806,-0.667
1.054,0.033
0.283,-2.477
-2.773,0.77
2.186,-0.62
1.605,0.195
1.653,-0.268
1.235,-1.406
0.97,-0.631
1.029,0.257
0.684,-1.014
0.578,0.278
0.364,0.409
0.33,0.551
2.979,-0.7
2.851,0.573
1.46,-1.721
-1.454,-2.601
1.361,-2.426
1.004,-2.311
-0.081,-0.665
-0.254,-3.117
-0.39,-3.15
-0.712,-2.878
-1.115,-3.027
-1.304,-3.104
-1.496,-3.177
-1.702,-3.121
-2.719,-3.061
3.124,-3.171
3.033,-3.238
2.881,-3.107
2.382,-3.233
2.312,-3.081
2.198,-3.269
1.677,-3.114
1.511,-2.995
1.435,-2.952
1.363,-3.109
0.66,-2.963
0.472,-3.081
0.21,-3.141
0.201,-2.892
0.136,-3.355
0.073,-2.894
-0.306,1.402
-0.777,1.45
-1.077,1.414
-1.341,1.573
-1.559,1.466
-1.575,1.357
-2.127,1.52
-2.928,1.321
2.91,1.399
2.727,1.609
1.899,1.308
1.326,1.277
1.277,1.479
1.292,1.594
1.164,1.176
1.235,1.478
1.133,1.229
1.205,1.258
0.972,1.5
0.594,1.493
0.566,1.597
0.311,1.47
-1.117,-1.94
-2.114,-2.343
-2.486,-2.738
-2.294,-3.233
2.239,1.516
0.978,1.381
-0.047,-0.43
-0.14,-0.217
-0.34,0.669
-0.211,-1.412
-0.222,-2.239
-0.251,-2.357
-0.393,0.824
-0.409,-2.619
-0.623,-1.906
-0.724,-1.955
-0.726,-1.501
-0.721,-0.732
-1.033,-0.145
-1.038,-1.688
-0.95,-2.833
-1.026,-0.108
-1.104,-2.526
-1.209,-2.219
-1.22,-0.475
-1.347,-0.957
-1.337,-1.779
-1.297,-0.462
-1.315,-1.503
-1.325,-0.612
-1.538,1.136
-1.419,-0.156
-1.569,-0.597
-1.571,-1.684
-1.497,-1.289
-1.554,-0.535
-2.048,1.087
-2.06,-1.214
-2.091,-2.792
-2.286,-1.273
-2.354,-2.573
-2.578,-2.79
-2.61,-0.619
-2.538,-0.856
-2.606,0.601
-2.701,0.167
-2.866,-1.317
-2.866,0.16
-2.907,0.063
-3.134,-1.087
2.933,0.091
2.859,-2.431
2.796,-0.647
2.776,-0.304
2.569,-1.375
2.682,-2.387
2.675,-2.837
2.461,-2.472
2.558,-1.696
2.358,-0.331
2.469,-2.509
2.453,-0.786
2.274,-0.564
2.158,-1.276
2.139,-2.791
1.996,0.95
1.922,-2.825
2.051,-1.571
2.007,-1.835
1.848,0.142
1.766,-1.843
1.682,-2.62
1.482,-0.217
1.163,-0.001
1.116,-1.088
1.226,-0.127
1.038,-1.543
1.02,-0.179
0.939,0.054
0.897,-0.395
1.004,-2.654
0.85,-0.789
0.927,-1.777
0.902,-2.768
0.837,-2.245
0.66,-0.537
0.49,-1.822
0.202,-1.435
0.17,-0.32
0.239,0.066
0.207,-0.357
0.058,-0.231
0.046,-1.092
-0.01,-0.479
0.02,-1.538
-0.029,-2.749
-0.351,-2.777
-0.407,-2.894
-0.632,-3.076
-0.57,-3.146
-2.259,-3.204
-2.367,-3.17
-2.52,-2.974
-2.504,-2.931
-2.726,-3.037
3.086,-3.042
3.004,-3.028
0.683,-3.067
0.086,-2.894
-0.057,-3.265
-0.999,1.238
-0.965,1.199
-1.16,1.478
-1.252,1.423
-1.677,1.472
-1.574,1.373
-2.284,1.108
-2.128,1.462
-2.339,1.422
-2.448,1.488
-3.127,1.434
2.52,1.437
1.639,1.267
1.726,1.372
1.373,1.548
1.254,1.534
0.578,1.17
0.542,1.526
0.242,1.558
0.209,1.383
0.152,1.277
-0.536,-1.961
-1.597,-1.301
-1.708,-1.54
-2.02,-2.309
1.999,0.24
1.845,-1.201
1.819,-0.981
1.067,-0.281
0.296,-2.791
-2.76,0.456
2.199,-0.934
1.618,-0.119
1.666,-0.582
1.248,-1.72
0.983,-0.945
1.042,-0.057
0.697,-1.328
0.591,-0.036
0.377,0.095
0.343,0.237
2.992,-1.014
2.864,0.259
1.473,-2.035
-1.441,-2.915
1.374,-2.74
1.017,-2.625
-0.173,-2.452
-0.309,-2.485
-0.631,-2.213
-1.034,-2.362
-1.223,-2.439
-1.415,-2.512
-1.621,-2.456
-2.638,-2.396
-3.078,-2.506
3.114,-2.573
2.962,-2.442
2.463,-2.568
2.393,-2.416
2.279,-2.604
1.758,-2.449
1.592,-2.33
1.516,-2.287
1.444,-2.444
0.741,-2.298
0.553,-2.416
0.291,-2.476
0.282,-2.227
0.217,-2.69
0.154,-2.229
-0.225,2.067
-0.696,2.115
-0.996,2.079
-1.26,2.238
-1.478,2.131
-1.494,2.022
-2.046,2.185
-2.847,1.986
2.991,2.064
2.808,2.274
1.98,1.973
1.407,1.942
1.358,2.144
1.373,2.259
1.245,1.841
1.316,2.143
1.214,1.894
1.286,1.923
1.053,2.165
0.675,2.158
0.647,2.262
0.392,2.135
-1.036,-1.275
-2.033,-1.678
-2.405,-2.073
-2.213,-2.568
2.32,2.181
1.059,2.046
0.034,0.235
-0.059,0.448
-0.259,1.334
-0.13,-0.747
-0.141,-1.574
-0.17,-1.692
-0.312,1.489
-0.328,-1.954
-0.542,-1.241
-0.643,-1.29
-0.645,-0.836
-0.64,-0.067
-0.952,0.52
-0.957,-1.023
-0.869,-2.168
-0.945,0.557
-1.023,-1.861
-1.128,-1.554
-1.139,0.19
-1.266,-0.292
-1.256,-1.114
-1.216,0.203
-1.234,-0.838
-1.244,0.053
-1.457,1.801
-1.338,0.509
-1.488,0.068
-1.49,-1.019
-1.416,-0.624
-1.473,0.13
-1.967,1.752
-1.979,-0.549
-2.01,-2.127
-2.205,-0.608
-2.273,-1.908
-2.497,-2.125
-2.529,0.046
-2.457,-0.191
-2.525,1.266
-2.62,0.832
-2.785,-0.652
-2.785,0.825
-2.826,0.728
-3.053,-0.422
3.014,0.756
2.94,-1.766
2.877,0.018
2.857,0.361
2.65,-0.71
2.763,-1.722
2.756,-2.172
2.542,-1.807
2.639,-1.031
2.439,0.334
2.55,-1.844
2.534,-0.121
2.355,0.101
2.239,-0.611
2.22,-2.126
2.077,1.615
2.003,-2.16
2.132,-0.906
2.088,-1.17
1.929,0.807
1.847,-1.178
1.763,-1.955
1.563,0.448
1.244,0.664
1.197,-0.423
1.307,0.538
1.119,-0.878
1.101,0.486
1.02,0.719
0.978,0.27
1.085,-1.989
0.931,-0.124
1.008,-1.112
0.983,-2.103
0.918,-1.58
0.741,0.128
0.571,-1.157
0.283,-0.77
0.251,0.345
0.32,0.731
0.288,0.308
0.139,0.434
0.127,-0.427
0.071,0.186
0.101,-0.873
0.052,-2.084
-0.27,-2.112
-0.326,-2.229
-0.551,-2.411
-0.489,-2.481
-2.178,-2.539
-2.286,-2.505
-2.439,-2.309
-2.423,-2.266
-2.645,-2.372
-3.116,-2.377
3.085,-2.363
0.764,-2.402
0.167,-2.229
0.024,-2.6
-0.918,1.903
-0.884,1.864
-1.079,2.143
-1.171,2.088
-1.596,2.137
-1.493,2.038
-2.203,1.773
-2.047,2.127
-2.258,2.087
-2.367,2.153
-3.046,2.099
2.601,2.102
1.72,1.932
1.807,2.037
1.454,2.213
1.335,2.199
0.659,1.835
0.623,2.191
0.323,2.223
0.29,2.048
0.233,1.942
-0.455,-1.296
-1.516,-0.636
-1.627,-0.875
-1.939,-1.644
2.08,0.905
1.926,-0.536
1.9,-0.316
1.148,0.384
0.377,-2.126
-2.679,1.121
2.28,-0.269
1.699,0.546
1.747,0.083
1.329,-1.055
1.064,-0.28
1.123,0.608
0.778,-0.663
0.672,0.629
0.458,0.76
0.424,0.902
3.073,-0.349
2.945,0.924
1.554,-1.37
-1.36,-2.25
1.455,-2.075
1.098,-1.96
-0.136,-0.033
-0.458,0.239
-0.861,0.09
-1.05,0.013
-1.242,-0.06
-1.448,-0.004
-2.465,0.056
-2.905,-0.054
-2.996,-0.121
3.135,0.01
2.636,-0.116
2.566,0.036
2.452,-0.152
1.931,0.003
1.765,0.122
1.689,0.165
1.617,0.008
0.914,0.154
0.726,0.036
0.464,-0.024
0.455,0.225
0.39,-0.238
0.327,0.223
-0.052,4.519
-0.523,4.567
-0.823,4.531
-1.087,4.69
-1.305,4.583
-1.321,4.474
-1.873,4.637
-2.674,4.438
-3.119,4.516
2.981,4.726
2.153,4.425
1.58,4.394
1.531,4.596
1.546,4.711
1.418,4.293
1.489,4.595
1.387,4.346
1.459,4.375
1.226,4.617
0.848,4.61
0.82,4.714
0.565,4.587
-0.863,1.177
-1.86,0.774
-2.232,0.379
-2.04,-0.116
2.493,4.633
1.232,4.498
0.207,2.687
0.114,2.9
-0.086,3.786
0.043,1.705
0.032,0.878
0.003,0.76
-0.139,3.941
-0.155,0.498
-0.369,1.211
-0.47,1.162
-0.472,1.616
-0.467,2.385
-0.779,2.972
-0.784,1.429
-0.696,0.284
-0.772,3.009
-0.85,0.591
-0.955,0.898
-0.966,2.642
-1.093,2.16
-1.083,1.338
-1.043,2.655
-1.061,1.614
-1.071,2.505
-1.284,4.253
-1.165,2.961
-1.315,2.52
-1.317,1.433
-1.243,1.828
-1.3,2.582
-1.794,4.204
-1.806,1.903
-1.837,0.325
-2.032,1.844
-2.1,0.544
-2.324,0.327
-2.356,2.498
-2.284,2.261
-2.352,3.718
-2.447,3.284
-2.612,1.8
-2.612,3.277
-2.653,3.18
-2.88,2.03
-3.096,3.208
3.113,0.686
3.05,2.47
3.03,2.813
2.823,1.742
2.936,0.73
2.929,0.28
2.715,0.645
2.812,1.421
2.612,2.786
2.723,0.608
2.707,2.331
2.528,2.553
2.412,1.841
2.393,0.326
2.25,4.067
2.176,0.292
2.305,1.546
2.261,1.282
2.102,3.259
2.02,1.274
1.936,0.497
1.736,2.9
1.417,3.116
1.37,2.029
1.48,2.99
1.292,1.574
1.274,2.938
1.193,3.171
1.151,2.722
1.258,0.463
1.104,2.328
1.181,1.34
1.156,0.349
1.091,0.872
0.914,2.58
0.744,1.295
0.456,1.682
0.424,2.797
0.493,3.183
0.461,2.76
0.312,2.886
0.3,2.025
0.244,2.638
0.274,1.579
0.225,0.368
-0.097,0.34
-0.153,0.223
-0.378,0.041
-0.316,-0.029
-2.005,-0.087
-2.113,-0.053
-2.266,0.143
-2.25,0.186
-2.472,0.08
-2.943,0.075
-3.025,0.089
0.937,0.05
0.34,0.223
0.197,-0.148
-0.745,4.355
-0.711,4.316
-0.906,4.595
-0.998,4.54
-1.423,4.589
-1.32,4.49
-2.03,4.225
-1.874,4.579
-2.085,4.539
-2.194,4.605
-2.873,4.551
2.774,4.554
1.893,4.384
1.98,4.489
1.627,4.665
1.508,4.651
0.832,4.287
0.796,4.643
0.496,4.675
0.463,4.5
0.406,4.394
-0.282,1.156
-1.343,1.816
-1.454,1.577
-1.766,0.808
2.253,3.357
2.099,1.916
2.073,2.136
1.321,2.836
0.55,0.326
-2.506,3.573
2.453,2.183
1.872,2.998
1.92,2.535
1.502,1.397
1.237,2.172
1.296,3.06
0.951,1.789
0.845,3.081
0.631,3.212
0.597,3.354
-3.037,2.103
3.118,3.376
1.727,1.082
-1.187,0.202
1.628,0.377
1.271,0.492
-0.322,0.272
-0.725,0.123
-0.914,0.046
-1.106,-0.027
-1.312,0.029
-2.329,0.089
-2.769,-0.021
-2.86,-0.088
-3.012,0.043
2.772,-0.083
2.702,0.069
2.588,-0.119
2.067,0.036
1.901,0.155
1.825,0.198
1.753,0.041
1.05,0.187
0.862,0.069
0.6,0.009
0.591,0.258
0.526,-0.205
0.463,0.256
0.084,4.552
-0.387,4.6
-0.687,4.564
-0.951,4.723
-1.169,4.616
-1.185,4.507
-1.737,4.67
-2.538,4.471
-2.983,4.549
3.117,4.759
2.289,4.458
1.716,4.427
1.667,4.629
1.682,4.744
1.554,4.326
1.625,4.628
1.523,4.379
1.595,4.408
1.362,4.65
0.984,4.643
0.956,4.747
0.701,4.62
-0.727,1.21
-1.724,0.807
-2.096,0.412
-1.904,-0.083
2.629,4.666
1.368,4.531
0.343,2.72
0.25,2.933
0.05,3.819
0.179,1.738
0.168,0.911
0.139,0.793
-0.003,3.974
-0.019,0.531
-0.233,1.244
-0.334,1.195
-0.336,1.649
-0.331,2.418
-0.643,3.005
-0.648,1.462
-0.56,0.317
-0.636,3.042
-0.714,0.624
-0.819,0.931
-0.83,2.675
-0.957,2.193
-0.947,1.371
-0.907,2.688
-0.925,1.647
-0.935,2.538
-1.148,4.286
-1.029,2.994
-1.179,2.553
-1.181,1.466
-1.107,1.861
-1.164,2.615
-1.658,4.237
-1.67,1.936
-1.701,0.358
-1.896,1.877
-1.964,0.577
-2.188,0.36
-2.22,2.531
-2.148,2.294
-2.216,3.751
-2.311,3.317
-2.476,1.833
-2.476,3.31
-2.517,3.213
-2.744,2.063
-2.96,3.241
-3.034,0.719
-3.097,2.503
-3.117,2.846
2.959,1.775
3.072,0.763
3.065,0.313
2.851,0.678
2.948,1.454
2.748,2.819
2.859,0.641
2.843,2.364
2.664,2.586
2.548,1.874
2.529,0.359
2.386,4.1
2.312,0.325
2.441,1.579
2.397,1.315
2.238,3.292
2.156,1.307
2.072,0.53
1.872,2.933
1.553,3.149
1.506,2.062
1.616,3.023
1.428,1.607
1.41,2.971
1.329,3.204
1.287,2.755
1.394,0.496
1.24,2.361
1.317,1.373
1.292,0.382
1.227,0.905
1.05,2.613
0.88,1.328
0.592,1.715
0.56,2.83
0.629,3.216
0.597,2.793
0.448,2.919
0.436,2.058
0.38,2.671
0.41,1.612
0.361,0.401
0.039,0.373
-0.017,0.256
-0.242,0.074
-0.18,0.004
-1.869,-0.054
-1.977,-0.02
-2.13,0.176
-2.114,0.219
-2.336,0.113
-2.807,0.108
-2.889,0.122
1.073,0.083
0.476,0.256
0.333,-0.115
-0.609,4.388
-0.575,4.349
-0.77,4.628
-0.862,4.573
-1.287,4.622
-1.184,4.523
-1.894,4.258
-1.738,4.612
-1.949,4.572
-2.058,4.638
-2.737,4.584
2.91,4.587
2.029,4.417
2.116,4.522
1.763,4.698
1.644,4.684
0.968,4.32
0.932,4.676
0.632,4.708
0.599,4.533
0.542,4.427
-0.146,1.189
-1.207,1.849
-1.318,1.61
-1.63,0.841
2.389,3.39
2.235,1.949
2.209,2.169
1.457,2.869
0.686,0.359
-2.37,3.606
2.589,2.216
2.008,3.031
2.056,2.568
1.638,1.43
1.373,2.205
1.432,3.093
1.087,1.822
0.981,3.114
0.767,3.245
0.733,3.387
-2.901,2.136
-3.029,3.409
1.863,1.115
-1.051,0.235
1.764,0.41
1.407,0.525
-0.403,-0.149
-0.592,-0.226
-0.784,-0.299
-0.99,-0.243
-2.007,-0.183
-2.447,-0.293
-2.538,-0.36
-2.69,-0.229
3.094,-0.355
3.024,-0.203
2.91,-0.391
2.389,-0.236
2.223,-0.117
2.147,-0.074
2.075,-0.231
1.372,-0.085
1.184,-0.203
0.922,-0.263
0.913,-0.014
0.848,-0.477
0.785,-0.016
0.406,4.28
-0.065,4.328
-0.365,4.292
-0.629,4.451
-0.847,4.344
-0.863,4.235
-1.415,4.398
-2.216,4.199
-2.661,4.277
-2.844,4.487
2.611,4.186
2.038,4.155
1.989,4.357
2.004,4.472
1.876,4.054
1.947,4.356
1.845,4.107
1.917,4.136
1.684,4.378
1.306,4.371
1.278,4.475
1.023,4.348
-0.405,0.938
-1.402,0.535
-1.774,0.14
-1.582,-0.355
2.951,4.394
1.69,4.259
0.665,2.448
0.572,2.661
0.372,3.547
0.501,1.466
0.49,0.639
0.461,0.521
0.319,3.702
0.303,0.259
0.089,0.972
-0.012,0.923
-0.014,1.377
-0.009,2.146
-0.321,2.733
-0.326,1.19
-0.238,0.045
-0.314,2.77
-0.392,0.352
-0.497,0.659
-0.508,2.403
-0.635,1.921
-0.625,1.099
-0.585,2.416
-0.603,1.375
-0.613,2.266
-0.826,4.014
-0.707,2.722
-0.857,2.281
-0.859,1.194
-0.785,1.589
-0.842,2.343
-1.336,3.965
-1.348,1.664
-1.379,0.086
-1.574,1.605
-1.642,0.305
-1.866,0.088
-1.898,2.259
-1.826,2.022
-1.894,3.479
-1.989,3.045
-2.154,1.561
-2.154,3.038
-2.195,2.941
-2.422,1.791
-2.638,2.969
-2.712,0.447
-2.775,2.231
-2.795,2.574
-3.002,1.503
-2.889,0.491
-2.896,0.041
-3.11,0.406
-3.013,1.182
3.07,2.547
-3.102,0.369
-3.118,2.092
2.986,2.314
2.87,1.602
2.851,0.087
2.708,3.828
2.634,0.053
2.763,1.307
2.719,1.043
2.56,3.02
2.478,1.035
2.394,0.258
2.194,2.661
1.875,2.877
1.828,1.79
1.938,2.751
1.75,1.335
1.732,2.699
1.651,2.932
1.609,2.483
1.716,0.224
1.562,2.089
1.639,1.101
1.614,0.11
1.549,0.633
1.372,2.341
1.202,1.056
0.914,1.443
0.882,2.558
0.951,2.944
0.919,2.521
0.77,2.647
0.758,1.786
0.702,2.399
0.732,1.34
0.683,0.129
0.361,0.101
0.305,-0.016
0.08,-0.198
0.142,-0.268
-1.547,-0.326
-1.655,-0.292
-1.808,-0.096
-1.792,-0.053
-2.014,-0.159
-2.485,-0.164
-2.567,-0.15
1.395,-0.189
0.798,-0.016
0.655,-0.387
-0.287,4.116
-0.253,4.077
-0.448,4.356
-0.54,4.301
-0.965,4.35
-0.862,4.251
-1.572,3.986
-1.416,4.34
-1.627,4.3
-1.736,4.366
-2.415,4.312
-3.051,4.315
2.351,4.145
2.438,4.25
2.085,4.426
1.966,4.412
1.29,4.048
1.254,4.404
0.954,4.436
0.921,4.261
0.864,4.155
0.176,0.917
-0.885,1.577
-0.996,1.338
-1.308,0.569
2.711,3.118
2.557,1.677
2.531,1.897
1.779,2.597
1.008,0.087
-2.048,3.334
2.911,1.944
2.33,2.759
2.378,2.296
1.96,1.158
1.695,1.933
1.754,2.821
1.409,1.55
1.303,2.842
1.089,2.973
1.055,3.115
-2.579,1.864
-2.707,3.137
2.185,0.843
-0.729,-0.037
2.086,0.138
1.729,0.253
-0.189,-0.077
-0.381,-0.15
-0.587,-0.094
-1.604,-0.034
-2.044,-0.144
-2.135,-0.211
-2.287,-0.08
-2.786,-0.206
-2.856,-0.054
-2.97,-0.242
2.792,-0.087
2.626,0.032
2.55,0.075
2.478,-0.082
1.775,0.064
1.587,-0.054
1.325,-0.114
1.316,0.135
1.251,-0.328
1.188,0.133
0.809,4.429
0.338,4.477
0.038,4.441
-0.226,4.6
-0.444,4.493
-0.46,4.384
-1.012,4.547
-1.813,4.348
-2.258,4.426
-2.441,4.636
3.014,4.335
2.441,4.304
2.392,4.506
2.407,4.621
2.279,4.203
2.35,4.505
2.248,4.256
2.32,4.285
2.087,4.527
1.709,4.52
1.681,4.624
1.426,4.497
-0.002,1.087
-0.999,0.684
-1.371,0.289
-1.179,-0.206
-2.929,4.543
2.093,4.408
1.068,2.597
0.975,2.81
0.775,3.696
0.904,1.615
0.893,0.788
0.864,0.67
0.722,3.851
0.706,0.408
0.492,1.121
0.391,1.072
0.389,1.526
0.394,2.295
0.082,2.882
0.077,1.339
0.165,0.194
0.089,2.919
0.011,0.501
-0.094,0.808
-0.105,2.552
-0.232,2.07
-0.222,1.248
-0.182,2.565
-0.2,1.524
-0.21,2.415
-0.423,4.163
-0.304,2.871
-0.454,2.43
-0.456,1.343
-0.382,1.738
-0.439,2.492
-0.933,4.114
-0.945,1.813
-0.976,0.235
-1.171,1.754
-1.239,0.454
-1.463,0.237
-1.495,2.408
-1.423,2.171
-1.491,3.628
-1.586,3.194
-1.751,1.71
-1.751,3.187
-1.792,3.09
-2.019,1.94
-2.235,3.118
-2.309,0.596
-2.372,2.38
-2.392,2.723
-2.599,1.652
-2.486,0.64
-2.493,0.19
-2.707,0.555
-2.61,1.331
-2.81,2.696
-2.699,0.518
-2.715,2.241
-2.894,2.463
-3.01,1.751
-3.029,0.236
3.111,3.977
3.037,0.202
-3.117,1.456
3.122,1.192
2.963,3.169
2.881,1.184
2.797,0.407
2.597,2.81
2.278,3.026
2.231,1.939
2.341,2.9
2.153,1.484
2.135,2.848
2.054,3.081
2.012,2.632
2.119,0.373
1.965,2.238
2.042,1.25
2.017,0.259
1.952,0.782
1.775,2.49
1.605,1.205
1.317,1.592
1.285,2.707
1.354,3.093
1.322,2.67
1.173,2.796
1.161,1.935
1.105,2.548
1.135,1.489
1.086,0.278
0.764,0.25
0.708,0.133
0.483,-0.049
0.545,-0.119
-1.144,-0.177
-1.252,-0.143
-1.405,0.053
-1.389,0.096
-1.611,-0.01
-2.082,-0.015
-2.164,-0.001
1.798,-0.04
1.201,0.133
1.058,-0.238
0.116,4.265
0.15,4.226
-0.045,4.505
-0.137,4.45
-0.562,4.499
-0.459,4.4
-1.169,4.135
-1.013,4.489
-1.224,4.449
-1.333,4.515
-2.012,4.461
-2.648,4.464
2.754,4.294
2.841,4.399
2.488,4.575
2.369,4.561
1.693,4.197
1.657,4.553
1.357,4.585
1.324,4.41
1.267,4.304
0.579,1.066
-0.482,1.726
-0.593,1.487
-0.905,0.718
3.114,3.267
2.96,1.826
2.934,2.046
2.182,2.746
1.411,0.236
-1.645,3.483
-2.969,2.093
2.733,2.908
2.781,2.445
2.363,1.307
2.098,2.082
2.157,2.97
1.812,1.699
1.706,2.991
1.492,3.122
1.458,3.264
-2.176,2.013
-2.304,3.286
2.588,0.992
-0.326,0.112
2.489,0.287
2.132,0.402
-0.192,-0.073
-0.398,-0.017
-1.415,0.043
-1.855,-0.067
-1.946,-0.134
-2.098,-0.003
-2.597,-0.129
-2.667,0.023
-2.781,-0.165
2.981,-0.01
2.815,0.109
2.739,0.152
2.667,-0.005
1.964,0.141
1.776,0.023
1.514,-0.037
1.505,0.212
1.44,-0.251
1.377,0.21
0.998,4.506
0.527,4.554
0.227,4.518
-0.037,4.677
-0.255,4.57
-0.271,4.461
-0.823,4.624
-1.624,4.425
-2.069,4.503
-2.252,4.713
-3.08,4.412
2.63,4.381
2.581,4.583
2.596,4.698
2.468,4.28
2.539,4.582
2.437,4.333
2.509,4.362
2.276,4.604
1.898,4.597
1.87,4.701
1.615,4.574
0.187,1.164
-0.81,0.761
-1.182,0.366
-0.99,-0.129
-2.74,4.62
2.282,4.485
1.257,2.674
1.164,2.887
0.964,3.773
1.093,1.692
1.082,0.865
1.053,0.747
0.911,3.928
0.895,0.485
0.681,1.198
0.58,1.149
0.578,1.603
0.583,2.372
0.271,2.959
0.266,1.416
0.354,0.271
0.278,2.996
0.2,0.578
0.095,0.885
0.084,2.629
-0.043,2.147
-0.033,1.325
0.007,2.642
-0.011,1.601
-0.021,2.492
-0.234,4.24
-0.115,2.948
-0.265,2.507
-0.267,1.42
-0.193,1.815
-0.25,2.569
-0.744,4.191
-0.756,1.89
-0.787,0.312
-0.982,1.831
-1.05,0.531
-1.274,0.314
-1.306,2.485
-1.234,2.248
-1.302,3.705
-1.397,3.271
-1.562,1.787
-1.562,3.264
-1.603,3.167
-1.83,2.017
-2.046,3.195
-2.12,0.673
-2.183,2.457
-2.203,2.8
-2.41,1.729
-2.297,0.717
-2.304,0.267
-2.518,0.632
-2.421,1.408
-2.621,2.773
-2.51,0.595
-2.526,2.318
-2.705,2.54
-2.821,1.828
-2.84,0.313
-2.983,4.054
-3.057,0.279
-2.928,1.533
-2.972,1.269
-3.131,3.246
3.07,1.261
2.986,0.484
2.786,2.887
2.467,3.103
2.42,2.016
2.53,2.977
2.342,1.561
2.324,2.925
2.243,3.158
2.201,2.709
2.308,0.45
2.154,2.315
2.231,1.327
2.206,0.336
2.141,0.859
1.964,2.567
1.794,1.282
1.506,1.669
1.474,2.784
1.543,3.17
1.511,2.747
1.362,2.873
1.35,2.012
1.294,2.625
1.324,1.566
1.275,0.355
0.953,0.327
0.897,0.21
0.672,0.028
0.734,-0.042
-0.955,-0.1
-1.063,-0.066
-1.216,0.13
-1.2,0.173
-1.422,0.067
-1.893,0.062
-1.975,0.076
1.987,0.037
1.39,0.21
1.247,-0.161
0.305,4.342
0.339,4.303
0.144,4.582
0.052,4.527
-0.373,4.576
-0.27,4.477
-0.98,4.212
-0.824,4.566
-1.035,4.526
-1.144,4.592
-1.823,4.538
-2.459,4.541
2.943,4.371
3.03,4.476
2.677,4.652
2.558,4.638
1.882,4.274
1.846,4.63
1.546,4.662
1.513,4.487
1.456,4.381
0.768,1.143
-0.293,1.803
-0.404,1.564
-0.716,0.795
-2.98,3.344
-3.134,1.903
3.123,2.123
2.371,2.823
1.6,0.313
-1.456,3.56
-2.78,2.17
2.922,2.985
2.97,2.522
2.552,1.384
2.287,2.159
2.346,3.047
2.001,1.776
1.895,3.068
1.681,3.199
1.647,3.341
-1.987,2.09
-2.115,3.363
2.777,1.069
-0.137,0.189
2.678,0.364
2.321,0.479
-0.206,0.056
-1.223,0.116
-1.663,0.006
-1.754,-0.061
-1.906,0.07
-2.405,-0.056
-2.475,0.096
-2.589,-0.092
-3.11,0.063
3.007,0.182
2.931,0.225
2.859,0.068
2.156,0.214
1.968,0.096
1.706,0.036
1.697,0.285
1.632,-0.178
1.569,0.283
1.19,4.579
0.719,4.627
0.419,4.591
0.155,4.75
-0.063,4.643
-0.079,4.534
-0.631,4.697
-1.432,4.498
-1.877,4.576
-2.06,4.786
-2.888,4.485
2.822,4.454
2.773,4.656
2.788,4.771
2.66,4.353
2.731,4.655
2.629,4.406
2.701,4.435
2.468,4.677
2.09,4.67
2.062,4.774
1.807,4.647
0.379,1.237
-0.618,0.834
-0.99,0.439
-0.798,-0.056
-2.548,4.693
2.474,4.558
1.449,2.747
1.356,2.96
1.156,3.846
1.285,1.765
1.274,0.938
1.245,0.82
1.103,4.001
1.087,0.558
0.873,1.271
0.772,1.222
0.77,1.676
0.775,2.445
0.463,3.032
0.458,1.489
0.546,0.344
0.47,3.069
0.392,0.651
0.287,0.958
0.276,2.702
0.149,2.22
0.159,1.398
0.199,2.715
0.181,1.674
0.171,2.565
-0.042,4.313
0.077,3.021
-0.073,2.58
-0.075,1.493
-0.001,1.888
-0.058,2.642
-0.552,4.264
-0.564,1.963
-0.595,0.385
-0.79,1.904
-0.858,0.604
-1.082,0.387
-1.114,2.558
-1.042,2.321
-1.11,3.778
-1.205,3.344
-1.37,1.86
-1.37,3.337
-1.411,3.24
-1.638,2.09
-1.854,3.268
-1.928,0.746
-1.991,2.53
-2.011,2.873
-2.218,1.802
-2.105,0.79
-2.112,0.34
-2.326,0.705
-2.229,1.481
-2.429,2.846
-2.318,0.668
-2.334,2.391
-2.513,2.613
-2.629,1.901
-2.648,0.386
-2.791,4.127
-2.865,0.352
-2.736,1.606
-2.78,1.342
-2.939,3.319
-3.021,1.334
-3.105,0.557
2.978,2.96
2.659,3.176
2.612,2.089
2.722,3.05
2.534,1.634
2.516,2.998
2.435,3.231
2.393,2.782
2.5,0.523
2.346,2.388
2.423,1.4
2.398,0.409
2.333,0.932
2.156,2.64
1.986,1.355
1.698,1.742
1.666,2.857
1.735,3.243
1.703,2.82
1.554,2.946
1.542,2.085
1.486,2.698
1.516,1.639
1.467,0.428
1.145,0.4
1.089,0.283
0.864,0.101
0.926,0.031
-0.763,-0.027
-0.871,0.007
-1.024,0.203
-1.008,0.246
-1.23,0.14
-1.701,0.135
-1.783,0.149
2.179,0.11
1.582,0.283
1.439,-0.088
0.497,4.415
0.531,4.376
0.336,4.655
0.244,4.6
-0.181,4.649
-0.078,4.55
-0.788,4.285
-0.632,4.639
-0.843,4.599
-0.952,4.665
-1.631,4.611
-2.267,4.614
3.135,4.444
-3.061,4.549
2.869,4.725
2.75,4.711
2.074,4.347
2.038,4.703
1.738,4.735
1.705,4.56
1.648,4.454
0.96,1.216
-0.101,1.876
-0.212,1.637
-0.524,0.868
-2.788,3.417
-2.942,1.976
-2.968,2.196
2.563,2.896
1.792,0.386
-1.264,3.633
-2.588,2.243
3.114,3.058
-3.121,2.595
2.744,1.457
2.479,2.232
2.538,3.12
2.193,1.849
2.087,3.141
1.873,3.272
1.839,3.414
-1.795,2.163
-1.923,3.436
2.969,1.142
0.055,0.262
2.87,0.437
2.513,0.552
-1.017,0.06
-1.457,-0.05
-1.548,-0.117
-1.7,0.014
-2.199,-0.112
-2.269,0.04
-2.383,-0.148
-2.904,0.007
-3.07,0.126
3.137,0.169
3.065,0.012
2.362,0.158
2.174,0.04
1.912,-0.02
1.903,0.229
1.838,-0.234
1.775,0.227
1.396,4.523
0.925,4.571
0.625,4.535
0.361,4.694
0.143,4.587
0.127,4.478
-0.425,4.641
-1.226,4.442
-1.671,4.52
-1.854,4.73
-2.682,4.429
3.028,4.398
2.979,4.6
2.994,4.715
2.866,4.297
2.937,4.599
2.835,4.35
2.907,4.379
2.674,4.621
2.296,4.614
2.268,4.718
2.013,4.591
0.585,1.181
-0.412,0.778
-0.784,0.383
-0.592,-0.112
-2.342,4.637
2.68,4.502
1.655,2.691
1.562,2.904
1.362,3.79
1.491,1.709
1.48,0.882
1.451,0.764
1.309,3.945
1.293,0.502
1.079,1.215
0.978,1.166
0.976,1.62
0.981,2.389
0.669,2.976
0.664,1.433
0.752,0.288
0.676,3.013
0.598,0.595
0.493,0.902
0.482,2.646
0.355,2.164
0.365,1.342
0.405,2.659
0.387,1.618
0.377,2.509
0.164,4.257
0.283,2.965
0.133,2.524
0.131,1.437
0.205,1.832
0.148,2.586
-0.346,4.208
-0.358,1.907
-0.389,0.329
-0.584,1.848
-0.652,0.548
-0.876,0.331
-0.908,2.502
-0.836,2.265
-0.904,3.722
-0.999,3.288
-1.164,1.804
-1.164,3.281
-1.205,3.184
-1.432,2.034
-1.648,3.212
-1.722,0.69
-1.785,2.474
-1.805,2.817
-2.012,1.746
-1.899,0.734
-1.906,0.284
-2.12,0.649
-2.023,1.425
-2.223,2.79
-2.112,0.612
-2.128,2.335
-2.307,2.557
-2.423,1.845
-2.442,0.33
-2.585,4.071
-2.659,0.296
-2.53,1.55
-2.574,1.286
-2.733,3.263
-2.815,1.278
-2.899,0.501
-3.099,2.904
2.865,3.12
2.818,2.033
2.928,2.994
2.74,1.578
2.722,2.942
2.641,3.175
2.599,2.726
2.706,0.467
2.552,2.332
2.629,1.344
2.604,0.353
2.539,0.876
2.362,2.584
2.192,1.299
1.904,1.686
1.872,2.801
1.941,3.187
1.909,2.764
1.76,2.89
1.748,2.029
1.692,2.642
1.722,1.583
1.673,0.372
1.351,0.344
1.295,0.227
1.07,0.045
1.132,-0.025
-0.557,-0.083
-0.665,-0.049
-0.818,0.147
-0.802,0.19
-1.024,0.084
-1.495,0.079
-1.577,0.093
2.385,0.054
1.788,0.227
1.645,-0.144
0.703,4.359
0.737,4.32
0.542,4.599
0.45,4.544
0.025,4.593
0.128,4.494
-0.582,4.229
-0.426,4.583
-0.637,4.543
-0.746,4.609
-1.425,4.555
-2.061,4.558
-2.942,4.388
-2.855,4.493
3.075,4.669
2.956,4.655
2.28,4.291
2.244,4.647
1.944,4.679
1.911,4.504
1.854,4.398
1.166,1.16
0.105,1.82
-0.006,1.581
-0.318,0.812
-2.582,3.361
-2.736,1.92
-2.762,2.14
2.769,2.84
1.998,0.33
-1.058,3.577
-2.382,2.187
-2.963,3.002
-2.915,2.539
2.95,1.401
2.685,2.176
2.744,3.064
2.399,1.793
2.293,3.085
2.079,3.216
2.045,3.358
-1.589,2.107
-1.717,3.38
-3.108,1.086
0.261,0.206
3.076,0.381
2.719,0.496
-0.44,-0.11
-0.531,-0.177
-0.683,-0.046
-1.182,-0.172
-1.252,-0.02
-1.366,-0.208
-1.887,-0.053
-2.053,0.066
-2.129,0.109
-2.201,-0.048
-2.904,0.098
-3.092,-0.02
2.929,-0.08
2.92,0.169
2.855,-0.294
2.792,0.167
2.413,4.463
1.942,4.511
1.642,4.475
1.378,4.634
1.16,4.527
1.144,4.418
0.592,4.581
-0.209,4.382
-0.654,4.46
-0.837,4.67
-1.665,4.369
-2.238,4.338
-2.287,4.54
-2.272,4.655
-2.4,4.237
-2.329,4.539
-2.431,4.29
-2.359,4.319
-2.592,4.561
-2.97,4.554
-2.998,4.658
3.03,4.531
1.602,1.121
0.605,0.718
0.233,0.323
0.425,-0.172
-1.325,4.577
-2.586,4.442
2.672,2.631
2.579,2.844
2.379,3.73
2.508,1.649
2.497,0.822
2.468,0.704
2.326,3.885
2.31,0.442
2.096,1.155
1.995,1.106
1.993,1.56
1.998,2.329
1.686,2.916
1.681,1.373
1.769,0.228
1.693,2.953
1.615,0.535
1.51,0.842
1.499,2.586
1.372,2.104
1.382,1.282
1.422,2.599
1.404,1.558
1.394,2.449
1.181,4.197
1.3,2.905
1.15,2.464
1.148,1.377
1.222,1.772
1.165,2.526
0.671,4.148
0.659,1.847
0.628,0.269
0.433,1.788
0.365,0.488
0.141,0.271
0.109,2.442
0.181,2.205
0.113,3.662
0.018,3.228
-0.147,1.744
-0.147,3.221
-0.188,3.124
-0.415,1.974
-0.631,3.152
-0.705,0.63
-0.768,2.414
-0.788,2.757
-0.995,1.686
-0.882,0.674
-0.889,0.224
-1.103,0.589
-1.006,1.365
-1.206,2.73
-1.095,0.552
-1.111,2.275
-1.29,2.497
-1.406,1.785
-1.425,0.27
-1.568,4.011
-1.642,0.236
-1.513,1.49
-1.557,1.226
-1.716,3.203
-1.798,1.218
-1.882,0.441
-2.082,2.844
-2.401,3.06
-2.448,1.973
-2.338,2.934
-2.526,1.518
-2.544,2.882
-2.625,3.115
-2.667,2.666
-2.56,0.407
-2.714,2.272
-2.637,1.284
-2.662,0.293
-2.727,0.816
-2.904,2.524
-3.074,1.239
2.921,1.626
2.889,2.741
2.958,3.127
2.926,2.704
2.777,2.83
2.765,1.969
2.709,2.582
2.739,1.523
2.69,0.312
2.368,0.284
2.312,0.167
2.087,-0.015
2.149,-0.085
0.46,-0.143
0.352,-0.109
0.199,0.087
0.215,0.13
-0.007,0.024
-0.478,0.019
-0.56,0.033
-2.881,-0.006
2.805,0.167
2.662,-0.204
1.72,4.299
1.754,4.26
1.559,4.539
1.467,4.484
1.042,4.533
1.145,4.434
0.435,4.169
0.591,4.523
0.38,4.483
0.271,4.549
-0.408,4.495
-1.044,4.498
-1.925,4.328
-1.838,4.433
-2.191,4.609
-2.31,4.595
-2.986,4.231
-3.022,4.587
2.961,4.619
2.928,4.444
2.871,4.338
2.183,1.1
1.122,1.76
1.011,1.521
0.699,0.752
-1.565,3.301
-1.719,1.86
-1.745,2.08
-2.497,2.78
3.015,0.27
-0.041,3.517
-1.365,2.127
-1.946,2.942
-1.898,2.479
-2.316,1.341
-2.581,2.116
-2.522,3.004
-2.867,1.733
-2.973,3.025
3.096,3.156
3.062,3.298
-0.572,2.047
-0.7,3.32
-2.091,1.026
1.278,0.146
-2.19,0.321
-2.547,0.436
-0.091,-0.067
-0.243,0.064
-0.742,-0.062
-0.812,0.09
-0.926,-0.098
-1.447,0.057
-1.613,0.176
-1.689,0.219
-1.761,0.062
-2.464,0.208
-2.652,0.09
-2.914,0.03
-2.923,0.279
-2.988,-0.184
-3.051,0.277
2.853,4.573
2.382,4.621
2.082,4.585
1.818,4.744
1.6,4.637
1.584,4.528
1.032,4.691
0.231,4.492
-0.214,4.57
-0.397,4.78
-1.225,4.479
-1.798,4.448
-1.847,4.65
-1.832,4.765
-1.96,4.347
-1.889,4.649
-1.991,4.4
-1.919,4.429
-2.152,4.671
-2.53,4.664
-2.558,4.768
-2.813,4.641
2.042,1.231
1.045,0.828
0.673,0.433
0.865,-0.062
-0.885,4.687
-2.146,4.552
3.112,2.741
3.019,2.954
2.819,3.84
2.948,1.759
2.937,0.932
2.908,0.814
2.766,3.995
2.75,0.552
2.536,1.265
2.435,1.216
2.433,1.67
2.438,2.439
2.126,3.026
2.121,1.483
2.209,0.338
2.133,3.063
2.055,0.645
1.95,0.952
1.939,2.696
1.812,2.214
1.822,1.392
1.862,2.709
1.844,1.668
1.834,2.559
1.621,4.307
1.74,3.015
1.59,2.574
1.588,1.487
1.662,1.882
1.605,2.636
1.111,4.258
1.099,1.957
1.068,0.379
0.873,1.898
0.805,0.598
0.581,0.381
0.549,2.552
0.621,2.315
0.553,3.772
0.458,3.338
0.293,1.854
0.293,3.331
0.252,3.234
0.025,2.084
-0.191,3.262
-0.265,0.74
-0.328,2.524
-0.348,2.867
-0.555,1.796
-0.442,0.784
-0.449,0.334
-0.663,0.699
-0.566,1.475
-0.766,2.84
-0.655,0.662
-0.671,2.385
-0.85,2.607
-0.966,1.895
-0.985,0.38
-1.128,4.121
-1.202,0.346
-1.073,1.6
-1.117,1.336
-1.276,3.313
-1.358,1.328
-1.442,0.551
-1.642,2.954
-1.961,3.17
-2.008,2.083
-1.898,3.044
-2.086,1.628
-2.104,2.992
-2.185,3.225
-2.227,2.776
-2.12,0.517
-2.274,2.382
-2.197,1.394
-2.222,0.403
-2.287,0.926
-2.464,2.634
-2.634,1.349
-2.922,1.736
-2.954,2.851
-2.885,3.237
-2.917,2.814
-3.066,2.94
-3.078,2.079
-3.134,2.692
-3.104,1.633
3.13,0.422
2.808,0.394
2.752,0.277
2.527,0.095
2.589,0.025
0.9,-0.033
0.792,0.001
0.639,0.197
0.655,0.24
0.433,0.134
-0.038,0.129
-0.12,0.143
-2.441,0.104
-3.038,0.277
3.102,-0.094
2.16,4.409
2.194,4.37
1.999,4.649
1.907,4.594
1.482,4.643
1.585,4.544
0.875,4.279
1.031,4.633
0.82,4.593
0.711,4.659
0.032,4.605
-0.604,4.608
-1.485,4.438
-1.398,4.543
-1.751,4.719
-1.87,4.705
-2.546,4.341
-2.582,4.697
-2.882,4.729
-2.915,4.554
-2.972,4.448
2.623,1.21
1.562,1.87
1.451,1.631
1.139,0.862
-1.125,3.411
-1.279,1.97
-1.305,2.19
-2.057,2.89
-2.828,0.38
0.399,3.627
-0.925,2.237
-1.506,3.052
-1.458,2.589
-1.876,1.451
-2.141,2.226
-2.082,3.114
-2.427,1.843
-2.533,3.135
-2.747,3.266
-2.781,3.408
-0.132,2.157
-0.26,3.43
-1.651,1.136
1.718,0.256
-1.75,0.431
-2.107,0.546
-0.152,0.131
-0.651,0.005
-0.721,0.157
-0.835,-0.031
-1.356,0.124
-1.522,0.243
-1.598,0.286
-1.67,0.129
-2.373,0.275
-2.561,0.157
-2.823,0.097
-2.832,0.346
-2.897,-0.117
-2.96,0.344
2.944,4.64
2.473,4.688
2.173,4.652
1.909,4.811
1.691,4.704
1.675,4.595
1.123,4.758
0.322,4.559
-0.123,4.637
-0.306,4.847
-1.134,4.546
-1.707,4.515
-1.756,4.717
-1.741,4.832
-1.869,4.414
-1.798,4.716
-1.9,4.467
-1.828,4.496
-2.061,4.738
-2.439,4.731
-2.467,4.835
-2.722,4.708
2.133,1.298
1.136,0.895
0.764,0.5
0.956,0.005
-0.794,4.754
-2.055,4.619
-3.08,2.808
3.11,3.021
2.91,3.907
3.039,1.826
3.028,0.999
2.999,0.881
2.857,4.062
2.841,0.619
2.627,1.332
2.526,1.283
2.524,1.737
2.529,2.506
2.217,3.093
2.212,1.55
2.3,0.405
2.224,3.13
2.146,0.712
2.041,1.019
2.03,2.763
1.903,2.281
1.913,1.459
1.953,2.776
1.935,1.735
1.925,2.626
1.712,4.374
1.831,3.082
1.681,2.641
1.679,1.554
1.753,1.949
1.696,2.703
1.202,4.325
1.19,2.024
1.159,0.446
0.964,1.965
0.896,0.665
0.672,0.448
0.64,2.619
0.712,2.382
0.644,3.839
0.549,3.405
0.384,1.921
0.384,3.398
0.343,3.301
0.116,2.151
-0.1,3.329
-0.174,0.807
-0.237,2.591
-0.257,2.934
-0.464,1.863
-0.351,0.851
-0.358,0.401
-0.572,0.766
-0.475,1.542
-0.675,2.907
-0.564,0.729
-0.58,2.452
-0.759,2.674
-0.875,1.962
-0.894,0.447
-1.037,4.188
-1.111,0.413
-0.982,1.667
-1.026,1.403
-1.185,3.38
-1.267,1.395
-1.351,0.618
-1.551,3.021
-1.87,3.237
-1.917,2.15
-1.807,3.111
-1.995,1.695
-2.013,3.059
-2.094,3.292
-2.136,2.843
-2.029,0.584
-2.183,2.449
-2.106,1.461
-2.131,0.47
-2.196,0.993
-2.373,2.701
-2.543,1.416
-2.831,1.803
-2.863,2.918
-2.794,3.304
-2.826,2.881
-2.975,3.007
-2.987,2.146
-3.043,2.759
-3.013,1.7
-3.062,0.489
2.899,0.461
2.843,0.344
2.618,0.162
2.68,0.092
0.991,0.034
0.883,0.068
0.73,0.264
0.746,0.307
0.524,0.201
0.053,0.196
-0.029,0.21
-2.35,0.171
-2.947,0.344
-3.09,-0.027
2.251,4.476
2.285,4.437
2.09,4.716
1.998,4.661
1.573,4.71
1.676,4.611
0.966,4.346
1.122,4.7
0.911,4.66
0.802,4.726
0.123,4.672
-0.513,4.675
-1.394,4.505
-1.307,4.61
-1.66,4.786
-1.779,4.772
-2.455,4.408
-2.491,4.764
-2.791,4.796
-2.824,4.621
-2.881,4.515
2.714,1.277
1.653,1.937
1.542,1.698
1.23,0.929
-1.034,3.478
-1.188,2.037
-1.214,2.257
-1.966,2.957
-2.737,0.447
0.49,3.694
-0.834,2.304
-1.415,3.119
-1.367,2.656
-1.785,1.518
-2.05,2.293
-1.991,3.181
-2.336,1.91
-2.442,3.202
-2.656,3.333
-2.69,3.475
-0.041,2.224
-0.169,3.497
-1.56,1.203
1.809,0.323
-1.659,0.498
-2.016,0.613
-0.499,-0.126
-0.569,0.026
-0.683,-0.162
-1.204,-0.007
-1.37,0.112
-1.446,0.155
-1.518,-0.002
-2.221,0.144
-2.409,0.026
-2.671,-0.034
-2.68,0.215
-2.745,-0.248
-2.808,0.213
3.096,4.509
2.625,4.557
2.325,4.521
2.061,4.68
1.843,4.573
1.827,4.464
1.275,4.627
0.474,4.428
0.029,4.506
-0.154,4.716
-0.982,4.415
-1.555,4.384
-1.604,4.586
-1.589,4.701
-1.717,4.283
-1.646,4.585
-1.748,4.336
-1.676,4.365
-1.909,4.607
-2.287,4.6
-2.315,4.704
-2.57,4.577
2.285,1.167
1.288,0.764
0.916,0.369
1.108,-0.126
-0.642,4.623
-1.903,4.488
-2.928,2.677
-3.021,2.89
3.062,3.776
-3.092,1.695
-3.103,0.868
-3.132,0.75
3.009,3.931
2.993,0.488
2.779,1.201
2.678,1.152
2.676,1.606
2.681,2.375
2.369,2.962
2.364,1.419
2.452,0.274
2.376,2.999
2.298,0.581
2.193,0.888
2.182,2.632
2.055,2.15
2.065,1.328
2.105,2.645
2.087,1.604
2.077,2.495
1.864,4.243
1.983,2.951
1.833,2.51
1.831,1.423
1.905,1.818
1.848,2.572
1.354,4.194
1.342,1.893
1.311,0.315
1.116,1.834
1.048,0.534
0.824,0.317
0.792,2.488
0.864,2.251
0.796,3.708
0.701,3.274
0.536,1.79
0.536,3.267
0.495,3.17
0.268,2.02
0.052,3.198
-0.022,0.676
-0.085,2.46
-0.105,2.803
-0.312,1.732
-0.199,0.72
-0.206,0.27
-0.42,0.635
-0.323,1.411
-0.523,2.776
-0.412,0.598
-0.428,2.321
-0.607,2.543
-0.723,1.831
-0.742,0.316
-0.885,4.057
-0.959,0.282
-0.83,1.536
-0.874,1.272
-1.033,3.249
-1.115,1.264
-1.199,0.487
-1.399,2.89
-1.718,3.106
-1.765,2.019
-1.655,2.98
-1.843,1.564
-1.861,2.928
-1.942,3.161
-1.984,2.712
-1.877,0.453
-2.031,2.318
-1.954,1.33
-1.979,0.339
-2.044,0.862
-2.221,2.57
-2.391,1.285
-2.679,1.672
-2.711,2.787
-2.642,3.173
-2.674,2.75
-2.823,2.876
-2.835,2.015
-2.891,2.628
-2.861,1.569
-2.91,0.358
3.051,0.33
2.995,0.213
2.77,0.031
2.832,-0.039
1.143,-0.097
1.035,-0.063
0.882,0.133
0.898,0.176
0.676,0.07
0.205,0.065
0.123,0.079
-2.198,0.04
-2.795,0.213
-2.938,-0.158
2.403,4.345
2.437,4.306
2.242,4.585
2.15,4.53
1.725,4.579
1.828,4.48
1.118,4.215
1.274,4.569
1.063,4.529
0.954,4.595
0.275,4.541
-0.361,4.544
-1.242,4.374
-1.155,4.479
-1.508,4.655
-1.627,4.641
-2.303,4.277
-2.339,4.633
-2.639,4.665
-2.672,4.49
-2.729,4.384
2.866,1.146
1.805,1.806
1.694,1.567
1.382,0.798
-0.882,3.347
-1.036,1.906
-1.062,2.126
-1.814,2.826
-2.585,0.316
0.642,3.563
-0.682,2.173
-1.263,2.988
-1.215,2.525
-1.633,1.387
-1.898,2.162
-1.839,3.05
-2.184,1.779
-2.29,3.071
-2.504,3.202
-2.538,3.344
0.111,2.093
-0.017,3.366
-1.408,1.072
1.961,0.192
-1.507,0.367
-1.864,0.482
-0.07,0.152
-0.184,-0.036
-0.705,0.119
-0.871,0.238
-0.947,0.281
-1.019,0.124
-1.722,0.27
-1.91,0.152
-2.172,0.092
-2.181,0.341
-2.246,-0.122
-2.309,0.339
-2.688,4.635
3.124,4.683
2.824,4.647
2.56,4.806
2.342,4.699
2.326,4.59
1.774,4.753
0.973,4.554
0.528,4.632
0.345,4.842
-0.483,4.541
-1.056,4.51
-1.105,4.712
-1.09,4.827
-1.218,4.409
-1.147,4.711
-1.249,4.462
-1.177,4.491
-1.41,4.733
-1.788,4.726
-1.816,4.83
-2.071,4.703
2.784,1.293
1.787,0.89
1.415,0.495
1.607,0.0
-0.143,4.749
-1.404,4.614
-2.429,2.803
-2.522,3.016
-2.722,3.902
-2.593,1.821
-2.604,0.994
-2.633,0.876
-2.775,4.057
-2.791,0.614
-3.005,1.327
-3.106,1.278
-3.108,1.732
-3.103,2.501
2.868,3.088
2.863,1.545
2.951,0.4
2.875,3.125
2.797,0.707
2.692,1.014
2.681,2.758
2.554,2.276
2.564,1.454
2.604,2.771
2.586,1.73
2.576,2.621
2.363,4.369
2.482,3.077
2.332,2.636
2.33,1.549
2.404,1.944
2.347,2.698
1.853,4.32
1.841,2.019
1.81,0.441
1.615,1.96
1.547,0.66
1.323,0.443
1.291,2.614
1.363,2.377
1.295,3.834
1.2,3.4
1.035,1.916
1.035,3.393
0.994,3.296
0.767,2.146
0.551,3.324
0.477,0.802
0.414,2.586
0.394,2.929
0.187,1.858
0.3,0.846
0.293,0.396
0.079,0.761
0.176,1.537
-0.024,2.902
0.087,0.724
0.071,2.447
-0.108,2.669
-0.224,1.957
-0.243,0.442
-0.386,4.183
-0.46,0.408
-0.331,1.662
-0.375,1.398
-0.534,3.375
-0.616,1.39
-0.7,0.613
-0.9,3.016
-1.219,3.232
-1.266,2.145
-1.156,3.106
-1.344,1.69
-1.362,3.054
-1.443,3.287
-1.485,2.838
-1.378,0.579
-1.532,2.444
-1.455,1.456
-1.48,0.465
-1.545,0.988
-1.722,2.696
-1.892,1.411
-2.18,1.798
-2.212,2.913
-2.143,3.299
-2.175,2.876
-2.324,3.002
-2.336,2.141
-2.392,2.754
-2.362,1.695
-2.411,0.484
-2.733,0.456
-2.789,0.339
-3.014,0.157
-2.952,0.087
1.642,0.029
1.534,0.063
1.381,0.259
1.397,0.302
1.175,0.196
0.704,0.191
0.622,0.205
-1.699,0.166
-2.296,0.339
-2.439,-0.032
2.902,4.471
2.936,4.432
2.741,4.711
2.649,4.656
2.224,4.705
2.327,4.606
1.617,4.341
1.773,4.695
1.562,4.655
1.453,4.721
0.774,4.667
0.138,4.67
-0.743,4.5
-0.656,4.605
-1.009,4.781
-1.128,4.767
-1.804,4.403
-1.84,4.759
-2.14,4.791
-2.173,4.616
-2.23,4.51
-2.918,1.272
2.304,1.932
2.193,1.693
1.881,0.924
-0.383,3.473
-0.537,2.032
-0.563,2.252
-1.315,2.952
-2.086,0.442
1.141,3.689
-0.183,2.299
-0.764,3.114
-0.716,2.651
-1.134,1.513
-1.399,2.288
-1.34,3.176
-1.685,1.905
-1.791,3.197
-2.005,3.328
-2.039,3.47
0.61,2.219
0.482,3.492
-0.909,1.198
2.46,0.318
-1.008,0.493
-1.365,0.608
-0.114,-0.188
-0.635,-0.033
-0.801,0.086
-0.877,0.129
-0.949,-0.028
-1.652,0.118
-1.84,0.0
-2.102,-0.06
-2.111,0.189
-2.176,-0.274
-2.239,0.187
-2.618,4.483
-3.089,4.531
2.894,4.495
2.63,4.654
2.412,4.547
2.396,4.438
1.844,4.601
1.043,4.402
0.598,4.48
0.415,4.69
-0.413,4.389
-0.986,4.358
-1.035,4.56
-1.02,4.675
-1.148,4.257
-1.077,4.559
-1.179,4.31
-1.107,4.339
-1.34,4.581
-1.718,4.574
-1.746,4.678
-2.001,4.551
2.854,1.141
1.857,0.738
1.485,0.343
1.677,-0.152
-0.073,4.597
-1.334,4.462
-2.359,2.651
-2.452,2.864
-2.652,3.75
-2.523,1.669
-2.534,0.842
-2.563,0.724
-2.705,3.905
-2.721,0.462
-2.935,1.175
-3.036,1.126
-3.038,1.58
-3.033,2.349
2.938,2.936
2.933,1.393
3.021,0.248
2.945,2.973
2.867,0.555
2.762,0.862
2.751,2.606
2.624,2.124
2.634,1.302
2.674,2.619
2.656,1.578
2.646,2.469
2.433,4.217
2.552,2.925
2.402,2.484
2.4,1.397
2.474,1.792
2.417,2.546
1.923,4.168
1.911,1.867
1.88,0.289
1.685,1.808
1.617,0.508
1.393,0.291
1.361,2.462
1.433,2.225
1.365,3.682
1.27,3.248
1.105,1.764
1.105,3.241
1.064,3.144
0.837,1.994
0.621,3.172
0.547,0.65
0.484,2.434
0.464,2.777
0.257,1.706
0.37,0.694
0.363,0.244
0.149,0.609
0.246,1.385
0.046,2.75
0.157,0.572
0.141,2.295
-0.038,2.517
-0.154,1.805
-0.173,0.29
-0.316,4.031
-0.39,0.256
-0.261,1.51
-0.305,1.246
-0.464,3.223
-0.546,1.238
-0.63,0.461
-0.83,2.864
-1.149,3.08
-1.196,1.993
-1.086,2.954
-1.274,1.538
-1.292,2.902
-1.373,3.135
-1.415,2.686
-1.308,0.427
-1.462,2.292
-1.385,1.304
-1.41,0.313
-1.475,0.836
-1.652,2.544
-1.822,1.259
-2.11,1.646
-2.142,2.761
-2.073,3.147
-2.105,2.724
-2.254,2.85
-2.266,1.989
-2.322,2.602
-2.292,1.543
-2.341,0.332
-2.663,0.304
-2.719,0.187
-2.944,0.005
-2.882,-0.065
1.712,-0.123
1.604,-0.089
1.451,0.107
1.467,0.15
1.245,0.044
0.774,0.039
0.692,0.053
-1.629,0.014
-2.226,0.187
-2.369,-0.184
2.972,4.319
3.006,4.28
2.811,4.559
2.719,4.504
2.294,4.553
2.397,4.454
1.687,4.189
1.843,4.543
1.632,4.503
1.523,4.569
0.844,4.515
0.208,4.518
-0.673,4.348
-0.586,4.453
-0.939,4.629
-1.058,4.615
-1.734,4.251
-1.77,4.607
-2.07,4.639
-2.103,4.464
-2.16,4.358
-2.848,1.12
2.374,1.78
2.263,1.541
1.951,0.772
-0.313,3.321
-0.467,1.88
-0.493,2.1
-1.245,2.8
-2.016,0.29
1.211,3.537
-0.113,2.147
-0.694,2.962
-0.646,2.499
-1.064,1.361
-1.329,2.136
-1.27,3.024
-1.615,1.753
-1.721,3.045
-1.935,3.176
-1.969,3.318
0.68,2.067
0.552,3.34
-0.839,1.046
2.53,0.166
-0.938,0.341
-1.295,0.456
-0.521,0.155
-0.687,0.274
-0.763,0.317
-0.835,0.16
-1.538,0.306
-1.726,0.188
-1.988,0.128
-1.997,0.377
-2.062,-0.086
-2.125,0.375
-2.504,4.671
-2.975,4.719
3.008,4.683
2.744,4.842
2.526,4.735
2.51,4.626
1.958,4.789
1.157,4.59
0.712,4.668
0.529,4.878
-0.299,4.577
-0.872,4.546
-0.921,4.748
-0.906,4.863
-1.034,4.445
-0.963,4.747
-1.065,4.498
-0.993,4.527
-1.226,4.769
-1.604,4.762
-1.632,4.866
-1.887,4.739
2.968,1.329
1.971,0.926
1.599,0.531
1.791,0.036
0.041,4.785
-1.22,4.65
-2.245,2.839
-2.338,3.052
-2.538,3.938
-2.409,1.857
-2.42,1.03
-2.449,0.912
-2.591,4.093
-2.607,0.65
-2.821,1.363
-2.922,1.314
-2.924,1.768
-2.919,2.537
3.052,3.124
3.047,1.581
3.135,0.436
3.059,3.161
2.981,0.743
2.876,1.05
2.865,2.794
2.738,2.312
2.748,1.49
2.788,2.807
2.77,1.766
2.76,2.657
2.547,4.405
2.666,3.113
2.516,2.672
2.514,1.585
2.588,1.98
2.531,2.734
2.037,4.356
2.025,2.055
1.994,0.477
1.799,1.996
1.731,0.696
1.507,0.479
1.475,2.65
1.547,2.413
1.479,3.87
1.384,3.436
1.219,1.952
1.219,3.429
1.178,3.332
0.951,2.182
0.735,3.36
0.661,0.838
0.598,2.622
0.578,2.965
0.371,1.894
0.484,0.882
0.477,0.432
0.263,0.797
0.36,1.573
0.16,2.938
0.271,0.76
0.255,2.483
0.076,2.705
-0.04,1.993
-0.059,0.478
-0.202,4.219
-0.276,0.444
-0.147,1.698
-0.191,1.434
-0.35,3.411
-0.432,1.426
-0.516,0.649
-0.716,3.052
-1.035,3.268
-1.082,2.181
-0.972,3.142
-1.16,1.726
-1.178,3.09
-1.259,3.323
-1.301,2.874
-1.194,0.615
-1.348,2.48
-1.271,1.492
-1.296,0.501
-1.361,1.024
-1.538,2.732
-1.708,1.447
-1.996,1.834
-2.028,2.949
-1.959,3.335
-1.991,2.912
-2.14,3.038
-2.152,2.177
-2.208,2.79
-2.178,1.731
-2.227,0.52
-2.549,0.492
-2.605,0.375
-2.83,0.193
-2.768,0.123
1.826,0.065
1.718,0.099
1.565,0.295
1.581,0.338
1.359,0.232
0.888,0.227
0.806,0.241
-1.515,0.202
-2.112,0.375
-2.255,0.004
3.086,4.507
3.12,4.468
2.925,4.747
2.833,4.692
2.408,4.741
2.511,4.642
1.801,4.377
1.957,4.731
1.746,4.691
1.637,4.757
0.958,4.703
0.322,4.706
-0.559,4.536
-0.472,4.641
-0.825,4.817
-0.944,4.803
-1.62,4.439
-1.656,4.795
-1.956,4.827
-1.989,4.652
-2.046,4.546
-2.734,1.308
2.488,1.968
2.377,1.729
2.065,0.96
-0.199,3.509
-0.353,2.068
-0.379,2.288
-1.131,2.988
-1.902,0.478
1.325,3.725
0.001,2.335
-0.58,3.15
-0.532,2.687
-0.95,1.549
-1.215,2.324
-1.156,3.212
-1.501,1.941
-1.607,3.233
-1.821,3.364
-1.855,3.506
0.794,2.255
0.666,3.528
-0.725,1.234
2.644,0.354
-0.824,0.529
-1.181,0.644
-0.166,0.119
-0.242,0.162
-0.314,0.005
-1.017,0.151
-1.205,0.033
-1.467,-0.027
-1.476,0.222
-1.541,-0.241
-1.604,0.22
-1.983,4.516
-2.454,4.564
-2.754,4.528
-3.018,4.687
3.047,4.58
3.031,4.471
2.479,4.634
1.678,4.435
1.233,4.513
1.05,4.723
0.222,4.422
-0.351,4.391
-0.4,4.593
-0.385,4.708
-0.513,4.29
-0.442,4.592
-0.544,4.343
-0.472,4.372
-0.705,4.614
-1.083,4.607
-1.111,4.711
-1.366,4.584
-2.794,1.174
2.492,0.771
2.12,0.376
2.312,-0.119
0.562,4.63
-0.699,4.495
-1.724,2.684
-1.817,2.897
-2.017,3.783
-1.888,1.702
-1.899,0.875
-1.928,0.757
-2.07,3.938
-2.086,0.495
-2.3,1.208
-2.401,1.159
-2.403,1.613
-2.398,2.382
-2.71,2.969
-2.715,1.426
-2.627,0.281
-2.703,3.006
-2.781,0.588
-2.886,0.895
-2.897,2.639
-3.024,2.157
-3.014,1.335
-2.974,2.652
-2.992,1.611
-3.002,2.502
3.068,4.25
-3.096,2.958
3.037,2.517
3.035,1.43
3.109,1.825
3.052,2.579
2.558,4.201
2.546,1.9
2.515,0.322
2.32,1.841
2.252,0.541
2.028,0.324
1.996,2.495
2.068,2.258
2.0,3.715
1.905,3.281
1.74,1.797
1.74,3.274
1.699,3.177
1.472,2.027
1.256,3.205
1.182,0.683
1.119,2.467
1.099,2.81
0.892,1.739
1.005,0.727
0.998,0.277
0.784,0.642
0.881,1.418
0.681,2.783
0.792,0.605
0.776,2.328
0.597,2.55
0.481,1.838
0.462,0.323
0.319,4.064
0.245,0.289
0.374,1.543
0.33,1.279
0.171,3.256
0.089,1.271
0.005,0.494
-0.195,2.897
-0.514,3.113
-0.561,2.026
-0.451,2.987
-0.639,1.571
-0.657,2.935
-0.738,3.168
-0.78,2.719
-0.673,0.46
-0.827,2.325
-0.75,1.337
-0.775,0.346
-0.84,0.869
-1.017,2.577
-1.187,1.292
-1.475,1.679
-1.507,2.794
-1.438,3.18
-1.47,2.757
-1.619,2.883
-1.631,2.022
-1.687,2.635
-1.657,1.576
-1.706,0.365
-2.028,0.337
-2.084,0.22
-2.309,0.038
-2.247,-0.032
2.347,-0.09
2.239,-0.056
2.086,0.14
2.102,0.183
1.88,0.077
1.409,0.072
1.327,0.086
-0.994,0.047
-1.591,0.22
-1.734,-0.151
-2.676,4.352
-2.642,4.313
-2.837,4.592
-2.929,4.537
2.929,4.586
3.032,4.487
2.322,4.222
2.478,4.576
2.267,4.536
2.158,4.602
1.479,4.548
0.843,4.551
-0.038,4.381
0.049,4.486
-0.304,4.662
-0.423,4.648
-1.099,4.284
-1.135,4.64
-1.435,4.672
-1.468,4.497
-1.525,4.391
-2.213,1.153
3.009,1.813
2.898,1.574
2.586,0.805
0.322,3.354
0.168,1.913
0.142,2.133
-0.61,2.833
-1.381,0.323
1.846,3.57
0.522,2.18
-0.059,2.995
-0.011,2.532
-0.429,1.394
-0.694,2.169
-0.635,3.057
-0.98,1.786
-1.086,3.078
-1.3,3.209
-1.334,3.351
1.315,2.1
1.187,3.373
-0.204,1.079
-3.118,0.199
-0.303,0.374
-0.66,0.489
-0.076,0.043
-0.148,-0.114
-0.851,0.032
-1.039,-0.086
-1.301,-0.146
-1.31,0.103
-1.375,-0.36
-1.438,0.101
-1.817,4.397
-2.288,4.445
-2.588,4.409
-2.852,4.568
-3.07,4.461
-3.086,4.352
2.645,4.515
1.844,4.316
1.399,4.394
1.216,4.604
0.388,4.303
-0.185,4.272
-0.234,4.474
-0.219,4.589
-0.347,4.171
-0.276,4.473
-0.378,4.224
-0.306,4.253
-0.539,4.495
-0.917,4.488
-0.945,4.592
-1.2,4.465
-2.628,1.055
2.658,0.652
2.286,0.257
2.478,-0.238
0.728,4.511
-0.533,4.376
-1.558,2.565
-1.651,2.778
-1.851,3.664
-1.722,1.583
-1.733,0.756
-1.762,0.638
-1.904,3.819
-1.92,0.376
-2.134,1.089
-2.235,1.04
-2.237,1.494
-2.232,2.263
-2.544,2.85
-2.549,1.307
-2.461,0.162
-2.537,2.887
-2.615,0.469
-2.72,0.776
-2.731,2.52
-2.858,2.038
-2.848,1.216
-2.808,2.533
-2.826,1.492
-2.836,2.383
-3.049,4.131
-2.93,2.839
-3.08,2.398
-3.082,1.311
-3.008,1.706
-3.065,2.46
2.724,4.082
2.712,1.781
2.681,0.203
2.486,1.722
2.418,0.422
2.194,0.205
2.162,2.376
2.234,2.139
2.166,3.596
2.071,3.162
1.906,1.678
1.906,3.155
1.865,3.058
1.638,1.908
1.422,3.086
1.348,0.564
1.285,2.348
1.265,2.691
1.058,1.62
1.171,0.608
1.164,0.158
0.95,0.523
1.047,1.299
0.847,2.664
0.958,0.486
0.942,2.209
0.763,2.431
0.647,1.719
0.628,0.204
0.485,3.945
0.411,0.17
0.54,1.424
0.496,1.16
0.337,3.137
0.255,1.152
0.171,0.375
-0.029,2.778
-0.348,2.994
-0.395,1.907
-0.285,2.868
-0.473,1.452
-0.491,2.816
-0.572,3.049
-0.614,2.6
-0.507,0.341
-0.661,2.206
-0.584,1.218
-0.609,0.227
-0.674,0.75
-0.851,2.458
-1.021,1.173
-1.309,1.56
-1.341,2.675
-1.272,3.061
-1.304,2.638
-1.453,2.764
-1.465,1.903
-1.521,2.516
-1.491,1.457
-1.54,0.246
-1.862,0.218
-1.918,0.101
-2.143,-0.081
-2.081,-0.151
2.513,-0.209
2.405,-0.175
2.252,0.021
2.268,0.064
2.046,-0.042
1.575,-0.047
1.493,-0.033
-0.828,-0.072
-1.425,0.101
-1.568,-0.27
-2.51,4.233
-2.476,4.194
-2.671,4.473
-2.763,4.418
3.095,4.467
-3.085,4.368
2.488,4.103
2.644,4.457
2.433,4.417
2.324,4.483
1.645,4.429
1.009,4.432
0.128,4.262
0.215,4.367
-0.138,4.543
-0.257,4.529
-0.933,4.165
-0.969,4.521
-1.269,4.553
-1.302,4.378
-1.359,4.272
-2.047,1.034
-3.108,1.694
3.064,1.455
2.752,0.686
0.488,3.235
0.334,1.794
0.308,2.014
-0.444,2.714
-1.215,0.204
2.012,3.451
0.688,2.061
0.107,2.876
0.155,2.413
-0.263,1.275
-0.528,2.05
-0.469,2.938
-0.814,1.667
-0.92,2.959
-1.134,3.09
-1.168,3.232
1.481,1.981
1.353,3.254
-0.038,0.96
-2.952,0.08
-0.137,0.255
-0.494,0.37
-0.072,-0.157
-0.775,-0.011
-0.963,-0.129
-1.225,-0.189
-1.234,0.06
-1.299,-0.403
-1.362,0.058
-1.741,4.354
-2.212,4.402
-2.512,4.366
-2.776,4.525
-2.994,4.418
-3.01,4.309
2.721,4.472
1.92,4.273
1.475,4.351
1.292,4.561
0.464,4.26
-0.109,4.229
-0.158,4.431
-0.143,4.546
-0.271,4.128
-0.2,4.43
-0.302,4.181
-0.23,4.21
-0.463,4.452
-0.841,4.445
-0.869,4.549
-1.124,4.422
-2.552,1.012
2.734,0.609
2.362,0.214
2.554,-0.281
0.804,4.468
-0.457,4.333
-1.482,2.522
-1.575,2.735
-1.775,3.621
-1.646,1.54
-1.657,0.713
-1.686,0.595
-1.828,3.776
-1.844,0.333
-2.058,1.046
-2.159,0.997
-2.161,1.451
-2.156,2.22
-2.468,2.807
-2.473,1.264
-2.385,0.119
-2.461,2.844
-2.539,0.426
-2.644,0.733
-2.655,2.477
-2.782,1.995
-2.772,1.173
-2.732,2.49
-2.75,1.449
-2.76,2.34
-2.973,4.088
-2.854,2.796
-3.004,2.355
-3.006,1.268
-2.932,1.663
-2.989,2.417
2.8,4.039
2.788,1.738
2.757,0.16
2.562,1.679
2.494,0.379
2.27,0.162
2.238,2.333
2.31,2.096
2.242,3.553
2.147,3.119
1.982,1.635
1.982,3.112
1.941,3.015
1.714,1.865
1.498,3.043
1.424,0.521
1.361,2.305
1.341,2.648
1.134,1.577
1.247,0.565
1.24,0.115
1.026,0.48
1.123,1.256
0.923,2.621
1.034,0.443
1.018,2.166
0.839,2.388
0.723,1.676
0.704,0.161
0.561,3.902
0.487,0.127
0.616,1.381
0.572,1.117
0.413,3.094
0.331,1.109
0.247,0.332
0.047,2.735
-0.272,2.951
-0.319,1.864
-0.209,2.825
-0.397,1.409
-0.415,2.773
-0.496,3.006
-0.538,2.557
-0.431,0.298
-0.585,2.163
-0.508,1.175
-0.533,0.184
-0.598,0.707
-0.775,2.415
-0.945,1.13
-1.233,1.517
-1.265,2.632
-1.196,3.018
-1.228,2.595
-1.377,2.721
-1.389,1.86
-1.445,2.473
-1.415,1.414
-1.464,0.203
-1.786,0.175
-1.842,0.058
-2.067,-0.124
-2.005,-0.194
2.589,-0.252
2.481,-0.218
2.328,-0.022
2.344,0.021
2.122,-0.085
1.651,-0.09
1.569,-0.076
-0.752,-0.115
-1.349,0.058
-1.492,-0.313
-2.434,4.19
-2.4,4.151
-2.595,4.43
-2.687,4.375
-3.112,4.424
-3.009,4.325
2.564,4.06
2.72,4.414
2.509,4.374
2.4,4.44
1.721,4.386
1.085,4.389
0.204,4.219
0.291,4.324
-0.062,4.5
-0.181,4.486
-0.857,4.122
-0.893,4.478
-1.193,4.51
-1.226,4.335
-1.283,4.229
-1.971,0.991
-3.032,1.651
3.14,1.412
2.828,0.643
0.564,3.192
0.41,1.751
0.384,1.971
-0.368,2.671
-1.139,0.161
2.088,3.408
0.764,2.018
0.183,2.833
0.231,2.37
-0.187,1.232
-0.452,2.007
-0.393,2.895
-0.738,1.624
-0.844,2.916
-1.058,3.047
-1.092,3.189
1.557,1.938
1.429,3.211
0.038,0.917
-2.876,0.037
-0.061,0.212
-0.418,0.327
-0.703,0.146
-0.891,0.028
-1.153,-0.032
-1.162,0.217
-1.227,-0.246
-1.29,0.215
-1.669,4.511
-2.14,4.559
-2.44,4.523
-2.704,4.682
-2.922,4.575
-2.938,4.466
2.793,4.629
1.992,4.43
1.547,4.508
1.364,4.718
0.536,4.417
-0.037,4.386
-0.086,4.588
-0.071,4.703
-0.199,4.285
-0.128,4.587
-0.23,4.338
-0.158,4.367
-0.391,4.609
-0.769,4.602
-0.797,4.706
-1.052,4.579
-2.48,1.169
2.806,0.766
2.434,0.371
2.626,-0.124
0.876,4.625
-0.385,4.49
-1.41,2.679
-1.503,2.892
-1.703,3.778
-1.574,1.697
-1.585,0.87
-1.614,0.752
-1.756,3.933
-1.772,0.49
-1.986,1.203
-2.087,1.154
-2.089,1.608
-2.084,2.377
-2.396,2.964
-2.401,1.421
-2.313,0.276
-2.389,3.001
-2.467,0.583
-2.572,0.89
-2.583,2.634
-2.71,2.152
-2.7,1.33
-2.66,2.647
-2.678,1.606
-2.688,2.497
-2.901,4.245
-2.782,2.953
-2.932,2.512
-2.934,1.425
-2.86,1.82
-2.917,2.574
2.872,4.196
2.86,1.895
2.829,0.317
2.634,1.836
2.566,0.536
2.342,0.319
2.31,2.49
2.382,2.253
2.314,3.71
2.219,3.276
2.054,1.792
2.054,3.269
2.013,3.172
1.786,2.022
1.57,3.2
1.496,0.678
1.433,2.462
1.413,2.805
1.206,1.734
1.319,0.722
1.312,0.272
1.098,0.637
1.195,1.413
0.995,2.778
1.106,0.6
1.09,2.323
0.911,2.545
0.795,1.833
0.776,0.318
0.633,4.059
0.559,0.284
0.688,1.538
0.644,1.274
0.485,3.251
0.403,1.266
0.319,0.489
0.119,2.892
-0.2,3.108
-0.247,2.021
-0.137,2.982
-0.325,1.566
-0.343,2.93
-0.424,3.163
-0.466,2.714
-0.359,0.455
-0.513,2.32
-0.436,1.332
-0.461,0.341
-0.526,0.864
-0.703,2.572
-0.873,1.287
-1.161,1.674
-1.193,2.789
-1.124,3.175
-1.156,2.752
-1.305,2.878
-1.317,2.017
-1.373,2.63
-1.343,1.571
-1.392,0.36
-1.714,0.332
-1.77,0.215
-1.995,0.033
-1.933,-0.037
2.661,-0.095
2.553,-0.061
2.4,0.135
2.416,0.178
2.194,0.072
1.723,0.067
1.641,0.081
-0.68,0.042
-1.277,0.215
-1.42,-0.156
-2.362,4.347
-2.328,4.308
-2.523,4.587
-2.615,4.532
-3.04,4.581
-2.937,4.482
2.636,4.217
2.792,4.571
2.581,4.531
2.472,4.597
1.793,4.543
1.157,4.546
0.276,4.376
0.363,4.481
0.01,4.657
-0.109,4.643
-0.785,4.279
-0.821,4.635
-1.121,4.667
-1.154,4.492
-1.211,4.386
-1.899,1.148
-2.96,1.808
-3.071,1.569
2.9,0.8
0.636,3.349
0.482,1.908
0.456,2.128
-0.296,2.828
-1.067,0.318
2.16,3.565
0.836,2.175
0.255,2.99
0.303,2.527
-0.115,1.389
-0.38,2.164
-0.321,3.052
-0.666,1.781
-0.772,3.073
-0.986,3.204
-1.02,3.346
1.629,2.095
1.501,3.368
0.11,1.074
-2.804,0.194
0.011,0.369
-0.346,0.484
-0.188,-0.118
-0.45,-0.178
-0.459,0.071
-0.524,-0.392
-0.587,0.069
-0.966,4.365
-1.437,4.413
-1.737,4.377
-2.001,4.536
-2.219,4.429
-2.235,4.32
-2.787,4.483
2.695,4.284
2.25,4.362
2.067,4.572
1.239,4.271
0.666,4.24
0.617,4.442
0.632,4.557
0.504,4.139
0.575,4.441
0.473,4.192
0.545,4.221
0.312,4.463
-0.066,4.456
-0.094,4.56
-0.349,4.433
-1.777,1.023
-2.774,0.62
3.137,0.225
-2.954,-0.27
1.579,4.479
0.318,4.344
-0.707,2.533
-0.8,2.746
-1.0,3.632
-0.871,1.551
-0.882,0.724
-0.911,0.606
-1.053,3.787
-1.069,0.344
-1.283,1.057
-1.384,1.008
-1.386,1.462
-1.381,2.231
-1.693,2.818
-1.698,1.275
-1.61,0.13
-1.686,2.855
-1.764,0.437
-1.869,0.744
-1.88,2.488
-2.007,2.006
-1.997,1.184
-1.957,2.501
-1.975,1.46
-1.985,2.351
-2.198,4.099
-2.079,2.807
-2.229,2.366
-2.231,1.279
-2.157,1.674
-2.214,2.428
-2.708,4.05
-2.72,1.749
-2.751,0.171
-2.946,1.69
-3.014,0.39
3.045,0.173
3.013,2.344
3.085,2.107
3.017,3.564
2.922,3.13
2.757,1.646
2.757,3.123
2.716,3.026
2.489,1.876
2.273,3.054
2.199,0.532
2.136,2.316
2.116,2.659
1.909,1.588
2.022,0.576
2.015,0.126
1.801,0.491
1.898,1.267
1.698,2.632
1.809,0.454
1.793,2.177
1.614,2.399
1.498,1.687
1.479,0.172
1.336,3.913
1.262,0.138
1.391,1.392
1.347,1.128
1.188,3.105
1.106,1.12
1.022,0.343
0.822,2.746
0.503,2.962
0.456,1.875
0.566,2.836
0.378,1.42
0.36,2.784
0.279,3.017
0.237,2.568
0.344,0.309
0.19,2.174
0.267,1.186
0.242,0.195
0.177,0.718
0.0,2.426
-0.17,1.141
-0.458,1.528
-0.49,2.643
-0.421,3.029
-0.453,2.606
-0.602,2.732
-0.614,1.871
-0.67,2.484
-0.64,1.425
-0.689,0.214
-1.011,0.186
-1.067,0.069
-1.292,-0.113
-1.23,-0.183
-2.919,-0.241
-3.027,-0.207
3.103,-0.011
3.119,0.032
2.897,-0.074
2.426,-0.079
2.344,-0.065
0.023,-0.104
-0.574,0.069
-0.717,-0.302
-1.659,4.201
-1.625,4.162
-1.82,4.441
-1.912,4.386
-2.337,4.435
-2.234,4.336
-2.944,4.071
-2.788,4.425
-2.999,4.385
-3.108,4.451
2.496,4.397
1.86,4.4
0.979,4.23
1.066,4.335
0.713,4.511
0.594,4.497
-0.082,4.133
-0.118,4.489
-0.418,4.521
-0.451,4.346
-0.508,4.24
-1.196,1.002
-2.257,1.662
-2.368,1.423
-2.68,0.654
1.339,3.203
1.185,1.762
1.159,1.982
0.407,2.682
-0.364,0.172
2.863,3.419
1.539,2.029
0.958,2.844
1.006,2.381
0.588,1.243
0.323,2.018
0.382,2.906
0.037,1.635
-0.069,2.927
-0.283,3.058
-0.317,3.2
2.332,1.949
2.204,3.222
0.813,0.928
-2.101,0.048
0.714,0.223
0.357,0.338
-0.262,-0.06
-0.271,0.189
-0.336,-0.274
-0.399,0.187
-0.778,4.483
-1.249,4.531
-1.549,4.495
-1.813,4.654
-2.031,4.547
-2.047,4.438
-2.599,4.601
2.883,4.402
2.438,4.48
2.255,4.69
1.427,4.389
0.854,4.358
0.805,4.56
0.82,4.675
0.692,4.257
0.763,4.559
0.661,4.31
0.733,4.339
0.5,4.581
0.122,4.574
0.094,4.678
-0.161,4.551
-1.589,1.141
-2.586,0.738
-2.958,0.343
-2.766,-0.152
1.767,4.597
0.506,4.462
-0.519,2.651
-0.612,2.864
-0.812,3.75
-0.683,1.669
-0.694,0.842
-0.723,0.724
-0.865,3.905
-0.881,0.462
-1.095,1.175
-1.196,1.126
-1.198,1.58
-1.193,2.349
-1.505,2.936
-1.51,1.393
-1.422,0.248
-1.498,2.973
-1.576,0.555
-1.681,0.862
-1.692,2.606
-1.819,2.124
-1.809,1.302
-1.769,2.619
-1.787,1.578
-1.797,2.469
-2.01,4.217
-1.891,2.925
-2.041,2.484
-2.043,1.397
-1.969,1.792
-2.026,2.546
-2.52,4.168
-2.532,1.867
-2.563,0.289
-2.758,1.808
-2.826,0.508
-3.05,0.291
-3.082,2.462
-3.01,2.225
-3.078,3.682
3.11,3.248
2.945,1.764
2.945,3.241
2.904,3.144
2.677,1.994
2.461,3.172
2.387,0.65
2.324,2.434
2.304,2.777
2.097,1.706
2.21,0.694
2.203,0.244
1.989,0.609
2.086,1.385
1.886,2.75
1.997,0.572
1.981,2.295
1.802,2.517
1.686,1.805
1.667,0.29
1.524,4.031
1.45,0.256
1.579,1.51
1.535,1.246
1.376,3.223
1.294,1.238
1.21,0.461
1.01,2.864
0.691,3.08
0.644,1.993
0.754,2.954
0.566,1.538
0.548,2.902
0.467,3.135
0.425,2.686
0.532,0.427
0.378,2.292
0.455,1.304
0.43,0.313
0.365,0.836
0.188,2.544
0.018,1.259
-0.27,1.646
-0.302,2.761
-0.233,3.147
-0.265,2.724
-0.414,2.85
-0.426,1.989
-0.482,2.602
-0.452,1.543
-0.501,0.332
-0.823,0.304
-0.879,0.187
-1.104,0.005
-1.042,-0.065
-2.731,-0.123
-2.839,-0.089
-2.992,0.107
-2.976,0.15
3.085,0.044
2.614,0.039
2.532,0.053
0.211,0.014
-0.386,0.187
-0.529,-0.184
-1.471,4.319
-1.437,4.28
-1.632,4.559
-1.724,4.504
-2.149,4.553
-2.046,4.454
-2.756,4.189
-2.6,4.543
-2.811,4.503
-2.92,4.569
2.684,4.515
2.048,4.518
1.167,4.348
1.254,4.453
0.901,4.629
0.782,4.615
0.106,4.251
0.07,4.607
-0.23,4.639
-0.263,4.464
-0.32,4.358
-1.008,1.12
-2.069,1.78
-2.18,1.541
-2.492,0.772
1.527,3.321
1.373,1.88
1.347,2.1
0.595,2.8
-0.176,0.29
3.051,3.537
1.727,2.147
1.146,2.962
1.194,2.499
0.776,1.361
0.511,2.136
0.57,3.024
0.225,1.753
0.119,3.045
-0.095,3.176
-0.129,3.318
2.52,2.067
2.392,3.34
1.001,1.046
-1.913,0.166
0.902,0.341
0.545,0.456
-0.009,0.249
-0.074,-0.214
-0.137,0.247
-0.516,4.543
-0.987,4.591
-1.287,4.555
-1.551,4.714
-1.769,4.607
-1.785,4.498
-2.337,4.661
-3.138,4.462
2.7,4.54
2.517,4.75
1.689,4.449
1.116,4.418
1.067,4.62
1.082,4.735
0.954,4.317
1.025,4.619
0.923,4.37
0.995,4.399
0.762,4.641
0.384,4.634
0.356,4.738
0.101,4.611
-1.327,1.201
-2.324,0.798
-2.696,0.403
-2.504,-0.092
2.029,4.657
0.768,4.522
-0.257,2.711
-0.35,2.924
-0.55,3.81
-0.421,1.729
-0.432,0.902
-0.461,0.784
-0.603,3.965
-0.619,0.522
-0.833,1.235
-0.934,1.186
-0.936,1.64
-0.931,2.409
-1.243,2.996
-1.248,1.453
-1.16,0.308
-1.236,3.033
-1.314,0.615
-1.419,0.922
-1.43,2.666
-1.557,2.184
-1.547,1.362
-1.507,2.679
-1.525,1.638
-1.535,2.529
-1.748,4.277
-1.629,2.985
-1.779,2.544
-1.781,1.457
-1.707,1.852
-1.764,2.606
-2.258,4.228
-2.27,1.927
-2.301,0.349
-2.496,1.868
-2.564,0.568
-2.788,0.351
-2.82,2.522
-2.748,2.285
-2.816,3.742
-2.911,3.308
-3.076,1.824
-3.076,3.301
-3.117,3.204
2.939,2.054
2.723,3.232
2.649,0.71
2.586,2.494
2.566,2.837
2.359,1.766
2.472,0.754
2.465,0.304
2.251,0.669
2.348,1.445
2.148,2.81
2.259,0.632
2.243,2.355
2.064,2.577
1.948,1.865
1.929,0.35
1.786,4.091
1.712,0.316
1.841,1.57
1.797,1.306
1.638,3.283
1.556,1.298
1.472,0.521
1.272,2.924
0.953,3.14
0.906,2.053
1.016,3.014
0.828,1.598
0.81,2.962
0.729,3.195
0.687,2.746
0.794,0.487
0.64,2.352
0.717,1.364
0.692,0.373
0.627,0.896
0.45,2.604
0.28,1.319
-0.008,1.706
-0.04,2.821
0.029,3.207
-0.003,2.784
-0.152,2.91
-0.164,2.049
-0.22,2.662
-0.19,1.603
-0.239,0.392
-0.561,0.364
-0.617,0.247
-0.842,0.065
-0.78,-0.005
-2.469,-0.063
-2.577,-0.029
-2.73,0.167
-2.714,0.21
-2.936,0.104
2.876,0.099
2.794,0.113
0.473,0.074
-0.124,0.247
-0.267,-0.124
-1.209,4.379
-1.175,4.34
-1.37,4.619
-1.462,4.564
-1.887,4.613
-1.784,4.514
-2.494,4.249
-2.338,4.603
-2.549,4.563
-2.658,4.629
2.946,4.575
2.31,4.578
1.429,4.408
1.516,4.513
1.163,4.689
1.044,4.675
0.368,4.311
0.332,4.667
0.032,4.699
-0.001,4.524
-0.058,4.418
-0.746,1.18
-1.807,1.84
-1.918,1.601
-2.23,0.832
1.789,3.381
1.635,1.94
1.609,2.16
0.857,2.86
0.086,0.35
-2.97,3.597
1.989,2.207
1.408,3.022
1.456,2.559
1.038,1.421
0.773,2.196
0.832,3.084
0.487,1.813
0.381,3.105
0.167,3.236
0.133,3.378
2.782,2.127
2.654,3.4
1.263,1.106
-1.651,0.226
1.164,0.401
0.807,0.516
-0.065,-0.463
-0.128,-0.002
-0.507,4.294
-0.978,4.342
-1.278,4.306
-1.542,4.465
-1.76,4.358
-1.776,4.249
-2.328,4.412
-3.129,4.213
2.709,4.291
2.526,4.501
1.698,4.2
1.125,4.169
1.076,4.371
1.091,4.486
0.963,4.068
1.034,4.37
0.932,4.121
1.004,4.15
0.771,4.392
0.393,4.385
0.365,4.489
0.11,4.362
-1.318,0.952
-2.315,0.549
-2.687,0.154
-2.495,-0.341
2.038,4.408
0.777,4.273
-0.248,2.462
-0.341,2.675
-0.541,3.561
-0.412,1.48
-0.423,0.653
-0.452,0.535
-0.594,3.716
-0.61,0.273
-0.824,0.986
-0.925,0.937
-0.927,1.391
-0.922,2.16
-1.234,2.747
-1.239,1.204
-1.151,0.059
-1.227,2.784
-1.305,0.366
-1.41,0.673
-1.421,2.417
-1.548,1.935
-1.538,1.113
-1.498,2.43
-1.516,1.389
-1.526,2.28
-1.739,4.028
-1.62,2.736
-1.77,2.295
-1.772,1.208
-1.698,1.603
-1.755,2.357
-2.249,3.979
-2.261,1.678
-2.292,0.1
-2.487,1.619
-2.555,0.319
-2.779,0.102
-2.811,2.273
-2.739,2.036
-2.807,3.493
-2.902,3.059
-3.067,1.575
-3.067,3.052
-3.108,2.955
2.948,1.805
2.732,2.983
2.658,0.461
2.595,2.245
2.575,2.588
2.368,1.517
2.481,0.505
2.474,0.055
2.26,0.42
2.357,1.196
2.157,2.561
2.268,0.383
2.252,2.106
2.073,2.328
1.957,1.616
1.938,0.101
1.795,3.842
1.721,0.067
1.85,1.321
1.806,1.057
1.647,3.034
1.565,1.049
1.481,0.272
1.281,2.675
0.962,2.891
0.915,1.804
1.025,2.765
0.837,1.349
0.819,2.713
0.738,2.946
0.696,2.497
0.803,0.238
0.649,2.103
0.726,1.115
0.701,0.124
0.636,0.647
0.459,2.355
0.289,1.07
0.001,1.457
-0.031,2.572
0.038,2.958
0.006,2.535
-0.143,2.661
-0.155,1.8
-0.211,2.413
-0.181,1.354
-0.23,0.143
-0.552,0.115
-0.608,-0.002
-0.833,-0.184
-0.771,-0.254
-2.46,-0.312
-2.568,-0.278
-2.721,-0.082
-2.705,-0.039
-2.927,-0.145
2.885,-0.15
2.803,-0.136
0.482,-0.175
-0.115,-0.002
-0.258,-0.373
-1.2,4.13
-1.166,4.091
-1.361,4.37
-1.453,4.315
-1.878,4.364
-1.775,4.265
-2.485,4.0
-2.329,4.354
-2.54,4.314
-2.649,4.38
2.955,4.326
2.319,4.329
1.438,4.159
1.525,4.264
1.172,4.44
1.053,4.426
0.377,4.062
0.341,4.418
0.041,4.45
0.008,4.275
-0.049,4.169
-0.737,0.931
-1.798,1.591
-1.909,1.352
-2.221,0.583
1.798,3.132
1.644,1.691
1.618,1.911
0.866,2.611
0.095,0.101
-2.961,3.348
1.998,1.958
1.417,2.773
1.465,2.31
1.047,1.172
0.782,1.947
0.841,2.835
0.496,1.564
0.39,2.856
0.176,2.987
0.142,3.129
2.791,1.878
2.663,3.151
1.272,0.857
-1.642,-0.023
1.173,0.152
0.816,0.267
-0.063,0.461
-0.442,4.757
-0.913,4.805
-1.213,4.769
-1.477,4.928
-1.695,4.821
-1.711,4.712
-2.263,4.875
-3.064,4.676
2.774,4.754
2.591,4.964
1.763,4.663
1.19,4.632
1.141,4.834
1.156,4.949
1.028,4.531
1.099,4.833
0.997,4.584
1.069,4.613
0.836,4.855
0.458,4.848
0.43,4.952
0.175,4.825
-1.253,1.415
-2.25,1.012
-2.622,0.617
-2.43,0.122
2.103,4.871
0.842,4.736
-0.183,2.925
-0.276,3.138
-0.476,4.024
-0.347,1.943
-0.358,1.116
-0.387,0.998
-0.529,4.179
-0.545,0.736
-0.759,1.449
-0.86,1.4
-0.862,1.854
-0.857,2.623
-1.169,3.21
-1.174,1.667
-1.086,0.522
-1.162,3.247
-1.24,0.829
-1.345,1.136
-1.356,2.88
-1.483,2.398
-1.473,1.576
-1.433,2.893
-1.451,1.852
-1.461,2.743
-1.674,4.491
-1.555,3.199
-1.705,2.758
-1.707,1.671
-1.633,2.066
-1.69,2.82
-2.184,4.442
-2.196,2.141
-2.227,0.563
-2.422,2.082
-2.49,0.782
-2.714,0.565
-2.746,2.736
-2.674,2.499
-2.742,3.956
-2.837,3.522
-3.002,2.038
-3.002,3.515
-3.043,3.418
3.013,2.268
2.797,3.446
2.723,0.924
2.66,2.708
2.64,3.051
2.433,1.98
2.546,0.968
2.539,0.518
2.325,0.883
2.422,1.659
2.222,3.024
2.333,0.846
2.317,2.569
2.138,2.791
2.022,2.079
2.003,0.564
1.86,4.305
1.786,0.53
1.915,1.784
1.871,1.52
1.712,3.497
1.63,1.512
1.546,0.735
1.346,3.138
1.027,3.354
0.98,2.267
1.09,3.228
0.902,1.812
0.884,3.176
0.803,3.409
0.761,2.96
0.868,0.701
0.714,2.566
0.791,1.578
0.766,0.587
0.701,1.11
0.524,2.818
0.354,1.533
0.066,1.92
0.034,3.035
0.103,3.421
0.071,2.998
-0.078,3.124
-0.09,2.263
-0.146,2.876
-0.116,1.817
-0.165,0.606
-0.487,0.578
-0.543,0.461
-0.768,0.279
-0.706,0.209
-2.395,0.151
-2.503,0.185
-2.656,0.381
-2.64,0.424
-2.862,0.318
2.95,0.313
2.868,0.327
0.547,0.288
-0.05,0.461
-0.193,0.09
-1.135,4.593
-1.101,4.554
-1.296,4.833
-1.388,4.778
-1.813,4.827
-1.71,4.728
-2.42,4.463
-2.264,4.817
-2.475,4.777
-2.584,4.843
3.02,4.789
2.384,4.792
1.503,4.622
1.59,4.727
1.237,4.903
1.118,4.889
0.442,4.525
0.406,4.881
0.106,4.913
0.073,4.738
0.016,4.632
-0.672,1.394
-1.733,2.054
-1.844,1.815
-2.156,1.046
1.863,3.595
1.709,2.154
1.683,2.374
0.931,3.074
0.16,0.564
-2.896,3.811
2.063,2.421
1.482,3.236
1.53,2.773
1.112,1.635
0.847,2.41
0.906,3.298
0.561,2.027
0.455,3.319
0.241,3.45
0.207,3.592
2.856,2.341
2.728,3.614
1.337,1.32
-1.577,0.44
1.238,0.615
0.881,0.73
-0.379,4.296
-0.85,4.344
-1.15,4.308
-1.414,4.467
-1.632,4.36
-1.648,4.251
-2.2,4.414
-3.001,4.215
2.837,4.293
2.654,4.503
1.826,4.202
1.253,4.171
1.204,4.373
1.219,4.488
1.091,4.07
1.162,4.372
1.06,4.123
1.132,4.152
0.899,4.394
0.521,4.387
0.493,4.491
0.238,4.364
-1.19,0.954
-2.187,0.551
-2.559,0.156
-2.367,-0.339
2.166,4.41
0.905,4.275
-0.12,2.464
-0.213,2.677
-0.413,3.563
-0.284,1.482
-0.295,0.655
-0.324,0.537
-0.466,3.718
-0.482,0.275
-0.696,0.988
-0.797,0.939
-0.799,1.393
-0.794,2.162
-1.106,2.749
-1.111,1.206
-1.023,0.061
-1.099,2.786
-1.177,0.368
-1.282,0.675
-1.293,2.419
-1.42,1.937
-1.41,1.115
-1.37,2.432
-1.388,1.391
-1.398,2.282
-1.611,4.03
-1.492,2.738
-1.642,2.297
-1.644,1.21
-1.57,1.605
-1.627,2.359
-2.121,3.981
-2.133,1.68
-2.164,0.102
-2.359,1.621
-2.427,0.321
-2.651,0.104
-2.683,2.275
-2.611,2.038
-2.679,3.495
-2.774,3.061
-2.939,1.577
-2.939,3.054
-2.98,2.957
3.076,1.807
2.86,2.985
2.786,0.463
2.723,2.247
2.703,2.59
2.496,1.519
2.609,0.507
2.602,0.057
2.388,0.422
2.485,1.198
2.285,2.563
2.396,0.385
2.38,2.108
2.201,2.33
2.085,1.618
2.066,0.103
1.923,3.844
1.849,0.069
1.978,1.323
1.934,1.059
1.775,3.036
1.693,1.051
1.609,0.274
1.409,2.677
1.09,2.893
1.043,1.806
1.153,2.767
0.965,1.351
0.947,2.715
0.866,2.948
0.824,2.499
0.931,0.24
0.777,2.105
0.854,1.117
0.829,0.126
0.764,0.649
0.587,2.357
0.417,1.072
0.129,1.459
0.097,2.574
0.166,2.96
0.134,2.537
-0.015,2.663
-0.027,1.802
-0.083,2.415
-0.053,1.356
-0.102,0.145
-0.424,0.117
-0.48,0.0
-0.705,-0.182
-0.643,-0.252
-2.332,-0.31
-2.44,-0.276
-2.593,-0.08
-2.577,-0.037
-2.799,-0.143
3.013,-0.148
2.931,-0.134
0.61,-0.173
0.013,0.0
-0.13,-0.371
-1.072,4.132
-1.038,4.093
-1.233,4.372
-1.325,4.317
-1.75,4.366
-1.647,4.267
-2.357,4.002
-2.201,4.356
-2.412,4.316
-2.521,4.382
3.083,4.328
2.447,4.331
1.566,4.161
1.653,4.266
1.3,4.442
1.181,4.428
0.505,4.064
0.469,4.42
0.169,4.452
0.136,4.277
0.079,4.171
-0.609,0.933
-1.67,1.593
-1.781,1.354
-2.093,0.585
1.926,3.134
1.772,1.693
1.746,1.913
0.994,2.613
0.223,0.103
-2.833,3.35
2.126,1.96
1.545,2.775
1.593,2.312
1.175,1.174
0.91,1.949
0.969,2.837
0.624,1.566
0.518,2.858
0.304,2.989
0.27,3.131
2.919,1.88
2.791,3.153
1.4,0.859
-1.514,-0.021
1.301,0.154
0.944,0.269
-0.471,0.048
-0.771,0.012
-1.035,0.171
-1.253,0.064
-1.269,-0.045
-1.821,0.118
-2.622,-0.081
-3.067,-0.003
3.033,0.207
2.205,-0.094
1.632,-0.125
1.583,0.077
1.598,0.192
1.47,-0.226
1.541,0.076
1.439,-0.173
1.511,-0.144
1.278,0.098
0.9,0.091
0.872,0.195
0.617,0.068
-0.811,-3.342
-1.808,-3.745
-2.18,-4.14
-1.988,-4.635
2.545,0.114
1.284,-0.021
0.259,-1.832
0.166,-1.619
-0.034,-0.733
0.095,-2.814
0.084,-3.641
0.055,-3.759
-0.087,-0.578
-0.103,-4.021
-0.317,-3.308
-0.418,-3.357
-0.42,-2.903
-0.415,-2.134
-0.727,-1.547
-0.732,-3.09
-0.644,-4.235
-0.72,-1.51
-0.798,-3.928
-0.903,-3.621
-0.914,-1.877
-1.041,-2.359
-1.031,-3.181
-0.991,-1.864
-1.009,-2.905
-1.019,-2.014
-1.232,-0.266
-1.113,-1.558
-1.263,-1.999
-1.265,-3.086
-1.191,-2.691
-1.248,-1.937
-1.742,-0.315
-1.754,-2.616
-1.785,-4.194
-1.98,-2.675
-2.048,-3.975
-2.272,-4.192
-2.304,-2.021
-2.232,-2.258
-2.3,-0.801
-2.395,-1.235
-2.56,-2.719
-2.56,-1.242
-2.601,-1.339
-2.828,-2.489
-3.044,-1.311
-3.118,-3.833
3.102,-2.049
3.082,-1.706
2.875,-2.777
2.988,-3.789
2.981,-4.239
2.767,-3.874
2.864,-3.098
2.664,-1.733
2.775,-3.911
2.759,-2.188
2.58,-1.966
2.464,-2.678
2.445,-4.193
2.302,-0.452
2.228,-4.227
2.357,-2.973
2.313,-3.237
2.154,-1.26
2.072,-3.245
1.988,-4.022
1.788,-1.619
1.469,-1.403
1.422,-2.49
1.532,-1.529
1.344,-2.945
1.326,-1.581
1.245,-1.348
1.203,-1.797
1.31,-4.056
1.156,-2.191
1.233,-3.179
1.208,-4.17
1.143,-3.647
0.966,-1.939
0.796,-3.224
0.508,-2.837
0.476,-1.722
0.545,-1.336
0.513,-1.759
0.364,-1.633
0.352,-2.494
0.296,-1.881
0.326,-2.94
0.277,-4.151
-0.045,-4.179
-0.101,-4.296
-0.326,-4.478
-0.264,-4.548
-1.953,-4.606
-2.061,-4.572
-2.214,-4.376
-2.198,-4.333
-2.42,-4.439
-2.891,-4.444
-2.973,-4.43
0.989,-4.469
0.392,-4.296
0.249,-4.667
-0.693,-0.164
-0.659,-0.203
-0.854,0.076
-0.946,0.021
-1.371,0.07
-1.268,-0.029
-1.978,-0.294
-1.822,0.06
-2.033,0.02
-2.142,0.086
-2.821,0.032
2.826,0.035
1.945,-0.135
2.032,-0.03
1.679,0.146
1.56,0.132
0.884,-0.232
0.848,0.124
0.548,0.156
0.515,-0.019
0.458,-0.125
-0.23,-3.363
-1.291,-2.703
-1.402,-2.942
-1.714,-3.711
2.305,-1.162
2.151,-2.603
2.125,-2.383
1.373,-1.683
0.602,-4.193
-2.454,-0.946
2.505,-2.336
1.924,-1.521
1.972,-1.984
1.554,-3.122
1.289,-2.347
1.348,-1.459
1.003,-2.73
0.897,-1.438
0.683,-1.307
0.649,-1.165
-2.985,-2.416
-3.113,-1.143
1.779,-3.437
-1.135,-4.317
1.68,-4.142
1.323,-4.027
-0.3,-0.036
-0.564,0.123
-0.782,0.016
-0.798,-0.093
-1.35,0.07
-2.151,-0.129
-2.596,-0.051
-2.779,0.159
2.676,-0.142
2.103,-0.173
2.054,0.029
2.069,0.144
1.941,-0.274
2.012,0.028
1.91,-0.221
1.982,-0.192
1.749,0.05
1.371,0.043
1.343,0.147
1.088,0.02
-0.34,-3.39
-1.337,-3.793
-1.709,-4.188
-1.517,-4.683
3.016,0.066
1.755,-0.069
0.73,-1.88
0.637,-1.667
0.437,-0.781
0.566,-2.862
0.555,-3.689
0.526,-3.807
0.384,-0.626
0.368,-4.069
0.154,-3.356
0.053,-3.405
0.051,-2.951
0.056,-2.182
-0.256,-1.595
-0.261,-3.138
-0.173,-4.283
-0.249,-1.558
-0.327,-3.976
-0.432,-3.669
-0.443,-1.925
-0.57,-2.407
-0.56,-3.229
-0.52,-1.912
-0.538,-2.953
-0.548,-2.062
-0.761,-0.314
-0.642,-1.606
-0.792,-2.047
-0.794,-3.134
-0.72,-2.739
-0.777,-1.985
-1.271,-0.363
-1.283,-2.664
-1.314,-4.242
-1.509,-2.723
-1.577,-4.023
-1.801,-4.24
-1.833,-2.069
-1.761,-2.306
-1.829,-0.849
-1.924,-1.283
-2.089,-2.767
-2.089,-1.29
-2.13,-1.387
-2.357,-2.537
-2.573,-1.359
-2.647,-3.881
-2.71,-2.097
-2.73,-1.754
-2.937,-2.825
-2.824,-3.837
-2.831,-4.287
-3.045,-3.922
-2.948,-3.146
3.135,-1.781
-3.037,-3.959
-3.053,-2.236
3.051,-2.014
2.935,-2.726
2.916,-4.241
2.773,-0.5
2.699,-4.275
2.828,-3.021
2.784,-3.285
2.625,-1.308
2.543,-3.293
2.459,-4.07
2.259,-1.667
1.94,-1.451
1.893,-2.538
2.003,-1.577
1.815,-2.993
1.797,-1.629
1.716,-1.396
1.674,-1.845
1.781,-4.104
1.627,-2.239
1.704,-3.227
1.679,-4.218
1.614,-3.695
1.437,-1.987
1.267,-3.272
0.979,-2.885
0.947,-1.77
1.016,-1.384
0.984,-1.807
0.835,-1.681
0.823,-2.542
0.767,-1.929
0.797,-2.988
0.748,-4.199
0.426,-4.227
0.37,-4.344
0.145,-4.526
0.207,-4.596
-1.482,-4.654
-1.59,-4.62
-1.743,-4.424
-1.727,-4.381
-1.949,-4.487
-2.42,-4.492
-2.502,-4.478
1.46,-4.517
0.863,-4.344
0.72,-4.715
-0.222,-0.212
-0.188,-0.251
-0.383,0.028
-0.475,-0.027
-0.9,0.022
-0.797,-0.077
-1.507,-0.342
-1.351,0.012
-1.562,-0.028
-1.671,0.038
-2.35,-0.016
-2.986,-0.013
2.416,-0.183
2.503,-0.078
2.15,0.098
2.031,0.084
1.355,-0.28
1.319,0.076
1.019,0.108
0.986,-0.067
0.929,-0.173
0.241,-3.411
-0.82,-2.751
-0.931,-2.99
-1.243,-3.759
2.776,-1.21
2.622,-2.651
2.596,-2.431
1.844,-1.731
1.073,-4.241
-1.983,-0.994
2.976,-2.384
2.395,-1.569
2.443,-2.032
2.025,-3.17
1.76,-2.395
1.819,-1.507
1.474,-2.778
1.368,-1.486
1.154,-1.355
1.12,-1.213
-2.514,-2.464
-2.642,-1.191
2.25,-3.485
-0.664,-4.365
2.151,-4.19
1.794,-4.075
-0.264,0.159
-0.482,0.052
-0.498,-0.057
-1.05,0.106
-1.851,-0.093
-2.296,-0.015
-2.479,0.195
2.976,-0.106
2.403,-0.137
2.354,0.065
2.369,0.18
2.241,-0.238
2.312,0.064
2.21,-0.185
2.282,-0.156
2.049,0.086
1.671,0.079
1.643,0.183
1.388,0.056
-0.04,-3.354
-1.037,-3.757
-1.409,-4.152
-1.217,-4.647
-2.967,0.102
2.055,-0.033
1.03,-1.844
0.937,-1.631
0.737,-0.745
0.866,-2.826
0.855,-3.653
0.826,-3.771
0.684,-0.59
0.668,-4.033
0.454,-3.32
0.353,-3.369
0.351,-2.915
0.356,-2.146
0.044,-1.559
0.039,-3.102
0.127,-4.247
0.051,-1.522
-0.027,-3.94
-0.132,-3.633
-0.143,-1.889
-0.27,-2.371
-0.26,-3.193
-0.22,-1.876
-0.238,-2.917
-0.248,-2.026
-0.461,-0.278
-0.342,-1.57
-0.492,-2.011
-0.494,-3.098
-0.42,-2.703
-0.477,-1.949
-0.971,-0.327
-0.983,-2.628
-1.014,-4.206
-1.209,-2.687
-1.277,-3.987
-1.501,-4.204
-1.533,-2.033
-1.461,-2.27
-1.529,-0.813
-1.624,-1.247
-1.789,-2.731
-1.789,-1.254
-1.83,-1.351
-2.057,-2.501
-2.273,-1.323
-2.347,-3.845
-2.41,-2.061
-2.43,-1.718
-2.637,-2.789
-2.524,-3.801
-2.531,-4.251
-2.745,-3.886
-2.648,-3.11
-2.848,-1.745
-2.737,-3.923
-2.753,-2.2
-2.932,-1.978
-3.048,-2.69
-3.067,-4.205
3.073,-0.464
2.999,-4.239
3.128,-2.985
3.084,-3.249
2.925,-1.272
2.843,-3.257
2.759,-4.034
2.559,-1.631
2.24,-1.415
2.193,-2.502
2.303,-1.541
2.115,-2.957
2.097,-1.593
2.016,-1.36
1.974,-1.809
2.081,-4.068
1.927,-2.203
2.004,-3.191
1.979,-4.182
1.914,-3.659
1.737,-1.951
1.567,-3.236
1.279,-2.849
1.247,-1.734
1.316,-1.348
1.284,-1.771
1.135,-1.645
1.123,-2.506
1.067,-1.893
1.097,-2.952
1.048,-4.163
0.726,-4.191
0.67,-4.308
0.445,-4.49
0.507,-4.56
-1.182,-4.618
-1.29,-4.584
-1.443,-4.388
-1.427,-4.345
-1.649,-4.451
-2.12,-4.456
-2.202,-4.442
1.76,-4.481
1.163,-4.308
1.02,-4.679
0.078,-0.176
0.112,-0.215
-0.083,0.064
-0.175,0.009
-0.6,0.058
-0.497,-0.041
-1.207,-0.306
-1.051,0.048
-1.262,0.008
-1.371,0.074
-2.05,0.02
-2.686,0.023
2.716,-0.147
2.803,-0.042
2.45,0.134
2.331,0.12
1.655,-0.244
1.619,0.112
1.319,0.144
1.286,-0.031
1.229,-0.137
0.541,-3.375
-0.52,-2.715
-0.631,-2.954
-0.943,-3.723
3.076,-1.174
2.922,-2.615
2.896,-2.395
2.144,-1.695
1.373,-4.205
-1.683,-0.958
-3.007,-2.348
2.695,-1.533
2.743,-1.996
2.325,-3.134
2.06,-2.359
2.119,-1.471
1.774,-2.742
1.668,-1.45
1.454,-1.319
1.42,-1.177
-2.214,-2.428
-2.342,-1.155
2.55,-3.449
-0.364,-4.329
2.451,-4.154
2.094,-4.039
-0.218,-0.107
-0.234,-0.216
-0.786,-0.053
-1.587,-0.252
-2.032,-0.174
-2.215,0.036
-3.043,-0.265
2.667,-0.296
2.618,-0.094
2.633,0.021
2.505,-0.397
2.576,-0.095
2.474,-0.344
2.546,-0.315
2.313,-0.073
1.935,-0.08
1.907,0.024
1.652,-0.103
0.224,-3.513
-0.773,-3.916
-1.145,-4.311
-0.953,-4.806
-2.703,-0.057
2.319,-0.192
1.294,-2.003
1.201,-1.79
1.001,-0.904
1.13,-2.985
1.119,-3.812
1.09,-3.93
0.948,-0.749
0.932,-4.192
0.718,-3.479
0.617,-3.528
0.615,-3.074
0.62,-2.305
0.308,-1.718
0.303,-3.261
0.391,-4.406
0.315,-1.681
0.237,-4.099
0.132,-3.792
0.121,-2.048
-0.006,-2.53
0.004,-3.352
0.044,-2.035
0.026,-3.076
0.016,-2.185
-0.197,-0.437
-0.078,-1.729
-0.228,-2.17
-0.23,-3.257
-0.156,-2.862
-0.213,-2.108
-0.707,-0.486
-0.719,-2.787
-0.75,-4.365
-0.945,-2.846
-1.013,-4.146
-1.237,-4.363
-1.269,-2.192
-1.197,-2.429
-1.265,-0.972
-1.36,-1.406
-1.525,-2.89
-1.525,-1.413
-1.566,-1.51
-1.793,-2.66
-2.009,-1.482
-2.083,-4.004
-2.146,-2.22
-2.166,-1.877
-2.373,-2.948
-2.26,-3.96
-2.267,-4.41
-2.481,-4.045
-2.384,-3.269
-2.584,-1.904
-2.473,-4.082
-2.489,-2.359
-2.668,-2.137
-2.784,-2.849
-2.803,-4.364
-2.946,-0.623
-3.02,-4.398
-2.891,-3.144
-2.935,-3.408
-3.094,-1.431
3.107,-3.416
3.023,-4.193
2.823,-1.79
2.504,-1.574
2.457,-2.661
2.567,-1.7
2.379,-3.116
2.361,-1.752
2.28,-1.519
2.238,-1.968
2.345,-4.227
2.191,-2.362
2.268,-3.35
2.243,-4.341
2.178,-3.818
2.001,-2.11
1.831,-3.395
1.543,-3.008
1.511,-1.893
1.58,-1.507
1.548,-1.93
1.399,-1.804
1.387,-2.665
1.331,-2.052
1.361,-3.111
1.312,-4.322
0.99,-4.35
0.934,-4.467
0.709,-4.649
0.771,-4.719
-0.918,-4.777
-1.026,-4.743
-1.179,-4.547
-1.163,-4.504
-1.385,-4.61
-1.856,-4.615
-1.938,-4.601
2.024,-4.64
1.427,-4.467
1.284,-4.838
0.342,-0.335
0.376,-0.374
0.181,-0.095
0.089,-0.15
-0.336,-0.101
-0.233,-0.2
-0.943,-0.465
-0.787,-0.111
-0.998,-0.151
-1.107,-0.085
-1.786,-0.139
-2.422,-0.136
2.98,-0.306
3.067,-0.201
2.714,-0.025
2.595,-0.039
1.919,-0.403
1.883,-0.047
1.583,-0.015
1.55,-0.19
1.493,-0.296
0.805,-3.534
-0.256,-2.874
-0.367,-3.113
-0.679,-3.882
-2.943,-1.333
-3.097,-2.774
-3.123,-2.554
2.408,-1.854
1.637,-4.364
-1.419,-1.117
-2.743,-2.507
2.959,-1.692
3.007,-2.155
2.589,-3.293
2.324,-2.518
2.383,-1.63
2.038,-2.901
1.932,-1.609
1.718,-1.478
1.684,-1.336
-1.95,-2.587
-2.078,-1.314
2.814,-3.608
-0.1,-4.488
2.715,-4.313
2.358,-4.198
-0.016,-0.109
-0.568,0.054
-1.369,-0.145
-1.814,-0.067
-1.997,0.143
-2.825,-0.158
2.885,-0.189
2.836,0.013
2.851,0.128
2.723,-0.29
2.794,0.012
2.692,-0.237
2.764,-0.208
2.531,0.034
2.153,0.027
2.125,0.131
1.87,0.004
0.442,-3.406
-0.555,-3.809
-0.927,-4.204
-0.735,-4.699
-2.485,0.05
2.537,-0.085
1.512,-1.896
1.419,-1.683
1.219,-0.797
1.348,-2.878
1.337,-3.705
1.308,-3.823
1.166,-0.642
1.15,-4.085
0.936,-3.372
0.835,-3.421
0.833,-2.967
0.838,-2.198
0.526,-1.611
0.521,-3.154
0.609,-4.299
0.533,-1.574
0.455,-3.992
0.35,-3.685
0.339,-1.941
0.212,-2.423
0.222,-3.245
0.262,-1.928
0.244,-2.969
0.234,-2.078
0.021,-0.33
0.14,-1.622
-0.01,-2.063
-0.012,-3.15
0.062,-2.755
0.005,-2.001
-0.489,-0.379
-0.501,-2.68
-0.532,-4.258
-0.727,-2.739
-0.795,-4.039
-1.019,-4.256
-1.051,-2.085
-0.979,-2.322
-1.047,-0.865
-1.142,-1.299
-1.307,-2.783
-1.307,-1.306
-1.348,-1.403
-1.575,-2.553
-1.791,-1.375
-1.865,-3.897
-1.928,-2.113
-1.948,-1.77
-2.155,-2.841
-2.042,-3.853
-2.049,-4.303
-2.263,-3.938
-2.166,-3.162
-2.366,-1.797
-2.255,-3.975
-2.271,-2.252
-2.45,-2.03
-2.566,-2.742
-2.585,-4.257
-2.728,-0.516
-2.802,-4.291
-2.673,-3.037
-2.717,-3.301
-2.876,-1.324
-2.958,-3.309
-3.042,-4.086
3.041,-1.683
2.722,-1.467
2.675,-2.554
2.785,-1.593
2.597,-3.009
2.579,-1.645
2.498,-1.412
2.456,-1.861
2.563,-4.12
2.409,-2.255
2.486,-3.243
2.461,-4.234
2.396,-3.711
2.219,-2.003
2.049,-3.288
1.761,-2.901
1.729,-1.786
1.798,-1.4
1.766,-1.823
1.617,-1.697
1.605,-2.558
1.549,-1.945
1.579,-3.004
1.53,-4.215
1.208,-4.243
1.152,-4.36
0.927,-4.542
0.989,-4.612
-0.7,-4.67
-0.808,-4.636
-0.961,-4.44
-0.945,-4.397
-1.167,-4.503
-1.638,-4.508
-1.72,-4.494
2.242,-4.533
1.645,-4.36
1.502,-4.731
0.56,-0.228
0.594,-0.267
0.399,0.012
0.307,-0.043
-0.118,0.006
-0.015,-0.093
-0.725,-0.358
-0.569,-0.004
-0.78,-0.044
-0.889,0.022
-1.568,-0.032
-2.204,-0.029
-3.085,-0.199
-2.998,-0.094
2.932,0.082
2.813,0.068
2.137,-0.296
2.101,0.06
1.801,0.092
1.768,-0.083
1.711,-0.189
1.023,-3.427
-0.038,-2.767
-0.149,-3.006
-0.461,-3.775
-2.725,-1.226
-2.879,-2.667
-2.905,-2.447
2.626,-1.747
1.855,-4.257
-1.201,-1.01
-2.525,-2.4
-3.106,-1.585
-3.058,-2.048
2.807,-3.186
2.542,-2.411
2.601,-1.523
2.256,-2.794
2.15,-1.502
1.936,-1.371
1.902,-1.229
-1.732,-2.48
-1.86,-1.207
3.032,-3.501
0.118,-4.381
2.933,-4.206
2.576,-4.091
-0.552,0.163
-1.353,-0.036
-1.798,0.042
-1.981,0.252
-2.809,-0.049
2.901,-0.08
2.852,0.122
2.867,0.237
2.739,-0.181
2.81,0.121
2.708,-0.128
2.78,-0.099
2.547,0.143
2.169,0.136
2.141,0.24
1.886,0.113
0.458,-3.297
-0.539,-3.7
-0.911,-4.095
-0.719,-4.59
-2.469,0.159
2.553,0.024
1.528,-1.787
1.435,-1.574
1.235,-0.688
1.364,-2.769
1.353,-3.596
1.324,-3.714
1.182,-0.533
1.166,-3.976
0.952,-3.263
0.851,-3.312
0.849,-2.858
0.854,-2.089
0.542,-1.502
0.537,-3.045
0.625,-4.19
0.549,-1.465
0.471,-3.883
0.366,-3.576
0.355,-1.832
0.228,-2.314
0.238,-3.136
0.278,-1.819
0.26,-2.86
0.25,-1.969
0.037,-0.221
0.156,-1.513
0.006,-1.954
0.004,-3.041
0.078,-2.646
0.021,-1.892
-0.473,-0.27
-0.485,-2.571
-0.516,-4.149
-0.711,-2.63
-0.779,-3.93
-1.003,-4.147
-1.035,-1.976
-0.963,-2.213
-1.031,-0.756
-1.126,-1.19
-1.291,-2.674
-1.291,-1.197
-1.332,-1.294
-1.559,-2.444
-1.775,-1.266
-1.849,-3.788
-1.912,-2.004
-1.932,-1.661
-2.139,-2.732
-2.026,-3.744
-2.033,-4.194
-2.247,-3.829
-2.15,-3.053
-2.35,-1.688
-2.239,-3.866
-2.255,-2.143
-2.434,-1.921
-2.55,-2.633
-2.569,-4.148
-2.712,-0.407
-2.786,-4.182
-2.657,-2.928
-2.701,-3.192
-2.86,-1.215
-2.942,-3.2
-3.026,-3.977
3.057,-1.574
2.738,-1.358
2.691,-2.445
2.801,-1.484
2.613,-2.9
2.595,-1.536
2.514,-1.303
2.472,-1.752
2.579,-4.011
2.425,-2.146
2.502,-3.134
2.477,-4.125
2.412,-3.602
2.235,-1.894
2.065,-3.179
1.777,-2.792
1.745,-1.677
1.814,-1.291
1.782,-1.714
1.633,-1.588
1.621,-2.449
1.565,-1.836
1.595,-2.895
1.546,-4.106
1.224,-4.134
1.168,-4.251
0.943,-4.433
1.005,-4.503
-0.684,-4.561
-0.792,-4.527
-0.945,-4.331
-0.929,-4.288
-1.151,-4.394
-1.622,-4.399
-1.704,-4.385
2.258,-4.424
1.661,-4.251
1.518,-4.622
0.576,-0.119
0.61,-0.158
0.415,0.121
0.323,0.066
-0.102,0.115
0.001,0.016
-0.709,-0.249
-0.553,0.105
-0.764,0.065
-0.873,0.131
-1.552,0.077
-2.188,0.08
-3.069,-0.09
-2.982,0.015
2.948,0.191
2.829,0.177
2.153,-0.187
2.117,0.169
1.817,0.201
1.784,0.026
1.727,-0.08
1.039,-3.318
-0.022,-2.658
-0.133,-2.897
-0.445,-3.666
-2.709,-1.117
-2.863,-2.558
-2.889,-2.338
2.642,-1.638
1.871,-4.148
-1.185,-0.901
-2.509,-2.291
-3.09,-1.476
-3.042,-1.939
2.823,-3.077
2.558,-2.302
2.617,-1.414
2.272,-2.685
2.166,-1.393
1.952,-1.262
1.918,-1.12
-1.716,-2.371
-1.844,-1.098
3.048,-3.392
0.134,-4.272
2.949,-4.097
2.592,-3.982
-0.801,-0.199
-1.246,-0.121
-1.429,0.089
-2.257,-0.212
-2.83,-0.243
-2.879,-0.041
-2.864,0.074
-2.992,-0.344
-2.921,-0.042
-3.023,-0.291
-2.951,-0.262
3.099,-0.02
2.721,-0.027
2.693,0.077
2.438,-0.05
1.01,-3.46
0.013,-3.863
-0.359,-4.258
-0.167,-4.753
-1.917,-0.004
3.105,-0.139
2.08,-1.95
1.987,-1.737
1.787,-0.851
1.916,-2.932
1.905,-3.759
1.876,-3.877
1.734,-0.696
1.718,-4.139
1.504,-3.426
1.403,-3.475
1.401,-3.021
1.406,-2.252
1.094,-1.665
1.089,-3.208
1.177,-4.353
1.101,-1.628
1.023,-4.046
0.918,-3.739
0.907,-1.995
0.78,-2.477
0.79,-3.299
0.83,-1.982
0.812,-3.023
0.802,-2.132
0.589,-0.384
0.708,-1.676
0.558,-2.117
0.556,-3.204
0.63,-2.809
0.573,-2.055
0.079,-0.433
0.067,-2.734
0.036,-4.312
-0.159,-2.793
-0.227,-4.093
-0.451,-4.31
-0.483,-2.139
-0.411,-2.376
-0.479,-0.919
-0.574,-1.353
-0.739,-2.837
-0.739,-1.36
-0.78,-1.457
-1.007,-2.607
-1.223,-1.429
-1.297,-3.951
-1.36,-2.167
-1.38,-1.824
-1.587,-2.895
-1.474,-3.907
-1.481,-4.357
-1.695,-3.992
-1.598,-3.216
-1.798,-1.851
-1.687,-4.029
-1.703,-2.306
-1.882,-2.084
-1.998,-2.796
-2.017,-4.311
-2.16,-0.57
-2.234,-4.345
-2.105,-3.091
-2.149,-3.355
-2.308,-1.378
-2.39,-3.363
-2.474,-4.14
-2.674,-1.737
-2.993,-1.521
-3.04,-2.608
-2.93,-1.647
-3.118,-3.063
-3.136,-1.699
3.066,-1.466
3.024,-1.915
3.131,-4.174
2.977,-2.309
3.054,-3.297
3.029,-4.288
2.964,-3.765
2.787,-2.057
2.617,-3.342
2.329,-2.955
2.297,-1.84
2.366,-1.454
2.334,-1.877
2.185,-1.751
2.173,-2.612
2.117,-1.999
2.147,-3.058
2.098,-4.269
1.776,-4.297
1.72,-4.414
1.495,-4.596
1.557,-4.666
-0.132,-4.724
-0.24,-4.69
-0.393,-4.494
-0.377,-4.451
-0.599,-4.557
-1.07,-4.562
-1.152,-4.548
2.81,-4.587
2.213,-4.414
2.07,-4.785
1.128,-0.282
1.162,-0.321
0.967,-0.042
0.875,-0.097
0.45,-0.048
0.553,-0.147
-0.157,-0.412
-0.001,-0.058
-0.212,-0.098
-0.321,-0.032
-1.0,-0.086
-1.636,-0.083
-2.517,-0.253
-2.43,-0.148
-2.783,0.028
-2.902,0.014
2.705,-0.35
2.669,0.006
2.369,0.038
2.336,-0.137
2.279,-0.243
1.591,-3.481
0.53,-2.821
0.419,-3.06
0.107,-3.829
-2.157,-1.28
-2.311,-2.721
-2.337,-2.501
-3.089,-1.801
2.423,-4.311
-0.633,-1.064
-1.957,-2.454
-2.538,-1.639
-2.49,-2.102
-2.908,-3.24
3.11,-2.465
-3.114,-1.577
2.824,-2.848
2.718,-1.556
2.504,-1.425
2.47,-1.283
-1.164,-2.534
-1.292,-1.261
-2.683,-3.555
0.686,-4.435
-2.782,-4.26
-3.139,-4.145
-0.445,0.078
-0.628,0.288
-1.456,-0.013
-2.029,-0.044
-2.078,0.158
-2.063,0.273
-2.191,-0.145
-2.12,0.157
-2.222,-0.092
-2.15,-0.063
-2.383,0.179
-2.761,0.172
-2.789,0.276
-3.044,0.149
1.811,-3.261
0.814,-3.664
0.442,-4.059
0.634,-4.554
-1.116,0.195
-2.377,0.06
2.881,-1.751
2.788,-1.538
2.588,-0.652
2.717,-2.733
2.706,-3.56
2.677,-3.678
2.535,-0.497
2.519,-3.94
2.305,-3.227
2.204,-3.276
2.202,-2.822
2.207,-2.053
1.895,-1.466
1.89,-3.009
1.978,-4.154
1.902,-1.429
1.824,-3.847
1.719,-3.54
1.708,-1.796
1.581,-2.278
1.591,-3.1
1.631,-1.783
1.613,-2.824
1.603,-1.933
1.39,-0.185
1.509,-1.477
1.359,-1.918
1.357,-3.005
1.431,-2.61
1.374,-1.856
0.88,-0.234
0.868,-2.535
0.837,-4.113
0.642,-2.594
0.574,-3.894
0.35,-4.111
0.318,-1.94
0.39,-2.177
0.322,-0.72
0.227,-1.154
0.062,-2.638
0.062,-1.161
0.021,-1.258
-0.206,-2.408
-0.422,-1.23
-0.496,-3.752
-0.559,-1.968
-0.579,-1.625
-0.786,-2.696
-0.673,-3.708
-0.68,-4.158
-0.894,-3.793
-0.797,-3.017
-0.997,-1.652
-0.886,-3.83
-0.902,-2.107
-1.081,-1.885
-1.197,-2.597
-1.216,-4.112
-1.359,-0.371
-1.433,-4.146
-1.304,-2.892
-1.348,-3.156
-1.507,-1.179
-1.589,-3.164
-1.673,-3.941
-1.873,-1.538
-2.192,-1.322
-2.239,-2.409
-2.129,-1.448
-2.317,-2.864
-2.335,-1.5
-2.416,-1.267
-2.458,-1.716
-2.351,-3.975
-2.505,-2.11
-2.428,-3.098
-2.453,-4.089
-2.518,-3.566
-2.695,-1.858
-2.865,-3.143
3.13,-2.756
3.098,-1.641
-3.116,-1.255
3.135,-1.678
2.986,-1.552
2.974,-2.413
2.918,-1.8
2.948,-2.859
2.899,-4.07
2.577,-4.098
2.521,-4.215
2.296,-4.397
2.358,-4.467
0.669,-4.525
0.561,-4.491
0.408,-4.295
0.424,-4.252
0.202,-4.358
-0.269,-4.363
-0.351,-4.349
-2.672,-4.388
3.014,-4.215
2.871,-4.586
1.929,-0.083
1.963,-0.122
1.768,0.157
1.676,0.102
1.251,0.151
1.354,0.052
0.644,-0.213
0.8,0.141
0.589,0.101
0.48,0.167
-0.199,0.113
-0.835,0.116
-1.716,-0.054
-1.629,0.051
-1.982,0.227
-2.101,0.213
-2.777,-0.151
-2.813,0.205
-3.113,0.237
3.137,0.062
3.08,-0.044
2.392,-3.282
1.331,-2.622
1.22,-2.861
0.908,-3.63
-1.356,-1.081
-1.51,-2.522
-1.536,-2.302
-2.288,-1.602
-3.059,-4.112
0.168,-0.865
-1.156,-2.255
-1.737,-1.44
-1.689,-1.903
-2.107,-3.041
-2.372,-2.266
-2.313,-1.378
-2.658,-2.649
-2.764,-1.357
-2.978,-1.226
-3.012,-1.084
-0.363,-2.335
-0.491,-1.062
-1.882,-3.356
1.487,-4.236
-1.981,-4.061
-2.338,-3.946
-0.183,0.21
-1.011,-0.091
-1.584,-0.122
-1.633,0.08
-1.618,0.195
-1.746,-0.223
-1.675,0.079
-1.777,-0.17
-1.705,-0.141
-1.938,0.101
-2.316,0.094
-2.344,0.198
-2.599,0.071
2.256,-3.339
1.259,-3.742
0.887,-4.137
1.079,-4.632
-0.671,0.117
-1.932,-0.018
-2.957,-1.829
-3.05,-1.616
3.033,-0.73
-3.121,-2.811
-3.132,-3.638
3.122,-3.756
2.98,-0.575
2.964,-4.018
2.75,-3.305
2.649,-3.354
2.647,-2.9
2.652,-2.131
2.34,-1.544
2.335,-3.087
2.423,-4.232
2.347,-1.507
2.269,-3.925
2.164,-3.618
2.153,-1.874
2.026,-2.356
2.036,-3.178
2.076,-1.861
2.058,-2.902
2.048,-2.011
1.835,-0.263
1.954,-1.555
1.804,-1.996
1.802,-3.083
1.876,-2.688
1.819,-1.934
1.325,-0.312
1.313,-2.613
1.282,-4.191
1.087,-2.672
1.019,-3.972
0.795,-4.189
0.763,-2.018
0.835,-2.255
0.767,-0.798
0.672,-1.232
0.507,-2.716
0.507,-1.239
0.466,-1.336
0.239,-2.486
0.023,-1.308
-0.051,-3.83
-0.114,-2.046
-0.134,-1.703
-0.341,-2.774
-0.228,-3.786
-0.235,-4.236
-0.449,-3.871
-0.352,-3.095
-0.552,-1.73
-0.441,-3.908
-0.457,-2.185
-0.636,-1.963
-0.752,-2.675
-0.771,-4.19
-0.914,-0.449
-0.988,-4.224
-0.859,-2.97
-0.903,-3.234
-1.062,-1.257
-1.144,-3.242
-1.228,-4.019
-1.428,-1.616
-1.747,-1.4
-1.794,-2.487
-1.684,-1.526
-1.872,-2.942
-1.89,-1.578
-1.971,-1.345
-2.013,-1.794
-1.906,-4.053
-2.06,-2.188
-1.983,-3.176
-2.008,-4.167
-2.073,-3.644
-2.25,-1.936
-2.42,-3.221
-2.708,-2.834
-2.74,-1.719
-2.671,-1.333
-2.703,-1.756
-2.852,-1.63
-2.864,-2.491
-2.92,-1.878
-2.89,-2.937
-2.939,-4.148
3.022,-4.176
2.966,-4.293
2.741,-4.475
2.803,-4.545
1.114,-4.603
1.006,-4.569
0.853,-4.373
0.869,-4.33
0.647,-4.436
0.176,-4.441
0.094,-4.427
-2.227,-4.466
-2.824,-4.293
-2.967,-4.664
2.374,-0.161
2.408,-0.2
2.213,0.079
2.121,0.024
1.696,0.073
1.799,-0.026
1.089,-0.291
1.245,0.063
1.034,0.023
0.925,0.089
0.246,0.035
-0.39,0.038
-1.271,-0.132
-1.184,-0.027
-1.537,0.149
-1.656,0.135
-2.332,-0.229
-2.368,0.127
-2.668,0.159
-2.701,-0.016
-2.758,-0.122
2.837,-3.36
1.776,-2.7
1.665,-2.939
1.353,-3.708
-0.911,-1.159
-1.065,-2.6
-1.091,-2.38
-1.843,-1.68
-2.614,-4.19
0.613,-0.943
-0.711,-2.333
-1.292,-1.518
-1.244,-1.981
-1.662,-3.119
-1.927,-2.344
-1.868,-1.456
-2.213,-2.727
-2.319,-1.435
-2.533,-1.304
-2.567,-1.162
0.082,-2.413
-0.046,-1.14
-1.437,-3.434
1.932,-4.314
-1.536,-4.139
-1.893,-4.024
-0.828,-0.301
-1.401,-0.332
-1.45,-0.13
-1.435,-0.015
-1.563,-0.433
-1.492,-0.131
-1.594,-0.38
-1.522,-0.351
-1.755,-0.109
-2.133,-0.116
-2.161,-0.012
-2.416,-0.139
2.439,-3.549
1.442,-3.952
1.07,-4.347
1.262,-4.842
-0.488,-0.093
-1.749,-0.228
-2.774,-2.039
-2.867,-1.826
-3.067,-0.94
-2.938,-3.021
-2.949,-3.848
-2.978,-3.966
-3.12,-0.785
-3.136,-4.228
2.933,-3.515
2.832,-3.564
2.83,-3.11
2.835,-2.341
2.523,-1.754
2.518,-3.297
2.606,-4.442
2.53,-1.717
2.452,-4.135
2.347,-3.828
2.336,-2.084
2.209,-2.566
2.219,-3.388
2.259,-2.071
2.241,-3.112
2.231,-2.221
2.018,-0.473
2.137,-1.765
1.987,-2.206
1.985,-3.293
2.059,-2.898
2.002,-2.144
1.508,-0.522
1.496,-2.823
1.465,-4.401
1.27,-2.882
1.202,-4.182
0.978,-4.399
0.946,-2.228
1.018,-2.465
0.95,-1.008
0.855,-1.442
0.69,-2.926
0.69,-1.449
0.649,-1.546
0.422,-2.696
0.206,-1.518
0.132,-4.04
0.069,-2.256
0.049,-1.913
-0.158,-2.984
-0.045,-3.996
-0.052,-4.446
-0.266,-4.081
-0.169,-3.305
-0.369,-1.94
-0.258,-4.118
-0.274,-2.395
-0.453,-2.173
-0.569,-2.885
-0.588,-4.4
-0.731,-0.659
-0.805,-4.434
-0.676,-3.18
-0.72,-3.444
-0.879,-1.467
-0.961,-3.452
-1.045,-4.229
-1.245,-1.826
-1.564,-1.61
-1.611,-2.697
-1.501,-1.736
-1.689,-3.152
-1.707,-1.788
-1.788,-1.555
-1.83,-2.004
-1.723,-4.263
-1.877,-2.398
-1.8,-3.386
-1.825,-4.377
-1.89,-3.854
-2.067,-2.146
-2.237,-3.431
-2.525,-3.044
-2.557,-1.929
-2.488,-1.543
-2.52,-1.966
-2.669,-1.84
-2.681,-2.701
-2.737,-2.088
-2.707,-3.147
-2.756,-4.358
-3.078,-4.386
-3.134,-4.503
2.924,-4.685
2.986,-4.755
1.297,-4.813
1.189,-4.779
1.036,-4.583
1.052,-4.54
0.83,-4.646
0.359,-4.651
0.277,-4.637
-2.044,-4.676
-2.641,-4.503
-2.784,-4.874
2.557,-0.371
2.591,-0.41
2.396,-0.131
2.304,-0.186
1.879,-0.137
1.982,-0.236
1.272,-0.501
1.428,-0.147
1.217,-0.187
1.108,-0.121
0.429,-0.175
-0.207,-0.172
-1.088,-0.342
-1.001,-0.237
-1.354,-0.061
-1.473,-0.075
-2.149,-0.439
-2.185,-0.083
-2.485,-0.051
-2.518,-0.226
-2.575,-0.332
3.02,-3.57
1.959,-2.91
1.848,-3.149
1.536,-3.918
-0.728,-1.369
-0.882,-2.81
-0.908,-2.59
-1.66,-1.89
-2.431,-4.4
0.796,-1.153
-0.528,-2.543
-1.109,-1.728
-1.061,-2.191
-1.479,-3.329
-1.744,-2.554
-1.685,-1.666
-2.03,-2.937
-2.136,-1.645
-2.35,-1.514
-2.384,-1.372
0.265,-2.623
0.137,-1.35
-1.254,-3.644
2.115,-4.524
-1.353,-4.349
-1.71,-4.234
-0.573,-0.031
-0.622,0.171
-0.607,0.286
-0.735,-0.132
-0.664,0.17
-0.766,-0.079
-0.694,-0.05
-0.927,0.192
-1.305,0.185
-1.333,0.289
-1.588,0.162
-3.016,-3.248
2.27,-3.651
1.898,-4.046
2.09,-4.541
0.34,0.208
-0.921,0.073
-1.946,-1.738
-2.039,-1.525
-2.239,-0.639
-2.11,-2.72
-2.121,-3.547
-2.15,-3.665
-2.292,-0.484
-2.308,-3.927
-2.522,-3.214
-2.623,-3.263
-2.625,-2.809
-2.62,-2.04
-2.932,-1.453
-2.937,-2.996
-2.849,-4.141
-2.925,-1.416
-3.003,-3.834
-3.108,-3.527
-3.119,-1.783
3.037,-2.265
3.047,-3.087
3.087,-1.77
3.069,-2.811
3.059,-1.92
2.846,-0.172
2.965,-1.464
2.815,-1.905
2.813,-2.992
2.887,-2.597
2.83,-1.843
2.336,-0.221
2.324,-2.522
2.293,-4.1
2.098,-2.581
2.03,-3.881
1.806,-4.098
1.774,-1.927
1.846,-2.164
1.778,-0.707
1.683,-1.141
1.518,-2.625
1.518,-1.148
1.477,-1.245
1.25,-2.395
1.034,-1.217
0.96,-3.739
0.897,-1.955
0.877,-1.612
0.67,-2.683
0.783,-3.695
0.776,-4.145
0.562,-3.78
0.659,-3.004
0.459,-1.639
0.57,-3.817
0.554,-2.094
0.375,-1.872
0.259,-2.584
0.24,-4.099
0.097,-0.358
0.023,-4.133
0.152,-2.879
0.108,-3.143
-0.051,-1.166
-0.133,-3.151
-0.217,-3.928
-0.417,-1.525
-0.736,-1.309
-0.783,-2.396
-0.673,-1.435
-0.861,-2.851
-0.879,-1.487
-0.96,-1.254
-1.002,-1.703
-0.895,-3.962
-1.049,-2.097
-0.972,-3.085
-0.997,-4.076
-1.062,-3.553
-1.239,-1.845
-1.409,-3.13
-1.697,-2.743
-1.729,-1.628
-1.66,-1.242
-1.692,-1.665
-1.841,-1.539
-1.853,-2.4
-1.909,-1.787
-1.879,-2.846
-1.928,-4.057
-2.25,-4.085
-2.306,-4.202
-2.531,-4.384
-2.469,-4.454
2.125,-4.512
2.017,-4.478
1.864,-4.282
1.88,-4.239
1.658,-4.345
1.187,-4.35
1.105,-4.336
-1.216,-4.375
-1.813,-4.202
-1.956,-4.573
-2.898,-0.07
-2.864,-0.109
-3.059,0.17
3.132,0.115
2.707,0.164
2.81,0.065
2.1,-0.2
2.256,0.154
2.045,0.114
1.936,0.18
1.257,0.126
0.621,0.129
-0.26,-0.041
-0.173,0.064
-0.526,0.24
-0.645,0.226
-1.321,-0.138
-1.357,0.218
-1.657,0.25
-1.69,0.075
-1.747,-0.031
-2.435,-3.269
2.787,-2.609
2.676,-2.848
2.364,-3.617
0.1,-1.068
-0.054,-2.509
-0.08,-2.289
-0.832,-1.589
-1.603,-4.099
1.624,-0.852
0.3,-2.242
-0.281,-1.427
-0.233,-1.89
-0.651,-3.028
-0.916,-2.253
-0.857,-1.365
-1.202,-2.636
-1.308,-1.344
-1.522,-1.213
-1.556,-1.071
1.093,-2.322
0.965,-1.049
-0.426,-3.343
2.943,-4.223
-0.525,-4.048
-0.882,-3.933
-0.049,0.202
-0.034,0.317
-0.162,-0.101
-0.091,0.201
-0.193,-0.048
-0.121,-0.019
-0.354,0.223
-0.732,0.216
-0.76,0.32
-1.015,0.193
-2.443,-3.217
2.843,-3.62
2.471,-4.015
2.663,-4.51
0.913,0.239
-0.348,0.104
-1.373,-1.707
-1.466,-1.494
-1.666,-0.608
-1.537,-2.689
-1.548,-3.516
-1.577,-3.634
-1.719,-0.453
-1.735,-3.896
-1.949,-3.183
-2.05,-3.232
-2.052,-2.778
-2.047,-2.009
-2.359,-1.422
-2.364,-2.965
-2.276,-4.11
-2.352,-1.385
-2.43,-3.803
-2.535,-3.496
-2.546,-1.752
-2.673,-2.234
-2.663,-3.056
-2.623,-1.739
-2.641,-2.78
-2.651,-1.889
-2.864,-0.141
-2.745,-1.433
-2.895,-1.874
-2.897,-2.961
-2.823,-2.566
-2.88,-1.812
2.909,-0.19
2.897,-2.491
2.866,-4.069
2.671,-2.55
2.603,-3.85
2.379,-4.067
2.347,-1.896
2.419,-2.133
2.351,-0.676
2.256,-1.11
2.091,-2.594
2.091,-1.117
2.05,-1.214
1.823,-2.364
1.607,-1.186
1.533,-3.708
1.47,-1.924
1.45,-1.581
1.243,-2.652
1.356,-3.664
1.349,-4.114
1.135,-3.749
1.232,-2.973
1.032,-1.608
1.143,-3.786
1.127,-2.063
0.948,-1.841
0.832,-2.553
0.813,-4.068
0.67,-0.327
0.596,-4.102
0.725,-2.848
0.681,-3.112
0.522,-1.135
0.44,-3.12
0.356,-3.897
0.156,-1.494
-0.163,-1.278
-0.21,-2.365
-0.1,-1.404
-0.288,-2.82
-0.306,-1.456
-0.387,-1.223
-0.429,-1.672
-0.322,-3.931
-0.476,-2.066
-0.399,-3.054
-0.424,-4.045
-0.489,-3.522
-0.666,-1.814
-0.836,-3.099
-1.124,-2.712
-1.156,-1.597
-1.087,-1.211
-1.119,-1.634
-1.268,-1.508
-1.28,-2.369
-1.336,-1.756
-1.306,-2.815
-1.355,-4.026
-1.677,-4.054
-1.733,-4.171
-1.958,-4.353
-1.896,-4.423
2.698,-4.481
2.59,-4.447
2.437,-4.251
2.453,-4.208
2.231,-4.314
1.76,-4.319
1.678,-4.305
-0.643,-4.344
-1.24,-4.171
-1.383,-4.542
-2.325,-0.039
-2.291,-0.078
-2.486,0.201
-2.578,0.146
-3.003,0.195
-2.9,0.096
2.673,-0.169
2.829,0.185
2.618,0.145
2.509,0.211
1.83,0.157
1.194,0.16
0.313,-0.01
0.4,0.095
0.047,0.271
-0.072,0.257
-0.748,-0.107
-0.784,0.249
-1.084,0.281
-1.117,0.106
-1.174,0.0
-1.862,-3.238
-2.923,-2.578
-3.034,-2.817
2.937,-3.586
0.673,-1.037
0.519,-2.478
0.493,-2.258
-0.259,-1.558
-1.03,-4.068
2.197,-0.821
0.873,-2.211
0.292,-1.396
0.34,-1.859
-0.078,-2.997
-0.343,-2.222
-0.284,-1.334
-0.629,-2.605
-0.735,-1.313
-0.949,-1.182
-0.983,-1.04
1.666,-2.291
1.538,-1.018
0.147,-3.312
-2.767,-4.192
0.048,-4.017
-0.309,-3.902
0.015,0.115
-0.113,-0.303
-0.042,-0.001
-0.144,-0.25
-0.072,-0.221
-0.305,0.021
-0.683,0.014
-0.711,0.118
-0.966,-0.009
-2.394,-3.419
2.892,-3.822
2.52,-4.217
2.712,-4.712
0.962,0.037
-0.299,-0.098
-1.324,-1.909
-1.417,-1.696
-1.617,-0.81
-1.488,-2.891
-1.499,-3.718
-1.528,-3.836
-1.67,-0.655
-1.686,-4.098
-1.9,-3.385
-2.001,-3.434
-2.003,-2.98
-1.998,-2.211
-2.31,-1.624
-2.315,-3.167
-2.227,-4.312
-2.303,-1.587
-2.381,-4.005
-2.486,-3.698
-2.497,-1.954
-2.624,-2.436
-2.614,-3.258
-2.574,-1.941
-2.592,-2.982
-2.602,-2.091
-2.815,-0.343
-2.696,-1.635
-2.846,-2.076
-2.848,-3.163
-2.774,-2.768
-2.831,-2.014
2.958,-0.392
2.946,-2.693
2.915,-4.271
2.72,-2.752
2.652,-4.052
2.428,-4.269
2.396,-2.098
2.468,-2.335
2.4,-0.878
2.305,-1.312
2.14,-2.796
2.14,-1.319
2.099,-1.416
1.872,-2.566
1.656,-1.388
1.582,-3.91
1.519,-2.126
1.499,-1.783
1.292,-2.854
1.405,-3.866
1.398,-4.316
1.184,-3.951
1.281,-3.175
1.081,-1.81
1.192,-3.988
1.176,-2.265
0.997,-2.043
0.881,-2.755
0.862,-4.27
0.719,-0.529
0.645,-4.304
0.774,-3.05
0.73,-3.314
0.571,-1.337
0.489,-3.322
0.405,-4.099
0.205,-1.696
-0.114,-1.48
-0.161,-2.567
-0.051,-1.606
-0.239,-3.022
-0.257,-1.658
-0.338,-1.425
-0.38,-1.874
-0.273,-4.133
-0.427,-2.268
-0.35,-3.256
-0.375,-4.247
-0.44,-3.724
-0.617,-2.016
-0.787,-3.301
-1.075,-2.914
-1.107,-1.799
-1.038,-1.413
-1.07,-1.836
-1.219,-1.71
-1.231,-2.571
-1.287,-1.958
-1.257,-3.017
-1.306,-4.228
-1.628,-4.256
-1.684,-4.373
-1.909,-4.555
-1.847,-4.625
2.747,-4.683
2.639,-4.649
2.486,-4.453
2.502,-4.41
2.28,-4.516
1.809,-4.521
1.727,-4.507
-0.594,-4.546
-1.191,-4.373
-1.334,-4.744
-2.276,-0.241
-2.242,-0.28
-2.437,-0.001
-2.529,-0.056
-2.954,-0.007
-2.851,-0.106
2.722,-0.371
2.878,-0.017
2.667,-0.057
2.558,0.009
1.879,-0.045
1.243,-0.042
0.362,-0.212
0.449,-0.107
0.096,0.069
-0.023,0.055
-0.699,-0.309
-0.735,0.047
-1.035,0.079
-1.068,-0.096
-1.125,-0.202
-1.813,-3.44
-2.874,-2.78
-2.985,-3.019
2.986,-3.788
0.722,-1.239
0.568,-2.68
0.542,-2.46
-0.21,-1.76
-0.981,-4.27
2.246,-1.023
0.922,-2.413
0.341,-1.598
0.389,-2.061
-0.029,-3.199
-0.294,-2.424
-0.235,-1.536
-0.58,-2.807
-0.686,-1.515
-0.9,-1.384
-0.934,-1.242
1.715,-2.493
1.587,-1.22
0.196,-3.514
-2.718,-4.394
0.097,-4.219
-0.26,-4.104
-0.128,-0.418
-0.057,-0.116
-0.159,-0.365
-0.087,-0.336
-0.32,-0.094
-0.698,-0.101
-0.726,0.003
-0.981,-0.124
-2.409,-3.534
2.877,-3.937
2.505,-4.332
2.697,-4.827
0.947,-0.078
-0.314,-0.213
-1.339,-2.024
-1.432,-1.811
-1.632,-0.925
-1.503,-3.006
-1.514,-3.833
-1.543,-3.951
-1.685,-0.77
-1.701,-4.213
-1.915,-3.5
-2.016,-3.549
-2.018,-3.095
-2.013,-2.326
-2.325,-1.739
-2.33,-3.282
-2.242,-4.427
-2.318,-1.702
-2.396,-4.12
-2.501,-3.813
-2.512,-2.069
-2.639,-2.551
-2.629,-3.373
-2.589,-2.056
-2.607,-3.097
-2.617,-2.206
-2.83,-0.458
-2.711,-1.75
-2.861,-2.191
-2.863,-3.278
-2.789,-2.883
-2.846,-2.129
2.943,-0.507
2.931,-2.808
2.9,-4.386
2.705,-2.867
2.637,-4.167
2.413,-4.384
2.381,-2.213
2.453,-2.45
2.385,-0.993
2.29,-1.427
2.125,-2.911
2.125,-1.434
2.084,-1.531
1.857,-2.681
1.641,-1.503
1.567,-4.025
1.504,-2.241
1.484,-1.898
1.277,-2.969
1.39,-3.981
1.383,-4.431
1.169,-4.066
1.266,-3.29
1.066,-1.925
1.177,-4.103
1.161,-2.38
0.982,-2.158
0.866,-2.87
0.847,-4.385
0.704,-0.644
0.63,-4.419
0.759,-3.165
0.715,-3.429
0.556,-1.452
0.474,-3.437
0.39,-4.214
0.19,-1.811
-0.129,-1.595
-0.176,-2.682
-0.066,-1.721
-0.254,-3.137
-0.272,-1.773
-0.353,-1.54
-0.395,-1.989
-0.288,-4.248
-0.442,-2.383
-0.365,-3.371
-0.39,-4.362
-0.455,-3.839
-0.632,-2.131
-0.802,-3.416
-1.09,-3.029
-1.122,-1.914
-1.053,-1.528
-1.085,-1.951
-1.234,-1.825
-1.246,-2.686
-1.302,-2.073
-1.272,-3.132
-1.321,-4.343
-1.643,-4.371
-1.699,-4.488
-1.924,-4.67
-1.862,-4.74
2.732,-4.798
2.624,-4.764
2.471,-4.568
2.487,-4.525
2.265,-4.631
1.794,-4.636
1.712,-4.622
-0.609,-4.661
-1.206,-4.488
-1.349,-4.859
-2.291,-0.356
-2.257,-0.395
-2.452,-0.116
-2.544,-0.171
-2.969,-0.122
-2.866,-0.221
2.707,-0.486
2.863,-0.132
2.652,-0.172
2.543,-0.106
1.864,-0.16
1.228,-0.157
0.347,-0.327
0.434,-0.222
0.081,-0.046
-0.038,-0.06
-0.714,-0.424
-0.75,-0.068
-1.05,-0.036
-1.083,-0.211
-1.14,-0.317
-1.828,-3.555
-2.889,-2.895
-3.0,-3.134
2.971,-3.903
0.707,-1.354
0.553,-2.795
0.527,-2.575
-0.225,-1.875
-0.996,-4.385
2.231,-1.138
0.907,-2.528
0.326,-1.713
0.374,-2.176
-0.044,-3.314
-0.309,-2.539
-0.25,-1.651
-0.595,-2.922
-0.701,-1.63
-0.915,-1.499
-0.949,-1.357
1.7,-2.608
1.572,-1.335
0.181,-3.629
-2.733,-4.509
0.082,-4.334
-0.275,-4.219
0.071,0.302
-0.031,0.053
0.041,0.082
-0.192,0.324
-0.57,0.317
-0.598,0.421
-0.853,0.294
-2.281,-3.116
3.005,-3.519
2.633,-3.914
2.825,-4.409
1.075,0.34
-0.186,0.205
-1.211,-1.606
-1.304,-1.393
-1.504,-0.507
-1.375,-2.588
-1.386,-3.415
-1.415,-3.533
-1.557,-0.352
-1.573,-3.795
-1.787,-3.082
-1.888,-3.131
-1.89,-2.677
-1.885,-1.908
-2.197,-1.321
-2.202,-2.864
-2.114,-4.009
-2.19,-1.284
-2.268,-3.702
-2.373,-3.395
-2.384,-1.651
-2.511,-2.133
-2.501,-2.955
-2.461,-1.638
-2.479,-2.679
-2.489,-1.788
-2.702,-0.04
-2.583,-1.332
-2.733,-1.773
-2.735,-2.86
-2.661,-2.465
-2.718,-1.711
3.071,-0.089
3.059,-2.39
3.028,-3.968
2.833,-2.449
2.765,-3.749
2.541,-3.966
2.509,-1.795
2.581,-2.032
2.513,-0.575
2.418,-1.009
2.253,-2.493
2.253,-1.016
2.212,-1.113
1.985,-2.263
1.769,-1.085
1.695,-3.607
1.632,-1.823
1.612,-1.48
1.405,-2.551
1.518,-3.563
1.511,-4.013
1.297,-3.648
1.394,-2.872
1.194,-1.507
1.305,-3.685
1.289,-1.962
1.11,-1.74
0.994,-2.452
0.975,-3.967
0.832,-0.226
0.758,-4.001
0.887,-2.747
0.843,-3.011
0.684,-1.034
0.602,-3.019
0.518,-3.796
0.318,-1.393
-0.001,-1.177
-0.048,-2.264
0.062,-1.303
-0.126,-2.719
-0.144,-1.355
-0.225,-1.122
-0.267,-1.571
-0.16,-3.83
-0.314,-1.965
-0.237,-2.953
-0.262,-3.944
-0.327,-3.421
-0.504,-1.713
-0.674,-2.998
-0.962,-2.611
-0.994,-1.496
-0.925,-1.11
-0.957,-1.533
-1.106,-1.407
-1.118,-2.268
-1.174,-1.655
-1.144,-2.714
-1.193,-3.925
-1.515,-3.953
-1.571,-4.07
-1.796,-4.252
-1.734,-4.322
2.86,-4.38
2.752,-4.346
2.599,-4.15
2.615,-4.107
2.393,-4.213
1.922,-4.218
1.84,-4.204
-0.481,-4.243
-1.078,-4.07
-1.221,-4.441
-2.163,0.062
-2.129,0.023
-2.324,0.302
-2.416,0.247
-2.841,0.296
-2.738,0.197
2.835,-0.068
2.991,0.286
2.78,0.246
2.671,0.312
1.992,0.258
1.356,0.261
0.475,0.091
0.562,0.196
0.209,0.372
0.09,0.358
-0.586,-0.006
-0.622,0.35
-0.922,0.382
-0.955,0.207
-1.012,0.101
-1.7,-3.137
-2.761,-2.477
-2.872,-2.716
3.099,-3.485
0.835,-0.936
0.681,-2.377
0.655,-2.157
-0.097,-1.457
-0.868,-3.967
2.359,-0.72
1.035,-2.11
0.454,-1.295
0.502,-1.758
0.084,-2.896
-0.181,-2.121
-0.122,-1.233
-0.467,-2.504
-0.573,-1.212
-0.787,-1.081
-0.821,-0.939
1.828,-2.19
1.7,-0.917
0.309,-3.211
-2.605,-4.091
0.21,-3.916
-0.147,-3.801
-0.102,-0.249
-0.03,-0.22
-0.263,0.022
-0.641,0.015
-0.669,0.119
-0.924,-0.008
-2.352,-3.418
2.934,-3.821
2.562,-4.216
2.754,-4.711
1.004,0.038
-0.257,-0.097
-1.282,-1.908
-1.375,-1.695
-1.575,-0.809
-1.446,-2.89
-1.457,-3.717
-1.486,-3.835
-1.628,-0.654
-1.644,-4.097
-1.858,-3.384
-1.959,-3.433
-1.961,-2.979
-1.956,-2.21
-2.268,-1.623
-2.273,-3.166
-2.185,-4.311
-2.261,-1.586
-2.339,-4.004
-2.444,-3.697
-2.455,-1.953
-2.582,-2.435
-2.572,-3.257
-2.532,-1.94
-2.55,-2.981
-2.56,-2.09
-2.773,-0.342
-2.654,-1.634
-2.804,-2.075
-2.806,-3.162
-2.732,-2.767
-2.789,-2.013
3.0,-0.391
2.988,-2.692
2.957,-4.27
2.762,-2.751
2.694,-4.051
2.47,-4.268
2.438,-2.097
2.51,-2.334
2.442,-0.877
2.347,-1.311
2.182,-2.795
2.182,-1.318
2.141,-1.415
1.914,-2.565
1.698,-1.387
1.624,-3.909
1.561,-2.125
1.541,-1.782
1.334,-2.853
1.447,-3.865
1.44,-4.315
1.226,-3.95
1.323,-3.174
1.123,-1.809
1.234,-3.987
1.218,-2.264
1.039,-2.042
0.923,-2.754
0.904,-4.269
0.761,-0.528
0.687,-4.303
0.816,-3.049
0.772,-3.313
0.613,-1.336
0.531,-3.321
0.447,-4.098
0.247,-1.695
-0.072,-1.479
-0.119,-2.566
-0.009,-1.605
-0.197,-3.021
-0.215,-1.657
-0.296,-1.424
-0.338,-1.873
-0.231,-4.132
-0.385,-2.267
-0.308,-3.255
-0.333,-4.246
-0.398,-3.723
-0.575,-2.015
-0.745,-3.3
-1.033,-2.913
-1.065,-1.798
-0.996,-1.412
-1.028,-1.835
-1.177,-1.709
-1.189,-2.57
-1.245,-1.957
-1.215,-3.016
-1.264,-4.227
-1.586,-4.255
-1.642,-4.372
-1.867,-4.554
-1.805,-4.624
2.789,-4.682
2.681,-4.648
2.528,-4.452
2.544,-4.409
2.322,-4.515
1.851,-4.52
1.769,-4.506
-0.552,-4.545
-1.149,-4.372
-1.292,-4.743
-2.234,-0.24
-2.2,-0.279
-2.395,0.0
-2.487,-0.055
-2.912,-0.006
-2.809,-0.105
2.764,-0.37
2.92,-0.016
2.709,-0.056
2.6,0.01
1.921,-0.044
1.285,-0.041
0.404,-0.211
0.491,-0.106
0.138,0.07
0.019,0.056
-0.657,-0.308
-0.693,0.048
-0.993,0.08
-1.026,-0.095
-1.083,-0.201
-1.771,-3.439
-2.832,-2.779
-2.943,-3.018
3.028,-3.787
0.764,-1.238
0.61,-2.679
0.584,-2.459
-0.168,-1.759
-0.939,-4.269
2.288,-1.022
0.964,-2.412
0.383,-1.597
0.431,-2.06
0.013,-3.198
-0.252,-2.423
-0.193,-1.535
-0.538,-2.806
-0.644,-1.514
-0.858,-1.383
-0.892,-1.241
1.757,-2.492
1.629,-1.219
0.238,-3.513
-2.676,-4.393
0.139,-4.218
-0.218,-4.103
0.072,0.029
-0.161,0.271
-0.539,0.264
-0.567,0.368
-0.822,0.241
-2.25,-3.169
3.036,-3.572
2.664,-3.967
2.856,-4.462
1.106,0.287
-0.155,0.152
-1.18,-1.659
-1.273,-1.446
-1.473,-0.56
-1.344,-2.641
-1.355,-3.468
-1.384,-3.586
-1.526,-0.405
-1.542,-3.848
-1.756,-3.135
-1.857,-3.184
-1.859,-2.73
-1.854,-1.961
-2.166,-1.374
-2.171,-2.917
-2.083,-4.062
-2.159,-1.337
-2.237,-3.755
-2.342,-3.448
-2.353,-1.704
-2.48,-2.186
-2.47,-3.008
-2.43,-1.691
-2.448,-2.732
-2.458,-1.841
-2.671,-0.093
-2.552,-1.385
-2.702,-1.826
-2.704,-2.913
-2.63,-2.518
-2.687,-1.764
3.102,-0.142
3.09,-2.443
3.059,-4.021
2.864,-2.502
2.796,-3.802
2.572,-4.019
2.54,-1.848
2.612,-2.085
2.544,-0.628
2.449,-1.062
2.284,-2.546
2.284,-1.069
2.243,-1.166
2.016,-2.316
1.8,-1.138
1.726,-3.66
1.663,-1.876
1.643,-1.533
1.436,-2.604
1.549,-3.616
1.542,-4.066
1.328,-3.701
1.425,-2.925
1.225,-1.56
1.336,-3.738
1.32,-2.015
1.141,-1.793
1.025,-2.505
1.006,-4.02
0.863,-0.279
0.789,-4.054
0.918,-2.8
0.874,-3.064
0.715,-1.087
0.633,-3.072
0.549,-3.849
0.349,-1.446
0.03,-1.23
-0.017,-2.317
0.093,-1.356
-0.095,-2.772
-0.113,-1.408
-0.194,-1.175
-0.236,-1.624
-0.129,-3.883
-0.283,-2.018
-0.206,-3.006
-0.231,-3.997
-0.296,-3.474
-0.473,-1.766
-0.643,-3.051
-0.931,-2.664
-0.963,-1.549
-0.894,-1.163
-0.926,-1.586
-1.075,-1.46
-1.087,-2.321
-1.143,-1.708
-1.113,-2.767
-1.162,-3.978
-1.484,-4.006
-1.54,-4.123
-1.765,-4.305
-1.703,-4.375
2.891,-4.433
2.783,-4.399
2.63,-4.203
2.646,-4.16
2.424,-4.266
1.953,-4.271
1.871,-4.257
-0.45,-4.296
-1.047,-4.123
-1.19,-4.494
-2.132,0.009
-2.098,-0.03
-2.293,0.249
-2.385,0.194
-2.81,0.243
-2.707,0.144
2.866,-0.121
3.022,0.233
2.811,0.193
2.702,0.259
2.023,0.205
1.387,0.208
0.506,0.038
0.593,0.143
0.24,0.319
0.121,0.305
-0.555,-0.059
-0.591,0.297
-0.891,0.329
-0.924,0.154
-0.981,0.048
-1.669,-3.19
-2.73,-2.53
-2.841,-2.769
3.13,-3.538
0.866,-0.989
0.712,-2.43
0.686,-2.21
-0.066,-1.51
-0.837,-4.02
2.39,-0.773
1.066,-2.163
0.485,-1.348
0.533,-1.811
0.115,-2.949
-0.15,-2.174
-0.091,-1.286
-0.436,-2.557
-0.542,-1.265
-0.756,-1.134
-0.79,-0.992
1.859,-2.243
1.731,-0.97
0.34,-3.264
-2.574,-4.144
0.241,-3.969
-0.116,-3.854
-0.233,0.242
-0.611,0.235
-0.639,0.339
-0.894,0.212
-2.322,-3.198
2.964,-3.601
2.592,-3.996
2.784,-4.491
1.034,0.258
-0.227,0.123
-1.252,-1.688
-1.345,-1.475
-1.545,-0.589
-1.416,-2.67
-1.427,-3.497
-1.456,-3.615
-1.598,-0.434
-1.614,-3.877
-1.828,-3.164
-1.929,-3.213
-1.931,-2.759
-1.926,-1.99
-2.238,-1.403
-2.243,-2.946
-2.155,-4.091
-2.231,-1.366
-2.309,-3.784
-2.414,-3.477
-2.425,-1.733
-2.552,-2.215
-2.542,-3.037
-2.502,-1.72
-2.52,-2.761
-2.53,-1.87
-2.743,-0.122
-2.624,-1.414
-2.774,-1.855
-2.776,-2.942
-2.702,-2.547
-2.759,-1.793
3.03,-0.171
3.018,-2.472
2.987,-4.05
2.792,-2.531
2.724,-3.831
2.5,-4.048
2.468,-1.877
2.54,-2.114
2.472,-0.657
2.377,-1.091
2.212,-2.575
2.212,-1.098
2.171,-1.195
1.944,-2.345
1.728,-1.167
1.654,-3.689
1.591,-1.905
1.571,-1.562
1.364,-2.633
1.477,-3.645
1.47,-4.095
1.256,-3.73
1.353,-2.954
1.153,-1.589
1.264,-3.767
1.248,-2.044
1.069,-1.822
0.953,-2.534
0.934,-4.049
0.791,-0.308
0.717,-4.083
0.846,-2.829
0.802,-3.093
0.643,-1.116
0.561,-3.101
0.477,-3.878
0.277,-1.475
-0.042,-1.259
-0.089,-2.346
0.021,-1.385
-0.167,-2.801
-0.185,-1.437
-0.266,-1.204
-0.308,-1.653
-0.201,-3.912
-0.355,-2.047
-0.278,-3.035
-0.303,-4.026
-0.368,-3.503
-0.545,-1.795
-0.715,-3.08
-1.003,-2.693
-1.035,-1.578
-0.966,-1.192
-0.998,-1.615
-1.147,-1.489
-1.159,-2.35
-1.215,-1.737
-1.185,-2.796
-1.234,-4.007
-1.556,-4.035
-1.612,-4.152
-1.837,-4.334
-1.775,-4.404
2.819,-4.462
2.711,-4.428
2.558,-4.232
2.574,-4.189
2.352,-4.295
1.881,-4.3
1.799,-4.286
-0.522,-4.325
-1.119,-4.152
-1.262,-4.523
-2.204,-0.02
-2.17,-0.059
-2.365,0.22
-2.457,0.165
-2.882,0.214
-2.779,0.115
2.794,-0.15
2.95,0.204
2.739,0.164
2.63,0.23
1.951,0.176
1.315,0.179
0.434,0.009
0.521,0.114
0.168,0.29
0.049,0.276
-0.627,-0.088
-0.663,0.268
-0.963,0.3
-0.996,0.125
-1.053,0.019
-1.741,-3.219
-2.802,-2.559
-2.913,-2.798
3.058,-3.567
0.794,-1.018
0.64,-2.459
0.614,-2.239
-0.138,-1.539
-0.909,-4.049
2.318,-0.802
0.994,-2.192
0.413,-1.377
0.461,-1.84
0.043,-2.978
-0.222,-2.203
-0.163,-1.315
-0.508,-2.586
-0.614,-1.294
-0.828,-1.163
-0.862,-1.021
1.787,-2.272
1.659,-0.999
0.268,-3.293
-2.646,-4.173
0.169,-3.998
-0.188,-3.883
-0.378,-0.007
-0.406,0.097
-0.661,-0.03
-2.089,-3.44
-3.086,-3.843
2.825,-4.238
3.017,-4.733
1.267,0.016
0.006,-0.119
-1.019,-1.93
-1.112,-1.717
-1.312,-0.831
-1.183,-2.912
-1.194,-3.739
-1.223,-3.857
-1.365,-0.676
-1.381,-4.119
-1.595,-3.406
-1.696,-3.455
-1.698,-3.001
-1.693,-2.232
-2.005,-1.645
-2.01,-3.188
-1.922,-4.333
-1.998,-1.608
-2.076,-4.026
-2.181,-3.719
-2.192,-1.975
-2.319,-2.457
-2.309,-3.279
-2.269,-1.962
-2.287,-3.003
-2.297,-2.112
-2.51,-0.364
-2.391,-1.656
-2.541,-2.097
-2.543,-3.184
-2.469,-2.789
-2.526,-2.035
-3.02,-0.413
-3.032,-2.714
-3.063,-4.292
3.025,-2.773
2.957,-4.073
2.733,-4.29
2.701,-2.119
2.773,-2.356
2.705,-0.899
2.61,-1.333
2.445,-2.817
2.445,-1.34
2.404,-1.437
2.177,-2.587
1.961,-1.409
1.887,-3.931
1.824,-2.147
1.804,-1.804
1.597,-2.875
1.71,-3.887
1.703,-4.337
1.489,-3.972
1.586,-3.196
1.386,-1.831
1.497,-4.009
1.481,-2.286
1.302,-2.064
1.186,-2.776
1.167,-4.291
1.024,-0.55
0.95,-4.325
1.079,-3.071
1.035,-3.335
0.876,-1.358
0.794,-3.343
0.71,-4.12
0.51,-1.717
0.191,-1.501
0.144,-2.588
0.254,-1.627
0.066,-3.043
0.048,-1.679
-0.033,-1.446
-0.075,-1.895
0.032,-4.154
-0.122,-2.289
-0.045,-3.277
-0.07,-4.268
-0.135,-3.745
-0.312,-2.037
-0.482,-3.322
-0.77,-2.935
-0.802,-1.82
-0.733,-1.434
-0.765,-1.857
-0.914,-1.731
-0.926,-2.592
-0.982,-1.979
-0.952,-3.038
-1.001,-4.249
-1.323,-4.277
-1.379,-4.394
-1.604,-4.576
-1.542,-4.646
3.052,-4.704
2.944,-4.67
2.791,-4.474
2.807,-4.431
2.585,-4.537
2.114,-4.542
2.032,-4.528
-0.289,-4.567
-0.886,-4.394
-1.029,-4.765
-1.971,-0.262
-1.937,-0.301
-2.132,-0.022
-2.224,-0.077
-2.649,-0.028
-2.546,-0.127
3.027,-0.392
-3.1,-0.038
2.972,-0.078
2.863,-0.012
2.184,-0.066
1.548,-0.063
0.667,-0.233
0.754,-0.128
0.401,0.048
0.282,0.034
-0.394,-0.33
-0.43,0.026
-0.73,0.058
-0.763,-0.117
-0.82,-0.223
-1.508,-3.461
-2.569,-2.801
-2.68,-3.04
-2.992,-3.809
1.027,-1.26
0.873,-2.701
0.847,-2.481
0.095,-1.781
-0.676,-4.291
2.551,-1.044
1.227,-2.434
0.646,-1.619
0.694,-2.082
0.276,-3.22
0.011,-2.445
0.07,-1.557
-0.275,-2.828
-0.381,-1.536
-0.595,-1.405
-0.629,-1.263
2.02,-2.514
1.892,-1.241
0.501,-3.535
-2.413,-4.415
0.402,-4.24
0.045,-4.125
-0.028,0.104
-0.283,-0.023
-1.711,-3.433
-2.708,-3.836
-3.08,-4.231
-2.888,-4.726
1.645,0.023
0.384,-0.112
-0.641,-1.923
-0.734,-1.71
-0.934,-0.824
-0.805,-2.905
-0.816,-3.732
-0.845,-3.85
-0.987,-0.669
-1.003,-4.112
-1.217,-3.399
-1.318,-3.448
-1.32,-2.994
-1.315,-2.225
-1.627,-1.638
-1.632,-3.181
-1.544,-4.326
-1.62,-1.601
-1.698,-4.019
-1.803,-3.712
-1.814,-1.968
-1.941,-2.45
-1.931,-3.272
-1.891,-1.955
-1.909,-2.996
-1.919,-2.105
-2.132,-0.357
-2.013,-1.649
-2.163,-2.09
-2.165,-3.177
-2.091,-2.782
-2.148,-2.028
-2.642,-0.406
-2.654,-2.707
-2.685,-4.285
-2.88,-2.766
-2.948,-4.066
3.111,-4.283
3.079,-2.112
-3.132,-2.349
3.083,-0.892
2.988,-1.326
2.823,-2.81
2.823,-1.333
2.782,-1.43
2.555,-2.58
2.339,-1.402
2.265,-3.924
2.202,-2.14
2.182,-1.797
1.975,-2.868
2.088,-3.88
2.081,-4.33
1.867,-3.965
1.964,-3.189
1.764,-1.824
1.875,-4.002
1.859,-2.279
1.68,-2.057
1.564,-2.769
1.545,-4.284
1.402,-0.543
1.328,-4.318
1.457,-3.064
1.413,-3.328
1.254,-1.351
1.172,-3.336
1.088,-4.113
0.888,-1.71
0.569,-1.494
0.522,-2.581
0.632,-1.62
0.444,-3.036
0.426,-1.672
0.345,-1.439
0.303,-1.888
0.41,-4.147
0.256,-2.282
0.333,-3.27
0.308,-4.261
0.243,-3.738
0.066,-2.03
-0.104,-3.315
-0.392,-2.928
-0.424,-1.813
-0.355,-1.427
-0.387,-1.85
-0.536,-1.724
-0.548,-2.585
-0.604,-1.972
-0.574,-3.031
-0.623,-4.242
-0.945,-4.27
-1.001,-4.387
-1.226,-4.569
-1.164,-4.639
-2.853,-4.697
-2.961,-4.663
-3.114,-4.467
-3.098,-4.424
2.963,-4.53
2.492,-4.535
2.41,-4.521
0.089,-4.56
-0.508,-4.387
-0.651,-4.758
-1.593,-0.255
-1.559,-0.294
-1.754,-0.015
-1.846,-0.07
-2.271,-0.021
-2.168,-0.12
-2.878,-0.385
-2.722,-0.031
-2.933,-0.071
-3.042,-0.005
2.562,-0.059
1.926,-0.056
1.045,-0.226
1.132,-0.121
0.779,0.055
0.66,0.041
-0.016,-0.323
-0.052,0.033
-0.352,0.065
-0.385,-0.11
-0.442,-0.216
-1.13,-3.454
-2.191,-2.794
-2.302,-3.033
-2.614,-3.802
1.405,-1.253
1.251,-2.694
1.225,-2.474
0.473,-1.774
-0.298,-4.284
2.929,-1.037
1.605,-2.427
1.024,-1.612
1.072,-2.075
0.654,-3.213
0.389,-2.438
0.448,-1.55
0.103,-2.821
-0.003,-1.529
-0.217,-1.398
-0.251,-1.256
2.398,-2.507
2.27,-1.234
0.879,-3.528
-2.035,-4.408
0.78,-4.233
0.423,-4.118
-0.255,-0.127
-1.683,-3.537
-2.68,-3.94
-3.052,-4.335
-2.86,-4.83
1.673,-0.081
0.412,-0.216
-0.613,-2.027
-0.706,-1.814
-0.906,-0.928
-0.777,-3.009
-0.788,-3.836
-0.817,-3.954
-0.959,-0.773
-0.975,-4.216
-1.189,-3.503
-1.29,-3.552
-1.292,-3.098
-1.287,-2.329
-1.599,-1.742
-1.604,-3.285
-1.516,-4.43
-1.592,-1.705
-1.67,-4.123
-1.775,-3.816
-1.786,-2.072
-1.913,-2.554
-1.903,-3.376
-1.863,-2.059
-1.881,-3.1
-1.891,-2.209
-2.104,-0.461
-1.985,-1.753
-2.135,-2.194
-2.137,-3.281
-2.063,-2.886
-2.12,-2.132
-2.614,-0.51
-2.626,-2.811
-2.657,-4.389
-2.852,-2.87
-2.92,-4.17
3.139,-4.387
3.107,-2.216
-3.104,-2.453
3.111,-0.996
3.016,-1.43
2.851,-2.914
2.851,-1.437
2.81,-1.534
2.583,-2.684
2.367,-1.506
2.293,-4.028
2.23,-2.244
2.21,-1.901
2.003,-2.972
2.116,-3.984
2.109,-4.434
1.895,-4.069
1.992,-3.293
1.792,-1.928
1.903,-4.106
1.887,-2.383
1.708,-2.161
1.592,-2.873
1.573,-4.388
1.43,-0.647
1.356,-4.422
1.485,-3.168
1.441,-3.432
1.282,-1.455
1.2,-3.44
1.116,-4.217
0.916,-1.814
0.597,-1.598
0.55,-2.685
0.66,-1.724
0.472,-3.14
0.454,-1.776
0.373,-1.543
0.331,-1.992
0.438,-4.251
0.284,-2.386
0.361,-3.374
0.336,-4.365
0.271,-3.842
0.094,-2.134
-0.076,-3.419
-0.364,-3.032
-0.396,-1.917
-0.327,-1.531
-0.359,-1.954
-0.508,-1.828
-0.52,-2.689
-0.576,-2.076
-0.546,-3.135
-0.595,-4.346
-0.917,-4.374
-0.973,-4.491
-1.198,-4.673
-1.136,-4.743
-2.825,-4.801
-2.933,-4.767
-3.086,-4.571
-3.07,-4.528
2.991,-4.634
2.52,-4.639
2.438,-4.625
0.117,-4.664
-0.48,-4.491
-0.623,-4.862
-1.565,-0.359
-1.531,-0.398
-1.726,-0.119
-1.818,-0.174
-2.243,-0.125
-2.14,-0.224
-2.85,-0.489
-2.694,-0.135
-2.905,-0.175
-3.014,-0.109
2.59,-0.163
1.954,-0.16
1.073,-0.33
1.16,-0.225
0.807,-0.049
0.688,-0.063
0.012,-0.427
-0.024,-0.071
-0.324,-0.039
-0.357,-0.214
-0.414,-0.32
-1.102,-3.558
-2.163,-2.898
-2.274,-3.137
-2.586,-3.906
1.433,-1.357
1.279,-2.798
1.253,-2.578
0.501,-1.878
-0.27,-4.388
2.957,-1.141
1.633,-2.531
1.052,-1.716
1.1,-2.179
0.682,-3.317
0.417,-2.542
0.476,-1.654
0.131,-2.925
0.025,-1.633
-0.189,-1.502
-0.223,-1.36
2.426,-2.611
2.298,-1.338
0.907,-3.632
-2.007,-4.512
0.808,-4.337
0.451,-4.222
-1.428,-3.41
-2.425,-3.813
-2.797,-4.208
-2.605,-4.703
1.928,0.046
0.667,-0.089
-0.358,-1.9
-0.451,-1.687
-0.651,-0.801
-0.522,-2.882
-0.533,-3.709
-0.562,-3.827
-0.704,-0.646
-0.72,-4.089
-0.934,-3.376
-1.035,-3.425
-1.037,-2.971
-1.032,-2.202
-1.344,-1.615
-1.349,-3.158
-1.261,-4.303
-1.337,-1.578
-1.415,-3.996
-1.52,-3.689
-1.531,-1.945
-1.658,-2.427
-1.648,-3.249
-1.608,-1.932
-1.626,-2.973
-1.636,-2.082
-1.849,-0.334
-1.73,-1.626
-1.88,-2.067
-1.882,-3.154
-1.808,-2.759
-1.865,-2.005
-2.359,-0.383
-2.371,-2.684
-2.402,-4.262
-2.597,-2.743
-2.665,-4.043
-2.889,-4.26
-2.921,-2.089
-2.849,-2.326
-2.917,-0.869
-3.012,-1.303
3.106,-2.787
3.106,-1.31
3.065,-1.407
2.838,-2.557
2.622,-1.379
2.548,-3.901
2.485,-2.117
2.465,-1.774
2.258,-2.845
2.371,-3.857
2.364,-4.307
2.15,-3.942
2.247,-3.166
2.047,-1.801
2.158,-3.979
2.142,-2.256
1.963,-2.034
1.847,-2.746
1.828,-4.261
1.685,-0.52
1.611,-4.295
1.74,-3.041
1.696,-3.305
1.537,-1.328
1.455,-3.313
1.371,-4.09
1.171,-1.687
0.852,-1.471
0.805,-2.558
0.915,-1.597
0.727,-3.013
0.709,-1.649
0.628,-1.416
0.586,-1.865
0.693,-4.124
0.539,-2.259
0.616,-3.247
0.591,-4.238
0.526,-3.715
0.349,-2.007
0.179,-3.292
-0.109,-2.905
-0.141,-1.79
-0.072,-1.404
-0.104,-1.827
-0.253,-1.701
-0.265,-2.562
-0.321,-1.949
-0.291,-3.008
-0.34,-4.219
-0.662,-4.247
-0.718,-4.364
-0.943,-4.546
-0.881,-4.616
-2.57,-4.674
-2.678,-4.64
-2.831,-4.444
-2.815,-4.401
-3.037,-4.507
2.775,-4.512
2.693,-4.498
0.372,-4.537
-0.225,-4.364
-0.368,-4.735
-1.31,-0.232
-1.276,-0.271
-1.471,0.008
-1.563,-0.047
-1.988,0.002
-1.885,-0.097
-2.595,-0.362
-2.439,-0.008
-2.65,-0.048
-2.759,0.018
2.845,-0.036
2.209,-0.033
1.328,-0.203
1.415,-0.098
1.062,0.078
0.943,0.064
0.267,-0.3
0.231,0.056
-0.069,0.088
-0.102,-0.087
-0.159,-0.193
-0.847,-3.431
-1.908,-2.771
-2.019,-3.01
-2.331,-3.779
1.688,-1.23
1.534,-2.671
1.508,-2.451
0.756,-1.751
-0.015,-4.261
-3.071,-1.014
1.888,-2.404
1.307,-1.589
1.355,-2.052
0.937,-3.19
0.672,-2.415
0.731,-1.527
0.386,-2.798
0.28,-1.506
0.066,-1.375
0.032,-1.233
2.681,-2.484
2.553,-1.211
1.162,-3.505
-1.752,-4.385
1.063,-4.21
0.706,-4.095
-0.997,-0.403
-1.369,-0.798
-1.177,-1.293
-2.927,3.456
2.095,3.321
1.07,1.51
0.977,1.723
0.777,2.609
0.906,0.528
0.895,-0.299
0.866,-0.417
0.724,2.764
0.708,-0.679
0.494,0.034
0.393,-0.015
0.391,0.439
0.396,1.208
0.084,1.795
0.079,0.252
0.167,-0.893
0.091,1.832
0.013,-0.586
-0.092,-0.279
-0.103,1.465
-0.23,0.983
-0.22,0.161
-0.18,1.478
-0.198,0.437
-0.208,1.328
-0.421,3.076
-0.302,1.784
-0.452,1.343
-0.454,0.256
-0.38,0.651
-0.437,1.405
-0.931,3.027
-0.943,0.726
-0.974,-0.852
-1.169,0.667
-1.237,-0.633
-1.461,-0.85
-1.493,1.321
-1.421,1.084
-1.489,2.541
-1.584,2.107
-1.749,0.623
-1.749,2.1
-1.79,2.003
-2.017,0.853
-2.233,2.031
-2.307,-0.491
-2.37,1.293
-2.39,1.636
-2.597,0.565
-2.484,-0.447
-2.491,-0.897
-2.705,-0.532
-2.608,0.244
-2.808,1.609
-2.697,-0.569
-2.713,1.154
-2.892,1.376
-3.008,0.664
-3.027,-0.851
3.113,2.89
3.039,-0.885
-3.115,0.369
3.124,0.105
2.965,2.082
2.883,0.097
2.799,-0.68
2.599,1.723
2.28,1.939
2.233,0.852
2.343,1.813
2.155,0.397
2.137,1.761
2.056,1.994
2.014,1.545
2.121,-0.714
1.967,1.151
2.044,0.163
2.019,-0.828
1.954,-0.305
1.777,1.403
1.607,0.118
1.319,0.505
1.287,1.62
1.356,2.006
1.324,1.583
1.175,1.709
1.163,0.848
1.107,1.461
1.137,0.402
1.088,-0.809
0.766,-0.837
0.71,-0.954
0.485,-1.136
0.547,-1.206
-1.142,-1.264
-1.25,-1.23
-1.403,-1.034
-1.387,-0.991
-1.609,-1.097
-2.08,-1.102
-2.162,-1.088
1.8,-1.127
1.203,-0.954
1.06,-1.325
0.118,3.178
0.152,3.139
-0.043,3.418
-0.135,3.363
-0.56,3.412
-0.457,3.313
-1.167,3.048
-1.011,3.402
-1.222,3.362
-1.331,3.428
-2.01,3.374
-2.646,3.377
2.756,3.207
2.843,3.312
2.49,3.488
2.371,3.474
1.695,3.11
1.659,3.466
1.359,3.498
1.326,3.323
1.269,3.217
0.581,-0.021
-0.48,0.639
-0.591,0.4
-0.903,-0.369
3.116,2.18
2.962,0.739
2.936,0.959
2.184,1.659
1.413,-0.851
-1.643,2.396
-2.967,1.006
2.735,1.821
2.783,1.358
2.365,0.22
2.1,0.995
2.159,1.883
1.814,0.612
1.708,1.904
1.494,2.035
1.46,2.177
-2.174,0.926
-2.302,2.199
2.59,-0.095
-0.324,-0.975
2.491,-0.8
2.134,-0.685
-0.372,-0.395
-0.18,-0.89
-1.93,3.859
3.092,3.724
2.067,1.913
1.974,2.126
1.774,3.012
1.903,0.931
1.892,0.104
1.863,-0.014
1.721,3.167
1.705,-0.276
1.491,0.437
1.39,0.388
1.388,0.842
1.393,1.611
1.081,2.198
1.076,0.655
1.164,-0.49
1.088,2.235
1.01,-0.183
0.905,0.124
0.894,1.868
0.767,1.386
0.777,0.564
0.817,1.881
0.799,0.84
0.789,1.731
0.576,3.479
0.695,2.187
0.545,1.746
0.543,0.659
0.617,1.054
0.56,1.808
0.066,3.43
0.054,1.129
0.023,-0.449
-0.172,1.07
-0.24,-0.23
-0.464,-0.447
-0.496,1.724
-0.424,1.487
-0.492,2.944
-0.587,2.51
-0.752,1.026
-0.752,2.503
-0.793,2.406
-1.02,1.256
-1.236,2.434
-1.31,-0.088
-1.373,1.696
-1.393,2.039
-1.6,0.968
-1.487,-0.044
-1.494,-0.494
-1.708,-0.129
-1.611,0.647
-1.811,2.012
-1.7,-0.166
-1.716,1.557
-1.895,1.779
-2.011,1.067
-2.03,-0.448
-2.173,3.293
-2.247,-0.482
-2.118,0.772
-2.162,0.508
-2.321,2.485
-2.403,0.5
-2.487,-0.277
-2.687,2.126
-3.006,2.342
-3.053,1.255
-2.943,2.216
-3.131,0.8
3.134,2.164
3.053,2.397
3.011,1.948
3.118,-0.311
2.964,1.554
3.041,0.566
3.016,-0.425
2.951,0.098
2.774,1.806
2.604,0.521
2.316,0.908
2.284,2.023
2.353,2.409
2.321,1.986
2.172,2.112
2.16,1.251
2.104,1.864
2.134,0.805
2.085,-0.406
1.763,-0.434
1.707,-0.551
1.482,-0.733
1.544,-0.803
-0.145,-0.861
-0.253,-0.827
-0.406,-0.631
-0.39,-0.588
-0.612,-0.694
-1.083,-0.699
-1.165,-0.685
2.797,-0.724
2.2,-0.551
2.057,-0.922
1.115,3.581
1.149,3.542
0.954,3.821
0.862,3.766
0.437,3.815
0.54,3.716
-0.17,3.451
-0.014,3.805
-0.225,3.765
-0.334,3.831
-1.013,3.777
-1.649,3.78
-2.53,3.61
-2.443,3.715
-2.796,3.891
-2.915,3.877
2.692,3.513
2.656,3.869
2.356,3.901
2.323,3.726
2.266,3.62
1.578,0.382
0.517,1.042
0.406,0.803
0.094,0.034
-2.17,2.583
-2.324,1.142
-2.35,1.362
-3.102,2.062
2.41,-0.448
-0.646,2.799
-1.97,1.409
-2.551,2.224
-2.503,1.761
-2.921,0.623
3.097,1.398
-3.127,2.286
2.811,1.015
2.705,2.307
2.491,2.438
2.457,2.58
-1.177,1.329
-1.305,2.602
-2.696,0.308
0.673,-0.572
-2.795,-0.397
3.131,-0.282
0.192,-0.495
-1.558,4.254
-2.819,4.119
2.439,2.308
2.346,2.521
2.146,3.407
2.275,1.326
2.264,0.499
2.235,0.381
2.093,3.562
2.077,0.119
1.863,0.832
1.762,0.783
1.76,1.237
1.765,2.006
1.453,2.593
1.448,1.05
1.536,-0.095
1.46,2.63
1.382,0.212
1.277,0.519
1.266,2.263
1.139,1.781
1.149,0.959
1.189,2.276
1.171,1.235
1.161,2.126
0.948,3.874
1.067,2.582
0.917,2.141
0.915,1.054
0.989,1.449
0.932,2.203
0.438,3.825
0.426,1.524
0.395,-0.054
0.2,1.465
0.132,0.165
-0.092,-0.052
-0.124,2.119
-0.052,1.882
-0.12,3.339
-0.215,2.905
-0.38,1.421
-0.38,2.898
-0.421,2.801
-0.648,1.651
-0.864,2.829
-0.938,0.307
-1.001,2.091
-1.021,2.434
-1.228,1.363
-1.115,0.351
-1.122,-0.099
-1.336,0.266
-1.239,1.042
-1.439,2.407
-1.328,0.229
-1.344,1.952
-1.523,2.174
-1.639,1.462
-1.658,-0.053
-1.801,3.688
-1.875,-0.087
-1.746,1.167
-1.79,0.903
-1.949,2.88
-2.031,0.895
-2.115,0.118
-2.315,2.521
-2.634,2.737
-2.681,1.65
-2.571,2.611
-2.759,1.195
-2.777,2.559
-2.858,2.792
-2.9,2.343
-2.793,0.084
-2.947,1.949
-2.87,0.961
-2.895,-0.03
-2.96,0.493
-3.137,2.201
2.976,0.916
2.688,1.303
2.656,2.418
2.725,2.804
2.693,2.381
2.544,2.507
2.532,1.646
2.476,2.259
2.506,1.2
2.457,-0.011
2.135,-0.039
2.079,-0.156
1.854,-0.338
1.916,-0.408
0.227,-0.466
0.119,-0.432
-0.034,-0.236
-0.018,-0.193
-0.24,-0.299
-0.711,-0.304
-0.793,-0.29
-3.114,-0.329
2.572,-0.156
2.429,-0.527
1.487,3.976
1.521,3.937
1.326,4.216
1.234,4.161
0.809,4.21
0.912,4.111
0.202,3.846
0.358,4.2
0.147,4.16
0.038,4.226
-0.641,4.172
-1.277,4.175
-2.158,4.005
-2.071,4.11
-2.424,4.286
-2.543,4.272
3.064,3.908
3.028,4.264
2.728,4.296
2.695,4.121
2.638,4.015
1.95,0.777
0.889,1.437
0.778,1.198
0.466,0.429
-1.798,2.978
-1.952,1.537
-1.978,1.757
-2.73,2.457
2.782,-0.053
-0.274,3.194
-1.598,1.804
-2.179,2.619
-2.131,2.156
-2.549,1.018
-2.814,1.793
-2.755,2.681
-3.1,1.41
3.077,2.702
2.863,2.833
2.829,2.975
-0.805,1.724
-0.933,2.997
-2.324,0.703
1.045,-0.177
-2.423,-0.002
-2.78,0.113
-1.75,4.749
-3.011,4.614
2.247,2.803
2.154,3.016
1.954,3.902
2.083,1.821
2.072,0.994
2.043,0.876
1.901,4.057
1.885,0.614
1.671,1.327
1.57,1.278
1.568,1.732
1.573,2.501
1.261,3.088
1.256,1.545
1.344,0.4
1.268,3.125
1.19,0.707
1.085,1.014
1.074,2.758
0.947,2.276
0.957,1.454
0.997,2.771
0.979,1.73
0.969,2.621
0.756,4.369
0.875,3.077
0.725,2.636
0.723,1.549
0.797,1.944
0.74,2.698
0.246,4.32
0.234,2.019
0.203,0.441
0.008,1.96
-0.06,0.66
-0.284,0.443
-0.316,2.614
-0.244,2.377
-0.312,3.834
-0.407,3.4
-0.572,1.916
-0.572,3.393
-0.613,3.296
-0.84,2.146
-1.056,3.324
-1.13,0.802
-1.193,2.586
-1.213,2.929
-1.42,1.858
-1.307,0.846
-1.314,0.396
-1.528,0.761
-1.431,1.537
-1.631,2.902
-1.52,0.724
-1.536,2.447
-1.715,2.669
-1.831,1.957
-1.85,0.442
-1.993,4.183
-2.067,0.408
-1.938,1.662
-1.982,1.398
-2.141,3.375
-2.223,1.39
-2.307,0.613
-2.507,3.016
-2.826,3.232
-2.873,2.145
-2.763,3.106
-2.951,1.69
-2.969,3.054
-3.05,3.287
-3.092,2.838
-2.985,0.579
-3.139,2.444
-3.062,1.456
-3.087,0.465
3.131,0.988
2.954,2.696
2.784,1.411
2.496,1.798
2.464,2.913
2.533,3.299
2.501,2.876
2.352,3.002
2.34,2.141
2.284,2.754
2.314,1.695
2.265,0.484
1.943,0.456
1.887,0.339
1.662,0.157
1.724,0.087
0.035,0.029
-0.073,0.063
-0.226,0.259
-0.21,0.302
-0.432,0.196
-0.903,0.191
-0.985,0.205
2.977,0.166
2.38,0.339
2.237,-0.032
1.295,4.471
1.329,4.432
1.134,4.711
1.042,4.656
0.617,4.705
0.72,4.606
0.01,4.341
0.166,4.695
-0.045,4.655
-0.154,4.721
-0.833,4.667
-1.469,4.67
-2.35,4.5
-2.263,4.605
-2.616,4.781
-2.735,4.767
2.872,4.403
2.836,4.759
2.536,4.791
2.503,4.616
2.446,4.51
1.758,1.272
0.697,1.932
0.586,1.693
0.274,0.924
-1.99,3.473
-2.144,2.032
-2.17,2.252
-2.922,2.952
2.59,0.442
-0.466,3.689
-1.79,2.299
-2.371,3.114
-2.323,2.651
-2.741,1.513
-3.006,2.288
-2.947,3.176
2.991,1.905
2.885,3.197
2.671,3.328
2.637,3.47
-0.997,2.219
-1.125,3.492
-2.516,1.198
0.853,0.318
-2.615,0.493
-2.972,0.608
-1.261,-0.135
-2.286,-1.946
-2.379,-1.733
-2.579,-0.847
-2.45,-2.928
-2.461,-3.755
-2.49,-3.873
-2.632,-0.692
-2.648,-4.135
-2.862,-3.422
-2.963,-3.471
-2.965,-3.017
-2.96,-2.248
3.011,-1.661
3.006,-3.204
3.094,-4.349
3.018,-1.624
2.94,-4.042
2.835,-3.735
2.824,-1.991
2.697,-2.473
2.707,-3.295
2.747,-1.978
2.729,-3.019
2.719,-2.128
2.506,-0.38
2.625,-1.672
2.475,-2.113
2.473,-3.2
2.547,-2.805
2.49,-2.051
1.996,-0.429
1.984,-2.73
1.953,-4.308
1.758,-2.789
1.69,-4.089
1.466,-4.306
1.434,-2.135
1.506,-2.372
1.438,-0.915
1.343,-1.349
1.178,-2.833
1.178,-1.356
1.137,-1.453
0.91,-2.603
0.694,-1.425
0.62,-3.947
0.557,-2.163
0.537,-1.82
0.33,-2.891
0.443,-3.903
0.436,-4.353
0.222,-3.988
0.319,-3.212
0.119,-1.847
0.23,-4.025
0.214,-2.302
0.035,-2.08
-0.081,-2.792
-0.1,-4.307
-0.243,-0.566
-0.317,-4.341
-0.188,-3.087
-0.232,-3.351
-0.391,-1.374
-0.473,-3.359
-0.557,-4.136
-0.757,-1.733
-1.076,-1.517
-1.123,-2.604
-1.013,-1.643
-1.201,-3.059
-1.219,-1.695
-1.3,-1.462
-1.342,-1.911
-1.235,-4.17
-1.389,-2.305
-1.312,-3.293
-1.337,-4.284
-1.402,-3.761
-1.579,-2.053
-1.749,-3.338
-2.037,-2.951
-2.069,-1.836
-2.0,-1.45
-2.032,-1.873
-2.181,-1.747
-2.193,-2.608
-2.249,-1.995
-2.219,-3.054
-2.268,-4.265
-2.59,-4.293
-2.646,-4.41
-2.871,-4.592
-2.809,-4.662
1.785,-4.72
1.677,-4.686
1.524,-4.49
1.54,-4.447
1.318,-4.553
0.847,-4.558
0.765,-4.544
-1.556,-4.583
-2.153,-4.41
-2.296,-4.781
3.045,-0.278
3.079,-0.317
2.884,-0.038
2.792,-0.093
2.367,-0.044
2.47,-0.143
1.76,-0.408
1.916,-0.054
1.705,-0.094
1.596,-0.028
0.917,-0.082
0.281,-0.079
-0.6,-0.249
-0.513,-0.144
-0.866,0.032
-0.985,0.018
-1.661,-0.346
-1.697,0.01
-1.997,0.042
-2.03,-0.133
-2.087,-0.239
-2.775,-3.477
2.447,-2.817
2.336,-3.056
2.024,-3.825
-0.24,-1.276
-0.394,-2.717
-0.42,-2.497
-1.172,-1.797
-1.943,-4.307
1.284,-1.06
-0.04,-2.45
-0.621,-1.635
-0.573,-2.098
-0.991,-3.236
-1.256,-2.461
-1.197,-1.573
-1.542,-2.844
-1.648,-1.552
-1.862,-1.421
-1.896,-1.279
0.753,-2.53
0.625,-1.257
-0.766,-3.551
2.603,-4.431
-0.865,-4.256
-1.222,-4.141
-1.025,-1.811
-1.118,-1.598
-1.318,-0.712
-1.189,-2.793
-1.2,-3.62
-1.229,-3.738
-1.371,-0.557
-1.387,-4.0
-1.601,-3.287
-1.702,-3.336
-1.704,-2.882
-1.699,-2.113
-2.011,-1.526
-2.016,-3.069
-1.928,-4.214
-2.004,-1.489
-2.082,-3.907
-2.187,-3.6
-2.198,-1.856
-2.325,-2.338
-2.315,-3.16
-2.275,-1.843
-2.293,-2.884
-2.303,-1.993
-2.516,-0.245
-2.397,-1.537
-2.547,-1.978
-2.549,-3.065
-2.475,-2.67
-2.532,-1.916
-3.026,-0.294
-3.038,-2.595
-3.069,-4.173
3.019,-2.654
2.951,-3.954
2.727,-4.171
2.695,-2.0
2.767,-2.237
2.699,-0.78
2.604,-1.214
2.439,-2.698
2.439,-1.221
2.398,-1.318
2.171,-2.468
1.955,-1.29
1.881,-3.812
1.818,-2.028
1.798,-1.685
1.591,-2.756
1.704,-3.768
1.697,-4.218
1.483,-3.853
1.58,-3.077
1.38,-1.712
1.491,-3.89
1.475,-2.167
1.296,-1.945
1.18,-2.657
1.161,-4.172
1.018,-0.431
0.944,-4.206
1.073,-2.952
1.029,-3.216
0.87,-1.239
0.788,-3.224
0.704,-4.001
0.504,-1.598
0.185,-1.382
0.138,-2.469
0.248,-1.508
0.06,-2.924
0.042,-1.56
-0.039,-1.327
-0.081,-1.776
0.026,-4.035
-0.128,-2.17
-0.051,-3.158
-0.076,-4.149
-0.141,-3.626
-0.318,-1.918
-0.488,-3.203
-0.776,-2.816
-0.808,-1.701
-0.739,-1.315
-0.771,-1.738
-0.92,-1.612
-0.932,-2.473
-0.988,-1.86
-0.958,-2.919
-1.007,-4.13
-1.329,-4.158
-1.385,-4.275
-1.61,-4.457
-1.548,-4.527
3.046,-4.585
2.938,-4.551
2.785,-4.355
2.801,-4.312
2.579,-4.418
2.108,-4.423
2.026,-4.409
-0.295,-4.448
-0.892,-4.275
-1.035,-4.646
-1.977,-0.143
-1.943,-0.182
-2.138,0.097
-2.23,0.042
-2.655,0.091
-2.552,-0.008
3.021,-0.273
-3.106,0.081
2.966,0.041
2.857,0.107
2.178,0.053
1.542,0.056
0.661,-0.114
0.748,-0.009
0.395,0.167
0.276,0.153
-0.4,-0.211
-0.436,0.145
-0.736,0.177
-0.769,0.002
-0.826,-0.104
-1.514,-3.342
-2.575,-2.682
-2.686,-2.921
-2.998,-3.69
1.021,-1.141
0.867,-2.582
0.841,-2.362
0.089,-1.662
-0.682,-4.172
2.545,-0.925
1.221,-2.315
0.64,-1.5
0.688,-1.963
0.27,-3.101
0.005,-2.326
0.064,-1.438
-0.281,-2.709
-0.387,-1.417
-0.601,-1.286
-0.635,-1.144
2.014,-2.395
1.886,-1.122
0.495,-3.416
-2.419,-4.296
0.396,-4.121
0.039,-4.006
-0.093,0.213
-0.293,1.099
-0.164,-0.982
-0.175,-1.809
-0.204,-1.927
-0.346,1.254
-0.362,-2.189
-0.576,-1.476
-0.677,-1.525
-0.679,-1.071
-0.674,-0.302
-0.986,0.285
-0.991,-1.258
-0.903,-2.403
-0.979,0.322
-1.057,-2.096
-1.162,-1.789
-1.173,-0.045
-1.3,-0.527
-1.29,-1.349
-1.25,-0.032
-1.268,-1.073
-1.278,-0.182
-1.491,1.566
-1.372,0.274
-1.522,-0.167
-1.524,-1.254
-1.45,-0.859
-1.507,-0.105
-2.001,1.517
-2.013,-0.784
-2.044,-2.362
-2.239,-0.843
-2.307,-2.143
-2.531,-2.36
-2.563,-0.189
-2.491,-0.426
-2.559,1.031
-2.654,0.597
-2.819,-0.887
-2.819,0.59
-2.86,0.493
-3.087,-0.657
2.98,0.521
2.906,-2.001
2.843,-0.217
2.823,0.126
2.616,-0.945
2.729,-1.957
2.722,-2.407
2.508,-2.042
2.605,-1.266
2.405,0.099
2.516,-2.079
2.5,-0.356
2.321,-0.134
2.205,-0.846
2.186,-2.361
2.043,1.38
1.969,-2.395
2.098,-1.141
2.054,-1.405
1.895,0.572
1.813,-1.413
1.729,-2.19
1.529,0.213
1.21,0.429
1.163,-0.658
1.273,0.303
1.085,-1.113
1.067,0.251
0.986,0.484
0.944,0.035
1.051,-2.224
0.897,-0.359
0.974,-1.347
0.949,-2.338
0.884,-1.815
0.707,-0.107
0.537,-1.392
0.249,-1.005
0.217,0.11
0.286,0.496
0.254,0.073
0.105,0.199
0.093,-0.662
0.037,-0.049
0.067,-1.108
0.018,-2.319
-0.304,-2.347
-0.36,-2.464
-0.585,-2.646
-0.523,-2.716
-2.212,-2.774
-2.32,-2.74
-2.473,-2.544
-2.457,-2.501
-2.679,-2.607
3.133,-2.612
3.051,-2.598
0.73,-2.637
0.133,-2.464
-0.01,-2.835
-0.952,1.668
-0.918,1.629
-1.113,1.908
-1.205,1.853
-1.63,1.902
-1.527,1.803
-2.237,1.538
-2.081,1.892
-2.292,1.852
-2.401,1.918
-3.08,1.864
2.567,1.867
1.686,1.697
1.773,1.802
1.42,1.978
1.301,1.964
0.625,1.6
0.589,1.956
0.289,1.988
0.256,1.813
0.199,1.707
-0.489,-1.531
-1.55,-0.871
-1.661,-1.11
-1.973,-1.879
2.046,0.67
1.892,-0.771
1.866,-0.551
1.114,0.149
0.343,-2.361
-2.713,0.886
2.246,-0.504
1.665,0.311
1.713,-0.152
1.295,-1.29
1.03,-0.515
1.089,0.373
0.744,-0.898
0.638,0.394
0.424,0.525
0.39,0.667
3.039,-0.584
2.911,0.689
1.52,-1.605
-1.394,-2.485
1.421,-2.31
1.064,-2.195
-0.2,0.886
-0.071,-1.195
-0.082,-2.022
-0.111,-2.14
-0.253,1.041
-0.269,-2.402
-0.483,-1.689
-0.584,-1.738
-0.586,-1.284
-0.581,-0.515
-0.893,0.072
-0.898,-1.471
-0.81,-2.616
-0.886,0.109
-0.964,-2.309
-1.069,-2.002
-1.08,-0.258
-1.207,-0.74
-1.197,-1.562
-1.157,-0.245
-1.175,-1.286
-1.185,-0.395
-1.398,1.353
-1.279,0.061
-1.429,-0.38
-1.431,-1.467
-1.357,-1.072
-1.414,-0.318
-1.908,1.304
-1.92,-0.997
-1.951,-2.575
-2.146,-1.056
-2.214,-2.356
-2.438,-2.573
-2.47,-0.402
-2.398,-0.639
-2.466,0.818
-2.561,0.384
-2.726,-1.1
-2.726,0.377
-2.767,0.28
-2.994,-0.87
3.073,0.308
2.999,-2.214
2.936,-0.43
2.916,-0.087
2.709,-1.158
2.822,-2.17
2.815,-2.62
2.601,-2.255
2.698,-1.479
2.498,-0.114
2.609,-2.292
2.593,-0.569
2.414,-0.347
2.298,-1.059
2.279,-2.574
2.136,1.167
2.062,-2.608
2.191,-1.354
2.147,-1.618
1.988,0.359
1.906,-1.626
1.822,-2.403
1.622,0.0
1.303,0.216
1.256,-0.871
1.366,0.09
1.178,-1.326
1.16,0.038
1.079,0.271
1.037,-0.178
1.144,-2.437
0.99,-0.572
1.067,-1.56
1.042,-2.551
0.977,-2.028
0.8,-0.32
0.63,-1.605
0.342,-1.218
0.31,-0.103
0.379,0.283
0.347,-0.14
0.198,-0.014
0.186,-0.875
0.13,-0.262
0.16,-1.321
0.111,-2.532
-0.211,-2.56
-0.267,-2.677
-0.492,-2.859
-0.43,-2.929
-2.119,-2.987
-2.227,-2.953
-2.38,-2.757
-2.364,-2.714
-2.586,-2.82
-3.057,-2.825
-3.139,-2.811
0.823,-2.85
0.226,-2.677
0.083,-3.048
-0.859,1.455
-0.825,1.416
-1.02,1.695
-1.112,1.64
-1.537,1.689
-1.434,1.59
-2.144,1.325
-1.988,1.679
-2.199,1.639
-2.308,1.705
-2.987,1.651
2.66,1.654
1.779,1.484
1.866,1.589
1.513,1.765
1.394,1.751
0.718,1.387
0.682,1.743
0.382,1.775
0.349,1.6
0.292,1.494
-0.396,-1.744
-1.457,-1.084
-1.568,-1.323
-1.88,-2.092
2.139,0.457
1.985,-0.984
1.959,-0.764
1.207,-0.064
0.436,-2.574
-2.62,0.673
2.339,-0.717
1.758,0.098
1.806,-0.365
1.388,-1.503
1.123,-0.728
1.182,0.16
0.837,-1.111
0.731,0.181
0.517,0.312
0.483,0.454
3.132,-0.797
3.004,0.476
1.613,-1.818
-1.301,-2.698
1.514,-2.523
1.157,-2.408
0.129,-2.081
0.118,-2.908
0.089,-3.026
-0.053,0.155
-0.069,-3.288
-0.283,-2.575
-0.384,-2.624
-0.386,-2.17
-0.381,-1.401
-0.693,-0.814
-0.698,-2.357
-0.61,-3.502
-0.686,-0.777
-0.764,-3.195
-0.869,-2.888
-0.88,-1.144
-1.007,-1.626
-0.997,-2.448
-0.957,-1.131
-0.975,-2.172
-0.985,-1.281
-1.198,0.467
-1.079,-0.825
-1.229,-1.266
-1.231,-2.353
-1.157,-1.958
-1.214,-1.204
-1.708,0.418
-1.72,-1.883
-1.751,-3.461
-1.946,-1.942
-2.014,-3.242
-2.238,-3.459
-2.27,-1.288
-2.198,-1.525
-2.266,-0.068
-2.361,-0.502
-2.526,-1.986
-2.526,-0.509
-2.567,-0.606
-2.794,-1.756
-3.01,-0.578
-3.084,-3.1
3.136,-1.316
3.116,-0.973
2.909,-2.044
3.022,-3.056
3.015,-3.506
2.801,-3.141
2.898,-2.365
2.698,-1.0
2.809,-3.178
2.793,-1.455
2.614,-1.233
2.498,-1.945
2.479,-3.46
2.336,0.281
2.262,-3.494
2.391,-2.24
2.347,-2.504
2.188,-0.527
2.106,-2.512
2.022,-3.289
1.822,-0.886
1.503,-0.67
1.456,-1.757
1.566,-0.796
1.378,-2.212
1.36,-0.848
1.279,-0.615
1.237,-1.064
1.344,-3.323
1.19,-1.458
1.267,-2.446
1.242,-3.437
1.177,-2.914
1.0,-1.206
0.83,-2.491
0.542,-2.104
0.51,-0.989
0.579,-0.603
0.547,-1.026
0.398,-0.9
0.386,-1.761
0.33,-1.148
0.36,-2.207
0.311,-3.418
-0.011,-3.446
-0.067,-3.563
-0.292,-3.745
-0.23,-3.815
-1.919,-3.873
-2.027,-3.839
-2.18,-3.643
-2.164,-3.6
-2.386,-3.706
-2.857,-3.711
-2.939,-3.697
1.023,-3.736
0.426,-3.563
0.283,-3.934
-0.659,0.569
-0.625,0.53
-0.82,0.809
-0.912,0.754
-1.337,0.803
-1.234,0.704
-1.944,0.439
-1.788,0.793
-1.999,0.753
-2.108,0.819
-2.787,0.765
2.86,0.768
1.979,0.598
2.066,0.703
1.713,0.879
1.594,0.865
0.918,0.501
0.882,0.857
0.582,0.889
0.549,0.714
0.492,0.608
-0.196,-2.63
-1.257,-1.97
-1.368,-2.209
-1.68,-2.978
2.339,-0.429
2.185,-1.87
2.159,-1.65
1.407,-0.95
0.636,-3.46
-2.42,-0.213
2.539,-1.603
1.958,-0.788
2.006,-1.251
1.588,-2.389
1.323,-1.614
1.382,-0.726
1.037,-1.997
0.931,-0.705
0.717,-0.574
0.683,-0.432
-2.951,-1.683
-3.079,-0.41
1.813,-2.704
-1.101,-3.584
1.714,-3.409
1.357,-3.294
-0.011,-0.827
-0.04,-0.945
-0.182,2.236
-0.198,-1.207
-0.412,-0.494
-0.513,-0.543
-0.515,-0.089
-0.51,0.68
-0.822,1.267
-0.827,-0.276
-0.739,-1.421
-0.815,1.304
-0.893,-1.114
-0.998,-0.807
-1.009,0.937
-1.136,0.455
-1.126,-0.367
-1.086,0.95
-1.104,-0.091
-1.114,0.8
-1.327,2.548
-1.208,1.256
-1.358,0.815
-1.36,-0.272
-1.286,0.123
-1.343,0.877
-1.837,2.499
-1.849,0.198
-1.88,-1.38
-2.075,0.139
-2.143,-1.161
-2.367,-1.378
-2.399,0.793
-2.327,0.556
-2.395,2.013
-2.49,1.579
-2.655,0.095
-2.655,1.572
-2.696,1.475
-2.923,0.325
-3.139,1.503
3.07,-1.019
3.007,0.765
2.987,1.108
2.78,0.037
2.893,-0.975
2.886,-1.425
2.672,-1.06
2.769,-0.284
2.569,1.081
2.68,-1.097
2.664,0.626
2.485,0.848
2.369,0.136
2.35,-1.379
2.207,2.362
2.133,-1.413
2.262,-0.159
2.218,-0.423
2.059,1.554
1.977,-0.431
1.893,-1.208
1.693,1.195
1.374,1.411
1.327,0.324
1.437,1.285
1.249,-0.131
1.231,1.233
1.15,1.466
1.108,1.017
1.215,-1.242
1.061,0.623
1.138,-0.365
1.113,-1.356
1.048,-0.833
0.871,0.875
0.701,-0.41
0.413,-0.023
0.381,1.092
0.45,1.478
0.418,1.055
0.269,1.181
0.257,0.32
0.201,0.933
0.231,-0.126
0.182,-1.337
-0.14,-1.365
-0.196,-1.482
-0.421,-1.664
-0.359,-1.734
-2.048,-1.792
-2.156,-1.758
-2.309,-1.562
-2.293,-1.519
-2.515,-1.625
-2.986,-1.63
-3.068,-1.616
0.894,-1.655
0.297,-1.482
0.154,-1.853
-0.788,2.65
-0.754,2.611
-0.949,2.89
-1.041,2.835
-1.466,2.884
-1.363,2.785
-2.073,2.52
-1.917,2.874
-2.128,2.834
-2.237,2.9
-2.916,2.846
2.731,2.849
1.85,2.679
1.937,2.784
1.584,2.96
1.465,2.946
0.789,2.582
0.753,2.938
0.453,2.97
0.42,2.795
0.363,2.689
-0.325,-0.549
-1.386,0.111
-1.497,-0.128
-1.809,-0.897
2.21,1.652
2.056,0.211
2.03,0.431
1.278,1.131
0.507,-1.379
-2.549,1.868
2.41,0.478
1.829,1.293
1.877,0.83
1.459,-0.308
1.194,0.467
1.253,1.355
0.908,0.084
0.802,1.376
0.588,1.507
0.554,1.649
-3.08,0.398
3.075,1.671
1.684,-0.623
-1.23,-1.503
1.585,-1.328
1.228,-1.213
-0.029,-0.118
-0.171,3.063
-0.187,-0.38
-0.401,0.333
-0.502,0.284
-0.504,0.738
-0.499,1.507
-0.811,2.094
-0.816,0.551
-0.728,-0.594
-0.804,2.131
-0.882,-0.287
-0.987,0.02
-0.998,1.764
-1.125,1.282
-1.115,0.46
-1.075,1.777
-1.093,0.736
-1.103,1.627
-1.316,3.375
-1.197,2.083
-1.347,1.642
-1.349,0.555
-1.275,0.95
-1.332,1.704
-1.826,3.326
-1.838,1.025
-1.869,-0.553
-2.064,0.966
-2.132,-0.334
-2.356,-0.551
-2.388,1.62
-2.316,1.383
-2.384,2.84
-2.479,2.406
-2.644,0.922
-2.644,2.399
-2.685,2.302
-2.912,1.152
-3.128,2.33
3.081,-0.192
3.018,1.592
2.998,1.935
2.791,0.864
2.904,-0.148
2.897,-0.598
2.683,-0.233
2.78,0.543
2.58,1.908
2.691,-0.27
2.675,1.453
2.496,1.675
2.38,0.963
2.361,-0.552
2.218,3.189
2.144,-0.586
2.273,0.668
2.229,0.404
2.07,2.381
1.988,0.396
1.904,-0.381
1.704,2.022
1.385,2.238
1.338,1.151
1.448,2.112
1.26,0.696
1.242,2.06
1.161,2.293
1.119,1.844
1.226,-0.415
1.072,1.45
1.149,0.462
1.124,-0.529
1.059,-0.006
0.882,1.702
0.712,0.417
0.424,0.804
0.392,1.919
0.461,2.305
0.429,1.882
0.28,2.008
0.268,1.147
0.212,1.76
0.242,0.701
0.193,-0.51
-0.129,-0.538
-0.185,-0.655
-0.41,-0.837
-0.348,-0.907
-2.037,-0.965
-2.145,-0.931
-2.298,-0.735
-2.282,-0.692
-2.504,-0.798
-2.975,-0.803
-3.057,-0.789
0.905,-0.828
0.308,-0.655
0.165,-1.026
-0.777,3.477
-0.743,3.438
-0.938,3.717
-1.03,3.662
-1.455,3.711
-1.352,3.612
-2.062,3.347
-1.906,3.701
-2.117,3.661
-2.226,3.727
-2.905,3.673
2.742,3.676
1.861,3.506
1.948,3.611
1.595,3.787
1.476,3.773
0.8,3.409
0.764,3.765
0.464,3.797
0.431,3.622
0.374,3.516
-0.314,0.278
-1.375,0.938
-1.486,0.699
-1.798,-0.07
2.221,2.479
2.067,1.038
2.041,1.258
1.289,1.958
0.518,-0.552
-2.538,2.695
2.421,1.305
1.84,2.12
1.888,1.657
1.47,0.519
1.205,1.294
1.264,2.182
0.919,0.911
0.813,2.203
0.599,2.334
0.565,2.476
-3.069,1.225
3.086,2.498
1.695,0.204
-1.219,-0.676
1.596,-0.501
1.239,-0.386
-0.142,3.181
-0.158,-0.262
-0.372,0.451
-0.473,0.402
-0.475,0.856
-0.47,1.625
-0.782,2.212
-0.787,0.669
-0.699,-0.476
-0.775,2.249
-0.853,-0.169
-0.958,0.138
-0.969,1.882
-1.096,1.4
-1.086,0.578
-1.046,1.895
-1.064,0.854
-1.074,1.745
-1.287,3.493
-1.168,2.201
-1.318,1.76
-1.32,0.673
-1.246,1.068
-1.303,1.822
-1.797,3.444
-1.809,1.143
-1.84,-0.435
-2.035,1.084
-2.103,-0.216
-2.327,-0.433
-2.359,1.738
-2.287,1.501
-2.355,2.958
-2.45,2.524
-2.615,1.04
-2.615,2.517
-2.656,2.42
-2.883,1.27
-3.099,2.448
3.11,-0.074
3.047,1.71
3.027,2.053
2.82,0.982
2.933,-0.03
2.926,-0.48
2.712,-0.115
2.809,0.661
2.609,2.026
2.72,-0.152
2.704,1.571
2.525,1.793
2.409,1.081
2.39,-0.434
2.247,3.307
2.173,-0.468
2.302,0.786
2.258,0.522
2.099,2.499
2.017,0.514
1.933,-0.263
1.733,2.14
1.414,2.356
1.367,1.269
1.477,2.23
1.289,0.814
1.271,2.178
1.19,2.411
1.148,1.962
1.255,-0.297
1.101,1.568
1.178,0.58
1.153,-0.411
1.088,0.112
0.911,1.82
0.741,0.535
0.453,0.922
0.421,2.037
0.49,2.423
0.458,2.0
0.309,2.126
0.297,1.265
0.241,1.878
0.271,0.819
0.222,-0.392
-0.1,-0.42
-0.156,-0.537
-0.381,-0.719
-0.319,-0.789
-2.008,-0.847
-2.116,-0.813
-2.269,-0.617
-2.253,-0.574
-2.475,-0.68
-2.946,-0.685
-3.028,-0.671
0.934,-0.71
0.337,-0.537
0.194,-0.908
-0.748,3.595
-0.714,3.556
-0.909,3.835
-1.001,3.78
-1.426,3.829
-1.323,3.73
-2.033,3.465
-1.877,3.819
-2.088,3.779
-2.197,3.845
-2.876,3.791
2.771,3.794
1.89,3.624
1.977,3.729
1.624,3.905
1.505,3.891
0.829,3.527
0.793,3.883
0.493,3.915
0.46,3.74
0.403,3.634
-0.285,0.396
-1.346,1.056
-1.457,0.817
-1.769,0.048
2.25,2.597
2.096,1.156
2.07,1.376
1.318,2.076
0.547,-0.434
-2.509,2.813
2.45,1.423
1.869,2.238
1.917,1.775
1.499,0.637
1.234,1.412
1.293,2.3
0.948,1.029
0.842,2.321
0.628,2.452
0.594,2.594
-3.04,1.343
3.115,2.616
1.724,0.322
-1.19,-0.558
1.625,-0.383
1.268,-0.268
-0.016,-3.443
-0.23,-2.73
-0.331,-2.779
-0.333,-2.325
-0.328,-1.556
-0.64,-0.969
-0.645,-2.512
-0.557,-3.657
-0.633,-0.932
-0.711,-3.35
-0.816,-3.043
-0.827,-1.299
-0.954,-1.781
-0.944,-2.603
-0.904,-1.286
-0.922,-2.327
-0.932,-1.436
-1.145,0.312
-1.026,-0.98
-1.176,-1.421
-1.178,-2.508
-1.104,-2.113
-1.161,-1.359
-1.655,0.263
-1.667,-2.038
-1.698,-3.616
-1.893,-2.097
-1.961,-3.397
-2.185,-3.614
-2.217,-1.443
-2.145,-1.68
-2.213,-0.223
-2.308,-0.657
-2.473,-2.141
-2.473,-0.664
-2.514,-0.761
-2.741,-1.911
-2.957,-0.733
-3.031,-3.255
-3.094,-1.471
-3.114,-1.128
2.962,-2.199
3.075,-3.211
3.068,-3.661
2.854,-3.296
2.951,-2.52
2.751,-1.155
2.862,-3.333
2.846,-1.61
2.667,-1.388
2.551,-2.1
2.532,-3.615
2.389,0.126
2.315,-3.649
2.444,-2.395
2.4,-2.659
2.241,-0.682
2.159,-2.667
2.075,-3.444
1.875,-1.041
1.556,-0.825
1.509,-1.912
1.619,-0.951
1.431,-2.367
1.413,-1.003
1.332,-0.77
1.29,-1.219
1.397,-3.478
1.243,-1.613
1.32,-2.601
1.295,-3.592
1.23,-3.069
1.053,-1.361
0.883,-2.646
0.595,-2.259
0.563,-1.144
0.632,-0.758
0.6,-1.181
0.451,-1.055
0.439,-1.916
0.383,-1.303
0.413,-2.362
0.364,-3.573
0.042,-3.601
-0.014,-3.718
-0.239,-3.9
-0.177,-3.97
-1.866,-4.028
-1.974,-3.994
-2.127,-3.798
-2.111,-3.755
-2.333,-3.861
-2.804,-3.866
-2.886,-3.852
1.076,-3.891
0.479,-3.718
0.336,-4.089
-0.606,0.414
-0.572,0.375
-0.767,0.654
-0.859,0.599
-1.284,0.648
-1.181,0.549
-1.891,0.284
-1.735,0.638
-1.946,0.598
-2.055,0.664
-2.734,0.61
2.913,0.613
2.032,0.443
2.119,0.548
1.766,0.724
1.647,0.71
0.971,0.346
0.935,0.702
0.635,0.734
0.602,0.559
0.545,0.453
-0.143,-2.785
-1.204,-2.125
-1.315,-2.364
-1.627,-3.133
2.392,-0.584
2.238,-2.025
2.212,-1.805
1.46,-1.105
0.689,-3.615
-2.367,-0.368
2.592,-1.758
2.011,-0.943
2.059,-1.406
1.641,-2.544
1.376,-1.769
1.435,-0.881
1.09,-2.152
0.984,-0.86
0.77,-0.729
0.736,-0.587
-2.898,-1.838
-3.026,-0.565
1.866,-2.859
-1.048,-3.739
1.767,-3.564
1.41,-3.449
-0.214,0.713
-0.315,0.664
-0.317,1.118
-0.312,1.887
-0.624,2.474
-0.629,0.931
-0.541,-0.214
-0.617,2.511
-0.695,0.093
-0.8,0.4
-0.811,2.144
-0.938,1.662
-0.928,0.84
-0.888,2.157
-0.906,1.116
-0.916,2.007
-1.129,3.755
-1.01,2.463
-1.16,2.022
-1.162,0.935
-1.088,1.33
-1.145,2.084
-1.639,3.706
-1.651,1.405
-1.682,-0.173
-1.877,1.346
-1.945,0.046
-2.169,-0.171
-2.201,2.0
-2.129,1.763
-2.197,3.22
-2.292,2.786
-2.457,1.302
-2.457,2.779
-2.498,2.682
-2.725,1.532
-2.941,2.71
-3.015,0.188
-3.078,1.972
-3.098,2.315
2.978,1.244
3.091,0.232
3.084,-0.218
2.87,0.147
2.967,0.923
2.767,2.288
2.878,0.11
2.862,1.833
2.683,2.055
2.567,1.343
2.548,-0.172
2.405,3.569
2.331,-0.206
2.46,1.048
2.416,0.784
2.257,2.761
2.175,0.776
2.091,-0.001
1.891,2.402
1.572,2.618
1.525,1.531
1.635,2.492
1.447,1.076
1.429,2.44
1.348,2.673
1.306,2.224
1.413,-0.035
1.259,1.83
1.336,0.842
1.311,-0.149
1.246,0.374
1.069,2.082
0.899,0.797
0.611,1.184
0.579,2.299
0.648,2.685
0.616,2.262
0.467,2.388
0.455,1.527
0.399,2.14
0.429,1.081
0.38,-0.13
0.058,-0.158
0.002,-0.275
-0.223,-0.457
-0.161,-0.527
-1.85,-0.585
-1.958,-0.551
-2.111,-0.355
-2.095,-0.312
-2.317,-0.418
-2.788,-0.423
-2.87,-0.409
1.092,-0.448
0.495,-0.275
0.352,-0.646
-0.59,3.857
-0.556,3.818
-0.751,4.097
-0.843,4.042
-1.268,4.091
-1.165,3.992
-1.875,3.727
-1.719,4.081
-1.93,4.041
-2.039,4.107
-2.718,4.053
2.929,4.056
2.048,3.886
2.135,3.991
1.782,4.167
1.663,4.153
0.987,3.789
0.951,4.145
0.651,4.177
0.618,4.002
0.561,3.896
-0.127,0.658
-1.188,1.318
-1.299,1.079
-1.611,0.31
2.408,2.859
2.254,1.418
2.228,1.638
1.476,2.338
0.705,-0.172
-2.351,3.075
2.608,1.685
2.027,2.5
2.075,2.037
1.657,0.899
1.392,1.674
1.451,2.562
1.106,1.291
1.0,2.583
0.786,2.714
0.752,2.856
-2.882,1.605
-3.01,2.878
1.882,0.584
-1.032,-0.296
1.783,-0.121
1.426,-0.006
-0.101,-0.049
-0.103,0.405
-0.098,1.174
-0.41,1.761
-0.415,0.218
-0.327,-0.927
-0.403,1.798
-0.481,-0.62
-0.586,-0.313
-0.597,1.431
-0.724,0.949
-0.714,0.127
-0.674,1.444
-0.692,0.403
-0.702,1.294
-0.915,3.042
-0.796,1.75
-0.946,1.309
-0.948,0.222
-0.874,0.617
-0.931,1.371
-1.425,2.993
-1.437,0.692
-1.468,-0.886
-1.663,0.633
-1.731,-0.667
-1.955,-0.884
-1.987,1.287
-1.915,1.05
-1.983,2.507
-2.078,2.073
-2.243,0.589
-2.243,2.066
-2.284,1.969
-2.511,0.819
-2.727,1.997
-2.801,-0.525
-2.864,1.259
-2.884,1.602
-3.091,0.531
-2.978,-0.481
-2.985,-0.931
3.084,-0.566
-3.102,0.21
2.981,1.575
3.092,-0.603
3.076,1.12
2.897,1.342
2.781,0.63
2.762,-0.885
2.619,2.856
2.545,-0.919
2.674,0.335
2.63,0.071
2.471,2.048
2.389,0.063
2.305,-0.714
2.105,1.689
1.786,1.905
1.739,0.818
1.849,1.779
1.661,0.363
1.643,1.727
1.562,1.96
1.52,1.511
1.627,-0.748
1.473,1.117
1.55,0.129
1.525,-0.862
1.46,-0.339
1.283,1.369
1.113,0.084
0.825,0.471
0.793,1.586
0.862,1.972
0.83,1.549
0.681,1.675
0.669,0.814
0.613,1.427
0.643,0.368
0.594,-0.843
0.272,-0.871
0.216,-0.988
-0.009,-1.17
0.053,-1.24
-1.636,-1.298
-1.744,-1.264
-1.897,-1.068
-1.881,-1.025
-2.103,-1.131
-2.574,-1.136
-2.656,-1.122
1.306,-1.161
0.709,-0.988
0.566,-1.359
-0.376,3.144
-0.342,3.105
-0.537,3.384
-0.629,3.329
-1.054,3.378
-0.951,3.279
-1.661,3.014
-1.505,3.368
-1.716,3.328
-1.825,3.394
-2.504,3.34
-3.14,3.343
2.262,3.173
2.349,3.278
1.996,3.454
1.877,3.44
1.201,3.076
1.165,3.432
0.865,3.464
0.832,3.289
0.775,3.183
0.087,-0.055
-0.974,0.605
-1.085,0.366
-1.397,-0.403
2.622,2.146
2.468,0.705
2.442,0.925
1.69,1.625
0.919,-0.885
-2.137,2.362
2.822,0.972
2.241,1.787
2.289,1.324
1.871,0.186
1.606,0.961
1.665,1.849
1.32,0.578
1.214,1.87
1.0,2.001
0.966,2.143
-2.668,0.892
-2.796,2.165
2.096,-0.129
-0.818,-1.009
1.997,-0.834
1.64,-0.719
-0.002,0.454
0.003,1.223
-0.309,1.81
-0.314,0.267
-0.226,-0.878
-0.302,1.847
-0.38,-0.571
-0.485,-0.264
-0.496,1.48
-0.623,0.998
-0.613,0.176
-0.573,1.493
-0.591,0.452
-0.601,1.343
-0.814,3.091
-0.695,1.799
-0.845,1.358
-0.847,0.271
-0.773,0.666
-0.83,1.42
-1.324,3.042
-1.336,0.741
-1.367,-0.837
-1.562,0.682
-1.63,-0.618
-1.854,-0.835
-1.886,1.336
-1.814,1.099
-1.882,2.556
-1.977,2.122
-2.142,0.638
-2.142,2.115
-2.183,2.018
-2.41,0.868
-2.626,2.046
-2.7,-0.476
-2.763,1.308
-2.783,1.651
-2.99,0.58
-2.877,-0.432
-2.884,-0.882
-3.098,-0.517
-3.001,0.259
3.082,1.624
-3.09,-0.554
-3.106,1.169
2.998,1.391
2.882,0.679
2.863,-0.836
2.72,2.905
2.646,-0.87
2.775,0.384
2.731,0.12
2.572,2.097
2.49,0.112
2.406,-0.665
2.206,1.738
1.887,1.954
1.84,0.867
1.95,1.828
1.762,0.412
1.744,1.776
1.663,2.009
1.621,1.56
1.728,-0.699
1.574,1.166
1.651,0.178
1.626,-0.813
1.561,-0.29
1.384,1.418
1.214,0.133
0.926,0.52
0.894,1.635
0.963,2.021
0.931,1.598
0.782,1.724
0.77,0.863
0.714,1.476
0.744,0.417
0.695,-0.794
0.373,-0.822
0.317,-0.939
0.092,-1.121
0.154,-1.191
-1.535,-1.249
-1.643,-1.215
-1.796,-1.019
-1.78,-0.976
-2.002,-1.082
-2.473,-1.087
-2.555,-1.073
1.407,-1.112
0.81,-0.939
0.667,-1.31
-0.275,3.193
-0.241,3.154
-0.436,3.433
-0.528,3.378
-0.953,3.427
-0.85,3.328
-1.56,3.063
-1.404,3.417
-1.615,3.377
-1.724,3.443
-2.403,3.389
-3.039,3.392
2.363,3.222
2.45,3.327
2.097,3.503
1.978,3.489
1.302,3.125
1.266,3.481
0.966,3.513
0.933,3.338
0.876,3.232
0.188,-0.006
-0.873,0.654
-0.984,0.415
-1.296,-0.354
2.723,2.195
2.569,0.754
2.543,0.974
1.791,1.674
1.02,-0.836
-2.036,2.411
2.923,1.021
2.342,1.836
2.39,1.373
1.972,0.235
1.707,1.01
1.766,1.898
1.421,0.627
1.315,1.919
1.101,2.05
1.067,2.192
-2.567,0.941
-2.695,2.214
2.197,-0.08
-0.717,-0.96
2.098,-0.785
1.741,-0.67
0.005,0.769
-0.307,1.356
-0.312,-0.187
-0.224,-1.332
-0.3,1.393
-0.378,-1.025
-0.483,-0.718
-0.494,1.026
-0.621,0.544
-0.611,-0.278
-0.571,1.039
-0.589,-0.002
-0.599,0.889
-0.812,2.637
-0.693,1.345
-0.843,0.904
-0.845,-0.183
-0.771,0.212
-0.828,0.966
-1.322,2.588
-1.334,0.287
-1.365,-1.291
-1.56,0.228
-1.628,-1.072
-1.852,-1.289
-1.884,0.882
-1.812,0.645
-1.88,2.102
-1.975,1.668
-2.14,0.184
-2.14,1.661
-2.181,1.564
-2.408,0.414
-2.624,1.592
-2.698,-0.93
-2.761,0.854
-2.781,1.197
-2.988,0.126
-2.875,-0.886
-2.882,-1.336
-3.096,-0.971
-2.999,-0.195
3.084,1.17
-3.088,-1.008
-3.104,0.715
3.0,0.937
2.884,0.225
2.865,-1.29
2.722,2.451
2.648,-1.324
2.777,-0.07
2.733,-0.334
2.574,1.643
2.492,-0.342
2.408,-1.119
2.208,1.284
1.889,1.5
1.842,0.413
1.952,1.374
1.764,-0.042
1.746,1.322
1.665,1.555
1.623,1.106
1.73,-1.153
1.576,0.712
1.653,-0.276
1.628,-1.267
1.563,-0.744
1.386,0.964
1.216,-0.321
0.928,0.066
0.896,1.181
0.965,1.567
0.933,1.144
0.784,1.27
0.772,0.409
0.716,1.022
0.746,-0.037
0.697,-1.248
0.375,-1.276
0.319,-1.393
0.094,-1.575
0.156,-1.645
-1.533,-1.703
-1.641,-1.669
-1.794,-1.473
-1.778,-1.43
-2.0,-1.536
-2.471,-1.541
-2.553,-1.527
1.409,-1.566
0.812,-1.393
0.669,-1.764
-0.273,2.739
-0.239,2.7
-0.434,2.979
-0.526,2.924
-0.951,2.973
-0.848,2.874
-1.558,2.609
-1.402,2.963
-1.613,2.923
-1.722,2.989
-2.401,2.935
-3.037,2.938
2.365,2.768
2.452,2.873
2.099,3.049
1.98,3.035
1.304,2.671
1.268,3.027
0.968,3.059
0.935,2.884
0.878,2.778
0.19,-0.46
-0.871,0.2
-0.982,-0.039
-1.294,-0.808
2.725,1.741
2.571,0.3
2.545,0.52
1.793,1.22
1.022,-1.29
-2.034,1.957
2.925,0.567
2.344,1.382
2.392,0.919
1.974,-0.219
1.709,0.556
1.768,1.444
1.423,0.173
1.317,1.465
1.103,1.596
1.069,1.738
-2.565,0.487
-2.693,1.76
2.199,-0.534
-0.715,-1.414
2.1,-1.239
1.743,-1.124
-0.312,0.587
-0.317,-0.956
-0.229,-2.101
-0.305,0.624
-0.383,-1.794
-0.488,-1.487
-0.499,0.257
-0.626,-0.225
-0.616,-1.047
-0.576,0.27
-0.594,-0.771
-0.604,0.12
-0.817,1.868
-0.698,0.576
-0.848,0.135
-0.85,-0.952
-0.776,-0.557
-0.833,0.197
-1.327,1.819
-1.339,-0.482
-1.37,-2.06
-1.565,-0.541
-1.633,-1.841
-1.857,-2.058
-1.889,0.113
-1.817,-0.124
-1.885,1.333
-1.98,0.899
-2.145,-0.585
-2.145,0.892
-2.186,0.795
-2.413,-0.355
-2.629,0.823
-2.703,-1.699
-2.766,0.085
-2.786,0.428
-2.993,-0.643
-2.88,-1.655
-2.887,-2.105
-3.101,-1.74
-3.004,-0.964
3.079,0.401
-3.093,-1.777
-3.109,-0.054
2.995,0.168
2.879,-0.544
2.86,-2.059
2.717,1.682
2.643,-2.093
2.772,-0.839
2.728,-1.103
2.569,0.874
2.487,-1.111
2.403,-1.888
2.203,0.515
1.884,0.731
1.837,-0.356
1.947,0.605
1.759,-0.811
1.741,0.553
1.66,0.786
1.618,0.337
1.725,-1.922
1.571,-0.057
1.648,-1.045
1.623,-2.036
1.558,-1.513
1.381,0.195
1.211,-1.09
0.923,-0.703
0.891,0.412
0.96,0.798
0.928,0.375
0.779,0.501
0.767,-0.36
0.711,0.253
0.741,-0.806
0.692,-2.017
0.37,-2.045
0.314,-2.162
0.089,-2.344
0.151,-2.414
-1.538,-2.472
-1.646,-2.438
-1.799,-2.242
-1.783,-2.199
-2.005,-2.305
-2.476,-2.31
-2.558,-2.296
1.404,-2.335
0.807,-2.162
0.664,-2.533
-0.278,1.97
-0.244,1.931
-0.439,2.21
-0.531,2.155
-0.956,2.204
-0.853,2.105
-1.563,1.84
-1.407,2.194
-1.618,2.154
-1.727,2.22
-2.406,2.166
-3.042,2.169
2.36,1.999
2.447,2.104
2.094,2.28
1.975,2.266
1.299,1.902
1.263,2.258
0.963,2.29
0.93,2.115
0.873,2.009
0.185,-1.229
-0.876,-0.569
-0.987,-0.808
-1.299,-1.577
2.72,0.972
2.566,-0.469
2.54,-0.249
1.788,0.451
1.017,-2.059
-2.039,1.188
2.92,-0.202
2.339,0.613
2.387,0.15
1.969,-0.988
1.704,-0.213
1.763,0.675
1.418,-0.596
1.312,0.696
1.098,0.827
1.064,0.969
-2.57,-0.282
-2.698,0.991
2.194,-1.303
-0.72,-2.183
2.095,-2.008
1.738,-1.893
-0.005,-1.543
0.083,-2.688
0.007,0.037
-0.071,-2.381
-0.176,-2.074
-0.187,-0.33
-0.314,-0.812
-0.304,-1.634
-0.264,-0.317
-0.282,-1.358
-0.292,-0.467
-0.505,1.281
-0.386,-0.011
-0.536,-0.452
-0.538,-1.539
-0.464,-1.144
-0.521,-0.39
-1.015,1.232
-1.027,-1.069
-1.058,-2.647
-1.253,-1.128
-1.321,-2.428
-1.545,-2.645
-1.577,-0.474
-1.505,-0.711
-1.573,0.746
-1.668,0.312
-1.833,-1.172
-1.833,0.305
-1.874,0.208
-2.101,-0.942
-2.317,0.236
-2.391,-2.286
-2.454,-0.502
-2.474,-0.159
-2.681,-1.23
-2.568,-2.242
-2.575,-2.692
-2.789,-2.327
-2.692,-1.551
-2.892,-0.186
-2.781,-2.364
-2.797,-0.641
-2.976,-0.419
-3.092,-1.131
-3.111,-2.646
3.029,1.095
2.955,-2.68
3.084,-1.426
3.04,-1.69
2.881,0.287
2.799,-1.698
2.715,-2.475
2.515,-0.072
2.196,0.144
2.149,-0.943
2.259,0.018
2.071,-1.398
2.053,-0.034
1.972,0.199
1.93,-0.25
2.037,-2.509
1.883,-0.644
1.96,-1.632
1.935,-2.623
1.87,-2.1
1.693,-0.392
1.523,-1.677
1.235,-1.29
1.203,-0.175
1.272,0.211
1.24,-0.212
1.091,-0.086
1.079,-0.947
1.023,-0.334
1.053,-1.393
1.004,-2.604
0.682,-2.632
0.626,-2.749
0.401,-2.931
0.463,-3.001
-1.226,-3.059
-1.334,-3.025
-1.487,-2.829
-1.471,-2.786
-1.693,-2.892
-2.164,-2.897
-2.246,-2.883
1.716,-2.922
1.119,-2.749
0.976,-3.12
0.034,1.383
0.068,1.344
-0.127,1.623
-0.219,1.568
-0.644,1.617
-0.541,1.518
-1.251,1.253
-1.095,1.607
-1.306,1.567
-1.415,1.633
-2.094,1.579
-2.73,1.582
2.672,1.412
2.759,1.517
2.406,1.693
2.287,1.679
1.611,1.315
1.575,1.671
1.275,1.703
1.242,1.528
1.185,1.422
0.497,-1.816
-0.564,-1.156
-0.675,-1.395
-0.987,-2.164
3.032,0.385
2.878,-1.056
2.852,-0.836
2.1,-0.136
1.329,-2.646
-1.727,0.601
-3.051,-0.789
2.651,0.026
2.699,-0.437
2.281,-1.575
2.016,-0.8
2.075,0.088
1.73,-1.183
1.624,0.109
1.41,0.24
1.376,0.382
-2.258,-0.869
-2.386,0.404
2.506,-1.89
-0.408,-2.77
2.407,-2.595
2.05,-2.48
0.088,-1.145
0.012,1.58
-0.066,-0.838
-0.171,-0.531
-0.182,1.213
-0.309,0.731
-0.299,-0.091
-0.259,1.226
-0.277,0.185
-0.287,1.076
-0.5,2.824
-0.381,1.532
-0.531,1.091
-0.533,0.004
-0.459,0.399
-0.516,1.153
-1.01,2.775
-1.022,0.474
-1.053,-1.104
-1.248,0.415
-1.316,-0.885
-1.54,-1.102
-1.572,1.069
-1.5,0.832
-1.568,2.289
-1.663,1.855
-1.828,0.371
-1.828,1.848
-1.869,1.751
-2.096,0.601
-2.312,1.779
-2.386,-0.743
-2.449,1.041
-2.469,1.384
-2.676,0.313
-2.563,-0.699
-2.57,-1.149
-2.784,-0.784
-2.687,-0.008
-2.887,1.357
-2.776,-0.821
-2.792,0.902
-2.971,1.124
-3.087,0.412
-3.106,-1.103
3.034,2.638
2.96,-1.137
3.089,0.117
3.045,-0.147
2.886,1.83
2.804,-0.155
2.72,-0.932
2.52,1.471
2.201,1.687
2.154,0.6
2.264,1.561
2.076,0.145
2.058,1.509
1.977,1.742
1.935,1.293
2.042,-0.966
1.888,0.899
1.965,-0.089
1.94,-1.08
1.875,-0.557
1.698,1.151
1.528,-0.134
1.24,0.253
1.208,1.368
1.277,1.754
1.245,1.331
1.096,1.457
1.084,0.596
1.028,1.209
1.058,0.15
1.009,-1.061
0.687,-1.089
0.631,-1.206
0.406,-1.388
0.468,-1.458
-1.221,-1.516
-1.329,-1.482
-1.482,-1.286
-1.466,-1.243
-1.688,-1.349
-2.159,-1.354
-2.241,-1.34
1.721,-1.379
1.124,-1.206
0.981,-1.577
0.039,2.926
0.073,2.887
-0.122,3.166
-0.214,3.111
-0.639,3.16
-0.536,3.061
-1.246,2.796
-1.09,3.15
-1.301,3.11
-1.41,3.176
-2.089,3.122
-2.725,3.125
2.677,2.955
2.764,3.06
2.411,3.236
2.292,3.222
1.616,2.858
1.58,3.214
1.28,3.246
1.247,3.071
1.19,2.965
0.502,-0.273
-0.559,0.387
-0.67,0.148
-0.982,-0.621
3.037,1.928
2.883,0.487
2.857,0.707
2.105,1.407
1.334,-1.103
-1.722,2.144
-3.046,0.754
2.656,1.569
2.704,1.106
2.286,-0.032
2.021,0.743
2.08,1.631
1.735,0.36
1.629,1.652
1.415,1.783
1.381,1.925
-2.253,0.674
-2.381,1.947
2.511,-0.347
-0.403,-1.227
2.412,-1.052
2.055,-0.937
-0.076,2.725
-0.154,0.307
-0.259,0.614
-0.27,2.358
-0.397,1.876
-0.387,1.054
-0.347,2.371
-0.365,1.33
-0.375,2.221
-0.588,3.969
-0.469,2.677
-0.619,2.236
-0.621,1.149
-0.547,1.544
-0.604,2.298
-1.098,3.92
-1.11,1.619
-1.141,0.041
-1.336,1.56
-1.404,0.26
-1.628,0.043
-1.66,2.214
-1.588,1.977
-1.656,3.434
-1.751,3.0
-1.916,1.516
-1.916,2.993
-1.957,2.896
-2.184,1.746
-2.4,2.924
-2.474,0.402
-2.537,2.186
-2.557,2.529
-2.764,1.458
-2.651,0.446
-2.658,-0.004
-2.872,0.361
-2.775,1.137
-2.975,2.502
-2.864,0.324
-2.88,2.047
-3.059,2.269
3.108,1.557
3.089,0.042
2.946,3.783
2.872,0.008
3.001,1.262
2.957,0.998
2.798,2.975
2.716,0.99
2.632,0.213
2.432,2.616
2.113,2.832
2.066,1.745
2.176,2.706
1.988,1.29
1.97,2.654
1.889,2.887
1.847,2.438
1.954,0.179
1.8,2.044
1.877,1.056
1.852,0.065
1.787,0.588
1.61,2.296
1.44,1.011
1.152,1.398
1.12,2.513
1.189,2.899
1.157,2.476
1.008,2.602
0.996,1.741
0.94,2.354
0.97,1.295
0.921,0.084
0.599,0.056
0.543,-0.061
0.318,-0.243
0.38,-0.313
-1.309,-0.371
-1.417,-0.337
-1.57,-0.141
-1.554,-0.098
-1.776,-0.204
-2.247,-0.209
-2.329,-0.195
1.633,-0.234
1.036,-0.061
0.893,-0.432
-0.049,4.071
-0.015,4.032
-0.21,4.311
-0.302,4.256
-0.727,4.305
-0.624,4.206
-1.334,3.941
-1.178,4.295
-1.389,4.255
-1.498,4.321
-2.177,4.267
-2.813,4.27
2.589,4.1
2.676,4.205
2.323,4.381
2.204,4.367
1.528,4.003
1.492,4.359
1.192,4.391
1.159,4.216
1.102,4.11
0.414,0.872
-0.647,1.532
-0.758,1.293
-1.07,0.524
2.949,3.073
2.795,1.632
2.769,1.852
2.017,2.552
1.246,0.042
-1.81,3.289
-3.134,1.899
2.568,2.714
2.616,2.251
2.198,1.113
1.933,1.888
1.992,2.776
1.647,1.505
1.541,2.797
1.327,2.928
1.293,3.07
-2.341,1.819
-2.469,3.092
2.423,0.798
-0.491,-0.082
2.324,0.093
1.967,0.208
-0.078,-2.418
-0.183,-2.111
-0.194,-0.367
-0.321,-0.849
-0.311,-1.671
-0.271,-0.354
-0.289,-1.395
-0.299,-0.504
-0.512,1.244
-0.393,-0.048
-0.543,-0.489
-0.545,-1.576
-0.471,-1.181
-0.528,-0.427
-1.022,1.195
-1.034,-1.106
-1.065,-2.684
-1.26,-1.165
-1.328,-2.465
-1.552,-2.682
-1.584,-0.511
-1.512,-0.748
-1.58,0.709
-1.675,0.275
-1.84,-1.209
-1.84,0.268
-1.881,0.171
-2.108,-0.979
-2.324,0.199
-2.398,-2.323
-2.461,-0.539
-2.481,-0.196
-2.688,-1.267
-2.575,-2.279
-2.582,-2.729
-2.796,-2.364
-2.699,-1.588
-2.899,-0.223
-2.788,-2.401
-2.804,-0.678
-2.983,-0.456
-3.099,-1.168
-3.118,-2.683
3.022,1.058
2.948,-2.717
3.077,-1.463
3.033,-1.727
2.874,0.25
2.792,-1.735
2.708,-2.512
2.508,-0.109
2.189,0.107
2.142,-0.98
2.252,-0.019
2.064,-1.435
2.046,-0.071
1.965,0.162
1.923,-0.287
2.03,-2.546
1.876,-0.681
1.953,-1.669
1.928,-2.66
1.863,-2.137
1.686,-0.429
1.516,-1.714
1.228,-1.327
1.196,-0.212
1.265,0.174
1.233,-0.249
1.084,-0.123
1.072,-0.984
1.016,-0.371
1.046,-1.43
0.997,-2.641
0.675,-2.669
0.619,-2.786
0.394,-2.968
0.456,-3.038
-1.233,-3.096
-1.341,-3.062
-1.494,-2.866
-1.478,-2.823
-1.7,-2.929
-2.171,-2.934
-2.253,-2.92
1.709,-2.959
1.112,-2.786
0.969,-3.157
0.027,1.346
0.061,1.307
-0.134,1.586
-0.226,1.531
-0.651,1.58
-0.548,1.481
-1.258,1.216
-1.102,1.57
-1.313,1.53
-1.422,1.596
-2.101,1.542
-2.737,1.545
2.665,1.375
2.752,1.48
2.399,1.656
2.28,1.642
1.604,1.278
1.568,1.634
1.268,1.666
1.235,1.491
1.178,1.385
0.49,-1.853
-0.571,-1.193
-0.682,-1.432
-0.994,-2.201
3.025,0.348
2.871,-1.093
2.845,-0.873
2.093,-0.173
1.322,-2.683
-1.734,0.564
-3.058,-0.826
2.644,-0.011
2.692,-0.474
2.274,-1.612
2.009,-0.837
2.068,0.051
1.723,-1.22
1.617,0.072
1.403,0.203
1.369,0.345
-2.265,-0.906
-2.393,0.367
2.499,-1.927
-0.415,-2.807
2.4,-2.632
2.043,-2.517
-0.105,0.307
-0.116,2.051
-0.243,1.569
-0.233,0.747
-0.193,2.064
-0.211,1.023
-0.221,1.914
-0.434,3.662
-0.315,2.37
-0.465,1.929
-0.467,0.842
-0.393,1.237
-0.45,1.991
-0.944,3.613
-0.956,1.312
-0.987,-0.266
-1.182,1.253
-1.25,-0.047
-1.474,-0.264
-1.506,1.907
-1.434,1.67
-1.502,3.127
-1.597,2.693
-1.762,1.209
-1.762,2.686
-1.803,2.589
-2.03,1.439
-2.246,2.617
-2.32,0.095
-2.383,1.879
-2.403,2.222
-2.61,1.151
-2.497,0.139
-2.504,-0.311
-2.718,0.054
-2.621,0.83
-2.821,2.195
-2.71,0.017
-2.726,1.74
-2.905,1.962
-3.021,1.25
-3.04,-0.265
3.1,3.476
3.026,-0.299
-3.128,0.955
3.111,0.691
2.952,2.668
2.87,0.683
2.786,-0.094
2.586,2.309
2.267,2.525
2.22,1.438
2.33,2.399
2.142,0.983
2.124,2.347
2.043,2.58
2.001,2.131
2.108,-0.128
1.954,1.737
2.031,0.749
2.006,-0.242
1.941,0.281
1.764,1.989
1.594,0.704
1.306,1.091
1.274,2.206
1.343,2.592
1.311,2.169
1.162,2.295
1.15,1.434
1.094,2.047
1.124,0.988
1.075,-0.223
0.753,-0.251
0.697,-0.368
0.472,-0.55
0.534,-0.62
-1.155,-0.678
-1.263,-0.644
-1.416,-0.448
-1.4,-0.405
-1.622,-0.511
-2.093,-0.516
-2.175,-0.502
1.787,-0.541
1.19,-0.368
1.047,-0.739
0.105,3.764
0.139,3.725
-0.056,4.004
-0.148,3.949
-0.573,3.998
-0.47,3.899
-1.18,3.634
-1.024,3.988
-1.235,3.948
-1.344,4.014
-2.023,3.96
-2.659,3.963
2.743,3.793
2.83,3.898
2.477,4.074
2.358,4.06
1.682,3.696
1.646,4.052
1.346,4.084
1.313,3.909
1.256,3.803
0.568,0.565
-0.493,1.225
-0.604,0.986
-0.916,0.217
3.103,2.766
2.949,1.325
2.923,1.545
2.171,2.245
1.4,-0.265
-1.656,2.982
-2.98,1.592
2.722,2.407
2.77,1.944
2.352,0.806
2.087,1.581
2.146,2.469
1.801,1.198
1.695,2.49
1.481,2.621
1.447,2.763
-2.187,1.512
-2.315,2.785
2.577,0.491
-0.337,-0.389
2.478,-0.214
2.121,-0.099
-0.011,1.744
-0.138,1.262
-0.128,0.44
-0.088,1.757
-0.106,0.716
-0.116,1.607
-0.329,3.355
-0.21,2.063
-0.36,1.622
-0.362,0.535
-0.288,0.93
-0.345,1.684
-0.839,3.306
-0.851,1.005
-0.882,-0.573
-1.077,0.946
-1.145,-0.354
-1.369,-0.571
-1.401,1.6
-1.329,1.363
-1.397,2.82
-1.492,2.386
-1.657,0.902
-1.657,2.379
-1.698,2.282
-1.925,1.132
-2.141,2.31
-2.215,-0.212
-2.278,1.572
-2.298,1.915
-2.505,0.844
-2.392,-0.168
-2.399,-0.618
-2.613,-0.253
-2.516,0.523
-2.716,1.888
-2.605,-0.29
-2.621,1.433
-2.8,1.655
-2.916,0.943
-2.935,-0.572
-3.078,3.169
3.131,-0.606
-3.023,0.648
-3.067,0.384
3.057,2.361
2.975,0.376
2.891,-0.401
2.691,2.002
2.372,2.218
2.325,1.131
2.435,2.092
2.247,0.676
2.229,2.04
2.148,2.273
2.106,1.824
2.213,-0.435
2.059,1.43
2.136,0.442
2.111,-0.549
2.046,-0.026
1.869,1.682
1.699,0.397
1.411,0.784
1.379,1.899
1.448,2.285
1.416,1.862
1.267,1.988
1.255,1.127
1.199,1.74
1.229,0.681
1.18,-0.53
0.858,-0.558
0.802,-0.675
0.577,-0.857
0.639,-0.927
-1.05,-0.985
-1.158,-0.951
-1.311,-0.755
-1.295,-0.712
-1.517,-0.818
-1.988,-0.823
-2.07,-0.809
1.892,-0.848
1.295,-0.675
1.152,-1.046
0.21,3.457
0.244,3.418
0.049,3.697
-0.043,3.642
-0.468,3.691
-0.365,3.592
-1.075,3.327
-0.919,3.681
-1.13,3.641
-1.239,3.707
-1.918,3.653
-2.554,3.656
2.848,3.486
2.935,3.591
2.582,3.767
2.463,3.753
1.787,3.389
1.751,3.745
1.451,3.777
1.418,3.602
1.361,3.496
0.673,0.258
-0.388,0.918
-0.499,0.679
-0.811,-0.09
-3.075,2.459
3.054,1.018
3.028,1.238
2.276,1.938
1.505,-0.572
-1.551,2.675
-2.875,1.285
2.827,2.1
2.875,1.637
2.457,0.499
2.192,1.274
2.251,2.162
1.906,0.891
1.8,2.183
1.586,2.314
1.552,2.456
-2.082,1.205
-2.21,2.478
2.682,0.184
-0.232,-0.696
2.583,-0.521
2.226,-0.406
-0.127,-0.482
-0.117,-1.304
-0.077,0.013
-0.095,-1.028
-0.105,-0.137
-0.318,1.611
-0.199,0.319
-0.349,-0.122
-0.351,-1.209
-0.277,-0.814
-0.334,-0.06
-0.828,1.562
-0.84,-0.739
-0.871,-2.317
-1.066,-0.798
-1.134,-2.098
-1.358,-2.315
-1.39,-0.144
-1.318,-0.381
-1.386,1.076
-1.481,0.642
-1.646,-0.842
-1.646,0.635
-1.687,0.538
-1.914,-0.612
-2.13,0.566
-2.204,-1.956
-2.267,-0.172
-2.287,0.171
-2.494,-0.9
-2.381,-1.912
-2.388,-2.362
-2.602,-1.997
-2.505,-1.221
-2.705,0.144
-2.594,-2.034
-2.61,-0.311
-2.789,-0.089
-2.905,-0.801
-2.924,-2.316
-3.067,1.425
-3.141,-2.35
-3.012,-1.096
-3.056,-1.36
3.068,0.617
2.986,-1.368
2.902,-2.145
2.702,0.258
2.383,0.474
2.336,-0.613
2.446,0.348
2.258,-1.068
2.24,0.296
2.159,0.529
2.117,0.08
2.224,-2.179
2.07,-0.314
2.147,-1.302
2.122,-2.293
2.057,-1.77
1.88,-0.062
1.71,-1.347
1.422,-0.96
1.39,0.155
1.459,0.541
1.427,0.118
1.278,0.244
1.266,-0.617
1.21,-0.004
1.24,-1.063
1.191,-2.274
0.869,-2.302
0.813,-2.419
0.588,-2.601
0.65,-2.671
-1.039,-2.729
-1.147,-2.695
-1.3,-2.499
-1.284,-2.456
-1.506,-2.562
-1.977,-2.567
-2.059,-2.553
1.903,-2.592
1.306,-2.419
1.163,-2.79
0.221,1.713
0.255,1.674
0.06,1.953
-0.032,1.898
-0.457,1.947
-0.354,1.848
-1.064,1.583
-0.908,1.937
-1.119,1.897
-1.228,1.963
-1.907,1.909
-2.543,1.912
2.859,1.742
2.946,1.847
2.593,2.023
2.474,2.009
1.798,1.645
1.762,2.001
1.462,2.033
1.429,1.858
1.372,1.752
0.684,-1.486
-0.377,-0.826
-0.488,-1.065
-0.8,-1.834
-3.064,0.715
3.065,-0.726
3.039,-0.506
2.287,0.194
1.516,-2.316
-1.54,0.931
-2.864,-0.459
2.838,0.356
2.886,-0.107
2.468,-1.245
2.203,-0.47
2.262,0.418
1.917,-0.853
1.811,0.439
1.597,0.57
1.563,0.712
-2.071,-0.539
-2.199,0.734
2.693,-1.56
-0.221,-2.44
2.594,-2.265
2.237,-2.15
0.01,-0.822
0.05,0.495
0.032,-0.546
0.022,0.345
-0.191,2.093
-0.072,0.801
-0.222,0.36
-0.224,-0.727
-0.15,-0.332
-0.207,0.422
-0.701,2.044
-0.713,-0.257
-0.744,-1.835
-0.939,-0.316
-1.007,-1.616
-1.231,-1.833
-1.263,0.338
-1.191,0.101
-1.259,1.558
-1.354,1.124
-1.519,-0.36
-1.519,1.117
-1.56,1.02
-1.787,-0.13
-2.003,1.048
-2.077,-1.474
-2.14,0.31
-2.16,0.653
-2.367,-0.418
-2.254,-1.43
-2.261,-1.88
-2.475,-1.515
-2.378,-0.739
-2.578,0.626
-2.467,-1.552
-2.483,0.171
-2.662,0.393
-2.778,-0.319
-2.797,-1.834
-2.94,1.907
-3.014,-1.868
-2.885,-0.614
-2.929,-0.878
-3.088,1.099
3.113,-0.886
3.029,-1.663
2.829,0.74
2.51,0.956
2.463,-0.131
2.573,0.83
2.385,-0.586
2.367,0.778
2.286,1.011
2.244,0.562
2.351,-1.697
2.197,0.168
2.274,-0.82
2.249,-1.811
2.184,-1.288
2.007,0.42
1.837,-0.865
1.549,-0.478
1.517,0.637
1.586,1.023
1.554,0.6
1.405,0.726
1.393,-0.135
1.337,0.478
1.367,-0.581
1.318,-1.792
0.996,-1.82
0.94,-1.937
0.715,-2.119
0.777,-2.189
-0.912,-2.247
-1.02,-2.213
-1.173,-2.017
-1.157,-1.974
-1.379,-2.08
-1.85,-2.085
-1.932,-2.071
2.03,-2.11
1.433,-1.937
1.29,-2.308
0.348,2.195
0.382,2.156
0.187,2.435
0.095,2.38
-0.33,2.429
-0.227,2.33
-0.937,2.065
-0.781,2.419
-0.992,2.379
-1.101,2.445
-1.78,2.391
-2.416,2.394
2.986,2.224
3.073,2.329
2.72,2.505
2.601,2.491
1.925,2.127
1.889,2.483
1.589,2.515
1.556,2.34
1.499,2.234
0.811,-1.004
-0.25,-0.344
-0.361,-0.583
-0.673,-1.352
-2.937,1.197
-3.091,-0.244
-3.117,-0.024
2.414,0.676
1.643,-1.834
-1.413,1.413
-2.737,0.023
2.965,0.838
3.013,0.375
2.595,-0.763
2.33,0.012
2.389,0.9
2.044,-0.371
1.938,0.921
1.724,1.052
1.69,1.194
-1.944,-0.057
-2.072,1.216
2.82,-1.078
-0.094,-1.958
2.721,-1.783
2.364,-1.668
0.04,1.317
0.022,0.276
0.012,1.167
-0.201,2.915
-0.082,1.623
-0.232,1.182
-0.234,0.095
-0.16,0.49
-0.217,1.244
-0.711,2.866
-0.723,0.565
-0.754,-1.013
-0.949,0.506
-1.017,-0.794
-1.241,-1.011
-1.273,1.16
-1.201,0.923
-1.269,2.38
-1.364,1.946
-1.529,0.462
-1.529,1.939
-1.57,1.842
-1.797,0.692
-2.013,1.87
-2.087,-0.652
-2.15,1.132
-2.17,1.475
-2.377,0.404
-2.264,-0.608
-2.271,-1.058
-2.485,-0.693
-2.388,0.083
-2.588,1.448
-2.477,-0.73
-2.493,0.993
-2.672,1.215
-2.788,0.503
-2.807,-1.012
-2.95,2.729
-3.024,-1.046
-2.895,0.208
-2.939,-0.056
-3.098,1.921
3.103,-0.064
3.019,-0.841
2.819,1.562
2.5,1.778
2.453,0.691
2.563,1.652
2.375,0.236
2.357,1.6
2.276,1.833
2.234,1.384
2.341,-0.875
2.187,0.99
2.264,0.002
2.239,-0.989
2.174,-0.466
1.997,1.242
1.827,-0.043
1.539,0.344
1.507,1.459
1.576,1.845
1.544,1.422
1.395,1.548
1.383,0.687
1.327,1.3
1.357,0.241
1.308,-0.97
0.986,-0.998
0.93,-1.115
0.705,-1.297
0.767,-1.367
-0.922,-1.425
-1.03,-1.391
-1.183,-1.195
-1.167,-1.152
-1.389,-1.258
-1.86,-1.263
-1.942,-1.249
2.02,-1.288
1.423,-1.115
1.28,-1.486
0.338,3.017
0.372,2.978
0.177,3.257
0.085,3.202
-0.34,3.251
-0.237,3.152
-0.947,2.887
-0.791,3.241
-1.002,3.201
-1.111,3.267
-1.79,3.213
-2.426,3.216
2.976,3.046
3.063,3.151
2.71,3.327
2.591,3.313
1.915,2.949
1.879,3.305
1.579,3.337
1.546,3.162
1.489,3.056
0.801,-0.182
-0.26,0.478
-0.371,0.239
-0.683,-0.53
-2.947,2.019
-3.101,0.578
-3.127,0.798
2.404,1.498
1.633,-1.012
-1.423,2.235
-2.747,0.845
2.955,1.66
3.003,1.197
2.585,0.059
2.32,0.834
2.379,1.722
2.034,0.451
1.928,1.743
1.714,1.874
1.68,2.016
-1.954,0.765
-2.082,2.038
2.81,-0.256
-0.104,-1.136
2.711,-0.961
2.354,-0.846
-0.018,-1.041
-0.028,-0.15
-0.241,1.598
-0.122,0.306
-0.272,-0.135
-0.274,-1.222
-0.2,-0.827
-0.257,-0.073
-0.751,1.549
-0.763,-0.752
-0.794,-2.33
-0.989,-0.811
-1.057,-2.111
-1.281,-2.328
-1.313,-0.157
-1.241,-0.394
-1.309,1.063
-1.404,0.629
-1.569,-0.855
-1.569,0.622
-1.61,0.525
-1.837,-0.625
-2.053,0.553
-2.127,-1.969
-2.19,-0.185
-2.21,0.158
-2.417,-0.913
-2.304,-1.925
-2.311,-2.375
-2.525,-2.01
-2.428,-1.234
-2.628,0.131
-2.517,-2.047
-2.533,-0.324
-2.712,-0.102
-2.828,-0.814
-2.847,-2.329
-2.99,1.412
-3.064,-2.363
-2.935,-1.109
-2.979,-1.373
-3.138,0.604
3.063,-1.381
2.979,-2.158
2.779,0.245
2.46,0.461
2.413,-0.626
2.523,0.335
2.335,-1.081
2.317,0.283
2.236,0.516
2.194,0.067
2.301,-2.192
2.147,-0.327
2.224,-1.315
2.199,-2.306
2.134,-1.783
1.957,-0.075
1.787,-1.36
1.499,-0.973
1.467,0.142
1.536,0.528
1.504,0.105
1.355,0.231
1.343,-0.63
1.287,-0.017
1.317,-1.076
1.268,-2.287
0.946,-2.315
0.89,-2.432
0.665,-2.614
0.727,-2.684
-0.962,-2.742
-1.07,-2.708
-1.223,-2.512
-1.207,-2.469
-1.429,-2.575
-1.9,-2.58
-1.982,-2.566
1.98,-2.605
1.383,-2.432
1.24,-2.803
0.298,1.7
0.332,1.661
0.137,1.94
0.045,1.885
-0.38,1.934
-0.277,1.835
-0.987,1.57
-0.831,1.924
-1.042,1.884
-1.151,1.95
-1.83,1.896
-2.466,1.899
2.936,1.729
3.023,1.834
2.67,2.01
2.551,1.996
1.875,1.632
1.839,1.988
1.539,2.02
1.506,1.845
1.449,1.739
0.761,-1.499
-0.3,-0.839
-0.411,-1.078
-0.723,-1.847
-2.987,0.702
-3.141,-0.739
3.116,-0.519
2.364,0.181
1.593,-2.329
-1.463,0.918
-2.787,-0.472
2.915,0.343
2.963,-0.12
2.545,-1.258
2.28,-0.483
2.339,0.405
1.994,-0.866
1.888,0.426
1.674,0.557
1.64,0.699
-1.994,-0.552
-2.122,0.721
2.77,-1.573
-0.144,-2.453
2.671,-2.278
2.314,-2.163
-0.01,0.891
-0.223,2.639
-0.104,1.347
-0.254,0.906
-0.256,-0.181
-0.182,0.214
-0.239,0.968
-0.733,2.59
-0.745,0.289
-0.776,-1.289
-0.971,0.23
-1.039,-1.07
-1.263,-1.287
-1.295,0.884
-1.223,0.647
-1.291,2.104
-1.386,1.67
-1.551,0.186
-1.551,1.663
-1.592,1.566
-1.819,0.416
-2.035,1.594
-2.109,-0.928
-2.172,0.856
-2.192,1.199
-2.399,0.128
-2.286,-0.884
-2.293,-1.334
-2.507,-0.969
-2.41,-0.193
-2.61,1.172
-2.499,-1.006
-2.515,0.717
-2.694,0.939
-2.81,0.227
-2.829,-1.288
-2.972,2.453
-3.046,-1.322
-2.917,-0.068
-2.961,-0.332
-3.12,1.645
3.081,-0.34
2.997,-1.117
2.797,1.286
2.478,1.502
2.431,0.415
2.541,1.376
2.353,-0.04
2.335,1.324
2.254,1.557
2.212,1.108
2.319,-1.151
2.165,0.714
2.242,-0.274
2.217,-1.265
2.152,-0.742
1.975,0.966
1.805,-0.319
1.517,0.068
1.485,1.183
1.554,1.569
1.522,1.146
1.373,1.272
1.361,0.411
1.305,1.024
1.335,-0.035
1.286,-1.246
0.964,-1.274
0.908,-1.391
0.683,-1.573
0.745,-1.643
-0.944,-1.701
-1.052,-1.667
-1.205,-1.471
-1.189,-1.428
-1.411,-1.534
-1.882,-1.539
-1.964,-1.525
1.998,-1.564
1.401,-1.391
1.258,-1.762
0.316,2.741
0.35,2.702
0.155,2.981
0.063,2.926
-0.362,2.975
-0.259,2.876
-0.969,2.611
-0.813,2.965
-1.024,2.925
-1.133,2.991
-1.812,2.937
-2.448,2.94
2.954,2.77
3.041,2.875
2.688,3.051
2.569,3.037
1.893,2.673
1.857,3.029
1.557,3.061
1.524,2.886
1.467,2.78
0.779,-0.458
-0.282,0.202
-0.393,-0.037
-0.705,-0.806
-2.969,1.743
-3.123,0.302
3.134,0.522
2.382,1.222
1.611,-1.288
-1.445,1.959
-2.769,0.569
2.933,1.384
2.981,0.921
2.563,-0.217
2.298,0.558
2.357,1.446
2.012,0.175
1.906,1.467
1.692,1.598
1.658,1.74
-1.976,0.489
-2.104,1.762
2.788,-0.532
-0.126,-1.412
2.689,-1.237
2.332,-1.122
-0.213,1.748
-0.094,0.456
-0.244,0.015
-0.246,-1.072
-0.172,-0.677
-0.229,0.077
-0.723,1.699
-0.735,-0.602
-0.766,-2.18
-0.961,-0.661
-1.029,-1.961
-1.253,-2.178
-1.285,-0.007
-1.213,-0.244
-1.281,1.213
-1.376,0.779
-1.541,-0.705
-1.541,0.772
-1.582,0.675
-1.809,-0.475
-2.025,0.703
-2.099,-1.819
-2.162,-0.035
-2.182,0.308
-2.389,-0.763
-2.276,-1.775
-2.283,-2.225
-2.497,-1.86
-2.4,-1.084
-2.6,0.281
-2.489,-1.897
-2.505,-0.174
-2.684,0.048
-2.8,-0.664
-2.819,-2.179
-2.962,1.562
-3.036,-2.213
-2.907,-0.959
-2.951,-1.223
-3.11,0.754
3.091,-1.231
3.007,-2.008
2.807,0.395
2.488,0.611
2.441,-0.476
2.551,0.485
2.363,-0.931
2.345,0.433
2.264,0.666
2.222,0.217
2.329,-2.042
2.175,-0.177
2.252,-1.165
2.227,-2.156
2.162,-1.633
1.985,0.075
1.815,-1.21
1.527,-0.823
1.495,0.292
1.564,0.678
1.532,0.255
1.383,0.381
1.371,-0.48
1.315,0.133
1.345,-0.926
1.296,-2.137
0.974,-2.165
0.918,-2.282
0.693,-2.464
0.755,-2.534
-0.934,-2.592
-1.042,-2.558
-1.195,-2.362
-1.179,-2.319
-1.401,-2.425
-1.872,-2.43
-1.954,-2.416
2.008,-2.455
1.411,-2.282
1.268,-2.653
0.326,1.85
0.36,1.811
0.165,2.09
0.073,2.035
-0.352,2.084
-0.249,1.985
-0.959,1.72
-0.803,2.074
-1.014,2.034
-1.123,2.1
-1.802,2.046
-2.438,2.049
2.964,1.879
3.051,1.984
2.698,2.16
2.579,2.146
1.903,1.782
1.867,2.138
1.567,2.17
1.534,1.995
1.477,1.889
0.789,-1.349
-0.272,-0.689
-0.383,-0.928
-0.695,-1.697
-2.959,0.852
-3.113,-0.589
-3.139,-0.369
2.392,0.331
1.621,-2.179
-1.435,1.068
-2.759,-0.322
2.943,0.493
2.991,0.03
2.573,-1.108
2.308,-0.333
2.367,0.555
2.022,-0.716
1.916,0.576
1.702,0.707
1.668,0.849
-1.966,-0.402
-2.094,0.871
2.798,-1.423
-0.116,-2.303
2.699,-2.128
2.342,-2.013
0.119,-1.292
-0.031,-1.733
-0.033,-2.82
0.041,-2.425
-0.016,-1.671
-0.51,-0.049
-0.522,-2.35
-0.553,-3.928
-0.748,-2.409
-0.816,-3.709
-1.04,-3.926
-1.072,-1.755
-1.0,-1.992
-1.068,-0.535
-1.163,-0.969
-1.328,-2.453
-1.328,-0.976
-1.369,-1.073
-1.596,-2.223
-1.812,-1.045
-1.886,-3.567
-1.949,-1.783
-1.969,-1.44
-2.176,-2.511
-2.063,-3.523
-2.07,-3.973
-2.284,-3.608
-2.187,-2.832
-2.387,-1.467
-2.276,-3.645
-2.292,-1.922
-2.471,-1.7
-2.587,-2.412
-2.606,-3.927
-2.749,-0.186
-2.823,-3.961
-2.694,-2.707
-2.738,-2.971
-2.897,-0.994
-2.979,-2.979
-3.063,-3.756
3.02,-1.353
2.701,-1.137
2.654,-2.224
2.764,-1.263
2.576,-2.679
2.558,-1.315
2.477,-1.082
2.435,-1.531
2.542,-3.79
2.388,-1.925
2.465,-2.913
2.44,-3.904
2.375,-3.381
2.198,-1.673
2.028,-2.958
1.74,-2.571
1.708,-1.456
1.777,-1.07
1.745,-1.493
1.596,-1.367
1.584,-2.228
1.528,-1.615
1.558,-2.674
1.509,-3.885
1.187,-3.913
1.131,-4.03
0.906,-4.212
0.968,-4.282
-0.721,-4.34
-0.829,-4.306
-0.982,-4.11
-0.966,-4.067
-1.188,-4.173
-1.659,-4.178
-1.741,-4.164
2.221,-4.203
1.624,-4.03
1.481,-4.401
0.539,0.102
0.573,0.063
0.378,0.342
0.286,0.287
-0.139,0.336
-0.036,0.237
-0.746,-0.028
-0.59,0.326
-0.801,0.286
-0.91,0.352
-1.589,0.298
-2.225,0.301
-3.106,0.131
-3.019,0.236
2.911,0.412
2.792,0.398
2.116,0.034
2.08,0.39
1.78,0.422
1.747,0.247
1.69,0.141
1.002,-3.097
-0.059,-2.437
-0.17,-2.676
-0.482,-3.445
-2.746,-0.896
-2.9,-2.337
-2.926,-2.117
2.605,-1.417
1.834,-3.927
-1.222,-0.68
-2.546,-2.07
-3.127,-1.255
-3.079,-1.718
2.786,-2.856
2.521,-2.081
2.58,-1.193
2.235,-2.464
2.129,-1.172
1.915,-1.041
1.881,-0.899
-1.753,-2.15
-1.881,-0.877
3.011,-3.171
0.097,-4.051
2.912,-3.876
2.555,-3.761
-0.15,-0.441
-0.152,-1.528
-0.078,-1.133
-0.135,-0.379
-0.629,1.243
-0.641,-1.058
-0.672,-2.636
-0.867,-1.117
-0.935,-2.417
-1.159,-2.634
-1.191,-0.463
-1.119,-0.7
-1.187,0.757
-1.282,0.323
-1.447,-1.161
-1.447,0.316
-1.488,0.219
-1.715,-0.931
-1.931,0.247
-2.005,-2.275
-2.068,-0.491
-2.088,-0.148
-2.295,-1.219
-2.182,-2.231
-2.189,-2.681
-2.403,-2.316
-2.306,-1.54
-2.506,-0.175
-2.395,-2.353
-2.411,-0.63
-2.59,-0.408
-2.706,-1.12
-2.725,-2.635
-2.868,1.106
-2.942,-2.669
-2.813,-1.415
-2.857,-1.679
-3.016,0.298
-3.098,-1.687
3.101,-2.464
2.901,-0.061
2.582,0.155
2.535,-0.932
2.645,0.029
2.457,-1.387
2.439,-0.023
2.358,0.21
2.316,-0.239
2.423,-2.498
2.269,-0.633
2.346,-1.621
2.321,-2.612
2.256,-2.089
2.079,-0.381
1.909,-1.666
1.621,-1.279
1.589,-0.164
1.658,0.222
1.626,-0.201
1.477,-0.075
1.465,-0.936
1.409,-0.323
1.439,-1.382
1.39,-2.593
1.068,-2.621
1.012,-2.738
0.787,-2.92
0.849,-2.99
-0.84,-3.048
-0.948,-3.014
-1.101,-2.818
-1.085,-2.775
-1.307,-2.881
-1.778,-2.886
-1.86,-2.872
2.102,-2.911
1.505,-2.738
1.362,-3.109
0.42,1.394
0.454,1.355
0.259,1.634
0.167,1.579
-0.258,1.628
-0.155,1.529
-0.865,1.264
-0.709,1.618
-0.92,1.578
-1.029,1.644
-1.708,1.59
-2.344,1.593
3.058,1.423
-3.138,1.528
2.792,1.704
2.673,1.69
1.997,1.326
1.961,1.682
1.661,1.714
1.628,1.539
1.571,1.433
0.883,-1.805
-0.178,-1.145
-0.289,-1.384
-0.601,-2.153
-2.865,0.396
-3.019,-1.045
-3.045,-0.825
2.486,-0.125
1.715,-2.635
-1.341,0.612
-2.665,-0.778
3.037,0.037
3.085,-0.426
2.667,-1.564
2.402,-0.789
2.461,0.099
2.116,-1.172
2.01,0.12
1.796,0.251
1.762,0.393
-1.872,-0.858
-2.0,0.415
2.892,-1.879
-0.022,-2.759
2.793,-2.584
2.436,-2.469
-0.002,-1.087
0.072,-0.692
0.015,0.062
-0.479,1.684
-0.491,-0.617
-0.522,-2.195
-0.717,-0.676
-0.785,-1.976
-1.009,-2.193
-1.041,-0.022
-0.969,-0.259
-1.037,1.198
-1.132,0.764
-1.297,-0.72
-1.297,0.757
-1.338,0.66
-1.565,-0.49
-1.781,0.688
-1.855,-1.834
-1.918,-0.05
-1.938,0.293
-2.145,-0.778
-2.032,-1.79
-2.039,-2.24
-2.253,-1.875
-2.156,-1.099
-2.356,0.266
-2.245,-1.912
-2.261,-0.189
-2.44,0.033
-2.556,-0.679
-2.575,-2.194
-2.718,1.547
-2.792,-2.228
-2.663,-0.974
-2.707,-1.238
-2.866,0.739
-2.948,-1.246
-3.032,-2.023
3.051,0.38
2.732,0.596
2.685,-0.491
2.795,0.47
2.607,-0.946
2.589,0.418
2.508,0.651
2.466,0.202
2.573,-2.057
2.419,-0.192
2.496,-1.18
2.471,-2.171
2.406,-1.648
2.229,0.06
2.059,-1.225
1.771,-0.838
1.739,0.277
1.808,0.663
1.776,0.24
1.627,0.366
1.615,-0.495
1.559,0.118
1.589,-0.941
1.54,-2.152
1.218,-2.18
1.162,-2.297
0.937,-2.479
0.999,-2.549
-0.69,-2.607
-0.798,-2.573
-0.951,-2.377
-0.935,-2.334
-1.157,-2.44
-1.628,-2.445
-1.71,-2.431
2.252,-2.47
1.655,-2.297
1.512,-2.668
0.57,1.835
0.604,1.796
0.409,2.075
0.317,2.02
-0.108,2.069
-0.005,1.97
-0.715,1.705
-0.559,2.059
-0.77,2.019
-0.879,2.085
-1.558,2.031
-2.194,2.034
-3.075,1.864
-2.988,1.969
2.942,2.145
2.823,2.131
2.147,1.767
2.111,2.123
1.811,2.155
1.778,1.98
1.721,1.874
1.033,-1.364
-0.028,-0.704
-0.139,-0.943
-0.451,-1.712
-2.715,0.837
-2.869,-0.604
-2.895,-0.384
2.636,0.316
1.865,-2.194
-1.191,1.053
-2.515,-0.337
-3.096,0.478
-3.048,0.015
2.817,-1.123
2.552,-0.348
2.611,0.54
2.266,-0.731
2.16,0.561
1.946,0.692
1.912,0.834
-1.722,-0.417
-1.85,0.856
3.042,-1.438
0.128,-2.318
2.943,-2.143
2.586,-2.028
0.074,0.395
0.017,1.149
-0.477,2.771
-0.489,0.47
-0.52,-1.108
-0.715,0.411
-0.783,-0.889
-1.007,-1.106
-1.039,1.065
-0.967,0.828
-1.035,2.285
-1.13,1.851
-1.295,0.367
-1.295,1.844
-1.336,1.747
-1.563,0.597
-1.779,1.775
-1.853,-0.747
-1.916,1.037
-1.936,1.38
-2.143,0.309
-2.03,-0.703
-2.037,-1.153
-2.251,-0.788
-2.154,-0.012
-2.354,1.353
-2.243,-0.825
-2.259,0.898
-2.438,1.12
-2.554,0.408
-2.573,-1.107
-2.716,2.634
-2.79,-1.141
-2.661,0.113
-2.705,-0.151
-2.864,1.826
-2.946,-0.159
-3.03,-0.936
3.053,1.467
2.734,1.683
2.687,0.596
2.797,1.557
2.609,0.141
2.591,1.505
2.51,1.738
2.468,1.289
2.575,-0.97
2.421,0.895
2.498,-0.093
2.473,-1.084
2.408,-0.561
2.231,1.147
2.061,-0.138
1.773,0.249
1.741,1.364
1.81,1.75
1.778,1.327
1.629,1.453
1.617,0.592
1.561,1.205
1.591,0.146
1.542,-1.065
1.22,-1.093
1.164,-1.21
0.939,-1.392
1.001,-1.462
-0.688,-1.52
-0.796,-1.486
-0.949,-1.29
-0.933,-1.247
-1.155,-1.353
-1.626,-1.358
-1.708,-1.344
2.254,-1.383
1.657,-1.21
1.514,-1.581
0.572,2.922
0.606,2.883
0.411,3.162
0.319,3.107
-0.106,3.156
-0.003,3.057
-0.713,2.792
-0.557,3.146
-0.768,3.106
-0.877,3.172
-1.556,3.118
-2.192,3.121
-3.073,2.951
-2.986,3.056
2.944,3.232
2.825,3.218
2.149,2.854
2.113,3.21
1.813,3.242
1.78,3.067
1.723,2.961
1.035,-0.277
-0.026,0.383
-0.137,0.144
-0.449,-0.625
-2.713,1.924
-2.867,0.483
-2.893,0.703
2.638,1.403
1.867,-1.107
-1.189,2.14
-2.513,0.75
-3.094,1.565
-3.046,1.102
2.819,-0.036
2.554,0.739
2.613,1.627
2.268,0.356
2.162,1.648
1.948,1.779
1.914,1.921
-1.72,0.67
-1.848,1.943
3.044,-0.351
0.13,-1.231
2.945,-1.056
2.588,-0.941
-0.057,0.754
-0.551,2.376
-0.563,0.075
-0.594,-1.503
-0.789,0.016
-0.857,-1.284
-1.081,-1.501
-1.113,0.67
-1.041,0.433
-1.109,1.89
-1.204,1.456
-1.369,-0.028
-1.369,1.449
-1.41,1.352
-1.637,0.202
-1.853,1.38
-1.927,-1.142
-1.99,0.642
-2.01,0.985
-2.217,-0.086
-2.104,-1.098
-2.111,-1.548
-2.325,-1.183
-2.228,-0.407
-2.428,0.958
-2.317,-1.22
-2.333,0.503
-2.512,0.725
-2.628,0.013
-2.647,-1.502
-2.79,2.239
-2.864,-1.536
-2.735,-0.282
-2.779,-0.546
-2.938,1.431
-3.02,-0.554
-3.104,-1.331
2.979,1.072
2.66,1.288
2.613,0.201
2.723,1.162
2.535,-0.254
2.517,1.11
2.436,1.343
2.394,0.894
2.501,-1.365
2.347,0.5
2.424,-0.488
2.399,-1.479
2.334,-0.956
2.157,0.752
1.987,-0.533
1.699,-0.146
1.667,0.969
1.736,1.355
1.704,0.932
1.555,1.058
1.543,0.197
1.487,0.81
1.517,-0.249
1.468,-1.46
1.146,-1.488
1.09,-1.605
0.865,-1.787
0.927,-1.857
-0.762,-1.915
-0.87,-1.881
-1.023,-1.685
-1.007,-1.642
-1.229,-1.748
-1.7,-1.753
-1.782,-1.739
2.18,-1.778
1.583,-1.605
1.44,-1.976
0.498,2.527
0.532,2.488
0.337,2.767
0.245,2.712
-0.18,2.761
-0.077,2.662
-0.787,2.397
-0.631,2.751
-0.842,2.711
-0.951,2.777
-1.63,2.723
-2.266,2.726
3.136,2.556
-3.06,2.661
2.87,2.837
2.751,2.823
2.075,2.459
2.039,2.815
1.739,2.847
1.706,2.672
1.649,2.566
0.961,-0.672
-0.1,-0.012
-0.211,-0.251
-0.523,-1.02
-2.787,1.529
-2.941,0.088
-2.967,0.308
2.564,1.008
1.793,-1.502
-1.263,1.745
-2.587,0.355
3.115,1.17
-3.12,0.707
2.745,-0.431
2.48,0.344
2.539,1.232
2.194,-0.039
2.088,1.253
1.874,1.384
1.84,1.526
-1.794,0.275
-1.922,1.548
2.97,-0.746
0.056,-1.626
2.871,-1.451
2.514,-1.336
-0.494,1.622
-0.506,-0.679
-0.537,-2.257
-0.732,-0.738
-0.8,-2.038
-1.024,-2.255
-1.056,-0.084
-0.984,-0.321
-1.052,1.136
-1.147,0.702
-1.312,-0.782
-1.312,0.695
-1.353,0.598
-1.58,-0.552
-1.796,0.626
-1.87,-1.896
-1.933,-0.112
-1.953,0.231
-2.16,-0.84
-2.047,-1.852
-2.054,-2.302
-2.268,-1.937
-2.171,-1.161
-2.371,0.204
-2.26,-1.974
-2.276,-0.251
-2.455,-0.029
-2.571,-0.741
-2.59,-2.256
-2.733,1.485
-2.807,-2.29
-2.678,-1.036
-2.722,-1.3
-2.881,0.677
-2.963,-1.308
-3.047,-2.085
3.036,0.318
2.717,0.534
2.67,-0.553
2.78,0.408
2.592,-1.008
2.574,0.356
2.493,0.589
2.451,0.14
2.558,-2.119
2.404,-0.254
2.481,-1.242
2.456,-2.233
2.391,-1.71
2.214,-0.002
2.044,-1.287
1.756,-0.9
1.724,0.215
1.793,0.601
1.761,0.178
1.612,0.304
1.6,-0.557
1.544,0.056
1.574,-1.003
1.525,-2.214
1.203,-2.242
1.147,-2.359
0.922,-2.541
0.984,-2.611
-0.705,-2.669
-0.813,-2.635
-0.966,-2.439
-0.95,-2.396
-1.172,-2.502
-1.643,-2.507
-1.725,-2.493
2.237,-2.532
1.64,-2.359
1.497,-2.73
0.555,1.773
0.589,1.734
0.394,2.013
0.302,1.958
-0.123,2.007
-0.02,1.908
-0.73,1.643
-0.574,1.997
-0.785,1.957
-0.894,2.023
-1.573,1.969
-2.209,1.972
-3.09,1.802
-3.003,1.907
2.927,2.083
2.808,2.069
2.132,1.705
2.096,2.061
1.796,2.093
1.763,1.918
1.706,1.812
1.018,-1.426
-0.043,-0.766
-0.154,-1.005
-0.466,-1.774
-2.73,0.775
-2.884,-0.666
-2.91,-0.446
2.621,0.254
1.85,-2.256
-1.206,0.991
-2.53,-0.399
-3.111,0.416
-3.063,-0.047
2.802,-1.185
2.537,-0.41
2.596,0.478
2.251,-0.793
2.145,0.499
1.931,0.63
1.897,0.772
-1.737,-0.479
-1.865,0.794
3.027,-1.5
0.113,-2.38
2.928,-2.205
2.571,-2.09
-0.012,-2.301
-0.043,-3.879
-0.238,-2.36
-0.306,-3.66
-0.53,-3.877
-0.562,-1.706
-0.49,-1.943
-0.558,-0.486
-0.653,-0.92
-0.818,-2.404
-0.818,-0.927
-0.859,-1.024
-1.086,-2.174
-1.302,-0.996
-1.376,-3.518
-1.439,-1.734
-1.459,-1.391
-1.666,-2.462
-1.553,-3.474
-1.56,-3.924
-1.774,-3.559
-1.677,-2.783
-1.877,-1.418
-1.766,-3.596
-1.782,-1.873
-1.961,-1.651
-2.077,-2.363
-2.096,-3.878
-2.239,-0.137
-2.313,-3.912
-2.184,-2.658
-2.228,-2.922
-2.387,-0.945
-2.469,-2.93
-2.553,-3.707
-2.753,-1.304
-3.072,-1.088
-3.119,-2.175
-3.009,-1.214
3.086,-2.63
3.068,-1.266
2.987,-1.033
2.945,-1.482
3.052,-3.741
2.898,-1.876
2.975,-2.864
2.95,-3.855
2.885,-3.332
2.708,-1.624
2.538,-2.909
2.25,-2.522
2.218,-1.407
2.287,-1.021
2.255,-1.444
2.106,-1.318
2.094,-2.179
2.038,-1.566
2.068,-2.625
2.019,-3.836
1.697,-3.864
1.641,-3.981
1.416,-4.163
1.478,-4.233
-0.211,-4.291
-0.319,-4.257
-0.472,-4.061
-0.456,-4.018
-0.678,-4.124
-1.149,-4.129
-1.231,-4.115
2.731,-4.154
2.134,-3.981
1.991,-4.352
1.049,0.151
1.083,0.112
0.888,0.391
0.796,0.336
0.371,0.385
0.474,0.286
-0.236,0.021
-0.08,0.375
-0.291,0.335
-0.4,0.401
-1.079,0.347
-1.715,0.35
-2.596,0.18
-2.509,0.285
-2.862,0.461
-2.981,0.447
2.626,0.083
2.59,0.439
2.29,0.471
2.257,0.296
2.2,0.19
1.512,-3.048
0.451,-2.388
0.34,-2.627
0.028,-3.396
-2.236,-0.847
-2.39,-2.288
-2.416,-2.068
3.115,-1.368
2.344,-3.878
-0.712,-0.631
-2.036,-2.021
-2.617,-1.206
-2.569,-1.669
-2.987,-2.807
3.031,-2.032
3.09,-1.144
2.745,-2.415
2.639,-1.123
2.425,-0.992
2.391,-0.85
-1.243,-2.101
-1.371,-0.828
-2.762,-3.122
0.607,-4.002
-2.861,-3.827
3.065,-3.712
-0.031,-1.578
-0.226,-0.059
-0.294,-1.359
-0.518,-1.576
-0.55,0.595
-0.478,0.358
-0.546,1.815
-0.641,1.381
-0.806,-0.103
-0.806,1.374
-0.847,1.277
-1.074,0.127
-1.29,1.305
-1.364,-1.217
-1.427,0.567
-1.447,0.91
-1.654,-0.161
-1.541,-1.173
-1.548,-1.623
-1.762,-1.258
-1.665,-0.482
-1.865,0.883
-1.754,-1.295
-1.77,0.428
-1.949,0.65
-2.065,-0.062
-2.084,-1.577
-2.227,2.164
-2.301,-1.611
-2.172,-0.357
-2.216,-0.621
-2.375,1.356
-2.457,-0.629
-2.541,-1.406
-2.741,0.997
-3.06,1.213
-3.107,0.126
-2.997,1.087
3.098,-0.329
3.08,1.035
2.999,1.268
2.957,0.819
3.064,-1.44
2.91,0.425
2.987,-0.563
2.962,-1.554
2.897,-1.031
2.72,0.677
2.55,-0.608
2.262,-0.221
2.23,0.894
2.299,1.28
2.267,0.857
2.118,0.983
2.106,0.122
2.05,0.735
2.08,-0.324
2.031,-1.535
1.709,-1.563
1.653,-1.68
1.428,-1.862
1.49,-1.932
-0.199,-1.99
-0.307,-1.956
-0.46,-1.76
-0.444,-1.717
-0.666,-1.823
-1.137,-1.828
-1.219,-1.814
2.743,-1.853
2.146,-1.68
2.003,-2.051
1.061,2.452
1.095,2.413
0.9,2.692
0.808,2.637
0.383,2.686
0.486,2.587
-0.224,2.322
-0.068,2.676
-0.279,2.636
-0.388,2.702
-1.067,2.648
-1.703,2.651
-2.584,2.481
-2.497,2.586
-2.85,2.762
-2.969,2.748
2.638,2.384
2.602,2.74
2.302,2.772
2.269,2.597
2.212,2.491
1.524,-0.747
0.463,-0.087
0.352,-0.326
0.04,-1.095
-2.224,1.454
-2.378,0.013
-2.404,0.233
3.127,0.933
2.356,-1.577
-0.7,1.67
-2.024,0.28
-2.605,1.095
-2.557,0.632
-2.975,-0.506
3.043,0.269
3.102,1.157
2.757,-0.114
2.651,1.178
2.437,1.309
2.403,1.451
-1.231,0.2
-1.359,1.473
-2.75,-0.821
0.619,-1.701
-2.849,-1.526
3.077,-1.411
-0.195,1.519
-0.263,0.219
-0.487,0.002
-0.519,2.173
-0.447,1.936
-0.515,3.393
-0.61,2.959
-0.775,1.475
-0.775,2.952
-0.816,2.855
-1.043,1.705
-1.259,2.883
-1.333,0.361
-1.396,2.145
-1.416,2.488
-1.623,1.417
-1.51,0.405
-1.517,-0.045
-1.731,0.32
-1.634,1.096
-1.834,2.461
-1.723,0.283
-1.739,2.006
-1.918,2.228
-2.034,1.516
-2.053,0.001
-2.196,3.742
-2.27,-0.033
-2.141,1.221
-2.185,0.957
-2.344,2.934
-2.426,0.949
-2.51,0.172
-2.71,2.575
-3.029,2.791
-3.076,1.704
-2.966,2.665
3.129,1.249
3.111,2.613
3.03,2.846
2.988,2.397
3.095,0.138
2.941,2.003
3.018,1.015
2.993,0.024
2.928,0.547
2.751,2.255
2.581,0.97
2.293,1.357
2.261,2.472
2.33,2.858
2.298,2.435
2.149,2.561
2.137,1.7
2.081,2.313
2.111,1.254
2.062,0.043
1.74,0.015
1.684,-0.102
1.459,-0.284
1.521,-0.354
-0.168,-0.412
-0.276,-0.378
-0.429,-0.182
-0.413,-0.139
-0.635,-0.245
-1.106,-0.25
-1.188,-0.236
2.774,-0.275
2.177,-0.102
2.034,-0.473
1.092,4.03
1.126,3.991
0.931,4.27
0.839,4.215
0.414,4.264
0.517,4.165
-0.193,3.9
-0.037,4.254
-0.248,4.214
-0.357,4.28
-1.036,4.226
-1.672,4.229
-2.553,4.059
-2.466,4.164
-2.819,4.34
-2.938,4.326
2.669,3.962
2.633,4.318
2.333,4.35
2.3,4.175
2.243,4.069
1.555,0.831
0.494,1.491
0.383,1.252
0.071,0.483
-2.193,3.032
-2.347,1.591
-2.373,1.811
-3.125,2.511
2.387,0.001
-0.669,3.248
-1.993,1.858
-2.574,2.673
-2.526,2.21
-2.944,1.072
3.074,1.847
3.133,2.735
2.788,1.464
2.682,2.756
2.468,2.887
2.434,3.029
-1.2,1.778
-1.328,3.051
-2.719,0.757
0.65,-0.123
-2.818,0.052
3.108,0.167
-0.068,-1.3
-0.292,-1.517
-0.324,0.654
-0.252,0.417
-0.32,1.874
-0.415,1.44
-0.58,-0.044
-0.58,1.433
-0.621,1.336
-0.848,0.186
-1.064,1.364
-1.138,-1.158
-1.201,0.626
-1.221,0.969
-1.428,-0.102
-1.315,-1.114
-1.322,-1.564
-1.536,-1.199
-1.439,-0.423
-1.639,0.942
-1.528,-1.236
-1.544,0.487
-1.723,0.709
-1.839,-0.003
-1.858,-1.518
-2.001,2.223
-2.075,-1.552
-1.946,-0.298
-1.99,-0.562
-2.149,1.415
-2.231,-0.57
-2.315,-1.347
-2.515,1.056
-2.834,1.272
-2.881,0.185
-2.771,1.146
-2.959,-0.27
-2.977,1.094
-3.058,1.327
-3.1,0.878
-2.993,-1.381
3.136,0.484
-3.07,-0.504
-3.095,-1.495
3.123,-0.972
2.946,0.736
2.776,-0.549
2.488,-0.162
2.456,0.953
2.525,1.339
2.493,0.916
2.344,1.042
2.332,0.181
2.276,0.794
2.306,-0.265
2.257,-1.476
1.935,-1.504
1.879,-1.621
1.654,-1.803
1.716,-1.873
0.027,-1.931
-0.081,-1.897
-0.234,-1.701
-0.218,-1.658
-0.44,-1.764
-0.911,-1.769
-0.993,-1.755
2.969,-1.794
2.372,-1.621
2.229,-1.992
1.287,2.511
1.321,2.472
1.126,2.751
1.034,2.696
0.609,2.745
0.712,2.646
0.002,2.381
0.158,2.735
-0.053,2.695
-0.162,2.761
-0.841,2.707
-1.477,2.71
-2.358,2.54
-2.271,2.645
-2.624,2.821
-2.743,2.807
2.864,2.443
2.828,2.799
2.528,2.831
2.495,2.656
2.438,2.55
1.75,-0.688
0.689,-0.028
0.578,-0.267
0.266,-1.036
-1.998,1.513
-2.152,0.072
-2.178,0.292
-2.93,0.992
2.582,-1.518
-0.474,1.729
-1.798,0.339
-2.379,1.154
-2.331,0.691
-2.749,-0.447
-3.014,0.328
-2.955,1.216
2.983,-0.055
2.877,1.237
2.663,1.368
2.629,1.51
-1.005,0.259
-1.133,1.532
-2.524,-0.762
0.845,-1.642
-2.623,-1.467
-2.98,-1.352
-0.224,-0.217
-0.256,1.954
-0.184,1.717
-0.252,3.174
-0.347,2.74
-0.512,1.256
-0.512,2.733
-0.553,2.636
-0.78,1.486
-0.996,2.664
-1.07,0.142
-1.133,1.926
-1.153,2.269
-1.36,1.198
-1.247,0.186
-1.254,-0.264
-1.468,0.101
-1.371,0.877
-1.571,2.242
-1.46,0.064
-1.476,1.787
-1.655,2.009
-1.771,1.297
-1.79,-0.218
-1.933,3.523
-2.007,-0.252
-1.878,1.002
-1.922,0.738
-2.081,2.715
-2.163,0.73
-2.247,-0.047
-2.447,2.356
-2.766,2.572
-2.813,1.485
-2.703,2.446
-2.891,1.03
-2.909,2.394
-2.99,2.627
-3.032,2.178
-2.925,-0.081
-3.079,1.784
-3.002,0.796
-3.027,-0.195
-3.092,0.328
3.014,2.036
2.844,0.751
2.556,1.138
2.524,2.253
2.593,2.639
2.561,2.216
2.412,2.342
2.4,1.481
2.344,2.094
2.374,1.035
2.325,-0.176
2.003,-0.204
1.947,-0.321
1.722,-0.503
1.784,-0.573
0.095,-0.631
-0.013,-0.597
-0.166,-0.401
-0.15,-0.358
-0.372,-0.464
-0.843,-0.469
-0.925,-0.455
3.037,-0.494
2.44,-0.321
2.297,-0.692
1.355,3.811
1.389,3.772
1.194,4.051
1.102,3.996
0.677,4.045
0.78,3.946
0.07,3.681
0.226,4.035
0.015,3.995
-0.094,4.061
-0.773,4.007
-1.409,4.01
-2.29,3.84
-2.203,3.945
-2.556,4.121
-2.675,4.107
2.932,3.743
2.896,4.099
2.596,4.131
2.563,3.956
2.506,3.85
1.818,0.612
0.757,1.272
0.646,1.033
0.334,0.264
-1.93,2.813
-2.084,1.372
-2.11,1.592
-2.862,2.292
2.65,-0.218
-0.406,3.029
-1.73,1.639
-2.311,2.454
-2.263,1.991
-2.681,0.853
-2.946,1.628
-2.887,2.516
3.051,1.245
2.945,2.537
2.731,2.668
2.697,2.81
-0.937,1.559
-1.065,2.832
-2.456,0.538
0.913,-0.342
-2.555,-0.167
-2.912,-0.052
-0.032,2.171
0.04,1.934
-0.028,3.391
-0.123,2.957
-0.288,1.473
-0.288,2.95
-0.329,2.853
-0.556,1.703
-0.772,2.881
-0.846,0.359
-0.909,2.143
-0.929,2.486
-1.136,1.415
-1.023,0.403
-1.03,-0.047
-1.244,0.318
-1.147,1.094
-1.347,2.459
-1.236,0.281
-1.252,2.004
-1.431,2.226
-1.547,1.514
-1.566,-0.001
-1.709,3.74
-1.783,-0.035
-1.654,1.219
-1.698,0.955
-1.857,2.932
-1.939,0.947
-2.023,0.17
-2.223,2.573
-2.542,2.789
-2.589,1.702
-2.479,2.663
-2.667,1.247
-2.685,2.611
-2.766,2.844
-2.808,2.395
-2.701,0.136
-2.855,2.001
-2.778,1.013
-2.803,0.022
-2.868,0.545
-3.045,2.253
3.068,0.968
2.78,1.355
2.748,2.47
2.817,2.856
2.785,2.433
2.636,2.559
2.624,1.698
2.568,2.311
2.598,1.252
2.549,0.041
2.227,0.013
2.171,-0.104
1.946,-0.286
2.008,-0.356
0.319,-0.414
0.211,-0.38
0.058,-0.184
0.074,-0.141
-0.148,-0.247
-0.619,-0.252
-0.701,-0.238
-3.022,-0.277
2.664,-0.104
2.521,-0.475
1.579,4.028
1.613,3.989
1.418,4.268
1.326,4.213
0.901,4.262
1.004,4.163
0.294,3.898
0.45,4.252
0.239,4.212
0.13,4.278
-0.549,4.224
-1.185,4.227
-2.066,4.057
-1.979,4.162
-2.332,4.338
-2.451,4.324
-3.127,3.96
3.12,4.316
2.82,4.348
2.787,4.173
2.73,4.067
2.042,0.829
0.981,1.489
0.87,1.25
0.558,0.481
-1.706,3.03
-1.86,1.589
-1.886,1.809
-2.638,2.509
2.874,-0.001
-0.182,3.246
-1.506,1.856
-2.087,2.671
-2.039,2.208
-2.457,1.07
-2.722,1.845
-2.663,2.733
-3.008,1.462
-3.114,2.754
2.955,2.885
2.921,3.027
-0.713,1.776
-0.841,3.049
-2.232,0.755
1.137,-0.125
-2.331,0.05
-2.688,0.165
0.072,-0.237
0.004,1.22
-0.091,0.786
-0.256,-0.698
-0.256,0.779
-0.297,0.682
-0.524,-0.468
-0.74,0.71
-0.814,-1.812
-0.877,-0.028
-0.897,0.315
-1.104,-0.756
-0.991,-1.768
-0.998,-2.218
-1.212,-1.853
-1.115,-1.077
-1.315,0.288
-1.204,-1.89
-1.22,-0.167
-1.399,0.055
-1.515,-0.657
-1.534,-2.172
-1.677,1.569
-1.751,-2.206
-1.622,-0.952
-1.666,-1.216
-1.825,0.761
-1.907,-1.224
-1.991,-2.001
-2.191,0.402
-2.51,0.618
-2.557,-0.469
-2.447,0.492
-2.635,-0.924
-2.653,0.44
-2.734,0.673
-2.776,0.224
-2.669,-2.035
-2.823,-0.17
-2.746,-1.158
-2.771,-2.149
-2.836,-1.626
-3.013,0.082
3.1,-1.203
2.812,-0.816
2.78,0.299
2.849,0.685
2.817,0.262
2.668,0.388
2.656,-0.473
2.6,0.14
2.63,-0.919
2.581,-2.13
2.259,-2.158
2.203,-2.275
1.978,-2.457
2.04,-2.527
0.351,-2.585
0.243,-2.551
0.09,-2.355
0.106,-2.312
-0.116,-2.418
-0.587,-2.423
-0.669,-2.409
-2.99,-2.448
2.696,-2.275
2.553,-2.646
1.611,1.857
1.645,1.818
1.45,2.097
1.358,2.042
0.933,2.091
1.036,1.992
0.326,1.727
0.482,2.081
0.271,2.041
0.162,2.107
-0.517,2.053
-1.153,2.056
-2.034,1.886
-1.947,1.991
-2.3,2.167
-2.419,2.153
-3.095,1.789
-3.131,2.145
2.852,2.177
2.819,2.002
2.762,1.896
2.074,-1.342
1.013,-0.682
0.902,-0.921
0.59,-1.69
-1.674,0.859
-1.828,-0.582
-1.854,-0.362
-2.606,0.338
2.906,-2.172
-0.15,1.075
-1.474,-0.315
-2.055,0.5
-2.007,0.037
-2.425,-1.101
-2.69,-0.326
-2.631,0.562
-2.976,-0.709
-3.082,0.583
2.987,0.714
2.953,0.856
-0.681,-0.395
-0.809,0.878
-2.2,-1.416
1.169,-2.296
-2.299,-2.121
-2.656,-2.006
-0.068,1.457
-0.163,1.023
-0.328,-0.461
-0.328,1.016
-0.369,0.919
-0.596,-0.231
-0.812,0.947
-0.886,-1.575
-0.949,0.209
-0.969,0.552
-1.176,-0.519
-1.063,-1.531
-1.07,-1.981
-1.284,-1.616
-1.187,-0.84
-1.387,0.525
-1.276,-1.653
-1.292,0.07
-1.471,0.292
-1.587,-0.42
-1.606,-1.935
-1.749,1.806
-1.823,-1.969
-1.694,-0.715
-1.738,-0.979
-1.897,0.998
-1.979,-0.987
-2.063,-1.764
-2.263,0.639
-2.582,0.855
-2.629,-0.232
-2.519,0.729
-2.707,-0.687
-2.725,0.677
-2.806,0.91
-2.848,0.461
-2.741,-1.798
-2.895,0.067
-2.818,-0.921
-2.843,-1.912
-2.908,-1.389
-3.085,0.319
3.028,-0.966
2.74,-0.579
2.708,0.536
2.777,0.922
2.745,0.499
2.596,0.625
2.584,-0.236
2.528,0.377
2.558,-0.682
2.509,-1.893
2.187,-1.921
2.131,-2.038
1.906,-2.22
1.968,-2.29
0.279,-2.348
0.171,-2.314
0.018,-2.118
0.034,-2.075
-0.188,-2.181
-0.659,-2.186
-0.741,-2.172
-3.062,-2.211
2.624,-2.038
2.481,-2.409
1.539,2.094
1.573,2.055
1.378,2.334
1.286,2.279
0.861,2.328
0.964,2.229
0.254,1.964
0.41,2.318
0.199,2.278
0.09,2.344
-0.589,2.29
-1.225,2.293
-2.106,2.123
-2.019,2.228
-2.372,2.404
-2.491,2.39
3.116,2.026
3.08,2.382
2.78,2.414
2.747,2.239
2.69,2.133
2.002,-1.105
0.941,-0.445
0.83,-0.684
0.518,-1.453
-1.746,1.096
-1.9,-0.345
-1.926,-0.125
-2.678,0.575
2.834,-1.935
-0.222,1.312
-1.546,-0.078
-2.127,0.737
-2.079,0.274
-2.497,-0.864
-2.762,-0.089
-2.703,0.799
-3.048,-0.472
3.129,0.82
2.915,0.951
2.881,1.093
-0.753,-0.158
-0.881,1.115
-2.272,-1.179
1.097,-2.059
-2.371,-1.884
-2.728,-1.769
-0.095,-0.434
-0.26,-1.918
-0.26,-0.441
-0.301,-0.538
-0.528,-1.688
-0.744,-0.51
-0.818,-3.032
-0.881,-1.248
-0.901,-0.905
-1.108,-1.976
-0.995,-2.988
-1.002,-3.438
-1.216,-3.073
-1.119,-2.297
-1.319,-0.932
-1.208,-3.11
-1.224,-1.387
-1.403,-1.165
-1.519,-1.877
-1.538,-3.392
-1.681,0.349
-1.755,-3.426
-1.626,-2.172
-1.67,-2.436
-1.829,-0.459
-1.911,-2.444
-1.995,-3.221
-2.195,-0.818
-2.514,-0.602
-2.561,-1.689
-2.451,-0.728
-2.639,-2.144
-2.657,-0.78
-2.738,-0.547
-2.78,-0.996
-2.673,-3.255
-2.827,-1.39
-2.75,-2.378
-2.775,-3.369
-2.84,-2.846
-3.017,-1.138
3.096,-2.423
2.808,-2.036
2.776,-0.921
2.845,-0.535
2.813,-0.958
2.664,-0.832
2.652,-1.693
2.596,-1.08
2.626,-2.139
2.577,-3.35
2.255,-3.378
2.199,-3.495
1.974,-3.677
2.036,-3.747
0.347,-3.805
0.239,-3.771
0.086,-3.575
0.102,-3.532
-0.12,-3.638
-0.591,-3.643
-0.673,-3.629
-2.994,-3.668
2.692,-3.495
2.549,-3.866
1.607,0.637
1.641,0.598
1.446,0.877
1.354,0.822
0.929,0.871
1.032,0.772
0.322,0.507
0.478,0.861
0.267,0.821
0.158,0.887
-0.521,0.833
-1.157,0.836
-2.038,0.666
-1.951,0.771
-2.304,0.947
-2.423,0.933
-3.099,0.569
-3.135,0.925
2.848,0.957
2.815,0.782
2.758,0.676
2.07,-2.562
1.009,-1.902
0.898,-2.141
0.586,-2.91
-1.678,-0.361
-1.832,-1.802
-1.858,-1.582
-2.61,-0.882
2.902,-3.392
-0.154,-0.145
-1.478,-1.535
-2.059,-0.72
-2.011,-1.183
-2.429,-2.321
-2.694,-1.546
-2.635,-0.658
-2.98,-1.929
-3.086,-0.637
2.983,-0.506
2.949,-0.364
-0.685,-1.615
-0.813,-0.342
-2.204,-2.636
1.165,-3.516
-2.303,-3.341
-2.66,-3.226
-0.165,-1.484
-0.165,-0.007
-0.206,-0.104
-0.433,-1.254
-0.649,-0.076
-0.723,-2.598
-0.786,-0.814
-0.806,-0.471
-1.013,-1.542
-0.9,-2.554
-0.907,-3.004
-1.121,-2.639
-1.024,-1.863
-1.224,-0.498
-1.113,-2.676
-1.129,-0.953
-1.308,-0.731
-1.424,-1.443
-1.443,-2.958
-1.586,0.783
-1.66,-2.992
-1.531,-1.738
-1.575,-2.002
-1.734,-0.025
-1.816,-2.01
-1.9,-2.787
-2.1,-0.384
-2.419,-0.168
-2.466,-1.255
-2.356,-0.294
-2.544,-1.71
-2.562,-0.346
-2.643,-0.113
-2.685,-0.562
-2.578,-2.821
-2.732,-0.956
-2.655,-1.944
-2.68,-2.935
-2.745,-2.412
-2.922,-0.704
-3.092,-1.989
2.903,-1.602
2.871,-0.487
2.94,-0.101
2.908,-0.524
2.759,-0.398
2.747,-1.259
2.691,-0.646
2.721,-1.705
2.672,-2.916
2.35,-2.944
2.294,-3.061
2.069,-3.243
2.131,-3.313
0.442,-3.371
0.334,-3.337
0.181,-3.141
0.197,-3.098
-0.025,-3.204
-0.496,-3.209
-0.578,-3.195
-2.899,-3.234
2.787,-3.061
2.644,-3.432
1.702,1.071
1.736,1.032
1.541,1.311
1.449,1.256
1.024,1.305
1.127,1.206
0.417,0.941
0.573,1.295
0.362,1.255
0.253,1.321
-0.426,1.267
-1.062,1.27
-1.943,1.1
-1.856,1.205
-2.209,1.381
-2.328,1.367
-3.004,1.003
-3.04,1.359
2.943,1.391
2.91,1.216
2.853,1.11
2.165,-2.128
1.104,-1.468
0.993,-1.707
0.681,-2.476
-1.583,0.073
-1.737,-1.368
-1.763,-1.148
-2.515,-0.448
2.997,-2.958
-0.059,0.289
-1.383,-1.101
-1.964,-0.286
-1.916,-0.749
-2.334,-1.887
-2.599,-1.112
-2.54,-0.224
-2.885,-1.495
-2.991,-0.203
3.078,-0.072
3.044,0.07
-0.59,-1.181
-0.718,0.092
-2.109,-2.202
1.26,-3.082
-2.208,-2.907
-2.565,-2.792
0.0,1.477
-0.041,1.38
-0.268,0.23
-0.484,1.408
-0.558,-1.114
-0.621,0.67
-0.641,1.013
-0.848,-0.058
-0.735,-1.07
-0.742,-1.52
-0.956,-1.155
-0.859,-0.379
-1.059,0.986
-0.948,-1.192
-0.964,0.531
-1.143,0.753
-1.259,0.041
-1.278,-1.474
-1.421,2.267
-1.495,-1.508
-1.366,-0.254
-1.41,-0.518
-1.569,1.459
-1.651,-0.526
-1.735,-1.303
-1.935,1.1
-2.254,1.316
-2.301,0.229
-2.191,1.19
-2.379,-0.226
-2.397,1.138
-2.478,1.371
-2.52,0.922
-2.413,-1.337
-2.567,0.528
-2.49,-0.46
-2.515,-1.451
-2.58,-0.928
-2.757,0.78
-2.927,-0.505
3.068,-0.118
3.036,0.997
3.105,1.383
3.073,0.96
2.924,1.086
2.912,0.225
2.856,0.838
2.886,-0.221
2.837,-1.432
2.515,-1.46
2.459,-1.577
2.234,-1.759
2.296,-1.829
0.607,-1.887
0.499,-1.853
0.346,-1.657
0.362,-1.614
0.14,-1.72
-0.331,-1.725
-0.413,-1.711
-2.734,-1.75
2.952,-1.577
2.809,-1.948
1.867,2.555
1.901,2.516
1.706,2.795
1.614,2.74
1.189,2.789
1.292,2.69
0.582,2.425
0.738,2.779
0.527,2.739
0.418,2.805
-0.261,2.751
-0.897,2.754
-1.778,2.584
-1.691,2.689
-2.044,2.865
-2.163,2.851
-2.839,2.487
-2.875,2.843
3.108,2.875
3.075,2.7
3.018,2.594
2.33,-0.644
1.269,0.016
1.158,-0.223
0.846,-0.992
-1.418,1.557
-1.572,0.116
-1.598,0.336
-2.35,1.036
-3.121,-1.474
0.106,1.773
-1.218,0.383
-1.799,1.198
-1.751,0.735
-2.169,-0.403
-2.434,0.372
-2.375,1.26
-2.72,-0.011
-2.826,1.281
-3.04,1.412
-3.074,1.554
-0.425,0.303
-0.553,1.576
-1.944,-0.718
1.425,-1.598
-2.043,-1.423
-2.4,-1.308
-0.041,-0.097
-0.268,-1.247
-0.484,-0.069
-0.558,-2.591
-0.621,-0.807
-0.641,-0.464
-0.848,-1.535
-0.735,-2.547
-0.742,-2.997
-0.956,-2.632
-0.859,-1.856
-1.059,-0.491
-0.948,-2.669
-0.964,-0.946
-1.143,-0.724
-1.259,-1.436
-1.278,-2.951
-1.421,0.79
-1.495,-2.985
-1.366,-1.731
-1.41,-1.995
-1.569,-0.018
-1.651,-2.003
-1.735,-2.78
-1.935,-0.377
-2.254,-0.161
-2.301,-1.248
-2.191,-0.287
-2.379,-1.703
-2.397,-0.339
-2.478,-0.106
-2.52,-0.555
-2.413,-2.814
-2.567,-0.949
-2.49,-1.937
-2.515,-2.928
-2.58,-2.405
-2.757,-0.697
-2.927,-1.982
3.068,-1.595
3.036,-0.48
3.105,-0.094
3.073,-0.517
2.924,-0.391
2.912,-1.252
2.856,-0.639
2.886,-1.698
2.837,-2.909
2.515,-2.937
2.459,-3.054
2.234,-3.236
2.296,-3.306
0.607,-3.364
0.499,-3.33
0.346,-3.134
0.362,-3.091
0.14,-3.197
-0.331,-3.202
-0.413,-3.188
-2.734,-3.227
2.952,-3.054
2.809,-3.425
1.867,1.078
1.901,1.039
1.706,1.318
1.614,1.263
1.189,1.312
1.292,1.213
0.582,0.948
0.738,1.302
0.527,1.262
0.418,1.328
-0.261,1.274
-0.897,1.277
-1.778,1.107
-1.691,1.212
-2.044,1.388
-2.163,1.374
-2.839,1.01
-2.875,1.366
3.108,1.398
3.075,1.223
3.018,1.117
2.33,-2.121
1.269,-1.461
1.158,-1.7
0.846,-2.469
-1.418,0.08
-1.572,-1.361
-1.598,-1.141
-2.35,-0.441
-3.121,-2.951
0.106,0.296
-1.218,-1.094
-1.799,-0.279
-1.751,-0.742
-2.169,-1.88
-2.434,-1.105
-2.375,-0.217
-2.72,-1.488
-2.826,-0.196
-3.04,-0.065
-3.074,0.077
-0.425,-1.174
-0.553,0.099
-1.944,-2.195
1.425,-3.075
-2.043,-2.9
-2.4,-2.785
-0.227,-1.15
-0.443,0.028
-0.517,-2.494
-0.58,-0.71
-0.6,-0.367
-0.807,-1.438
-0.694,-2.45
-0.701,-2.9
-0.915,-2.535
-0.818,-1.759
-1.018,-0.394
-0.907,-2.572
-0.923,-0.849
-1.102,-0.627
-1.218,-1.339
-1.237,-2.854
-1.38,0.887
-1.454,-2.888
-1.325,-1.634
-1.369,-1.898
-1.528,0.079
-1.61,-1.906
-1.694,-2.683
-1.894,-0.28
-2.213,-0.064
-2.26,-1.151
-2.15,-0.19
-2.338,-1.606
-2.356,-0.242
-2.437,-0.009
-2.479,-0.458
-2.372,-2.717
-2.526,-0.852
-2.449,-1.84
-2.474,-2.831
-2.539,-2.308
-2.716,-0.6
-2.886,-1.885
3.109,-1.498
3.077,-0.383
-3.137,0.003
3.114,-0.42
2.965,-0.294
2.953,-1.155
2.897,-0.542
2.927,-1.601
2.878,-2.812
2.556,-2.84
2.5,-2.957
2.275,-3.139
2.337,-3.209
0.648,-3.267
0.54,-3.233
0.387,-3.037
0.403,-2.994
0.181,-3.1
-0.29,-3.105
-0.372,-3.091
-2.693,-3.13
2.993,-2.957
2.85,-3.328
1.908,1.175
1.942,1.136
1.747,1.415
1.655,1.36
1.23,1.409
1.333,1.31
0.623,1.045
0.779,1.399
0.568,1.359
0.459,1.425
-0.22,1.371
-0.856,1.374
-1.737,1.204
-1.65,1.309
-2.003,1.485
-2.122,1.471
-2.798,1.107
-2.834,1.463
-3.134,1.495
3.116,1.32
3.059,1.214
2.371,-2.024
1.31,-1.364
1.199,-1.603
0.887,-2.372
-1.377,0.177
-1.531,-1.264
-1.557,-1.044
-2.309,-0.344
-3.08,-2.854
0.147,0.393
-1.177,-0.997
-1.758,-0.182
-1.71,-0.645
-2.128,-1.783
-2.393,-1.008
-2.334,-0.12
-2.679,-1.391
-2.785,-0.099
-2.999,0.032
-3.033,0.174
-0.384,-1.077
-0.512,0.196
-1.903,-2.098
1.466,-2.978
-2.002,-2.803
-2.359,-2.688
-0.216,1.178
-0.29,-1.344
-0.353,0.44
-0.373,0.783
-0.58,-0.288
-0.467,-1.3
-0.474,-1.75
-0.688,-1.385
-0.591,-0.609
-0.791,0.756
-0.68,-1.422
-0.696,0.301
-0.875,0.523
-0.991,-0.189
-1.01,-1.704
-1.153,2.037
-1.227,-1.738
-1.098,-0.484
-1.142,-0.748
-1.301,1.229
-1.383,-0.756
-1.467,-1.533
-1.667,0.87
-1.986,1.086
-2.033,-0.001
-1.923,0.96
-2.111,-0.456
-2.129,0.908
-2.21,1.141
-2.252,0.692
-2.145,-1.567
-2.299,0.298
-2.222,-0.69
-2.247,-1.681
-2.312,-1.158
-2.489,0.55
-2.659,-0.735
-2.947,-0.348
-2.979,0.767
-2.91,1.153
-2.942,0.73
-3.091,0.856
-3.103,-0.005
3.124,0.608
-3.129,-0.451
3.105,-1.662
2.783,-1.69
2.727,-1.807
2.502,-1.989
2.564,-2.059
0.875,-2.117
0.767,-2.083
0.614,-1.887
0.63,-1.844
0.408,-1.95
-0.063,-1.955
-0.145,-1.941
-2.466,-1.98
-3.063,-1.807
3.077,-2.178
2.135,2.325
2.169,2.286
1.974,2.565
1.882,2.51
1.457,2.559
1.56,2.46
0.85,2.195
1.006,2.549
0.795,2.509
0.686,2.575
0.007,2.521
-0.629,2.524
-1.51,2.354
-1.423,2.459
-1.776,2.635
-1.895,2.621
-2.571,2.257
-2.607,2.613
-2.907,2.645
-2.94,2.47
-2.997,2.364
2.598,-0.874
1.537,-0.214
1.426,-0.453
1.114,-1.222
-1.15,1.327
-1.304,-0.114
-1.33,0.106
-2.082,0.806
-2.853,-1.704
0.374,1.543
-0.95,0.153
-1.531,0.968
-1.483,0.505
-1.901,-0.633
-2.166,0.142
-2.107,1.03
-2.452,-0.241
-2.558,1.051
-2.772,1.182
-2.806,1.324
-0.157,0.073
-0.285,1.346
-1.676,-0.948
1.693,-1.828
-1.775,-1.653
-2.132,-1.538
-0.074,-2.522
-0.137,-0.738
-0.157,-0.395
-0.364,-1.466
-0.251,-2.478
-0.258,-2.928
-0.472,-2.563
-0.375,-1.787
-0.575,-0.422
-0.464,-2.6
-0.48,-0.877
-0.659,-0.655
-0.775,-1.367
-0.794,-2.882
-0.937,0.859
-1.011,-2.916
-0.882,-1.662
-0.926,-1.926
-1.085,0.051
-1.167,-1.934
-1.251,-2.711
-1.451,-0.308
-1.77,-0.092
-1.817,-1.179
-1.707,-0.218
-1.895,-1.634
-1.913,-0.27
-1.994,-0.037
-2.036,-0.486
-1.929,-2.745
-2.083,-0.88
-2.006,-1.868
-2.031,-2.859
-2.096,-2.336
-2.273,-0.628
-2.443,-1.913
-2.731,-1.526
-2.763,-0.411
-2.694,-0.025
-2.726,-0.448
-2.875,-0.322
-2.887,-1.183
-2.943,-0.57
-2.913,-1.629
-2.962,-2.84
2.999,-2.868
2.943,-2.985
2.718,-3.167
2.78,-3.237
1.091,-3.295
0.983,-3.261
0.83,-3.065
0.846,-3.022
0.624,-3.128
0.153,-3.133
0.071,-3.119
-2.25,-3.158
-2.847,-2.985
-2.99,-3.356
2.351,1.147
2.385,1.108
2.19,1.387
2.098,1.332
1.673,1.381
1.776,1.282
1.066,1.017
1.222,1.371
1.011,1.331
0.902,1.397
0.223,1.343
-0.413,1.346
-1.294,1.176
-1.207,1.281
-1.56,1.457
-1.679,1.443
-2.355,1.079
-2.391,1.435
-2.691,1.467
-2.724,1.292
-2.781,1.186
2.814,-2.052
1.753,-1.392
1.642,-1.631
1.33,-2.4
-0.934,0.149
-1.088,-1.292
-1.114,-1.072
-1.866,-0.372
-2.637,-2.882
0.59,0.365
-0.734,-1.025
-1.315,-0.21
-1.267,-0.673
-1.685,-1.811
-1.95,-1.036
-1.891,-0.148
-2.236,-1.419
-2.342,-0.127
-2.556,0.004
-2.59,0.146
0.059,-1.105
-0.069,0.168
-1.46,-2.126
1.909,-3.006
-1.559,-2.831
-1.916,-2.716
-0.063,1.784
-0.083,2.127
-0.29,1.056
-0.177,0.044
-0.184,-0.406
-0.398,-0.041
-0.301,0.735
-0.501,2.1
-0.39,-0.078
-0.406,1.645
-0.585,1.867
-0.701,1.155
-0.72,-0.36
-0.863,3.381
-0.937,-0.394
-0.808,0.86
-0.852,0.596
-1.011,2.573
-1.093,0.588
-1.177,-0.189
-1.377,2.214
-1.696,2.43
-1.743,1.343
-1.633,2.304
-1.821,0.888
-1.839,2.252
-1.92,2.485
-1.962,2.036
-1.855,-0.223
-2.009,1.642
-1.932,0.654
-1.957,-0.337
-2.022,0.186
-2.199,1.894
-2.369,0.609
-2.657,0.996
-2.689,2.111
-2.62,2.497
-2.652,2.074
-2.801,2.2
-2.813,1.339
-2.869,1.952
-2.839,0.893
-2.888,-0.318
3.073,-0.346
3.017,-0.463
2.792,-0.645
2.854,-0.715
1.165,-0.773
1.057,-0.739
0.904,-0.543
0.92,-0.5
0.698,-0.606
0.227,-0.611
0.145,-0.597
-2.176,-0.636
-2.773,-0.463
-2.916,-0.834
2.425,3.669
2.459,3.63
2.264,3.909
2.172,3.854
1.747,3.903
1.85,3.804
1.14,3.539
1.296,3.893
1.085,3.853
0.976,3.919
0.297,3.865
-0.339,3.868
-1.22,3.698
-1.133,3.803
-1.486,3.979
-1.605,3.965
-2.281,3.601
-2.317,3.957
-2.617,3.989
-2.65,3.814
-2.707,3.708
2.888,0.47
1.827,1.13
1.716,0.891
1.404,0.122
-0.86,2.671
-1.014,1.23
-1.04,1.45
-1.792,2.15
-2.563,-0.36
0.664,2.887
-0.66,1.497
-1.241,2.312
-1.193,1.849
-1.611,0.711
-1.876,1.486
-1.817,2.374
-2.162,1.103
-2.268,2.395
-2.482,2.526
-2.516,2.668
0.133,1.417
0.005,2.69
-1.386,0.396
1.983,-0.484
-1.485,-0.309
-1.842,-0.194
-0.02,0.343
-0.227,-0.728
-0.114,-1.74
-0.121,-2.19
-0.335,-1.825
-0.238,-1.049
-0.438,0.316
-0.327,-1.862
-0.343,-0.139
-0.522,0.083
-0.638,-0.629
-0.657,-2.144
-0.8,1.597
-0.874,-2.178
-0.745,-0.924
-0.789,-1.188
-0.948,0.789
-1.03,-1.196
-1.114,-1.973
-1.314,0.43
-1.633,0.646
-1.68,-0.441
-1.57,0.52
-1.758,-0.896
-1.776,0.468
-1.857,0.701
-1.899,0.252
-1.792,-2.007
-1.946,-0.142
-1.869,-1.13
-1.894,-2.121
-1.959,-1.598
-2.136,0.11
-2.306,-1.175
-2.594,-0.788
-2.626,0.327
-2.557,0.713
-2.589,0.29
-2.738,0.416
-2.75,-0.445
-2.806,0.168
-2.776,-0.891
-2.825,-2.102
3.136,-2.13
3.08,-2.247
2.855,-2.429
2.917,-2.499
1.228,-2.557
1.12,-2.523
0.967,-2.327
0.983,-2.284
0.761,-2.39
0.29,-2.395
0.208,-2.381
-2.113,-2.42
-2.71,-2.247
-2.853,-2.618
2.488,1.885
2.522,1.846
2.327,2.125
2.235,2.07
1.81,2.119
1.913,2.02
1.203,1.755
1.359,2.109
1.148,2.069
1.039,2.135
0.36,2.081
-0.276,2.084
-1.157,1.914
-1.07,2.019
-1.423,2.195
-1.542,2.181
-2.218,1.817
-2.254,2.173
-2.554,2.205
-2.587,2.03
-2.644,1.924
2.951,-1.314
1.89,-0.654
1.779,-0.893
1.467,-1.662
-0.797,0.887
-0.951,-0.554
-0.977,-0.334
-1.729,0.366
-2.5,-2.144
0.727,1.103
-0.597,-0.287
-1.178,0.528
-1.13,0.065
-1.548,-1.073
-1.813,-0.298
-1.754,0.59
-2.099,-0.681
-2.205,0.611
-2.419,0.742
-2.453,0.884
0.196,-0.367
0.068,0.906
-1.323,-1.388
2.046,-2.268
-1.422,-2.093
-1.779,-1.978
-0.207,-1.071
-0.094,-2.083
-0.101,-2.533
-0.315,-2.168
-0.218,-1.392
-0.418,-0.027
-0.307,-2.205
-0.323,-0.482
-0.502,-0.26
-0.618,-0.972
-0.637,-2.487
-0.78,1.254
-0.854,-2.521
-0.725,-1.267
-0.769,-1.531
-0.928,0.446
-1.01,-1.539
-1.094,-2.316
-1.294,0.087
-1.613,0.303
-1.66,-0.784
-1.55,0.177
-1.738,-1.239
-1.756,0.125
-1.837,0.358
-1.879,-0.091
-1.772,-2.35
-1.926,-0.485
-1.849,-1.473
-1.874,-2.464
-1.939,-1.941
-2.116,-0.233
-2.286,-1.518
-2.574,-1.131
-2.606,-0.016
-2.537,0.37
-2.569,-0.053
-2.718,0.073
-2.73,-0.788
-2.786,-0.175
-2.756,-1.234
-2.805,-2.445
-3.127,-2.473
3.1,-2.59
2.875,-2.772
2.937,-2.842
1.248,-2.9
1.14,-2.866
0.987,-2.67
1.003,-2.627
0.781,-2.733
0.31,-2.738
0.228,-2.724
-2.093,-2.763
-2.69,-2.59
-2.833,-2.961
2.508,1.542
2.542,1.503
2.347,1.782
2.255,1.727
1.83,1.776
1.933,1.677
1.223,1.412
1.379,1.766
1.168,1.726
1.059,1.792
0.38,1.738
-0.256,1.741
-1.137,1.571
-1.05,1.676
-1.403,1.852
-1.522,1.838
-2.198,1.474
-2.234,1.83
-2.534,1.862
-2.567,1.687
-2.624,1.581
2.971,-1.657
1.91,-0.997
1.799,-1.236
1.487,-2.005
-0.777,0.544
-0.931,-0.897
-0.957,-0.677
-1.709,0.023
-2.48,-2.487
0.747,0.76
-0.577,-0.63
-1.158,0.185
-1.11,-0.278
-1.528,-1.416
-1.793,-0.641
-1.734,0.247
-2.079,-1.024
-2.185,0.268
-2.399,0.399
-2.433,0.541
0.216,-0.71
0.088,0.563
-1.303,-1.731
2.066,-2.611
-1.402,-2.436
-1.759,-2.321
0.113,-1.012
0.106,-1.462
-0.108,-1.097
-0.011,-0.321
-0.211,1.044
-0.1,-1.134
-0.116,0.589
-0.295,0.811
-0.411,0.099
-0.43,-1.416
-0.573,2.325
-0.647,-1.45
-0.518,-0.196
-0.562,-0.46
-0.721,1.517
-0.803,-0.468
-0.887,-1.245
-1.087,1.158
-1.406,1.374
-1.453,0.287
-1.343,1.248
-1.531,-0.168
-1.549,1.196
-1.63,1.429
-1.672,0.98
-1.565,-1.279
-1.719,0.586
-1.642,-0.402
-1.667,-1.393
-1.732,-0.87
-1.909,0.838
-2.079,-0.447
-2.367,-0.06
-2.399,1.055
-2.33,1.441
-2.362,1.018
-2.511,1.144
-2.523,0.283
-2.579,0.896
-2.549,-0.163
-2.598,-1.374
-2.92,-1.402
-2.976,-1.519
3.082,-1.701
-3.139,-1.771
1.455,-1.829
1.347,-1.795
1.194,-1.599
1.21,-1.556
0.988,-1.662
0.517,-1.667
0.435,-1.653
-1.886,-1.692
-2.483,-1.519
-2.626,-1.89
2.715,2.613
2.749,2.574
2.554,2.853
2.462,2.798
2.037,2.847
2.14,2.748
1.43,2.483
1.586,2.837
1.375,2.797
1.266,2.863
0.587,2.809
-0.049,2.812
-0.93,2.642
-0.843,2.747
-1.196,2.923
-1.315,2.909
-1.991,2.545
-2.027,2.901
-2.327,2.933
-2.36,2.758
-2.417,2.652
-3.105,-0.586
2.117,0.074
2.006,-0.165
1.694,-0.934
-0.57,1.615
-0.724,0.174
-0.75,0.394
-1.502,1.094
-2.273,-1.416
0.954,1.831
-0.37,0.441
-0.951,1.256
-0.903,0.793
-1.321,-0.345
-1.586,0.43
-1.527,1.318
-1.872,0.047
-1.978,1.339
-2.192,1.47
-2.226,1.612
0.423,0.361
0.295,1.634
-1.096,-0.66
2.273,-1.54
-1.195,-1.365
-1.552,-1.25
-0.007,-0.45
-0.221,-0.085
-0.124,0.691
-0.324,2.056
-0.213,-0.122
-0.229,1.601
-0.408,1.823
-0.524,1.111
-0.543,-0.404
-0.686,3.337
-0.76,-0.438
-0.631,0.816
-0.675,0.552
-0.834,2.529
-0.916,0.544
-1.0,-0.233
-1.2,2.17
-1.519,2.386
-1.566,1.299
-1.456,2.26
-1.644,0.844
-1.662,2.208
-1.743,2.441
-1.785,1.992
-1.678,-0.267
-1.832,1.598
-1.755,0.61
-1.78,-0.381
-1.845,0.142
-2.022,1.85
-2.192,0.565
-2.48,0.952
-2.512,2.067
-2.443,2.453
-2.475,2.03
-2.624,2.156
-2.636,1.295
-2.692,1.908
-2.662,0.849
-2.711,-0.362
-3.033,-0.39
-3.089,-0.507
2.969,-0.689
3.031,-0.759
1.342,-0.817
1.234,-0.783
1.081,-0.587
1.097,-0.544
0.875,-0.65
0.404,-0.655
0.322,-0.641
-1.999,-0.68
-2.596,-0.507
-2.739,-0.878
2.602,3.625
2.636,3.586
2.441,3.865
2.349,3.81
1.924,3.859
2.027,3.76
1.317,3.495
1.473,3.849
1.262,3.809
1.153,3.875
0.474,3.821
-0.162,3.824
-1.043,3.654
-0.956,3.759
-1.309,3.935
-1.428,3.921
-2.104,3.557
-2.14,3.913
-2.44,3.945
-2.473,3.77
-2.53,3.664
3.065,0.426
2.004,1.086
1.893,0.847
1.581,0.078
-0.683,2.627
-0.837,1.186
-0.863,1.406
-1.615,2.106
-2.386,-0.404
0.841,2.843
-0.483,1.453
-1.064,2.268
-1.016,1.805
-1.434,0.667
-1.699,1.442
-1.64,2.33
-1.985,1.059
-2.091,2.351
-2.305,2.482
-2.339,2.624
0.31,1.373
0.182,2.646
-1.209,0.352
2.16,-0.528
-1.308,-0.353
-1.665,-0.238
-0.214,0.365
-0.117,1.141
-0.317,2.506
-0.206,0.328
-0.222,2.051
-0.401,2.273
-0.517,1.561
-0.536,0.046
-0.679,3.787
-0.753,0.012
-0.624,1.266
-0.668,1.002
-0.827,2.979
-0.909,0.994
-0.993,0.217
-1.193,2.62
-1.512,2.836
-1.559,1.749
-1.449,2.71
-1.637,1.294
-1.655,2.658
-1.736,2.891
-1.778,2.442
-1.671,0.183
-1.825,2.048
-1.748,1.06
-1.773,0.069
-1.838,0.592
-2.015,2.3
-2.185,1.015
-2.473,1.402
-2.505,2.517
-2.436,2.903
-2.468,2.48
-2.617,2.606
-2.629,1.745
-2.685,2.358
-2.655,1.299
-2.704,0.088
-3.026,0.06
-3.082,-0.057
2.976,-0.239
3.038,-0.309
1.349,-0.367
1.241,-0.333
1.088,-0.137
1.104,-0.094
0.882,-0.2
0.411,-0.205
0.329,-0.191
-1.992,-0.23
-2.589,-0.057
-2.732,-0.428
2.609,4.075
2.643,4.036
2.448,4.315
2.356,4.26
1.931,4.309
2.034,4.21
1.324,3.945
1.48,4.299
1.269,4.259
1.16,4.325
0.481,4.271
-0.155,4.274
-1.036,4.104
-0.949,4.209
-1.302,4.385
-1.421,4.371
-2.097,4.007
-2.133,4.363
-2.433,4.395
-2.466,4.22
-2.523,4.114
3.072,0.876
2.011,1.536
1.9,1.297
1.588,0.528
-0.676,3.077
-0.83,1.636
-0.856,1.856
-1.608,2.556
-2.379,0.046
0.848,3.293
-0.476,1.903
-1.057,2.718
-1.009,2.255
-1.427,1.117
-1.692,1.892
-1.633,2.78
-1.978,1.509
-2.084,2.801
-2.298,2.932
-2.332,3.074
0.317,1.823
0.189,3.096
-1.202,0.802
2.167,-0.078
-1.301,0.097
-1.658,0.212
0.097,0.776
-0.103,2.141
0.008,-0.037
-0.008,1.686
-0.187,1.908
-0.303,1.196
-0.322,-0.319
-0.465,3.422
-0.539,-0.353
-0.41,0.901
-0.454,0.637
-0.613,2.614
-0.695,0.629
-0.779,-0.148
-0.979,2.255
-1.298,2.471
-1.345,1.384
-1.235,2.345
-1.423,0.929
-1.441,2.293
-1.522,2.526
-1.564,2.077
-1.457,-0.182
-1.611,1.683
-1.534,0.695
-1.559,-0.296
-1.624,0.227
-1.801,1.935
-1.971,0.65
-2.259,1.037
-2.291,2.152
-2.222,2.538
-2.254,2.115
-2.403,2.241
-2.415,1.38
-2.471,1.993
-2.441,0.934
-2.49,-0.277
-2.812,-0.305
-2.868,-0.422
-3.093,-0.604
-3.031,-0.674
1.563,-0.732
1.455,-0.698
1.302,-0.502
1.318,-0.459
1.096,-0.565
0.625,-0.57
0.543,-0.556
-1.778,-0.595
-2.375,-0.422
-2.518,-0.793
2.823,3.71
2.857,3.671
2.662,3.95
2.57,3.895
2.145,3.944
2.248,3.845
1.538,3.58
1.694,3.934
1.483,3.894
1.374,3.96
0.695,3.906
0.059,3.909
-0.822,3.739
-0.735,3.844
-1.088,4.02
-1.207,4.006
-1.883,3.642
-1.919,3.998
-2.219,4.03
-2.252,3.855
-2.309,3.749
-2.997,0.511
2.225,1.171
2.114,0.932
1.802,0.163
-0.462,2.712
-0.616,1.271
-0.642,1.491
-1.394,2.191
-2.165,-0.319
1.062,2.928
-0.262,1.538
-0.843,2.353
-0.795,1.89
-1.213,0.752
-1.478,1.527
-1.419,2.415
-1.764,1.144
-1.87,2.436
-2.084,2.567
-2.118,2.709
0.531,1.458
0.403,2.731
-0.988,0.437
2.381,-0.443
-1.087,-0.268
-1.444,-0.153
-0.2,1.365
-0.089,-0.813
-0.105,0.91
-0.284,1.132
-0.4,0.42
-0.419,-1.095
-0.562,2.646
-0.636,-1.129
-0.507,0.125
-0.551,-0.139
-0.71,1.838
-0.792,-0.147
-0.876,-0.924
-1.076,1.479
-1.395,1.695
-1.442,0.608
-1.332,1.569
-1.52,0.153
-1.538,1.517
-1.619,1.75
-1.661,1.301
-1.554,-0.958
-1.708,0.907
-1.631,-0.081
-1.656,-1.072
-1.721,-0.549
-1.898,1.159
-2.068,-0.126
-2.356,0.261
-2.388,1.376
-2.319,1.762
-2.351,1.339
-2.5,1.465
-2.512,0.604
-2.568,1.217
-2.538,0.158
-2.587,-1.053
-2.909,-1.081
-2.965,-1.198
3.093,-1.38
-3.128,-1.45
1.466,-1.508
1.358,-1.474
1.205,-1.278
1.221,-1.235
0.999,-1.341
0.528,-1.346
0.446,-1.332
-1.875,-1.371
-2.472,-1.198
-2.615,-1.569
2.726,2.934
2.76,2.895
2.565,3.174
2.473,3.119
2.048,3.168
2.151,3.069
1.441,2.804
1.597,3.158
1.386,3.118
1.277,3.184
0.598,3.13
-0.038,3.133
-0.919,2.963
-0.832,3.068
-1.185,3.244
-1.304,3.23
-1.98,2.866
-2.016,3.222
-2.316,3.254
-2.349,3.079
-2.406,2.973
-3.094,-0.265
2.128,0.395
2.017,0.156
1.705,-0.613
-0.559,1.936
-0.713,0.495
-0.739,0.715
-1.491,1.415
-2.262,-1.095
0.965,2.152
-0.359,0.762
-0.94,1.577
-0.892,1.114
-1.31,-0.024
-1.575,0.751
-1.516,1.639
-1.861,0.368
-1.967,1.66
-2.181,1.791
-2.215,1.933
0.434,0.682
0.306,1.955
-1.085,-0.339
2.284,-1.219
-1.184,-1.044
-1.541,-0.929
0.111,-2.178
0.095,-0.455
-0.084,-0.233
-0.2,-0.945
-0.219,-2.46
-0.362,1.281
-0.436,-2.494
-0.307,-1.24
-0.351,-1.504
-0.51,0.473
-0.592,-1.512
-0.676,-2.289
-0.876,0.114
-1.195,0.33
-1.242,-0.757
-1.132,0.204
-1.32,-1.212
-1.338,0.152
-1.419,0.385
-1.461,-0.064
-1.354,-2.323
-1.508,-0.458
-1.431,-1.446
-1.456,-2.437
-1.521,-1.914
-1.698,-0.206
-1.868,-1.491
-2.156,-1.104
-2.188,0.011
-2.119,0.397
-2.151,-0.026
-2.3,0.1
-2.312,-0.761
-2.368,-0.148
-2.338,-1.207
-2.387,-2.418
-2.709,-2.446
-2.765,-2.563
-2.99,-2.745
-2.928,-2.815
1.666,-2.873
1.558,-2.839
1.405,-2.643
1.421,-2.6
1.199,-2.706
0.728,-2.711
0.646,-2.697
-1.675,-2.736
-2.272,-2.563
-2.415,-2.934
2.926,1.569
2.96,1.53
2.765,1.809
2.673,1.754
2.248,1.803
2.351,1.704
1.641,1.439
1.797,1.793
1.586,1.753
1.477,1.819
0.798,1.765
0.162,1.768
-0.719,1.598
-0.632,1.703
-0.985,1.879
-1.104,1.865
-1.78,1.501
-1.816,1.857
-2.116,1.889
-2.149,1.714
-2.206,1.608
-2.894,-1.63
2.328,-0.97
2.217,-1.209
1.905,-1.978
-0.359,0.571
-0.513,-0.87
-0.539,-0.65
-1.291,0.05
-2.062,-2.46
1.165,0.787
-0.159,-0.603
-0.74,0.212
-0.692,-0.251
-1.11,-1.389
-1.375,-0.614
-1.316,0.274
-1.661,-0.997
-1.767,0.295
-1.981,0.426
-2.015,0.568
0.634,-0.683
0.506,0.59
-0.885,-1.704
2.484,-2.584
-0.984,-2.409
-1.341,-2.294
-0.016,1.723
-0.195,1.945
-0.311,1.233
-0.33,-0.282
-0.473,3.459
-0.547,-0.316
-0.418,0.938
-0.462,0.674
-0.621,2.651
-0.703,0.666
-0.787,-0.111
-0.987,2.292
-1.306,2.508
-1.353,1.421
-1.243,2.382
-1.431,0.966
-1.449,2.33
-1.53,2.563
-1.572,2.114
-1.465,-0.145
-1.619,1.72
-1.542,0.732
-1.567,-0.259
-1.632,0.264
-1.809,1.972
-1.979,0.687
-2.267,1.074
-2.299,2.189
-2.23,2.575
-2.262,2.152
-2.411,2.278
-2.423,1.417
-2.479,2.03
-2.449,0.971
-2.498,-0.24
-2.82,-0.268
-2.876,-0.385
-3.101,-0.567
-3.039,-0.637
1.555,-0.695
1.447,-0.661
1.294,-0.465
1.31,-0.422
1.088,-0.528
0.617,-0.533
0.535,-0.519
-1.786,-0.558
-2.383,-0.385
-2.526,-0.756
2.815,3.747
2.849,3.708
2.654,3.987
2.562,3.932
2.137,3.981
2.24,3.882
1.53,3.617
1.686,3.971
1.475,3.931
1.366,3.997
0.687,3.943
0.051,3.946
-0.83,3.776
-0.743,3.881
-1.096,4.057
-1.215,4.043
-1.891,3.679
-1.927,4.035
-2.227,4.067
-2.26,3.892
-2.317,3.786
-3.005,0.548
2.217,1.208
2.106,0.969
1.794,0.2
-0.47,2.749
-0.624,1.308
-0.65,1.528
-1.402,2.228
-2.173,-0.282
1.054,2.965
-0.27,1.575
-0.851,2.39
-0.803,1.927
-1.221,0.789
-1.486,1.564
-1.427,2.452
-1.772,1.181
-1.878,2.473
-2.092,2.604
-2.126,2.746
0.523,1.495
0.395,2.768
-0.996,0.474
2.373,-0.406
-1.095,-0.231
-1.452,-0.116
-0.179,0.222
-0.295,-0.49
-0.314,-2.005
-0.457,1.736
-0.531,-2.039
-0.402,-0.785
-0.446,-1.049
-0.605,0.928
-0.687,-1.057
-0.771,-1.834
-0.971,0.569
-1.29,0.785
-1.337,-0.302
-1.227,0.659
-1.415,-0.757
-1.433,0.607
-1.514,0.84
-1.556,0.391
-1.449,-1.868
-1.603,-0.003
-1.526,-0.991
-1.551,-1.982
-1.616,-1.459
-1.793,0.249
-1.963,-1.036
-2.251,-0.649
-2.283,0.466
-2.214,0.852
-2.246,0.429
-2.395,0.555
-2.407,-0.306
-2.463,0.307
-2.433,-0.752
-2.482,-1.963
-2.804,-1.991
-2.86,-2.108
-3.085,-2.29
-3.023,-2.36
1.571,-2.418
1.463,-2.384
1.31,-2.188
1.326,-2.145
1.104,-2.251
0.633,-2.256
0.551,-2.242
-1.77,-2.281
-2.367,-2.108
-2.51,-2.479
2.831,2.024
2.865,1.985
2.67,2.264
2.578,2.209
2.153,2.258
2.256,2.159
1.546,1.894
1.702,2.248
1.491,2.208
1.382,2.274
0.703,2.22
0.067,2.223
-0.814,2.053
-0.727,2.158
-1.08,2.334
-1.199,2.32
-1.875,1.956
-1.911,2.312
-2.211,2.344
-2.244,2.169
-2.301,2.063
-2.989,-1.175
2.233,-0.515
2.122,-0.754
1.81,-1.523
-0.454,1.026
-0.608,-0.415
-0.634,-0.195
-1.386,0.505
-2.157,-2.005
1.07,1.242
-0.254,-0.148
-0.835,0.667
-0.787,0.204
-1.205,-0.934
-1.47,-0.159
-1.411,0.729
-1.756,-0.542
-1.862,0.75
-2.076,0.881
-2.11,1.023
0.539,-0.228
0.411,1.045
-0.98,-1.249
2.389,-2.129
-1.079,-1.954
-1.436,-1.839
-0.116,-0.712
-0.135,-2.227
-0.278,1.514
-0.352,-2.261
-0.223,-1.007
-0.267,-1.271
-0.426,0.706
-0.508,-1.279
-0.592,-2.056
-0.792,0.347
-1.111,0.563
-1.158,-0.524
-1.048,0.437
-1.236,-0.979
-1.254,0.385
-1.335,0.618
-1.377,0.169
-1.27,-2.09
-1.424,-0.225
-1.347,-1.213
-1.372,-2.204
-1.437,-1.681
-1.614,0.027
-1.784,-1.258
-2.072,-0.871
-2.104,0.244
-2.035,0.63
-2.067,0.207
-2.216,0.333
-2.228,-0.528
-2.284,0.085
-2.254,-0.974
-2.303,-2.185
-2.625,-2.213
-2.681,-2.33
-2.906,-2.512
-2.844,-2.582
1.75,-2.64
1.642,-2.606
1.489,-2.41
1.505,-2.367
1.283,-2.473
0.812,-2.478
0.73,-2.464
-1.591,-2.503
-2.188,-2.33
-2.331,-2.701
3.01,1.802
3.044,1.763
2.849,2.042
2.757,1.987
2.332,2.036
2.435,1.937
1.725,1.672
1.881,2.026
1.67,1.986
1.561,2.052
0.882,1.998
0.246,2.001
-0.635,1.831
-0.548,1.936
-0.901,2.112
-1.02,2.098
-1.696,1.734
-1.732,2.09
-2.032,2.122
-2.065,1.947
-2.122,1.841
-2.81,-1.397
2.412,-0.737
2.301,-0.976
1.989,-1.745
-0.275,0.804
-0.429,-0.637
-0.455,-0.417
-1.207,0.283
-1.978,-2.227
1.249,1.02
-0.075,-0.37
-0.656,0.445
-0.608,-0.018
-1.026,-1.156
-1.291,-0.381
-1.232,0.507
-1.577,-0.764
-1.683,0.528
-1.897,0.659
-1.931,0.801
0.718,-0.45
0.59,0.823
-0.801,-1.471
2.568,-2.351
-0.9,-2.176
-1.257,-2.061
-0.019,-1.515
-0.162,2.226
-0.236,-1.549
-0.107,-0.295
-0.151,-0.559
-0.31,1.418
-0.392,-0.567
-0.476,-1.344
-0.676,1.059
-0.995,1.275
-1.042,0.188
-0.932,1.149
-1.12,-0.267
-1.138,1.097
-1.219,1.33
-1.261,0.881
-1.154,-1.378
-1.308,0.487
-1.231,-0.501
-1.256,-1.492
-1.321,-0.969
-1.498,0.739
-1.668,-0.546
-1.956,-0.159
-1.988,0.956
-1.919,1.342
-1.951,0.919
-2.1,1.045
-2.112,0.184
-2.168,0.797
-2.138,-0.262
-2.187,-1.473
-2.509,-1.501
-2.565,-1.618
-2.79,-1.8
-2.728,-1.87
1.866,-1.928
1.758,-1.894
1.605,-1.698
1.621,-1.655
1.399,-1.761
0.928,-1.766
0.846,-1.752
-1.475,-1.791
-2.072,-1.618
-2.215,-1.989
3.126,2.514
-3.123,2.475
2.965,2.754
2.873,2.699
2.448,2.748
2.551,2.649
1.841,2.384
1.997,2.738
1.786,2.698
1.677,2.764
0.998,2.71
0.362,2.713
-0.519,2.543
-0.432,2.648
-0.785,2.824
-0.904,2.81
-1.58,2.446
-1.616,2.802
-1.916,2.834
-1.949,2.659
-2.006,2.553
-2.694,-0.685
2.528,-0.025
2.417,-0.264
2.105,-1.033
-0.159,1.516
-0.313,0.075
-0.339,0.295
-1.091,0.995
-1.862,-1.515
1.365,1.732
0.041,0.342
-0.54,1.157
-0.492,0.694
-0.91,-0.444
-1.175,0.331
-1.116,1.219
-1.461,-0.052
-1.567,1.24
-1.781,1.371
-1.815,1.513
0.834,0.262
0.706,1.535
-0.685,-0.759
2.684,-1.639
-0.784,-1.464
-1.141,-1.349
-0.143,3.741
-0.217,-0.034
-0.088,1.22
-0.132,0.956
-0.291,2.933
-0.373,0.948
-0.457,0.171
-0.657,2.574
-0.976,2.79
-1.023,1.703
-0.913,2.664
-1.101,1.248
-1.119,2.612
-1.2,2.845
-1.242,2.396
-1.135,0.137
-1.289,2.002
-1.212,1.014
-1.237,0.023
-1.302,0.546
-1.479,2.254
-1.649,0.969
-1.937,1.356
-1.969,2.471
-1.9,2.857
-1.932,2.434
-2.081,2.56
-2.093,1.699
-2.149,2.312
-2.119,1.253
-2.168,0.042
-2.49,0.014
-2.546,-0.103
-2.771,-0.285
-2.709,-0.355
1.885,-0.413
1.777,-0.379
1.624,-0.183
1.64,-0.14
1.418,-0.246
0.947,-0.251
0.865,-0.237
-1.456,-0.276
-2.053,-0.103
-2.196,-0.474
-3.138,4.029
-3.104,3.99
2.984,4.269
2.892,4.214
2.467,4.263
2.57,4.164
1.86,3.899
2.016,4.253
1.805,4.213
1.696,4.279
1.017,4.225
0.381,4.228
-0.5,4.058
-0.413,4.163
-0.766,4.339
-0.885,4.325
-1.561,3.961
-1.597,4.317
-1.897,4.349
-1.93,4.174
-1.987,4.068
-2.675,0.83
2.547,1.49
2.436,1.251
2.124,0.482
-0.14,3.031
-0.294,1.59
-0.32,1.81
-1.072,2.51
-1.843,0.0
1.384,3.247
0.06,1.857
-0.521,2.672
-0.473,2.209
-0.891,1.071
-1.156,1.846
-1.097,2.734
-1.442,1.463
-1.548,2.755
-1.762,2.886
-1.796,3.028
0.853,1.777
0.725,3.05
-0.666,0.756
2.703,-0.124
-0.765,0.051
-1.122,0.166
-0.074,-3.775
0.055,-2.521
0.011,-2.785
-0.148,-0.808
-0.23,-2.793
-0.314,-3.57
-0.514,-1.167
-0.833,-0.951
-0.88,-2.038
-0.77,-1.077
-0.958,-2.493
-0.976,-1.129
-1.057,-0.896
-1.099,-1.345
-0.992,-3.604
-1.146,-1.739
-1.069,-2.727
-1.094,-3.718
-1.159,-3.195
-1.336,-1.487
-1.506,-2.772
-1.794,-2.385
-1.826,-1.27
-1.757,-0.884
-1.789,-1.307
-1.938,-1.181
-1.95,-2.042
-2.006,-1.429
-1.976,-2.488
-2.025,-3.699
-2.347,-3.727
-2.403,-3.844
-2.628,-4.026
-2.566,-4.096
2.028,-4.154
1.92,-4.12
1.767,-3.924
1.783,-3.881
1.561,-3.987
1.09,-3.992
1.008,-3.978
-1.313,-4.017
-1.91,-3.844
-2.053,-4.215
-2.995,0.288
-2.961,0.249
3.127,0.528
3.035,0.473
2.61,0.522
2.713,0.423
2.003,0.158
2.159,0.512
1.948,0.472
1.839,0.538
1.16,0.484
0.524,0.487
-0.357,0.317
-0.27,0.422
-0.623,0.598
-0.742,0.584
-1.418,0.22
-1.454,0.576
-1.754,0.608
-1.787,0.433
-1.844,0.327
-2.532,-2.911
2.69,-2.251
2.579,-2.49
2.267,-3.259
0.003,-0.71
-0.151,-2.151
-0.177,-1.931
-0.929,-1.231
-1.7,-3.741
1.527,-0.494
0.203,-1.884
-0.378,-1.069
-0.33,-1.532
-0.748,-2.67
-1.013,-1.895
-0.954,-1.007
-1.299,-2.278
-1.405,-0.986
-1.619,-0.855
-1.653,-0.713
0.996,-1.964
0.868,-0.691
-0.523,-2.985
2.846,-3.865
-0.622,-3.69
-0.979,-3.575
0.129,1.254
0.085,0.99
-0.074,2.967
-0.156,0.982
-0.24,0.205
-0.44,2.608
-0.759,2.824
-0.806,1.737
-0.696,2.698
-0.884,1.282
-0.902,2.646
-0.983,2.879
-1.025,2.43
-0.918,0.171
-1.072,2.036
-0.995,1.048
-1.02,0.057
-1.085,0.58
-1.262,2.288
-1.432,1.003
-1.72,1.39
-1.752,2.505
-1.683,2.891
-1.715,2.468
-1.864,2.594
-1.876,1.733
-1.932,2.346
-1.902,1.287
-1.951,0.076
-2.273,0.048
-2.329,-0.069
-2.554,-0.251
-2.492,-0.321
2.102,-0.379
1.994,-0.345
1.841,-0.149
1.857,-0.106
1.635,-0.212
1.164,-0.217
1.082,-0.203
-1.239,-0.242
-1.836,-0.069
-1.979,-0.44
-2.921,4.063
-2.887,4.024
-3.082,4.303
3.109,4.248
2.684,4.297
2.787,4.198
2.077,3.933
2.233,4.287
2.022,4.247
1.913,4.313
1.234,4.259
0.598,4.262
-0.283,4.092
-0.196,4.197
-0.549,4.373
-0.668,4.359
-1.344,3.995
-1.38,4.351
-1.68,4.383
-1.713,4.208
-1.77,4.102
-2.458,0.864
2.764,1.524
2.653,1.285
2.341,0.516
0.077,3.065
-0.077,1.624
-0.103,1.844
-0.855,2.544
-1.626,0.034
1.601,3.281
0.277,1.891
-0.304,2.706
-0.256,2.243
-0.674,1.105
-0.939,1.88
-0.88,2.768
-1.225,1.497
-1.331,2.789
-1.545,2.92
-1.579,3.062
1.07,1.811
0.942,3.084
-0.449,0.79
2.92,-0.09
-0.548,0.085
-0.905,0.2
-0.044,-0.264
-0.203,1.713
-0.285,-0.272
-0.369,-1.049
-0.569,1.354
-0.888,1.57
-0.935,0.483
-0.825,1.444
-1.013,0.028
-1.031,1.392
-1.112,1.625
-1.154,1.176
-1.047,-1.083
-1.201,0.782
-1.124,-0.206
-1.149,-1.197
-1.214,-0.674
-1.391,1.034
-1.561,-0.251
-1.849,0.136
-1.881,1.251
-1.812,1.637
-1.844,1.214
-1.993,1.34
-2.005,0.479
-2.061,1.092
-2.031,0.033
-2.08,-1.178
-2.402,-1.206
-2.458,-1.323
-2.683,-1.505
-2.621,-1.575
1.973,-1.633
1.865,-1.599
1.712,-1.403
1.728,-1.36
1.506,-1.466
1.035,-1.471
0.953,-1.457
-1.368,-1.496
-1.965,-1.323
-2.108,-1.694
-3.05,2.809
-3.016,2.77
3.072,3.049
2.98,2.994
2.555,3.043
2.658,2.944
1.948,2.679
2.104,3.033
1.893,2.993
1.784,3.059
1.105,3.005
0.469,3.008
-0.412,2.838
-0.325,2.943
-0.678,3.119
-0.797,3.105
-1.473,2.741
-1.509,3.097
-1.809,3.129
-1.842,2.954
-1.899,2.848
-2.587,-0.39
2.635,0.27
2.524,0.031
2.212,-0.738
-0.052,1.811
-0.206,0.37
-0.232,0.59
-0.984,1.29
-1.755,-1.22
1.472,2.027
0.148,0.637
-0.433,1.452
-0.385,0.989
-0.803,-0.149
-1.068,0.626
-1.009,1.514
-1.354,0.243
-1.46,1.535
-1.674,1.666
-1.708,1.808
0.941,0.557
0.813,1.83
-0.578,-0.464
2.791,-1.344
-0.677,-1.169
-1.034,-1.054
-0.159,1.977
-0.241,-0.008
-0.325,-0.785
-0.525,1.618
-0.844,1.834
-0.891,0.747
-0.781,1.708
-0.969,0.292
-0.987,1.656
-1.068,1.889
-1.11,1.44
-1.003,-0.819
-1.157,1.046
-1.08,0.058
-1.105,-0.933
-1.17,-0.41
-1.347,1.298
-1.517,0.013
-1.805,0.4
-1.837,1.515
-1.768,1.901
-1.8,1.478
-1.949,1.604
-1.961,0.743
-2.017,1.356
-1.987,0.297
-2.036,-0.914
-2.358,-0.942
-2.414,-1.059
-2.639,-1.241
-2.577,-1.311
2.017,-1.369
1.909,-1.335
1.756,-1.139
1.772,-1.096
1.55,-1.202
1.079,-1.207
0.997,-1.193
-1.324,-1.232
-1.921,-1.059
-2.064,-1.43
-3.006,3.073
-2.972,3.034
3.116,3.313
3.024,3.258
2.599,3.307
2.702,3.208
1.992,2.943
2.148,3.297
1.937,3.257
1.828,3.323
1.149,3.269
0.513,3.272
-0.368,3.102
-0.281,3.207
-0.634,3.383
-0.753,3.369
-1.429,3.005
-1.465,3.361
-1.765,3.393
-1.798,3.218
-1.855,3.112
-2.543,-0.126
2.679,0.534
2.568,0.295
2.256,-0.474
-0.008,2.075
-0.162,0.634
-0.188,0.854
-0.94,1.554
-1.711,-0.956
1.516,2.291
0.192,0.901
-0.389,1.716
-0.341,1.253
-0.759,0.115
-1.024,0.89
-0.965,1.778
-1.31,0.507
-1.416,1.799
-1.63,1.93
-1.664,2.072
0.985,0.821
0.857,2.094
-0.534,-0.2
2.835,-1.08
-0.633,-0.905
-0.99,-0.79
-0.082,-1.985
-0.166,-2.762
-0.366,-0.359
-0.685,-0.143
-0.732,-1.23
-0.622,-0.269
-0.81,-1.685
-0.828,-0.321
-0.909,-0.088
-0.951,-0.537
-0.844,-2.796
-0.998,-0.931
-0.921,-1.919
-0.946,-2.91
-1.011,-2.387
-1.188,-0.679
-1.358,-1.964
-1.646,-1.577
-1.678,-0.462
-1.609,-0.076
-1.641,-0.499
-1.79,-0.373
-1.802,-1.234
-1.858,-0.621
-1.828,-1.68
-1.877,-2.891
-2.199,-2.919
-2.255,-3.036
-2.48,-3.218
-2.418,-3.288
2.176,-3.346
2.068,-3.312
1.915,-3.116
1.931,-3.073
1.709,-3.179
1.238,-3.184
1.156,-3.17
-1.165,-3.209
-1.762,-3.036
-1.905,-3.407
-2.847,1.096
-2.813,1.057
-3.008,1.336
-3.1,1.281
2.758,1.33
2.861,1.231
2.151,0.966
2.307,1.32
2.096,1.28
1.987,1.346
1.308,1.292
0.672,1.295
-0.209,1.125
-0.122,1.23
-0.475,1.406
-0.594,1.392
-1.27,1.028
-1.306,1.384
-1.606,1.416
-1.639,1.241
-1.696,1.135
-2.384,-2.103
2.838,-1.443
2.727,-1.682
2.415,-2.451
0.151,0.098
-0.003,-1.343
-0.029,-1.123
-0.781,-0.423
-1.552,-2.933
1.675,0.314
0.351,-1.076
-0.23,-0.261
-0.182,-0.724
-0.6,-1.862
-0.865,-1.087
-0.806,-0.199
-1.151,-1.47
-1.257,-0.178
-1.471,-0.047
-1.505,0.095
1.144,-1.156
1.016,0.117
-0.375,-2.177
2.994,-3.057
-0.474,-2.882
-0.831,-2.767
-0.084,-0.777
-0.284,1.626
-0.603,1.842
-0.65,0.755
-0.54,1.716
-0.728,0.3
-0.746,1.664
-0.827,1.897
-0.869,1.448
-0.762,-0.811
-0.916,1.054
-0.839,0.066
-0.864,-0.925
-0.929,-0.402
-1.106,1.306
-1.276,0.021
-1.564,0.408
-1.596,1.523
-1.527,1.909
-1.559,1.486
-1.708,1.612
-1.72,0.751
-1.776,1.364
-1.746,0.305
-1.795,-0.906
-2.117,-0.934
-2.173,-1.051
-2.398,-1.233
-2.336,-1.303
2.258,-1.361
2.15,-1.327
1.997,-1.131
2.013,-1.088
1.791,-1.194
1.32,-1.199
1.238,-1.185
-1.083,-1.224
-1.68,-1.051
-1.823,-1.422
-2.765,3.081
-2.731,3.042
-2.926,3.321
-3.018,3.266
2.84,3.315
2.943,3.216
2.233,2.951
2.389,3.305
2.178,3.265
2.069,3.331
1.39,3.277
0.754,3.28
-0.127,3.11
-0.04,3.215
-0.393,3.391
-0.512,3.377
-1.188,3.013
-1.224,3.369
-1.524,3.401
-1.557,3.226
-1.614,3.12
-2.302,-0.118
2.92,0.542
2.809,0.303
2.497,-0.466
0.233,2.083
0.079,0.642
0.053,0.862
-0.699,1.562
-1.47,-0.948
1.757,2.299
0.433,0.909
-0.148,1.724
-0.1,1.261
-0.518,0.123
-0.783,0.898
-0.724,1.786
-1.069,0.515
-1.175,1.807
-1.389,1.938
-1.423,2.08
1.226,0.829
1.098,2.102
-0.293,-0.192
3.076,-1.072
-0.392,-0.897
-0.749,-0.782
-0.2,2.403
-0.519,2.619
-0.566,1.532
-0.456,2.493
-0.644,1.077
-0.662,2.441
-0.743,2.674
-0.785,2.225
-0.678,-0.034
-0.832,1.831
-0.755,0.843
-0.78,-0.148
-0.845,0.375
-1.022,2.083
-1.192,0.798
-1.48,1.185
-1.512,2.3
-1.443,2.686
-1.475,2.263
-1.624,2.389
-1.636,1.528
-1.692,2.141
-1.662,1.082
-1.711,-0.129
-2.033,-0.157
-2.089,-0.274
-2.314,-0.456
-2.252,-0.526
2.342,-0.584
2.234,-0.55
2.081,-0.354
2.097,-0.311
1.875,-0.417
1.404,-0.422
1.322,-0.408
-0.999,-0.447
-1.596,-0.274
-1.739,-0.645
-2.681,3.858
-2.647,3.819
-2.842,4.098
-2.934,4.043
2.924,4.092
3.027,3.993
2.317,3.728
2.473,4.082
2.262,4.042
2.153,4.108
1.474,4.054
0.838,4.057
-0.043,3.887
0.044,3.992
-0.309,4.168
-0.428,4.154
-1.104,3.79
-1.14,4.146
-1.44,4.178
-1.473,4.003
-1.53,3.897
-2.218,0.659
3.004,1.319
2.893,1.08
2.581,0.311
0.317,2.86
0.163,1.419
0.137,1.639
-0.615,2.339
-1.386,-0.171
1.841,3.076
0.517,1.686
-0.064,2.501
-0.016,2.038
-0.434,0.9
-0.699,1.675
-0.64,2.563
-0.985,1.292
-1.091,2.584
-1.305,2.715
-1.339,2.857
1.31,1.606
1.182,2.879
-0.209,0.585
-3.123,-0.295
-0.308,-0.12
-0.665,-0.005
-0.319,0.216
-0.366,-0.871
-0.256,0.09
-0.444,-1.326
-0.462,0.038
-0.543,0.271
-0.585,-0.178
-0.478,-2.437
-0.632,-0.572
-0.555,-1.56
-0.58,-2.551
-0.645,-2.028
-0.822,-0.32
-0.992,-1.605
-1.28,-1.218
-1.312,-0.103
-1.243,0.283
-1.275,-0.14
-1.424,-0.014
-1.436,-0.875
-1.492,-0.262
-1.462,-1.321
-1.511,-2.532
-1.833,-2.56
-1.889,-2.677
-2.114,-2.859
-2.052,-2.929
2.542,-2.987
2.434,-2.953
2.281,-2.757
2.297,-2.714
2.075,-2.82
1.604,-2.825
1.522,-2.811
-0.799,-2.85
-1.396,-2.677
-1.539,-3.048
-2.481,1.455
-2.447,1.416
-2.642,1.695
-2.734,1.64
3.124,1.689
-3.056,1.59
2.517,1.325
2.673,1.679
2.462,1.639
2.353,1.705
1.674,1.651
1.038,1.654
0.157,1.484
0.244,1.589
-0.109,1.765
-0.228,1.751
-0.904,1.387
-0.94,1.743
-1.24,1.775
-1.273,1.6
-1.33,1.494
-2.018,-1.744
-3.079,-1.084
3.093,-1.323
2.781,-2.092
0.517,0.457
0.363,-0.984
0.337,-0.764
-0.415,-0.064
-1.186,-2.574
2.041,0.673
0.717,-0.717
0.136,0.098
0.184,-0.365
-0.234,-1.503
-0.499,-0.728
-0.44,0.16
-0.785,-1.111
-0.891,0.181
-1.105,0.312
-1.139,0.454
1.51,-0.797
1.382,0.476
-0.009,-1.818
-2.923,-2.698
-0.108,-2.523
-0.465,-2.408
-0.047,-1.087
0.063,-0.126
-0.125,-1.542
-0.143,-0.178
-0.224,0.055
-0.266,-0.394
-0.159,-2.653
-0.313,-0.788
-0.236,-1.776
-0.261,-2.767
-0.326,-2.244
-0.503,-0.536
-0.673,-1.821
-0.961,-1.434
-0.993,-0.319
-0.924,0.067
-0.956,-0.356
-1.105,-0.23
-1.117,-1.091
-1.173,-0.478
-1.143,-1.537
-1.192,-2.748
-1.514,-2.776
-1.57,-2.893
-1.795,-3.075
-1.733,-3.145
2.861,-3.203
2.753,-3.169
2.6,-2.973
2.616,-2.93
2.394,-3.036
1.923,-3.041
1.841,-3.027
-0.48,-3.066
-1.077,-2.893
-1.22,-3.264
-2.162,1.239
-2.128,1.2
-2.323,1.479
-2.415,1.424
-2.84,1.473
-2.737,1.374
2.836,1.109
2.992,1.463
2.781,1.423
2.672,1.489
1.993,1.435
1.357,1.438
0.476,1.268
0.563,1.373
0.21,1.549
0.091,1.535
-0.585,1.171
-0.621,1.527
-0.921,1.559
-0.954,1.384
-1.011,1.278
-1.699,-1.96
-2.76,-1.3
-2.871,-1.539
3.1,-2.308
0.836,0.241
0.682,-1.2
0.656,-0.98
-0.096,-0.28
-0.867,-2.79
2.36,0.457
1.036,-0.933
0.455,-0.118
0.503,-0.581
0.085,-1.719
-0.18,-0.944
-0.121,-0.056
-0.466,-1.327
-0.572,-0.035
-0.786,0.096
-0.82,0.238
1.829,-1.013
1.701,0.26
0.31,-2.034
-2.604,-2.914
0.211,-2.739
-0.146,-2.624
0.11,0.961
-0.078,-0.455
-0.096,0.909
-0.177,1.142
-0.219,0.693
-0.112,-1.566
-0.266,0.299
-0.189,-0.689
-0.214,-1.68
-0.279,-1.157
-0.456,0.551
-0.626,-0.734
-0.914,-0.347
-0.946,0.768
-0.877,1.154
-0.909,0.731
-1.058,0.857
-1.07,-0.004
-1.126,0.609
-1.096,-0.45
-1.145,-1.661
-1.467,-1.689
-1.523,-1.806
-1.748,-1.988
-1.686,-2.058
2.908,-2.116
2.8,-2.082
2.647,-1.886
2.663,-1.843
2.441,-1.949
1.97,-1.954
1.888,-1.94
-0.433,-1.979
-1.03,-1.806
-1.173,-2.177
-2.115,2.326
-2.081,2.287
-2.276,2.566
-2.368,2.511
-2.793,2.56
-2.69,2.461
2.883,2.196
3.039,2.55
2.828,2.51
2.719,2.576
2.04,2.522
1.404,2.525
0.523,2.355
0.61,2.46
0.257,2.636
0.138,2.622
-0.538,2.258
-0.574,2.614
-0.874,2.646
-0.907,2.471
-0.964,2.365
-1.652,-0.873
-2.713,-0.213
-2.824,-0.452
-3.136,-1.221
0.883,1.328
0.729,-0.113
0.703,0.107
-0.049,0.807
-0.82,-1.703
2.407,1.544
1.083,0.154
0.502,0.969
0.55,0.506
0.132,-0.632
-0.133,0.143
-0.074,1.031
-0.419,-0.24
-0.525,1.052
-0.739,1.183
-0.773,1.325
1.876,0.074
1.748,1.347
0.357,-0.947
-2.557,-1.827
0.258,-1.652
-0.099,-1.537
-0.188,-1.416
-0.206,-0.052
-0.287,0.181
-0.329,-0.268
-0.222,-2.527
-0.376,-0.662
-0.299,-1.65
-0.324,-2.641
-0.389,-2.118
-0.566,-0.41
-0.736,-1.695
-1.024,-1.308
-1.056,-0.193
-0.987,0.193
-1.019,-0.23
-1.168,-0.104
-1.18,-0.965
-1.236,-0.352
-1.206,-1.411
-1.255,-2.622
-1.577,-2.65
-1.633,-2.767
-1.858,-2.949
-1.796,-3.019
2.798,-3.077
2.69,-3.043
2.537,-2.847
2.553,-2.804
2.331,-2.91
1.86,-2.915
1.778,-2.901
-0.543,-2.94
-1.14,-2.767
-1.283,-3.138
-2.225,1.365
-2.191,1.326
-2.386,1.605
-2.478,1.55
-2.903,1.599
-2.8,1.5
2.773,1.235
2.929,1.589
2.718,1.549
2.609,1.615
1.93,1.561
1.294,1.564
0.413,1.394
0.5,1.499
0.147,1.675
0.028,1.661
-0.648,1.297
-0.684,1.653
-0.984,1.685
-1.017,1.51
-1.074,1.404
-1.762,-1.834
-2.823,-1.174
-2.934,-1.413
3.037,-2.182
0.773,0.367
0.619,-1.074
0.593,-0.854
-0.159,-0.154
-0.93,-2.664
2.297,0.583
0.973,-0.807
0.392,0.008
0.44,-0.455
0.022,-1.593
-0.243,-0.818
-0.184,0.07
-0.529,-1.201
-0.635,0.091
-0.849,0.222
-0.883,0.364
1.766,-0.887
1.638,0.386
0.247,-1.908
-2.667,-2.788
0.148,-2.613
-0.209,-2.498
-0.018,1.364
-0.099,1.597
-0.141,1.148
-0.034,-1.111
-0.188,0.754
-0.111,-0.234
-0.136,-1.225
-0.201,-0.702
-0.378,1.006
-0.548,-0.279
-0.836,0.108
-0.868,1.223
-0.799,1.609
-0.831,1.186
-0.98,1.312
-0.992,0.451
-1.048,1.064
-1.018,0.005
-1.067,-1.206
-1.389,-1.234
-1.445,-1.351
-1.67,-1.533
-1.608,-1.603
2.986,-1.661
2.878,-1.627
2.725,-1.431
2.741,-1.388
2.519,-1.494
2.048,-1.499
1.966,-1.485
-0.355,-1.524
-0.952,-1.351
-1.095,-1.722
-2.037,2.781
-2.003,2.742
-2.198,3.021
-2.29,2.966
-2.715,3.015
-2.612,2.916
2.961,2.651
3.117,3.005
2.906,2.965
2.797,3.031
2.118,2.977
1.482,2.98
0.601,2.81
0.688,2.915
0.335,3.091
0.216,3.077
-0.46,2.713
-0.496,3.069
-0.796,3.101
-0.829,2.926
-0.886,2.82
-1.574,-0.418
-2.635,0.242
-2.746,0.003
-3.058,-0.766
0.961,1.783
0.807,0.342
0.781,0.562
0.029,1.262
-0.742,-1.248
2.485,1.999
1.161,0.609
0.58,1.424
0.628,0.961
0.21,-0.177
-0.055,0.598
0.004,1.486
-0.341,0.215
-0.447,1.507
-0.661,1.638
-0.695,1.78
1.954,0.529
1.826,1.802
0.435,-0.492
-2.479,-1.372
0.336,-1.197
-0.021,-1.082
-0.081,0.233
-0.123,-0.216
-0.016,-2.475
-0.17,-0.61
-0.093,-1.598
-0.118,-2.589
-0.183,-2.066
-0.36,-0.358
-0.53,-1.643
-0.818,-1.256
-0.85,-0.141
-0.781,0.245
-0.813,-0.178
-0.962,-0.052
-0.974,-0.913
-1.03,-0.3
-1.0,-1.359
-1.049,-2.57
-1.371,-2.598
-1.427,-2.715
-1.652,-2.897
-1.59,-2.967
3.004,-3.025
2.896,-2.991
2.743,-2.795
2.759,-2.752
2.537,-2.858
2.066,-2.863
1.984,-2.849
-0.337,-2.888
-0.934,-2.715
-1.077,-3.086
-2.019,1.417
-1.985,1.378
-2.18,1.657
-2.272,1.602
-2.697,1.651
-2.594,1.552
2.979,1.287
3.135,1.641
2.924,1.601
2.815,1.667
2.136,1.613
1.5,1.616
0.619,1.446
0.706,1.551
0.353,1.727
0.234,1.713
-0.442,1.349
-0.478,1.705
-0.778,1.737
-0.811,1.562
-0.868,1.456
-1.556,-1.782
-2.617,-1.122
-2.728,-1.361
-3.04,-2.13
0.979,0.419
0.825,-1.022
0.799,-0.802
0.047,-0.102
-0.724,-2.612
2.503,0.635
1.179,-0.755
0.598,0.06
0.646,-0.403
0.228,-1.541
-0.037,-0.766
0.022,0.122
-0.323,-1.149
-0.429,0.143
-0.643,0.274
-0.677,0.416
1.972,-0.835
1.844,0.438
0.453,-1.856
-2.461,-2.736
0.354,-2.561
-0.003,-2.446
-0.042,-0.449
0.065,-2.708
-0.089,-0.843
-0.012,-1.831
-0.037,-2.822
-0.102,-2.299
-0.279,-0.591
-0.449,-1.876
-0.737,-1.489
-0.769,-0.374
-0.7,0.012
-0.732,-0.411
-0.881,-0.285
-0.893,-1.146
-0.949,-0.533
-0.919,-1.592
-0.968,-2.803
-1.29,-2.831
-1.346,-2.948
-1.571,-3.13
-1.509,-3.2
3.085,-3.258
2.977,-3.224
2.824,-3.028
2.84,-2.985
2.618,-3.091
2.147,-3.096
2.065,-3.082
-0.256,-3.121
-0.853,-2.948
-0.996,-3.319
-1.938,1.184
-1.904,1.145
-2.099,1.424
-2.191,1.369
-2.616,1.418
-2.513,1.319
3.06,1.054
-3.067,1.408
3.005,1.368
2.896,1.434
2.217,1.38
1.581,1.383
0.7,1.213
0.787,1.318
0.434,1.494
0.315,1.48
-0.361,1.116
-0.397,1.472
-0.697,1.504
-0.73,1.329
-0.787,1.223
-1.475,-2.015
-2.536,-1.355
-2.647,-1.594
-2.959,-2.363
1.06,0.186
0.906,-1.255
0.88,-1.035
0.128,-0.335
-0.643,-2.845
2.584,0.402
1.26,-0.988
0.679,-0.173
0.727,-0.636
0.309,-1.774
0.044,-0.999
0.103,-0.111
-0.242,-1.382
-0.348,-0.09
-0.562,0.041
-0.596,0.183
2.053,-1.068
1.925,0.205
0.534,-2.089
-2.38,-2.969
0.435,-2.794
0.078,-2.679
0.107,-2.259
-0.047,-0.394
0.03,-1.382
0.005,-2.373
-0.06,-1.85
-0.237,-0.142
-0.407,-1.427
-0.695,-1.04
-0.727,0.075
-0.658,0.461
-0.69,0.038
-0.839,0.164
-0.851,-0.697
-0.907,-0.084
-0.877,-1.143
-0.926,-2.354
-1.248,-2.382
-1.304,-2.499
-1.529,-2.681
-1.467,-2.751
3.127,-2.809
3.019,-2.775
2.866,-2.579
2.882,-2.536
2.66,-2.642
2.189,-2.647
2.107,-2.633
-0.214,-2.672
-0.811,-2.499
-0.954,-2.87
-1.896,1.633
-1.862,1.594
-2.057,1.873
-2.149,1.818
-2.574,1.867
-2.471,1.768
3.102,1.503
-3.025,1.857
3.047,1.817
2.938,1.883
2.259,1.829
1.623,1.832
0.742,1.662
0.829,1.767
0.476,1.943
0.357,1.929
-0.319,1.565
-0.355,1.921
-0.655,1.953
-0.688,1.778
-0.745,1.672
-1.433,-1.566
-2.494,-0.906
-2.605,-1.145
-2.917,-1.914
1.102,0.635
0.948,-0.806
0.922,-0.586
0.17,0.114
-0.601,-2.396
2.626,0.851
1.302,-0.539
0.721,0.276
0.769,-0.187
0.351,-1.325
0.086,-0.55
0.145,0.338
-0.2,-0.933
-0.306,0.359
-0.52,0.49
-0.554,0.632
2.095,-0.619
1.967,0.654
0.576,-1.64
-2.338,-2.52
0.477,-2.345
0.12,-2.23
-0.154,1.865
-0.077,0.877
-0.102,-0.114
-0.167,0.409
-0.344,2.117
-0.514,0.832
-0.802,1.219
-0.834,2.334
-0.765,2.72
-0.797,2.297
-0.946,2.423
-0.958,1.562
-1.014,2.175
-0.984,1.116
-1.033,-0.095
-1.355,-0.123
-1.411,-0.24
-1.636,-0.422
-1.574,-0.492
3.02,-0.55
2.912,-0.516
2.759,-0.32
2.775,-0.277
2.553,-0.383
2.082,-0.388
2.0,-0.374
-0.321,-0.413
-0.918,-0.24
-1.061,-0.611
-2.003,3.892
-1.969,3.853
-2.164,4.132
-2.256,4.077
-2.681,4.126
-2.578,4.027
2.995,3.762
-3.132,4.116
2.94,4.076
2.831,4.142
2.152,4.088
1.516,4.091
0.635,3.921
0.722,4.026
0.369,4.202
0.25,4.188
-0.426,3.824
-0.462,4.18
-0.762,4.212
-0.795,4.037
-0.852,3.931
-1.54,0.693
-2.601,1.353
-2.712,1.114
-3.024,0.345
0.995,2.894
0.841,1.453
0.815,1.673
0.063,2.373
-0.708,-0.137
2.519,3.11
1.195,1.72
0.614,2.535
0.662,2.072
0.244,0.934
-0.021,1.709
0.038,2.597
-0.307,1.326
-0.413,2.618
-0.627,2.749
-0.661,2.891
1.988,1.64
1.86,2.913
0.469,0.619
-2.445,-0.261
0.37,-0.086
0.013,0.029
0.077,-0.988
0.052,-1.979
-0.013,-1.456
-0.19,0.252
-0.36,-1.033
-0.648,-0.646
-0.68,0.469
-0.611,0.855
-0.643,0.432
-0.792,0.558
-0.804,-0.303
-0.86,0.31
-0.83,-0.749
-0.879,-1.96
-1.201,-1.988
-1.257,-2.105
-1.482,-2.287
-1.42,-2.357
-3.109,-2.415
3.066,-2.381
2.913,-2.185
2.929,-2.142
2.707,-2.248
2.236,-2.253
2.154,-2.239
-0.167,-2.278
-0.764,-2.105
-0.907,-2.476
-1.849,2.027
-1.815,1.988
-2.01,2.267
-2.102,2.212
-2.527,2.261
-2.424,2.162
-3.134,1.897
-2.978,2.251
3.094,2.211
2.985,2.277
2.306,2.223
1.67,2.226
0.789,2.056
0.876,2.161
0.523,2.337
0.404,2.323
-0.272,1.959
-0.308,2.315
-0.608,2.347
-0.641,2.172
-0.698,2.066
-1.386,-1.172
-2.447,-0.512
-2.558,-0.751
-2.87,-1.52
1.149,1.029
0.995,-0.412
0.969,-0.192
0.217,0.508
-0.554,-2.002
2.673,1.245
1.349,-0.145
0.768,0.67
0.816,0.207
0.398,-0.931
0.133,-0.156
0.192,0.732
-0.153,-0.539
-0.259,0.753
-0.473,0.884
-0.507,1.026
2.142,-0.225
2.014,1.048
0.623,-1.246
-2.291,-2.126
0.524,-1.951
0.167,-1.836
-0.025,-0.991
-0.09,-0.468
-0.267,1.24
-0.437,-0.045
-0.725,0.342
-0.757,1.457
-0.688,1.843
-0.72,1.42
-0.869,1.546
-0.881,0.685
-0.937,1.298
-0.907,0.239
-0.956,-0.972
-1.278,-1.0
-1.334,-1.117
-1.559,-1.299
-1.497,-1.369
3.097,-1.427
2.989,-1.393
2.836,-1.197
2.852,-1.154
2.63,-1.26
2.159,-1.265
2.077,-1.251
-0.244,-1.29
-0.841,-1.117
-0.984,-1.488
-1.926,3.015
-1.892,2.976
-2.087,3.255
-2.179,3.2
-2.604,3.249
-2.501,3.15
3.072,2.885
-3.055,3.239
3.017,3.199
2.908,3.265
2.229,3.211
1.593,3.214
0.712,3.044
0.799,3.149
0.446,3.325
0.327,3.311
-0.349,2.947
-0.385,3.303
-0.685,3.335
-0.718,3.16
-0.775,3.054
-1.463,-0.184
-2.524,0.476
-2.635,0.237
-2.947,-0.532
1.072,2.017
0.918,0.576
0.892,0.796
0.14,1.496
-0.631,-1.014
2.596,2.233
1.272,0.843
0.691,1.658
0.739,1.195
0.321,0.057
0.056,0.832
0.115,1.72
-0.23,0.449
-0.336,1.741
-0.55,1.872
-0.584,2.014
2.065,0.763
1.937,2.036
0.546,-0.258
-2.368,-1.138
0.447,-0.963
0.09,-0.848
-0.065,0.523
-0.242,2.231
-0.412,0.946
-0.7,1.333
-0.732,2.448
-0.663,2.834
-0.695,2.411
-0.844,2.537
-0.856,1.676
-0.912,2.289
-0.882,1.23
-0.931,0.019
-1.253,-0.009
-1.309,-0.126
-1.534,-0.308
-1.472,-0.378
3.122,-0.436
3.014,-0.402
2.861,-0.206
2.877,-0.163
2.655,-0.269
2.184,-0.274
2.102,-0.26
-0.219,-0.299
-0.816,-0.126
-0.959,-0.497
-1.901,4.006
-1.867,3.967
-2.062,4.246
-2.154,4.191
-2.579,4.24
-2.476,4.141
3.097,3.876
-3.03,4.23
3.042,4.19
2.933,4.256
2.254,4.202
1.618,4.205
0.737,4.035
0.824,4.14
0.471,4.316
0.352,4.302
-0.324,3.938
-0.36,4.294
-0.66,4.326
-0.693,4.151
-0.75,4.045
-1.438,0.807
-2.499,1.467
-2.61,1.228
-2.922,0.459
1.097,3.008
0.943,1.567
0.917,1.787
0.165,2.487
-0.606,-0.023
2.621,3.224
1.297,1.834
0.716,2.649
0.764,2.186
0.346,1.048
0.081,1.823
0.14,2.711
-0.205,1.44
-0.311,2.732
-0.525,2.863
-0.559,3.005
2.09,1.754
1.962,3.027
0.571,0.733
-2.343,-0.147
0.472,0.028
0.115,0.143
-0.177,1.708
-0.347,0.423
-0.635,0.81
-0.667,1.925
-0.598,2.311
-0.63,1.888
-0.779,2.014
-0.791,1.153
-0.847,1.766
-0.817,0.707
-0.866,-0.504
-1.188,-0.532
-1.244,-0.649
-1.469,-0.831
-1.407,-0.901
-3.096,-0.959
3.079,-0.925
2.926,-0.729
2.942,-0.686
2.72,-0.792
2.249,-0.797
2.167,-0.783
-0.154,-0.822
-0.751,-0.649
-0.894,-1.02
-1.836,3.483
-1.802,3.444
-1.997,3.723
-2.089,3.668
-2.514,3.717
-2.411,3.618
-3.121,3.353
-2.965,3.707
3.107,3.667
2.998,3.733
2.319,3.679
1.683,3.682
0.802,3.512
0.889,3.617
0.536,3.793
0.417,3.779
-0.259,3.415
-0.295,3.771
-0.595,3.803
-0.628,3.628
-0.685,3.522
-1.373,0.284
-2.434,0.944
-2.545,0.705
-2.857,-0.064
1.162,2.485
1.008,1.044
0.982,1.264
0.23,1.964
-0.541,-0.546
2.686,2.701
1.362,1.311
0.781,2.126
0.829,1.663
0.411,0.525
0.146,1.3
0.205,2.188
-0.14,0.917
-0.246,2.209
-0.46,2.34
-0.494,2.482
2.155,1.231
2.027,2.504
0.636,0.21
-2.278,-0.67
0.537,-0.495
0.18,-0.38
-0.17,-1.285
-0.458,-0.898
-0.49,0.217
-0.421,0.603
-0.453,0.18
-0.602,0.306
-0.614,-0.555
-0.67,0.058
-0.64,-1.001
-0.689,-2.212
-1.011,-2.24
-1.067,-2.357
-1.292,-2.539
-1.23,-2.609
-2.919,-2.667
-3.027,-2.633
3.103,-2.437
3.119,-2.394
2.897,-2.5
2.426,-2.505
2.344,-2.491
0.023,-2.53
-0.574,-2.357
-0.717,-2.728
-1.659,1.775
-1.625,1.736
-1.82,2.015
-1.912,1.96
-2.337,2.009
-2.234,1.91
-2.944,1.645
-2.788,1.999
-2.999,1.959
-3.108,2.025
2.496,1.971
1.86,1.974
0.979,1.804
1.066,1.909
0.713,2.085
0.594,2.071
-0.082,1.707
-0.118,2.063
-0.418,2.095
-0.451,1.92
-0.508,1.814
-1.196,-1.424
-2.257,-0.764
-2.368,-1.003
-2.68,-1.772
1.339,0.777
1.185,-0.664
1.159,-0.444
0.407,0.256
-0.364,-2.254
2.863,0.993
1.539,-0.397
0.958,0.418
1.006,-0.045
0.588,-1.183
0.323,-0.408
0.382,0.48
0.037,-0.791
-0.069,0.501
-0.283,0.632
-0.317,0.774
2.332,-0.477
2.204,0.796
0.813,-1.498
-2.101,-2.378
0.714,-2.203
0.357,-2.088
-0.288,0.387
-0.32,1.502
-0.251,1.888
-0.283,1.465
-0.432,1.591
-0.444,0.73
-0.5,1.343
-0.47,0.284
-0.519,-0.927
-0.841,-0.955
-0.897,-1.072
-1.122,-1.254
-1.06,-1.324
-2.749,-1.382
-2.857,-1.348
-3.01,-1.152
-2.994,-1.109
3.067,-1.215
2.596,-1.22
2.514,-1.206
0.193,-1.245
-0.404,-1.072
-0.547,-1.443
-1.489,3.06
-1.455,3.021
-1.65,3.3
-1.742,3.245
-2.167,3.294
-2.064,3.195
-2.774,2.93
-2.618,3.284
-2.829,3.244
-2.938,3.31
2.666,3.256
2.03,3.259
1.149,3.089
1.236,3.194
0.883,3.37
0.764,3.356
0.088,2.992
0.052,3.348
-0.248,3.38
-0.281,3.205
-0.338,3.099
-1.026,-0.139
-2.087,0.521
-2.198,0.282
-2.51,-0.487
1.509,2.062
1.355,0.621
1.329,0.841
0.577,1.541
-0.194,-0.969
3.033,2.278
1.709,0.888
1.128,1.703
1.176,1.24
0.758,0.102
0.493,0.877
0.552,1.765
0.207,0.494
0.101,1.786
-0.113,1.917
-0.147,2.059
2.502,0.808
2.374,2.081
0.983,-0.213
-1.931,-1.093
0.884,-0.918
0.527,-0.803
-0.032,1.115
0.037,1.501
0.005,1.078
-0.144,1.204
-0.156,0.343
-0.212,0.956
-0.182,-0.103
-0.231,-1.314
-0.553,-1.342
-0.609,-1.459
-0.834,-1.641
-0.772,-1.711
-2.461,-1.769
-2.569,-1.735
-2.722,-1.539
-2.706,-1.496
-2.928,-1.602
2.884,-1.607
2.802,-1.593
0.481,-1.632
-0.116,-1.459
-0.259,-1.83
-1.201,2.673
-1.167,2.634
-1.362,2.913
-1.454,2.858
-1.879,2.907
-1.776,2.808
-2.486,2.543
-2.33,2.897
-2.541,2.857
-2.65,2.923
2.954,2.869
2.318,2.872
1.437,2.702
1.524,2.807
1.171,2.983
1.052,2.969
0.376,2.605
0.34,2.961
0.04,2.993
0.007,2.818
-0.05,2.712
-0.738,-0.526
-1.799,0.134
-1.91,-0.105
-2.222,-0.874
1.797,1.675
1.643,0.234
1.617,0.454
0.865,1.154
0.094,-1.356
-2.962,1.891
1.997,0.501
1.416,1.316
1.464,0.853
1.046,-0.285
0.781,0.49
0.84,1.378
0.495,0.107
0.389,1.399
0.175,1.53
0.141,1.672
2.79,0.421
2.662,1.694
1.271,-0.6
-1.643,-1.48
1.172,-1.305
0.815,-1.19
0.069,0.386
0.037,-0.037
-0.112,0.089
-0.124,-0.772
-0.18,-0.159
-0.15,-1.218
-0.199,-2.429
-0.521,-2.457
-0.577,-2.574
-0.802,-2.756
-0.74,-2.826
-2.429,-2.884
-2.537,-2.85
-2.69,-2.654
-2.674,-2.611
-2.896,-2.717
2.916,-2.722
2.834,-2.708
0.513,-2.747
-0.084,-2.574
-0.227,-2.945
-1.169,1.558
-1.135,1.519
-1.33,1.798
-1.422,1.743
-1.847,1.792
-1.744,1.693
-2.454,1.428
-2.298,1.782
-2.509,1.742
-2.618,1.808
2.986,1.754
2.35,1.757
1.469,1.587
1.556,1.692
1.203,1.868
1.084,1.854
0.408,1.49
0.372,1.846
0.072,1.878
0.039,1.703
-0.018,1.597
-0.706,-1.641
-1.767,-0.981
-1.878,-1.22
-2.19,-1.989
1.829,0.56
1.675,-0.881
1.649,-0.661
0.897,0.039
0.126,-2.471
-2.93,0.776
2.029,-0.614
1.448,0.201
1.496,-0.262
1.078,-1.4
0.813,-0.625
0.872,0.263
0.527,-1.008
0.421,0.284
0.207,0.415
0.173,0.557
2.822,-0.694
2.694,0.579
1.303,-1.715
-1.611,-2.595
1.204,-2.42
0.847,-2.305
-0.032,-0.423
-0.181,-0.297
-0.193,-1.158
-0.249,-0.545
-0.219,-1.604
-0.268,-2.815
-0.59,-2.843
-0.646,-2.96
-0.871,-3.142
-0.809,-3.212
-2.498,-3.27
-2.606,-3.236
-2.759,-3.04
-2.743,-2.997
-2.965,-3.103
2.847,-3.108
2.765,-3.094
0.444,-3.133
-0.153,-2.96
-0.296,-3.331
-1.238,1.172
-1.204,1.133
-1.399,1.412
-1.491,1.357
-1.916,1.406
-1.813,1.307
-2.523,1.042
-2.367,1.396
-2.578,1.356
-2.687,1.422
2.917,1.368
2.281,1.371
1.4,1.201
1.487,1.306
1.134,1.482
1.015,1.468
0.339,1.104
0.303,1.46
0.003,1.492
-0.03,1.317
-0.087,1.211
-0.775,-2.027
-1.836,-1.367
-1.947,-1.606
-2.259,-2.375
1.76,0.174
1.606,-1.267
1.58,-1.047
0.828,-0.347
0.057,-2.857
-2.999,0.39
1.96,-1.0
1.379,-0.185
1.427,-0.648
1.009,-1.786
0.744,-1.011
0.803,-0.123
0.458,-1.394
0.352,-0.102
0.138,0.029
0.104,0.171
2.753,-1.08
2.625,0.193
1.234,-2.101
-1.68,-2.981
1.135,-2.806
0.778,-2.691
-0.149,0.126
-0.161,-0.735
-0.217,-0.122
-0.187,-1.181
-0.236,-2.392
-0.558,-2.42
-0.614,-2.537
-0.839,-2.719
-0.777,-2.789
-2.466,-2.847
-2.574,-2.813
-2.727,-2.617
-2.711,-2.574
-2.933,-2.68
2.879,-2.685
2.797,-2.671
0.476,-2.71
-0.121,-2.537
-0.264,-2.908
-1.206,1.595
-1.172,1.556
-1.367,1.835
-1.459,1.78
-1.884,1.829
-1.781,1.73
-2.491,1.465
-2.335,1.819
-2.546,1.779
-2.655,1.845
2.949,1.791
2.313,1.794
1.432,1.624
1.519,1.729
1.166,1.905
1.047,1.891
0.371,1.527
0.335,1.883
0.035,1.915
0.002,1.74
-0.055,1.634
-0.743,-1.604
-1.804,-0.944
-1.915,-1.183
-2.227,-1.952
1.792,0.597
1.638,-0.844
1.612,-0.624
0.86,0.076
0.089,-2.434
-2.967,0.813
1.992,-0.577
1.411,0.238
1.459,-0.225
1.041,-1.363
0.776,-0.588
0.835,0.3
0.49,-0.971
0.384,0.321
0.17,0.452
0.136,0.594
2.785,-0.657
2.657,0.616
1.266,-1.678
-1.648,-2.558
1.167,-2.383
0.81,-2.268
-0.012,-0.861
-0.068,-0.248
-0.038,-1.307
-0.087,-2.518
-0.409,-2.546
-0.465,-2.663
-0.69,-2.845
-0.628,-2.915
-2.317,-2.973
-2.425,-2.939
-2.578,-2.743
-2.562,-2.7
-2.784,-2.806
3.028,-2.811
2.946,-2.797
0.625,-2.836
0.028,-2.663
-0.115,-3.034
-1.057,1.469
-1.023,1.43
-1.218,1.709
-1.31,1.654
-1.735,1.703
-1.632,1.604
-2.342,1.339
-2.186,1.693
-2.397,1.653
-2.506,1.719
3.098,1.665
2.462,1.668
1.581,1.498
1.668,1.603
1.315,1.779
1.196,1.765
0.52,1.401
0.484,1.757
0.184,1.789
0.151,1.614
0.094,1.508
-0.594,-1.73
-1.655,-1.07
-1.766,-1.309
-2.078,-2.078
1.941,0.471
1.787,-0.97
1.761,-0.75
1.009,-0.05
0.238,-2.56
-2.818,0.687
2.141,-0.703
1.56,0.112
1.608,-0.351
1.19,-1.489
0.925,-0.714
0.984,0.174
0.639,-1.097
0.533,0.195
0.319,0.326
0.285,0.468
2.934,-0.783
2.806,0.49
1.415,-1.804
-1.499,-2.684
1.316,-2.509
0.959,-2.394
-0.056,0.613
-0.026,-0.446
-0.075,-1.657
-0.397,-1.685
-0.453,-1.802
-0.678,-1.984
-0.616,-2.054
-2.305,-2.112
-2.413,-2.078
-2.566,-1.882
-2.55,-1.839
-2.772,-1.945
3.04,-1.95
2.958,-1.936
0.637,-1.975
0.04,-1.802
-0.103,-2.173
-1.045,2.33
-1.011,2.291
-1.206,2.57
-1.298,2.515
-1.723,2.564
-1.62,2.465
-2.33,2.2
-2.174,2.554
-2.385,2.514
-2.494,2.58
3.11,2.526
2.474,2.529
1.593,2.359
1.68,2.464
1.327,2.64
1.208,2.626
0.532,2.262
0.496,2.618
0.196,2.65
0.163,2.475
0.106,2.369
-0.582,-0.869
-1.643,-0.209
-1.754,-0.448
-2.066,-1.217
1.953,1.332
1.799,-0.109
1.773,0.111
1.021,0.811
0.25,-1.699
-2.806,1.548
2.153,0.158
1.572,0.973
1.62,0.51
1.202,-0.628
0.937,0.147
0.996,1.035
0.651,-0.236
0.545,1.056
0.331,1.187
0.297,1.329
2.946,0.078
2.818,1.351
1.427,-0.943
-1.487,-1.823
1.328,-1.648
0.971,-1.533
0.03,-1.059
-0.019,-2.27
-0.341,-2.298
-0.397,-2.415
-0.622,-2.597
-0.56,-2.667
-2.249,-2.725
-2.357,-2.691
-2.51,-2.495
-2.494,-2.452
-2.716,-2.558
3.096,-2.563
3.014,-2.549
0.693,-2.588
0.096,-2.415
-0.047,-2.786
-0.989,1.717
-0.955,1.678
-1.15,1.957
-1.242,1.902
-1.667,1.951
-1.564,1.852
-2.274,1.587
-2.118,1.941
-2.329,1.901
-2.438,1.967
-3.117,1.913
2.53,1.916
1.649,1.746
1.736,1.851
1.383,2.027
1.264,2.013
0.588,1.649
0.552,2.005
0.252,2.037
0.219,1.862
0.162,1.756
-0.526,-1.482
-1.587,-0.822
-1.698,-1.061
-2.01,-1.83
2.009,0.719
1.855,-0.722
1.829,-0.502
1.077,0.198
0.306,-2.312
-2.75,0.935
2.209,-0.455
1.628,0.36
1.676,-0.103
1.258,-1.241
0.993,-0.466
1.052,0.422
0.707,-0.849
0.601,0.443
0.387,0.574
0.353,0.716
3.002,-0.535
2.874,0.738
1.483,-1.556
-1.431,-2.436
1.384,-2.261
1.027,-2.146
-0.049,-1.211
-0.371,-1.239
-0.427,-1.356
-0.652,-1.538
-0.59,-1.608
-2.279,-1.666
-2.387,-1.632
-2.54,-1.436
-2.524,-1.393
-2.746,-1.499
3.066,-1.504
2.984,-1.49
0.663,-1.529
0.066,-1.356
-0.077,-1.727
-1.019,2.776
-0.985,2.737
-1.18,3.016
-1.272,2.961
-1.697,3.01
-1.594,2.911
-2.304,2.646
-2.148,3.0
-2.359,2.96
-2.468,3.026
3.136,2.972
2.5,2.975
1.619,2.805
1.706,2.91
1.353,3.086
1.234,3.072
0.558,2.708
0.522,3.064
0.222,3.096
0.189,2.921
0.132,2.815
-0.556,-0.423
-1.617,0.237
-1.728,-0.002
-2.04,-0.771
1.979,1.778
1.825,0.337
1.799,0.557
1.047,1.257
0.276,-1.253
-2.78,1.994
2.179,0.604
1.598,1.419
1.646,0.956
1.228,-0.182
0.963,0.593
1.022,1.481
0.677,0.21
0.571,1.502
0.357,1.633
0.323,1.775
2.972,0.524
2.844,1.797
1.453,-0.497
-1.461,-1.377
1.354,-1.202
0.997,-1.087
-0.322,-0.028
-0.378,-0.145
-0.603,-0.327
-0.541,-0.397
-2.23,-0.455
-2.338,-0.421
-2.491,-0.225
-2.475,-0.182
-2.697,-0.288
3.115,-0.293
3.033,-0.279
0.712,-0.318
0.115,-0.145
-0.028,-0.516
-0.97,3.987
-0.936,3.948
-1.131,4.227
-1.223,4.172
-1.648,4.221
-1.545,4.122
-2.255,3.857
-2.099,4.211
-2.31,4.171
-2.419,4.237
-3.098,4.183
2.549,4.186
1.668,4.016
1.755,4.121
1.402,4.297
1.283,4.283
0.607,3.919
0.571,4.275
0.271,4.307
0.238,4.132
0.181,4.026
-0.507,0.788
-1.568,1.448
-1.679,1.209
-1.991,0.44
2.028,2.989
1.874,1.548
1.848,1.768
1.096,2.468
0.325,-0.042
-2.731,3.205
2.228,1.815
1.647,2.63
1.695,2.167
1.277,1.029
1.012,1.804
1.071,2.692
0.726,1.421
0.62,2.713
0.406,2.844
0.372,2.986
3.021,1.735
2.893,3.008
1.502,0.714
-1.412,-0.166
1.403,0.009
1.046,0.124
-0.056,-0.117
-0.281,-0.299
-0.219,-0.369
-1.908,-0.427
-2.016,-0.393
-2.169,-0.197
-2.153,-0.154
-2.375,-0.26
-2.846,-0.265
-2.928,-0.251
1.034,-0.29
0.437,-0.117
0.294,-0.488
-0.648,4.015
-0.614,3.976
-0.809,4.255
-0.901,4.2
-1.326,4.249
-1.223,4.15
-1.933,3.885
-1.777,4.239
-1.988,4.199
-2.097,4.265
-2.776,4.211
2.871,4.214
1.99,4.044
2.077,4.149
1.724,4.325
1.605,4.311
0.929,3.947
0.893,4.303
0.593,4.335
0.56,4.16
0.503,4.054
-0.185,0.816
-1.246,1.476
-1.357,1.237
-1.669,0.468
2.35,3.017
2.196,1.576
2.17,1.796
1.418,2.496
0.647,-0.014
-2.409,3.233
2.55,1.843
1.969,2.658
2.017,2.195
1.599,1.057
1.334,1.832
1.393,2.72
1.048,1.449
0.942,2.741
0.728,2.872
0.694,3.014
-2.94,1.763
-3.068,3.036
1.824,0.742
-1.09,-0.138
1.725,0.037
1.368,0.152
-0.225,-0.182
-0.163,-0.252
-1.852,-0.31
-1.96,-0.276
-2.113,-0.08
-2.097,-0.037
-2.319,-0.143
-2.79,-0.148
-2.872,-0.134
1.09,-0.173
0.493,0.0
0.35,-0.371
-0.592,4.132
-0.558,4.093
-0.753,4.372
-0.845,4.317
-1.27,4.366
-1.167,4.267
-1.877,4.002
-1.721,4.356
-1.932,4.316
-2.041,4.382
-2.72,4.328
2.927,4.331
2.046,4.161
2.133,4.266
1.78,4.442
1.661,4.428
0.985,4.064
0.949,4.42
0.649,4.452
0.616,4.277
0.559,4.171
-0.129,0.933
-1.19,1.593
-1.301,1.354
-1.613,0.585
2.406,3.134
2.252,1.693
2.226,1.913
1.474,2.613
0.703,0.103
-2.353,3.35
2.606,1.96
2.025,2.775
2.073,2.312
1.655,1.174
1.39,1.949
1.449,2.837
1.104,1.566
0.998,2.858
0.784,2.989
0.75,3.131
-2.884,1.88
-3.012,3.153
1.88,0.859
-1.034,-0.021
1.781,0.154
1.424,0.269
0.062,-0.07
-1.627,-0.128
-1.735,-0.094
-1.888,0.102
-1.872,0.145
-2.094,0.039
-2.565,0.034
-2.647,0.048
1.315,0.009
0.718,0.182
0.575,-0.189
-0.367,4.314
-0.333,4.275
-0.528,4.554
-0.62,4.499
-1.045,4.548
-0.942,4.449
-1.652,4.184
-1.496,4.538
-1.707,4.498
-1.816,4.564
-2.495,4.51
-3.131,4.513
2.271,4.343
2.358,4.448
2.005,4.624
1.886,4.61
1.21,4.246
1.174,4.602
0.874,4.634
0.841,4.459
0.784,4.353
0.096,1.115
-0.965,1.775
-1.076,1.536
-1.388,0.767
2.631,3.316
2.477,1.875
2.451,2.095
1.699,2.795
0.928,0.285
-2.128,3.532
2.831,2.142
2.25,2.957
2.298,2.494
1.88,1.356
1.615,2.131
1.674,3.019
1.329,1.748
1.223,3.04
1.009,3.171
0.975,3.313
-2.659,2.062
-2.787,3.335
2.105,1.041
-0.809,0.161
2.006,0.336
1.649,0.451
-1.689,-0.058
-1.797,-0.024
-1.95,0.172
-1.934,0.215
-2.156,0.109
-2.627,0.104
-2.709,0.118
1.253,0.079
0.656,0.252
0.513,-0.119
-0.429,4.384
-0.395,4.345
-0.59,4.624
-0.682,4.569
-1.107,4.618
-1.004,4.519
-1.714,4.254
-1.558,4.608
-1.769,4.568
-1.878,4.634
-2.557,4.58
3.09,4.583
2.209,4.413
2.296,4.518
1.943,4.694
1.824,4.68
1.148,4.316
1.112,4.672
0.812,4.704
0.779,4.529
0.722,4.423
0.034,1.185
-1.027,1.845
-1.138,1.606
-1.45,0.837
2.569,3.386
2.415,1.945
2.389,2.165
1.637,2.865
0.866,0.355
-2.19,3.602
2.769,2.212
2.188,3.027
2.236,2.564
1.818,1.426
1.553,2.201
1.612,3.089
1.267,1.818
1.161,3.11
0.947,3.241
0.913,3.383
-2.721,2.132
-2.849,3.405
2.043,1.111
-0.871,0.231
1.944,0.406
1.587,0.521
-0.108,0.034
-0.261,0.23
-0.245,0.273
-0.467,0.167
-0.938,0.162
-1.02,0.176
2.942,0.137
2.345,0.31
2.202,-0.061
1.26,4.442
1.294,4.403
1.099,4.682
1.007,4.627
0.582,4.676
0.685,4.577
-0.025,4.312
0.131,4.666
-0.08,4.626
-0.189,4.692
-0.868,4.638
-1.504,4.641
-2.385,4.471
-2.298,4.576
-2.651,4.752
-2.77,4.738
2.837,4.374
2.801,4.73
2.501,4.762
2.468,4.587
2.411,4.481
1.723,1.243
0.662,1.903
0.551,1.664
0.239,0.895
-2.025,3.444
-2.179,2.003
-2.205,2.223
-2.957,2.923
2.555,0.413
-0.501,3.66
-1.825,2.27
-2.406,3.085
-2.358,2.622
-2.776,1.484
-3.041,2.259
-2.982,3.147
2.956,1.876
2.85,3.168
2.636,3.299
2.602,3.441
-1.032,2.19
-1.16,3.463
-2.551,1.169
0.818,0.289
-2.65,0.464
-3.007,0.579
-0.153,0.196
-0.137,0.239
-0.359,0.133
-0.83,0.128
-0.912,0.142
3.05,0.103
2.453,0.276
2.31,-0.095
1.368,4.408
1.402,4.369
1.207,4.648
1.115,4.593
0.69,4.642
0.793,4.543
0.083,4.278
0.239,4.632
0.028,4.592
-0.081,4.658
-0.76,4.604
-1.396,4.607
-2.277,4.437
-2.19,4.542
-2.543,4.718
-2.662,4.704
2.945,4.34
2.909,4.696
2.609,4.728
2.576,4.553
2.519,4.447
1.831,1.209
0.77,1.869
0.659,1.63
0.347,0.861
-1.917,3.41
-2.071,1.969
-2.097,2.189
-2.849,2.889
2.663,0.379
-0.393,3.626
-1.717,2.236
-2.298,3.051
-2.25,2.588
-2.668,1.45
-2.933,2.225
-2.874,3.113
3.064,1.842
2.958,3.134
2.744,3.265
2.71,3.407
-0.924,2.156
-1.052,3.429
-2.443,1.135
0.926,0.255
-2.542,0.43
-2.899,0.545
0.016,0.043
-0.206,-0.063
-0.677,-0.068
-0.759,-0.054
-3.08,-0.093
2.606,0.08
2.463,-0.291
1.521,4.212
1.555,4.173
1.36,4.452
1.268,4.397
0.843,4.446
0.946,4.347
0.236,4.082
0.392,4.436
0.181,4.396
0.072,4.462
-0.607,4.408
-1.243,4.411
-2.124,4.241
-2.037,4.346
-2.39,4.522
-2.509,4.508
3.098,4.144
3.062,4.5
2.762,4.532
2.729,4.357
2.672,4.251
1.984,1.013
0.923,1.673
0.812,1.434
0.5,0.665
-1.764,3.214
-1.918,1.773
-1.944,1.993
-2.696,2.693
2.816,0.183
-0.24,3.43
-1.564,2.04
-2.145,2.855
-2.097,2.392
-2.515,1.254
-2.78,2.029
-2.721,2.917
-3.066,1.646
3.111,2.938
2.897,3.069
2.863,3.211
-0.771,1.96
-0.899,3.233
-2.29,0.939
1.079,0.059
-2.389,0.234
-2.746,0.349
-0.222,-0.106
-0.693,-0.111
-0.775,-0.097
-3.096,-0.136
2.59,0.037
2.447,-0.334
1.505,4.169
1.539,4.13
1.344,4.409
1.252,4.354
0.827,4.403
0.93,4.304
0.22,4.039
0.376,4.393
0.165,4.353
0.056,4.419
-0.623,4.365
-1.259,4.368
-2.14,4.198
-2.053,4.303
-2.406,4.479
-2.525,4.465
3.082,4.101
3.046,4.457
2.746,4.489
2.713,4.314
2.656,4.208
1.968,0.97
0.907,1.63
0.796,1.391
0.484,0.622
-1.78,3.171
-1.934,1.73
-1.96,1.95
-2.712,2.65
2.8,0.14
-0.256,3.387
-1.58,1.997
-2.161,2.812
-2.113,2.349
-2.531,1.211
-2.796,1.986
-2.737,2.874
-3.082,1.603
3.095,2.895
2.881,3.026
2.847,3.168
-0.787,1.917
-0.915,3.19
-2.306,0.896
1.063,0.016
-2.405,0.191
-2.762,0.306
-0.471,-0.005
-0.553,0.009
-2.874,-0.03
2.812,0.143
2.669,-0.228
1.727,4.275
1.761,4.236
1.566,4.515
1.474,4.46
1.049,4.509
1.152,4.41
0.442,4.145
0.598,4.499
0.387,4.459
0.278,4.525
-0.401,4.471
-1.037,4.474
-1.918,4.304
-1.831,4.409
-2.184,4.585
-2.303,4.571
-2.979,4.207
-3.015,4.563
2.968,4.595
2.935,4.42
2.878,4.314
2.19,1.076
1.129,1.736
1.018,1.497
0.706,0.728
-1.558,3.277
-1.712,1.836
-1.738,2.056
-2.49,2.756
3.022,0.246
-0.034,3.493
-1.358,2.103
-1.939,2.918
-1.891,2.455
-2.309,1.317
-2.574,2.092
-2.515,2.98
-2.86,1.709
-2.966,3.001
3.103,3.132
3.069,3.274
-0.565,2.023
-0.693,3.296
-2.084,1.002
1.285,0.122
-2.183,0.297
-2.54,0.412
-0.082,0.014
-2.403,-0.025
-3.0,0.148
3.14,-0.223
2.198,4.28
2.232,4.241
2.037,4.52
1.945,4.465
1.52,4.514
1.623,4.415
0.913,4.15
1.069,4.504
0.858,4.464
0.749,4.53
0.07,4.476
-0.566,4.479
-1.447,4.309
-1.36,4.414
-1.713,4.59
-1.832,4.576
-2.508,4.212
-2.544,4.568
-2.844,4.6
-2.877,4.425
-2.934,4.319
2.661,1.081
1.6,1.741
1.489,1.502
1.177,0.733
-1.087,3.282
-1.241,1.841
-1.267,2.061
-2.019,2.761
-2.79,0.251
0.437,3.498
-0.887,2.108
-1.468,2.923
-1.42,2.46
-1.838,1.322
-2.103,2.097
-2.044,2.985
-2.389,1.714
-2.495,3.006
-2.709,3.137
-2.743,3.279
-0.094,2.028
-0.222,3.301
-1.613,1.007
1.756,0.127
-1.712,0.302
-2.069,0.417
-2.321,-0.039
-2.918,0.134
-3.061,-0.237
2.28,4.266
2.314,4.227
2.119,4.506
2.027,4.451
1.602,4.5
1.705,4.401
0.995,4.136
1.151,4.49
0.94,4.45
0.831,4.516
0.152,4.462
-0.484,4.465
-1.365,4.295
-1.278,4.4
-1.631,4.576
-1.75,4.562
-2.426,4.198
-2.462,4.554
-2.762,4.586
-2.795,4.411
-2.852,4.305
2.743,1.067
1.682,1.727
1.571,1.488
1.259,0.719
-1.005,3.268
-1.159,1.827
-1.185,2.047
-1.937,2.747
-2.708,0.237
0.519,3.484
-0.805,2.094
-1.386,2.909
-1.338,2.446
-1.756,1.308
-2.021,2.083
-1.962,2.971
-2.307,1.7
-2.413,2.992
-2.627,3.123
-2.661,3.265
-0.012,2.014
-0.14,3.287
-1.531,0.993
1.838,0.113
-1.63,0.288
-1.987,0.403
-0.597,0.173
-0.74,-0.198
-1.682,4.305
-1.648,4.266
-1.843,4.545
-1.935,4.49
-2.36,4.539
-2.257,4.44
-2.967,4.175
-2.811,4.529
-3.022,4.489
-3.131,4.555
2.473,4.501
1.837,4.504
0.956,4.334
1.043,4.439
0.69,4.615
0.571,4.601
-0.105,4.237
-0.141,4.593
-0.441,4.625
-0.474,4.45
-0.531,4.344
-1.219,1.106
-2.28,1.766
-2.391,1.527
-2.703,0.758
1.316,3.307
1.162,1.866
1.136,2.086
0.384,2.786
-0.387,0.276
2.84,3.523
1.516,2.133
0.935,2.948
0.983,2.485
0.565,1.347
0.3,2.122
0.359,3.01
0.014,1.739
-0.092,3.031
-0.306,3.162
-0.34,3.304
2.309,2.053
2.181,3.326
0.79,1.032
-2.124,0.152
0.691,0.327
0.334,0.442
-0.143,-0.371
-1.085,4.132
-1.051,4.093
-1.246,4.372
-1.338,4.317
-1.763,4.366
-1.66,4.267
-2.37,4.002
-2.214,4.356
-2.425,4.316
-2.534,4.382
3.07,4.328
2.434,4.331
1.553,4.161
1.64,4.266
1.287,4.442
1.168,4.428
0.492,4.064
0.456,4.42
0.156,4.452
0.123,4.277
0.066,4.171
-0.622,0.933
-1.683,1.593
-1.794,1.354
-2.106,0.585
1.913,3.134
1.759,1.693
1.733,1.913
0.981,2.613
0.21,0.103
-2.846,3.35
2.113,1.96
1.532,2.775
1.58,2.312
1.162,1.174
0.897,1.949
0.956,2.837
0.611,1.566
0.505,2.858
0.291,2.989
0.257,3.131
2.906,1.88
2.778,3.153
1.387,0.859
-1.527,-0.021
1.288,0.154
0.931,0.269
-0.942,4.503
-0.908,4.464
-1.103,4.743
-1.195,4.688
-1.62,4.737
-1.517,4.638
-2.227,4.373
-2.071,4.727
-2.282,4.687
-2.391,4.753
-3.07,4.699
2.577,4.702
1.696,4.532
1.783,4.637
1.43,4.813
1.311,4.799
0.635,4.435
0.599,4.791
0.299,4.823
0.266,4.648
0.209,4.542
-0.479,1.304
-1.54,1.964
-1.651,1.725
-1.963,0.956
2.056,3.505
1.902,2.064
1.876,2.284
1.124,2.984
0.353,0.474
-2.703,3.721
2.256,2.331
1.675,3.146
1.723,2.683
1.305,1.545
1.04,2.32
1.099,3.208
0.754,1.937
0.648,3.229
0.434,3.36
0.4,3.502
3.049,2.251
2.921,3.524
1.53,1.23
-1.384,0.35
1.431,0.525
1.074,0.64
0.034,-0.039
-0.161,0.24
-0.253,0.185
-0.678,0.234
-0.575,0.135
-1.285,-0.13
-1.129,0.224
-1.34,0.184
-1.449,0.25
-2.128,0.196
-2.764,0.199
2.638,0.029
2.725,0.134
2.372,0.31
2.253,0.296
1.577,-0.068
1.541,0.288
1.241,0.32
1.208,0.145
1.151,0.039
0.463,-3.199
-0.598,-2.539
-0.709,-2.778
-1.021,-3.547
2.998,-0.998
2.844,-2.439
2.818,-2.219
2.066,-1.519
1.295,-4.029
-1.761,-0.782
-3.085,-2.172
2.617,-1.357
2.665,-1.82
2.247,-2.958
1.982,-2.183
2.041,-1.295
1.696,-2.566
1.59,-1.274
1.376,-1.143
1.342,-1.001
-2.292,-2.252
-2.42,-0.979
2.472,-3.273
-0.442,-4.153
2.373,-3.978
2.016,-3.863
-0.195,0.279
-0.287,0.224
-0.712,0.273
-0.609,0.174
-1.319,-0.091
-1.163,0.263
-1.374,0.223
-1.483,0.289
-2.162,0.235
-2.798,0.238
2.604,0.068
2.691,0.173
2.338,0.349
2.219,0.335
1.543,-0.029
1.507,0.327
1.207,0.359
1.174,0.184
1.117,0.078
0.429,-3.16
-0.632,-2.5
-0.743,-2.739
-1.055,-3.508
2.964,-0.959
2.81,-2.4
2.784,-2.18
2.032,-1.48
1.261,-3.99
-1.795,-0.743
-3.119,-2.133
2.583,-1.318
2.631,-1.781
2.213,-2.919
1.948,-2.144
2.007,-1.256
1.662,-2.527
1.556,-1.235
1.342,-1.104
1.308,-0.962
-2.326,-2.213
-2.454,-0.94
2.438,-3.234
-0.476,-4.114
2.339,-3.939
1.982,-3.824
-0.092,-0.055
-0.517,-0.006
-0.414,-0.105
-1.124,-0.37
-0.968,-0.016
-1.179,-0.056
-1.288,0.01
-1.967,-0.044
-2.603,-0.041
2.799,-0.211
2.886,-0.106
2.533,0.07
2.414,0.056
1.738,-0.308
1.702,0.048
1.402,0.08
1.369,-0.095
1.312,-0.201
0.624,-3.439
-0.437,-2.779
-0.548,-3.018
-0.86,-3.787
-3.124,-1.238
3.005,-2.679
2.979,-2.459
2.227,-1.759
1.456,-4.269
-1.6,-1.022
-2.924,-2.412
2.778,-1.597
2.826,-2.06
2.408,-3.198
2.143,-2.423
2.202,-1.535
1.857,-2.806
1.751,-1.514
1.537,-1.383
1.503,-1.241
-2.131,-2.492
-2.259,-1.219
2.633,-3.513
-0.281,-4.393
2.534,-4.218
2.177,-4.103
-0.425,0.049
-0.322,-0.05
-1.032,-0.315
-0.876,0.039
-1.087,-0.001
-1.196,0.065
-1.875,0.011
-2.511,0.014
2.891,-0.156
2.978,-0.051
2.625,0.125
2.506,0.111
1.83,-0.253
1.794,0.103
1.494,0.135
1.461,-0.04
1.404,-0.146
0.716,-3.384
-0.345,-2.724
-0.456,-2.963
-0.768,-3.732
-3.032,-1.183
3.097,-2.624
3.071,-2.404
2.319,-1.704
1.548,-4.214
-1.508,-0.967
-2.832,-2.357
2.87,-1.542
2.918,-2.005
2.5,-3.143
2.235,-2.368
2.294,-1.48
1.949,-2.751
1.843,-1.459
1.629,-1.328
1.595,-1.186
-2.039,-2.437
-2.167,-1.164
2.725,-3.458
-0.189,-4.338
2.626,-4.163
2.269,-4.048
0.103,-0.099
-0.607,-0.364
-0.451,-0.01
-0.662,-0.05
-0.771,0.016
-1.45,-0.038
-2.086,-0.035
-2.967,-0.205
-2.88,-0.1
3.05,0.076
2.931,0.062
2.255,-0.302
2.219,0.054
1.919,0.086
1.886,-0.089
1.829,-0.195
1.141,-3.433
0.08,-2.773
-0.031,-3.012
-0.343,-3.781
-2.607,-1.232
-2.761,-2.673
-2.787,-2.453
2.744,-1.753
1.973,-4.263
-1.083,-1.016
-2.407,-2.406
-2.988,-1.591
-2.94,-2.054
2.925,-3.192
2.66,-2.417
2.719,-1.529
2.374,-2.8
2.268,-1.508
2.054,-1.377
2.02,-1.235
-1.614,-2.486
-1.742,-1.213
-3.133,-3.507
0.236,-4.387
3.051,-4.212
2.694,-4.097
-0.71,-0.265
-0.554,0.089
-0.765,0.049
-0.874,0.115
-1.553,0.061
-2.189,0.064
-3.07,-0.106
-2.983,-0.001
2.947,0.175
2.828,0.161
2.152,-0.203
2.116,0.153
1.816,0.185
1.783,0.01
1.726,-0.096
1.038,-3.334
-0.023,-2.674
-0.134,-2.913
-0.446,-3.682
-2.71,-1.133
-2.864,-2.574
-2.89,-2.354
2.641,-1.654
1.87,-4.164
-1.186,-0.917
-2.51,-2.307
-3.091,-1.492
-3.043,-1.955
2.822,-3.093
2.557,-2.318
2.616,-1.43
2.271,-2.701
2.165,-1.409
1.951,-1.278
1.917,-1.136
-1.717,-2.387
-1.845,-1.114
3.047,-3.408
0.133,-4.288
2.948,-4.113
2.591,-3.998
0.156,0.354
-0.055,0.314
-0.164,0.38
-0.843,0.326
-1.479,0.329
-2.36,0.159
-2.273,0.264
-2.626,0.44
-2.745,0.426
2.862,0.062
2.826,0.418
2.526,0.45
2.493,0.275
2.436,0.169
1.748,-3.069
0.687,-2.409
0.576,-2.648
0.264,-3.417
-2.0,-0.868
-2.154,-2.309
-2.18,-2.089
-2.932,-1.389
2.58,-3.899
-0.476,-0.652
-1.8,-2.042
-2.381,-1.227
-2.333,-1.69
-2.751,-2.828
-3.016,-2.053
-2.957,-1.165
2.981,-2.436
2.875,-1.144
2.661,-1.013
2.627,-0.871
-1.007,-2.122
-1.135,-0.849
-2.526,-3.143
0.843,-4.023
-2.625,-3.848
-2.982,-3.733
-0.211,-0.04
-0.32,0.026
-0.999,-0.028
-1.635,-0.025
-2.516,-0.195
-2.429,-0.09
-2.782,0.086
-2.901,0.072
2.706,-0.292
2.67,0.064
2.37,0.096
2.337,-0.079
2.28,-0.185
1.592,-3.423
0.531,-2.763
0.42,-3.002
0.108,-3.771
-2.156,-1.222
-2.31,-2.663
-2.336,-2.443
-3.088,-1.743
2.424,-4.253
-0.632,-1.006
-1.956,-2.396
-2.537,-1.581
-2.489,-2.044
-2.907,-3.182
3.111,-2.407
-3.113,-1.519
2.825,-2.79
2.719,-1.498
2.505,-1.367
2.471,-1.225
-1.163,-2.476
-1.291,-1.203
-2.682,-3.497
0.687,-4.377
-2.781,-4.202
-3.138,-4.087
-0.109,0.066
-0.788,0.012
-1.424,0.015
-2.305,-0.155
-2.218,-0.05
-2.571,0.126
-2.69,0.112
2.917,-0.252
2.881,0.104
2.581,0.136
2.548,-0.039
2.491,-0.145
1.803,-3.383
0.742,-2.723
0.631,-2.962
0.319,-3.731
-1.945,-1.182
-2.099,-2.623
-2.125,-2.403
-2.877,-1.703
2.635,-4.213
-0.421,-0.966
-1.745,-2.356
-2.326,-1.541
-2.278,-2.004
-2.696,-3.142
-2.961,-2.367
-2.902,-1.479
3.036,-2.75
2.93,-1.458
2.716,-1.327
2.682,-1.185
-0.952,-2.436
-1.08,-1.163
-2.471,-3.457
0.898,-4.337
-2.57,-4.162
-2.927,-4.047
-0.679,-0.054
-1.315,-0.051
-2.196,-0.221
-2.109,-0.116
-2.462,0.06
-2.581,0.046
3.026,-0.318
2.99,0.038
2.69,0.07
2.657,-0.105
2.6,-0.211
1.912,-3.449
0.851,-2.789
0.74,-3.028
0.428,-3.797
-1.836,-1.248
-1.99,-2.689
-2.016,-2.469
-2.768,-1.769
2.744,-4.279
-0.312,-1.032
-1.636,-2.422
-2.217,-1.607
-2.169,-2.07
-2.587,-3.208
-2.852,-2.433
-2.793,-1.545
-3.138,-2.816
3.039,-1.524
2.825,-1.393
2.791,-1.251
-0.843,-2.502
-0.971,-1.229
-2.362,-3.523
1.007,-4.403
-2.461,-4.228
-2.818,-4.113
-0.636,0.003
-1.517,-0.167
-1.43,-0.062
-1.783,0.114
-1.902,0.1
-2.578,-0.264
-2.614,0.092
-2.914,0.124
-2.947,-0.051
-3.004,-0.157
2.591,-3.395
1.53,-2.735
1.419,-2.974
1.107,-3.743
-1.157,-1.194
-1.311,-2.635
-1.337,-2.415
-2.089,-1.715
-2.86,-4.225
0.367,-0.978
-0.957,-2.368
-1.538,-1.553
-1.49,-2.016
-1.908,-3.154
-2.173,-2.379
-2.114,-1.491
-2.459,-2.762
-2.565,-1.47
-2.779,-1.339
-2.813,-1.197
-0.164,-2.448
-0.292,-1.175
-1.683,-3.469
1.686,-4.349
-1.782,-4.174
-2.139,-4.059
-0.881,-0.17
-0.794,-0.065
-1.147,0.111
-1.266,0.097
-1.942,-0.267
-1.978,0.089
-2.278,0.121
-2.311,-0.054
-2.368,-0.16
-3.056,-3.398
2.166,-2.738
2.055,-2.977
1.743,-3.746
-0.521,-1.197
-0.675,-2.638
-0.701,-2.418
-1.453,-1.718
-2.224,-4.228
1.003,-0.981
-0.321,-2.371
-0.902,-1.556
-0.854,-2.019
-1.272,-3.157
-1.537,-2.382
-1.478,-1.494
-1.823,-2.765
-1.929,-1.473
-2.143,-1.342
-2.177,-1.2
0.472,-2.451
0.344,-1.178
-1.047,-3.472
2.322,-4.352
-1.146,-4.177
-1.503,-4.062
0.087,0.105
-0.266,0.281
-0.385,0.267
-1.061,-0.097
-1.097,0.259
-1.397,0.291
-1.43,0.116
-1.487,0.01
-2.175,-3.228
3.047,-2.568
2.936,-2.807
2.624,-3.576
0.36,-1.027
0.206,-2.468
0.18,-2.248
-0.572,-1.548
-1.343,-4.058
1.884,-0.811
0.56,-2.201
-0.021,-1.386
0.027,-1.849
-0.391,-2.987
-0.656,-2.212
-0.597,-1.324
-0.942,-2.595
-1.048,-1.303
-1.262,-1.172
-1.296,-1.03
1.353,-2.281
1.225,-1.008
-0.166,-3.302
-3.08,-4.182
-0.265,-4.007
-0.622,-3.892
-0.353,0.176
-0.472,0.162
-1.148,-0.202
-1.184,0.154
-1.484,0.186
-1.517,0.011
-1.574,-0.095
-2.262,-3.333
2.96,-2.673
2.849,-2.912
2.537,-3.681
0.273,-1.132
0.119,-2.573
0.093,-2.353
-0.659,-1.653
-1.43,-4.163
1.797,-0.916
0.473,-2.306
-0.108,-1.491
-0.06,-1.954
-0.478,-3.092
-0.743,-2.317
-0.684,-1.429
-1.029,-2.7
-1.135,-1.408
-1.349,-1.277
-1.383,-1.135
1.266,-2.386
1.138,-1.113
-0.253,-3.407
3.116,-4.287
-0.352,-4.112
-0.709,-3.997
-0.119,-0.014
-0.795,-0.378
-0.831,-0.022
-1.131,0.01
-1.164,-0.165
-1.221,-0.271
-1.909,-3.509
-2.97,-2.849
-3.081,-3.088
2.89,-3.857
0.626,-1.308
0.472,-2.749
0.446,-2.529
-0.306,-1.829
-1.077,-4.339
2.15,-1.092
0.826,-2.482
0.245,-1.667
0.293,-2.13
-0.125,-3.268
-0.39,-2.493
-0.331,-1.605
-0.676,-2.876
-0.782,-1.584
-0.996,-1.453
-1.03,-1.311
1.619,-2.562
1.491,-1.289
0.1,-3.583
-2.814,-4.463
0.001,-4.288
-0.356,-4.173
-0.676,-0.364
-0.712,-0.008
-1.012,0.024
-1.045,-0.151
-1.102,-0.257
-1.79,-3.495
-2.851,-2.835
-2.962,-3.074
3.009,-3.843
0.745,-1.294
0.591,-2.735
0.565,-2.515
-0.187,-1.815
-0.958,-4.325
2.269,-1.078
0.945,-2.468
0.364,-1.653
0.412,-2.116
-0.006,-3.254
-0.271,-2.479
-0.212,-1.591
-0.557,-2.862
-0.663,-1.57
-0.877,-1.439
-0.911,-1.297
1.738,-2.548
1.61,-1.275
0.219,-3.569
-2.695,-4.449
0.12,-4.274
-0.237,-4.159
-0.036,0.356
-0.336,0.388
-0.369,0.213
-0.426,0.107
-1.114,-3.131
-2.175,-2.471
-2.286,-2.71
-2.598,-3.479
1.421,-0.93
1.267,-2.371
1.241,-2.151
0.489,-1.451
-0.282,-3.961
2.945,-0.714
1.621,-2.104
1.04,-1.289
1.088,-1.752
0.67,-2.89
0.405,-2.115
0.464,-1.227
0.119,-2.498
0.013,-1.206
-0.201,-1.075
-0.235,-0.933
2.414,-2.184
2.286,-0.911
0.895,-3.205
-2.019,-4.085
0.796,-3.91
0.439,-3.795
-0.3,0.032
-0.333,-0.143
-0.39,-0.249
-1.078,-3.487
-2.139,-2.827
-2.25,-3.066
-2.562,-3.835
1.457,-1.286
1.303,-2.727
1.277,-2.507
0.525,-1.807
-0.246,-4.317
2.981,-1.07
1.657,-2.46
1.076,-1.645
1.124,-2.108
0.706,-3.246
0.441,-2.471
0.5,-1.583
0.155,-2.854
0.049,-1.562
-0.165,-1.431
-0.199,-1.289
2.45,-2.54
2.322,-1.267
0.931,-3.561
-1.983,-4.441
0.832,-4.266
0.475,-4.151
-0.033,-0.175
-0.09,-0.281
-0.778,-3.519
-1.839,-2.859
-1.95,-3.098
-2.262,-3.867
1.757,-1.318
1.603,-2.759
1.577,-2.539
0.825,-1.839
0.054,-4.349
-3.002,-1.102
1.957,-2.492
1.376,-1.677
1.424,-2.14
1.006,-3.278
0.741,-2.503
0.8,-1.615
0.455,-2.886
0.349,-1.594
0.135,-1.463
0.101,-1.321
2.75,-2.572
2.622,-1.299
1.231,-3.593
-1.683,-4.473
1.132,-4.298
0.775,-4.183
-0.057,-0.106
-0.745,-3.344
-1.806,-2.684
-1.917,-2.923
-2.229,-3.692
1.79,-1.143
1.636,-2.584
1.61,-2.364
0.858,-1.664
0.087,-4.174
-2.969,-0.927
1.99,-2.317
1.409,-1.502
1.457,-1.965
1.039,-3.103
0.774,-2.328
0.833,-1.44
0.488,-2.711
0.382,-1.419
0.168,-1.288
0.134,-1.146
2.783,-2.397
2.655,-1.124
1.264,-3.418
-1.65,-4.298
1.165,-4.123
0.808,-4.008
-0.688,-3.238
-1.749,-2.578
-1.86,-2.817
-2.172,-3.586
1.847,-1.037
1.693,-2.478
1.667,-2.258
0.915,-1.558
0.144,-4.068
-2.912,-0.821
2.047,-2.211
1.466,-1.396
1.514,-1.859
1.096,-2.997
0.831,-2.222
0.89,-1.334
0.545,-2.605
0.439,-1.313
0.225,-1.182
0.191,-1.04
2.84,-2.291
2.712,-1.018
1.321,-3.312
-1.593,-4.192
1.222,-4.017
0.865,-3.902
-1.061,0.66
-1.172,0.421
-1.484,-0.348
2.535,2.201
2.381,0.76
2.355,0.98
1.603,1.68
0.832,-0.83
-2.224,2.417
2.735,1.027
2.154,1.842
2.202,1.379
1.784,0.241
1.519,1.016
1.578,1.904
1.233,0.633
1.127,1.925
0.913,2.056
0.879,2.198
-2.755,0.947
-2.883,2.22
2.009,-0.074
-0.905,-0.954
1.91,-0.779
1.553,-0.664
-0.111,-0.239
-0.423,-1.008
-2.687,1.541
-2.841,0.1
-2.867,0.32
2.664,1.02
1.893,-1.49
-1.163,1.757
-2.487,0.367
-3.068,1.182
-3.02,0.719
2.845,-0.419
2.58,0.356
2.639,1.244
2.294,-0.027
2.188,1.265
1.974,1.396
1.94,1.538
-1.694,0.287
-1.822,1.56
3.07,-0.734
0.156,-1.614
2.971,-1.439
2.614,-1.324
-0.312,-0.769
-2.576,1.78
-2.73,0.339
-2.756,0.559
2.775,1.259
2.004,-1.251
-1.052,1.996
-2.376,0.606
-2.957,1.421
-2.909,0.958
2.956,-0.18
2.691,0.595
2.75,1.483
2.405,0.212
2.299,1.504
2.085,1.635
2.051,1.777
-1.583,0.526
-1.711,1.799
-3.102,-0.495
0.267,-1.375
3.082,-1.2
2.725,-1.085
-2.264,2.549
-2.418,1.108
-2.444,1.328
3.087,2.028
2.316,-0.482
-0.74,2.765
-2.064,1.375
-2.645,2.19
-2.597,1.727
-3.015,0.589
3.003,1.364
3.062,2.252
2.717,0.981
2.611,2.273
2.397,2.404
2.363,2.546
-1.271,1.295
-1.399,2.568
-2.79,0.274
0.579,-0.606
-2.889,-0.431
3.037,-0.316
-0.154,-1.441
-0.18,-1.221
-0.932,-0.521
-1.703,-3.031
1.524,0.216
0.2,-1.174
-0.381,-0.359
-0.333,-0.822
-0.751,-1.96
-1.016,-1.185
-0.957,-0.297
-1.302,-1.568
-1.408,-0.276
-1.622,-0.145
-1.656,-0.003
0.993,-1.254
0.865,0.019
-0.526,-2.275
2.843,-3.155
-0.625,-2.98
-0.982,-2.865
-0.026,0.22
-0.778,0.92
-1.549,-1.59
1.678,1.657
0.354,0.267
-0.227,1.082
-0.179,0.619
-0.597,-0.519
-0.862,0.256
-0.803,1.144
-1.148,-0.127
-1.254,1.165
-1.468,1.296
-1.502,1.438
1.147,0.187
1.019,1.46
-0.372,-0.834
2.997,-1.714
-0.471,-1.539
-0.828,-1.424
-0.752,0.7
-1.523,-1.81
1.704,1.437
0.38,0.047
-0.201,0.862
-0.153,0.399
-0.571,-0.739
-0.836,0.036
-0.777,0.924
-1.122,-0.347
-1.228,0.945
-1.442,1.076
-1.476,1.218
1.173,-0.033
1.045,1.24
-0.346,-1.054
3.023,-1.934
-0.445,-1.759
-0.802,-1.644
-0.771,-2.51
2.456,0.737
1.132,-0.653
0.551,0.162
0.599,-0.301
0.181,-1.439
-0.084,-0.664
-0.025,0.224
-0.37,-1.047
-0.476,0.245
-0.69,0.376
-0.724,0.518
1.925,-0.733
1.797,0.54
0.406,-1.754
-2.508,-2.634
0.307,-2.459
-0.05,-2.344
-3.056,3.247
1.903,1.857
1.322,2.672
1.37,2.209
0.952,1.071
0.687,1.846
0.746,2.734
0.401,1.463
0.295,2.755
0.081,2.886
0.047,3.028
2.696,1.777
2.568,3.05
1.177,0.756
-1.737,-0.124
1.078,0.051
0.721,0.166
-1.324,-1.39
-1.905,-0.575
-1.857,-1.038
-2.275,-2.176
-2.54,-1.401
-2.481,-0.513
-2.826,-1.784
-2.932,-0.492
3.137,-0.361
3.103,-0.219
-0.531,-1.47
-0.659,-0.197
-2.05,-2.491
1.319,-3.371
-2.149,-3.196
-2.506,-3.081
-0.581,0.815
-0.533,0.352
-0.951,-0.786
-1.216,-0.011
-1.157,0.877
-1.502,-0.394
-1.608,0.898
-1.822,1.029
-1.856,1.171
0.793,-0.08
0.665,1.193
-0.726,-1.101
2.643,-1.981
-0.825,-1.806
-1.182,-1.691
0.048,-0.463
-0.37,-1.601
-0.635,-0.826
-0.576,0.062
-0.921,-1.209
-1.027,0.083
-1.241,0.214
-1.275,0.356
1.374,-0.895
1.246,0.378
-0.145,-1.916
-3.059,-2.796
-0.244,-2.621
-0.601,-2.506
-0.418,-1.138
-0.683,-0.363
-0.624,0.525
-0.969,-0.746
-1.075,0.546
-1.289,0.677
-1.323,0.819
1.326,-0.432
1.198,0.841
-0.193,-1.453
-3.107,-2.333
-0.292,-2.158
-0.649,-2.043
-0.265,0.775
-0.206,1.663
-0.551,0.392
-0.657,1.684
-0.871,1.815
-0.905,1.957
1.744,0.706
1.616,1.979
0.225,-0.315
-2.689,-1.195
0.126,-1.02
-0.231,-0.905
0.059,0.888
-0.286,-0.383
-0.392,0.909
-0.606,1.04
-0.64,1.182
2.009,-0.069
1.881,1.204
0.49,-1.09
-2.424,-1.97
0.391,-1.795
0.034,-1.68
-0.345,-1.271
-0.451,0.021
-0.665,0.152
-0.699,0.294
1.95,-0.957
1.822,0.316
0.431,-1.978
-2.483,-2.858
0.332,-2.683
-0.025,-2.568
-0.106,1.292
-0.32,1.423
-0.354,1.565
2.295,0.314
2.167,1.587
0.776,-0.707
-2.138,-1.587
0.677,-1.412
0.32,-1.297
-0.214,0.131
-0.248,0.273
2.401,-0.978
2.273,0.295
0.882,-1.999
-2.032,-2.879
0.783,-2.704
0.426,-2.589
-0.034,0.142
2.615,-1.109
2.487,0.164
1.096,-2.13
-1.818,-3.01
0.997,-2.835
0.64,-2.72
2.649,-1.251
2.521,0.022
1.13,-2.272
-1.784,-3.152
1.031,-2.977
0.674,-2.862
-0.128,1.273
-1.519,-1.021
1.85,-1.901
-1.618,-1.726
-1.975,-1.611
-1.391,-2.294
1.978,-3.174
-1.49,-2.999
-1.847,-2.884
-2.914,-0.88
-0.099,-0.705
-0.456,-0.59
2.815,0.175
2.458,0.29
-0.357,0.115
