-0.005,0.968
-0.085,-0.228
-0.159,3.259
-0.304,1.905
-0.406,0.054
-0.5,-0.044
-0.589,0.179
-0.65,2.45
-0.671,2.918
-0.766,0.335
-0.695,-0.458
-0.778,2.658
-0.88,1.952
-0.945,1.32
-1.029,2.191
-1.005,0.212
-1.023,0.257
-1.114,0.584
-1.147,0.163
-1.216,0.755
-1.244,0.084
-1.269,-0.345
-1.214,1.962
-1.295,1.691
-1.274,2.431
-1.275,0.01
-1.304,-0.101
-1.351,0.697
-1.396,1.871
-1.399,2.998
-1.343,2.993
-1.423,3.081
-1.444,0.747
-1.353,3.286
-1.543,1.769
-1.541,1.365
-1.479,1.739
-1.575,0.572
-1.627,2.158
-1.577,-0.198
-1.687,0.368
-1.714,1.956
-1.741,0.15
-1.775,-0.018
-1.809,2.128
-1.743,1.471
-1.804,0.185
-1.887,3.039
-1.916,0.898
-1.941,3.195
-1.896,0.815
-1.933,0.753
-1.989,2.142
-2.036,1.574
-2.068,-0.172
-2.042,2.744
-2.238,2.318
-2.19,0.872
-2.321,0.401
-2.288,2.497
-2.364,1.503
-2.306,2.915
-2.336,-0.614
-2.442,1.495
-2.464,0.056
-2.466,0.026
-2.621,0.211
-2.604,1.288
-2.584,1.074
-2.627,0.275
-2.897,2.065
-3.108,1.162
3.01,2.642
3.034,0.501
2.945,0.199
2.932,1.155
2.847,3.302
2.794,3.153
2.766,3.43
2.758,1.687
2.681,2.373
2.673,-0.484
2.673,2.909
2.375,2.865
2.44,2.842
2.344,2.449
2.296,1.109
2.25,2.926
2.182,-0.397
2.184,2.784
2.226,0.682
2.137,1.811
2.093,1.254
2.074,0.152
2.046,-0.304
2.058,-0.057
1.94,0.568
1.928,0.095
1.985,0.659
1.974,2.212
1.906,2.768
1.957,2.483
1.851,0.405
1.859,0.828
1.828,1.178
1.805,2.78
1.77,0.342
1.828,2.695
1.777,1.379
1.601,2.312
1.425,1.916
1.47,0.27
1.436,1.351
1.35,2.971
1.284,3.042
1.261,2.493
1.209,1.55
1.186,3.061
1.158,2.255
1.181,0.856
1.159,1.016
1.154,2.146
1.102,2.437
1.15,3.22
1.074,1.142
1.11,-0.32
1.112,0.615
0.952,0.941
0.924,2.197
0.909,1.991
0.855,-0.488
0.636,0.59
0.525,0.241
0.464,1.283
0.373,2.409
0.437,-0.483
0.299,-0.335
0.267,-0.214
0.229,1.423
0.285,2.327
0.156,0.205
-0.382,-1.032
-0.53,-0.634
-1.415,-0.889
-1.576,-0.701
-1.91,-0.727
-2.03,-0.941
-2.78,-0.822
2.965,-0.905
1.93,-0.753
1.561,-0.703
1.355,-1.015
1.027,-1.128
1.082,-0.977
0.708,-0.825
0.707,-0.744
-0.887,3.59
-1.172,3.73
-1.749,3.343
-1.991,3.743
-2.163,3.567
-2.295,3.501
2.878,3.629
1.988,3.621
1.0,3.415
0.958,3.781
0.752,3.732
0.744,3.524
2.298,1.309
2.167,2.82
0.858,2.801
0.718,-0.048
-0.046,0.473
-0.082,0.484
-0.547,0.324
-0.755,1.926
-0.806,1.217
-1.007,0.493
-0.948,0.698
-1.061,1.562
-1.087,0.714
-1.137,1.94
-1.148,1.952
-1.209,3.365
-1.455,-0.425
-1.331,1.033
-1.364,2.099
-1.613,-0.433
-1.55,3.128
-1.742,0.446
-1.712,2.407
-1.697,-0.352
-1.756,1.294
-1.826,-0.071
-1.977,2.922
-2.03,1.211
-2.159,0.391
-2.227,0.118
-2.266,-0.375
-2.319,1.73
-2.589,2.895
-2.534,1.953
-2.545,1.656
-2.644,1.702
-2.867,-0.647
-2.809,0.691
-2.972,1.069
-3.07,0.673
-3.103,-0.282
3.116,2.0
3.071,3.038
2.85,0.73
2.919,1.048
2.74,2.076
2.731,2.077
2.763,-0.664
2.742,3.064
2.607,1.978
2.56,2.352
2.507,1.337
2.518,0.615
2.456,0.497
2.421,3.284
2.299,2.317
2.256,1.931
2.336,1.917
2.176,-0.313
2.086,2.944
2.102,2.84
1.869,0.511
1.939,3.223
1.887,0.689
1.781,1.528
1.842,0.814
1.745,0.829
1.755,1.553
1.612,0.811
1.689,3.086
1.563,-0.064
1.443,0.327
1.329,1.539
1.303,2.01
1.319,1.76
1.28,0.903
1.38,1.29
1.269,2.963
1.265,1.856
1.12,1.479
1.177,3.29
1.041,0.92
1.152,-0.229
1.109,0.857
0.762,1.198
0.377,2.983
0.462,0.779
0.448,-0.153
0.181,-0.272
-0.506,-0.987
-1.14,-0.741
-0.99,-0.971
-1.557,-0.968
-1.571,-0.956
-2.09,-1.016
-2.029,-0.8
2.758,-0.936
2.182,-1.075
1.964,-0.961
0.675,-1.082
-0.689,3.503
-2.079,3.466
-2.634,3.352
-2.692,3.645
1.568,3.634
1.631,3.446
0.127,3.656
2.011,2.799
1.815,1.892
1.788,2.073
0.765,2.236
0.769,1.284
0.814,2.618
0.695,1.895
0.561,1.661
1.174,1.834
0.749,0.313
0.576,0.476
-1.495,3.657
0.668,3.098
-0.08,-1.196
-0.154,2.291
-0.299,0.937
-0.401,-0.914
-0.495,-1.012
-0.584,-0.789
-0.645,1.482
-0.666,1.95
-0.761,-0.633
-0.69,-1.426
-0.773,1.69
-0.875,0.984
-0.94,0.352
-1.024,1.223
-1.0,-0.756
-1.018,-0.711
-1.109,-0.384
-1.142,-0.805
-1.211,-0.213
-1.239,-0.884
-1.264,-1.313
-1.209,0.994
-1.29,0.723
-1.269,1.463
-1.27,-0.958
-1.299,-1.069
-1.346,-0.271
-1.391,0.903
-1.394,2.03
-1.338,2.025
-1.418,2.113
-1.439,-0.221
-1.348,2.318
-1.538,0.801
-1.536,0.397
-1.474,0.771
-1.57,-0.396
-1.622,1.19
-1.572,-1.166
-1.682,-0.6
-1.709,0.988
-1.736,-0.818
-1.77,-0.986
-1.804,1.16
-1.738,0.503
-1.799,-0.783
-1.882,2.071
-1.911,-0.07
-1.936,2.227
-1.891,-0.153
-1.928,-0.215
-1.984,1.174
-2.031,0.606
-2.063,-1.14
-2.037,1.776
-2.233,1.35
-2.185,-0.096
-2.316,-0.567
-2.283,1.529
-2.359,0.535
-2.301,1.947
-2.331,-1.582
-2.437,0.527
-2.459,-0.912
-2.461,-0.942
-2.616,-0.757
-2.599,0.32
-2.579,0.106
-2.622,-0.693
-2.892,1.097
-3.103,0.194
3.015,1.674
3.039,-0.467
2.95,-0.769
2.937,0.187
2.852,2.334
2.799,2.185
2.771,2.462
2.763,0.719
2.686,1.405
2.678,-1.452
2.678,1.941
2.38,1.897
2.445,1.874
2.349,1.481
2.301,0.141
2.255,1.958
2.187,-1.365
2.189,1.816
2.231,-0.286
2.142,0.843
2.098,0.286
2.079,-0.816
2.051,-1.272
2.063,-1.025
1.945,-0.4
1.933,-0.873
1.99,-0.309
1.979,1.244
1.911,1.8
1.962,1.515
1.856,-0.563
1.864,-0.14
1.833,0.21
1.81,1.812
1.775,-0.626
1.833,1.727
1.782,0.411
1.606,1.344
1.43,0.948
1.475,-0.698
1.441,0.383
1.355,2.003
1.289,2.074
1.266,1.525
1.214,0.582
1.191,2.093
1.163,1.287
1.186,-0.112
1.164,0.048
1.159,1.178
1.107,1.469
1.155,2.252
1.079,0.174
1.115,-1.288
1.117,-0.353
0.957,-0.027
0.929,1.229
0.914,1.023
0.86,-1.456
0.641,-0.378
0.53,-0.727
0.469,0.315
0.378,1.441
0.442,-1.451
0.304,-1.303
0.272,-1.182
0.234,0.455
0.29,1.359
0.161,-0.763
-0.377,-2.0
-0.525,-1.602
-1.41,-1.857
-1.571,-1.669
-1.905,-1.695
-2.025,-1.909
-2.775,-1.79
2.97,-1.873
1.935,-1.721
1.566,-1.671
1.36,-1.983
1.032,-2.096
1.087,-1.945
0.713,-1.793
0.712,-1.712
-0.882,2.622
-1.167,2.762
-1.744,2.375
-1.986,2.775
-2.158,2.599
-2.29,2.533
2.883,2.661
1.993,2.653
1.005,2.447
0.963,2.813
0.757,2.764
0.749,2.556
2.303,0.341
2.172,1.852
0.863,1.833
0.723,-1.016
-0.041,-0.495
-0.077,-0.484
-0.542,-0.644
-0.75,0.958
-0.801,0.249
-1.002,-0.475
-0.943,-0.27
-1.056,0.594
-1.082,-0.254
-1.132,0.972
-1.143,0.984
-1.204,2.397
-1.45,-1.393
-1.326,0.065
-1.359,1.131
-1.608,-1.401
-1.545,2.16
-1.737,-0.522
-1.707,1.439
-1.692,-1.32
-1.751,0.326
-1.821,-1.039
-1.972,1.954
-2.025,0.243
-2.154,-0.577
-2.222,-0.85
-2.261,-1.343
-2.314,0.762
-2.584,1.927
-2.529,0.985
-2.54,0.688
-2.639,0.734
-2.862,-1.615
-2.804,-0.277
-2.967,0.101
-3.065,-0.295
-3.098,-1.25
3.121,1.032
3.076,2.07
2.855,-0.238
2.924,0.08
2.745,1.108
2.736,1.109
2.768,-1.632
2.747,2.096
2.612,1.01
2.565,1.384
2.512,0.369
2.523,-0.353
2.461,-0.471
2.426,2.316
2.304,1.349
2.261,0.963
2.341,0.949
2.181,-1.281
2.091,1.976
2.107,1.872
1.874,-0.457
1.944,2.255
1.892,-0.279
1.786,0.56
1.847,-0.154
1.75,-0.139
1.76,0.585
1.617,-0.157
1.694,2.118
1.568,-1.032
1.448,-0.641
1.334,0.571
1.308,1.042
1.324,0.792
1.285,-0.065
1.385,0.322
1.274,1.995
1.27,0.888
1.125,0.511
1.182,2.322
1.046,-0.048
1.157,-1.197
1.114,-0.111
0.767,0.23
0.382,2.015
0.467,-0.189
0.453,-1.121
0.186,-1.24
-0.501,-1.955
-1.135,-1.709
-0.985,-1.939
-1.552,-1.936
-1.566,-1.924
-2.085,-1.984
-2.024,-1.768
2.763,-1.904
2.187,-2.043
1.969,-1.929
0.68,-2.05
-0.684,2.535
-2.074,2.498
-2.629,2.384
-2.687,2.677
1.573,2.666
1.636,2.478
0.132,2.688
2.016,1.831
1.82,0.924
1.793,1.105
0.77,1.268
0.774,0.316
0.819,1.65
0.7,0.927
0.566,0.693
1.179,0.866
0.754,-0.655
0.581,-0.492
-1.49,2.689
0.673,2.13
-0.074,3.487
-0.219,2.133
-0.321,0.282
-0.415,0.184
-0.504,0.407
-0.565,2.678
-0.586,3.146
-0.681,0.563
-0.61,-0.23
-0.693,2.886
-0.795,2.18
-0.86,1.548
-0.944,2.419
-0.92,0.44
-0.938,0.485
-1.029,0.812
-1.062,0.391
-1.131,0.983
-1.159,0.312
-1.184,-0.117
-1.129,2.19
-1.21,1.919
-1.189,2.659
-1.19,0.238
-1.219,0.127
-1.266,0.925
-1.311,2.099
-1.314,3.226
-1.258,3.221
-1.338,3.309
-1.359,0.975
-1.268,3.514
-1.458,1.997
-1.456,1.593
-1.394,1.967
-1.49,0.8
-1.542,2.386
-1.492,0.03
-1.602,0.596
-1.629,2.184
-1.656,0.378
-1.69,0.21
-1.724,2.356
-1.658,1.699
-1.719,0.413
-1.802,3.267
-1.831,1.126
-1.856,3.423
-1.811,1.043
-1.848,0.981
-1.904,2.37
-1.951,1.802
-1.983,0.056
-1.957,2.972
-2.153,2.546
-2.105,1.1
-2.236,0.629
-2.203,2.725
-2.279,1.731
-2.221,3.143
-2.251,-0.386
-2.357,1.723
-2.379,0.284
-2.381,0.254
-2.536,0.439
-2.519,1.516
-2.499,1.302
-2.542,0.503
-2.812,2.293
-3.023,1.39
3.095,2.87
3.119,0.729
3.03,0.427
3.017,1.383
2.932,3.53
2.879,3.381
2.851,3.658
2.843,1.915
2.766,2.601
2.758,-0.256
2.758,3.137
2.46,3.093
2.525,3.07
2.429,2.677
2.381,1.337
2.335,3.154
2.267,-0.169
2.269,3.012
2.311,0.91
2.222,2.039
2.178,1.482
2.159,0.38
2.131,-0.076
2.143,0.171
2.025,0.796
2.013,0.323
2.07,0.887
2.059,2.44
1.991,2.996
2.042,2.711
1.936,0.633
1.944,1.056
1.913,1.406
1.89,3.008
1.855,0.57
1.913,2.923
1.862,1.607
1.686,2.54
1.51,2.144
1.555,0.498
1.521,1.579
1.435,3.199
1.369,3.27
1.346,2.721
1.294,1.778
1.271,3.289
1.243,2.483
1.266,1.084
1.244,1.244
1.239,2.374
1.187,2.665
1.235,3.448
1.159,1.37
1.195,-0.092
1.197,0.843
1.037,1.169
1.009,2.425
0.994,2.219
0.94,-0.26
0.721,0.818
0.61,0.469
0.549,1.511
0.458,2.637
0.522,-0.255
0.384,-0.107
0.352,0.014
0.314,1.651
0.37,2.555
0.241,0.433
-0.297,-0.804
-0.445,-0.406
-1.33,-0.661
-1.491,-0.473
-1.825,-0.499
-1.945,-0.713
-2.695,-0.594
3.05,-0.677
2.015,-0.525
1.646,-0.475
1.44,-0.787
1.112,-0.9
1.167,-0.749
0.793,-0.597
0.792,-0.516
-0.802,3.818
-1.087,3.958
-1.664,3.571
-1.906,3.971
-2.078,3.795
-2.21,3.729
2.963,3.857
2.073,3.849
1.085,3.643
1.043,4.009
0.837,3.96
0.829,3.752
2.383,1.537
2.252,3.048
0.943,3.029
0.803,0.18
0.039,0.701
0.003,0.712
-0.462,0.552
-0.67,2.154
-0.721,1.445
-0.922,0.721
-0.863,0.926
-0.976,1.79
-1.002,0.942
-1.052,2.168
-1.063,2.18
-1.124,3.593
-1.37,-0.197
-1.246,1.261
-1.279,2.327
-1.528,-0.205
-1.465,3.356
-1.657,0.674
-1.627,2.635
-1.612,-0.124
-1.671,1.522
-1.741,0.157
-1.892,3.15
-1.945,1.439
-2.074,0.619
-2.142,0.346
-2.181,-0.147
-2.234,1.958
-2.504,3.123
-2.449,2.181
-2.46,1.884
-2.559,1.93
-2.782,-0.419
-2.724,0.919
-2.887,1.297
-2.985,0.901
-3.018,-0.054
-3.082,2.228
-3.127,3.266
2.935,0.958
3.004,1.276
2.825,2.304
2.816,2.305
2.848,-0.436
2.827,3.292
2.692,2.206
2.645,2.58
2.592,1.565
2.603,0.843
2.541,0.725
2.506,3.512
2.384,2.545
2.341,2.159
2.421,2.145
2.261,-0.085
2.171,3.172
2.187,3.068
1.954,0.739
2.024,3.451
1.972,0.917
1.866,1.756
1.927,1.042
1.83,1.057
1.84,1.781
1.697,1.039
1.774,3.314
1.648,0.164
1.528,0.555
1.414,1.767
1.388,2.238
1.404,1.988
1.365,1.131
1.465,1.518
1.354,3.191
1.35,2.084
1.205,1.707
1.262,3.518
1.126,1.148
1.237,-0.001
1.194,1.085
0.847,1.426
0.462,3.211
0.547,1.007
0.533,0.075
0.266,-0.044
-0.421,-0.759
-1.055,-0.513
-0.905,-0.743
-1.472,-0.74
-1.486,-0.728
-2.005,-0.788
-1.944,-0.572
2.843,-0.708
2.267,-0.847
2.049,-0.733
0.76,-0.854
-0.604,3.731
-1.994,3.694
-2.549,3.58
-2.607,3.873
1.653,3.862
1.716,3.674
0.212,3.884
2.096,3.027
1.9,2.12
1.873,2.301
0.85,2.464
0.854,1.512
0.899,2.846
0.78,2.123
0.646,1.889
1.259,2.062
0.834,0.541
0.661,0.704
-1.41,3.885
0.753,3.326
-0.145,-1.354
-0.247,-3.205
-0.341,-3.303
-0.43,-3.08
-0.491,-0.809
-0.512,-0.341
-0.607,-2.924
-0.536,-3.717
-0.619,-0.601
-0.721,-1.307
-0.786,-1.939
-0.87,-1.068
-0.846,-3.047
-0.864,-3.002
-0.955,-2.675
-0.988,-3.096
-1.057,-2.504
-1.085,-3.175
-1.11,-3.604
-1.055,-1.297
-1.136,-1.568
-1.115,-0.828
-1.116,-3.249
-1.145,-3.36
-1.192,-2.562
-1.237,-1.388
-1.24,-0.261
-1.184,-0.266
-1.264,-0.178
-1.285,-2.512
-1.194,0.027
-1.384,-1.49
-1.382,-1.894
-1.32,-1.52
-1.416,-2.687
-1.468,-1.101
-1.418,-3.457
-1.528,-2.891
-1.555,-1.303
-1.582,-3.109
-1.616,-3.277
-1.65,-1.131
-1.584,-1.788
-1.645,-3.074
-1.728,-0.22
-1.757,-2.361
-1.782,-0.064
-1.737,-2.444
-1.774,-2.506
-1.83,-1.117
-1.877,-1.685
-1.909,-3.431
-1.883,-0.515
-2.079,-0.941
-2.031,-2.387
-2.162,-2.858
-2.129,-0.762
-2.205,-1.756
-2.147,-0.344
-2.177,-3.873
-2.283,-1.764
-2.305,-3.203
-2.307,-3.233
-2.462,-3.048
-2.445,-1.971
-2.425,-2.185
-2.468,-2.984
-2.738,-1.194
-2.949,-2.097
-3.114,-0.617
-3.09,-2.758
3.104,-3.06
3.091,-2.104
3.006,0.043
2.953,-0.106
2.925,0.171
2.917,-1.572
2.84,-0.886
2.832,-3.743
2.832,-0.35
2.534,-0.394
2.599,-0.417
2.503,-0.81
2.455,-2.15
2.409,-0.333
2.341,-3.656
2.343,-0.475
2.385,-2.577
2.296,-1.448
2.252,-2.005
2.233,-3.107
2.205,-3.563
2.217,-3.316
2.099,-2.691
2.087,-3.164
2.144,-2.6
2.133,-1.047
2.065,-0.491
2.116,-0.776
2.01,-2.854
2.018,-2.431
1.987,-2.081
1.964,-0.479
1.929,-2.917
1.987,-0.564
1.936,-1.88
1.76,-0.947
1.584,-1.343
1.629,-2.989
1.595,-1.908
1.509,-0.288
1.443,-0.217
1.42,-0.766
1.368,-1.709
1.345,-0.198
1.317,-1.004
1.34,-2.403
1.318,-2.243
1.313,-1.113
1.261,-0.822
1.309,-0.039
1.233,-2.117
1.269,-3.579
1.271,-2.644
1.111,-2.318
1.083,-1.062
1.068,-1.268
1.014,-3.747
0.795,-2.669
0.684,-3.018
0.623,-1.976
0.532,-0.85
0.596,-3.742
0.458,-3.594
0.426,-3.473
0.388,-1.836
0.444,-0.932
0.315,-3.054
-0.223,-4.291
-0.371,-3.893
-1.256,-4.148
-1.417,-3.96
-1.751,-3.986
-1.871,-4.2
-2.621,-4.081
3.124,-4.164
2.089,-4.012
1.72,-3.962
1.514,-4.274
1.186,-4.387
1.241,-4.236
0.867,-4.084
0.866,-4.003
-0.728,0.331
-1.013,0.471
-1.59,0.084
-1.832,0.484
-2.004,0.308
-2.136,0.242
3.037,0.37
2.147,0.362
1.159,0.156
1.117,0.522
0.911,0.473
0.903,0.265
2.457,-1.95
2.326,-0.439
1.017,-0.458
0.877,-3.307
0.113,-2.786
0.077,-2.775
-0.388,-2.935
-0.596,-1.333
-0.647,-2.042
-0.848,-2.766
-0.789,-2.561
-0.902,-1.697
-0.928,-2.545
-0.978,-1.319
-0.989,-1.307
-1.05,0.106
-1.296,-3.684
-1.172,-2.226
-1.205,-1.16
-1.454,-3.692
-1.391,-0.131
-1.583,-2.813
-1.553,-0.852
-1.538,-3.611
-1.597,-1.965
-1.667,-3.33
-1.818,-0.337
-1.871,-2.048
-2.0,-2.868
-2.068,-3.141
-2.107,-3.634
-2.16,-1.529
-2.43,-0.364
-2.375,-1.306
-2.386,-1.603
-2.485,-1.557
-2.708,-3.906
-2.65,-2.568
-2.813,-2.19
-2.911,-2.586
-2.944,-3.541
-3.008,-1.259
-3.053,-0.221
3.009,-2.529
3.078,-2.211
2.899,-1.183
2.89,-1.182
2.922,-3.923
2.901,-0.195
2.766,-1.281
2.719,-0.907
2.666,-1.922
2.677,-2.644
2.615,-2.762
2.58,0.025
2.458,-0.942
2.415,-1.328
2.495,-1.342
2.335,-3.572
2.245,-0.315
2.261,-0.419
2.028,-2.748
2.098,-0.036
2.046,-2.57
1.94,-1.731
2.001,-2.445
1.904,-2.43
1.914,-1.706
1.771,-2.448
1.848,-0.173
1.722,-3.323
1.602,-2.932
1.488,-1.72
1.462,-1.249
1.478,-1.499
1.439,-2.356
1.539,-1.969
1.428,-0.296
1.424,-1.403
1.279,-1.78
1.336,0.031
1.2,-2.339
1.311,-3.488
1.268,-2.402
0.921,-2.061
0.536,-0.276
0.621,-2.48
0.607,-3.412
0.34,-3.531
-0.347,-4.246
-0.981,-4.0
-0.831,-4.23
-1.398,-4.227
-1.412,-4.215
-1.931,-4.275
-1.87,-4.059
2.917,-4.195
2.341,-4.334
2.123,-4.22
0.834,-4.341
-0.53,0.244
-1.92,0.207
-2.475,0.093
-2.533,0.386
1.727,0.375
1.79,0.187
0.286,0.397
2.17,-0.46
1.974,-1.367
1.947,-1.186
0.924,-1.023
0.928,-1.975
0.973,-0.641
0.854,-1.364
0.72,-1.598
1.333,-1.425
0.908,-2.946
0.735,-2.783
-1.336,0.398
0.827,-0.161
-0.102,-1.851
-0.196,-1.949
-0.285,-1.726
-0.346,0.545
-0.367,1.013
-0.462,-1.57
-0.391,-2.363
-0.474,0.753
-0.576,0.047
-0.641,-0.585
-0.725,0.286
-0.701,-1.693
-0.719,-1.648
-0.81,-1.321
-0.843,-1.742
-0.912,-1.15
-0.94,-1.821
-0.965,-2.25
-0.91,0.057
-0.991,-0.214
-0.97,0.526
-0.971,-1.895
-1.0,-2.006
-1.047,-1.208
-1.092,-0.034
-1.095,1.093
-1.039,1.088
-1.119,1.176
-1.14,-1.158
-1.049,1.381
-1.239,-0.136
-1.237,-0.54
-1.175,-0.166
-1.271,-1.333
-1.323,0.253
-1.273,-2.103
-1.383,-1.537
-1.41,0.051
-1.437,-1.755
-1.471,-1.923
-1.505,0.223
-1.439,-0.434
-1.5,-1.72
-1.583,1.134
-1.612,-1.007
-1.637,1.29
-1.592,-1.09
-1.629,-1.152
-1.685,0.237
-1.732,-0.331
-1.764,-2.077
-1.738,0.839
-1.934,0.413
-1.886,-1.033
-2.017,-1.504
-1.984,0.592
-2.06,-0.402
-2.002,1.01
-2.032,-2.519
-2.138,-0.41
-2.16,-1.849
-2.162,-1.879
-2.317,-1.694
-2.3,-0.617
-2.28,-0.831
-2.323,-1.63
-2.593,0.16
-2.804,-0.743
-2.969,0.737
-2.945,-1.404
-3.034,-1.706
-3.047,-0.75
-3.132,1.397
3.098,1.248
3.07,1.525
3.062,-0.218
2.985,0.468
2.977,-2.389
2.977,1.004
2.679,0.96
2.744,0.937
2.648,0.544
2.6,-0.796
2.554,1.021
2.486,-2.302
2.488,0.879
2.53,-1.223
2.441,-0.094
2.397,-0.651
2.378,-1.753
2.35,-2.209
2.362,-1.962
2.244,-1.337
2.232,-1.81
2.289,-1.246
2.278,0.307
2.21,0.863
2.261,0.578
2.155,-1.5
2.163,-1.077
2.132,-0.727
2.109,0.875
2.074,-1.563
2.132,0.79
2.081,-0.526
1.905,0.407
1.729,0.011
1.774,-1.635
1.74,-0.554
1.654,1.066
1.588,1.137
1.565,0.588
1.513,-0.355
1.49,1.156
1.462,0.35
1.485,-1.049
1.463,-0.889
1.458,0.241
1.406,0.532
1.454,1.315
1.378,-0.763
1.414,-2.225
1.416,-1.29
1.256,-0.964
1.228,0.292
1.213,0.086
1.159,-2.393
0.94,-1.315
0.829,-1.664
0.768,-0.622
0.677,0.504
0.741,-2.388
0.603,-2.24
0.571,-2.119
0.533,-0.482
0.589,0.422
0.46,-1.7
-0.078,-2.937
-0.226,-2.539
-1.111,-2.794
-1.272,-2.606
-1.606,-2.632
-1.726,-2.846
-2.476,-2.727
-3.014,-2.81
2.234,-2.658
1.865,-2.608
1.659,-2.92
1.331,-3.033
1.386,-2.882
1.012,-2.73
1.011,-2.649
-0.583,1.685
-0.868,1.825
-1.445,1.438
-1.687,1.838
-1.859,1.662
-1.991,1.596
-3.101,1.724
2.292,1.716
1.304,1.51
1.262,1.876
1.056,1.827
1.048,1.619
2.602,-0.596
2.471,0.915
1.162,0.896
1.022,-1.953
0.258,-1.432
0.222,-1.421
-0.243,-1.581
-0.451,0.021
-0.502,-0.688
-0.703,-1.412
-0.644,-1.207
-0.757,-0.343
-0.783,-1.191
-0.833,0.035
-0.844,0.047
-0.905,1.46
-1.151,-2.33
-1.027,-0.872
-1.06,0.194
-1.309,-2.338
-1.246,1.223
-1.438,-1.459
-1.408,0.502
-1.393,-2.257
-1.452,-0.611
-1.522,-1.976
-1.673,1.017
-1.726,-0.694
-1.855,-1.514
-1.923,-1.787
-1.962,-2.28
-2.015,-0.175
-2.285,0.99
-2.23,0.048
-2.241,-0.249
-2.34,-0.203
-2.563,-2.552
-2.505,-1.214
-2.668,-0.836
-2.766,-1.232
-2.799,-2.187
-2.863,0.095
-2.908,1.133
-3.129,-1.175
-3.06,-0.857
3.044,0.171
3.035,0.172
3.067,-2.569
3.046,1.159
2.911,0.073
2.864,0.447
2.811,-0.568
2.822,-1.29
2.76,-1.408
2.725,1.379
2.603,0.412
2.56,0.026
2.64,0.012
2.48,-2.218
2.39,1.039
2.406,0.935
2.173,-1.394
2.243,1.318
2.191,-1.216
2.085,-0.377
2.146,-1.091
2.049,-1.076
2.059,-0.352
1.916,-1.094
1.993,1.181
1.867,-1.969
1.747,-1.578
1.633,-0.366
1.607,0.105
1.623,-0.145
1.584,-1.002
1.684,-0.615
1.573,1.058
1.569,-0.049
1.424,-0.426
1.481,1.385
1.345,-0.985
1.456,-2.134
1.413,-1.048
1.066,-0.707
0.681,1.078
0.766,-1.126
0.752,-2.058
0.485,-2.177
-0.202,-2.892
-0.836,-2.646
-0.686,-2.876
-1.253,-2.873
-1.267,-2.861
-1.786,-2.921
-1.725,-2.705
3.062,-2.841
2.486,-2.98
2.268,-2.866
0.979,-2.987
-0.385,1.598
-1.775,1.561
-2.33,1.447
-2.388,1.74
1.872,1.729
1.935,1.541
0.431,1.751
2.315,0.894
2.119,-0.013
2.092,0.168
1.069,0.331
1.073,-0.621
1.118,0.713
0.999,-0.01
0.865,-0.244
1.478,-0.071
1.053,-1.592
0.88,-1.429
-1.191,1.752
0.972,1.193
-0.094,-0.098
-0.183,0.125
-0.244,2.396
-0.265,2.864
-0.36,0.281
-0.289,-0.512
-0.372,2.604
-0.474,1.898
-0.539,1.266
-0.623,2.137
-0.599,0.158
-0.617,0.203
-0.708,0.53
-0.741,0.109
-0.81,0.701
-0.838,0.03
-0.863,-0.399
-0.808,1.908
-0.889,1.637
-0.868,2.377
-0.869,-0.044
-0.898,-0.155
-0.945,0.643
-0.99,1.817
-0.993,2.944
-0.937,2.939
-1.017,3.027
-1.038,0.693
-0.947,3.232
-1.137,1.715
-1.135,1.311
-1.073,1.685
-1.169,0.518
-1.221,2.104
-1.171,-0.252
-1.281,0.314
-1.308,1.902
-1.335,0.096
-1.369,-0.072
-1.403,2.074
-1.337,1.417
-1.398,0.131
-1.481,2.985
-1.51,0.844
-1.535,3.141
-1.49,0.761
-1.527,0.699
-1.583,2.088
-1.63,1.52
-1.662,-0.226
-1.636,2.69
-1.832,2.264
-1.784,0.818
-1.915,0.347
-1.882,2.443
-1.958,1.449
-1.9,2.861
-1.93,-0.668
-2.036,1.441
-2.058,0.002
-2.06,-0.028
-2.215,0.157
-2.198,1.234
-2.178,1.02
-2.221,0.221
-2.491,2.011
-2.702,1.108
-2.867,2.588
-2.843,0.447
-2.932,0.145
-2.945,1.101
-3.03,3.248
-3.083,3.099
-3.111,3.376
-3.119,1.633
3.087,2.319
3.079,-0.538
3.079,2.855
2.781,2.811
2.846,2.788
2.75,2.395
2.702,1.055
2.656,2.872
2.588,-0.451
2.59,2.73
2.632,0.628
2.543,1.757
2.499,1.2
2.48,0.098
2.452,-0.358
2.464,-0.111
2.346,0.514
2.334,0.041
2.391,0.605
2.38,2.158
2.312,2.714
2.363,2.429
2.257,0.351
2.265,0.774
2.234,1.124
2.211,2.726
2.176,0.288
2.234,2.641
2.183,1.325
2.007,2.258
1.831,1.862
1.876,0.216
1.842,1.297
1.756,2.917
1.69,2.988
1.667,2.439
1.615,1.496
1.592,3.007
1.564,2.201
1.587,0.802
1.565,0.962
1.56,2.092
1.508,2.383
1.556,3.166
1.48,1.088
1.516,-0.374
1.518,0.561
1.358,0.887
1.33,2.143
1.315,1.937
1.261,-0.542
1.042,0.536
0.931,0.187
0.87,1.229
0.779,2.355
0.843,-0.537
0.705,-0.389
0.673,-0.268
0.635,1.369
0.691,2.273
0.562,0.151
0.024,-1.086
-0.124,-0.688
-1.009,-0.943
-1.17,-0.755
-1.504,-0.781
-1.624,-0.995
-2.374,-0.876
-2.912,-0.959
2.336,-0.807
1.967,-0.757
1.761,-1.069
1.433,-1.182
1.488,-1.031
1.114,-0.879
1.113,-0.798
-0.481,3.536
-0.766,3.676
-1.343,3.289
-1.585,3.689
-1.757,3.513
-1.889,3.447
-2.999,3.575
2.394,3.567
1.406,3.361
1.364,3.727
1.158,3.678
1.15,3.47
2.704,1.255
2.573,2.766
1.264,2.747
1.124,-0.102
0.36,0.419
0.324,0.43
-0.141,0.27
-0.349,1.872
-0.4,1.163
-0.601,0.439
-0.542,0.644
-0.655,1.508
-0.681,0.66
-0.731,1.886
-0.742,1.898
-0.803,3.311
-1.049,-0.479
-0.925,0.979
-0.958,2.045
-1.207,-0.487
-1.144,3.074
-1.336,0.392
-1.306,2.353
-1.291,-0.406
-1.35,1.24
-1.42,-0.125
-1.571,2.868
-1.624,1.157
-1.753,0.337
-1.821,0.064
-1.86,-0.429
-1.913,1.676
-2.183,2.841
-2.128,1.899
-2.139,1.602
-2.238,1.648
-2.461,-0.701
-2.403,0.637
-2.566,1.015
-2.664,0.619
-2.697,-0.336
-2.761,1.946
-2.806,2.984
-3.027,0.676
-2.958,0.994
-3.137,2.022
3.137,2.023
-3.114,-0.718
-3.135,3.01
3.013,1.924
2.966,2.298
2.913,1.283
2.924,0.561
2.862,0.443
2.827,3.23
2.705,2.263
2.662,1.877
2.742,1.863
2.582,-0.367
2.492,2.89
2.508,2.786
2.275,0.457
2.345,3.169
2.293,0.635
2.187,1.474
2.248,0.76
2.151,0.775
2.161,1.499
2.018,0.757
2.095,3.032
1.969,-0.118
1.849,0.273
1.735,1.485
1.709,1.956
1.725,1.706
1.686,0.849
1.786,1.236
1.675,2.909
1.671,1.802
1.526,1.425
1.583,3.236
1.447,0.866
1.558,-0.283
1.515,0.803
1.168,1.144
0.783,2.929
0.868,0.725
0.854,-0.207
0.587,-0.326
-0.1,-1.041
-0.734,-0.795
-0.584,-1.025
-1.151,-1.022
-1.165,-1.01
-1.684,-1.07
-1.623,-0.854
-3.119,-0.99
2.588,-1.129
2.37,-1.015
1.081,-1.136
-0.283,3.449
-1.673,3.412
-2.228,3.298
-2.286,3.591
1.974,3.58
2.037,3.392
0.533,3.602
2.417,2.745
2.221,1.838
2.194,2.019
1.171,2.182
1.175,1.23
1.22,2.564
1.101,1.841
0.967,1.607
1.58,1.78
1.155,0.259
0.982,0.422
-1.089,3.603
1.074,3.044
-0.089,0.223
-0.15,2.494
-0.171,2.962
-0.266,0.379
-0.195,-0.414
-0.278,2.702
-0.38,1.996
-0.445,1.364
-0.529,2.235
-0.505,0.256
-0.523,0.301
-0.614,0.628
-0.647,0.207
-0.716,0.799
-0.744,0.128
-0.769,-0.301
-0.714,2.006
-0.795,1.735
-0.774,2.475
-0.775,0.054
-0.804,-0.057
-0.851,0.741
-0.896,1.915
-0.899,3.042
-0.843,3.037
-0.923,3.125
-0.944,0.791
-0.853,3.33
-1.043,1.813
-1.041,1.409
-0.979,1.783
-1.075,0.616
-1.127,2.202
-1.077,-0.154
-1.187,0.412
-1.214,2.0
-1.241,0.194
-1.275,0.026
-1.309,2.172
-1.243,1.515
-1.304,0.229
-1.387,3.083
-1.416,0.942
-1.441,3.239
-1.396,0.859
-1.433,0.797
-1.489,2.186
-1.536,1.618
-1.568,-0.128
-1.542,2.788
-1.738,2.362
-1.69,0.916
-1.821,0.445
-1.788,2.541
-1.864,1.547
-1.806,2.959
-1.836,-0.57
-1.942,1.539
-1.964,0.1
-1.966,0.07
-2.121,0.255
-2.104,1.332
-2.084,1.118
-2.127,0.319
-2.397,2.109
-2.608,1.206
-2.773,2.686
-2.749,0.545
-2.838,0.243
-2.851,1.199
-2.936,3.346
-2.989,3.197
-3.017,3.474
-3.025,1.731
-3.102,2.417
-3.11,-0.44
-3.11,2.953
2.875,2.909
2.94,2.886
2.844,2.493
2.796,1.153
2.75,2.97
2.682,-0.353
2.684,2.828
2.726,0.726
2.637,1.855
2.593,1.298
2.574,0.196
2.546,-0.26
2.558,-0.013
2.44,0.612
2.428,0.139
2.485,0.703
2.474,2.256
2.406,2.812
2.457,2.527
2.351,0.449
2.359,0.872
2.328,1.222
2.305,2.824
2.27,0.386
2.328,2.739
2.277,1.423
2.101,2.356
1.925,1.96
1.97,0.314
1.936,1.395
1.85,3.015
1.784,3.086
1.761,2.537
1.709,1.594
1.686,3.105
1.658,2.299
1.681,0.9
1.659,1.06
1.654,2.19
1.602,2.481
1.65,3.264
1.574,1.186
1.61,-0.276
1.612,0.659
1.452,0.985
1.424,2.241
1.409,2.035
1.355,-0.444
1.136,0.634
1.025,0.285
0.964,1.327
0.873,2.453
0.937,-0.439
0.799,-0.291
0.767,-0.17
0.729,1.467
0.785,2.371
0.656,0.249
0.118,-0.988
-0.03,-0.59
-0.915,-0.845
-1.076,-0.657
-1.41,-0.683
-1.53,-0.897
-2.28,-0.778
-2.818,-0.861
2.43,-0.709
2.061,-0.659
1.855,-0.971
1.527,-1.084
1.582,-0.933
1.208,-0.781
1.207,-0.7
-0.387,3.634
-0.672,3.774
-1.249,3.387
-1.491,3.787
-1.663,3.611
-1.795,3.545
-2.905,3.673
2.488,3.665
1.5,3.459
1.458,3.825
1.252,3.776
1.244,3.568
2.798,1.353
2.667,2.864
1.358,2.845
1.218,-0.004
0.454,0.517
0.418,0.528
-0.047,0.368
-0.255,1.97
-0.306,1.261
-0.507,0.537
-0.448,0.742
-0.561,1.606
-0.587,0.758
-0.637,1.984
-0.648,1.996
-0.709,3.409
-0.955,-0.381
-0.831,1.077
-0.864,2.143
-1.113,-0.389
-1.05,3.172
-1.242,0.49
-1.212,2.451
-1.197,-0.308
-1.256,1.338
-1.326,-0.027
-1.477,2.966
-1.53,1.255
-1.659,0.435
-1.727,0.162
-1.766,-0.331
-1.819,1.774
-2.089,2.939
-2.034,1.997
-2.045,1.7
-2.144,1.746
-2.367,-0.603
-2.309,0.735
-2.472,1.113
-2.57,0.717
-2.603,-0.238
-2.667,2.044
-2.712,3.082
-2.933,0.774
-2.864,1.092
-3.043,2.12
-3.052,2.121
-3.02,-0.62
-3.041,3.108
3.107,2.022
3.06,2.396
3.007,1.381
3.018,0.659
2.956,0.541
2.921,3.328
2.799,2.361
2.756,1.975
2.836,1.961
2.676,-0.269
2.586,2.988
2.602,2.884
2.369,0.555
2.439,3.267
2.387,0.733
2.281,1.572
2.342,0.858
2.245,0.873
2.255,1.597
2.112,0.855
2.189,3.13
2.063,-0.02
1.943,0.371
1.829,1.583
1.803,2.054
1.819,1.804
1.78,0.947
1.88,1.334
1.769,3.007
1.765,1.9
1.62,1.523
1.677,3.334
1.541,0.964
1.652,-0.185
1.609,0.901
1.262,1.242
0.877,3.027
0.962,0.823
0.948,-0.109
0.681,-0.228
-0.006,-0.943
-0.64,-0.697
-0.49,-0.927
-1.057,-0.924
-1.071,-0.912
-1.59,-0.972
-1.529,-0.756
-3.025,-0.892
2.682,-1.031
2.464,-0.917
1.175,-1.038
-0.189,3.547
-1.579,3.51
-2.134,3.396
-2.192,3.689
2.068,3.678
2.131,3.49
0.627,3.7
2.511,2.843
2.315,1.936
2.288,2.117
1.265,2.28
1.269,1.328
1.314,2.662
1.195,1.939
1.061,1.705
1.674,1.878
1.249,0.357
1.076,0.52
-0.995,3.701
1.168,3.142
-0.061,2.271
-0.082,2.739
-0.177,0.156
-0.106,-0.637
-0.189,2.479
-0.291,1.773
-0.356,1.141
-0.44,2.012
-0.416,0.033
-0.434,0.078
-0.525,0.405
-0.558,-0.016
-0.627,0.576
-0.655,-0.095
-0.68,-0.524
-0.625,1.783
-0.706,1.512
-0.685,2.252
-0.686,-0.169
-0.715,-0.28
-0.762,0.518
-0.807,1.692
-0.81,2.819
-0.754,2.814
-0.834,2.902
-0.855,0.568
-0.764,3.107
-0.954,1.59
-0.952,1.186
-0.89,1.56
-0.986,0.393
-1.038,1.979
-0.988,-0.377
-1.098,0.189
-1.125,1.777
-1.152,-0.029
-1.186,-0.197
-1.22,1.949
-1.154,1.292
-1.215,0.006
-1.298,2.86
-1.327,0.719
-1.352,3.016
-1.307,0.636
-1.344,0.574
-1.4,1.963
-1.447,1.395
-1.479,-0.351
-1.453,2.565
-1.649,2.139
-1.601,0.693
-1.732,0.222
-1.699,2.318
-1.775,1.324
-1.717,2.736
-1.747,-0.793
-1.853,1.316
-1.875,-0.123
-1.877,-0.153
-2.032,0.032
-2.015,1.109
-1.995,0.895
-2.038,0.096
-2.308,1.886
-2.519,0.983
-2.684,2.463
-2.66,0.322
-2.749,0.02
-2.762,0.976
-2.847,3.123
-2.9,2.974
-2.928,3.251
-2.936,1.508
-3.013,2.194
-3.021,-0.663
-3.021,2.73
2.964,2.686
3.029,2.663
2.933,2.27
2.885,0.93
2.839,2.747
2.771,-0.576
2.773,2.605
2.815,0.503
2.726,1.632
2.682,1.075
2.663,-0.027
2.635,-0.483
2.647,-0.236
2.529,0.389
2.517,-0.084
2.574,0.48
2.563,2.033
2.495,2.589
2.546,2.304
2.44,0.226
2.448,0.649
2.417,0.999
2.394,2.601
2.359,0.163
2.417,2.516
2.366,1.2
2.19,2.133
2.014,1.737
2.059,0.091
2.025,1.172
1.939,2.792
1.873,2.863
1.85,2.314
1.798,1.371
1.775,2.882
1.747,2.076
1.77,0.677
1.748,0.837
1.743,1.967
1.691,2.258
1.739,3.041
1.663,0.963
1.699,-0.499
1.701,0.436
1.541,0.762
1.513,2.018
1.498,1.812
1.444,-0.667
1.225,0.411
1.114,0.062
1.053,1.104
0.962,2.23
1.026,-0.662
0.888,-0.514
0.856,-0.393
0.818,1.244
0.874,2.148
0.745,0.026
0.207,-1.211
0.059,-0.813
-0.826,-1.068
-0.987,-0.88
-1.321,-0.906
-1.441,-1.12
-2.191,-1.001
-2.729,-1.084
2.519,-0.932
2.15,-0.882
1.944,-1.194
1.616,-1.307
1.671,-1.156
1.297,-1.004
1.296,-0.923
-0.298,3.411
-0.583,3.551
-1.16,3.164
-1.402,3.564
-1.574,3.388
-1.706,3.322
-2.816,3.45
2.577,3.442
1.589,3.236
1.547,3.602
1.341,3.553
1.333,3.345
2.887,1.13
2.756,2.641
1.447,2.622
1.307,-0.227
0.543,0.294
0.507,0.305
0.042,0.145
-0.166,1.747
-0.217,1.038
-0.418,0.314
-0.359,0.519
-0.472,1.383
-0.498,0.535
-0.548,1.761
-0.559,1.773
-0.62,3.186
-0.866,-0.604
-0.742,0.854
-0.775,1.92
-1.024,-0.612
-0.961,2.949
-1.153,0.267
-1.123,2.228
-1.108,-0.531
-1.167,1.115
-1.237,-0.25
-1.388,2.743
-1.441,1.032
-1.57,0.212
-1.638,-0.061
-1.677,-0.554
-1.73,1.551
-2.0,2.716
-1.945,1.774
-1.956,1.477
-2.055,1.523
-2.278,-0.826
-2.22,0.512
-2.383,0.89
-2.481,0.494
-2.514,-0.461
-2.578,1.821
-2.623,2.859
-2.844,0.551
-2.775,0.869
-2.954,1.897
-2.963,1.898
-2.931,-0.843
-2.952,2.885
-3.087,1.799
-3.134,2.173
3.096,1.158
3.107,0.436
3.045,0.318
3.01,3.105
2.888,2.138
2.845,1.752
2.925,1.738
2.765,-0.492
2.675,2.765
2.691,2.661
2.458,0.332
2.528,3.044
2.476,0.51
2.37,1.349
2.431,0.635
2.334,0.65
2.344,1.374
2.201,0.632
2.278,2.907
2.152,-0.243
2.032,0.148
1.918,1.36
1.892,1.831
1.908,1.581
1.869,0.724
1.969,1.111
1.858,2.784
1.854,1.677
1.709,1.3
1.766,3.111
1.63,0.741
1.741,-0.408
1.698,0.678
1.351,1.019
0.966,2.804
1.051,0.6
1.037,-0.332
0.77,-0.451
0.083,-1.166
-0.551,-0.92
-0.401,-1.15
-0.968,-1.147
-0.982,-1.135
-1.501,-1.195
-1.44,-0.979
-2.936,-1.115
2.771,-1.254
2.553,-1.14
1.264,-1.261
-0.1,3.324
-1.49,3.287
-2.045,3.173
-2.103,3.466
2.157,3.455
2.22,3.267
0.716,3.477
2.6,2.62
2.404,1.713
2.377,1.894
1.354,2.057
1.358,1.105
1.403,2.439
1.284,1.716
1.15,1.482
1.763,1.655
1.338,0.134
1.165,0.297
-0.906,3.478
1.257,2.919
-0.021,0.468
-0.116,-2.115
-0.045,-2.908
-0.128,0.208
-0.23,-0.498
-0.295,-1.13
-0.379,-0.259
-0.355,-2.238
-0.373,-2.193
-0.464,-1.866
-0.497,-2.287
-0.566,-1.695
-0.594,-2.366
-0.619,-2.795
-0.564,-0.488
-0.645,-0.759
-0.624,-0.019
-0.625,-2.44
-0.654,-2.551
-0.701,-1.753
-0.746,-0.579
-0.749,0.548
-0.693,0.543
-0.773,0.631
-0.794,-1.703
-0.703,0.836
-0.893,-0.681
-0.891,-1.085
-0.829,-0.711
-0.925,-1.878
-0.977,-0.292
-0.927,-2.648
-1.037,-2.082
-1.064,-0.494
-1.091,-2.3
-1.125,-2.468
-1.159,-0.322
-1.093,-0.979
-1.154,-2.265
-1.237,0.589
-1.266,-1.552
-1.291,0.745
-1.246,-1.635
-1.283,-1.697
-1.339,-0.308
-1.386,-0.876
-1.418,-2.622
-1.392,0.294
-1.588,-0.132
-1.54,-1.578
-1.671,-2.049
-1.638,0.047
-1.714,-0.947
-1.656,0.465
-1.686,-3.064
-1.792,-0.955
-1.814,-2.394
-1.816,-2.424
-1.971,-2.239
-1.954,-1.162
-1.934,-1.376
-1.977,-2.175
-2.247,-0.385
-2.458,-1.288
-2.623,0.192
-2.599,-1.949
-2.688,-2.251
-2.701,-1.295
-2.786,0.852
-2.839,0.703
-2.867,0.98
-2.875,-0.763
-2.952,-0.077
-2.96,-2.934
-2.96,0.459
3.025,0.415
3.09,0.392
2.994,-0.001
2.946,-1.341
2.9,0.476
2.832,-2.847
2.834,0.334
2.876,-1.768
2.787,-0.639
2.743,-1.196
2.724,-2.298
2.696,-2.754
2.708,-2.507
2.59,-1.882
2.578,-2.355
2.635,-1.791
2.624,-0.238
2.556,0.318
2.607,0.033
2.501,-2.045
2.509,-1.622
2.478,-1.272
2.455,0.33
2.42,-2.108
2.478,0.245
2.427,-1.071
2.251,-0.138
2.075,-0.534
2.12,-2.18
2.086,-1.099
2.0,0.521
1.934,0.592
1.911,0.043
1.859,-0.9
1.836,0.611
1.808,-0.195
1.831,-1.594
1.809,-1.434
1.804,-0.304
1.752,-0.013
1.8,0.77
1.724,-1.308
1.76,-2.77
1.762,-1.835
1.602,-1.509
1.574,-0.253
1.559,-0.459
1.505,-2.938
1.286,-1.86
1.175,-2.209
1.114,-1.167
1.023,-0.041
1.087,-2.933
0.949,-2.785
0.917,-2.664
0.879,-1.027
0.935,-0.123
0.806,-2.245
0.268,-3.482
0.12,-3.084
-0.765,-3.339
-0.926,-3.151
-1.26,-3.177
-1.38,-3.391
-2.13,-3.272
-2.668,-3.355
2.58,-3.203
2.211,-3.153
2.005,-3.465
1.677,-3.578
1.732,-3.427
1.358,-3.275
1.357,-3.194
-0.237,1.14
-0.522,1.28
-1.099,0.893
-1.341,1.293
-1.513,1.117
-1.645,1.051
-2.755,1.179
2.638,1.171
1.65,0.965
1.608,1.331
1.402,1.282
1.394,1.074
2.948,-1.141
2.817,0.37
1.508,0.351
1.368,-2.498
0.604,-1.977
0.568,-1.966
0.103,-2.126
-0.105,-0.524
-0.156,-1.233
-0.357,-1.957
-0.298,-1.752
-0.411,-0.888
-0.437,-1.736
-0.487,-0.51
-0.498,-0.498
-0.559,0.915
-0.805,-2.875
-0.681,-1.417
-0.714,-0.351
-0.963,-2.883
-0.9,0.678
-1.092,-2.004
-1.062,-0.043
-1.047,-2.802
-1.106,-1.156
-1.176,-2.521
-1.327,0.472
-1.38,-1.239
-1.509,-2.059
-1.577,-2.332
-1.616,-2.825
-1.669,-0.72
-1.939,0.445
-1.884,-0.497
-1.895,-0.794
-1.994,-0.748
-2.217,-3.097
-2.159,-1.759
-2.322,-1.381
-2.42,-1.777
-2.453,-2.732
-2.517,-0.45
-2.562,0.588
-2.783,-1.72
-2.714,-1.402
-2.893,-0.374
-2.902,-0.373
-2.87,-3.114
-2.891,0.614
-3.026,-0.472
-3.073,-0.098
-3.126,-1.113
-3.115,-1.835
3.106,-1.953
3.071,0.834
2.949,-0.133
2.906,-0.519
2.986,-0.533
2.826,-2.763
2.736,0.494
2.752,0.39
2.519,-1.939
2.589,0.773
2.537,-1.761
2.431,-0.922
2.492,-1.636
2.395,-1.621
2.405,-0.897
2.262,-1.639
2.339,0.636
2.213,-2.514
2.093,-2.123
1.979,-0.911
1.953,-0.44
1.969,-0.69
1.93,-1.547
2.03,-1.16
1.919,0.513
1.915,-0.594
1.77,-0.971
1.827,0.84
1.691,-1.53
1.802,-2.679
1.759,-1.593
1.412,-1.252
1.027,0.533
1.112,-1.671
1.098,-2.603
0.831,-2.722
0.144,-3.437
-0.49,-3.191
-0.34,-3.421
-0.907,-3.418
-0.921,-3.406
-1.44,-3.466
-1.379,-3.25
-2.875,-3.386
2.832,-3.525
2.614,-3.411
1.325,-3.532
-0.039,1.053
-1.429,1.016
-1.984,0.902
-2.042,1.195
2.218,1.184
2.281,0.996
0.777,1.206
2.661,0.349
2.465,-0.558
2.438,-0.377
1.415,-0.214
1.419,-1.166
1.464,0.168
1.345,-0.555
1.211,-0.789
1.824,-0.616
1.399,-2.137
1.226,-1.974
-0.845,1.207
1.318,0.648
-0.095,-2.583
-0.024,-3.376
-0.107,-0.26
-0.209,-0.966
-0.274,-1.598
-0.358,-0.727
-0.334,-2.706
-0.352,-2.661
-0.443,-2.334
-0.476,-2.755
-0.545,-2.163
-0.573,-2.834
-0.598,-3.263
-0.543,-0.956
-0.624,-1.227
-0.603,-0.487
-0.604,-2.908
-0.633,-3.019
-0.68,-2.221
-0.725,-1.047
-0.728,0.08
-0.672,0.075
-0.752,0.163
-0.773,-2.171
-0.682,0.368
-0.872,-1.149
-0.87,-1.553
-0.808,-1.179
-0.904,-2.346
-0.956,-0.76
-0.906,-3.116
-1.016,-2.55
-1.043,-0.962
-1.07,-2.768
-1.104,-2.936
-1.138,-0.79
-1.072,-1.447
-1.133,-2.733
-1.216,0.121
-1.245,-2.02
-1.27,0.277
-1.225,-2.103
-1.262,-2.165
-1.318,-0.776
-1.365,-1.344
-1.397,-3.09
-1.371,-0.174
-1.567,-0.6
-1.519,-2.046
-1.65,-2.517
-1.617,-0.421
-1.693,-1.415
-1.635,-0.003
-1.665,-3.532
-1.771,-1.423
-1.793,-2.862
-1.795,-2.892
-1.95,-2.707
-1.933,-1.63
-1.913,-1.844
-1.956,-2.643
-2.226,-0.853
-2.437,-1.756
-2.602,-0.276
-2.578,-2.417
-2.667,-2.719
-2.68,-1.763
-2.765,0.384
-2.818,0.235
-2.846,0.512
-2.854,-1.231
-2.931,-0.545
-2.939,-3.402
-2.939,-0.009
3.046,-0.053
3.111,-0.076
3.015,-0.469
2.967,-1.809
2.921,0.008
2.853,-3.315
2.855,-0.134
2.897,-2.236
2.808,-1.107
2.764,-1.664
2.745,-2.766
2.717,-3.222
2.729,-2.975
2.611,-2.35
2.599,-2.823
2.656,-2.259
2.645,-0.706
2.577,-0.15
2.628,-0.435
2.522,-2.513
2.53,-2.09
2.499,-1.74
2.476,-0.138
2.441,-2.576
2.499,-0.223
2.448,-1.539
2.272,-0.606
2.096,-1.002
2.141,-2.648
2.107,-1.567
2.021,0.053
1.955,0.124
1.932,-0.425
1.88,-1.368
1.857,0.143
1.829,-0.663
1.852,-2.062
1.83,-1.902
1.825,-0.772
1.773,-0.481
1.821,0.302
1.745,-1.776
1.781,-3.238
1.783,-2.303
1.623,-1.977
1.595,-0.721
1.58,-0.927
1.526,-3.406
1.307,-2.328
1.196,-2.677
1.135,-1.635
1.044,-0.509
1.108,-3.401
0.97,-3.253
0.938,-3.132
0.9,-1.495
0.956,-0.591
0.827,-2.713
0.289,-3.95
0.141,-3.552
-0.744,-3.807
-0.905,-3.619
-1.239,-3.645
-1.359,-3.859
-2.109,-3.74
-2.647,-3.823
2.601,-3.671
2.232,-3.621
2.026,-3.933
1.698,-4.046
1.753,-3.895
1.379,-3.743
1.378,-3.662
-0.216,0.672
-0.501,0.812
-1.078,0.425
-1.32,0.825
-1.492,0.649
-1.624,0.583
-2.734,0.711
2.659,0.703
1.671,0.497
1.629,0.863
1.423,0.814
1.415,0.606
2.969,-1.609
2.838,-0.098
1.529,-0.117
1.389,-2.966
0.625,-2.445
0.589,-2.434
0.124,-2.594
-0.084,-0.992
-0.135,-1.701
-0.336,-2.425
-0.277,-2.22
-0.39,-1.356
-0.416,-2.204
-0.466,-0.978
-0.477,-0.966
-0.538,0.447
-0.784,-3.343
-0.66,-1.885
-0.693,-0.819
-0.942,-3.351
-0.879,0.21
-1.071,-2.472
-1.041,-0.511
-1.026,-3.27
-1.085,-1.624
-1.155,-2.989
-1.306,0.004
-1.359,-1.707
-1.488,-2.527
-1.556,-2.8
-1.595,-3.293
-1.648,-1.188
-1.918,-0.023
-1.863,-0.965
-1.874,-1.262
-1.973,-1.216
-2.196,-3.565
-2.138,-2.227
-2.301,-1.849
-2.399,-2.245
-2.432,-3.2
-2.496,-0.918
-2.541,0.12
-2.762,-2.188
-2.693,-1.87
-2.872,-0.842
-2.881,-0.841
-2.849,-3.582
-2.87,0.146
-3.005,-0.94
-3.052,-0.566
-3.105,-1.581
-3.094,-2.303
3.127,-2.421
3.092,0.366
2.97,-0.601
2.927,-0.987
3.007,-1.001
2.847,-3.231
2.757,0.026
2.773,-0.078
2.54,-2.407
2.61,0.305
2.558,-2.229
2.452,-1.39
2.513,-2.104
2.416,-2.089
2.426,-1.365
2.283,-2.107
2.36,0.168
2.234,-2.982
2.114,-2.591
2.0,-1.379
1.974,-0.908
1.99,-1.158
1.951,-2.015
2.051,-1.628
1.94,0.045
1.936,-1.062
1.791,-1.439
1.848,0.372
1.712,-1.998
1.823,-3.147
1.78,-2.061
1.433,-1.72
1.048,0.065
1.133,-2.139
1.119,-3.071
0.852,-3.19
0.165,-3.905
-0.469,-3.659
-0.319,-3.889
-0.886,-3.886
-0.9,-3.874
-1.419,-3.934
-1.358,-3.718
-2.854,-3.854
2.853,-3.993
2.635,-3.879
1.346,-4.0
-0.018,0.585
-1.408,0.548
-1.963,0.434
-2.021,0.727
2.239,0.716
2.302,0.528
0.798,0.738
2.682,-0.119
2.486,-1.026
2.459,-0.845
1.436,-0.682
1.44,-1.634
1.485,-0.3
1.366,-1.023
1.232,-1.257
1.845,-1.084
1.42,-2.605
1.247,-2.442
-0.824,0.739
1.339,0.18
0.071,-0.793
-0.012,2.323
-0.114,1.617
-0.179,0.985
-0.263,1.856
-0.239,-0.123
-0.257,-0.078
-0.348,0.249
-0.381,-0.172
-0.45,0.42
-0.478,-0.251
-0.503,-0.68
-0.448,1.627
-0.529,1.356
-0.508,2.096
-0.509,-0.325
-0.538,-0.436
-0.585,0.362
-0.63,1.536
-0.633,2.663
-0.577,2.658
-0.657,2.746
-0.678,0.412
-0.587,2.951
-0.777,1.434
-0.775,1.03
-0.713,1.404
-0.809,0.237
-0.861,1.823
-0.811,-0.533
-0.921,0.033
-0.948,1.621
-0.975,-0.185
-1.009,-0.353
-1.043,1.793
-0.977,1.136
-1.038,-0.15
-1.121,2.704
-1.15,0.563
-1.175,2.86
-1.13,0.48
-1.167,0.418
-1.223,1.807
-1.27,1.239
-1.302,-0.507
-1.276,2.409
-1.472,1.983
-1.424,0.537
-1.555,0.066
-1.522,2.162
-1.598,1.168
-1.54,2.58
-1.57,-0.949
-1.676,1.16
-1.698,-0.279
-1.7,-0.309
-1.855,-0.124
-1.838,0.953
-1.818,0.739
-1.861,-0.06
-2.131,1.73
-2.342,0.827
-2.507,2.307
-2.483,0.166
-2.572,-0.136
-2.585,0.82
-2.67,2.967
-2.723,2.818
-2.751,3.095
-2.759,1.352
-2.836,2.038
-2.844,-0.819
-2.844,2.574
3.141,2.53
-3.077,2.507
3.11,2.114
3.062,0.774
3.016,2.591
2.948,-0.732
2.95,2.449
2.992,0.347
2.903,1.476
2.859,0.919
2.84,-0.183
2.812,-0.639
2.824,-0.392
2.706,0.233
2.694,-0.24
2.751,0.324
2.74,1.877
2.672,2.433
2.723,2.148
2.617,0.07
2.625,0.493
2.594,0.843
2.571,2.445
2.536,0.007
2.594,2.36
2.543,1.044
2.367,1.977
2.191,1.581
2.236,-0.065
2.202,1.016
2.116,2.636
2.05,2.707
2.027,2.158
1.975,1.215
1.952,2.726
1.924,1.92
1.947,0.521
1.925,0.681
1.92,1.811
1.868,2.102
1.916,2.885
1.84,0.807
1.876,-0.655
1.878,0.28
1.718,0.606
1.69,1.862
1.675,1.656
1.621,-0.823
1.402,0.255
1.291,-0.094
1.23,0.948
1.139,2.074
1.203,-0.818
1.065,-0.67
1.033,-0.549
0.995,1.088
1.051,1.992
0.922,-0.13
0.384,-1.367
0.236,-0.969
-0.649,-1.224
-0.81,-1.036
-1.144,-1.062
-1.264,-1.276
-2.014,-1.157
-2.552,-1.24
2.696,-1.088
2.327,-1.038
2.121,-1.35
1.793,-1.463
1.848,-1.312
1.474,-1.16
1.473,-1.079
-0.121,3.255
-0.406,3.395
-0.983,3.008
-1.225,3.408
-1.397,3.232
-1.529,3.166
-2.639,3.294
2.754,3.286
1.766,3.08
1.724,3.446
1.518,3.397
1.51,3.189
3.064,0.974
2.933,2.485
1.624,2.466
1.484,-0.383
0.72,0.138
0.684,0.149
0.219,-0.011
0.011,1.591
-0.04,0.882
-0.241,0.158
-0.182,0.363
-0.295,1.227
-0.321,0.379
-0.371,1.605
-0.382,1.617
-0.443,3.03
-0.689,-0.76
-0.565,0.698
-0.598,1.764
-0.847,-0.768
-0.784,2.793
-0.976,0.111
-0.946,2.072
-0.931,-0.687
-0.99,0.959
-1.06,-0.406
-1.211,2.587
-1.264,0.876
-1.393,0.056
-1.461,-0.217
-1.5,-0.71
-1.553,1.395
-1.823,2.56
-1.768,1.618
-1.779,1.321
-1.878,1.367
-2.101,-0.982
-2.043,0.356
-2.206,0.734
-2.304,0.338
-2.337,-0.617
-2.401,1.665
-2.446,2.703
-2.667,0.395
-2.598,0.713
-2.777,1.741
-2.786,1.742
-2.754,-0.999
-2.775,2.729
-2.91,1.643
-2.957,2.017
-3.01,1.002
-2.999,0.28
-3.061,0.162
-3.096,2.949
3.065,1.982
3.022,1.596
3.102,1.582
2.942,-0.648
2.852,2.609
2.868,2.505
2.635,0.176
2.705,2.888
2.653,0.354
2.547,1.193
2.608,0.479
2.511,0.494
2.521,1.218
2.378,0.476
2.455,2.751
2.329,-0.399
2.209,-0.008
2.095,1.204
2.069,1.675
2.085,1.425
2.046,0.568
2.146,0.955
2.035,2.628
2.031,1.521
1.886,1.144
1.943,2.955
1.807,0.585
1.918,-0.564
1.875,0.522
1.528,0.863
1.143,2.648
1.228,0.444
1.214,-0.488
0.947,-0.607
0.26,-1.322
-0.374,-1.076
-0.224,-1.306
-0.791,-1.303
-0.805,-1.291
-1.324,-1.351
-1.263,-1.135
-2.759,-1.271
2.948,-1.41
2.73,-1.296
1.441,-1.417
0.077,3.168
-1.313,3.131
-1.868,3.017
-1.926,3.31
2.334,3.299
2.397,3.111
0.893,3.321
2.777,2.464
2.581,1.557
2.554,1.738
1.531,1.901
1.535,0.949
1.58,2.283
1.461,1.56
1.327,1.326
1.94,1.499
1.515,-0.022
1.342,0.141
-0.729,3.322
1.434,2.763
-0.083,3.116
-0.185,2.41
-0.25,1.778
-0.334,2.649
-0.31,0.67
-0.328,0.715
-0.419,1.042
-0.452,0.621
-0.521,1.213
-0.549,0.542
-0.574,0.113
-0.519,2.42
-0.6,2.149
-0.579,2.889
-0.58,0.468
-0.609,0.357
-0.656,1.155
-0.701,2.329
-0.704,3.456
-0.648,3.451
-0.728,3.539
-0.749,1.205
-0.658,3.744
-0.848,2.227
-0.846,1.823
-0.784,2.197
-0.88,1.03
-0.932,2.616
-0.882,0.26
-0.992,0.826
-1.019,2.414
-1.046,0.608
-1.08,0.44
-1.114,2.586
-1.048,1.929
-1.109,0.643
-1.192,3.497
-1.221,1.356
-1.246,3.653
-1.201,1.273
-1.238,1.211
-1.294,2.6
-1.341,2.032
-1.373,0.286
-1.347,3.202
-1.543,2.776
-1.495,1.33
-1.626,0.859
-1.593,2.955
-1.669,1.961
-1.611,3.373
-1.641,-0.156
-1.747,1.953
-1.769,0.514
-1.771,0.484
-1.926,0.669
-1.909,1.746
-1.889,1.532
-1.932,0.733
-2.202,2.523
-2.413,1.62
-2.578,3.1
-2.554,0.959
-2.643,0.657
-2.656,1.613
-2.741,3.76
-2.794,3.611
-2.822,3.888
-2.83,2.145
-2.907,2.831
-2.915,-0.026
-2.915,3.367
3.07,3.323
3.135,3.3
3.039,2.907
2.991,1.567
2.945,3.384
2.877,0.061
2.879,3.242
2.921,1.14
2.832,2.269
2.788,1.712
2.769,0.61
2.741,0.154
2.753,0.401
2.635,1.026
2.623,0.553
2.68,1.117
2.669,2.67
2.601,3.226
2.652,2.941
2.546,0.863
2.554,1.286
2.523,1.636
2.5,3.238
2.465,0.8
2.523,3.153
2.472,1.837
2.296,2.77
2.12,2.374
2.165,0.728
2.131,1.809
2.045,3.429
1.979,3.5
1.956,2.951
1.904,2.008
1.881,3.519
1.853,2.713
1.876,1.314
1.854,1.474
1.849,2.604
1.797,2.895
1.845,3.678
1.769,1.6
1.805,0.138
1.807,1.073
1.647,1.399
1.619,2.655
1.604,2.449
1.55,-0.03
1.331,1.048
1.22,0.699
1.159,1.741
1.068,2.867
1.132,-0.025
0.994,0.123
0.962,0.244
0.924,1.881
0.98,2.785
0.851,0.663
0.313,-0.574
0.165,-0.176
-0.72,-0.431
-0.881,-0.243
-1.215,-0.269
-1.335,-0.483
-2.085,-0.364
-2.623,-0.447
2.625,-0.295
2.256,-0.245
2.05,-0.557
1.722,-0.67
1.777,-0.519
1.403,-0.367
1.402,-0.286
-0.192,4.048
-0.477,4.188
-1.054,3.801
-1.296,4.201
-1.468,4.025
-1.6,3.959
-2.71,4.087
2.683,4.079
1.695,3.873
1.653,4.239
1.447,4.19
1.439,3.982
2.993,1.767
2.862,3.278
1.553,3.259
1.413,0.41
0.649,0.931
0.613,0.942
0.148,0.782
-0.06,2.384
-0.111,1.675
-0.312,0.951
-0.253,1.156
-0.366,2.02
-0.392,1.172
-0.442,2.398
-0.453,2.41
-0.514,3.823
-0.76,0.033
-0.636,1.491
-0.669,2.557
-0.918,0.025
-0.855,3.586
-1.047,0.904
-1.017,2.865
-1.002,0.106
-1.061,1.752
-1.131,0.387
-1.282,3.38
-1.335,1.669
-1.464,0.849
-1.532,0.576
-1.571,0.083
-1.624,2.188
-1.894,3.353
-1.839,2.411
-1.85,2.114
-1.949,2.16
-2.172,-0.189
-2.114,1.149
-2.277,1.527
-2.375,1.131
-2.408,0.176
-2.472,2.458
-2.517,3.496
-2.738,1.188
-2.669,1.506
-2.848,2.534
-2.857,2.535
-2.825,-0.206
-2.846,3.522
-2.981,2.436
-3.028,2.81
-3.081,1.795
-3.07,1.073
-3.132,0.955
3.116,3.742
2.994,2.775
2.951,2.389
3.031,2.375
2.871,0.145
2.781,3.402
2.797,3.298
2.564,0.969
2.634,3.681
2.582,1.147
2.476,1.986
2.537,1.272
2.44,1.287
2.45,2.011
2.307,1.269
2.384,3.544
2.258,0.394
2.138,0.785
2.024,1.997
1.998,2.468
2.014,2.218
1.975,1.361
2.075,1.748
1.964,3.421
1.96,2.314
1.815,1.937
1.872,3.748
1.736,1.378
1.847,0.229
1.804,1.315
1.457,1.656
1.072,3.441
1.157,1.237
1.143,0.305
0.876,0.186
0.189,-0.529
-0.445,-0.283
-0.295,-0.513
-0.862,-0.51
-0.876,-0.498
-1.395,-0.558
-1.334,-0.342
-2.83,-0.478
2.877,-0.617
2.659,-0.503
1.37,-0.624
0.006,3.961
-1.384,3.924
-1.939,3.81
-1.997,4.103
2.263,4.092
2.326,3.904
0.822,4.114
2.706,3.257
2.51,2.35
2.483,2.531
1.46,2.694
1.464,1.742
1.509,3.076
1.39,2.353
1.256,2.119
1.869,2.292
1.444,0.771
1.271,0.934
-0.8,4.115
1.363,3.556
-0.102,-0.706
-0.167,-1.338
-0.251,-0.467
-0.227,-2.446
-0.245,-2.401
-0.336,-2.074
-0.369,-2.495
-0.438,-1.903
-0.466,-2.574
-0.491,-3.003
-0.436,-0.696
-0.517,-0.967
-0.496,-0.227
-0.497,-2.648
-0.526,-2.759
-0.573,-1.961
-0.618,-0.787
-0.621,0.34
-0.565,0.335
-0.645,0.423
-0.666,-1.911
-0.575,0.628
-0.765,-0.889
-0.763,-1.293
-0.701,-0.919
-0.797,-2.086
-0.849,-0.5
-0.799,-2.856
-0.909,-2.29
-0.936,-0.702
-0.963,-2.508
-0.997,-2.676
-1.031,-0.53
-0.965,-1.187
-1.026,-2.473
-1.109,0.381
-1.138,-1.76
-1.163,0.537
-1.118,-1.843
-1.155,-1.905
-1.211,-0.516
-1.258,-1.084
-1.29,-2.83
-1.264,0.086
-1.46,-0.34
-1.412,-1.786
-1.543,-2.257
-1.51,-0.161
-1.586,-1.155
-1.528,0.257
-1.558,-3.272
-1.664,-1.163
-1.686,-2.602
-1.688,-2.632
-1.843,-2.447
-1.826,-1.37
-1.806,-1.584
-1.849,-2.383
-2.119,-0.593
-2.33,-1.496
-2.495,-0.016
-2.471,-2.157
-2.56,-2.459
-2.573,-1.503
-2.658,0.644
-2.711,0.495
-2.739,0.772
-2.747,-0.971
-2.824,-0.285
-2.832,-3.142
-2.832,0.251
-3.13,0.207
-3.065,0.184
3.122,-0.209
3.074,-1.549
3.028,0.268
2.96,-3.055
2.962,0.126
3.004,-1.976
2.915,-0.847
2.871,-1.404
2.852,-2.506
2.824,-2.962
2.836,-2.715
2.718,-2.09
2.706,-2.563
2.763,-1.999
2.752,-0.446
2.684,0.11
2.735,-0.175
2.629,-2.253
2.637,-1.83
2.606,-1.48
2.583,0.122
2.548,-2.316
2.606,0.037
2.555,-1.279
2.379,-0.346
2.203,-0.742
2.248,-2.388
2.214,-1.307
2.128,0.313
2.062,0.384
2.039,-0.165
1.987,-1.108
1.964,0.403
1.936,-0.403
1.959,-1.802
1.937,-1.642
1.932,-0.512
1.88,-0.221
1.928,0.562
1.852,-1.516
1.888,-2.978
1.89,-2.043
1.73,-1.717
1.702,-0.461
1.687,-0.667
1.633,-3.146
1.414,-2.068
1.303,-2.417
1.242,-1.375
1.151,-0.249
1.215,-3.141
1.077,-2.993
1.045,-2.872
1.007,-1.235
1.063,-0.331
0.934,-2.453
0.396,-3.69
0.248,-3.292
-0.637,-3.547
-0.798,-3.359
-1.132,-3.385
-1.252,-3.599
-2.002,-3.48
-2.54,-3.563
2.708,-3.411
2.339,-3.361
2.133,-3.673
1.805,-3.786
1.86,-3.635
1.486,-3.483
1.485,-3.402
-0.109,0.932
-0.394,1.072
-0.971,0.685
-1.213,1.085
-1.385,0.909
-1.517,0.843
-2.627,0.971
2.766,0.963
1.778,0.757
1.736,1.123
1.53,1.074
1.522,0.866
3.076,-1.349
2.945,0.162
1.636,0.143
1.496,-2.706
0.732,-2.185
0.696,-2.174
0.231,-2.334
0.023,-0.732
-0.028,-1.441
-0.229,-2.165
-0.17,-1.96
-0.283,-1.096
-0.309,-1.944
-0.359,-0.718
-0.37,-0.706
-0.431,0.707
-0.677,-3.083
-0.553,-1.625
-0.586,-0.559
-0.835,-3.091
-0.772,0.47
-0.964,-2.212
-0.934,-0.251
-0.919,-3.01
-0.978,-1.364
-1.048,-2.729
-1.199,0.264
-1.252,-1.447
-1.381,-2.267
-1.449,-2.54
-1.488,-3.033
-1.541,-0.928
-1.811,0.237
-1.756,-0.705
-1.767,-1.002
-1.866,-0.956
-2.089,-3.305
-2.031,-1.967
-2.194,-1.589
-2.292,-1.985
-2.325,-2.94
-2.389,-0.658
-2.434,0.38
-2.655,-1.928
-2.586,-1.61
-2.765,-0.582
-2.774,-0.581
-2.742,-3.322
-2.763,0.406
-2.898,-0.68
-2.945,-0.306
-2.998,-1.321
-2.987,-2.043
-3.049,-2.161
-3.084,0.626
3.077,-0.341
3.034,-0.727
3.114,-0.741
2.954,-2.971
2.864,0.286
2.88,0.182
2.647,-2.147
2.717,0.565
2.665,-1.969
2.559,-1.13
2.62,-1.844
2.523,-1.829
2.533,-1.105
2.39,-1.847
2.467,0.428
2.341,-2.722
2.221,-2.331
2.107,-1.119
2.081,-0.648
2.097,-0.898
2.058,-1.755
2.158,-1.368
2.047,0.305
2.043,-0.802
1.898,-1.179
1.955,0.632
1.819,-1.738
1.93,-2.887
1.887,-1.801
1.54,-1.46
1.155,0.325
1.24,-1.879
1.226,-2.811
0.959,-2.93
0.272,-3.645
-0.362,-3.399
-0.212,-3.629
-0.779,-3.626
-0.793,-3.614
-1.312,-3.674
-1.251,-3.458
-2.747,-3.594
2.96,-3.733
2.742,-3.619
1.453,-3.74
0.089,0.845
-1.301,0.808
-1.856,0.694
-1.914,0.987
2.346,0.976
2.409,0.788
0.905,0.998
2.789,0.141
2.593,-0.766
2.566,-0.585
1.543,-0.422
1.547,-1.374
1.592,-0.04
1.473,-0.763
1.339,-0.997
1.952,-0.824
1.527,-2.345
1.354,-2.182
-0.717,0.999
1.446,0.44
-0.065,-0.632
-0.149,0.239
-0.125,-1.74
-0.143,-1.695
-0.234,-1.368
-0.267,-1.789
-0.336,-1.197
-0.364,-1.868
-0.389,-2.297
-0.334,0.01
-0.415,-0.261
-0.394,0.479
-0.395,-1.942
-0.424,-2.053
-0.471,-1.255
-0.516,-0.081
-0.519,1.046
-0.463,1.041
-0.543,1.129
-0.564,-1.205
-0.473,1.334
-0.663,-0.183
-0.661,-0.587
-0.599,-0.213
-0.695,-1.38
-0.747,0.206
-0.697,-2.15
-0.807,-1.584
-0.834,0.004
-0.861,-1.802
-0.895,-1.97
-0.929,0.176
-0.863,-0.481
-0.924,-1.767
-1.007,1.087
-1.036,-1.054
-1.061,1.243
-1.016,-1.137
-1.053,-1.199
-1.109,0.19
-1.156,-0.378
-1.188,-2.124
-1.162,0.792
-1.358,0.366
-1.31,-1.08
-1.441,-1.551
-1.408,0.545
-1.484,-0.449
-1.426,0.963
-1.456,-2.566
-1.562,-0.457
-1.584,-1.896
-1.586,-1.926
-1.741,-1.741
-1.724,-0.664
-1.704,-0.878
-1.747,-1.677
-2.017,0.113
-2.228,-0.79
-2.393,0.69
-2.369,-1.451
-2.458,-1.753
-2.471,-0.797
-2.556,1.35
-2.609,1.201
-2.637,1.478
-2.645,-0.265
-2.722,0.421
-2.73,-2.436
-2.73,0.957
-3.028,0.913
-2.963,0.89
-3.059,0.497
-3.107,-0.843
3.13,0.974
3.062,-2.349
3.064,0.832
3.106,-1.27
3.017,-0.141
2.973,-0.698
2.954,-1.8
2.926,-2.256
2.938,-2.009
2.82,-1.384
2.808,-1.857
2.865,-1.293
2.854,0.26
2.786,0.816
2.837,0.531
2.731,-1.547
2.739,-1.124
2.708,-0.774
2.685,0.828
2.65,-1.61
2.708,0.743
2.657,-0.573
2.481,0.36
2.305,-0.036
2.35,-1.682
2.316,-0.601
2.23,1.019
2.164,1.09
2.141,0.541
2.089,-0.402
2.066,1.109
2.038,0.303
2.061,-1.096
2.039,-0.936
2.034,0.194
1.982,0.485
2.03,1.268
1.954,-0.81
1.99,-2.272
1.992,-1.337
1.832,-1.011
1.804,0.245
1.789,0.039
1.735,-2.44
1.516,-1.362
1.405,-1.711
1.344,-0.669
1.253,0.457
1.317,-2.435
1.179,-2.287
1.147,-2.166
1.109,-0.529
1.165,0.375
1.036,-1.747
0.498,-2.984
0.35,-2.586
-0.535,-2.841
-0.696,-2.653
-1.03,-2.679
-1.15,-2.893
-1.9,-2.774
-2.438,-2.857
2.81,-2.705
2.441,-2.655
2.235,-2.967
1.907,-3.08
1.962,-2.929
1.588,-2.777
1.587,-2.696
-0.007,1.638
-0.292,1.778
-0.869,1.391
-1.111,1.791
-1.283,1.615
-1.415,1.549
-2.525,1.677
2.868,1.669
1.88,1.463
1.838,1.829
1.632,1.78
1.624,1.572
-3.105,-0.643
3.047,0.868
1.738,0.849
1.598,-2.0
0.834,-1.479
0.798,-1.468
0.333,-1.628
0.125,-0.026
0.074,-0.735
-0.127,-1.459
-0.068,-1.254
-0.181,-0.39
-0.207,-1.238
-0.257,-0.012
-0.268,0.0
-0.329,1.413
-0.575,-2.377
-0.451,-0.919
-0.484,0.147
-0.733,-2.385
-0.67,1.176
-0.862,-1.506
-0.832,0.455
-0.817,-2.304
-0.876,-0.658
-0.946,-2.023
-1.097,0.97
-1.15,-0.741
-1.279,-1.561
-1.347,-1.834
-1.386,-2.327
-1.439,-0.222
-1.709,0.943
-1.654,0.001
-1.665,-0.296
-1.764,-0.25
-1.987,-2.599
-1.929,-1.261
-2.092,-0.883
-2.19,-1.279
-2.223,-2.234
-2.287,0.048
-2.332,1.086
-2.553,-1.222
-2.484,-0.904
-2.663,0.124
-2.672,0.125
-2.64,-2.616
-2.661,1.112
-2.796,0.026
-2.843,0.4
-2.896,-0.615
-2.885,-1.337
-2.947,-1.455
-2.982,1.332
-3.104,0.365
3.136,-0.021
-3.067,-0.035
3.056,-2.265
2.966,0.992
2.982,0.888
2.749,-1.441
2.819,1.271
2.767,-1.263
2.661,-0.424
2.722,-1.138
2.625,-1.123
2.635,-0.399
2.492,-1.141
2.569,1.134
2.443,-2.016
2.323,-1.625
2.209,-0.413
2.183,0.058
2.199,-0.192
2.16,-1.049
2.26,-0.662
2.149,1.011
2.145,-0.096
2.0,-0.473
2.057,1.338
1.921,-1.032
2.032,-2.181
1.989,-1.095
1.642,-0.754
1.257,1.031
1.342,-1.173
1.328,-2.105
1.061,-2.224
0.374,-2.939
-0.26,-2.693
-0.11,-2.923
-0.677,-2.92
-0.691,-2.908
-1.21,-2.968
-1.149,-2.752
-2.645,-2.888
3.062,-3.027
2.844,-2.913
1.555,-3.034
0.191,1.551
-1.199,1.514
-1.754,1.4
-1.812,1.693
2.448,1.682
2.511,1.494
1.007,1.704
2.891,0.847
2.695,-0.06
2.668,0.121
1.645,0.284
1.649,-0.668
1.694,0.666
1.575,-0.057
1.441,-0.291
2.054,-0.118
1.629,-1.639
1.456,-1.476
-0.615,1.705
1.548,1.146
-0.084,0.871
-0.06,-1.108
-0.078,-1.063
-0.169,-0.736
-0.202,-1.157
-0.271,-0.565
-0.299,-1.236
-0.324,-1.665
-0.269,0.642
-0.35,0.371
-0.329,1.111
-0.33,-1.31
-0.359,-1.421
-0.406,-0.623
-0.451,0.551
-0.454,1.678
-0.398,1.673
-0.478,1.761
-0.499,-0.573
-0.408,1.966
-0.598,0.449
-0.596,0.045
-0.534,0.419
-0.63,-0.748
-0.682,0.838
-0.632,-1.518
-0.742,-0.952
-0.769,0.636
-0.796,-1.17
-0.83,-1.338
-0.864,0.808
-0.798,0.151
-0.859,-1.135
-0.942,1.719
-0.971,-0.422
-0.996,1.875
-0.951,-0.505
-0.988,-0.567
-1.044,0.822
-1.091,0.254
-1.123,-1.492
-1.097,1.424
-1.293,0.998
-1.245,-0.448
-1.376,-0.919
-1.343,1.177
-1.419,0.183
-1.361,1.595
-1.391,-1.934
-1.497,0.175
-1.519,-1.264
-1.521,-1.294
-1.676,-1.109
-1.659,-0.032
-1.639,-0.246
-1.682,-1.045
-1.952,0.745
-2.163,-0.158
-2.328,1.322
-2.304,-0.819
-2.393,-1.121
-2.406,-0.165
-2.491,1.982
-2.544,1.833
-2.572,2.11
-2.58,0.367
-2.657,1.053
-2.665,-1.804
-2.665,1.589
-2.963,1.545
-2.898,1.522
-2.994,1.129
-3.042,-0.211
-3.088,1.606
3.127,-1.717
3.129,1.464
-3.112,-0.638
3.082,0.491
3.038,-0.066
3.019,-1.168
2.991,-1.624
3.003,-1.377
2.885,-0.752
2.873,-1.225
2.93,-0.661
2.919,0.892
2.851,1.448
2.902,1.163
2.796,-0.915
2.804,-0.492
2.773,-0.142
2.75,1.46
2.715,-0.978
2.773,1.375
2.722,0.059
2.546,0.992
2.37,0.596
2.415,-1.05
2.381,0.031
2.295,1.651
2.229,1.722
2.206,1.173
2.154,0.23
2.131,1.741
2.103,0.935
2.126,-0.464
2.104,-0.304
2.099,0.826
2.047,1.117
2.095,1.9
2.019,-0.178
2.055,-1.64
2.057,-0.705
1.897,-0.379
1.869,0.877
1.854,0.671
1.8,-1.808
1.581,-0.73
1.47,-1.079
1.409,-0.037
1.318,1.089
1.382,-1.803
1.244,-1.655
1.212,-1.534
1.174,0.103
1.23,1.007
1.101,-1.115
0.563,-2.352
0.415,-1.954
-0.47,-2.209
-0.631,-2.021
-0.965,-2.047
-1.085,-2.261
-1.835,-2.142
-2.373,-2.225
2.875,-2.073
2.506,-2.023
2.3,-2.335
1.972,-2.448
2.027,-2.297
1.653,-2.145
1.652,-2.064
0.058,2.27
-0.227,2.41
-0.804,2.023
-1.046,2.423
-1.218,2.247
-1.35,2.181
-2.46,2.309
2.933,2.301
1.945,2.095
1.903,2.461
1.697,2.412
1.689,2.204
-3.04,-0.011
3.112,1.5
1.803,1.481
1.663,-1.368
0.899,-0.847
0.863,-0.836
0.398,-0.996
0.19,0.606
0.139,-0.103
-0.062,-0.827
-0.003,-0.622
-0.116,0.242
-0.142,-0.606
-0.192,0.62
-0.203,0.632
-0.264,2.045
-0.51,-1.745
-0.386,-0.287
-0.419,0.779
-0.668,-1.753
-0.605,1.808
-0.797,-0.874
-0.767,1.087
-0.752,-1.672
-0.811,-0.026
-0.881,-1.391
-1.032,1.602
-1.085,-0.109
-1.214,-0.929
-1.282,-1.202
-1.321,-1.695
-1.374,0.41
-1.644,1.575
-1.589,0.633
-1.6,0.336
-1.699,0.382
-1.922,-1.967
-1.864,-0.629
-2.027,-0.251
-2.125,-0.647
-2.158,-1.602
-2.222,0.68
-2.267,1.718
-2.488,-0.59
-2.419,-0.272
-2.598,0.756
-2.607,0.757
-2.575,-1.984
-2.596,1.744
-2.731,0.658
-2.778,1.032
-2.831,0.017
-2.82,-0.705
-2.882,-0.823
-2.917,1.964
-3.039,0.997
-3.082,0.611
-3.002,0.597
3.121,-1.633
3.031,1.624
3.047,1.52
2.814,-0.809
2.884,1.903
2.832,-0.631
2.726,0.208
2.787,-0.506
2.69,-0.491
2.7,0.233
2.557,-0.509
2.634,1.766
2.508,-1.384
2.388,-0.993
2.274,0.219
2.248,0.69
2.264,0.44
2.225,-0.417
2.325,-0.03
2.214,1.643
2.21,0.536
2.065,0.159
2.122,1.97
1.986,-0.4
2.097,-1.549
2.054,-0.463
1.707,-0.122
1.322,1.663
1.407,-0.541
1.393,-1.473
1.126,-1.592
0.439,-2.307
-0.195,-2.061
-0.045,-2.291
-0.612,-2.288
-0.626,-2.276
-1.145,-2.336
-1.084,-2.12
-2.58,-2.256
3.127,-2.395
2.909,-2.281
1.62,-2.402
0.256,2.183
-1.134,2.146
-1.689,2.032
-1.747,2.325
2.513,2.314
2.576,2.126
1.072,2.336
2.956,1.479
2.76,0.572
2.733,0.753
1.71,0.916
1.714,-0.036
1.759,1.298
1.64,0.575
1.506,0.341
2.119,0.514
1.694,-1.007
1.521,-0.844
-0.55,2.337
1.613,1.778
0.024,-1.979
0.006,-1.934
-0.085,-1.607
-0.118,-2.028
-0.187,-1.436
-0.215,-2.107
-0.24,-2.536
-0.185,-0.229
-0.266,-0.5
-0.245,0.24
-0.246,-2.181
-0.275,-2.292
-0.322,-1.494
-0.367,-0.32
-0.37,0.807
-0.314,0.802
-0.394,0.89
-0.415,-1.444
-0.324,1.095
-0.514,-0.422
-0.512,-0.826
-0.45,-0.452
-0.546,-1.619
-0.598,-0.033
-0.548,-2.389
-0.658,-1.823
-0.685,-0.235
-0.712,-2.041
-0.746,-2.209
-0.78,-0.063
-0.714,-0.72
-0.775,-2.006
-0.858,0.848
-0.887,-1.293
-0.912,1.004
-0.867,-1.376
-0.904,-1.438
-0.96,-0.049
-1.007,-0.617
-1.039,-2.363
-1.013,0.553
-1.209,0.127
-1.161,-1.319
-1.292,-1.79
-1.259,0.306
-1.335,-0.688
-1.277,0.724
-1.307,-2.805
-1.413,-0.696
-1.435,-2.135
-1.437,-2.165
-1.592,-1.98
-1.575,-0.903
-1.555,-1.117
-1.598,-1.916
-1.868,-0.126
-2.079,-1.029
-2.244,0.451
-2.22,-1.69
-2.309,-1.992
-2.322,-1.036
-2.407,1.111
-2.46,0.962
-2.488,1.239
-2.496,-0.504
-2.573,0.182
-2.581,-2.675
-2.581,0.718
-2.879,0.674
-2.814,0.651
-2.91,0.258
-2.958,-1.082
-3.004,0.735
-3.072,-2.588
-3.07,0.593
-3.028,-1.509
-3.117,-0.38
3.122,-0.937
3.103,-2.039
3.075,-2.495
3.087,-2.248
2.969,-1.623
2.957,-2.096
3.014,-1.532
3.003,0.021
2.935,0.577
2.986,0.292
2.88,-1.786
2.888,-1.363
2.857,-1.013
2.834,0.589
2.799,-1.849
2.857,0.504
2.806,-0.812
2.63,0.121
2.454,-0.275
2.499,-1.921
2.465,-0.84
2.379,0.78
2.313,0.851
2.29,0.302
2.238,-0.641
2.215,0.87
2.187,0.064
2.21,-1.335
2.188,-1.175
2.183,-0.045
2.131,0.246
2.179,1.029
2.103,-1.049
2.139,-2.511
2.141,-1.576
1.981,-1.25
1.953,0.006
1.938,-0.2
1.884,-2.679
1.665,-1.601
1.554,-1.95
1.493,-0.908
1.402,0.218
1.466,-2.674
1.328,-2.526
1.296,-2.405
1.258,-0.768
1.314,0.136
1.185,-1.986
0.647,-3.223
0.499,-2.825
-0.386,-3.08
-0.547,-2.892
-0.881,-2.918
-1.001,-3.132
-1.751,-3.013
-2.289,-3.096
2.959,-2.944
2.59,-2.894
2.384,-3.206
2.056,-3.319
2.111,-3.168
1.737,-3.016
1.736,-2.935
0.142,1.399
-0.143,1.539
-0.72,1.152
-0.962,1.552
-1.134,1.376
-1.266,1.31
-2.376,1.438
3.017,1.43
2.029,1.224
1.987,1.59
1.781,1.541
1.773,1.333
-2.956,-0.882
-3.087,0.629
1.887,0.61
1.747,-2.239
0.983,-1.718
0.947,-1.707
0.482,-1.867
0.274,-0.265
0.223,-0.974
0.022,-1.698
0.081,-1.493
-0.032,-0.629
-0.058,-1.477
-0.108,-0.251
-0.119,-0.239
-0.18,1.174
-0.426,-2.616
-0.302,-1.158
-0.335,-0.092
-0.584,-2.624
-0.521,0.937
-0.713,-1.745
-0.683,0.216
-0.668,-2.543
-0.727,-0.897
-0.797,-2.262
-0.948,0.731
-1.001,-0.98
-1.13,-1.8
-1.198,-2.073
-1.237,-2.566
-1.29,-0.461
-1.56,0.704
-1.505,-0.238
-1.516,-0.535
-1.615,-0.489
-1.838,-2.838
-1.78,-1.5
-1.943,-1.122
-2.041,-1.518
-2.074,-2.473
-2.138,-0.191
-2.183,0.847
-2.404,-1.461
-2.335,-1.143
-2.514,-0.115
-2.523,-0.114
-2.491,-2.855
-2.512,0.873
-2.647,-0.213
-2.694,0.161
-2.747,-0.854
-2.736,-1.576
-2.798,-1.694
-2.833,1.093
-2.955,0.126
-2.998,-0.26
-2.918,-0.274
-3.078,-2.504
3.115,0.753
3.131,0.649
2.898,-1.68
2.968,1.032
2.916,-1.502
2.81,-0.663
2.871,-1.377
2.774,-1.362
2.784,-0.638
2.641,-1.38
2.718,0.895
2.592,-2.255
2.472,-1.864
2.358,-0.652
2.332,-0.181
2.348,-0.431
2.309,-1.288
2.409,-0.901
2.298,0.772
2.294,-0.335
2.149,-0.712
2.206,1.099
2.07,-1.271
2.181,-2.42
2.138,-1.334
1.791,-0.993
1.406,0.792
1.491,-1.412
1.477,-2.344
1.21,-2.463
0.523,-3.178
-0.111,-2.932
0.039,-3.162
-0.528,-3.159
-0.542,-3.147
-1.061,-3.207
-1.0,-2.991
-2.496,-3.127
-3.072,-3.266
2.993,-3.152
1.704,-3.273
0.34,1.312
-1.05,1.275
-1.605,1.161
-1.663,1.454
2.597,1.443
2.66,1.255
1.156,1.465
3.04,0.608
2.844,-0.299
2.817,-0.118
1.794,0.045
1.798,-0.907
1.843,0.427
1.724,-0.296
1.59,-0.53
2.203,-0.357
1.778,-1.878
1.605,-1.715
-0.466,1.466
1.697,0.907
-0.018,0.045
-0.109,0.372
-0.142,-0.049
-0.211,0.543
-0.239,-0.128
-0.264,-0.557
-0.209,1.75
-0.29,1.479
-0.269,2.219
-0.27,-0.202
-0.299,-0.313
-0.346,0.485
-0.391,1.659
-0.394,2.786
-0.338,2.781
-0.418,2.869
-0.439,0.535
-0.348,3.074
-0.538,1.557
-0.536,1.153
-0.474,1.527
-0.57,0.36
-0.622,1.946
-0.572,-0.41
-0.682,0.156
-0.709,1.744
-0.736,-0.062
-0.77,-0.23
-0.804,1.916
-0.738,1.259
-0.799,-0.027
-0.882,2.827
-0.911,0.686
-0.936,2.983
-0.891,0.603
-0.928,0.541
-0.984,1.93
-1.031,1.362
-1.063,-0.384
-1.037,2.532
-1.233,2.106
-1.185,0.66
-1.316,0.189
-1.283,2.285
-1.359,1.291
-1.301,2.703
-1.331,-0.826
-1.437,1.283
-1.459,-0.156
-1.461,-0.186
-1.616,-0.001
-1.599,1.076
-1.579,0.862
-1.622,0.063
-1.892,1.853
-2.103,0.95
-2.268,2.43
-2.244,0.289
-2.333,-0.013
-2.346,0.943
-2.431,3.09
-2.484,2.941
-2.512,3.218
-2.52,1.475
-2.597,2.161
-2.605,-0.696
-2.605,2.697
-2.903,2.653
-2.838,2.63
-2.934,2.237
-2.982,0.897
-3.028,2.714
-3.096,-0.609
-3.094,2.572
-3.052,0.47
-3.141,1.599
3.098,1.042
3.079,-0.06
3.051,-0.516
3.063,-0.269
2.945,0.356
2.933,-0.117
2.99,0.447
2.979,2.0
2.911,2.556
2.962,2.271
2.856,0.193
2.864,0.616
2.833,0.966
2.81,2.568
2.775,0.13
2.833,2.483
2.782,1.167
2.606,2.1
2.43,1.704
2.475,0.058
2.441,1.139
2.355,2.759
2.289,2.83
2.266,2.281
2.214,1.338
2.191,2.849
2.163,2.043
2.186,0.644
2.164,0.804
2.159,1.934
2.107,2.225
2.155,3.008
2.079,0.93
2.115,-0.532
2.117,0.403
1.957,0.729
1.929,1.985
1.914,1.779
1.86,-0.7
1.641,0.378
1.53,0.029
1.469,1.071
1.378,2.197
1.442,-0.695
1.304,-0.547
1.272,-0.426
1.234,1.211
1.29,2.115
1.161,-0.007
0.623,-1.244
0.475,-0.846
-0.41,-1.101
-0.571,-0.913
-0.905,-0.939
-1.025,-1.153
-1.775,-1.034
-2.313,-1.117
2.935,-0.965
2.566,-0.915
2.36,-1.227
2.032,-1.34
2.087,-1.189
1.713,-1.037
1.712,-0.956
0.118,3.378
-0.167,3.518
-0.744,3.131
-0.986,3.531
-1.158,3.355
-1.29,3.289
-2.4,3.417
2.993,3.409
2.005,3.203
1.963,3.569
1.757,3.52
1.749,3.312
-2.98,1.097
-3.111,2.608
1.863,2.589
1.723,-0.26
0.959,0.261
0.923,0.272
0.458,0.112
0.25,1.714
0.199,1.005
-0.002,0.281
0.057,0.486
-0.056,1.35
-0.082,0.502
-0.132,1.728
-0.143,1.74
-0.204,3.153
-0.45,-0.637
-0.326,0.821
-0.359,1.887
-0.608,-0.645
-0.545,2.916
-0.737,0.234
-0.707,2.195
-0.692,-0.564
-0.751,1.082
-0.821,-0.283
-0.972,2.71
-1.025,0.999
-1.154,0.179
-1.222,-0.094
-1.261,-0.587
-1.314,1.518
-1.584,2.683
-1.529,1.741
-1.54,1.444
-1.639,1.49
-1.862,-0.859
-1.804,0.479
-1.967,0.857
-2.065,0.461
-2.098,-0.494
-2.162,1.788
-2.207,2.826
-2.428,0.518
-2.359,0.836
-2.538,1.864
-2.547,1.865
-2.515,-0.876
-2.536,2.852
-2.671,1.766
-2.718,2.14
-2.771,1.125
-2.76,0.403
-2.822,0.285
-2.857,3.072
-2.979,2.105
-3.022,1.719
-2.942,1.705
-3.102,-0.525
3.091,2.732
3.107,2.628
2.874,0.299
2.944,3.011
2.892,0.477
2.786,1.316
2.847,0.602
2.75,0.617
2.76,1.341
2.617,0.599
2.694,2.874
2.568,-0.276
2.448,0.115
2.334,1.327
2.308,1.798
2.324,1.548
2.285,0.691
2.385,1.078
2.274,2.751
2.27,1.644
2.125,1.267
2.182,3.078
2.046,0.708
2.157,-0.441
2.114,0.645
1.767,0.986
1.382,2.771
1.467,0.567
1.453,-0.365
1.186,-0.484
0.499,-1.199
-0.135,-0.953
0.015,-1.183
-0.552,-1.18
-0.566,-1.168
-1.085,-1.228
-1.024,-1.012
-2.52,-1.148
-3.096,-1.287
2.969,-1.173
1.68,-1.294
0.316,3.291
-1.074,3.254
-1.629,3.14
-1.687,3.433
2.573,3.422
2.636,3.234
1.132,3.444
3.016,2.587
2.82,1.68
2.793,1.861
1.77,2.024
1.774,1.072
1.819,2.406
1.7,1.683
1.566,1.449
2.179,1.622
1.754,0.101
1.581,0.264
-0.49,3.445
1.673,2.886
-0.091,0.327
-0.124,-0.094
-0.193,0.498
-0.221,-0.173
-0.246,-0.602
-0.191,1.705
-0.272,1.434
-0.251,2.174
-0.252,-0.247
-0.281,-0.358
-0.328,0.44
-0.373,1.614
-0.376,2.741
-0.32,2.736
-0.4,2.824
-0.421,0.49
-0.33,3.029
-0.52,1.512
-0.518,1.108
-0.456,1.482
-0.552,0.315
-0.604,1.901
-0.554,-0.455
-0.664,0.111
-0.691,1.699
-0.718,-0.107
-0.752,-0.275
-0.786,1.871
-0.72,1.214
-0.781,-0.072
-0.864,2.782
-0.893,0.641
-0.918,2.938
-0.873,0.558
-0.91,0.496
-0.966,1.885
-1.013,1.317
-1.045,-0.429
-1.019,2.487
-1.215,2.061
-1.167,0.615
-1.298,0.144
-1.265,2.24
-1.341,1.246
-1.283,2.658
-1.313,-0.871
-1.419,1.238
-1.441,-0.201
-1.443,-0.231
-1.598,-0.046
-1.581,1.031
-1.561,0.817
-1.604,0.018
-1.874,1.808
-2.085,0.905
-2.25,2.385
-2.226,0.244
-2.315,-0.058
-2.328,0.898
-2.413,3.045
-2.466,2.896
-2.494,3.173
-2.502,1.43
-2.579,2.116
-2.587,-0.741
-2.587,2.652
-2.885,2.608
-2.82,2.585
-2.916,2.192
-2.964,0.852
-3.01,2.669
-3.078,-0.654
-3.076,2.527
-3.034,0.425
-3.123,1.554
3.116,0.997
3.097,-0.105
3.069,-0.561
3.081,-0.314
2.963,0.311
2.951,-0.162
3.008,0.402
2.997,1.955
2.929,2.511
2.98,2.226
2.874,0.148
2.882,0.571
2.851,0.921
2.828,2.523
2.793,0.085
2.851,2.438
2.8,1.122
2.624,2.055
2.448,1.659
2.493,0.013
2.459,1.094
2.373,2.714
2.307,2.785
2.284,2.236
2.232,1.293
2.209,2.804
2.181,1.998
2.204,0.599
2.182,0.759
2.177,1.889
2.125,2.18
2.173,2.963
2.097,0.885
2.133,-0.577
2.135,0.358
1.975,0.684
1.947,1.94
1.932,1.734
1.878,-0.745
1.659,0.333
1.548,-0.016
1.487,1.026
1.396,2.152
1.46,-0.74
1.322,-0.592
1.29,-0.471
1.252,1.166
1.308,2.07
1.179,-0.052
0.641,-1.289
0.493,-0.891
-0.392,-1.146
-0.553,-0.958
-0.887,-0.984
-1.007,-1.198
-1.757,-1.079
-2.295,-1.162
2.953,-1.01
2.584,-0.96
2.378,-1.272
2.05,-1.385
2.105,-1.234
1.731,-1.082
1.73,-1.001
0.136,3.333
-0.149,3.473
-0.726,3.086
-0.968,3.486
-1.14,3.31
-1.272,3.244
-2.382,3.372
3.011,3.364
2.023,3.158
1.981,3.524
1.775,3.475
1.767,3.267
-2.962,1.052
-3.093,2.563
1.881,2.544
1.741,-0.305
0.977,0.216
0.941,0.227
0.476,0.067
0.268,1.669
0.217,0.96
0.016,0.236
0.075,0.441
-0.038,1.305
-0.064,0.457
-0.114,1.683
-0.125,1.695
-0.186,3.108
-0.432,-0.682
-0.308,0.776
-0.341,1.842
-0.59,-0.69
-0.527,2.871
-0.719,0.189
-0.689,2.15
-0.674,-0.609
-0.733,1.037
-0.803,-0.328
-0.954,2.665
-1.007,0.954
-1.136,0.134
-1.204,-0.139
-1.243,-0.632
-1.296,1.473
-1.566,2.638
-1.511,1.696
-1.522,1.399
-1.621,1.445
-1.844,-0.904
-1.786,0.434
-1.949,0.812
-2.047,0.416
-2.08,-0.539
-2.144,1.743
-2.189,2.781
-2.41,0.473
-2.341,0.791
-2.52,1.819
-2.529,1.82
-2.497,-0.921
-2.518,2.807
-2.653,1.721
-2.7,2.095
-2.753,1.08
-2.742,0.358
-2.804,0.24
-2.839,3.027
-2.961,2.06
-3.004,1.674
-2.924,1.66
-3.084,-0.57
3.109,2.687
3.125,2.583
2.892,0.254
2.962,2.966
2.91,0.432
2.804,1.271
2.865,0.557
2.768,0.572
2.778,1.296
2.635,0.554
2.712,2.829
2.586,-0.321
2.466,0.07
2.352,1.282
2.326,1.753
2.342,1.503
2.303,0.646
2.403,1.033
2.292,2.706
2.288,1.599
2.143,1.222
2.2,3.033
2.064,0.663
2.175,-0.486
2.132,0.6
1.785,0.941
1.4,2.726
1.485,0.522
1.471,-0.41
1.204,-0.529
0.517,-1.244
-0.117,-0.998
0.033,-1.228
-0.534,-1.225
-0.548,-1.213
-1.067,-1.273
-1.006,-1.057
-2.502,-1.193
-3.078,-1.332
2.987,-1.218
1.698,-1.339
0.334,3.246
-1.056,3.209
-1.611,3.095
-1.669,3.388
2.591,3.377
2.654,3.189
1.15,3.399
3.034,2.542
2.838,1.635
2.811,1.816
1.788,1.979
1.792,1.027
1.837,2.361
1.718,1.638
1.584,1.404
2.197,1.577
1.772,0.056
1.599,0.219
-0.472,3.4
1.691,2.841
-0.033,-0.421
-0.102,0.171
-0.13,-0.5
-0.155,-0.929
-0.1,1.378
-0.181,1.107
-0.16,1.847
-0.161,-0.574
-0.19,-0.685
-0.237,0.113
-0.282,1.287
-0.285,2.414
-0.229,2.409
-0.309,2.497
-0.33,0.163
-0.239,2.702
-0.429,1.185
-0.427,0.781
-0.365,1.155
-0.461,-0.012
-0.513,1.574
-0.463,-0.782
-0.573,-0.216
-0.6,1.372
-0.627,-0.434
-0.661,-0.602
-0.695,1.544
-0.629,0.887
-0.69,-0.399
-0.773,2.455
-0.802,0.314
-0.827,2.611
-0.782,0.231
-0.819,0.169
-0.875,1.558
-0.922,0.99
-0.954,-0.756
-0.928,2.16
-1.124,1.734
-1.076,0.288
-1.207,-0.183
-1.174,1.913
-1.25,0.919
-1.192,2.331
-1.222,-1.198
-1.328,0.911
-1.35,-0.528
-1.352,-0.558
-1.507,-0.373
-1.49,0.704
-1.47,0.49
-1.513,-0.309
-1.783,1.481
-1.994,0.578
-2.159,2.058
-2.135,-0.083
-2.224,-0.385
-2.237,0.571
-2.322,2.718
-2.375,2.569
-2.403,2.846
-2.411,1.103
-2.488,1.789
-2.496,-1.068
-2.496,2.325
-2.794,2.281
-2.729,2.258
-2.825,1.865
-2.873,0.525
-2.919,2.342
-2.987,-0.981
-2.985,2.2
-2.943,0.098
-3.032,1.227
-3.076,0.67
-3.095,-0.432
-3.123,-0.888
-3.111,-0.641
3.054,-0.016
3.042,-0.489
3.099,0.075
3.088,1.628
3.02,2.184
3.071,1.899
2.965,-0.179
2.973,0.244
2.942,0.594
2.919,2.196
2.884,-0.242
2.942,2.111
2.891,0.795
2.715,1.728
2.539,1.332
2.584,-0.314
2.55,0.767
2.464,2.387
2.398,2.458
2.375,1.909
2.323,0.966
2.3,2.477
2.272,1.671
2.295,0.272
2.273,0.432
2.268,1.562
2.216,1.853
2.264,2.636
2.188,0.558
2.224,-0.904
2.226,0.031
2.066,0.357
2.038,1.613
2.023,1.407
1.969,-1.072
1.75,0.006
1.639,-0.343
1.578,0.699
1.487,1.825
1.551,-1.067
1.413,-0.919
1.381,-0.798
1.343,0.839
1.399,1.743
1.27,-0.379
0.732,-1.616
0.584,-1.218
-0.301,-1.473
-0.462,-1.285
-0.796,-1.311
-0.916,-1.525
-1.666,-1.406
-2.204,-1.489
3.044,-1.337
2.675,-1.287
2.469,-1.599
2.141,-1.712
2.196,-1.561
1.822,-1.409
1.821,-1.328
0.227,3.006
-0.058,3.146
-0.635,2.759
-0.877,3.159
-1.049,2.983
-1.181,2.917
-2.291,3.045
3.102,3.037
2.114,2.831
2.072,3.197
1.866,3.148
1.858,2.94
-2.871,0.725
-3.002,2.236
1.972,2.217
1.832,-0.632
1.068,-0.111
1.032,-0.1
0.567,-0.26
0.359,1.342
0.308,0.633
0.107,-0.091
0.166,0.114
0.053,0.978
0.027,0.13
-0.023,1.356
-0.034,1.368
-0.095,2.781
-0.341,-1.009
-0.217,0.449
-0.25,1.515
-0.499,-1.017
-0.436,2.544
-0.628,-0.138
-0.598,1.823
-0.583,-0.936
-0.642,0.71
-0.712,-0.655
-0.863,2.338
-0.916,0.627
-1.045,-0.193
-1.113,-0.466
-1.152,-0.959
-1.205,1.146
-1.475,2.311
-1.42,1.369
-1.431,1.072
-1.53,1.118
-1.753,-1.231
-1.695,0.107
-1.858,0.485
-1.956,0.089
-1.989,-0.866
-2.053,1.416
-2.098,2.454
-2.319,0.146
-2.25,0.464
-2.429,1.492
-2.438,1.493
-2.406,-1.248
-2.427,2.48
-2.562,1.394
-2.609,1.768
-2.662,0.753
-2.651,0.031
-2.713,-0.087
-2.748,2.7
-2.87,1.733
-2.913,1.347
-2.833,1.333
-2.993,-0.897
-3.083,2.36
-3.067,2.256
2.983,-0.073
3.053,2.639
3.001,0.105
2.895,0.944
2.956,0.23
2.859,0.245
2.869,0.969
2.726,0.227
2.803,2.502
2.677,-0.648
2.557,-0.257
2.443,0.955
2.417,1.426
2.433,1.176
2.394,0.319
2.494,0.706
2.383,2.379
2.379,1.272
2.234,0.895
2.291,2.706
2.155,0.336
2.266,-0.813
2.223,0.273
1.876,0.614
1.491,2.399
1.576,0.195
1.562,-0.737
1.295,-0.856
0.608,-1.571
-0.026,-1.325
0.124,-1.555
-0.443,-1.552
-0.457,-1.54
-0.976,-1.6
-0.915,-1.384
-2.411,-1.52
-2.987,-1.659
3.078,-1.545
1.789,-1.666
0.425,2.919
-0.965,2.882
-1.52,2.768
-1.578,3.061
2.682,3.05
2.745,2.862
1.241,3.072
3.125,2.215
2.929,1.308
2.902,1.489
1.879,1.652
1.883,0.7
1.928,2.034
1.809,1.311
1.675,1.077
2.288,1.25
1.863,-0.271
1.69,-0.108
-0.381,3.073
1.782,2.514
-0.069,0.592
-0.097,-0.079
-0.122,-0.508
-0.067,1.799
-0.148,1.528
-0.127,2.268
-0.128,-0.153
-0.157,-0.264
-0.204,0.534
-0.249,1.708
-0.252,2.835
-0.196,2.83
-0.276,2.918
-0.297,0.584
-0.206,3.123
-0.396,1.606
-0.394,1.202
-0.332,1.576
-0.428,0.409
-0.48,1.995
-0.43,-0.361
-0.54,0.205
-0.567,1.793
-0.594,-0.013
-0.628,-0.181
-0.662,1.965
-0.596,1.308
-0.657,0.022
-0.74,2.876
-0.769,0.735
-0.794,3.032
-0.749,0.652
-0.786,0.59
-0.842,1.979
-0.889,1.411
-0.921,-0.335
-0.895,2.581
-1.091,2.155
-1.043,0.709
-1.174,0.238
-1.141,2.334
-1.217,1.34
-1.159,2.752
-1.189,-0.777
-1.295,1.332
-1.317,-0.107
-1.319,-0.137
-1.474,0.048
-1.457,1.125
-1.437,0.911
-1.48,0.112
-1.75,1.902
-1.961,0.999
-2.126,2.479
-2.102,0.338
-2.191,0.036
-2.204,0.992
-2.289,3.139
-2.342,2.99
-2.37,3.267
-2.378,1.524
-2.455,2.21
-2.463,-0.647
-2.463,2.746
-2.761,2.702
-2.696,2.679
-2.792,2.286
-2.84,0.946
-2.886,2.763
-2.954,-0.56
-2.952,2.621
-2.91,0.519
-2.999,1.648
-3.043,1.091
-3.062,-0.011
-3.09,-0.467
-3.078,-0.22
3.087,0.405
3.075,-0.068
3.132,0.496
3.121,2.049
3.053,2.605
3.104,2.32
2.998,0.242
3.006,0.665
2.975,1.015
2.952,2.617
2.917,0.179
2.975,2.532
2.924,1.216
2.748,2.149
2.572,1.753
2.617,0.107
2.583,1.188
2.497,2.808
2.431,2.879
2.408,2.33
2.356,1.387
2.333,2.898
2.305,2.092
2.328,0.693
2.306,0.853
2.301,1.983
2.249,2.274
2.297,3.057
2.221,0.979
2.257,-0.483
2.259,0.452
2.099,0.778
2.071,2.034
2.056,1.828
2.002,-0.651
1.783,0.427
1.672,0.078
1.611,1.12
1.52,2.246
1.584,-0.646
1.446,-0.498
1.414,-0.377
1.376,1.26
1.432,2.164
1.303,0.042
0.765,-1.195
0.617,-0.797
-0.268,-1.052
-0.429,-0.864
-0.763,-0.89
-0.883,-1.104
-1.633,-0.985
-2.171,-1.068
3.077,-0.916
2.708,-0.866
2.502,-1.178
2.174,-1.291
2.229,-1.14
1.855,-0.988
1.854,-0.907
0.26,3.427
-0.025,3.567
-0.602,3.18
-0.844,3.58
-1.016,3.404
-1.148,3.338
-2.258,3.466
3.135,3.458
2.147,3.252
2.105,3.618
1.899,3.569
1.891,3.361
-2.838,1.146
-2.969,2.657
2.005,2.638
1.865,-0.211
1.101,0.31
1.065,0.321
0.6,0.161
0.392,1.763
0.341,1.054
0.14,0.33
0.199,0.535
0.086,1.399
0.06,0.551
0.01,1.777
-0.001,1.789
-0.062,3.202
-0.308,-0.588
-0.184,0.87
-0.217,1.936
-0.466,-0.596
-0.403,2.965
-0.595,0.283
-0.565,2.244
-0.55,-0.515
-0.609,1.131
-0.679,-0.234
-0.83,2.759
-0.883,1.048
-1.012,0.228
-1.08,-0.045
-1.119,-0.538
-1.172,1.567
-1.442,2.732
-1.387,1.79
-1.398,1.493
-1.497,1.539
-1.72,-0.81
-1.662,0.528
-1.825,0.906
-1.923,0.51
-1.956,-0.445
-2.02,1.837
-2.065,2.875
-2.286,0.567
-2.217,0.885
-2.396,1.913
-2.405,1.914
-2.373,-0.827
-2.394,2.901
-2.529,1.815
-2.576,2.189
-2.629,1.174
-2.618,0.452
-2.68,0.334
-2.715,3.121
-2.837,2.154
-2.88,1.768
-2.8,1.754
-2.96,-0.476
-3.05,2.781
-3.034,2.677
3.016,0.348
3.086,3.06
3.034,0.526
2.928,1.365
2.989,0.651
2.892,0.666
2.902,1.39
2.759,0.648
2.836,2.923
2.71,-0.227
2.59,0.164
2.476,1.376
2.45,1.847
2.466,1.597
2.427,0.74
2.527,1.127
2.416,2.8
2.412,1.693
2.267,1.316
2.324,3.127
2.188,0.757
2.299,-0.392
2.256,0.694
1.909,1.035
1.524,2.82
1.609,0.616
1.595,-0.316
1.328,-0.435
0.641,-1.15
0.007,-0.904
0.157,-1.134
-0.41,-1.131
-0.424,-1.119
-0.943,-1.179
-0.882,-0.963
-2.378,-1.099
-2.954,-1.238
3.111,-1.124
1.822,-1.245
0.458,3.34
-0.932,3.303
-1.487,3.189
-1.545,3.482
2.715,3.471
2.778,3.283
1.274,3.493
-3.125,2.636
2.962,1.729
2.935,1.91
1.912,2.073
1.916,1.121
1.961,2.455
1.842,1.732
1.708,1.498
2.321,1.671
1.896,0.15
1.723,0.313
-0.348,3.494
1.815,2.935
-0.028,-0.671
-0.053,-1.1
0.002,1.207
-0.079,0.936
-0.058,1.676
-0.059,-0.745
-0.088,-0.856
-0.135,-0.058
-0.18,1.116
-0.183,2.243
-0.127,2.238
-0.207,2.326
-0.228,-0.008
-0.137,2.531
-0.327,1.014
-0.325,0.61
-0.263,0.984
-0.359,-0.183
-0.411,1.403
-0.361,-0.953
-0.471,-0.387
-0.498,1.201
-0.525,-0.605
-0.559,-0.773
-0.593,1.373
-0.527,0.716
-0.588,-0.57
-0.671,2.284
-0.7,0.143
-0.725,2.44
-0.68,0.06
-0.717,-0.002
-0.773,1.387
-0.82,0.819
-0.852,-0.927
-0.826,1.989
-1.022,1.563
-0.974,0.117
-1.105,-0.354
-1.072,1.742
-1.148,0.748
-1.09,2.16
-1.12,-1.369
-1.226,0.74
-1.248,-0.699
-1.25,-0.729
-1.405,-0.544
-1.388,0.533
-1.368,0.319
-1.411,-0.48
-1.681,1.31
-1.892,0.407
-2.057,1.887
-2.033,-0.254
-2.122,-0.556
-2.135,0.4
-2.22,2.547
-2.273,2.398
-2.301,2.675
-2.309,0.932
-2.386,1.618
-2.394,-1.239
-2.394,2.154
-2.692,2.11
-2.627,2.087
-2.723,1.694
-2.771,0.354
-2.817,2.171
-2.885,-1.152
-2.883,2.029
-2.841,-0.073
-2.93,1.056
-2.974,0.499
-2.993,-0.603
-3.021,-1.059
-3.009,-0.812
-3.127,-0.187
-3.139,-0.66
-3.082,-0.096
-3.093,1.457
3.122,2.013
-3.11,1.728
3.067,-0.35
3.075,0.073
3.044,0.423
3.021,2.025
2.986,-0.413
3.044,1.94
2.993,0.624
2.817,1.557
2.641,1.161
2.686,-0.485
2.652,0.596
2.566,2.216
2.5,2.287
2.477,1.738
2.425,0.795
2.402,2.306
2.374,1.5
2.397,0.101
2.375,0.261
2.37,1.391
2.318,1.682
2.366,2.465
2.29,0.387
2.326,-1.075
2.328,-0.14
2.168,0.186
2.14,1.442
2.125,1.236
2.071,-1.243
1.852,-0.165
1.741,-0.514
1.68,0.528
1.589,1.654
1.653,-1.238
1.515,-1.09
1.483,-0.969
1.445,0.668
1.501,1.572
1.372,-0.55
0.834,-1.787
0.686,-1.389
-0.199,-1.644
-0.36,-1.456
-0.694,-1.482
-0.814,-1.696
-1.564,-1.577
-2.102,-1.66
-3.137,-1.508
2.777,-1.458
2.571,-1.77
2.243,-1.883
2.298,-1.732
1.924,-1.58
1.923,-1.499
0.329,2.835
0.044,2.975
-0.533,2.588
-0.775,2.988
-0.947,2.812
-1.079,2.746
-2.189,2.874
-3.079,2.866
2.216,2.66
2.174,3.026
1.968,2.977
1.96,2.769
-2.769,0.554
-2.9,2.065
2.074,2.046
1.934,-0.803
1.17,-0.282
1.134,-0.271
0.669,-0.431
0.461,1.171
0.41,0.462
0.209,-0.262
0.268,-0.057
0.155,0.807
0.129,-0.041
0.079,1.185
0.068,1.197
0.007,2.61
-0.239,-1.18
-0.115,0.278
-0.148,1.344
-0.397,-1.188
-0.334,2.373
-0.526,-0.309
-0.496,1.652
-0.481,-1.107
-0.54,0.539
-0.61,-0.826
-0.761,2.167
-0.814,0.456
-0.943,-0.364
-1.011,-0.637
-1.05,-1.13
-1.103,0.975
-1.373,2.14
-1.318,1.198
-1.329,0.901
-1.428,0.947
-1.651,-1.402
-1.593,-0.064
-1.756,0.314
-1.854,-0.082
-1.887,-1.037
-1.951,1.245
-1.996,2.283
-2.217,-0.025
-2.148,0.293
-2.327,1.321
-2.336,1.322
-2.304,-1.419
-2.325,2.309
-2.46,1.223
-2.507,1.597
-2.56,0.582
-2.549,-0.14
-2.611,-0.258
-2.646,2.529
-2.768,1.562
-2.811,1.176
-2.731,1.162
-2.891,-1.068
-2.981,2.189
-2.965,2.085
3.085,-0.244
-3.128,2.468
3.103,-0.066
2.997,0.773
3.058,0.059
2.961,0.074
2.971,0.798
2.828,0.056
2.905,2.331
2.779,-0.819
2.659,-0.428
2.545,0.784
2.519,1.255
2.535,1.005
2.496,0.148
2.596,0.535
2.485,2.208
2.481,1.101
2.336,0.724
2.393,2.535
2.257,0.165
2.368,-0.984
2.325,0.102
1.978,0.443
1.593,2.228
1.678,0.024
1.664,-0.908
1.397,-1.027
0.71,-1.742
0.076,-1.496
0.226,-1.726
-0.341,-1.723
-0.355,-1.711
-0.874,-1.771
-0.813,-1.555
-2.309,-1.691
-2.885,-1.83
-3.103,-1.716
1.891,-1.837
0.527,2.748
-0.863,2.711
-1.418,2.597
-1.476,2.89
2.784,2.879
2.847,2.691
1.343,2.901
-3.056,2.044
3.031,1.137
3.004,1.318
1.981,1.481
1.985,0.529
2.03,1.863
1.911,1.14
1.777,0.906
2.39,1.079
1.965,-0.442
1.792,-0.279
-0.279,2.902
1.884,2.343
-0.025,-0.429
0.03,1.878
-0.051,1.607
-0.03,2.347
-0.031,-0.074
-0.06,-0.185
-0.107,0.613
-0.152,1.787
-0.155,2.914
-0.099,2.909
-0.179,2.997
-0.2,0.663
-0.109,3.202
-0.299,1.685
-0.297,1.281
-0.235,1.655
-0.331,0.488
-0.383,2.074
-0.333,-0.282
-0.443,0.284
-0.47,1.872
-0.497,0.066
-0.531,-0.102
-0.565,2.044
-0.499,1.387
-0.56,0.101
-0.643,2.955
-0.672,0.814
-0.697,3.111
-0.652,0.731
-0.689,0.669
-0.745,2.058
-0.792,1.49
-0.824,-0.256
-0.798,2.66
-0.994,2.234
-0.946,0.788
-1.077,0.317
-1.044,2.413
-1.12,1.419
-1.062,2.831
-1.092,-0.698
-1.198,1.411
-1.22,-0.028
-1.222,-0.058
-1.377,0.127
-1.36,1.204
-1.34,0.99
-1.383,0.191
-1.653,1.981
-1.864,1.078
-2.029,2.558
-2.005,0.417
-2.094,0.115
-2.107,1.071
-2.192,3.218
-2.245,3.069
-2.273,3.346
-2.281,1.603
-2.358,2.289
-2.366,-0.568
-2.366,2.825
-2.664,2.781
-2.599,2.758
-2.695,2.365
-2.743,1.025
-2.789,2.842
-2.857,-0.481
-2.855,2.7
-2.813,0.598
-2.902,1.727
-2.946,1.17
-2.965,0.068
-2.993,-0.388
-2.981,-0.141
-3.099,0.484
-3.111,0.011
-3.054,0.575
-3.065,2.128
-3.133,2.684
-3.082,2.399
3.095,0.321
3.103,0.744
3.072,1.094
3.049,2.696
3.014,0.258
3.072,2.611
3.021,1.295
2.845,2.228
2.669,1.832
2.714,0.186
2.68,1.267
2.594,2.887
2.528,2.958
2.505,2.409
2.453,1.466
2.43,2.977
2.402,2.171
2.425,0.772
2.403,0.932
2.398,2.062
2.346,2.353
2.394,3.136
2.318,1.058
2.354,-0.404
2.356,0.531
2.196,0.857
2.168,2.113
2.153,1.907
2.099,-0.572
1.88,0.506
1.769,0.157
1.708,1.199
1.617,2.325
1.681,-0.567
1.543,-0.419
1.511,-0.298
1.473,1.339
1.529,2.243
1.4,0.121
0.862,-1.116
0.714,-0.718
-0.171,-0.973
-0.332,-0.785
-0.666,-0.811
-0.786,-1.025
-1.536,-0.906
-2.074,-0.989
-3.109,-0.837
2.805,-0.787
2.599,-1.099
2.271,-1.212
2.326,-1.061
1.952,-0.909
1.951,-0.828
0.357,3.506
0.072,3.646
-0.505,3.259
-0.747,3.659
-0.919,3.483
-1.051,3.417
-2.161,3.545
-3.051,3.537
2.244,3.331
2.202,3.697
1.996,3.648
1.988,3.44
-2.741,1.225
-2.872,2.736
2.102,2.717
1.962,-0.132
1.198,0.389
1.162,0.4
0.697,0.24
0.489,1.842
0.438,1.133
0.237,0.409
0.296,0.614
0.183,1.478
0.157,0.63
0.107,1.856
0.096,1.868
0.035,3.281
-0.211,-0.509
-0.087,0.949
-0.12,2.015
-0.369,-0.517
-0.306,3.044
-0.498,0.362
-0.468,2.323
-0.453,-0.436
-0.512,1.21
-0.582,-0.155
-0.733,2.838
-0.786,1.127
-0.915,0.307
-0.983,0.034
-1.022,-0.459
-1.075,1.646
-1.345,2.811
-1.29,1.869
-1.301,1.572
-1.4,1.618
-1.623,-0.731
-1.565,0.607
-1.728,0.985
-1.826,0.589
-1.859,-0.366
-1.923,1.916
-1.968,2.954
-2.189,0.646
-2.12,0.964
-2.299,1.992
-2.308,1.993
-2.276,-0.748
-2.297,2.98
-2.432,1.894
-2.479,2.268
-2.532,1.253
-2.521,0.531
-2.583,0.413
-2.618,3.2
-2.74,2.233
-2.783,1.847
-2.703,1.833
-2.863,-0.397
-2.953,2.86
-2.937,2.756
3.113,0.427
-3.1,3.139
3.131,0.605
3.025,1.444
3.086,0.73
2.989,0.745
2.999,1.469
2.856,0.727
2.933,3.002
2.807,-0.148
2.687,0.243
2.573,1.455
2.547,1.926
2.563,1.676
2.524,0.819
2.624,1.206
2.513,2.879
2.509,1.772
2.364,1.395
2.421,3.206
2.285,0.836
2.396,-0.313
2.353,0.773
2.006,1.114
1.621,2.899
1.706,0.695
1.692,-0.237
1.425,-0.356
0.738,-1.071
0.104,-0.825
0.254,-1.055
-0.313,-1.052
-0.327,-1.04
-0.846,-1.1
-0.785,-0.884
-2.281,-1.02
-2.857,-1.159
-3.075,-1.045
1.919,-1.166
0.555,3.419
-0.835,3.382
-1.39,3.268
-1.448,3.561
2.812,3.55
2.875,3.362
1.371,3.572
-3.028,2.715
3.059,1.808
3.032,1.989
2.009,2.152
2.013,1.2
2.058,2.534
1.939,1.811
1.805,1.577
2.418,1.75
1.993,0.229
1.82,0.392
-0.251,3.573
1.912,3.014
0.055,2.307
-0.026,2.036
-0.005,2.776
-0.006,0.355
-0.035,0.244
-0.082,1.042
-0.127,2.216
-0.13,3.343
-0.074,3.338
-0.154,3.426
-0.175,1.092
-0.084,3.631
-0.274,2.114
-0.272,1.71
-0.21,2.084
-0.306,0.917
-0.358,2.503
-0.308,0.147
-0.418,0.713
-0.445,2.301
-0.472,0.495
-0.506,0.327
-0.54,2.473
-0.474,1.816
-0.535,0.53
-0.618,3.384
-0.647,1.243
-0.672,3.54
-0.627,1.16
-0.664,1.098
-0.72,2.487
-0.767,1.919
-0.799,0.173
-0.773,3.089
-0.969,2.663
-0.921,1.217
-1.052,0.746
-1.019,2.842
-1.095,1.848
-1.037,3.26
-1.067,-0.269
-1.173,1.84
-1.195,0.401
-1.197,0.371
-1.352,0.556
-1.335,1.633
-1.315,1.419
-1.358,0.62
-1.628,2.41
-1.839,1.507
-2.004,2.987
-1.98,0.846
-2.069,0.544
-2.082,1.5
-2.167,3.647
-2.22,3.498
-2.248,3.775
-2.256,2.032
-2.333,2.718
-2.341,-0.139
-2.341,3.254
-2.639,3.21
-2.574,3.187
-2.67,2.794
-2.718,1.454
-2.764,3.271
-2.832,-0.052
-2.83,3.129
-2.788,1.027
-2.877,2.156
-2.921,1.599
-2.94,0.497
-2.968,0.041
-2.956,0.288
-3.074,0.913
-3.086,0.44
-3.029,1.004
-3.04,2.557
-3.108,3.113
-3.057,2.828
3.12,0.75
3.128,1.173
3.097,1.523
3.074,3.125
3.039,0.687
3.097,3.04
3.046,1.724
2.87,2.657
2.694,2.261
2.739,0.615
2.705,1.696
2.619,3.316
2.553,3.387
2.53,2.838
2.478,1.895
2.455,3.406
2.427,2.6
2.45,1.201
2.428,1.361
2.423,2.491
2.371,2.782
2.419,3.565
2.343,1.487
2.379,0.025
2.381,0.96
2.221,1.286
2.193,2.542
2.178,2.336
2.124,-0.143
1.905,0.935
1.794,0.586
1.733,1.628
1.642,2.754
1.706,-0.138
1.568,0.01
1.536,0.131
1.498,1.768
1.554,2.672
1.425,0.55
0.887,-0.687
0.739,-0.289
-0.146,-0.544
-0.307,-0.356
-0.641,-0.382
-0.761,-0.596
-1.511,-0.477
-2.049,-0.56
-3.084,-0.408
2.83,-0.358
2.624,-0.67
2.296,-0.783
2.351,-0.632
1.977,-0.48
1.976,-0.399
0.382,3.935
0.097,4.075
-0.48,3.688
-0.722,4.088
-0.894,3.912
-1.026,3.846
-2.136,3.974
-3.026,3.966
2.269,3.76
2.227,4.126
2.021,4.077
2.013,3.869
-2.716,1.654
-2.847,3.165
2.127,3.146
1.987,0.297
1.223,0.818
1.187,0.829
0.722,0.669
0.514,2.271
0.463,1.562
0.262,0.838
0.321,1.043
0.208,1.907
0.182,1.059
0.132,2.285
0.121,2.297
0.06,3.71
-0.186,-0.08
-0.062,1.378
-0.095,2.444
-0.344,-0.088
-0.281,3.473
-0.473,0.791
-0.443,2.752
-0.428,-0.007
-0.487,1.639
-0.557,0.274
-0.708,3.267
-0.761,1.556
-0.89,0.736
-0.958,0.463
-0.997,-0.03
-1.05,2.075
-1.32,3.24
-1.265,2.298
-1.276,2.001
-1.375,2.047
-1.598,-0.302
-1.54,1.036
-1.703,1.414
-1.801,1.018
-1.834,0.063
-1.898,2.345
-1.943,3.383
-2.164,1.075
-2.095,1.393
-2.274,2.421
-2.283,2.422
-2.251,-0.319
-2.272,3.409
-2.407,2.323
-2.454,2.697
-2.507,1.682
-2.496,0.96
-2.558,0.842
-2.593,3.629
-2.715,2.662
-2.758,2.276
-2.678,2.262
-2.838,0.032
-2.928,3.289
-2.912,3.185
3.138,0.856
-3.075,3.568
-3.127,1.034
3.05,1.873
3.111,1.159
3.014,1.174
3.024,1.898
2.881,1.156
2.958,3.431
2.832,0.281
2.712,0.672
2.598,1.884
2.572,2.355
2.588,2.105
2.549,1.248
2.649,1.635
2.538,3.308
2.534,2.201
2.389,1.824
2.446,3.635
2.31,1.265
2.421,0.116
2.378,1.202
2.031,1.543
1.646,3.328
1.731,1.124
1.717,0.192
1.45,0.073
0.763,-0.642
0.129,-0.396
0.279,-0.626
-0.288,-0.623
-0.302,-0.611
-0.821,-0.671
-0.76,-0.455
-2.256,-0.591
-2.832,-0.73
-3.05,-0.616
1.944,-0.737
0.58,3.848
-0.81,3.811
-1.365,3.697
-1.423,3.99
2.837,3.979
2.9,3.791
1.396,4.001
-3.003,3.144
3.084,2.237
3.057,2.418
2.034,2.581
2.038,1.629
2.083,2.963
1.964,2.24
1.83,2.006
2.443,2.179
2.018,0.658
1.845,0.821
-0.226,4.002
1.937,3.443
-0.081,-0.271
-0.06,0.469
-0.061,-1.952
-0.09,-2.063
-0.137,-1.265
-0.182,-0.091
-0.185,1.036
-0.129,1.031
-0.209,1.119
-0.23,-1.215
-0.139,1.324
-0.329,-0.193
-0.327,-0.597
-0.265,-0.223
-0.361,-1.39
-0.413,0.196
-0.363,-2.16
-0.473,-1.594
-0.5,-0.006
-0.527,-1.812
-0.561,-1.98
-0.595,0.166
-0.529,-0.491
-0.59,-1.777
-0.673,1.077
-0.702,-1.064
-0.727,1.233
-0.682,-1.147
-0.719,-1.209
-0.775,0.18
-0.822,-0.388
-0.854,-2.134
-0.828,0.782
-1.024,0.356
-0.976,-1.09
-1.107,-1.561
-1.074,0.535
-1.15,-0.459
-1.092,0.953
-1.122,-2.576
-1.228,-0.467
-1.25,-1.906
-1.252,-1.936
-1.407,-1.751
-1.39,-0.674
-1.37,-0.888
-1.413,-1.687
-1.683,0.103
-1.894,-0.8
-2.059,0.68
-2.035,-1.461
-2.124,-1.763
-2.137,-0.807
-2.222,1.34
-2.275,1.191
-2.303,1.468
-2.311,-0.275
-2.388,0.411
-2.396,-2.446
-2.396,0.947
-2.694,0.903
-2.629,0.88
-2.725,0.487
-2.773,-0.853
-2.819,0.964
-2.887,-2.359
-2.885,0.822
-2.843,-1.28
-2.932,-0.151
-2.976,-0.708
-2.995,-1.81
-3.023,-2.266
-3.011,-2.019
-3.129,-1.394
-3.141,-1.867
-3.084,-1.303
-3.095,0.25
3.12,0.806
-3.112,0.521
3.065,-1.557
3.073,-1.134
3.042,-0.784
3.019,0.818
2.984,-1.62
3.042,0.733
2.991,-0.583
2.815,0.35
2.639,-0.046
2.684,-1.692
2.65,-0.611
2.564,1.009
2.498,1.08
2.475,0.531
2.423,-0.412
2.4,1.099
2.372,0.293
2.395,-1.106
2.373,-0.946
2.368,0.184
2.316,0.475
2.364,1.258
2.288,-0.82
2.324,-2.282
2.326,-1.347
2.166,-1.021
2.138,0.235
2.123,0.029
2.069,-2.45
1.85,-1.372
1.739,-1.721
1.678,-0.679
1.587,0.447
1.651,-2.445
1.513,-2.297
1.481,-2.176
1.443,-0.539
1.499,0.365
1.37,-1.757
0.832,-2.994
0.684,-2.596
-0.201,-2.851
-0.362,-2.663
-0.696,-2.689
-0.816,-2.903
-1.566,-2.784
-2.104,-2.867
-3.139,-2.715
2.775,-2.665
2.569,-2.977
2.241,-3.09
2.296,-2.939
1.922,-2.787
1.921,-2.706
0.327,1.628
0.042,1.768
-0.535,1.381
-0.777,1.781
-0.949,1.605
-1.081,1.539
-2.191,1.667
-3.081,1.659
2.214,1.453
2.172,1.819
1.966,1.77
1.958,1.562
-2.771,-0.653
-2.902,0.858
2.072,0.839
1.932,-2.01
1.168,-1.489
1.132,-1.478
0.667,-1.638
0.459,-0.036
0.408,-0.745
0.207,-1.469
0.266,-1.264
0.153,-0.4
0.127,-1.248
0.077,-0.022
0.066,-0.01
0.005,1.403
-0.241,-2.387
-0.117,-0.929
-0.15,0.137
-0.399,-2.395
-0.336,1.166
-0.528,-1.516
-0.498,0.445
-0.483,-2.314
-0.542,-0.668
-0.612,-2.033
-0.763,0.96
-0.816,-0.751
-0.945,-1.571
-1.013,-1.844
-1.052,-2.337
-1.105,-0.232
-1.375,0.933
-1.32,-0.009
-1.331,-0.306
-1.43,-0.26
-1.653,-2.609
-1.595,-1.271
-1.758,-0.893
-1.856,-1.289
-1.889,-2.244
-1.953,0.038
-1.998,1.076
-2.219,-1.232
-2.15,-0.914
-2.329,0.114
-2.338,0.115
-2.306,-2.626
-2.327,1.102
-2.462,0.016
-2.509,0.39
-2.562,-0.625
-2.551,-1.347
-2.613,-1.465
-2.648,1.322
-2.77,0.355
-2.813,-0.031
-2.733,-0.045
-2.893,-2.275
-2.983,0.982
-2.967,0.878
3.083,-1.451
-3.13,1.261
3.101,-1.273
2.995,-0.434
3.056,-1.148
2.959,-1.133
2.969,-0.409
2.826,-1.151
2.903,1.124
2.777,-2.026
2.657,-1.635
2.543,-0.423
2.517,0.048
2.533,-0.202
2.494,-1.059
2.594,-0.672
2.483,1.001
2.479,-0.106
2.334,-0.483
2.391,1.328
2.255,-1.042
2.366,-2.191
2.323,-1.105
1.976,-0.764
1.591,1.021
1.676,-1.183
1.662,-2.115
1.395,-2.234
0.708,-2.949
0.074,-2.703
0.224,-2.933
-0.343,-2.93
-0.357,-2.918
-0.876,-2.978
-0.815,-2.762
-2.311,-2.898
-2.887,-3.037
-3.105,-2.923
1.889,-3.044
0.525,1.541
-0.865,1.504
-1.42,1.39
-1.478,1.683
2.782,1.672
2.845,1.484
1.341,1.694
-3.058,0.837
3.029,-0.07
3.002,0.111
1.979,0.274
1.983,-0.678
2.028,0.656
1.909,-0.067
1.775,-0.301
2.388,-0.128
1.963,-1.649
1.79,-1.486
-0.281,1.695
1.882,1.136
0.021,0.74
0.02,-1.681
-0.009,-1.792
-0.056,-0.994
-0.101,0.18
-0.104,1.307
-0.048,1.302
-0.128,1.39
-0.149,-0.944
-0.058,1.595
-0.248,0.078
-0.246,-0.326
-0.184,0.048
-0.28,-1.119
-0.332,0.467
-0.282,-1.889
-0.392,-1.323
-0.419,0.265
-0.446,-1.541
-0.48,-1.709
-0.514,0.437
-0.448,-0.22
-0.509,-1.506
-0.592,1.348
-0.621,-0.793
-0.646,1.504
-0.601,-0.876
-0.638,-0.938
-0.694,0.451
-0.741,-0.117
-0.773,-1.863
-0.747,1.053
-0.943,0.627
-0.895,-0.819
-1.026,-1.29
-0.993,0.806
-1.069,-0.188
-1.011,1.224
-1.041,-2.305
-1.147,-0.196
-1.169,-1.635
-1.171,-1.665
-1.326,-1.48
-1.309,-0.403
-1.289,-0.617
-1.332,-1.416
-1.602,0.374
-1.813,-0.529
-1.978,0.951
-1.954,-1.19
-2.043,-1.492
-2.056,-0.536
-2.141,1.611
-2.194,1.462
-2.222,1.739
-2.23,-0.004
-2.307,0.682
-2.315,-2.175
-2.315,1.218
-2.613,1.174
-2.548,1.151
-2.644,0.758
-2.692,-0.582
-2.738,1.235
-2.806,-2.088
-2.804,1.093
-2.762,-1.009
-2.851,0.12
-2.895,-0.437
-2.914,-1.539
-2.942,-1.995
-2.93,-1.748
-3.048,-1.123
-3.06,-1.596
-3.003,-1.032
-3.014,0.521
-3.082,1.077
-3.031,0.792
-3.137,-1.286
-3.129,-0.863
3.123,-0.513
3.1,1.089
3.065,-1.349
3.123,1.004
3.072,-0.312
2.896,0.621
2.72,0.225
2.765,-1.421
2.731,-0.34
2.645,1.28
2.579,1.351
2.556,0.802
2.504,-0.141
2.481,1.37
2.453,0.564
2.476,-0.835
2.454,-0.675
2.449,0.455
2.397,0.746
2.445,1.529
2.369,-0.549
2.405,-2.011
2.407,-1.076
2.247,-0.75
2.219,0.506
2.204,0.3
2.15,-2.179
1.931,-1.101
1.82,-1.45
1.759,-0.408
1.668,0.718
1.732,-2.174
1.594,-2.026
1.562,-1.905
1.524,-0.268
1.58,0.636
1.451,-1.486
0.913,-2.723
0.765,-2.325
-0.12,-2.58
-0.281,-2.392
-0.615,-2.418
-0.735,-2.632
-1.485,-2.513
-2.023,-2.596
-3.058,-2.444
2.856,-2.394
2.65,-2.706
2.322,-2.819
2.377,-2.668
2.003,-2.516
2.002,-2.435
0.408,1.899
0.123,2.039
-0.454,1.652
-0.696,2.052
-0.868,1.876
-1.0,1.81
-2.11,1.938
-3.0,1.93
2.295,1.724
2.253,2.09
2.047,2.041
2.039,1.833
-2.69,-0.382
-2.821,1.129
2.153,1.11
2.013,-1.739
1.249,-1.218
1.213,-1.207
0.748,-1.367
0.54,0.235
0.489,-0.474
0.288,-1.198
0.347,-0.993
0.234,-0.129
0.208,-0.977
0.158,0.249
0.147,0.261
0.086,1.674
-0.16,-2.116
-0.036,-0.658
-0.069,0.408
-0.318,-2.124
-0.255,1.437
-0.447,-1.245
-0.417,0.716
-0.402,-2.043
-0.461,-0.397
-0.531,-1.762
-0.682,1.231
-0.735,-0.48
-0.864,-1.3
-0.932,-1.573
-0.971,-2.066
-1.024,0.039
-1.294,1.204
-1.239,0.262
-1.25,-0.035
-1.349,0.011
-1.572,-2.338
-1.514,-1.0
-1.677,-0.622
-1.775,-1.018
-1.808,-1.973
-1.872,0.309
-1.917,1.347
-2.138,-0.961
-2.069,-0.643
-2.248,0.385
-2.257,0.386
-2.225,-2.355
-2.246,1.373
-2.381,0.287
-2.428,0.661
-2.481,-0.354
-2.47,-1.076
-2.532,-1.194
-2.567,1.593
-2.689,0.626
-2.732,0.24
-2.652,0.226
-2.812,-2.004
-2.902,1.253
-2.886,1.149
-3.119,-1.18
-3.049,1.532
-3.101,-1.002
3.076,-0.163
3.137,-0.877
3.04,-0.862
3.05,-0.138
2.907,-0.88
2.984,1.395
2.858,-1.755
2.738,-1.364
2.624,-0.152
2.598,0.319
2.614,0.069
2.575,-0.788
2.675,-0.401
2.564,1.272
2.56,0.165
2.415,-0.212
2.472,1.599
2.336,-0.771
2.447,-1.92
2.404,-0.834
2.057,-0.493
1.672,1.292
1.757,-0.912
1.743,-1.844
1.476,-1.963
0.789,-2.678
0.155,-2.432
0.305,-2.662
-0.262,-2.659
-0.276,-2.647
-0.795,-2.707
-0.734,-2.491
-2.23,-2.627
-2.806,-2.766
-3.024,-2.652
1.97,-2.773
0.606,1.812
-0.784,1.775
-1.339,1.661
-1.397,1.954
2.863,1.943
2.926,1.755
1.422,1.965
-2.977,1.108
3.11,0.201
3.083,0.382
2.06,0.545
2.064,-0.407
2.109,0.927
1.99,0.204
1.856,-0.03
2.469,0.143
2.044,-1.378
1.871,-1.215
-0.2,1.966
1.963,1.407
-0.001,-2.421
-0.03,-2.532
-0.077,-1.734
-0.122,-0.56
-0.125,0.567
-0.069,0.562
-0.149,0.65
-0.17,-1.684
-0.079,0.855
-0.269,-0.662
-0.267,-1.066
-0.205,-0.692
-0.301,-1.859
-0.353,-0.273
-0.303,-2.629
-0.413,-2.063
-0.44,-0.475
-0.467,-2.281
-0.501,-2.449
-0.535,-0.303
-0.469,-0.96
-0.53,-2.246
-0.613,0.608
-0.642,-1.533
-0.667,0.764
-0.622,-1.616
-0.659,-1.678
-0.715,-0.289
-0.762,-0.857
-0.794,-2.603
-0.768,0.313
-0.964,-0.113
-0.916,-1.559
-1.047,-2.03
-1.014,0.066
-1.09,-0.928
-1.032,0.484
-1.062,-3.045
-1.168,-0.936
-1.19,-2.375
-1.192,-2.405
-1.347,-2.22
-1.33,-1.143
-1.31,-1.357
-1.353,-2.156
-1.623,-0.366
-1.834,-1.269
-1.999,0.211
-1.975,-1.93
-2.064,-2.232
-2.077,-1.276
-2.162,0.871
-2.215,0.722
-2.243,0.999
-2.251,-0.744
-2.328,-0.058
-2.336,-2.915
-2.336,0.478
-2.634,0.434
-2.569,0.411
-2.665,0.018
-2.713,-1.322
-2.759,0.495
-2.827,-2.828
-2.825,0.353
-2.783,-1.749
-2.872,-0.62
-2.916,-1.177
-2.935,-2.279
-2.963,-2.735
-2.951,-2.488
-3.069,-1.863
-3.081,-2.336
-3.024,-1.772
-3.035,-0.219
-3.103,0.337
-3.052,0.052
3.125,-2.026
3.133,-1.603
3.102,-1.253
3.079,0.349
3.044,-2.089
3.102,0.264
3.051,-1.052
2.875,-0.119
2.699,-0.515
2.744,-2.161
2.71,-1.08
2.624,0.54
2.558,0.611
2.535,0.062
2.483,-0.881
2.46,0.63
2.432,-0.176
2.455,-1.575
2.433,-1.415
2.428,-0.285
2.376,0.006
2.424,0.789
2.348,-1.289
2.384,-2.751
2.386,-1.816
2.226,-1.49
2.198,-0.234
2.183,-0.44
2.129,-2.919
1.91,-1.841
1.799,-2.19
1.738,-1.148
1.647,-0.022
1.711,-2.914
1.573,-2.766
1.541,-2.645
1.503,-1.008
1.559,-0.104
1.43,-2.226
0.892,-3.463
0.744,-3.065
-0.141,-3.32
-0.302,-3.132
-0.636,-3.158
-0.756,-3.372
-1.506,-3.253
-2.044,-3.336
-3.079,-3.184
2.835,-3.134
2.629,-3.446
2.301,-3.559
2.356,-3.408
1.982,-3.256
1.981,-3.175
0.387,1.159
0.102,1.299
-0.475,0.912
-0.717,1.312
-0.889,1.136
-1.021,1.07
-2.131,1.198
-3.021,1.19
2.274,0.984
2.232,1.35
2.026,1.301
2.018,1.093
-2.711,-1.122
-2.842,0.389
2.132,0.37
1.992,-2.479
1.228,-1.958
1.192,-1.947
0.727,-2.107
0.519,-0.505
0.468,-1.214
0.267,-1.938
0.326,-1.733
0.213,-0.869
0.187,-1.717
0.137,-0.491
0.126,-0.479
0.065,0.934
-0.181,-2.856
-0.057,-1.398
-0.09,-0.332
-0.339,-2.864
-0.276,0.697
-0.468,-1.985
-0.438,-0.024
-0.423,-2.783
-0.482,-1.137
-0.552,-2.502
-0.703,0.491
-0.756,-1.22
-0.885,-2.04
-0.953,-2.313
-0.992,-2.806
-1.045,-0.701
-1.315,0.464
-1.26,-0.478
-1.271,-0.775
-1.37,-0.729
-1.593,-3.078
-1.535,-1.74
-1.698,-1.362
-1.796,-1.758
-1.829,-2.713
-1.893,-0.431
-1.938,0.607
-2.159,-1.701
-2.09,-1.383
-2.269,-0.355
-2.278,-0.354
-2.246,-3.095
-2.267,0.633
-2.402,-0.453
-2.449,-0.079
-2.502,-1.094
-2.491,-1.816
-2.553,-1.934
-2.588,0.853
-2.71,-0.114
-2.753,-0.5
-2.673,-0.514
-2.833,-2.744
-2.923,0.513
-2.907,0.409
-3.14,-1.92
-3.07,0.792
-3.122,-1.742
3.055,-0.903
3.116,-1.617
3.019,-1.602
3.029,-0.878
2.886,-1.62
2.963,0.655
2.837,-2.495
2.717,-2.104
2.603,-0.892
2.577,-0.421
2.593,-0.671
2.554,-1.528
2.654,-1.141
2.543,0.532
2.539,-0.575
2.394,-0.952
2.451,0.859
2.315,-1.511
2.426,-2.66
2.383,-1.574
2.036,-1.233
1.651,0.552
1.736,-1.652
1.722,-2.584
1.455,-2.703
0.768,-3.418
0.134,-3.172
0.284,-3.402
-0.283,-3.399
-0.297,-3.387
-0.816,-3.447
-0.755,-3.231
-2.251,-3.367
-2.827,-3.506
-3.045,-3.392
1.949,-3.513
0.585,1.072
-0.805,1.035
-1.36,0.921
-1.418,1.214
2.842,1.203
2.905,1.015
1.401,1.225
-2.998,0.368
3.089,-0.539
3.062,-0.358
2.039,-0.195
2.043,-1.147
2.088,0.187
1.969,-0.536
1.835,-0.77
2.448,-0.597
2.023,-2.118
1.85,-1.955
-0.221,1.226
1.942,0.667
-0.029,-0.111
-0.076,0.687
-0.121,1.861
-0.124,2.988
-0.068,2.983
-0.148,3.071
-0.169,0.737
-0.078,3.276
-0.268,1.759
-0.266,1.355
-0.204,1.729
-0.3,0.562
-0.352,2.148
-0.302,-0.208
-0.412,0.358
-0.439,1.946
-0.466,0.14
-0.5,-0.028
-0.534,2.118
-0.468,1.461
-0.529,0.175
-0.612,3.029
-0.641,0.888
-0.666,3.185
-0.621,0.805
-0.658,0.743
-0.714,2.132
-0.761,1.564
-0.793,-0.182
-0.767,2.734
-0.963,2.308
-0.915,0.862
-1.046,0.391
-1.013,2.487
-1.089,1.493
-1.031,2.905
-1.061,-0.624
-1.167,1.485
-1.189,0.046
-1.191,0.016
-1.346,0.201
-1.329,1.278
-1.309,1.064
-1.352,0.265
-1.622,2.055
-1.833,1.152
-1.998,2.632
-1.974,0.491
-2.063,0.189
-2.076,1.145
-2.161,3.292
-2.214,3.143
-2.242,3.42
-2.25,1.677
-2.327,2.363
-2.335,-0.494
-2.335,2.899
-2.633,2.855
-2.568,2.832
-2.664,2.439
-2.712,1.099
-2.758,2.916
-2.826,-0.407
-2.824,2.774
-2.782,0.672
-2.871,1.801
-2.915,1.244
-2.934,0.142
-2.962,-0.314
-2.95,-0.067
-3.068,0.558
-3.08,0.085
-3.023,0.649
-3.034,2.202
-3.102,2.758
-3.051,2.473
3.126,0.395
3.134,0.818
3.103,1.168
3.08,2.77
3.045,0.332
3.103,2.685
3.052,1.369
2.876,2.302
2.7,1.906
2.745,0.26
2.711,1.341
2.625,2.961
2.559,3.032
2.536,2.483
2.484,1.54
2.461,3.051
2.433,2.245
2.456,0.846
2.434,1.006
2.429,2.136
2.377,2.427
2.425,3.21
2.349,1.132
2.385,-0.33
2.387,0.605
2.227,0.931
2.199,2.187
2.184,1.981
2.13,-0.498
1.911,0.58
1.8,0.231
1.739,1.273
1.648,2.399
1.712,-0.493
1.574,-0.345
1.542,-0.224
1.504,1.413
1.56,2.317
1.431,0.195
0.893,-1.042
0.745,-0.644
-0.14,-0.899
-0.301,-0.711
-0.635,-0.737
-0.755,-0.951
-1.505,-0.832
-2.043,-0.915
-3.078,-0.763
2.836,-0.713
2.63,-1.025
2.302,-1.138
2.357,-0.987
1.983,-0.835
1.982,-0.754
0.388,3.58
0.103,3.72
-0.474,3.333
-0.716,3.733
-0.888,3.557
-1.02,3.491
-2.13,3.619
-3.02,3.611
2.275,3.405
2.233,3.771
2.027,3.722
2.019,3.514
-2.71,1.299
-2.841,2.81
2.133,2.791
1.993,-0.058
1.229,0.463
1.193,0.474
0.728,0.314
0.52,1.916
0.469,1.207
0.268,0.483
0.327,0.688
0.214,1.552
0.188,0.704
0.138,1.93
0.127,1.942
0.066,3.355
-0.18,-0.435
-0.056,1.023
-0.089,2.089
-0.338,-0.443
-0.275,3.118
-0.467,0.436
-0.437,2.397
-0.422,-0.362
-0.481,1.284
-0.551,-0.081
-0.702,2.912
-0.755,1.201
-0.884,0.381
-0.952,0.108
-0.991,-0.385
-1.044,1.72
-1.314,2.885
-1.259,1.943
-1.27,1.646
-1.369,1.692
-1.592,-0.657
-1.534,0.681
-1.697,1.059
-1.795,0.663
-1.828,-0.292
-1.892,1.99
-1.937,3.028
-2.158,0.72
-2.089,1.038
-2.268,2.066
-2.277,2.067
-2.245,-0.674
-2.266,3.054
-2.401,1.968
-2.448,2.342
-2.501,1.327
-2.49,0.605
-2.552,0.487
-2.587,3.274
-2.709,2.307
-2.752,1.921
-2.672,1.907
-2.832,-0.323
-2.922,2.934
-2.906,2.83
-3.139,0.501
-3.069,3.213
-3.121,0.679
3.056,1.518
3.117,0.804
3.02,0.819
3.03,1.543
2.887,0.801
2.964,3.076
2.838,-0.074
2.718,0.317
2.604,1.529
2.578,2.0
2.594,1.75
2.555,0.893
2.655,1.28
2.544,2.953
2.54,1.846
2.395,1.469
2.452,3.28
2.316,0.91
2.427,-0.239
2.384,0.847
2.037,1.188
1.652,2.973
1.737,0.769
1.723,-0.163
1.456,-0.282
0.769,-0.997
0.135,-0.751
0.285,-0.981
-0.282,-0.978
-0.296,-0.966
-0.815,-1.026
-0.754,-0.81
-2.25,-0.946
-2.826,-1.085
-3.044,-0.971
1.95,-1.092
0.586,3.493
-0.804,3.456
-1.359,3.342
-1.417,3.635
2.843,3.624
2.906,3.436
1.402,3.646
-2.997,2.789
3.09,1.882
3.063,2.063
2.04,2.226
2.044,1.274
2.089,2.608
1.97,1.885
1.836,1.651
2.449,1.824
2.024,0.303
1.851,0.466
-0.22,3.647
1.943,3.088
-0.047,0.798
-0.092,1.972
-0.095,3.099
-0.039,3.094
-0.119,3.182
-0.14,0.848
-0.049,3.387
-0.239,1.87
-0.237,1.466
-0.175,1.84
-0.271,0.673
-0.323,2.259
-0.273,-0.097
-0.383,0.469
-0.41,2.057
-0.437,0.251
-0.471,0.083
-0.505,2.229
-0.439,1.572
-0.5,0.286
-0.583,3.14
-0.612,0.999
-0.637,3.296
-0.592,0.916
-0.629,0.854
-0.685,2.243
-0.732,1.675
-0.764,-0.071
-0.738,2.845
-0.934,2.419
-0.886,0.973
-1.017,0.502
-0.984,2.598
-1.06,1.604
-1.002,3.016
-1.032,-0.513
-1.138,1.596
-1.16,0.157
-1.162,0.127
-1.317,0.312
-1.3,1.389
-1.28,1.175
-1.323,0.376
-1.593,2.166
-1.804,1.263
-1.969,2.743
-1.945,0.602
-2.034,0.3
-2.047,1.256
-2.132,3.403
-2.185,3.254
-2.213,3.531
-2.221,1.788
-2.298,2.474
-2.306,-0.383
-2.306,3.01
-2.604,2.966
-2.539,2.943
-2.635,2.55
-2.683,1.21
-2.729,3.027
-2.797,-0.296
-2.795,2.885
-2.753,0.783
-2.842,1.912
-2.886,1.355
-2.905,0.253
-2.933,-0.203
-2.921,0.044
-3.039,0.669
-3.051,0.196
-2.994,0.76
-3.005,2.313
-3.073,2.869
-3.022,2.584
-3.128,0.506
-3.12,0.929
3.132,1.279
3.109,2.881
3.074,0.443
3.132,2.796
3.081,1.48
2.905,2.413
2.729,2.017
2.774,0.371
2.74,1.452
2.654,3.072
2.588,3.143
2.565,2.594
2.513,1.651
2.49,3.162
2.462,2.356
2.485,0.957
2.463,1.117
2.458,2.247
2.406,2.538
2.454,3.321
2.378,1.243
2.414,-0.219
2.416,0.716
2.256,1.042
2.228,2.298
2.213,2.092
2.159,-0.387
1.94,0.691
1.829,0.342
1.768,1.384
1.677,2.51
1.741,-0.382
1.603,-0.234
1.571,-0.113
1.533,1.524
1.589,2.428
1.46,0.306
0.922,-0.931
0.774,-0.533
-0.111,-0.788
-0.272,-0.6
-0.606,-0.626
-0.726,-0.84
-1.476,-0.721
-2.014,-0.804
-3.049,-0.652
2.865,-0.602
2.659,-0.914
2.331,-1.027
2.386,-0.876
2.012,-0.724
2.011,-0.643
0.417,3.691
0.132,3.831
-0.445,3.444
-0.687,3.844
-0.859,3.668
-0.991,3.602
-2.101,3.73
-2.991,3.722
2.304,3.516
2.262,3.882
2.056,3.833
2.048,3.625
-2.681,1.41
-2.812,2.921
2.162,2.902
2.022,0.053
1.258,0.574
1.222,0.585
0.757,0.425
0.549,2.027
0.498,1.318
0.297,0.594
0.356,0.799
0.243,1.663
0.217,0.815
0.167,2.041
0.156,2.053
0.095,3.466
-0.151,-0.324
-0.027,1.134
-0.06,2.2
-0.309,-0.332
-0.246,3.229
-0.438,0.547
-0.408,2.508
-0.393,-0.251
-0.452,1.395
-0.522,0.03
-0.673,3.023
-0.726,1.312
-0.855,0.492
-0.923,0.219
-0.962,-0.274
-1.015,1.831
-1.285,2.996
-1.23,2.054
-1.241,1.757
-1.34,1.803
-1.563,-0.546
-1.505,0.792
-1.668,1.17
-1.766,0.774
-1.799,-0.181
-1.863,2.101
-1.908,3.139
-2.129,0.831
-2.06,1.149
-2.239,2.177
-2.248,2.178
-2.216,-0.563
-2.237,3.165
-2.372,2.079
-2.419,2.453
-2.472,1.438
-2.461,0.716
-2.523,0.598
-2.558,3.385
-2.68,2.418
-2.723,2.032
-2.643,2.018
-2.803,-0.212
-2.893,3.045
-2.877,2.941
-3.11,0.612
-3.04,3.324
-3.092,0.79
3.085,1.629
-3.137,0.915
3.049,0.93
3.059,1.654
2.916,0.912
2.993,3.187
2.867,0.037
2.747,0.428
2.633,1.64
2.607,2.111
2.623,1.861
2.584,1.004
2.684,1.391
2.573,3.064
2.569,1.957
2.424,1.58
2.481,3.391
2.345,1.021
2.456,-0.128
2.413,0.958
2.066,1.299
1.681,3.084
1.766,0.88
1.752,-0.052
1.485,-0.171
0.798,-0.886
0.164,-0.64
0.314,-0.87
-0.253,-0.867
-0.267,-0.855
-0.786,-0.915
-0.725,-0.699
-2.221,-0.835
-2.797,-0.974
-3.015,-0.86
1.979,-0.981
0.615,3.604
-0.775,3.567
-1.33,3.453
-1.388,3.746
2.872,3.735
2.935,3.547
1.431,3.757
-2.968,2.9
3.119,1.993
3.092,2.174
2.069,2.337
2.073,1.385
2.118,2.719
1.999,1.996
1.865,1.762
2.478,1.935
2.053,0.414
1.88,0.577
-0.191,3.758
1.972,3.199
-0.045,1.174
-0.048,2.301
0.008,2.296
-0.072,2.384
-0.093,0.05
-0.002,2.589
-0.192,1.072
-0.19,0.668
-0.128,1.042
-0.224,-0.125
-0.276,1.461
-0.226,-0.895
-0.336,-0.329
-0.363,1.259
-0.39,-0.547
-0.424,-0.715
-0.458,1.431
-0.392,0.774
-0.453,-0.512
-0.536,2.342
-0.565,0.201
-0.59,2.498
-0.545,0.118
-0.582,0.056
-0.638,1.445
-0.685,0.877
-0.717,-0.869
-0.691,2.047
-0.887,1.621
-0.839,0.175
-0.97,-0.296
-0.937,1.8
-1.013,0.806
-0.955,2.218
-0.985,-1.311
-1.091,0.798
-1.113,-0.641
-1.115,-0.671
-1.27,-0.486
-1.253,0.591
-1.233,0.377
-1.276,-0.422
-1.546,1.368
-1.757,0.465
-1.922,1.945
-1.898,-0.196
-1.987,-0.498
-2.0,0.458
-2.085,2.605
-2.138,2.456
-2.166,2.733
-2.174,0.99
-2.251,1.676
-2.259,-1.181
-2.259,2.212
-2.557,2.168
-2.492,2.145
-2.588,1.752
-2.636,0.412
-2.682,2.229
-2.75,-1.094
-2.748,2.087
-2.706,-0.015
-2.795,1.114
-2.839,0.557
-2.858,-0.545
-2.886,-1.001
-2.874,-0.754
-2.992,-0.129
-3.004,-0.602
-2.947,-0.038
-2.958,1.515
-3.026,2.071
-2.975,1.786
-3.081,-0.292
-3.073,0.131
-3.104,0.481
-3.127,2.083
3.121,-0.355
-3.104,1.998
3.128,0.682
2.952,1.615
2.776,1.219
2.821,-0.427
2.787,0.654
2.701,2.274
2.635,2.345
2.612,1.796
2.56,0.853
2.537,2.364
2.509,1.558
2.532,0.159
2.51,0.319
2.505,1.449
2.453,1.74
2.501,2.523
2.425,0.445
2.461,-1.017
2.463,-0.082
2.303,0.244
2.275,1.5
2.26,1.294
2.206,-1.185
1.987,-0.107
1.876,-0.456
1.815,0.586
1.724,1.712
1.788,-1.18
1.65,-1.032
1.618,-0.911
1.58,0.726
1.636,1.63
1.507,-0.492
0.969,-1.729
0.821,-1.331
-0.064,-1.586
-0.225,-1.398
-0.559,-1.424
-0.679,-1.638
-1.429,-1.519
-1.967,-1.602
-3.002,-1.45
2.912,-1.4
2.706,-1.712
2.378,-1.825
2.433,-1.674
2.059,-1.522
2.058,-1.441
0.464,2.893
0.179,3.033
-0.398,2.646
-0.64,3.046
-0.812,2.87
-0.944,2.804
-2.054,2.932
-2.944,2.924
2.351,2.718
2.309,3.084
2.103,3.035
2.095,2.827
-2.634,0.612
-2.765,2.123
2.209,2.104
2.069,-0.745
1.305,-0.224
1.269,-0.213
0.804,-0.373
0.596,1.229
0.545,0.52
0.344,-0.204
0.403,0.001
0.29,0.865
0.264,0.017
0.214,1.243
0.203,1.255
0.142,2.668
-0.104,-1.122
0.02,0.336
-0.013,1.402
-0.262,-1.13
-0.199,2.431
-0.391,-0.251
-0.361,1.71
-0.346,-1.049
-0.405,0.597
-0.475,-0.768
-0.626,2.225
-0.679,0.514
-0.808,-0.306
-0.876,-0.579
-0.915,-1.072
-0.968,1.033
-1.238,2.198
-1.183,1.256
-1.194,0.959
-1.293,1.005
-1.516,-1.344
-1.458,-0.006
-1.621,0.372
-1.719,-0.024
-1.752,-0.979
-1.816,1.303
-1.861,2.341
-2.082,0.033
-2.013,0.351
-2.192,1.379
-2.201,1.38
-2.169,-1.361
-2.19,2.367
-2.325,1.281
-2.372,1.655
-2.425,0.64
-2.414,-0.082
-2.476,-0.2
-2.511,2.587
-2.633,1.62
-2.676,1.234
-2.596,1.22
-2.756,-1.01
-2.846,2.247
-2.83,2.143
-3.063,-0.186
-2.993,2.526
-3.045,-0.008
3.132,0.831
-3.09,0.117
3.096,0.132
3.106,0.856
2.963,0.114
3.04,2.389
2.914,-0.761
2.794,-0.37
2.68,0.842
2.654,1.313
2.67,1.063
2.631,0.206
2.731,0.593
2.62,2.266
2.616,1.159
2.471,0.782
2.528,2.593
2.392,0.223
2.503,-0.926
2.46,0.16
2.113,0.501
1.728,2.286
1.813,0.082
1.799,-0.85
1.532,-0.969
0.845,-1.684
0.211,-1.438
0.361,-1.668
-0.206,-1.665
-0.22,-1.653
-0.739,-1.713
-0.678,-1.497
-2.174,-1.633
-2.75,-1.772
-2.968,-1.658
2.026,-1.779
0.662,2.806
-0.728,2.769
-1.283,2.655
-1.341,2.948
2.919,2.937
2.982,2.749
1.478,2.959
-2.921,2.102
-3.117,1.195
3.139,1.376
2.116,1.539
2.12,0.587
2.165,1.921
2.046,1.198
1.912,0.964
2.525,1.137
2.1,-0.384
1.927,-0.221
-0.144,2.96
2.019,2.401
-0.003,1.127
0.053,1.122
-0.027,1.21
-0.048,-1.124
0.043,1.415
-0.147,-0.102
-0.145,-0.506
-0.083,-0.132
-0.179,-1.299
-0.231,0.287
-0.181,-2.069
-0.291,-1.503
-0.318,0.085
-0.345,-1.721
-0.379,-1.889
-0.413,0.257
-0.347,-0.4
-0.408,-1.686
-0.491,1.168
-0.52,-0.973
-0.545,1.324
-0.5,-1.056
-0.537,-1.118
-0.593,0.271
-0.64,-0.297
-0.672,-2.043
-0.646,0.873
-0.842,0.447
-0.794,-0.999
-0.925,-1.47
-0.892,0.626
-0.968,-0.368
-0.91,1.044
-0.94,-2.485
-1.046,-0.376
-1.068,-1.815
-1.07,-1.845
-1.225,-1.66
-1.208,-0.583
-1.188,-0.797
-1.231,-1.596
-1.501,0.194
-1.712,-0.709
-1.877,0.771
-1.853,-1.37
-1.942,-1.672
-1.955,-0.716
-2.04,1.431
-2.093,1.282
-2.121,1.559
-2.129,-0.184
-2.206,0.502
-2.214,-2.355
-2.214,1.038
-2.512,0.994
-2.447,0.971
-2.543,0.578
-2.591,-0.762
-2.637,1.055
-2.705,-2.268
-2.703,0.913
-2.661,-1.189
-2.75,-0.06
-2.794,-0.617
-2.813,-1.719
-2.841,-2.175
-2.829,-1.928
-2.947,-1.303
-2.959,-1.776
-2.902,-1.212
-2.913,0.341
-2.981,0.897
-2.93,0.612
-3.036,-1.466
-3.028,-1.043
-3.059,-0.693
-3.082,0.909
-3.117,-1.529
-3.059,0.824
-3.11,-0.492
2.997,0.441
2.821,0.045
2.866,-1.601
2.832,-0.52
2.746,1.1
2.68,1.171
2.657,0.622
2.605,-0.321
2.582,1.19
2.554,0.384
2.577,-1.015
2.555,-0.855
2.55,0.275
2.498,0.566
2.546,1.349
2.47,-0.729
2.506,-2.191
2.508,-1.256
2.348,-0.93
2.32,0.326
2.305,0.12
2.251,-2.359
2.032,-1.281
1.921,-1.63
1.86,-0.588
1.769,0.538
1.833,-2.354
1.695,-2.206
1.663,-2.085
1.625,-0.448
1.681,0.456
1.552,-1.666
1.014,-2.903
0.866,-2.505
-0.019,-2.76
-0.18,-2.572
-0.514,-2.598
-0.634,-2.812
-1.384,-2.693
-1.922,-2.776
-2.957,-2.624
2.957,-2.574
2.751,-2.886
2.423,-2.999
2.478,-2.848
2.104,-2.696
2.103,-2.615
0.509,1.719
0.224,1.859
-0.353,1.472
-0.595,1.872
-0.767,1.696
-0.899,1.63
-2.009,1.758
-2.899,1.75
2.396,1.544
2.354,1.91
2.148,1.861
2.14,1.653
-2.589,-0.562
-2.72,0.949
2.254,0.93
2.114,-1.919
1.35,-1.398
1.314,-1.387
0.849,-1.547
0.641,0.055
0.59,-0.654
0.389,-1.378
0.448,-1.173
0.335,-0.309
0.309,-1.157
0.259,0.069
0.248,0.081
0.187,1.494
-0.059,-2.296
0.065,-0.838
0.032,0.228
-0.217,-2.304
-0.154,1.257
-0.346,-1.425
-0.316,0.536
-0.301,-2.223
-0.36,-0.577
-0.43,-1.942
-0.581,1.051
-0.634,-0.66
-0.763,-1.48
-0.831,-1.753
-0.87,-2.246
-0.923,-0.141
-1.193,1.024
-1.138,0.082
-1.149,-0.215
-1.248,-0.169
-1.471,-2.518
-1.413,-1.18
-1.576,-0.802
-1.674,-1.198
-1.707,-2.153
-1.771,0.129
-1.816,1.167
-2.037,-1.141
-1.968,-0.823
-2.147,0.205
-2.156,0.206
-2.124,-2.535
-2.145,1.193
-2.28,0.107
-2.327,0.481
-2.38,-0.534
-2.369,-1.256
-2.431,-1.374
-2.466,1.413
-2.588,0.446
-2.631,0.06
-2.551,0.046
-2.711,-2.184
-2.801,1.073
-2.785,0.969
-3.018,-1.36
-2.948,1.352
-3.0,-1.182
-3.106,-0.343
-3.045,-1.057
3.141,-1.042
-3.132,-0.318
3.008,-1.06
3.085,1.215
2.959,-1.935
2.839,-1.544
2.725,-0.332
2.699,0.139
2.715,-0.111
2.676,-0.968
2.776,-0.581
2.665,1.092
2.661,-0.015
2.516,-0.392
2.573,1.419
2.437,-0.951
2.548,-2.1
2.505,-1.014
2.158,-0.673
1.773,1.112
1.858,-1.092
1.844,-2.024
1.577,-2.143
0.89,-2.858
0.256,-2.612
0.406,-2.842
-0.161,-2.839
-0.175,-2.827
-0.694,-2.887
-0.633,-2.671
-2.129,-2.807
-2.705,-2.946
-2.923,-2.832
2.071,-2.953
0.707,1.632
-0.683,1.595
-1.238,1.481
-1.296,1.774
2.964,1.763
3.027,1.575
1.523,1.785
-2.876,0.928
-3.072,0.021
-3.099,0.202
2.161,0.365
2.165,-0.587
2.21,0.747
2.091,0.024
1.957,-0.21
2.57,-0.037
2.145,-1.558
1.972,-1.395
-0.099,1.786
2.064,1.227
0.056,-0.005
-0.024,0.083
-0.045,-2.251
0.046,0.288
-0.144,-1.229
-0.142,-1.633
-0.08,-1.259
-0.176,-2.426
-0.228,-0.84
-0.178,-3.196
-0.288,-2.63
-0.315,-1.042
-0.342,-2.848
-0.376,-3.016
-0.41,-0.87
-0.344,-1.527
-0.405,-2.813
-0.488,0.041
-0.517,-2.1
-0.542,0.197
-0.497,-2.183
-0.534,-2.245
-0.59,-0.856
-0.637,-1.424
-0.669,-3.17
-0.643,-0.254
-0.839,-0.68
-0.791,-2.126
-0.922,-2.597
-0.889,-0.501
-0.965,-1.495
-0.907,-0.083
-0.937,-3.612
-1.043,-1.503
-1.065,-2.942
-1.067,-2.972
-1.222,-2.787
-1.205,-1.71
-1.185,-1.924
-1.228,-2.723
-1.498,-0.933
-1.709,-1.836
-1.874,-0.356
-1.85,-2.497
-1.939,-2.799
-1.952,-1.843
-2.037,0.304
-2.09,0.155
-2.118,0.432
-2.126,-1.311
-2.203,-0.625
-2.211,-3.482
-2.211,-0.089
-2.509,-0.133
-2.444,-0.156
-2.54,-0.549
-2.588,-1.889
-2.634,-0.072
-2.702,-3.395
-2.7,-0.214
-2.658,-2.316
-2.747,-1.187
-2.791,-1.744
-2.81,-2.846
-2.838,-3.302
-2.826,-3.055
-2.944,-2.43
-2.956,-2.903
-2.899,-2.339
-2.91,-0.786
-2.978,-0.23
-2.927,-0.515
-3.033,-2.593
-3.025,-2.17
-3.056,-1.82
-3.079,-0.218
-3.114,-2.656
-3.056,-0.303
-3.107,-1.619
3.0,-0.686
2.824,-1.082
2.869,-2.728
2.835,-1.647
2.749,-0.027
2.683,0.044
2.66,-0.505
2.608,-1.448
2.585,0.063
2.557,-0.743
2.58,-2.142
2.558,-1.982
2.553,-0.852
2.501,-0.561
2.549,0.222
2.473,-1.856
2.509,-3.318
2.511,-2.383
2.351,-2.057
2.323,-0.801
2.308,-1.007
2.254,-3.486
2.035,-2.408
1.924,-2.757
1.863,-1.715
1.772,-0.589
1.836,-3.481
1.698,-3.333
1.666,-3.212
1.628,-1.575
1.684,-0.671
1.555,-2.793
1.017,-4.03
0.869,-3.632
-0.016,-3.887
-0.177,-3.699
-0.511,-3.725
-0.631,-3.939
-1.381,-3.82
-1.919,-3.903
-2.954,-3.751
2.96,-3.701
2.754,-4.013
2.426,-4.126
2.481,-3.975
2.107,-3.823
2.106,-3.742
0.512,0.592
0.227,0.732
-0.35,0.345
-0.592,0.745
-0.764,0.569
-0.896,0.503
-2.006,0.631
-2.896,0.623
2.399,0.417
2.357,0.783
2.151,0.734
2.143,0.526
-2.586,-1.689
-2.717,-0.178
2.257,-0.197
2.117,-3.046
1.353,-2.525
1.317,-2.514
0.852,-2.674
0.644,-1.072
0.593,-1.781
0.392,-2.505
0.451,-2.3
0.338,-1.436
0.312,-2.284
0.262,-1.058
0.251,-1.046
0.19,0.367
-0.056,-3.423
0.068,-1.965
0.035,-0.899
-0.214,-3.431
-0.151,0.13
-0.343,-2.552
-0.313,-0.591
-0.298,-3.35
-0.357,-1.704
-0.427,-3.069
-0.578,-0.076
-0.631,-1.787
-0.76,-2.607
-0.828,-2.88
-0.867,-3.373
-0.92,-1.268
-1.19,-0.103
-1.135,-1.045
-1.146,-1.342
-1.245,-1.296
-1.468,-3.645
-1.41,-2.307
-1.573,-1.929
-1.671,-2.325
-1.704,-3.28
-1.768,-0.998
-1.813,0.04
-2.034,-2.268
-1.965,-1.95
-2.144,-0.922
-2.153,-0.921
-2.121,-3.662
-2.142,0.066
-2.277,-1.02
-2.324,-0.646
-2.377,-1.661
-2.366,-2.383
-2.428,-2.501
-2.463,0.286
-2.585,-0.681
-2.628,-1.067
-2.548,-1.081
-2.708,-3.311
-2.798,-0.054
-2.782,-0.158
-3.015,-2.487
-2.945,0.225
-2.997,-2.309
-3.103,-1.47
-3.042,-2.184
-3.139,-2.169
-3.129,-1.445
3.011,-2.187
3.088,0.088
2.962,-3.062
2.842,-2.671
2.728,-1.459
2.702,-0.988
2.718,-1.238
2.679,-2.095
2.779,-1.708
2.668,-0.035
2.664,-1.142
2.519,-1.519
2.576,0.292
2.44,-2.078
2.551,-3.227
2.508,-2.141
2.161,-1.8
1.776,-0.015
1.861,-2.219
1.847,-3.151
1.58,-3.27
0.893,-3.985
0.259,-3.739
0.409,-3.969
-0.158,-3.966
-0.172,-3.954
-0.691,-4.014
-0.63,-3.798
-2.126,-3.934
-2.702,-4.073
-2.92,-3.959
2.074,-4.08
0.71,0.505
-0.68,0.468
-1.235,0.354
-1.293,0.647
2.967,0.636
3.03,0.448
1.526,0.658
-2.873,-0.199
-3.069,-1.106
-3.096,-0.925
2.164,-0.762
2.168,-1.714
2.213,-0.38
2.094,-1.103
1.96,-1.337
2.573,-1.164
2.148,-2.685
1.975,-2.522
-0.096,0.659
2.067,0.1
-0.08,0.088
-0.101,-2.246
-0.01,0.293
-0.2,-1.224
-0.198,-1.628
-0.136,-1.254
-0.232,-2.421
-0.284,-0.835
-0.234,-3.191
-0.344,-2.625
-0.371,-1.037
-0.398,-2.843
-0.432,-3.011
-0.466,-0.865
-0.4,-1.522
-0.461,-2.808
-0.544,0.046
-0.573,-2.095
-0.598,0.202
-0.553,-2.178
-0.59,-2.24
-0.646,-0.851
-0.693,-1.419
-0.725,-3.165
-0.699,-0.249
-0.895,-0.675
-0.847,-2.121
-0.978,-2.592
-0.945,-0.496
-1.021,-1.49
-0.963,-0.078
-0.993,-3.607
-1.099,-1.498
-1.121,-2.937
-1.123,-2.967
-1.278,-2.782
-1.261,-1.705
-1.241,-1.919
-1.284,-2.718
-1.554,-0.928
-1.765,-1.831
-1.93,-0.351
-1.906,-2.492
-1.995,-2.794
-2.008,-1.838
-2.093,0.309
-2.146,0.16
-2.174,0.437
-2.182,-1.306
-2.259,-0.62
-2.267,-3.477
-2.267,-0.084
-2.565,-0.128
-2.5,-0.151
-2.596,-0.544
-2.644,-1.884
-2.69,-0.067
-2.758,-3.39
-2.756,-0.209
-2.714,-2.311
-2.803,-1.182
-2.847,-1.739
-2.866,-2.841
-2.894,-3.297
-2.882,-3.05
-3.0,-2.425
-3.012,-2.898
-2.955,-2.334
-2.966,-0.781
-3.034,-0.225
-2.983,-0.51
-3.089,-2.588
-3.081,-2.165
-3.112,-1.815
-3.135,-0.213
3.113,-2.651
-3.112,-0.298
3.12,-1.614
2.944,-0.681
2.768,-1.077
2.813,-2.723
2.779,-1.642
2.693,-0.022
2.627,0.049
2.604,-0.5
2.552,-1.443
2.529,0.068
2.501,-0.738
2.524,-2.137
2.502,-1.977
2.497,-0.847
2.445,-0.556
2.493,0.227
2.417,-1.851
2.453,-3.313
2.455,-2.378
2.295,-2.052
2.267,-0.796
2.252,-1.002
2.198,-3.481
1.979,-2.403
1.868,-2.752
1.807,-1.71
1.716,-0.584
1.78,-3.476
1.642,-3.328
1.61,-3.207
1.572,-1.57
1.628,-0.666
1.499,-2.788
0.961,-4.025
0.813,-3.627
-0.072,-3.882
-0.233,-3.694
-0.567,-3.72
-0.687,-3.934
-1.437,-3.815
-1.975,-3.898
-3.01,-3.746
2.904,-3.696
2.698,-4.008
2.37,-4.121
2.425,-3.97
2.051,-3.818
2.05,-3.737
0.456,0.597
0.171,0.737
-0.406,0.35
-0.648,0.75
-0.82,0.574
-0.952,0.508
-2.062,0.636
-2.952,0.628
2.343,0.422
2.301,0.788
2.095,0.739
2.087,0.531
-2.642,-1.684
-2.773,-0.173
2.201,-0.192
2.061,-3.041
1.297,-2.52
1.261,-2.509
0.796,-2.669
0.588,-1.067
0.537,-1.776
0.336,-2.5
0.395,-2.295
0.282,-1.431
0.256,-2.279
0.206,-1.053
0.195,-1.041
0.134,0.372
-0.112,-3.418
0.012,-1.96
-0.021,-0.894
-0.27,-3.426
-0.207,0.135
-0.399,-2.547
-0.369,-0.586
-0.354,-3.345
-0.413,-1.699
-0.483,-3.064
-0.634,-0.071
-0.687,-1.782
-0.816,-2.602
-0.884,-2.875
-0.923,-3.368
-0.976,-1.263
-1.246,-0.098
-1.191,-1.04
-1.202,-1.337
-1.301,-1.291
-1.524,-3.64
-1.466,-2.302
-1.629,-1.924
-1.727,-2.32
-1.76,-3.275
-1.824,-0.993
-1.869,0.045
-2.09,-2.263
-2.021,-1.945
-2.2,-0.917
-2.209,-0.916
-2.177,-3.657
-2.198,0.071
-2.333,-1.015
-2.38,-0.641
-2.433,-1.656
-2.422,-2.378
-2.484,-2.496
-2.519,0.291
-2.641,-0.676
-2.684,-1.062
-2.604,-1.076
-2.764,-3.306
-2.854,-0.049
-2.838,-0.153
-3.071,-2.482
-3.001,0.23
-3.053,-2.304
3.124,-1.465
-3.098,-2.179
3.088,-2.164
3.098,-1.44
2.955,-2.182
3.032,0.093
2.906,-3.057
2.786,-2.666
2.672,-1.454
2.646,-0.983
2.662,-1.233
2.623,-2.09
2.723,-1.703
2.612,-0.03
2.608,-1.137
2.463,-1.514
2.52,0.297
2.384,-2.073
2.495,-3.222
2.452,-2.136
2.105,-1.795
1.72,-0.01
1.805,-2.214
1.791,-3.146
1.524,-3.265
0.837,-3.98
0.203,-3.734
0.353,-3.964
-0.214,-3.961
-0.228,-3.949
-0.747,-4.009
-0.686,-3.793
-2.182,-3.929
-2.758,-4.068
-2.976,-3.954
2.018,-4.075
0.654,0.51
-0.736,0.473
-1.291,0.359
-1.349,0.652
2.911,0.641
2.974,0.453
1.47,0.663
-2.929,-0.194
-3.125,-1.101
3.131,-0.92
2.108,-0.757
2.112,-1.709
2.157,-0.375
2.038,-1.098
1.904,-1.332
2.517,-1.159
2.092,-2.68
1.919,-2.517
-0.152,0.664
2.011,0.105
-0.021,-2.334
0.07,0.205
-0.12,-1.312
-0.118,-1.716
-0.056,-1.342
-0.152,-2.509
-0.204,-0.923
-0.154,-3.279
-0.264,-2.713
-0.291,-1.125
-0.318,-2.931
-0.352,-3.099
-0.386,-0.953
-0.32,-1.61
-0.381,-2.896
-0.464,-0.042
-0.493,-2.183
-0.518,0.114
-0.473,-2.266
-0.51,-2.328
-0.566,-0.939
-0.613,-1.507
-0.645,-3.253
-0.619,-0.337
-0.815,-0.763
-0.767,-2.209
-0.898,-2.68
-0.865,-0.584
-0.941,-1.578
-0.883,-0.166
-0.913,-3.695
-1.019,-1.586
-1.041,-3.025
-1.043,-3.055
-1.198,-2.87
-1.181,-1.793
-1.161,-2.007
-1.204,-2.806
-1.474,-1.016
-1.685,-1.919
-1.85,-0.439
-1.826,-2.58
-1.915,-2.882
-1.928,-1.926
-2.013,0.221
-2.066,0.072
-2.094,0.349
-2.102,-1.394
-2.179,-0.708
-2.187,-3.565
-2.187,-0.172
-2.485,-0.216
-2.42,-0.239
-2.516,-0.632
-2.564,-1.972
-2.61,-0.155
-2.678,-3.478
-2.676,-0.297
-2.634,-2.399
-2.723,-1.27
-2.767,-1.827
-2.786,-2.929
-2.814,-3.385
-2.802,-3.138
-2.92,-2.513
-2.932,-2.986
-2.875,-2.422
-2.886,-0.869
-2.954,-0.313
-2.903,-0.598
-3.009,-2.676
-3.001,-2.253
-3.032,-1.903
-3.055,-0.301
-3.09,-2.739
-3.032,-0.386
-3.083,-1.702
3.024,-0.769
2.848,-1.165
2.893,-2.811
2.859,-1.73
2.773,-0.11
2.707,-0.039
2.684,-0.588
2.632,-1.531
2.609,-0.02
2.581,-0.826
2.604,-2.225
2.582,-2.065
2.577,-0.935
2.525,-0.644
2.573,0.139
2.497,-1.939
2.533,-3.401
2.535,-2.466
2.375,-2.14
2.347,-0.884
2.332,-1.09
2.278,-3.569
2.059,-2.491
1.948,-2.84
1.887,-1.798
1.796,-0.672
1.86,-3.564
1.722,-3.416
1.69,-3.295
1.652,-1.658
1.708,-0.754
1.579,-2.876
1.041,-4.113
0.893,-3.715
0.008,-3.97
-0.153,-3.782
-0.487,-3.808
-0.607,-4.022
-1.357,-3.903
-1.895,-3.986
-2.93,-3.834
2.984,-3.784
2.778,-4.096
2.45,-4.209
2.505,-4.058
2.131,-3.906
2.13,-3.825
0.536,0.509
0.251,0.649
-0.326,0.262
-0.568,0.662
-0.74,0.486
-0.872,0.42
-1.982,0.548
-2.872,0.54
2.423,0.334
2.381,0.7
2.175,0.651
2.167,0.443
-2.562,-1.772
-2.693,-0.261
2.281,-0.28
2.141,-3.129
1.377,-2.608
1.341,-2.597
0.876,-2.757
0.668,-1.155
0.617,-1.864
0.416,-2.588
0.475,-2.383
0.362,-1.519
0.336,-2.367
0.286,-1.141
0.275,-1.129
0.214,0.284
-0.032,-3.506
0.092,-2.048
0.059,-0.982
-0.19,-3.514
-0.127,0.047
-0.319,-2.635
-0.289,-0.674
-0.274,-3.433
-0.333,-1.787
-0.403,-3.152
-0.554,-0.159
-0.607,-1.87
-0.736,-2.69
-0.804,-2.963
-0.843,-3.456
-0.896,-1.351
-1.166,-0.186
-1.111,-1.128
-1.122,-1.425
-1.221,-1.379
-1.444,-3.728
-1.386,-2.39
-1.549,-2.012
-1.647,-2.408
-1.68,-3.363
-1.744,-1.081
-1.789,-0.043
-2.01,-2.351
-1.941,-2.033
-2.12,-1.005
-2.129,-1.004
-2.097,-3.745
-2.118,-0.017
-2.253,-1.103
-2.3,-0.729
-2.353,-1.744
-2.342,-2.466
-2.404,-2.584
-2.439,0.203
-2.561,-0.764
-2.604,-1.15
-2.524,-1.164
-2.684,-3.394
-2.774,-0.137
-2.758,-0.241
-2.991,-2.57
-2.921,0.142
-2.973,-2.392
-3.079,-1.553
-3.018,-2.267
-3.115,-2.252
-3.105,-1.528
3.035,-2.27
3.112,0.005
2.986,-3.145
2.866,-2.754
2.752,-1.542
2.726,-1.071
2.742,-1.321
2.703,-2.178
2.803,-1.791
2.692,-0.118
2.688,-1.225
2.543,-1.602
2.6,0.209
2.464,-2.161
2.575,-3.31
2.532,-2.224
2.185,-1.883
1.8,-0.098
1.885,-2.302
1.871,-3.234
1.604,-3.353
0.917,-4.068
0.283,-3.822
0.433,-4.052
-0.134,-4.049
-0.148,-4.037
-0.667,-4.097
-0.606,-3.881
-2.102,-4.017
-2.678,-4.156
-2.896,-4.042
2.098,-4.163
0.734,0.422
-0.656,0.385
-1.211,0.271
-1.269,0.564
2.991,0.553
3.054,0.365
1.55,0.575
-2.849,-0.282
-3.045,-1.189
-3.072,-1.008
2.188,-0.845
2.192,-1.797
2.237,-0.463
2.118,-1.186
1.984,-1.42
2.597,-1.247
2.172,-2.768
1.999,-2.605
-0.072,0.576
2.091,0.017
0.091,2.539
-0.099,1.022
-0.097,0.618
-0.035,0.992
-0.131,-0.175
-0.183,1.411
-0.133,-0.945
-0.243,-0.379
-0.27,1.209
-0.297,-0.597
-0.331,-0.765
-0.365,1.381
-0.299,0.724
-0.36,-0.562
-0.443,2.292
-0.472,0.151
-0.497,2.448
-0.452,0.068
-0.489,0.006
-0.545,1.395
-0.592,0.827
-0.624,-0.919
-0.598,1.997
-0.794,1.571
-0.746,0.125
-0.877,-0.346
-0.844,1.75
-0.92,0.756
-0.862,2.168
-0.892,-1.361
-0.998,0.748
-1.02,-0.691
-1.022,-0.721
-1.177,-0.536
-1.16,0.541
-1.14,0.327
-1.183,-0.472
-1.453,1.318
-1.664,0.415
-1.829,1.895
-1.805,-0.246
-1.894,-0.548
-1.907,0.408
-1.992,2.555
-2.045,2.406
-2.073,2.683
-2.081,0.94
-2.158,1.626
-2.166,-1.231
-2.166,2.162
-2.464,2.118
-2.399,2.095
-2.495,1.702
-2.543,0.362
-2.589,2.179
-2.657,-1.144
-2.655,2.037
-2.613,-0.065
-2.702,1.064
-2.746,0.507
-2.765,-0.595
-2.793,-1.051
-2.781,-0.804
-2.899,-0.179
-2.911,-0.652
-2.854,-0.088
-2.865,1.465
-2.933,2.021
-2.882,1.736
-2.988,-0.342
-2.98,0.081
-3.011,0.431
-3.034,2.033
-3.069,-0.405
-3.011,1.948
-3.062,0.632
3.045,1.565
2.869,1.169
2.914,-0.477
2.88,0.604
2.794,2.224
2.728,2.295
2.705,1.746
2.653,0.803
2.63,2.314
2.602,1.508
2.625,0.109
2.603,0.269
2.598,1.399
2.546,1.69
2.594,2.473
2.518,0.395
2.554,-1.067
2.556,-0.132
2.396,0.194
2.368,1.45
2.353,1.244
2.299,-1.235
2.08,-0.157
1.969,-0.506
1.908,0.536
1.817,1.662
1.881,-1.23
1.743,-1.082
1.711,-0.961
1.673,0.676
1.729,1.58
1.6,-0.542
1.062,-1.779
0.914,-1.381
0.029,-1.636
-0.132,-1.448
-0.466,-1.474
-0.586,-1.688
-1.336,-1.569
-1.874,-1.652
-2.909,-1.5
3.005,-1.45
2.799,-1.762
2.471,-1.875
2.526,-1.724
2.152,-1.572
2.151,-1.491
0.557,2.843
0.272,2.983
-0.305,2.596
-0.547,2.996
-0.719,2.82
-0.851,2.754
-1.961,2.882
-2.851,2.874
2.444,2.668
2.402,3.034
2.196,2.985
2.188,2.777
-2.541,0.562
-2.672,2.073
2.302,2.054
2.162,-0.795
1.398,-0.274
1.362,-0.263
0.897,-0.423
0.689,1.179
0.638,0.47
0.437,-0.254
0.496,-0.049
0.383,0.815
0.357,-0.033
0.307,1.193
0.296,1.205
0.235,2.618
-0.011,-1.172
0.113,0.286
0.08,1.352
-0.169,-1.18
-0.106,2.381
-0.298,-0.301
-0.268,1.66
-0.253,-1.099
-0.312,0.547
-0.382,-0.818
-0.533,2.175
-0.586,0.464
-0.715,-0.356
-0.783,-0.629
-0.822,-1.122
-0.875,0.983
-1.145,2.148
-1.09,1.206
-1.101,0.909
-1.2,0.955
-1.423,-1.394
-1.365,-0.056
-1.528,0.322
-1.626,-0.074
-1.659,-1.029
-1.723,1.253
-1.768,2.291
-1.989,-0.017
-1.92,0.301
-2.099,1.329
-2.108,1.33
-2.076,-1.411
-2.097,2.317
-2.232,1.231
-2.279,1.605
-2.332,0.59
-2.321,-0.132
-2.383,-0.25
-2.418,2.537
-2.54,1.57
-2.583,1.184
-2.503,1.17
-2.663,-1.06
-2.753,2.197
-2.737,2.093
-2.97,-0.236
-2.9,2.476
-2.952,-0.058
-3.058,0.781
-2.997,0.067
-3.094,0.082
-3.084,0.806
3.056,0.064
3.133,2.339
3.007,-0.811
2.887,-0.42
2.773,0.792
2.747,1.263
2.763,1.013
2.724,0.156
2.824,0.543
2.713,2.216
2.709,1.109
2.564,0.732
2.621,2.543
2.485,0.173
2.596,-0.976
2.553,0.11
2.206,0.451
1.821,2.236
1.906,0.032
1.892,-0.9
1.625,-1.019
0.938,-1.734
0.304,-1.488
0.454,-1.718
-0.113,-1.715
-0.127,-1.703
-0.646,-1.763
-0.585,-1.547
-2.081,-1.683
-2.657,-1.822
-2.875,-1.708
2.119,-1.829
0.755,2.756
-0.635,2.719
-1.19,2.605
-1.248,2.898
3.012,2.887
3.075,2.699
1.571,2.909
-2.828,2.052
-3.024,1.145
-3.051,1.326
2.209,1.489
2.213,0.537
2.258,1.871
2.139,1.148
2.005,0.914
2.618,1.087
2.193,-0.434
2.02,-0.271
-0.051,2.91
2.112,2.351
-0.19,-1.517
-0.188,-1.921
-0.126,-1.547
-0.222,-2.714
-0.274,-1.128
-0.224,-3.484
-0.334,-2.918
-0.361,-1.33
-0.388,-3.136
-0.422,-3.304
-0.456,-1.158
-0.39,-1.815
-0.451,-3.101
-0.534,-0.247
-0.563,-2.388
-0.588,-0.091
-0.543,-2.471
-0.58,-2.533
-0.636,-1.144
-0.683,-1.712
-0.715,-3.458
-0.689,-0.542
-0.885,-0.968
-0.837,-2.414
-0.968,-2.885
-0.935,-0.789
-1.011,-1.783
-0.953,-0.371
-0.983,-3.9
-1.089,-1.791
-1.111,-3.23
-1.113,-3.26
-1.268,-3.075
-1.251,-1.998
-1.231,-2.212
-1.274,-3.011
-1.544,-1.221
-1.755,-2.124
-1.92,-0.644
-1.896,-2.785
-1.985,-3.087
-1.998,-2.131
-2.083,0.016
-2.136,-0.133
-2.164,0.144
-2.172,-1.599
-2.249,-0.913
-2.257,-3.77
-2.257,-0.377
-2.555,-0.421
-2.49,-0.444
-2.586,-0.837
-2.634,-2.177
-2.68,-0.36
-2.748,-3.683
-2.746,-0.502
-2.704,-2.604
-2.793,-1.475
-2.837,-2.032
-2.856,-3.134
-2.884,-3.59
-2.872,-3.343
-2.99,-2.718
-3.002,-3.191
-2.945,-2.627
-2.956,-1.074
-3.024,-0.518
-2.973,-0.803
-3.079,-2.881
-3.071,-2.458
-3.102,-2.108
-3.125,-0.506
3.123,-2.944
-3.102,-0.591
3.13,-1.907
2.954,-0.974
2.778,-1.37
2.823,-3.016
2.789,-1.935
2.703,-0.315
2.637,-0.244
2.614,-0.793
2.562,-1.736
2.539,-0.225
2.511,-1.031
2.534,-2.43
2.512,-2.27
2.507,-1.14
2.455,-0.849
2.503,-0.066
2.427,-2.144
2.463,-3.606
2.465,-2.671
2.305,-2.345
2.277,-1.089
2.262,-1.295
2.208,-3.774
1.989,-2.696
1.878,-3.045
1.817,-2.003
1.726,-0.877
1.79,-3.769
1.652,-3.621
1.62,-3.5
1.582,-1.863
1.638,-0.959
1.509,-3.081
0.971,-4.318
0.823,-3.92
-0.062,-4.175
-0.223,-3.987
-0.557,-4.013
-0.677,-4.227
-1.427,-4.108
-1.965,-4.191
-3.0,-4.039
2.914,-3.989
2.708,-4.301
2.38,-4.414
2.435,-4.263
2.061,-4.111
2.06,-4.03
0.466,0.304
0.181,0.444
-0.396,0.057
-0.638,0.457
-0.81,0.281
-0.942,0.215
-2.052,0.343
-2.942,0.335
2.353,0.129
2.311,0.495
2.105,0.446
2.097,0.238
-2.632,-1.977
-2.763,-0.466
2.211,-0.485
2.071,-3.334
1.307,-2.813
1.271,-2.802
0.806,-2.962
0.598,-1.36
0.547,-2.069
0.346,-2.793
0.405,-2.588
0.292,-1.724
0.266,-2.572
0.216,-1.346
0.205,-1.334
0.144,0.079
-0.102,-3.711
0.022,-2.253
-0.011,-1.187
-0.26,-3.719
-0.197,-0.158
-0.389,-2.84
-0.359,-0.879
-0.344,-3.638
-0.403,-1.992
-0.473,-3.357
-0.624,-0.364
-0.677,-2.075
-0.806,-2.895
-0.874,-3.168
-0.913,-3.661
-0.966,-1.556
-1.236,-0.391
-1.181,-1.333
-1.192,-1.63
-1.291,-1.584
-1.514,-3.933
-1.456,-2.595
-1.619,-2.217
-1.717,-2.613
-1.75,-3.568
-1.814,-1.286
-1.859,-0.248
-2.08,-2.556
-2.011,-2.238
-2.19,-1.21
-2.199,-1.209
-2.167,-3.95
-2.188,-0.222
-2.323,-1.308
-2.37,-0.934
-2.423,-1.949
-2.412,-2.671
-2.474,-2.789
-2.509,-0.002
-2.631,-0.969
-2.674,-1.355
-2.594,-1.369
-2.754,-3.599
-2.844,-0.342
-2.828,-0.446
-3.061,-2.775
-2.991,-0.063
-3.043,-2.597
3.134,-1.758
-3.088,-2.472
3.098,-2.457
3.108,-1.733
2.965,-2.475
3.042,-0.2
2.916,-3.35
2.796,-2.959
2.682,-1.747
2.656,-1.276
2.672,-1.526
2.633,-2.383
2.733,-1.996
2.622,-0.323
2.618,-1.43
2.473,-1.807
2.53,0.004
2.394,-2.366
2.505,-3.515
2.462,-2.429
2.115,-2.088
1.73,-0.303
1.815,-2.507
1.801,-3.439
1.534,-3.558
0.847,-4.273
0.213,-4.027
0.363,-4.257
-0.204,-4.254
-0.218,-4.242
-0.737,-4.302
-0.676,-4.086
-2.172,-4.222
-2.748,-4.361
-2.966,-4.247
2.028,-4.368
0.664,0.217
-0.726,0.18
-1.281,0.066
-1.339,0.359
2.921,0.348
2.984,0.16
1.48,0.37
-2.919,-0.487
-3.115,-1.394
3.141,-1.213
2.118,-1.05
2.122,-2.002
2.167,-0.668
2.048,-1.391
1.914,-1.625
2.527,-1.452
2.102,-2.973
1.929,-2.81
-0.142,0.371
2.021,-0.188
0.002,-0.404
0.064,-0.03
-0.032,-1.197
-0.084,0.389
-0.034,-1.967
-0.144,-1.401
-0.171,0.187
-0.198,-1.619
-0.232,-1.787
-0.266,0.359
-0.2,-0.298
-0.261,-1.584
-0.344,1.27
-0.373,-0.871
-0.398,1.426
-0.353,-0.954
-0.39,-1.016
-0.446,0.373
-0.493,-0.195
-0.525,-1.941
-0.499,0.975
-0.695,0.549
-0.647,-0.897
-0.778,-1.368
-0.745,0.728
-0.821,-0.266
-0.763,1.146
-0.793,-2.383
-0.899,-0.274
-0.921,-1.713
-0.923,-1.743
-1.078,-1.558
-1.061,-0.481
-1.041,-0.695
-1.084,-1.494
-1.354,0.296
-1.565,-0.607
-1.73,0.873
-1.706,-1.268
-1.795,-1.57
-1.808,-0.614
-1.893,1.533
-1.946,1.384
-1.974,1.661
-1.982,-0.082
-2.059,0.604
-2.067,-2.253
-2.067,1.14
-2.365,1.096
-2.3,1.073
-2.396,0.68
-2.444,-0.66
-2.49,1.157
-2.558,-2.166
-2.556,1.015
-2.514,-1.087
-2.603,0.042
-2.647,-0.515
-2.666,-1.617
-2.694,-2.073
-2.682,-1.826
-2.8,-1.201
-2.812,-1.674
-2.755,-1.11
-2.766,0.443
-2.834,0.999
-2.783,0.714
-2.889,-1.364
-2.881,-0.941
-2.912,-0.591
-2.935,1.011
-2.97,-1.427
-2.912,0.926
-2.963,-0.39
-3.139,0.543
2.968,0.147
3.013,-1.499
2.979,-0.418
2.893,1.202
2.827,1.273
2.804,0.724
2.752,-0.219
2.729,1.292
2.701,0.486
2.724,-0.913
2.702,-0.753
2.697,0.377
2.645,0.668
2.693,1.451
2.617,-0.627
2.653,-2.089
2.655,-1.154
2.495,-0.828
2.467,0.428
2.452,0.222
2.398,-2.257
2.179,-1.179
2.068,-1.528
2.007,-0.486
1.916,0.64
1.98,-2.252
1.842,-2.104
1.81,-1.983
1.772,-0.346
1.828,0.558
1.699,-1.564
1.161,-2.801
1.013,-2.403
0.128,-2.658
-0.033,-2.47
-0.367,-2.496
-0.487,-2.71
-1.237,-2.591
-1.775,-2.674
-2.81,-2.522
3.104,-2.472
2.898,-2.784
2.57,-2.897
2.625,-2.746
2.251,-2.594
2.25,-2.513
0.656,1.821
0.371,1.961
-0.206,1.574
-0.448,1.974
-0.62,1.798
-0.752,1.732
-1.862,1.86
-2.752,1.852
2.543,1.646
2.501,2.012
2.295,1.963
2.287,1.755
-2.442,-0.46
-2.573,1.051
2.401,1.032
2.261,-1.817
1.497,-1.296
1.461,-1.285
0.996,-1.445
0.788,0.157
0.737,-0.552
0.536,-1.276
0.595,-1.071
0.482,-0.207
0.456,-1.055
0.406,0.171
0.395,0.183
0.334,1.596
0.088,-2.194
0.212,-0.736
0.179,0.33
-0.07,-2.202
-0.007,1.359
-0.199,-1.323
-0.169,0.638
-0.154,-2.121
-0.213,-0.475
-0.283,-1.84
-0.434,1.153
-0.487,-0.558
-0.616,-1.378
-0.684,-1.651
-0.723,-2.144
-0.776,-0.039
-1.046,1.126
-0.991,0.184
-1.002,-0.113
-1.101,-0.067
-1.324,-2.416
-1.266,-1.078
-1.429,-0.7
-1.527,-1.096
-1.56,-2.051
-1.624,0.231
-1.669,1.269
-1.89,-1.039
-1.821,-0.721
-2.0,0.307
-2.009,0.308
-1.977,-2.433
-1.998,1.295
-2.133,0.209
-2.18,0.583
-2.233,-0.432
-2.222,-1.154
-2.284,-1.272
-2.319,1.515
-2.441,0.548
-2.484,0.162
-2.404,0.148
-2.564,-2.082
-2.654,1.175
-2.638,1.071
-2.871,-1.258
-2.801,1.454
-2.853,-1.08
-2.959,-0.241
-2.898,-0.955
-2.995,-0.94
-2.985,-0.216
-3.128,-0.958
-3.051,1.317
3.106,-1.833
2.986,-1.442
2.872,-0.23
2.846,0.241
2.862,-0.009
2.823,-0.866
2.923,-0.479
2.812,1.194
2.808,0.087
2.663,-0.29
2.72,1.521
2.584,-0.849
2.695,-1.998
2.652,-0.912
2.305,-0.571
1.92,1.214
2.005,-0.99
1.991,-1.922
1.724,-2.041
1.037,-2.756
0.403,-2.51
0.553,-2.74
-0.014,-2.737
-0.028,-2.725
-0.547,-2.785
-0.486,-2.569
-1.982,-2.705
-2.558,-2.844
-2.776,-2.73
2.218,-2.851
0.854,1.734
-0.536,1.697
-1.091,1.583
-1.149,1.876
3.111,1.865
-3.109,1.677
1.67,1.887
-2.729,1.03
-2.925,0.123
-2.952,0.304
2.308,0.467
2.312,-0.485
2.357,0.849
2.238,0.126
2.104,-0.108
2.717,0.065
2.292,-1.456
2.119,-1.293
0.048,1.888
2.211,1.329
0.062,0.374
-0.034,-0.793
-0.086,0.793
-0.036,-1.563
-0.146,-0.997
-0.173,0.591
-0.2,-1.215
-0.234,-1.383
-0.268,0.763
-0.202,0.106
-0.263,-1.18
-0.346,1.674
-0.375,-0.467
-0.4,1.83
-0.355,-0.55
-0.392,-0.612
-0.448,0.777
-0.495,0.209
-0.527,-1.537
-0.501,1.379
-0.697,0.953
-0.649,-0.493
-0.78,-0.964
-0.747,1.132
-0.823,0.138
-0.765,1.55
-0.795,-1.979
-0.901,0.13
-0.923,-1.309
-0.925,-1.339
-1.08,-1.154
-1.063,-0.077
-1.043,-0.291
-1.086,-1.09
-1.356,0.7
-1.567,-0.203
-1.732,1.277
-1.708,-0.864
-1.797,-1.166
-1.81,-0.21
-1.895,1.937
-1.948,1.788
-1.976,2.065
-1.984,0.322
-2.061,1.008
-2.069,-1.849
-2.069,1.544
-2.367,1.5
-2.302,1.477
-2.398,1.084
-2.446,-0.256
-2.492,1.561
-2.56,-1.762
-2.558,1.419
-2.516,-0.683
-2.605,0.446
-2.649,-0.111
-2.668,-1.213
-2.696,-1.669
-2.684,-1.422
-2.802,-0.797
-2.814,-1.27
-2.757,-0.706
-2.768,0.847
-2.836,1.403
-2.785,1.118
-2.891,-0.96
-2.883,-0.537
-2.914,-0.187
-2.937,1.415
-2.972,-1.023
-2.914,1.33
-2.965,0.014
-3.141,0.947
2.966,0.551
3.011,-1.095
2.977,-0.014
2.891,1.606
2.825,1.677
2.802,1.128
2.75,0.185
2.727,1.696
2.699,0.89
2.722,-0.509
2.7,-0.349
2.695,0.781
2.643,1.072
2.691,1.855
2.615,-0.223
2.651,-1.685
2.653,-0.75
2.493,-0.424
2.465,0.832
2.45,0.626
2.396,-1.853
2.177,-0.775
2.066,-1.124
2.005,-0.082
1.914,1.044
1.978,-1.848
1.84,-1.7
1.808,-1.579
1.77,0.058
1.826,0.962
1.697,-1.16
1.159,-2.397
1.011,-1.999
0.126,-2.254
-0.035,-2.066
-0.369,-2.092
-0.489,-2.306
-1.239,-2.187
-1.777,-2.27
-2.812,-2.118
3.102,-2.068
2.896,-2.38
2.568,-2.493
2.623,-2.342
2.249,-2.19
2.248,-2.109
0.654,2.225
0.369,2.365
-0.208,1.978
-0.45,2.378
-0.622,2.202
-0.754,2.136
-1.864,2.264
-2.754,2.256
2.541,2.05
2.499,2.416
2.293,2.367
2.285,2.159
-2.444,-0.056
-2.575,1.455
2.399,1.436
2.259,-1.413
1.495,-0.892
1.459,-0.881
0.994,-1.041
0.786,0.561
0.735,-0.148
0.534,-0.872
0.593,-0.667
0.48,0.197
0.454,-0.651
0.404,0.575
0.393,0.587
0.332,2.0
0.086,-1.79
0.21,-0.332
0.177,0.734
-0.072,-1.798
-0.009,1.763
-0.201,-0.919
-0.171,1.042
-0.156,-1.717
-0.215,-0.071
-0.285,-1.436
-0.436,1.557
-0.489,-0.154
-0.618,-0.974
-0.686,-1.247
-0.725,-1.74
-0.778,0.365
-1.048,1.53
-0.993,0.588
-1.004,0.291
-1.103,0.337
-1.326,-2.012
-1.268,-0.674
-1.431,-0.296
-1.529,-0.692
-1.562,-1.647
-1.626,0.635
-1.671,1.673
-1.892,-0.635
-1.823,-0.317
-2.002,0.711
-2.011,0.712
-1.979,-2.029
-2.0,1.699
-2.135,0.613
-2.182,0.987
-2.235,-0.028
-2.224,-0.75
-2.286,-0.868
-2.321,1.919
-2.443,0.952
-2.486,0.566
-2.406,0.552
-2.566,-1.678
-2.656,1.579
-2.64,1.475
-2.873,-0.854
-2.803,1.858
-2.855,-0.676
-2.961,0.163
-2.9,-0.551
-2.997,-0.536
-2.987,0.188
-3.13,-0.554
-3.053,1.721
3.104,-1.429
2.984,-1.038
2.87,0.174
2.844,0.645
2.86,0.395
2.821,-0.462
2.921,-0.075
2.81,1.598
2.806,0.491
2.661,0.114
2.718,1.925
2.582,-0.445
2.693,-1.594
2.65,-0.508
2.303,-0.167
1.918,1.618
2.003,-0.586
1.989,-1.518
1.722,-1.637
1.035,-2.352
0.401,-2.106
0.551,-2.336
-0.016,-2.333
-0.03,-2.321
-0.549,-2.381
-0.488,-2.165
-1.984,-2.301
-2.56,-2.44
-2.778,-2.326
2.216,-2.447
0.852,2.138
-0.538,2.101
-1.093,1.987
-1.151,2.28
3.109,2.269
-3.111,2.081
1.668,2.291
-2.731,1.434
-2.927,0.527
-2.954,0.708
2.306,0.871
2.31,-0.081
2.355,1.253
2.236,0.53
2.102,0.296
2.715,0.469
2.29,-1.052
2.117,-0.889
0.046,2.292
2.209,1.733
-0.096,-1.167
-0.148,0.419
-0.098,-1.937
-0.208,-1.371
-0.235,0.217
-0.262,-1.589
-0.296,-1.757
-0.33,0.389
-0.264,-0.268
-0.325,-1.554
-0.408,1.3
-0.437,-0.841
-0.462,1.456
-0.417,-0.924
-0.454,-0.986
-0.51,0.403
-0.557,-0.165
-0.589,-1.911
-0.563,1.005
-0.759,0.579
-0.711,-0.867
-0.842,-1.338
-0.809,0.758
-0.885,-0.236
-0.827,1.176
-0.857,-2.353
-0.963,-0.244
-0.985,-1.683
-0.987,-1.713
-1.142,-1.528
-1.125,-0.451
-1.105,-0.665
-1.148,-1.464
-1.418,0.326
-1.629,-0.577
-1.794,0.903
-1.77,-1.238
-1.859,-1.54
-1.872,-0.584
-1.957,1.563
-2.01,1.414
-2.038,1.691
-2.046,-0.052
-2.123,0.634
-2.131,-2.223
-2.131,1.17
-2.429,1.126
-2.364,1.103
-2.46,0.71
-2.508,-0.63
-2.554,1.187
-2.622,-2.136
-2.62,1.045
-2.578,-1.057
-2.667,0.072
-2.711,-0.485
-2.73,-1.587
-2.758,-2.043
-2.746,-1.796
-2.864,-1.171
-2.876,-1.644
-2.819,-1.08
-2.83,0.473
-2.898,1.029
-2.847,0.744
-2.953,-1.334
-2.945,-0.911
-2.976,-0.561
-2.999,1.041
-3.034,-1.397
-2.976,0.956
-3.027,-0.36
3.08,0.573
2.904,0.177
2.949,-1.469
2.915,-0.388
2.829,1.232
2.763,1.303
2.74,0.754
2.688,-0.189
2.665,1.322
2.637,0.516
2.66,-0.883
2.638,-0.723
2.633,0.407
2.581,0.698
2.629,1.481
2.553,-0.597
2.589,-2.059
2.591,-1.124
2.431,-0.798
2.403,0.458
2.388,0.252
2.334,-2.227
2.115,-1.149
2.004,-1.498
1.943,-0.456
1.852,0.67
1.916,-2.222
1.778,-2.074
1.746,-1.953
1.708,-0.316
1.764,0.588
1.635,-1.534
1.097,-2.771
0.949,-2.373
0.064,-2.628
-0.097,-2.44
-0.431,-2.466
-0.551,-2.68
-1.301,-2.561
-1.839,-2.644
-2.874,-2.492
3.04,-2.442
2.834,-2.754
2.506,-2.867
2.561,-2.716
2.187,-2.564
2.186,-2.483
0.592,1.851
0.307,1.991
-0.27,1.604
-0.512,2.004
-0.684,1.828
-0.816,1.762
-1.926,1.89
-2.816,1.882
2.479,1.676
2.437,2.042
2.231,1.993
2.223,1.785
-2.506,-0.43
-2.637,1.081
2.337,1.062
2.197,-1.787
1.433,-1.266
1.397,-1.255
0.932,-1.415
0.724,0.187
0.673,-0.522
0.472,-1.246
0.531,-1.041
0.418,-0.177
0.392,-1.025
0.342,0.201
0.331,0.213
0.27,1.626
0.024,-2.164
0.148,-0.706
0.115,0.36
-0.134,-2.172
-0.071,1.389
-0.263,-1.293
-0.233,0.668
-0.218,-2.091
-0.277,-0.445
-0.347,-1.81
-0.498,1.183
-0.551,-0.528
-0.68,-1.348
-0.748,-1.621
-0.787,-2.114
-0.84,-0.009
-1.11,1.156
-1.055,0.214
-1.066,-0.083
-1.165,-0.037
-1.388,-2.386
-1.33,-1.048
-1.493,-0.67
-1.591,-1.066
-1.624,-2.021
-1.688,0.261
-1.733,1.299
-1.954,-1.009
-1.885,-0.691
-2.064,0.337
-2.073,0.338
-2.041,-2.403
-2.062,1.325
-2.197,0.239
-2.244,0.613
-2.297,-0.402
-2.286,-1.124
-2.348,-1.242
-2.383,1.545
-2.505,0.578
-2.548,0.192
-2.468,0.178
-2.628,-2.052
-2.718,1.205
-2.702,1.101
-2.935,-1.228
-2.865,1.484
-2.917,-1.05
-3.023,-0.211
-2.962,-0.925
-3.059,-0.91
-3.049,-0.186
3.091,-0.928
-3.115,1.347
3.042,-1.803
2.922,-1.412
2.808,-0.2
2.782,0.271
2.798,0.021
2.759,-0.836
2.859,-0.449
2.748,1.224
2.744,0.117
2.599,-0.26
2.656,1.551
2.52,-0.819
2.631,-1.968
2.588,-0.882
2.241,-0.541
1.856,1.244
1.941,-0.96
1.927,-1.892
1.66,-2.011
0.973,-2.726
0.339,-2.48
0.489,-2.71
-0.078,-2.707
-0.092,-2.695
-0.611,-2.755
-0.55,-2.539
-2.046,-2.675
-2.622,-2.814
-2.84,-2.7
2.154,-2.821
0.79,1.764
-0.6,1.727
-1.155,1.613
-1.213,1.906
3.047,1.895
3.11,1.707
1.606,1.917
-2.793,1.06
-2.989,0.153
-3.016,0.334
2.244,0.497
2.248,-0.455
2.293,0.879
2.174,0.156
2.04,-0.078
2.653,0.095
2.228,-1.426
2.055,-1.263
-0.016,1.918
2.147,1.359
-0.052,1.586
-0.002,-0.77
-0.112,-0.204
-0.139,1.384
-0.166,-0.422
-0.2,-0.59
-0.234,1.556
-0.168,0.899
-0.229,-0.387
-0.312,2.467
-0.341,0.326
-0.366,2.623
-0.321,0.243
-0.358,0.181
-0.414,1.57
-0.461,1.002
-0.493,-0.744
-0.467,2.172
-0.663,1.746
-0.615,0.3
-0.746,-0.171
-0.713,1.925
-0.789,0.931
-0.731,2.343
-0.761,-1.186
-0.867,0.923
-0.889,-0.516
-0.891,-0.546
-1.046,-0.361
-1.029,0.716
-1.009,0.502
-1.052,-0.297
-1.322,1.493
-1.533,0.59
-1.698,2.07
-1.674,-0.071
-1.763,-0.373
-1.776,0.583
-1.861,2.73
-1.914,2.581
-1.942,2.858
-1.95,1.115
-2.027,1.801
-2.035,-1.056
-2.035,2.337
-2.333,2.293
-2.268,2.27
-2.364,1.877
-2.412,0.537
-2.458,2.354
-2.526,-0.969
-2.524,2.212
-2.482,0.11
-2.571,1.239
-2.615,0.682
-2.634,-0.42
-2.662,-0.876
-2.65,-0.629
-2.768,-0.004
-2.78,-0.477
-2.723,0.087
-2.734,1.64
-2.802,2.196
-2.751,1.911
-2.857,-0.167
-2.849,0.256
-2.88,0.606
-2.903,2.208
-2.938,-0.23
-2.88,2.123
-2.931,0.807
-3.107,1.74
3.0,1.344
3.045,-0.302
3.011,0.779
2.925,2.399
2.859,2.47
2.836,1.921
2.784,0.978
2.761,2.489
2.733,1.683
2.756,0.284
2.734,0.444
2.729,1.574
2.677,1.865
2.725,2.648
2.649,0.57
2.685,-0.892
2.687,0.043
2.527,0.369
2.499,1.625
2.484,1.419
2.43,-1.06
2.211,0.018
2.1,-0.331
2.039,0.711
1.948,1.837
2.012,-1.055
1.874,-0.907
1.842,-0.786
1.804,0.851
1.86,1.755
1.731,-0.367
1.193,-1.604
1.045,-1.206
0.16,-1.461
-0.001,-1.273
-0.335,-1.299
-0.455,-1.513
-1.205,-1.394
-1.743,-1.477
-2.778,-1.325
3.136,-1.275
2.93,-1.587
2.602,-1.7
2.657,-1.549
2.283,-1.397
2.282,-1.316
0.688,3.018
0.403,3.158
-0.174,2.771
-0.416,3.171
-0.588,2.995
-0.72,2.929
-1.83,3.057
-2.72,3.049
2.575,2.843
2.533,3.209
2.327,3.16
2.319,2.952
-2.41,0.737
-2.541,2.248
2.433,2.229
2.293,-0.62
1.529,-0.099
1.493,-0.088
1.028,-0.248
0.82,1.354
0.769,0.645
0.568,-0.079
0.627,0.126
0.514,0.99
0.488,0.142
0.438,1.368
0.427,1.38
0.366,2.793
0.12,-0.997
0.244,0.461
0.211,1.527
-0.038,-1.005
0.025,2.556
-0.167,-0.126
-0.137,1.835
-0.122,-0.924
-0.181,0.722
-0.251,-0.643
-0.402,2.35
-0.455,0.639
-0.584,-0.181
-0.652,-0.454
-0.691,-0.947
-0.744,1.158
-1.014,2.323
-0.959,1.381
-0.97,1.084
-1.069,1.13
-1.292,-1.219
-1.234,0.119
-1.397,0.497
-1.495,0.101
-1.528,-0.854
-1.592,1.428
-1.637,2.466
-1.858,0.158
-1.789,0.476
-1.968,1.504
-1.977,1.505
-1.945,-1.236
-1.966,2.492
-2.101,1.406
-2.148,1.78
-2.201,0.765
-2.19,0.043
-2.252,-0.075
-2.287,2.712
-2.409,1.745
-2.452,1.359
-2.372,1.345
-2.532,-0.885
-2.622,2.372
-2.606,2.268
-2.839,-0.061
-2.769,2.651
-2.821,0.117
-2.927,0.956
-2.866,0.242
-2.963,0.257
-2.953,0.981
-3.096,0.239
-3.019,2.514
3.138,-0.636
3.018,-0.245
2.904,0.967
2.878,1.438
2.894,1.188
2.855,0.331
2.955,0.718
2.844,2.391
2.84,1.284
2.695,0.907
2.752,2.718
2.616,0.348
2.727,-0.801
2.684,0.285
2.337,0.626
1.952,2.411
2.037,0.207
2.023,-0.725
1.756,-0.844
1.069,-1.559
0.435,-1.313
0.585,-1.543
0.018,-1.54
0.004,-1.528
-0.515,-1.588
-0.454,-1.372
-1.95,-1.508
-2.526,-1.647
-2.744,-1.533
2.25,-1.654
0.886,2.931
-0.504,2.894
-1.059,2.78
-1.117,3.073
-3.14,3.062
-3.077,2.874
1.702,3.084
-2.697,2.227
-2.893,1.32
-2.92,1.501
2.34,1.664
2.344,0.712
2.389,2.046
2.27,1.323
2.136,1.089
2.749,1.262
2.324,-0.259
2.151,-0.096
0.08,3.085
2.243,2.526
0.05,-2.356
-0.06,-1.79
-0.087,-0.202
-0.114,-2.008
-0.148,-2.176
-0.182,-0.03
-0.116,-0.687
-0.177,-1.973
-0.26,0.881
-0.289,-1.26
-0.314,1.037
-0.269,-1.343
-0.306,-1.405
-0.362,-0.016
-0.409,-0.584
-0.441,-2.33
-0.415,0.586
-0.611,0.16
-0.563,-1.286
-0.694,-1.757
-0.661,0.339
-0.737,-0.655
-0.679,0.757
-0.709,-2.772
-0.815,-0.663
-0.837,-2.102
-0.839,-2.132
-0.994,-1.947
-0.977,-0.87
-0.957,-1.084
-1.0,-1.883
-1.27,-0.093
-1.481,-0.996
-1.646,0.484
-1.622,-1.657
-1.711,-1.959
-1.724,-1.003
-1.809,1.144
-1.862,0.995
-1.89,1.272
-1.898,-0.471
-1.975,0.215
-1.983,-2.642
-1.983,0.751
-2.281,0.707
-2.216,0.684
-2.312,0.291
-2.36,-1.049
-2.406,0.768
-2.474,-2.555
-2.472,0.626
-2.43,-1.476
-2.519,-0.347
-2.563,-0.904
-2.582,-2.006
-2.61,-2.462
-2.598,-2.215
-2.716,-1.59
-2.728,-2.063
-2.671,-1.499
-2.682,0.054
-2.75,0.61
-2.699,0.325
-2.805,-1.753
-2.797,-1.33
-2.828,-0.98
-2.851,0.622
-2.886,-1.816
-2.828,0.537
-2.879,-0.779
-3.055,0.154
3.052,-0.242
3.097,-1.888
3.063,-0.807
2.977,0.813
2.911,0.884
2.888,0.335
2.836,-0.608
2.813,0.903
2.785,0.097
2.808,-1.302
2.786,-1.142
2.781,-0.012
2.729,0.279
2.777,1.062
2.701,-1.016
2.737,-2.478
2.739,-1.543
2.579,-1.217
2.551,0.039
2.536,-0.167
2.482,-2.646
2.263,-1.568
2.152,-1.917
2.091,-0.875
2.0,0.251
2.064,-2.641
1.926,-2.493
1.894,-2.372
1.856,-0.735
1.912,0.169
1.783,-1.953
1.245,-3.19
1.097,-2.792
0.212,-3.047
0.051,-2.859
-0.283,-2.885
-0.403,-3.099
-1.153,-2.98
-1.691,-3.063
-2.726,-2.911
-3.095,-2.861
2.982,-3.173
2.654,-3.286
2.709,-3.135
2.335,-2.983
2.334,-2.902
0.74,1.432
0.455,1.572
-0.122,1.185
-0.364,1.585
-0.536,1.409
-0.668,1.343
-1.778,1.471
-2.668,1.463
2.627,1.257
2.585,1.623
2.379,1.574
2.371,1.366
-2.358,-0.849
-2.489,0.662
2.485,0.643
2.345,-2.206
1.581,-1.685
1.545,-1.674
1.08,-1.834
0.872,-0.232
0.821,-0.941
0.62,-1.665
0.679,-1.46
0.566,-0.596
0.54,-1.444
0.49,-0.218
0.479,-0.206
0.418,1.207
0.172,-2.583
0.296,-1.125
0.263,-0.059
0.014,-2.591
0.077,0.97
-0.115,-1.712
-0.085,0.249
-0.07,-2.51
-0.129,-0.864
-0.199,-2.229
-0.35,0.764
-0.403,-0.947
-0.532,-1.767
-0.6,-2.04
-0.639,-2.533
-0.692,-0.428
-0.962,0.737
-0.907,-0.205
-0.918,-0.502
-1.017,-0.456
-1.24,-2.805
-1.182,-1.467
-1.345,-1.089
-1.443,-1.485
-1.476,-2.44
-1.54,-0.158
-1.585,0.88
-1.806,-1.428
-1.737,-1.11
-1.916,-0.082
-1.925,-0.081
-1.893,-2.822
-1.914,0.906
-2.049,-0.18
-2.096,0.194
-2.149,-0.821
-2.138,-1.543
-2.2,-1.661
-2.235,1.126
-2.357,0.159
-2.4,-0.227
-2.32,-0.241
-2.48,-2.471
-2.57,0.786
-2.554,0.682
-2.787,-1.647
-2.717,1.065
-2.769,-1.469
-2.875,-0.63
-2.814,-1.344
-2.911,-1.329
-2.901,-0.605
-3.044,-1.347
-2.967,0.928
-3.093,-2.222
3.07,-1.831
2.956,-0.619
2.93,-0.148
2.946,-0.398
2.907,-1.255
3.007,-0.868
2.896,0.805
2.892,-0.302
2.747,-0.679
2.804,1.132
2.668,-1.238
2.779,-2.387
2.736,-1.301
2.389,-0.96
2.004,0.825
2.089,-1.379
2.075,-2.311
1.808,-2.43
1.121,-3.145
0.487,-2.899
0.637,-3.129
0.07,-3.126
0.056,-3.114
-0.463,-3.174
-0.402,-2.958
-1.898,-3.094
-2.474,-3.233
-2.692,-3.119
2.302,-3.24
0.938,1.345
-0.452,1.308
-1.007,1.194
-1.065,1.487
-3.088,1.476
-3.025,1.288
1.754,1.498
-2.645,0.641
-2.841,-0.266
-2.868,-0.085
2.392,0.078
2.396,-0.874
2.441,0.46
2.322,-0.263
2.188,-0.497
2.801,-0.324
2.376,-1.845
2.203,-1.682
0.132,1.499
2.295,0.94
-0.11,0.566
-0.137,2.154
-0.164,0.348
-0.198,0.18
-0.232,2.326
-0.166,1.669
-0.227,0.383
-0.31,3.237
-0.339,1.096
-0.364,3.393
-0.319,1.013
-0.356,0.951
-0.412,2.34
-0.459,1.772
-0.491,0.026
-0.465,2.942
-0.661,2.516
-0.613,1.07
-0.744,0.599
-0.711,2.695
-0.787,1.701
-0.729,3.113
-0.759,-0.416
-0.865,1.693
-0.887,0.254
-0.889,0.224
-1.044,0.409
-1.027,1.486
-1.007,1.272
-1.05,0.473
-1.32,2.263
-1.531,1.36
-1.696,2.84
-1.672,0.699
-1.761,0.397
-1.774,1.353
-1.859,3.5
-1.912,3.351
-1.94,3.628
-1.948,1.885
-2.025,2.571
-2.033,-0.286
-2.033,3.107
-2.331,3.063
-2.266,3.04
-2.362,2.647
-2.41,1.307
-2.456,3.124
-2.524,-0.199
-2.522,2.982
-2.48,0.88
-2.569,2.009
-2.613,1.452
-2.632,0.35
-2.66,-0.106
-2.648,0.141
-2.766,0.766
-2.778,0.293
-2.721,0.857
-2.732,2.41
-2.8,2.966
-2.749,2.681
-2.855,0.603
-2.847,1.026
-2.878,1.376
-2.901,2.978
-2.936,0.54
-2.878,2.893
-2.929,1.577
-3.105,2.51
3.002,2.114
3.047,0.468
3.013,1.549
2.927,3.169
2.861,3.24
2.838,2.691
2.786,1.748
2.763,3.259
2.735,2.453
2.758,1.054
2.736,1.214
2.731,2.344
2.679,2.635
2.727,3.418
2.651,1.34
2.687,-0.122
2.689,0.813
2.529,1.139
2.501,2.395
2.486,2.189
2.432,-0.29
2.213,0.788
2.102,0.439
2.041,1.481
1.95,2.607
2.014,-0.285
1.876,-0.137
1.844,-0.016
1.806,1.621
1.862,2.525
1.733,0.403
1.195,-0.834
1.047,-0.436
0.162,-0.691
0.001,-0.503
-0.333,-0.529
-0.453,-0.743
-1.203,-0.624
-1.741,-0.707
-2.776,-0.555
3.138,-0.505
2.932,-0.817
2.604,-0.93
2.659,-0.779
2.285,-0.627
2.284,-0.546
0.69,3.788
0.405,3.928
-0.172,3.541
-0.414,3.941
-0.586,3.765
-0.718,3.699
-1.828,3.827
-2.718,3.819
2.577,3.613
2.535,3.979
2.329,3.93
2.321,3.722
-2.408,1.507
-2.539,3.018
2.435,2.999
2.295,0.15
1.531,0.671
1.495,0.682
1.03,0.522
0.822,2.124
0.771,1.415
0.57,0.691
0.629,0.896
0.516,1.76
0.49,0.912
0.44,2.138
0.429,2.15
0.368,3.563
0.122,-0.227
0.246,1.231
0.213,2.297
-0.036,-0.235
0.027,3.326
-0.165,0.644
-0.135,2.605
-0.12,-0.154
-0.179,1.492
-0.249,0.127
-0.4,3.12
-0.453,1.409
-0.582,0.589
-0.65,0.316
-0.689,-0.177
-0.742,1.928
-1.012,3.093
-0.957,2.151
-0.968,1.854
-1.067,1.9
-1.29,-0.449
-1.232,0.889
-1.395,1.267
-1.493,0.871
-1.526,-0.084
-1.59,2.198
-1.635,3.236
-1.856,0.928
-1.787,1.246
-1.966,2.274
-1.975,2.275
-1.943,-0.466
-1.964,3.262
-2.099,2.176
-2.146,2.55
-2.199,1.535
-2.188,0.813
-2.25,0.695
-2.285,3.482
-2.407,2.515
-2.45,2.129
-2.37,2.115
-2.53,-0.115
-2.62,3.142
-2.604,3.038
-2.837,0.709
-2.767,3.421
-2.819,0.887
-2.925,1.726
-2.864,1.012
-2.961,1.027
-2.951,1.751
-3.094,1.009
-3.017,3.284
3.14,0.134
3.02,0.525
2.906,1.737
2.88,2.208
2.896,1.958
2.857,1.101
2.957,1.488
2.846,3.161
2.842,2.054
2.697,1.677
2.754,3.488
2.618,1.118
2.729,-0.031
2.686,1.055
2.339,1.396
1.954,3.181
2.039,0.977
2.025,0.045
1.758,-0.074
1.071,-0.789
0.437,-0.543
0.587,-0.773
0.02,-0.77
0.006,-0.758
-0.513,-0.818
-0.452,-0.602
-1.948,-0.738
-2.524,-0.877
-2.742,-0.763
2.252,-0.884
0.888,3.701
-0.502,3.664
-1.057,3.55
-1.115,3.843
-3.138,3.832
-3.075,3.644
1.704,3.854
-2.695,2.997
-2.891,2.09
-2.918,2.271
2.342,2.434
2.346,1.482
2.391,2.816
2.272,2.093
2.138,1.859
2.751,2.032
2.326,0.511
2.153,0.674
0.082,3.855
2.245,3.296
-0.027,1.588
-0.054,-0.218
-0.088,-0.386
-0.122,1.76
-0.056,1.103
-0.117,-0.183
-0.2,2.671
-0.229,0.53
-0.254,2.827
-0.209,0.447
-0.246,0.385
-0.302,1.774
-0.349,1.206
-0.381,-0.54
-0.355,2.376
-0.551,1.95
-0.503,0.504
-0.634,0.033
-0.601,2.129
-0.677,1.135
-0.619,2.547
-0.649,-0.982
-0.755,1.127
-0.777,-0.312
-0.779,-0.342
-0.934,-0.157
-0.917,0.92
-0.897,0.706
-0.94,-0.093
-1.21,1.697
-1.421,0.794
-1.586,2.274
-1.562,0.133
-1.651,-0.169
-1.664,0.787
-1.749,2.934
-1.802,2.785
-1.83,3.062
-1.838,1.319
-1.915,2.005
-1.923,-0.852
-1.923,2.541
-2.221,2.497
-2.156,2.474
-2.252,2.081
-2.3,0.741
-2.346,2.558
-2.414,-0.765
-2.412,2.416
-2.37,0.314
-2.459,1.443
-2.503,0.886
-2.522,-0.216
-2.55,-0.672
-2.538,-0.425
-2.656,0.2
-2.668,-0.273
-2.611,0.291
-2.622,1.844
-2.69,2.4
-2.639,2.115
-2.745,0.037
-2.737,0.46
-2.768,0.81
-2.791,2.412
-2.826,-0.026
-2.768,2.327
-2.819,1.011
-2.995,1.944
3.112,1.548
-3.126,-0.098
3.123,0.983
3.037,2.603
2.971,2.674
2.948,2.125
2.896,1.182
2.873,2.693
2.845,1.887
2.868,0.488
2.846,0.648
2.841,1.778
2.789,2.069
2.837,2.852
2.761,0.774
2.797,-0.688
2.799,0.247
2.639,0.573
2.611,1.829
2.596,1.623
2.542,-0.856
2.323,0.222
2.212,-0.127
2.151,0.915
2.06,2.041
2.124,-0.851
1.986,-0.703
1.954,-0.582
1.916,1.055
1.972,1.959
1.843,-0.163
1.305,-1.4
1.157,-1.002
0.272,-1.257
0.111,-1.069
-0.223,-1.095
-0.343,-1.309
-1.093,-1.19
-1.631,-1.273
-2.666,-1.121
-3.035,-1.071
3.042,-1.383
2.714,-1.496
2.769,-1.345
2.395,-1.193
2.394,-1.112
0.8,3.222
0.515,3.362
-0.062,2.975
-0.304,3.375
-0.476,3.199
-0.608,3.133
-1.718,3.261
-2.608,3.253
2.687,3.047
2.645,3.413
2.439,3.364
2.431,3.156
-2.298,0.941
-2.429,2.452
2.545,2.433
2.405,-0.416
1.641,0.105
1.605,0.116
1.14,-0.044
0.932,1.558
0.881,0.849
0.68,0.125
0.739,0.33
0.626,1.194
0.6,0.346
0.55,1.572
0.539,1.584
0.478,2.997
0.232,-0.793
0.356,0.665
0.323,1.731
0.074,-0.801
0.137,2.76
-0.055,0.078
-0.025,2.039
-0.01,-0.72
-0.069,0.926
-0.139,-0.439
-0.29,2.554
-0.343,0.843
-0.472,0.023
-0.54,-0.25
-0.579,-0.743
-0.632,1.362
-0.902,2.527
-0.847,1.585
-0.858,1.288
-0.957,1.334
-1.18,-1.015
-1.122,0.323
-1.285,0.701
-1.383,0.305
-1.416,-0.65
-1.48,1.632
-1.525,2.67
-1.746,0.362
-1.677,0.68
-1.856,1.708
-1.865,1.709
-1.833,-1.032
-1.854,2.696
-1.989,1.61
-2.036,1.984
-2.089,0.969
-2.078,0.247
-2.14,0.129
-2.175,2.916
-2.297,1.949
-2.34,1.563
-2.26,1.549
-2.42,-0.681
-2.51,2.576
-2.494,2.472
-2.727,0.143
-2.657,2.855
-2.709,0.321
-2.815,1.16
-2.754,0.446
-2.851,0.461
-2.841,1.185
-2.984,0.443
-2.907,2.718
-3.033,-0.432
3.13,-0.041
3.016,1.171
2.99,1.642
3.006,1.392
2.967,0.535
3.067,0.922
2.956,2.595
2.952,1.488
2.807,1.111
2.864,2.922
2.728,0.552
2.839,-0.597
2.796,0.489
2.449,0.83
2.064,2.615
2.149,0.411
2.135,-0.521
1.868,-0.64
1.181,-1.355
0.547,-1.109
0.697,-1.339
0.13,-1.336
0.116,-1.324
-0.403,-1.384
-0.342,-1.168
-1.838,-1.304
-2.414,-1.443
-2.632,-1.329
2.362,-1.45
0.998,3.135
-0.392,3.098
-0.947,2.984
-1.005,3.277
-3.028,3.266
-2.965,3.078
1.814,3.288
-2.585,2.431
-2.781,1.524
-2.808,1.705
2.452,1.868
2.456,0.916
2.501,2.25
2.382,1.527
2.248,1.293
2.861,1.466
2.436,-0.055
2.263,0.108
0.192,3.289
2.355,2.73
-0.027,-1.806
-0.061,-1.974
-0.095,0.172
-0.029,-0.485
-0.09,-1.771
-0.173,1.083
-0.202,-1.058
-0.227,1.239
-0.182,-1.141
-0.219,-1.203
-0.275,0.186
-0.322,-0.382
-0.354,-2.128
-0.328,0.788
-0.524,0.362
-0.476,-1.084
-0.607,-1.555
-0.574,0.541
-0.65,-0.453
-0.592,0.959
-0.622,-2.57
-0.728,-0.461
-0.75,-1.9
-0.752,-1.93
-0.907,-1.745
-0.89,-0.668
-0.87,-0.882
-0.913,-1.681
-1.183,0.109
-1.394,-0.794
-1.559,0.686
-1.535,-1.455
-1.624,-1.757
-1.637,-0.801
-1.722,1.346
-1.775,1.197
-1.803,1.474
-1.811,-0.269
-1.888,0.417
-1.896,-2.44
-1.896,0.953
-2.194,0.909
-2.129,0.886
-2.225,0.493
-2.273,-0.847
-2.319,0.97
-2.387,-2.353
-2.385,0.828
-2.343,-1.274
-2.432,-0.145
-2.476,-0.702
-2.495,-1.804
-2.523,-2.26
-2.511,-2.013
-2.629,-1.388
-2.641,-1.861
-2.584,-1.297
-2.595,0.256
-2.663,0.812
-2.612,0.527
-2.718,-1.551
-2.71,-1.128
-2.741,-0.778
-2.764,0.824
-2.799,-1.614
-2.741,0.739
-2.792,-0.577
-2.968,0.356
3.139,-0.04
-3.099,-1.686
-3.133,-0.605
3.064,1.015
2.998,1.086
2.975,0.537
2.923,-0.406
2.9,1.105
2.872,0.299
2.895,-1.1
2.873,-0.94
2.868,0.19
2.816,0.481
2.864,1.264
2.788,-0.814
2.824,-2.276
2.826,-1.341
2.666,-1.015
2.638,0.241
2.623,0.035
2.569,-2.444
2.35,-1.366
2.239,-1.715
2.178,-0.673
2.087,0.453
2.151,-2.439
2.013,-2.291
1.981,-2.17
1.943,-0.533
1.999,0.371
1.87,-1.751
1.332,-2.988
1.184,-2.59
0.299,-2.845
0.138,-2.657
-0.196,-2.683
-0.316,-2.897
-1.066,-2.778
-1.604,-2.861
-2.639,-2.709
-3.008,-2.659
3.069,-2.971
2.741,-3.084
2.796,-2.933
2.422,-2.781
2.421,-2.7
0.827,1.634
0.542,1.774
-0.035,1.387
-0.277,1.787
-0.449,1.611
-0.581,1.545
-1.691,1.673
-2.581,1.665
2.714,1.459
2.672,1.825
2.466,1.776
2.458,1.568
-2.271,-0.647
-2.402,0.864
2.572,0.845
2.432,-2.004
1.668,-1.483
1.632,-1.472
1.167,-1.632
0.959,-0.03
0.908,-0.739
0.707,-1.463
0.766,-1.258
0.653,-0.394
0.627,-1.242
0.577,-0.016
0.566,-0.004
0.505,1.409
0.259,-2.381
0.383,-0.923
0.35,0.143
0.101,-2.389
0.164,1.172
-0.028,-1.51
0.002,0.451
0.017,-2.308
-0.042,-0.662
-0.112,-2.027
-0.263,0.966
-0.316,-0.745
-0.445,-1.565
-0.513,-1.838
-0.552,-2.331
-0.605,-0.226
-0.875,0.939
-0.82,-0.003
-0.831,-0.3
-0.93,-0.254
-1.153,-2.603
-1.095,-1.265
-1.258,-0.887
-1.356,-1.283
-1.389,-2.238
-1.453,0.044
-1.498,1.082
-1.719,-1.226
-1.65,-0.908
-1.829,0.12
-1.838,0.121
-1.806,-2.62
-1.827,1.108
-1.962,0.022
-2.009,0.396
-2.062,-0.619
-2.051,-1.341
-2.113,-1.459
-2.148,1.328
-2.27,0.361
-2.313,-0.025
-2.233,-0.039
-2.393,-2.269
-2.483,0.988
-2.467,0.884
-2.7,-1.445
-2.63,1.267
-2.682,-1.267
-2.788,-0.428
-2.727,-1.142
-2.824,-1.127
-2.814,-0.403
-2.957,-1.145
-2.88,1.13
-3.006,-2.02
-3.126,-1.629
3.043,-0.417
3.017,0.054
3.033,-0.196
2.994,-1.053
3.094,-0.666
2.983,1.007
2.979,-0.1
2.834,-0.477
2.891,1.334
2.755,-1.036
2.866,-2.185
2.823,-1.099
2.476,-0.758
2.091,1.027
2.176,-1.177
2.162,-2.109
1.895,-2.228
1.208,-2.943
0.574,-2.697
0.724,-2.927
0.157,-2.924
0.143,-2.912
-0.376,-2.972
-0.315,-2.756
-1.811,-2.892
-2.387,-3.031
-2.605,-2.917
2.389,-3.038
1.025,1.547
-0.365,1.51
-0.92,1.396
-0.978,1.689
-3.001,1.678
-2.938,1.49
1.841,1.7
-2.558,0.843
-2.754,-0.064
-2.781,0.117
2.479,0.28
2.483,-0.672
2.528,0.662
2.409,-0.061
2.275,-0.295
2.888,-0.122
2.463,-1.643
2.29,-1.48
0.219,1.701
2.382,1.142
-0.034,-0.168
-0.068,1.978
-0.002,1.321
-0.063,0.035
-0.146,2.889
-0.175,0.748
-0.2,3.045
-0.155,0.665
-0.192,0.603
-0.248,1.992
-0.295,1.424
-0.327,-0.322
-0.301,2.594
-0.497,2.168
-0.449,0.722
-0.58,0.251
-0.547,2.347
-0.623,1.353
-0.565,2.765
-0.595,-0.764
-0.701,1.345
-0.723,-0.094
-0.725,-0.124
-0.88,0.061
-0.863,1.138
-0.843,0.924
-0.886,0.125
-1.156,1.915
-1.367,1.012
-1.532,2.492
-1.508,0.351
-1.597,0.049
-1.61,1.005
-1.695,3.152
-1.748,3.003
-1.776,3.28
-1.784,1.537
-1.861,2.223
-1.869,-0.634
-1.869,2.759
-2.167,2.715
-2.102,2.692
-2.198,2.299
-2.246,0.959
-2.292,2.776
-2.36,-0.547
-2.358,2.634
-2.316,0.532
-2.405,1.661
-2.449,1.104
-2.468,0.002
-2.496,-0.454
-2.484,-0.207
-2.602,0.418
-2.614,-0.055
-2.557,0.509
-2.568,2.062
-2.636,2.618
-2.585,2.333
-2.691,0.255
-2.683,0.678
-2.714,1.028
-2.737,2.63
-2.772,0.192
-2.714,2.545
-2.765,1.229
-2.941,2.162
-3.117,1.766
-3.072,0.12
-3.106,1.201
3.091,2.821
3.025,2.892
3.002,2.343
2.95,1.4
2.927,2.911
2.899,2.105
2.922,0.706
2.9,0.866
2.895,1.996
2.843,2.287
2.891,3.07
2.815,0.992
2.851,-0.47
2.853,0.465
2.693,0.791
2.665,2.047
2.65,1.841
2.596,-0.638
2.377,0.44
2.266,0.091
2.205,1.133
2.114,2.259
2.178,-0.633
2.04,-0.485
2.008,-0.364
1.97,1.273
2.026,2.177
1.897,0.055
1.359,-1.182
1.211,-0.784
0.326,-1.039
0.165,-0.851
-0.169,-0.877
-0.289,-1.091
-1.039,-0.972
-1.577,-1.055
-2.612,-0.903
-2.981,-0.853
3.096,-1.165
2.768,-1.278
2.823,-1.127
2.449,-0.975
2.448,-0.894
0.854,3.44
0.569,3.58
-0.008,3.193
-0.25,3.593
-0.422,3.417
-0.554,3.351
-1.664,3.479
-2.554,3.471
2.741,3.265
2.699,3.631
2.493,3.582
2.485,3.374
-2.244,1.159
-2.375,2.67
2.599,2.651
2.459,-0.198
1.695,0.323
1.659,0.334
1.194,0.174
0.986,1.776
0.935,1.067
0.734,0.343
0.793,0.548
0.68,1.412
0.654,0.564
0.604,1.79
0.593,1.802
0.532,3.215
0.286,-0.575
0.41,0.883
0.377,1.949
0.128,-0.583
0.191,2.978
-0.001,0.296
0.029,2.257
0.044,-0.502
-0.015,1.144
-0.085,-0.221
-0.236,2.772
-0.289,1.061
-0.418,0.241
-0.486,-0.032
-0.525,-0.525
-0.578,1.58
-0.848,2.745
-0.793,1.803
-0.804,1.506
-0.903,1.552
-1.126,-0.797
-1.068,0.541
-1.231,0.919
-1.329,0.523
-1.362,-0.432
-1.426,1.85
-1.471,2.888
-1.692,0.58
-1.623,0.898
-1.802,1.926
-1.811,1.927
-1.779,-0.814
-1.8,2.914
-1.935,1.828
-1.982,2.202
-2.035,1.187
-2.024,0.465
-2.086,0.347
-2.121,3.134
-2.243,2.167
-2.286,1.781
-2.206,1.767
-2.366,-0.463
-2.456,2.794
-2.44,2.69
-2.673,0.361
-2.603,3.073
-2.655,0.539
-2.761,1.378
-2.7,0.664
-2.797,0.679
-2.787,1.403
-2.93,0.661
-2.853,2.936
-2.979,-0.214
-3.099,0.177
3.07,1.389
3.044,1.86
3.06,1.61
3.021,0.753
3.121,1.14
3.01,2.813
3.006,1.706
2.861,1.329
2.918,3.14
2.782,0.77
2.893,-0.379
2.85,0.707
2.503,1.048
2.118,2.833
2.203,0.629
2.189,-0.303
1.922,-0.422
1.235,-1.137
0.601,-0.891
0.751,-1.121
0.184,-1.118
0.17,-1.106
-0.349,-1.166
-0.288,-0.95
-1.784,-1.086
-2.36,-1.225
-2.578,-1.111
2.416,-1.232
1.052,3.353
-0.338,3.316
-0.893,3.202
-0.951,3.495
-2.974,3.484
-2.911,3.296
1.868,3.506
-2.531,2.649
-2.727,1.742
-2.754,1.923
2.506,2.086
2.51,1.134
2.555,2.468
2.436,1.745
2.302,1.511
2.915,1.684
2.49,0.163
2.317,0.326
0.246,3.507
2.409,2.948
-0.034,2.146
0.032,1.489
-0.029,0.203
-0.112,3.057
-0.141,0.916
-0.166,3.213
-0.121,0.833
-0.158,0.771
-0.214,2.16
-0.261,1.592
-0.293,-0.154
-0.267,2.762
-0.463,2.336
-0.415,0.89
-0.546,0.419
-0.513,2.515
-0.589,1.521
-0.531,2.933
-0.561,-0.596
-0.667,1.513
-0.689,0.074
-0.691,0.044
-0.846,0.229
-0.829,1.306
-0.809,1.092
-0.852,0.293
-1.122,2.083
-1.333,1.18
-1.498,2.66
-1.474,0.519
-1.563,0.217
-1.576,1.173
-1.661,3.32
-1.714,3.171
-1.742,3.448
-1.75,1.705
-1.827,2.391
-1.835,-0.466
-1.835,2.927
-2.133,2.883
-2.068,2.86
-2.164,2.467
-2.212,1.127
-2.258,2.944
-2.326,-0.379
-2.324,2.802
-2.282,0.7
-2.371,1.829
-2.415,1.272
-2.434,0.17
-2.462,-0.286
-2.45,-0.039
-2.568,0.586
-2.58,0.113
-2.523,0.677
-2.534,2.23
-2.602,2.786
-2.551,2.501
-2.657,0.423
-2.649,0.846
-2.68,1.196
-2.703,2.798
-2.738,0.36
-2.68,2.713
-2.731,1.397
-2.907,2.33
-3.083,1.934
-3.038,0.288
-3.072,1.369
3.125,2.989
3.059,3.06
3.036,2.511
2.984,1.568
2.961,3.079
2.933,2.273
2.956,0.874
2.934,1.034
2.929,2.164
2.877,2.455
2.925,3.238
2.849,1.16
2.885,-0.302
2.887,0.633
2.727,0.959
2.699,2.215
2.684,2.009
2.63,-0.47
2.411,0.608
2.3,0.259
2.239,1.301
2.148,2.427
2.212,-0.465
2.074,-0.317
2.042,-0.196
2.004,1.441
2.06,2.345
1.931,0.223
1.393,-1.014
1.245,-0.616
0.36,-0.871
0.199,-0.683
-0.135,-0.709
-0.255,-0.923
-1.005,-0.804
-1.543,-0.887
-2.578,-0.735
-2.947,-0.685
3.13,-0.997
2.802,-1.11
2.857,-0.959
2.483,-0.807
2.482,-0.726
0.888,3.608
0.603,3.748
0.026,3.361
-0.216,3.761
-0.388,3.585
-0.52,3.519
-1.63,3.647
-2.52,3.639
2.775,3.433
2.733,3.799
2.527,3.75
2.519,3.542
-2.21,1.327
-2.341,2.838
2.633,2.819
2.493,-0.03
1.729,0.491
1.693,0.502
1.228,0.342
1.02,1.944
0.969,1.235
0.768,0.511
0.827,0.716
0.714,1.58
0.688,0.732
0.638,1.958
0.627,1.97
0.566,3.383
0.32,-0.407
0.444,1.051
0.411,2.117
0.162,-0.415
0.225,3.146
0.033,0.464
0.063,2.425
0.078,-0.334
0.019,1.312
-0.051,-0.053
-0.202,2.94
-0.255,1.229
-0.384,0.409
-0.452,0.136
-0.491,-0.357
-0.544,1.748
-0.814,2.913
-0.759,1.971
-0.77,1.674
-0.869,1.72
-1.092,-0.629
-1.034,0.709
-1.197,1.087
-1.295,0.691
-1.328,-0.264
-1.392,2.018
-1.437,3.056
-1.658,0.748
-1.589,1.066
-1.768,2.094
-1.777,2.095
-1.745,-0.646
-1.766,3.082
-1.901,1.996
-1.948,2.37
-2.001,1.355
-1.99,0.633
-2.052,0.515
-2.087,3.302
-2.209,2.335
-2.252,1.949
-2.172,1.935
-2.332,-0.295
-2.422,2.962
-2.406,2.858
-2.639,0.529
-2.569,3.241
-2.621,0.707
-2.727,1.546
-2.666,0.832
-2.763,0.847
-2.753,1.571
-2.896,0.829
-2.819,3.104
-2.945,-0.046
-3.065,0.345
3.104,1.557
3.078,2.028
3.094,1.778
3.055,0.921
-3.128,1.308
3.044,2.981
3.04,1.874
2.895,1.497
2.952,3.308
2.816,0.938
2.927,-0.211
2.884,0.875
2.537,1.216
2.152,3.001
2.237,0.797
2.223,-0.135
1.956,-0.254
1.269,-0.969
0.635,-0.723
0.785,-0.953
0.218,-0.95
0.204,-0.938
-0.315,-0.998
-0.254,-0.782
-1.75,-0.918
-2.326,-1.057
-2.544,-0.943
2.45,-1.064
1.086,3.521
-0.304,3.484
-0.859,3.37
-0.917,3.663
-2.94,3.652
-2.877,3.464
1.902,3.674
-2.497,2.817
-2.693,1.91
-2.72,2.091
2.54,2.254
2.544,1.302
2.589,2.636
2.47,1.913
2.336,1.679
2.949,1.852
2.524,0.331
2.351,0.494
0.28,3.675
2.443,3.116
0.066,-0.657
0.005,-1.943
-0.078,0.911
-0.107,-1.23
-0.132,1.067
-0.087,-1.313
-0.124,-1.375
-0.18,0.014
-0.227,-0.554
-0.259,-2.3
-0.233,0.616
-0.429,0.19
-0.381,-1.256
-0.512,-1.727
-0.479,0.369
-0.555,-0.625
-0.497,0.787
-0.527,-2.742
-0.633,-0.633
-0.655,-2.072
-0.657,-2.102
-0.812,-1.917
-0.795,-0.84
-0.775,-1.054
-0.818,-1.853
-1.088,-0.063
-1.299,-0.966
-1.464,0.514
-1.44,-1.627
-1.529,-1.929
-1.542,-0.973
-1.627,1.174
-1.68,1.025
-1.708,1.302
-1.716,-0.441
-1.793,0.245
-1.801,-2.612
-1.801,0.781
-2.099,0.737
-2.034,0.714
-2.13,0.321
-2.178,-1.019
-2.224,0.798
-2.292,-2.525
-2.29,0.656
-2.248,-1.446
-2.337,-0.317
-2.381,-0.874
-2.4,-1.976
-2.428,-2.432
-2.416,-2.185
-2.534,-1.56
-2.546,-2.033
-2.489,-1.469
-2.5,0.084
-2.568,0.64
-2.517,0.355
-2.623,-1.723
-2.615,-1.3
-2.646,-0.95
-2.669,0.652
-2.704,-1.786
-2.646,0.567
-2.697,-0.749
-2.873,0.184
-3.049,-0.212
-3.004,-1.858
-3.038,-0.777
-3.124,0.843
3.093,0.914
3.07,0.365
3.018,-0.578
2.995,0.933
2.967,0.127
2.99,-1.272
2.968,-1.112
2.963,0.018
2.911,0.309
2.959,1.092
2.883,-0.986
2.919,-2.448
2.921,-1.513
2.761,-1.187
2.733,0.069
2.718,-0.137
2.664,-2.616
2.445,-1.538
2.334,-1.887
2.273,-0.845
2.182,0.281
2.246,-2.611
2.108,-2.463
2.076,-2.342
2.038,-0.705
2.094,0.199
1.965,-1.923
1.427,-3.16
1.279,-2.762
0.394,-3.017
0.233,-2.829
-0.101,-2.855
-0.221,-3.069
-0.971,-2.95
-1.509,-3.033
-2.544,-2.881
-2.913,-2.831
-3.119,-3.143
2.836,-3.256
2.891,-3.105
2.517,-2.953
2.516,-2.872
0.922,1.462
0.637,1.602
0.06,1.215
-0.182,1.615
-0.354,1.439
-0.486,1.373
-1.596,1.501
-2.486,1.493
2.809,1.287
2.767,1.653
2.561,1.604
2.553,1.396
-2.176,-0.819
-2.307,0.692
2.667,0.673
2.527,-2.176
1.763,-1.655
1.727,-1.644
1.262,-1.804
1.054,-0.202
1.003,-0.911
0.802,-1.635
0.861,-1.43
0.748,-0.566
0.722,-1.414
0.672,-0.188
0.661,-0.176
0.6,1.237
0.354,-2.553
0.478,-1.095
0.445,-0.029
0.196,-2.561
0.259,1.0
0.067,-1.682
0.097,0.279
0.112,-2.48
0.053,-0.834
-0.017,-2.199
-0.168,0.794
-0.221,-0.917
-0.35,-1.737
-0.418,-2.01
-0.457,-2.503
-0.51,-0.398
-0.78,0.767
-0.725,-0.175
-0.736,-0.472
-0.835,-0.426
-1.058,-2.775
-1.0,-1.437
-1.163,-1.059
-1.261,-1.455
-1.294,-2.41
-1.358,-0.128
-1.403,0.91
-1.624,-1.398
-1.555,-1.08
-1.734,-0.052
-1.743,-0.051
-1.711,-2.792
-1.732,0.936
-1.867,-0.15
-1.914,0.224
-1.967,-0.791
-1.956,-1.513
-2.018,-1.631
-2.053,1.156
-2.175,0.189
-2.218,-0.197
-2.138,-0.211
-2.298,-2.441
-2.388,0.816
-2.372,0.712
-2.605,-1.617
-2.535,1.095
-2.587,-1.439
-2.693,-0.6
-2.632,-1.314
-2.729,-1.299
-2.719,-0.575
-2.862,-1.317
-2.785,0.958
-2.911,-2.192
-3.031,-1.801
3.138,-0.589
3.112,-0.118
3.128,-0.368
3.089,-1.225
-3.094,-0.838
3.078,0.835
3.074,-0.272
2.929,-0.649
2.986,1.162
2.85,-1.208
2.961,-2.357
2.918,-1.271
2.571,-0.93
2.186,0.855
2.271,-1.349
2.257,-2.281
1.99,-2.4
1.303,-3.115
0.669,-2.869
0.819,-3.099
0.252,-3.096
0.238,-3.084
-0.281,-3.144
-0.22,-2.928
-1.716,-3.064
-2.292,-3.203
-2.51,-3.089
2.484,-3.21
1.12,1.375
-0.27,1.338
-0.825,1.224
-0.883,1.517
-2.906,1.506
-2.843,1.318
1.936,1.528
-2.463,0.671
-2.659,-0.236
-2.686,-0.055
2.574,0.108
2.578,-0.844
2.623,0.49
2.504,-0.233
2.37,-0.467
2.983,-0.294
2.558,-1.815
2.385,-1.652
0.314,1.529
2.477,0.97
-0.061,-1.286
-0.144,1.568
-0.173,-0.573
-0.198,1.724
-0.153,-0.656
-0.19,-0.718
-0.246,0.671
-0.293,0.103
-0.325,-1.643
-0.299,1.273
-0.495,0.847
-0.447,-0.599
-0.578,-1.07
-0.545,1.026
-0.621,0.032
-0.563,1.444
-0.593,-2.085
-0.699,0.024
-0.721,-1.415
-0.723,-1.445
-0.878,-1.26
-0.861,-0.183
-0.841,-0.397
-0.884,-1.196
-1.154,0.594
-1.365,-0.309
-1.53,1.171
-1.506,-0.97
-1.595,-1.272
-1.608,-0.316
-1.693,1.831
-1.746,1.682
-1.774,1.959
-1.782,0.216
-1.859,0.902
-1.867,-1.955
-1.867,1.438
-2.165,1.394
-2.1,1.371
-2.196,0.978
-2.244,-0.362
-2.29,1.455
-2.358,-1.868
-2.356,1.313
-2.314,-0.789
-2.403,0.34
-2.447,-0.217
-2.466,-1.319
-2.494,-1.775
-2.482,-1.528
-2.6,-0.903
-2.612,-1.376
-2.555,-0.812
-2.566,0.741
-2.634,1.297
-2.583,1.012
-2.689,-1.066
-2.681,-0.643
-2.712,-0.293
-2.735,1.309
-2.77,-1.129
-2.712,1.224
-2.763,-0.092
-2.939,0.841
-3.115,0.445
-3.07,-1.201
-3.104,-0.12
3.093,1.5
3.027,1.571
3.004,1.022
2.952,0.079
2.929,1.59
2.901,0.784
2.924,-0.615
2.902,-0.455
2.897,0.675
2.845,0.966
2.893,1.749
2.817,-0.329
2.853,-1.791
2.855,-0.856
2.695,-0.53
2.667,0.726
2.652,0.52
2.598,-1.959
2.379,-0.881
2.268,-1.23
2.207,-0.188
2.116,0.938
2.18,-1.954
2.042,-1.806
2.01,-1.685
1.972,-0.048
2.028,0.856
1.899,-1.266
1.361,-2.503
1.213,-2.105
0.328,-2.36
0.167,-2.172
-0.167,-2.198
-0.287,-2.412
-1.037,-2.293
-1.575,-2.376
-2.61,-2.224
-2.979,-2.174
3.098,-2.486
2.77,-2.599
2.825,-2.448
2.451,-2.296
2.45,-2.215
0.856,2.119
0.571,2.259
-0.006,1.872
-0.248,2.272
-0.42,2.096
-0.552,2.03
-1.662,2.158
-2.552,2.15
2.743,1.944
2.701,2.31
2.495,2.261
2.487,2.053
-2.242,-0.162
-2.373,1.349
2.601,1.33
2.461,-1.519
1.697,-0.998
1.661,-0.987
1.196,-1.147
0.988,0.455
0.937,-0.254
0.736,-0.978
0.795,-0.773
0.682,0.091
0.656,-0.757
0.606,0.469
0.595,0.481
0.534,1.894
0.288,-1.896
0.412,-0.438
0.379,0.628
0.13,-1.904
0.193,1.657
0.001,-1.025
0.031,0.936
0.046,-1.823
-0.013,-0.177
-0.083,-1.542
-0.234,1.451
-0.287,-0.26
-0.416,-1.08
-0.484,-1.353
-0.523,-1.846
-0.576,0.259
-0.846,1.424
-0.791,0.482
-0.802,0.185
-0.901,0.231
-1.124,-2.118
-1.066,-0.78
-1.229,-0.402
-1.327,-0.798
-1.36,-1.753
-1.424,0.529
-1.469,1.567
-1.69,-0.741
-1.621,-0.423
-1.8,0.605
-1.809,0.606
-1.777,-2.135
-1.798,1.593
-1.933,0.507
-1.98,0.881
-2.033,-0.134
-2.022,-0.856
-2.084,-0.974
-2.119,1.813
-2.241,0.846
-2.284,0.46
-2.204,0.446
-2.364,-1.784
-2.454,1.473
-2.438,1.369
-2.671,-0.96
-2.601,1.752
-2.653,-0.782
-2.759,0.057
-2.698,-0.657
-2.795,-0.642
-2.785,0.082
-2.928,-0.66
-2.851,1.615
-2.977,-1.535
-3.097,-1.144
3.072,0.068
3.046,0.539
3.062,0.289
3.023,-0.568
3.123,-0.181
3.012,1.492
3.008,0.385
2.863,0.008
2.92,1.819
2.784,-0.551
2.895,-1.7
2.852,-0.614
2.505,-0.273
2.12,1.512
2.205,-0.692
2.191,-1.624
1.924,-1.743
1.237,-2.458
0.603,-2.212
0.753,-2.442
0.186,-2.439
0.172,-2.427
-0.347,-2.487
-0.286,-2.271
-1.782,-2.407
-2.358,-2.546
-2.576,-2.432
2.418,-2.553
1.054,2.032
-0.336,1.995
-0.891,1.881
-0.949,2.174
-2.972,2.163
-2.909,1.975
1.87,2.185
-2.529,1.328
-2.725,0.421
-2.752,0.602
2.508,0.765
2.512,-0.187
2.557,1.147
2.438,0.424
2.304,0.19
2.917,0.363
2.492,-1.158
2.319,-0.995
0.248,2.186
2.411,1.627
-0.083,2.854
-0.112,0.713
-0.137,3.01
-0.092,0.63
-0.129,0.568
-0.185,1.957
-0.232,1.389
-0.264,-0.357
-0.238,2.559
-0.434,2.133
-0.386,0.687
-0.517,0.216
-0.484,2.312
-0.56,1.318
-0.502,2.73
-0.532,-0.799
-0.638,1.31
-0.66,-0.129
-0.662,-0.159
-0.817,0.026
-0.8,1.103
-0.78,0.889
-0.823,0.09
-1.093,1.88
-1.304,0.977
-1.469,2.457
-1.445,0.316
-1.534,0.014
-1.547,0.97
-1.632,3.117
-1.685,2.968
-1.713,3.245
-1.721,1.502
-1.798,2.188
-1.806,-0.669
-1.806,2.724
-2.104,2.68
-2.039,2.657
-2.135,2.264
-2.183,0.924
-2.229,2.741
-2.297,-0.582
-2.295,2.599
-2.253,0.497
-2.342,1.626
-2.386,1.069
-2.405,-0.033
-2.433,-0.489
-2.421,-0.242
-2.539,0.383
-2.551,-0.09
-2.494,0.474
-2.505,2.027
-2.573,2.583
-2.522,2.298
-2.628,0.22
-2.62,0.643
-2.651,0.993
-2.674,2.595
-2.709,0.157
-2.651,2.51
-2.702,1.194
-2.878,2.127
-3.054,1.731
-3.009,0.085
-3.043,1.166
-3.129,2.786
3.088,2.857
3.065,2.308
3.013,1.365
2.99,2.876
2.962,2.07
2.985,0.671
2.963,0.831
2.958,1.961
2.906,2.252
2.954,3.035
2.878,0.957
2.914,-0.505
2.916,0.43
2.756,0.756
2.728,2.012
2.713,1.806
2.659,-0.673
2.44,0.405
2.329,0.056
2.268,1.098
2.177,2.224
2.241,-0.668
2.103,-0.52
2.071,-0.399
2.033,1.238
2.089,2.142
1.96,0.02
1.422,-1.217
1.274,-0.819
0.389,-1.074
0.228,-0.886
-0.106,-0.912
-0.226,-1.126
-0.976,-1.007
-1.514,-1.09
-2.549,-0.938
-2.918,-0.888
-3.124,-1.2
2.831,-1.313
2.886,-1.162
2.512,-1.01
2.511,-0.929
0.917,3.405
0.632,3.545
0.055,3.158
-0.187,3.558
-0.359,3.382
-0.491,3.316
-1.601,3.444
-2.491,3.436
2.804,3.23
2.762,3.596
2.556,3.547
2.548,3.339
-2.181,1.124
-2.312,2.635
2.662,2.616
2.522,-0.233
1.758,0.288
1.722,0.299
1.257,0.139
1.049,1.741
0.998,1.032
0.797,0.308
0.856,0.513
0.743,1.377
0.717,0.529
0.667,1.755
0.656,1.767
0.595,3.18
0.349,-0.61
0.473,0.848
0.44,1.914
0.191,-0.618
0.254,2.943
0.062,0.261
0.092,2.222
0.107,-0.537
0.048,1.109
-0.022,-0.256
-0.173,2.737
-0.226,1.026
-0.355,0.206
-0.423,-0.067
-0.462,-0.56
-0.515,1.545
-0.785,2.71
-0.73,1.768
-0.741,1.471
-0.84,1.517
-1.063,-0.832
-1.005,0.506
-1.168,0.884
-1.266,0.488
-1.299,-0.467
-1.363,1.815
-1.408,2.853
-1.629,0.545
-1.56,0.863
-1.739,1.891
-1.748,1.892
-1.716,-0.849
-1.737,2.879
-1.872,1.793
-1.919,2.167
-1.972,1.152
-1.961,0.43
-2.023,0.312
-2.058,3.099
-2.18,2.132
-2.223,1.746
-2.143,1.732
-2.303,-0.498
-2.393,2.759
-2.377,2.655
-2.61,0.326
-2.54,3.038
-2.592,0.504
-2.698,1.343
-2.637,0.629
-2.734,0.644
-2.724,1.368
-2.867,0.626
-2.79,2.901
-2.916,-0.249
-3.036,0.142
3.133,1.354
3.107,1.825
3.123,1.575
3.084,0.718
-3.099,1.105
3.073,2.778
3.069,1.671
2.924,1.294
2.981,3.105
2.845,0.735
2.956,-0.414
2.913,0.672
2.566,1.013
2.181,2.798
2.266,0.594
2.252,-0.338
1.985,-0.457
1.298,-1.172
0.664,-0.926
0.814,-1.156
0.247,-1.153
0.233,-1.141
-0.286,-1.201
-0.225,-0.985
-1.721,-1.121
-2.297,-1.26
-2.515,-1.146
2.479,-1.267
1.115,3.318
-0.275,3.281
-0.83,3.167
-0.888,3.46
-2.911,3.449
-2.848,3.261
1.931,3.471
-2.468,2.614
-2.664,1.707
-2.691,1.888
2.569,2.051
2.573,1.099
2.618,2.433
2.499,1.71
2.365,1.476
2.978,1.649
2.553,0.128
2.38,0.291
0.309,3.472
2.472,2.913
-0.029,-2.141
-0.054,0.156
-0.009,-2.224
-0.046,-2.286
-0.102,-0.897
-0.149,-1.465
-0.181,-3.211
-0.155,-0.295
-0.351,-0.721
-0.303,-2.167
-0.434,-2.638
-0.401,-0.542
-0.477,-1.536
-0.419,-0.124
-0.449,-3.653
-0.555,-1.544
-0.577,-2.983
-0.579,-3.013
-0.734,-2.828
-0.717,-1.751
-0.697,-1.965
-0.74,-2.764
-1.01,-0.974
-1.221,-1.877
-1.386,-0.397
-1.362,-2.538
-1.451,-2.84
-1.464,-1.884
-1.549,0.263
-1.602,0.114
-1.63,0.391
-1.638,-1.352
-1.715,-0.666
-1.723,-3.523
-1.723,-0.13
-2.021,-0.174
-1.956,-0.197
-2.052,-0.59
-2.1,-1.93
-2.146,-0.113
-2.214,-3.436
-2.212,-0.255
-2.17,-2.357
-2.259,-1.228
-2.303,-1.785
-2.322,-2.887
-2.35,-3.343
-2.338,-3.096
-2.456,-2.471
-2.468,-2.944
-2.411,-2.38
-2.422,-0.827
-2.49,-0.271
-2.439,-0.556
-2.545,-2.634
-2.537,-2.211
-2.568,-1.861
-2.591,-0.259
-2.626,-2.697
-2.568,-0.344
-2.619,-1.66
-2.795,-0.727
-2.971,-1.123
-2.926,-2.769
-2.96,-1.688
-3.046,-0.068
-3.112,0.003
-3.135,-0.546
3.096,-1.489
3.073,0.022
3.045,-0.784
3.068,-2.183
3.046,-2.023
3.041,-0.893
2.989,-0.602
3.037,0.181
2.961,-1.897
2.997,-3.359
2.999,-2.424
2.839,-2.098
2.811,-0.842
2.796,-1.048
2.742,-3.527
2.523,-2.449
2.412,-2.798
2.351,-1.756
2.26,-0.63
2.324,-3.522
2.186,-3.374
2.154,-3.253
2.116,-1.616
2.172,-0.712
2.043,-2.834
1.505,-4.071
1.357,-3.673
0.472,-3.928
0.311,-3.74
-0.023,-3.766
-0.143,-3.98
-0.893,-3.861
-1.431,-3.944
-2.466,-3.792
-2.835,-3.742
-3.041,-4.054
2.914,-4.167
2.969,-4.016
2.595,-3.864
2.594,-3.783
1.0,0.551
0.715,0.691
0.138,0.304
-0.104,0.704
-0.276,0.528
-0.408,0.462
-1.518,0.59
-2.408,0.582
2.887,0.376
2.845,0.742
2.639,0.693
2.631,0.485
-2.098,-1.73
-2.229,-0.219
2.745,-0.238
2.605,-3.087
1.841,-2.566
1.805,-2.555
1.34,-2.715
1.132,-1.113
1.081,-1.822
0.88,-2.546
0.939,-2.341
0.826,-1.477
0.8,-2.325
0.75,-1.099
0.739,-1.087
0.678,0.326
0.432,-3.464
0.556,-2.006
0.523,-0.94
0.274,-3.472
0.337,0.089
0.145,-2.593
0.175,-0.632
0.19,-3.391
0.131,-1.745
0.061,-3.11
-0.09,-0.117
-0.143,-1.828
-0.272,-2.648
-0.34,-2.921
-0.379,-3.414
-0.432,-1.309
-0.702,-0.144
-0.647,-1.086
-0.658,-1.383
-0.757,-1.337
-0.98,-3.686
-0.922,-2.348
-1.085,-1.97
-1.183,-2.366
-1.216,-3.321
-1.28,-1.039
-1.325,-0.001
-1.546,-2.309
-1.477,-1.991
-1.656,-0.963
-1.665,-0.962
-1.633,-3.703
-1.654,0.025
-1.789,-1.061
-1.836,-0.687
-1.889,-1.702
-1.878,-2.424
-1.94,-2.542
-1.975,0.245
-2.097,-0.722
-2.14,-1.108
-2.06,-1.122
-2.22,-3.352
-2.31,-0.095
-2.294,-0.199
-2.527,-2.528
-2.457,0.184
-2.509,-2.35
-2.615,-1.511
-2.554,-2.225
-2.651,-2.21
-2.641,-1.486
-2.784,-2.228
-2.707,0.047
-2.833,-3.103
-2.953,-2.712
-3.067,-1.5
-3.093,-1.029
-3.077,-1.279
-3.116,-2.136
-3.016,-1.749
-3.127,-0.076
-3.131,-1.183
3.007,-1.56
3.064,0.251
2.928,-2.119
3.039,-3.268
2.996,-2.182
2.649,-1.841
2.264,-0.056
2.349,-2.26
2.335,-3.192
2.068,-3.311
1.381,-4.026
0.747,-3.78
0.897,-4.01
0.33,-4.007
0.316,-3.995
-0.203,-4.055
-0.142,-3.839
-1.638,-3.975
-2.214,-4.114
-2.432,-4.0
2.562,-4.121
1.198,0.464
-0.192,0.427
-0.747,0.313
-0.805,0.606
-2.828,0.595
-2.765,0.407
2.014,0.617
-2.385,-0.24
-2.581,-1.147
-2.608,-0.966
2.652,-0.803
2.656,-1.755
2.701,-0.421
2.582,-1.144
2.448,-1.378
3.061,-1.205
2.636,-2.726
2.463,-2.563
0.392,0.618
2.555,0.059
-0.025,2.297
0.02,-0.083
-0.017,-0.145
-0.073,1.244
-0.12,0.676
-0.152,-1.07
-0.126,1.846
-0.322,1.42
-0.274,-0.026
-0.405,-0.497
-0.372,1.599
-0.448,0.605
-0.39,2.017
-0.42,-1.512
-0.526,0.597
-0.548,-0.842
-0.55,-0.872
-0.705,-0.687
-0.688,0.39
-0.668,0.176
-0.711,-0.623
-0.981,1.167
-1.192,0.264
-1.357,1.744
-1.333,-0.397
-1.422,-0.699
-1.435,0.257
-1.52,2.404
-1.573,2.255
-1.601,2.532
-1.609,0.789
-1.686,1.475
-1.694,-1.382
-1.694,2.011
-1.992,1.967
-1.927,1.944
-2.023,1.551
-2.071,0.211
-2.117,2.028
-2.185,-1.295
-2.183,1.886
-2.141,-0.216
-2.23,0.913
-2.274,0.356
-2.293,-0.746
-2.321,-1.202
-2.309,-0.955
-2.427,-0.33
-2.439,-0.803
-2.382,-0.239
-2.393,1.314
-2.461,1.87
-2.41,1.585
-2.516,-0.493
-2.508,-0.07
-2.539,0.28
-2.562,1.882
-2.597,-0.556
-2.539,1.797
-2.59,0.481
-2.766,1.414
-2.942,1.018
-2.897,-0.628
-2.931,0.453
-3.017,2.073
-3.083,2.144
-3.106,1.595
3.125,0.652
3.102,2.163
3.074,1.357
3.097,-0.042
3.075,0.118
3.07,1.248
3.018,1.539
3.066,2.322
2.99,0.244
3.026,-1.218
3.028,-0.283
2.868,0.043
2.84,1.299
2.825,1.093
2.771,-1.386
2.552,-0.308
2.441,-0.657
2.38,0.385
2.289,1.511
2.353,-1.381
2.215,-1.233
2.183,-1.112
2.145,0.525
2.201,1.429
2.072,-0.693
1.534,-1.93
1.386,-1.532
0.501,-1.787
0.34,-1.599
0.006,-1.625
-0.114,-1.839
-0.864,-1.72
-1.402,-1.803
-2.437,-1.651
-2.806,-1.601
-3.012,-1.913
2.943,-2.026
2.998,-1.875
2.624,-1.723
2.623,-1.642
1.029,2.692
0.744,2.832
0.167,2.445
-0.075,2.845
-0.247,2.669
-0.379,2.603
-1.489,2.731
-2.379,2.723
2.916,2.517
2.874,2.883
2.668,2.834
2.66,2.626
-2.069,0.411
-2.2,1.922
2.774,1.903
2.634,-0.946
1.87,-0.425
1.834,-0.414
1.369,-0.574
1.161,1.028
1.11,0.319
0.909,-0.405
0.968,-0.2
0.855,0.664
0.829,-0.184
0.779,1.042
0.768,1.054
0.707,2.467
0.461,-1.323
0.585,0.135
0.552,1.201
0.303,-1.331
0.366,2.23
0.174,-0.452
0.204,1.509
0.219,-1.25
0.16,0.396
0.09,-0.969
-0.061,2.024
-0.114,0.313
-0.243,-0.507
-0.311,-0.78
-0.35,-1.273
-0.403,0.832
-0.673,1.997
-0.618,1.055
-0.629,0.758
-0.728,0.804
-0.951,-1.545
-0.893,-0.207
-1.056,0.171
-1.154,-0.225
-1.187,-1.18
-1.251,1.102
-1.296,2.14
-1.517,-0.168
-1.448,0.15
-1.627,1.178
-1.636,1.179
-1.604,-1.562
-1.625,2.166
-1.76,1.08
-1.807,1.454
-1.86,0.439
-1.849,-0.283
-1.911,-0.401
-1.946,2.386
-2.068,1.419
-2.111,1.033
-2.031,1.019
-2.191,-1.211
-2.281,2.046
-2.265,1.942
-2.498,-0.387
-2.428,2.325
-2.48,-0.209
-2.586,0.63
-2.525,-0.084
-2.622,-0.069
-2.612,0.655
-2.755,-0.087
-2.678,2.188
-2.804,-0.962
-2.924,-0.571
-3.038,0.641
-3.064,1.112
-3.048,0.862
-3.087,0.005
-2.987,0.392
-3.098,2.065
-3.102,0.958
3.036,0.581
3.093,2.392
2.957,0.022
3.068,-1.127
3.025,-0.041
2.678,0.3
2.293,2.085
2.378,-0.119
2.364,-1.051
2.097,-1.17
1.41,-1.885
0.776,-1.639
0.926,-1.869
0.359,-1.866
0.345,-1.854
-0.174,-1.914
-0.113,-1.698
-1.609,-1.834
-2.185,-1.973
-2.403,-1.859
2.591,-1.98
1.227,2.605
-0.163,2.568
-0.718,2.454
-0.776,2.747
-2.799,2.736
-2.736,2.548
2.043,2.758
-2.356,1.901
-2.552,0.994
-2.579,1.175
2.681,1.338
2.685,0.386
2.73,1.72
2.611,0.997
2.477,0.763
3.09,0.936
2.665,-0.585
2.492,-0.422
0.421,2.759
2.584,2.2
0.045,-2.38
0.008,-2.442
-0.048,-1.053
-0.095,-1.621
-0.127,-3.367
-0.101,-0.451
-0.297,-0.877
-0.249,-2.323
-0.38,-2.794
-0.347,-0.698
-0.423,-1.692
-0.365,-0.28
-0.395,-3.809
-0.501,-1.7
-0.523,-3.139
-0.525,-3.169
-0.68,-2.984
-0.663,-1.907
-0.643,-2.121
-0.686,-2.92
-0.956,-1.13
-1.167,-2.033
-1.332,-0.553
-1.308,-2.694
-1.397,-2.996
-1.41,-2.04
-1.495,0.107
-1.548,-0.042
-1.576,0.235
-1.584,-1.508
-1.661,-0.822
-1.669,-3.679
-1.669,-0.286
-1.967,-0.33
-1.902,-0.353
-1.998,-0.746
-2.046,-2.086
-2.092,-0.269
-2.16,-3.592
-2.158,-0.411
-2.116,-2.513
-2.205,-1.384
-2.249,-1.941
-2.268,-3.043
-2.296,-3.499
-2.284,-3.252
-2.402,-2.627
-2.414,-3.1
-2.357,-2.536
-2.368,-0.983
-2.436,-0.427
-2.385,-0.712
-2.491,-2.79
-2.483,-2.367
-2.514,-2.017
-2.537,-0.415
-2.572,-2.853
-2.514,-0.5
-2.565,-1.816
-2.741,-0.883
-2.917,-1.279
-2.872,-2.925
-2.906,-1.844
-2.992,-0.224
-3.058,-0.153
-3.081,-0.702
-3.133,-1.645
3.127,-0.134
3.099,-0.94
3.122,-2.339
3.1,-2.179
3.095,-1.049
3.043,-0.758
3.091,0.025
3.015,-2.053
3.051,-3.515
3.053,-2.58
2.893,-2.254
2.865,-0.998
2.85,-1.204
2.796,-3.683
2.577,-2.605
2.466,-2.954
2.405,-1.912
2.314,-0.786
2.378,-3.678
2.24,-3.53
2.208,-3.409
2.17,-1.772
2.226,-0.868
2.097,-2.99
1.559,-4.227
1.411,-3.829
0.526,-4.084
0.365,-3.896
0.031,-3.922
-0.089,-4.136
-0.839,-4.017
-1.377,-4.1
-2.412,-3.948
-2.781,-3.898
-2.987,-4.21
2.968,-4.323
3.023,-4.172
2.649,-4.02
2.648,-3.939
1.054,0.395
0.769,0.535
0.192,0.148
-0.05,0.548
-0.222,0.372
-0.354,0.306
-1.464,0.434
-2.354,0.426
2.941,0.22
2.899,0.586
2.693,0.537
2.685,0.329
-2.044,-1.886
-2.175,-0.375
2.799,-0.394
2.659,-3.243
1.895,-2.722
1.859,-2.711
1.394,-2.871
1.186,-1.269
1.135,-1.978
0.934,-2.702
0.993,-2.497
0.88,-1.633
0.854,-2.481
0.804,-1.255
0.793,-1.243
0.732,0.17
0.486,-3.62
0.61,-2.162
0.577,-1.096
0.328,-3.628
0.391,-0.067
0.199,-2.749
0.229,-0.788
0.244,-3.547
0.185,-1.901
0.115,-3.266
-0.036,-0.273
-0.089,-1.984
-0.218,-2.804
-0.286,-3.077
-0.325,-3.57
-0.378,-1.465
-0.648,-0.3
-0.593,-1.242
-0.604,-1.539
-0.703,-1.493
-0.926,-3.842
-0.868,-2.504
-1.031,-2.126
-1.129,-2.522
-1.162,-3.477
-1.226,-1.195
-1.271,-0.157
-1.492,-2.465
-1.423,-2.147
-1.602,-1.119
-1.611,-1.118
-1.579,-3.859
-1.6,-0.131
-1.735,-1.217
-1.782,-0.843
-1.835,-1.858
-1.824,-2.58
-1.886,-2.698
-1.921,0.089
-2.043,-0.878
-2.086,-1.264
-2.006,-1.278
-2.166,-3.508
-2.256,-0.251
-2.24,-0.355
-2.473,-2.684
-2.403,0.028
-2.455,-2.506
-2.561,-1.667
-2.5,-2.381
-2.597,-2.366
-2.587,-1.642
-2.73,-2.384
-2.653,-0.109
-2.779,-3.259
-2.899,-2.868
-3.013,-1.656
-3.039,-1.185
-3.023,-1.435
-3.062,-2.292
-2.962,-1.905
-3.073,-0.232
-3.077,-1.339
3.061,-1.716
3.118,0.095
2.982,-2.275
3.093,-3.424
3.05,-2.338
2.703,-1.997
2.318,-0.212
2.403,-2.416
2.389,-3.348
2.122,-3.467
1.435,-4.182
0.801,-3.936
0.951,-4.166
0.384,-4.163
0.37,-4.151
-0.149,-4.211
-0.088,-3.995
-1.584,-4.131
-2.16,-4.27
-2.378,-4.156
2.616,-4.277
1.252,0.308
-0.138,0.271
-0.693,0.157
-0.751,0.45
-2.774,0.439
-2.711,0.251
2.068,0.461
-2.331,-0.396
-2.527,-1.303
-2.554,-1.122
2.706,-0.959
2.71,-1.911
2.755,-0.577
2.636,-1.3
2.502,-1.534
3.115,-1.361
2.69,-2.882
2.517,-2.719
0.446,0.462
2.609,-0.097
-0.037,-0.062
-0.093,1.327
-0.14,0.759
-0.172,-0.987
-0.146,1.929
-0.342,1.503
-0.294,0.057
-0.425,-0.414
-0.392,1.682
-0.468,0.688
-0.41,2.1
-0.44,-1.429
-0.546,0.68
-0.568,-0.759
-0.57,-0.789
-0.725,-0.604
-0.708,0.473
-0.688,0.259
-0.731,-0.54
-1.001,1.25
-1.212,0.347
-1.377,1.827
-1.353,-0.314
-1.442,-0.616
-1.455,0.34
-1.54,2.487
-1.593,2.338
-1.621,2.615
-1.629,0.872
-1.706,1.558
-1.714,-1.299
-1.714,2.094
-2.012,2.05
-1.947,2.027
-2.043,1.634
-2.091,0.294
-2.137,2.111
-2.205,-1.212
-2.203,1.969
-2.161,-0.133
-2.25,0.996
-2.294,0.439
-2.313,-0.663
-2.341,-1.119
-2.329,-0.872
-2.447,-0.247
-2.459,-0.72
-2.402,-0.156
-2.413,1.397
-2.481,1.953
-2.43,1.668
-2.536,-0.41
-2.528,0.013
-2.559,0.363
-2.582,1.965
-2.617,-0.473
-2.559,1.88
-2.61,0.564
-2.786,1.497
-2.962,1.101
-2.917,-0.545
-2.951,0.536
-3.037,2.156
-3.103,2.227
-3.126,1.678
3.105,0.735
3.082,2.246
3.054,1.44
3.077,0.041
3.055,0.201
3.05,1.331
2.998,1.622
3.046,2.405
2.97,0.327
3.006,-1.135
3.008,-0.2
2.848,0.126
2.82,1.382
2.805,1.176
2.751,-1.303
2.532,-0.225
2.421,-0.574
2.36,0.468
2.269,1.594
2.333,-1.298
2.195,-1.15
2.163,-1.029
2.125,0.608
2.181,1.512
2.052,-0.61
1.514,-1.847
1.366,-1.449
0.481,-1.704
0.32,-1.516
-0.014,-1.542
-0.134,-1.756
-0.884,-1.637
-1.422,-1.72
-2.457,-1.568
-2.826,-1.518
-3.032,-1.83
2.923,-1.943
2.978,-1.792
2.604,-1.64
2.603,-1.559
1.009,2.775
0.724,2.915
0.147,2.528
-0.095,2.928
-0.267,2.752
-0.399,2.686
-1.509,2.814
-2.399,2.806
2.896,2.6
2.854,2.966
2.648,2.917
2.64,2.709
-2.089,0.494
-2.22,2.005
2.754,1.986
2.614,-0.863
1.85,-0.342
1.814,-0.331
1.349,-0.491
1.141,1.111
1.09,0.402
0.889,-0.322
0.948,-0.117
0.835,0.747
0.809,-0.101
0.759,1.125
0.748,1.137
0.687,2.55
0.441,-1.24
0.565,0.218
0.532,1.284
0.283,-1.248
0.346,2.313
0.154,-0.369
0.184,1.592
0.199,-1.167
0.14,0.479
0.07,-0.886
-0.081,2.107
-0.134,0.396
-0.263,-0.424
-0.331,-0.697
-0.37,-1.19
-0.423,0.915
-0.693,2.08
-0.638,1.138
-0.649,0.841
-0.748,0.887
-0.971,-1.462
-0.913,-0.124
-1.076,0.254
-1.174,-0.142
-1.207,-1.097
-1.271,1.185
-1.316,2.223
-1.537,-0.085
-1.468,0.233
-1.647,1.261
-1.656,1.262
-1.624,-1.479
-1.645,2.249
-1.78,1.163
-1.827,1.537
-1.88,0.522
-1.869,-0.2
-1.931,-0.318
-1.966,2.469
-2.088,1.502
-2.131,1.116
-2.051,1.102
-2.211,-1.128
-2.301,2.129
-2.285,2.025
-2.518,-0.304
-2.448,2.408
-2.5,-0.126
-2.606,0.713
-2.545,-0.001
-2.642,0.014
-2.632,0.738
-2.775,-0.004
-2.698,2.271
-2.824,-0.879
-2.944,-0.488
-3.058,0.724
-3.084,1.195
-3.068,0.945
-3.107,0.088
-3.007,0.475
-3.118,2.148
-3.122,1.041
3.016,0.664
3.073,2.475
2.937,0.105
3.048,-1.044
3.005,0.042
2.658,0.383
2.273,2.168
2.358,-0.036
2.344,-0.968
2.077,-1.087
1.39,-1.802
0.756,-1.556
0.906,-1.786
0.339,-1.783
0.325,-1.771
-0.194,-1.831
-0.133,-1.615
-1.629,-1.751
-2.205,-1.89
-2.423,-1.776
2.571,-1.897
1.207,2.688
-0.183,2.651
-0.738,2.537
-0.796,2.83
-2.819,2.819
-2.756,2.631
2.023,2.841
-2.376,1.984
-2.572,1.077
-2.599,1.258
2.661,1.421
2.665,0.469
2.71,1.803
2.591,1.08
2.457,0.846
3.07,1.019
2.645,-0.502
2.472,-0.339
0.401,2.842
2.564,2.283
-0.056,1.389
-0.103,0.821
-0.135,-0.925
-0.109,1.991
-0.305,1.565
-0.257,0.119
-0.388,-0.352
-0.355,1.744
-0.431,0.75
-0.373,2.162
-0.403,-1.367
-0.509,0.742
-0.531,-0.697
-0.533,-0.727
-0.688,-0.542
-0.671,0.535
-0.651,0.321
-0.694,-0.478
-0.964,1.312
-1.175,0.409
-1.34,1.889
-1.316,-0.252
-1.405,-0.554
-1.418,0.402
-1.503,2.549
-1.556,2.4
-1.584,2.677
-1.592,0.934
-1.669,1.62
-1.677,-1.237
-1.677,2.156
-1.975,2.112
-1.91,2.089
-2.006,1.696
-2.054,0.356
-2.1,2.173
-2.168,-1.15
-2.166,2.031
-2.124,-0.071
-2.213,1.058
-2.257,0.501
-2.276,-0.601
-2.304,-1.057
-2.292,-0.81
-2.41,-0.185
-2.422,-0.658
-2.365,-0.094
-2.376,1.459
-2.444,2.015
-2.393,1.73
-2.499,-0.348
-2.491,0.075
-2.522,0.425
-2.545,2.027
-2.58,-0.411
-2.522,1.942
-2.573,0.626
-2.749,1.559
-2.925,1.163
-2.88,-0.483
-2.914,0.598
-3.0,2.218
-3.066,2.289
-3.089,1.74
-3.141,0.797
3.119,2.308
3.091,1.502
3.114,0.103
3.092,0.263
3.087,1.393
3.035,1.684
3.083,2.467
3.007,0.389
3.043,-1.073
3.045,-0.138
2.885,0.188
2.857,1.444
2.842,1.238
2.788,-1.241
2.569,-0.163
2.458,-0.512
2.397,0.53
2.306,1.656
2.37,-1.236
2.232,-1.088
2.2,-0.967
2.162,0.67
2.218,1.574
2.089,-0.548
1.551,-1.785
1.403,-1.387
0.518,-1.642
0.357,-1.454
0.023,-1.48
-0.097,-1.694
-0.847,-1.575
-1.385,-1.658
-2.42,-1.506
-2.789,-1.456
-2.995,-1.768
2.96,-1.881
3.015,-1.73
2.641,-1.578
2.64,-1.497
1.046,2.837
0.761,2.977
0.184,2.59
-0.058,2.99
-0.23,2.814
-0.362,2.748
-1.472,2.876
-2.362,2.868
2.933,2.662
2.891,3.028
2.685,2.979
2.677,2.771
-2.052,0.556
-2.183,2.067
2.791,2.048
2.651,-0.801
1.887,-0.28
1.851,-0.269
1.386,-0.429
1.178,1.173
1.127,0.464
0.926,-0.26
0.985,-0.055
0.872,0.809
0.846,-0.039
0.796,1.187
0.785,1.199
0.724,2.612
0.478,-1.178
0.602,0.28
0.569,1.346
0.32,-1.186
0.383,2.375
0.191,-0.307
0.221,1.654
0.236,-1.105
0.177,0.541
0.107,-0.824
-0.044,2.169
-0.097,0.458
-0.226,-0.362
-0.294,-0.635
-0.333,-1.128
-0.386,0.977
-0.656,2.142
-0.601,1.2
-0.612,0.903
-0.711,0.949
-0.934,-1.4
-0.876,-0.062
-1.039,0.316
-1.137,-0.08
-1.17,-1.035
-1.234,1.247
-1.279,2.285
-1.5,-0.023
-1.431,0.295
-1.61,1.323
-1.619,1.324
-1.587,-1.417
-1.608,2.311
-1.743,1.225
-1.79,1.599
-1.843,0.584
-1.832,-0.138
-1.894,-0.256
-1.929,2.531
-2.051,1.564
-2.094,1.178
-2.014,1.164
-2.174,-1.066
-2.264,2.191
-2.248,2.087
-2.481,-0.242
-2.411,2.47
-2.463,-0.064
-2.569,0.775
-2.508,0.061
-2.605,0.076
-2.595,0.8
-2.738,0.058
-2.661,2.333
-2.787,-0.817
-2.907,-0.426
-3.021,0.786
-3.047,1.257
-3.031,1.007
-3.07,0.15
-2.97,0.537
-3.081,2.21
-3.085,1.103
3.053,0.726
3.11,2.537
2.974,0.167
3.085,-0.982
3.042,0.104
2.695,0.445
2.31,2.23
2.395,0.026
2.381,-0.906
2.114,-1.025
1.427,-1.74
0.793,-1.494
0.943,-1.724
0.376,-1.721
0.362,-1.709
-0.157,-1.769
-0.096,-1.553
-1.592,-1.689
-2.168,-1.828
-2.386,-1.714
2.608,-1.835
1.244,2.75
-0.146,2.713
-0.701,2.599
-0.759,2.892
-2.782,2.881
-2.719,2.693
2.06,2.903
-2.339,2.046
-2.535,1.139
-2.562,1.32
2.698,1.483
2.702,0.531
2.747,1.865
2.628,1.142
2.494,0.908
3.107,1.081
2.682,-0.44
2.509,-0.277
0.438,2.904
2.601,2.345
-0.047,-0.568
-0.079,-2.314
-0.053,0.602
-0.249,0.176
-0.201,-1.27
-0.332,-1.741
-0.299,0.355
-0.375,-0.639
-0.317,0.773
-0.347,-2.756
-0.453,-0.647
-0.475,-2.086
-0.477,-2.116
-0.632,-1.931
-0.615,-0.854
-0.595,-1.068
-0.638,-1.867
-0.908,-0.077
-1.119,-0.98
-1.284,0.5
-1.26,-1.641
-1.349,-1.943
-1.362,-0.987
-1.447,1.16
-1.5,1.011
-1.528,1.288
-1.536,-0.455
-1.613,0.231
-1.621,-2.626
-1.621,0.767
-1.919,0.723
-1.854,0.7
-1.95,0.307
-1.998,-1.033
-2.044,0.784
-2.112,-2.539
-2.11,0.642
-2.068,-1.46
-2.157,-0.331
-2.201,-0.888
-2.22,-1.99
-2.248,-2.446
-2.236,-2.199
-2.354,-1.574
-2.366,-2.047
-2.309,-1.483
-2.32,0.07
-2.388,0.626
-2.337,0.341
-2.443,-1.737
-2.435,-1.314
-2.466,-0.964
-2.489,0.638
-2.524,-1.8
-2.466,0.553
-2.517,-0.763
-2.693,0.17
-2.869,-0.226
-2.824,-1.872
-2.858,-0.791
-2.944,0.829
-3.01,0.9
-3.033,0.351
-3.085,-0.592
-3.108,0.919
-3.136,0.113
-3.113,-1.286
-3.135,-1.126
-3.14,0.004
3.091,0.295
3.139,1.078
3.063,-1.0
3.099,-2.462
3.101,-1.527
2.941,-1.201
2.913,0.055
2.898,-0.151
2.844,-2.63
2.625,-1.552
2.514,-1.901
2.453,-0.859
2.362,0.267
2.426,-2.625
2.288,-2.477
2.256,-2.356
2.218,-0.719
2.274,0.185
2.145,-1.937
1.607,-3.174
1.459,-2.776
0.574,-3.031
0.413,-2.843
0.079,-2.869
-0.041,-3.083
-0.791,-2.964
-1.329,-3.047
-2.364,-2.895
-2.733,-2.845
-2.939,-3.157
3.016,-3.27
3.071,-3.119
2.697,-2.967
2.696,-2.886
1.102,1.448
0.817,1.588
0.24,1.201
-0.002,1.601
-0.174,1.425
-0.306,1.359
-1.416,1.487
-2.306,1.479
2.989,1.273
2.947,1.639
2.741,1.59
2.733,1.382
-1.996,-0.833
-2.127,0.678
2.847,0.659
2.707,-2.19
1.943,-1.669
1.907,-1.658
1.442,-1.818
1.234,-0.216
1.183,-0.925
0.982,-1.649
1.041,-1.444
0.928,-0.58
0.902,-1.428
0.852,-0.202
0.841,-0.19
0.78,1.223
0.534,-2.567
0.658,-1.109
0.625,-0.043
0.376,-2.575
0.439,0.986
0.247,-1.696
0.277,0.265
0.292,-2.494
0.233,-0.848
0.163,-2.213
0.012,0.78
-0.041,-0.931
-0.17,-1.751
-0.238,-2.024
-0.277,-2.517
-0.33,-0.412
-0.6,0.753
-0.545,-0.189
-0.556,-0.486
-0.655,-0.44
-0.878,-2.789
-0.82,-1.451
-0.983,-1.073
-1.081,-1.469
-1.114,-2.424
-1.178,-0.142
-1.223,0.896
-1.444,-1.412
-1.375,-1.094
-1.554,-0.066
-1.563,-0.065
-1.531,-2.806
-1.552,0.922
-1.687,-0.164
-1.734,0.21
-1.787,-0.805
-1.776,-1.527
-1.838,-1.645
-1.873,1.142
-1.995,0.175
-2.038,-0.211
-1.958,-0.225
-2.118,-2.455
-2.208,0.802
-2.192,0.698
-2.425,-1.631
-2.355,1.081
-2.407,-1.453
-2.513,-0.614
-2.452,-1.328
-2.549,-1.313
-2.539,-0.589
-2.682,-1.331
-2.605,0.944
-2.731,-2.206
-2.851,-1.815
-2.965,-0.603
-2.991,-0.132
-2.975,-0.382
-3.014,-1.239
-2.914,-0.852
-3.025,0.821
-3.029,-0.286
3.109,-0.663
-3.117,1.148
3.03,-1.222
3.141,-2.371
3.098,-1.285
2.751,-0.944
2.366,0.841
2.451,-1.363
2.437,-2.295
2.17,-2.414
1.483,-3.129
0.849,-2.883
0.999,-3.113
0.432,-3.11
0.418,-3.098
-0.101,-3.158
-0.04,-2.942
-1.536,-3.078
-2.112,-3.217
-2.33,-3.103
2.664,-3.224
1.3,1.361
-0.09,1.324
-0.645,1.21
-0.703,1.503
-2.726,1.492
-2.663,1.304
2.116,1.514
-2.283,0.657
-2.479,-0.25
-2.506,-0.069
2.754,0.094
2.758,-0.858
2.803,0.476
2.684,-0.247
2.55,-0.481
-3.12,-0.308
2.738,-1.829
2.565,-1.666
0.494,1.515
2.657,0.956
-0.032,-1.746
-0.006,1.17
-0.202,0.744
-0.154,-0.702
-0.285,-1.173
-0.252,0.923
-0.328,-0.071
-0.27,1.341
-0.3,-2.188
-0.406,-0.079
-0.428,-1.518
-0.43,-1.548
-0.585,-1.363
-0.568,-0.286
-0.548,-0.5
-0.591,-1.299
-0.861,0.491
-1.072,-0.412
-1.237,1.068
-1.213,-1.073
-1.302,-1.375
-1.315,-0.419
-1.4,1.728
-1.453,1.579
-1.481,1.856
-1.489,0.113
-1.566,0.799
-1.574,-2.058
-1.574,1.335
-1.872,1.291
-1.807,1.268
-1.903,0.875
-1.951,-0.465
-1.997,1.352
-2.065,-1.971
-2.063,1.21
-2.021,-0.892
-2.11,0.237
-2.154,-0.32
-2.173,-1.422
-2.201,-1.878
-2.189,-1.631
-2.307,-1.006
-2.319,-1.479
-2.262,-0.915
-2.273,0.638
-2.341,1.194
-2.29,0.909
-2.396,-1.169
-2.388,-0.746
-2.419,-0.396
-2.442,1.206
-2.477,-1.232
-2.419,1.121
-2.47,-0.195
-2.646,0.738
-2.822,0.342
-2.777,-1.304
-2.811,-0.223
-2.897,1.397
-2.963,1.468
-2.986,0.919
-3.038,-0.024
-3.061,1.487
-3.089,0.681
-3.066,-0.718
-3.088,-0.558
-3.093,0.572
3.138,0.863
-3.097,1.646
3.11,-0.432
-3.137,-1.894
-3.135,-0.959
2.988,-0.633
2.96,0.623
2.945,0.417
2.891,-2.062
2.672,-0.984
2.561,-1.333
2.5,-0.291
2.409,0.835
2.473,-2.057
2.335,-1.909
2.303,-1.788
2.265,-0.151
2.321,0.753
2.192,-1.369
1.654,-2.606
1.506,-2.208
0.621,-2.463
0.46,-2.275
0.126,-2.301
0.006,-2.515
-0.744,-2.396
-1.282,-2.479
-2.317,-2.327
-2.686,-2.277
-2.892,-2.589
3.063,-2.702
3.118,-2.551
2.744,-2.399
2.743,-2.318
1.149,2.016
0.864,2.156
0.287,1.769
0.045,2.169
-0.127,1.993
-0.259,1.927
-1.369,2.055
-2.259,2.047
3.036,1.841
2.994,2.207
2.788,2.158
2.78,1.95
-1.949,-0.265
-2.08,1.246
2.894,1.227
2.754,-1.622
1.99,-1.101
1.954,-1.09
1.489,-1.25
1.281,0.352
1.23,-0.357
1.029,-1.081
1.088,-0.876
0.975,-0.012
0.949,-0.86
0.899,0.366
0.888,0.378
0.827,1.791
0.581,-1.999
0.705,-0.541
0.672,0.525
0.423,-2.007
0.486,1.554
0.294,-1.128
0.324,0.833
0.339,-1.926
0.28,-0.28
0.21,-1.645
0.059,1.348
0.006,-0.363
-0.123,-1.183
-0.191,-1.456
-0.23,-1.949
-0.283,0.156
-0.553,1.321
-0.498,0.379
-0.509,0.082
-0.608,0.128
-0.831,-2.221
-0.773,-0.883
-0.936,-0.505
-1.034,-0.901
-1.067,-1.856
-1.131,0.426
-1.176,1.464
-1.397,-0.844
-1.328,-0.526
-1.507,0.502
-1.516,0.503
-1.484,-2.238
-1.505,1.49
-1.64,0.404
-1.687,0.778
-1.74,-0.237
-1.729,-0.959
-1.791,-1.077
-1.826,1.71
-1.948,0.743
-1.991,0.357
-1.911,0.343
-2.071,-1.887
-2.161,1.37
-2.145,1.266
-2.378,-1.063
-2.308,1.649
-2.36,-0.885
-2.466,-0.046
-2.405,-0.76
-2.502,-0.745
-2.492,-0.021
-2.635,-0.763
-2.558,1.512
-2.684,-1.638
-2.804,-1.247
-2.918,-0.035
-2.944,0.436
-2.928,0.186
-2.967,-0.671
-2.867,-0.284
-2.978,1.389
-2.982,0.282
-3.127,-0.095
-3.07,1.716
3.077,-0.654
-3.095,-1.803
-3.138,-0.717
2.798,-0.376
2.413,1.409
2.498,-0.795
2.484,-1.727
2.217,-1.846
1.53,-2.561
0.896,-2.315
1.046,-2.545
0.479,-2.542
0.465,-2.53
-0.054,-2.59
0.007,-2.374
-1.489,-2.51
-2.065,-2.649
-2.283,-2.535
2.711,-2.656
1.347,1.929
-0.043,1.892
-0.598,1.778
-0.656,2.071
-2.679,2.06
-2.616,1.872
2.163,2.082
-2.236,1.225
-2.432,0.318
-2.459,0.499
2.801,0.662
2.805,-0.29
2.85,1.044
2.731,0.321
2.597,0.087
-3.073,0.26
2.785,-1.261
2.612,-1.098
0.541,2.083
2.704,1.524
0.026,2.916
-0.17,2.49
-0.122,1.044
-0.253,0.573
-0.22,2.669
-0.296,1.675
-0.238,3.087
-0.268,-0.442
-0.374,1.667
-0.396,0.228
-0.398,0.198
-0.553,0.383
-0.536,1.46
-0.516,1.246
-0.559,0.447
-0.829,2.237
-1.04,1.334
-1.205,2.814
-1.181,0.673
-1.27,0.371
-1.283,1.327
-1.368,3.474
-1.421,3.325
-1.449,3.602
-1.457,1.859
-1.534,2.545
-1.542,-0.312
-1.542,3.081
-1.84,3.037
-1.775,3.014
-1.871,2.621
-1.919,1.281
-1.965,3.098
-2.033,-0.225
-2.031,2.956
-1.989,0.854
-2.078,1.983
-2.122,1.426
-2.141,0.324
-2.169,-0.132
-2.157,0.115
-2.275,0.74
-2.287,0.267
-2.23,0.831
-2.241,2.384
-2.309,2.94
-2.258,2.655
-2.364,0.577
-2.356,1.0
-2.387,1.35
-2.41,2.952
-2.445,0.514
-2.387,2.867
-2.438,1.551
-2.614,2.484
-2.79,2.088
-2.745,0.442
-2.779,1.523
-2.865,3.143
-2.931,3.214
-2.954,2.665
-3.006,1.722
-3.029,3.233
-3.057,2.427
-3.034,1.028
-3.056,1.188
-3.061,2.318
-3.113,2.609
-3.065,3.392
-3.141,1.314
-3.105,-0.148
-3.103,0.787
3.02,1.113
2.992,2.369
2.977,2.163
2.923,-0.316
2.704,0.762
2.593,0.413
2.532,1.455
2.441,2.581
2.505,-0.311
2.367,-0.163
2.335,-0.042
2.297,1.595
2.353,2.499
2.224,0.377
1.686,-0.86
1.538,-0.462
0.653,-0.717
0.492,-0.529
0.158,-0.555
0.038,-0.769
-0.712,-0.65
-1.25,-0.733
-2.285,-0.581
-2.654,-0.531
-2.86,-0.843
3.095,-0.956
-3.133,-0.805
2.776,-0.653
2.775,-0.572
1.181,3.762
0.896,3.902
0.319,3.515
0.077,3.915
-0.095,3.739
-0.227,3.673
-1.337,3.801
-2.227,3.793
3.068,3.587
3.026,3.953
2.82,3.904
2.812,3.696
-1.917,1.481
-2.048,2.992
2.926,2.973
2.786,0.124
2.022,0.645
1.986,0.656
1.521,0.496
1.313,2.098
1.262,1.389
1.061,0.665
1.12,0.87
1.007,1.734
0.981,0.886
0.931,2.112
0.92,2.124
0.859,3.537
0.613,-0.253
0.737,1.205
0.704,2.271
0.455,-0.261
0.518,3.3
0.326,0.618
0.356,2.579
0.371,-0.18
0.312,1.466
0.242,0.101
0.091,3.094
0.038,1.383
-0.091,0.563
-0.159,0.29
-0.198,-0.203
-0.251,1.902
-0.521,3.067
-0.466,2.125
-0.477,1.828
-0.576,1.874
-0.799,-0.475
-0.741,0.863
-0.904,1.241
-1.002,0.845
-1.035,-0.11
-1.099,2.172
-1.144,3.21
-1.365,0.902
-1.296,1.22
-1.475,2.248
-1.484,2.249
-1.452,-0.492
-1.473,3.236
-1.608,2.15
-1.655,2.524
-1.708,1.509
-1.697,0.787
-1.759,0.669
-1.794,3.456
-1.916,2.489
-1.959,2.103
-1.879,2.089
-2.039,-0.141
-2.129,3.116
-2.113,3.012
-2.346,0.683
-2.276,3.395
-2.328,0.861
-2.434,1.7
-2.373,0.986
-2.47,1.001
-2.46,1.725
-2.603,0.983
-2.526,3.258
-2.652,0.108
-2.772,0.499
-2.886,1.711
-2.912,2.182
-2.896,1.932
-2.935,1.075
-2.835,1.462
-2.946,3.135
-2.95,2.028
-3.095,1.651
-3.038,3.462
3.109,1.092
-3.063,-0.057
-3.106,1.029
2.83,1.37
2.445,3.155
2.53,0.951
2.516,0.019
2.249,-0.1
1.562,-0.815
0.928,-0.569
1.078,-0.799
0.511,-0.796
0.497,-0.784
-0.022,-0.844
0.039,-0.628
-1.457,-0.764
-2.033,-0.903
-2.251,-0.789
2.743,-0.91
1.379,3.675
-0.011,3.638
-0.566,3.524
-0.624,3.817
-2.647,3.806
-2.584,3.618
2.195,3.828
-2.204,2.971
-2.4,2.064
-2.427,2.245
2.833,2.408
2.837,1.456
2.882,2.79
2.763,2.067
2.629,1.833
-3.041,2.006
2.817,0.485
2.644,0.648
0.573,3.829
2.736,3.27
-0.196,-0.426
-0.148,-1.872
-0.279,-2.343
-0.246,-0.247
-0.322,-1.241
-0.264,0.171
-0.294,-3.358
-0.4,-1.249
-0.422,-2.688
-0.424,-2.718
-0.579,-2.533
-0.562,-1.456
-0.542,-1.67
-0.585,-2.469
-0.855,-0.679
-1.066,-1.582
-1.231,-0.102
-1.207,-2.243
-1.296,-2.545
-1.309,-1.589
-1.394,0.558
-1.447,0.409
-1.475,0.686
-1.483,-1.057
-1.56,-0.371
-1.568,-3.228
-1.568,0.165
-1.866,0.121
-1.801,0.098
-1.897,-0.295
-1.945,-1.635
-1.991,0.182
-2.059,-3.141
-2.057,0.04
-2.015,-2.062
-2.104,-0.933
-2.148,-1.49
-2.167,-2.592
-2.195,-3.048
-2.183,-2.801
-2.301,-2.176
-2.313,-2.649
-2.256,-2.085
-2.267,-0.532
-2.335,0.024
-2.284,-0.261
-2.39,-2.339
-2.382,-1.916
-2.413,-1.566
-2.436,0.036
-2.471,-2.402
-2.413,-0.049
-2.464,-1.365
-2.64,-0.432
-2.816,-0.828
-2.771,-2.474
-2.805,-1.393
-2.891,0.227
-2.957,0.298
-2.98,-0.251
-3.032,-1.194
-3.055,0.317
-3.083,-0.489
-3.06,-1.888
-3.082,-1.728
-3.087,-0.598
-3.139,-0.307
-3.091,0.476
3.116,-1.602
-3.131,-3.064
-3.129,-2.129
2.994,-1.803
2.966,-0.547
2.951,-0.753
2.897,-3.232
2.678,-2.154
2.567,-2.503
2.506,-1.461
2.415,-0.335
2.479,-3.227
2.341,-3.079
2.309,-2.958
2.271,-1.321
2.327,-0.417
2.198,-2.539
1.66,-3.776
1.512,-3.378
0.627,-3.633
0.466,-3.445
0.132,-3.471
0.012,-3.685
-0.738,-3.566
-1.276,-3.649
-2.311,-3.497
-2.68,-3.447
-2.886,-3.759
3.069,-3.872
3.124,-3.721
2.75,-3.569
2.749,-3.488
1.155,0.846
0.87,0.986
0.293,0.599
0.051,0.999
-0.121,0.823
-0.253,0.757
-1.363,0.885
-2.253,0.877
3.042,0.671
3.0,1.037
2.794,0.988
2.786,0.78
-1.943,-1.435
-2.074,0.076
2.9,0.057
2.76,-2.792
1.996,-2.271
1.96,-2.26
1.495,-2.42
1.287,-0.818
1.236,-1.527
1.035,-2.251
1.094,-2.046
0.981,-1.182
0.955,-2.03
0.905,-0.804
0.894,-0.792
0.833,0.621
0.587,-3.169
0.711,-1.711
0.678,-0.645
0.429,-3.177
0.492,0.384
0.3,-2.298
0.33,-0.337
0.345,-3.096
0.286,-1.45
0.216,-2.815
0.065,0.178
0.012,-1.533
-0.117,-2.353
-0.185,-2.626
-0.224,-3.119
-0.277,-1.014
-0.547,0.151
-0.492,-0.791
-0.503,-1.088
-0.602,-1.042
-0.825,-3.391
-0.767,-2.053
-0.93,-1.675
-1.028,-2.071
-1.061,-3.026
-1.125,-0.744
-1.17,0.294
-1.391,-2.014
-1.322,-1.696
-1.501,-0.668
-1.51,-0.667
-1.478,-3.408
-1.499,0.32
-1.634,-0.766
-1.681,-0.392
-1.734,-1.407
-1.723,-2.129
-1.785,-2.247
-1.82,0.54
-1.942,-0.427
-1.985,-0.813
-1.905,-0.827
-2.065,-3.057
-2.155,0.2
-2.139,0.096
-2.372,-2.233
-2.302,0.479
-2.354,-2.055
-2.46,-1.216
-2.399,-1.93
-2.496,-1.915
-2.486,-1.191
-2.629,-1.933
-2.552,0.342
-2.678,-2.808
-2.798,-2.417
-2.912,-1.205
-2.938,-0.734
-2.922,-0.984
-2.961,-1.841
-2.861,-1.454
-2.972,0.219
-2.976,-0.888
-3.121,-1.265
-3.064,0.546
3.083,-1.824
-3.089,-2.973
-3.132,-1.887
2.804,-1.546
2.419,0.239
2.504,-1.965
2.49,-2.897
2.223,-3.016
1.536,-3.731
0.902,-3.485
1.052,-3.715
0.485,-3.712
0.471,-3.7
-0.048,-3.76
0.013,-3.544
-1.483,-3.68
-2.059,-3.819
-2.277,-3.705
2.717,-3.826
1.353,0.759
-0.037,0.722
-0.592,0.608
-0.65,0.901
-2.673,0.89
-2.61,0.702
2.169,0.912
-2.23,0.055
-2.426,-0.852
-2.453,-0.671
2.807,-0.508
2.811,-1.46
2.856,-0.126
2.737,-0.849
2.603,-1.083
-3.067,-0.91
2.791,-2.431
2.618,-2.268
0.547,0.913
2.71,0.354
0.048,-1.446
-0.083,-1.917
-0.05,0.179
-0.126,-0.815
-0.068,0.597
-0.098,-2.932
-0.204,-0.823
-0.226,-2.262
-0.228,-2.292
-0.383,-2.107
-0.366,-1.03
-0.346,-1.244
-0.389,-2.043
-0.659,-0.253
-0.87,-1.156
-1.035,0.324
-1.011,-1.817
-1.1,-2.119
-1.113,-1.163
-1.198,0.984
-1.251,0.835
-1.279,1.112
-1.287,-0.631
-1.364,0.055
-1.372,-2.802
-1.372,0.591
-1.67,0.547
-1.605,0.524
-1.701,0.131
-1.749,-1.209
-1.795,0.608
-1.863,-2.715
-1.861,0.466
-1.819,-1.636
-1.908,-0.507
-1.952,-1.064
-1.971,-2.166
-1.999,-2.622
-1.987,-2.375
-2.105,-1.75
-2.117,-2.223
-2.06,-1.659
-2.071,-0.106
-2.139,0.45
-2.088,0.165
-2.194,-1.913
-2.186,-1.49
-2.217,-1.14
-2.24,0.462
-2.275,-1.976
-2.217,0.377
-2.268,-0.939
-2.444,-0.006
-2.62,-0.402
-2.575,-2.048
-2.609,-0.967
-2.695,0.653
-2.761,0.724
-2.784,0.175
-2.836,-0.768
-2.859,0.743
-2.887,-0.063
-2.864,-1.462
-2.886,-1.302
-2.891,-0.172
-2.943,0.119
-2.895,0.902
-2.971,-1.176
-2.935,-2.638
-2.933,-1.703
-3.093,-1.377
-3.121,-0.121
-3.136,-0.327
3.093,-2.806
2.874,-1.728
2.763,-2.077
2.702,-1.035
2.611,0.091
2.675,-2.801
2.537,-2.653
2.505,-2.532
2.467,-0.895
2.523,0.009
2.394,-2.113
1.856,-3.35
1.708,-2.952
0.823,-3.207
0.662,-3.019
0.328,-3.045
0.208,-3.259
-0.542,-3.14
-1.08,-3.223
-2.115,-3.071
-2.484,-3.021
-2.69,-3.333
-3.018,-3.446
-2.963,-3.295
2.946,-3.143
2.945,-3.062
1.351,1.272
1.066,1.412
0.489,1.025
0.247,1.425
0.075,1.249
-0.057,1.183
-1.167,1.311
-2.057,1.303
-3.045,1.097
-3.087,1.463
2.99,1.414
2.982,1.206
-1.747,-1.009
-1.878,0.502
3.096,0.483
2.956,-2.366
2.192,-1.845
2.156,-1.834
1.691,-1.994
1.483,-0.392
1.432,-1.101
1.231,-1.825
1.29,-1.62
1.177,-0.756
1.151,-1.604
1.101,-0.378
1.09,-0.366
1.029,1.047
0.783,-2.743
0.907,-1.285
0.874,-0.219
0.625,-2.751
0.688,0.81
0.496,-1.872
0.526,0.089
0.541,-2.67
0.482,-1.024
0.412,-2.389
0.261,0.604
0.208,-1.107
0.079,-1.927
0.011,-2.2
-0.028,-2.693
-0.081,-0.588
-0.351,0.577
-0.296,-0.365
-0.307,-0.662
-0.406,-0.616
-0.629,-2.965
-0.571,-1.627
-0.734,-1.249
-0.832,-1.645
-0.865,-2.6
-0.929,-0.318
-0.974,0.72
-1.195,-1.588
-1.126,-1.27
-1.305,-0.242
-1.314,-0.241
-1.282,-2.982
-1.303,0.746
-1.438,-0.34
-1.485,0.034
-1.538,-0.981
-1.527,-1.703
-1.589,-1.821
-1.624,0.966
-1.746,-0.001
-1.789,-0.387
-1.709,-0.401
-1.869,-2.631
-1.959,0.626
-1.943,0.522
-2.176,-1.807
-2.106,0.905
-2.158,-1.629
-2.264,-0.79
-2.203,-1.504
-2.3,-1.489
-2.29,-0.765
-2.433,-1.507
-2.356,0.768
-2.482,-2.382
-2.602,-1.991
-2.716,-0.779
-2.742,-0.308
-2.726,-0.558
-2.765,-1.415
-2.665,-1.028
-2.776,0.645
-2.78,-0.462
-2.925,-0.839
-2.868,0.972
-3.004,-1.398
-2.893,-2.547
-2.936,-1.461
3.0,-1.12
2.615,0.665
2.7,-1.539
2.686,-2.471
2.419,-2.59
1.732,-3.305
1.098,-3.059
1.248,-3.289
0.681,-3.286
0.667,-3.274
0.148,-3.334
0.209,-3.118
-1.287,-3.254
-1.863,-3.393
-2.081,-3.279
2.913,-3.4
1.549,1.185
0.159,1.148
-0.396,1.034
-0.454,1.327
-2.477,1.316
-2.414,1.128
2.365,1.338
-2.034,0.481
-2.23,-0.426
-2.257,-0.245
3.003,-0.082
3.007,-1.034
3.052,0.3
2.933,-0.423
2.799,-0.657
-2.871,-0.484
2.987,-2.005
2.814,-1.842
0.743,1.339
2.906,0.78
-0.131,-0.471
-0.098,1.625
-0.174,0.631
-0.116,2.043
-0.146,-1.486
-0.252,0.623
-0.274,-0.816
-0.276,-0.846
-0.431,-0.661
-0.414,0.416
-0.394,0.202
-0.437,-0.597
-0.707,1.193
-0.918,0.29
-1.083,1.77
-1.059,-0.371
-1.148,-0.673
-1.161,0.283
-1.246,2.43
-1.299,2.281
-1.327,2.558
-1.335,0.815
-1.412,1.501
-1.42,-1.356
-1.42,2.037
-1.718,1.993
-1.653,1.97
-1.749,1.577
-1.797,0.237
-1.843,2.054
-1.911,-1.269
-1.909,1.912
-1.867,-0.19
-1.956,0.939
-2.0,0.382
-2.019,-0.72
-2.047,-1.176
-2.035,-0.929
-2.153,-0.304
-2.165,-0.777
-2.108,-0.213
-2.119,1.34
-2.187,1.896
-2.136,1.611
-2.242,-0.467
-2.234,-0.044
-2.265,0.306
-2.288,1.908
-2.323,-0.53
-2.265,1.823
-2.316,0.507
-2.492,1.44
-2.668,1.044
-2.623,-0.602
-2.657,0.479
-2.743,2.099
-2.809,2.17
-2.832,1.621
-2.884,0.678
-2.907,2.189
-2.935,1.383
-2.912,-0.016
-2.934,0.144
-2.939,1.274
-2.991,1.565
-2.943,2.348
-3.019,0.27
-2.983,-1.192
-2.981,-0.257
-3.141,0.069
3.114,1.325
3.099,1.119
3.045,-1.36
2.826,-0.282
2.715,-0.631
2.654,0.411
2.563,1.537
2.627,-1.355
2.489,-1.207
2.457,-1.086
2.419,0.551
2.475,1.455
2.346,-0.667
1.808,-1.904
1.66,-1.506
0.775,-1.761
0.614,-1.573
0.28,-1.599
0.16,-1.813
-0.59,-1.694
-1.128,-1.777
-2.163,-1.625
-2.532,-1.575
-2.738,-1.887
-3.066,-2.0
-3.011,-1.849
2.898,-1.697
2.897,-1.616
1.303,2.718
1.018,2.858
0.441,2.471
0.199,2.871
0.027,2.695
-0.105,2.629
-1.215,2.757
-2.105,2.749
-3.093,2.543
-3.135,2.909
2.942,2.86
2.934,2.652
-1.795,0.437
-1.926,1.948
3.048,1.929
2.908,-0.92
2.144,-0.399
2.108,-0.388
1.643,-0.548
1.435,1.054
1.384,0.345
1.183,-0.379
1.242,-0.174
1.129,0.69
1.103,-0.158
1.053,1.068
1.042,1.08
0.981,2.493
0.735,-1.297
0.859,0.161
0.826,1.227
0.577,-1.305
0.64,2.256
0.448,-0.426
0.478,1.535
0.493,-1.224
0.434,0.422
0.364,-0.943
0.213,2.05
0.16,0.339
0.031,-0.481
-0.037,-0.754
-0.076,-1.247
-0.129,0.858
-0.399,2.023
-0.344,1.081
-0.355,0.784
-0.454,0.83
-0.677,-1.519
-0.619,-0.181
-0.782,0.197
-0.88,-0.199
-0.913,-1.154
-0.977,1.128
-1.022,2.166
-1.243,-0.142
-1.174,0.176
-1.353,1.204
-1.362,1.205
-1.33,-1.536
-1.351,2.192
-1.486,1.106
-1.533,1.48
-1.586,0.465
-1.575,-0.257
-1.637,-0.375
-1.672,2.412
-1.794,1.445
-1.837,1.059
-1.757,1.045
-1.917,-1.185
-2.007,2.072
-1.991,1.968
-2.224,-0.361
-2.154,2.351
-2.206,-0.183
-2.312,0.656
-2.251,-0.058
-2.348,-0.043
-2.338,0.681
-2.481,-0.061
-2.404,2.214
-2.53,-0.936
-2.65,-0.545
-2.764,0.667
-2.79,1.138
-2.774,0.888
-2.813,0.031
-2.713,0.418
-2.824,2.091
-2.828,0.984
-2.973,0.607
-2.916,2.418
-3.052,0.048
-2.941,-1.101
-2.984,-0.015
2.952,0.326
2.567,2.111
2.652,-0.093
2.638,-1.025
2.371,-1.144
1.684,-1.859
1.05,-1.613
1.2,-1.843
0.633,-1.84
0.619,-1.828
0.1,-1.888
0.161,-1.672
-1.335,-1.808
-1.911,-1.947
-2.129,-1.833
2.865,-1.954
1.501,2.631
0.111,2.594
-0.444,2.48
-0.502,2.773
-2.525,2.762
-2.462,2.574
2.317,2.784
-2.082,1.927
-2.278,1.02
-2.305,1.201
2.955,1.364
2.959,0.412
3.004,1.746
2.885,1.023
2.751,0.789
-2.919,0.962
2.939,-0.559
2.766,-0.396
0.695,2.785
2.858,2.226
0.033,2.096
-0.043,1.102
0.015,2.514
-0.015,-1.015
-0.121,1.094
-0.143,-0.345
-0.145,-0.375
-0.3,-0.19
-0.283,0.887
-0.263,0.673
-0.306,-0.126
-0.576,1.664
-0.787,0.761
-0.952,2.241
-0.928,0.1
-1.017,-0.202
-1.03,0.754
-1.115,2.901
-1.168,2.752
-1.196,3.029
-1.204,1.286
-1.281,1.972
-1.289,-0.885
-1.289,2.508
-1.587,2.464
-1.522,2.441
-1.618,2.048
-1.666,0.708
-1.712,2.525
-1.78,-0.798
-1.778,2.383
-1.736,0.281
-1.825,1.41
-1.869,0.853
-1.888,-0.249
-1.916,-0.705
-1.904,-0.458
-2.022,0.167
-2.034,-0.306
-1.977,0.258
-1.988,1.811
-2.056,2.367
-2.005,2.082
-2.111,0.004
-2.103,0.427
-2.134,0.777
-2.157,2.379
-2.192,-0.059
-2.134,2.294
-2.185,0.978
-2.361,1.911
-2.537,1.515
-2.492,-0.131
-2.526,0.95
-2.612,2.57
-2.678,2.641
-2.701,2.092
-2.753,1.149
-2.776,2.66
-2.804,1.854
-2.781,0.455
-2.803,0.615
-2.808,1.745
-2.86,2.036
-2.812,2.819
-2.888,0.741
-2.852,-0.721
-2.85,0.214
-3.01,0.54
-3.038,1.796
-3.053,1.59
-3.107,-0.889
2.957,0.189
2.846,-0.16
2.785,0.882
2.694,2.008
2.758,-0.884
2.62,-0.736
2.588,-0.615
2.55,1.022
2.606,1.926
2.477,-0.196
1.939,-1.433
1.791,-1.035
0.906,-1.29
0.745,-1.102
0.411,-1.128
0.291,-1.342
-0.459,-1.223
-0.997,-1.306
-2.032,-1.154
-2.401,-1.104
-2.607,-1.416
-2.935,-1.529
-2.88,-1.378
3.029,-1.226
3.028,-1.145
1.434,3.189
1.149,3.329
0.572,2.942
0.33,3.342
0.158,3.166
0.026,3.1
-1.084,3.228
-1.974,3.22
-2.962,3.014
-3.004,3.38
3.073,3.331
3.065,3.123
-1.664,0.908
-1.795,2.419
-3.104,2.4
3.039,-0.449
2.275,0.072
2.239,0.083
1.774,-0.077
1.566,1.525
1.515,0.816
1.314,0.092
1.373,0.297
1.26,1.161
1.234,0.313
1.184,1.539
1.173,1.551
1.112,2.964
0.866,-0.826
0.99,0.632
0.957,1.698
0.708,-0.834
0.771,2.727
0.579,0.045
0.609,2.006
0.624,-0.753
0.565,0.893
0.495,-0.472
0.344,2.521
0.291,0.81
0.162,-0.01
0.094,-0.283
0.055,-0.776
0.002,1.329
-0.268,2.494
-0.213,1.552
-0.224,1.255
-0.323,1.301
-0.546,-1.048
-0.488,0.29
-0.651,0.668
-0.749,0.272
-0.782,-0.683
-0.846,1.599
-0.891,2.637
-1.112,0.329
-1.043,0.647
-1.222,1.675
-1.231,1.676
-1.199,-1.065
-1.22,2.663
-1.355,1.577
-1.402,1.951
-1.455,0.936
-1.444,0.214
-1.506,0.096
-1.541,2.883
-1.663,1.916
-1.706,1.53
-1.626,1.516
-1.786,-0.714
-1.876,2.543
-1.86,2.439
-2.093,0.11
-2.023,2.822
-2.075,0.288
-2.181,1.127
-2.12,0.413
-2.217,0.428
-2.207,1.152
-2.35,0.41
-2.273,2.685
-2.399,-0.465
-2.519,-0.074
-2.633,1.138
-2.659,1.609
-2.643,1.359
-2.682,0.502
-2.582,0.889
-2.693,2.562
-2.697,1.455
-2.842,1.078
-2.785,2.889
-2.921,0.519
-2.81,-0.63
-2.853,0.456
3.083,0.797
2.698,2.582
2.783,0.378
2.769,-0.554
2.502,-0.673
1.815,-1.388
1.181,-1.142
1.331,-1.372
0.764,-1.369
0.75,-1.357
0.231,-1.417
0.292,-1.201
-1.204,-1.337
-1.78,-1.476
-1.998,-1.362
2.996,-1.483
1.632,3.102
0.242,3.065
-0.313,2.951
-0.371,3.244
-2.394,3.233
-2.331,3.045
2.448,3.255
-1.951,2.398
-2.147,1.491
-2.174,1.672
3.086,1.835
3.09,0.883
3.135,2.217
3.016,1.494
2.882,1.26
-2.788,1.433
3.07,-0.088
2.897,0.075
0.826,3.256
2.989,2.697
-0.076,-0.994
-0.018,0.418
-0.048,-3.111
-0.154,-1.002
-0.176,-2.441
-0.178,-2.471
-0.333,-2.286
-0.316,-1.209
-0.296,-1.423
-0.339,-2.222
-0.609,-0.432
-0.82,-1.335
-0.985,0.145
-0.961,-1.996
-1.05,-2.298
-1.063,-1.342
-1.148,0.805
-1.201,0.656
-1.229,0.933
-1.237,-0.81
-1.314,-0.124
-1.322,-2.981
-1.322,0.412
-1.62,0.368
-1.555,0.345
-1.651,-0.048
-1.699,-1.388
-1.745,0.429
-1.813,-2.894
-1.811,0.287
-1.769,-1.815
-1.858,-0.686
-1.902,-1.243
-1.921,-2.345
-1.949,-2.801
-1.937,-2.554
-2.055,-1.929
-2.067,-2.402
-2.01,-1.838
-2.021,-0.285
-2.089,0.271
-2.038,-0.014
-2.144,-2.092
-2.136,-1.669
-2.167,-1.319
-2.19,0.283
-2.225,-2.155
-2.167,0.198
-2.218,-1.118
-2.394,-0.185
-2.57,-0.581
-2.525,-2.227
-2.559,-1.146
-2.645,0.474
-2.711,0.545
-2.734,-0.004
-2.786,-0.947
-2.809,0.564
-2.837,-0.242
-2.814,-1.641
-2.836,-1.481
-2.841,-0.351
-2.893,-0.06
-2.845,0.723
-2.921,-1.355
-2.885,-2.817
-2.883,-1.882
-3.043,-1.556
-3.071,-0.3
-3.086,-0.506
-3.14,-2.985
2.924,-1.907
2.813,-2.256
2.752,-1.214
2.661,-0.088
2.725,-2.98
2.587,-2.832
2.555,-2.711
2.517,-1.074
2.573,-0.17
2.444,-2.292
1.906,-3.529
1.758,-3.131
0.873,-3.386
0.712,-3.198
0.378,-3.224
0.258,-3.438
-0.492,-3.319
-1.03,-3.402
-2.065,-3.25
-2.434,-3.2
-2.64,-3.512
-2.968,-3.625
-2.913,-3.474
2.996,-3.322
2.995,-3.241
1.401,1.093
1.116,1.233
0.539,0.846
0.297,1.246
0.125,1.07
-0.007,1.004
-1.117,1.132
-2.007,1.124
-2.995,0.918
-3.037,1.284
3.04,1.235
3.032,1.027
-1.697,-1.188
-1.828,0.323
-3.137,0.304
3.006,-2.545
2.242,-2.024
2.206,-2.013
1.741,-2.173
1.533,-0.571
1.482,-1.28
1.281,-2.004
1.34,-1.799
1.227,-0.935
1.201,-1.783
1.151,-0.557
1.14,-0.545
1.079,0.868
0.833,-2.922
0.957,-1.464
0.924,-0.398
0.675,-2.93
0.738,0.631
0.546,-2.051
0.576,-0.09
0.591,-2.849
0.532,-1.203
0.462,-2.568
0.311,0.425
0.258,-1.286
0.129,-2.106
0.061,-2.379
0.022,-2.872
-0.031,-0.767
-0.301,0.398
-0.246,-0.544
-0.257,-0.841
-0.356,-0.795
-0.579,-3.144
-0.521,-1.806
-0.684,-1.428
-0.782,-1.824
-0.815,-2.779
-0.879,-0.497
-0.924,0.541
-1.145,-1.767
-1.076,-1.449
-1.255,-0.421
-1.264,-0.42
-1.232,-3.161
-1.253,0.567
-1.388,-0.519
-1.435,-0.145
-1.488,-1.16
-1.477,-1.882
-1.539,-2.0
-1.574,0.787
-1.696,-0.18
-1.739,-0.566
-1.659,-0.58
-1.819,-2.81
-1.909,0.447
-1.893,0.343
-2.126,-1.986
-2.056,0.726
-2.108,-1.808
-2.214,-0.969
-2.153,-1.683
-2.25,-1.668
-2.24,-0.944
-2.383,-1.686
-2.306,0.589
-2.432,-2.561
-2.552,-2.17
-2.666,-0.958
-2.692,-0.487
-2.676,-0.737
-2.715,-1.594
-2.615,-1.207
-2.726,0.466
-2.73,-0.641
-2.875,-1.018
-2.818,0.793
-2.954,-1.577
-2.843,-2.726
-2.886,-1.64
3.05,-1.299
2.665,0.486
2.75,-1.718
2.736,-2.65
2.469,-2.769
1.782,-3.484
1.148,-3.238
1.298,-3.468
0.731,-3.465
0.717,-3.453
0.198,-3.513
0.259,-3.297
-1.237,-3.433
-1.813,-3.572
-2.031,-3.458
2.963,-3.579
1.599,1.006
0.209,0.969
-0.346,0.855
-0.404,1.148
-2.427,1.137
-2.364,0.949
2.415,1.159
-1.984,0.302
-2.18,-0.605
-2.207,-0.424
3.053,-0.261
3.057,-1.213
3.102,0.121
2.983,-0.602
2.849,-0.836
-2.821,-0.663
3.037,-2.184
2.864,-2.021
0.793,1.16
2.956,0.601
0.058,1.412
0.028,-2.117
-0.078,-0.008
-0.1,-1.447
-0.102,-1.477
-0.257,-1.292
-0.24,-0.215
-0.22,-0.429
-0.263,-1.228
-0.533,0.562
-0.744,-0.341
-0.909,1.139
-0.885,-1.002
-0.974,-1.304
-0.987,-0.348
-1.072,1.799
-1.125,1.65
-1.153,1.927
-1.161,0.184
-1.238,0.87
-1.246,-1.987
-1.246,1.406
-1.544,1.362
-1.479,1.339
-1.575,0.946
-1.623,-0.394
-1.669,1.423
-1.737,-1.9
-1.735,1.281
-1.693,-0.821
-1.782,0.308
-1.826,-0.249
-1.845,-1.351
-1.873,-1.807
-1.861,-1.56
-1.979,-0.935
-1.991,-1.408
-1.934,-0.844
-1.945,0.709
-2.013,1.265
-1.962,0.98
-2.068,-1.098
-2.06,-0.675
-2.091,-0.325
-2.114,1.277
-2.149,-1.161
-2.091,1.192
-2.142,-0.124
-2.318,0.809
-2.494,0.413
-2.449,-1.233
-2.483,-0.152
-2.569,1.468
-2.635,1.539
-2.658,0.99
-2.71,0.047
-2.733,1.558
-2.761,0.752
-2.738,-0.647
-2.76,-0.487
-2.765,0.643
-2.817,0.934
-2.769,1.717
-2.845,-0.361
-2.809,-1.823
-2.807,-0.888
-2.967,-0.562
-2.995,0.694
-3.01,0.488
-3.064,-1.991
3.0,-0.913
2.889,-1.262
2.828,-0.22
2.737,0.906
2.801,-1.986
2.663,-1.838
2.631,-1.717
2.593,-0.08
2.649,0.824
2.52,-1.298
1.982,-2.535
1.834,-2.137
0.949,-2.392
0.788,-2.204
0.454,-2.23
0.334,-2.444
-0.416,-2.325
-0.954,-2.408
-1.989,-2.256
-2.358,-2.206
-2.564,-2.518
-2.892,-2.631
-2.837,-2.48
3.072,-2.328
3.071,-2.247
1.477,2.087
1.192,2.227
0.615,1.84
0.373,2.24
0.201,2.064
0.069,1.998
-1.041,2.126
-1.931,2.118
-2.919,1.912
-2.961,2.278
3.116,2.229
3.108,2.021
-1.621,-0.194
-1.752,1.317
-3.061,1.298
3.082,-1.551
2.318,-1.03
2.282,-1.019
1.817,-1.179
1.609,0.423
1.558,-0.286
1.357,-1.01
1.416,-0.805
1.303,0.059
1.277,-0.789
1.227,0.437
1.216,0.449
1.155,1.862
0.909,-1.928
1.033,-0.47
1.0,0.596
0.751,-1.936
0.814,1.625
0.622,-1.057
0.652,0.904
0.667,-1.855
0.608,-0.209
0.538,-1.574
0.387,1.419
0.334,-0.292
0.205,-1.112
0.137,-1.385
0.098,-1.878
0.045,0.227
-0.225,1.392
-0.17,0.45
-0.181,0.153
-0.28,0.199
-0.503,-2.15
-0.445,-0.812
-0.608,-0.434
-0.706,-0.83
-0.739,-1.785
-0.803,0.497
-0.848,1.535
-1.069,-0.773
-1.0,-0.455
-1.179,0.573
-1.188,0.574
-1.156,-2.167
-1.177,1.561
-1.312,0.475
-1.359,0.849
-1.412,-0.166
-1.401,-0.888
-1.463,-1.006
-1.498,1.781
-1.62,0.814
-1.663,0.428
-1.583,0.414
-1.743,-1.816
-1.833,1.441
-1.817,1.337
-2.05,-0.992
-1.98,1.72
-2.032,-0.814
-2.138,0.025
-2.077,-0.689
-2.174,-0.674
-2.164,0.05
-2.307,-0.692
-2.23,1.583
-2.356,-1.567
-2.476,-1.176
-2.59,0.036
-2.616,0.507
-2.6,0.257
-2.639,-0.6
-2.539,-0.213
-2.65,1.46
-2.654,0.353
-2.799,-0.024
-2.742,1.787
-2.878,-0.583
-2.767,-1.732
-2.81,-0.646
3.126,-0.305
2.741,1.48
2.826,-0.724
2.812,-1.656
2.545,-1.775
1.858,-2.49
1.224,-2.244
1.374,-2.474
0.807,-2.471
0.793,-2.459
0.274,-2.519
0.335,-2.303
-1.161,-2.439
-1.737,-2.578
-1.955,-2.464
3.039,-2.585
1.675,2.0
0.285,1.963
-0.27,1.849
-0.328,2.142
-2.351,2.131
-2.288,1.943
2.491,2.153
-1.908,1.296
-2.104,0.389
-2.131,0.57
3.129,0.733
3.133,-0.219
-3.105,1.115
3.059,0.392
2.925,0.158
-2.745,0.331
3.113,-1.19
2.94,-1.027
0.869,2.154
3.032,1.595
-0.03,-3.529
-0.136,-1.42
-0.158,-2.859
-0.16,-2.889
-0.315,-2.704
-0.298,-1.627
-0.278,-1.841
-0.321,-2.64
-0.591,-0.85
-0.802,-1.753
-0.967,-0.273
-0.943,-2.414
-1.032,-2.716
-1.045,-1.76
-1.13,0.387
-1.183,0.238
-1.211,0.515
-1.219,-1.228
-1.296,-0.542
-1.304,-3.399
-1.304,-0.006
-1.602,-0.05
-1.537,-0.073
-1.633,-0.466
-1.681,-1.806
-1.727,0.011
-1.795,-3.312
-1.793,-0.131
-1.751,-2.233
-1.84,-1.104
-1.884,-1.661
-1.903,-2.763
-1.931,-3.219
-1.919,-2.972
-2.037,-2.347
-2.049,-2.82
-1.992,-2.256
-2.003,-0.703
-2.071,-0.147
-2.02,-0.432
-2.126,-2.51
-2.118,-2.087
-2.149,-1.737
-2.172,-0.135
-2.207,-2.573
-2.149,-0.22
-2.2,-1.536
-2.376,-0.603
-2.552,-0.999
-2.507,-2.645
-2.541,-1.564
-2.627,0.056
-2.693,0.127
-2.716,-0.422
-2.768,-1.365
-2.791,0.146
-2.819,-0.66
-2.796,-2.059
-2.818,-1.899
-2.823,-0.769
-2.875,-0.478
-2.827,0.305
-2.903,-1.773
-2.867,-3.235
-2.865,-2.3
-3.025,-1.974
-3.053,-0.718
-3.068,-0.924
-3.122,-3.403
2.942,-2.325
2.831,-2.674
2.77,-1.632
2.679,-0.506
2.743,-3.398
2.605,-3.25
2.573,-3.129
2.535,-1.492
2.591,-0.588
2.462,-2.71
1.924,-3.947
1.776,-3.549
0.891,-3.804
0.73,-3.616
0.396,-3.642
0.276,-3.856
-0.474,-3.737
-1.012,-3.82
-2.047,-3.668
-2.416,-3.618
-2.622,-3.93
-2.95,-4.043
-2.895,-3.892
3.014,-3.74
3.013,-3.659
1.419,0.675
1.134,0.815
0.557,0.428
0.315,0.828
0.143,0.652
0.011,0.586
-1.099,0.714
-1.989,0.706
-2.977,0.5
-3.019,0.866
3.058,0.817
3.05,0.609
-1.679,-1.606
-1.81,-0.095
-3.119,-0.114
3.024,-2.963
2.26,-2.442
2.224,-2.431
1.759,-2.591
1.551,-0.989
1.5,-1.698
1.299,-2.422
1.358,-2.217
1.245,-1.353
1.219,-2.201
1.169,-0.975
1.158,-0.963
1.097,0.45
0.851,-3.34
0.975,-1.882
0.942,-0.816
0.693,-3.348
0.756,0.213
0.564,-2.469
0.594,-0.508
0.609,-3.267
0.55,-1.621
0.48,-2.986
0.329,0.007
0.276,-1.704
0.147,-2.524
0.079,-2.797
0.04,-3.29
-0.013,-1.185
-0.283,-0.02
-0.228,-0.962
-0.239,-1.259
-0.338,-1.213
-0.561,-3.562
-0.503,-2.224
-0.666,-1.846
-0.764,-2.242
-0.797,-3.197
-0.861,-0.915
-0.906,0.123
-1.127,-2.185
-1.058,-1.867
-1.237,-0.839
-1.246,-0.838
-1.214,-3.579
-1.235,0.149
-1.37,-0.937
-1.417,-0.563
-1.47,-1.578
-1.459,-2.3
-1.521,-2.418
-1.556,0.369
-1.678,-0.598
-1.721,-0.984
-1.641,-0.998
-1.801,-3.228
-1.891,0.029
-1.875,-0.075
-2.108,-2.404
-2.038,0.308
-2.09,-2.226
-2.196,-1.387
-2.135,-2.101
-2.232,-2.086
-2.222,-1.362
-2.365,-2.104
-2.288,0.171
-2.414,-2.979
-2.534,-2.588
-2.648,-1.376
-2.674,-0.905
-2.658,-1.155
-2.697,-2.012
-2.597,-1.625
-2.708,0.048
-2.712,-1.059
-2.857,-1.436
-2.8,0.375
-2.936,-1.995
-2.825,-3.144
-2.868,-2.058
3.068,-1.717
2.683,0.068
2.768,-2.136
2.754,-3.068
2.487,-3.187
1.8,-3.902
1.166,-3.656
1.316,-3.886
0.749,-3.883
0.735,-3.871
0.216,-3.931
0.277,-3.715
-1.219,-3.851
-1.795,-3.99
-2.013,-3.876
2.981,-3.997
1.617,0.588
0.227,0.551
-0.328,0.437
-0.386,0.73
-2.409,0.719
-2.346,0.531
2.433,0.741
-1.966,-0.116
-2.162,-1.023
-2.189,-0.842
3.071,-0.679
3.075,-1.631
3.12,-0.297
3.001,-1.02
2.867,-1.254
-2.803,-1.081
3.055,-2.602
2.882,-2.439
0.811,0.742
2.974,0.183
-0.106,2.109
-0.128,0.67
-0.13,0.64
-0.285,0.825
-0.268,1.902
-0.248,1.688
-0.291,0.889
-0.561,2.679
-0.772,1.776
-0.937,3.256
-0.913,1.115
-1.002,0.813
-1.015,1.769
-1.1,3.916
-1.153,3.767
-1.181,4.044
-1.189,2.301
-1.266,2.987
-1.274,0.13
-1.274,3.523
-1.572,3.479
-1.507,3.456
-1.603,3.063
-1.651,1.723
-1.697,3.54
-1.765,0.217
-1.763,3.398
-1.721,1.296
-1.81,2.425
-1.854,1.868
-1.873,0.766
-1.901,0.31
-1.889,0.557
-2.007,1.182
-2.019,0.709
-1.962,1.273
-1.973,2.826
-2.041,3.382
-1.99,3.097
-2.096,1.019
-2.088,1.442
-2.119,1.792
-2.142,3.394
-2.177,0.956
-2.119,3.309
-2.17,1.993
-2.346,2.926
-2.522,2.53
-2.477,0.884
-2.511,1.965
-2.597,3.585
-2.663,3.656
-2.686,3.107
-2.738,2.164
-2.761,3.675
-2.789,2.869
-2.766,1.47
-2.788,1.63
-2.793,2.76
-2.845,3.051
-2.797,3.834
-2.873,1.756
-2.837,0.294
-2.835,1.229
-2.995,1.555
-3.023,2.811
-3.038,2.605
-3.092,0.126
2.972,1.204
2.861,0.855
2.8,1.897
2.709,3.023
2.773,0.131
2.635,0.279
2.603,0.4
2.565,2.037
2.621,2.941
2.492,0.819
1.954,-0.418
1.806,-0.02
0.921,-0.275
0.76,-0.087
0.426,-0.113
0.306,-0.327
-0.444,-0.208
-0.982,-0.291
-2.017,-0.139
-2.386,-0.089
-2.592,-0.401
-2.92,-0.514
-2.865,-0.363
3.044,-0.211
3.043,-0.13
1.449,4.204
1.164,4.344
0.587,3.957
0.345,4.357
0.173,4.181
0.041,4.115
-1.069,4.243
-1.959,4.235
-2.947,4.029
-2.989,4.395
3.088,4.346
3.08,4.138
-1.649,1.923
-1.78,3.434
-3.089,3.415
3.054,0.566
2.29,1.087
2.254,1.098
1.789,0.938
1.581,2.54
1.53,1.831
1.329,1.107
1.388,1.312
1.275,2.176
1.249,1.328
1.199,2.554
1.188,2.566
1.127,3.979
0.881,0.189
1.005,1.647
0.972,2.713
0.723,0.181
0.786,3.742
0.594,1.06
0.624,3.021
0.639,0.262
0.58,1.908
0.51,0.543
0.359,3.536
0.306,1.825
0.177,1.005
0.109,0.732
0.07,0.239
0.017,2.344
-0.253,3.509
-0.198,2.567
-0.209,2.27
-0.308,2.316
-0.531,-0.033
-0.473,1.305
-0.636,1.683
-0.734,1.287
-0.767,0.332
-0.831,2.614
-0.876,3.652
-1.097,1.344
-1.028,1.662
-1.207,2.69
-1.216,2.691
-1.184,-0.05
-1.205,3.678
-1.34,2.592
-1.387,2.966
-1.44,1.951
-1.429,1.229
-1.491,1.111
-1.526,3.898
-1.648,2.931
-1.691,2.545
-1.611,2.531
-1.771,0.301
-1.861,3.558
-1.845,3.454
-2.078,1.125
-2.008,3.837
-2.06,1.303
-2.166,2.142
-2.105,1.428
-2.202,1.443
-2.192,2.167
-2.335,1.425
-2.258,3.7
-2.384,0.55
-2.504,0.941
-2.618,2.153
-2.644,2.624
-2.628,2.374
-2.667,1.517
-2.567,1.904
-2.678,3.577
-2.682,2.47
-2.827,2.093
-2.77,3.904
-2.906,1.534
-2.795,0.385
-2.838,1.471
3.098,1.812
2.713,3.597
2.798,1.393
2.784,0.461
2.517,0.342
1.83,-0.373
1.196,-0.127
1.346,-0.357
0.779,-0.354
0.765,-0.342
0.246,-0.402
0.307,-0.186
-1.189,-0.322
-1.765,-0.461
-1.983,-0.347
3.011,-0.468
1.647,4.117
0.257,4.08
-0.298,3.966
-0.356,4.259
-2.379,4.248
-2.316,4.06
2.463,4.27
-1.936,3.413
-2.132,2.506
-2.159,2.687
3.101,2.85
3.105,1.898
-3.133,3.232
3.031,2.509
2.897,2.275
-2.773,2.448
3.085,0.927
2.912,1.09
0.841,4.271
3.004,3.712
-0.022,-1.439
-0.024,-1.469
-0.179,-1.284
-0.162,-0.207
-0.142,-0.421
-0.185,-1.22
-0.455,0.57
-0.666,-0.333
-0.831,1.147
-0.807,-0.994
-0.896,-1.296
-0.909,-0.34
-0.994,1.807
-1.047,1.658
-1.075,1.935
-1.083,0.192
-1.16,0.878
-1.168,-1.979
-1.168,1.414
-1.466,1.37
-1.401,1.347
-1.497,0.954
-1.545,-0.386
-1.591,1.431
-1.659,-1.892
-1.657,1.289
-1.615,-0.813
-1.704,0.316
-1.748,-0.241
-1.767,-1.343
-1.795,-1.799
-1.783,-1.552
-1.901,-0.927
-1.913,-1.4
-1.856,-0.836
-1.867,0.717
-1.935,1.273
-1.884,0.988
-1.99,-1.09
-1.982,-0.667
-2.013,-0.317
-2.036,1.285
-2.071,-1.153
-2.013,1.2
-2.064,-0.116
-2.24,0.817
-2.416,0.421
-2.371,-1.225
-2.405,-0.144
-2.491,1.476
-2.557,1.547
-2.58,0.998
-2.632,0.055
-2.655,1.566
-2.683,0.76
-2.66,-0.639
-2.682,-0.479
-2.687,0.651
-2.739,0.942
-2.691,1.725
-2.767,-0.353
-2.731,-1.815
-2.729,-0.88
-2.889,-0.554
-2.917,0.702
-2.932,0.496
-2.986,-1.983
3.078,-0.905
2.967,-1.254
2.906,-0.212
2.815,0.914
2.879,-1.978
2.741,-1.83
2.709,-1.709
2.671,-0.072
2.727,0.832
2.598,-1.29
2.06,-2.527
1.912,-2.129
1.027,-2.384
0.866,-2.196
0.532,-2.222
0.412,-2.436
-0.338,-2.317
-0.876,-2.4
-1.911,-2.248
-2.28,-2.198
-2.486,-2.51
-2.814,-2.623
-2.759,-2.472
-3.133,-2.32
-3.134,-2.239
1.555,2.095
1.27,2.235
0.693,1.848
0.451,2.248
0.279,2.072
0.147,2.006
-0.963,2.134
-1.853,2.126
-2.841,1.92
-2.883,2.286
-3.089,2.237
-3.097,2.029
-1.543,-0.186
-1.674,1.325
-2.983,1.306
-3.123,-1.543
2.396,-1.022
2.36,-1.011
1.895,-1.171
1.687,0.431
1.636,-0.278
1.435,-1.002
1.494,-0.797
1.381,0.067
1.355,-0.781
1.305,0.445
1.294,0.457
1.233,1.87
0.987,-1.92
1.111,-0.462
1.078,0.604
0.829,-1.928
0.892,1.633
0.7,-1.049
0.73,0.912
0.745,-1.847
0.686,-0.201
0.616,-1.566
0.465,1.427
0.412,-0.284
0.283,-1.104
0.215,-1.377
0.176,-1.87
0.123,0.235
-0.147,1.4
-0.092,0.458
-0.103,0.161
-0.202,0.207
-0.425,-2.142
-0.367,-0.804
-0.53,-0.426
-0.628,-0.822
-0.661,-1.777
-0.725,0.505
-0.77,1.543
-0.991,-0.765
-0.922,-0.447
-1.101,0.581
-1.11,0.582
-1.078,-2.159
-1.099,1.569
-1.234,0.483
-1.281,0.857
-1.334,-0.158
-1.323,-0.88
-1.385,-0.998
-1.42,1.789
-1.542,0.822
-1.585,0.436
-1.505,0.422
-1.665,-1.808
-1.755,1.449
-1.739,1.345
-1.972,-0.984
-1.902,1.728
-1.954,-0.806
-2.06,0.033
-1.999,-0.681
-2.096,-0.666
-2.086,0.058
-2.229,-0.684
-2.152,1.591
-2.278,-1.559
-2.398,-1.168
-2.512,0.044
-2.538,0.515
-2.522,0.265
-2.561,-0.592
-2.461,-0.205
-2.572,1.468
-2.576,0.361
-2.721,-0.016
-2.664,1.795
-2.8,-0.575
-2.689,-1.724
-2.732,-0.638
-3.079,-0.297
2.819,1.488
2.904,-0.716
2.89,-1.648
2.623,-1.767
1.936,-2.482
1.302,-2.236
1.452,-2.466
0.885,-2.463
0.871,-2.451
0.352,-2.511
0.413,-2.295
-1.083,-2.431
-1.659,-2.57
-1.877,-2.456
3.117,-2.577
1.753,2.008
0.363,1.971
-0.192,1.857
-0.25,2.15
-2.273,2.139
-2.21,1.951
2.569,2.161
-1.83,1.304
-2.026,0.397
-2.053,0.578
-3.076,0.741
-3.072,-0.211
-3.027,1.123
3.137,0.4
3.003,0.166
-2.667,0.339
-3.092,-1.182
3.018,-1.019
0.947,2.162
3.11,1.603
-0.002,-0.03
-0.157,0.155
-0.14,1.232
-0.12,1.018
-0.163,0.219
-0.433,2.009
-0.644,1.106
-0.809,2.586
-0.785,0.445
-0.874,0.143
-0.887,1.099
-0.972,3.246
-1.025,3.097
-1.053,3.374
-1.061,1.631
-1.138,2.317
-1.146,-0.54
-1.146,2.853
-1.444,2.809
-1.379,2.786
-1.475,2.393
-1.523,1.053
-1.569,2.87
-1.637,-0.453
-1.635,2.728
-1.593,0.626
-1.682,1.755
-1.726,1.198
-1.745,0.096
-1.773,-0.36
-1.761,-0.113
-1.879,0.512
-1.891,0.039
-1.834,0.603
-1.845,2.156
-1.913,2.712
-1.862,2.427
-1.968,0.349
-1.96,0.772
-1.991,1.122
-2.014,2.724
-2.049,0.286
-1.991,2.639
-2.042,1.323
-2.218,2.256
-2.394,1.86
-2.349,0.214
-2.383,1.295
-2.469,2.915
-2.535,2.986
-2.558,2.437
-2.61,1.494
-2.633,3.005
-2.661,2.199
-2.638,0.8
-2.66,0.96
-2.665,2.09
-2.717,2.381
-2.669,3.164
-2.745,1.086
-2.709,-0.376
-2.707,0.559
-2.867,0.885
-2.895,2.141
-2.91,1.935
-2.964,-0.544
3.1,0.534
2.989,0.185
2.928,1.227
2.837,2.353
2.901,-0.539
2.763,-0.391
2.731,-0.27
2.693,1.367
2.749,2.271
2.62,0.149
2.082,-1.088
1.934,-0.69
1.049,-0.945
0.888,-0.757
0.554,-0.783
0.434,-0.997
-0.316,-0.878
-0.854,-0.961
-1.889,-0.809
-2.258,-0.759
-2.464,-1.071
-2.792,-1.184
-2.737,-1.033
-3.111,-0.881
-3.112,-0.8
1.577,3.534
1.292,3.674
0.715,3.287
0.473,3.687
0.301,3.511
0.169,3.445
-0.941,3.573
-1.831,3.565
-2.819,3.359
-2.861,3.725
-3.067,3.676
-3.075,3.468
-1.521,1.253
-1.652,2.764
-2.961,2.745
-3.101,-0.104
2.418,0.417
2.382,0.428
1.917,0.268
1.709,1.87
1.658,1.161
1.457,0.437
1.516,0.642
1.403,1.506
1.377,0.658
1.327,1.884
1.316,1.896
1.255,3.309
1.009,-0.481
1.133,0.977
1.1,2.043
0.851,-0.489
0.914,3.072
0.722,0.39
0.752,2.351
0.767,-0.408
0.708,1.238
0.638,-0.127
0.487,2.866
0.434,1.155
0.305,0.335
0.237,0.062
0.198,-0.431
0.145,1.674
-0.125,2.839
-0.07,1.897
-0.081,1.6
-0.18,1.646
-0.403,-0.703
-0.345,0.635
-0.508,1.013
-0.606,0.617
-0.639,-0.338
-0.703,1.944
-0.748,2.982
-0.969,0.674
-0.9,0.992
-1.079,2.02
-1.088,2.021
-1.056,-0.72
-1.077,3.008
-1.212,1.922
-1.259,2.296
-1.312,1.281
-1.301,0.559
-1.363,0.441
-1.398,3.228
-1.52,2.261
-1.563,1.875
-1.483,1.861
-1.643,-0.369
-1.733,2.888
-1.717,2.784
-1.95,0.455
-1.88,3.167
-1.932,0.633
-2.038,1.472
-1.977,0.758
-2.074,0.773
-2.064,1.497
-2.207,0.755
-2.13,3.03
-2.256,-0.12
-2.376,0.271
-2.49,1.483
-2.516,1.954
-2.5,1.704
-2.539,0.847
-2.439,1.234
-2.55,2.907
-2.554,1.8
-2.699,1.423
-2.642,3.234
-2.778,0.864
-2.667,-0.285
-2.71,0.801
-3.057,1.142
2.841,2.927
2.926,0.723
2.912,-0.209
2.645,-0.328
1.958,-1.043
1.324,-0.797
1.474,-1.027
0.907,-1.024
0.893,-1.012
0.374,-1.072
0.435,-0.856
-1.061,-0.992
-1.637,-1.131
-1.855,-1.017
3.139,-1.138
1.775,3.447
0.385,3.41
-0.17,3.296
-0.228,3.589
-2.251,3.578
-2.188,3.39
2.591,3.6
-1.808,2.743
-2.004,1.836
-2.031,2.017
-3.054,2.18
-3.05,1.228
-3.005,2.562
-3.124,1.839
3.025,1.605
-2.645,1.778
-3.07,0.257
3.04,0.42
0.969,3.601
3.132,3.042
-0.155,0.185
-0.138,1.262
-0.118,1.048
-0.161,0.249
-0.431,2.039
-0.642,1.136
-0.807,2.616
-0.783,0.475
-0.872,0.173
-0.885,1.129
-0.97,3.276
-1.023,3.127
-1.051,3.404
-1.059,1.661
-1.136,2.347
-1.144,-0.51
-1.144,2.883
-1.442,2.839
-1.377,2.816
-1.473,2.423
-1.521,1.083
-1.567,2.9
-1.635,-0.423
-1.633,2.758
-1.591,0.656
-1.68,1.785
-1.724,1.228
-1.743,0.126
-1.771,-0.33
-1.759,-0.083
-1.877,0.542
-1.889,0.069
-1.832,0.633
-1.843,2.186
-1.911,2.742
-1.86,2.457
-1.966,0.379
-1.958,0.802
-1.989,1.152
-2.012,2.754
-2.047,0.316
-1.989,2.669
-2.04,1.353
-2.216,2.286
-2.392,1.89
-2.347,0.244
-2.381,1.325
-2.467,2.945
-2.533,3.016
-2.556,2.467
-2.608,1.524
-2.631,3.035
-2.659,2.229
-2.636,0.83
-2.658,0.99
-2.663,2.12
-2.715,2.411
-2.667,3.194
-2.743,1.116
-2.707,-0.346
-2.705,0.589
-2.865,0.915
-2.893,2.171
-2.908,1.965
-2.962,-0.514
3.102,0.564
2.991,0.215
2.93,1.257
2.839,2.383
2.903,-0.509
2.765,-0.361
2.733,-0.24
2.695,1.397
2.751,2.301
2.622,0.179
2.084,-1.058
1.936,-0.66
1.051,-0.915
0.89,-0.727
0.556,-0.753
0.436,-0.967
-0.314,-0.848
-0.852,-0.931
-1.887,-0.779
-2.256,-0.729
-2.462,-1.041
-2.79,-1.154
-2.735,-1.003
-3.109,-0.851
-3.11,-0.77
1.579,3.564
1.294,3.704
0.717,3.317
0.475,3.717
0.303,3.541
0.171,3.475
-0.939,3.603
-1.829,3.595
-2.817,3.389
-2.859,3.755
-3.065,3.706
-3.073,3.498
-1.519,1.283
-1.65,2.794
-2.959,2.775
-3.099,-0.074
2.42,0.447
2.384,0.458
1.919,0.298
1.711,1.9
1.66,1.191
1.459,0.467
1.518,0.672
1.405,1.536
1.379,0.688
1.329,1.914
1.318,1.926
1.257,3.339
1.011,-0.451
1.135,1.007
1.102,2.073
0.853,-0.459
0.916,3.102
0.724,0.42
0.754,2.381
0.769,-0.378
0.71,1.268
0.64,-0.097
0.489,2.896
0.436,1.185
0.307,0.365
0.239,0.092
0.2,-0.401
0.147,1.704
-0.123,2.869
-0.068,1.927
-0.079,1.63
-0.178,1.676
-0.401,-0.673
-0.343,0.665
-0.506,1.043
-0.604,0.647
-0.637,-0.308
-0.701,1.974
-0.746,3.012
-0.967,0.704
-0.898,1.022
-1.077,2.05
-1.086,2.051
-1.054,-0.69
-1.075,3.038
-1.21,1.952
-1.257,2.326
-1.31,1.311
-1.299,0.589
-1.361,0.471
-1.396,3.258
-1.518,2.291
-1.561,1.905
-1.481,1.891
-1.641,-0.339
-1.731,2.918
-1.715,2.814
-1.948,0.485
-1.878,3.197
-1.93,0.663
-2.036,1.502
-1.975,0.788
-2.072,0.803
-2.062,1.527
-2.205,0.785
-2.128,3.06
-2.254,-0.09
-2.374,0.301
-2.488,1.513
-2.514,1.984
-2.498,1.734
-2.537,0.877
-2.437,1.264
-2.548,2.937
-2.552,1.83
-2.697,1.453
-2.64,3.264
-2.776,0.894
-2.665,-0.255
-2.708,0.831
-3.055,1.172
2.843,2.957
2.928,0.753
2.914,-0.179
2.647,-0.298
1.96,-1.013
1.326,-0.767
1.476,-0.997
0.909,-0.994
0.895,-0.982
0.376,-1.042
0.437,-0.826
-1.059,-0.962
-1.635,-1.101
-1.853,-0.987
3.141,-1.108
1.777,3.477
0.387,3.44
-0.168,3.326
-0.226,3.619
-2.249,3.608
-2.186,3.42
2.593,3.63
-1.806,2.773
-2.002,1.866
-2.029,2.047
-3.052,2.21
-3.048,1.258
-3.003,2.592
-3.122,1.869
3.027,1.635
-2.643,1.808
-3.068,0.287
3.042,0.45
0.971,3.631
3.134,3.072
0.017,1.077
0.037,0.863
-0.006,0.064
-0.276,1.854
-0.487,0.951
-0.652,2.431
-0.628,0.29
-0.717,-0.012
-0.73,0.944
-0.815,3.091
-0.868,2.942
-0.896,3.219
-0.904,1.476
-0.981,2.162
-0.989,-0.695
-0.989,2.698
-1.287,2.654
-1.222,2.631
-1.318,2.238
-1.366,0.898
-1.412,2.715
-1.48,-0.608
-1.478,2.573
-1.436,0.471
-1.525,1.6
-1.569,1.043
-1.588,-0.059
-1.616,-0.515
-1.604,-0.268
-1.722,0.357
-1.734,-0.116
-1.677,0.448
-1.688,2.001
-1.756,2.557
-1.705,2.272
-1.811,0.194
-1.803,0.617
-1.834,0.967
-1.857,2.569
-1.892,0.131
-1.834,2.484
-1.885,1.168
-2.061,2.101
-2.237,1.705
-2.192,0.059
-2.226,1.14
-2.312,2.76
-2.378,2.831
-2.401,2.282
-2.453,1.339
-2.476,2.85
-2.504,2.044
-2.481,0.645
-2.503,0.805
-2.508,1.935
-2.56,2.226
-2.512,3.009
-2.588,0.931
-2.552,-0.531
-2.55,0.404
-2.71,0.73
-2.738,1.986
-2.753,1.78
-2.807,-0.699
-3.026,0.379
-3.137,0.03
3.085,1.072
2.994,2.198
3.058,-0.694
2.92,-0.546
2.888,-0.425
2.85,1.212
2.906,2.116
2.777,-0.006
2.239,-1.243
2.091,-0.845
1.206,-1.1
1.045,-0.912
0.711,-0.938
0.591,-1.152
-0.159,-1.033
-0.697,-1.116
-1.732,-0.964
-2.101,-0.914
-2.307,-1.226
-2.635,-1.339
-2.58,-1.188
-2.954,-1.036
-2.955,-0.955
1.734,3.379
1.449,3.519
0.872,3.132
0.63,3.532
0.458,3.356
0.326,3.29
-0.784,3.418
-1.674,3.41
-2.662,3.204
-2.704,3.57
-2.91,3.521
-2.918,3.313
-1.364,1.098
-1.495,2.609
-2.804,2.59
-2.944,-0.259
2.575,0.262
2.539,0.273
2.074,0.113
1.866,1.715
1.815,1.006
1.614,0.282
1.673,0.487
1.56,1.351
1.534,0.503
1.484,1.729
1.473,1.741
1.412,3.154
1.166,-0.636
1.29,0.822
1.257,1.888
1.008,-0.644
1.071,2.917
0.879,0.235
0.909,2.196
0.924,-0.563
0.865,1.083
0.795,-0.282
0.644,2.711
0.591,1.0
0.462,0.18
0.394,-0.093
0.355,-0.586
0.302,1.519
0.032,2.684
0.087,1.742
0.076,1.445
-0.023,1.491
-0.246,-0.858
-0.188,0.48
-0.351,0.858
-0.449,0.462
-0.482,-0.493
-0.546,1.789
-0.591,2.827
-0.812,0.519
-0.743,0.837
-0.922,1.865
-0.931,1.866
-0.899,-0.875
-0.92,2.853
-1.055,1.767
-1.102,2.141
-1.155,1.126
-1.144,0.404
-1.206,0.286
-1.241,3.073
-1.363,2.106
-1.406,1.72
-1.326,1.706
-1.486,-0.524
-1.576,2.733
-1.56,2.629
-1.793,0.3
-1.723,3.012
-1.775,0.478
-1.881,1.317
-1.82,0.603
-1.917,0.618
-1.907,1.342
-2.05,0.6
-1.973,2.875
-2.099,-0.275
-2.219,0.116
-2.333,1.328
-2.359,1.799
-2.343,1.549
-2.382,0.692
-2.282,1.079
-2.393,2.752
-2.397,1.645
-2.542,1.268
-2.485,3.079
-2.621,0.709
-2.51,-0.44
-2.553,0.646
-2.9,0.987
2.998,2.772
3.083,0.568
3.069,-0.364
2.802,-0.483
2.115,-1.198
1.481,-0.952
1.631,-1.182
1.064,-1.179
1.05,-1.167
0.531,-1.227
0.592,-1.011
-0.904,-1.147
-1.48,-1.286
-1.698,-1.172
-2.987,-1.293
1.932,3.292
0.542,3.255
-0.013,3.141
-0.071,3.434
-2.094,3.423
-2.031,3.235
2.748,3.445
-1.651,2.588
-1.847,1.681
-1.874,1.862
-2.897,2.025
-2.893,1.073
-2.848,2.407
-2.967,1.684
-3.101,1.45
-2.488,1.623
-2.913,0.102
-3.086,0.265
1.126,3.446
-2.994,2.887
0.02,-0.214
-0.023,-1.013
-0.293,0.777
-0.504,-0.126
-0.669,1.354
-0.645,-0.787
-0.734,-1.089
-0.747,-0.133
-0.832,2.014
-0.885,1.865
-0.913,2.142
-0.921,0.399
-0.998,1.085
-1.006,-1.772
-1.006,1.621
-1.304,1.577
-1.239,1.554
-1.335,1.161
-1.383,-0.179
-1.429,1.638
-1.497,-1.685
-1.495,1.496
-1.453,-0.606
-1.542,0.523
-1.586,-0.034
-1.605,-1.136
-1.633,-1.592
-1.621,-1.345
-1.739,-0.72
-1.751,-1.193
-1.694,-0.629
-1.705,0.924
-1.773,1.48
-1.722,1.195
-1.828,-0.883
-1.82,-0.46
-1.851,-0.11
-1.874,1.492
-1.909,-0.946
-1.851,1.407
-1.902,0.091
-2.078,1.024
-2.254,0.628
-2.209,-1.018
-2.243,0.063
-2.329,1.683
-2.395,1.754
-2.418,1.205
-2.47,0.262
-2.493,1.773
-2.521,0.967
-2.498,-0.432
-2.52,-0.272
-2.525,0.858
-2.577,1.149
-2.529,1.932
-2.605,-0.146
-2.569,-1.608
-2.567,-0.673
-2.727,-0.347
-2.755,0.909
-2.77,0.703
-2.824,-1.776
-3.043,-0.698
3.129,-1.047
3.068,-0.005
2.977,1.121
3.041,-1.771
2.903,-1.623
2.871,-1.502
2.833,0.135
2.889,1.039
2.76,-1.083
2.222,-2.32
2.074,-1.922
1.189,-2.177
1.028,-1.989
0.694,-2.015
0.574,-2.229
-0.176,-2.11
-0.714,-2.193
-1.749,-2.041
-2.118,-1.991
-2.324,-2.303
-2.652,-2.416
-2.597,-2.265
-2.971,-2.113
-2.972,-2.032
1.717,2.302
1.432,2.442
0.855,2.055
0.613,2.455
0.441,2.279
0.309,2.213
-0.801,2.341
-1.691,2.333
-2.679,2.127
-2.721,2.493
-2.927,2.444
-2.935,2.236
-1.381,0.021
-1.512,1.532
-2.821,1.513
-2.961,-1.336
2.558,-0.815
2.522,-0.804
2.057,-0.964
1.849,0.638
1.798,-0.071
1.597,-0.795
1.656,-0.59
1.543,0.274
1.517,-0.574
1.467,0.652
1.456,0.664
1.395,2.077
1.149,-1.713
1.273,-0.255
1.24,0.811
0.991,-1.721
1.054,1.84
0.862,-0.842
0.892,1.119
0.907,-1.64
0.848,0.006
0.778,-1.359
0.627,1.634
0.574,-0.077
0.445,-0.897
0.377,-1.17
0.338,-1.663
0.285,0.442
0.015,1.607
0.07,0.665
0.059,0.368
-0.04,0.414
-0.263,-1.935
-0.205,-0.597
-0.368,-0.219
-0.466,-0.615
-0.499,-1.57
-0.563,0.712
-0.608,1.75
-0.829,-0.558
-0.76,-0.24
-0.939,0.788
-0.948,0.789
-0.916,-1.952
-0.937,1.776
-1.072,0.69
-1.119,1.064
-1.172,0.049
-1.161,-0.673
-1.223,-0.791
-1.258,1.996
-1.38,1.029
-1.423,0.643
-1.343,0.629
-1.503,-1.601
-1.593,1.656
-1.577,1.552
-1.81,-0.777
-1.74,1.935
-1.792,-0.599
-1.898,0.24
-1.837,-0.474
-1.934,-0.459
-1.924,0.265
-2.067,-0.477
-1.99,1.798
-2.116,-1.352
-2.236,-0.961
-2.35,0.251
-2.376,0.722
-2.36,0.472
-2.399,-0.385
-2.299,0.002
-2.41,1.675
-2.414,0.568
-2.559,0.191
-2.502,2.002
-2.638,-0.368
-2.527,-1.517
-2.57,-0.431
-2.917,-0.09
2.981,1.695
3.066,-0.509
3.052,-1.441
2.785,-1.56
2.098,-2.275
1.464,-2.029
1.614,-2.259
1.047,-2.256
1.033,-2.244
0.514,-2.304
0.575,-2.088
-0.921,-2.224
-1.497,-2.363
-1.715,-2.249
-3.004,-2.37
1.915,2.215
0.525,2.178
-0.03,2.064
-0.088,2.357
-2.111,2.346
-2.048,2.158
2.731,2.368
-1.668,1.511
-1.864,0.604
-1.891,0.785
-2.914,0.948
-2.91,-0.004
-2.865,1.33
-2.984,0.607
-3.118,0.373
-2.505,0.546
-2.93,-0.975
-3.103,-0.812
1.109,2.369
-3.011,1.81
-0.043,-0.799
-0.313,0.991
-0.524,0.088
-0.689,1.568
-0.665,-0.573
-0.754,-0.875
-0.767,0.081
-0.852,2.228
-0.905,2.079
-0.933,2.356
-0.941,0.613
-1.018,1.299
-1.026,-1.558
-1.026,1.835
-1.324,1.791
-1.259,1.768
-1.355,1.375
-1.403,0.035
-1.449,1.852
-1.517,-1.471
-1.515,1.71
-1.473,-0.392
-1.562,0.737
-1.606,0.18
-1.625,-0.922
-1.653,-1.378
-1.641,-1.131
-1.759,-0.506
-1.771,-0.979
-1.714,-0.415
-1.725,1.138
-1.793,1.694
-1.742,1.409
-1.848,-0.669
-1.84,-0.246
-1.871,0.104
-1.894,1.706
-1.929,-0.732
-1.871,1.621
-1.922,0.305
-2.098,1.238
-2.274,0.842
-2.229,-0.804
-2.263,0.277
-2.349,1.897
-2.415,1.968
-2.438,1.419
-2.49,0.476
-2.513,1.987
-2.541,1.181
-2.518,-0.218
-2.54,-0.058
-2.545,1.072
-2.597,1.363
-2.549,2.146
-2.625,0.068
-2.589,-1.394
-2.587,-0.459
-2.747,-0.133
-2.775,1.123
-2.79,0.917
-2.844,-1.562
-3.063,-0.484
3.109,-0.833
3.048,0.209
2.957,1.335
3.021,-1.557
2.883,-1.409
2.851,-1.288
2.813,0.349
2.869,1.253
2.74,-0.869
2.202,-2.106
2.054,-1.708
1.169,-1.963
1.008,-1.775
0.674,-1.801
0.554,-2.015
-0.196,-1.896
-0.734,-1.979
-1.769,-1.827
-2.138,-1.777
-2.344,-2.089
-2.672,-2.202
-2.617,-2.051
-2.991,-1.899
-2.992,-1.818
1.697,2.516
1.412,2.656
0.835,2.269
0.593,2.669
0.421,2.493
0.289,2.427
-0.821,2.555
-1.711,2.547
-2.699,2.341
-2.741,2.707
-2.947,2.658
-2.955,2.45
-1.401,0.235
-1.532,1.746
-2.841,1.727
-2.981,-1.122
2.538,-0.601
2.502,-0.59
2.037,-0.75
1.829,0.852
1.778,0.143
1.577,-0.581
1.636,-0.376
1.523,0.488
1.497,-0.36
1.447,0.866
1.436,0.878
1.375,2.291
1.129,-1.499
1.253,-0.041
1.22,1.025
0.971,-1.507
1.034,2.054
0.842,-0.628
0.872,1.333
0.887,-1.426
0.828,0.22
0.758,-1.145
0.607,1.848
0.554,0.137
0.425,-0.683
0.357,-0.956
0.318,-1.449
0.265,0.656
-0.005,1.821
0.05,0.879
0.039,0.582
-0.06,0.628
-0.283,-1.721
-0.225,-0.383
-0.388,-0.005
-0.486,-0.401
-0.519,-1.356
-0.583,0.926
-0.628,1.964
-0.849,-0.344
-0.78,-0.026
-0.959,1.002
-0.968,1.003
-0.936,-1.738
-0.957,1.99
-1.092,0.904
-1.139,1.278
-1.192,0.263
-1.181,-0.459
-1.243,-0.577
-1.278,2.21
-1.4,1.243
-1.443,0.857
-1.363,0.843
-1.523,-1.387
-1.613,1.87
-1.597,1.766
-1.83,-0.563
-1.76,2.149
-1.812,-0.385
-1.918,0.454
-1.857,-0.26
-1.954,-0.245
-1.944,0.479
-2.087,-0.263
-2.01,2.012
-2.136,-1.138
-2.256,-0.747
-2.37,0.465
-2.396,0.936
-2.38,0.686
-2.419,-0.171
-2.319,0.216
-2.43,1.889
-2.434,0.782
-2.579,0.405
-2.522,2.216
-2.658,-0.154
-2.547,-1.303
-2.59,-0.217
-2.937,0.124
2.961,1.909
3.046,-0.295
3.032,-1.227
2.765,-1.346
2.078,-2.061
1.444,-1.815
1.594,-2.045
1.027,-2.042
1.013,-2.03
0.494,-2.09
0.555,-1.874
-0.941,-2.01
-1.517,-2.149
-1.735,-2.035
-3.024,-2.156
1.895,2.429
0.505,2.392
-0.05,2.278
-0.108,2.571
-2.131,2.56
-2.068,2.372
2.711,2.582
-1.688,1.725
-1.884,0.818
-1.911,0.999
-2.934,1.162
-2.93,0.21
-2.885,1.544
-3.004,0.821
-3.138,0.587
-2.525,0.76
-2.95,-0.761
-3.123,-0.598
1.089,2.583
-3.031,2.024
-0.27,1.79
-0.481,0.887
-0.646,2.367
-0.622,0.226
-0.711,-0.076
-0.724,0.88
-0.809,3.027
-0.862,2.878
-0.89,3.155
-0.898,1.412
-0.975,2.098
-0.983,-0.759
-0.983,2.634
-1.281,2.59
-1.216,2.567
-1.312,2.174
-1.36,0.834
-1.406,2.651
-1.474,-0.672
-1.472,2.509
-1.43,0.407
-1.519,1.536
-1.563,0.979
-1.582,-0.123
-1.61,-0.579
-1.598,-0.332
-1.716,0.293
-1.728,-0.18
-1.671,0.384
-1.682,1.937
-1.75,2.493
-1.699,2.208
-1.805,0.13
-1.797,0.553
-1.828,0.903
-1.851,2.505
-1.886,0.067
-1.828,2.42
-1.879,1.104
-2.055,2.037
-2.231,1.641
-2.186,-0.005
-2.22,1.076
-2.306,2.696
-2.372,2.767
-2.395,2.218
-2.447,1.275
-2.47,2.786
-2.498,1.98
-2.475,0.581
-2.497,0.741
-2.502,1.871
-2.554,2.162
-2.506,2.945
-2.582,0.867
-2.546,-0.595
-2.544,0.34
-2.704,0.666
-2.732,1.922
-2.747,1.716
-2.801,-0.763
-3.02,0.315
-3.131,-0.034
3.091,1.008
3.0,2.134
3.064,-0.758
2.926,-0.61
2.894,-0.489
2.856,1.148
2.912,2.052
2.783,-0.07
2.245,-1.307
2.097,-0.909
1.212,-1.164
1.051,-0.976
0.717,-1.002
0.597,-1.216
-0.153,-1.097
-0.691,-1.18
-1.726,-1.028
-2.095,-0.978
-2.301,-1.29
-2.629,-1.403
-2.574,-1.252
-2.948,-1.1
-2.949,-1.019
1.74,3.315
1.455,3.455
0.878,3.068
0.636,3.468
0.464,3.292
0.332,3.226
-0.778,3.354
-1.668,3.346
-2.656,3.14
-2.698,3.506
-2.904,3.457
-2.912,3.249
-1.358,1.034
-1.489,2.545
-2.798,2.526
-2.938,-0.323
2.581,0.198
2.545,0.209
2.08,0.049
1.872,1.651
1.821,0.942
1.62,0.218
1.679,0.423
1.566,1.287
1.54,0.439
1.49,1.665
1.479,1.677
1.418,3.09
1.172,-0.7
1.296,0.758
1.263,1.824
1.014,-0.708
1.077,2.853
0.885,0.171
0.915,2.132
0.93,-0.627
0.871,1.019
0.801,-0.346
0.65,2.647
0.597,0.936
0.468,0.116
0.4,-0.157
0.361,-0.65
0.308,1.455
0.038,2.62
0.093,1.678
0.082,1.381
-0.017,1.427
-0.24,-0.922
-0.182,0.416
-0.345,0.794
-0.443,0.398
-0.476,-0.557
-0.54,1.725
-0.585,2.763
-0.806,0.455
-0.737,0.773
-0.916,1.801
-0.925,1.802
-0.893,-0.939
-0.914,2.789
-1.049,1.703
-1.096,2.077
-1.149,1.062
-1.138,0.34
-1.2,0.222
-1.235,3.009
-1.357,2.042
-1.4,1.656
-1.32,1.642
-1.48,-0.588
-1.57,2.669
-1.554,2.565
-1.787,0.236
-1.717,2.948
-1.769,0.414
-1.875,1.253
-1.814,0.539
-1.911,0.554
-1.901,1.278
-2.044,0.536
-1.967,2.811
-2.093,-0.339
-2.213,0.052
-2.327,1.264
-2.353,1.735
-2.337,1.485
-2.376,0.628
-2.276,1.015
-2.387,2.688
-2.391,1.581
-2.536,1.204
-2.479,3.015
-2.615,0.645
-2.504,-0.504
-2.547,0.582
-2.894,0.923
3.004,2.708
3.089,0.504
3.075,-0.428
2.808,-0.547
2.121,-1.262
1.487,-1.016
1.637,-1.246
1.07,-1.243
1.056,-1.231
0.537,-1.291
0.598,-1.075
-0.898,-1.211
-1.474,-1.35
-1.692,-1.236
-2.981,-1.357
1.938,3.228
0.548,3.191
-0.007,3.077
-0.065,3.37
-2.088,3.359
-2.025,3.171
2.754,3.381
-1.645,2.524
-1.841,1.617
-1.868,1.798
-2.891,1.961
-2.887,1.009
-2.842,2.343
-2.961,1.62
-3.095,1.386
-2.482,1.559
-2.907,0.038
-3.08,0.201
1.132,3.382
-2.988,2.823
-0.211,-0.903
-0.376,0.577
-0.352,-1.564
-0.441,-1.866
-0.454,-0.91
-0.539,1.237
-0.592,1.088
-0.62,1.365
-0.628,-0.378
-0.705,0.308
-0.713,-2.549
-0.713,0.844
-1.011,0.8
-0.946,0.777
-1.042,0.384
-1.09,-0.956
-1.136,0.861
-1.204,-2.462
-1.202,0.719
-1.16,-1.383
-1.249,-0.254
-1.293,-0.811
-1.312,-1.913
-1.34,-2.369
-1.328,-2.122
-1.446,-1.497
-1.458,-1.97
-1.401,-1.406
-1.412,0.147
-1.48,0.703
-1.429,0.418
-1.535,-1.66
-1.527,-1.237
-1.558,-0.887
-1.581,0.715
-1.616,-1.723
-1.558,0.63
-1.609,-0.686
-1.785,0.247
-1.961,-0.149
-1.916,-1.795
-1.95,-0.714
-2.036,0.906
-2.102,0.977
-2.125,0.428
-2.177,-0.515
-2.2,0.996
-2.228,0.19
-2.205,-1.209
-2.227,-1.049
-2.232,0.081
-2.284,0.372
-2.236,1.155
-2.312,-0.923
-2.276,-2.385
-2.274,-1.45
-2.434,-1.124
-2.462,0.132
-2.477,-0.074
-2.531,-2.553
-2.75,-1.475
-2.861,-1.824
-2.922,-0.782
-3.013,0.344
-2.949,-2.548
-3.087,-2.4
-3.119,-2.279
3.126,-0.642
-3.101,0.262
3.053,-1.86
2.515,-3.097
2.367,-2.699
1.482,-2.954
1.321,-2.766
0.987,-2.792
0.867,-3.006
0.117,-2.887
-0.421,-2.97
-1.456,-2.818
-1.825,-2.768
-2.031,-3.08
-2.359,-3.193
-2.304,-3.042
-2.678,-2.89
-2.679,-2.809
2.01,1.525
1.725,1.665
1.148,1.278
0.906,1.678
0.734,1.502
0.602,1.436
-0.508,1.564
-1.398,1.556
-2.386,1.35
-2.428,1.716
-2.634,1.667
-2.642,1.459
-1.088,-0.756
-1.219,0.755
-2.528,0.736
-2.668,-2.113
2.851,-1.592
2.815,-1.581
2.35,-1.741
2.142,-0.139
2.091,-0.848
1.89,-1.572
1.949,-1.367
1.836,-0.503
1.81,-1.351
1.76,-0.125
1.749,-0.113
1.688,1.3
1.442,-2.49
1.566,-1.032
1.533,0.034
1.284,-2.498
1.347,1.063
1.155,-1.619
1.185,0.342
1.2,-2.417
1.141,-0.771
1.071,-2.136
0.92,0.857
0.867,-0.854
0.738,-1.674
0.67,-1.947
0.631,-2.44
0.578,-0.335
0.308,0.83
0.363,-0.112
0.352,-0.409
0.253,-0.363
0.03,-2.712
0.088,-1.374
-0.075,-0.996
-0.173,-1.392
-0.206,-2.347
-0.27,-0.065
-0.315,0.973
-0.536,-1.335
-0.467,-1.017
-0.646,0.011
-0.655,0.012
-0.623,-2.729
-0.644,0.999
-0.779,-0.087
-0.826,0.287
-0.879,-0.728
-0.868,-1.45
-0.93,-1.568
-0.965,1.219
-1.087,0.252
-1.13,-0.134
-1.05,-0.148
-1.21,-2.378
-1.3,0.879
-1.284,0.775
-1.517,-1.554
-1.447,1.158
-1.499,-1.376
-1.605,-0.537
-1.544,-1.251
-1.641,-1.236
-1.631,-0.512
-1.774,-1.254
-1.697,1.021
-1.823,-2.129
-1.943,-1.738
-2.057,-0.526
-2.083,-0.055
-2.067,-0.305
-2.106,-1.162
-2.006,-0.775
-2.117,0.898
-2.121,-0.209
-2.266,-0.586
-2.209,1.225
-2.345,-1.145
-2.234,-2.294
-2.277,-1.208
-2.624,-0.867
-3.009,0.918
-2.924,-1.286
-2.938,-2.218
3.078,-2.337
2.391,-3.052
1.757,-2.806
1.907,-3.036
1.34,-3.033
1.326,-3.021
0.807,-3.081
0.868,-2.865
-0.628,-3.001
-1.204,-3.14
-1.422,-3.026
-2.711,-3.147
2.208,1.438
0.818,1.401
0.263,1.287
0.205,1.58
-1.818,1.569
-1.755,1.381
3.024,1.591
-1.375,0.734
-1.571,-0.173
-1.598,0.008
-2.621,0.171
-2.617,-0.781
-2.572,0.553
-2.691,-0.17
-2.825,-0.404
-2.212,-0.231
-2.637,-1.752
-2.81,-1.589
1.402,1.592
-2.718,1.033
-0.165,1.48
-0.141,-0.661
-0.23,-0.963
-0.243,-0.007
-0.328,2.14
-0.381,1.991
-0.409,2.268
-0.417,0.525
-0.494,1.211
-0.502,-1.646
-0.502,1.747
-0.8,1.703
-0.735,1.68
-0.831,1.287
-0.879,-0.053
-0.925,1.764
-0.993,-1.559
-0.991,1.622
-0.949,-0.48
-1.038,0.649
-1.082,0.092
-1.101,-1.01
-1.129,-1.466
-1.117,-1.219
-1.235,-0.594
-1.247,-1.067
-1.19,-0.503
-1.201,1.05
-1.269,1.606
-1.218,1.321
-1.324,-0.757
-1.316,-0.334
-1.347,0.016
-1.37,1.618
-1.405,-0.82
-1.347,1.533
-1.398,0.217
-1.574,1.15
-1.75,0.754
-1.705,-0.892
-1.739,0.189
-1.825,1.809
-1.891,1.88
-1.914,1.331
-1.966,0.388
-1.989,1.899
-2.017,1.093
-1.994,-0.306
-2.016,-0.146
-2.021,0.984
-2.073,1.275
-2.025,2.058
-2.101,-0.02
-2.065,-1.482
-2.063,-0.547
-2.223,-0.221
-2.251,1.035
-2.266,0.829
-2.32,-1.65
-2.539,-0.572
-2.65,-0.921
-2.711,0.121
-2.802,1.247
-2.738,-1.645
-2.876,-1.497
-2.908,-1.376
-2.946,0.261
-2.89,1.165
-3.019,-0.957
2.726,-2.194
2.578,-1.796
1.693,-2.051
1.532,-1.863
1.198,-1.889
1.078,-2.103
0.328,-1.984
-0.21,-2.067
-1.245,-1.915
-1.614,-1.865
-1.82,-2.177
-2.148,-2.29
-2.093,-2.139
-2.467,-1.987
-2.468,-1.906
2.221,2.428
1.936,2.568
1.359,2.181
1.117,2.581
0.945,2.405
0.813,2.339
-0.297,2.467
-1.187,2.459
-2.175,2.253
-2.217,2.619
-2.423,2.57
-2.431,2.362
-0.877,0.147
-1.008,1.658
-2.317,1.639
-2.457,-1.21
3.062,-0.689
3.026,-0.678
2.561,-0.838
2.353,0.764
2.302,0.055
2.101,-0.669
2.16,-0.464
2.047,0.4
2.021,-0.448
1.971,0.778
1.96,0.79
1.899,2.203
1.653,-1.587
1.777,-0.129
1.744,0.937
1.495,-1.595
1.558,1.966
1.366,-0.716
1.396,1.245
1.411,-1.514
1.352,0.132
1.282,-1.233
1.131,1.76
1.078,0.049
0.949,-0.771
0.881,-1.044
0.842,-1.537
0.789,0.568
0.519,1.733
0.574,0.791
0.563,0.494
0.464,0.54
0.241,-1.809
0.299,-0.471
0.136,-0.093
0.038,-0.489
0.005,-1.444
-0.059,0.838
-0.104,1.876
-0.325,-0.432
-0.256,-0.114
-0.435,0.914
-0.444,0.915
-0.412,-1.826
-0.433,1.902
-0.568,0.816
-0.615,1.19
-0.668,0.175
-0.657,-0.547
-0.719,-0.665
-0.754,2.122
-0.876,1.155
-0.919,0.769
-0.839,0.755
-0.999,-1.475
-1.089,1.782
-1.073,1.678
-1.306,-0.651
-1.236,2.061
-1.288,-0.473
-1.394,0.366
-1.333,-0.348
-1.43,-0.333
-1.42,0.391
-1.563,-0.351
-1.486,1.924
-1.612,-1.226
-1.732,-0.835
-1.846,0.377
-1.872,0.848
-1.856,0.598
-1.895,-0.259
-1.795,0.128
-1.906,1.801
-1.91,0.694
-2.055,0.317
-1.998,2.128
-2.134,-0.242
-2.023,-1.391
-2.066,-0.305
-2.413,0.036
-2.798,1.821
-2.713,-0.383
-2.727,-1.315
-2.994,-1.434
2.602,-2.149
1.968,-1.903
2.118,-2.133
1.551,-2.13
1.537,-2.118
1.018,-2.178
1.079,-1.962
-0.417,-2.098
-0.993,-2.237
-1.211,-2.123
-2.5,-2.244
2.419,2.341
1.029,2.304
0.474,2.19
0.416,2.483
-1.607,2.472
-1.544,2.284
-3.048,2.494
-1.164,1.637
-1.36,0.73
-1.387,0.911
-2.41,1.074
-2.406,0.122
-2.361,1.456
-2.48,0.733
-2.614,0.499
-2.001,0.672
-2.426,-0.849
-2.599,-0.686
1.613,2.495
-2.507,1.936
0.024,-2.141
-0.065,-2.443
-0.078,-1.487
-0.163,0.66
-0.216,0.511
-0.244,0.788
-0.252,-0.955
-0.329,-0.269
-0.337,-3.126
-0.337,0.267
-0.635,0.223
-0.57,0.2
-0.666,-0.193
-0.714,-1.533
-0.76,0.284
-0.828,-3.039
-0.826,0.142
-0.784,-1.96
-0.873,-0.831
-0.917,-1.388
-0.936,-2.49
-0.964,-2.946
-0.952,-2.699
-1.07,-2.074
-1.082,-2.547
-1.025,-1.983
-1.036,-0.43
-1.104,0.126
-1.053,-0.159
-1.159,-2.237
-1.151,-1.814
-1.182,-1.464
-1.205,0.138
-1.24,-2.3
-1.182,0.053
-1.233,-1.263
-1.409,-0.33
-1.585,-0.726
-1.54,-2.372
-1.574,-1.291
-1.66,0.329
-1.726,0.4
-1.749,-0.149
-1.801,-1.092
-1.824,0.419
-1.852,-0.387
-1.829,-1.786
-1.851,-1.626
-1.856,-0.496
-1.908,-0.205
-1.86,0.578
-1.936,-1.5
-1.9,-2.962
-1.898,-2.027
-2.058,-1.701
-2.086,-0.445
-2.101,-0.651
-2.155,-3.13
-2.374,-2.052
-2.485,-2.401
-2.546,-1.359
-2.637,-0.233
-2.573,-3.125
-2.711,-2.977
-2.743,-2.856
-2.781,-1.219
-2.725,-0.315
-2.854,-2.437
2.891,-3.674
2.743,-3.276
1.858,-3.531
1.697,-3.343
1.363,-3.369
1.243,-3.583
0.493,-3.464
-0.045,-3.547
-1.08,-3.395
-1.449,-3.345
-1.655,-3.657
-1.983,-3.77
-1.928,-3.619
-2.302,-3.467
-2.303,-3.386
2.386,0.948
2.101,1.088
1.524,0.701
1.282,1.101
1.11,0.925
0.978,0.859
-0.132,0.987
-1.022,0.979
-2.01,0.773
-2.052,1.139
-2.258,1.09
-2.266,0.882
-0.712,-1.333
-0.843,0.178
-2.152,0.159
-2.292,-2.69
-3.056,-2.169
-3.092,-2.158
2.726,-2.318
2.518,-0.716
2.467,-1.425
2.266,-2.149
2.325,-1.944
2.212,-1.08
2.186,-1.928
2.136,-0.702
2.125,-0.69
2.064,0.723
1.818,-3.067
1.942,-1.609
1.909,-0.543
1.66,-3.075
1.723,0.486
1.531,-2.196
1.561,-0.235
1.576,-2.994
1.517,-1.348
1.447,-2.713
1.296,0.28
1.243,-1.431
1.114,-2.251
1.046,-2.524
1.007,-3.017
0.954,-0.912
0.684,0.253
0.739,-0.689
0.728,-0.986
0.629,-0.94
0.406,-3.289
0.464,-1.951
0.301,-1.573
0.203,-1.969
0.17,-2.924
0.106,-0.642
0.061,0.396
-0.16,-1.912
-0.091,-1.594
-0.27,-0.566
-0.279,-0.565
-0.247,-3.306
-0.268,0.422
-0.403,-0.664
-0.45,-0.29
-0.503,-1.305
-0.492,-2.027
-0.554,-2.145
-0.589,0.642
-0.711,-0.325
-0.754,-0.711
-0.674,-0.725
-0.834,-2.955
-0.924,0.302
-0.908,0.198
-1.141,-2.131
-1.071,0.581
-1.123,-1.953
-1.229,-1.114
-1.168,-1.828
-1.265,-1.813
-1.255,-1.089
-1.398,-1.831
-1.321,0.444
-1.447,-2.706
-1.567,-2.315
-1.681,-1.103
-1.707,-0.632
-1.691,-0.882
-1.73,-1.739
-1.63,-1.352
-1.741,0.321
-1.745,-0.786
-1.89,-1.163
-1.833,0.648
-1.969,-1.722
-1.858,-2.871
-1.901,-1.785
-2.248,-1.444
-2.633,0.341
-2.548,-1.863
-2.562,-2.795
-2.829,-2.914
2.767,-3.629
2.133,-3.383
2.283,-3.613
1.716,-3.61
1.702,-3.598
1.183,-3.658
1.244,-3.442
-0.252,-3.578
-0.828,-3.717
-1.046,-3.603
-2.335,-3.724
2.584,0.861
1.194,0.824
0.639,0.71
0.581,1.003
-1.442,0.992
-1.379,0.804
-2.883,1.014
-0.999,0.157
-1.195,-0.75
-1.222,-0.569
-2.245,-0.406
-2.241,-1.358
-2.196,-0.024
-2.315,-0.747
-2.449,-0.981
-1.836,-0.808
-2.261,-2.329
-2.434,-2.166
1.778,1.015
-2.342,0.456
-0.089,-0.302
-0.102,0.654
-0.187,2.801
-0.24,2.652
-0.268,2.929
-0.276,1.186
-0.353,1.872
-0.361,-0.985
-0.361,2.408
-0.659,2.364
-0.594,2.341
-0.69,1.948
-0.738,0.608
-0.784,2.425
-0.852,-0.898
-0.85,2.283
-0.808,0.181
-0.897,1.31
-0.941,0.753
-0.96,-0.349
-0.988,-0.805
-0.976,-0.558
-1.094,0.067
-1.106,-0.406
-1.049,0.158
-1.06,1.711
-1.128,2.267
-1.077,1.982
-1.183,-0.096
-1.175,0.327
-1.206,0.677
-1.229,2.279
-1.264,-0.159
-1.206,2.194
-1.257,0.878
-1.433,1.811
-1.609,1.415
-1.564,-0.231
-1.598,0.85
-1.684,2.47
-1.75,2.541
-1.773,1.992
-1.825,1.049
-1.848,2.56
-1.876,1.754
-1.853,0.355
-1.875,0.515
-1.88,1.645
-1.932,1.936
-1.884,2.719
-1.96,0.641
-1.924,-0.821
-1.922,0.114
-2.082,0.44
-2.11,1.696
-2.125,1.49
-2.179,-0.989
-2.398,0.089
-2.509,-0.26
-2.57,0.782
-2.661,1.908
-2.597,-0.984
-2.735,-0.836
-2.767,-0.715
-2.805,0.922
-2.749,1.826
-2.878,-0.296
2.867,-1.533
2.719,-1.135
1.834,-1.39
1.673,-1.202
1.339,-1.228
1.219,-1.442
0.469,-1.323
-0.069,-1.406
-1.104,-1.254
-1.473,-1.204
-1.679,-1.516
-2.007,-1.629
-1.952,-1.478
-2.326,-1.326
-2.327,-1.245
2.362,3.089
2.077,3.229
1.5,2.842
1.258,3.242
1.086,3.066
0.954,3.0
-0.156,3.128
-1.046,3.12
-2.034,2.914
-2.076,3.28
-2.282,3.231
-2.29,3.023
-0.736,0.808
-0.867,2.319
-2.176,2.3
-2.316,-0.549
-3.08,-0.028
-3.116,-0.017
2.702,-0.177
2.494,1.425
2.443,0.716
2.242,-0.008
2.301,0.197
2.188,1.061
2.162,0.213
2.112,1.439
2.101,1.451
2.04,2.864
1.794,-0.926
1.918,0.532
1.885,1.598
1.636,-0.934
1.699,2.627
1.507,-0.055
1.537,1.906
1.552,-0.853
1.493,0.793
1.423,-0.572
1.272,2.421
1.219,0.71
1.09,-0.11
1.022,-0.383
0.983,-0.876
0.93,1.229
0.66,2.394
0.715,1.452
0.704,1.155
0.605,1.201
0.382,-1.148
0.44,0.19
0.277,0.568
0.179,0.172
0.146,-0.783
0.082,1.499
0.037,2.537
-0.184,0.229
-0.115,0.547
-0.294,1.575
-0.303,1.576
-0.271,-1.165
-0.292,2.563
-0.427,1.477
-0.474,1.851
-0.527,0.836
-0.516,0.114
-0.578,-0.004
-0.613,2.783
-0.735,1.816
-0.778,1.43
-0.698,1.416
-0.858,-0.814
-0.948,2.443
-0.932,2.339
-1.165,0.01
-1.095,2.722
-1.147,0.188
-1.253,1.027
-1.192,0.313
-1.289,0.328
-1.279,1.052
-1.422,0.31
-1.345,2.585
-1.471,-0.565
-1.591,-0.174
-1.705,1.038
-1.731,1.509
-1.715,1.259
-1.754,0.402
-1.654,0.789
-1.765,2.462
-1.769,1.355
-1.914,0.978
-1.857,2.789
-1.993,0.419
-1.882,-0.73
-1.925,0.356
-2.272,0.697
-2.657,2.482
-2.572,0.278
-2.586,-0.654
-2.853,-0.773
2.743,-1.488
2.109,-1.242
2.259,-1.472
1.692,-1.469
1.678,-1.457
1.159,-1.517
1.22,-1.301
-0.276,-1.437
-0.852,-1.576
-1.07,-1.462
-2.359,-1.583
2.56,3.002
1.17,2.965
0.615,2.851
0.557,3.144
-1.466,3.133
-1.403,2.945
-2.907,3.155
-1.023,2.298
-1.219,1.391
-1.246,1.572
-2.269,1.735
-2.265,0.783
-2.22,2.117
-2.339,1.394
-2.473,1.16
-1.86,1.333
-2.285,-0.188
-2.458,-0.025
1.754,3.156
-2.366,2.597
-0.013,0.956
-0.098,3.103
-0.151,2.954
-0.179,3.231
-0.187,1.488
-0.264,2.174
-0.272,-0.683
-0.272,2.71
-0.57,2.666
-0.505,2.643
-0.601,2.25
-0.649,0.91
-0.695,2.727
-0.763,-0.596
-0.761,2.585
-0.719,0.483
-0.808,1.612
-0.852,1.055
-0.871,-0.047
-0.899,-0.503
-0.887,-0.256
-1.005,0.369
-1.017,-0.104
-0.96,0.46
-0.971,2.013
-1.039,2.569
-0.988,2.284
-1.094,0.206
-1.086,0.629
-1.117,0.979
-1.14,2.581
-1.175,0.143
-1.117,2.496
-1.168,1.18
-1.344,2.113
-1.52,1.717
-1.475,0.071
-1.509,1.152
-1.595,2.772
-1.661,2.843
-1.684,2.294
-1.736,1.351
-1.759,2.862
-1.787,2.056
-1.764,0.657
-1.786,0.817
-1.791,1.947
-1.843,2.238
-1.795,3.021
-1.871,0.943
-1.835,-0.519
-1.833,0.416
-1.993,0.742
-2.021,1.998
-2.036,1.792
-2.09,-0.687
-2.309,0.391
-2.42,0.042
-2.481,1.084
-2.572,2.21
-2.508,-0.682
-2.646,-0.534
-2.678,-0.413
-2.716,1.224
-2.66,2.128
-2.789,0.006
2.956,-1.231
2.808,-0.833
1.923,-1.088
1.762,-0.9
1.428,-0.926
1.308,-1.14
0.558,-1.021
0.02,-1.104
-1.015,-0.952
-1.384,-0.902
-1.59,-1.214
-1.918,-1.327
-1.863,-1.176
-2.237,-1.024
-2.238,-0.943
2.451,3.391
2.166,3.531
1.589,3.144
1.347,3.544
1.175,3.368
1.043,3.302
-0.067,3.43
-0.957,3.422
-1.945,3.216
-1.987,3.582
-2.193,3.533
-2.201,3.325
-0.647,1.11
-0.778,2.621
-2.087,2.602
-2.227,-0.247
-2.991,0.274
-3.027,0.285
2.791,0.125
2.583,1.727
2.532,1.018
2.331,0.294
2.39,0.499
2.277,1.363
2.251,0.515
2.201,1.741
2.19,1.753
2.129,3.166
1.883,-0.624
2.007,0.834
1.974,1.9
1.725,-0.632
1.788,2.929
1.596,0.247
1.626,2.208
1.641,-0.551
1.582,1.095
1.512,-0.27
1.361,2.723
1.308,1.012
1.179,0.192
1.111,-0.081
1.072,-0.574
1.019,1.531
0.749,2.696
0.804,1.754
0.793,1.457
0.694,1.503
0.471,-0.846
0.529,0.492
0.366,0.87
0.268,0.474
0.235,-0.481
0.171,1.801
0.126,2.839
-0.095,0.531
-0.026,0.849
-0.205,1.877
-0.214,1.878
-0.182,-0.863
-0.203,2.865
-0.338,1.779
-0.385,2.153
-0.438,1.138
-0.427,0.416
-0.489,0.298
-0.524,3.085
-0.646,2.118
-0.689,1.732
-0.609,1.718
-0.769,-0.512
-0.859,2.745
-0.843,2.641
-1.076,0.312
-1.006,3.024
-1.058,0.49
-1.164,1.329
-1.103,0.615
-1.2,0.63
-1.19,1.354
-1.333,0.612
-1.256,2.887
-1.382,-0.263
-1.502,0.128
-1.616,1.34
-1.642,1.811
-1.626,1.561
-1.665,0.704
-1.565,1.091
-1.676,2.764
-1.68,1.657
-1.825,1.28
-1.768,3.091
-1.904,0.721
-1.793,-0.428
-1.836,0.658
-2.183,0.999
-2.568,2.784
-2.483,0.58
-2.497,-0.352
-2.764,-0.471
2.832,-1.186
2.198,-0.94
2.348,-1.17
1.781,-1.167
1.767,-1.155
1.248,-1.215
1.309,-0.999
-0.187,-1.135
-0.763,-1.274
-0.981,-1.16
-2.27,-1.281
2.649,3.304
1.259,3.267
0.704,3.153
0.646,3.446
-1.377,3.435
-1.314,3.247
-2.818,3.457
-0.934,2.6
-1.13,1.693
-1.157,1.874
-2.18,2.037
-2.176,1.085
-2.131,2.419
-2.25,1.696
-2.384,1.462
-1.771,1.635
-2.196,0.114
-2.369,0.277
1.843,3.458
-2.277,2.899
-0.085,2.147
-0.138,1.998
-0.166,2.275
-0.174,0.532
-0.251,1.218
-0.259,-1.639
-0.259,1.754
-0.557,1.71
-0.492,1.687
-0.588,1.294
-0.636,-0.046
-0.682,1.771
-0.75,-1.552
-0.748,1.629
-0.706,-0.473
-0.795,0.656
-0.839,0.099
-0.858,-1.003
-0.886,-1.459
-0.874,-1.212
-0.992,-0.587
-1.004,-1.06
-0.947,-0.496
-0.958,1.057
-1.026,1.613
-0.975,1.328
-1.081,-0.75
-1.073,-0.327
-1.104,0.023
-1.127,1.625
-1.162,-0.813
-1.104,1.54
-1.155,0.224
-1.331,1.157
-1.507,0.761
-1.462,-0.885
-1.496,0.196
-1.582,1.816
-1.648,1.887
-1.671,1.338
-1.723,0.395
-1.746,1.906
-1.774,1.1
-1.751,-0.299
-1.773,-0.139
-1.778,0.991
-1.83,1.282
-1.782,2.065
-1.858,-0.013
-1.822,-1.475
-1.82,-0.54
-1.98,-0.214
-2.008,1.042
-2.023,0.836
-2.077,-1.643
-2.296,-0.565
-2.407,-0.914
-2.468,0.128
-2.559,1.254
-2.495,-1.638
-2.633,-1.49
-2.665,-1.369
-2.703,0.268
-2.647,1.172
-2.776,-0.95
2.969,-2.187
2.821,-1.789
1.936,-2.044
1.775,-1.856
1.441,-1.882
1.321,-2.096
0.571,-1.977
0.033,-2.06
-1.002,-1.908
-1.371,-1.858
-1.577,-2.17
-1.905,-2.283
-1.85,-2.132
-2.224,-1.98
-2.225,-1.899
2.464,2.435
2.179,2.575
1.602,2.188
1.36,2.588
1.188,2.412
1.056,2.346
-0.054,2.474
-0.944,2.466
-1.932,2.26
-1.974,2.626
-2.18,2.577
-2.188,2.369
-0.634,0.154
-0.765,1.665
-2.074,1.646
-2.214,-1.203
-2.978,-0.682
-3.014,-0.671
2.804,-0.831
2.596,0.771
2.545,0.062
2.344,-0.662
2.403,-0.457
2.29,0.407
2.264,-0.441
2.214,0.785
2.203,0.797
2.142,2.21
1.896,-1.58
2.02,-0.122
1.987,0.944
1.738,-1.588
1.801,1.973
1.609,-0.709
1.639,1.252
1.654,-1.507
1.595,0.139
1.525,-1.226
1.374,1.767
1.321,0.056
1.192,-0.764
1.124,-1.037
1.085,-1.53
1.032,0.575
0.762,1.74
0.817,0.798
0.806,0.501
0.707,0.547
0.484,-1.802
0.542,-0.464
0.379,-0.086
0.281,-0.482
0.248,-1.437
0.184,0.845
0.139,1.883
-0.082,-0.425
-0.013,-0.107
-0.192,0.921
-0.201,0.922
-0.169,-1.819
-0.19,1.909
-0.325,0.823
-0.372,1.197
-0.425,0.182
-0.414,-0.54
-0.476,-0.658
-0.511,2.129
-0.633,1.162
-0.676,0.776
-0.596,0.762
-0.756,-1.468
-0.846,1.789
-0.83,1.685
-1.063,-0.644
-0.993,2.068
-1.045,-0.466
-1.151,0.373
-1.09,-0.341
-1.187,-0.326
-1.177,0.398
-1.32,-0.344
-1.243,1.931
-1.369,-1.219
-1.489,-0.828
-1.603,0.384
-1.629,0.855
-1.613,0.605
-1.652,-0.252
-1.552,0.135
-1.663,1.808
-1.667,0.701
-1.812,0.324
-1.755,2.135
-1.891,-0.235
-1.78,-1.384
-1.823,-0.298
-2.17,0.043
-2.555,1.828
-2.47,-0.376
-2.484,-1.308
-2.751,-1.427
2.845,-2.142
2.211,-1.896
2.361,-2.126
1.794,-2.123
1.78,-2.111
1.261,-2.171
1.322,-1.955
-0.174,-2.091
-0.75,-2.23
-0.968,-2.116
-2.257,-2.237
2.662,2.348
1.272,2.311
0.717,2.197
0.659,2.49
-1.364,2.479
-1.301,2.291
-2.805,2.501
-0.921,1.644
-1.117,0.737
-1.144,0.918
-2.167,1.081
-2.163,0.129
-2.118,1.463
-2.237,0.74
-2.371,0.506
-1.758,0.679
-2.183,-0.842
-2.356,-0.679
1.856,2.502
-2.264,1.943
-0.053,-0.149
-0.081,0.128
-0.089,-1.615
-0.166,-0.929
-0.174,-3.786
-0.174,-0.393
-0.472,-0.437
-0.407,-0.46
-0.503,-0.853
-0.551,-2.193
-0.597,-0.376
-0.665,-3.699
-0.663,-0.518
-0.621,-2.62
-0.71,-1.491
-0.754,-2.048
-0.773,-3.15
-0.801,-3.606
-0.789,-3.359
-0.907,-2.734
-0.919,-3.207
-0.862,-2.643
-0.873,-1.09
-0.941,-0.534
-0.89,-0.819
-0.996,-2.897
-0.988,-2.474
-1.019,-2.124
-1.042,-0.522
-1.077,-2.96
-1.019,-0.607
-1.07,-1.923
-1.246,-0.99
-1.422,-1.386
-1.377,-3.032
-1.411,-1.951
-1.497,-0.331
-1.563,-0.26
-1.586,-0.809
-1.638,-1.752
-1.661,-0.241
-1.689,-1.047
-1.666,-2.446
-1.688,-2.286
-1.693,-1.156
-1.745,-0.865
-1.697,-0.082
-1.773,-2.16
-1.737,-3.622
-1.735,-2.687
-1.895,-2.361
-1.923,-1.105
-1.938,-1.311
-1.992,-3.79
-2.211,-2.712
-2.322,-3.061
-2.383,-2.019
-2.474,-0.893
-2.41,-3.785
-2.548,-3.637
-2.58,-3.516
-2.618,-1.879
-2.562,-0.975
-2.691,-3.097
3.054,-4.334
2.906,-3.936
2.021,-4.191
1.86,-4.003
1.526,-4.029
1.406,-4.243
0.656,-4.124
0.118,-4.207
-0.917,-4.055
-1.286,-4.005
-1.492,-4.317
-1.82,-4.43
-1.765,-4.279
-2.139,-4.127
-2.14,-4.046
2.549,0.288
2.264,0.428
1.687,0.041
1.445,0.441
1.273,0.265
1.141,0.199
0.031,0.327
-0.859,0.319
-1.847,0.113
-1.889,0.479
-2.095,0.43
-2.103,0.222
-0.549,-1.993
-0.68,-0.482
-1.989,-0.501
-2.129,-3.35
-2.893,-2.829
-2.929,-2.818
2.889,-2.978
2.681,-1.376
2.63,-2.085
2.429,-2.809
2.488,-2.604
2.375,-1.74
2.349,-2.588
2.299,-1.362
2.288,-1.35
2.227,0.063
1.981,-3.727
2.105,-2.269
2.072,-1.203
1.823,-3.735
1.886,-0.174
1.694,-2.856
1.724,-0.895
1.739,-3.654
1.68,-2.008
1.61,-3.373
1.459,-0.38
1.406,-2.091
1.277,-2.911
1.209,-3.184
1.17,-3.677
1.117,-1.572
0.847,-0.407
0.902,-1.349
0.891,-1.646
0.792,-1.6
0.569,-3.949
0.627,-2.611
0.464,-2.233
0.366,-2.629
0.333,-3.584
0.269,-1.302
0.224,-0.264
0.003,-2.572
0.072,-2.254
-0.107,-1.226
-0.116,-1.225
-0.084,-3.966
-0.105,-0.238
-0.24,-1.324
-0.287,-0.95
-0.34,-1.965
-0.329,-2.687
-0.391,-2.805
-0.426,-0.018
-0.548,-0.985
-0.591,-1.371
-0.511,-1.385
-0.671,-3.615
-0.761,-0.358
-0.745,-0.462
-0.978,-2.791
-0.908,-0.079
-0.96,-2.613
-1.066,-1.774
-1.005,-2.488
-1.102,-2.473
-1.092,-1.749
-1.235,-2.491
-1.158,-0.216
-1.284,-3.366
-1.404,-2.975
-1.518,-1.763
-1.544,-1.292
-1.528,-1.542
-1.567,-2.399
-1.467,-2.012
-1.578,-0.339
-1.582,-1.446
-1.727,-1.823
-1.67,-0.012
-1.806,-2.382
-1.695,-3.531
-1.738,-2.445
-2.085,-2.104
-2.47,-0.319
-2.385,-2.523
-2.399,-3.455
-2.666,-3.574
2.93,-4.289
2.296,-4.043
2.446,-4.273
1.879,-4.27
1.865,-4.258
1.346,-4.318
1.407,-4.102
-0.089,-4.238
-0.665,-4.377
-0.883,-4.263
-2.172,-4.384
2.747,0.201
1.357,0.164
0.802,0.05
0.744,0.343
-1.279,0.332
-1.216,0.144
-2.72,0.354
-0.836,-0.503
-1.032,-1.41
-1.059,-1.229
-2.082,-1.066
-2.078,-2.018
-2.033,-0.684
-2.152,-1.407
-2.286,-1.641
-1.673,-1.468
-2.098,-2.989
-2.271,-2.826
1.941,0.355
-2.179,-0.204
-0.028,0.277
-0.036,-1.466
-0.113,-0.78
-0.121,-3.637
-0.121,-0.244
-0.419,-0.288
-0.354,-0.311
-0.45,-0.704
-0.498,-2.044
-0.544,-0.227
-0.612,-3.55
-0.61,-0.369
-0.568,-2.471
-0.657,-1.342
-0.701,-1.899
-0.72,-3.001
-0.748,-3.457
-0.736,-3.21
-0.854,-2.585
-0.866,-3.058
-0.809,-2.494
-0.82,-0.941
-0.888,-0.385
-0.837,-0.67
-0.943,-2.748
-0.935,-2.325
-0.966,-1.975
-0.989,-0.373
-1.024,-2.811
-0.966,-0.458
-1.017,-1.774
-1.193,-0.841
-1.369,-1.237
-1.324,-2.883
-1.358,-1.802
-1.444,-0.182
-1.51,-0.111
-1.533,-0.66
-1.585,-1.603
-1.608,-0.092
-1.636,-0.898
-1.613,-2.297
-1.635,-2.137
-1.64,-1.007
-1.692,-0.716
-1.644,0.067
-1.72,-2.011
-1.684,-3.473
-1.682,-2.538
-1.842,-2.212
-1.87,-0.956
-1.885,-1.162
-1.939,-3.641
-2.158,-2.563
-2.269,-2.912
-2.33,-1.87
-2.421,-0.744
-2.357,-3.636
-2.495,-3.488
-2.527,-3.367
-2.565,-1.73
-2.509,-0.826
-2.638,-2.948
3.107,-4.185
2.959,-3.787
2.074,-4.042
1.913,-3.854
1.579,-3.88
1.459,-4.094
0.709,-3.975
0.171,-4.058
-0.864,-3.906
-1.233,-3.856
-1.439,-4.168
-1.767,-4.281
-1.712,-4.13
-2.086,-3.978
-2.087,-3.897
2.602,0.437
2.317,0.577
1.74,0.19
1.498,0.59
1.326,0.414
1.194,0.348
0.084,0.476
-0.806,0.468
-1.794,0.262
-1.836,0.628
-2.042,0.579
-2.05,0.371
-0.496,-1.844
-0.627,-0.333
-1.936,-0.352
-2.076,-3.201
-2.84,-2.68
-2.876,-2.669
2.942,-2.829
2.734,-1.227
2.683,-1.936
2.482,-2.66
2.541,-2.455
2.428,-1.591
2.402,-2.439
2.352,-1.213
2.341,-1.201
2.28,0.212
2.034,-3.578
2.158,-2.12
2.125,-1.054
1.876,-3.586
1.939,-0.025
1.747,-2.707
1.777,-0.746
1.792,-3.505
1.733,-1.859
1.663,-3.224
1.512,-0.231
1.459,-1.942
1.33,-2.762
1.262,-3.035
1.223,-3.528
1.17,-1.423
0.9,-0.258
0.955,-1.2
0.944,-1.497
0.845,-1.451
0.622,-3.8
0.68,-2.462
0.517,-2.084
0.419,-2.48
0.386,-3.435
0.322,-1.153
0.277,-0.115
0.056,-2.423
0.125,-2.105
-0.054,-1.077
-0.063,-1.076
-0.031,-3.817
-0.052,-0.089
-0.187,-1.175
-0.234,-0.801
-0.287,-1.816
-0.276,-2.538
-0.338,-2.656
-0.373,0.131
-0.495,-0.836
-0.538,-1.222
-0.458,-1.236
-0.618,-3.466
-0.708,-0.209
-0.692,-0.313
-0.925,-2.642
-0.855,0.07
-0.907,-2.464
-1.013,-1.625
-0.952,-2.339
-1.049,-2.324
-1.039,-1.6
-1.182,-2.342
-1.105,-0.067
-1.231,-3.217
-1.351,-2.826
-1.465,-1.614
-1.491,-1.143
-1.475,-1.393
-1.514,-2.25
-1.414,-1.863
-1.525,-0.19
-1.529,-1.297
-1.674,-1.674
-1.617,0.137
-1.753,-2.233
-1.642,-3.382
-1.685,-2.296
-2.032,-1.955
-2.417,-0.17
-2.332,-2.374
-2.346,-3.306
-2.613,-3.425
2.983,-4.14
2.349,-3.894
2.499,-4.124
1.932,-4.121
1.918,-4.109
1.399,-4.169
1.46,-3.953
-0.036,-4.089
-0.612,-4.228
-0.83,-4.114
-2.119,-4.235
2.8,0.35
1.41,0.313
0.855,0.199
0.797,0.492
-1.226,0.481
-1.163,0.293
-2.667,0.503
-0.783,-0.354
-0.979,-1.261
-1.006,-1.08
-2.029,-0.917
-2.025,-1.869
-1.98,-0.535
-2.099,-1.258
-2.233,-1.492
-1.62,-1.319
-2.045,-2.84
-2.218,-2.677
1.994,0.504
-2.126,-0.055
-0.008,-1.743
-0.085,-1.057
-0.093,-3.914
-0.093,-0.521
-0.391,-0.565
-0.326,-0.588
-0.422,-0.981
-0.47,-2.321
-0.516,-0.504
-0.584,-3.827
-0.582,-0.646
-0.54,-2.748
-0.629,-1.619
-0.673,-2.176
-0.692,-3.278
-0.72,-3.734
-0.708,-3.487
-0.826,-2.862
-0.838,-3.335
-0.781,-2.771
-0.792,-1.218
-0.86,-0.662
-0.809,-0.947
-0.915,-3.025
-0.907,-2.602
-0.938,-2.252
-0.961,-0.65
-0.996,-3.088
-0.938,-0.735
-0.989,-2.051
-1.165,-1.118
-1.341,-1.514
-1.296,-3.16
-1.33,-2.079
-1.416,-0.459
-1.482,-0.388
-1.505,-0.937
-1.557,-1.88
-1.58,-0.369
-1.608,-1.175
-1.585,-2.574
-1.607,-2.414
-1.612,-1.284
-1.664,-0.993
-1.616,-0.21
-1.692,-2.288
-1.656,-3.75
-1.654,-2.815
-1.814,-2.489
-1.842,-1.233
-1.857,-1.439
-1.911,-3.918
-2.13,-2.84
-2.241,-3.189
-2.302,-2.147
-2.393,-1.021
-2.329,-3.913
-2.467,-3.765
-2.499,-3.644
-2.537,-2.007
-2.481,-1.103
-2.61,-3.225
3.135,-4.462
2.987,-4.064
2.102,-4.319
1.941,-4.131
1.607,-4.157
1.487,-4.371
0.737,-4.252
0.199,-4.335
-0.836,-4.183
-1.205,-4.133
-1.411,-4.445
-1.739,-4.558
-1.684,-4.407
-2.058,-4.255
-2.059,-4.174
2.63,0.16
2.345,0.3
1.768,-0.087
1.526,0.313
1.354,0.137
1.222,0.071
0.112,0.199
-0.778,0.191
-1.766,-0.015
-1.808,0.351
-2.014,0.302
-2.022,0.094
-0.468,-2.121
-0.599,-0.61
-1.908,-0.629
-2.048,-3.478
-2.812,-2.957
-2.848,-2.946
2.97,-3.106
2.762,-1.504
2.711,-2.213
2.51,-2.937
2.569,-2.732
2.456,-1.868
2.43,-2.716
2.38,-1.49
2.369,-1.478
2.308,-0.065
2.062,-3.855
2.186,-2.397
2.153,-1.331
1.904,-3.863
1.967,-0.302
1.775,-2.984
1.805,-1.023
1.82,-3.782
1.761,-2.136
1.691,-3.501
1.54,-0.508
1.487,-2.219
1.358,-3.039
1.29,-3.312
1.251,-3.805
1.198,-1.7
0.928,-0.535
0.983,-1.477
0.972,-1.774
0.873,-1.728
0.65,-4.077
0.708,-2.739
0.545,-2.361
0.447,-2.757
0.414,-3.712
0.35,-1.43
0.305,-0.392
0.084,-2.7
0.153,-2.382
-0.026,-1.354
-0.035,-1.353
-0.003,-4.094
-0.024,-0.366
-0.159,-1.452
-0.206,-1.078
-0.259,-2.093
-0.248,-2.815
-0.31,-2.933
-0.345,-0.146
-0.467,-1.113
-0.51,-1.499
-0.43,-1.513
-0.59,-3.743
-0.68,-0.486
-0.664,-0.59
-0.897,-2.919
-0.827,-0.207
-0.879,-2.741
-0.985,-1.902
-0.924,-2.616
-1.021,-2.601
-1.011,-1.877
-1.154,-2.619
-1.077,-0.344
-1.203,-3.494
-1.323,-3.103
-1.437,-1.891
-1.463,-1.42
-1.447,-1.67
-1.486,-2.527
-1.386,-2.14
-1.497,-0.467
-1.501,-1.574
-1.646,-1.951
-1.589,-0.14
-1.725,-2.51
-1.614,-3.659
-1.657,-2.573
-2.004,-2.232
-2.389,-0.447
-2.304,-2.651
-2.318,-3.583
-2.585,-3.702
3.011,-4.417
2.377,-4.171
2.527,-4.401
1.96,-4.398
1.946,-4.386
1.427,-4.446
1.488,-4.23
-0.008,-4.366
-0.584,-4.505
-0.802,-4.391
-2.091,-4.512
2.828,0.073
1.438,0.036
0.883,-0.078
0.825,0.215
-1.198,0.204
-1.135,0.016
-2.639,0.226
-0.755,-0.631
-0.951,-1.538
-0.978,-1.357
-2.001,-1.194
-1.997,-2.146
-1.952,-0.812
-2.071,-1.535
-2.205,-1.769
-1.592,-1.596
-2.017,-3.117
-2.19,-2.954
2.022,0.227
-2.098,-0.332
-0.077,0.686
-0.085,-2.171
-0.085,1.222
-0.383,1.178
-0.318,1.155
-0.414,0.762
-0.462,-0.578
-0.508,1.239
-0.576,-2.084
-0.574,1.097
-0.532,-1.005
-0.621,0.124
-0.665,-0.433
-0.684,-1.535
-0.712,-1.991
-0.7,-1.744
-0.818,-1.119
-0.83,-1.592
-0.773,-1.028
-0.784,0.525
-0.852,1.081
-0.801,0.796
-0.907,-1.282
-0.899,-0.859
-0.93,-0.509
-0.953,1.093
-0.988,-1.345
-0.93,1.008
-0.981,-0.308
-1.157,0.625
-1.333,0.229
-1.288,-1.417
-1.322,-0.336
-1.408,1.284
-1.474,1.355
-1.497,0.806
-1.549,-0.137
-1.572,1.374
-1.6,0.568
-1.577,-0.831
-1.599,-0.671
-1.604,0.459
-1.656,0.75
-1.608,1.533
-1.684,-0.545
-1.648,-2.007
-1.646,-1.072
-1.806,-0.746
-1.834,0.51
-1.849,0.304
-1.903,-2.175
-2.122,-1.097
-2.233,-1.446
-2.294,-0.404
-2.385,0.722
-2.321,-2.17
-2.459,-2.022
-2.491,-1.901
-2.529,-0.264
-2.473,0.64
-2.602,-1.482
-3.14,-2.719
2.995,-2.321
2.11,-2.576
1.949,-2.388
1.615,-2.414
1.495,-2.628
0.745,-2.509
0.207,-2.592
-0.828,-2.44
-1.197,-2.39
-1.403,-2.702
-1.731,-2.815
-1.676,-2.664
-2.05,-2.512
-2.051,-2.431
2.638,1.903
2.353,2.043
1.776,1.656
1.534,2.056
1.362,1.88
1.23,1.814
0.12,1.942
-0.77,1.934
-1.758,1.728
-1.8,2.094
-2.006,2.045
-2.014,1.837
-0.46,-0.378
-0.591,1.133
-1.9,1.114
-2.04,-1.735
-2.804,-1.214
-2.84,-1.203
2.978,-1.363
2.77,0.239
2.719,-0.47
2.518,-1.194
2.577,-0.989
2.464,-0.125
2.438,-0.973
2.388,0.253
2.377,0.265
2.316,1.678
2.07,-2.112
2.194,-0.654
2.161,0.412
1.912,-2.12
1.975,1.441
1.783,-1.241
1.813,0.72
1.828,-2.039
1.769,-0.393
1.699,-1.758
1.548,1.235
1.495,-0.476
1.366,-1.296
1.298,-1.569
1.259,-2.062
1.206,0.043
0.936,1.208
0.991,0.266
0.98,-0.031
0.881,0.015
0.658,-2.334
0.716,-0.996
0.553,-0.618
0.455,-1.014
0.422,-1.969
0.358,0.313
0.313,1.351
0.092,-0.957
0.161,-0.639
-0.018,0.389
-0.027,0.39
0.005,-2.351
-0.016,1.377
-0.151,0.291
-0.198,0.665
-0.251,-0.35
-0.24,-1.072
-0.302,-1.19
-0.337,1.597
-0.459,0.63
-0.502,0.244
-0.422,0.23
-0.582,-2.0
-0.672,1.257
-0.656,1.153
-0.889,-1.176
-0.819,1.536
-0.871,-0.998
-0.977,-0.159
-0.916,-0.873
-1.013,-0.858
-1.003,-0.134
-1.146,-0.876
-1.069,1.399
-1.195,-1.751
-1.315,-1.36
-1.429,-0.148
-1.455,0.323
-1.439,0.073
-1.478,-0.784
-1.378,-0.397
-1.489,1.276
-1.493,0.169
-1.638,-0.208
-1.581,1.603
-1.717,-0.767
-1.606,-1.916
-1.649,-0.83
-1.996,-0.489
-2.381,1.296
-2.296,-0.908
-2.31,-1.84
-2.577,-1.959
3.019,-2.674
2.385,-2.428
2.535,-2.658
1.968,-2.655
1.954,-2.643
1.435,-2.703
1.496,-2.487
0.0,-2.623
-0.576,-2.762
-0.794,-2.648
-2.083,-2.769
2.836,1.816
1.446,1.779
0.891,1.665
0.833,1.958
-1.19,1.947
-1.127,1.759
-2.631,1.969
-0.747,1.112
-0.943,0.205
-0.97,0.386
-1.993,0.549
-1.989,-0.403
-1.944,0.931
-2.063,0.208
-2.197,-0.026
-1.584,0.147
-2.009,-1.374
-2.182,-1.211
2.03,1.97
-2.09,1.411
-0.008,-2.857
-0.008,0.536
-0.306,0.492
-0.241,0.469
-0.337,0.076
-0.385,-1.264
-0.431,0.553
-0.499,-2.77
-0.497,0.411
-0.455,-1.691
-0.544,-0.562
-0.588,-1.119
-0.607,-2.221
-0.635,-2.677
-0.623,-2.43
-0.741,-1.805
-0.753,-2.278
-0.696,-1.714
-0.707,-0.161
-0.775,0.395
-0.724,0.11
-0.83,-1.968
-0.822,-1.545
-0.853,-1.195
-0.876,0.407
-0.911,-2.031
-0.853,0.322
-0.904,-0.994
-1.08,-0.061
-1.256,-0.457
-1.211,-2.103
-1.245,-1.022
-1.331,0.598
-1.397,0.669
-1.42,0.12
-1.472,-0.823
-1.495,0.688
-1.523,-0.118
-1.5,-1.517
-1.522,-1.357
-1.527,-0.227
-1.579,0.064
-1.531,0.847
-1.607,-1.231
-1.571,-2.693
-1.569,-1.758
-1.729,-1.432
-1.757,-0.176
-1.772,-0.382
-1.826,-2.861
-2.045,-1.783
-2.156,-2.132
-2.217,-1.09
-2.308,0.036
-2.244,-2.856
-2.382,-2.708
-2.414,-2.587
-2.452,-0.95
-2.396,-0.046
-2.525,-2.168
-3.063,-3.405
3.072,-3.007
2.187,-3.262
2.026,-3.074
1.692,-3.1
1.572,-3.314
0.822,-3.195
0.284,-3.278
-0.751,-3.126
-1.12,-3.076
-1.326,-3.388
-1.654,-3.501
-1.599,-3.35
-1.973,-3.198
-1.974,-3.117
2.715,1.217
2.43,1.357
1.853,0.97
1.611,1.37
1.439,1.194
1.307,1.128
0.197,1.256
-0.693,1.248
-1.681,1.042
-1.723,1.408
-1.929,1.359
-1.937,1.151
-0.383,-1.064
-0.514,0.447
-1.823,0.428
-1.963,-2.421
-2.727,-1.9
-2.763,-1.889
3.055,-2.049
2.847,-0.447
2.796,-1.156
2.595,-1.88
2.654,-1.675
2.541,-0.811
2.515,-1.659
2.465,-0.433
2.454,-0.421
2.393,0.992
2.147,-2.798
2.271,-1.34
2.238,-0.274
1.989,-2.806
2.052,0.755
1.86,-1.927
1.89,0.034
1.905,-2.725
1.846,-1.079
1.776,-2.444
1.625,0.549
1.572,-1.162
1.443,-1.982
1.375,-2.255
1.336,-2.748
1.283,-0.643
1.013,0.522
1.068,-0.42
1.057,-0.717
0.958,-0.671
0.735,-3.02
0.793,-1.682
0.63,-1.304
0.532,-1.7
0.499,-2.655
0.435,-0.373
0.39,0.665
0.169,-1.643
0.238,-1.325
0.059,-0.297
0.05,-0.296
0.082,-3.037
0.061,0.691
-0.074,-0.395
-0.121,-0.021
-0.174,-1.036
-0.163,-1.758
-0.225,-1.876
-0.26,0.911
-0.382,-0.056
-0.425,-0.442
-0.345,-0.456
-0.505,-2.686
-0.595,0.571
-0.579,0.467
-0.812,-1.862
-0.742,0.85
-0.794,-1.684
-0.9,-0.845
-0.839,-1.559
-0.936,-1.544
-0.926,-0.82
-1.069,-1.562
-0.992,0.713
-1.118,-2.437
-1.238,-2.046
-1.352,-0.834
-1.378,-0.363
-1.362,-0.613
-1.401,-1.47
-1.301,-1.083
-1.412,0.59
-1.416,-0.517
-1.561,-0.894
-1.504,0.917
-1.64,-1.453
-1.529,-2.602
-1.572,-1.516
-1.919,-1.175
-2.304,0.61
-2.219,-1.594
-2.233,-2.526
-2.5,-2.645
3.096,-3.36
2.462,-3.114
2.612,-3.344
2.045,-3.341
2.031,-3.329
1.512,-3.389
1.573,-3.173
0.077,-3.309
-0.499,-3.448
-0.717,-3.334
-2.006,-3.455
2.913,1.13
1.523,1.093
0.968,0.979
0.91,1.272
-1.113,1.261
-1.05,1.073
-2.554,1.283
-0.67,0.426
-0.866,-0.481
-0.893,-0.3
-1.916,-0.137
-1.912,-1.089
-1.867,0.245
-1.986,-0.478
-2.12,-0.712
-1.507,-0.539
-1.932,-2.06
-2.105,-1.897
2.107,1.284
-2.013,0.725
0.0,3.393
-0.298,3.349
-0.233,3.326
-0.329,2.933
-0.377,1.593
-0.423,3.41
-0.491,0.087
-0.489,3.268
-0.447,1.166
-0.536,2.295
-0.58,1.738
-0.599,0.636
-0.627,0.18
-0.615,0.427
-0.733,1.052
-0.745,0.579
-0.688,1.143
-0.699,2.696
-0.767,3.252
-0.716,2.967
-0.822,0.889
-0.814,1.312
-0.845,1.662
-0.868,3.264
-0.903,0.826
-0.845,3.179
-0.896,1.863
-1.072,2.796
-1.248,2.4
-1.203,0.754
-1.237,1.835
-1.323,3.455
-1.389,3.526
-1.412,2.977
-1.464,2.034
-1.487,3.545
-1.515,2.739
-1.492,1.34
-1.514,1.5
-1.519,2.63
-1.571,2.921
-1.523,3.704
-1.599,1.626
-1.563,0.164
-1.561,1.099
-1.721,1.425
-1.749,2.681
-1.764,2.475
-1.818,-0.004
-2.037,1.074
-2.148,0.725
-2.209,1.767
-2.3,2.893
-2.236,0.001
-2.374,0.149
-2.406,0.27
-2.444,1.907
-2.388,2.811
-2.517,0.689
-3.055,-0.548
3.08,-0.15
2.195,-0.405
2.034,-0.217
1.7,-0.243
1.58,-0.457
0.83,-0.338
0.292,-0.421
-0.743,-0.269
-1.112,-0.219
-1.318,-0.531
-1.646,-0.644
-1.591,-0.493
-1.965,-0.341
-1.966,-0.26
2.723,4.074
2.438,4.214
1.861,3.827
1.619,4.227
1.447,4.051
1.315,3.985
0.205,4.113
-0.685,4.105
-1.673,3.899
-1.715,4.265
-1.921,4.216
-1.929,4.008
-0.375,1.793
-0.506,3.304
-1.815,3.285
-1.955,0.436
-2.719,0.957
-2.755,0.968
3.063,0.808
2.855,2.41
2.804,1.701
2.603,0.977
2.662,1.182
2.549,2.046
2.523,1.198
2.473,2.424
2.462,2.436
2.401,3.849
2.155,0.059
2.279,1.517
2.246,2.583
1.997,0.051
2.06,3.612
1.868,0.93
1.898,2.891
1.913,0.132
1.854,1.778
1.784,0.413
1.633,3.406
1.58,1.695
1.451,0.875
1.383,0.602
1.344,0.109
1.291,2.214
1.021,3.379
1.076,2.437
1.065,2.14
0.966,2.186
0.743,-0.163
0.801,1.175
0.638,1.553
0.54,1.157
0.507,0.202
0.443,2.484
0.398,3.522
0.177,1.214
0.246,1.532
0.067,2.56
0.058,2.561
0.09,-0.18
0.069,3.548
-0.066,2.462
-0.113,2.836
-0.166,1.821
-0.155,1.099
-0.217,0.981
-0.252,3.768
-0.374,2.801
-0.417,2.415
-0.337,2.401
-0.497,0.171
-0.587,3.428
-0.571,3.324
-0.804,0.995
-0.734,3.707
-0.786,1.173
-0.892,2.012
-0.831,1.298
-0.928,1.313
-0.918,2.037
-1.061,1.295
-0.984,3.57
-1.11,0.42
-1.23,0.811
-1.344,2.023
-1.37,2.494
-1.354,2.244
-1.393,1.387
-1.293,1.774
-1.404,3.447
-1.408,2.34
-1.553,1.963
-1.496,3.774
-1.632,1.404
-1.521,0.255
-1.564,1.341
-1.911,1.682
-2.296,3.467
-2.211,1.263
-2.225,0.331
-2.492,0.212
3.104,-0.503
2.47,-0.257
2.62,-0.487
2.053,-0.484
2.039,-0.472
1.52,-0.532
1.581,-0.316
0.085,-0.452
-0.491,-0.591
-0.709,-0.477
-1.998,-0.598
2.921,3.987
1.531,3.95
0.976,3.836
0.918,4.129
-1.105,4.118
-1.042,3.93
-2.546,4.14
-0.662,3.283
-0.858,2.376
-0.885,2.557
-1.908,2.72
-1.904,1.768
-1.859,3.102
-1.978,2.379
-2.112,2.145
-1.499,2.318
-1.924,0.797
-2.097,0.96
2.115,4.141
-2.005,3.582
-0.298,-0.044
-0.233,-0.067
-0.329,-0.46
-0.377,-1.8
-0.423,0.017
-0.491,-3.306
-0.489,-0.125
-0.447,-2.227
-0.536,-1.098
-0.58,-1.655
-0.599,-2.757
-0.627,-3.213
-0.615,-2.966
-0.733,-2.341
-0.745,-2.814
-0.688,-2.25
-0.699,-0.697
-0.767,-0.141
-0.716,-0.426
-0.822,-2.504
-0.814,-2.081
-0.845,-1.731
-0.868,-0.129
-0.903,-2.567
-0.845,-0.214
-0.896,-1.53
-1.072,-0.597
-1.248,-0.993
-1.203,-2.639
-1.237,-1.558
-1.323,0.062
-1.389,0.133
-1.412,-0.416
-1.464,-1.359
-1.487,0.152
-1.515,-0.654
-1.492,-2.053
-1.514,-1.893
-1.519,-0.763
-1.571,-0.472
-1.523,0.311
-1.599,-1.767
-1.563,-3.229
-1.561,-2.294
-1.721,-1.968
-1.749,-0.712
-1.764,-0.918
-1.818,-3.397
-2.037,-2.319
-2.148,-2.668
-2.209,-1.626
-2.3,-0.5
-2.236,-3.392
-2.374,-3.244
-2.406,-3.123
-2.444,-1.486
-2.388,-0.582
-2.517,-2.704
-3.055,-3.941
3.08,-3.543
2.195,-3.798
2.034,-3.61
1.7,-3.636
1.58,-3.85
0.83,-3.731
0.292,-3.814
-0.743,-3.662
-1.112,-3.612
-1.318,-3.924
-1.646,-4.037
-1.591,-3.886
-1.965,-3.734
-1.966,-3.653
2.723,0.681
2.438,0.821
1.861,0.434
1.619,0.834
1.447,0.658
1.315,0.592
0.205,0.72
-0.685,0.712
-1.673,0.506
-1.715,0.872
-1.921,0.823
-1.929,0.615
-0.375,-1.6
-0.506,-0.089
-1.815,-0.108
-1.955,-2.957
-2.719,-2.436
-2.755,-2.425
3.063,-2.585
2.855,-0.983
2.804,-1.692
2.603,-2.416
2.662,-2.211
2.549,-1.347
2.523,-2.195
2.473,-0.969
2.462,-0.957
2.401,0.456
2.155,-3.334
2.279,-1.876
2.246,-0.81
1.997,-3.342
2.06,0.219
1.868,-2.463
1.898,-0.502
1.913,-3.261
1.854,-1.615
1.784,-2.98
1.633,0.013
1.58,-1.698
1.451,-2.518
1.383,-2.791
1.344,-3.284
1.291,-1.179
1.021,-0.014
1.076,-0.956
1.065,-1.253
0.966,-1.207
0.743,-3.556
0.801,-2.218
0.638,-1.84
0.54,-2.236
0.507,-3.191
0.443,-0.909
0.398,0.129
0.177,-2.179
0.246,-1.861
0.067,-0.833
0.058,-0.832
0.09,-3.573
0.069,0.155
-0.066,-0.931
-0.113,-0.557
-0.166,-1.572
-0.155,-2.294
-0.217,-2.412
-0.252,0.375
-0.374,-0.592
-0.417,-0.978
-0.337,-0.992
-0.497,-3.222
-0.587,0.035
-0.571,-0.069
-0.804,-2.398
-0.734,0.314
-0.786,-2.22
-0.892,-1.381
-0.831,-2.095
-0.928,-2.08
-0.918,-1.356
-1.061,-2.098
-0.984,0.177
-1.11,-2.973
-1.23,-2.582
-1.344,-1.37
-1.37,-0.899
-1.354,-1.149
-1.393,-2.006
-1.293,-1.619
-1.404,0.054
-1.408,-1.053
-1.553,-1.43
-1.496,0.381
-1.632,-1.989
-1.521,-3.138
-1.564,-2.052
-1.911,-1.711
-2.296,0.074
-2.211,-2.13
-2.225,-3.062
-2.492,-3.181
3.104,-3.896
2.47,-3.65
2.62,-3.88
2.053,-3.877
2.039,-3.865
1.52,-3.925
1.581,-3.709
0.085,-3.845
-0.491,-3.984
-0.709,-3.87
-1.998,-3.991
2.921,0.594
1.531,0.557
0.976,0.443
0.918,0.736
-1.105,0.725
-1.042,0.537
-2.546,0.747
-0.662,-0.11
-0.858,-1.017
-0.885,-0.836
-1.908,-0.673
-1.904,-1.625
-1.859,-0.291
-1.978,-1.014
-2.112,-1.248
-1.499,-1.075
-1.924,-2.596
-2.097,-2.433
2.115,0.748
-2.005,0.189
0.065,-0.023
-0.031,-0.416
-0.079,-1.756
-0.125,0.061
-0.193,-3.262
-0.191,-0.081
-0.149,-2.183
-0.238,-1.054
-0.282,-1.611
-0.301,-2.713
-0.329,-3.169
-0.317,-2.922
-0.435,-2.297
-0.447,-2.77
-0.39,-2.206
-0.401,-0.653
-0.469,-0.097
-0.418,-0.382
-0.524,-2.46
-0.516,-2.037
-0.547,-1.687
-0.57,-0.085
-0.605,-2.523
-0.547,-0.17
-0.598,-1.486
-0.774,-0.553
-0.95,-0.949
-0.905,-2.595
-0.939,-1.514
-1.025,0.106
-1.091,0.177
-1.114,-0.372
-1.166,-1.315
-1.189,0.196
-1.217,-0.61
-1.194,-2.009
-1.216,-1.849
-1.221,-0.719
-1.273,-0.428
-1.225,0.355
-1.301,-1.723
-1.265,-3.185
-1.263,-2.25
-1.423,-1.924
-1.451,-0.668
-1.466,-0.874
-1.52,-3.353
-1.739,-2.275
-1.85,-2.624
-1.911,-1.582
-2.002,-0.456
-1.938,-3.348
-2.076,-3.2
-2.108,-3.079
-2.146,-1.442
-2.09,-0.538
-2.219,-2.66
-2.757,-3.897
-2.905,-3.499
2.493,-3.754
2.332,-3.566
1.998,-3.592
1.878,-3.806
1.128,-3.687
0.59,-3.77
-0.445,-3.618
-0.814,-3.568
-1.02,-3.88
-1.348,-3.993
-1.293,-3.842
-1.667,-3.69
-1.668,-3.609
3.021,0.725
2.736,0.865
2.159,0.478
1.917,0.878
1.745,0.702
1.613,0.636
0.503,0.764
-0.387,0.756
-1.375,0.55
-1.417,0.916
-1.623,0.867
-1.631,0.659
-0.077,-1.556
-0.208,-0.045
-1.517,-0.064
-1.657,-2.913
-2.421,-2.392
-2.457,-2.381
-2.922,-2.541
-3.13,-0.939
3.102,-1.648
2.901,-2.372
2.96,-2.167
2.847,-1.303
2.821,-2.151
2.771,-0.925
2.76,-0.913
2.699,0.5
2.453,-3.29
2.577,-1.832
2.544,-0.766
2.295,-3.298
2.358,0.263
2.166,-2.419
2.196,-0.458
2.211,-3.217
2.152,-1.571
2.082,-2.936
1.931,0.057
1.878,-1.654
1.749,-2.474
1.681,-2.747
1.642,-3.24
1.589,-1.135
1.319,0.03
1.374,-0.912
1.363,-1.209
1.264,-1.163
1.041,-3.512
1.099,-2.174
0.936,-1.796
0.838,-2.192
0.805,-3.147
0.741,-0.865
0.696,0.173
0.475,-2.135
0.544,-1.817
0.365,-0.789
0.356,-0.788
0.388,-3.529
0.367,0.199
0.232,-0.887
0.185,-0.513
0.132,-1.528
0.143,-2.25
0.081,-2.368
0.046,0.419
-0.076,-0.548
-0.119,-0.934
-0.039,-0.948
-0.199,-3.178
-0.289,0.079
-0.273,-0.025
-0.506,-2.354
-0.436,0.358
-0.488,-2.176
-0.594,-1.337
-0.533,-2.051
-0.63,-2.036
-0.62,-1.312
-0.763,-2.054
-0.686,0.221
-0.812,-2.929
-0.932,-2.538
-1.046,-1.326
-1.072,-0.855
-1.056,-1.105
-1.095,-1.962
-0.995,-1.575
-1.106,0.098
-1.11,-1.009
-1.255,-1.386
-1.198,0.425
-1.334,-1.945
-1.223,-3.094
-1.266,-2.008
-1.613,-1.667
-1.998,0.118
-1.913,-2.086
-1.927,-3.018
-2.194,-3.137
-2.881,-3.852
2.768,-3.606
2.918,-3.836
2.351,-3.833
2.337,-3.821
1.818,-3.881
1.879,-3.665
0.383,-3.801
-0.193,-3.94
-0.411,-3.826
-1.7,-3.947
-3.064,0.638
1.829,0.601
1.274,0.487
1.216,0.78
-0.807,0.769
-0.744,0.581
-2.248,0.791
-0.364,-0.066
-0.56,-0.973
-0.587,-0.792
-1.61,-0.629
-1.606,-1.581
-1.561,-0.247
-1.68,-0.97
-1.814,-1.204
-1.201,-1.031
-1.626,-2.552
-1.799,-2.389
2.413,0.792
-1.707,0.233
-0.096,-0.393
-0.144,-1.733
-0.19,0.084
-0.258,-3.239
-0.256,-0.058
-0.214,-2.16
-0.303,-1.031
-0.347,-1.588
-0.366,-2.69
-0.394,-3.146
-0.382,-2.899
-0.5,-2.274
-0.512,-2.747
-0.455,-2.183
-0.466,-0.63
-0.534,-0.074
-0.483,-0.359
-0.589,-2.437
-0.581,-2.014
-0.612,-1.664
-0.635,-0.062
-0.67,-2.5
-0.612,-0.147
-0.663,-1.463
-0.839,-0.53
-1.015,-0.926
-0.97,-2.572
-1.004,-1.491
-1.09,0.129
-1.156,0.2
-1.179,-0.349
-1.231,-1.292
-1.254,0.219
-1.282,-0.587
-1.259,-1.986
-1.281,-1.826
-1.286,-0.696
-1.338,-0.405
-1.29,0.378
-1.366,-1.7
-1.33,-3.162
-1.328,-2.227
-1.488,-1.901
-1.516,-0.645
-1.531,-0.851
-1.585,-3.33
-1.804,-2.252
-1.915,-2.601
-1.976,-1.559
-2.067,-0.433
-2.003,-3.325
-2.141,-3.177
-2.173,-3.056
-2.211,-1.419
-2.155,-0.515
-2.284,-2.637
-2.822,-3.874
-2.97,-3.476
2.428,-3.731
2.267,-3.543
1.933,-3.569
1.813,-3.783
1.063,-3.664
0.525,-3.747
-0.51,-3.595
-0.879,-3.545
-1.085,-3.857
-1.413,-3.97
-1.358,-3.819
-1.732,-3.667
-1.733,-3.586
2.956,0.748
2.671,0.888
2.094,0.501
1.852,0.901
1.68,0.725
1.548,0.659
0.438,0.787
-0.452,0.779
-1.44,0.573
-1.482,0.939
-1.688,0.89
-1.696,0.682
-0.142,-1.533
-0.273,-0.022
-1.582,-0.041
-1.722,-2.89
-2.486,-2.369
-2.522,-2.358
-2.987,-2.518
3.088,-0.916
3.037,-1.625
2.836,-2.349
2.895,-2.144
2.782,-1.28
2.756,-2.128
2.706,-0.902
2.695,-0.89
2.634,0.523
2.388,-3.267
2.512,-1.809
2.479,-0.743
2.23,-3.275
2.293,0.286
2.101,-2.396
2.131,-0.435
2.146,-3.194
2.087,-1.548
2.017,-2.913
1.866,0.08
1.813,-1.631
1.684,-2.451
1.616,-2.724
1.577,-3.217
1.524,-1.112
1.254,0.053
1.309,-0.889
1.298,-1.186
1.199,-1.14
0.976,-3.489
1.034,-2.151
0.871,-1.773
0.773,-2.169
0.74,-3.124
0.676,-0.842
0.631,0.196
0.41,-2.112
0.479,-1.794
0.3,-0.766
0.291,-0.765
0.323,-3.506
0.302,0.222
0.167,-0.864
0.12,-0.49
0.067,-1.505
0.078,-2.227
0.016,-2.345
-0.019,0.442
-0.141,-0.525
-0.184,-0.911
-0.104,-0.925
-0.264,-3.155
-0.354,0.102
-0.338,-0.002
-0.571,-2.331
-0.501,0.381
-0.553,-2.153
-0.659,-1.314
-0.598,-2.028
-0.695,-2.013
-0.685,-1.289
-0.828,-2.031
-0.751,0.244
-0.877,-2.906
-0.997,-2.515
-1.111,-1.303
-1.137,-0.832
-1.121,-1.082
-1.16,-1.939
-1.06,-1.552
-1.171,0.121
-1.175,-0.986
-1.32,-1.363
-1.263,0.448
-1.399,-1.922
-1.288,-3.071
-1.331,-1.985
-1.678,-1.644
-2.063,0.141
-1.978,-2.063
-1.992,-2.995
-2.259,-3.114
-2.946,-3.829
2.703,-3.583
2.853,-3.813
2.286,-3.81
2.272,-3.798
1.753,-3.858
1.814,-3.642
0.318,-3.778
-0.258,-3.917
-0.476,-3.803
-1.765,-3.924
-3.129,0.661
1.764,0.624
1.209,0.51
1.151,0.803
-0.872,0.792
-0.809,0.604
-2.313,0.814
-0.429,-0.043
-0.625,-0.95
-0.652,-0.769
-1.675,-0.606
-1.671,-1.558
-1.626,-0.224
-1.745,-0.947
-1.879,-1.181
-1.266,-1.008
-1.691,-2.529
-1.864,-2.366
2.348,0.815
-1.772,0.256
-0.048,-1.34
-0.094,0.477
-0.162,-2.846
-0.16,0.335
-0.118,-1.767
-0.207,-0.638
-0.251,-1.195
-0.27,-2.297
-0.298,-2.753
-0.286,-2.506
-0.404,-1.881
-0.416,-2.354
-0.359,-1.79
-0.37,-0.237
-0.438,0.319
-0.387,0.034
-0.493,-2.044
-0.485,-1.621
-0.516,-1.271
-0.539,0.331
-0.574,-2.107
-0.516,0.246
-0.567,-1.07
-0.743,-0.137
-0.919,-0.533
-0.874,-2.179
-0.908,-1.098
-0.994,0.522
-1.06,0.593
-1.083,0.044
-1.135,-0.899
-1.158,0.612
-1.186,-0.194
-1.163,-1.593
-1.185,-1.433
-1.19,-0.303
-1.242,-0.012
-1.194,0.771
-1.27,-1.307
-1.234,-2.769
-1.232,-1.834
-1.392,-1.508
-1.42,-0.252
-1.435,-0.458
-1.489,-2.937
-1.708,-1.859
-1.819,-2.208
-1.88,-1.166
-1.971,-0.04
-1.907,-2.932
-2.045,-2.784
-2.077,-2.663
-2.115,-1.026
-2.059,-0.122
-2.188,-2.244
-2.726,-3.481
-2.874,-3.083
2.524,-3.338
2.363,-3.15
2.029,-3.176
1.909,-3.39
1.159,-3.271
0.621,-3.354
-0.414,-3.202
-0.783,-3.152
-0.989,-3.464
-1.317,-3.577
-1.262,-3.426
-1.636,-3.274
-1.637,-3.193
3.052,1.141
2.767,1.281
2.19,0.894
1.948,1.294
1.776,1.118
1.644,1.052
0.534,1.18
-0.356,1.172
-1.344,0.966
-1.386,1.332
-1.592,1.283
-1.6,1.075
-0.046,-1.14
-0.177,0.371
-1.486,0.352
-1.626,-2.497
-2.39,-1.976
-2.426,-1.965
-2.891,-2.125
-3.099,-0.523
3.133,-1.232
2.932,-1.956
2.991,-1.751
2.878,-0.887
2.852,-1.735
2.802,-0.509
2.791,-0.497
2.73,0.916
2.484,-2.874
2.608,-1.416
2.575,-0.35
2.326,-2.882
2.389,0.679
2.197,-2.003
2.227,-0.042
2.242,-2.801
2.183,-1.155
2.113,-2.52
1.962,0.473
1.909,-1.238
1.78,-2.058
1.712,-2.331
1.673,-2.824
1.62,-0.719
1.35,0.446
1.405,-0.496
1.394,-0.793
1.295,-0.747
1.072,-3.096
1.13,-1.758
0.967,-1.38
0.869,-1.776
0.836,-2.731
0.772,-0.449
0.727,0.589
0.506,-1.719
0.575,-1.401
0.396,-0.373
0.387,-0.372
0.419,-3.113
0.398,0.615
0.263,-0.471
0.216,-0.097
0.163,-1.112
0.174,-1.834
0.112,-1.952
0.077,0.835
-0.045,-0.132
-0.088,-0.518
-0.008,-0.532
-0.168,-2.762
-0.258,0.495
-0.242,0.391
-0.475,-1.938
-0.405,0.774
-0.457,-1.76
-0.563,-0.921
-0.502,-1.635
-0.599,-1.62
-0.589,-0.896
-0.732,-1.638
-0.655,0.637
-0.781,-2.513
-0.901,-2.122
-1.015,-0.91
-1.041,-0.439
-1.025,-0.689
-1.064,-1.546
-0.964,-1.159
-1.075,0.514
-1.079,-0.593
-1.224,-0.97
-1.167,0.841
-1.303,-1.529
-1.192,-2.678
-1.235,-1.592
-1.582,-1.251
-1.967,0.534
-1.882,-1.67
-1.896,-2.602
-2.163,-2.721
-2.85,-3.436
2.799,-3.19
2.949,-3.42
2.382,-3.417
2.368,-3.405
1.849,-3.465
1.91,-3.249
0.414,-3.385
-0.162,-3.524
-0.38,-3.41
-1.669,-3.531
-3.033,1.054
1.86,1.017
1.305,0.903
1.247,1.196
-0.776,1.185
-0.713,0.997
-2.217,1.207
-0.333,0.35
-0.529,-0.557
-0.556,-0.376
-1.579,-0.213
-1.575,-1.165
-1.53,0.169
-1.649,-0.554
-1.783,-0.788
-1.17,-0.615
-1.595,-2.136
-1.768,-1.973
2.444,1.208
-1.676,0.649
-0.046,1.817
-0.114,-1.506
-0.112,1.675
-0.07,-0.427
-0.159,0.702
-0.203,0.145
-0.222,-0.957
-0.25,-1.413
-0.238,-1.166
-0.356,-0.541
-0.368,-1.014
-0.311,-0.45
-0.322,1.103
-0.39,1.659
-0.339,1.374
-0.445,-0.704
-0.437,-0.281
-0.468,0.069
-0.491,1.671
-0.526,-0.767
-0.468,1.586
-0.519,0.27
-0.695,1.203
-0.871,0.807
-0.826,-0.839
-0.86,0.242
-0.946,1.862
-1.012,1.933
-1.035,1.384
-1.087,0.441
-1.11,1.952
-1.138,1.146
-1.115,-0.253
-1.137,-0.093
-1.142,1.037
-1.194,1.328
-1.146,2.111
-1.222,0.033
-1.186,-1.429
-1.184,-0.494
-1.344,-0.168
-1.372,1.088
-1.387,0.882
-1.441,-1.597
-1.66,-0.519
-1.771,-0.868
-1.832,0.174
-1.923,1.3
-1.859,-1.592
-1.997,-1.444
-2.029,-1.323
-2.067,0.314
-2.011,1.218
-2.14,-0.904
-2.678,-2.141
-2.826,-1.743
2.572,-1.998
2.411,-1.81
2.077,-1.836
1.957,-2.05
1.207,-1.931
0.669,-2.014
-0.366,-1.862
-0.735,-1.812
-0.941,-2.124
-1.269,-2.237
-1.214,-2.086
-1.588,-1.934
-1.589,-1.853
3.1,2.481
2.815,2.621
2.238,2.234
1.996,2.634
1.824,2.458
1.692,2.392
0.582,2.52
-0.308,2.512
-1.296,2.306
-1.338,2.672
-1.544,2.623
-1.552,2.415
0.002,0.2
-0.129,1.711
-1.438,1.692
-1.578,-1.157
-2.342,-0.636
-2.378,-0.625
-2.843,-0.785
-3.051,0.817
-3.102,0.108
2.98,-0.616
3.039,-0.411
2.926,0.453
2.9,-0.395
2.85,0.831
2.839,0.843
2.778,2.256
2.532,-1.534
2.656,-0.076
2.623,0.99
2.374,-1.542
2.437,2.019
2.245,-0.663
2.275,1.298
2.29,-1.461
2.231,0.185
2.161,-1.18
2.01,1.813
1.957,0.102
1.828,-0.718
1.76,-0.991
1.721,-1.484
1.668,0.621
1.398,1.786
1.453,0.844
1.442,0.547
1.343,0.593
1.12,-1.756
1.178,-0.418
1.015,-0.04
0.917,-0.436
0.884,-1.391
0.82,0.891
0.775,1.929
0.554,-0.379
0.623,-0.061
0.444,0.967
0.435,0.968
0.467,-1.773
0.446,1.955
0.311,0.869
0.264,1.243
0.211,0.228
0.222,-0.494
0.16,-0.612
0.125,2.175
0.003,1.208
-0.04,0.822
0.04,0.808
-0.12,-1.422
-0.21,1.835
-0.194,1.731
-0.427,-0.598
-0.357,2.114
-0.409,-0.42
-0.515,0.419
-0.454,-0.295
-0.551,-0.28
-0.541,0.444
-0.684,-0.298
-0.607,1.977
-0.733,-1.173
-0.853,-0.782
-0.967,0.43
-0.993,0.901
-0.977,0.651
-1.016,-0.206
-0.916,0.181
-1.027,1.854
-1.031,0.747
-1.176,0.37
-1.119,2.181
-1.255,-0.189
-1.144,-1.338
-1.187,-0.252
-1.534,0.089
-1.919,1.874
-1.834,-0.33
-1.848,-1.262
-2.115,-1.381
-2.802,-2.096
2.847,-1.85
2.997,-2.08
2.43,-2.077
2.416,-2.065
1.897,-2.125
1.958,-1.909
0.462,-2.045
-0.114,-2.184
-0.332,-2.07
-1.621,-2.191
-2.985,2.394
1.908,2.357
1.353,2.243
1.295,2.536
-0.728,2.525
-0.665,2.337
-2.169,2.547
-0.285,1.69
-0.481,0.783
-0.508,0.964
-1.531,1.127
-1.527,0.175
-1.482,1.509
-1.601,0.786
-1.735,0.552
-1.122,0.725
-1.547,-0.796
-1.72,-0.633
2.492,2.548
-1.628,1.989
-0.068,-3.323
-0.066,-0.142
-0.024,-2.244
-0.113,-1.115
-0.157,-1.672
-0.176,-2.774
-0.204,-3.23
-0.192,-2.983
-0.31,-2.358
-0.322,-2.831
-0.265,-2.267
-0.276,-0.714
-0.344,-0.158
-0.293,-0.443
-0.399,-2.521
-0.391,-2.098
-0.422,-1.748
-0.445,-0.146
-0.48,-2.584
-0.422,-0.231
-0.473,-1.547
-0.649,-0.614
-0.825,-1.01
-0.78,-2.656
-0.814,-1.575
-0.9,0.045
-0.966,0.116
-0.989,-0.433
-1.041,-1.376
-1.064,0.135
-1.092,-0.671
-1.069,-2.07
-1.091,-1.91
-1.096,-0.78
-1.148,-0.489
-1.1,0.294
-1.176,-1.784
-1.14,-3.246
-1.138,-2.311
-1.298,-1.985
-1.326,-0.729
-1.341,-0.935
-1.395,-3.414
-1.614,-2.336
-1.725,-2.685
-1.786,-1.643
-1.877,-0.517
-1.813,-3.409
-1.951,-3.261
-1.983,-3.14
-2.021,-1.503
-1.965,-0.599
-2.094,-2.721
-2.632,-3.958
-2.78,-3.56
2.618,-3.815
2.457,-3.627
2.123,-3.653
2.003,-3.867
1.253,-3.748
0.715,-3.831
-0.32,-3.679
-0.689,-3.629
-0.895,-3.941
-1.223,-4.054
-1.168,-3.903
-1.542,-3.751
-1.543,-3.67
-3.137,0.664
2.861,0.804
2.284,0.417
2.042,0.817
1.87,0.641
1.738,0.575
0.628,0.703
-0.262,0.695
-1.25,0.489
-1.292,0.855
-1.498,0.806
-1.506,0.598
0.048,-1.617
-0.083,-0.106
-1.392,-0.125
-1.532,-2.974
-2.296,-2.453
-2.332,-2.442
-2.797,-2.602
-3.005,-1.0
-3.056,-1.709
3.026,-2.433
3.085,-2.228
2.972,-1.364
2.946,-2.212
2.896,-0.986
2.885,-0.974
2.824,0.439
2.578,-3.351
2.702,-1.893
2.669,-0.827
2.42,-3.359
2.483,0.202
2.291,-2.48
2.321,-0.519
2.336,-3.278
2.277,-1.632
2.207,-2.997
2.056,-0.004
2.003,-1.715
1.874,-2.535
1.806,-2.808
1.767,-3.301
1.714,-1.196
1.444,-0.031
1.499,-0.973
1.488,-1.27
1.389,-1.224
1.166,-3.573
1.224,-2.235
1.061,-1.857
0.963,-2.253
0.93,-3.208
0.866,-0.926
0.821,0.112
0.6,-2.196
0.669,-1.878
0.49,-0.85
0.481,-0.849
0.513,-3.59
0.492,0.138
0.357,-0.948
0.31,-0.574
0.257,-1.589
0.268,-2.311
0.206,-2.429
0.171,0.358
0.049,-0.609
0.006,-0.995
0.086,-1.009
-0.074,-3.239
-0.164,0.018
-0.148,-0.086
-0.381,-2.415
-0.311,0.297
-0.363,-2.237
-0.469,-1.398
-0.408,-2.112
-0.505,-2.097
-0.495,-1.373
-0.638,-2.115
-0.561,0.16
-0.687,-2.99
-0.807,-2.599
-0.921,-1.387
-0.947,-0.916
-0.931,-1.166
-0.97,-2.023
-0.87,-1.636
-0.981,0.037
-0.985,-1.07
-1.13,-1.447
-1.073,0.364
-1.209,-2.006
-1.098,-3.155
-1.141,-2.069
-1.488,-1.728
-1.873,0.057
-1.788,-2.147
-1.802,-3.079
-2.069,-3.198
-2.756,-3.913
2.893,-3.667
3.043,-3.897
2.476,-3.894
2.462,-3.882
1.943,-3.942
2.004,-3.726
0.508,-3.862
-0.068,-4.001
-0.286,-3.887
-1.575,-4.008
-2.939,0.577
1.954,0.54
1.399,0.426
1.341,0.719
-0.682,0.708
-0.619,0.52
-2.123,0.73
-0.239,-0.127
-0.435,-1.034
-0.462,-0.853
-1.485,-0.69
-1.481,-1.642
-1.436,-0.308
-1.555,-1.031
-1.689,-1.265
-1.076,-1.092
-1.501,-2.613
-1.674,-2.45
2.538,0.731
-1.582,0.172
0.002,3.181
0.044,1.079
-0.045,2.208
-0.089,1.651
-0.108,0.549
-0.136,0.093
-0.124,0.34
-0.242,0.965
-0.254,0.492
-0.197,1.056
-0.208,2.609
-0.276,3.165
-0.225,2.88
-0.331,0.802
-0.323,1.225
-0.354,1.575
-0.377,3.177
-0.412,0.739
-0.354,3.092
-0.405,1.776
-0.581,2.709
-0.757,2.313
-0.712,0.667
-0.746,1.748
-0.832,3.368
-0.898,3.439
-0.921,2.89
-0.973,1.947
-0.996,3.458
-1.024,2.652
-1.001,1.253
-1.023,1.413
-1.028,2.543
-1.08,2.834
-1.032,3.617
-1.108,1.539
-1.072,0.077
-1.07,1.012
-1.23,1.338
-1.258,2.594
-1.273,2.388
-1.327,-0.091
-1.546,0.987
-1.657,0.638
-1.718,1.68
-1.809,2.806
-1.745,-0.086
-1.883,0.062
-1.915,0.183
-1.953,1.82
-1.897,2.724
-2.026,0.602
-2.564,-0.635
-2.712,-0.237
2.686,-0.492
2.525,-0.304
2.191,-0.33
2.071,-0.544
1.321,-0.425
0.783,-0.508
-0.252,-0.356
-0.621,-0.306
-0.827,-0.618
-1.155,-0.731
-1.1,-0.58
-1.474,-0.428
-1.475,-0.347
-3.069,3.987
2.929,4.127
2.352,3.74
2.11,4.14
1.938,3.964
1.806,3.898
0.696,4.026
-0.194,4.018
-1.182,3.812
-1.224,4.178
-1.43,4.129
-1.438,3.921
0.116,1.706
-0.015,3.217
-1.324,3.198
-1.464,0.349
-2.228,0.87
-2.264,0.881
-2.729,0.721
-2.937,2.323
-2.988,1.614
3.094,0.89
-3.13,1.095
3.04,1.959
3.014,1.111
2.964,2.337
2.953,2.349
2.892,3.762
2.646,-0.028
2.77,1.43
2.737,2.496
2.488,-0.036
2.551,3.525
2.359,0.843
2.389,2.804
2.404,0.045
2.345,1.691
2.275,0.326
2.124,3.319
2.071,1.608
1.942,0.788
1.874,0.515
1.835,0.022
1.782,2.127
1.512,3.292
1.567,2.35
1.556,2.053
1.457,2.099
1.234,-0.25
1.292,1.088
1.129,1.466
1.031,1.07
0.998,0.115
0.934,2.397
0.889,3.435
0.668,1.127
0.737,1.445
0.558,2.473
0.549,2.474
0.581,-0.267
0.56,3.461
0.425,2.375
0.378,2.749
0.325,1.734
0.336,1.012
0.274,0.894
0.239,3.681
0.117,2.714
0.074,2.328
0.154,2.314
-0.006,0.084
-0.096,3.341
-0.08,3.237
-0.313,0.908
-0.243,3.62
-0.295,1.086
-0.401,1.925
-0.34,1.211
-0.437,1.226
-0.427,1.95
-0.57,1.208
-0.493,3.483
-0.619,0.333
-0.739,0.724
-0.853,1.936
-0.879,2.407
-0.863,2.157
-0.902,1.3
-0.802,1.687
-0.913,3.36
-0.917,2.253
-1.062,1.876
-1.005,3.687
-1.141,1.317
-1.03,0.168
-1.073,1.254
-1.42,1.595
-1.805,3.38
-1.72,1.176
-1.734,0.244
-2.001,0.125
-2.688,-0.59
2.961,-0.344
3.111,-0.574
2.544,-0.571
2.53,-0.559
2.011,-0.619
2.072,-0.403
0.576,-0.539
0.0,-0.678
-0.218,-0.564
-1.507,-0.685
-2.871,3.9
2.022,3.863
1.467,3.749
1.409,4.042
-0.614,4.031
-0.551,3.843
-2.055,4.053
-0.171,3.196
-0.367,2.289
-0.394,2.47
-1.417,2.633
-1.413,1.681
-1.368,3.015
-1.487,2.292
-1.621,2.058
-1.008,2.231
-1.433,0.71
-1.606,0.873
2.606,4.054
-1.514,3.495
0.042,-2.102
-0.047,-0.973
-0.091,-1.53
-0.11,-2.632
-0.138,-3.088
-0.126,-2.841
-0.244,-2.216
-0.256,-2.689
-0.199,-2.125
-0.21,-0.572
-0.278,-0.016
-0.227,-0.301
-0.333,-2.379
-0.325,-1.956
-0.356,-1.606
-0.379,-0.004
-0.414,-2.442
-0.356,-0.089
-0.407,-1.405
-0.583,-0.472
-0.759,-0.868
-0.714,-2.514
-0.748,-1.433
-0.834,0.187
-0.9,0.258
-0.923,-0.291
-0.975,-1.234
-0.998,0.277
-1.026,-0.529
-1.003,-1.928
-1.025,-1.768
-1.03,-0.638
-1.082,-0.347
-1.034,0.436
-1.11,-1.642
-1.074,-3.104
-1.072,-2.169
-1.232,-1.843
-1.26,-0.587
-1.275,-0.793
-1.329,-3.272
-1.548,-2.194
-1.659,-2.543
-1.72,-1.501
-1.811,-0.375
-1.747,-3.267
-1.885,-3.119
-1.917,-2.998
-1.955,-1.361
-1.899,-0.457
-2.028,-2.579
-2.566,-3.816
-2.714,-3.418
2.684,-3.673
2.523,-3.485
2.189,-3.511
2.069,-3.725
1.319,-3.606
0.781,-3.689
-0.254,-3.537
-0.623,-3.487
-0.829,-3.799
-1.157,-3.912
-1.102,-3.761
-1.476,-3.609
-1.477,-3.528
-3.071,0.806
2.927,0.946
2.35,0.559
2.108,0.959
1.936,0.783
1.804,0.717
0.694,0.845
-0.196,0.837
-1.184,0.631
-1.226,0.997
-1.432,0.948
-1.44,0.74
0.114,-1.475
-0.017,0.036
-1.326,0.017
-1.466,-2.832
-2.23,-2.311
-2.266,-2.3
-2.731,-2.46
-2.939,-0.858
-2.99,-1.567
3.092,-2.291
-3.132,-2.086
3.038,-1.222
3.012,-2.07
2.962,-0.844
2.951,-0.832
2.89,0.581
2.644,-3.209
2.768,-1.751
2.735,-0.685
2.486,-3.217
2.549,0.344
2.357,-2.338
2.387,-0.377
2.402,-3.136
2.343,-1.49
2.273,-2.855
2.122,0.138
2.069,-1.573
1.94,-2.393
1.872,-2.666
1.833,-3.159
1.78,-1.054
1.51,0.111
1.565,-0.831
1.554,-1.128
1.455,-1.082
1.232,-3.431
1.29,-2.093
1.127,-1.715
1.029,-2.111
0.996,-3.066
0.932,-0.784
0.887,0.254
0.666,-2.054
0.735,-1.736
0.556,-0.708
0.547,-0.707
0.579,-3.448
0.558,0.28
0.423,-0.806
0.376,-0.432
0.323,-1.447
0.334,-2.169
0.272,-2.287
0.237,0.5
0.115,-0.467
0.072,-0.853
0.152,-0.867
-0.008,-3.097
-0.098,0.16
-0.082,0.056
-0.315,-2.273
-0.245,0.439
-0.297,-2.095
-0.403,-1.256
-0.342,-1.97
-0.439,-1.955
-0.429,-1.231
-0.572,-1.973
-0.495,0.302
-0.621,-2.848
-0.741,-2.457
-0.855,-1.245
-0.881,-0.774
-0.865,-1.024
-0.904,-1.881
-0.804,-1.494
-0.915,0.179
-0.919,-0.928
-1.064,-1.305
-1.007,0.506
-1.143,-1.864
-1.032,-3.013
-1.075,-1.927
-1.422,-1.586
-1.807,0.199
-1.722,-2.005
-1.736,-2.937
-2.003,-3.056
-2.69,-3.771
2.959,-3.525
3.109,-3.755
2.542,-3.752
2.528,-3.74
2.009,-3.8
2.07,-3.584
0.574,-3.72
-0.002,-3.859
-0.22,-3.745
-1.509,-3.866
-2.873,0.719
2.02,0.682
1.465,0.568
1.407,0.861
-0.616,0.85
-0.553,0.662
-2.057,0.872
-0.173,0.015
-0.369,-0.892
-0.396,-0.711
-1.419,-0.548
-1.415,-1.5
-1.37,-0.166
-1.489,-0.889
-1.623,-1.123
-1.01,-0.95
-1.435,-2.471
-1.608,-2.308
2.604,0.873
-1.516,0.314
-0.089,1.129
-0.133,0.572
-0.152,-0.53
-0.18,-0.986
-0.168,-0.739
-0.286,-0.114
-0.298,-0.587
-0.241,-0.023
-0.252,1.53
-0.32,2.086
-0.269,1.801
-0.375,-0.277
-0.367,0.146
-0.398,0.496
-0.421,2.098
-0.456,-0.34
-0.398,2.013
-0.449,0.697
-0.625,1.63
-0.801,1.234
-0.756,-0.412
-0.79,0.669
-0.876,2.289
-0.942,2.36
-0.965,1.811
-1.017,0.868
-1.04,2.379
-1.068,1.573
-1.045,0.174
-1.067,0.334
-1.072,1.464
-1.124,1.755
-1.076,2.538
-1.152,0.46
-1.116,-1.002
-1.114,-0.067
-1.274,0.259
-1.302,1.515
-1.317,1.309
-1.371,-1.17
-1.59,-0.092
-1.701,-0.441
-1.762,0.601
-1.853,1.727
-1.789,-1.165
-1.927,-1.017
-1.959,-0.896
-1.997,0.741
-1.941,1.645
-2.07,-0.477
-2.608,-1.714
-2.756,-1.316
2.642,-1.571
2.481,-1.383
2.147,-1.409
2.027,-1.623
1.277,-1.504
0.739,-1.587
-0.296,-1.435
-0.665,-1.385
-0.871,-1.697
-1.199,-1.81
-1.144,-1.659
-1.518,-1.507
-1.519,-1.426
-3.113,2.908
2.885,3.048
2.308,2.661
2.066,3.061
1.894,2.885
1.762,2.819
0.652,2.947
-0.238,2.939
-1.226,2.733
-1.268,3.099
-1.474,3.05
-1.482,2.842
0.072,0.627
-0.059,2.138
-1.368,2.119
-1.508,-0.73
-2.272,-0.209
-2.308,-0.198
-2.773,-0.358
-2.981,1.244
-3.032,0.535
3.05,-0.189
3.109,0.016
2.996,0.88
2.97,0.032
2.92,1.258
2.909,1.27
2.848,2.683
2.602,-1.107
2.726,0.351
2.693,1.417
2.444,-1.115
2.507,2.446
2.315,-0.236
2.345,1.725
2.36,-1.034
2.301,0.612
2.231,-0.753
2.08,2.24
2.027,0.529
1.898,-0.291
1.83,-0.564
1.791,-1.057
1.738,1.048
1.468,2.213
1.523,1.271
1.512,0.974
1.413,1.02
1.19,-1.329
1.248,0.009
1.085,0.387
0.987,-0.009
0.954,-0.964
0.89,1.318
0.845,2.356
0.624,0.048
0.693,0.366
0.514,1.394
0.505,1.395
0.537,-1.346
0.516,2.382
0.381,1.296
0.334,1.67
0.281,0.655
0.292,-0.067
0.23,-0.185
0.195,2.602
0.073,1.635
0.03,1.249
0.11,1.235
-0.05,-0.995
-0.14,2.262
-0.124,2.158
-0.357,-0.171
-0.287,2.541
-0.339,0.007
-0.445,0.846
-0.384,0.132
-0.481,0.147
-0.471,0.871
-0.614,0.129
-0.537,2.404
-0.663,-0.746
-0.783,-0.355
-0.897,0.857
-0.923,1.328
-0.907,1.078
-0.946,0.221
-0.846,0.608
-0.957,2.281
-0.961,1.174
-1.106,0.797
-1.049,2.608
-1.185,0.238
-1.074,-0.911
-1.117,0.175
-1.464,0.516
-1.849,2.301
-1.764,0.097
-1.778,-0.835
-2.045,-0.954
-2.732,-1.669
2.917,-1.423
3.067,-1.653
2.5,-1.65
2.486,-1.638
1.967,-1.698
2.028,-1.482
0.532,-1.618
-0.044,-1.757
-0.262,-1.643
-1.551,-1.764
-2.915,2.821
1.978,2.784
1.423,2.67
1.365,2.963
-0.658,2.952
-0.595,2.764
-2.099,2.974
-0.215,2.117
-0.411,1.21
-0.438,1.391
-1.461,1.554
-1.457,0.602
-1.412,1.936
-1.531,1.213
-1.665,0.979
-1.052,1.152
-1.477,-0.369
-1.65,-0.206
2.562,2.975
-1.558,2.416
-0.044,-0.557
-0.063,-1.659
-0.091,-2.115
-0.079,-1.868
-0.197,-1.243
-0.209,-1.716
-0.152,-1.152
-0.163,0.401
-0.231,0.957
-0.18,0.672
-0.286,-1.406
-0.278,-0.983
-0.309,-0.633
-0.332,0.969
-0.367,-1.469
-0.309,0.884
-0.36,-0.432
-0.536,0.501
-0.712,0.105
-0.667,-1.541
-0.701,-0.46
-0.787,1.16
-0.853,1.231
-0.876,0.682
-0.928,-0.261
-0.951,1.25
-0.979,0.444
-0.956,-0.955
-0.978,-0.795
-0.983,0.335
-1.035,0.626
-0.987,1.409
-1.063,-0.669
-1.027,-2.131
-1.025,-1.196
-1.185,-0.87
-1.213,0.386
-1.228,0.18
-1.282,-2.299
-1.501,-1.221
-1.612,-1.57
-1.673,-0.528
-1.764,0.598
-1.7,-2.294
-1.838,-2.146
-1.87,-2.025
-1.908,-0.388
-1.852,0.516
-1.981,-1.606
-2.519,-2.843
-2.667,-2.445
2.731,-2.7
2.57,-2.512
2.236,-2.538
2.116,-2.752
1.366,-2.633
0.828,-2.716
-0.207,-2.564
-0.576,-2.514
-0.782,-2.826
-1.11,-2.939
-1.055,-2.788
-1.429,-2.636
-1.43,-2.555
-3.024,1.779
2.974,1.919
2.397,1.532
2.155,1.932
1.983,1.756
1.851,1.69
0.741,1.818
-0.149,1.81
-1.137,1.604
-1.179,1.97
-1.385,1.921
-1.393,1.713
0.161,-0.502
0.03,1.009
-1.279,0.99
-1.419,-1.859
-2.183,-1.338
-2.219,-1.327
-2.684,-1.487
-2.892,0.115
-2.943,-0.594
3.139,-1.318
-3.085,-1.113
3.085,-0.249
3.059,-1.097
3.009,0.129
2.998,0.141
2.937,1.554
2.691,-2.236
2.815,-0.778
2.782,0.288
2.533,-2.244
2.596,1.317
2.404,-1.365
2.434,0.596
2.449,-2.163
2.39,-0.517
2.32,-1.882
2.169,1.111
2.116,-0.6
1.987,-1.42
1.919,-1.693
1.88,-2.186
1.827,-0.081
1.557,1.084
1.612,0.142
1.601,-0.155
1.502,-0.109
1.279,-2.458
1.337,-1.12
1.174,-0.742
1.076,-1.138
1.043,-2.093
0.979,0.189
0.934,1.227
0.713,-1.081
0.782,-0.763
0.603,0.265
0.594,0.266
0.626,-2.475
0.605,1.253
0.47,0.167
0.423,0.541
0.37,-0.474
0.381,-1.196
0.319,-1.314
0.284,1.473
0.162,0.506
0.119,0.12
0.199,0.106
0.039,-2.124
-0.051,1.133
-0.035,1.029
-0.268,-1.3
-0.198,1.412
-0.25,-1.122
-0.356,-0.283
-0.295,-0.997
-0.392,-0.982
-0.382,-0.258
-0.525,-1.0
-0.448,1.275
-0.574,-1.875
-0.694,-1.484
-0.808,-0.272
-0.834,0.199
-0.818,-0.051
-0.857,-0.908
-0.757,-0.521
-0.868,1.152
-0.872,0.045
-1.017,-0.332
-0.96,1.479
-1.096,-0.891
-0.985,-2.04
-1.028,-0.954
-1.375,-0.613
-1.76,1.172
-1.675,-1.032
-1.689,-1.964
-1.956,-2.083
-2.643,-2.798
3.006,-2.552
-3.127,-2.782
2.589,-2.779
2.575,-2.767
2.056,-2.827
2.117,-2.611
0.621,-2.747
0.045,-2.886
-0.173,-2.772
-1.462,-2.893
-2.826,1.692
2.067,1.655
1.512,1.541
1.454,1.834
-0.569,1.823
-0.506,1.635
-2.01,1.845
-0.126,0.988
-0.322,0.081
-0.349,0.262
-1.372,0.425
-1.368,-0.527
-1.323,0.807
-1.442,0.084
-1.576,-0.15
-0.963,0.023
-1.388,-1.498
-1.561,-1.335
2.651,1.846
-1.469,1.287
-0.019,-1.102
-0.047,-1.558
-0.035,-1.311
-0.153,-0.686
-0.165,-1.159
-0.108,-0.595
-0.119,0.958
-0.187,1.514
-0.136,1.229
-0.242,-0.849
-0.234,-0.426
-0.265,-0.076
-0.288,1.526
-0.323,-0.912
-0.265,1.441
-0.316,0.125
-0.492,1.058
-0.668,0.662
-0.623,-0.984
-0.657,0.097
-0.743,1.717
-0.809,1.788
-0.832,1.239
-0.884,0.296
-0.907,1.807
-0.935,1.001
-0.912,-0.398
-0.934,-0.238
-0.939,0.892
-0.991,1.183
-0.943,1.966
-1.019,-0.112
-0.983,-1.574
-0.981,-0.639
-1.141,-0.313
-1.169,0.943
-1.184,0.737
-1.238,-1.742
-1.457,-0.664
-1.568,-1.013
-1.629,0.029
-1.72,1.155
-1.656,-1.737
-1.794,-1.589
-1.826,-1.468
-1.864,0.169
-1.808,1.073
-1.937,-1.049
-2.475,-2.286
-2.623,-1.888
2.775,-2.143
2.614,-1.955
2.28,-1.981
2.16,-2.195
1.41,-2.076
0.872,-2.159
-0.163,-2.007
-0.532,-1.957
-0.738,-2.269
-1.066,-2.382
-1.011,-2.231
-1.385,-2.079
-1.386,-1.998
-2.98,2.336
3.018,2.476
2.441,2.089
2.199,2.489
2.027,2.313
1.895,2.247
0.785,2.375
-0.105,2.367
-1.093,2.161
-1.135,2.527
-1.341,2.478
-1.349,2.27
0.205,0.055
0.074,1.566
-1.235,1.547
-1.375,-1.302
-2.139,-0.781
-2.175,-0.77
-2.64,-0.93
-2.848,0.672
-2.899,-0.037
-3.1,-0.761
-3.041,-0.556
3.129,0.308
3.103,-0.54
3.053,0.686
3.042,0.698
2.981,2.111
2.735,-1.679
2.859,-0.221
2.826,0.845
2.577,-1.687
2.64,1.874
2.448,-0.808
2.478,1.153
2.493,-1.606
2.434,0.04
2.364,-1.325
2.213,1.668
2.16,-0.043
2.031,-0.863
1.963,-1.136
1.924,-1.629
1.871,0.476
1.601,1.641
1.656,0.699
1.645,0.402
1.546,0.448
1.323,-1.901
1.381,-0.563
1.218,-0.185
1.12,-0.581
1.087,-1.536
1.023,0.746
0.978,1.784
0.757,-0.524
0.826,-0.206
0.647,0.822
0.638,0.823
0.67,-1.918
0.649,1.81
0.514,0.724
0.467,1.098
0.414,0.083
0.425,-0.639
0.363,-0.757
0.328,2.03
0.206,1.063
0.163,0.677
0.243,0.663
0.083,-1.567
-0.007,1.69
0.009,1.586
-0.224,-0.743
-0.154,1.969
-0.206,-0.565
-0.312,0.274
-0.251,-0.44
-0.348,-0.425
-0.338,0.299
-0.481,-0.443
-0.404,1.832
-0.53,-1.318
-0.65,-0.927
-0.764,0.285
-0.79,0.756
-0.774,0.506
-0.813,-0.351
-0.713,0.036
-0.824,1.709
-0.828,0.602
-0.973,0.225
-0.916,2.036
-1.052,-0.334
-0.941,-1.483
-0.984,-0.397
-1.331,-0.056
-1.716,1.729
-1.631,-0.475
-1.645,-1.407
-1.912,-1.526
-2.599,-2.241
3.05,-1.995
-3.083,-2.225
2.633,-2.222
2.619,-2.21
2.1,-2.27
2.161,-2.054
0.665,-2.19
0.089,-2.329
-0.129,-2.215
-1.418,-2.336
-2.782,2.249
2.111,2.212
1.556,2.098
1.498,2.391
-0.525,2.38
-0.462,2.192
-1.966,2.402
-0.082,1.545
-0.278,0.638
-0.305,0.819
-1.328,0.982
-1.324,0.03
-1.279,1.364
-1.398,0.641
-1.532,0.407
-0.919,0.58
-1.344,-0.941
-1.517,-0.778
2.695,2.403
-1.425,1.844
-0.028,-0.456
-0.016,-0.209
-0.134,0.416
-0.146,-0.057
-0.089,0.507
-0.1,2.06
-0.168,2.616
-0.117,2.331
-0.223,0.253
-0.215,0.676
-0.246,1.026
-0.269,2.628
-0.304,0.19
-0.246,2.543
-0.297,1.227
-0.473,2.16
-0.649,1.764
-0.604,0.118
-0.638,1.199
-0.724,2.819
-0.79,2.89
-0.813,2.341
-0.865,1.398
-0.888,2.909
-0.916,2.103
-0.893,0.704
-0.915,0.864
-0.92,1.994
-0.972,2.285
-0.924,3.068
-1.0,0.99
-0.964,-0.472
-0.962,0.463
-1.122,0.789
-1.15,2.045
-1.165,1.839
-1.219,-0.64
-1.438,0.438
-1.549,0.089
-1.61,1.131
-1.701,2.257
-1.637,-0.635
-1.775,-0.487
-1.807,-0.366
-1.845,1.271
-1.789,2.175
-1.918,0.053
-2.456,-1.184
-2.604,-0.786
2.794,-1.041
2.633,-0.853
2.299,-0.879
2.179,-1.093
1.429,-0.974
0.891,-1.057
-0.144,-0.905
-0.513,-0.855
-0.719,-1.167
-1.047,-1.28
-0.992,-1.129
-1.366,-0.977
-1.367,-0.896
-2.961,3.438
3.037,3.578
2.46,3.191
2.218,3.591
2.046,3.415
1.914,3.349
0.804,3.477
-0.086,3.469
-1.074,3.263
-1.116,3.629
-1.322,3.58
-1.33,3.372
0.224,1.157
0.093,2.668
-1.216,2.649
-1.356,-0.2
-2.12,0.321
-2.156,0.332
-2.621,0.172
-2.829,1.774
-2.88,1.065
-3.081,0.341
-3.022,0.546
-3.135,1.41
3.122,0.562
3.072,1.788
3.061,1.8
3.0,3.213
2.754,-0.577
2.878,0.881
2.845,1.947
2.596,-0.585
2.659,2.976
2.467,0.294
2.497,2.255
2.512,-0.504
2.453,1.142
2.383,-0.223
2.232,2.77
2.179,1.059
2.05,0.239
1.982,-0.034
1.943,-0.527
1.89,1.578
1.62,2.743
1.675,1.801
1.664,1.504
1.565,1.55
1.342,-0.799
1.4,0.539
1.237,0.917
1.139,0.521
1.106,-0.434
1.042,1.848
0.997,2.886
0.776,0.578
0.845,0.896
0.666,1.924
0.657,1.925
0.689,-0.816
0.668,2.912
0.533,1.826
0.486,2.2
0.433,1.185
0.444,0.463
0.382,0.345
0.347,3.132
0.225,2.165
0.182,1.779
0.262,1.765
0.102,-0.465
0.012,2.792
0.028,2.688
-0.205,0.359
-0.135,3.071
-0.187,0.537
-0.293,1.376
-0.232,0.662
-0.329,0.677
-0.319,1.401
-0.462,0.659
-0.385,2.934
-0.511,-0.216
-0.631,0.175
-0.745,1.387
-0.771,1.858
-0.755,1.608
-0.794,0.751
-0.694,1.138
-0.805,2.811
-0.809,1.704
-0.954,1.327
-0.897,3.138
-1.033,0.768
-0.922,-0.381
-0.965,0.705
-1.312,1.046
-1.697,2.831
-1.612,0.627
-1.626,-0.305
-1.893,-0.424
-2.58,-1.139
3.069,-0.893
-3.064,-1.123
2.652,-1.12
2.638,-1.108
2.119,-1.168
2.18,-0.952
0.684,-1.088
0.108,-1.227
-0.11,-1.113
-1.399,-1.234
-2.763,3.351
2.13,3.314
1.575,3.2
1.517,3.493
-0.506,3.482
-0.443,3.294
-1.947,3.504
-0.063,2.647
-0.259,1.74
-0.286,1.921
-1.309,2.084
-1.305,1.132
-1.26,2.466
-1.379,1.743
-1.513,1.509
-0.9,1.682
-1.325,0.161
-1.498,0.324
2.714,3.505
-1.406,2.946
0.012,0.247
-0.106,0.872
-0.118,0.399
-0.061,0.963
-0.072,2.516
-0.14,3.072
-0.089,2.787
-0.195,0.709
-0.187,1.132
-0.218,1.482
-0.241,3.084
-0.276,0.646
-0.218,2.999
-0.269,1.683
-0.445,2.616
-0.621,2.22
-0.576,0.574
-0.61,1.655
-0.696,3.275
-0.762,3.346
-0.785,2.797
-0.837,1.854
-0.86,3.365
-0.888,2.559
-0.865,1.16
-0.887,1.32
-0.892,2.45
-0.944,2.741
-0.896,3.524
-0.972,1.446
-0.936,-0.016
-0.934,0.919
-1.094,1.245
-1.122,2.501
-1.137,2.295
-1.191,-0.184
-1.41,0.894
-1.521,0.545
-1.582,1.587
-1.673,2.713
-1.609,-0.179
-1.747,-0.031
-1.779,0.09
-1.817,1.727
-1.761,2.631
-1.89,0.509
-2.428,-0.728
-2.576,-0.33
2.822,-0.585
2.661,-0.397
2.327,-0.423
2.207,-0.637
1.457,-0.518
0.919,-0.601
-0.116,-0.449
-0.485,-0.399
-0.691,-0.711
-1.019,-0.824
-0.964,-0.673
-1.338,-0.521
-1.339,-0.44
-2.933,3.894
3.065,4.034
2.488,3.647
2.246,4.047
2.074,3.871
1.942,3.805
0.832,3.933
-0.058,3.925
-1.046,3.719
-1.088,4.085
-1.294,4.036
-1.302,3.828
0.252,1.613
0.121,3.124
-1.188,3.105
-1.328,0.256
-2.092,0.777
-2.128,0.788
-2.593,0.628
-2.801,2.23
-2.852,1.521
-3.053,0.797
-2.994,1.002
-3.107,1.866
-3.133,1.018
3.1,2.244
3.089,2.256
3.028,3.669
2.782,-0.121
2.906,1.337
2.873,2.403
2.624,-0.129
2.687,3.432
2.495,0.75
2.525,2.711
2.54,-0.048
2.481,1.598
2.411,0.233
2.26,3.226
2.207,1.515
2.078,0.695
2.01,0.422
1.971,-0.071
1.918,2.034
1.648,3.199
1.703,2.257
1.692,1.96
1.593,2.006
1.37,-0.343
1.428,0.995
1.265,1.373
1.167,0.977
1.134,0.022
1.07,2.304
1.025,3.342
0.804,1.034
0.873,1.352
0.694,2.38
0.685,2.381
0.717,-0.36
0.696,3.368
0.561,2.282
0.514,2.656
0.461,1.641
0.472,0.919
0.41,0.801
0.375,3.588
0.253,2.621
0.21,2.235
0.29,2.221
0.13,-0.009
0.04,3.248
0.056,3.144
-0.177,0.815
-0.107,3.527
-0.159,0.993
-0.265,1.832
-0.204,1.118
-0.301,1.133
-0.291,1.857
-0.434,1.115
-0.357,3.39
-0.483,0.24
-0.603,0.631
-0.717,1.843
-0.743,2.314
-0.727,2.064
-0.766,1.207
-0.666,1.594
-0.777,3.267
-0.781,2.16
-0.926,1.783
-0.869,3.594
-1.005,1.224
-0.894,0.075
-0.937,1.161
-1.284,1.502
-1.669,3.287
-1.584,1.083
-1.598,0.151
-1.865,0.032
-2.552,-0.683
3.097,-0.437
-3.036,-0.667
2.68,-0.664
2.666,-0.652
2.147,-0.712
2.208,-0.496
0.712,-0.632
0.136,-0.771
-0.082,-0.657
-1.371,-0.778
-2.735,3.807
2.158,3.77
1.603,3.656
1.545,3.949
-0.478,3.938
-0.415,3.75
-1.919,3.96
-0.035,3.103
-0.231,2.196
-0.258,2.377
-1.281,2.54
-1.277,1.588
-1.232,2.922
-1.351,2.199
-1.485,1.965
-0.872,2.138
-1.297,0.617
-1.47,0.78
2.742,3.961
-1.378,3.402
-0.118,0.625
-0.13,0.152
-0.073,0.716
-0.084,2.269
-0.152,2.825
-0.101,2.54
-0.207,0.462
-0.199,0.885
-0.23,1.235
-0.253,2.837
-0.288,0.399
-0.23,2.752
-0.281,1.436
-0.457,2.369
-0.633,1.973
-0.588,0.327
-0.622,1.408
-0.708,3.028
-0.774,3.099
-0.797,2.55
-0.849,1.607
-0.872,3.118
-0.9,2.312
-0.877,0.913
-0.899,1.073
-0.904,2.203
-0.956,2.494
-0.908,3.277
-0.984,1.199
-0.948,-0.263
-0.946,0.672
-1.106,0.998
-1.134,2.254
-1.149,2.048
-1.203,-0.431
-1.422,0.647
-1.533,0.298
-1.594,1.34
-1.685,2.466
-1.621,-0.426
-1.759,-0.278
-1.791,-0.157
-1.829,1.48
-1.773,2.384
-1.902,0.262
-2.44,-0.975
-2.588,-0.577
2.81,-0.832
2.649,-0.644
2.315,-0.67
2.195,-0.884
1.445,-0.765
0.907,-0.848
-0.128,-0.696
-0.497,-0.646
-0.703,-0.958
-1.031,-1.071
-0.976,-0.92
-1.35,-0.768
-1.351,-0.687
-2.945,3.647
3.053,3.787
2.476,3.4
2.234,3.8
2.062,3.624
1.93,3.558
0.82,3.686
-0.07,3.678
-1.058,3.472
-1.1,3.838
-1.306,3.789
-1.314,3.581
0.24,1.366
0.109,2.877
-1.2,2.858
-1.34,0.009
-2.104,0.53
-2.14,0.541
-2.605,0.381
-2.813,1.983
-2.864,1.274
-3.065,0.55
-3.006,0.755
-3.119,1.619
3.138,0.771
3.088,1.997
3.077,2.009
3.016,3.422
2.77,-0.368
2.894,1.09
2.861,2.156
2.612,-0.376
2.675,3.185
2.483,0.503
2.513,2.464
2.528,-0.295
2.469,1.351
2.399,-0.014
2.248,2.979
2.195,1.268
2.066,0.448
1.998,0.175
1.959,-0.318
1.906,1.787
1.636,2.952
1.691,2.01
1.68,1.713
1.581,1.759
1.358,-0.59
1.416,0.748
1.253,1.126
1.155,0.73
1.122,-0.225
1.058,2.057
1.013,3.095
0.792,0.787
0.861,1.105
0.682,2.133
0.673,2.134
0.705,-0.607
0.684,3.121
0.549,2.035
0.502,2.409
0.449,1.394
0.46,0.672
0.398,0.554
0.363,3.341
0.241,2.374
0.198,1.988
0.278,1.974
0.118,-0.256
0.028,3.001
0.044,2.897
-0.189,0.568
-0.119,3.28
-0.171,0.746
-0.277,1.585
-0.216,0.871
-0.313,0.886
-0.303,1.61
-0.446,0.868
-0.369,3.143
-0.495,-0.007
-0.615,0.384
-0.729,1.596
-0.755,2.067
-0.739,1.817
-0.778,0.96
-0.678,1.347
-0.789,3.02
-0.793,1.913
-0.938,1.536
-0.881,3.347
-1.017,0.977
-0.906,-0.172
-0.949,0.914
-1.296,1.255
-1.681,3.04
-1.596,0.836
-1.61,-0.096
-1.877,-0.215
-2.564,-0.93
3.085,-0.684
-3.048,-0.914
2.668,-0.911
2.654,-0.899
2.135,-0.959
2.196,-0.743
0.7,-0.879
0.124,-1.018
-0.094,-0.904
-1.383,-1.025
-2.747,3.56
2.146,3.523
1.591,3.409
1.533,3.702
-0.49,3.691
-0.427,3.503
-1.931,3.713
-0.047,2.856
-0.243,1.949
-0.27,2.13
-1.293,2.293
-1.289,1.341
-1.244,2.675
-1.363,1.952
-1.497,1.718
-0.884,1.891
-1.309,0.37
-1.482,0.533
2.73,3.714
-1.39,3.155
-0.012,-0.473
0.045,0.091
0.034,1.644
-0.034,2.2
0.017,1.915
-0.089,-0.163
-0.081,0.26
-0.112,0.61
-0.135,2.212
-0.17,-0.226
-0.112,2.127
-0.163,0.811
-0.339,1.744
-0.515,1.348
-0.47,-0.298
-0.504,0.783
-0.59,2.403
-0.656,2.474
-0.679,1.925
-0.731,0.982
-0.754,2.493
-0.782,1.687
-0.759,0.288
-0.781,0.448
-0.786,1.578
-0.838,1.869
-0.79,2.652
-0.866,0.574
-0.83,-0.888
-0.828,0.047
-0.988,0.373
-1.016,1.629
-1.031,1.423
-1.085,-1.056
-1.304,0.022
-1.415,-0.327
-1.476,0.715
-1.567,1.841
-1.503,-1.051
-1.641,-0.903
-1.673,-0.782
-1.711,0.855
-1.655,1.759
-1.784,-0.363
-2.322,-1.6
-2.47,-1.202
2.928,-1.457
2.767,-1.269
2.433,-1.295
2.313,-1.509
1.563,-1.39
1.025,-1.473
-0.01,-1.321
-0.379,-1.271
-0.585,-1.583
-0.913,-1.696
-0.858,-1.545
-1.232,-1.393
-1.233,-1.312
-2.827,3.022
-3.112,3.162
2.594,2.775
2.352,3.175
2.18,2.999
2.048,2.933
0.938,3.061
0.048,3.053
-0.94,2.847
-0.982,3.213
-1.188,3.164
-1.196,2.956
0.358,0.741
0.227,2.252
-1.082,2.233
-1.222,-0.616
-1.986,-0.095
-2.022,-0.084
-2.487,-0.244
-2.695,1.358
-2.746,0.649
-2.947,-0.075
-2.888,0.13
-3.001,0.994
-3.027,0.146
-3.077,1.372
-3.088,1.384
3.134,2.797
2.888,-0.993
3.012,0.465
2.979,1.531
2.73,-1.001
2.793,2.56
2.601,-0.122
2.631,1.839
2.646,-0.92
2.587,0.726
2.517,-0.639
2.366,2.354
2.313,0.643
2.184,-0.177
2.116,-0.45
2.077,-0.943
2.024,1.162
1.754,2.327
1.809,1.385
1.798,1.088
1.699,1.134
1.476,-1.215
1.534,0.123
1.371,0.501
1.273,0.105
1.24,-0.85
1.176,1.432
1.131,2.47
0.91,0.162
0.979,0.48
0.8,1.508
0.791,1.509
0.823,-1.232
0.802,2.496
0.667,1.41
0.62,1.784
0.567,0.769
0.578,0.047
0.516,-0.071
0.481,2.716
0.359,1.749
0.316,1.363
0.396,1.349
0.236,-0.881
0.146,2.376
0.162,2.272
-0.071,-0.057
-0.001,2.655
-0.053,0.121
-0.159,0.96
-0.098,0.246
-0.195,0.261
-0.185,0.985
-0.328,0.243
-0.251,2.518
-0.377,-0.632
-0.497,-0.241
-0.611,0.971
-0.637,1.442
-0.621,1.192
-0.66,0.335
-0.56,0.722
-0.671,2.395
-0.675,1.288
-0.82,0.911
-0.763,2.722
-0.899,0.352
-0.788,-0.797
-0.831,0.289
-1.178,0.63
-1.563,2.415
-1.478,0.211
-1.492,-0.721
-1.759,-0.84
-2.446,-1.555
-3.08,-1.309
-2.93,-1.539
2.786,-1.536
2.772,-1.524
2.253,-1.584
2.314,-1.368
0.818,-1.504
0.242,-1.643
0.024,-1.529
-1.265,-1.65
-2.629,2.935
2.264,2.898
1.709,2.784
1.651,3.077
-0.372,3.066
-0.309,2.878
-1.813,3.088
0.071,2.231
-0.125,1.324
-0.152,1.505
-1.175,1.668
-1.171,0.716
-1.126,2.05
-1.245,1.327
-1.379,1.093
-0.766,1.266
-1.191,-0.255
-1.364,-0.092
2.848,3.089
-1.272,2.53
0.057,0.564
0.046,2.117
-0.022,2.673
0.029,2.388
-0.077,0.31
-0.069,0.733
-0.1,1.083
-0.123,2.685
-0.158,0.247
-0.1,2.6
-0.151,1.284
-0.327,2.217
-0.503,1.821
-0.458,0.175
-0.492,1.256
-0.578,2.876
-0.644,2.947
-0.667,2.398
-0.719,1.455
-0.742,2.966
-0.77,2.16
-0.747,0.761
-0.769,0.921
-0.774,2.051
-0.826,2.342
-0.778,3.125
-0.854,1.047
-0.818,-0.415
-0.816,0.52
-0.976,0.846
-1.004,2.102
-1.019,1.896
-1.073,-0.583
-1.292,0.495
-1.403,0.146
-1.464,1.188
-1.555,2.314
-1.491,-0.578
-1.629,-0.43
-1.661,-0.309
-1.699,1.328
-1.643,2.232
-1.772,0.11
-2.31,-1.127
-2.458,-0.729
2.94,-0.984
2.779,-0.796
2.445,-0.822
2.325,-1.036
1.575,-0.917
1.037,-1.0
0.002,-0.848
-0.367,-0.798
-0.573,-1.11
-0.901,-1.223
-0.846,-1.072
-1.22,-0.92
-1.221,-0.839
-2.815,3.495
-3.1,3.635
2.606,3.248
2.364,3.648
2.192,3.472
2.06,3.406
0.95,3.534
0.06,3.526
-0.928,3.32
-0.97,3.686
-1.176,3.637
-1.184,3.429
0.37,1.214
0.239,2.725
-1.07,2.706
-1.21,-0.143
-1.974,0.378
-2.01,0.389
-2.475,0.229
-2.683,1.831
-2.734,1.122
-2.935,0.398
-2.876,0.603
-2.989,1.467
-3.015,0.619
-3.065,1.845
-3.076,1.857
-3.137,3.27
2.9,-0.52
3.024,0.938
2.991,2.004
2.742,-0.528
2.805,3.033
2.613,0.351
2.643,2.312
2.658,-0.447
2.599,1.199
2.529,-0.166
2.378,2.827
2.325,1.116
2.196,0.296
2.128,0.023
2.089,-0.47
2.036,1.635
1.766,2.8
1.821,1.858
1.81,1.561
1.711,1.607
1.488,-0.742
1.546,0.596
1.383,0.974
1.285,0.578
1.252,-0.377
1.188,1.905
1.143,2.943
0.922,0.635
0.991,0.953
0.812,1.981
0.803,1.982
0.835,-0.759
0.814,2.969
0.679,1.883
0.632,2.257
0.579,1.242
0.59,0.52
0.528,0.402
0.493,3.189
0.371,2.222
0.328,1.836
0.408,1.822
0.248,-0.408
0.158,2.849
0.174,2.745
-0.059,0.416
0.011,3.128
-0.041,0.594
-0.147,1.433
-0.086,0.719
-0.183,0.734
-0.173,1.458
-0.316,0.716
-0.239,2.991
-0.365,-0.159
-0.485,0.232
-0.599,1.444
-0.625,1.915
-0.609,1.665
-0.648,0.808
-0.548,1.195
-0.659,2.868
-0.663,1.761
-0.808,1.384
-0.751,3.195
-0.887,0.825
-0.776,-0.324
-0.819,0.762
-1.166,1.103
-1.551,2.888
-1.466,0.684
-1.48,-0.248
-1.747,-0.367
-2.434,-1.082
-3.068,-0.836
-2.918,-1.066
2.798,-1.063
2.784,-1.051
2.265,-1.111
2.326,-0.895
0.83,-1.031
0.254,-1.17
0.036,-1.056
-1.253,-1.177
-2.617,3.408
2.276,3.371
1.721,3.257
1.663,3.55
-0.36,3.539
-0.297,3.351
-1.801,3.561
0.083,2.704
-0.113,1.797
-0.14,1.978
-1.163,2.141
-1.159,1.189
-1.114,2.523
-1.233,1.8
-1.367,1.566
-0.754,1.739
-1.179,0.218
-1.352,0.381
2.86,3.562
-1.26,3.003
-0.011,1.553
-0.079,2.109
-0.028,1.824
-0.134,-0.254
-0.126,0.169
-0.157,0.519
-0.18,2.121
-0.215,-0.317
-0.157,2.036
-0.208,0.72
-0.384,1.653
-0.56,1.257
-0.515,-0.389
-0.549,0.692
-0.635,2.312
-0.701,2.383
-0.724,1.834
-0.776,0.891
-0.799,2.402
-0.827,1.596
-0.804,0.197
-0.826,0.357
-0.831,1.487
-0.883,1.778
-0.835,2.561
-0.911,0.483
-0.875,-0.979
-0.873,-0.044
-1.033,0.282
-1.061,1.538
-1.076,1.332
-1.13,-1.147
-1.349,-0.069
-1.46,-0.418
-1.521,0.624
-1.612,1.75
-1.548,-1.142
-1.686,-0.994
-1.718,-0.873
-1.756,0.764
-1.7,1.668
-1.829,-0.454
-2.367,-1.691
-2.515,-1.293
2.883,-1.548
2.722,-1.36
2.388,-1.386
2.268,-1.6
1.518,-1.481
0.98,-1.564
-0.055,-1.412
-0.424,-1.362
-0.63,-1.674
-0.958,-1.787
-0.903,-1.636
-1.277,-1.484
-1.278,-1.403
-2.872,2.931
3.126,3.071
2.549,2.684
2.307,3.084
2.135,2.908
2.003,2.842
0.893,2.97
0.003,2.962
-0.985,2.756
-1.027,3.122
-1.233,3.073
-1.241,2.865
0.313,0.65
0.182,2.161
-1.127,2.142
-1.267,-0.707
-2.031,-0.186
-2.067,-0.175
-2.532,-0.335
-2.74,1.267
-2.791,0.558
-2.992,-0.166
-2.933,0.039
-3.046,0.903
-3.072,0.055
-3.122,1.281
-3.133,1.293
3.089,2.706
2.843,-1.084
2.967,0.374
2.934,1.44
2.685,-1.092
2.748,2.469
2.556,-0.213
2.586,1.748
2.601,-1.011
2.542,0.635
2.472,-0.73
2.321,2.263
2.268,0.552
2.139,-0.268
2.071,-0.541
2.032,-1.034
1.979,1.071
1.709,2.236
1.764,1.294
1.753,0.997
1.654,1.043
1.431,-1.306
1.489,0.032
1.326,0.41
1.228,0.014
1.195,-0.941
1.131,1.341
1.086,2.379
0.865,0.071
0.934,0.389
0.755,1.417
0.746,1.418
0.778,-1.323
0.757,2.405
0.622,1.319
0.575,1.693
0.522,0.678
0.533,-0.044
0.471,-0.162
0.436,2.625
0.314,1.658
0.271,1.272
0.351,1.258
0.191,-0.972
0.101,2.285
0.117,2.181
-0.116,-0.148
-0.046,2.564
-0.098,0.03
-0.204,0.869
-0.143,0.155
-0.24,0.17
-0.23,0.894
-0.373,0.152
-0.296,2.427
-0.422,-0.723
-0.542,-0.332
-0.656,0.88
-0.682,1.351
-0.666,1.101
-0.705,0.244
-0.605,0.631
-0.716,2.304
-0.72,1.197
-0.865,0.82
-0.808,2.631
-0.944,0.261
-0.833,-0.888
-0.876,0.198
-1.223,0.539
-1.608,2.324
-1.523,0.12
-1.537,-0.812
-1.804,-0.931
-2.491,-1.646
-3.125,-1.4
-2.975,-1.63
2.741,-1.627
2.727,-1.615
2.208,-1.675
2.269,-1.459
0.773,-1.595
0.197,-1.734
-0.021,-1.62
-1.31,-1.741
-2.674,2.844
2.219,2.807
1.664,2.693
1.606,2.986
-0.417,2.975
-0.354,2.787
-1.858,2.997
0.026,2.14
-0.17,1.233
-0.197,1.414
-1.22,1.577
-1.216,0.625
-1.171,1.959
-1.29,1.236
-1.424,1.002
-0.811,1.175
-1.236,-0.346
-1.409,-0.183
2.803,2.998
-1.317,2.439
-0.068,0.556
-0.017,0.271
-0.123,-1.807
-0.115,-1.384
-0.146,-1.034
-0.169,0.568
-0.204,-1.87
-0.146,0.483
-0.197,-0.833
-0.373,0.1
-0.549,-0.296
-0.504,-1.942
-0.538,-0.861
-0.624,0.759
-0.69,0.83
-0.713,0.281
-0.765,-0.662
-0.788,0.849
-0.816,0.043
-0.793,-1.356
-0.815,-1.196
-0.82,-0.066
-0.872,0.225
-0.824,1.008
-0.9,-1.07
-0.864,-2.532
-0.862,-1.597
-1.022,-1.271
-1.05,-0.015
-1.065,-0.221
-1.119,-2.7
-1.338,-1.622
-1.449,-1.971
-1.51,-0.929
-1.601,0.197
-1.537,-2.695
-1.675,-2.547
-1.707,-2.426
-1.745,-0.789
-1.689,0.115
-1.818,-2.007
-2.356,-3.244
-2.504,-2.846
2.894,-3.101
2.733,-2.913
2.399,-2.939
2.279,-3.153
1.529,-3.034
0.991,-3.117
-0.044,-2.965
-0.413,-2.915
-0.619,-3.227
-0.947,-3.34
-0.892,-3.189
-1.266,-3.037
-1.267,-2.956
-2.861,1.378
3.137,1.518
2.56,1.131
2.318,1.531
2.146,1.355
2.014,1.289
0.904,1.417
0.014,1.409
-0.974,1.203
-1.016,1.569
-1.222,1.52
-1.23,1.312
0.324,-0.903
0.193,0.608
-1.116,0.589
-1.256,-2.26
-2.02,-1.739
-2.056,-1.728
-2.521,-1.888
-2.729,-0.286
-2.78,-0.995
-2.981,-1.719
-2.922,-1.514
-3.035,-0.65
-3.061,-1.498
-3.111,-0.272
-3.122,-0.26
3.1,1.153
2.854,-2.637
2.978,-1.179
2.945,-0.113
2.696,-2.645
2.759,0.916
2.567,-1.766
2.597,0.195
2.612,-2.564
2.553,-0.918
2.483,-2.283
2.332,0.71
2.279,-1.001
2.15,-1.821
2.082,-2.094
2.043,-2.587
1.99,-0.482
1.72,0.683
1.775,-0.259
1.764,-0.556
1.665,-0.51
1.442,-2.859
1.5,-1.521
1.337,-1.143
1.239,-1.539
1.206,-2.494
1.142,-0.212
1.097,0.826
0.876,-1.482
0.945,-1.164
0.766,-0.136
0.757,-0.135
0.789,-2.876
0.768,0.852
0.633,-0.234
0.586,0.14
0.533,-0.875
0.544,-1.597
0.482,-1.715
0.447,1.072
0.325,0.105
0.282,-0.281
0.362,-0.295
0.202,-2.525
0.112,0.732
0.128,0.628
-0.105,-1.701
-0.035,1.011
-0.087,-1.523
-0.193,-0.684
-0.132,-1.398
-0.229,-1.383
-0.219,-0.659
-0.362,-1.401
-0.285,0.874
-0.411,-2.276
-0.531,-1.885
-0.645,-0.673
-0.671,-0.202
-0.655,-0.452
-0.694,-1.309
-0.594,-0.922
-0.705,0.751
-0.709,-0.356
-0.854,-0.733
-0.797,1.078
-0.933,-1.292
-0.822,-2.441
-0.865,-1.355
-1.212,-1.014
-1.597,0.771
-1.512,-1.433
-1.526,-2.365
-1.793,-2.484
-2.48,-3.199
-3.114,-2.953
-2.964,-3.183
2.752,-3.18
2.738,-3.168
2.219,-3.228
2.28,-3.012
0.784,-3.148
0.208,-3.287
-0.01,-3.173
-1.299,-3.294
-2.663,1.291
2.23,1.254
1.675,1.14
1.617,1.433
-0.406,1.422
-0.343,1.234
-1.847,1.444
0.037,0.587
-0.159,-0.32
-0.186,-0.139
-1.209,0.024
-1.205,-0.928
-1.16,0.406
-1.279,-0.317
-1.413,-0.551
-0.8,-0.378
-1.225,-1.899
-1.398,-1.736
2.814,1.445
-1.306,0.886
0.051,-0.285
-0.055,-2.363
-0.047,-1.94
-0.078,-1.59
-0.101,0.012
-0.136,-2.426
-0.078,-0.073
-0.129,-1.389
-0.305,-0.456
-0.481,-0.852
-0.436,-2.498
-0.47,-1.417
-0.556,0.203
-0.622,0.274
-0.645,-0.275
-0.697,-1.218
-0.72,0.293
-0.748,-0.513
-0.725,-1.912
-0.747,-1.752
-0.752,-0.622
-0.804,-0.331
-0.756,0.452
-0.832,-1.626
-0.796,-3.088
-0.794,-2.153
-0.954,-1.827
-0.982,-0.571
-0.997,-0.777
-1.051,-3.256
-1.27,-2.178
-1.381,-2.527
-1.442,-1.485
-1.533,-0.359
-1.469,-3.251
-1.607,-3.103
-1.639,-2.982
-1.677,-1.345
-1.621,-0.441
-1.75,-2.563
-2.288,-3.8
-2.436,-3.402
2.962,-3.657
2.801,-3.469
2.467,-3.495
2.347,-3.709
1.597,-3.59
1.059,-3.673
0.024,-3.521
-0.345,-3.471
-0.551,-3.783
-0.879,-3.896
-0.824,-3.745
-1.198,-3.593
-1.199,-3.512
-2.793,0.822
-3.078,0.962
2.628,0.575
2.386,0.975
2.214,0.799
2.082,0.733
0.972,0.861
0.082,0.853
-0.906,0.647
-0.948,1.013
-1.154,0.964
-1.162,0.756
0.392,-1.459
0.261,0.052
-1.048,0.033
-1.188,-2.816
-1.952,-2.295
-1.988,-2.284
-2.453,-2.444
-2.661,-0.842
-2.712,-1.551
-2.913,-2.275
-2.854,-2.07
-2.967,-1.206
-2.993,-2.054
-3.043,-0.828
-3.054,-0.816
-3.115,0.597
2.922,-3.193
3.046,-1.735
3.013,-0.669
2.764,-3.201
2.827,0.36
2.635,-2.322
2.665,-0.361
2.68,-3.12
2.621,-1.474
2.551,-2.839
2.4,0.154
2.347,-1.557
2.218,-2.377
2.15,-2.65
2.111,-3.143
2.058,-1.038
1.788,0.127
1.843,-0.815
1.832,-1.112
1.733,-1.066
1.51,-3.415
1.568,-2.077
1.405,-1.699
1.307,-2.095
1.274,-3.05
1.21,-0.768
1.165,0.27
0.944,-2.038
1.013,-1.72
0.834,-0.692
0.825,-0.691
0.857,-3.432
0.836,0.296
0.701,-0.79
0.654,-0.416
0.601,-1.431
0.612,-2.153
0.55,-2.271
0.515,0.516
0.393,-0.451
0.35,-0.837
0.43,-0.851
0.27,-3.081
0.18,0.176
0.196,0.072
-0.037,-2.257
0.033,0.455
-0.019,-2.079
-0.125,-1.24
-0.064,-1.954
-0.161,-1.939
-0.151,-1.215
-0.294,-1.957
-0.217,0.318
-0.343,-2.832
-0.463,-2.441
-0.577,-1.229
-0.603,-0.758
-0.587,-1.008
-0.626,-1.865
-0.526,-1.478
-0.637,0.195
-0.641,-0.912
-0.786,-1.289
-0.729,0.522
-0.865,-1.848
-0.754,-2.997
-0.797,-1.911
-1.144,-1.57
-1.529,0.215
-1.444,-1.989
-1.458,-2.921
-1.725,-3.04
-2.412,-3.755
-3.046,-3.509
-2.896,-3.739
2.82,-3.736
2.806,-3.724
2.287,-3.784
2.348,-3.568
0.852,-3.704
0.276,-3.843
0.058,-3.729
-1.231,-3.85
-2.595,0.735
2.298,0.698
1.743,0.584
1.685,0.877
-0.338,0.866
-0.275,0.678
-1.779,0.888
0.105,0.031
-0.091,-0.876
-0.118,-0.695
-1.141,-0.532
-1.137,-1.484
-1.092,-0.15
-1.211,-0.873
-1.345,-1.107
-0.732,-0.934
-1.157,-2.455
-1.33,-2.292
2.882,0.889
-1.238,0.33
-0.106,-2.078
-0.098,-1.655
-0.129,-1.305
-0.152,0.297
-0.187,-2.141
-0.129,0.212
-0.18,-1.104
-0.356,-0.171
-0.532,-0.567
-0.487,-2.213
-0.521,-1.132
-0.607,0.488
-0.673,0.559
-0.696,0.01
-0.748,-0.933
-0.771,0.578
-0.799,-0.228
-0.776,-1.627
-0.798,-1.467
-0.803,-0.337
-0.855,-0.046
-0.807,0.737
-0.883,-1.341
-0.847,-2.803
-0.845,-1.868
-1.005,-1.542
-1.033,-0.286
-1.048,-0.492
-1.102,-2.971
-1.321,-1.893
-1.432,-2.242
-1.493,-1.2
-1.584,-0.074
-1.52,-2.966
-1.658,-2.818
-1.69,-2.697
-1.728,-1.06
-1.672,-0.156
-1.801,-2.278
-2.339,-3.515
-2.487,-3.117
2.911,-3.372
2.75,-3.184
2.416,-3.21
2.296,-3.424
1.546,-3.305
1.008,-3.388
-0.027,-3.236
-0.396,-3.186
-0.602,-3.498
-0.93,-3.611
-0.875,-3.46
-1.249,-3.308
-1.25,-3.227
-2.844,1.107
-3.129,1.247
2.577,0.86
2.335,1.26
2.163,1.084
2.031,1.018
0.921,1.146
0.031,1.138
-0.957,0.932
-0.999,1.298
-1.205,1.249
-1.213,1.041
0.341,-1.174
0.21,0.337
-1.099,0.318
-1.239,-2.531
-2.003,-2.01
-2.039,-1.999
-2.504,-2.159
-2.712,-0.557
-2.763,-1.266
-2.964,-1.99
-2.905,-1.785
-3.018,-0.921
-3.044,-1.769
-3.094,-0.543
-3.105,-0.531
3.117,0.882
2.871,-2.908
2.995,-1.45
2.962,-0.384
2.713,-2.916
2.776,0.645
2.584,-2.037
2.614,-0.076
2.629,-2.835
2.57,-1.189
2.5,-2.554
2.349,0.439
2.296,-1.272
2.167,-2.092
2.099,-2.365
2.06,-2.858
2.007,-0.753
1.737,0.412
1.792,-0.53
1.781,-0.827
1.682,-0.781
1.459,-3.13
1.517,-1.792
1.354,-1.414
1.256,-1.81
1.223,-2.765
1.159,-0.483
1.114,0.555
0.893,-1.753
0.962,-1.435
0.783,-0.407
0.774,-0.406
0.806,-3.147
0.785,0.581
0.65,-0.505
0.603,-0.131
0.55,-1.146
0.561,-1.868
0.499,-1.986
0.464,0.801
0.342,-0.166
0.299,-0.552
0.379,-0.566
0.219,-2.796
0.129,0.461
0.145,0.357
-0.088,-1.972
-0.018,0.74
-0.07,-1.794
-0.176,-0.955
-0.115,-1.669
-0.212,-1.654
-0.202,-0.93
-0.345,-1.672
-0.268,0.603
-0.394,-2.547
-0.514,-2.156
-0.628,-0.944
-0.654,-0.473
-0.638,-0.723
-0.677,-1.58
-0.577,-1.193
-0.688,0.48
-0.692,-0.627
-0.837,-1.004
-0.78,0.807
-0.916,-1.563
-0.805,-2.712
-0.848,-1.626
-1.195,-1.285
-1.58,0.5
-1.495,-1.704
-1.509,-2.636
-1.776,-2.755
-2.463,-3.47
-3.097,-3.224
-2.947,-3.454
2.769,-3.451
2.755,-3.439
2.236,-3.499
2.297,-3.283
0.801,-3.419
0.225,-3.558
0.007,-3.444
-1.282,-3.565
-2.646,1.02
2.247,0.983
1.692,0.869
1.634,1.162
-0.389,1.151
-0.326,0.963
-1.83,1.173
0.054,0.316
-0.142,-0.591
-0.169,-0.41
-1.192,-0.247
-1.188,-1.199
-1.143,0.135
-1.262,-0.588
-1.396,-0.822
-0.783,-0.649
-1.208,-2.17
-1.381,-2.007
2.831,1.174
-1.289,0.615
0.008,0.423
-0.023,0.773
-0.046,2.375
-0.081,-0.063
-0.023,2.29
-0.074,0.974
-0.25,1.907
-0.426,1.511
-0.381,-0.135
-0.415,0.946
-0.501,2.566
-0.567,2.637
-0.59,2.088
-0.642,1.145
-0.665,2.656
-0.693,1.85
-0.67,0.451
-0.692,0.611
-0.697,1.741
-0.749,2.032
-0.701,2.815
-0.777,0.737
-0.741,-0.725
-0.739,0.21
-0.899,0.536
-0.927,1.792
-0.942,1.586
-0.996,-0.893
-1.215,0.185
-1.326,-0.164
-1.387,0.878
-1.478,2.004
-1.414,-0.888
-1.552,-0.74
-1.584,-0.619
-1.622,1.018
-1.566,1.922
-1.695,-0.2
-2.233,-1.437
-2.381,-1.039
3.017,-1.294
2.856,-1.106
2.522,-1.132
2.402,-1.346
1.652,-1.227
1.114,-1.31
0.079,-1.158
-0.29,-1.108
-0.496,-1.42
-0.824,-1.533
-0.769,-1.382
-1.143,-1.23
-1.144,-1.149
-2.738,3.185
-3.023,3.325
2.683,2.938
2.441,3.338
2.269,3.162
2.137,3.096
1.027,3.224
0.137,3.216
-0.851,3.01
-0.893,3.376
-1.099,3.327
-1.107,3.119
0.447,0.904
0.316,2.415
-0.993,2.396
-1.133,-0.453
-1.897,0.068
-1.933,0.079
-2.398,-0.081
-2.606,1.521
-2.657,0.812
-2.858,0.088
-2.799,0.293
-2.912,1.157
-2.938,0.309
-2.988,1.535
-2.999,1.547
-3.06,2.96
2.977,-0.83
3.101,0.628
3.068,1.694
2.819,-0.838
2.882,2.723
2.69,0.041
2.72,2.002
2.735,-0.757
2.676,0.889
2.606,-0.476
2.455,2.517
2.402,0.806
2.273,-0.014
2.205,-0.287
2.166,-0.78
2.113,1.325
1.843,2.49
1.898,1.548
1.887,1.251
1.788,1.297
1.565,-1.052
1.623,0.286
1.46,0.664
1.362,0.268
1.329,-0.687
1.265,1.595
1.22,2.633
0.999,0.325
1.068,0.643
0.889,1.671
0.88,1.672
0.912,-1.069
0.891,2.659
0.756,1.573
0.709,1.947
0.656,0.932
0.667,0.21
0.605,0.092
0.57,2.879
0.448,1.912
0.405,1.526
0.485,1.512
0.325,-0.718
0.235,2.539
0.251,2.435
0.018,0.106
0.088,2.818
0.036,0.284
-0.07,1.123
-0.009,0.409
-0.106,0.424
-0.096,1.148
-0.239,0.406
-0.162,2.681
-0.288,-0.469
-0.408,-0.078
-0.522,1.134
-0.548,1.605
-0.532,1.355
-0.571,0.498
-0.471,0.885
-0.582,2.558
-0.586,1.451
-0.731,1.074
-0.674,2.885
-0.81,0.515
-0.699,-0.634
-0.742,0.452
-1.089,0.793
-1.474,2.578
-1.389,0.374
-1.403,-0.558
-1.67,-0.677
-2.357,-1.392
-2.991,-1.146
-2.841,-1.376
2.875,-1.373
2.861,-1.361
2.342,-1.421
2.403,-1.205
0.907,-1.341
0.331,-1.48
0.113,-1.366
-1.176,-1.487
-2.54,3.098
2.353,3.061
1.798,2.947
1.74,3.24
-0.283,3.229
-0.22,3.041
-1.724,3.251
0.16,2.394
-0.036,1.487
-0.063,1.668
-1.086,1.831
-1.082,0.879
-1.037,2.213
-1.156,1.49
-1.29,1.256
-0.677,1.429
-1.102,-0.092
-1.275,0.071
2.937,3.252
-1.183,2.693
-0.031,0.35
-0.054,1.952
-0.089,-0.486
-0.031,1.867
-0.082,0.551
-0.258,1.484
-0.434,1.088
-0.389,-0.558
-0.423,0.523
-0.509,2.143
-0.575,2.214
-0.598,1.665
-0.65,0.722
-0.673,2.233
-0.701,1.427
-0.678,0.028
-0.7,0.188
-0.705,1.318
-0.757,1.609
-0.709,2.392
-0.785,0.314
-0.749,-1.148
-0.747,-0.213
-0.907,0.113
-0.935,1.369
-0.95,1.163
-1.004,-1.316
-1.223,-0.238
-1.334,-0.587
-1.395,0.455
-1.486,1.581
-1.422,-1.311
-1.56,-1.163
-1.592,-1.042
-1.63,0.595
-1.574,1.499
-1.703,-0.623
-2.241,-1.86
-2.389,-1.462
3.009,-1.717
2.848,-1.529
2.514,-1.555
2.394,-1.769
1.644,-1.65
1.106,-1.733
0.071,-1.581
-0.298,-1.531
-0.504,-1.843
-0.832,-1.956
-0.777,-1.805
-1.151,-1.653
-1.152,-1.572
-2.746,2.762
-3.031,2.902
2.675,2.515
2.433,2.915
2.261,2.739
2.129,2.673
1.019,2.801
0.129,2.793
-0.859,2.587
-0.901,2.953
-1.107,2.904
-1.115,2.696
0.439,0.481
0.308,1.992
-1.001,1.973
-1.141,-0.876
-1.905,-0.355
-1.941,-0.344
-2.406,-0.504
-2.614,1.098
-2.665,0.389
-2.866,-0.335
-2.807,-0.13
-2.92,0.734
-2.946,-0.114
-2.996,1.112
-3.007,1.124
-3.068,2.537
2.969,-1.253
3.093,0.205
3.06,1.271
2.811,-1.261
2.874,2.3
2.682,-0.382
2.712,1.579
2.727,-1.18
2.668,0.466
2.598,-0.899
2.447,2.094
2.394,0.383
2.265,-0.437
2.197,-0.71
2.158,-1.203
2.105,0.902
1.835,2.067
1.89,1.125
1.879,0.828
1.78,0.874
1.557,-1.475
1.615,-0.137
1.452,0.241
1.354,-0.155
1.321,-1.11
1.257,1.172
1.212,2.21
0.991,-0.098
1.06,0.22
0.881,1.248
0.872,1.249
0.904,-1.492
0.883,2.236
0.748,1.15
0.701,1.524
0.648,0.509
0.659,-0.213
0.597,-0.331
0.562,2.456
0.44,1.489
0.397,1.103
0.477,1.089
0.317,-1.141
0.227,2.116
0.243,2.012
0.01,-0.317
0.08,2.395
0.028,-0.139
-0.078,0.7
-0.017,-0.014
-0.114,0.001
-0.104,0.725
-0.247,-0.017
-0.17,2.258
-0.296,-0.892
-0.416,-0.501
-0.53,0.711
-0.556,1.182
-0.54,0.932
-0.579,0.075
-0.479,0.462
-0.59,2.135
-0.594,1.028
-0.739,0.651
-0.682,2.462
-0.818,0.092
-0.707,-1.057
-0.75,0.029
-1.097,0.37
-1.482,2.155
-1.397,-0.049
-1.411,-0.981
-1.678,-1.1
-2.365,-1.815
-2.999,-1.569
-2.849,-1.799
2.867,-1.796
2.853,-1.784
2.334,-1.844
2.395,-1.628
0.899,-1.764
0.323,-1.903
0.105,-1.789
-1.184,-1.91
-2.548,2.675
2.345,2.638
1.79,2.524
1.732,2.817
-0.291,2.806
-0.228,2.618
-1.732,2.828
0.152,1.971
-0.044,1.064
-0.071,1.245
-1.094,1.408
-1.09,0.456
-1.045,1.79
-1.164,1.067
-1.298,0.833
-0.685,1.006
-1.11,-0.515
-1.283,-0.352
2.929,2.829
-1.191,2.27
-0.023,1.602
-0.058,-0.836
0.0,1.517
-0.051,0.201
-0.227,1.134
-0.403,0.738
-0.358,-0.908
-0.392,0.173
-0.478,1.793
-0.544,1.864
-0.567,1.315
-0.619,0.372
-0.642,1.883
-0.67,1.077
-0.647,-0.322
-0.669,-0.162
-0.674,0.968
-0.726,1.259
-0.678,2.042
-0.754,-0.036
-0.718,-1.498
-0.716,-0.563
-0.876,-0.237
-0.904,1.019
-0.919,0.813
-0.973,-1.666
-1.192,-0.588
-1.303,-0.937
-1.364,0.105
-1.455,1.231
-1.391,-1.661
-1.529,-1.513
-1.561,-1.392
-1.599,0.245
-1.543,1.149
-1.672,-0.973
-2.21,-2.21
-2.358,-1.812
3.04,-2.067
2.879,-1.879
2.545,-1.905
2.425,-2.119
1.675,-2.0
1.137,-2.083
0.102,-1.931
-0.267,-1.881
-0.473,-2.193
-0.801,-2.306
-0.746,-2.155
-1.12,-2.003
-1.121,-1.922
-2.715,2.412
-3.0,2.552
2.706,2.165
2.464,2.565
2.292,2.389
2.16,2.323
1.05,2.451
0.16,2.443
-0.828,2.237
-0.87,2.603
-1.076,2.554
-1.084,2.346
0.47,0.131
0.339,1.642
-0.97,1.623
-1.11,-1.226
-1.874,-0.705
-1.91,-0.694
-2.375,-0.854
-2.583,0.748
-2.634,0.039
-2.835,-0.685
-2.776,-0.48
-2.889,0.384
-2.915,-0.464
-2.965,0.762
-2.976,0.774
-3.037,2.187
3.0,-1.603
3.124,-0.145
3.091,0.921
2.842,-1.611
2.905,1.95
2.713,-0.732
2.743,1.229
2.758,-1.53
2.699,0.116
2.629,-1.249
2.478,1.744
2.425,0.033
2.296,-0.787
2.228,-1.06
2.189,-1.553
2.136,0.552
1.866,1.717
1.921,0.775
1.91,0.478
1.811,0.524
1.588,-1.825
1.646,-0.487
1.483,-0.109
1.385,-0.505
1.352,-1.46
1.288,0.822
1.243,1.86
1.022,-0.448
1.091,-0.13
0.912,0.898
0.903,0.899
0.935,-1.842
0.914,1.886
0.779,0.8
0.732,1.174
0.679,0.159
0.69,-0.563
0.628,-0.681
0.593,2.106
0.471,1.139
0.428,0.753
0.508,0.739
0.348,-1.491
0.258,1.766
0.274,1.662
0.041,-0.667
0.111,2.045
0.059,-0.489
-0.047,0.35
0.014,-0.364
-0.083,-0.349
-0.073,0.375
-0.216,-0.367
-0.139,1.908
-0.265,-1.242
-0.385,-0.851
-0.499,0.361
-0.525,0.832
-0.509,0.582
-0.548,-0.275
-0.448,0.112
-0.559,1.785
-0.563,0.678
-0.708,0.301
-0.651,2.112
-0.787,-0.258
-0.676,-1.407
-0.719,-0.321
-1.066,0.02
-1.451,1.805
-1.366,-0.399
-1.38,-1.331
-1.647,-1.45
-2.334,-2.165
-2.968,-1.919
-2.818,-2.149
2.898,-2.146
2.884,-2.134
2.365,-2.194
2.426,-1.978
0.93,-2.114
0.354,-2.253
0.136,-2.139
-1.153,-2.26
-2.517,2.325
2.376,2.288
1.821,2.174
1.763,2.467
-0.26,2.456
-0.197,2.268
-1.701,2.478
0.183,1.621
-0.013,0.714
-0.04,0.895
-1.063,1.058
-1.059,0.106
-1.014,1.44
-1.133,0.717
-1.267,0.483
-0.654,0.656
-1.079,-0.865
-1.252,-0.702
2.96,2.479
-1.16,1.92
-0.035,-2.438
0.023,-0.085
-0.028,-1.401
-0.204,-0.468
-0.38,-0.864
-0.335,-2.51
-0.369,-1.429
-0.455,0.191
-0.521,0.262
-0.544,-0.287
-0.596,-1.23
-0.619,0.281
-0.647,-0.525
-0.624,-1.924
-0.646,-1.764
-0.651,-0.634
-0.703,-0.343
-0.655,0.44
-0.731,-1.638
-0.695,-3.1
-0.693,-2.165
-0.853,-1.839
-0.881,-0.583
-0.896,-0.789
-0.95,-3.268
-1.169,-2.19
-1.28,-2.539
-1.341,-1.497
-1.432,-0.371
-1.368,-3.263
-1.506,-3.115
-1.538,-2.994
-1.576,-1.357
-1.52,-0.453
-1.649,-2.575
-2.187,-3.812
-2.335,-3.414
3.063,-3.669
2.902,-3.481
2.568,-3.507
2.448,-3.721
1.698,-3.602
1.16,-3.685
0.125,-3.533
-0.244,-3.483
-0.45,-3.795
-0.778,-3.908
-0.723,-3.757
-1.097,-3.605
-1.098,-3.524
-2.692,0.81
-2.977,0.95
2.729,0.563
2.487,0.963
2.315,0.787
2.183,0.721
1.073,0.849
0.183,0.841
-0.805,0.635
-0.847,1.001
-1.053,0.952
-1.061,0.744
0.493,-1.471
0.362,0.04
-0.947,0.021
-1.087,-2.828
-1.851,-2.307
-1.887,-2.296
-2.352,-2.456
-2.56,-0.854
-2.611,-1.563
-2.812,-2.287
-2.753,-2.082
-2.866,-1.218
-2.892,-2.066
-2.942,-0.84
-2.953,-0.828
-3.014,0.585
3.023,-3.205
-3.136,-1.747
3.114,-0.681
2.865,-3.213
2.928,0.348
2.736,-2.334
2.766,-0.373
2.781,-3.132
2.722,-1.486
2.652,-2.851
2.501,0.142
2.448,-1.569
2.319,-2.389
2.251,-2.662
2.212,-3.155
2.159,-1.05
1.889,0.115
1.944,-0.827
1.933,-1.124
1.834,-1.078
1.611,-3.427
1.669,-2.089
1.506,-1.711
1.408,-2.107
1.375,-3.062
1.311,-0.78
1.266,0.258
1.045,-2.05
1.114,-1.732
0.935,-0.704
0.926,-0.703
0.958,-3.444
0.937,0.284
0.802,-0.802
0.755,-0.428
0.702,-1.443
0.713,-2.165
0.651,-2.283
0.616,0.504
0.494,-0.463
0.451,-0.849
0.531,-0.863
0.371,-3.093
0.281,0.164
0.297,0.06
0.064,-2.269
0.134,0.443
0.082,-2.091
-0.024,-1.252
0.037,-1.966
-0.06,-1.951
-0.05,-1.227
-0.193,-1.969
-0.116,0.306
-0.242,-2.844
-0.362,-2.453
-0.476,-1.241
-0.502,-0.77
-0.486,-1.02
-0.525,-1.877
-0.425,-1.49
-0.536,0.183
-0.54,-0.924
-0.685,-1.301
-0.628,0.51
-0.764,-1.86
-0.653,-3.009
-0.696,-1.923
-1.043,-1.582
-1.428,0.203
-1.343,-2.001
-1.357,-2.933
-1.624,-3.052
-2.311,-3.767
-2.945,-3.521
-2.795,-3.751
2.921,-3.748
2.907,-3.736
2.388,-3.796
2.449,-3.58
0.953,-3.716
0.377,-3.855
0.159,-3.741
-1.13,-3.862
-2.494,0.723
2.399,0.686
1.844,0.572
1.786,0.865
-0.237,0.854
-0.174,0.666
-1.678,0.876
0.206,0.019
0.01,-0.888
-0.017,-0.707
-1.04,-0.544
-1.036,-1.496
-0.991,-0.162
-1.11,-0.885
-1.244,-1.119
-0.631,-0.946
-1.056,-2.467
-1.229,-2.304
2.983,0.877
-1.137,0.318
0.058,2.353
0.007,1.037
-0.169,1.97
-0.345,1.574
-0.3,-0.072
-0.334,1.009
-0.42,2.629
-0.486,2.7
-0.509,2.151
-0.561,1.208
-0.584,2.719
-0.612,1.913
-0.589,0.514
-0.611,0.674
-0.616,1.804
-0.668,2.095
-0.62,2.878
-0.696,0.8
-0.66,-0.662
-0.658,0.273
-0.818,0.599
-0.846,1.855
-0.861,1.649
-0.915,-0.83
-1.134,0.248
-1.245,-0.101
-1.306,0.941
-1.397,2.067
-1.333,-0.825
-1.471,-0.677
-1.503,-0.556
-1.541,1.081
-1.485,1.985
-1.614,-0.137
-2.152,-1.374
-2.3,-0.976
3.098,-1.231
2.937,-1.043
2.603,-1.069
2.483,-1.283
1.733,-1.164
1.195,-1.247
0.16,-1.095
-0.209,-1.045
-0.415,-1.357
-0.743,-1.47
-0.688,-1.319
-1.062,-1.167
-1.063,-1.086
-2.657,3.248
-2.942,3.388
2.764,3.001
2.522,3.401
2.35,3.225
2.218,3.159
1.108,3.287
0.218,3.279
-0.77,3.073
-0.812,3.439
-1.018,3.39
-1.026,3.182
0.528,0.967
0.397,2.478
-0.912,2.459
-1.052,-0.39
-1.816,0.131
-1.852,0.142
-2.317,-0.018
-2.525,1.584
-2.576,0.875
-2.777,0.151
-2.718,0.356
-2.831,1.22
-2.857,0.372
-2.907,1.598
-2.918,1.61
-2.979,3.023
3.058,-0.767
-3.101,0.691
-3.134,1.757
2.9,-0.775
2.963,2.786
2.771,0.104
2.801,2.065
2.816,-0.694
2.757,0.952
2.687,-0.413
2.536,2.58
2.483,0.869
2.354,0.049
2.286,-0.224
2.247,-0.717
2.194,1.388
1.924,2.553
1.979,1.611
1.968,1.314
1.869,1.36
1.646,-0.989
1.704,0.349
1.541,0.727
1.443,0.331
1.41,-0.624
1.346,1.658
1.301,2.696
1.08,0.388
1.149,0.706
0.97,1.734
0.961,1.735
0.993,-1.006
0.972,2.722
0.837,1.636
0.79,2.01
0.737,0.995
0.748,0.273
0.686,0.155
0.651,2.942
0.529,1.975
0.486,1.589
0.566,1.575
0.406,-0.655
0.316,2.602
0.332,2.498
0.099,0.169
0.169,2.881
0.117,0.347
0.011,1.186
0.072,0.472
-0.025,0.487
-0.015,1.211
-0.158,0.469
-0.081,2.744
-0.207,-0.406
-0.327,-0.015
-0.441,1.197
-0.467,1.668
-0.451,1.418
-0.49,0.561
-0.39,0.948
-0.501,2.621
-0.505,1.514
-0.65,1.137
-0.593,2.948
-0.729,0.578
-0.618,-0.571
-0.661,0.515
-1.008,0.856
-1.393,2.641
-1.308,0.437
-1.322,-0.495
-1.589,-0.614
-2.276,-1.329
-2.91,-1.083
-2.76,-1.313
2.956,-1.31
2.942,-1.298
2.423,-1.358
2.484,-1.142
0.988,-1.278
0.412,-1.417
0.194,-1.303
-1.095,-1.424
-2.459,3.161
2.434,3.124
1.879,3.01
1.821,3.303
-0.202,3.292
-0.139,3.104
-1.643,3.314
0.241,2.457
0.045,1.55
0.018,1.731
-1.005,1.894
-1.001,0.942
-0.956,2.276
-1.075,1.553
-1.209,1.319
-0.596,1.492
-1.021,-0.029
-1.194,0.134
3.018,3.315
-1.102,2.756
-0.051,-1.316
-0.227,-0.383
-0.403,-0.779
-0.358,-2.425
-0.392,-1.344
-0.478,0.276
-0.544,0.347
-0.567,-0.202
-0.619,-1.145
-0.642,0.366
-0.67,-0.44
-0.647,-1.839
-0.669,-1.679
-0.674,-0.549
-0.726,-0.258
-0.678,0.525
-0.754,-1.553
-0.718,-3.015
-0.716,-2.08
-0.876,-1.754
-0.904,-0.498
-0.919,-0.704
-0.973,-3.183
-1.192,-2.105
-1.303,-2.454
-1.364,-1.412
-1.455,-0.286
-1.391,-3.178
-1.529,-3.03
-1.561,-2.909
-1.599,-1.272
-1.543,-0.368
-1.672,-2.49
-2.21,-3.727
-2.358,-3.329
3.04,-3.584
2.879,-3.396
2.545,-3.422
2.425,-3.636
1.675,-3.517
1.137,-3.6
0.102,-3.448
-0.267,-3.398
-0.473,-3.71
-0.801,-3.823
-0.746,-3.672
-1.12,-3.52
-1.121,-3.439
-2.715,0.895
-3.0,1.035
2.706,0.648
2.464,1.048
2.292,0.872
2.16,0.806
1.05,0.934
0.16,0.926
-0.828,0.72
-0.87,1.086
-1.076,1.037
-1.084,0.829
0.47,-1.386
0.339,0.125
-0.97,0.106
-1.11,-2.743
-1.874,-2.222
-1.91,-2.211
-2.375,-2.371
-2.583,-0.769
-2.634,-1.478
-2.835,-2.202
-2.776,-1.997
-2.889,-1.133
-2.915,-1.981
-2.965,-0.755
-2.976,-0.743
-3.037,0.67
3.0,-3.12
3.124,-1.662
3.091,-0.596
2.842,-3.128
2.905,0.433
2.713,-2.249
2.743,-0.288
2.758,-3.047
2.699,-1.401
2.629,-2.766
2.478,0.227
2.425,-1.484
2.296,-2.304
2.228,-2.577
2.189,-3.07
2.136,-0.965
1.866,0.2
1.921,-0.742
1.91,-1.039
1.811,-0.993
1.588,-3.342
1.646,-2.004
1.483,-1.626
1.385,-2.022
1.352,-2.977
1.288,-0.695
1.243,0.343
1.022,-1.965
1.091,-1.647
0.912,-0.619
0.903,-0.618
0.935,-3.359
0.914,0.369
0.779,-0.717
0.732,-0.343
0.679,-1.358
0.69,-2.08
0.628,-2.198
0.593,0.589
0.471,-0.378
0.428,-0.764
0.508,-0.778
0.348,-3.008
0.258,0.249
0.274,0.145
0.041,-2.184
0.111,0.528
0.059,-2.006
-0.047,-1.167
0.014,-1.881
-0.083,-1.866
-0.073,-1.142
-0.216,-1.884
-0.139,0.391
-0.265,-2.759
-0.385,-2.368
-0.499,-1.156
-0.525,-0.685
-0.509,-0.935
-0.548,-1.792
-0.448,-1.405
-0.559,0.268
-0.563,-0.839
-0.708,-1.216
-0.651,0.595
-0.787,-1.775
-0.676,-2.924
-0.719,-1.838
-1.066,-1.497
-1.451,0.288
-1.366,-1.916
-1.38,-2.848
-1.647,-2.967
-2.334,-3.682
-2.968,-3.436
-2.818,-3.666
2.898,-3.663
2.884,-3.651
2.365,-3.711
2.426,-3.495
0.93,-3.631
0.354,-3.77
0.136,-3.656
-1.153,-3.777
-2.517,0.808
2.376,0.771
1.821,0.657
1.763,0.95
-0.26,0.939
-0.197,0.751
-1.701,0.961
0.183,0.104
-0.013,-0.803
-0.04,-0.622
-1.063,-0.459
-1.059,-1.411
-1.014,-0.077
-1.133,-0.8
-1.267,-1.034
-0.654,-0.861
-1.079,-2.382
-1.252,-2.219
2.96,0.962
-1.16,0.403
-0.176,0.933
-0.352,0.537
-0.307,-1.109
-0.341,-0.028
-0.427,1.592
-0.493,1.663
-0.516,1.114
-0.568,0.171
-0.591,1.682
-0.619,0.876
-0.596,-0.523
-0.618,-0.363
-0.623,0.767
-0.675,1.058
-0.627,1.841
-0.703,-0.237
-0.667,-1.699
-0.665,-0.764
-0.825,-0.438
-0.853,0.818
-0.868,0.612
-0.922,-1.867
-1.141,-0.789
-1.252,-1.138
-1.313,-0.096
-1.404,1.03
-1.34,-1.862
-1.478,-1.714
-1.51,-1.593
-1.548,0.044
-1.492,0.948
-1.621,-1.174
-2.159,-2.411
-2.307,-2.013
3.091,-2.268
2.93,-2.08
2.596,-2.106
2.476,-2.32
1.726,-2.201
1.188,-2.284
0.153,-2.132
-0.216,-2.082
-0.422,-2.394
-0.75,-2.507
-0.695,-2.356
-1.069,-2.204
-1.07,-2.123
-2.664,2.211
-2.949,2.351
2.757,1.964
2.515,2.364
2.343,2.188
2.211,2.122
1.101,2.25
0.211,2.242
-0.777,2.036
-0.819,2.402
-1.025,2.353
-1.033,2.145
0.521,-0.07
0.39,1.441
-0.919,1.422
-1.059,-1.427
-1.823,-0.906
-1.859,-0.895
-2.324,-1.055
-2.532,0.547
-2.583,-0.162
-2.784,-0.886
-2.725,-0.681
-2.838,0.183
-2.864,-0.665
-2.914,0.561
-2.925,0.573
-2.986,1.986
3.051,-1.804
-3.108,-0.346
-3.141,0.72
2.893,-1.812
2.956,1.749
2.764,-0.933
2.794,1.028
2.809,-1.731
2.75,-0.085
2.68,-1.45
2.529,1.543
2.476,-0.168
2.347,-0.988
2.279,-1.261
2.24,-1.754
2.187,0.351
1.917,1.516
1.972,0.574
1.961,0.277
1.862,0.323
1.639,-2.026
1.697,-0.688
1.534,-0.31
1.436,-0.706
1.403,-1.661
1.339,0.621
1.294,1.659
1.073,-0.649
1.142,-0.331
0.963,0.697
0.954,0.698
0.986,-2.043
0.965,1.685
0.83,0.599
0.783,0.973
0.73,-0.042
0.741,-0.764
0.679,-0.882
0.644,1.905
0.522,0.938
0.479,0.552
0.559,0.538
0.399,-1.692
0.309,1.565
0.325,1.461
0.092,-0.868
0.162,1.844
0.11,-0.69
0.004,0.149
0.065,-0.565
-0.032,-0.55
-0.022,0.174
-0.165,-0.568
-0.088,1.707
-0.214,-1.443
-0.334,-1.052
-0.448,0.16
-0.474,0.631
-0.458,0.381
-0.497,-0.476
-0.397,-0.089
-0.508,1.584
-0.512,0.477
-0.657,0.1
-0.6,1.911
-0.736,-0.459
-0.625,-1.608
-0.668,-0.522
-1.015,-0.181
-1.4,1.604
-1.315,-0.6
-1.329,-1.532
-1.596,-1.651
-2.283,-2.366
-2.917,-2.12
-2.767,-2.35
2.949,-2.347
2.935,-2.335
2.416,-2.395
2.477,-2.179
0.981,-2.315
0.405,-2.454
0.187,-2.34
-1.102,-2.461
-2.466,2.124
2.427,2.087
1.872,1.973
1.814,2.266
-0.209,2.255
-0.146,2.067
-1.65,2.277
0.234,1.42
0.038,0.513
0.011,0.694
-1.012,0.857
-1.008,-0.095
-0.963,1.239
-1.082,0.516
-1.216,0.282
-0.603,0.455
-1.028,-1.066
-1.201,-0.903
3.011,2.278
-1.109,1.719
-0.176,-0.396
-0.131,-2.042
-0.165,-0.961
-0.251,0.659
-0.317,0.73
-0.34,0.181
-0.392,-0.762
-0.415,0.749
-0.443,-0.057
-0.42,-1.456
-0.442,-1.296
-0.447,-0.166
-0.499,0.125
-0.451,0.908
-0.527,-1.17
-0.491,-2.632
-0.489,-1.697
-0.649,-1.371
-0.677,-0.115
-0.692,-0.321
-0.746,-2.8
-0.965,-1.722
-1.076,-2.071
-1.137,-1.029
-1.228,0.097
-1.164,-2.795
-1.302,-2.647
-1.334,-2.526
-1.372,-0.889
-1.316,0.015
-1.445,-2.107
-1.983,-3.344
-2.131,-2.946
-3.016,-3.201
3.106,-3.013
2.772,-3.039
2.652,-3.253
1.902,-3.134
1.364,-3.217
0.329,-3.065
-0.04,-3.015
-0.246,-3.327
-0.574,-3.44
-0.519,-3.289
-0.893,-3.137
-0.894,-3.056
-2.488,1.278
-2.773,1.418
2.933,1.031
2.691,1.431
2.519,1.255
2.387,1.189
1.277,1.317
0.387,1.309
-0.601,1.103
-0.643,1.469
-0.849,1.42
-0.857,1.212
0.697,-1.003
0.566,0.508
-0.743,0.489
-0.883,-2.36
-1.647,-1.839
-1.683,-1.828
-2.148,-1.988
-2.356,-0.386
-2.407,-1.095
-2.608,-1.819
-2.549,-1.614
-2.662,-0.75
-2.688,-1.598
-2.738,-0.372
-2.749,-0.36
-2.81,1.053
-3.056,-2.737
-2.932,-1.279
-2.965,-0.213
3.069,-2.745
3.132,0.816
2.94,-1.866
2.97,0.095
2.985,-2.664
2.926,-1.018
2.856,-2.383
2.705,0.61
2.652,-1.101
2.523,-1.921
2.455,-2.194
2.416,-2.687
2.363,-0.582
2.093,0.583
2.148,-0.359
2.137,-0.656
2.038,-0.61
1.815,-2.959
1.873,-1.621
1.71,-1.243
1.612,-1.639
1.579,-2.594
1.515,-0.312
1.47,0.726
1.249,-1.582
1.318,-1.264
1.139,-0.236
1.13,-0.235
1.162,-2.976
1.141,0.752
1.006,-0.334
0.959,0.04
0.906,-0.975
0.917,-1.697
0.855,-1.815
0.82,0.972
0.698,0.005
0.655,-0.381
0.735,-0.395
0.575,-2.625
0.485,0.632
0.501,0.528
0.268,-1.801
0.338,0.911
0.286,-1.623
0.18,-0.784
0.241,-1.498
0.144,-1.483
0.154,-0.759
0.011,-1.501
0.088,0.774
-0.038,-2.376
-0.158,-1.985
-0.272,-0.773
-0.298,-0.302
-0.282,-0.552
-0.321,-1.409
-0.221,-1.022
-0.332,0.651
-0.336,-0.456
-0.481,-0.833
-0.424,0.978
-0.56,-1.392
-0.449,-2.541
-0.492,-1.455
-0.839,-1.114
-1.224,0.671
-1.139,-1.533
-1.153,-2.465
-1.42,-2.584
-2.107,-3.299
-2.741,-3.053
-2.591,-3.283
3.125,-3.28
3.111,-3.268
2.592,-3.328
2.653,-3.112
1.157,-3.248
0.581,-3.387
0.363,-3.273
-0.926,-3.394
-2.29,1.191
2.603,1.154
2.048,1.04
1.99,1.333
-0.033,1.322
0.03,1.134
-1.474,1.344
0.41,0.487
0.214,-0.42
0.187,-0.239
-0.836,-0.076
-0.832,-1.028
-0.787,0.306
-0.906,-0.417
-1.04,-0.651
-0.427,-0.478
-0.852,-1.999
-1.025,-1.836
-3.096,1.345
-0.933,0.786
0.045,-1.646
0.011,-0.565
-0.075,1.055
-0.141,1.126
-0.164,0.577
-0.216,-0.366
-0.239,1.145
-0.267,0.339
-0.244,-1.06
-0.266,-0.9
-0.271,0.23
-0.323,0.521
-0.275,1.304
-0.351,-0.774
-0.315,-2.236
-0.313,-1.301
-0.473,-0.975
-0.501,0.281
-0.516,0.075
-0.57,-2.404
-0.789,-1.326
-0.9,-1.675
-0.961,-0.633
-1.052,0.493
-0.988,-2.399
-1.126,-2.251
-1.158,-2.13
-1.196,-0.493
-1.14,0.411
-1.269,-1.711
-1.807,-2.948
-1.955,-2.55
-2.84,-2.805
-3.001,-2.617
2.948,-2.643
2.828,-2.857
2.078,-2.738
1.54,-2.821
0.505,-2.669
0.136,-2.619
-0.07,-2.931
-0.398,-3.044
-0.343,-2.893
-0.717,-2.741
-0.718,-2.66
-2.312,1.674
-2.597,1.814
3.109,1.427
2.867,1.827
2.695,1.651
2.563,1.585
1.453,1.713
0.563,1.705
-0.425,1.499
-0.467,1.865
-0.673,1.816
-0.681,1.608
0.873,-0.607
0.742,0.904
-0.567,0.885
-0.707,-1.964
-1.471,-1.443
-1.507,-1.432
-1.972,-1.592
-2.18,0.01
-2.231,-0.699
-2.432,-1.423
-2.373,-1.218
-2.486,-0.354
-2.512,-1.202
-2.562,0.024
-2.573,0.036
-2.634,1.449
-2.88,-2.341
-2.756,-0.883
-2.789,0.183
-3.038,-2.349
-2.975,1.212
3.116,-1.47
-3.137,0.491
-3.122,-2.268
3.102,-0.622
3.032,-1.987
2.881,1.006
2.828,-0.705
2.699,-1.525
2.631,-1.798
2.592,-2.291
2.539,-0.186
2.269,0.979
2.324,0.037
2.313,-0.26
2.214,-0.214
1.991,-2.563
2.049,-1.225
1.886,-0.847
1.788,-1.243
1.755,-2.198
1.691,0.084
1.646,1.122
1.425,-1.186
1.494,-0.868
1.315,0.16
1.306,0.161
1.338,-2.58
1.317,1.148
1.182,0.062
1.135,0.436
1.082,-0.579
1.093,-1.301
1.031,-1.419
0.996,1.368
0.874,0.401
0.831,0.015
0.911,0.001
0.751,-2.229
0.661,1.028
0.677,0.924
0.444,-1.405
0.514,1.307
0.462,-1.227
0.356,-0.388
0.417,-1.102
0.32,-1.087
0.33,-0.363
0.187,-1.105
0.264,1.17
0.138,-1.98
0.018,-1.589
-0.096,-0.377
-0.122,0.094
-0.106,-0.156
-0.145,-1.013
-0.045,-0.626
-0.156,1.047
-0.16,-0.06
-0.305,-0.437
-0.248,1.374
-0.384,-0.996
-0.273,-2.145
-0.316,-1.059
-0.663,-0.718
-1.048,1.067
-0.963,-1.137
-0.977,-2.069
-1.244,-2.188
-1.931,-2.903
-2.565,-2.657
-2.415,-2.887
-2.982,-2.884
-2.996,-2.872
2.768,-2.932
2.829,-2.716
1.333,-2.852
0.757,-2.991
0.539,-2.877
-0.75,-2.998
-2.114,1.587
2.779,1.55
2.224,1.436
2.166,1.729
0.143,1.718
0.206,1.53
-1.298,1.74
0.586,0.883
0.39,-0.024
0.363,0.157
-0.66,0.32
-0.656,-0.632
-0.611,0.702
-0.73,-0.021
-0.864,-0.255
-0.251,-0.082
-0.676,-1.603
-0.849,-1.44
-2.92,1.741
-0.757,1.182
-0.034,1.081
-0.12,2.701
-0.186,2.772
-0.209,2.223
-0.261,1.28
-0.284,2.791
-0.312,1.985
-0.289,0.586
-0.311,0.746
-0.316,1.876
-0.368,2.167
-0.32,2.95
-0.396,0.872
-0.36,-0.59
-0.358,0.345
-0.518,0.671
-0.546,1.927
-0.561,1.721
-0.615,-0.758
-0.834,0.32
-0.945,-0.029
-1.006,1.013
-1.097,2.139
-1.033,-0.753
-1.171,-0.605
-1.203,-0.484
-1.241,1.153
-1.185,2.057
-1.314,-0.065
-1.852,-1.302
-2.0,-0.904
-2.885,-1.159
-3.046,-0.971
2.903,-0.997
2.783,-1.211
2.033,-1.092
1.495,-1.175
0.46,-1.023
0.091,-0.973
-0.115,-1.285
-0.443,-1.398
-0.388,-1.247
-0.762,-1.095
-0.763,-1.014
-2.357,3.32
-2.642,3.46
3.064,3.073
2.822,3.473
2.65,3.297
2.518,3.231
1.408,3.359
0.518,3.351
-0.47,3.145
-0.512,3.511
-0.718,3.462
-0.726,3.254
0.828,1.039
0.697,2.55
-0.612,2.531
-0.752,-0.318
-1.516,0.203
-1.552,0.214
-2.017,0.054
-2.225,1.656
-2.276,0.947
-2.477,0.223
-2.418,0.428
-2.531,1.292
-2.557,0.444
-2.607,1.67
-2.618,1.682
-2.679,3.095
-2.925,-0.695
-2.801,0.763
-2.834,1.829
-3.083,-0.703
-3.02,2.858
3.071,0.176
3.101,2.137
3.116,-0.622
3.057,1.024
2.987,-0.341
2.836,2.652
2.783,0.941
2.654,0.121
2.586,-0.152
2.547,-0.645
2.494,1.46
2.224,2.625
2.279,1.683
2.268,1.386
2.169,1.432
1.946,-0.917
2.004,0.421
1.841,0.799
1.743,0.403
1.71,-0.552
1.646,1.73
1.601,2.768
1.38,0.46
1.449,0.778
1.27,1.806
1.261,1.807
1.293,-0.934
1.272,2.794
1.137,1.708
1.09,2.082
1.037,1.067
1.048,0.345
0.986,0.227
0.951,3.014
0.829,2.047
0.786,1.661
0.866,1.647
0.706,-0.583
0.616,2.674
0.632,2.57
0.399,0.241
0.469,2.953
0.417,0.419
0.311,1.258
0.372,0.544
0.275,0.559
0.285,1.283
0.142,0.541
0.219,2.816
0.093,-0.334
-0.027,0.057
-0.141,1.269
-0.167,1.74
-0.151,1.49
-0.19,0.633
-0.09,1.02
-0.201,2.693
-0.205,1.586
-0.35,1.209
-0.293,3.02
-0.429,0.65
-0.318,-0.499
-0.361,0.587
-0.708,0.928
-1.093,2.713
-1.008,0.509
-1.022,-0.423
-1.289,-0.542
-1.976,-1.257
-2.61,-1.011
-2.46,-1.241
-3.027,-1.238
-3.041,-1.226
2.723,-1.286
2.784,-1.07
1.288,-1.206
0.712,-1.345
0.494,-1.231
-0.795,-1.352
-2.159,3.233
2.734,3.196
2.179,3.082
2.121,3.375
0.098,3.364
0.161,3.176
-1.343,3.386
0.541,2.529
0.345,1.622
0.318,1.803
-0.705,1.966
-0.701,1.014
-0.656,2.348
-0.775,1.625
-0.909,1.391
-0.296,1.564
-0.721,0.043
-0.894,0.206
-2.965,3.387
-0.802,2.828
-0.086,1.62
-0.152,1.691
-0.175,1.142
-0.227,0.199
-0.25,1.71
-0.278,0.904
-0.255,-0.495
-0.277,-0.335
-0.282,0.795
-0.334,1.086
-0.286,1.869
-0.362,-0.209
-0.326,-1.671
-0.324,-0.736
-0.484,-0.41
-0.512,0.846
-0.527,0.64
-0.581,-1.839
-0.8,-0.761
-0.911,-1.11
-0.972,-0.068
-1.063,1.058
-0.999,-1.834
-1.137,-1.686
-1.169,-1.565
-1.207,0.072
-1.151,0.976
-1.28,-1.146
-1.818,-2.383
-1.966,-1.985
-2.851,-2.24
-3.012,-2.052
2.937,-2.078
2.817,-2.292
2.067,-2.173
1.529,-2.256
0.494,-2.104
0.125,-2.054
-0.081,-2.366
-0.409,-2.479
-0.354,-2.328
-0.728,-2.176
-0.729,-2.095
-2.323,2.239
-2.608,2.379
3.098,1.992
2.856,2.392
2.684,2.216
2.552,2.15
1.442,2.278
0.552,2.27
-0.436,2.064
-0.478,2.43
-0.684,2.381
-0.692,2.173
0.862,-0.042
0.731,1.469
-0.578,1.45
-0.718,-1.399
-1.482,-0.878
-1.518,-0.867
-1.983,-1.027
-2.191,0.575
-2.242,-0.134
-2.443,-0.858
-2.384,-0.653
-2.497,0.211
-2.523,-0.637
-2.573,0.589
-2.584,0.601
-2.645,2.014
-2.891,-1.776
-2.767,-0.318
-2.8,0.748
-3.049,-1.784
-2.986,1.777
3.105,-0.905
3.135,1.056
-3.133,-1.703
3.091,-0.057
3.021,-1.422
2.87,1.571
2.817,-0.14
2.688,-0.96
2.62,-1.233
2.581,-1.726
2.528,0.379
2.258,1.544
2.313,0.602
2.302,0.305
2.203,0.351
1.98,-1.998
2.038,-0.66
1.875,-0.282
1.777,-0.678
1.744,-1.633
1.68,0.649
1.635,1.687
1.414,-0.621
1.483,-0.303
1.304,0.725
1.295,0.726
1.327,-2.015
1.306,1.713
1.171,0.627
1.124,1.001
1.071,-0.014
1.082,-0.736
1.02,-0.854
0.985,1.933
0.863,0.966
0.82,0.58
0.9,0.566
0.74,-1.664
0.65,1.593
0.666,1.489
0.433,-0.84
0.503,1.872
0.451,-0.662
0.345,0.177
0.406,-0.537
0.309,-0.522
0.319,0.202
0.176,-0.54
0.253,1.735
0.127,-1.415
0.007,-1.024
-0.107,0.188
-0.133,0.659
-0.117,0.409
-0.156,-0.448
-0.056,-0.061
-0.167,1.612
-0.171,0.505
-0.316,0.128
-0.259,1.939
-0.395,-0.431
-0.284,-1.58
-0.327,-0.494
-0.674,-0.153
-1.059,1.632
-0.974,-0.572
-0.988,-1.504
-1.255,-1.623
-1.942,-2.338
-2.576,-2.092
-2.426,-2.322
-2.993,-2.319
-3.007,-2.307
2.757,-2.367
2.818,-2.151
1.322,-2.287
0.746,-2.426
0.528,-2.312
-0.761,-2.433
-2.125,2.152
2.768,2.115
2.213,2.001
2.155,2.294
0.132,2.283
0.195,2.095
-1.309,2.305
0.575,1.448
0.379,0.541
0.352,0.722
-0.671,0.885
-0.667,-0.067
-0.622,1.267
-0.741,0.544
-0.875,0.31
-0.262,0.483
-0.687,-1.038
-0.86,-0.875
-2.931,2.306
-0.768,1.747
-0.066,0.071
-0.089,-0.478
-0.141,-1.421
-0.164,0.09
-0.192,-0.716
-0.169,-2.115
-0.191,-1.955
-0.196,-0.825
-0.248,-0.534
-0.2,0.249
-0.276,-1.829
-0.24,-3.291
-0.238,-2.356
-0.398,-2.03
-0.426,-0.774
-0.441,-0.98
-0.495,-3.459
-0.714,-2.381
-0.825,-2.73
-0.886,-1.688
-0.977,-0.562
-0.913,-3.454
-1.051,-3.306
-1.083,-3.185
-1.121,-1.548
-1.065,-0.644
-1.194,-2.766
-1.732,-4.003
-1.88,-3.605
-2.765,-3.86
-2.926,-3.672
3.023,-3.698
2.903,-3.912
2.153,-3.793
1.615,-3.876
0.58,-3.724
0.211,-3.674
0.005,-3.986
-0.323,-4.099
-0.268,-3.948
-0.642,-3.796
-0.643,-3.715
-2.237,0.619
-2.522,0.759
-3.099,0.372
2.942,0.772
2.77,0.596
2.638,0.53
1.528,0.658
0.638,0.65
-0.35,0.444
-0.392,0.81
-0.598,0.761
-0.606,0.553
0.948,-1.662
0.817,-0.151
-0.492,-0.17
-0.632,-3.019
-1.396,-2.498
-1.432,-2.487
-1.897,-2.647
-2.105,-1.045
-2.156,-1.754
-2.357,-2.478
-2.298,-2.273
-2.411,-1.409
-2.437,-2.257
-2.487,-1.031
-2.498,-1.019
-2.559,0.394
-2.805,-3.396
-2.681,-1.938
-2.714,-0.872
-2.963,-3.404
-2.9,0.157
-3.092,-2.525
-3.062,-0.564
-3.047,-3.323
-3.106,-1.677
3.107,-3.042
2.956,-0.049
2.903,-1.76
2.774,-2.58
2.706,-2.853
2.667,-3.346
2.614,-1.241
2.344,-0.076
2.399,-1.018
2.388,-1.315
2.289,-1.269
2.066,-3.618
2.124,-2.28
1.961,-1.902
1.863,-2.298
1.83,-3.253
1.766,-0.971
1.721,0.067
1.5,-2.241
1.569,-1.923
1.39,-0.895
1.381,-0.894
1.413,-3.635
1.392,0.093
1.257,-0.993
1.21,-0.619
1.157,-1.634
1.168,-2.356
1.106,-2.474
1.071,0.313
0.949,-0.654
0.906,-1.04
0.986,-1.054
0.826,-3.284
0.736,-0.027
0.752,-0.131
0.519,-2.46
0.589,0.252
0.537,-2.282
0.431,-1.443
0.492,-2.157
0.395,-2.142
0.405,-1.418
0.262,-2.16
0.339,0.115
0.213,-3.035
0.093,-2.644
-0.021,-1.432
-0.047,-0.961
-0.031,-1.211
-0.07,-2.068
0.03,-1.681
-0.081,-0.008
-0.085,-1.115
-0.23,-1.492
-0.173,0.319
-0.309,-2.051
-0.198,-3.2
-0.241,-2.114
-0.588,-1.773
-0.973,0.012
-0.888,-2.192
-0.902,-3.124
-1.169,-3.243
-1.856,-3.958
-2.49,-3.712
-2.34,-3.942
-2.907,-3.939
-2.921,-3.927
2.843,-3.987
2.904,-3.771
1.408,-3.907
0.832,-4.046
0.614,-3.932
-0.675,-4.053
-2.039,0.532
2.854,0.495
2.299,0.381
2.241,0.674
0.218,0.663
0.281,0.475
-1.223,0.685
0.661,-0.172
0.465,-1.079
0.438,-0.898
-0.585,-0.735
-0.581,-1.687
-0.536,-0.353
-0.655,-1.076
-0.789,-1.31
-0.176,-1.137
-0.601,-2.658
-0.774,-2.495
-2.845,0.686
-0.682,0.127
-0.023,-0.549
-0.075,-1.492
-0.098,0.019
-0.126,-0.787
-0.103,-2.186
-0.125,-2.026
-0.13,-0.896
-0.182,-0.605
-0.134,0.178
-0.21,-1.9
-0.174,-3.362
-0.172,-2.427
-0.332,-2.101
-0.36,-0.845
-0.375,-1.051
-0.429,-3.53
-0.648,-2.452
-0.759,-2.801
-0.82,-1.759
-0.911,-0.633
-0.847,-3.525
-0.985,-3.377
-1.017,-3.256
-1.055,-1.619
-0.999,-0.715
-1.128,-2.837
-1.666,-4.074
-1.814,-3.676
-2.699,-3.931
-2.86,-3.743
3.089,-3.769
2.969,-3.983
2.219,-3.864
1.681,-3.947
0.646,-3.795
0.277,-3.745
0.071,-4.057
-0.257,-4.17
-0.202,-4.019
-0.576,-3.867
-0.577,-3.786
-2.171,0.548
-2.456,0.688
-3.033,0.301
3.008,0.701
2.836,0.525
2.704,0.459
1.594,0.587
0.704,0.579
-0.284,0.373
-0.326,0.739
-0.532,0.69
-0.54,0.482
1.014,-1.733
0.883,-0.222
-0.426,-0.241
-0.566,-3.09
-1.33,-2.569
-1.366,-2.558
-1.831,-2.718
-2.039,-1.116
-2.09,-1.825
-2.291,-2.549
-2.232,-2.344
-2.345,-1.48
-2.371,-2.328
-2.421,-1.102
-2.432,-1.09
-2.493,0.323
-2.739,-3.467
-2.615,-2.009
-2.648,-0.943
-2.897,-3.475
-2.834,0.086
-3.026,-2.596
-2.996,-0.635
-2.981,-3.394
-3.04,-1.748
-3.11,-3.113
3.022,-0.12
2.969,-1.831
2.84,-2.651
2.772,-2.924
2.733,-3.417
2.68,-1.312
2.41,-0.147
2.465,-1.089
2.454,-1.386
2.355,-1.34
2.132,-3.689
2.19,-2.351
2.027,-1.973
1.929,-2.369
1.896,-3.324
1.832,-1.042
1.787,-0.004
1.566,-2.312
1.635,-1.994
1.456,-0.966
1.447,-0.965
1.479,-3.706
1.458,0.022
1.323,-1.064
1.276,-0.69
1.223,-1.705
1.234,-2.427
1.172,-2.545
1.137,0.242
1.015,-0.725
0.972,-1.111
1.052,-1.125
0.892,-3.355
0.802,-0.098
0.818,-0.202
0.585,-2.531
0.655,0.181
0.603,-2.353
0.497,-1.514
0.558,-2.228
0.461,-2.213
0.471,-1.489
0.328,-2.231
0.405,0.044
0.279,-3.106
0.159,-2.715
0.045,-1.503
0.019,-1.032
0.035,-1.282
-0.004,-2.139
0.096,-1.752
-0.015,-0.079
-0.019,-1.186
-0.164,-1.563
-0.107,0.248
-0.243,-2.122
-0.132,-3.271
-0.175,-2.185
-0.522,-1.844
-0.907,-0.059
-0.822,-2.263
-0.836,-3.195
-1.103,-3.314
-1.79,-4.029
-2.424,-3.783
-2.274,-4.013
-2.841,-4.01
-2.855,-3.998
2.909,-4.058
2.97,-3.842
1.474,-3.978
0.898,-4.117
0.68,-4.003
-0.609,-4.124
-1.973,0.461
2.92,0.424
2.365,0.31
2.307,0.603
0.284,0.592
0.347,0.404
-1.157,0.614
0.727,-0.243
0.531,-1.15
0.504,-0.969
-0.519,-0.806
-0.515,-1.758
-0.47,-0.424
-0.589,-1.147
-0.723,-1.381
-0.11,-1.208
-0.535,-2.729
-0.708,-2.566
-2.779,0.615
-0.616,0.056
-0.052,-0.943
-0.075,0.568
-0.103,-0.238
-0.08,-1.637
-0.102,-1.477
-0.107,-0.347
-0.159,-0.056
-0.111,0.727
-0.187,-1.351
-0.151,-2.813
-0.149,-1.878
-0.309,-1.552
-0.337,-0.296
-0.352,-0.502
-0.406,-2.981
-0.625,-1.903
-0.736,-2.252
-0.797,-1.21
-0.888,-0.084
-0.824,-2.976
-0.962,-2.828
-0.994,-2.707
-1.032,-1.07
-0.976,-0.166
-1.105,-2.288
-1.643,-3.525
-1.791,-3.127
-2.676,-3.382
-2.837,-3.194
3.112,-3.22
2.992,-3.434
2.242,-3.315
1.704,-3.398
0.669,-3.246
0.3,-3.196
0.094,-3.508
-0.234,-3.621
-0.179,-3.47
-0.553,-3.318
-0.554,-3.237
-2.148,1.097
-2.433,1.237
-3.01,0.85
3.031,1.25
2.859,1.074
2.727,1.008
1.617,1.136
0.727,1.128
-0.261,0.922
-0.303,1.288
-0.509,1.239
-0.517,1.031
1.037,-1.184
0.906,0.327
-0.403,0.308
-0.543,-2.541
-1.307,-2.02
-1.343,-2.009
-1.808,-2.169
-2.016,-0.567
-2.067,-1.276
-2.268,-2.0
-2.209,-1.795
-2.322,-0.931
-2.348,-1.779
-2.398,-0.553
-2.409,-0.541
-2.47,0.872
-2.716,-2.918
-2.592,-1.46
-2.625,-0.394
-2.874,-2.926
-2.811,0.635
-3.003,-2.047
-2.973,-0.086
-2.958,-2.845
-3.017,-1.199
-3.087,-2.564
3.045,0.429
2.992,-1.282
2.863,-2.102
2.795,-2.375
2.756,-2.868
2.703,-0.763
2.433,0.402
2.488,-0.54
2.477,-0.837
2.378,-0.791
2.155,-3.14
2.213,-1.802
2.05,-1.424
1.952,-1.82
1.919,-2.775
1.855,-0.493
1.81,0.545
1.589,-1.763
1.658,-1.445
1.479,-0.417
1.47,-0.416
1.502,-3.157
1.481,0.571
1.346,-0.515
1.299,-0.141
1.246,-1.156
1.257,-1.878
1.195,-1.996
1.16,0.791
1.038,-0.176
0.995,-0.562
1.075,-0.576
0.915,-2.806
0.825,0.451
0.841,0.347
0.608,-1.982
0.678,0.73
0.626,-1.804
0.52,-0.965
0.581,-1.679
0.484,-1.664
0.494,-0.94
0.351,-1.682
0.428,0.593
0.302,-2.557
0.182,-2.166
0.068,-0.954
0.042,-0.483
0.058,-0.733
0.019,-1.59
0.119,-1.203
0.008,0.47
0.004,-0.637
-0.141,-1.014
-0.084,0.797
-0.22,-1.573
-0.109,-2.722
-0.152,-1.636
-0.499,-1.295
-0.884,0.49
-0.799,-1.714
-0.813,-2.646
-1.08,-2.765
-1.767,-3.48
-2.401,-3.234
-2.251,-3.464
-2.818,-3.461
-2.832,-3.449
2.932,-3.509
2.993,-3.293
1.497,-3.429
0.921,-3.568
0.703,-3.454
-0.586,-3.575
-1.95,1.01
2.943,0.973
2.388,0.859
2.33,1.152
0.307,1.141
0.37,0.953
-1.134,1.163
0.75,0.306
0.554,-0.601
0.527,-0.42
-0.496,-0.257
-0.492,-1.209
-0.447,0.125
-0.566,-0.598
-0.7,-0.832
-0.087,-0.659
-0.512,-2.18
-0.685,-2.017
-2.756,1.164
-0.593,0.605
-0.023,1.511
-0.051,0.705
-0.028,-0.694
-0.05,-0.534
-0.055,0.596
-0.107,0.887
-0.059,1.67
-0.135,-0.408
-0.099,-1.87
-0.097,-0.935
-0.257,-0.609
-0.285,0.647
-0.3,0.441
-0.354,-2.038
-0.573,-0.96
-0.684,-1.309
-0.745,-0.267
-0.836,0.859
-0.772,-2.033
-0.91,-1.885
-0.942,-1.764
-0.98,-0.127
-0.924,0.777
-1.053,-1.345
-1.591,-2.582
-1.739,-2.184
-2.624,-2.439
-2.785,-2.251
-3.119,-2.277
3.044,-2.491
2.294,-2.372
1.756,-2.455
0.721,-2.303
0.352,-2.253
0.146,-2.565
-0.182,-2.678
-0.127,-2.527
-0.501,-2.375
-0.502,-2.294
-2.096,2.04
-2.381,2.18
-2.958,1.793
3.083,2.193
2.911,2.017
2.779,1.951
1.669,2.079
0.779,2.071
-0.209,1.865
-0.251,2.231
-0.457,2.182
-0.465,1.974
1.089,-0.241
0.958,1.27
-0.351,1.251
-0.491,-1.598
-1.255,-1.077
-1.291,-1.066
-1.756,-1.226
-1.964,0.376
-2.015,-0.333
-2.216,-1.057
-2.157,-0.852
-2.27,0.012
-2.296,-0.836
-2.346,0.39
-2.357,0.402
-2.418,1.815
-2.664,-1.975
-2.54,-0.517
-2.573,0.549
-2.822,-1.983
-2.759,1.578
-2.951,-1.104
-2.921,0.857
-2.906,-1.902
-2.965,-0.256
-3.035,-1.621
3.097,1.372
3.044,-0.339
2.915,-1.159
2.847,-1.432
2.808,-1.925
2.755,0.18
2.485,1.345
2.54,0.403
2.529,0.106
2.43,0.152
2.207,-2.197
2.265,-0.859
2.102,-0.481
2.004,-0.877
1.971,-1.832
1.907,0.45
1.862,1.488
1.641,-0.82
1.71,-0.502
1.531,0.526
1.522,0.527
1.554,-2.214
1.533,1.514
1.398,0.428
1.351,0.802
1.298,-0.213
1.309,-0.935
1.247,-1.053
1.212,1.734
1.09,0.767
1.047,0.381
1.127,0.367
0.967,-1.863
0.877,1.394
0.893,1.29
0.66,-1.039
0.73,1.673
0.678,-0.861
0.572,-0.022
0.633,-0.736
0.536,-0.721
0.546,0.003
0.403,-0.739
0.48,1.536
0.354,-1.614
0.234,-1.223
0.12,-0.011
0.094,0.46
0.11,0.21
0.071,-0.647
0.171,-0.26
0.06,1.413
0.056,0.306
-0.089,-0.071
-0.032,1.74
-0.168,-0.63
-0.057,-1.779
-0.1,-0.693
-0.447,-0.352
-0.832,1.433
-0.747,-0.771
-0.761,-1.703
-1.028,-1.822
-1.715,-2.537
-2.349,-2.291
-2.199,-2.521
-2.766,-2.518
-2.78,-2.506
2.984,-2.566
3.045,-2.35
1.549,-2.486
0.973,-2.625
0.755,-2.511
-0.534,-2.632
-1.898,1.953
2.995,1.916
2.44,1.802
2.382,2.095
0.359,2.084
0.422,1.896
-1.082,2.106
0.802,1.249
0.606,0.342
0.579,0.523
-0.444,0.686
-0.44,-0.266
-0.395,1.068
-0.514,0.345
-0.648,0.111
-0.035,0.284
-0.46,-1.237
-0.633,-1.074
-2.704,2.107
-0.541,1.548
-0.028,-0.806
-0.005,-2.205
-0.027,-2.045
-0.032,-0.915
-0.084,-0.624
-0.036,0.159
-0.112,-1.919
-0.076,-3.381
-0.074,-2.446
-0.234,-2.12
-0.262,-0.864
-0.277,-1.07
-0.331,-3.549
-0.55,-2.471
-0.661,-2.82
-0.722,-1.778
-0.813,-0.652
-0.749,-3.544
-0.887,-3.396
-0.919,-3.275
-0.957,-1.638
-0.901,-0.734
-1.03,-2.856
-1.568,-4.093
-1.716,-3.695
-2.601,-3.95
-2.762,-3.762
-3.096,-3.788
3.067,-4.002
2.317,-3.883
1.779,-3.966
0.744,-3.814
0.375,-3.764
0.169,-4.076
-0.159,-4.189
-0.104,-4.038
-0.478,-3.886
-0.479,-3.805
-2.073,0.529
-2.358,0.669
-2.935,0.282
3.106,0.682
2.934,0.506
2.802,0.44
1.692,0.568
0.802,0.56
-0.186,0.354
-0.228,0.72
-0.434,0.671
-0.442,0.463
1.112,-1.752
0.981,-0.241
-0.328,-0.26
-0.468,-3.109
-1.232,-2.588
-1.268,-2.577
-1.733,-2.737
-1.941,-1.135
-1.992,-1.844
-2.193,-2.568
-2.134,-2.363
-2.247,-1.499
-2.273,-2.347
-2.323,-1.121
-2.334,-1.109
-2.395,0.304
-2.641,-3.486
-2.517,-2.028
-2.55,-0.962
-2.799,-3.494
-2.736,0.067
-2.928,-2.615
-2.898,-0.654
-2.883,-3.413
-2.942,-1.767
-3.012,-3.132
3.12,-0.139
3.067,-1.85
2.938,-2.67
2.87,-2.943
2.831,-3.436
2.778,-1.331
2.508,-0.166
2.563,-1.108
2.552,-1.405
2.453,-1.359
2.23,-3.708
2.288,-2.37
2.125,-1.992
2.027,-2.388
1.994,-3.343
1.93,-1.061
1.885,-0.023
1.664,-2.331
1.733,-2.013
1.554,-0.985
1.545,-0.984
1.577,-3.725
1.556,0.003
1.421,-1.083
1.374,-0.709
1.321,-1.724
1.332,-2.446
1.27,-2.564
1.235,0.223
1.113,-0.744
1.07,-1.13
1.15,-1.144
0.99,-3.374
0.9,-0.117
0.916,-0.221
0.683,-2.55
0.753,0.162
0.701,-2.372
0.595,-1.533
0.656,-2.247
0.559,-2.232
0.569,-1.508
0.426,-2.25
0.503,0.025
0.377,-3.125
0.257,-2.734
0.143,-1.522
0.117,-1.051
0.133,-1.301
0.094,-2.158
0.194,-1.771
0.083,-0.098
0.079,-1.205
-0.066,-1.582
-0.009,0.229
-0.145,-2.141
-0.034,-3.29
-0.077,-2.204
-0.424,-1.863
-0.809,-0.078
-0.724,-2.282
-0.738,-3.214
-1.005,-3.333
-1.692,-4.048
-2.326,-3.802
-2.176,-4.032
-2.743,-4.029
-2.757,-4.017
3.007,-4.077
3.068,-3.861
1.572,-3.997
0.996,-4.136
0.778,-4.022
-0.511,-4.143
-1.875,0.442
3.018,0.405
2.463,0.291
2.405,0.584
0.382,0.573
0.445,0.385
-1.059,0.595
0.825,-0.262
0.629,-1.169
0.602,-0.988
-0.421,-0.825
-0.417,-1.777
-0.372,-0.443
-0.491,-1.166
-0.625,-1.4
-0.012,-1.227
-0.437,-2.748
-0.61,-2.585
-2.681,0.596
-0.518,0.037
0.023,-1.399
0.001,-1.239
-0.004,-0.109
-0.056,0.182
-0.008,0.965
-0.084,-1.113
-0.048,-2.575
-0.046,-1.64
-0.206,-1.314
-0.234,-0.058
-0.249,-0.264
-0.303,-2.743
-0.522,-1.665
-0.633,-2.014
-0.694,-0.972
-0.785,0.154
-0.721,-2.738
-0.859,-2.59
-0.891,-2.469
-0.929,-0.832
-0.873,0.072
-1.002,-2.05
-1.54,-3.287
-1.688,-2.889
-2.573,-3.144
-2.734,-2.956
-3.068,-2.982
3.095,-3.196
2.345,-3.077
1.807,-3.16
0.772,-3.008
0.403,-2.958
0.197,-3.27
-0.131,-3.383
-0.076,-3.232
-0.45,-3.08
-0.451,-2.999
-2.045,1.335
-2.33,1.475
-2.907,1.088
3.134,1.488
2.962,1.312
2.83,1.246
1.72,1.374
0.83,1.366
-0.158,1.16
-0.2,1.526
-0.406,1.477
-0.414,1.269
1.14,-0.946
1.009,0.565
-0.3,0.546
-0.44,-2.303
-1.204,-1.782
-1.24,-1.771
-1.705,-1.931
-1.913,-0.329
-1.964,-1.038
-2.165,-1.762
-2.106,-1.557
-2.219,-0.693
-2.245,-1.541
-2.295,-0.315
-2.306,-0.303
-2.367,1.11
-2.613,-2.68
-2.489,-1.222
-2.522,-0.156
-2.771,-2.688
-2.708,0.873
-2.9,-1.809
-2.87,0.152
-2.855,-2.607
-2.914,-0.961
-2.984,-2.326
-3.135,0.667
3.095,-1.044
2.966,-1.864
2.898,-2.137
2.859,-2.63
2.806,-0.525
2.536,0.64
2.591,-0.302
2.58,-0.599
2.481,-0.553
2.258,-2.902
2.316,-1.564
2.153,-1.186
2.055,-1.582
2.022,-2.537
1.958,-0.255
1.913,0.783
1.692,-1.525
1.761,-1.207
1.582,-0.179
1.573,-0.178
1.605,-2.919
1.584,0.809
1.449,-0.277
1.402,0.097
1.349,-0.918
1.36,-1.64
1.298,-1.758
1.263,1.029
1.141,0.062
1.098,-0.324
1.178,-0.338
1.018,-2.568
0.928,0.689
0.944,0.585
0.711,-1.744
0.781,0.968
0.729,-1.566
0.623,-0.727
0.684,-1.441
0.587,-1.426
0.597,-0.702
0.454,-1.444
0.531,0.831
0.405,-2.319
0.285,-1.928
0.171,-0.716
0.145,-0.245
0.161,-0.495
0.122,-1.352
0.222,-0.965
0.111,0.708
0.107,-0.399
-0.038,-0.776
0.019,1.035
-0.117,-1.335
-0.006,-2.484
-0.049,-1.398
-0.396,-1.057
-0.781,0.728
-0.696,-1.476
-0.71,-2.408
-0.977,-2.527
-1.664,-3.242
-2.298,-2.996
-2.148,-3.226
-2.715,-3.223
-2.729,-3.211
3.035,-3.271
3.096,-3.055
1.6,-3.191
1.024,-3.33
0.806,-3.216
-0.483,-3.337
-1.847,1.248
3.046,1.211
2.491,1.097
2.433,1.39
0.41,1.379
0.473,1.191
-1.031,1.401
0.853,0.544
0.657,-0.363
0.63,-0.182
-0.393,-0.019
-0.389,-0.971
-0.344,0.363
-0.463,-0.36
-0.597,-0.594
0.016,-0.421
-0.409,-1.942
-0.582,-1.779
-2.653,1.402
-0.49,0.843
-0.022,0.16
-0.027,1.29
-0.079,1.581
-0.031,2.364
-0.107,0.286
-0.071,-1.176
-0.069,-0.241
-0.229,0.085
-0.257,1.341
-0.272,1.135
-0.326,-1.344
-0.545,-0.266
-0.656,-0.615
-0.717,0.427
-0.808,1.553
-0.744,-1.339
-0.882,-1.191
-0.914,-1.07
-0.952,0.567
-0.896,1.471
-1.025,-0.651
-1.563,-1.888
-1.711,-1.49
-2.596,-1.745
-2.757,-1.557
-3.091,-1.583
3.072,-1.797
2.322,-1.678
1.784,-1.761
0.749,-1.609
0.38,-1.559
0.174,-1.871
-0.154,-1.984
-0.099,-1.833
-0.473,-1.681
-0.474,-1.6
-2.068,2.734
-2.353,2.874
-2.93,2.487
3.111,2.887
2.939,2.711
2.807,2.645
1.697,2.773
0.807,2.765
-0.181,2.559
-0.223,2.925
-0.429,2.876
-0.437,2.668
1.117,0.453
0.986,1.964
-0.323,1.945
-0.463,-0.904
-1.227,-0.383
-1.263,-0.372
-1.728,-0.532
-1.936,1.07
-1.987,0.361
-2.188,-0.363
-2.129,-0.158
-2.242,0.706
-2.268,-0.142
-2.318,1.084
-2.329,1.096
-2.39,2.509
-2.636,-1.281
-2.512,0.177
-2.545,1.243
-2.794,-1.289
-2.731,2.272
-2.923,-0.41
-2.893,1.551
-2.878,-1.208
-2.937,0.438
-3.007,-0.927
3.125,2.066
3.072,0.355
2.943,-0.465
2.875,-0.738
2.836,-1.231
2.783,0.874
2.513,2.039
2.568,1.097
2.557,0.8
2.458,0.846
2.235,-1.503
2.293,-0.165
2.13,0.213
2.032,-0.183
1.999,-1.138
1.935,1.144
1.89,2.182
1.669,-0.126
1.738,0.192
1.559,1.22
1.55,1.221
1.582,-1.52
1.561,2.208
1.426,1.122
1.379,1.496
1.326,0.481
1.337,-0.241
1.275,-0.359
1.24,2.428
1.118,1.461
1.075,1.075
1.155,1.061
0.995,-1.169
0.905,2.088
0.921,1.984
0.688,-0.345
0.758,2.367
0.706,-0.167
0.6,0.672
0.661,-0.042
0.564,-0.027
0.574,0.697
0.431,-0.045
0.508,2.23
0.382,-0.92
0.262,-0.529
0.148,0.683
0.122,1.154
0.138,0.904
0.099,0.047
0.199,0.434
0.088,2.107
0.084,1.0
-0.061,0.623
-0.004,2.434
-0.14,0.064
-0.029,-1.085
-0.072,0.001
-0.419,0.342
-0.804,2.127
-0.719,-0.077
-0.733,-1.009
-1.0,-1.128
-1.687,-1.843
-2.321,-1.597
-2.171,-1.827
-2.738,-1.824
-2.752,-1.812
3.012,-1.872
3.073,-1.656
1.577,-1.792
1.001,-1.931
0.783,-1.817
-0.506,-1.938
-1.87,2.647
3.023,2.61
2.468,2.496
2.41,2.789
0.387,2.778
0.45,2.59
-1.054,2.8
0.83,1.943
0.634,1.036
0.607,1.217
-0.416,1.38
-0.412,0.428
-0.367,1.762
-0.486,1.039
-0.62,0.805
-0.007,0.978
-0.432,-0.543
-0.605,-0.38
-2.676,2.801
-0.513,2.242
-0.005,1.13
-0.057,1.421
-0.009,2.204
-0.085,0.126
-0.049,-1.336
-0.047,-0.401
-0.207,-0.075
-0.235,1.181
-0.25,0.975
-0.304,-1.504
-0.523,-0.426
-0.634,-0.775
-0.695,0.267
-0.786,1.393
-0.722,-1.499
-0.86,-1.351
-0.892,-1.23
-0.93,0.407
-0.874,1.311
-1.003,-0.811
-1.541,-2.048
-1.689,-1.65
-2.574,-1.905
-2.735,-1.717
-3.069,-1.743
3.094,-1.957
2.344,-1.838
1.806,-1.921
0.771,-1.769
0.402,-1.719
0.196,-2.031
-0.132,-2.144
-0.077,-1.993
-0.451,-1.841
-0.452,-1.76
-2.046,2.574
-2.331,2.714
-2.908,2.327
3.133,2.727
2.961,2.551
2.829,2.485
1.719,2.613
0.829,2.605
-0.159,2.399
-0.201,2.765
-0.407,2.716
-0.415,2.508
1.139,0.293
1.008,1.804
-0.301,1.785
-0.441,-1.064
-1.205,-0.543
-1.241,-0.532
-1.706,-0.692
-1.914,0.91
-1.965,0.201
-2.166,-0.523
-2.107,-0.318
-2.22,0.546
-2.246,-0.302
-2.296,0.924
-2.307,0.936
-2.368,2.349
-2.614,-1.441
-2.49,0.017
-2.523,1.083
-2.772,-1.449
-2.709,2.112
-2.901,-0.57
-2.871,1.391
-2.856,-1.368
-2.915,0.278
-2.985,-1.087
-3.136,1.906
3.094,0.195
2.965,-0.625
2.897,-0.898
2.858,-1.391
2.805,0.714
2.535,1.879
2.59,0.937
2.579,0.64
2.48,0.686
2.257,-1.663
2.315,-0.325
2.152,0.053
2.054,-0.343
2.021,-1.298
1.957,0.984
1.912,2.022
1.691,-0.286
1.76,0.032
1.581,1.06
1.572,1.061
1.604,-1.68
1.583,2.048
1.448,0.962
1.401,1.336
1.348,0.321
1.359,-0.401
1.297,-0.519
1.262,2.268
1.14,1.301
1.097,0.915
1.177,0.901
1.017,-1.329
0.927,1.928
0.943,1.824
0.71,-0.505
0.78,2.207
0.728,-0.327
0.622,0.512
0.683,-0.202
0.586,-0.187
0.596,0.537
0.453,-0.205
0.53,2.07
0.404,-1.08
0.284,-0.689
0.17,0.523
0.144,0.994
0.16,0.744
0.121,-0.113
0.221,0.274
0.11,1.947
0.106,0.84
-0.039,0.463
0.018,2.274
-0.118,-0.096
-0.007,-1.245
-0.05,-0.159
-0.397,0.182
-0.782,1.967
-0.697,-0.237
-0.711,-1.169
-0.978,-1.288
-1.665,-2.003
-2.299,-1.757
-2.149,-1.987
-2.716,-1.984
-2.73,-1.972
3.034,-2.032
3.095,-1.816
1.599,-1.952
1.023,-2.091
0.805,-1.977
-0.484,-2.098
-1.848,2.487
3.045,2.45
2.49,2.336
2.432,2.629
0.409,2.618
0.472,2.43
-1.032,2.64
0.852,1.783
0.656,0.876
0.629,1.057
-0.394,1.22
-0.39,0.268
-0.345,1.602
-0.464,0.879
-0.598,0.645
0.015,0.818
-0.41,-0.703
-0.583,-0.54
-2.654,2.641
-0.491,2.082
-0.052,0.291
-0.004,1.074
-0.08,-1.004
-0.044,-2.466
-0.042,-1.531
-0.202,-1.205
-0.23,0.051
-0.245,-0.155
-0.299,-2.634
-0.518,-1.556
-0.629,-1.905
-0.69,-0.863
-0.781,0.263
-0.717,-2.629
-0.855,-2.481
-0.887,-2.36
-0.925,-0.723
-0.869,0.181
-0.998,-1.941
-1.536,-3.178
-1.684,-2.78
-2.569,-3.035
-2.73,-2.847
-3.064,-2.873
3.099,-3.087
2.349,-2.968
1.811,-3.051
0.776,-2.899
0.407,-2.849
0.201,-3.161
-0.127,-3.274
-0.072,-3.123
-0.446,-2.971
-0.447,-2.89
-2.041,1.444
-2.326,1.584
-2.903,1.197
3.138,1.597
2.966,1.421
2.834,1.355
1.724,1.483
0.834,1.475
-0.154,1.269
-0.196,1.635
-0.402,1.586
-0.41,1.378
1.144,-0.837
1.013,0.674
-0.296,0.655
-0.436,-2.194
-1.2,-1.673
-1.236,-1.662
-1.701,-1.822
-1.909,-0.22
-1.96,-0.929
-2.161,-1.653
-2.102,-1.448
-2.215,-0.584
-2.241,-1.432
-2.291,-0.206
-2.302,-0.194
-2.363,1.219
-2.609,-2.571
-2.485,-1.113
-2.518,-0.047
-2.767,-2.579
-2.704,0.982
-2.896,-1.7
-2.866,0.261
-2.851,-2.498
-2.91,-0.852
-2.98,-2.217
-3.131,0.776
3.099,-0.935
2.97,-1.755
2.902,-2.028
2.863,-2.521
2.81,-0.416
2.54,0.749
2.595,-0.193
2.584,-0.49
2.485,-0.444
2.262,-2.793
2.32,-1.455
2.157,-1.077
2.059,-1.473
2.026,-2.428
1.962,-0.146
1.917,0.892
1.696,-1.416
1.765,-1.098
1.586,-0.07
1.577,-0.069
1.609,-2.81
1.588,0.918
1.453,-0.168
1.406,0.206
1.353,-0.809
1.364,-1.531
1.302,-1.649
1.267,1.138
1.145,0.171
1.102,-0.215
1.182,-0.229
1.022,-2.459
0.932,0.798
0.948,0.694
0.715,-1.635
0.785,1.077
0.733,-1.457
0.627,-0.618
0.688,-1.332
0.591,-1.317
0.601,-0.593
0.458,-1.335
0.535,0.94
0.409,-2.21
0.289,-1.819
0.175,-0.607
0.149,-0.136
0.165,-0.386
0.126,-1.243
0.226,-0.856
0.115,0.817
0.111,-0.29
-0.034,-0.667
0.023,1.144
-0.113,-1.226
-0.002,-2.375
-0.045,-1.289
-0.392,-0.948
-0.777,0.837
-0.692,-1.367
-0.706,-2.299
-0.973,-2.418
-1.66,-3.133
-2.294,-2.887
-2.144,-3.117
-2.711,-3.114
-2.725,-3.102
3.039,-3.162
3.1,-2.946
1.604,-3.082
1.028,-3.221
0.81,-3.107
-0.479,-3.228
-1.843,1.357
3.05,1.32
2.495,1.206
2.437,1.499
0.414,1.488
0.477,1.3
-1.027,1.51
0.857,0.653
0.661,-0.254
0.634,-0.073
-0.389,0.09
-0.385,-0.862
-0.34,0.472
-0.459,-0.251
-0.593,-0.485
0.02,-0.312
-0.405,-1.833
-0.578,-1.67
-2.649,1.511
-0.486,0.952
0.048,0.783
-0.028,-1.295
0.008,-2.757
0.01,-1.822
-0.15,-1.496
-0.178,-0.24
-0.193,-0.446
-0.247,-2.925
-0.466,-1.847
-0.577,-2.196
-0.638,-1.154
-0.729,-0.028
-0.665,-2.92
-0.803,-2.772
-0.835,-2.651
-0.873,-1.014
-0.817,-0.11
-0.946,-2.232
-1.484,-3.469
-1.632,-3.071
-2.517,-3.326
-2.678,-3.138
-3.012,-3.164
-3.132,-3.378
2.401,-3.259
1.863,-3.342
0.828,-3.19
0.459,-3.14
0.253,-3.452
-0.075,-3.565
-0.02,-3.414
-0.394,-3.262
-0.395,-3.181
-1.989,1.153
-2.274,1.293
-2.851,0.906
-3.093,1.306
3.018,1.13
2.886,1.064
1.776,1.192
0.886,1.184
-0.102,0.978
-0.144,1.344
-0.35,1.295
-0.358,1.087
1.196,-1.128
1.065,0.383
-0.244,0.364
-0.384,-2.485
-1.148,-1.964
-1.184,-1.953
-1.649,-2.113
-1.857,-0.511
-1.908,-1.22
-2.109,-1.944
-2.05,-1.739
-2.163,-0.875
-2.189,-1.723
-2.239,-0.497
-2.25,-0.485
-2.311,0.928
-2.557,-2.862
-2.433,-1.404
-2.466,-0.338
-2.715,-2.87
-2.652,0.691
-2.844,-1.991
-2.814,-0.03
-2.799,-2.789
-2.858,-1.143
-2.928,-2.508
-3.079,0.485
-3.132,-1.226
3.022,-2.046
2.954,-2.319
2.915,-2.812
2.862,-0.707
2.592,0.458
2.647,-0.484
2.636,-0.781
2.537,-0.735
2.314,-3.084
2.372,-1.746
2.209,-1.368
2.111,-1.764
2.078,-2.719
2.014,-0.437
1.969,0.601
1.748,-1.707
1.817,-1.389
1.638,-0.361
1.629,-0.36
1.661,-3.101
1.64,0.627
1.505,-0.459
1.458,-0.085
1.405,-1.1
1.416,-1.822
1.354,-1.94
1.319,0.847
1.197,-0.12
1.154,-0.506
1.234,-0.52
1.074,-2.75
0.984,0.507
1.0,0.403
0.767,-1.926
0.837,0.786
0.785,-1.748
0.679,-0.909
0.74,-1.623
0.643,-1.608
0.653,-0.884
0.51,-1.626
0.587,0.649
0.461,-2.501
0.341,-2.11
0.227,-0.898
0.201,-0.427
0.217,-0.677
0.178,-1.534
0.278,-1.147
0.167,0.526
0.163,-0.581
0.018,-0.958
0.075,0.853
-0.061,-1.517
0.05,-2.666
0.007,-1.58
-0.34,-1.239
-0.725,0.546
-0.64,-1.658
-0.654,-2.59
-0.921,-2.709
-1.608,-3.424
-2.242,-3.178
-2.092,-3.408
-2.659,-3.405
-2.673,-3.393
3.091,-3.453
-3.131,-3.237
1.656,-3.373
1.08,-3.512
0.862,-3.398
-0.427,-3.519
-1.791,1.066
3.102,1.029
2.547,0.915
2.489,1.208
0.466,1.197
0.529,1.009
-0.975,1.219
0.909,0.362
0.713,-0.545
0.686,-0.364
-0.337,-0.201
-0.333,-1.153
-0.288,0.181
-0.407,-0.542
-0.541,-0.776
0.072,-0.603
-0.353,-2.124
-0.526,-1.961
-2.597,1.22
-0.434,0.661
-0.076,-2.078
-0.04,-3.54
-0.038,-2.605
-0.198,-2.279
-0.226,-1.023
-0.241,-1.229
-0.295,-3.708
-0.514,-2.63
-0.625,-2.979
-0.686,-1.937
-0.777,-0.811
-0.713,-3.703
-0.851,-3.555
-0.883,-3.434
-0.921,-1.797
-0.865,-0.893
-0.994,-3.015
-1.532,-4.252
-1.68,-3.854
-2.565,-4.109
-2.726,-3.921
-3.06,-3.947
3.103,-4.161
2.353,-4.042
1.815,-4.125
0.78,-3.973
0.411,-3.923
0.205,-4.235
-0.123,-4.348
-0.068,-4.197
-0.442,-4.045
-0.443,-3.964
-2.037,0.37
-2.322,0.51
-2.899,0.123
-3.141,0.523
2.97,0.347
2.838,0.281
1.728,0.409
0.838,0.401
-0.15,0.195
-0.192,0.561
-0.398,0.512
-0.406,0.304
1.148,-1.911
1.017,-0.4
-0.292,-0.419
-0.432,-3.268
-1.196,-2.747
-1.232,-2.736
-1.697,-2.896
-1.905,-1.294
-1.956,-2.003
-2.157,-2.727
-2.098,-2.522
-2.211,-1.658
-2.237,-2.506
-2.287,-1.28
-2.298,-1.268
-2.359,0.145
-2.605,-3.645
-2.481,-2.187
-2.514,-1.121
-2.763,-3.653
-2.7,-0.092
-2.892,-2.774
-2.862,-0.813
-2.847,-3.572
-2.906,-1.926
-2.976,-3.291
-3.127,-0.298
3.103,-2.009
2.974,-2.829
2.906,-3.102
2.867,-3.595
2.814,-1.49
2.544,-0.325
2.599,-1.267
2.588,-1.564
2.489,-1.518
2.266,-3.867
2.324,-2.529
2.161,-2.151
2.063,-2.547
2.03,-3.502
1.966,-1.22
1.921,-0.182
1.7,-2.49
1.769,-2.172
1.59,-1.144
1.581,-1.143
1.613,-3.884
1.592,-0.156
1.457,-1.242
1.41,-0.868
1.357,-1.883
1.368,-2.605
1.306,-2.723
1.271,0.064
1.149,-0.903
1.106,-1.289
1.186,-1.303
1.026,-3.533
0.936,-0.276
0.952,-0.38
0.719,-2.709
0.789,0.003
0.737,-2.531
0.631,-1.692
0.692,-2.406
0.595,-2.391
0.605,-1.667
0.462,-2.409
0.539,-0.134
0.413,-3.284
0.293,-2.893
0.179,-1.681
0.153,-1.21
0.169,-1.46
0.13,-2.317
0.23,-1.93
0.119,-0.257
0.115,-1.364
-0.03,-1.741
0.027,0.07
-0.109,-2.3
0.002,-3.449
-0.041,-2.363
-0.388,-2.022
-0.773,-0.237
-0.688,-2.441
-0.702,-3.373
-0.969,-3.492
-1.656,-4.207
-2.29,-3.961
-2.14,-4.191
-2.707,-4.188
-2.721,-4.176
3.043,-4.236
3.104,-4.02
1.608,-4.156
1.032,-4.295
0.814,-4.181
-0.475,-4.302
-1.839,0.283
3.054,0.246
2.499,0.132
2.441,0.425
0.418,0.414
0.481,0.226
-1.023,0.436
0.861,-0.421
0.665,-1.328
0.638,-1.147
-0.385,-0.984
-0.381,-1.936
-0.336,-0.602
-0.455,-1.325
-0.589,-1.559
0.024,-1.386
-0.401,-2.907
-0.574,-2.744
-2.645,0.437
-0.482,-0.122
0.036,-1.462
0.038,-0.527
-0.122,-0.201
-0.15,1.055
-0.165,0.849
-0.219,-1.63
-0.438,-0.552
-0.549,-0.901
-0.61,0.141
-0.701,1.267
-0.637,-1.625
-0.775,-1.477
-0.807,-1.356
-0.845,0.281
-0.789,1.185
-0.918,-0.937
-1.456,-2.174
-1.604,-1.776
-2.489,-2.031
-2.65,-1.843
-2.984,-1.869
-3.104,-2.083
2.429,-1.964
1.891,-2.047
0.856,-1.895
0.487,-1.845
0.281,-2.157
-0.047,-2.27
0.008,-2.119
-0.366,-1.967
-0.367,-1.886
-1.961,2.448
-2.246,2.588
-2.823,2.201
-3.065,2.601
3.046,2.425
2.914,2.359
1.804,2.487
0.914,2.479
-0.074,2.273
-0.116,2.639
-0.322,2.59
-0.33,2.382
1.224,0.167
1.093,1.678
-0.216,1.659
-0.356,-1.19
-1.12,-0.669
-1.156,-0.658
-1.621,-0.818
-1.829,0.784
-1.88,0.075
-2.081,-0.649
-2.022,-0.444
-2.135,0.42
-2.161,-0.428
-2.211,0.798
-2.222,0.81
-2.283,2.223
-2.529,-1.567
-2.405,-0.109
-2.438,0.957
-2.687,-1.575
-2.624,1.986
-2.816,-0.696
-2.786,1.265
-2.771,-1.494
-2.83,0.152
-2.9,-1.213
-3.051,1.78
-3.104,0.069
3.05,-0.751
2.982,-1.024
2.943,-1.517
2.89,0.588
2.62,1.753
2.675,0.811
2.664,0.514
2.565,0.56
2.342,-1.789
2.4,-0.451
2.237,-0.073
2.139,-0.469
2.106,-1.424
2.042,0.858
1.997,1.896
1.776,-0.412
1.845,-0.094
1.666,0.934
1.657,0.935
1.689,-1.806
1.668,1.922
1.533,0.836
1.486,1.21
1.433,0.195
1.444,-0.527
1.382,-0.645
1.347,2.142
1.225,1.175
1.182,0.789
1.262,0.775
1.102,-1.455
1.012,1.802
1.028,1.698
0.795,-0.631
0.865,2.081
0.813,-0.453
0.707,0.386
0.768,-0.328
0.671,-0.313
0.681,0.411
0.538,-0.331
0.615,1.944
0.489,-1.206
0.369,-0.815
0.255,0.397
0.229,0.868
0.245,0.618
0.206,-0.239
0.306,0.148
0.195,1.821
0.191,0.714
0.046,0.337
0.103,2.148
-0.033,-0.222
0.078,-1.371
0.035,-0.285
-0.312,0.056
-0.697,1.841
-0.612,-0.363
-0.626,-1.295
-0.893,-1.414
-1.58,-2.129
-2.214,-1.883
-2.064,-2.113
-2.631,-2.11
-2.645,-2.098
3.119,-2.158
-3.103,-1.942
1.684,-2.078
1.108,-2.217
0.89,-2.103
-0.399,-2.224
-1.763,2.361
3.13,2.324
2.575,2.21
2.517,2.503
0.494,2.492
0.557,2.304
-0.947,2.514
0.937,1.657
0.741,0.75
0.714,0.931
-0.309,1.094
-0.305,0.142
-0.26,1.476
-0.379,0.753
-0.513,0.519
0.1,0.692
-0.325,-0.829
-0.498,-0.666
-2.569,2.515
-0.406,1.956
0.002,0.935
-0.158,1.261
-0.186,2.517
-0.201,2.311
-0.255,-0.168
-0.474,0.91
-0.585,0.561
-0.646,1.603
-0.737,2.729
-0.673,-0.163
-0.811,-0.015
-0.843,0.106
-0.881,1.743
-0.825,2.647
-0.954,0.525
-1.492,-0.712
-1.64,-0.314
-2.525,-0.569
-2.686,-0.381
-3.02,-0.407
-3.14,-0.621
2.393,-0.502
1.855,-0.585
0.82,-0.433
0.451,-0.383
0.245,-0.695
-0.083,-0.808
-0.028,-0.657
-0.402,-0.505
-0.403,-0.424
-1.997,3.91
-2.282,4.05
-2.859,3.663
-3.101,4.063
3.01,3.887
2.878,3.821
1.768,3.949
0.878,3.941
-0.11,3.735
-0.152,4.101
-0.358,4.052
-0.366,3.844
1.188,1.629
1.057,3.14
-0.252,3.121
-0.392,0.272
-1.156,0.793
-1.192,0.804
-1.657,0.644
-1.865,2.246
-1.916,1.537
-2.117,0.813
-2.058,1.018
-2.171,1.882
-2.197,1.034
-2.247,2.26
-2.258,2.272
-2.319,3.685
-2.565,-0.105
-2.441,1.353
-2.474,2.419
-2.723,-0.113
-2.66,3.448
-2.852,0.766
-2.822,2.727
-2.807,-0.032
-2.866,1.614
-2.936,0.249
-3.087,3.242
-3.14,1.531
3.014,0.711
2.946,0.438
2.907,-0.055
2.854,2.05
2.584,3.215
2.639,2.273
2.628,1.976
2.529,2.022
2.306,-0.327
2.364,1.011
2.201,1.389
2.103,0.993
2.07,0.038
2.006,2.32
1.961,3.358
1.74,1.05
1.809,1.368
1.63,2.396
1.621,2.397
1.653,-0.344
1.632,3.384
1.497,2.298
1.45,2.672
1.397,1.657
1.408,0.935
1.346,0.817
1.311,3.604
1.189,2.637
1.146,2.251
1.226,2.237
1.066,0.007
0.976,3.264
0.992,3.16
0.759,0.831
0.829,3.543
0.777,1.009
0.671,1.848
0.732,1.134
0.635,1.149
0.645,1.873
0.502,1.131
0.579,3.406
0.453,0.256
0.333,0.647
0.219,1.859
0.193,2.33
0.209,2.08
0.17,1.223
0.27,1.61
0.159,3.283
0.155,2.176
0.01,1.799
0.067,3.61
-0.069,1.24
0.042,0.091
-0.001,1.177
-0.348,1.518
-0.733,3.303
-0.648,1.099
-0.662,0.167
-0.929,0.048
-1.616,-0.667
-2.25,-0.421
-2.1,-0.651
-2.667,-0.648
-2.681,-0.636
3.083,-0.696
-3.139,-0.48
1.648,-0.616
1.072,-0.755
0.854,-0.641
-0.435,-0.762
-1.799,3.823
3.094,3.786
2.539,3.672
2.481,3.965
0.458,3.954
0.521,3.766
-0.983,3.976
0.901,3.119
0.705,2.212
0.678,2.393
-0.345,2.556
-0.341,1.604
-0.296,2.938
-0.415,2.215
-0.549,1.981
0.064,2.154
-0.361,0.633
-0.534,0.796
-2.605,3.977
-0.442,3.418
-0.16,0.326
-0.188,1.582
-0.203,1.376
-0.257,-1.103
-0.476,-0.025
-0.587,-0.374
-0.648,0.668
-0.739,1.794
-0.675,-1.098
-0.813,-0.95
-0.845,-0.829
-0.883,0.808
-0.827,1.712
-0.956,-0.41
-1.494,-1.647
-1.642,-1.249
-2.527,-1.504
-2.688,-1.316
-3.022,-1.342
3.141,-1.556
2.391,-1.437
1.853,-1.52
0.818,-1.368
0.449,-1.318
0.243,-1.63
-0.085,-1.743
-0.03,-1.592
-0.404,-1.44
-0.405,-1.359
-1.999,2.975
-2.284,3.115
-2.861,2.728
-3.103,3.128
3.008,2.952
2.876,2.886
1.766,3.014
0.876,3.006
-0.112,2.8
-0.154,3.166
-0.36,3.117
-0.368,2.909
1.186,0.694
1.055,2.205
-0.254,2.186
-0.394,-0.663
-1.158,-0.142
-1.194,-0.131
-1.659,-0.291
-1.867,1.311
-1.918,0.602
-2.119,-0.122
-2.06,0.083
-2.173,0.947
-2.199,0.099
-2.249,1.325
-2.26,1.337
-2.321,2.75
-2.567,-1.04
-2.443,0.418
-2.476,1.484
-2.725,-1.048
-2.662,2.513
-2.854,-0.169
-2.824,1.792
-2.809,-0.967
-2.868,0.679
-2.938,-0.686
-3.089,2.307
3.141,0.596
3.012,-0.224
2.944,-0.497
2.905,-0.99
2.852,1.115
2.582,2.28
2.637,1.338
2.626,1.041
2.527,1.087
2.304,-1.262
2.362,0.076
2.199,0.454
2.101,0.058
2.068,-0.897
2.004,1.385
1.959,2.423
1.738,0.115
1.807,0.433
1.628,1.461
1.619,1.462
1.651,-1.279
1.63,2.449
1.495,1.363
1.448,1.737
1.395,0.722
1.406,0.0
1.344,-0.118
1.309,2.669
1.187,1.702
1.144,1.316
1.224,1.302
1.064,-0.928
0.974,2.329
0.99,2.225
0.757,-0.104
0.827,2.608
0.775,0.074
0.669,0.913
0.73,0.199
0.633,0.214
0.643,0.938
0.5,0.196
0.577,2.471
0.451,-0.679
0.331,-0.288
0.217,0.924
0.191,1.395
0.207,1.145
0.168,0.288
0.268,0.675
0.157,2.348
0.153,1.241
0.008,0.864
0.065,2.675
-0.071,0.305
0.04,-0.844
-0.003,0.242
-0.35,0.583
-0.735,2.368
-0.65,0.164
-0.664,-0.768
-0.931,-0.887
-1.618,-1.602
-2.252,-1.356
-2.102,-1.586
-2.669,-1.583
-2.683,-1.571
3.081,-1.631
-3.141,-1.415
1.646,-1.551
1.07,-1.69
0.852,-1.576
-0.437,-1.697
-1.801,2.888
3.092,2.851
2.537,2.737
2.479,3.03
0.456,3.019
0.519,2.831
-0.985,3.041
0.899,2.184
0.703,1.277
0.676,1.458
-0.347,1.621
-0.343,0.669
-0.298,2.003
-0.417,1.28
-0.551,1.046
0.062,1.219
-0.363,-0.302
-0.536,-0.139
-2.607,3.042
-0.444,2.483
-0.028,1.256
-0.043,1.05
-0.097,-1.429
-0.316,-0.351
-0.427,-0.7
-0.488,0.342
-0.579,1.468
-0.515,-1.424
-0.653,-1.276
-0.685,-1.155
-0.723,0.482
-0.667,1.386
-0.796,-0.736
-1.334,-1.973
-1.482,-1.575
-2.367,-1.83
-2.528,-1.642
-2.862,-1.668
-2.982,-1.882
2.551,-1.763
2.013,-1.846
0.978,-1.694
0.609,-1.644
0.403,-1.956
0.075,-2.069
0.13,-1.918
-0.244,-1.766
-0.245,-1.685
-1.839,2.649
-2.124,2.789
-2.701,2.402
-2.943,2.802
-3.115,2.626
3.036,2.56
1.926,2.688
1.036,2.68
0.048,2.474
0.006,2.84
-0.2,2.791
-0.208,2.583
1.346,0.368
1.215,1.879
-0.094,1.86
-0.234,-0.989
-0.998,-0.468
-1.034,-0.457
-1.499,-0.617
-1.707,0.985
-1.758,0.276
-1.959,-0.448
-1.9,-0.243
-2.013,0.621
-2.039,-0.227
-2.089,0.999
-2.1,1.011
-2.161,2.424
-2.407,-1.366
-2.283,0.092
-2.316,1.158
-2.565,-1.374
-2.502,2.187
-2.694,-0.495
-2.664,1.466
-2.649,-1.293
-2.708,0.353
-2.778,-1.012
-2.929,1.981
-2.982,0.27
-3.111,-0.55
3.104,-0.823
3.065,-1.316
3.012,0.789
2.742,1.954
2.797,1.012
2.786,0.715
2.687,0.761
2.464,-1.588
2.522,-0.25
2.359,0.128
2.261,-0.268
2.228,-1.223
2.164,1.059
2.119,2.097
1.898,-0.211
1.967,0.107
1.788,1.135
1.779,1.136
1.811,-1.605
1.79,2.123
1.655,1.037
1.608,1.411
1.555,0.396
1.566,-0.326
1.504,-0.444
1.469,2.343
1.347,1.376
1.304,0.99
1.384,0.976
1.224,-1.254
1.134,2.003
1.15,1.899
0.917,-0.43
0.987,2.282
0.935,-0.252
0.829,0.587
0.89,-0.127
0.793,-0.112
0.803,0.612
0.66,-0.13
0.737,2.145
0.611,-1.005
0.491,-0.614
0.377,0.598
0.351,1.069
0.367,0.819
0.328,-0.038
0.428,0.349
0.317,2.022
0.313,0.915
0.168,0.538
0.225,2.349
0.089,-0.021
0.2,-1.17
0.157,-0.084
-0.19,0.257
-0.575,2.042
-0.49,-0.162
-0.504,-1.094
-0.771,-1.213
-1.458,-1.928
-2.092,-1.682
-1.942,-1.912
-2.509,-1.909
-2.523,-1.897
-3.042,-1.957
-2.981,-1.741
1.806,-1.877
1.23,-2.016
1.012,-1.902
-0.277,-2.023
-1.641,2.562
-3.031,2.525
2.697,2.411
2.639,2.704
0.616,2.693
0.679,2.505
-0.825,2.715
1.059,1.858
0.863,0.951
0.836,1.132
-0.187,1.295
-0.183,0.343
-0.138,1.677
-0.257,0.954
-0.391,0.72
0.222,0.893
-0.203,-0.628
-0.376,-0.465
-2.447,2.716
-0.284,2.157
-0.015,-0.206
-0.069,-2.685
-0.288,-1.607
-0.399,-1.956
-0.46,-0.914
-0.551,0.212
-0.487,-2.68
-0.625,-2.532
-0.657,-2.411
-0.695,-0.774
-0.639,0.13
-0.768,-1.992
-1.306,-3.229
-1.454,-2.831
-2.339,-3.086
-2.5,-2.898
-2.834,-2.924
-2.954,-3.138
2.579,-3.019
2.041,-3.102
1.006,-2.95
0.637,-2.9
0.431,-3.212
0.103,-3.325
0.158,-3.174
-0.216,-3.022
-0.217,-2.941
-1.811,1.393
-2.096,1.533
-2.673,1.146
-2.915,1.546
-3.087,1.37
3.064,1.304
1.954,1.432
1.064,1.424
0.076,1.218
0.034,1.584
-0.172,1.535
-0.18,1.327
1.374,-0.888
1.243,0.623
-0.066,0.604
-0.206,-2.245
-0.97,-1.724
-1.006,-1.713
-1.471,-1.873
-1.679,-0.271
-1.73,-0.98
-1.931,-1.704
-1.872,-1.499
-1.985,-0.635
-2.011,-1.483
-2.061,-0.257
-2.072,-0.245
-2.133,1.168
-2.379,-2.622
-2.255,-1.164
-2.288,-0.098
-2.537,-2.63
-2.474,0.931
-2.666,-1.751
-2.636,0.21
-2.621,-2.549
-2.68,-0.903
-2.75,-2.268
-2.901,0.725
-2.954,-0.986
-3.083,-1.806
3.132,-2.079
3.093,-2.572
3.04,-0.467
2.77,0.698
2.825,-0.244
2.814,-0.541
2.715,-0.495
2.492,-2.844
2.55,-1.506
2.387,-1.128
2.289,-1.524
2.256,-2.479
2.192,-0.197
2.147,0.841
1.926,-1.467
1.995,-1.149
1.816,-0.121
1.807,-0.12
1.839,-2.861
1.818,0.867
1.683,-0.219
1.636,0.155
1.583,-0.86
1.594,-1.582
1.532,-1.7
1.497,1.087
1.375,0.12
1.332,-0.266
1.412,-0.28
1.252,-2.51
1.162,0.747
1.178,0.643
0.945,-1.686
1.015,1.026
0.963,-1.508
0.857,-0.669
0.918,-1.383
0.821,-1.368
0.831,-0.644
0.688,-1.386
0.765,0.889
0.639,-2.261
0.519,-1.87
0.405,-0.658
0.379,-0.187
0.395,-0.437
0.356,-1.294
0.456,-0.907
0.345,0.766
0.341,-0.341
0.196,-0.718
0.253,1.093
0.117,-1.277
0.228,-2.426
0.185,-1.34
-0.162,-0.999
-0.547,0.786
-0.462,-1.418
-0.476,-2.35
-0.743,-2.469
-1.43,-3.184
-2.064,-2.938
-1.914,-3.168
-2.481,-3.165
-2.495,-3.153
-3.014,-3.213
-2.953,-2.997
1.834,-3.133
1.258,-3.272
1.04,-3.158
-0.249,-3.279
-1.613,1.306
-3.003,1.269
2.725,1.155
2.667,1.448
0.644,1.437
0.707,1.249
-0.797,1.459
1.087,0.602
0.891,-0.305
0.864,-0.124
-0.159,0.039
-0.155,-0.913
-0.11,0.421
-0.229,-0.302
-0.363,-0.536
0.25,-0.363
-0.175,-1.884
-0.348,-1.721
-2.419,1.46
-0.256,0.901
-0.054,-2.479
-0.273,-1.401
-0.384,-1.75
-0.445,-0.708
-0.536,0.418
-0.472,-2.474
-0.61,-2.326
-0.642,-2.205
-0.68,-0.568
-0.624,0.336
-0.753,-1.786
-1.291,-3.023
-1.439,-2.625
-2.324,-2.88
-2.485,-2.692
-2.819,-2.718
-2.939,-2.932
2.594,-2.813
2.056,-2.896
1.021,-2.744
0.652,-2.694
0.446,-3.006
0.118,-3.119
0.173,-2.968
-0.201,-2.816
-0.202,-2.735
-1.796,1.599
-2.081,1.739
-2.658,1.352
-2.9,1.752
-3.072,1.576
3.079,1.51
1.969,1.638
1.079,1.63
0.091,1.424
0.049,1.79
-0.157,1.741
-0.165,1.533
1.389,-0.682
1.258,0.829
-0.051,0.81
-0.191,-2.039
-0.955,-1.518
-0.991,-1.507
-1.456,-1.667
-1.664,-0.065
-1.715,-0.774
-1.916,-1.498
-1.857,-1.293
-1.97,-0.429
-1.996,-1.277
-2.046,-0.051
-2.057,-0.039
-2.118,1.374
-2.364,-2.416
-2.24,-0.958
-2.273,0.108
-2.522,-2.424
-2.459,1.137
-2.651,-1.545
-2.621,0.416
-2.606,-2.343
-2.665,-0.697
-2.735,-2.062
-2.886,0.931
-2.939,-0.78
-3.068,-1.6
-3.136,-1.873
3.108,-2.366
3.055,-0.261
2.785,0.904
2.84,-0.038
2.829,-0.335
2.73,-0.289
2.507,-2.638
2.565,-1.3
2.402,-0.922
2.304,-1.318
2.271,-2.273
2.207,0.009
2.162,1.047
1.941,-1.261
2.01,-0.943
1.831,0.085
1.822,0.086
1.854,-2.655
1.833,1.073
1.698,-0.013
1.651,0.361
1.598,-0.654
1.609,-1.376
1.547,-1.494
1.512,1.293
1.39,0.326
1.347,-0.06
1.427,-0.074
1.267,-2.304
1.177,0.953
1.193,0.849
0.96,-1.48
1.03,1.232
0.978,-1.302
0.872,-0.463
0.933,-1.177
0.836,-1.162
0.846,-0.438
0.703,-1.18
0.78,1.095
0.654,-2.055
0.534,-1.664
0.42,-0.452
0.394,0.019
0.41,-0.231
0.371,-1.088
0.471,-0.701
0.36,0.972
0.356,-0.135
0.211,-0.512
0.268,1.299
0.132,-1.071
0.243,-2.22
0.2,-1.134
-0.147,-0.793
-0.532,0.992
-0.447,-1.212
-0.461,-2.144
-0.728,-2.263
-1.415,-2.978
-2.049,-2.732
-1.899,-2.962
-2.466,-2.959
-2.48,-2.947
-2.999,-3.007
-2.938,-2.791
1.849,-2.927
1.273,-3.066
1.055,-2.952
-0.234,-3.073
-1.598,1.512
-2.988,1.475
2.74,1.361
2.682,1.654
0.659,1.643
0.722,1.455
-0.782,1.665
1.102,0.808
0.906,-0.099
0.879,0.082
-0.144,0.245
-0.14,-0.707
-0.095,0.627
-0.214,-0.096
-0.348,-0.33
0.265,-0.157
-0.16,-1.678
-0.333,-1.515
-2.404,1.666
-0.241,1.107
-0.219,1.078
-0.33,0.729
-0.391,1.771
-0.482,2.897
-0.418,0.005
-0.556,0.153
-0.588,0.274
-0.626,1.911
-0.57,2.815
-0.699,0.693
-1.237,-0.544
-1.385,-0.146
-2.27,-0.401
-2.431,-0.213
-2.765,-0.239
-2.885,-0.453
2.648,-0.334
2.11,-0.417
1.075,-0.265
0.706,-0.215
0.5,-0.527
0.172,-0.64
0.227,-0.489
-0.147,-0.337
-0.148,-0.256
-1.742,4.078
-2.027,4.218
-2.604,3.831
-2.846,4.231
-3.018,4.055
3.133,3.989
2.023,4.117
1.133,4.109
0.145,3.903
0.103,4.269
-0.103,4.22
-0.111,4.012
1.443,1.797
1.312,3.308
0.003,3.289
-0.137,0.44
-0.901,0.961
-0.937,0.972
-1.402,0.812
-1.61,2.414
-1.661,1.705
-1.862,0.981
-1.803,1.186
-1.916,2.05
-1.942,1.202
-1.992,2.428
-2.003,2.44
-2.064,3.853
-2.31,0.063
-2.186,1.521
-2.219,2.587
-2.468,0.055
-2.405,3.616
-2.597,0.934
-2.567,2.895
-2.552,0.136
-2.611,1.782
-2.681,0.417
-2.832,3.41
-2.885,1.699
-3.014,0.879
-3.082,0.606
-3.121,0.113
3.109,2.218
2.839,3.383
2.894,2.441
2.883,2.144
2.784,2.19
2.561,-0.159
2.619,1.179
2.456,1.557
2.358,1.161
2.325,0.206
2.261,2.488
2.216,3.526
1.995,1.218
2.064,1.536
1.885,2.564
1.876,2.565
1.908,-0.176
1.887,3.552
1.752,2.466
1.705,2.84
1.652,1.825
1.663,1.103
1.601,0.985
1.566,3.772
1.444,2.805
1.401,2.419
1.481,2.405
1.321,0.175
1.231,3.432
1.247,3.328
1.014,0.999
1.084,3.711
1.032,1.177
0.926,2.016
0.987,1.302
0.89,1.317
0.9,2.041
0.757,1.299
0.834,3.574
0.708,0.424
0.588,0.815
0.474,2.027
0.448,2.498
0.464,2.248
0.425,1.391
0.525,1.778
0.414,3.451
0.41,2.344
0.265,1.967
0.322,3.778
0.186,1.408
0.297,0.259
0.254,1.345
-0.093,1.686
-0.478,3.471
-0.393,1.267
-0.407,0.335
-0.674,0.216
-1.361,-0.499
-1.995,-0.253
-1.845,-0.483
-2.412,-0.48
-2.426,-0.468
-2.945,-0.528
-2.884,-0.312
1.903,-0.448
1.327,-0.587
1.109,-0.473
-0.18,-0.594
-1.544,3.991
-2.934,3.954
2.794,3.84
2.736,4.133
0.713,4.122
0.776,3.934
-0.728,4.144
1.156,3.287
0.96,2.38
0.933,2.561
-0.09,2.724
-0.086,1.772
-0.041,3.106
-0.16,2.383
-0.294,2.149
0.319,2.322
-0.106,0.801
-0.279,0.964
-2.35,4.145
-0.187,3.586
-0.111,-0.349
-0.172,0.693
-0.263,1.819
-0.199,-1.073
-0.337,-0.925
-0.369,-0.804
-0.407,0.833
-0.351,1.737
-0.48,-0.385
-1.018,-1.622
-1.166,-1.224
-2.051,-1.479
-2.212,-1.291
-2.546,-1.317
-2.666,-1.531
2.867,-1.412
2.329,-1.495
1.294,-1.343
0.925,-1.293
0.719,-1.605
0.391,-1.718
0.446,-1.567
0.072,-1.415
0.071,-1.334
-1.523,3.0
-1.808,3.14
-2.385,2.753
-2.627,3.153
-2.799,2.977
-2.931,2.911
2.242,3.039
1.352,3.031
0.364,2.825
0.322,3.191
0.116,3.142
0.108,2.934
1.662,0.719
1.531,2.23
0.222,2.211
0.082,-0.638
-0.682,-0.117
-0.718,-0.106
-1.183,-0.266
-1.391,1.336
-1.442,0.627
-1.643,-0.097
-1.584,0.108
-1.697,0.972
-1.723,0.124
-1.773,1.35
-1.784,1.362
-1.845,2.775
-2.091,-1.015
-1.967,0.443
-2.0,1.509
-2.249,-1.023
-2.186,2.538
-2.378,-0.144
-2.348,1.817
-2.333,-0.942
-2.392,0.704
-2.462,-0.661
-2.613,2.332
-2.666,0.621
-2.795,-0.199
-2.863,-0.472
-2.902,-0.965
-2.955,1.14
3.058,2.305
3.113,1.363
3.102,1.066
3.003,1.112
2.78,-1.237
2.838,0.101
2.675,0.479
2.577,0.083
2.544,-0.872
2.48,1.41
2.435,2.448
2.214,0.14
2.283,0.458
2.104,1.486
2.095,1.487
2.127,-1.254
2.106,2.474
1.971,1.388
1.924,1.762
1.871,0.747
1.882,0.025
1.82,-0.093
1.785,2.694
1.663,1.727
1.62,1.341
1.7,1.327
1.54,-0.903
1.45,2.354
1.466,2.25
1.233,-0.079
1.303,2.633
1.251,0.099
1.145,0.938
1.206,0.224
1.109,0.239
1.119,0.963
0.976,0.221
1.053,2.496
0.927,-0.654
0.807,-0.263
0.693,0.949
0.667,1.42
0.683,1.17
0.644,0.313
0.744,0.7
0.633,2.373
0.629,1.266
0.484,0.889
0.541,2.7
0.405,0.33
0.516,-0.819
0.473,0.267
0.126,0.608
-0.259,2.393
-0.174,0.189
-0.188,-0.743
-0.455,-0.862
-1.142,-1.577
-1.776,-1.331
-1.626,-1.561
-2.193,-1.558
-2.207,-1.546
-2.726,-1.606
-2.665,-1.39
2.122,-1.526
1.546,-1.665
1.328,-1.551
0.039,-1.672
-1.325,2.913
-2.715,2.876
3.013,2.762
2.955,3.055
0.932,3.044
0.995,2.856
-0.509,3.066
1.375,2.209
1.179,1.302
1.152,1.483
0.129,1.646
0.133,0.694
0.178,2.028
0.059,1.305
-0.075,1.071
0.538,1.244
0.113,-0.277
-0.06,-0.114
-2.131,3.067
0.032,2.508
-0.061,1.042
-0.152,2.168
-0.088,-0.724
-0.226,-0.576
-0.258,-0.455
-0.296,1.182
-0.24,2.086
-0.369,-0.036
-0.907,-1.273
-1.055,-0.875
-1.94,-1.13
-2.101,-0.942
-2.435,-0.968
-2.555,-1.182
2.978,-1.063
2.44,-1.146
1.405,-0.994
1.036,-0.944
0.83,-1.256
0.502,-1.369
0.557,-1.218
0.183,-1.066
0.182,-0.985
-1.412,3.349
-1.697,3.489
-2.274,3.102
-2.516,3.502
-2.688,3.326
-2.82,3.26
2.353,3.388
1.463,3.38
0.475,3.174
0.433,3.54
0.227,3.491
0.219,3.283
1.773,1.068
1.642,2.579
0.333,2.56
0.193,-0.289
-0.571,0.232
-0.607,0.243
-1.072,0.083
-1.28,1.685
-1.331,0.976
-1.532,0.252
-1.473,0.457
-1.586,1.321
-1.612,0.473
-1.662,1.699
-1.673,1.711
-1.734,3.124
-1.98,-0.666
-1.856,0.792
-1.889,1.858
-2.138,-0.674
-2.075,2.887
-2.267,0.205
-2.237,2.166
-2.222,-0.593
-2.281,1.053
-2.351,-0.312
-2.502,2.681
-2.555,0.97
-2.684,0.15
-2.752,-0.123
-2.791,-0.616
-2.844,1.489
-3.114,2.654
-3.059,1.712
-3.07,1.415
3.114,1.461
2.891,-0.888
2.949,0.45
2.786,0.828
2.688,0.432
2.655,-0.523
2.591,1.759
2.546,2.797
2.325,0.489
2.394,0.807
2.215,1.835
2.206,1.836
2.238,-0.905
2.217,2.823
2.082,1.737
2.035,2.111
1.982,1.096
1.993,0.374
1.931,0.256
1.896,3.043
1.774,2.076
1.731,1.69
1.811,1.676
1.651,-0.554
1.561,2.703
1.577,2.599
1.344,0.27
1.414,2.982
1.362,0.448
1.256,1.287
1.317,0.573
1.22,0.588
1.23,1.312
1.087,0.57
1.164,2.845
1.038,-0.305
0.918,0.086
0.804,1.298
0.778,1.769
0.794,1.519
0.755,0.662
0.855,1.049
0.744,2.722
0.74,1.615
0.595,1.238
0.652,3.049
0.516,0.679
0.627,-0.47
0.584,0.616
0.237,0.957
-0.148,2.742
-0.063,0.538
-0.077,-0.394
-0.344,-0.513
-1.031,-1.228
-1.665,-0.982
-1.515,-1.212
-2.082,-1.209
-2.096,-1.197
-2.615,-1.257
-2.554,-1.041
2.233,-1.177
1.657,-1.316
1.439,-1.202
0.15,-1.323
-1.214,3.262
-2.604,3.225
3.124,3.111
3.066,3.404
1.043,3.393
1.106,3.205
-0.398,3.415
1.486,2.558
1.29,1.651
1.263,1.832
0.24,1.995
0.244,1.043
0.289,2.377
0.17,1.654
0.036,1.42
0.649,1.593
0.224,0.072
0.051,0.235
-2.02,3.416
0.143,2.857
-0.091,1.126
-0.027,-1.766
-0.165,-1.618
-0.197,-1.497
-0.235,0.14
-0.179,1.044
-0.308,-1.078
-0.846,-2.315
-0.994,-1.917
-1.879,-2.172
-2.04,-1.984
-2.374,-2.01
-2.494,-2.224
3.039,-2.105
2.501,-2.188
1.466,-2.036
1.097,-1.986
0.891,-2.298
0.563,-2.411
0.618,-2.26
0.244,-2.108
0.243,-2.027
-1.351,2.307
-1.636,2.447
-2.213,2.06
-2.455,2.46
-2.627,2.284
-2.759,2.218
2.414,2.346
1.524,2.338
0.536,2.132
0.494,2.498
0.288,2.449
0.28,2.241
1.834,0.026
1.703,1.537
0.394,1.518
0.254,-1.331
-0.51,-0.81
-0.546,-0.799
-1.011,-0.959
-1.219,0.643
-1.27,-0.066
-1.471,-0.79
-1.412,-0.585
-1.525,0.279
-1.551,-0.569
-1.601,0.657
-1.612,0.669
-1.673,2.082
-1.919,-1.708
-1.795,-0.25
-1.828,0.816
-2.077,-1.716
-2.014,1.845
-2.206,-0.837
-2.176,1.124
-2.161,-1.635
-2.22,0.011
-2.29,-1.354
-2.441,1.639
-2.494,-0.072
-2.623,-0.892
-2.691,-1.165
-2.73,-1.658
-2.783,0.447
-3.053,1.612
-2.998,0.67
-3.009,0.373
-3.108,0.419
2.952,-1.93
3.01,-0.592
2.847,-0.214
2.749,-0.61
2.716,-1.565
2.652,0.717
2.607,1.755
2.386,-0.553
2.455,-0.235
2.276,0.793
2.267,0.794
2.299,-1.947
2.278,1.781
2.143,0.695
2.096,1.069
2.043,0.054
2.054,-0.668
1.992,-0.786
1.957,2.001
1.835,1.034
1.792,0.648
1.872,0.634
1.712,-1.596
1.622,1.661
1.638,1.557
1.405,-0.772
1.475,1.94
1.423,-0.594
1.317,0.245
1.378,-0.469
1.281,-0.454
1.291,0.27
1.148,-0.472
1.225,1.803
1.099,-1.347
0.979,-0.956
0.865,0.256
0.839,0.727
0.855,0.477
0.816,-0.38
0.916,0.007
0.805,1.68
0.801,0.573
0.656,0.196
0.713,2.007
0.577,-0.363
0.688,-1.512
0.645,-0.426
0.298,-0.085
-0.087,1.7
-0.002,-0.504
-0.016,-1.436
-0.283,-1.555
-0.97,-2.27
-1.604,-2.024
-1.454,-2.254
-2.021,-2.251
-2.035,-2.239
-2.554,-2.299
-2.493,-2.083
2.294,-2.219
1.718,-2.358
1.5,-2.244
0.211,-2.365
-1.153,2.22
-2.543,2.183
-3.098,2.069
3.127,2.362
1.104,2.351
1.167,2.163
-0.337,2.373
1.547,1.516
1.351,0.609
1.324,0.79
0.301,0.953
0.305,0.001
0.35,1.335
0.231,0.612
0.097,0.378
0.71,0.551
0.285,-0.97
0.112,-0.807
-1.959,2.374
0.204,1.815
0.064,-2.892
-0.074,-2.744
-0.106,-2.623
-0.144,-0.986
-0.088,-0.082
-0.217,-2.204
-0.755,-3.441
-0.903,-3.043
-1.788,-3.298
-1.949,-3.11
-2.283,-3.136
-2.403,-3.35
3.13,-3.231
2.592,-3.314
1.557,-3.162
1.188,-3.112
0.982,-3.424
0.654,-3.537
0.709,-3.386
0.335,-3.234
0.334,-3.153
-1.26,1.181
-1.545,1.321
-2.122,0.934
-2.364,1.334
-2.536,1.158
-2.668,1.092
2.505,1.22
1.615,1.212
0.627,1.006
0.585,1.372
0.379,1.323
0.371,1.115
1.925,-1.1
1.794,0.411
0.485,0.392
0.345,-2.457
-0.419,-1.936
-0.455,-1.925
-0.92,-2.085
-1.128,-0.483
-1.179,-1.192
-1.38,-1.916
-1.321,-1.711
-1.434,-0.847
-1.46,-1.695
-1.51,-0.469
-1.521,-0.457
-1.582,0.956
-1.828,-2.834
-1.704,-1.376
-1.737,-0.31
-1.986,-2.842
-1.923,0.719
-2.115,-1.963
-2.085,-0.002
-2.07,-2.761
-2.129,-1.115
-2.199,-2.48
-2.35,0.513
-2.403,-1.198
-2.532,-2.018
-2.6,-2.291
-2.639,-2.784
-2.692,-0.679
-2.962,0.486
-2.907,-0.456
-2.918,-0.753
-3.017,-0.707
3.043,-3.056
3.101,-1.718
2.938,-1.34
2.84,-1.736
2.807,-2.691
2.743,-0.409
2.698,0.629
2.477,-1.679
2.546,-1.361
2.367,-0.333
2.358,-0.332
2.39,-3.073
2.369,0.655
2.234,-0.431
2.187,-0.057
2.134,-1.072
2.145,-1.794
2.083,-1.912
2.048,0.875
1.926,-0.092
1.883,-0.478
1.963,-0.492
1.803,-2.722
1.713,0.535
1.729,0.431
1.496,-1.898
1.566,0.814
1.514,-1.72
1.408,-0.881
1.469,-1.595
1.372,-1.58
1.382,-0.856
1.239,-1.598
1.316,0.677
1.19,-2.473
1.07,-2.082
0.956,-0.87
0.93,-0.399
0.946,-0.649
0.907,-1.506
1.007,-1.119
0.896,0.554
0.892,-0.553
0.747,-0.93
0.804,0.881
0.668,-1.489
0.779,-2.638
0.736,-1.552
0.389,-1.211
0.004,0.574
0.089,-1.63
0.075,-2.562
-0.192,-2.681
-0.879,-3.396
-1.513,-3.15
-1.363,-3.38
-1.93,-3.377
-1.944,-3.365
-2.463,-3.425
-2.402,-3.209
2.385,-3.345
1.809,-3.484
1.591,-3.37
0.302,-3.491
-1.062,1.094
-2.452,1.057
-3.007,0.943
-3.065,1.236
1.195,1.225
1.258,1.037
-0.246,1.247
1.638,0.39
1.442,-0.517
1.415,-0.336
0.392,-0.173
0.396,-1.125
0.441,0.209
0.322,-0.514
0.188,-0.748
0.801,-0.575
0.376,-2.096
0.203,-1.933
-1.868,1.248
0.295,0.689
-0.138,0.148
-0.17,0.269
-0.208,1.906
-0.152,2.81
-0.281,0.688
-0.819,-0.549
-0.967,-0.151
-1.852,-0.406
-2.013,-0.218
-2.347,-0.244
-2.467,-0.458
3.066,-0.339
2.528,-0.422
1.493,-0.27
1.124,-0.22
0.918,-0.532
0.59,-0.645
0.645,-0.494
0.271,-0.342
0.27,-0.261
-1.324,4.073
-1.609,4.213
-2.186,3.826
-2.428,4.226
-2.6,4.05
-2.732,3.984
2.441,4.112
1.551,4.104
0.563,3.898
0.521,4.264
0.315,4.215
0.307,4.007
1.861,1.792
1.73,3.303
0.421,3.284
0.281,0.435
-0.483,0.956
-0.519,0.967
-0.984,0.807
-1.192,2.409
-1.243,1.7
-1.444,0.976
-1.385,1.181
-1.498,2.045
-1.524,1.197
-1.574,2.423
-1.585,2.435
-1.646,3.848
-1.892,0.058
-1.768,1.516
-1.801,2.582
-2.05,0.05
-1.987,3.611
-2.179,0.929
-2.149,2.89
-2.134,0.131
-2.193,1.777
-2.263,0.412
-2.414,3.405
-2.467,1.694
-2.596,0.874
-2.664,0.601
-2.703,0.108
-2.756,2.213
-3.026,3.378
-2.971,2.436
-2.982,2.139
-3.081,2.185
2.979,-0.164
3.037,1.174
2.874,1.552
2.776,1.156
2.743,0.201
2.679,2.483
2.634,3.521
2.413,1.213
2.482,1.531
2.303,2.559
2.294,2.56
2.326,-0.181
2.305,3.547
2.17,2.461
2.123,2.835
2.07,1.82
2.081,1.098
2.019,0.98
1.984,3.767
1.862,2.8
1.819,2.414
1.899,2.4
1.739,0.17
1.649,3.427
1.665,3.323
1.432,0.994
1.502,3.706
1.45,1.172
1.344,2.011
1.405,1.297
1.308,1.312
1.318,2.036
1.175,1.294
1.252,3.569
1.126,0.419
1.006,0.81
0.892,2.022
0.866,2.493
0.882,2.243
0.843,1.386
0.943,1.773
0.832,3.446
0.828,2.339
0.683,1.962
0.74,3.773
0.604,1.403
0.715,0.254
0.672,1.34
0.325,1.681
-0.06,3.466
0.025,1.262
0.011,0.33
-0.256,0.211
-0.943,-0.504
-1.577,-0.258
-1.427,-0.488
-1.994,-0.485
-2.008,-0.473
-2.527,-0.533
-2.466,-0.317
2.321,-0.453
1.745,-0.592
1.527,-0.478
0.238,-0.599
-1.126,3.986
-2.516,3.949
-3.071,3.835
-3.129,4.128
1.131,4.117
1.194,3.929
-0.31,4.139
1.574,3.282
1.378,2.375
1.351,2.556
0.328,2.719
0.332,1.767
0.377,3.101
0.258,2.378
0.124,2.144
0.737,2.317
0.312,0.796
0.139,0.959
-1.932,4.14
0.231,3.581
-0.032,0.121
-0.07,1.758
-0.014,2.662
-0.143,0.54
-0.681,-0.697
-0.829,-0.299
-1.714,-0.554
-1.875,-0.366
-2.209,-0.392
-2.329,-0.606
-3.079,-0.487
2.666,-0.57
1.631,-0.418
1.262,-0.368
1.056,-0.68
0.728,-0.793
0.783,-0.642
0.409,-0.49
0.408,-0.409
-1.186,3.925
-1.471,4.065
-2.048,3.678
-2.29,4.078
-2.462,3.902
-2.594,3.836
2.579,3.964
1.689,3.956
0.701,3.75
0.659,4.116
0.453,4.067
0.445,3.859
1.999,1.644
1.868,3.155
0.559,3.136
0.419,0.287
-0.345,0.808
-0.381,0.819
-0.846,0.659
-1.054,2.261
-1.105,1.552
-1.306,0.828
-1.247,1.033
-1.36,1.897
-1.386,1.049
-1.436,2.275
-1.447,2.287
-1.508,3.7
-1.754,-0.09
-1.63,1.368
-1.663,2.434
-1.912,-0.098
-1.849,3.463
-2.041,0.781
-2.011,2.742
-1.996,-0.017
-2.055,1.629
-2.125,0.264
-2.276,3.257
-2.329,1.546
-2.458,0.726
-2.526,0.453
-2.565,-0.04
-2.618,2.065
-2.888,3.23
-2.833,2.288
-2.844,1.991
-2.943,2.037
3.117,-0.312
-3.108,1.026
3.012,1.404
2.914,1.008
2.881,0.053
2.817,2.335
2.772,3.373
2.551,1.065
2.62,1.383
2.441,2.411
2.432,2.412
2.464,-0.329
2.443,3.399
2.308,2.313
2.261,2.687
2.208,1.672
2.219,0.95
2.157,0.832
2.122,3.619
2.0,2.652
1.957,2.266
2.037,2.252
1.877,0.022
1.787,3.279
1.803,3.175
1.57,0.846
1.64,3.558
1.588,1.024
1.482,1.863
1.543,1.149
1.446,1.164
1.456,1.888
1.313,1.146
1.39,3.421
1.264,0.271
1.144,0.662
1.03,1.874
1.004,2.345
1.02,2.095
0.981,1.238
1.081,1.625
0.97,3.298
0.966,2.191
0.821,1.814
0.878,3.625
0.742,1.255
0.853,0.106
0.81,1.192
0.463,1.533
0.078,3.318
0.163,1.114
0.149,0.182
-0.118,0.063
-0.805,-0.652
-1.439,-0.406
-1.289,-0.636
-1.856,-0.633
-1.87,-0.621
-2.389,-0.681
-2.328,-0.465
2.459,-0.601
1.883,-0.74
1.665,-0.626
0.376,-0.747
-0.988,3.838
-2.378,3.801
-2.933,3.687
-2.991,3.98
1.269,3.969
1.332,3.781
-0.172,3.991
1.712,3.134
1.516,2.227
1.489,2.408
0.466,2.571
0.47,1.619
0.515,2.953
0.396,2.23
0.262,1.996
0.875,2.169
0.45,0.648
0.277,0.811
-1.794,3.992
0.369,3.433
-0.038,1.637
0.018,2.541
-0.111,0.419
-0.649,-0.818
-0.797,-0.42
-1.682,-0.675
-1.843,-0.487
-2.177,-0.513
-2.297,-0.727
-3.047,-0.608
2.698,-0.691
1.663,-0.539
1.294,-0.489
1.088,-0.801
0.76,-0.914
0.815,-0.763
0.441,-0.611
0.44,-0.53
-1.154,3.804
-1.439,3.944
-2.016,3.557
-2.258,3.957
-2.43,3.781
-2.562,3.715
2.611,3.843
1.721,3.835
0.733,3.629
0.691,3.995
0.485,3.946
0.477,3.738
2.031,1.523
1.9,3.034
0.591,3.015
0.451,0.166
-0.313,0.687
-0.349,0.698
-0.814,0.538
-1.022,2.14
-1.073,1.431
-1.274,0.707
-1.215,0.912
-1.328,1.776
-1.354,0.928
-1.404,2.154
-1.415,2.166
-1.476,3.579
-1.722,-0.211
-1.598,1.247
-1.631,2.313
-1.88,-0.219
-1.817,3.342
-2.009,0.66
-1.979,2.621
-1.964,-0.138
-2.023,1.508
-2.093,0.143
-2.244,3.136
-2.297,1.425
-2.426,0.605
-2.494,0.332
-2.533,-0.161
-2.586,1.944
-2.856,3.109
-2.801,2.167
-2.812,1.87
-2.911,1.916
-3.134,-0.433
-3.076,0.905
3.044,1.283
2.946,0.887
2.913,-0.068
2.849,2.214
2.804,3.252
2.583,0.944
2.652,1.262
2.473,2.29
2.464,2.291
2.496,-0.45
2.475,3.278
2.34,2.192
2.293,2.566
2.24,1.551
2.251,0.829
2.189,0.711
2.154,3.498
2.032,2.531
1.989,2.145
2.069,2.131
1.909,-0.099
1.819,3.158
1.835,3.054
1.602,0.725
1.672,3.437
1.62,0.903
1.514,1.742
1.575,1.028
1.478,1.043
1.488,1.767
1.345,1.025
1.422,3.3
1.296,0.15
1.176,0.541
1.062,1.753
1.036,2.224
1.052,1.974
1.013,1.117
1.113,1.504
1.002,3.177
0.998,2.07
0.853,1.693
0.91,3.504
0.774,1.134
0.885,-0.015
0.842,1.071
0.495,1.412
0.11,3.197
0.195,0.993
0.181,0.061
-0.086,-0.058
-0.773,-0.773
-1.407,-0.527
-1.257,-0.757
-1.824,-0.754
-1.838,-0.742
-2.357,-0.802
-2.296,-0.586
2.491,-0.722
1.915,-0.861
1.697,-0.747
0.408,-0.868
-0.956,3.717
-2.346,3.68
-2.901,3.566
-2.959,3.859
1.301,3.848
1.364,3.66
-0.14,3.87
1.744,3.013
1.548,2.106
1.521,2.287
0.498,2.45
0.502,1.498
0.547,2.832
0.428,2.109
0.294,1.875
0.907,2.048
0.482,0.527
0.309,0.69
-1.762,3.871
0.401,3.312
0.056,0.904
-0.073,-1.218
-0.611,-2.455
-0.759,-2.057
-1.644,-2.312
-1.805,-2.124
-2.139,-2.15
-2.259,-2.364
-3.009,-2.245
2.736,-2.328
1.701,-2.176
1.332,-2.126
1.126,-2.438
0.798,-2.551
0.853,-2.4
0.479,-2.248
0.478,-2.167
-1.116,2.167
-1.401,2.307
-1.978,1.92
-2.22,2.32
-2.392,2.144
-2.524,2.078
2.649,2.206
1.759,2.198
0.771,1.992
0.729,2.358
0.523,2.309
0.515,2.101
2.069,-0.114
1.938,1.397
0.629,1.378
0.489,-1.471
-0.275,-0.95
-0.311,-0.939
-0.776,-1.099
-0.984,0.503
-1.035,-0.206
-1.236,-0.93
-1.177,-0.725
-1.29,0.139
-1.316,-0.709
-1.366,0.517
-1.377,0.529
-1.438,1.942
-1.684,-1.848
-1.56,-0.39
-1.593,0.676
-1.842,-1.856
-1.779,1.705
-1.971,-0.977
-1.941,0.984
-1.926,-1.775
-1.985,-0.129
-2.055,-1.494
-2.206,1.499
-2.259,-0.212
-2.388,-1.032
-2.456,-1.305
-2.495,-1.798
-2.548,0.307
-2.818,1.472
-2.763,0.53
-2.774,0.233
-2.873,0.279
-3.096,-2.07
-3.038,-0.732
3.082,-0.354
2.984,-0.75
2.951,-1.705
2.887,0.577
2.842,1.615
2.621,-0.693
2.69,-0.375
2.511,0.653
2.502,0.654
2.534,-2.087
2.513,1.641
2.378,0.555
2.331,0.929
2.278,-0.086
2.289,-0.808
2.227,-0.926
2.192,1.861
2.07,0.894
2.027,0.508
2.107,0.494
1.947,-1.736
1.857,1.521
1.873,1.417
1.64,-0.912
1.71,1.8
1.658,-0.734
1.552,0.105
1.613,-0.609
1.516,-0.594
1.526,0.13
1.383,-0.612
1.46,1.663
1.334,-1.487
1.214,-1.096
1.1,0.116
1.074,0.587
1.09,0.337
1.051,-0.52
1.151,-0.133
1.04,1.54
1.036,0.433
0.891,0.056
0.948,1.867
0.812,-0.503
0.923,-1.652
0.88,-0.566
0.533,-0.225
0.148,1.56
0.233,-0.644
0.219,-1.576
-0.048,-1.695
-0.735,-2.41
-1.369,-2.164
-1.219,-2.394
-1.786,-2.391
-1.8,-2.379
-2.319,-2.439
-2.258,-2.223
2.529,-2.359
1.953,-2.498
1.735,-2.384
0.446,-2.505
-0.918,2.08
-2.308,2.043
-2.863,1.929
-2.921,2.222
1.339,2.211
1.402,2.023
-0.102,2.233
1.782,1.376
1.586,0.469
1.559,0.65
0.536,0.813
0.54,-0.139
0.585,1.195
0.466,0.472
0.332,0.238
0.945,0.411
0.52,-1.11
0.347,-0.947
-1.724,2.234
0.439,1.675
-0.129,-2.122
-0.667,-3.359
-0.815,-2.961
-1.7,-3.216
-1.861,-3.028
-2.195,-3.054
-2.315,-3.268
-3.065,-3.149
2.68,-3.232
1.645,-3.08
1.276,-3.03
1.07,-3.342
0.742,-3.455
0.797,-3.304
0.423,-3.152
0.422,-3.071
-1.172,1.263
-1.457,1.403
-2.034,1.016
-2.276,1.416
-2.448,1.24
-2.58,1.174
2.593,1.302
1.703,1.294
0.715,1.088
0.673,1.454
0.467,1.405
0.459,1.197
2.013,-1.018
1.882,0.493
0.573,0.474
0.433,-2.375
-0.331,-1.854
-0.367,-1.843
-0.832,-2.003
-1.04,-0.401
-1.091,-1.11
-1.292,-1.834
-1.233,-1.629
-1.346,-0.765
-1.372,-1.613
-1.422,-0.387
-1.433,-0.375
-1.494,1.038
-1.74,-2.752
-1.616,-1.294
-1.649,-0.228
-1.898,-2.76
-1.835,0.801
-2.027,-1.881
-1.997,0.08
-1.982,-2.679
-2.041,-1.033
-2.111,-2.398
-2.262,0.595
-2.315,-1.116
-2.444,-1.936
-2.512,-2.209
-2.551,-2.702
-2.604,-0.597
-2.874,0.568
-2.819,-0.374
-2.83,-0.671
-2.929,-0.625
3.131,-2.974
-3.094,-1.636
3.026,-1.258
2.928,-1.654
2.895,-2.609
2.831,-0.327
2.786,0.711
2.565,-1.597
2.634,-1.279
2.455,-0.251
2.446,-0.25
2.478,-2.991
2.457,0.737
2.322,-0.349
2.275,0.025
2.222,-0.99
2.233,-1.712
2.171,-1.83
2.136,0.957
2.014,-0.01
1.971,-0.396
2.051,-0.41
1.891,-2.64
1.801,0.617
1.817,0.513
1.584,-1.816
1.654,0.896
1.602,-1.638
1.496,-0.799
1.557,-1.513
1.46,-1.498
1.47,-0.774
1.327,-1.516
1.404,0.759
1.278,-2.391
1.158,-2.0
1.044,-0.788
1.018,-0.317
1.034,-0.567
0.995,-1.424
1.095,-1.037
0.984,0.636
0.98,-0.471
0.835,-0.848
0.892,0.963
0.756,-1.407
0.867,-2.556
0.824,-1.47
0.477,-1.129
0.092,0.656
0.177,-1.548
0.163,-2.48
-0.104,-2.599
-0.791,-3.314
-1.425,-3.068
-1.275,-3.298
-1.842,-3.295
-1.856,-3.283
-2.375,-3.343
-2.314,-3.127
2.473,-3.263
1.897,-3.402
1.679,-3.288
0.39,-3.409
-0.974,1.176
-2.364,1.139
-2.919,1.025
-2.977,1.318
1.283,1.307
1.346,1.119
-0.158,1.329
1.726,0.472
1.53,-0.435
1.503,-0.254
0.48,-0.091
0.484,-1.043
0.529,0.291
0.41,-0.432
0.276,-0.666
0.889,-0.493
0.464,-2.014
0.291,-1.851
-1.78,1.33
0.383,0.771
-0.538,-1.237
-0.686,-0.839
-1.571,-1.094
-1.732,-0.906
-2.066,-0.932
-2.186,-1.146
-2.936,-1.027
2.809,-1.11
1.774,-0.958
1.405,-0.908
1.199,-1.22
0.871,-1.333
0.926,-1.182
0.552,-1.03
0.551,-0.949
-1.043,3.385
-1.328,3.525
-1.905,3.138
-2.147,3.538
-2.319,3.362
-2.451,3.296
2.722,3.424
1.832,3.416
0.844,3.21
0.802,3.576
0.596,3.527
0.588,3.319
2.142,1.104
2.011,2.615
0.702,2.596
0.562,-0.253
-0.202,0.268
-0.238,0.279
-0.703,0.119
-0.911,1.721
-0.962,1.012
-1.163,0.288
-1.104,0.493
-1.217,1.357
-1.243,0.509
-1.293,1.735
-1.304,1.747
-1.365,3.16
-1.611,-0.63
-1.487,0.828
-1.52,1.894
-1.769,-0.638
-1.706,2.923
-1.898,0.241
-1.868,2.202
-1.853,-0.557
-1.912,1.089
-1.982,-0.276
-2.133,2.717
-2.186,1.006
-2.315,0.186
-2.383,-0.087
-2.422,-0.58
-2.475,1.525
-2.745,2.69
-2.69,1.748
-2.701,1.451
-2.8,1.497
-3.023,-0.852
-2.965,0.486
-3.128,0.864
3.057,0.468
3.024,-0.487
2.96,1.795
2.915,2.833
2.694,0.525
2.763,0.843
2.584,1.871
2.575,1.872
2.607,-0.869
2.586,2.859
2.451,1.773
2.404,2.147
2.351,1.132
2.362,0.41
2.3,0.292
2.265,3.079
2.143,2.112
2.1,1.726
2.18,1.712
2.02,-0.518
1.93,2.739
1.946,2.635
1.713,0.306
1.783,3.018
1.731,0.484
1.625,1.323
1.686,0.609
1.589,0.624
1.599,1.348
1.456,0.606
1.533,2.881
1.407,-0.269
1.287,0.122
1.173,1.334
1.147,1.805
1.163,1.555
1.124,0.698
1.224,1.085
1.113,2.758
1.109,1.651
0.964,1.274
1.021,3.085
0.885,0.715
0.996,-0.434
0.953,0.652
0.606,0.993
0.221,2.778
0.306,0.574
0.292,-0.358
0.025,-0.477
-0.662,-1.192
-1.296,-0.946
-1.146,-1.176
-1.713,-1.173
-1.727,-1.161
-2.246,-1.221
-2.185,-1.005
2.602,-1.141
2.026,-1.28
1.808,-1.166
0.519,-1.287
-0.845,3.298
-2.235,3.261
-2.79,3.147
-2.848,3.44
1.412,3.429
1.475,3.241
-0.029,3.451
1.855,2.594
1.659,1.687
1.632,1.868
0.609,2.031
0.613,1.079
0.658,2.413
0.539,1.69
0.405,1.456
1.018,1.629
0.593,0.108
0.42,0.271
-1.651,3.452
0.512,2.893
-0.148,0.398
-1.033,0.143
-1.194,0.331
-1.528,0.305
-1.648,0.091
-2.398,0.21
-2.936,0.127
2.312,0.279
1.943,0.329
1.737,0.017
1.409,-0.096
1.464,0.055
1.09,0.207
1.089,0.288
-0.505,4.622
-0.79,4.762
-1.367,4.375
-1.609,4.775
-1.781,4.599
-1.913,4.533
-3.023,4.661
2.37,4.653
1.382,4.447
1.34,4.813
1.134,4.764
1.126,4.556
2.68,2.341
2.549,3.852
1.24,3.833
1.1,0.984
0.336,1.505
0.3,1.516
-0.165,1.356
-0.373,2.958
-0.424,2.249
-0.625,1.525
-0.566,1.73
-0.679,2.594
-0.705,1.746
-0.755,2.972
-0.766,2.984
-0.827,4.397
-1.073,0.607
-0.949,2.065
-0.982,3.131
-1.231,0.599
-1.168,4.16
-1.36,1.478
-1.33,3.439
-1.315,0.68
-1.374,2.326
-1.444,0.961
-1.595,3.954
-1.648,2.243
-1.777,1.423
-1.845,1.15
-1.884,0.657
-1.937,2.762
-2.207,3.927
-2.152,2.985
-2.163,2.688
-2.262,2.734
-2.485,0.385
-2.427,1.723
-2.59,2.101
-2.688,1.705
-2.721,0.75
-2.785,3.032
-2.83,4.07
-3.051,1.762
-2.982,2.08
3.122,3.108
3.113,3.109
-3.138,0.368
3.124,4.096
2.989,3.01
2.942,3.384
2.889,2.369
2.9,1.647
2.838,1.529
2.803,4.316
2.681,3.349
2.638,2.963
2.718,2.949
2.558,0.719
2.468,3.976
2.484,3.872
2.251,1.543
2.321,4.255
2.269,1.721
2.163,2.56
2.224,1.846
2.127,1.861
2.137,2.585
1.994,1.843
2.071,4.118
1.945,0.968
1.825,1.359
1.711,2.571
1.685,3.042
1.701,2.792
1.662,1.935
1.762,2.322
1.651,3.995
1.647,2.888
1.502,2.511
1.559,4.322
1.423,1.952
1.534,0.803
1.491,1.889
1.144,2.23
0.759,4.015
0.844,1.811
0.83,0.879
0.563,0.76
-0.124,0.045
-0.758,0.291
-0.608,0.061
-1.175,0.064
-1.189,0.076
-1.708,0.016
-1.647,0.232
3.14,0.096
2.564,-0.043
2.346,0.071
1.057,-0.05
-0.307,4.535
-1.697,4.498
-2.252,4.384
-2.31,4.677
1.95,4.666
2.013,4.478
0.509,4.688
2.393,3.831
2.197,2.924
2.17,3.105
1.147,3.268
1.151,2.316
1.196,3.65
1.077,2.927
0.943,2.693
1.556,2.866
1.131,1.345
0.958,1.508
-1.113,4.689
1.05,4.13
-0.885,-0.255
-1.046,-0.067
-1.38,-0.093
-1.5,-0.307
-2.25,-0.188
-2.788,-0.271
2.46,-0.119
2.091,-0.069
1.885,-0.381
1.557,-0.494
1.612,-0.343
1.238,-0.191
1.237,-0.11
-0.357,4.224
-0.642,4.364
-1.219,3.977
-1.461,4.377
-1.633,4.201
-1.765,4.135
-2.875,4.263
2.518,4.255
1.53,4.049
1.488,4.415
1.282,4.366
1.274,4.158
2.828,1.943
2.697,3.454
1.388,3.435
1.248,0.586
0.484,1.107
0.448,1.118
-0.017,0.958
-0.225,2.56
-0.276,1.851
-0.477,1.127
-0.418,1.332
-0.531,2.196
-0.557,1.348
-0.607,2.574
-0.618,2.586
-0.679,3.999
-0.925,0.209
-0.801,1.667
-0.834,2.733
-1.083,0.201
-1.02,3.762
-1.212,1.08
-1.182,3.041
-1.167,0.282
-1.226,1.928
-1.296,0.563
-1.447,3.556
-1.5,1.845
-1.629,1.025
-1.697,0.752
-1.736,0.259
-1.789,2.364
-2.059,3.529
-2.004,2.587
-2.015,2.29
-2.114,2.336
-2.337,-0.013
-2.279,1.325
-2.442,1.703
-2.54,1.307
-2.573,0.352
-2.637,2.634
-2.682,3.672
-2.903,1.364
-2.834,1.682
-3.013,2.71
-3.022,2.711
-2.99,-0.03
-3.011,3.698
3.137,2.612
3.09,2.986
3.037,1.971
3.048,1.249
2.986,1.131
2.951,3.918
2.829,2.951
2.786,2.565
2.866,2.551
2.706,0.321
2.616,3.578
2.632,3.474
2.399,1.145
2.469,3.857
2.417,1.323
2.311,2.162
2.372,1.448
2.275,1.463
2.285,2.187
2.142,1.445
2.219,3.72
2.093,0.57
1.973,0.961
1.859,2.173
1.833,2.644
1.849,2.394
1.81,1.537
1.91,1.924
1.799,3.597
1.795,2.49
1.65,2.113
1.707,3.924
1.571,1.554
1.682,0.405
1.639,1.491
1.292,1.832
0.907,3.617
0.992,1.413
0.978,0.481
0.711,0.362
0.024,-0.353
-0.61,-0.107
-0.46,-0.337
-1.027,-0.334
-1.041,-0.322
-1.56,-0.382
-1.499,-0.166
-2.995,-0.302
2.712,-0.441
2.494,-0.327
1.205,-0.448
-0.159,4.137
-1.549,4.1
-2.104,3.986
-2.162,4.279
2.098,4.268
2.161,4.08
0.657,4.29
2.541,3.433
2.345,2.526
2.318,2.707
1.295,2.87
1.299,1.918
1.344,3.252
1.225,2.529
1.091,2.295
1.704,2.468
1.279,0.947
1.106,1.11
-0.965,4.291
1.198,3.732
-0.161,0.188
-0.495,0.162
-0.615,-0.052
-1.365,0.067
-1.903,-0.016
-2.938,0.136
2.976,0.186
2.77,-0.126
2.442,-0.239
2.497,-0.088
2.123,0.064
2.122,0.145
0.528,4.479
0.243,4.619
-0.334,4.232
-0.576,4.632
-0.748,4.456
-0.88,4.39
-1.99,4.518
-2.88,4.51
2.415,4.304
2.373,4.67
2.167,4.621
2.159,4.413
-2.57,2.198
-2.701,3.709
2.273,3.69
2.133,0.841
1.369,1.362
1.333,1.373
0.868,1.213
0.66,2.815
0.609,2.106
0.408,1.382
0.467,1.587
0.354,2.451
0.328,1.603
0.278,2.829
0.267,2.841
0.206,4.254
-0.04,0.464
0.084,1.922
0.051,2.988
-0.198,0.456
-0.135,4.017
-0.327,1.335
-0.297,3.296
-0.282,0.537
-0.341,2.183
-0.411,0.818
-0.562,3.811
-0.615,2.1
-0.744,1.28
-0.812,1.007
-0.851,0.514
-0.904,2.619
-1.174,3.784
-1.119,2.842
-1.13,2.545
-1.229,2.591
-1.452,0.242
-1.394,1.58
-1.557,1.958
-1.655,1.562
-1.688,0.607
-1.752,2.889
-1.797,3.927
-2.018,1.619
-1.949,1.937
-2.128,2.965
-2.137,2.966
-2.105,0.225
-2.126,3.953
-2.261,2.867
-2.308,3.241
-2.361,2.226
-2.35,1.504
-2.412,1.386
-2.447,4.173
-2.569,3.206
-2.612,2.82
-2.532,2.806
-2.692,0.576
-2.782,3.833
-2.766,3.729
-2.999,1.4
-2.929,4.112
-2.981,1.578
-3.087,2.417
-3.026,1.703
-3.123,1.718
-3.113,2.442
3.027,1.7
3.104,3.975
2.978,0.825
2.858,1.216
2.744,2.428
2.718,2.899
2.734,2.649
2.695,1.792
2.795,2.179
2.684,3.852
2.68,2.745
2.535,2.368
2.592,4.179
2.456,1.809
2.567,0.66
2.524,1.746
2.177,2.087
1.792,3.872
1.877,1.668
1.863,0.736
1.596,0.617
0.909,-0.098
0.275,0.148
0.425,-0.082
-0.142,-0.079
-0.156,-0.067
-0.675,-0.127
-0.614,0.089
-2.11,-0.047
-2.686,-0.186
-2.904,-0.072
2.09,-0.193
0.726,4.392
-0.664,4.355
-1.219,4.241
-1.277,4.534
2.983,4.523
3.046,4.335
1.542,4.545
-2.857,3.688
-3.053,2.781
-3.08,2.962
2.18,3.125
2.184,2.173
2.229,3.507
2.11,2.784
1.976,2.55
2.589,2.723
2.164,1.202
1.991,1.365
-0.08,4.546
2.083,3.987
-0.334,-0.026
-0.454,-0.24
-1.204,-0.121
-1.742,-0.204
-2.777,-0.052
3.137,-0.002
2.931,-0.314
2.603,-0.427
2.658,-0.276
2.284,-0.124
2.283,-0.043
0.689,4.291
0.404,4.431
-0.173,4.044
-0.415,4.444
-0.587,4.268
-0.719,4.202
-1.829,4.33
-2.719,4.322
2.576,4.116
2.534,4.482
2.328,4.433
2.32,4.225
-2.409,2.01
-2.54,3.521
2.434,3.502
2.294,0.653
1.53,1.174
1.494,1.185
1.029,1.025
0.821,2.627
0.77,1.918
0.569,1.194
0.628,1.399
0.515,2.263
0.489,1.415
0.439,2.641
0.428,2.653
0.367,4.066
0.121,0.276
0.245,1.734
0.212,2.8
-0.037,0.268
0.026,3.829
-0.166,1.147
-0.136,3.108
-0.121,0.349
-0.18,1.995
-0.25,0.63
-0.401,3.623
-0.454,1.912
-0.583,1.092
-0.651,0.819
-0.69,0.326
-0.743,2.431
-1.013,3.596
-0.958,2.654
-0.969,2.357
-1.068,2.403
-1.291,0.054
-1.233,1.392
-1.396,1.77
-1.494,1.374
-1.527,0.419
-1.591,2.701
-1.636,3.739
-1.857,1.431
-1.788,1.749
-1.967,2.777
-1.976,2.778
-1.944,0.037
-1.965,3.765
-2.1,2.679
-2.147,3.053
-2.2,2.038
-2.189,1.316
-2.251,1.198
-2.286,3.985
-2.408,3.018
-2.451,2.632
-2.371,2.618
-2.531,0.388
-2.621,3.645
-2.605,3.541
-2.838,1.212
-2.768,3.924
-2.82,1.39
-2.926,2.229
-2.865,1.515
-2.962,1.53
-2.952,2.254
-3.095,1.512
-3.018,3.787
3.139,0.637
3.019,1.028
2.905,2.24
2.879,2.711
2.895,2.461
2.856,1.604
2.956,1.991
2.845,3.664
2.841,2.557
2.696,2.18
2.753,3.991
2.617,1.621
2.728,0.472
2.685,1.558
2.338,1.899
1.953,3.684
2.038,1.48
2.024,0.548
1.757,0.429
1.07,-0.286
0.436,-0.04
0.586,-0.27
0.019,-0.267
0.005,-0.255
-0.514,-0.315
-0.453,-0.099
-1.949,-0.235
-2.525,-0.374
-2.743,-0.26
2.251,-0.381
0.887,4.204
-0.503,4.167
-1.058,4.053
-1.116,4.346
-3.139,4.335
-3.076,4.147
1.703,4.357
-2.696,3.5
-2.892,2.593
-2.919,2.774
2.341,2.937
2.345,1.985
2.39,3.319
2.271,2.596
2.137,2.362
2.75,2.535
2.325,1.014
2.152,1.177
0.081,4.358
2.244,3.799
-0.12,-0.214
-0.87,-0.095
-1.408,-0.178
-2.443,-0.026
-2.812,0.024
-3.018,-0.288
2.937,-0.401
2.992,-0.25
2.618,-0.098
2.617,-0.017
1.023,4.317
0.738,4.457
0.161,4.07
-0.081,4.47
-0.253,4.294
-0.385,4.228
-1.495,4.356
-2.385,4.348
2.91,4.142
2.868,4.508
2.662,4.459
2.654,4.251
-2.075,2.036
-2.206,3.547
2.768,3.528
2.628,0.679
1.864,1.2
1.828,1.211
1.363,1.051
1.155,2.653
1.104,1.944
0.903,1.22
0.962,1.425
0.849,2.289
0.823,1.441
0.773,2.667
0.762,2.679
0.701,4.092
0.455,0.302
0.579,1.76
0.546,2.826
0.297,0.294
0.36,3.855
0.168,1.173
0.198,3.134
0.213,0.375
0.154,2.021
0.084,0.656
-0.067,3.649
-0.12,1.938
-0.249,1.118
-0.317,0.845
-0.356,0.352
-0.409,2.457
-0.679,3.622
-0.624,2.68
-0.635,2.383
-0.734,2.429
-0.957,0.08
-0.899,1.418
-1.062,1.796
-1.16,1.4
-1.193,0.445
-1.257,2.727
-1.302,3.765
-1.523,1.457
-1.454,1.775
-1.633,2.803
-1.642,2.804
-1.61,0.063
-1.631,3.791
-1.766,2.705
-1.813,3.079
-1.866,2.064
-1.855,1.342
-1.917,1.224
-1.952,4.011
-2.074,3.044
-2.117,2.658
-2.037,2.644
-2.197,0.414
-2.287,3.671
-2.271,3.567
-2.504,1.238
-2.434,3.95
-2.486,1.416
-2.592,2.255
-2.531,1.541
-2.628,1.556
-2.618,2.28
-2.761,1.538
-2.684,3.813
-2.81,0.663
-2.93,1.054
-3.044,2.266
-3.07,2.737
-3.054,2.487
-3.093,1.63
-2.993,2.017
-3.104,3.69
-3.108,2.583
3.03,2.206
3.087,4.017
2.951,1.647
3.062,0.498
3.019,1.584
2.672,1.925
2.287,3.71
2.372,1.506
2.358,0.574
2.091,0.455
1.404,-0.26
0.77,-0.014
0.92,-0.244
0.353,-0.241
0.339,-0.229
-0.18,-0.289
-0.119,-0.073
-1.615,-0.209
-2.191,-0.348
-2.409,-0.234
2.585,-0.355
1.221,4.23
-0.169,4.193
-0.724,4.079
-0.782,4.372
-2.805,4.361
-2.742,4.173
2.037,4.383
-2.362,3.526
-2.558,2.619
-2.585,2.8
2.675,2.963
2.679,2.011
2.724,3.345
2.605,2.622
2.471,2.388
3.084,2.561
2.659,1.04
2.486,1.203
0.415,4.384
2.578,3.825
-0.75,0.119
-1.288,0.036
-2.323,0.188
-2.692,0.238
-2.898,-0.074
3.057,-0.187
3.112,-0.036
2.738,0.116
2.737,0.197
1.143,4.531
0.858,4.671
0.281,4.284
0.039,4.684
-0.133,4.508
-0.265,4.442
-1.375,4.57
-2.265,4.562
3.03,4.356
2.988,4.722
2.782,4.673
2.774,4.465
-1.955,2.25
-2.086,3.761
2.888,3.742
2.748,0.893
1.984,1.414
1.948,1.425
1.483,1.265
1.275,2.867
1.224,2.158
1.023,1.434
1.082,1.639
0.969,2.503
0.943,1.655
0.893,2.881
0.882,2.893
0.821,4.306
0.575,0.516
0.699,1.974
0.666,3.04
0.417,0.508
0.48,4.069
0.288,1.387
0.318,3.348
0.333,0.589
0.274,2.235
0.204,0.87
0.053,3.863
0.0,2.152
-0.129,1.332
-0.197,1.059
-0.236,0.566
-0.289,2.671
-0.559,3.836
-0.504,2.894
-0.515,2.597
-0.614,2.643
-0.837,0.294
-0.779,1.632
-0.942,2.01
-1.04,1.614
-1.073,0.659
-1.137,2.941
-1.182,3.979
-1.403,1.671
-1.334,1.989
-1.513,3.017
-1.522,3.018
-1.49,0.277
-1.511,4.005
-1.646,2.919
-1.693,3.293
-1.746,2.278
-1.735,1.556
-1.797,1.438
-1.832,4.225
-1.954,3.258
-1.997,2.872
-1.917,2.858
-2.077,0.628
-2.167,3.885
-2.151,3.781
-2.384,1.452
-2.314,4.164
-2.366,1.63
-2.472,2.469
-2.411,1.755
-2.508,1.77
-2.498,2.494
-2.641,1.752
-2.564,4.027
-2.69,0.877
-2.81,1.268
-2.924,2.48
-2.95,2.951
-2.934,2.701
-2.973,1.844
-2.873,2.231
-2.984,3.904
-2.988,2.797
-3.133,2.42
-3.076,4.231
3.071,1.861
-3.101,0.712
3.139,1.798
2.792,2.139
2.407,3.924
2.492,1.72
2.478,0.788
2.211,0.669
1.524,-0.046
0.89,0.2
1.04,-0.03
0.473,-0.027
0.459,-0.015
-0.06,-0.075
0.001,0.141
-1.495,0.005
-2.071,-0.134
-2.289,-0.02
2.705,-0.141
1.341,4.444
-0.049,4.407
-0.604,4.293
-0.662,4.586
-2.685,4.575
-2.622,4.387
2.157,4.597
-2.242,3.74
-2.438,2.833
-2.465,3.014
2.795,3.177
2.799,2.225
2.844,3.559
2.725,2.836
2.591,2.602
-3.079,2.775
2.779,1.254
2.606,1.417
0.535,4.598
2.698,4.039
-0.538,-0.083
-1.573,0.069
-1.942,0.119
-2.148,-0.193
-2.476,-0.306
-2.421,-0.155
-2.795,-0.003
-2.796,0.078
1.893,4.412
1.608,4.552
1.031,4.165
0.789,4.565
0.617,4.389
0.485,4.323
-0.625,4.451
-1.515,4.443
-2.503,4.237
-2.545,4.603
-2.751,4.554
-2.759,4.346
-1.205,2.131
-1.336,3.642
-2.645,3.623
-2.785,0.774
2.734,1.295
2.698,1.306
2.233,1.146
2.025,2.748
1.974,2.039
1.773,1.315
1.832,1.52
1.719,2.384
1.693,1.536
1.643,2.762
1.632,2.774
1.571,4.187
1.325,0.397
1.449,1.855
1.416,2.921
1.167,0.389
1.23,3.95
1.038,1.268
1.068,3.229
1.083,0.47
1.024,2.116
0.954,0.751
0.803,3.744
0.75,2.033
0.621,1.213
0.553,0.94
0.514,0.447
0.461,2.552
0.191,3.717
0.246,2.775
0.235,2.478
0.136,2.524
-0.087,0.175
-0.029,1.513
-0.192,1.891
-0.29,1.495
-0.323,0.54
-0.387,2.822
-0.432,3.86
-0.653,1.552
-0.584,1.87
-0.763,2.898
-0.772,2.899
-0.74,0.158
-0.761,3.886
-0.896,2.8
-0.943,3.174
-0.996,2.159
-0.985,1.437
-1.047,1.319
-1.082,4.106
-1.204,3.139
-1.247,2.753
-1.167,2.739
-1.327,0.509
-1.417,3.766
-1.401,3.662
-1.634,1.333
-1.564,4.045
-1.616,1.511
-1.722,2.35
-1.661,1.636
-1.758,1.651
-1.748,2.375
-1.891,1.633
-1.814,3.908
-1.94,0.758
-2.06,1.149
-2.174,2.361
-2.2,2.832
-2.184,2.582
-2.223,1.725
-2.123,2.112
-2.234,3.785
-2.238,2.678
-2.383,2.301
-2.326,4.112
-2.462,1.742
-2.351,0.593
-2.394,1.679
-2.741,2.02
-3.126,3.805
-3.041,1.601
-3.055,0.669
2.961,0.55
2.274,-0.165
1.64,0.081
1.79,-0.149
1.223,-0.146
1.209,-0.134
0.69,-0.194
0.751,0.022
-0.745,-0.114
-1.321,-0.253
-1.539,-0.139
-2.828,-0.26
2.091,4.325
0.701,4.288
0.146,4.174
0.088,4.467
-1.935,4.456
-1.872,4.268
2.907,4.478
-1.492,3.621
-1.688,2.714
-1.715,2.895
-2.738,3.058
-2.734,2.106
-2.689,3.44
-2.808,2.717
-2.942,2.483
-2.329,2.656
-2.754,1.135
-2.927,1.298
1.285,4.479
-2.835,3.92
-1.035,0.152
-1.404,0.202
-1.61,-0.11
-1.938,-0.223
-1.883,-0.072
-2.257,0.08
-2.258,0.161
2.431,4.495
2.146,4.635
1.569,4.248
1.327,4.648
1.155,4.472
1.023,4.406
-0.087,4.534
-0.977,4.526
-1.965,4.32
-2.007,4.686
-2.213,4.637
-2.221,4.429
-0.667,2.214
-0.798,3.725
-2.107,3.706
-2.247,0.857
-3.011,1.378
-3.047,1.389
2.771,1.229
2.563,2.831
2.512,2.122
2.311,1.398
2.37,1.603
2.257,2.467
2.231,1.619
2.181,2.845
2.17,2.857
2.109,4.27
1.863,0.48
1.987,1.938
1.954,3.004
1.705,0.472
1.768,4.033
1.576,1.351
1.606,3.312
1.621,0.553
1.562,2.199
1.492,0.834
1.341,3.827
1.288,2.116
1.159,1.296
1.091,1.023
1.052,0.53
0.999,2.635
0.729,3.8
0.784,2.858
0.773,2.561
0.674,2.607
0.451,0.258
0.509,1.596
0.346,1.974
0.248,1.578
0.215,0.623
0.151,2.905
0.106,3.943
-0.115,1.635
-0.046,1.953
-0.225,2.981
-0.234,2.982
-0.202,0.241
-0.223,3.969
-0.358,2.883
-0.405,3.257
-0.458,2.242
-0.447,1.52
-0.509,1.402
-0.544,4.189
-0.666,3.222
-0.709,2.836
-0.629,2.822
-0.789,0.592
-0.879,3.849
-0.863,3.745
-1.096,1.416
-1.026,4.128
-1.078,1.594
-1.184,2.433
-1.123,1.719
-1.22,1.734
-1.21,2.458
-1.353,1.716
-1.276,3.991
-1.402,0.841
-1.522,1.232
-1.636,2.444
-1.662,2.915
-1.646,2.665
-1.685,1.808
-1.585,2.195
-1.696,3.868
-1.7,2.761
-1.845,2.384
-1.788,4.195
-1.924,1.825
-1.813,0.676
-1.856,1.762
-2.203,2.103
-2.588,3.888
-2.503,1.684
-2.517,0.752
-2.784,0.633
2.812,-0.082
2.178,0.164
2.328,-0.066
1.761,-0.063
1.747,-0.051
1.228,-0.111
1.289,0.105
-0.207,-0.031
-0.783,-0.17
-1.001,-0.056
-2.29,-0.177
2.629,4.408
1.239,4.371
0.684,4.257
0.626,4.55
-1.397,4.539
-1.334,4.351
-2.838,4.561
-0.954,3.704
-1.15,2.797
-1.177,2.978
-2.2,3.141
-2.196,2.189
-2.151,3.523
-2.27,2.8
-2.404,2.566
-1.791,2.739
-2.216,1.218
-2.389,1.381
1.823,4.562
-2.297,4.003
-0.369,0.05
-0.575,-0.262
-0.903,-0.375
-0.848,-0.224
-1.222,-0.072
-1.223,0.009
-2.817,4.343
-3.102,4.483
2.604,4.096
2.362,4.496
2.19,4.32
2.058,4.254
0.948,4.382
0.058,4.374
-0.93,4.168
-0.972,4.534
-1.178,4.485
-1.186,4.277
0.368,2.062
0.237,3.573
-1.072,3.554
-1.212,0.705
-1.976,1.226
-2.012,1.237
-2.477,1.077
-2.685,2.679
-2.736,1.97
-2.937,1.246
-2.878,1.451
-2.991,2.315
-3.017,1.467
-3.067,2.693
-3.078,2.705
-3.139,4.118
2.898,0.328
3.022,1.786
2.989,2.852
2.74,0.32
2.803,3.881
2.611,1.199
2.641,3.16
2.656,0.401
2.597,2.047
2.527,0.682
2.376,3.675
2.323,1.964
2.194,1.144
2.126,0.871
2.087,0.378
2.034,2.483
1.764,3.648
1.819,2.706
1.808,2.409
1.709,2.455
1.486,0.106
1.544,1.444
1.381,1.822
1.283,1.426
1.25,0.471
1.186,2.753
1.141,3.791
0.92,1.483
0.989,1.801
0.81,2.829
0.801,2.83
0.833,0.089
0.812,3.817
0.677,2.731
0.63,3.105
0.577,2.09
0.588,1.368
0.526,1.25
0.491,4.037
0.369,3.07
0.326,2.684
0.406,2.67
0.246,0.44
0.156,3.697
0.172,3.593
-0.061,1.264
0.009,3.976
-0.043,1.442
-0.149,2.281
-0.088,1.567
-0.185,1.582
-0.175,2.306
-0.318,1.564
-0.241,3.839
-0.367,0.689
-0.487,1.08
-0.601,2.292
-0.627,2.763
-0.611,2.513
-0.65,1.656
-0.55,2.043
-0.661,3.716
-0.665,2.609
-0.81,2.232
-0.753,4.043
-0.889,1.673
-0.778,0.524
-0.821,1.61
-1.168,1.951
-1.553,3.736
-1.468,1.532
-1.482,0.6
-1.749,0.481
-2.436,-0.234
-3.07,0.012
-2.92,-0.218
2.796,-0.215
2.782,-0.203
2.263,-0.263
2.324,-0.047
0.828,-0.183
0.252,-0.322
0.034,-0.208
-1.255,-0.329
-2.619,4.256
2.274,4.219
1.719,4.105
1.661,4.398
-0.362,4.387
-0.299,4.199
-1.803,4.409
0.081,3.552
-0.115,2.645
-0.142,2.826
-1.165,2.989
-1.161,2.037
-1.116,3.371
-1.235,2.648
-1.369,2.414
-0.756,2.587
-1.181,1.066
-1.354,1.229
2.858,4.41
-1.262,3.851
-0.206,-0.312
-0.534,-0.425
-0.479,-0.274
-0.853,-0.122
-0.854,-0.041
-2.448,4.293
-2.733,4.433
2.973,4.046
2.731,4.446
2.559,4.27
2.427,4.204
1.317,4.332
0.427,4.324
-0.561,4.118
-0.603,4.484
-0.809,4.435
-0.817,4.227
0.737,2.012
0.606,3.523
-0.703,3.504
-0.843,0.655
-1.607,1.176
-1.643,1.187
-2.108,1.027
-2.316,2.629
-2.367,1.92
-2.568,1.196
-2.509,1.401
-2.622,2.265
-2.648,1.417
-2.698,2.643
-2.709,2.655
-2.77,4.068
-3.016,0.278
-2.892,1.736
-2.925,2.802
3.109,0.27
-3.111,3.831
2.98,1.149
3.01,3.11
3.025,0.351
2.966,1.997
2.896,0.632
2.745,3.625
2.692,1.914
2.563,1.094
2.495,0.821
2.456,0.328
2.403,2.433
2.133,3.598
2.188,2.656
2.177,2.359
2.078,2.405
1.855,0.056
1.913,1.394
1.75,1.772
1.652,1.376
1.619,0.421
1.555,2.703
1.51,3.741
1.289,1.433
1.358,1.751
1.179,2.779
1.17,2.78
1.202,0.039
1.181,3.767
1.046,2.681
0.999,3.055
0.946,2.04
0.957,1.318
0.895,1.2
0.86,3.987
0.738,3.02
0.695,2.634
0.775,2.62
0.615,0.39
0.525,3.647
0.541,3.543
0.308,1.214
0.378,3.926
0.326,1.392
0.22,2.231
0.281,1.517
0.184,1.532
0.194,2.256
0.051,1.514
0.128,3.789
0.002,0.639
-0.118,1.03
-0.232,2.242
-0.258,2.713
-0.242,2.463
-0.281,1.606
-0.181,1.993
-0.292,3.666
-0.296,2.559
-0.441,2.182
-0.384,3.993
-0.52,1.623
-0.409,0.474
-0.452,1.56
-0.799,1.901
-1.184,3.686
-1.099,1.482
-1.113,0.55
-1.38,0.431
-2.067,-0.284
-2.701,-0.038
-2.551,-0.268
-3.118,-0.265
-3.132,-0.253
2.632,-0.313
2.693,-0.097
1.197,-0.233
0.621,-0.372
0.403,-0.258
-0.886,-0.379
-2.25,4.206
2.643,4.169
2.088,4.055
2.03,4.348
0.007,4.337
0.07,4.149
-1.434,4.359
0.45,3.502
0.254,2.595
0.227,2.776
-0.796,2.939
-0.792,1.987
-0.747,3.321
-0.866,2.598
-1.0,2.364
-0.387,2.537
-0.812,1.016
-0.985,1.179
-3.056,4.36
-0.893,3.801
-0.328,-0.113
-0.273,0.038
-0.647,0.19
-0.648,0.271
-2.242,4.605
-2.527,4.745
-3.104,4.358
2.937,4.758
2.765,4.582
2.633,4.516
1.523,4.644
0.633,4.636
-0.355,4.43
-0.397,4.796
-0.603,4.747
-0.611,4.539
0.943,2.324
0.812,3.835
-0.497,3.816
-0.637,0.967
-1.401,1.488
-1.437,1.499
-1.902,1.339
-2.11,2.941
-2.161,2.232
-2.362,1.508
-2.303,1.713
-2.416,2.577
-2.442,1.729
-2.492,2.955
-2.503,2.967
-2.564,4.38
-2.81,0.59
-2.686,2.048
-2.719,3.114
-2.968,0.582
-2.905,4.143
-3.097,1.461
-3.067,3.422
-3.052,0.663
-3.111,2.309
3.102,0.944
2.951,3.937
2.898,2.226
2.769,1.406
2.701,1.133
2.662,0.64
2.609,2.745
2.339,3.91
2.394,2.968
2.383,2.671
2.284,2.717
2.061,0.368
2.119,1.706
1.956,2.084
1.858,1.688
1.825,0.733
1.761,3.015
1.716,4.053
1.495,1.745
1.564,2.063
1.385,3.091
1.376,3.092
1.408,0.351
1.387,4.079
1.252,2.993
1.205,3.367
1.152,2.352
1.163,1.63
1.101,1.512
1.066,4.299
0.944,3.332
0.901,2.946
0.981,2.932
0.821,0.702
0.731,3.959
0.747,3.855
0.514,1.526
0.584,4.238
0.532,1.704
0.426,2.543
0.487,1.829
0.39,1.844
0.4,2.568
0.257,1.826
0.334,4.101
0.208,0.951
0.088,1.342
-0.026,2.554
-0.052,3.025
-0.036,2.775
-0.075,1.918
0.025,2.305
-0.086,3.978
-0.09,2.871
-0.235,2.494
-0.178,4.305
-0.314,1.935
-0.203,0.786
-0.246,1.872
-0.593,2.213
-0.978,3.998
-0.893,1.794
-0.907,0.862
-1.174,0.743
-1.861,0.028
-2.495,0.274
-2.345,0.044
-2.912,0.047
-2.926,0.059
2.838,-0.001
2.899,0.215
1.403,0.079
0.827,-0.06
0.609,0.054
-0.68,-0.067
-2.044,4.518
2.849,4.481
2.294,4.367
2.236,4.66
0.213,4.649
0.276,4.461
-1.228,4.671
0.656,3.814
0.46,2.907
0.433,3.088
-0.59,3.251
-0.586,2.299
-0.541,3.633
-0.66,2.91
-0.794,2.676
-0.181,2.849
-0.606,1.328
-0.779,1.491
-2.85,4.672
-0.687,4.113
0.055,0.151
-0.319,0.303
-0.32,0.384
-1.914,4.718
-2.199,4.858
-2.776,4.471
-3.018,4.871
3.093,4.695
2.961,4.629
1.851,4.757
0.961,4.749
-0.027,4.543
-0.069,4.909
-0.275,4.86
-0.283,4.652
1.271,2.437
1.14,3.948
-0.169,3.929
-0.309,1.08
-1.073,1.601
-1.109,1.612
-1.574,1.452
-1.782,3.054
-1.833,2.345
-2.034,1.621
-1.975,1.826
-2.088,2.69
-2.114,1.842
-2.164,3.068
-2.175,3.08
-2.236,4.493
-2.482,0.703
-2.358,2.161
-2.391,3.227
-2.64,0.695
-2.577,4.256
-2.769,1.574
-2.739,3.535
-2.724,0.776
-2.783,2.422
-2.853,1.057
-3.004,4.05
-3.057,2.339
3.097,1.519
3.029,1.246
2.99,0.753
2.937,2.858
2.667,4.023
2.722,3.081
2.711,2.784
2.612,2.83
2.389,0.481
2.447,1.819
2.284,2.197
2.186,1.801
2.153,0.846
2.089,3.128
2.044,4.166
1.823,1.858
1.892,2.176
1.713,3.204
1.704,3.205
1.736,0.464
1.715,4.192
1.58,3.106
1.533,3.48
1.48,2.465
1.491,1.743
1.429,1.625
1.394,4.412
1.272,3.445
1.229,3.059
1.309,3.045
1.149,0.815
1.059,4.072
1.075,3.968
0.842,1.639
0.912,4.351
0.86,1.817
0.754,2.656
0.815,1.942
0.718,1.957
0.728,2.681
0.585,1.939
0.662,4.214
0.536,1.064
0.416,1.455
0.302,2.667
0.276,3.138
0.292,2.888
0.253,2.031
0.353,2.418
0.242,4.091
0.238,2.984
0.093,2.607
0.15,4.418
0.014,2.048
0.125,0.899
0.082,1.985
-0.265,2.326
-0.65,4.111
-0.565,1.907
-0.579,0.975
-0.846,0.856
-1.533,0.141
-2.167,0.387
-2.017,0.157
-2.584,0.16
-2.598,0.172
-3.117,0.112
-3.056,0.328
1.731,0.192
1.155,0.053
0.937,0.167
-0.352,0.046
-1.716,4.631
-3.106,4.594
2.622,4.48
2.564,4.773
0.541,4.762
0.604,4.574
-0.9,4.784
0.984,3.927
0.788,3.02
0.761,3.201
-0.262,3.364
-0.258,2.412
-0.213,3.746
-0.332,3.023
-0.466,2.789
0.147,2.962
-0.278,1.441
-0.451,1.604
-2.522,4.785
-0.359,4.226
-0.374,0.152
-0.375,0.233
-1.969,4.567
-2.254,4.707
-2.831,4.32
-3.073,4.72
3.038,4.544
2.906,4.478
1.796,4.606
0.906,4.598
-0.082,4.392
-0.124,4.758
-0.33,4.709
-0.338,4.501
1.216,2.286
1.085,3.797
-0.224,3.778
-0.364,0.929
-1.128,1.45
-1.164,1.461
-1.629,1.301
-1.837,2.903
-1.888,2.194
-2.089,1.47
-2.03,1.675
-2.143,2.539
-2.169,1.691
-2.219,2.917
-2.23,2.929
-2.291,4.342
-2.537,0.552
-2.413,2.01
-2.446,3.076
-2.695,0.544
-2.632,4.105
-2.824,1.423
-2.794,3.384
-2.779,0.625
-2.838,2.271
-2.908,0.906
-3.059,3.899
-3.112,2.188
3.042,1.368
2.974,1.095
2.935,0.602
2.882,2.707
2.612,3.872
2.667,2.93
2.656,2.633
2.557,2.679
2.334,0.33
2.392,1.668
2.229,2.046
2.131,1.65
2.098,0.695
2.034,2.977
1.989,4.015
1.768,1.707
1.837,2.025
1.658,3.053
1.649,3.054
1.681,0.313
1.66,4.041
1.525,2.955
1.478,3.329
1.425,2.314
1.436,1.592
1.374,1.474
1.339,4.261
1.217,3.294
1.174,2.908
1.254,2.894
1.094,0.664
1.004,3.921
1.02,3.817
0.787,1.488
0.857,4.2
0.805,1.666
0.699,2.505
0.76,1.791
0.663,1.806
0.673,2.53
0.53,1.788
0.607,4.063
0.481,0.913
0.361,1.304
0.247,2.516
0.221,2.987
0.237,2.737
0.198,1.88
0.298,2.267
0.187,3.94
0.183,2.833
0.038,2.456
0.095,4.267
-0.041,1.897
0.07,0.748
0.027,1.834
-0.32,2.175
-0.705,3.96
-0.62,1.756
-0.634,0.824
-0.901,0.705
-1.588,-0.01
-2.222,0.236
-2.072,0.006
-2.639,0.009
-2.653,0.021
3.111,-0.039
-3.111,0.177
1.676,0.041
1.1,-0.098
0.882,0.016
-0.407,-0.105
-1.771,4.48
3.122,4.443
2.567,4.329
2.509,4.622
0.486,4.611
0.549,4.423
-0.955,4.633
0.929,3.776
0.733,2.869
0.706,3.05
-0.317,3.213
-0.313,2.261
-0.268,3.595
-0.387,2.872
-0.521,2.638
0.092,2.811
-0.333,1.29
-0.506,1.453
-2.577,4.634
-0.414,4.075
-0.001,0.081
-1.595,4.415
-1.88,4.555
-2.457,4.168
-2.699,4.568
-2.871,4.392
-3.003,4.326
2.17,4.454
1.28,4.446
0.292,4.24
0.25,4.606
0.044,4.557
0.036,4.349
1.59,2.134
1.459,3.645
0.15,3.626
0.01,0.777
-0.754,1.298
-0.79,1.309
-1.255,1.149
-1.463,2.751
-1.514,2.042
-1.715,1.318
-1.656,1.523
-1.769,2.387
-1.795,1.539
-1.845,2.765
-1.856,2.777
-1.917,4.19
-2.163,0.4
-2.039,1.858
-2.072,2.924
-2.321,0.392
-2.258,3.953
-2.45,1.271
-2.42,3.232
-2.405,0.473
-2.464,2.119
-2.534,0.754
-2.685,3.747
-2.738,2.036
-2.867,1.216
-2.935,0.943
-2.974,0.45
-3.027,2.555
2.986,3.72
3.041,2.778
3.03,2.481
2.931,2.527
2.708,0.178
2.766,1.516
2.603,1.894
2.505,1.498
2.472,0.543
2.408,2.825
2.363,3.863
2.142,1.555
2.211,1.873
2.032,2.901
2.023,2.902
2.055,0.161
2.034,3.889
1.899,2.803
1.852,3.177
1.799,2.162
1.81,1.44
1.748,1.322
1.713,4.109
1.591,3.142
1.548,2.756
1.628,2.742
1.468,0.512
1.378,3.769
1.394,3.665
1.161,1.336
1.231,4.048
1.179,1.514
1.073,2.353
1.134,1.639
1.037,1.654
1.047,2.378
0.904,1.636
0.981,3.911
0.855,0.761
0.735,1.152
0.621,2.364
0.595,2.835
0.611,2.585
0.572,1.728
0.672,2.115
0.561,3.788
0.557,2.681
0.412,2.304
0.469,4.115
0.333,1.745
0.444,0.596
0.401,1.682
0.054,2.023
-0.331,3.808
-0.246,1.604
-0.26,0.672
-0.527,0.553
-1.214,-0.162
-1.848,0.084
-1.698,-0.146
-2.265,-0.143
-2.279,-0.131
-2.798,-0.191
-2.737,0.025
2.05,-0.111
1.474,-0.25
1.256,-0.136
-0.033,-0.257
-1.397,4.328
-2.787,4.291
2.941,4.177
2.883,4.47
0.86,4.459
0.923,4.271
-0.581,4.481
1.303,3.624
1.107,2.717
1.08,2.898
0.057,3.061
0.061,2.109
0.106,3.443
-0.013,2.72
-0.147,2.486
0.466,2.659
0.041,1.138
-0.132,1.301
-2.203,4.482
-0.04,3.923
-1.594,4.334
-1.879,4.474
-2.456,4.087
-2.698,4.487
-2.87,4.311
-3.002,4.245
2.171,4.373
1.281,4.365
0.293,4.159
0.251,4.525
0.045,4.476
0.037,4.268
1.591,2.053
1.46,3.564
0.151,3.545
0.011,0.696
-0.753,1.217
-0.789,1.228
-1.254,1.068
-1.462,2.67
-1.513,1.961
-1.714,1.237
-1.655,1.442
-1.768,2.306
-1.794,1.458
-1.844,2.684
-1.855,2.696
-1.916,4.109
-2.162,0.319
-2.038,1.777
-2.071,2.843
-2.32,0.311
-2.257,3.872
-2.449,1.19
-2.419,3.151
-2.404,0.392
-2.463,2.038
-2.533,0.673
-2.684,3.666
-2.737,1.955
-2.866,1.135
-2.934,0.862
-2.973,0.369
-3.026,2.474
2.987,3.639
3.042,2.697
3.031,2.4
2.932,2.446
2.709,0.097
2.767,1.435
2.604,1.813
2.506,1.417
2.473,0.462
2.409,2.744
2.364,3.782
2.143,1.474
2.212,1.792
2.033,2.82
2.024,2.821
2.056,0.08
2.035,3.808
1.9,2.722
1.853,3.096
1.8,2.081
1.811,1.359
1.749,1.241
1.714,4.028
1.592,3.061
1.549,2.675
1.629,2.661
1.469,0.431
1.379,3.688
1.395,3.584
1.162,1.255
1.232,3.967
1.18,1.433
1.074,2.272
1.135,1.558
1.038,1.573
1.048,2.297
0.905,1.555
0.982,3.83
0.856,0.68
0.736,1.071
0.622,2.283
0.596,2.754
0.612,2.504
0.573,1.647
0.673,2.034
0.562,3.707
0.558,2.6
0.413,2.223
0.47,4.034
0.334,1.664
0.445,0.515
0.402,1.601
0.055,1.942
-0.33,3.727
-0.245,1.523
-0.259,0.591
-0.526,0.472
-1.213,-0.243
-1.847,0.003
-1.697,-0.227
-2.264,-0.224
-2.278,-0.212
-2.797,-0.272
-2.736,-0.056
2.051,-0.192
1.475,-0.331
1.257,-0.217
-0.032,-0.338
-1.396,4.247
-2.786,4.21
2.942,4.096
2.884,4.389
0.861,4.378
0.924,4.19
-0.58,4.4
1.304,3.543
1.108,2.636
1.081,2.817
0.058,2.98
0.062,2.028
0.107,3.362
-0.012,2.639
-0.146,2.405
0.467,2.578
0.042,1.057
-0.131,1.22
-2.202,4.401
-0.039,3.842
-0.285,0.14
-0.862,-0.247
-1.104,0.153
-1.276,-0.023
-1.408,-0.089
-2.518,0.039
2.875,0.031
1.887,-0.175
1.845,0.191
1.639,0.142
1.631,-0.066
-3.098,-2.281
3.054,-0.77
1.745,-0.789
1.605,-3.638
0.841,-3.117
0.805,-3.106
0.34,-3.266
0.132,-1.664
0.081,-2.373
-0.12,-3.097
-0.061,-2.892
-0.174,-2.028
-0.2,-2.876
-0.25,-1.65
-0.261,-1.638
-0.322,-0.225
-0.568,-4.015
-0.444,-2.557
-0.477,-1.491
-0.726,-4.023
-0.663,-0.462
-0.855,-3.144
-0.825,-1.183
-0.81,-3.942
-0.869,-2.296
-0.939,-3.661
-1.09,-0.668
-1.143,-2.379
-1.272,-3.199
-1.34,-3.472
-1.379,-3.965
-1.432,-1.86
-1.702,-0.695
-1.647,-1.637
-1.658,-1.934
-1.757,-1.888
-1.98,-4.237
-1.922,-2.899
-2.085,-2.521
-2.183,-2.917
-2.216,-3.872
-2.28,-1.59
-2.325,-0.552
-2.546,-2.86
-2.477,-2.542
-2.656,-1.514
-2.665,-1.513
-2.633,-4.254
-2.654,-0.526
-2.789,-1.612
-2.836,-1.238
-2.889,-2.253
-2.878,-2.975
-2.94,-3.093
-2.975,-0.306
-3.097,-1.273
-3.14,-1.659
-3.06,-1.673
3.063,-3.903
2.973,-0.646
2.989,-0.75
2.756,-3.079
2.826,-0.367
2.774,-2.901
2.668,-2.062
2.729,-2.776
2.632,-2.761
2.642,-2.037
2.499,-2.779
2.576,-0.504
2.45,-3.654
2.33,-3.263
2.216,-2.051
2.19,-1.58
2.206,-1.83
2.167,-2.687
2.267,-2.3
2.156,-0.627
2.152,-1.734
2.007,-2.111
2.064,-0.3
1.928,-2.67
2.039,-3.819
1.996,-2.733
1.649,-2.392
1.264,-0.607
1.349,-2.811
1.335,-3.743
1.068,-3.862
0.381,-4.577
-0.253,-4.331
-0.103,-4.561
-0.67,-4.558
-0.684,-4.546
-1.203,-4.606
-1.142,-4.39
-2.638,-4.526
3.069,-4.665
2.851,-4.551
1.562,-4.672
0.198,-0.087
-1.192,-0.124
-1.747,-0.238
-1.805,0.055
2.455,0.044
2.518,-0.144
1.014,0.066
2.898,-0.791
2.702,-1.698
2.675,-1.517
1.652,-1.354
1.656,-2.306
1.701,-0.972
1.582,-1.695
1.448,-1.929
2.061,-1.756
1.636,-3.277
1.463,-3.114
-0.608,0.067
1.555,-0.492
-0.577,-0.387
-0.819,0.013
-0.991,-0.163
-1.123,-0.229
-2.233,-0.101
-3.123,-0.109
2.172,-0.315
2.13,0.051
1.924,0.002
1.916,-0.206
-2.813,-2.421
-2.944,-0.91
2.03,-0.929
1.89,-3.778
1.126,-3.257
1.09,-3.246
0.625,-3.406
0.417,-1.804
0.366,-2.513
0.165,-3.237
0.224,-3.032
0.111,-2.168
0.085,-3.016
0.035,-1.79
0.024,-1.778
-0.037,-0.365
-0.283,-4.155
-0.159,-2.697
-0.192,-1.631
-0.441,-4.163
-0.378,-0.602
-0.57,-3.284
-0.54,-1.323
-0.525,-4.082
-0.584,-2.436
-0.654,-3.801
-0.805,-0.808
-0.858,-2.519
-0.987,-3.339
-1.055,-3.612
-1.094,-4.105
-1.147,-2.0
-1.417,-0.835
-1.362,-1.777
-1.373,-2.074
-1.472,-2.028
-1.695,-4.377
-1.637,-3.039
-1.8,-2.661
-1.898,-3.057
-1.931,-4.012
-1.995,-1.73
-2.04,-0.692
-2.261,-3.0
-2.192,-2.682
-2.371,-1.654
-2.38,-1.653
-2.348,-4.394
-2.369,-0.666
-2.504,-1.752
-2.551,-1.378
-2.604,-2.393
-2.593,-3.115
-2.655,-3.233
-2.69,-0.446
-2.812,-1.413
-2.855,-1.799
-2.775,-1.813
-2.935,-4.043
-3.025,-0.786
-3.009,-0.89
3.041,-3.219
3.111,-0.507
3.059,-3.041
2.953,-2.202
3.014,-2.916
2.917,-2.901
2.927,-2.177
2.784,-2.919
2.861,-0.644
2.735,-3.794
2.615,-3.403
2.501,-2.191
2.475,-1.72
2.491,-1.97
2.452,-2.827
2.552,-2.44
2.441,-0.767
2.437,-1.874
2.292,-2.251
2.349,-0.44
2.213,-2.81
2.324,-3.959
2.281,-2.873
1.934,-2.532
1.549,-0.747
1.634,-2.951
1.62,-3.883
1.353,-4.002
0.666,-4.717
0.032,-4.471
0.182,-4.701
-0.385,-4.698
-0.399,-4.686
-0.918,-4.746
-0.857,-4.53
-2.353,-4.666
-2.929,-4.805
3.136,-4.691
1.847,-4.812
0.483,-0.227
-0.907,-0.264
-1.462,-0.378
-1.52,-0.085
2.74,-0.096
2.803,-0.284
1.299,-0.074
-3.1,-0.931
2.987,-1.838
2.96,-1.657
1.937,-1.494
1.941,-2.446
1.986,-1.112
1.867,-1.835
1.733,-2.069
2.346,-1.896
1.921,-3.417
1.748,-3.254
-0.323,-0.073
1.84,-0.632
-0.242,0.4
-0.414,0.224
-0.546,0.158
-1.656,0.286
-2.546,0.278
2.749,0.072
2.707,0.438
2.501,0.389
2.493,0.181
-2.236,-2.034
-2.367,-0.523
2.607,-0.542
2.467,-3.391
1.703,-2.87
1.667,-2.859
1.202,-3.019
0.994,-1.417
0.943,-2.126
0.742,-2.85
0.801,-2.645
0.688,-1.781
0.662,-2.629
0.612,-1.403
0.601,-1.391
0.54,0.022
0.294,-3.768
0.418,-2.31
0.385,-1.244
0.136,-3.776
0.199,-0.215
0.007,-2.897
0.037,-0.936
0.052,-3.695
-0.007,-2.049
-0.077,-3.414
-0.228,-0.421
-0.281,-2.132
-0.41,-2.952
-0.478,-3.225
-0.517,-3.718
-0.57,-1.613
-0.84,-0.448
-0.785,-1.39
-0.796,-1.687
-0.895,-1.641
-1.118,-3.99
-1.06,-2.652
-1.223,-2.274
-1.321,-2.67
-1.354,-3.625
-1.418,-1.343
-1.463,-0.305
-1.684,-2.613
-1.615,-2.295
-1.794,-1.267
-1.803,-1.266
-1.771,-4.007
-1.792,-0.279
-1.927,-1.365
-1.974,-0.991
-2.027,-2.006
-2.016,-2.728
-2.078,-2.846
-2.113,-0.059
-2.235,-1.026
-2.278,-1.412
-2.198,-1.426
-2.358,-3.656
-2.448,-0.399
-2.432,-0.503
-2.665,-2.832
-2.595,-0.12
-2.647,-2.654
-2.753,-1.815
-2.692,-2.529
-2.789,-2.514
-2.779,-1.79
-2.922,-2.532
-2.845,-0.257
-2.971,-3.407
-3.091,-3.016
3.078,-1.804
3.052,-1.333
3.068,-1.583
3.029,-2.44
3.129,-2.053
3.018,-0.38
3.014,-1.487
2.869,-1.864
2.926,-0.053
2.79,-2.423
2.901,-3.572
2.858,-2.486
2.511,-2.145
2.126,-0.36
2.211,-2.564
2.197,-3.496
1.93,-3.615
1.243,-4.33
0.609,-4.084
0.759,-4.314
0.192,-4.311
0.178,-4.299
-0.341,-4.359
-0.28,-4.143
-1.776,-4.279
-2.352,-4.418
-2.57,-4.304
2.424,-4.425
1.06,0.16
-0.33,0.123
-0.885,0.009
-0.943,0.302
-2.966,0.291
-2.903,0.103
1.876,0.313
-2.523,-0.544
-2.719,-1.451
-2.746,-1.27
2.514,-1.107
2.518,-2.059
2.563,-0.725
2.444,-1.448
2.31,-1.682
2.923,-1.509
2.498,-3.03
2.325,-2.867
0.254,0.314
2.417,-0.245
-0.172,-0.176
-0.304,-0.242
-1.414,-0.114
-2.304,-0.122
2.991,-0.328
2.949,0.038
2.743,-0.011
2.735,-0.219
-1.994,-2.434
-2.125,-0.923
2.849,-0.942
2.709,-3.791
1.945,-3.27
1.909,-3.259
1.444,-3.419
1.236,-1.817
1.185,-2.526
0.984,-3.25
1.043,-3.045
0.93,-2.181
0.904,-3.029
0.854,-1.803
0.843,-1.791
0.782,-0.378
0.536,-4.168
0.66,-2.71
0.627,-1.644
0.378,-4.176
0.441,-0.615
0.249,-3.297
0.279,-1.336
0.294,-4.095
0.235,-2.449
0.165,-3.814
0.014,-0.821
-0.039,-2.532
-0.168,-3.352
-0.236,-3.625
-0.275,-4.118
-0.328,-2.013
-0.598,-0.848
-0.543,-1.79
-0.554,-2.087
-0.653,-2.041
-0.876,-4.39
-0.818,-3.052
-0.981,-2.674
-1.079,-3.07
-1.112,-4.025
-1.176,-1.743
-1.221,-0.705
-1.442,-3.013
-1.373,-2.695
-1.552,-1.667
-1.561,-1.666
-1.529,-4.407
-1.55,-0.679
-1.685,-1.765
-1.732,-1.391
-1.785,-2.406
-1.774,-3.128
-1.836,-3.246
-1.871,-0.459
-1.993,-1.426
-2.036,-1.812
-1.956,-1.826
-2.116,-4.056
-2.206,-0.799
-2.19,-0.903
-2.423,-3.232
-2.353,-0.52
-2.405,-3.054
-2.511,-2.215
-2.45,-2.929
-2.547,-2.914
-2.537,-2.19
-2.68,-2.932
-2.603,-0.657
-2.729,-3.807
-2.849,-3.416
-2.963,-2.204
-2.989,-1.733
-2.973,-1.983
-3.012,-2.84
-2.912,-2.453
-3.023,-0.78
-3.027,-1.887
3.111,-2.264
-3.115,-0.453
3.032,-2.823
-3.14,-3.972
3.1,-2.886
2.753,-2.545
2.368,-0.76
2.453,-2.964
2.439,-3.896
2.172,-4.015
1.485,-4.73
0.851,-4.484
1.001,-4.714
0.434,-4.711
0.42,-4.699
-0.099,-4.759
-0.038,-4.543
-1.534,-4.679
-2.11,-4.818
-2.328,-4.704
2.666,-4.825
1.302,-0.24
-0.088,-0.277
-0.643,-0.391
-0.701,-0.098
-2.724,-0.109
-2.661,-0.297
2.118,-0.087
-2.281,-0.944
-2.477,-1.851
-2.504,-1.67
2.756,-1.507
2.76,-2.459
2.805,-1.125
2.686,-1.848
2.552,-2.082
-3.118,-1.909
2.74,-3.43
2.567,-3.267
0.496,-0.086
2.659,-0.645
-0.132,-0.066
-1.242,0.062
-2.132,0.054
-3.12,-0.152
3.121,0.214
2.915,0.165
2.907,-0.043
-1.822,-2.258
-1.953,-0.747
3.021,-0.766
2.881,-3.615
2.117,-3.094
2.081,-3.083
1.616,-3.243
1.408,-1.641
1.357,-2.35
1.156,-3.074
1.215,-2.869
1.102,-2.005
1.076,-2.853
1.026,-1.627
1.015,-1.615
0.954,-0.202
0.708,-3.992
0.832,-2.534
0.799,-1.468
0.55,-4.0
0.613,-0.439
0.421,-3.121
0.451,-1.16
0.466,-3.919
0.407,-2.273
0.337,-3.638
0.186,-0.645
0.133,-2.356
0.004,-3.176
-0.064,-3.449
-0.103,-3.942
-0.156,-1.837
-0.426,-0.672
-0.371,-1.614
-0.382,-1.911
-0.481,-1.865
-0.704,-4.214
-0.646,-2.876
-0.809,-2.498
-0.907,-2.894
-0.94,-3.849
-1.004,-1.567
-1.049,-0.529
-1.27,-2.837
-1.201,-2.519
-1.38,-1.491
-1.389,-1.49
-1.357,-4.231
-1.378,-0.503
-1.513,-1.589
-1.56,-1.215
-1.613,-2.23
-1.602,-2.952
-1.664,-3.07
-1.699,-0.283
-1.821,-1.25
-1.864,-1.636
-1.784,-1.65
-1.944,-3.88
-2.034,-0.623
-2.018,-0.727
-2.251,-3.056
-2.181,-0.344
-2.233,-2.878
-2.339,-2.039
-2.278,-2.753
-2.375,-2.738
-2.365,-2.014
-2.508,-2.756
-2.431,-0.481
-2.557,-3.631
-2.677,-3.24
-2.791,-2.028
-2.817,-1.557
-2.801,-1.807
-2.84,-2.664
-2.74,-2.277
-2.851,-0.604
-2.855,-1.711
-3.0,-2.088
-2.943,-0.277
-3.079,-2.647
-2.968,-3.796
-3.011,-2.71
2.925,-2.369
2.54,-0.584
2.625,-2.788
2.611,-3.72
2.344,-3.839
1.657,-4.554
1.023,-4.308
1.173,-4.538
0.606,-4.535
0.592,-4.523
0.073,-4.583
0.134,-4.367
-1.362,-4.503
-1.938,-4.642
-2.156,-4.528
2.838,-4.649
1.474,-0.064
0.084,-0.101
-0.471,-0.215
-0.529,0.078
-2.552,0.067
-2.489,-0.121
2.29,0.089
-2.109,-0.768
-2.305,-1.675
-2.332,-1.494
2.928,-1.331
2.932,-2.283
2.977,-0.949
2.858,-1.672
2.724,-1.906
-2.946,-1.733
2.912,-3.254
2.739,-3.091
0.668,0.09
2.831,-0.469
-1.11,0.128
-2.0,0.12
-2.988,-0.086
-3.03,0.28
3.047,0.231
3.039,0.023
-1.69,-2.192
-1.821,-0.681
-3.13,-0.7
3.013,-3.549
2.249,-3.028
2.213,-3.017
1.748,-3.177
1.54,-1.575
1.489,-2.284
1.288,-3.008
1.347,-2.803
1.234,-1.939
1.208,-2.787
1.158,-1.561
1.147,-1.549
1.086,-0.136
0.84,-3.926
0.964,-2.468
0.931,-1.402
0.682,-3.934
0.745,-0.373
0.553,-3.055
0.583,-1.094
0.598,-3.853
0.539,-2.207
0.469,-3.572
0.318,-0.579
0.265,-2.29
0.136,-3.11
0.068,-3.383
0.029,-3.876
-0.024,-1.771
-0.294,-0.606
-0.239,-1.548
-0.25,-1.845
-0.349,-1.799
-0.572,-4.148
-0.514,-2.81
-0.677,-2.432
-0.775,-2.828
-0.808,-3.783
-0.872,-1.501
-0.917,-0.463
-1.138,-2.771
-1.069,-2.453
-1.248,-1.425
-1.257,-1.424
-1.225,-4.165
-1.246,-0.437
-1.381,-1.523
-1.428,-1.149
-1.481,-2.164
-1.47,-2.886
-1.532,-3.004
-1.567,-0.217
-1.689,-1.184
-1.732,-1.57
-1.652,-1.584
-1.812,-3.814
-1.902,-0.557
-1.886,-0.661
-2.119,-2.99
-2.049,-0.278
-2.101,-2.812
-2.207,-1.973
-2.146,-2.687
-2.243,-2.672
-2.233,-1.948
-2.376,-2.69
-2.299,-0.415
-2.425,-3.565
-2.545,-3.174
-2.659,-1.962
-2.685,-1.491
-2.669,-1.741
-2.708,-2.598
-2.608,-2.211
-2.719,-0.538
-2.723,-1.645
-2.868,-2.022
-2.811,-0.211
-2.947,-2.581
-2.836,-3.73
-2.879,-2.644
3.057,-2.303
2.672,-0.518
2.757,-2.722
2.743,-3.654
2.476,-3.773
1.789,-4.488
1.155,-4.242
1.305,-4.472
0.738,-4.469
0.724,-4.457
0.205,-4.517
0.266,-4.301
-1.23,-4.437
-1.806,-4.576
-2.024,-4.462
2.97,-4.583
1.606,0.002
0.216,-0.035
-0.339,-0.149
-0.397,0.144
-2.42,0.133
-2.357,-0.055
2.422,0.155
-1.977,-0.702
-2.173,-1.609
-2.2,-1.428
3.06,-1.265
3.064,-2.217
3.109,-0.883
2.99,-1.606
2.856,-1.84
-2.814,-1.667
3.044,-3.188
2.871,-3.025
0.8,0.156
2.963,-0.403
-0.89,-0.008
-1.878,-0.214
-1.92,0.152
-2.126,0.103
-2.134,-0.105
-0.58,-2.32
-0.711,-0.809
-2.02,-0.828
-2.16,-3.677
-2.924,-3.156
-2.96,-3.145
2.858,-3.305
2.65,-1.703
2.599,-2.412
2.398,-3.136
2.457,-2.931
2.344,-2.067
2.318,-2.915
2.268,-1.689
2.257,-1.677
2.196,-0.264
1.95,-4.054
2.074,-2.596
2.041,-1.53
1.792,-4.062
1.855,-0.501
1.663,-3.183
1.693,-1.222
1.708,-3.981
1.649,-2.335
1.579,-3.7
1.428,-0.707
1.375,-2.418
1.246,-3.238
1.178,-3.511
1.139,-4.004
1.086,-1.899
0.816,-0.734
0.871,-1.676
0.86,-1.973
0.761,-1.927
0.538,-4.276
0.596,-2.938
0.433,-2.56
0.335,-2.956
0.302,-3.911
0.238,-1.629
0.193,-0.591
-0.028,-2.899
0.041,-2.581
-0.138,-1.553
-0.147,-1.552
-0.115,-4.293
-0.136,-0.565
-0.271,-1.651
-0.318,-1.277
-0.371,-2.292
-0.36,-3.014
-0.422,-3.132
-0.457,-0.345
-0.579,-1.312
-0.622,-1.698
-0.542,-1.712
-0.702,-3.942
-0.792,-0.685
-0.776,-0.789
-1.009,-3.118
-0.939,-0.406
-0.991,-2.94
-1.097,-2.101
-1.036,-2.815
-1.133,-2.8
-1.123,-2.076
-1.266,-2.818
-1.189,-0.543
-1.315,-3.693
-1.435,-3.302
-1.549,-2.09
-1.575,-1.619
-1.559,-1.869
-1.598,-2.726
-1.498,-2.339
-1.609,-0.666
-1.613,-1.773
-1.758,-2.15
-1.701,-0.339
-1.837,-2.709
-1.726,-3.858
-1.769,-2.772
-2.116,-2.431
-2.501,-0.646
-2.416,-2.85
-2.43,-3.782
-2.697,-3.901
2.899,-4.616
2.265,-4.37
2.415,-4.6
1.848,-4.597
1.834,-4.585
1.315,-4.645
1.376,-4.429
-0.12,-4.565
-0.696,-4.704
-0.914,-4.59
-2.203,-4.711
2.716,-0.126
1.326,-0.163
0.771,-0.277
0.713,0.016
-1.31,0.005
-1.247,-0.183
-2.751,0.027
-0.867,-0.83
-1.063,-1.737
-1.09,-1.556
-2.113,-1.393
-2.109,-2.345
-2.064,-1.011
-2.183,-1.734
-2.317,-1.968
-1.704,-1.795
-2.129,-3.316
-2.302,-3.153
1.91,0.028
-2.21,-0.531
-0.988,-0.206
-1.03,0.16
-1.236,0.111
-1.244,-0.097
0.31,-2.312
0.179,-0.801
-1.13,-0.82
-1.27,-3.669
-2.034,-3.148
-2.07,-3.137
-2.535,-3.297
-2.743,-1.695
-2.794,-2.404
-2.995,-3.128
-2.936,-2.923
-3.049,-2.059
-3.075,-2.907
-3.125,-1.681
-3.136,-1.669
3.086,-0.256
2.84,-4.046
2.964,-2.588
2.931,-1.522
2.682,-4.054
2.745,-0.493
2.553,-3.175
2.583,-1.214
2.598,-3.973
2.539,-2.327
2.469,-3.692
2.318,-0.699
2.265,-2.41
2.136,-3.23
2.068,-3.503
2.029,-3.996
1.976,-1.891
1.706,-0.726
1.761,-1.668
1.75,-1.965
1.651,-1.919
1.428,-4.268
1.486,-2.93
1.323,-2.552
1.225,-2.948
1.192,-3.903
1.128,-1.621
1.083,-0.583
0.862,-2.891
0.931,-2.573
0.752,-1.545
0.743,-1.544
0.775,-4.285
0.754,-0.557
0.619,-1.643
0.572,-1.269
0.519,-2.284
0.53,-3.006
0.468,-3.124
0.433,-0.337
0.311,-1.304
0.268,-1.69
0.348,-1.704
0.188,-3.934
0.098,-0.677
0.114,-0.781
-0.119,-3.11
-0.049,-0.398
-0.101,-2.932
-0.207,-2.093
-0.146,-2.807
-0.243,-2.792
-0.233,-2.068
-0.376,-2.81
-0.299,-0.535
-0.425,-3.685
-0.545,-3.294
-0.659,-2.082
-0.685,-1.611
-0.669,-1.861
-0.708,-2.718
-0.608,-2.331
-0.719,-0.658
-0.723,-1.765
-0.868,-2.142
-0.811,-0.331
-0.947,-2.701
-0.836,-3.85
-0.879,-2.764
-1.226,-2.423
-1.611,-0.638
-1.526,-2.842
-1.54,-3.774
-1.807,-3.893
-2.494,-4.608
-3.128,-4.362
-2.978,-4.592
2.738,-4.589
2.724,-4.577
2.205,-4.637
2.266,-4.421
0.77,-4.557
0.194,-4.696
-0.024,-4.582
-1.313,-4.703
-2.677,-0.118
2.216,-0.155
1.661,-0.269
1.603,0.024
-0.42,0.013
-0.357,-0.175
-1.861,0.035
0.023,-0.822
-0.173,-1.729
-0.2,-1.548
-1.223,-1.385
-1.219,-2.337
-1.174,-1.003
-1.293,-1.726
-1.427,-1.96
-0.814,-1.787
-1.239,-3.308
-1.412,-3.145
2.8,0.036
-1.32,-0.523
-0.042,0.366
-0.248,0.317
-0.256,0.109
1.298,-2.106
1.167,-0.595
-0.142,-0.614
-0.282,-3.463
-1.046,-2.942
-1.082,-2.931
-1.547,-3.091
-1.755,-1.489
-1.806,-2.198
-2.007,-2.922
-1.948,-2.717
-2.061,-1.853
-2.087,-2.701
-2.137,-1.475
-2.148,-1.463
-2.209,-0.05
-2.455,-3.84
-2.331,-2.382
-2.364,-1.316
-2.613,-3.848
-2.55,-0.287
-2.742,-2.969
-2.712,-1.008
-2.697,-3.767
-2.756,-2.121
-2.826,-3.486
-2.977,-0.493
-3.03,-2.204
3.124,-3.024
3.056,-3.297
3.017,-3.79
2.964,-1.685
2.694,-0.52
2.749,-1.462
2.738,-1.759
2.639,-1.713
2.416,-4.062
2.474,-2.724
2.311,-2.346
2.213,-2.742
2.18,-3.697
2.116,-1.415
2.071,-0.377
1.85,-2.685
1.919,-2.367
1.74,-1.339
1.731,-1.338
1.763,-4.079
1.742,-0.351
1.607,-1.437
1.56,-1.063
1.507,-2.078
1.518,-2.8
1.456,-2.918
1.421,-0.131
1.299,-1.098
1.256,-1.484
1.336,-1.498
1.176,-3.728
1.086,-0.471
1.102,-0.575
0.869,-2.904
0.939,-0.192
0.887,-2.726
0.781,-1.887
0.842,-2.601
0.745,-2.586
0.755,-1.862
0.612,-2.604
0.689,-0.329
0.563,-3.479
0.443,-3.088
0.329,-1.876
0.303,-1.405
0.319,-1.655
0.28,-2.512
0.38,-2.125
0.269,-0.452
0.265,-1.559
0.12,-1.936
0.177,-0.125
0.041,-2.495
0.152,-3.644
0.109,-2.558
-0.238,-2.217
-0.623,-0.432
-0.538,-2.636
-0.552,-3.568
-0.819,-3.687
-1.506,-4.402
-2.14,-4.156
-1.99,-4.386
-2.557,-4.383
-2.571,-4.371
-3.09,-4.431
-3.029,-4.215
1.758,-4.351
1.182,-4.49
0.964,-4.376
-0.325,-4.497
-1.689,0.088
-3.079,0.051
2.649,-0.063
2.591,0.23
0.568,0.219
0.631,0.031
-0.873,0.241
1.011,-0.616
0.815,-1.523
0.788,-1.342
-0.235,-1.179
-0.231,-2.131
-0.186,-0.797
-0.305,-1.52
-0.439,-1.754
0.174,-1.581
-0.251,-3.102
-0.424,-2.939
-2.495,0.242
-0.332,-0.317
-0.206,-0.049
-0.214,-0.257
1.34,-2.472
1.209,-0.961
-0.1,-0.98
-0.24,-3.829
-1.004,-3.308
-1.04,-3.297
-1.505,-3.457
-1.713,-1.855
-1.764,-2.564
-1.965,-3.288
-1.906,-3.083
-2.019,-2.219
-2.045,-3.067
-2.095,-1.841
-2.106,-1.829
-2.167,-0.416
-2.413,-4.206
-2.289,-2.748
-2.322,-1.682
-2.571,-4.214
-2.508,-0.653
-2.7,-3.335
-2.67,-1.374
-2.655,-4.133
-2.714,-2.487
-2.784,-3.852
-2.935,-0.859
-2.988,-2.57
-3.117,-3.39
3.098,-3.663
3.059,-4.156
3.006,-2.051
2.736,-0.886
2.791,-1.828
2.78,-2.125
2.681,-2.079
2.458,-4.428
2.516,-3.09
2.353,-2.712
2.255,-3.108
2.222,-4.063
2.158,-1.781
2.113,-0.743
1.892,-3.051
1.961,-2.733
1.782,-1.705
1.773,-1.704
1.805,-4.445
1.784,-0.717
1.649,-1.803
1.602,-1.429
1.549,-2.444
1.56,-3.166
1.498,-3.284
1.463,-0.497
1.341,-1.464
1.298,-1.85
1.378,-1.864
1.218,-4.094
1.128,-0.837
1.144,-0.941
0.911,-3.27
0.981,-0.558
0.929,-3.092
0.823,-2.253
0.884,-2.967
0.787,-2.952
0.797,-2.228
0.654,-2.97
0.731,-0.695
0.605,-3.845
0.485,-3.454
0.371,-2.242
0.345,-1.771
0.361,-2.021
0.322,-2.878
0.422,-2.491
0.311,-0.818
0.307,-1.925
0.162,-2.302
0.219,-0.491
0.083,-2.861
0.194,-4.01
0.151,-2.924
-0.196,-2.583
-0.581,-0.798
-0.496,-3.002
-0.51,-3.934
-0.777,-4.053
-1.464,-4.768
-2.098,-4.522
-1.948,-4.752
-2.515,-4.749
-2.529,-4.737
-3.048,-4.797
-2.987,-4.581
1.8,-4.717
1.224,-4.856
1.006,-4.742
-0.283,-4.863
-1.647,-0.278
-3.037,-0.315
2.691,-0.429
2.633,-0.136
0.61,-0.147
0.673,-0.335
-0.831,-0.125
1.053,-0.982
0.857,-1.889
0.83,-1.708
-0.193,-1.545
-0.189,-2.497
-0.144,-1.163
-0.263,-1.886
-0.397,-2.12
0.216,-1.947
-0.209,-3.468
-0.382,-3.305
-2.453,-0.124
-0.29,-0.683
-0.008,-0.208
1.546,-2.423
1.415,-0.912
0.106,-0.931
-0.034,-3.78
-0.798,-3.259
-0.834,-3.248
-1.299,-3.408
-1.507,-1.806
-1.558,-2.515
-1.759,-3.239
-1.7,-3.034
-1.813,-2.17
-1.839,-3.018
-1.889,-1.792
-1.9,-1.78
-1.961,-0.367
-2.207,-4.157
-2.083,-2.699
-2.116,-1.633
-2.365,-4.165
-2.302,-0.604
-2.494,-3.286
-2.464,-1.325
-2.449,-4.084
-2.508,-2.438
-2.578,-3.803
-2.729,-0.81
-2.782,-2.521
-2.911,-3.341
-2.979,-3.614
-3.018,-4.107
-3.071,-2.002
2.942,-0.837
2.997,-1.779
2.986,-2.076
2.887,-2.03
2.664,-4.379
2.722,-3.041
2.559,-2.663
2.461,-3.059
2.428,-4.014
2.364,-1.732
2.319,-0.694
2.098,-3.002
2.167,-2.684
1.988,-1.656
1.979,-1.655
2.011,-4.396
1.99,-0.668
1.855,-1.754
1.808,-1.38
1.755,-2.395
1.766,-3.117
1.704,-3.235
1.669,-0.448
1.547,-1.415
1.504,-1.801
1.584,-1.815
1.424,-4.045
1.334,-0.788
1.35,-0.892
1.117,-3.221
1.187,-0.509
1.135,-3.043
1.029,-2.204
1.09,-2.918
0.993,-2.903
1.003,-2.179
0.86,-2.921
0.937,-0.646
0.811,-3.796
0.691,-3.405
0.577,-2.193
0.551,-1.722
0.567,-1.972
0.528,-2.829
0.628,-2.442
0.517,-0.769
0.513,-1.876
0.368,-2.253
0.425,-0.442
0.289,-2.812
0.4,-3.961
0.357,-2.875
0.01,-2.534
-0.375,-0.749
-0.29,-2.953
-0.304,-3.885
-0.571,-4.004
-1.258,-4.719
-1.892,-4.473
-1.742,-4.703
-2.309,-4.7
-2.323,-4.688
-2.842,-4.748
-2.781,-4.532
2.006,-4.668
1.43,-4.807
1.212,-4.693
-0.077,-4.814
-1.441,-0.229
-2.831,-0.266
2.897,-0.38
2.839,-0.087
0.816,-0.098
0.879,-0.286
-0.625,-0.076
1.259,-0.933
1.063,-1.84
1.036,-1.659
0.013,-1.496
0.017,-2.448
0.062,-1.114
-0.057,-1.837
-0.191,-2.071
0.422,-1.898
-0.003,-3.419
-0.176,-3.256
-2.247,-0.075
-0.084,-0.634
1.554,-2.215
1.423,-0.704
0.114,-0.723
-0.026,-3.572
-0.79,-3.051
-0.826,-3.04
-1.291,-3.2
-1.499,-1.598
-1.55,-2.307
-1.751,-3.031
-1.692,-2.826
-1.805,-1.962
-1.831,-2.81
-1.881,-1.584
-1.892,-1.572
-1.953,-0.159
-2.199,-3.949
-2.075,-2.491
-2.108,-1.425
-2.357,-3.957
-2.294,-0.396
-2.486,-3.078
-2.456,-1.117
-2.441,-3.876
-2.5,-2.23
-2.57,-3.595
-2.721,-0.602
-2.774,-2.313
-2.903,-3.133
-2.971,-3.406
-3.01,-3.899
-3.063,-1.794
2.95,-0.629
3.005,-1.571
2.994,-1.868
2.895,-1.822
2.672,-4.171
2.73,-2.833
2.567,-2.455
2.469,-2.851
2.436,-3.806
2.372,-1.524
2.327,-0.486
2.106,-2.794
2.175,-2.476
1.996,-1.448
1.987,-1.447
2.019,-4.188
1.998,-0.46
1.863,-1.546
1.816,-1.172
1.763,-2.187
1.774,-2.909
1.712,-3.027
1.677,-0.24
1.555,-1.207
1.512,-1.593
1.592,-1.607
1.432,-3.837
1.342,-0.58
1.358,-0.684
1.125,-3.013
1.195,-0.301
1.143,-2.835
1.037,-1.996
1.098,-2.71
1.001,-2.695
1.011,-1.971
0.868,-2.713
0.945,-0.438
0.819,-3.588
0.699,-3.197
0.585,-1.985
0.559,-1.514
0.575,-1.764
0.536,-2.621
0.636,-2.234
0.525,-0.561
0.521,-1.668
0.376,-2.045
0.433,-0.234
0.297,-2.604
0.408,-3.753
0.365,-2.667
0.018,-2.326
-0.367,-0.541
-0.282,-2.745
-0.296,-3.677
-0.563,-3.796
-1.25,-4.511
-1.884,-4.265
-1.734,-4.495
-2.301,-4.492
-2.315,-4.48
-2.834,-4.54
-2.773,-4.324
2.014,-4.46
1.438,-4.599
1.22,-4.485
-0.069,-4.606
-1.433,-0.021
-2.823,-0.058
2.905,-0.172
2.847,0.121
0.824,0.11
0.887,-0.078
-0.617,0.132
1.267,-0.725
1.071,-1.632
1.044,-1.451
0.021,-1.288
0.025,-2.24
0.07,-0.906
-0.049,-1.629
-0.183,-1.863
0.43,-1.69
0.005,-3.211
-0.168,-3.048
-2.239,0.133
-0.076,-0.426
-0.131,1.511
-1.44,1.492
-1.58,-1.357
-2.344,-0.836
-2.38,-0.825
-2.845,-0.985
-3.053,0.617
-3.104,-0.092
2.978,-0.816
3.037,-0.611
2.924,0.253
2.898,-0.595
2.848,0.631
2.837,0.643
2.776,2.056
2.53,-1.734
2.654,-0.276
2.621,0.79
2.372,-1.742
2.435,1.819
2.243,-0.863
2.273,1.098
2.288,-1.661
2.229,-0.015
2.159,-1.38
2.008,1.613
1.955,-0.098
1.826,-0.918
1.758,-1.191
1.719,-1.684
1.666,0.421
1.396,1.586
1.451,0.644
1.44,0.347
1.341,0.393
1.118,-1.956
1.176,-0.618
1.013,-0.24
0.915,-0.636
0.882,-1.591
0.818,0.691
0.773,1.729
0.552,-0.579
0.621,-0.261
0.442,0.767
0.433,0.768
0.465,-1.973
0.444,1.755
0.309,0.669
0.262,1.043
0.209,0.028
0.22,-0.694
0.158,-0.812
0.123,1.975
0.001,1.008
-0.042,0.622
0.038,0.608
-0.122,-1.622
-0.212,1.635
-0.196,1.531
-0.429,-0.798
-0.359,1.914
-0.411,-0.62
-0.517,0.219
-0.456,-0.495
-0.553,-0.48
-0.543,0.244
-0.686,-0.498
-0.609,1.777
-0.735,-1.373
-0.855,-0.982
-0.969,0.23
-0.995,0.701
-0.979,0.451
-1.018,-0.406
-0.918,-0.019
-1.029,1.654
-1.033,0.547
-1.178,0.17
-1.121,1.981
-1.257,-0.389
-1.146,-1.538
-1.189,-0.452
-1.536,-0.111
-1.921,1.674
-1.836,-0.53
-1.85,-1.462
-2.117,-1.581
-2.804,-2.296
2.845,-2.05
2.995,-2.28
2.428,-2.277
2.414,-2.265
1.895,-2.325
1.956,-2.109
0.46,-2.245
-0.116,-2.384
-0.334,-2.27
-1.623,-2.391
-2.987,2.194
1.906,2.157
1.351,2.043
1.293,2.336
-0.73,2.325
-0.667,2.137
-2.171,2.347
-0.287,1.49
-0.483,0.583
-0.51,0.764
-1.533,0.927
-1.529,-0.025
-1.484,1.309
-1.603,0.586
-1.737,0.352
-1.124,0.525
-1.549,-0.996
-1.722,-0.833
2.49,2.348
-1.63,1.789
-1.309,-0.019
-1.449,-2.868
-2.213,-2.347
-2.249,-2.336
-2.714,-2.496
-2.922,-0.894
-2.973,-1.603
3.109,-2.327
-3.115,-2.122
3.055,-1.258
3.029,-2.106
2.979,-0.88
2.968,-0.868
2.907,0.545
2.661,-3.245
2.785,-1.787
2.752,-0.721
2.503,-3.253
2.566,0.308
2.374,-2.374
2.404,-0.413
2.419,-3.172
2.36,-1.526
2.29,-2.891
2.139,0.102
2.086,-1.609
1.957,-2.429
1.889,-2.702
1.85,-3.195
1.797,-1.09
1.527,0.075
1.582,-0.867
1.571,-1.164
1.472,-1.118
1.249,-3.467
1.307,-2.129
1.144,-1.751
1.046,-2.147
1.013,-3.102
0.949,-0.82
0.904,0.218
0.683,-2.09
0.752,-1.772
0.573,-0.744
0.564,-0.743
0.596,-3.484
0.575,0.244
0.44,-0.842
0.393,-0.468
0.34,-1.483
0.351,-2.205
0.289,-2.323
0.254,0.464
0.132,-0.503
0.089,-0.889
0.169,-0.903
0.009,-3.133
-0.081,0.124
-0.065,0.02
-0.298,-2.309
-0.228,0.403
-0.28,-2.131
-0.386,-1.292
-0.325,-2.006
-0.422,-1.991
-0.412,-1.267
-0.555,-2.009
-0.478,0.266
-0.604,-2.884
-0.724,-2.493
-0.838,-1.281
-0.864,-0.81
-0.848,-1.06
-0.887,-1.917
-0.787,-1.53
-0.898,0.143
-0.902,-0.964
-1.047,-1.341
-0.99,0.47
-1.126,-1.9
-1.015,-3.049
-1.058,-1.963
-1.405,-1.622
-1.79,0.163
-1.705,-2.041
-1.719,-2.973
-1.986,-3.092
-2.673,-3.807
2.976,-3.561
3.126,-3.791
2.559,-3.788
2.545,-3.776
2.026,-3.836
2.087,-3.62
0.591,-3.756
0.015,-3.895
-0.203,-3.781
-1.492,-3.902
-2.856,0.683
2.037,0.646
1.482,0.532
1.424,0.825
-0.599,0.814
-0.536,0.626
-2.04,0.836
-0.156,-0.021
-0.352,-0.928
-0.379,-0.747
-1.402,-0.584
-1.398,-1.536
-1.353,-0.202
-1.472,-0.925
-1.606,-1.159
-0.993,-0.986
-1.418,-2.507
-1.591,-2.344
2.621,0.837
-1.499,0.278
-0.14,-2.849
-0.904,-2.328
-0.94,-2.317
-1.405,-2.477
-1.613,-0.875
-1.664,-1.584
-1.865,-2.308
-1.806,-2.103
-1.919,-1.239
-1.945,-2.087
-1.995,-0.861
-2.006,-0.849
-2.067,0.564
-2.313,-3.226
-2.189,-1.768
-2.222,-0.702
-2.471,-3.234
-2.408,0.327
-2.6,-2.355
-2.57,-0.394
-2.555,-3.153
-2.614,-1.507
-2.684,-2.872
-2.835,0.121
-2.888,-1.59
-3.017,-2.41
-3.085,-2.683
-3.124,-3.176
3.106,-1.071
2.836,0.094
2.891,-0.848
2.88,-1.145
2.781,-1.099
2.558,-3.448
2.616,-2.11
2.453,-1.732
2.355,-2.128
2.322,-3.083
2.258,-0.801
2.213,0.237
1.992,-2.071
2.061,-1.753
1.882,-0.725
1.873,-0.724
1.905,-3.465
1.884,0.263
1.749,-0.823
1.702,-0.449
1.649,-1.464
1.66,-2.186
1.598,-2.304
1.563,0.483
1.441,-0.484
1.398,-0.87
1.478,-0.884
1.318,-3.114
1.228,0.143
1.244,0.039
1.011,-2.29
1.081,0.422
1.029,-2.112
0.923,-1.273
0.984,-1.987
0.887,-1.972
0.897,-1.248
0.754,-1.99
0.831,0.285
0.705,-2.865
0.585,-2.474
0.471,-1.262
0.445,-0.791
0.461,-1.041
0.422,-1.898
0.522,-1.511
0.411,0.162
0.407,-0.945
0.262,-1.322
0.319,0.489
0.183,-1.881
0.294,-3.03
0.251,-1.944
-0.096,-1.603
-0.481,0.182
-0.396,-2.022
-0.41,-2.954
-0.677,-3.073
-1.364,-3.788
-1.998,-3.542
-1.848,-3.772
-2.415,-3.769
-2.429,-3.757
-2.948,-3.817
-2.887,-3.601
1.9,-3.737
1.324,-3.876
1.106,-3.762
-0.183,-3.883
-1.547,0.702
-2.937,0.665
2.791,0.551
2.733,0.844
0.71,0.833
0.773,0.645
-0.731,0.855
1.153,-0.002
0.957,-0.909
0.93,-0.728
-0.093,-0.565
-0.089,-1.517
-0.044,-0.183
-0.163,-0.906
-0.297,-1.14
0.316,-0.967
-0.109,-2.488
-0.282,-2.325
-2.353,0.856
-0.19,0.297
-0.764,0.521
-0.8,0.532
-1.265,0.372
-1.473,1.974
-1.524,1.265
-1.725,0.541
-1.666,0.746
-1.779,1.61
-1.805,0.762
-1.855,1.988
-1.866,2.0
-1.927,3.413
-2.173,-0.377
-2.049,1.081
-2.082,2.147
-2.331,-0.385
-2.268,3.176
-2.46,0.494
-2.43,2.455
-2.415,-0.304
-2.474,1.342
-2.544,-0.023
-2.695,2.97
-2.748,1.259
-2.877,0.439
-2.945,0.166
-2.984,-0.327
-3.037,1.778
2.976,2.943
3.031,2.001
3.02,1.704
2.921,1.75
2.698,-0.599
2.756,0.739
2.593,1.117
2.495,0.721
2.462,-0.234
2.398,2.048
2.353,3.086
2.132,0.778
2.201,1.096
2.022,2.124
2.013,2.125
2.045,-0.616
2.024,3.112
1.889,2.026
1.842,2.4
1.789,1.385
1.8,0.663
1.738,0.545
1.703,3.332
1.581,2.365
1.538,1.979
1.618,1.965
1.458,-0.265
1.368,2.992
1.384,2.888
1.151,0.559
1.221,3.271
1.169,0.737
1.063,1.576
1.124,0.862
1.027,0.877
1.037,1.601
0.894,0.859
0.971,3.134
0.845,-0.016
0.725,0.375
0.611,1.587
0.585,2.058
0.601,1.808
0.562,0.951
0.662,1.338
0.551,3.011
0.547,1.904
0.402,1.527
0.459,3.338
0.323,0.968
0.434,-0.181
0.391,0.905
0.044,1.246
-0.341,3.031
-0.256,0.827
-0.27,-0.105
-0.537,-0.224
-1.224,-0.939
-1.858,-0.693
-1.708,-0.923
-2.275,-0.92
-2.289,-0.908
-2.808,-0.968
-2.747,-0.752
2.04,-0.888
1.464,-1.027
1.246,-0.913
-0.043,-1.034
-1.407,3.551
-2.797,3.514
2.931,3.4
2.873,3.693
0.85,3.682
0.913,3.494
-0.591,3.704
1.293,2.847
1.097,1.94
1.07,2.121
0.047,2.284
0.051,1.332
0.096,2.666
-0.023,1.943
-0.157,1.709
0.456,1.882
0.031,0.361
-0.142,0.524
-2.213,3.705
-0.05,3.146
-0.036,0.011
-0.501,-0.149
-0.709,1.453
-0.76,0.744
-0.961,0.02
-0.902,0.225
-1.015,1.089
-1.041,0.241
-1.091,1.467
-1.102,1.479
-1.163,2.892
-1.409,-0.898
-1.285,0.56
-1.318,1.626
-1.567,-0.906
-1.504,2.655
-1.696,-0.027
-1.666,1.934
-1.651,-0.825
-1.71,0.821
-1.78,-0.544
-1.931,2.449
-1.984,0.738
-2.113,-0.082
-2.181,-0.355
-2.22,-0.848
-2.273,1.257
-2.543,2.422
-2.488,1.48
-2.499,1.183
-2.598,1.229
-2.821,-1.12
-2.763,0.218
-2.926,0.596
-3.024,0.2
-3.057,-0.755
-3.121,1.527
3.117,2.565
2.896,0.257
2.965,0.575
2.786,1.603
2.777,1.604
2.809,-1.137
2.788,2.591
2.653,1.505
2.606,1.879
2.553,0.864
2.564,0.142
2.502,0.024
2.467,2.811
2.345,1.844
2.302,1.458
2.382,1.444
2.222,-0.786
2.132,2.471
2.148,2.367
1.915,0.038
1.985,2.75
1.933,0.216
1.827,1.055
1.888,0.341
1.791,0.356
1.801,1.08
1.658,0.338
1.735,2.613
1.609,-0.537
1.489,-0.146
1.375,1.066
1.349,1.537
1.365,1.287
1.326,0.43
1.426,0.817
1.315,2.49
1.311,1.383
1.166,1.006
1.223,2.817
1.087,0.447
1.198,-0.702
1.155,0.384
0.808,0.725
0.423,2.51
0.508,0.306
0.494,-0.626
0.227,-0.745
-0.46,-1.46
-1.094,-1.214
-0.944,-1.444
-1.511,-1.441
-1.525,-1.429
-2.044,-1.489
-1.983,-1.273
2.804,-1.409
2.228,-1.548
2.01,-1.434
0.721,-1.555
-0.643,3.03
-2.033,2.993
-2.588,2.879
-2.646,3.172
1.614,3.161
1.677,2.973
0.173,3.183
2.057,2.326
1.861,1.419
1.834,1.6
0.811,1.763
0.815,0.811
0.86,2.145
0.741,1.422
0.607,1.188
1.22,1.361
0.795,-0.16
0.622,0.003
-1.449,3.184
0.714,2.625
-0.465,-0.16
-0.673,1.442
-0.724,0.733
-0.925,0.009
-0.866,0.214
-0.979,1.078
-1.005,0.23
-1.055,1.456
-1.066,1.468
-1.127,2.881
-1.373,-0.909
-1.249,0.549
-1.282,1.615
-1.531,-0.917
-1.468,2.644
-1.66,-0.038
-1.63,1.923
-1.615,-0.836
-1.674,0.81
-1.744,-0.555
-1.895,2.438
-1.948,0.727
-2.077,-0.093
-2.145,-0.366
-2.184,-0.859
-2.237,1.246
-2.507,2.411
-2.452,1.469
-2.463,1.172
-2.562,1.218
-2.785,-1.131
-2.727,0.207
-2.89,0.585
-2.988,0.189
-3.021,-0.766
-3.085,1.516
-3.13,2.554
2.932,0.246
3.001,0.564
2.822,1.592
2.813,1.593
2.845,-1.148
2.824,2.58
2.689,1.494
2.642,1.868
2.589,0.853
2.6,0.131
2.538,0.013
2.503,2.8
2.381,1.833
2.338,1.447
2.418,1.433
2.258,-0.797
2.168,2.46
2.184,2.356
1.951,0.027
2.021,2.739
1.969,0.205
1.863,1.044
1.924,0.33
1.827,0.345
1.837,1.069
1.694,0.327
1.771,2.602
1.645,-0.548
1.525,-0.157
1.411,1.055
1.385,1.526
1.401,1.276
1.362,0.419
1.462,0.806
1.351,2.479
1.347,1.372
1.202,0.995
1.259,2.806
1.123,0.436
1.234,-0.713
1.191,0.373
0.844,0.714
0.459,2.499
0.544,0.295
0.53,-0.637
0.263,-0.756
-0.424,-1.471
-1.058,-1.225
-0.908,-1.455
-1.475,-1.452
-1.489,-1.44
-2.008,-1.5
-1.947,-1.284
2.84,-1.42
2.264,-1.559
2.046,-1.445
0.757,-1.566
-0.607,3.019
-1.997,2.982
-2.552,2.868
-2.61,3.161
1.65,3.15
1.713,2.962
0.209,3.172
2.093,2.315
1.897,1.408
1.87,1.589
0.847,1.752
0.851,0.8
0.896,2.134
0.777,1.411
0.643,1.177
1.256,1.35
0.831,-0.171
0.658,-0.008
-1.413,3.173
0.75,2.614
-0.208,1.602
-0.259,0.893
-0.46,0.169
-0.401,0.374
-0.514,1.238
-0.54,0.39
-0.59,1.616
-0.601,1.628
-0.662,3.041
-0.908,-0.749
-0.784,0.709
-0.817,1.775
-1.066,-0.757
-1.003,2.804
-1.195,0.122
-1.165,2.083
-1.15,-0.676
-1.209,0.97
-1.279,-0.395
-1.43,2.598
-1.483,0.887
-1.612,0.067
-1.68,-0.206
-1.719,-0.699
-1.772,1.406
-2.042,2.571
-1.987,1.629
-1.998,1.332
-2.097,1.378
-2.32,-0.971
-2.262,0.367
-2.425,0.745
-2.523,0.349
-2.556,-0.606
-2.62,1.676
-2.665,2.714
-2.886,0.406
-2.817,0.724
-2.996,1.752
-3.005,1.753
-2.973,-0.988
-2.994,2.74
-3.129,1.654
3.107,2.028
3.054,1.013
3.065,0.291
3.003,0.173
2.968,2.96
2.846,1.993
2.803,1.607
2.883,1.593
2.723,-0.637
2.633,2.62
2.649,2.516
2.416,0.187
2.486,2.899
2.434,0.365
2.328,1.204
2.389,0.49
2.292,0.505
2.302,1.229
2.159,0.487
2.236,2.762
2.11,-0.388
1.99,0.003
1.876,1.215
1.85,1.686
1.866,1.436
1.827,0.579
1.927,0.966
1.816,2.639
1.812,1.532
1.667,1.155
1.724,2.966
1.588,0.596
1.699,-0.553
1.656,0.533
1.309,0.874
0.924,2.659
1.009,0.455
0.995,-0.477
0.728,-0.596
0.041,-1.311
-0.593,-1.065
-0.443,-1.295
-1.01,-1.292
-1.024,-1.28
-1.543,-1.34
-1.482,-1.124
-2.978,-1.26
2.729,-1.399
2.511,-1.285
1.222,-1.406
-0.142,3.179
-1.532,3.142
-2.087,3.028
-2.145,3.321
2.115,3.31
2.178,3.122
0.674,3.332
2.558,2.475
2.362,1.568
2.335,1.749
1.312,1.912
1.316,0.96
1.361,2.294
1.242,1.571
1.108,1.337
1.721,1.51
1.296,-0.011
1.123,0.152
-0.948,3.333
1.215,2.774
-0.051,-0.709
-0.252,-1.433
-0.193,-1.228
-0.306,-0.364
-0.332,-1.212
-0.382,0.014
-0.393,0.026
-0.454,1.439
-0.7,-2.351
-0.576,-0.893
-0.609,0.173
-0.858,-2.359
-0.795,1.202
-0.987,-1.48
-0.957,0.481
-0.942,-2.278
-1.001,-0.632
-1.071,-1.997
-1.222,0.996
-1.275,-0.715
-1.404,-1.535
-1.472,-1.808
-1.511,-2.301
-1.564,-0.196
-1.834,0.969
-1.779,0.027
-1.79,-0.27
-1.889,-0.224
-2.112,-2.573
-2.054,-1.235
-2.217,-0.857
-2.315,-1.253
-2.348,-2.208
-2.412,0.074
-2.457,1.112
-2.678,-1.196
-2.609,-0.878
-2.788,0.15
-2.797,0.151
-2.765,-2.59
-2.786,1.138
-2.921,0.052
-2.968,0.426
-3.021,-0.589
-3.01,-1.311
-3.072,-1.429
-3.107,1.358
3.054,0.391
3.011,0.005
3.091,-0.009
2.931,-2.239
2.841,1.018
2.857,0.914
2.624,-1.415
2.694,1.297
2.642,-1.237
2.536,-0.398
2.597,-1.112
2.5,-1.097
2.51,-0.373
2.367,-1.115
2.444,1.16
2.318,-1.99
2.198,-1.599
2.084,-0.387
2.058,0.084
2.074,-0.166
2.035,-1.023
2.135,-0.636
2.024,1.037
2.02,-0.07
1.875,-0.447
1.932,1.364
1.796,-1.006
1.907,-2.155
1.864,-1.069
1.517,-0.728
1.132,1.057
1.217,-1.147
1.203,-2.079
0.936,-2.198
0.249,-2.913
-0.385,-2.667
-0.235,-2.897
-0.802,-2.894
-0.816,-2.882
-1.335,-2.942
-1.274,-2.726
-2.77,-2.862
2.937,-3.001
2.719,-2.887
1.43,-3.008
0.066,1.577
-1.324,1.54
-1.879,1.426
-1.937,1.719
2.323,1.708
2.386,1.52
0.882,1.73
2.766,0.873
2.57,-0.034
2.543,0.147
1.52,0.31
1.524,-0.642
1.569,0.692
1.45,-0.031
1.316,-0.265
1.929,-0.092
1.504,-1.613
1.331,-1.45
-0.74,1.731
1.423,1.172
-0.201,-0.724
-0.142,-0.519
-0.255,0.345
-0.281,-0.503
-0.331,0.723
-0.342,0.735
-0.403,2.148
-0.649,-1.642
-0.525,-0.184
-0.558,0.882
-0.807,-1.65
-0.744,1.911
-0.936,-0.771
-0.906,1.19
-0.891,-1.569
-0.95,0.077
-1.02,-1.288
-1.171,1.705
-1.224,-0.006
-1.353,-0.826
-1.421,-1.099
-1.46,-1.592
-1.513,0.513
-1.783,1.678
-1.728,0.736
-1.739,0.439
-1.838,0.485
-2.061,-1.864
-2.003,-0.526
-2.166,-0.148
-2.264,-0.544
-2.297,-1.499
-2.361,0.783
-2.406,1.821
-2.627,-0.487
-2.558,-0.169
-2.737,0.859
-2.746,0.86
-2.714,-1.881
-2.735,1.847
-2.87,0.761
-2.917,1.135
-2.97,0.12
-2.959,-0.602
-3.021,-0.72
-3.056,2.067
3.105,1.1
3.062,0.714
-3.141,0.7
2.982,-1.53
2.892,1.727
2.908,1.623
2.675,-0.706
2.745,2.006
2.693,-0.528
2.587,0.311
2.648,-0.403
2.551,-0.388
2.561,0.336
2.418,-0.406
2.495,1.869
2.369,-1.281
2.249,-0.89
2.135,0.322
2.109,0.793
2.125,0.543
2.086,-0.314
2.186,0.073
2.075,1.746
2.071,0.639
1.926,0.262
1.983,2.073
1.847,-0.297
1.958,-1.446
1.915,-0.36
1.568,-0.019
1.183,1.766
1.268,-0.438
1.254,-1.37
0.987,-1.489
0.3,-2.204
-0.334,-1.958
-0.184,-2.188
-0.751,-2.185
-0.765,-2.173
-1.284,-2.233
-1.223,-2.017
-2.719,-2.153
2.988,-2.292
2.77,-2.178
1.481,-2.299
0.117,2.286
-1.273,2.249
-1.828,2.135
-1.886,2.428
2.374,2.417
2.437,2.229
0.933,2.439
2.817,1.582
2.621,0.675
2.594,0.856
1.571,1.019
1.575,0.067
1.62,1.401
1.501,0.678
1.367,0.444
1.98,0.617
1.555,-0.904
1.382,-0.741
-0.689,2.44
1.474,1.881
0.059,0.205
-0.054,1.069
-0.08,0.221
-0.13,1.447
-0.141,1.459
-0.202,2.872
-0.448,-0.918
-0.324,0.54
-0.357,1.606
-0.606,-0.926
-0.543,2.635
-0.735,-0.047
-0.705,1.914
-0.69,-0.845
-0.749,0.801
-0.819,-0.564
-0.97,2.429
-1.023,0.718
-1.152,-0.102
-1.22,-0.375
-1.259,-0.868
-1.312,1.237
-1.582,2.402
-1.527,1.46
-1.538,1.163
-1.637,1.209
-1.86,-1.14
-1.802,0.198
-1.965,0.576
-2.063,0.18
-2.096,-0.775
-2.16,1.507
-2.205,2.545
-2.426,0.237
-2.357,0.555
-2.536,1.583
-2.545,1.584
-2.513,-1.157
-2.534,2.571
-2.669,1.485
-2.716,1.859
-2.769,0.844
-2.758,0.122
-2.82,0.004
-2.855,2.791
-2.977,1.824
-3.02,1.438
-2.94,1.424
-3.1,-0.806
3.093,2.451
3.109,2.347
2.876,0.018
2.946,2.73
2.894,0.196
2.788,1.035
2.849,0.321
2.752,0.336
2.762,1.06
2.619,0.318
2.696,2.593
2.57,-0.557
2.45,-0.166
2.336,1.046
2.31,1.517
2.326,1.267
2.287,0.41
2.387,0.797
2.276,2.47
2.272,1.363
2.127,0.986
2.184,2.797
2.048,0.427
2.159,-0.722
2.116,0.364
1.769,0.705
1.384,2.49
1.469,0.286
1.455,-0.646
1.188,-0.765
0.501,-1.48
-0.133,-1.234
0.017,-1.464
-0.55,-1.461
-0.564,-1.449
-1.083,-1.509
-1.022,-1.293
-2.518,-1.429
-3.094,-1.568
2.971,-1.454
1.682,-1.575
0.318,3.01
-1.072,2.973
-1.627,2.859
-1.685,3.152
2.575,3.141
2.638,2.953
1.134,3.163
3.018,2.306
2.822,1.399
2.795,1.58
1.772,1.743
1.776,0.791
1.821,2.125
1.702,1.402
1.568,1.168
2.181,1.341
1.756,-0.18
1.583,-0.017
-0.488,3.164
1.675,2.605
-0.113,0.864
-0.139,0.016
-0.189,1.242
-0.2,1.254
-0.261,2.667
-0.507,-1.123
-0.383,0.335
-0.416,1.401
-0.665,-1.131
-0.602,2.43
-0.794,-0.252
-0.764,1.709
-0.749,-1.05
-0.808,0.596
-0.878,-0.769
-1.029,2.224
-1.082,0.513
-1.211,-0.307
-1.279,-0.58
-1.318,-1.073
-1.371,1.032
-1.641,2.197
-1.586,1.255
-1.597,0.958
-1.696,1.004
-1.919,-1.345
-1.861,-0.007
-2.024,0.371
-2.122,-0.025
-2.155,-0.98
-2.219,1.302
-2.264,2.34
-2.485,0.032
-2.416,0.35
-2.595,1.378
-2.604,1.379
-2.572,-1.362
-2.593,2.366
-2.728,1.28
-2.775,1.654
-2.828,0.639
-2.817,-0.083
-2.879,-0.201
-2.914,2.586
-3.036,1.619
-3.079,1.233
-2.999,1.219
3.124,-1.011
3.034,2.246
3.05,2.142
2.817,-0.187
2.887,2.525
2.835,-0.009
2.729,0.83
2.79,0.116
2.693,0.131
2.703,0.855
2.56,0.113
2.637,2.388
2.511,-0.762
2.391,-0.371
2.277,0.841
2.251,1.312
2.267,1.062
2.228,0.205
2.328,0.592
2.217,2.265
2.213,1.158
2.068,0.781
2.125,2.592
1.989,0.222
2.1,-0.927
2.057,0.159
1.71,0.5
1.325,2.285
1.41,0.081
1.396,-0.851
1.129,-0.97
0.442,-1.685
-0.192,-1.439
-0.042,-1.669
-0.609,-1.666
-0.623,-1.654
-1.142,-1.714
-1.081,-1.498
-2.577,-1.634
3.13,-1.773
2.912,-1.659
1.623,-1.78
0.259,2.805
-1.131,2.768
-1.686,2.654
-1.744,2.947
2.516,2.936
2.579,2.748
1.075,2.958
2.959,2.101
2.763,1.194
2.736,1.375
1.713,1.538
1.717,0.586
1.762,1.92
1.643,1.197
1.509,0.963
2.122,1.136
1.697,-0.385
1.524,-0.222
-0.547,2.959
1.616,2.4
-0.026,-0.848
-0.076,0.378
-0.087,0.39
-0.148,1.803
-0.394,-1.987
-0.27,-0.529
-0.303,0.537
-0.552,-1.995
-0.489,1.566
-0.681,-1.116
-0.651,0.845
-0.636,-1.914
-0.695,-0.268
-0.765,-1.633
-0.916,1.36
-0.969,-0.351
-1.098,-1.171
-1.166,-1.444
-1.205,-1.937
-1.258,0.168
-1.528,1.333
-1.473,0.391
-1.484,0.094
-1.583,0.14
-1.806,-2.209
-1.748,-0.871
-1.911,-0.493
-2.009,-0.889
-2.042,-1.844
-2.106,0.438
-2.151,1.476
-2.372,-0.832
-2.303,-0.514
-2.482,0.514
-2.491,0.515
-2.459,-2.226
-2.48,1.502
-2.615,0.416
-2.662,0.79
-2.715,-0.225
-2.704,-0.947
-2.766,-1.065
-2.801,1.722
-2.923,0.755
-2.966,0.369
-2.886,0.355
-3.046,-1.875
-3.136,1.382
-3.12,1.278
2.93,-1.051
3.0,1.661
2.948,-0.873
2.842,-0.034
2.903,-0.748
2.806,-0.733
2.816,-0.009
2.673,-0.751
2.75,1.524
2.624,-1.626
2.504,-1.235
2.39,-0.023
2.364,0.448
2.38,0.198
2.341,-0.659
2.441,-0.272
2.33,1.401
2.326,0.294
2.181,-0.083
2.238,1.728
2.102,-0.642
2.213,-1.791
2.17,-0.705
1.823,-0.364
1.438,1.421
1.523,-0.783
1.509,-1.715
1.242,-1.834
0.555,-2.549
-0.079,-2.303
0.071,-2.533
-0.496,-2.53
-0.51,-2.518
-1.029,-2.578
-0.968,-2.362
-2.464,-2.498
-3.04,-2.637
3.025,-2.523
1.736,-2.644
0.372,1.941
-1.018,1.904
-1.573,1.79
-1.631,2.083
2.629,2.072
2.692,1.884
1.188,2.094
3.072,1.237
2.876,0.33
2.849,0.511
1.826,0.674
1.83,-0.278
1.875,1.056
1.756,0.333
1.622,0.099
2.235,0.272
1.81,-1.249
1.637,-1.086
-0.434,2.095
1.729,1.536
-0.05,1.226
-0.061,1.238
-0.122,2.651
-0.368,-1.139
-0.244,0.319
-0.277,1.385
-0.526,-1.147
-0.463,2.414
-0.655,-0.268
-0.625,1.693
-0.61,-1.066
-0.669,0.58
-0.739,-0.785
-0.89,2.208
-0.943,0.497
-1.072,-0.323
-1.14,-0.596
-1.179,-1.089
-1.232,1.016
-1.502,2.181
-1.447,1.239
-1.458,0.942
-1.557,0.988
-1.78,-1.361
-1.722,-0.023
-1.885,0.355
-1.983,-0.041
-2.016,-0.996
-2.08,1.286
-2.125,2.324
-2.346,0.016
-2.277,0.334
-2.456,1.362
-2.465,1.363
-2.433,-1.378
-2.454,2.35
-2.589,1.264
-2.636,1.638
-2.689,0.623
-2.678,-0.099
-2.74,-0.217
-2.775,2.57
-2.897,1.603
-2.94,1.217
-2.86,1.203
-3.02,-1.027
-3.11,2.23
-3.094,2.126
2.956,-0.203
3.026,2.509
2.974,-0.025
2.868,0.814
2.929,0.1
2.832,0.115
2.842,0.839
2.699,0.097
2.776,2.372
2.65,-0.778
2.53,-0.387
2.416,0.825
2.39,1.296
2.406,1.046
2.367,0.189
2.467,0.576
2.356,2.249
2.352,1.142
2.207,0.765
2.264,2.576
2.128,0.206
2.239,-0.943
2.196,0.143
1.849,0.484
1.464,2.269
1.549,0.065
1.535,-0.867
1.268,-0.986
0.581,-1.701
-0.053,-1.455
0.097,-1.685
-0.47,-1.682
-0.484,-1.67
-1.003,-1.73
-0.942,-1.514
-2.438,-1.65
-3.014,-1.789
3.051,-1.675
1.762,-1.796
0.398,2.789
-0.992,2.752
-1.547,2.638
-1.605,2.931
2.655,2.92
2.718,2.732
1.214,2.942
3.098,2.085
2.902,1.178
2.875,1.359
1.852,1.522
1.856,0.57
1.901,1.904
1.782,1.181
1.648,0.947
2.261,1.12
1.836,-0.401
1.663,-0.238
-0.408,2.943
1.755,2.384
-0.011,0.012
-0.072,1.425
-0.318,-2.365
-0.194,-0.907
-0.227,0.159
-0.476,-2.373
-0.413,1.188
-0.605,-1.494
-0.575,0.467
-0.56,-2.292
-0.619,-0.646
-0.689,-2.011
-0.84,0.982
-0.893,-0.729
-1.022,-1.549
-1.09,-1.822
-1.129,-2.315
-1.182,-0.21
-1.452,0.955
-1.397,0.013
-1.408,-0.284
-1.507,-0.238
-1.73,-2.587
-1.672,-1.249
-1.835,-0.871
-1.933,-1.267
-1.966,-2.222
-2.03,0.06
-2.075,1.098
-2.296,-1.21
-2.227,-0.892
-2.406,0.136
-2.415,0.137
-2.383,-2.604
-2.404,1.124
-2.539,0.038
-2.586,0.412
-2.639,-0.603
-2.628,-1.325
-2.69,-1.443
-2.725,1.344
-2.847,0.377
-2.89,-0.009
-2.81,-0.023
-2.97,-2.253
-3.06,1.004
-3.044,0.9
3.006,-1.429
3.076,1.283
3.024,-1.251
2.918,-0.412
2.979,-1.126
2.882,-1.111
2.892,-0.387
2.749,-1.129
2.826,1.146
2.7,-2.004
2.58,-1.613
2.466,-0.401
2.44,0.07
2.456,-0.18
2.417,-1.037
2.517,-0.65
2.406,1.023
2.402,-0.084
2.257,-0.461
2.314,1.35
2.178,-1.02
2.289,-2.169
2.246,-1.083
1.899,-0.742
1.514,1.043
1.599,-1.161
1.585,-2.093
1.318,-2.212
0.631,-2.927
-0.003,-2.681
0.147,-2.911
-0.42,-2.908
-0.434,-2.896
-0.953,-2.956
-0.892,-2.74
-2.388,-2.876
-2.964,-3.015
3.101,-2.901
1.812,-3.022
0.448,1.563
-0.942,1.526
-1.497,1.412
-1.555,1.705
2.705,1.694
2.768,1.506
1.264,1.716
-3.135,0.859
2.952,-0.048
2.925,0.133
1.902,0.296
1.906,-0.656
1.951,0.678
1.832,-0.045
1.698,-0.279
2.311,-0.106
1.886,-1.627
1.713,-1.464
-0.358,1.717
1.805,1.158
-0.061,1.413
-0.307,-2.377
-0.183,-0.919
-0.216,0.147
-0.465,-2.385
-0.402,1.176
-0.594,-1.506
-0.564,0.455
-0.549,-2.304
-0.608,-0.658
-0.678,-2.023
-0.829,0.97
-0.882,-0.741
-1.011,-1.561
-1.079,-1.834
-1.118,-2.327
-1.171,-0.222
-1.441,0.943
-1.386,0.001
-1.397,-0.296
-1.496,-0.25
-1.719,-2.599
-1.661,-1.261
-1.824,-0.883
-1.922,-1.279
-1.955,-2.234
-2.019,0.048
-2.064,1.086
-2.285,-1.222
-2.216,-0.904
-2.395,0.124
-2.404,0.125
-2.372,-2.616
-2.393,1.112
-2.528,0.026
-2.575,0.4
-2.628,-0.615
-2.617,-1.337
-2.679,-1.455
-2.714,1.332
-2.836,0.365
-2.879,-0.021
-2.799,-0.035
-2.959,-2.265
-3.049,0.992
-3.033,0.888
3.017,-1.441
3.087,1.271
3.035,-1.263
2.929,-0.424
2.99,-1.138
2.893,-1.123
2.903,-0.399
2.76,-1.141
2.837,1.134
2.711,-2.016
2.591,-1.625
2.477,-0.413
2.451,0.058
2.467,-0.192
2.428,-1.049
2.528,-0.662
2.417,1.011
2.413,-0.096
2.268,-0.473
2.325,1.338
2.189,-1.032
2.3,-2.181
2.257,-1.095
1.91,-0.754
1.525,1.031
1.61,-1.173
1.596,-2.105
1.329,-2.224
0.642,-2.939
0.008,-2.693
0.158,-2.923
-0.409,-2.92
-0.423,-2.908
-0.942,-2.968
-0.881,-2.752
-2.377,-2.888
-2.953,-3.027
3.112,-2.913
1.823,-3.034
0.459,1.551
-0.931,1.514
-1.486,1.4
-1.544,1.693
2.716,1.682
2.779,1.494
1.275,1.704
-3.124,0.847
2.963,-0.06
2.936,0.121
1.913,0.284
1.917,-0.668
1.962,0.666
1.843,-0.057
1.709,-0.291
2.322,-0.118
1.897,-1.639
1.724,-1.476
-0.347,1.705
1.816,1.146
-0.246,-3.79
-0.122,-2.332
-0.155,-1.266
-0.404,-3.798
-0.341,-0.237
-0.533,-2.919
-0.503,-0.958
-0.488,-3.717
-0.547,-2.071
-0.617,-3.436
-0.768,-0.443
-0.821,-2.154
-0.95,-2.974
-1.018,-3.247
-1.057,-3.74
-1.11,-1.635
-1.38,-0.47
-1.325,-1.412
-1.336,-1.709
-1.435,-1.663
-1.658,-4.012
-1.6,-2.674
-1.763,-2.296
-1.861,-2.692
-1.894,-3.647
-1.958,-1.365
-2.003,-0.327
-2.224,-2.635
-2.155,-2.317
-2.334,-1.289
-2.343,-1.288
-2.311,-4.029
-2.332,-0.301
-2.467,-1.387
-2.514,-1.013
-2.567,-2.028
-2.556,-2.75
-2.618,-2.868
-2.653,-0.081
-2.775,-1.048
-2.818,-1.434
-2.738,-1.448
-2.898,-3.678
-2.988,-0.421
-2.972,-0.525
3.078,-2.854
-3.135,-0.142
3.096,-2.676
2.99,-1.837
3.051,-2.551
2.954,-2.536
2.964,-1.812
2.821,-2.554
2.898,-0.279
2.772,-3.429
2.652,-3.038
2.538,-1.826
2.512,-1.355
2.528,-1.605
2.489,-2.462
2.589,-2.075
2.478,-0.402
2.474,-1.509
2.329,-1.886
2.386,-0.075
2.25,-2.445
2.361,-3.594
2.318,-2.508
1.971,-2.167
1.586,-0.382
1.671,-2.586
1.657,-3.518
1.39,-3.637
0.703,-4.352
0.069,-4.106
0.219,-4.336
-0.348,-4.333
-0.362,-4.321
-0.881,-4.381
-0.82,-4.165
-2.316,-4.301
-2.892,-4.44
-3.11,-4.326
1.884,-4.447
0.52,0.138
-0.87,0.101
-1.425,-0.013
-1.483,0.28
2.777,0.269
2.84,0.081
1.336,0.291
-3.063,-0.566
3.024,-1.473
2.997,-1.292
1.974,-1.129
1.978,-2.081
2.023,-0.747
1.904,-1.47
1.77,-1.704
2.383,-1.531
1.958,-3.052
1.785,-2.889
-0.286,0.292
1.877,-0.267
0.124,1.458
0.091,2.524
-0.158,-0.008
-0.095,3.553
-0.287,0.871
-0.257,2.832
-0.242,0.073
-0.301,1.719
-0.371,0.354
-0.522,3.347
-0.575,1.636
-0.704,0.816
-0.772,0.543
-0.811,0.05
-0.864,2.155
-1.134,3.32
-1.079,2.378
-1.09,2.081
-1.189,2.127
-1.412,-0.222
-1.354,1.116
-1.517,1.494
-1.615,1.098
-1.648,0.143
-1.712,2.425
-1.757,3.463
-1.978,1.155
-1.909,1.473
-2.088,2.501
-2.097,2.502
-2.065,-0.239
-2.086,3.489
-2.221,2.403
-2.268,2.777
-2.321,1.762
-2.31,1.04
-2.372,0.922
-2.407,3.709
-2.529,2.742
-2.572,2.356
-2.492,2.342
-2.652,0.112
-2.742,3.369
-2.726,3.265
-2.959,0.936
-2.889,3.648
-2.941,1.114
-3.047,1.953
-2.986,1.239
-3.083,1.254
-3.073,1.978
3.067,1.236
-3.139,3.511
3.018,0.361
2.898,0.752
2.784,1.964
2.758,2.435
2.774,2.185
2.735,1.328
2.835,1.715
2.724,3.388
2.72,2.281
2.575,1.904
2.632,3.715
2.496,1.345
2.607,0.196
2.564,1.282
2.217,1.623
1.832,3.408
1.917,1.204
1.903,0.272
1.636,0.153
0.949,-0.562
0.315,-0.316
0.465,-0.546
-0.102,-0.543
-0.116,-0.531
-0.635,-0.591
-0.574,-0.375
-2.07,-0.511
-2.646,-0.65
-2.864,-0.536
2.13,-0.657
0.766,3.928
-0.624,3.891
-1.179,3.777
-1.237,4.07
3.023,4.059
3.086,3.871
1.582,4.081
-2.817,3.224
-3.013,2.317
-3.04,2.498
2.22,2.661
2.224,1.709
2.269,3.043
2.15,2.32
2.016,2.086
2.629,2.259
2.204,0.738
2.031,0.901
-0.04,4.082
2.123,3.523
-0.033,1.066
-0.282,-1.466
-0.219,2.095
-0.411,-0.587
-0.381,1.374
-0.366,-1.385
-0.425,0.261
-0.495,-1.104
-0.646,1.889
-0.699,0.178
-0.828,-0.642
-0.896,-0.915
-0.935,-1.408
-0.988,0.697
-1.258,1.862
-1.203,0.92
-1.214,0.623
-1.313,0.669
-1.536,-1.68
-1.478,-0.342
-1.641,0.036
-1.739,-0.36
-1.772,-1.315
-1.836,0.967
-1.881,2.005
-2.102,-0.303
-2.033,0.015
-2.212,1.043
-2.221,1.044
-2.189,-1.697
-2.21,2.031
-2.345,0.945
-2.392,1.319
-2.445,0.304
-2.434,-0.418
-2.496,-0.536
-2.531,2.251
-2.653,1.284
-2.696,0.898
-2.616,0.884
-2.776,-1.346
-2.866,1.911
-2.85,1.807
-3.083,-0.522
-3.013,2.19
-3.065,-0.344
3.112,0.495
-3.11,-0.219
3.076,-0.204
3.086,0.52
2.943,-0.222
3.02,2.053
2.894,-1.097
2.774,-0.706
2.66,0.506
2.634,0.977
2.65,0.727
2.611,-0.13
2.711,0.257
2.6,1.93
2.596,0.823
2.451,0.446
2.508,2.257
2.372,-0.113
2.483,-1.262
2.44,-0.176
2.093,0.165
1.708,1.95
1.793,-0.254
1.779,-1.186
1.512,-1.305
0.825,-2.02
0.191,-1.774
0.341,-2.004
-0.226,-2.001
-0.24,-1.989
-0.759,-2.049
-0.698,-1.833
-2.194,-1.969
-2.77,-2.108
-2.988,-1.994
2.006,-2.115
0.642,2.47
-0.748,2.433
-1.303,2.319
-1.361,2.612
2.899,2.601
2.962,2.413
1.458,2.623
-2.941,1.766
-3.137,0.859
3.119,1.04
2.096,1.203
2.1,0.251
2.145,1.585
2.026,0.862
1.892,0.628
2.505,0.801
2.08,-0.72
1.907,-0.557
-0.164,2.624
1.999,2.065
-0.249,-2.532
-0.186,1.029
-0.378,-1.653
-0.348,0.308
-0.333,-2.451
-0.392,-0.805
-0.462,-2.17
-0.613,0.823
-0.666,-0.888
-0.795,-1.708
-0.863,-1.981
-0.902,-2.474
-0.955,-0.369
-1.225,0.796
-1.17,-0.146
-1.181,-0.443
-1.28,-0.397
-1.503,-2.746
-1.445,-1.408
-1.608,-1.03
-1.706,-1.426
-1.739,-2.381
-1.803,-0.099
-1.848,0.939
-2.069,-1.369
-2.0,-1.051
-2.179,-0.023
-2.188,-0.022
-2.156,-2.763
-2.177,0.965
-2.312,-0.121
-2.359,0.253
-2.412,-0.762
-2.401,-1.484
-2.463,-1.602
-2.498,1.185
-2.62,0.218
-2.663,-0.168
-2.583,-0.182
-2.743,-2.412
-2.833,0.845
-2.817,0.741
-3.05,-1.588
-2.98,1.124
-3.032,-1.41
-3.138,-0.571
-3.077,-1.285
3.109,-1.27
3.119,-0.546
2.976,-1.288
3.053,0.987
2.927,-2.163
2.807,-1.772
2.693,-0.56
2.667,-0.089
2.683,-0.339
2.644,-1.196
2.744,-0.809
2.633,0.864
2.629,-0.243
2.484,-0.62
2.541,1.191
2.405,-1.179
2.516,-2.328
2.473,-1.242
2.126,-0.901
1.741,0.884
1.826,-1.32
1.812,-2.252
1.545,-2.371
0.858,-3.086
0.224,-2.84
0.374,-3.07
-0.193,-3.067
-0.207,-3.055
-0.726,-3.115
-0.665,-2.899
-2.161,-3.035
-2.737,-3.174
-2.955,-3.06
2.039,-3.181
0.675,1.404
-0.715,1.367
-1.27,1.253
-1.328,1.546
2.932,1.535
2.995,1.347
1.491,1.557
-2.908,0.7
-3.104,-0.207
-3.131,-0.026
2.129,0.137
2.133,-0.815
2.178,0.519
2.059,-0.204
1.925,-0.438
2.538,-0.265
2.113,-1.786
1.94,-1.623
-0.131,1.558
2.032,0.999
0.063,3.561
-0.129,0.879
-0.099,2.84
-0.084,0.081
-0.143,1.727
-0.213,0.362
-0.364,3.355
-0.417,1.644
-0.546,0.824
-0.614,0.551
-0.653,0.058
-0.706,2.163
-0.976,3.328
-0.921,2.386
-0.932,2.089
-1.031,2.135
-1.254,-0.214
-1.196,1.124
-1.359,1.502
-1.457,1.106
-1.49,0.151
-1.554,2.433
-1.599,3.471
-1.82,1.163
-1.751,1.481
-1.93,2.509
-1.939,2.51
-1.907,-0.231
-1.928,3.497
-2.063,2.411
-2.11,2.785
-2.163,1.77
-2.152,1.048
-2.214,0.93
-2.249,3.717
-2.371,2.75
-2.414,2.364
-2.334,2.35
-2.494,0.12
-2.584,3.377
-2.568,3.273
-2.801,0.944
-2.731,3.656
-2.783,1.122
-2.889,1.961
-2.828,1.247
-2.925,1.262
-2.915,1.986
-3.058,1.244
-2.981,3.519
-3.107,0.369
3.056,0.76
2.942,1.972
2.916,2.443
2.932,2.193
2.893,1.336
2.993,1.723
2.882,3.396
2.878,2.289
2.733,1.912
2.79,3.723
2.654,1.353
2.765,0.204
2.722,1.29
2.375,1.631
1.99,3.416
2.075,1.212
2.061,0.28
1.794,0.161
1.107,-0.554
0.473,-0.308
0.623,-0.538
0.056,-0.535
0.042,-0.523
-0.477,-0.583
-0.416,-0.367
-1.912,-0.503
-2.488,-0.642
-2.706,-0.528
2.288,-0.649
0.924,3.936
-0.466,3.899
-1.021,3.785
-1.079,4.078
-3.102,4.067
-3.039,3.879
1.74,4.089
-2.659,3.232
-2.855,2.325
-2.882,2.506
2.378,2.669
2.382,1.717
2.427,3.051
2.308,2.328
2.174,2.094
2.787,2.267
2.362,0.746
2.189,0.909
0.118,4.09
2.281,3.531
-0.192,-2.682
-0.162,-0.721
-0.147,-3.48
-0.206,-1.834
-0.276,-3.199
-0.427,-0.206
-0.48,-1.917
-0.609,-2.737
-0.677,-3.01
-0.716,-3.503
-0.769,-1.398
-1.039,-0.233
-0.984,-1.175
-0.995,-1.472
-1.094,-1.426
-1.317,-3.775
-1.259,-2.437
-1.422,-2.059
-1.52,-2.455
-1.553,-3.41
-1.617,-1.128
-1.662,-0.09
-1.883,-2.398
-1.814,-2.08
-1.993,-1.052
-2.002,-1.051
-1.97,-3.792
-1.991,-0.064
-2.126,-1.15
-2.173,-0.776
-2.226,-1.791
-2.215,-2.513
-2.277,-2.631
-2.312,0.156
-2.434,-0.811
-2.477,-1.197
-2.397,-1.211
-2.557,-3.441
-2.647,-0.184
-2.631,-0.288
-2.864,-2.617
-2.794,0.095
-2.846,-2.439
-2.952,-1.6
-2.891,-2.314
-2.988,-2.299
-2.978,-1.575
-3.121,-2.317
-3.044,-0.042
3.113,-3.192
2.993,-2.801
2.879,-1.589
2.853,-1.118
2.869,-1.368
2.83,-2.225
2.93,-1.838
2.819,-0.165
2.815,-1.272
2.67,-1.649
2.727,0.162
2.591,-2.208
2.702,-3.357
2.659,-2.271
2.312,-1.93
1.927,-0.145
2.012,-2.349
1.998,-3.281
1.731,-3.4
1.044,-4.115
0.41,-3.869
0.56,-4.099
-0.007,-4.096
-0.021,-4.084
-0.54,-4.144
-0.479,-3.928
-1.975,-4.064
-2.551,-4.203
-2.769,-4.089
2.225,-4.21
0.861,0.375
-0.529,0.338
-1.084,0.224
-1.142,0.517
3.118,0.506
-3.102,0.318
1.677,0.528
-2.722,-0.329
-2.918,-1.236
-2.945,-1.055
2.315,-0.892
2.319,-1.844
2.364,-0.51
2.245,-1.233
2.111,-1.467
2.724,-1.294
2.299,-2.815
2.126,-2.652
0.055,0.529
2.218,-0.03
0.03,1.961
0.045,-0.798
-0.014,0.848
-0.084,-0.517
-0.235,2.476
-0.288,0.765
-0.417,-0.055
-0.485,-0.328
-0.524,-0.821
-0.577,1.284
-0.847,2.449
-0.792,1.507
-0.803,1.21
-0.902,1.256
-1.125,-1.093
-1.067,0.245
-1.23,0.623
-1.328,0.227
-1.361,-0.728
-1.425,1.554
-1.47,2.592
-1.691,0.284
-1.622,0.602
-1.801,1.63
-1.81,1.631
-1.778,-1.11
-1.799,2.618
-1.934,1.532
-1.981,1.906
-2.034,0.891
-2.023,0.169
-2.085,0.051
-2.12,2.838
-2.242,1.871
-2.285,1.485
-2.205,1.471
-2.365,-0.759
-2.455,2.498
-2.439,2.394
-2.672,0.065
-2.602,2.777
-2.654,0.243
-2.76,1.082
-2.699,0.368
-2.796,0.383
-2.786,1.107
-2.929,0.365
-2.852,2.64
-2.978,-0.51
-3.098,-0.119
3.071,1.093
3.045,1.564
3.061,1.314
3.022,0.457
3.122,0.844
3.011,2.517
3.007,1.41
2.862,1.033
2.919,2.844
2.783,0.474
2.894,-0.675
2.851,0.411
2.504,0.752
2.119,2.537
2.204,0.333
2.19,-0.599
1.923,-0.718
1.236,-1.433
0.602,-1.187
0.752,-1.417
0.185,-1.414
0.171,-1.402
-0.348,-1.462
-0.287,-1.246
-1.783,-1.382
-2.359,-1.521
-2.577,-1.407
2.417,-1.528
1.053,3.057
-0.337,3.02
-0.892,2.906
-0.95,3.199
-2.973,3.188
-2.91,3.0
1.869,3.21
-2.53,2.353
-2.726,1.446
-2.753,1.627
2.507,1.79
2.511,0.838
2.556,2.172
2.437,1.449
2.303,1.215
2.916,1.388
2.491,-0.133
2.318,0.03
0.247,3.211
2.41,2.652
0.015,-2.759
-0.044,-1.113
-0.114,-2.478
-0.265,0.515
-0.318,-1.196
-0.447,-2.016
-0.515,-2.289
-0.554,-2.782
-0.607,-0.677
-0.877,0.488
-0.822,-0.454
-0.833,-0.751
-0.932,-0.705
-1.155,-3.054
-1.097,-1.716
-1.26,-1.338
-1.358,-1.734
-1.391,-2.689
-1.455,-0.407
-1.5,0.631
-1.721,-1.677
-1.652,-1.359
-1.831,-0.331
-1.84,-0.33
-1.808,-3.071
-1.829,0.657
-1.964,-0.429
-2.011,-0.055
-2.064,-1.07
-2.053,-1.792
-2.115,-1.91
-2.15,0.877
-2.272,-0.09
-2.315,-0.476
-2.235,-0.49
-2.395,-2.72
-2.485,0.537
-2.469,0.433
-2.702,-1.896
-2.632,0.816
-2.684,-1.718
-2.79,-0.879
-2.729,-1.593
-2.826,-1.578
-2.816,-0.854
-2.959,-1.596
-2.882,0.679
-3.008,-2.471
-3.128,-2.08
3.041,-0.868
3.015,-0.397
3.031,-0.647
2.992,-1.504
3.092,-1.117
2.981,0.556
2.977,-0.551
2.832,-0.928
2.889,0.883
2.753,-1.487
2.864,-2.636
2.821,-1.55
2.474,-1.209
2.089,0.576
2.174,-1.628
2.16,-2.56
1.893,-2.679
1.206,-3.394
0.572,-3.148
0.722,-3.378
0.155,-3.375
0.141,-3.363
-0.378,-3.423
-0.317,-3.207
-1.813,-3.343
-2.389,-3.482
-2.607,-3.368
2.387,-3.489
1.023,1.096
-0.367,1.059
-0.922,0.945
-0.98,1.238
-3.003,1.227
-2.94,1.039
1.839,1.249
-2.56,0.392
-2.756,-0.515
-2.783,-0.334
2.477,-0.171
2.481,-1.123
2.526,0.211
2.407,-0.512
2.273,-0.746
2.886,-0.573
2.461,-2.094
2.288,-1.931
0.217,1.25
2.38,0.691
-0.059,1.646
-0.129,0.281
-0.28,3.274
-0.333,1.563
-0.462,0.743
-0.53,0.47
-0.569,-0.023
-0.622,2.082
-0.892,3.247
-0.837,2.305
-0.848,2.008
-0.947,2.054
-1.17,-0.295
-1.112,1.043
-1.275,1.421
-1.373,1.025
-1.406,0.07
-1.47,2.352
-1.515,3.39
-1.736,1.082
-1.667,1.4
-1.846,2.428
-1.855,2.429
-1.823,-0.312
-1.844,3.416
-1.979,2.33
-2.026,2.704
-2.079,1.689
-2.068,0.967
-2.13,0.849
-2.165,3.636
-2.287,2.669
-2.33,2.283
-2.25,2.269
-2.41,0.039
-2.5,3.296
-2.484,3.192
-2.717,0.863
-2.647,3.575
-2.699,1.041
-2.805,1.88
-2.744,1.166
-2.841,1.181
-2.831,1.905
-2.974,1.163
-2.897,3.438
-3.023,0.288
3.14,0.679
3.026,1.891
3.0,2.362
3.016,2.112
2.977,1.255
3.077,1.642
2.966,3.315
2.962,2.208
2.817,1.831
2.874,3.642
2.738,1.272
2.849,0.123
2.806,1.209
2.459,1.55
2.074,3.335
2.159,1.131
2.145,0.199
1.878,0.08
1.191,-0.635
0.557,-0.389
0.707,-0.619
0.14,-0.616
0.126,-0.604
-0.393,-0.664
-0.332,-0.448
-1.828,-0.584
-2.404,-0.723
-2.622,-0.609
2.372,-0.73
1.008,3.855
-0.382,3.818
-0.937,3.704
-0.995,3.997
-3.018,3.986
-2.955,3.798
1.824,4.008
-2.575,3.151
-2.771,2.244
-2.798,2.425
2.462,2.588
2.466,1.636
2.511,2.97
2.392,2.247
2.258,2.013
2.871,2.186
2.446,0.665
2.273,0.828
0.202,4.009
2.365,3.45
-0.07,-1.365
-0.221,1.628
-0.274,-0.083
-0.403,-0.903
-0.471,-1.176
-0.51,-1.669
-0.563,0.436
-0.833,1.601
-0.778,0.659
-0.789,0.362
-0.888,0.408
-1.111,-1.941
-1.053,-0.603
-1.216,-0.225
-1.314,-0.621
-1.347,-1.576
-1.411,0.706
-1.456,1.744
-1.677,-0.564
-1.608,-0.246
-1.787,0.782
-1.796,0.783
-1.764,-1.958
-1.785,1.77
-1.92,0.684
-1.967,1.058
-2.02,0.043
-2.009,-0.679
-2.071,-0.797
-2.106,1.99
-2.228,1.023
-2.271,0.637
-2.191,0.623
-2.351,-1.607
-2.441,1.65
-2.425,1.546
-2.658,-0.783
-2.588,1.929
-2.64,-0.605
-2.746,0.234
-2.685,-0.48
-2.782,-0.465
-2.772,0.259
-2.915,-0.483
-2.838,1.792
-2.964,-1.358
-3.084,-0.967
3.085,0.245
3.059,0.716
3.075,0.466
3.036,-0.391
3.136,-0.004
3.025,1.669
3.021,0.562
2.876,0.185
2.933,1.996
2.797,-0.374
2.908,-1.523
2.865,-0.437
2.518,-0.096
2.133,1.689
2.218,-0.515
2.204,-1.447
1.937,-1.566
1.25,-2.281
0.616,-2.035
0.766,-2.265
0.199,-2.262
0.185,-2.25
-0.334,-2.31
-0.273,-2.094
-1.769,-2.23
-2.345,-2.369
-2.563,-2.255
2.431,-2.376
1.067,2.209
-0.323,2.172
-0.878,2.058
-0.936,2.351
-2.959,2.34
-2.896,2.152
1.883,2.362
-2.516,1.505
-2.712,0.598
-2.739,0.779
2.521,0.942
2.525,-0.01
2.57,1.324
2.451,0.601
2.317,0.367
2.93,0.54
2.505,-0.981
2.332,-0.818
0.261,2.363
2.424,1.804
-0.151,2.993
-0.204,1.282
-0.333,0.462
-0.401,0.189
-0.44,-0.304
-0.493,1.801
-0.763,2.966
-0.708,2.024
-0.719,1.727
-0.818,1.773
-1.041,-0.576
-0.983,0.762
-1.146,1.14
-1.244,0.744
-1.277,-0.211
-1.341,2.071
-1.386,3.109
-1.607,0.801
-1.538,1.119
-1.717,2.147
-1.726,2.148
-1.694,-0.593
-1.715,3.135
-1.85,2.049
-1.897,2.423
-1.95,1.408
-1.939,0.686
-2.001,0.568
-2.036,3.355
-2.158,2.388
-2.201,2.002
-2.121,1.988
-2.281,-0.242
-2.371,3.015
-2.355,2.911
-2.588,0.582
-2.518,3.294
-2.57,0.76
-2.676,1.599
-2.615,0.885
-2.712,0.9
-2.702,1.624
-2.845,0.882
-2.768,3.157
-2.894,0.007
-3.014,0.398
-3.128,1.61
3.129,2.081
-3.138,1.831
3.106,0.974
-3.077,1.361
3.095,3.034
3.091,1.927
2.946,1.55
3.003,3.361
2.867,0.991
2.978,-0.158
2.935,0.928
2.588,1.269
2.203,3.054
2.288,0.85
2.274,-0.082
2.007,-0.201
1.32,-0.916
0.686,-0.67
0.836,-0.9
0.269,-0.897
0.255,-0.885
-0.264,-0.945
-0.203,-0.729
-1.699,-0.865
-2.275,-1.004
-2.493,-0.89
2.501,-1.011
1.137,3.574
-0.253,3.537
-0.808,3.423
-0.866,3.716
-2.889,3.705
-2.826,3.517
1.953,3.727
-2.446,2.87
-2.642,1.963
-2.669,2.144
2.591,2.307
2.595,1.355
2.64,2.689
2.521,1.966
2.387,1.732
3.0,1.905
2.575,0.384
2.402,0.547
0.331,3.728
2.494,3.169
-0.053,-1.711
-0.182,-2.531
-0.25,-2.804
-0.289,-3.297
-0.342,-1.192
-0.612,-0.027
-0.557,-0.969
-0.568,-1.266
-0.667,-1.22
-0.89,-3.569
-0.832,-2.231
-0.995,-1.853
-1.093,-2.249
-1.126,-3.204
-1.19,-0.922
-1.235,0.116
-1.456,-2.192
-1.387,-1.874
-1.566,-0.846
-1.575,-0.845
-1.543,-3.586
-1.564,0.142
-1.699,-0.944
-1.746,-0.57
-1.799,-1.585
-1.788,-2.307
-1.85,-2.425
-1.885,0.362
-2.007,-0.605
-2.05,-0.991
-1.97,-1.005
-2.13,-3.235
-2.22,0.022
-2.204,-0.082
-2.437,-2.411
-2.367,0.301
-2.419,-2.233
-2.525,-1.394
-2.464,-2.108
-2.561,-2.093
-2.551,-1.369
-2.694,-2.111
-2.617,0.164
-2.743,-2.986
-2.863,-2.595
-2.977,-1.383
-3.003,-0.912
-2.987,-1.162
-3.026,-2.019
-2.926,-1.632
-3.037,0.041
-3.041,-1.066
3.097,-1.443
-3.129,0.368
3.018,-2.002
3.129,-3.151
3.086,-2.065
2.739,-1.724
2.354,0.061
2.439,-2.143
2.425,-3.075
2.158,-3.194
1.471,-3.909
0.837,-3.663
0.987,-3.893
0.42,-3.89
0.406,-3.878
-0.113,-3.938
-0.052,-3.722
-1.548,-3.858
-2.124,-3.997
-2.342,-3.883
2.652,-4.004
1.288,0.581
-0.102,0.544
-0.657,0.43
-0.715,0.723
-2.738,0.712
-2.675,0.524
2.104,0.734
-2.295,-0.123
-2.491,-1.03
-2.518,-0.849
2.742,-0.686
2.746,-1.638
2.791,-0.304
2.672,-1.027
2.538,-1.261
-3.132,-1.088
2.726,-2.609
2.553,-2.446
0.482,0.735
2.645,0.176
-0.129,-0.82
-0.197,-1.093
-0.236,-1.586
-0.289,0.519
-0.559,1.684
-0.504,0.742
-0.515,0.445
-0.614,0.491
-0.837,-1.858
-0.779,-0.52
-0.942,-0.142
-1.04,-0.538
-1.073,-1.493
-1.137,0.789
-1.182,1.827
-1.403,-0.481
-1.334,-0.163
-1.513,0.865
-1.522,0.866
-1.49,-1.875
-1.511,1.853
-1.646,0.767
-1.693,1.141
-1.746,0.126
-1.735,-0.596
-1.797,-0.714
-1.832,2.073
-1.954,1.106
-1.997,0.72
-1.917,0.706
-2.077,-1.524
-2.167,1.733
-2.151,1.629
-2.384,-0.7
-2.314,2.012
-2.366,-0.522
-2.472,0.317
-2.411,-0.397
-2.508,-0.382
-2.498,0.342
-2.641,-0.4
-2.564,1.875
-2.69,-1.275
-2.81,-0.884
-2.924,0.328
-2.95,0.799
-2.934,0.549
-2.973,-0.308
-2.873,0.079
-2.984,1.752
-2.988,0.645
-3.133,0.268
-3.076,2.079
3.071,-0.291
-3.101,-1.44
3.139,-0.354
2.792,-0.013
2.407,1.772
2.492,-0.432
2.478,-1.364
2.211,-1.483
1.524,-2.198
0.89,-1.952
1.04,-2.182
0.473,-2.179
0.459,-2.167
-0.06,-2.227
0.001,-2.011
-1.495,-2.147
-2.071,-2.286
-2.289,-2.172
2.705,-2.293
1.341,2.292
-0.049,2.255
-0.604,2.141
-0.662,2.434
-2.685,2.423
-2.622,2.235
2.157,2.445
-2.242,1.588
-2.438,0.681
-2.465,0.862
2.795,1.025
2.799,0.073
2.844,1.407
2.725,0.684
2.591,0.45
-3.079,0.623
2.779,-0.898
2.606,-0.735
0.535,2.446
2.698,1.887
-0.068,-0.273
-0.107,-0.766
-0.16,1.339
-0.43,2.504
-0.375,1.562
-0.386,1.265
-0.485,1.311
-0.708,-1.038
-0.65,0.3
-0.813,0.678
-0.911,0.282
-0.944,-0.673
-1.008,1.609
-1.053,2.647
-1.274,0.339
-1.205,0.657
-1.384,1.685
-1.393,1.686
-1.361,-1.055
-1.382,2.673
-1.517,1.587
-1.564,1.961
-1.617,0.946
-1.606,0.224
-1.668,0.106
-1.703,2.893
-1.825,1.926
-1.868,1.54
-1.788,1.526
-1.948,-0.704
-2.038,2.553
-2.022,2.449
-2.255,0.12
-2.185,2.832
-2.237,0.298
-2.343,1.137
-2.282,0.423
-2.379,0.438
-2.369,1.162
-2.512,0.42
-2.435,2.695
-2.561,-0.455
-2.681,-0.064
-2.795,1.148
-2.821,1.619
-2.805,1.369
-2.844,0.512
-2.744,0.899
-2.855,2.572
-2.859,1.465
-3.004,1.088
-2.947,2.899
-3.083,0.529
-2.972,-0.62
-3.015,0.466
2.921,0.807
2.536,2.592
2.621,0.388
2.607,-0.544
2.34,-0.663
1.653,-1.378
1.019,-1.132
1.169,-1.362
0.602,-1.359
0.588,-1.347
0.069,-1.407
0.13,-1.191
-1.366,-1.327
-1.942,-1.466
-2.16,-1.352
2.834,-1.473
1.47,3.112
0.08,3.075
-0.475,2.961
-0.533,3.254
-2.556,3.243
-2.493,3.055
2.286,3.265
-2.113,2.408
-2.309,1.501
-2.336,1.682
2.924,1.845
2.928,0.893
2.973,2.227
2.854,1.504
2.72,1.27
-2.95,1.443
2.908,-0.078
2.735,0.085
0.664,3.266
2.827,2.707
-0.039,-0.493
-0.092,1.612
-0.362,2.777
-0.307,1.835
-0.318,1.538
-0.417,1.584
-0.64,-0.765
-0.582,0.573
-0.745,0.951
-0.843,0.555
-0.876,-0.4
-0.94,1.882
-0.985,2.92
-1.206,0.612
-1.137,0.93
-1.316,1.958
-1.325,1.959
-1.293,-0.782
-1.314,2.946
-1.449,1.86
-1.496,2.234
-1.549,1.219
-1.538,0.497
-1.6,0.379
-1.635,3.166
-1.757,2.199
-1.8,1.813
-1.72,1.799
-1.88,-0.431
-1.97,2.826
-1.954,2.722
-2.187,0.393
-2.117,3.105
-2.169,0.571
-2.275,1.41
-2.214,0.696
-2.311,0.711
-2.301,1.435
-2.444,0.693
-2.367,2.968
-2.493,-0.182
-2.613,0.209
-2.727,1.421
-2.753,1.892
-2.737,1.642
-2.776,0.785
-2.676,1.172
-2.787,2.845
-2.791,1.738
-2.936,1.361
-2.879,3.172
-3.015,0.802
-2.904,-0.347
-2.947,0.739
2.989,1.08
2.604,2.865
2.689,0.661
2.675,-0.271
2.408,-0.39
1.721,-1.105
1.087,-0.859
1.237,-1.089
0.67,-1.086
0.656,-1.074
0.137,-1.134
0.198,-0.918
-1.298,-1.054
-1.874,-1.193
-2.092,-1.079
2.902,-1.2
1.538,3.385
0.148,3.348
-0.407,3.234
-0.465,3.527
-2.488,3.516
-2.425,3.328
2.354,3.538
-2.045,2.681
-2.241,1.774
-2.268,1.955
2.992,2.118
2.996,1.166
3.041,2.5
2.922,1.777
2.788,1.543
-2.882,1.716
2.976,0.195
2.803,0.358
0.732,3.539
2.895,2.98
-0.053,2.105
-0.323,3.27
-0.268,2.328
-0.279,2.031
-0.378,2.077
-0.601,-0.272
-0.543,1.066
-0.706,1.444
-0.804,1.048
-0.837,0.093
-0.901,2.375
-0.946,3.413
-1.167,1.105
-1.098,1.423
-1.277,2.451
-1.286,2.452
-1.254,-0.289
-1.275,3.439
-1.41,2.353
-1.457,2.727
-1.51,1.712
-1.499,0.99
-1.561,0.872
-1.596,3.659
-1.718,2.692
-1.761,2.306
-1.681,2.292
-1.841,0.062
-1.931,3.319
-1.915,3.215
-2.148,0.886
-2.078,3.598
-2.13,1.064
-2.236,1.903
-2.175,1.189
-2.272,1.204
-2.262,1.928
-2.405,1.186
-2.328,3.461
-2.454,0.311
-2.574,0.702
-2.688,1.914
-2.714,2.385
-2.698,2.135
-2.737,1.278
-2.637,1.665
-2.748,3.338
-2.752,2.231
-2.897,1.854
-2.84,3.665
-2.976,1.295
-2.865,0.146
-2.908,1.232
3.028,1.573
2.643,3.358
2.728,1.154
2.714,0.222
2.447,0.103
1.76,-0.612
1.126,-0.366
1.276,-0.596
0.709,-0.593
0.695,-0.581
0.176,-0.641
0.237,-0.425
-1.259,-0.561
-1.835,-0.7
-2.053,-0.586
2.941,-0.707
1.577,3.878
0.187,3.841
-0.368,3.727
-0.426,4.02
-2.449,4.009
-2.386,3.821
2.393,4.031
-2.006,3.174
-2.202,2.267
-2.229,2.448
3.031,2.611
3.035,1.659
3.08,2.993
2.961,2.27
2.827,2.036
-2.843,2.209
3.015,0.688
2.842,0.851
0.771,4.032
2.934,3.473
-0.27,1.165
-0.215,0.223
-0.226,-0.074
-0.325,-0.028
-0.548,-2.377
-0.49,-1.039
-0.653,-0.661
-0.751,-1.057
-0.784,-2.012
-0.848,0.27
-0.893,1.308
-1.114,-1.0
-1.045,-0.682
-1.224,0.346
-1.233,0.347
-1.201,-2.394
-1.222,1.334
-1.357,0.248
-1.404,0.622
-1.457,-0.393
-1.446,-1.115
-1.508,-1.233
-1.543,1.554
-1.665,0.587
-1.708,0.201
-1.628,0.187
-1.788,-2.043
-1.878,1.214
-1.862,1.11
-2.095,-1.219
-2.025,1.493
-2.077,-1.041
-2.183,-0.202
-2.122,-0.916
-2.219,-0.901
-2.209,-0.177
-2.352,-0.919
-2.275,1.356
-2.401,-1.794
-2.521,-1.403
-2.635,-0.191
-2.661,0.28
-2.645,0.03
-2.684,-0.827
-2.584,-0.44
-2.695,1.233
-2.699,0.126
-2.844,-0.251
-2.787,1.56
-2.923,-0.81
-2.812,-1.959
-2.855,-0.873
3.081,-0.532
2.696,1.253
2.781,-0.951
2.767,-1.883
2.5,-2.002
1.813,-2.717
1.179,-2.471
1.329,-2.701
0.762,-2.698
0.748,-2.686
0.229,-2.746
0.29,-2.53
-1.206,-2.666
-1.782,-2.805
-2.0,-2.691
2.994,-2.812
1.63,1.773
0.24,1.736
-0.315,1.622
-0.373,1.915
-2.396,1.904
-2.333,1.716
2.446,1.926
-1.953,1.069
-2.149,0.162
-2.176,0.343
3.084,0.506
3.088,-0.446
3.133,0.888
3.014,0.165
2.88,-0.069
-2.79,0.104
3.068,-1.417
2.895,-1.254
0.824,1.927
2.987,1.368
0.055,-0.942
0.044,-1.239
-0.055,-1.193
-0.278,-3.542
-0.22,-2.204
-0.383,-1.826
-0.481,-2.222
-0.514,-3.177
-0.578,-0.895
-0.623,0.143
-0.844,-2.165
-0.775,-1.847
-0.954,-0.819
-0.963,-0.818
-0.931,-3.559
-0.952,0.169
-1.087,-0.917
-1.134,-0.543
-1.187,-1.558
-1.176,-2.28
-1.238,-2.398
-1.273,0.389
-1.395,-0.578
-1.438,-0.964
-1.358,-0.978
-1.518,-3.208
-1.608,0.049
-1.592,-0.055
-1.825,-2.384
-1.755,0.328
-1.807,-2.206
-1.913,-1.367
-1.852,-2.081
-1.949,-2.066
-1.939,-1.342
-2.082,-2.084
-2.005,0.191
-2.131,-2.959
-2.251,-2.568
-2.365,-1.356
-2.391,-0.885
-2.375,-1.135
-2.414,-1.992
-2.314,-1.605
-2.425,0.068
-2.429,-1.039
-2.574,-1.416
-2.517,0.395
-2.653,-1.975
-2.542,-3.124
-2.585,-2.038
-2.932,-1.697
2.966,0.088
3.051,-2.116
3.037,-3.048
2.77,-3.167
2.083,-3.882
1.449,-3.636
1.599,-3.866
1.032,-3.863
1.018,-3.851
0.499,-3.911
0.56,-3.695
-0.936,-3.831
-1.512,-3.97
-1.73,-3.856
-3.019,-3.977
1.9,0.608
0.51,0.571
-0.045,0.457
-0.103,0.75
-2.126,0.739
-2.063,0.551
2.716,0.761
-1.683,-0.096
-1.879,-1.003
-1.906,-0.822
-2.929,-0.659
-2.925,-1.611
-2.88,-0.277
-2.999,-1.0
-3.133,-1.234
-2.52,-1.061
-2.945,-2.582
-3.118,-2.419
1.094,0.762
-3.026,0.203
-0.011,-0.297
-0.11,-0.251
-0.333,-2.6
-0.275,-1.262
-0.438,-0.884
-0.536,-1.28
-0.569,-2.235
-0.633,0.047
-0.678,1.085
-0.899,-1.223
-0.83,-0.905
-1.009,0.123
-1.018,0.124
-0.986,-2.617
-1.007,1.111
-1.142,0.025
-1.189,0.399
-1.242,-0.616
-1.231,-1.338
-1.293,-1.456
-1.328,1.331
-1.45,0.364
-1.493,-0.022
-1.413,-0.036
-1.573,-2.266
-1.663,0.991
-1.647,0.887
-1.88,-1.442
-1.81,1.27
-1.862,-1.264
-1.968,-0.425
-1.907,-1.139
-2.004,-1.124
-1.994,-0.4
-2.137,-1.142
-2.06,1.133
-2.186,-2.017
-2.306,-1.626
-2.42,-0.414
-2.446,0.057
-2.43,-0.193
-2.469,-1.05
-2.369,-0.663
-2.48,1.01
-2.484,-0.097
-2.629,-0.474
-2.572,1.337
-2.708,-1.033
-2.597,-2.182
-2.64,-1.096
-2.987,-0.755
2.911,1.03
2.996,-1.174
2.982,-2.106
2.715,-2.225
2.028,-2.94
1.394,-2.694
1.544,-2.924
0.977,-2.921
0.963,-2.909
0.444,-2.969
0.505,-2.753
-0.991,-2.889
-1.567,-3.028
-1.785,-2.914
-3.074,-3.035
1.845,1.55
0.455,1.513
-0.1,1.399
-0.158,1.692
-2.181,1.681
-2.118,1.493
2.661,1.703
-1.738,0.846
-1.934,-0.061
-1.961,0.12
-2.984,0.283
-2.98,-0.669
-2.935,0.665
-3.054,-0.058
3.095,-0.292
-2.575,-0.119
-3.0,-1.64
3.11,-1.477
1.039,1.704
-3.081,1.145
-0.099,0.046
-0.322,-2.303
-0.264,-0.965
-0.427,-0.587
-0.525,-0.983
-0.558,-1.938
-0.622,0.344
-0.667,1.382
-0.888,-0.926
-0.819,-0.608
-0.998,0.42
-1.007,0.421
-0.975,-2.32
-0.996,1.408
-1.131,0.322
-1.178,0.696
-1.231,-0.319
-1.22,-1.041
-1.282,-1.159
-1.317,1.628
-1.439,0.661
-1.482,0.275
-1.402,0.261
-1.562,-1.969
-1.652,1.288
-1.636,1.184
-1.869,-1.145
-1.799,1.567
-1.851,-0.967
-1.957,-0.128
-1.896,-0.842
-1.993,-0.827
-1.983,-0.103
-2.126,-0.845
-2.049,1.43
-2.175,-1.72
-2.295,-1.329
-2.409,-0.117
-2.435,0.354
-2.419,0.104
-2.458,-0.753
-2.358,-0.366
-2.469,1.307
-2.473,0.2
-2.618,-0.177
-2.561,1.634
-2.697,-0.736
-2.586,-1.885
-2.629,-0.799
-2.976,-0.458
2.922,1.327
3.007,-0.877
2.993,-1.809
2.726,-1.928
2.039,-2.643
1.405,-2.397
1.555,-2.627
0.988,-2.624
0.974,-2.612
0.455,-2.672
0.516,-2.456
-0.98,-2.592
-1.556,-2.731
-1.774,-2.617
-3.063,-2.738
1.856,1.847
0.466,1.81
-0.089,1.696
-0.147,1.989
-2.17,1.978
-2.107,1.79
2.672,2.0
-1.727,1.143
-1.923,0.236
-1.95,0.417
-2.973,0.58
-2.969,-0.372
-2.924,0.962
-3.043,0.239
3.106,0.005
-2.564,0.178
-2.989,-1.343
3.121,-1.18
1.05,2.001
-3.07,1.442
-0.223,-2.349
-0.165,-1.011
-0.328,-0.633
-0.426,-1.029
-0.459,-1.984
-0.523,0.298
-0.568,1.336
-0.789,-0.972
-0.72,-0.654
-0.899,0.374
-0.908,0.375
-0.876,-2.366
-0.897,1.362
-1.032,0.276
-1.079,0.65
-1.132,-0.365
-1.121,-1.087
-1.183,-1.205
-1.218,1.582
-1.34,0.615
-1.383,0.229
-1.303,0.215
-1.463,-2.015
-1.553,1.242
-1.537,1.138
-1.77,-1.191
-1.7,1.521
-1.752,-1.013
-1.858,-0.174
-1.797,-0.888
-1.894,-0.873
-1.884,-0.149
-2.027,-0.891
-1.95,1.384
-2.076,-1.766
-2.196,-1.375
-2.31,-0.163
-2.336,0.308
-2.32,0.058
-2.359,-0.799
-2.259,-0.412
-2.37,1.261
-2.374,0.154
-2.519,-0.223
-2.462,1.588
-2.598,-0.782
-2.487,-1.931
-2.53,-0.845
-2.877,-0.504
3.021,1.281
3.106,-0.923
3.092,-1.855
2.825,-1.974
2.138,-2.689
1.504,-2.443
1.654,-2.673
1.087,-2.67
1.073,-2.658
0.554,-2.718
0.615,-2.502
-0.881,-2.638
-1.457,-2.777
-1.675,-2.663
-2.964,-2.784
1.955,1.801
0.565,1.764
0.01,1.65
-0.048,1.943
-2.071,1.932
-2.008,1.744
2.771,1.954
-1.628,1.097
-1.824,0.19
-1.851,0.371
-2.874,0.534
-2.87,-0.418
-2.825,0.916
-2.944,0.193
-3.078,-0.041
-2.465,0.132
-2.89,-1.389
-3.063,-1.226
1.149,1.955
-2.971,1.396
0.058,1.338
-0.105,1.716
-0.203,1.32
-0.236,0.365
-0.3,2.647
-0.345,3.685
-0.566,1.377
-0.497,1.695
-0.676,2.723
-0.685,2.724
-0.653,-0.017
-0.674,3.711
-0.809,2.625
-0.856,2.999
-0.909,1.984
-0.898,1.262
-0.96,1.144
-0.995,3.931
-1.117,2.964
-1.16,2.578
-1.08,2.564
-1.24,0.334
-1.33,3.591
-1.314,3.487
-1.547,1.158
-1.477,3.87
-1.529,1.336
-1.635,2.175
-1.574,1.461
-1.671,1.476
-1.661,2.2
-1.804,1.458
-1.727,3.733
-1.853,0.583
-1.973,0.974
-2.087,2.186
-2.113,2.657
-2.097,2.407
-2.136,1.55
-2.036,1.937
-2.147,3.61
-2.151,2.503
-2.296,2.126
-2.239,3.937
-2.375,1.567
-2.264,0.418
-2.307,1.504
-2.654,1.845
-3.039,3.63
-2.954,1.426
-2.968,0.494
3.048,0.375
2.361,-0.34
1.727,-0.094
1.877,-0.324
1.31,-0.321
1.296,-0.309
0.777,-0.369
0.838,-0.153
-0.658,-0.289
-1.234,-0.428
-1.452,-0.314
-2.741,-0.435
2.178,4.15
0.788,4.113
0.233,3.999
0.175,4.292
-1.848,4.281
-1.785,4.093
2.994,4.303
-1.405,3.446
-1.601,2.539
-1.628,2.72
-2.651,2.883
-2.647,1.931
-2.602,3.265
-2.721,2.542
-2.855,2.308
-2.242,2.481
-2.667,0.96
-2.84,1.123
1.372,4.304
-2.748,3.745
-0.163,0.378
-0.261,-0.018
-0.294,-0.973
-0.358,1.309
-0.403,2.347
-0.624,0.039
-0.555,0.357
-0.734,1.385
-0.743,1.386
-0.711,-1.355
-0.732,2.373
-0.867,1.287
-0.914,1.661
-0.967,0.646
-0.956,-0.076
-1.018,-0.194
-1.053,2.593
-1.175,1.626
-1.218,1.24
-1.138,1.226
-1.298,-1.004
-1.388,2.253
-1.372,2.149
-1.605,-0.18
-1.535,2.532
-1.587,-0.002
-1.693,0.837
-1.632,0.123
-1.729,0.138
-1.719,0.862
-1.862,0.12
-1.785,2.395
-1.911,-0.755
-2.031,-0.364
-2.145,0.848
-2.171,1.319
-2.155,1.069
-2.194,0.212
-2.094,0.599
-2.205,2.272
-2.209,1.165
-2.354,0.788
-2.297,2.599
-2.433,0.229
-2.322,-0.92
-2.365,0.166
-2.712,0.507
-3.097,2.292
-3.012,0.088
-3.026,-0.844
2.99,-0.963
2.303,-1.678
1.669,-1.432
1.819,-1.662
1.252,-1.659
1.238,-1.647
0.719,-1.707
0.78,-1.491
-0.716,-1.627
-1.292,-1.766
-1.51,-1.652
-2.799,-1.773
2.12,2.812
0.73,2.775
0.175,2.661
0.117,2.954
-1.906,2.943
-1.843,2.755
2.936,2.965
-1.463,2.108
-1.659,1.201
-1.686,1.382
-2.709,1.545
-2.705,0.593
-2.66,1.927
-2.779,1.204
-2.913,0.97
-2.3,1.143
-2.725,-0.378
-2.898,-0.215
1.314,2.966
-2.806,2.407
-0.098,-0.396
-0.131,-1.351
-0.195,0.931
-0.24,1.969
-0.461,-0.339
-0.392,-0.021
-0.571,1.007
-0.58,1.008
-0.548,-1.733
-0.569,1.995
-0.704,0.909
-0.751,1.283
-0.804,0.268
-0.793,-0.454
-0.855,-0.572
-0.89,2.215
-1.012,1.248
-1.055,0.862
-0.975,0.848
-1.135,-1.382
-1.225,1.875
-1.209,1.771
-1.442,-0.558
-1.372,2.154
-1.424,-0.38
-1.53,0.459
-1.469,-0.255
-1.566,-0.24
-1.556,0.484
-1.699,-0.258
-1.622,2.017
-1.748,-1.133
-1.868,-0.742
-1.982,0.47
-2.008,0.941
-1.992,0.691
-2.031,-0.166
-1.931,0.221
-2.042,1.894
-2.046,0.787
-2.191,0.41
-2.134,2.221
-2.27,-0.149
-2.159,-1.298
-2.202,-0.212
-2.549,0.129
-2.934,1.914
-2.849,-0.29
-2.863,-1.222
-3.13,-1.341
2.466,-2.056
1.832,-1.81
1.982,-2.04
1.415,-2.037
1.401,-2.025
0.882,-2.085
0.943,-1.869
-0.553,-2.005
-1.129,-2.144
-1.347,-2.03
-2.636,-2.151
2.283,2.434
0.893,2.397
0.338,2.283
0.28,2.576
-1.743,2.565
-1.68,2.377
3.099,2.587
-1.3,1.73
-1.496,0.823
-1.523,1.004
-2.546,1.167
-2.542,0.215
-2.497,1.549
-2.616,0.826
-2.75,0.592
-2.137,0.765
-2.562,-0.756
-2.735,-0.593
1.477,2.588
-2.643,2.029
-0.033,-0.955
-0.097,1.327
-0.142,2.365
-0.363,0.057
-0.294,0.375
-0.473,1.403
-0.482,1.404
-0.45,-1.337
-0.471,2.391
-0.606,1.305
-0.653,1.679
-0.706,0.664
-0.695,-0.058
-0.757,-0.176
-0.792,2.611
-0.914,1.644
-0.957,1.258
-0.877,1.244
-1.037,-0.986
-1.127,2.271
-1.111,2.167
-1.344,-0.162
-1.274,2.55
-1.326,0.016
-1.432,0.855
-1.371,0.141
-1.468,0.156
-1.458,0.88
-1.601,0.138
-1.524,2.413
-1.65,-0.737
-1.77,-0.346
-1.884,0.866
-1.91,1.337
-1.894,1.087
-1.933,0.23
-1.833,0.617
-1.944,2.29
-1.948,1.183
-2.093,0.806
-2.036,2.617
-2.172,0.247
-2.061,-0.902
-2.104,0.184
-2.451,0.525
-2.836,2.31
-2.751,0.106
-2.765,-0.826
-3.032,-0.945
2.564,-1.66
1.93,-1.414
2.08,-1.644
1.513,-1.641
1.499,-1.629
0.98,-1.689
1.041,-1.473
-0.455,-1.609
-1.031,-1.748
-1.249,-1.634
-2.538,-1.755
2.381,2.83
0.991,2.793
0.436,2.679
0.378,2.972
-1.645,2.961
-1.582,2.773
-3.086,2.983
-1.202,2.126
-1.398,1.219
-1.425,1.4
-2.448,1.563
-2.444,0.611
-2.399,1.945
-2.518,1.222
-2.652,0.988
-2.039,1.161
-2.464,-0.36
-2.637,-0.197
1.575,2.984
-2.545,2.425
-0.064,2.282
-0.109,3.32
-0.33,1.012
-0.261,1.33
-0.44,2.358
-0.449,2.359
-0.417,-0.382
-0.438,3.346
-0.573,2.26
-0.62,2.634
-0.673,1.619
-0.662,0.897
-0.724,0.779
-0.759,3.566
-0.881,2.599
-0.924,2.213
-0.844,2.199
-1.004,-0.031
-1.094,3.226
-1.078,3.122
-1.311,0.793
-1.241,3.505
-1.293,0.971
-1.399,1.81
-1.338,1.096
-1.435,1.111
-1.425,1.835
-1.568,1.093
-1.491,3.368
-1.617,0.218
-1.737,0.609
-1.851,1.821
-1.877,2.292
-1.861,2.042
-1.9,1.185
-1.8,1.572
-1.911,3.245
-1.915,2.138
-2.06,1.761
-2.003,3.572
-2.139,1.202
-2.028,0.053
-2.071,1.139
-2.418,1.48
-2.803,3.265
-2.718,1.061
-2.732,0.129
-2.999,0.01
2.597,-0.705
1.963,-0.459
2.113,-0.689
1.546,-0.686
1.532,-0.674
1.013,-0.734
1.074,-0.518
-0.422,-0.654
-0.998,-0.793
-1.216,-0.679
-2.505,-0.8
2.414,3.785
1.024,3.748
0.469,3.634
0.411,3.927
-1.612,3.916
-1.549,3.728
-3.053,3.938
-1.169,3.081
-1.365,2.174
-1.392,2.355
-2.415,2.518
-2.411,1.566
-2.366,2.9
-2.485,2.177
-2.619,1.943
-2.006,2.116
-2.431,0.595
-2.604,0.758
1.608,3.939
-2.512,3.38
-0.045,1.038
-0.266,-1.27
-0.197,-0.952
-0.376,0.076
-0.385,0.077
-0.353,-2.664
-0.374,1.064
-0.509,-0.022
-0.556,0.352
-0.609,-0.663
-0.598,-1.385
-0.66,-1.503
-0.695,1.284
-0.817,0.317
-0.86,-0.069
-0.78,-0.083
-0.94,-2.313
-1.03,0.944
-1.014,0.84
-1.247,-1.489
-1.177,1.223
-1.229,-1.311
-1.335,-0.472
-1.274,-1.186
-1.371,-1.171
-1.361,-0.447
-1.504,-1.189
-1.427,1.086
-1.553,-2.064
-1.673,-1.673
-1.787,-0.461
-1.813,0.01
-1.797,-0.24
-1.836,-1.097
-1.736,-0.71
-1.847,0.963
-1.851,-0.144
-1.996,-0.521
-1.939,1.29
-2.075,-1.08
-1.964,-2.229
-2.007,-1.143
-2.354,-0.802
-2.739,0.983
-2.654,-1.221
-2.668,-2.153
-2.935,-2.272
2.661,-2.987
2.027,-2.741
2.177,-2.971
1.61,-2.968
1.596,-2.956
1.077,-3.016
1.138,-2.8
-0.358,-2.936
-0.934,-3.075
-1.152,-2.961
-2.441,-3.082
2.478,1.503
1.088,1.466
0.533,1.352
0.475,1.645
-1.548,1.634
-1.485,1.446
-2.989,1.656
-1.105,0.799
-1.301,-0.108
-1.328,0.073
-2.351,0.236
-2.347,-0.716
-2.302,0.618
-2.421,-0.105
-2.555,-0.339
-1.942,-0.166
-2.367,-1.687
-2.54,-1.524
1.672,1.657
-2.448,1.098
-0.221,-2.308
-0.152,-1.99
-0.331,-0.962
-0.34,-0.961
-0.308,-3.702
-0.329,0.026
-0.464,-1.06
-0.511,-0.686
-0.564,-1.701
-0.553,-2.423
-0.615,-2.541
-0.65,0.246
-0.772,-0.721
-0.815,-1.107
-0.735,-1.121
-0.895,-3.351
-0.985,-0.094
-0.969,-0.198
-1.202,-2.527
-1.132,0.185
-1.184,-2.349
-1.29,-1.51
-1.229,-2.224
-1.326,-2.209
-1.316,-1.485
-1.459,-2.227
-1.382,0.048
-1.508,-3.102
-1.628,-2.711
-1.742,-1.499
-1.768,-1.028
-1.752,-1.278
-1.791,-2.135
-1.691,-1.748
-1.802,-0.075
-1.806,-1.182
-1.951,-1.559
-1.894,0.252
-2.03,-2.118
-1.919,-3.267
-1.962,-2.181
-2.309,-1.84
-2.694,-0.055
-2.609,-2.259
-2.623,-3.191
-2.89,-3.31
2.706,-4.025
2.072,-3.779
2.222,-4.009
1.655,-4.006
1.641,-3.994
1.122,-4.054
1.183,-3.838
-0.313,-3.974
-0.889,-4.113
-1.107,-3.999
-2.396,-4.12
2.523,0.465
1.133,0.428
0.578,0.314
0.52,0.607
-1.503,0.596
-1.44,0.408
-2.944,0.618
-1.06,-0.239
-1.256,-1.146
-1.283,-0.965
-2.306,-0.802
-2.302,-1.754
-2.257,-0.42
-2.376,-1.143
-2.51,-1.377
-1.897,-1.204
-2.322,-2.725
-2.495,-2.562
1.717,0.619
-2.403,0.06
0.069,0.318
-0.11,1.346
-0.119,1.347
-0.087,-1.394
-0.108,2.334
-0.243,1.248
-0.29,1.622
-0.343,0.607
-0.332,-0.115
-0.394,-0.233
-0.429,2.554
-0.551,1.587
-0.594,1.201
-0.514,1.187
-0.674,-1.043
-0.764,2.214
-0.748,2.11
-0.981,-0.219
-0.911,2.493
-0.963,-0.041
-1.069,0.798
-1.008,0.084
-1.105,0.099
-1.095,0.823
-1.238,0.081
-1.161,2.356
-1.287,-0.794
-1.407,-0.403
-1.521,0.809
-1.547,1.28
-1.531,1.03
-1.57,0.173
-1.47,0.56
-1.581,2.233
-1.585,1.126
-1.73,0.749
-1.673,2.56
-1.809,0.19
-1.698,-0.959
-1.741,0.127
-2.088,0.468
-2.473,2.253
-2.388,0.049
-2.402,-0.883
-2.669,-1.002
2.927,-1.717
2.293,-1.471
2.443,-1.701
1.876,-1.698
1.862,-1.686
1.343,-1.746
1.404,-1.53
-0.092,-1.666
-0.668,-1.805
-0.886,-1.691
-2.175,-1.812
2.744,2.773
1.354,2.736
0.799,2.622
0.741,2.915
-1.282,2.904
-1.219,2.716
-2.723,2.926
-0.839,2.069
-1.035,1.162
-1.062,1.343
-2.085,1.506
-2.081,0.554
-2.036,1.888
-2.155,1.165
-2.289,0.931
-1.676,1.104
-2.101,-0.417
-2.274,-0.254
1.938,2.927
-2.182,2.368
-0.179,1.028
-0.188,1.029
-0.156,-1.712
-0.177,2.016
-0.312,0.93
-0.359,1.304
-0.412,0.289
-0.401,-0.433
-0.463,-0.551
-0.498,2.236
-0.62,1.269
-0.663,0.883
-0.583,0.869
-0.743,-1.361
-0.833,1.896
-0.817,1.792
-1.05,-0.537
-0.98,2.175
-1.032,-0.359
-1.138,0.48
-1.077,-0.234
-1.174,-0.219
-1.164,0.505
-1.307,-0.237
-1.23,2.038
-1.356,-1.112
-1.476,-0.721
-1.59,0.491
-1.616,0.962
-1.6,0.712
-1.639,-0.145
-1.539,0.242
-1.65,1.915
-1.654,0.808
-1.799,0.431
-1.742,2.242
-1.878,-0.128
-1.767,-1.277
-1.81,-0.191
-2.157,0.15
-2.542,1.935
-2.457,-0.269
-2.471,-1.201
-2.738,-1.32
2.858,-2.035
2.224,-1.789
2.374,-2.019
1.807,-2.016
1.793,-2.004
1.274,-2.064
1.335,-1.848
-0.161,-1.984
-0.737,-2.123
-0.955,-2.009
-2.244,-2.13
2.675,2.455
1.285,2.418
0.73,2.304
0.672,2.597
-1.351,2.586
-1.288,2.398
-2.792,2.608
-0.908,1.751
-1.104,0.844
-1.131,1.025
-2.154,1.188
-2.15,0.236
-2.105,1.57
-2.224,0.847
-2.358,0.613
-1.745,0.786
-2.17,-0.735
-2.343,-0.572
1.869,2.609
-2.251,2.05
-0.009,0.001
0.023,-2.74
0.002,0.988
-0.133,-0.098
-0.18,0.276
-0.233,-0.739
-0.222,-1.461
-0.284,-1.579
-0.319,1.208
-0.441,0.241
-0.484,-0.145
-0.404,-0.159
-0.564,-2.389
-0.654,0.868
-0.638,0.764
-0.871,-1.565
-0.801,1.147
-0.853,-1.387
-0.959,-0.548
-0.898,-1.262
-0.995,-1.247
-0.985,-0.523
-1.128,-1.265
-1.051,1.01
-1.177,-2.14
-1.297,-1.749
-1.411,-0.537
-1.437,-0.066
-1.421,-0.316
-1.46,-1.173
-1.36,-0.786
-1.471,0.887
-1.475,-0.22
-1.62,-0.597
-1.563,1.214
-1.699,-1.156
-1.588,-2.305
-1.631,-1.219
-1.978,-0.878
-2.363,0.907
-2.278,-1.297
-2.292,-2.229
-2.559,-2.348
3.037,-3.063
2.403,-2.817
2.553,-3.047
1.986,-3.044
1.972,-3.032
1.453,-3.092
1.514,-2.876
0.018,-3.012
-0.558,-3.151
-0.776,-3.037
-2.065,-3.158
2.854,1.427
1.464,1.39
0.909,1.276
0.851,1.569
-1.172,1.558
-1.109,1.37
-2.613,1.58
-0.729,0.723
-0.925,-0.184
-0.952,-0.003
-1.975,0.16
-1.971,-0.792
-1.926,0.542
-2.045,-0.181
-2.179,-0.415
-1.566,-0.242
-1.991,-1.763
-2.164,-1.6
2.048,1.581
-2.072,1.022
0.032,-2.741
0.011,0.987
-0.124,-0.099
-0.171,0.275
-0.224,-0.74
-0.213,-1.462
-0.275,-1.58
-0.31,1.207
-0.432,0.24
-0.475,-0.146
-0.395,-0.16
-0.555,-2.39
-0.645,0.867
-0.629,0.763
-0.862,-1.566
-0.792,1.146
-0.844,-1.388
-0.95,-0.549
-0.889,-1.263
-0.986,-1.248
-0.976,-0.524
-1.119,-1.266
-1.042,1.009
-1.168,-2.141
-1.288,-1.75
-1.402,-0.538
-1.428,-0.067
-1.412,-0.317
-1.451,-1.174
-1.351,-0.787
-1.462,0.886
-1.466,-0.221
-1.611,-0.598
-1.554,1.213
-1.69,-1.157
-1.579,-2.306
-1.622,-1.22
-1.969,-0.879
-2.354,0.906
-2.269,-1.298
-2.283,-2.23
-2.55,-2.349
3.046,-3.064
2.412,-2.818
2.562,-3.048
1.995,-3.045
1.981,-3.033
1.462,-3.093
1.523,-2.877
0.027,-3.013
-0.549,-3.152
-0.767,-3.038
-2.056,-3.159
2.863,1.426
1.473,1.389
0.918,1.275
0.86,1.568
-1.163,1.557
-1.1,1.369
-2.604,1.579
-0.72,0.722
-0.916,-0.185
-0.943,-0.004
-1.966,0.159
-1.962,-0.793
-1.917,0.541
-2.036,-0.182
-2.17,-0.416
-1.557,-0.243
-1.982,-1.764
-2.155,-1.601
2.057,1.58
-2.063,1.021
-0.021,3.728
-0.156,2.642
-0.203,3.016
-0.256,2.001
-0.245,1.279
-0.307,1.161
-0.342,3.948
-0.464,2.981
-0.507,2.595
-0.427,2.581
-0.587,0.351
-0.677,3.608
-0.661,3.504
-0.894,1.175
-0.824,3.887
-0.876,1.353
-0.982,2.192
-0.921,1.478
-1.018,1.493
-1.008,2.217
-1.151,1.475
-1.074,3.75
-1.2,0.6
-1.32,0.991
-1.434,2.203
-1.46,2.674
-1.444,2.424
-1.483,1.567
-1.383,1.954
-1.494,3.627
-1.498,2.52
-1.643,2.143
-1.586,3.954
-1.722,1.584
-1.611,0.435
-1.654,1.521
-2.001,1.862
-2.386,3.647
-2.301,1.443
-2.315,0.511
-2.582,0.392
3.014,-0.323
2.38,-0.077
2.53,-0.307
1.963,-0.304
1.949,-0.292
1.43,-0.352
1.491,-0.136
-0.005,-0.272
-0.581,-0.411
-0.799,-0.297
-2.088,-0.418
2.831,4.167
1.441,4.13
0.886,4.016
0.828,4.309
-1.195,4.298
-1.132,4.11
-2.636,4.32
-0.752,3.463
-0.948,2.556
-0.975,2.737
-1.998,2.9
-1.994,1.948
-1.949,3.282
-2.068,2.559
-2.202,2.325
-1.589,2.498
-2.014,0.977
-2.187,1.14
2.025,4.321
-2.095,3.762
-0.135,-1.086
-0.182,-0.712
-0.235,-1.727
-0.224,-2.449
-0.286,-2.567
-0.321,0.22
-0.443,-0.747
-0.486,-1.133
-0.406,-1.147
-0.566,-3.377
-0.656,-0.12
-0.64,-0.224
-0.873,-2.553
-0.803,0.159
-0.855,-2.375
-0.961,-1.536
-0.9,-2.25
-0.997,-2.235
-0.987,-1.511
-1.13,-2.253
-1.053,0.022
-1.179,-3.128
-1.299,-2.737
-1.413,-1.525
-1.439,-1.054
-1.423,-1.304
-1.462,-2.161
-1.362,-1.774
-1.473,-0.101
-1.477,-1.208
-1.622,-1.585
-1.565,0.226
-1.701,-2.144
-1.59,-3.293
-1.633,-2.207
-1.98,-1.866
-2.365,-0.081
-2.28,-2.285
-2.294,-3.217
-2.561,-3.336
3.035,-4.051
2.401,-3.805
2.551,-4.035
1.984,-4.032
1.97,-4.02
1.451,-4.08
1.512,-3.864
0.016,-4.0
-0.56,-4.139
-0.778,-4.025
-2.067,-4.146
2.852,0.439
1.462,0.402
0.907,0.288
0.849,0.581
-1.174,0.57
-1.111,0.382
-2.615,0.592
-0.731,-0.265
-0.927,-1.172
-0.954,-0.991
-1.977,-0.828
-1.973,-1.78
-1.928,-0.446
-2.047,-1.169
-2.181,-1.403
-1.568,-1.23
-1.993,-2.751
-2.166,-2.588
2.046,0.593
-2.074,0.034
-0.047,0.374
-0.1,-0.641
-0.089,-1.363
-0.151,-1.481
-0.186,1.306
-0.308,0.339
-0.351,-0.047
-0.271,-0.061
-0.431,-2.291
-0.521,0.966
-0.505,0.862
-0.738,-1.467
-0.668,1.245
-0.72,-1.289
-0.826,-0.45
-0.765,-1.164
-0.862,-1.149
-0.852,-0.425
-0.995,-1.167
-0.918,1.108
-1.044,-2.042
-1.164,-1.651
-1.278,-0.439
-1.304,0.032
-1.288,-0.218
-1.327,-1.075
-1.227,-0.688
-1.338,0.985
-1.342,-0.122
-1.487,-0.499
-1.43,1.312
-1.566,-1.058
-1.455,-2.207
-1.498,-1.121
-1.845,-0.78
-2.23,1.005
-2.145,-1.199
-2.159,-2.131
-2.426,-2.25
-3.113,-2.965
2.536,-2.719
2.686,-2.949
2.119,-2.946
2.105,-2.934
1.586,-2.994
1.647,-2.778
0.151,-2.914
-0.425,-3.053
-0.643,-2.939
-1.932,-3.06
2.987,1.525
1.597,1.488
1.042,1.374
0.984,1.667
-1.039,1.656
-0.976,1.468
-2.48,1.678
-0.596,0.821
-0.792,-0.086
-0.819,0.095
-1.842,0.258
-1.838,-0.694
-1.793,0.64
-1.912,-0.083
-2.046,-0.317
-1.433,-0.144
-1.858,-1.665
-2.031,-1.502
2.181,1.679
-1.939,1.12
-0.053,-1.015
-0.042,-1.737
-0.104,-1.855
-0.139,0.932
-0.261,-0.035
-0.304,-0.421
-0.224,-0.435
-0.384,-2.665
-0.474,0.592
-0.458,0.488
-0.691,-1.841
-0.621,0.871
-0.673,-1.663
-0.779,-0.824
-0.718,-1.538
-0.815,-1.523
-0.805,-0.799
-0.948,-1.541
-0.871,0.734
-0.997,-2.416
-1.117,-2.025
-1.231,-0.813
-1.257,-0.342
-1.241,-0.592
-1.28,-1.449
-1.18,-1.062
-1.291,0.611
-1.295,-0.496
-1.44,-0.873
-1.383,0.938
-1.519,-1.432
-1.408,-2.581
-1.451,-1.495
-1.798,-1.154
-2.183,0.631
-2.098,-1.573
-2.112,-2.505
-2.379,-2.624
-3.066,-3.339
2.583,-3.093
2.733,-3.323
2.166,-3.32
2.152,-3.308
1.633,-3.368
1.694,-3.152
0.198,-3.288
-0.378,-3.427
-0.596,-3.313
-1.885,-3.434
3.034,1.151
1.644,1.114
1.089,1.0
1.031,1.293
-0.992,1.282
-0.929,1.094
-2.433,1.304
-0.549,0.447
-0.745,-0.46
-0.772,-0.279
-1.795,-0.116
-1.791,-1.068
-1.746,0.266
-1.865,-0.457
-1.999,-0.691
-1.386,-0.518
-1.811,-2.039
-1.984,-1.876
2.228,1.305
-1.892,0.746
0.011,-0.722
-0.051,-0.84
-0.086,1.947
-0.208,0.98
-0.251,0.594
-0.171,0.58
-0.331,-1.65
-0.421,1.607
-0.405,1.503
-0.638,-0.826
-0.568,1.886
-0.62,-0.648
-0.726,0.191
-0.665,-0.523
-0.762,-0.508
-0.752,0.216
-0.895,-0.526
-0.818,1.749
-0.944,-1.401
-1.064,-1.01
-1.178,0.202
-1.204,0.673
-1.188,0.423
-1.227,-0.434
-1.127,-0.047
-1.238,1.626
-1.242,0.519
-1.387,0.142
-1.33,1.953
-1.466,-0.417
-1.355,-1.566
-1.398,-0.48
-1.745,-0.139
-2.13,1.646
-2.045,-0.558
-2.059,-1.49
-2.326,-1.609
-3.013,-2.324
2.636,-2.078
2.786,-2.308
2.219,-2.305
2.205,-2.293
1.686,-2.353
1.747,-2.137
0.251,-2.273
-0.325,-2.412
-0.543,-2.298
-1.832,-2.419
3.087,2.166
1.697,2.129
1.142,2.015
1.084,2.308
-0.939,2.297
-0.876,2.109
-2.38,2.319
-0.496,1.462
-0.692,0.555
-0.719,0.736
-1.742,0.899
-1.738,-0.053
-1.693,1.281
-1.812,0.558
-1.946,0.324
-1.333,0.497
-1.758,-1.024
-1.931,-0.861
2.281,2.32
-1.839,1.761
-0.062,-0.118
-0.097,2.669
-0.219,1.702
-0.262,1.316
-0.182,1.302
-0.342,-0.928
-0.432,2.329
-0.416,2.225
-0.649,-0.104
-0.579,2.608
-0.631,0.074
-0.737,0.913
-0.676,0.199
-0.773,0.214
-0.763,0.938
-0.906,0.196
-0.829,2.471
-0.955,-0.679
-1.075,-0.288
-1.189,0.924
-1.215,1.395
-1.199,1.145
-1.238,0.288
-1.138,0.675
-1.249,2.348
-1.253,1.241
-1.398,0.864
-1.341,2.675
-1.477,0.305
-1.366,-0.844
-1.409,0.242
-1.756,0.583
-2.141,2.368
-2.056,0.164
-2.07,-0.768
-2.337,-0.887
-3.024,-1.602
2.625,-1.356
2.775,-1.586
2.208,-1.583
2.194,-1.571
1.675,-1.631
1.736,-1.415
0.24,-1.551
-0.336,-1.69
-0.554,-1.576
-1.843,-1.697
3.076,2.888
1.686,2.851
1.131,2.737
1.073,3.03
-0.95,3.019
-0.887,2.831
-2.391,3.041
-0.507,2.184
-0.703,1.277
-0.73,1.458
-1.753,1.621
-1.749,0.669
-1.704,2.003
-1.823,1.28
-1.957,1.046
-1.344,1.219
-1.769,-0.302
-1.942,-0.139
2.27,3.042
-1.85,2.483
-0.035,2.787
-0.157,1.82
-0.2,1.434
-0.12,1.42
-0.28,-0.81
-0.37,2.447
-0.354,2.343
-0.587,0.014
-0.517,2.726
-0.569,0.192
-0.675,1.031
-0.614,0.317
-0.711,0.332
-0.701,1.056
-0.844,0.314
-0.767,2.589
-0.893,-0.561
-1.013,-0.17
-1.127,1.042
-1.153,1.513
-1.137,1.263
-1.176,0.406
-1.076,0.793
-1.187,2.466
-1.191,1.359
-1.336,0.982
-1.279,2.793
-1.415,0.423
-1.304,-0.726
-1.347,0.36
-1.694,0.701
-2.079,2.486
-1.994,0.282
-2.008,-0.65
-2.275,-0.769
-2.962,-1.484
2.687,-1.238
2.837,-1.468
2.27,-1.465
2.256,-1.453
1.737,-1.513
1.798,-1.297
0.302,-1.433
-0.274,-1.572
-0.492,-1.458
-1.781,-1.579
3.138,3.006
1.748,2.969
1.193,2.855
1.135,3.148
-0.888,3.137
-0.825,2.949
-2.329,3.159
-0.445,2.302
-0.641,1.395
-0.668,1.576
-1.691,1.739
-1.687,0.787
-1.642,2.121
-1.761,1.398
-1.895,1.164
-1.282,1.337
-1.707,-0.184
-1.88,-0.021
2.332,3.16
-1.788,2.601
-0.122,-0.967
-0.165,-1.353
-0.085,-1.367
-0.245,-3.597
-0.335,-0.34
-0.319,-0.444
-0.552,-2.773
-0.482,-0.061
-0.534,-2.595
-0.64,-1.756
-0.579,-2.47
-0.676,-2.455
-0.666,-1.731
-0.809,-2.473
-0.732,-0.198
-0.858,-3.348
-0.978,-2.957
-1.092,-1.745
-1.118,-1.274
-1.102,-1.524
-1.141,-2.381
-1.041,-1.994
-1.152,-0.321
-1.156,-1.428
-1.301,-1.805
-1.244,0.006
-1.38,-2.364
-1.269,-3.513
-1.312,-2.427
-1.659,-2.086
-2.044,-0.301
-1.959,-2.505
-1.973,-3.437
-2.24,-3.556
-2.927,-4.271
2.722,-4.025
2.872,-4.255
2.305,-4.252
2.291,-4.24
1.772,-4.3
1.833,-4.084
0.337,-4.22
-0.239,-4.359
-0.457,-4.245
-1.746,-4.366
-3.11,0.219
1.783,0.182
1.228,0.068
1.17,0.361
-0.853,0.35
-0.79,0.162
-2.294,0.372
-0.41,-0.485
-0.606,-1.392
-0.633,-1.211
-1.656,-1.048
-1.652,-2.0
-1.607,-0.666
-1.726,-1.389
-1.86,-1.623
-1.247,-1.45
-1.672,-2.971
-1.845,-2.808
2.367,0.373
-1.753,-0.186
-0.043,-0.386
0.037,-0.4
-0.123,-2.63
-0.213,0.627
-0.197,0.523
-0.43,-1.806
-0.36,0.906
-0.412,-1.628
-0.518,-0.789
-0.457,-1.503
-0.554,-1.488
-0.544,-0.764
-0.687,-1.506
-0.61,0.769
-0.736,-2.381
-0.856,-1.99
-0.97,-0.778
-0.996,-0.307
-0.98,-0.557
-1.019,-1.414
-0.919,-1.027
-1.03,0.646
-1.034,-0.461
-1.179,-0.838
-1.122,0.973
-1.258,-1.397
-1.147,-2.546
-1.19,-1.46
-1.537,-1.119
-1.922,0.666
-1.837,-1.538
-1.851,-2.47
-2.118,-2.589
-2.805,-3.304
2.844,-3.058
2.994,-3.288
2.427,-3.285
2.413,-3.273
1.894,-3.333
1.955,-3.117
0.459,-3.253
-0.117,-3.392
-0.335,-3.278
-1.624,-3.399
-2.988,1.186
1.905,1.149
1.35,1.035
1.292,1.328
-0.731,1.317
-0.668,1.129
-2.172,1.339
-0.288,0.482
-0.484,-0.425
-0.511,-0.244
-1.534,-0.081
-1.53,-1.033
-1.485,0.301
-1.604,-0.422
-1.738,-0.656
-1.125,-0.483
-1.55,-2.004
-1.723,-1.841
2.489,1.34
-1.631,0.781
0.08,-0.014
-0.08,-2.244
-0.17,1.013
-0.154,0.909
-0.387,-1.42
-0.317,1.292
-0.369,-1.242
-0.475,-0.403
-0.414,-1.117
-0.511,-1.102
-0.501,-0.378
-0.644,-1.12
-0.567,1.155
-0.693,-1.995
-0.813,-1.604
-0.927,-0.392
-0.953,0.079
-0.937,-0.171
-0.976,-1.028
-0.876,-0.641
-0.987,1.032
-0.991,-0.075
-1.136,-0.452
-1.079,1.359
-1.215,-1.011
-1.104,-2.16
-1.147,-1.074
-1.494,-0.733
-1.879,1.052
-1.794,-1.152
-1.808,-2.084
-2.075,-2.203
-2.762,-2.918
2.887,-2.672
3.037,-2.902
2.47,-2.899
2.456,-2.887
1.937,-2.947
1.998,-2.731
0.502,-2.867
-0.074,-3.006
-0.292,-2.892
-1.581,-3.013
-2.945,1.572
1.948,1.535
1.393,1.421
1.335,1.714
-0.688,1.703
-0.625,1.515
-2.129,1.725
-0.245,0.868
-0.441,-0.039
-0.468,0.142
-1.491,0.305
-1.487,-0.647
-1.442,0.687
-1.561,-0.036
-1.695,-0.27
-1.082,-0.097
-1.507,-1.618
-1.68,-1.455
2.532,1.726
-1.588,1.167
-0.16,-2.23
-0.25,1.027
-0.234,0.923
-0.467,-1.406
-0.397,1.306
-0.449,-1.228
-0.555,-0.389
-0.494,-1.103
-0.591,-1.088
-0.581,-0.364
-0.724,-1.106
-0.647,1.169
-0.773,-1.981
-0.893,-1.59
-1.007,-0.378
-1.033,0.093
-1.017,-0.157
-1.056,-1.014
-0.956,-0.627
-1.067,1.046
-1.071,-0.061
-1.216,-0.438
-1.159,1.373
-1.295,-0.997
-1.184,-2.146
-1.227,-1.06
-1.574,-0.719
-1.959,1.066
-1.874,-1.138
-1.888,-2.07
-2.155,-2.189
-2.842,-2.904
2.807,-2.658
2.957,-2.888
2.39,-2.885
2.376,-2.873
1.857,-2.933
1.918,-2.717
0.422,-2.853
-0.154,-2.992
-0.372,-2.878
-1.661,-2.999
-3.025,1.586
1.868,1.549
1.313,1.435
1.255,1.728
-0.768,1.717
-0.705,1.529
-2.209,1.739
-0.325,0.882
-0.521,-0.025
-0.548,0.156
-1.571,0.319
-1.567,-0.633
-1.522,0.701
-1.641,-0.022
-1.775,-0.256
-1.162,-0.083
-1.587,-1.604
-1.76,-1.441
2.452,1.74
-1.668,1.181
-0.09,3.257
-0.074,3.153
-0.307,0.824
-0.237,3.536
-0.289,1.002
-0.395,1.841
-0.334,1.127
-0.431,1.142
-0.421,1.866
-0.564,1.124
-0.487,3.399
-0.613,0.249
-0.733,0.64
-0.847,1.852
-0.873,2.323
-0.857,2.073
-0.896,1.216
-0.796,1.603
-0.907,3.276
-0.911,2.169
-1.056,1.792
-0.999,3.603
-1.135,1.233
-1.024,0.084
-1.067,1.17
-1.414,1.511
-1.799,3.296
-1.714,1.092
-1.728,0.16
-1.995,0.041
-2.682,-0.674
2.967,-0.428
3.117,-0.658
2.55,-0.655
2.536,-0.643
2.017,-0.703
2.078,-0.487
0.582,-0.623
0.006,-0.762
-0.212,-0.648
-1.501,-0.769
-2.865,3.816
2.028,3.779
1.473,3.665
1.415,3.958
-0.608,3.947
-0.545,3.759
-2.049,3.969
-0.165,3.112
-0.361,2.205
-0.388,2.386
-1.411,2.549
-1.407,1.597
-1.362,2.931
-1.481,2.208
-1.615,1.974
-1.002,2.147
-1.427,0.626
-1.6,0.789
2.612,3.97
-1.508,3.411
0.016,-0.104
-0.217,-2.433
-0.147,0.279
-0.199,-2.255
-0.305,-1.416
-0.244,-2.13
-0.341,-2.115
-0.331,-1.391
-0.474,-2.133
-0.397,0.142
-0.523,-3.008
-0.643,-2.617
-0.757,-1.405
-0.783,-0.934
-0.767,-1.184
-0.806,-2.041
-0.706,-1.654
-0.817,0.019
-0.821,-1.088
-0.966,-1.465
-0.909,0.346
-1.045,-2.024
-0.934,-3.173
-0.977,-2.087
-1.324,-1.746
-1.709,0.039
-1.624,-2.165
-1.638,-3.097
-1.905,-3.216
-2.592,-3.931
3.057,-3.685
-3.076,-3.915
2.64,-3.912
2.626,-3.9
2.107,-3.96
2.168,-3.744
0.672,-3.88
0.096,-4.019
-0.122,-3.905
-1.411,-4.026
-2.775,0.559
2.118,0.522
1.563,0.408
1.505,0.701
-0.518,0.69
-0.455,0.502
-1.959,0.712
-0.075,-0.145
-0.271,-1.052
-0.298,-0.871
-1.321,-0.708
-1.317,-1.66
-1.272,-0.326
-1.391,-1.049
-1.525,-1.283
-0.912,-1.11
-1.337,-2.631
-1.51,-2.468
2.702,0.713
-1.418,0.154
-0.233,-2.329
-0.163,0.383
-0.215,-2.151
-0.321,-1.312
-0.26,-2.026
-0.357,-2.011
-0.347,-1.287
-0.49,-2.029
-0.413,0.246
-0.539,-2.904
-0.659,-2.513
-0.773,-1.301
-0.799,-0.83
-0.783,-1.08
-0.822,-1.937
-0.722,-1.55
-0.833,0.123
-0.837,-0.984
-0.982,-1.361
-0.925,0.45
-1.061,-1.92
-0.95,-3.069
-0.993,-1.983
-1.34,-1.642
-1.725,0.143
-1.64,-2.061
-1.654,-2.993
-1.921,-3.112
-2.608,-3.827
3.041,-3.581
-3.092,-3.811
2.624,-3.808
2.61,-3.796
2.091,-3.856
2.152,-3.64
0.656,-3.776
0.08,-3.915
-0.138,-3.801
-1.427,-3.922
-2.791,0.663
2.102,0.626
1.547,0.512
1.489,0.805
-0.534,0.794
-0.471,0.606
-1.975,0.816
-0.091,-0.041
-0.287,-0.948
-0.314,-0.767
-1.337,-0.604
-1.333,-1.556
-1.288,-0.222
-1.407,-0.945
-1.541,-1.179
-0.928,-1.006
-1.353,-2.527
-1.526,-2.364
2.686,0.817
-1.434,0.258
0.07,2.712
0.018,0.178
-0.088,1.017
-0.027,0.303
-0.124,0.318
-0.114,1.042
-0.257,0.3
-0.18,2.575
-0.306,-0.575
-0.426,-0.184
-0.54,1.028
-0.566,1.499
-0.55,1.249
-0.589,0.392
-0.489,0.779
-0.6,2.452
-0.604,1.345
-0.749,0.968
-0.692,2.779
-0.828,0.409
-0.717,-0.74
-0.76,0.346
-1.107,0.687
-1.492,2.472
-1.407,0.268
-1.421,-0.664
-1.688,-0.783
-2.375,-1.498
-3.009,-1.252
-2.859,-1.482
2.857,-1.479
2.843,-1.467
2.324,-1.527
2.385,-1.311
0.889,-1.447
0.313,-1.586
0.095,-1.472
-1.194,-1.593
-2.558,2.992
2.335,2.955
1.78,2.841
1.722,3.134
-0.301,3.123
-0.238,2.935
-1.742,3.145
0.142,2.288
-0.054,1.381
-0.081,1.562
-1.104,1.725
-1.1,0.773
-1.055,2.107
-1.174,1.384
-1.308,1.15
-0.695,1.323
-1.12,-0.198
-1.293,-0.035
2.919,3.146
-1.201,2.587
-0.052,-2.534
-0.158,-1.695
-0.097,-2.409
-0.194,-2.394
-0.184,-1.67
-0.327,-2.412
-0.25,-0.137
-0.376,-3.287
-0.496,-2.896
-0.61,-1.684
-0.636,-1.213
-0.62,-1.463
-0.659,-2.32
-0.559,-1.933
-0.67,-0.26
-0.674,-1.367
-0.819,-1.744
-0.762,0.067
-0.898,-2.303
-0.787,-3.452
-0.83,-2.366
-1.177,-2.025
-1.562,-0.24
-1.477,-2.444
-1.491,-3.376
-1.758,-3.495
-2.445,-4.21
-3.079,-3.964
-2.929,-4.194
2.787,-4.191
2.773,-4.179
2.254,-4.239
2.315,-4.023
0.819,-4.159
0.243,-4.298
0.025,-4.184
-1.264,-4.305
-2.628,0.28
2.265,0.243
1.71,0.129
1.652,0.422
-0.371,0.411
-0.308,0.223
-1.812,0.433
0.072,-0.424
-0.124,-1.331
-0.151,-1.15
-1.174,-0.987
-1.17,-1.939
-1.125,-0.605
-1.244,-1.328
-1.378,-1.562
-0.765,-1.389
-1.19,-2.91
-1.363,-2.747
2.849,0.434
-1.271,-0.125
-0.106,0.839
-0.045,0.125
-0.142,0.14
-0.132,0.864
-0.275,0.122
-0.198,2.397
-0.324,-0.753
-0.444,-0.362
-0.558,0.85
-0.584,1.321
-0.568,1.071
-0.607,0.214
-0.507,0.601
-0.618,2.274
-0.622,1.167
-0.767,0.79
-0.71,2.601
-0.846,0.231
-0.735,-0.918
-0.778,0.168
-1.125,0.509
-1.51,2.294
-1.425,0.09
-1.439,-0.842
-1.706,-0.961
-2.393,-1.676
-3.027,-1.43
-2.877,-1.66
2.839,-1.657
2.825,-1.645
2.306,-1.705
2.367,-1.489
0.871,-1.625
0.295,-1.764
0.077,-1.65
-1.212,-1.771
-2.576,2.814
2.317,2.777
1.762,2.663
1.704,2.956
-0.319,2.945
-0.256,2.757
-1.76,2.967
0.124,2.11
-0.072,1.203
-0.099,1.384
-1.122,1.547
-1.118,0.595
-1.073,1.929
-1.192,1.206
-1.326,0.972
-0.713,1.145
-1.138,-0.376
-1.311,-0.213
2.901,2.968
-1.219,2.409
0.061,-0.714
-0.036,-0.699
-0.026,0.025
-0.169,-0.717
-0.092,1.558
-0.218,-1.592
-0.338,-1.201
-0.452,0.011
-0.478,0.482
-0.462,0.232
-0.501,-0.625
-0.401,-0.238
-0.512,1.435
-0.516,0.328
-0.661,-0.049
-0.604,1.762
-0.74,-0.608
-0.629,-1.757
-0.672,-0.671
-1.019,-0.33
-1.404,1.455
-1.319,-0.749
-1.333,-1.681
-1.6,-1.8
-2.287,-2.515
-2.921,-2.269
-2.771,-2.499
2.945,-2.496
2.931,-2.484
2.412,-2.544
2.473,-2.328
0.977,-2.464
0.401,-2.603
0.183,-2.489
-1.106,-2.61
-2.47,1.975
2.423,1.938
1.868,1.824
1.81,2.117
-0.213,2.106
-0.15,1.918
-1.654,2.128
0.23,1.271
0.034,0.364
0.007,0.545
-1.016,0.708
-1.012,-0.244
-0.967,1.09
-1.086,0.367
-1.22,0.133
-0.607,0.306
-1.032,-1.215
-1.205,-1.052
3.007,2.129
-1.113,1.57
-0.097,0.015
-0.087,0.739
-0.23,-0.003
-0.153,2.272
-0.279,-0.878
-0.399,-0.487
-0.513,0.725
-0.539,1.196
-0.523,0.946
-0.562,0.089
-0.462,0.476
-0.573,2.149
-0.577,1.042
-0.722,0.665
-0.665,2.476
-0.801,0.106
-0.69,-1.043
-0.733,0.043
-1.08,0.384
-1.465,2.169
-1.38,-0.035
-1.394,-0.967
-1.661,-1.086
-2.348,-1.801
-2.982,-1.555
-2.832,-1.785
2.884,-1.782
2.87,-1.77
2.351,-1.83
2.412,-1.614
0.916,-1.75
0.34,-1.889
0.122,-1.775
-1.167,-1.896
-2.531,2.689
2.362,2.652
1.807,2.538
1.749,2.831
-0.274,2.82
-0.211,2.632
-1.715,2.842
0.169,1.985
-0.027,1.078
-0.054,1.259
-1.077,1.422
-1.073,0.47
-1.028,1.804
-1.147,1.081
-1.281,0.847
-0.668,1.02
-1.093,-0.501
-1.266,-0.338
2.946,2.843
-1.174,2.284
0.01,0.724
-0.133,-0.018
-0.056,2.257
-0.182,-0.893
-0.302,-0.502
-0.416,0.71
-0.442,1.181
-0.426,0.931
-0.465,0.074
-0.365,0.461
-0.476,2.134
-0.48,1.027
-0.625,0.65
-0.568,2.461
-0.704,0.091
-0.593,-1.058
-0.636,0.028
-0.983,0.369
-1.368,2.154
-1.283,-0.05
-1.297,-0.982
-1.564,-1.101
-2.251,-1.816
-2.885,-1.57
-2.735,-1.8
2.981,-1.797
2.967,-1.785
2.448,-1.845
2.509,-1.629
1.013,-1.765
0.437,-1.904
0.219,-1.79
-1.07,-1.911
-2.434,2.674
2.459,2.637
1.904,2.523
1.846,2.816
-0.177,2.805
-0.114,2.617
-1.618,2.827
0.266,1.97
0.07,1.063
0.043,1.244
-0.98,1.407
-0.976,0.455
-0.931,1.789
-1.05,1.066
-1.184,0.832
-0.571,1.005
-0.996,-0.516
-1.169,-0.353
3.043,2.828
-1.077,2.269
-0.143,-0.742
-0.066,1.533
-0.192,-1.617
-0.312,-1.226
-0.426,-0.014
-0.452,0.457
-0.436,0.207
-0.475,-0.65
-0.375,-0.263
-0.486,1.41
-0.49,0.303
-0.635,-0.074
-0.578,1.737
-0.714,-0.633
-0.603,-1.782
-0.646,-0.696
-0.993,-0.355
-1.378,1.43
-1.293,-0.774
-1.307,-1.706
-1.574,-1.825
-2.261,-2.54
-2.895,-2.294
-2.745,-2.524
2.971,-2.521
2.957,-2.509
2.438,-2.569
2.499,-2.353
1.003,-2.489
0.427,-2.628
0.209,-2.514
-1.08,-2.635
-2.444,1.95
2.449,1.913
1.894,1.799
1.836,2.092
-0.187,2.081
-0.124,1.893
-1.628,2.103
0.256,1.246
0.06,0.339
0.033,0.52
-0.99,0.683
-0.986,-0.269
-0.941,1.065
-1.06,0.342
-1.194,0.108
-0.581,0.281
-1.006,-1.24
-1.179,-1.077
3.033,2.104
-1.087,1.545
0.077,2.275
-0.049,-0.875
-0.169,-0.484
-0.283,0.728
-0.309,1.199
-0.293,0.949
-0.332,0.092
-0.232,0.479
-0.343,2.152
-0.347,1.045
-0.492,0.668
-0.435,2.479
-0.571,0.109
-0.46,-1.04
-0.503,0.046
-0.85,0.387
-1.235,2.172
-1.15,-0.032
-1.164,-0.964
-1.431,-1.083
-2.118,-1.798
-2.752,-1.552
-2.602,-1.782
3.114,-1.779
3.1,-1.767
2.581,-1.827
2.642,-1.611
1.146,-1.747
0.57,-1.886
0.352,-1.772
-0.937,-1.893
-2.301,2.692
2.592,2.655
2.037,2.541
1.979,2.834
-0.044,2.823
0.019,2.635
-1.485,2.845
0.399,1.988
0.203,1.081
0.176,1.262
-0.847,1.425
-0.843,0.473
-0.798,1.807
-0.917,1.084
-1.051,0.85
-0.438,1.023
-0.863,-0.498
-1.036,-0.335
-3.107,2.846
-0.944,2.287
-0.126,-3.15
-0.246,-2.759
-0.36,-1.547
-0.386,-1.076
-0.37,-1.326
-0.409,-2.183
-0.309,-1.796
-0.42,-0.123
-0.424,-1.23
-0.569,-1.607
-0.512,0.204
-0.648,-2.166
-0.537,-3.315
-0.58,-2.229
-0.927,-1.888
-1.312,-0.103
-1.227,-2.307
-1.241,-3.239
-1.508,-3.358
-2.195,-4.073
-2.829,-3.827
-2.679,-4.057
3.037,-4.054
3.023,-4.042
2.504,-4.102
2.565,-3.886
1.069,-4.022
0.493,-4.161
0.275,-4.047
-1.014,-4.168
-2.378,0.417
2.515,0.38
1.96,0.266
1.902,0.559
-0.121,0.548
-0.058,0.36
-1.562,0.57
0.322,-0.287
0.126,-1.194
0.099,-1.013
-0.924,-0.85
-0.92,-1.802
-0.875,-0.468
-0.994,-1.191
-1.128,-1.425
-0.515,-1.252
-0.94,-2.773
-1.113,-2.61
3.099,0.571
-1.021,0.012
-0.12,0.391
-0.234,1.603
-0.26,2.074
-0.244,1.824
-0.283,0.967
-0.183,1.354
-0.294,3.027
-0.298,1.92
-0.443,1.543
-0.386,3.354
-0.522,0.984
-0.411,-0.165
-0.454,0.921
-0.801,1.262
-1.186,3.047
-1.101,0.843
-1.115,-0.089
-1.382,-0.208
-2.069,-0.923
-2.703,-0.677
-2.553,-0.907
-3.12,-0.904
-3.134,-0.892
2.63,-0.952
2.691,-0.736
1.195,-0.872
0.619,-1.011
0.401,-0.897
-0.888,-1.018
-2.252,3.567
2.641,3.53
2.086,3.416
2.028,3.709
0.005,3.698
0.068,3.51
-1.436,3.72
0.448,2.863
0.252,1.956
0.225,2.137
-0.798,2.3
-0.794,1.348
-0.749,2.682
-0.868,1.959
-1.002,1.725
-0.389,1.898
-0.814,0.377
-0.987,0.54
-3.058,3.721
-0.895,3.162
-0.114,1.212
-0.14,1.683
-0.124,1.433
-0.163,0.576
-0.063,0.963
-0.174,2.636
-0.178,1.529
-0.323,1.152
-0.266,2.963
-0.402,0.593
-0.291,-0.556
-0.334,0.53
-0.681,0.871
-1.066,2.656
-0.981,0.452
-0.995,-0.48
-1.262,-0.599
-1.949,-1.314
-2.583,-1.068
-2.433,-1.298
-3.0,-1.295
-3.014,-1.283
2.75,-1.343
2.811,-1.127
1.315,-1.263
0.739,-1.402
0.521,-1.288
-0.768,-1.409
-2.132,3.176
2.761,3.139
2.206,3.025
2.148,3.318
0.125,3.307
0.188,3.119
-1.316,3.329
0.568,2.472
0.372,1.565
0.345,1.746
-0.678,1.909
-0.674,0.957
-0.629,2.291
-0.748,1.568
-0.882,1.334
-0.269,1.507
-0.694,-0.014
-0.867,0.149
-2.938,3.33
-0.775,2.771
-0.026,0.471
-0.01,0.221
-0.049,-0.636
0.051,-0.249
-0.06,1.424
-0.064,0.317
-0.209,-0.06
-0.152,1.751
-0.288,-0.619
-0.177,-1.768
-0.22,-0.682
-0.567,-0.341
-0.952,1.444
-0.867,-0.76
-0.881,-1.692
-1.148,-1.811
-1.835,-2.526
-2.469,-2.28
-2.319,-2.51
-2.886,-2.507
-2.9,-2.495
2.864,-2.555
2.925,-2.339
1.429,-2.475
0.853,-2.614
0.635,-2.5
-0.654,-2.621
-2.018,1.964
2.875,1.927
2.32,1.813
2.262,2.106
0.239,2.095
0.302,1.907
-1.202,2.117
0.682,1.26
0.486,0.353
0.459,0.534
-0.564,0.697
-0.56,-0.255
-0.515,1.079
-0.634,0.356
-0.768,0.122
-0.155,0.295
-0.58,-1.226
-0.753,-1.063
-2.824,2.118
-0.661,1.559
0.016,-0.25
-0.023,-1.107
0.077,-0.72
-0.034,0.953
-0.038,-0.154
-0.183,-0.531
-0.126,1.28
-0.262,-1.09
-0.151,-2.239
-0.194,-1.153
-0.541,-0.812
-0.926,0.973
-0.841,-1.231
-0.855,-2.163
-1.122,-2.282
-1.809,-2.997
-2.443,-2.751
-2.293,-2.981
-2.86,-2.978
-2.874,-2.966
2.89,-3.026
2.951,-2.81
1.455,-2.946
0.879,-3.085
0.661,-2.971
-0.628,-3.092
-1.992,1.493
2.901,1.456
2.346,1.342
2.288,1.635
0.265,1.624
0.328,1.436
-1.176,1.646
0.708,0.789
0.512,-0.118
0.485,0.063
-0.538,0.226
-0.534,-0.726
-0.489,0.608
-0.608,-0.115
-0.742,-0.349
-0.129,-0.176
-0.554,-1.697
-0.727,-1.534
-2.798,1.647
-0.635,1.088
-0.039,-0.857
0.061,-0.47
-0.05,1.203
-0.054,0.096
-0.199,-0.281
-0.142,1.53
-0.278,-0.84
-0.167,-1.989
-0.21,-0.903
-0.557,-0.562
-0.942,1.223
-0.857,-0.981
-0.871,-1.913
-1.138,-2.032
-1.825,-2.747
-2.459,-2.501
-2.309,-2.731
-2.876,-2.728
-2.89,-2.716
2.874,-2.776
2.935,-2.56
1.439,-2.696
0.863,-2.835
0.645,-2.721
-0.644,-2.842
-2.008,1.743
2.885,1.706
2.33,1.592
2.272,1.885
0.249,1.874
0.312,1.686
-1.192,1.896
0.692,1.039
0.496,0.132
0.469,0.313
-0.554,0.476
-0.55,-0.476
-0.505,0.858
-0.624,0.135
-0.758,-0.099
-0.145,0.074
-0.57,-1.447
-0.743,-1.284
-2.814,1.897
-0.651,1.338
0.1,0.387
-0.011,2.06
-0.015,0.953
-0.16,0.576
-0.103,2.387
-0.239,0.017
-0.128,-1.132
-0.171,-0.046
-0.518,0.295
-0.903,2.08
-0.818,-0.124
-0.832,-1.056
-1.099,-1.175
-1.786,-1.89
-2.42,-1.644
-2.27,-1.874
-2.837,-1.871
-2.851,-1.859
2.913,-1.919
2.974,-1.703
1.478,-1.839
0.902,-1.978
0.684,-1.864
-0.605,-1.985
-1.969,2.6
2.924,2.563
2.369,2.449
2.311,2.742
0.288,2.731
0.351,2.543
-1.153,2.753
0.731,1.896
0.535,0.989
0.508,1.17
-0.515,1.333
-0.511,0.381
-0.466,1.715
-0.585,0.992
-0.719,0.758
-0.106,0.931
-0.531,-0.59
-0.704,-0.427
-2.775,2.754
-0.612,2.195
-0.111,1.673
-0.115,0.566
-0.26,0.189
-0.203,2.0
-0.339,-0.37
-0.228,-1.519
-0.271,-0.433
-0.618,-0.092
-1.003,1.693
-0.918,-0.511
-0.932,-1.443
-1.199,-1.562
-1.886,-2.277
-2.52,-2.031
-2.37,-2.261
-2.937,-2.258
-2.951,-2.246
2.813,-2.306
2.874,-2.09
1.378,-2.226
0.802,-2.365
0.584,-2.251
-0.705,-2.372
-2.069,2.213
2.824,2.176
2.269,2.062
2.211,2.355
0.188,2.344
0.251,2.156
-1.253,2.366
0.631,1.509
0.435,0.602
0.408,0.783
-0.615,0.946
-0.611,-0.006
-0.566,1.328
-0.685,0.605
-0.819,0.371
-0.206,0.544
-0.631,-0.977
-0.804,-0.814
-2.875,2.367
-0.712,1.808
-0.004,-1.107
-0.149,-1.484
-0.092,0.327
-0.228,-2.043
-0.117,-3.192
-0.16,-2.106
-0.507,-1.765
-0.892,0.02
-0.807,-2.184
-0.821,-3.116
-1.088,-3.235
-1.775,-3.95
-2.409,-3.704
-2.259,-3.934
-2.826,-3.931
-2.84,-3.919
2.924,-3.979
2.985,-3.763
1.489,-3.899
0.913,-4.038
0.695,-3.924
-0.594,-4.045
-1.958,0.54
2.935,0.503
2.38,0.389
2.322,0.682
0.299,0.671
0.362,0.483
-1.142,0.693
0.742,-0.164
0.546,-1.071
0.519,-0.89
-0.504,-0.727
-0.5,-1.679
-0.455,-0.345
-0.574,-1.068
-0.708,-1.302
-0.095,-1.129
-0.52,-2.65
-0.693,-2.487
-2.764,0.694
-0.601,0.135
-0.145,-0.377
-0.088,1.434
-0.224,-0.936
-0.113,-2.085
-0.156,-0.999
-0.503,-0.658
-0.888,1.127
-0.803,-1.077
-0.817,-2.009
-1.084,-2.128
-1.771,-2.843
-2.405,-2.597
-2.255,-2.827
-2.822,-2.824
-2.836,-2.812
2.928,-2.872
2.989,-2.656
1.493,-2.792
0.917,-2.931
0.699,-2.817
-0.59,-2.938
-1.954,1.647
2.939,1.61
2.384,1.496
2.326,1.789
0.303,1.778
0.366,1.59
-1.138,1.8
0.746,0.943
0.55,0.036
0.523,0.217
-0.5,0.38
-0.496,-0.572
-0.451,0.762
-0.57,0.039
-0.704,-0.195
-0.091,-0.022
-0.516,-1.543
-0.689,-1.38
-2.76,1.801
-0.597,1.242
0.057,1.811
-0.079,-0.559
0.032,-1.708
-0.011,-0.622
-0.358,-0.281
-0.743,1.504
-0.658,-0.7
-0.672,-1.632
-0.939,-1.751
-1.626,-2.466
-2.26,-2.22
-2.11,-2.45
-2.677,-2.447
-2.691,-2.435
3.073,-2.495
3.134,-2.279
1.638,-2.415
1.062,-2.554
0.844,-2.44
-0.445,-2.561
-1.809,2.024
3.084,1.987
2.529,1.873
2.471,2.166
0.448,2.155
0.511,1.967
-0.993,2.177
0.891,1.32
0.695,0.413
0.668,0.594
-0.355,0.757
-0.351,-0.195
-0.306,1.139
-0.425,0.416
-0.559,0.182
0.054,0.355
-0.371,-1.166
-0.544,-1.003
-2.615,2.178
-0.452,1.619
-0.136,-2.37
-0.025,-3.519
-0.068,-2.433
-0.415,-2.092
-0.8,-0.307
-0.715,-2.511
-0.729,-3.443
-0.996,-3.562
-1.683,-4.277
-2.317,-4.031
-2.167,-4.261
-2.734,-4.258
-2.748,-4.246
3.016,-4.306
3.077,-4.09
1.581,-4.226
1.005,-4.365
0.787,-4.251
-0.502,-4.372
-1.866,0.213
3.027,0.176
2.472,0.062
2.414,0.355
0.391,0.344
0.454,0.156
-1.05,0.366
0.834,-0.491
0.638,-1.398
0.611,-1.217
-0.412,-1.054
-0.408,-2.006
-0.363,-0.672
-0.482,-1.395
-0.616,-1.629
-0.003,-1.456
-0.428,-2.977
-0.601,-2.814
-2.672,0.367
-0.509,-0.192
0.111,-1.149
0.068,-0.063
-0.279,0.278
-0.664,2.063
-0.579,-0.141
-0.593,-1.073
-0.86,-1.192
-1.547,-1.907
-2.181,-1.661
-2.031,-1.891
-2.598,-1.888
-2.612,-1.876
-3.131,-1.936
-3.07,-1.72
1.717,-1.856
1.141,-1.995
0.923,-1.881
-0.366,-2.002
-1.73,2.583
-3.12,2.546
2.608,2.432
2.55,2.725
0.527,2.714
0.59,2.526
-0.914,2.736
0.97,1.879
0.774,0.972
0.747,1.153
-0.276,1.316
-0.272,0.364
-0.227,1.698
-0.346,0.975
-0.48,0.741
0.133,0.914
-0.292,-0.607
-0.465,-0.444
-2.536,2.737
-0.373,2.178
-0.043,1.086
-0.39,1.427
-0.775,3.212
-0.69,1.008
-0.704,0.076
-0.971,-0.043
-1.658,-0.758
-2.292,-0.512
-2.142,-0.742
-2.709,-0.739
-2.723,-0.727
3.041,-0.787
3.102,-0.571
1.606,-0.707
1.03,-0.846
0.812,-0.732
-0.477,-0.853
-1.841,3.732
3.052,3.695
2.497,3.581
2.439,3.874
0.416,3.863
0.479,3.675
-1.025,3.885
0.859,3.028
0.663,2.121
0.636,2.302
-0.387,2.465
-0.383,1.513
-0.338,2.847
-0.457,2.124
-0.591,1.89
0.022,2.063
-0.403,0.542
-0.576,0.705
-2.647,3.886
-0.484,3.327
-0.347,0.341
-0.732,2.126
-0.647,-0.078
-0.661,-1.01
-0.928,-1.129
-1.615,-1.844
-2.249,-1.598
-2.099,-1.828
-2.666,-1.825
-2.68,-1.813
3.084,-1.873
-3.138,-1.657
1.649,-1.793
1.073,-1.932
0.855,-1.818
-0.434,-1.939
-1.798,2.646
3.095,2.609
2.54,2.495
2.482,2.788
0.459,2.777
0.522,2.589
-0.982,2.799
0.902,1.942
0.706,1.035
0.679,1.216
-0.344,1.379
-0.34,0.427
-0.295,1.761
-0.414,1.038
-0.548,0.804
0.065,0.977
-0.36,-0.544
-0.533,-0.381
-2.604,2.8
-0.441,2.241
-0.385,1.785
-0.3,-0.419
-0.314,-1.351
-0.581,-1.47
-1.268,-2.185
-1.902,-1.939
-1.752,-2.169
-2.319,-2.166
-2.333,-2.154
-2.852,-2.214
-2.791,-1.998
1.996,-2.134
1.42,-2.273
1.202,-2.159
-0.087,-2.28
-1.451,2.305
-2.841,2.268
2.887,2.154
2.829,2.447
0.806,2.436
0.869,2.248
-0.635,2.458
1.249,1.601
1.053,0.694
1.026,0.875
0.003,1.038
0.007,0.086
0.052,1.42
-0.067,0.697
-0.201,0.463
0.412,0.636
-0.013,-0.885
-0.186,-0.722
-2.257,2.459
-0.094,1.9
0.085,-2.204
0.071,-3.136
-0.196,-3.255
-0.883,-3.97
-1.517,-3.724
-1.367,-3.954
-1.934,-3.951
-1.948,-3.939
-2.467,-3.999
-2.406,-3.783
2.381,-3.919
1.805,-4.058
1.587,-3.944
0.298,-4.065
-1.066,0.52
-2.456,0.483
-3.011,0.369
-3.069,0.662
1.191,0.651
1.254,0.463
-0.25,0.673
1.634,-0.184
1.438,-1.091
1.411,-0.91
0.388,-0.747
0.392,-1.699
0.437,-0.365
0.318,-1.088
0.184,-1.322
0.797,-1.149
0.372,-2.67
0.199,-2.507
-1.872,0.674
0.291,0.115
-0.014,-0.932
-0.281,-1.051
-0.968,-1.766
-1.602,-1.52
-1.452,-1.75
-2.019,-1.747
-2.033,-1.735
-2.552,-1.795
-2.491,-1.579
2.296,-1.715
1.72,-1.854
1.502,-1.74
0.213,-1.861
-1.151,2.724
-2.541,2.687
-3.096,2.573
3.129,2.866
1.106,2.855
1.169,2.667
-0.335,2.877
1.549,2.02
1.353,1.113
1.326,1.294
0.303,1.457
0.307,0.505
0.352,1.839
0.233,1.116
0.099,0.882
0.712,1.055
0.287,-0.466
0.114,-0.303
-1.957,2.878
0.206,2.319
-0.267,-0.119
-0.954,-0.834
-1.588,-0.588
-1.438,-0.818
-2.005,-0.815
-2.019,-0.803
-2.538,-0.863
-2.477,-0.647
2.31,-0.783
1.734,-0.922
1.516,-0.808
0.227,-0.929
-1.137,3.656
-2.527,3.619
-3.082,3.505
-3.14,3.798
1.12,3.787
1.183,3.599
-0.321,3.809
1.563,2.952
1.367,2.045
1.34,2.226
0.317,2.389
0.321,1.437
0.366,2.771
0.247,2.048
0.113,1.814
0.726,1.987
0.301,0.466
0.128,0.629
-1.943,3.81
0.22,3.251
-0.687,-0.715
-1.321,-0.469
-1.171,-0.699
-1.738,-0.696
-1.752,-0.684
-2.271,-0.744
-2.21,-0.528
2.577,-0.664
2.001,-0.803
1.783,-0.689
0.494,-0.81
-0.87,3.775
-2.26,3.738
-2.815,3.624
-2.873,3.917
1.387,3.906
1.45,3.718
-0.054,3.928
1.83,3.071
1.634,2.164
1.607,2.345
0.584,2.508
0.588,1.556
0.633,2.89
0.514,2.167
0.38,1.933
0.993,2.106
0.568,0.585
0.395,0.748
-1.676,3.929
0.487,3.37
-0.634,0.246
-0.484,0.016
-1.051,0.019
-1.065,0.031
-1.584,-0.029
-1.523,0.187
-3.019,0.051
2.688,-0.088
2.47,0.026
1.181,-0.095
-0.183,4.49
-1.573,4.453
-2.128,4.339
-2.186,4.632
2.074,4.621
2.137,4.433
0.633,4.643
2.517,3.786
2.321,2.879
2.294,3.06
1.271,3.223
1.275,2.271
1.32,3.605
1.201,2.882
1.067,2.648
1.68,2.821
1.255,1.3
1.082,1.463
-0.989,4.644
1.174,4.085
0.15,-0.23
-0.417,-0.227
-0.431,-0.215
-0.95,-0.275
-0.889,-0.059
-2.385,-0.195
-2.961,-0.334
3.104,-0.22
1.815,-0.341
0.451,4.244
-0.939,4.207
-1.494,4.093
-1.552,4.386
2.708,4.375
2.771,4.187
1.267,4.397
-3.132,3.54
2.955,2.633
2.928,2.814
1.905,2.977
1.909,2.025
1.954,3.359
1.835,2.636
1.701,2.402
2.314,2.575
1.889,1.054
1.716,1.217
-0.355,4.398
1.808,3.839
-0.567,0.003
-0.581,0.015
-1.1,-0.045
-1.039,0.171
-2.535,0.035
-3.111,-0.104
2.954,0.01
1.665,-0.111
0.301,4.474
-1.089,4.437
-1.644,4.323
-1.702,4.616
2.558,4.605
2.621,4.417
1.117,4.627
3.001,3.77
2.805,2.863
2.778,3.044
1.755,3.207
1.759,2.255
1.804,3.589
1.685,2.866
1.551,2.632
2.164,2.805
1.739,1.284
1.566,1.447
-0.505,4.628
1.658,4.069
-0.014,0.012
-0.533,-0.048
-0.472,0.168
-1.968,0.032
-2.544,-0.107
-2.762,0.007
2.232,-0.114
0.868,4.471
-0.522,4.434
-1.077,4.32
-1.135,4.613
3.125,4.602
-3.095,4.414
1.684,4.624
-2.715,3.767
-2.911,2.86
-2.938,3.041
2.322,3.204
2.326,2.252
2.371,3.586
2.252,2.863
2.118,2.629
2.731,2.802
2.306,1.281
2.133,1.444
0.062,4.625
2.225,4.066
-0.519,-0.06
-0.458,0.156
-1.954,0.02
-2.53,-0.119
-2.748,-0.005
2.246,-0.126
0.882,4.459
-0.508,4.422
-1.063,4.308
-1.121,4.601
3.139,4.59
-3.081,4.402
1.698,4.612
-2.701,3.755
-2.897,2.848
-2.924,3.029
2.336,3.192
2.34,2.24
2.385,3.574
2.266,2.851
2.132,2.617
2.745,2.79
2.32,1.269
2.147,1.432
0.076,4.613
2.239,4.054
0.061,0.216
-1.435,0.08
-2.011,-0.059
-2.229,0.055
2.765,-0.066
1.401,4.519
0.011,4.482
-0.544,4.368
-0.602,4.661
-2.625,4.65
-2.562,4.462
2.217,4.672
-2.182,3.815
-2.378,2.908
-2.405,3.089
2.855,3.252
2.859,2.3
2.904,3.634
2.785,2.911
2.651,2.677
-3.019,2.85
2.839,1.329
2.666,1.492
0.595,4.673
2.758,4.114
-1.496,-0.136
-2.072,-0.275
-2.29,-0.161
2.704,-0.282
1.34,4.303
-0.05,4.266
-0.605,4.152
-0.663,4.445
-2.686,4.434
-2.623,4.246
2.156,4.456
-2.243,3.599
-2.439,2.692
-2.466,2.873
2.794,3.036
2.798,2.084
2.843,3.418
2.724,2.695
2.59,2.461
-3.08,2.634
2.778,1.113
2.605,1.276
0.534,4.457
2.697,3.898
-0.576,-0.139
-0.794,-0.025
-2.083,-0.146
2.836,4.439
1.446,4.402
0.891,4.288
0.833,4.581
-1.19,4.57
-1.127,4.382
-2.631,4.592
-0.747,3.735
-0.943,2.828
-0.97,3.009
-1.993,3.172
-1.989,2.22
-1.944,3.554
-2.063,2.831
-2.197,2.597
-1.584,2.77
-2.009,1.249
-2.182,1.412
2.03,4.593
-2.09,4.034
-0.218,0.114
-1.507,-0.007
-2.871,4.578
2.022,4.541
1.467,4.427
1.409,4.72
-0.614,4.709
-0.551,4.521
-2.055,4.731
-0.171,3.874
-0.367,2.967
-0.394,3.148
-1.417,3.311
-1.413,2.359
-1.368,3.693
-1.487,2.97
-1.621,2.736
-1.008,2.909
-1.433,1.388
-1.606,1.551
2.606,4.732
-1.514,4.173
-1.289,-0.121
-2.653,4.464
2.24,4.427
1.685,4.313
1.627,4.606
-0.396,4.595
-0.333,4.407
-1.837,4.617
0.047,3.76
-0.149,2.853
-0.176,3.034
-1.199,3.197
-1.195,2.245
-1.15,3.579
-1.269,2.856
-1.403,2.622
-0.79,2.795
-1.215,1.274
-1.388,1.437
2.824,4.618
-1.296,4.059
-1.364,4.585
-2.754,4.548
2.974,4.434
2.916,4.727
0.893,4.716
0.956,4.528
-0.548,4.738
1.336,3.881
1.14,2.974
1.113,3.155
0.09,3.318
0.094,2.366
0.139,3.7
0.02,2.977
-0.114,2.743
0.499,2.916
0.074,1.395
-0.099,1.558
-2.17,4.739
-0.007,4.18
-1.39,-0.037
-1.945,-0.151
-2.003,0.142
2.257,0.131
2.32,-0.057
0.816,0.153
2.7,-0.704
2.504,-1.611
2.477,-1.43
1.454,-1.267
1.458,-2.219
1.503,-0.885
1.384,-1.608
1.25,-1.842
1.863,-1.669
1.438,-3.19
1.265,-3.027
-0.806,0.154
1.357,-0.405
-0.555,-0.114
-0.613,0.179
-2.636,0.168
-2.573,-0.02
2.206,0.19
-2.193,-0.667
-2.389,-1.574
-2.416,-1.393
2.844,-1.23
2.848,-2.182
2.893,-0.848
2.774,-1.571
2.64,-1.805
-3.03,-1.632
2.828,-3.153
2.655,-2.99
0.584,0.191
2.747,-0.368
-0.058,0.293
-2.081,0.282
-2.018,0.094
2.761,0.304
-1.638,-0.553
-1.834,-1.46
-1.861,-1.279
-2.884,-1.116
-2.88,-2.068
-2.835,-0.734
-2.954,-1.457
-3.088,-1.691
-2.475,-1.518
-2.9,-3.039
-3.073,-2.876
1.139,0.305
-2.981,-0.254
-2.023,-0.011
-1.96,-0.199
2.819,0.011
-1.58,-0.846
-1.776,-1.753
-1.803,-1.572
-2.826,-1.409
-2.822,-2.361
-2.777,-1.027
-2.896,-1.75
-3.03,-1.984
-2.417,-1.811
-2.842,-3.332
-3.015,-3.169
1.197,0.012
-2.923,-0.547
0.063,-0.188
-1.441,0.022
0.443,-0.835
0.247,-1.742
0.22,-1.561
-0.803,-1.398
-0.799,-2.35
-0.754,-1.016
-0.873,-1.739
-1.007,-1.973
-0.394,-1.8
-0.819,-3.321
-0.992,-3.158
-3.063,0.023
-0.9,-0.536
-1.504,0.21
0.38,-0.647
0.184,-1.554
0.157,-1.373
-0.866,-1.21
-0.862,-2.162
-0.817,-0.828
-0.936,-1.551
-1.07,-1.785
-0.457,-1.612
-0.882,-3.133
-1.055,-2.97
-3.126,0.211
-0.963,-0.348
1.884,-0.857
1.688,-1.764
1.661,-1.583
0.638,-1.42
0.642,-2.372
0.687,-1.038
0.568,-1.761
0.434,-1.995
1.047,-1.822
0.622,-3.343
0.449,-3.18
-1.622,0.001
0.541,-0.558
-0.196,-0.907
-0.223,-0.726
-1.246,-0.563
-1.242,-1.515
-1.197,-0.181
-1.316,-0.904
-1.45,-1.138
-0.837,-0.965
-1.262,-2.486
-1.435,-2.323
2.777,0.858
-1.343,0.299
-0.027,0.181
-1.05,0.344
-1.046,-0.608
-1.001,0.726
-1.12,0.003
-1.254,-0.231
-0.641,-0.058
-1.066,-1.579
-1.239,-1.416
2.973,1.765
-1.147,1.206
-1.023,0.163
-1.019,-0.789
-0.974,0.545
-1.093,-0.178
-1.227,-0.412
-0.614,-0.239
-1.039,-1.76
-1.212,-1.597
3.0,1.584
-1.12,1.025
0.004,-0.952
0.049,0.382
-0.07,-0.341
-0.204,-0.575
0.409,-0.402
-0.016,-1.923
-0.189,-1.76
-2.26,1.421
-0.097,0.862
0.045,1.334
-0.074,0.611
-0.208,0.377
0.405,0.55
-0.02,-0.971
-0.193,-0.808
-2.264,2.373
-0.101,1.814
-0.119,-0.723
-0.253,-0.957
0.36,-0.784
-0.065,-2.305
-0.238,-2.142
-2.309,1.039
-0.146,0.48
-0.134,-0.234
0.479,-0.061
0.054,-1.582
-0.119,-1.419
-2.19,1.762
-0.027,1.203
0.613,0.173
0.188,-1.348
0.015,-1.185
-2.056,1.996
0.107,1.437
-0.425,-1.521
-0.598,-1.358
-2.669,1.823
-0.506,1.264
-0.173,0.163
-2.244,3.344
-0.081,2.785
-2.071,3.181
0.092,2.622
2.163,-0.559
