-0.085,-0.026
-0.086,-0.673
-0.099,-0.372
-0.246,0.674
-0.365,-1.333
-0.304,-0.905
-0.287,0.91
-0.349,1.335
-0.512,0.198
-0.6,-0.385
-0.636,1.633
-0.635,-0.167
-0.64,0.25
-0.688,0.886
-0.979,-0.672
-0.907,2.057
-0.929,1.601
-0.952,0.262
-1.025,-1.357
-0.976,0.237
-1.072,0.453
-1.113,-0.323
-1.17,-0.14
-1.153,1.759
-1.244,0.905
-1.352,0.702
-1.298,0.479
-1.381,-1.145
-1.409,-1.368
-1.437,-0.725
-1.491,1.448
-1.452,0.418
-1.534,1.855
-1.564,-0.889
-1.593,0.708
-1.626,-0.577
-1.582,0.378
-1.788,-1.505
-1.729,1.002
-1.774,-0.971
-1.84,-0.57
-1.869,-0.098
-1.901,1.188
-1.831,0.425
-1.867,0.615
-1.988,0.804
-2.156,0.401
-2.151,-0.724
-2.245,-0.637
-2.293,1.205
-2.328,-1.649
-2.296,-1.844
-2.324,0.333
-2.322,0.355
-2.539,1.249
-2.582,0.691
-2.535,1.257
-2.633,-0.403
-2.645,0.308
-2.66,0.283
-2.634,-0.185
-2.872,1.253
-2.863,-0.993
-2.903,-0.645
-2.987,-0.74
-3.006,-0.576
-3.089,-0.096
-3.07,-1.867
2.979,-1.384
3.048,-1.675
3.034,0.465
2.977,-0.562
3.019,1.775
2.986,1.686
2.872,-0.432
2.933,-0.576
2.805,-1.37
2.827,0.614
2.773,-0.517
2.82,0.976
2.753,-0.781
2.763,0.226
2.764,-0.254
2.632,-0.854
2.616,-1.263
2.589,0.305
2.585,0.528
2.604,0.771
2.543,-0.641
2.532,-1.767
2.518,-0.606
2.471,-0.337
2.549,1.627
2.488,-0.642
2.415,-0.654
2.388,0.354
2.453,-0.507
2.432,2.067
2.32,1.019
2.325,0.902
2.249,1.623
2.277,0.911
2.217,-0.141
2.266,0.135
2.261,1.865
2.145,2.129
2.119,0.212
2.106,1.049
2.066,-0.342
2.064,-0.167
1.955,-1.512
1.945,0.315
2.01,0.222
1.863,0.844
1.889,0.885
1.735,-0.527
1.777,0.675
1.698,0.693
1.713,-0.895
1.552,-1.162
1.456,1.872
1.433,-0.554
1.432,0.574
1.326,-0.517
1.263,0.215
1.303,0.496
1.28,0.696
1.176,0.656
1.19,-0.561
1.153,-1.841
1.134,-0.857
1.115,0.682
1.081,-1.823
0.962,-0.468
1.012,0.365
0.99,-0.48
0.916,-0.992
0.828,-1.387
0.871,0.827
0.826,0.768
0.502,-0.031
0.458,-0.569
0.441,-1.372
0.431,-0.768
0.396,0.368
0.291,-0.126
0.25,-0.878
0.328,-0.674
0.25,-0.792
0.19,-0.411
0.02,-1.737
-0.023,-0.352
0.012,-2.153
-0.417,-2.128
-0.549,-1.93
-0.632,-2.299
-0.718,-1.937
-1.153,-2.092
-1.471,-2.18
-2.91,-2.202
3.108,-2.275
2.674,-2.207
2.414,-2.01
2.322,-2.087
2.007,-2.355
1.34,-2.117
1.164,-2.073
0.911,-2.104
0.81,-1.974
0.393,-2.033
-0.751,2.234
-1.911,2.367
-2.429,2.159
-2.723,2.018
3.039,2.297
3.077,1.975
1.443,2.106
1.094,2.381
0.707,1.937
-0.835,1.542
-3.11,1.354
2.841,1.35
1.918,-1.884
1.195,2.013
0.358,-2.278
0.256,-2.196
-2.233,1.89
0.071,0.832
0.011,-0.766
-0.001,-0.818
-0.115,-0.177
-0.208,0.377
-0.342,-1.095
-0.366,-0.249
-0.473,-0.146
-0.536,-0.975
-0.397,1.882
-0.576,1.757
-0.478,-1.103
-0.541,1.873
-0.554,-0.488
-0.845,-0.89
-0.746,-0.741
-0.752,-0.347
-0.88,-0.218
-0.933,0.564
-1.142,-1.549
-1.159,-0.92
-1.172,-0.005
-1.213,1.362
-1.271,-1.294
-1.334,0.509
-1.378,0.876
-1.432,1.695
-1.409,0.338
-1.332,1.504
-1.526,0.018
-1.545,-0.198
-1.663,-0.497
-1.627,-0.575
-1.666,-1.008
-1.712,1.671
-1.843,-0.213
-1.771,1.957
-2.062,-0.23
-2.306,-1.118
-2.385,-0.368
-2.367,1.198
-2.499,-0.788
-2.499,0.007
-2.661,0.666
-2.601,0.632
-2.729,-0.669
-2.609,0.639
-2.637,1.185
-2.88,-0.331
-2.791,-0.843
-3.107,1.951
-2.994,1.119
-3.06,0.397
3.072,-1.589
2.986,2.047
3.006,-1.809
3.106,-1.83
2.955,-0.841
3.078,-1.569
2.994,-0.162
2.977,1.643
2.874,2.032
2.716,0.628
2.703,1.425
2.679,1.665
2.621,2.03
2.617,1.604
2.525,0.424
2.519,0.821
2.373,2.0
2.508,-1.813
2.452,-1.091
2.318,1.52
2.425,1.783
2.288,2.091
2.229,-0.331
2.318,-1.183
2.306,-0.557
2.2,0.505
2.07,-0.189
2.203,-1.187
2.042,1.748
2.006,-1.564
2.103,-1.095
1.945,0.891
2.032,1.514
1.965,0.751
1.905,0.476
1.768,-0.391
1.637,-0.394
1.619,-1.703
1.59,1.923
1.561,0.65
1.391,1.693
1.342,-1.176
1.297,-1.795
1.262,-0.339
1.357,-0.514
1.29,1.372
1.162,0.49
1.039,-0.811
1.136,-0.94
0.924,-1.709
0.56,-0.284
0.512,-1.04
0.479,-1.761
0.434,0.436
0.418,0.614
0.433,0.702
0.398,-0.157
0.241,1.798
0.368,0.445
0.221,0.509
0.195,1.69
0.07,0.004
0.038,1.154
-0.12,-2.166
-0.655,-2.327
-0.554,-1.988
-1.811,-2.195
-2.104,-1.976
-2.762,-2.355
-2.978,-2.011
-3.056,-2.209
3.133,-2.063
1.934,-2.303
1.381,-1.953
0.164,-2.116
-0.285,2.125
-0.853,2.159
-0.985,2.214
-1.315,2.212
-1.62,1.987
-2.704,2.137
2.33,2.174
1.494,2.266
-2.986,0.952
-3.137,1.449
2.895,-1.09
1.86,-1.605
-2.49,-0.862
2.67,-0.926
1.77,0.815
1.752,0.785
0.69,0.259
-0.464,1.496
-1.516,-1.24
1.86,1.254
1.213,0.059
0.813,-0.619
0.791,0.074
0.832,-0.81
0.711,-1.107
0.737,0.039
-1.55,-1.612
-2.708,-1.918
0.433,-1.846
0.381,-1.815
2.804,1.855
-0.001,-0.647
-0.014,-0.346
-0.161,0.7
-0.28,-1.307
-0.219,-0.879
-0.202,0.936
-0.264,1.361
-0.427,0.224
-0.515,-0.359
-0.551,1.659
-0.55,-0.141
-0.555,0.276
-0.603,0.912
-0.894,-0.646
-0.822,2.083
-0.844,1.627
-0.867,0.288
-0.94,-1.331
-0.891,0.263
-0.987,0.479
-1.028,-0.297
-1.085,-0.114
-1.068,1.785
-1.159,0.931
-1.267,0.728
-1.213,0.505
-1.296,-1.119
-1.324,-1.342
-1.352,-0.699
-1.406,1.474
-1.367,0.444
-1.449,1.881
-1.479,-0.863
-1.508,0.734
-1.541,-0.551
-1.497,0.404
-1.703,-1.479
-1.644,1.028
-1.689,-0.945
-1.755,-0.544
-1.784,-0.072
-1.816,1.214
-1.746,0.451
-1.782,0.641
-1.903,0.83
-2.071,0.427
-2.066,-0.698
-2.16,-0.611
-2.208,1.231
-2.243,-1.623
-2.211,-1.818
-2.239,0.359
-2.237,0.381
-2.454,1.275
-2.497,0.717
-2.45,1.283
-2.548,-0.377
-2.56,0.334
-2.575,0.309
-2.549,-0.159
-2.787,1.279
-2.778,-0.967
-2.818,-0.619
-2.902,-0.714
-2.921,-0.55
-3.004,-0.07
-2.985,-1.841
3.064,-1.358
3.133,-1.649
3.119,0.491
3.062,-0.536
3.104,1.801
3.071,1.712
2.957,-0.406
3.018,-0.55
2.89,-1.344
2.912,0.64
2.858,-0.491
2.905,1.002
2.838,-0.755
2.848,0.252
2.849,-0.228
2.717,-0.828
2.701,-1.237
2.674,0.331
2.67,0.554
2.689,0.797
2.628,-0.615
2.617,-1.741
2.603,-0.58
2.556,-0.311
2.634,1.653
2.573,-0.616
2.5,-0.628
2.473,0.38
2.538,-0.481
2.517,2.093
2.405,1.045
2.41,0.928
2.334,1.649
2.362,0.937
2.302,-0.115
2.351,0.161
2.346,1.891
2.23,2.155
2.204,0.238
2.191,1.075
2.151,-0.316
2.149,-0.141
2.04,-1.486
2.03,0.341
2.095,0.248
1.948,0.87
1.974,0.911
1.82,-0.501
1.862,0.701
1.783,0.719
1.798,-0.869
1.637,-1.136
1.541,1.898
1.518,-0.528
1.517,0.6
1.411,-0.491
1.348,0.241
1.388,0.522
1.365,0.722
1.261,0.682
1.275,-0.535
1.238,-1.815
1.219,-0.831
1.2,0.708
1.166,-1.797
1.047,-0.442
1.097,0.391
1.075,-0.454
1.001,-0.966
0.913,-1.361
0.956,0.853
0.911,0.794
0.587,-0.005
0.543,-0.543
0.526,-1.346
0.516,-0.742
0.481,0.394
0.376,-0.1
0.335,-0.852
0.413,-0.648
0.335,-0.766
0.275,-0.385
0.105,-1.711
0.062,-0.326
0.097,-2.127
-0.332,-2.102
-0.464,-1.904
-0.547,-2.273
-0.633,-1.911
-1.068,-2.066
-1.386,-2.154
-2.825,-2.176
-3.09,-2.249
2.759,-2.181
2.499,-1.984
2.407,-2.061
2.092,-2.329
1.425,-2.091
1.249,-2.047
0.996,-2.078
0.895,-1.948
0.478,-2.007
-0.666,2.26
-1.826,2.393
-2.344,2.185
-2.638,2.044
3.124,2.323
-3.121,2.001
1.528,2.132
1.179,2.407
0.792,1.963
-0.75,1.568
-3.025,1.38
2.926,1.376
2.003,-1.858
1.28,2.039
0.443,-2.252
0.341,-2.17
-2.148,1.916
0.156,0.858
0.096,-0.74
0.084,-0.792
-0.03,-0.151
-0.123,0.403
-0.257,-1.069
-0.281,-0.223
-0.388,-0.12
-0.451,-0.949
-0.312,1.908
-0.491,1.783
-0.393,-1.077
-0.456,1.899
-0.469,-0.462
-0.76,-0.864
-0.661,-0.715
-0.667,-0.321
-0.795,-0.192
-0.848,0.59
-1.057,-1.523
-1.074,-0.894
-1.087,0.021
-1.128,1.388
-1.186,-1.268
-1.249,0.535
-1.293,0.902
-1.347,1.721
-1.324,0.364
-1.247,1.53
-1.441,0.044
-1.46,-0.172
-1.578,-0.471
-1.542,-0.549
-1.581,-0.982
-1.627,1.697
-1.758,-0.187
-1.686,1.983
-1.977,-0.204
-2.221,-1.092
-2.3,-0.342
-2.282,1.224
-2.414,-0.762
-2.414,0.033
-2.576,0.692
-2.516,0.658
-2.644,-0.643
-2.524,0.665
-2.552,1.211
-2.795,-0.305
-2.706,-0.817
-3.022,1.977
-2.909,1.145
-2.975,0.423
-3.126,-1.563
3.071,2.073
3.091,-1.783
-3.092,-1.804
3.04,-0.815
-3.12,-1.543
3.079,-0.136
3.062,1.669
2.959,2.058
2.801,0.654
2.788,1.451
2.764,1.691
2.706,2.056
2.702,1.63
2.61,0.45
2.604,0.847
2.458,2.026
2.593,-1.787
2.537,-1.065
2.403,1.546
2.51,1.809
2.373,2.117
2.314,-0.305
2.403,-1.157
2.391,-0.531
2.285,0.531
2.155,-0.163
2.288,-1.161
2.127,1.774
2.091,-1.538
2.188,-1.069
2.03,0.917
2.117,1.54
2.05,0.777
1.99,0.502
1.853,-0.365
1.722,-0.368
1.704,-1.677
1.675,1.949
1.646,0.676
1.476,1.719
1.427,-1.15
1.382,-1.769
1.347,-0.313
1.442,-0.488
1.375,1.398
1.247,0.516
1.124,-0.785
1.221,-0.914
1.009,-1.683
0.645,-0.258
0.597,-1.014
0.564,-1.735
0.519,0.462
0.503,0.64
0.518,0.728
0.483,-0.131
0.326,1.824
0.453,0.471
0.306,0.535
0.28,1.716
0.155,0.03
0.123,1.18
-0.035,-2.14
-0.57,-2.301
-0.469,-1.962
-1.726,-2.169
-2.019,-1.95
-2.677,-2.329
-2.893,-1.985
-2.971,-2.183
-3.065,-2.037
2.019,-2.277
1.466,-1.927
0.249,-2.09
-0.2,2.151
-0.768,2.185
-0.9,2.24
-1.23,2.238
-1.535,2.013
-2.619,2.163
2.415,2.2
1.579,2.292
-2.901,0.978
-3.052,1.475
2.98,-1.064
1.945,-1.579
-2.405,-0.836
2.755,-0.9
1.855,0.841
1.837,0.811
0.775,0.285
-0.379,1.522
-1.431,-1.214
1.945,1.28
1.298,0.085
0.898,-0.593
0.876,0.1
0.917,-0.784
0.796,-1.081
0.822,0.065
-1.465,-1.586
-2.623,-1.892
0.518,-1.82
0.466,-1.789
2.889,1.881
-0.013,0.301
-0.16,1.347
-0.279,-0.66
-0.218,-0.232
-0.201,1.583
-0.263,2.008
-0.426,0.871
-0.514,0.288
-0.55,2.306
-0.549,0.506
-0.554,0.923
-0.602,1.559
-0.893,0.001
-0.821,2.73
-0.843,2.274
-0.866,0.935
-0.939,-0.684
-0.89,0.91
-0.986,1.126
-1.027,0.35
-1.084,0.533
-1.067,2.432
-1.158,1.578
-1.266,1.375
-1.212,1.152
-1.295,-0.472
-1.323,-0.695
-1.351,-0.052
-1.405,2.121
-1.366,1.091
-1.448,2.528
-1.478,-0.216
-1.507,1.381
-1.54,0.096
-1.496,1.051
-1.702,-0.832
-1.643,1.675
-1.688,-0.298
-1.754,0.103
-1.783,0.575
-1.815,1.861
-1.745,1.098
-1.781,1.288
-1.902,1.477
-2.07,1.074
-2.065,-0.051
-2.159,0.036
-2.207,1.878
-2.242,-0.976
-2.21,-1.171
-2.238,1.006
-2.236,1.028
-2.453,1.922
-2.496,1.364
-2.449,1.93
-2.547,0.27
-2.559,0.981
-2.574,0.956
-2.548,0.488
-2.786,1.926
-2.777,-0.32
-2.817,0.028
-2.901,-0.067
-2.92,0.097
-3.003,0.577
-2.984,-1.194
3.065,-0.711
3.134,-1.002
3.12,1.138
3.063,0.111
3.105,2.448
3.072,2.359
2.958,0.241
3.019,0.097
2.891,-0.697
2.913,1.287
2.859,0.156
2.906,1.649
2.839,-0.108
2.849,0.899
2.85,0.419
2.718,-0.181
2.702,-0.59
2.675,0.978
2.671,1.201
2.69,1.444
2.629,0.032
2.618,-1.094
2.604,0.067
2.557,0.336
2.635,2.3
2.574,0.031
2.501,0.019
2.474,1.027
2.539,0.166
2.518,2.74
2.406,1.692
2.411,1.575
2.335,2.296
2.363,1.584
2.303,0.532
2.352,0.808
2.347,2.538
2.231,2.802
2.205,0.885
2.192,1.722
2.152,0.331
2.15,0.506
2.041,-0.839
2.031,0.988
2.096,0.895
1.949,1.517
1.975,1.558
1.821,0.146
1.863,1.348
1.784,1.366
1.799,-0.222
1.638,-0.489
1.542,2.545
1.519,0.119
1.518,1.247
1.412,0.156
1.349,0.888
1.389,1.169
1.366,1.369
1.262,1.329
1.276,0.112
1.239,-1.168
1.22,-0.184
1.201,1.355
1.167,-1.15
1.048,0.205
1.098,1.038
1.076,0.193
1.002,-0.319
0.914,-0.714
0.957,1.5
0.912,1.441
0.588,0.642
0.544,0.104
0.527,-0.699
0.517,-0.095
0.482,1.041
0.377,0.547
0.336,-0.205
0.414,-0.001
0.336,-0.119
0.276,0.262
0.106,-1.064
0.063,0.321
0.098,-1.48
-0.331,-1.455
-0.463,-1.257
-0.546,-1.626
-0.632,-1.264
-1.067,-1.419
-1.385,-1.507
-2.824,-1.529
-3.089,-1.602
2.76,-1.534
2.5,-1.337
2.408,-1.414
2.093,-1.682
1.426,-1.444
1.25,-1.4
0.997,-1.431
0.896,-1.301
0.479,-1.36
-0.665,2.907
-1.825,3.04
-2.343,2.832
-2.637,2.691
3.125,2.97
-3.12,2.648
1.529,2.779
1.18,3.054
0.793,2.61
-0.749,2.215
-3.024,2.027
2.927,2.023
2.004,-1.211
1.281,2.686
0.444,-1.605
0.342,-1.523
-2.147,2.563
0.157,1.505
0.097,-0.093
0.085,-0.145
-0.029,0.496
-0.122,1.05
-0.256,-0.422
-0.28,0.424
-0.387,0.527
-0.45,-0.302
-0.311,2.555
-0.49,2.43
-0.392,-0.43
-0.455,2.546
-0.468,0.185
-0.759,-0.217
-0.66,-0.068
-0.666,0.326
-0.794,0.455
-0.847,1.237
-1.056,-0.876
-1.073,-0.247
-1.086,0.668
-1.127,2.035
-1.185,-0.621
-1.248,1.182
-1.292,1.549
-1.346,2.368
-1.323,1.011
-1.246,2.177
-1.44,0.691
-1.459,0.475
-1.577,0.176
-1.541,0.098
-1.58,-0.335
-1.626,2.344
-1.757,0.46
-1.685,2.63
-1.976,0.443
-2.22,-0.445
-2.299,0.305
-2.281,1.871
-2.413,-0.115
-2.413,0.68
-2.575,1.339
-2.515,1.305
-2.643,0.004
-2.523,1.312
-2.551,1.858
-2.794,0.342
-2.705,-0.17
-3.021,2.624
-2.908,1.792
-2.974,1.07
-3.125,-0.916
3.072,2.72
3.092,-1.136
-3.091,-1.157
3.041,-0.168
-3.119,-0.896
3.08,0.511
3.063,2.316
2.96,2.705
2.802,1.301
2.789,2.098
2.765,2.338
2.707,2.703
2.703,2.277
2.611,1.097
2.605,1.494
2.459,2.673
2.594,-1.14
2.538,-0.418
2.404,2.193
2.511,2.456
2.374,2.764
2.315,0.342
2.404,-0.51
2.392,0.116
2.286,1.178
2.156,0.484
2.289,-0.514
2.128,2.421
2.092,-0.891
2.189,-0.422
2.031,1.564
2.118,2.187
2.051,1.424
1.991,1.149
1.854,0.282
1.723,0.279
1.705,-1.03
1.676,2.596
1.647,1.323
1.477,2.366
1.428,-0.503
1.383,-1.122
1.348,0.334
1.443,0.159
1.376,2.045
1.248,1.163
1.125,-0.138
1.222,-0.267
1.01,-1.036
0.646,0.389
0.598,-0.367
0.565,-1.088
0.52,1.109
0.504,1.287
0.519,1.375
0.484,0.516
0.327,2.471
0.454,1.118
0.307,1.182
0.281,2.363
0.156,0.677
0.124,1.827
-0.034,-1.493
-0.569,-1.654
-0.468,-1.315
-1.725,-1.522
-2.018,-1.303
-2.676,-1.682
-2.892,-1.338
-2.97,-1.536
-3.064,-1.39
2.02,-1.63
1.467,-1.28
0.25,-1.443
-0.199,2.798
-0.767,2.832
-0.899,2.887
-1.229,2.885
-1.534,2.66
-2.618,2.81
2.416,2.847
1.58,2.939
-2.9,1.625
-3.051,2.122
2.981,-0.417
1.946,-0.932
-2.404,-0.189
2.756,-0.253
1.856,1.488
1.838,1.458
0.776,0.932
-0.378,2.169
-1.43,-0.567
1.946,1.927
1.299,0.732
0.899,0.054
0.877,0.747
0.918,-0.137
0.797,-0.434
0.823,0.712
-1.464,-0.939
-2.622,-1.245
0.519,-1.173
0.467,-1.142
2.89,2.528
-0.147,1.046
-0.266,-0.961
-0.205,-0.533
-0.188,1.282
-0.25,1.707
-0.413,0.57
-0.501,-0.013
-0.537,2.005
-0.536,0.205
-0.541,0.622
-0.589,1.258
-0.88,-0.3
-0.808,2.429
-0.83,1.973
-0.853,0.634
-0.926,-0.985
-0.877,0.609
-0.973,0.825
-1.014,0.049
-1.071,0.232
-1.054,2.131
-1.145,1.277
-1.253,1.074
-1.199,0.851
-1.282,-0.773
-1.31,-0.996
-1.338,-0.353
-1.392,1.82
-1.353,0.79
-1.435,2.227
-1.465,-0.517
-1.494,1.08
-1.527,-0.205
-1.483,0.75
-1.689,-1.133
-1.63,1.374
-1.675,-0.599
-1.741,-0.198
-1.77,0.274
-1.802,1.56
-1.732,0.797
-1.768,0.987
-1.889,1.176
-2.057,0.773
-2.052,-0.352
-2.146,-0.265
-2.194,1.577
-2.229,-1.277
-2.197,-1.472
-2.225,0.705
-2.223,0.727
-2.44,1.621
-2.483,1.063
-2.436,1.629
-2.534,-0.031
-2.546,0.68
-2.561,0.655
-2.535,0.187
-2.773,1.625
-2.764,-0.621
-2.804,-0.273
-2.888,-0.368
-2.907,-0.204
-2.99,0.276
-2.971,-1.495
3.078,-1.012
-3.136,-1.303
3.133,0.837
3.076,-0.19
3.118,2.147
3.085,2.058
2.971,-0.06
3.032,-0.204
2.904,-0.998
2.926,0.986
2.872,-0.145
2.919,1.348
2.852,-0.409
2.862,0.598
2.863,0.118
2.731,-0.482
2.715,-0.891
2.688,0.677
2.684,0.9
2.703,1.143
2.642,-0.269
2.631,-1.395
2.617,-0.234
2.57,0.035
2.648,1.999
2.587,-0.27
2.514,-0.282
2.487,0.726
2.552,-0.135
2.531,2.439
2.419,1.391
2.424,1.274
2.348,1.995
2.376,1.283
2.316,0.231
2.365,0.507
2.36,2.237
2.244,2.501
2.218,0.584
2.205,1.421
2.165,0.03
2.163,0.205
2.054,-1.14
2.044,0.687
2.109,0.594
1.962,1.216
1.988,1.257
1.834,-0.155
1.876,1.047
1.797,1.065
1.812,-0.523
1.651,-0.79
1.555,2.244
1.532,-0.182
1.531,0.946
1.425,-0.145
1.362,0.587
1.402,0.868
1.379,1.068
1.275,1.028
1.289,-0.189
1.252,-1.469
1.233,-0.485
1.214,1.054
1.18,-1.451
1.061,-0.096
1.111,0.737
1.089,-0.108
1.015,-0.62
0.927,-1.015
0.97,1.199
0.925,1.14
0.601,0.341
0.557,-0.197
0.54,-1.0
0.53,-0.396
0.495,0.74
0.39,0.246
0.349,-0.506
0.427,-0.302
0.349,-0.42
0.289,-0.039
0.119,-1.365
0.076,0.02
0.111,-1.781
-0.318,-1.756
-0.45,-1.558
-0.533,-1.927
-0.619,-1.565
-1.054,-1.72
-1.372,-1.808
-2.811,-1.83
-3.076,-1.903
2.773,-1.835
2.513,-1.638
2.421,-1.715
2.106,-1.983
1.439,-1.745
1.263,-1.701
1.01,-1.732
0.909,-1.602
0.492,-1.661
-0.652,2.606
-1.812,2.739
-2.33,2.531
-2.624,2.39
3.138,2.669
-3.107,2.347
1.542,2.478
1.193,2.753
0.806,2.309
-0.736,1.914
-3.011,1.726
2.94,1.722
2.017,-1.512
1.294,2.385
0.457,-1.906
0.355,-1.824
-2.134,2.262
0.17,1.204
0.11,-0.394
0.098,-0.446
-0.016,0.195
-0.109,0.749
-0.243,-0.723
-0.267,0.123
-0.374,0.226
-0.437,-0.603
-0.298,2.254
-0.477,2.129
-0.379,-0.731
-0.442,2.245
-0.455,-0.116
-0.746,-0.518
-0.647,-0.369
-0.653,0.025
-0.781,0.154
-0.834,0.936
-1.043,-1.177
-1.06,-0.548
-1.073,0.367
-1.114,1.734
-1.172,-0.922
-1.235,0.881
-1.279,1.248
-1.333,2.067
-1.31,0.71
-1.233,1.876
-1.427,0.39
-1.446,0.174
-1.564,-0.125
-1.528,-0.203
-1.567,-0.636
-1.613,2.043
-1.744,0.159
-1.672,2.329
-1.963,0.142
-2.207,-0.746
-2.286,0.004
-2.268,1.57
-2.4,-0.416
-2.4,0.379
-2.562,1.038
-2.502,1.004
-2.63,-0.297
-2.51,1.011
-2.538,1.557
-2.781,0.041
-2.692,-0.471
-3.008,2.323
-2.895,1.491
-2.961,0.769
-3.112,-1.217
3.085,2.419
3.105,-1.437
-3.078,-1.458
3.054,-0.469
-3.106,-1.197
3.093,0.21
3.076,2.015
2.973,2.404
2.815,1.0
2.802,1.797
2.778,2.037
2.72,2.402
2.716,1.976
2.624,0.796
2.618,1.193
2.472,2.372
2.607,-1.441
2.551,-0.719
2.417,1.892
2.524,2.155
2.387,2.463
2.328,0.041
2.417,-0.811
2.405,-0.185
2.299,0.877
2.169,0.183
2.302,-0.815
2.141,2.12
2.105,-1.192
2.202,-0.723
2.044,1.263
2.131,1.886
2.064,1.123
2.004,0.848
1.867,-0.019
1.736,-0.022
1.718,-1.331
1.689,2.295
1.66,1.022
1.49,2.065
1.441,-0.804
1.396,-1.423
1.361,0.033
1.456,-0.142
1.389,1.744
1.261,0.862
1.138,-0.439
1.235,-0.568
1.023,-1.337
0.659,0.088
0.611,-0.668
0.578,-1.389
0.533,0.808
0.517,0.986
0.532,1.074
0.497,0.215
0.34,2.17
0.467,0.817
0.32,0.881
0.294,2.062
0.169,0.376
0.137,1.526
-0.021,-1.794
-0.556,-1.955
-0.455,-1.616
-1.712,-1.823
-2.005,-1.604
-2.663,-1.983
-2.879,-1.639
-2.957,-1.837
-3.051,-1.691
2.033,-1.931
1.48,-1.581
0.263,-1.744
-0.186,2.497
-0.754,2.531
-0.886,2.586
-1.216,2.584
-1.521,2.359
-2.605,2.509
2.429,2.546
1.593,2.638
-2.887,1.324
-3.038,1.821
2.994,-0.718
1.959,-1.233
-2.391,-0.49
2.769,-0.554
1.869,1.187
1.851,1.157
0.789,0.631
-0.365,1.868
-1.417,-0.868
1.959,1.626
1.312,0.431
0.912,-0.247
0.89,0.446
0.931,-0.438
0.81,-0.735
0.836,0.411
-1.451,-1.24
-2.609,-1.546
0.532,-1.474
0.48,-1.443
2.903,2.227
-0.119,-2.007
-0.058,-1.579
-0.041,0.236
-0.103,0.661
-0.266,-0.476
-0.354,-1.059
-0.39,0.959
-0.389,-0.841
-0.394,-0.424
-0.442,0.212
-0.733,-1.346
-0.661,1.383
-0.683,0.927
-0.706,-0.412
-0.779,-2.031
-0.73,-0.437
-0.826,-0.221
-0.867,-0.997
-0.924,-0.814
-0.907,1.085
-0.998,0.231
-1.106,0.028
-1.052,-0.195
-1.135,-1.819
-1.163,-2.042
-1.191,-1.399
-1.245,0.774
-1.206,-0.256
-1.288,1.181
-1.318,-1.563
-1.347,0.034
-1.38,-1.251
-1.336,-0.296
-1.542,-2.179
-1.483,0.328
-1.528,-1.645
-1.594,-1.244
-1.623,-0.772
-1.655,0.514
-1.585,-0.249
-1.621,-0.059
-1.742,0.13
-1.91,-0.273
-1.905,-1.398
-1.999,-1.311
-2.047,0.531
-2.082,-2.323
-2.05,-2.518
-2.078,-0.341
-2.076,-0.319
-2.293,0.575
-2.336,0.017
-2.289,0.583
-2.387,-1.077
-2.399,-0.366
-2.414,-0.391
-2.388,-0.859
-2.626,0.579
-2.617,-1.667
-2.657,-1.319
-2.741,-1.414
-2.76,-1.25
-2.843,-0.77
-2.824,-2.541
-3.058,-2.058
-2.989,-2.349
-3.003,-0.209
-3.06,-1.236
-3.018,1.101
-3.051,1.012
3.118,-1.106
-3.104,-1.25
3.051,-2.044
3.073,-0.06
3.019,-1.191
3.066,0.302
2.999,-1.455
3.009,-0.448
3.01,-0.928
2.878,-1.528
2.862,-1.937
2.835,-0.369
2.831,-0.146
2.85,0.097
2.789,-1.315
2.778,-2.441
2.764,-1.28
2.717,-1.011
2.795,0.953
2.734,-1.316
2.661,-1.328
2.634,-0.32
2.699,-1.181
2.678,1.393
2.566,0.345
2.571,0.228
2.495,0.949
2.523,0.237
2.463,-0.815
2.512,-0.539
2.507,1.191
2.391,1.455
2.365,-0.462
2.352,0.375
2.312,-1.016
2.31,-0.841
2.201,-2.186
2.191,-0.359
2.256,-0.452
2.109,0.17
2.135,0.211
1.981,-1.201
2.023,0.001
1.944,0.019
1.959,-1.569
1.798,-1.836
1.702,1.198
1.679,-1.228
1.678,-0.1
1.572,-1.191
1.509,-0.459
1.549,-0.178
1.526,0.022
1.422,-0.018
1.436,-1.235
1.399,-2.515
1.38,-1.531
1.361,0.008
1.327,-2.497
1.208,-1.142
1.258,-0.309
1.236,-1.154
1.162,-1.666
1.074,-2.061
1.117,0.153
1.072,0.094
0.748,-0.705
0.704,-1.243
0.687,-2.046
0.677,-1.442
0.642,-0.306
0.537,-0.8
0.496,-1.552
0.574,-1.348
0.496,-1.466
0.436,-1.085
0.266,-2.411
0.223,-1.026
0.258,-2.827
-0.171,-2.802
-0.303,-2.604
-0.386,-2.973
-0.472,-2.611
-0.907,-2.766
-1.225,-2.854
-2.664,-2.876
-2.929,-2.949
2.92,-2.881
2.66,-2.684
2.568,-2.761
2.253,-3.029
1.586,-2.791
1.41,-2.747
1.157,-2.778
1.056,-2.648
0.639,-2.707
-0.505,1.56
-1.665,1.693
-2.183,1.485
-2.477,1.344
-2.998,1.623
-2.96,1.301
1.689,1.432
1.34,1.707
0.953,1.263
-0.589,0.868
-2.864,0.68
3.087,0.676
2.164,-2.558
1.441,1.339
0.604,-2.952
0.502,-2.87
-1.987,1.216
0.317,0.158
0.257,-1.44
0.245,-1.492
0.131,-0.851
0.038,-0.297
-0.096,-1.769
-0.12,-0.923
-0.227,-0.82
-0.29,-1.649
-0.151,1.208
-0.33,1.083
-0.232,-1.777
-0.295,1.199
-0.308,-1.162
-0.599,-1.564
-0.5,-1.415
-0.506,-1.021
-0.634,-0.892
-0.687,-0.11
-0.896,-2.223
-0.913,-1.594
-0.926,-0.679
-0.967,0.688
-1.025,-1.968
-1.088,-0.165
-1.132,0.202
-1.186,1.021
-1.163,-0.336
-1.086,0.83
-1.28,-0.656
-1.299,-0.872
-1.417,-1.171
-1.381,-1.249
-1.42,-1.682
-1.466,0.997
-1.597,-0.887
-1.525,1.283
-1.816,-0.904
-2.06,-1.792
-2.139,-1.042
-2.121,0.524
-2.253,-1.462
-2.253,-0.667
-2.415,-0.008
-2.355,-0.042
-2.483,-1.343
-2.363,-0.035
-2.391,0.511
-2.634,-1.005
-2.545,-1.517
-2.861,1.277
-2.748,0.445
-2.814,-0.277
-2.965,-2.263
-3.051,1.373
-3.031,-2.483
-2.931,-2.504
-3.082,-1.515
-2.959,-2.243
-3.043,-0.836
-3.06,0.969
3.12,1.358
2.962,-0.046
2.949,0.751
2.925,0.991
2.867,1.356
2.863,0.93
2.771,-0.25
2.765,0.147
2.619,1.326
2.754,-2.487
2.698,-1.765
2.564,0.846
2.671,1.109
2.534,1.417
2.475,-1.005
2.564,-1.857
2.552,-1.231
2.446,-0.169
2.316,-0.863
2.449,-1.861
2.288,1.074
2.252,-2.238
2.349,-1.769
2.191,0.217
2.278,0.84
2.211,0.077
2.151,-0.198
2.014,-1.065
1.883,-1.068
1.865,-2.377
1.836,1.249
1.807,-0.024
1.637,1.019
1.588,-1.85
1.543,-2.469
1.508,-1.013
1.603,-1.188
1.536,0.698
1.408,-0.184
1.285,-1.485
1.382,-1.614
1.17,-2.383
0.806,-0.958
0.758,-1.714
0.725,-2.435
0.68,-0.238
0.664,-0.06
0.679,0.028
0.644,-0.831
0.487,1.124
0.614,-0.229
0.467,-0.165
0.441,1.016
0.316,-0.67
0.284,0.48
0.126,-2.84
-0.409,-3.001
-0.308,-2.662
-1.565,-2.869
-1.858,-2.65
-2.516,-3.029
-2.732,-2.685
-2.81,-2.883
-2.904,-2.737
2.18,-2.977
1.627,-2.627
0.41,-2.79
-0.039,1.451
-0.607,1.485
-0.739,1.54
-1.069,1.538
-1.374,1.313
-2.458,1.463
2.576,1.5
1.74,1.592
-2.74,0.278
-2.891,0.775
3.141,-1.764
2.106,-2.279
-2.244,-1.536
2.916,-1.6
2.016,0.141
1.998,0.111
0.936,-0.415
-0.218,0.822
-1.27,-1.914
2.106,0.58
1.459,-0.615
1.059,-1.293
1.037,-0.6
1.078,-1.484
0.957,-1.781
0.983,-0.635
-1.304,-2.286
-2.462,-2.592
0.679,-2.52
0.627,-2.489
3.05,1.181
0.061,0.428
0.078,2.243
0.016,2.668
-0.147,1.531
-0.235,0.948
-0.271,2.966
-0.27,1.166
-0.275,1.583
-0.323,2.219
-0.614,0.661
-0.542,3.39
-0.564,2.934
-0.587,1.595
-0.66,-0.024
-0.611,1.57
-0.707,1.786
-0.748,1.01
-0.805,1.193
-0.788,3.092
-0.879,2.238
-0.987,2.035
-0.933,1.812
-1.016,0.188
-1.044,-0.035
-1.072,0.608
-1.126,2.781
-1.087,1.751
-1.169,3.188
-1.199,0.444
-1.228,2.041
-1.261,0.756
-1.217,1.711
-1.423,-0.172
-1.364,2.335
-1.409,0.362
-1.475,0.763
-1.504,1.235
-1.536,2.521
-1.466,1.758
-1.502,1.948
-1.623,2.137
-1.791,1.734
-1.786,0.609
-1.88,0.696
-1.928,2.538
-1.963,-0.316
-1.931,-0.511
-1.959,1.666
-1.957,1.688
-2.174,2.582
-2.217,2.024
-2.17,2.59
-2.268,0.93
-2.28,1.641
-2.295,1.616
-2.269,1.148
-2.507,2.586
-2.498,0.34
-2.538,0.688
-2.622,0.593
-2.641,0.757
-2.724,1.237
-2.705,-0.534
-2.939,-0.051
-2.87,-0.342
-2.884,1.798
-2.941,0.771
-2.899,3.108
-2.932,3.019
-3.046,0.901
-2.985,0.757
-3.113,-0.037
-3.091,1.947
3.138,0.816
-3.098,2.309
3.118,0.552
3.128,1.559
3.129,1.079
2.997,0.479
2.981,0.07
2.954,1.638
2.95,1.861
2.969,2.104
2.908,0.692
2.897,-0.434
2.883,0.727
2.836,0.996
2.914,2.96
2.853,0.691
2.78,0.679
2.753,1.687
2.818,0.826
2.797,3.4
2.685,2.352
2.69,2.235
2.614,2.956
2.642,2.244
2.582,1.192
2.631,1.468
2.626,3.198
2.51,3.462
2.484,1.545
2.471,2.382
2.431,0.991
2.429,1.166
2.32,-0.179
2.31,1.648
2.375,1.555
2.228,2.177
2.254,2.218
2.1,0.806
2.142,2.008
2.063,2.026
2.078,0.438
1.917,0.171
1.821,3.205
1.798,0.779
1.797,1.907
1.691,0.816
1.628,1.548
1.668,1.829
1.645,2.029
1.541,1.989
1.555,0.772
1.518,-0.508
1.499,0.476
1.48,2.015
1.446,-0.49
1.327,0.865
1.377,1.698
1.355,0.853
1.281,0.341
1.193,-0.054
1.236,2.16
1.191,2.101
0.867,1.302
0.823,0.764
0.806,-0.039
0.796,0.565
0.761,1.701
0.656,1.207
0.615,0.455
0.693,0.659
0.615,0.541
0.555,0.922
0.385,-0.404
0.342,0.981
0.377,-0.82
-0.052,-0.795
-0.184,-0.597
-0.267,-0.966
-0.353,-0.604
-0.788,-0.759
-1.106,-0.847
-2.545,-0.869
-2.81,-0.942
3.039,-0.874
2.779,-0.677
2.687,-0.754
2.372,-1.022
1.705,-0.784
1.529,-0.74
1.276,-0.771
1.175,-0.641
0.758,-0.7
-0.386,3.567
-1.546,3.7
-2.064,3.492
-2.358,3.351
-2.879,3.63
-2.841,3.308
1.808,3.439
1.459,3.714
1.072,3.27
-0.47,2.875
-2.745,2.687
-3.077,2.683
2.283,-0.551
1.56,3.346
0.723,-0.945
0.621,-0.863
-1.868,3.223
0.436,2.165
0.376,0.567
0.364,0.515
0.25,1.156
0.157,1.71
0.023,0.238
-0.001,1.084
-0.108,1.187
-0.171,0.358
-0.032,3.215
-0.211,3.09
-0.113,0.23
-0.176,3.206
-0.189,0.845
-0.48,0.443
-0.381,0.592
-0.387,0.986
-0.515,1.115
-0.568,1.897
-0.777,-0.216
-0.794,0.413
-0.807,1.328
-0.848,2.695
-0.906,0.039
-0.969,1.842
-1.013,2.209
-1.067,3.028
-1.044,1.671
-0.967,2.837
-1.161,1.351
-1.18,1.135
-1.298,0.836
-1.262,0.758
-1.301,0.325
-1.347,3.004
-1.478,1.12
-1.406,3.29
-1.697,1.103
-1.941,0.215
-2.02,0.965
-2.002,2.531
-2.134,0.545
-2.134,1.34
-2.296,1.999
-2.236,1.965
-2.364,0.664
-2.244,1.972
-2.272,2.518
-2.515,1.002
-2.426,0.49
-2.742,3.284
-2.629,2.452
-2.695,1.73
-2.846,-0.256
-2.932,3.38
-2.912,-0.476
-2.812,-0.497
-2.963,0.492
-2.84,-0.236
-2.924,1.171
-2.941,2.976
-3.044,3.365
3.081,1.961
3.068,2.758
3.044,2.998
2.986,3.363
2.982,2.937
2.89,1.757
2.884,2.154
2.738,3.333
2.873,-0.48
2.817,0.242
2.683,2.853
2.79,3.116
2.653,3.424
2.594,1.002
2.683,0.15
2.671,0.776
2.565,1.838
2.435,1.144
2.568,0.146
2.407,3.081
2.371,-0.231
2.468,0.238
2.31,2.224
2.397,2.847
2.33,2.084
2.27,1.809
2.133,0.942
2.002,0.939
1.984,-0.37
1.955,3.256
1.926,1.983
1.756,3.026
1.707,0.157
1.662,-0.462
1.627,0.994
1.722,0.819
1.655,2.705
1.527,1.823
1.404,0.522
1.501,0.393
1.289,-0.376
0.925,1.049
0.877,0.293
0.844,-0.428
0.799,1.769
0.783,1.947
0.798,2.035
0.763,1.176
0.606,3.131
0.733,1.778
0.586,1.842
0.56,3.023
0.435,1.337
0.403,2.487
0.245,-0.833
-0.29,-0.994
-0.189,-0.655
-1.446,-0.862
-1.739,-0.643
-2.397,-1.022
-2.613,-0.678
-2.691,-0.876
-2.785,-0.73
2.299,-0.97
1.746,-0.62
0.529,-0.783
0.08,3.458
-0.488,3.492
-0.62,3.547
-0.95,3.545
-1.255,3.32
-2.339,3.47
2.695,3.507
1.859,3.599
-2.621,2.285
-2.772,2.782
-3.023,0.243
2.225,-0.272
-2.125,0.471
3.035,0.407
2.135,2.148
2.117,2.118
1.055,1.592
-0.099,2.829
-1.151,0.093
2.225,2.587
1.578,1.392
1.178,0.714
1.156,1.407
1.197,0.523
1.076,0.226
1.102,1.372
-1.185,-0.279
-2.343,-0.585
0.798,-0.513
0.746,-0.482
-3.114,3.188
0.017,1.815
-0.045,2.24
-0.208,1.103
-0.296,0.52
-0.332,2.538
-0.331,0.738
-0.336,1.155
-0.384,1.791
-0.675,0.233
-0.603,2.962
-0.625,2.506
-0.648,1.167
-0.721,-0.452
-0.672,1.142
-0.768,1.358
-0.809,0.582
-0.866,0.765
-0.849,2.664
-0.94,1.81
-1.048,1.607
-0.994,1.384
-1.077,-0.24
-1.105,-0.463
-1.133,0.18
-1.187,2.353
-1.148,1.323
-1.23,2.76
-1.26,0.016
-1.289,1.613
-1.322,0.328
-1.278,1.283
-1.484,-0.6
-1.425,1.907
-1.47,-0.066
-1.536,0.335
-1.565,0.807
-1.597,2.093
-1.527,1.33
-1.563,1.52
-1.684,1.709
-1.852,1.306
-1.847,0.181
-1.941,0.268
-1.989,2.11
-2.024,-0.744
-1.992,-0.939
-2.02,1.238
-2.018,1.26
-2.235,2.154
-2.278,1.596
-2.231,2.162
-2.329,0.502
-2.341,1.213
-2.356,1.188
-2.33,0.72
-2.568,2.158
-2.559,-0.088
-2.599,0.26
-2.683,0.165
-2.702,0.329
-2.785,0.809
-2.766,-0.962
-3.0,-0.479
-2.931,-0.77
-2.945,1.37
-3.002,0.343
-2.96,2.68
-2.993,2.591
-3.107,0.473
-3.046,0.329
3.109,-0.465
3.131,1.519
3.077,0.388
3.124,1.881
3.057,0.124
3.067,1.131
3.068,0.651
2.936,0.051
2.92,-0.358
2.893,1.21
2.889,1.433
2.908,1.676
2.847,0.264
2.836,-0.862
2.822,0.299
2.775,0.568
2.853,2.532
2.792,0.263
2.719,0.251
2.692,1.259
2.757,0.398
2.736,2.972
2.624,1.924
2.629,1.807
2.553,2.528
2.581,1.816
2.521,0.764
2.57,1.04
2.565,2.77
2.449,3.034
2.423,1.117
2.41,1.954
2.37,0.563
2.368,0.738
2.259,-0.607
2.249,1.22
2.314,1.127
2.167,1.749
2.193,1.79
2.039,0.378
2.081,1.58
2.002,1.598
2.017,0.01
1.856,-0.257
1.76,2.777
1.737,0.351
1.736,1.479
1.63,0.388
1.567,1.12
1.607,1.401
1.584,1.601
1.48,1.561
1.494,0.344
1.457,-0.936
1.438,0.048
1.419,1.587
1.385,-0.918
1.266,0.437
1.316,1.27
1.294,0.425
1.22,-0.087
1.132,-0.482
1.175,1.732
1.13,1.673
0.806,0.874
0.762,0.336
0.745,-0.467
0.735,0.137
0.7,1.273
0.595,0.779
0.554,0.027
0.632,0.231
0.554,0.113
0.494,0.494
0.324,-0.832
0.281,0.553
0.316,-1.248
-0.113,-1.223
-0.245,-1.025
-0.328,-1.394
-0.414,-1.032
-0.849,-1.187
-1.167,-1.275
-2.606,-1.297
-2.871,-1.37
2.978,-1.302
2.718,-1.105
2.626,-1.182
2.311,-1.45
1.644,-1.212
1.468,-1.168
1.215,-1.199
1.114,-1.069
0.697,-1.128
-0.447,3.139
-1.607,3.272
-2.125,3.064
-2.419,2.923
-2.94,3.202
-2.902,2.88
1.747,3.011
1.398,3.286
1.011,2.842
-0.531,2.447
-2.806,2.259
-3.138,2.255
2.222,-0.979
1.499,2.918
0.662,-1.373
0.56,-1.291
-1.929,2.795
0.375,1.737
0.315,0.139
0.303,0.087
0.189,0.728
0.096,1.282
-0.038,-0.19
-0.062,0.656
-0.169,0.759
-0.232,-0.07
-0.093,2.787
-0.272,2.662
-0.174,-0.198
-0.237,2.778
-0.25,0.417
-0.541,0.015
-0.442,0.164
-0.448,0.558
-0.576,0.687
-0.629,1.469
-0.838,-0.644
-0.855,-0.015
-0.868,0.9
-0.909,2.267
-0.967,-0.389
-1.03,1.414
-1.074,1.781
-1.128,2.6
-1.105,1.243
-1.028,2.409
-1.222,0.923
-1.241,0.707
-1.359,0.408
-1.323,0.33
-1.362,-0.103
-1.408,2.576
-1.539,0.692
-1.467,2.862
-1.758,0.675
-2.002,-0.213
-2.081,0.537
-2.063,2.103
-2.195,0.117
-2.195,0.912
-2.357,1.571
-2.297,1.537
-2.425,0.236
-2.305,1.544
-2.333,2.09
-2.576,0.574
-2.487,0.062
-2.803,2.856
-2.69,2.024
-2.756,1.302
-2.907,-0.684
-2.993,2.952
-2.973,-0.904
-2.873,-0.925
-3.024,0.064
-2.901,-0.664
-2.985,0.743
-3.002,2.548
-3.105,2.937
3.02,1.533
3.007,2.33
2.983,2.57
2.925,2.935
2.921,2.509
2.829,1.329
2.823,1.726
2.677,2.905
2.812,-0.908
2.756,-0.186
2.622,2.425
2.729,2.688
2.592,2.996
2.533,0.574
2.622,-0.278
2.61,0.348
2.504,1.41
2.374,0.716
2.507,-0.282
2.346,2.653
2.31,-0.659
2.407,-0.19
2.249,1.796
2.336,2.419
2.269,1.656
2.209,1.381
2.072,0.514
1.941,0.511
1.923,-0.798
1.894,2.828
1.865,1.555
1.695,2.598
1.646,-0.271
1.601,-0.89
1.566,0.566
1.661,0.391
1.594,2.277
1.466,1.395
1.343,0.094
1.44,-0.035
1.228,-0.804
0.864,0.621
0.816,-0.135
0.783,-0.856
0.738,1.341
0.722,1.519
0.737,1.607
0.702,0.748
0.545,2.703
0.672,1.35
0.525,1.414
0.499,2.595
0.374,0.909
0.342,2.059
0.184,-1.261
-0.351,-1.422
-0.25,-1.083
-1.507,-1.29
-1.8,-1.071
-2.458,-1.45
-2.674,-1.106
-2.752,-1.304
-2.846,-1.158
2.238,-1.398
1.685,-1.048
0.468,-1.211
0.019,3.03
-0.549,3.064
-0.681,3.119
-1.011,3.117
-1.316,2.892
-2.4,3.042
2.634,3.079
1.798,3.171
-2.682,1.857
-2.833,2.354
-3.084,-0.185
2.164,-0.7
-2.186,0.043
2.974,-0.021
2.074,1.72
2.056,1.69
0.994,1.164
-0.16,2.401
-1.212,-0.335
2.164,2.159
1.517,0.964
1.117,0.286
1.095,0.979
1.136,0.095
1.015,-0.202
1.041,0.944
-1.246,-0.707
-2.404,-1.013
0.737,-0.941
0.685,-0.91
3.108,2.76
-0.062,0.425
-0.225,-0.712
-0.313,-1.295
-0.349,0.723
-0.348,-1.077
-0.353,-0.66
-0.401,-0.024
-0.692,-1.582
-0.62,1.147
-0.642,0.691
-0.665,-0.648
-0.738,-2.267
-0.689,-0.673
-0.785,-0.457
-0.826,-1.233
-0.883,-1.05
-0.866,0.849
-0.957,-0.005
-1.065,-0.208
-1.011,-0.431
-1.094,-2.055
-1.122,-2.278
-1.15,-1.635
-1.204,0.538
-1.165,-0.492
-1.247,0.945
-1.277,-1.799
-1.306,-0.202
-1.339,-1.487
-1.295,-0.532
-1.501,-2.415
-1.442,0.092
-1.487,-1.881
-1.553,-1.48
-1.582,-1.008
-1.614,0.278
-1.544,-0.485
-1.58,-0.295
-1.701,-0.106
-1.869,-0.509
-1.864,-1.634
-1.958,-1.547
-2.006,0.295
-2.041,-2.559
-2.009,-2.754
-2.037,-0.577
-2.035,-0.555
-2.252,0.339
-2.295,-0.219
-2.248,0.347
-2.346,-1.313
-2.358,-0.602
-2.373,-0.627
-2.347,-1.095
-2.585,0.343
-2.576,-1.903
-2.616,-1.555
-2.7,-1.65
-2.719,-1.486
-2.802,-1.006
-2.783,-2.777
-3.017,-2.294
-2.948,-2.585
-2.962,-0.445
-3.019,-1.472
-2.977,0.865
-3.01,0.776
-3.124,-1.342
-3.063,-1.486
3.092,-2.28
3.114,-0.296
3.06,-1.427
3.107,0.066
3.04,-1.691
3.05,-0.684
3.051,-1.164
2.919,-1.764
2.903,-2.173
2.876,-0.605
2.872,-0.382
2.891,-0.139
2.83,-1.551
2.819,-2.677
2.805,-1.516
2.758,-1.247
2.836,0.717
2.775,-1.552
2.702,-1.564
2.675,-0.556
2.74,-1.417
2.719,1.157
2.607,0.109
2.612,-0.008
2.536,0.713
2.564,0.001
2.504,-1.051
2.553,-0.775
2.548,0.955
2.432,1.219
2.406,-0.698
2.393,0.139
2.353,-1.252
2.351,-1.077
2.242,-2.422
2.232,-0.595
2.297,-0.688
2.15,-0.066
2.176,-0.025
2.022,-1.437
2.064,-0.235
1.985,-0.217
2.0,-1.805
1.839,-2.072
1.743,0.962
1.72,-1.464
1.719,-0.336
1.613,-1.427
1.55,-0.695
1.59,-0.414
1.567,-0.214
1.463,-0.254
1.477,-1.471
1.44,-2.751
1.421,-1.767
1.402,-0.228
1.368,-2.733
1.249,-1.378
1.299,-0.545
1.277,-1.39
1.203,-1.902
1.115,-2.297
1.158,-0.083
1.113,-0.142
0.789,-0.941
0.745,-1.479
0.728,-2.282
0.718,-1.678
0.683,-0.542
0.578,-1.036
0.537,-1.788
0.615,-1.584
0.537,-1.702
0.477,-1.321
0.307,-2.647
0.264,-1.262
0.299,-3.063
-0.13,-3.038
-0.262,-2.84
-0.345,-3.209
-0.431,-2.847
-0.866,-3.002
-1.184,-3.09
-2.623,-3.112
-2.888,-3.185
2.961,-3.117
2.701,-2.92
2.609,-2.997
2.294,-3.265
1.627,-3.027
1.451,-2.983
1.198,-3.014
1.097,-2.884
0.68,-2.943
-0.464,1.324
-1.624,1.457
-2.142,1.249
-2.436,1.108
-2.957,1.387
-2.919,1.065
1.73,1.196
1.381,1.471
0.994,1.027
-0.548,0.632
-2.823,0.444
3.128,0.44
2.205,-2.794
1.482,1.103
0.645,-3.188
0.543,-3.106
-1.946,0.98
0.358,-0.078
0.298,-1.676
0.286,-1.728
0.172,-1.087
0.079,-0.533
-0.055,-2.005
-0.079,-1.159
-0.186,-1.056
-0.249,-1.885
-0.11,0.972
-0.289,0.847
-0.191,-2.013
-0.254,0.963
-0.267,-1.398
-0.558,-1.8
-0.459,-1.651
-0.465,-1.257
-0.593,-1.128
-0.646,-0.346
-0.855,-2.459
-0.872,-1.83
-0.885,-0.915
-0.926,0.452
-0.984,-2.204
-1.047,-0.401
-1.091,-0.034
-1.145,0.785
-1.122,-0.572
-1.045,0.594
-1.239,-0.892
-1.258,-1.108
-1.376,-1.407
-1.34,-1.485
-1.379,-1.918
-1.425,0.761
-1.556,-1.123
-1.484,1.047
-1.775,-1.14
-2.019,-2.028
-2.098,-1.278
-2.08,0.288
-2.212,-1.698
-2.212,-0.903
-2.374,-0.244
-2.314,-0.278
-2.442,-1.579
-2.322,-0.271
-2.35,0.275
-2.593,-1.241
-2.504,-1.753
-2.82,1.041
-2.707,0.209
-2.773,-0.513
-2.924,-2.499
-3.01,1.137
-2.99,-2.719
-2.89,-2.74
-3.041,-1.751
-2.918,-2.479
-3.002,-1.072
-3.019,0.733
-3.122,1.122
3.003,-0.282
2.99,0.515
2.966,0.755
2.908,1.12
2.904,0.694
2.812,-0.486
2.806,-0.089
2.66,1.09
2.795,-2.723
2.739,-2.001
2.605,0.61
2.712,0.873
2.575,1.181
2.516,-1.241
2.605,-2.093
2.593,-1.467
2.487,-0.405
2.357,-1.099
2.49,-2.097
2.329,0.838
2.293,-2.474
2.39,-2.005
2.232,-0.019
2.319,0.604
2.252,-0.159
2.192,-0.434
2.055,-1.301
1.924,-1.304
1.906,-2.613
1.877,1.013
1.848,-0.26
1.678,0.783
1.629,-2.086
1.584,-2.705
1.549,-1.249
1.644,-1.424
1.577,0.462
1.449,-0.42
1.326,-1.721
1.423,-1.85
1.211,-2.619
0.847,-1.194
0.799,-1.95
0.766,-2.671
0.721,-0.474
0.705,-0.296
0.72,-0.208
0.685,-1.067
0.528,0.888
0.655,-0.465
0.508,-0.401
0.482,0.78
0.357,-0.906
0.325,0.244
0.167,-3.076
-0.368,-3.237
-0.267,-2.898
-1.524,-3.105
-1.817,-2.886
-2.475,-3.265
-2.691,-2.921
-2.769,-3.119
-2.863,-2.973
2.221,-3.213
1.668,-2.863
0.451,-3.026
0.002,1.215
-0.566,1.249
-0.698,1.304
-1.028,1.302
-1.333,1.077
-2.417,1.227
2.617,1.264
1.781,1.356
-2.699,0.042
-2.85,0.539
-3.101,-2.0
2.147,-2.515
-2.203,-1.772
2.957,-1.836
2.057,-0.095
2.039,-0.125
0.977,-0.651
-0.177,0.586
-1.229,-2.15
2.147,0.344
1.5,-0.851
1.1,-1.529
1.078,-0.836
1.119,-1.72
0.998,-2.017
1.024,-0.871
-1.263,-2.522
-2.421,-2.828
0.72,-2.756
0.668,-2.725
3.091,0.945
-0.163,-1.137
-0.251,-1.72
-0.287,0.298
-0.286,-1.502
-0.291,-1.085
-0.339,-0.449
-0.63,-2.007
-0.558,0.722
-0.58,0.266
-0.603,-1.073
-0.676,-2.692
-0.627,-1.098
-0.723,-0.882
-0.764,-1.658
-0.821,-1.475
-0.804,0.424
-0.895,-0.43
-1.003,-0.633
-0.949,-0.856
-1.032,-2.48
-1.06,-2.703
-1.088,-2.06
-1.142,0.113
-1.103,-0.917
-1.185,0.52
-1.215,-2.224
-1.244,-0.627
-1.277,-1.912
-1.233,-0.957
-1.439,-2.84
-1.38,-0.333
-1.425,-2.306
-1.491,-1.905
-1.52,-1.433
-1.552,-0.147
-1.482,-0.91
-1.518,-0.72
-1.639,-0.531
-1.807,-0.934
-1.802,-2.059
-1.896,-1.972
-1.944,-0.13
-1.979,-2.984
-1.947,-3.179
-1.975,-1.002
-1.973,-0.98
-2.19,-0.086
-2.233,-0.644
-2.186,-0.078
-2.284,-1.738
-2.296,-1.027
-2.311,-1.052
-2.285,-1.52
-2.523,-0.082
-2.514,-2.328
-2.554,-1.98
-2.638,-2.075
-2.657,-1.911
-2.74,-1.431
-2.721,-3.202
-2.955,-2.719
-2.886,-3.01
-2.9,-0.87
-2.957,-1.897
-2.915,0.44
-2.948,0.351
-3.062,-1.767
-3.001,-1.911
-3.129,-2.705
-3.107,-0.721
3.122,-1.852
-3.114,-0.359
3.102,-2.116
3.112,-1.109
3.113,-1.589
2.981,-2.189
2.965,-2.598
2.938,-1.03
2.934,-0.807
2.953,-0.564
2.892,-1.976
2.881,-3.102
2.867,-1.941
2.82,-1.672
2.898,0.292
2.837,-1.977
2.764,-1.989
2.737,-0.981
2.802,-1.842
2.781,0.732
2.669,-0.316
2.674,-0.433
2.598,0.288
2.626,-0.424
2.566,-1.476
2.615,-1.2
2.61,0.53
2.494,0.794
2.468,-1.123
2.455,-0.286
2.415,-1.677
2.413,-1.502
2.304,-2.847
2.294,-1.02
2.359,-1.113
2.212,-0.491
2.238,-0.45
2.084,-1.862
2.126,-0.66
2.047,-0.642
2.062,-2.23
1.901,-2.497
1.805,0.537
1.782,-1.889
1.781,-0.761
1.675,-1.852
1.612,-1.12
1.652,-0.839
1.629,-0.639
1.525,-0.679
1.539,-1.896
1.502,-3.176
1.483,-2.192
1.464,-0.653
1.43,-3.158
1.311,-1.803
1.361,-0.97
1.339,-1.815
1.265,-2.327
1.177,-2.722
1.22,-0.508
1.175,-0.567
0.851,-1.366
0.807,-1.904
0.79,-2.707
0.78,-2.103
0.745,-0.967
0.64,-1.461
0.599,-2.213
0.677,-2.009
0.599,-2.127
0.539,-1.746
0.369,-3.072
0.326,-1.687
0.361,-3.488
-0.068,-3.463
-0.2,-3.265
-0.283,-3.634
-0.369,-3.272
-0.804,-3.427
-1.122,-3.515
-2.561,-3.537
-2.826,-3.61
3.023,-3.542
2.763,-3.345
2.671,-3.422
2.356,-3.69
1.689,-3.452
1.513,-3.408
1.26,-3.439
1.159,-3.309
0.742,-3.368
-0.402,0.899
-1.562,1.032
-2.08,0.824
-2.374,0.683
-2.895,0.962
-2.857,0.64
1.792,0.771
1.443,1.046
1.056,0.602
-0.486,0.207
-2.761,0.019
-3.093,0.015
2.267,-3.219
1.544,0.678
0.707,-3.613
0.605,-3.531
-1.884,0.555
0.42,-0.503
0.36,-2.101
0.348,-2.153
0.234,-1.512
0.141,-0.958
0.007,-2.43
-0.017,-1.584
-0.124,-1.481
-0.187,-2.31
-0.048,0.547
-0.227,0.422
-0.129,-2.438
-0.192,0.538
-0.205,-1.823
-0.496,-2.225
-0.397,-2.076
-0.403,-1.682
-0.531,-1.553
-0.584,-0.771
-0.793,-2.884
-0.81,-2.255
-0.823,-1.34
-0.864,0.027
-0.922,-2.629
-0.985,-0.826
-1.029,-0.459
-1.083,0.36
-1.06,-0.997
-0.983,0.169
-1.177,-1.317
-1.196,-1.533
-1.314,-1.832
-1.278,-1.91
-1.317,-2.343
-1.363,0.336
-1.494,-1.548
-1.422,0.622
-1.713,-1.565
-1.957,-2.453
-2.036,-1.703
-2.018,-0.137
-2.15,-2.123
-2.15,-1.328
-2.312,-0.669
-2.252,-0.703
-2.38,-2.004
-2.26,-0.696
-2.288,-0.15
-2.531,-1.666
-2.442,-2.178
-2.758,0.616
-2.645,-0.216
-2.711,-0.938
-2.862,-2.924
-2.948,0.712
-2.928,-3.144
-2.828,-3.165
-2.979,-2.176
-2.856,-2.904
-2.94,-1.497
-2.957,0.308
-3.06,0.697
3.065,-0.707
3.052,0.09
3.028,0.33
2.97,0.695
2.966,0.269
2.874,-0.911
2.868,-0.514
2.722,0.665
2.857,-3.148
2.801,-2.426
2.667,0.185
2.774,0.448
2.637,0.756
2.578,-1.666
2.667,-2.518
2.655,-1.892
2.549,-0.83
2.419,-1.524
2.552,-2.522
2.391,0.413
2.355,-2.899
2.452,-2.43
2.294,-0.444
2.381,0.179
2.314,-0.584
2.254,-0.859
2.117,-1.726
1.986,-1.729
1.968,-3.038
1.939,0.588
1.91,-0.685
1.74,0.358
1.691,-2.511
1.646,-3.13
1.611,-1.674
1.706,-1.849
1.639,0.037
1.511,-0.845
1.388,-2.146
1.485,-2.275
1.273,-3.044
0.909,-1.619
0.861,-2.375
0.828,-3.096
0.783,-0.899
0.767,-0.721
0.782,-0.633
0.747,-1.492
0.59,0.463
0.717,-0.89
0.57,-0.826
0.544,0.355
0.419,-1.331
0.387,-0.181
0.229,-3.501
-0.306,-3.662
-0.205,-3.323
-1.462,-3.53
-1.755,-3.311
-2.413,-3.69
-2.629,-3.346
-2.707,-3.544
-2.801,-3.398
2.283,-3.638
1.73,-3.288
0.513,-3.451
0.064,0.79
-0.504,0.824
-0.636,0.879
-0.966,0.877
-1.271,0.652
-2.355,0.802
2.679,0.839
1.843,0.931
-2.637,-0.383
-2.788,0.114
-3.039,-2.425
2.209,-2.94
-2.141,-2.197
3.019,-2.261
2.119,-0.52
2.101,-0.55
1.039,-1.076
-0.115,0.161
-1.167,-2.575
2.209,-0.081
1.562,-1.276
1.162,-1.954
1.14,-1.261
1.181,-2.145
1.06,-2.442
1.086,-1.296
-1.201,-2.947
-2.359,-3.253
0.782,-3.181
0.73,-3.15
-3.13,0.52
-0.088,-0.583
-0.124,1.435
-0.123,-0.365
-0.128,0.052
-0.176,0.688
-0.467,-0.87
-0.395,1.859
-0.417,1.403
-0.44,0.064
-0.513,-1.555
-0.464,0.039
-0.56,0.255
-0.601,-0.521
-0.658,-0.338
-0.641,1.561
-0.732,0.707
-0.84,0.504
-0.786,0.281
-0.869,-1.343
-0.897,-1.566
-0.925,-0.923
-0.979,1.25
-0.94,0.22
-1.022,1.657
-1.052,-1.087
-1.081,0.51
-1.114,-0.775
-1.07,0.18
-1.276,-1.703
-1.217,0.804
-1.262,-1.169
-1.328,-0.768
-1.357,-0.296
-1.389,0.99
-1.319,0.227
-1.355,0.417
-1.476,0.606
-1.644,0.203
-1.639,-0.922
-1.733,-0.835
-1.781,1.007
-1.816,-1.847
-1.784,-2.042
-1.812,0.135
-1.81,0.157
-2.027,1.051
-2.07,0.493
-2.023,1.059
-2.121,-0.601
-2.133,0.11
-2.148,0.085
-2.122,-0.383
-2.36,1.055
-2.351,-1.191
-2.391,-0.843
-2.475,-0.938
-2.494,-0.774
-2.577,-0.294
-2.558,-2.065
-2.792,-1.582
-2.723,-1.873
-2.737,0.267
-2.794,-0.76
-2.752,1.577
-2.785,1.488
-2.899,-0.63
-2.838,-0.774
-2.966,-1.568
-2.944,0.416
-2.998,-0.715
-2.951,0.778
-3.018,-0.979
-3.008,0.028
-3.007,-0.452
-3.139,-1.052
3.128,-1.461
3.101,0.107
3.097,0.33
3.116,0.573
3.055,-0.839
3.044,-1.965
3.03,-0.804
2.983,-0.535
3.061,1.429
3.0,-0.84
2.927,-0.852
2.9,0.156
2.965,-0.705
2.944,1.869
2.832,0.821
2.837,0.704
2.761,1.425
2.789,0.713
2.729,-0.339
2.778,-0.063
2.773,1.667
2.657,1.931
2.631,0.014
2.618,0.851
2.578,-0.54
2.576,-0.365
2.467,-1.71
2.457,0.117
2.522,0.024
2.375,0.646
2.401,0.687
2.247,-0.725
2.289,0.477
2.21,0.495
2.225,-1.093
2.064,-1.36
1.968,1.674
1.945,-0.752
1.944,0.376
1.838,-0.715
1.775,0.017
1.815,0.298
1.792,0.498
1.688,0.458
1.702,-0.759
1.665,-2.039
1.646,-1.055
1.627,0.484
1.593,-2.021
1.474,-0.666
1.524,0.167
1.502,-0.678
1.428,-1.19
1.34,-1.585
1.383,0.629
1.338,0.57
1.014,-0.229
0.97,-0.767
0.953,-1.57
0.943,-0.966
0.908,0.17
0.803,-0.324
0.762,-1.076
0.84,-0.872
0.762,-0.99
0.702,-0.609
0.532,-1.935
0.489,-0.55
0.524,-2.351
0.095,-2.326
-0.037,-2.128
-0.12,-2.497
-0.206,-2.135
-0.641,-2.29
-0.959,-2.378
-2.398,-2.4
-2.663,-2.473
-3.097,-2.405
2.926,-2.208
2.834,-2.285
2.519,-2.553
1.852,-2.315
1.676,-2.271
1.423,-2.302
1.322,-2.172
0.905,-2.231
-0.239,2.036
-1.399,2.169
-1.917,1.961
-2.211,1.82
-2.732,2.099
-2.694,1.777
1.955,1.908
1.606,2.183
1.219,1.739
-0.323,1.344
-2.598,1.156
-2.93,1.152
2.43,-2.082
1.707,1.815
0.87,-2.476
0.768,-2.394
-1.721,1.692
0.583,0.634
0.523,-0.964
0.511,-1.016
0.397,-0.375
0.304,0.179
0.17,-1.293
0.146,-0.447
0.039,-0.344
-0.024,-1.173
0.115,1.684
-0.064,1.559
0.034,-1.301
-0.029,1.675
-0.042,-0.686
-0.333,-1.088
-0.234,-0.939
-0.24,-0.545
-0.368,-0.416
-0.421,0.366
-0.63,-1.747
-0.647,-1.118
-0.66,-0.203
-0.701,1.164
-0.759,-1.492
-0.822,0.311
-0.866,0.678
-0.92,1.497
-0.897,0.14
-0.82,1.306
-1.014,-0.18
-1.033,-0.396
-1.151,-0.695
-1.115,-0.773
-1.154,-1.206
-1.2,1.473
-1.331,-0.411
-1.259,1.759
-1.55,-0.428
-1.794,-1.316
-1.873,-0.566
-1.855,1.0
-1.987,-0.986
-1.987,-0.191
-2.149,0.468
-2.089,0.434
-2.217,-0.867
-2.097,0.441
-2.125,0.987
-2.368,-0.529
-2.279,-1.041
-2.595,1.753
-2.482,0.921
-2.548,0.199
-2.699,-1.787
-2.785,1.849
-2.765,-2.007
-2.665,-2.028
-2.816,-1.039
-2.693,-1.767
-2.777,-0.36
-2.794,1.445
-2.897,1.834
-3.055,0.43
-3.068,1.227
-3.092,1.467
3.133,1.832
3.129,1.406
3.037,0.226
3.031,0.623
2.885,1.802
3.02,-2.011
2.964,-1.289
2.83,1.322
2.937,1.585
2.8,1.893
2.741,-0.529
2.83,-1.381
2.818,-0.755
2.712,0.307
2.582,-0.387
2.715,-1.385
2.554,1.55
2.518,-1.762
2.615,-1.293
2.457,0.693
2.544,1.316
2.477,0.553
2.417,0.278
2.28,-0.589
2.149,-0.592
2.131,-1.901
2.102,1.725
2.073,0.452
1.903,1.495
1.854,-1.374
1.809,-1.993
1.774,-0.537
1.869,-0.712
1.802,1.174
1.674,0.292
1.551,-1.009
1.648,-1.138
1.436,-1.907
1.072,-0.482
1.024,-1.238
0.991,-1.959
0.946,0.238
0.93,0.416
0.945,0.504
0.91,-0.355
0.753,1.6
0.88,0.247
0.733,0.311
0.707,1.492
0.582,-0.194
0.55,0.956
0.392,-2.364
-0.143,-2.525
-0.042,-2.186
-1.299,-2.393
-1.592,-2.174
-2.25,-2.553
-2.466,-2.209
-2.544,-2.407
-2.638,-2.261
2.446,-2.501
1.893,-2.151
0.676,-2.314
0.227,1.927
-0.341,1.961
-0.473,2.016
-0.803,2.014
-1.108,1.789
-2.192,1.939
2.842,1.976
2.006,2.068
-2.474,0.754
-2.625,1.251
-2.876,-1.288
2.372,-1.803
-1.978,-1.06
-3.101,-1.124
2.282,0.617
2.264,0.587
1.202,0.061
0.048,1.298
-1.004,-1.438
2.372,1.056
1.725,-0.139
1.325,-0.817
1.303,-0.124
1.344,-1.008
1.223,-1.305
1.249,-0.159
-1.038,-1.81
-2.196,-2.116
0.945,-2.044
0.893,-2.013
-2.967,1.657
-0.036,2.018
-0.035,0.218
-0.04,0.635
-0.088,1.271
-0.379,-0.287
-0.307,2.442
-0.329,1.986
-0.352,0.647
-0.425,-0.972
-0.376,0.622
-0.472,0.838
-0.513,0.062
-0.57,0.245
-0.553,2.144
-0.644,1.29
-0.752,1.087
-0.698,0.864
-0.781,-0.76
-0.809,-0.983
-0.837,-0.34
-0.891,1.833
-0.852,0.803
-0.934,2.24
-0.964,-0.504
-0.993,1.093
-1.026,-0.192
-0.982,0.763
-1.188,-1.12
-1.129,1.387
-1.174,-0.586
-1.24,-0.185
-1.269,0.287
-1.301,1.573
-1.231,0.81
-1.267,1.0
-1.388,1.189
-1.556,0.786
-1.551,-0.339
-1.645,-0.252
-1.693,1.59
-1.728,-1.264
-1.696,-1.459
-1.724,0.718
-1.722,0.74
-1.939,1.634
-1.982,1.076
-1.935,1.642
-2.033,-0.018
-2.045,0.693
-2.06,0.668
-2.034,0.2
-2.272,1.638
-2.263,-0.608
-2.303,-0.26
-2.387,-0.355
-2.406,-0.191
-2.489,0.289
-2.47,-1.482
-2.704,-0.999
-2.635,-1.29
-2.649,0.85
-2.706,-0.177
-2.664,2.16
-2.697,2.071
-2.811,-0.047
-2.75,-0.191
-2.878,-0.985
-2.856,0.999
-2.91,-0.132
-2.863,1.361
-2.93,-0.396
-2.92,0.611
-2.919,0.131
-3.051,-0.469
-3.067,-0.878
-3.094,0.69
-3.098,0.913
-3.079,1.156
-3.14,-0.256
3.132,-1.382
3.118,-0.221
3.071,0.048
-3.134,2.012
3.088,-0.257
3.015,-0.269
2.988,0.739
3.053,-0.122
3.032,2.452
2.92,1.404
2.925,1.287
2.849,2.008
2.877,1.296
2.817,0.244
2.866,0.52
2.861,2.25
2.745,2.514
2.719,0.597
2.706,1.434
2.666,0.043
2.664,0.218
2.555,-1.127
2.545,0.7
2.61,0.607
2.463,1.229
2.489,1.27
2.335,-0.142
2.377,1.06
2.298,1.078
2.313,-0.51
2.152,-0.777
2.056,2.257
2.033,-0.169
2.032,0.959
1.926,-0.132
1.863,0.6
1.903,0.881
1.88,1.081
1.776,1.041
1.79,-0.176
1.753,-1.456
1.734,-0.472
1.715,1.067
1.681,-1.438
1.562,-0.083
1.612,0.75
1.59,-0.095
1.516,-0.607
1.428,-1.002
1.471,1.212
1.426,1.153
1.102,0.354
1.058,-0.184
1.041,-0.987
1.031,-0.383
0.996,0.753
0.891,0.259
0.85,-0.493
0.928,-0.289
0.85,-0.407
0.79,-0.026
0.62,-1.352
0.577,0.033
0.612,-1.768
0.183,-1.743
0.051,-1.545
-0.032,-1.914
-0.118,-1.552
-0.553,-1.707
-0.871,-1.795
-2.31,-1.817
-2.575,-1.89
-3.009,-1.822
3.014,-1.625
2.922,-1.702
2.607,-1.97
1.94,-1.732
1.764,-1.688
1.511,-1.719
1.41,-1.589
0.993,-1.648
-0.151,2.619
-1.311,2.752
-1.829,2.544
-2.123,2.403
-2.644,2.682
-2.606,2.36
2.043,2.491
1.694,2.766
1.307,2.322
-0.235,1.927
-2.51,1.739
-2.842,1.735
2.518,-1.499
1.795,2.398
0.958,-1.893
0.856,-1.811
-1.633,2.275
0.671,1.217
0.611,-0.381
0.599,-0.433
0.485,0.208
0.392,0.762
0.258,-0.71
0.234,0.136
0.127,0.239
0.064,-0.59
0.203,2.267
0.024,2.142
0.122,-0.718
0.059,2.258
0.046,-0.103
-0.245,-0.505
-0.146,-0.356
-0.152,0.038
-0.28,0.167
-0.333,0.949
-0.542,-1.164
-0.559,-0.535
-0.572,0.38
-0.613,1.747
-0.671,-0.909
-0.734,0.894
-0.778,1.261
-0.832,2.08
-0.809,0.723
-0.732,1.889
-0.926,0.403
-0.945,0.187
-1.063,-0.112
-1.027,-0.19
-1.066,-0.623
-1.112,2.056
-1.243,0.172
-1.171,2.342
-1.462,0.155
-1.706,-0.733
-1.785,0.017
-1.767,1.583
-1.899,-0.403
-1.899,0.392
-2.061,1.051
-2.001,1.017
-2.129,-0.284
-2.009,1.024
-2.037,1.57
-2.28,0.054
-2.191,-0.458
-2.507,2.336
-2.394,1.504
-2.46,0.782
-2.611,-1.204
-2.697,2.432
-2.677,-1.424
-2.577,-1.445
-2.728,-0.456
-2.605,-1.184
-2.689,0.223
-2.706,2.028
-2.809,2.417
-2.967,1.013
-2.98,1.81
-3.004,2.05
-3.062,2.415
-3.066,1.989
3.125,0.809
3.119,1.206
2.973,2.385
3.108,-1.428
3.052,-0.706
2.918,1.905
3.025,2.168
2.888,2.476
2.829,0.054
2.918,-0.798
2.906,-0.172
2.8,0.89
2.67,0.196
2.803,-0.802
2.642,2.133
2.606,-1.179
2.703,-0.71
2.545,1.276
2.632,1.899
2.565,1.136
2.505,0.861
2.368,-0.006
2.237,-0.009
2.219,-1.318
2.19,2.308
2.161,1.035
1.991,2.078
1.942,-0.791
1.897,-1.41
1.862,0.046
1.957,-0.129
1.89,1.757
1.762,0.875
1.639,-0.426
1.736,-0.555
1.524,-1.324
1.16,0.101
1.112,-0.655
1.079,-1.376
1.034,0.821
1.018,0.999
1.033,1.087
0.998,0.228
0.841,2.183
0.968,0.83
0.821,0.894
0.795,2.075
0.67,0.389
0.638,1.539
0.48,-1.781
-0.055,-1.942
0.046,-1.603
-1.211,-1.81
-1.504,-1.591
-2.162,-1.97
-2.378,-1.626
-2.456,-1.824
-2.55,-1.678
2.534,-1.918
1.981,-1.568
0.764,-1.731
0.315,2.51
-0.253,2.544
-0.385,2.599
-0.715,2.597
-1.02,2.372
-2.104,2.522
2.93,2.559
2.094,2.651
-2.386,1.337
-2.537,1.834
-2.788,-0.705
2.46,-1.22
-1.89,-0.477
-3.013,-0.541
2.37,1.2
2.352,1.17
1.29,0.644
0.136,1.881
-0.916,-0.855
2.46,1.639
1.813,0.444
1.413,-0.234
1.391,0.459
1.432,-0.425
1.311,-0.722
1.337,0.424
-0.95,-1.227
-2.108,-1.533
1.033,-1.461
0.981,-1.43
-2.879,2.24
0.001,-1.8
-0.004,-1.383
-0.052,-0.747
-0.343,-2.305
-0.271,0.424
-0.293,-0.032
-0.316,-1.371
-0.389,-2.99
-0.34,-1.396
-0.436,-1.18
-0.477,-1.956
-0.534,-1.773
-0.517,0.126
-0.608,-0.728
-0.716,-0.931
-0.662,-1.154
-0.745,-2.778
-0.773,-3.001
-0.801,-2.358
-0.855,-0.185
-0.816,-1.215
-0.898,0.222
-0.928,-2.522
-0.957,-0.925
-0.99,-2.21
-0.946,-1.255
-1.152,-3.138
-1.093,-0.631
-1.138,-2.604
-1.204,-2.203
-1.233,-1.731
-1.265,-0.445
-1.195,-1.208
-1.231,-1.018
-1.352,-0.829
-1.52,-1.232
-1.515,-2.357
-1.609,-2.27
-1.657,-0.428
-1.692,-3.282
-1.66,-3.477
-1.688,-1.3
-1.686,-1.278
-1.903,-0.384
-1.946,-0.942
-1.899,-0.376
-1.997,-2.036
-2.009,-1.325
-2.024,-1.35
-1.998,-1.818
-2.236,-0.38
-2.227,-2.626
-2.267,-2.278
-2.351,-2.373
-2.37,-2.209
-2.453,-1.729
-2.434,-3.5
-2.668,-3.017
-2.599,-3.308
-2.613,-1.168
-2.67,-2.195
-2.628,0.142
-2.661,0.053
-2.775,-2.065
-2.714,-2.209
-2.842,-3.003
-2.82,-1.019
-2.874,-2.15
-2.827,-0.657
-2.894,-2.414
-2.884,-1.407
-2.883,-1.887
-3.015,-2.487
-3.031,-2.896
-3.058,-1.328
-3.062,-1.105
-3.043,-0.862
-3.104,-2.274
-3.115,-3.4
-3.129,-2.239
3.107,-1.97
-3.098,-0.006
3.124,-2.275
3.051,-2.287
3.024,-1.279
3.089,-2.14
3.068,0.434
2.956,-0.614
2.961,-0.731
2.885,-0.01
2.913,-0.722
2.853,-1.774
2.902,-1.498
2.897,0.232
2.781,0.496
2.755,-1.421
2.742,-0.584
2.702,-1.975
2.7,-1.8
2.591,-3.145
2.581,-1.318
2.646,-1.411
2.499,-0.789
2.525,-0.748
2.371,-2.16
2.413,-0.958
2.334,-0.94
2.349,-2.528
2.188,-2.795
2.092,0.239
2.069,-2.187
2.068,-1.059
1.962,-2.15
1.899,-1.418
1.939,-1.137
1.916,-0.937
1.812,-0.977
1.826,-2.194
1.789,-3.474
1.77,-2.49
1.751,-0.951
1.717,-3.456
1.598,-2.101
1.648,-1.268
1.626,-2.113
1.552,-2.625
1.464,-3.02
1.507,-0.806
1.462,-0.865
1.138,-1.664
1.094,-2.202
1.077,-3.005
1.067,-2.401
1.032,-1.265
0.927,-1.759
0.886,-2.511
0.964,-2.307
0.886,-2.425
0.826,-2.044
0.656,-3.37
0.613,-1.985
0.648,-3.786
0.219,-3.761
0.087,-3.563
0.004,-3.932
-0.082,-3.57
-0.517,-3.725
-0.835,-3.813
-2.274,-3.835
-2.539,-3.908
-2.973,-3.84
3.05,-3.643
2.958,-3.72
2.643,-3.988
1.976,-3.75
1.8,-3.706
1.547,-3.737
1.446,-3.607
1.029,-3.666
-0.115,0.601
-1.275,0.734
-1.793,0.526
-2.087,0.385
-2.608,0.664
-2.57,0.342
2.079,0.473
1.73,0.748
1.343,0.304
-0.199,-0.091
-2.474,-0.279
-2.806,-0.283
2.554,-3.517
1.831,0.38
0.994,-3.911
0.892,-3.829
-1.597,0.257
0.707,-0.801
0.647,-2.399
0.635,-2.451
0.521,-1.81
0.428,-1.256
0.294,-2.728
0.27,-1.882
0.163,-1.779
0.1,-2.608
0.239,0.249
0.06,0.124
0.158,-2.736
0.095,0.24
0.082,-2.121
-0.209,-2.523
-0.11,-2.374
-0.116,-1.98
-0.244,-1.851
-0.297,-1.069
-0.506,-3.182
-0.523,-2.553
-0.536,-1.638
-0.577,-0.271
-0.635,-2.927
-0.698,-1.124
-0.742,-0.757
-0.796,0.062
-0.773,-1.295
-0.696,-0.129
-0.89,-1.615
-0.909,-1.831
-1.027,-2.13
-0.991,-2.208
-1.03,-2.641
-1.076,0.038
-1.207,-1.846
-1.135,0.324
-1.426,-1.863
-1.67,-2.751
-1.749,-2.001
-1.731,-0.435
-1.863,-2.421
-1.863,-1.626
-2.025,-0.967
-1.965,-1.001
-2.093,-2.302
-1.973,-0.994
-2.001,-0.448
-2.244,-1.964
-2.155,-2.476
-2.471,0.318
-2.358,-0.514
-2.424,-1.236
-2.575,-3.222
-2.661,0.414
-2.641,-3.442
-2.541,-3.463
-2.692,-2.474
-2.569,-3.202
-2.653,-1.795
-2.67,0.01
-2.773,0.399
-2.931,-1.005
-2.944,-0.208
-2.968,0.032
-3.026,0.397
-3.03,-0.029
-3.122,-1.209
-3.128,-0.812
3.009,0.367
-3.139,-3.446
3.088,-2.724
2.954,-0.113
3.061,0.15
2.924,0.458
2.865,-1.964
2.954,-2.816
2.942,-2.19
2.836,-1.128
2.706,-1.822
2.839,-2.82
2.678,0.115
2.642,-3.197
2.739,-2.728
2.581,-0.742
2.668,-0.119
2.601,-0.882
2.541,-1.157
2.404,-2.024
2.273,-2.027
2.255,-3.336
2.226,0.29
2.197,-0.983
2.027,0.06
1.978,-2.809
1.933,-3.428
1.898,-1.972
1.993,-2.147
1.926,-0.261
1.798,-1.143
1.675,-2.444
1.772,-2.573
1.56,-3.342
1.196,-1.917
1.148,-2.673
1.115,-3.394
1.07,-1.197
1.054,-1.019
1.069,-0.931
1.034,-1.79
0.877,0.165
1.004,-1.188
0.857,-1.124
0.831,0.057
0.706,-1.629
0.674,-0.479
0.516,-3.799
-0.019,-3.96
0.082,-3.621
-1.175,-3.828
-1.468,-3.609
-2.126,-3.988
-2.342,-3.644
-2.42,-3.842
-2.514,-3.696
2.57,-3.936
2.017,-3.586
0.8,-3.749
0.351,0.492
-0.217,0.526
-0.349,0.581
-0.679,0.579
-0.984,0.354
-2.068,0.504
2.966,0.541
2.13,0.633
-2.35,-0.681
-2.501,-0.184
-2.752,-2.723
2.496,-3.238
-1.854,-2.495
-2.977,-2.559
2.406,-0.818
2.388,-0.848
1.326,-1.374
0.172,-0.137
-0.88,-2.873
2.496,-0.379
1.849,-1.574
1.449,-2.252
1.427,-1.559
1.468,-2.443
1.347,-2.74
1.373,-1.594
-0.914,-3.245
-2.072,-3.551
1.069,-3.479
1.017,-3.448
-2.843,0.222
-0.005,0.417
-0.053,1.053
-0.344,-0.505
-0.272,2.224
-0.294,1.768
-0.317,0.429
-0.39,-1.19
-0.341,0.404
-0.437,0.62
-0.478,-0.156
-0.535,0.027
-0.518,1.926
-0.609,1.072
-0.717,0.869
-0.663,0.646
-0.746,-0.978
-0.774,-1.201
-0.802,-0.558
-0.856,1.615
-0.817,0.585
-0.899,2.022
-0.929,-0.722
-0.958,0.875
-0.991,-0.41
-0.947,0.545
-1.153,-1.338
-1.094,1.169
-1.139,-0.804
-1.205,-0.403
-1.234,0.069
-1.266,1.355
-1.196,0.592
-1.232,0.782
-1.353,0.971
-1.521,0.568
-1.516,-0.557
-1.61,-0.47
-1.658,1.372
-1.693,-1.482
-1.661,-1.677
-1.689,0.5
-1.687,0.522
-1.904,1.416
-1.947,0.858
-1.9,1.424
-1.998,-0.236
-2.01,0.475
-2.025,0.45
-1.999,-0.018
-2.237,1.42
-2.228,-0.826
-2.268,-0.478
-2.352,-0.573
-2.371,-0.409
-2.454,0.071
-2.435,-1.7
-2.669,-1.217
-2.6,-1.508
-2.614,0.632
-2.671,-0.395
-2.629,1.942
-2.662,1.853
-2.776,-0.265
-2.715,-0.409
-2.843,-1.203
-2.821,0.781
-2.875,-0.35
-2.828,1.143
-2.895,-0.614
-2.885,0.393
-2.884,-0.087
-3.016,-0.687
-3.032,-1.096
-3.059,0.472
-3.063,0.695
-3.044,0.938
-3.105,-0.474
-3.116,-1.6
-3.13,-0.439
3.106,-0.17
-3.099,1.794
3.123,-0.475
3.05,-0.487
3.023,0.521
3.088,-0.34
3.067,2.234
2.955,1.186
2.96,1.069
2.884,1.79
2.912,1.078
2.852,0.026
2.901,0.302
2.896,2.032
2.78,2.296
2.754,0.379
2.741,1.216
2.701,-0.175
2.699,0.0
2.59,-1.345
2.58,0.482
2.645,0.389
2.498,1.011
2.524,1.052
2.37,-0.36
2.412,0.842
2.333,0.86
2.348,-0.728
2.187,-0.995
2.091,2.039
2.068,-0.387
2.067,0.741
1.961,-0.35
1.898,0.382
1.938,0.663
1.915,0.863
1.811,0.823
1.825,-0.394
1.788,-1.674
1.769,-0.69
1.75,0.849
1.716,-1.656
1.597,-0.301
1.647,0.532
1.625,-0.313
1.551,-0.825
1.463,-1.22
1.506,0.994
1.461,0.935
1.137,0.136
1.093,-0.402
1.076,-1.205
1.066,-0.601
1.031,0.535
0.926,0.041
0.885,-0.711
0.963,-0.507
0.885,-0.625
0.825,-0.244
0.655,-1.57
0.612,-0.185
0.647,-1.986
0.218,-1.961
0.086,-1.763
0.003,-2.132
-0.083,-1.77
-0.518,-1.925
-0.836,-2.013
-2.275,-2.035
-2.54,-2.108
-2.974,-2.04
3.049,-1.843
2.957,-1.92
2.642,-2.188
1.975,-1.95
1.799,-1.906
1.546,-1.937
1.445,-1.807
1.028,-1.866
-0.116,2.401
-1.276,2.534
-1.794,2.326
-2.088,2.185
-2.609,2.464
-2.571,2.142
2.078,2.273
1.729,2.548
1.342,2.104
-0.2,1.709
-2.475,1.521
-2.807,1.517
2.553,-1.717
1.83,2.18
0.993,-2.111
0.891,-2.029
-1.598,2.057
0.706,0.999
0.646,-0.599
0.634,-0.651
0.52,-0.01
0.427,0.544
0.293,-0.928
0.269,-0.082
0.162,0.021
0.099,-0.808
0.238,2.049
0.059,1.924
0.157,-0.936
0.094,2.04
0.081,-0.321
-0.21,-0.723
-0.111,-0.574
-0.117,-0.18
-0.245,-0.051
-0.298,0.731
-0.507,-1.382
-0.524,-0.753
-0.537,0.162
-0.578,1.529
-0.636,-1.127
-0.699,0.676
-0.743,1.043
-0.797,1.862
-0.774,0.505
-0.697,1.671
-0.891,0.185
-0.91,-0.031
-1.028,-0.33
-0.992,-0.408
-1.031,-0.841
-1.077,1.838
-1.208,-0.046
-1.136,2.124
-1.427,-0.063
-1.671,-0.951
-1.75,-0.201
-1.732,1.365
-1.864,-0.621
-1.864,0.174
-2.026,0.833
-1.966,0.799
-2.094,-0.502
-1.974,0.806
-2.002,1.352
-2.245,-0.164
-2.156,-0.676
-2.472,2.118
-2.359,1.286
-2.425,0.564
-2.576,-1.422
-2.662,2.214
-2.642,-1.642
-2.542,-1.663
-2.693,-0.674
-2.57,-1.402
-2.654,0.005
-2.671,1.81
-2.774,2.199
-2.932,0.795
-2.945,1.592
-2.969,1.832
-3.027,2.197
-3.031,1.771
-3.123,0.591
-3.129,0.988
3.008,2.167
-3.14,-1.646
3.087,-0.924
2.953,1.687
3.06,1.95
2.923,2.258
2.864,-0.164
2.953,-1.016
2.941,-0.39
2.835,0.672
2.705,-0.022
2.838,-1.02
2.677,1.915
2.641,-1.397
2.738,-0.928
2.58,1.058
2.667,1.681
2.6,0.918
2.54,0.643
2.403,-0.224
2.272,-0.227
2.254,-1.536
2.225,2.09
2.196,0.817
2.026,1.86
1.977,-1.009
1.932,-1.628
1.897,-0.172
1.992,-0.347
1.925,1.539
1.797,0.657
1.674,-0.644
1.771,-0.773
1.559,-1.542
1.195,-0.117
1.147,-0.873
1.114,-1.594
1.069,0.603
1.053,0.781
1.068,0.869
1.033,0.01
0.876,1.965
1.003,0.612
0.856,0.676
0.83,1.857
0.705,0.171
0.673,1.321
0.515,-1.999
-0.02,-2.16
0.081,-1.821
-1.176,-2.028
-1.469,-1.809
-2.127,-2.188
-2.343,-1.844
-2.421,-2.042
-2.515,-1.896
2.569,-2.136
2.016,-1.786
0.799,-1.949
0.35,2.292
-0.218,2.326
-0.35,2.381
-0.68,2.379
-0.985,2.154
-2.069,2.304
2.965,2.341
2.129,2.433
-2.351,1.119
-2.502,1.616
-2.753,-0.923
2.495,-1.438
-1.855,-0.695
-2.978,-0.759
2.405,0.982
2.387,0.952
1.325,0.426
0.171,1.663
-0.881,-1.073
2.495,1.421
1.848,0.226
1.448,-0.452
1.426,0.241
1.467,-0.643
1.346,-0.94
1.372,0.206
-0.915,-1.445
-2.073,-1.751
1.068,-1.679
1.016,-1.648
-2.844,2.022
-0.048,0.636
-0.339,-0.922
-0.267,1.807
-0.289,1.351
-0.312,0.012
-0.385,-1.607
-0.336,-0.013
-0.432,0.203
-0.473,-0.573
-0.53,-0.39
-0.513,1.509
-0.604,0.655
-0.712,0.452
-0.658,0.229
-0.741,-1.395
-0.769,-1.618
-0.797,-0.975
-0.851,1.198
-0.812,0.168
-0.894,1.605
-0.924,-1.139
-0.953,0.458
-0.986,-0.827
-0.942,0.128
-1.148,-1.755
-1.089,0.752
-1.134,-1.221
-1.2,-0.82
-1.229,-0.348
-1.261,0.938
-1.191,0.175
-1.227,0.365
-1.348,0.554
-1.516,0.151
-1.511,-0.974
-1.605,-0.887
-1.653,0.955
-1.688,-1.899
-1.656,-2.094
-1.684,0.083
-1.682,0.105
-1.899,0.999
-1.942,0.441
-1.895,1.007
-1.993,-0.653
-2.005,0.058
-2.02,0.033
-1.994,-0.435
-2.232,1.003
-2.223,-1.243
-2.263,-0.895
-2.347,-0.99
-2.366,-0.826
-2.449,-0.346
-2.43,-2.117
-2.664,-1.634
-2.595,-1.925
-2.609,0.215
-2.666,-0.812
-2.624,1.525
-2.657,1.436
-2.771,-0.682
-2.71,-0.826
-2.838,-1.62
-2.816,0.364
-2.87,-0.767
-2.823,0.726
-2.89,-1.031
-2.88,-0.024
-2.879,-0.504
-3.011,-1.104
-3.027,-1.513
-3.054,0.055
-3.058,0.278
-3.039,0.521
-3.1,-0.891
-3.111,-2.017
-3.125,-0.856
3.111,-0.587
-3.094,1.377
3.128,-0.892
3.055,-0.904
3.028,0.104
3.093,-0.757
3.072,1.817
2.96,0.769
2.965,0.652
2.889,1.373
2.917,0.661
2.857,-0.391
2.906,-0.115
2.901,1.615
2.785,1.879
2.759,-0.038
2.746,0.799
2.706,-0.592
2.704,-0.417
2.595,-1.762
2.585,0.065
2.65,-0.028
2.503,0.594
2.529,0.635
2.375,-0.777
2.417,0.425
2.338,0.443
2.353,-1.145
2.192,-1.412
2.096,1.622
2.073,-0.804
2.072,0.324
1.966,-0.767
1.903,-0.035
1.943,0.246
1.92,0.446
1.816,0.406
1.83,-0.811
1.793,-2.091
1.774,-1.107
1.755,0.432
1.721,-2.073
1.602,-0.718
1.652,0.115
1.63,-0.73
1.556,-1.242
1.468,-1.637
1.511,0.577
1.466,0.518
1.142,-0.281
1.098,-0.819
1.081,-1.622
1.071,-1.018
1.036,0.118
0.931,-0.376
0.89,-1.128
0.968,-0.924
0.89,-1.042
0.83,-0.661
0.66,-1.987
0.617,-0.602
0.652,-2.403
0.223,-2.378
0.091,-2.18
0.008,-2.549
-0.078,-2.187
-0.513,-2.342
-0.831,-2.43
-2.27,-2.452
-2.535,-2.525
-2.969,-2.457
3.054,-2.26
2.962,-2.337
2.647,-2.605
1.98,-2.367
1.804,-2.323
1.551,-2.354
1.45,-2.224
1.033,-2.283
-0.111,1.984
-1.271,2.117
-1.789,1.909
-2.083,1.768
-2.604,2.047
-2.566,1.725
2.083,1.856
1.734,2.131
1.347,1.687
-0.195,1.292
-2.47,1.104
-2.802,1.1
2.558,-2.134
1.835,1.763
0.998,-2.528
0.896,-2.446
-1.593,1.64
0.711,0.582
0.651,-1.016
0.639,-1.068
0.525,-0.427
0.432,0.127
0.298,-1.345
0.274,-0.499
0.167,-0.396
0.104,-1.225
0.243,1.632
0.064,1.507
0.162,-1.353
0.099,1.623
0.086,-0.738
-0.205,-1.14
-0.106,-0.991
-0.112,-0.597
-0.24,-0.468
-0.293,0.314
-0.502,-1.799
-0.519,-1.17
-0.532,-0.255
-0.573,1.112
-0.631,-1.544
-0.694,0.259
-0.738,0.626
-0.792,1.445
-0.769,0.088
-0.692,1.254
-0.886,-0.232
-0.905,-0.448
-1.023,-0.747
-0.987,-0.825
-1.026,-1.258
-1.072,1.421
-1.203,-0.463
-1.131,1.707
-1.422,-0.48
-1.666,-1.368
-1.745,-0.618
-1.727,0.948
-1.859,-1.038
-1.859,-0.243
-2.021,0.416
-1.961,0.382
-2.089,-0.919
-1.969,0.389
-1.997,0.935
-2.24,-0.581
-2.151,-1.093
-2.467,1.701
-2.354,0.869
-2.42,0.147
-2.571,-1.839
-2.657,1.797
-2.637,-2.059
-2.537,-2.08
-2.688,-1.091
-2.565,-1.819
-2.649,-0.412
-2.666,1.393
-2.769,1.782
-2.927,0.378
-2.94,1.175
-2.964,1.415
-3.022,1.78
-3.026,1.354
-3.118,0.174
-3.124,0.571
3.013,1.75
-3.135,-2.063
3.092,-1.341
2.958,1.27
3.065,1.533
2.928,1.841
2.869,-0.581
2.958,-1.433
2.946,-0.807
2.84,0.255
2.71,-0.439
2.843,-1.437
2.682,1.498
2.646,-1.814
2.743,-1.345
2.585,0.641
2.672,1.264
2.605,0.501
2.545,0.226
2.408,-0.641
2.277,-0.644
2.259,-1.953
2.23,1.673
2.201,0.4
2.031,1.443
1.982,-1.426
1.937,-2.045
1.902,-0.589
1.997,-0.764
1.93,1.122
1.802,0.24
1.679,-1.061
1.776,-1.19
1.564,-1.959
1.2,-0.534
1.152,-1.29
1.119,-2.011
1.074,0.186
1.058,0.364
1.073,0.452
1.038,-0.407
0.881,1.548
1.008,0.195
0.861,0.259
0.835,1.44
0.71,-0.246
0.678,0.904
0.52,-2.416
-0.015,-2.577
0.086,-2.238
-1.171,-2.445
-1.464,-2.226
-2.122,-2.605
-2.338,-2.261
-2.416,-2.459
-2.51,-2.313
2.574,-2.553
2.021,-2.203
0.804,-2.366
0.355,1.875
-0.213,1.909
-0.345,1.964
-0.675,1.962
-0.98,1.737
-2.064,1.887
2.97,1.924
2.134,2.016
-2.346,0.702
-2.497,1.199
-2.748,-1.34
2.5,-1.855
-1.85,-1.112
-2.973,-1.176
2.41,0.565
2.392,0.535
1.33,0.009
0.176,1.246
-0.876,-1.49
2.5,1.004
1.853,-0.191
1.453,-0.869
1.431,-0.176
1.472,-1.06
1.351,-1.357
1.377,-0.211
-0.91,-1.862
-2.068,-2.168
1.073,-2.096
1.021,-2.065
-2.839,1.605
-0.291,-1.558
-0.219,1.171
-0.241,0.715
-0.264,-0.624
-0.337,-2.243
-0.288,-0.649
-0.384,-0.433
-0.425,-1.209
-0.482,-1.026
-0.465,0.873
-0.556,0.019
-0.664,-0.184
-0.61,-0.407
-0.693,-2.031
-0.721,-2.254
-0.749,-1.611
-0.803,0.562
-0.764,-0.468
-0.846,0.969
-0.876,-1.775
-0.905,-0.178
-0.938,-1.463
-0.894,-0.508
-1.1,-2.391
-1.041,0.116
-1.086,-1.857
-1.152,-1.456
-1.181,-0.984
-1.213,0.302
-1.143,-0.461
-1.179,-0.271
-1.3,-0.082
-1.468,-0.485
-1.463,-1.61
-1.557,-1.523
-1.605,0.319
-1.64,-2.535
-1.608,-2.73
-1.636,-0.553
-1.634,-0.531
-1.851,0.363
-1.894,-0.195
-1.847,0.371
-1.945,-1.289
-1.957,-0.578
-1.972,-0.603
-1.946,-1.071
-2.184,0.367
-2.175,-1.879
-2.215,-1.531
-2.299,-1.626
-2.318,-1.462
-2.401,-0.982
-2.382,-2.753
-2.616,-2.27
-2.547,-2.561
-2.561,-0.421
-2.618,-1.448
-2.576,0.889
-2.609,0.8
-2.723,-1.318
-2.662,-1.462
-2.79,-2.256
-2.768,-0.272
-2.822,-1.403
-2.775,0.09
-2.842,-1.667
-2.832,-0.66
-2.831,-1.14
-2.963,-1.74
-2.979,-2.149
-3.006,-0.581
-3.01,-0.358
-2.991,-0.115
-3.052,-1.527
-3.063,-2.653
-3.077,-1.492
-3.124,-1.223
-3.046,0.741
-3.107,-1.528
3.103,-1.54
3.076,-0.532
3.141,-1.393
3.12,1.181
3.008,0.133
3.013,0.016
2.937,0.737
2.965,0.025
2.905,-1.027
2.954,-0.751
2.949,0.979
2.833,1.243
2.807,-0.674
2.794,0.163
2.754,-1.228
2.752,-1.053
2.643,-2.398
2.633,-0.571
2.698,-0.664
2.551,-0.042
2.577,-0.001
2.423,-1.413
2.465,-0.211
2.386,-0.193
2.401,-1.781
2.24,-2.048
2.144,0.986
2.121,-1.44
2.12,-0.312
2.014,-1.403
1.951,-0.671
1.991,-0.39
1.968,-0.19
1.864,-0.23
1.878,-1.447
1.841,-2.727
1.822,-1.743
1.803,-0.204
1.769,-2.709
1.65,-1.354
1.7,-0.521
1.678,-1.366
1.604,-1.878
1.516,-2.273
1.559,-0.059
1.514,-0.118
1.19,-0.917
1.146,-1.455
1.129,-2.258
1.119,-1.654
1.084,-0.518
0.979,-1.012
0.938,-1.764
1.016,-1.56
0.938,-1.678
0.878,-1.297
0.708,-2.623
0.665,-1.238
0.7,-3.039
0.271,-3.014
0.139,-2.816
0.056,-3.185
-0.03,-2.823
-0.465,-2.978
-0.783,-3.066
-2.222,-3.088
-2.487,-3.161
-2.921,-3.093
3.102,-2.896
3.01,-2.973
2.695,-3.241
2.028,-3.003
1.852,-2.959
1.599,-2.99
1.498,-2.86
1.081,-2.919
-0.063,1.348
-1.223,1.481
-1.741,1.273
-2.035,1.132
-2.556,1.411
-2.518,1.089
2.131,1.22
1.782,1.495
1.395,1.051
-0.147,0.656
-2.422,0.468
-2.754,0.464
2.606,-2.77
1.883,1.127
1.046,-3.164
0.944,-3.082
-1.545,1.004
0.759,-0.054
0.699,-1.652
0.687,-1.704
0.573,-1.063
0.48,-0.509
0.346,-1.981
0.322,-1.135
0.215,-1.032
0.152,-1.861
0.291,0.996
0.112,0.871
0.21,-1.989
0.147,0.987
0.134,-1.374
-0.157,-1.776
-0.058,-1.627
-0.064,-1.233
-0.192,-1.104
-0.245,-0.322
-0.454,-2.435
-0.471,-1.806
-0.484,-0.891
-0.525,0.476
-0.583,-2.18
-0.646,-0.377
-0.69,-0.01
-0.744,0.809
-0.721,-0.548
-0.644,0.618
-0.838,-0.868
-0.857,-1.084
-0.975,-1.383
-0.939,-1.461
-0.978,-1.894
-1.024,0.785
-1.155,-1.099
-1.083,1.071
-1.374,-1.116
-1.618,-2.004
-1.697,-1.254
-1.679,0.312
-1.811,-1.674
-1.811,-0.879
-1.973,-0.22
-1.913,-0.254
-2.041,-1.555
-1.921,-0.247
-1.949,0.299
-2.192,-1.217
-2.103,-1.729
-2.419,1.065
-2.306,0.233
-2.372,-0.489
-2.523,-2.475
-2.609,1.161
-2.589,-2.695
-2.489,-2.716
-2.64,-1.727
-2.517,-2.455
-2.601,-1.048
-2.618,0.757
-2.721,1.146
-2.879,-0.258
-2.892,0.539
-2.916,0.779
-2.974,1.144
-2.978,0.718
-3.07,-0.462
-3.076,-0.065
3.061,1.114
-3.087,-2.699
3.14,-1.977
3.006,0.634
3.113,0.897
2.976,1.205
2.917,-1.217
3.006,-2.069
2.994,-1.443
2.888,-0.381
2.758,-1.075
2.891,-2.073
2.73,0.862
2.694,-2.45
2.791,-1.981
2.633,0.005
2.72,0.628
2.653,-0.135
2.593,-0.41
2.456,-1.277
2.325,-1.28
2.307,-2.589
2.278,1.037
2.249,-0.236
2.079,0.807
2.03,-2.062
1.985,-2.681
1.95,-1.225
2.045,-1.4
1.978,0.486
1.85,-0.396
1.727,-1.697
1.824,-1.826
1.612,-2.595
1.248,-1.17
1.2,-1.926
1.167,-2.647
1.122,-0.45
1.106,-0.272
1.121,-0.184
1.086,-1.043
0.929,0.912
1.056,-0.441
0.909,-0.377
0.883,0.804
0.758,-0.882
0.726,0.268
0.568,-3.052
0.033,-3.213
0.134,-2.874
-1.123,-3.081
-1.416,-2.862
-2.074,-3.241
-2.29,-2.897
-2.368,-3.095
-2.462,-2.949
2.622,-3.189
2.069,-2.839
0.852,-3.002
0.403,1.239
-0.165,1.273
-0.297,1.328
-0.627,1.326
-0.932,1.101
-2.016,1.251
3.018,1.288
2.182,1.38
-2.298,0.066
-2.449,0.563
-2.7,-1.976
2.548,-2.491
-1.802,-1.748
-2.925,-1.812
2.458,-0.071
2.44,-0.101
1.378,-0.627
0.224,0.61
-0.828,-2.126
2.548,0.368
1.901,-0.827
1.501,-1.505
1.479,-0.812
1.52,-1.696
1.399,-1.993
1.425,-0.847
-0.862,-2.498
-2.02,-2.804
1.121,-2.732
1.069,-2.701
-2.791,0.969
0.072,2.729
0.05,2.273
0.027,0.934
-0.046,-0.685
0.003,0.909
-0.093,1.125
-0.134,0.349
-0.191,0.532
-0.174,2.431
-0.265,1.577
-0.373,1.374
-0.319,1.151
-0.402,-0.473
-0.43,-0.696
-0.458,-0.053
-0.512,2.12
-0.473,1.09
-0.555,2.527
-0.585,-0.217
-0.614,1.38
-0.647,0.095
-0.603,1.05
-0.809,-0.833
-0.75,1.674
-0.795,-0.299
-0.861,0.102
-0.89,0.574
-0.922,1.86
-0.852,1.097
-0.888,1.287
-1.009,1.476
-1.177,1.073
-1.172,-0.052
-1.266,0.035
-1.314,1.877
-1.349,-0.977
-1.317,-1.172
-1.345,1.005
-1.343,1.027
-1.56,1.921
-1.603,1.363
-1.556,1.929
-1.654,0.269
-1.666,0.98
-1.681,0.955
-1.655,0.487
-1.893,1.925
-1.884,-0.321
-1.924,0.027
-2.008,-0.068
-2.027,0.096
-2.11,0.576
-2.091,-1.195
-2.325,-0.712
-2.256,-1.003
-2.27,1.137
-2.327,0.11
-2.285,2.447
-2.318,2.358
-2.432,0.24
-2.371,0.096
-2.499,-0.698
-2.477,1.286
-2.531,0.155
-2.484,1.648
-2.551,-0.109
-2.541,0.898
-2.54,0.418
-2.672,-0.182
-2.688,-0.591
-2.715,0.977
-2.719,1.2
-2.7,1.443
-2.761,0.031
-2.772,-1.095
-2.786,0.066
-2.833,0.335
-2.755,2.299
-2.816,0.03
-2.889,0.018
-2.916,1.026
-2.851,0.165
-2.872,2.739
-2.984,1.691
-2.979,1.574
-3.055,2.295
-3.027,1.583
-3.087,0.531
-3.038,0.807
-3.043,2.537
3.124,2.801
3.098,0.884
3.085,1.721
3.045,0.33
3.043,0.505
2.934,-0.84
2.924,0.987
2.989,0.894
2.842,1.516
2.868,1.557
2.714,0.145
2.756,1.347
2.677,1.365
2.692,-0.223
2.531,-0.49
2.435,2.544
2.412,0.118
2.411,1.246
2.305,0.155
2.242,0.887
2.282,1.168
2.259,1.368
2.155,1.328
2.169,0.111
2.132,-1.169
2.113,-0.185
2.094,1.354
2.06,-1.151
1.941,0.204
1.991,1.037
1.969,0.192
1.895,-0.32
1.807,-0.715
1.85,1.499
1.805,1.44
1.481,0.641
1.437,0.103
1.42,-0.7
1.41,-0.096
1.375,1.04
1.27,0.546
1.229,-0.206
1.307,-0.002
1.229,-0.12
1.169,0.261
0.999,-1.065
0.956,0.32
0.991,-1.481
0.562,-1.456
0.43,-1.258
0.347,-1.627
0.261,-1.265
-0.174,-1.42
-0.492,-1.508
-1.931,-1.53
-2.196,-1.603
-2.63,-1.535
-2.89,-1.338
-2.982,-1.415
2.986,-1.683
2.319,-1.445
2.143,-1.401
1.89,-1.432
1.789,-1.302
1.372,-1.361
0.228,2.906
-0.932,3.039
-1.45,2.831
-1.744,2.69
-2.265,2.969
-2.227,2.647
2.422,2.778
2.073,3.053
1.686,2.609
0.144,2.214
-2.131,2.026
-2.463,2.022
2.897,-1.212
2.174,2.685
1.337,-1.606
1.235,-1.524
-1.254,2.562
1.05,1.504
0.99,-0.094
0.978,-0.146
0.864,0.495
0.771,1.049
0.637,-0.423
0.613,0.423
0.506,0.526
0.443,-0.303
0.582,2.554
0.403,2.429
0.501,-0.431
0.438,2.545
0.425,0.184
0.134,-0.218
0.233,-0.069
0.227,0.325
0.099,0.454
0.046,1.236
-0.163,-0.877
-0.18,-0.248
-0.193,0.667
-0.234,2.034
-0.292,-0.622
-0.355,1.181
-0.399,1.548
-0.453,2.367
-0.43,1.01
-0.353,2.176
-0.547,0.69
-0.566,0.474
-0.684,0.175
-0.648,0.097
-0.687,-0.336
-0.733,2.343
-0.864,0.459
-0.792,2.629
-1.083,0.442
-1.327,-0.446
-1.406,0.304
-1.388,1.87
-1.52,-0.116
-1.52,0.679
-1.682,1.338
-1.622,1.304
-1.75,0.003
-1.63,1.311
-1.658,1.857
-1.901,0.341
-1.812,-0.171
-2.128,2.623
-2.015,1.791
-2.081,1.069
-2.232,-0.917
-2.318,2.719
-2.298,-1.137
-2.198,-1.158
-2.349,-0.169
-2.226,-0.897
-2.31,0.51
-2.327,2.315
-2.43,2.704
-2.588,1.3
-2.601,2.097
-2.625,2.337
-2.683,2.702
-2.687,2.276
-2.779,1.096
-2.785,1.493
-2.931,2.672
-2.796,-1.141
-2.852,-0.419
-2.986,2.192
-2.879,2.455
-3.016,2.763
-3.075,0.341
-2.986,-0.511
-2.998,0.115
-3.104,1.177
3.049,0.483
-3.101,-0.515
3.021,2.42
2.985,-0.892
3.082,-0.423
2.924,1.563
3.011,2.186
2.944,1.423
2.884,1.148
2.747,0.281
2.616,0.278
2.598,-1.031
2.569,2.595
2.54,1.322
2.37,2.365
2.321,-0.504
2.276,-1.123
2.241,0.333
2.336,0.158
2.269,2.044
2.141,1.162
2.018,-0.139
2.115,-0.268
1.903,-1.037
1.539,0.388
1.491,-0.368
1.458,-1.089
1.413,1.108
1.397,1.286
1.412,1.374
1.377,0.515
1.22,2.47
1.347,1.117
1.2,1.181
1.174,2.362
1.049,0.676
1.017,1.826
0.859,-1.494
0.324,-1.655
0.425,-1.316
-0.832,-1.523
-1.125,-1.304
-1.783,-1.683
-1.999,-1.339
-2.077,-1.537
-2.171,-1.391
2.913,-1.631
2.36,-1.281
1.143,-1.444
0.694,2.797
0.126,2.831
-0.006,2.886
-0.336,2.884
-0.641,2.659
-1.725,2.809
-2.974,2.846
2.473,2.938
-2.007,1.624
-2.158,2.121
-2.409,-0.418
2.839,-0.933
-1.511,-0.19
-2.634,-0.254
2.749,1.487
2.731,1.457
1.669,0.931
0.515,2.168
-0.537,-0.568
2.839,1.926
2.192,0.731
1.792,0.053
1.77,0.746
1.811,-0.138
1.69,-0.435
1.716,0.711
-0.571,-0.94
-1.729,-1.246
1.412,-1.174
1.36,-1.143
-2.5,2.527
-0.022,-0.456
-0.045,-1.795
-0.118,-3.414
-0.069,-1.82
-0.165,-1.604
-0.206,-2.38
-0.263,-2.197
-0.246,-0.298
-0.337,-1.152
-0.445,-1.355
-0.391,-1.578
-0.474,-3.202
-0.502,-3.425
-0.53,-2.782
-0.584,-0.609
-0.545,-1.639
-0.627,-0.202
-0.657,-2.946
-0.686,-1.349
-0.719,-2.634
-0.675,-1.679
-0.881,-3.562
-0.822,-1.055
-0.867,-3.028
-0.933,-2.627
-0.962,-2.155
-0.994,-0.869
-0.924,-1.632
-0.96,-1.442
-1.081,-1.253
-1.249,-1.656
-1.244,-2.781
-1.338,-2.694
-1.386,-0.852
-1.421,-3.706
-1.389,-3.901
-1.417,-1.724
-1.415,-1.702
-1.632,-0.808
-1.675,-1.366
-1.628,-0.8
-1.726,-2.46
-1.738,-1.749
-1.753,-1.774
-1.727,-2.242
-1.965,-0.804
-1.956,-3.05
-1.996,-2.702
-2.08,-2.797
-2.099,-2.633
-2.182,-2.153
-2.163,-3.924
-2.397,-3.441
-2.328,-3.732
-2.342,-1.592
-2.399,-2.619
-2.357,-0.282
-2.39,-0.371
-2.504,-2.489
-2.443,-2.633
-2.571,-3.427
-2.549,-1.443
-2.603,-2.574
-2.556,-1.081
-2.623,-2.838
-2.613,-1.831
-2.612,-2.311
-2.744,-2.911
-2.76,-3.32
-2.787,-1.752
-2.791,-1.529
-2.772,-1.286
-2.833,-2.698
-2.844,-3.824
-2.858,-2.663
-2.905,-2.394
-2.827,-0.43
-2.888,-2.699
-2.961,-2.711
-2.988,-1.703
-2.923,-2.564
-2.944,0.01
-3.056,-1.038
-3.051,-1.155
-3.127,-0.434
-3.099,-1.146
3.124,-2.198
-3.11,-1.922
-3.115,-0.192
3.052,0.072
3.026,-1.845
3.013,-1.008
2.973,-2.399
2.971,-2.224
2.862,-3.569
2.852,-1.742
2.917,-1.835
2.77,-1.213
2.796,-1.172
2.642,-2.584
2.684,-1.382
2.605,-1.364
2.62,-2.952
2.459,-3.219
2.363,-0.185
2.34,-2.611
2.339,-1.483
2.233,-2.574
2.17,-1.842
2.21,-1.561
2.187,-1.361
2.083,-1.401
2.097,-2.618
2.06,-3.898
2.041,-2.914
2.022,-1.375
1.988,-3.88
1.869,-2.525
1.919,-1.692
1.897,-2.537
1.823,-3.049
1.735,-3.444
1.778,-1.23
1.733,-1.289
1.409,-2.088
1.365,-2.626
1.348,-3.429
1.338,-2.825
1.303,-1.689
1.198,-2.183
1.157,-2.935
1.235,-2.731
1.157,-2.849
1.097,-2.468
0.927,-3.794
0.884,-2.409
0.919,-4.21
0.49,-4.185
0.358,-3.987
0.275,-4.356
0.189,-3.994
-0.246,-4.149
-0.564,-4.237
-2.003,-4.259
-2.268,-4.332
-2.702,-4.264
-2.962,-4.067
-3.054,-4.144
2.914,-4.412
2.247,-4.174
2.071,-4.13
1.818,-4.161
1.717,-4.031
1.3,-4.09
0.156,0.177
-1.004,0.31
-1.522,0.102
-1.816,-0.039
-2.337,0.24
-2.299,-0.082
2.35,0.049
2.001,0.324
1.614,-0.12
0.072,-0.515
-2.203,-0.703
-2.535,-0.707
2.825,-3.941
2.102,-0.044
1.265,-4.335
1.163,-4.253
-1.326,-0.167
0.978,-1.225
0.918,-2.823
0.906,-2.875
0.792,-2.234
0.699,-1.68
0.565,-3.152
0.541,-2.306
0.434,-2.203
0.371,-3.032
0.51,-0.175
0.331,-0.3
0.429,-3.16
0.366,-0.184
0.353,-2.545
0.062,-2.947
0.161,-2.798
0.155,-2.404
0.027,-2.275
-0.026,-1.493
-0.235,-3.606
-0.252,-2.977
-0.265,-2.062
-0.306,-0.695
-0.364,-3.351
-0.427,-1.548
-0.471,-1.181
-0.525,-0.362
-0.502,-1.719
-0.425,-0.553
-0.619,-2.039
-0.638,-2.255
-0.756,-2.554
-0.72,-2.632
-0.759,-3.065
-0.805,-0.386
-0.936,-2.27
-0.864,-0.1
-1.155,-2.287
-1.399,-3.175
-1.478,-2.425
-1.46,-0.859
-1.592,-2.845
-1.592,-2.05
-1.754,-1.391
-1.694,-1.425
-1.822,-2.726
-1.702,-1.418
-1.73,-0.872
-1.973,-2.388
-1.884,-2.9
-2.2,-0.106
-2.087,-0.938
-2.153,-1.66
-2.304,-3.646
-2.39,-0.01
-2.37,-3.866
-2.27,-3.887
-2.421,-2.898
-2.298,-3.626
-2.382,-2.219
-2.399,-0.414
-2.502,-0.025
-2.66,-1.429
-2.673,-0.632
-2.697,-0.392
-2.755,-0.027
-2.759,-0.453
-2.851,-1.633
-2.857,-1.236
-3.003,-0.057
-2.868,-3.87
-2.924,-3.148
-3.058,-0.537
-2.951,-0.274
-3.088,0.034
3.136,-2.388
-3.058,-3.24
-3.07,-2.614
3.107,-1.552
2.977,-2.246
3.11,-3.244
2.949,-0.309
2.913,-3.621
3.01,-3.152
2.852,-1.166
2.939,-0.543
2.872,-1.306
2.812,-1.581
2.675,-2.448
2.544,-2.451
2.526,-3.76
2.497,-0.134
2.468,-1.407
2.298,-0.364
2.249,-3.233
2.204,-3.852
2.169,-2.396
2.264,-2.571
2.197,-0.685
2.069,-1.567
1.946,-2.868
2.043,-2.997
1.831,-3.766
1.467,-2.341
1.419,-3.097
1.386,-3.818
1.341,-1.621
1.325,-1.443
1.34,-1.355
1.305,-2.214
1.148,-0.259
1.275,-1.612
1.128,-1.548
1.102,-0.367
0.977,-2.053
0.945,-0.903
0.787,-4.223
0.252,-4.384
0.353,-4.045
-0.904,-4.252
-1.197,-4.033
-1.855,-4.412
-2.071,-4.068
-2.149,-4.266
-2.243,-4.12
2.841,-4.36
2.288,-4.01
1.071,-4.173
0.622,0.068
0.054,0.102
-0.078,0.157
-0.408,0.155
-0.713,-0.07
-1.797,0.08
-3.046,0.117
2.401,0.209
-2.079,-1.105
-2.23,-0.608
-2.481,-3.147
2.767,-3.662
-1.583,-2.919
-2.706,-2.983
2.677,-1.242
2.659,-1.272
1.597,-1.798
0.443,-0.561
-0.609,-3.297
2.767,-0.803
2.12,-1.998
1.72,-2.676
1.698,-1.983
1.739,-2.867
1.618,-3.164
1.644,-2.018
-0.643,-3.669
-1.801,-3.975
1.34,-3.903
1.288,-3.872
-2.572,-0.202
-0.023,-1.339
-0.096,-2.958
-0.047,-1.364
-0.143,-1.148
-0.184,-1.924
-0.241,-1.741
-0.224,0.158
-0.315,-0.696
-0.423,-0.899
-0.369,-1.122
-0.452,-2.746
-0.48,-2.969
-0.508,-2.326
-0.562,-0.153
-0.523,-1.183
-0.605,0.254
-0.635,-2.49
-0.664,-0.893
-0.697,-2.178
-0.653,-1.223
-0.859,-3.106
-0.8,-0.599
-0.845,-2.572
-0.911,-2.171
-0.94,-1.699
-0.972,-0.413
-0.902,-1.176
-0.938,-0.986
-1.059,-0.797
-1.227,-1.2
-1.222,-2.325
-1.316,-2.238
-1.364,-0.396
-1.399,-3.25
-1.367,-3.445
-1.395,-1.268
-1.393,-1.246
-1.61,-0.352
-1.653,-0.91
-1.606,-0.344
-1.704,-2.004
-1.716,-1.293
-1.731,-1.318
-1.705,-1.786
-1.943,-0.348
-1.934,-2.594
-1.974,-2.246
-2.058,-2.341
-2.077,-2.177
-2.16,-1.697
-2.141,-3.468
-2.375,-2.985
-2.306,-3.276
-2.32,-1.136
-2.377,-2.163
-2.335,0.174
-2.368,0.085
-2.482,-2.033
-2.421,-2.177
-2.549,-2.971
-2.527,-0.987
-2.581,-2.118
-2.534,-0.625
-2.601,-2.382
-2.591,-1.375
-2.59,-1.855
-2.722,-2.455
-2.738,-2.864
-2.765,-1.296
-2.769,-1.073
-2.75,-0.83
-2.811,-2.242
-2.822,-3.368
-2.836,-2.207
-2.883,-1.938
-2.805,0.026
-2.866,-2.243
-2.939,-2.255
-2.966,-1.247
-2.901,-2.108
-2.922,0.466
-3.034,-0.582
-3.029,-0.699
-3.105,0.022
-3.077,-0.69
-3.137,-1.742
-3.088,-1.466
-3.093,0.264
3.074,0.528
3.048,-1.389
3.035,-0.552
2.995,-1.943
2.993,-1.768
2.884,-3.113
2.874,-1.286
2.939,-1.379
2.792,-0.757
2.818,-0.716
2.664,-2.128
2.706,-0.926
2.627,-0.908
2.642,-2.496
2.481,-2.763
2.385,0.271
2.362,-2.155
2.361,-1.027
2.255,-2.118
2.192,-1.386
2.232,-1.105
2.209,-0.905
2.105,-0.945
2.119,-2.162
2.082,-3.442
2.063,-2.458
2.044,-0.919
2.01,-3.424
1.891,-2.069
1.941,-1.236
1.919,-2.081
1.845,-2.593
1.757,-2.988
1.8,-0.774
1.755,-0.833
1.431,-1.632
1.387,-2.17
1.37,-2.973
1.36,-2.369
1.325,-1.233
1.22,-1.727
1.179,-2.479
1.257,-2.275
1.179,-2.393
1.119,-2.012
0.949,-3.338
0.906,-1.953
0.941,-3.754
0.512,-3.729
0.38,-3.531
0.297,-3.9
0.211,-3.538
-0.224,-3.693
-0.542,-3.781
-1.981,-3.803
-2.246,-3.876
-2.68,-3.808
-2.94,-3.611
-3.032,-3.688
2.936,-3.956
2.269,-3.718
2.093,-3.674
1.84,-3.705
1.739,-3.575
1.322,-3.634
0.178,0.633
-0.982,0.766
-1.5,0.558
-1.794,0.417
-2.315,0.696
-2.277,0.374
2.372,0.505
2.023,0.78
1.636,0.336
0.094,-0.059
-2.181,-0.247
-2.513,-0.251
2.847,-3.485
2.124,0.412
1.287,-3.879
1.185,-3.797
-1.304,0.289
1.0,-0.769
0.94,-2.367
0.928,-2.419
0.814,-1.778
0.721,-1.224
0.587,-2.696
0.563,-1.85
0.456,-1.747
0.393,-2.576
0.532,0.281
0.353,0.156
0.451,-2.704
0.388,0.272
0.375,-2.089
0.084,-2.491
0.183,-2.342
0.177,-1.948
0.049,-1.819
-0.004,-1.037
-0.213,-3.15
-0.23,-2.521
-0.243,-1.606
-0.284,-0.239
-0.342,-2.895
-0.405,-1.092
-0.449,-0.725
-0.503,0.094
-0.48,-1.263
-0.403,-0.097
-0.597,-1.583
-0.616,-1.799
-0.734,-2.098
-0.698,-2.176
-0.737,-2.609
-0.783,0.07
-0.914,-1.814
-0.842,0.356
-1.133,-1.831
-1.377,-2.719
-1.456,-1.969
-1.438,-0.403
-1.57,-2.389
-1.57,-1.594
-1.732,-0.935
-1.672,-0.969
-1.8,-2.27
-1.68,-0.962
-1.708,-0.416
-1.951,-1.932
-1.862,-2.444
-2.178,0.35
-2.065,-0.482
-2.131,-1.204
-2.282,-3.19
-2.368,0.446
-2.348,-3.41
-2.248,-3.431
-2.399,-2.442
-2.276,-3.17
-2.36,-1.763
-2.377,0.042
-2.48,0.431
-2.638,-0.973
-2.651,-0.176
-2.675,0.064
-2.733,0.429
-2.737,0.003
-2.829,-1.177
-2.835,-0.78
-2.981,0.399
-2.846,-3.414
-2.902,-2.692
-3.036,-0.081
-2.929,0.182
-3.066,0.49
-3.125,-1.932
-3.036,-2.784
-3.048,-2.158
3.129,-1.096
2.999,-1.79
3.132,-2.788
2.971,0.147
2.935,-3.165
3.032,-2.696
2.874,-0.71
2.961,-0.087
2.894,-0.85
2.834,-1.125
2.697,-1.992
2.566,-1.995
2.548,-3.304
2.519,0.322
2.49,-0.951
2.32,0.092
2.271,-2.777
2.226,-3.396
2.191,-1.94
2.286,-2.115
2.219,-0.229
2.091,-1.111
1.968,-2.412
2.065,-2.541
1.853,-3.31
1.489,-1.885
1.441,-2.641
1.408,-3.362
1.363,-1.165
1.347,-0.987
1.362,-0.899
1.327,-1.758
1.17,0.197
1.297,-1.156
1.15,-1.092
1.124,0.089
0.999,-1.597
0.967,-0.447
0.809,-3.767
0.274,-3.928
0.375,-3.589
-0.882,-3.796
-1.175,-3.577
-1.833,-3.956
-2.049,-3.612
-2.127,-3.81
-2.221,-3.664
2.863,-3.904
2.31,-3.554
1.093,-3.717
0.644,0.524
0.076,0.558
-0.056,0.613
-0.386,0.611
-0.691,0.386
-1.775,0.536
-3.024,0.573
2.423,0.665
-2.057,-0.649
-2.208,-0.152
-2.459,-2.691
2.789,-3.206
-1.561,-2.463
-2.684,-2.527
2.699,-0.786
2.681,-0.816
1.619,-1.342
0.465,-0.105
-0.587,-2.841
2.789,-0.347
2.142,-1.542
1.742,-2.22
1.72,-1.527
1.761,-2.411
1.64,-2.708
1.666,-1.562
-0.621,-3.213
-1.779,-3.519
1.362,-3.447
1.31,-3.416
-2.55,0.254
-0.073,-1.619
-0.024,-0.025
-0.12,0.191
-0.161,-0.585
-0.218,-0.402
-0.201,1.497
-0.292,0.643
-0.4,0.44
-0.346,0.217
-0.429,-1.407
-0.457,-1.63
-0.485,-0.987
-0.539,1.186
-0.5,0.156
-0.582,1.593
-0.612,-1.151
-0.641,0.446
-0.674,-0.839
-0.63,0.116
-0.836,-1.767
-0.777,0.74
-0.822,-1.233
-0.888,-0.832
-0.917,-0.36
-0.949,0.926
-0.879,0.163
-0.915,0.353
-1.036,0.542
-1.204,0.139
-1.199,-0.986
-1.293,-0.899
-1.341,0.943
-1.376,-1.911
-1.344,-2.106
-1.372,0.071
-1.37,0.093
-1.587,0.987
-1.63,0.429
-1.583,0.995
-1.681,-0.665
-1.693,0.046
-1.708,0.021
-1.682,-0.447
-1.92,0.991
-1.911,-1.255
-1.951,-0.907
-2.035,-1.002
-2.054,-0.838
-2.137,-0.358
-2.118,-2.129
-2.352,-1.646
-2.283,-1.937
-2.297,0.203
-2.354,-0.824
-2.312,1.513
-2.345,1.424
-2.459,-0.694
-2.398,-0.838
-2.526,-1.632
-2.504,0.352
-2.558,-0.779
-2.511,0.714
-2.578,-1.043
-2.568,-0.036
-2.567,-0.516
-2.699,-1.116
-2.715,-1.525
-2.742,0.043
-2.746,0.266
-2.727,0.509
-2.788,-0.903
-2.799,-2.029
-2.813,-0.868
-2.86,-0.599
-2.782,1.365
-2.843,-0.904
-2.916,-0.916
-2.943,0.092
-2.878,-0.769
-2.899,1.805
-3.011,0.757
-3.006,0.64
-3.082,1.361
-3.054,0.649
-3.114,-0.403
-3.065,-0.127
-3.07,1.603
3.097,1.867
3.071,-0.05
3.058,0.787
3.018,-0.604
3.016,-0.429
2.907,-1.774
2.897,0.053
2.962,-0.04
2.815,0.582
2.841,0.623
2.687,-0.789
2.729,0.413
2.65,0.431
2.665,-1.157
2.504,-1.424
2.408,1.61
2.385,-0.816
2.384,0.312
2.278,-0.779
2.215,-0.047
2.255,0.234
2.232,0.434
2.128,0.394
2.142,-0.823
2.105,-2.103
2.086,-1.119
2.067,0.42
2.033,-2.085
1.914,-0.73
1.964,0.103
1.942,-0.742
1.868,-1.254
1.78,-1.649
1.823,0.565
1.778,0.506
1.454,-0.293
1.41,-0.831
1.393,-1.634
1.383,-1.03
1.348,0.106
1.243,-0.388
1.202,-1.14
1.28,-0.936
1.202,-1.054
1.142,-0.673
0.972,-1.999
0.929,-0.614
0.964,-2.415
0.535,-2.39
0.403,-2.192
0.32,-2.561
0.234,-2.199
-0.201,-2.354
-0.519,-2.442
-1.958,-2.464
-2.223,-2.537
-2.657,-2.469
-2.917,-2.272
-3.009,-2.349
2.959,-2.617
2.292,-2.379
2.116,-2.335
1.863,-2.366
1.762,-2.236
1.345,-2.295
0.201,1.972
-0.959,2.105
-1.477,1.897
-1.771,1.756
-2.292,2.035
-2.254,1.713
2.395,1.844
2.046,2.119
1.659,1.675
0.117,1.28
-2.158,1.092
-2.49,1.088
2.87,-2.146
2.147,1.751
1.31,-2.54
1.208,-2.458
-1.281,1.628
1.023,0.57
0.963,-1.028
0.951,-1.08
0.837,-0.439
0.744,0.115
0.61,-1.357
0.586,-0.511
0.479,-0.408
0.416,-1.237
0.555,1.62
0.376,1.495
0.474,-1.365
0.411,1.611
0.398,-0.75
0.107,-1.152
0.206,-1.003
0.2,-0.609
0.072,-0.48
0.019,0.302
-0.19,-1.811
-0.207,-1.182
-0.22,-0.267
-0.261,1.1
-0.319,-1.556
-0.382,0.247
-0.426,0.614
-0.48,1.433
-0.457,0.076
-0.38,1.242
-0.574,-0.244
-0.593,-0.46
-0.711,-0.759
-0.675,-0.837
-0.714,-1.27
-0.76,1.409
-0.891,-0.475
-0.819,1.695
-1.11,-0.492
-1.354,-1.38
-1.433,-0.63
-1.415,0.936
-1.547,-1.05
-1.547,-0.255
-1.709,0.404
-1.649,0.37
-1.777,-0.931
-1.657,0.377
-1.685,0.923
-1.928,-0.593
-1.839,-1.105
-2.155,1.689
-2.042,0.857
-2.108,0.135
-2.259,-1.851
-2.345,1.785
-2.325,-2.071
-2.225,-2.092
-2.376,-1.103
-2.253,-1.831
-2.337,-0.424
-2.354,1.381
-2.457,1.77
-2.615,0.366
-2.628,1.163
-2.652,1.403
-2.71,1.768
-2.714,1.342
-2.806,0.162
-2.812,0.559
-2.958,1.738
-2.823,-2.075
-2.879,-1.353
-3.013,1.258
-2.906,1.521
-3.043,1.829
-3.102,-0.593
-3.013,-1.445
-3.025,-0.819
-3.131,0.243
3.022,-0.451
-3.128,-1.449
2.994,1.486
2.958,-1.826
3.055,-1.357
2.897,0.629
2.984,1.252
2.917,0.489
2.857,0.214
2.72,-0.653
2.589,-0.656
2.571,-1.965
2.542,1.661
2.513,0.388
2.343,1.431
2.294,-1.438
2.249,-2.057
2.214,-0.601
2.309,-0.776
2.242,1.11
2.114,0.228
1.991,-1.073
2.088,-1.202
1.876,-1.971
1.512,-0.546
1.464,-1.302
1.431,-2.023
1.386,0.174
1.37,0.352
1.385,0.44
1.35,-0.419
1.193,1.536
1.32,0.183
1.173,0.247
1.147,1.428
1.022,-0.258
0.99,0.892
0.832,-2.428
0.297,-2.589
0.398,-2.25
-0.859,-2.457
-1.152,-2.238
-1.81,-2.617
-2.026,-2.273
-2.104,-2.471
-2.198,-2.325
2.886,-2.565
2.333,-2.215
1.116,-2.378
0.667,1.863
0.099,1.897
-0.033,1.952
-0.363,1.95
-0.668,1.725
-1.752,1.875
-3.001,1.912
2.446,2.004
-2.034,0.69
-2.185,1.187
-2.436,-1.352
2.812,-1.867
-1.538,-1.124
-2.661,-1.188
2.722,0.553
2.704,0.523
1.642,-0.003
0.488,1.234
-0.564,-1.502
2.812,0.992
2.165,-0.203
1.765,-0.881
1.743,-0.188
1.784,-1.072
1.663,-1.369
1.689,-0.223
-0.598,-1.874
-1.756,-2.18
1.385,-2.108
1.333,-2.077
-2.527,1.593
0.049,1.594
-0.047,1.81
-0.088,1.034
-0.145,1.217
-0.128,3.116
-0.219,2.262
-0.327,2.059
-0.273,1.836
-0.356,0.212
-0.384,-0.011
-0.412,0.632
-0.466,2.805
-0.427,1.775
-0.509,3.212
-0.539,0.468
-0.568,2.065
-0.601,0.78
-0.557,1.735
-0.763,-0.148
-0.704,2.359
-0.749,0.386
-0.815,0.787
-0.844,1.259
-0.876,2.545
-0.806,1.782
-0.842,1.972
-0.963,2.161
-1.131,1.758
-1.126,0.633
-1.22,0.72
-1.268,2.562
-1.303,-0.292
-1.271,-0.487
-1.299,1.69
-1.297,1.712
-1.514,2.606
-1.557,2.048
-1.51,2.614
-1.608,0.954
-1.62,1.665
-1.635,1.64
-1.609,1.172
-1.847,2.61
-1.838,0.364
-1.878,0.712
-1.962,0.617
-1.981,0.781
-2.064,1.261
-2.045,-0.51
-2.279,-0.027
-2.21,-0.318
-2.224,1.822
-2.281,0.795
-2.239,3.132
-2.272,3.043
-2.386,0.925
-2.325,0.781
-2.453,-0.013
-2.431,1.971
-2.485,0.84
-2.438,2.333
-2.505,0.576
-2.495,1.583
-2.494,1.103
-2.626,0.503
-2.642,0.094
-2.669,1.662
-2.673,1.885
-2.654,2.128
-2.715,0.716
-2.726,-0.41
-2.74,0.751
-2.787,1.02
-2.709,2.984
-2.77,0.715
-2.843,0.703
-2.87,1.711
-2.805,0.85
-2.826,3.424
-2.938,2.376
-2.933,2.259
-3.009,2.98
-2.981,2.268
-3.041,1.216
-2.992,1.492
-2.997,3.222
-3.113,3.486
-3.139,1.569
3.131,2.406
3.091,1.015
3.089,1.19
2.98,-0.155
2.97,1.672
3.035,1.579
2.888,2.201
2.914,2.242
2.76,0.83
2.802,2.032
2.723,2.05
2.738,0.462
2.577,0.195
2.481,3.229
2.458,0.803
2.457,1.931
2.351,0.84
2.288,1.572
2.328,1.853
2.305,2.053
2.201,2.013
2.215,0.796
2.178,-0.484
2.159,0.5
2.14,2.039
2.106,-0.466
1.987,0.889
2.037,1.722
2.015,0.877
1.941,0.365
1.853,-0.03
1.896,2.184
1.851,2.125
1.527,1.326
1.483,0.788
1.466,-0.015
1.456,0.589
1.421,1.725
1.316,1.231
1.275,0.479
1.353,0.683
1.275,0.565
1.215,0.946
1.045,-0.38
1.002,1.005
1.037,-0.796
0.608,-0.771
0.476,-0.573
0.393,-0.942
0.307,-0.58
-0.128,-0.735
-0.446,-0.823
-1.885,-0.845
-2.15,-0.918
-2.584,-0.85
-2.844,-0.653
-2.936,-0.73
3.032,-0.998
2.365,-0.76
2.189,-0.716
1.936,-0.747
1.835,-0.617
1.418,-0.676
0.274,3.591
-0.886,3.724
-1.404,3.516
-1.698,3.375
-2.219,3.654
-2.181,3.332
2.468,3.463
2.119,3.738
1.732,3.294
0.19,2.899
-2.085,2.711
-2.417,2.707
2.943,-0.527
2.22,3.37
1.383,-0.921
1.281,-0.839
-1.208,3.247
1.096,2.189
1.036,0.591
1.024,0.539
0.91,1.18
0.817,1.734
0.683,0.262
0.659,1.108
0.552,1.211
0.489,0.382
0.628,3.239
0.449,3.114
0.547,0.254
0.484,3.23
0.471,0.869
0.18,0.467
0.279,0.616
0.273,1.01
0.145,1.139
0.092,1.921
-0.117,-0.192
-0.134,0.437
-0.147,1.352
-0.188,2.719
-0.246,0.063
-0.309,1.866
-0.353,2.233
-0.407,3.052
-0.384,1.695
-0.307,2.861
-0.501,1.375
-0.52,1.159
-0.638,0.86
-0.602,0.782
-0.641,0.349
-0.687,3.028
-0.818,1.144
-0.746,3.314
-1.037,1.127
-1.281,0.239
-1.36,0.989
-1.342,2.555
-1.474,0.569
-1.474,1.364
-1.636,2.023
-1.576,1.989
-1.704,0.688
-1.584,1.996
-1.612,2.542
-1.855,1.026
-1.766,0.514
-2.082,3.308
-1.969,2.476
-2.035,1.754
-2.186,-0.232
-2.272,3.404
-2.252,-0.452
-2.152,-0.473
-2.303,0.516
-2.18,-0.212
-2.264,1.195
-2.281,3.0
-2.384,3.389
-2.542,1.985
-2.555,2.782
-2.579,3.022
-2.637,3.387
-2.641,2.961
-2.733,1.781
-2.739,2.178
-2.885,3.357
-2.75,-0.456
-2.806,0.266
-2.94,2.877
-2.833,3.14
-2.97,3.448
-3.029,1.026
-2.94,0.174
-2.952,0.8
-3.058,1.862
3.095,1.168
-3.055,0.17
3.067,3.105
3.031,-0.207
3.128,0.262
2.97,2.248
3.057,2.871
2.99,2.108
2.93,1.833
2.793,0.966
2.662,0.963
2.644,-0.346
2.615,3.28
2.586,2.007
2.416,3.05
2.367,0.181
2.322,-0.438
2.287,1.018
2.382,0.843
2.315,2.729
2.187,1.847
2.064,0.546
2.161,0.417
1.949,-0.352
1.585,1.073
1.537,0.317
1.504,-0.404
1.459,1.793
1.443,1.971
1.458,2.059
1.423,1.2
1.266,3.155
1.393,1.802
1.246,1.866
1.22,3.047
1.095,1.361
1.063,2.511
0.905,-0.809
0.37,-0.97
0.471,-0.631
-0.786,-0.838
-1.079,-0.619
-1.737,-0.998
-1.953,-0.654
-2.031,-0.852
-2.125,-0.706
2.959,-0.946
2.406,-0.596
1.189,-0.759
0.74,3.482
0.172,3.516
0.04,3.571
-0.29,3.569
-0.595,3.344
-1.679,3.494
-2.928,3.531
2.519,3.623
-1.961,2.309
-2.112,2.806
-2.363,0.267
2.885,-0.248
-1.465,0.495
-2.588,0.431
2.795,2.172
2.777,2.142
1.715,1.616
0.561,2.853
-0.491,0.117
2.885,2.611
2.238,1.416
1.838,0.738
1.816,1.431
1.857,0.547
1.736,0.25
1.762,1.396
-0.525,-0.255
-1.683,-0.561
1.458,-0.489
1.406,-0.458
-2.454,3.212
-0.096,0.216
-0.137,-0.56
-0.194,-0.377
-0.177,1.522
-0.268,0.668
-0.376,0.465
-0.322,0.242
-0.405,-1.382
-0.433,-1.605
-0.461,-0.962
-0.515,1.211
-0.476,0.181
-0.558,1.618
-0.588,-1.126
-0.617,0.471
-0.65,-0.814
-0.606,0.141
-0.812,-1.742
-0.753,0.765
-0.798,-1.208
-0.864,-0.807
-0.893,-0.335
-0.925,0.951
-0.855,0.188
-0.891,0.378
-1.012,0.567
-1.18,0.164
-1.175,-0.961
-1.269,-0.874
-1.317,0.968
-1.352,-1.886
-1.32,-2.081
-1.348,0.096
-1.346,0.118
-1.563,1.012
-1.606,0.454
-1.559,1.02
-1.657,-0.64
-1.669,0.071
-1.684,0.046
-1.658,-0.422
-1.896,1.016
-1.887,-1.23
-1.927,-0.882
-2.011,-0.977
-2.03,-0.813
-2.113,-0.333
-2.094,-2.104
-2.328,-1.621
-2.259,-1.912
-2.273,0.228
-2.33,-0.799
-2.288,1.538
-2.321,1.449
-2.435,-0.669
-2.374,-0.813
-2.502,-1.607
-2.48,0.377
-2.534,-0.754
-2.487,0.739
-2.554,-1.018
-2.544,-0.011
-2.543,-0.491
-2.675,-1.091
-2.691,-1.5
-2.718,0.068
-2.722,0.291
-2.703,0.534
-2.764,-0.878
-2.775,-2.004
-2.789,-0.843
-2.836,-0.574
-2.758,1.39
-2.819,-0.879
-2.892,-0.891
-2.919,0.117
-2.854,-0.744
-2.875,1.83
-2.987,0.782
-2.982,0.665
-3.058,1.386
-3.03,0.674
-3.09,-0.378
-3.041,-0.102
-3.046,1.628
3.121,1.892
3.095,-0.025
3.082,0.812
3.042,-0.579
3.04,-0.404
2.931,-1.749
2.921,0.078
2.986,-0.015
2.839,0.607
2.865,0.648
2.711,-0.764
2.753,0.438
2.674,0.456
2.689,-1.132
2.528,-1.399
2.432,1.635
2.409,-0.791
2.408,0.337
2.302,-0.754
2.239,-0.022
2.279,0.259
2.256,0.459
2.152,0.419
2.166,-0.798
2.129,-2.078
2.11,-1.094
2.091,0.445
2.057,-2.06
1.938,-0.705
1.988,0.128
1.966,-0.717
1.892,-1.229
1.804,-1.624
1.847,0.59
1.802,0.531
1.478,-0.268
1.434,-0.806
1.417,-1.609
1.407,-1.005
1.372,0.131
1.267,-0.363
1.226,-1.115
1.304,-0.911
1.226,-1.029
1.166,-0.648
0.996,-1.974
0.953,-0.589
0.988,-2.39
0.559,-2.365
0.427,-2.167
0.344,-2.536
0.258,-2.174
-0.177,-2.329
-0.495,-2.417
-1.934,-2.439
-2.199,-2.512
-2.633,-2.444
-2.893,-2.247
-2.985,-2.324
2.983,-2.592
2.316,-2.354
2.14,-2.31
1.887,-2.341
1.786,-2.211
1.369,-2.27
0.225,1.997
-0.935,2.13
-1.453,1.922
-1.747,1.781
-2.268,2.06
-2.23,1.738
2.419,1.869
2.07,2.144
1.683,1.7
0.141,1.305
-2.134,1.117
-2.466,1.113
2.894,-2.121
2.171,1.776
1.334,-2.515
1.232,-2.433
-1.257,1.653
1.047,0.595
0.987,-1.003
0.975,-1.055
0.861,-0.414
0.768,0.14
0.634,-1.332
0.61,-0.486
0.503,-0.383
0.44,-1.212
0.579,1.645
0.4,1.52
0.498,-1.34
0.435,1.636
0.422,-0.725
0.131,-1.127
0.23,-0.978
0.224,-0.584
0.096,-0.455
0.043,0.327
-0.166,-1.786
-0.183,-1.157
-0.196,-0.242
-0.237,1.125
-0.295,-1.531
-0.358,0.272
-0.402,0.639
-0.456,1.458
-0.433,0.101
-0.356,1.267
-0.55,-0.219
-0.569,-0.435
-0.687,-0.734
-0.651,-0.812
-0.69,-1.245
-0.736,1.434
-0.867,-0.45
-0.795,1.72
-1.086,-0.467
-1.33,-1.355
-1.409,-0.605
-1.391,0.961
-1.523,-1.025
-1.523,-0.23
-1.685,0.429
-1.625,0.395
-1.753,-0.906
-1.633,0.402
-1.661,0.948
-1.904,-0.568
-1.815,-1.08
-2.131,1.714
-2.018,0.882
-2.084,0.16
-2.235,-1.826
-2.321,1.81
-2.301,-2.046
-2.201,-2.067
-2.352,-1.078
-2.229,-1.806
-2.313,-0.399
-2.33,1.406
-2.433,1.795
-2.591,0.391
-2.604,1.188
-2.628,1.428
-2.686,1.793
-2.69,1.367
-2.782,0.187
-2.788,0.584
-2.934,1.763
-2.799,-2.05
-2.855,-1.328
-2.989,1.283
-2.882,1.546
-3.019,1.854
-3.078,-0.568
-2.989,-1.42
-3.001,-0.794
-3.107,0.268
3.046,-0.426
-3.104,-1.424
3.018,1.511
2.982,-1.801
3.079,-1.332
2.921,0.654
3.008,1.277
2.941,0.514
2.881,0.239
2.744,-0.628
2.613,-0.631
2.595,-1.94
2.566,1.686
2.537,0.413
2.367,1.456
2.318,-1.413
2.273,-2.032
2.238,-0.576
2.333,-0.751
2.266,1.135
2.138,0.253
2.015,-1.048
2.112,-1.177
1.9,-1.946
1.536,-0.521
1.488,-1.277
1.455,-1.998
1.41,0.199
1.394,0.377
1.409,0.465
1.374,-0.394
1.217,1.561
1.344,0.208
1.197,0.272
1.171,1.453
1.046,-0.233
1.014,0.917
0.856,-2.403
0.321,-2.564
0.422,-2.225
-0.835,-2.432
-1.128,-2.213
-1.786,-2.592
-2.002,-2.248
-2.08,-2.446
-2.174,-2.3
2.91,-2.54
2.357,-2.19
1.14,-2.353
0.691,1.888
0.123,1.922
-0.009,1.977
-0.339,1.975
-0.644,1.75
-1.728,1.9
-2.977,1.937
2.47,2.029
-2.01,0.715
-2.161,1.212
-2.412,-1.327
2.836,-1.842
-1.514,-1.099
-2.637,-1.163
2.746,0.578
2.728,0.548
1.666,0.022
0.512,1.259
-0.54,-1.477
2.836,1.017
2.189,-0.178
1.789,-0.856
1.767,-0.163
1.808,-1.047
1.687,-1.344
1.713,-0.198
-0.574,-1.849
-1.732,-2.155
1.409,-2.083
1.357,-2.052
-2.503,1.618
-0.041,-0.776
-0.098,-0.593
-0.081,1.306
-0.172,0.452
-0.28,0.249
-0.226,0.026
-0.309,-1.598
-0.337,-1.821
-0.365,-1.178
-0.419,0.995
-0.38,-0.035
-0.462,1.402
-0.492,-1.342
-0.521,0.255
-0.554,-1.03
-0.51,-0.075
-0.716,-1.958
-0.657,0.549
-0.702,-1.424
-0.768,-1.023
-0.797,-0.551
-0.829,0.735
-0.759,-0.028
-0.795,0.162
-0.916,0.351
-1.084,-0.052
-1.079,-1.177
-1.173,-1.09
-1.221,0.752
-1.256,-2.102
-1.224,-2.297
-1.252,-0.12
-1.25,-0.098
-1.467,0.796
-1.51,0.238
-1.463,0.804
-1.561,-0.856
-1.573,-0.145
-1.588,-0.17
-1.562,-0.638
-1.8,0.8
-1.791,-1.446
-1.831,-1.098
-1.915,-1.193
-1.934,-1.029
-2.017,-0.549
-1.998,-2.32
-2.232,-1.837
-2.163,-2.128
-2.177,0.012
-2.234,-1.015
-2.192,1.322
-2.225,1.233
-2.339,-0.885
-2.278,-1.029
-2.406,-1.823
-2.384,0.161
-2.438,-0.97
-2.391,0.523
-2.458,-1.234
-2.448,-0.227
-2.447,-0.707
-2.579,-1.307
-2.595,-1.716
-2.622,-0.148
-2.626,0.075
-2.607,0.318
-2.668,-1.094
-2.679,-2.22
-2.693,-1.059
-2.74,-0.79
-2.662,1.174
-2.723,-1.095
-2.796,-1.107
-2.823,-0.099
-2.758,-0.96
-2.779,1.614
-2.891,0.566
-2.886,0.449
-2.962,1.17
-2.934,0.458
-2.994,-0.594
-2.945,-0.318
-2.95,1.412
-3.066,1.676
-3.092,-0.241
-3.105,0.596
3.138,-0.795
3.136,-0.62
3.027,-1.965
3.017,-0.138
3.082,-0.231
2.935,0.391
2.961,0.432
2.807,-0.98
2.849,0.222
2.77,0.24
2.785,-1.348
2.624,-1.615
2.528,1.419
2.505,-1.007
2.504,0.121
2.398,-0.97
2.335,-0.238
2.375,0.043
2.352,0.243
2.248,0.203
2.262,-1.014
2.225,-2.294
2.206,-1.31
2.187,0.229
2.153,-2.276
2.034,-0.921
2.084,-0.088
2.062,-0.933
1.988,-1.445
1.9,-1.84
1.943,0.374
1.898,0.315
1.574,-0.484
1.53,-1.022
1.513,-1.825
1.503,-1.221
1.468,-0.085
1.363,-0.579
1.322,-1.331
1.4,-1.127
1.322,-1.245
1.262,-0.864
1.092,-2.19
1.049,-0.805
1.084,-2.606
0.655,-2.581
0.523,-2.383
0.44,-2.752
0.354,-2.39
-0.081,-2.545
-0.399,-2.633
-1.838,-2.655
-2.103,-2.728
-2.537,-2.66
-2.797,-2.463
-2.889,-2.54
3.079,-2.808
2.412,-2.57
2.236,-2.526
1.983,-2.557
1.882,-2.427
1.465,-2.486
0.321,1.781
-0.839,1.914
-1.357,1.706
-1.651,1.565
-2.172,1.844
-2.134,1.522
2.515,1.653
2.166,1.928
1.779,1.484
0.237,1.089
-2.038,0.901
-2.37,0.897
2.99,-2.337
2.267,1.56
1.43,-2.731
1.328,-2.649
-1.161,1.437
1.143,0.379
1.083,-1.219
1.071,-1.271
0.957,-0.63
0.864,-0.076
0.73,-1.548
0.706,-0.702
0.599,-0.599
0.536,-1.428
0.675,1.429
0.496,1.304
0.594,-1.556
0.531,1.42
0.518,-0.941
0.227,-1.343
0.326,-1.194
0.32,-0.8
0.192,-0.671
0.139,0.111
-0.07,-2.002
-0.087,-1.373
-0.1,-0.458
-0.141,0.909
-0.199,-1.747
-0.262,0.056
-0.306,0.423
-0.36,1.242
-0.337,-0.115
-0.26,1.051
-0.454,-0.435
-0.473,-0.651
-0.591,-0.95
-0.555,-1.028
-0.594,-1.461
-0.64,1.218
-0.771,-0.666
-0.699,1.504
-0.99,-0.683
-1.234,-1.571
-1.313,-0.821
-1.295,0.745
-1.427,-1.241
-1.427,-0.446
-1.589,0.213
-1.529,0.179
-1.657,-1.122
-1.537,0.186
-1.565,0.732
-1.808,-0.784
-1.719,-1.296
-2.035,1.498
-1.922,0.666
-1.988,-0.056
-2.139,-2.042
-2.225,1.594
-2.205,-2.262
-2.105,-2.283
-2.256,-1.294
-2.133,-2.022
-2.217,-0.615
-2.234,1.19
-2.337,1.579
-2.495,0.175
-2.508,0.972
-2.532,1.212
-2.59,1.577
-2.594,1.151
-2.686,-0.029
-2.692,0.368
-2.838,1.547
-2.703,-2.266
-2.759,-1.544
-2.893,1.067
-2.786,1.33
-2.923,1.638
-2.982,-0.784
-2.893,-1.636
-2.905,-1.01
-3.011,0.052
-3.141,-0.642
-3.008,-1.64
3.114,1.295
3.078,-2.017
-3.108,-1.548
3.017,0.438
3.104,1.061
3.037,0.298
2.977,0.023
2.84,-0.844
2.709,-0.847
2.691,-2.156
2.662,1.47
2.633,0.197
2.463,1.24
2.414,-1.629
2.369,-2.248
2.334,-0.792
2.429,-0.967
2.362,0.919
2.234,0.037
2.111,-1.264
2.208,-1.393
1.996,-2.162
1.632,-0.737
1.584,-1.493
1.551,-2.214
1.506,-0.017
1.49,0.161
1.505,0.249
1.47,-0.61
1.313,1.345
1.44,-0.008
1.293,0.056
1.267,1.237
1.142,-0.449
1.11,0.701
0.952,-2.619
0.417,-2.78
0.518,-2.441
-0.739,-2.648
-1.032,-2.429
-1.69,-2.808
-1.906,-2.464
-1.984,-2.662
-2.078,-2.516
3.006,-2.756
2.453,-2.406
1.236,-2.569
0.787,1.672
0.219,1.706
0.087,1.761
-0.243,1.759
-0.548,1.534
-1.632,1.684
-2.881,1.721
2.566,1.813
-1.914,0.499
-2.065,0.996
-2.316,-1.543
2.932,-2.058
-1.418,-1.315
-2.541,-1.379
2.842,0.362
2.824,0.332
1.762,-0.194
0.608,1.043
-0.444,-1.693
2.932,0.801
2.285,-0.394
1.885,-1.072
1.863,-0.379
1.904,-1.263
1.783,-1.56
1.809,-0.414
-0.478,-2.065
-1.636,-2.371
1.505,-2.299
1.453,-2.268
-2.407,1.402
-0.057,0.183
-0.04,2.082
-0.131,1.228
-0.239,1.025
-0.185,0.802
-0.268,-0.822
-0.296,-1.045
-0.324,-0.402
-0.378,1.771
-0.339,0.741
-0.421,2.178
-0.451,-0.566
-0.48,1.031
-0.513,-0.254
-0.469,0.701
-0.675,-1.182
-0.616,1.325
-0.661,-0.648
-0.727,-0.247
-0.756,0.225
-0.788,1.511
-0.718,0.748
-0.754,0.938
-0.875,1.127
-1.043,0.724
-1.038,-0.401
-1.132,-0.314
-1.18,1.528
-1.215,-1.326
-1.183,-1.521
-1.211,0.656
-1.209,0.678
-1.426,1.572
-1.469,1.014
-1.422,1.58
-1.52,-0.08
-1.532,0.631
-1.547,0.606
-1.521,0.138
-1.759,1.576
-1.75,-0.67
-1.79,-0.322
-1.874,-0.417
-1.893,-0.253
-1.976,0.227
-1.957,-1.544
-2.191,-1.061
-2.122,-1.352
-2.136,0.788
-2.193,-0.239
-2.151,2.098
-2.184,2.009
-2.298,-0.109
-2.237,-0.253
-2.365,-1.047
-2.343,0.937
-2.397,-0.194
-2.35,1.299
-2.417,-0.458
-2.407,0.549
-2.406,0.069
-2.538,-0.531
-2.554,-0.94
-2.581,0.628
-2.585,0.851
-2.566,1.094
-2.627,-0.318
-2.638,-1.444
-2.652,-0.283
-2.699,-0.014
-2.621,1.95
-2.682,-0.319
-2.755,-0.331
-2.782,0.677
-2.717,-0.184
-2.738,2.39
-2.85,1.342
-2.845,1.225
-2.921,1.946
-2.893,1.234
-2.953,0.182
-2.904,0.458
-2.909,2.188
-3.025,2.452
-3.051,0.535
-3.064,1.372
-3.104,-0.019
-3.106,0.156
3.068,-1.189
3.058,0.638
3.123,0.545
2.976,1.167
3.002,1.208
2.848,-0.204
2.89,0.998
2.811,1.016
2.826,-0.572
2.665,-0.839
2.569,2.195
2.546,-0.231
2.545,0.897
2.439,-0.194
2.376,0.538
2.416,0.819
2.393,1.019
2.289,0.979
2.303,-0.238
2.266,-1.518
2.247,-0.534
2.228,1.005
2.194,-1.5
2.075,-0.145
2.125,0.688
2.103,-0.157
2.029,-0.669
1.941,-1.064
1.984,1.15
1.939,1.091
1.615,0.292
1.571,-0.246
1.554,-1.049
1.544,-0.445
1.509,0.691
1.404,0.197
1.363,-0.555
1.441,-0.351
1.363,-0.469
1.303,-0.088
1.133,-1.414
1.09,-0.029
1.125,-1.83
0.696,-1.805
0.564,-1.607
0.481,-1.976
0.395,-1.614
-0.04,-1.769
-0.358,-1.857
-1.797,-1.879
-2.062,-1.952
-2.496,-1.884
-2.756,-1.687
-2.848,-1.764
3.12,-2.032
2.453,-1.794
2.277,-1.75
2.024,-1.781
1.923,-1.651
1.506,-1.71
0.362,2.557
-0.798,2.69
-1.316,2.482
-1.61,2.341
-2.131,2.62
-2.093,2.298
2.556,2.429
2.207,2.704
1.82,2.26
0.278,1.865
-1.997,1.677
-2.329,1.673
3.031,-1.561
2.308,2.336
1.471,-1.955
1.369,-1.873
-1.12,2.213
1.184,1.155
1.124,-0.443
1.112,-0.495
0.998,0.146
0.905,0.7
0.771,-0.772
0.747,0.074
0.64,0.177
0.577,-0.652
0.716,2.205
0.537,2.08
0.635,-0.78
0.572,2.196
0.559,-0.165
0.268,-0.567
0.367,-0.418
0.361,-0.024
0.233,0.105
0.18,0.887
-0.029,-1.226
-0.046,-0.597
-0.059,0.318
-0.1,1.685
-0.158,-0.971
-0.221,0.832
-0.265,1.199
-0.319,2.018
-0.296,0.661
-0.219,1.827
-0.413,0.341
-0.432,0.125
-0.55,-0.174
-0.514,-0.252
-0.553,-0.685
-0.599,1.994
-0.73,0.11
-0.658,2.28
-0.949,0.093
-1.193,-0.795
-1.272,-0.045
-1.254,1.521
-1.386,-0.465
-1.386,0.33
-1.548,0.989
-1.488,0.955
-1.616,-0.346
-1.496,0.962
-1.524,1.508
-1.767,-0.008
-1.678,-0.52
-1.994,2.274
-1.881,1.442
-1.947,0.72
-2.098,-1.266
-2.184,2.37
-2.164,-1.486
-2.064,-1.507
-2.215,-0.518
-2.092,-1.246
-2.176,0.161
-2.193,1.966
-2.296,2.355
-2.454,0.951
-2.467,1.748
-2.491,1.988
-2.549,2.353
-2.553,1.927
-2.645,0.747
-2.651,1.144
-2.797,2.323
-2.662,-1.49
-2.718,-0.768
-2.852,1.843
-2.745,2.106
-2.882,2.414
-2.941,-0.008
-2.852,-0.86
-2.864,-0.234
-2.97,0.828
-3.1,0.134
-2.967,-0.864
-3.128,2.071
3.119,-1.241
-3.067,-0.772
3.058,1.214
-3.138,1.837
3.078,1.074
3.018,0.799
2.881,-0.068
2.75,-0.071
2.732,-1.38
2.703,2.246
2.674,0.973
2.504,2.016
2.455,-0.853
2.41,-1.472
2.375,-0.016
2.47,-0.191
2.403,1.695
2.275,0.813
2.152,-0.488
2.249,-0.617
2.037,-1.386
1.673,0.039
1.625,-0.717
1.592,-1.438
1.547,0.759
1.531,0.937
1.546,1.025
1.511,0.166
1.354,2.121
1.481,0.768
1.334,0.832
1.308,2.013
1.183,0.327
1.151,1.477
0.993,-1.843
0.458,-2.004
0.559,-1.665
-0.698,-1.872
-0.991,-1.653
-1.649,-2.032
-1.865,-1.688
-1.943,-1.886
-2.037,-1.74
3.047,-1.98
2.494,-1.63
1.277,-1.793
0.828,2.448
0.26,2.482
0.128,2.537
-0.202,2.535
-0.507,2.31
-1.591,2.46
-2.84,2.497
2.607,2.589
-1.873,1.275
-2.024,1.772
-2.275,-0.767
2.973,-1.282
-1.377,-0.539
-2.5,-0.603
2.883,1.138
2.865,1.108
1.803,0.582
0.649,1.819
-0.403,-0.917
2.973,1.577
2.326,0.382
1.926,-0.296
1.904,0.397
1.945,-0.487
1.824,-0.784
1.85,0.362
-0.437,-1.289
-1.595,-1.595
1.546,-1.523
1.494,-1.492
-2.366,2.178
0.017,1.899
-0.074,1.045
-0.182,0.842
-0.128,0.619
-0.211,-1.005
-0.239,-1.228
-0.267,-0.585
-0.321,1.588
-0.282,0.558
-0.364,1.995
-0.394,-0.749
-0.423,0.848
-0.456,-0.437
-0.412,0.518
-0.618,-1.365
-0.559,1.142
-0.604,-0.831
-0.67,-0.43
-0.699,0.042
-0.731,1.328
-0.661,0.565
-0.697,0.755
-0.818,0.944
-0.986,0.541
-0.981,-0.584
-1.075,-0.497
-1.123,1.345
-1.158,-1.509
-1.126,-1.704
-1.154,0.473
-1.152,0.495
-1.369,1.389
-1.412,0.831
-1.365,1.397
-1.463,-0.263
-1.475,0.448
-1.49,0.423
-1.464,-0.045
-1.702,1.393
-1.693,-0.853
-1.733,-0.505
-1.817,-0.6
-1.836,-0.436
-1.919,0.044
-1.9,-1.727
-2.134,-1.244
-2.065,-1.535
-2.079,0.605
-2.136,-0.422
-2.094,1.915
-2.127,1.826
-2.241,-0.292
-2.18,-0.436
-2.308,-1.23
-2.286,0.754
-2.34,-0.377
-2.293,1.116
-2.36,-0.641
-2.35,0.366
-2.349,-0.114
-2.481,-0.714
-2.497,-1.123
-2.524,0.445
-2.528,0.668
-2.509,0.911
-2.57,-0.501
-2.581,-1.627
-2.595,-0.466
-2.642,-0.197
-2.564,1.767
-2.625,-0.502
-2.698,-0.514
-2.725,0.494
-2.66,-0.367
-2.681,2.207
-2.793,1.159
-2.788,1.042
-2.864,1.763
-2.836,1.051
-2.896,-0.001
-2.847,0.275
-2.852,2.005
-2.968,2.269
-2.994,0.352
-3.007,1.189
-3.047,-0.202
-3.049,-0.027
3.125,-1.372
3.115,0.455
-3.103,0.362
3.033,0.984
3.059,1.025
2.905,-0.387
2.947,0.815
2.868,0.833
2.883,-0.755
2.722,-1.022
2.626,2.012
2.603,-0.414
2.602,0.714
2.496,-0.377
2.433,0.355
2.473,0.636
2.45,0.836
2.346,0.796
2.36,-0.421
2.323,-1.701
2.304,-0.717
2.285,0.822
2.251,-1.683
2.132,-0.328
2.182,0.505
2.16,-0.34
2.086,-0.852
1.998,-1.247
2.041,0.967
1.996,0.908
1.672,0.109
1.628,-0.429
1.611,-1.232
1.601,-0.628
1.566,0.508
1.461,0.014
1.42,-0.738
1.498,-0.534
1.42,-0.652
1.36,-0.271
1.19,-1.597
1.147,-0.212
1.182,-2.013
0.753,-1.988
0.621,-1.79
0.538,-2.159
0.452,-1.797
0.017,-1.952
-0.301,-2.04
-1.74,-2.062
-2.005,-2.135
-2.439,-2.067
-2.699,-1.87
-2.791,-1.947
-3.106,-2.215
2.51,-1.977
2.334,-1.933
2.081,-1.964
1.98,-1.834
1.563,-1.893
0.419,2.374
-0.741,2.507
-1.259,2.299
-1.553,2.158
-2.074,2.437
-2.036,2.115
2.613,2.246
2.264,2.521
1.877,2.077
0.335,1.682
-1.94,1.494
-2.272,1.49
3.088,-1.744
2.365,2.153
1.528,-2.138
1.426,-2.056
-1.063,2.03
1.241,0.972
1.181,-0.626
1.169,-0.678
1.055,-0.037
0.962,0.517
0.828,-0.955
0.804,-0.109
0.697,-0.006
0.634,-0.835
0.773,2.022
0.594,1.897
0.692,-0.963
0.629,2.013
0.616,-0.348
0.325,-0.75
0.424,-0.601
0.418,-0.207
0.29,-0.078
0.237,0.704
0.028,-1.409
0.011,-0.78
-0.002,0.135
-0.043,1.502
-0.101,-1.154
-0.164,0.649
-0.208,1.016
-0.262,1.835
-0.239,0.478
-0.162,1.644
-0.356,0.158
-0.375,-0.058
-0.493,-0.357
-0.457,-0.435
-0.496,-0.868
-0.542,1.811
-0.673,-0.073
-0.601,2.097
-0.892,-0.09
-1.136,-0.978
-1.215,-0.228
-1.197,1.338
-1.329,-0.648
-1.329,0.147
-1.491,0.806
-1.431,0.772
-1.559,-0.529
-1.439,0.779
-1.467,1.325
-1.71,-0.191
-1.621,-0.703
-1.937,2.091
-1.824,1.259
-1.89,0.537
-2.041,-1.449
-2.127,2.187
-2.107,-1.669
-2.007,-1.69
-2.158,-0.701
-2.035,-1.429
-2.119,-0.022
-2.136,1.783
-2.239,2.172
-2.397,0.768
-2.41,1.565
-2.434,1.805
-2.492,2.17
-2.496,1.744
-2.588,0.564
-2.594,0.961
-2.74,2.14
-2.605,-1.673
-2.661,-0.951
-2.795,1.66
-2.688,1.923
-2.825,2.231
-2.884,-0.191
-2.795,-1.043
-2.807,-0.417
-2.913,0.645
-3.043,-0.049
-2.91,-1.047
-3.071,1.888
-3.107,-1.424
-3.01,-0.955
3.115,1.031
-3.081,1.654
3.135,0.891
3.075,0.616
2.938,-0.251
2.807,-0.254
2.789,-1.563
2.76,2.063
2.731,0.79
2.561,1.833
2.512,-1.036
2.467,-1.655
2.432,-0.199
2.527,-0.374
2.46,1.512
2.332,0.63
2.209,-0.671
2.306,-0.8
2.094,-1.569
1.73,-0.144
1.682,-0.9
1.649,-1.621
1.604,0.576
1.588,0.754
1.603,0.842
1.568,-0.017
1.411,1.938
1.538,0.585
1.391,0.649
1.365,1.83
1.24,0.144
1.208,1.294
1.05,-2.026
0.515,-2.187
0.616,-1.848
-0.641,-2.055
-0.934,-1.836
-1.592,-2.215
-1.808,-1.871
-1.886,-2.069
-1.98,-1.923
3.104,-2.163
2.551,-1.813
1.334,-1.976
0.885,2.265
0.317,2.299
0.185,2.354
-0.145,2.352
-0.45,2.127
-1.534,2.277
-2.783,2.314
2.664,2.406
-1.816,1.092
-1.967,1.589
-2.218,-0.95
3.03,-1.465
-1.32,-0.722
-2.443,-0.786
2.94,0.955
2.922,0.925
1.86,0.399
0.706,1.636
-0.346,-1.1
3.03,1.394
2.383,0.199
1.983,-0.479
1.961,0.214
2.002,-0.67
1.881,-0.967
1.907,0.179
-0.38,-1.472
-1.538,-1.778
1.603,-1.706
1.551,-1.675
-2.309,1.995
-0.091,-0.854
-0.199,-1.057
-0.145,-1.28
-0.228,-2.904
-0.256,-3.127
-0.284,-2.484
-0.338,-0.311
-0.299,-1.341
-0.381,0.096
-0.411,-2.648
-0.44,-1.051
-0.473,-2.336
-0.429,-1.381
-0.635,-3.264
-0.576,-0.757
-0.621,-2.73
-0.687,-2.329
-0.716,-1.857
-0.748,-0.571
-0.678,-1.334
-0.714,-1.144
-0.835,-0.955
-1.003,-1.358
-0.998,-2.483
-1.092,-2.396
-1.14,-0.554
-1.175,-3.408
-1.143,-3.603
-1.171,-1.426
-1.169,-1.404
-1.386,-0.51
-1.429,-1.068
-1.382,-0.502
-1.48,-2.162
-1.492,-1.451
-1.507,-1.476
-1.481,-1.944
-1.719,-0.506
-1.71,-2.752
-1.75,-2.404
-1.834,-2.499
-1.853,-2.335
-1.936,-1.855
-1.917,-3.626
-2.151,-3.143
-2.082,-3.434
-2.096,-1.294
-2.153,-2.321
-2.111,0.016
-2.144,-0.073
-2.258,-2.191
-2.197,-2.335
-2.325,-3.129
-2.303,-1.145
-2.357,-2.276
-2.31,-0.783
-2.377,-2.54
-2.367,-1.533
-2.366,-2.013
-2.498,-2.613
-2.514,-3.022
-2.541,-1.454
-2.545,-1.231
-2.526,-0.988
-2.587,-2.4
-2.598,-3.526
-2.612,-2.365
-2.659,-2.096
-2.581,-0.132
-2.642,-2.401
-2.715,-2.413
-2.742,-1.405
-2.677,-2.266
-2.698,0.308
-2.81,-0.74
-2.805,-0.857
-2.881,-0.136
-2.853,-0.848
-2.913,-1.9
-2.864,-1.624
-2.869,0.106
-2.985,0.37
-3.011,-1.547
-3.024,-0.71
-3.064,-2.101
-3.066,-1.926
3.108,-3.271
3.098,-1.444
-3.12,-1.537
3.016,-0.915
3.042,-0.874
2.888,-2.286
2.93,-1.084
2.851,-1.066
2.866,-2.654
2.705,-2.921
2.609,0.113
2.586,-2.313
2.585,-1.185
2.479,-2.276
2.416,-1.544
2.456,-1.263
2.433,-1.063
2.329,-1.103
2.343,-2.32
2.306,-3.6
2.287,-2.616
2.268,-1.077
2.234,-3.582
2.115,-2.227
2.165,-1.394
2.143,-2.239
2.069,-2.751
1.981,-3.146
2.024,-0.932
1.979,-0.991
1.655,-1.79
1.611,-2.328
1.594,-3.131
1.584,-2.527
1.549,-1.391
1.444,-1.885
1.403,-2.637
1.481,-2.433
1.403,-2.551
1.343,-2.17
1.173,-3.496
1.13,-2.111
1.165,-3.912
0.736,-3.887
0.604,-3.689
0.521,-4.058
0.435,-3.696
0.0,-3.851
-0.318,-3.939
-1.757,-3.961
-2.022,-4.034
-2.456,-3.966
-2.716,-3.769
-2.808,-3.846
-3.123,-4.114
2.493,-3.876
2.317,-3.832
2.064,-3.863
1.963,-3.733
1.546,-3.792
0.402,0.475
-0.758,0.608
-1.276,0.4
-1.57,0.259
-2.091,0.538
-2.053,0.216
2.596,0.347
2.247,0.622
1.86,0.178
0.318,-0.217
-1.957,-0.405
-2.289,-0.409
3.071,-3.643
2.348,0.254
1.511,-4.037
1.409,-3.955
-1.08,0.131
1.224,-0.927
1.164,-2.525
1.152,-2.577
1.038,-1.936
0.945,-1.382
0.811,-2.854
0.787,-2.008
0.68,-1.905
0.617,-2.734
0.756,0.123
0.577,-0.002
0.675,-2.862
0.612,0.114
0.599,-2.247
0.308,-2.649
0.407,-2.5
0.401,-2.106
0.273,-1.977
0.22,-1.195
0.011,-3.308
-0.006,-2.679
-0.019,-1.764
-0.06,-0.397
-0.118,-3.053
-0.181,-1.25
-0.225,-0.883
-0.279,-0.064
-0.256,-1.421
-0.179,-0.255
-0.373,-1.741
-0.392,-1.957
-0.51,-2.256
-0.474,-2.334
-0.513,-2.767
-0.559,-0.088
-0.69,-1.972
-0.618,0.198
-0.909,-1.989
-1.153,-2.877
-1.232,-2.127
-1.214,-0.561
-1.346,-2.547
-1.346,-1.752
-1.508,-1.093
-1.448,-1.127
-1.576,-2.428
-1.456,-1.12
-1.484,-0.574
-1.727,-2.09
-1.638,-2.602
-1.954,0.192
-1.841,-0.64
-1.907,-1.362
-2.058,-3.348
-2.144,0.288
-2.124,-3.568
-2.024,-3.589
-2.175,-2.6
-2.052,-3.328
-2.136,-1.921
-2.153,-0.116
-2.256,0.273
-2.414,-1.131
-2.427,-0.334
-2.451,-0.094
-2.509,0.271
-2.513,-0.155
-2.605,-1.335
-2.611,-0.938
-2.757,0.241
-2.622,-3.572
-2.678,-2.85
-2.812,-0.239
-2.705,0.024
-2.842,0.332
-2.901,-2.09
-2.812,-2.942
-2.824,-2.316
-2.93,-1.254
-3.06,-1.948
-2.927,-2.946
-3.088,-0.011
-3.124,-3.323
-3.027,-2.854
3.098,-0.868
-3.098,-0.245
3.118,-1.008
3.058,-1.283
2.921,-2.15
2.79,-2.153
2.772,-3.462
2.743,0.164
2.714,-1.109
2.544,-0.066
2.495,-2.935
2.45,-3.554
2.415,-2.098
2.51,-2.273
2.443,-0.387
2.315,-1.269
2.192,-2.57
2.289,-2.699
2.077,-3.468
1.713,-2.043
1.665,-2.799
1.632,-3.52
1.587,-1.323
1.571,-1.145
1.586,-1.057
1.551,-1.916
1.394,0.039
1.521,-1.314
1.374,-1.25
1.348,-0.069
1.223,-1.755
1.191,-0.605
1.033,-3.925
0.498,-4.086
0.599,-3.747
-0.658,-3.954
-0.951,-3.735
-1.609,-4.114
-1.825,-3.77
-1.903,-3.968
-1.997,-3.822
3.087,-4.062
2.534,-3.712
1.317,-3.875
0.868,0.366
0.3,0.4
0.168,0.455
-0.162,0.453
-0.467,0.228
-1.551,0.378
-2.8,0.415
2.647,0.507
-1.833,-0.807
-1.984,-0.31
-2.235,-2.849
3.013,-3.364
-1.337,-2.621
-2.46,-2.685
2.923,-0.944
2.905,-0.974
1.843,-1.5
0.689,-0.263
-0.363,-2.999
3.013,-0.505
2.366,-1.7
1.966,-2.378
1.944,-1.685
1.985,-2.569
1.864,-2.866
1.89,-1.72
-0.397,-3.371
-1.555,-3.677
1.586,-3.605
1.534,-3.574
-2.326,0.096
-0.108,-0.203
-0.054,-0.426
-0.137,-2.05
-0.165,-2.273
-0.193,-1.63
-0.247,0.543
-0.208,-0.487
-0.29,0.95
-0.32,-1.794
-0.349,-0.197
-0.382,-1.482
-0.338,-0.527
-0.544,-2.41
-0.485,0.097
-0.53,-1.876
-0.596,-1.475
-0.625,-1.003
-0.657,0.283
-0.587,-0.48
-0.623,-0.29
-0.744,-0.101
-0.912,-0.504
-0.907,-1.629
-1.001,-1.542
-1.049,0.3
-1.084,-2.554
-1.052,-2.749
-1.08,-0.572
-1.078,-0.55
-1.295,0.344
-1.338,-0.214
-1.291,0.352
-1.389,-1.308
-1.401,-0.597
-1.416,-0.622
-1.39,-1.09
-1.628,0.348
-1.619,-1.898
-1.659,-1.55
-1.743,-1.645
-1.762,-1.481
-1.845,-1.001
-1.826,-2.772
-2.06,-2.289
-1.991,-2.58
-2.005,-0.44
-2.062,-1.467
-2.02,0.87
-2.053,0.781
-2.167,-1.337
-2.106,-1.481
-2.234,-2.275
-2.212,-0.291
-2.266,-1.422
-2.219,0.071
-2.286,-1.686
-2.276,-0.679
-2.275,-1.159
-2.407,-1.759
-2.423,-2.168
-2.45,-0.6
-2.454,-0.377
-2.435,-0.134
-2.496,-1.546
-2.507,-2.672
-2.521,-1.511
-2.568,-1.242
-2.49,0.722
-2.551,-1.547
-2.624,-1.559
-2.651,-0.551
-2.586,-1.412
-2.607,1.162
-2.719,0.114
-2.714,-0.003
-2.79,0.718
-2.762,0.006
-2.822,-1.046
-2.773,-0.77
-2.778,0.96
-2.894,1.224
-2.92,-0.693
-2.933,0.144
-2.973,-1.247
-2.975,-1.072
-3.084,-2.417
-3.094,-0.59
-3.029,-0.683
3.107,-0.061
3.133,-0.02
2.979,-1.432
3.021,-0.23
2.942,-0.212
2.957,-1.8
2.796,-2.067
2.7,0.967
2.677,-1.459
2.676,-0.331
2.57,-1.422
2.507,-0.69
2.547,-0.409
2.524,-0.209
2.42,-0.249
2.434,-1.466
2.397,-2.746
2.378,-1.762
2.359,-0.223
2.325,-2.728
2.206,-1.373
2.256,-0.54
2.234,-1.385
2.16,-1.897
2.072,-2.292
2.115,-0.078
2.07,-0.137
1.746,-0.936
1.702,-1.474
1.685,-2.277
1.675,-1.673
1.64,-0.537
1.535,-1.031
1.494,-1.783
1.572,-1.579
1.494,-1.697
1.434,-1.316
1.264,-2.642
1.221,-1.257
1.256,-3.058
0.827,-3.033
0.695,-2.835
0.612,-3.204
0.526,-2.842
0.091,-2.997
-0.227,-3.085
-1.666,-3.107
-1.931,-3.18
-2.365,-3.112
-2.625,-2.915
-2.717,-2.992
-3.032,-3.26
2.584,-3.022
2.408,-2.978
2.155,-3.009
2.054,-2.879
1.637,-2.938
0.493,1.329
-0.667,1.462
-1.185,1.254
-1.479,1.113
-2.0,1.392
-1.962,1.07
2.687,1.201
2.338,1.476
1.951,1.032
0.409,0.637
-1.866,0.449
-2.198,0.445
-3.121,-2.789
2.439,1.108
1.602,-3.183
1.5,-3.101
-0.989,0.985
1.315,-0.073
1.255,-1.671
1.243,-1.723
1.129,-1.082
1.036,-0.528
0.902,-2.0
0.878,-1.154
0.771,-1.051
0.708,-1.88
0.847,0.977
0.668,0.852
0.766,-2.008
0.703,0.968
0.69,-1.393
0.399,-1.795
0.498,-1.646
0.492,-1.252
0.364,-1.123
0.311,-0.341
0.102,-2.454
0.085,-1.825
0.072,-0.91
0.031,0.457
-0.027,-2.199
-0.09,-0.396
-0.134,-0.029
-0.188,0.79
-0.165,-0.567
-0.088,0.599
-0.282,-0.887
-0.301,-1.103
-0.419,-1.402
-0.383,-1.48
-0.422,-1.913
-0.468,0.766
-0.599,-1.118
-0.527,1.052
-0.818,-1.135
-1.062,-2.023
-1.141,-1.273
-1.123,0.293
-1.255,-1.693
-1.255,-0.898
-1.417,-0.239
-1.357,-0.273
-1.485,-1.574
-1.365,-0.266
-1.393,0.28
-1.636,-1.236
-1.547,-1.748
-1.863,1.046
-1.75,0.214
-1.816,-0.508
-1.967,-2.494
-2.053,1.142
-2.033,-2.714
-1.933,-2.735
-2.084,-1.746
-1.961,-2.474
-2.045,-1.067
-2.062,0.738
-2.165,1.127
-2.323,-0.277
-2.336,0.52
-2.36,0.76
-2.418,1.125
-2.422,0.699
-2.514,-0.481
-2.52,-0.084
-2.666,1.095
-2.531,-2.718
-2.587,-1.996
-2.721,0.615
-2.614,0.878
-2.751,1.186
-2.81,-1.236
-2.721,-2.088
-2.733,-1.462
-2.839,-0.4
-2.969,-1.094
-2.836,-2.092
-2.997,0.843
-3.033,-2.469
-2.936,-2.0
-3.094,-0.014
-3.007,0.609
-3.074,-0.154
-3.134,-0.429
3.012,-1.296
2.881,-1.299
2.863,-2.608
2.834,1.018
2.805,-0.255
2.635,0.788
2.586,-2.081
2.541,-2.7
2.506,-1.244
2.601,-1.419
2.534,0.467
2.406,-0.415
2.283,-1.716
2.38,-1.845
2.168,-2.614
1.804,-1.189
1.756,-1.945
1.723,-2.666
1.678,-0.469
1.662,-0.291
1.677,-0.203
1.642,-1.062
1.485,0.893
1.612,-0.46
1.465,-0.396
1.439,0.785
1.314,-0.901
1.282,0.249
1.124,-3.071
0.589,-3.232
0.69,-2.893
-0.567,-3.1
-0.86,-2.881
-1.518,-3.26
-1.734,-2.916
-1.812,-3.114
-1.906,-2.968
-3.105,-3.208
2.625,-2.858
1.408,-3.021
0.959,1.22
0.391,1.254
0.259,1.309
-0.071,1.307
-0.376,1.082
-1.46,1.232
-2.709,1.269
2.738,1.361
-1.742,0.047
-1.893,0.544
-2.144,-1.995
3.104,-2.51
-1.246,-1.767
-2.369,-1.831
3.014,-0.09
2.996,-0.12
1.934,-0.646
0.78,0.591
-0.272,-2.145
3.104,0.349
2.457,-0.846
2.057,-1.524
2.035,-0.831
2.076,-1.715
1.955,-2.012
1.981,-0.866
-0.306,-2.517
-1.464,-2.823
1.677,-2.751
1.625,-2.72
-2.235,0.95
0.054,-0.223
-0.029,-1.847
-0.057,-2.07
-0.085,-1.427
-0.139,0.746
-0.1,-0.284
-0.182,1.153
-0.212,-1.591
-0.241,0.006
-0.274,-1.279
-0.23,-0.324
-0.436,-2.207
-0.377,0.3
-0.422,-1.673
-0.488,-1.272
-0.517,-0.8
-0.549,0.486
-0.479,-0.277
-0.515,-0.087
-0.636,0.102
-0.804,-0.301
-0.799,-1.426
-0.893,-1.339
-0.941,0.503
-0.976,-2.351
-0.944,-2.546
-0.972,-0.369
-0.97,-0.347
-1.187,0.547
-1.23,-0.011
-1.183,0.555
-1.281,-1.105
-1.293,-0.394
-1.308,-0.419
-1.282,-0.887
-1.52,0.551
-1.511,-1.695
-1.551,-1.347
-1.635,-1.442
-1.654,-1.278
-1.737,-0.798
-1.718,-2.569
-1.952,-2.086
-1.883,-2.377
-1.897,-0.237
-1.954,-1.264
-1.912,1.073
-1.945,0.984
-2.059,-1.134
-1.998,-1.278
-2.126,-2.072
-2.104,-0.088
-2.158,-1.219
-2.111,0.274
-2.178,-1.483
-2.168,-0.476
-2.167,-0.956
-2.299,-1.556
-2.315,-1.965
-2.342,-0.397
-2.346,-0.174
-2.327,0.069
-2.388,-1.343
-2.399,-2.469
-2.413,-1.308
-2.46,-1.039
-2.382,0.925
-2.443,-1.344
-2.516,-1.356
-2.543,-0.348
-2.478,-1.209
-2.499,1.365
-2.611,0.317
-2.606,0.2
-2.682,0.921
-2.654,0.209
-2.714,-0.843
-2.665,-0.567
-2.67,1.163
-2.786,1.427
-2.812,-0.49
-2.825,0.347
-2.865,-1.044
-2.867,-0.869
-2.976,-2.214
-2.986,-0.387
-2.921,-0.48
-3.068,0.142
-3.042,0.183
3.087,-1.229
3.129,-0.027
3.05,-0.009
3.065,-1.597
2.904,-1.864
2.808,1.17
2.785,-1.256
2.784,-0.128
2.678,-1.219
2.615,-0.487
2.655,-0.206
2.632,-0.006
2.528,-0.046
2.542,-1.263
2.505,-2.543
2.486,-1.559
2.467,-0.02
2.433,-2.525
2.314,-1.17
2.364,-0.337
2.342,-1.182
2.268,-1.694
2.18,-2.089
2.223,0.125
2.178,0.066
1.854,-0.733
1.81,-1.271
1.793,-2.074
1.783,-1.47
1.748,-0.334
1.643,-0.828
1.602,-1.58
1.68,-1.376
1.602,-1.494
1.542,-1.113
1.372,-2.439
1.329,-1.054
1.364,-2.855
0.935,-2.83
0.803,-2.632
0.72,-3.001
0.634,-2.639
0.199,-2.794
-0.119,-2.882
-1.558,-2.904
-1.823,-2.977
-2.257,-2.909
-2.517,-2.712
-2.609,-2.789
-2.924,-3.057
2.692,-2.819
2.516,-2.775
2.263,-2.806
2.162,-2.676
1.745,-2.735
0.601,1.532
-0.559,1.665
-1.077,1.457
-1.371,1.316
-1.892,1.595
-1.854,1.273
2.795,1.404
2.446,1.679
2.059,1.235
0.517,0.84
-1.758,0.652
-2.09,0.648
-3.013,-2.586
2.547,1.311
1.71,-2.98
1.608,-2.898
-0.881,1.188
1.423,0.13
1.363,-1.468
1.351,-1.52
1.237,-0.879
1.144,-0.325
1.01,-1.797
0.986,-0.951
0.879,-0.848
0.816,-1.677
0.955,1.18
0.776,1.055
0.874,-1.805
0.811,1.171
0.798,-1.19
0.507,-1.592
0.606,-1.443
0.6,-1.049
0.472,-0.92
0.419,-0.138
0.21,-2.251
0.193,-1.622
0.18,-0.707
0.139,0.66
0.081,-1.996
0.018,-0.193
-0.026,0.174
-0.08,0.993
-0.057,-0.364
0.02,0.802
-0.174,-0.684
-0.193,-0.9
-0.311,-1.199
-0.275,-1.277
-0.314,-1.71
-0.36,0.969
-0.491,-0.915
-0.419,1.255
-0.71,-0.932
-0.954,-1.82
-1.033,-1.07
-1.015,0.496
-1.147,-1.49
-1.147,-0.695
-1.309,-0.036
-1.249,-0.07
-1.377,-1.371
-1.257,-0.063
-1.285,0.483
-1.528,-1.033
-1.439,-1.545
-1.755,1.249
-1.642,0.417
-1.708,-0.305
-1.859,-2.291
-1.945,1.345
-1.925,-2.511
-1.825,-2.532
-1.976,-1.543
-1.853,-2.271
-1.937,-0.864
-1.954,0.941
-2.057,1.33
-2.215,-0.074
-2.228,0.723
-2.252,0.963
-2.31,1.328
-2.314,0.902
-2.406,-0.278
-2.412,0.119
-2.558,1.298
-2.423,-2.515
-2.479,-1.793
-2.613,0.818
-2.506,1.081
-2.643,1.389
-2.702,-1.033
-2.613,-1.885
-2.625,-1.259
-2.731,-0.197
-2.861,-0.891
-2.728,-1.889
-2.889,1.046
-2.925,-2.266
-2.828,-1.797
-2.986,0.189
-2.899,0.812
-2.966,0.049
-3.026,-0.226
3.12,-1.093
2.989,-1.096
2.971,-2.405
2.942,1.221
2.913,-0.052
2.743,0.991
2.694,-1.878
2.649,-2.497
2.614,-1.041
2.709,-1.216
2.642,0.67
2.514,-0.212
2.391,-1.513
2.488,-1.642
2.276,-2.411
1.912,-0.986
1.864,-1.742
1.831,-2.463
1.786,-0.266
1.77,-0.088
1.785,0.0
1.75,-0.859
1.593,1.096
1.72,-0.257
1.573,-0.193
1.547,0.988
1.422,-0.698
1.39,0.452
1.232,-2.868
0.697,-3.029
0.798,-2.69
-0.459,-2.897
-0.752,-2.678
-1.41,-3.057
-1.626,-2.713
-1.704,-2.911
-1.798,-2.765
-2.997,-3.005
2.733,-2.655
1.516,-2.818
1.067,1.423
0.499,1.457
0.367,1.512
0.037,1.51
-0.268,1.285
-1.352,1.435
-2.601,1.472
2.846,1.564
-1.634,0.25
-1.785,0.747
-2.036,-1.792
-3.071,-2.307
-1.138,-1.564
-2.261,-1.628
3.122,0.113
3.104,0.083
2.042,-0.443
0.888,0.794
-0.164,-1.942
-3.071,0.552
2.565,-0.643
2.165,-1.321
2.143,-0.628
2.184,-1.512
2.063,-1.809
2.089,-0.663
-0.198,-2.314
-1.356,-2.62
1.785,-2.548
1.733,-2.517
-2.127,1.153
-0.083,-1.624
-0.111,-1.847
-0.139,-1.204
-0.193,0.969
-0.154,-0.061
-0.236,1.376
-0.266,-1.368
-0.295,0.229
-0.328,-1.056
-0.284,-0.101
-0.49,-1.984
-0.431,0.523
-0.476,-1.45
-0.542,-1.049
-0.571,-0.577
-0.603,0.709
-0.533,-0.054
-0.569,0.136
-0.69,0.325
-0.858,-0.078
-0.853,-1.203
-0.947,-1.116
-0.995,0.726
-1.03,-2.128
-0.998,-2.323
-1.026,-0.146
-1.024,-0.124
-1.241,0.77
-1.284,0.212
-1.237,0.778
-1.335,-0.882
-1.347,-0.171
-1.362,-0.196
-1.336,-0.664
-1.574,0.774
-1.565,-1.472
-1.605,-1.124
-1.689,-1.219
-1.708,-1.055
-1.791,-0.575
-1.772,-2.346
-2.006,-1.863
-1.937,-2.154
-1.951,-0.014
-2.008,-1.041
-1.966,1.296
-1.999,1.207
-2.113,-0.911
-2.052,-1.055
-2.18,-1.849
-2.158,0.135
-2.212,-0.996
-2.165,0.497
-2.232,-1.26
-2.222,-0.253
-2.221,-0.733
-2.353,-1.333
-2.369,-1.742
-2.396,-0.174
-2.4,0.049
-2.381,0.292
-2.442,-1.12
-2.453,-2.246
-2.467,-1.085
-2.514,-0.816
-2.436,1.148
-2.497,-1.121
-2.57,-1.133
-2.597,-0.125
-2.532,-0.986
-2.553,1.588
-2.665,0.54
-2.66,0.423
-2.736,1.144
-2.708,0.432
-2.768,-0.62
-2.719,-0.344
-2.724,1.386
-2.84,1.65
-2.866,-0.267
-2.879,0.57
-2.919,-0.821
-2.921,-0.646
-3.03,-1.991
-3.04,-0.164
-2.975,-0.257
-3.122,0.365
-3.096,0.406
3.033,-1.006
3.075,0.196
2.996,0.214
3.011,-1.374
2.85,-1.641
2.754,1.393
2.731,-1.033
2.73,0.095
2.624,-0.996
2.561,-0.264
2.601,0.017
2.578,0.217
2.474,0.177
2.488,-1.04
2.451,-2.32
2.432,-1.336
2.413,0.203
2.379,-2.302
2.26,-0.947
2.31,-0.114
2.288,-0.959
2.214,-1.471
2.126,-1.866
2.169,0.348
2.124,0.289
1.8,-0.51
1.756,-1.048
1.739,-1.851
1.729,-1.247
1.694,-0.111
1.589,-0.605
1.548,-1.357
1.626,-1.153
1.548,-1.271
1.488,-0.89
1.318,-2.216
1.275,-0.831
1.31,-2.632
0.881,-2.607
0.749,-2.409
0.666,-2.778
0.58,-2.416
0.145,-2.571
-0.173,-2.659
-1.612,-2.681
-1.877,-2.754
-2.311,-2.686
-2.571,-2.489
-2.663,-2.566
-2.978,-2.834
2.638,-2.596
2.462,-2.552
2.209,-2.583
2.108,-2.453
1.691,-2.512
0.547,1.755
-0.613,1.888
-1.131,1.68
-1.425,1.539
-1.946,1.818
-1.908,1.496
2.741,1.627
2.392,1.902
2.005,1.458
0.463,1.063
-1.812,0.875
-2.144,0.871
-3.067,-2.363
2.493,1.534
1.656,-2.757
1.554,-2.675
-0.935,1.411
1.369,0.353
1.309,-1.245
1.297,-1.297
1.183,-0.656
1.09,-0.102
0.956,-1.574
0.932,-0.728
0.825,-0.625
0.762,-1.454
0.901,1.403
0.722,1.278
0.82,-1.582
0.757,1.394
0.744,-0.967
0.453,-1.369
0.552,-1.22
0.546,-0.826
0.418,-0.697
0.365,0.085
0.156,-2.028
0.139,-1.399
0.126,-0.484
0.085,0.883
0.027,-1.773
-0.036,0.03
-0.08,0.397
-0.134,1.216
-0.111,-0.141
-0.034,1.025
-0.228,-0.461
-0.247,-0.677
-0.365,-0.976
-0.329,-1.054
-0.368,-1.487
-0.414,1.192
-0.545,-0.692
-0.473,1.478
-0.764,-0.709
-1.008,-1.597
-1.087,-0.847
-1.069,0.719
-1.201,-1.267
-1.201,-0.472
-1.363,0.187
-1.303,0.153
-1.431,-1.148
-1.311,0.16
-1.339,0.706
-1.582,-0.81
-1.493,-1.322
-1.809,1.472
-1.696,0.64
-1.762,-0.082
-1.913,-2.068
-1.999,1.568
-1.979,-2.288
-1.879,-2.309
-2.03,-1.32
-1.907,-2.048
-1.991,-0.641
-2.008,1.164
-2.111,1.553
-2.269,0.149
-2.282,0.946
-2.306,1.186
-2.364,1.551
-2.368,1.125
-2.46,-0.055
-2.466,0.342
-2.612,1.521
-2.477,-2.292
-2.533,-1.57
-2.667,1.041
-2.56,1.304
-2.697,1.612
-2.756,-0.81
-2.667,-1.662
-2.679,-1.036
-2.785,0.026
-2.915,-0.668
-2.782,-1.666
-2.943,1.269
-2.979,-2.043
-2.882,-1.574
-3.04,0.412
-2.953,1.035
-3.02,0.272
-3.08,-0.003
3.066,-0.87
2.935,-0.873
2.917,-2.182
2.888,1.444
2.859,0.171
2.689,1.214
2.64,-1.655
2.595,-2.274
2.56,-0.818
2.655,-0.993
2.588,0.893
2.46,0.011
2.337,-1.29
2.434,-1.419
2.222,-2.188
1.858,-0.763
1.81,-1.519
1.777,-2.24
1.732,-0.043
1.716,0.135
1.731,0.223
1.696,-0.636
1.539,1.319
1.666,-0.034
1.519,0.03
1.493,1.211
1.368,-0.475
1.336,0.675
1.178,-2.645
0.643,-2.806
0.744,-2.467
-0.513,-2.674
-0.806,-2.455
-1.464,-2.834
-1.68,-2.49
-1.758,-2.688
-1.852,-2.542
-3.051,-2.782
2.679,-2.432
1.462,-2.595
1.013,1.646
0.445,1.68
0.313,1.735
-0.017,1.733
-0.322,1.508
-1.406,1.658
-2.655,1.695
2.792,1.787
-1.688,0.473
-1.839,0.97
-2.09,-1.569
-3.125,-2.084
-1.192,-1.341
-2.315,-1.405
3.068,0.336
3.05,0.306
1.988,-0.22
0.834,1.017
-0.218,-1.719
-3.125,0.775
2.511,-0.42
2.111,-1.098
2.089,-0.405
2.13,-1.289
2.009,-1.586
2.035,-0.44
-0.252,-2.091
-1.41,-2.397
1.731,-2.325
1.679,-2.294
-2.181,1.376
-0.028,-0.223
-0.056,0.42
-0.11,2.593
-0.071,1.563
-0.153,3.0
-0.183,0.256
-0.212,1.853
-0.245,0.568
-0.201,1.523
-0.407,-0.36
-0.348,2.147
-0.393,0.174
-0.459,0.575
-0.488,1.047
-0.52,2.333
-0.45,1.57
-0.486,1.76
-0.607,1.949
-0.775,1.546
-0.77,0.421
-0.864,0.508
-0.912,2.35
-0.947,-0.504
-0.915,-0.699
-0.943,1.478
-0.941,1.5
-1.158,2.394
-1.201,1.836
-1.154,2.402
-1.252,0.742
-1.264,1.453
-1.279,1.428
-1.253,0.96
-1.491,2.398
-1.482,0.152
-1.522,0.5
-1.606,0.405
-1.625,0.569
-1.708,1.049
-1.689,-0.722
-1.923,-0.239
-1.854,-0.53
-1.868,1.61
-1.925,0.583
-1.883,2.92
-1.916,2.831
-2.03,0.713
-1.969,0.569
-2.097,-0.225
-2.075,1.759
-2.129,0.628
-2.082,2.121
-2.149,0.364
-2.139,1.371
-2.138,0.891
-2.27,0.291
-2.286,-0.118
-2.313,1.45
-2.317,1.673
-2.298,1.916
-2.359,0.504
-2.37,-0.622
-2.384,0.539
-2.431,0.808
-2.353,2.772
-2.414,0.503
-2.487,0.491
-2.514,1.499
-2.449,0.638
-2.47,3.212
-2.582,2.164
-2.577,2.047
-2.653,2.768
-2.625,2.056
-2.685,1.004
-2.636,1.28
-2.641,3.01
-2.757,3.274
-2.783,1.357
-2.796,2.194
-2.836,0.803
-2.838,0.978
-2.947,-0.367
-2.957,1.46
-2.892,1.367
-3.039,1.989
-3.013,2.03
3.116,0.618
-3.125,1.82
3.079,1.838
3.094,0.25
2.933,-0.017
2.837,3.017
2.814,0.591
2.813,1.719
2.707,0.628
2.644,1.36
2.684,1.641
2.661,1.841
2.557,1.801
2.571,0.584
2.534,-0.696
2.515,0.288
2.496,1.827
2.462,-0.678
2.343,0.677
2.393,1.51
2.371,0.665
2.297,0.153
2.209,-0.242
2.252,1.972
2.207,1.913
1.883,1.114
1.839,0.576
1.822,-0.227
1.812,0.377
1.777,1.513
1.672,1.019
1.631,0.267
1.709,0.471
1.631,0.353
1.571,0.734
1.401,-0.592
1.358,0.793
1.393,-1.008
0.964,-0.983
0.832,-0.785
0.749,-1.154
0.663,-0.792
0.228,-0.947
-0.09,-1.035
-1.529,-1.057
-1.794,-1.13
-2.228,-1.062
-2.488,-0.865
-2.58,-0.942
-2.895,-1.21
2.721,-0.972
2.545,-0.928
2.292,-0.959
2.191,-0.829
1.774,-0.888
0.63,3.379
-0.53,3.512
-1.048,3.304
-1.342,3.163
-1.863,3.442
-1.825,3.12
2.824,3.251
2.475,3.526
2.088,3.082
0.546,2.687
-1.729,2.499
-2.061,2.495
-2.984,-0.739
2.576,3.158
1.739,-1.133
1.637,-1.051
-0.852,3.035
1.452,1.977
1.392,0.379
1.38,0.327
1.266,0.968
1.173,1.522
1.039,0.05
1.015,0.896
0.908,0.999
0.845,0.17
0.984,3.027
0.805,2.902
0.903,0.042
0.84,3.018
0.827,0.657
0.536,0.255
0.635,0.404
0.629,0.798
0.501,0.927
0.448,1.709
0.239,-0.404
0.222,0.225
0.209,1.14
0.168,2.507
0.11,-0.149
0.047,1.654
0.003,2.021
-0.051,2.84
-0.028,1.483
0.049,2.649
-0.145,1.163
-0.164,0.947
-0.282,0.648
-0.246,0.57
-0.285,0.137
-0.331,2.816
-0.462,0.932
-0.39,3.102
-0.681,0.915
-0.925,0.027
-1.004,0.777
-0.986,2.343
-1.118,0.357
-1.118,1.152
-1.28,1.811
-1.22,1.777
-1.348,0.476
-1.228,1.784
-1.256,2.33
-1.499,0.814
-1.41,0.302
-1.726,3.096
-1.613,2.264
-1.679,1.542
-1.83,-0.444
-1.916,3.192
-1.896,-0.664
-1.796,-0.685
-1.947,0.304
-1.824,-0.424
-1.908,0.983
-1.925,2.788
-2.028,3.177
-2.186,1.773
-2.199,2.57
-2.223,2.81
-2.281,3.175
-2.285,2.749
-2.377,1.569
-2.383,1.966
-2.529,3.145
-2.394,-0.668
-2.45,0.054
-2.584,2.665
-2.477,2.928
-2.614,3.236
-2.673,0.814
-2.584,-0.038
-2.596,0.588
-2.702,1.65
-2.832,0.956
-2.699,-0.042
-2.86,2.893
-2.896,-0.419
-2.799,0.05
-2.957,2.036
-2.87,2.659
-2.937,1.896
-2.997,1.621
-3.134,0.754
3.018,0.751
3.0,-0.558
2.971,3.068
2.942,1.795
2.772,2.838
2.723,-0.031
2.678,-0.65
2.643,0.806
2.738,0.631
2.671,2.517
2.543,1.635
2.42,0.334
2.517,0.205
2.305,-0.564
1.941,0.861
1.893,0.105
1.86,-0.616
1.815,1.581
1.799,1.759
1.814,1.847
1.779,0.988
1.622,2.943
1.749,1.59
1.602,1.654
1.576,2.835
1.451,1.149
1.419,2.299
1.261,-1.021
0.726,-1.182
0.827,-0.843
-0.43,-1.05
-0.723,-0.831
-1.381,-1.21
-1.597,-0.866
-1.675,-1.064
-1.769,-0.918
-2.968,-1.158
2.762,-0.808
1.545,-0.971
1.096,3.27
0.528,3.304
0.396,3.359
0.066,3.357
-0.239,3.132
-1.323,3.282
-2.572,3.319
2.875,3.411
-1.605,2.097
-1.756,2.594
-2.007,0.055
-3.042,-0.46
-1.109,0.283
-2.232,0.219
-3.132,1.96
3.133,1.93
2.071,1.404
0.917,2.641
-0.135,-0.095
-3.042,2.399
2.594,1.204
2.194,0.526
2.172,1.219
2.213,0.335
2.092,0.038
2.118,1.184
-0.169,-0.467
-1.327,-0.773
1.814,-0.701
1.762,-0.67
-2.098,3.0
-0.028,0.643
-0.082,2.816
-0.043,1.786
-0.125,3.223
-0.155,0.479
-0.184,2.076
-0.217,0.791
-0.173,1.746
-0.379,-0.137
-0.32,2.37
-0.365,0.397
-0.431,0.798
-0.46,1.27
-0.492,2.556
-0.422,1.793
-0.458,1.983
-0.579,2.172
-0.747,1.769
-0.742,0.644
-0.836,0.731
-0.884,2.573
-0.919,-0.281
-0.887,-0.476
-0.915,1.701
-0.913,1.723
-1.13,2.617
-1.173,2.059
-1.126,2.625
-1.224,0.965
-1.236,1.676
-1.251,1.651
-1.225,1.183
-1.463,2.621
-1.454,0.375
-1.494,0.723
-1.578,0.628
-1.597,0.792
-1.68,1.272
-1.661,-0.499
-1.895,-0.016
-1.826,-0.307
-1.84,1.833
-1.897,0.806
-1.855,3.143
-1.888,3.054
-2.002,0.936
-1.941,0.792
-2.069,-0.002
-2.047,1.982
-2.101,0.851
-2.054,2.344
-2.121,0.587
-2.111,1.594
-2.11,1.114
-2.242,0.514
-2.258,0.105
-2.285,1.673
-2.289,1.896
-2.27,2.139
-2.331,0.727
-2.342,-0.399
-2.356,0.762
-2.403,1.031
-2.325,2.995
-2.386,0.726
-2.459,0.714
-2.486,1.722
-2.421,0.861
-2.442,3.435
-2.554,2.387
-2.549,2.27
-2.625,2.991
-2.597,2.279
-2.657,1.227
-2.608,1.503
-2.613,3.233
-2.729,3.497
-2.755,1.58
-2.768,2.417
-2.808,1.026
-2.81,1.201
-2.919,-0.144
-2.929,1.683
-2.864,1.59
-3.011,2.212
-2.985,2.253
-3.139,0.841
-3.097,2.043
3.107,2.061
3.122,0.473
2.961,0.206
2.865,3.24
2.842,0.814
2.841,1.942
2.735,0.851
2.672,1.583
2.712,1.864
2.689,2.064
2.585,2.024
2.599,0.807
2.562,-0.473
2.543,0.511
2.524,2.05
2.49,-0.455
2.371,0.9
2.421,1.733
2.399,0.888
2.325,0.376
2.237,-0.019
2.28,2.195
2.235,2.136
1.911,1.337
1.867,0.799
1.85,-0.004
1.84,0.6
1.805,1.736
1.7,1.242
1.659,0.49
1.737,0.694
1.659,0.576
1.599,0.957
1.429,-0.369
1.386,1.016
1.421,-0.785
0.992,-0.76
0.86,-0.562
0.777,-0.931
0.691,-0.569
0.256,-0.724
-0.062,-0.812
-1.501,-0.834
-1.766,-0.907
-2.2,-0.839
-2.46,-0.642
-2.552,-0.719
-2.867,-0.987
2.749,-0.749
2.573,-0.705
2.32,-0.736
2.219,-0.606
1.802,-0.665
0.658,3.602
-0.502,3.735
-1.02,3.527
-1.314,3.386
-1.835,3.665
-1.797,3.343
2.852,3.474
2.503,3.749
2.116,3.305
0.574,2.91
-1.701,2.722
-2.033,2.718
-2.956,-0.516
2.604,3.381
1.767,-0.91
1.665,-0.828
-0.824,3.258
1.48,2.2
1.42,0.602
1.408,0.55
1.294,1.191
1.201,1.745
1.067,0.273
1.043,1.119
0.936,1.222
0.873,0.393
1.012,3.25
0.833,3.125
0.931,0.265
0.868,3.241
0.855,0.88
0.564,0.478
0.663,0.627
0.657,1.021
0.529,1.15
0.476,1.932
0.267,-0.181
0.25,0.448
0.237,1.363
0.196,2.73
0.138,0.074
0.075,1.877
0.031,2.244
-0.023,3.063
0.0,1.706
0.077,2.872
-0.117,1.386
-0.136,1.17
-0.254,0.871
-0.218,0.793
-0.257,0.36
-0.303,3.039
-0.434,1.155
-0.362,3.325
-0.653,1.138
-0.897,0.25
-0.976,1.0
-0.958,2.566
-1.09,0.58
-1.09,1.375
-1.252,2.034
-1.192,2.0
-1.32,0.699
-1.2,2.007
-1.228,2.553
-1.471,1.037
-1.382,0.525
-1.698,3.319
-1.585,2.487
-1.651,1.765
-1.802,-0.221
-1.888,3.415
-1.868,-0.441
-1.768,-0.462
-1.919,0.527
-1.796,-0.201
-1.88,1.206
-1.897,3.011
-2.0,3.4
-2.158,1.996
-2.171,2.793
-2.195,3.033
-2.253,3.398
-2.257,2.972
-2.349,1.792
-2.355,2.189
-2.501,3.368
-2.366,-0.445
-2.422,0.277
-2.556,2.888
-2.449,3.151
-2.586,3.459
-2.645,1.037
-2.556,0.185
-2.568,0.811
-2.674,1.873
-2.804,1.179
-2.671,0.181
-2.832,3.116
-2.868,-0.196
-2.771,0.273
-2.929,2.259
-2.842,2.882
-2.909,2.119
-2.969,1.844
-3.106,0.977
3.046,0.974
3.028,-0.335
2.999,3.291
2.97,2.018
2.8,3.061
2.751,0.192
2.706,-0.427
2.671,1.029
2.766,0.854
2.699,2.74
2.571,1.858
2.448,0.557
2.545,0.428
2.333,-0.341
1.969,1.084
1.921,0.328
1.888,-0.393
1.843,1.804
1.827,1.982
1.842,2.07
1.807,1.211
1.65,3.166
1.777,1.813
1.63,1.877
1.604,3.058
1.479,1.372
1.447,2.522
1.289,-0.798
0.754,-0.959
0.855,-0.62
-0.402,-0.827
-0.695,-0.608
-1.353,-0.987
-1.569,-0.643
-1.647,-0.841
-1.741,-0.695
-2.94,-0.935
2.79,-0.585
1.573,-0.748
1.124,3.493
0.556,3.527
0.424,3.582
0.094,3.58
-0.211,3.355
-1.295,3.505
-2.544,3.542
2.903,3.634
-1.577,2.32
-1.728,2.817
-1.979,0.278
-3.014,-0.237
-1.081,0.506
-2.204,0.442
-3.104,2.183
-3.122,2.153
2.099,1.627
0.945,2.864
-0.107,0.128
-3.014,2.622
2.622,1.427
2.222,0.749
2.2,1.442
2.241,0.558
2.12,0.261
2.146,1.407
-0.141,-0.244
-1.299,-0.55
1.842,-0.478
1.79,-0.447
-2.07,3.223
-0.054,2.173
-0.015,1.143
-0.097,2.58
-0.127,-0.164
-0.156,1.433
-0.189,0.148
-0.145,1.103
-0.351,-0.78
-0.292,1.727
-0.337,-0.246
-0.403,0.155
-0.432,0.627
-0.464,1.913
-0.394,1.15
-0.43,1.34
-0.551,1.529
-0.719,1.126
-0.714,0.001
-0.808,0.088
-0.856,1.93
-0.891,-0.924
-0.859,-1.119
-0.887,1.058
-0.885,1.08
-1.102,1.974
-1.145,1.416
-1.098,1.982
-1.196,0.322
-1.208,1.033
-1.223,1.008
-1.197,0.54
-1.435,1.978
-1.426,-0.268
-1.466,0.08
-1.55,-0.015
-1.569,0.149
-1.652,0.629
-1.633,-1.142
-1.867,-0.659
-1.798,-0.95
-1.812,1.19
-1.869,0.163
-1.827,2.5
-1.86,2.411
-1.974,0.293
-1.913,0.149
-2.041,-0.645
-2.019,1.339
-2.073,0.208
-2.026,1.701
-2.093,-0.056
-2.083,0.951
-2.082,0.471
-2.214,-0.129
-2.23,-0.538
-2.257,1.03
-2.261,1.253
-2.242,1.496
-2.303,0.084
-2.314,-1.042
-2.328,0.119
-2.375,0.388
-2.297,2.352
-2.358,0.083
-2.431,0.071
-2.458,1.079
-2.393,0.218
-2.414,2.792
-2.526,1.744
-2.521,1.627
-2.597,2.348
-2.569,1.636
-2.629,0.584
-2.58,0.86
-2.585,2.59
-2.701,2.854
-2.727,0.937
-2.74,1.774
-2.78,0.383
-2.782,0.558
-2.891,-0.787
-2.901,1.04
-2.836,0.947
-2.983,1.569
-2.957,1.61
-3.111,0.198
-3.069,1.4
3.135,1.418
-3.133,-0.17
2.989,-0.437
2.893,2.597
2.87,0.171
2.869,1.299
2.763,0.208
2.7,0.94
2.74,1.221
2.717,1.421
2.613,1.381
2.627,0.164
2.59,-1.116
2.571,-0.132
2.552,1.407
2.518,-1.098
2.399,0.257
2.449,1.09
2.427,0.245
2.353,-0.267
2.265,-0.662
2.308,1.552
2.263,1.493
1.939,0.694
1.895,0.156
1.878,-0.647
1.868,-0.043
1.833,1.093
1.728,0.599
1.687,-0.153
1.765,0.051
1.687,-0.067
1.627,0.314
1.457,-1.012
1.414,0.373
1.449,-1.428
1.02,-1.403
0.888,-1.205
0.805,-1.574
0.719,-1.212
0.284,-1.367
-0.034,-1.455
-1.473,-1.477
-1.738,-1.55
-2.172,-1.482
-2.432,-1.285
-2.524,-1.362
-2.839,-1.63
2.777,-1.392
2.601,-1.348
2.348,-1.379
2.247,-1.249
1.83,-1.308
0.686,2.959
-0.474,3.092
-0.992,2.884
-1.286,2.743
-1.807,3.022
-1.769,2.7
2.88,2.831
2.531,3.106
2.144,2.662
0.602,2.267
-1.673,2.079
-2.005,2.075
-2.928,-1.159
2.632,2.738
1.795,-1.553
1.693,-1.471
-0.796,2.615
1.508,1.557
1.448,-0.041
1.436,-0.093
1.322,0.548
1.229,1.102
1.095,-0.37
1.071,0.476
0.964,0.579
0.901,-0.25
1.04,2.607
0.861,2.482
0.959,-0.378
0.896,2.598
0.883,0.237
0.592,-0.165
0.691,-0.016
0.685,0.378
0.557,0.507
0.504,1.289
0.295,-0.824
0.278,-0.195
0.265,0.72
0.224,2.087
0.166,-0.569
0.103,1.234
0.059,1.601
0.005,2.42
0.028,1.063
0.105,2.229
-0.089,0.743
-0.108,0.527
-0.226,0.228
-0.19,0.15
-0.229,-0.283
-0.275,2.396
-0.406,0.512
-0.334,2.682
-0.625,0.495
-0.869,-0.393
-0.948,0.357
-0.93,1.923
-1.062,-0.063
-1.062,0.732
-1.224,1.391
-1.164,1.357
-1.292,0.056
-1.172,1.364
-1.2,1.91
-1.443,0.394
-1.354,-0.118
-1.67,2.676
-1.557,1.844
-1.623,1.122
-1.774,-0.864
-1.86,2.772
-1.84,-1.084
-1.74,-1.105
-1.891,-0.116
-1.768,-0.844
-1.852,0.563
-1.869,2.368
-1.972,2.757
-2.13,1.353
-2.143,2.15
-2.167,2.39
-2.225,2.755
-2.229,2.329
-2.321,1.149
-2.327,1.546
-2.473,2.725
-2.338,-1.088
-2.394,-0.366
-2.528,2.245
-2.421,2.508
-2.558,2.816
-2.617,0.394
-2.528,-0.458
-2.54,0.168
-2.646,1.23
-2.776,0.536
-2.643,-0.462
-2.804,2.473
-2.84,-0.839
-2.743,-0.37
-2.901,1.616
-2.814,2.239
-2.881,1.476
-2.941,1.201
-3.078,0.334
3.074,0.331
3.056,-0.978
3.027,2.648
2.998,1.375
2.828,2.418
2.779,-0.451
2.734,-1.07
2.699,0.386
2.794,0.211
2.727,2.097
2.599,1.215
2.476,-0.086
2.573,-0.215
2.361,-0.984
1.997,0.441
1.949,-0.315
1.916,-1.036
1.871,1.161
1.855,1.339
1.87,1.427
1.835,0.568
1.678,2.523
1.805,1.17
1.658,1.234
1.632,2.415
1.507,0.729
1.475,1.879
1.317,-1.441
0.782,-1.602
0.883,-1.263
-0.374,-1.47
-0.667,-1.251
-1.325,-1.63
-1.541,-1.286
-1.619,-1.484
-1.713,-1.338
-2.912,-1.578
2.818,-1.228
1.601,-1.391
1.152,2.85
0.584,2.884
0.452,2.939
0.122,2.937
-0.183,2.712
-1.267,2.862
-2.516,2.899
2.931,2.991
-1.549,1.677
-1.7,2.174
-1.951,-0.365
-2.986,-0.88
-1.053,-0.137
-2.176,-0.201
-3.076,1.54
-3.094,1.51
2.127,0.984
0.973,2.221
-0.079,-0.515
-2.986,1.979
2.65,0.784
2.25,0.106
2.228,0.799
2.269,-0.085
2.148,-0.382
2.174,0.764
-0.113,-0.887
-1.271,-1.193
1.87,-1.121
1.818,-1.09
-2.042,2.58
0.039,-1.03
-0.043,0.407
-0.073,-2.337
-0.102,-0.74
-0.135,-2.025
-0.091,-1.07
-0.297,-2.953
-0.238,-0.446
-0.283,-2.419
-0.349,-2.018
-0.378,-1.546
-0.41,-0.26
-0.34,-1.023
-0.376,-0.833
-0.497,-0.644
-0.665,-1.047
-0.66,-2.172
-0.754,-2.085
-0.802,-0.243
-0.837,-3.097
-0.805,-3.292
-0.833,-1.115
-0.831,-1.093
-1.048,-0.199
-1.091,-0.757
-1.044,-0.191
-1.142,-1.851
-1.154,-1.14
-1.169,-1.165
-1.143,-1.633
-1.381,-0.195
-1.372,-2.441
-1.412,-2.093
-1.496,-2.188
-1.515,-2.024
-1.598,-1.544
-1.579,-3.315
-1.813,-2.832
-1.744,-3.123
-1.758,-0.983
-1.815,-2.01
-1.773,0.327
-1.806,0.238
-1.92,-1.88
-1.859,-2.024
-1.987,-2.818
-1.965,-0.834
-2.019,-1.965
-1.972,-0.472
-2.039,-2.229
-2.029,-1.222
-2.028,-1.702
-2.16,-2.302
-2.176,-2.711
-2.203,-1.143
-2.207,-0.92
-2.188,-0.677
-2.249,-2.089
-2.26,-3.215
-2.274,-2.054
-2.321,-1.785
-2.243,0.179
-2.304,-2.09
-2.377,-2.102
-2.404,-1.094
-2.339,-1.955
-2.36,0.619
-2.472,-0.429
-2.467,-0.546
-2.543,0.175
-2.515,-0.537
-2.575,-1.589
-2.526,-1.313
-2.531,0.417
-2.647,0.681
-2.673,-1.236
-2.686,-0.399
-2.726,-1.79
-2.728,-1.615
-2.837,-2.96
-2.847,-1.133
-2.782,-1.226
-2.929,-0.604
-2.903,-0.563
-3.057,-1.975
-3.015,-0.773
-3.094,-0.755
-3.079,-2.343
3.043,-2.61
2.947,0.424
2.924,-2.002
2.923,-0.874
2.817,-1.965
2.754,-1.233
2.794,-0.952
2.771,-0.752
2.667,-0.792
2.681,-2.009
2.644,-3.289
2.625,-2.305
2.606,-0.766
2.572,-3.271
2.453,-1.916
2.503,-1.083
2.481,-1.928
2.407,-2.44
2.319,-2.835
2.362,-0.621
2.317,-0.68
1.993,-1.479
1.949,-2.017
1.932,-2.82
1.922,-2.216
1.887,-1.08
1.782,-1.574
1.741,-2.326
1.819,-2.122
1.741,-2.24
1.681,-1.859
1.511,-3.185
1.468,-1.8
1.503,-3.601
1.074,-3.576
0.942,-3.378
0.859,-3.747
0.773,-3.385
0.338,-3.54
0.02,-3.628
-1.419,-3.65
-1.684,-3.723
-2.118,-3.655
-2.378,-3.458
-2.47,-3.535
-2.785,-3.803
2.831,-3.565
2.655,-3.521
2.402,-3.552
2.301,-3.422
1.884,-3.481
0.74,0.786
-0.42,0.919
-0.938,0.711
-1.232,0.57
-1.753,0.849
-1.715,0.527
2.934,0.658
2.585,0.933
2.198,0.489
0.656,0.094
-1.619,-0.094
-1.951,-0.098
-2.874,-3.332
2.686,0.565
1.849,-3.726
1.747,-3.644
-0.742,0.442
1.562,-0.616
1.502,-2.214
1.49,-2.266
1.376,-1.625
1.283,-1.071
1.149,-2.543
1.125,-1.697
1.018,-1.594
0.955,-2.423
1.094,0.434
0.915,0.309
1.013,-2.551
0.95,0.425
0.937,-1.936
0.646,-2.338
0.745,-2.189
0.739,-1.795
0.611,-1.666
0.558,-0.884
0.349,-2.997
0.332,-2.368
0.319,-1.453
0.278,-0.086
0.22,-2.742
0.157,-0.939
0.113,-0.572
0.059,0.247
0.082,-1.11
0.159,0.056
-0.035,-1.43
-0.054,-1.646
-0.172,-1.945
-0.136,-2.023
-0.175,-2.456
-0.221,0.223
-0.352,-1.661
-0.28,0.509
-0.571,-1.678
-0.815,-2.566
-0.894,-1.816
-0.876,-0.25
-1.008,-2.236
-1.008,-1.441
-1.17,-0.782
-1.11,-0.816
-1.238,-2.117
-1.118,-0.809
-1.146,-0.263
-1.389,-1.779
-1.3,-2.291
-1.616,0.503
-1.503,-0.329
-1.569,-1.051
-1.72,-3.037
-1.806,0.599
-1.786,-3.257
-1.686,-3.278
-1.837,-2.289
-1.714,-3.017
-1.798,-1.61
-1.815,0.195
-1.918,0.584
-2.076,-0.82
-2.089,-0.023
-2.113,0.217
-2.171,0.582
-2.175,0.156
-2.267,-1.024
-2.273,-0.627
-2.419,0.552
-2.284,-3.261
-2.34,-2.539
-2.474,0.072
-2.367,0.335
-2.504,0.643
-2.563,-1.779
-2.474,-2.631
-2.486,-2.005
-2.592,-0.943
-2.722,-1.637
-2.589,-2.635
-2.75,0.3
-2.786,-3.012
-2.689,-2.543
-2.847,-0.557
-2.76,0.066
-2.827,-0.697
-2.887,-0.972
-3.024,-1.839
3.128,-1.842
3.11,-3.151
3.081,0.475
3.052,-0.798
2.882,0.245
2.833,-2.624
2.788,-3.243
2.753,-1.787
2.848,-1.962
2.781,-0.076
2.653,-0.958
2.53,-2.259
2.627,-2.388
2.415,-3.157
2.051,-1.732
2.003,-2.488
1.97,-3.209
1.925,-1.012
1.909,-0.834
1.924,-0.746
1.889,-1.605
1.732,0.35
1.859,-1.003
1.712,-0.939
1.686,0.242
1.561,-1.444
1.529,-0.294
1.371,-3.614
0.836,-3.775
0.937,-3.436
-0.32,-3.643
-0.613,-3.424
-1.271,-3.803
-1.487,-3.459
-1.565,-3.657
-1.659,-3.511
-2.858,-3.751
2.872,-3.401
1.655,-3.564
1.206,0.677
0.638,0.711
0.506,0.766
0.176,0.764
-0.129,0.539
-1.213,0.689
-2.462,0.726
2.985,0.818
-1.495,-0.496
-1.646,0.001
-1.897,-2.538
-2.932,-3.053
-0.999,-2.31
-2.122,-2.374
-3.022,-0.633
-3.04,-0.663
2.181,-1.189
1.027,0.048
-0.025,-2.688
-2.932,-0.194
2.704,-1.389
2.304,-2.067
2.282,-1.374
2.323,-2.258
2.202,-2.555
2.228,-1.409
-0.059,-3.06
-1.217,-3.366
1.924,-3.294
1.872,-3.263
-1.988,0.407
-0.082,1.437
-0.112,-1.307
-0.141,0.29
-0.174,-0.995
-0.13,-0.04
-0.336,-1.923
-0.277,0.584
-0.322,-1.389
-0.388,-0.988
-0.417,-0.516
-0.449,0.77
-0.379,0.007
-0.415,0.197
-0.536,0.386
-0.704,-0.017
-0.699,-1.142
-0.793,-1.055
-0.841,0.787
-0.876,-2.067
-0.844,-2.262
-0.872,-0.085
-0.87,-0.063
-1.087,0.831
-1.13,0.273
-1.083,0.839
-1.181,-0.821
-1.193,-0.11
-1.208,-0.135
-1.182,-0.603
-1.42,0.835
-1.411,-1.411
-1.451,-1.063
-1.535,-1.158
-1.554,-0.994
-1.637,-0.514
-1.618,-2.285
-1.852,-1.802
-1.783,-2.093
-1.797,0.047
-1.854,-0.98
-1.812,1.357
-1.845,1.268
-1.959,-0.85
-1.898,-0.994
-2.026,-1.788
-2.004,0.196
-2.058,-0.935
-2.011,0.558
-2.078,-1.199
-2.068,-0.192
-2.067,-0.672
-2.199,-1.272
-2.215,-1.681
-2.242,-0.113
-2.246,0.11
-2.227,0.353
-2.288,-1.059
-2.299,-2.185
-2.313,-1.024
-2.36,-0.755
-2.282,1.209
-2.343,-1.06
-2.416,-1.072
-2.443,-0.064
-2.378,-0.925
-2.399,1.649
-2.511,0.601
-2.506,0.484
-2.582,1.205
-2.554,0.493
-2.614,-0.559
-2.565,-0.283
-2.57,1.447
-2.686,1.711
-2.712,-0.206
-2.725,0.631
-2.765,-0.76
-2.767,-0.585
-2.876,-1.93
-2.886,-0.103
-2.821,-0.196
-2.968,0.426
-2.942,0.467
-3.096,-0.945
-3.054,0.257
-3.133,0.275
-3.118,-1.313
3.004,-1.58
2.908,1.454
2.885,-0.972
2.884,0.156
2.778,-0.935
2.715,-0.203
2.755,0.078
2.732,0.278
2.628,0.238
2.642,-0.979
2.605,-2.259
2.586,-1.275
2.567,0.264
2.533,-2.241
2.414,-0.886
2.464,-0.053
2.442,-0.898
2.368,-1.41
2.28,-1.805
2.323,0.409
2.278,0.35
1.954,-0.449
1.91,-0.987
1.893,-1.79
1.883,-1.186
1.848,-0.05
1.743,-0.544
1.702,-1.296
1.78,-1.092
1.702,-1.21
1.642,-0.829
1.472,-2.155
1.429,-0.77
1.464,-2.571
1.035,-2.546
0.903,-2.348
0.82,-2.717
0.734,-2.355
0.299,-2.51
-0.019,-2.598
-1.458,-2.62
-1.723,-2.693
-2.157,-2.625
-2.417,-2.428
-2.509,-2.505
-2.824,-2.773
2.792,-2.535
2.616,-2.491
2.363,-2.522
2.262,-2.392
1.845,-2.451
0.701,1.816
-0.459,1.949
-0.977,1.741
-1.271,1.6
-1.792,1.879
-1.754,1.557
2.895,1.688
2.546,1.963
2.159,1.519
0.617,1.124
-1.658,0.936
-1.99,0.932
-2.913,-2.302
2.647,1.595
1.81,-2.696
1.708,-2.614
-0.781,1.472
1.523,0.414
1.463,-1.184
1.451,-1.236
1.337,-0.595
1.244,-0.041
1.11,-1.513
1.086,-0.667
0.979,-0.564
0.916,-1.393
1.055,1.464
0.876,1.339
0.974,-1.521
0.911,1.455
0.898,-0.906
0.607,-1.308
0.706,-1.159
0.7,-0.765
0.572,-0.636
0.519,0.146
0.31,-1.967
0.293,-1.338
0.28,-0.423
0.239,0.944
0.181,-1.712
0.118,0.091
0.074,0.458
0.02,1.277
0.043,-0.08
0.12,1.086
-0.074,-0.4
-0.093,-0.616
-0.211,-0.915
-0.175,-0.993
-0.214,-1.426
-0.26,1.253
-0.391,-0.631
-0.319,1.539
-0.61,-0.648
-0.854,-1.536
-0.933,-0.786
-0.915,0.78
-1.047,-1.206
-1.047,-0.411
-1.209,0.248
-1.149,0.214
-1.277,-1.087
-1.157,0.221
-1.185,0.767
-1.428,-0.749
-1.339,-1.261
-1.655,1.533
-1.542,0.701
-1.608,-0.021
-1.759,-2.007
-1.845,1.629
-1.825,-2.227
-1.725,-2.248
-1.876,-1.259
-1.753,-1.987
-1.837,-0.58
-1.854,1.225
-1.957,1.614
-2.115,0.21
-2.128,1.007
-2.152,1.247
-2.21,1.612
-2.214,1.186
-2.306,0.006
-2.312,0.403
-2.458,1.582
-2.323,-2.231
-2.379,-1.509
-2.513,1.102
-2.406,1.365
-2.543,1.673
-2.602,-0.749
-2.513,-1.601
-2.525,-0.975
-2.631,0.087
-2.761,-0.607
-2.628,-1.605
-2.789,1.33
-2.825,-1.982
-2.728,-1.513
-2.886,0.473
-2.799,1.096
-2.866,0.333
-2.926,0.058
-3.063,-0.809
3.089,-0.812
3.071,-2.121
3.042,1.505
3.013,0.232
2.843,1.275
2.794,-1.594
2.749,-2.213
2.714,-0.757
2.809,-0.932
2.742,0.954
2.614,0.072
2.491,-1.229
2.588,-1.358
2.376,-2.127
2.012,-0.702
1.964,-1.458
1.931,-2.179
1.886,0.018
1.87,0.196
1.885,0.284
1.85,-0.575
1.693,1.38
1.82,0.027
1.673,0.091
1.647,1.272
1.522,-0.414
1.49,0.736
1.332,-2.584
0.797,-2.745
0.898,-2.406
-0.359,-2.613
-0.652,-2.394
-1.31,-2.773
-1.526,-2.429
-1.604,-2.627
-1.698,-2.481
-2.897,-2.721
2.833,-2.371
1.616,-2.534
1.167,1.707
0.599,1.741
0.467,1.796
0.137,1.794
-0.168,1.569
-1.252,1.719
-2.501,1.756
2.946,1.848
-1.534,0.534
-1.685,1.031
-1.936,-1.508
-2.971,-2.023
-1.038,-1.28
-2.161,-1.344
-3.061,0.397
-3.079,0.367
2.142,-0.159
0.988,1.078
-0.064,-1.658
-2.971,0.836
2.665,-0.359
2.265,-1.037
2.243,-0.344
2.284,-1.228
2.163,-1.525
2.189,-0.379
-0.098,-2.03
-1.256,-2.336
1.885,-2.264
1.833,-2.233
-2.027,1.437
-0.03,-2.744
-0.059,-1.147
-0.092,-2.432
-0.048,-1.477
-0.254,-3.36
-0.195,-0.853
-0.24,-2.826
-0.306,-2.425
-0.335,-1.953
-0.367,-0.667
-0.297,-1.43
-0.333,-1.24
-0.454,-1.051
-0.622,-1.454
-0.617,-2.579
-0.711,-2.492
-0.759,-0.65
-0.794,-3.504
-0.762,-3.699
-0.79,-1.522
-0.788,-1.5
-1.005,-0.606
-1.048,-1.164
-1.001,-0.598
-1.099,-2.258
-1.111,-1.547
-1.126,-1.572
-1.1,-2.04
-1.338,-0.602
-1.329,-2.848
-1.369,-2.5
-1.453,-2.595
-1.472,-2.431
-1.555,-1.951
-1.536,-3.722
-1.77,-3.239
-1.701,-3.53
-1.715,-1.39
-1.772,-2.417
-1.73,-0.08
-1.763,-0.169
-1.877,-2.287
-1.816,-2.431
-1.944,-3.225
-1.922,-1.241
-1.976,-2.372
-1.929,-0.879
-1.996,-2.636
-1.986,-1.629
-1.985,-2.109
-2.117,-2.709
-2.133,-3.118
-2.16,-1.55
-2.164,-1.327
-2.145,-1.084
-2.206,-2.496
-2.217,-3.622
-2.231,-2.461
-2.278,-2.192
-2.2,-0.228
-2.261,-2.497
-2.334,-2.509
-2.361,-1.501
-2.296,-2.362
-2.317,0.212
-2.429,-0.836
-2.424,-0.953
-2.5,-0.232
-2.472,-0.944
-2.532,-1.996
-2.483,-1.72
-2.488,0.01
-2.604,0.274
-2.63,-1.643
-2.643,-0.806
-2.683,-2.197
-2.685,-2.022
-2.794,-3.367
-2.804,-1.54
-2.739,-1.633
-2.886,-1.011
-2.86,-0.97
-3.014,-2.382
-2.972,-1.18
-3.051,-1.162
-3.036,-2.75
3.086,-3.017
2.99,0.017
2.967,-2.409
2.966,-1.281
2.86,-2.372
2.797,-1.64
2.837,-1.359
2.814,-1.159
2.71,-1.199
2.724,-2.416
2.687,-3.696
2.668,-2.712
2.649,-1.173
2.615,-3.678
2.496,-2.323
2.546,-1.49
2.524,-2.335
2.45,-2.847
2.362,-3.242
2.405,-1.028
2.36,-1.087
2.036,-1.886
1.992,-2.424
1.975,-3.227
1.965,-2.623
1.93,-1.487
1.825,-1.981
1.784,-2.733
1.862,-2.529
1.784,-2.647
1.724,-2.266
1.554,-3.592
1.511,-2.207
1.546,-4.008
1.117,-3.983
0.985,-3.785
0.902,-4.154
0.816,-3.792
0.381,-3.947
0.063,-4.035
-1.376,-4.057
-1.641,-4.13
-2.075,-4.062
-2.335,-3.865
-2.427,-3.942
-2.742,-4.21
2.874,-3.972
2.698,-3.928
2.445,-3.959
2.344,-3.829
1.927,-3.888
0.783,0.379
-0.377,0.512
-0.895,0.304
-1.189,0.163
-1.71,0.442
-1.672,0.12
2.977,0.251
2.628,0.526
2.241,0.082
0.699,-0.313
-1.576,-0.501
-1.908,-0.505
-2.831,-3.739
2.729,0.158
1.892,-4.133
1.79,-4.051
-0.699,0.035
1.605,-1.023
1.545,-2.621
1.533,-2.673
1.419,-2.032
1.326,-1.478
1.192,-2.95
1.168,-2.104
1.061,-2.001
0.998,-2.83
1.137,0.027
0.958,-0.098
1.056,-2.958
0.993,0.018
0.98,-2.343
0.689,-2.745
0.788,-2.596
0.782,-2.202
0.654,-2.073
0.601,-1.291
0.392,-3.404
0.375,-2.775
0.362,-1.86
0.321,-0.493
0.263,-3.149
0.2,-1.346
0.156,-0.979
0.102,-0.16
0.125,-1.517
0.202,-0.351
0.008,-1.837
-0.011,-2.053
-0.129,-2.352
-0.093,-2.43
-0.132,-2.863
-0.178,-0.184
-0.309,-2.068
-0.237,0.102
-0.528,-2.085
-0.772,-2.973
-0.851,-2.223
-0.833,-0.657
-0.965,-2.643
-0.965,-1.848
-1.127,-1.189
-1.067,-1.223
-1.195,-2.524
-1.075,-1.216
-1.103,-0.67
-1.346,-2.186
-1.257,-2.698
-1.573,0.096
-1.46,-0.736
-1.526,-1.458
-1.677,-3.444
-1.763,0.192
-1.743,-3.664
-1.643,-3.685
-1.794,-2.696
-1.671,-3.424
-1.755,-2.017
-1.772,-0.212
-1.875,0.177
-2.033,-1.227
-2.046,-0.43
-2.07,-0.19
-2.128,0.175
-2.132,-0.251
-2.224,-1.431
-2.23,-1.034
-2.376,0.145
-2.241,-3.668
-2.297,-2.946
-2.431,-0.335
-2.324,-0.072
-2.461,0.236
-2.52,-2.186
-2.431,-3.038
-2.443,-2.412
-2.549,-1.35
-2.679,-2.044
-2.546,-3.042
-2.707,-0.107
-2.743,-3.419
-2.646,-2.95
-2.804,-0.964
-2.717,-0.341
-2.784,-1.104
-2.844,-1.379
-2.981,-2.246
-3.112,-2.249
-3.13,-3.558
3.124,0.068
3.095,-1.205
2.925,-0.162
2.876,-3.031
2.831,-3.65
2.796,-2.194
2.891,-2.369
2.824,-0.483
2.696,-1.365
2.573,-2.666
2.67,-2.795
2.458,-3.564
2.094,-2.139
2.046,-2.895
2.013,-3.616
1.968,-1.419
1.952,-1.241
1.967,-1.153
1.932,-2.012
1.775,-0.057
1.902,-1.41
1.755,-1.346
1.729,-0.165
1.604,-1.851
1.572,-0.701
1.414,-4.021
0.879,-4.182
0.98,-3.843
-0.277,-4.05
-0.57,-3.831
-1.228,-4.21
-1.444,-3.866
-1.522,-4.064
-1.616,-3.918
-2.815,-4.158
2.915,-3.808
1.698,-3.971
1.249,0.27
0.681,0.304
0.549,0.359
0.219,0.357
-0.086,0.132
-1.17,0.282
-2.419,0.319
3.028,0.411
-1.452,-0.903
-1.603,-0.406
-1.854,-2.945
-2.889,-3.46
-0.956,-2.717
-2.079,-2.781
-2.979,-1.04
-2.997,-1.07
2.224,-1.596
1.07,-0.359
0.018,-3.095
-2.889,-0.601
2.747,-1.796
2.347,-2.474
2.325,-1.781
2.366,-2.665
2.245,-2.962
2.271,-1.816
-0.016,-3.467
-1.174,-3.773
1.967,-3.701
1.915,-3.67
-1.945,0.0
-0.029,1.597
-0.062,0.312
-0.018,1.267
-0.224,-0.616
-0.165,1.891
-0.21,-0.082
-0.276,0.319
-0.305,0.791
-0.337,2.077
-0.267,1.314
-0.303,1.504
-0.424,1.693
-0.592,1.29
-0.587,0.165
-0.681,0.252
-0.729,2.094
-0.764,-0.76
-0.732,-0.955
-0.76,1.222
-0.758,1.244
-0.975,2.138
-1.018,1.58
-0.971,2.146
-1.069,0.486
-1.081,1.197
-1.096,1.172
-1.07,0.704
-1.308,2.142
-1.299,-0.104
-1.339,0.244
-1.423,0.149
-1.442,0.313
-1.525,0.793
-1.506,-0.978
-1.74,-0.495
-1.671,-0.786
-1.685,1.354
-1.742,0.327
-1.7,2.664
-1.733,2.575
-1.847,0.457
-1.786,0.313
-1.914,-0.481
-1.892,1.503
-1.946,0.372
-1.899,1.865
-1.966,0.108
-1.956,1.115
-1.955,0.635
-2.087,0.035
-2.103,-0.374
-2.13,1.194
-2.134,1.417
-2.115,1.66
-2.176,0.248
-2.187,-0.878
-2.201,0.283
-2.248,0.552
-2.17,2.516
-2.231,0.247
-2.304,0.235
-2.331,1.243
-2.266,0.382
-2.287,2.956
-2.399,1.908
-2.394,1.791
-2.47,2.512
-2.442,1.8
-2.502,0.748
-2.453,1.024
-2.458,2.754
-2.574,3.018
-2.6,1.101
-2.613,1.938
-2.653,0.547
-2.655,0.722
-2.764,-0.623
-2.774,1.204
-2.709,1.111
-2.856,1.733
-2.83,1.774
-2.984,0.362
-2.942,1.564
-3.021,1.582
-3.006,-0.006
3.116,-0.273
3.02,2.761
2.997,0.335
2.996,1.463
2.89,0.372
2.827,1.104
2.867,1.385
2.844,1.585
2.74,1.545
2.754,0.328
2.717,-0.952
2.698,0.032
2.679,1.571
2.645,-0.934
2.526,0.421
2.576,1.254
2.554,0.409
2.48,-0.103
2.392,-0.498
2.435,1.716
2.39,1.657
2.066,0.858
2.022,0.32
2.005,-0.483
1.995,0.121
1.96,1.257
1.855,0.763
1.814,0.011
1.892,0.215
1.814,0.097
1.754,0.478
1.584,-0.848
1.541,0.537
1.576,-1.264
1.147,-1.239
1.015,-1.041
0.932,-1.41
0.846,-1.048
0.411,-1.203
0.093,-1.291
-1.346,-1.313
-1.611,-1.386
-2.045,-1.318
-2.305,-1.121
-2.397,-1.198
-2.712,-1.466
2.904,-1.228
2.728,-1.184
2.475,-1.215
2.374,-1.085
1.957,-1.144
0.813,3.123
-0.347,3.256
-0.865,3.048
-1.159,2.907
-1.68,3.186
-1.642,2.864
3.007,2.995
2.658,3.27
2.271,2.826
0.729,2.431
-1.546,2.243
-1.878,2.239
-2.801,-0.995
2.759,2.902
1.922,-1.389
1.82,-1.307
-0.669,2.779
1.635,1.721
1.575,0.123
1.563,0.071
1.449,0.712
1.356,1.266
1.222,-0.206
1.198,0.64
1.091,0.743
1.028,-0.086
1.167,2.771
0.988,2.646
1.086,-0.214
1.023,2.762
1.01,0.401
0.719,-0.001
0.818,0.148
0.812,0.542
0.684,0.671
0.631,1.453
0.422,-0.66
0.405,-0.031
0.392,0.884
0.351,2.251
0.293,-0.405
0.23,1.398
0.186,1.765
0.132,2.584
0.155,1.227
0.232,2.393
0.038,0.907
0.019,0.691
-0.099,0.392
-0.063,0.314
-0.102,-0.119
-0.148,2.56
-0.279,0.676
-0.207,2.846
-0.498,0.659
-0.742,-0.229
-0.821,0.521
-0.803,2.087
-0.935,0.101
-0.935,0.896
-1.097,1.555
-1.037,1.521
-1.165,0.22
-1.045,1.528
-1.073,2.074
-1.316,0.558
-1.227,0.046
-1.543,2.84
-1.43,2.008
-1.496,1.286
-1.647,-0.7
-1.733,2.936
-1.713,-0.92
-1.613,-0.941
-1.764,0.048
-1.641,-0.68
-1.725,0.727
-1.742,2.532
-1.845,2.921
-2.003,1.517
-2.016,2.314
-2.04,2.554
-2.098,2.919
-2.102,2.493
-2.194,1.313
-2.2,1.71
-2.346,2.889
-2.211,-0.924
-2.267,-0.202
-2.401,2.409
-2.294,2.672
-2.431,2.98
-2.49,0.558
-2.401,-0.294
-2.413,0.332
-2.519,1.394
-2.649,0.7
-2.516,-0.298
-2.677,2.637
-2.713,-0.675
-2.616,-0.206
-2.774,1.78
-2.687,2.403
-2.754,1.64
-2.814,1.365
-2.951,0.498
-3.082,0.495
-3.1,-0.814
-3.129,2.812
3.125,1.539
2.955,2.582
2.906,-0.287
2.861,-0.906
2.826,0.55
2.921,0.375
2.854,2.261
2.726,1.379
2.603,0.078
2.7,-0.051
2.488,-0.82
2.124,0.605
2.076,-0.151
2.043,-0.872
1.998,1.325
1.982,1.503
1.997,1.591
1.962,0.732
1.805,2.687
1.932,1.334
1.785,1.398
1.759,2.579
1.634,0.893
1.602,2.043
1.444,-1.277
0.909,-1.438
1.01,-1.099
-0.247,-1.306
-0.54,-1.087
-1.198,-1.466
-1.414,-1.122
-1.492,-1.32
-1.586,-1.174
-2.785,-1.414
2.945,-1.064
1.728,-1.227
1.279,3.014
0.711,3.048
0.579,3.103
0.249,3.101
-0.056,2.876
-1.14,3.026
-2.389,3.063
3.058,3.155
-1.422,1.841
-1.573,2.338
-1.824,-0.201
-2.859,-0.716
-0.926,0.027
-2.049,-0.037
-2.949,1.704
-2.967,1.674
2.254,1.148
1.1,2.385
0.048,-0.351
-2.859,2.143
2.777,0.948
2.377,0.27
2.355,0.963
2.396,0.079
2.275,-0.218
2.301,0.928
0.014,-0.723
-1.144,-1.029
1.997,-0.957
1.945,-0.926
-1.915,2.744
-0.033,-1.285
0.011,-0.33
-0.195,-2.213
-0.136,0.294
-0.181,-1.679
-0.247,-1.278
-0.276,-0.806
-0.308,0.48
-0.238,-0.283
-0.274,-0.093
-0.395,0.096
-0.563,-0.307
-0.558,-1.432
-0.652,-1.345
-0.7,0.497
-0.735,-2.357
-0.703,-2.552
-0.731,-0.375
-0.729,-0.353
-0.946,0.541
-0.989,-0.017
-0.942,0.549
-1.04,-1.111
-1.052,-0.4
-1.067,-0.425
-1.041,-0.893
-1.279,0.545
-1.27,-1.701
-1.31,-1.353
-1.394,-1.448
-1.413,-1.284
-1.496,-0.804
-1.477,-2.575
-1.711,-2.092
-1.642,-2.383
-1.656,-0.243
-1.713,-1.27
-1.671,1.067
-1.704,0.978
-1.818,-1.14
-1.757,-1.284
-1.885,-2.078
-1.863,-0.094
-1.917,-1.225
-1.87,0.268
-1.937,-1.489
-1.927,-0.482
-1.926,-0.962
-2.058,-1.562
-2.074,-1.971
-2.101,-0.403
-2.105,-0.18
-2.086,0.063
-2.147,-1.349
-2.158,-2.475
-2.172,-1.314
-2.219,-1.045
-2.141,0.919
-2.202,-1.35
-2.275,-1.362
-2.302,-0.354
-2.237,-1.215
-2.258,1.359
-2.37,0.311
-2.365,0.194
-2.441,0.915
-2.413,0.203
-2.473,-0.849
-2.424,-0.573
-2.429,1.157
-2.545,1.421
-2.571,-0.496
-2.584,0.341
-2.624,-1.05
-2.626,-0.875
-2.735,-2.22
-2.745,-0.393
-2.68,-0.486
-2.827,0.136
-2.801,0.177
-2.955,-1.235
-2.913,-0.033
-2.992,-0.015
-2.977,-1.603
-3.138,-1.87
3.049,1.164
3.026,-1.262
3.025,-0.134
2.919,-1.225
2.856,-0.493
2.896,-0.212
2.873,-0.012
2.769,-0.052
2.783,-1.269
2.746,-2.549
2.727,-1.565
2.708,-0.026
2.674,-2.531
2.555,-1.176
2.605,-0.343
2.583,-1.188
2.509,-1.7
2.421,-2.095
2.464,0.119
2.419,0.06
2.095,-0.739
2.051,-1.277
2.034,-2.08
2.024,-1.476
1.989,-0.34
1.884,-0.834
1.843,-1.586
1.921,-1.382
1.843,-1.5
1.783,-1.119
1.613,-2.445
1.57,-1.06
1.605,-2.861
1.176,-2.836
1.044,-2.638
0.961,-3.007
0.875,-2.645
0.44,-2.8
0.122,-2.888
-1.317,-2.91
-1.582,-2.983
-2.016,-2.915
-2.276,-2.718
-2.368,-2.795
-2.683,-3.063
2.933,-2.825
2.757,-2.781
2.504,-2.812
2.403,-2.682
1.986,-2.741
0.842,1.526
-0.318,1.659
-0.836,1.451
-1.13,1.31
-1.651,1.589
-1.613,1.267
3.036,1.398
2.687,1.673
2.3,1.229
0.758,0.834
-1.517,0.646
-1.849,0.642
-2.772,-2.592
2.788,1.305
1.951,-2.986
1.849,-2.904
-0.64,1.182
1.664,0.124
1.604,-1.474
1.592,-1.526
1.478,-0.885
1.385,-0.331
1.251,-1.803
1.227,-0.957
1.12,-0.854
1.057,-1.683
1.196,1.174
1.017,1.049
1.115,-1.811
1.052,1.165
1.039,-1.196
0.748,-1.598
0.847,-1.449
0.841,-1.055
0.713,-0.926
0.66,-0.144
0.451,-2.257
0.434,-1.628
0.421,-0.713
0.38,0.654
0.322,-2.002
0.259,-0.199
0.215,0.168
0.161,0.987
0.184,-0.37
0.261,0.796
0.067,-0.69
0.048,-0.906
-0.07,-1.205
-0.034,-1.283
-0.073,-1.716
-0.119,0.963
-0.25,-0.921
-0.178,1.249
-0.469,-0.938
-0.713,-1.826
-0.792,-1.076
-0.774,0.49
-0.906,-1.496
-0.906,-0.701
-1.068,-0.042
-1.008,-0.076
-1.136,-1.377
-1.016,-0.069
-1.044,0.477
-1.287,-1.039
-1.198,-1.551
-1.514,1.243
-1.401,0.411
-1.467,-0.311
-1.618,-2.297
-1.704,1.339
-1.684,-2.517
-1.584,-2.538
-1.735,-1.549
-1.612,-2.277
-1.696,-0.87
-1.713,0.935
-1.816,1.324
-1.974,-0.08
-1.987,0.717
-2.011,0.957
-2.069,1.322
-2.073,0.896
-2.165,-0.284
-2.171,0.113
-2.317,1.292
-2.182,-2.521
-2.238,-1.799
-2.372,0.812
-2.265,1.075
-2.402,1.383
-2.461,-1.039
-2.372,-1.891
-2.384,-1.265
-2.49,-0.203
-2.62,-0.897
-2.487,-1.895
-2.648,1.04
-2.684,-2.272
-2.587,-1.803
-2.745,0.183
-2.658,0.806
-2.725,0.043
-2.785,-0.232
-2.922,-1.099
-3.053,-1.102
-3.071,-2.411
-3.1,1.215
-3.129,-0.058
2.984,0.985
2.935,-1.884
2.89,-2.503
2.855,-1.047
2.95,-1.222
2.883,0.664
2.755,-0.218
2.632,-1.519
2.729,-1.648
2.517,-2.417
2.153,-0.992
2.105,-1.748
2.072,-2.469
2.027,-0.272
2.011,-0.094
2.026,-0.006
1.991,-0.865
1.834,1.09
1.961,-0.263
1.814,-0.199
1.788,0.982
1.663,-0.704
1.631,0.446
1.473,-2.874
0.938,-3.035
1.039,-2.696
-0.218,-2.903
-0.511,-2.684
-1.169,-3.063
-1.385,-2.719
-1.463,-2.917
-1.557,-2.771
-2.756,-3.011
2.974,-2.661
1.757,-2.824
1.308,1.417
0.74,1.451
0.608,1.506
0.278,1.504
-0.027,1.279
-1.111,1.429
-2.36,1.466
3.087,1.558
-1.393,0.244
-1.544,0.741
-1.795,-1.798
-2.83,-2.313
-0.897,-1.57
-2.02,-1.634
-2.92,0.107
-2.938,0.077
2.283,-0.449
1.129,0.788
0.077,-1.948
-2.83,0.546
2.806,-0.649
2.406,-1.327
2.384,-0.634
2.425,-1.518
2.304,-1.815
2.33,-0.669
0.043,-2.32
-1.115,-2.626
2.026,-2.554
1.974,-2.523
-1.886,1.147
0.044,0.955
-0.162,-0.928
-0.103,1.579
-0.148,-0.394
-0.214,0.007
-0.243,0.479
-0.275,1.765
-0.205,1.002
-0.241,1.192
-0.362,1.381
-0.53,0.978
-0.525,-0.147
-0.619,-0.06
-0.667,1.782
-0.702,-1.072
-0.67,-1.267
-0.698,0.91
-0.696,0.932
-0.913,1.826
-0.956,1.268
-0.909,1.834
-1.007,0.174
-1.019,0.885
-1.034,0.86
-1.008,0.392
-1.246,1.83
-1.237,-0.416
-1.277,-0.068
-1.361,-0.163
-1.38,0.001
-1.463,0.481
-1.444,-1.29
-1.678,-0.807
-1.609,-1.098
-1.623,1.042
-1.68,0.015
-1.638,2.352
-1.671,2.263
-1.785,0.145
-1.724,0.001
-1.852,-0.793
-1.83,1.191
-1.884,0.06
-1.837,1.553
-1.904,-0.204
-1.894,0.803
-1.893,0.323
-2.025,-0.277
-2.041,-0.686
-2.068,0.882
-2.072,1.105
-2.053,1.348
-2.114,-0.064
-2.125,-1.19
-2.139,-0.029
-2.186,0.24
-2.108,2.204
-2.169,-0.065
-2.242,-0.077
-2.269,0.931
-2.204,0.07
-2.225,2.644
-2.337,1.596
-2.332,1.479
-2.408,2.2
-2.38,1.488
-2.44,0.436
-2.391,0.712
-2.396,2.442
-2.512,2.706
-2.538,0.789
-2.551,1.626
-2.591,0.235
-2.593,0.41
-2.702,-0.935
-2.712,0.892
-2.647,0.799
-2.794,1.421
-2.768,1.462
-2.922,0.05
-2.88,1.252
-2.959,1.27
-2.944,-0.318
-3.105,-0.585
3.082,2.449
3.059,0.023
3.058,1.151
2.952,0.06
2.889,0.792
2.929,1.073
2.906,1.273
2.802,1.233
2.816,0.016
2.779,-1.264
2.76,-0.28
2.741,1.259
2.707,-1.246
2.588,0.109
2.638,0.942
2.616,0.097
2.542,-0.415
2.454,-0.81
2.497,1.404
2.452,1.345
2.128,0.546
2.084,0.008
2.067,-0.795
2.057,-0.191
2.022,0.945
1.917,0.451
1.876,-0.301
1.954,-0.097
1.876,-0.215
1.816,0.166
1.646,-1.16
1.603,0.225
1.638,-1.576
1.209,-1.551
1.077,-1.353
0.994,-1.722
0.908,-1.36
0.473,-1.515
0.155,-1.603
-1.284,-1.625
-1.549,-1.698
-1.983,-1.63
-2.243,-1.433
-2.335,-1.51
-2.65,-1.778
2.966,-1.54
2.79,-1.496
2.537,-1.527
2.436,-1.397
2.019,-1.456
0.875,2.811
-0.285,2.944
-0.803,2.736
-1.097,2.595
-1.618,2.874
-1.58,2.552
3.069,2.683
2.72,2.958
2.333,2.514
0.791,2.119
-1.484,1.931
-1.816,1.927
-2.739,-1.307
2.821,2.59
1.984,-1.701
1.882,-1.619
-0.607,2.467
1.697,1.409
1.637,-0.189
1.625,-0.241
1.511,0.4
1.418,0.954
1.284,-0.518
1.26,0.328
1.153,0.431
1.09,-0.398
1.229,2.459
1.05,2.334
1.148,-0.526
1.085,2.45
1.072,0.089
0.781,-0.313
0.88,-0.164
0.874,0.23
0.746,0.359
0.693,1.141
0.484,-0.972
0.467,-0.343
0.454,0.572
0.413,1.939
0.355,-0.717
0.292,1.086
0.248,1.453
0.194,2.272
0.217,0.915
0.294,2.081
0.1,0.595
0.081,0.379
-0.037,0.08
-0.001,0.002
-0.04,-0.431
-0.086,2.248
-0.217,0.364
-0.145,2.534
-0.436,0.347
-0.68,-0.541
-0.759,0.209
-0.741,1.775
-0.873,-0.211
-0.873,0.584
-1.035,1.243
-0.975,1.209
-1.103,-0.092
-0.983,1.216
-1.011,1.762
-1.254,0.246
-1.165,-0.266
-1.481,2.528
-1.368,1.696
-1.434,0.974
-1.585,-1.012
-1.671,2.624
-1.651,-1.232
-1.551,-1.253
-1.702,-0.264
-1.579,-0.992
-1.663,0.415
-1.68,2.22
-1.783,2.609
-1.941,1.205
-1.954,2.002
-1.978,2.242
-2.036,2.607
-2.04,2.181
-2.132,1.001
-2.138,1.398
-2.284,2.577
-2.149,-1.236
-2.205,-0.514
-2.339,2.097
-2.232,2.36
-2.369,2.668
-2.428,0.246
-2.339,-0.606
-2.351,0.02
-2.457,1.082
-2.587,0.388
-2.454,-0.61
-2.615,2.325
-2.651,-0.987
-2.554,-0.518
-2.712,1.468
-2.625,2.091
-2.692,1.328
-2.752,1.053
-2.889,0.186
-3.02,0.183
-3.038,-1.126
-3.067,2.5
-3.096,1.227
3.017,2.27
2.968,-0.599
2.923,-1.218
2.888,0.238
2.983,0.063
2.916,1.949
2.788,1.067
2.665,-0.234
2.762,-0.363
2.55,-1.132
2.186,0.293
2.138,-0.463
2.105,-1.184
2.06,1.013
2.044,1.191
2.059,1.279
2.024,0.42
1.867,2.375
1.994,1.022
1.847,1.086
1.821,2.267
1.696,0.581
1.664,1.731
1.506,-1.589
0.971,-1.75
1.072,-1.411
-0.185,-1.618
-0.478,-1.399
-1.136,-1.778
-1.352,-1.434
-1.43,-1.632
-1.524,-1.486
-2.723,-1.726
3.007,-1.376
1.79,-1.539
1.341,2.702
0.773,2.736
0.641,2.791
0.311,2.789
0.006,2.564
-1.078,2.714
-2.327,2.751
3.12,2.843
-1.36,1.529
-1.511,2.026
-1.762,-0.513
-2.797,-1.028
-0.864,-0.285
-1.987,-0.349
-2.887,1.392
-2.905,1.362
2.316,0.836
1.162,2.073
0.11,-0.663
-2.797,1.831
2.839,0.636
2.439,-0.042
2.417,0.651
2.458,-0.233
2.337,-0.53
2.363,0.616
0.076,-1.035
-1.082,-1.341
2.059,-1.269
2.007,-1.238
-1.853,2.432
-0.206,-1.883
-0.147,0.624
-0.192,-1.349
-0.258,-0.948
-0.287,-0.476
-0.319,0.81
-0.249,0.047
-0.285,0.237
-0.406,0.426
-0.574,0.023
-0.569,-1.102
-0.663,-1.015
-0.711,0.827
-0.746,-2.027
-0.714,-2.222
-0.742,-0.045
-0.74,-0.023
-0.957,0.871
-1.0,0.313
-0.953,0.879
-1.051,-0.781
-1.063,-0.07
-1.078,-0.095
-1.052,-0.563
-1.29,0.875
-1.281,-1.371
-1.321,-1.023
-1.405,-1.118
-1.424,-0.954
-1.507,-0.474
-1.488,-2.245
-1.722,-1.762
-1.653,-2.053
-1.667,0.087
-1.724,-0.94
-1.682,1.397
-1.715,1.308
-1.829,-0.81
-1.768,-0.954
-1.896,-1.748
-1.874,0.236
-1.928,-0.895
-1.881,0.598
-1.948,-1.159
-1.938,-0.152
-1.937,-0.632
-2.069,-1.232
-2.085,-1.641
-2.112,-0.073
-2.116,0.15
-2.097,0.393
-2.158,-1.019
-2.169,-2.145
-2.183,-0.984
-2.23,-0.715
-2.152,1.249
-2.213,-1.02
-2.286,-1.032
-2.313,-0.024
-2.248,-0.885
-2.269,1.689
-2.381,0.641
-2.376,0.524
-2.452,1.245
-2.424,0.533
-2.484,-0.519
-2.435,-0.243
-2.44,1.487
-2.556,1.751
-2.582,-0.166
-2.595,0.671
-2.635,-0.72
-2.637,-0.545
-2.746,-1.89
-2.756,-0.063
-2.691,-0.156
-2.838,0.466
-2.812,0.507
-2.966,-0.905
-2.924,0.297
-3.003,0.315
-2.988,-1.273
3.134,-1.54
3.038,1.494
3.015,-0.932
3.014,0.196
2.908,-0.895
2.845,-0.163
2.885,0.118
2.862,0.318
2.758,0.278
2.772,-0.939
2.735,-2.219
2.716,-1.235
2.697,0.304
2.663,-2.201
2.544,-0.846
2.594,-0.013
2.572,-0.858
2.498,-1.37
2.41,-1.765
2.453,0.449
2.408,0.39
2.084,-0.409
2.04,-0.947
2.023,-1.75
2.013,-1.146
1.978,-0.01
1.873,-0.504
1.832,-1.256
1.91,-1.052
1.832,-1.17
1.772,-0.789
1.602,-2.115
1.559,-0.73
1.594,-2.531
1.165,-2.506
1.033,-2.308
0.95,-2.677
0.864,-2.315
0.429,-2.47
0.111,-2.558
-1.328,-2.58
-1.593,-2.653
-2.027,-2.585
-2.287,-2.388
-2.379,-2.465
-2.694,-2.733
2.922,-2.495
2.746,-2.451
2.493,-2.482
2.392,-2.352
1.975,-2.411
0.831,1.856
-0.329,1.989
-0.847,1.781
-1.141,1.64
-1.662,1.919
-1.624,1.597
3.025,1.728
2.676,2.003
2.289,1.559
0.747,1.164
-1.528,0.976
-1.86,0.972
-2.783,-2.262
2.777,1.635
1.94,-2.656
1.838,-2.574
-0.651,1.512
1.653,0.454
1.593,-1.144
1.581,-1.196
1.467,-0.555
1.374,-0.001
1.24,-1.473
1.216,-0.627
1.109,-0.524
1.046,-1.353
1.185,1.504
1.006,1.379
1.104,-1.481
1.041,1.495
1.028,-0.866
0.737,-1.268
0.836,-1.119
0.83,-0.725
0.702,-0.596
0.649,0.186
0.44,-1.927
0.423,-1.298
0.41,-0.383
0.369,0.984
0.311,-1.672
0.248,0.131
0.204,0.498
0.15,1.317
0.173,-0.04
0.25,1.126
0.056,-0.36
0.037,-0.576
-0.081,-0.875
-0.045,-0.953
-0.084,-1.386
-0.13,1.293
-0.261,-0.591
-0.189,1.579
-0.48,-0.608
-0.724,-1.496
-0.803,-0.746
-0.785,0.82
-0.917,-1.166
-0.917,-0.371
-1.079,0.288
-1.019,0.254
-1.147,-1.047
-1.027,0.261
-1.055,0.807
-1.298,-0.709
-1.209,-1.221
-1.525,1.573
-1.412,0.741
-1.478,0.019
-1.629,-1.967
-1.715,1.669
-1.695,-2.187
-1.595,-2.208
-1.746,-1.219
-1.623,-1.947
-1.707,-0.54
-1.724,1.265
-1.827,1.654
-1.985,0.25
-1.998,1.047
-2.022,1.287
-2.08,1.652
-2.084,1.226
-2.176,0.046
-2.182,0.443
-2.328,1.622
-2.193,-2.191
-2.249,-1.469
-2.383,1.142
-2.276,1.405
-2.413,1.713
-2.472,-0.709
-2.383,-1.561
-2.395,-0.935
-2.501,0.127
-2.631,-0.567
-2.498,-1.565
-2.659,1.37
-2.695,-1.942
-2.598,-1.473
-2.756,0.513
-2.669,1.136
-2.736,0.373
-2.796,0.098
-2.933,-0.769
-3.064,-0.772
-3.082,-2.081
-3.111,1.545
-3.14,0.272
2.973,1.315
2.924,-1.554
2.879,-2.173
2.844,-0.717
2.939,-0.892
2.872,0.994
2.744,0.112
2.621,-1.189
2.718,-1.318
2.506,-2.087
2.142,-0.662
2.094,-1.418
2.061,-2.139
2.016,0.058
2.0,0.236
2.015,0.324
1.98,-0.535
1.823,1.42
1.95,0.067
1.803,0.131
1.777,1.312
1.652,-0.374
1.62,0.776
1.462,-2.544
0.927,-2.705
1.028,-2.366
-0.229,-2.573
-0.522,-2.354
-1.18,-2.733
-1.396,-2.389
-1.474,-2.587
-1.568,-2.441
-2.767,-2.681
2.963,-2.331
1.746,-2.494
1.297,1.747
0.729,1.781
0.597,1.836
0.267,1.834
-0.038,1.609
-1.122,1.759
-2.371,1.796
3.076,1.888
-1.404,0.574
-1.555,1.071
-1.806,-1.468
-2.841,-1.983
-0.908,-1.24
-2.031,-1.304
-2.931,0.437
-2.949,0.407
2.272,-0.119
1.118,1.118
0.066,-1.618
-2.841,0.876
2.795,-0.319
2.395,-0.997
2.373,-0.304
2.414,-1.188
2.293,-1.485
2.319,-0.339
0.032,-1.99
-1.126,-2.296
2.015,-2.224
1.963,-2.193
-1.897,1.477
0.059,2.507
0.014,0.534
-0.052,0.935
-0.081,1.407
-0.113,2.693
-0.043,1.93
-0.079,2.12
-0.2,2.309
-0.368,1.906
-0.363,0.781
-0.457,0.868
-0.505,2.71
-0.54,-0.144
-0.508,-0.339
-0.536,1.838
-0.534,1.86
-0.751,2.754
-0.794,2.196
-0.747,2.762
-0.845,1.102
-0.857,1.813
-0.872,1.788
-0.846,1.32
-1.084,2.758
-1.075,0.512
-1.115,0.86
-1.199,0.765
-1.218,0.929
-1.301,1.409
-1.282,-0.362
-1.516,0.121
-1.447,-0.17
-1.461,1.97
-1.518,0.943
-1.476,3.28
-1.509,3.191
-1.623,1.073
-1.562,0.929
-1.69,0.135
-1.668,2.119
-1.722,0.988
-1.675,2.481
-1.742,0.724
-1.732,1.731
-1.731,1.251
-1.863,0.651
-1.879,0.242
-1.906,1.81
-1.91,2.033
-1.891,2.276
-1.952,0.864
-1.963,-0.262
-1.977,0.899
-2.024,1.168
-1.946,3.132
-2.007,0.863
-2.08,0.851
-2.107,1.859
-2.042,0.998
-2.063,3.572
-2.175,2.524
-2.17,2.407
-2.246,3.128
-2.218,2.416
-2.278,1.364
-2.229,1.64
-2.234,3.37
-2.35,3.634
-2.376,1.717
-2.389,2.554
-2.429,1.163
-2.431,1.338
-2.54,-0.007
-2.55,1.82
-2.485,1.727
-2.632,2.349
-2.606,2.39
-2.76,0.978
-2.718,2.18
-2.797,2.198
-2.782,0.61
-2.943,0.343
-3.039,3.377
-3.062,0.951
-3.063,2.079
3.114,0.988
3.051,1.72
3.091,2.001
3.068,2.201
2.964,2.161
2.978,0.944
2.941,-0.336
2.922,0.648
2.903,2.187
2.869,-0.318
2.75,1.037
2.8,1.87
2.778,1.025
2.704,0.513
2.616,0.118
2.659,2.332
2.614,2.273
2.29,1.474
2.246,0.936
2.229,0.133
2.219,0.737
2.184,1.873
2.079,1.379
2.038,0.627
2.116,0.831
2.038,0.713
1.978,1.094
1.808,-0.232
1.765,1.153
1.8,-0.648
1.371,-0.623
1.239,-0.425
1.156,-0.794
1.07,-0.432
0.635,-0.587
0.317,-0.675
-1.122,-0.697
-1.387,-0.77
-1.821,-0.702
-2.081,-0.505
-2.173,-0.582
-2.488,-0.85
3.128,-0.612
2.952,-0.568
2.699,-0.599
2.598,-0.469
2.181,-0.528
1.037,3.739
-0.123,3.872
-0.641,3.664
-0.935,3.523
-1.456,3.802
-1.418,3.48
-3.052,3.611
2.882,3.886
2.495,3.442
0.953,3.047
-1.322,2.859
-1.654,2.855
-2.577,-0.379
2.983,3.518
2.146,-0.773
2.044,-0.691
-0.445,3.395
1.859,2.337
1.799,0.739
1.787,0.687
1.673,1.328
1.58,1.882
1.446,0.41
1.422,1.256
1.315,1.359
1.252,0.53
1.391,3.387
1.212,3.262
1.31,0.402
1.247,3.378
1.234,1.017
0.943,0.615
1.042,0.764
1.036,1.158
0.908,1.287
0.855,2.069
0.646,-0.044
0.629,0.585
0.616,1.5
0.575,2.867
0.517,0.211
0.454,2.014
0.41,2.381
0.356,3.2
0.379,1.843
0.456,3.009
0.262,1.523
0.243,1.307
0.125,1.008
0.161,0.93
0.122,0.497
0.076,3.176
-0.055,1.292
0.017,3.462
-0.274,1.275
-0.518,0.387
-0.597,1.137
-0.579,2.703
-0.711,0.717
-0.711,1.512
-0.873,2.171
-0.813,2.137
-0.941,0.836
-0.821,2.144
-0.849,2.69
-1.092,1.174
-1.003,0.662
-1.319,3.456
-1.206,2.624
-1.272,1.902
-1.423,-0.084
-1.509,3.552
-1.489,-0.304
-1.389,-0.325
-1.54,0.664
-1.417,-0.064
-1.501,1.343
-1.518,3.148
-1.621,3.537
-1.779,2.133
-1.792,2.93
-1.816,3.17
-1.874,3.535
-1.878,3.109
-1.97,1.929
-1.976,2.326
-2.122,3.505
-1.987,-0.308
-2.043,0.414
-2.177,3.025
-2.07,3.288
-2.207,3.596
-2.266,1.174
-2.177,0.322
-2.189,0.948
-2.295,2.01
-2.425,1.316
-2.292,0.318
-2.453,3.253
-2.489,-0.059
-2.392,0.41
-2.55,2.396
-2.463,3.019
-2.53,2.256
-2.59,1.981
-2.727,1.114
-2.858,1.111
-2.876,-0.198
-2.905,3.428
-2.934,2.155
-3.104,3.198
3.13,0.329
3.085,-0.29
3.05,1.166
-3.138,0.991
3.078,2.877
2.95,1.995
2.827,0.694
2.924,0.565
2.712,-0.204
2.348,1.221
2.3,0.465
2.267,-0.256
2.222,1.941
2.206,2.119
2.221,2.207
2.186,1.348
2.029,3.303
2.156,1.95
2.009,2.014
1.983,3.195
1.858,1.509
1.826,2.659
1.668,-0.661
1.133,-0.822
1.234,-0.483
-0.023,-0.69
-0.316,-0.471
-0.974,-0.85
-1.19,-0.506
-1.268,-0.704
-1.362,-0.558
-2.561,-0.798
-3.114,-0.448
1.952,-0.611
1.503,3.63
0.935,3.664
0.803,3.719
0.473,3.717
0.168,3.492
-0.916,3.642
-2.165,3.679
-3.001,3.771
-1.198,2.457
-1.349,2.954
-1.6,0.415
-2.635,-0.1
-0.702,0.643
-1.825,0.579
-2.725,2.32
-2.743,2.29
2.478,1.764
1.324,3.001
0.272,0.265
-2.635,2.759
3.001,1.564
2.601,0.886
2.579,1.579
2.62,0.695
2.499,0.398
2.525,1.544
0.238,-0.107
-0.92,-0.413
2.221,-0.341
2.169,-0.31
-1.691,3.36
-0.045,-1.973
-0.111,-1.572
-0.14,-1.1
-0.172,0.186
-0.102,-0.577
-0.138,-0.387
-0.259,-0.198
-0.427,-0.601
-0.422,-1.726
-0.516,-1.639
-0.564,0.203
-0.599,-2.651
-0.567,-2.846
-0.595,-0.669
-0.593,-0.647
-0.81,0.247
-0.853,-0.311
-0.806,0.255
-0.904,-1.405
-0.916,-0.694
-0.931,-0.719
-0.905,-1.187
-1.143,0.251
-1.134,-1.995
-1.174,-1.647
-1.258,-1.742
-1.277,-1.578
-1.36,-1.098
-1.341,-2.869
-1.575,-2.386
-1.506,-2.677
-1.52,-0.537
-1.577,-1.564
-1.535,0.773
-1.568,0.684
-1.682,-1.434
-1.621,-1.578
-1.749,-2.372
-1.727,-0.388
-1.781,-1.519
-1.734,-0.026
-1.801,-1.783
-1.791,-0.776
-1.79,-1.256
-1.922,-1.856
-1.938,-2.265
-1.965,-0.697
-1.969,-0.474
-1.95,-0.231
-2.011,-1.643
-2.022,-2.769
-2.036,-1.608
-2.083,-1.339
-2.005,0.625
-2.066,-1.644
-2.139,-1.656
-2.166,-0.648
-2.101,-1.509
-2.122,1.065
-2.234,0.017
-2.229,-0.1
-2.305,0.621
-2.277,-0.091
-2.337,-1.143
-2.288,-0.867
-2.293,0.863
-2.409,1.127
-2.435,-0.79
-2.448,0.047
-2.488,-1.344
-2.49,-1.169
-2.599,-2.514
-2.609,-0.687
-2.544,-0.78
-2.691,-0.158
-2.665,-0.117
-2.819,-1.529
-2.777,-0.327
-2.856,-0.309
-2.841,-1.897
-3.002,-2.164
-3.098,0.87
-3.121,-1.556
-3.122,-0.428
3.055,-1.519
2.992,-0.787
3.032,-0.506
3.009,-0.306
2.905,-0.346
2.919,-1.563
2.882,-2.843
2.863,-1.859
2.844,-0.32
2.81,-2.825
2.691,-1.47
2.741,-0.637
2.719,-1.482
2.645,-1.994
2.557,-2.389
2.6,-0.175
2.555,-0.234
2.231,-1.033
2.187,-1.571
2.17,-2.374
2.16,-1.77
2.125,-0.634
2.02,-1.128
1.979,-1.88
2.057,-1.676
1.979,-1.794
1.919,-1.413
1.749,-2.739
1.706,-1.354
1.741,-3.155
1.312,-3.13
1.18,-2.932
1.097,-3.301
1.011,-2.939
0.576,-3.094
0.258,-3.182
-1.181,-3.204
-1.446,-3.277
-1.88,-3.209
-2.14,-3.012
-2.232,-3.089
-2.547,-3.357
3.069,-3.119
2.893,-3.075
2.64,-3.106
2.539,-2.976
2.122,-3.035
0.978,1.232
-0.182,1.365
-0.7,1.157
-0.994,1.016
-1.515,1.295
-1.477,0.973
-3.111,1.104
2.823,1.379
2.436,0.935
0.894,0.54
-1.381,0.352
-1.713,0.348
-2.636,-2.886
2.924,1.011
2.087,-3.28
1.985,-3.198
-0.504,0.888
1.8,-0.17
1.74,-1.768
1.728,-1.82
1.614,-1.179
1.521,-0.625
1.387,-2.097
1.363,-1.251
1.256,-1.148
1.193,-1.977
1.332,0.88
1.153,0.755
1.251,-2.105
1.188,0.871
1.175,-1.49
0.884,-1.892
0.983,-1.743
0.977,-1.349
0.849,-1.22
0.796,-0.438
0.587,-2.551
0.57,-1.922
0.557,-1.007
0.516,0.36
0.458,-2.296
0.395,-0.493
0.351,-0.126
0.297,0.693
0.32,-0.664
0.397,0.502
0.203,-0.984
0.184,-1.2
0.066,-1.499
0.102,-1.577
0.063,-2.01
0.017,0.669
-0.114,-1.215
-0.042,0.955
-0.333,-1.232
-0.577,-2.12
-0.656,-1.37
-0.638,0.196
-0.77,-1.79
-0.77,-0.995
-0.932,-0.336
-0.872,-0.37
-1.0,-1.671
-0.88,-0.363
-0.908,0.183
-1.151,-1.333
-1.062,-1.845
-1.378,0.949
-1.265,0.117
-1.331,-0.605
-1.482,-2.591
-1.568,1.045
-1.548,-2.811
-1.448,-2.832
-1.599,-1.843
-1.476,-2.571
-1.56,-1.164
-1.577,0.641
-1.68,1.03
-1.838,-0.374
-1.851,0.423
-1.875,0.663
-1.933,1.028
-1.937,0.602
-2.029,-0.578
-2.035,-0.181
-2.181,0.998
-2.046,-2.815
-2.102,-2.093
-2.236,0.518
-2.129,0.781
-2.266,1.089
-2.325,-1.333
-2.236,-2.185
-2.248,-1.559
-2.354,-0.497
-2.484,-1.191
-2.351,-2.189
-2.512,0.746
-2.548,-2.566
-2.451,-2.097
-2.609,-0.111
-2.522,0.512
-2.589,-0.251
-2.649,-0.526
-2.786,-1.393
-2.917,-1.396
-2.935,-2.705
-2.964,0.921
-2.993,-0.352
3.12,0.691
3.071,-2.178
3.026,-2.797
2.991,-1.341
3.086,-1.516
3.019,0.37
2.891,-0.512
2.768,-1.813
2.865,-1.942
2.653,-2.711
2.289,-1.286
2.241,-2.042
2.208,-2.763
2.163,-0.566
2.147,-0.388
2.162,-0.3
2.127,-1.159
1.97,0.796
2.097,-0.557
1.95,-0.493
1.924,0.688
1.799,-0.998
1.767,0.152
1.609,-3.168
1.074,-3.329
1.175,-2.99
-0.082,-3.197
-0.375,-2.978
-1.033,-3.357
-1.249,-3.013
-1.327,-3.211
-1.421,-3.065
-2.62,-3.305
3.11,-2.955
1.893,-3.118
1.444,1.123
0.876,1.157
0.744,1.212
0.414,1.21
0.109,0.985
-0.975,1.135
-2.224,1.172
-3.06,1.264
-1.257,-0.05
-1.408,0.447
-1.659,-2.092
-2.694,-2.607
-0.761,-1.864
-1.884,-1.928
-2.784,-0.187
-2.802,-0.217
2.419,-0.743
1.265,0.494
0.213,-2.242
-2.694,0.252
2.942,-0.943
2.542,-1.621
2.52,-0.928
2.561,-1.812
2.44,-2.109
2.466,-0.963
0.179,-2.614
-0.979,-2.92
2.162,-2.848
2.11,-2.817
-1.75,0.853
-0.066,0.401
-0.095,0.873
-0.127,2.159
-0.057,1.396
-0.093,1.586
-0.214,1.775
-0.382,1.372
-0.377,0.247
-0.471,0.334
-0.519,2.176
-0.554,-0.678
-0.522,-0.873
-0.55,1.304
-0.548,1.326
-0.765,2.22
-0.808,1.662
-0.761,2.228
-0.859,0.568
-0.871,1.279
-0.886,1.254
-0.86,0.786
-1.098,2.224
-1.089,-0.022
-1.129,0.326
-1.213,0.231
-1.232,0.395
-1.315,0.875
-1.296,-0.896
-1.53,-0.413
-1.461,-0.704
-1.475,1.436
-1.532,0.409
-1.49,2.746
-1.523,2.657
-1.637,0.539
-1.576,0.395
-1.704,-0.399
-1.682,1.585
-1.736,0.454
-1.689,1.947
-1.756,0.19
-1.746,1.197
-1.745,0.717
-1.877,0.117
-1.893,-0.292
-1.92,1.276
-1.924,1.499
-1.905,1.742
-1.966,0.33
-1.977,-0.796
-1.991,0.365
-2.038,0.634
-1.96,2.598
-2.021,0.329
-2.094,0.317
-2.121,1.325
-2.056,0.464
-2.077,3.038
-2.189,1.99
-2.184,1.873
-2.26,2.594
-2.232,1.882
-2.292,0.83
-2.243,1.106
-2.248,2.836
-2.364,3.1
-2.39,1.183
-2.403,2.02
-2.443,0.629
-2.445,0.804
-2.554,-0.541
-2.564,1.286
-2.499,1.193
-2.646,1.815
-2.62,1.856
-2.774,0.444
-2.732,1.646
-2.811,1.664
-2.796,0.076
-2.957,-0.191
-3.053,2.843
-3.076,0.417
-3.077,1.545
3.1,0.454
3.037,1.186
3.077,1.467
3.054,1.667
2.95,1.627
2.964,0.41
2.927,-0.87
2.908,0.114
2.889,1.653
2.855,-0.852
2.736,0.503
2.786,1.336
2.764,0.491
2.69,-0.021
2.602,-0.416
2.645,1.798
2.6,1.739
2.276,0.94
2.232,0.402
2.215,-0.401
2.205,0.203
2.17,1.339
2.065,0.845
2.024,0.093
2.102,0.297
2.024,0.179
1.964,0.56
1.794,-0.766
1.751,0.619
1.786,-1.182
1.357,-1.157
1.225,-0.959
1.142,-1.328
1.056,-0.966
0.621,-1.121
0.303,-1.209
-1.136,-1.231
-1.401,-1.304
-1.835,-1.236
-2.095,-1.039
-2.187,-1.116
-2.502,-1.384
3.114,-1.146
2.938,-1.102
2.685,-1.133
2.584,-1.003
2.167,-1.062
1.023,3.205
-0.137,3.338
-0.655,3.13
-0.949,2.989
-1.47,3.268
-1.432,2.946
-3.066,3.077
2.868,3.352
2.481,2.908
0.939,2.513
-1.336,2.325
-1.668,2.321
-2.591,-0.913
2.969,2.984
2.132,-1.307
2.03,-1.225
-0.459,2.861
1.845,1.803
1.785,0.205
1.773,0.153
1.659,0.794
1.566,1.348
1.432,-0.124
1.408,0.722
1.301,0.825
1.238,-0.004
1.377,2.853
1.198,2.728
1.296,-0.132
1.233,2.844
1.22,0.483
0.929,0.081
1.028,0.23
1.022,0.624
0.894,0.753
0.841,1.535
0.632,-0.578
0.615,0.051
0.602,0.966
0.561,2.333
0.503,-0.323
0.44,1.48
0.396,1.847
0.342,2.666
0.365,1.309
0.442,2.475
0.248,0.989
0.229,0.773
0.111,0.474
0.147,0.396
0.108,-0.037
0.062,2.642
-0.069,0.758
0.003,2.928
-0.288,0.741
-0.532,-0.147
-0.611,0.603
-0.593,2.169
-0.725,0.183
-0.725,0.978
-0.887,1.637
-0.827,1.603
-0.955,0.302
-0.835,1.61
-0.863,2.156
-1.106,0.64
-1.017,0.128
-1.333,2.922
-1.22,2.09
-1.286,1.368
-1.437,-0.618
-1.523,3.018
-1.503,-0.838
-1.403,-0.859
-1.554,0.13
-1.431,-0.598
-1.515,0.809
-1.532,2.614
-1.635,3.003
-1.793,1.599
-1.806,2.396
-1.83,2.636
-1.888,3.001
-1.892,2.575
-1.984,1.395
-1.99,1.792
-2.136,2.971
-2.001,-0.842
-2.057,-0.12
-2.191,2.491
-2.084,2.754
-2.221,3.062
-2.28,0.64
-2.191,-0.212
-2.203,0.414
-2.309,1.476
-2.439,0.782
-2.306,-0.216
-2.467,2.719
-2.503,-0.593
-2.406,-0.124
-2.564,1.862
-2.477,2.485
-2.544,1.722
-2.604,1.447
-2.741,0.58
-2.872,0.577
-2.89,-0.732
-2.919,2.894
-2.948,1.621
-3.118,2.664
3.116,-0.205
3.071,-0.824
3.036,0.632
3.131,0.457
3.064,2.343
2.936,1.461
2.813,0.16
2.91,0.031
2.698,-0.738
2.334,0.687
2.286,-0.069
2.253,-0.79
2.208,1.407
2.192,1.585
2.207,1.673
2.172,0.814
2.015,2.769
2.142,1.416
1.995,1.48
1.969,2.661
1.844,0.975
1.812,2.125
1.654,-1.195
1.119,-1.356
1.22,-1.017
-0.037,-1.224
-0.33,-1.005
-0.988,-1.384
-1.204,-1.04
-1.282,-1.238
-1.376,-1.092
-2.575,-1.332
-3.128,-0.982
1.938,-1.145
1.489,3.096
0.921,3.13
0.789,3.185
0.459,3.183
0.154,2.958
-0.93,3.108
-2.179,3.145
-3.015,3.237
-1.212,1.923
-1.363,2.42
-1.614,-0.119
-2.649,-0.634
-0.716,0.109
-1.839,0.045
-2.739,1.786
-2.757,1.756
2.464,1.23
1.31,2.467
0.258,-0.269
-2.649,2.225
2.987,1.03
2.587,0.352
2.565,1.045
2.606,0.161
2.485,-0.136
2.511,1.01
0.224,-0.641
-0.934,-0.947
2.207,-0.875
2.155,-0.844
-1.705,2.826
-0.029,0.472
-0.061,1.758
0.009,0.995
-0.027,1.185
-0.148,1.374
-0.316,0.971
-0.311,-0.154
-0.405,-0.067
-0.453,1.775
-0.488,-1.079
-0.456,-1.274
-0.484,0.903
-0.482,0.925
-0.699,1.819
-0.742,1.261
-0.695,1.827
-0.793,0.167
-0.805,0.878
-0.82,0.853
-0.794,0.385
-1.032,1.823
-1.023,-0.423
-1.063,-0.075
-1.147,-0.17
-1.166,-0.006
-1.249,0.474
-1.23,-1.297
-1.464,-0.814
-1.395,-1.105
-1.409,1.035
-1.466,0.008
-1.424,2.345
-1.457,2.256
-1.571,0.138
-1.51,-0.006
-1.638,-0.8
-1.616,1.184
-1.67,0.053
-1.623,1.546
-1.69,-0.211
-1.68,0.796
-1.679,0.316
-1.811,-0.284
-1.827,-0.693
-1.854,0.875
-1.858,1.098
-1.839,1.341
-1.9,-0.071
-1.911,-1.197
-1.925,-0.036
-1.972,0.233
-1.894,2.197
-1.955,-0.072
-2.028,-0.084
-2.055,0.924
-1.99,0.063
-2.011,2.637
-2.123,1.589
-2.118,1.472
-2.194,2.193
-2.166,1.481
-2.226,0.429
-2.177,0.705
-2.182,2.435
-2.298,2.699
-2.324,0.782
-2.337,1.619
-2.377,0.228
-2.379,0.403
-2.488,-0.942
-2.498,0.885
-2.433,0.792
-2.58,1.414
-2.554,1.455
-2.708,0.043
-2.666,1.245
-2.745,1.263
-2.73,-0.325
-2.891,-0.592
-2.987,2.442
-3.01,0.016
-3.011,1.144
-3.117,0.053
3.103,0.785
-3.14,1.066
3.12,1.266
3.016,1.226
3.03,0.009
2.993,-1.271
2.974,-0.287
2.955,1.252
2.921,-1.253
2.802,0.102
2.852,0.935
2.83,0.09
2.756,-0.422
2.668,-0.817
2.711,1.397
2.666,1.338
2.342,0.539
2.298,0.001
2.281,-0.802
2.271,-0.198
2.236,0.938
2.131,0.444
2.09,-0.308
2.168,-0.104
2.09,-0.222
2.03,0.159
1.86,-1.167
1.817,0.218
1.852,-1.583
1.423,-1.558
1.291,-1.36
1.208,-1.729
1.122,-1.367
0.687,-1.522
0.369,-1.61
-1.07,-1.632
-1.335,-1.705
-1.769,-1.637
-2.029,-1.44
-2.121,-1.517
-2.436,-1.785
-3.103,-1.547
3.004,-1.503
2.751,-1.534
2.65,-1.404
2.233,-1.463
1.089,2.804
-0.071,2.937
-0.589,2.729
-0.883,2.588
-1.404,2.867
-1.366,2.545
-3.0,2.676
2.934,2.951
2.547,2.507
1.005,2.112
-1.27,1.924
-1.602,1.92
-2.525,-1.314
3.035,2.583
2.198,-1.708
2.096,-1.626
-0.393,2.46
1.911,1.402
1.851,-0.196
1.839,-0.248
1.725,0.393
1.632,0.947
1.498,-0.525
1.474,0.321
1.367,0.424
1.304,-0.405
1.443,2.452
1.264,2.327
1.362,-0.533
1.299,2.443
1.286,0.082
0.995,-0.32
1.094,-0.171
1.088,0.223
0.96,0.352
0.907,1.134
0.698,-0.979
0.681,-0.35
0.668,0.565
0.627,1.932
0.569,-0.724
0.506,1.079
0.462,1.446
0.408,2.265
0.431,0.908
0.508,2.074
0.314,0.588
0.295,0.372
0.177,0.073
0.213,-0.005
0.174,-0.438
0.128,2.241
-0.003,0.357
0.069,2.527
-0.222,0.34
-0.466,-0.548
-0.545,0.202
-0.527,1.768
-0.659,-0.218
-0.659,0.577
-0.821,1.236
-0.761,1.202
-0.889,-0.099
-0.769,1.209
-0.797,1.755
-1.04,0.239
-0.951,-0.273
-1.267,2.521
-1.154,1.689
-1.22,0.967
-1.371,-1.019
-1.457,2.617
-1.437,-1.239
-1.337,-1.26
-1.488,-0.271
-1.365,-0.999
-1.449,0.408
-1.466,2.213
-1.569,2.602
-1.727,1.198
-1.74,1.995
-1.764,2.235
-1.822,2.6
-1.826,2.174
-1.918,0.994
-1.924,1.391
-2.07,2.57
-1.935,-1.243
-1.991,-0.521
-2.125,2.09
-2.018,2.353
-2.155,2.661
-2.214,0.239
-2.125,-0.613
-2.137,0.013
-2.243,1.075
-2.373,0.381
-2.24,-0.617
-2.401,2.318
-2.437,-0.994
-2.34,-0.525
-2.498,1.461
-2.411,2.084
-2.478,1.321
-2.538,1.046
-2.675,0.179
-2.806,0.176
-2.824,-1.133
-2.853,2.493
-2.882,1.22
-3.052,2.263
-3.101,-0.606
3.137,-1.225
3.102,0.231
-3.086,0.056
3.13,1.942
3.002,1.06
2.879,-0.241
2.976,-0.37
2.764,-1.139
2.4,0.286
2.352,-0.47
2.319,-1.191
2.274,1.006
2.258,1.184
2.273,1.272
2.238,0.413
2.081,2.368
2.208,1.015
2.061,1.079
2.035,2.26
1.91,0.574
1.878,1.724
1.72,-1.596
1.185,-1.757
1.286,-1.418
0.029,-1.625
-0.264,-1.406
-0.922,-1.785
-1.138,-1.441
-1.216,-1.639
-1.31,-1.493
-2.509,-1.733
-3.062,-1.383
2.004,-1.546
1.555,2.695
0.987,2.729
0.855,2.784
0.525,2.782
0.22,2.557
-0.864,2.707
-2.113,2.744
-2.949,2.836
-1.146,1.522
-1.297,2.019
-1.548,-0.52
-2.583,-1.035
-0.65,-0.292
-1.773,-0.356
-2.673,1.385
-2.691,1.355
2.53,0.829
1.376,2.066
0.324,-0.67
-2.583,1.824
3.053,0.629
2.653,-0.049
2.631,0.644
2.672,-0.24
2.551,-0.537
2.577,0.609
0.29,-1.042
-0.868,-1.348
2.273,-1.276
2.221,-1.245
-1.639,2.425
-0.032,1.286
0.038,0.523
0.002,0.713
-0.119,0.902
-0.287,0.499
-0.282,-0.626
-0.376,-0.539
-0.424,1.303
-0.459,-1.551
-0.427,-1.746
-0.455,0.431
-0.453,0.453
-0.67,1.347
-0.713,0.789
-0.666,1.355
-0.764,-0.305
-0.776,0.406
-0.791,0.381
-0.765,-0.087
-1.003,1.351
-0.994,-0.895
-1.034,-0.547
-1.118,-0.642
-1.137,-0.478
-1.22,0.002
-1.201,-1.769
-1.435,-1.286
-1.366,-1.577
-1.38,0.563
-1.437,-0.464
-1.395,1.873
-1.428,1.784
-1.542,-0.334
-1.481,-0.478
-1.609,-1.272
-1.587,0.712
-1.641,-0.419
-1.594,1.074
-1.661,-0.683
-1.651,0.324
-1.65,-0.156
-1.782,-0.756
-1.798,-1.165
-1.825,0.403
-1.829,0.626
-1.81,0.869
-1.871,-0.543
-1.882,-1.669
-1.896,-0.508
-1.943,-0.239
-1.865,1.725
-1.926,-0.544
-1.999,-0.556
-2.026,0.452
-1.961,-0.409
-1.982,2.165
-2.094,1.117
-2.089,1.0
-2.165,1.721
-2.137,1.009
-2.197,-0.043
-2.148,0.233
-2.153,1.963
-2.269,2.227
-2.295,0.31
-2.308,1.147
-2.348,-0.244
-2.35,-0.069
-2.459,-1.414
-2.469,0.413
-2.404,0.32
-2.551,0.942
-2.525,0.983
-2.679,-0.429
-2.637,0.773
-2.716,0.791
-2.701,-0.797
-2.862,-1.064
-2.958,1.97
-2.981,-0.456
-2.982,0.672
-3.088,-0.419
3.132,0.313
-3.111,0.594
-3.134,0.794
3.045,0.754
3.059,-0.463
3.022,-1.743
3.003,-0.759
2.984,0.78
2.95,-1.725
2.831,-0.37
2.881,0.463
2.859,-0.382
2.785,-0.894
2.697,-1.289
2.74,0.925
2.695,0.866
2.371,0.067
2.327,-0.471
2.31,-1.274
2.3,-0.67
2.265,0.466
2.16,-0.028
2.119,-0.78
2.197,-0.576
2.119,-0.694
2.059,-0.313
1.889,-1.639
1.846,-0.254
1.881,-2.055
1.452,-2.03
1.32,-1.832
1.237,-2.201
1.151,-1.839
0.716,-1.994
0.398,-2.082
-1.041,-2.104
-1.306,-2.177
-1.74,-2.109
-2.0,-1.912
-2.092,-1.989
-2.407,-2.257
-3.074,-2.019
3.033,-1.975
2.78,-2.006
2.679,-1.876
2.262,-1.935
1.118,2.332
-0.042,2.465
-0.56,2.257
-0.854,2.116
-1.375,2.395
-1.337,2.073
-2.971,2.204
2.963,2.479
2.576,2.035
1.034,1.64
-1.241,1.452
-1.573,1.448
-2.496,-1.786
3.064,2.111
2.227,-2.18
2.125,-2.098
-0.364,1.988
1.94,0.93
1.88,-0.668
1.868,-0.72
1.754,-0.079
1.661,0.475
1.527,-0.997
1.503,-0.151
1.396,-0.048
1.333,-0.877
1.472,1.98
1.293,1.855
1.391,-1.005
1.328,1.971
1.315,-0.39
1.024,-0.792
1.123,-0.643
1.117,-0.249
0.989,-0.12
0.936,0.662
0.727,-1.451
0.71,-0.822
0.697,0.093
0.656,1.46
0.598,-1.196
0.535,0.607
0.491,0.974
0.437,1.793
0.46,0.436
0.537,1.602
0.343,0.116
0.324,-0.1
0.206,-0.399
0.242,-0.477
0.203,-0.91
0.157,1.769
0.026,-0.115
0.098,2.055
-0.193,-0.132
-0.437,-1.02
-0.516,-0.27
-0.498,1.296
-0.63,-0.69
-0.63,0.105
-0.792,0.764
-0.732,0.73
-0.86,-0.571
-0.74,0.737
-0.768,1.283
-1.011,-0.233
-0.922,-0.745
-1.238,2.049
-1.125,1.217
-1.191,0.495
-1.342,-1.491
-1.428,2.145
-1.408,-1.711
-1.308,-1.732
-1.459,-0.743
-1.336,-1.471
-1.42,-0.064
-1.437,1.741
-1.54,2.13
-1.698,0.726
-1.711,1.523
-1.735,1.763
-1.793,2.128
-1.797,1.702
-1.889,0.522
-1.895,0.919
-2.041,2.098
-1.906,-1.715
-1.962,-0.993
-2.096,1.618
-1.989,1.881
-2.126,2.189
-2.185,-0.233
-2.096,-1.085
-2.108,-0.459
-2.214,0.603
-2.344,-0.091
-2.211,-1.089
-2.372,1.846
-2.408,-1.466
-2.311,-0.997
-2.469,0.989
-2.382,1.612
-2.449,0.849
-2.509,0.574
-2.646,-0.293
-2.777,-0.296
-2.795,-1.605
-2.824,2.021
-2.853,0.748
-3.023,1.791
-3.072,-1.078
-3.117,-1.697
3.131,-0.241
-3.057,-0.416
-3.124,1.47
3.031,0.588
2.908,-0.713
3.005,-0.842
2.793,-1.611
2.429,-0.186
2.381,-0.942
2.348,-1.663
2.303,0.534
2.287,0.712
2.302,0.8
2.267,-0.059
2.11,1.896
2.237,0.543
2.09,0.607
2.064,1.788
1.939,0.102
1.907,1.252
1.749,-2.068
1.214,-2.229
1.315,-1.89
0.058,-2.097
-0.235,-1.878
-0.893,-2.257
-1.109,-1.913
-1.187,-2.111
-1.281,-1.965
-2.48,-2.205
-3.033,-1.855
2.033,-2.018
1.584,2.223
1.016,2.257
0.884,2.312
0.554,2.31
0.249,2.085
-0.835,2.235
-2.084,2.272
-2.92,2.364
-1.117,1.05
-1.268,1.547
-1.519,-0.992
-2.554,-1.507
-0.621,-0.764
-1.744,-0.828
-2.644,0.913
-2.662,0.883
2.559,0.357
1.405,1.594
0.353,-1.142
-2.554,1.352
3.082,0.157
2.682,-0.521
2.66,0.172
2.701,-0.712
2.58,-1.009
2.606,0.137
0.319,-1.514
-0.839,-1.82
2.302,-1.748
2.25,-1.717
-1.61,1.953
0.07,-0.763
0.034,-0.573
-0.087,-0.384
-0.255,-0.787
-0.25,-1.912
-0.344,-1.825
-0.392,0.017
-0.427,-2.837
-0.395,-3.032
-0.423,-0.855
-0.421,-0.833
-0.638,0.061
-0.681,-0.497
-0.634,0.069
-0.732,-1.591
-0.744,-0.88
-0.759,-0.905
-0.733,-1.373
-0.971,0.065
-0.962,-2.181
-1.002,-1.833
-1.086,-1.928
-1.105,-1.764
-1.188,-1.284
-1.169,-3.055
-1.403,-2.572
-1.334,-2.863
-1.348,-0.723
-1.405,-1.75
-1.363,0.587
-1.396,0.498
-1.51,-1.62
-1.449,-1.764
-1.577,-2.558
-1.555,-0.574
-1.609,-1.705
-1.562,-0.212
-1.629,-1.969
-1.619,-0.962
-1.618,-1.442
-1.75,-2.042
-1.766,-2.451
-1.793,-0.883
-1.797,-0.66
-1.778,-0.417
-1.839,-1.829
-1.85,-2.955
-1.864,-1.794
-1.911,-1.525
-1.833,0.439
-1.894,-1.83
-1.967,-1.842
-1.994,-0.834
-1.929,-1.695
-1.95,0.879
-2.062,-0.169
-2.057,-0.286
-2.133,0.435
-2.105,-0.277
-2.165,-1.329
-2.116,-1.053
-2.121,0.677
-2.237,0.941
-2.263,-0.976
-2.276,-0.139
-2.316,-1.53
-2.318,-1.355
-2.427,-2.7
-2.437,-0.873
-2.372,-0.966
-2.519,-0.344
-2.493,-0.303
-2.647,-1.715
-2.605,-0.513
-2.684,-0.495
-2.669,-2.083
-2.83,-2.35
-2.926,0.684
-2.949,-1.742
-2.95,-0.614
-3.056,-1.705
-3.119,-0.973
-3.079,-0.692
-3.102,-0.492
3.077,-0.532
3.091,-1.749
3.054,-3.029
3.035,-2.045
3.016,-0.506
2.982,-3.011
2.863,-1.656
2.913,-0.823
2.891,-1.668
2.817,-2.18
2.729,-2.575
2.772,-0.361
2.727,-0.42
2.403,-1.219
2.359,-1.757
2.342,-2.56
2.332,-1.956
2.297,-0.82
2.192,-1.314
2.151,-2.066
2.229,-1.862
2.151,-1.98
2.091,-1.599
1.921,-2.925
1.878,-1.54
1.913,-3.341
1.484,-3.316
1.352,-3.118
1.269,-3.487
1.183,-3.125
0.748,-3.28
0.43,-3.368
-1.009,-3.39
-1.274,-3.463
-1.708,-3.395
-1.968,-3.198
-2.06,-3.275
-2.375,-3.543
-3.042,-3.305
3.065,-3.261
2.812,-3.292
2.711,-3.162
2.294,-3.221
1.15,1.046
-0.01,1.179
-0.528,0.971
-0.822,0.83
-1.343,1.109
-1.305,0.787
-2.939,0.918
2.995,1.193
2.608,0.749
1.066,0.354
-1.209,0.166
-1.541,0.162
-2.464,-3.072
3.096,0.825
2.259,-3.466
2.157,-3.384
-0.332,0.702
1.972,-0.356
1.912,-1.954
1.9,-2.006
1.786,-1.365
1.693,-0.811
1.559,-2.283
1.535,-1.437
1.428,-1.334
1.365,-2.163
1.504,0.694
1.325,0.569
1.423,-2.291
1.36,0.685
1.347,-1.676
1.056,-2.078
1.155,-1.929
1.149,-1.535
1.021,-1.406
0.968,-0.624
0.759,-2.737
0.742,-2.108
0.729,-1.193
0.688,0.174
0.63,-2.482
0.567,-0.679
0.523,-0.312
0.469,0.507
0.492,-0.85
0.569,0.316
0.375,-1.17
0.356,-1.386
0.238,-1.685
0.274,-1.763
0.235,-2.196
0.189,0.483
0.058,-1.401
0.13,0.769
-0.161,-1.418
-0.405,-2.306
-0.484,-1.556
-0.466,0.01
-0.598,-1.976
-0.598,-1.181
-0.76,-0.522
-0.7,-0.556
-0.828,-1.857
-0.708,-0.549
-0.736,-0.003
-0.979,-1.519
-0.89,-2.031
-1.206,0.763
-1.093,-0.069
-1.159,-0.791
-1.31,-2.777
-1.396,0.859
-1.376,-2.997
-1.276,-3.018
-1.427,-2.029
-1.304,-2.757
-1.388,-1.35
-1.405,0.455
-1.508,0.844
-1.666,-0.56
-1.679,0.237
-1.703,0.477
-1.761,0.842
-1.765,0.416
-1.857,-0.764
-1.863,-0.367
-2.009,0.812
-1.874,-3.001
-1.93,-2.279
-2.064,0.332
-1.957,0.595
-2.094,0.903
-2.153,-1.519
-2.064,-2.371
-2.076,-1.745
-2.182,-0.683
-2.312,-1.377
-2.179,-2.375
-2.34,0.56
-2.376,-2.752
-2.279,-2.283
-2.437,-0.297
-2.35,0.326
-2.417,-0.437
-2.477,-0.712
-2.614,-1.579
-2.745,-1.582
-2.763,-2.891
-2.792,0.735
-2.821,-0.538
-2.991,0.505
-3.04,-2.364
-3.085,-2.983
-3.12,-1.527
-3.025,-1.702
-3.092,0.184
3.063,-0.698
2.94,-1.999
3.037,-2.128
2.825,-2.897
2.461,-1.472
2.413,-2.228
2.38,-2.949
2.335,-0.752
2.319,-0.574
2.334,-0.486
2.299,-1.345
2.142,0.61
2.269,-0.743
2.122,-0.679
2.096,0.502
1.971,-1.184
1.939,-0.034
1.781,-3.354
1.246,-3.515
1.347,-3.176
0.09,-3.383
-0.203,-3.164
-0.861,-3.543
-1.077,-3.199
-1.155,-3.397
-1.249,-3.251
-2.448,-3.491
-3.001,-3.141
2.065,-3.304
1.616,0.937
1.048,0.971
0.916,1.026
0.586,1.024
0.281,0.799
-0.803,0.949
-2.052,0.986
-2.888,1.078
-1.085,-0.236
-1.236,0.261
-1.487,-2.278
-2.522,-2.793
-0.589,-2.05
-1.712,-2.114
-2.612,-0.373
-2.63,-0.403
2.591,-0.929
1.437,0.308
0.385,-2.428
-2.522,0.066
3.114,-1.129
2.714,-1.807
2.692,-1.114
2.733,-1.998
2.612,-2.295
2.638,-1.149
0.351,-2.8
-0.807,-3.106
2.334,-3.034
2.282,-3.003
-1.578,0.667
-0.036,0.19
-0.157,0.379
-0.325,-0.024
-0.32,-1.149
-0.414,-1.062
-0.462,0.78
-0.497,-2.074
-0.465,-2.269
-0.493,-0.092
-0.491,-0.07
-0.708,0.824
-0.751,0.266
-0.704,0.832
-0.802,-0.828
-0.814,-0.117
-0.829,-0.142
-0.803,-0.61
-1.041,0.828
-1.032,-1.418
-1.072,-1.07
-1.156,-1.165
-1.175,-1.001
-1.258,-0.521
-1.239,-2.292
-1.473,-1.809
-1.404,-2.1
-1.418,0.04
-1.475,-0.987
-1.433,1.35
-1.466,1.261
-1.58,-0.857
-1.519,-1.001
-1.647,-1.795
-1.625,0.189
-1.679,-0.942
-1.632,0.551
-1.699,-1.206
-1.689,-0.199
-1.688,-0.679
-1.82,-1.279
-1.836,-1.688
-1.863,-0.12
-1.867,0.103
-1.848,0.346
-1.909,-1.066
-1.92,-2.192
-1.934,-1.031
-1.981,-0.762
-1.903,1.202
-1.964,-1.067
-2.037,-1.079
-2.064,-0.071
-1.999,-0.932
-2.02,1.642
-2.132,0.594
-2.127,0.477
-2.203,1.198
-2.175,0.486
-2.235,-0.566
-2.186,-0.29
-2.191,1.44
-2.307,1.704
-2.333,-0.213
-2.346,0.624
-2.386,-0.767
-2.388,-0.592
-2.497,-1.937
-2.507,-0.11
-2.442,-0.203
-2.589,0.419
-2.563,0.46
-2.717,-0.952
-2.675,0.25
-2.754,0.268
-2.739,-1.32
-2.9,-1.587
-2.996,1.447
-3.019,-0.979
-3.02,0.149
-3.126,-0.942
3.094,-0.21
3.134,0.071
3.111,0.271
3.007,0.231
3.021,-0.986
2.984,-2.266
2.965,-1.282
2.946,0.257
2.912,-2.248
2.793,-0.893
2.843,-0.06
2.821,-0.905
2.747,-1.417
2.659,-1.812
2.702,0.402
2.657,0.343
2.333,-0.456
2.289,-0.994
2.272,-1.797
2.262,-1.193
2.227,-0.057
2.122,-0.551
2.081,-1.303
2.159,-1.099
2.081,-1.217
2.021,-0.836
1.851,-2.162
1.808,-0.777
1.843,-2.578
1.414,-2.553
1.282,-2.355
1.199,-2.724
1.113,-2.362
0.678,-2.517
0.36,-2.605
-1.079,-2.627
-1.344,-2.7
-1.778,-2.632
-2.038,-2.435
-2.13,-2.512
-2.445,-2.78
-3.112,-2.542
2.995,-2.498
2.742,-2.529
2.641,-2.399
2.224,-2.458
1.08,1.809
-0.08,1.942
-0.598,1.734
-0.892,1.593
-1.413,1.872
-1.375,1.55
-3.009,1.681
2.925,1.956
2.538,1.512
0.996,1.117
-1.279,0.929
-1.611,0.925
-2.534,-2.309
3.026,1.588
2.189,-2.703
2.087,-2.621
-0.402,1.465
1.902,0.407
1.842,-1.191
1.83,-1.243
1.716,-0.602
1.623,-0.048
1.489,-1.52
1.465,-0.674
1.358,-0.571
1.295,-1.4
1.434,1.457
1.255,1.332
1.353,-1.528
1.29,1.448
1.277,-0.913
0.986,-1.315
1.085,-1.166
1.079,-0.772
0.951,-0.643
0.898,0.139
0.689,-1.974
0.672,-1.345
0.659,-0.43
0.618,0.937
0.56,-1.719
0.497,0.084
0.453,0.451
0.399,1.27
0.422,-0.087
0.499,1.079
0.305,-0.407
0.286,-0.623
0.168,-0.922
0.204,-1.0
0.165,-1.433
0.119,1.246
-0.012,-0.638
0.06,1.532
-0.231,-0.655
-0.475,-1.543
-0.554,-0.793
-0.536,0.773
-0.668,-1.213
-0.668,-0.418
-0.83,0.241
-0.77,0.207
-0.898,-1.094
-0.778,0.214
-0.806,0.76
-1.049,-0.756
-0.96,-1.268
-1.276,1.526
-1.163,0.694
-1.229,-0.028
-1.38,-2.014
-1.466,1.622
-1.446,-2.234
-1.346,-2.255
-1.497,-1.266
-1.374,-1.994
-1.458,-0.587
-1.475,1.218
-1.578,1.607
-1.736,0.203
-1.749,1.0
-1.773,1.24
-1.831,1.605
-1.835,1.179
-1.927,-0.001
-1.933,0.396
-2.079,1.575
-1.944,-2.238
-2.0,-1.516
-2.134,1.095
-2.027,1.358
-2.164,1.666
-2.223,-0.756
-2.134,-1.608
-2.146,-0.982
-2.252,0.08
-2.382,-0.614
-2.249,-1.612
-2.41,1.323
-2.446,-1.989
-2.349,-1.52
-2.507,0.466
-2.42,1.089
-2.487,0.326
-2.547,0.051
-2.684,-0.816
-2.815,-0.819
-2.833,-2.128
-2.862,1.498
-2.891,0.225
-3.061,1.268
-3.11,-1.601
3.128,-2.22
3.093,-0.764
-3.095,-0.939
3.121,0.947
2.993,0.065
2.87,-1.236
2.967,-1.365
2.755,-2.134
2.391,-0.709
2.343,-1.465
2.31,-2.186
2.265,0.011
2.249,0.189
2.264,0.277
2.229,-0.582
2.072,1.373
2.199,0.02
2.052,0.084
2.026,1.265
1.901,-0.421
1.869,0.729
1.711,-2.591
1.176,-2.752
1.277,-2.413
0.02,-2.62
-0.273,-2.401
-0.931,-2.78
-1.147,-2.436
-1.225,-2.634
-1.319,-2.488
-2.518,-2.728
-3.071,-2.378
1.995,-2.541
1.546,1.7
0.978,1.734
0.846,1.789
0.516,1.787
0.211,1.562
-0.873,1.712
-2.122,1.749
-2.958,1.841
-1.155,0.527
-1.306,1.024
-1.557,-1.515
-2.592,-2.03
-0.659,-1.287
-1.782,-1.351
-2.682,0.39
-2.7,0.36
2.521,-0.166
1.367,1.071
0.315,-1.665
-2.592,0.829
3.044,-0.366
2.644,-1.044
2.622,-0.351
2.663,-1.235
2.542,-1.532
2.568,-0.386
0.281,-2.037
-0.877,-2.343
2.264,-2.271
2.212,-2.24
-1.648,1.43
-0.121,0.189
-0.289,-0.214
-0.284,-1.339
-0.378,-1.252
-0.426,0.59
-0.461,-2.264
-0.429,-2.459
-0.457,-0.282
-0.455,-0.26
-0.672,0.634
-0.715,0.076
-0.668,0.642
-0.766,-1.018
-0.778,-0.307
-0.793,-0.332
-0.767,-0.8
-1.005,0.638
-0.996,-1.608
-1.036,-1.26
-1.12,-1.355
-1.139,-1.191
-1.222,-0.711
-1.203,-2.482
-1.437,-1.999
-1.368,-2.29
-1.382,-0.15
-1.439,-1.177
-1.397,1.16
-1.43,1.071
-1.544,-1.047
-1.483,-1.191
-1.611,-1.985
-1.589,-0.001
-1.643,-1.132
-1.596,0.361
-1.663,-1.396
-1.653,-0.389
-1.652,-0.869
-1.784,-1.469
-1.8,-1.878
-1.827,-0.31
-1.831,-0.087
-1.812,0.156
-1.873,-1.256
-1.884,-2.382
-1.898,-1.221
-1.945,-0.952
-1.867,1.012
-1.928,-1.257
-2.001,-1.269
-2.028,-0.261
-1.963,-1.122
-1.984,1.452
-2.096,0.404
-2.091,0.287
-2.167,1.008
-2.139,0.296
-2.199,-0.756
-2.15,-0.48
-2.155,1.25
-2.271,1.514
-2.297,-0.403
-2.31,0.434
-2.35,-0.957
-2.352,-0.782
-2.461,-2.127
-2.471,-0.3
-2.406,-0.393
-2.553,0.229
-2.527,0.27
-2.681,-1.142
-2.639,0.06
-2.718,0.078
-2.703,-1.51
-2.864,-1.777
-2.96,1.257
-2.983,-1.169
-2.984,-0.041
-3.09,-1.132
3.13,-0.4
-3.113,-0.119
-3.136,0.081
3.043,0.041
3.057,-1.176
3.02,-2.456
3.001,-1.472
2.982,0.067
2.948,-2.438
2.829,-1.083
2.879,-0.25
2.857,-1.095
2.783,-1.607
2.695,-2.002
2.738,0.212
2.693,0.153
2.369,-0.646
2.325,-1.184
2.308,-1.987
2.298,-1.383
2.263,-0.247
2.158,-0.741
2.117,-1.493
2.195,-1.289
2.117,-1.407
2.057,-1.026
1.887,-2.352
1.844,-0.967
1.879,-2.768
1.45,-2.743
1.318,-2.545
1.235,-2.914
1.149,-2.552
0.714,-2.707
0.396,-2.795
-1.043,-2.817
-1.308,-2.89
-1.742,-2.822
-2.002,-2.625
-2.094,-2.702
-2.409,-2.97
-3.076,-2.732
3.031,-2.688
2.778,-2.719
2.677,-2.589
2.26,-2.648
1.116,1.619
-0.044,1.752
-0.562,1.544
-0.856,1.403
-1.377,1.682
-1.339,1.36
-2.973,1.491
2.961,1.766
2.574,1.322
1.032,0.927
-1.243,0.739
-1.575,0.735
-2.498,-2.499
3.062,1.398
2.225,-2.893
2.123,-2.811
-0.366,1.275
1.938,0.217
1.878,-1.381
1.866,-1.433
1.752,-0.792
1.659,-0.238
1.525,-1.71
1.501,-0.864
1.394,-0.761
1.331,-1.59
1.47,1.267
1.291,1.142
1.389,-1.718
1.326,1.258
1.313,-1.103
1.022,-1.505
1.121,-1.356
1.115,-0.962
0.987,-0.833
0.934,-0.051
0.725,-2.164
0.708,-1.535
0.695,-0.62
0.654,0.747
0.596,-1.909
0.533,-0.106
0.489,0.261
0.435,1.08
0.458,-0.277
0.535,0.889
0.341,-0.597
0.322,-0.813
0.204,-1.112
0.24,-1.19
0.201,-1.623
0.155,1.056
0.024,-0.828
0.096,1.342
-0.195,-0.845
-0.439,-1.733
-0.518,-0.983
-0.5,0.583
-0.632,-1.403
-0.632,-0.608
-0.794,0.051
-0.734,0.017
-0.862,-1.284
-0.742,0.024
-0.77,0.57
-1.013,-0.946
-0.924,-1.458
-1.24,1.336
-1.127,0.504
-1.193,-0.218
-1.344,-2.204
-1.43,1.432
-1.41,-2.424
-1.31,-2.445
-1.461,-1.456
-1.338,-2.184
-1.422,-0.777
-1.439,1.028
-1.542,1.417
-1.7,0.013
-1.713,0.81
-1.737,1.05
-1.795,1.415
-1.799,0.989
-1.891,-0.191
-1.897,0.206
-2.043,1.385
-1.908,-2.428
-1.964,-1.706
-2.098,0.905
-1.991,1.168
-2.128,1.476
-2.187,-0.946
-2.098,-1.798
-2.11,-1.172
-2.216,-0.11
-2.346,-0.804
-2.213,-1.802
-2.374,1.133
-2.41,-2.179
-2.313,-1.71
-2.471,0.276
-2.384,0.899
-2.451,0.136
-2.511,-0.139
-2.648,-1.006
-2.779,-1.009
-2.797,-2.318
-2.826,1.308
-2.855,0.035
-3.025,1.078
-3.074,-1.791
-3.119,-2.41
3.129,-0.954
-3.059,-1.129
-3.126,0.757
3.029,-0.125
2.906,-1.426
3.003,-1.555
2.791,-2.324
2.427,-0.899
2.379,-1.655
2.346,-2.376
2.301,-0.179
2.285,-0.001
2.3,0.087
2.265,-0.772
2.108,1.183
2.235,-0.17
2.088,-0.106
2.062,1.075
1.937,-0.611
1.905,0.539
1.747,-2.781
1.212,-2.942
1.313,-2.603
0.056,-2.81
-0.237,-2.591
-0.895,-2.97
-1.111,-2.626
-1.189,-2.824
-1.283,-2.678
-2.482,-2.918
-3.035,-2.568
2.031,-2.731
1.582,1.51
1.014,1.544
0.882,1.599
0.552,1.597
0.247,1.372
-0.837,1.522
-2.086,1.559
-2.922,1.651
-1.119,0.337
-1.27,0.834
-1.521,-1.705
-2.556,-2.22
-0.623,-1.477
-1.746,-1.541
-2.646,0.2
-2.664,0.17
2.557,-0.356
1.403,0.881
0.351,-1.855
-2.556,0.639
3.08,-0.556
2.68,-1.234
2.658,-0.541
2.699,-1.425
2.578,-1.722
2.604,-0.576
0.317,-2.227
-0.841,-2.533
2.3,-2.461
2.248,-2.43
-1.612,1.24
-0.168,-0.403
-0.163,-1.528
-0.257,-1.441
-0.305,0.401
-0.34,-2.453
-0.308,-2.648
-0.336,-0.471
-0.334,-0.449
-0.551,0.445
-0.594,-0.113
-0.547,0.453
-0.645,-1.207
-0.657,-0.496
-0.672,-0.521
-0.646,-0.989
-0.884,0.449
-0.875,-1.797
-0.915,-1.449
-0.999,-1.544
-1.018,-1.38
-1.101,-0.9
-1.082,-2.671
-1.316,-2.188
-1.247,-2.479
-1.261,-0.339
-1.318,-1.366
-1.276,0.971
-1.309,0.882
-1.423,-1.236
-1.362,-1.38
-1.49,-2.174
-1.468,-0.19
-1.522,-1.321
-1.475,0.172
-1.542,-1.585
-1.532,-0.578
-1.531,-1.058
-1.663,-1.658
-1.679,-2.067
-1.706,-0.499
-1.71,-0.276
-1.691,-0.033
-1.752,-1.445
-1.763,-2.571
-1.777,-1.41
-1.824,-1.141
-1.746,0.823
-1.807,-1.446
-1.88,-1.458
-1.907,-0.45
-1.842,-1.311
-1.863,1.263
-1.975,0.215
-1.97,0.098
-2.046,0.819
-2.018,0.107
-2.078,-0.945
-2.029,-0.669
-2.034,1.061
-2.15,1.325
-2.176,-0.592
-2.189,0.245
-2.229,-1.146
-2.231,-0.971
-2.34,-2.316
-2.35,-0.489
-2.285,-0.582
-2.432,0.04
-2.406,0.081
-2.56,-1.331
-2.518,-0.129
-2.597,-0.111
-2.582,-1.699
-2.743,-1.966
-2.839,1.068
-2.862,-1.358
-2.863,-0.23
-2.969,-1.321
-3.032,-0.589
-2.992,-0.308
-3.015,-0.108
-3.119,-0.148
-3.105,-1.365
3.141,-2.645
3.122,-1.661
3.103,-0.122
3.069,-2.627
2.95,-1.272
3.0,-0.439
2.978,-1.284
2.904,-1.796
2.816,-2.191
2.859,0.023
2.814,-0.036
2.49,-0.835
2.446,-1.373
2.429,-2.176
2.419,-1.572
2.384,-0.436
2.279,-0.93
2.238,-1.682
2.316,-1.478
2.238,-1.596
2.178,-1.215
2.008,-2.541
1.965,-1.156
2.0,-2.957
1.571,-2.932
1.439,-2.734
1.356,-3.103
1.27,-2.741
0.835,-2.896
0.517,-2.984
-0.922,-3.006
-1.187,-3.079
-1.621,-3.011
-1.881,-2.814
-1.973,-2.891
-2.288,-3.159
-2.955,-2.921
-3.131,-2.877
2.899,-2.908
2.798,-2.778
2.381,-2.837
1.237,1.43
0.077,1.563
-0.441,1.355
-0.735,1.214
-1.256,1.493
-1.218,1.171
-2.852,1.302
3.082,1.577
2.695,1.133
1.153,0.738
-1.122,0.55
-1.454,0.546
-2.377,-2.688
-3.1,1.209
2.346,-3.082
2.244,-3.0
-0.245,1.086
2.059,0.028
1.999,-1.57
1.987,-1.622
1.873,-0.981
1.78,-0.427
1.646,-1.899
1.622,-1.053
1.515,-0.95
1.452,-1.779
1.591,1.078
1.412,0.953
1.51,-1.907
1.447,1.069
1.434,-1.292
1.143,-1.694
1.242,-1.545
1.236,-1.151
1.108,-1.022
1.055,-0.24
0.846,-2.353
0.829,-1.724
0.816,-0.809
0.775,0.558
0.717,-2.098
0.654,-0.295
0.61,0.072
0.556,0.891
0.579,-0.466
0.656,0.7
0.462,-0.786
0.443,-1.002
0.325,-1.301
0.361,-1.379
0.322,-1.812
0.276,0.867
0.145,-1.017
0.217,1.153
-0.074,-1.034
-0.318,-1.922
-0.397,-1.172
-0.379,0.394
-0.511,-1.592
-0.511,-0.797
-0.673,-0.138
-0.613,-0.172
-0.741,-1.473
-0.621,-0.165
-0.649,0.381
-0.892,-1.135
-0.803,-1.647
-1.119,1.147
-1.006,0.315
-1.072,-0.407
-1.223,-2.393
-1.309,1.243
-1.289,-2.613
-1.189,-2.634
-1.34,-1.645
-1.217,-2.373
-1.301,-0.966
-1.318,0.839
-1.421,1.228
-1.579,-0.176
-1.592,0.621
-1.616,0.861
-1.674,1.226
-1.678,0.8
-1.77,-0.38
-1.776,0.017
-1.922,1.196
-1.787,-2.617
-1.843,-1.895
-1.977,0.716
-1.87,0.979
-2.007,1.287
-2.066,-1.135
-1.977,-1.987
-1.989,-1.361
-2.095,-0.299
-2.225,-0.993
-2.092,-1.991
-2.253,0.944
-2.289,-2.368
-2.192,-1.899
-2.35,0.087
-2.263,0.71
-2.33,-0.053
-2.39,-0.328
-2.527,-1.195
-2.658,-1.198
-2.676,-2.507
-2.705,1.119
-2.734,-0.154
-2.904,0.889
-2.953,-1.98
-2.998,-2.599
-3.033,-1.143
-2.938,-1.318
-3.005,0.568
-3.133,-0.314
3.027,-1.615
3.124,-1.744
2.912,-2.513
2.548,-1.088
2.5,-1.844
2.467,-2.565
2.422,-0.368
2.406,-0.19
2.421,-0.102
2.386,-0.961
2.229,0.994
2.356,-0.359
2.209,-0.295
2.183,0.886
2.058,-0.8
2.026,0.35
1.868,-2.97
1.333,-3.131
1.434,-2.792
0.177,-2.999
-0.116,-2.78
-0.774,-3.159
-0.99,-2.815
-1.068,-3.013
-1.162,-2.867
-2.361,-3.107
-2.914,-2.757
2.152,-2.92
1.703,1.321
1.135,1.355
1.003,1.41
0.673,1.408
0.368,1.183
-0.716,1.333
-1.965,1.37
-2.801,1.462
-0.998,0.148
-1.149,0.645
-1.4,-1.894
-2.435,-2.409
-0.502,-1.666
-1.625,-1.73
-2.525,0.011
-2.543,-0.019
2.678,-0.545
1.524,0.692
0.472,-2.044
-2.435,0.45
-3.082,-0.745
2.801,-1.423
2.779,-0.73
2.82,-1.614
2.699,-1.911
2.725,-0.765
0.438,-2.416
-0.72,-2.722
2.421,-2.65
2.369,-2.619
-1.491,1.051
0.005,-1.125
-0.089,-1.038
-0.137,0.804
-0.172,-2.05
-0.14,-2.245
-0.168,-0.068
-0.166,-0.046
-0.383,0.848
-0.426,0.29
-0.379,0.856
-0.477,-0.804
-0.489,-0.093
-0.504,-0.118
-0.478,-0.586
-0.716,0.852
-0.707,-1.394
-0.747,-1.046
-0.831,-1.141
-0.85,-0.977
-0.933,-0.497
-0.914,-2.268
-1.148,-1.785
-1.079,-2.076
-1.093,0.064
-1.15,-0.963
-1.108,1.374
-1.141,1.285
-1.255,-0.833
-1.194,-0.977
-1.322,-1.771
-1.3,0.213
-1.354,-0.918
-1.307,0.575
-1.374,-1.182
-1.364,-0.175
-1.363,-0.655
-1.495,-1.255
-1.511,-1.664
-1.538,-0.096
-1.542,0.127
-1.523,0.37
-1.584,-1.042
-1.595,-2.168
-1.609,-1.007
-1.656,-0.738
-1.578,1.226
-1.639,-1.043
-1.712,-1.055
-1.739,-0.047
-1.674,-0.908
-1.695,1.666
-1.807,0.618
-1.802,0.501
-1.878,1.222
-1.85,0.51
-1.91,-0.542
-1.861,-0.266
-1.866,1.464
-1.982,1.728
-2.008,-0.189
-2.021,0.648
-2.061,-0.743
-2.063,-0.568
-2.172,-1.913
-2.182,-0.086
-2.117,-0.179
-2.264,0.443
-2.238,0.484
-2.392,-0.928
-2.35,0.274
-2.429,0.292
-2.414,-1.296
-2.575,-1.563
-2.671,1.471
-2.694,-0.955
-2.695,0.173
-2.801,-0.918
-2.864,-0.186
-2.824,0.095
-2.847,0.295
-2.951,0.255
-2.937,-0.962
-2.974,-2.242
-2.993,-1.258
-3.012,0.281
-3.046,-2.224
3.118,-0.869
-3.115,-0.036
-3.137,-0.881
3.072,-1.393
2.984,-1.788
3.027,0.426
2.982,0.367
2.658,-0.432
2.614,-0.97
2.597,-1.773
2.587,-1.169
2.552,-0.033
2.447,-0.527
2.406,-1.279
2.484,-1.075
2.406,-1.193
2.346,-0.812
2.176,-2.138
2.133,-0.753
2.168,-2.554
1.739,-2.529
1.607,-2.331
1.524,-2.7
1.438,-2.338
1.003,-2.493
0.685,-2.581
-0.754,-2.603
-1.019,-2.676
-1.453,-2.608
-1.713,-2.411
-1.805,-2.488
-2.12,-2.756
-2.787,-2.518
-2.963,-2.474
3.067,-2.505
2.966,-2.375
2.549,-2.434
1.405,1.833
0.245,1.966
-0.273,1.758
-0.567,1.617
-1.088,1.896
-1.05,1.574
-2.684,1.705
-3.033,1.98
2.863,1.536
1.321,1.141
-0.954,0.953
-1.286,0.949
-2.209,-2.285
-2.932,1.612
2.514,-2.679
2.412,-2.597
-0.077,1.489
2.227,0.431
2.167,-1.167
2.155,-1.219
2.041,-0.578
1.948,-0.024
1.814,-1.496
1.79,-0.65
1.683,-0.547
1.62,-1.376
1.759,1.481
1.58,1.356
1.678,-1.504
1.615,1.472
1.602,-0.889
1.311,-1.291
1.41,-1.142
1.404,-0.748
1.276,-0.619
1.223,0.163
1.014,-1.95
0.997,-1.321
0.984,-0.406
0.943,0.961
0.885,-1.695
0.822,0.108
0.778,0.475
0.724,1.294
0.747,-0.063
0.824,1.103
0.63,-0.383
0.611,-0.599
0.493,-0.898
0.529,-0.976
0.49,-1.409
0.444,1.27
0.313,-0.614
0.385,1.556
0.094,-0.631
-0.15,-1.519
-0.229,-0.769
-0.211,0.797
-0.343,-1.189
-0.343,-0.394
-0.505,0.265
-0.445,0.231
-0.573,-1.07
-0.453,0.238
-0.481,0.784
-0.724,-0.732
-0.635,-1.244
-0.951,1.55
-0.838,0.718
-0.904,-0.004
-1.055,-1.99
-1.141,1.646
-1.121,-2.21
-1.021,-2.231
-1.172,-1.242
-1.049,-1.97
-1.133,-0.563
-1.15,1.242
-1.253,1.631
-1.411,0.227
-1.424,1.024
-1.448,1.264
-1.506,1.629
-1.51,1.203
-1.602,0.023
-1.608,0.42
-1.754,1.599
-1.619,-2.214
-1.675,-1.492
-1.809,1.119
-1.702,1.382
-1.839,1.69
-1.898,-0.732
-1.809,-1.584
-1.821,-0.958
-1.927,0.104
-2.057,-0.59
-1.924,-1.588
-2.085,1.347
-2.121,-1.965
-2.024,-1.496
-2.182,0.49
-2.095,1.113
-2.162,0.35
-2.222,0.075
-2.359,-0.792
-2.49,-0.795
-2.508,-2.104
-2.537,1.522
-2.566,0.249
-2.736,1.292
-2.785,-1.577
-2.83,-2.196
-2.865,-0.74
-2.77,-0.915
-2.837,0.971
-2.965,0.089
-3.088,-1.212
-2.991,-1.341
3.08,-2.11
2.716,-0.685
2.668,-1.441
2.635,-2.162
2.59,0.035
2.574,0.213
2.589,0.301
2.554,-0.558
2.397,1.397
2.524,0.044
2.377,0.108
2.351,1.289
2.226,-0.397
2.194,0.753
2.036,-2.567
1.501,-2.728
1.602,-2.389
0.345,-2.596
0.052,-2.377
-0.606,-2.756
-0.822,-2.412
-0.9,-2.61
-0.994,-2.464
-2.193,-2.704
-2.746,-2.354
2.32,-2.517
1.871,1.724
1.303,1.758
1.171,1.813
0.841,1.811
0.536,1.586
-0.548,1.736
-1.797,1.773
-2.633,1.865
-0.83,0.551
-0.981,1.048
-1.232,-1.491
-2.267,-2.006
-0.334,-1.263
-1.457,-1.327
-2.357,0.414
-2.375,0.384
2.846,-0.142
1.692,1.095
0.64,-1.641
-2.267,0.853
-2.914,-0.342
2.969,-1.02
2.947,-0.327
2.988,-1.211
2.867,-1.508
2.893,-0.362
0.606,-2.013
-0.552,-2.319
2.589,-2.247
2.537,-2.216
-1.323,1.454
-0.094,0.087
-0.142,1.929
-0.177,-0.925
-0.145,-1.12
-0.173,1.057
-0.171,1.079
-0.388,1.973
-0.431,1.415
-0.384,1.981
-0.482,0.321
-0.494,1.032
-0.509,1.007
-0.483,0.539
-0.721,1.977
-0.712,-0.269
-0.752,0.079
-0.836,-0.016
-0.855,0.148
-0.938,0.628
-0.919,-1.143
-1.153,-0.66
-1.084,-0.951
-1.098,1.189
-1.155,0.162
-1.113,2.499
-1.146,2.41
-1.26,0.292
-1.199,0.148
-1.327,-0.646
-1.305,1.338
-1.359,0.207
-1.312,1.7
-1.379,-0.057
-1.369,0.95
-1.368,0.47
-1.5,-0.13
-1.516,-0.539
-1.543,1.029
-1.547,1.252
-1.528,1.495
-1.589,0.083
-1.6,-1.043
-1.614,0.118
-1.661,0.387
-1.583,2.351
-1.644,0.082
-1.717,0.07
-1.744,1.078
-1.679,0.217
-1.7,2.791
-1.812,1.743
-1.807,1.626
-1.883,2.347
-1.855,1.635
-1.915,0.583
-1.866,0.859
-1.871,2.589
-1.987,2.853
-2.013,0.936
-2.026,1.773
-2.066,0.382
-2.068,0.557
-2.177,-0.788
-2.187,1.039
-2.122,0.946
-2.269,1.568
-2.243,1.609
-2.397,0.197
-2.355,1.399
-2.434,1.417
-2.419,-0.171
-2.58,-0.438
-2.676,2.596
-2.699,0.17
-2.7,1.298
-2.806,0.207
-2.869,0.939
-2.829,1.22
-2.852,1.42
-2.956,1.38
-2.942,0.163
-2.979,-1.117
-2.998,-0.133
-3.017,1.406
-3.051,-1.099
3.113,0.256
-3.12,1.089
3.141,0.244
3.067,-0.268
2.979,-0.663
3.022,1.551
2.977,1.492
2.653,0.693
2.609,0.155
2.592,-0.648
2.582,-0.044
2.547,1.092
2.442,0.598
2.401,-0.154
2.479,0.05
2.401,-0.068
2.341,0.313
2.171,-1.013
2.128,0.372
2.163,-1.429
1.734,-1.404
1.602,-1.206
1.519,-1.575
1.433,-1.213
0.998,-1.368
0.68,-1.456
-0.759,-1.478
-1.024,-1.551
-1.458,-1.483
-1.718,-1.286
-1.81,-1.363
-2.125,-1.631
-2.792,-1.393
-2.968,-1.349
3.062,-1.38
2.961,-1.25
2.544,-1.309
1.4,2.958
0.24,3.091
-0.278,2.883
-0.572,2.742
-1.093,3.021
-1.055,2.699
-2.689,2.83
-3.038,3.105
2.858,2.661
1.316,2.266
-0.959,2.078
-1.291,2.074
-2.214,-1.16
-2.937,2.737
2.509,-1.554
2.407,-1.472
-0.082,2.614
2.222,1.556
2.162,-0.042
2.15,-0.094
2.036,0.547
1.943,1.101
1.809,-0.371
1.785,0.475
1.678,0.578
1.615,-0.251
1.754,2.606
1.575,2.481
1.673,-0.379
1.61,2.597
1.597,0.236
1.306,-0.166
1.405,-0.017
1.399,0.377
1.271,0.506
1.218,1.288
1.009,-0.825
0.992,-0.196
0.979,0.719
0.938,2.086
0.88,-0.57
0.817,1.233
0.773,1.6
0.719,2.419
0.742,1.062
0.819,2.228
0.625,0.742
0.606,0.526
0.488,0.227
0.524,0.149
0.485,-0.284
0.439,2.395
0.308,0.511
0.38,2.681
0.089,0.494
-0.155,-0.394
-0.234,0.356
-0.216,1.922
-0.348,-0.064
-0.348,0.731
-0.51,1.39
-0.45,1.356
-0.578,0.055
-0.458,1.363
-0.486,1.909
-0.729,0.393
-0.64,-0.119
-0.956,2.675
-0.843,1.843
-0.909,1.121
-1.06,-0.865
-1.146,2.771
-1.126,-1.085
-1.026,-1.106
-1.177,-0.117
-1.054,-0.845
-1.138,0.562
-1.155,2.367
-1.258,2.756
-1.416,1.352
-1.429,2.149
-1.453,2.389
-1.511,2.754
-1.515,2.328
-1.607,1.148
-1.613,1.545
-1.759,2.724
-1.624,-1.089
-1.68,-0.367
-1.814,2.244
-1.707,2.507
-1.844,2.815
-1.903,0.393
-1.814,-0.459
-1.826,0.167
-1.932,1.229
-2.062,0.535
-1.929,-0.463
-2.09,2.472
-2.126,-0.84
-2.029,-0.371
-2.187,1.615
-2.1,2.238
-2.167,1.475
-2.227,1.2
-2.364,0.333
-2.495,0.33
-2.513,-0.979
-2.542,2.647
-2.571,1.374
-2.741,2.417
-2.79,-0.452
-2.835,-1.071
-2.87,0.385
-2.775,0.21
-2.842,2.096
-2.97,1.214
-3.093,-0.087
-2.996,-0.216
3.075,-0.985
2.711,0.44
2.663,-0.316
2.63,-1.037
2.585,1.16
2.569,1.338
2.584,1.426
2.549,0.567
2.392,2.522
2.519,1.169
2.372,1.233
2.346,2.414
2.221,0.728
2.189,1.878
2.031,-1.442
1.496,-1.603
1.597,-1.264
0.34,-1.471
0.047,-1.252
-0.611,-1.631
-0.827,-1.287
-0.905,-1.485
-0.999,-1.339
-2.198,-1.579
-2.751,-1.229
2.315,-1.392
1.866,2.849
1.298,2.883
1.166,2.938
0.836,2.936
0.531,2.711
-0.553,2.861
-1.802,2.898
-2.638,2.99
-0.835,1.676
-0.986,2.173
-1.237,-0.366
-2.272,-0.881
-0.339,-0.138
-1.462,-0.202
-2.362,1.539
-2.38,1.509
2.841,0.983
1.687,2.22
0.635,-0.516
-2.272,1.978
-2.919,0.783
2.964,0.105
2.942,0.798
2.983,-0.086
2.862,-0.383
2.888,0.763
0.601,-0.888
-0.557,-1.194
2.584,-1.122
2.532,-1.091
-1.328,2.579
-0.048,1.842
-0.083,-1.012
-0.051,-1.207
-0.079,0.97
-0.077,0.992
-0.294,1.886
-0.337,1.328
-0.29,1.894
-0.388,0.234
-0.4,0.945
-0.415,0.92
-0.389,0.452
-0.627,1.89
-0.618,-0.356
-0.658,-0.008
-0.742,-0.103
-0.761,0.061
-0.844,0.541
-0.825,-1.23
-1.059,-0.747
-0.99,-1.038
-1.004,1.102
-1.061,0.075
-1.019,2.412
-1.052,2.323
-1.166,0.205
-1.105,0.061
-1.233,-0.733
-1.211,1.251
-1.265,0.12
-1.218,1.613
-1.285,-0.144
-1.275,0.863
-1.274,0.383
-1.406,-0.217
-1.422,-0.626
-1.449,0.942
-1.453,1.165
-1.434,1.408
-1.495,-0.004
-1.506,-1.13
-1.52,0.031
-1.567,0.3
-1.489,2.264
-1.55,-0.005
-1.623,-0.017
-1.65,0.991
-1.585,0.13
-1.606,2.704
-1.718,1.656
-1.713,1.539
-1.789,2.26
-1.761,1.548
-1.821,0.496
-1.772,0.772
-1.777,2.502
-1.893,2.766
-1.919,0.849
-1.932,1.686
-1.972,0.295
-1.974,0.47
-2.083,-0.875
-2.093,0.952
-2.028,0.859
-2.175,1.481
-2.149,1.522
-2.303,0.11
-2.261,1.312
-2.34,1.33
-2.325,-0.258
-2.486,-0.525
-2.582,2.509
-2.605,0.083
-2.606,1.211
-2.712,0.12
-2.775,0.852
-2.735,1.133
-2.758,1.333
-2.862,1.293
-2.848,0.076
-2.885,-1.204
-2.904,-0.22
-2.923,1.319
-2.957,-1.186
-3.076,0.169
-3.026,1.002
-3.048,0.157
-3.122,-0.355
3.073,-0.75
3.116,1.464
3.071,1.405
2.747,0.606
2.703,0.068
2.686,-0.735
2.676,-0.131
2.641,1.005
2.536,0.511
2.495,-0.241
2.573,-0.037
2.495,-0.155
2.435,0.226
2.265,-1.1
2.222,0.285
2.257,-1.516
1.828,-1.491
1.696,-1.293
1.613,-1.662
1.527,-1.3
1.092,-1.455
0.774,-1.543
-0.665,-1.565
-0.93,-1.638
-1.364,-1.57
-1.624,-1.373
-1.716,-1.45
-2.031,-1.718
-2.698,-1.48
-2.874,-1.436
-3.127,-1.467
3.055,-1.337
2.638,-1.396
1.494,2.871
0.334,3.004
-0.184,2.796
-0.478,2.655
-0.999,2.934
-0.961,2.612
-2.595,2.743
-2.944,3.018
2.952,2.574
1.41,2.179
-0.865,1.991
-1.197,1.987
-2.12,-1.247
-2.843,2.65
2.603,-1.641
2.501,-1.559
0.012,2.527
2.316,1.469
2.256,-0.129
2.244,-0.181
2.13,0.46
2.037,1.014
1.903,-0.458
1.879,0.388
1.772,0.491
1.709,-0.338
1.848,2.519
1.669,2.394
1.767,-0.466
1.704,2.51
1.691,0.149
1.4,-0.253
1.499,-0.104
1.493,0.29
1.365,0.419
1.312,1.201
1.103,-0.912
1.086,-0.283
1.073,0.632
1.032,1.999
0.974,-0.657
0.911,1.146
0.867,1.513
0.813,2.332
0.836,0.975
0.913,2.141
0.719,0.655
0.7,0.439
0.582,0.14
0.618,0.062
0.579,-0.371
0.533,2.308
0.402,0.424
0.474,2.594
0.183,0.407
-0.061,-0.481
-0.14,0.269
-0.122,1.835
-0.254,-0.151
-0.254,0.644
-0.416,1.303
-0.356,1.269
-0.484,-0.032
-0.364,1.276
-0.392,1.822
-0.635,0.306
-0.546,-0.206
-0.862,2.588
-0.749,1.756
-0.815,1.034
-0.966,-0.952
-1.052,2.684
-1.032,-1.172
-0.932,-1.193
-1.083,-0.204
-0.96,-0.932
-1.044,0.475
-1.061,2.28
-1.164,2.669
-1.322,1.265
-1.335,2.062
-1.359,2.302
-1.417,2.667
-1.421,2.241
-1.513,1.061
-1.519,1.458
-1.665,2.637
-1.53,-1.176
-1.586,-0.454
-1.72,2.157
-1.613,2.42
-1.75,2.728
-1.809,0.306
-1.72,-0.546
-1.732,0.08
-1.838,1.142
-1.968,0.448
-1.835,-0.55
-1.996,2.385
-2.032,-0.927
-1.935,-0.458
-2.093,1.528
-2.006,2.151
-2.073,1.388
-2.133,1.113
-2.27,0.246
-2.401,0.243
-2.419,-1.066
-2.448,2.56
-2.477,1.287
-2.647,2.33
-2.696,-0.539
-2.741,-1.158
-2.776,0.298
-2.681,0.123
-2.748,2.009
-2.876,1.127
-2.999,-0.174
-2.902,-0.303
-3.114,-1.072
2.805,0.353
2.757,-0.403
2.724,-1.124
2.679,1.073
2.663,1.251
2.678,1.339
2.643,0.48
2.486,2.435
2.613,1.082
2.466,1.146
2.44,2.327
2.315,0.641
2.283,1.791
2.125,-1.529
1.59,-1.69
1.691,-1.351
0.434,-1.558
0.141,-1.339
-0.517,-1.718
-0.733,-1.374
-0.811,-1.572
-0.905,-1.426
-2.104,-1.666
-2.657,-1.316
2.409,-1.479
1.96,2.762
1.392,2.796
1.26,2.851
0.93,2.849
0.625,2.624
-0.459,2.774
-1.708,2.811
-2.544,2.903
-0.741,1.589
-0.892,2.086
-1.143,-0.453
-2.178,-0.968
-0.245,-0.225
-1.368,-0.289
-2.268,1.452
-2.286,1.422
2.935,0.896
1.781,2.133
0.729,-0.603
-2.178,1.891
-2.825,0.696
3.058,0.018
3.036,0.711
3.077,-0.173
2.956,-0.47
2.982,0.676
0.695,-0.975
-0.463,-1.281
2.678,-1.209
2.626,-1.178
-1.234,2.492
-0.035,-2.854
-0.003,-3.049
-0.031,-0.872
-0.029,-0.85
-0.246,0.044
-0.289,-0.514
-0.242,0.052
-0.34,-1.608
-0.352,-0.897
-0.367,-0.922
-0.341,-1.39
-0.579,0.048
-0.57,-2.198
-0.61,-1.85
-0.694,-1.945
-0.713,-1.781
-0.796,-1.301
-0.777,-3.072
-1.011,-2.589
-0.942,-2.88
-0.956,-0.74
-1.013,-1.767
-0.971,0.57
-1.004,0.481
-1.118,-1.637
-1.057,-1.781
-1.185,-2.575
-1.163,-0.591
-1.217,-1.722
-1.17,-0.229
-1.237,-1.986
-1.227,-0.979
-1.226,-1.459
-1.358,-2.059
-1.374,-2.468
-1.401,-0.9
-1.405,-0.677
-1.386,-0.434
-1.447,-1.846
-1.458,-2.972
-1.472,-1.811
-1.519,-1.542
-1.441,0.422
-1.502,-1.847
-1.575,-1.859
-1.602,-0.851
-1.537,-1.712
-1.558,0.862
-1.67,-0.186
-1.665,-0.303
-1.741,0.418
-1.713,-0.294
-1.773,-1.346
-1.724,-1.07
-1.729,0.66
-1.845,0.924
-1.871,-0.993
-1.884,-0.156
-1.924,-1.547
-1.926,-1.372
-2.035,-2.717
-2.045,-0.89
-1.98,-0.983
-2.127,-0.361
-2.101,-0.32
-2.255,-1.732
-2.213,-0.53
-2.292,-0.512
-2.277,-2.1
-2.438,-2.367
-2.534,0.667
-2.557,-1.759
-2.558,-0.631
-2.664,-1.722
-2.727,-0.99
-2.687,-0.709
-2.71,-0.509
-2.814,-0.549
-2.8,-1.766
-2.837,-3.046
-2.856,-2.062
-2.875,-0.523
-2.909,-3.028
-3.028,-1.673
-2.978,-0.84
-3.0,-1.685
-3.074,-2.197
3.121,-2.592
-3.119,-0.378
3.119,-0.437
2.795,-1.236
2.751,-1.774
2.734,-2.577
2.724,-1.973
2.689,-0.837
2.584,-1.331
2.543,-2.083
2.621,-1.879
2.543,-1.997
2.483,-1.616
2.313,-2.942
2.27,-1.557
2.305,-3.358
1.876,-3.333
1.744,-3.135
1.661,-3.504
1.575,-3.142
1.14,-3.297
0.822,-3.385
-0.617,-3.407
-0.882,-3.48
-1.316,-3.412
-1.576,-3.215
-1.668,-3.292
-1.983,-3.56
-2.65,-3.322
-2.826,-3.278
-3.079,-3.309
3.103,-3.179
2.686,-3.238
1.542,1.029
0.382,1.162
-0.136,0.954
-0.43,0.813
-0.951,1.092
-0.913,0.77
-2.547,0.901
-2.896,1.176
3.0,0.732
1.458,0.337
-0.817,0.149
-1.149,0.145
-2.072,-3.089
-2.795,0.808
2.651,-3.483
2.549,-3.401
0.06,0.685
2.364,-0.373
2.304,-1.971
2.292,-2.023
2.178,-1.382
2.085,-0.828
1.951,-2.3
1.927,-1.454
1.82,-1.351
1.757,-2.18
1.896,0.677
1.717,0.552
1.815,-2.308
1.752,0.668
1.739,-1.693
1.448,-2.095
1.547,-1.946
1.541,-1.552
1.413,-1.423
1.36,-0.641
1.151,-2.754
1.134,-2.125
1.121,-1.21
1.08,0.157
1.022,-2.499
0.959,-0.696
0.915,-0.329
0.861,0.49
0.884,-0.867
0.961,0.299
0.767,-1.187
0.748,-1.403
0.63,-1.702
0.666,-1.78
0.627,-2.213
0.581,0.466
0.45,-1.418
0.522,0.752
0.231,-1.435
-0.013,-2.323
-0.092,-1.573
-0.074,-0.007
-0.206,-1.993
-0.206,-1.198
-0.368,-0.539
-0.308,-0.573
-0.436,-1.874
-0.316,-0.566
-0.344,-0.02
-0.587,-1.536
-0.498,-2.048
-0.814,0.746
-0.701,-0.086
-0.767,-0.808
-0.918,-2.794
-1.004,0.842
-0.984,-3.014
-0.884,-3.035
-1.035,-2.046
-0.912,-2.774
-0.996,-1.367
-1.013,0.438
-1.116,0.827
-1.274,-0.577
-1.287,0.22
-1.311,0.46
-1.369,0.825
-1.373,0.399
-1.465,-0.781
-1.471,-0.384
-1.617,0.795
-1.482,-3.018
-1.538,-2.296
-1.672,0.315
-1.565,0.578
-1.702,0.886
-1.761,-1.536
-1.672,-2.388
-1.684,-1.762
-1.79,-0.7
-1.92,-1.394
-1.787,-2.392
-1.948,0.543
-1.984,-2.769
-1.887,-2.3
-2.045,-0.314
-1.958,0.309
-2.025,-0.454
-2.085,-0.729
-2.222,-1.596
-2.353,-1.599
-2.371,-2.908
-2.4,0.718
-2.429,-0.555
-2.599,0.488
-2.648,-2.381
-2.693,-3.0
-2.728,-1.544
-2.633,-1.719
-2.7,0.167
-2.828,-0.715
-2.951,-2.016
-2.854,-2.145
-3.066,-2.914
2.853,-1.489
2.805,-2.245
2.772,-2.966
2.727,-0.769
2.711,-0.591
2.726,-0.503
2.691,-1.362
2.534,0.593
2.661,-0.76
2.514,-0.696
2.488,0.485
2.363,-1.201
2.331,-0.051
2.173,-3.371
1.638,-3.532
1.739,-3.193
0.482,-3.4
0.189,-3.181
-0.469,-3.56
-0.685,-3.216
-0.763,-3.414
-0.857,-3.268
-2.056,-3.508
-2.609,-3.158
2.457,-3.321
2.008,0.92
1.44,0.954
1.308,1.009
0.978,1.007
0.673,0.782
-0.411,0.932
-1.66,0.969
-2.496,1.061
-0.693,-0.253
-0.844,0.244
-1.095,-2.295
-2.13,-2.81
-0.197,-2.067
-1.32,-2.131
-2.22,-0.39
-2.238,-0.42
2.983,-0.946
1.829,0.291
0.777,-2.445
-2.13,0.049
-2.777,-1.146
3.106,-1.824
3.084,-1.131
3.125,-2.015
3.004,-2.312
3.03,-1.166
0.743,-2.817
-0.415,-3.123
2.726,-3.051
2.674,-3.02
-1.186,0.65
0.032,-0.195
0.004,1.982
0.006,2.004
-0.211,2.898
-0.254,2.34
-0.207,2.906
-0.305,1.246
-0.317,1.957
-0.332,1.932
-0.306,1.464
-0.544,2.902
-0.535,0.656
-0.575,1.004
-0.659,0.909
-0.678,1.073
-0.761,1.553
-0.742,-0.218
-0.976,0.265
-0.907,-0.026
-0.921,2.114
-0.978,1.087
-0.936,3.424
-0.969,3.335
-1.083,1.217
-1.022,1.073
-1.15,0.279
-1.128,2.263
-1.182,1.132
-1.135,2.625
-1.202,0.868
-1.192,1.875
-1.191,1.395
-1.323,0.795
-1.339,0.386
-1.366,1.954
-1.37,2.177
-1.351,2.42
-1.412,1.008
-1.423,-0.118
-1.437,1.043
-1.484,1.312
-1.406,3.276
-1.467,1.007
-1.54,0.995
-1.567,2.003
-1.502,1.142
-1.523,3.716
-1.635,2.668
-1.63,2.551
-1.706,3.272
-1.678,2.56
-1.738,1.508
-1.689,1.784
-1.694,3.514
-1.81,3.778
-1.836,1.861
-1.849,2.698
-1.889,1.307
-1.891,1.482
-2.0,0.137
-2.01,1.964
-1.945,1.871
-2.092,2.493
-2.066,2.534
-2.22,1.122
-2.178,2.324
-2.257,2.342
-2.242,0.754
-2.403,0.487
-2.499,3.521
-2.522,1.095
-2.523,2.223
-2.629,1.132
-2.692,1.864
-2.652,2.145
-2.675,2.345
-2.779,2.305
-2.765,1.088
-2.802,-0.192
-2.821,0.792
-2.84,2.331
-2.874,-0.174
-2.993,1.181
-2.943,2.014
-2.965,1.169
-3.039,0.657
-3.127,0.262
-3.084,2.476
-3.129,2.417
2.83,1.618
2.786,1.08
2.769,0.277
2.759,0.881
2.724,2.017
2.619,1.523
2.578,0.771
2.656,0.975
2.578,0.857
2.518,1.238
2.348,-0.088
2.305,1.297
2.34,-0.504
1.911,-0.479
1.779,-0.281
1.696,-0.65
1.61,-0.288
1.175,-0.443
0.857,-0.531
-0.582,-0.553
-0.847,-0.626
-1.281,-0.558
-1.541,-0.361
-1.633,-0.438
-1.948,-0.706
-2.615,-0.468
-2.791,-0.424
-3.044,-0.455
3.138,-0.325
2.721,-0.384
1.577,3.883
0.417,4.016
-0.101,3.808
-0.395,3.667
-0.916,3.946
-0.878,3.624
-2.512,3.755
-2.861,4.03
3.035,3.586
1.493,3.191
-0.782,3.003
-1.114,2.999
-2.037,-0.235
-2.76,3.662
2.686,-0.629
2.584,-0.547
0.095,3.539
2.399,2.481
2.339,0.883
2.327,0.831
2.213,1.472
2.12,2.026
1.986,0.554
1.962,1.4
1.855,1.503
1.792,0.674
1.931,3.531
1.752,3.406
1.85,0.546
1.787,3.522
1.774,1.161
1.483,0.759
1.582,0.908
1.576,1.302
1.448,1.431
1.395,2.213
1.186,0.1
1.169,0.729
1.156,1.644
1.115,3.011
1.057,0.355
0.994,2.158
0.95,2.525
0.896,3.344
0.919,1.987
0.996,3.153
0.802,1.667
0.783,1.451
0.665,1.152
0.701,1.074
0.662,0.641
0.616,3.32
0.485,1.436
0.557,3.606
0.266,1.419
0.022,0.531
-0.057,1.281
-0.039,2.847
-0.171,0.861
-0.171,1.656
-0.333,2.315
-0.273,2.281
-0.401,0.98
-0.281,2.288
-0.309,2.834
-0.552,1.318
-0.463,0.806
-0.779,3.6
-0.666,2.768
-0.732,2.046
-0.883,0.06
-0.969,3.696
-0.949,-0.16
-0.849,-0.181
-1.0,0.808
-0.877,0.08
-0.961,1.487
-0.978,3.292
-1.081,3.681
-1.239,2.277
-1.252,3.074
-1.276,3.314
-1.334,3.679
-1.338,3.253
-1.43,2.073
-1.436,2.47
-1.582,3.649
-1.447,-0.164
-1.503,0.558
-1.637,3.169
-1.53,3.432
-1.667,3.74
-1.726,1.318
-1.637,0.466
-1.649,1.092
-1.755,2.154
-1.885,1.46
-1.752,0.462
-1.913,3.397
-1.949,0.085
-1.852,0.554
-2.01,2.54
-1.923,3.163
-1.99,2.4
-2.05,2.125
-2.187,1.258
-2.318,1.255
-2.336,-0.054
-2.365,3.572
-2.394,2.299
-2.564,3.342
-2.613,0.473
-2.658,-0.146
-2.693,1.31
-2.598,1.135
-2.665,3.021
-2.793,2.139
-2.916,0.838
-2.819,0.709
-3.031,-0.06
2.888,1.365
2.84,0.609
2.807,-0.112
2.762,2.085
2.746,2.263
2.761,2.351
2.726,1.492
2.569,3.447
2.696,2.094
2.549,2.158
2.523,3.339
2.398,1.653
2.366,2.803
2.208,-0.517
1.673,-0.678
1.774,-0.339
0.517,-0.546
0.224,-0.327
-0.434,-0.706
-0.65,-0.362
-0.728,-0.56
-0.822,-0.414
-2.021,-0.654
-2.574,-0.304
2.492,-0.467
2.043,3.774
1.475,3.808
1.343,3.863
1.013,3.861
0.708,3.636
-0.376,3.786
-1.625,3.823
-2.461,3.915
-0.658,2.601
-0.809,3.098
-1.06,0.559
-2.095,0.044
-0.162,0.787
-1.285,0.723
-2.185,2.464
-2.203,2.434
3.018,1.908
1.864,3.145
0.812,0.409
-2.095,2.903
-2.742,1.708
3.141,1.03
3.119,1.723
-3.123,0.839
3.039,0.542
3.065,1.688
0.778,0.037
-0.38,-0.269
2.761,-0.197
2.709,-0.166
-1.151,3.504
-0.028,2.177
-0.026,2.199
-0.243,3.093
-0.286,2.535
-0.239,3.101
-0.337,1.441
-0.349,2.152
-0.364,2.127
-0.338,1.659
-0.576,3.097
-0.567,0.851
-0.607,1.199
-0.691,1.104
-0.71,1.268
-0.793,1.748
-0.774,-0.023
-1.008,0.46
-0.939,0.169
-0.953,2.309
-1.01,1.282
-0.968,3.619
-1.001,3.53
-1.115,1.412
-1.054,1.268
-1.182,0.474
-1.16,2.458
-1.214,1.327
-1.167,2.82
-1.234,1.063
-1.224,2.07
-1.223,1.59
-1.355,0.99
-1.371,0.581
-1.398,2.149
-1.402,2.372
-1.383,2.615
-1.444,1.203
-1.455,0.077
-1.469,1.238
-1.516,1.507
-1.438,3.471
-1.499,1.202
-1.572,1.19
-1.599,2.198
-1.534,1.337
-1.555,3.911
-1.667,2.863
-1.662,2.746
-1.738,3.467
-1.71,2.755
-1.77,1.703
-1.721,1.979
-1.726,3.709
-1.842,3.973
-1.868,2.056
-1.881,2.893
-1.921,1.502
-1.923,1.677
-2.032,0.332
-2.042,2.159
-1.977,2.066
-2.124,2.688
-2.098,2.729
-2.252,1.317
-2.21,2.519
-2.289,2.537
-2.274,0.949
-2.435,0.682
-2.531,3.716
-2.554,1.29
-2.555,2.418
-2.661,1.327
-2.724,2.059
-2.684,2.34
-2.707,2.54
-2.811,2.5
-2.797,1.283
-2.834,0.003
-2.853,0.987
-2.872,2.526
-2.906,0.021
-3.025,1.376
-2.975,2.209
-2.997,1.364
-3.071,0.852
3.124,0.457
-3.116,2.671
3.122,2.612
2.798,1.813
2.754,1.275
2.737,0.472
2.727,1.076
2.692,2.212
2.587,1.718
2.546,0.966
2.624,1.17
2.546,1.052
2.486,1.433
2.316,0.107
2.273,1.492
2.308,-0.309
1.879,-0.284
1.747,-0.086
1.664,-0.455
1.578,-0.093
1.143,-0.248
0.825,-0.336
-0.614,-0.358
-0.879,-0.431
-1.313,-0.363
-1.573,-0.166
-1.665,-0.243
-1.98,-0.511
-2.647,-0.273
-2.823,-0.229
-3.076,-0.26
3.106,-0.13
2.689,-0.189
1.545,4.078
0.385,4.211
-0.133,4.003
-0.427,3.862
-0.948,4.141
-0.91,3.819
-2.544,3.95
-2.893,4.225
3.003,3.781
1.461,3.386
-0.814,3.198
-1.146,3.194
-2.069,-0.04
-2.792,3.857
2.654,-0.434
2.552,-0.352
0.063,3.734
2.367,2.676
2.307,1.078
2.295,1.026
2.181,1.667
2.088,2.221
1.954,0.749
1.93,1.595
1.823,1.698
1.76,0.869
1.899,3.726
1.72,3.601
1.818,0.741
1.755,3.717
1.742,1.356
1.451,0.954
1.55,1.103
1.544,1.497
1.416,1.626
1.363,2.408
1.154,0.295
1.137,0.924
1.124,1.839
1.083,3.206
1.025,0.55
0.962,2.353
0.918,2.72
0.864,3.539
0.887,2.182
0.964,3.348
0.77,1.862
0.751,1.646
0.633,1.347
0.669,1.269
0.63,0.836
0.584,3.515
0.453,1.631
0.525,3.801
0.234,1.614
-0.01,0.726
-0.089,1.476
-0.071,3.042
-0.203,1.056
-0.203,1.851
-0.365,2.51
-0.305,2.476
-0.433,1.175
-0.313,2.483
-0.341,3.029
-0.584,1.513
-0.495,1.001
-0.811,3.795
-0.698,2.963
-0.764,2.241
-0.915,0.255
-1.001,3.891
-0.981,0.035
-0.881,0.014
-1.032,1.003
-0.909,0.275
-0.993,1.682
-1.01,3.487
-1.113,3.876
-1.271,2.472
-1.284,3.269
-1.308,3.509
-1.366,3.874
-1.37,3.448
-1.462,2.268
-1.468,2.665
-1.614,3.844
-1.479,0.031
-1.535,0.753
-1.669,3.364
-1.562,3.627
-1.699,3.935
-1.758,1.513
-1.669,0.661
-1.681,1.287
-1.787,2.349
-1.917,1.655
-1.784,0.657
-1.945,3.592
-1.981,0.28
-1.884,0.749
-2.042,2.735
-1.955,3.358
-2.022,2.595
-2.082,2.32
-2.219,1.453
-2.35,1.45
-2.368,0.141
-2.397,3.767
-2.426,2.494
-2.596,3.537
-2.645,0.668
-2.69,0.049
-2.725,1.505
-2.63,1.33
-2.697,3.216
-2.825,2.334
-2.948,1.033
-2.851,0.904
-3.063,0.135
2.856,1.56
2.808,0.804
2.775,0.083
2.73,2.28
2.714,2.458
2.729,2.546
2.694,1.687
2.537,3.642
2.664,2.289
2.517,2.353
2.491,3.534
2.366,1.848
2.334,2.998
2.176,-0.322
1.641,-0.483
1.742,-0.144
0.485,-0.351
0.192,-0.132
-0.466,-0.511
-0.682,-0.167
-0.76,-0.365
-0.854,-0.219
-2.053,-0.459
-2.606,-0.109
2.46,-0.272
2.011,3.969
1.443,4.003
1.311,4.058
0.981,4.056
0.676,3.831
-0.408,3.981
-1.657,4.018
-2.493,4.11
-0.69,2.796
-0.841,3.293
-1.092,0.754
-2.127,0.239
-0.194,0.982
-1.317,0.918
-2.217,2.659
-2.235,2.629
2.986,2.103
1.832,3.34
0.78,0.604
-2.127,3.098
-2.774,1.903
3.109,1.225
3.087,1.918
3.128,1.034
3.007,0.737
3.033,1.883
0.746,0.232
-0.412,-0.074
2.729,-0.002
2.677,0.029
-1.183,3.699
0.002,0.022
-0.215,0.916
-0.258,0.358
-0.211,0.924
-0.309,-0.736
-0.321,-0.025
-0.336,-0.05
-0.31,-0.518
-0.548,0.92
-0.539,-1.326
-0.579,-0.978
-0.663,-1.073
-0.682,-0.909
-0.765,-0.429
-0.746,-2.2
-0.98,-1.717
-0.911,-2.008
-0.925,0.132
-0.982,-0.895
-0.94,1.442
-0.973,1.353
-1.087,-0.765
-1.026,-0.909
-1.154,-1.703
-1.132,0.281
-1.186,-0.85
-1.139,0.643
-1.206,-1.114
-1.196,-0.107
-1.195,-0.587
-1.327,-1.187
-1.343,-1.596
-1.37,-0.028
-1.374,0.195
-1.355,0.438
-1.416,-0.974
-1.427,-2.1
-1.441,-0.939
-1.488,-0.67
-1.41,1.294
-1.471,-0.975
-1.544,-0.987
-1.571,0.021
-1.506,-0.84
-1.527,1.734
-1.639,0.686
-1.634,0.569
-1.71,1.29
-1.682,0.578
-1.742,-0.474
-1.693,-0.198
-1.698,1.532
-1.814,1.796
-1.84,-0.121
-1.853,0.716
-1.893,-0.675
-1.895,-0.5
-2.004,-1.845
-2.014,-0.018
-1.949,-0.111
-2.096,0.511
-2.07,0.552
-2.224,-0.86
-2.182,0.342
-2.261,0.36
-2.246,-1.228
-2.407,-1.495
-2.503,1.539
-2.526,-0.887
-2.527,0.241
-2.633,-0.85
-2.696,-0.118
-2.656,0.163
-2.679,0.363
-2.783,0.323
-2.769,-0.894
-2.806,-2.174
-2.825,-1.19
-2.844,0.349
-2.878,-2.156
-2.997,-0.801
-2.947,0.032
-2.969,-0.813
-3.043,-1.325
-3.131,-1.72
-3.088,0.494
-3.133,0.435
2.826,-0.364
2.782,-0.902
2.765,-1.705
2.755,-1.101
2.72,0.035
2.615,-0.459
2.574,-1.211
2.652,-1.007
2.574,-1.125
2.514,-0.744
2.344,-2.07
2.301,-0.685
2.336,-2.486
1.907,-2.461
1.775,-2.263
1.692,-2.632
1.606,-2.27
1.171,-2.425
0.853,-2.513
-0.586,-2.535
-0.851,-2.608
-1.285,-2.54
-1.545,-2.343
-1.637,-2.42
-1.952,-2.688
-2.619,-2.45
-2.795,-2.406
-3.048,-2.437
3.134,-2.307
2.717,-2.366
1.573,1.901
0.413,2.034
-0.105,1.826
-0.399,1.685
-0.92,1.964
-0.882,1.642
-2.516,1.773
-2.865,2.048
3.031,1.604
1.489,1.209
-0.786,1.021
-1.118,1.017
-2.041,-2.217
-2.764,1.68
2.682,-2.611
2.58,-2.529
0.091,1.557
2.395,0.499
2.335,-1.099
2.323,-1.151
2.209,-0.51
2.116,0.044
1.982,-1.428
1.958,-0.582
1.851,-0.479
1.788,-1.308
1.927,1.549
1.748,1.424
1.846,-1.436
1.783,1.54
1.77,-0.821
1.479,-1.223
1.578,-1.074
1.572,-0.68
1.444,-0.551
1.391,0.231
1.182,-1.882
1.165,-1.253
1.152,-0.338
1.111,1.029
1.053,-1.627
0.99,0.176
0.946,0.543
0.892,1.362
0.915,0.005
0.992,1.171
0.798,-0.315
0.779,-0.531
0.661,-0.83
0.697,-0.908
0.658,-1.341
0.612,1.338
0.481,-0.546
0.553,1.624
0.262,-0.563
0.018,-1.451
-0.061,-0.701
-0.043,0.865
-0.175,-1.121
-0.175,-0.326
-0.337,0.333
-0.277,0.299
-0.405,-1.002
-0.285,0.306
-0.313,0.852
-0.556,-0.664
-0.467,-1.176
-0.783,1.618
-0.67,0.786
-0.736,0.064
-0.887,-1.922
-0.973,1.714
-0.953,-2.142
-0.853,-2.163
-1.004,-1.174
-0.881,-1.902
-0.965,-0.495
-0.982,1.31
-1.085,1.699
-1.243,0.295
-1.256,1.092
-1.28,1.332
-1.338,1.697
-1.342,1.271
-1.434,0.091
-1.44,0.488
-1.586,1.667
-1.451,-2.146
-1.507,-1.424
-1.641,1.187
-1.534,1.45
-1.671,1.758
-1.73,-0.664
-1.641,-1.516
-1.653,-0.89
-1.759,0.172
-1.889,-0.522
-1.756,-1.52
-1.917,1.415
-1.953,-1.897
-1.856,-1.428
-2.014,0.558
-1.927,1.181
-1.994,0.418
-2.054,0.143
-2.191,-0.724
-2.322,-0.727
-2.34,-2.036
-2.369,1.59
-2.398,0.317
-2.568,1.36
-2.617,-1.509
-2.662,-2.128
-2.697,-0.672
-2.602,-0.847
-2.669,1.039
-2.797,0.157
-2.92,-1.144
-2.823,-1.273
-3.035,-2.042
2.884,-0.617
2.836,-1.373
2.803,-2.094
2.758,0.103
2.742,0.281
2.757,0.369
2.722,-0.49
2.565,1.465
2.692,0.112
2.545,0.176
2.519,1.357
2.394,-0.329
2.362,0.821
2.204,-2.499
1.669,-2.66
1.77,-2.321
0.513,-2.528
0.22,-2.309
-0.438,-2.688
-0.654,-2.344
-0.732,-2.542
-0.826,-2.396
-2.025,-2.636
-2.578,-2.286
2.488,-2.449
2.039,1.792
1.471,1.826
1.339,1.881
1.009,1.879
0.704,1.654
-0.38,1.804
-1.629,1.841
-2.465,1.933
-0.662,0.619
-0.813,1.116
-1.064,-1.423
-2.099,-1.938
-0.166,-1.195
-1.289,-1.259
-2.189,0.482
-2.207,0.452
3.014,-0.074
1.86,1.163
0.808,-1.573
-2.099,0.921
-2.746,-0.274
3.137,-0.952
3.115,-0.259
-3.127,-1.143
3.035,-1.44
3.061,-0.294
0.774,-1.945
-0.384,-2.251
2.757,-2.179
2.705,-2.148
-1.155,1.522
-0.217,0.894
-0.26,0.336
-0.213,0.902
-0.311,-0.758
-0.323,-0.047
-0.338,-0.072
-0.312,-0.54
-0.55,0.898
-0.541,-1.348
-0.581,-1.0
-0.665,-1.095
-0.684,-0.931
-0.767,-0.451
-0.748,-2.222
-0.982,-1.739
-0.913,-2.03
-0.927,0.11
-0.984,-0.917
-0.942,1.42
-0.975,1.331
-1.089,-0.787
-1.028,-0.931
-1.156,-1.725
-1.134,0.259
-1.188,-0.872
-1.141,0.621
-1.208,-1.136
-1.198,-0.129
-1.197,-0.609
-1.329,-1.209
-1.345,-1.618
-1.372,-0.05
-1.376,0.173
-1.357,0.416
-1.418,-0.996
-1.429,-2.122
-1.443,-0.961
-1.49,-0.692
-1.412,1.272
-1.473,-0.997
-1.546,-1.009
-1.573,-0.001
-1.508,-0.862
-1.529,1.712
-1.641,0.664
-1.636,0.547
-1.712,1.268
-1.684,0.556
-1.744,-0.496
-1.695,-0.22
-1.7,1.51
-1.816,1.774
-1.842,-0.143
-1.855,0.694
-1.895,-0.697
-1.897,-0.522
-2.006,-1.867
-2.016,-0.04
-1.951,-0.133
-2.098,0.489
-2.072,0.53
-2.226,-0.882
-2.184,0.32
-2.263,0.338
-2.248,-1.25
-2.409,-1.517
-2.505,1.517
-2.528,-0.909
-2.529,0.219
-2.635,-0.872
-2.698,-0.14
-2.658,0.141
-2.681,0.341
-2.785,0.301
-2.771,-0.916
-2.808,-2.196
-2.827,-1.212
-2.846,0.327
-2.88,-2.178
-2.999,-0.823
-2.949,0.01
-2.971,-0.835
-3.045,-1.347
-3.133,-1.742
-3.09,0.472
-3.135,0.413
2.824,-0.386
2.78,-0.924
2.763,-1.727
2.753,-1.123
2.718,0.013
2.613,-0.481
2.572,-1.233
2.65,-1.029
2.572,-1.147
2.512,-0.766
2.342,-2.092
2.299,-0.707
2.334,-2.508
1.905,-2.483
1.773,-2.285
1.69,-2.654
1.604,-2.292
1.169,-2.447
0.851,-2.535
-0.588,-2.557
-0.853,-2.63
-1.287,-2.562
-1.547,-2.365
-1.639,-2.442
-1.954,-2.71
-2.621,-2.472
-2.797,-2.428
-3.05,-2.459
3.132,-2.329
2.715,-2.388
1.571,1.879
0.411,2.012
-0.107,1.804
-0.401,1.663
-0.922,1.942
-0.884,1.62
-2.518,1.751
-2.867,2.026
3.029,1.582
1.487,1.187
-0.788,0.999
-1.12,0.995
-2.043,-2.239
-2.766,1.658
2.68,-2.633
2.578,-2.551
0.089,1.535
2.393,0.477
2.333,-1.121
2.321,-1.173
2.207,-0.532
2.114,0.022
1.98,-1.45
1.956,-0.604
1.849,-0.501
1.786,-1.33
1.925,1.527
1.746,1.402
1.844,-1.458
1.781,1.518
1.768,-0.843
1.477,-1.245
1.576,-1.096
1.57,-0.702
1.442,-0.573
1.389,0.209
1.18,-1.904
1.163,-1.275
1.15,-0.36
1.109,1.007
1.051,-1.649
0.988,0.154
0.944,0.521
0.89,1.34
0.913,-0.017
0.99,1.149
0.796,-0.337
0.777,-0.553
0.659,-0.852
0.695,-0.93
0.656,-1.363
0.61,1.316
0.479,-0.568
0.551,1.602
0.26,-0.585
0.016,-1.473
-0.063,-0.723
-0.045,0.843
-0.177,-1.143
-0.177,-0.348
-0.339,0.311
-0.279,0.277
-0.407,-1.024
-0.287,0.284
-0.315,0.83
-0.558,-0.686
-0.469,-1.198
-0.785,1.596
-0.672,0.764
-0.738,0.042
-0.889,-1.944
-0.975,1.692
-0.955,-2.164
-0.855,-2.185
-1.006,-1.196
-0.883,-1.924
-0.967,-0.517
-0.984,1.288
-1.087,1.677
-1.245,0.273
-1.258,1.07
-1.282,1.31
-1.34,1.675
-1.344,1.249
-1.436,0.069
-1.442,0.466
-1.588,1.645
-1.453,-2.168
-1.509,-1.446
-1.643,1.165
-1.536,1.428
-1.673,1.736
-1.732,-0.686
-1.643,-1.538
-1.655,-0.912
-1.761,0.15
-1.891,-0.544
-1.758,-1.542
-1.919,1.393
-1.955,-1.919
-1.858,-1.45
-2.016,0.536
-1.929,1.159
-1.996,0.396
-2.056,0.121
-2.193,-0.746
-2.324,-0.749
-2.342,-2.058
-2.371,1.568
-2.4,0.295
-2.57,1.338
-2.619,-1.531
-2.664,-2.15
-2.699,-0.694
-2.604,-0.869
-2.671,1.017
-2.799,0.135
-2.922,-1.166
-2.825,-1.295
-3.037,-2.064
2.882,-0.639
2.834,-1.395
2.801,-2.116
2.756,0.081
2.74,0.259
2.755,0.347
2.72,-0.512
2.563,1.443
2.69,0.09
2.543,0.154
2.517,1.335
2.392,-0.351
2.36,0.799
2.202,-2.521
1.667,-2.682
1.768,-2.343
0.511,-2.55
0.218,-2.331
-0.44,-2.71
-0.656,-2.366
-0.734,-2.564
-0.828,-2.418
-2.027,-2.658
-2.58,-2.308
2.486,-2.471
2.037,1.77
1.469,1.804
1.337,1.859
1.007,1.857
0.702,1.632
-0.382,1.782
-1.631,1.819
-2.467,1.911
-0.664,0.597
-0.815,1.094
-1.066,-1.445
-2.101,-1.96
-0.168,-1.217
-1.291,-1.281
-2.191,0.46
-2.209,0.43
3.012,-0.096
1.858,1.141
0.806,-1.595
-2.101,0.899
-2.748,-0.296
3.135,-0.974
3.113,-0.281
-3.129,-1.165
3.033,-1.462
3.059,-0.316
0.772,-1.967
-0.386,-2.273
2.755,-2.201
2.703,-2.17
-1.157,1.5
-0.043,-0.558
0.004,0.008
-0.094,-1.652
-0.106,-0.941
-0.121,-0.966
-0.095,-1.434
-0.333,0.004
-0.324,-2.242
-0.364,-1.894
-0.448,-1.989
-0.467,-1.825
-0.55,-1.345
-0.531,-3.116
-0.765,-2.633
-0.696,-2.924
-0.71,-0.784
-0.767,-1.811
-0.725,0.526
-0.758,0.437
-0.872,-1.681
-0.811,-1.825
-0.939,-2.619
-0.917,-0.635
-0.971,-1.766
-0.924,-0.273
-0.991,-2.03
-0.981,-1.023
-0.98,-1.503
-1.112,-2.103
-1.128,-2.512
-1.155,-0.944
-1.159,-0.721
-1.14,-0.478
-1.201,-1.89
-1.212,-3.016
-1.226,-1.855
-1.273,-1.586
-1.195,0.378
-1.256,-1.891
-1.329,-1.903
-1.356,-0.895
-1.291,-1.756
-1.312,0.818
-1.424,-0.23
-1.419,-0.347
-1.495,0.374
-1.467,-0.338
-1.527,-1.39
-1.478,-1.114
-1.483,0.616
-1.599,0.88
-1.625,-1.037
-1.638,-0.2
-1.678,-1.591
-1.68,-1.416
-1.789,-2.761
-1.799,-0.934
-1.734,-1.027
-1.881,-0.405
-1.855,-0.364
-2.009,-1.776
-1.967,-0.574
-2.046,-0.556
-2.031,-2.144
-2.192,-2.411
-2.288,0.623
-2.311,-1.803
-2.312,-0.675
-2.418,-1.766
-2.481,-1.034
-2.441,-0.753
-2.464,-0.553
-2.568,-0.593
-2.554,-1.81
-2.591,-3.09
-2.61,-2.106
-2.629,-0.567
-2.663,-3.072
-2.782,-1.717
-2.732,-0.884
-2.754,-1.729
-2.828,-2.241
-2.916,-2.636
-2.873,-0.422
-2.918,-0.481
3.041,-1.28
2.997,-1.818
2.98,-2.621
2.97,-2.017
2.935,-0.881
2.83,-1.375
2.789,-2.127
2.867,-1.923
2.789,-2.041
2.729,-1.66
2.559,-2.986
2.516,-1.601
2.551,-3.402
2.122,-3.377
1.99,-3.179
1.907,-3.548
1.821,-3.186
1.386,-3.341
1.068,-3.429
-0.371,-3.451
-0.636,-3.524
-1.07,-3.456
-1.33,-3.259
-1.422,-3.336
-1.737,-3.604
-2.404,-3.366
-2.58,-3.322
-2.833,-3.353
-2.934,-3.223
2.932,-3.282
1.788,0.985
0.628,1.118
0.11,0.91
-0.184,0.769
-0.705,1.048
-0.667,0.726
-2.301,0.857
-2.65,1.132
-3.037,0.688
1.704,0.293
-0.571,0.105
-0.903,0.101
-1.826,-3.133
-2.549,0.764
2.897,-3.527
2.795,-3.445
0.306,0.641
2.61,-0.417
2.55,-2.015
2.538,-2.067
2.424,-1.426
2.331,-0.872
2.197,-2.344
2.173,-1.498
2.066,-1.395
2.003,-2.224
2.142,0.633
1.963,0.508
2.061,-2.352
1.998,0.624
1.985,-1.737
1.694,-2.139
1.793,-1.99
1.787,-1.596
1.659,-1.467
1.606,-0.685
1.397,-2.798
1.38,-2.169
1.367,-1.254
1.326,0.113
1.268,-2.543
1.205,-0.74
1.161,-0.373
1.107,0.446
1.13,-0.911
1.207,0.255
1.013,-1.231
0.994,-1.447
0.876,-1.746
0.912,-1.824
0.873,-2.257
0.827,0.422
0.696,-1.462
0.768,0.708
0.477,-1.479
0.233,-2.367
0.154,-1.617
0.172,-0.051
0.04,-2.037
0.04,-1.242
-0.122,-0.583
-0.062,-0.617
-0.19,-1.918
-0.07,-0.61
-0.098,-0.064
-0.341,-1.58
-0.252,-2.092
-0.568,0.702
-0.455,-0.13
-0.521,-0.852
-0.672,-2.838
-0.758,0.798
-0.738,-3.058
-0.638,-3.079
-0.789,-2.09
-0.666,-2.818
-0.75,-1.411
-0.767,0.394
-0.87,0.783
-1.028,-0.621
-1.041,0.176
-1.065,0.416
-1.123,0.781
-1.127,0.355
-1.219,-0.825
-1.225,-0.428
-1.371,0.751
-1.236,-3.062
-1.292,-2.34
-1.426,0.271
-1.319,0.534
-1.456,0.842
-1.515,-1.58
-1.426,-2.432
-1.438,-1.806
-1.544,-0.744
-1.674,-1.438
-1.541,-2.436
-1.702,0.499
-1.738,-2.813
-1.641,-2.344
-1.799,-0.358
-1.712,0.265
-1.779,-0.498
-1.839,-0.773
-1.976,-1.64
-2.107,-1.643
-2.125,-2.952
-2.154,0.674
-2.183,-0.599
-2.353,0.444
-2.402,-2.425
-2.447,-3.044
-2.482,-1.588
-2.387,-1.763
-2.454,0.123
-2.582,-0.759
-2.705,-2.06
-2.608,-2.189
-2.82,-2.958
3.099,-1.533
3.051,-2.289
3.018,-3.01
2.973,-0.813
2.957,-0.635
2.972,-0.547
2.937,-1.406
2.78,0.549
2.907,-0.804
2.76,-0.74
2.734,0.441
2.609,-1.245
2.577,-0.095
2.419,-3.415
1.884,-3.576
1.985,-3.237
0.728,-3.444
0.435,-3.225
-0.223,-3.604
-0.439,-3.26
-0.517,-3.458
-0.611,-3.312
-1.81,-3.552
-2.363,-3.202
2.703,-3.365
2.254,0.876
1.686,0.91
1.554,0.965
1.224,0.963
0.919,0.738
-0.165,0.888
-1.414,0.925
-2.25,1.017
-0.447,-0.297
-0.598,0.2
-0.849,-2.339
-1.884,-2.854
0.049,-2.111
-1.074,-2.175
-1.974,-0.434
-1.992,-0.464
-3.054,-0.99
2.075,0.247
1.023,-2.489
-1.884,0.005
-2.531,-1.19
-2.931,-1.868
-2.953,-1.175
-2.912,-2.059
-3.033,-2.356
-3.007,-1.21
0.989,-2.861
-0.169,-3.167
2.972,-3.095
2.92,-3.064
-0.94,0.606
0.047,0.566
-0.051,-1.094
-0.063,-0.383
-0.078,-0.408
-0.052,-0.876
-0.29,0.562
-0.281,-1.684
-0.321,-1.336
-0.405,-1.431
-0.424,-1.267
-0.507,-0.787
-0.488,-2.558
-0.722,-2.075
-0.653,-2.366
-0.667,-0.226
-0.724,-1.253
-0.682,1.084
-0.715,0.995
-0.829,-1.123
-0.768,-1.267
-0.896,-2.061
-0.874,-0.077
-0.928,-1.208
-0.881,0.285
-0.948,-1.472
-0.938,-0.465
-0.937,-0.945
-1.069,-1.545
-1.085,-1.954
-1.112,-0.386
-1.116,-0.163
-1.097,0.08
-1.158,-1.332
-1.169,-2.458
-1.183,-1.297
-1.23,-1.028
-1.152,0.936
-1.213,-1.333
-1.286,-1.345
-1.313,-0.337
-1.248,-1.198
-1.269,1.376
-1.381,0.328
-1.376,0.211
-1.452,0.932
-1.424,0.22
-1.484,-0.832
-1.435,-0.556
-1.44,1.174
-1.556,1.438
-1.582,-0.479
-1.595,0.358
-1.635,-1.033
-1.637,-0.858
-1.746,-2.203
-1.756,-0.376
-1.691,-0.469
-1.838,0.153
-1.812,0.194
-1.966,-1.218
-1.924,-0.016
-2.003,0.002
-1.988,-1.586
-2.149,-1.853
-2.245,1.181
-2.268,-1.245
-2.269,-0.117
-2.375,-1.208
-2.438,-0.476
-2.398,-0.195
-2.421,0.005
-2.525,-0.035
-2.511,-1.252
-2.548,-2.532
-2.567,-1.548
-2.586,-0.009
-2.62,-2.514
-2.739,-1.159
-2.689,-0.326
-2.711,-1.171
-2.785,-1.683
-2.873,-2.078
-2.83,0.136
-2.875,0.077
3.084,-0.722
3.04,-1.26
3.023,-2.063
3.013,-1.459
2.978,-0.323
2.873,-0.817
2.832,-1.569
2.91,-1.365
2.832,-1.483
2.772,-1.102
2.602,-2.428
2.559,-1.043
2.594,-2.844
2.165,-2.819
2.033,-2.621
1.95,-2.99
1.864,-2.628
1.429,-2.783
1.111,-2.871
-0.328,-2.893
-0.593,-2.966
-1.027,-2.898
-1.287,-2.701
-1.379,-2.778
-1.694,-3.046
-2.361,-2.808
-2.537,-2.764
-2.79,-2.795
-2.891,-2.665
2.975,-2.724
1.831,1.543
0.671,1.676
0.153,1.468
-0.141,1.327
-0.662,1.606
-0.624,1.284
-2.258,1.415
-2.607,1.69
-2.994,1.246
1.747,0.851
-0.528,0.663
-0.86,0.659
-1.783,-2.575
-2.506,1.322
2.94,-2.969
2.838,-2.887
0.349,1.199
2.653,0.141
2.593,-1.457
2.581,-1.509
2.467,-0.868
2.374,-0.314
2.24,-1.786
2.216,-0.94
2.109,-0.837
2.046,-1.666
2.185,1.191
2.006,1.066
2.104,-1.794
2.041,1.182
2.028,-1.179
1.737,-1.581
1.836,-1.432
1.83,-1.038
1.702,-0.909
1.649,-0.127
1.44,-2.24
1.423,-1.611
1.41,-0.696
1.369,0.671
1.311,-1.985
1.248,-0.182
1.204,0.185
1.15,1.004
1.173,-0.353
1.25,0.813
1.056,-0.673
1.037,-0.889
0.919,-1.188
0.955,-1.266
0.916,-1.699
0.87,0.98
0.739,-0.904
0.811,1.266
0.52,-0.921
0.276,-1.809
0.197,-1.059
0.215,0.507
0.083,-1.479
0.083,-0.684
-0.079,-0.025
-0.019,-0.059
-0.147,-1.36
-0.027,-0.052
-0.055,0.494
-0.298,-1.022
-0.209,-1.534
-0.525,1.26
-0.412,0.428
-0.478,-0.294
-0.629,-2.28
-0.715,1.356
-0.695,-2.5
-0.595,-2.521
-0.746,-1.532
-0.623,-2.26
-0.707,-0.853
-0.724,0.952
-0.827,1.341
-0.985,-0.063
-0.998,0.734
-1.022,0.974
-1.08,1.339
-1.084,0.913
-1.176,-0.267
-1.182,0.13
-1.328,1.309
-1.193,-2.504
-1.249,-1.782
-1.383,0.829
-1.276,1.092
-1.413,1.4
-1.472,-1.022
-1.383,-1.874
-1.395,-1.248
-1.501,-0.186
-1.631,-0.88
-1.498,-1.878
-1.659,1.057
-1.695,-2.255
-1.598,-1.786
-1.756,0.2
-1.669,0.823
-1.736,0.06
-1.796,-0.215
-1.933,-1.082
-2.064,-1.085
-2.082,-2.394
-2.111,1.232
-2.14,-0.041
-2.31,1.002
-2.359,-1.867
-2.404,-2.486
-2.439,-1.03
-2.344,-1.205
-2.411,0.681
-2.539,-0.201
-2.662,-1.502
-2.565,-1.631
-2.777,-2.4
-3.141,-0.975
3.094,-1.731
3.061,-2.452
3.016,-0.255
3.0,-0.077
3.015,0.011
2.98,-0.848
2.823,1.107
2.95,-0.246
2.803,-0.182
2.777,0.999
2.652,-0.687
2.62,0.463
2.462,-2.857
1.927,-3.018
2.028,-2.679
0.771,-2.886
0.478,-2.667
-0.18,-3.046
-0.396,-2.702
-0.474,-2.9
-0.568,-2.754
-1.767,-2.994
-2.32,-2.644
2.746,-2.807
2.297,1.434
1.729,1.468
1.597,1.523
1.267,1.521
0.962,1.296
-0.122,1.446
-1.371,1.483
-2.207,1.575
-0.404,0.261
-0.555,0.758
-0.806,-1.781
-1.841,-2.296
0.092,-1.553
-1.031,-1.617
-1.931,0.124
-1.949,0.094
-3.011,-0.432
2.118,0.805
1.066,-1.931
-1.841,0.563
-2.488,-0.632
-2.888,-1.31
-2.91,-0.617
-2.869,-1.501
-2.99,-1.798
-2.964,-0.652
1.032,-2.303
-0.126,-2.609
3.015,-2.537
2.963,-2.506
-0.897,1.164
-0.098,-1.66
-0.11,-0.949
-0.125,-0.974
-0.099,-1.442
-0.337,-0.004
-0.328,-2.25
-0.368,-1.902
-0.452,-1.997
-0.471,-1.833
-0.554,-1.353
-0.535,-3.124
-0.769,-2.641
-0.7,-2.932
-0.714,-0.792
-0.771,-1.819
-0.729,0.518
-0.762,0.429
-0.876,-1.689
-0.815,-1.833
-0.943,-2.627
-0.921,-0.643
-0.975,-1.774
-0.928,-0.281
-0.995,-2.038
-0.985,-1.031
-0.984,-1.511
-1.116,-2.111
-1.132,-2.52
-1.159,-0.952
-1.163,-0.729
-1.144,-0.486
-1.205,-1.898
-1.216,-3.024
-1.23,-1.863
-1.277,-1.594
-1.199,0.37
-1.26,-1.899
-1.333,-1.911
-1.36,-0.903
-1.295,-1.764
-1.316,0.81
-1.428,-0.238
-1.423,-0.355
-1.499,0.366
-1.471,-0.346
-1.531,-1.398
-1.482,-1.122
-1.487,0.608
-1.603,0.872
-1.629,-1.045
-1.642,-0.208
-1.682,-1.599
-1.684,-1.424
-1.793,-2.769
-1.803,-0.942
-1.738,-1.035
-1.885,-0.413
-1.859,-0.372
-2.013,-1.784
-1.971,-0.582
-2.05,-0.564
-2.035,-2.152
-2.196,-2.419
-2.292,0.615
-2.315,-1.811
-2.316,-0.683
-2.422,-1.774
-2.485,-1.042
-2.445,-0.761
-2.468,-0.561
-2.572,-0.601
-2.558,-1.818
-2.595,-3.098
-2.614,-2.114
-2.633,-0.575
-2.667,-3.08
-2.786,-1.725
-2.736,-0.892
-2.758,-1.737
-2.832,-2.249
-2.92,-2.644
-2.877,-0.43
-2.922,-0.489
3.037,-1.288
2.993,-1.826
2.976,-2.629
2.966,-2.025
2.931,-0.889
2.826,-1.383
2.785,-2.135
2.863,-1.931
2.785,-2.049
2.725,-1.668
2.555,-2.994
2.512,-1.609
2.547,-3.41
2.118,-3.385
1.986,-3.187
1.903,-3.556
1.817,-3.194
1.382,-3.349
1.064,-3.437
-0.375,-3.459
-0.64,-3.532
-1.074,-3.464
-1.334,-3.267
-1.426,-3.344
-1.741,-3.612
-2.408,-3.374
-2.584,-3.33
-2.837,-3.361
-2.938,-3.231
2.928,-3.29
1.784,0.977
0.624,1.11
0.106,0.902
-0.188,0.761
-0.709,1.04
-0.671,0.718
-2.305,0.849
-2.654,1.124
-3.041,0.68
1.7,0.285
-0.575,0.097
-0.907,0.093
-1.83,-3.141
-2.553,0.756
2.893,-3.535
2.791,-3.453
0.302,0.633
2.606,-0.425
2.546,-2.023
2.534,-2.075
2.42,-1.434
2.327,-0.88
2.193,-2.352
2.169,-1.506
2.062,-1.403
1.999,-2.232
2.138,0.625
1.959,0.5
2.057,-2.36
1.994,0.616
1.981,-1.745
1.69,-2.147
1.789,-1.998
1.783,-1.604
1.655,-1.475
1.602,-0.693
1.393,-2.806
1.376,-2.177
1.363,-1.262
1.322,0.105
1.264,-2.551
1.201,-0.748
1.157,-0.381
1.103,0.438
1.126,-0.919
1.203,0.247
1.009,-1.239
0.99,-1.455
0.872,-1.754
0.908,-1.832
0.869,-2.265
0.823,0.414
0.692,-1.47
0.764,0.7
0.473,-1.487
0.229,-2.375
0.15,-1.625
0.168,-0.059
0.036,-2.045
0.036,-1.25
-0.126,-0.591
-0.066,-0.625
-0.194,-1.926
-0.074,-0.618
-0.102,-0.072
-0.345,-1.588
-0.256,-2.1
-0.572,0.694
-0.459,-0.138
-0.525,-0.86
-0.676,-2.846
-0.762,0.79
-0.742,-3.066
-0.642,-3.087
-0.793,-2.098
-0.67,-2.826
-0.754,-1.419
-0.771,0.386
-0.874,0.775
-1.032,-0.629
-1.045,0.168
-1.069,0.408
-1.127,0.773
-1.131,0.347
-1.223,-0.833
-1.229,-0.436
-1.375,0.743
-1.24,-3.07
-1.296,-2.348
-1.43,0.263
-1.323,0.526
-1.46,0.834
-1.519,-1.588
-1.43,-2.44
-1.442,-1.814
-1.548,-0.752
-1.678,-1.446
-1.545,-2.444
-1.706,0.491
-1.742,-2.821
-1.645,-2.352
-1.803,-0.366
-1.716,0.257
-1.783,-0.506
-1.843,-0.781
-1.98,-1.648
-2.111,-1.651
-2.129,-2.96
-2.158,0.666
-2.187,-0.607
-2.357,0.436
-2.406,-2.433
-2.451,-3.052
-2.486,-1.596
-2.391,-1.771
-2.458,0.115
-2.586,-0.767
-2.709,-2.068
-2.612,-2.197
-2.824,-2.966
3.095,-1.541
3.047,-2.297
3.014,-3.018
2.969,-0.821
2.953,-0.643
2.968,-0.555
2.933,-1.414
2.776,0.541
2.903,-0.812
2.756,-0.748
2.73,0.433
2.605,-1.253
2.573,-0.103
2.415,-3.423
1.88,-3.584
1.981,-3.245
0.724,-3.452
0.431,-3.233
-0.227,-3.612
-0.443,-3.268
-0.521,-3.466
-0.615,-3.32
-1.814,-3.56
-2.367,-3.21
2.699,-3.373
2.25,0.868
1.682,0.902
1.55,0.957
1.22,0.955
0.915,0.73
-0.169,0.88
-1.418,0.917
-2.254,1.009
-0.451,-0.305
-0.602,0.192
-0.853,-2.347
-1.888,-2.862
0.045,-2.119
-1.078,-2.183
-1.978,-0.442
-1.996,-0.472
-3.058,-0.998
2.071,0.239
1.019,-2.497
-1.888,-0.003
-2.535,-1.198
-2.935,-1.876
-2.957,-1.183
-2.916,-2.067
-3.037,-2.364
-3.011,-1.218
0.985,-2.869
-0.173,-3.175
2.968,-3.103
2.916,-3.072
-0.944,0.598
-0.012,0.711
-0.027,0.686
-0.001,0.218
-0.239,1.656
-0.23,-0.59
-0.27,-0.242
-0.354,-0.337
-0.373,-0.173
-0.456,0.307
-0.437,-1.464
-0.671,-0.981
-0.602,-1.272
-0.616,0.868
-0.673,-0.159
-0.631,2.178
-0.664,2.089
-0.778,-0.029
-0.717,-0.173
-0.845,-0.967
-0.823,1.017
-0.877,-0.114
-0.83,1.379
-0.897,-0.378
-0.887,0.629
-0.886,0.149
-1.018,-0.451
-1.034,-0.86
-1.061,0.708
-1.065,0.931
-1.046,1.174
-1.107,-0.238
-1.118,-1.364
-1.132,-0.203
-1.179,0.066
-1.101,2.03
-1.162,-0.239
-1.235,-0.251
-1.262,0.757
-1.197,-0.104
-1.218,2.47
-1.33,1.422
-1.325,1.305
-1.401,2.026
-1.373,1.314
-1.433,0.262
-1.384,0.538
-1.389,2.268
-1.505,2.532
-1.531,0.615
-1.544,1.452
-1.584,0.061
-1.586,0.236
-1.695,-1.109
-1.705,0.718
-1.64,0.625
-1.787,1.247
-1.761,1.288
-1.915,-0.124
-1.873,1.078
-1.952,1.096
-1.937,-0.492
-2.098,-0.759
-2.194,2.275
-2.217,-0.151
-2.218,0.977
-2.324,-0.114
-2.387,0.618
-2.347,0.899
-2.37,1.099
-2.474,1.059
-2.46,-0.158
-2.497,-1.438
-2.516,-0.454
-2.535,1.085
-2.569,-1.42
-2.688,-0.065
-2.638,0.768
-2.66,-0.077
-2.734,-0.589
-2.822,-0.984
-2.779,1.23
-2.824,1.171
3.135,0.372
3.091,-0.166
3.074,-0.969
3.064,-0.365
3.029,0.771
2.924,0.277
2.883,-0.475
2.961,-0.271
2.883,-0.389
2.823,-0.008
2.653,-1.334
2.61,0.051
2.645,-1.75
2.216,-1.725
2.084,-1.527
2.001,-1.896
1.915,-1.534
1.48,-1.689
1.162,-1.777
-0.277,-1.799
-0.542,-1.872
-0.976,-1.804
-1.236,-1.607
-1.328,-1.684
-1.643,-1.952
-2.31,-1.714
-2.486,-1.67
-2.739,-1.701
-2.84,-1.571
3.026,-1.63
1.882,2.637
0.722,2.77
0.204,2.562
-0.09,2.421
-0.611,2.7
-0.573,2.378
-2.207,2.509
-2.556,2.784
-2.943,2.34
1.798,1.945
-0.477,1.757
-0.809,1.753
-1.732,-1.481
-2.455,2.416
2.991,-1.875
2.889,-1.793
0.4,2.293
2.704,1.235
2.644,-0.363
2.632,-0.415
2.518,0.226
2.425,0.78
2.291,-0.692
2.267,0.154
2.16,0.257
2.097,-0.572
2.236,2.285
2.057,2.16
2.155,-0.7
2.092,2.276
2.079,-0.085
1.788,-0.487
1.887,-0.338
1.881,0.056
1.753,0.185
1.7,0.967
1.491,-1.146
1.474,-0.517
1.461,0.398
1.42,1.765
1.362,-0.891
1.299,0.912
1.255,1.279
1.201,2.098
1.224,0.741
1.301,1.907
1.107,0.421
1.088,0.205
0.97,-0.094
1.006,-0.172
0.967,-0.605
0.921,2.074
0.79,0.19
0.862,2.36
0.571,0.173
0.327,-0.715
0.248,0.035
0.266,1.601
0.134,-0.385
0.134,0.41
-0.028,1.069
0.032,1.035
-0.096,-0.266
0.024,1.042
-0.004,1.588
-0.247,0.072
-0.158,-0.44
-0.474,2.354
-0.361,1.522
-0.427,0.8
-0.578,-1.186
-0.664,2.45
-0.644,-1.406
-0.544,-1.427
-0.695,-0.438
-0.572,-1.166
-0.656,0.241
-0.673,2.046
-0.776,2.435
-0.934,1.031
-0.947,1.828
-0.971,2.068
-1.029,2.433
-1.033,2.007
-1.125,0.827
-1.131,1.224
-1.277,2.403
-1.142,-1.41
-1.198,-0.688
-1.332,1.923
-1.225,2.186
-1.362,2.494
-1.421,0.072
-1.332,-0.78
-1.344,-0.154
-1.45,0.908
-1.58,0.214
-1.447,-0.784
-1.608,2.151
-1.644,-1.161
-1.547,-0.692
-1.705,1.294
-1.618,1.917
-1.685,1.154
-1.745,0.879
-1.882,0.012
-2.013,0.009
-2.031,-1.3
-2.06,2.326
-2.089,1.053
-2.259,2.096
-2.308,-0.773
-2.353,-1.392
-2.388,0.064
-2.293,-0.111
-2.36,1.775
-2.488,0.893
-2.611,-0.408
-2.514,-0.537
-2.726,-1.306
-3.09,0.119
-3.138,-0.637
3.112,-1.358
3.067,0.839
3.051,1.017
3.066,1.105
3.031,0.246
2.874,2.201
3.001,0.848
2.854,0.912
2.828,2.093
2.703,0.407
2.671,1.557
2.513,-1.763
1.978,-1.924
2.079,-1.585
0.822,-1.792
0.529,-1.573
-0.129,-1.952
-0.345,-1.608
-0.423,-1.806
-0.517,-1.66
-1.716,-1.9
-2.269,-1.55
2.797,-1.713
2.348,2.528
1.78,2.562
1.648,2.617
1.318,2.615
1.013,2.39
-0.071,2.54
-1.32,2.577
-2.156,2.669
-0.353,1.355
-0.504,1.852
-0.755,-0.687
-1.79,-1.202
0.143,-0.459
-0.98,-0.523
-1.88,1.218
-1.898,1.188
-2.96,0.662
2.169,1.899
1.117,-0.837
-1.79,1.657
-2.437,0.462
-2.837,-0.216
-2.859,0.477
-2.818,-0.407
-2.939,-0.704
-2.913,0.442
1.083,-1.209
-0.075,-1.515
3.066,-1.443
3.014,-1.412
-0.846,2.258
-0.015,-0.025
0.011,-0.493
-0.227,0.945
-0.218,-1.301
-0.258,-0.953
-0.342,-1.048
-0.361,-0.884
-0.444,-0.404
-0.425,-2.175
-0.659,-1.692
-0.59,-1.983
-0.604,0.157
-0.661,-0.87
-0.619,1.467
-0.652,1.378
-0.766,-0.74
-0.705,-0.884
-0.833,-1.678
-0.811,0.306
-0.865,-0.825
-0.818,0.668
-0.885,-1.089
-0.875,-0.082
-0.874,-0.562
-1.006,-1.162
-1.022,-1.571
-1.049,-0.003
-1.053,0.22
-1.034,0.463
-1.095,-0.949
-1.106,-2.075
-1.12,-0.914
-1.167,-0.645
-1.089,1.319
-1.15,-0.95
-1.223,-0.962
-1.25,0.046
-1.185,-0.815
-1.206,1.759
-1.318,0.711
-1.313,0.594
-1.389,1.315
-1.361,0.603
-1.421,-0.449
-1.372,-0.173
-1.377,1.557
-1.493,1.821
-1.519,-0.096
-1.532,0.741
-1.572,-0.65
-1.574,-0.475
-1.683,-1.82
-1.693,0.007
-1.628,-0.086
-1.775,0.536
-1.749,0.577
-1.903,-0.835
-1.861,0.367
-1.94,0.385
-1.925,-1.203
-2.086,-1.47
-2.182,1.564
-2.205,-0.862
-2.206,0.266
-2.312,-0.825
-2.375,-0.093
-2.335,0.188
-2.358,0.388
-2.462,0.348
-2.448,-0.869
-2.485,-2.149
-2.504,-1.165
-2.523,0.374
-2.557,-2.131
-2.676,-0.776
-2.626,0.057
-2.648,-0.788
-2.722,-1.3
-2.81,-1.695
-2.767,0.519
-2.812,0.46
-3.136,-0.339
3.103,-0.877
3.086,-1.68
3.076,-1.076
3.041,0.06
2.936,-0.434
2.895,-1.186
2.973,-0.982
2.895,-1.1
2.835,-0.719
2.665,-2.045
2.622,-0.66
2.657,-2.461
2.228,-2.436
2.096,-2.238
2.013,-2.607
1.927,-2.245
1.492,-2.4
1.174,-2.488
-0.265,-2.51
-0.53,-2.583
-0.964,-2.515
-1.224,-2.318
-1.316,-2.395
-1.631,-2.663
-2.298,-2.425
-2.474,-2.381
-2.727,-2.412
-2.828,-2.282
3.038,-2.341
1.894,1.926
0.734,2.059
0.216,1.851
-0.078,1.71
-0.599,1.989
-0.561,1.667
-2.195,1.798
-2.544,2.073
-2.931,1.629
1.81,1.234
-0.465,1.046
-0.797,1.042
-1.72,-2.192
-2.443,1.705
3.003,-2.586
2.901,-2.504
0.412,1.582
2.716,0.524
2.656,-1.074
2.644,-1.126
2.53,-0.485
2.437,0.069
2.303,-1.403
2.279,-0.557
2.172,-0.454
2.109,-1.283
2.248,1.574
2.069,1.449
2.167,-1.411
2.104,1.565
2.091,-0.796
1.8,-1.198
1.899,-1.049
1.893,-0.655
1.765,-0.526
1.712,0.256
1.503,-1.857
1.486,-1.228
1.473,-0.313
1.432,1.054
1.374,-1.602
1.311,0.201
1.267,0.568
1.213,1.387
1.236,0.03
1.313,1.196
1.119,-0.29
1.1,-0.506
0.982,-0.805
1.018,-0.883
0.979,-1.316
0.933,1.363
0.802,-0.521
0.874,1.649
0.583,-0.538
0.339,-1.426
0.26,-0.676
0.278,0.89
0.146,-1.096
0.146,-0.301
-0.016,0.358
0.044,0.324
-0.084,-0.977
0.036,0.331
0.008,0.877
-0.235,-0.639
-0.146,-1.151
-0.462,1.643
-0.349,0.811
-0.415,0.089
-0.566,-1.897
-0.652,1.739
-0.632,-2.117
-0.532,-2.138
-0.683,-1.149
-0.56,-1.877
-0.644,-0.47
-0.661,1.335
-0.764,1.724
-0.922,0.32
-0.935,1.117
-0.959,1.357
-1.017,1.722
-1.021,1.296
-1.113,0.116
-1.119,0.513
-1.265,1.692
-1.13,-2.121
-1.186,-1.399
-1.32,1.212
-1.213,1.475
-1.35,1.783
-1.409,-0.639
-1.32,-1.491
-1.332,-0.865
-1.438,0.197
-1.568,-0.497
-1.435,-1.495
-1.596,1.44
-1.632,-1.872
-1.535,-1.403
-1.693,0.583
-1.606,1.206
-1.673,0.443
-1.733,0.168
-1.87,-0.699
-2.001,-0.702
-2.019,-2.011
-2.048,1.615
-2.077,0.342
-2.247,1.385
-2.296,-1.484
-2.341,-2.103
-2.376,-0.647
-2.281,-0.822
-2.348,1.064
-2.476,0.182
-2.599,-1.119
-2.502,-1.248
-2.714,-2.017
-3.078,-0.592
-3.126,-1.348
3.124,-2.069
3.079,0.128
3.063,0.306
3.078,0.394
3.043,-0.465
2.886,1.49
3.013,0.137
2.866,0.201
2.84,1.382
2.715,-0.304
2.683,0.846
2.525,-2.474
1.99,-2.635
2.091,-2.296
0.834,-2.503
0.541,-2.284
-0.117,-2.663
-0.333,-2.319
-0.411,-2.517
-0.505,-2.371
-1.704,-2.611
-2.257,-2.261
2.809,-2.424
2.36,1.817
1.792,1.851
1.66,1.906
1.33,1.904
1.025,1.679
-0.059,1.829
-1.308,1.866
-2.144,1.958
-0.341,0.644
-0.492,1.141
-0.743,-1.398
-1.778,-1.913
0.155,-1.17
-0.968,-1.234
-1.868,0.507
-1.886,0.477
-2.948,-0.049
2.181,1.188
1.129,-1.548
-1.778,0.946
-2.425,-0.249
-2.825,-0.927
-2.847,-0.234
-2.806,-1.118
-2.927,-1.415
-2.901,-0.269
1.095,-1.92
-0.063,-2.226
3.078,-2.154
3.026,-2.123
-0.834,1.547
0.026,-0.468
-0.212,0.97
-0.203,-1.276
-0.243,-0.928
-0.327,-1.023
-0.346,-0.859
-0.429,-0.379
-0.41,-2.15
-0.644,-1.667
-0.575,-1.958
-0.589,0.182
-0.646,-0.845
-0.604,1.492
-0.637,1.403
-0.751,-0.715
-0.69,-0.859
-0.818,-1.653
-0.796,0.331
-0.85,-0.8
-0.803,0.693
-0.87,-1.064
-0.86,-0.057
-0.859,-0.537
-0.991,-1.137
-1.007,-1.546
-1.034,0.022
-1.038,0.245
-1.019,0.488
-1.08,-0.924
-1.091,-2.05
-1.105,-0.889
-1.152,-0.62
-1.074,1.344
-1.135,-0.925
-1.208,-0.937
-1.235,0.071
-1.17,-0.79
-1.191,1.784
-1.303,0.736
-1.298,0.619
-1.374,1.34
-1.346,0.628
-1.406,-0.424
-1.357,-0.148
-1.362,1.582
-1.478,1.846
-1.504,-0.071
-1.517,0.766
-1.557,-0.625
-1.559,-0.45
-1.668,-1.795
-1.678,0.032
-1.613,-0.061
-1.76,0.561
-1.734,0.602
-1.888,-0.81
-1.846,0.392
-1.925,0.41
-1.91,-1.178
-2.071,-1.445
-2.167,1.589
-2.19,-0.837
-2.191,0.291
-2.297,-0.8
-2.36,-0.068
-2.32,0.213
-2.343,0.413
-2.447,0.373
-2.433,-0.844
-2.47,-2.124
-2.489,-1.14
-2.508,0.399
-2.542,-2.106
-2.661,-0.751
-2.611,0.082
-2.633,-0.763
-2.707,-1.275
-2.795,-1.67
-2.752,0.544
-2.797,0.485
-3.121,-0.314
3.118,-0.852
3.101,-1.655
3.091,-1.051
3.056,0.085
2.951,-0.409
2.91,-1.161
2.988,-0.957
2.91,-1.075
2.85,-0.694
2.68,-2.02
2.637,-0.635
2.672,-2.436
2.243,-2.411
2.111,-2.213
2.028,-2.582
1.942,-2.22
1.507,-2.375
1.189,-2.463
-0.25,-2.485
-0.515,-2.558
-0.949,-2.49
-1.209,-2.293
-1.301,-2.37
-1.616,-2.638
-2.283,-2.4
-2.459,-2.356
-2.712,-2.387
-2.813,-2.257
3.053,-2.316
1.909,1.951
0.749,2.084
0.231,1.876
-0.063,1.735
-0.584,2.014
-0.546,1.692
-2.18,1.823
-2.529,2.098
-2.916,1.654
1.825,1.259
-0.45,1.071
-0.782,1.067
-1.705,-2.167
-2.428,1.73
3.018,-2.561
2.916,-2.479
0.427,1.607
2.731,0.549
2.671,-1.049
2.659,-1.101
2.545,-0.46
2.452,0.094
2.318,-1.378
2.294,-0.532
2.187,-0.429
2.124,-1.258
2.263,1.599
2.084,1.474
2.182,-1.386
2.119,1.59
2.106,-0.771
1.815,-1.173
1.914,-1.024
1.908,-0.63
1.78,-0.501
1.727,0.281
1.518,-1.832
1.501,-1.203
1.488,-0.288
1.447,1.079
1.389,-1.577
1.326,0.226
1.282,0.593
1.228,1.412
1.251,0.055
1.328,1.221
1.134,-0.265
1.115,-0.481
0.997,-0.78
1.033,-0.858
0.994,-1.291
0.948,1.388
0.817,-0.496
0.889,1.674
0.598,-0.513
0.354,-1.401
0.275,-0.651
0.293,0.915
0.161,-1.071
0.161,-0.276
-0.001,0.383
0.059,0.349
-0.069,-0.952
0.051,0.356
0.023,0.902
-0.22,-0.614
-0.131,-1.126
-0.447,1.668
-0.334,0.836
-0.4,0.114
-0.551,-1.872
-0.637,1.764
-0.617,-2.092
-0.517,-2.113
-0.668,-1.124
-0.545,-1.852
-0.629,-0.445
-0.646,1.36
-0.749,1.749
-0.907,0.345
-0.92,1.142
-0.944,1.382
-1.002,1.747
-1.006,1.321
-1.098,0.141
-1.104,0.538
-1.25,1.717
-1.115,-2.096
-1.171,-1.374
-1.305,1.237
-1.198,1.5
-1.335,1.808
-1.394,-0.614
-1.305,-1.466
-1.317,-0.84
-1.423,0.222
-1.553,-0.472
-1.42,-1.47
-1.581,1.465
-1.617,-1.847
-1.52,-1.378
-1.678,0.608
-1.591,1.231
-1.658,0.468
-1.718,0.193
-1.855,-0.674
-1.986,-0.677
-2.004,-1.986
-2.033,1.64
-2.062,0.367
-2.232,1.41
-2.281,-1.459
-2.326,-2.078
-2.361,-0.622
-2.266,-0.797
-2.333,1.089
-2.461,0.207
-2.584,-1.094
-2.487,-1.223
-2.699,-1.992
-3.063,-0.567
-3.111,-1.323
3.139,-2.044
3.094,0.153
3.078,0.331
3.093,0.419
3.058,-0.44
2.901,1.515
3.028,0.162
2.881,0.226
2.855,1.407
2.73,-0.279
2.698,0.871
2.54,-2.449
2.005,-2.61
2.106,-2.271
0.849,-2.478
0.556,-2.259
-0.102,-2.638
-0.318,-2.294
-0.396,-2.492
-0.49,-2.346
-1.689,-2.586
-2.242,-2.236
2.824,-2.399
2.375,1.842
1.807,1.876
1.675,1.931
1.345,1.929
1.04,1.704
-0.044,1.854
-1.293,1.891
-2.129,1.983
-0.326,0.669
-0.477,1.166
-0.728,-1.373
-1.763,-1.888
0.17,-1.145
-0.953,-1.209
-1.853,0.532
-1.871,0.502
-2.933,-0.024
2.196,1.213
1.144,-1.523
-1.763,0.971
-2.41,-0.224
-2.81,-0.902
-2.832,-0.209
-2.791,-1.093
-2.912,-1.39
-2.886,-0.244
1.11,-1.895
-0.048,-2.201
3.093,-2.129
3.041,-2.098
-0.819,1.572
-0.238,1.438
-0.229,-0.808
-0.269,-0.46
-0.353,-0.555
-0.372,-0.391
-0.455,0.089
-0.436,-1.682
-0.67,-1.199
-0.601,-1.49
-0.615,0.65
-0.672,-0.377
-0.63,1.96
-0.663,1.871
-0.777,-0.247
-0.716,-0.391
-0.844,-1.185
-0.822,0.799
-0.876,-0.332
-0.829,1.161
-0.896,-0.596
-0.886,0.411
-0.885,-0.069
-1.017,-0.669
-1.033,-1.078
-1.06,0.49
-1.064,0.713
-1.045,0.956
-1.106,-0.456
-1.117,-1.582
-1.131,-0.421
-1.178,-0.152
-1.1,1.812
-1.161,-0.457
-1.234,-0.469
-1.261,0.539
-1.196,-0.322
-1.217,2.252
-1.329,1.204
-1.324,1.087
-1.4,1.808
-1.372,1.096
-1.432,0.044
-1.383,0.32
-1.388,2.05
-1.504,2.314
-1.53,0.397
-1.543,1.234
-1.583,-0.157
-1.585,0.018
-1.694,-1.327
-1.704,0.5
-1.639,0.407
-1.786,1.029
-1.76,1.07
-1.914,-0.342
-1.872,0.86
-1.951,0.878
-1.936,-0.71
-2.097,-0.977
-2.193,2.057
-2.216,-0.369
-2.217,0.759
-2.323,-0.332
-2.386,0.4
-2.346,0.681
-2.369,0.881
-2.473,0.841
-2.459,-0.376
-2.496,-1.656
-2.515,-0.672
-2.534,0.867
-2.568,-1.638
-2.687,-0.283
-2.637,0.55
-2.659,-0.295
-2.733,-0.807
-2.821,-1.202
-2.778,1.012
-2.823,0.953
3.136,0.154
3.092,-0.384
3.075,-1.187
3.065,-0.583
3.03,0.553
2.925,0.059
2.884,-0.693
2.962,-0.489
2.884,-0.607
2.824,-0.226
2.654,-1.552
2.611,-0.167
2.646,-1.968
2.217,-1.943
2.085,-1.745
2.002,-2.114
1.916,-1.752
1.481,-1.907
1.163,-1.995
-0.276,-2.017
-0.541,-2.09
-0.975,-2.022
-1.235,-1.825
-1.327,-1.902
-1.642,-2.17
-2.309,-1.932
-2.485,-1.888
-2.738,-1.919
-2.839,-1.789
3.027,-1.848
1.883,2.419
0.723,2.552
0.205,2.344
-0.089,2.203
-0.61,2.482
-0.572,2.16
-2.206,2.291
-2.555,2.566
-2.942,2.122
1.799,1.727
-0.476,1.539
-0.808,1.535
-1.731,-1.699
-2.454,2.198
2.992,-2.093
2.89,-2.011
0.401,2.075
2.705,1.017
2.645,-0.581
2.633,-0.633
2.519,0.008
2.426,0.562
2.292,-0.91
2.268,-0.064
2.161,0.039
2.098,-0.79
2.237,2.067
2.058,1.942
2.156,-0.918
2.093,2.058
2.08,-0.303
1.789,-0.705
1.888,-0.556
1.882,-0.162
1.754,-0.033
1.701,0.749
1.492,-1.364
1.475,-0.735
1.462,0.18
1.421,1.547
1.363,-1.109
1.3,0.694
1.256,1.061
1.202,1.88
1.225,0.523
1.302,1.689
1.108,0.203
1.089,-0.013
0.971,-0.312
1.007,-0.39
0.968,-0.823
0.922,1.856
0.791,-0.028
0.863,2.142
0.572,-0.045
0.328,-0.933
0.249,-0.183
0.267,1.383
0.135,-0.603
0.135,0.192
-0.027,0.851
0.033,0.817
-0.095,-0.484
0.025,0.824
-0.003,1.37
-0.246,-0.146
-0.157,-0.658
-0.473,2.136
-0.36,1.304
-0.426,0.582
-0.577,-1.404
-0.663,2.232
-0.643,-1.624
-0.543,-1.645
-0.694,-0.656
-0.571,-1.384
-0.655,0.023
-0.672,1.828
-0.775,2.217
-0.933,0.813
-0.946,1.61
-0.97,1.85
-1.028,2.215
-1.032,1.789
-1.124,0.609
-1.13,1.006
-1.276,2.185
-1.141,-1.628
-1.197,-0.906
-1.331,1.705
-1.224,1.968
-1.361,2.276
-1.42,-0.146
-1.331,-0.998
-1.343,-0.372
-1.449,0.69
-1.579,-0.004
-1.446,-1.002
-1.607,1.933
-1.643,-1.379
-1.546,-0.91
-1.704,1.076
-1.617,1.699
-1.684,0.936
-1.744,0.661
-1.881,-0.206
-2.012,-0.209
-2.03,-1.518
-2.059,2.108
-2.088,0.835
-2.258,1.878
-2.307,-0.991
-2.352,-1.61
-2.387,-0.154
-2.292,-0.329
-2.359,1.557
-2.487,0.675
-2.61,-0.626
-2.513,-0.755
-2.725,-1.524
-3.089,-0.099
-3.137,-0.855
3.113,-1.576
3.068,0.621
3.052,0.799
3.067,0.887
3.032,0.028
2.875,1.983
3.002,0.63
2.855,0.694
2.829,1.875
2.704,0.189
2.672,1.339
2.514,-1.981
1.979,-2.142
2.08,-1.803
0.823,-2.01
0.53,-1.791
-0.128,-2.17
-0.344,-1.826
-0.422,-2.024
-0.516,-1.878
-1.715,-2.118
-2.268,-1.768
2.798,-1.931
2.349,2.31
1.781,2.344
1.649,2.399
1.319,2.397
1.014,2.172
-0.07,2.322
-1.319,2.359
-2.155,2.451
-0.352,1.137
-0.503,1.634
-0.754,-0.905
-1.789,-1.42
0.144,-0.677
-0.979,-0.741
-1.879,1.0
-1.897,0.97
-2.959,0.444
2.17,1.681
1.118,-1.055
-1.789,1.439
-2.436,0.244
-2.836,-0.434
-2.858,0.259
-2.817,-0.625
-2.938,-0.922
-2.912,0.224
1.084,-1.427
-0.074,-1.733
3.067,-1.661
3.015,-1.63
-0.845,2.04
0.009,-2.246
-0.031,-1.898
-0.115,-1.993
-0.134,-1.829
-0.217,-1.349
-0.198,-3.12
-0.432,-2.637
-0.363,-2.928
-0.377,-0.788
-0.434,-1.815
-0.392,0.522
-0.425,0.433
-0.539,-1.685
-0.478,-1.829
-0.606,-2.623
-0.584,-0.639
-0.638,-1.77
-0.591,-0.277
-0.658,-2.034
-0.648,-1.027
-0.647,-1.507
-0.779,-2.107
-0.795,-2.516
-0.822,-0.948
-0.826,-0.725
-0.807,-0.482
-0.868,-1.894
-0.879,-3.02
-0.893,-1.859
-0.94,-1.59
-0.862,0.374
-0.923,-1.895
-0.996,-1.907
-1.023,-0.899
-0.958,-1.76
-0.979,0.814
-1.091,-0.234
-1.086,-0.351
-1.162,0.37
-1.134,-0.342
-1.194,-1.394
-1.145,-1.118
-1.15,0.612
-1.266,0.876
-1.292,-1.041
-1.305,-0.204
-1.345,-1.595
-1.347,-1.42
-1.456,-2.765
-1.466,-0.938
-1.401,-1.031
-1.548,-0.409
-1.522,-0.368
-1.676,-1.78
-1.634,-0.578
-1.713,-0.56
-1.698,-2.148
-1.859,-2.415
-1.955,0.619
-1.978,-1.807
-1.979,-0.679
-2.085,-1.77
-2.148,-1.038
-2.108,-0.757
-2.131,-0.557
-2.235,-0.597
-2.221,-1.814
-2.258,-3.094
-2.277,-2.11
-2.296,-0.571
-2.33,-3.076
-2.449,-1.721
-2.399,-0.888
-2.421,-1.733
-2.495,-2.245
-2.583,-2.64
-2.54,-0.426
-2.585,-0.485
-2.909,-1.284
-2.953,-1.822
-2.97,-2.625
-2.98,-2.021
-3.015,-0.885
-3.12,-1.379
3.122,-2.131
-3.083,-1.927
3.122,-2.045
3.062,-1.664
2.892,-2.99
2.849,-1.605
2.884,-3.406
2.455,-3.381
2.323,-3.183
2.24,-3.552
2.154,-3.19
1.719,-3.345
1.401,-3.433
-0.038,-3.455
-0.303,-3.528
-0.737,-3.46
-0.997,-3.263
-1.089,-3.34
-1.404,-3.608
-2.071,-3.37
-2.247,-3.326
-2.5,-3.357
-2.601,-3.227
-3.018,-3.286
2.121,0.981
0.961,1.114
0.443,0.906
0.149,0.765
-0.372,1.044
-0.334,0.722
-1.968,0.853
-2.317,1.128
-2.704,0.684
2.037,0.289
-0.238,0.101
-0.57,0.097
-1.493,-3.137
-2.216,0.76
-3.053,-3.531
3.128,-3.449
0.639,0.637
2.943,-0.421
2.883,-2.019
2.871,-2.071
2.757,-1.43
2.664,-0.876
2.53,-2.348
2.506,-1.502
2.399,-1.399
2.336,-2.228
2.475,0.629
2.296,0.504
2.394,-2.356
2.331,0.62
2.318,-1.741
2.027,-2.143
2.126,-1.994
2.12,-1.6
1.992,-1.471
1.939,-0.689
1.73,-2.802
1.713,-2.173
1.7,-1.258
1.659,0.109
1.601,-2.547
1.538,-0.744
1.494,-0.377
1.44,0.442
1.463,-0.915
1.54,0.251
1.346,-1.235
1.327,-1.451
1.209,-1.75
1.245,-1.828
1.206,-2.261
1.16,0.418
1.029,-1.466
1.101,0.704
0.81,-1.483
0.566,-2.371
0.487,-1.621
0.505,-0.055
0.373,-2.041
0.373,-1.246
0.211,-0.587
0.271,-0.621
0.143,-1.922
0.263,-0.614
0.235,-0.068
-0.008,-1.584
0.081,-2.096
-0.235,0.698
-0.122,-0.134
-0.188,-0.856
-0.339,-2.842
-0.425,0.794
-0.405,-3.062
-0.305,-3.083
-0.456,-2.094
-0.333,-2.822
-0.417,-1.415
-0.434,0.39
-0.537,0.779
-0.695,-0.625
-0.708,0.172
-0.732,0.412
-0.79,0.777
-0.794,0.351
-0.886,-0.829
-0.892,-0.432
-1.038,0.747
-0.903,-3.066
-0.959,-2.344
-1.093,0.267
-0.986,0.53
-1.123,0.838
-1.182,-1.584
-1.093,-2.436
-1.105,-1.81
-1.211,-0.748
-1.341,-1.442
-1.208,-2.44
-1.369,0.495
-1.405,-2.817
-1.308,-2.348
-1.466,-0.362
-1.379,0.261
-1.446,-0.502
-1.506,-0.777
-1.643,-1.644
-1.774,-1.647
-1.792,-2.956
-1.821,0.67
-1.85,-0.603
-2.02,0.44
-2.069,-2.429
-2.114,-3.048
-2.149,-1.592
-2.054,-1.767
-2.121,0.119
-2.249,-0.763
-2.372,-2.064
-2.275,-2.193
-2.487,-2.962
-2.851,-1.537
-2.899,-2.293
-2.932,-3.014
-2.977,-0.817
-2.993,-0.639
-2.978,-0.551
-3.013,-1.41
3.113,0.545
-3.043,-0.808
3.093,-0.744
3.067,0.437
2.942,-1.249
2.91,-0.099
2.752,-3.419
2.217,-3.58
2.318,-3.241
1.061,-3.448
0.768,-3.229
0.11,-3.608
-0.106,-3.264
-0.184,-3.462
-0.278,-3.316
-1.477,-3.556
-2.03,-3.206
3.036,-3.369
2.587,0.872
2.019,0.906
1.887,0.961
1.557,0.959
1.252,0.734
0.168,0.884
-1.081,0.921
-1.917,1.013
-0.114,-0.301
-0.265,0.196
-0.516,-2.343
-1.551,-2.858
0.382,-2.115
-0.741,-2.179
-1.641,-0.438
-1.659,-0.468
-2.721,-0.994
2.408,0.243
1.356,-2.493
-1.551,0.001
-2.198,-1.194
-2.598,-1.872
-2.62,-1.179
-2.579,-2.063
-2.7,-2.36
-2.674,-1.214
1.322,-2.865
0.164,-3.171
-2.978,-3.099
-3.03,-3.068
-0.607,0.602
-0.04,0.348
-0.124,0.253
-0.143,0.417
-0.226,0.897
-0.207,-0.874
-0.441,-0.391
-0.372,-0.682
-0.386,1.458
-0.443,0.431
-0.401,2.768
-0.434,2.679
-0.548,0.561
-0.487,0.417
-0.615,-0.377
-0.593,1.607
-0.647,0.476
-0.6,1.969
-0.667,0.212
-0.657,1.219
-0.656,0.739
-0.788,0.139
-0.804,-0.27
-0.831,1.298
-0.835,1.521
-0.816,1.764
-0.877,0.352
-0.888,-0.774
-0.902,0.387
-0.949,0.656
-0.871,2.62
-0.932,0.351
-1.005,0.339
-1.032,1.347
-0.967,0.486
-0.988,3.06
-1.1,2.012
-1.095,1.895
-1.171,2.616
-1.143,1.904
-1.203,0.852
-1.154,1.128
-1.159,2.858
-1.275,3.122
-1.301,1.205
-1.314,2.042
-1.354,0.651
-1.356,0.826
-1.465,-0.519
-1.475,1.308
-1.41,1.215
-1.557,1.837
-1.531,1.878
-1.685,0.466
-1.643,1.668
-1.722,1.686
-1.707,0.098
-1.868,-0.169
-1.964,2.865
-1.987,0.439
-1.988,1.567
-2.094,0.476
-2.157,1.208
-2.117,1.489
-2.14,1.689
-2.244,1.649
-2.23,0.432
-2.267,-0.848
-2.286,0.136
-2.305,1.675
-2.339,-0.83
-2.458,0.525
-2.408,1.358
-2.43,0.513
-2.504,0.001
-2.592,-0.394
-2.549,1.82
-2.594,1.761
-2.918,0.962
-2.962,0.424
-2.979,-0.379
-2.989,0.225
-3.024,1.361
-3.129,0.867
3.113,0.115
-3.092,0.319
3.113,0.201
3.053,0.582
2.883,-0.744
2.84,0.641
2.875,-1.16
2.446,-1.135
2.314,-0.937
2.231,-1.306
2.145,-0.944
1.71,-1.099
1.392,-1.187
-0.047,-1.209
-0.312,-1.282
-0.746,-1.214
-1.006,-1.017
-1.098,-1.094
-1.413,-1.362
-2.08,-1.124
-2.256,-1.08
-2.509,-1.111
-2.61,-0.981
-3.027,-1.04
2.112,3.227
0.952,3.36
0.434,3.152
0.14,3.011
-0.381,3.29
-0.343,2.968
-1.977,3.099
-2.326,3.374
-2.713,2.93
2.028,2.535
-0.247,2.347
-0.579,2.343
-1.502,-0.891
-2.225,3.006
-3.062,-1.285
3.119,-1.203
0.63,2.883
2.934,1.825
2.874,0.227
2.862,0.175
2.748,0.816
2.655,1.37
2.521,-0.102
2.497,0.744
2.39,0.847
2.327,0.018
2.466,2.875
2.287,2.75
2.385,-0.11
2.322,2.866
2.309,0.505
2.018,0.103
2.117,0.252
2.111,0.646
1.983,0.775
1.93,1.557
1.721,-0.556
1.704,0.073
1.691,0.988
1.65,2.355
1.592,-0.301
1.529,1.502
1.485,1.869
1.431,2.688
1.454,1.331
1.531,2.497
1.337,1.011
1.318,0.795
1.2,0.496
1.236,0.418
1.197,-0.015
1.151,2.664
1.02,0.78
1.092,2.95
0.801,0.763
0.557,-0.125
0.478,0.625
0.496,2.191
0.364,0.205
0.364,1.0
0.202,1.659
0.262,1.625
0.134,0.324
0.254,1.632
0.226,2.178
-0.017,0.662
0.072,0.15
-0.244,2.944
-0.131,2.112
-0.197,1.39
-0.348,-0.596
-0.434,3.04
-0.414,-0.816
-0.314,-0.837
-0.465,0.152
-0.342,-0.576
-0.426,0.831
-0.443,2.636
-0.546,3.025
-0.704,1.621
-0.717,2.418
-0.741,2.658
-0.799,3.023
-0.803,2.597
-0.895,1.417
-0.901,1.814
-1.047,2.993
-0.912,-0.82
-0.968,-0.098
-1.102,2.513
-0.995,2.776
-1.132,3.084
-1.191,0.662
-1.102,-0.19
-1.114,0.436
-1.22,1.498
-1.35,0.804
-1.217,-0.194
-1.378,2.741
-1.414,-0.571
-1.317,-0.102
-1.475,1.884
-1.388,2.507
-1.455,1.744
-1.515,1.469
-1.652,0.602
-1.783,0.599
-1.801,-0.71
-1.83,2.916
-1.859,1.643
-2.029,2.686
-2.078,-0.183
-2.123,-0.802
-2.158,0.654
-2.063,0.479
-2.13,2.365
-2.258,1.483
-2.381,0.182
-2.284,0.053
-2.496,-0.716
-2.86,0.709
-2.908,-0.047
-2.941,-0.768
-2.986,1.429
-3.002,1.607
-2.987,1.695
-3.022,0.836
3.104,2.791
-3.052,1.438
3.084,1.502
3.058,2.683
2.933,0.997
2.901,2.147
2.743,-1.173
2.208,-1.334
2.309,-0.995
1.052,-1.202
0.759,-0.983
0.101,-1.362
-0.115,-1.018
-0.193,-1.216
-0.287,-1.07
-1.486,-1.31
-2.039,-0.96
3.027,-1.123
2.578,3.118
2.01,3.152
1.878,3.207
1.548,3.205
1.243,2.98
0.159,3.13
-1.09,3.167
-1.926,3.259
-0.123,1.945
-0.274,2.442
-0.525,-0.097
-1.56,-0.612
0.373,0.131
-0.75,0.067
-1.65,1.808
-1.668,1.778
-2.73,1.252
2.399,2.489
1.347,-0.247
-1.56,2.247
-2.207,1.052
-2.607,0.374
-2.629,1.067
-2.588,0.183
-2.709,-0.114
-2.683,1.032
1.313,-0.619
0.155,-0.925
-2.987,-0.853
-3.039,-0.822
-0.616,2.848
-0.084,-0.095
-0.103,0.069
-0.186,0.549
-0.167,-1.222
-0.401,-0.739
-0.332,-1.03
-0.346,1.11
-0.403,0.083
-0.361,2.42
-0.394,2.331
-0.508,0.213
-0.447,0.069
-0.575,-0.725
-0.553,1.259
-0.607,0.128
-0.56,1.621
-0.627,-0.136
-0.617,0.871
-0.616,0.391
-0.748,-0.209
-0.764,-0.618
-0.791,0.95
-0.795,1.173
-0.776,1.416
-0.837,0.004
-0.848,-1.122
-0.862,0.039
-0.909,0.308
-0.831,2.272
-0.892,0.003
-0.965,-0.009
-0.992,0.999
-0.927,0.138
-0.948,2.712
-1.06,1.664
-1.055,1.547
-1.131,2.268
-1.103,1.556
-1.163,0.504
-1.114,0.78
-1.119,2.51
-1.235,2.774
-1.261,0.857
-1.274,1.694
-1.314,0.303
-1.316,0.478
-1.425,-0.867
-1.435,0.96
-1.37,0.867
-1.517,1.489
-1.491,1.53
-1.645,0.118
-1.603,1.32
-1.682,1.338
-1.667,-0.25
-1.828,-0.517
-1.924,2.517
-1.947,0.091
-1.948,1.219
-2.054,0.128
-2.117,0.86
-2.077,1.141
-2.1,1.341
-2.204,1.301
-2.19,0.084
-2.227,-1.196
-2.246,-0.212
-2.265,1.327
-2.299,-1.178
-2.418,0.177
-2.368,1.01
-2.39,0.165
-2.464,-0.347
-2.552,-0.742
-2.509,1.472
-2.554,1.413
-2.878,0.614
-2.922,0.076
-2.939,-0.727
-2.949,-0.123
-2.984,1.013
-3.089,0.519
-3.13,-0.233
-3.052,-0.029
-3.13,-0.147
3.093,0.234
2.923,-1.092
2.88,0.293
2.915,-1.508
2.486,-1.483
2.354,-1.285
2.271,-1.654
2.185,-1.292
1.75,-1.447
1.432,-1.535
-0.007,-1.557
-0.272,-1.63
-0.706,-1.562
-0.966,-1.365
-1.058,-1.442
-1.373,-1.71
-2.04,-1.472
-2.216,-1.428
-2.469,-1.459
-2.57,-1.329
-2.987,-1.388
2.152,2.879
0.992,3.012
0.474,2.804
0.18,2.663
-0.341,2.942
-0.303,2.62
-1.937,2.751
-2.286,3.026
-2.673,2.582
2.068,2.187
-0.207,1.999
-0.539,1.995
-1.462,-1.239
-2.185,2.658
-3.022,-1.633
-3.124,-1.551
0.67,2.535
2.974,1.477
2.914,-0.121
2.902,-0.173
2.788,0.468
2.695,1.022
2.561,-0.45
2.537,0.396
2.43,0.499
2.367,-0.33
2.506,2.527
2.327,2.402
2.425,-0.458
2.362,2.518
2.349,0.157
2.058,-0.245
2.157,-0.096
2.151,0.298
2.023,0.427
1.97,1.209
1.761,-0.904
1.744,-0.275
1.731,0.64
1.69,2.007
1.632,-0.649
1.569,1.154
1.525,1.521
1.471,2.34
1.494,0.983
1.571,2.149
1.377,0.663
1.358,0.447
1.24,0.148
1.276,0.07
1.237,-0.363
1.191,2.316
1.06,0.432
1.132,2.602
0.841,0.415
0.597,-0.473
0.518,0.277
0.536,1.843
0.404,-0.143
0.404,0.652
0.242,1.311
0.302,1.277
0.174,-0.024
0.294,1.284
0.266,1.83
0.023,0.314
0.112,-0.198
-0.204,2.596
-0.091,1.764
-0.157,1.042
-0.308,-0.944
-0.394,2.692
-0.374,-1.164
-0.274,-1.185
-0.425,-0.196
-0.302,-0.924
-0.386,0.483
-0.403,2.288
-0.506,2.677
-0.664,1.273
-0.677,2.07
-0.701,2.31
-0.759,2.675
-0.763,2.249
-0.855,1.069
-0.861,1.466
-1.007,2.645
-0.872,-1.168
-0.928,-0.446
-1.062,2.165
-0.955,2.428
-1.092,2.736
-1.151,0.314
-1.062,-0.538
-1.074,0.088
-1.18,1.15
-1.31,0.456
-1.177,-0.542
-1.338,2.393
-1.374,-0.919
-1.277,-0.45
-1.435,1.536
-1.348,2.159
-1.415,1.396
-1.475,1.121
-1.612,0.254
-1.743,0.251
-1.761,-1.058
-1.79,2.568
-1.819,1.295
-1.989,2.338
-2.038,-0.531
-2.083,-1.15
-2.118,0.306
-2.023,0.131
-2.09,2.017
-2.218,1.135
-2.341,-0.166
-2.244,-0.295
-2.456,-1.064
-2.82,0.361
-2.868,-0.395
-2.901,-1.116
-2.946,1.081
-2.962,1.259
-2.947,1.347
-2.982,0.488
-3.139,2.443
-3.012,1.09
3.124,1.154
3.098,2.335
2.973,0.649
2.941,1.799
2.783,-1.521
2.248,-1.682
2.349,-1.343
1.092,-1.55
0.799,-1.331
0.141,-1.71
-0.075,-1.366
-0.153,-1.564
-0.247,-1.418
-1.446,-1.658
-1.999,-1.308
3.067,-1.471
2.618,2.77
2.05,2.804
1.918,2.859
1.588,2.857
1.283,2.632
0.199,2.782
-1.05,2.819
-1.886,2.911
-0.083,1.597
-0.234,2.094
-0.485,-0.445
-1.52,-0.96
0.413,-0.217
-0.71,-0.281
-1.61,1.46
-1.628,1.43
-2.69,0.904
2.439,2.141
1.387,-0.595
-1.52,1.899
-2.167,0.704
-2.567,0.026
-2.589,0.719
-2.548,-0.165
-2.669,-0.462
-2.643,0.684
1.353,-0.967
0.195,-1.273
-2.947,-1.201
-2.999,-1.17
-0.576,2.5
-0.019,0.164
-0.102,0.644
-0.083,-1.127
-0.317,-0.644
-0.248,-0.935
-0.262,1.205
-0.319,0.178
-0.277,2.515
-0.31,2.426
-0.424,0.308
-0.363,0.164
-0.491,-0.63
-0.469,1.354
-0.523,0.223
-0.476,1.716
-0.543,-0.041
-0.533,0.966
-0.532,0.486
-0.664,-0.114
-0.68,-0.523
-0.707,1.045
-0.711,1.268
-0.692,1.511
-0.753,0.099
-0.764,-1.027
-0.778,0.134
-0.825,0.403
-0.747,2.367
-0.808,0.098
-0.881,0.086
-0.908,1.094
-0.843,0.233
-0.864,2.807
-0.976,1.759
-0.971,1.642
-1.047,2.363
-1.019,1.651
-1.079,0.599
-1.03,0.875
-1.035,2.605
-1.151,2.869
-1.177,0.952
-1.19,1.789
-1.23,0.398
-1.232,0.573
-1.341,-0.772
-1.351,1.055
-1.286,0.962
-1.433,1.584
-1.407,1.625
-1.561,0.213
-1.519,1.415
-1.598,1.433
-1.583,-0.155
-1.744,-0.422
-1.84,2.612
-1.863,0.186
-1.864,1.314
-1.97,0.223
-2.033,0.955
-1.993,1.236
-2.016,1.436
-2.12,1.396
-2.106,0.179
-2.143,-1.101
-2.162,-0.117
-2.181,1.422
-2.215,-1.083
-2.334,0.272
-2.284,1.105
-2.306,0.26
-2.38,-0.252
-2.468,-0.647
-2.425,1.567
-2.47,1.508
-2.794,0.709
-2.838,0.171
-2.855,-0.632
-2.865,-0.028
-2.9,1.108
-3.005,0.614
-3.046,-0.138
-2.968,0.066
-3.046,-0.052
-3.106,0.329
3.007,-0.997
2.964,0.388
2.999,-1.413
2.57,-1.388
2.438,-1.19
2.355,-1.559
2.269,-1.197
1.834,-1.352
1.516,-1.44
0.077,-1.462
-0.188,-1.535
-0.622,-1.467
-0.882,-1.27
-0.974,-1.347
-1.289,-1.615
-1.956,-1.377
-2.132,-1.333
-2.385,-1.364
-2.486,-1.234
-2.903,-1.293
2.236,2.974
1.076,3.107
0.558,2.899
0.264,2.758
-0.257,3.037
-0.219,2.715
-1.853,2.846
-2.202,3.121
-2.589,2.677
2.152,2.282
-0.123,2.094
-0.455,2.09
-1.378,-1.144
-2.101,2.753
-2.938,-1.538
-3.04,-1.456
0.754,2.63
3.058,1.572
2.998,-0.026
2.986,-0.078
2.872,0.563
2.779,1.117
2.645,-0.355
2.621,0.491
2.514,0.594
2.451,-0.235
2.59,2.622
2.411,2.497
2.509,-0.363
2.446,2.613
2.433,0.252
2.142,-0.15
2.241,-0.001
2.235,0.393
2.107,0.522
2.054,1.304
1.845,-0.809
1.828,-0.18
1.815,0.735
1.774,2.102
1.716,-0.554
1.653,1.249
1.609,1.616
1.555,2.435
1.578,1.078
1.655,2.244
1.461,0.758
1.442,0.542
1.324,0.243
1.36,0.165
1.321,-0.268
1.275,2.411
1.144,0.527
1.216,2.697
0.925,0.51
0.681,-0.378
0.602,0.372
0.62,1.938
0.488,-0.048
0.488,0.747
0.326,1.406
0.386,1.372
0.258,0.071
0.378,1.379
0.35,1.925
0.107,0.409
0.196,-0.103
-0.12,2.691
-0.007,1.859
-0.073,1.137
-0.224,-0.849
-0.31,2.787
-0.29,-1.069
-0.19,-1.09
-0.341,-0.101
-0.218,-0.829
-0.302,0.578
-0.319,2.383
-0.422,2.772
-0.58,1.368
-0.593,2.165
-0.617,2.405
-0.675,2.77
-0.679,2.344
-0.771,1.164
-0.777,1.561
-0.923,2.74
-0.788,-1.073
-0.844,-0.351
-0.978,2.26
-0.871,2.523
-1.008,2.831
-1.067,0.409
-0.978,-0.443
-0.99,0.183
-1.096,1.245
-1.226,0.551
-1.093,-0.447
-1.254,2.488
-1.29,-0.824
-1.193,-0.355
-1.351,1.631
-1.264,2.254
-1.331,1.491
-1.391,1.216
-1.528,0.349
-1.659,0.346
-1.677,-0.963
-1.706,2.663
-1.735,1.39
-1.905,2.433
-1.954,-0.436
-1.999,-1.055
-2.034,0.401
-1.939,0.226
-2.006,2.112
-2.134,1.23
-2.257,-0.071
-2.16,-0.2
-2.372,-0.969
-2.736,0.456
-2.784,-0.3
-2.817,-1.021
-2.862,1.176
-2.878,1.354
-2.863,1.442
-2.898,0.583
-3.055,2.538
-2.928,1.185
-3.075,1.249
-3.101,2.43
3.057,0.744
3.025,1.894
2.867,-1.426
2.332,-1.587
2.433,-1.248
1.176,-1.455
0.883,-1.236
0.225,-1.615
0.009,-1.271
-0.069,-1.469
-0.163,-1.323
-1.362,-1.563
-1.915,-1.213
-3.132,-1.376
2.702,2.865
2.134,2.899
2.002,2.954
1.672,2.952
1.367,2.727
0.283,2.877
-0.966,2.914
-1.802,3.006
0.001,1.692
-0.15,2.189
-0.401,-0.35
-1.436,-0.865
0.497,-0.122
-0.626,-0.186
-1.526,1.555
-1.544,1.525
-2.606,0.999
2.523,2.236
1.471,-0.5
-1.436,1.994
-2.083,0.799
-2.483,0.121
-2.505,0.814
-2.464,-0.07
-2.585,-0.367
-2.559,0.779
1.437,-0.872
0.279,-1.178
-2.863,-1.106
-2.915,-1.075
-0.492,2.595
-0.083,0.48
-0.064,-1.291
-0.298,-0.808
-0.229,-1.099
-0.243,1.041
-0.3,0.014
-0.258,2.351
-0.291,2.262
-0.405,0.144
-0.344,0.0
-0.472,-0.794
-0.45,1.19
-0.504,0.059
-0.457,1.552
-0.524,-0.205
-0.514,0.802
-0.513,0.322
-0.645,-0.278
-0.661,-0.687
-0.688,0.881
-0.692,1.104
-0.673,1.347
-0.734,-0.065
-0.745,-1.191
-0.759,-0.03
-0.806,0.239
-0.728,2.203
-0.789,-0.066
-0.862,-0.078
-0.889,0.93
-0.824,0.069
-0.845,2.643
-0.957,1.595
-0.952,1.478
-1.028,2.199
-1.0,1.487
-1.06,0.435
-1.011,0.711
-1.016,2.441
-1.132,2.705
-1.158,0.788
-1.171,1.625
-1.211,0.234
-1.213,0.409
-1.322,-0.936
-1.332,0.891
-1.267,0.798
-1.414,1.42
-1.388,1.461
-1.542,0.049
-1.5,1.251
-1.579,1.269
-1.564,-0.319
-1.725,-0.586
-1.821,2.448
-1.844,0.022
-1.845,1.15
-1.951,0.059
-2.014,0.791
-1.974,1.072
-1.997,1.272
-2.101,1.232
-2.087,0.015
-2.124,-1.265
-2.143,-0.281
-2.162,1.258
-2.196,-1.247
-2.315,0.108
-2.265,0.941
-2.287,0.096
-2.361,-0.416
-2.449,-0.811
-2.406,1.403
-2.451,1.344
-2.775,0.545
-2.819,0.007
-2.836,-0.796
-2.846,-0.192
-2.881,0.944
-2.986,0.45
-3.027,-0.302
-2.949,-0.098
-3.027,-0.216
-3.087,0.165
3.026,-1.161
2.983,0.224
3.018,-1.577
2.589,-1.552
2.457,-1.354
2.374,-1.723
2.288,-1.361
1.853,-1.516
1.535,-1.604
0.096,-1.626
-0.169,-1.699
-0.603,-1.631
-0.863,-1.434
-0.955,-1.511
-1.27,-1.779
-1.937,-1.541
-2.113,-1.497
-2.366,-1.528
-2.467,-1.398
-2.884,-1.457
2.255,2.81
1.095,2.943
0.577,2.735
0.283,2.594
-0.238,2.873
-0.2,2.551
-1.834,2.682
-2.183,2.957
-2.57,2.513
2.171,2.118
-0.104,1.93
-0.436,1.926
-1.359,-1.308
-2.082,2.589
-2.919,-1.702
-3.021,-1.62
0.773,2.466
3.077,1.408
3.017,-0.19
3.005,-0.242
2.891,0.399
2.798,0.953
2.664,-0.519
2.64,0.327
2.533,0.43
2.47,-0.399
2.609,2.458
2.43,2.333
2.528,-0.527
2.465,2.449
2.452,0.088
2.161,-0.314
2.26,-0.165
2.254,0.229
2.126,0.358
2.073,1.14
1.864,-0.973
1.847,-0.344
1.834,0.571
1.793,1.938
1.735,-0.718
1.672,1.085
1.628,1.452
1.574,2.271
1.597,0.914
1.674,2.08
1.48,0.594
1.461,0.378
1.343,0.079
1.379,0.001
1.34,-0.432
1.294,2.247
1.163,0.363
1.235,2.533
0.944,0.346
0.7,-0.542
0.621,0.208
0.639,1.774
0.507,-0.212
0.507,0.583
0.345,1.242
0.405,1.208
0.277,-0.093
0.397,1.215
0.369,1.761
0.126,0.245
0.215,-0.267
-0.101,2.527
0.012,1.695
-0.054,0.973
-0.205,-1.013
-0.291,2.623
-0.271,-1.233
-0.171,-1.254
-0.322,-0.265
-0.199,-0.993
-0.283,0.414
-0.3,2.219
-0.403,2.608
-0.561,1.204
-0.574,2.001
-0.598,2.241
-0.656,2.606
-0.66,2.18
-0.752,1.0
-0.758,1.397
-0.904,2.576
-0.769,-1.237
-0.825,-0.515
-0.959,2.096
-0.852,2.359
-0.989,2.667
-1.048,0.245
-0.959,-0.607
-0.971,0.019
-1.077,1.081
-1.207,0.387
-1.074,-0.611
-1.235,2.324
-1.271,-0.988
-1.174,-0.519
-1.332,1.467
-1.245,2.09
-1.312,1.327
-1.372,1.052
-1.509,0.185
-1.64,0.182
-1.658,-1.127
-1.687,2.499
-1.716,1.226
-1.886,2.269
-1.935,-0.6
-1.98,-1.219
-2.015,0.237
-1.92,0.062
-1.987,1.948
-2.115,1.066
-2.238,-0.235
-2.141,-0.364
-2.353,-1.133
-2.717,0.292
-2.765,-0.464
-2.798,-1.185
-2.843,1.012
-2.859,1.19
-2.844,1.278
-2.879,0.419
-3.036,2.374
-2.909,1.021
-3.056,1.085
-3.082,2.266
3.076,0.58
3.044,1.73
2.886,-1.59
2.351,-1.751
2.452,-1.412
1.195,-1.619
0.902,-1.4
0.244,-1.779
0.028,-1.435
-0.05,-1.633
-0.144,-1.487
-1.343,-1.727
-1.896,-1.377
-3.113,-1.54
2.721,2.701
2.153,2.735
2.021,2.79
1.691,2.788
1.386,2.563
0.302,2.713
-0.947,2.75
-1.783,2.842
0.02,1.528
-0.131,2.025
-0.382,-0.514
-1.417,-1.029
0.516,-0.286
-0.607,-0.35
-1.507,1.391
-1.525,1.361
-2.587,0.835
2.542,2.072
1.49,-0.664
-1.417,1.83
-2.064,0.635
-2.464,-0.043
-2.486,0.65
-2.445,-0.234
-2.566,-0.531
-2.54,0.615
1.456,-1.036
0.298,-1.342
-2.844,-1.27
-2.896,-1.239
-0.473,2.431
0.019,-1.771
-0.215,-1.288
-0.146,-1.579
-0.16,0.561
-0.217,-0.466
-0.175,1.871
-0.208,1.782
-0.322,-0.336
-0.261,-0.48
-0.389,-1.274
-0.367,0.71
-0.421,-0.421
-0.374,1.072
-0.441,-0.685
-0.431,0.322
-0.43,-0.158
-0.562,-0.758
-0.578,-1.167
-0.605,0.401
-0.609,0.624
-0.59,0.867
-0.651,-0.545
-0.662,-1.671
-0.676,-0.51
-0.723,-0.241
-0.645,1.723
-0.706,-0.546
-0.779,-0.558
-0.806,0.45
-0.741,-0.411
-0.762,2.163
-0.874,1.115
-0.869,0.998
-0.945,1.719
-0.917,1.007
-0.977,-0.045
-0.928,0.231
-0.933,1.961
-1.049,2.225
-1.075,0.308
-1.088,1.145
-1.128,-0.246
-1.13,-0.071
-1.239,-1.416
-1.249,0.411
-1.184,0.318
-1.331,0.94
-1.305,0.981
-1.459,-0.431
-1.417,0.771
-1.496,0.789
-1.481,-0.799
-1.642,-1.066
-1.738,1.968
-1.761,-0.458
-1.762,0.67
-1.868,-0.421
-1.931,0.311
-1.891,0.592
-1.914,0.792
-2.018,0.752
-2.004,-0.465
-2.041,-1.745
-2.06,-0.761
-2.079,0.778
-2.113,-1.727
-2.232,-0.372
-2.182,0.461
-2.204,-0.384
-2.278,-0.896
-2.366,-1.291
-2.323,0.923
-2.368,0.864
-2.692,0.065
-2.736,-0.473
-2.753,-1.276
-2.763,-0.672
-2.798,0.464
-2.903,-0.03
-2.944,-0.782
-2.866,-0.578
-2.944,-0.696
-3.004,-0.315
3.109,-1.641
3.066,-0.256
3.101,-2.057
2.672,-2.032
2.54,-1.834
2.457,-2.203
2.371,-1.841
1.936,-1.996
1.618,-2.084
0.179,-2.106
-0.086,-2.179
-0.52,-2.111
-0.78,-1.914
-0.872,-1.991
-1.187,-2.259
-1.854,-2.021
-2.03,-1.977
-2.283,-2.008
-2.384,-1.878
-2.801,-1.937
2.338,2.33
1.178,2.463
0.66,2.255
0.366,2.114
-0.155,2.393
-0.117,2.071
-1.751,2.202
-2.1,2.477
-2.487,2.033
2.254,1.638
-0.021,1.45
-0.353,1.446
-1.276,-1.788
-1.999,2.109
-2.836,-2.182
-2.938,-2.1
0.856,1.986
-3.123,0.928
3.1,-0.67
3.088,-0.722
2.974,-0.081
2.881,0.473
2.747,-0.999
2.723,-0.153
2.616,-0.05
2.553,-0.879
2.692,1.978
2.513,1.853
2.611,-1.007
2.548,1.969
2.535,-0.392
2.244,-0.794
2.343,-0.645
2.337,-0.251
2.209,-0.122
2.156,0.66
1.947,-1.453
1.93,-0.824
1.917,0.091
1.876,1.458
1.818,-1.198
1.755,0.605
1.711,0.972
1.657,1.791
1.68,0.434
1.757,1.6
1.563,0.114
1.544,-0.102
1.426,-0.401
1.462,-0.479
1.423,-0.912
1.377,1.767
1.246,-0.117
1.318,2.053
1.027,-0.134
0.783,-1.022
0.704,-0.272
0.722,1.294
0.59,-0.692
0.59,0.103
0.428,0.762
0.488,0.728
0.36,-0.573
0.48,0.735
0.452,1.281
0.209,-0.235
0.298,-0.747
-0.018,2.047
0.095,1.215
0.029,0.493
-0.122,-1.493
-0.208,2.143
-0.188,-1.713
-0.088,-1.734
-0.239,-0.745
-0.116,-1.473
-0.2,-0.066
-0.217,1.739
-0.32,2.128
-0.478,0.724
-0.491,1.521
-0.515,1.761
-0.573,2.126
-0.577,1.7
-0.669,0.52
-0.675,0.917
-0.821,2.096
-0.686,-1.717
-0.742,-0.995
-0.876,1.616
-0.769,1.879
-0.906,2.187
-0.965,-0.235
-0.876,-1.087
-0.888,-0.461
-0.994,0.601
-1.124,-0.093
-0.991,-1.091
-1.152,1.844
-1.188,-1.468
-1.091,-0.999
-1.249,0.987
-1.162,1.61
-1.229,0.847
-1.289,0.572
-1.426,-0.295
-1.557,-0.298
-1.575,-1.607
-1.604,2.019
-1.633,0.746
-1.803,1.789
-1.852,-1.08
-1.897,-1.699
-1.932,-0.243
-1.837,-0.418
-1.904,1.468
-2.032,0.586
-2.155,-0.715
-2.058,-0.844
-2.27,-1.613
-2.634,-0.188
-2.682,-0.944
-2.715,-1.665
-2.76,0.532
-2.776,0.71
-2.761,0.798
-2.796,-0.061
-2.953,1.894
-2.826,0.541
-2.973,0.605
-2.999,1.786
-3.124,0.1
3.127,1.25
2.969,-2.07
2.434,-2.231
2.535,-1.892
1.278,-2.099
0.985,-1.88
0.327,-2.259
0.111,-1.915
0.033,-2.113
-0.061,-1.967
-1.26,-2.207
-1.813,-1.857
-3.03,-2.02
2.804,2.221
2.236,2.255
2.104,2.31
1.774,2.308
1.469,2.083
0.385,2.233
-0.864,2.27
-1.7,2.362
0.103,1.048
-0.048,1.545
-0.299,-0.994
-1.334,-1.509
0.599,-0.766
-0.524,-0.83
-1.424,0.911
-1.442,0.881
-2.504,0.355
2.625,1.592
1.573,-1.144
-1.334,1.35
-1.981,0.155
-2.381,-0.523
-2.403,0.17
-2.362,-0.714
-2.483,-1.011
-2.457,0.135
1.539,-1.516
0.381,-1.822
-2.761,-1.75
-2.813,-1.719
-0.39,1.951
-0.234,0.483
-0.165,0.192
-0.179,2.332
-0.236,1.305
-0.194,3.642
-0.227,3.553
-0.341,1.435
-0.28,1.291
-0.408,0.497
-0.386,2.481
-0.44,1.35
-0.393,2.843
-0.46,1.086
-0.45,2.093
-0.449,1.613
-0.581,1.013
-0.597,0.604
-0.624,2.172
-0.628,2.395
-0.609,2.638
-0.67,1.226
-0.681,0.1
-0.695,1.261
-0.742,1.53
-0.664,3.494
-0.725,1.225
-0.798,1.213
-0.825,2.221
-0.76,1.36
-0.781,3.934
-0.893,2.886
-0.888,2.769
-0.964,3.49
-0.936,2.778
-0.996,1.726
-0.947,2.002
-0.952,3.732
-1.068,3.996
-1.094,2.079
-1.107,2.916
-1.147,1.525
-1.149,1.7
-1.258,0.355
-1.268,2.182
-1.203,2.089
-1.35,2.711
-1.324,2.752
-1.478,1.34
-1.436,2.542
-1.515,2.56
-1.5,0.972
-1.661,0.705
-1.757,3.739
-1.78,1.313
-1.781,2.441
-1.887,1.35
-1.95,2.082
-1.91,2.363
-1.933,2.563
-2.037,2.523
-2.023,1.306
-2.06,0.026
-2.079,1.01
-2.098,2.549
-2.132,0.044
-2.251,1.399
-2.201,2.232
-2.223,1.387
-2.297,0.875
-2.385,0.48
-2.342,2.694
-2.387,2.635
-2.711,1.836
-2.755,1.298
-2.772,0.495
-2.782,1.099
-2.817,2.235
-2.922,1.741
-2.963,0.989
-2.885,1.193
-2.963,1.075
-3.023,1.456
3.09,0.13
3.047,1.515
3.082,-0.286
2.653,-0.261
2.521,-0.063
2.438,-0.432
2.352,-0.07
1.917,-0.225
1.599,-0.313
0.16,-0.335
-0.105,-0.408
-0.539,-0.34
-0.799,-0.143
-0.891,-0.22
-1.206,-0.488
-1.873,-0.25
-2.049,-0.206
-2.302,-0.237
-2.403,-0.107
-2.82,-0.166
2.319,4.101
1.159,4.234
0.641,4.026
0.347,3.885
-0.174,4.164
-0.136,3.842
-1.77,3.973
-2.119,4.248
-2.506,3.804
2.235,3.409
-0.04,3.221
-0.372,3.217
-1.295,-0.017
-2.018,3.88
-2.855,-0.411
-2.957,-0.329
0.837,3.757
3.141,2.699
3.081,1.101
3.069,1.049
2.955,1.69
2.862,2.244
2.728,0.772
2.704,1.618
2.597,1.721
2.534,0.892
2.673,3.749
2.494,3.624
2.592,0.764
2.529,3.74
2.516,1.379
2.225,0.977
2.324,1.126
2.318,1.52
2.19,1.649
2.137,2.431
1.928,0.318
1.911,0.947
1.898,1.862
1.857,3.229
1.799,0.573
1.736,2.376
1.692,2.743
1.638,3.562
1.661,2.205
1.738,3.371
1.544,1.885
1.525,1.669
1.407,1.37
1.443,1.292
1.404,0.859
1.358,3.538
1.227,1.654
1.299,3.824
1.008,1.637
0.764,0.749
0.685,1.499
0.703,3.065
0.571,1.079
0.571,1.874
0.409,2.533
0.469,2.499
0.341,1.198
0.461,2.506
0.433,3.052
0.19,1.536
0.279,1.024
-0.037,3.818
0.076,2.986
0.01,2.264
-0.141,0.278
-0.227,3.914
-0.207,0.058
-0.107,0.037
-0.258,1.026
-0.135,0.298
-0.219,1.705
-0.236,3.51
-0.339,3.899
-0.497,2.495
-0.51,3.292
-0.534,3.532
-0.592,3.897
-0.596,3.471
-0.688,2.291
-0.694,2.688
-0.84,3.867
-0.705,0.054
-0.761,0.776
-0.895,3.387
-0.788,3.65
-0.925,3.958
-0.984,1.536
-0.895,0.684
-0.907,1.31
-1.013,2.372
-1.143,1.678
-1.01,0.68
-1.171,3.615
-1.207,0.303
-1.11,0.772
-1.268,2.758
-1.181,3.381
-1.248,2.618
-1.308,2.343
-1.445,1.476
-1.576,1.473
-1.594,0.164
-1.623,3.79
-1.652,2.517
-1.822,3.56
-1.871,0.691
-1.916,0.072
-1.951,1.528
-1.856,1.353
-1.923,3.239
-2.051,2.357
-2.174,1.056
-2.077,0.927
-2.289,0.158
-2.653,1.583
-2.701,0.827
-2.734,0.106
-2.779,2.303
-2.795,2.481
-2.78,2.569
-2.815,1.71
-2.972,3.665
-2.845,2.312
-2.992,2.376
-3.018,3.557
3.14,1.871
3.108,3.021
2.95,-0.299
2.415,-0.46
2.516,-0.121
1.259,-0.328
0.966,-0.109
0.308,-0.488
0.092,-0.144
0.014,-0.342
-0.08,-0.196
-1.279,-0.436
-1.832,-0.086
-3.049,-0.249
2.785,3.992
2.217,4.026
2.085,4.081
1.755,4.079
1.45,3.854
0.366,4.004
-0.883,4.041
-1.719,4.133
0.084,2.819
-0.067,3.316
-0.318,0.777
-1.353,0.262
0.58,1.005
-0.543,0.941
-1.443,2.682
-1.461,2.652
-2.523,2.126
2.606,3.363
1.554,0.627
-1.353,3.121
-2.0,1.926
-2.4,1.248
-2.422,1.941
-2.381,1.057
-2.502,0.76
-2.476,1.906
1.52,0.255
0.362,-0.051
-2.78,0.021
-2.832,0.052
-0.409,3.722
0.069,-0.291
0.055,1.849
-0.002,0.822
0.04,3.159
0.007,3.07
-0.107,0.952
-0.046,0.808
-0.174,0.014
-0.152,1.998
-0.206,0.867
-0.159,2.36
-0.226,0.603
-0.216,1.61
-0.215,1.13
-0.347,0.53
-0.363,0.121
-0.39,1.689
-0.394,1.912
-0.375,2.155
-0.436,0.743
-0.447,-0.383
-0.461,0.778
-0.508,1.047
-0.43,3.011
-0.491,0.742
-0.564,0.73
-0.591,1.738
-0.526,0.877
-0.547,3.451
-0.659,2.403
-0.654,2.286
-0.73,3.007
-0.702,2.295
-0.762,1.243
-0.713,1.519
-0.718,3.249
-0.834,3.513
-0.86,1.596
-0.873,2.433
-0.913,1.042
-0.915,1.217
-1.024,-0.128
-1.034,1.699
-0.969,1.606
-1.116,2.228
-1.09,2.269
-1.244,0.857
-1.202,2.059
-1.281,2.077
-1.266,0.489
-1.427,0.222
-1.523,3.256
-1.546,0.83
-1.547,1.958
-1.653,0.867
-1.716,1.599
-1.676,1.88
-1.699,2.08
-1.803,2.04
-1.789,0.823
-1.826,-0.457
-1.845,0.527
-1.864,2.066
-1.898,-0.439
-2.017,0.916
-1.967,1.749
-1.989,0.904
-2.063,0.392
-2.151,-0.003
-2.108,2.211
-2.153,2.152
-2.477,1.353
-2.521,0.815
-2.538,0.012
-2.548,0.616
-2.583,1.752
-2.688,1.258
-2.729,0.506
-2.651,0.71
-2.729,0.592
-2.789,0.973
-2.959,-0.353
-3.002,1.032
-2.967,-0.769
2.887,-0.744
2.755,-0.546
2.672,-0.915
2.586,-0.553
2.151,-0.708
1.833,-0.796
0.394,-0.818
0.129,-0.891
-0.305,-0.823
-0.565,-0.626
-0.657,-0.703
-0.972,-0.971
-1.639,-0.733
-1.815,-0.689
-2.068,-0.72
-2.169,-0.59
-2.586,-0.649
2.553,3.618
1.393,3.751
0.875,3.543
0.581,3.402
0.06,3.681
0.098,3.359
-1.536,3.49
-1.885,3.765
-2.272,3.321
2.469,2.926
0.194,2.738
-0.138,2.734
-1.061,-0.5
-1.784,3.397
-2.621,-0.894
-2.723,-0.812
1.071,3.274
-2.908,2.216
-2.968,0.618
-2.98,0.566
-3.094,1.207
3.096,1.761
2.962,0.289
2.938,1.135
2.831,1.238
2.768,0.409
2.907,3.266
2.728,3.141
2.826,0.281
2.763,3.257
2.75,0.896
2.459,0.494
2.558,0.643
2.552,1.037
2.424,1.166
2.371,1.948
2.162,-0.165
2.145,0.464
2.132,1.379
2.091,2.746
2.033,0.09
1.97,1.893
1.926,2.26
1.872,3.079
1.895,1.722
1.972,2.888
1.778,1.402
1.759,1.186
1.641,0.887
1.677,0.809
1.638,0.376
1.592,3.055
1.461,1.171
1.533,3.341
1.242,1.154
0.998,0.266
0.919,1.016
0.937,2.582
0.805,0.596
0.805,1.391
0.643,2.05
0.703,2.016
0.575,0.715
0.695,2.023
0.667,2.569
0.424,1.053
0.513,0.541
0.197,3.335
0.31,2.503
0.244,1.781
0.093,-0.205
0.007,3.431
0.027,-0.425
0.127,-0.446
-0.024,0.543
0.099,-0.185
0.015,1.222
-0.002,3.027
-0.105,3.416
-0.263,2.012
-0.276,2.809
-0.3,3.049
-0.358,3.414
-0.362,2.988
-0.454,1.808
-0.46,2.205
-0.606,3.384
-0.471,-0.429
-0.527,0.293
-0.661,2.904
-0.554,3.167
-0.691,3.475
-0.75,1.053
-0.661,0.201
-0.673,0.827
-0.779,1.889
-0.909,1.195
-0.776,0.197
-0.937,3.132
-0.973,-0.18
-0.876,0.289
-1.034,2.275
-0.947,2.898
-1.014,2.135
-1.074,1.86
-1.211,0.993
-1.342,0.99
-1.36,-0.319
-1.389,3.307
-1.418,2.034
-1.588,3.077
-1.637,0.208
-1.682,-0.411
-1.717,1.045
-1.622,0.87
-1.689,2.756
-1.817,1.874
-1.94,0.573
-1.843,0.444
-2.055,-0.325
-2.419,1.1
-2.467,0.344
-2.5,-0.377
-2.545,1.82
-2.561,1.998
-2.546,2.086
-2.581,1.227
-2.738,3.182
-2.611,1.829
-2.758,1.893
-2.784,3.074
-2.909,1.388
-2.941,2.538
-3.099,-0.782
2.649,-0.943
2.75,-0.604
1.493,-0.811
1.2,-0.592
0.542,-0.971
0.326,-0.627
0.248,-0.825
0.154,-0.679
-1.045,-0.919
-1.598,-0.569
-2.815,-0.732
3.019,3.509
2.451,3.543
2.319,3.598
1.989,3.596
1.684,3.371
0.6,3.521
-0.649,3.558
-1.485,3.65
0.318,2.336
0.167,2.833
-0.084,0.294
-1.119,-0.221
0.814,0.522
-0.309,0.458
-1.209,2.199
-1.227,2.169
-2.289,1.643
2.84,2.88
1.788,0.144
-1.119,2.638
-1.766,1.443
-2.166,0.765
-2.188,1.458
-2.147,0.574
-2.268,0.277
-2.242,1.423
1.754,-0.228
0.596,-0.534
-2.546,-0.462
-2.598,-0.431
-0.175,3.239
-0.014,2.14
-0.071,1.113
-0.029,3.45
-0.062,3.361
-0.176,1.243
-0.115,1.099
-0.243,0.305
-0.221,2.289
-0.275,1.158
-0.228,2.651
-0.295,0.894
-0.285,1.901
-0.284,1.421
-0.416,0.821
-0.432,0.412
-0.459,1.98
-0.463,2.203
-0.444,2.446
-0.505,1.034
-0.516,-0.092
-0.53,1.069
-0.577,1.338
-0.499,3.302
-0.56,1.033
-0.633,1.021
-0.66,2.029
-0.595,1.168
-0.616,3.742
-0.728,2.694
-0.723,2.577
-0.799,3.298
-0.771,2.586
-0.831,1.534
-0.782,1.81
-0.787,3.54
-0.903,3.804
-0.929,1.887
-0.942,2.724
-0.982,1.333
-0.984,1.508
-1.093,0.163
-1.103,1.99
-1.038,1.897
-1.185,2.519
-1.159,2.56
-1.313,1.148
-1.271,2.35
-1.35,2.368
-1.335,0.78
-1.496,0.513
-1.592,3.547
-1.615,1.121
-1.616,2.249
-1.722,1.158
-1.785,1.89
-1.745,2.171
-1.768,2.371
-1.872,2.331
-1.858,1.114
-1.895,-0.166
-1.914,0.818
-1.933,2.357
-1.967,-0.148
-2.086,1.207
-2.036,2.04
-2.058,1.195
-2.132,0.683
-2.22,0.288
-2.177,2.502
-2.222,2.443
-2.546,1.644
-2.59,1.106
-2.607,0.303
-2.617,0.907
-2.652,2.043
-2.757,1.549
-2.798,0.797
-2.72,1.001
-2.798,0.883
-2.858,1.264
-3.028,-0.062
-3.071,1.323
-3.036,-0.478
2.818,-0.453
2.686,-0.255
2.603,-0.624
2.517,-0.262
2.082,-0.417
1.764,-0.505
0.325,-0.527
0.06,-0.6
-0.374,-0.532
-0.634,-0.335
-0.726,-0.412
-1.041,-0.68
-1.708,-0.442
-1.884,-0.398
-2.137,-0.429
-2.238,-0.299
-2.655,-0.358
2.484,3.909
1.324,4.042
0.806,3.834
0.512,3.693
-0.009,3.972
0.029,3.65
-1.605,3.781
-1.954,4.056
-2.341,3.612
2.4,3.217
0.125,3.029
-0.207,3.025
-1.13,-0.209
-1.853,3.688
-2.69,-0.603
-2.792,-0.521
1.002,3.565
-2.977,2.507
-3.037,0.909
-3.049,0.857
3.12,1.498
3.027,2.052
2.893,0.58
2.869,1.426
2.762,1.529
2.699,0.7
2.838,3.557
2.659,3.432
2.757,0.572
2.694,3.548
2.681,1.187
2.39,0.785
2.489,0.934
2.483,1.328
2.355,1.457
2.302,2.239
2.093,0.126
2.076,0.755
2.063,1.67
2.022,3.037
1.964,0.381
1.901,2.184
1.857,2.551
1.803,3.37
1.826,2.013
1.903,3.179
1.709,1.693
1.69,1.477
1.572,1.178
1.608,1.1
1.569,0.667
1.523,3.346
1.392,1.462
1.464,3.632
1.173,1.445
0.929,0.557
0.85,1.307
0.868,2.873
0.736,0.887
0.736,1.682
0.574,2.341
0.634,2.307
0.506,1.006
0.626,2.314
0.598,2.86
0.355,1.344
0.444,0.832
0.128,3.626
0.241,2.794
0.175,2.072
0.024,0.086
-0.062,3.722
-0.042,-0.134
0.058,-0.155
-0.093,0.834
0.03,0.106
-0.054,1.513
-0.071,3.318
-0.174,3.707
-0.332,2.303
-0.345,3.1
-0.369,3.34
-0.427,3.705
-0.431,3.279
-0.523,2.099
-0.529,2.496
-0.675,3.675
-0.54,-0.138
-0.596,0.584
-0.73,3.195
-0.623,3.458
-0.76,3.766
-0.819,1.344
-0.73,0.492
-0.742,1.118
-0.848,2.18
-0.978,1.486
-0.845,0.488
-1.006,3.423
-1.042,0.111
-0.945,0.58
-1.103,2.566
-1.016,3.189
-1.083,2.426
-1.143,2.151
-1.28,1.284
-1.411,1.281
-1.429,-0.028
-1.458,3.598
-1.487,2.325
-1.657,3.368
-1.706,0.499
-1.751,-0.12
-1.786,1.336
-1.691,1.161
-1.758,3.047
-1.886,2.165
-2.009,0.864
-1.912,0.735
-2.124,-0.034
-2.488,1.391
-2.536,0.635
-2.569,-0.086
-2.614,2.111
-2.63,2.289
-2.615,2.377
-2.65,1.518
-2.807,3.473
-2.68,2.12
-2.827,2.184
-2.853,3.365
-2.978,1.679
-3.01,2.829
3.115,-0.491
2.58,-0.652
2.681,-0.313
1.424,-0.52
1.131,-0.301
0.473,-0.68
0.257,-0.336
0.179,-0.534
0.085,-0.388
-1.114,-0.628
-1.667,-0.278
-2.884,-0.441
2.95,3.8
2.382,3.834
2.25,3.889
1.92,3.887
1.615,3.662
0.531,3.812
-0.718,3.849
-1.554,3.941
0.249,2.627
0.098,3.124
-0.153,0.585
-1.188,0.07
0.745,0.813
-0.378,0.749
-1.278,2.49
-1.296,2.46
-2.358,1.934
2.771,3.171
1.719,0.435
-1.188,2.929
-1.835,1.734
-2.235,1.056
-2.257,1.749
-2.216,0.865
-2.337,0.568
-2.311,1.714
1.685,0.063
0.527,-0.243
-2.615,-0.171
-2.667,-0.14
-0.244,3.53
-0.057,-1.027
-0.015,1.31
-0.048,1.221
-0.162,-0.897
-0.101,-1.041
-0.229,-1.835
-0.207,0.149
-0.261,-0.982
-0.214,0.511
-0.281,-1.246
-0.271,-0.239
-0.27,-0.719
-0.402,-1.319
-0.418,-1.728
-0.445,-0.16
-0.449,0.063
-0.43,0.306
-0.491,-1.106
-0.502,-2.232
-0.516,-1.071
-0.563,-0.802
-0.485,1.162
-0.546,-1.107
-0.619,-1.119
-0.646,-0.111
-0.581,-0.972
-0.602,1.602
-0.714,0.554
-0.709,0.437
-0.785,1.158
-0.757,0.446
-0.817,-0.606
-0.768,-0.33
-0.773,1.4
-0.889,1.664
-0.915,-0.253
-0.928,0.584
-0.968,-0.807
-0.97,-0.632
-1.079,-1.977
-1.089,-0.15
-1.024,-0.243
-1.171,0.379
-1.145,0.42
-1.299,-0.992
-1.257,0.21
-1.336,0.228
-1.321,-1.36
-1.482,-1.627
-1.578,1.407
-1.601,-1.019
-1.602,0.109
-1.708,-0.982
-1.771,-0.25
-1.731,0.031
-1.754,0.231
-1.858,0.191
-1.844,-1.026
-1.881,-2.306
-1.9,-1.322
-1.919,0.217
-1.953,-2.288
-2.072,-0.933
-2.022,-0.1
-2.044,-0.945
-2.118,-1.457
-2.206,-1.852
-2.163,0.362
-2.208,0.303
-2.532,-0.496
-2.576,-1.034
-2.593,-1.837
-2.603,-1.233
-2.638,-0.097
-2.743,-0.591
-2.784,-1.343
-2.706,-1.139
-2.784,-1.257
-2.844,-0.876
-3.014,-2.202
-3.057,-0.817
-3.022,-2.618
2.832,-2.593
2.7,-2.395
2.617,-2.764
2.531,-2.402
2.096,-2.557
1.778,-2.645
0.339,-2.667
0.074,-2.74
-0.36,-2.672
-0.62,-2.475
-0.712,-2.552
-1.027,-2.82
-1.694,-2.582
-1.87,-2.538
-2.123,-2.569
-2.224,-2.439
-2.641,-2.498
2.498,1.769
1.338,1.902
0.82,1.694
0.526,1.553
0.005,1.832
0.043,1.51
-1.591,1.641
-1.94,1.916
-2.327,1.472
2.414,1.077
0.139,0.889
-0.193,0.885
-1.116,-2.349
-1.839,1.548
-2.676,-2.743
-2.778,-2.661
1.016,1.425
-2.963,0.367
-3.023,-1.231
-3.035,-1.283
3.134,-0.642
3.041,-0.088
2.907,-1.56
2.883,-0.714
2.776,-0.611
2.713,-1.44
2.852,1.417
2.673,1.292
2.771,-1.568
2.708,1.408
2.695,-0.953
2.404,-1.355
2.503,-1.206
2.497,-0.812
2.369,-0.683
2.316,0.099
2.107,-2.014
2.09,-1.385
2.077,-0.47
2.036,0.897
1.978,-1.759
1.915,0.044
1.871,0.411
1.817,1.23
1.84,-0.127
1.917,1.039
1.723,-0.447
1.704,-0.663
1.586,-0.962
1.622,-1.04
1.583,-1.473
1.537,1.206
1.406,-0.678
1.478,1.492
1.187,-0.695
0.943,-1.583
0.864,-0.833
0.882,0.733
0.75,-1.253
0.75,-0.458
0.588,0.201
0.648,0.167
0.52,-1.134
0.64,0.174
0.612,0.72
0.369,-0.796
0.458,-1.308
0.142,1.486
0.255,0.654
0.189,-0.068
0.038,-2.054
-0.048,1.582
-0.028,-2.274
0.072,-2.295
-0.079,-1.306
0.044,-2.034
-0.04,-0.627
-0.057,1.178
-0.16,1.567
-0.318,0.163
-0.331,0.96
-0.355,1.2
-0.413,1.565
-0.417,1.139
-0.509,-0.041
-0.515,0.356
-0.661,1.535
-0.526,-2.278
-0.582,-1.556
-0.716,1.055
-0.609,1.318
-0.746,1.626
-0.805,-0.796
-0.716,-1.648
-0.728,-1.022
-0.834,0.04
-0.964,-0.654
-0.831,-1.652
-0.992,1.283
-1.028,-2.029
-0.931,-1.56
-1.089,0.426
-1.002,1.049
-1.069,0.286
-1.129,0.011
-1.266,-0.856
-1.397,-0.859
-1.415,-2.168
-1.444,1.458
-1.473,0.185
-1.643,1.228
-1.692,-1.641
-1.737,-2.26
-1.772,-0.804
-1.677,-0.979
-1.744,0.907
-1.872,0.025
-1.995,-1.276
-1.898,-1.405
-2.11,-2.174
-2.474,-0.749
-2.522,-1.505
-2.555,-2.226
-2.6,-0.029
-2.616,0.149
-2.601,0.237
-2.636,-0.622
-2.793,1.333
-2.666,-0.02
-2.813,0.044
-2.839,1.225
-2.964,-0.461
-2.996,0.689
3.129,-2.631
2.594,-2.792
2.695,-2.453
1.438,-2.66
1.145,-2.441
0.487,-2.82
0.271,-2.476
0.193,-2.674
0.099,-2.528
-1.1,-2.768
-1.653,-2.418
-2.87,-2.581
2.964,1.66
2.396,1.694
2.264,1.749
1.934,1.747
1.629,1.522
0.545,1.672
-0.704,1.709
-1.54,1.801
0.263,0.487
0.112,0.984
-0.139,-1.555
-1.174,-2.07
0.759,-1.327
-0.364,-1.391
-1.264,0.35
-1.282,0.32
-2.344,-0.206
2.785,1.031
1.733,-1.705
-1.174,0.789
-1.821,-0.406
-2.221,-1.084
-2.243,-0.391
-2.202,-1.275
-2.323,-1.572
-2.297,-0.426
1.699,-2.077
0.541,-2.383
-2.601,-2.311
-2.653,-2.28
-0.23,1.39
0.042,2.337
0.009,2.248
-0.105,0.13
-0.044,-0.014
-0.172,-0.808
-0.15,1.176
-0.204,0.045
-0.157,1.538
-0.224,-0.219
-0.214,0.788
-0.213,0.308
-0.345,-0.292
-0.361,-0.701
-0.388,0.867
-0.392,1.09
-0.373,1.333
-0.434,-0.079
-0.445,-1.205
-0.459,-0.044
-0.506,0.225
-0.428,2.189
-0.489,-0.08
-0.562,-0.092
-0.589,0.916
-0.524,0.055
-0.545,2.629
-0.657,1.581
-0.652,1.464
-0.728,2.185
-0.7,1.473
-0.76,0.421
-0.711,0.697
-0.716,2.427
-0.832,2.691
-0.858,0.774
-0.871,1.611
-0.911,0.22
-0.913,0.395
-1.022,-0.95
-1.032,0.877
-0.967,0.784
-1.114,1.406
-1.088,1.447
-1.242,0.035
-1.2,1.237
-1.279,1.255
-1.264,-0.333
-1.425,-0.6
-1.521,2.434
-1.544,0.008
-1.545,1.136
-1.651,0.045
-1.714,0.777
-1.674,1.058
-1.697,1.258
-1.801,1.218
-1.787,0.001
-1.824,-1.279
-1.843,-0.295
-1.862,1.244
-1.896,-1.261
-2.015,0.094
-1.965,0.927
-1.987,0.082
-2.061,-0.43
-2.149,-0.825
-2.106,1.389
-2.151,1.33
-2.475,0.531
-2.519,-0.007
-2.536,-0.81
-2.546,-0.206
-2.581,0.93
-2.686,0.436
-2.727,-0.316
-2.649,-0.112
-2.727,-0.23
-2.787,0.151
-2.957,-1.175
-3.0,0.21
-2.965,-1.591
2.889,-1.566
2.757,-1.368
2.674,-1.737
2.588,-1.375
2.153,-1.53
1.835,-1.618
0.396,-1.64
0.131,-1.713
-0.303,-1.645
-0.563,-1.448
-0.655,-1.525
-0.97,-1.793
-1.637,-1.555
-1.813,-1.511
-2.066,-1.542
-2.167,-1.412
-2.584,-1.471
2.555,2.796
1.395,2.929
0.877,2.721
0.583,2.58
0.062,2.859
0.1,2.537
-1.534,2.668
-1.883,2.943
-2.27,2.499
2.471,2.104
0.196,1.916
-0.136,1.912
-1.059,-1.322
-1.782,2.575
-2.619,-1.716
-2.721,-1.634
1.073,2.452
-2.906,1.394
-2.966,-0.204
-2.978,-0.256
-3.092,0.385
3.098,0.939
2.964,-0.533
2.94,0.313
2.833,0.416
2.77,-0.413
2.909,2.444
2.73,2.319
2.828,-0.541
2.765,2.435
2.752,0.074
2.461,-0.328
2.56,-0.179
2.554,0.215
2.426,0.344
2.373,1.126
2.164,-0.987
2.147,-0.358
2.134,0.557
2.093,1.924
2.035,-0.732
1.972,1.071
1.928,1.438
1.874,2.257
1.897,0.9
1.974,2.066
1.78,0.58
1.761,0.364
1.643,0.065
1.679,-0.013
1.64,-0.446
1.594,2.233
1.463,0.349
1.535,2.519
1.244,0.332
1.0,-0.556
0.921,0.194
0.939,1.76
0.807,-0.226
0.807,0.569
0.645,1.228
0.705,1.194
0.577,-0.107
0.697,1.201
0.669,1.747
0.426,0.231
0.515,-0.281
0.199,2.513
0.312,1.681
0.246,0.959
0.095,-1.027
0.009,2.609
0.029,-1.247
0.129,-1.268
-0.022,-0.279
0.101,-1.007
0.017,0.4
0.0,2.205
-0.103,2.594
-0.261,1.19
-0.274,1.987
-0.298,2.227
-0.356,2.592
-0.36,2.166
-0.452,0.986
-0.458,1.383
-0.604,2.562
-0.469,-1.251
-0.525,-0.529
-0.659,2.082
-0.552,2.345
-0.689,2.653
-0.748,0.231
-0.659,-0.621
-0.671,0.005
-0.777,1.067
-0.907,0.373
-0.774,-0.625
-0.935,2.31
-0.971,-1.002
-0.874,-0.533
-1.032,1.453
-0.945,2.076
-1.012,1.313
-1.072,1.038
-1.209,0.171
-1.34,0.168
-1.358,-1.141
-1.387,2.485
-1.416,1.212
-1.586,2.255
-1.635,-0.614
-1.68,-1.233
-1.715,0.223
-1.62,0.048
-1.687,1.934
-1.815,1.052
-1.938,-0.249
-1.841,-0.378
-2.053,-1.147
-2.417,0.278
-2.465,-0.478
-2.498,-1.199
-2.543,0.998
-2.559,1.176
-2.544,1.264
-2.579,0.405
-2.736,2.36
-2.609,1.007
-2.756,1.071
-2.782,2.252
-2.907,0.566
-2.939,1.716
-3.097,-1.604
2.651,-1.765
2.752,-1.426
1.495,-1.633
1.202,-1.414
0.544,-1.793
0.328,-1.449
0.25,-1.647
0.156,-1.501
-1.043,-1.741
-1.596,-1.391
-2.813,-1.554
3.021,2.687
2.453,2.721
2.321,2.776
1.991,2.774
1.686,2.549
0.602,2.699
-0.647,2.736
-1.483,2.828
0.32,1.514
0.169,2.011
-0.082,-0.528
-1.117,-1.043
0.816,-0.3
-0.307,-0.364
-1.207,1.377
-1.225,1.347
-2.287,0.821
2.842,2.058
1.79,-0.678
-1.117,1.816
-1.764,0.621
-2.164,-0.057
-2.186,0.636
-2.145,-0.248
-2.266,-0.545
-2.24,0.601
1.756,-1.05
0.598,-1.356
-2.544,-1.284
-2.596,-1.253
-0.173,2.417
-0.033,-0.089
-0.147,-2.207
-0.086,-2.351
-0.214,-3.145
-0.192,-1.161
-0.246,-2.292
-0.199,-0.799
-0.266,-2.556
-0.256,-1.549
-0.255,-2.029
-0.387,-2.629
-0.403,-3.038
-0.43,-1.47
-0.434,-1.247
-0.415,-1.004
-0.476,-2.416
-0.487,-3.542
-0.501,-2.381
-0.548,-2.112
-0.47,-0.148
-0.531,-2.417
-0.604,-2.429
-0.631,-1.421
-0.566,-2.282
-0.587,0.292
-0.699,-0.756
-0.694,-0.873
-0.77,-0.152
-0.742,-0.864
-0.802,-1.916
-0.753,-1.64
-0.758,0.09
-0.874,0.354
-0.9,-1.563
-0.913,-0.726
-0.953,-2.117
-0.955,-1.942
-1.064,-3.287
-1.074,-1.46
-1.009,-1.553
-1.156,-0.931
-1.13,-0.89
-1.284,-2.302
-1.242,-1.1
-1.321,-1.082
-1.306,-2.67
-1.467,-2.937
-1.563,0.097
-1.586,-2.329
-1.587,-1.201
-1.693,-2.292
-1.756,-1.56
-1.716,-1.279
-1.739,-1.079
-1.843,-1.119
-1.829,-2.336
-1.866,-3.616
-1.885,-2.632
-1.904,-1.093
-1.938,-3.598
-2.057,-2.243
-2.007,-1.41
-2.029,-2.255
-2.103,-2.767
-2.191,-3.162
-2.148,-0.948
-2.193,-1.007
-2.517,-1.806
-2.561,-2.344
-2.578,-3.147
-2.588,-2.543
-2.623,-1.407
-2.728,-1.901
-2.769,-2.653
-2.691,-2.449
-2.769,-2.567
-2.829,-2.186
-2.999,-3.512
-3.042,-2.127
-3.007,-3.928
2.847,-3.903
2.715,-3.705
2.632,-4.074
2.546,-3.712
2.111,-3.867
1.793,-3.955
0.354,-3.977
0.089,-4.05
-0.345,-3.982
-0.605,-3.785
-0.697,-3.862
-1.012,-4.13
-1.679,-3.892
-1.855,-3.848
-2.108,-3.879
-2.209,-3.749
-2.626,-3.808
2.513,0.459
1.353,0.592
0.835,0.384
0.541,0.243
0.02,0.522
0.058,0.2
-1.576,0.331
-1.925,0.606
-2.312,0.162
2.429,-0.233
0.154,-0.421
-0.178,-0.425
-1.101,-3.659
-1.824,0.238
-2.661,-4.053
-2.763,-3.971
1.031,0.115
-2.948,-0.943
-3.008,-2.541
-3.02,-2.593
-3.134,-1.952
3.056,-1.398
2.922,-2.87
2.898,-2.024
2.791,-1.921
2.728,-2.75
2.867,0.107
2.688,-0.018
2.786,-2.878
2.723,0.098
2.71,-2.263
2.419,-2.665
2.518,-2.516
2.512,-2.122
2.384,-1.993
2.331,-1.211
2.122,-3.324
2.105,-2.695
2.092,-1.78
2.051,-0.413
1.993,-3.069
1.93,-1.266
1.886,-0.899
1.832,-0.08
1.855,-1.437
1.932,-0.271
1.738,-1.757
1.719,-1.973
1.601,-2.272
1.637,-2.35
1.598,-2.783
1.552,-0.104
1.421,-1.988
1.493,0.182
1.202,-2.005
0.958,-2.893
0.879,-2.143
0.897,-0.577
0.765,-2.563
0.765,-1.768
0.603,-1.109
0.663,-1.143
0.535,-2.444
0.655,-1.136
0.627,-0.59
0.384,-2.106
0.473,-2.618
0.157,0.176
0.27,-0.656
0.204,-1.378
0.053,-3.364
-0.033,0.272
-0.013,-3.584
0.087,-3.605
-0.064,-2.616
0.059,-3.344
-0.025,-1.937
-0.042,-0.132
-0.145,0.257
-0.303,-1.147
-0.316,-0.35
-0.34,-0.11
-0.398,0.255
-0.402,-0.171
-0.494,-1.351
-0.5,-0.954
-0.646,0.225
-0.511,-3.588
-0.567,-2.866
-0.701,-0.255
-0.594,0.008
-0.731,0.316
-0.79,-2.106
-0.701,-2.958
-0.713,-2.332
-0.819,-1.27
-0.949,-1.964
-0.816,-2.962
-0.977,-0.027
-1.013,-3.339
-0.916,-2.87
-1.074,-0.884
-0.987,-0.261
-1.054,-1.024
-1.114,-1.299
-1.251,-2.166
-1.382,-2.169
-1.4,-3.478
-1.429,0.148
-1.458,-1.125
-1.628,-0.082
-1.677,-2.951
-1.722,-3.57
-1.757,-2.114
-1.662,-2.289
-1.729,-0.403
-1.857,-1.285
-1.98,-2.586
-1.883,-2.715
-2.095,-3.484
-2.459,-2.059
-2.507,-2.815
-2.54,-3.536
-2.585,-1.339
-2.601,-1.161
-2.586,-1.073
-2.621,-1.932
-2.778,0.023
-2.651,-1.33
-2.798,-1.266
-2.824,-0.085
-2.949,-1.771
-2.981,-0.621
-3.139,-3.941
2.609,-4.102
2.71,-3.763
1.453,-3.97
1.16,-3.751
0.502,-4.13
0.286,-3.786
0.208,-3.984
0.114,-3.838
-1.085,-4.078
-1.638,-3.728
-2.855,-3.891
2.979,0.35
2.411,0.384
2.279,0.439
1.949,0.437
1.644,0.212
0.56,0.362
-0.689,0.399
-1.525,0.491
0.278,-0.823
0.127,-0.326
-0.124,-2.865
-1.159,-3.38
0.774,-2.637
-0.349,-2.701
-1.249,-0.96
-1.267,-0.99
-2.329,-1.516
2.8,-0.279
1.748,-3.015
-1.159,-0.521
-1.806,-1.716
-2.206,-2.394
-2.228,-1.701
-2.187,-2.585
-2.308,-2.882
-2.282,-1.736
1.714,-3.387
0.556,-3.693
-2.586,-3.621
-2.638,-3.59
-0.215,0.08
-0.114,-2.118
-0.053,-2.262
-0.181,-3.056
-0.159,-1.072
-0.213,-2.203
-0.166,-0.71
-0.233,-2.467
-0.223,-1.46
-0.222,-1.94
-0.354,-2.54
-0.37,-2.949
-0.397,-1.381
-0.401,-1.158
-0.382,-0.915
-0.443,-2.327
-0.454,-3.453
-0.468,-2.292
-0.515,-2.023
-0.437,-0.059
-0.498,-2.328
-0.571,-2.34
-0.598,-1.332
-0.533,-2.193
-0.554,0.381
-0.666,-0.667
-0.661,-0.784
-0.737,-0.063
-0.709,-0.775
-0.769,-1.827
-0.72,-1.551
-0.725,0.179
-0.841,0.443
-0.867,-1.474
-0.88,-0.637
-0.92,-2.028
-0.922,-1.853
-1.031,-3.198
-1.041,-1.371
-0.976,-1.464
-1.123,-0.842
-1.097,-0.801
-1.251,-2.213
-1.209,-1.011
-1.288,-0.993
-1.273,-2.581
-1.434,-2.848
-1.53,0.186
-1.553,-2.24
-1.554,-1.112
-1.66,-2.203
-1.723,-1.471
-1.683,-1.19
-1.706,-0.99
-1.81,-1.03
-1.796,-2.247
-1.833,-3.527
-1.852,-2.543
-1.871,-1.004
-1.905,-3.509
-2.024,-2.154
-1.974,-1.321
-1.996,-2.166
-2.07,-2.678
-2.158,-3.073
-2.115,-0.859
-2.16,-0.918
-2.484,-1.717
-2.528,-2.255
-2.545,-3.058
-2.555,-2.454
-2.59,-1.318
-2.695,-1.812
-2.736,-2.564
-2.658,-2.36
-2.736,-2.478
-2.796,-2.097
-2.966,-3.423
-3.009,-2.038
-2.974,-3.839
2.88,-3.814
2.748,-3.616
2.665,-3.985
2.579,-3.623
2.144,-3.778
1.826,-3.866
0.387,-3.888
0.122,-3.961
-0.312,-3.893
-0.572,-3.696
-0.664,-3.773
-0.979,-4.041
-1.646,-3.803
-1.822,-3.759
-2.075,-3.79
-2.176,-3.66
-2.593,-3.719
2.546,0.548
1.386,0.681
0.868,0.473
0.574,0.332
0.053,0.611
0.091,0.289
-1.543,0.42
-1.892,0.695
-2.279,0.251
2.462,-0.144
0.187,-0.332
-0.145,-0.336
-1.068,-3.57
-1.791,0.327
-2.628,-3.964
-2.73,-3.882
1.064,0.204
-2.915,-0.854
-2.975,-2.452
-2.987,-2.504
-3.101,-1.863
3.089,-1.309
2.955,-2.781
2.931,-1.935
2.824,-1.832
2.761,-2.661
2.9,0.196
2.721,0.071
2.819,-2.789
2.756,0.187
2.743,-2.174
2.452,-2.576
2.551,-2.427
2.545,-2.033
2.417,-1.904
2.364,-1.122
2.155,-3.235
2.138,-2.606
2.125,-1.691
2.084,-0.324
2.026,-2.98
1.963,-1.177
1.919,-0.81
1.865,0.009
1.888,-1.348
1.965,-0.182
1.771,-1.668
1.752,-1.884
1.634,-2.183
1.67,-2.261
1.631,-2.694
1.585,-0.015
1.454,-1.899
1.526,0.271
1.235,-1.916
0.991,-2.804
0.912,-2.054
0.93,-0.488
0.798,-2.474
0.798,-1.679
0.636,-1.02
0.696,-1.054
0.568,-2.355
0.688,-1.047
0.66,-0.501
0.417,-2.017
0.506,-2.529
0.19,0.265
0.303,-0.567
0.237,-1.289
0.086,-3.275
0.0,0.361
0.02,-3.495
0.12,-3.516
-0.031,-2.527
0.092,-3.255
0.008,-1.848
-0.009,-0.043
-0.112,0.346
-0.27,-1.058
-0.283,-0.261
-0.307,-0.021
-0.365,0.344
-0.369,-0.082
-0.461,-1.262
-0.467,-0.865
-0.613,0.314
-0.478,-3.499
-0.534,-2.777
-0.668,-0.166
-0.561,0.097
-0.698,0.405
-0.757,-2.017
-0.668,-2.869
-0.68,-2.243
-0.786,-1.181
-0.916,-1.875
-0.783,-2.873
-0.944,0.062
-0.98,-3.25
-0.883,-2.781
-1.041,-0.795
-0.954,-0.172
-1.021,-0.935
-1.081,-1.21
-1.218,-2.077
-1.349,-2.08
-1.367,-3.389
-1.396,0.237
-1.425,-1.036
-1.595,0.007
-1.644,-2.862
-1.689,-3.481
-1.724,-2.025
-1.629,-2.2
-1.696,-0.314
-1.824,-1.196
-1.947,-2.497
-1.85,-2.626
-2.062,-3.395
-2.426,-1.97
-2.474,-2.726
-2.507,-3.447
-2.552,-1.25
-2.568,-1.072
-2.553,-0.984
-2.588,-1.843
-2.745,0.112
-2.618,-1.241
-2.765,-1.177
-2.791,0.004
-2.916,-1.682
-2.948,-0.532
-3.106,-3.852
2.642,-4.013
2.743,-3.674
1.486,-3.881
1.193,-3.662
0.535,-4.041
0.319,-3.697
0.241,-3.895
0.147,-3.749
-1.052,-3.989
-1.605,-3.639
-2.822,-3.802
3.012,0.439
2.444,0.473
2.312,0.528
1.982,0.526
1.677,0.301
0.593,0.451
-0.656,0.488
-1.492,0.58
0.311,-0.734
0.16,-0.237
-0.091,-2.776
-1.126,-3.291
0.807,-2.548
-0.316,-2.612
-1.216,-0.871
-1.234,-0.901
-2.296,-1.427
2.833,-0.19
1.781,-2.926
-1.126,-0.432
-1.773,-1.627
-2.173,-2.305
-2.195,-1.612
-2.154,-2.496
-2.275,-2.793
-2.249,-1.647
1.747,-3.298
0.589,-3.604
-2.553,-3.532
-2.605,-3.501
-0.182,0.169
0.061,-0.144
-0.067,-0.938
-0.045,1.046
-0.099,-0.085
-0.052,1.408
-0.119,-0.349
-0.109,0.658
-0.108,0.178
-0.24,-0.422
-0.256,-0.831
-0.283,0.737
-0.287,0.96
-0.268,1.203
-0.329,-0.209
-0.34,-1.335
-0.354,-0.174
-0.401,0.095
-0.323,2.059
-0.384,-0.21
-0.457,-0.222
-0.484,0.786
-0.419,-0.075
-0.44,2.499
-0.552,1.451
-0.547,1.334
-0.623,2.055
-0.595,1.343
-0.655,0.291
-0.606,0.567
-0.611,2.297
-0.727,2.561
-0.753,0.644
-0.766,1.481
-0.806,0.09
-0.808,0.265
-0.917,-1.08
-0.927,0.747
-0.862,0.654
-1.009,1.276
-0.983,1.317
-1.137,-0.095
-1.095,1.107
-1.174,1.125
-1.159,-0.463
-1.32,-0.73
-1.416,2.304
-1.439,-0.122
-1.44,1.006
-1.546,-0.085
-1.609,0.647
-1.569,0.928
-1.592,1.128
-1.696,1.088
-1.682,-0.129
-1.719,-1.409
-1.738,-0.425
-1.757,1.114
-1.791,-1.391
-1.91,-0.036
-1.86,0.797
-1.882,-0.048
-1.956,-0.56
-2.044,-0.955
-2.001,1.259
-2.046,1.2
-2.37,0.401
-2.414,-0.137
-2.431,-0.94
-2.441,-0.336
-2.476,0.8
-2.581,0.306
-2.622,-0.446
-2.544,-0.242
-2.622,-0.36
-2.682,0.021
-2.852,-1.305
-2.895,0.08
-2.86,-1.721
2.994,-1.696
2.862,-1.498
2.779,-1.867
2.693,-1.505
2.258,-1.66
1.94,-1.748
0.501,-1.77
0.236,-1.843
-0.198,-1.775
-0.458,-1.578
-0.55,-1.655
-0.865,-1.923
-1.532,-1.685
-1.708,-1.641
-1.961,-1.672
-2.062,-1.542
-2.479,-1.601
2.66,2.666
1.5,2.799
0.982,2.591
0.688,2.45
0.167,2.729
0.205,2.407
-1.429,2.538
-1.778,2.813
-2.165,2.369
2.576,1.974
0.301,1.786
-0.031,1.782
-0.954,-1.452
-1.677,2.445
-2.514,-1.846
-2.616,-1.764
1.178,2.322
-2.801,1.264
-2.861,-0.334
-2.873,-0.386
-2.987,0.255
-3.08,0.809
3.069,-0.663
3.045,0.183
2.938,0.286
2.875,-0.543
3.014,2.314
2.835,2.189
2.933,-0.671
2.87,2.305
2.857,-0.056
2.566,-0.458
2.665,-0.309
2.659,0.085
2.531,0.214
2.478,0.996
2.269,-1.117
2.252,-0.488
2.239,0.427
2.198,1.794
2.14,-0.862
2.077,0.941
2.033,1.308
1.979,2.127
2.002,0.77
2.079,1.936
1.885,0.45
1.866,0.234
1.748,-0.065
1.784,-0.143
1.745,-0.576
1.699,2.103
1.568,0.219
1.64,2.389
1.349,0.202
1.105,-0.686
1.026,0.064
1.044,1.63
0.912,-0.356
0.912,0.439
0.75,1.098
0.81,1.064
0.682,-0.237
0.802,1.071
0.774,1.617
0.531,0.101
0.62,-0.411
0.304,2.383
0.417,1.551
0.351,0.829
0.2,-1.157
0.114,2.479
0.134,-1.377
0.234,-1.398
0.083,-0.409
0.206,-1.137
0.122,0.27
0.105,2.075
0.002,2.464
-0.156,1.06
-0.169,1.857
-0.193,2.097
-0.251,2.462
-0.255,2.036
-0.347,0.856
-0.353,1.253
-0.499,2.432
-0.364,-1.381
-0.42,-0.659
-0.554,1.952
-0.447,2.215
-0.584,2.523
-0.643,0.101
-0.554,-0.751
-0.566,-0.125
-0.672,0.937
-0.802,0.243
-0.669,-0.755
-0.83,2.18
-0.866,-1.132
-0.769,-0.663
-0.927,1.323
-0.84,1.946
-0.907,1.183
-0.967,0.908
-1.104,0.041
-1.235,0.038
-1.253,-1.271
-1.282,2.355
-1.311,1.082
-1.481,2.125
-1.53,-0.744
-1.575,-1.363
-1.61,0.093
-1.515,-0.082
-1.582,1.804
-1.71,0.922
-1.833,-0.379
-1.736,-0.508
-1.948,-1.277
-2.312,0.148
-2.36,-0.608
-2.393,-1.329
-2.438,0.868
-2.454,1.046
-2.439,1.134
-2.474,0.275
-2.631,2.23
-2.504,0.877
-2.651,0.941
-2.677,2.122
-2.802,0.436
-2.834,1.586
-2.992,-1.734
2.756,-1.895
2.857,-1.556
1.6,-1.763
1.307,-1.544
0.649,-1.923
0.433,-1.579
0.355,-1.777
0.261,-1.631
-0.938,-1.871
-1.491,-1.521
-2.708,-1.684
3.126,2.557
2.558,2.591
2.426,2.646
2.096,2.644
1.791,2.419
0.707,2.569
-0.542,2.606
-1.378,2.698
0.425,1.384
0.274,1.881
0.023,-0.658
-1.012,-1.173
0.921,-0.43
-0.202,-0.494
-1.102,1.247
-1.12,1.217
-2.182,0.691
2.947,1.928
1.895,-0.808
-1.012,1.686
-1.659,0.491
-2.059,-0.187
-2.081,0.506
-2.04,-0.378
-2.161,-0.675
-2.135,0.471
1.861,-1.18
0.703,-1.486
-2.439,-1.414
-2.491,-1.383
-0.068,2.287
-0.128,-0.794
-0.106,1.19
-0.16,0.059
-0.113,1.552
-0.18,-0.205
-0.17,0.802
-0.169,0.322
-0.301,-0.278
-0.317,-0.687
-0.344,0.881
-0.348,1.104
-0.329,1.347
-0.39,-0.065
-0.401,-1.191
-0.415,-0.03
-0.462,0.239
-0.384,2.203
-0.445,-0.066
-0.518,-0.078
-0.545,0.93
-0.48,0.069
-0.501,2.643
-0.613,1.595
-0.608,1.478
-0.684,2.199
-0.656,1.487
-0.716,0.435
-0.667,0.711
-0.672,2.441
-0.788,2.705
-0.814,0.788
-0.827,1.625
-0.867,0.234
-0.869,0.409
-0.978,-0.936
-0.988,0.891
-0.923,0.798
-1.07,1.42
-1.044,1.461
-1.198,0.049
-1.156,1.251
-1.235,1.269
-1.22,-0.319
-1.381,-0.586
-1.477,2.448
-1.5,0.022
-1.501,1.15
-1.607,0.059
-1.67,0.791
-1.63,1.072
-1.653,1.272
-1.757,1.232
-1.743,0.015
-1.78,-1.265
-1.799,-0.281
-1.818,1.258
-1.852,-1.247
-1.971,0.108
-1.921,0.941
-1.943,0.096
-2.017,-0.416
-2.105,-0.811
-2.062,1.403
-2.107,1.344
-2.431,0.545
-2.475,0.007
-2.492,-0.796
-2.502,-0.192
-2.537,0.944
-2.642,0.45
-2.683,-0.302
-2.605,-0.098
-2.683,-0.216
-2.743,0.165
-2.913,-1.161
-2.956,0.224
-2.921,-1.577
2.933,-1.552
2.801,-1.354
2.718,-1.723
2.632,-1.361
2.197,-1.516
1.879,-1.604
0.44,-1.626
0.175,-1.699
-0.259,-1.631
-0.519,-1.434
-0.611,-1.511
-0.926,-1.779
-1.593,-1.541
-1.769,-1.497
-2.022,-1.528
-2.123,-1.398
-2.54,-1.457
2.599,2.81
1.439,2.943
0.921,2.735
0.627,2.594
0.106,2.873
0.144,2.551
-1.49,2.682
-1.839,2.957
-2.226,2.513
2.515,2.118
0.24,1.93
-0.092,1.926
-1.015,-1.308
-1.738,2.589
-2.575,-1.702
-2.677,-1.62
1.117,2.466
-2.862,1.408
-2.922,-0.19
-2.934,-0.242
-3.048,0.399
-3.141,0.953
3.008,-0.519
2.984,0.327
2.877,0.43
2.814,-0.399
2.953,2.458
2.774,2.333
2.872,-0.527
2.809,2.449
2.796,0.088
2.505,-0.314
2.604,-0.165
2.598,0.229
2.47,0.358
2.417,1.14
2.208,-0.973
2.191,-0.344
2.178,0.571
2.137,1.938
2.079,-0.718
2.016,1.085
1.972,1.452
1.918,2.271
1.941,0.914
2.018,2.08
1.824,0.594
1.805,0.378
1.687,0.079
1.723,0.001
1.684,-0.432
1.638,2.247
1.507,0.363
1.579,2.533
1.288,0.346
1.044,-0.542
0.965,0.208
0.983,1.774
0.851,-0.212
0.851,0.583
0.689,1.242
0.749,1.208
0.621,-0.093
0.741,1.215
0.713,1.761
0.47,0.245
0.559,-0.267
0.243,2.527
0.356,1.695
0.29,0.973
0.139,-1.013
0.053,2.623
0.073,-1.233
0.173,-1.254
0.022,-0.265
0.145,-0.993
0.061,0.414
0.044,2.219
-0.059,2.608
-0.217,1.204
-0.23,2.001
-0.254,2.241
-0.312,2.606
-0.316,2.18
-0.408,1.0
-0.414,1.397
-0.56,2.576
-0.425,-1.237
-0.481,-0.515
-0.615,2.096
-0.508,2.359
-0.645,2.667
-0.704,0.245
-0.615,-0.607
-0.627,0.019
-0.733,1.081
-0.863,0.387
-0.73,-0.611
-0.891,2.324
-0.927,-0.988
-0.83,-0.519
-0.988,1.467
-0.901,2.09
-0.968,1.327
-1.028,1.052
-1.165,0.185
-1.296,0.182
-1.314,-1.127
-1.343,2.499
-1.372,1.226
-1.542,2.269
-1.591,-0.6
-1.636,-1.219
-1.671,0.237
-1.576,0.062
-1.643,1.948
-1.771,1.066
-1.894,-0.235
-1.797,-0.364
-2.009,-1.133
-2.373,0.292
-2.421,-0.464
-2.454,-1.185
-2.499,1.012
-2.515,1.19
-2.5,1.278
-2.535,0.419
-2.692,2.374
-2.565,1.021
-2.712,1.085
-2.738,2.266
-2.863,0.58
-2.895,1.73
-3.053,-1.59
2.695,-1.751
2.796,-1.412
1.539,-1.619
1.246,-1.4
0.588,-1.779
0.372,-1.435
0.294,-1.633
0.2,-1.487
-0.999,-1.727
-1.552,-1.377
-2.769,-1.54
3.065,2.701
2.497,2.735
2.365,2.79
2.035,2.788
1.73,2.563
0.646,2.713
-0.603,2.75
-1.439,2.842
0.364,1.528
0.213,2.025
-0.038,-0.514
-1.073,-1.029
0.86,-0.286
-0.263,-0.35
-1.163,1.391
-1.181,1.361
-2.243,0.835
2.886,2.072
1.834,-0.664
-1.073,1.83
-1.72,0.635
-2.12,-0.043
-2.142,0.65
-2.101,-0.234
-2.222,-0.531
-2.196,0.615
1.8,-1.036
0.642,-1.342
-2.5,-1.27
-2.552,-1.239
-0.129,2.431
0.022,1.984
-0.032,0.853
0.015,2.346
-0.052,0.589
-0.042,1.596
-0.041,1.116
-0.173,0.516
-0.189,0.107
-0.216,1.675
-0.22,1.898
-0.201,2.141
-0.262,0.729
-0.273,-0.397
-0.287,0.764
-0.334,1.033
-0.256,2.997
-0.317,0.728
-0.39,0.716
-0.417,1.724
-0.352,0.863
-0.373,3.437
-0.485,2.389
-0.48,2.272
-0.556,2.993
-0.528,2.281
-0.588,1.229
-0.539,1.505
-0.544,3.235
-0.66,3.499
-0.686,1.582
-0.699,2.419
-0.739,1.028
-0.741,1.203
-0.85,-0.142
-0.86,1.685
-0.795,1.592
-0.942,2.214
-0.916,2.255
-1.07,0.843
-1.028,2.045
-1.107,2.063
-1.092,0.475
-1.253,0.208
-1.349,3.242
-1.372,0.816
-1.373,1.944
-1.479,0.853
-1.542,1.585
-1.502,1.866
-1.525,2.066
-1.629,2.026
-1.615,0.809
-1.652,-0.471
-1.671,0.513
-1.69,2.052
-1.724,-0.453
-1.843,0.902
-1.793,1.735
-1.815,0.89
-1.889,0.378
-1.977,-0.017
-1.934,2.197
-1.979,2.138
-2.303,1.339
-2.347,0.801
-2.364,-0.002
-2.374,0.602
-2.409,1.738
-2.514,1.244
-2.555,0.492
-2.477,0.696
-2.555,0.578
-2.615,0.959
-2.785,-0.367
-2.828,1.018
-2.793,-0.783
3.061,-0.758
2.929,-0.56
2.846,-0.929
2.76,-0.567
2.325,-0.722
2.007,-0.81
0.568,-0.832
0.303,-0.905
-0.131,-0.837
-0.391,-0.64
-0.483,-0.717
-0.798,-0.985
-1.465,-0.747
-1.641,-0.703
-1.894,-0.734
-1.995,-0.604
-2.412,-0.663
2.727,3.604
1.567,3.737
1.049,3.529
0.755,3.388
0.234,3.667
0.272,3.345
-1.362,3.476
-1.711,3.751
-2.098,3.307
2.643,2.912
0.368,2.724
0.036,2.72
-0.887,-0.514
-1.61,3.383
-2.447,-0.908
-2.549,-0.826
1.245,3.26
-2.734,2.202
-2.794,0.604
-2.806,0.552
-2.92,1.193
-3.013,1.747
3.136,0.275
3.112,1.121
3.005,1.224
2.942,0.395
3.081,3.252
2.902,3.127
3.0,0.267
2.937,3.243
2.924,0.882
2.633,0.48
2.732,0.629
2.726,1.023
2.598,1.152
2.545,1.934
2.336,-0.179
2.319,0.45
2.306,1.365
2.265,2.732
2.207,0.076
2.144,1.879
2.1,2.246
2.046,3.065
2.069,1.708
2.146,2.874
1.952,1.388
1.933,1.172
1.815,0.873
1.851,0.795
1.812,0.362
1.766,3.041
1.635,1.157
1.707,3.327
1.416,1.14
1.172,0.252
1.093,1.002
1.111,2.568
0.979,0.582
0.979,1.377
0.817,2.036
0.877,2.002
0.749,0.701
0.869,2.009
0.841,2.555
0.598,1.039
0.687,0.527
0.371,3.321
0.484,2.489
0.418,1.767
0.267,-0.219
0.181,3.417
0.201,-0.439
0.301,-0.46
0.15,0.529
0.273,-0.199
0.189,1.208
0.172,3.013
0.069,3.402
-0.089,1.998
-0.102,2.795
-0.126,3.035
-0.184,3.4
-0.188,2.974
-0.28,1.794
-0.286,2.191
-0.432,3.37
-0.297,-0.443
-0.353,0.279
-0.487,2.89
-0.38,3.153
-0.517,3.461
-0.576,1.039
-0.487,0.187
-0.499,0.813
-0.605,1.875
-0.735,1.181
-0.602,0.183
-0.763,3.118
-0.799,-0.194
-0.702,0.275
-0.86,2.261
-0.773,2.884
-0.84,2.121
-0.9,1.846
-1.037,0.979
-1.168,0.976
-1.186,-0.333
-1.215,3.293
-1.244,2.02
-1.414,3.063
-1.463,0.194
-1.508,-0.425
-1.543,1.031
-1.448,0.856
-1.515,2.742
-1.643,1.86
-1.766,0.559
-1.669,0.43
-1.881,-0.339
-2.245,1.086
-2.293,0.33
-2.326,-0.391
-2.371,1.806
-2.387,1.984
-2.372,2.072
-2.407,1.213
-2.564,3.168
-2.437,1.815
-2.584,1.879
-2.61,3.06
-2.735,1.374
-2.767,2.524
-2.925,-0.796
2.823,-0.957
2.924,-0.618
1.667,-0.825
1.374,-0.606
0.716,-0.985
0.5,-0.641
0.422,-0.839
0.328,-0.693
-0.871,-0.933
-1.424,-0.583
-2.641,-0.746
-3.09,3.495
2.625,3.529
2.493,3.584
2.163,3.582
1.858,3.357
0.774,3.507
-0.475,3.544
-1.311,3.636
0.492,2.322
0.341,2.819
0.09,0.28
-0.945,-0.235
0.988,0.508
-0.135,0.444
-1.035,2.185
-1.053,2.155
-2.115,1.629
3.014,2.866
1.962,0.13
-0.945,2.624
-1.592,1.429
-1.992,0.751
-2.014,1.444
-1.973,0.56
-2.094,0.263
-2.068,1.409
1.928,-0.242
0.77,-0.548
-2.372,-0.476
-2.424,-0.445
-0.001,3.225
-0.054,-1.131
-0.007,0.362
-0.074,-1.395
-0.064,-0.388
-0.063,-0.868
-0.195,-1.468
-0.211,-1.877
-0.238,-0.309
-0.242,-0.086
-0.223,0.157
-0.284,-1.255
-0.295,-2.381
-0.309,-1.22
-0.356,-0.951
-0.278,1.013
-0.339,-1.256
-0.412,-1.268
-0.439,-0.26
-0.374,-1.121
-0.395,1.453
-0.507,0.405
-0.502,0.288
-0.578,1.009
-0.55,0.297
-0.61,-0.755
-0.561,-0.479
-0.566,1.251
-0.682,1.515
-0.708,-0.402
-0.721,0.435
-0.761,-0.956
-0.763,-0.781
-0.872,-2.126
-0.882,-0.299
-0.817,-0.392
-0.964,0.23
-0.938,0.271
-1.092,-1.141
-1.05,0.061
-1.129,0.079
-1.114,-1.509
-1.275,-1.776
-1.371,1.258
-1.394,-1.168
-1.395,-0.04
-1.501,-1.131
-1.564,-0.399
-1.524,-0.118
-1.547,0.082
-1.651,0.042
-1.637,-1.175
-1.674,-2.455
-1.693,-1.471
-1.712,0.068
-1.746,-2.437
-1.865,-1.082
-1.815,-0.249
-1.837,-1.094
-1.911,-1.606
-1.999,-2.001
-1.956,0.213
-2.001,0.154
-2.325,-0.645
-2.369,-1.183
-2.386,-1.986
-2.396,-1.382
-2.431,-0.246
-2.536,-0.74
-2.577,-1.492
-2.499,-1.288
-2.577,-1.406
-2.637,-1.025
-2.807,-2.351
-2.85,-0.966
-2.815,-2.767
3.039,-2.742
2.907,-2.544
2.824,-2.913
2.738,-2.551
2.303,-2.706
1.985,-2.794
0.546,-2.816
0.281,-2.889
-0.153,-2.821
-0.413,-2.624
-0.505,-2.701
-0.82,-2.969
-1.487,-2.731
-1.663,-2.687
-1.916,-2.718
-2.017,-2.588
-2.434,-2.647
2.705,1.62
1.545,1.753
1.027,1.545
0.733,1.404
0.212,1.683
0.25,1.361
-1.384,1.492
-1.733,1.767
-2.12,1.323
2.621,0.928
0.346,0.74
0.014,0.736
-0.909,-2.498
-1.632,1.399
-2.469,-2.892
-2.571,-2.81
1.223,1.276
-2.756,0.218
-2.816,-1.38
-2.828,-1.432
-2.942,-0.791
-3.035,-0.237
3.114,-1.709
3.09,-0.863
2.983,-0.76
2.92,-1.589
3.059,1.268
2.88,1.143
2.978,-1.717
2.915,1.259
2.902,-1.102
2.611,-1.504
2.71,-1.355
2.704,-0.961
2.576,-0.832
2.523,-0.05
2.314,-2.163
2.297,-1.534
2.284,-0.619
2.243,0.748
2.185,-1.908
2.122,-0.105
2.078,0.262
2.024,1.081
2.047,-0.276
2.124,0.89
1.93,-0.596
1.911,-0.812
1.793,-1.111
1.829,-1.189
1.79,-1.622
1.744,1.057
1.613,-0.827
1.685,1.343
1.394,-0.844
1.15,-1.732
1.071,-0.982
1.089,0.584
0.957,-1.402
0.957,-0.607
0.795,0.052
0.855,0.018
0.727,-1.283
0.847,0.025
0.819,0.571
0.576,-0.945
0.665,-1.457
0.349,1.337
0.462,0.505
0.396,-0.217
0.245,-2.203
0.159,1.433
0.179,-2.423
0.279,-2.444
0.128,-1.455
0.251,-2.183
0.167,-0.776
0.15,1.029
0.047,1.418
-0.111,0.014
-0.124,0.811
-0.148,1.051
-0.206,1.416
-0.21,0.99
-0.302,-0.19
-0.308,0.207
-0.454,1.386
-0.319,-2.427
-0.375,-1.705
-0.509,0.906
-0.402,1.169
-0.539,1.477
-0.598,-0.945
-0.509,-1.797
-0.521,-1.171
-0.627,-0.109
-0.757,-0.803
-0.624,-1.801
-0.785,1.134
-0.821,-2.178
-0.724,-1.709
-0.882,0.277
-0.795,0.9
-0.862,0.137
-0.922,-0.138
-1.059,-1.005
-1.19,-1.008
-1.208,-2.317
-1.237,1.309
-1.266,0.036
-1.436,1.079
-1.485,-1.79
-1.53,-2.409
-1.565,-0.953
-1.47,-1.128
-1.537,0.758
-1.665,-0.124
-1.788,-1.425
-1.691,-1.554
-1.903,-2.323
-2.267,-0.898
-2.315,-1.654
-2.348,-2.375
-2.393,-0.178
-2.409,0.0
-2.394,0.088
-2.429,-0.771
-2.586,1.184
-2.459,-0.169
-2.606,-0.105
-2.632,1.076
-2.757,-0.61
-2.789,0.54
-2.947,-2.78
2.801,-2.941
2.902,-2.602
1.645,-2.809
1.352,-2.59
0.694,-2.969
0.478,-2.625
0.4,-2.823
0.306,-2.677
-0.893,-2.917
-1.446,-2.567
-2.663,-2.73
-3.112,1.511
2.603,1.545
2.471,1.6
2.141,1.598
1.836,1.373
0.752,1.523
-0.497,1.56
-1.333,1.652
0.47,0.338
0.319,0.835
0.068,-1.704
-0.967,-2.219
0.966,-1.476
-0.157,-1.54
-1.057,0.201
-1.075,0.171
-2.137,-0.355
2.992,0.882
1.94,-1.854
-0.967,0.64
-1.614,-0.555
-2.014,-1.233
-2.036,-0.54
-1.995,-1.424
-2.116,-1.721
-2.09,-0.575
1.906,-2.226
0.748,-2.532
-2.394,-2.46
-2.446,-2.429
-0.023,1.241
0.047,1.493
-0.02,-0.264
-0.01,0.743
-0.009,0.263
-0.141,-0.337
-0.157,-0.746
-0.184,0.822
-0.188,1.045
-0.169,1.288
-0.23,-0.124
-0.241,-1.25
-0.255,-0.089
-0.302,0.18
-0.224,2.144
-0.285,-0.125
-0.358,-0.137
-0.385,0.871
-0.32,0.01
-0.341,2.584
-0.453,1.536
-0.448,1.419
-0.524,2.14
-0.496,1.428
-0.556,0.376
-0.507,0.652
-0.512,2.382
-0.628,2.646
-0.654,0.729
-0.667,1.566
-0.707,0.175
-0.709,0.35
-0.818,-0.995
-0.828,0.832
-0.763,0.739
-0.91,1.361
-0.884,1.402
-1.038,-0.01
-0.996,1.192
-1.075,1.21
-1.06,-0.378
-1.221,-0.645
-1.317,2.389
-1.34,-0.037
-1.341,1.091
-1.447,0.0
-1.51,0.732
-1.47,1.013
-1.493,1.213
-1.597,1.173
-1.583,-0.044
-1.62,-1.324
-1.639,-0.34
-1.658,1.199
-1.692,-1.306
-1.811,0.049
-1.761,0.882
-1.783,0.037
-1.857,-0.475
-1.945,-0.87
-1.902,1.344
-1.947,1.285
-2.271,0.486
-2.315,-0.052
-2.332,-0.855
-2.342,-0.251
-2.377,0.885
-2.482,0.391
-2.523,-0.361
-2.445,-0.157
-2.523,-0.275
-2.583,0.106
-2.753,-1.22
-2.796,0.165
-2.761,-1.636
3.093,-1.611
2.961,-1.413
2.878,-1.782
2.792,-1.42
2.357,-1.575
2.039,-1.663
0.6,-1.685
0.335,-1.758
-0.099,-1.69
-0.359,-1.493
-0.451,-1.57
-0.766,-1.838
-1.433,-1.6
-1.609,-1.556
-1.862,-1.587
-1.963,-1.457
-2.38,-1.516
2.759,2.751
1.599,2.884
1.081,2.676
0.787,2.535
0.266,2.814
0.304,2.492
-1.33,2.623
-1.679,2.898
-2.066,2.454
2.675,2.059
0.4,1.871
0.068,1.867
-0.855,-1.367
-1.578,2.53
-2.415,-1.761
-2.517,-1.679
1.277,2.407
-2.702,1.349
-2.762,-0.249
-2.774,-0.301
-2.888,0.34
-2.981,0.894
-3.115,-0.578
-3.139,0.268
3.037,0.371
2.974,-0.458
3.113,2.399
2.934,2.274
3.032,-0.586
2.969,2.39
2.956,0.029
2.665,-0.373
2.764,-0.224
2.758,0.17
2.63,0.299
2.577,1.081
2.368,-1.032
2.351,-0.403
2.338,0.512
2.297,1.879
2.239,-0.777
2.176,1.026
2.132,1.393
2.078,2.212
2.101,0.855
2.178,2.021
1.984,0.535
1.965,0.319
1.847,0.02
1.883,-0.058
1.844,-0.491
1.798,2.188
1.667,0.304
1.739,2.474
1.448,0.287
1.204,-0.601
1.125,0.149
1.143,1.715
1.011,-0.271
1.011,0.524
0.849,1.183
0.909,1.149
0.781,-0.152
0.901,1.156
0.873,1.702
0.63,0.186
0.719,-0.326
0.403,2.468
0.516,1.636
0.45,0.914
0.299,-1.072
0.213,2.564
0.233,-1.292
0.333,-1.313
0.182,-0.324
0.305,-1.052
0.221,0.355
0.204,2.16
0.101,2.549
-0.057,1.145
-0.07,1.942
-0.094,2.182
-0.152,2.547
-0.156,2.121
-0.248,0.941
-0.254,1.338
-0.4,2.517
-0.265,-1.296
-0.321,-0.574
-0.455,2.037
-0.348,2.3
-0.485,2.608
-0.544,0.186
-0.455,-0.666
-0.467,-0.04
-0.573,1.022
-0.703,0.328
-0.57,-0.67
-0.731,2.265
-0.767,-1.047
-0.67,-0.578
-0.828,1.408
-0.741,2.031
-0.808,1.268
-0.868,0.993
-1.005,0.126
-1.136,0.123
-1.154,-1.186
-1.183,2.44
-1.212,1.167
-1.382,2.21
-1.431,-0.659
-1.476,-1.278
-1.511,0.178
-1.416,0.003
-1.483,1.889
-1.611,1.007
-1.734,-0.294
-1.637,-0.423
-1.849,-1.192
-2.213,0.233
-2.261,-0.523
-2.294,-1.244
-2.339,0.953
-2.355,1.131
-2.34,1.219
-2.375,0.36
-2.532,2.315
-2.405,0.962
-2.552,1.026
-2.578,2.207
-2.703,0.521
-2.735,1.671
-2.893,-1.649
2.855,-1.81
2.956,-1.471
1.699,-1.678
1.406,-1.459
0.748,-1.838
0.532,-1.494
0.454,-1.692
0.36,-1.546
-0.839,-1.786
-1.392,-1.436
-2.609,-1.599
-3.058,2.642
2.657,2.676
2.525,2.731
2.195,2.729
1.89,2.504
0.806,2.654
-0.443,2.691
-1.279,2.783
0.524,1.469
0.373,1.966
0.122,-0.573
-0.913,-1.088
1.02,-0.345
-0.103,-0.409
-1.003,1.332
-1.021,1.302
-2.083,0.776
3.046,2.013
1.994,-0.723
-0.913,1.771
-1.56,0.576
-1.96,-0.102
-1.982,0.591
-1.941,-0.293
-2.062,-0.59
-2.036,0.556
1.96,-1.095
0.802,-1.401
-2.34,-1.329
-2.392,-1.298
0.031,2.372
-0.067,-1.757
-0.057,-0.75
-0.056,-1.23
-0.188,-1.83
-0.204,-2.239
-0.231,-0.671
-0.235,-0.448
-0.216,-0.205
-0.277,-1.617
-0.288,-2.743
-0.302,-1.582
-0.349,-1.313
-0.271,0.651
-0.332,-1.618
-0.405,-1.63
-0.432,-0.622
-0.367,-1.483
-0.388,1.091
-0.5,0.043
-0.495,-0.074
-0.571,0.647
-0.543,-0.065
-0.603,-1.117
-0.554,-0.841
-0.559,0.889
-0.675,1.153
-0.701,-0.764
-0.714,0.073
-0.754,-1.318
-0.756,-1.143
-0.865,-2.488
-0.875,-0.661
-0.81,-0.754
-0.957,-0.132
-0.931,-0.091
-1.085,-1.503
-1.043,-0.301
-1.122,-0.283
-1.107,-1.871
-1.268,-2.138
-1.364,0.896
-1.387,-1.53
-1.388,-0.402
-1.494,-1.493
-1.557,-0.761
-1.517,-0.48
-1.54,-0.28
-1.644,-0.32
-1.63,-1.537
-1.667,-2.817
-1.686,-1.833
-1.705,-0.294
-1.739,-2.799
-1.858,-1.444
-1.808,-0.611
-1.83,-1.456
-1.904,-1.968
-1.992,-2.363
-1.949,-0.149
-1.994,-0.208
-2.318,-1.007
-2.362,-1.545
-2.379,-2.348
-2.389,-1.744
-2.424,-0.608
-2.529,-1.102
-2.57,-1.854
-2.492,-1.65
-2.57,-1.768
-2.63,-1.387
-2.8,-2.713
-2.843,-1.328
-2.808,-3.129
3.046,-3.104
2.914,-2.906
2.831,-3.275
2.745,-2.913
2.31,-3.068
1.992,-3.156
0.553,-3.178
0.288,-3.251
-0.146,-3.183
-0.406,-2.986
-0.498,-3.063
-0.813,-3.331
-1.48,-3.093
-1.656,-3.049
-1.909,-3.08
-2.01,-2.95
-2.427,-3.009
2.712,1.258
1.552,1.391
1.034,1.183
0.74,1.042
0.219,1.321
0.257,0.999
-1.377,1.13
-1.726,1.405
-2.113,0.961
2.628,0.566
0.353,0.378
0.021,0.374
-0.902,-2.86
-1.625,1.037
-2.462,-3.254
-2.564,-3.172
1.23,0.914
-2.749,-0.144
-2.809,-1.742
-2.821,-1.794
-2.935,-1.153
-3.028,-0.599
3.121,-2.071
3.097,-1.225
2.99,-1.122
2.927,-1.951
3.066,0.906
2.887,0.781
2.985,-2.079
2.922,0.897
2.909,-1.464
2.618,-1.866
2.717,-1.717
2.711,-1.323
2.583,-1.194
2.53,-0.412
2.321,-2.525
2.304,-1.896
2.291,-0.981
2.25,0.386
2.192,-2.27
2.129,-0.467
2.085,-0.1
2.031,0.719
2.054,-0.638
2.131,0.528
1.937,-0.958
1.918,-1.174
1.8,-1.473
1.836,-1.551
1.797,-1.984
1.751,0.695
1.62,-1.189
1.692,0.981
1.401,-1.206
1.157,-2.094
1.078,-1.344
1.096,0.222
0.964,-1.764
0.964,-0.969
0.802,-0.31
0.862,-0.344
0.734,-1.645
0.854,-0.337
0.826,0.209
0.583,-1.307
0.672,-1.819
0.356,0.975
0.469,0.143
0.403,-0.579
0.252,-2.565
0.166,1.071
0.186,-2.785
0.286,-2.806
0.135,-1.817
0.258,-2.545
0.174,-1.138
0.157,0.667
0.054,1.056
-0.104,-0.348
-0.117,0.449
-0.141,0.689
-0.199,1.054
-0.203,0.628
-0.295,-0.552
-0.301,-0.155
-0.447,1.024
-0.312,-2.789
-0.368,-2.067
-0.502,0.544
-0.395,0.807
-0.532,1.115
-0.591,-1.307
-0.502,-2.159
-0.514,-1.533
-0.62,-0.471
-0.75,-1.165
-0.617,-2.163
-0.778,0.772
-0.814,-2.54
-0.717,-2.071
-0.875,-0.085
-0.788,0.538
-0.855,-0.225
-0.915,-0.5
-1.052,-1.367
-1.183,-1.37
-1.201,-2.679
-1.23,0.947
-1.259,-0.326
-1.429,0.717
-1.478,-2.152
-1.523,-2.771
-1.558,-1.315
-1.463,-1.49
-1.53,0.396
-1.658,-0.486
-1.781,-1.787
-1.684,-1.916
-1.896,-2.685
-2.26,-1.26
-2.308,-2.016
-2.341,-2.737
-2.386,-0.54
-2.402,-0.362
-2.387,-0.274
-2.422,-1.133
-2.579,0.822
-2.452,-0.531
-2.599,-0.467
-2.625,0.714
-2.75,-0.972
-2.782,0.178
-2.94,-3.142
2.808,-3.303
2.909,-2.964
1.652,-3.171
1.359,-2.952
0.701,-3.331
0.485,-2.987
0.407,-3.185
0.313,-3.039
-0.886,-3.279
-1.439,-2.929
-2.656,-3.092
-3.105,1.149
2.61,1.183
2.478,1.238
2.148,1.236
1.843,1.011
0.759,1.161
-0.49,1.198
-1.326,1.29
0.477,-0.024
0.326,0.473
0.075,-2.066
-0.96,-2.581
0.973,-1.838
-0.15,-1.902
-1.05,-0.161
-1.068,-0.191
-2.13,-0.717
2.999,0.52
1.947,-2.216
-0.96,0.278
-1.607,-0.917
-2.007,-1.595
-2.029,-0.902
-1.988,-1.786
-2.109,-2.083
-2.083,-0.937
1.913,-2.588
0.755,-2.894
-2.387,-2.822
-2.439,-2.791
-0.016,0.879
0.01,1.007
0.011,0.527
-0.121,-0.073
-0.137,-0.482
-0.164,1.086
-0.168,1.309
-0.149,1.552
-0.21,0.14
-0.221,-0.986
-0.235,0.175
-0.282,0.444
-0.204,2.408
-0.265,0.139
-0.338,0.127
-0.365,1.135
-0.3,0.274
-0.321,2.848
-0.433,1.8
-0.428,1.683
-0.504,2.404
-0.476,1.692
-0.536,0.64
-0.487,0.916
-0.492,2.646
-0.608,2.91
-0.634,0.993
-0.647,1.83
-0.687,0.439
-0.689,0.614
-0.798,-0.731
-0.808,1.096
-0.743,1.003
-0.89,1.625
-0.864,1.666
-1.018,0.254
-0.976,1.456
-1.055,1.474
-1.04,-0.114
-1.201,-0.381
-1.297,2.653
-1.32,0.227
-1.321,1.355
-1.427,0.264
-1.49,0.996
-1.45,1.277
-1.473,1.477
-1.577,1.437
-1.563,0.22
-1.6,-1.06
-1.619,-0.076
-1.638,1.463
-1.672,-1.042
-1.791,0.313
-1.741,1.146
-1.763,0.301
-1.837,-0.211
-1.925,-0.606
-1.882,1.608
-1.927,1.549
-2.251,0.75
-2.295,0.212
-2.312,-0.591
-2.322,0.013
-2.357,1.149
-2.462,0.655
-2.503,-0.097
-2.425,0.107
-2.503,-0.011
-2.563,0.37
-2.733,-0.956
-2.776,0.429
-2.741,-1.372
3.113,-1.347
2.981,-1.149
2.898,-1.518
2.812,-1.156
2.377,-1.311
2.059,-1.399
0.62,-1.421
0.355,-1.494
-0.079,-1.426
-0.339,-1.229
-0.431,-1.306
-0.746,-1.574
-1.413,-1.336
-1.589,-1.292
-1.842,-1.323
-1.943,-1.193
-2.36,-1.252
2.779,3.015
1.619,3.148
1.101,2.94
0.807,2.799
0.286,3.078
0.324,2.756
-1.31,2.887
-1.659,3.162
-2.046,2.718
2.695,2.323
0.42,2.135
0.088,2.131
-0.835,-1.103
-1.558,2.794
-2.395,-1.497
-2.497,-1.415
1.297,2.671
-2.682,1.613
-2.742,0.015
-2.754,-0.037
-2.868,0.604
-2.961,1.158
-3.095,-0.314
-3.119,0.532
3.057,0.635
2.994,-0.194
3.133,2.663
2.954,2.538
3.052,-0.322
2.989,2.654
2.976,0.293
2.685,-0.109
2.784,0.04
2.778,0.434
2.65,0.563
2.597,1.345
2.388,-0.768
2.371,-0.139
2.358,0.776
2.317,2.143
2.259,-0.513
2.196,1.29
2.152,1.657
2.098,2.476
2.121,1.119
2.198,2.285
2.004,0.799
1.985,0.583
1.867,0.284
1.903,0.206
1.864,-0.227
1.818,2.452
1.687,0.568
1.759,2.738
1.468,0.551
1.224,-0.337
1.145,0.413
1.163,1.979
1.031,-0.007
1.031,0.788
0.869,1.447
0.929,1.413
0.801,0.112
0.921,1.42
0.893,1.966
0.65,0.45
0.739,-0.062
0.423,2.732
0.536,1.9
0.47,1.178
0.319,-0.808
0.233,2.828
0.253,-1.028
0.353,-1.049
0.202,-0.06
0.325,-0.788
0.241,0.619
0.224,2.424
0.121,2.813
-0.037,1.409
-0.05,2.206
-0.074,2.446
-0.132,2.811
-0.136,2.385
-0.228,1.205
-0.234,1.602
-0.38,2.781
-0.245,-1.032
-0.301,-0.31
-0.435,2.301
-0.328,2.564
-0.465,2.872
-0.524,0.45
-0.435,-0.402
-0.447,0.224
-0.553,1.286
-0.683,0.592
-0.55,-0.406
-0.711,2.529
-0.747,-0.783
-0.65,-0.314
-0.808,1.672
-0.721,2.295
-0.788,1.532
-0.848,1.257
-0.985,0.39
-1.116,0.387
-1.134,-0.922
-1.163,2.704
-1.192,1.431
-1.362,2.474
-1.411,-0.395
-1.456,-1.014
-1.491,0.442
-1.396,0.267
-1.463,2.153
-1.591,1.271
-1.714,-0.03
-1.617,-0.159
-1.829,-0.928
-2.193,0.497
-2.241,-0.259
-2.274,-0.98
-2.319,1.217
-2.335,1.395
-2.32,1.483
-2.355,0.624
-2.512,2.579
-2.385,1.226
-2.532,1.29
-2.558,2.471
-2.683,0.785
-2.715,1.935
-2.873,-1.385
2.875,-1.546
2.976,-1.207
1.719,-1.414
1.426,-1.195
0.768,-1.574
0.552,-1.23
0.474,-1.428
0.38,-1.282
-0.819,-1.522
-1.372,-1.172
-2.589,-1.335
-3.038,2.906
2.677,2.94
2.545,2.995
2.215,2.993
1.91,2.768
0.826,2.918
-0.423,2.955
-1.259,3.047
0.544,1.733
0.393,2.23
0.142,-0.309
-0.893,-0.824
1.04,-0.081
-0.083,-0.145
-0.983,1.596
-1.001,1.566
-2.063,1.04
3.066,2.277
2.014,-0.459
-0.893,2.035
-1.54,0.84
-1.94,0.162
-1.962,0.855
-1.921,-0.029
-2.042,-0.326
-2.016,0.82
1.98,-0.831
0.822,-1.137
-2.32,-1.065
-2.372,-1.034
0.051,2.636
0.001,-0.48
-0.131,-1.08
-0.147,-1.489
-0.174,0.079
-0.178,0.302
-0.159,0.545
-0.22,-0.867
-0.231,-1.993
-0.245,-0.832
-0.292,-0.563
-0.214,1.401
-0.275,-0.868
-0.348,-0.88
-0.375,0.128
-0.31,-0.733
-0.331,1.841
-0.443,0.793
-0.438,0.676
-0.514,1.397
-0.486,0.685
-0.546,-0.367
-0.497,-0.091
-0.502,1.639
-0.618,1.903
-0.644,-0.014
-0.657,0.823
-0.697,-0.568
-0.699,-0.393
-0.808,-1.738
-0.818,0.089
-0.753,-0.004
-0.9,0.618
-0.874,0.659
-1.028,-0.753
-0.986,0.449
-1.065,0.467
-1.05,-1.121
-1.211,-1.388
-1.307,1.646
-1.33,-0.78
-1.331,0.348
-1.437,-0.743
-1.5,-0.011
-1.46,0.27
-1.483,0.47
-1.587,0.43
-1.573,-0.787
-1.61,-2.067
-1.629,-1.083
-1.648,0.456
-1.682,-2.049
-1.801,-0.694
-1.751,0.139
-1.773,-0.706
-1.847,-1.218
-1.935,-1.613
-1.892,0.601
-1.937,0.542
-2.261,-0.257
-2.305,-0.795
-2.322,-1.598
-2.332,-0.994
-2.367,0.142
-2.472,-0.352
-2.513,-1.104
-2.435,-0.9
-2.513,-1.018
-2.573,-0.637
-2.743,-1.963
-2.786,-0.578
-2.751,-2.379
3.103,-2.354
2.971,-2.156
2.888,-2.525
2.802,-2.163
2.367,-2.318
2.049,-2.406
0.61,-2.428
0.345,-2.501
-0.089,-2.433
-0.349,-2.236
-0.441,-2.313
-0.756,-2.581
-1.423,-2.343
-1.599,-2.299
-1.852,-2.33
-1.953,-2.2
-2.37,-2.259
2.769,2.008
1.609,2.141
1.091,1.933
0.797,1.792
0.276,2.071
0.314,1.749
-1.32,1.88
-1.669,2.155
-2.056,1.711
2.685,1.316
0.41,1.128
0.078,1.124
-0.845,-2.11
-1.568,1.787
-2.405,-2.504
-2.507,-2.422
1.287,1.664
-2.692,0.606
-2.752,-0.992
-2.764,-1.044
-2.878,-0.403
-2.971,0.151
-3.105,-1.321
-3.129,-0.475
3.047,-0.372
2.984,-1.201
3.123,1.656
2.944,1.531
3.042,-1.329
2.979,1.647
2.966,-0.714
2.675,-1.116
2.774,-0.967
2.768,-0.573
2.64,-0.444
2.587,0.338
2.378,-1.775
2.361,-1.146
2.348,-0.231
2.307,1.136
2.249,-1.52
2.186,0.283
2.142,0.65
2.088,1.469
2.111,0.112
2.188,1.278
1.994,-0.208
1.975,-0.424
1.857,-0.723
1.893,-0.801
1.854,-1.234
1.808,1.445
1.677,-0.439
1.749,1.731
1.458,-0.456
1.214,-1.344
1.135,-0.594
1.153,0.972
1.021,-1.014
1.021,-0.219
0.859,0.44
0.919,0.406
0.791,-0.895
0.911,0.413
0.883,0.959
0.64,-0.557
0.729,-1.069
0.413,1.725
0.526,0.893
0.46,0.171
0.309,-1.815
0.223,1.821
0.243,-2.035
0.343,-2.056
0.192,-1.067
0.315,-1.795
0.231,-0.388
0.214,1.417
0.111,1.806
-0.047,0.402
-0.06,1.199
-0.084,1.439
-0.142,1.804
-0.146,1.378
-0.238,0.198
-0.244,0.595
-0.39,1.774
-0.255,-2.039
-0.311,-1.317
-0.445,1.294
-0.338,1.557
-0.475,1.865
-0.534,-0.557
-0.445,-1.409
-0.457,-0.783
-0.563,0.279
-0.693,-0.415
-0.56,-1.413
-0.721,1.522
-0.757,-1.79
-0.66,-1.321
-0.818,0.665
-0.731,1.288
-0.798,0.525
-0.858,0.25
-0.995,-0.617
-1.126,-0.62
-1.144,-1.929
-1.173,1.697
-1.202,0.424
-1.372,1.467
-1.421,-1.402
-1.466,-2.021
-1.501,-0.565
-1.406,-0.74
-1.473,1.146
-1.601,0.264
-1.724,-1.037
-1.627,-1.166
-1.839,-1.935
-2.203,-0.51
-2.251,-1.266
-2.284,-1.987
-2.329,0.21
-2.345,0.388
-2.33,0.476
-2.365,-0.383
-2.522,1.572
-2.395,0.219
-2.542,0.283
-2.568,1.464
-2.693,-0.222
-2.725,0.928
-2.883,-2.392
2.865,-2.553
2.966,-2.214
1.709,-2.421
1.416,-2.202
0.758,-2.581
0.542,-2.237
0.464,-2.435
0.37,-2.289
-0.829,-2.529
-1.382,-2.179
-2.599,-2.342
-3.048,1.899
2.667,1.933
2.535,1.988
2.205,1.986
1.9,1.761
0.816,1.911
-0.433,1.948
-1.269,2.04
0.534,0.726
0.383,1.223
0.132,-1.316
-0.903,-1.831
1.03,-1.088
-0.093,-1.152
-0.993,0.589
-1.011,0.559
-2.073,0.033
3.056,1.27
2.004,-1.466
-0.903,1.028
-1.55,-0.167
-1.95,-0.845
-1.972,-0.152
-1.931,-1.036
-2.052,-1.333
-2.026,-0.187
1.97,-1.838
0.812,-2.144
-2.33,-2.072
-2.382,-2.041
0.041,1.629
-0.132,-0.6
-0.148,-1.009
-0.175,0.559
-0.179,0.782
-0.16,1.025
-0.221,-0.387
-0.232,-1.513
-0.246,-0.352
-0.293,-0.083
-0.215,1.881
-0.276,-0.388
-0.349,-0.4
-0.376,0.608
-0.311,-0.253
-0.332,2.321
-0.444,1.273
-0.439,1.156
-0.515,1.877
-0.487,1.165
-0.547,0.113
-0.498,0.389
-0.503,2.119
-0.619,2.383
-0.645,0.466
-0.658,1.303
-0.698,-0.088
-0.7,0.087
-0.809,-1.258
-0.819,0.569
-0.754,0.476
-0.901,1.098
-0.875,1.139
-1.029,-0.273
-0.987,0.929
-1.066,0.947
-1.051,-0.641
-1.212,-0.908
-1.308,2.126
-1.331,-0.3
-1.332,0.828
-1.438,-0.263
-1.501,0.469
-1.461,0.75
-1.484,0.95
-1.588,0.91
-1.574,-0.307
-1.611,-1.587
-1.63,-0.603
-1.649,0.936
-1.683,-1.569
-1.802,-0.214
-1.752,0.619
-1.774,-0.226
-1.848,-0.738
-1.936,-1.133
-1.893,1.081
-1.938,1.022
-2.262,0.223
-2.306,-0.315
-2.323,-1.118
-2.333,-0.514
-2.368,0.622
-2.473,0.128
-2.514,-0.624
-2.436,-0.42
-2.514,-0.538
-2.574,-0.157
-2.744,-1.483
-2.787,-0.098
-2.752,-1.899
3.102,-1.874
2.97,-1.676
2.887,-2.045
2.801,-1.683
2.366,-1.838
2.048,-1.926
0.609,-1.948
0.344,-2.021
-0.09,-1.953
-0.35,-1.756
-0.442,-1.833
-0.757,-2.101
-1.424,-1.863
-1.6,-1.819
-1.853,-1.85
-1.954,-1.72
-2.371,-1.779
2.768,2.488
1.608,2.621
1.09,2.413
0.796,2.272
0.275,2.551
0.313,2.229
-1.321,2.36
-1.67,2.635
-2.057,2.191
2.684,1.796
0.409,1.608
0.077,1.604
-0.846,-1.63
-1.569,2.267
-2.406,-2.024
-2.508,-1.942
1.286,2.144
-2.693,1.086
-2.753,-0.512
-2.765,-0.564
-2.879,0.077
-2.972,0.631
-3.106,-0.841
-3.13,0.005
3.046,0.108
2.983,-0.721
3.122,2.136
2.943,2.011
3.041,-0.849
2.978,2.127
2.965,-0.234
2.674,-0.636
2.773,-0.487
2.767,-0.093
2.639,0.036
2.586,0.818
2.377,-1.295
2.36,-0.666
2.347,0.249
2.306,1.616
2.248,-1.04
2.185,0.763
2.141,1.13
2.087,1.949
2.11,0.592
2.187,1.758
1.993,0.272
1.974,0.056
1.856,-0.243
1.892,-0.321
1.853,-0.754
1.807,1.925
1.676,0.041
1.748,2.211
1.457,0.024
1.213,-0.864
1.134,-0.114
1.152,1.452
1.02,-0.534
1.02,0.261
0.858,0.92
0.918,0.886
0.79,-0.415
0.91,0.893
0.882,1.439
0.639,-0.077
0.728,-0.589
0.412,2.205
0.525,1.373
0.459,0.651
0.308,-1.335
0.222,2.301
0.242,-1.555
0.342,-1.576
0.191,-0.587
0.314,-1.315
0.23,0.092
0.213,1.897
0.11,2.286
-0.048,0.882
-0.061,1.679
-0.085,1.919
-0.143,2.284
-0.147,1.858
-0.239,0.678
-0.245,1.075
-0.391,2.254
-0.256,-1.559
-0.312,-0.837
-0.446,1.774
-0.339,2.037
-0.476,2.345
-0.535,-0.077
-0.446,-0.929
-0.458,-0.303
-0.564,0.759
-0.694,0.065
-0.561,-0.933
-0.722,2.002
-0.758,-1.31
-0.661,-0.841
-0.819,1.145
-0.732,1.768
-0.799,1.005
-0.859,0.73
-0.996,-0.137
-1.127,-0.14
-1.145,-1.449
-1.174,2.177
-1.203,0.904
-1.373,1.947
-1.422,-0.922
-1.467,-1.541
-1.502,-0.085
-1.407,-0.26
-1.474,1.626
-1.602,0.744
-1.725,-0.557
-1.628,-0.686
-1.84,-1.455
-2.204,-0.03
-2.252,-0.786
-2.285,-1.507
-2.33,0.69
-2.346,0.868
-2.331,0.956
-2.366,0.097
-2.523,2.052
-2.396,0.699
-2.543,0.763
-2.569,1.944
-2.694,0.258
-2.726,1.408
-2.884,-1.912
2.864,-2.073
2.965,-1.734
1.708,-1.941
1.415,-1.722
0.757,-2.101
0.541,-1.757
0.463,-1.955
0.369,-1.809
-0.83,-2.049
-1.383,-1.699
-2.6,-1.862
-3.049,2.379
2.666,2.413
2.534,2.468
2.204,2.466
1.899,2.241
0.815,2.391
-0.434,2.428
-1.27,2.52
0.533,1.206
0.382,1.703
0.131,-0.836
-0.904,-1.351
1.029,-0.608
-0.094,-0.672
-0.994,1.069
-1.012,1.039
-2.074,0.513
3.055,1.75
2.003,-0.986
-0.904,1.508
-1.551,0.313
-1.951,-0.365
-1.973,0.328
-1.932,-0.556
-2.053,-0.853
-2.027,0.293
1.969,-1.358
0.811,-1.664
-2.331,-1.592
-2.383,-1.561
0.04,2.109
-0.016,-0.409
-0.043,1.159
-0.047,1.382
-0.028,1.625
-0.089,0.213
-0.1,-0.913
-0.114,0.248
-0.161,0.517
-0.083,2.481
-0.144,0.212
-0.217,0.2
-0.244,1.208
-0.179,0.347
-0.2,2.921
-0.312,1.873
-0.307,1.756
-0.383,2.477
-0.355,1.765
-0.415,0.713
-0.366,0.989
-0.371,2.719
-0.487,2.983
-0.513,1.066
-0.526,1.903
-0.566,0.512
-0.568,0.687
-0.677,-0.658
-0.687,1.169
-0.622,1.076
-0.769,1.698
-0.743,1.739
-0.897,0.327
-0.855,1.529
-0.934,1.547
-0.919,-0.041
-1.08,-0.308
-1.176,2.726
-1.199,0.3
-1.2,1.428
-1.306,0.337
-1.369,1.069
-1.329,1.35
-1.352,1.55
-1.456,1.51
-1.442,0.293
-1.479,-0.987
-1.498,-0.003
-1.517,1.536
-1.551,-0.969
-1.67,0.386
-1.62,1.219
-1.642,0.374
-1.716,-0.138
-1.804,-0.533
-1.761,1.681
-1.806,1.622
-2.13,0.823
-2.174,0.285
-2.191,-0.518
-2.201,0.086
-2.236,1.222
-2.341,0.728
-2.382,-0.024
-2.304,0.18
-2.382,0.062
-2.442,0.443
-2.612,-0.883
-2.655,0.502
-2.62,-1.299
-3.049,-1.274
3.102,-1.076
3.019,-1.445
2.933,-1.083
2.498,-1.238
2.18,-1.326
0.741,-1.348
0.476,-1.421
0.042,-1.353
-0.218,-1.156
-0.31,-1.233
-0.625,-1.501
-1.292,-1.263
-1.468,-1.219
-1.721,-1.25
-1.822,-1.12
-2.239,-1.179
2.9,3.088
1.74,3.221
1.222,3.013
0.928,2.872
0.407,3.151
0.445,2.829
-1.189,2.96
-1.538,3.235
-1.925,2.791
2.816,2.396
0.541,2.208
0.209,2.204
-0.714,-1.03
-1.437,2.867
-2.274,-1.424
-2.376,-1.342
1.418,2.744
-2.561,1.686
-2.621,0.088
-2.633,0.036
-2.747,0.677
-2.84,1.231
-2.974,-0.241
-2.998,0.605
-3.105,0.708
3.115,-0.121
-3.029,2.736
3.075,2.611
-3.11,-0.249
3.11,2.727
3.097,0.366
2.806,-0.036
2.905,0.113
2.899,0.507
2.771,0.636
2.718,1.418
2.509,-0.695
2.492,-0.066
2.479,0.849
2.438,2.216
2.38,-0.44
2.317,1.363
2.273,1.73
2.219,2.549
2.242,1.192
2.319,2.358
2.125,0.872
2.106,0.656
1.988,0.357
2.024,0.279
1.985,-0.154
1.939,2.525
1.808,0.641
1.88,2.811
1.589,0.624
1.345,-0.264
1.266,0.486
1.284,2.052
1.152,0.066
1.152,0.861
0.99,1.52
1.05,1.486
0.922,0.185
1.042,1.493
1.014,2.039
0.771,0.523
0.86,0.011
0.544,2.805
0.657,1.973
0.591,1.251
0.44,-0.735
0.354,2.901
0.374,-0.955
0.474,-0.976
0.323,0.013
0.446,-0.715
0.362,0.692
0.345,2.497
0.242,2.886
0.084,1.482
0.071,2.279
0.047,2.519
-0.011,2.884
-0.015,2.458
-0.107,1.278
-0.113,1.675
-0.259,2.854
-0.124,-0.959
-0.18,-0.237
-0.314,2.374
-0.207,2.637
-0.344,2.945
-0.403,0.523
-0.314,-0.329
-0.326,0.297
-0.432,1.359
-0.562,0.665
-0.429,-0.333
-0.59,2.602
-0.626,-0.71
-0.529,-0.241
-0.687,1.745
-0.6,2.368
-0.667,1.605
-0.727,1.33
-0.864,0.463
-0.995,0.46
-1.013,-0.849
-1.042,2.777
-1.071,1.504
-1.241,2.547
-1.29,-0.322
-1.335,-0.941
-1.37,0.515
-1.275,0.34
-1.342,2.226
-1.47,1.344
-1.593,0.043
-1.496,-0.086
-1.708,-0.855
-2.072,0.57
-2.12,-0.186
-2.153,-0.907
-2.198,1.29
-2.214,1.468
-2.199,1.556
-2.234,0.697
-2.391,2.652
-2.264,1.299
-2.411,1.363
-2.437,2.544
-2.562,0.858
-2.594,2.008
-2.752,-1.312
2.996,-1.473
3.097,-1.134
1.84,-1.341
1.547,-1.122
0.889,-1.501
0.673,-1.157
0.595,-1.355
0.501,-1.209
-0.698,-1.449
-1.251,-1.099
-2.468,-1.262
-2.917,2.979
2.798,3.013
2.666,3.068
2.336,3.066
2.031,2.841
0.947,2.991
-0.302,3.028
-1.138,3.12
0.665,1.806
0.514,2.303
0.263,-0.236
-0.772,-0.751
1.161,-0.008
0.038,-0.072
-0.862,1.669
-0.88,1.639
-1.942,1.113
-3.096,2.35
2.135,-0.386
-0.772,2.108
-1.419,0.913
-1.819,0.235
-1.841,0.928
-1.8,0.044
-1.921,-0.253
-1.895,0.893
2.101,-0.758
0.943,-1.064
-2.199,-0.992
-2.251,-0.961
0.172,2.709
-0.027,1.568
-0.031,1.791
-0.012,2.034
-0.073,0.622
-0.084,-0.504
-0.098,0.657
-0.145,0.926
-0.067,2.89
-0.128,0.621
-0.201,0.609
-0.228,1.617
-0.163,0.756
-0.184,3.33
-0.296,2.282
-0.291,2.165
-0.367,2.886
-0.339,2.174
-0.399,1.122
-0.35,1.398
-0.355,3.128
-0.471,3.392
-0.497,1.475
-0.51,2.312
-0.55,0.921
-0.552,1.096
-0.661,-0.249
-0.671,1.578
-0.606,1.485
-0.753,2.107
-0.727,2.148
-0.881,0.736
-0.839,1.938
-0.918,1.956
-0.903,0.368
-1.064,0.101
-1.16,3.135
-1.183,0.709
-1.184,1.837
-1.29,0.746
-1.353,1.478
-1.313,1.759
-1.336,1.959
-1.44,1.919
-1.426,0.702
-1.463,-0.578
-1.482,0.406
-1.501,1.945
-1.535,-0.56
-1.654,0.795
-1.604,1.628
-1.626,0.783
-1.7,0.271
-1.788,-0.124
-1.745,2.09
-1.79,2.031
-2.114,1.232
-2.158,0.694
-2.175,-0.109
-2.185,0.495
-2.22,1.631
-2.325,1.137
-2.366,0.385
-2.288,0.589
-2.366,0.471
-2.426,0.852
-2.596,-0.474
-2.639,0.911
-2.604,-0.89
-3.033,-0.865
3.118,-0.667
3.035,-1.036
2.949,-0.674
2.514,-0.829
2.196,-0.917
0.757,-0.939
0.492,-1.012
0.058,-0.944
-0.202,-0.747
-0.294,-0.824
-0.609,-1.092
-1.276,-0.854
-1.452,-0.81
-1.705,-0.841
-1.806,-0.711
-2.223,-0.77
2.916,3.497
1.756,3.63
1.238,3.422
0.944,3.281
0.423,3.56
0.461,3.238
-1.173,3.369
-1.522,3.644
-1.909,3.2
2.832,2.805
0.557,2.617
0.225,2.613
-0.698,-0.621
-1.421,3.276
-2.258,-1.015
-2.36,-0.933
1.434,3.153
-2.545,2.095
-2.605,0.497
-2.617,0.445
-2.731,1.086
-2.824,1.64
-2.958,0.168
-2.982,1.014
-3.089,1.117
3.131,0.288
-3.013,3.145
3.091,3.02
-3.094,0.16
3.126,3.136
3.113,0.775
2.822,0.373
2.921,0.522
2.915,0.916
2.787,1.045
2.734,1.827
2.525,-0.286
2.508,0.343
2.495,1.258
2.454,2.625
2.396,-0.031
2.333,1.772
2.289,2.139
2.235,2.958
2.258,1.601
2.335,2.767
2.141,1.281
2.122,1.065
2.004,0.766
2.04,0.688
2.001,0.255
1.955,2.934
1.824,1.05
1.896,3.22
1.605,1.033
1.361,0.145
1.282,0.895
1.3,2.461
1.168,0.475
1.168,1.27
1.006,1.929
1.066,1.895
0.938,0.594
1.058,1.902
1.03,2.448
0.787,0.932
0.876,0.42
0.56,3.214
0.673,2.382
0.607,1.66
0.456,-0.326
0.37,3.31
0.39,-0.546
0.49,-0.567
0.339,0.422
0.462,-0.306
0.378,1.101
0.361,2.906
0.258,3.295
0.1,1.891
0.087,2.688
0.063,2.928
0.005,3.293
0.001,2.867
-0.091,1.687
-0.097,2.084
-0.243,3.263
-0.108,-0.55
-0.164,0.172
-0.298,2.783
-0.191,3.046
-0.328,3.354
-0.387,0.932
-0.298,0.08
-0.31,0.706
-0.416,1.768
-0.546,1.074
-0.413,0.076
-0.574,3.011
-0.61,-0.301
-0.513,0.168
-0.671,2.154
-0.584,2.777
-0.651,2.014
-0.711,1.739
-0.848,0.872
-0.979,0.869
-0.997,-0.44
-1.026,3.186
-1.055,1.913
-1.225,2.956
-1.274,0.087
-1.319,-0.532
-1.354,0.924
-1.259,0.749
-1.326,2.635
-1.454,1.753
-1.577,0.452
-1.48,0.323
-1.692,-0.446
-2.056,0.979
-2.104,0.223
-2.137,-0.498
-2.182,1.699
-2.198,1.877
-2.183,1.965
-2.218,1.106
-2.375,3.061
-2.248,1.708
-2.395,1.772
-2.421,2.953
-2.546,1.267
-2.578,2.417
-2.736,-0.903
3.012,-1.064
3.113,-0.725
1.856,-0.932
1.563,-0.713
0.905,-1.092
0.689,-0.748
0.611,-0.946
0.517,-0.8
-0.682,-1.04
-1.235,-0.69
-2.452,-0.853
-2.901,3.388
2.814,3.422
2.682,3.477
2.352,3.475
2.047,3.25
0.963,3.4
-0.286,3.437
-1.122,3.529
0.681,2.215
0.53,2.712
0.279,0.173
-0.756,-0.342
1.177,0.401
0.054,0.337
-0.846,2.078
-0.864,2.048
-1.926,1.522
-3.08,2.759
2.151,0.023
-0.756,2.517
-1.403,1.322
-1.803,0.644
-1.825,1.337
-1.784,0.453
-1.905,0.156
-1.879,1.302
2.117,-0.349
0.959,-0.655
-2.183,-0.583
-2.235,-0.552
0.188,3.118
-0.004,0.223
0.015,0.466
-0.046,-0.946
-0.057,-2.072
-0.071,-0.911
-0.118,-0.642
-0.04,1.322
-0.101,-0.947
-0.174,-0.959
-0.201,0.049
-0.136,-0.812
-0.157,1.762
-0.269,0.714
-0.264,0.597
-0.34,1.318
-0.312,0.606
-0.372,-0.446
-0.323,-0.17
-0.328,1.56
-0.444,1.824
-0.47,-0.093
-0.483,0.744
-0.523,-0.647
-0.525,-0.472
-0.634,-1.817
-0.644,0.01
-0.579,-0.083
-0.726,0.539
-0.7,0.58
-0.854,-0.832
-0.812,0.37
-0.891,0.388
-0.876,-1.2
-1.037,-1.467
-1.133,1.567
-1.156,-0.859
-1.157,0.269
-1.263,-0.822
-1.326,-0.09
-1.286,0.191
-1.309,0.391
-1.413,0.351
-1.399,-0.866
-1.436,-2.146
-1.455,-1.162
-1.474,0.377
-1.508,-2.128
-1.627,-0.773
-1.577,0.06
-1.599,-0.785
-1.673,-1.297
-1.761,-1.692
-1.718,0.522
-1.763,0.463
-2.087,-0.336
-2.131,-0.874
-2.148,-1.677
-2.158,-1.073
-2.193,0.063
-2.298,-0.431
-2.339,-1.183
-2.261,-0.979
-2.339,-1.097
-2.399,-0.716
-2.569,-2.042
-2.612,-0.657
-2.577,-2.458
-3.006,-2.433
-3.138,-2.235
3.062,-2.604
2.976,-2.242
2.541,-2.397
2.223,-2.485
0.784,-2.507
0.519,-2.58
0.085,-2.512
-0.175,-2.315
-0.267,-2.392
-0.582,-2.66
-1.249,-2.422
-1.425,-2.378
-1.678,-2.409
-1.779,-2.279
-2.196,-2.338
2.943,1.929
1.783,2.062
1.265,1.854
0.971,1.713
0.45,1.992
0.488,1.67
-1.146,1.801
-1.495,2.076
-1.882,1.632
2.859,1.237
0.584,1.049
0.252,1.045
-0.671,-2.189
-1.394,1.708
-2.231,-2.583
-2.333,-2.501
1.461,1.585
-2.518,0.527
-2.578,-1.071
-2.59,-1.123
-2.704,-0.482
-2.797,0.072
-2.931,-1.4
-2.955,-0.554
-3.062,-0.451
-3.125,-1.28
-2.986,1.577
3.118,1.452
-3.067,-1.408
-3.13,1.568
3.14,-0.793
2.849,-1.195
2.948,-1.046
2.942,-0.652
2.814,-0.523
2.761,0.259
2.552,-1.854
2.535,-1.225
2.522,-0.31
2.481,1.057
2.423,-1.599
2.36,0.204
2.316,0.571
2.262,1.39
2.285,0.033
2.362,1.199
2.168,-0.287
2.149,-0.503
2.031,-0.802
2.067,-0.88
2.028,-1.313
1.982,1.366
1.851,-0.518
1.923,1.652
1.632,-0.535
1.388,-1.423
1.309,-0.673
1.327,0.893
1.195,-1.093
1.195,-0.298
1.033,0.361
1.093,0.327
0.965,-0.974
1.085,0.334
1.057,0.88
0.814,-0.636
0.903,-1.148
0.587,1.646
0.7,0.814
0.634,0.092
0.483,-1.894
0.397,1.742
0.417,-2.114
0.517,-2.135
0.366,-1.146
0.489,-1.874
0.405,-0.467
0.388,1.338
0.285,1.727
0.127,0.323
0.114,1.12
0.09,1.36
0.032,1.725
0.028,1.299
-0.064,0.119
-0.07,0.516
-0.216,1.695
-0.081,-2.118
-0.137,-1.396
-0.271,1.215
-0.164,1.478
-0.301,1.786
-0.36,-0.636
-0.271,-1.488
-0.283,-0.862
-0.389,0.2
-0.519,-0.494
-0.386,-1.492
-0.547,1.443
-0.583,-1.869
-0.486,-1.4
-0.644,0.586
-0.557,1.209
-0.624,0.446
-0.684,0.171
-0.821,-0.696
-0.952,-0.699
-0.97,-2.008
-0.999,1.618
-1.028,0.345
-1.198,1.388
-1.247,-1.481
-1.292,-2.1
-1.327,-0.644
-1.232,-0.819
-1.299,1.067
-1.427,0.185
-1.55,-1.116
-1.453,-1.245
-1.665,-2.014
-2.029,-0.589
-2.077,-1.345
-2.11,-2.066
-2.155,0.131
-2.171,0.309
-2.156,0.397
-2.191,-0.462
-2.348,1.493
-2.221,0.14
-2.368,0.204
-2.394,1.385
-2.519,-0.301
-2.551,0.849
-2.709,-2.471
3.039,-2.632
3.14,-2.293
1.883,-2.5
1.59,-2.281
0.932,-2.66
0.716,-2.316
0.638,-2.514
0.544,-2.368
-0.655,-2.608
-1.208,-2.258
-2.425,-2.421
-2.874,1.82
2.841,1.854
2.709,1.909
2.379,1.907
2.074,1.682
0.99,1.832
-0.259,1.869
-1.095,1.961
0.708,0.647
0.557,1.144
0.306,-1.395
-0.729,-1.91
1.204,-1.167
0.081,-1.231
-0.819,0.51
-0.837,0.48
-1.899,-0.046
-3.053,1.191
2.178,-1.545
-0.729,0.949
-1.376,-0.246
-1.776,-0.924
-1.798,-0.231
-1.757,-1.115
-1.878,-1.412
-1.852,-0.266
2.144,-1.917
0.986,-2.223
-2.156,-2.151
-2.208,-2.12
0.215,1.55
0.019,0.243
-0.042,-1.169
-0.053,-2.295
-0.067,-1.134
-0.114,-0.865
-0.036,1.099
-0.097,-1.17
-0.17,-1.182
-0.197,-0.174
-0.132,-1.035
-0.153,1.539
-0.265,0.491
-0.26,0.374
-0.336,1.095
-0.308,0.383
-0.368,-0.669
-0.319,-0.393
-0.324,1.337
-0.44,1.601
-0.466,-0.316
-0.479,0.521
-0.519,-0.87
-0.521,-0.695
-0.63,-2.04
-0.64,-0.213
-0.575,-0.306
-0.722,0.316
-0.696,0.357
-0.85,-1.055
-0.808,0.147
-0.887,0.165
-0.872,-1.423
-1.033,-1.69
-1.129,1.344
-1.152,-1.082
-1.153,0.046
-1.259,-1.045
-1.322,-0.313
-1.282,-0.032
-1.305,0.168
-1.409,0.128
-1.395,-1.089
-1.432,-2.369
-1.451,-1.385
-1.47,0.154
-1.504,-2.351
-1.623,-0.996
-1.573,-0.163
-1.595,-1.008
-1.669,-1.52
-1.757,-1.915
-1.714,0.299
-1.759,0.24
-2.083,-0.559
-2.127,-1.097
-2.144,-1.9
-2.154,-1.296
-2.189,-0.16
-2.294,-0.654
-2.335,-1.406
-2.257,-1.202
-2.335,-1.32
-2.395,-0.939
-2.565,-2.265
-2.608,-0.88
-2.573,-2.681
-3.002,-2.656
-3.134,-2.458
3.066,-2.827
2.98,-2.465
2.545,-2.62
2.227,-2.708
0.788,-2.73
0.523,-2.803
0.089,-2.735
-0.171,-2.538
-0.263,-2.615
-0.578,-2.883
-1.245,-2.645
-1.421,-2.601
-1.674,-2.632
-1.775,-2.502
-2.192,-2.561
2.947,1.706
1.787,1.839
1.269,1.631
0.975,1.49
0.454,1.769
0.492,1.447
-1.142,1.578
-1.491,1.853
-1.878,1.409
2.863,1.014
0.588,0.826
0.256,0.822
-0.667,-2.412
-1.39,1.485
-2.227,-2.806
-2.329,-2.724
1.465,1.362
-2.514,0.304
-2.574,-1.294
-2.586,-1.346
-2.7,-0.705
-2.793,-0.151
-2.927,-1.623
-2.951,-0.777
-3.058,-0.674
-3.121,-1.503
-2.982,1.354
3.122,1.229
-3.063,-1.631
-3.126,1.345
-3.139,-1.016
2.853,-1.418
2.952,-1.269
2.946,-0.875
2.818,-0.746
2.765,0.036
2.556,-2.077
2.539,-1.448
2.526,-0.533
2.485,0.834
2.427,-1.822
2.364,-0.019
2.32,0.348
2.266,1.167
2.289,-0.19
2.366,0.976
2.172,-0.51
2.153,-0.726
2.035,-1.025
2.071,-1.103
2.032,-1.536
1.986,1.143
1.855,-0.741
1.927,1.429
1.636,-0.758
1.392,-1.646
1.313,-0.896
1.331,0.67
1.199,-1.316
1.199,-0.521
1.037,0.138
1.097,0.104
0.969,-1.197
1.089,0.111
1.061,0.657
0.818,-0.859
0.907,-1.371
0.591,1.423
0.704,0.591
0.638,-0.131
0.487,-2.117
0.401,1.519
0.421,-2.337
0.521,-2.358
0.37,-1.369
0.493,-2.097
0.409,-0.69
0.392,1.115
0.289,1.504
0.131,0.1
0.118,0.897
0.094,1.137
0.036,1.502
0.032,1.076
-0.06,-0.104
-0.066,0.293
-0.212,1.472
-0.077,-2.341
-0.133,-1.619
-0.267,0.992
-0.16,1.255
-0.297,1.563
-0.356,-0.859
-0.267,-1.711
-0.279,-1.085
-0.385,-0.023
-0.515,-0.717
-0.382,-1.715
-0.543,1.22
-0.579,-2.092
-0.482,-1.623
-0.64,0.363
-0.553,0.986
-0.62,0.223
-0.68,-0.052
-0.817,-0.919
-0.948,-0.922
-0.966,-2.231
-0.995,1.395
-1.024,0.122
-1.194,1.165
-1.243,-1.704
-1.288,-2.323
-1.323,-0.867
-1.228,-1.042
-1.295,0.844
-1.423,-0.038
-1.546,-1.339
-1.449,-1.468
-1.661,-2.237
-2.025,-0.812
-2.073,-1.568
-2.106,-2.289
-2.151,-0.092
-2.167,0.086
-2.152,0.174
-2.187,-0.685
-2.344,1.27
-2.217,-0.083
-2.364,-0.019
-2.39,1.162
-2.515,-0.524
-2.547,0.626
-2.705,-2.694
3.043,-2.855
-3.139,-2.516
1.887,-2.723
1.594,-2.504
0.936,-2.883
0.72,-2.539
0.642,-2.737
0.548,-2.591
-0.651,-2.831
-1.204,-2.481
-2.421,-2.644
-2.87,1.597
2.845,1.631
2.713,1.686
2.383,1.684
2.078,1.459
0.994,1.609
-0.255,1.646
-1.091,1.738
0.712,0.424
0.561,0.921
0.31,-1.618
-0.725,-2.133
1.208,-1.39
0.085,-1.454
-0.815,0.287
-0.833,0.257
-1.895,-0.269
-3.049,0.968
2.182,-1.768
-0.725,0.726
-1.372,-0.469
-1.772,-1.147
-1.794,-0.454
-1.753,-1.338
-1.874,-1.635
-1.848,-0.489
2.148,-2.14
0.99,-2.446
-2.152,-2.374
-2.204,-2.343
0.219,1.327
-0.061,-1.412
-0.072,-2.538
-0.086,-1.377
-0.133,-1.108
-0.055,0.856
-0.116,-1.413
-0.189,-1.425
-0.216,-0.417
-0.151,-1.278
-0.172,1.296
-0.284,0.248
-0.279,0.131
-0.355,0.852
-0.327,0.14
-0.387,-0.912
-0.338,-0.636
-0.343,1.094
-0.459,1.358
-0.485,-0.559
-0.498,0.278
-0.538,-1.113
-0.54,-0.938
-0.649,-2.283
-0.659,-0.456
-0.594,-0.549
-0.741,0.073
-0.715,0.114
-0.869,-1.298
-0.827,-0.096
-0.906,-0.078
-0.891,-1.666
-1.052,-1.933
-1.148,1.101
-1.171,-1.325
-1.172,-0.197
-1.278,-1.288
-1.341,-0.556
-1.301,-0.275
-1.324,-0.075
-1.428,-0.115
-1.414,-1.332
-1.451,-2.612
-1.47,-1.628
-1.489,-0.089
-1.523,-2.594
-1.642,-1.239
-1.592,-0.406
-1.614,-1.251
-1.688,-1.763
-1.776,-2.158
-1.733,0.056
-1.778,-0.003
-2.102,-0.802
-2.146,-1.34
-2.163,-2.143
-2.173,-1.539
-2.208,-0.403
-2.313,-0.897
-2.354,-1.649
-2.276,-1.445
-2.354,-1.563
-2.414,-1.182
-2.584,-2.508
-2.627,-1.123
-2.592,-2.924
-3.021,-2.899
3.13,-2.701
3.047,-3.07
2.961,-2.708
2.526,-2.863
2.208,-2.951
0.769,-2.973
0.504,-3.046
0.07,-2.978
-0.19,-2.781
-0.282,-2.858
-0.597,-3.126
-1.264,-2.888
-1.44,-2.844
-1.693,-2.875
-1.794,-2.745
-2.211,-2.804
2.928,1.463
1.768,1.596
1.25,1.388
0.956,1.247
0.435,1.526
0.473,1.204
-1.161,1.335
-1.51,1.61
-1.897,1.166
2.844,0.771
0.569,0.583
0.237,0.579
-0.686,-2.655
-1.409,1.242
-2.246,-3.049
-2.348,-2.967
1.446,1.119
-2.533,0.061
-2.593,-1.537
-2.605,-1.589
-2.719,-0.948
-2.812,-0.394
-2.946,-1.866
-2.97,-1.02
-3.077,-0.917
-3.14,-1.746
-3.001,1.111
3.103,0.986
-3.082,-1.874
3.138,1.102
3.125,-1.259
2.834,-1.661
2.933,-1.512
2.927,-1.118
2.799,-0.989
2.746,-0.207
2.537,-2.32
2.52,-1.691
2.507,-0.776
2.466,0.591
2.408,-2.065
2.345,-0.262
2.301,0.105
2.247,0.924
2.27,-0.433
2.347,0.733
2.153,-0.753
2.134,-0.969
2.016,-1.268
2.052,-1.346
2.013,-1.779
1.967,0.9
1.836,-0.984
1.908,1.186
1.617,-1.001
1.373,-1.889
1.294,-1.139
1.312,0.427
1.18,-1.559
1.18,-0.764
1.018,-0.105
1.078,-0.139
0.95,-1.44
1.07,-0.132
1.042,0.414
0.799,-1.102
0.888,-1.614
0.572,1.18
0.685,0.348
0.619,-0.374
0.468,-2.36
0.382,1.276
0.402,-2.58
0.502,-2.601
0.351,-1.612
0.474,-2.34
0.39,-0.933
0.373,0.872
0.27,1.261
0.112,-0.143
0.099,0.654
0.075,0.894
0.017,1.259
0.013,0.833
-0.079,-0.347
-0.085,0.05
-0.231,1.229
-0.096,-2.584
-0.152,-1.862
-0.286,0.749
-0.179,1.012
-0.316,1.32
-0.375,-1.102
-0.286,-1.954
-0.298,-1.328
-0.404,-0.266
-0.534,-0.96
-0.401,-1.958
-0.562,0.977
-0.598,-2.335
-0.501,-1.866
-0.659,0.12
-0.572,0.743
-0.639,-0.02
-0.699,-0.295
-0.836,-1.162
-0.967,-1.165
-0.985,-2.474
-1.014,1.152
-1.043,-0.121
-1.213,0.922
-1.262,-1.947
-1.307,-2.566
-1.342,-1.11
-1.247,-1.285
-1.314,0.601
-1.442,-0.281
-1.565,-1.582
-1.468,-1.711
-1.68,-2.48
-2.044,-1.055
-2.092,-1.811
-2.125,-2.532
-2.17,-0.335
-2.186,-0.157
-2.171,-0.069
-2.206,-0.928
-2.363,1.027
-2.236,-0.326
-2.383,-0.262
-2.409,0.919
-2.534,-0.767
-2.566,0.383
-2.724,-2.937
3.024,-3.098
3.125,-2.759
1.868,-2.966
1.575,-2.747
0.917,-3.126
0.701,-2.782
0.623,-2.98
0.529,-2.834
-0.67,-3.074
-1.223,-2.724
-2.44,-2.887
-2.889,1.354
2.826,1.388
2.694,1.443
2.364,1.441
2.059,1.216
0.975,1.366
-0.274,1.403
-1.11,1.495
0.693,0.181
0.542,0.678
0.291,-1.861
-0.744,-2.376
1.189,-1.633
0.066,-1.697
-0.834,0.044
-0.852,0.014
-1.914,-0.512
-3.068,0.725
2.163,-2.011
-0.744,0.483
-1.391,-0.712
-1.791,-1.39
-1.813,-0.697
-1.772,-1.581
-1.893,-1.878
-1.867,-0.732
2.129,-2.383
0.971,-2.689
-2.171,-2.617
-2.223,-2.586
0.2,1.084
-0.011,-1.126
-0.025,0.035
-0.072,0.304
0.006,2.268
-0.055,-0.001
-0.128,-0.013
-0.155,0.995
-0.09,0.134
-0.111,2.708
-0.223,1.66
-0.218,1.543
-0.294,2.264
-0.266,1.552
-0.326,0.5
-0.277,0.776
-0.282,2.506
-0.398,2.77
-0.424,0.853
-0.437,1.69
-0.477,0.299
-0.479,0.474
-0.588,-0.871
-0.598,0.956
-0.533,0.863
-0.68,1.485
-0.654,1.526
-0.808,0.114
-0.766,1.316
-0.845,1.334
-0.83,-0.254
-0.991,-0.521
-1.087,2.513
-1.11,0.087
-1.111,1.215
-1.217,0.124
-1.28,0.856
-1.24,1.137
-1.263,1.337
-1.367,1.297
-1.353,0.08
-1.39,-1.2
-1.409,-0.216
-1.428,1.323
-1.462,-1.182
-1.581,0.173
-1.531,1.006
-1.553,0.161
-1.627,-0.351
-1.715,-0.746
-1.672,1.468
-1.717,1.409
-2.041,0.61
-2.085,0.072
-2.102,-0.731
-2.112,-0.127
-2.147,1.009
-2.252,0.515
-2.293,-0.237
-2.215,-0.033
-2.293,-0.151
-2.353,0.23
-2.523,-1.096
-2.566,0.289
-2.531,-1.512
-2.96,-1.487
-3.092,-1.289
3.108,-1.658
3.022,-1.296
2.587,-1.451
2.269,-1.539
0.83,-1.561
0.565,-1.634
0.131,-1.566
-0.129,-1.369
-0.221,-1.446
-0.536,-1.714
-1.203,-1.476
-1.379,-1.432
-1.632,-1.463
-1.733,-1.333
-2.15,-1.392
2.989,2.875
1.829,3.008
1.311,2.8
1.017,2.659
0.496,2.938
0.534,2.616
-1.1,2.747
-1.449,3.022
-1.836,2.578
2.905,2.183
0.63,1.995
0.298,1.991
-0.625,-1.243
-1.348,2.654
-2.185,-1.637
-2.287,-1.555
1.507,2.531
-2.472,1.473
-2.532,-0.125
-2.544,-0.177
-2.658,0.464
-2.751,1.018
-2.885,-0.454
-2.909,0.392
-3.016,0.495
-3.079,-0.334
-2.94,2.523
-3.119,2.398
-3.021,-0.462
-3.084,2.514
-3.097,0.153
2.895,-0.249
2.994,-0.1
2.988,0.294
2.86,0.423
2.807,1.205
2.598,-0.908
2.581,-0.279
2.568,0.636
2.527,2.003
2.469,-0.653
2.406,1.15
2.362,1.517
2.308,2.336
2.331,0.979
2.408,2.145
2.214,0.659
2.195,0.443
2.077,0.144
2.113,0.066
2.074,-0.367
2.028,2.312
1.897,0.428
1.969,2.598
1.678,0.411
1.434,-0.477
1.355,0.273
1.373,1.839
1.241,-0.147
1.241,0.648
1.079,1.307
1.139,1.273
1.011,-0.028
1.131,1.28
1.103,1.826
0.86,0.31
0.949,-0.202
0.633,2.592
0.746,1.76
0.68,1.038
0.529,-0.948
0.443,2.688
0.463,-1.168
0.563,-1.189
0.412,-0.2
0.535,-0.928
0.451,0.479
0.434,2.284
0.331,2.673
0.173,1.269
0.16,2.066
0.136,2.306
0.078,2.671
0.074,2.245
-0.018,1.065
-0.024,1.462
-0.17,2.641
-0.035,-1.172
-0.091,-0.45
-0.225,2.161
-0.118,2.424
-0.255,2.732
-0.314,0.31
-0.225,-0.542
-0.237,0.084
-0.343,1.146
-0.473,0.452
-0.34,-0.546
-0.501,2.389
-0.537,-0.923
-0.44,-0.454
-0.598,1.532
-0.511,2.155
-0.578,1.392
-0.638,1.117
-0.775,0.25
-0.906,0.247
-0.924,-1.062
-0.953,2.564
-0.982,1.291
-1.152,2.334
-1.201,-0.535
-1.246,-1.154
-1.281,0.302
-1.186,0.127
-1.253,2.013
-1.381,1.131
-1.504,-0.17
-1.407,-0.299
-1.619,-1.068
-1.983,0.357
-2.031,-0.399
-2.064,-1.12
-2.109,1.077
-2.125,1.255
-2.11,1.343
-2.145,0.484
-2.302,2.439
-2.175,1.086
-2.322,1.15
-2.348,2.331
-2.473,0.645
-2.505,1.795
-2.663,-1.525
3.085,-1.686
-3.097,-1.347
1.929,-1.554
1.636,-1.335
0.978,-1.714
0.762,-1.37
0.684,-1.568
0.59,-1.422
-0.609,-1.662
-1.162,-1.312
-2.379,-1.475
-2.828,2.766
2.887,2.8
2.755,2.855
2.425,2.853
2.12,2.628
1.036,2.778
-0.213,2.815
-1.049,2.907
0.754,1.593
0.603,2.09
0.352,-0.449
-0.683,-0.964
1.25,-0.221
0.127,-0.285
-0.773,1.456
-0.791,1.426
-1.853,0.9
-3.007,2.137
2.224,-0.599
-0.683,1.895
-1.33,0.7
-1.73,0.022
-1.752,0.715
-1.711,-0.169
-1.832,-0.466
-1.806,0.68
2.19,-0.971
1.032,-1.277
-2.11,-1.205
-2.162,-1.174
0.261,2.496
-0.014,1.161
-0.061,1.43
0.017,3.394
-0.044,1.125
-0.117,1.113
-0.144,2.121
-0.079,1.26
-0.1,3.834
-0.212,2.786
-0.207,2.669
-0.283,3.39
-0.255,2.678
-0.315,1.626
-0.266,1.902
-0.271,3.632
-0.387,3.896
-0.413,1.979
-0.426,2.816
-0.466,1.425
-0.468,1.6
-0.577,0.255
-0.587,2.082
-0.522,1.989
-0.669,2.611
-0.643,2.652
-0.797,1.24
-0.755,2.442
-0.834,2.46
-0.819,0.872
-0.98,0.605
-1.076,3.639
-1.099,1.213
-1.1,2.341
-1.206,1.25
-1.269,1.982
-1.229,2.263
-1.252,2.463
-1.356,2.423
-1.342,1.206
-1.379,-0.074
-1.398,0.91
-1.417,2.449
-1.451,-0.056
-1.57,1.299
-1.52,2.132
-1.542,1.287
-1.616,0.775
-1.704,0.38
-1.661,2.594
-1.706,2.535
-2.03,1.736
-2.074,1.198
-2.091,0.395
-2.101,0.999
-2.136,2.135
-2.241,1.641
-2.282,0.889
-2.204,1.093
-2.282,0.975
-2.342,1.356
-2.512,0.03
-2.555,1.415
-2.52,-0.386
-2.949,-0.361
-3.081,-0.163
3.119,-0.532
3.033,-0.17
2.598,-0.325
2.28,-0.413
0.841,-0.435
0.576,-0.508
0.142,-0.44
-0.118,-0.243
-0.21,-0.32
-0.525,-0.588
-1.192,-0.35
-1.368,-0.306
-1.621,-0.337
-1.722,-0.207
-2.139,-0.266
3.0,4.001
1.84,4.134
1.322,3.926
1.028,3.785
0.507,4.064
0.545,3.742
-1.089,3.873
-1.438,4.148
-1.825,3.704
2.916,3.309
0.641,3.121
0.309,3.117
-0.614,-0.117
-1.337,3.78
-2.174,-0.511
-2.276,-0.429
1.518,3.657
-2.461,2.599
-2.521,1.001
-2.533,0.949
-2.647,1.59
-2.74,2.144
-2.874,0.672
-2.898,1.518
-3.005,1.621
-3.068,0.792
-2.929,3.649
-3.108,3.524
-3.01,0.664
-3.073,3.64
-3.086,1.279
2.906,0.877
3.005,1.026
2.999,1.42
2.871,1.549
2.818,2.331
2.609,0.218
2.592,0.847
2.579,1.762
2.538,3.129
2.48,0.473
2.417,2.276
2.373,2.643
2.319,3.462
2.342,2.105
2.419,3.271
2.225,1.785
2.206,1.569
2.088,1.27
2.124,1.192
2.085,0.759
2.039,3.438
1.908,1.554
1.98,3.724
1.689,1.537
1.445,0.649
1.366,1.399
1.384,2.965
1.252,0.979
1.252,1.774
1.09,2.433
1.15,2.399
1.022,1.098
1.142,2.406
1.114,2.952
0.871,1.436
0.96,0.924
0.644,3.718
0.757,2.886
0.691,2.164
0.54,0.178
0.454,3.814
0.474,-0.042
0.574,-0.063
0.423,0.926
0.546,0.198
0.462,1.605
0.445,3.41
0.342,3.799
0.184,2.395
0.171,3.192
0.147,3.432
0.089,3.797
0.085,3.371
-0.007,2.191
-0.013,2.588
-0.159,3.767
-0.024,-0.046
-0.08,0.676
-0.214,3.287
-0.107,3.55
-0.244,3.858
-0.303,1.436
-0.214,0.584
-0.226,1.21
-0.332,2.272
-0.462,1.578
-0.329,0.58
-0.49,3.515
-0.526,0.203
-0.429,0.672
-0.587,2.658
-0.5,3.281
-0.567,2.518
-0.627,2.243
-0.764,1.376
-0.895,1.373
-0.913,0.064
-0.942,3.69
-0.971,2.417
-1.141,3.46
-1.19,0.591
-1.235,-0.028
-1.27,1.428
-1.175,1.253
-1.242,3.139
-1.37,2.257
-1.493,0.956
-1.396,0.827
-1.608,0.058
-1.972,1.483
-2.02,0.727
-2.053,0.006
-2.098,2.203
-2.114,2.381
-2.099,2.469
-2.134,1.61
-2.291,3.565
-2.164,2.212
-2.311,2.276
-2.337,3.457
-2.462,1.771
-2.494,2.921
-2.652,-0.399
3.096,-0.56
-3.086,-0.221
1.94,-0.428
1.647,-0.209
0.989,-0.588
0.773,-0.244
0.695,-0.442
0.601,-0.296
-0.598,-0.536
-1.151,-0.186
-2.368,-0.349
-2.817,3.892
2.898,3.926
2.766,3.981
2.436,3.979
2.131,3.754
1.047,3.904
-0.202,3.941
-1.038,4.033
0.765,2.719
0.614,3.216
0.363,0.677
-0.672,0.162
1.261,0.905
0.138,0.841
-0.762,2.582
-0.78,2.552
-1.842,2.026
-2.996,3.263
2.235,0.527
-0.672,3.021
-1.319,1.826
-1.719,1.148
-1.741,1.841
-1.7,0.957
-1.821,0.66
-1.795,1.806
2.201,0.155
1.043,-0.151
-2.099,-0.079
-2.151,-0.048
0.272,3.622
-0.047,0.269
0.031,2.233
-0.03,-0.036
-0.103,-0.048
-0.13,0.96
-0.065,0.099
-0.086,2.673
-0.198,1.625
-0.193,1.508
-0.269,2.229
-0.241,1.517
-0.301,0.465
-0.252,0.741
-0.257,2.471
-0.373,2.735
-0.399,0.818
-0.412,1.655
-0.452,0.264
-0.454,0.439
-0.563,-0.906
-0.573,0.921
-0.508,0.828
-0.655,1.45
-0.629,1.491
-0.783,0.079
-0.741,1.281
-0.82,1.299
-0.805,-0.289
-0.966,-0.556
-1.062,2.478
-1.085,0.052
-1.086,1.18
-1.192,0.089
-1.255,0.821
-1.215,1.102
-1.238,1.302
-1.342,1.262
-1.328,0.045
-1.365,-1.235
-1.384,-0.251
-1.403,1.288
-1.437,-1.217
-1.556,0.138
-1.506,0.971
-1.528,0.126
-1.602,-0.386
-1.69,-0.781
-1.647,1.433
-1.692,1.374
-2.016,0.575
-2.06,0.037
-2.077,-0.766
-2.087,-0.162
-2.122,0.974
-2.227,0.48
-2.268,-0.272
-2.19,-0.068
-2.268,-0.186
-2.328,0.195
-2.498,-1.131
-2.541,0.254
-2.506,-1.547
-2.935,-1.522
-3.067,-1.324
3.133,-1.693
3.047,-1.331
2.612,-1.486
2.294,-1.574
0.855,-1.596
0.59,-1.669
0.156,-1.601
-0.104,-1.404
-0.196,-1.481
-0.511,-1.749
-1.178,-1.511
-1.354,-1.467
-1.607,-1.498
-1.708,-1.368
-2.125,-1.427
3.014,2.84
1.854,2.973
1.336,2.765
1.042,2.624
0.521,2.903
0.559,2.581
-1.075,2.712
-1.424,2.987
-1.811,2.543
2.93,2.148
0.655,1.96
0.323,1.956
-0.6,-1.278
-1.323,2.619
-2.16,-1.672
-2.262,-1.59
1.532,2.496
-2.447,1.438
-2.507,-0.16
-2.519,-0.212
-2.633,0.429
-2.726,0.983
-2.86,-0.489
-2.884,0.357
-2.991,0.46
-3.054,-0.369
-2.915,2.488
-3.094,2.363
-2.996,-0.497
-3.059,2.479
-3.072,0.118
2.92,-0.284
3.019,-0.135
3.013,0.259
2.885,0.388
2.832,1.17
2.623,-0.943
2.606,-0.314
2.593,0.601
2.552,1.968
2.494,-0.688
2.431,1.115
2.387,1.482
2.333,2.301
2.356,0.944
2.433,2.11
2.239,0.624
2.22,0.408
2.102,0.109
2.138,0.031
2.099,-0.402
2.053,2.277
1.922,0.393
1.994,2.563
1.703,0.376
1.459,-0.512
1.38,0.238
1.398,1.804
1.266,-0.182
1.266,0.613
1.104,1.272
1.164,1.238
1.036,-0.063
1.156,1.245
1.128,1.791
0.885,0.275
0.974,-0.237
0.658,2.557
0.771,1.725
0.705,1.003
0.554,-0.983
0.468,2.653
0.488,-1.203
0.588,-1.224
0.437,-0.235
0.56,-0.963
0.476,0.444
0.459,2.249
0.356,2.638
0.198,1.234
0.185,2.031
0.161,2.271
0.103,2.636
0.099,2.21
0.007,1.03
0.001,1.427
-0.145,2.606
-0.01,-1.207
-0.066,-0.485
-0.2,2.126
-0.093,2.389
-0.23,2.697
-0.289,0.275
-0.2,-0.577
-0.212,0.049
-0.318,1.111
-0.448,0.417
-0.315,-0.581
-0.476,2.354
-0.512,-0.958
-0.415,-0.489
-0.573,1.497
-0.486,2.12
-0.553,1.357
-0.613,1.082
-0.75,0.215
-0.881,0.212
-0.899,-1.097
-0.928,2.529
-0.957,1.256
-1.127,2.299
-1.176,-0.57
-1.221,-1.189
-1.256,0.267
-1.161,0.092
-1.228,1.978
-1.356,1.096
-1.479,-0.205
-1.382,-0.334
-1.594,-1.103
-1.958,0.322
-2.006,-0.434
-2.039,-1.155
-2.084,1.042
-2.1,1.22
-2.085,1.308
-2.12,0.449
-2.277,2.404
-2.15,1.051
-2.297,1.115
-2.323,2.296
-2.448,0.61
-2.48,1.76
-2.638,-1.56
3.11,-1.721
-3.072,-1.382
1.954,-1.589
1.661,-1.37
1.003,-1.749
0.787,-1.405
0.709,-1.603
0.615,-1.457
-0.584,-1.697
-1.137,-1.347
-2.354,-1.51
-2.803,2.731
2.912,2.765
2.78,2.82
2.45,2.818
2.145,2.593
1.061,2.743
-0.188,2.78
-1.024,2.872
0.779,1.558
0.628,2.055
0.377,-0.484
-0.658,-0.999
1.275,-0.256
0.152,-0.32
-0.748,1.421
-0.766,1.391
-1.828,0.865
-2.982,2.102
2.249,-0.634
-0.658,1.86
-1.305,0.665
-1.705,-0.013
-1.727,0.68
-1.686,-0.204
-1.807,-0.501
-1.781,0.645
2.215,-1.006
1.057,-1.312
-2.085,-1.24
-2.137,-1.209
0.286,2.461
0.078,1.964
0.017,-0.305
-0.056,-0.317
-0.083,0.691
-0.018,-0.17
-0.039,2.404
-0.151,1.356
-0.146,1.239
-0.222,1.96
-0.194,1.248
-0.254,0.196
-0.205,0.472
-0.21,2.202
-0.326,2.466
-0.352,0.549
-0.365,1.386
-0.405,-0.005
-0.407,0.17
-0.516,-1.175
-0.526,0.652
-0.461,0.559
-0.608,1.181
-0.582,1.222
-0.736,-0.19
-0.694,1.012
-0.773,1.03
-0.758,-0.558
-0.919,-0.825
-1.015,2.209
-1.038,-0.217
-1.039,0.911
-1.145,-0.18
-1.208,0.552
-1.168,0.833
-1.191,1.033
-1.295,0.993
-1.281,-0.224
-1.318,-1.504
-1.337,-0.52
-1.356,1.019
-1.39,-1.486
-1.509,-0.131
-1.459,0.702
-1.481,-0.143
-1.555,-0.655
-1.643,-1.05
-1.6,1.164
-1.645,1.105
-1.969,0.306
-2.013,-0.232
-2.03,-1.035
-2.04,-0.431
-2.075,0.705
-2.18,0.211
-2.221,-0.541
-2.143,-0.337
-2.221,-0.455
-2.281,-0.074
-2.451,-1.4
-2.494,-0.015
-2.459,-1.816
-2.888,-1.791
-3.02,-1.593
-3.103,-1.962
3.094,-1.6
2.659,-1.755
2.341,-1.843
0.902,-1.865
0.637,-1.938
0.203,-1.87
-0.057,-1.673
-0.149,-1.75
-0.464,-2.018
-1.131,-1.78
-1.307,-1.736
-1.56,-1.767
-1.661,-1.637
-2.078,-1.696
3.061,2.571
1.901,2.704
1.383,2.496
1.089,2.355
0.568,2.634
0.606,2.312
-1.028,2.443
-1.377,2.718
-1.764,2.274
2.977,1.879
0.702,1.691
0.37,1.687
-0.553,-1.547
-1.276,2.35
-2.113,-1.941
-2.215,-1.859
1.579,2.227
-2.4,1.169
-2.46,-0.429
-2.472,-0.481
-2.586,0.16
-2.679,0.714
-2.813,-0.758
-2.837,0.088
-2.944,0.191
-3.007,-0.638
-2.868,2.219
-3.047,2.094
-2.949,-0.766
-3.012,2.21
-3.025,-0.151
2.967,-0.553
3.066,-0.404
3.06,-0.01
2.932,0.119
2.879,0.901
2.67,-1.212
2.653,-0.583
2.64,0.332
2.599,1.699
2.541,-0.957
2.478,0.846
2.434,1.213
2.38,2.032
2.403,0.675
2.48,1.841
2.286,0.355
2.267,0.139
2.149,-0.16
2.185,-0.238
2.146,-0.671
2.1,2.008
1.969,0.124
2.041,2.294
1.75,0.107
1.506,-0.781
1.427,-0.031
1.445,1.535
1.313,-0.451
1.313,0.344
1.151,1.003
1.211,0.969
1.083,-0.332
1.203,0.976
1.175,1.522
0.932,0.006
1.021,-0.506
0.705,2.288
0.818,1.456
0.752,0.734
0.601,-1.252
0.515,2.384
0.535,-1.472
0.635,-1.493
0.484,-0.504
0.607,-1.232
0.523,0.175
0.506,1.98
0.403,2.369
0.245,0.965
0.232,1.762
0.208,2.002
0.15,2.367
0.146,1.941
0.054,0.761
0.048,1.158
-0.098,2.337
0.037,-1.476
-0.019,-0.754
-0.153,1.857
-0.046,2.12
-0.183,2.428
-0.242,0.006
-0.153,-0.846
-0.165,-0.22
-0.271,0.842
-0.401,0.148
-0.268,-0.85
-0.429,2.085
-0.465,-1.227
-0.368,-0.758
-0.526,1.228
-0.439,1.851
-0.506,1.088
-0.566,0.813
-0.703,-0.054
-0.834,-0.057
-0.852,-1.366
-0.881,2.26
-0.91,0.987
-1.08,2.03
-1.129,-0.839
-1.174,-1.458
-1.209,-0.002
-1.114,-0.177
-1.181,1.709
-1.309,0.827
-1.432,-0.474
-1.335,-0.603
-1.547,-1.372
-1.911,0.053
-1.959,-0.703
-1.992,-1.424
-2.037,0.773
-2.053,0.951
-2.038,1.039
-2.073,0.18
-2.23,2.135
-2.103,0.782
-2.25,0.846
-2.276,2.027
-2.401,0.341
-2.433,1.491
-2.591,-1.829
-3.126,-1.99
-3.025,-1.651
2.001,-1.858
1.708,-1.639
1.05,-2.018
0.834,-1.674
0.756,-1.872
0.662,-1.726
-0.537,-1.966
-1.09,-1.616
-2.307,-1.779
-2.756,2.462
2.959,2.496
2.827,2.551
2.497,2.549
2.192,2.324
1.108,2.474
-0.141,2.511
-0.977,2.603
0.826,1.289
0.675,1.786
0.424,-0.753
-0.611,-1.268
1.322,-0.525
0.199,-0.589
-0.701,1.152
-0.719,1.122
-1.781,0.596
-2.935,1.833
2.296,-0.903
-0.611,1.591
-1.258,0.396
-1.658,-0.282
-1.68,0.411
-1.639,-0.473
-1.76,-0.77
-1.734,0.376
2.262,-1.275
1.104,-1.581
-2.038,-1.509
-2.09,-1.478
0.333,2.192
-0.061,-2.269
-0.134,-2.281
-0.161,-1.273
-0.096,-2.134
-0.117,0.44
-0.229,-0.608
-0.224,-0.725
-0.3,-0.004
-0.272,-0.716
-0.332,-1.768
-0.283,-1.492
-0.288,0.238
-0.404,0.502
-0.43,-1.415
-0.443,-0.578
-0.483,-1.969
-0.485,-1.794
-0.594,-3.139
-0.604,-1.312
-0.539,-1.405
-0.686,-0.783
-0.66,-0.742
-0.814,-2.154
-0.772,-0.952
-0.851,-0.934
-0.836,-2.522
-0.997,-2.789
-1.093,0.245
-1.116,-2.181
-1.117,-1.053
-1.223,-2.144
-1.286,-1.412
-1.246,-1.131
-1.269,-0.931
-1.373,-0.971
-1.359,-2.188
-1.396,-3.468
-1.415,-2.484
-1.434,-0.945
-1.468,-3.45
-1.587,-2.095
-1.537,-1.262
-1.559,-2.107
-1.633,-2.619
-1.721,-3.014
-1.678,-0.8
-1.723,-0.859
-2.047,-1.658
-2.091,-2.196
-2.108,-2.999
-2.118,-2.395
-2.153,-1.259
-2.258,-1.753
-2.299,-2.505
-2.221,-2.301
-2.299,-2.419
-2.359,-2.038
-2.529,-3.364
-2.572,-1.979
-2.537,-3.78
-2.966,-3.755
-3.098,-3.557
3.102,-3.926
3.016,-3.564
2.581,-3.719
2.263,-3.807
0.824,-3.829
0.559,-3.902
0.125,-3.834
-0.135,-3.637
-0.227,-3.714
-0.542,-3.982
-1.209,-3.744
-1.385,-3.7
-1.638,-3.731
-1.739,-3.601
-2.156,-3.66
2.983,0.607
1.823,0.74
1.305,0.532
1.011,0.391
0.49,0.67
0.528,0.348
-1.106,0.479
-1.455,0.754
-1.842,0.31
2.899,-0.085
0.624,-0.273
0.292,-0.277
-0.631,-3.511
-1.354,0.386
-2.191,-3.905
-2.293,-3.823
1.501,0.263
-2.478,-0.795
-2.538,-2.393
-2.55,-2.445
-2.664,-1.804
-2.757,-1.25
-2.891,-2.722
-2.915,-1.876
-3.022,-1.773
-3.085,-2.602
-2.946,0.255
-3.125,0.13
-3.027,-2.73
-3.09,0.246
-3.103,-2.115
2.889,-2.517
2.988,-2.368
2.982,-1.974
2.854,-1.845
2.801,-1.063
2.592,-3.176
2.575,-2.547
2.562,-1.632
2.521,-0.265
2.463,-2.921
2.4,-1.118
2.356,-0.751
2.302,0.068
2.325,-1.289
2.402,-0.123
2.208,-1.609
2.189,-1.825
2.071,-2.124
2.107,-2.202
2.068,-2.635
2.022,0.044
1.891,-1.84
1.963,0.33
1.672,-1.857
1.428,-2.745
1.349,-1.995
1.367,-0.429
1.235,-2.415
1.235,-1.62
1.073,-0.961
1.133,-0.995
1.005,-2.296
1.125,-0.988
1.097,-0.442
0.854,-1.958
0.943,-2.47
0.627,0.324
0.74,-0.508
0.674,-1.23
0.523,-3.216
0.437,0.42
0.457,-3.436
0.557,-3.457
0.406,-2.468
0.529,-3.196
0.445,-1.789
0.428,0.016
0.325,0.405
0.167,-0.999
0.154,-0.202
0.13,0.038
0.072,0.403
0.068,-0.023
-0.024,-1.203
-0.03,-0.806
-0.176,0.373
-0.041,-3.44
-0.097,-2.718
-0.231,-0.107
-0.124,0.156
-0.261,0.464
-0.32,-1.958
-0.231,-2.81
-0.243,-2.184
-0.349,-1.122
-0.479,-1.816
-0.346,-2.814
-0.507,0.121
-0.543,-3.191
-0.446,-2.722
-0.604,-0.736
-0.517,-0.113
-0.584,-0.876
-0.644,-1.151
-0.781,-2.018
-0.912,-2.021
-0.93,-3.33
-0.959,0.296
-0.988,-0.977
-1.158,0.066
-1.207,-2.803
-1.252,-3.422
-1.287,-1.966
-1.192,-2.141
-1.259,-0.255
-1.387,-1.137
-1.51,-2.438
-1.413,-2.567
-1.625,-3.336
-1.989,-1.911
-2.037,-2.667
-2.07,-3.388
-2.115,-1.191
-2.131,-1.013
-2.116,-0.925
-2.151,-1.784
-2.308,0.171
-2.181,-1.182
-2.328,-1.118
-2.354,0.063
-2.479,-1.623
-2.511,-0.473
-2.669,-3.793
3.079,-3.954
-3.103,-3.615
1.923,-3.822
1.63,-3.603
0.972,-3.982
0.756,-3.638
0.678,-3.836
0.584,-3.69
-0.615,-3.93
-1.168,-3.58
-2.385,-3.743
-2.834,0.498
2.881,0.532
2.749,0.587
2.419,0.585
2.114,0.36
1.03,0.51
-0.219,0.547
-1.055,0.639
0.748,-0.675
0.597,-0.178
0.346,-2.717
-0.689,-3.232
1.244,-2.489
0.121,-2.553
-0.779,-0.812
-0.797,-0.842
-1.859,-1.368
-3.013,-0.131
2.218,-2.867
-0.689,-0.373
-1.336,-1.568
-1.736,-2.246
-1.758,-1.553
-1.717,-2.437
-1.838,-2.734
-1.812,-1.588
2.184,-3.239
1.026,-3.545
-2.116,-3.473
-2.168,-3.442
0.255,0.228
-0.073,-0.012
-0.1,0.996
-0.035,0.135
-0.056,2.709
-0.168,1.661
-0.163,1.544
-0.239,2.265
-0.211,1.553
-0.271,0.501
-0.222,0.777
-0.227,2.507
-0.343,2.771
-0.369,0.854
-0.382,1.691
-0.422,0.3
-0.424,0.475
-0.533,-0.87
-0.543,0.957
-0.478,0.864
-0.625,1.486
-0.599,1.527
-0.753,0.115
-0.711,1.317
-0.79,1.335
-0.775,-0.253
-0.936,-0.52
-1.032,2.514
-1.055,0.088
-1.056,1.216
-1.162,0.125
-1.225,0.857
-1.185,1.138
-1.208,1.338
-1.312,1.298
-1.298,0.081
-1.335,-1.199
-1.354,-0.215
-1.373,1.324
-1.407,-1.181
-1.526,0.174
-1.476,1.007
-1.498,0.162
-1.572,-0.35
-1.66,-0.745
-1.617,1.469
-1.662,1.41
-1.986,0.611
-2.03,0.073
-2.047,-0.73
-2.057,-0.126
-2.092,1.01
-2.197,0.516
-2.238,-0.236
-2.16,-0.032
-2.238,-0.15
-2.298,0.231
-2.468,-1.095
-2.511,0.29
-2.476,-1.511
-2.905,-1.486
-3.037,-1.288
-3.12,-1.657
3.077,-1.295
2.642,-1.45
2.324,-1.538
0.885,-1.56
0.62,-1.633
0.186,-1.565
-0.074,-1.368
-0.166,-1.445
-0.481,-1.713
-1.148,-1.475
-1.324,-1.431
-1.577,-1.462
-1.678,-1.332
-2.095,-1.391
3.044,2.876
1.884,3.009
1.366,2.801
1.072,2.66
0.551,2.939
0.589,2.617
-1.045,2.748
-1.394,3.023
-1.781,2.579
2.96,2.184
0.685,1.996
0.353,1.992
-0.57,-1.242
-1.293,2.655
-2.13,-1.636
-2.232,-1.554
1.562,2.532
-2.417,1.474
-2.477,-0.124
-2.489,-0.176
-2.603,0.465
-2.696,1.019
-2.83,-0.453
-2.854,0.393
-2.961,0.496
-3.024,-0.333
-2.885,2.524
-3.064,2.399
-2.966,-0.461
-3.029,2.515
-3.042,0.154
2.95,-0.248
3.049,-0.099
3.043,0.295
2.915,0.424
2.862,1.206
2.653,-0.907
2.636,-0.278
2.623,0.637
2.582,2.004
2.524,-0.652
2.461,1.151
2.417,1.518
2.363,2.337
2.386,0.98
2.463,2.146
2.269,0.66
2.25,0.444
2.132,0.145
2.168,0.067
2.129,-0.366
2.083,2.313
1.952,0.429
2.024,2.599
1.733,0.412
1.489,-0.476
1.41,0.274
1.428,1.84
1.296,-0.146
1.296,0.649
1.134,1.308
1.194,1.274
1.066,-0.027
1.186,1.281
1.158,1.827
0.915,0.311
1.004,-0.201
0.688,2.593
0.801,1.761
0.735,1.039
0.584,-0.947
0.498,2.689
0.518,-1.167
0.618,-1.188
0.467,-0.199
0.59,-0.927
0.506,0.48
0.489,2.285
0.386,2.674
0.228,1.27
0.215,2.067
0.191,2.307
0.133,2.672
0.129,2.246
0.037,1.066
0.031,1.463
-0.115,2.642
0.02,-1.171
-0.036,-0.449
-0.17,2.162
-0.063,2.425
-0.2,2.733
-0.259,0.311
-0.17,-0.541
-0.182,0.085
-0.288,1.147
-0.418,0.453
-0.285,-0.545
-0.446,2.39
-0.482,-0.922
-0.385,-0.453
-0.543,1.533
-0.456,2.156
-0.523,1.393
-0.583,1.118
-0.72,0.251
-0.851,0.248
-0.869,-1.061
-0.898,2.565
-0.927,1.292
-1.097,2.335
-1.146,-0.534
-1.191,-1.153
-1.226,0.303
-1.131,0.128
-1.198,2.014
-1.326,1.132
-1.449,-0.169
-1.352,-0.298
-1.564,-1.067
-1.928,0.358
-1.976,-0.398
-2.009,-1.119
-2.054,1.078
-2.07,1.256
-2.055,1.344
-2.09,0.485
-2.247,2.44
-2.12,1.087
-2.267,1.151
-2.293,2.332
-2.418,0.646
-2.45,1.796
-2.608,-1.524
3.14,-1.685
-3.042,-1.346
1.984,-1.553
1.691,-1.334
1.033,-1.713
0.817,-1.369
0.739,-1.567
0.645,-1.421
-0.554,-1.661
-1.107,-1.311
-2.324,-1.474
-2.773,2.767
2.942,2.801
2.81,2.856
2.48,2.854
2.175,2.629
1.091,2.779
-0.158,2.816
-0.994,2.908
0.809,1.594
0.658,2.091
0.407,-0.448
-0.628,-0.963
1.305,-0.22
0.182,-0.284
-0.718,1.457
-0.736,1.427
-1.798,0.901
-2.952,2.138
2.279,-0.598
-0.628,1.896
-1.275,0.701
-1.675,0.023
-1.697,0.716
-1.656,-0.168
-1.777,-0.465
-1.751,0.681
2.245,-0.97
1.087,-1.276
-2.055,-1.204
-2.107,-1.173
0.316,2.497
-0.027,1.008
0.038,0.147
0.017,2.721
-0.095,1.673
-0.09,1.556
-0.166,2.277
-0.138,1.565
-0.198,0.513
-0.149,0.789
-0.154,2.519
-0.27,2.783
-0.296,0.866
-0.309,1.703
-0.349,0.312
-0.351,0.487
-0.46,-0.858
-0.47,0.969
-0.405,0.876
-0.552,1.498
-0.526,1.539
-0.68,0.127
-0.638,1.329
-0.717,1.347
-0.702,-0.241
-0.863,-0.508
-0.959,2.526
-0.982,0.1
-0.983,1.228
-1.089,0.137
-1.152,0.869
-1.112,1.15
-1.135,1.35
-1.239,1.31
-1.225,0.093
-1.262,-1.187
-1.281,-0.203
-1.3,1.336
-1.334,-1.169
-1.453,0.186
-1.403,1.019
-1.425,0.174
-1.499,-0.338
-1.587,-0.733
-1.544,1.481
-1.589,1.422
-1.913,0.623
-1.957,0.085
-1.974,-0.718
-1.984,-0.114
-2.019,1.022
-2.124,0.528
-2.165,-0.224
-2.087,-0.02
-2.165,-0.138
-2.225,0.243
-2.395,-1.083
-2.438,0.302
-2.403,-1.499
-2.832,-1.474
-2.964,-1.276
-3.047,-1.645
-3.133,-1.283
2.715,-1.438
2.397,-1.526
0.958,-1.548
0.693,-1.621
0.259,-1.553
-0.001,-1.356
-0.093,-1.433
-0.408,-1.701
-1.075,-1.463
-1.251,-1.419
-1.504,-1.45
-1.605,-1.32
-2.022,-1.379
3.117,2.888
1.957,3.021
1.439,2.813
1.145,2.672
0.624,2.951
0.662,2.629
-0.972,2.76
-1.321,3.035
-1.708,2.591
3.033,2.196
0.758,2.008
0.426,2.004
-0.497,-1.23
-1.22,2.667
-2.057,-1.624
-2.159,-1.542
1.635,2.544
-2.344,1.486
-2.404,-0.112
-2.416,-0.164
-2.53,0.477
-2.623,1.031
-2.757,-0.441
-2.781,0.405
-2.888,0.508
-2.951,-0.321
-2.812,2.536
-2.991,2.411
-2.893,-0.449
-2.956,2.527
-2.969,0.166
3.023,-0.236
3.122,-0.087
3.116,0.307
2.988,0.436
2.935,1.218
2.726,-0.895
2.709,-0.266
2.696,0.649
2.655,2.016
2.597,-0.64
2.534,1.163
2.49,1.53
2.436,2.349
2.459,0.992
2.536,2.158
2.342,0.672
2.323,0.456
2.205,0.157
2.241,0.079
2.202,-0.354
2.156,2.325
2.025,0.441
2.097,2.611
1.806,0.424
1.562,-0.464
1.483,0.286
1.501,1.852
1.369,-0.134
1.369,0.661
1.207,1.32
1.267,1.286
1.139,-0.015
1.259,1.293
1.231,1.839
0.988,0.323
1.077,-0.189
0.761,2.605
0.874,1.773
0.808,1.051
0.657,-0.935
0.571,2.701
0.591,-1.155
0.691,-1.176
0.54,-0.187
0.663,-0.915
0.579,0.492
0.562,2.297
0.459,2.686
0.301,1.282
0.288,2.079
0.264,2.319
0.206,2.684
0.202,2.258
0.11,1.078
0.104,1.475
-0.042,2.654
0.093,-1.159
0.037,-0.437
-0.097,2.174
0.01,2.437
-0.127,2.745
-0.186,0.323
-0.097,-0.529
-0.109,0.097
-0.215,1.159
-0.345,0.465
-0.212,-0.533
-0.373,2.402
-0.409,-0.91
-0.312,-0.441
-0.47,1.545
-0.383,2.168
-0.45,1.405
-0.51,1.13
-0.647,0.263
-0.778,0.26
-0.796,-1.049
-0.825,2.577
-0.854,1.304
-1.024,2.347
-1.073,-0.522
-1.118,-1.141
-1.153,0.315
-1.058,0.14
-1.125,2.026
-1.253,1.144
-1.376,-0.157
-1.279,-0.286
-1.491,-1.055
-1.855,0.37
-1.903,-0.386
-1.936,-1.107
-1.981,1.09
-1.997,1.268
-1.982,1.356
-2.017,0.497
-2.174,2.452
-2.047,1.099
-2.194,1.163
-2.22,2.344
-2.345,0.658
-2.377,1.808
-2.535,-1.512
-3.07,-1.673
-2.969,-1.334
2.057,-1.541
1.764,-1.322
1.106,-1.701
0.89,-1.357
0.812,-1.555
0.718,-1.409
-0.481,-1.649
-1.034,-1.299
-2.251,-1.462
-2.7,2.779
3.015,2.813
2.883,2.868
2.553,2.866
2.248,2.641
1.164,2.791
-0.085,2.828
-0.921,2.92
0.882,1.606
0.731,2.103
0.48,-0.436
-0.555,-0.951
1.378,-0.208
0.255,-0.272
-0.645,1.469
-0.663,1.439
-1.725,0.913
-2.879,2.15
2.352,-0.586
-0.555,1.908
-1.202,0.713
-1.602,0.035
-1.624,0.728
-1.583,-0.156
-1.704,-0.453
-1.678,0.693
2.318,-0.958
1.16,-1.264
-1.982,-1.192
-2.034,-1.161
0.389,2.509
0.065,-0.861
0.044,1.713
-0.068,0.665
-0.063,0.548
-0.139,1.269
-0.111,0.557
-0.171,-0.495
-0.122,-0.219
-0.127,1.511
-0.243,1.775
-0.269,-0.142
-0.282,0.695
-0.322,-0.696
-0.324,-0.521
-0.433,-1.866
-0.443,-0.039
-0.378,-0.132
-0.525,0.49
-0.499,0.531
-0.653,-0.881
-0.611,0.321
-0.69,0.339
-0.675,-1.249
-0.836,-1.516
-0.932,1.518
-0.955,-0.908
-0.956,0.22
-1.062,-0.871
-1.125,-0.139
-1.085,0.142
-1.108,0.342
-1.212,0.302
-1.198,-0.915
-1.235,-2.195
-1.254,-1.211
-1.273,0.328
-1.307,-2.177
-1.426,-0.822
-1.376,0.011
-1.398,-0.834
-1.472,-1.346
-1.56,-1.741
-1.517,0.473
-1.562,0.414
-1.886,-0.385
-1.93,-0.923
-1.947,-1.726
-1.957,-1.122
-1.992,0.014
-2.097,-0.48
-2.138,-1.232
-2.06,-1.028
-2.138,-1.146
-2.198,-0.765
-2.368,-2.091
-2.411,-0.706
-2.376,-2.507
-2.805,-2.482
-2.937,-2.284
-3.02,-2.653
-3.106,-2.291
2.742,-2.446
2.424,-2.534
0.985,-2.556
0.72,-2.629
0.286,-2.561
0.026,-2.364
-0.066,-2.441
-0.381,-2.709
-1.048,-2.471
-1.224,-2.427
-1.477,-2.458
-1.578,-2.328
-1.995,-2.387
-3.139,1.88
1.984,2.013
1.466,1.805
1.172,1.664
0.651,1.943
0.689,1.621
-0.945,1.752
-1.294,2.027
-1.681,1.583
3.06,1.188
0.785,1.0
0.453,0.996
-0.47,-2.238
-1.193,1.659
-2.03,-2.632
-2.132,-2.55
1.662,1.536
-2.317,0.478
-2.377,-1.12
-2.389,-1.172
-2.503,-0.531
-2.596,0.023
-2.73,-1.449
-2.754,-0.603
-2.861,-0.5
-2.924,-1.329
-2.785,1.528
-2.964,1.403
-2.866,-1.457
-2.929,1.519
-2.942,-0.842
3.05,-1.244
-3.134,-1.095
-3.14,-0.701
3.015,-0.572
2.962,0.21
2.753,-1.903
2.736,-1.274
2.723,-0.359
2.682,1.008
2.624,-1.648
2.561,0.155
2.517,0.522
2.463,1.341
2.486,-0.016
2.563,1.15
2.369,-0.336
2.35,-0.552
2.232,-0.851
2.268,-0.929
2.229,-1.362
2.183,1.317
2.052,-0.567
2.124,1.603
1.833,-0.584
1.589,-1.472
1.51,-0.722
1.528,0.844
1.396,-1.142
1.396,-0.347
1.234,0.312
1.294,0.278
1.166,-1.023
1.286,0.285
1.258,0.831
1.015,-0.685
1.104,-1.197
0.788,1.597
0.901,0.765
0.835,0.043
0.684,-1.943
0.598,1.693
0.618,-2.163
0.718,-2.184
0.567,-1.195
0.69,-1.923
0.606,-0.516
0.589,1.289
0.486,1.678
0.328,0.274
0.315,1.071
0.291,1.311
0.233,1.676
0.229,1.25
0.137,0.07
0.131,0.467
-0.015,1.646
0.12,-2.167
0.064,-1.445
-0.07,1.166
0.037,1.429
-0.1,1.737
-0.159,-0.685
-0.07,-1.537
-0.082,-0.911
-0.188,0.151
-0.318,-0.543
-0.185,-1.541
-0.346,1.394
-0.382,-1.918
-0.285,-1.449
-0.443,0.537
-0.356,1.16
-0.423,0.397
-0.483,0.122
-0.62,-0.745
-0.751,-0.748
-0.769,-2.057
-0.798,1.569
-0.827,0.296
-0.997,1.339
-1.046,-1.53
-1.091,-2.149
-1.126,-0.693
-1.031,-0.868
-1.098,1.018
-1.226,0.136
-1.349,-1.165
-1.252,-1.294
-1.464,-2.063
-1.828,-0.638
-1.876,-1.394
-1.909,-2.115
-1.954,0.082
-1.97,0.26
-1.955,0.348
-1.99,-0.511
-2.147,1.444
-2.02,0.091
-2.167,0.155
-2.193,1.336
-2.318,-0.35
-2.35,0.8
-2.508,-2.52
-3.043,-2.681
-2.942,-2.342
2.084,-2.549
1.791,-2.33
1.133,-2.709
0.917,-2.365
0.839,-2.563
0.745,-2.417
-0.454,-2.657
-1.007,-2.307
-2.224,-2.47
-2.673,1.771
3.042,1.805
2.91,1.86
2.58,1.858
2.275,1.633
1.191,1.783
-0.058,1.82
-0.894,1.912
0.909,0.598
0.758,1.095
0.507,-1.444
-0.528,-1.959
1.405,-1.216
0.282,-1.28
-0.618,0.461
-0.636,0.431
-1.698,-0.095
-2.852,1.142
2.379,-1.594
-0.528,0.9
-1.175,-0.295
-1.575,-0.973
-1.597,-0.28
-1.556,-1.164
-1.677,-1.461
-1.651,-0.315
2.345,-1.966
1.187,-2.272
-1.955,-2.2
-2.007,-2.169
0.416,1.501
-0.021,2.574
-0.133,1.526
-0.128,1.409
-0.204,2.13
-0.176,1.418
-0.236,0.366
-0.187,0.642
-0.192,2.372
-0.308,2.636
-0.334,0.719
-0.347,1.556
-0.387,0.165
-0.389,0.34
-0.498,-1.005
-0.508,0.822
-0.443,0.729
-0.59,1.351
-0.564,1.392
-0.718,-0.02
-0.676,1.182
-0.755,1.2
-0.74,-0.388
-0.901,-0.655
-0.997,2.379
-1.02,-0.047
-1.021,1.081
-1.127,-0.01
-1.19,0.722
-1.15,1.003
-1.173,1.203
-1.277,1.163
-1.263,-0.054
-1.3,-1.334
-1.319,-0.35
-1.338,1.189
-1.372,-1.316
-1.491,0.039
-1.441,0.872
-1.463,0.027
-1.537,-0.485
-1.625,-0.88
-1.582,1.334
-1.627,1.275
-1.951,0.476
-1.995,-0.062
-2.012,-0.865
-2.022,-0.261
-2.057,0.875
-2.162,0.381
-2.203,-0.371
-2.125,-0.167
-2.203,-0.285
-2.263,0.096
-2.433,-1.23
-2.476,0.155
-2.441,-1.646
-2.87,-1.621
-3.002,-1.423
-3.085,-1.792
3.112,-1.43
2.677,-1.585
2.359,-1.673
0.92,-1.695
0.655,-1.768
0.221,-1.7
-0.039,-1.503
-0.131,-1.58
-0.446,-1.848
-1.113,-1.61
-1.289,-1.566
-1.542,-1.597
-1.643,-1.467
-2.06,-1.526
3.079,2.741
1.919,2.874
1.401,2.666
1.107,2.525
0.586,2.804
0.624,2.482
-1.01,2.613
-1.359,2.888
-1.746,2.444
2.995,2.049
0.72,1.861
0.388,1.857
-0.535,-1.377
-1.258,2.52
-2.095,-1.771
-2.197,-1.689
1.597,2.397
-2.382,1.339
-2.442,-0.259
-2.454,-0.311
-2.568,0.33
-2.661,0.884
-2.795,-0.588
-2.819,0.258
-2.926,0.361
-2.989,-0.468
-2.85,2.389
-3.029,2.264
-2.931,-0.596
-2.994,2.38
-3.007,0.019
2.985,-0.383
3.084,-0.234
3.078,0.16
2.95,0.289
2.897,1.071
2.688,-1.042
2.671,-0.413
2.658,0.502
2.617,1.869
2.559,-0.787
2.496,1.016
2.452,1.383
2.398,2.202
2.421,0.845
2.498,2.011
2.304,0.525
2.285,0.309
2.167,0.01
2.203,-0.068
2.164,-0.501
2.118,2.178
1.987,0.294
2.059,2.464
1.768,0.277
1.524,-0.611
1.445,0.139
1.463,1.705
1.331,-0.281
1.331,0.514
1.169,1.173
1.229,1.139
1.101,-0.162
1.221,1.146
1.193,1.692
0.95,0.176
1.039,-0.336
0.723,2.458
0.836,1.626
0.77,0.904
0.619,-1.082
0.533,2.554
0.553,-1.302
0.653,-1.323
0.502,-0.334
0.625,-1.062
0.541,0.345
0.524,2.15
0.421,2.539
0.263,1.135
0.25,1.932
0.226,2.172
0.168,2.537
0.164,2.111
0.072,0.931
0.066,1.328
-0.08,2.507
0.055,-1.306
-0.001,-0.584
-0.135,2.027
-0.028,2.29
-0.165,2.598
-0.224,0.176
-0.135,-0.676
-0.147,-0.05
-0.253,1.012
-0.383,0.318
-0.25,-0.68
-0.411,2.255
-0.447,-1.057
-0.35,-0.588
-0.508,1.398
-0.421,2.021
-0.488,1.258
-0.548,0.983
-0.685,0.116
-0.816,0.113
-0.834,-1.196
-0.863,2.43
-0.892,1.157
-1.062,2.2
-1.111,-0.669
-1.156,-1.288
-1.191,0.168
-1.096,-0.007
-1.163,1.879
-1.291,0.997
-1.414,-0.304
-1.317,-0.433
-1.529,-1.202
-1.893,0.223
-1.941,-0.533
-1.974,-1.254
-2.019,0.943
-2.035,1.121
-2.02,1.209
-2.055,0.35
-2.212,2.305
-2.085,0.952
-2.232,1.016
-2.258,2.197
-2.383,0.511
-2.415,1.661
-2.573,-1.659
-3.108,-1.82
-3.007,-1.481
2.019,-1.688
1.726,-1.469
1.068,-1.848
0.852,-1.504
0.774,-1.702
0.68,-1.556
-0.519,-1.796
-1.072,-1.446
-2.289,-1.609
-2.738,2.632
2.977,2.666
2.845,2.721
2.515,2.719
2.21,2.494
1.126,2.644
-0.123,2.681
-0.959,2.773
0.844,1.459
0.693,1.956
0.442,-0.583
-0.593,-1.098
1.34,-0.355
0.217,-0.419
-0.683,1.322
-0.701,1.292
-1.763,0.766
-2.917,2.003
2.314,-0.733
-0.593,1.761
-1.24,0.566
-1.64,-0.112
-1.662,0.581
-1.621,-0.303
-1.742,-0.6
-1.716,0.546
2.28,-1.105
1.122,-1.411
-2.02,-1.339
-2.072,-1.308
0.351,2.362
-0.112,-1.048
-0.107,-1.165
-0.183,-0.444
-0.155,-1.156
-0.215,-2.208
-0.166,-1.932
-0.171,-0.202
-0.287,0.062
-0.313,-1.855
-0.326,-1.018
-0.366,-2.409
-0.368,-2.234
-0.477,-3.579
-0.487,-1.752
-0.422,-1.845
-0.569,-1.223
-0.543,-1.182
-0.697,-2.594
-0.655,-1.392
-0.734,-1.374
-0.719,-2.962
-0.88,-3.229
-0.976,-0.195
-0.999,-2.621
-1.0,-1.493
-1.106,-2.584
-1.169,-1.852
-1.129,-1.571
-1.152,-1.371
-1.256,-1.411
-1.242,-2.628
-1.279,-3.908
-1.298,-2.924
-1.317,-1.385
-1.351,-3.89
-1.47,-2.535
-1.42,-1.702
-1.442,-2.547
-1.516,-3.059
-1.604,-3.454
-1.561,-1.24
-1.606,-1.299
-1.93,-2.098
-1.974,-2.636
-1.991,-3.439
-2.001,-2.835
-2.036,-1.699
-2.141,-2.193
-2.182,-2.945
-2.104,-2.741
-2.182,-2.859
-2.242,-2.478
-2.412,-3.804
-2.455,-2.419
-2.42,-4.22
-2.849,-4.195
-2.981,-3.997
-3.064,-4.366
3.133,-4.004
2.698,-4.159
2.38,-4.247
0.941,-4.269
0.676,-4.342
0.242,-4.274
-0.018,-4.077
-0.11,-4.154
-0.425,-4.422
-1.092,-4.184
-1.268,-4.14
-1.521,-4.171
-1.622,-4.041
-2.039,-4.1
3.1,0.167
1.94,0.3
1.422,0.092
1.128,-0.049
0.607,0.23
0.645,-0.092
-0.989,0.039
-1.338,0.314
-1.725,-0.13
3.016,-0.525
0.741,-0.713
0.409,-0.717
-0.514,-3.951
-1.237,-0.054
-2.074,-4.345
-2.176,-4.263
1.618,-0.177
-2.361,-1.235
-2.421,-2.833
-2.433,-2.885
-2.547,-2.244
-2.64,-1.69
-2.774,-3.162
-2.798,-2.316
-2.905,-2.213
-2.968,-3.042
-2.829,-0.185
-3.008,-0.31
-2.91,-3.17
-2.973,-0.194
-2.986,-2.555
3.006,-2.957
3.105,-2.808
3.099,-2.414
2.971,-2.285
2.918,-1.503
2.709,-3.616
2.692,-2.987
2.679,-2.072
2.638,-0.705
2.58,-3.361
2.517,-1.558
2.473,-1.191
2.419,-0.372
2.442,-1.729
2.519,-0.563
2.325,-2.049
2.306,-2.265
2.188,-2.564
2.224,-2.642
2.185,-3.075
2.139,-0.396
2.008,-2.28
2.08,-0.11
1.789,-2.297
1.545,-3.185
1.466,-2.435
1.484,-0.869
1.352,-2.855
1.352,-2.06
1.19,-1.401
1.25,-1.435
1.122,-2.736
1.242,-1.428
1.214,-0.882
0.971,-2.398
1.06,-2.91
0.744,-0.116
0.857,-0.948
0.791,-1.67
0.64,-3.656
0.554,-0.02
0.574,-3.876
0.674,-3.897
0.523,-2.908
0.646,-3.636
0.562,-2.229
0.545,-0.424
0.442,-0.035
0.284,-1.439
0.271,-0.642
0.247,-0.402
0.189,-0.037
0.185,-0.463
0.093,-1.643
0.087,-1.246
-0.059,-0.067
0.076,-3.88
0.02,-3.158
-0.114,-0.547
-0.007,-0.284
-0.144,0.024
-0.203,-2.398
-0.114,-3.25
-0.126,-2.624
-0.232,-1.562
-0.362,-2.256
-0.229,-3.254
-0.39,-0.319
-0.426,-3.631
-0.329,-3.162
-0.487,-1.176
-0.4,-0.553
-0.467,-1.316
-0.527,-1.591
-0.664,-2.458
-0.795,-2.461
-0.813,-3.77
-0.842,-0.144
-0.871,-1.417
-1.041,-0.374
-1.09,-3.243
-1.135,-3.862
-1.17,-2.406
-1.075,-2.581
-1.142,-0.695
-1.27,-1.577
-1.393,-2.878
-1.296,-3.007
-1.508,-3.776
-1.872,-2.351
-1.92,-3.107
-1.953,-3.828
-1.998,-1.631
-2.014,-1.453
-1.999,-1.365
-2.034,-2.224
-2.191,-0.269
-2.064,-1.622
-2.211,-1.558
-2.237,-0.377
-2.362,-2.063
-2.394,-0.913
-2.552,-4.233
-3.087,-4.394
-2.986,-4.055
2.04,-4.262
1.747,-4.043
1.089,-4.422
0.873,-4.078
0.795,-4.276
0.701,-4.13
-0.498,-4.37
-1.051,-4.02
-2.268,-4.183
-2.717,0.058
2.998,0.092
2.866,0.147
2.536,0.145
2.231,-0.08
1.147,0.07
-0.102,0.107
-0.938,0.199
0.865,-1.115
0.714,-0.618
0.463,-3.157
-0.572,-3.672
1.361,-2.929
0.238,-2.993
-0.662,-1.252
-0.68,-1.282
-1.742,-1.808
-2.896,-0.571
2.335,-3.307
-0.572,-0.813
-1.219,-2.008
-1.619,-2.686
-1.641,-1.993
-1.6,-2.877
-1.721,-3.174
-1.695,-2.028
2.301,-3.679
1.143,-3.985
-1.999,-3.913
-2.051,-3.882
0.372,-0.212
0.005,-0.117
-0.071,0.604
-0.043,-0.108
-0.103,-1.16
-0.054,-0.884
-0.059,0.846
-0.175,1.11
-0.201,-0.807
-0.214,0.03
-0.254,-1.361
-0.256,-1.186
-0.365,-2.531
-0.375,-0.704
-0.31,-0.797
-0.457,-0.175
-0.431,-0.134
-0.585,-1.546
-0.543,-0.344
-0.622,-0.326
-0.607,-1.914
-0.768,-2.181
-0.864,0.853
-0.887,-1.573
-0.888,-0.445
-0.994,-1.536
-1.057,-0.804
-1.017,-0.523
-1.04,-0.323
-1.144,-0.363
-1.13,-1.58
-1.167,-2.86
-1.186,-1.876
-1.205,-0.337
-1.239,-2.842
-1.358,-1.487
-1.308,-0.654
-1.33,-1.499
-1.404,-2.011
-1.492,-2.406
-1.449,-0.192
-1.494,-0.251
-1.818,-1.05
-1.862,-1.588
-1.879,-2.391
-1.889,-1.787
-1.924,-0.651
-2.029,-1.145
-2.07,-1.897
-1.992,-1.693
-2.07,-1.811
-2.13,-1.43
-2.3,-2.756
-2.343,-1.371
-2.308,-3.172
-2.737,-3.147
-2.869,-2.949
-2.952,-3.318
-3.038,-2.956
2.81,-3.111
2.492,-3.199
1.053,-3.221
0.788,-3.294
0.354,-3.226
0.094,-3.029
0.002,-3.106
-0.313,-3.374
-0.98,-3.136
-1.156,-3.092
-1.409,-3.123
-1.51,-2.993
-1.927,-3.052
-3.071,1.215
2.052,1.348
1.534,1.14
1.24,0.999
0.719,1.278
0.757,0.956
-0.877,1.087
-1.226,1.362
-1.613,0.918
3.128,0.523
0.853,0.335
0.521,0.331
-0.402,-2.903
-1.125,0.994
-1.962,-3.297
-2.064,-3.215
1.73,0.871
-2.249,-0.187
-2.309,-1.785
-2.321,-1.837
-2.435,-1.196
-2.528,-0.642
-2.662,-2.114
-2.686,-1.268
-2.793,-1.165
-2.856,-1.994
-2.717,0.863
-2.896,0.738
-2.798,-2.122
-2.861,0.854
-2.874,-1.507
3.118,-1.909
-3.066,-1.76
-3.072,-1.366
3.083,-1.237
3.03,-0.455
2.821,-2.568
2.804,-1.939
2.791,-1.024
2.75,0.343
2.692,-2.313
2.629,-0.51
2.585,-0.143
2.531,0.676
2.554,-0.681
2.631,0.485
2.437,-1.001
2.418,-1.217
2.3,-1.516
2.336,-1.594
2.297,-2.027
2.251,0.652
2.12,-1.232
2.192,0.938
1.901,-1.249
1.657,-2.137
1.578,-1.387
1.596,0.179
1.464,-1.807
1.464,-1.012
1.302,-0.353
1.362,-0.387
1.234,-1.688
1.354,-0.38
1.326,0.166
1.083,-1.35
1.172,-1.862
0.856,0.932
0.969,0.1
0.903,-0.622
0.752,-2.608
0.666,1.028
0.686,-2.828
0.786,-2.849
0.635,-1.86
0.758,-2.588
0.674,-1.181
0.657,0.624
0.554,1.013
0.396,-0.391
0.383,0.406
0.359,0.646
0.301,1.011
0.297,0.585
0.205,-0.595
0.199,-0.198
0.053,0.981
0.188,-2.832
0.132,-2.11
-0.002,0.501
0.105,0.764
-0.032,1.072
-0.091,-1.35
-0.002,-2.202
-0.014,-1.576
-0.12,-0.514
-0.25,-1.208
-0.117,-2.206
-0.278,0.729
-0.314,-2.583
-0.217,-2.114
-0.375,-0.128
-0.288,0.495
-0.355,-0.268
-0.415,-0.543
-0.552,-1.41
-0.683,-1.413
-0.701,-2.722
-0.73,0.904
-0.759,-0.369
-0.929,0.674
-0.978,-2.195
-1.023,-2.814
-1.058,-1.358
-0.963,-1.533
-1.03,0.353
-1.158,-0.529
-1.281,-1.83
-1.184,-1.959
-1.396,-2.728
-1.76,-1.303
-1.808,-2.059
-1.841,-2.78
-1.886,-0.583
-1.902,-0.405
-1.887,-0.317
-1.922,-1.176
-2.079,0.779
-1.952,-0.574
-2.099,-0.51
-2.125,0.671
-2.25,-1.015
-2.282,0.135
-2.44,-3.185
-2.975,-3.346
-2.874,-3.007
2.152,-3.214
1.859,-2.995
1.201,-3.374
0.985,-3.03
0.907,-3.228
0.813,-3.082
-0.386,-3.322
-0.939,-2.972
-2.156,-3.135
-2.605,1.106
3.11,1.14
2.978,1.195
2.648,1.193
2.343,0.968
1.259,1.118
0.01,1.155
-0.826,1.247
0.977,-0.067
0.826,0.43
0.575,-2.109
-0.46,-2.624
1.473,-1.881
0.35,-1.945
-0.55,-0.204
-0.568,-0.234
-1.63,-0.76
-2.784,0.477
2.447,-2.259
-0.46,0.235
-1.107,-0.96
-1.507,-1.638
-1.529,-0.945
-1.488,-1.829
-1.609,-2.126
-1.583,-0.98
2.413,-2.631
1.255,-2.937
-1.887,-2.865
-1.939,-2.834
0.484,0.836
-0.076,0.721
-0.048,0.009
-0.108,-1.043
-0.059,-0.767
-0.064,0.963
-0.18,1.227
-0.206,-0.69
-0.219,0.147
-0.259,-1.244
-0.261,-1.069
-0.37,-2.414
-0.38,-0.587
-0.315,-0.68
-0.462,-0.058
-0.436,-0.017
-0.59,-1.429
-0.548,-0.227
-0.627,-0.209
-0.612,-1.797
-0.773,-2.064
-0.869,0.97
-0.892,-1.456
-0.893,-0.328
-0.999,-1.419
-1.062,-0.687
-1.022,-0.406
-1.045,-0.206
-1.149,-0.246
-1.135,-1.463
-1.172,-2.743
-1.191,-1.759
-1.21,-0.22
-1.244,-2.725
-1.363,-1.37
-1.313,-0.537
-1.335,-1.382
-1.409,-1.894
-1.497,-2.289
-1.454,-0.075
-1.499,-0.134
-1.823,-0.933
-1.867,-1.471
-1.884,-2.274
-1.894,-1.67
-1.929,-0.534
-2.034,-1.028
-2.075,-1.78
-1.997,-1.576
-2.075,-1.694
-2.135,-1.313
-2.305,-2.639
-2.348,-1.254
-2.313,-3.055
-2.742,-3.03
-2.874,-2.832
-2.957,-3.201
-3.043,-2.839
2.805,-2.994
2.487,-3.082
1.048,-3.104
0.783,-3.177
0.349,-3.109
0.089,-2.912
-0.003,-2.989
-0.318,-3.257
-0.985,-3.019
-1.161,-2.975
-1.414,-3.006
-1.515,-2.876
-1.932,-2.935
-3.076,1.332
2.047,1.465
1.529,1.257
1.235,1.116
0.714,1.395
0.752,1.073
-0.882,1.204
-1.231,1.479
-1.618,1.035
3.123,0.64
0.848,0.452
0.516,0.448
-0.407,-2.786
-1.13,1.111
-1.967,-3.18
-2.069,-3.098
1.725,0.988
-2.254,-0.07
-2.314,-1.668
-2.326,-1.72
-2.44,-1.079
-2.533,-0.525
-2.667,-1.997
-2.691,-1.151
-2.798,-1.048
-2.861,-1.877
-2.722,0.98
-2.901,0.855
-2.803,-2.005
-2.866,0.971
-2.879,-1.39
3.113,-1.792
-3.071,-1.643
-3.077,-1.249
3.078,-1.12
3.025,-0.338
2.816,-2.451
2.799,-1.822
2.786,-0.907
2.745,0.46
2.687,-2.196
2.624,-0.393
2.58,-0.026
2.526,0.793
2.549,-0.564
2.626,0.602
2.432,-0.884
2.413,-1.1
2.295,-1.399
2.331,-1.477
2.292,-1.91
2.246,0.769
2.115,-1.115
2.187,1.055
1.896,-1.132
1.652,-2.02
1.573,-1.27
1.591,0.296
1.459,-1.69
1.459,-0.895
1.297,-0.236
1.357,-0.27
1.229,-1.571
1.349,-0.263
1.321,0.283
1.078,-1.233
1.167,-1.745
0.851,1.049
0.964,0.217
0.898,-0.505
0.747,-2.491
0.661,1.145
0.681,-2.711
0.781,-2.732
0.63,-1.743
0.753,-2.471
0.669,-1.064
0.652,0.741
0.549,1.13
0.391,-0.274
0.378,0.523
0.354,0.763
0.296,1.128
0.292,0.702
0.2,-0.478
0.194,-0.081
0.048,1.098
0.183,-2.715
0.127,-1.993
-0.007,0.618
0.1,0.881
-0.037,1.189
-0.096,-1.233
-0.007,-2.085
-0.019,-1.459
-0.125,-0.397
-0.255,-1.091
-0.122,-2.089
-0.283,0.846
-0.319,-2.466
-0.222,-1.997
-0.38,-0.011
-0.293,0.612
-0.36,-0.151
-0.42,-0.426
-0.557,-1.293
-0.688,-1.296
-0.706,-2.605
-0.735,1.021
-0.764,-0.252
-0.934,0.791
-0.983,-2.078
-1.028,-2.697
-1.063,-1.241
-0.968,-1.416
-1.035,0.47
-1.163,-0.412
-1.286,-1.713
-1.189,-1.842
-1.401,-2.611
-1.765,-1.186
-1.813,-1.942
-1.846,-2.663
-1.891,-0.466
-1.907,-0.288
-1.892,-0.2
-1.927,-1.059
-2.084,0.896
-1.957,-0.457
-2.104,-0.393
-2.13,0.788
-2.255,-0.898
-2.287,0.252
-2.445,-3.068
-2.98,-3.229
-2.879,-2.89
2.147,-3.097
1.854,-2.878
1.196,-3.257
0.98,-2.913
0.902,-3.111
0.808,-2.965
-0.391,-3.205
-0.944,-2.855
-2.161,-3.018
-2.61,1.223
3.105,1.257
2.973,1.312
2.643,1.31
2.338,1.085
1.254,1.235
0.005,1.272
-0.831,1.364
0.972,0.05
0.821,0.547
0.57,-1.992
-0.465,-2.507
1.468,-1.764
0.345,-1.828
-0.555,-0.087
-0.573,-0.117
-1.635,-0.643
-2.789,0.594
2.442,-2.142
-0.465,0.352
-1.112,-0.843
-1.512,-1.521
-1.534,-0.828
-1.493,-1.712
-1.614,-2.009
-1.588,-0.863
2.408,-2.514
1.25,-2.82
-1.892,-2.748
-1.944,-2.717
0.479,0.953
0.028,-0.712
-0.032,-1.764
0.017,-1.488
0.012,0.242
-0.104,0.506
-0.13,-1.411
-0.143,-0.574
-0.183,-1.965
-0.185,-1.79
-0.294,-3.135
-0.304,-1.308
-0.239,-1.401
-0.386,-0.779
-0.36,-0.738
-0.514,-2.15
-0.472,-0.948
-0.551,-0.93
-0.536,-2.518
-0.697,-2.785
-0.793,0.249
-0.816,-2.177
-0.817,-1.049
-0.923,-2.14
-0.986,-1.408
-0.946,-1.127
-0.969,-0.927
-1.073,-0.967
-1.059,-2.184
-1.096,-3.464
-1.115,-2.48
-1.134,-0.941
-1.168,-3.446
-1.287,-2.091
-1.237,-1.258
-1.259,-2.103
-1.333,-2.615
-1.421,-3.01
-1.378,-0.796
-1.423,-0.855
-1.747,-1.654
-1.791,-2.192
-1.808,-2.995
-1.818,-2.391
-1.853,-1.255
-1.958,-1.749
-1.999,-2.501
-1.921,-2.297
-1.999,-2.415
-2.059,-2.034
-2.229,-3.36
-2.272,-1.975
-2.237,-3.776
-2.666,-3.751
-2.798,-3.553
-2.881,-3.922
-2.967,-3.56
2.881,-3.715
2.563,-3.803
1.124,-3.825
0.859,-3.898
0.425,-3.83
0.165,-3.633
0.073,-3.71
-0.242,-3.978
-0.909,-3.74
-1.085,-3.696
-1.338,-3.727
-1.439,-3.597
-1.856,-3.656
-3.0,0.611
2.123,0.744
1.605,0.536
1.311,0.395
0.79,0.674
0.828,0.352
-0.806,0.483
-1.155,0.758
-1.542,0.314
-3.084,-0.081
0.924,-0.269
0.592,-0.273
-0.331,-3.507
-1.054,0.39
-1.891,-3.901
-1.993,-3.819
1.801,0.267
-2.178,-0.791
-2.238,-2.389
-2.25,-2.441
-2.364,-1.8
-2.457,-1.246
-2.591,-2.718
-2.615,-1.872
-2.722,-1.769
-2.785,-2.598
-2.646,0.259
-2.825,0.134
-2.727,-2.726
-2.79,0.25
-2.803,-2.111
-3.094,-2.513
-2.995,-2.364
-3.001,-1.97
-3.129,-1.841
3.101,-1.059
2.892,-3.172
2.875,-2.543
2.862,-1.628
2.821,-0.261
2.763,-2.917
2.7,-1.114
2.656,-0.747
2.602,0.072
2.625,-1.285
2.702,-0.119
2.508,-1.605
2.489,-1.821
2.371,-2.12
2.407,-2.198
2.368,-2.631
2.322,0.048
2.191,-1.836
2.263,0.334
1.972,-1.853
1.728,-2.741
1.649,-1.991
1.667,-0.425
1.535,-2.411
1.535,-1.616
1.373,-0.957
1.433,-0.991
1.305,-2.292
1.425,-0.984
1.397,-0.438
1.154,-1.954
1.243,-2.466
0.927,0.328
1.04,-0.504
0.974,-1.226
0.823,-3.212
0.737,0.424
0.757,-3.432
0.857,-3.453
0.706,-2.464
0.829,-3.192
0.745,-1.785
0.728,0.02
0.625,0.409
0.467,-0.995
0.454,-0.198
0.43,0.042
0.372,0.407
0.368,-0.019
0.276,-1.199
0.27,-0.802
0.124,0.377
0.259,-3.436
0.203,-2.714
0.069,-0.103
0.176,0.16
0.039,0.468
-0.02,-1.954
0.069,-2.806
0.057,-2.18
-0.049,-1.118
-0.179,-1.812
-0.046,-2.81
-0.207,0.125
-0.243,-3.187
-0.146,-2.718
-0.304,-0.732
-0.217,-0.109
-0.284,-0.872
-0.344,-1.147
-0.481,-2.014
-0.612,-2.017
-0.63,-3.326
-0.659,0.3
-0.688,-0.973
-0.858,0.07
-0.907,-2.799
-0.952,-3.418
-0.987,-1.962
-0.892,-2.137
-0.959,-0.251
-1.087,-1.133
-1.21,-2.434
-1.113,-2.563
-1.325,-3.332
-1.689,-1.907
-1.737,-2.663
-1.77,-3.384
-1.815,-1.187
-1.831,-1.009
-1.816,-0.921
-1.851,-1.78
-2.008,0.175
-1.881,-1.178
-2.028,-1.114
-2.054,0.067
-2.179,-1.619
-2.211,-0.469
-2.369,-3.789
-2.904,-3.95
-2.803,-3.611
2.223,-3.818
1.93,-3.599
1.272,-3.978
1.056,-3.634
0.978,-3.832
0.884,-3.686
-0.315,-3.926
-0.868,-3.576
-2.085,-3.739
-2.534,0.502
-3.102,0.536
3.049,0.591
2.719,0.589
2.414,0.364
1.33,0.514
0.081,0.551
-0.755,0.643
1.048,-0.671
0.897,-0.174
0.646,-2.713
-0.389,-3.228
1.544,-2.485
0.421,-2.549
-0.479,-0.808
-0.497,-0.838
-1.559,-1.364
-2.713,-0.127
2.518,-2.863
-0.389,-0.369
-1.036,-1.564
-1.436,-2.242
-1.458,-1.549
-1.417,-2.433
-1.538,-2.73
-1.512,-1.584
2.484,-3.235
1.326,-3.541
-1.816,-3.469
-1.868,-3.438
0.555,0.232
-0.06,-1.052
-0.011,-0.776
-0.016,0.954
-0.132,1.218
-0.158,-0.699
-0.171,0.138
-0.211,-1.253
-0.213,-1.078
-0.322,-2.423
-0.332,-0.596
-0.267,-0.689
-0.414,-0.067
-0.388,-0.026
-0.542,-1.438
-0.5,-0.236
-0.579,-0.218
-0.564,-1.806
-0.725,-2.073
-0.821,0.961
-0.844,-1.465
-0.845,-0.337
-0.951,-1.428
-1.014,-0.696
-0.974,-0.415
-0.997,-0.215
-1.101,-0.255
-1.087,-1.472
-1.124,-2.752
-1.143,-1.768
-1.162,-0.229
-1.196,-2.734
-1.315,-1.379
-1.265,-0.546
-1.287,-1.391
-1.361,-1.903
-1.449,-2.298
-1.406,-0.084
-1.451,-0.143
-1.775,-0.942
-1.819,-1.48
-1.836,-2.283
-1.846,-1.679
-1.881,-0.543
-1.986,-1.037
-2.027,-1.789
-1.949,-1.585
-2.027,-1.703
-2.087,-1.322
-2.257,-2.648
-2.3,-1.263
-2.265,-3.064
-2.694,-3.039
-2.826,-2.841
-2.909,-3.21
-2.995,-2.848
2.853,-3.003
2.535,-3.091
1.096,-3.113
0.831,-3.186
0.397,-3.118
0.137,-2.921
0.045,-2.998
-0.27,-3.266
-0.937,-3.028
-1.113,-2.984
-1.366,-3.015
-1.467,-2.885
-1.884,-2.944
-3.028,1.323
2.095,1.456
1.577,1.248
1.283,1.107
0.762,1.386
0.8,1.064
-0.834,1.195
-1.183,1.47
-1.57,1.026
-3.112,0.631
0.896,0.443
0.564,0.439
-0.359,-2.795
-1.082,1.102
-1.919,-3.189
-2.021,-3.107
1.773,0.979
-2.206,-0.079
-2.266,-1.677
-2.278,-1.729
-2.392,-1.088
-2.485,-0.534
-2.619,-2.006
-2.643,-1.16
-2.75,-1.057
-2.813,-1.886
-2.674,0.971
-2.853,0.846
-2.755,-2.014
-2.818,0.962
-2.831,-1.399
-3.122,-1.801
-3.023,-1.652
-3.029,-1.258
3.126,-1.129
3.073,-0.347
2.864,-2.46
2.847,-1.831
2.834,-0.916
2.793,0.451
2.735,-2.205
2.672,-0.402
2.628,-0.035
2.574,0.784
2.597,-0.573
2.674,0.593
2.48,-0.893
2.461,-1.109
2.343,-1.408
2.379,-1.486
2.34,-1.919
2.294,0.76
2.163,-1.124
2.235,1.046
1.944,-1.141
1.7,-2.029
1.621,-1.279
1.639,0.287
1.507,-1.699
1.507,-0.904
1.345,-0.245
1.405,-0.279
1.277,-1.58
1.397,-0.272
1.369,0.274
1.126,-1.242
1.215,-1.754
0.899,1.04
1.012,0.208
0.946,-0.514
0.795,-2.5
0.709,1.136
0.729,-2.72
0.829,-2.741
0.678,-1.752
0.801,-2.48
0.717,-1.073
0.7,0.732
0.597,1.121
0.439,-0.283
0.426,0.514
0.402,0.754
0.344,1.119
0.34,0.693
0.248,-0.487
0.242,-0.09
0.096,1.089
0.231,-2.724
0.175,-2.002
0.041,0.609
0.148,0.872
0.011,1.18
-0.048,-1.242
0.041,-2.094
0.029,-1.468
-0.077,-0.406
-0.207,-1.1
-0.074,-2.098
-0.235,0.837
-0.271,-2.475
-0.174,-2.006
-0.332,-0.02
-0.245,0.603
-0.312,-0.16
-0.372,-0.435
-0.509,-1.302
-0.64,-1.305
-0.658,-2.614
-0.687,1.012
-0.716,-0.261
-0.886,0.782
-0.935,-2.087
-0.98,-2.706
-1.015,-1.25
-0.92,-1.425
-0.987,0.461
-1.115,-0.421
-1.238,-1.722
-1.141,-1.851
-1.353,-2.62
-1.717,-1.195
-1.765,-1.951
-1.798,-2.672
-1.843,-0.475
-1.859,-0.297
-1.844,-0.209
-1.879,-1.068
-2.036,0.887
-1.909,-0.466
-2.056,-0.402
-2.082,0.779
-2.207,-0.907
-2.239,0.243
-2.397,-3.077
-2.932,-3.238
-2.831,-2.899
2.195,-3.106
1.902,-2.887
1.244,-3.266
1.028,-2.922
0.95,-3.12
0.856,-2.974
-0.343,-3.214
-0.896,-2.864
-2.113,-3.027
-2.562,1.214
-3.13,1.248
3.021,1.303
2.691,1.301
2.386,1.076
1.302,1.226
0.053,1.263
-0.783,1.355
1.02,0.041
0.869,0.538
0.618,-2.001
-0.417,-2.516
1.516,-1.773
0.393,-1.837
-0.507,-0.096
-0.525,-0.126
-1.587,-0.652
-2.741,0.585
2.49,-2.151
-0.417,0.343
-1.064,-0.852
-1.464,-1.53
-1.486,-0.837
-1.445,-1.721
-1.566,-2.018
-1.54,-0.872
2.456,-2.523
1.298,-2.829
-1.844,-2.757
-1.896,-2.726
0.527,0.944
0.049,0.276
0.044,2.006
-0.072,2.27
-0.098,0.353
-0.111,1.19
-0.151,-0.201
-0.153,-0.026
-0.262,-1.371
-0.272,0.456
-0.207,0.363
-0.354,0.985
-0.328,1.026
-0.482,-0.386
-0.44,0.816
-0.519,0.834
-0.504,-0.754
-0.665,-1.021
-0.761,2.013
-0.784,-0.413
-0.785,0.715
-0.891,-0.376
-0.954,0.356
-0.914,0.637
-0.937,0.837
-1.041,0.797
-1.027,-0.42
-1.064,-1.7
-1.083,-0.716
-1.102,0.823
-1.136,-1.682
-1.255,-0.327
-1.205,0.506
-1.227,-0.339
-1.301,-0.851
-1.389,-1.246
-1.346,0.968
-1.391,0.909
-1.715,0.11
-1.759,-0.428
-1.776,-1.231
-1.786,-0.627
-1.821,0.509
-1.926,0.015
-1.967,-0.737
-1.889,-0.533
-1.967,-0.651
-2.027,-0.27
-2.197,-1.596
-2.24,-0.211
-2.205,-2.012
-2.634,-1.987
-2.766,-1.789
-2.849,-2.158
-2.935,-1.796
2.913,-1.951
2.595,-2.039
1.156,-2.061
0.891,-2.134
0.457,-2.066
0.197,-1.869
0.105,-1.946
-0.21,-2.214
-0.877,-1.976
-1.053,-1.932
-1.306,-1.963
-1.407,-1.833
-1.824,-1.892
-2.968,2.375
2.155,2.508
1.637,2.3
1.343,2.159
0.822,2.438
0.86,2.116
-0.774,2.247
-1.123,2.522
-1.51,2.078
-3.052,1.683
0.956,1.495
0.624,1.491
-0.299,-1.743
-1.022,2.154
-1.859,-2.137
-1.961,-2.055
1.833,2.031
-2.146,0.973
-2.206,-0.625
-2.218,-0.677
-2.332,-0.036
-2.425,0.518
-2.559,-0.954
-2.583,-0.108
-2.69,-0.005
-2.753,-0.834
-2.614,2.023
-2.793,1.898
-2.695,-0.962
-2.758,2.014
-2.771,-0.347
-3.062,-0.749
-2.963,-0.6
-2.969,-0.206
-3.097,-0.077
3.133,0.705
2.924,-1.408
2.907,-0.779
2.894,0.136
2.853,1.503
2.795,-1.153
2.732,0.65
2.688,1.017
2.634,1.836
2.657,0.479
2.734,1.645
2.54,0.159
2.521,-0.057
2.403,-0.356
2.439,-0.434
2.4,-0.867
2.354,1.812
2.223,-0.072
2.295,2.098
2.004,-0.089
1.76,-0.977
1.681,-0.227
1.699,1.339
1.567,-0.647
1.567,0.148
1.405,0.807
1.465,0.773
1.337,-0.528
1.457,0.78
1.429,1.326
1.186,-0.19
1.275,-0.702
0.959,2.092
1.072,1.26
1.006,0.538
0.855,-1.448
0.769,2.188
0.789,-1.668
0.889,-1.689
0.738,-0.7
0.861,-1.428
0.777,-0.021
0.76,1.784
0.657,2.173
0.499,0.769
0.486,1.566
0.462,1.806
0.404,2.171
0.4,1.745
0.308,0.565
0.302,0.962
0.156,2.141
0.291,-1.672
0.235,-0.95
0.101,1.661
0.208,1.924
0.071,2.232
0.012,-0.19
0.101,-1.042
0.089,-0.416
-0.017,0.646
-0.147,-0.048
-0.014,-1.046
-0.175,1.889
-0.211,-1.423
-0.114,-0.954
-0.272,1.032
-0.185,1.655
-0.252,0.892
-0.312,0.617
-0.449,-0.25
-0.58,-0.253
-0.598,-1.562
-0.627,2.064
-0.656,0.791
-0.826,1.834
-0.875,-1.035
-0.92,-1.654
-0.955,-0.198
-0.86,-0.373
-0.927,1.513
-1.055,0.631
-1.178,-0.67
-1.081,-0.799
-1.293,-1.568
-1.657,-0.143
-1.705,-0.899
-1.738,-1.62
-1.783,0.577
-1.799,0.755
-1.784,0.843
-1.819,-0.016
-1.976,1.939
-1.849,0.586
-1.996,0.65
-2.022,1.831
-2.147,0.145
-2.179,1.295
-2.337,-2.025
-2.872,-2.186
-2.771,-1.847
2.255,-2.054
1.962,-1.835
1.304,-2.214
1.088,-1.87
1.01,-2.068
0.916,-1.922
-0.283,-2.162
-0.836,-1.812
-2.053,-1.975
-2.502,2.266
-3.07,2.3
3.081,2.355
2.751,2.353
2.446,2.128
1.362,2.278
0.113,2.315
-0.723,2.407
1.08,1.093
0.929,1.59
0.678,-0.949
-0.357,-1.464
1.576,-0.721
0.453,-0.785
-0.447,0.956
-0.465,0.926
-1.527,0.4
-2.681,1.637
2.55,-1.099
-0.357,1.395
-1.004,0.2
-1.404,-0.478
-1.426,0.215
-1.385,-0.669
-1.506,-0.966
-1.48,0.18
2.516,-1.471
1.358,-1.777
-1.784,-1.705
-1.836,-1.674
0.587,1.996
-0.005,1.73
-0.121,1.994
-0.147,0.077
-0.16,0.914
-0.2,-0.477
-0.202,-0.302
-0.311,-1.647
-0.321,0.18
-0.256,0.087
-0.403,0.709
-0.377,0.75
-0.531,-0.662
-0.489,0.54
-0.568,0.558
-0.553,-1.03
-0.714,-1.297
-0.81,1.737
-0.833,-0.689
-0.834,0.439
-0.94,-0.652
-1.003,0.08
-0.963,0.361
-0.986,0.561
-1.09,0.521
-1.076,-0.696
-1.113,-1.976
-1.132,-0.992
-1.151,0.547
-1.185,-1.958
-1.304,-0.603
-1.254,0.23
-1.276,-0.615
-1.35,-1.127
-1.438,-1.522
-1.395,0.692
-1.44,0.633
-1.764,-0.166
-1.808,-0.704
-1.825,-1.507
-1.835,-0.903
-1.87,0.233
-1.975,-0.261
-2.016,-1.013
-1.938,-0.809
-2.016,-0.927
-2.076,-0.546
-2.246,-1.872
-2.289,-0.487
-2.254,-2.288
-2.683,-2.263
-2.815,-2.065
-2.898,-2.434
-2.984,-2.072
2.864,-2.227
2.546,-2.315
1.107,-2.337
0.842,-2.41
0.408,-2.342
0.148,-2.145
0.056,-2.222
-0.259,-2.49
-0.926,-2.252
-1.102,-2.208
-1.355,-2.239
-1.456,-2.109
-1.873,-2.168
-3.017,2.099
2.106,2.232
1.588,2.024
1.294,1.883
0.773,2.162
0.811,1.84
-0.823,1.971
-1.172,2.246
-1.559,1.802
-3.101,1.407
0.907,1.219
0.575,1.215
-0.348,-2.019
-1.071,1.878
-1.908,-2.413
-2.01,-2.331
1.784,1.755
-2.195,0.697
-2.255,-0.901
-2.267,-0.953
-2.381,-0.312
-2.474,0.242
-2.608,-1.23
-2.632,-0.384
-2.739,-0.281
-2.802,-1.11
-2.663,1.747
-2.842,1.622
-2.744,-1.238
-2.807,1.738
-2.82,-0.623
-3.111,-1.025
-3.012,-0.876
-3.018,-0.482
3.137,-0.353
3.084,0.429
2.875,-1.684
2.858,-1.055
2.845,-0.14
2.804,1.227
2.746,-1.429
2.683,0.374
2.639,0.741
2.585,1.56
2.608,0.203
2.685,1.369
2.491,-0.117
2.472,-0.333
2.354,-0.632
2.39,-0.71
2.351,-1.143
2.305,1.536
2.174,-0.348
2.246,1.822
1.955,-0.365
1.711,-1.253
1.632,-0.503
1.65,1.063
1.518,-0.923
1.518,-0.128
1.356,0.531
1.416,0.497
1.288,-0.804
1.408,0.504
1.38,1.05
1.137,-0.466
1.226,-0.978
0.91,1.816
1.023,0.984
0.957,0.262
0.806,-1.724
0.72,1.912
0.74,-1.944
0.84,-1.965
0.689,-0.976
0.812,-1.704
0.728,-0.297
0.711,1.508
0.608,1.897
0.45,0.493
0.437,1.29
0.413,1.53
0.355,1.895
0.351,1.469
0.259,0.289
0.253,0.686
0.107,1.865
0.242,-1.948
0.186,-1.226
0.052,1.385
0.159,1.648
0.022,1.956
-0.037,-0.466
0.052,-1.318
0.04,-0.692
-0.066,0.37
-0.196,-0.324
-0.063,-1.322
-0.224,1.613
-0.26,-1.699
-0.163,-1.23
-0.321,0.756
-0.234,1.379
-0.301,0.616
-0.361,0.341
-0.498,-0.526
-0.629,-0.529
-0.647,-1.838
-0.676,1.788
-0.705,0.515
-0.875,1.558
-0.924,-1.311
-0.969,-1.93
-1.004,-0.474
-0.909,-0.649
-0.976,1.237
-1.104,0.355
-1.227,-0.946
-1.13,-1.075
-1.342,-1.844
-1.706,-0.419
-1.754,-1.175
-1.787,-1.896
-1.832,0.301
-1.848,0.479
-1.833,0.567
-1.868,-0.292
-2.025,1.663
-1.898,0.31
-2.045,0.374
-2.071,1.555
-2.196,-0.131
-2.228,1.019
-2.386,-2.301
-2.921,-2.462
-2.82,-2.123
2.206,-2.33
1.913,-2.111
1.255,-2.49
1.039,-2.146
0.961,-2.344
0.867,-2.198
-0.332,-2.438
-0.885,-2.088
-2.102,-2.251
-2.551,1.99
-3.119,2.024
3.032,2.079
2.702,2.077
2.397,1.852
1.313,2.002
0.064,2.039
-0.772,2.131
1.031,0.817
0.88,1.314
0.629,-1.225
-0.406,-1.74
1.527,-0.997
0.404,-1.061
-0.496,0.68
-0.514,0.65
-1.576,0.124
-2.73,1.361
2.501,-1.375
-0.406,1.119
-1.053,-0.076
-1.453,-0.754
-1.475,-0.061
-1.434,-0.945
-1.555,-1.242
-1.529,-0.096
2.467,-1.747
1.309,-2.053
-1.833,-1.981
-1.885,-1.95
0.538,1.72
-0.116,0.264
-0.142,-1.653
-0.155,-0.816
-0.195,-2.207
-0.197,-2.032
-0.306,-3.377
-0.316,-1.55
-0.251,-1.643
-0.398,-1.021
-0.372,-0.98
-0.526,-2.392
-0.484,-1.19
-0.563,-1.172
-0.548,-2.76
-0.709,-3.027
-0.805,0.007
-0.828,-2.419
-0.829,-1.291
-0.935,-2.382
-0.998,-1.65
-0.958,-1.369
-0.981,-1.169
-1.085,-1.209
-1.071,-2.426
-1.108,-3.706
-1.127,-2.722
-1.146,-1.183
-1.18,-3.688
-1.299,-2.333
-1.249,-1.5
-1.271,-2.345
-1.345,-2.857
-1.433,-3.252
-1.39,-1.038
-1.435,-1.097
-1.759,-1.896
-1.803,-2.434
-1.82,-3.237
-1.83,-2.633
-1.865,-1.497
-1.97,-1.991
-2.011,-2.743
-1.933,-2.539
-2.011,-2.657
-2.071,-2.276
-2.241,-3.602
-2.284,-2.217
-2.249,-4.018
-2.678,-3.993
-2.81,-3.795
-2.893,-4.164
-2.979,-3.802
2.869,-3.957
2.551,-4.045
1.112,-4.067
0.847,-4.14
0.413,-4.072
0.153,-3.875
0.061,-3.952
-0.254,-4.22
-0.921,-3.982
-1.097,-3.938
-1.35,-3.969
-1.451,-3.839
-1.868,-3.898
-3.012,0.369
2.111,0.502
1.593,0.294
1.299,0.153
0.778,0.432
0.816,0.11
-0.818,0.241
-1.167,0.516
-1.554,0.072
-3.096,-0.323
0.912,-0.511
0.58,-0.515
-0.343,-3.749
-1.066,0.148
-1.903,-4.143
-2.005,-4.061
1.789,0.025
-2.19,-1.033
-2.25,-2.631
-2.262,-2.683
-2.376,-2.042
-2.469,-1.488
-2.603,-2.96
-2.627,-2.114
-2.734,-2.011
-2.797,-2.84
-2.658,0.017
-2.837,-0.108
-2.739,-2.968
-2.802,0.008
-2.815,-2.353
-3.106,-2.755
-3.007,-2.606
-3.013,-2.212
-3.141,-2.083
3.089,-1.301
2.88,-3.414
2.863,-2.785
2.85,-1.87
2.809,-0.503
2.751,-3.159
2.688,-1.356
2.644,-0.989
2.59,-0.17
2.613,-1.527
2.69,-0.361
2.496,-1.847
2.477,-2.063
2.359,-2.362
2.395,-2.44
2.356,-2.873
2.31,-0.194
2.179,-2.078
2.251,0.092
1.96,-2.095
1.716,-2.983
1.637,-2.233
1.655,-0.667
1.523,-2.653
1.523,-1.858
1.361,-1.199
1.421,-1.233
1.293,-2.534
1.413,-1.226
1.385,-0.68
1.142,-2.196
1.231,-2.708
0.915,0.086
1.028,-0.746
0.962,-1.468
0.811,-3.454
0.725,0.182
0.745,-3.674
0.845,-3.695
0.694,-2.706
0.817,-3.434
0.733,-2.027
0.716,-0.222
0.613,0.167
0.455,-1.237
0.442,-0.44
0.418,-0.2
0.36,0.165
0.356,-0.261
0.264,-1.441
0.258,-1.044
0.112,0.135
0.247,-3.678
0.191,-2.956
0.057,-0.345
0.164,-0.082
0.027,0.226
-0.032,-2.196
0.057,-3.048
0.045,-2.422
-0.061,-1.36
-0.191,-2.054
-0.058,-3.052
-0.219,-0.117
-0.255,-3.429
-0.158,-2.96
-0.316,-0.974
-0.229,-0.351
-0.296,-1.114
-0.356,-1.389
-0.493,-2.256
-0.624,-2.259
-0.642,-3.568
-0.671,0.058
-0.7,-1.215
-0.87,-0.172
-0.919,-3.041
-0.964,-3.66
-0.999,-2.204
-0.904,-2.379
-0.971,-0.493
-1.099,-1.375
-1.222,-2.676
-1.125,-2.805
-1.337,-3.574
-1.701,-2.149
-1.749,-2.905
-1.782,-3.626
-1.827,-1.429
-1.843,-1.251
-1.828,-1.163
-1.863,-2.022
-2.02,-0.067
-1.893,-1.42
-2.04,-1.356
-2.066,-0.175
-2.191,-1.861
-2.223,-0.711
-2.381,-4.031
-2.916,-4.192
-2.815,-3.853
2.211,-4.06
1.918,-3.841
1.26,-4.22
1.044,-3.876
0.966,-4.074
0.872,-3.928
-0.327,-4.168
-0.88,-3.818
-2.097,-3.981
-2.546,0.26
-3.114,0.294
3.037,0.349
2.707,0.347
2.402,0.122
1.318,0.272
0.069,0.309
-0.767,0.401
1.036,-0.913
0.885,-0.416
0.634,-2.955
-0.401,-3.47
1.532,-2.727
0.409,-2.791
-0.491,-1.05
-0.509,-1.08
-1.571,-1.606
-2.725,-0.369
2.506,-3.105
-0.401,-0.611
-1.048,-1.806
-1.448,-2.484
-1.47,-1.791
-1.429,-2.675
-1.55,-2.972
-1.524,-1.826
2.472,-3.477
1.314,-3.783
-1.828,-3.711
-1.88,-3.68
0.543,-0.01
-0.026,-1.917
-0.039,-1.08
-0.079,-2.471
-0.081,-2.296
-0.19,-3.641
-0.2,-1.814
-0.135,-1.907
-0.282,-1.285
-0.256,-1.244
-0.41,-2.656
-0.368,-1.454
-0.447,-1.436
-0.432,-3.024
-0.593,-3.291
-0.689,-0.257
-0.712,-2.683
-0.713,-1.555
-0.819,-2.646
-0.882,-1.914
-0.842,-1.633
-0.865,-1.433
-0.969,-1.473
-0.955,-2.69
-0.992,-3.97
-1.011,-2.986
-1.03,-1.447
-1.064,-3.952
-1.183,-2.597
-1.133,-1.764
-1.155,-2.609
-1.229,-3.121
-1.317,-3.516
-1.274,-1.302
-1.319,-1.361
-1.643,-2.16
-1.687,-2.698
-1.704,-3.501
-1.714,-2.897
-1.749,-1.761
-1.854,-2.255
-1.895,-3.007
-1.817,-2.803
-1.895,-2.921
-1.955,-2.54
-2.125,-3.866
-2.168,-2.481
-2.133,-4.282
-2.562,-4.257
-2.694,-4.059
-2.777,-4.428
-2.863,-4.066
2.985,-4.221
2.667,-4.309
1.228,-4.331
0.963,-4.404
0.529,-4.336
0.269,-4.139
0.177,-4.216
-0.138,-4.484
-0.805,-4.246
-0.981,-4.202
-1.234,-4.233
-1.335,-4.103
-1.752,-4.162
-2.896,0.105
2.227,0.238
1.709,0.03
1.415,-0.111
0.894,0.168
0.932,-0.154
-0.702,-0.023
-1.051,0.252
-1.438,-0.192
-2.98,-0.587
1.028,-0.775
0.696,-0.779
-0.227,-4.013
-0.95,-0.116
-1.787,-4.407
-1.889,-4.325
1.905,-0.239
-2.074,-1.297
-2.134,-2.895
-2.146,-2.947
-2.26,-2.306
-2.353,-1.752
-2.487,-3.224
-2.511,-2.378
-2.618,-2.275
-2.681,-3.104
-2.542,-0.247
-2.721,-0.372
-2.623,-3.232
-2.686,-0.256
-2.699,-2.617
-2.99,-3.019
-2.891,-2.87
-2.897,-2.476
-3.025,-2.347
-3.078,-1.565
2.996,-3.678
2.979,-3.049
2.966,-2.134
2.925,-0.767
2.867,-3.423
2.804,-1.62
2.76,-1.253
2.706,-0.434
2.729,-1.791
2.806,-0.625
2.612,-2.111
2.593,-2.327
2.475,-2.626
2.511,-2.704
2.472,-3.137
2.426,-0.458
2.295,-2.342
2.367,-0.172
2.076,-2.359
1.832,-3.247
1.753,-2.497
1.771,-0.931
1.639,-2.917
1.639,-2.122
1.477,-1.463
1.537,-1.497
1.409,-2.798
1.529,-1.49
1.501,-0.944
1.258,-2.46
1.347,-2.972
1.031,-0.178
1.144,-1.01
1.078,-1.732
0.927,-3.718
0.841,-0.082
0.861,-3.938
0.961,-3.959
0.81,-2.97
0.933,-3.698
0.849,-2.291
0.832,-0.486
0.729,-0.097
0.571,-1.501
0.558,-0.704
0.534,-0.464
0.476,-0.099
0.472,-0.525
0.38,-1.705
0.374,-1.308
0.228,-0.129
0.363,-3.942
0.307,-3.22
0.173,-0.609
0.28,-0.346
0.143,-0.038
0.084,-2.46
0.173,-3.312
0.161,-2.686
0.055,-1.624
-0.075,-2.318
0.058,-3.316
-0.103,-0.381
-0.139,-3.693
-0.042,-3.224
-0.2,-1.238
-0.113,-0.615
-0.18,-1.378
-0.24,-1.653
-0.377,-2.52
-0.508,-2.523
-0.526,-3.832
-0.555,-0.206
-0.584,-1.479
-0.754,-0.436
-0.803,-3.305
-0.848,-3.924
-0.883,-2.468
-0.788,-2.643
-0.855,-0.757
-0.983,-1.639
-1.106,-2.94
-1.009,-3.069
-1.221,-3.838
-1.585,-2.413
-1.633,-3.169
-1.666,-3.89
-1.711,-1.693
-1.727,-1.515
-1.712,-1.427
-1.747,-2.286
-1.904,-0.331
-1.777,-1.684
-1.924,-1.62
-1.95,-0.439
-2.075,-2.125
-2.107,-0.975
-2.265,-4.295
-2.8,-4.456
-2.699,-4.117
2.327,-4.324
2.034,-4.105
1.376,-4.484
1.16,-4.14
1.082,-4.338
0.988,-4.192
-0.211,-4.432
-0.764,-4.082
-1.981,-4.245
-2.43,-0.004
-2.998,0.03
-3.13,0.085
2.823,0.083
2.518,-0.142
1.434,0.008
0.185,0.045
-0.651,0.137
1.152,-1.177
1.001,-0.68
0.75,-3.219
-0.285,-3.734
1.648,-2.991
0.525,-3.055
-0.375,-1.314
-0.393,-1.344
-1.455,-1.87
-2.609,-0.633
2.622,-3.369
-0.285,-0.875
-0.932,-2.07
-1.332,-2.748
-1.354,-2.055
-1.313,-2.939
-1.434,-3.236
-1.408,-2.09
2.588,-3.741
1.43,-4.047
-1.712,-3.975
-1.764,-3.944
0.659,-0.274
-0.013,0.837
-0.053,-0.554
-0.055,-0.379
-0.164,-1.724
-0.174,0.103
-0.109,0.01
-0.256,0.632
-0.23,0.673
-0.384,-0.739
-0.342,0.463
-0.421,0.481
-0.406,-1.107
-0.567,-1.374
-0.663,1.66
-0.686,-0.766
-0.687,0.362
-0.793,-0.729
-0.856,0.003
-0.816,0.284
-0.839,0.484
-0.943,0.444
-0.929,-0.773
-0.966,-2.053
-0.985,-1.069
-1.004,0.47
-1.038,-2.035
-1.157,-0.68
-1.107,0.153
-1.129,-0.692
-1.203,-1.204
-1.291,-1.599
-1.248,0.615
-1.293,0.556
-1.617,-0.243
-1.661,-0.781
-1.678,-1.584
-1.688,-0.98
-1.723,0.156
-1.828,-0.338
-1.869,-1.09
-1.791,-0.886
-1.869,-1.004
-1.929,-0.623
-2.099,-1.949
-2.142,-0.564
-2.107,-2.365
-2.536,-2.34
-2.668,-2.142
-2.751,-2.511
-2.837,-2.149
3.011,-2.304
2.693,-2.392
1.254,-2.414
0.989,-2.487
0.555,-2.419
0.295,-2.222
0.203,-2.299
-0.112,-2.567
-0.779,-2.329
-0.955,-2.285
-1.208,-2.316
-1.309,-2.186
-1.726,-2.245
-2.87,2.022
2.253,2.155
1.735,1.947
1.441,1.806
0.92,2.085
0.958,1.763
-0.676,1.894
-1.025,2.169
-1.412,1.725
-2.954,1.33
1.054,1.142
0.722,1.138
-0.201,-2.096
-0.924,1.801
-1.761,-2.49
-1.863,-2.408
1.931,1.678
-2.048,0.62
-2.108,-0.978
-2.12,-1.03
-2.234,-0.389
-2.327,0.165
-2.461,-1.307
-2.485,-0.461
-2.592,-0.358
-2.655,-1.187
-2.516,1.67
-2.695,1.545
-2.597,-1.315
-2.66,1.661
-2.673,-0.7
-2.964,-1.102
-2.865,-0.953
-2.871,-0.559
-2.999,-0.43
-3.052,0.352
3.022,-1.761
3.005,-1.132
2.992,-0.217
2.951,1.15
2.893,-1.506
2.83,0.297
2.786,0.664
2.732,1.483
2.755,0.126
2.832,1.292
2.638,-0.194
2.619,-0.41
2.501,-0.709
2.537,-0.787
2.498,-1.22
2.452,1.459
2.321,-0.425
2.393,1.745
2.102,-0.442
1.858,-1.33
1.779,-0.58
1.797,0.986
1.665,-1.0
1.665,-0.205
1.503,0.454
1.563,0.42
1.435,-0.881
1.555,0.427
1.527,0.973
1.284,-0.543
1.373,-1.055
1.057,1.739
1.17,0.907
1.104,0.185
0.953,-1.801
0.867,1.835
0.887,-2.021
0.987,-2.042
0.836,-1.053
0.959,-1.781
0.875,-0.374
0.858,1.431
0.755,1.82
0.597,0.416
0.584,1.213
0.56,1.453
0.502,1.818
0.498,1.392
0.406,0.212
0.4,0.609
0.254,1.788
0.389,-2.025
0.333,-1.303
0.199,1.308
0.306,1.571
0.169,1.879
0.11,-0.543
0.199,-1.395
0.187,-0.769
0.081,0.293
-0.049,-0.401
0.084,-1.399
-0.077,1.536
-0.113,-1.776
-0.016,-1.307
-0.174,0.679
-0.087,1.302
-0.154,0.539
-0.214,0.264
-0.351,-0.603
-0.482,-0.606
-0.5,-1.915
-0.529,1.711
-0.558,0.438
-0.728,1.481
-0.777,-1.388
-0.822,-2.007
-0.857,-0.551
-0.762,-0.726
-0.829,1.16
-0.957,0.278
-1.08,-1.023
-0.983,-1.152
-1.195,-1.921
-1.559,-0.496
-1.607,-1.252
-1.64,-1.973
-1.685,0.224
-1.701,0.402
-1.686,0.49
-1.721,-0.369
-1.878,1.586
-1.751,0.233
-1.898,0.297
-1.924,1.478
-2.049,-0.208
-2.081,0.942
-2.239,-2.378
-2.774,-2.539
-2.673,-2.2
2.353,-2.407
2.06,-2.188
1.402,-2.567
1.186,-2.223
1.108,-2.421
1.014,-2.275
-0.185,-2.515
-0.738,-2.165
-1.955,-2.328
-2.404,1.913
-2.972,1.947
-3.104,2.002
2.849,2.0
2.544,1.775
1.46,1.925
0.211,1.962
-0.625,2.054
1.178,0.74
1.027,1.237
0.776,-1.302
-0.259,-1.817
1.674,-1.074
0.551,-1.138
-0.349,0.603
-0.367,0.573
-1.429,0.047
-2.583,1.284
2.648,-1.452
-0.259,1.042
-0.906,-0.153
-1.306,-0.831
-1.328,-0.138
-1.287,-1.022
-1.408,-1.319
-1.382,-0.173
2.614,-1.824
1.456,-2.13
-1.686,-2.058
-1.738,-2.027
0.685,1.643
-0.04,-1.391
-0.042,-1.216
-0.151,-2.561
-0.161,-0.734
-0.096,-0.827
-0.243,-0.205
-0.217,-0.164
-0.371,-1.576
-0.329,-0.374
-0.408,-0.356
-0.393,-1.944
-0.554,-2.211
-0.65,0.823
-0.673,-1.603
-0.674,-0.475
-0.78,-1.566
-0.843,-0.834
-0.803,-0.553
-0.826,-0.353
-0.93,-0.393
-0.916,-1.61
-0.953,-2.89
-0.972,-1.906
-0.991,-0.367
-1.025,-2.872
-1.144,-1.517
-1.094,-0.684
-1.116,-1.529
-1.19,-2.041
-1.278,-2.436
-1.235,-0.222
-1.28,-0.281
-1.604,-1.08
-1.648,-1.618
-1.665,-2.421
-1.675,-1.817
-1.71,-0.681
-1.815,-1.175
-1.856,-1.927
-1.778,-1.723
-1.856,-1.841
-1.916,-1.46
-2.086,-2.786
-2.129,-1.401
-2.094,-3.202
-2.523,-3.177
-2.655,-2.979
-2.738,-3.348
-2.824,-2.986
3.024,-3.141
2.706,-3.229
1.267,-3.251
1.002,-3.324
0.568,-3.256
0.308,-3.059
0.216,-3.136
-0.099,-3.404
-0.766,-3.166
-0.942,-3.122
-1.195,-3.153
-1.296,-3.023
-1.713,-3.082
-2.857,1.185
2.266,1.318
1.748,1.11
1.454,0.969
0.933,1.248
0.971,0.926
-0.663,1.057
-1.012,1.332
-1.399,0.888
-2.941,0.493
1.067,0.305
0.735,0.301
-0.188,-2.933
-0.911,0.964
-1.748,-3.327
-1.85,-3.245
1.944,0.841
-2.035,-0.217
-2.095,-1.815
-2.107,-1.867
-2.221,-1.226
-2.314,-0.672
-2.448,-2.144
-2.472,-1.298
-2.579,-1.195
-2.642,-2.024
-2.503,0.833
-2.682,0.708
-2.584,-2.152
-2.647,0.824
-2.66,-1.537
-2.951,-1.939
-2.852,-1.79
-2.858,-1.396
-2.986,-1.267
-3.039,-0.485
3.035,-2.598
3.018,-1.969
3.005,-1.054
2.964,0.313
2.906,-2.343
2.843,-0.54
2.799,-0.173
2.745,0.646
2.768,-0.711
2.845,0.455
2.651,-1.031
2.632,-1.247
2.514,-1.546
2.55,-1.624
2.511,-2.057
2.465,0.622
2.334,-1.262
2.406,0.908
2.115,-1.279
1.871,-2.167
1.792,-1.417
1.81,0.149
1.678,-1.837
1.678,-1.042
1.516,-0.383
1.576,-0.417
1.448,-1.718
1.568,-0.41
1.54,0.136
1.297,-1.38
1.386,-1.892
1.07,0.902
1.183,0.07
1.117,-0.652
0.966,-2.638
0.88,0.998
0.9,-2.858
1.0,-2.879
0.849,-1.89
0.972,-2.618
0.888,-1.211
0.871,0.594
0.768,0.983
0.61,-0.421
0.597,0.376
0.573,0.616
0.515,0.981
0.511,0.555
0.419,-0.625
0.413,-0.228
0.267,0.951
0.402,-2.862
0.346,-2.14
0.212,0.471
0.319,0.734
0.182,1.042
0.123,-1.38
0.212,-2.232
0.2,-1.606
0.094,-0.544
-0.036,-1.238
0.097,-2.236
-0.064,0.699
-0.1,-2.613
-0.003,-2.144
-0.161,-0.158
-0.074,0.465
-0.141,-0.298
-0.201,-0.573
-0.338,-1.44
-0.469,-1.443
-0.487,-2.752
-0.516,0.874
-0.545,-0.399
-0.715,0.644
-0.764,-2.225
-0.809,-2.844
-0.844,-1.388
-0.749,-1.563
-0.816,0.323
-0.944,-0.559
-1.067,-1.86
-0.97,-1.989
-1.182,-2.758
-1.546,-1.333
-1.594,-2.089
-1.627,-2.81
-1.672,-0.613
-1.688,-0.435
-1.673,-0.347
-1.708,-1.206
-1.865,0.749
-1.738,-0.604
-1.885,-0.54
-1.911,0.641
-2.036,-1.045
-2.068,0.105
-2.226,-3.215
-2.761,-3.376
-2.66,-3.037
2.366,-3.244
2.073,-3.025
1.415,-3.404
1.199,-3.06
1.121,-3.258
1.027,-3.112
-0.172,-3.352
-0.725,-3.002
-1.942,-3.165
-2.391,1.076
-2.959,1.11
-3.091,1.165
2.862,1.163
2.557,0.938
1.473,1.088
0.224,1.125
-0.612,1.217
1.191,-0.097
1.04,0.4
0.789,-2.139
-0.246,-2.654
1.687,-1.911
0.564,-1.975
-0.336,-0.234
-0.354,-0.264
-1.416,-0.79
-2.57,0.447
2.661,-2.289
-0.246,0.205
-0.893,-0.99
-1.293,-1.668
-1.315,-0.975
-1.274,-1.859
-1.395,-2.156
-1.369,-1.01
2.627,-2.661
1.469,-2.967
-1.673,-2.895
-1.725,-2.864
0.698,0.806
-0.002,0.175
-0.111,-1.17
-0.121,0.657
-0.056,0.564
-0.203,1.186
-0.177,1.227
-0.331,-0.185
-0.289,1.017
-0.368,1.035
-0.353,-0.553
-0.514,-0.82
-0.61,2.214
-0.633,-0.212
-0.634,0.916
-0.74,-0.175
-0.803,0.557
-0.763,0.838
-0.786,1.038
-0.89,0.998
-0.876,-0.219
-0.913,-1.499
-0.932,-0.515
-0.951,1.024
-0.985,-1.481
-1.104,-0.126
-1.054,0.707
-1.076,-0.138
-1.15,-0.65
-1.238,-1.045
-1.195,1.169
-1.24,1.11
-1.564,0.311
-1.608,-0.227
-1.625,-1.03
-1.635,-0.426
-1.67,0.71
-1.775,0.216
-1.816,-0.536
-1.738,-0.332
-1.816,-0.45
-1.876,-0.069
-2.046,-1.395
-2.089,-0.01
-2.054,-1.811
-2.483,-1.786
-2.615,-1.588
-2.698,-1.957
-2.784,-1.595
3.064,-1.75
2.746,-1.838
1.307,-1.86
1.042,-1.933
0.608,-1.865
0.348,-1.668
0.256,-1.745
-0.059,-2.013
-0.726,-1.775
-0.902,-1.731
-1.155,-1.762
-1.256,-1.632
-1.673,-1.691
-2.817,2.576
2.306,2.709
1.788,2.501
1.494,2.36
0.973,2.639
1.011,2.317
-0.623,2.448
-0.972,2.723
-1.359,2.279
-2.901,1.884
1.107,1.696
0.775,1.692
-0.148,-1.542
-0.871,2.355
-1.708,-1.936
-1.81,-1.854
1.984,2.232
-1.995,1.174
-2.055,-0.424
-2.067,-0.476
-2.181,0.165
-2.274,0.719
-2.408,-0.753
-2.432,0.093
-2.539,0.196
-2.602,-0.633
-2.463,2.224
-2.642,2.099
-2.544,-0.761
-2.607,2.215
-2.62,-0.146
-2.911,-0.548
-2.812,-0.399
-2.818,-0.005
-2.946,0.124
-2.999,0.906
3.075,-1.207
3.058,-0.578
3.045,0.337
3.004,1.704
2.946,-0.952
2.883,0.851
2.839,1.218
2.785,2.037
2.808,0.68
2.885,1.846
2.691,0.36
2.672,0.144
2.554,-0.155
2.59,-0.233
2.551,-0.666
2.505,2.013
2.374,0.129
2.446,2.299
2.155,0.112
1.911,-0.776
1.832,-0.026
1.85,1.54
1.718,-0.446
1.718,0.349
1.556,1.008
1.616,0.974
1.488,-0.327
1.608,0.981
1.58,1.527
1.337,0.011
1.426,-0.501
1.11,2.293
1.223,1.461
1.157,0.739
1.006,-1.247
0.92,2.389
0.94,-1.467
1.04,-1.488
0.889,-0.499
1.012,-1.227
0.928,0.18
0.911,1.985
0.808,2.374
0.65,0.97
0.637,1.767
0.613,2.007
0.555,2.372
0.551,1.946
0.459,0.766
0.453,1.163
0.307,2.342
0.442,-1.471
0.386,-0.749
0.252,1.862
0.359,2.125
0.222,2.433
0.163,0.011
0.252,-0.841
0.24,-0.215
0.134,0.847
0.004,0.153
0.137,-0.845
-0.024,2.09
-0.06,-1.222
0.037,-0.753
-0.121,1.233
-0.034,1.856
-0.101,1.093
-0.161,0.818
-0.298,-0.049
-0.429,-0.052
-0.447,-1.361
-0.476,2.265
-0.505,0.992
-0.675,2.035
-0.724,-0.834
-0.769,-1.453
-0.804,0.003
-0.709,-0.172
-0.776,1.714
-0.904,0.832
-1.027,-0.469
-0.93,-0.598
-1.142,-1.367
-1.506,0.058
-1.554,-0.698
-1.587,-1.419
-1.632,0.778
-1.648,0.956
-1.633,1.044
-1.668,0.185
-1.825,2.14
-1.698,0.787
-1.845,0.851
-1.871,2.032
-1.996,0.346
-2.028,1.496
-2.186,-1.824
-2.721,-1.985
-2.62,-1.646
2.406,-1.853
2.113,-1.634
1.455,-2.013
1.239,-1.669
1.161,-1.867
1.067,-1.721
-0.132,-1.961
-0.685,-1.611
-1.902,-1.774
-2.351,2.467
-2.919,2.501
-3.051,2.556
2.902,2.554
2.597,2.329
1.513,2.479
0.264,2.516
-0.572,2.608
1.231,1.294
1.08,1.791
0.829,-0.748
-0.206,-1.263
1.727,-0.52
0.604,-0.584
-0.296,1.157
-0.314,1.127
-1.376,0.601
-2.53,1.838
2.701,-0.898
-0.206,1.596
-0.853,0.401
-1.253,-0.277
-1.275,0.416
-1.234,-0.468
-1.355,-0.765
-1.329,0.381
2.667,-1.27
1.509,-1.576
-1.633,-1.504
-1.685,-1.473
0.738,2.197
-0.109,-1.345
-0.119,0.482
-0.054,0.389
-0.201,1.011
-0.175,1.052
-0.329,-0.36
-0.287,0.842
-0.366,0.86
-0.351,-0.728
-0.512,-0.995
-0.608,2.039
-0.631,-0.387
-0.632,0.741
-0.738,-0.35
-0.801,0.382
-0.761,0.663
-0.784,0.863
-0.888,0.823
-0.874,-0.394
-0.911,-1.674
-0.93,-0.69
-0.949,0.849
-0.983,-1.656
-1.102,-0.301
-1.052,0.532
-1.074,-0.313
-1.148,-0.825
-1.236,-1.22
-1.193,0.994
-1.238,0.935
-1.562,0.136
-1.606,-0.402
-1.623,-1.205
-1.633,-0.601
-1.668,0.535
-1.773,0.041
-1.814,-0.711
-1.736,-0.507
-1.814,-0.625
-1.874,-0.244
-2.044,-1.57
-2.087,-0.185
-2.052,-1.986
-2.481,-1.961
-2.613,-1.763
-2.696,-2.132
-2.782,-1.77
3.066,-1.925
2.748,-2.013
1.309,-2.035
1.044,-2.108
0.61,-2.04
0.35,-1.843
0.258,-1.92
-0.057,-2.188
-0.724,-1.95
-0.9,-1.906
-1.153,-1.937
-1.254,-1.807
-1.671,-1.866
-2.815,2.401
2.308,2.534
1.79,2.326
1.496,2.185
0.975,2.464
1.013,2.142
-0.621,2.273
-0.97,2.548
-1.357,2.104
-2.899,1.709
1.109,1.521
0.777,1.517
-0.146,-1.717
-0.869,2.18
-1.706,-2.111
-1.808,-2.029
1.986,2.057
-1.993,0.999
-2.053,-0.599
-2.065,-0.651
-2.179,-0.01
-2.272,0.544
-2.406,-0.928
-2.43,-0.082
-2.537,0.021
-2.6,-0.808
-2.461,2.049
-2.64,1.924
-2.542,-0.936
-2.605,2.04
-2.618,-0.321
-2.909,-0.723
-2.81,-0.574
-2.816,-0.18
-2.944,-0.051
-2.997,0.731
3.077,-1.382
3.06,-0.753
3.047,0.162
3.006,1.529
2.948,-1.127
2.885,0.676
2.841,1.043
2.787,1.862
2.81,0.505
2.887,1.671
2.693,0.185
2.674,-0.031
2.556,-0.33
2.592,-0.408
2.553,-0.841
2.507,1.838
2.376,-0.046
2.448,2.124
2.157,-0.063
1.913,-0.951
1.834,-0.201
1.852,1.365
1.72,-0.621
1.72,0.174
1.558,0.833
1.618,0.799
1.49,-0.502
1.61,0.806
1.582,1.352
1.339,-0.164
1.428,-0.676
1.112,2.118
1.225,1.286
1.159,0.564
1.008,-1.422
0.922,2.214
0.942,-1.642
1.042,-1.663
0.891,-0.674
1.014,-1.402
0.93,0.005
0.913,1.81
0.81,2.199
0.652,0.795
0.639,1.592
0.615,1.832
0.557,2.197
0.553,1.771
0.461,0.591
0.455,0.988
0.309,2.167
0.444,-1.646
0.388,-0.924
0.254,1.687
0.361,1.95
0.224,2.258
0.165,-0.164
0.254,-1.016
0.242,-0.39
0.136,0.672
0.006,-0.022
0.139,-1.02
-0.022,1.915
-0.058,-1.397
0.039,-0.928
-0.119,1.058
-0.032,1.681
-0.099,0.918
-0.159,0.643
-0.296,-0.224
-0.427,-0.227
-0.445,-1.536
-0.474,2.09
-0.503,0.817
-0.673,1.86
-0.722,-1.009
-0.767,-1.628
-0.802,-0.172
-0.707,-0.347
-0.774,1.539
-0.902,0.657
-1.025,-0.644
-0.928,-0.773
-1.14,-1.542
-1.504,-0.117
-1.552,-0.873
-1.585,-1.594
-1.63,0.603
-1.646,0.781
-1.631,0.869
-1.666,0.01
-1.823,1.965
-1.696,0.612
-1.843,0.676
-1.869,1.857
-1.994,0.171
-2.026,1.321
-2.184,-1.999
-2.719,-2.16
-2.618,-1.821
2.408,-2.028
2.115,-1.809
1.457,-2.188
1.241,-1.844
1.163,-2.042
1.069,-1.896
-0.13,-2.136
-0.683,-1.786
-1.9,-1.949
-2.349,2.292
-2.917,2.326
-3.049,2.381
2.904,2.379
2.599,2.154
1.515,2.304
0.266,2.341
-0.57,2.433
1.233,1.119
1.082,1.616
0.831,-0.923
-0.204,-1.438
1.729,-0.695
0.606,-0.759
-0.294,0.982
-0.312,0.952
-1.374,0.426
-2.528,1.663
2.703,-1.073
-0.204,1.421
-0.851,0.226
-1.251,-0.452
-1.273,0.241
-1.232,-0.643
-1.353,-0.94
-1.327,0.206
2.669,-1.445
1.511,-1.751
-1.631,-1.679
-1.683,-1.648
0.74,2.022
-0.01,1.827
0.055,1.734
-0.092,2.356
-0.066,2.397
-0.22,0.985
-0.178,2.187
-0.257,2.205
-0.242,0.617
-0.403,0.35
-0.499,3.384
-0.522,0.958
-0.523,2.086
-0.629,0.995
-0.692,1.727
-0.652,2.008
-0.675,2.208
-0.779,2.168
-0.765,0.951
-0.802,-0.329
-0.821,0.655
-0.84,2.194
-0.874,-0.311
-0.993,1.044
-0.943,1.877
-0.965,1.032
-1.039,0.52
-1.127,0.125
-1.084,2.339
-1.129,2.28
-1.453,1.481
-1.497,0.943
-1.514,0.14
-1.524,0.744
-1.559,1.88
-1.664,1.386
-1.705,0.634
-1.627,0.838
-1.705,0.72
-1.765,1.101
-1.935,-0.225
-1.978,1.16
-1.943,-0.641
-2.372,-0.616
-2.504,-0.418
-2.587,-0.787
-2.673,-0.425
-3.108,-0.58
2.857,-0.668
1.418,-0.69
1.153,-0.763
0.719,-0.695
0.459,-0.498
0.367,-0.575
0.052,-0.843
-0.615,-0.605
-0.791,-0.561
-1.044,-0.592
-1.145,-0.462
-1.562,-0.521
-2.706,3.746
2.417,3.879
1.899,3.671
1.605,3.53
1.084,3.809
1.122,3.487
-0.512,3.618
-0.861,3.893
-1.248,3.449
-2.79,3.054
1.218,2.866
0.886,2.862
-0.037,-0.372
-0.76,3.525
-1.597,-0.766
-1.699,-0.684
2.095,3.402
-1.884,2.344
-1.944,0.746
-1.956,0.694
-2.07,1.335
-2.163,1.889
-2.297,0.417
-2.321,1.263
-2.428,1.366
-2.491,0.537
-2.352,3.394
-2.531,3.269
-2.433,0.409
-2.496,3.385
-2.509,1.024
-2.8,0.622
-2.701,0.771
-2.707,1.165
-2.835,1.294
-2.888,2.076
-3.097,-0.037
-3.114,0.592
-3.127,1.507
3.115,2.874
3.057,0.218
2.994,2.021
2.95,2.388
2.896,3.207
2.919,1.85
2.996,3.016
2.802,1.53
2.783,1.314
2.665,1.015
2.701,0.937
2.662,0.504
2.616,3.183
2.485,1.299
2.557,3.469
2.266,1.282
2.022,0.394
1.943,1.144
1.961,2.71
1.829,0.724
1.829,1.519
1.667,2.178
1.727,2.144
1.599,0.843
1.719,2.151
1.691,2.697
1.448,1.181
1.537,0.669
1.221,3.463
1.334,2.631
1.268,1.909
1.117,-0.077
1.031,3.559
1.051,-0.297
1.151,-0.318
1.0,0.671
1.123,-0.057
1.039,1.35
1.022,3.155
0.919,3.544
0.761,2.14
0.748,2.937
0.724,3.177
0.666,3.542
0.662,3.116
0.57,1.936
0.564,2.333
0.418,3.512
0.553,-0.301
0.497,0.421
0.363,3.032
0.47,3.295
0.333,3.603
0.274,1.181
0.363,0.329
0.351,0.955
0.245,2.017
0.115,1.323
0.248,0.325
0.087,3.26
0.051,-0.052
0.148,0.417
-0.01,2.403
0.077,3.026
0.01,2.263
-0.05,1.988
-0.187,1.121
-0.318,1.118
-0.336,-0.191
-0.365,3.435
-0.394,2.162
-0.564,3.205
-0.613,0.336
-0.658,-0.283
-0.693,1.173
-0.598,0.998
-0.665,2.884
-0.793,2.002
-0.916,0.701
-0.819,0.572
-1.031,-0.197
-1.395,1.228
-1.443,0.472
-1.476,-0.249
-1.521,1.948
-1.537,2.126
-1.522,2.214
-1.557,1.355
-1.714,3.31
-1.587,1.957
-1.734,2.021
-1.76,3.202
-1.885,1.516
-1.917,2.666
-2.075,-0.654
-2.61,-0.815
-2.509,-0.476
2.517,-0.683
2.224,-0.464
1.566,-0.843
1.35,-0.499
1.272,-0.697
1.178,-0.551
-0.021,-0.791
-0.574,-0.441
-1.791,-0.604
-2.24,3.637
-2.808,3.671
-2.94,3.726
3.013,3.724
2.708,3.499
1.624,3.649
0.375,3.686
-0.461,3.778
1.342,2.464
1.191,2.961
0.94,0.422
-0.095,-0.093
1.838,0.65
0.715,0.586
-0.185,2.327
-0.203,2.297
-1.265,1.771
-2.419,3.008
2.812,0.272
-0.095,2.766
-0.742,1.571
-1.142,0.893
-1.164,1.586
-1.123,0.702
-1.244,0.405
-1.218,1.551
2.778,-0.1
1.62,-0.406
-1.522,-0.334
-1.574,-0.303
0.849,3.367
0.065,-0.093
-0.082,0.529
-0.056,0.57
-0.21,-0.842
-0.168,0.36
-0.247,0.378
-0.232,-1.21
-0.393,-1.477
-0.489,1.557
-0.512,-0.869
-0.513,0.259
-0.619,-0.832
-0.682,-0.1
-0.642,0.181
-0.665,0.381
-0.769,0.341
-0.755,-0.876
-0.792,-2.156
-0.811,-1.172
-0.83,0.367
-0.864,-2.138
-0.983,-0.783
-0.933,0.05
-0.955,-0.795
-1.029,-1.307
-1.117,-1.702
-1.074,0.512
-1.119,0.453
-1.443,-0.346
-1.487,-0.884
-1.504,-1.687
-1.514,-1.083
-1.549,0.053
-1.654,-0.441
-1.695,-1.193
-1.617,-0.989
-1.695,-1.107
-1.755,-0.726
-1.925,-2.052
-1.968,-0.667
-1.933,-2.468
-2.362,-2.443
-2.494,-2.245
-2.577,-2.614
-2.663,-2.252
-3.098,-2.407
2.867,-2.495
1.428,-2.517
1.163,-2.59
0.729,-2.522
0.469,-2.325
0.377,-2.402
0.062,-2.67
-0.605,-2.432
-0.781,-2.388
-1.034,-2.419
-1.135,-2.289
-1.552,-2.348
-2.696,1.919
2.427,2.052
1.909,1.844
1.615,1.703
1.094,1.982
1.132,1.66
-0.502,1.791
-0.851,2.066
-1.238,1.622
-2.78,1.227
1.228,1.039
0.896,1.035
-0.027,-2.199
-0.75,1.698
-1.587,-2.593
-1.689,-2.511
2.105,1.575
-1.874,0.517
-1.934,-1.081
-1.946,-1.133
-2.06,-0.492
-2.153,0.062
-2.287,-1.41
-2.311,-0.564
-2.418,-0.461
-2.481,-1.29
-2.342,1.567
-2.521,1.442
-2.423,-1.418
-2.486,1.558
-2.499,-0.803
-2.79,-1.205
-2.691,-1.056
-2.697,-0.662
-2.825,-0.533
-2.878,0.249
-3.087,-1.864
-3.104,-1.235
-3.117,-0.32
3.125,1.047
3.067,-1.609
3.004,0.194
2.96,0.561
2.906,1.38
2.929,0.023
3.006,1.189
2.812,-0.297
2.793,-0.513
2.675,-0.812
2.711,-0.89
2.672,-1.323
2.626,1.356
2.495,-0.528
2.567,1.642
2.276,-0.545
2.032,-1.433
1.953,-0.683
1.971,0.883
1.839,-1.103
1.839,-0.308
1.677,0.351
1.737,0.317
1.609,-0.984
1.729,0.324
1.701,0.87
1.458,-0.646
1.547,-1.158
1.231,1.636
1.344,0.804
1.278,0.082
1.127,-1.904
1.041,1.732
1.061,-2.124
1.161,-2.145
1.01,-1.156
1.133,-1.884
1.049,-0.477
1.032,1.328
0.929,1.717
0.771,0.313
0.758,1.11
0.734,1.35
0.676,1.715
0.672,1.289
0.58,0.109
0.574,0.506
0.428,1.685
0.563,-2.128
0.507,-1.406
0.373,1.205
0.48,1.468
0.343,1.776
0.284,-0.646
0.373,-1.498
0.361,-0.872
0.255,0.19
0.125,-0.504
0.258,-1.502
0.097,1.433
0.061,-1.879
0.158,-1.41
0.0,0.576
0.087,1.199
0.02,0.436
-0.04,0.161
-0.177,-0.706
-0.308,-0.709
-0.326,-2.018
-0.355,1.608
-0.384,0.335
-0.554,1.378
-0.603,-1.491
-0.648,-2.11
-0.683,-0.654
-0.588,-0.829
-0.655,1.057
-0.783,0.175
-0.906,-1.126
-0.809,-1.255
-1.021,-2.024
-1.385,-0.599
-1.433,-1.355
-1.466,-2.076
-1.511,0.121
-1.527,0.299
-1.512,0.387
-1.547,-0.472
-1.704,1.483
-1.577,0.13
-1.724,0.194
-1.75,1.375
-1.875,-0.311
-1.907,0.839
-2.065,-2.481
-2.6,-2.642
-2.499,-2.303
2.527,-2.51
2.234,-2.291
1.576,-2.67
1.36,-2.326
1.282,-2.524
1.188,-2.378
-0.011,-2.618
-0.564,-2.268
-1.781,-2.431
-2.23,1.81
-2.798,1.844
-2.93,1.899
3.023,1.897
2.718,1.672
1.634,1.822
0.385,1.859
-0.451,1.951
1.352,0.637
1.201,1.134
0.95,-1.405
-0.085,-1.92
1.848,-1.177
0.725,-1.241
-0.175,0.5
-0.193,0.47
-1.255,-0.056
-2.409,1.181
2.822,-1.555
-0.085,0.939
-0.732,-0.256
-1.132,-0.934
-1.154,-0.241
-1.113,-1.125
-1.234,-1.422
-1.208,-0.276
2.788,-1.927
1.63,-2.233
-1.512,-2.161
-1.564,-2.13
0.859,1.54
-0.147,0.622
-0.121,0.663
-0.275,-0.749
-0.233,0.453
-0.312,0.471
-0.297,-1.117
-0.458,-1.384
-0.554,1.65
-0.577,-0.776
-0.578,0.352
-0.684,-0.739
-0.747,-0.007
-0.707,0.274
-0.73,0.474
-0.834,0.434
-0.82,-0.783
-0.857,-2.063
-0.876,-1.079
-0.895,0.46
-0.929,-2.045
-1.048,-0.69
-0.998,0.143
-1.02,-0.702
-1.094,-1.214
-1.182,-1.609
-1.139,0.605
-1.184,0.546
-1.508,-0.253
-1.552,-0.791
-1.569,-1.594
-1.579,-0.99
-1.614,0.146
-1.719,-0.348
-1.76,-1.1
-1.682,-0.896
-1.76,-1.014
-1.82,-0.633
-1.99,-1.959
-2.033,-0.574
-1.998,-2.375
-2.427,-2.35
-2.559,-2.152
-2.642,-2.521
-2.728,-2.159
3.12,-2.314
2.802,-2.402
1.363,-2.424
1.098,-2.497
0.664,-2.429
0.404,-2.232
0.312,-2.309
-0.003,-2.577
-0.67,-2.339
-0.846,-2.295
-1.099,-2.326
-1.2,-2.196
-1.617,-2.255
-2.761,2.012
2.362,2.145
1.844,1.937
1.55,1.796
1.029,2.075
1.067,1.753
-0.567,1.884
-0.916,2.159
-1.303,1.715
-2.845,1.32
1.163,1.132
0.831,1.128
-0.092,-2.106
-0.815,1.791
-1.652,-2.5
-1.754,-2.418
2.04,1.668
-1.939,0.61
-1.999,-0.988
-2.011,-1.04
-2.125,-0.399
-2.218,0.155
-2.352,-1.317
-2.376,-0.471
-2.483,-0.368
-2.546,-1.197
-2.407,1.66
-2.586,1.535
-2.488,-1.325
-2.551,1.651
-2.564,-0.71
-2.855,-1.112
-2.756,-0.963
-2.762,-0.569
-2.89,-0.44
-2.943,0.342
3.131,-1.771
3.114,-1.142
3.101,-0.227
3.06,1.14
3.002,-1.516
2.939,0.287
2.895,0.654
2.841,1.473
2.864,0.116
2.941,1.282
2.747,-0.204
2.728,-0.42
2.61,-0.719
2.646,-0.797
2.607,-1.23
2.561,1.449
2.43,-0.435
2.502,1.735
2.211,-0.452
1.967,-1.34
1.888,-0.59
1.906,0.976
1.774,-1.01
1.774,-0.215
1.612,0.444
1.672,0.41
1.544,-0.891
1.664,0.417
1.636,0.963
1.393,-0.553
1.482,-1.065
1.166,1.729
1.279,0.897
1.213,0.175
1.062,-1.811
0.976,1.825
0.996,-2.031
1.096,-2.052
0.945,-1.063
1.068,-1.791
0.984,-0.384
0.967,1.421
0.864,1.81
0.706,0.406
0.693,1.203
0.669,1.443
0.611,1.808
0.607,1.382
0.515,0.202
0.509,0.599
0.363,1.778
0.498,-2.035
0.442,-1.313
0.308,1.298
0.415,1.561
0.278,1.869
0.219,-0.553
0.308,-1.405
0.296,-0.779
0.19,0.283
0.06,-0.411
0.193,-1.409
0.032,1.526
-0.004,-1.786
0.093,-1.317
-0.065,0.669
0.022,1.292
-0.045,0.529
-0.105,0.254
-0.242,-0.613
-0.373,-0.616
-0.391,-1.925
-0.42,1.701
-0.449,0.428
-0.619,1.471
-0.668,-1.398
-0.713,-2.017
-0.748,-0.561
-0.653,-0.736
-0.72,1.15
-0.848,0.268
-0.971,-1.033
-0.874,-1.162
-1.086,-1.931
-1.45,-0.506
-1.498,-1.262
-1.531,-1.983
-1.576,0.214
-1.592,0.392
-1.577,0.48
-1.612,-0.379
-1.769,1.576
-1.642,0.223
-1.789,0.287
-1.815,1.468
-1.94,-0.218
-1.972,0.932
-2.13,-2.388
-2.665,-2.549
-2.564,-2.21
2.462,-2.417
2.169,-2.198
1.511,-2.577
1.295,-2.233
1.217,-2.431
1.123,-2.285
-0.076,-2.525
-0.629,-2.175
-1.846,-2.338
-2.295,1.903
-2.863,1.937
-2.995,1.992
2.958,1.99
2.653,1.765
1.569,1.915
0.32,1.952
-0.516,2.044
1.287,0.73
1.136,1.227
0.885,-1.312
-0.15,-1.827
1.783,-1.084
0.66,-1.148
-0.24,0.593
-0.258,0.563
-1.32,0.037
-2.474,1.274
2.757,-1.462
-0.15,1.032
-0.797,-0.163
-1.197,-0.841
-1.219,-0.148
-1.178,-1.032
-1.299,-1.329
-1.273,-0.183
2.723,-1.834
1.565,-2.14
-1.577,-2.068
-1.629,-2.037
0.794,1.633
0.026,0.041
-0.128,-1.371
-0.086,-0.169
-0.165,-0.151
-0.15,-1.739
-0.311,-2.006
-0.407,1.028
-0.43,-1.398
-0.431,-0.27
-0.537,-1.361
-0.6,-0.629
-0.56,-0.348
-0.583,-0.148
-0.687,-0.188
-0.673,-1.405
-0.71,-2.685
-0.729,-1.701
-0.748,-0.162
-0.782,-2.667
-0.901,-1.312
-0.851,-0.479
-0.873,-1.324
-0.947,-1.836
-1.035,-2.231
-0.992,-0.017
-1.037,-0.076
-1.361,-0.875
-1.405,-1.413
-1.422,-2.216
-1.432,-1.612
-1.467,-0.476
-1.572,-0.97
-1.613,-1.722
-1.535,-1.518
-1.613,-1.636
-1.673,-1.255
-1.843,-2.581
-1.886,-1.196
-1.851,-2.997
-2.28,-2.972
-2.412,-2.774
-2.495,-3.143
-2.581,-2.781
-3.016,-2.936
2.949,-3.024
1.51,-3.046
1.245,-3.119
0.811,-3.051
0.551,-2.854
0.459,-2.931
0.144,-3.199
-0.523,-2.961
-0.699,-2.917
-0.952,-2.948
-1.053,-2.818
-1.47,-2.877
-2.614,1.39
2.509,1.523
1.991,1.315
1.697,1.174
1.176,1.453
1.214,1.131
-0.42,1.262
-0.769,1.537
-1.156,1.093
-2.698,0.698
1.31,0.51
0.978,0.506
0.055,-2.728
-0.668,1.169
-1.505,-3.122
-1.607,-3.04
2.187,1.046
-1.792,-0.012
-1.852,-1.61
-1.864,-1.662
-1.978,-1.021
-2.071,-0.467
-2.205,-1.939
-2.229,-1.093
-2.336,-0.99
-2.399,-1.819
-2.26,1.038
-2.439,0.913
-2.341,-1.947
-2.404,1.029
-2.417,-1.332
-2.708,-1.734
-2.609,-1.585
-2.615,-1.191
-2.743,-1.062
-2.796,-0.28
-3.005,-2.393
-3.022,-1.764
-3.035,-0.849
-3.076,0.518
-3.134,-2.138
3.086,-0.335
3.042,0.032
2.988,0.851
3.011,-0.506
3.088,0.66
2.894,-0.826
2.875,-1.042
2.757,-1.341
2.793,-1.419
2.754,-1.852
2.708,0.827
2.577,-1.057
2.649,1.113
2.358,-1.074
2.114,-1.962
2.035,-1.212
2.053,0.354
1.921,-1.632
1.921,-0.837
1.759,-0.178
1.819,-0.212
1.691,-1.513
1.811,-0.205
1.783,0.341
1.54,-1.175
1.629,-1.687
1.313,1.107
1.426,0.275
1.36,-0.447
1.209,-2.433
1.123,1.203
1.143,-2.653
1.243,-2.674
1.092,-1.685
1.215,-2.413
1.131,-1.006
1.114,0.799
1.011,1.188
0.853,-0.216
0.84,0.581
0.816,0.821
0.758,1.186
0.754,0.76
0.662,-0.42
0.656,-0.023
0.51,1.156
0.645,-2.657
0.589,-1.935
0.455,0.676
0.562,0.939
0.425,1.247
0.366,-1.175
0.455,-2.027
0.443,-1.401
0.337,-0.339
0.207,-1.033
0.34,-2.031
0.179,0.904
0.143,-2.408
0.24,-1.939
0.082,0.047
0.169,0.67
0.102,-0.093
0.042,-0.368
-0.095,-1.235
-0.226,-1.238
-0.244,-2.547
-0.273,1.079
-0.302,-0.194
-0.472,0.849
-0.521,-2.02
-0.566,-2.639
-0.601,-1.183
-0.506,-1.358
-0.573,0.528
-0.701,-0.354
-0.824,-1.655
-0.727,-1.784
-0.939,-2.553
-1.303,-1.128
-1.351,-1.884
-1.384,-2.605
-1.429,-0.408
-1.445,-0.23
-1.43,-0.142
-1.465,-1.001
-1.622,0.954
-1.495,-0.399
-1.642,-0.335
-1.668,0.846
-1.793,-0.84
-1.825,0.31
-1.983,-3.01
-2.518,-3.171
-2.417,-2.832
2.609,-3.039
2.316,-2.82
1.658,-3.199
1.442,-2.855
1.364,-3.053
1.27,-2.907
0.071,-3.147
-0.482,-2.797
-1.699,-2.96
-2.148,1.281
-2.716,1.315
-2.848,1.37
3.105,1.368
2.8,1.143
1.716,1.293
0.467,1.33
-0.369,1.422
1.434,0.108
1.283,0.605
1.032,-1.934
-0.003,-2.449
1.93,-1.706
0.807,-1.77
-0.093,-0.029
-0.111,-0.059
-1.173,-0.585
-2.327,0.652
2.904,-2.084
-0.003,0.41
-0.65,-0.785
-1.05,-1.463
-1.072,-0.77
-1.031,-1.654
-1.152,-1.951
-1.126,-0.805
2.87,-2.456
1.712,-2.762
-1.43,-2.69
-1.482,-2.659
0.941,1.011
-0.154,-1.412
-0.112,-0.21
-0.191,-0.192
-0.176,-1.78
-0.337,-2.047
-0.433,0.987
-0.456,-1.439
-0.457,-0.311
-0.563,-1.402
-0.626,-0.67
-0.586,-0.389
-0.609,-0.189
-0.713,-0.229
-0.699,-1.446
-0.736,-2.726
-0.755,-1.742
-0.774,-0.203
-0.808,-2.708
-0.927,-1.353
-0.877,-0.52
-0.899,-1.365
-0.973,-1.877
-1.061,-2.272
-1.018,-0.058
-1.063,-0.117
-1.387,-0.916
-1.431,-1.454
-1.448,-2.257
-1.458,-1.653
-1.493,-0.517
-1.598,-1.011
-1.639,-1.763
-1.561,-1.559
-1.639,-1.677
-1.699,-1.296
-1.869,-2.622
-1.912,-1.237
-1.877,-3.038
-2.306,-3.013
-2.438,-2.815
-2.521,-3.184
-2.607,-2.822
-3.042,-2.977
2.923,-3.065
1.484,-3.087
1.219,-3.16
0.785,-3.092
0.525,-2.895
0.433,-2.972
0.118,-3.24
-0.549,-3.002
-0.725,-2.958
-0.978,-2.989
-1.079,-2.859
-1.496,-2.918
-2.64,1.349
2.483,1.482
1.965,1.274
1.671,1.133
1.15,1.412
1.188,1.09
-0.446,1.221
-0.795,1.496
-1.182,1.052
-2.724,0.657
1.284,0.469
0.952,0.465
0.029,-2.769
-0.694,1.128
-1.531,-3.163
-1.633,-3.081
2.161,1.005
-1.818,-0.053
-1.878,-1.651
-1.89,-1.703
-2.004,-1.062
-2.097,-0.508
-2.231,-1.98
-2.255,-1.134
-2.362,-1.031
-2.425,-1.86
-2.286,0.997
-2.465,0.872
-2.367,-1.988
-2.43,0.988
-2.443,-1.373
-2.734,-1.775
-2.635,-1.626
-2.641,-1.232
-2.769,-1.103
-2.822,-0.321
-3.031,-2.434
-3.048,-1.805
-3.061,-0.89
-3.102,0.477
3.123,-2.179
3.06,-0.376
3.016,-0.009
2.962,0.81
2.985,-0.547
3.062,0.619
2.868,-0.867
2.849,-1.083
2.731,-1.382
2.767,-1.46
2.728,-1.893
2.682,0.786
2.551,-1.098
2.623,1.072
2.332,-1.115
2.088,-2.003
2.009,-1.253
2.027,0.313
1.895,-1.673
1.895,-0.878
1.733,-0.219
1.793,-0.253
1.665,-1.554
1.785,-0.246
1.757,0.3
1.514,-1.216
1.603,-1.728
1.287,1.066
1.4,0.234
1.334,-0.488
1.183,-2.474
1.097,1.162
1.117,-2.694
1.217,-2.715
1.066,-1.726
1.189,-2.454
1.105,-1.047
1.088,0.758
0.985,1.147
0.827,-0.257
0.814,0.54
0.79,0.78
0.732,1.145
0.728,0.719
0.636,-0.461
0.63,-0.064
0.484,1.115
0.619,-2.698
0.563,-1.976
0.429,0.635
0.536,0.898
0.399,1.206
0.34,-1.216
0.429,-2.068
0.417,-1.442
0.311,-0.38
0.181,-1.074
0.314,-2.072
0.153,0.863
0.117,-2.449
0.214,-1.98
0.056,0.006
0.143,0.629
0.076,-0.134
0.016,-0.409
-0.121,-1.276
-0.252,-1.279
-0.27,-2.588
-0.299,1.038
-0.328,-0.235
-0.498,0.808
-0.547,-2.061
-0.592,-2.68
-0.627,-1.224
-0.532,-1.399
-0.599,0.487
-0.727,-0.395
-0.85,-1.696
-0.753,-1.825
-0.965,-2.594
-1.329,-1.169
-1.377,-1.925
-1.41,-2.646
-1.455,-0.449
-1.471,-0.271
-1.456,-0.183
-1.491,-1.042
-1.648,0.913
-1.521,-0.44
-1.668,-0.376
-1.694,0.805
-1.819,-0.881
-1.851,0.269
-2.009,-3.051
-2.544,-3.212
-2.443,-2.873
2.583,-3.08
2.29,-2.861
1.632,-3.24
1.416,-2.896
1.338,-3.094
1.244,-2.948
0.045,-3.188
-0.508,-2.838
-1.725,-3.001
-2.174,1.24
-2.742,1.274
-2.874,1.329
3.079,1.327
2.774,1.102
1.69,1.252
0.441,1.289
-0.395,1.381
1.408,0.067
1.257,0.564
1.006,-1.975
-0.029,-2.49
1.904,-1.747
0.781,-1.811
-0.119,-0.07
-0.137,-0.1
-1.199,-0.626
-2.353,0.611
2.878,-2.125
-0.029,0.369
-0.676,-0.826
-1.076,-1.504
-1.098,-0.811
-1.057,-1.695
-1.178,-1.992
-1.152,-0.846
2.844,-2.497
1.686,-2.803
-1.456,-2.731
-1.508,-2.7
0.915,0.97
0.042,1.202
-0.037,1.22
-0.022,-0.368
-0.183,-0.635
-0.279,2.399
-0.302,-0.027
-0.303,1.101
-0.409,0.01
-0.472,0.742
-0.432,1.023
-0.455,1.223
-0.559,1.183
-0.545,-0.034
-0.582,-1.314
-0.601,-0.33
-0.62,1.209
-0.654,-1.296
-0.773,0.059
-0.723,0.892
-0.745,0.047
-0.819,-0.465
-0.907,-0.86
-0.864,1.354
-0.909,1.295
-1.233,0.496
-1.277,-0.042
-1.294,-0.845
-1.304,-0.241
-1.339,0.895
-1.444,0.401
-1.485,-0.351
-1.407,-0.147
-1.485,-0.265
-1.545,0.116
-1.715,-1.21
-1.758,0.175
-1.723,-1.626
-2.152,-1.601
-2.284,-1.403
-2.367,-1.772
-2.453,-1.41
-2.888,-1.565
3.077,-1.653
1.638,-1.675
1.373,-1.748
0.939,-1.68
0.679,-1.483
0.587,-1.56
0.272,-1.828
-0.395,-1.59
-0.571,-1.546
-0.824,-1.577
-0.925,-1.447
-1.342,-1.506
-2.486,2.761
2.637,2.894
2.119,2.686
1.825,2.545
1.304,2.824
1.342,2.502
-0.292,2.633
-0.641,2.908
-1.028,2.464
-2.57,2.069
1.438,1.881
1.106,1.877
0.183,-1.357
-0.54,2.54
-1.377,-1.751
-1.479,-1.669
2.315,2.417
-1.664,1.359
-1.724,-0.239
-1.736,-0.291
-1.85,0.35
-1.943,0.904
-2.077,-0.568
-2.101,0.278
-2.208,0.381
-2.271,-0.448
-2.132,2.409
-2.311,2.284
-2.213,-0.576
-2.276,2.4
-2.289,0.039
-2.58,-0.363
-2.481,-0.214
-2.487,0.18
-2.615,0.309
-2.668,1.091
-2.877,-1.022
-2.894,-0.393
-2.907,0.522
-2.948,1.889
-3.006,-0.767
-3.069,1.036
-3.113,1.403
3.116,2.222
3.139,0.865
-3.067,2.031
3.022,0.545
3.003,0.329
2.885,0.03
2.921,-0.048
2.882,-0.481
2.836,2.198
2.705,0.314
2.777,2.484
2.486,0.297
2.242,-0.591
2.163,0.159
2.181,1.725
2.049,-0.261
2.049,0.534
1.887,1.193
1.947,1.159
1.819,-0.142
1.939,1.166
1.911,1.712
1.668,0.196
1.757,-0.316
1.441,2.478
1.554,1.646
1.488,0.924
1.337,-1.062
1.251,2.574
1.271,-1.282
1.371,-1.303
1.22,-0.314
1.343,-1.042
1.259,0.365
1.242,2.17
1.139,2.559
0.981,1.155
0.968,1.952
0.944,2.192
0.886,2.557
0.882,2.131
0.79,0.951
0.784,1.348
0.638,2.527
0.773,-1.286
0.717,-0.564
0.583,2.047
0.69,2.31
0.553,2.618
0.494,0.196
0.583,-0.656
0.571,-0.03
0.465,1.032
0.335,0.338
0.468,-0.66
0.307,2.275
0.271,-1.037
0.368,-0.568
0.21,1.418
0.297,2.041
0.23,1.278
0.17,1.003
0.033,0.136
-0.098,0.133
-0.116,-1.176
-0.145,2.45
-0.174,1.177
-0.344,2.22
-0.393,-0.649
-0.438,-1.268
-0.473,0.188
-0.378,0.013
-0.445,1.899
-0.573,1.017
-0.696,-0.284
-0.599,-0.413
-0.811,-1.182
-1.175,0.243
-1.223,-0.513
-1.256,-1.234
-1.301,0.963
-1.317,1.141
-1.302,1.229
-1.337,0.37
-1.494,2.325
-1.367,0.972
-1.514,1.036
-1.54,2.217
-1.665,0.531
-1.697,1.681
-1.855,-1.639
-2.39,-1.8
-2.289,-1.461
2.737,-1.668
2.444,-1.449
1.786,-1.828
1.57,-1.484
1.492,-1.682
1.398,-1.536
0.199,-1.776
-0.354,-1.426
-1.571,-1.589
-2.02,2.652
-2.588,2.686
-2.72,2.741
-3.05,2.739
2.928,2.514
1.844,2.664
0.595,2.701
-0.241,2.793
1.562,1.479
1.411,1.976
1.16,-0.563
0.125,-1.078
2.058,-0.335
0.935,-0.399
0.035,1.342
0.017,1.312
-1.045,0.786
-2.199,2.023
3.032,-0.713
0.125,1.781
-0.522,0.586
-0.922,-0.092
-0.944,0.601
-0.903,-0.283
-1.024,-0.58
-0.998,0.566
2.998,-1.085
1.84,-1.391
-1.302,-1.319
-1.354,-1.288
1.069,2.382
-0.079,0.018
-0.064,-1.57
-0.225,-1.837
-0.321,1.197
-0.344,-1.229
-0.345,-0.101
-0.451,-1.192
-0.514,-0.46
-0.474,-0.179
-0.497,0.021
-0.601,-0.019
-0.587,-1.236
-0.624,-2.516
-0.643,-1.532
-0.662,0.007
-0.696,-2.498
-0.815,-1.143
-0.765,-0.31
-0.787,-1.155
-0.861,-1.667
-0.949,-2.062
-0.906,0.152
-0.951,0.093
-1.275,-0.706
-1.319,-1.244
-1.336,-2.047
-1.346,-1.443
-1.381,-0.307
-1.486,-0.801
-1.527,-1.553
-1.449,-1.349
-1.527,-1.467
-1.587,-1.086
-1.757,-2.412
-1.8,-1.027
-1.765,-2.828
-2.194,-2.803
-2.326,-2.605
-2.409,-2.974
-2.495,-2.612
-2.93,-2.767
3.035,-2.855
1.596,-2.877
1.331,-2.95
0.897,-2.882
0.637,-2.685
0.545,-2.762
0.23,-3.03
-0.437,-2.792
-0.613,-2.748
-0.866,-2.779
-0.967,-2.649
-1.384,-2.708
-2.528,1.559
2.595,1.692
2.077,1.484
1.783,1.343
1.262,1.622
1.3,1.3
-0.334,1.431
-0.683,1.706
-1.07,1.262
-2.612,0.867
1.396,0.679
1.064,0.675
0.141,-2.559
-0.582,1.338
-1.419,-2.953
-1.521,-2.871
2.273,1.215
-1.706,0.157
-1.766,-1.441
-1.778,-1.493
-1.892,-0.852
-1.985,-0.298
-2.119,-1.77
-2.143,-0.924
-2.25,-0.821
-2.313,-1.65
-2.174,1.207
-2.353,1.082
-2.255,-1.778
-2.318,1.198
-2.331,-1.163
-2.622,-1.565
-2.523,-1.416
-2.529,-1.022
-2.657,-0.893
-2.71,-0.111
-2.919,-2.224
-2.936,-1.595
-2.949,-0.68
-2.99,0.687
-3.048,-1.969
-3.111,-0.166
3.128,0.201
3.074,1.02
3.097,-0.337
-3.109,0.829
2.98,-0.657
2.961,-0.873
2.843,-1.172
2.879,-1.25
2.84,-1.683
2.794,0.996
2.663,-0.888
2.735,1.282
2.444,-0.905
2.2,-1.793
2.121,-1.043
2.139,0.523
2.007,-1.463
2.007,-0.668
1.845,-0.009
1.905,-0.043
1.777,-1.344
1.897,-0.036
1.869,0.51
1.626,-1.006
1.715,-1.518
1.399,1.276
1.512,0.444
1.446,-0.278
1.295,-2.264
1.209,1.372
1.229,-2.484
1.329,-2.505
1.178,-1.516
1.301,-2.244
1.217,-0.837
1.2,0.968
1.097,1.357
0.939,-0.047
0.926,0.75
0.902,0.99
0.844,1.355
0.84,0.929
0.748,-0.251
0.742,0.146
0.596,1.325
0.731,-2.488
0.675,-1.766
0.541,0.845
0.648,1.108
0.511,1.416
0.452,-1.006
0.541,-1.858
0.529,-1.232
0.423,-0.17
0.293,-0.864
0.426,-1.862
0.265,1.073
0.229,-2.239
0.326,-1.77
0.168,0.216
0.255,0.839
0.188,0.076
0.128,-0.199
-0.009,-1.066
-0.14,-1.069
-0.158,-2.378
-0.187,1.248
-0.216,-0.025
-0.386,1.018
-0.435,-1.851
-0.48,-2.47
-0.515,-1.014
-0.42,-1.189
-0.487,0.697
-0.615,-0.185
-0.738,-1.486
-0.641,-1.615
-0.853,-2.384
-1.217,-0.959
-1.265,-1.715
-1.298,-2.436
-1.343,-0.239
-1.359,-0.061
-1.344,0.027
-1.379,-0.832
-1.536,1.123
-1.409,-0.23
-1.556,-0.166
-1.582,1.015
-1.707,-0.671
-1.739,0.479
-1.897,-2.841
-2.432,-3.002
-2.331,-2.663
2.695,-2.87
2.402,-2.651
1.744,-3.03
1.528,-2.686
1.45,-2.884
1.356,-2.738
0.157,-2.978
-0.396,-2.628
-1.613,-2.791
-2.062,1.45
-2.63,1.484
-2.762,1.539
-3.092,1.537
2.886,1.312
1.802,1.462
0.553,1.499
-0.283,1.591
1.52,0.277
1.369,0.774
1.118,-1.765
0.083,-2.28
2.016,-1.537
0.893,-1.601
-0.007,0.14
-0.025,0.11
-1.087,-0.416
-2.241,0.821
2.99,-1.915
0.083,0.579
-0.564,-0.616
-0.964,-1.294
-0.986,-0.601
-0.945,-1.485
-1.066,-1.782
-1.04,-0.636
2.956,-2.287
1.798,-2.593
-1.344,-2.521
-1.396,-2.49
1.027,1.18
0.015,-1.588
-0.146,-1.855
-0.242,1.179
-0.265,-1.247
-0.266,-0.119
-0.372,-1.21
-0.435,-0.478
-0.395,-0.197
-0.418,0.003
-0.522,-0.037
-0.508,-1.254
-0.545,-2.534
-0.564,-1.55
-0.583,-0.011
-0.617,-2.516
-0.736,-1.161
-0.686,-0.328
-0.708,-1.173
-0.782,-1.685
-0.87,-2.08
-0.827,0.134
-0.872,0.075
-1.196,-0.724
-1.24,-1.262
-1.257,-2.065
-1.267,-1.461
-1.302,-0.325
-1.407,-0.819
-1.448,-1.571
-1.37,-1.367
-1.448,-1.485
-1.508,-1.104
-1.678,-2.43
-1.721,-1.045
-1.686,-2.846
-2.115,-2.821
-2.247,-2.623
-2.33,-2.992
-2.416,-2.63
-2.851,-2.785
3.114,-2.873
1.675,-2.895
1.41,-2.968
0.976,-2.9
0.716,-2.703
0.624,-2.78
0.309,-3.048
-0.358,-2.81
-0.534,-2.766
-0.787,-2.797
-0.888,-2.667
-1.305,-2.726
-2.449,1.541
2.674,1.674
2.156,1.466
1.862,1.325
1.341,1.604
1.379,1.282
-0.255,1.413
-0.604,1.688
-0.991,1.244
-2.533,0.849
1.475,0.661
1.143,0.657
0.22,-2.577
-0.503,1.32
-1.34,-2.971
-1.442,-2.889
2.352,1.197
-1.627,0.139
-1.687,-1.459
-1.699,-1.511
-1.813,-0.87
-1.906,-0.316
-2.04,-1.788
-2.064,-0.942
-2.171,-0.839
-2.234,-1.668
-2.095,1.189
-2.274,1.064
-2.176,-1.796
-2.239,1.18
-2.252,-1.181
-2.543,-1.583
-2.444,-1.434
-2.45,-1.04
-2.578,-0.911
-2.631,-0.129
-2.84,-2.242
-2.857,-1.613
-2.87,-0.698
-2.911,0.669
-2.969,-1.987
-3.032,-0.184
-3.076,0.183
-3.13,1.002
-3.107,-0.355
-3.03,0.811
3.059,-0.675
3.04,-0.891
2.922,-1.19
2.958,-1.268
2.919,-1.701
2.873,0.978
2.742,-0.906
2.814,1.264
2.523,-0.923
2.279,-1.811
2.2,-1.061
2.218,0.505
2.086,-1.481
2.086,-0.686
1.924,-0.027
1.984,-0.061
1.856,-1.362
1.976,-0.054
1.948,0.492
1.705,-1.024
1.794,-1.536
1.478,1.258
1.591,0.426
1.525,-0.296
1.374,-2.282
1.288,1.354
1.308,-2.502
1.408,-2.523
1.257,-1.534
1.38,-2.262
1.296,-0.855
1.279,0.95
1.176,1.339
1.018,-0.065
1.005,0.732
0.981,0.972
0.923,1.337
0.919,0.911
0.827,-0.269
0.821,0.128
0.675,1.307
0.81,-2.506
0.754,-1.784
0.62,0.827
0.727,1.09
0.59,1.398
0.531,-1.024
0.62,-1.876
0.608,-1.25
0.502,-0.188
0.372,-0.882
0.505,-1.88
0.344,1.055
0.308,-2.257
0.405,-1.788
0.247,0.198
0.334,0.821
0.267,0.058
0.207,-0.217
0.07,-1.084
-0.061,-1.087
-0.079,-2.396
-0.108,1.23
-0.137,-0.043
-0.307,1.0
-0.356,-1.869
-0.401,-2.488
-0.436,-1.032
-0.341,-1.207
-0.408,0.679
-0.536,-0.203
-0.659,-1.504
-0.562,-1.633
-0.774,-2.402
-1.138,-0.977
-1.186,-1.733
-1.219,-2.454
-1.264,-0.257
-1.28,-0.079
-1.265,0.009
-1.3,-0.85
-1.457,1.105
-1.33,-0.248
-1.477,-0.184
-1.503,0.997
-1.628,-0.689
-1.66,0.461
-1.818,-2.859
-2.353,-3.02
-2.252,-2.681
2.774,-2.888
2.481,-2.669
1.823,-3.048
1.607,-2.704
1.529,-2.902
1.435,-2.756
0.236,-2.996
-0.317,-2.646
-1.534,-2.809
-1.983,1.432
-2.551,1.466
-2.683,1.521
-3.013,1.519
2.965,1.294
1.881,1.444
0.632,1.481
-0.204,1.573
1.599,0.259
1.448,0.756
1.197,-1.783
0.162,-2.298
2.095,-1.555
0.972,-1.619
0.072,0.122
0.054,0.092
-1.008,-0.434
-2.162,0.803
3.069,-1.933
0.162,0.561
-0.485,-0.634
-0.885,-1.312
-0.907,-0.619
-0.866,-1.503
-0.987,-1.8
-0.961,-0.654
3.035,-2.305
1.877,-2.611
-1.265,-2.539
-1.317,-2.508
1.106,1.162
-0.161,-0.267
-0.257,2.767
-0.28,0.341
-0.281,1.469
-0.387,0.378
-0.45,1.11
-0.41,1.391
-0.433,1.591
-0.537,1.551
-0.523,0.334
-0.56,-0.946
-0.579,0.038
-0.598,1.577
-0.632,-0.928
-0.751,0.427
-0.701,1.26
-0.723,0.415
-0.797,-0.097
-0.885,-0.492
-0.842,1.722
-0.887,1.663
-1.211,0.864
-1.255,0.326
-1.272,-0.477
-1.282,0.127
-1.317,1.263
-1.422,0.769
-1.463,0.017
-1.385,0.221
-1.463,0.103
-1.523,0.484
-1.693,-0.842
-1.736,0.543
-1.701,-1.258
-2.13,-1.233
-2.262,-1.035
-2.345,-1.404
-2.431,-1.042
-2.866,-1.197
3.099,-1.285
1.66,-1.307
1.395,-1.38
0.961,-1.312
0.701,-1.115
0.609,-1.192
0.294,-1.46
-0.373,-1.222
-0.549,-1.178
-0.802,-1.209
-0.903,-1.079
-1.32,-1.138
-2.464,3.129
2.659,3.262
2.141,3.054
1.847,2.913
1.326,3.192
1.364,2.87
-0.27,3.001
-0.619,3.276
-1.006,2.832
-2.548,2.437
1.46,2.249
1.128,2.245
0.205,-0.989
-0.518,2.908
-1.355,-1.383
-1.457,-1.301
2.337,2.785
-1.642,1.727
-1.702,0.129
-1.714,0.077
-1.828,0.718
-1.921,1.272
-2.055,-0.2
-2.079,0.646
-2.186,0.749
-2.249,-0.08
-2.11,2.777
-2.289,2.652
-2.191,-0.208
-2.254,2.768
-2.267,0.407
-2.558,0.005
-2.459,0.154
-2.465,0.548
-2.593,0.677
-2.646,1.459
-2.855,-0.654
-2.872,-0.025
-2.885,0.89
-2.926,2.257
-2.984,-0.399
-3.047,1.404
-3.091,1.771
3.138,2.59
-3.122,1.233
-3.045,2.399
3.044,0.913
3.025,0.697
2.907,0.398
2.943,0.32
2.904,-0.113
2.858,2.566
2.727,0.682
2.799,2.852
2.508,0.665
2.264,-0.223
2.185,0.527
2.203,2.093
2.071,0.107
2.071,0.902
1.909,1.561
1.969,1.527
1.841,0.226
1.961,1.534
1.933,2.08
1.69,0.564
1.779,0.052
1.463,2.846
1.576,2.014
1.51,1.292
1.359,-0.694
1.273,2.942
1.293,-0.914
1.393,-0.935
1.242,0.054
1.365,-0.674
1.281,0.733
1.264,2.538
1.161,2.927
1.003,1.523
0.99,2.32
0.966,2.56
0.908,2.925
0.904,2.499
0.812,1.319
0.806,1.716
0.66,2.895
0.795,-0.918
0.739,-0.196
0.605,2.415
0.712,2.678
0.575,2.986
0.516,0.564
0.605,-0.288
0.593,0.338
0.487,1.4
0.357,0.706
0.49,-0.292
0.329,2.643
0.293,-0.669
0.39,-0.2
0.232,1.786
0.319,2.409
0.252,1.646
0.192,1.371
0.055,0.504
-0.076,0.501
-0.094,-0.808
-0.123,2.818
-0.152,1.545
-0.322,2.588
-0.371,-0.281
-0.416,-0.9
-0.451,0.556
-0.356,0.381
-0.423,2.267
-0.551,1.385
-0.674,0.084
-0.577,-0.045
-0.789,-0.814
-1.153,0.611
-1.201,-0.145
-1.234,-0.866
-1.279,1.331
-1.295,1.509
-1.28,1.597
-1.315,0.738
-1.472,2.693
-1.345,1.34
-1.492,1.404
-1.518,2.585
-1.643,0.899
-1.675,2.049
-1.833,-1.271
-2.368,-1.432
-2.267,-1.093
2.759,-1.3
2.466,-1.081
1.808,-1.46
1.592,-1.116
1.514,-1.314
1.42,-1.168
0.221,-1.408
-0.332,-1.058
-1.549,-1.221
-1.998,3.02
-2.566,3.054
-2.698,3.109
-3.028,3.107
2.95,2.882
1.866,3.032
0.617,3.069
-0.219,3.161
1.584,1.847
1.433,2.344
1.182,-0.195
0.147,-0.71
2.08,0.033
0.957,-0.031
0.057,1.71
0.039,1.68
-1.023,1.154
-2.177,2.391
3.054,-0.345
0.147,2.149
-0.5,0.954
-0.9,0.276
-0.922,0.969
-0.881,0.085
-1.002,-0.212
-0.976,0.934
3.02,-0.717
1.862,-1.023
-1.28,-0.951
-1.332,-0.92
1.091,2.75
-0.096,3.034
-0.119,0.608
-0.12,1.736
-0.226,0.645
-0.289,1.377
-0.249,1.658
-0.272,1.858
-0.376,1.818
-0.362,0.601
-0.399,-0.679
-0.418,0.305
-0.437,1.844
-0.471,-0.661
-0.59,0.694
-0.54,1.527
-0.562,0.682
-0.636,0.17
-0.724,-0.225
-0.681,1.989
-0.726,1.93
-1.05,1.131
-1.094,0.593
-1.111,-0.21
-1.121,0.394
-1.156,1.53
-1.261,1.036
-1.302,0.284
-1.224,0.488
-1.302,0.37
-1.362,0.751
-1.532,-0.575
-1.575,0.81
-1.54,-0.991
-1.969,-0.966
-2.101,-0.768
-2.184,-1.137
-2.27,-0.775
-2.705,-0.93
-3.023,-1.018
1.821,-1.04
1.556,-1.113
1.122,-1.045
0.862,-0.848
0.77,-0.925
0.455,-1.193
-0.212,-0.955
-0.388,-0.911
-0.641,-0.942
-0.742,-0.812
-1.159,-0.871
-2.303,3.396
2.82,3.529
2.302,3.321
2.008,3.18
1.487,3.459
1.525,3.137
-0.109,3.268
-0.458,3.543
-0.845,3.099
-2.387,2.704
1.621,2.516
1.289,2.512
0.366,-0.722
-0.357,3.175
-1.194,-1.116
-1.296,-1.034
2.498,3.052
-1.481,1.994
-1.541,0.396
-1.553,0.344
-1.667,0.985
-1.76,1.539
-1.894,0.067
-1.918,0.913
-2.025,1.016
-2.088,0.187
-1.949,3.044
-2.128,2.919
-2.03,0.059
-2.093,3.035
-2.106,0.674
-2.397,0.272
-2.298,0.421
-2.304,0.815
-2.432,0.944
-2.485,1.726
-2.694,-0.387
-2.711,0.242
-2.724,1.157
-2.765,2.524
-2.823,-0.132
-2.886,1.671
-2.93,2.038
-2.984,2.857
-2.961,1.5
-2.884,2.666
-3.078,1.18
-3.097,0.964
3.068,0.665
3.104,0.587
3.065,0.154
3.019,2.833
2.888,0.949
2.96,3.119
2.669,0.932
2.425,0.044
2.346,0.794
2.364,2.36
2.232,0.374
2.232,1.169
2.07,1.828
2.13,1.794
2.002,0.493
2.122,1.801
2.094,2.347
1.851,0.831
1.94,0.319
1.624,3.113
1.737,2.281
1.671,1.559
1.52,-0.427
1.434,3.209
1.454,-0.647
1.554,-0.668
1.403,0.321
1.526,-0.407
1.442,1.0
1.425,2.805
1.322,3.194
1.164,1.79
1.151,2.587
1.127,2.827
1.069,3.192
1.065,2.766
0.973,1.586
0.967,1.983
0.821,3.162
0.956,-0.651
0.9,0.071
0.766,2.682
0.873,2.945
0.736,3.253
0.677,0.831
0.766,-0.021
0.754,0.605
0.648,1.667
0.518,0.973
0.651,-0.025
0.49,2.91
0.454,-0.402
0.551,0.067
0.393,2.053
0.48,2.676
0.413,1.913
0.353,1.638
0.216,0.771
0.085,0.768
0.067,-0.541
0.038,3.085
0.009,1.812
-0.161,2.855
-0.21,-0.014
-0.255,-0.633
-0.29,0.823
-0.195,0.648
-0.262,2.534
-0.39,1.652
-0.513,0.351
-0.416,0.222
-0.628,-0.547
-0.992,0.878
-1.04,0.122
-1.073,-0.599
-1.118,1.598
-1.134,1.776
-1.119,1.864
-1.154,1.005
-1.311,2.96
-1.184,1.607
-1.331,1.671
-1.357,2.852
-1.482,1.166
-1.514,2.316
-1.672,-1.004
-2.207,-1.165
-2.106,-0.826
2.92,-1.033
2.627,-0.814
1.969,-1.193
1.753,-0.849
1.675,-1.047
1.581,-0.901
0.382,-1.141
-0.171,-0.791
-1.388,-0.954
-1.837,3.287
-2.405,3.321
-2.537,3.376
-2.867,3.374
3.111,3.149
2.027,3.299
0.778,3.336
-0.058,3.428
1.745,2.114
1.594,2.611
1.343,0.072
0.308,-0.443
2.241,0.3
1.118,0.236
0.218,1.977
0.2,1.947
-0.862,1.421
-2.016,2.658
-3.068,-0.078
0.308,2.416
-0.339,1.221
-0.739,0.543
-0.761,1.236
-0.72,0.352
-0.841,0.055
-0.815,1.201
-3.102,-0.45
2.023,-0.756
-1.119,-0.684
-1.171,-0.653
1.252,3.017
-0.023,-2.426
-0.024,-1.298
-0.13,-2.389
-0.193,-1.657
-0.153,-1.376
-0.176,-1.176
-0.28,-1.216
-0.266,-2.433
-0.303,-3.713
-0.322,-2.729
-0.341,-1.19
-0.375,-3.695
-0.494,-2.34
-0.444,-1.507
-0.466,-2.352
-0.54,-2.864
-0.628,-3.259
-0.585,-1.045
-0.63,-1.104
-0.954,-1.903
-0.998,-2.441
-1.015,-3.244
-1.025,-2.64
-1.06,-1.504
-1.165,-1.998
-1.206,-2.75
-1.128,-2.546
-1.206,-2.664
-1.266,-2.283
-1.436,-3.609
-1.479,-2.224
-1.444,-4.025
-1.873,-4.0
-2.005,-3.802
-2.088,-4.171
-2.174,-3.809
-2.609,-3.964
-2.927,-4.052
1.917,-4.074
1.652,-4.147
1.218,-4.079
0.958,-3.882
0.866,-3.959
0.551,-4.227
-0.116,-3.989
-0.292,-3.945
-0.545,-3.976
-0.646,-3.846
-1.063,-3.905
-2.207,0.362
2.916,0.495
2.398,0.287
2.104,0.146
1.583,0.425
1.621,0.103
-0.013,0.234
-0.362,0.509
-0.749,0.065
-2.291,-0.33
1.717,-0.518
1.385,-0.522
0.462,-3.756
-0.261,0.141
-1.098,-4.15
-1.2,-4.068
2.594,0.018
-1.385,-1.04
-1.445,-2.638
-1.457,-2.69
-1.571,-2.049
-1.664,-1.495
-1.798,-2.967
-1.822,-2.121
-1.929,-2.018
-1.992,-2.847
-1.853,0.01
-2.032,-0.115
-1.934,-2.975
-1.997,0.001
-2.01,-2.36
-2.301,-2.762
-2.202,-2.613
-2.208,-2.219
-2.336,-2.09
-2.389,-1.308
-2.598,-3.421
-2.615,-2.792
-2.628,-1.877
-2.669,-0.51
-2.727,-3.166
-2.79,-1.363
-2.834,-0.996
-2.888,-0.177
-2.865,-1.534
-2.788,-0.368
-2.982,-1.854
-3.001,-2.07
-3.119,-2.369
-3.083,-2.447
-3.122,-2.88
3.115,-0.201
2.984,-2.085
3.056,0.085
2.765,-2.102
2.521,-2.99
2.442,-2.24
2.46,-0.674
2.328,-2.66
2.328,-1.865
2.166,-1.206
2.226,-1.24
2.098,-2.541
2.218,-1.233
2.19,-0.687
1.947,-2.203
2.036,-2.715
1.72,0.079
1.833,-0.753
1.767,-1.475
1.616,-3.461
1.53,0.175
1.55,-3.681
1.65,-3.702
1.499,-2.713
1.622,-3.441
1.538,-2.034
1.521,-0.229
1.418,0.16
1.26,-1.244
1.247,-0.447
1.223,-0.207
1.165,0.158
1.161,-0.268
1.069,-1.448
1.063,-1.051
0.917,0.128
1.052,-3.685
0.996,-2.963
0.862,-0.352
0.969,-0.089
0.832,0.219
0.773,-2.203
0.862,-3.055
0.85,-2.429
0.744,-1.367
0.614,-2.061
0.747,-3.059
0.586,-0.124
0.55,-3.436
0.647,-2.967
0.489,-0.981
0.576,-0.358
0.509,-1.121
0.449,-1.396
0.312,-2.263
0.181,-2.266
0.163,-3.575
0.134,0.051
0.105,-1.222
-0.065,-0.179
-0.114,-3.048
-0.159,-3.667
-0.194,-2.211
-0.099,-2.386
-0.166,-0.5
-0.294,-1.382
-0.417,-2.683
-0.32,-2.812
-0.532,-3.581
-0.896,-2.156
-0.944,-2.912
-0.977,-3.633
-1.022,-1.436
-1.038,-1.258
-1.023,-1.17
-1.058,-2.029
-1.215,-0.074
-1.088,-1.427
-1.235,-1.363
-1.261,-0.182
-1.386,-1.868
-1.418,-0.718
-1.576,-4.038
-2.111,-4.199
-2.01,-3.86
3.016,-4.067
2.723,-3.848
2.065,-4.227
1.849,-3.883
1.771,-4.081
1.677,-3.935
0.478,-4.175
-0.075,-3.825
-1.292,-3.988
-1.741,0.253
-2.309,0.287
-2.441,0.342
-2.771,0.34
-3.076,0.115
2.123,0.265
0.874,0.302
0.038,0.394
1.841,-0.92
1.69,-0.423
1.439,-2.962
0.404,-3.477
2.337,-2.734
1.214,-2.798
0.314,-1.057
0.296,-1.087
-0.766,-1.613
-1.92,-0.376
-2.972,-3.112
0.404,-0.618
-0.243,-1.813
-0.643,-2.491
-0.665,-1.798
-0.624,-2.682
-0.745,-2.979
-0.719,-1.833
-3.006,-3.484
2.119,-3.79
-1.023,-3.718
-1.075,-3.687
1.348,-0.017
-0.001,1.128
-0.107,0.037
-0.17,0.769
-0.13,1.05
-0.153,1.25
-0.257,1.21
-0.243,-0.007
-0.28,-1.287
-0.299,-0.303
-0.318,1.236
-0.352,-1.269
-0.471,0.086
-0.421,0.919
-0.443,0.074
-0.517,-0.438
-0.605,-0.833
-0.562,1.381
-0.607,1.322
-0.931,0.523
-0.975,-0.015
-0.992,-0.818
-1.002,-0.214
-1.037,0.922
-1.142,0.428
-1.183,-0.324
-1.105,-0.12
-1.183,-0.238
-1.243,0.143
-1.413,-1.183
-1.456,0.202
-1.421,-1.599
-1.85,-1.574
-1.982,-1.376
-2.065,-1.745
-2.151,-1.383
-2.586,-1.538
-2.904,-1.626
1.94,-1.648
1.675,-1.721
1.241,-1.653
0.981,-1.456
0.889,-1.533
0.574,-1.801
-0.093,-1.563
-0.269,-1.519
-0.522,-1.55
-0.623,-1.42
-1.04,-1.479
-2.184,2.788
2.939,2.921
2.421,2.713
2.127,2.572
1.606,2.851
1.644,2.529
0.01,2.66
-0.339,2.935
-0.726,2.491
-2.268,2.096
1.74,1.908
1.408,1.904
0.485,-1.33
-0.238,2.567
-1.075,-1.724
-1.177,-1.642
2.617,2.444
-1.362,1.386
-1.422,-0.212
-1.434,-0.264
-1.548,0.377
-1.641,0.931
-1.775,-0.541
-1.799,0.305
-1.906,0.408
-1.969,-0.421
-1.83,2.436
-2.009,2.311
-1.911,-0.549
-1.974,2.427
-1.987,0.066
-2.278,-0.336
-2.179,-0.187
-2.185,0.207
-2.313,0.336
-2.366,1.118
-2.575,-0.995
-2.592,-0.366
-2.605,0.549
-2.646,1.916
-2.704,-0.74
-2.767,1.063
-2.811,1.43
-2.865,2.249
-2.842,0.892
-2.765,2.058
-2.959,0.572
-2.978,0.356
-3.096,0.057
-3.06,-0.021
-3.099,-0.454
3.138,2.225
3.007,0.341
3.079,2.511
2.788,0.324
2.544,-0.564
2.465,0.186
2.483,1.752
2.351,-0.234
2.351,0.561
2.189,1.22
2.249,1.186
2.121,-0.115
2.241,1.193
2.213,1.739
1.97,0.223
2.059,-0.289
1.743,2.505
1.856,1.673
1.79,0.951
1.639,-1.035
1.553,2.601
1.573,-1.255
1.673,-1.276
1.522,-0.287
1.645,-1.015
1.561,0.392
1.544,2.197
1.441,2.586
1.283,1.182
1.27,1.979
1.246,2.219
1.188,2.584
1.184,2.158
1.092,0.978
1.086,1.375
0.94,2.554
1.075,-1.259
1.019,-0.537
0.885,2.074
0.992,2.337
0.855,2.645
0.796,0.223
0.885,-0.629
0.873,-0.003
0.767,1.059
0.637,0.365
0.77,-0.633
0.609,2.302
0.573,-1.01
0.67,-0.541
0.512,1.445
0.599,2.068
0.532,1.305
0.472,1.03
0.335,0.163
0.204,0.16
0.186,-1.149
0.157,2.477
0.128,1.204
-0.042,2.247
-0.091,-0.622
-0.136,-1.241
-0.171,0.215
-0.076,0.04
-0.143,1.926
-0.271,1.044
-0.394,-0.257
-0.297,-0.386
-0.509,-1.155
-0.873,0.27
-0.921,-0.486
-0.954,-1.207
-0.999,0.99
-1.015,1.168
-1.0,1.256
-1.035,0.397
-1.192,2.352
-1.065,0.999
-1.212,1.063
-1.238,2.244
-1.363,0.558
-1.395,1.708
-1.553,-1.612
-2.088,-1.773
-1.987,-1.434
3.039,-1.641
2.746,-1.422
2.088,-1.801
1.872,-1.457
1.794,-1.655
1.7,-1.509
0.501,-1.749
-0.052,-1.399
-1.269,-1.562
-1.718,2.679
-2.286,2.713
-2.418,2.768
-2.748,2.766
-3.053,2.541
2.146,2.691
0.897,2.728
0.061,2.82
1.864,1.506
1.713,2.003
1.462,-0.536
0.427,-1.051
2.36,-0.308
1.237,-0.372
0.337,1.369
0.319,1.339
-0.743,0.813
-1.897,2.05
-2.949,-0.686
0.427,1.808
-0.22,0.613
-0.62,-0.065
-0.642,0.628
-0.601,-0.256
-0.722,-0.553
-0.696,0.593
-2.983,-1.058
2.142,-1.364
-1.0,-1.292
-1.052,-1.261
1.371,2.409
-0.106,-1.091
-0.169,-0.359
-0.129,-0.078
-0.152,0.122
-0.256,0.082
-0.242,-1.135
-0.279,-2.415
-0.298,-1.431
-0.317,0.108
-0.351,-2.397
-0.47,-1.042
-0.42,-0.209
-0.442,-1.054
-0.516,-1.566
-0.604,-1.961
-0.561,0.253
-0.606,0.194
-0.93,-0.605
-0.974,-1.143
-0.991,-1.946
-1.001,-1.342
-1.036,-0.206
-1.141,-0.7
-1.182,-1.452
-1.104,-1.248
-1.182,-1.366
-1.242,-0.985
-1.412,-2.311
-1.455,-0.926
-1.42,-2.727
-1.849,-2.702
-1.981,-2.504
-2.064,-2.873
-2.15,-2.511
-2.585,-2.666
-2.903,-2.754
1.941,-2.776
1.676,-2.849
1.242,-2.781
0.982,-2.584
0.89,-2.661
0.575,-2.929
-0.092,-2.691
-0.268,-2.647
-0.521,-2.678
-0.622,-2.548
-1.039,-2.607
-2.183,1.66
2.94,1.793
2.422,1.585
2.128,1.444
1.607,1.723
1.645,1.401
0.011,1.532
-0.338,1.807
-0.725,1.363
-2.267,0.968
1.741,0.78
1.409,0.776
0.486,-2.458
-0.237,1.439
-1.074,-2.852
-1.176,-2.77
2.618,1.316
-1.361,0.258
-1.421,-1.34
-1.433,-1.392
-1.547,-0.751
-1.64,-0.197
-1.774,-1.669
-1.798,-0.823
-1.905,-0.72
-1.968,-1.549
-1.829,1.308
-2.008,1.183
-1.91,-1.677
-1.973,1.299
-1.986,-1.062
-2.277,-1.464
-2.178,-1.315
-2.184,-0.921
-2.312,-0.792
-2.365,-0.01
-2.574,-2.123
-2.591,-1.494
-2.604,-0.579
-2.645,0.788
-2.703,-1.868
-2.766,-0.065
-2.81,0.302
-2.864,1.121
-2.841,-0.236
-2.764,0.93
-2.958,-0.556
-2.977,-0.772
-3.095,-1.071
-3.059,-1.149
-3.098,-1.582
3.139,1.097
3.008,-0.787
3.08,1.383
2.789,-0.804
2.545,-1.692
2.466,-0.942
2.484,0.624
2.352,-1.362
2.352,-0.567
2.19,0.092
2.25,0.058
2.122,-1.243
2.242,0.065
2.214,0.611
1.971,-0.905
2.06,-1.417
1.744,1.377
1.857,0.545
1.791,-0.177
1.64,-2.163
1.554,1.473
1.574,-2.383
1.674,-2.404
1.523,-1.415
1.646,-2.143
1.562,-0.736
1.545,1.069
1.442,1.458
1.284,0.054
1.271,0.851
1.247,1.091
1.189,1.456
1.185,1.03
1.093,-0.15
1.087,0.247
0.941,1.426
1.076,-2.387
1.02,-1.665
0.886,0.946
0.993,1.209
0.856,1.517
0.797,-0.905
0.886,-1.757
0.874,-1.131
0.768,-0.069
0.638,-0.763
0.771,-1.761
0.61,1.174
0.574,-2.138
0.671,-1.669
0.513,0.317
0.6,0.94
0.533,0.177
0.473,-0.098
0.336,-0.965
0.205,-0.968
0.187,-2.277
0.158,1.349
0.129,0.076
-0.041,1.119
-0.09,-1.75
-0.135,-2.369
-0.17,-0.913
-0.075,-1.088
-0.142,0.798
-0.27,-0.084
-0.393,-1.385
-0.296,-1.514
-0.508,-2.283
-0.872,-0.858
-0.92,-1.614
-0.953,-2.335
-0.998,-0.138
-1.014,0.04
-0.999,0.128
-1.034,-0.731
-1.191,1.224
-1.064,-0.129
-1.211,-0.065
-1.237,1.116
-1.362,-0.57
-1.394,0.58
-1.552,-2.74
-2.087,-2.901
-1.986,-2.562
3.04,-2.769
2.747,-2.55
2.089,-2.929
1.873,-2.585
1.795,-2.783
1.701,-2.637
0.502,-2.877
-0.051,-2.527
-1.268,-2.69
-1.717,1.551
-2.285,1.585
-2.417,1.64
-2.747,1.638
-3.052,1.413
2.147,1.563
0.898,1.6
0.062,1.692
1.865,0.378
1.714,0.875
1.463,-1.664
0.428,-2.179
2.361,-1.436
1.238,-1.5
0.338,0.241
0.32,0.211
-0.742,-0.315
-1.896,0.922
-2.948,-1.814
0.428,0.68
-0.219,-0.515
-0.619,-1.193
-0.641,-0.5
-0.6,-1.384
-0.721,-1.681
-0.695,-0.535
-2.982,-2.186
2.143,-2.492
-0.999,-2.42
-1.051,-2.389
1.372,1.281
-0.063,0.732
-0.023,1.013
-0.046,1.213
-0.15,1.173
-0.136,-0.044
-0.173,-1.324
-0.192,-0.34
-0.211,1.199
-0.245,-1.306
-0.364,0.049
-0.314,0.882
-0.336,0.037
-0.41,-0.475
-0.498,-0.87
-0.455,1.344
-0.5,1.285
-0.824,0.486
-0.868,-0.052
-0.885,-0.855
-0.895,-0.251
-0.93,0.885
-1.035,0.391
-1.076,-0.361
-0.998,-0.157
-1.076,-0.275
-1.136,0.106
-1.306,-1.22
-1.349,0.165
-1.314,-1.636
-1.743,-1.611
-1.875,-1.413
-1.958,-1.782
-2.044,-1.42
-2.479,-1.575
-2.797,-1.663
2.047,-1.685
1.782,-1.758
1.348,-1.69
1.088,-1.493
0.996,-1.57
0.681,-1.838
0.014,-1.6
-0.162,-1.556
-0.415,-1.587
-0.516,-1.457
-0.933,-1.516
-2.077,2.751
3.046,2.884
2.528,2.676
2.234,2.535
1.713,2.814
1.751,2.492
0.117,2.623
-0.232,2.898
-0.619,2.454
-2.161,2.059
1.847,1.871
1.515,1.867
0.592,-1.367
-0.131,2.53
-0.968,-1.761
-1.07,-1.679
2.724,2.407
-1.255,1.349
-1.315,-0.249
-1.327,-0.301
-1.441,0.34
-1.534,0.894
-1.668,-0.578
-1.692,0.268
-1.799,0.371
-1.862,-0.458
-1.723,2.399
-1.902,2.274
-1.804,-0.586
-1.867,2.39
-1.88,0.029
-2.171,-0.373
-2.072,-0.224
-2.078,0.17
-2.206,0.299
-2.259,1.081
-2.468,-1.032
-2.485,-0.403
-2.498,0.512
-2.539,1.879
-2.597,-0.777
-2.66,1.026
-2.704,1.393
-2.758,2.212
-2.735,0.855
-2.658,2.021
-2.852,0.535
-2.871,0.319
-2.989,0.02
-2.953,-0.058
-2.992,-0.491
-3.038,2.188
3.114,0.304
-3.097,2.474
2.895,0.287
2.651,-0.601
2.572,0.149
2.59,1.715
2.458,-0.271
2.458,0.524
2.296,1.183
2.356,1.149
2.228,-0.152
2.348,1.156
2.32,1.702
2.077,0.186
2.166,-0.326
1.85,2.468
1.963,1.636
1.897,0.914
1.746,-1.072
1.66,2.564
1.68,-1.292
1.78,-1.313
1.629,-0.324
1.752,-1.052
1.668,0.355
1.651,2.16
1.548,2.549
1.39,1.145
1.377,1.942
1.353,2.182
1.295,2.547
1.291,2.121
1.199,0.941
1.193,1.338
1.047,2.517
1.182,-1.296
1.126,-0.574
0.992,2.037
1.099,2.3
0.962,2.608
0.903,0.186
0.992,-0.666
0.98,-0.04
0.874,1.022
0.744,0.328
0.877,-0.67
0.716,2.265
0.68,-1.047
0.777,-0.578
0.619,1.408
0.706,2.031
0.639,1.268
0.579,0.993
0.442,0.126
0.311,0.123
0.293,-1.186
0.264,2.44
0.235,1.167
0.065,2.21
0.016,-0.659
-0.029,-1.278
-0.064,0.178
0.031,0.003
-0.036,1.889
-0.164,1.007
-0.287,-0.294
-0.19,-0.423
-0.402,-1.192
-0.766,0.233
-0.814,-0.523
-0.847,-1.244
-0.892,0.953
-0.908,1.131
-0.893,1.219
-0.928,0.36
-1.085,2.315
-0.958,0.962
-1.105,1.026
-1.131,2.207
-1.256,0.521
-1.288,1.671
-1.446,-1.649
-1.981,-1.81
-1.88,-1.471
-3.137,-1.678
2.853,-1.459
2.195,-1.838
1.979,-1.494
1.901,-1.692
1.807,-1.546
0.608,-1.786
0.055,-1.436
-1.162,-1.599
-1.611,2.642
-2.179,2.676
-2.311,2.731
-2.641,2.729
-2.946,2.504
2.253,2.654
1.004,2.691
0.168,2.783
1.971,1.469
1.82,1.966
1.569,-0.573
0.534,-1.088
2.467,-0.345
1.344,-0.409
0.444,1.332
0.426,1.302
-0.636,0.776
-1.79,2.013
-2.842,-0.723
0.534,1.771
-0.113,0.576
-0.513,-0.102
-0.535,0.591
-0.494,-0.293
-0.615,-0.59
-0.589,0.556
-2.876,-1.095
2.249,-1.401
-0.893,-1.329
-0.945,-1.298
1.478,2.372
0.04,0.281
0.017,0.481
-0.087,0.441
-0.073,-0.776
-0.11,-2.056
-0.129,-1.072
-0.148,0.467
-0.182,-2.038
-0.301,-0.683
-0.251,0.15
-0.273,-0.695
-0.347,-1.207
-0.435,-1.602
-0.392,0.612
-0.437,0.553
-0.761,-0.246
-0.805,-0.784
-0.822,-1.587
-0.832,-0.983
-0.867,0.153
-0.972,-0.341
-1.013,-1.093
-0.935,-0.889
-1.013,-1.007
-1.073,-0.626
-1.243,-1.952
-1.286,-0.567
-1.251,-2.368
-1.68,-2.343
-1.812,-2.145
-1.895,-2.514
-1.981,-2.152
-2.416,-2.307
-2.734,-2.395
2.11,-2.417
1.845,-2.49
1.411,-2.422
1.151,-2.225
1.059,-2.302
0.744,-2.57
0.077,-2.332
-0.099,-2.288
-0.352,-2.319
-0.453,-2.189
-0.87,-2.248
-2.014,2.019
3.109,2.152
2.591,1.944
2.297,1.803
1.776,2.082
1.814,1.76
0.18,1.891
-0.169,2.166
-0.556,1.722
-2.098,1.327
1.91,1.139
1.578,1.135
0.655,-2.099
-0.068,1.798
-0.905,-2.493
-1.007,-2.411
2.787,1.675
-1.192,0.617
-1.252,-0.981
-1.264,-1.033
-1.378,-0.392
-1.471,0.162
-1.605,-1.31
-1.629,-0.464
-1.736,-0.361
-1.799,-1.19
-1.66,1.667
-1.839,1.542
-1.741,-1.318
-1.804,1.658
-1.817,-0.703
-2.108,-1.105
-2.009,-0.956
-2.015,-0.562
-2.143,-0.433
-2.196,0.349
-2.405,-1.764
-2.422,-1.135
-2.435,-0.22
-2.476,1.147
-2.534,-1.509
-2.597,0.294
-2.641,0.661
-2.695,1.48
-2.672,0.123
-2.595,1.289
-2.789,-0.197
-2.808,-0.413
-2.926,-0.712
-2.89,-0.79
-2.929,-1.223
-2.975,1.456
-3.106,-0.428
-3.034,1.742
2.958,-0.445
2.714,-1.333
2.635,-0.583
2.653,0.983
2.521,-1.003
2.521,-0.208
2.359,0.451
2.419,0.417
2.291,-0.884
2.411,0.424
2.383,0.97
2.14,-0.546
2.229,-1.058
1.913,1.736
2.026,0.904
1.96,0.182
1.809,-1.804
1.723,1.832
1.743,-2.024
1.843,-2.045
1.692,-1.056
1.815,-1.784
1.731,-0.377
1.714,1.428
1.611,1.817
1.453,0.413
1.44,1.21
1.416,1.45
1.358,1.815
1.354,1.389
1.262,0.209
1.256,0.606
1.11,1.785
1.245,-2.028
1.189,-1.306
1.055,1.305
1.162,1.568
1.025,1.876
0.966,-0.546
1.055,-1.398
1.043,-0.772
0.937,0.29
0.807,-0.404
0.94,-1.402
0.779,1.533
0.743,-1.779
0.84,-1.31
0.682,0.676
0.769,1.299
0.702,0.536
0.642,0.261
0.505,-0.606
0.374,-0.609
0.356,-1.918
0.327,1.708
0.298,0.435
0.128,1.478
0.079,-1.391
0.034,-2.01
-0.001,-0.554
0.094,-0.729
0.027,1.157
-0.101,0.275
-0.224,-1.026
-0.127,-1.155
-0.339,-1.924
-0.703,-0.499
-0.751,-1.255
-0.784,-1.976
-0.829,0.221
-0.845,0.399
-0.83,0.487
-0.865,-0.372
-1.022,1.583
-0.895,0.23
-1.042,0.294
-1.068,1.475
-1.193,-0.211
-1.225,0.939
-1.383,-2.381
-1.918,-2.542
-1.817,-2.203
-3.074,-2.41
2.916,-2.191
2.258,-2.57
2.042,-2.226
1.964,-2.424
1.87,-2.278
0.671,-2.518
0.118,-2.168
-1.099,-2.331
-1.548,1.91
-2.116,1.944
-2.248,1.999
-2.578,1.997
-2.883,1.772
2.316,1.922
1.067,1.959
0.231,2.051
2.034,0.737
1.883,1.234
1.632,-1.305
0.597,-1.82
2.53,-1.077
1.407,-1.141
0.507,0.6
0.489,0.57
-0.573,0.044
-1.727,1.281
-2.779,-1.455
0.597,1.039
-0.05,-0.156
-0.45,-0.834
-0.472,-0.141
-0.431,-1.025
-0.552,-1.322
-0.526,-0.176
-2.813,-1.827
2.312,-2.133
-0.83,-2.061
-0.882,-2.03
1.541,1.64
-0.023,0.2
-0.127,0.16
-0.113,-1.057
-0.15,-2.337
-0.169,-1.353
-0.188,0.186
-0.222,-2.319
-0.341,-0.964
-0.291,-0.131
-0.313,-0.976
-0.387,-1.488
-0.475,-1.883
-0.432,0.331
-0.477,0.272
-0.801,-0.527
-0.845,-1.065
-0.862,-1.868
-0.872,-1.264
-0.907,-0.128
-1.012,-0.622
-1.053,-1.374
-0.975,-1.17
-1.053,-1.288
-1.113,-0.907
-1.283,-2.233
-1.326,-0.848
-1.291,-2.649
-1.72,-2.624
-1.852,-2.426
-1.935,-2.795
-2.021,-2.433
-2.456,-2.588
-2.774,-2.676
2.07,-2.698
1.805,-2.771
1.371,-2.703
1.111,-2.506
1.019,-2.583
0.704,-2.851
0.037,-2.613
-0.139,-2.569
-0.392,-2.6
-0.493,-2.47
-0.91,-2.529
-2.054,1.738
3.069,1.871
2.551,1.663
2.257,1.522
1.736,1.801
1.774,1.479
0.14,1.61
-0.209,1.885
-0.596,1.441
-2.138,1.046
1.87,0.858
1.538,0.854
0.615,-2.38
-0.108,1.517
-0.945,-2.774
-1.047,-2.692
2.747,1.394
-1.232,0.336
-1.292,-1.262
-1.304,-1.314
-1.418,-0.673
-1.511,-0.119
-1.645,-1.591
-1.669,-0.745
-1.776,-0.642
-1.839,-1.471
-1.7,1.386
-1.879,1.261
-1.781,-1.599
-1.844,1.377
-1.857,-0.984
-2.148,-1.386
-2.049,-1.237
-2.055,-0.843
-2.183,-0.714
-2.236,0.068
-2.445,-2.045
-2.462,-1.416
-2.475,-0.501
-2.516,0.866
-2.574,-1.79
-2.637,0.013
-2.681,0.38
-2.735,1.199
-2.712,-0.158
-2.635,1.008
-2.829,-0.478
-2.848,-0.694
-2.966,-0.993
-2.93,-1.071
-2.969,-1.504
-3.015,1.175
3.137,-0.709
-3.074,1.461
2.918,-0.726
2.674,-1.614
2.595,-0.864
2.613,0.702
2.481,-1.284
2.481,-0.489
2.319,0.17
2.379,0.136
2.251,-1.165
2.371,0.143
2.343,0.689
2.1,-0.827
2.189,-1.339
1.873,1.455
1.986,0.623
1.92,-0.099
1.769,-2.085
1.683,1.551
1.703,-2.305
1.803,-2.326
1.652,-1.337
1.775,-2.065
1.691,-0.658
1.674,1.147
1.571,1.536
1.413,0.132
1.4,0.929
1.376,1.169
1.318,1.534
1.314,1.108
1.222,-0.072
1.216,0.325
1.07,1.504
1.205,-2.309
1.149,-1.587
1.015,1.024
1.122,1.287
0.985,1.595
0.926,-0.827
1.015,-1.679
1.003,-1.053
0.897,0.009
0.767,-0.685
0.9,-1.683
0.739,1.252
0.703,-2.06
0.8,-1.591
0.642,0.395
0.729,1.018
0.662,0.255
0.602,-0.02
0.465,-0.887
0.334,-0.89
0.316,-2.199
0.287,1.427
0.258,0.154
0.088,1.197
0.039,-1.672
-0.006,-2.291
-0.041,-0.835
0.054,-1.01
-0.013,0.876
-0.141,-0.006
-0.264,-1.307
-0.167,-1.436
-0.379,-2.205
-0.743,-0.78
-0.791,-1.536
-0.824,-2.257
-0.869,-0.06
-0.885,0.118
-0.87,0.206
-0.905,-0.653
-1.062,1.302
-0.935,-0.051
-1.082,0.013
-1.108,1.194
-1.233,-0.492
-1.265,0.658
-1.423,-2.662
-1.958,-2.823
-1.857,-2.484
-3.114,-2.691
2.876,-2.472
2.218,-2.851
2.002,-2.507
1.924,-2.705
1.83,-2.559
0.631,-2.799
0.078,-2.449
-1.139,-2.612
-1.588,1.629
-2.156,1.663
-2.288,1.718
-2.618,1.716
-2.923,1.491
2.276,1.641
1.027,1.678
0.191,1.77
1.994,0.456
1.843,0.953
1.592,-1.586
0.557,-2.101
2.49,-1.358
1.367,-1.422
0.467,0.319
0.449,0.289
-0.613,-0.237
-1.767,1.0
-2.819,-1.736
0.557,0.758
-0.09,-0.437
-0.49,-1.115
-0.512,-0.422
-0.471,-1.306
-0.592,-1.603
-0.566,-0.457
-2.853,-2.108
2.272,-2.414
-0.87,-2.342
-0.922,-2.311
1.501,1.359
-0.104,-0.04
-0.09,-1.257
-0.127,-2.537
-0.146,-1.553
-0.165,-0.014
-0.199,-2.519
-0.318,-1.164
-0.268,-0.331
-0.29,-1.176
-0.364,-1.688
-0.452,-2.083
-0.409,0.131
-0.454,0.072
-0.778,-0.727
-0.822,-1.265
-0.839,-2.068
-0.849,-1.464
-0.884,-0.328
-0.989,-0.822
-1.03,-1.574
-0.952,-1.37
-1.03,-1.488
-1.09,-1.107
-1.26,-2.433
-1.303,-1.048
-1.268,-2.849
-1.697,-2.824
-1.829,-2.626
-1.912,-2.995
-1.998,-2.633
-2.433,-2.788
-2.751,-2.876
2.093,-2.898
1.828,-2.971
1.394,-2.903
1.134,-2.706
1.042,-2.783
0.727,-3.051
0.06,-2.813
-0.116,-2.769
-0.369,-2.8
-0.47,-2.67
-0.887,-2.729
-2.031,1.538
3.092,1.671
2.574,1.463
2.28,1.322
1.759,1.601
1.797,1.279
0.163,1.41
-0.186,1.685
-0.573,1.241
-2.115,0.846
1.893,0.658
1.561,0.654
0.638,-2.58
-0.085,1.317
-0.922,-2.974
-1.024,-2.892
2.77,1.194
-1.209,0.136
-1.269,-1.462
-1.281,-1.514
-1.395,-0.873
-1.488,-0.319
-1.622,-1.791
-1.646,-0.945
-1.753,-0.842
-1.816,-1.671
-1.677,1.186
-1.856,1.061
-1.758,-1.799
-1.821,1.177
-1.834,-1.184
-2.125,-1.586
-2.026,-1.437
-2.032,-1.043
-2.16,-0.914
-2.213,-0.132
-2.422,-2.245
-2.439,-1.616
-2.452,-0.701
-2.493,0.666
-2.551,-1.99
-2.614,-0.187
-2.658,0.18
-2.712,0.999
-2.689,-0.358
-2.612,0.808
-2.806,-0.678
-2.825,-0.894
-2.943,-1.193
-2.907,-1.271
-2.946,-1.704
-2.992,0.975
-3.123,-0.909
-3.051,1.261
2.941,-0.926
2.697,-1.814
2.618,-1.064
2.636,0.502
2.504,-1.484
2.504,-0.689
2.342,-0.03
2.402,-0.064
2.274,-1.365
2.394,-0.057
2.366,0.489
2.123,-1.027
2.212,-1.539
1.896,1.255
2.009,0.423
1.943,-0.299
1.792,-2.285
1.706,1.351
1.726,-2.505
1.826,-2.526
1.675,-1.537
1.798,-2.265
1.714,-0.858
1.697,0.947
1.594,1.336
1.436,-0.068
1.423,0.729
1.399,0.969
1.341,1.334
1.337,0.908
1.245,-0.272
1.239,0.125
1.093,1.304
1.228,-2.509
1.172,-1.787
1.038,0.824
1.145,1.087
1.008,1.395
0.949,-1.027
1.038,-1.879
1.026,-1.253
0.92,-0.191
0.79,-0.885
0.923,-1.883
0.762,1.052
0.726,-2.26
0.823,-1.791
0.665,0.195
0.752,0.818
0.685,0.055
0.625,-0.22
0.488,-1.087
0.357,-1.09
0.339,-2.399
0.31,1.227
0.281,-0.046
0.111,0.997
0.062,-1.872
0.017,-2.491
-0.018,-1.035
0.077,-1.21
0.01,0.676
-0.118,-0.206
-0.241,-1.507
-0.144,-1.636
-0.356,-2.405
-0.72,-0.98
-0.768,-1.736
-0.801,-2.457
-0.846,-0.26
-0.862,-0.082
-0.847,0.006
-0.882,-0.853
-1.039,1.102
-0.912,-0.251
-1.059,-0.187
-1.085,0.994
-1.21,-0.692
-1.242,0.458
-1.4,-2.862
-1.935,-3.023
-1.834,-2.684
-3.091,-2.891
2.899,-2.672
2.241,-3.051
2.025,-2.707
1.947,-2.905
1.853,-2.759
0.654,-2.999
0.101,-2.649
-1.116,-2.812
-1.565,1.429
-2.133,1.463
-2.265,1.518
-2.595,1.516
-2.9,1.291
2.299,1.441
1.05,1.478
0.214,1.57
2.017,0.256
1.866,0.753
1.615,-1.786
0.58,-2.301
2.513,-1.558
1.39,-1.622
0.49,0.119
0.472,0.089
-0.59,-0.437
-1.744,0.8
-2.796,-1.936
0.58,0.558
-0.067,-0.637
-0.467,-1.315
-0.489,-0.622
-0.448,-1.506
-0.569,-1.803
-0.543,-0.657
-2.83,-2.308
2.295,-2.614
-0.847,-2.542
-0.899,-2.511
1.524,1.159
0.014,-1.217
-0.023,-2.497
-0.042,-1.513
-0.061,0.026
-0.095,-2.479
-0.214,-1.124
-0.164,-0.291
-0.186,-1.136
-0.26,-1.648
-0.348,-2.043
-0.305,0.171
-0.35,0.112
-0.674,-0.687
-0.718,-1.225
-0.735,-2.028
-0.745,-1.424
-0.78,-0.288
-0.885,-0.782
-0.926,-1.534
-0.848,-1.33
-0.926,-1.448
-0.986,-1.067
-1.156,-2.393
-1.199,-1.008
-1.164,-2.809
-1.593,-2.784
-1.725,-2.586
-1.808,-2.955
-1.894,-2.593
-2.329,-2.748
-2.647,-2.836
2.197,-2.858
1.932,-2.931
1.498,-2.863
1.238,-2.666
1.146,-2.743
0.831,-3.011
0.164,-2.773
-0.012,-2.729
-0.265,-2.76
-0.366,-2.63
-0.783,-2.689
-1.927,1.578
-3.087,1.711
2.678,1.503
2.384,1.362
1.863,1.641
1.901,1.319
0.267,1.45
-0.082,1.725
-0.469,1.281
-2.011,0.886
1.997,0.698
1.665,0.694
0.742,-2.54
0.019,1.357
-0.818,-2.934
-0.92,-2.852
2.874,1.234
-1.105,0.176
-1.165,-1.422
-1.177,-1.474
-1.291,-0.833
-1.384,-0.279
-1.518,-1.751
-1.542,-0.905
-1.649,-0.802
-1.712,-1.631
-1.573,1.226
-1.752,1.101
-1.654,-1.759
-1.717,1.217
-1.73,-1.144
-2.021,-1.546
-1.922,-1.397
-1.928,-1.003
-2.056,-0.874
-2.109,-0.092
-2.318,-2.205
-2.335,-1.576
-2.348,-0.661
-2.389,0.706
-2.447,-1.95
-2.51,-0.147
-2.554,0.22
-2.608,1.039
-2.585,-0.318
-2.508,0.848
-2.702,-0.638
-2.721,-0.854
-2.839,-1.153
-2.803,-1.231
-2.842,-1.664
-2.888,1.015
-3.019,-0.869
-2.947,1.301
3.045,-0.886
2.801,-1.774
2.722,-1.024
2.74,0.542
2.608,-1.444
2.608,-0.649
2.446,0.01
2.506,-0.024
2.378,-1.325
2.498,-0.017
2.47,0.529
2.227,-0.987
2.316,-1.499
2.0,1.295
2.113,0.463
2.047,-0.259
1.896,-2.245
1.81,1.391
1.83,-2.465
1.93,-2.486
1.779,-1.497
1.902,-2.225
1.818,-0.818
1.801,0.987
1.698,1.376
1.54,-0.028
1.527,0.769
1.503,1.009
1.445,1.374
1.441,0.948
1.349,-0.232
1.343,0.165
1.197,1.344
1.332,-2.469
1.276,-1.747
1.142,0.864
1.249,1.127
1.112,1.435
1.053,-0.987
1.142,-1.839
1.13,-1.213
1.024,-0.151
0.894,-0.845
1.027,-1.843
0.866,1.092
0.83,-2.22
0.927,-1.751
0.769,0.235
0.856,0.858
0.789,0.095
0.729,-0.18
0.592,-1.047
0.461,-1.05
0.443,-2.359
0.414,1.267
0.385,-0.006
0.215,1.037
0.166,-1.832
0.121,-2.451
0.086,-0.995
0.181,-1.17
0.114,0.716
-0.014,-0.166
-0.137,-1.467
-0.04,-1.596
-0.252,-2.365
-0.616,-0.94
-0.664,-1.696
-0.697,-2.417
-0.742,-0.22
-0.758,-0.042
-0.743,0.046
-0.778,-0.813
-0.935,1.142
-0.808,-0.211
-0.955,-0.147
-0.981,1.034
-1.106,-0.652
-1.138,0.498
-1.296,-2.822
-1.831,-2.983
-1.73,-2.644
-2.987,-2.851
3.003,-2.632
2.345,-3.011
2.129,-2.667
2.051,-2.865
1.957,-2.719
0.758,-2.959
0.205,-2.609
-1.012,-2.772
-1.461,1.469
-2.029,1.503
-2.161,1.558
-2.491,1.556
-2.796,1.331
2.403,1.481
1.154,1.518
0.318,1.61
2.121,0.296
1.97,0.793
1.719,-1.746
0.684,-2.261
2.617,-1.518
1.494,-1.582
0.594,0.159
0.576,0.129
-0.486,-0.397
-1.64,0.84
-2.692,-1.896
0.684,0.598
0.037,-0.597
-0.363,-1.275
-0.385,-0.582
-0.344,-1.466
-0.465,-1.763
-0.439,-0.617
-2.726,-2.268
2.399,-2.574
-0.743,-2.502
-0.795,-2.471
1.628,1.199
-0.037,-1.28
-0.056,-0.296
-0.075,1.243
-0.109,-1.262
-0.228,0.093
-0.178,0.926
-0.2,0.081
-0.274,-0.431
-0.362,-0.826
-0.319,1.388
-0.364,1.329
-0.688,0.53
-0.732,-0.008
-0.749,-0.811
-0.759,-0.207
-0.794,0.929
-0.899,0.435
-0.94,-0.317
-0.862,-0.113
-0.94,-0.231
-1.0,0.15
-1.17,-1.176
-1.213,0.209
-1.178,-1.592
-1.607,-1.567
-1.739,-1.369
-1.822,-1.738
-1.908,-1.376
-2.343,-1.531
-2.661,-1.619
2.183,-1.641
1.918,-1.714
1.484,-1.646
1.224,-1.449
1.132,-1.526
0.817,-1.794
0.15,-1.556
-0.026,-1.512
-0.279,-1.543
-0.38,-1.413
-0.797,-1.472
-1.941,2.795
-3.101,2.928
2.664,2.72
2.37,2.579
1.849,2.858
1.887,2.536
0.253,2.667
-0.096,2.942
-0.483,2.498
-2.025,2.103
1.983,1.915
1.651,1.911
0.728,-1.323
0.005,2.574
-0.832,-1.717
-0.934,-1.635
2.86,2.451
-1.119,1.393
-1.179,-0.205
-1.191,-0.257
-1.305,0.384
-1.398,0.938
-1.532,-0.534
-1.556,0.312
-1.663,0.415
-1.726,-0.414
-1.587,2.443
-1.766,2.318
-1.668,-0.542
-1.731,2.434
-1.744,0.073
-2.035,-0.329
-1.936,-0.18
-1.942,0.214
-2.07,0.343
-2.123,1.125
-2.332,-0.988
-2.349,-0.359
-2.362,0.556
-2.403,1.923
-2.461,-0.733
-2.524,1.07
-2.568,1.437
-2.622,2.256
-2.599,0.899
-2.522,2.065
-2.716,0.579
-2.735,0.363
-2.853,0.064
-2.817,-0.014
-2.856,-0.447
-2.902,2.232
-3.033,0.348
-2.961,2.518
3.031,0.331
2.787,-0.557
2.708,0.193
2.726,1.759
2.594,-0.227
2.594,0.568
2.432,1.227
2.492,1.193
2.364,-0.108
2.484,1.2
2.456,1.746
2.213,0.23
2.302,-0.282
1.986,2.512
2.099,1.68
2.033,0.958
1.882,-1.028
1.796,2.608
1.816,-1.248
1.916,-1.269
1.765,-0.28
1.888,-1.008
1.804,0.399
1.787,2.204
1.684,2.593
1.526,1.189
1.513,1.986
1.489,2.226
1.431,2.591
1.427,2.165
1.335,0.985
1.329,1.382
1.183,2.561
1.318,-1.252
1.262,-0.53
1.128,2.081
1.235,2.344
1.098,2.652
1.039,0.23
1.128,-0.622
1.116,0.004
1.01,1.066
0.88,0.372
1.013,-0.626
0.852,2.309
0.816,-1.003
0.913,-0.534
0.755,1.452
0.842,2.075
0.775,1.312
0.715,1.037
0.578,0.17
0.447,0.167
0.429,-1.142
0.4,2.484
0.371,1.211
0.201,2.254
0.152,-0.615
0.107,-1.234
0.072,0.222
0.167,0.047
0.1,1.933
-0.028,1.051
-0.151,-0.25
-0.054,-0.379
-0.266,-1.148
-0.63,0.277
-0.678,-0.479
-0.711,-1.2
-0.756,0.997
-0.772,1.175
-0.757,1.263
-0.792,0.404
-0.949,2.359
-0.822,1.006
-0.969,1.07
-0.995,2.251
-1.12,0.565
-1.152,1.715
-1.31,-1.605
-1.845,-1.766
-1.744,-1.427
-3.001,-1.634
2.989,-1.415
2.331,-1.794
2.115,-1.45
2.037,-1.648
1.943,-1.502
0.744,-1.742
0.191,-1.392
-1.026,-1.555
-1.475,2.686
-2.043,2.72
-2.175,2.775
-2.505,2.773
-2.81,2.548
2.389,2.698
1.14,2.735
0.304,2.827
2.107,1.513
1.956,2.01
1.705,-0.529
0.67,-1.044
2.603,-0.301
1.48,-0.365
0.58,1.376
0.562,1.346
-0.5,0.82
-1.654,2.057
-2.706,-0.679
0.67,1.815
0.023,0.62
-0.377,-0.058
-0.399,0.635
-0.358,-0.249
-0.479,-0.546
-0.453,0.6
-2.74,-1.051
2.385,-1.357
-0.757,-1.285
-0.809,-1.254
1.614,2.416
-0.019,0.984
-0.038,2.523
-0.072,0.018
-0.191,1.373
-0.141,2.206
-0.163,1.361
-0.237,0.849
-0.325,0.454
-0.282,2.668
-0.327,2.609
-0.651,1.81
-0.695,1.272
-0.712,0.469
-0.722,1.073
-0.757,2.209
-0.862,1.715
-0.903,0.963
-0.825,1.167
-0.903,1.049
-0.963,1.43
-1.133,0.104
-1.176,1.489
-1.141,-0.312
-1.57,-0.287
-1.702,-0.089
-1.785,-0.458
-1.871,-0.096
-2.306,-0.251
-2.624,-0.339
2.22,-0.361
1.955,-0.434
1.521,-0.366
1.261,-0.169
1.169,-0.246
0.854,-0.514
0.187,-0.276
0.011,-0.232
-0.242,-0.263
-0.343,-0.133
-0.76,-0.192
-1.904,4.075
-3.064,4.208
2.701,4.0
2.407,3.859
1.886,4.138
1.924,3.816
0.29,3.947
-0.059,4.222
-0.446,3.778
-1.988,3.383
2.02,3.195
1.688,3.191
0.765,-0.043
0.042,3.854
-0.795,-0.437
-0.897,-0.355
2.897,3.731
-1.082,2.673
-1.142,1.075
-1.154,1.023
-1.268,1.664
-1.361,2.218
-1.495,0.746
-1.519,1.592
-1.626,1.695
-1.689,0.866
-1.55,3.723
-1.729,3.598
-1.631,0.738
-1.694,3.714
-1.707,1.353
-1.998,0.951
-1.899,1.1
-1.905,1.494
-2.033,1.623
-2.086,2.405
-2.295,0.292
-2.312,0.921
-2.325,1.836
-2.366,3.203
-2.424,0.547
-2.487,2.35
-2.531,2.717
-2.585,3.536
-2.562,2.179
-2.485,3.345
-2.679,1.859
-2.698,1.643
-2.816,1.344
-2.78,1.266
-2.819,0.833
-2.865,3.512
-2.996,1.628
-2.924,3.798
3.068,1.611
2.824,0.723
2.745,1.473
2.763,3.039
2.631,1.053
2.631,1.848
2.469,2.507
2.529,2.473
2.401,1.172
2.521,2.48
2.493,3.026
2.25,1.51
2.339,0.998
2.023,3.792
2.136,2.96
2.07,2.238
1.919,0.252
1.833,3.888
1.853,0.032
1.953,0.011
1.802,1.0
1.925,0.272
1.841,1.679
1.824,3.484
1.721,3.873
1.563,2.469
1.55,3.266
1.526,3.506
1.468,3.871
1.464,3.445
1.372,2.265
1.366,2.662
1.22,3.841
1.355,0.028
1.299,0.75
1.165,3.361
1.272,3.624
1.135,3.932
1.076,1.51
1.165,0.658
1.153,1.284
1.047,2.346
0.917,1.652
1.05,0.654
0.889,3.589
0.853,0.277
0.95,0.746
0.792,2.732
0.879,3.355
0.812,2.592
0.752,2.317
0.615,1.45
0.484,1.447
0.466,0.138
0.437,3.764
0.408,2.491
0.238,3.534
0.189,0.665
0.144,0.046
0.109,1.502
0.204,1.327
0.137,3.213
0.009,2.331
-0.114,1.03
-0.017,0.901
-0.229,0.132
-0.593,1.557
-0.641,0.801
-0.674,0.08
-0.719,2.277
-0.735,2.455
-0.72,2.543
-0.755,1.684
-0.912,3.639
-0.785,2.286
-0.932,2.35
-0.958,3.531
-1.083,1.845
-1.115,2.995
-1.273,-0.325
-1.808,-0.486
-1.707,-0.147
-2.964,-0.354
3.026,-0.135
2.368,-0.514
2.152,-0.17
2.074,-0.368
1.98,-0.222
0.781,-0.462
0.228,-0.112
-0.989,-0.275
-1.438,3.966
-2.006,4.0
-2.138,4.055
-2.468,4.053
-2.773,3.828
2.426,3.978
1.177,4.015
0.341,4.107
2.144,2.793
1.993,3.29
1.742,0.751
0.707,0.236
2.64,0.979
1.517,0.915
0.617,2.656
0.599,2.626
-0.463,2.1
-1.617,3.337
-2.669,0.601
0.707,3.095
0.06,1.9
-0.34,1.222
-0.362,1.915
-0.321,1.031
-0.442,0.734
-0.416,1.88
-2.703,0.229
2.422,-0.077
-0.72,-0.005
-0.772,0.026
1.651,3.696
-0.019,1.539
-0.053,-0.966
-0.172,0.389
-0.122,1.222
-0.144,0.377
-0.218,-0.135
-0.306,-0.53
-0.263,1.684
-0.308,1.625
-0.632,0.826
-0.676,0.288
-0.693,-0.515
-0.703,0.089
-0.738,1.225
-0.843,0.731
-0.884,-0.021
-0.806,0.183
-0.884,0.065
-0.944,0.446
-1.114,-0.88
-1.157,0.505
-1.122,-1.296
-1.551,-1.271
-1.683,-1.073
-1.766,-1.442
-1.852,-1.08
-2.287,-1.235
-2.605,-1.323
2.239,-1.345
1.974,-1.418
1.54,-1.35
1.28,-1.153
1.188,-1.23
0.873,-1.498
0.206,-1.26
0.03,-1.216
-0.223,-1.247
-0.324,-1.117
-0.741,-1.176
-1.885,3.091
-3.045,3.224
2.72,3.016
2.426,2.875
1.905,3.154
1.943,2.832
0.309,2.963
-0.04,3.238
-0.427,2.794
-1.969,2.399
2.039,2.211
1.707,2.207
0.784,-1.027
0.061,2.87
-0.776,-1.421
-0.878,-1.339
2.916,2.747
-1.063,1.689
-1.123,0.091
-1.135,0.039
-1.249,0.68
-1.342,1.234
-1.476,-0.238
-1.5,0.608
-1.607,0.711
-1.67,-0.118
-1.531,2.739
-1.71,2.614
-1.612,-0.246
-1.675,2.73
-1.688,0.369
-1.979,-0.033
-1.88,0.116
-1.886,0.51
-2.014,0.639
-2.067,1.421
-2.276,-0.692
-2.293,-0.063
-2.306,0.852
-2.347,2.219
-2.405,-0.437
-2.468,1.366
-2.512,1.733
-2.566,2.552
-2.543,1.195
-2.466,2.361
-2.66,0.875
-2.679,0.659
-2.797,0.36
-2.761,0.282
-2.8,-0.151
-2.846,2.528
-2.977,0.644
-2.905,2.814
3.087,0.627
2.843,-0.261
2.764,0.489
2.782,2.055
2.65,0.069
2.65,0.864
2.488,1.523
2.548,1.489
2.42,0.188
2.54,1.496
2.512,2.042
2.269,0.526
2.358,0.014
2.042,2.808
2.155,1.976
2.089,1.254
1.938,-0.732
1.852,2.904
1.872,-0.952
1.972,-0.973
1.821,0.016
1.944,-0.712
1.86,0.695
1.843,2.5
1.74,2.889
1.582,1.485
1.569,2.282
1.545,2.522
1.487,2.887
1.483,2.461
1.391,1.281
1.385,1.678
1.239,2.857
1.374,-0.956
1.318,-0.234
1.184,2.377
1.291,2.64
1.154,2.948
1.095,0.526
1.184,-0.326
1.172,0.3
1.066,1.362
0.936,0.668
1.069,-0.33
0.908,2.605
0.872,-0.707
0.969,-0.238
0.811,1.748
0.898,2.371
0.831,1.608
0.771,1.333
0.634,0.466
0.503,0.463
0.485,-0.846
0.456,2.78
0.427,1.507
0.257,2.55
0.208,-0.319
0.163,-0.938
0.128,0.518
0.223,0.343
0.156,2.229
0.028,1.347
-0.095,0.046
0.002,-0.083
-0.21,-0.852
-0.574,0.573
-0.622,-0.183
-0.655,-0.904
-0.7,1.293
-0.716,1.471
-0.701,1.559
-0.736,0.7
-0.893,2.655
-0.766,1.302
-0.913,1.366
-0.939,2.547
-1.064,0.861
-1.096,2.011
-1.254,-1.309
-1.789,-1.47
-1.688,-1.131
-2.945,-1.338
3.045,-1.119
2.387,-1.498
2.171,-1.154
2.093,-1.352
1.999,-1.206
0.8,-1.446
0.247,-1.096
-0.97,-1.259
-1.419,2.982
-1.987,3.016
-2.119,3.071
-2.449,3.069
-2.754,2.844
2.445,2.994
1.196,3.031
0.36,3.123
2.163,1.809
2.012,2.306
1.761,-0.233
0.726,-0.748
2.659,-0.005
1.536,-0.069
0.636,1.672
0.618,1.642
-0.444,1.116
-1.598,2.353
-2.65,-0.383
0.726,2.111
0.079,0.916
-0.321,0.238
-0.343,0.931
-0.302,0.047
-0.423,-0.25
-0.397,0.896
-2.684,-0.755
2.441,-1.061
-0.701,-0.989
-0.753,-0.958
1.67,2.712
-0.034,-2.505
-0.153,-1.15
-0.103,-0.317
-0.125,-1.162
-0.199,-1.674
-0.287,-2.069
-0.244,0.145
-0.289,0.086
-0.613,-0.713
-0.657,-1.251
-0.674,-2.054
-0.684,-1.45
-0.719,-0.314
-0.824,-0.808
-0.865,-1.56
-0.787,-1.356
-0.865,-1.474
-0.925,-1.093
-1.095,-2.419
-1.138,-1.034
-1.103,-2.835
-1.532,-2.81
-1.664,-2.612
-1.747,-2.981
-1.833,-2.619
-2.268,-2.774
-2.586,-2.862
2.258,-2.884
1.993,-2.957
1.559,-2.889
1.299,-2.692
1.207,-2.769
0.892,-3.037
0.225,-2.799
0.049,-2.755
-0.204,-2.786
-0.305,-2.656
-0.722,-2.715
-1.866,1.552
-3.026,1.685
2.739,1.477
2.445,1.336
1.924,1.615
1.962,1.293
0.328,1.424
-0.021,1.699
-0.408,1.255
-1.95,0.86
2.058,0.672
1.726,0.668
0.803,-2.566
0.08,1.331
-0.757,-2.96
-0.859,-2.878
2.935,1.208
-1.044,0.15
-1.104,-1.448
-1.116,-1.5
-1.23,-0.859
-1.323,-0.305
-1.457,-1.777
-1.481,-0.931
-1.588,-0.828
-1.651,-1.657
-1.512,1.2
-1.691,1.075
-1.593,-1.785
-1.656,1.191
-1.669,-1.17
-1.96,-1.572
-1.861,-1.423
-1.867,-1.029
-1.995,-0.9
-2.048,-0.118
-2.257,-2.231
-2.274,-1.602
-2.287,-0.687
-2.328,0.68
-2.386,-1.976
-2.449,-0.173
-2.493,0.194
-2.547,1.013
-2.524,-0.344
-2.447,0.822
-2.641,-0.664
-2.66,-0.88
-2.778,-1.179
-2.742,-1.257
-2.781,-1.69
-2.827,0.989
-2.958,-0.895
-2.886,1.275
3.106,-0.912
2.862,-1.8
2.783,-1.05
2.801,0.516
2.669,-1.47
2.669,-0.675
2.507,-0.016
2.567,-0.05
2.439,-1.351
2.559,-0.043
2.531,0.503
2.288,-1.013
2.377,-1.525
2.061,1.269
2.174,0.437
2.108,-0.285
1.957,-2.271
1.871,1.365
1.891,-2.491
1.991,-2.512
1.84,-1.523
1.963,-2.251
1.879,-0.844
1.862,0.961
1.759,1.35
1.601,-0.054
1.588,0.743
1.564,0.983
1.506,1.348
1.502,0.922
1.41,-0.258
1.404,0.139
1.258,1.318
1.393,-2.495
1.337,-1.773
1.203,0.838
1.31,1.101
1.173,1.409
1.114,-1.013
1.203,-1.865
1.191,-1.239
1.085,-0.177
0.955,-0.871
1.088,-1.869
0.927,1.066
0.891,-2.246
0.988,-1.777
0.83,0.209
0.917,0.832
0.85,0.069
0.79,-0.206
0.653,-1.073
0.522,-1.076
0.504,-2.385
0.475,1.241
0.446,-0.032
0.276,1.011
0.227,-1.858
0.182,-2.477
0.147,-1.021
0.242,-1.196
0.175,0.69
0.047,-0.192
-0.076,-1.493
0.021,-1.622
-0.191,-2.391
-0.555,-0.966
-0.603,-1.722
-0.636,-2.443
-0.681,-0.246
-0.697,-0.068
-0.682,0.02
-0.717,-0.839
-0.874,1.116
-0.747,-0.237
-0.894,-0.173
-0.92,1.008
-1.045,-0.678
-1.077,0.472
-1.235,-2.848
-1.77,-3.009
-1.669,-2.67
-2.926,-2.877
3.064,-2.658
2.406,-3.037
2.19,-2.693
2.112,-2.891
2.018,-2.745
0.819,-2.985
0.266,-2.635
-0.951,-2.798
-1.4,1.443
-1.968,1.477
-2.1,1.532
-2.43,1.53
-2.735,1.305
2.464,1.455
1.215,1.492
0.379,1.584
2.182,0.27
2.031,0.767
1.78,-1.772
0.745,-2.287
2.678,-1.544
1.555,-1.608
0.655,0.133
0.637,0.103
-0.425,-0.423
-1.579,0.814
-2.631,-1.922
0.745,0.572
0.098,-0.623
-0.302,-1.301
-0.324,-0.608
-0.283,-1.492
-0.404,-1.789
-0.378,-0.643
-2.665,-2.294
2.46,-2.6
-0.682,-2.528
-0.734,-2.497
1.689,1.173
-0.119,1.355
-0.069,2.188
-0.091,1.343
-0.165,0.831
-0.253,0.436
-0.21,2.65
-0.255,2.591
-0.579,1.792
-0.623,1.254
-0.64,0.451
-0.65,1.055
-0.685,2.191
-0.79,1.697
-0.831,0.945
-0.753,1.149
-0.831,1.031
-0.891,1.412
-1.061,0.086
-1.104,1.471
-1.069,-0.33
-1.498,-0.305
-1.63,-0.107
-1.713,-0.476
-1.799,-0.114
-2.234,-0.269
-2.552,-0.357
2.292,-0.379
2.027,-0.452
1.593,-0.384
1.333,-0.187
1.241,-0.264
0.926,-0.532
0.259,-0.294
0.083,-0.25
-0.17,-0.281
-0.271,-0.151
-0.688,-0.21
-1.832,4.057
-2.992,4.19
2.773,3.982
2.479,3.841
1.958,4.12
1.996,3.798
0.362,3.929
0.013,4.204
-0.374,3.76
-1.916,3.365
2.092,3.177
1.76,3.173
0.837,-0.061
0.114,3.836
-0.723,-0.455
-0.825,-0.373
2.969,3.713
-1.01,2.655
-1.07,1.057
-1.082,1.005
-1.196,1.646
-1.289,2.2
-1.423,0.728
-1.447,1.574
-1.554,1.677
-1.617,0.848
-1.478,3.705
-1.657,3.58
-1.559,0.72
-1.622,3.696
-1.635,1.335
-1.926,0.933
-1.827,1.082
-1.833,1.476
-1.961,1.605
-2.014,2.387
-2.223,0.274
-2.24,0.903
-2.253,1.818
-2.294,3.185
-2.352,0.529
-2.415,2.332
-2.459,2.699
-2.513,3.518
-2.49,2.161
-2.413,3.327
-2.607,1.841
-2.626,1.625
-2.744,1.326
-2.708,1.248
-2.747,0.815
-2.793,3.494
-2.924,1.61
-2.852,3.78
3.14,1.593
2.896,0.705
2.817,1.455
2.835,3.021
2.703,1.035
2.703,1.83
2.541,2.489
2.601,2.455
2.473,1.154
2.593,2.462
2.565,3.008
2.322,1.492
2.411,0.98
2.095,3.774
2.208,2.942
2.142,2.22
1.991,0.234
1.905,3.87
1.925,0.014
2.025,-0.007
1.874,0.982
1.997,0.254
1.913,1.661
1.896,3.466
1.793,3.855
1.635,2.451
1.622,3.248
1.598,3.488
1.54,3.853
1.536,3.427
1.444,2.247
1.438,2.644
1.292,3.823
1.427,0.01
1.371,0.732
1.237,3.343
1.344,3.606
1.207,3.914
1.148,1.492
1.237,0.64
1.225,1.266
1.119,2.328
0.989,1.634
1.122,0.636
0.961,3.571
0.925,0.259
1.022,0.728
0.864,2.714
0.951,3.337
0.884,2.574
0.824,2.299
0.687,1.432
0.556,1.429
0.538,0.12
0.509,3.746
0.48,2.473
0.31,3.516
0.261,0.647
0.216,0.028
0.181,1.484
0.276,1.309
0.209,3.195
0.081,2.313
-0.042,1.012
0.055,0.883
-0.157,0.114
-0.521,1.539
-0.569,0.783
-0.602,0.062
-0.647,2.259
-0.663,2.437
-0.648,2.525
-0.683,1.666
-0.84,3.621
-0.713,2.268
-0.86,2.332
-0.886,3.513
-1.011,1.827
-1.043,2.977
-1.201,-0.343
-1.736,-0.504
-1.635,-0.165
-2.892,-0.372
3.098,-0.153
2.44,-0.532
2.224,-0.188
2.146,-0.386
2.052,-0.24
0.853,-0.48
0.3,-0.13
-0.917,-0.293
-1.366,3.948
-1.934,3.982
-2.066,4.037
-2.396,4.035
-2.701,3.81
2.498,3.96
1.249,3.997
0.413,4.089
2.216,2.775
2.065,3.272
1.814,0.733
0.779,0.218
2.712,0.961
1.589,0.897
0.689,2.638
0.671,2.608
-0.391,2.082
-1.545,3.319
-2.597,0.583
0.779,3.077
0.132,1.882
-0.268,1.204
-0.29,1.897
-0.249,1.013
-0.37,0.716
-0.344,1.862
-2.631,0.211
2.494,-0.095
-0.648,-0.023
-0.7,0.008
1.723,3.678
0.05,0.833
0.028,-0.012
-0.046,-0.524
-0.134,-0.919
-0.091,1.295
-0.136,1.236
-0.46,0.437
-0.504,-0.101
-0.521,-0.904
-0.531,-0.3
-0.566,0.836
-0.671,0.342
-0.712,-0.41
-0.634,-0.206
-0.712,-0.324
-0.772,0.057
-0.942,-1.269
-0.985,0.116
-0.95,-1.685
-1.379,-1.66
-1.511,-1.462
-1.594,-1.831
-1.68,-1.469
-2.115,-1.624
-2.433,-1.712
2.411,-1.734
2.146,-1.807
1.712,-1.739
1.452,-1.542
1.36,-1.619
1.045,-1.887
0.378,-1.649
0.202,-1.605
-0.051,-1.636
-0.152,-1.506
-0.569,-1.565
-1.713,2.702
-2.873,2.835
2.892,2.627
2.598,2.486
2.077,2.765
2.115,2.443
0.481,2.574
0.132,2.849
-0.255,2.405
-1.797,2.01
2.211,1.822
1.879,1.818
0.956,-1.416
0.233,2.481
-0.604,-1.81
-0.706,-1.728
3.088,2.358
-0.891,1.3
-0.951,-0.298
-0.963,-0.35
-1.077,0.291
-1.17,0.845
-1.304,-0.627
-1.328,0.219
-1.435,0.322
-1.498,-0.507
-1.359,2.35
-1.538,2.225
-1.44,-0.635
-1.503,2.341
-1.516,-0.02
-1.807,-0.422
-1.708,-0.273
-1.714,0.121
-1.842,0.25
-1.895,1.032
-2.104,-1.081
-2.121,-0.452
-2.134,0.463
-2.175,1.83
-2.233,-0.826
-2.296,0.977
-2.34,1.344
-2.394,2.163
-2.371,0.806
-2.294,1.972
-2.488,0.486
-2.507,0.27
-2.625,-0.029
-2.589,-0.107
-2.628,-0.54
-2.674,2.139
-2.805,0.255
-2.733,2.425
-3.024,0.238
3.015,-0.65
2.936,0.1
2.954,1.666
2.822,-0.32
2.822,0.475
2.66,1.134
2.72,1.1
2.592,-0.201
2.712,1.107
2.684,1.653
2.441,0.137
2.53,-0.375
2.214,2.419
2.327,1.587
2.261,0.865
2.11,-1.121
2.024,2.515
2.044,-1.341
2.144,-1.362
1.993,-0.373
2.116,-1.101
2.032,0.306
2.015,2.111
1.912,2.5
1.754,1.096
1.741,1.893
1.717,2.133
1.659,2.498
1.655,2.072
1.563,0.892
1.557,1.289
1.411,2.468
1.546,-1.345
1.49,-0.623
1.356,1.988
1.463,2.251
1.326,2.559
1.267,0.137
1.356,-0.715
1.344,-0.089
1.238,0.973
1.108,0.279
1.241,-0.719
1.08,2.216
1.044,-1.096
1.141,-0.627
0.983,1.359
1.07,1.982
1.003,1.219
0.943,0.944
0.806,0.077
0.675,0.074
0.657,-1.235
0.628,2.391
0.599,1.118
0.429,2.161
0.38,-0.708
0.335,-1.327
0.3,0.129
0.395,-0.046
0.328,1.84
0.2,0.958
0.077,-0.343
0.174,-0.472
-0.038,-1.241
-0.402,0.184
-0.45,-0.572
-0.483,-1.293
-0.528,0.904
-0.544,1.082
-0.529,1.17
-0.564,0.311
-0.721,2.266
-0.594,0.913
-0.741,0.977
-0.767,2.158
-0.892,0.472
-0.924,1.622
-1.082,-1.698
-1.617,-1.859
-1.516,-1.52
-2.773,-1.727
-3.066,-1.508
2.559,-1.887
2.343,-1.543
2.265,-1.741
2.171,-1.595
0.972,-1.835
0.419,-1.485
-0.798,-1.648
-1.247,2.593
-1.815,2.627
-1.947,2.682
-2.277,2.68
-2.582,2.455
2.617,2.605
1.368,2.642
0.532,2.734
2.335,1.42
2.184,1.917
1.933,-0.622
0.898,-1.137
2.831,-0.394
1.708,-0.458
0.808,1.283
0.79,1.253
-0.272,0.727
-1.426,1.964
-2.478,-0.772
0.898,1.722
0.251,0.527
-0.149,-0.151
-0.171,0.542
-0.13,-0.342
-0.251,-0.639
-0.225,0.507
-2.512,-1.144
2.613,-1.45
-0.529,-1.378
-0.581,-1.347
1.842,2.323
-0.022,-0.845
-0.096,-1.357
-0.184,-1.752
-0.141,0.462
-0.186,0.403
-0.51,-0.396
-0.554,-0.934
-0.571,-1.737
-0.581,-1.133
-0.616,0.003
-0.721,-0.491
-0.762,-1.243
-0.684,-1.039
-0.762,-1.157
-0.822,-0.776
-0.992,-2.102
-1.035,-0.717
-1.0,-2.518
-1.429,-2.493
-1.561,-2.295
-1.644,-2.664
-1.73,-2.302
-2.165,-2.457
-2.483,-2.545
2.361,-2.567
2.096,-2.64
1.662,-2.572
1.402,-2.375
1.31,-2.452
0.995,-2.72
0.328,-2.482
0.152,-2.438
-0.101,-2.469
-0.202,-2.339
-0.619,-2.398
-1.763,1.869
-2.923,2.002
2.842,1.794
2.548,1.653
2.027,1.932
2.065,1.61
0.431,1.741
0.082,2.016
-0.305,1.572
-1.847,1.177
2.161,0.989
1.829,0.985
0.906,-2.249
0.183,1.648
-0.654,-2.643
-0.756,-2.561
3.038,1.525
-0.941,0.467
-1.001,-1.131
-1.013,-1.183
-1.127,-0.542
-1.22,0.012
-1.354,-1.46
-1.378,-0.614
-1.485,-0.511
-1.548,-1.34
-1.409,1.517
-1.588,1.392
-1.49,-1.468
-1.553,1.508
-1.566,-0.853
-1.857,-1.255
-1.758,-1.106
-1.764,-0.712
-1.892,-0.583
-1.945,0.199
-2.154,-1.914
-2.171,-1.285
-2.184,-0.37
-2.225,0.997
-2.283,-1.659
-2.346,0.144
-2.39,0.511
-2.444,1.33
-2.421,-0.027
-2.344,1.139
-2.538,-0.347
-2.557,-0.563
-2.675,-0.862
-2.639,-0.94
-2.678,-1.373
-2.724,1.306
-2.855,-0.578
-2.783,1.592
-3.074,-0.595
2.965,-1.483
2.886,-0.733
2.904,0.833
2.772,-1.153
2.772,-0.358
2.61,0.301
2.67,0.267
2.542,-1.034
2.662,0.274
2.634,0.82
2.391,-0.696
2.48,-1.208
2.164,1.586
2.277,0.754
2.211,0.032
2.06,-1.954
1.974,1.682
1.994,-2.174
2.094,-2.195
1.943,-1.206
2.066,-1.934
1.982,-0.527
1.965,1.278
1.862,1.667
1.704,0.263
1.691,1.06
1.667,1.3
1.609,1.665
1.605,1.239
1.513,0.059
1.507,0.456
1.361,1.635
1.496,-2.178
1.44,-1.456
1.306,1.155
1.413,1.418
1.276,1.726
1.217,-0.696
1.306,-1.548
1.294,-0.922
1.188,0.14
1.058,-0.554
1.191,-1.552
1.03,1.383
0.994,-1.929
1.091,-1.46
0.933,0.526
1.02,1.149
0.953,0.386
0.893,0.111
0.756,-0.756
0.625,-0.759
0.607,-2.068
0.578,1.558
0.549,0.285
0.379,1.328
0.33,-1.541
0.285,-2.16
0.25,-0.704
0.345,-0.879
0.278,1.007
0.15,0.125
0.027,-1.176
0.124,-1.305
-0.088,-2.074
-0.452,-0.649
-0.5,-1.405
-0.533,-2.126
-0.578,0.071
-0.594,0.249
-0.579,0.337
-0.614,-0.522
-0.771,1.433
-0.644,0.08
-0.791,0.144
-0.817,1.325
-0.942,-0.361
-0.974,0.789
-1.132,-2.531
-1.667,-2.692
-1.566,-2.353
-2.823,-2.56
-3.116,-2.341
2.509,-2.72
2.293,-2.376
2.215,-2.574
2.121,-2.428
0.922,-2.668
0.369,-2.318
-0.848,-2.481
-1.297,1.76
-1.865,1.794
-1.997,1.849
-2.327,1.847
-2.632,1.622
2.567,1.772
1.318,1.809
0.482,1.901
2.285,0.587
2.134,1.084
1.883,-1.455
0.848,-1.97
2.781,-1.227
1.658,-1.291
0.758,0.45
0.74,0.42
-0.322,-0.106
-1.476,1.131
-2.528,-1.605
0.848,0.889
0.201,-0.306
-0.199,-0.984
-0.221,-0.291
-0.18,-1.175
-0.301,-1.472
-0.275,-0.326
-2.562,-1.977
2.563,-2.283
-0.579,-2.211
-0.631,-2.18
1.792,1.49
-0.074,-0.512
-0.162,-0.907
-0.119,1.307
-0.164,1.248
-0.488,0.449
-0.532,-0.089
-0.549,-0.892
-0.559,-0.288
-0.594,0.848
-0.699,0.354
-0.74,-0.398
-0.662,-0.194
-0.74,-0.312
-0.8,0.069
-0.97,-1.257
-1.013,0.128
-0.978,-1.673
-1.407,-1.648
-1.539,-1.45
-1.622,-1.819
-1.708,-1.457
-2.143,-1.612
-2.461,-1.7
2.383,-1.722
2.118,-1.795
1.684,-1.727
1.424,-1.53
1.332,-1.607
1.017,-1.875
0.35,-1.637
0.174,-1.593
-0.079,-1.624
-0.18,-1.494
-0.597,-1.553
-1.741,2.714
-2.901,2.847
2.864,2.639
2.57,2.498
2.049,2.777
2.087,2.455
0.453,2.586
0.104,2.861
-0.283,2.417
-1.825,2.022
2.183,1.834
1.851,1.83
0.928,-1.404
0.205,2.493
-0.632,-1.798
-0.734,-1.716
3.06,2.37
-0.919,1.312
-0.979,-0.286
-0.991,-0.338
-1.105,0.303
-1.198,0.857
-1.332,-0.615
-1.356,0.231
-1.463,0.334
-1.526,-0.495
-1.387,2.362
-1.566,2.237
-1.468,-0.623
-1.531,2.353
-1.544,-0.008
-1.835,-0.41
-1.736,-0.261
-1.742,0.133
-1.87,0.262
-1.923,1.044
-2.132,-1.069
-2.149,-0.44
-2.162,0.475
-2.203,1.842
-2.261,-0.814
-2.324,0.989
-2.368,1.356
-2.422,2.175
-2.399,0.818
-2.322,1.984
-2.516,0.498
-2.535,0.282
-2.653,-0.017
-2.617,-0.095
-2.656,-0.528
-2.702,2.151
-2.833,0.267
-2.761,2.437
-3.052,0.25
2.987,-0.638
2.908,0.112
2.926,1.678
2.794,-0.308
2.794,0.487
2.632,1.146
2.692,1.112
2.564,-0.189
2.684,1.119
2.656,1.665
2.413,0.149
2.502,-0.363
2.186,2.431
2.299,1.599
2.233,0.877
2.082,-1.109
1.996,2.527
2.016,-1.329
2.116,-1.35
1.965,-0.361
2.088,-1.089
2.004,0.318
1.987,2.123
1.884,2.512
1.726,1.108
1.713,1.905
1.689,2.145
1.631,2.51
1.627,2.084
1.535,0.904
1.529,1.301
1.383,2.48
1.518,-1.333
1.462,-0.611
1.328,2.0
1.435,2.263
1.298,2.571
1.239,0.149
1.328,-0.703
1.316,-0.077
1.21,0.985
1.08,0.291
1.213,-0.707
1.052,2.228
1.016,-1.084
1.113,-0.615
0.955,1.371
1.042,1.994
0.975,1.231
0.915,0.956
0.778,0.089
0.647,0.086
0.629,-1.223
0.6,2.403
0.571,1.13
0.401,2.173
0.352,-0.696
0.307,-1.315
0.272,0.141
0.367,-0.034
0.3,1.852
0.172,0.97
0.049,-0.331
0.146,-0.46
-0.066,-1.229
-0.43,0.196
-0.478,-0.56
-0.511,-1.281
-0.556,0.916
-0.572,1.094
-0.557,1.182
-0.592,0.323
-0.749,2.278
-0.622,0.925
-0.769,0.989
-0.795,2.17
-0.92,0.484
-0.952,1.634
-1.11,-1.686
-1.645,-1.847
-1.544,-1.508
-2.801,-1.715
-3.094,-1.496
2.531,-1.875
2.315,-1.531
2.237,-1.729
2.143,-1.583
0.944,-1.823
0.391,-1.473
-0.826,-1.636
-1.275,2.605
-1.843,2.639
-1.975,2.694
-2.305,2.692
-2.61,2.467
2.589,2.617
1.34,2.654
0.504,2.746
2.307,1.432
2.156,1.929
1.905,-0.61
0.87,-1.125
2.803,-0.382
1.68,-0.446
0.78,1.295
0.762,1.265
-0.3,0.739
-1.454,1.976
-2.506,-0.76
0.87,1.734
0.223,0.539
-0.177,-0.139
-0.199,0.554
-0.158,-0.33
-0.279,-0.627
-0.253,0.519
-2.54,-1.132
2.585,-1.438
-0.557,-1.366
-0.609,-1.335
1.814,2.335
-0.088,-0.395
-0.045,1.819
-0.09,1.76
-0.414,0.961
-0.458,0.423
-0.475,-0.38
-0.485,0.224
-0.52,1.36
-0.625,0.866
-0.666,0.114
-0.588,0.318
-0.666,0.2
-0.726,0.581
-0.896,-0.745
-0.939,0.64
-0.904,-1.161
-1.333,-1.136
-1.465,-0.938
-1.548,-1.307
-1.634,-0.945
-2.069,-1.1
-2.387,-1.188
2.457,-1.21
2.192,-1.283
1.758,-1.215
1.498,-1.018
1.406,-1.095
1.091,-1.363
0.424,-1.125
0.248,-1.081
-0.005,-1.112
-0.106,-0.982
-0.523,-1.041
-1.667,3.226
-2.827,3.359
2.938,3.151
2.644,3.01
2.123,3.289
2.161,2.967
0.527,3.098
0.178,3.373
-0.209,2.929
-1.751,2.534
2.257,2.346
1.925,2.342
1.002,-0.892
0.279,3.005
-0.558,-1.286
-0.66,-1.204
3.134,2.882
-0.845,1.824
-0.905,0.226
-0.917,0.174
-1.031,0.815
-1.124,1.369
-1.258,-0.103
-1.282,0.743
-1.389,0.846
-1.452,0.017
-1.313,2.874
-1.492,2.749
-1.394,-0.111
-1.457,2.865
-1.47,0.504
-1.761,0.102
-1.662,0.251
-1.668,0.645
-1.796,0.774
-1.849,1.556
-2.058,-0.557
-2.075,0.072
-2.088,0.987
-2.129,2.354
-2.187,-0.302
-2.25,1.501
-2.294,1.868
-2.348,2.687
-2.325,1.33
-2.248,2.496
-2.442,1.01
-2.461,0.794
-2.579,0.495
-2.543,0.417
-2.582,-0.016
-2.628,2.663
-2.759,0.779
-2.687,2.949
-2.978,0.762
3.061,-0.126
2.982,0.624
3.0,2.19
2.868,0.204
2.868,0.999
2.706,1.658
2.766,1.624
2.638,0.323
2.758,1.631
2.73,2.177
2.487,0.661
2.576,0.149
2.26,2.943
2.373,2.111
2.307,1.389
2.156,-0.597
2.07,3.039
2.09,-0.817
2.19,-0.838
2.039,0.151
2.162,-0.577
2.078,0.83
2.061,2.635
1.958,3.024
1.8,1.62
1.787,2.417
1.763,2.657
1.705,3.022
1.701,2.596
1.609,1.416
1.603,1.813
1.457,2.992
1.592,-0.821
1.536,-0.099
1.402,2.512
1.509,2.775
1.372,3.083
1.313,0.661
1.402,-0.191
1.39,0.435
1.284,1.497
1.154,0.803
1.287,-0.195
1.126,2.74
1.09,-0.572
1.187,-0.103
1.029,1.883
1.116,2.506
1.049,1.743
0.989,1.468
0.852,0.601
0.721,0.598
0.703,-0.711
0.674,2.915
0.645,1.642
0.475,2.685
0.426,-0.184
0.381,-0.803
0.346,0.653
0.441,0.478
0.374,2.364
0.246,1.482
0.123,0.181
0.22,0.052
0.008,-0.717
-0.356,0.708
-0.404,-0.048
-0.437,-0.769
-0.482,1.428
-0.498,1.606
-0.483,1.694
-0.518,0.835
-0.675,2.79
-0.548,1.437
-0.695,1.501
-0.721,2.682
-0.846,0.996
-0.878,2.146
-1.036,-1.174
-1.571,-1.335
-1.47,-0.996
-2.727,-1.203
-3.02,-0.984
2.605,-1.363
2.389,-1.019
2.311,-1.217
2.217,-1.071
1.018,-1.311
0.465,-0.961
-0.752,-1.124
-1.201,3.117
-1.769,3.151
-1.901,3.206
-2.231,3.204
-2.536,2.979
2.663,3.129
1.414,3.166
0.578,3.258
2.381,1.944
2.23,2.441
1.979,-0.098
0.944,-0.613
2.877,0.13
1.754,0.066
0.854,1.807
0.836,1.777
-0.226,1.251
-1.38,2.488
-2.432,-0.248
0.944,2.246
0.297,1.051
-0.103,0.373
-0.125,1.066
-0.084,0.182
-0.205,-0.115
-0.179,1.031
-2.466,-0.62
2.659,-0.926
-0.483,-0.854
-0.535,-0.823
1.888,2.847
0.043,2.214
-0.002,2.155
-0.326,1.356
-0.37,0.818
-0.387,0.015
-0.397,0.619
-0.432,1.755
-0.537,1.261
-0.578,0.509
-0.5,0.713
-0.578,0.595
-0.638,0.976
-0.808,-0.35
-0.851,1.035
-0.816,-0.766
-1.245,-0.741
-1.377,-0.543
-1.46,-0.912
-1.546,-0.55
-1.981,-0.705
-2.299,-0.793
2.545,-0.815
2.28,-0.888
1.846,-0.82
1.586,-0.623
1.494,-0.7
1.179,-0.968
0.512,-0.73
0.336,-0.686
0.083,-0.717
-0.018,-0.587
-0.435,-0.646
-1.579,3.621
-2.739,3.754
3.026,3.546
2.732,3.405
2.211,3.684
2.249,3.362
0.615,3.493
0.266,3.768
-0.121,3.324
-1.663,2.929
2.345,2.741
2.013,2.737
1.09,-0.497
0.367,3.4
-0.47,-0.891
-0.572,-0.809
-3.061,3.277
-0.757,2.219
-0.817,0.621
-0.829,0.569
-0.943,1.21
-1.036,1.764
-1.17,0.292
-1.194,1.138
-1.301,1.241
-1.364,0.412
-1.225,3.269
-1.404,3.144
-1.306,0.284
-1.369,3.26
-1.382,0.899
-1.673,0.497
-1.574,0.646
-1.58,1.04
-1.708,1.169
-1.761,1.951
-1.97,-0.162
-1.987,0.467
-2.0,1.382
-2.041,2.749
-2.099,0.093
-2.162,1.896
-2.206,2.263
-2.26,3.082
-2.237,1.725
-2.16,2.891
-2.354,1.405
-2.373,1.189
-2.491,0.89
-2.455,0.812
-2.494,0.379
-2.54,3.058
-2.671,1.174
-2.599,3.344
-2.89,1.157
-3.134,0.269
3.07,1.019
3.088,2.585
2.956,0.599
2.956,1.394
2.794,2.053
2.854,2.019
2.726,0.718
2.846,2.026
2.818,2.572
2.575,1.056
2.664,0.544
2.348,3.338
2.461,2.506
2.395,1.784
2.244,-0.202
2.158,3.434
2.178,-0.422
2.278,-0.443
2.127,0.546
2.25,-0.182
2.166,1.225
2.149,3.03
2.046,3.419
1.888,2.015
1.875,2.812
1.851,3.052
1.793,3.417
1.789,2.991
1.697,1.811
1.691,2.208
1.545,3.387
1.68,-0.426
1.624,0.296
1.49,2.907
1.597,3.17
1.46,3.478
1.401,1.056
1.49,0.204
1.478,0.83
1.372,1.892
1.242,1.198
1.375,0.2
1.214,3.135
1.178,-0.177
1.275,0.292
1.117,2.278
1.204,2.901
1.137,2.138
1.077,1.863
0.94,0.996
0.809,0.993
0.791,-0.316
0.762,3.31
0.733,2.037
0.563,3.08
0.514,0.211
0.469,-0.408
0.434,1.048
0.529,0.873
0.462,2.759
0.334,1.877
0.211,0.576
0.308,0.447
0.096,-0.322
-0.268,1.103
-0.316,0.347
-0.349,-0.374
-0.394,1.823
-0.41,2.001
-0.395,2.089
-0.43,1.23
-0.587,3.185
-0.46,1.832
-0.607,1.896
-0.633,3.077
-0.758,1.391
-0.79,2.541
-0.948,-0.779
-1.483,-0.94
-1.382,-0.601
-2.639,-0.808
-2.932,-0.589
2.693,-0.968
2.477,-0.624
2.399,-0.822
2.305,-0.676
1.106,-0.916
0.553,-0.566
-0.664,-0.729
-1.113,3.512
-1.681,3.546
-1.813,3.601
-2.143,3.599
-2.448,3.374
2.751,3.524
1.502,3.561
0.666,3.653
2.469,2.339
2.318,2.836
2.067,0.297
1.032,-0.218
2.965,0.525
1.842,0.461
0.942,2.202
0.924,2.172
-0.138,1.646
-1.292,2.883
-2.344,0.147
1.032,2.641
0.385,1.446
-0.015,0.768
-0.037,1.461
0.004,0.577
-0.117,0.28
-0.091,1.426
-2.378,-0.225
2.747,-0.531
-0.395,-0.459
-0.447,-0.428
1.976,3.242
-0.045,-0.059
-0.369,-0.858
-0.413,-1.396
-0.43,-2.199
-0.44,-1.595
-0.475,-0.459
-0.58,-0.953
-0.621,-1.705
-0.543,-1.501
-0.621,-1.619
-0.681,-1.238
-0.851,-2.564
-0.894,-1.179
-0.859,-2.98
-1.288,-2.955
-1.42,-2.757
-1.503,-3.126
-1.589,-2.764
-2.024,-2.919
-2.342,-3.007
2.502,-3.029
2.237,-3.102
1.803,-3.034
1.543,-2.837
1.451,-2.914
1.136,-3.182
0.469,-2.944
0.293,-2.9
0.04,-2.931
-0.061,-2.801
-0.478,-2.86
-1.622,1.407
-2.782,1.54
2.983,1.332
2.689,1.191
2.168,1.47
2.206,1.148
0.572,1.279
0.223,1.554
-0.164,1.11
-1.706,0.715
2.302,0.527
1.97,0.523
1.047,-2.711
0.324,1.186
-0.513,-3.105
-0.615,-3.023
-3.104,1.063
-0.8,0.005
-0.86,-1.593
-0.872,-1.645
-0.986,-1.004
-1.079,-0.45
-1.213,-1.922
-1.237,-1.076
-1.344,-0.973
-1.407,-1.802
-1.268,1.055
-1.447,0.93
-1.349,-1.93
-1.412,1.046
-1.425,-1.315
-1.716,-1.717
-1.617,-1.568
-1.623,-1.174
-1.751,-1.045
-1.804,-0.263
-2.013,-2.376
-2.03,-1.747
-2.043,-0.832
-2.084,0.535
-2.142,-2.121
-2.205,-0.318
-2.249,0.049
-2.303,0.868
-2.28,-0.489
-2.203,0.677
-2.397,-0.809
-2.416,-1.025
-2.534,-1.324
-2.498,-1.402
-2.537,-1.835
-2.583,0.844
-2.714,-1.04
-2.642,1.13
-2.933,-1.057
3.106,-1.945
3.027,-1.195
3.045,0.371
2.913,-1.615
2.913,-0.82
2.751,-0.161
2.811,-0.195
2.683,-1.496
2.803,-0.188
2.775,0.358
2.532,-1.158
2.621,-1.67
2.305,1.124
2.418,0.292
2.352,-0.43
2.201,-2.416
2.115,1.22
2.135,-2.636
2.235,-2.657
2.084,-1.668
2.207,-2.396
2.123,-0.989
2.106,0.816
2.003,1.205
1.845,-0.199
1.832,0.598
1.808,0.838
1.75,1.203
1.746,0.777
1.654,-0.403
1.648,-0.006
1.502,1.173
1.637,-2.64
1.581,-1.918
1.447,0.693
1.554,0.956
1.417,1.264
1.358,-1.158
1.447,-2.01
1.435,-1.384
1.329,-0.322
1.199,-1.016
1.332,-2.014
1.171,0.921
1.135,-2.391
1.232,-1.922
1.074,0.064
1.161,0.687
1.094,-0.076
1.034,-0.351
0.897,-1.218
0.766,-1.221
0.748,-2.53
0.719,1.096
0.69,-0.177
0.52,0.866
0.471,-2.003
0.426,-2.622
0.391,-1.166
0.486,-1.341
0.419,0.545
0.291,-0.337
0.168,-1.638
0.265,-1.767
0.053,-2.536
-0.311,-1.111
-0.359,-1.867
-0.392,-2.588
-0.437,-0.391
-0.453,-0.213
-0.438,-0.125
-0.473,-0.984
-0.63,0.971
-0.503,-0.382
-0.65,-0.318
-0.676,0.863
-0.801,-0.823
-0.833,0.327
-0.991,-2.993
-1.526,-3.154
-1.425,-2.815
-2.682,-3.022
-2.975,-2.803
2.65,-3.182
2.434,-2.838
2.356,-3.036
2.262,-2.89
1.063,-3.13
0.51,-2.78
-0.707,-2.943
-1.156,1.298
-1.724,1.332
-1.856,1.387
-2.186,1.385
-2.491,1.16
2.708,1.31
1.459,1.347
0.623,1.439
2.426,0.125
2.275,0.622
2.024,-1.917
0.989,-2.432
2.922,-1.689
1.799,-1.753
0.899,-0.012
0.881,-0.042
-0.181,-0.568
-1.335,0.669
-2.387,-2.067
0.989,0.427
0.342,-0.768
-0.058,-1.446
-0.08,-0.753
-0.039,-1.637
-0.16,-1.934
-0.134,-0.788
-2.421,-2.439
2.704,-2.745
-0.438,-2.673
-0.49,-2.642
1.933,1.028
-0.324,-0.799
-0.368,-1.337
-0.385,-2.14
-0.395,-1.536
-0.43,-0.4
-0.535,-0.894
-0.576,-1.646
-0.498,-1.442
-0.576,-1.56
-0.636,-1.179
-0.806,-2.505
-0.849,-1.12
-0.814,-2.921
-1.243,-2.896
-1.375,-2.698
-1.458,-3.067
-1.544,-2.705
-1.979,-2.86
-2.297,-2.948
2.547,-2.97
2.282,-3.043
1.848,-2.975
1.588,-2.778
1.496,-2.855
1.181,-3.123
0.514,-2.885
0.338,-2.841
0.085,-2.872
-0.016,-2.742
-0.433,-2.801
-1.577,1.466
-2.737,1.599
3.028,1.391
2.734,1.25
2.213,1.529
2.251,1.207
0.617,1.338
0.268,1.613
-0.119,1.169
-1.661,0.774
2.347,0.586
2.015,0.582
1.092,-2.652
0.369,1.245
-0.468,-3.046
-0.57,-2.964
-3.059,1.122
-0.755,0.064
-0.815,-1.534
-0.827,-1.586
-0.941,-0.945
-1.034,-0.391
-1.168,-1.863
-1.192,-1.017
-1.299,-0.914
-1.362,-1.743
-1.223,1.114
-1.402,0.989
-1.304,-1.871
-1.367,1.105
-1.38,-1.256
-1.671,-1.658
-1.572,-1.509
-1.578,-1.115
-1.706,-0.986
-1.759,-0.204
-1.968,-2.317
-1.985,-1.688
-1.998,-0.773
-2.039,0.594
-2.097,-2.062
-2.16,-0.259
-2.204,0.108
-2.258,0.927
-2.235,-0.43
-2.158,0.736
-2.352,-0.75
-2.371,-0.966
-2.489,-1.265
-2.453,-1.343
-2.492,-1.776
-2.538,0.903
-2.669,-0.981
-2.597,1.189
-2.888,-0.998
-3.132,-1.886
3.072,-1.136
3.09,0.43
2.958,-1.556
2.958,-0.761
2.796,-0.102
2.856,-0.136
2.728,-1.437
2.848,-0.129
2.82,0.417
2.577,-1.099
2.666,-1.611
2.35,1.183
2.463,0.351
2.397,-0.371
2.246,-2.357
2.16,1.279
2.18,-2.577
2.28,-2.598
2.129,-1.609
2.252,-2.337
2.168,-0.93
2.151,0.875
2.048,1.264
1.89,-0.14
1.877,0.657
1.853,0.897
1.795,1.262
1.791,0.836
1.699,-0.344
1.693,0.053
1.547,1.232
1.682,-2.581
1.626,-1.859
1.492,0.752
1.599,1.015
1.462,1.323
1.403,-1.099
1.492,-1.951
1.48,-1.325
1.374,-0.263
1.244,-0.957
1.377,-1.955
1.216,0.98
1.18,-2.332
1.277,-1.863
1.119,0.123
1.206,0.746
1.139,-0.017
1.079,-0.292
0.942,-1.159
0.811,-1.162
0.793,-2.471
0.764,1.155
0.735,-0.118
0.565,0.925
0.516,-1.944
0.471,-2.563
0.436,-1.107
0.531,-1.282
0.464,0.604
0.336,-0.278
0.213,-1.579
0.31,-1.708
0.098,-2.477
-0.266,-1.052
-0.314,-1.808
-0.347,-2.529
-0.392,-0.332
-0.408,-0.154
-0.393,-0.066
-0.428,-0.925
-0.585,1.03
-0.458,-0.323
-0.605,-0.259
-0.631,0.922
-0.756,-0.764
-0.788,0.386
-0.946,-2.934
-1.481,-3.095
-1.38,-2.756
-2.637,-2.963
-2.93,-2.744
2.695,-3.123
2.479,-2.779
2.401,-2.977
2.307,-2.831
1.108,-3.071
0.555,-2.721
-0.662,-2.884
-1.111,1.357
-1.679,1.391
-1.811,1.446
-2.141,1.444
-2.446,1.219
2.753,1.369
1.504,1.406
0.668,1.498
2.471,0.184
2.32,0.681
2.069,-1.858
1.034,-2.373
2.967,-1.63
1.844,-1.694
0.944,0.047
0.926,0.017
-0.136,-0.509
-1.29,0.728
-2.342,-2.008
1.034,0.486
0.387,-0.709
-0.013,-1.387
-0.035,-0.694
0.006,-1.578
-0.115,-1.875
-0.089,-0.729
-2.376,-2.38
2.749,-2.686
-0.393,-2.614
-0.445,-2.583
1.978,1.087
-0.044,-0.538
-0.061,-1.341
-0.071,-0.737
-0.106,0.399
-0.211,-0.095
-0.252,-0.847
-0.174,-0.643
-0.252,-0.761
-0.312,-0.38
-0.482,-1.706
-0.525,-0.321
-0.49,-2.122
-0.919,-2.097
-1.051,-1.899
-1.134,-2.268
-1.22,-1.906
-1.655,-2.061
-1.973,-2.149
2.871,-2.171
2.606,-2.244
2.172,-2.176
1.912,-1.979
1.82,-2.056
1.505,-2.324
0.838,-2.086
0.662,-2.042
0.409,-2.073
0.308,-1.943
-0.109,-2.002
-1.253,2.265
-2.413,2.398
-2.931,2.19
3.058,2.049
2.537,2.328
2.575,2.006
0.941,2.137
0.592,2.412
0.205,1.968
-1.337,1.573
2.671,1.385
2.339,1.381
1.416,-1.853
0.693,2.044
-0.144,-2.247
-0.246,-2.165
-2.735,1.921
-0.431,0.863
-0.491,-0.735
-0.503,-0.787
-0.617,-0.146
-0.71,0.408
-0.844,-1.064
-0.868,-0.218
-0.975,-0.115
-1.038,-0.944
-0.899,1.913
-1.078,1.788
-0.98,-1.072
-1.043,1.904
-1.056,-0.457
-1.347,-0.859
-1.248,-0.71
-1.254,-0.316
-1.382,-0.187
-1.435,0.595
-1.644,-1.518
-1.661,-0.889
-1.674,0.026
-1.715,1.393
-1.773,-1.263
-1.836,0.54
-1.88,0.907
-1.934,1.726
-1.911,0.369
-1.834,1.535
-2.028,0.049
-2.047,-0.167
-2.165,-0.466
-2.129,-0.544
-2.168,-0.977
-2.214,1.702
-2.345,-0.182
-2.273,1.988
-2.564,-0.199
-2.808,-1.087
-2.887,-0.337
-2.869,1.229
-3.001,-0.757
-3.001,0.038
3.12,0.697
-3.103,0.663
3.052,-0.638
-3.111,0.67
-3.139,1.216
2.901,-0.3
2.99,-0.812
2.674,1.982
2.787,1.15
2.721,0.428
2.57,-1.558
2.484,2.078
2.504,-1.778
2.604,-1.799
2.453,-0.81
2.576,-1.538
2.492,-0.131
2.475,1.674
2.372,2.063
2.214,0.659
2.201,1.456
2.177,1.696
2.119,2.061
2.115,1.635
2.023,0.455
2.017,0.852
1.871,2.031
2.006,-1.782
1.95,-1.06
1.816,1.551
1.923,1.814
1.786,2.122
1.727,-0.3
1.816,-1.152
1.804,-0.526
1.698,0.536
1.568,-0.158
1.701,-1.156
1.54,1.779
1.504,-1.533
1.601,-1.064
1.443,0.922
1.53,1.545
1.463,0.782
1.403,0.507
1.266,-0.36
1.135,-0.363
1.117,-1.672
1.088,1.954
1.059,0.681
0.889,1.724
0.84,-1.145
0.795,-1.764
0.76,-0.308
0.855,-0.483
0.788,1.403
0.66,0.521
0.537,-0.78
0.634,-0.909
0.422,-1.678
0.058,-0.253
0.01,-1.009
-0.023,-1.73
-0.068,0.467
-0.084,0.645
-0.069,0.733
-0.104,-0.126
-0.261,1.829
-0.134,0.476
-0.281,0.54
-0.307,1.721
-0.432,0.035
-0.464,1.185
-0.622,-2.135
-1.157,-2.296
-1.056,-1.957
-2.313,-2.164
-2.606,-1.945
3.019,-2.324
2.803,-1.98
2.725,-2.178
2.631,-2.032
1.432,-2.272
0.879,-1.922
-0.338,-2.085
-0.787,2.156
-1.355,2.19
-1.487,2.245
-1.817,2.243
-2.122,2.018
3.077,2.168
1.828,2.205
0.992,2.297
2.795,0.983
2.644,1.48
2.393,-1.059
1.358,-1.574
-2.992,-0.831
2.168,-0.895
1.268,0.846
1.25,0.816
0.188,0.29
-0.966,1.527
-2.018,-1.209
1.358,1.285
0.711,0.09
0.311,-0.588
0.289,0.105
0.33,-0.779
0.209,-1.076
0.235,0.07
-2.052,-1.581
3.073,-1.887
-0.069,-1.815
-0.121,-1.784
2.302,1.886
-0.017,-0.803
-0.027,-0.199
-0.062,0.937
-0.167,0.443
-0.208,-0.309
-0.13,-0.105
-0.208,-0.223
-0.268,0.158
-0.438,-1.168
-0.481,0.217
-0.446,-1.584
-0.875,-1.559
-1.007,-1.361
-1.09,-1.73
-1.176,-1.368
-1.611,-1.523
-1.929,-1.611
2.915,-1.633
2.65,-1.706
2.216,-1.638
1.956,-1.441
1.864,-1.518
1.549,-1.786
0.882,-1.548
0.706,-1.504
0.453,-1.535
0.352,-1.405
-0.065,-1.464
-1.209,2.803
-2.369,2.936
-2.887,2.728
3.102,2.587
2.581,2.866
2.619,2.544
0.985,2.675
0.636,2.95
0.249,2.506
-1.293,2.111
2.715,1.923
2.383,1.919
1.46,-1.315
0.737,2.582
-0.1,-1.709
-0.202,-1.627
-2.691,2.459
-0.387,1.401
-0.447,-0.197
-0.459,-0.249
-0.573,0.392
-0.666,0.946
-0.8,-0.526
-0.824,0.32
-0.931,0.423
-0.994,-0.406
-0.855,2.451
-1.034,2.326
-0.936,-0.534
-0.999,2.442
-1.012,0.081
-1.303,-0.321
-1.204,-0.172
-1.21,0.222
-1.338,0.351
-1.391,1.133
-1.6,-0.98
-1.617,-0.351
-1.63,0.564
-1.671,1.931
-1.729,-0.725
-1.792,1.078
-1.836,1.445
-1.89,2.264
-1.867,0.907
-1.79,2.073
-1.984,0.587
-2.003,0.371
-2.121,0.072
-2.085,-0.006
-2.124,-0.439
-2.17,2.24
-2.301,0.356
-2.229,2.526
-2.52,0.339
-2.764,-0.549
-2.843,0.201
-2.825,1.767
-2.957,-0.219
-2.957,0.576
-3.119,1.235
-3.059,1.201
3.096,-0.1
-3.067,1.208
-3.095,1.754
2.945,0.238
3.034,-0.274
2.718,2.52
2.831,1.688
2.765,0.966
2.614,-1.02
2.528,2.616
2.548,-1.24
2.648,-1.261
2.497,-0.272
2.62,-1.0
2.536,0.407
2.519,2.212
2.416,2.601
2.258,1.197
2.245,1.994
2.221,2.234
2.163,2.599
2.159,2.173
2.067,0.993
2.061,1.39
1.915,2.569
2.05,-1.244
1.994,-0.522
1.86,2.089
1.967,2.352
1.83,2.66
1.771,0.238
1.86,-0.614
1.848,0.012
1.742,1.074
1.612,0.38
1.745,-0.618
1.584,2.317
1.548,-0.995
1.645,-0.526
1.487,1.46
1.574,2.083
1.507,1.32
1.447,1.045
1.31,0.178
1.179,0.175
1.161,-1.134
1.132,2.492
1.103,1.219
0.933,2.262
0.884,-0.607
0.839,-1.226
0.804,0.23
0.899,0.055
0.832,1.941
0.704,1.059
0.581,-0.242
0.678,-0.371
0.466,-1.14
0.102,0.285
0.054,-0.471
0.021,-1.192
-0.024,1.005
-0.04,1.183
-0.025,1.271
-0.06,0.412
-0.217,2.367
-0.09,1.014
-0.237,1.078
-0.263,2.259
-0.388,0.573
-0.42,1.723
-0.578,-1.597
-1.113,-1.758
-1.012,-1.419
-2.269,-1.626
-2.562,-1.407
3.063,-1.786
2.847,-1.442
2.769,-1.64
2.675,-1.494
1.476,-1.734
0.923,-1.384
-0.294,-1.547
-0.743,2.694
-1.311,2.728
-1.443,2.783
-1.773,2.781
-2.078,2.556
3.121,2.706
1.872,2.743
1.036,2.835
2.839,1.521
2.688,2.018
2.437,-0.521
1.402,-1.036
-2.948,-0.293
2.212,-0.357
1.312,1.384
1.294,1.354
0.232,0.828
-0.922,2.065
-1.974,-0.671
1.402,1.823
0.755,0.628
0.355,-0.05
0.333,0.643
0.374,-0.241
0.253,-0.538
0.279,0.608
-2.008,-1.043
3.117,-1.349
-0.025,-1.277
-0.077,-1.246
2.346,2.424
-0.01,0.604
-0.045,1.74
-0.15,1.246
-0.191,0.494
-0.113,0.698
-0.191,0.58
-0.251,0.961
-0.421,-0.365
-0.464,1.02
-0.429,-0.781
-0.858,-0.756
-0.99,-0.558
-1.073,-0.927
-1.159,-0.565
-1.594,-0.72
-1.912,-0.808
2.932,-0.83
2.667,-0.903
2.233,-0.835
1.973,-0.638
1.881,-0.715
1.566,-0.983
0.899,-0.745
0.723,-0.701
0.47,-0.732
0.369,-0.602
-0.048,-0.661
-1.192,3.606
-2.352,3.739
-2.87,3.531
3.119,3.39
2.598,3.669
2.636,3.347
1.002,3.478
0.653,3.753
0.266,3.309
-1.276,2.914
2.732,2.726
2.4,2.722
1.477,-0.512
0.754,3.385
-0.083,-0.906
-0.185,-0.824
-2.674,3.262
-0.37,2.204
-0.43,0.606
-0.442,0.554
-0.556,1.195
-0.649,1.749
-0.783,0.277
-0.807,1.123
-0.914,1.226
-0.977,0.397
-0.838,3.254
-1.017,3.129
-0.919,0.269
-0.982,3.245
-0.995,0.884
-1.286,0.482
-1.187,0.631
-1.193,1.025
-1.321,1.154
-1.374,1.936
-1.583,-0.177
-1.6,0.452
-1.613,1.367
-1.654,2.734
-1.712,0.078
-1.775,1.881
-1.819,2.248
-1.873,3.067
-1.85,1.71
-1.773,2.876
-1.967,1.39
-1.986,1.174
-2.104,0.875
-2.068,0.797
-2.107,0.364
-2.153,3.043
-2.284,1.159
-2.212,3.329
-2.503,1.142
-2.747,0.254
-2.826,1.004
-2.808,2.57
-2.94,0.584
-2.94,1.379
-3.102,2.038
-3.042,2.004
3.113,0.703
-3.05,2.011
-3.078,2.557
2.962,1.041
3.051,0.529
2.735,3.323
2.848,2.491
2.782,1.769
2.631,-0.217
2.545,3.419
2.565,-0.437
2.665,-0.458
2.514,0.531
2.637,-0.197
2.553,1.21
2.536,3.015
2.433,3.404
2.275,2.0
2.262,2.797
2.238,3.037
2.18,3.402
2.176,2.976
2.084,1.796
2.078,2.193
1.932,3.372
2.067,-0.441
2.011,0.281
1.877,2.892
1.984,3.155
1.847,3.463
1.788,1.041
1.877,0.189
1.865,0.815
1.759,1.877
1.629,1.183
1.762,0.185
1.601,3.12
1.565,-0.192
1.662,0.277
1.504,2.263
1.591,2.886
1.524,2.123
1.464,1.848
1.327,0.981
1.196,0.978
1.178,-0.331
1.149,3.295
1.12,2.022
0.95,3.065
0.901,0.196
0.856,-0.423
0.821,1.033
0.916,0.858
0.849,2.744
0.721,1.862
0.598,0.561
0.695,0.432
0.483,-0.337
0.119,1.088
0.071,0.332
0.038,-0.389
-0.007,1.808
-0.023,1.986
-0.008,2.074
-0.043,1.215
-0.2,3.17
-0.073,1.817
-0.22,1.881
-0.246,3.062
-0.371,1.376
-0.403,2.526
-0.561,-0.794
-1.096,-0.955
-0.995,-0.616
-2.252,-0.823
-2.545,-0.604
3.08,-0.983
2.864,-0.639
2.786,-0.837
2.692,-0.691
1.493,-0.931
0.94,-0.581
-0.277,-0.744
-0.726,3.497
-1.294,3.531
-1.426,3.586
-1.756,3.584
-2.061,3.359
3.138,3.509
1.889,3.546
1.053,3.638
2.856,2.324
2.705,2.821
2.454,0.282
1.419,-0.233
-2.931,0.51
2.229,0.446
1.329,2.187
1.311,2.157
0.249,1.631
-0.905,2.868
-1.957,0.132
1.419,2.626
0.772,1.431
0.372,0.753
0.35,1.446
0.391,0.562
0.27,0.265
0.296,1.411
-1.991,-0.24
3.134,-0.546
-0.008,-0.474
-0.06,-0.443
2.363,3.227
-0.035,1.136
-0.14,0.642
-0.181,-0.11
-0.103,0.094
-0.181,-0.024
-0.241,0.357
-0.411,-0.969
-0.454,0.416
-0.419,-1.385
-0.848,-1.36
-0.98,-1.162
-1.063,-1.531
-1.149,-1.169
-1.584,-1.324
-1.902,-1.412
2.942,-1.434
2.677,-1.507
2.243,-1.439
1.983,-1.242
1.891,-1.319
1.576,-1.587
0.909,-1.349
0.733,-1.305
0.48,-1.336
0.379,-1.206
-0.038,-1.265
-1.182,3.002
-2.342,3.135
-2.86,2.927
3.129,2.786
2.608,3.065
2.646,2.743
1.012,2.874
0.663,3.149
0.276,2.705
-1.266,2.31
2.742,2.122
2.41,2.118
1.487,-1.116
0.764,2.781
-0.073,-1.51
-0.175,-1.428
-2.664,2.658
-0.36,1.6
-0.42,0.002
-0.432,-0.05
-0.546,0.591
-0.639,1.145
-0.773,-0.327
-0.797,0.519
-0.904,0.622
-0.967,-0.207
-0.828,2.65
-1.007,2.525
-0.909,-0.335
-0.972,2.641
-0.985,0.28
-1.276,-0.122
-1.177,0.027
-1.183,0.421
-1.311,0.55
-1.364,1.332
-1.573,-0.781
-1.59,-0.152
-1.603,0.763
-1.644,2.13
-1.702,-0.526
-1.765,1.277
-1.809,1.644
-1.863,2.463
-1.84,1.106
-1.763,2.272
-1.957,0.786
-1.976,0.57
-2.094,0.271
-2.058,0.193
-2.097,-0.24
-2.143,2.439
-2.274,0.555
-2.202,2.725
-2.493,0.538
-2.737,-0.35
-2.816,0.4
-2.798,1.966
-2.93,-0.02
-2.93,0.775
-3.092,1.434
-3.032,1.4
3.123,0.099
-3.04,1.407
-3.068,1.953
2.972,0.437
3.061,-0.075
2.745,2.719
2.858,1.887
2.792,1.165
2.641,-0.821
2.555,2.815
2.575,-1.041
2.675,-1.062
2.524,-0.073
2.647,-0.801
2.563,0.606
2.546,2.411
2.443,2.8
2.285,1.396
2.272,2.193
2.248,2.433
2.19,2.798
2.186,2.372
2.094,1.192
2.088,1.589
1.942,2.768
2.077,-1.045
2.021,-0.323
1.887,2.288
1.994,2.551
1.857,2.859
1.798,0.437
1.887,-0.415
1.875,0.211
1.769,1.273
1.639,0.579
1.772,-0.419
1.611,2.516
1.575,-0.796
1.672,-0.327
1.514,1.659
1.601,2.282
1.534,1.519
1.474,1.244
1.337,0.377
1.206,0.374
1.188,-0.935
1.159,2.691
1.13,1.418
0.96,2.461
0.911,-0.408
0.866,-1.027
0.831,0.429
0.926,0.254
0.859,2.14
0.731,1.258
0.608,-0.043
0.705,-0.172
0.493,-0.941
0.129,0.484
0.081,-0.272
0.048,-0.993
0.003,1.204
-0.013,1.382
0.002,1.47
-0.033,0.611
-0.19,2.566
-0.063,1.213
-0.21,1.277
-0.236,2.458
-0.361,0.772
-0.393,1.922
-0.551,-1.398
-1.086,-1.559
-0.985,-1.22
-2.242,-1.427
-2.535,-1.208
3.09,-1.587
2.874,-1.243
2.796,-1.441
2.702,-1.295
1.503,-1.535
0.95,-1.185
-0.267,-1.348
-0.716,2.893
-1.284,2.927
-1.416,2.982
-1.746,2.98
-2.051,2.755
-3.135,2.905
1.899,2.942
1.063,3.034
2.866,1.72
2.715,2.217
2.464,-0.322
1.429,-0.837
-2.921,-0.094
2.239,-0.158
1.339,1.583
1.321,1.553
0.259,1.027
-0.895,2.264
-1.947,-0.472
1.429,2.022
0.782,0.827
0.382,0.149
0.36,0.842
0.401,-0.042
0.28,-0.339
0.306,0.807
-1.981,-0.844
-3.139,-1.15
0.002,-1.078
-0.05,-1.047
2.373,2.623
-0.105,-0.494
-0.146,-1.246
-0.068,-1.042
-0.146,-1.16
-0.206,-0.779
-0.376,-2.105
-0.419,-0.72
-0.384,-2.521
-0.813,-2.496
-0.945,-2.298
-1.028,-2.667
-1.114,-2.305
-1.549,-2.46
-1.867,-2.548
2.977,-2.57
2.712,-2.643
2.278,-2.575
2.018,-2.378
1.926,-2.455
1.611,-2.723
0.944,-2.485
0.768,-2.441
0.515,-2.472
0.414,-2.342
-0.003,-2.401
-1.147,1.866
-2.307,1.999
-2.825,1.791
-3.119,1.65
2.643,1.929
2.681,1.607
1.047,1.738
0.698,2.013
0.311,1.569
-1.231,1.174
2.777,0.986
2.445,0.982
1.522,-2.252
0.799,1.645
-0.038,-2.646
-0.14,-2.564
-2.629,1.522
-0.325,0.464
-0.385,-1.134
-0.397,-1.186
-0.511,-0.545
-0.604,0.009
-0.738,-1.463
-0.762,-0.617
-0.869,-0.514
-0.932,-1.343
-0.793,1.514
-0.972,1.389
-0.874,-1.471
-0.937,1.505
-0.95,-0.856
-1.241,-1.258
-1.142,-1.109
-1.148,-0.715
-1.276,-0.586
-1.329,0.196
-1.538,-1.917
-1.555,-1.288
-1.568,-0.373
-1.609,0.994
-1.667,-1.662
-1.73,0.141
-1.774,0.508
-1.828,1.327
-1.805,-0.03
-1.728,1.136
-1.922,-0.35
-1.941,-0.566
-2.059,-0.865
-2.023,-0.943
-2.062,-1.376
-2.108,1.303
-2.239,-0.581
-2.167,1.589
-2.458,-0.598
-2.702,-1.486
-2.781,-0.736
-2.763,0.83
-2.895,-1.156
-2.895,-0.361
-3.057,0.298
-2.997,0.264
-3.125,-1.037
-3.005,0.271
-3.033,0.817
3.007,-0.699
3.096,-1.211
2.78,1.583
2.893,0.751
2.827,0.029
2.676,-1.957
2.59,1.679
2.61,-2.177
2.71,-2.198
2.559,-1.209
2.682,-1.937
2.598,-0.53
2.581,1.275
2.478,1.664
2.32,0.26
2.307,1.057
2.283,1.297
2.225,1.662
2.221,1.236
2.129,0.056
2.123,0.453
1.977,1.632
2.112,-2.181
2.056,-1.459
1.922,1.152
2.029,1.415
1.892,1.723
1.833,-0.699
1.922,-1.551
1.91,-0.925
1.804,0.137
1.674,-0.557
1.807,-1.555
1.646,1.38
1.61,-1.932
1.707,-1.463
1.549,0.523
1.636,1.146
1.569,0.383
1.509,0.108
1.372,-0.759
1.241,-0.762
1.223,-2.071
1.194,1.555
1.165,0.282
0.995,1.325
0.946,-1.544
0.901,-2.163
0.866,-0.707
0.961,-0.882
0.894,1.004
0.766,0.122
0.643,-1.179
0.74,-1.308
0.528,-2.077
0.164,-0.652
0.116,-1.408
0.083,-2.129
0.038,0.068
0.022,0.246
0.037,0.334
0.002,-0.525
-0.155,1.43
-0.028,0.077
-0.175,0.141
-0.201,1.322
-0.326,-0.364
-0.358,0.786
-0.516,-2.534
-1.051,-2.695
-0.95,-2.356
-2.207,-2.563
-2.5,-2.344
3.125,-2.723
2.909,-2.379
2.831,-2.577
2.737,-2.431
1.538,-2.671
0.985,-2.321
-0.232,-2.484
-0.681,1.757
-1.249,1.791
-1.381,1.846
-1.711,1.844
-2.016,1.619
-3.1,1.769
1.934,1.806
1.098,1.898
2.901,0.584
2.75,1.081
2.499,-1.458
1.464,-1.973
-2.886,-1.23
2.274,-1.294
1.374,0.447
1.356,0.417
0.294,-0.109
-0.86,1.128
-1.912,-1.608
1.464,0.886
0.817,-0.309
0.417,-0.987
0.395,-0.294
0.436,-1.178
0.315,-1.475
0.341,-0.329
-1.946,-1.98
-3.104,-2.286
0.037,-2.214
-0.015,-2.183
2.408,1.487
-0.041,-0.752
0.037,-0.548
-0.041,-0.666
-0.101,-0.285
-0.271,-1.611
-0.314,-0.226
-0.279,-2.027
-0.708,-2.002
-0.84,-1.804
-0.923,-2.173
-1.009,-1.811
-1.444,-1.966
-1.762,-2.054
3.082,-2.076
2.817,-2.149
2.383,-2.081
2.123,-1.884
2.031,-1.961
1.716,-2.229
1.049,-1.991
0.873,-1.947
0.62,-1.978
0.519,-1.848
0.102,-1.907
-1.042,2.36
-2.202,2.493
-2.72,2.285
-3.014,2.144
2.748,2.423
2.786,2.101
1.152,2.232
0.803,2.507
0.416,2.063
-1.126,1.668
2.882,1.48
2.55,1.476
1.627,-1.758
0.904,2.139
0.067,-2.152
-0.035,-2.07
-2.524,2.016
-0.22,0.958
-0.28,-0.64
-0.292,-0.692
-0.406,-0.051
-0.499,0.503
-0.633,-0.969
-0.657,-0.123
-0.764,-0.02
-0.827,-0.849
-0.688,2.008
-0.867,1.883
-0.769,-0.977
-0.832,1.999
-0.845,-0.362
-1.136,-0.764
-1.037,-0.615
-1.043,-0.221
-1.171,-0.092
-1.224,0.69
-1.433,-1.423
-1.45,-0.794
-1.463,0.121
-1.504,1.488
-1.562,-1.168
-1.625,0.635
-1.669,1.002
-1.723,1.821
-1.7,0.464
-1.623,1.63
-1.817,0.144
-1.836,-0.072
-1.954,-0.371
-1.918,-0.449
-1.957,-0.882
-2.003,1.797
-2.134,-0.087
-2.062,2.083
-2.353,-0.104
-2.597,-0.992
-2.676,-0.242
-2.658,1.324
-2.79,-0.662
-2.79,0.133
-2.952,0.792
-2.892,0.758
-3.02,-0.543
-2.9,0.765
-2.928,1.311
3.112,-0.205
-3.082,-0.717
2.885,2.077
2.998,1.245
2.932,0.523
2.781,-1.463
2.695,2.173
2.715,-1.683
2.815,-1.704
2.664,-0.715
2.787,-1.443
2.703,-0.036
2.686,1.769
2.583,2.158
2.425,0.754
2.412,1.551
2.388,1.791
2.33,2.156
2.326,1.73
2.234,0.55
2.228,0.947
2.082,2.126
2.217,-1.687
2.161,-0.965
2.027,1.646
2.134,1.909
1.997,2.217
1.938,-0.205
2.027,-1.057
2.015,-0.431
1.909,0.631
1.779,-0.063
1.912,-1.061
1.751,1.874
1.715,-1.438
1.812,-0.969
1.654,1.017
1.741,1.64
1.674,0.877
1.614,0.602
1.477,-0.265
1.346,-0.268
1.328,-1.577
1.299,2.049
1.27,0.776
1.1,1.819
1.051,-1.05
1.006,-1.669
0.971,-0.213
1.066,-0.388
0.999,1.498
0.871,0.616
0.748,-0.685
0.845,-0.814
0.633,-1.583
0.269,-0.158
0.221,-0.914
0.188,-1.635
0.143,0.562
0.127,0.74
0.142,0.828
0.107,-0.031
-0.05,1.924
0.077,0.571
-0.07,0.635
-0.096,1.816
-0.221,0.13
-0.253,1.28
-0.411,-2.04
-0.946,-2.201
-0.845,-1.862
-2.102,-2.069
-2.395,-1.85
-3.053,-2.229
3.014,-1.885
2.936,-2.083
2.842,-1.937
1.643,-2.177
1.09,-1.827
-0.127,-1.99
-0.576,2.251
-1.144,2.285
-1.276,2.34
-1.606,2.338
-1.911,2.113
-2.995,2.263
2.039,2.3
1.203,2.392
3.006,1.078
2.855,1.575
2.604,-0.964
1.569,-1.479
-2.781,-0.736
2.379,-0.8
1.479,0.941
1.461,0.911
0.399,0.385
-0.755,1.622
-1.807,-1.114
1.569,1.38
0.922,0.185
0.522,-0.493
0.5,0.2
0.541,-0.684
0.42,-0.981
0.446,0.165
-1.841,-1.486
-2.999,-1.792
0.142,-1.72
0.09,-1.689
2.513,1.981
0.078,0.204
0.0,0.086
-0.06,0.467
-0.23,-0.859
-0.273,0.526
-0.238,-1.275
-0.667,-1.25
-0.799,-1.052
-0.882,-1.421
-0.968,-1.059
-1.403,-1.214
-1.721,-1.302
3.123,-1.324
2.858,-1.397
2.424,-1.329
2.164,-1.132
2.072,-1.209
1.757,-1.477
1.09,-1.239
0.914,-1.195
0.661,-1.226
0.56,-1.096
0.143,-1.155
-1.001,3.112
-2.161,3.245
-2.679,3.037
-2.973,2.896
2.789,3.175
2.827,2.853
1.193,2.984
0.844,3.259
0.457,2.815
-1.085,2.42
2.923,2.232
2.591,2.228
1.668,-1.006
0.945,2.891
0.108,-1.4
0.006,-1.318
-2.483,2.768
-0.179,1.71
-0.239,0.112
-0.251,0.06
-0.365,0.701
-0.458,1.255
-0.592,-0.217
-0.616,0.629
-0.723,0.732
-0.786,-0.097
-0.647,2.76
-0.826,2.635
-0.728,-0.225
-0.791,2.751
-0.804,0.39
-1.095,-0.012
-0.996,0.137
-1.002,0.531
-1.13,0.66
-1.183,1.442
-1.392,-0.671
-1.409,-0.042
-1.422,0.873
-1.463,2.24
-1.521,-0.416
-1.584,1.387
-1.628,1.754
-1.682,2.573
-1.659,1.216
-1.582,2.382
-1.776,0.896
-1.795,0.68
-1.913,0.381
-1.877,0.303
-1.916,-0.13
-1.962,2.549
-2.093,0.665
-2.021,2.835
-2.312,0.648
-2.556,-0.24
-2.635,0.51
-2.617,2.076
-2.749,0.09
-2.749,0.885
-2.911,1.544
-2.851,1.51
-2.979,0.209
-2.859,1.517
-2.887,2.063
-3.13,0.547
-3.041,0.035
2.926,2.829
3.039,1.997
2.973,1.275
2.822,-0.711
2.736,2.925
2.756,-0.931
2.856,-0.952
2.705,0.037
2.828,-0.691
2.744,0.716
2.727,2.521
2.624,2.91
2.466,1.506
2.453,2.303
2.429,2.543
2.371,2.908
2.367,2.482
2.275,1.302
2.269,1.699
2.123,2.878
2.258,-0.935
2.202,-0.213
2.068,2.398
2.175,2.661
2.038,2.969
1.979,0.547
2.068,-0.305
2.056,0.321
1.95,1.383
1.82,0.689
1.953,-0.309
1.792,2.626
1.756,-0.686
1.853,-0.217
1.695,1.769
1.782,2.392
1.715,1.629
1.655,1.354
1.518,0.487
1.387,0.484
1.369,-0.825
1.34,2.801
1.311,1.528
1.141,2.571
1.092,-0.298
1.047,-0.917
1.012,0.539
1.107,0.364
1.04,2.25
0.912,1.368
0.789,0.067
0.886,-0.062
0.674,-0.831
0.31,0.594
0.262,-0.162
0.229,-0.883
0.184,1.314
0.168,1.492
0.183,1.58
0.148,0.721
-0.009,2.676
0.118,1.323
-0.029,1.387
-0.055,2.568
-0.18,0.882
-0.212,2.032
-0.37,-1.288
-0.905,-1.449
-0.804,-1.11
-2.061,-1.317
-2.354,-1.098
-3.012,-1.477
3.055,-1.133
2.977,-1.331
2.883,-1.185
1.684,-1.425
1.131,-1.075
-0.086,-1.238
-0.535,3.003
-1.103,3.037
-1.235,3.092
-1.565,3.09
-1.87,2.865
-2.954,3.015
2.08,3.052
1.244,3.144
3.047,1.83
2.896,2.327
2.645,-0.212
1.61,-0.727
-2.74,0.016
2.42,-0.048
1.52,1.693
1.502,1.663
0.44,1.137
-0.714,2.374
-1.766,-0.362
1.61,2.132
0.963,0.937
0.563,0.259
0.541,0.952
0.582,0.068
0.461,-0.229
0.487,0.917
-1.8,-0.734
-2.958,-1.04
0.183,-0.968
0.131,-0.937
2.554,2.733
-0.078,-0.118
-0.138,0.263
-0.308,-1.063
-0.351,0.322
-0.316,-1.479
-0.745,-1.454
-0.877,-1.256
-0.96,-1.625
-1.046,-1.263
-1.481,-1.418
-1.799,-1.506
3.045,-1.528
2.78,-1.601
2.346,-1.533
2.086,-1.336
1.994,-1.413
1.679,-1.681
1.012,-1.443
0.836,-1.399
0.583,-1.43
0.482,-1.3
0.065,-1.359
-1.079,2.908
-2.239,3.041
-2.757,2.833
-3.051,2.692
2.711,2.971
2.749,2.649
1.115,2.78
0.766,3.055
0.379,2.611
-1.163,2.216
2.845,2.028
2.513,2.024
1.59,-1.21
0.867,2.687
0.03,-1.604
-0.072,-1.522
-2.561,2.564
-0.257,1.506
-0.317,-0.092
-0.329,-0.144
-0.443,0.497
-0.536,1.051
-0.67,-0.421
-0.694,0.425
-0.801,0.528
-0.864,-0.301
-0.725,2.556
-0.904,2.431
-0.806,-0.429
-0.869,2.547
-0.882,0.186
-1.173,-0.216
-1.074,-0.067
-1.08,0.327
-1.208,0.456
-1.261,1.238
-1.47,-0.875
-1.487,-0.246
-1.5,0.669
-1.541,2.036
-1.599,-0.62
-1.662,1.183
-1.706,1.55
-1.76,2.369
-1.737,1.012
-1.66,2.178
-1.854,0.692
-1.873,0.476
-1.991,0.177
-1.955,0.099
-1.994,-0.334
-2.04,2.345
-2.171,0.461
-2.099,2.631
-2.39,0.444
-2.634,-0.444
-2.713,0.306
-2.695,1.872
-2.827,-0.114
-2.827,0.681
-2.989,1.34
-2.929,1.306
-3.057,0.005
-2.937,1.313
-2.965,1.859
3.075,0.343
-3.119,-0.169
2.848,2.625
2.961,1.793
2.895,1.071
2.744,-0.915
2.658,2.721
2.678,-1.135
2.778,-1.156
2.627,-0.167
2.75,-0.895
2.666,0.512
2.649,2.317
2.546,2.706
2.388,1.302
2.375,2.099
2.351,2.339
2.293,2.704
2.289,2.278
2.197,1.098
2.191,1.495
2.045,2.674
2.18,-1.139
2.124,-0.417
1.99,2.194
2.097,2.457
1.96,2.765
1.901,0.343
1.99,-0.509
1.978,0.117
1.872,1.179
1.742,0.485
1.875,-0.513
1.714,2.422
1.678,-0.89
1.775,-0.421
1.617,1.565
1.704,2.188
1.637,1.425
1.577,1.15
1.44,0.283
1.309,0.28
1.291,-1.029
1.262,2.597
1.233,1.324
1.063,2.367
1.014,-0.502
0.969,-1.121
0.934,0.335
1.029,0.16
0.962,2.046
0.834,1.164
0.711,-0.137
0.808,-0.266
0.596,-1.035
0.232,0.39
0.184,-0.366
0.151,-1.087
0.106,1.11
0.09,1.288
0.105,1.376
0.07,0.517
-0.087,2.472
0.04,1.119
-0.107,1.183
-0.133,2.364
-0.258,0.678
-0.29,1.828
-0.448,-1.492
-0.983,-1.653
-0.882,-1.314
-2.139,-1.521
-2.432,-1.302
-3.09,-1.681
2.977,-1.337
2.899,-1.535
2.805,-1.389
1.606,-1.629
1.053,-1.279
-0.164,-1.442
-0.613,2.799
-1.181,2.833
-1.313,2.888
-1.643,2.886
-1.948,2.661
-3.032,2.811
2.002,2.848
1.166,2.94
2.969,1.626
2.818,2.123
2.567,-0.416
1.532,-0.931
-2.818,-0.188
2.342,-0.252
1.442,1.489
1.424,1.459
0.362,0.933
-0.792,2.17
-1.844,-0.566
1.532,1.928
0.885,0.733
0.485,0.055
0.463,0.748
0.504,-0.136
0.383,-0.433
0.409,0.713
-1.878,-0.938
-3.036,-1.244
0.105,-1.172
0.053,-1.141
2.476,2.529
-0.06,0.381
-0.23,-0.945
-0.273,0.44
-0.238,-1.361
-0.667,-1.336
-0.799,-1.138
-0.882,-1.507
-0.968,-1.145
-1.403,-1.3
-1.721,-1.388
3.123,-1.41
2.858,-1.483
2.424,-1.415
2.164,-1.218
2.072,-1.295
1.757,-1.563
1.09,-1.325
0.914,-1.281
0.661,-1.312
0.56,-1.182
0.143,-1.241
-1.001,3.026
-2.161,3.159
-2.679,2.951
-2.973,2.81
2.789,3.089
2.827,2.767
1.193,2.898
0.844,3.173
0.457,2.729
-1.085,2.334
2.923,2.146
2.591,2.142
1.668,-1.092
0.945,2.805
0.108,-1.486
0.006,-1.404
-2.483,2.682
-0.179,1.624
-0.239,0.026
-0.251,-0.026
-0.365,0.615
-0.458,1.169
-0.592,-0.303
-0.616,0.543
-0.723,0.646
-0.786,-0.183
-0.647,2.674
-0.826,2.549
-0.728,-0.311
-0.791,2.665
-0.804,0.304
-1.095,-0.098
-0.996,0.051
-1.002,0.445
-1.13,0.574
-1.183,1.356
-1.392,-0.757
-1.409,-0.128
-1.422,0.787
-1.463,2.154
-1.521,-0.502
-1.584,1.301
-1.628,1.668
-1.682,2.487
-1.659,1.13
-1.582,2.296
-1.776,0.81
-1.795,0.594
-1.913,0.295
-1.877,0.217
-1.916,-0.216
-1.962,2.463
-2.093,0.579
-2.021,2.749
-2.312,0.562
-2.556,-0.326
-2.635,0.424
-2.617,1.99
-2.749,0.004
-2.749,0.799
-2.911,1.458
-2.851,1.424
-2.979,0.123
-2.859,1.431
-2.887,1.977
-3.13,0.461
-3.041,-0.051
2.926,2.743
3.039,1.911
2.973,1.189
2.822,-0.797
2.736,2.839
2.756,-1.017
2.856,-1.038
2.705,-0.049
2.828,-0.777
2.744,0.63
2.727,2.435
2.624,2.824
2.466,1.42
2.453,2.217
2.429,2.457
2.371,2.822
2.367,2.396
2.275,1.216
2.269,1.613
2.123,2.792
2.258,-1.021
2.202,-0.299
2.068,2.312
2.175,2.575
2.038,2.883
1.979,0.461
2.068,-0.391
2.056,0.235
1.95,1.297
1.82,0.603
1.953,-0.395
1.792,2.54
1.756,-0.772
1.853,-0.303
1.695,1.683
1.782,2.306
1.715,1.543
1.655,1.268
1.518,0.401
1.387,0.398
1.369,-0.911
1.34,2.715
1.311,1.442
1.141,2.485
1.092,-0.384
1.047,-1.003
1.012,0.453
1.107,0.278
1.04,2.164
0.912,1.282
0.789,-0.019
0.886,-0.148
0.674,-0.917
0.31,0.508
0.262,-0.248
0.229,-0.969
0.184,1.228
0.168,1.406
0.183,1.494
0.148,0.635
-0.009,2.59
0.118,1.237
-0.029,1.301
-0.055,2.482
-0.18,0.796
-0.212,1.946
-0.37,-1.374
-0.905,-1.535
-0.804,-1.196
-2.061,-1.403
-2.354,-1.184
-3.012,-1.563
3.055,-1.219
2.977,-1.417
2.883,-1.271
1.684,-1.511
1.131,-1.161
-0.086,-1.324
-0.535,2.917
-1.103,2.951
-1.235,3.006
-1.565,3.004
-1.87,2.779
-2.954,2.929
2.08,2.966
1.244,3.058
3.047,1.744
2.896,2.241
2.645,-0.298
1.61,-0.813
-2.74,-0.07
2.42,-0.134
1.52,1.607
1.502,1.577
0.44,1.051
-0.714,2.288
-1.766,-0.448
1.61,2.046
0.963,0.851
0.563,0.173
0.541,0.866
0.582,-0.018
0.461,-0.315
0.487,0.831
-1.8,-0.82
-2.958,-1.126
0.183,-1.054
0.131,-1.023
2.554,2.647
-0.17,-1.326
-0.213,0.059
-0.178,-1.742
-0.607,-1.717
-0.739,-1.519
-0.822,-1.888
-0.908,-1.526
-1.343,-1.681
-1.661,-1.769
-3.1,-1.791
2.918,-1.864
2.484,-1.796
2.224,-1.599
2.132,-1.676
1.817,-1.944
1.15,-1.706
0.974,-1.662
0.721,-1.693
0.62,-1.563
0.203,-1.622
-0.941,2.645
-2.101,2.778
-2.619,2.57
-2.913,2.429
2.849,2.708
2.887,2.386
1.253,2.517
0.904,2.792
0.517,2.348
-1.025,1.953
2.983,1.765
2.651,1.761
1.728,-1.473
1.005,2.424
0.168,-1.867
0.066,-1.785
-2.423,2.301
-0.119,1.243
-0.179,-0.355
-0.191,-0.407
-0.305,0.234
-0.398,0.788
-0.532,-0.684
-0.556,0.162
-0.663,0.265
-0.726,-0.564
-0.587,2.293
-0.766,2.168
-0.668,-0.692
-0.731,2.284
-0.744,-0.077
-1.035,-0.479
-0.936,-0.33
-0.942,0.064
-1.07,0.193
-1.123,0.975
-1.332,-1.138
-1.349,-0.509
-1.362,0.406
-1.403,1.773
-1.461,-0.883
-1.524,0.92
-1.568,1.287
-1.622,2.106
-1.599,0.749
-1.522,1.915
-1.716,0.429
-1.735,0.213
-1.853,-0.086
-1.817,-0.164
-1.856,-0.597
-1.902,2.082
-2.033,0.198
-1.961,2.368
-2.252,0.181
-2.496,-0.707
-2.575,0.043
-2.557,1.609
-2.689,-0.377
-2.689,0.418
-2.851,1.077
-2.791,1.043
-2.919,-0.258
-2.799,1.05
-2.827,1.596
-3.07,0.08
-2.981,-0.432
2.986,2.362
3.099,1.53
3.033,0.808
2.882,-1.178
2.796,2.458
2.816,-1.398
2.916,-1.419
2.765,-0.43
2.888,-1.158
2.804,0.249
2.787,2.054
2.684,2.443
2.526,1.039
2.513,1.836
2.489,2.076
2.431,2.441
2.427,2.015
2.335,0.835
2.329,1.232
2.183,2.411
2.318,-1.402
2.262,-0.68
2.128,1.931
2.235,2.194
2.098,2.502
2.039,0.08
2.128,-0.772
2.116,-0.146
2.01,0.916
1.88,0.222
2.013,-0.776
1.852,2.159
1.816,-1.153
1.913,-0.684
1.755,1.302
1.842,1.925
1.775,1.162
1.715,0.887
1.578,0.02
1.447,0.017
1.429,-1.292
1.4,2.334
1.371,1.061
1.201,2.104
1.152,-0.765
1.107,-1.384
1.072,0.072
1.167,-0.103
1.1,1.783
0.972,0.901
0.849,-0.4
0.946,-0.529
0.734,-1.298
0.37,0.127
0.322,-0.629
0.289,-1.35
0.244,0.847
0.228,1.025
0.243,1.113
0.208,0.254
0.051,2.209
0.178,0.856
0.031,0.92
0.005,2.101
-0.12,0.415
-0.152,1.565
-0.31,-1.755
-0.845,-1.916
-0.744,-1.577
-2.001,-1.784
-2.294,-1.565
-2.952,-1.944
3.115,-1.6
3.037,-1.798
2.943,-1.652
1.744,-1.892
1.191,-1.542
-0.026,-1.705
-0.475,2.536
-1.043,2.57
-1.175,2.625
-1.505,2.623
-1.81,2.398
-2.894,2.548
2.14,2.585
1.304,2.677
3.107,1.363
2.956,1.86
2.705,-0.679
1.67,-1.194
-2.68,-0.451
2.48,-0.515
1.58,1.226
1.562,1.196
0.5,0.67
-0.654,1.907
-1.706,-0.829
1.67,1.665
1.023,0.47
0.623,-0.208
0.601,0.485
0.642,-0.399
0.521,-0.696
0.547,0.45
-1.74,-1.201
-2.898,-1.507
0.243,-1.435
0.191,-1.404
2.614,2.266
-0.043,1.385
-0.008,-0.416
-0.437,-0.391
-0.569,-0.193
-0.652,-0.562
-0.738,-0.2
-1.173,-0.355
-1.491,-0.443
-2.93,-0.465
3.088,-0.538
2.654,-0.47
2.394,-0.273
2.302,-0.35
1.987,-0.618
1.32,-0.38
1.144,-0.336
0.891,-0.367
0.79,-0.237
0.373,-0.296
-0.771,3.971
-1.931,4.104
-2.449,3.896
-2.743,3.755
3.019,4.034
3.057,3.712
1.423,3.843
1.074,4.118
0.687,3.674
-0.855,3.279
-3.13,3.091
2.821,3.087
1.898,-0.147
1.175,3.75
0.338,-0.541
0.236,-0.459
-2.253,3.627
0.051,2.569
-0.009,0.971
-0.021,0.919
-0.135,1.56
-0.228,2.114
-0.362,0.642
-0.386,1.488
-0.493,1.591
-0.556,0.762
-0.417,3.619
-0.596,3.494
-0.498,0.634
-0.561,3.61
-0.574,1.249
-0.865,0.847
-0.766,0.996
-0.772,1.39
-0.9,1.519
-0.953,2.301
-1.162,0.188
-1.179,0.817
-1.192,1.732
-1.233,3.099
-1.291,0.443
-1.354,2.246
-1.398,2.613
-1.452,3.432
-1.429,2.075
-1.352,3.241
-1.546,1.755
-1.565,1.539
-1.683,1.24
-1.647,1.162
-1.686,0.729
-1.732,3.408
-1.863,1.524
-1.791,3.694
-2.082,1.507
-2.326,0.619
-2.405,1.369
-2.387,2.935
-2.519,0.949
-2.519,1.744
-2.681,2.403
-2.621,2.369
-2.749,1.068
-2.629,2.376
-2.657,2.922
-2.9,1.406
-2.811,0.894
-3.127,3.688
-3.014,2.856
-3.08,2.134
3.052,0.148
2.966,3.784
2.986,-0.072
3.086,-0.093
2.935,0.896
3.058,0.168
2.974,1.575
2.957,3.38
2.854,3.769
2.696,2.365
2.683,3.162
2.659,3.402
2.601,3.767
2.597,3.341
2.505,2.161
2.499,2.558
2.353,3.737
2.488,-0.076
2.432,0.646
2.298,3.257
2.405,3.52
2.268,3.828
2.209,1.406
2.298,0.554
2.286,1.18
2.18,2.242
2.05,1.548
2.183,0.55
2.022,3.485
1.986,0.173
2.083,0.642
1.925,2.628
2.012,3.251
1.945,2.488
1.885,2.213
1.748,1.346
1.617,1.343
1.599,0.034
1.57,3.66
1.541,2.387
1.371,3.43
1.322,0.561
1.277,-0.058
1.242,1.398
1.337,1.223
1.27,3.109
1.142,2.227
1.019,0.926
1.116,0.797
0.904,0.028
0.54,1.453
0.492,0.697
0.459,-0.024
0.414,2.173
0.398,2.351
0.413,2.439
0.378,1.58
0.221,3.535
0.348,2.182
0.201,2.246
0.175,3.427
0.05,1.741
0.018,2.891
-0.14,-0.429
-0.675,-0.59
-0.574,-0.251
-1.831,-0.458
-2.124,-0.239
-2.782,-0.618
-2.998,-0.274
-3.076,-0.472
3.113,-0.326
1.914,-0.566
1.361,-0.216
0.144,-0.379
-0.305,3.862
-0.873,3.896
-1.005,3.951
-1.335,3.949
-1.64,3.724
-2.724,3.874
2.31,3.911
1.474,4.003
-3.006,2.689
3.126,3.186
2.875,0.647
1.84,0.132
-2.51,0.875
2.65,0.811
1.75,2.552
1.732,2.522
0.67,1.996
-0.484,3.233
-1.536,0.497
1.84,2.991
1.193,1.796
0.793,1.118
0.771,1.811
0.812,0.927
0.691,0.63
0.717,1.776
-1.57,0.125
-2.728,-0.181
0.413,-0.109
0.361,-0.078
2.784,3.592
0.035,-1.801
-0.394,-1.776
-0.526,-1.578
-0.609,-1.947
-0.695,-1.585
-1.13,-1.74
-1.448,-1.828
-2.887,-1.85
3.131,-1.923
2.697,-1.855
2.437,-1.658
2.345,-1.735
2.03,-2.003
1.363,-1.765
1.187,-1.721
0.934,-1.752
0.833,-1.622
0.416,-1.681
-0.728,2.586
-1.888,2.719
-2.406,2.511
-2.7,2.37
3.062,2.649
3.1,2.327
1.466,2.458
1.117,2.733
0.73,2.289
-0.812,1.894
-3.087,1.706
2.864,1.702
1.941,-1.532
1.218,2.365
0.381,-1.926
0.279,-1.844
-2.21,2.242
0.094,1.184
0.034,-0.414
0.022,-0.466
-0.092,0.175
-0.185,0.729
-0.319,-0.743
-0.343,0.103
-0.45,0.206
-0.513,-0.623
-0.374,2.234
-0.553,2.109
-0.455,-0.751
-0.518,2.225
-0.531,-0.136
-0.822,-0.538
-0.723,-0.389
-0.729,0.005
-0.857,0.134
-0.91,0.916
-1.119,-1.197
-1.136,-0.568
-1.149,0.347
-1.19,1.714
-1.248,-0.942
-1.311,0.861
-1.355,1.228
-1.409,2.047
-1.386,0.69
-1.309,1.856
-1.503,0.37
-1.522,0.154
-1.64,-0.145
-1.604,-0.223
-1.643,-0.656
-1.689,2.023
-1.82,0.139
-1.748,2.309
-2.039,0.122
-2.283,-0.766
-2.362,-0.016
-2.344,1.55
-2.476,-0.436
-2.476,0.359
-2.638,1.018
-2.578,0.984
-2.706,-0.317
-2.586,0.991
-2.614,1.537
-2.857,0.021
-2.768,-0.491
-3.084,2.303
-2.971,1.471
-3.037,0.749
3.095,-1.237
3.009,2.399
3.029,-1.457
3.129,-1.478
2.978,-0.489
3.101,-1.217
3.017,0.19
3.0,1.995
2.897,2.384
2.739,0.98
2.726,1.777
2.702,2.017
2.644,2.382
2.64,1.956
2.548,0.776
2.542,1.173
2.396,2.352
2.531,-1.461
2.475,-0.739
2.341,1.872
2.448,2.135
2.311,2.443
2.252,0.021
2.341,-0.831
2.329,-0.205
2.223,0.857
2.093,0.163
2.226,-0.835
2.065,2.1
2.029,-1.212
2.126,-0.743
1.968,1.243
2.055,1.866
1.988,1.103
1.928,0.828
1.791,-0.039
1.66,-0.042
1.642,-1.351
1.613,2.275
1.584,1.002
1.414,2.045
1.365,-0.824
1.32,-1.443
1.285,0.013
1.38,-0.162
1.313,1.724
1.185,0.842
1.062,-0.459
1.159,-0.588
0.947,-1.357
0.583,0.068
0.535,-0.688
0.502,-1.409
0.457,0.788
0.441,0.966
0.456,1.054
0.421,0.195
0.264,2.15
0.391,0.797
0.244,0.861
0.218,2.042
0.093,0.356
0.061,1.506
-0.097,-1.814
-0.632,-1.975
-0.531,-1.636
-1.788,-1.843
-2.081,-1.624
-2.739,-2.003
-2.955,-1.659
-3.033,-1.857
-3.127,-1.711
1.957,-1.951
1.404,-1.601
0.187,-1.764
-0.262,2.477
-0.83,2.511
-0.962,2.566
-1.292,2.564
-1.597,2.339
-2.681,2.489
2.353,2.526
1.517,2.618
-2.963,1.304
-3.114,1.801
2.918,-0.738
1.883,-1.253
-2.467,-0.51
2.693,-0.574
1.793,1.167
1.775,1.137
0.713,0.611
-0.441,1.848
-1.493,-0.888
1.883,1.606
1.236,0.411
0.836,-0.267
0.814,0.426
0.855,-0.458
0.734,-0.755
0.76,0.391
-1.527,-1.26
-2.685,-1.566
0.456,-1.494
0.404,-1.463
2.827,2.207
-0.429,0.025
-0.561,0.223
-0.644,-0.146
-0.73,0.216
-1.165,0.061
-1.483,-0.027
-2.922,-0.049
3.096,-0.122
2.662,-0.054
2.402,0.143
2.31,0.066
1.995,-0.202
1.328,0.036
1.152,0.08
0.899,0.049
0.798,0.179
0.381,0.12
-0.763,4.387
-1.923,4.52
-2.441,4.312
-2.735,4.171
3.027,4.45
3.065,4.128
1.431,4.259
1.082,4.534
0.695,4.09
-0.847,3.695
-3.122,3.507
2.829,3.503
1.906,0.269
1.183,4.166
0.346,-0.125
0.244,-0.043
-2.245,4.043
0.059,2.985
-0.001,1.387
-0.013,1.335
-0.127,1.976
-0.22,2.53
-0.354,1.058
-0.378,1.904
-0.485,2.007
-0.548,1.178
-0.409,4.035
-0.588,3.91
-0.49,1.05
-0.553,4.026
-0.566,1.665
-0.857,1.263
-0.758,1.412
-0.764,1.806
-0.892,1.935
-0.945,2.717
-1.154,0.604
-1.171,1.233
-1.184,2.148
-1.225,3.515
-1.283,0.859
-1.346,2.662
-1.39,3.029
-1.444,3.848
-1.421,2.491
-1.344,3.657
-1.538,2.171
-1.557,1.955
-1.675,1.656
-1.639,1.578
-1.678,1.145
-1.724,3.824
-1.855,1.94
-1.783,4.11
-2.074,1.923
-2.318,1.035
-2.397,1.785
-2.379,3.351
-2.511,1.365
-2.511,2.16
-2.673,2.819
-2.613,2.785
-2.741,1.484
-2.621,2.792
-2.649,3.338
-2.892,1.822
-2.803,1.31
-3.119,4.104
-3.006,3.272
-3.072,2.55
3.06,0.564
2.974,4.2
2.994,0.344
3.094,0.323
2.943,1.312
3.066,0.584
2.982,1.991
2.965,3.796
2.862,4.185
2.704,2.781
2.691,3.578
2.667,3.818
2.609,4.183
2.605,3.757
2.513,2.577
2.507,2.974
2.361,4.153
2.496,0.34
2.44,1.062
2.306,3.673
2.413,3.936
2.276,4.244
2.217,1.822
2.306,0.97
2.294,1.596
2.188,2.658
2.058,1.964
2.191,0.966
2.03,3.901
1.994,0.589
2.091,1.058
1.933,3.044
2.02,3.667
1.953,2.904
1.893,2.629
1.756,1.762
1.625,1.759
1.607,0.45
1.578,4.076
1.549,2.803
1.379,3.846
1.33,0.977
1.285,0.358
1.25,1.814
1.345,1.639
1.278,3.525
1.15,2.643
1.027,1.342
1.124,1.213
0.912,0.444
0.548,1.869
0.5,1.113
0.467,0.392
0.422,2.589
0.406,2.767
0.421,2.855
0.386,1.996
0.229,3.951
0.356,2.598
0.209,2.662
0.183,3.843
0.058,2.157
0.026,3.307
-0.132,-0.013
-0.667,-0.174
-0.566,0.165
-1.823,-0.042
-2.116,0.177
-2.774,-0.202
-2.99,0.142
-3.068,-0.056
3.121,0.09
1.922,-0.15
1.369,0.2
0.152,0.037
-0.297,4.278
-0.865,4.312
-0.997,4.367
-1.327,4.365
-1.632,4.14
-2.716,4.29
2.318,4.327
1.482,4.419
-2.998,3.105
3.134,3.602
2.883,1.063
1.848,0.548
-2.502,1.291
2.658,1.227
1.758,2.968
1.74,2.938
0.678,2.412
-0.476,3.649
-1.528,0.913
1.848,3.407
1.201,2.212
0.801,1.534
0.779,2.227
0.82,1.343
0.699,1.046
0.725,2.192
-1.562,0.541
-2.72,0.235
0.421,0.307
0.369,0.338
2.792,4.008
-0.132,0.198
-0.215,-0.171
-0.301,0.191
-0.736,0.036
-1.054,-0.052
-2.493,-0.074
-2.758,-0.147
3.091,-0.079
2.831,0.118
2.739,0.041
2.424,-0.227
1.757,0.011
1.581,0.055
1.328,0.024
1.227,0.154
0.81,0.095
-0.334,4.362
-1.494,4.495
-2.012,4.287
-2.306,4.146
-2.827,4.425
-2.789,4.103
1.86,4.234
1.511,4.509
1.124,4.065
-0.418,3.67
-2.693,3.482
-3.025,3.478
2.335,0.244
1.612,4.141
0.775,-0.15
0.673,-0.068
-1.816,4.018
0.488,2.96
0.428,1.362
0.416,1.31
0.302,1.951
0.209,2.505
0.075,1.033
0.051,1.879
-0.056,1.982
-0.119,1.153
0.02,4.01
-0.159,3.885
-0.061,1.025
-0.124,4.001
-0.137,1.64
-0.428,1.238
-0.329,1.387
-0.335,1.781
-0.463,1.91
-0.516,2.692
-0.725,0.579
-0.742,1.208
-0.755,2.123
-0.796,3.49
-0.854,0.834
-0.917,2.637
-0.961,3.004
-1.015,3.823
-0.992,2.466
-0.915,3.632
-1.109,2.146
-1.128,1.93
-1.246,1.631
-1.21,1.553
-1.249,1.12
-1.295,3.799
-1.426,1.915
-1.354,4.085
-1.645,1.898
-1.889,1.01
-1.968,1.76
-1.95,3.326
-2.082,1.34
-2.082,2.135
-2.244,2.794
-2.184,2.76
-2.312,1.459
-2.192,2.767
-2.22,3.313
-2.463,1.797
-2.374,1.285
-2.69,4.079
-2.577,3.247
-2.643,2.525
-2.794,0.539
-2.88,4.175
-2.86,0.319
-2.76,0.298
-2.911,1.287
-2.788,0.559
-2.872,1.966
-2.889,3.771
-2.992,4.16
3.133,2.756
3.12,3.553
3.096,3.793
3.038,4.158
3.034,3.732
2.942,2.552
2.936,2.949
2.79,4.128
2.925,0.315
2.869,1.037
2.735,3.648
2.842,3.911
2.705,4.219
2.646,1.797
2.735,0.945
2.723,1.571
2.617,2.633
2.487,1.939
2.62,0.941
2.459,3.876
2.423,0.564
2.52,1.033
2.362,3.019
2.449,3.642
2.382,2.879
2.322,2.604
2.185,1.737
2.054,1.734
2.036,0.425
2.007,4.051
1.978,2.778
1.808,3.821
1.759,0.952
1.714,0.333
1.679,1.789
1.774,1.614
1.707,3.5
1.579,2.618
1.456,1.317
1.553,1.188
1.341,0.419
0.977,1.844
0.929,1.088
0.896,0.367
0.851,2.564
0.835,2.742
0.85,2.83
0.815,1.971
0.658,3.926
0.785,2.573
0.638,2.637
0.612,3.818
0.487,2.132
0.455,3.282
0.297,-0.038
-0.238,-0.199
-0.137,0.14
-1.394,-0.067
-1.687,0.152
-2.345,-0.227
-2.561,0.117
-2.639,-0.081
-2.733,0.065
2.351,-0.175
1.798,0.175
0.581,0.012
0.132,4.253
-0.436,4.287
-0.568,4.342
-0.898,4.34
-1.203,4.115
-2.287,4.265
2.747,4.302
1.911,4.394
-2.569,3.08
-2.72,3.577
-2.971,1.038
2.277,0.523
-2.073,1.266
3.087,1.202
2.187,2.943
2.169,2.913
1.107,2.387
-0.047,3.624
-1.099,0.888
2.277,3.382
1.63,2.187
1.23,1.509
1.208,2.202
1.249,1.318
1.128,1.021
1.154,2.167
-1.133,0.516
-2.291,0.21
0.85,0.282
0.798,0.313
-3.062,3.983
-0.083,-0.369
-0.169,-0.007
-0.604,-0.162
-0.922,-0.25
-2.361,-0.272
-2.626,-0.345
-3.06,-0.277
2.963,-0.08
2.871,-0.157
2.556,-0.425
1.889,-0.187
1.713,-0.143
1.46,-0.174
1.359,-0.044
0.942,-0.103
-0.202,4.164
-1.362,4.297
-1.88,4.089
-2.174,3.948
-2.695,4.227
-2.657,3.905
1.992,4.036
1.643,4.311
1.256,3.867
-0.286,3.472
-2.561,3.284
-2.893,3.28
2.467,0.046
1.744,3.943
0.907,-0.348
0.805,-0.266
-1.684,3.82
0.62,2.762
0.56,1.164
0.548,1.112
0.434,1.753
0.341,2.307
0.207,0.835
0.183,1.681
0.076,1.784
0.013,0.955
0.152,3.812
-0.027,3.687
0.071,0.827
0.008,3.803
-0.005,1.442
-0.296,1.04
-0.197,1.189
-0.203,1.583
-0.331,1.712
-0.384,2.494
-0.593,0.381
-0.61,1.01
-0.623,1.925
-0.664,3.292
-0.722,0.636
-0.785,2.439
-0.829,2.806
-0.883,3.625
-0.86,2.268
-0.783,3.434
-0.977,1.948
-0.996,1.732
-1.114,1.433
-1.078,1.355
-1.117,0.922
-1.163,3.601
-1.294,1.717
-1.222,3.887
-1.513,1.7
-1.757,0.812
-1.836,1.562
-1.818,3.128
-1.95,1.142
-1.95,1.937
-2.112,2.596
-2.052,2.562
-2.18,1.261
-2.06,2.569
-2.088,3.115
-2.331,1.599
-2.242,1.087
-2.558,3.881
-2.445,3.049
-2.511,2.327
-2.662,0.341
-2.748,3.977
-2.728,0.121
-2.628,0.1
-2.779,1.089
-2.656,0.361
-2.74,1.768
-2.757,3.573
-2.86,3.962
-3.018,2.558
-3.031,3.355
-3.055,3.595
-3.113,3.96
-3.117,3.534
3.074,2.354
3.068,2.751
2.922,3.93
3.057,0.117
3.001,0.839
2.867,3.45
2.974,3.713
2.837,4.021
2.778,1.599
2.867,0.747
2.855,1.373
2.749,2.435
2.619,1.741
2.752,0.743
2.591,3.678
2.555,0.366
2.652,0.835
2.494,2.821
2.581,3.444
2.514,2.681
2.454,2.406
2.317,1.539
2.186,1.536
2.168,0.227
2.139,3.853
2.11,2.58
1.94,3.623
1.891,0.754
1.846,0.135
1.811,1.591
1.906,1.416
1.839,3.302
1.711,2.42
1.588,1.119
1.685,0.99
1.473,0.221
1.109,1.646
1.061,0.89
1.028,0.169
0.983,2.366
0.967,2.544
0.982,2.632
0.947,1.773
0.79,3.728
0.917,2.375
0.77,2.439
0.744,3.62
0.619,1.934
0.587,3.084
0.429,-0.236
-0.106,-0.397
-0.005,-0.058
-1.262,-0.265
-1.555,-0.046
-2.213,-0.425
-2.429,-0.081
-2.507,-0.279
-2.601,-0.133
2.483,-0.373
1.93,-0.023
0.713,-0.186
0.264,4.055
-0.304,4.089
-0.436,4.144
-0.766,4.142
-1.071,3.917
-2.155,4.067
2.879,4.104
2.043,4.196
-2.437,2.882
-2.588,3.379
-2.839,0.84
2.409,0.325
-1.941,1.068
-3.064,1.004
2.319,2.745
2.301,2.715
1.239,2.189
0.085,3.426
-0.967,0.69
2.409,3.184
1.762,1.989
1.362,1.311
1.34,2.004
1.381,1.12
1.26,0.823
1.286,1.969
-1.001,0.318
-2.159,0.012
0.982,0.084
0.93,0.115
-2.93,3.785
-0.086,0.362
-0.521,0.207
-0.839,0.119
-2.278,0.097
-2.543,0.024
-2.977,0.092
3.046,0.289
2.954,0.212
2.639,-0.056
1.972,0.182
1.796,0.226
1.543,0.195
1.442,0.325
1.025,0.266
-0.119,4.533
-1.279,4.666
-1.797,4.458
-2.091,4.317
-2.612,4.596
-2.574,4.274
2.075,4.405
1.726,4.68
1.339,4.236
-0.203,3.841
-2.478,3.653
-2.81,3.649
2.55,0.415
1.827,4.312
0.99,0.021
0.888,0.103
-1.601,4.189
0.703,3.131
0.643,1.533
0.631,1.481
0.517,2.122
0.424,2.676
0.29,1.204
0.266,2.05
0.159,2.153
0.096,1.324
0.235,4.181
0.056,4.056
0.154,1.196
0.091,4.172
0.078,1.811
-0.213,1.409
-0.114,1.558
-0.12,1.952
-0.248,2.081
-0.301,2.863
-0.51,0.75
-0.527,1.379
-0.54,2.294
-0.581,3.661
-0.639,1.005
-0.702,2.808
-0.746,3.175
-0.8,3.994
-0.777,2.637
-0.7,3.803
-0.894,2.317
-0.913,2.101
-1.031,1.802
-0.995,1.724
-1.034,1.291
-1.08,3.97
-1.211,2.086
-1.139,4.256
-1.43,2.069
-1.674,1.181
-1.753,1.931
-1.735,3.497
-1.867,1.511
-1.867,2.306
-2.029,2.965
-1.969,2.931
-2.097,1.63
-1.977,2.938
-2.005,3.484
-2.248,1.968
-2.159,1.456
-2.475,4.25
-2.362,3.418
-2.428,2.696
-2.579,0.71
-2.665,4.346
-2.645,0.49
-2.545,0.469
-2.696,1.458
-2.573,0.73
-2.657,2.137
-2.674,3.942
-2.777,4.331
-2.935,2.927
-2.948,3.724
-2.972,3.964
-3.03,4.329
-3.034,3.903
-3.126,2.723
-3.132,3.12
3.005,4.299
3.14,0.486
3.084,1.208
2.95,3.819
3.057,4.082
2.92,4.39
2.861,1.968
2.95,1.116
2.938,1.742
2.832,2.804
2.702,2.11
2.835,1.112
2.674,4.047
2.638,0.735
2.735,1.204
2.577,3.19
2.664,3.813
2.597,3.05
2.537,2.775
2.4,1.908
2.269,1.905
2.251,0.596
2.222,4.222
2.193,2.949
2.023,3.992
1.974,1.123
1.929,0.504
1.894,1.96
1.989,1.785
1.922,3.671
1.794,2.789
1.671,1.488
1.768,1.359
1.556,0.59
1.192,2.015
1.144,1.259
1.111,0.538
1.066,2.735
1.05,2.913
1.065,3.001
1.03,2.142
0.873,4.097
1.0,2.744
0.853,2.808
0.827,3.989
0.702,2.303
0.67,3.453
0.512,0.133
-0.023,-0.028
0.078,0.311
-1.179,0.104
-1.472,0.323
-2.13,-0.056
-2.346,0.288
-2.424,0.09
-2.518,0.236
2.566,-0.004
2.013,0.346
0.796,0.183
0.347,4.424
-0.221,4.458
-0.353,4.513
-0.683,4.511
-0.988,4.286
-2.072,4.436
2.962,4.473
2.126,4.565
-2.354,3.251
-2.505,3.748
-2.756,1.209
2.492,0.694
-1.858,1.437
-2.981,1.373
2.402,3.114
2.384,3.084
1.322,2.558
0.168,3.795
-0.884,1.059
2.492,3.553
1.845,2.358
1.445,1.68
1.423,2.373
1.464,1.489
1.343,1.192
1.369,2.338
-0.918,0.687
-2.076,0.381
1.065,0.453
1.013,0.484
-2.847,4.154
-0.435,-0.155
-0.753,-0.243
-2.192,-0.265
-2.457,-0.338
-2.891,-0.27
3.132,-0.073
3.04,-0.15
2.725,-0.418
2.058,-0.18
1.882,-0.136
1.629,-0.167
1.528,-0.037
1.111,-0.096
-0.033,4.171
-1.193,4.304
-1.711,4.096
-2.005,3.955
-2.526,4.234
-2.488,3.912
2.161,4.043
1.812,4.318
1.425,3.874
-0.117,3.479
-2.392,3.291
-2.724,3.287
2.636,0.053
1.913,3.95
1.076,-0.341
0.974,-0.259
-1.515,3.827
0.789,2.769
0.729,1.171
0.717,1.119
0.603,1.76
0.51,2.314
0.376,0.842
0.352,1.688
0.245,1.791
0.182,0.962
0.321,3.819
0.142,3.694
0.24,0.834
0.177,3.81
0.164,1.449
-0.127,1.047
-0.028,1.196
-0.034,1.59
-0.162,1.719
-0.215,2.501
-0.424,0.388
-0.441,1.017
-0.454,1.932
-0.495,3.299
-0.553,0.643
-0.616,2.446
-0.66,2.813
-0.714,3.632
-0.691,2.275
-0.614,3.441
-0.808,1.955
-0.827,1.739
-0.945,1.44
-0.909,1.362
-0.948,0.929
-0.994,3.608
-1.125,1.724
-1.053,3.894
-1.344,1.707
-1.588,0.819
-1.667,1.569
-1.649,3.135
-1.781,1.149
-1.781,1.944
-1.943,2.603
-1.883,2.569
-2.011,1.268
-1.891,2.576
-1.919,3.122
-2.162,1.606
-2.073,1.094
-2.389,3.888
-2.276,3.056
-2.342,2.334
-2.493,0.348
-2.579,3.984
-2.559,0.128
-2.459,0.107
-2.61,1.096
-2.487,0.368
-2.571,1.775
-2.588,3.58
-2.691,3.969
-2.849,2.565
-2.862,3.362
-2.886,3.602
-2.944,3.967
-2.948,3.541
-3.04,2.361
-3.046,2.758
3.091,3.937
-3.057,0.124
-3.113,0.846
3.036,3.457
-3.14,3.72
3.006,4.028
2.947,1.606
3.036,0.754
3.024,1.38
2.918,2.442
2.788,1.748
2.921,0.75
2.76,3.685
2.724,0.373
2.821,0.842
2.663,2.828
2.75,3.451
2.683,2.688
2.623,2.413
2.486,1.546
2.355,1.543
2.337,0.234
2.308,3.86
2.279,2.587
2.109,3.63
2.06,0.761
2.015,0.142
1.98,1.598
2.075,1.423
2.008,3.309
1.88,2.427
1.757,1.126
1.854,0.997
1.642,0.228
1.278,1.653
1.23,0.897
1.197,0.176
1.152,2.373
1.136,2.551
1.151,2.639
1.116,1.78
0.959,3.735
1.086,2.382
0.939,2.446
0.913,3.627
0.788,1.941
0.756,3.091
0.598,-0.229
0.063,-0.39
0.164,-0.051
-1.093,-0.258
-1.386,-0.039
-2.044,-0.418
-2.26,-0.074
-2.338,-0.272
-2.432,-0.126
2.652,-0.366
2.099,-0.016
0.882,-0.179
0.433,4.062
-0.135,4.096
-0.267,4.151
-0.597,4.149
-0.902,3.924
-1.986,4.074
3.048,4.111
2.212,4.203
-2.268,2.889
-2.419,3.386
-2.67,0.847
2.578,0.332
-1.772,1.075
-2.895,1.011
2.488,2.752
2.47,2.722
1.408,2.196
0.254,3.433
-0.798,0.697
2.578,3.191
1.931,1.996
1.531,1.318
1.509,2.011
1.55,1.127
1.429,0.83
1.455,1.976
-0.832,0.325
-1.99,0.019
1.151,0.091
1.099,0.122
-2.761,3.792
-0.318,-0.088
-1.757,-0.11
-2.022,-0.183
-2.456,-0.115
-2.716,0.082
-2.808,0.005
-3.123,-0.263
2.493,-0.025
2.317,0.019
2.064,-0.012
1.963,0.118
1.546,0.059
0.402,4.326
-0.758,4.459
-1.276,4.251
-1.57,4.11
-2.091,4.389
-2.053,4.067
2.596,4.198
2.247,4.473
1.86,4.029
0.318,3.634
-1.957,3.446
-2.289,3.442
3.071,0.208
2.348,4.105
1.511,-0.186
1.409,-0.104
-1.08,3.982
1.224,2.924
1.164,1.326
1.152,1.274
1.038,1.915
0.945,2.469
0.811,0.997
0.787,1.843
0.68,1.946
0.617,1.117
0.756,3.974
0.577,3.849
0.675,0.989
0.612,3.965
0.599,1.604
0.308,1.202
0.407,1.351
0.401,1.745
0.273,1.874
0.22,2.656
0.011,0.543
-0.006,1.172
-0.019,2.087
-0.06,3.454
-0.118,0.798
-0.181,2.601
-0.225,2.968
-0.279,3.787
-0.256,2.43
-0.179,3.596
-0.373,2.11
-0.392,1.894
-0.51,1.595
-0.474,1.517
-0.513,1.084
-0.559,3.763
-0.69,1.879
-0.618,4.049
-0.909,1.862
-1.153,0.974
-1.232,1.724
-1.214,3.29
-1.346,1.304
-1.346,2.099
-1.508,2.758
-1.448,2.724
-1.576,1.423
-1.456,2.731
-1.484,3.277
-1.727,1.761
-1.638,1.249
-1.954,4.043
-1.841,3.211
-1.907,2.489
-2.058,0.503
-2.144,4.139
-2.124,0.283
-2.024,0.262
-2.175,1.251
-2.052,0.523
-2.136,1.93
-2.153,3.735
-2.256,4.124
-2.414,2.72
-2.427,3.517
-2.451,3.757
-2.509,4.122
-2.513,3.696
-2.605,2.516
-2.611,2.913
-2.757,4.092
-2.622,0.279
-2.678,1.001
-2.812,3.612
-2.705,3.875
-2.842,4.183
-2.901,1.761
-2.812,0.909
-2.824,1.535
-2.93,2.597
-3.06,1.903
-2.927,0.905
-3.088,3.84
-3.124,0.528
-3.027,0.997
3.098,2.983
-3.098,3.606
3.118,2.843
3.058,2.568
2.921,1.701
2.79,1.698
2.772,0.389
2.743,4.015
2.714,2.742
2.544,3.785
2.495,0.916
2.45,0.297
2.415,1.753
2.51,1.578
2.443,3.464
2.315,2.582
2.192,1.281
2.289,1.152
2.077,0.383
1.713,1.808
1.665,1.052
1.632,0.331
1.587,2.528
1.571,2.706
1.586,2.794
1.551,1.935
1.394,3.89
1.521,2.537
1.374,2.601
1.348,3.782
1.223,2.096
1.191,3.246
1.033,-0.074
0.498,-0.235
0.599,0.104
-0.658,-0.103
-0.951,0.116
-1.609,-0.263
-1.825,0.081
-1.903,-0.117
-1.997,0.029
3.087,-0.211
2.534,0.139
1.317,-0.024
0.868,4.217
0.3,4.251
0.168,4.306
-0.162,4.304
-0.467,4.079
-1.551,4.229
-2.8,4.266
2.647,4.358
-1.833,3.044
-1.984,3.541
-2.235,1.002
3.013,0.487
-1.337,1.23
-2.46,1.166
2.923,2.907
2.905,2.877
1.843,2.351
0.689,3.588
-0.363,0.852
3.013,3.346
2.366,2.151
1.966,1.473
1.944,2.166
1.985,1.282
1.864,0.985
1.89,2.131
-0.397,0.48
-1.555,0.174
1.586,0.246
1.534,0.277
-2.326,3.947
-1.439,-0.022
-1.704,-0.095
-2.138,-0.027
-2.398,0.17
-2.49,0.093
-2.805,-0.175
2.811,0.063
2.635,0.107
2.382,0.076
2.281,0.206
1.864,0.147
0.72,4.414
-0.44,4.547
-0.958,4.339
-1.252,4.198
-1.773,4.477
-1.735,4.155
2.914,4.286
2.565,4.561
2.178,4.117
0.636,3.722
-1.639,3.534
-1.971,3.53
-2.894,0.296
2.666,4.193
1.829,-0.098
1.727,-0.016
-0.762,4.07
1.542,3.012
1.482,1.414
1.47,1.362
1.356,2.003
1.263,2.557
1.129,1.085
1.105,1.931
0.998,2.034
0.935,1.205
1.074,4.062
0.895,3.937
0.993,1.077
0.93,4.053
0.917,1.692
0.626,1.29
0.725,1.439
0.719,1.833
0.591,1.962
0.538,2.744
0.329,0.631
0.312,1.26
0.299,2.175
0.258,3.542
0.2,0.886
0.137,2.689
0.093,3.056
0.039,3.875
0.062,2.518
0.139,3.684
-0.055,2.198
-0.074,1.982
-0.192,1.683
-0.156,1.605
-0.195,1.172
-0.241,3.851
-0.372,1.967
-0.3,4.137
-0.591,1.95
-0.835,1.062
-0.914,1.812
-0.896,3.378
-1.028,1.392
-1.028,2.187
-1.19,2.846
-1.13,2.812
-1.258,1.511
-1.138,2.819
-1.166,3.365
-1.409,1.849
-1.32,1.337
-1.636,4.131
-1.523,3.299
-1.589,2.577
-1.74,0.591
-1.826,4.227
-1.806,0.371
-1.706,0.35
-1.857,1.339
-1.734,0.611
-1.818,2.018
-1.835,3.823
-1.938,4.212
-2.096,2.808
-2.109,3.605
-2.133,3.845
-2.191,4.21
-2.195,3.784
-2.287,2.604
-2.293,3.001
-2.439,4.18
-2.304,0.367
-2.36,1.089
-2.494,3.7
-2.387,3.963
-2.524,4.271
-2.583,1.849
-2.494,0.997
-2.506,1.623
-2.612,2.685
-2.742,1.991
-2.609,0.993
-2.77,3.928
-2.806,0.616
-2.709,1.085
-2.867,3.071
-2.78,3.694
-2.847,2.931
-2.907,2.656
-3.044,1.789
3.108,1.786
3.09,0.477
3.061,4.103
3.032,2.83
2.862,3.873
2.813,1.004
2.768,0.385
2.733,1.841
2.828,1.666
2.761,3.552
2.633,2.67
2.51,1.369
2.607,1.24
2.395,0.471
2.031,1.896
1.983,1.14
1.95,0.419
1.905,2.616
1.889,2.794
1.904,2.882
1.869,2.023
1.712,3.978
1.839,2.625
1.692,2.689
1.666,3.87
1.541,2.184
1.509,3.334
1.351,0.014
0.816,-0.147
0.917,0.192
-0.34,-0.015
-0.633,0.204
-1.291,-0.175
-1.507,0.169
-1.585,-0.029
-1.679,0.117
-2.878,-0.123
2.852,0.227
1.635,0.064
1.186,4.305
0.618,4.339
0.486,4.394
0.156,4.392
-0.149,4.167
-1.233,4.317
-2.482,4.354
2.965,4.446
-1.515,3.132
-1.666,3.629
-1.917,1.09
-2.952,0.575
-1.019,1.318
-2.142,1.254
-3.042,2.995
-3.06,2.965
2.161,2.439
1.007,3.676
-0.045,0.94
-2.952,3.434
2.684,2.239
2.284,1.561
2.262,2.254
2.303,1.37
2.182,1.073
2.208,2.219
-0.079,0.568
-1.237,0.262
1.904,0.334
1.852,0.365
-2.008,4.035
-0.265,-0.073
-0.699,-0.005
-0.959,0.192
-1.051,0.115
-1.366,-0.153
-2.033,0.085
-2.209,0.129
-2.462,0.098
-2.563,0.228
-2.98,0.169
2.159,4.436
0.999,4.569
0.481,4.361
0.187,4.22
-0.334,4.499
-0.296,4.177
-1.93,4.308
-2.279,4.583
-2.666,4.139
2.075,3.744
-0.2,3.556
-0.532,3.552
-1.455,0.318
-2.178,4.215
-3.015,-0.076
-3.117,0.006
0.677,4.092
2.981,3.034
2.921,1.436
2.909,1.384
2.795,2.025
2.702,2.579
2.568,1.107
2.544,1.953
2.437,2.056
2.374,1.227
2.513,4.084
2.334,3.959
2.432,1.099
2.369,4.075
2.356,1.714
2.065,1.312
2.164,1.461
2.158,1.855
2.03,1.984
1.977,2.766
1.768,0.653
1.751,1.282
1.738,2.197
1.697,3.564
1.639,0.908
1.576,2.711
1.532,3.078
1.478,3.897
1.501,2.54
1.578,3.706
1.384,2.22
1.365,2.004
1.247,1.705
1.283,1.627
1.244,1.194
1.198,3.873
1.067,1.989
1.139,4.159
0.848,1.972
0.604,1.084
0.525,1.834
0.543,3.4
0.411,1.414
0.411,2.209
0.249,2.868
0.309,2.834
0.181,1.533
0.301,2.841
0.273,3.387
0.03,1.871
0.119,1.359
-0.197,4.153
-0.084,3.321
-0.15,2.599
-0.301,0.613
-0.387,4.249
-0.367,0.393
-0.267,0.372
-0.418,1.361
-0.295,0.633
-0.379,2.04
-0.396,3.845
-0.499,4.234
-0.657,2.83
-0.67,3.627
-0.694,3.867
-0.752,4.232
-0.756,3.806
-0.848,2.626
-0.854,3.023
-1.0,4.202
-0.865,0.389
-0.921,1.111
-1.055,3.722
-0.948,3.985
-1.085,4.293
-1.144,1.871
-1.055,1.019
-1.067,1.645
-1.173,2.707
-1.303,2.013
-1.17,1.015
-1.331,3.95
-1.367,0.638
-1.27,1.107
-1.428,3.093
-1.341,3.716
-1.408,2.953
-1.468,2.678
-1.605,1.811
-1.736,1.808
-1.754,0.499
-1.783,4.125
-1.812,2.852
-1.982,3.895
-2.031,1.026
-2.076,0.407
-2.111,1.863
-2.016,1.688
-2.083,3.574
-2.211,2.692
-2.334,1.391
-2.237,1.262
-2.449,0.493
-2.813,1.918
-2.861,1.162
-2.894,0.441
-2.939,2.638
-2.955,2.816
-2.94,2.904
-2.975,2.045
-3.132,4.0
-3.005,2.647
3.131,2.711
3.105,3.892
2.98,2.206
2.948,3.356
2.79,0.036
2.255,-0.125
2.356,0.214
1.099,0.007
0.806,0.226
0.148,-0.153
-0.068,0.191
-0.146,-0.007
-0.24,0.139
-1.439,-0.101
-1.992,0.249
3.074,0.086
2.625,4.327
2.057,4.361
1.925,4.416
1.595,4.414
1.29,4.189
0.206,4.339
-1.043,4.376
-1.879,4.468
-0.076,3.154
-0.227,3.651
-0.478,1.112
-1.513,0.597
0.42,1.34
-0.703,1.276
-1.603,3.017
-1.621,2.987
-2.683,2.461
2.446,3.698
1.394,0.962
-1.513,3.456
-2.16,2.261
-2.56,1.583
-2.582,2.276
-2.541,1.392
-2.662,1.095
-2.636,2.241
1.36,0.59
0.202,0.284
-2.94,0.356
-2.992,0.387
-0.569,4.057
-0.434,0.068
-0.694,0.265
-0.786,0.188
-1.101,-0.08
-1.768,0.158
-1.944,0.202
-2.197,0.171
-2.298,0.301
-2.715,0.242
2.424,4.509
1.264,4.642
0.746,4.434
0.452,4.293
-0.069,4.572
-0.031,4.25
-1.665,4.381
-2.014,4.656
-2.401,4.212
2.34,3.817
0.065,3.629
-0.267,3.625
-1.19,0.391
-1.913,4.288
-2.75,-0.003
-2.852,0.079
0.942,4.165
-3.037,3.107
-3.097,1.509
-3.109,1.457
3.06,2.098
2.967,2.652
2.833,1.18
2.809,2.026
2.702,2.129
2.639,1.3
2.778,4.157
2.599,4.032
2.697,1.172
2.634,4.148
2.621,1.787
2.33,1.385
2.429,1.534
2.423,1.928
2.295,2.057
2.242,2.839
2.033,0.726
2.016,1.355
2.003,2.27
1.962,3.637
1.904,0.981
1.841,2.784
1.797,3.151
1.743,3.97
1.766,2.613
1.843,3.779
1.649,2.293
1.63,2.077
1.512,1.778
1.548,1.7
1.509,1.267
1.463,3.946
1.332,2.062
1.404,4.232
1.113,2.045
0.869,1.157
0.79,1.907
0.808,3.473
0.676,1.487
0.676,2.282
0.514,2.941
0.574,2.907
0.446,1.606
0.566,2.914
0.538,3.46
0.295,1.944
0.384,1.432
0.068,4.226
0.181,3.394
0.115,2.672
-0.036,0.686
-0.122,4.322
-0.102,0.466
-0.002,0.445
-0.153,1.434
-0.03,0.706
-0.114,2.113
-0.131,3.918
-0.234,4.307
-0.392,2.903
-0.405,3.7
-0.429,3.94
-0.487,4.305
-0.491,3.879
-0.583,2.699
-0.589,3.096
-0.735,4.275
-0.6,0.462
-0.656,1.184
-0.79,3.795
-0.683,4.058
-0.82,4.366
-0.879,1.944
-0.79,1.092
-0.802,1.718
-0.908,2.78
-1.038,2.086
-0.905,1.088
-1.066,4.023
-1.102,0.711
-1.005,1.18
-1.163,3.166
-1.076,3.789
-1.143,3.026
-1.203,2.751
-1.34,1.884
-1.471,1.881
-1.489,0.572
-1.518,4.198
-1.547,2.925
-1.717,3.968
-1.766,1.099
-1.811,0.48
-1.846,1.936
-1.751,1.761
-1.818,3.647
-1.946,2.765
-2.069,1.464
-1.972,1.335
-2.184,0.566
-2.548,1.991
-2.596,1.235
-2.629,0.514
-2.674,2.711
-2.69,2.889
-2.675,2.977
-2.71,2.118
-2.867,4.073
-2.74,2.72
-2.887,2.784
-2.913,3.965
-3.038,2.279
-3.07,3.429
3.055,0.109
2.52,-0.052
2.621,0.287
1.364,0.08
1.071,0.299
0.413,-0.08
0.197,0.264
0.119,0.066
0.025,0.212
-1.174,-0.028
-1.727,0.322
-2.944,0.159
2.89,4.4
2.322,4.434
2.19,4.489
1.86,4.487
1.555,4.262
0.471,4.412
-0.778,4.449
-1.614,4.541
0.189,3.227
0.038,3.724
-0.213,1.185
-1.248,0.67
0.685,1.413
-0.438,1.349
-1.338,3.09
-1.356,3.06
-2.418,2.534
2.711,3.771
1.659,1.035
-1.248,3.529
-1.895,2.334
-2.295,1.656
-2.317,2.349
-2.276,1.465
-2.397,1.168
-2.371,2.314
1.625,0.663
0.467,0.357
-2.675,0.429
-2.727,0.46
-0.304,4.13
-0.26,0.197
-0.352,0.12
-0.667,-0.148
-1.334,0.09
-1.51,0.134
-1.763,0.103
-1.864,0.233
-2.281,0.174
2.858,4.441
1.698,4.574
1.18,4.366
0.886,4.225
0.365,4.504
0.403,4.182
-1.231,4.313
-1.58,4.588
-1.967,4.144
2.774,3.749
0.499,3.561
0.167,3.557
-0.756,0.323
-1.479,4.22
-2.316,-0.071
-2.418,0.011
1.376,4.097
-2.603,3.039
-2.663,1.441
-2.675,1.389
-2.789,2.03
-2.882,2.584
-3.016,1.112
-3.04,1.958
3.136,2.061
3.073,1.232
-3.071,4.089
3.033,3.964
3.131,1.104
3.068,4.08
3.055,1.719
2.764,1.317
2.863,1.466
2.857,1.86
2.729,1.989
2.676,2.771
2.467,0.658
2.45,1.287
2.437,2.202
2.396,3.569
2.338,0.913
2.275,2.716
2.231,3.083
2.177,3.902
2.2,2.545
2.277,3.711
2.083,2.225
2.064,2.009
1.946,1.71
1.982,1.632
1.943,1.199
1.897,3.878
1.766,1.994
1.838,4.164
1.547,1.977
1.303,1.089
1.224,1.839
1.242,3.405
1.11,1.419
1.11,2.214
0.948,2.873
1.008,2.839
0.88,1.538
1.0,2.846
0.972,3.392
0.729,1.876
0.818,1.364
0.502,4.158
0.615,3.326
0.549,2.604
0.398,0.618
0.312,4.254
0.332,0.398
0.432,0.377
0.281,1.366
0.404,0.638
0.32,2.045
0.303,3.85
0.2,4.239
0.042,2.835
0.029,3.632
0.005,3.872
-0.053,4.237
-0.057,3.811
-0.149,2.631
-0.155,3.028
-0.301,4.207
-0.166,0.394
-0.222,1.116
-0.356,3.727
-0.249,3.99
-0.386,4.298
-0.445,1.876
-0.356,1.024
-0.368,1.65
-0.474,2.712
-0.604,2.018
-0.471,1.02
-0.632,3.955
-0.668,0.643
-0.571,1.112
-0.729,3.098
-0.642,3.721
-0.709,2.958
-0.769,2.683
-0.906,1.816
-1.037,1.813
-1.055,0.504
-1.084,4.13
-1.113,2.857
-1.283,3.9
-1.332,1.031
-1.377,0.412
-1.412,1.868
-1.317,1.693
-1.384,3.579
-1.512,2.697
-1.635,1.396
-1.538,1.267
-1.75,0.498
-2.114,1.923
-2.162,1.167
-2.195,0.446
-2.24,2.643
-2.256,2.821
-2.241,2.909
-2.276,2.05
-2.433,4.005
-2.306,2.652
-2.453,2.716
-2.479,3.897
-2.604,2.211
-2.636,3.361
-2.794,0.041
2.954,-0.12
3.055,0.219
1.798,0.012
1.505,0.231
0.847,-0.148
0.631,0.196
0.553,-0.002
0.459,0.144
-0.74,-0.096
-1.293,0.254
-2.51,0.091
-2.959,4.332
2.756,4.366
2.624,4.421
2.294,4.419
1.989,4.194
0.905,4.344
-0.344,4.381
-1.18,4.473
0.623,3.159
0.472,3.656
0.221,1.117
-0.814,0.602
1.119,1.345
-0.004,1.281
-0.904,3.022
-0.922,2.992
-1.984,2.466
-3.138,3.703
2.093,0.967
-0.814,3.461
-1.461,2.266
-1.861,1.588
-1.883,2.281
-1.842,1.397
-1.963,1.1
-1.937,2.246
2.059,0.595
0.901,0.289
-2.241,0.361
-2.293,0.392
0.13,4.062
-0.092,-0.077
-0.407,-0.345
-1.074,-0.107
-1.25,-0.063
-1.503,-0.094
-1.604,0.036
-2.021,-0.023
3.118,4.244
1.958,4.377
1.44,4.169
1.146,4.028
0.625,4.307
0.663,3.985
-0.971,4.116
-1.32,4.391
-1.707,3.947
3.034,3.552
0.759,3.364
0.427,3.36
-0.496,0.126
-1.219,4.023
-2.056,-0.268
-2.158,-0.186
1.636,3.9
-2.343,2.842
-2.403,1.244
-2.415,1.192
-2.529,1.833
-2.622,2.387
-2.756,0.915
-2.78,1.761
-2.887,1.864
-2.95,1.035
-2.811,3.892
-2.99,3.767
-2.892,0.907
-2.955,3.883
-2.968,1.522
3.024,1.12
3.123,1.269
3.117,1.663
2.989,1.792
2.936,2.574
2.727,0.461
2.71,1.09
2.697,2.005
2.656,3.372
2.598,0.716
2.535,2.519
2.491,2.886
2.437,3.705
2.46,2.348
2.537,3.514
2.343,2.028
2.324,1.812
2.206,1.513
2.242,1.435
2.203,1.002
2.157,3.681
2.026,1.797
2.098,3.967
1.807,1.78
1.563,0.892
1.484,1.642
1.502,3.208
1.37,1.222
1.37,2.017
1.208,2.676
1.268,2.642
1.14,1.341
1.26,2.649
1.232,3.195
0.989,1.679
1.078,1.167
0.762,3.961
0.875,3.129
0.809,2.407
0.658,0.421
0.572,4.057
0.592,0.201
0.692,0.18
0.541,1.169
0.664,0.441
0.58,1.848
0.563,3.653
0.46,4.042
0.302,2.638
0.289,3.435
0.265,3.675
0.207,4.04
0.203,3.614
0.111,2.434
0.105,2.831
-0.041,4.01
0.094,0.197
0.038,0.919
-0.096,3.53
0.011,3.793
-0.126,4.101
-0.185,1.679
-0.096,0.827
-0.108,1.453
-0.214,2.515
-0.344,1.821
-0.211,0.823
-0.372,3.758
-0.408,0.446
-0.311,0.915
-0.469,2.901
-0.382,3.524
-0.449,2.761
-0.509,2.486
-0.646,1.619
-0.777,1.616
-0.795,0.307
-0.824,3.933
-0.853,2.66
-1.023,3.703
-1.072,0.834
-1.117,0.215
-1.152,1.671
-1.057,1.496
-1.124,3.382
-1.252,2.5
-1.375,1.199
-1.278,1.07
-1.49,0.301
-1.854,1.726
-1.902,0.97
-1.935,0.249
-1.98,2.446
-1.996,2.624
-1.981,2.712
-2.016,1.853
-2.173,3.808
-2.046,2.455
-2.193,2.519
-2.219,3.7
-2.344,2.014
-2.376,3.164
-2.534,-0.156
-3.069,-0.317
-2.968,0.022
2.058,-0.185
1.765,0.034
1.107,-0.345
0.891,-0.001
0.813,-0.199
0.719,-0.053
-0.48,-0.293
-1.033,0.057
-2.25,-0.106
-2.699,4.135
3.016,4.169
2.884,4.224
2.554,4.222
2.249,3.997
1.165,4.147
-0.084,4.184
-0.92,4.276
0.883,2.962
0.732,3.459
0.481,0.92
-0.554,0.405
1.379,1.148
0.256,1.084
-0.644,2.825
-0.662,2.795
-1.724,2.269
-2.878,3.506
2.353,0.77
-0.554,3.264
-1.201,2.069
-1.601,1.391
-1.623,2.084
-1.582,1.2
-1.703,0.903
-1.677,2.049
2.319,0.398
1.161,0.092
-1.981,0.164
-2.033,0.195
0.39,3.865
-0.315,-0.268
-0.982,-0.03
-1.158,0.014
-1.411,-0.017
-1.512,0.113
-1.929,0.054
-3.073,4.321
2.05,4.454
1.532,4.246
1.238,4.105
0.717,4.384
0.755,4.062
-0.879,4.193
-1.228,4.468
-1.615,4.024
3.126,3.629
0.851,3.441
0.519,3.437
-0.404,0.203
-1.127,4.1
-1.964,-0.191
-2.066,-0.109
1.728,3.977
-2.251,2.919
-2.311,1.321
-2.323,1.269
-2.437,1.91
-2.53,2.464
-2.664,0.992
-2.688,1.838
-2.795,1.941
-2.858,1.112
-2.719,3.969
-2.898,3.844
-2.8,0.984
-2.863,3.96
-2.876,1.599
3.116,1.197
-3.068,1.346
-3.074,1.74
3.081,1.869
3.028,2.651
2.819,0.538
2.802,1.167
2.789,2.082
2.748,3.449
2.69,0.793
2.627,2.596
2.583,2.963
2.529,3.782
2.552,2.425
2.629,3.591
2.435,2.105
2.416,1.889
2.298,1.59
2.334,1.512
2.295,1.079
2.249,3.758
2.118,1.874
2.19,4.044
1.899,1.857
1.655,0.969
1.576,1.719
1.594,3.285
1.462,1.299
1.462,2.094
1.3,2.753
1.36,2.719
1.232,1.418
1.352,2.726
1.324,3.272
1.081,1.756
1.17,1.244
0.854,4.038
0.967,3.206
0.901,2.484
0.75,0.498
0.664,4.134
0.684,0.278
0.784,0.257
0.633,1.246
0.756,0.518
0.672,1.925
0.655,3.73
0.552,4.119
0.394,2.715
0.381,3.512
0.357,3.752
0.299,4.117
0.295,3.691
0.203,2.511
0.197,2.908
0.051,4.087
0.186,0.274
0.13,0.996
-0.004,3.607
0.103,3.87
-0.034,4.178
-0.093,1.756
-0.004,0.904
-0.016,1.53
-0.122,2.592
-0.252,1.898
-0.119,0.9
-0.28,3.835
-0.316,0.523
-0.219,0.992
-0.377,2.978
-0.29,3.601
-0.357,2.838
-0.417,2.563
-0.554,1.696
-0.685,1.693
-0.703,0.384
-0.732,4.01
-0.761,2.737
-0.931,3.78
-0.98,0.911
-1.025,0.292
-1.06,1.748
-0.965,1.573
-1.032,3.459
-1.16,2.577
-1.283,1.276
-1.186,1.147
-1.398,0.378
-1.762,1.803
-1.81,1.047
-1.843,0.326
-1.888,2.523
-1.904,2.701
-1.889,2.789
-1.924,1.93
-2.081,3.885
-1.954,2.532
-2.101,2.596
-2.127,3.777
-2.252,2.091
-2.284,3.241
-2.442,-0.079
-2.977,-0.24
-2.876,0.099
2.15,-0.108
1.857,0.111
1.199,-0.268
0.983,0.076
0.905,-0.122
0.811,0.024
-0.388,-0.216
-0.941,0.134
-2.158,-0.029
-2.607,4.212
3.108,4.246
2.976,4.301
2.646,4.299
2.341,4.074
1.257,4.224
0.008,4.261
-0.828,4.353
0.975,3.039
0.824,3.536
0.573,0.997
-0.462,0.482
1.471,1.225
0.348,1.161
-0.552,2.902
-0.57,2.872
-1.632,2.346
-2.786,3.583
2.445,0.847
-0.462,3.341
-1.109,2.146
-1.509,1.468
-1.531,2.161
-1.49,1.277
-1.611,0.98
-1.585,2.126
2.411,0.475
1.253,0.169
-1.889,0.241
-1.941,0.272
0.482,3.942
-0.667,0.238
-0.843,0.282
-1.096,0.251
-1.197,0.381
-1.614,0.322
-2.758,4.589
2.365,4.722
1.847,4.514
1.553,4.373
1.032,4.652
1.07,4.33
-0.564,4.461
-0.913,4.736
-1.3,4.292
-2.842,3.897
1.166,3.709
0.834,3.705
-0.089,0.471
-0.812,4.368
-1.649,0.077
-1.751,0.159
2.043,4.245
-1.936,3.187
-1.996,1.589
-2.008,1.537
-2.122,2.178
-2.215,2.732
-2.349,1.26
-2.373,2.106
-2.48,2.209
-2.543,1.38
-2.404,4.237
-2.583,4.112
-2.485,1.252
-2.548,4.228
-2.561,1.867
-2.852,1.465
-2.753,1.614
-2.759,2.008
-2.887,2.137
-2.94,2.919
3.134,0.806
3.117,1.435
3.104,2.35
3.063,3.717
3.005,1.061
2.942,2.864
2.898,3.231
2.844,4.05
2.867,2.693
2.944,3.859
2.75,2.373
2.731,2.157
2.613,1.858
2.649,1.78
2.61,1.347
2.564,4.026
2.433,2.142
2.505,4.312
2.214,2.125
1.97,1.237
1.891,1.987
1.909,3.553
1.777,1.567
1.777,2.362
1.615,3.021
1.675,2.987
1.547,1.686
1.667,2.994
1.639,3.54
1.396,2.024
1.485,1.512
1.169,4.306
1.282,3.474
1.216,2.752
1.065,0.766
0.979,4.402
0.999,0.546
1.099,0.525
0.948,1.514
1.071,0.786
0.987,2.193
0.97,3.998
0.867,4.387
0.709,2.983
0.696,3.78
0.672,4.02
0.614,4.385
0.61,3.959
0.518,2.779
0.512,3.176
0.366,4.355
0.501,0.542
0.445,1.264
0.311,3.875
0.418,4.138
0.281,4.446
0.222,2.024
0.311,1.172
0.299,1.798
0.193,2.86
0.063,2.166
0.196,1.168
0.035,4.103
-0.001,0.791
0.096,1.26
-0.062,3.246
0.025,3.869
-0.042,3.106
-0.102,2.831
-0.239,1.964
-0.37,1.961
-0.388,0.652
-0.417,4.278
-0.446,3.005
-0.616,4.048
-0.665,1.179
-0.71,0.56
-0.745,2.016
-0.65,1.841
-0.717,3.727
-0.845,2.845
-0.968,1.544
-0.871,1.415
-1.083,0.646
-1.447,2.071
-1.495,1.315
-1.528,0.594
-1.573,2.791
-1.589,2.969
-1.574,3.057
-1.609,2.198
-1.766,4.153
-1.639,2.8
-1.786,2.864
-1.812,4.045
-1.937,2.359
-1.969,3.509
-2.127,0.189
-2.662,0.028
-2.561,0.367
2.465,0.16
2.172,0.379
1.514,0.0
1.298,0.344
1.22,0.146
1.126,0.292
-0.073,0.052
-0.626,0.402
-1.843,0.239
-2.292,4.48
-2.86,4.514
-2.992,4.569
2.961,4.567
2.656,4.342
1.572,4.492
0.323,4.529
-0.513,4.621
1.29,3.307
1.139,3.804
0.888,1.265
-0.147,0.75
1.786,1.493
0.663,1.429
-0.237,3.17
-0.255,3.14
-1.317,2.614
-2.471,3.851
2.76,1.115
-0.147,3.609
-0.794,2.414
-1.194,1.736
-1.216,2.429
-1.175,1.545
-1.296,1.248
-1.27,2.394
2.726,0.743
1.568,0.437
-1.574,0.509
-1.626,0.54
0.797,4.21
-0.176,0.044
-0.429,0.013
-0.53,0.143
-0.947,0.084
-2.091,4.351
3.032,4.484
2.514,4.276
2.22,4.135
1.699,4.414
1.737,4.092
0.103,4.223
-0.246,4.498
-0.633,4.054
-2.175,3.659
1.833,3.471
1.501,3.467
0.578,0.233
-0.145,4.13
-0.982,-0.161
-1.084,-0.079
2.71,4.007
-1.269,2.949
-1.329,1.351
-1.341,1.299
-1.455,1.94
-1.548,2.494
-1.682,1.022
-1.706,1.868
-1.813,1.971
-1.876,1.142
-1.737,3.999
-1.916,3.874
-1.818,1.014
-1.881,3.99
-1.894,1.629
-2.185,1.227
-2.086,1.376
-2.092,1.77
-2.22,1.899
-2.273,2.681
-2.482,0.568
-2.499,1.197
-2.512,2.112
-2.553,3.479
-2.611,0.823
-2.674,2.626
-2.718,2.993
-2.772,3.812
-2.749,2.455
-2.672,3.621
-2.866,2.135
-2.885,1.919
-3.003,1.62
-2.967,1.542
-3.006,1.109
-3.052,3.788
3.1,1.904
-3.111,4.074
2.881,1.887
2.637,0.999
2.558,1.749
2.576,3.315
2.444,1.329
2.444,2.124
2.282,2.783
2.342,2.749
2.214,1.448
2.334,2.756
2.306,3.302
2.063,1.786
2.152,1.274
1.836,4.068
1.949,3.236
1.883,2.514
1.732,0.528
1.646,4.164
1.666,0.308
1.766,0.287
1.615,1.276
1.738,0.548
1.654,1.955
1.637,3.76
1.534,4.149
1.376,2.745
1.363,3.542
1.339,3.782
1.281,4.147
1.277,3.721
1.185,2.541
1.179,2.938
1.033,4.117
1.168,0.304
1.112,1.026
0.978,3.637
1.085,3.9
0.948,4.208
0.889,1.786
0.978,0.934
0.966,1.56
0.86,2.622
0.73,1.928
0.863,0.93
0.702,3.865
0.666,0.553
0.763,1.022
0.605,3.008
0.692,3.631
0.625,2.868
0.565,2.593
0.428,1.726
0.297,1.723
0.279,0.414
0.25,4.04
0.221,2.767
0.051,3.81
0.002,0.941
-0.043,0.322
-0.078,1.778
0.017,1.603
-0.05,3.489
-0.178,2.607
-0.301,1.306
-0.204,1.177
-0.416,0.408
-0.78,1.833
-0.828,1.077
-0.861,0.356
-0.906,2.553
-0.922,2.731
-0.907,2.819
-0.942,1.96
-1.099,3.915
-0.972,2.562
-1.119,2.626
-1.145,3.807
-1.27,2.121
-1.302,3.271
-1.46,-0.049
-1.995,-0.21
-1.894,0.129
3.132,-0.078
2.839,0.141
2.181,-0.238
1.965,0.106
1.887,-0.092
1.793,0.054
0.594,-0.186
0.041,0.164
-1.176,0.001
-1.625,4.242
-2.193,4.276
-2.325,4.331
-2.655,4.329
-2.96,4.104
2.239,4.254
0.99,4.291
0.154,4.383
1.957,3.069
1.806,3.566
1.555,1.027
0.52,0.512
2.453,1.255
1.33,1.191
0.43,2.932
0.412,2.902
-0.65,2.376
-1.804,3.613
-2.856,0.877
0.52,3.371
-0.127,2.176
-0.527,1.498
-0.549,2.191
-0.508,1.307
-0.629,1.01
-0.603,2.156
-2.89,0.505
2.235,0.199
-0.907,0.271
-0.959,0.302
1.464,3.972
-0.253,-0.031
-0.354,0.099
-0.771,0.04
-1.915,4.307
-3.075,4.44
2.69,4.232
2.396,4.091
1.875,4.37
1.913,4.048
0.279,4.179
-0.07,4.454
-0.457,4.01
-1.999,3.615
2.009,3.427
1.677,3.423
0.754,0.189
0.031,4.086
-0.806,-0.205
-0.908,-0.123
2.886,3.963
-1.093,2.905
-1.153,1.307
-1.165,1.255
-1.279,1.896
-1.372,2.45
-1.506,0.978
-1.53,1.824
-1.637,1.927
-1.7,1.098
-1.561,3.955
-1.74,3.83
-1.642,0.97
-1.705,3.946
-1.718,1.585
-2.009,1.183
-1.91,1.332
-1.916,1.726
-2.044,1.855
-2.097,2.637
-2.306,0.524
-2.323,1.153
-2.336,2.068
-2.377,3.435
-2.435,0.779
-2.498,2.582
-2.542,2.949
-2.596,3.768
-2.573,2.411
-2.496,3.577
-2.69,2.091
-2.709,1.875
-2.827,1.576
-2.791,1.498
-2.83,1.065
-2.876,3.744
-3.007,1.86
-2.935,4.03
3.057,1.843
2.813,0.955
2.734,1.705
2.752,3.271
2.62,1.285
2.62,2.08
2.458,2.739
2.518,2.705
2.39,1.404
2.51,2.712
2.482,3.258
2.239,1.742
2.328,1.23
2.012,4.024
2.125,3.192
2.059,2.47
1.908,0.484
1.822,4.12
1.842,0.264
1.942,0.243
1.791,1.232
1.914,0.504
1.83,1.911
1.813,3.716
1.71,4.105
1.552,2.701
1.539,3.498
1.515,3.738
1.457,4.103
1.453,3.677
1.361,2.497
1.355,2.894
1.209,4.073
1.344,0.26
1.288,0.982
1.154,3.593
1.261,3.856
1.124,4.164
1.065,1.742
1.154,0.89
1.142,1.516
1.036,2.578
0.906,1.884
1.039,0.886
0.878,3.821
0.842,0.509
0.939,0.978
0.781,2.964
0.868,3.587
0.801,2.824
0.741,2.549
0.604,1.682
0.473,1.679
0.455,0.37
0.426,3.996
0.397,2.723
0.227,3.766
0.178,0.897
0.133,0.278
0.098,1.734
0.193,1.559
0.126,3.445
-0.002,2.563
-0.125,1.262
-0.028,1.133
-0.24,0.364
-0.604,1.789
-0.652,1.033
-0.685,0.312
-0.73,2.509
-0.746,2.687
-0.731,2.775
-0.766,1.916
-0.923,3.871
-0.796,2.518
-0.943,2.582
-0.969,3.763
-1.094,2.077
-1.126,3.227
-1.284,-0.093
-1.819,-0.254
-1.718,0.085
-2.975,-0.122
3.015,0.097
2.357,-0.282
2.141,0.062
2.063,-0.136
1.969,0.01
0.77,-0.23
0.217,0.12
-1.0,-0.043
-1.449,4.198
-2.017,4.232
-2.149,4.287
-2.479,4.285
-2.784,4.06
2.415,4.21
1.166,4.247
0.33,4.339
2.133,3.025
1.982,3.522
1.731,0.983
0.696,0.468
2.629,1.211
1.506,1.147
0.606,2.888
0.588,2.858
-0.474,2.332
-1.628,3.569
-2.68,0.833
0.696,3.327
0.049,2.132
-0.351,1.454
-0.373,2.147
-0.332,1.263
-0.453,0.966
-0.427,2.112
-2.714,0.461
2.411,0.155
-0.731,0.227
-0.783,0.258
1.64,3.928
-0.101,0.13
-0.518,0.071
-1.662,4.338
-2.822,4.471
2.943,4.263
2.649,4.122
2.128,4.401
2.166,4.079
0.532,4.21
0.183,4.485
-0.204,4.041
-1.746,3.646
2.262,3.458
1.93,3.454
1.007,0.22
0.284,4.117
-0.553,-0.174
-0.655,-0.092
3.139,3.994
-0.84,2.936
-0.9,1.338
-0.912,1.286
-1.026,1.927
-1.119,2.481
-1.253,1.009
-1.277,1.855
-1.384,1.958
-1.447,1.129
-1.308,3.986
-1.487,3.861
-1.389,1.001
-1.452,3.977
-1.465,1.616
-1.756,1.214
-1.657,1.363
-1.663,1.757
-1.791,1.886
-1.844,2.668
-2.053,0.555
-2.07,1.184
-2.083,2.099
-2.124,3.466
-2.182,0.81
-2.245,2.613
-2.289,2.98
-2.343,3.799
-2.32,2.442
-2.243,3.608
-2.437,2.122
-2.456,1.906
-2.574,1.607
-2.538,1.529
-2.577,1.096
-2.623,3.775
-2.754,1.891
-2.682,4.061
-2.973,1.874
3.066,0.986
2.987,1.736
3.005,3.302
2.873,1.316
2.873,2.111
2.711,2.77
2.771,2.736
2.643,1.435
2.763,2.743
2.735,3.289
2.492,1.773
2.581,1.261
2.265,4.055
2.378,3.223
2.312,2.501
2.161,0.515
2.075,4.151
2.095,0.295
2.195,0.274
2.044,1.263
2.167,0.535
2.083,1.942
2.066,3.747
1.963,4.136
1.805,2.732
1.792,3.529
1.768,3.769
1.71,4.134
1.706,3.708
1.614,2.528
1.608,2.925
1.462,4.104
1.597,0.291
1.541,1.013
1.407,3.624
1.514,3.887
1.377,4.195
1.318,1.773
1.407,0.921
1.395,1.547
1.289,2.609
1.159,1.915
1.292,0.917
1.131,3.852
1.095,0.54
1.192,1.009
1.034,2.995
1.121,3.618
1.054,2.855
0.994,2.58
0.857,1.713
0.726,1.71
0.708,0.401
0.679,4.027
0.65,2.754
0.48,3.797
0.431,0.928
0.386,0.309
0.351,1.765
0.446,1.59
0.379,3.476
0.251,2.594
0.128,1.293
0.225,1.164
0.013,0.395
-0.351,1.82
-0.399,1.064
-0.432,0.343
-0.477,2.54
-0.493,2.718
-0.478,2.806
-0.513,1.947
-0.67,3.902
-0.543,2.549
-0.69,2.613
-0.716,3.794
-0.841,2.108
-0.873,3.258
-1.031,-0.062
-1.566,-0.223
-1.465,0.116
-2.722,-0.091
-3.015,0.128
2.61,-0.251
2.394,0.093
2.316,-0.105
2.222,0.041
1.023,-0.199
0.47,0.151
-0.747,-0.012
-1.196,4.229
-1.764,4.263
-1.896,4.318
-2.226,4.316
-2.531,4.091
2.668,4.241
1.419,4.278
0.583,4.37
2.386,3.056
2.235,3.553
1.984,1.014
0.949,0.499
2.882,1.242
1.759,1.178
0.859,2.919
0.841,2.889
-0.221,2.363
-1.375,3.6
-2.427,0.864
0.949,3.358
0.302,2.163
-0.098,1.485
-0.12,2.178
-0.079,1.294
-0.2,0.997
-0.174,2.143
-2.461,0.492
2.664,0.186
-0.478,0.258
-0.53,0.289
1.893,3.959
-0.417,-0.059
-1.561,4.208
-2.721,4.341
3.044,4.133
2.75,3.992
2.229,4.271
2.267,3.949
0.633,4.08
0.284,4.355
-0.103,3.911
-1.645,3.516
2.363,3.328
2.031,3.324
1.108,0.09
0.385,3.987
-0.452,-0.304
-0.554,-0.222
-3.043,3.864
-0.739,2.806
-0.799,1.208
-0.811,1.156
-0.925,1.797
-1.018,2.351
-1.152,0.879
-1.176,1.725
-1.283,1.828
-1.346,0.999
-1.207,3.856
-1.386,3.731
-1.288,0.871
-1.351,3.847
-1.364,1.486
-1.655,1.084
-1.556,1.233
-1.562,1.627
-1.69,1.756
-1.743,2.538
-1.952,0.425
-1.969,1.054
-1.982,1.969
-2.023,3.336
-2.081,0.68
-2.144,2.483
-2.188,2.85
-2.242,3.669
-2.219,2.312
-2.142,3.478
-2.336,1.992
-2.355,1.776
-2.473,1.477
-2.437,1.399
-2.476,0.966
-2.522,3.645
-2.653,1.761
-2.581,3.931
-2.872,1.744
-3.116,0.856
3.088,1.606
3.106,3.172
2.974,1.186
2.974,1.981
2.812,2.64
2.872,2.606
2.744,1.305
2.864,2.613
2.836,3.159
2.593,1.643
2.682,1.131
2.366,3.925
2.479,3.093
2.413,2.371
2.262,0.385
2.176,4.021
2.196,0.165
2.296,0.144
2.145,1.133
2.268,0.405
2.184,1.812
2.167,3.617
2.064,4.006
1.906,2.602
1.893,3.399
1.869,3.639
1.811,4.004
1.807,3.578
1.715,2.398
1.709,2.795
1.563,3.974
1.698,0.161
1.642,0.883
1.508,3.494
1.615,3.757
1.478,4.065
1.419,1.643
1.508,0.791
1.496,1.417
1.39,2.479
1.26,1.785
1.393,0.787
1.232,3.722
1.196,0.41
1.293,0.879
1.135,2.865
1.222,3.488
1.155,2.725
1.095,2.45
0.958,1.583
0.827,1.58
0.809,0.271
0.78,3.897
0.751,2.624
0.581,3.667
0.532,0.798
0.487,0.179
0.452,1.635
0.547,1.46
0.48,3.346
0.352,2.464
0.229,1.163
0.326,1.034
0.114,0.265
-0.25,1.69
-0.298,0.934
-0.331,0.213
-0.376,2.41
-0.392,2.588
-0.377,2.676
-0.412,1.817
-0.569,3.772
-0.442,2.419
-0.589,2.483
-0.615,3.664
-0.74,1.978
-0.772,3.128
-0.93,-0.192
-1.465,-0.353
-1.364,-0.014
-2.621,-0.221
-2.914,-0.002
2.711,-0.381
2.495,-0.037
2.417,-0.235
2.323,-0.089
1.124,-0.329
0.571,0.021
-0.646,-0.142
-1.095,4.099
-1.663,4.133
-1.795,4.188
-2.125,4.186
-2.43,3.961
2.769,4.111
1.52,4.148
0.684,4.24
2.487,2.926
2.336,3.423
2.085,0.884
1.05,0.369
2.983,1.112
1.86,1.048
0.96,2.789
0.942,2.759
-0.12,2.233
-1.274,3.47
-2.326,0.734
1.05,3.228
0.403,2.033
0.003,1.355
-0.019,2.048
0.022,1.164
-0.099,0.867
-0.073,2.013
-2.36,0.362
2.765,0.056
-0.377,0.128
-0.429,0.159
1.994,3.829
-1.144,4.267
-2.304,4.4
-2.822,4.192
-3.116,4.051
2.646,4.33
2.684,4.008
1.05,4.139
0.701,4.414
0.314,3.97
-1.228,3.575
2.78,3.387
2.448,3.383
1.525,0.149
0.802,4.046
-0.035,-0.245
-0.137,-0.163
-2.626,3.923
-0.322,2.865
-0.382,1.267
-0.394,1.215
-0.508,1.856
-0.601,2.41
-0.735,0.938
-0.759,1.784
-0.866,1.887
-0.929,1.058
-0.79,3.915
-0.969,3.79
-0.871,0.93
-0.934,3.906
-0.947,1.545
-1.238,1.143
-1.139,1.292
-1.145,1.686
-1.273,1.815
-1.326,2.597
-1.535,0.484
-1.552,1.113
-1.565,2.028
-1.606,3.395
-1.664,0.739
-1.727,2.542
-1.771,2.909
-1.825,3.728
-1.802,2.371
-1.725,3.537
-1.919,2.051
-1.938,1.835
-2.056,1.536
-2.02,1.458
-2.059,1.025
-2.105,3.704
-2.236,1.82
-2.164,3.99
-2.455,1.803
-2.699,0.915
-2.778,1.665
-2.76,3.231
-2.892,1.245
-2.892,2.04
-3.054,2.699
-2.994,2.665
-3.122,1.364
-3.002,2.672
-3.03,3.218
3.01,1.702
3.099,1.19
2.783,3.984
2.896,3.152
2.83,2.43
2.679,0.444
2.593,4.08
2.613,0.224
2.713,0.203
2.562,1.192
2.685,0.464
2.601,1.871
2.584,3.676
2.481,4.065
2.323,2.661
2.31,3.458
2.286,3.698
2.228,4.063
2.224,3.637
2.132,2.457
2.126,2.854
1.98,4.033
2.115,0.22
2.059,0.942
1.925,3.553
2.032,3.816
1.895,4.124
1.836,1.702
1.925,0.85
1.913,1.476
1.807,2.538
1.677,1.844
1.81,0.846
1.649,3.781
1.613,0.469
1.71,0.938
1.552,2.924
1.639,3.547
1.572,2.784
1.512,2.509
1.375,1.642
1.244,1.639
1.226,0.33
1.197,3.956
1.168,2.683
0.998,3.726
0.949,0.857
0.904,0.238
0.869,1.694
0.964,1.519
0.897,3.405
0.769,2.523
0.646,1.222
0.743,1.093
0.531,0.324
0.167,1.749
0.119,0.993
0.086,0.272
0.041,2.469
0.025,2.647
0.04,2.735
0.005,1.876
-0.152,3.831
-0.025,2.478
-0.172,2.542
-0.198,3.723
-0.323,2.037
-0.355,3.187
-0.513,-0.133
-1.048,-0.294
-0.947,0.045
-2.204,-0.162
-2.497,0.057
3.128,-0.322
2.912,0.022
2.834,-0.176
2.74,-0.03
1.541,-0.27
0.988,0.08
-0.229,-0.083
-0.678,4.158
-1.246,4.192
-1.378,4.247
-1.708,4.245
-2.013,4.02
-3.097,4.17
1.937,4.207
1.101,4.299
2.904,2.985
2.753,3.482
2.502,0.943
1.467,0.428
-2.883,1.171
2.277,1.107
1.377,2.848
1.359,2.818
0.297,2.292
-0.857,3.529
-1.909,0.793
1.467,3.287
0.82,2.092
0.42,1.414
0.398,2.107
0.439,1.223
0.318,0.926
0.344,2.072
-1.943,0.421
-3.101,0.115
0.04,0.187
-0.012,0.218
2.411,3.888
-1.16,0.133
-1.678,-0.075
-1.972,-0.216
-2.493,0.063
-2.455,-0.259
2.194,-0.128
1.845,0.147
1.458,-0.297
-0.084,-0.692
-2.359,-0.88
-2.691,-0.884
2.669,-4.118
1.946,-0.221
1.109,-4.512
1.007,-4.43
-1.482,-0.344
0.822,-1.402
0.762,-3.0
0.75,-3.052
0.636,-2.411
0.543,-1.857
0.409,-3.329
0.385,-2.483
0.278,-2.38
0.215,-3.209
0.354,-0.352
0.175,-0.477
0.273,-3.337
0.21,-0.361
0.197,-2.722
-0.094,-3.124
0.005,-2.975
-0.001,-2.581
-0.129,-2.452
-0.182,-1.67
-0.391,-3.783
-0.408,-3.154
-0.421,-2.239
-0.462,-0.872
-0.52,-3.528
-0.583,-1.725
-0.627,-1.358
-0.681,-0.539
-0.658,-1.896
-0.581,-0.73
-0.775,-2.216
-0.794,-2.432
-0.912,-2.731
-0.876,-2.809
-0.915,-3.242
-0.961,-0.563
-1.092,-2.447
-1.02,-0.277
-1.311,-2.464
-1.555,-3.352
-1.634,-2.602
-1.616,-1.036
-1.748,-3.022
-1.748,-2.227
-1.91,-1.568
-1.85,-1.602
-1.978,-2.903
-1.858,-1.595
-1.886,-1.049
-2.129,-2.565
-2.04,-3.077
-2.356,-0.283
-2.243,-1.115
-2.309,-1.837
-2.46,-3.823
-2.546,-0.187
-2.526,-4.043
-2.426,-4.064
-2.577,-3.075
-2.454,-3.803
-2.538,-2.396
-2.555,-0.591
-2.658,-0.202
-2.816,-1.606
-2.829,-0.809
-2.853,-0.569
-2.911,-0.204
-2.915,-0.63
-3.007,-1.81
-3.013,-1.413
3.124,-0.234
-3.024,-4.047
-3.08,-3.325
3.069,-0.714
-3.107,-0.451
3.039,-0.143
2.98,-2.565
3.069,-3.417
3.057,-2.791
2.951,-1.729
2.821,-2.423
2.954,-3.421
2.793,-0.486
2.757,-3.798
2.854,-3.329
2.696,-1.343
2.783,-0.72
2.716,-1.483
2.656,-1.758
2.519,-2.625
2.388,-2.628
2.37,-3.937
2.341,-0.311
2.312,-1.584
2.142,-0.541
2.093,-3.41
2.048,-4.029
2.013,-2.573
2.108,-2.748
2.041,-0.862
1.913,-1.744
1.79,-3.045
1.887,-3.174
1.675,-3.943
1.311,-2.518
1.263,-3.274
1.23,-3.995
1.185,-1.798
1.169,-1.62
1.184,-1.532
1.149,-2.391
0.992,-0.436
1.119,-1.789
0.972,-1.725
0.946,-0.544
0.821,-2.23
0.789,-1.08
0.631,-4.4
0.096,-4.561
0.197,-4.222
-1.06,-4.429
-1.353,-4.21
-2.011,-4.589
-2.227,-4.245
-2.305,-4.443
-2.399,-4.297
2.685,-4.537
2.132,-4.187
0.915,-4.35
0.466,-0.109
-0.102,-0.075
-0.234,-0.02
-0.564,-0.022
-0.869,-0.247
-1.953,-0.097
3.081,-0.06
2.245,0.032
-2.235,-1.282
-2.386,-0.785
-2.637,-3.324
2.611,-3.839
-1.739,-3.096
-2.862,-3.16
2.521,-1.419
2.503,-1.449
1.441,-1.975
0.287,-0.738
-0.765,-3.474
2.611,-0.98
1.964,-2.175
1.564,-2.853
1.542,-2.16
1.583,-3.044
1.462,-3.341
1.488,-2.195
-0.799,-3.846
-1.957,-4.152
1.184,-4.08
1.132,-4.049
-2.728,-0.379
-0.518,-0.208
-0.812,-0.349
-1.333,-0.07
-1.295,-0.392
-2.929,-0.261
3.005,0.014
2.618,-0.43
1.076,-0.825
-1.199,-1.013
-1.531,-1.017
-2.454,-4.251
3.106,-0.354
2.269,-4.645
2.167,-4.563
-0.322,-0.477
1.982,-1.535
1.922,-3.133
1.91,-3.185
1.796,-2.544
1.703,-1.99
1.569,-3.462
1.545,-2.616
1.438,-2.513
1.375,-3.342
1.514,-0.485
1.335,-0.61
1.433,-3.47
1.37,-0.494
1.357,-2.855
1.066,-3.257
1.165,-3.108
1.159,-2.714
1.031,-2.585
0.978,-1.803
0.769,-3.916
0.752,-3.287
0.739,-2.372
0.698,-1.005
0.64,-3.661
0.577,-1.858
0.533,-1.491
0.479,-0.672
0.502,-2.029
0.579,-0.863
0.385,-2.349
0.366,-2.565
0.248,-2.864
0.284,-2.942
0.245,-3.375
0.199,-0.696
0.068,-2.58
0.14,-0.41
-0.151,-2.597
-0.395,-3.485
-0.474,-2.735
-0.456,-1.169
-0.588,-3.155
-0.588,-2.36
-0.75,-1.701
-0.69,-1.735
-0.818,-3.036
-0.698,-1.728
-0.726,-1.182
-0.969,-2.698
-0.88,-3.21
-1.196,-0.416
-1.083,-1.248
-1.149,-1.97
-1.3,-3.956
-1.386,-0.32
-1.366,-4.176
-1.266,-4.197
-1.417,-3.208
-1.294,-3.936
-1.378,-2.529
-1.395,-0.724
-1.498,-0.335
-1.656,-1.739
-1.669,-0.942
-1.693,-0.702
-1.751,-0.337
-1.755,-0.763
-1.847,-1.943
-1.853,-1.546
-1.999,-0.367
-1.864,-4.18
-1.92,-3.458
-2.054,-0.847
-1.947,-0.584
-2.084,-0.276
-2.143,-2.698
-2.054,-3.55
-2.066,-2.924
-2.172,-1.862
-2.302,-2.556
-2.169,-3.554
-2.33,-0.619
-2.366,-3.931
-2.269,-3.462
-2.427,-1.476
-2.34,-0.853
-2.407,-1.616
-2.467,-1.891
-2.604,-2.758
-2.735,-2.761
-2.753,-4.07
-2.782,-0.444
-2.811,-1.717
-2.981,-0.674
-3.03,-3.543
-3.075,-4.162
-3.11,-2.706
-3.015,-2.881
-3.082,-0.995
3.073,-1.877
2.95,-3.178
3.047,-3.307
2.835,-4.076
2.471,-2.651
2.423,-3.407
2.39,-4.128
2.345,-1.931
2.329,-1.753
2.344,-1.665
2.309,-2.524
2.152,-0.569
2.279,-1.922
2.132,-1.858
2.106,-0.677
1.981,-2.363
1.949,-1.213
1.791,-4.533
1.256,-4.694
1.357,-4.355
0.1,-4.562
-0.193,-4.343
-0.851,-4.722
-1.067,-4.378
-1.145,-4.576
-1.239,-4.43
-2.438,-4.67
-2.991,-4.32
2.075,-4.483
1.626,-0.242
1.058,-0.208
0.926,-0.153
0.596,-0.155
0.291,-0.38
-0.793,-0.23
-2.042,-0.193
-2.878,-0.101
-1.075,-1.415
-1.226,-0.918
-1.477,-3.457
-2.512,-3.972
-0.579,-3.229
-1.702,-3.293
-2.602,-1.552
-2.62,-1.582
2.601,-2.108
1.447,-0.871
0.395,-3.607
-2.512,-1.113
3.124,-2.308
2.724,-2.986
2.702,-2.293
2.743,-3.177
2.622,-3.474
2.648,-2.328
0.361,-3.979
-0.797,-4.285
2.344,-4.213
2.292,-4.182
-1.568,-0.512
-0.294,-0.141
-0.815,0.138
-0.777,-0.184
-2.411,-0.053
-2.76,0.222
3.136,-0.222
1.594,-0.617
-0.681,-0.805
-1.013,-0.809
-1.936,-4.043
-2.659,-0.146
2.787,-4.437
2.685,-4.355
0.196,-0.269
2.5,-1.327
2.44,-2.925
2.428,-2.977
2.314,-2.336
2.221,-1.782
2.087,-3.254
2.063,-2.408
1.956,-2.305
1.893,-3.134
2.032,-0.277
1.853,-0.402
1.951,-3.262
1.888,-0.286
1.875,-2.647
1.584,-3.049
1.683,-2.9
1.677,-2.506
1.549,-2.377
1.496,-1.595
1.287,-3.708
1.27,-3.079
1.257,-2.164
1.216,-0.797
1.158,-3.453
1.095,-1.65
1.051,-1.283
0.997,-0.464
1.02,-1.821
1.097,-0.655
0.903,-2.141
0.884,-2.357
0.766,-2.656
0.802,-2.734
0.763,-3.167
0.717,-0.488
0.586,-2.372
0.658,-0.202
0.367,-2.389
0.123,-3.277
0.044,-2.527
0.062,-0.961
-0.07,-2.947
-0.07,-2.152
-0.232,-1.493
-0.172,-1.527
-0.3,-2.828
-0.18,-1.52
-0.208,-0.974
-0.451,-2.49
-0.362,-3.002
-0.678,-0.208
-0.565,-1.04
-0.631,-1.762
-0.782,-3.748
-0.868,-0.112
-0.848,-3.968
-0.748,-3.989
-0.899,-3.0
-0.776,-3.728
-0.86,-2.321
-0.877,-0.516
-0.98,-0.127
-1.138,-1.531
-1.151,-0.734
-1.175,-0.494
-1.233,-0.129
-1.237,-0.555
-1.329,-1.735
-1.335,-1.338
-1.481,-0.159
-1.346,-3.972
-1.402,-3.25
-1.536,-0.639
-1.429,-0.376
-1.566,-0.068
-1.625,-2.49
-1.536,-3.342
-1.548,-2.716
-1.654,-1.654
-1.784,-2.348
-1.651,-3.346
-1.812,-0.411
-1.848,-3.723
-1.751,-3.254
-1.909,-1.268
-1.822,-0.645
-1.889,-1.408
-1.949,-1.683
-2.086,-2.55
-2.217,-2.553
-2.235,-3.862
-2.264,-0.236
-2.293,-1.509
-2.463,-0.466
-2.512,-3.335
-2.557,-3.954
-2.592,-2.498
-2.497,-2.673
-2.564,-0.787
-2.692,-1.669
-2.815,-2.97
-2.718,-3.099
-2.93,-3.868
2.989,-2.443
2.941,-3.199
2.908,-3.92
2.863,-1.723
2.847,-1.545
2.862,-1.457
2.827,-2.316
2.67,-0.361
2.797,-1.714
2.65,-1.65
2.624,-0.469
2.499,-2.155
2.467,-1.005
2.309,-4.325
1.774,-4.486
1.875,-4.147
0.618,-4.354
0.325,-4.135
-0.333,-4.514
-0.549,-4.17
-0.627,-4.368
-0.721,-4.222
-1.92,-4.462
-2.473,-4.112
2.593,-4.275
2.144,-0.034
1.576,0.0
1.444,0.055
1.114,0.053
0.809,-0.172
-0.275,-0.022
-1.524,0.015
-2.36,0.107
-0.557,-1.207
-0.708,-0.71
-0.959,-3.249
-1.994,-3.764
-0.061,-3.021
-1.184,-3.085
-2.084,-1.344
-2.102,-1.374
3.119,-1.9
1.965,-0.663
0.913,-3.399
-1.994,-0.905
-2.641,-2.1
-3.041,-2.778
-3.063,-2.085
-3.022,-2.969
3.14,-3.266
-3.117,-2.12
0.879,-3.771
-0.279,-4.077
2.862,-4.005
2.81,-3.974
-1.05,-0.304
-0.521,0.279
-0.483,-0.043
-2.117,0.088
-2.466,0.363
-2.853,-0.081
1.888,-0.476
-0.387,-0.664
-0.719,-0.668
-1.642,-3.902
-2.365,-0.005
3.081,-4.296
2.979,-4.214
0.49,-0.128
2.794,-1.186
2.734,-2.784
2.722,-2.836
2.608,-2.195
2.515,-1.641
2.381,-3.113
2.357,-2.267
2.25,-2.164
2.187,-2.993
2.326,-0.136
2.147,-0.261
2.245,-3.121
2.182,-0.145
2.169,-2.506
1.878,-2.908
1.977,-2.759
1.971,-2.365
1.843,-2.236
1.79,-1.454
1.581,-3.567
1.564,-2.938
1.551,-2.023
1.51,-0.656
1.452,-3.312
1.389,-1.509
1.345,-1.142
1.291,-0.323
1.314,-1.68
1.391,-0.514
1.197,-2.0
1.178,-2.216
1.06,-2.515
1.096,-2.593
1.057,-3.026
1.011,-0.347
0.88,-2.231
0.952,-0.061
0.661,-2.248
0.417,-3.136
0.338,-2.386
0.356,-0.82
0.224,-2.806
0.224,-2.011
0.062,-1.352
0.122,-1.386
-0.006,-2.687
0.114,-1.379
0.086,-0.833
-0.157,-2.349
-0.068,-2.861
-0.384,-0.067
-0.271,-0.899
-0.337,-1.621
-0.488,-3.607
-0.574,0.029
-0.554,-3.827
-0.454,-3.848
-0.605,-2.859
-0.482,-3.587
-0.566,-2.18
-0.583,-0.375
-0.686,0.014
-0.844,-1.39
-0.857,-0.593
-0.881,-0.353
-0.939,0.012
-0.943,-0.414
-1.035,-1.594
-1.041,-1.197
-1.187,-0.018
-1.052,-3.831
-1.108,-3.109
-1.242,-0.498
-1.135,-0.235
-1.272,0.073
-1.331,-2.349
-1.242,-3.201
-1.254,-2.575
-1.36,-1.513
-1.49,-2.207
-1.357,-3.205
-1.518,-0.27
-1.554,-3.582
-1.457,-3.113
-1.615,-1.127
-1.528,-0.504
-1.595,-1.267
-1.655,-1.542
-1.792,-2.409
-1.923,-2.412
-1.941,-3.721
-1.97,-0.095
-1.999,-1.368
-2.169,-0.325
-2.218,-3.194
-2.263,-3.813
-2.298,-2.357
-2.203,-2.532
-2.27,-0.646
-2.398,-1.528
-2.521,-2.829
-2.424,-2.958
-2.636,-3.727
-3.0,-2.302
-3.048,-3.058
-3.081,-3.779
-3.126,-1.582
3.141,-1.404
-3.127,-1.316
3.121,-2.175
2.964,-0.22
3.091,-1.573
2.944,-1.509
2.918,-0.328
2.793,-2.014
2.761,-0.864
2.603,-4.184
2.068,-4.345
2.169,-4.006
0.912,-4.213
0.619,-3.994
-0.039,-4.373
-0.255,-4.029
-0.333,-4.227
-0.427,-4.081
-1.626,-4.321
-2.179,-3.971
2.887,-4.134
2.438,0.107
1.87,0.141
1.738,0.196
1.408,0.194
1.103,-0.031
0.019,0.119
-1.23,0.156
-2.066,0.248
-0.263,-1.066
-0.414,-0.569
-0.665,-3.108
-1.7,-3.623
0.233,-2.88
-0.89,-2.944
-1.79,-1.203
-1.808,-1.233
-2.87,-1.759
2.259,-0.522
1.207,-3.258
-1.7,-0.764
-2.347,-1.959
-2.747,-2.637
-2.769,-1.944
-2.728,-2.828
-2.849,-3.125
-2.823,-1.979
1.173,-3.63
0.015,-3.936
-3.127,-3.864
3.104,-3.833
-0.756,-0.163
0.038,-0.322
-1.596,-0.191
-1.945,0.084
-2.332,-0.36
2.409,-0.755
0.134,-0.943
-0.198,-0.947
-1.121,-4.181
-1.844,-0.284
-2.681,-4.575
-2.783,-4.493
1.011,-0.407
-2.968,-1.465
-3.028,-3.063
-3.04,-3.115
3.129,-2.474
3.036,-1.92
2.902,-3.392
2.878,-2.546
2.771,-2.443
2.708,-3.272
2.847,-0.415
2.668,-0.54
2.766,-3.4
2.703,-0.424
2.69,-2.785
2.399,-3.187
2.498,-3.038
2.492,-2.644
2.364,-2.515
2.311,-1.733
2.102,-3.846
2.085,-3.217
2.072,-2.302
2.031,-0.935
1.973,-3.591
1.91,-1.788
1.866,-1.421
1.812,-0.602
1.835,-1.959
1.912,-0.793
1.718,-2.279
1.699,-2.495
1.581,-2.794
1.617,-2.872
1.578,-3.305
1.532,-0.626
1.401,-2.51
1.473,-0.34
1.182,-2.527
0.938,-3.415
0.859,-2.665
0.877,-1.099
0.745,-3.085
0.745,-2.29
0.583,-1.631
0.643,-1.665
0.515,-2.966
0.635,-1.658
0.607,-1.112
0.364,-2.628
0.453,-3.14
0.137,-0.346
0.25,-1.178
0.184,-1.9
0.033,-3.886
-0.053,-0.25
-0.033,-4.106
0.067,-4.127
-0.084,-3.138
0.039,-3.866
-0.045,-2.459
-0.062,-0.654
-0.165,-0.265
-0.323,-1.669
-0.336,-0.872
-0.36,-0.632
-0.418,-0.267
-0.422,-0.693
-0.514,-1.873
-0.52,-1.476
-0.666,-0.297
-0.531,-4.11
-0.587,-3.388
-0.721,-0.777
-0.614,-0.514
-0.751,-0.206
-0.81,-2.628
-0.721,-3.48
-0.733,-2.854
-0.839,-1.792
-0.969,-2.486
-0.836,-3.484
-0.997,-0.549
-1.033,-3.861
-0.936,-3.392
-1.094,-1.406
-1.007,-0.783
-1.074,-1.546
-1.134,-1.821
-1.271,-2.688
-1.402,-2.691
-1.42,-4.0
-1.449,-0.374
-1.478,-1.647
-1.648,-0.604
-1.697,-3.473
-1.742,-4.092
-1.777,-2.636
-1.682,-2.811
-1.749,-0.925
-1.877,-1.807
-2.0,-3.108
-1.903,-3.237
-2.115,-4.006
-2.479,-2.581
-2.527,-3.337
-2.56,-4.058
-2.605,-1.861
-2.621,-1.683
-2.606,-1.595
-2.641,-2.454
-2.798,-0.499
-2.671,-1.852
-2.818,-1.788
-2.844,-0.607
-2.969,-2.293
-3.001,-1.143
3.124,-4.463
2.589,-4.624
2.69,-4.285
1.433,-4.492
1.14,-4.273
0.482,-4.652
0.266,-4.308
0.188,-4.506
0.094,-4.36
-1.105,-4.6
-1.658,-4.25
-2.875,-4.413
2.959,-0.172
2.391,-0.138
2.259,-0.083
1.929,-0.085
1.624,-0.31
0.54,-0.16
-0.709,-0.123
-1.545,-0.031
0.258,-1.345
0.107,-0.848
-0.144,-3.387
-1.179,-3.902
0.754,-3.159
-0.369,-3.223
-1.269,-1.482
-1.287,-1.512
-2.349,-2.038
2.78,-0.801
1.728,-3.537
-1.179,-1.043
-1.826,-2.238
-2.226,-2.916
-2.248,-2.223
-2.207,-3.107
-2.328,-3.404
-2.302,-2.258
1.694,-3.909
0.536,-4.215
-2.606,-4.143
-2.658,-4.112
-0.235,-0.442
-1.634,0.131
-1.983,0.406
-2.37,-0.038
2.371,-0.433
0.096,-0.621
-0.236,-0.625
-1.159,-3.859
-1.882,0.038
-2.719,-4.253
-2.821,-4.171
0.973,-0.085
-3.006,-1.143
-3.066,-2.741
-3.078,-2.793
3.091,-2.152
2.998,-1.598
2.864,-3.07
2.84,-2.224
2.733,-2.121
2.67,-2.95
2.809,-0.093
2.63,-0.218
2.728,-3.078
2.665,-0.102
2.652,-2.463
2.361,-2.865
2.46,-2.716
2.454,-2.322
2.326,-2.193
2.273,-1.411
2.064,-3.524
2.047,-2.895
2.034,-1.98
1.993,-0.613
1.935,-3.269
1.872,-1.466
1.828,-1.099
1.774,-0.28
1.797,-1.637
1.874,-0.471
1.68,-1.957
1.661,-2.173
1.543,-2.472
1.579,-2.55
1.54,-2.983
1.494,-0.304
1.363,-2.188
1.435,-0.018
1.144,-2.205
0.9,-3.093
0.821,-2.343
0.839,-0.777
0.707,-2.763
0.707,-1.968
0.545,-1.309
0.605,-1.343
0.477,-2.644
0.597,-1.336
0.569,-0.79
0.326,-2.306
0.415,-2.818
0.099,-0.024
0.212,-0.856
0.146,-1.578
-0.005,-3.564
-0.091,0.072
-0.071,-3.784
0.029,-3.805
-0.122,-2.816
0.001,-3.544
-0.083,-2.137
-0.1,-0.332
-0.203,0.057
-0.361,-1.347
-0.374,-0.55
-0.398,-0.31
-0.456,0.055
-0.46,-0.371
-0.552,-1.551
-0.558,-1.154
-0.704,0.025
-0.569,-3.788
-0.625,-3.066
-0.759,-0.455
-0.652,-0.192
-0.789,0.116
-0.848,-2.306
-0.759,-3.158
-0.771,-2.532
-0.877,-1.47
-1.007,-2.164
-0.874,-3.162
-1.035,-0.227
-1.071,-3.539
-0.974,-3.07
-1.132,-1.084
-1.045,-0.461
-1.112,-1.224
-1.172,-1.499
-1.309,-2.366
-1.44,-2.369
-1.458,-3.678
-1.487,-0.052
-1.516,-1.325
-1.686,-0.282
-1.735,-3.151
-1.78,-3.77
-1.815,-2.314
-1.72,-2.489
-1.787,-0.603
-1.915,-1.485
-2.038,-2.786
-1.941,-2.915
-2.153,-3.684
-2.517,-2.259
-2.565,-3.015
-2.598,-3.736
-2.643,-1.539
-2.659,-1.361
-2.644,-1.273
-2.679,-2.132
-2.836,-0.177
-2.709,-1.53
-2.856,-1.466
-2.882,-0.285
-3.007,-1.971
-3.039,-0.821
3.086,-4.141
2.551,-4.302
2.652,-3.963
1.395,-4.17
1.102,-3.951
0.444,-4.33
0.228,-3.986
0.15,-4.184
0.056,-4.038
-1.143,-4.278
-1.696,-3.928
-2.913,-4.091
2.921,0.15
2.353,0.184
2.221,0.239
1.891,0.237
1.586,0.012
0.502,0.162
-0.747,0.199
-1.583,0.291
0.22,-1.023
0.069,-0.526
-0.182,-3.065
-1.217,-3.58
0.716,-2.837
-0.407,-2.901
-1.307,-1.16
-1.325,-1.19
-2.387,-1.716
2.742,-0.479
1.69,-3.215
-1.217,-0.721
-1.864,-1.916
-2.264,-2.594
-2.286,-1.901
-2.245,-2.785
-2.366,-3.082
-2.34,-1.936
1.656,-3.587
0.498,-3.893
-2.644,-3.821
-2.696,-3.79
-0.273,-0.12
-0.349,0.275
-0.736,-0.169
-2.278,-0.564
1.73,-0.752
1.398,-0.756
0.475,-3.99
-0.248,-0.093
-1.085,-4.384
-1.187,-4.302
2.607,-0.216
-1.372,-1.274
-1.432,-2.872
-1.444,-2.924
-1.558,-2.283
-1.651,-1.729
-1.785,-3.201
-1.809,-2.355
-1.916,-2.252
-1.979,-3.081
-1.84,-0.224
-2.019,-0.349
-1.921,-3.209
-1.984,-0.233
-1.997,-2.594
-2.288,-2.996
-2.189,-2.847
-2.195,-2.453
-2.323,-2.324
-2.376,-1.542
-2.585,-3.655
-2.602,-3.026
-2.615,-2.111
-2.656,-0.744
-2.714,-3.4
-2.777,-1.597
-2.821,-1.23
-2.875,-0.411
-2.852,-1.768
-2.775,-0.602
-2.969,-2.088
-2.988,-2.304
-3.106,-2.603
-3.07,-2.681
-3.109,-3.114
3.128,-0.435
2.997,-2.319
3.069,-0.149
2.778,-2.336
2.534,-3.224
2.455,-2.474
2.473,-0.908
2.341,-2.894
2.341,-2.099
2.179,-1.44
2.239,-1.474
2.111,-2.775
2.231,-1.467
2.203,-0.921
1.96,-2.437
2.049,-2.949
1.733,-0.155
1.846,-0.987
1.78,-1.709
1.629,-3.695
1.543,-0.059
1.563,-3.915
1.663,-3.936
1.512,-2.947
1.635,-3.675
1.551,-2.268
1.534,-0.463
1.431,-0.074
1.273,-1.478
1.26,-0.681
1.236,-0.441
1.178,-0.076
1.174,-0.502
1.082,-1.682
1.076,-1.285
0.93,-0.106
1.065,-3.919
1.009,-3.197
0.875,-0.586
0.982,-0.323
0.845,-0.015
0.786,-2.437
0.875,-3.289
0.863,-2.663
0.757,-1.601
0.627,-2.295
0.76,-3.293
0.599,-0.358
0.563,-3.67
0.66,-3.201
0.502,-1.215
0.589,-0.592
0.522,-1.355
0.462,-1.63
0.325,-2.497
0.194,-2.5
0.176,-3.809
0.147,-0.183
0.118,-1.456
-0.052,-0.413
-0.101,-3.282
-0.146,-3.901
-0.181,-2.445
-0.086,-2.62
-0.153,-0.734
-0.281,-1.616
-0.404,-2.917
-0.307,-3.046
-0.519,-3.815
-0.883,-2.39
-0.931,-3.146
-0.964,-3.867
-1.009,-1.67
-1.025,-1.492
-1.01,-1.404
-1.045,-2.263
-1.202,-0.308
-1.075,-1.661
-1.222,-1.597
-1.248,-0.416
-1.373,-2.102
-1.405,-0.952
-1.563,-4.272
-2.098,-4.433
-1.997,-4.094
3.029,-4.301
2.736,-4.082
2.078,-4.461
1.862,-4.117
1.784,-4.315
1.69,-4.169
0.491,-4.409
-0.062,-4.059
-1.279,-4.222
-1.728,0.019
-2.296,0.053
-2.428,0.108
-2.758,0.106
-3.063,-0.119
2.136,0.031
0.887,0.068
0.051,0.16
1.854,-1.154
1.703,-0.657
1.452,-3.196
0.417,-3.711
2.35,-2.968
1.227,-3.032
0.327,-1.291
0.309,-1.321
-0.753,-1.847
-1.907,-0.61
-2.959,-3.346
0.417,-0.852
-0.23,-2.047
-0.63,-2.725
-0.652,-2.032
-0.611,-2.916
-0.732,-3.213
-0.706,-2.067
-2.993,-3.718
2.132,-4.024
-1.01,-3.952
-1.062,-3.921
1.361,-0.251
-0.387,-0.444
-1.929,-0.839
2.079,-1.027
1.747,-1.031
0.824,-4.265
0.101,-0.368
-0.736,-4.659
-0.838,-4.577
2.956,-0.491
-1.023,-1.549
-1.083,-3.147
-1.095,-3.199
-1.209,-2.558
-1.302,-2.004
-1.436,-3.476
-1.46,-2.63
-1.567,-2.527
-1.63,-3.356
-1.491,-0.499
-1.67,-0.624
-1.572,-3.484
-1.635,-0.508
-1.648,-2.869
-1.939,-3.271
-1.84,-3.122
-1.846,-2.728
-1.974,-2.599
-2.027,-1.817
-2.236,-3.93
-2.253,-3.301
-2.266,-2.386
-2.307,-1.019
-2.365,-3.675
-2.428,-1.872
-2.472,-1.505
-2.526,-0.686
-2.503,-2.043
-2.426,-0.877
-2.62,-2.363
-2.639,-2.579
-2.757,-2.878
-2.721,-2.956
-2.76,-3.389
-2.806,-0.71
-2.937,-2.594
-2.865,-0.424
3.127,-2.611
2.883,-3.499
2.804,-2.749
2.822,-1.183
2.69,-3.169
2.69,-2.374
2.528,-1.715
2.588,-1.749
2.46,-3.05
2.58,-1.742
2.552,-1.196
2.309,-2.712
2.398,-3.224
2.082,-0.43
2.195,-1.262
2.129,-1.984
1.978,-3.97
1.892,-0.334
1.912,-4.19
2.012,-4.211
1.861,-3.222
1.984,-3.95
1.9,-2.543
1.883,-0.738
1.78,-0.349
1.622,-1.753
1.609,-0.956
1.585,-0.716
1.527,-0.351
1.523,-0.777
1.431,-1.957
1.425,-1.56
1.279,-0.381
1.414,-4.194
1.358,-3.472
1.224,-0.861
1.331,-0.598
1.194,-0.29
1.135,-2.712
1.224,-3.564
1.212,-2.938
1.106,-1.876
0.976,-2.57
1.109,-3.568
0.948,-0.633
0.912,-3.945
1.009,-3.476
0.851,-1.49
0.938,-0.867
0.871,-1.63
0.811,-1.905
0.674,-2.772
0.543,-2.775
0.525,-4.084
0.496,-0.458
0.467,-1.731
0.297,-0.688
0.248,-3.557
0.203,-4.176
0.168,-2.72
0.263,-2.895
0.196,-1.009
0.068,-1.891
-0.055,-3.192
0.042,-3.321
-0.17,-4.09
-0.534,-2.665
-0.582,-3.421
-0.615,-4.142
-0.66,-1.945
-0.676,-1.767
-0.661,-1.679
-0.696,-2.538
-0.853,-0.583
-0.726,-1.936
-0.873,-1.872
-0.899,-0.691
-1.024,-2.377
-1.056,-1.227
-1.214,-4.547
-1.749,-4.708
-1.648,-4.369
-2.905,-4.576
3.085,-4.357
2.427,-4.736
2.211,-4.392
2.133,-4.59
2.039,-4.444
0.84,-4.684
0.287,-4.334
-0.93,-4.497
-1.379,-0.256
-1.947,-0.222
-2.079,-0.167
-2.409,-0.169
-2.714,-0.394
2.485,-0.244
1.236,-0.207
0.4,-0.115
2.203,-1.429
2.052,-0.932
1.801,-3.471
0.766,-3.986
2.699,-3.243
1.576,-3.307
0.676,-1.566
0.658,-1.596
-0.404,-2.122
-1.558,-0.885
-2.61,-3.621
0.766,-1.127
0.119,-2.322
-0.281,-3.0
-0.303,-2.307
-0.262,-3.191
-0.383,-3.488
-0.357,-2.342
-2.644,-3.993
2.481,-4.299
-0.661,-4.227
-0.713,-4.196
1.71,-0.526
-1.542,-0.395
2.466,-0.583
2.134,-0.587
1.211,-3.821
0.488,0.076
-0.349,-4.215
-0.451,-4.133
-2.94,-0.047
-0.636,-1.105
-0.696,-2.703
-0.708,-2.755
-0.822,-2.114
-0.915,-1.56
-1.049,-3.032
-1.073,-2.186
-1.18,-2.083
-1.243,-2.912
-1.104,-0.055
-1.283,-0.18
-1.185,-3.04
-1.248,-0.064
-1.261,-2.425
-1.552,-2.827
-1.453,-2.678
-1.459,-2.284
-1.587,-2.155
-1.64,-1.373
-1.849,-3.486
-1.866,-2.857
-1.879,-1.942
-1.92,-0.575
-1.978,-3.231
-2.041,-1.428
-2.085,-1.061
-2.139,-0.242
-2.116,-1.599
-2.039,-0.433
-2.233,-1.919
-2.252,-2.135
-2.37,-2.434
-2.334,-2.512
-2.373,-2.945
-2.419,-0.266
-2.55,-2.15
-2.478,0.02
-2.769,-2.167
-3.013,-3.055
-3.092,-2.305
-3.074,-0.739
3.077,-2.725
3.077,-1.93
2.915,-1.271
2.975,-1.305
2.847,-2.606
2.967,-1.298
2.939,-0.752
2.696,-2.268
2.785,-2.78
2.469,0.014
2.582,-0.818
2.516,-1.54
2.365,-3.526
2.279,0.11
2.299,-3.746
2.399,-3.767
2.248,-2.778
2.371,-3.506
2.287,-2.099
2.27,-0.294
2.167,0.095
2.009,-1.309
1.996,-0.512
1.972,-0.272
1.914,0.093
1.91,-0.333
1.818,-1.513
1.812,-1.116
1.666,0.063
1.801,-3.75
1.745,-3.028
1.611,-0.417
1.718,-0.154
1.581,0.154
1.522,-2.268
1.611,-3.12
1.599,-2.494
1.493,-1.432
1.363,-2.126
1.496,-3.124
1.335,-0.189
1.299,-3.501
1.396,-3.032
1.238,-1.046
1.325,-0.423
1.258,-1.186
1.198,-1.461
1.061,-2.328
0.93,-2.331
0.912,-3.64
0.883,-0.014
0.854,-1.287
0.684,-0.244
0.635,-3.113
0.59,-3.732
0.555,-2.276
0.65,-2.451
0.583,-0.565
0.455,-1.447
0.332,-2.748
0.429,-2.877
0.217,-3.646
-0.147,-2.221
-0.195,-2.977
-0.228,-3.698
-0.273,-1.501
-0.289,-1.323
-0.274,-1.235
-0.309,-2.094
-0.466,-0.139
-0.339,-1.492
-0.486,-1.428
-0.512,-0.247
-0.637,-1.933
-0.669,-0.783
-0.827,-4.103
-1.362,-4.264
-1.261,-3.925
-2.518,-4.132
-2.811,-3.913
2.814,-4.292
2.598,-3.948
2.52,-4.146
2.426,-4.0
1.227,-4.24
0.674,-3.89
-0.543,-4.053
-0.992,0.188
-1.56,0.222
-1.692,0.277
-2.022,0.275
-2.327,0.05
2.872,0.2
1.623,0.237
0.787,0.329
2.59,-0.985
2.439,-0.488
2.188,-3.027
1.153,-3.542
3.086,-2.799
1.963,-2.863
1.063,-1.122
1.045,-1.152
-0.017,-1.678
-1.171,-0.441
-2.223,-3.177
1.153,-0.683
0.506,-1.878
0.106,-2.556
0.084,-1.863
0.125,-2.747
0.004,-3.044
0.03,-1.898
-2.257,-3.549
2.868,-3.855
-0.274,-3.783
-0.326,-3.752
2.097,-0.082
-2.275,-0.188
-2.607,-0.192
2.753,-3.426
2.03,0.471
1.193,-3.82
1.091,-3.738
-1.398,0.348
0.906,-0.71
0.846,-2.308
0.834,-2.36
0.72,-1.719
0.627,-1.165
0.493,-2.637
0.469,-1.791
0.362,-1.688
0.299,-2.517
0.438,0.34
0.259,0.215
0.357,-2.645
0.294,0.331
0.281,-2.03
-0.01,-2.432
0.089,-2.283
0.083,-1.889
-0.045,-1.76
-0.098,-0.978
-0.307,-3.091
-0.324,-2.462
-0.337,-1.547
-0.378,-0.18
-0.436,-2.836
-0.499,-1.033
-0.543,-0.666
-0.597,0.153
-0.574,-1.204
-0.497,-0.038
-0.691,-1.524
-0.71,-1.74
-0.828,-2.039
-0.792,-2.117
-0.831,-2.55
-0.877,0.129
-1.008,-1.755
-0.936,0.415
-1.227,-1.772
-1.471,-2.66
-1.55,-1.91
-1.532,-0.344
-1.664,-2.33
-1.664,-1.535
-1.826,-0.876
-1.766,-0.91
-1.894,-2.211
-1.774,-0.903
-1.802,-0.357
-2.045,-1.873
-1.956,-2.385
-2.272,0.409
-2.159,-0.423
-2.225,-1.145
-2.376,-3.131
-2.462,0.505
-2.442,-3.351
-2.342,-3.372
-2.493,-2.383
-2.37,-3.111
-2.454,-1.704
-2.471,0.101
-2.574,0.49
-2.732,-0.914
-2.745,-0.117
-2.769,0.123
-2.827,0.488
-2.831,0.062
-2.923,-1.118
-2.929,-0.721
-3.075,0.458
-2.94,-3.355
-2.996,-2.633
-3.13,-0.022
-3.023,0.241
3.123,0.549
3.064,-1.873
-3.13,-2.725
3.141,-2.099
3.035,-1.037
2.905,-1.731
3.038,-2.729
2.877,0.206
2.841,-3.106
2.938,-2.637
2.78,-0.651
2.867,-0.028
2.8,-0.791
2.74,-1.066
2.603,-1.933
2.472,-1.936
2.454,-3.245
2.425,0.381
2.396,-0.892
2.226,0.151
2.177,-2.718
2.132,-3.337
2.097,-1.881
2.192,-2.056
2.125,-0.17
1.997,-1.052
1.874,-2.353
1.971,-2.482
1.759,-3.251
1.395,-1.826
1.347,-2.582
1.314,-3.303
1.269,-1.106
1.253,-0.928
1.268,-0.84
1.233,-1.699
1.076,0.256
1.203,-1.097
1.056,-1.033
1.03,0.148
0.905,-1.538
0.873,-0.388
0.715,-3.708
0.18,-3.869
0.281,-3.53
-0.976,-3.737
-1.269,-3.518
-1.927,-3.897
-2.143,-3.553
-2.221,-3.751
-2.315,-3.605
2.769,-3.845
2.216,-3.495
0.999,-3.658
0.55,0.583
-0.018,0.617
-0.15,0.672
-0.48,0.67
-0.785,0.445
-1.869,0.595
-3.118,0.632
2.329,0.724
-2.151,-0.59
-2.302,-0.093
-2.553,-2.632
2.695,-3.147
-1.655,-2.404
-2.778,-2.468
2.605,-0.727
2.587,-0.757
1.525,-1.283
0.371,-0.046
-0.681,-2.782
2.695,-0.288
2.048,-1.483
1.648,-2.161
1.626,-1.468
1.667,-2.352
1.546,-2.649
1.572,-1.503
-0.715,-3.154
-1.873,-3.46
1.268,-3.388
1.216,-3.357
-2.644,0.313
-0.332,-0.004
-1.255,-3.238
-1.978,0.659
-2.815,-3.632
-2.917,-3.55
0.877,0.536
-3.102,-0.522
3.121,-2.12
3.109,-2.172
2.995,-1.531
2.902,-0.977
2.768,-2.449
2.744,-1.603
2.637,-1.5
2.574,-2.329
2.713,0.528
2.534,0.403
2.632,-2.457
2.569,0.519
2.556,-1.842
2.265,-2.244
2.364,-2.095
2.358,-1.701
2.23,-1.572
2.177,-0.79
1.968,-2.903
1.951,-2.274
1.938,-1.359
1.897,0.008
1.839,-2.648
1.776,-0.845
1.732,-0.478
1.678,0.341
1.701,-1.016
1.778,0.15
1.584,-1.336
1.565,-1.552
1.447,-1.851
1.483,-1.929
1.444,-2.362
1.398,0.317
1.267,-1.567
1.339,0.603
1.048,-1.584
0.804,-2.472
0.725,-1.722
0.743,-0.156
0.611,-2.142
0.611,-1.347
0.449,-0.688
0.509,-0.722
0.381,-2.023
0.501,-0.715
0.473,-0.169
0.23,-1.685
0.319,-2.197
0.003,0.597
0.116,-0.235
0.05,-0.957
-0.101,-2.943
-0.187,0.693
-0.167,-3.163
-0.067,-3.184
-0.218,-2.195
-0.095,-2.923
-0.179,-1.516
-0.196,0.289
-0.299,0.678
-0.457,-0.726
-0.47,0.071
-0.494,0.311
-0.552,0.676
-0.556,0.25
-0.648,-0.93
-0.654,-0.533
-0.8,0.646
-0.665,-3.167
-0.721,-2.445
-0.855,0.166
-0.748,0.429
-0.885,0.737
-0.944,-1.685
-0.855,-2.537
-0.867,-1.911
-0.973,-0.849
-1.103,-1.543
-0.97,-2.541
-1.131,0.394
-1.167,-2.918
-1.07,-2.449
-1.228,-0.463
-1.141,0.16
-1.208,-0.603
-1.268,-0.878
-1.405,-1.745
-1.536,-1.748
-1.554,-3.057
-1.583,0.569
-1.612,-0.704
-1.782,0.339
-1.831,-2.53
-1.876,-3.149
-1.911,-1.693
-1.816,-1.868
-1.883,0.018
-2.011,-0.864
-2.134,-2.165
-2.037,-2.294
-2.249,-3.063
-2.613,-1.638
-2.661,-2.394
-2.694,-3.115
-2.739,-0.918
-2.755,-0.74
-2.74,-0.652
-2.775,-1.511
-2.932,0.444
-2.805,-0.909
-2.952,-0.845
-2.978,0.336
-3.103,-1.35
-3.135,-0.2
2.99,-3.52
2.455,-3.681
2.556,-3.342
1.299,-3.549
1.006,-3.33
0.348,-3.709
0.132,-3.365
0.054,-3.563
-0.04,-3.417
-1.239,-3.657
-1.792,-3.307
-3.009,-3.47
2.825,0.771
2.257,0.805
2.125,0.86
1.795,0.858
1.49,0.633
0.406,0.783
-0.843,0.82
-1.679,0.912
0.124,-0.402
-0.027,0.095
-0.278,-2.444
-1.313,-2.959
0.62,-2.216
-0.503,-2.28
-1.403,-0.539
-1.421,-0.569
-2.483,-1.095
2.646,0.142
1.594,-2.594
-1.313,-0.1
-1.96,-1.295
-2.36,-1.973
-2.382,-1.28
-2.341,-2.164
-2.462,-2.461
-2.436,-1.315
1.56,-2.966
0.402,-3.272
-2.74,-3.2
-2.792,-3.169
-0.369,0.501
-0.923,-3.234
-1.646,0.663
-2.483,-3.628
-2.585,-3.546
1.209,0.54
-2.77,-0.518
-2.83,-2.116
-2.842,-2.168
-2.956,-1.527
-3.049,-0.973
3.1,-2.445
3.076,-1.599
2.969,-1.496
2.906,-2.325
3.045,0.532
2.866,0.407
2.964,-2.453
2.901,0.523
2.888,-1.838
2.597,-2.24
2.696,-2.091
2.69,-1.697
2.562,-1.568
2.509,-0.786
2.3,-2.899
2.283,-2.27
2.27,-1.355
2.229,0.012
2.171,-2.644
2.108,-0.841
2.064,-0.474
2.01,0.345
2.033,-1.012
2.11,0.154
1.916,-1.332
1.897,-1.548
1.779,-1.847
1.815,-1.925
1.776,-2.358
1.73,0.321
1.599,-1.563
1.671,0.607
1.38,-1.58
1.136,-2.468
1.057,-1.718
1.075,-0.152
0.943,-2.138
0.943,-1.343
0.781,-0.684
0.841,-0.718
0.713,-2.019
0.833,-0.711
0.805,-0.165
0.562,-1.681
0.651,-2.193
0.335,0.601
0.448,-0.231
0.382,-0.953
0.231,-2.939
0.145,0.697
0.165,-3.159
0.265,-3.18
0.114,-2.191
0.237,-2.919
0.153,-1.512
0.136,0.293
0.033,0.682
-0.125,-0.722
-0.138,0.075
-0.162,0.315
-0.22,0.68
-0.224,0.254
-0.316,-0.926
-0.322,-0.529
-0.468,0.65
-0.333,-3.163
-0.389,-2.441
-0.523,0.17
-0.416,0.433
-0.553,0.741
-0.612,-1.681
-0.523,-2.533
-0.535,-1.907
-0.641,-0.845
-0.771,-1.539
-0.638,-2.537
-0.799,0.398
-0.835,-2.914
-0.738,-2.445
-0.896,-0.459
-0.809,0.164
-0.876,-0.599
-0.936,-0.874
-1.073,-1.741
-1.204,-1.744
-1.222,-3.053
-1.251,0.573
-1.28,-0.7
-1.45,0.343
-1.499,-2.526
-1.544,-3.145
-1.579,-1.689
-1.484,-1.864
-1.551,0.022
-1.679,-0.86
-1.802,-2.161
-1.705,-2.29
-1.917,-3.059
-2.281,-1.634
-2.329,-2.39
-2.362,-3.111
-2.407,-0.914
-2.423,-0.736
-2.408,-0.648
-2.443,-1.507
-2.6,0.448
-2.473,-0.905
-2.62,-0.841
-2.646,0.34
-2.771,-1.346
-2.803,-0.196
-2.961,-3.516
2.787,-3.677
2.888,-3.338
1.631,-3.545
1.338,-3.326
0.68,-3.705
0.464,-3.361
0.386,-3.559
0.292,-3.413
-0.907,-3.653
-1.46,-3.303
-2.677,-3.466
-3.126,0.775
2.589,0.809
2.457,0.864
2.127,0.862
1.822,0.637
0.738,0.787
-0.511,0.824
-1.347,0.916
0.456,-0.398
0.305,0.099
0.054,-2.44
-0.981,-2.955
0.952,-2.212
-0.171,-2.276
-1.071,-0.535
-1.089,-0.565
-2.151,-1.091
2.978,0.146
1.926,-2.59
-0.981,-0.096
-1.628,-1.291
-2.028,-1.969
-2.05,-1.276
-2.009,-2.16
-2.13,-2.457
-2.104,-1.311
1.892,-2.962
0.734,-3.268
-2.408,-3.196
-2.46,-3.165
-0.037,0.505
-0.723,3.897
-1.56,-0.394
-1.662,-0.312
2.132,3.774
-1.847,2.716
-1.907,1.118
-1.919,1.066
-2.033,1.707
-2.126,2.261
-2.26,0.789
-2.284,1.635
-2.391,1.738
-2.454,0.909
-2.315,3.766
-2.494,3.641
-2.396,0.781
-2.459,3.757
-2.472,1.396
-2.763,0.994
-2.664,1.143
-2.67,1.537
-2.798,1.666
-2.851,2.448
-3.06,0.335
-3.077,0.964
-3.09,1.879
-3.131,3.246
3.094,0.59
3.031,2.393
2.987,2.76
2.933,3.579
2.956,2.222
3.033,3.388
2.839,1.902
2.82,1.686
2.702,1.387
2.738,1.309
2.699,0.876
2.653,3.555
2.522,1.671
2.594,3.841
2.303,1.654
2.059,0.766
1.98,1.516
1.998,3.082
1.866,1.096
1.866,1.891
1.704,2.55
1.764,2.516
1.636,1.215
1.756,2.523
1.728,3.069
1.485,1.553
1.574,1.041
1.258,3.835
1.371,3.003
1.305,2.281
1.154,0.295
1.068,3.931
1.088,0.075
1.188,0.054
1.037,1.043
1.16,0.315
1.076,1.722
1.059,3.527
0.956,3.916
0.798,2.512
0.785,3.309
0.761,3.549
0.703,3.914
0.699,3.488
0.607,2.308
0.601,2.705
0.455,3.884
0.59,0.071
0.534,0.793
0.4,3.404
0.507,3.667
0.37,3.975
0.311,1.553
0.4,0.701
0.388,1.327
0.282,2.389
0.152,1.695
0.285,0.697
0.124,3.632
0.088,0.32
0.185,0.789
0.027,2.775
0.114,3.398
0.047,2.635
-0.013,2.36
-0.15,1.493
-0.281,1.49
-0.299,0.181
-0.328,3.807
-0.357,2.534
-0.527,3.577
-0.576,0.708
-0.621,0.089
-0.656,1.545
-0.561,1.37
-0.628,3.256
-0.756,2.374
-0.879,1.073
-0.782,0.944
-0.994,0.175
-1.358,1.6
-1.406,0.844
-1.439,0.123
-1.484,2.32
-1.5,2.498
-1.485,2.586
-1.52,1.727
-1.677,3.682
-1.55,2.329
-1.697,2.393
-1.723,3.574
-1.848,1.888
-1.88,3.038
-2.038,-0.282
-2.573,-0.443
-2.472,-0.104
2.554,-0.311
2.261,-0.092
1.603,-0.471
1.387,-0.127
1.309,-0.325
1.215,-0.179
0.016,-0.419
-0.537,-0.069
-1.754,-0.232
-2.203,4.009
-2.771,4.043
-2.903,4.098
3.05,4.096
2.745,3.871
1.661,4.021
0.412,4.058
-0.424,4.15
1.379,2.836
1.228,3.333
0.977,0.794
-0.058,0.279
1.875,1.022
0.752,0.958
-0.148,2.699
-0.166,2.669
-1.228,2.143
-2.382,3.38
2.849,0.644
-0.058,3.138
-0.705,1.943
-1.105,1.265
-1.127,1.958
-1.086,1.074
-1.207,0.777
-1.181,1.923
2.815,0.272
1.657,-0.034
-1.485,0.038
-1.537,0.069
0.886,3.739
-0.837,-4.291
-0.939,-4.209
2.855,-0.123
-1.124,-1.181
-1.184,-2.779
-1.196,-2.831
-1.31,-2.19
-1.403,-1.636
-1.537,-3.108
-1.561,-2.262
-1.668,-2.159
-1.731,-2.988
-1.592,-0.131
-1.771,-0.256
-1.673,-3.116
-1.736,-0.14
-1.749,-2.501
-2.04,-2.903
-1.941,-2.754
-1.947,-2.36
-2.075,-2.231
-2.128,-1.449
-2.337,-3.562
-2.354,-2.933
-2.367,-2.018
-2.408,-0.651
-2.466,-3.307
-2.529,-1.504
-2.573,-1.137
-2.627,-0.318
-2.604,-1.675
-2.527,-0.509
-2.721,-1.995
-2.74,-2.211
-2.858,-2.51
-2.822,-2.588
-2.861,-3.021
-2.907,-0.342
-3.038,-2.226
-2.966,-0.056
3.026,-2.243
2.782,-3.131
2.703,-2.381
2.721,-0.815
2.589,-2.801
2.589,-2.006
2.427,-1.347
2.487,-1.381
2.359,-2.682
2.479,-1.374
2.451,-0.828
2.208,-2.344
2.297,-2.856
1.981,-0.062
2.094,-0.894
2.028,-1.616
1.877,-3.602
1.791,0.034
1.811,-3.822
1.911,-3.843
1.76,-2.854
1.883,-3.582
1.799,-2.175
1.782,-0.37
1.679,0.019
1.521,-1.385
1.508,-0.588
1.484,-0.348
1.426,0.017
1.422,-0.409
1.33,-1.589
1.324,-1.192
1.178,-0.013
1.313,-3.826
1.257,-3.104
1.123,-0.493
1.23,-0.23
1.093,0.078
1.034,-2.344
1.123,-3.196
1.111,-2.57
1.005,-1.508
0.875,-2.202
1.008,-3.2
0.847,-0.265
0.811,-3.577
0.908,-3.108
0.75,-1.122
0.837,-0.499
0.77,-1.262
0.71,-1.537
0.573,-2.404
0.442,-2.407
0.424,-3.716
0.395,-0.09
0.366,-1.363
0.196,-0.32
0.147,-3.189
0.102,-3.808
0.067,-2.352
0.162,-2.527
0.095,-0.641
-0.033,-1.523
-0.156,-2.824
-0.059,-2.953
-0.271,-3.722
-0.635,-2.297
-0.683,-3.053
-0.716,-3.774
-0.761,-1.577
-0.777,-1.399
-0.762,-1.311
-0.797,-2.17
-0.954,-0.215
-0.827,-1.568
-0.974,-1.504
-1.0,-0.323
-1.125,-2.009
-1.157,-0.859
-1.315,-4.179
-1.85,-4.34
-1.749,-4.001
-3.006,-4.208
2.984,-3.989
2.326,-4.368
2.11,-4.024
2.032,-4.222
1.938,-4.076
0.739,-4.316
0.186,-3.966
-1.031,-4.129
-1.48,0.112
-2.048,0.146
-2.18,0.201
-2.51,0.199
-2.815,-0.026
2.384,0.124
1.135,0.161
0.299,0.253
2.102,-1.061
1.951,-0.564
1.7,-3.103
0.665,-3.618
2.598,-2.875
1.475,-2.939
0.575,-1.198
0.557,-1.228
-0.505,-1.754
-1.659,-0.517
-2.711,-3.253
0.665,-0.759
0.018,-1.954
-0.382,-2.632
-0.404,-1.939
-0.363,-2.823
-0.484,-3.12
-0.458,-1.974
-2.745,-3.625
2.38,-3.931
-0.762,-3.859
-0.814,-3.828
1.609,-0.158
-0.102,0.082
-2.591,4.168
-0.287,3.11
-0.347,1.512
-0.359,1.46
-0.473,2.101
-0.566,2.655
-0.7,1.183
-0.724,2.029
-0.831,2.132
-0.894,1.303
-0.755,4.16
-0.934,4.035
-0.836,1.175
-0.899,4.151
-0.912,1.79
-1.203,1.388
-1.104,1.537
-1.11,1.931
-1.238,2.06
-1.291,2.842
-1.5,0.729
-1.517,1.358
-1.53,2.273
-1.571,3.64
-1.629,0.984
-1.692,2.787
-1.736,3.154
-1.79,3.973
-1.767,2.616
-1.69,3.782
-1.884,2.296
-1.903,2.08
-2.021,1.781
-1.985,1.703
-2.024,1.27
-2.07,3.949
-2.201,2.065
-2.129,4.235
-2.42,2.048
-2.664,1.16
-2.743,1.91
-2.725,3.476
-2.857,1.49
-2.857,2.285
-3.019,2.944
-2.959,2.91
-3.087,1.609
-2.967,2.917
-2.995,3.463
3.045,1.947
3.134,1.435
2.818,4.229
2.931,3.397
2.865,2.675
2.714,0.689
2.628,4.325
2.648,0.469
2.748,0.448
2.597,1.437
2.72,0.709
2.636,2.116
2.619,3.921
2.516,4.31
2.358,2.906
2.345,3.703
2.321,3.943
2.263,4.308
2.259,3.882
2.167,2.702
2.161,3.099
2.015,4.278
2.15,0.465
2.094,1.187
1.96,3.798
2.067,4.061
1.93,4.369
1.871,1.947
1.96,1.095
1.948,1.721
1.842,2.783
1.712,2.089
1.845,1.091
1.684,4.026
1.648,0.714
1.745,1.183
1.587,3.169
1.674,3.792
1.607,3.029
1.547,2.754
1.41,1.887
1.279,1.884
1.261,0.575
1.232,4.201
1.203,2.928
1.033,3.971
0.984,1.102
0.939,0.483
0.904,1.939
0.999,1.764
0.932,3.65
0.804,2.768
0.681,1.467
0.778,1.338
0.566,0.569
0.202,1.994
0.154,1.238
0.121,0.517
0.076,2.714
0.06,2.892
0.075,2.98
0.04,2.121
-0.117,4.076
0.01,2.723
-0.137,2.787
-0.163,3.968
-0.288,2.282
-0.32,3.432
-0.478,0.112
-1.013,-0.049
-0.912,0.29
-2.169,0.083
-2.462,0.302
-3.12,-0.077
2.947,0.267
2.869,0.069
2.775,0.215
1.576,-0.025
1.023,0.325
-0.194,0.162
-0.643,4.403
-1.211,4.437
-1.343,4.492
-1.673,4.49
-1.978,4.265
-3.062,4.415
1.972,4.452
1.136,4.544
2.939,3.23
2.788,3.727
2.537,1.188
1.502,0.673
-2.848,1.416
2.312,1.352
1.412,3.093
1.394,3.063
0.332,2.537
-0.822,3.774
-1.874,1.038
1.502,3.532
0.855,2.337
0.455,1.659
0.433,2.352
0.474,1.468
0.353,1.171
0.379,2.317
-1.908,0.666
-3.066,0.36
0.075,0.432
0.023,0.463
2.446,4.133
-2.489,4.086
-0.185,3.028
-0.245,1.43
-0.257,1.378
-0.371,2.019
-0.464,2.573
-0.598,1.101
-0.622,1.947
-0.729,2.05
-0.792,1.221
-0.653,4.078
-0.832,3.953
-0.734,1.093
-0.797,4.069
-0.81,1.708
-1.101,1.306
-1.002,1.455
-1.008,1.849
-1.136,1.978
-1.189,2.76
-1.398,0.647
-1.415,1.276
-1.428,2.191
-1.469,3.558
-1.527,0.902
-1.59,2.705
-1.634,3.072
-1.688,3.891
-1.665,2.534
-1.588,3.7
-1.782,2.214
-1.801,1.998
-1.919,1.699
-1.883,1.621
-1.922,1.188
-1.968,3.867
-2.099,1.983
-2.027,4.153
-2.318,1.966
-2.562,1.078
-2.641,1.828
-2.623,3.394
-2.755,1.408
-2.755,2.203
-2.917,2.862
-2.857,2.828
-2.985,1.527
-2.865,2.835
-2.893,3.381
-3.136,1.865
-3.047,1.353
2.92,4.147
3.033,3.315
2.967,2.593
2.816,0.607
2.73,4.243
2.75,0.387
2.85,0.366
2.699,1.355
2.822,0.627
2.738,2.034
2.721,3.839
2.618,4.228
2.46,2.824
2.447,3.621
2.423,3.861
2.365,4.226
2.361,3.8
2.269,2.62
2.263,3.017
2.117,4.196
2.252,0.383
2.196,1.105
2.062,3.716
2.169,3.979
2.032,4.287
1.973,1.865
2.062,1.013
2.05,1.639
1.944,2.701
1.814,2.007
1.947,1.009
1.786,3.944
1.75,0.632
1.847,1.101
1.689,3.087
1.776,3.71
1.709,2.947
1.649,2.672
1.512,1.805
1.381,1.802
1.363,0.493
1.334,4.119
1.305,2.846
1.135,3.889
1.086,1.02
1.041,0.401
1.006,1.857
1.101,1.682
1.034,3.568
0.906,2.686
0.783,1.385
0.88,1.256
0.668,0.487
0.304,1.912
0.256,1.156
0.223,0.435
0.178,2.632
0.162,2.81
0.177,2.898
0.142,2.039
-0.015,3.994
0.112,2.641
-0.035,2.705
-0.061,3.886
-0.186,2.2
-0.218,3.35
-0.376,0.03
-0.911,-0.131
-0.81,0.208
-2.067,0.001
-2.36,0.22
-3.018,-0.159
3.049,0.185
2.971,-0.013
2.877,0.133
1.678,-0.107
1.125,0.243
-0.092,0.08
-0.541,4.321
-1.109,4.355
-1.241,4.41
-1.571,4.408
-1.876,4.183
-2.96,4.333
2.074,4.37
1.238,4.462
3.041,3.148
2.89,3.645
2.639,1.106
1.604,0.591
-2.746,1.334
2.414,1.27
1.514,3.011
1.496,2.981
0.434,2.455
-0.72,3.692
-1.772,0.956
1.604,3.45
0.957,2.255
0.557,1.577
0.535,2.27
0.576,1.386
0.455,1.089
0.481,2.235
-1.806,0.584
-2.964,0.278
0.177,0.35
0.125,0.381
2.548,4.051
2.304,-1.058
2.244,-2.656
2.232,-2.708
2.118,-2.067
2.025,-1.513
1.891,-2.985
1.867,-2.139
1.76,-2.036
1.697,-2.865
1.836,-0.008
1.657,-0.133
1.755,-2.993
1.692,-0.017
1.679,-2.378
1.388,-2.78
1.487,-2.631
1.481,-2.237
1.353,-2.108
1.3,-1.326
1.091,-3.439
1.074,-2.81
1.061,-1.895
1.02,-0.528
0.962,-3.184
0.899,-1.381
0.855,-1.014
0.801,-0.195
0.824,-1.552
0.901,-0.386
0.707,-1.872
0.688,-2.088
0.57,-2.387
0.606,-2.465
0.567,-2.898
0.521,-0.219
0.39,-2.103
0.462,0.067
0.171,-2.12
-0.073,-3.008
-0.152,-2.258
-0.134,-0.692
-0.266,-2.678
-0.266,-1.883
-0.428,-1.224
-0.368,-1.258
-0.496,-2.559
-0.376,-1.251
-0.404,-0.705
-0.647,-2.221
-0.558,-2.733
-0.874,0.061
-0.761,-0.771
-0.827,-1.493
-0.978,-3.479
-1.064,0.157
-1.044,-3.699
-0.944,-3.72
-1.095,-2.731
-0.972,-3.459
-1.056,-2.052
-1.073,-0.247
-1.176,0.142
-1.334,-1.262
-1.347,-0.465
-1.371,-0.225
-1.429,0.14
-1.433,-0.286
-1.525,-1.466
-1.531,-1.069
-1.677,0.11
-1.542,-3.703
-1.598,-2.981
-1.732,-0.37
-1.625,-0.107
-1.762,0.201
-1.821,-2.221
-1.732,-3.073
-1.744,-2.447
-1.85,-1.385
-1.98,-2.079
-1.847,-3.077
-2.008,-0.142
-2.044,-3.454
-1.947,-2.985
-2.105,-0.999
-2.018,-0.376
-2.085,-1.139
-2.145,-1.414
-2.282,-2.281
-2.413,-2.284
-2.431,-3.593
-2.46,0.033
-2.489,-1.24
-2.659,-0.197
-2.708,-3.066
-2.753,-3.685
-2.788,-2.229
-2.693,-2.404
-2.76,-0.518
-2.888,-1.4
-3.011,-2.701
-2.914,-2.83
-3.126,-3.599
2.793,-2.174
2.745,-2.93
2.712,-3.651
2.667,-1.454
2.651,-1.276
2.666,-1.188
2.631,-2.047
2.474,-0.092
2.601,-1.445
2.454,-1.381
2.428,-0.2
2.303,-1.886
2.271,-0.736
2.113,-4.056
1.578,-4.217
1.679,-3.878
0.422,-4.085
0.129,-3.866
-0.529,-4.245
-0.745,-3.901
-0.823,-4.099
-0.917,-3.953
-2.116,-4.193
-2.669,-3.843
2.397,-4.006
1.948,0.235
1.38,0.269
1.248,0.324
0.918,0.322
0.613,0.097
-0.471,0.247
-1.72,0.284
-2.556,0.376
-0.753,-0.938
-0.904,-0.441
-1.155,-2.98
-2.19,-3.495
-0.257,-2.752
-1.38,-2.816
-2.28,-1.075
-2.298,-1.105
2.923,-1.631
1.769,-0.394
0.717,-3.13
-2.19,-0.636
-2.837,-1.831
3.046,-2.509
3.024,-1.816
3.065,-2.7
2.944,-2.997
2.97,-1.851
0.683,-3.502
-0.475,-3.808
2.666,-3.736
2.614,-3.705
-1.246,-0.035
-0.06,-1.598
-0.072,-1.65
-0.186,-1.009
-0.279,-0.455
-0.413,-1.927
-0.437,-1.081
-0.544,-0.978
-0.607,-1.807
-0.468,1.05
-0.647,0.925
-0.549,-1.935
-0.612,1.041
-0.625,-1.32
-0.916,-1.722
-0.817,-1.573
-0.823,-1.179
-0.951,-1.05
-1.004,-0.268
-1.213,-2.381
-1.23,-1.752
-1.243,-0.837
-1.284,0.53
-1.342,-2.126
-1.405,-0.323
-1.449,0.044
-1.503,0.863
-1.48,-0.494
-1.403,0.672
-1.597,-0.814
-1.616,-1.03
-1.734,-1.329
-1.698,-1.407
-1.737,-1.84
-1.783,0.839
-1.914,-1.045
-1.842,1.125
-2.133,-1.062
-2.377,-1.95
-2.456,-1.2
-2.438,0.366
-2.57,-1.62
-2.57,-0.825
-2.732,-0.166
-2.672,-0.2
-2.8,-1.501
-2.68,-0.193
-2.708,0.353
-2.951,-1.163
-2.862,-1.675
3.105,1.119
-3.065,0.287
-3.131,-0.435
3.001,-2.421
2.915,1.215
2.935,-2.641
3.035,-2.662
2.884,-1.673
3.007,-2.401
2.923,-0.994
2.906,0.811
2.803,1.2
2.645,-0.204
2.632,0.593
2.608,0.833
2.55,1.198
2.546,0.772
2.454,-0.408
2.448,-0.011
2.302,1.168
2.437,-2.645
2.381,-1.923
2.247,0.688
2.354,0.951
2.217,1.259
2.158,-1.163
2.247,-2.015
2.235,-1.389
2.129,-0.327
1.999,-1.021
2.132,-2.019
1.971,0.916
1.935,-2.396
2.032,-1.927
1.874,0.059
1.961,0.682
1.894,-0.081
1.834,-0.356
1.697,-1.223
1.566,-1.226
1.548,-2.535
1.519,1.091
1.49,-0.182
1.32,0.861
1.271,-2.008
1.226,-2.627
1.191,-1.171
1.286,-1.346
1.219,0.54
1.091,-0.342
0.968,-1.643
1.065,-1.772
0.853,-2.541
0.489,-1.116
0.441,-1.872
0.408,-2.593
0.363,-0.396
0.347,-0.218
0.362,-0.13
0.327,-0.989
0.17,0.966
0.297,-0.387
0.15,-0.323
0.124,0.858
-0.001,-0.828
-0.033,0.322
-0.191,-2.998
-0.726,-3.159
-0.625,-2.82
-1.882,-3.027
-2.175,-2.808
-2.833,-3.187
-3.049,-2.843
-3.127,-3.041
3.062,-2.895
1.863,-3.135
1.31,-2.785
0.093,-2.948
-0.356,1.293
-0.924,1.327
-1.056,1.382
-1.386,1.38
-1.691,1.155
-2.775,1.305
2.259,1.342
1.423,1.434
-3.057,0.12
3.075,0.617
2.824,-1.922
1.789,-2.437
-2.561,-1.694
2.599,-1.758
1.699,-0.017
1.681,-0.047
0.619,-0.573
-0.535,0.664
-1.587,-2.072
1.789,0.422
1.142,-0.773
0.742,-1.451
0.72,-0.758
0.761,-1.642
0.64,-1.939
0.666,-0.793
-1.621,-2.444
-2.779,-2.75
0.362,-2.678
0.31,-2.647
2.733,1.023
-0.012,-0.052
-0.126,0.589
-0.219,1.143
-0.353,-0.329
-0.377,0.517
-0.484,0.62
-0.547,-0.209
-0.408,2.648
-0.587,2.523
-0.489,-0.337
-0.552,2.639
-0.565,0.278
-0.856,-0.124
-0.757,0.025
-0.763,0.419
-0.891,0.548
-0.944,1.33
-1.153,-0.783
-1.17,-0.154
-1.183,0.761
-1.224,2.128
-1.282,-0.528
-1.345,1.275
-1.389,1.642
-1.443,2.461
-1.42,1.104
-1.343,2.27
-1.537,0.784
-1.556,0.568
-1.674,0.269
-1.638,0.191
-1.677,-0.242
-1.723,2.437
-1.854,0.553
-1.782,2.723
-2.073,0.536
-2.317,-0.352
-2.396,0.398
-2.378,1.964
-2.51,-0.022
-2.51,0.773
-2.672,1.432
-2.612,1.398
-2.74,0.097
-2.62,1.405
-2.648,1.951
-2.891,0.435
-2.802,-0.077
-3.118,2.717
-3.005,1.885
-3.071,1.163
3.061,-0.823
2.975,2.813
2.995,-1.043
3.095,-1.064
2.944,-0.075
3.067,-0.803
2.983,0.604
2.966,2.409
2.863,2.798
2.705,1.394
2.692,2.191
2.668,2.431
2.61,2.796
2.606,2.37
2.514,1.19
2.508,1.587
2.362,2.766
2.497,-1.047
2.441,-0.325
2.307,2.286
2.414,2.549
2.277,2.857
2.218,0.435
2.307,-0.417
2.295,0.209
2.189,1.271
2.059,0.577
2.192,-0.421
2.031,2.514
1.995,-0.798
2.092,-0.329
1.934,1.657
2.021,2.28
1.954,1.517
1.894,1.242
1.757,0.375
1.626,0.372
1.608,-0.937
1.579,2.689
1.55,1.416
1.38,2.459
1.331,-0.41
1.286,-1.029
1.251,0.427
1.346,0.252
1.279,2.138
1.151,1.256
1.028,-0.045
1.125,-0.174
0.913,-0.943
0.549,0.482
0.501,-0.274
0.468,-0.995
0.423,1.202
0.407,1.38
0.422,1.468
0.387,0.609
0.23,2.564
0.357,1.211
0.21,1.275
0.184,2.456
0.059,0.77
0.027,1.92
-0.131,-1.4
-0.666,-1.561
-0.565,-1.222
-1.822,-1.429
-2.115,-1.21
-2.773,-1.589
-2.989,-1.245
-3.067,-1.443
3.122,-1.297
1.923,-1.537
1.37,-1.187
0.153,-1.35
-0.296,2.891
-0.864,2.925
-0.996,2.98
-1.326,2.978
-1.631,2.753
-2.715,2.903
2.319,2.94
1.483,3.032
-2.997,1.718
3.135,2.215
2.884,-0.324
1.849,-0.839
-2.501,-0.096
2.659,-0.16
1.759,1.581
1.741,1.551
0.679,1.025
-0.475,2.262
-1.527,-0.474
1.849,2.02
1.202,0.825
0.802,0.147
0.78,0.84
0.821,-0.044
0.7,-0.341
0.726,0.805
-1.561,-0.846
-2.719,-1.152
0.422,-1.08
0.37,-1.049
2.793,2.621
-0.114,0.641
-0.207,1.195
-0.341,-0.277
-0.365,0.569
-0.472,0.672
-0.535,-0.157
-0.396,2.7
-0.575,2.575
-0.477,-0.285
-0.54,2.691
-0.553,0.33
-0.844,-0.072
-0.745,0.077
-0.751,0.471
-0.879,0.6
-0.932,1.382
-1.141,-0.731
-1.158,-0.102
-1.171,0.813
-1.212,2.18
-1.27,-0.476
-1.333,1.327
-1.377,1.694
-1.431,2.513
-1.408,1.156
-1.331,2.322
-1.525,0.836
-1.544,0.62
-1.662,0.321
-1.626,0.243
-1.665,-0.19
-1.711,2.489
-1.842,0.605
-1.77,2.775
-2.061,0.588
-2.305,-0.3
-2.384,0.45
-2.366,2.016
-2.498,0.03
-2.498,0.825
-2.66,1.484
-2.6,1.45
-2.728,0.149
-2.608,1.457
-2.636,2.003
-2.879,0.487
-2.79,-0.025
-3.106,2.769
-2.993,1.937
-3.059,1.215
3.073,-0.771
2.987,2.865
3.007,-0.991
3.107,-1.012
2.956,-0.023
3.079,-0.751
2.995,0.656
2.978,2.461
2.875,2.85
2.717,1.446
2.704,2.243
2.68,2.483
2.622,2.848
2.618,2.422
2.526,1.242
2.52,1.639
2.374,2.818
2.509,-0.995
2.453,-0.273
2.319,2.338
2.426,2.601
2.289,2.909
2.23,0.487
2.319,-0.365
2.307,0.261
2.201,1.323
2.071,0.629
2.204,-0.369
2.043,2.566
2.007,-0.746
2.104,-0.277
1.946,1.709
2.033,2.332
1.966,1.569
1.906,1.294
1.769,0.427
1.638,0.424
1.62,-0.885
1.591,2.741
1.562,1.468
1.392,2.511
1.343,-0.358
1.298,-0.977
1.263,0.479
1.358,0.304
1.291,2.19
1.163,1.308
1.04,0.007
1.137,-0.122
0.925,-0.891
0.561,0.534
0.513,-0.222
0.48,-0.943
0.435,1.254
0.419,1.432
0.434,1.52
0.399,0.661
0.242,2.616
0.369,1.263
0.222,1.327
0.196,2.508
0.071,0.822
0.039,1.972
-0.119,-1.348
-0.654,-1.509
-0.553,-1.17
-1.81,-1.377
-2.103,-1.158
-2.761,-1.537
-2.977,-1.193
-3.055,-1.391
3.134,-1.245
1.935,-1.485
1.382,-1.135
0.165,-1.298
-0.284,2.943
-0.852,2.977
-0.984,3.032
-1.314,3.03
-1.619,2.805
-2.703,2.955
2.331,2.992
1.495,3.084
-2.985,1.77
-3.136,2.267
2.896,-0.272
1.861,-0.787
-2.489,-0.044
2.671,-0.108
1.771,1.633
1.753,1.603
0.691,1.077
-0.463,2.314
-1.515,-0.422
1.861,2.072
1.214,0.877
0.814,0.199
0.792,0.892
0.833,0.008
0.712,-0.289
0.738,0.857
-1.549,-0.794
-2.707,-1.1
0.434,-1.028
0.382,-0.997
2.805,2.673
-0.093,0.554
-0.227,-0.918
-0.251,-0.072
-0.358,0.031
-0.421,-0.798
-0.282,2.059
-0.461,1.934
-0.363,-0.926
-0.426,2.05
-0.439,-0.311
-0.73,-0.713
-0.631,-0.564
-0.637,-0.17
-0.765,-0.041
-0.818,0.741
-1.027,-1.372
-1.044,-0.743
-1.057,0.172
-1.098,1.539
-1.156,-1.117
-1.219,0.686
-1.263,1.053
-1.317,1.872
-1.294,0.515
-1.217,1.681
-1.411,0.195
-1.43,-0.021
-1.548,-0.32
-1.512,-0.398
-1.551,-0.831
-1.597,1.848
-1.728,-0.036
-1.656,2.134
-1.947,-0.053
-2.191,-0.941
-2.27,-0.191
-2.252,1.375
-2.384,-0.611
-2.384,0.184
-2.546,0.843
-2.486,0.809
-2.614,-0.492
-2.494,0.816
-2.522,1.362
-2.765,-0.154
-2.676,-0.666
-2.992,2.128
-2.879,1.296
-2.945,0.574
-3.096,-1.412
3.101,2.224
3.121,-1.632
-3.062,-1.653
3.07,-0.664
-3.09,-1.392
3.109,0.015
3.092,1.82
2.989,2.209
2.831,0.805
2.818,1.602
2.794,1.842
2.736,2.207
2.732,1.781
2.64,0.601
2.634,0.998
2.488,2.177
2.623,-1.636
2.567,-0.914
2.433,1.697
2.54,1.96
2.403,2.268
2.344,-0.154
2.433,-1.006
2.421,-0.38
2.315,0.682
2.185,-0.012
2.318,-1.01
2.157,1.925
2.121,-1.387
2.218,-0.918
2.06,1.068
2.147,1.691
2.08,0.928
2.02,0.653
1.883,-0.214
1.752,-0.217
1.734,-1.526
1.705,2.1
1.676,0.827
1.506,1.87
1.457,-0.999
1.412,-1.618
1.377,-0.162
1.472,-0.337
1.405,1.549
1.277,0.667
1.154,-0.634
1.251,-0.763
1.039,-1.532
0.675,-0.107
0.627,-0.863
0.594,-1.584
0.549,0.613
0.533,0.791
0.548,0.879
0.513,0.02
0.356,1.975
0.483,0.622
0.336,0.686
0.31,1.867
0.185,0.181
0.153,1.331
-0.005,-1.989
-0.54,-2.15
-0.439,-1.811
-1.696,-2.018
-1.989,-1.799
-2.647,-2.178
-2.863,-1.834
-2.941,-2.032
-3.035,-1.886
2.049,-2.126
1.496,-1.776
0.279,-1.939
-0.17,2.302
-0.738,2.336
-0.87,2.391
-1.2,2.389
-1.505,2.164
-2.589,2.314
2.445,2.351
1.609,2.443
-2.871,1.129
-3.022,1.626
3.01,-0.913
1.975,-1.428
-2.375,-0.685
2.785,-0.749
1.885,0.992
1.867,0.962
0.805,0.436
-0.349,1.673
-1.401,-1.063
1.975,1.431
1.328,0.236
0.928,-0.442
0.906,0.251
0.947,-0.633
0.826,-0.93
0.852,0.216
-1.435,-1.435
-2.593,-1.741
0.548,-1.669
0.496,-1.638
2.919,2.032
-0.134,-1.472
-0.158,-0.626
-0.265,-0.523
-0.328,-1.352
-0.189,1.505
-0.368,1.38
-0.27,-1.48
-0.333,1.496
-0.346,-0.865
-0.637,-1.267
-0.538,-1.118
-0.544,-0.724
-0.672,-0.595
-0.725,0.187
-0.934,-1.926
-0.951,-1.297
-0.964,-0.382
-1.005,0.985
-1.063,-1.671
-1.126,0.132
-1.17,0.499
-1.224,1.318
-1.201,-0.039
-1.124,1.127
-1.318,-0.359
-1.337,-0.575
-1.455,-0.874
-1.419,-0.952
-1.458,-1.385
-1.504,1.294
-1.635,-0.59
-1.563,1.58
-1.854,-0.607
-2.098,-1.495
-2.177,-0.745
-2.159,0.821
-2.291,-1.165
-2.291,-0.37
-2.453,0.289
-2.393,0.255
-2.521,-1.046
-2.401,0.262
-2.429,0.808
-2.672,-0.708
-2.583,-1.22
-2.899,1.574
-2.786,0.742
-2.852,0.02
-3.003,-1.966
-3.089,1.67
-3.069,-2.186
-2.969,-2.207
-3.12,-1.218
-2.997,-1.946
-3.081,-0.539
-3.098,1.266
3.082,1.655
2.924,0.251
2.911,1.048
2.887,1.288
2.829,1.653
2.825,1.227
2.733,0.047
2.727,0.444
2.581,1.623
2.716,-2.19
2.66,-1.468
2.526,1.143
2.633,1.406
2.496,1.714
2.437,-0.708
2.526,-1.56
2.514,-0.934
2.408,0.128
2.278,-0.566
2.411,-1.564
2.25,1.371
2.214,-1.941
2.311,-1.472
2.153,0.514
2.24,1.137
2.173,0.374
2.113,0.099
1.976,-0.768
1.845,-0.771
1.827,-2.08
1.798,1.546
1.769,0.273
1.599,1.316
1.55,-1.553
1.505,-2.172
1.47,-0.716
1.565,-0.891
1.498,0.995
1.37,0.113
1.247,-1.188
1.344,-1.317
1.132,-2.086
0.768,-0.661
0.72,-1.417
0.687,-2.138
0.642,0.059
0.626,0.237
0.641,0.325
0.606,-0.534
0.449,1.421
0.576,0.068
0.429,0.132
0.403,1.313
0.278,-0.373
0.246,0.777
0.088,-2.543
-0.447,-2.704
-0.346,-2.365
-1.603,-2.572
-1.896,-2.353
-2.554,-2.732
-2.77,-2.388
-2.848,-2.586
-2.942,-2.44
2.142,-2.68
1.589,-2.33
0.372,-2.493
-0.077,1.748
-0.645,1.782
-0.777,1.837
-1.107,1.835
-1.412,1.61
-2.496,1.76
2.538,1.797
1.702,1.889
-2.778,0.575
-2.929,1.072
3.103,-1.467
2.068,-1.982
-2.282,-1.239
2.878,-1.303
1.978,0.438
1.96,0.408
0.898,-0.118
-0.256,1.119
-1.308,-1.617
2.068,0.877
1.421,-0.318
1.021,-0.996
0.999,-0.303
1.04,-1.187
0.919,-1.484
0.945,-0.338
-1.342,-1.989
-2.5,-2.295
0.641,-2.223
0.589,-2.192
3.012,1.478
-0.024,0.846
-0.131,0.949
-0.194,0.12
-0.055,2.977
-0.234,2.852
-0.136,-0.008
-0.199,2.968
-0.212,0.607
-0.503,0.205
-0.404,0.354
-0.41,0.748
-0.538,0.877
-0.591,1.659
-0.8,-0.454
-0.817,0.175
-0.83,1.09
-0.871,2.457
-0.929,-0.199
-0.992,1.604
-1.036,1.971
-1.09,2.79
-1.067,1.433
-0.99,2.599
-1.184,1.113
-1.203,0.897
-1.321,0.598
-1.285,0.52
-1.324,0.087
-1.37,2.766
-1.501,0.882
-1.429,3.052
-1.72,0.865
-1.964,-0.023
-2.043,0.727
-2.025,2.293
-2.157,0.307
-2.157,1.102
-2.319,1.761
-2.259,1.727
-2.387,0.426
-2.267,1.734
-2.295,2.28
-2.538,0.764
-2.449,0.252
-2.765,3.046
-2.652,2.214
-2.718,1.492
-2.869,-0.494
-2.955,3.142
-2.935,-0.714
-2.835,-0.735
-2.986,0.254
-2.863,-0.474
-2.947,0.933
-2.964,2.738
-3.067,3.127
3.058,1.723
3.045,2.52
3.021,2.76
2.963,3.125
2.959,2.699
2.867,1.519
2.861,1.916
2.715,3.095
2.85,-0.718
2.794,0.004
2.66,2.615
2.767,2.878
2.63,3.186
2.571,0.764
2.66,-0.088
2.648,0.538
2.542,1.6
2.412,0.906
2.545,-0.092
2.384,2.843
2.348,-0.469
2.445,0.0
2.287,1.986
2.374,2.609
2.307,1.846
2.247,1.571
2.11,0.704
1.979,0.701
1.961,-0.608
1.932,3.018
1.903,1.745
1.733,2.788
1.684,-0.081
1.639,-0.7
1.604,0.756
1.699,0.581
1.632,2.467
1.504,1.585
1.381,0.284
1.478,0.155
1.266,-0.614
0.902,0.811
0.854,0.055
0.821,-0.666
0.776,1.531
0.76,1.709
0.775,1.797
0.74,0.938
0.583,2.893
0.71,1.54
0.563,1.604
0.537,2.785
0.412,1.099
0.38,2.249
0.222,-1.071
-0.313,-1.232
-0.212,-0.893
-1.469,-1.1
-1.762,-0.881
-2.42,-1.26
-2.636,-0.916
-2.714,-1.114
-2.808,-0.968
2.276,-1.208
1.723,-0.858
0.506,-1.021
0.057,3.22
-0.511,3.254
-0.643,3.309
-0.973,3.307
-1.278,3.082
-2.362,3.232
2.672,3.269
1.836,3.361
-2.644,2.047
-2.795,2.544
-3.046,0.005
2.202,-0.51
-2.148,0.233
3.012,0.169
2.112,1.91
2.094,1.88
1.032,1.354
-0.122,2.591
-1.174,-0.145
2.202,2.349
1.555,1.154
1.155,0.476
1.133,1.169
1.174,0.285
1.053,-0.012
1.079,1.134
-1.208,-0.517
-2.366,-0.823
0.775,-0.751
0.723,-0.72
-3.137,2.95
-0.107,0.103
-0.17,-0.726
-0.031,2.131
-0.21,2.006
-0.112,-0.854
-0.175,2.122
-0.188,-0.239
-0.479,-0.641
-0.38,-0.492
-0.386,-0.098
-0.514,0.031
-0.567,0.813
-0.776,-1.3
-0.793,-0.671
-0.806,0.244
-0.847,1.611
-0.905,-1.045
-0.968,0.758
-1.012,1.125
-1.066,1.944
-1.043,0.587
-0.966,1.753
-1.16,0.267
-1.179,0.051
-1.297,-0.248
-1.261,-0.326
-1.3,-0.759
-1.346,1.92
-1.477,0.036
-1.405,2.206
-1.696,0.019
-1.94,-0.869
-2.019,-0.119
-2.001,1.447
-2.133,-0.539
-2.133,0.256
-2.295,0.915
-2.235,0.881
-2.363,-0.42
-2.243,0.888
-2.271,1.434
-2.514,-0.082
-2.425,-0.594
-2.741,2.2
-2.628,1.368
-2.694,0.646
-2.845,-1.34
-2.931,2.296
-2.911,-1.56
-2.811,-1.581
-2.962,-0.592
-2.839,-1.32
-2.923,0.087
-2.94,1.892
-3.043,2.281
3.082,0.877
3.069,1.674
3.045,1.914
2.987,2.279
2.983,1.853
2.891,0.673
2.885,1.07
2.739,2.249
2.874,-1.564
2.818,-0.842
2.684,1.769
2.791,2.032
2.654,2.34
2.595,-0.082
2.684,-0.934
2.672,-0.308
2.566,0.754
2.436,0.06
2.569,-0.938
2.408,1.997
2.372,-1.315
2.469,-0.846
2.311,1.14
2.398,1.763
2.331,1.0
2.271,0.725
2.134,-0.142
2.003,-0.145
1.985,-1.454
1.956,2.172
1.927,0.899
1.757,1.942
1.708,-0.927
1.663,-1.546
1.628,-0.09
1.723,-0.265
1.656,1.621
1.528,0.739
1.405,-0.562
1.502,-0.691
1.29,-1.46
0.926,-0.035
0.878,-0.791
0.845,-1.512
0.8,0.685
0.784,0.863
0.799,0.951
0.764,0.092
0.607,2.047
0.734,0.694
0.587,0.758
0.561,1.939
0.436,0.253
0.404,1.403
0.246,-1.917
-0.289,-2.078
-0.188,-1.739
-1.445,-1.946
-1.738,-1.727
-2.396,-2.106
-2.612,-1.762
-2.69,-1.96
-2.784,-1.814
2.3,-2.054
1.747,-1.704
0.53,-1.867
0.081,2.374
-0.487,2.408
-0.619,2.463
-0.949,2.461
-1.254,2.236
-2.338,2.386
2.696,2.423
1.86,2.515
-2.62,1.201
-2.771,1.698
-3.022,-0.841
2.226,-1.356
-2.124,-0.613
3.036,-0.677
2.136,1.064
2.118,1.034
1.056,0.508
-0.098,1.745
-1.15,-0.991
2.226,1.503
1.579,0.308
1.179,-0.37
1.157,0.323
1.198,-0.561
1.077,-0.858
1.103,0.288
-1.184,-1.363
-2.342,-1.669
0.799,-1.597
0.747,-1.566
-3.113,2.104
-0.063,-0.829
0.076,2.028
-0.103,1.903
-0.005,-0.957
-0.068,2.019
-0.081,-0.342
-0.372,-0.744
-0.273,-0.595
-0.279,-0.201
-0.407,-0.072
-0.46,0.71
-0.669,-1.403
-0.686,-0.774
-0.699,0.141
-0.74,1.508
-0.798,-1.148
-0.861,0.655
-0.905,1.022
-0.959,1.841
-0.936,0.484
-0.859,1.65
-1.053,0.164
-1.072,-0.052
-1.19,-0.351
-1.154,-0.429
-1.193,-0.862
-1.239,1.817
-1.37,-0.067
-1.298,2.103
-1.589,-0.084
-1.833,-0.972
-1.912,-0.222
-1.894,1.344
-2.026,-0.642
-2.026,0.153
-2.188,0.812
-2.128,0.778
-2.256,-0.523
-2.136,0.785
-2.164,1.331
-2.407,-0.185
-2.318,-0.697
-2.634,2.097
-2.521,1.265
-2.587,0.543
-2.738,-1.443
-2.824,2.193
-2.804,-1.663
-2.704,-1.684
-2.855,-0.695
-2.732,-1.423
-2.816,-0.016
-2.833,1.789
-2.936,2.178
-3.094,0.774
-3.107,1.571
-3.131,1.811
3.094,2.176
3.09,1.75
2.998,0.57
2.992,0.967
2.846,2.146
2.981,-1.667
2.925,-0.945
2.791,1.666
2.898,1.929
2.761,2.237
2.702,-0.185
2.791,-1.037
2.779,-0.411
2.673,0.651
2.543,-0.043
2.676,-1.041
2.515,1.894
2.479,-1.418
2.576,-0.949
2.418,1.037
2.505,1.66
2.438,0.897
2.378,0.622
2.241,-0.245
2.11,-0.248
2.092,-1.557
2.063,2.069
2.034,0.796
1.864,1.839
1.815,-1.03
1.77,-1.649
1.735,-0.193
1.83,-0.368
1.763,1.518
1.635,0.636
1.512,-0.665
1.609,-0.794
1.397,-1.563
1.033,-0.138
0.985,-0.894
0.952,-1.615
0.907,0.582
0.891,0.76
0.906,0.848
0.871,-0.011
0.714,1.944
0.841,0.591
0.694,0.655
0.668,1.836
0.543,0.15
0.511,1.3
0.353,-2.02
-0.182,-2.181
-0.081,-1.842
-1.338,-2.049
-1.631,-1.83
-2.289,-2.209
-2.505,-1.865
-2.583,-2.063
-2.677,-1.917
2.407,-2.157
1.854,-1.807
0.637,-1.97
0.188,2.271
-0.38,2.305
-0.512,2.36
-0.842,2.358
-1.147,2.133
-2.231,2.283
2.803,2.32
1.967,2.412
-2.513,1.098
-2.664,1.595
-2.915,-0.944
2.333,-1.459
-2.017,-0.716
-3.14,-0.78
2.243,0.961
2.225,0.931
1.163,0.405
0.009,1.642
-1.043,-1.094
2.333,1.4
1.686,0.205
1.286,-0.473
1.264,0.22
1.305,-0.664
1.184,-0.961
1.21,0.185
-1.077,-1.466
-2.235,-1.772
0.906,-1.7
0.854,-1.669
-3.006,2.001
0.139,2.857
-0.04,2.732
0.058,-0.128
-0.005,2.848
-0.018,0.487
-0.309,0.085
-0.21,0.234
-0.216,0.628
-0.344,0.757
-0.397,1.539
-0.606,-0.574
-0.623,0.055
-0.636,0.97
-0.677,2.337
-0.735,-0.319
-0.798,1.484
-0.842,1.851
-0.896,2.67
-0.873,1.313
-0.796,2.479
-0.99,0.993
-1.009,0.777
-1.127,0.478
-1.091,0.4
-1.13,-0.033
-1.176,2.646
-1.307,0.762
-1.235,2.932
-1.526,0.745
-1.77,-0.143
-1.849,0.607
-1.831,2.173
-1.963,0.187
-1.963,0.982
-2.125,1.641
-2.065,1.607
-2.193,0.306
-2.073,1.614
-2.101,2.16
-2.344,0.644
-2.255,0.132
-2.571,2.926
-2.458,2.094
-2.524,1.372
-2.675,-0.614
-2.761,3.022
-2.741,-0.834
-2.641,-0.855
-2.792,0.134
-2.669,-0.594
-2.753,0.813
-2.77,2.618
-2.873,3.007
-3.031,1.603
-3.044,2.4
-3.068,2.64
-3.126,3.005
-3.13,2.579
3.061,1.399
3.055,1.796
2.909,2.975
3.044,-0.838
2.988,-0.116
2.854,2.495
2.961,2.758
2.824,3.066
2.765,0.644
2.854,-0.208
2.842,0.418
2.736,1.48
2.606,0.786
2.739,-0.212
2.578,2.723
2.542,-0.589
2.639,-0.12
2.481,1.866
2.568,2.489
2.501,1.726
2.441,1.451
2.304,0.584
2.173,0.581
2.155,-0.728
2.126,2.898
2.097,1.625
1.927,2.668
1.878,-0.201
1.833,-0.82
1.798,0.636
1.893,0.461
1.826,2.347
1.698,1.465
1.575,0.164
1.672,0.035
1.46,-0.734
1.096,0.691
1.048,-0.065
1.015,-0.786
0.97,1.411
0.954,1.589
0.969,1.677
0.934,0.818
0.777,2.773
0.904,1.42
0.757,1.484
0.731,2.665
0.606,0.979
0.574,2.129
0.416,-1.191
-0.119,-1.352
-0.018,-1.013
-1.275,-1.22
-1.568,-1.001
-2.226,-1.38
-2.442,-1.036
-2.52,-1.234
-2.614,-1.088
2.47,-1.328
1.917,-0.978
0.7,-1.141
0.251,3.1
-0.317,3.134
-0.449,3.189
-0.779,3.187
-1.084,2.962
-2.168,3.112
2.866,3.149
2.03,3.241
-2.45,1.927
-2.601,2.424
-2.852,-0.115
2.396,-0.63
-1.954,0.113
-3.077,0.049
2.306,1.79
2.288,1.76
1.226,1.234
0.072,2.471
-0.98,-0.265
2.396,2.229
1.749,1.034
1.349,0.356
1.327,1.049
1.368,0.165
1.247,-0.132
1.273,1.014
-1.014,-0.637
-2.172,-0.943
0.969,-0.871
0.917,-0.84
-2.943,2.83
-0.179,-0.125
-0.081,-2.985
-0.144,-0.009
-0.157,-2.37
-0.448,-2.772
-0.349,-2.623
-0.355,-2.229
-0.483,-2.1
-0.536,-1.318
-0.745,-3.431
-0.762,-2.802
-0.775,-1.887
-0.816,-0.52
-0.874,-3.176
-0.937,-1.373
-0.981,-1.006
-1.035,-0.187
-1.012,-1.544
-0.935,-0.378
-1.129,-1.864
-1.148,-2.08
-1.266,-2.379
-1.23,-2.457
-1.269,-2.89
-1.315,-0.211
-1.446,-2.095
-1.374,0.075
-1.665,-2.112
-1.909,-3.0
-1.988,-2.25
-1.97,-0.684
-2.102,-2.67
-2.102,-1.875
-2.264,-1.216
-2.204,-1.25
-2.332,-2.551
-2.212,-1.243
-2.24,-0.697
-2.483,-2.213
-2.394,-2.725
-2.71,0.069
-2.597,-0.763
-2.663,-1.485
-2.814,-3.471
-2.9,0.165
-2.88,-3.691
-2.78,-3.712
-2.931,-2.723
-2.808,-3.451
-2.892,-2.044
-2.909,-0.239
-3.012,0.15
3.113,-1.254
3.1,-0.457
3.076,-0.217
3.018,0.148
3.014,-0.278
2.922,-1.458
2.916,-1.061
2.77,0.118
2.905,-3.695
2.849,-2.973
2.715,-0.362
2.822,-0.099
2.685,0.209
2.626,-2.213
2.715,-3.065
2.703,-2.439
2.597,-1.377
2.467,-2.071
2.6,-3.069
2.439,-0.134
2.403,-3.446
2.5,-2.977
2.342,-0.991
2.429,-0.368
2.362,-1.131
2.302,-1.406
2.165,-2.273
2.034,-2.276
2.016,-3.585
1.987,0.041
1.958,-1.232
1.788,-0.189
1.739,-3.058
1.694,-3.677
1.659,-2.221
1.754,-2.396
1.687,-0.51
1.559,-1.392
1.436,-2.693
1.533,-2.822
1.321,-3.591
0.957,-2.166
0.909,-2.922
0.876,-3.643
0.831,-1.446
0.815,-1.268
0.83,-1.18
0.795,-2.039
0.638,-0.084
0.765,-1.437
0.618,-1.373
0.592,-0.192
0.467,-1.878
0.435,-0.728
0.277,-4.048
-0.258,-4.209
-0.157,-3.87
-1.414,-4.077
-1.707,-3.858
-2.365,-4.237
-2.581,-3.893
-2.659,-4.091
-2.753,-3.945
2.331,-4.185
1.778,-3.835
0.561,-3.998
0.112,0.243
-0.456,0.277
-0.588,0.332
-0.918,0.33
-1.223,0.105
-2.307,0.255
2.727,0.292
1.891,0.384
-2.589,-0.93
-2.74,-0.433
-2.991,-2.972
2.257,-3.487
-2.093,-2.744
3.067,-2.808
2.167,-1.067
2.149,-1.097
1.087,-1.623
-0.067,-0.386
-1.119,-3.122
2.257,-0.628
1.61,-1.823
1.21,-2.501
1.188,-1.808
1.229,-2.692
1.108,-2.989
1.134,-1.843
-1.153,-3.494
-2.311,-3.8
0.83,-3.728
0.778,-3.697
-3.082,-0.027
0.098,-2.86
0.035,0.116
0.022,-2.245
-0.269,-2.647
-0.17,-2.498
-0.176,-2.104
-0.304,-1.975
-0.357,-1.193
-0.566,-3.306
-0.583,-2.677
-0.596,-1.762
-0.637,-0.395
-0.695,-3.051
-0.758,-1.248
-0.802,-0.881
-0.856,-0.062
-0.833,-1.419
-0.756,-0.253
-0.95,-1.739
-0.969,-1.955
-1.087,-2.254
-1.051,-2.332
-1.09,-2.765
-1.136,-0.086
-1.267,-1.97
-1.195,0.2
-1.486,-1.987
-1.73,-2.875
-1.809,-2.125
-1.791,-0.559
-1.923,-2.545
-1.923,-1.75
-2.085,-1.091
-2.025,-1.125
-2.153,-2.426
-2.033,-1.118
-2.061,-0.572
-2.304,-2.088
-2.215,-2.6
-2.531,0.194
-2.418,-0.638
-2.484,-1.36
-2.635,-3.346
-2.721,0.29
-2.701,-3.566
-2.601,-3.587
-2.752,-2.598
-2.629,-3.326
-2.713,-1.919
-2.73,-0.114
-2.833,0.275
-2.991,-1.129
-3.004,-0.332
-3.028,-0.092
-3.086,0.273
-3.09,-0.153
3.101,-1.333
3.095,-0.936
2.949,0.243
3.084,-3.57
3.028,-2.848
2.894,-0.237
3.001,0.026
2.864,0.334
2.805,-2.088
2.894,-2.94
2.882,-2.314
2.776,-1.252
2.646,-1.946
2.779,-2.944
2.618,-0.009
2.582,-3.321
2.679,-2.852
2.521,-0.866
2.608,-0.243
2.541,-1.006
2.481,-1.281
2.344,-2.148
2.213,-2.151
2.195,-3.46
2.166,0.166
2.137,-1.107
1.967,-0.064
1.918,-2.933
1.873,-3.552
1.838,-2.096
1.933,-2.271
1.866,-0.385
1.738,-1.267
1.615,-2.568
1.712,-2.697
1.5,-3.466
1.136,-2.041
1.088,-2.797
1.055,-3.518
1.01,-1.321
0.994,-1.143
1.009,-1.055
0.974,-1.914
0.817,0.041
0.944,-1.312
0.797,-1.248
0.771,-0.067
0.646,-1.753
0.614,-0.603
0.456,-3.923
-0.079,-4.084
0.022,-3.745
-1.235,-3.952
-1.528,-3.733
-2.186,-4.112
-2.402,-3.768
-2.48,-3.966
-2.574,-3.82
2.51,-4.06
1.957,-3.71
0.74,-3.873
0.291,0.368
-0.277,0.402
-0.409,0.457
-0.739,0.455
-1.044,0.23
-2.128,0.38
2.906,0.417
2.07,0.509
-2.41,-0.805
-2.561,-0.308
-2.812,-2.847
2.436,-3.362
-1.914,-2.619
-3.037,-2.683
2.346,-0.942
2.328,-0.972
1.266,-1.498
0.112,-0.261
-0.94,-2.997
2.436,-0.503
1.789,-1.698
1.389,-2.376
1.367,-1.683
1.408,-2.567
1.287,-2.864
1.313,-1.718
-0.974,-3.369
-2.132,-3.675
1.009,-3.603
0.957,-3.572
-2.903,0.098
-0.063,2.976
-0.076,0.615
-0.367,0.213
-0.268,0.362
-0.274,0.756
-0.402,0.885
-0.455,1.667
-0.664,-0.446
-0.681,0.183
-0.694,1.098
-0.735,2.465
-0.793,-0.191
-0.856,1.612
-0.9,1.979
-0.954,2.798
-0.931,1.441
-0.854,2.607
-1.048,1.121
-1.067,0.905
-1.185,0.606
-1.149,0.528
-1.188,0.095
-1.234,2.774
-1.365,0.89
-1.293,3.06
-1.584,0.873
-1.828,-0.015
-1.907,0.735
-1.889,2.301
-2.021,0.315
-2.021,1.11
-2.183,1.769
-2.123,1.735
-2.251,0.434
-2.131,1.742
-2.159,2.288
-2.402,0.772
-2.313,0.26
-2.629,3.054
-2.516,2.222
-2.582,1.5
-2.733,-0.486
-2.819,3.15
-2.799,-0.706
-2.699,-0.727
-2.85,0.262
-2.727,-0.466
-2.811,0.941
-2.828,2.746
-2.931,3.135
-3.089,1.731
-3.102,2.528
-3.126,2.768
3.099,3.133
3.095,2.707
3.003,1.527
2.997,1.924
2.851,3.103
2.986,-0.71
2.93,0.012
2.796,2.623
2.903,2.886
2.766,3.194
2.707,0.772
2.796,-0.08
2.784,0.546
2.678,1.608
2.548,0.914
2.681,-0.084
2.52,2.851
2.484,-0.461
2.581,0.008
2.423,1.994
2.51,2.617
2.443,1.854
2.383,1.579
2.246,0.712
2.115,0.709
2.097,-0.6
2.068,3.026
2.039,1.753
1.869,2.796
1.82,-0.073
1.775,-0.692
1.74,0.764
1.835,0.589
1.768,2.475
1.64,1.593
1.517,0.292
1.614,0.163
1.402,-0.606
1.038,0.819
0.99,0.063
0.957,-0.658
0.912,1.539
0.896,1.717
0.911,1.805
0.876,0.946
0.719,2.901
0.846,1.548
0.699,1.612
0.673,2.793
0.548,1.107
0.516,2.257
0.358,-1.063
-0.177,-1.224
-0.076,-0.885
-1.333,-1.092
-1.626,-0.873
-2.284,-1.252
-2.5,-0.908
-2.578,-1.106
-2.672,-0.96
2.412,-1.2
1.859,-0.85
0.642,-1.013
0.193,3.228
-0.375,3.262
-0.507,3.317
-0.837,3.315
-1.142,3.09
-2.226,3.24
2.808,3.277
1.972,3.369
-2.508,2.055
-2.659,2.552
-2.91,0.013
2.338,-0.502
-2.012,0.241
-3.135,0.177
2.248,1.918
2.23,1.888
1.168,1.362
0.014,2.599
-1.038,-0.137
2.338,2.357
1.691,1.162
1.291,0.484
1.269,1.177
1.31,0.293
1.189,-0.004
1.215,1.142
-1.072,-0.509
-2.23,-0.815
0.911,-0.743
0.859,-0.712
-3.001,2.958
-0.013,-2.361
-0.304,-2.763
-0.205,-2.614
-0.211,-2.22
-0.339,-2.091
-0.392,-1.309
-0.601,-3.422
-0.618,-2.793
-0.631,-1.878
-0.672,-0.511
-0.73,-3.167
-0.793,-1.364
-0.837,-0.997
-0.891,-0.178
-0.868,-1.535
-0.791,-0.369
-0.985,-1.855
-1.004,-2.071
-1.122,-2.37
-1.086,-2.448
-1.125,-2.881
-1.171,-0.202
-1.302,-2.086
-1.23,0.084
-1.521,-2.103
-1.765,-2.991
-1.844,-2.241
-1.826,-0.675
-1.958,-2.661
-1.958,-1.866
-2.12,-1.207
-2.06,-1.241
-2.188,-2.542
-2.068,-1.234
-2.096,-0.688
-2.339,-2.204
-2.25,-2.716
-2.566,0.078
-2.453,-0.754
-2.519,-1.476
-2.67,-3.462
-2.756,0.174
-2.736,-3.682
-2.636,-3.703
-2.787,-2.714
-2.664,-3.442
-2.748,-2.035
-2.765,-0.23
-2.868,0.159
-3.026,-1.245
-3.039,-0.448
-3.063,-0.208
-3.121,0.157
-3.125,-0.269
3.066,-1.449
3.06,-1.052
2.914,0.127
3.049,-3.686
2.993,-2.964
2.859,-0.353
2.966,-0.09
2.829,0.218
2.77,-2.204
2.859,-3.056
2.847,-2.43
2.741,-1.368
2.611,-2.062
2.744,-3.06
2.583,-0.125
2.547,-3.437
2.644,-2.968
2.486,-0.982
2.573,-0.359
2.506,-1.122
2.446,-1.397
2.309,-2.264
2.178,-2.267
2.16,-3.576
2.131,0.05
2.102,-1.223
1.932,-0.18
1.883,-3.049
1.838,-3.668
1.803,-2.212
1.898,-2.387
1.831,-0.501
1.703,-1.383
1.58,-2.684
1.677,-2.813
1.465,-3.582
1.101,-2.157
1.053,-2.913
1.02,-3.634
0.975,-1.437
0.959,-1.259
0.974,-1.171
0.939,-2.03
0.782,-0.075
0.909,-1.428
0.762,-1.364
0.736,-0.183
0.611,-1.869
0.579,-0.719
0.421,-4.039
-0.114,-4.2
-0.013,-3.861
-1.27,-4.068
-1.563,-3.849
-2.221,-4.228
-2.437,-3.884
-2.515,-4.082
-2.609,-3.936
2.475,-4.176
1.922,-3.826
0.705,-3.989
0.256,0.252
-0.312,0.286
-0.444,0.341
-0.774,0.339
-1.079,0.114
-2.163,0.264
2.871,0.301
2.035,0.393
-2.445,-0.921
-2.596,-0.424
-2.847,-2.963
2.401,-3.478
-1.949,-2.735
-3.072,-2.799
2.311,-1.058
2.293,-1.088
1.231,-1.614
0.077,-0.377
-0.975,-3.113
2.401,-0.619
1.754,-1.814
1.354,-2.492
1.332,-1.799
1.373,-2.683
1.252,-2.98
1.278,-1.834
-1.009,-3.485
-2.167,-3.791
0.974,-3.719
0.922,-3.688
-2.938,-0.018
-0.291,-0.402
-0.192,-0.253
-0.198,0.141
-0.326,0.27
-0.379,1.052
-0.588,-1.061
-0.605,-0.432
-0.618,0.483
-0.659,1.85
-0.717,-0.806
-0.78,0.997
-0.824,1.364
-0.878,2.183
-0.855,0.826
-0.778,1.992
-0.972,0.506
-0.991,0.29
-1.109,-0.009
-1.073,-0.087
-1.112,-0.52
-1.158,2.159
-1.289,0.275
-1.217,2.445
-1.508,0.258
-1.752,-0.63
-1.831,0.12
-1.813,1.686
-1.945,-0.3
-1.945,0.495
-2.107,1.154
-2.047,1.12
-2.175,-0.181
-2.055,1.127
-2.083,1.673
-2.326,0.157
-2.237,-0.355
-2.553,2.439
-2.44,1.607
-2.506,0.885
-2.657,-1.101
-2.743,2.535
-2.723,-1.321
-2.623,-1.342
-2.774,-0.353
-2.651,-1.081
-2.735,0.326
-2.752,2.131
-2.855,2.52
-3.013,1.116
-3.026,1.913
-3.05,2.153
-3.108,2.518
-3.112,2.092
3.079,0.912
3.073,1.309
2.927,2.488
3.062,-1.325
3.006,-0.603
2.872,2.008
2.979,2.271
2.842,2.579
2.783,0.157
2.872,-0.695
2.86,-0.069
2.754,0.993
2.624,0.299
2.757,-0.699
2.596,2.236
2.56,-1.076
2.657,-0.607
2.499,1.379
2.586,2.002
2.519,1.239
2.459,0.964
2.322,0.097
2.191,0.094
2.173,-1.215
2.144,2.411
2.115,1.138
1.945,2.181
1.896,-0.688
1.851,-1.307
1.816,0.149
1.911,-0.026
1.844,1.86
1.716,0.978
1.593,-0.323
1.69,-0.452
1.478,-1.221
1.114,0.204
1.066,-0.552
1.033,-1.273
0.988,0.924
0.972,1.102
0.987,1.19
0.952,0.331
0.795,2.286
0.922,0.933
0.775,0.997
0.749,2.178
0.624,0.492
0.592,1.642
0.434,-1.678
-0.101,-1.839
0.0,-1.5
-1.257,-1.707
-1.55,-1.488
-2.208,-1.867
-2.424,-1.523
-2.502,-1.721
-2.596,-1.575
2.488,-1.815
1.935,-1.465
0.718,-1.628
0.269,2.613
-0.299,2.647
-0.431,2.702
-0.761,2.7
-1.066,2.475
-2.15,2.625
2.884,2.662
2.048,2.754
-2.432,1.44
-2.583,1.937
-2.834,-0.602
2.414,-1.117
-1.936,-0.374
-3.059,-0.438
2.324,1.303
2.306,1.273
1.244,0.747
0.09,1.984
-0.962,-0.752
2.414,1.742
1.767,0.547
1.367,-0.131
1.345,0.562
1.386,-0.322
1.265,-0.619
1.291,0.527
-0.996,-1.124
-2.154,-1.43
0.987,-1.358
0.935,-1.327
-2.925,2.343
0.099,0.149
0.093,0.543
-0.035,0.672
-0.088,1.454
-0.297,-0.659
-0.314,-0.03
-0.327,0.885
-0.368,2.252
-0.426,-0.404
-0.489,1.399
-0.533,1.766
-0.587,2.585
-0.564,1.228
-0.487,2.394
-0.681,0.908
-0.7,0.692
-0.818,0.393
-0.782,0.315
-0.821,-0.118
-0.867,2.561
-0.998,0.677
-0.926,2.847
-1.217,0.66
-1.461,-0.228
-1.54,0.522
-1.522,2.088
-1.654,0.102
-1.654,0.897
-1.816,1.556
-1.756,1.522
-1.884,0.221
-1.764,1.529
-1.792,2.075
-2.035,0.559
-1.946,0.047
-2.262,2.841
-2.149,2.009
-2.215,1.287
-2.366,-0.699
-2.452,2.937
-2.432,-0.919
-2.332,-0.94
-2.483,0.049
-2.36,-0.679
-2.444,0.728
-2.461,2.533
-2.564,2.922
-2.722,1.518
-2.735,2.315
-2.759,2.555
-2.817,2.92
-2.821,2.494
-2.913,1.314
-2.919,1.711
-3.065,2.89
-2.93,-0.923
-2.986,-0.201
-3.12,2.41
-3.013,2.673
3.133,2.981
3.074,0.559
-3.12,-0.293
-3.132,0.333
3.045,1.395
2.915,0.701
3.048,-0.297
2.887,2.638
2.851,-0.674
2.948,-0.205
2.79,1.781
2.877,2.404
2.81,1.641
2.75,1.366
2.613,0.499
2.482,0.496
2.464,-0.813
2.435,2.813
2.406,1.54
2.236,2.583
2.187,-0.286
2.142,-0.905
2.107,0.551
2.202,0.376
2.135,2.262
2.007,1.38
1.884,0.079
1.981,-0.05
1.769,-0.819
1.405,0.606
1.357,-0.15
1.324,-0.871
1.279,1.326
1.263,1.504
1.278,1.592
1.243,0.733
1.086,2.688
1.213,1.335
1.066,1.399
1.04,2.58
0.915,0.894
0.883,2.044
0.725,-1.276
0.19,-1.437
0.291,-1.098
-0.966,-1.305
-1.259,-1.086
-1.917,-1.465
-2.133,-1.121
-2.211,-1.319
-2.305,-1.173
2.779,-1.413
2.226,-1.063
1.009,-1.226
0.56,3.015
-0.008,3.049
-0.14,3.104
-0.47,3.102
-0.775,2.877
-1.859,3.027
-3.108,3.064
2.339,3.156
-2.141,1.842
-2.292,2.339
-2.543,-0.2
2.705,-0.715
-1.645,0.028
-2.768,-0.036
2.615,1.705
2.597,1.675
1.535,1.149
0.381,2.386
-0.671,-0.35
2.705,2.144
2.058,0.949
1.658,0.271
1.636,0.964
1.677,0.08
1.556,-0.217
1.582,0.929
-0.705,-0.722
-1.863,-1.028
1.278,-0.956
1.226,-0.925
-2.634,2.745
-0.006,0.394
-0.134,0.523
-0.187,1.305
-0.396,-0.808
-0.413,-0.179
-0.426,0.736
-0.467,2.103
-0.525,-0.553
-0.588,1.25
-0.632,1.617
-0.686,2.436
-0.663,1.079
-0.586,2.245
-0.78,0.759
-0.799,0.543
-0.917,0.244
-0.881,0.166
-0.92,-0.267
-0.966,2.412
-1.097,0.528
-1.025,2.698
-1.316,0.511
-1.56,-0.377
-1.639,0.373
-1.621,1.939
-1.753,-0.047
-1.753,0.748
-1.915,1.407
-1.855,1.373
-1.983,0.072
-1.863,1.38
-1.891,1.926
-2.134,0.41
-2.045,-0.102
-2.361,2.692
-2.248,1.86
-2.314,1.138
-2.465,-0.848
-2.551,2.788
-2.531,-1.068
-2.431,-1.089
-2.582,-0.1
-2.459,-0.828
-2.543,0.579
-2.56,2.384
-2.663,2.773
-2.821,1.369
-2.834,2.166
-2.858,2.406
-2.916,2.771
-2.92,2.345
-3.012,1.165
-3.018,1.562
3.119,2.741
-3.029,-1.072
-3.085,-0.35
3.064,2.261
-3.112,2.524
3.034,2.832
2.975,0.41
3.064,-0.442
3.052,0.184
2.946,1.246
2.816,0.552
2.949,-0.446
2.788,2.489
2.752,-0.823
2.849,-0.354
2.691,1.632
2.778,2.255
2.711,1.492
2.651,1.217
2.514,0.35
2.383,0.347
2.365,-0.962
2.336,2.664
2.307,1.391
2.137,2.434
2.088,-0.435
2.043,-1.054
2.008,0.402
2.103,0.227
2.036,2.113
1.908,1.231
1.785,-0.07
1.882,-0.199
1.67,-0.968
1.306,0.457
1.258,-0.299
1.225,-1.02
1.18,1.177
1.164,1.355
1.179,1.443
1.144,0.584
0.987,2.539
1.114,1.186
0.967,1.25
0.941,2.431
0.816,0.745
0.784,1.895
0.626,-1.425
0.091,-1.586
0.192,-1.247
-1.065,-1.454
-1.358,-1.235
-2.016,-1.614
-2.232,-1.27
-2.31,-1.468
-2.404,-1.322
2.68,-1.562
2.127,-1.212
0.91,-1.375
0.461,2.866
-0.107,2.9
-0.239,2.955
-0.569,2.953
-0.874,2.728
-1.958,2.878
3.076,2.915
2.24,3.007
-2.24,1.693
-2.391,2.19
-2.642,-0.349
2.606,-0.864
-1.744,-0.121
-2.867,-0.185
2.516,1.556
2.498,1.526
1.436,1.0
0.282,2.237
-0.77,-0.499
2.606,1.995
1.959,0.8
1.559,0.122
1.537,0.815
1.578,-0.069
1.457,-0.366
1.483,0.78
-0.804,-0.871
-1.962,-1.177
1.179,-1.105
1.127,-1.074
-2.733,2.596
-0.128,0.129
-0.181,0.911
-0.39,-1.202
-0.407,-0.573
-0.42,0.342
-0.461,1.709
-0.519,-0.947
-0.582,0.856
-0.626,1.223
-0.68,2.042
-0.657,0.685
-0.58,1.851
-0.774,0.365
-0.793,0.149
-0.911,-0.15
-0.875,-0.228
-0.914,-0.661
-0.96,2.018
-1.091,0.134
-1.019,2.304
-1.31,0.117
-1.554,-0.771
-1.633,-0.021
-1.615,1.545
-1.747,-0.441
-1.747,0.354
-1.909,1.013
-1.849,0.979
-1.977,-0.322
-1.857,0.986
-1.885,1.532
-2.128,0.016
-2.039,-0.496
-2.355,2.298
-2.242,1.466
-2.308,0.744
-2.459,-1.242
-2.545,2.394
-2.525,-1.462
-2.425,-1.483
-2.576,-0.494
-2.453,-1.222
-2.537,0.185
-2.554,1.99
-2.657,2.379
-2.815,0.975
-2.828,1.772
-2.852,2.012
-2.91,2.377
-2.914,1.951
-3.006,0.771
-3.012,1.168
3.125,2.347
-3.023,-1.466
-3.079,-0.744
3.07,1.867
-3.106,2.13
3.04,2.438
2.981,0.016
3.07,-0.836
3.058,-0.21
2.952,0.852
2.822,0.158
2.955,-0.84
2.794,2.095
2.758,-1.217
2.855,-0.748
2.697,1.238
2.784,1.861
2.717,1.098
2.657,0.823
2.52,-0.044
2.389,-0.047
2.371,-1.356
2.342,2.27
2.313,0.997
2.143,2.04
2.094,-0.829
2.049,-1.448
2.014,0.008
2.109,-0.167
2.042,1.719
1.914,0.837
1.791,-0.464
1.888,-0.593
1.676,-1.362
1.312,0.063
1.264,-0.693
1.231,-1.414
1.186,0.783
1.17,0.961
1.185,1.049
1.15,0.19
0.993,2.145
1.12,0.792
0.973,0.856
0.947,2.037
0.822,0.351
0.79,1.501
0.632,-1.819
0.097,-1.98
0.198,-1.641
-1.059,-1.848
-1.352,-1.629
-2.01,-2.008
-2.226,-1.664
-2.304,-1.862
-2.398,-1.716
2.686,-1.956
2.133,-1.606
0.916,-1.769
0.467,2.472
-0.101,2.506
-0.233,2.561
-0.563,2.559
-0.868,2.334
-1.952,2.484
3.082,2.521
2.246,2.613
-2.234,1.299
-2.385,1.796
-2.636,-0.743
2.612,-1.258
-1.738,-0.515
-2.861,-0.579
2.522,1.162
2.504,1.132
1.442,0.606
0.288,1.843
-0.764,-0.893
2.612,1.601
1.965,0.406
1.565,-0.272
1.543,0.421
1.584,-0.463
1.463,-0.76
1.489,0.386
-0.798,-1.265
-1.956,-1.571
1.185,-1.499
1.133,-1.468
-2.727,2.202
-0.053,0.782
-0.262,-1.331
-0.279,-0.702
-0.292,0.213
-0.333,1.58
-0.391,-1.076
-0.454,0.727
-0.498,1.094
-0.552,1.913
-0.529,0.556
-0.452,1.722
-0.646,0.236
-0.665,0.02
-0.783,-0.279
-0.747,-0.357
-0.786,-0.79
-0.832,1.889
-0.963,0.005
-0.891,2.175
-1.182,-0.012
-1.426,-0.9
-1.505,-0.15
-1.487,1.416
-1.619,-0.57
-1.619,0.225
-1.781,0.884
-1.721,0.85
-1.849,-0.451
-1.729,0.857
-1.757,1.403
-2.0,-0.113
-1.911,-0.625
-2.227,2.169
-2.114,1.337
-2.18,0.615
-2.331,-1.371
-2.417,2.265
-2.397,-1.591
-2.297,-1.612
-2.448,-0.623
-2.325,-1.351
-2.409,0.056
-2.426,1.861
-2.529,2.25
-2.687,0.846
-2.7,1.643
-2.724,1.883
-2.782,2.248
-2.786,1.822
-2.878,0.642
-2.884,1.039
-3.03,2.218
-2.895,-1.595
-2.951,-0.873
-3.085,1.738
-2.978,2.001
-3.115,2.309
3.109,-0.113
-3.085,-0.965
-3.097,-0.339
3.08,0.723
2.95,0.029
3.083,-0.969
2.922,1.966
2.886,-1.346
2.983,-0.877
2.825,1.109
2.912,1.732
2.845,0.969
2.785,0.694
2.648,-0.173
2.517,-0.176
2.499,-1.485
2.47,2.141
2.441,0.868
2.271,1.911
2.222,-0.958
2.177,-1.577
2.142,-0.121
2.237,-0.296
2.17,1.59
2.042,0.708
1.919,-0.593
2.016,-0.722
1.804,-1.491
1.44,-0.066
1.392,-0.822
1.359,-1.543
1.314,0.654
1.298,0.832
1.313,0.92
1.278,0.061
1.121,2.016
1.248,0.663
1.101,0.727
1.075,1.908
0.95,0.222
0.918,1.372
0.76,-1.948
0.225,-2.109
0.326,-1.77
-0.931,-1.977
-1.224,-1.758
-1.882,-2.137
-2.098,-1.793
-2.176,-1.991
-2.27,-1.845
2.814,-2.085
2.261,-1.735
1.044,-1.898
0.595,2.343
0.027,2.377
-0.105,2.432
-0.435,2.43
-0.74,2.205
-1.824,2.355
-3.073,2.392
2.374,2.484
-2.106,1.17
-2.257,1.667
-2.508,-0.872
2.74,-1.387
-1.61,-0.644
-2.733,-0.708
2.65,1.033
2.632,1.003
1.57,0.477
0.416,1.714
-0.636,-1.022
2.74,1.472
2.093,0.277
1.693,-0.401
1.671,0.292
1.712,-0.592
1.591,-0.889
1.617,0.257
-0.67,-1.394
-1.828,-1.7
1.313,-1.628
1.261,-1.597
-2.599,2.073
-0.209,-2.113
-0.226,-1.484
-0.239,-0.569
-0.28,0.798
-0.338,-1.858
-0.401,-0.055
-0.445,0.312
-0.499,1.131
-0.476,-0.226
-0.399,0.94
-0.593,-0.546
-0.612,-0.762
-0.73,-1.061
-0.694,-1.139
-0.733,-1.572
-0.779,1.107
-0.91,-0.777
-0.838,1.393
-1.129,-0.794
-1.373,-1.682
-1.452,-0.932
-1.434,0.634
-1.566,-1.352
-1.566,-0.557
-1.728,0.102
-1.668,0.068
-1.796,-1.233
-1.676,0.075
-1.704,0.621
-1.947,-0.895
-1.858,-1.407
-2.174,1.387
-2.061,0.555
-2.127,-0.167
-2.278,-2.153
-2.364,1.483
-2.344,-2.373
-2.244,-2.394
-2.395,-1.405
-2.272,-2.133
-2.356,-0.726
-2.373,1.079
-2.476,1.468
-2.634,0.064
-2.647,0.861
-2.671,1.101
-2.729,1.466
-2.733,1.04
-2.825,-0.14
-2.831,0.257
-2.977,1.436
-2.842,-2.377
-2.898,-1.655
-3.032,0.956
-2.925,1.219
-3.062,1.527
-3.121,-0.895
-3.032,-1.747
-3.044,-1.121
3.133,-0.059
3.003,-0.753
3.136,-1.751
2.975,1.184
2.939,-2.128
3.036,-1.659
2.878,0.327
2.965,0.95
2.898,0.187
2.838,-0.088
2.701,-0.955
2.57,-0.958
2.552,-2.267
2.523,1.359
2.494,0.086
2.324,1.129
2.275,-1.74
2.23,-2.359
2.195,-0.903
2.29,-1.078
2.223,0.808
2.095,-0.074
1.972,-1.375
2.069,-1.504
1.857,-2.273
1.493,-0.848
1.445,-1.604
1.412,-2.325
1.367,-0.128
1.351,0.05
1.366,0.138
1.331,-0.721
1.174,1.234
1.301,-0.119
1.154,-0.055
1.128,1.126
1.003,-0.56
0.971,0.59
0.813,-2.73
0.278,-2.891
0.379,-2.552
-0.878,-2.759
-1.171,-2.54
-1.829,-2.919
-2.045,-2.575
-2.123,-2.773
-2.217,-2.627
2.867,-2.867
2.314,-2.517
1.097,-2.68
0.648,1.561
0.08,1.595
-0.052,1.65
-0.382,1.648
-0.687,1.423
-1.771,1.573
-3.02,1.61
2.427,1.702
-2.053,0.388
-2.204,0.885
-2.455,-1.654
2.793,-2.169
-1.557,-1.426
-2.68,-1.49
2.703,0.251
2.685,0.221
1.623,-0.305
0.469,0.932
-0.583,-1.804
2.793,0.69
2.146,-0.505
1.746,-1.183
1.724,-0.49
1.765,-1.374
1.644,-1.671
1.67,-0.525
-0.617,-2.176
-1.775,-2.482
1.366,-2.41
1.314,-2.379
-2.546,1.291
-0.017,0.629
-0.03,1.544
-0.071,2.911
-0.129,0.255
-0.192,2.058
-0.236,2.425
-0.29,3.244
-0.267,1.887
-0.19,3.053
-0.384,1.567
-0.403,1.351
-0.521,1.052
-0.485,0.974
-0.524,0.541
-0.57,3.22
-0.701,1.336
-0.629,3.506
-0.92,1.319
-1.164,0.431
-1.243,1.181
-1.225,2.747
-1.357,0.761
-1.357,1.556
-1.519,2.215
-1.459,2.181
-1.587,0.88
-1.467,2.188
-1.495,2.734
-1.738,1.218
-1.649,0.706
-1.965,3.5
-1.852,2.668
-1.918,1.946
-2.069,-0.04
-2.155,3.596
-2.135,-0.26
-2.035,-0.281
-2.186,0.708
-2.063,-0.02
-2.147,1.387
-2.164,3.192
-2.267,3.581
-2.425,2.177
-2.438,2.974
-2.462,3.214
-2.52,3.579
-2.524,3.153
-2.616,1.973
-2.622,2.37
-2.768,3.549
-2.633,-0.264
-2.689,0.458
-2.823,3.069
-2.716,3.332
-2.853,3.64
-2.912,1.218
-2.823,0.366
-2.835,0.992
-2.941,2.054
-3.071,1.36
-2.938,0.362
-3.099,3.297
-3.135,-0.015
-3.038,0.454
3.087,2.44
-3.109,3.063
3.107,2.3
3.047,2.025
2.91,1.158
2.779,1.155
2.761,-0.154
2.732,3.472
2.703,2.199
2.533,3.242
2.484,0.373
2.439,-0.246
2.404,1.21
2.499,1.035
2.432,2.921
2.304,2.039
2.181,0.738
2.278,0.609
2.066,-0.16
1.702,1.265
1.654,0.509
1.621,-0.212
1.576,1.985
1.56,2.163
1.575,2.251
1.54,1.392
1.383,3.347
1.51,1.994
1.363,2.058
1.337,3.239
1.212,1.553
1.18,2.703
1.022,-0.617
0.487,-0.778
0.588,-0.439
-0.669,-0.646
-0.962,-0.427
-1.62,-0.806
-1.836,-0.462
-1.914,-0.66
-2.008,-0.514
3.076,-0.754
2.523,-0.404
1.306,-0.567
0.857,3.674
0.289,3.708
0.157,3.763
-0.173,3.761
-0.478,3.536
-1.562,3.686
-2.811,3.723
2.636,3.815
-1.844,2.501
-1.995,2.998
-2.246,0.459
3.002,-0.056
-1.348,0.687
-2.471,0.623
2.912,2.364
2.894,2.334
1.832,1.808
0.678,3.045
-0.374,0.309
3.002,2.803
2.355,1.608
1.955,0.93
1.933,1.623
1.974,0.739
1.853,0.442
1.879,1.588
-0.408,-0.063
-1.566,-0.369
1.575,-0.297
1.523,-0.266
-2.337,3.404
-0.013,0.915
-0.054,2.282
-0.112,-0.374
-0.175,1.429
-0.219,1.796
-0.273,2.615
-0.25,1.258
-0.173,2.424
-0.367,0.938
-0.386,0.722
-0.504,0.423
-0.468,0.345
-0.507,-0.088
-0.553,2.591
-0.684,0.707
-0.612,2.877
-0.903,0.69
-1.147,-0.198
-1.226,0.552
-1.208,2.118
-1.34,0.132
-1.34,0.927
-1.502,1.586
-1.442,1.552
-1.57,0.251
-1.45,1.559
-1.478,2.105
-1.721,0.589
-1.632,0.077
-1.948,2.871
-1.835,2.039
-1.901,1.317
-2.052,-0.669
-2.138,2.967
-2.118,-0.889
-2.018,-0.91
-2.169,0.079
-2.046,-0.649
-2.13,0.758
-2.147,2.563
-2.25,2.952
-2.408,1.548
-2.421,2.345
-2.445,2.585
-2.503,2.95
-2.507,2.524
-2.599,1.344
-2.605,1.741
-2.751,2.92
-2.616,-0.893
-2.672,-0.171
-2.806,2.44
-2.699,2.703
-2.836,3.011
-2.895,0.589
-2.806,-0.263
-2.818,0.363
-2.924,1.425
-3.054,0.731
-2.921,-0.267
-3.082,2.668
-3.118,-0.644
-3.021,-0.175
3.104,1.811
-3.092,2.434
3.124,1.671
3.064,1.396
2.927,0.529
2.796,0.526
2.778,-0.783
2.749,2.843
2.72,1.57
2.55,2.613
2.501,-0.256
2.456,-0.875
2.421,0.581
2.516,0.406
2.449,2.292
2.321,1.41
2.198,0.109
2.295,-0.02
2.083,-0.789
1.719,0.636
1.671,-0.12
1.638,-0.841
1.593,1.356
1.577,1.534
1.592,1.622
1.557,0.763
1.4,2.718
1.527,1.365
1.38,1.429
1.354,2.61
1.229,0.924
1.197,2.074
1.039,-1.246
0.504,-1.407
0.605,-1.068
-0.652,-1.275
-0.945,-1.056
-1.603,-1.435
-1.819,-1.091
-1.897,-1.289
-1.991,-1.143
3.093,-1.383
2.54,-1.033
1.323,-1.196
0.874,3.045
0.306,3.079
0.174,3.134
-0.156,3.132
-0.461,2.907
-1.545,3.057
-2.794,3.094
2.653,3.186
-1.827,1.872
-1.978,2.369
-2.229,-0.17
3.019,-0.685
-1.331,0.058
-2.454,-0.006
2.929,1.735
2.911,1.705
1.849,1.179
0.695,2.416
-0.357,-0.32
3.019,2.174
2.372,0.979
1.972,0.301
1.95,0.994
1.991,0.11
1.87,-0.187
1.896,0.959
-0.391,-0.692
-1.549,-0.998
1.592,-0.926
1.54,-0.895
-2.32,2.775
-0.041,1.367
-0.099,-1.289
-0.162,0.514
-0.206,0.881
-0.26,1.7
-0.237,0.343
-0.16,1.509
-0.354,0.023
-0.373,-0.193
-0.491,-0.492
-0.455,-0.57
-0.494,-1.003
-0.54,1.676
-0.671,-0.208
-0.599,1.962
-0.89,-0.225
-1.134,-1.113
-1.213,-0.363
-1.195,1.203
-1.327,-0.783
-1.327,0.012
-1.489,0.671
-1.429,0.637
-1.557,-0.664
-1.437,0.644
-1.465,1.19
-1.708,-0.326
-1.619,-0.838
-1.935,1.956
-1.822,1.124
-1.888,0.402
-2.039,-1.584
-2.125,2.052
-2.105,-1.804
-2.005,-1.825
-2.156,-0.836
-2.033,-1.564
-2.117,-0.157
-2.134,1.648
-2.237,2.037
-2.395,0.633
-2.408,1.43
-2.432,1.67
-2.49,2.035
-2.494,1.609
-2.586,0.429
-2.592,0.826
-2.738,2.005
-2.603,-1.808
-2.659,-1.086
-2.793,1.525
-2.686,1.788
-2.823,2.096
-2.882,-0.326
-2.793,-1.178
-2.805,-0.552
-2.911,0.51
-3.041,-0.184
-2.908,-1.182
-3.069,1.753
-3.105,-1.559
-3.008,-1.09
3.117,0.896
-3.079,1.519
3.137,0.756
3.077,0.481
2.94,-0.386
2.809,-0.389
2.791,-1.698
2.762,1.928
2.733,0.655
2.563,1.698
2.514,-1.171
2.469,-1.79
2.434,-0.334
2.529,-0.509
2.462,1.377
2.334,0.495
2.211,-0.806
2.308,-0.935
2.096,-1.704
1.732,-0.279
1.684,-1.035
1.651,-1.756
1.606,0.441
1.59,0.619
1.605,0.707
1.57,-0.152
1.413,1.803
1.54,0.45
1.393,0.514
1.367,1.695
1.242,0.009
1.21,1.159
1.052,-2.161
0.517,-2.322
0.618,-1.983
-0.639,-2.19
-0.932,-1.971
-1.59,-2.35
-1.806,-2.006
-1.884,-2.204
-1.978,-2.058
3.106,-2.298
2.553,-1.948
1.336,-2.111
0.887,2.13
0.319,2.164
0.187,2.219
-0.143,2.217
-0.448,1.992
-1.532,2.142
-2.781,2.179
2.666,2.271
-1.814,0.957
-1.965,1.454
-2.216,-1.085
3.032,-1.6
-1.318,-0.857
-2.441,-0.921
2.942,0.82
2.924,0.79
1.862,0.264
0.708,1.501
-0.344,-1.235
3.032,1.259
2.385,0.064
1.985,-0.614
1.963,0.079
2.004,-0.805
1.883,-1.102
1.909,0.044
-0.378,-1.607
-1.536,-1.913
1.605,-1.841
1.553,-1.81
-2.307,1.86
-0.058,-2.656
-0.121,-0.853
-0.165,-0.486
-0.219,0.333
-0.196,-1.024
-0.119,0.142
-0.313,-1.344
-0.332,-1.56
-0.45,-1.859
-0.414,-1.937
-0.453,-2.37
-0.499,0.309
-0.63,-1.575
-0.558,0.595
-0.849,-1.592
-1.093,-2.48
-1.172,-1.73
-1.154,-0.164
-1.286,-2.15
-1.286,-1.355
-1.448,-0.696
-1.388,-0.73
-1.516,-2.031
-1.396,-0.723
-1.424,-0.177
-1.667,-1.693
-1.578,-2.205
-1.894,0.589
-1.781,-0.243
-1.847,-0.965
-1.998,-2.951
-2.084,0.685
-2.064,-3.171
-1.964,-3.192
-2.115,-2.203
-1.992,-2.931
-2.076,-1.524
-2.093,0.281
-2.196,0.67
-2.354,-0.734
-2.367,0.063
-2.391,0.303
-2.449,0.668
-2.453,0.242
-2.545,-0.938
-2.551,-0.541
-2.697,0.638
-2.562,-3.175
-2.618,-2.453
-2.752,0.158
-2.645,0.421
-2.782,0.729
-2.841,-1.693
-2.752,-2.545
-2.764,-1.919
-2.87,-0.857
-3.0,-1.551
-2.867,-2.549
-3.028,0.386
-3.064,-2.926
-2.967,-2.457
-3.125,-0.471
-3.038,0.152
-3.105,-0.611
3.118,-0.886
2.981,-1.753
2.85,-1.756
2.832,-3.065
2.803,0.561
2.774,-0.712
2.604,0.331
2.555,-2.538
2.51,-3.157
2.475,-1.701
2.57,-1.876
2.503,0.01
2.375,-0.872
2.252,-2.173
2.349,-2.302
2.137,-3.071
1.773,-1.646
1.725,-2.402
1.692,-3.123
1.647,-0.926
1.631,-0.748
1.646,-0.66
1.611,-1.519
1.454,0.436
1.581,-0.917
1.434,-0.853
1.408,0.328
1.283,-1.358
1.251,-0.208
1.093,-3.528
0.558,-3.689
0.659,-3.35
-0.598,-3.557
-0.891,-3.338
-1.549,-3.717
-1.765,-3.373
-1.843,-3.571
-1.937,-3.425
-3.136,-3.665
2.594,-3.315
1.377,-3.478
0.928,0.763
0.36,0.797
0.228,0.852
-0.102,0.85
-0.407,0.625
-1.491,0.775
-2.74,0.812
2.707,0.904
-1.773,-0.41
-1.924,0.087
-2.175,-2.452
3.073,-2.967
-1.277,-2.224
-2.4,-2.288
2.983,-0.547
2.965,-0.577
1.903,-1.103
0.749,0.134
-0.303,-2.602
3.073,-0.108
2.426,-1.303
2.026,-1.981
2.004,-1.288
2.045,-2.172
1.924,-2.469
1.95,-1.323
-0.337,-2.974
-1.495,-3.28
1.646,-3.208
1.594,-3.177
-2.266,0.493
-0.063,1.803
-0.107,2.17
-0.161,2.989
-0.138,1.632
-0.061,2.798
-0.255,1.312
-0.274,1.096
-0.392,0.797
-0.356,0.719
-0.395,0.286
-0.441,2.965
-0.572,1.081
-0.5,3.251
-0.791,1.064
-1.035,0.176
-1.114,0.926
-1.096,2.492
-1.228,0.506
-1.228,1.301
-1.39,1.96
-1.33,1.926
-1.458,0.625
-1.338,1.933
-1.366,2.479
-1.609,0.963
-1.52,0.451
-1.836,3.245
-1.723,2.413
-1.789,1.691
-1.94,-0.295
-2.026,3.341
-2.006,-0.515
-1.906,-0.536
-2.057,0.453
-1.934,-0.275
-2.018,1.132
-2.035,2.937
-2.138,3.326
-2.296,1.922
-2.309,2.719
-2.333,2.959
-2.391,3.324
-2.395,2.898
-2.487,1.718
-2.493,2.115
-2.639,3.294
-2.504,-0.519
-2.56,0.203
-2.694,2.814
-2.587,3.077
-2.724,3.385
-2.783,0.963
-2.694,0.111
-2.706,0.737
-2.812,1.799
-2.942,1.105
-2.809,0.107
-2.97,3.042
-3.006,-0.27
-2.909,0.199
-3.067,2.185
-2.98,2.808
-3.047,2.045
-3.107,1.77
3.039,0.903
2.908,0.9
2.89,-0.409
2.861,3.217
2.832,1.944
2.662,2.987
2.613,0.118
2.568,-0.501
2.533,0.955
2.628,0.78
2.561,2.666
2.433,1.784
2.31,0.483
2.407,0.354
2.195,-0.415
1.831,1.01
1.783,0.254
1.75,-0.467
1.705,1.73
1.689,1.908
1.704,1.996
1.669,1.137
1.512,3.092
1.639,1.739
1.492,1.803
1.466,2.984
1.341,1.298
1.309,2.448
1.151,-0.872
0.616,-1.033
0.717,-0.694
-0.54,-0.901
-0.833,-0.682
-1.491,-1.061
-1.707,-0.717
-1.785,-0.915
-1.879,-0.769
-3.078,-1.009
2.652,-0.659
1.435,-0.822
0.986,3.419
0.418,3.453
0.286,3.508
-0.044,3.506
-0.349,3.281
-1.433,3.431
-2.682,3.468
2.765,3.56
-1.715,2.246
-1.866,2.743
-2.117,0.204
3.131,-0.311
-1.219,0.432
-2.342,0.368
3.041,2.109
3.023,2.079
1.961,1.553
0.807,2.79
-0.245,0.054
3.131,2.548
2.484,1.353
2.084,0.675
2.062,1.368
2.103,0.484
1.982,0.187
2.008,1.333
-0.279,-0.318
-1.437,-0.624
1.704,-0.552
1.652,-0.521
-2.208,3.149
-0.044,0.367
-0.098,1.186
-0.075,-0.171
0.002,0.995
-0.192,-0.491
-0.211,-0.707
-0.329,-1.006
-0.293,-1.084
-0.332,-1.517
-0.378,1.162
-0.509,-0.722
-0.437,1.448
-0.728,-0.739
-0.972,-1.627
-1.051,-0.877
-1.033,0.689
-1.165,-1.297
-1.165,-0.502
-1.327,0.157
-1.267,0.123
-1.395,-1.178
-1.275,0.13
-1.303,0.676
-1.546,-0.84
-1.457,-1.352
-1.773,1.442
-1.66,0.61
-1.726,-0.112
-1.877,-2.098
-1.963,1.538
-1.943,-2.318
-1.843,-2.339
-1.994,-1.35
-1.871,-2.078
-1.955,-0.671
-1.972,1.134
-2.075,1.523
-2.233,0.119
-2.246,0.916
-2.27,1.156
-2.328,1.521
-2.332,1.095
-2.424,-0.085
-2.43,0.312
-2.576,1.491
-2.441,-2.322
-2.497,-1.6
-2.631,1.011
-2.524,1.274
-2.661,1.582
-2.72,-0.84
-2.631,-1.692
-2.643,-1.066
-2.749,-0.004
-2.879,-0.698
-2.746,-1.696
-2.907,1.239
-2.943,-2.073
-2.846,-1.604
-3.004,0.382
-2.917,1.005
-2.984,0.242
-3.044,-0.033
3.102,-0.9
2.971,-0.903
2.953,-2.212
2.924,1.414
2.895,0.141
2.725,1.184
2.676,-1.685
2.631,-2.304
2.596,-0.848
2.691,-1.023
2.624,0.863
2.496,-0.019
2.373,-1.32
2.47,-1.449
2.258,-2.218
1.894,-0.793
1.846,-1.549
1.813,-2.27
1.768,-0.073
1.752,0.105
1.767,0.193
1.732,-0.666
1.575,1.289
1.702,-0.064
1.555,0.0
1.529,1.181
1.404,-0.505
1.372,0.645
1.214,-2.675
0.679,-2.836
0.78,-2.497
-0.477,-2.704
-0.77,-2.485
-1.428,-2.864
-1.644,-2.52
-1.722,-2.718
-1.816,-2.572
-3.015,-2.812
2.715,-2.462
1.498,-2.625
1.049,1.616
0.481,1.65
0.349,1.705
0.019,1.703
-0.286,1.478
-1.37,1.628
-2.619,1.665
2.828,1.757
-1.652,0.443
-1.803,0.94
-2.054,-1.599
-3.089,-2.114
-1.156,-1.371
-2.279,-1.435
3.104,0.306
3.086,0.276
2.024,-0.25
0.87,0.987
-0.182,-1.749
-3.089,0.745
2.547,-0.45
2.147,-1.128
2.125,-0.435
2.166,-1.319
2.045,-1.616
2.071,-0.47
-0.216,-2.121
-1.374,-2.427
1.767,-2.355
1.715,-2.324
-2.145,1.346
-0.054,0.819
-0.031,-0.538
0.046,0.628
-0.148,-0.858
-0.167,-1.074
-0.285,-1.373
-0.249,-1.451
-0.288,-1.884
-0.334,0.795
-0.465,-1.089
-0.393,1.081
-0.684,-1.106
-0.928,-1.994
-1.007,-1.244
-0.989,0.322
-1.121,-1.664
-1.121,-0.869
-1.283,-0.21
-1.223,-0.244
-1.351,-1.545
-1.231,-0.237
-1.259,0.309
-1.502,-1.207
-1.413,-1.719
-1.729,1.075
-1.616,0.243
-1.682,-0.479
-1.833,-2.465
-1.919,1.171
-1.899,-2.685
-1.799,-2.706
-1.95,-1.717
-1.827,-2.445
-1.911,-1.038
-1.928,0.767
-2.031,1.156
-2.189,-0.248
-2.202,0.549
-2.226,0.789
-2.284,1.154
-2.288,0.728
-2.38,-0.452
-2.386,-0.055
-2.532,1.124
-2.397,-2.689
-2.453,-1.967
-2.587,0.644
-2.48,0.907
-2.617,1.215
-2.676,-1.207
-2.587,-2.059
-2.599,-1.433
-2.705,-0.371
-2.835,-1.065
-2.702,-2.063
-2.863,0.872
-2.899,-2.44
-2.802,-1.971
-2.96,0.015
-2.873,0.638
-2.94,-0.125
-3.0,-0.4
-3.137,-1.267
3.015,-1.27
2.997,-2.579
2.968,1.047
2.939,-0.226
2.769,0.817
2.72,-2.052
2.675,-2.671
2.64,-1.215
2.735,-1.39
2.668,0.496
2.54,-0.386
2.417,-1.687
2.514,-1.816
2.302,-2.585
1.938,-1.16
1.89,-1.916
1.857,-2.637
1.812,-0.44
1.796,-0.262
1.811,-0.174
1.776,-1.033
1.619,0.922
1.746,-0.431
1.599,-0.367
1.573,0.814
1.448,-0.872
1.416,0.278
1.258,-3.042
0.723,-3.203
0.824,-2.864
-0.433,-3.071
-0.726,-2.852
-1.384,-3.231
-1.6,-2.887
-1.678,-3.085
-1.772,-2.939
-2.971,-3.179
2.759,-2.829
1.542,-2.992
1.093,1.249
0.525,1.283
0.393,1.338
0.063,1.336
-0.242,1.111
-1.326,1.261
-2.575,1.298
2.872,1.39
-1.608,0.076
-1.759,0.573
-2.01,-1.966
-3.045,-2.481
-1.112,-1.738
-2.235,-1.802
-3.135,-0.061
3.13,-0.091
2.068,-0.617
0.914,0.62
-0.138,-2.116
-3.045,0.378
2.591,-0.817
2.191,-1.495
2.169,-0.802
2.21,-1.686
2.089,-1.983
2.115,-0.837
-0.172,-2.488
-1.33,-2.794
1.811,-2.722
1.759,-2.691
-2.101,0.979
0.023,-1.357
0.1,-0.191
-0.094,-1.677
-0.113,-1.893
-0.231,-2.192
-0.195,-2.27
-0.234,-2.703
-0.28,-0.024
-0.411,-1.908
-0.339,0.262
-0.63,-1.925
-0.874,-2.813
-0.953,-2.063
-0.935,-0.497
-1.067,-2.483
-1.067,-1.688
-1.229,-1.029
-1.169,-1.063
-1.297,-2.364
-1.177,-1.056
-1.205,-0.51
-1.448,-2.026
-1.359,-2.538
-1.675,0.256
-1.562,-0.576
-1.628,-1.298
-1.779,-3.284
-1.865,0.352
-1.845,-3.504
-1.745,-3.525
-1.896,-2.536
-1.773,-3.264
-1.857,-1.857
-1.874,-0.052
-1.977,0.337
-2.135,-1.067
-2.148,-0.27
-2.172,-0.03
-2.23,0.335
-2.234,-0.091
-2.326,-1.271
-2.332,-0.874
-2.478,0.305
-2.343,-3.508
-2.399,-2.786
-2.533,-0.175
-2.426,0.088
-2.563,0.396
-2.622,-2.026
-2.533,-2.878
-2.545,-2.252
-2.651,-1.19
-2.781,-1.884
-2.648,-2.882
-2.809,0.053
-2.845,-3.259
-2.748,-2.79
-2.906,-0.804
-2.819,-0.181
-2.886,-0.944
-2.946,-1.219
-3.083,-2.086
3.069,-2.089
3.051,-3.398
3.022,0.228
2.993,-1.045
2.823,-0.002
2.774,-2.871
2.729,-3.49
2.694,-2.034
2.789,-2.209
2.722,-0.323
2.594,-1.205
2.471,-2.506
2.568,-2.635
2.356,-3.404
1.992,-1.979
1.944,-2.735
1.911,-3.456
1.866,-1.259
1.85,-1.081
1.865,-0.993
1.83,-1.852
1.673,0.103
1.8,-1.25
1.653,-1.186
1.627,-0.005
1.502,-1.691
1.47,-0.541
1.312,-3.861
0.777,-4.022
0.878,-3.683
-0.379,-3.89
-0.672,-3.671
-1.33,-4.05
-1.546,-3.706
-1.624,-3.904
-1.718,-3.758
-2.917,-3.998
2.813,-3.648
1.596,-3.811
1.147,0.43
0.579,0.464
0.447,0.519
0.117,0.517
-0.188,0.292
-1.272,0.442
-2.521,0.479
2.926,0.571
-1.554,-0.743
-1.705,-0.246
-1.956,-2.785
-2.991,-3.3
-1.058,-2.557
-2.181,-2.621
-3.081,-0.88
-3.099,-0.91
2.122,-1.436
0.968,-0.199
-0.084,-2.935
-2.991,-0.441
2.645,-1.636
2.245,-2.314
2.223,-1.621
2.264,-2.505
2.143,-2.802
2.169,-1.656
-0.118,-3.307
-1.276,-3.613
1.865,-3.541
1.813,-3.51
-2.047,0.16
0.077,1.166
-0.117,-0.32
-0.136,-0.536
-0.254,-0.835
-0.218,-0.913
-0.257,-1.346
-0.303,1.333
-0.434,-0.551
-0.362,1.619
-0.653,-0.568
-0.897,-1.456
-0.976,-0.706
-0.958,0.86
-1.09,-1.126
-1.09,-0.331
-1.252,0.328
-1.192,0.294
-1.32,-1.007
-1.2,0.301
-1.228,0.847
-1.471,-0.669
-1.382,-1.181
-1.698,1.613
-1.585,0.781
-1.651,0.059
-1.802,-1.927
-1.888,1.709
-1.868,-2.147
-1.768,-2.168
-1.919,-1.179
-1.796,-1.907
-1.88,-0.5
-1.897,1.305
-2.0,1.694
-2.158,0.29
-2.171,1.087
-2.195,1.327
-2.253,1.692
-2.257,1.266
-2.349,0.086
-2.355,0.483
-2.501,1.662
-2.366,-2.151
-2.422,-1.429
-2.556,1.182
-2.449,1.445
-2.586,1.753
-2.645,-0.669
-2.556,-1.521
-2.568,-0.895
-2.674,0.167
-2.804,-0.527
-2.671,-1.525
-2.832,1.41
-2.868,-1.902
-2.771,-1.433
-2.929,0.553
-2.842,1.176
-2.909,0.413
-2.969,0.138
-3.106,-0.729
3.046,-0.732
3.028,-2.041
2.999,1.585
2.97,0.312
2.8,1.355
2.751,-1.514
2.706,-2.133
2.671,-0.677
2.766,-0.852
2.699,1.034
2.571,0.152
2.448,-1.149
2.545,-1.278
2.333,-2.047
1.969,-0.622
1.921,-1.378
1.888,-2.099
1.843,0.098
1.827,0.276
1.842,0.364
1.807,-0.495
1.65,1.46
1.777,0.107
1.63,0.171
1.604,1.352
1.479,-0.334
1.447,0.816
1.289,-2.504
0.754,-2.665
0.855,-2.326
-0.402,-2.533
-0.695,-2.314
-1.353,-2.693
-1.569,-2.349
-1.647,-2.547
-1.741,-2.401
-2.94,-2.641
2.79,-2.291
1.573,-2.454
1.124,1.787
0.556,1.821
0.424,1.876
0.094,1.874
-0.211,1.649
-1.295,1.799
-2.544,1.836
2.903,1.928
-1.577,0.614
-1.728,1.111
-1.979,-1.428
-3.014,-1.943
-1.081,-1.2
-2.204,-1.264
-3.104,0.477
-3.122,0.447
2.099,-0.079
0.945,1.158
-0.107,-1.578
-3.014,0.916
2.622,-0.279
2.222,-0.957
2.2,-0.264
2.241,-1.148
2.12,-1.445
2.146,-0.299
-0.141,-1.95
-1.299,-2.256
1.842,-2.184
1.79,-2.153
-2.07,1.517
-0.194,-1.486
-0.213,-1.702
-0.331,-2.001
-0.295,-2.079
-0.334,-2.512
-0.38,0.167
-0.511,-1.717
-0.439,0.453
-0.73,-1.734
-0.974,-2.622
-1.053,-1.872
-1.035,-0.306
-1.167,-2.292
-1.167,-1.497
-1.329,-0.838
-1.269,-0.872
-1.397,-2.173
-1.277,-0.865
-1.305,-0.319
-1.548,-1.835
-1.459,-2.347
-1.775,0.447
-1.662,-0.385
-1.728,-1.107
-1.879,-3.093
-1.965,0.543
-1.945,-3.313
-1.845,-3.334
-1.996,-2.345
-1.873,-3.073
-1.957,-1.666
-1.974,0.139
-2.077,0.528
-2.235,-0.876
-2.248,-0.079
-2.272,0.161
-2.33,0.526
-2.334,0.1
-2.426,-1.08
-2.432,-0.683
-2.578,0.496
-2.443,-3.317
-2.499,-2.595
-2.633,0.016
-2.526,0.279
-2.663,0.587
-2.722,-1.835
-2.633,-2.687
-2.645,-2.061
-2.751,-0.999
-2.881,-1.693
-2.748,-2.691
-2.909,0.244
-2.945,-3.068
-2.848,-2.599
-3.006,-0.613
-2.919,0.01
-2.986,-0.753
-3.046,-1.028
3.1,-1.895
2.969,-1.898
2.951,-3.207
2.922,0.419
2.893,-0.854
2.723,0.189
2.674,-2.68
2.629,-3.299
2.594,-1.843
2.689,-2.018
2.622,-0.132
2.494,-1.014
2.371,-2.315
2.468,-2.444
2.256,-3.213
1.892,-1.788
1.844,-2.544
1.811,-3.265
1.766,-1.068
1.75,-0.89
1.765,-0.802
1.73,-1.661
1.573,0.294
1.7,-1.059
1.553,-0.995
1.527,0.186
1.402,-1.5
1.37,-0.35
1.212,-3.67
0.677,-3.831
0.778,-3.492
-0.479,-3.699
-0.772,-3.48
-1.43,-3.859
-1.646,-3.515
-1.724,-3.713
-1.818,-3.567
-3.017,-3.807
2.713,-3.457
1.496,-3.62
1.047,0.621
0.479,0.655
0.347,0.71
0.017,0.708
-0.288,0.483
-1.372,0.633
-2.621,0.67
2.826,0.762
-1.654,-0.552
-1.805,-0.055
-2.056,-2.594
-3.091,-3.109
-1.158,-2.366
-2.281,-2.43
3.102,-0.689
3.084,-0.719
2.022,-1.245
0.868,-0.008
-0.184,-2.744
-3.091,-0.25
2.545,-1.445
2.145,-2.123
2.123,-1.43
2.164,-2.314
2.043,-2.611
2.069,-1.465
-0.218,-3.116
-1.376,-3.422
1.765,-3.35
1.713,-3.319
-2.147,0.351
-0.019,-0.216
-0.137,-0.515
-0.101,-0.593
-0.14,-1.026
-0.186,1.653
-0.317,-0.231
-0.245,1.939
-0.536,-0.248
-0.78,-1.136
-0.859,-0.386
-0.841,1.18
-0.973,-0.806
-0.973,-0.011
-1.135,0.648
-1.075,0.614
-1.203,-0.687
-1.083,0.621
-1.111,1.167
-1.354,-0.349
-1.265,-0.861
-1.581,1.933
-1.468,1.101
-1.534,0.379
-1.685,-1.607
-1.771,2.029
-1.751,-1.827
-1.651,-1.848
-1.802,-0.859
-1.679,-1.587
-1.763,-0.18
-1.78,1.625
-1.883,2.014
-2.041,0.61
-2.054,1.407
-2.078,1.647
-2.136,2.012
-2.14,1.586
-2.232,0.406
-2.238,0.803
-2.384,1.982
-2.249,-1.831
-2.305,-1.109
-2.439,1.502
-2.332,1.765
-2.469,2.073
-2.528,-0.349
-2.439,-1.201
-2.451,-0.575
-2.557,0.487
-2.687,-0.207
-2.554,-1.205
-2.715,1.73
-2.751,-1.582
-2.654,-1.113
-2.812,0.873
-2.725,1.496
-2.792,0.733
-2.852,0.458
-2.989,-0.409
-3.12,-0.412
-3.138,-1.721
3.116,1.905
3.087,0.632
2.917,1.675
2.868,-1.194
2.823,-1.813
2.788,-0.357
2.883,-0.532
2.816,1.354
2.688,0.472
2.565,-0.829
2.662,-0.958
2.45,-1.727
2.086,-0.302
2.038,-1.058
2.005,-1.779
1.96,0.418
1.944,0.596
1.959,0.684
1.924,-0.175
1.767,1.78
1.894,0.427
1.747,0.491
1.721,1.672
1.596,-0.014
1.564,1.136
1.406,-2.184
0.871,-2.345
0.972,-2.006
-0.285,-2.213
-0.578,-1.994
-1.236,-2.373
-1.452,-2.029
-1.53,-2.227
-1.624,-2.081
-2.823,-2.321
2.907,-1.971
1.69,-2.134
1.241,2.107
0.673,2.141
0.541,2.196
0.211,2.194
-0.094,1.969
-1.178,2.119
-2.427,2.156
3.02,2.248
-1.46,0.934
-1.611,1.431
-1.862,-1.108
-2.897,-1.623
-0.964,-0.88
-2.087,-0.944
-2.987,0.797
-3.005,0.767
2.216,0.241
1.062,1.478
0.01,-1.258
-2.897,1.236
2.739,0.041
2.339,-0.637
2.317,0.056
2.358,-0.828
2.237,-1.125
2.263,0.021
-0.024,-1.63
-1.182,-1.936
1.959,-1.864
1.907,-1.833
-1.953,1.837
-0.118,-0.299
-0.082,-0.377
-0.121,-0.81
-0.167,1.869
-0.298,-0.015
-0.226,2.155
-0.517,-0.032
-0.761,-0.92
-0.84,-0.17
-0.822,1.396
-0.954,-0.59
-0.954,0.205
-1.116,0.864
-1.056,0.83
-1.184,-0.471
-1.064,0.837
-1.092,1.383
-1.335,-0.133
-1.246,-0.645
-1.562,2.149
-1.449,1.317
-1.515,0.595
-1.666,-1.391
-1.752,2.245
-1.732,-1.611
-1.632,-1.632
-1.783,-0.643
-1.66,-1.371
-1.744,0.036
-1.761,1.841
-1.864,2.23
-2.022,0.826
-2.035,1.623
-2.059,1.863
-2.117,2.228
-2.121,1.802
-2.213,0.622
-2.219,1.019
-2.365,2.198
-2.23,-1.615
-2.286,-0.893
-2.42,1.718
-2.313,1.981
-2.45,2.289
-2.509,-0.133
-2.42,-0.985
-2.432,-0.359
-2.538,0.703
-2.668,0.009
-2.535,-0.989
-2.696,1.946
-2.732,-1.366
-2.635,-0.897
-2.793,1.089
-2.706,1.712
-2.773,0.949
-2.833,0.674
-2.97,-0.193
-3.101,-0.196
-3.119,-1.505
3.135,2.121
3.106,0.848
2.936,1.891
2.887,-0.978
2.842,-1.597
2.807,-0.141
2.902,-0.316
2.835,1.57
2.707,0.688
2.584,-0.613
2.681,-0.742
2.469,-1.511
2.105,-0.086
2.057,-0.842
2.024,-1.563
1.979,0.634
1.963,0.812
1.978,0.9
1.943,0.041
1.786,1.996
1.913,0.643
1.766,0.707
1.74,1.888
1.615,0.202
1.583,1.352
1.425,-1.968
0.89,-2.129
0.991,-1.79
-0.266,-1.997
-0.559,-1.778
-1.217,-2.157
-1.433,-1.813
-1.511,-2.011
-1.605,-1.865
-2.804,-2.105
2.926,-1.755
1.709,-1.918
1.26,2.323
0.692,2.357
0.56,2.412
0.23,2.41
-0.075,2.185
-1.159,2.335
-2.408,2.372
3.039,2.464
-1.441,1.15
-1.592,1.647
-1.843,-0.892
-2.878,-1.407
-0.945,-0.664
-2.068,-0.728
-2.968,1.013
-2.986,0.983
2.235,0.457
1.081,1.694
0.029,-1.042
-2.878,1.452
2.758,0.257
2.358,-0.421
2.336,0.272
2.377,-0.612
2.256,-0.909
2.282,0.237
-0.005,-1.414
-1.163,-1.72
1.978,-1.648
1.926,-1.617
-1.934,2.053
0.036,-0.078
-0.003,-0.511
-0.049,2.168
-0.18,0.284
-0.108,2.454
-0.399,0.267
-0.643,-0.621
-0.722,0.129
-0.704,1.695
-0.836,-0.291
-0.836,0.504
-0.998,1.163
-0.938,1.129
-1.066,-0.172
-0.946,1.136
-0.974,1.682
-1.217,0.166
-1.128,-0.346
-1.444,2.448
-1.331,1.616
-1.397,0.894
-1.548,-1.092
-1.634,2.544
-1.614,-1.312
-1.514,-1.333
-1.665,-0.344
-1.542,-1.072
-1.626,0.335
-1.643,2.14
-1.746,2.529
-1.904,1.125
-1.917,1.922
-1.941,2.162
-1.999,2.527
-2.003,2.101
-2.095,0.921
-2.101,1.318
-2.247,2.497
-2.112,-1.316
-2.168,-0.594
-2.302,2.017
-2.195,2.28
-2.332,2.588
-2.391,0.166
-2.302,-0.686
-2.314,-0.06
-2.42,1.002
-2.55,0.308
-2.417,-0.69
-2.578,2.245
-2.614,-1.067
-2.517,-0.598
-2.675,1.388
-2.588,2.011
-2.655,1.248
-2.715,0.973
-2.852,0.106
-2.983,0.103
-3.001,-1.206
-3.03,2.42
-3.059,1.147
3.054,2.19
3.005,-0.679
2.96,-1.298
2.925,0.158
3.02,-0.017
2.953,1.869
2.825,0.987
2.702,-0.314
2.799,-0.443
2.587,-1.212
2.223,0.213
2.175,-0.543
2.142,-1.264
2.097,0.933
2.081,1.111
2.096,1.199
2.061,0.34
1.904,2.295
2.031,0.942
1.884,1.006
1.858,2.187
1.733,0.501
1.701,1.651
1.543,-1.669
1.008,-1.83
1.109,-1.491
-0.148,-1.698
-0.441,-1.479
-1.099,-1.858
-1.315,-1.514
-1.393,-1.712
-1.487,-1.566
-2.686,-1.806
3.044,-1.456
1.827,-1.619
1.378,2.622
0.81,2.656
0.678,2.711
0.348,2.709
0.043,2.484
-1.041,2.634
-2.29,2.671
-3.126,2.763
-1.323,1.449
-1.474,1.946
-1.725,-0.593
-2.76,-1.108
-0.827,-0.365
-1.95,-0.429
-2.85,1.312
-2.868,1.282
2.353,0.756
1.199,1.993
0.147,-0.743
-2.76,1.751
2.876,0.556
2.476,-0.122
2.454,0.571
2.495,-0.313
2.374,-0.61
2.4,0.536
0.113,-1.115
-1.045,-1.421
2.096,-1.349
2.044,-1.318
-1.816,2.352
-0.039,-0.433
-0.085,2.246
-0.216,0.362
-0.144,2.532
-0.435,0.345
-0.679,-0.543
-0.758,0.207
-0.74,1.773
-0.872,-0.213
-0.872,0.582
-1.034,1.241
-0.974,1.207
-1.102,-0.094
-0.982,1.214
-1.01,1.76
-1.253,0.244
-1.164,-0.268
-1.48,2.526
-1.367,1.694
-1.433,0.972
-1.584,-1.014
-1.67,2.622
-1.65,-1.234
-1.55,-1.255
-1.701,-0.266
-1.578,-0.994
-1.662,0.413
-1.679,2.218
-1.782,2.607
-1.94,1.203
-1.953,2.0
-1.977,2.24
-2.035,2.605
-2.039,2.179
-2.131,0.999
-2.137,1.396
-2.283,2.575
-2.148,-1.238
-2.204,-0.516
-2.338,2.095
-2.231,2.358
-2.368,2.666
-2.427,0.244
-2.338,-0.608
-2.35,0.018
-2.456,1.08
-2.586,0.386
-2.453,-0.612
-2.614,2.323
-2.65,-0.989
-2.553,-0.52
-2.711,1.466
-2.624,2.089
-2.691,1.326
-2.751,1.051
-2.888,0.184
-3.019,0.181
-3.037,-1.128
-3.066,2.498
-3.095,1.225
3.018,2.268
2.969,-0.601
2.924,-1.22
2.889,0.236
2.984,0.061
2.917,1.947
2.789,1.065
2.666,-0.236
2.763,-0.365
2.551,-1.134
2.187,0.291
2.139,-0.465
2.106,-1.186
2.061,1.011
2.045,1.189
2.06,1.277
2.025,0.418
1.868,2.373
1.995,1.02
1.848,1.084
1.822,2.265
1.697,0.579
1.665,1.729
1.507,-1.591
0.972,-1.752
1.073,-1.413
-0.184,-1.62
-0.477,-1.401
-1.135,-1.78
-1.351,-1.436
-1.429,-1.634
-1.523,-1.488
-2.722,-1.728
3.008,-1.378
1.791,-1.541
1.342,2.7
0.774,2.734
0.642,2.789
0.312,2.787
0.007,2.562
-1.077,2.712
-2.326,2.749
3.121,2.841
-1.359,1.527
-1.51,2.024
-1.761,-0.515
-2.796,-1.03
-0.863,-0.287
-1.986,-0.351
-2.886,1.39
-2.904,1.36
2.317,0.834
1.163,2.071
0.111,-0.665
-2.796,1.829
2.84,0.634
2.44,-0.044
2.418,0.649
2.459,-0.235
2.338,-0.532
2.364,0.614
0.077,-1.037
-1.081,-1.343
2.06,-1.271
2.008,-1.24
-1.852,2.43
-0.046,2.679
-0.177,0.795
-0.105,2.965
-0.396,0.778
-0.64,-0.11
-0.719,0.64
-0.701,2.206
-0.833,0.22
-0.833,1.015
-0.995,1.674
-0.935,1.64
-1.063,0.339
-0.943,1.647
-0.971,2.193
-1.214,0.677
-1.125,0.165
-1.441,2.959
-1.328,2.127
-1.394,1.405
-1.545,-0.581
-1.631,3.055
-1.611,-0.801
-1.511,-0.822
-1.662,0.167
-1.539,-0.561
-1.623,0.846
-1.64,2.651
-1.743,3.04
-1.901,1.636
-1.914,2.433
-1.938,2.673
-1.996,3.038
-2.0,2.612
-2.092,1.432
-2.098,1.829
-2.244,3.008
-2.109,-0.805
-2.165,-0.083
-2.299,2.528
-2.192,2.791
-2.329,3.099
-2.388,0.677
-2.299,-0.175
-2.311,0.451
-2.417,1.513
-2.547,0.819
-2.414,-0.179
-2.575,2.756
-2.611,-0.556
-2.514,-0.087
-2.672,1.899
-2.585,2.522
-2.652,1.759
-2.712,1.484
-2.849,0.617
-2.98,0.614
-2.998,-0.695
-3.027,2.931
-3.056,1.658
3.057,2.701
3.008,-0.168
2.963,-0.787
2.928,0.669
3.023,0.494
2.956,2.38
2.828,1.498
2.705,0.197
2.802,0.068
2.59,-0.701
2.226,0.724
2.178,-0.032
2.145,-0.753
2.1,1.444
2.084,1.622
2.099,1.71
2.064,0.851
1.907,2.806
2.034,1.453
1.887,1.517
1.861,2.698
1.736,1.012
1.704,2.162
1.546,-1.158
1.011,-1.319
1.112,-0.98
-0.145,-1.187
-0.438,-0.968
-1.096,-1.347
-1.312,-1.003
-1.39,-1.201
-1.484,-1.055
-2.683,-1.295
3.047,-0.945
1.83,-1.108
1.381,3.133
0.813,3.167
0.681,3.222
0.351,3.22
0.046,2.995
-1.038,3.145
-2.287,3.182
-3.123,3.274
-1.32,1.96
-1.471,2.457
-1.722,-0.082
-2.757,-0.597
-0.824,0.146
-1.947,0.082
-2.847,1.823
-2.865,1.793
2.356,1.267
1.202,2.504
0.15,-0.232
-2.757,2.262
2.879,1.067
2.479,0.389
2.457,1.082
2.498,0.198
2.377,-0.099
2.403,1.047
0.116,-0.604
-1.042,-0.91
2.099,-0.838
2.047,-0.807
-1.813,2.863
-0.131,-1.884
-0.059,0.286
-0.35,-1.901
-0.594,-2.789
-0.673,-2.039
-0.655,-0.473
-0.787,-2.459
-0.787,-1.664
-0.949,-1.005
-0.889,-1.039
-1.017,-2.34
-0.897,-1.032
-0.925,-0.486
-1.168,-2.002
-1.079,-2.514
-1.395,0.28
-1.282,-0.552
-1.348,-1.274
-1.499,-3.26
-1.585,0.376
-1.565,-3.48
-1.465,-3.501
-1.616,-2.512
-1.493,-3.24
-1.577,-1.833
-1.594,-0.028
-1.697,0.361
-1.855,-1.043
-1.868,-0.246
-1.892,-0.006
-1.95,0.359
-1.954,-0.067
-2.046,-1.247
-2.052,-0.85
-2.198,0.329
-2.063,-3.484
-2.119,-2.762
-2.253,-0.151
-2.146,0.112
-2.283,0.42
-2.342,-2.002
-2.253,-2.854
-2.265,-2.228
-2.371,-1.166
-2.501,-1.86
-2.368,-2.858
-2.529,0.077
-2.565,-3.235
-2.468,-2.766
-2.626,-0.78
-2.539,-0.157
-2.606,-0.92
-2.666,-1.195
-2.803,-2.062
-2.934,-2.065
-2.952,-3.374
-2.981,0.252
-3.01,-1.021
3.103,0.022
3.054,-2.847
3.009,-3.466
2.974,-2.01
3.069,-2.185
3.002,-0.299
2.874,-1.181
2.751,-2.482
2.848,-2.611
2.636,-3.38
2.272,-1.955
2.224,-2.711
2.191,-3.432
2.146,-1.235
2.13,-1.057
2.145,-0.969
2.11,-1.828
1.953,0.127
2.08,-1.226
1.933,-1.162
1.907,0.019
1.782,-1.667
1.75,-0.517
1.592,-3.837
1.057,-3.998
1.158,-3.659
-0.099,-3.866
-0.392,-3.647
-1.05,-4.026
-1.266,-3.682
-1.344,-3.88
-1.438,-3.734
-2.637,-3.974
3.093,-3.624
1.876,-3.787
1.427,0.454
0.859,0.488
0.727,0.543
0.397,0.541
0.092,0.316
-0.992,0.466
-2.241,0.503
-3.077,0.595
-1.274,-0.719
-1.425,-0.222
-1.676,-2.761
-2.711,-3.276
-0.778,-2.533
-1.901,-2.597
-2.801,-0.856
-2.819,-0.886
2.402,-1.412
1.248,-0.175
0.196,-2.911
-2.711,-0.417
2.925,-1.612
2.525,-2.29
2.503,-1.597
2.544,-2.481
2.423,-2.778
2.449,-1.632
0.162,-3.283
-0.996,-3.589
2.145,-3.517
2.093,-3.486
-1.767,0.184
0.072,2.17
-0.219,-0.017
-0.463,-0.905
-0.542,-0.155
-0.524,1.411
-0.656,-0.575
-0.656,0.22
-0.818,0.879
-0.758,0.845
-0.886,-0.456
-0.766,0.852
-0.794,1.398
-1.037,-0.118
-0.948,-0.63
-1.264,2.164
-1.151,1.332
-1.217,0.61
-1.368,-1.376
-1.454,2.26
-1.434,-1.596
-1.334,-1.617
-1.485,-0.628
-1.362,-1.356
-1.446,0.051
-1.463,1.856
-1.566,2.245
-1.724,0.841
-1.737,1.638
-1.761,1.878
-1.819,2.243
-1.823,1.817
-1.915,0.637
-1.921,1.034
-2.067,2.213
-1.932,-1.6
-1.988,-0.878
-2.122,1.733
-2.015,1.996
-2.152,2.304
-2.211,-0.118
-2.122,-0.97
-2.134,-0.344
-2.24,0.718
-2.37,0.024
-2.237,-0.974
-2.398,1.961
-2.434,-1.351
-2.337,-0.882
-2.495,1.104
-2.408,1.727
-2.475,0.964
-2.535,0.689
-2.672,-0.178
-2.803,-0.181
-2.821,-1.49
-2.85,2.136
-2.879,0.863
-3.049,1.906
-3.098,-0.963
3.14,-1.582
3.105,-0.126
-3.083,-0.301
3.133,1.585
3.005,0.703
2.882,-0.598
2.979,-0.727
2.767,-1.496
2.403,-0.071
2.355,-0.827
2.322,-1.548
2.277,0.649
2.261,0.827
2.276,0.915
2.241,0.056
2.084,2.011
2.211,0.658
2.064,0.722
2.038,1.903
1.913,0.217
1.881,1.367
1.723,-1.953
1.188,-2.114
1.289,-1.775
0.032,-1.982
-0.261,-1.763
-0.919,-2.142
-1.135,-1.798
-1.213,-1.996
-1.307,-1.85
-2.506,-2.09
-3.059,-1.74
2.007,-1.903
1.558,2.338
0.99,2.372
0.858,2.427
0.528,2.425
0.223,2.2
-0.861,2.35
-2.11,2.387
-2.946,2.479
-1.143,1.165
-1.294,1.662
-1.545,-0.877
-2.58,-1.392
-0.647,-0.649
-1.77,-0.713
-2.67,1.028
-2.688,0.998
2.533,0.472
1.379,1.709
0.327,-1.027
-2.58,1.467
3.056,0.272
2.656,-0.406
2.634,0.287
2.675,-0.597
2.554,-0.894
2.58,0.252
0.293,-1.399
-0.865,-1.705
2.276,-1.633
2.224,-1.602
-1.636,2.068
-0.291,-2.187
-0.535,-3.075
-0.614,-2.325
-0.596,-0.759
-0.728,-2.745
-0.728,-1.95
-0.89,-1.291
-0.83,-1.325
-0.958,-2.626
-0.838,-1.318
-0.866,-0.772
-1.109,-2.288
-1.02,-2.8
-1.336,-0.006
-1.223,-0.838
-1.289,-1.56
-1.44,-3.546
-1.526,0.09
-1.506,-3.766
-1.406,-3.787
-1.557,-2.798
-1.434,-3.526
-1.518,-2.119
-1.535,-0.314
-1.638,0.075
-1.796,-1.329
-1.809,-0.532
-1.833,-0.292
-1.891,0.073
-1.895,-0.353
-1.987,-1.533
-1.993,-1.136
-2.139,0.043
-2.004,-3.77
-2.06,-3.048
-2.194,-0.437
-2.087,-0.174
-2.224,0.134
-2.283,-2.288
-2.194,-3.14
-2.206,-2.514
-2.312,-1.452
-2.442,-2.146
-2.309,-3.144
-2.47,-0.209
-2.506,-3.521
-2.409,-3.052
-2.567,-1.066
-2.48,-0.443
-2.547,-1.206
-2.607,-1.481
-2.744,-2.348
-2.875,-2.351
-2.893,-3.66
-2.922,-0.034
-2.951,-1.307
-3.121,-0.264
3.113,-3.133
3.068,-3.752
3.033,-2.296
3.128,-2.471
3.061,-0.585
2.933,-1.467
2.81,-2.768
2.907,-2.897
2.695,-3.666
2.331,-2.241
2.283,-2.997
2.25,-3.718
2.205,-1.521
2.189,-1.343
2.204,-1.255
2.169,-2.114
2.012,-0.159
2.139,-1.512
1.992,-1.448
1.966,-0.267
1.841,-1.953
1.809,-0.803
1.651,-4.123
1.116,-4.284
1.217,-3.945
-0.04,-4.152
-0.333,-3.933
-0.991,-4.312
-1.207,-3.968
-1.285,-4.166
-1.379,-4.02
-2.578,-4.26
-3.131,-3.91
1.935,-4.073
1.486,0.168
0.918,0.202
0.786,0.257
0.456,0.255
0.151,0.03
-0.933,0.18
-2.182,0.217
-3.018,0.309
-1.215,-1.005
-1.366,-0.508
-1.617,-3.047
-2.652,-3.562
-0.719,-2.819
-1.842,-2.883
-2.742,-1.142
-2.76,-1.172
2.461,-1.698
1.307,-0.461
0.255,-3.197
-2.652,-0.703
2.984,-1.898
2.584,-2.576
2.562,-1.883
2.603,-2.767
2.482,-3.064
2.508,-1.918
0.221,-3.569
-0.937,-3.875
2.204,-3.803
2.152,-3.772
-1.708,-0.102
-0.244,-0.888
-0.323,-0.138
-0.305,1.428
-0.437,-0.558
-0.437,0.237
-0.599,0.896
-0.539,0.862
-0.667,-0.439
-0.547,0.869
-0.575,1.415
-0.818,-0.101
-0.729,-0.613
-1.045,2.181
-0.932,1.349
-0.998,0.627
-1.149,-1.359
-1.235,2.277
-1.215,-1.579
-1.115,-1.6
-1.266,-0.611
-1.143,-1.339
-1.227,0.068
-1.244,1.873
-1.347,2.262
-1.505,0.858
-1.518,1.655
-1.542,1.895
-1.6,2.26
-1.604,1.834
-1.696,0.654
-1.702,1.051
-1.848,2.23
-1.713,-1.583
-1.769,-0.861
-1.903,1.75
-1.796,2.013
-1.933,2.321
-1.992,-0.101
-1.903,-0.953
-1.915,-0.327
-2.021,0.735
-2.151,0.041
-2.018,-0.957
-2.179,1.978
-2.215,-1.334
-2.118,-0.865
-2.276,1.121
-2.189,1.744
-2.256,0.981
-2.316,0.706
-2.453,-0.161
-2.584,-0.164
-2.602,-1.473
-2.631,2.153
-2.66,0.88
-2.83,1.923
-2.879,-0.946
-2.924,-1.565
-2.959,-0.109
-2.864,-0.284
-2.931,1.602
-3.059,0.72
3.101,-0.581
-3.085,-0.71
2.986,-1.479
2.622,-0.054
2.574,-0.81
2.541,-1.531
2.496,0.666
2.48,0.844
2.495,0.932
2.46,0.073
2.303,2.028
2.43,0.675
2.283,0.739
2.257,1.92
2.132,0.234
2.1,1.384
1.942,-1.936
1.407,-2.097
1.508,-1.758
0.251,-1.965
-0.042,-1.746
-0.7,-2.125
-0.916,-1.781
-0.994,-1.979
-1.088,-1.833
-2.287,-2.073
-2.84,-1.723
2.226,-1.886
1.777,2.355
1.209,2.389
1.077,2.444
0.747,2.442
0.442,2.217
-0.642,2.367
-1.891,2.404
-2.727,2.496
-0.924,1.182
-1.075,1.679
-1.326,-0.86
-2.361,-1.375
-0.428,-0.632
-1.551,-0.696
-2.451,1.045
-2.469,1.015
2.752,0.489
1.598,1.726
0.546,-1.01
-2.361,1.484
-3.008,0.289
2.875,-0.389
2.853,0.304
2.894,-0.58
2.773,-0.877
2.799,0.269
0.512,-1.382
-0.646,-1.688
2.495,-1.616
2.443,-1.585
-1.417,2.085
-0.079,0.75
-0.061,2.316
-0.193,0.33
-0.193,1.125
-0.355,1.784
-0.295,1.75
-0.423,0.449
-0.303,1.757
-0.331,2.303
-0.574,0.787
-0.485,0.275
-0.801,3.069
-0.688,2.237
-0.754,1.515
-0.905,-0.471
-0.991,3.165
-0.971,-0.691
-0.871,-0.712
-1.022,0.277
-0.899,-0.451
-0.983,0.956
-1.0,2.761
-1.103,3.15
-1.261,1.746
-1.274,2.543
-1.298,2.783
-1.356,3.148
-1.36,2.722
-1.452,1.542
-1.458,1.939
-1.604,3.118
-1.469,-0.695
-1.525,0.027
-1.659,2.638
-1.552,2.901
-1.689,3.209
-1.748,0.787
-1.659,-0.065
-1.671,0.561
-1.777,1.623
-1.907,0.929
-1.774,-0.069
-1.935,2.866
-1.971,-0.446
-1.874,0.023
-2.032,2.009
-1.945,2.632
-2.012,1.869
-2.072,1.594
-2.209,0.727
-2.34,0.724
-2.358,-0.585
-2.387,3.041
-2.416,1.768
-2.586,2.811
-2.635,-0.058
-2.68,-0.677
-2.715,0.779
-2.62,0.604
-2.687,2.49
-2.815,1.608
-2.938,0.307
-2.841,0.178
-3.053,-0.591
2.866,0.834
2.818,0.078
2.785,-0.643
2.74,1.554
2.724,1.732
2.739,1.82
2.704,0.961
2.547,2.916
2.674,1.563
2.527,1.627
2.501,2.808
2.376,1.122
2.344,2.272
2.186,-1.048
1.651,-1.209
1.752,-0.87
0.495,-1.077
0.202,-0.858
-0.456,-1.237
-0.672,-0.893
-0.75,-1.091
-0.844,-0.945
-2.043,-1.185
-2.596,-0.835
2.47,-0.998
2.021,3.243
1.453,3.277
1.321,3.332
0.991,3.33
0.686,3.105
-0.398,3.255
-1.647,3.292
-2.483,3.384
-0.68,2.07
-0.831,2.567
-1.082,0.028
-2.117,-0.487
-0.184,0.256
-1.307,0.192
-2.207,1.933
-2.225,1.903
2.996,1.377
1.842,2.614
0.79,-0.122
-2.117,2.372
-2.764,1.177
3.119,0.499
3.097,1.192
3.138,0.308
3.017,0.011
3.043,1.157
0.756,-0.494
-0.402,-0.8
2.739,-0.728
2.687,-0.697
-1.173,2.973
0.018,1.566
-0.114,-0.42
-0.114,0.375
-0.276,1.034
-0.216,1.0
-0.344,-0.301
-0.224,1.007
-0.252,1.553
-0.495,0.037
-0.406,-0.475
-0.722,2.319
-0.609,1.487
-0.675,0.765
-0.826,-1.221
-0.912,2.415
-0.892,-1.441
-0.792,-1.462
-0.943,-0.473
-0.82,-1.201
-0.904,0.206
-0.921,2.011
-1.024,2.4
-1.182,0.996
-1.195,1.793
-1.219,2.033
-1.277,2.398
-1.281,1.972
-1.373,0.792
-1.379,1.189
-1.525,2.368
-1.39,-1.445
-1.446,-0.723
-1.58,1.888
-1.473,2.151
-1.61,2.459
-1.669,0.037
-1.58,-0.815
-1.592,-0.189
-1.698,0.873
-1.828,0.179
-1.695,-0.819
-1.856,2.116
-1.892,-1.196
-1.795,-0.727
-1.953,1.259
-1.866,1.882
-1.933,1.119
-1.993,0.844
-2.13,-0.023
-2.261,-0.026
-2.279,-1.335
-2.308,2.291
-2.337,1.018
-2.507,2.061
-2.556,-0.808
-2.601,-1.427
-2.636,0.029
-2.541,-0.146
-2.608,1.74
-2.736,0.858
-2.859,-0.443
-2.762,-0.572
-2.974,-1.341
2.945,0.084
2.897,-0.672
2.864,-1.393
2.819,0.804
2.803,0.982
2.818,1.07
2.783,0.211
2.626,2.166
2.753,0.813
2.606,0.877
2.58,2.058
2.455,0.372
2.423,1.522
2.265,-1.798
1.73,-1.959
1.831,-1.62
0.574,-1.827
0.281,-1.608
-0.377,-1.987
-0.593,-1.643
-0.671,-1.841
-0.765,-1.695
-1.964,-1.935
-2.517,-1.585
2.549,-1.748
2.1,2.493
1.532,2.527
1.4,2.582
1.07,2.58
0.765,2.355
-0.319,2.505
-1.568,2.542
-2.404,2.634
-0.601,1.32
-0.752,1.817
-1.003,-0.722
-2.038,-1.237
-0.105,-0.494
-1.228,-0.558
-2.128,1.183
-2.146,1.153
3.075,0.627
1.921,1.864
0.869,-0.872
-2.038,1.622
-2.685,0.427
-3.085,-0.251
-3.107,0.442
-3.066,-0.442
3.096,-0.739
3.122,0.407
0.835,-1.244
-0.323,-1.55
2.818,-1.478
2.766,-1.447
-1.094,2.223
-0.132,-1.986
-0.132,-1.191
-0.294,-0.532
-0.234,-0.566
-0.362,-1.867
-0.242,-0.559
-0.27,-0.013
-0.513,-1.529
-0.424,-2.041
-0.74,0.753
-0.627,-0.079
-0.693,-0.801
-0.844,-2.787
-0.93,0.849
-0.91,-3.007
-0.81,-3.028
-0.961,-2.039
-0.838,-2.767
-0.922,-1.36
-0.939,0.445
-1.042,0.834
-1.2,-0.57
-1.213,0.227
-1.237,0.467
-1.295,0.832
-1.299,0.406
-1.391,-0.774
-1.397,-0.377
-1.543,0.802
-1.408,-3.011
-1.464,-2.289
-1.598,0.322
-1.491,0.585
-1.628,0.893
-1.687,-1.529
-1.598,-2.381
-1.61,-1.755
-1.716,-0.693
-1.846,-1.387
-1.713,-2.385
-1.874,0.55
-1.91,-2.762
-1.813,-2.293
-1.971,-0.307
-1.884,0.316
-1.951,-0.447
-2.011,-0.722
-2.148,-1.589
-2.279,-1.592
-2.297,-2.901
-2.326,0.725
-2.355,-0.548
-2.525,0.495
-2.574,-2.374
-2.619,-2.993
-2.654,-1.537
-2.559,-1.712
-2.626,0.174
-2.754,-0.708
-2.877,-2.009
-2.78,-2.138
-2.992,-2.907
2.927,-1.482
2.879,-2.238
2.846,-2.959
2.801,-0.762
2.785,-0.584
2.8,-0.496
2.765,-1.355
2.608,0.6
2.735,-0.753
2.588,-0.689
2.562,0.492
2.437,-1.194
2.405,-0.044
2.247,-3.364
1.712,-3.525
1.813,-3.186
0.556,-3.393
0.263,-3.174
-0.395,-3.553
-0.611,-3.209
-0.689,-3.407
-0.783,-3.261
-1.982,-3.501
-2.535,-3.151
2.531,-3.314
2.082,0.927
1.514,0.961
1.382,1.016
1.052,1.014
0.747,0.789
-0.337,0.939
-1.586,0.976
-2.422,1.068
-0.619,-0.246
-0.77,0.251
-1.021,-2.288
-2.056,-2.803
-0.123,-2.06
-1.246,-2.124
-2.146,-0.383
-2.164,-0.413
3.057,-0.939
1.903,0.298
0.851,-2.438
-2.056,0.056
-2.703,-1.139
-3.103,-1.817
-3.125,-1.124
-3.084,-2.008
3.078,-2.305
3.104,-1.159
0.817,-2.81
-0.341,-3.116
2.8,-3.044
2.748,-3.013
-1.112,0.657
0.0,0.795
-0.162,1.454
-0.102,1.42
-0.23,0.119
-0.11,1.427
-0.138,1.973
-0.381,0.457
-0.292,-0.055
-0.608,2.739
-0.495,1.907
-0.561,1.185
-0.712,-0.801
-0.798,2.835
-0.778,-1.021
-0.678,-1.042
-0.829,-0.053
-0.706,-0.781
-0.79,0.626
-0.807,2.431
-0.91,2.82
-1.068,1.416
-1.081,2.213
-1.105,2.453
-1.163,2.818
-1.167,2.392
-1.259,1.212
-1.265,1.609
-1.411,2.788
-1.276,-1.025
-1.332,-0.303
-1.466,2.308
-1.359,2.571
-1.496,2.879
-1.555,0.457
-1.466,-0.395
-1.478,0.231
-1.584,1.293
-1.714,0.599
-1.581,-0.399
-1.742,2.536
-1.778,-0.776
-1.681,-0.307
-1.839,1.679
-1.752,2.302
-1.819,1.539
-1.879,1.264
-2.016,0.397
-2.147,0.394
-2.165,-0.915
-2.194,2.711
-2.223,1.438
-2.393,2.481
-2.442,-0.388
-2.487,-1.007
-2.522,0.449
-2.427,0.274
-2.494,2.16
-2.622,1.278
-2.745,-0.023
-2.648,-0.152
-2.86,-0.921
3.059,0.504
3.011,-0.252
2.978,-0.973
2.933,1.224
2.917,1.402
2.932,1.49
2.897,0.631
2.74,2.586
2.867,1.233
2.72,1.297
2.694,2.478
2.569,0.792
2.537,1.942
2.379,-1.378
1.844,-1.539
1.945,-1.2
0.688,-1.407
0.395,-1.188
-0.263,-1.567
-0.479,-1.223
-0.557,-1.421
-0.651,-1.275
-1.85,-1.515
-2.403,-1.165
2.663,-1.328
2.214,2.913
1.646,2.947
1.514,3.002
1.184,3.0
0.879,2.775
-0.205,2.925
-1.454,2.962
-2.29,3.054
-0.487,1.74
-0.638,2.237
-0.889,-0.302
-1.924,-0.817
0.009,-0.074
-1.114,-0.138
-2.014,1.603
-2.032,1.573
-3.094,1.047
2.035,2.284
0.983,-0.452
-1.924,2.042
-2.571,0.847
-2.971,0.169
-2.993,0.862
-2.952,-0.022
-3.073,-0.319
-3.047,0.827
0.949,-0.824
-0.209,-1.13
2.932,-1.058
2.88,-1.027
-0.98,2.643
-0.162,0.659
-0.102,0.625
-0.23,-0.676
-0.11,0.632
-0.138,1.178
-0.381,-0.338
-0.292,-0.85
-0.608,1.944
-0.495,1.112
-0.561,0.39
-0.712,-1.596
-0.798,2.04
-0.778,-1.816
-0.678,-1.837
-0.829,-0.848
-0.706,-1.576
-0.79,-0.169
-0.807,1.636
-0.91,2.025
-1.068,0.621
-1.081,1.418
-1.105,1.658
-1.163,2.023
-1.167,1.597
-1.259,0.417
-1.265,0.814
-1.411,1.993
-1.276,-1.82
-1.332,-1.098
-1.466,1.513
-1.359,1.776
-1.496,2.084
-1.555,-0.338
-1.466,-1.19
-1.478,-0.564
-1.584,0.498
-1.714,-0.196
-1.581,-1.194
-1.742,1.741
-1.778,-1.571
-1.681,-1.102
-1.839,0.884
-1.752,1.507
-1.819,0.744
-1.879,0.469
-2.016,-0.398
-2.147,-0.401
-2.165,-1.71
-2.194,1.916
-2.223,0.643
-2.393,1.686
-2.442,-1.183
-2.487,-1.802
-2.522,-0.346
-2.427,-0.521
-2.494,1.365
-2.622,0.483
-2.745,-0.818
-2.648,-0.947
-2.86,-1.716
3.059,-0.291
3.011,-1.047
2.978,-1.768
2.933,0.429
2.917,0.607
2.932,0.695
2.897,-0.164
2.74,1.791
2.867,0.438
2.72,0.502
2.694,1.683
2.569,-0.003
2.537,1.147
2.379,-2.173
1.844,-2.334
1.945,-1.995
0.688,-2.202
0.395,-1.983
-0.263,-2.362
-0.479,-2.018
-0.557,-2.216
-0.651,-2.07
-1.85,-2.31
-2.403,-1.96
2.663,-2.123
2.214,2.118
1.646,2.152
1.514,2.207
1.184,2.205
0.879,1.98
-0.205,2.13
-1.454,2.167
-2.29,2.259
-0.487,0.945
-0.638,1.442
-0.889,-1.097
-1.924,-1.612
0.009,-0.869
-1.114,-0.933
-2.014,0.808
-2.032,0.778
-3.094,0.252
2.035,1.489
0.983,-1.247
-1.924,1.247
-2.571,0.052
-2.971,-0.626
-2.993,0.067
-2.952,-0.817
-3.073,-1.114
-3.047,0.032
0.949,-1.619
-0.209,-1.925
2.932,-1.853
2.88,-1.822
-0.98,1.848
0.06,-0.034
-0.068,-1.335
0.052,-0.027
0.024,0.519
-0.219,-0.997
-0.13,-1.509
-0.446,1.285
-0.333,0.453
-0.399,-0.269
-0.55,-2.255
-0.636,1.381
-0.616,-2.475
-0.516,-2.496
-0.667,-1.507
-0.544,-2.235
-0.628,-0.828
-0.645,0.977
-0.748,1.366
-0.906,-0.038
-0.919,0.759
-0.943,0.999
-1.001,1.364
-1.005,0.938
-1.097,-0.242
-1.103,0.155
-1.249,1.334
-1.114,-2.479
-1.17,-1.757
-1.304,0.854
-1.197,1.117
-1.334,1.425
-1.393,-0.997
-1.304,-1.849
-1.316,-1.223
-1.422,-0.161
-1.552,-0.855
-1.419,-1.853
-1.58,1.082
-1.616,-2.23
-1.519,-1.761
-1.677,0.225
-1.59,0.848
-1.657,0.085
-1.717,-0.19
-1.854,-1.057
-1.985,-1.06
-2.003,-2.369
-2.032,1.257
-2.061,-0.016
-2.231,1.027
-2.28,-1.842
-2.325,-2.461
-2.36,-1.005
-2.265,-1.18
-2.332,0.706
-2.46,-0.176
-2.583,-1.477
-2.486,-1.606
-2.698,-2.375
-3.062,-0.95
-3.11,-1.706
3.14,-2.427
3.095,-0.23
3.079,-0.052
3.094,0.036
3.059,-0.823
2.902,1.132
3.029,-0.221
2.882,-0.157
2.856,1.024
2.731,-0.662
2.699,0.488
2.541,-2.832
2.006,-2.993
2.107,-2.654
0.85,-2.861
0.557,-2.642
-0.101,-3.021
-0.317,-2.677
-0.395,-2.875
-0.489,-2.729
-1.688,-2.969
-2.241,-2.619
2.825,-2.782
2.376,1.459
1.808,1.493
1.676,1.548
1.346,1.546
1.041,1.321
-0.043,1.471
-1.292,1.508
-2.128,1.6
-0.325,0.286
-0.476,0.783
-0.727,-1.756
-1.762,-2.271
0.171,-1.528
-0.952,-1.592
-1.852,0.149
-1.87,0.119
-2.932,-0.407
2.197,0.83
1.145,-1.906
-1.762,0.588
-2.409,-0.607
-2.809,-1.285
-2.831,-0.592
-2.79,-1.476
-2.911,-1.773
-2.885,-0.627
1.111,-2.278
-0.047,-2.584
3.094,-2.512
3.042,-2.481
-0.818,1.189
-0.128,-1.301
-0.008,0.007
-0.036,0.553
-0.279,-0.963
-0.19,-1.475
-0.506,1.319
-0.393,0.487
-0.459,-0.235
-0.61,-2.221
-0.696,1.415
-0.676,-2.441
-0.576,-2.462
-0.727,-1.473
-0.604,-2.201
-0.688,-0.794
-0.705,1.011
-0.808,1.4
-0.966,-0.004
-0.979,0.793
-1.003,1.033
-1.061,1.398
-1.065,0.972
-1.157,-0.208
-1.163,0.189
-1.309,1.368
-1.174,-2.445
-1.23,-1.723
-1.364,0.888
-1.257,1.151
-1.394,1.459
-1.453,-0.963
-1.364,-1.815
-1.376,-1.189
-1.482,-0.127
-1.612,-0.821
-1.479,-1.819
-1.64,1.116
-1.676,-2.196
-1.579,-1.727
-1.737,0.259
-1.65,0.882
-1.717,0.119
-1.777,-0.156
-1.914,-1.023
-2.045,-1.026
-2.063,-2.335
-2.092,1.291
-2.121,0.018
-2.291,1.061
-2.34,-1.808
-2.385,-2.427
-2.42,-0.971
-2.325,-1.146
-2.392,0.74
-2.52,-0.142
-2.643,-1.443
-2.546,-1.572
-2.758,-2.341
-3.122,-0.916
3.113,-1.672
3.08,-2.393
3.035,-0.196
3.019,-0.018
3.034,0.07
2.999,-0.789
2.842,1.166
2.969,-0.187
2.822,-0.123
2.796,1.058
2.671,-0.628
2.639,0.522
2.481,-2.798
1.946,-2.959
2.047,-2.62
0.79,-2.827
0.497,-2.608
-0.161,-2.987
-0.377,-2.643
-0.455,-2.841
-0.549,-2.695
-1.748,-2.935
-2.301,-2.585
2.765,-2.748
2.316,1.493
1.748,1.527
1.616,1.582
1.286,1.58
0.981,1.355
-0.103,1.505
-1.352,1.542
-2.188,1.634
-0.385,0.32
-0.536,0.817
-0.787,-1.722
-1.822,-2.237
0.111,-1.494
-1.012,-1.558
-1.912,0.183
-1.93,0.153
-2.992,-0.373
2.137,0.864
1.085,-1.872
-1.822,0.622
-2.469,-0.573
-2.869,-1.251
-2.891,-0.558
-2.85,-1.442
-2.971,-1.739
-2.945,-0.593
1.051,-2.244
-0.107,-2.55
3.034,-2.478
2.982,-2.447
-0.878,1.223
0.12,1.308
0.092,1.854
-0.151,0.338
-0.062,-0.174
-0.378,2.62
-0.265,1.788
-0.331,1.066
-0.482,-0.92
-0.568,2.716
-0.548,-1.14
-0.448,-1.161
-0.599,-0.172
-0.476,-0.9
-0.56,0.507
-0.577,2.312
-0.68,2.701
-0.838,1.297
-0.851,2.094
-0.875,2.334
-0.933,2.699
-0.937,2.273
-1.029,1.093
-1.035,1.49
-1.181,2.669
-1.046,-1.144
-1.102,-0.422
-1.236,2.189
-1.129,2.452
-1.266,2.76
-1.325,0.338
-1.236,-0.514
-1.248,0.112
-1.354,1.174
-1.484,0.48
-1.351,-0.518
-1.512,2.417
-1.548,-0.895
-1.451,-0.426
-1.609,1.56
-1.522,2.183
-1.589,1.42
-1.649,1.145
-1.786,0.278
-1.917,0.275
-1.935,-1.034
-1.964,2.592
-1.993,1.319
-2.163,2.362
-2.212,-0.507
-2.257,-1.126
-2.292,0.33
-2.197,0.155
-2.264,2.041
-2.392,1.159
-2.515,-0.142
-2.418,-0.271
-2.63,-1.04
-2.994,0.385
-3.042,-0.371
-3.075,-1.092
-3.12,1.105
-3.136,1.283
-3.121,1.371
3.127,0.512
2.97,2.467
3.097,1.114
2.95,1.178
2.924,2.359
2.799,0.673
2.767,1.823
2.609,-1.497
2.074,-1.658
2.175,-1.319
0.918,-1.526
0.625,-1.307
-0.033,-1.686
-0.249,-1.342
-0.327,-1.54
-0.421,-1.394
-1.62,-1.634
-2.173,-1.284
2.893,-1.447
2.444,2.794
1.876,2.828
1.744,2.883
1.414,2.881
1.109,2.656
0.025,2.806
-1.224,2.843
-2.06,2.935
-0.257,1.621
-0.408,2.118
-0.659,-0.421
-1.694,-0.936
0.239,-0.193
-0.884,-0.257
-1.784,1.484
-1.802,1.454
-2.864,0.928
2.265,2.165
1.213,-0.571
-1.694,1.923
-2.341,0.728
-2.741,0.05
-2.763,0.743
-2.722,-0.141
-2.843,-0.438
-2.817,0.708
1.179,-0.943
0.021,-1.249
-3.121,-1.177
3.11,-1.146
-0.75,2.524
-0.028,0.546
-0.271,-0.97
-0.182,-1.482
-0.498,1.312
-0.385,0.48
-0.451,-0.242
-0.602,-2.228
-0.688,1.408
-0.668,-2.448
-0.568,-2.469
-0.719,-1.48
-0.596,-2.208
-0.68,-0.801
-0.697,1.004
-0.8,1.393
-0.958,-0.011
-0.971,0.786
-0.995,1.026
-1.053,1.391
-1.057,0.965
-1.149,-0.215
-1.155,0.182
-1.301,1.361
-1.166,-2.452
-1.222,-1.73
-1.356,0.881
-1.249,1.144
-1.386,1.452
-1.445,-0.97
-1.356,-1.822
-1.368,-1.196
-1.474,-0.134
-1.604,-0.828
-1.471,-1.826
-1.632,1.109
-1.668,-2.203
-1.571,-1.734
-1.729,0.252
-1.642,0.875
-1.709,0.112
-1.769,-0.163
-1.906,-1.03
-2.037,-1.033
-2.055,-2.342
-2.084,1.284
-2.113,0.011
-2.283,1.054
-2.332,-1.815
-2.377,-2.434
-2.412,-0.978
-2.317,-1.153
-2.384,0.733
-2.512,-0.149
-2.635,-1.45
-2.538,-1.579
-2.75,-2.348
-3.114,-0.923
3.121,-1.679
3.088,-2.4
3.043,-0.203
3.027,-0.025
3.042,0.063
3.007,-0.796
2.85,1.159
2.977,-0.194
2.83,-0.13
2.804,1.051
2.679,-0.635
2.647,0.515
2.489,-2.805
1.954,-2.966
2.055,-2.627
0.798,-2.834
0.505,-2.615
-0.153,-2.994
-0.369,-2.65
-0.447,-2.848
-0.541,-2.702
-1.74,-2.942
-2.293,-2.592
2.773,-2.755
2.324,1.486
1.756,1.52
1.624,1.575
1.294,1.573
0.989,1.348
-0.095,1.498
-1.344,1.535
-2.18,1.627
-0.377,0.313
-0.528,0.81
-0.779,-1.729
-1.814,-2.244
0.119,-1.501
-1.004,-1.565
-1.904,0.176
-1.922,0.146
-2.984,-0.38
2.145,0.857
1.093,-1.879
-1.814,0.615
-2.461,-0.58
-2.861,-1.258
-2.883,-0.565
-2.842,-1.449
-2.963,-1.746
-2.937,-0.6
1.059,-2.251
-0.099,-2.557
3.042,-2.485
2.99,-2.454
-0.87,1.216
-0.243,-1.516
-0.154,-2.028
-0.47,0.766
-0.357,-0.066
-0.423,-0.788
-0.574,-2.774
-0.66,0.862
-0.64,-2.994
-0.54,-3.015
-0.691,-2.026
-0.568,-2.754
-0.652,-1.347
-0.669,0.458
-0.772,0.847
-0.93,-0.557
-0.943,0.24
-0.967,0.48
-1.025,0.845
-1.029,0.419
-1.121,-0.761
-1.127,-0.364
-1.273,0.815
-1.138,-2.998
-1.194,-2.276
-1.328,0.335
-1.221,0.598
-1.358,0.906
-1.417,-1.516
-1.328,-2.368
-1.34,-1.742
-1.446,-0.68
-1.576,-1.374
-1.443,-2.372
-1.604,0.563
-1.64,-2.749
-1.543,-2.28
-1.701,-0.294
-1.614,0.329
-1.681,-0.434
-1.741,-0.709
-1.878,-1.576
-2.009,-1.579
-2.027,-2.888
-2.056,0.738
-2.085,-0.535
-2.255,0.508
-2.304,-2.361
-2.349,-2.98
-2.384,-1.524
-2.289,-1.699
-2.356,0.187
-2.484,-0.695
-2.607,-1.996
-2.51,-2.125
-2.722,-2.894
-3.086,-1.469
-3.134,-2.225
3.116,-2.946
3.071,-0.749
3.055,-0.571
3.07,-0.483
3.035,-1.342
2.878,0.613
3.005,-0.74
2.858,-0.676
2.832,0.505
2.707,-1.181
2.675,-0.031
2.517,-3.351
1.982,-3.512
2.083,-3.173
0.826,-3.38
0.533,-3.161
-0.125,-3.54
-0.341,-3.196
-0.419,-3.394
-0.513,-3.248
-1.712,-3.488
-2.265,-3.138
2.801,-3.301
2.352,0.94
1.784,0.974
1.652,1.029
1.322,1.027
1.017,0.802
-0.067,0.952
-1.316,0.989
-2.152,1.081
-0.349,-0.233
-0.5,0.264
-0.751,-2.275
-1.786,-2.79
0.147,-2.047
-0.976,-2.111
-1.876,-0.37
-1.894,-0.4
-2.956,-0.926
2.173,0.311
1.121,-2.425
-1.786,0.069
-2.433,-1.126
-2.833,-1.804
-2.855,-1.111
-2.814,-1.995
-2.935,-2.292
-2.909,-1.146
1.087,-2.797
-0.071,-3.103
3.07,-3.031
3.018,-3.0
-0.842,0.67
0.089,-0.512
-0.227,2.282
-0.114,1.45
-0.18,0.728
-0.331,-1.258
-0.417,2.378
-0.397,-1.478
-0.297,-1.499
-0.448,-0.51
-0.325,-1.238
-0.409,0.169
-0.426,1.974
-0.529,2.363
-0.687,0.959
-0.7,1.756
-0.724,1.996
-0.782,2.361
-0.786,1.935
-0.878,0.755
-0.884,1.152
-1.03,2.331
-0.895,-1.482
-0.951,-0.76
-1.085,1.851
-0.978,2.114
-1.115,2.422
-1.174,0.0
-1.085,-0.852
-1.097,-0.226
-1.203,0.836
-1.333,0.142
-1.2,-0.856
-1.361,2.079
-1.397,-1.233
-1.3,-0.764
-1.458,1.222
-1.371,1.845
-1.438,1.082
-1.498,0.807
-1.635,-0.06
-1.766,-0.063
-1.784,-1.372
-1.813,2.254
-1.842,0.981
-2.012,2.024
-2.061,-0.845
-2.106,-1.464
-2.141,-0.008
-2.046,-0.183
-2.113,1.703
-2.241,0.821
-2.364,-0.48
-2.267,-0.609
-2.479,-1.378
-2.843,0.047
-2.891,-0.709
-2.924,-1.43
-2.969,0.767
-2.985,0.945
-2.97,1.033
-3.005,0.174
3.121,2.129
-3.035,0.776
3.101,0.84
3.075,2.021
2.95,0.335
2.918,1.485
2.76,-1.835
2.225,-1.996
2.326,-1.657
1.069,-1.864
0.776,-1.645
0.118,-2.024
-0.098,-1.68
-0.176,-1.878
-0.27,-1.732
-1.469,-1.972
-2.022,-1.622
3.044,-1.785
2.595,2.456
2.027,2.49
1.895,2.545
1.565,2.543
1.26,2.318
0.176,2.468
-1.073,2.505
-1.909,2.597
-0.106,1.283
-0.257,1.78
-0.508,-0.759
-1.543,-1.274
0.39,-0.531
-0.733,-0.595
-1.633,1.146
-1.651,1.116
-2.713,0.59
2.416,1.827
1.364,-0.909
-1.543,1.585
-2.19,0.39
-2.59,-0.288
-2.612,0.405
-2.571,-0.479
-2.692,-0.776
-2.666,0.37
1.33,-1.281
0.172,-1.587
-2.97,-1.515
-3.022,-1.484
-0.599,2.186
-0.316,2.794
-0.203,1.962
-0.269,1.24
-0.42,-0.746
-0.506,2.89
-0.486,-0.966
-0.386,-0.987
-0.537,0.002
-0.414,-0.726
-0.498,0.681
-0.515,2.486
-0.618,2.875
-0.776,1.471
-0.789,2.268
-0.813,2.508
-0.871,2.873
-0.875,2.447
-0.967,1.267
-0.973,1.664
-1.119,2.843
-0.984,-0.97
-1.04,-0.248
-1.174,2.363
-1.067,2.626
-1.204,2.934
-1.263,0.512
-1.174,-0.34
-1.186,0.286
-1.292,1.348
-1.422,0.654
-1.289,-0.344
-1.45,2.591
-1.486,-0.721
-1.389,-0.252
-1.547,1.734
-1.46,2.357
-1.527,1.594
-1.587,1.319
-1.724,0.452
-1.855,0.449
-1.873,-0.86
-1.902,2.766
-1.931,1.493
-2.101,2.536
-2.15,-0.333
-2.195,-0.952
-2.23,0.504
-2.135,0.329
-2.202,2.215
-2.33,1.333
-2.453,0.032
-2.356,-0.097
-2.568,-0.866
-2.932,0.559
-2.98,-0.197
-3.013,-0.918
-3.058,1.279
-3.074,1.457
-3.059,1.545
-3.094,0.686
3.032,2.641
-3.124,1.288
3.012,1.352
2.986,2.533
2.861,0.847
2.829,1.997
2.671,-1.323
2.136,-1.484
2.237,-1.145
0.98,-1.352
0.687,-1.133
0.029,-1.512
-0.187,-1.168
-0.265,-1.366
-0.359,-1.22
-1.558,-1.46
-2.111,-1.11
2.955,-1.273
2.506,2.968
1.938,3.002
1.806,3.057
1.476,3.055
1.171,2.83
0.087,2.98
-1.162,3.017
-1.998,3.109
-0.195,1.795
-0.346,2.292
-0.597,-0.247
-1.632,-0.762
0.301,-0.019
-0.822,-0.083
-1.722,1.658
-1.74,1.628
-2.802,1.102
2.327,2.339
1.275,-0.397
-1.632,2.097
-2.279,0.902
-2.679,0.224
-2.701,0.917
-2.66,0.033
-2.781,-0.264
-2.755,0.882
1.241,-0.769
0.083,-1.075
-3.059,-1.003
-3.111,-0.972
-0.688,2.698
0.113,-0.832
0.047,-1.554
-0.104,-3.54
-0.19,0.096
-0.17,-3.76
-0.07,-3.781
-0.221,-2.792
-0.098,-3.52
-0.182,-2.113
-0.199,-0.308
-0.302,0.081
-0.46,-1.323
-0.473,-0.526
-0.497,-0.286
-0.555,0.079
-0.559,-0.347
-0.651,-1.527
-0.657,-1.13
-0.803,0.049
-0.668,-3.764
-0.724,-3.042
-0.858,-0.431
-0.751,-0.168
-0.888,0.14
-0.947,-2.282
-0.858,-3.134
-0.87,-2.508
-0.976,-1.446
-1.106,-2.14
-0.973,-3.138
-1.134,-0.203
-1.17,-3.515
-1.073,-3.046
-1.231,-1.06
-1.144,-0.437
-1.211,-1.2
-1.271,-1.475
-1.408,-2.342
-1.539,-2.345
-1.557,-3.654
-1.586,-0.028
-1.615,-1.301
-1.785,-0.258
-1.834,-3.127
-1.879,-3.746
-1.914,-2.29
-1.819,-2.465
-1.886,-0.579
-2.014,-1.461
-2.137,-2.762
-2.04,-2.891
-2.252,-3.66
-2.616,-2.235
-2.664,-2.991
-2.697,-3.712
-2.742,-1.515
-2.758,-1.337
-2.743,-1.249
-2.778,-2.108
-2.935,-0.153
-2.808,-1.506
-2.955,-1.442
-2.981,-0.261
-3.106,-1.947
-3.138,-0.797
2.987,-4.117
2.452,-4.278
2.553,-3.939
1.296,-4.146
1.003,-3.927
0.345,-4.306
0.129,-3.962
0.051,-4.16
-0.043,-4.014
-1.242,-4.254
-1.795,-3.904
-3.012,-4.067
2.822,0.174
2.254,0.208
2.122,0.263
1.792,0.261
1.487,0.036
0.403,0.186
-0.846,0.223
-1.682,0.315
0.121,-0.999
-0.03,-0.502
-0.281,-3.041
-1.316,-3.556
0.617,-2.813
-0.506,-2.877
-1.406,-1.136
-1.424,-1.166
-2.486,-1.692
2.643,-0.455
1.591,-3.191
-1.316,-0.697
-1.963,-1.892
-2.363,-2.57
-2.385,-1.877
-2.344,-2.761
-2.465,-3.058
-2.439,-1.912
1.557,-3.563
0.399,-3.869
-2.743,-3.797
-2.795,-3.766
-0.372,-0.096
-0.066,-0.722
-0.217,-2.708
-0.303,0.928
-0.283,-2.928
-0.183,-2.949
-0.334,-1.96
-0.211,-2.688
-0.295,-1.281
-0.312,0.524
-0.415,0.913
-0.573,-0.491
-0.586,0.306
-0.61,0.546
-0.668,0.911
-0.672,0.485
-0.764,-0.695
-0.77,-0.298
-0.916,0.881
-0.781,-2.932
-0.837,-2.21
-0.971,0.401
-0.864,0.664
-1.001,0.972
-1.06,-1.45
-0.971,-2.302
-0.983,-1.676
-1.089,-0.614
-1.219,-1.308
-1.086,-2.306
-1.247,0.629
-1.283,-2.683
-1.186,-2.214
-1.344,-0.228
-1.257,0.395
-1.324,-0.368
-1.384,-0.643
-1.521,-1.51
-1.652,-1.513
-1.67,-2.822
-1.699,0.804
-1.728,-0.469
-1.898,0.574
-1.947,-2.295
-1.992,-2.914
-2.027,-1.458
-1.932,-1.633
-1.999,0.253
-2.127,-0.629
-2.25,-1.93
-2.153,-2.059
-2.365,-2.828
-2.729,-1.403
-2.777,-2.159
-2.81,-2.88
-2.855,-0.683
-2.871,-0.505
-2.856,-0.417
-2.891,-1.276
-3.048,0.679
-2.921,-0.674
-3.068,-0.61
-3.094,0.571
3.064,-1.115
3.032,0.035
2.874,-3.285
2.339,-3.446
2.44,-3.107
1.183,-3.314
0.89,-3.095
0.232,-3.474
0.016,-3.13
-0.062,-3.328
-0.156,-3.182
-1.355,-3.422
-1.908,-3.072
-3.125,-3.235
2.709,1.006
2.141,1.04
2.009,1.095
1.679,1.093
1.374,0.868
0.29,1.018
-0.959,1.055
-1.795,1.147
0.008,-0.167
-0.143,0.33
-0.394,-2.209
-1.429,-2.724
0.504,-1.981
-0.619,-2.045
-1.519,-0.304
-1.537,-0.334
-2.599,-0.86
2.53,0.377
1.478,-2.359
-1.429,0.135
-2.076,-1.06
-2.476,-1.738
-2.498,-1.045
-2.457,-1.929
-2.578,-2.226
-2.552,-1.08
1.444,-2.731
0.286,-3.037
-2.856,-2.965
-2.908,-2.934
-0.485,0.736
-0.151,-1.986
-0.237,1.65
-0.217,-2.206
-0.117,-2.227
-0.268,-1.238
-0.145,-1.966
-0.229,-0.559
-0.246,1.246
-0.349,1.635
-0.507,0.231
-0.52,1.028
-0.544,1.268
-0.602,1.633
-0.606,1.207
-0.698,0.027
-0.704,0.424
-0.85,1.603
-0.715,-2.21
-0.771,-1.488
-0.905,1.123
-0.798,1.386
-0.935,1.694
-0.994,-0.728
-0.905,-1.58
-0.917,-0.954
-1.023,0.108
-1.153,-0.586
-1.02,-1.584
-1.181,1.351
-1.217,-1.961
-1.12,-1.492
-1.278,0.494
-1.191,1.117
-1.258,0.354
-1.318,0.079
-1.455,-0.788
-1.586,-0.791
-1.604,-2.1
-1.633,1.526
-1.662,0.253
-1.832,1.296
-1.881,-1.573
-1.926,-2.192
-1.961,-0.736
-1.866,-0.911
-1.933,0.975
-2.061,0.093
-2.184,-1.208
-2.087,-1.337
-2.299,-2.106
-2.663,-0.681
-2.711,-1.437
-2.744,-2.158
-2.789,0.039
-2.805,0.217
-2.79,0.305
-2.825,-0.554
-2.982,1.401
-2.855,0.048
-3.002,0.112
-3.028,1.293
3.13,-0.393
3.098,0.757
2.94,-2.563
2.405,-2.724
2.506,-2.385
1.249,-2.592
0.956,-2.373
0.298,-2.752
0.082,-2.408
0.004,-2.606
-0.09,-2.46
-1.289,-2.7
-1.842,-2.35
-3.059,-2.513
2.775,1.728
2.207,1.762
2.075,1.817
1.745,1.815
1.44,1.59
0.356,1.74
-0.893,1.777
-1.729,1.869
0.074,0.555
-0.077,1.052
-0.328,-1.487
-1.363,-2.002
0.57,-1.259
-0.553,-1.323
-1.453,0.418
-1.471,0.388
-2.533,-0.138
2.596,1.099
1.544,-1.637
-1.363,0.857
-2.01,-0.338
-2.41,-1.016
-2.432,-0.323
-2.391,-1.207
-2.512,-1.504
-2.486,-0.358
1.51,-2.009
0.352,-2.315
-2.79,-2.243
-2.842,-2.212
-0.419,1.458
-0.086,3.636
-0.066,-0.22
0.034,-0.241
-0.117,0.748
0.006,0.02
-0.078,1.427
-0.095,3.232
-0.198,3.621
-0.356,2.217
-0.369,3.014
-0.393,3.254
-0.451,3.619
-0.455,3.193
-0.547,2.013
-0.553,2.41
-0.699,3.589
-0.564,-0.224
-0.62,0.498
-0.754,3.109
-0.647,3.372
-0.784,3.68
-0.843,1.258
-0.754,0.406
-0.766,1.032
-0.872,2.094
-1.002,1.4
-0.869,0.402
-1.03,3.337
-1.066,0.025
-0.969,0.494
-1.127,2.48
-1.04,3.103
-1.107,2.34
-1.167,2.065
-1.304,1.198
-1.435,1.195
-1.453,-0.114
-1.482,3.512
-1.511,2.239
-1.681,3.282
-1.73,0.413
-1.775,-0.206
-1.81,1.25
-1.715,1.075
-1.782,2.961
-1.91,2.079
-2.033,0.778
-1.936,0.649
-2.148,-0.12
-2.512,1.305
-2.56,0.549
-2.593,-0.172
-2.638,2.025
-2.654,2.203
-2.639,2.291
-2.674,1.432
-2.831,3.387
-2.704,2.034
-2.851,2.098
-2.877,3.279
-3.002,1.593
-3.034,2.743
3.091,-0.577
2.556,-0.738
2.657,-0.399
1.4,-0.606
1.107,-0.387
0.449,-0.766
0.233,-0.422
0.155,-0.62
0.061,-0.474
-1.138,-0.714
-1.691,-0.364
-2.908,-0.527
2.926,3.714
2.358,3.748
2.226,3.803
1.896,3.801
1.591,3.576
0.507,3.726
-0.742,3.763
-1.578,3.855
0.225,2.541
0.074,3.038
-0.177,0.499
-1.212,-0.016
0.721,0.727
-0.402,0.663
-1.302,2.404
-1.32,2.374
-2.382,1.848
2.747,3.085
1.695,0.349
-1.212,2.843
-1.859,1.648
-2.259,0.97
-2.281,1.663
-2.24,0.779
-2.361,0.482
-2.335,1.628
1.661,-0.023
0.503,-0.329
-2.639,-0.257
-2.691,-0.226
-0.268,3.444
0.02,-3.856
0.12,-3.877
-0.031,-2.888
0.092,-3.616
0.008,-2.209
-0.009,-0.404
-0.112,-0.015
-0.27,-1.419
-0.283,-0.622
-0.307,-0.382
-0.365,-0.017
-0.369,-0.443
-0.461,-1.623
-0.467,-1.226
-0.613,-0.047
-0.478,-3.86
-0.534,-3.138
-0.668,-0.527
-0.561,-0.264
-0.698,0.044
-0.757,-2.378
-0.668,-3.23
-0.68,-2.604
-0.786,-1.542
-0.916,-2.236
-0.783,-3.234
-0.944,-0.299
-0.98,-3.611
-0.883,-3.142
-1.041,-1.156
-0.954,-0.533
-1.021,-1.296
-1.081,-1.571
-1.218,-2.438
-1.349,-2.441
-1.367,-3.75
-1.396,-0.124
-1.425,-1.397
-1.595,-0.354
-1.644,-3.223
-1.689,-3.842
-1.724,-2.386
-1.629,-2.561
-1.696,-0.675
-1.824,-1.557
-1.947,-2.858
-1.85,-2.987
-2.062,-3.756
-2.426,-2.331
-2.474,-3.087
-2.507,-3.808
-2.552,-1.611
-2.568,-1.433
-2.553,-1.345
-2.588,-2.204
-2.745,-0.249
-2.618,-1.602
-2.765,-1.538
-2.791,-0.357
-2.916,-2.043
-2.948,-0.893
-3.106,-4.213
2.642,-4.374
2.743,-4.035
1.486,-4.242
1.193,-4.023
0.535,-4.402
0.319,-4.058
0.241,-4.256
0.147,-4.11
-1.052,-4.35
-1.605,-4.0
-2.822,-4.163
3.012,0.078
2.444,0.112
2.312,0.167
1.982,0.165
1.677,-0.06
0.593,0.09
-0.656,0.127
-1.492,0.219
0.311,-1.095
0.16,-0.598
-0.091,-3.137
-1.126,-3.652
0.807,-2.909
-0.316,-2.973
-1.216,-1.232
-1.234,-1.262
-2.296,-1.788
2.833,-0.551
1.781,-3.287
-1.126,-0.793
-1.773,-1.988
-2.173,-2.666
-2.195,-1.973
-2.154,-2.857
-2.275,-3.154
-2.249,-2.008
1.747,-3.659
0.589,-3.965
-2.553,-3.893
-2.605,-3.862
-0.182,-0.192
0.1,-0.021
-0.051,0.968
0.072,0.24
-0.012,1.647
-0.029,3.452
-0.132,3.841
-0.29,2.437
-0.303,3.234
-0.327,3.474
-0.385,3.839
-0.389,3.413
-0.481,2.233
-0.487,2.63
-0.633,3.809
-0.498,-0.004
-0.554,0.718
-0.688,3.329
-0.581,3.592
-0.718,3.9
-0.777,1.478
-0.688,0.626
-0.7,1.252
-0.806,2.314
-0.936,1.62
-0.803,0.622
-0.964,3.557
-1.0,0.245
-0.903,0.714
-1.061,2.7
-0.974,3.323
-1.041,2.56
-1.101,2.285
-1.238,1.418
-1.369,1.415
-1.387,0.106
-1.416,3.732
-1.445,2.459
-1.615,3.502
-1.664,0.633
-1.709,0.014
-1.744,1.47
-1.649,1.295
-1.716,3.181
-1.844,2.299
-1.967,0.998
-1.87,0.869
-2.082,0.1
-2.446,1.525
-2.494,0.769
-2.527,0.048
-2.572,2.245
-2.588,2.423
-2.573,2.511
-2.608,1.652
-2.765,3.607
-2.638,2.254
-2.785,2.318
-2.811,3.499
-2.936,1.813
-2.968,2.963
-3.126,-0.357
2.622,-0.518
2.723,-0.179
1.466,-0.386
1.173,-0.167
0.515,-0.546
0.299,-0.202
0.221,-0.4
0.127,-0.254
-1.072,-0.494
-1.625,-0.144
-2.842,-0.307
2.992,3.934
2.424,3.968
2.292,4.023
1.962,4.021
1.657,3.796
0.573,3.946
-0.676,3.983
-1.512,4.075
0.291,2.761
0.14,3.258
-0.111,0.719
-1.146,0.204
0.787,0.947
-0.336,0.883
-1.236,2.624
-1.254,2.594
-2.316,2.068
2.813,3.305
1.761,0.569
-1.146,3.063
-1.793,1.868
-2.193,1.19
-2.215,1.883
-2.174,0.999
-2.295,0.702
-2.269,1.848
1.727,0.197
0.569,-0.109
-2.573,-0.037
-2.625,-0.006
-0.202,3.664
-0.151,0.989
-0.028,0.261
-0.112,1.668
-0.129,3.473
-0.232,3.862
-0.39,2.458
-0.403,3.255
-0.427,3.495
-0.485,3.86
-0.489,3.434
-0.581,2.254
-0.587,2.651
-0.733,3.83
-0.598,0.017
-0.654,0.739
-0.788,3.35
-0.681,3.613
-0.818,3.921
-0.877,1.499
-0.788,0.647
-0.8,1.273
-0.906,2.335
-1.036,1.641
-0.903,0.643
-1.064,3.578
-1.1,0.266
-1.003,0.735
-1.161,2.721
-1.074,3.344
-1.141,2.581
-1.201,2.306
-1.338,1.439
-1.469,1.436
-1.487,0.127
-1.516,3.753
-1.545,2.48
-1.715,3.523
-1.764,0.654
-1.809,0.035
-1.844,1.491
-1.749,1.316
-1.816,3.202
-1.944,2.32
-2.067,1.019
-1.97,0.89
-2.182,0.121
-2.546,1.546
-2.594,0.79
-2.627,0.069
-2.672,2.266
-2.688,2.444
-2.673,2.532
-2.708,1.673
-2.865,3.628
-2.738,2.275
-2.885,2.339
-2.911,3.52
-3.036,1.834
-3.068,2.984
3.057,-0.336
2.522,-0.497
2.623,-0.158
1.366,-0.365
1.073,-0.146
0.415,-0.525
0.199,-0.181
0.121,-0.379
0.027,-0.233
-1.172,-0.473
-1.725,-0.123
-2.942,-0.286
2.892,3.955
2.324,3.989
2.192,4.044
1.862,4.042
1.557,3.817
0.473,3.967
-0.776,4.004
-1.612,4.096
0.191,2.782
0.04,3.279
-0.211,0.74
-1.246,0.225
0.687,0.968
-0.436,0.904
-1.336,2.645
-1.354,2.615
-2.416,2.089
2.713,3.326
1.661,0.59
-1.246,3.084
-1.893,1.889
-2.293,1.211
-2.315,1.904
-2.274,1.02
-2.395,0.723
-2.369,1.869
1.627,0.218
0.469,-0.088
-2.673,-0.016
-2.725,0.015
-0.302,3.685
0.123,-0.728
0.039,0.679
0.022,2.484
-0.081,2.873
-0.239,1.469
-0.252,2.266
-0.276,2.506
-0.334,2.871
-0.338,2.445
-0.43,1.265
-0.436,1.662
-0.582,2.841
-0.447,-0.972
-0.503,-0.25
-0.637,2.361
-0.53,2.624
-0.667,2.932
-0.726,0.51
-0.637,-0.342
-0.649,0.284
-0.755,1.346
-0.885,0.652
-0.752,-0.346
-0.913,2.589
-0.949,-0.723
-0.852,-0.254
-1.01,1.732
-0.923,2.355
-0.99,1.592
-1.05,1.317
-1.187,0.45
-1.318,0.447
-1.336,-0.862
-1.365,2.764
-1.394,1.491
-1.564,2.534
-1.613,-0.335
-1.658,-0.954
-1.693,0.502
-1.598,0.327
-1.665,2.213
-1.793,1.331
-1.916,0.03
-1.819,-0.099
-2.031,-0.868
-2.395,0.557
-2.443,-0.199
-2.476,-0.92
-2.521,1.277
-2.537,1.455
-2.522,1.543
-2.557,0.684
-2.714,2.639
-2.587,1.286
-2.734,1.35
-2.76,2.531
-2.885,0.845
-2.917,1.995
-3.075,-1.325
2.673,-1.486
2.774,-1.147
1.517,-1.354
1.224,-1.135
0.566,-1.514
0.35,-1.17
0.272,-1.368
0.178,-1.222
-1.021,-1.462
-1.574,-1.112
-2.791,-1.275
3.043,2.966
2.475,3.0
2.343,3.055
2.013,3.053
1.708,2.828
0.624,2.978
-0.625,3.015
-1.461,3.107
0.342,1.793
0.191,2.29
-0.06,-0.249
-1.095,-0.764
0.838,-0.021
-0.285,-0.085
-1.185,1.656
-1.203,1.626
-2.265,1.1
2.864,2.337
1.812,-0.399
-1.095,2.095
-1.742,0.9
-2.142,0.222
-2.164,0.915
-2.123,0.031
-2.244,-0.266
-2.218,0.88
1.778,-0.771
0.62,-1.077
-2.522,-1.005
-2.574,-0.974
-0.151,2.696
-0.084,1.407
-0.101,3.212
-0.204,3.601
-0.362,2.197
-0.375,2.994
-0.399,3.234
-0.457,3.599
-0.461,3.173
-0.553,1.993
-0.559,2.39
-0.705,3.569
-0.57,-0.244
-0.626,0.478
-0.76,3.089
-0.653,3.352
-0.79,3.66
-0.849,1.238
-0.76,0.386
-0.772,1.012
-0.878,2.074
-1.008,1.38
-0.875,0.382
-1.036,3.317
-1.072,0.005
-0.975,0.474
-1.133,2.46
-1.046,3.083
-1.113,2.32
-1.173,2.045
-1.31,1.178
-1.441,1.175
-1.459,-0.134
-1.488,3.492
-1.517,2.219
-1.687,3.262
-1.736,0.393
-1.781,-0.226
-1.816,1.23
-1.721,1.055
-1.788,2.941
-1.916,2.059
-2.039,0.758
-1.942,0.629
-2.154,-0.14
-2.518,1.285
-2.566,0.529
-2.599,-0.192
-2.644,2.005
-2.66,2.183
-2.645,2.271
-2.68,1.412
-2.837,3.367
-2.71,2.014
-2.857,2.078
-2.883,3.259
-3.008,1.573
-3.04,2.723
3.085,-0.597
2.55,-0.758
2.651,-0.419
1.394,-0.626
1.101,-0.407
0.443,-0.786
0.227,-0.442
0.149,-0.64
0.055,-0.494
-1.144,-0.734
-1.697,-0.384
-2.914,-0.547
2.92,3.694
2.352,3.728
2.22,3.783
1.89,3.781
1.585,3.556
0.501,3.706
-0.748,3.743
-1.584,3.835
0.219,2.521
0.068,3.018
-0.183,0.479
-1.218,-0.036
0.715,0.707
-0.408,0.643
-1.308,2.384
-1.326,2.354
-2.388,1.828
2.741,3.065
1.689,0.329
-1.218,2.823
-1.865,1.628
-2.265,0.95
-2.287,1.643
-2.246,0.759
-2.367,0.462
-2.341,1.608
1.655,-0.043
0.497,-0.349
-2.645,-0.277
-2.697,-0.246
-0.274,3.424
-0.017,1.805
-0.12,2.194
-0.278,0.79
-0.291,1.587
-0.315,1.827
-0.373,2.192
-0.377,1.766
-0.469,0.586
-0.475,0.983
-0.621,2.162
-0.486,-1.651
-0.542,-0.929
-0.676,1.682
-0.569,1.945
-0.706,2.253
-0.765,-0.169
-0.676,-1.021
-0.688,-0.395
-0.794,0.667
-0.924,-0.027
-0.791,-1.025
-0.952,1.91
-0.988,-1.402
-0.891,-0.933
-1.049,1.053
-0.962,1.676
-1.029,0.913
-1.089,0.638
-1.226,-0.229
-1.357,-0.232
-1.375,-1.541
-1.404,2.085
-1.433,0.812
-1.603,1.855
-1.652,-1.014
-1.697,-1.633
-1.732,-0.177
-1.637,-0.352
-1.704,1.534
-1.832,0.652
-1.955,-0.649
-1.858,-0.778
-2.07,-1.547
-2.434,-0.122
-2.482,-0.878
-2.515,-1.599
-2.56,0.598
-2.576,0.776
-2.561,0.864
-2.596,0.005
-2.753,1.96
-2.626,0.607
-2.773,0.671
-2.799,1.852
-2.924,0.166
-2.956,1.316
-3.114,-2.004
2.634,-2.165
2.735,-1.826
1.478,-2.033
1.185,-1.814
0.527,-2.193
0.311,-1.849
0.233,-2.047
0.139,-1.901
-1.06,-2.141
-1.613,-1.791
-2.83,-1.954
3.004,2.287
2.436,2.321
2.304,2.376
1.974,2.374
1.669,2.149
0.585,2.299
-0.664,2.336
-1.5,2.428
0.303,1.114
0.152,1.611
-0.099,-0.928
-1.134,-1.443
0.799,-0.7
-0.324,-0.764
-1.224,0.977
-1.242,0.947
-2.304,0.421
2.825,1.658
1.773,-1.078
-1.134,1.416
-1.781,0.221
-2.181,-0.457
-2.203,0.236
-2.162,-0.648
-2.283,-0.945
-2.257,0.201
1.739,-1.45
0.581,-1.756
-2.561,-1.684
-2.613,-1.653
-0.19,2.017
-0.103,0.389
-0.261,-1.015
-0.274,-0.218
-0.298,0.022
-0.356,0.387
-0.36,-0.039
-0.452,-1.219
-0.458,-0.822
-0.604,0.357
-0.469,-3.456
-0.525,-2.734
-0.659,-0.123
-0.552,0.14
-0.689,0.448
-0.748,-1.974
-0.659,-2.826
-0.671,-2.2
-0.777,-1.138
-0.907,-1.832
-0.774,-2.83
-0.935,0.105
-0.971,-3.207
-0.874,-2.738
-1.032,-0.752
-0.945,-0.129
-1.012,-0.892
-1.072,-1.167
-1.209,-2.034
-1.34,-2.037
-1.358,-3.346
-1.387,0.28
-1.416,-0.993
-1.586,0.05
-1.635,-2.819
-1.68,-3.438
-1.715,-1.982
-1.62,-2.157
-1.687,-0.271
-1.815,-1.153
-1.938,-2.454
-1.841,-2.583
-2.053,-3.352
-2.417,-1.927
-2.465,-2.683
-2.498,-3.404
-2.543,-1.207
-2.559,-1.029
-2.544,-0.941
-2.579,-1.8
-2.736,0.155
-2.609,-1.198
-2.756,-1.134
-2.782,0.047
-2.907,-1.639
-2.939,-0.489
-3.097,-3.809
2.651,-3.97
2.752,-3.631
1.495,-3.838
1.202,-3.619
0.544,-3.998
0.328,-3.654
0.25,-3.852
0.156,-3.706
-1.043,-3.946
-1.596,-3.596
-2.813,-3.759
3.021,0.482
2.453,0.516
2.321,0.571
1.991,0.569
1.686,0.344
0.602,0.494
-0.647,0.531
-1.483,0.623
0.32,-0.691
0.169,-0.194
-0.082,-2.733
-1.117,-3.248
0.816,-2.505
-0.307,-2.569
-1.207,-0.828
-1.225,-0.858
-2.287,-1.384
2.842,-0.147
1.79,-2.883
-1.117,-0.389
-1.764,-1.584
-2.164,-2.262
-2.186,-1.569
-2.145,-2.453
-2.266,-2.75
-2.24,-1.604
1.756,-3.255
0.598,-3.561
-2.544,-3.489
-2.596,-3.458
-0.173,0.212
-0.158,-1.404
-0.171,-0.607
-0.195,-0.367
-0.253,-0.002
-0.257,-0.428
-0.349,-1.608
-0.355,-1.211
-0.501,-0.032
-0.366,-3.845
-0.422,-3.123
-0.556,-0.512
-0.449,-0.249
-0.586,0.059
-0.645,-2.363
-0.556,-3.215
-0.568,-2.589
-0.674,-1.527
-0.804,-2.221
-0.671,-3.219
-0.832,-0.284
-0.868,-3.596
-0.771,-3.127
-0.929,-1.141
-0.842,-0.518
-0.909,-1.281
-0.969,-1.556
-1.106,-2.423
-1.237,-2.426
-1.255,-3.735
-1.284,-0.109
-1.313,-1.382
-1.483,-0.339
-1.532,-3.208
-1.577,-3.827
-1.612,-2.371
-1.517,-2.546
-1.584,-0.66
-1.712,-1.542
-1.835,-2.843
-1.738,-2.972
-1.95,-3.741
-2.314,-2.316
-2.362,-3.072
-2.395,-3.793
-2.44,-1.596
-2.456,-1.418
-2.441,-1.33
-2.476,-2.189
-2.633,-0.234
-2.506,-1.587
-2.653,-1.523
-2.679,-0.342
-2.804,-2.028
-2.836,-0.878
-2.994,-4.198
2.754,-4.359
2.855,-4.02
1.598,-4.227
1.305,-4.008
0.647,-4.387
0.431,-4.043
0.353,-4.241
0.259,-4.095
-0.94,-4.335
-1.493,-3.985
-2.71,-4.148
3.124,0.093
2.556,0.127
2.424,0.182
2.094,0.18
1.789,-0.045
0.705,0.105
-0.544,0.142
-1.38,0.234
0.423,-1.08
0.272,-0.583
0.021,-3.122
-1.014,-3.637
0.919,-2.894
-0.204,-2.958
-1.104,-1.217
-1.122,-1.247
-2.184,-1.773
2.945,-0.536
1.893,-3.272
-1.014,-0.778
-1.661,-1.973
-2.061,-2.651
-2.083,-1.958
-2.042,-2.842
-2.163,-3.139
-2.137,-1.993
1.859,-3.644
0.701,-3.95
-2.441,-3.878
-2.493,-3.847
-0.07,-0.177
-0.013,0.797
-0.037,1.037
-0.095,1.402
-0.099,0.976
-0.191,-0.204
-0.197,0.193
-0.343,1.372
-0.208,-2.441
-0.264,-1.719
-0.398,0.892
-0.291,1.155
-0.428,1.463
-0.487,-0.959
-0.398,-1.811
-0.41,-1.185
-0.516,-0.123
-0.646,-0.817
-0.513,-1.815
-0.674,1.12
-0.71,-2.192
-0.613,-1.723
-0.771,0.263
-0.684,0.886
-0.751,0.123
-0.811,-0.152
-0.948,-1.019
-1.079,-1.022
-1.097,-2.331
-1.126,1.295
-1.155,0.022
-1.325,1.065
-1.374,-1.804
-1.419,-2.423
-1.454,-0.967
-1.359,-1.142
-1.426,0.744
-1.554,-0.138
-1.677,-1.439
-1.58,-1.568
-1.792,-2.337
-2.156,-0.912
-2.204,-1.668
-2.237,-2.389
-2.282,-0.192
-2.298,-0.014
-2.283,0.074
-2.318,-0.785
-2.475,1.17
-2.348,-0.183
-2.495,-0.119
-2.521,1.062
-2.646,-0.624
-2.678,0.526
-2.836,-2.794
2.912,-2.955
3.013,-2.616
1.756,-2.823
1.463,-2.604
0.805,-2.983
0.589,-2.639
0.511,-2.837
0.417,-2.691
-0.782,-2.931
-1.335,-2.581
-2.552,-2.744
-3.001,1.497
2.714,1.531
2.582,1.586
2.252,1.584
1.947,1.359
0.863,1.509
-0.386,1.546
-1.222,1.638
0.581,0.324
0.43,0.821
0.179,-1.718
-0.856,-2.233
1.077,-1.49
-0.046,-1.554
-0.946,0.187
-0.964,0.157
-2.026,-0.369
3.103,0.868
2.051,-1.868
-0.856,0.626
-1.503,-0.569
-1.903,-1.247
-1.925,-0.554
-1.884,-1.438
-2.005,-1.735
-1.979,-0.589
2.017,-2.24
0.859,-2.546
-2.283,-2.474
-2.335,-2.443
0.088,1.227
-0.024,0.24
-0.082,0.605
-0.086,0.179
-0.178,-1.001
-0.184,-0.604
-0.33,0.575
-0.195,-3.238
-0.251,-2.516
-0.385,0.095
-0.278,0.358
-0.415,0.666
-0.474,-1.756
-0.385,-2.608
-0.397,-1.982
-0.503,-0.92
-0.633,-1.614
-0.5,-2.612
-0.661,0.323
-0.697,-2.989
-0.6,-2.52
-0.758,-0.534
-0.671,0.089
-0.738,-0.674
-0.798,-0.949
-0.935,-1.816
-1.066,-1.819
-1.084,-3.128
-1.113,0.498
-1.142,-0.775
-1.312,0.268
-1.361,-2.601
-1.406,-3.22
-1.441,-1.764
-1.346,-1.939
-1.413,-0.053
-1.541,-0.935
-1.664,-2.236
-1.567,-2.365
-1.779,-3.134
-2.143,-1.709
-2.191,-2.465
-2.224,-3.186
-2.269,-0.989
-2.285,-0.811
-2.27,-0.723
-2.305,-1.582
-2.462,0.373
-2.335,-0.98
-2.482,-0.916
-2.508,0.265
-2.633,-1.421
-2.665,-0.271
-2.823,-3.591
2.925,-3.752
3.026,-3.413
1.769,-3.62
1.476,-3.401
0.818,-3.78
0.602,-3.436
0.524,-3.634
0.43,-3.488
-0.769,-3.728
-1.322,-3.378
-2.539,-3.541
-2.988,0.7
2.727,0.734
2.595,0.789
2.265,0.787
1.96,0.562
0.876,0.712
-0.373,0.749
-1.209,0.841
0.594,-0.473
0.443,0.024
0.192,-2.515
-0.843,-3.03
1.09,-2.287
-0.033,-2.351
-0.933,-0.61
-0.951,-0.64
-2.013,-1.166
3.116,0.071
2.064,-2.665
-0.843,-0.171
-1.49,-1.366
-1.89,-2.044
-1.912,-1.351
-1.871,-2.235
-1.992,-2.532
-1.966,-1.386
2.03,-3.037
0.872,-3.343
-2.27,-3.271
-2.322,-3.24
0.101,0.43
-0.058,0.365
-0.062,-0.061
-0.154,-1.241
-0.16,-0.844
-0.306,0.335
-0.171,-3.478
-0.227,-2.756
-0.361,-0.145
-0.254,0.118
-0.391,0.426
-0.45,-1.996
-0.361,-2.848
-0.373,-2.222
-0.479,-1.16
-0.609,-1.854
-0.476,-2.852
-0.637,0.083
-0.673,-3.229
-0.576,-2.76
-0.734,-0.774
-0.647,-0.151
-0.714,-0.914
-0.774,-1.189
-0.911,-2.056
-1.042,-2.059
-1.06,-3.368
-1.089,0.258
-1.118,-1.015
-1.288,0.028
-1.337,-2.841
-1.382,-3.46
-1.417,-2.004
-1.322,-2.179
-1.389,-0.293
-1.517,-1.175
-1.64,-2.476
-1.543,-2.605
-1.755,-3.374
-2.119,-1.949
-2.167,-2.705
-2.2,-3.426
-2.245,-1.229
-2.261,-1.051
-2.246,-0.963
-2.281,-1.822
-2.438,0.133
-2.311,-1.22
-2.458,-1.156
-2.484,0.025
-2.609,-1.661
-2.641,-0.511
-2.799,-3.831
2.949,-3.992
3.05,-3.653
1.793,-3.86
1.5,-3.641
0.842,-4.02
0.626,-3.676
0.548,-3.874
0.454,-3.728
-0.745,-3.968
-1.298,-3.618
-2.515,-3.781
-2.964,0.46
2.751,0.494
2.619,0.549
2.289,0.547
1.984,0.322
0.9,0.472
-0.349,0.509
-1.185,0.601
0.618,-0.713
0.467,-0.216
0.216,-2.755
-0.819,-3.27
1.114,-2.527
-0.009,-2.591
-0.909,-0.85
-0.927,-0.88
-1.989,-1.406
3.14,-0.169
2.088,-2.905
-0.819,-0.411
-1.466,-1.606
-1.866,-2.284
-1.888,-1.591
-1.847,-2.475
-1.968,-2.772
-1.942,-1.626
2.054,-3.277
0.896,-3.583
-2.246,-3.511
-2.298,-3.48
0.125,0.19
-0.004,-0.426
-0.096,-1.606
-0.102,-1.209
-0.248,-0.03
-0.113,-3.843
-0.169,-3.121
-0.303,-0.51
-0.196,-0.247
-0.333,0.061
-0.392,-2.361
-0.303,-3.213
-0.315,-2.587
-0.421,-1.525
-0.551,-2.219
-0.418,-3.217
-0.579,-0.282
-0.615,-3.594
-0.518,-3.125
-0.676,-1.139
-0.589,-0.516
-0.656,-1.279
-0.716,-1.554
-0.853,-2.421
-0.984,-2.424
-1.002,-3.733
-1.031,-0.107
-1.06,-1.38
-1.23,-0.337
-1.279,-3.206
-1.324,-3.825
-1.359,-2.369
-1.264,-2.544
-1.331,-0.658
-1.459,-1.54
-1.582,-2.841
-1.485,-2.97
-1.697,-3.739
-2.061,-2.314
-2.109,-3.07
-2.142,-3.791
-2.187,-1.594
-2.203,-1.416
-2.188,-1.328
-2.223,-2.187
-2.38,-0.232
-2.253,-1.585
-2.4,-1.521
-2.426,-0.34
-2.551,-2.026
-2.583,-0.876
-2.741,-4.196
3.007,-4.357
3.108,-4.018
1.851,-4.225
1.558,-4.006
0.9,-4.385
0.684,-4.041
0.606,-4.239
0.512,-4.093
-0.687,-4.333
-1.24,-3.983
-2.457,-4.146
-2.906,0.095
2.809,0.129
2.677,0.184
2.347,0.182
2.042,-0.043
0.958,0.107
-0.291,0.144
-1.127,0.236
0.676,-1.078
0.525,-0.581
0.274,-3.12
-0.761,-3.635
1.172,-2.892
0.049,-2.956
-0.851,-1.215
-0.869,-1.245
-1.931,-1.771
-3.085,-0.534
2.146,-3.27
-0.761,-0.776
-1.408,-1.971
-1.808,-2.649
-1.83,-1.956
-1.789,-2.84
-1.91,-3.137
-1.884,-1.991
2.112,-3.642
0.954,-3.948
-2.188,-3.876
-2.24,-3.845
0.183,-0.175
-0.092,-1.18
-0.098,-0.783
-0.244,0.396
-0.109,-3.417
-0.165,-2.695
-0.299,-0.084
-0.192,0.179
-0.329,0.487
-0.388,-1.935
-0.299,-2.787
-0.311,-2.161
-0.417,-1.099
-0.547,-1.793
-0.414,-2.791
-0.575,0.144
-0.611,-3.168
-0.514,-2.699
-0.672,-0.713
-0.585,-0.09
-0.652,-0.853
-0.712,-1.128
-0.849,-1.995
-0.98,-1.998
-0.998,-3.307
-1.027,0.319
-1.056,-0.954
-1.226,0.089
-1.275,-2.78
-1.32,-3.399
-1.355,-1.943
-1.26,-2.118
-1.327,-0.232
-1.455,-1.114
-1.578,-2.415
-1.481,-2.544
-1.693,-3.313
-2.057,-1.888
-2.105,-2.644
-2.138,-3.365
-2.183,-1.168
-2.199,-0.99
-2.184,-0.902
-2.219,-1.761
-2.376,0.194
-2.249,-1.159
-2.396,-1.095
-2.422,0.086
-2.547,-1.6
-2.579,-0.45
-2.737,-3.77
3.011,-3.931
3.112,-3.592
1.855,-3.799
1.562,-3.58
0.904,-3.959
0.688,-3.615
0.61,-3.813
0.516,-3.667
-0.683,-3.907
-1.236,-3.557
-2.453,-3.72
-2.902,0.521
2.813,0.555
2.681,0.61
2.351,0.608
2.046,0.383
0.962,0.533
-0.287,0.57
-1.123,0.662
0.68,-0.652
0.529,-0.155
0.278,-2.694
-0.757,-3.209
1.176,-2.466
0.053,-2.53
-0.847,-0.789
-0.865,-0.819
-1.927,-1.345
-3.081,-0.108
2.15,-2.844
-0.757,-0.35
-1.404,-1.545
-1.804,-2.223
-1.826,-1.53
-1.785,-2.414
-1.906,-2.711
-1.88,-1.565
2.116,-3.216
0.958,-3.522
-2.184,-3.45
-2.236,-3.419
0.187,0.251
-0.006,0.397
-0.152,1.576
-0.017,-2.237
-0.073,-1.515
-0.207,1.096
-0.1,1.359
-0.237,1.667
-0.296,-0.755
-0.207,-1.607
-0.219,-0.981
-0.325,0.081
-0.455,-0.613
-0.322,-1.611
-0.483,1.324
-0.519,-1.988
-0.422,-1.519
-0.58,0.467
-0.493,1.09
-0.56,0.327
-0.62,0.052
-0.757,-0.815
-0.888,-0.818
-0.906,-2.127
-0.935,1.499
-0.964,0.226
-1.134,1.269
-1.183,-1.6
-1.228,-2.219
-1.263,-0.763
-1.168,-0.938
-1.235,0.948
-1.363,0.066
-1.486,-1.235
-1.389,-1.364
-1.601,-2.133
-1.965,-0.708
-2.013,-1.464
-2.046,-2.185
-2.091,0.012
-2.107,0.19
-2.092,0.278
-2.127,-0.581
-2.284,1.374
-2.157,0.021
-2.304,0.085
-2.33,1.266
-2.455,-0.42
-2.487,0.73
-2.645,-2.59
3.103,-2.751
-3.079,-2.412
1.947,-2.619
1.654,-2.4
0.996,-2.779
0.78,-2.435
0.702,-2.633
0.608,-2.487
-0.591,-2.727
-1.144,-2.377
-2.361,-2.54
-2.81,1.701
2.905,1.735
2.773,1.79
2.443,1.788
2.138,1.563
1.054,1.713
-0.195,1.75
-1.031,1.842
0.772,0.528
0.621,1.025
0.37,-1.514
-0.665,-2.029
1.268,-1.286
0.145,-1.35
-0.755,0.391
-0.773,0.361
-1.835,-0.165
-2.989,1.072
2.242,-1.664
-0.665,0.83
-1.312,-0.365
-1.712,-1.043
-1.734,-0.35
-1.693,-1.234
-1.814,-1.531
-1.788,-0.385
2.208,-2.036
1.05,-2.342
-2.092,-2.27
-2.144,-2.239
0.279,1.431
-0.146,1.179
-0.011,-2.634
-0.067,-1.912
-0.201,0.699
-0.094,0.962
-0.231,1.27
-0.29,-1.152
-0.201,-2.004
-0.213,-1.378
-0.319,-0.316
-0.449,-1.01
-0.316,-2.008
-0.477,0.927
-0.513,-2.385
-0.416,-1.916
-0.574,0.07
-0.487,0.693
-0.554,-0.07
-0.614,-0.345
-0.751,-1.212
-0.882,-1.215
-0.9,-2.524
-0.929,1.102
-0.958,-0.171
-1.128,0.872
-1.177,-1.997
-1.222,-2.616
-1.257,-1.16
-1.162,-1.335
-1.229,0.551
-1.357,-0.331
-1.48,-1.632
-1.383,-1.761
-1.595,-2.53
-1.959,-1.105
-2.007,-1.861
-2.04,-2.582
-2.085,-0.385
-2.101,-0.207
-2.086,-0.119
-2.121,-0.978
-2.278,0.977
-2.151,-0.376
-2.298,-0.312
-2.324,0.869
-2.449,-0.817
-2.481,0.333
-2.639,-2.987
3.109,-3.148
-3.073,-2.809
1.953,-3.016
1.66,-2.797
1.002,-3.176
0.786,-2.832
0.708,-3.03
0.614,-2.884
-0.585,-3.124
-1.138,-2.774
-2.355,-2.937
-2.804,1.304
2.911,1.338
2.779,1.393
2.449,1.391
2.144,1.166
1.06,1.316
-0.189,1.353
-1.025,1.445
0.778,0.131
0.627,0.628
0.376,-1.911
-0.659,-2.426
1.274,-1.683
0.151,-1.747
-0.749,-0.006
-0.767,-0.036
-1.829,-0.562
-2.983,0.675
2.248,-2.061
-0.659,0.433
-1.306,-0.762
-1.706,-1.44
-1.728,-0.747
-1.687,-1.631
-1.808,-1.928
-1.782,-0.782
2.214,-2.433
1.056,-2.739
-2.086,-2.667
-2.138,-2.636
0.285,1.034
0.135,-3.813
0.079,-3.091
-0.055,-0.48
0.052,-0.217
-0.085,0.091
-0.144,-2.331
-0.055,-3.183
-0.067,-2.557
-0.173,-1.495
-0.303,-2.189
-0.17,-3.187
-0.331,-0.252
-0.367,-3.564
-0.27,-3.095
-0.428,-1.109
-0.341,-0.486
-0.408,-1.249
-0.468,-1.524
-0.605,-2.391
-0.736,-2.394
-0.754,-3.703
-0.783,-0.077
-0.812,-1.35
-0.982,-0.307
-1.031,-3.176
-1.076,-3.795
-1.111,-2.339
-1.016,-2.514
-1.083,-0.628
-1.211,-1.51
-1.334,-2.811
-1.237,-2.94
-1.449,-3.709
-1.813,-2.284
-1.861,-3.04
-1.894,-3.761
-1.939,-1.564
-1.955,-1.386
-1.94,-1.298
-1.975,-2.157
-2.132,-0.202
-2.005,-1.555
-2.152,-1.491
-2.178,-0.31
-2.303,-1.996
-2.335,-0.846
-2.493,-4.166
-3.028,-4.327
-2.927,-3.988
2.099,-4.195
1.806,-3.976
1.148,-4.355
0.932,-4.011
0.854,-4.209
0.76,-4.063
-0.439,-4.303
-0.992,-3.953
-2.209,-4.116
-2.658,0.125
3.057,0.159
2.925,0.214
2.595,0.212
2.29,-0.013
1.206,0.137
-0.043,0.174
-0.879,0.266
0.924,-1.048
0.773,-0.551
0.522,-3.09
-0.513,-3.605
1.42,-2.862
0.297,-2.926
-0.603,-1.185
-0.621,-1.215
-1.683,-1.741
-2.837,-0.504
2.394,-3.24
-0.513,-0.746
-1.16,-1.941
-1.56,-2.619
-1.582,-1.926
-1.541,-2.81
-1.662,-3.107
-1.636,-1.961
2.36,-3.612
1.202,-3.918
-1.94,-3.846
-1.992,-3.815
0.431,-0.145
-0.056,0.722
-0.19,3.333
-0.083,3.596
-0.22,3.904
-0.279,1.482
-0.19,0.63
-0.202,1.256
-0.308,2.318
-0.438,1.624
-0.305,0.626
-0.466,3.561
-0.502,0.249
-0.405,0.718
-0.563,2.704
-0.476,3.327
-0.543,2.564
-0.603,2.289
-0.74,1.422
-0.871,1.419
-0.889,0.11
-0.918,3.736
-0.947,2.463
-1.117,3.506
-1.166,0.637
-1.211,0.018
-1.246,1.474
-1.151,1.299
-1.218,3.185
-1.346,2.303
-1.469,1.002
-1.372,0.873
-1.584,0.104
-1.948,1.529
-1.996,0.773
-2.029,0.052
-2.074,2.249
-2.09,2.427
-2.075,2.515
-2.11,1.656
-2.267,3.611
-2.14,2.258
-2.287,2.322
-2.313,3.503
-2.438,1.817
-2.47,2.967
-2.628,-0.353
3.12,-0.514
-3.062,-0.175
1.964,-0.382
1.671,-0.163
1.013,-0.542
0.797,-0.198
0.719,-0.396
0.625,-0.25
-0.574,-0.49
-1.127,-0.14
-2.344,-0.303
-2.793,3.938
2.922,3.972
2.79,4.027
2.46,4.025
2.155,3.8
1.071,3.95
-0.178,3.987
-1.014,4.079
0.789,2.765
0.638,3.262
0.387,0.723
-0.648,0.208
1.285,0.951
0.162,0.887
-0.738,2.628
-0.756,2.598
-1.818,2.072
-2.972,3.309
2.259,0.573
-0.648,3.067
-1.295,1.872
-1.695,1.194
-1.717,1.887
-1.676,1.003
-1.797,0.706
-1.771,1.852
2.225,0.201
1.067,-0.105
-2.075,-0.033
-2.127,-0.002
0.296,3.668
-0.134,2.611
-0.027,2.874
-0.164,3.182
-0.223,0.76
-0.134,-0.092
-0.146,0.534
-0.252,1.596
-0.382,0.902
-0.249,-0.096
-0.41,2.839
-0.446,-0.473
-0.349,-0.004
-0.507,1.982
-0.42,2.605
-0.487,1.842
-0.547,1.567
-0.684,0.7
-0.815,0.697
-0.833,-0.612
-0.862,3.014
-0.891,1.741
-1.061,2.784
-1.11,-0.085
-1.155,-0.704
-1.19,0.752
-1.095,0.577
-1.162,2.463
-1.29,1.581
-1.413,0.28
-1.316,0.151
-1.528,-0.618
-1.892,0.807
-1.94,0.051
-1.973,-0.67
-2.018,1.527
-2.034,1.705
-2.019,1.793
-2.054,0.934
-2.211,2.889
-2.084,1.536
-2.231,1.6
-2.257,2.781
-2.382,1.095
-2.414,2.245
-2.572,-1.075
-3.107,-1.236
-3.006,-0.897
2.02,-1.104
1.727,-0.885
1.069,-1.264
0.853,-0.92
0.775,-1.118
0.681,-0.972
-0.518,-1.212
-1.071,-0.862
-2.288,-1.025
-2.737,3.216
2.978,3.25
2.846,3.305
2.516,3.303
2.211,3.078
1.127,3.228
-0.122,3.265
-0.958,3.357
0.845,2.043
0.694,2.54
0.443,0.001
-0.592,-0.514
1.341,0.229
0.218,0.165
-0.682,1.906
-0.7,1.876
-1.762,1.35
-2.916,2.587
2.315,-0.149
-0.592,2.345
-1.239,1.15
-1.639,0.472
-1.661,1.165
-1.62,0.281
-1.741,-0.016
-1.715,1.13
2.281,-0.521
1.123,-0.827
-2.019,-0.755
-2.071,-0.724
0.352,2.946
0.107,0.263
-0.03,0.571
-0.089,-1.851
0.0,-2.703
-0.012,-2.077
-0.118,-1.015
-0.248,-1.709
-0.115,-2.707
-0.276,0.228
-0.312,-3.084
-0.215,-2.615
-0.373,-0.629
-0.286,-0.006
-0.353,-0.769
-0.413,-1.044
-0.55,-1.911
-0.681,-1.914
-0.699,-3.223
-0.728,0.403
-0.757,-0.87
-0.927,0.173
-0.976,-2.696
-1.021,-3.315
-1.056,-1.859
-0.961,-2.034
-1.028,-0.148
-1.156,-1.03
-1.279,-2.331
-1.182,-2.46
-1.394,-3.229
-1.758,-1.804
-1.806,-2.56
-1.839,-3.281
-1.884,-1.084
-1.9,-0.906
-1.885,-0.818
-1.92,-1.677
-2.077,0.278
-1.95,-1.075
-2.097,-1.011
-2.123,0.17
-2.248,-1.516
-2.28,-0.366
-2.438,-3.686
-2.973,-3.847
-2.872,-3.508
2.154,-3.715
1.861,-3.496
1.203,-3.875
0.987,-3.531
0.909,-3.729
0.815,-3.583
-0.384,-3.823
-0.937,-3.473
-2.154,-3.636
-2.603,0.605
3.112,0.639
2.98,0.694
2.65,0.692
2.345,0.467
1.261,0.617
0.012,0.654
-0.824,0.746
0.979,-0.568
0.828,-0.071
0.577,-2.61
-0.458,-3.125
1.475,-2.382
0.352,-2.446
-0.548,-0.705
-0.566,-0.735
-1.628,-1.261
-2.782,-0.024
2.449,-2.76
-0.458,-0.266
-1.105,-1.461
-1.505,-2.139
-1.527,-1.446
-1.486,-2.33
-1.607,-2.627
-1.581,-1.481
2.415,-3.132
1.257,-3.438
-1.885,-3.366
-1.937,-3.335
0.486,0.335
-0.137,0.308
-0.196,-2.114
-0.107,-2.966
-0.119,-2.34
-0.225,-1.278
-0.355,-1.972
-0.222,-2.97
-0.383,-0.035
-0.419,-3.347
-0.322,-2.878
-0.48,-0.892
-0.393,-0.269
-0.46,-1.032
-0.52,-1.307
-0.657,-2.174
-0.788,-2.177
-0.806,-3.486
-0.835,0.14
-0.864,-1.133
-1.034,-0.09
-1.083,-2.959
-1.128,-3.578
-1.163,-2.122
-1.068,-2.297
-1.135,-0.411
-1.263,-1.293
-1.386,-2.594
-1.289,-2.723
-1.501,-3.492
-1.865,-2.067
-1.913,-2.823
-1.946,-3.544
-1.991,-1.347
-2.007,-1.169
-1.992,-1.081
-2.027,-1.94
-2.184,0.015
-2.057,-1.338
-2.204,-1.274
-2.23,-0.093
-2.355,-1.779
-2.387,-0.629
-2.545,-3.949
-3.08,-4.11
-2.979,-3.771
2.047,-3.978
1.754,-3.759
1.096,-4.138
0.88,-3.794
0.802,-3.992
0.708,-3.846
-0.491,-4.086
-1.044,-3.736
-2.261,-3.899
-2.71,0.342
3.005,0.376
2.873,0.431
2.543,0.429
2.238,0.204
1.154,0.354
-0.095,0.391
-0.931,0.483
0.872,-0.831
0.721,-0.334
0.47,-2.873
-0.565,-3.388
1.368,-2.645
0.245,-2.709
-0.655,-0.968
-0.673,-0.998
-1.735,-1.524
-2.889,-0.287
2.342,-3.023
-0.565,-0.529
-1.212,-1.724
-1.612,-2.402
-1.634,-1.709
-1.593,-2.593
-1.714,-2.89
-1.688,-1.744
2.308,-3.395
1.15,-3.701
-1.992,-3.629
-2.044,-3.598
0.379,0.072
-0.059,-2.422
0.03,-3.274
0.018,-2.648
-0.088,-1.586
-0.218,-2.28
-0.085,-3.278
-0.246,-0.343
-0.282,-3.655
-0.185,-3.186
-0.343,-1.2
-0.256,-0.577
-0.323,-1.34
-0.383,-1.615
-0.52,-2.482
-0.651,-2.485
-0.669,-3.794
-0.698,-0.168
-0.727,-1.441
-0.897,-0.398
-0.946,-3.267
-0.991,-3.886
-1.026,-2.43
-0.931,-2.605
-0.998,-0.719
-1.126,-1.601
-1.249,-2.902
-1.152,-3.031
-1.364,-3.8
-1.728,-2.375
-1.776,-3.131
-1.809,-3.852
-1.854,-1.655
-1.87,-1.477
-1.855,-1.389
-1.89,-2.248
-2.047,-0.293
-1.92,-1.646
-2.067,-1.582
-2.093,-0.401
-2.218,-2.087
-2.25,-0.937
-2.408,-4.257
-2.943,-4.418
-2.842,-4.079
2.184,-4.286
1.891,-4.067
1.233,-4.446
1.017,-4.102
0.939,-4.3
0.845,-4.154
-0.354,-4.394
-0.907,-4.044
-2.124,-4.207
-2.573,0.034
-3.141,0.068
3.01,0.123
2.68,0.121
2.375,-0.104
1.291,0.046
0.042,0.083
-0.794,0.175
1.009,-1.139
0.858,-0.642
0.607,-3.181
-0.428,-3.696
1.505,-2.953
0.382,-3.017
-0.518,-1.276
-0.536,-1.306
-1.598,-1.832
-2.752,-0.595
2.479,-3.331
-0.428,-0.837
-1.075,-2.032
-1.475,-2.71
-1.497,-2.017
-1.456,-2.901
-1.577,-3.198
-1.551,-2.052
2.445,-3.703
1.287,-4.009
-1.855,-3.937
-1.907,-3.906
0.516,-0.236
0.089,-0.852
0.077,-0.226
-0.029,0.836
-0.159,0.142
-0.026,-0.856
-0.187,2.079
-0.223,-1.233
-0.126,-0.764
-0.284,1.222
-0.197,1.845
-0.264,1.082
-0.324,0.807
-0.461,-0.06
-0.592,-0.063
-0.61,-1.372
-0.639,2.254
-0.668,0.981
-0.838,2.024
-0.887,-0.845
-0.932,-1.464
-0.967,-0.008
-0.872,-0.183
-0.939,1.703
-1.067,0.821
-1.19,-0.48
-1.093,-0.609
-1.305,-1.378
-1.669,0.047
-1.717,-0.709
-1.75,-1.43
-1.795,0.767
-1.811,0.945
-1.796,1.033
-1.831,0.174
-1.988,2.129
-1.861,0.776
-2.008,0.84
-2.034,2.021
-2.159,0.335
-2.191,1.485
-2.349,-1.835
-2.884,-1.996
-2.783,-1.657
2.243,-1.864
1.95,-1.645
1.292,-2.024
1.076,-1.68
0.998,-1.878
0.904,-1.732
-0.295,-1.972
-0.848,-1.622
-2.065,-1.785
-2.514,2.456
-3.082,2.49
3.069,2.545
2.739,2.543
2.434,2.318
1.35,2.468
0.101,2.505
-0.735,2.597
1.068,1.283
0.917,1.78
0.666,-0.759
-0.369,-1.274
1.564,-0.531
0.441,-0.595
-0.459,1.146
-0.477,1.116
-1.539,0.59
-2.693,1.827
2.538,-0.909
-0.369,1.585
-1.016,0.39
-1.416,-0.288
-1.438,0.405
-1.397,-0.479
-1.518,-0.776
-1.492,0.37
2.504,-1.281
1.346,-1.587
-1.796,-1.515
-1.848,-1.484
0.575,2.186
-0.012,0.626
-0.118,1.688
-0.248,0.994
-0.115,-0.004
-0.276,2.931
-0.312,-0.381
-0.215,0.088
-0.373,2.074
-0.286,2.697
-0.353,1.934
-0.413,1.659
-0.55,0.792
-0.681,0.789
-0.699,-0.52
-0.728,3.106
-0.757,1.833
-0.927,2.876
-0.976,0.007
-1.021,-0.612
-1.056,0.844
-0.961,0.669
-1.028,2.555
-1.156,1.673
-1.279,0.372
-1.182,0.243
-1.394,-0.526
-1.758,0.899
-1.806,0.143
-1.839,-0.578
-1.884,1.619
-1.9,1.797
-1.885,1.885
-1.92,1.026
-2.077,2.981
-1.95,1.628
-2.097,1.692
-2.123,2.873
-2.248,1.187
-2.28,2.337
-2.438,-0.983
-2.973,-1.144
-2.872,-0.805
2.154,-1.012
1.861,-0.793
1.203,-1.172
0.987,-0.828
0.909,-1.026
0.815,-0.88
-0.384,-1.12
-0.937,-0.77
-2.154,-0.933
-2.603,3.308
3.112,3.342
2.98,3.397
2.65,3.395
2.345,3.17
1.261,3.32
0.012,3.357
-0.824,3.449
0.979,2.135
0.828,2.632
0.577,0.093
-0.458,-0.422
1.475,0.321
0.352,0.257
-0.548,1.998
-0.566,1.968
-1.628,1.442
-2.782,2.679
2.449,-0.057
-0.458,2.437
-1.105,1.242
-1.505,0.564
-1.527,1.257
-1.486,0.373
-1.607,0.076
-1.581,1.222
2.415,-0.429
1.257,-0.735
-1.885,-0.663
-1.937,-0.632
0.486,3.038
-0.106,1.062
-0.236,0.368
-0.103,-0.63
-0.264,2.305
-0.3,-1.007
-0.203,-0.538
-0.361,1.448
-0.274,2.071
-0.341,1.308
-0.401,1.033
-0.538,0.166
-0.669,0.163
-0.687,-1.146
-0.716,2.48
-0.745,1.207
-0.915,2.25
-0.964,-0.619
-1.009,-1.238
-1.044,0.218
-0.949,0.043
-1.016,1.929
-1.144,1.047
-1.267,-0.254
-1.17,-0.383
-1.382,-1.152
-1.746,0.273
-1.794,-0.483
-1.827,-1.204
-1.872,0.993
-1.888,1.171
-1.873,1.259
-1.908,0.4
-2.065,2.355
-1.938,1.002
-2.085,1.066
-2.111,2.247
-2.236,0.561
-2.268,1.711
-2.426,-1.609
-2.961,-1.77
-2.86,-1.431
2.166,-1.638
1.873,-1.419
1.215,-1.798
0.999,-1.454
0.921,-1.652
0.827,-1.506
-0.372,-1.746
-0.925,-1.396
-2.142,-1.559
-2.591,2.682
3.124,2.716
2.992,2.771
2.662,2.769
2.357,2.544
1.273,2.694
0.024,2.731
-0.812,2.823
0.991,1.509
0.84,2.006
0.589,-0.533
-0.446,-1.048
1.487,-0.305
0.364,-0.369
-0.536,1.372
-0.554,1.342
-1.616,0.816
-2.77,2.053
2.461,-0.683
-0.446,1.811
-1.093,0.616
-1.493,-0.062
-1.515,0.631
-1.474,-0.253
-1.595,-0.55
-1.569,0.596
2.427,-1.055
1.269,-1.361
-1.873,-1.289
-1.925,-1.258
0.498,2.412
-0.13,-0.694
0.003,-1.692
-0.158,1.243
-0.194,-2.069
-0.097,-1.6
-0.255,0.386
-0.168,1.009
-0.235,0.246
-0.295,-0.029
-0.432,-0.896
-0.563,-0.899
-0.581,-2.208
-0.61,1.418
-0.639,0.145
-0.809,1.188
-0.858,-1.681
-0.903,-2.3
-0.938,-0.844
-0.843,-1.019
-0.91,0.867
-1.038,-0.015
-1.161,-1.316
-1.064,-1.445
-1.276,-2.214
-1.64,-0.789
-1.688,-1.545
-1.721,-2.266
-1.766,-0.069
-1.782,0.109
-1.767,0.197
-1.802,-0.662
-1.959,1.293
-1.832,-0.06
-1.979,0.004
-2.005,1.185
-2.13,-0.501
-2.162,0.649
-2.32,-2.671
-2.855,-2.832
-2.754,-2.493
2.272,-2.7
1.979,-2.481
1.321,-2.86
1.105,-2.516
1.027,-2.714
0.933,-2.568
-0.266,-2.808
-0.819,-2.458
-2.036,-2.621
-2.485,1.62
-3.053,1.654
3.098,1.709
2.768,1.707
2.463,1.482
1.379,1.632
0.13,1.669
-0.706,1.761
1.097,0.447
0.946,0.944
0.695,-1.595
-0.34,-2.11
1.593,-1.367
0.47,-1.431
-0.43,0.31
-0.448,0.28
-1.51,-0.246
-2.664,0.991
2.567,-1.745
-0.34,0.749
-0.987,-0.446
-1.387,-1.124
-1.409,-0.431
-1.368,-1.315
-1.489,-1.612
-1.463,-0.466
2.533,-2.117
1.375,-2.423
-1.767,-2.351
-1.819,-2.32
0.604,1.35
0.133,-0.998
-0.028,1.937
-0.064,-1.375
0.033,-0.906
-0.125,1.08
-0.038,1.703
-0.105,0.94
-0.165,0.665
-0.302,-0.202
-0.433,-0.205
-0.451,-1.514
-0.48,2.112
-0.509,0.839
-0.679,1.882
-0.728,-0.987
-0.773,-1.606
-0.808,-0.15
-0.713,-0.325
-0.78,1.561
-0.908,0.679
-1.031,-0.622
-0.934,-0.751
-1.146,-1.52
-1.51,-0.095
-1.558,-0.851
-1.591,-1.572
-1.636,0.625
-1.652,0.803
-1.637,0.891
-1.672,0.032
-1.829,1.987
-1.702,0.634
-1.849,0.698
-1.875,1.879
-2.0,0.193
-2.032,1.343
-2.19,-1.977
-2.725,-2.138
-2.624,-1.799
2.402,-2.006
2.109,-1.787
1.451,-2.166
1.235,-1.822
1.157,-2.02
1.063,-1.874
-0.136,-2.114
-0.689,-1.764
-1.906,-1.927
-2.355,2.314
-2.923,2.348
-3.055,2.403
2.898,2.401
2.593,2.176
1.509,2.326
0.26,2.363
-0.576,2.455
1.227,1.141
1.076,1.638
0.825,-0.901
-0.21,-1.416
1.723,-0.673
0.6,-0.737
-0.3,1.004
-0.318,0.974
-1.38,0.448
-2.534,1.685
2.697,-1.051
-0.21,1.443
-0.857,0.248
-1.257,-0.43
-1.279,0.263
-1.238,-0.621
-1.359,-0.918
-1.333,0.228
2.663,-1.423
1.505,-1.729
-1.637,-1.657
-1.689,-1.626
0.734,2.044
-0.161,2.935
-0.197,-0.377
-0.1,0.092
-0.258,2.078
-0.171,2.701
-0.238,1.938
-0.298,1.663
-0.435,0.796
-0.566,0.793
-0.584,-0.516
-0.613,3.11
-0.642,1.837
-0.812,2.88
-0.861,0.011
-0.906,-0.608
-0.941,0.848
-0.846,0.673
-0.913,2.559
-1.041,1.677
-1.164,0.376
-1.067,0.247
-1.279,-0.522
-1.643,0.903
-1.691,0.147
-1.724,-0.574
-1.769,1.623
-1.785,1.801
-1.77,1.889
-1.805,1.03
-1.962,2.985
-1.835,1.632
-1.982,1.696
-2.008,2.877
-2.133,1.191
-2.165,2.341
-2.323,-0.979
-2.858,-1.14
-2.757,-0.801
2.269,-1.008
1.976,-0.789
1.318,-1.168
1.102,-0.824
1.024,-1.022
0.93,-0.876
-0.269,-1.116
-0.822,-0.766
-2.039,-0.929
-2.488,3.312
-3.056,3.346
3.095,3.401
2.765,3.399
2.46,3.174
1.376,3.324
0.127,3.361
-0.709,3.453
1.094,2.139
0.943,2.636
0.692,0.097
-0.343,-0.418
1.59,0.325
0.467,0.261
-0.433,2.002
-0.451,1.972
-1.513,1.446
-2.667,2.683
2.564,-0.053
-0.343,2.441
-0.99,1.246
-1.39,0.568
-1.412,1.261
-1.371,0.377
-1.492,0.08
-1.466,1.226
2.53,-0.425
1.372,-0.731
-1.77,-0.659
-1.822,-0.628
0.601,3.042
-0.036,-3.312
0.061,-2.843
-0.097,-0.857
-0.01,-0.234
-0.077,-0.997
-0.137,-1.272
-0.274,-2.139
-0.405,-2.142
-0.423,-3.451
-0.452,0.175
-0.481,-1.098
-0.651,-0.055
-0.7,-2.924
-0.745,-3.543
-0.78,-2.087
-0.685,-2.262
-0.752,-0.376
-0.88,-1.258
-1.003,-2.559
-0.906,-2.688
-1.118,-3.457
-1.482,-2.032
-1.53,-2.788
-1.563,-3.509
-1.608,-1.312
-1.624,-1.134
-1.609,-1.046
-1.644,-1.905
-1.801,0.05
-1.674,-1.303
-1.821,-1.239
-1.847,-0.058
-1.972,-1.744
-2.004,-0.594
-2.162,-3.914
-2.697,-4.075
-2.596,-3.736
2.43,-3.943
2.137,-3.724
1.479,-4.103
1.263,-3.759
1.185,-3.957
1.091,-3.811
-0.108,-4.051
-0.661,-3.701
-1.878,-3.864
-2.327,0.377
-2.895,0.411
-3.027,0.466
2.926,0.464
2.621,0.239
1.537,0.389
0.288,0.426
-0.548,0.518
1.255,-0.796
1.104,-0.299
0.853,-2.838
-0.182,-3.353
1.751,-2.61
0.628,-2.674
-0.272,-0.933
-0.29,-0.963
-1.352,-1.489
-2.506,-0.252
2.725,-2.988
-0.182,-0.494
-0.829,-1.689
-1.229,-2.367
-1.251,-1.674
-1.21,-2.558
-1.331,-2.855
-1.305,-1.709
2.691,-3.36
1.533,-3.666
-1.609,-3.594
-1.661,-3.563
0.762,0.107
0.097,0.469
-0.061,2.455
0.026,3.078
-0.041,2.315
-0.101,2.04
-0.238,1.173
-0.369,1.17
-0.387,-0.139
-0.416,3.487
-0.445,2.214
-0.615,3.257
-0.664,0.388
-0.709,-0.231
-0.744,1.225
-0.649,1.05
-0.716,2.936
-0.844,2.054
-0.967,0.753
-0.87,0.624
-1.082,-0.145
-1.446,1.28
-1.494,0.524
-1.527,-0.197
-1.572,2.0
-1.588,2.178
-1.573,2.266
-1.608,1.407
-1.765,3.362
-1.638,2.009
-1.785,2.073
-1.811,3.254
-1.936,1.568
-1.968,2.718
-2.126,-0.602
-2.661,-0.763
-2.56,-0.424
2.466,-0.631
2.173,-0.412
1.515,-0.791
1.299,-0.447
1.221,-0.645
1.127,-0.499
-0.072,-0.739
-0.625,-0.389
-1.842,-0.552
-2.291,3.689
-2.859,3.723
-2.991,3.778
2.962,3.776
2.657,3.551
1.573,3.701
0.324,3.738
-0.512,3.83
1.291,2.516
1.14,3.013
0.889,0.474
-0.146,-0.041
1.787,0.702
0.664,0.638
-0.236,2.379
-0.254,2.349
-1.316,1.823
-2.47,3.06
2.761,0.324
-0.146,2.818
-0.793,1.623
-1.193,0.945
-1.215,1.638
-1.174,0.754
-1.295,0.457
-1.269,1.603
2.727,-0.048
1.569,-0.354
-1.573,-0.282
-1.625,-0.251
0.798,3.419
-0.158,1.986
-0.071,2.609
-0.138,1.846
-0.198,1.571
-0.335,0.704
-0.466,0.701
-0.484,-0.608
-0.513,3.018
-0.542,1.745
-0.712,2.788
-0.761,-0.081
-0.806,-0.7
-0.841,0.756
-0.746,0.581
-0.813,2.467
-0.941,1.585
-1.064,0.284
-0.967,0.155
-1.179,-0.614
-1.543,0.811
-1.591,0.055
-1.624,-0.666
-1.669,1.531
-1.685,1.709
-1.67,1.797
-1.705,0.938
-1.862,2.893
-1.735,1.54
-1.882,1.604
-1.908,2.785
-2.033,1.099
-2.065,2.249
-2.223,-1.071
-2.758,-1.232
-2.657,-0.893
2.369,-1.1
2.076,-0.881
1.418,-1.26
1.202,-0.916
1.124,-1.114
1.03,-0.968
-0.169,-1.208
-0.722,-0.858
-1.939,-1.021
-2.388,3.22
-2.956,3.254
-3.088,3.309
2.865,3.307
2.56,3.082
1.476,3.232
0.227,3.269
-0.609,3.361
1.194,2.047
1.043,2.544
0.792,0.005
-0.243,-0.51
1.69,0.233
0.567,0.169
-0.333,1.91
-0.351,1.88
-1.413,1.354
-2.567,2.591
2.664,-0.145
-0.243,2.349
-0.89,1.154
-1.29,0.476
-1.312,1.169
-1.271,0.285
-1.392,-0.012
-1.366,1.134
2.63,-0.517
1.472,-0.823
-1.67,-0.751
-1.722,-0.72
0.701,2.95
0.087,0.623
0.02,-0.14
-0.04,-0.415
-0.177,-1.282
-0.308,-1.285
-0.326,-2.594
-0.355,1.032
-0.384,-0.241
-0.554,0.802
-0.603,-2.067
-0.648,-2.686
-0.683,-1.23
-0.588,-1.405
-0.655,0.481
-0.783,-0.401
-0.906,-1.702
-0.809,-1.831
-1.021,-2.6
-1.385,-1.175
-1.433,-1.931
-1.466,-2.652
-1.511,-0.455
-1.527,-0.277
-1.512,-0.189
-1.547,-1.048
-1.704,0.907
-1.577,-0.446
-1.724,-0.382
-1.75,0.799
-1.875,-0.887
-1.907,0.263
-2.065,-3.057
-2.6,-3.218
-2.499,-2.879
2.527,-3.086
2.234,-2.867
1.576,-3.246
1.36,-2.902
1.282,-3.1
1.188,-2.954
-0.011,-3.194
-0.564,-2.844
-1.781,-3.007
-2.23,1.234
-2.798,1.268
-2.93,1.323
3.023,1.321
2.718,1.096
1.634,1.246
0.385,1.283
-0.451,1.375
1.352,0.061
1.201,0.558
0.95,-1.981
-0.085,-2.496
1.848,-1.753
0.725,-1.817
-0.175,-0.076
-0.193,-0.106
-1.255,-0.632
-2.409,0.605
2.822,-2.131
-0.085,0.363
-0.732,-0.832
-1.132,-1.51
-1.154,-0.817
-1.113,-1.701
-1.234,-1.998
-1.208,-0.852
2.788,-2.503
1.63,-2.809
-1.512,-2.737
-1.564,-2.706
0.859,0.964
-0.067,-0.763
-0.127,-1.038
-0.264,-1.905
-0.395,-1.908
-0.413,-3.217
-0.442,0.409
-0.471,-0.864
-0.641,0.179
-0.69,-2.69
-0.735,-3.309
-0.77,-1.853
-0.675,-2.028
-0.742,-0.142
-0.87,-1.024
-0.993,-2.325
-0.896,-2.454
-1.108,-3.223
-1.472,-1.798
-1.52,-2.554
-1.553,-3.275
-1.598,-1.078
-1.614,-0.9
-1.599,-0.812
-1.634,-1.671
-1.791,0.284
-1.664,-1.069
-1.811,-1.005
-1.837,0.176
-1.962,-1.51
-1.994,-0.36
-2.152,-3.68
-2.687,-3.841
-2.586,-3.502
2.44,-3.709
2.147,-3.49
1.489,-3.869
1.273,-3.525
1.195,-3.723
1.101,-3.577
-0.098,-3.817
-0.651,-3.467
-1.868,-3.63
-2.317,0.611
-2.885,0.645
-3.017,0.7
2.936,0.698
2.631,0.473
1.547,0.623
0.298,0.66
-0.538,0.752
1.265,-0.562
1.114,-0.065
0.863,-2.604
-0.172,-3.119
1.761,-2.376
0.638,-2.44
-0.262,-0.699
-0.28,-0.729
-1.342,-1.255
-2.496,-0.018
2.735,-2.754
-0.172,-0.26
-0.819,-1.455
-1.219,-2.133
-1.241,-1.44
-1.2,-2.324
-1.321,-2.621
-1.295,-1.475
2.701,-3.126
1.543,-3.432
-1.599,-3.36
-1.651,-3.329
0.772,0.341
-0.06,-0.275
-0.197,-1.142
-0.328,-1.145
-0.346,-2.454
-0.375,1.172
-0.404,-0.101
-0.574,0.942
-0.623,-1.927
-0.668,-2.546
-0.703,-1.09
-0.608,-1.265
-0.675,0.621
-0.803,-0.261
-0.926,-1.562
-0.829,-1.691
-1.041,-2.46
-1.405,-1.035
-1.453,-1.791
-1.486,-2.512
-1.531,-0.315
-1.547,-0.137
-1.532,-0.049
-1.567,-0.908
-1.724,1.047
-1.597,-0.306
-1.744,-0.242
-1.77,0.939
-1.895,-0.747
-1.927,0.403
-2.085,-2.917
-2.62,-3.078
-2.519,-2.739
2.507,-2.946
2.214,-2.727
1.556,-3.106
1.34,-2.762
1.262,-2.96
1.168,-2.814
-0.031,-3.054
-0.584,-2.704
-1.801,-2.867
-2.25,1.374
-2.818,1.408
-2.95,1.463
3.003,1.461
2.698,1.236
1.614,1.386
0.365,1.423
-0.471,1.515
1.332,0.201
1.181,0.698
0.93,-1.841
-0.105,-2.356
1.828,-1.613
0.705,-1.677
-0.195,0.064
-0.213,0.034
-1.275,-0.492
-2.429,0.745
2.802,-1.991
-0.105,0.503
-0.752,-0.692
-1.152,-1.37
-1.174,-0.677
-1.133,-1.561
-1.254,-1.858
-1.228,-0.712
2.768,-2.363
1.61,-2.669
-1.532,-2.597
-1.584,-2.566
0.839,1.104
-0.137,-0.867
-0.268,-0.87
-0.286,-2.179
-0.315,1.447
-0.344,0.174
-0.514,1.217
-0.563,-1.652
-0.608,-2.271
-0.643,-0.815
-0.548,-0.99
-0.615,0.896
-0.743,0.014
-0.866,-1.287
-0.769,-1.416
-0.981,-2.185
-1.345,-0.76
-1.393,-1.516
-1.426,-2.237
-1.471,-0.04
-1.487,0.138
-1.472,0.226
-1.507,-0.633
-1.664,1.322
-1.537,-0.031
-1.684,0.033
-1.71,1.214
-1.835,-0.472
-1.867,0.678
-2.025,-2.642
-2.56,-2.803
-2.459,-2.464
2.567,-2.671
2.274,-2.452
1.616,-2.831
1.4,-2.487
1.322,-2.685
1.228,-2.539
0.029,-2.779
-0.524,-2.429
-1.741,-2.592
-2.19,1.649
-2.758,1.683
-2.89,1.738
3.063,1.736
2.758,1.511
1.674,1.661
0.425,1.698
-0.411,1.79
1.392,0.476
1.241,0.973
0.99,-1.566
-0.045,-2.081
1.888,-1.338
0.765,-1.402
-0.135,0.339
-0.153,0.309
-1.215,-0.217
-2.369,1.02
2.862,-1.716
-0.045,0.778
-0.692,-0.417
-1.092,-1.095
-1.114,-0.402
-1.073,-1.286
-1.194,-1.583
-1.168,-0.437
2.828,-2.088
1.67,-2.394
-1.472,-2.322
-1.524,-2.291
0.899,1.379
-0.131,-0.003
-0.149,-1.312
-0.178,2.314
-0.207,1.041
-0.377,2.084
-0.426,-0.785
-0.471,-1.404
-0.506,0.052
-0.411,-0.123
-0.478,1.763
-0.606,0.881
-0.729,-0.42
-0.632,-0.549
-0.844,-1.318
-1.208,0.107
-1.256,-0.649
-1.289,-1.37
-1.334,0.827
-1.35,1.005
-1.335,1.093
-1.37,0.234
-1.527,2.189
-1.4,0.836
-1.547,0.9
-1.573,2.081
-1.698,0.395
-1.73,1.545
-1.888,-1.775
-2.423,-1.936
-2.322,-1.597
2.704,-1.804
2.411,-1.585
1.753,-1.964
1.537,-1.62
1.459,-1.818
1.365,-1.672
0.166,-1.912
-0.387,-1.562
-1.604,-1.725
-2.053,2.516
-2.621,2.55
-2.753,2.605
-3.083,2.603
2.895,2.378
1.811,2.528
0.562,2.565
-0.274,2.657
1.529,1.343
1.378,1.84
1.127,-0.699
0.092,-1.214
2.025,-0.471
0.902,-0.535
0.002,1.206
-0.016,1.176
-1.078,0.65
-2.232,1.887
2.999,-0.849
0.092,1.645
-0.555,0.45
-0.955,-0.228
-0.977,0.465
-0.936,-0.419
-1.057,-0.716
-1.031,0.43
2.965,-1.221
1.807,-1.527
-1.335,-1.455
-1.387,-1.424
1.036,2.246
-0.018,-1.309
-0.047,2.317
-0.076,1.044
-0.246,2.087
-0.295,-0.782
-0.34,-1.401
-0.375,0.055
-0.28,-0.12
-0.347,1.766
-0.475,0.884
-0.598,-0.417
-0.501,-0.546
-0.713,-1.315
-1.077,0.11
-1.125,-0.646
-1.158,-1.367
-1.203,0.83
-1.219,1.008
-1.204,1.096
-1.239,0.237
-1.396,2.192
-1.269,0.839
-1.416,0.903
-1.442,2.084
-1.567,0.398
-1.599,1.548
-1.757,-1.772
-2.292,-1.933
-2.191,-1.594
2.835,-1.801
2.542,-1.582
1.884,-1.961
1.668,-1.617
1.59,-1.815
1.496,-1.669
0.297,-1.909
-0.256,-1.559
-1.473,-1.722
-1.922,2.519
-2.49,2.553
-2.622,2.608
-2.952,2.606
3.026,2.381
1.942,2.531
0.693,2.568
-0.143,2.66
1.66,1.346
1.509,1.843
1.258,-0.696
0.223,-1.211
2.156,-0.468
1.033,-0.532
0.133,1.209
0.115,1.179
-0.947,0.653
-2.101,1.89
3.13,-0.846
0.223,1.648
-0.424,0.453
-0.824,-0.225
-0.846,0.468
-0.805,-0.416
-0.926,-0.713
-0.9,0.433
3.096,-1.218
1.938,-1.524
-1.204,-1.452
-1.256,-1.421
1.167,2.249
-0.029,3.626
-0.058,2.353
-0.228,3.396
-0.277,0.527
-0.322,-0.092
-0.357,1.364
-0.262,1.189
-0.329,3.075
-0.457,2.193
-0.58,0.892
-0.483,0.763
-0.695,-0.006
-1.059,1.419
-1.107,0.663
-1.14,-0.058
-1.185,2.139
-1.201,2.317
-1.186,2.405
-1.221,1.546
-1.378,3.501
-1.251,2.148
-1.398,2.212
-1.424,3.393
-1.549,1.707
-1.581,2.857
-1.739,-0.463
-2.274,-0.624
-2.173,-0.285
2.853,-0.492
2.56,-0.273
1.902,-0.652
1.686,-0.308
1.608,-0.506
1.514,-0.36
0.315,-0.6
-0.238,-0.25
-1.455,-0.413
-1.904,3.828
-2.472,3.862
-2.604,3.917
-2.934,3.915
3.044,3.69
1.96,3.84
0.711,3.877
-0.125,3.969
1.678,2.655
1.527,3.152
1.276,0.613
0.241,0.098
2.174,0.841
1.051,0.777
0.151,2.518
0.133,2.488
-0.929,1.962
-2.083,3.199
-3.135,0.463
0.241,2.957
-0.406,1.762
-0.806,1.084
-0.828,1.777
-0.787,0.893
-0.908,0.596
-0.882,1.742
3.114,0.091
1.956,-0.215
-1.186,-0.143
-1.238,-0.112
1.185,3.558
-0.029,-1.273
-0.199,-0.23
-0.248,-3.099
-0.293,-3.718
-0.328,-2.262
-0.233,-2.437
-0.3,-0.551
-0.428,-1.433
-0.551,-2.734
-0.454,-2.863
-0.666,-3.632
-1.03,-2.207
-1.078,-2.963
-1.111,-3.684
-1.156,-1.487
-1.172,-1.309
-1.157,-1.221
-1.192,-2.08
-1.349,-0.125
-1.222,-1.478
-1.369,-1.414
-1.395,-0.233
-1.52,-1.919
-1.552,-0.769
-1.71,-4.089
-2.245,-4.25
-2.144,-3.911
2.882,-4.118
2.589,-3.899
1.931,-4.278
1.715,-3.934
1.637,-4.132
1.543,-3.986
0.344,-4.226
-0.209,-3.876
-1.426,-4.039
-1.875,0.202
-2.443,0.236
-2.575,0.291
-2.905,0.289
3.073,0.064
1.989,0.214
0.74,0.251
-0.096,0.343
1.707,-0.971
1.556,-0.474
1.305,-3.013
0.27,-3.528
2.203,-2.785
1.08,-2.849
0.18,-1.108
0.162,-1.138
-0.9,-1.664
-2.054,-0.427
-3.106,-3.163
0.27,-0.669
-0.377,-1.864
-0.777,-2.542
-0.799,-1.849
-0.758,-2.733
-0.879,-3.03
-0.853,-1.884
-3.14,-3.535
1.985,-3.841
-1.157,-3.769
-1.209,-3.738
1.214,-0.068
-0.17,1.043
-0.219,-1.826
-0.264,-2.445
-0.299,-0.989
-0.204,-1.164
-0.271,0.722
-0.399,-0.16
-0.522,-1.461
-0.425,-1.59
-0.637,-2.359
-1.001,-0.934
-1.049,-1.69
-1.082,-2.411
-1.127,-0.214
-1.143,-0.036
-1.128,0.052
-1.163,-0.807
-1.32,1.148
-1.193,-0.205
-1.34,-0.141
-1.366,1.04
-1.491,-0.646
-1.523,0.504
-1.681,-2.816
-2.216,-2.977
-2.115,-2.638
2.911,-2.845
2.618,-2.626
1.96,-3.005
1.744,-2.661
1.666,-2.859
1.572,-2.713
0.373,-2.953
-0.18,-2.603
-1.397,-2.766
-1.846,1.475
-2.414,1.509
-2.546,1.564
-2.876,1.562
3.102,1.337
2.018,1.487
0.769,1.524
-0.067,1.616
1.736,0.302
1.585,0.799
1.334,-1.74
0.299,-2.255
2.232,-1.512
1.109,-1.576
0.209,0.165
0.191,0.135
-0.871,-0.391
-2.025,0.846
-3.077,-1.89
0.299,0.604
-0.348,-0.591
-0.748,-1.269
-0.77,-0.576
-0.729,-1.46
-0.85,-1.757
-0.824,-0.611
-3.111,-2.262
2.014,-2.568
-1.128,-2.496
-1.18,-2.465
1.243,1.205
-0.049,-2.869
-0.094,-3.488
-0.129,-2.032
-0.034,-2.207
-0.101,-0.321
-0.229,-1.203
-0.352,-2.504
-0.255,-2.633
-0.467,-3.402
-0.831,-1.977
-0.879,-2.733
-0.912,-3.454
-0.957,-1.257
-0.973,-1.079
-0.958,-0.991
-0.993,-1.85
-1.15,0.105
-1.023,-1.248
-1.17,-1.184
-1.196,-0.003
-1.321,-1.689
-1.353,-0.539
-1.511,-3.859
-2.046,-4.02
-1.945,-3.681
3.081,-3.888
2.788,-3.669
2.13,-4.048
1.914,-3.704
1.836,-3.902
1.742,-3.756
0.543,-3.996
-0.01,-3.646
-1.227,-3.809
-1.676,0.432
-2.244,0.466
-2.376,0.521
-2.706,0.519
-3.011,0.294
2.188,0.444
0.939,0.481
0.103,0.573
1.906,-0.741
1.755,-0.244
1.504,-2.783
0.469,-3.298
2.402,-2.555
1.279,-2.619
0.379,-0.878
0.361,-0.908
-0.701,-1.434
-1.855,-0.197
-2.907,-2.933
0.469,-0.439
-0.178,-1.634
-0.578,-2.312
-0.6,-1.619
-0.559,-2.503
-0.68,-2.8
-0.654,-1.654
-2.941,-3.305
2.184,-3.611
-0.958,-3.539
-1.01,-3.508
1.413,0.162
-0.045,-0.619
-0.08,0.837
0.015,0.662
-0.052,2.548
-0.18,1.666
-0.303,0.365
-0.206,0.236
-0.418,-0.533
-0.782,0.892
-0.83,0.136
-0.863,-0.585
-0.908,1.612
-0.924,1.79
-0.909,1.878
-0.944,1.019
-1.101,2.974
-0.974,1.621
-1.121,1.685
-1.147,2.866
-1.272,1.18
-1.304,2.33
-1.462,-0.99
-1.997,-1.151
-1.896,-0.812
3.13,-1.019
2.837,-0.8
2.179,-1.179
1.963,-0.835
1.885,-1.033
1.791,-0.887
0.592,-1.127
0.039,-0.777
-1.178,-0.94
-1.627,3.301
-2.195,3.335
-2.327,3.39
-2.657,3.388
-2.962,3.163
2.237,3.313
0.988,3.35
0.152,3.442
1.955,2.128
1.804,2.625
1.553,0.086
0.518,-0.429
2.451,0.314
1.328,0.25
0.428,1.991
0.41,1.961
-0.652,1.435
-1.806,2.672
-2.858,-0.064
0.518,2.43
-0.129,1.235
-0.529,0.557
-0.551,1.25
-0.51,0.366
-0.631,0.069
-0.605,1.215
-2.892,-0.436
2.233,-0.742
-0.909,-0.67
-0.961,-0.639
1.462,3.031
-0.035,1.456
0.06,1.281
-0.007,3.167
-0.135,2.285
-0.258,0.984
-0.161,0.855
-0.373,0.086
-0.737,1.511
-0.785,0.755
-0.818,0.034
-0.863,2.231
-0.879,2.409
-0.864,2.497
-0.899,1.638
-1.056,3.593
-0.929,2.24
-1.076,2.304
-1.102,3.485
-1.227,1.799
-1.259,2.949
-1.417,-0.371
-1.952,-0.532
-1.851,-0.193
-3.108,-0.4
2.882,-0.181
2.224,-0.56
2.008,-0.216
1.93,-0.414
1.836,-0.268
0.637,-0.508
0.084,-0.158
-1.133,-0.321
-1.582,3.92
-2.15,3.954
-2.282,4.009
-2.612,4.007
-2.917,3.782
2.282,3.932
1.033,3.969
0.197,4.061
2.0,2.747
1.849,3.244
1.598,0.705
0.563,0.19
2.496,0.933
1.373,0.869
0.473,2.61
0.455,2.58
-0.607,2.054
-1.761,3.291
-2.813,0.555
0.563,3.049
-0.084,1.854
-0.484,1.176
-0.506,1.869
-0.465,0.985
-0.586,0.688
-0.56,1.834
-2.847,0.183
2.278,-0.123
-0.864,-0.051
-0.916,-0.02
1.507,3.65
0.095,-0.175
0.028,1.711
-0.1,0.829
-0.223,-0.472
-0.126,-0.601
-0.338,-1.37
-0.702,0.055
-0.75,-0.701
-0.783,-1.422
-0.828,0.775
-0.844,0.953
-0.829,1.041
-0.864,0.182
-1.021,2.137
-0.894,0.784
-1.041,0.848
-1.067,2.029
-1.192,0.343
-1.224,1.493
-1.382,-1.827
-1.917,-1.988
-1.816,-1.649
-3.073,-1.856
2.917,-1.637
2.259,-2.016
2.043,-1.672
1.965,-1.87
1.871,-1.724
0.672,-1.964
0.119,-1.614
-1.098,-1.777
-1.547,2.464
-2.115,2.498
-2.247,2.553
-2.577,2.551
-2.882,2.326
2.317,2.476
1.068,2.513
0.232,2.605
2.035,1.291
1.884,1.788
1.633,-0.751
0.598,-1.266
2.531,-0.523
1.408,-0.587
0.508,1.154
0.49,1.124
-0.572,0.598
-1.726,1.835
-2.778,-0.901
0.598,1.593
-0.049,0.398
-0.449,-0.28
-0.471,0.413
-0.43,-0.471
-0.551,-0.768
-0.525,0.378
-2.812,-1.273
2.313,-1.579
-0.829,-1.507
-0.881,-1.476
1.542,2.194
-0.067,1.886
-0.195,1.004
-0.318,-0.297
-0.221,-0.426
-0.433,-1.195
-0.797,0.23
-0.845,-0.526
-0.878,-1.247
-0.923,0.95
-0.939,1.128
-0.924,1.216
-0.959,0.357
-1.116,2.312
-0.989,0.959
-1.136,1.023
-1.162,2.204
-1.287,0.518
-1.319,1.668
-1.477,-1.652
-2.012,-1.813
-1.911,-1.474
3.115,-1.681
2.822,-1.462
2.164,-1.841
1.948,-1.497
1.87,-1.695
1.776,-1.549
0.577,-1.789
0.024,-1.439
-1.193,-1.602
-1.642,2.639
-2.21,2.673
-2.342,2.728
-2.672,2.726
-2.977,2.501
2.222,2.651
0.973,2.688
0.137,2.78
1.94,1.466
1.789,1.963
1.538,-0.576
0.503,-1.091
2.436,-0.348
1.313,-0.412
0.413,1.329
0.395,1.299
-0.667,0.773
-1.821,2.01
-2.873,-0.726
0.503,1.768
-0.144,0.573
-0.544,-0.105
-0.566,0.588
-0.525,-0.296
-0.646,-0.593
-0.62,0.553
-2.907,-1.098
2.218,-1.404
-0.924,-1.332
-0.976,-1.301
1.447,2.369
-0.128,-0.882
-0.251,-2.183
-0.154,-2.312
-0.366,-3.081
-0.73,-1.656
-0.778,-2.412
-0.811,-3.133
-0.856,-0.936
-0.872,-0.758
-0.857,-0.67
-0.892,-1.529
-1.049,0.426
-0.922,-0.927
-1.069,-0.863
-1.095,0.318
-1.22,-1.368
-1.252,-0.218
-1.41,-3.538
-1.945,-3.699
-1.844,-3.36
-3.101,-3.567
2.889,-3.348
2.231,-3.727
2.015,-3.383
1.937,-3.581
1.843,-3.435
0.644,-3.675
0.091,-3.325
-1.126,-3.488
-1.575,0.753
-2.143,0.787
-2.275,0.842
-2.605,0.84
-2.91,0.615
2.289,0.765
1.04,0.802
0.204,0.894
2.007,-0.42
1.856,0.077
1.605,-2.462
0.57,-2.977
2.503,-2.234
1.38,-2.298
0.48,-0.557
0.462,-0.587
-0.6,-1.113
-1.754,0.124
-2.806,-2.612
0.57,-0.118
-0.077,-1.313
-0.477,-1.991
-0.499,-1.298
-0.458,-2.182
-0.579,-2.479
-0.553,-1.333
-2.84,-2.984
2.285,-3.29
-0.857,-3.218
-0.909,-3.187
1.514,0.483
-0.123,-1.301
-0.026,-1.43
-0.238,-2.199
-0.602,-0.774
-0.65,-1.53
-0.683,-2.251
-0.728,-0.054
-0.744,0.124
-0.729,0.212
-0.764,-0.647
-0.921,1.308
-0.794,-0.045
-0.941,0.019
-0.967,1.2
-1.092,-0.486
-1.124,0.664
-1.282,-2.656
-1.817,-2.817
-1.716,-2.478
-2.973,-2.685
3.017,-2.466
2.359,-2.845
2.143,-2.501
2.065,-2.699
1.971,-2.553
0.772,-2.793
0.219,-2.443
-0.998,-2.606
-1.447,1.635
-2.015,1.669
-2.147,1.724
-2.477,1.722
-2.782,1.497
2.417,1.647
1.168,1.684
0.332,1.776
2.135,0.462
1.984,0.959
1.733,-1.58
0.698,-2.095
2.631,-1.352
1.508,-1.416
0.608,0.325
0.59,0.295
-0.472,-0.231
-1.626,1.006
-2.678,-1.73
0.698,0.764
0.051,-0.431
-0.349,-1.109
-0.371,-0.416
-0.33,-1.3
-0.451,-1.597
-0.425,-0.451
-2.712,-2.102
2.413,-2.408
-0.729,-2.336
-0.781,-2.305
1.642,1.365
0.097,-0.129
-0.115,-0.898
-0.479,0.527
-0.527,-0.229
-0.56,-0.95
-0.605,1.247
-0.621,1.425
-0.606,1.513
-0.641,0.654
-0.798,2.609
-0.671,1.256
-0.818,1.32
-0.844,2.501
-0.969,0.815
-1.001,1.965
-1.159,-1.355
-1.694,-1.516
-1.593,-1.177
-2.85,-1.384
3.14,-1.165
2.482,-1.544
2.266,-1.2
2.188,-1.398
2.094,-1.252
0.895,-1.492
0.342,-1.142
-0.875,-1.305
-1.324,2.936
-1.892,2.97
-2.024,3.025
-2.354,3.023
-2.659,2.798
2.54,2.948
1.291,2.985
0.455,3.077
2.258,1.763
2.107,2.26
1.856,-0.279
0.821,-0.794
2.754,-0.051
1.631,-0.115
0.731,1.626
0.713,1.596
-0.349,1.07
-1.503,2.307
-2.555,-0.429
0.821,2.065
0.174,0.87
-0.226,0.192
-0.248,0.885
-0.207,0.001
-0.328,-0.296
-0.302,0.85
-2.589,-0.801
2.536,-1.107
-0.606,-1.035
-0.658,-1.004
1.765,2.666
-0.212,-0.769
-0.576,0.656
-0.624,-0.1
-0.657,-0.821
-0.702,1.376
-0.718,1.554
-0.703,1.642
-0.738,0.783
-0.895,2.738
-0.768,1.385
-0.915,1.449
-0.941,2.63
-1.066,0.944
-1.098,2.094
-1.256,-1.226
-1.791,-1.387
-1.69,-1.048
-2.947,-1.255
3.043,-1.036
2.385,-1.415
2.169,-1.071
2.091,-1.269
1.997,-1.123
0.798,-1.363
0.245,-1.013
-0.972,-1.176
-1.421,3.065
-1.989,3.099
-2.121,3.154
-2.451,3.152
-2.756,2.927
2.443,3.077
1.194,3.114
0.358,3.206
2.161,1.892
2.01,2.389
1.759,-0.15
0.724,-0.665
2.657,0.078
1.534,0.014
0.634,1.755
0.616,1.725
-0.446,1.199
-1.6,2.436
-2.652,-0.3
0.724,2.194
0.077,0.999
-0.323,0.321
-0.345,1.014
-0.304,0.13
-0.425,-0.167
-0.399,0.979
-2.686,-0.672
2.439,-0.978
-0.703,-0.906
-0.755,-0.875
1.668,2.795
-0.364,1.425
-0.412,0.669
-0.445,-0.052
-0.49,2.145
-0.506,2.323
-0.491,2.411
-0.526,1.552
-0.683,3.507
-0.556,2.154
-0.703,2.218
-0.729,3.399
-0.854,1.713
-0.886,2.863
-1.044,-0.457
-1.579,-0.618
-1.478,-0.279
-2.735,-0.486
-3.028,-0.267
2.597,-0.646
2.381,-0.302
2.303,-0.5
2.209,-0.354
1.01,-0.594
0.457,-0.244
-0.76,-0.407
-1.209,3.834
-1.777,3.868
-1.909,3.923
-2.239,3.921
-2.544,3.696
2.655,3.846
1.406,3.883
0.57,3.975
2.373,2.661
2.222,3.158
1.971,0.619
0.936,0.104
2.869,0.847
1.746,0.783
0.846,2.524
0.828,2.494
-0.234,1.968
-1.388,3.205
-2.44,0.469
0.936,2.963
0.289,1.768
-0.111,1.09
-0.133,1.783
-0.092,0.899
-0.213,0.602
-0.187,1.748
-2.474,0.097
2.651,-0.209
-0.491,-0.137
-0.543,-0.106
1.88,3.564
-0.048,-0.756
-0.081,-1.477
-0.126,0.72
-0.142,0.898
-0.127,0.986
-0.162,0.127
-0.319,2.082
-0.192,0.729
-0.339,0.793
-0.365,1.974
-0.49,0.288
-0.522,1.438
-0.68,-1.882
-1.215,-2.043
-1.114,-1.704
-2.371,-1.911
-2.664,-1.692
2.961,-2.071
2.745,-1.727
2.667,-1.925
2.573,-1.779
1.374,-2.019
0.821,-1.669
-0.396,-1.832
-0.845,2.409
-1.413,2.443
-1.545,2.498
-1.875,2.496
-2.18,2.271
3.019,2.421
1.77,2.458
0.934,2.55
2.737,1.236
2.586,1.733
2.335,-0.806
1.3,-1.321
-3.05,-0.578
2.11,-0.642
1.21,1.099
1.192,1.069
0.13,0.543
-1.024,1.78
-2.076,-0.956
1.3,1.538
0.653,0.343
0.253,-0.335
0.231,0.358
0.272,-0.526
0.151,-0.823
0.177,0.323
-2.11,-1.328
3.015,-1.634
-0.127,-1.562
-0.179,-1.531
2.244,2.139
-0.033,-0.721
-0.078,1.476
-0.094,1.654
-0.079,1.742
-0.114,0.883
-0.271,2.838
-0.144,1.485
-0.291,1.549
-0.317,2.73
-0.442,1.044
-0.474,2.194
-0.632,-1.126
-1.167,-1.287
-1.066,-0.948
-2.323,-1.155
-2.616,-0.936
3.009,-1.315
2.793,-0.971
2.715,-1.169
2.621,-1.023
1.422,-1.263
0.869,-0.913
-0.348,-1.076
-0.797,3.165
-1.365,3.199
-1.497,3.254
-1.827,3.252
-2.132,3.027
3.067,3.177
1.818,3.214
0.982,3.306
2.785,1.992
2.634,2.489
2.383,-0.05
1.348,-0.565
-3.002,0.178
2.158,0.114
1.258,1.855
1.24,1.825
0.178,1.299
-0.976,2.536
-2.028,-0.2
1.348,2.294
0.701,1.099
0.301,0.421
0.279,1.114
0.32,0.23
0.199,-0.067
0.225,1.079
-2.062,-0.572
3.063,-0.878
-0.079,-0.806
-0.131,-0.775
2.292,2.895
-0.045,2.197
-0.061,2.375
-0.046,2.463
-0.081,1.604
-0.238,3.559
-0.111,2.206
-0.258,2.27
-0.284,3.451
-0.409,1.765
-0.441,2.915
-0.599,-0.405
-1.134,-0.566
-1.033,-0.227
-2.29,-0.434
-2.583,-0.215
3.042,-0.594
2.826,-0.25
2.748,-0.448
2.654,-0.302
1.455,-0.542
0.902,-0.192
-0.315,-0.355
-0.764,3.886
-1.332,3.92
-1.464,3.975
-1.794,3.973
-2.099,3.748
3.1,3.898
1.851,3.935
1.015,4.027
2.818,2.713
2.667,3.21
2.416,0.671
1.381,0.156
-2.969,0.899
2.191,0.835
1.291,2.576
1.273,2.546
0.211,2.02
-0.943,3.257
-1.995,0.521
1.381,3.015
0.734,1.82
0.334,1.142
0.312,1.835
0.353,0.951
0.232,0.654
0.258,1.8
-2.029,0.149
3.096,-0.157
-0.046,-0.085
-0.098,-0.054
2.325,3.616
-0.016,0.178
-0.001,0.266
-0.036,-0.593
-0.193,1.362
-0.066,0.009
-0.213,0.073
-0.239,1.254
-0.364,-0.432
-0.396,0.718
-0.554,-2.602
-1.089,-2.763
-0.988,-2.424
-2.245,-2.631
-2.538,-2.412
3.087,-2.791
2.871,-2.447
2.793,-2.645
2.699,-2.499
1.5,-2.739
0.947,-2.389
-0.27,-2.552
-0.719,1.689
-1.287,1.723
-1.419,1.778
-1.749,1.776
-2.054,1.551
-3.138,1.701
1.896,1.738
1.06,1.83
2.863,0.516
2.712,1.013
2.461,-1.526
1.426,-2.041
-2.924,-1.298
2.236,-1.362
1.336,0.379
1.318,0.349
0.256,-0.177
-0.898,1.06
-1.95,-1.676
1.426,0.818
0.779,-0.377
0.379,-1.055
0.357,-0.362
0.398,-1.246
0.277,-1.543
0.303,-0.397
-1.984,-2.048
3.141,-2.354
-0.001,-2.282
-0.053,-2.251
2.37,1.419
0.015,0.088
-0.02,-0.771
-0.177,1.184
-0.05,-0.169
-0.197,-0.105
-0.223,1.076
-0.348,-0.61
-0.38,0.54
-0.538,-2.78
-1.073,-2.941
-0.972,-2.602
-2.229,-2.809
-2.522,-2.59
3.103,-2.969
2.887,-2.625
2.809,-2.823
2.715,-2.677
1.516,-2.917
0.963,-2.567
-0.254,-2.73
-0.703,1.511
-1.271,1.545
-1.403,1.6
-1.733,1.598
-2.038,1.373
-3.122,1.523
1.912,1.56
1.076,1.652
2.879,0.338
2.728,0.835
2.477,-1.704
1.442,-2.219
-2.908,-1.476
2.252,-1.54
1.352,0.201
1.334,0.171
0.272,-0.355
-0.882,0.882
-1.934,-1.854
1.442,0.64
0.795,-0.555
0.395,-1.233
0.373,-0.54
0.414,-1.424
0.293,-1.721
0.319,-0.575
-1.968,-2.226
-3.126,-2.532
0.015,-2.46
-0.037,-2.429
2.386,1.241
-0.035,-0.859
-0.192,1.096
-0.065,-0.257
-0.212,-0.193
-0.238,0.988
-0.363,-0.698
-0.395,0.452
-0.553,-2.868
-1.088,-3.029
-0.987,-2.69
-2.244,-2.897
-2.537,-2.678
3.088,-3.057
2.872,-2.713
2.794,-2.911
2.7,-2.765
1.501,-3.005
0.948,-2.655
-0.269,-2.818
-0.718,1.423
-1.286,1.457
-1.418,1.512
-1.748,1.51
-2.053,1.285
-3.137,1.435
1.897,1.472
1.061,1.564
2.864,0.25
2.713,0.747
2.462,-1.792
1.427,-2.307
-2.923,-1.564
2.237,-1.628
1.337,0.113
1.319,0.083
0.257,-0.443
-0.897,0.794
-1.949,-1.942
1.427,0.552
0.78,-0.643
0.38,-1.321
0.358,-0.628
0.399,-1.512
0.278,-1.809
0.304,-0.663
-1.983,-2.314
-3.141,-2.62
0.0,-2.548
-0.052,-2.517
2.371,1.153
-0.157,1.955
-0.03,0.602
-0.177,0.666
-0.203,1.847
-0.328,0.161
-0.36,1.311
-0.518,-2.009
-1.053,-2.17
-0.952,-1.831
-2.209,-2.038
-2.502,-1.819
3.123,-2.198
2.907,-1.854
2.829,-2.052
2.735,-1.906
1.536,-2.146
0.983,-1.796
-0.234,-1.959
-0.683,2.282
-1.251,2.316
-1.383,2.371
-1.713,2.369
-2.018,2.144
-3.102,2.294
1.932,2.331
1.096,2.423
2.899,1.109
2.748,1.606
2.497,-0.933
1.462,-1.448
-2.888,-0.705
2.272,-0.769
1.372,0.972
1.354,0.942
0.292,0.416
-0.862,1.653
-1.914,-1.083
1.462,1.411
0.815,0.216
0.415,-0.462
0.393,0.231
0.434,-0.653
0.313,-0.95
0.339,0.196
-1.948,-1.455
-3.106,-1.761
0.035,-1.689
-0.017,-1.658
2.406,2.012
0.127,-1.353
-0.02,-1.289
-0.046,-0.108
-0.171,-1.794
-0.203,-0.644
-0.361,-3.964
-0.896,-4.125
-0.795,-3.786
-2.052,-3.993
-2.345,-3.774
-3.003,-4.153
3.064,-3.809
2.986,-4.007
2.892,-3.861
1.693,-4.101
1.14,-3.751
-0.077,-3.914
-0.526,0.327
-1.094,0.361
-1.226,0.416
-1.556,0.414
-1.861,0.189
-2.945,0.339
2.089,0.376
1.253,0.468
3.056,-0.846
2.905,-0.349
2.654,-2.888
1.619,-3.403
-2.731,-2.66
2.429,-2.724
1.529,-0.983
1.511,-1.013
0.449,-1.539
-0.705,-0.302
-1.757,-3.038
1.619,-0.544
0.972,-1.739
0.572,-2.417
0.55,-1.724
0.591,-2.608
0.47,-2.905
0.496,-1.759
-1.791,-3.41
-2.949,-3.716
0.192,-3.644
0.14,-3.613
2.563,0.057
-0.147,0.064
-0.173,1.245
-0.298,-0.441
-0.33,0.709
-0.488,-2.611
-1.023,-2.772
-0.922,-2.433
-2.179,-2.64
-2.472,-2.421
-3.13,-2.8
2.937,-2.456
2.859,-2.654
2.765,-2.508
1.566,-2.748
1.013,-2.398
-0.204,-2.561
-0.653,1.68
-1.221,1.714
-1.353,1.769
-1.683,1.767
-1.988,1.542
-3.072,1.692
1.962,1.729
1.126,1.821
2.929,0.507
2.778,1.004
2.527,-1.535
1.492,-2.05
-2.858,-1.307
2.302,-1.371
1.402,0.37
1.384,0.34
0.322,-0.186
-0.832,1.051
-1.884,-1.685
1.492,0.809
0.845,-0.386
0.445,-1.064
0.423,-0.371
0.464,-1.255
0.343,-1.552
0.369,-0.406
-1.918,-2.057
-3.076,-2.363
0.065,-2.291
0.013,-2.26
2.436,1.41
-0.026,1.181
-0.151,-0.505
-0.183,0.645
-0.341,-2.675
-0.876,-2.836
-0.775,-2.497
-2.032,-2.704
-2.325,-2.485
-2.983,-2.864
3.084,-2.52
3.006,-2.718
2.912,-2.572
1.713,-2.812
1.16,-2.462
-0.057,-2.625
-0.506,1.616
-1.074,1.65
-1.206,1.705
-1.536,1.703
-1.841,1.478
-2.925,1.628
2.109,1.665
1.273,1.757
3.076,0.443
2.925,0.94
2.674,-1.599
1.639,-2.114
-2.711,-1.371
2.449,-1.435
1.549,0.306
1.531,0.276
0.469,-0.25
-0.685,0.987
-1.737,-1.749
1.639,0.745
0.992,-0.45
0.592,-1.128
0.57,-0.435
0.611,-1.319
0.49,-1.616
0.516,-0.47
-1.771,-2.121
-2.929,-2.427
0.212,-2.355
0.16,-2.324
2.583,1.346
-0.125,-1.686
-0.157,-0.536
-0.315,-3.856
-0.85,-4.017
-0.749,-3.678
-2.006,-3.885
-2.299,-3.666
-2.957,-4.045
3.11,-3.701
3.032,-3.899
2.938,-3.753
1.739,-3.993
1.186,-3.643
-0.031,-3.806
-0.48,0.435
-1.048,0.469
-1.18,0.524
-1.51,0.522
-1.815,0.297
-2.899,0.447
2.135,0.484
1.299,0.576
3.102,-0.738
2.951,-0.241
2.7,-2.78
1.665,-3.295
-2.685,-2.552
2.475,-2.616
1.575,-0.875
1.557,-0.905
0.495,-1.431
-0.659,-0.194
-1.711,-2.93
1.665,-0.436
1.018,-1.631
0.618,-2.309
0.596,-1.616
0.637,-2.5
0.516,-2.797
0.542,-1.651
-1.745,-3.302
-2.903,-3.608
0.238,-3.536
0.186,-3.505
2.609,0.165
-0.032,1.15
-0.19,-2.17
-0.725,-2.331
-0.624,-1.992
-1.881,-2.199
-2.174,-1.98
-2.832,-2.359
-3.048,-2.015
-3.126,-2.213
3.063,-2.067
1.864,-2.307
1.311,-1.957
0.094,-2.12
-0.355,2.121
-0.923,2.155
-1.055,2.21
-1.385,2.208
-1.69,1.983
-2.774,2.133
2.26,2.17
1.424,2.262
-3.056,0.948
3.076,1.445
2.825,-1.094
1.79,-1.609
-2.56,-0.866
2.6,-0.93
1.7,0.811
1.682,0.781
0.62,0.255
-0.534,1.492
-1.586,-1.244
1.79,1.25
1.143,0.055
0.743,-0.623
0.721,0.07
0.762,-0.814
0.641,-1.111
0.667,0.035
-1.62,-1.616
-2.778,-1.922
0.363,-1.85
0.311,-1.819
2.734,1.851
-0.158,-3.32
-0.693,-3.481
-0.592,-3.142
-1.849,-3.349
-2.142,-3.13
-2.8,-3.509
-3.016,-3.165
-3.094,-3.363
3.095,-3.217
1.896,-3.457
1.343,-3.107
0.126,-3.27
-0.323,0.971
-0.891,1.005
-1.023,1.06
-1.353,1.058
-1.658,0.833
-2.742,0.983
2.292,1.02
1.456,1.112
-3.024,-0.202
3.108,0.295
2.857,-2.244
1.822,-2.759
-2.528,-2.016
2.632,-2.08
1.732,-0.339
1.714,-0.369
0.652,-0.895
-0.502,0.342
-1.554,-2.394
1.822,0.1
1.175,-1.095
0.775,-1.773
0.753,-1.08
0.794,-1.964
0.673,-2.261
0.699,-1.115
-1.588,-2.766
-2.746,-3.072
0.395,-3.0
0.343,-2.969
2.766,0.701
-0.535,-0.161
-0.434,0.178
-1.691,-0.029
-1.984,0.19
-2.642,-0.189
-2.858,0.155
-2.936,-0.043
-3.03,0.103
2.054,-0.137
1.501,0.213
0.284,0.05
-0.165,4.291
-0.733,4.325
-0.865,4.38
-1.195,4.378
-1.5,4.153
-2.584,4.303
2.45,4.34
1.614,4.432
-2.866,3.118
-3.017,3.615
3.015,1.076
1.98,0.561
-2.37,1.304
2.79,1.24
1.89,2.981
1.872,2.951
0.81,2.425
-0.344,3.662
-1.396,0.926
1.98,3.42
1.333,2.225
0.933,1.547
0.911,2.24
0.952,1.356
0.831,1.059
0.857,2.205
-1.43,0.554
-2.588,0.248
0.553,0.32
0.501,0.351
2.924,4.021
0.101,0.339
-1.156,0.132
-1.449,0.351
-2.107,-0.028
-2.323,0.316
-2.401,0.118
-2.495,0.264
2.589,0.024
2.036,0.374
0.819,0.211
0.37,4.452
-0.198,4.486
-0.33,4.541
-0.66,4.539
-0.965,4.314
-2.049,4.464
2.985,4.501
2.149,4.593
-2.331,3.279
-2.482,3.776
-2.733,1.237
2.515,0.722
-1.835,1.465
-2.958,1.401
2.425,3.142
2.407,3.112
1.345,2.586
0.191,3.823
-0.861,1.087
2.515,3.581
1.868,2.386
1.468,1.708
1.446,2.401
1.487,1.517
1.366,1.22
1.392,2.366
-0.895,0.715
-2.053,0.409
1.088,0.481
1.036,0.512
-2.824,4.182
-1.257,-0.207
-1.55,0.012
-2.208,-0.367
-2.424,-0.023
-2.502,-0.221
-2.596,-0.075
2.488,-0.315
1.935,0.035
0.718,-0.128
0.269,4.113
-0.299,4.147
-0.431,4.202
-0.761,4.2
-1.066,3.975
-2.15,4.125
2.884,4.162
2.048,4.254
-2.432,2.94
-2.583,3.437
-2.834,0.898
2.414,0.383
-1.936,1.126
-3.059,1.062
2.324,2.803
2.306,2.773
1.244,2.247
0.09,3.484
-0.962,0.748
2.414,3.242
1.767,2.047
1.367,1.369
1.345,2.062
1.386,1.178
1.265,0.881
1.291,2.027
-0.996,0.376
-2.154,0.07
0.987,0.142
0.935,0.173
-2.925,3.843
-0.293,0.219
-0.951,-0.16
-1.167,0.184
-1.245,-0.014
-1.339,0.132
-2.538,-0.108
-3.091,0.242
1.975,0.079
1.526,4.32
0.958,4.354
0.826,4.409
0.496,4.407
0.191,4.182
-0.893,4.332
-2.142,4.369
-2.978,4.461
-1.175,3.147
-1.326,3.644
-1.577,1.105
-2.612,0.59
-0.679,1.333
-1.802,1.269
-2.702,3.01
-2.72,2.98
2.501,2.454
1.347,3.691
0.295,0.955
-2.612,3.449
3.024,2.254
2.624,1.576
2.602,2.269
2.643,1.385
2.522,1.088
2.548,2.234
0.261,0.583
-0.897,0.277
2.244,0.349
2.192,0.38
-1.668,4.05
-0.658,-0.379
-0.874,-0.035
-0.952,-0.233
-1.046,-0.087
-2.245,-0.327
-2.798,0.023
2.268,-0.14
1.819,4.101
1.251,4.135
1.119,4.19
0.789,4.188
0.484,3.963
-0.6,4.113
-1.849,4.15
-2.685,4.242
-0.882,2.928
-1.033,3.425
-1.284,0.886
-2.319,0.371
-0.386,1.114
-1.509,1.05
-2.409,2.791
-2.427,2.761
2.794,2.235
1.64,3.472
0.588,0.736
-2.319,3.23
-2.966,2.035
2.917,1.357
2.895,2.05
2.936,1.166
2.815,0.869
2.841,2.015
0.554,0.364
-0.604,0.058
2.537,0.13
2.485,0.161
-1.375,3.831
-0.216,0.344
-0.294,0.146
-0.388,0.292
-1.587,0.052
-2.14,0.402
2.926,0.239
2.477,4.48
1.909,4.514
1.777,4.569
1.447,4.567
1.142,4.342
0.058,4.492
-1.191,4.529
-2.027,4.621
-0.224,3.307
-0.375,3.804
-0.626,1.265
-1.661,0.75
0.272,1.493
-0.851,1.429
-1.751,3.17
-1.769,3.14
-2.831,2.614
2.298,3.851
1.246,1.115
-1.661,3.609
-2.308,2.414
-2.708,1.736
-2.73,2.429
-2.689,1.545
-2.81,1.248
-2.784,2.394
1.212,0.743
0.054,0.437
-3.088,0.509
-3.14,0.54
-0.717,4.21
-0.078,-0.198
-0.172,-0.052
-1.371,-0.292
-1.924,0.058
-3.141,-0.105
2.693,4.136
2.125,4.17
1.993,4.225
1.663,4.223
1.358,3.998
0.274,4.148
-0.975,4.185
-1.811,4.277
-0.008,2.963
-0.159,3.46
-0.41,0.921
-1.445,0.406
0.488,1.149
-0.635,1.085
-1.535,2.826
-1.553,2.796
-2.615,2.27
2.514,3.507
1.462,0.771
-1.445,3.265
-2.092,2.07
-2.492,1.392
-2.514,2.085
-2.473,1.201
-2.594,0.904
-2.568,2.05
1.428,0.399
0.27,0.093
-2.872,0.165
-2.924,0.196
-0.501,3.866
-0.094,0.146
-1.293,-0.094
-1.846,0.256
-3.063,0.093
2.771,4.334
2.203,4.368
2.071,4.423
1.741,4.421
1.436,4.196
0.352,4.346
-0.897,4.383
-1.733,4.475
0.07,3.161
-0.081,3.658
-0.332,1.119
-1.367,0.604
0.566,1.347
-0.557,1.283
-1.457,3.024
-1.475,2.994
-2.537,2.468
2.592,3.705
1.54,0.969
-1.367,3.463
-2.014,2.268
-2.414,1.59
-2.436,2.283
-2.395,1.399
-2.516,1.102
-2.49,2.248
1.506,0.597
0.348,0.291
-2.794,0.363
-2.846,0.394
-0.423,4.064
-1.199,-0.24
-1.752,0.11
-2.969,-0.053
2.865,4.188
2.297,4.222
2.165,4.277
1.835,4.275
1.53,4.05
0.446,4.2
-0.803,4.237
-1.639,4.329
0.164,3.015
0.013,3.512
-0.238,0.973
-1.273,0.458
0.66,1.201
-0.463,1.137
-1.363,2.878
-1.381,2.848
-2.443,2.322
2.686,3.559
1.634,0.823
-1.273,3.317
-1.92,2.122
-2.32,1.444
-2.342,2.137
-2.301,1.253
-2.422,0.956
-2.396,2.102
1.6,0.451
0.442,0.145
-2.7,0.217
-2.752,0.248
-0.329,3.918
-0.553,0.35
-1.77,0.187
-2.219,4.428
-2.787,4.462
-2.919,4.517
3.034,4.515
2.729,4.29
1.645,4.44
0.396,4.477
-0.44,4.569
1.363,3.255
1.212,3.752
0.961,1.213
-0.074,0.698
1.859,1.441
0.736,1.377
-0.164,3.118
-0.182,3.088
-1.244,2.562
-2.398,3.799
2.833,1.063
-0.074,3.557
-0.721,2.362
-1.121,1.684
-1.143,2.377
-1.102,1.493
-1.223,1.196
-1.197,2.342
2.799,0.691
1.641,0.385
-1.501,0.457
-1.553,0.488
0.87,4.158
-1.217,-0.163
-1.666,4.078
-2.234,4.112
-2.366,4.167
-2.696,4.165
-3.001,3.94
2.198,4.09
0.949,4.127
0.113,4.219
1.916,2.905
1.765,3.402
1.514,0.863
0.479,0.348
2.412,1.091
1.289,1.027
0.389,2.768
0.371,2.738
-0.691,2.212
-1.845,3.449
-2.897,0.713
0.479,3.207
-0.168,2.012
-0.568,1.334
-0.59,2.027
-0.549,1.143
-0.67,0.846
-0.644,1.992
-2.931,0.341
2.194,0.035
-0.948,0.107
-1.0,0.138
1.423,3.808
-0.449,4.241
-1.017,4.275
-1.149,4.33
-1.479,4.328
-1.784,4.103
-2.868,4.253
2.166,4.29
1.33,4.382
3.133,3.068
2.982,3.565
2.731,1.026
1.696,0.511
-2.654,1.254
2.506,1.19
1.606,2.931
1.588,2.901
0.526,2.375
-0.628,3.612
-1.68,0.876
1.696,3.37
1.049,2.175
0.649,1.497
0.627,2.19
0.668,1.306
0.547,1.009
0.573,2.155
-1.714,0.504
-2.872,0.198
0.269,0.27
0.217,0.301
2.64,3.971
-0.568,0.034
-0.7,0.089
-1.03,0.087
-1.335,-0.138
-2.419,0.012
2.615,0.049
1.779,0.141
-2.701,-1.173
-2.852,-0.676
-3.103,-3.215
2.145,-3.73
-2.205,-2.987
2.955,-3.051
2.055,-1.31
2.037,-1.34
0.975,-1.866
-0.179,-0.629
-1.231,-3.365
2.145,-0.871
1.498,-2.066
1.098,-2.744
1.076,-2.051
1.117,-2.935
0.996,-3.232
1.022,-2.086
-1.265,-3.737
-2.423,-4.043
0.718,-3.971
0.666,-3.94
3.089,-0.27
-0.132,0.055
-0.462,0.053
-0.767,-0.172
-1.851,-0.022
-3.1,0.015
2.347,0.107
-2.133,-1.207
-2.284,-0.71
-2.535,-3.249
2.713,-3.764
-1.637,-3.021
-2.76,-3.085
2.623,-1.344
2.605,-1.374
1.543,-1.9
0.389,-0.663
-0.663,-3.399
2.713,-0.905
2.066,-2.1
1.666,-2.778
1.644,-2.085
1.685,-2.969
1.564,-3.266
1.59,-2.12
-0.697,-3.771
-1.855,-4.077
1.286,-4.005
1.234,-3.974
-2.626,-0.304
-0.33,-0.002
-0.635,-0.227
-1.719,-0.077
-2.968,-0.04
2.479,0.052
-2.001,-1.262
-2.152,-0.765
-2.403,-3.304
2.845,-3.819
-1.505,-3.076
-2.628,-3.14
2.755,-1.399
2.737,-1.429
1.675,-1.955
0.521,-0.718
-0.531,-3.454
2.845,-0.96
2.198,-2.155
1.798,-2.833
1.776,-2.14
1.817,-3.024
1.696,-3.321
1.722,-2.175
-0.565,-3.826
-1.723,-4.132
1.418,-4.06
1.366,-4.029
-2.494,-0.359
-0.305,-0.225
-1.389,-0.075
-2.638,-0.038
2.809,0.054
-1.671,-1.26
-1.822,-0.763
-2.073,-3.302
-3.108,-3.817
-1.175,-3.074
-2.298,-3.138
3.085,-1.397
3.067,-1.427
2.005,-1.953
0.851,-0.716
-0.201,-3.452
-3.108,-0.958
2.528,-2.153
2.128,-2.831
2.106,-2.138
2.147,-3.022
2.026,-3.319
2.052,-2.173
-0.235,-3.824
-1.393,-4.13
1.748,-4.058
1.696,-4.027
-2.164,-0.357
-1.084,0.15
-2.333,0.187
3.114,0.279
-1.366,-1.035
-1.517,-0.538
-1.768,-3.077
-2.803,-3.592
-0.87,-2.849
-1.993,-2.913
-2.893,-1.172
-2.911,-1.202
2.31,-1.728
1.156,-0.491
0.104,-3.227
-2.803,-0.733
2.833,-1.928
2.433,-2.606
2.411,-1.913
2.452,-2.797
2.331,-3.094
2.357,-1.948
0.07,-3.599
-1.088,-3.905
2.053,-3.833
2.001,-3.802
-1.859,-0.132
-1.249,0.037
-2.085,0.129
-0.282,-1.185
-0.433,-0.688
-0.684,-3.227
-1.719,-3.742
0.214,-2.999
-0.909,-3.063
-1.809,-1.322
-1.827,-1.352
-2.889,-1.878
2.24,-0.641
1.188,-3.377
-1.719,-0.883
-2.366,-2.078
-2.766,-2.756
-2.788,-2.063
-2.747,-2.947
-2.868,-3.244
-2.842,-2.098
1.154,-3.749
-0.004,-4.055
3.137,-3.983
3.085,-3.952
-0.775,-0.282
-0.836,0.092
0.967,-1.222
0.816,-0.725
0.565,-3.264
-0.47,-3.779
1.463,-3.036
0.34,-3.1
-0.56,-1.359
-0.578,-1.389
-1.64,-1.915
-2.794,-0.678
2.437,-3.414
-0.47,-0.92
-1.117,-2.115
-1.517,-2.793
-1.539,-2.1
-1.498,-2.984
-1.619,-3.281
-1.593,-2.135
2.403,-3.786
1.245,-4.092
-1.897,-4.02
-1.949,-3.989
0.474,-0.319
1.803,-1.314
1.652,-0.817
1.401,-3.356
0.366,-3.871
2.299,-3.128
1.176,-3.192
0.276,-1.451
0.258,-1.481
-0.804,-2.007
-1.958,-0.77
-3.01,-3.506
0.366,-1.012
-0.281,-2.207
-0.681,-2.885
-0.703,-2.192
-0.662,-3.076
-0.783,-3.373
-0.757,-2.227
-3.044,-3.878
2.081,-4.184
-1.061,-4.112
-1.113,-4.081
1.31,-0.411
-0.151,0.497
-0.402,-2.042
-1.437,-2.557
0.496,-1.814
-0.627,-1.878
-1.527,-0.137
-1.545,-0.167
-2.607,-0.693
2.522,0.544
1.47,-2.192
-1.437,0.302
-2.084,-0.893
-2.484,-1.571
-2.506,-0.878
-2.465,-1.762
-2.586,-2.059
-2.56,-0.913
1.436,-2.564
0.278,-2.87
-2.864,-2.798
-2.916,-2.767
-0.493,0.903
-0.251,-2.539
-1.286,-3.054
0.647,-2.311
-0.476,-2.375
-1.376,-0.634
-1.394,-0.664
-2.456,-1.19
2.673,0.047
1.621,-2.689
-1.286,-0.195
-1.933,-1.39
-2.333,-2.068
-2.355,-1.375
-2.314,-2.259
-2.435,-2.556
-2.409,-1.41
1.587,-3.061
0.429,-3.367
-2.713,-3.295
-2.765,-3.264
-0.342,0.406
-1.035,-0.515
0.898,0.228
-0.225,0.164
-1.125,1.905
-1.143,1.875
-2.205,1.349
2.924,2.586
1.872,-0.15
-1.035,2.344
-1.682,1.149
-2.082,0.471
-2.104,1.164
-2.063,0.28
-2.184,-0.017
-2.158,1.129
1.838,-0.522
0.68,-0.828
-2.462,-0.756
-2.514,-0.725
-0.091,2.945
1.933,0.743
0.81,0.679
-0.09,2.42
-0.108,2.39
-1.17,1.864
-2.324,3.101
2.907,0.365
0.0,2.859
-0.647,1.664
-1.047,0.986
-1.069,1.679
-1.028,0.795
-1.149,0.498
-1.123,1.644
2.873,-0.007
1.715,-0.313
-1.427,-0.241
-1.479,-0.21
0.944,3.46
-1.123,-0.064
-2.023,1.677
-2.041,1.647
-3.103,1.121
2.026,2.358
0.974,-0.378
-1.933,2.116
-2.58,0.921
-2.98,0.243
-3.002,0.936
-2.961,0.052
-3.082,-0.245
-3.056,0.901
0.94,-0.75
-0.218,-1.056
2.923,-0.984
2.871,-0.953
-0.989,2.717
-0.9,1.741
-0.918,1.711
-1.98,1.185
-3.134,2.422
2.097,-0.314
-0.81,2.18
-1.457,0.985
-1.857,0.307
-1.879,1.0
-1.838,0.116
-1.959,-0.181
-1.933,0.965
2.063,-0.686
0.905,-0.992
-2.237,-0.92
-2.289,-0.889
0.134,2.781
-0.018,-0.03
-1.08,-0.556
-2.234,0.681
2.997,-2.055
0.09,0.439
-0.557,-0.756
-0.957,-1.434
-0.979,-0.741
-0.938,-1.625
-1.059,-1.922
-1.033,-0.776
2.963,-2.427
1.805,-2.733
-1.337,-2.661
-1.389,-2.63
1.034,1.04
-1.062,-0.526
-2.216,0.711
3.015,-2.025
0.108,0.469
-0.539,-0.726
-0.939,-1.404
-0.961,-0.711
-0.92,-1.595
-1.041,-1.892
-1.015,-0.746
2.981,-2.397
1.823,-2.703
-1.319,-2.631
-1.371,-2.6
1.052,1.07
-1.154,1.237
-2.206,-1.499
1.17,0.995
0.523,-0.2
0.123,-0.878
0.101,-0.185
0.142,-1.069
0.021,-1.366
0.047,-0.22
-2.24,-1.871
2.885,-2.177
-0.257,-2.105
-0.309,-2.074
2.114,1.596
-1.052,-2.736
2.324,-0.242
1.677,-1.437
1.277,-2.115
1.255,-1.422
1.296,-2.306
1.175,-2.603
1.201,-1.457
-1.086,-3.108
-2.244,-3.414
0.897,-3.342
0.845,-3.311
-3.015,0.359
-2.907,2.494
2.729,1.299
2.329,0.621
2.307,1.314
2.348,0.43
2.227,0.133
2.253,1.279
-0.034,-0.372
-1.192,-0.678
1.949,-0.606
1.897,-0.575
-1.963,3.095
-0.647,-1.195
-1.047,-1.873
-1.069,-1.18
-1.028,-2.064
-1.149,-2.361
-1.123,-1.215
2.873,-2.866
1.715,-3.172
-1.427,-3.1
-1.479,-3.069
0.944,0.601
-0.4,-0.678
-0.422,0.015
-0.381,-0.869
-0.502,-1.166
-0.476,-0.02
-2.763,-1.671
2.362,-1.977
-0.78,-1.905
-0.832,-1.874
1.591,1.796
-0.022,0.693
0.019,-0.191
-0.102,-0.488
-0.076,0.658
-2.363,-0.993
2.762,-1.299
-0.38,-1.227
-0.432,-1.196
1.991,2.474
0.041,-0.884
-0.08,-1.181
-0.054,-0.035
-2.341,-1.686
2.784,-1.992
-0.358,-1.92
-0.41,-1.889
2.013,1.781
-0.121,-0.297
-0.095,0.849
-2.382,-0.802
2.743,-1.108
-0.399,-1.036
-0.451,-1.005
1.972,2.665
0.026,1.146
-2.261,-0.505
2.864,-0.811
-0.278,-0.739
-0.33,-0.708
2.093,2.962
-2.287,-1.651
2.838,-1.957
-0.304,-1.885
-0.356,-1.854
2.067,1.816
-1.158,-0.306
1.983,-0.234
1.931,-0.203
-1.929,3.467
3.141,0.072
3.089,0.103
-0.771,3.773
-0.052,0.031
2.371,3.701
2.423,3.67
