-0.065,1.712
-0.087,2.128
-0.219,0.588
-0.18,0.998
-0.192,0.127
-0.212,0.923
-0.326,0.394
-0.334,0.426
-0.358,-0.146
-0.585,0.794
-0.616,-0.015
-0.649,0.031
-0.656,2.571
-0.7,2.402
-0.628,3.416
-0.704,0.315
-0.642,3.021
-0.802,1.164
-0.803,3.197
-0.837,2.66
-0.871,1.894
-0.959,1.56
-0.98,3.369
-1.091,0.856
-1.036,2.329
-1.181,2.571
-1.131,1.711
-1.132,3.265
-1.193,2.808
-1.23,0.457
-1.314,1.286
-1.261,1.848
-1.337,3.22
-1.346,2.113
-1.429,-0.248
-1.373,1.609
-1.4,-0.274
-1.408,2.292
-1.423,1.487
-1.436,1.431
-1.45,2.455
-1.584,0.796
-1.745,0.936
-1.78,2.409
-1.708,3.008
-1.724,2.423
-1.898,1.124
-1.886,0.906
-1.914,-0.294
-2.053,3.397
-2.108,0.931
-2.117,2.548
-2.27,3.148
-2.353,1.857
-2.339,0.784
-2.45,2.996
-2.421,2.583
-2.588,1.461
-2.626,2.136
-2.594,1.881
-2.599,2.113
-2.605,0.673
-2.738,0.433
-2.683,-0.14
-2.718,1.263
-2.788,3.509
-2.887,1.253
-2.854,0.475
-2.911,2.274
-2.966,1.476
-2.967,2.504
-3.026,0.49
-3.095,2.485
3.075,0.369
3.072,1.724
3.042,1.313
3.101,1.718
3.029,2.08
3.026,2.043
2.911,2.924
2.817,0.653
2.889,1.34
2.821,2.026
2.774,1.71
2.827,1.057
2.793,0.722
2.674,1.146
2.68,0.685
2.62,0.285
2.609,1.315
2.66,1.274
2.562,0.117
2.64,3.521
2.624,0.611
2.61,2.267
2.519,3.314
2.469,1.67
2.458,-0.106
2.439,1.212
2.365,2.106
2.31,0.625
2.346,1.345
2.283,0.949
2.234,2.95
2.217,-0.228
2.21,1.637
2.273,2.698
2.241,3.495
2.19,0.084
2.084,0.292
2.101,0.029
2.043,3.357
1.961,-0.365
1.947,1.495
1.915,2.386
1.899,0.031
1.761,2.649
1.767,1.966
1.741,1.706
1.667,1.394
1.488,0.886
1.283,0.445
1.273,0.763
1.196,3.094
1.123,1.678
1.1,0.996
1.111,3.385
1.056,0.409
1.066,2.183
1.024,2.511
0.904,1.052
0.902,2.035
0.899,0.925
0.724,-0.211
0.638,1.068
0.598,0.832
0.562,1.743
0.474,0.695
0.478,1.233
0.451,0.79
0.371,-0.454
0.365,1.647
0.279,2.984
0.34,1.253
0.273,3.163
0.24,3.115
0.253,-0.315
0.171,1.875
0.16,1.144
0.141,2.053
0.127,1.268
0.17,2.563
0.084,1.812
0.152,0.8
0.072,1.117
-0.018,0.984
0.018,2.812
-0.059,1.234
-0.508,-0.496
-0.771,-0.814
-0.856,-0.664
-1.088,-0.697
-1.874,-0.478
-2.277,-0.538
-2.634,-0.69
2.883,-0.501
2.795,-0.798
2.676,-0.875
2.569,-0.896
2.503,-0.778
2.082,-0.908
1.657,-0.749
1.315,-0.935
1.062,-0.549
0.503,-0.747
0.268,-0.749
-0.82,3.551
-0.934,3.66
-1.693,3.466
2.21,3.59
2.08,3.668
2.067,3.65
1.928,3.643
1.917,3.684
1.0,3.322
0.054,3.583
-0.216,0.701
-0.714,1.011
-1.426,1.086
0.207,1.33
0.093,0.252
-1.918,-0.77
1.503,-0.852
-0.126,2.074
-0.08,1.599
-0.255,3.41
-0.255,0.747
-0.197,0.528
-0.35,2.602
-0.511,0.568
-0.589,1.946
-0.471,1.885
-0.637,1.149
-0.79,1.953
-0.954,-0.263
-0.915,1.641
-1.018,1.81
-1.159,2.92
-1.07,2.704
-1.207,0.846
-1.291,1.741
-1.576,3.208
-1.597,0.76
-1.599,0.822
-1.512,1.102
-1.809,0.807
-1.906,0.138
-1.905,1.774
-2.079,3.201
-2.001,2.479
-2.157,2.947
-2.197,2.781
-2.217,0.616
-2.234,0.911
-2.17,2.021
-2.308,0.504
-2.345,0.305
-2.326,3.29
-2.367,2.882
-2.422,0.572
-2.661,1.283
-2.521,0.772
-2.525,2.835
-2.559,0.826
-2.566,0.532
-2.709,2.027
-2.707,3.182
-2.661,0.353
-2.901,0.586
-2.812,0.261
-2.985,2.312
-2.952,1.655
-3.082,1.23
-3.04,1.306
-3.04,2.177
3.066,3.364
-3.118,0.293
3.058,2.24
2.967,0.909
2.898,3.14
2.798,-0.214
2.669,2.337
2.737,0.341
2.665,-0.433
2.395,2.957
2.336,2.675
2.295,3.153
2.27,1.218
2.135,3.069
2.052,2.593
2.003,0.781
1.358,3.402
0.887,2.079
0.877,2.178
0.716,2.146
0.297,-0.409
0.311,0.474
0.415,0.974
0.306,1.79
0.121,1.713
0.047,1.96
0.011,-0.366
-0.012,-0.347
-0.034,0.334
-0.064,0.086
-0.084,0.315
-0.015,-0.504
-0.199,-0.649
-0.221,-0.709
-0.618,-0.72
-1.429,-0.511
-1.555,-0.532
-1.75,-0.589
-2.35,-0.796
-2.972,-0.819
-2.986,-0.693
2.961,-0.863
3.022,-0.782
2.968,-0.74
2.801,-0.545
2.641,-0.883
2.107,-0.884
1.99,-0.705
1.51,-0.796
1.306,-0.588
0.463,-0.782
0.332,-0.566
0.48,-0.79
-1.83,3.479
-2.204,3.565
2.928,3.527
1.633,3.647
0.632,3.601
-0.39,0.256
-0.788,0.225
-1.982,1.962
-2.673,1.381
-2.747,1.963
-2.76,-0.16
-2.974,-0.184
-1.53,0.299
2.535,0.52
0.661,2.444
0.395,3.002
0.355,2.877
-1.942,0.266
-2.642,0.991
-2.994,1.574
3.097,2.165
0.23,1.573
-0.015,-0.477
-1.124,-0.447
1.379,-0.478
-0.788,-0.88
-1.51,-0.967
-2.787,-1.029
1.02,-0.982
-0.022,0.416
-0.154,-1.124
-0.115,-0.714
-0.127,-1.585
-0.147,-0.789
-0.261,-1.318
-0.269,-1.286
-0.293,-1.858
-0.52,-0.918
-0.551,-1.727
-0.584,-1.681
-0.591,0.859
-0.635,0.69
-0.563,1.704
-0.639,-1.397
-0.577,1.309
-0.737,-0.548
-0.738,1.485
-0.772,0.948
-0.806,0.182
-0.894,-0.152
-0.915,1.657
-1.026,-0.856
-0.971,0.617
-1.116,0.859
-1.066,-0.001
-1.067,1.553
-1.128,1.096
-1.165,-1.255
-1.249,-0.426
-1.196,0.136
-1.272,1.508
-1.281,0.401
-1.364,-1.96
-1.308,-0.103
-1.335,-1.986
-1.343,0.58
-1.358,-0.225
-1.371,-0.281
-1.385,0.743
-1.519,-0.916
-1.68,-0.776
-1.715,0.697
-1.643,1.296
-1.659,0.711
-1.833,-0.588
-1.821,-0.806
-1.849,-2.006
-1.988,1.685
-2.043,-0.781
-2.052,0.836
-2.205,1.436
-2.288,0.145
-2.274,-0.928
-2.385,1.284
-2.356,0.871
-2.523,-0.251
-2.561,0.424
-2.529,0.169
-2.534,0.401
-2.54,-1.039
-2.673,-1.279
-2.618,-1.852
-2.653,-0.449
-2.723,1.797
-2.822,-0.459
-2.789,-1.237
-2.846,0.562
-2.901,-0.236
-2.902,0.792
-2.961,-1.222
-3.03,0.773
3.14,-1.343
3.137,0.012
3.107,-0.399
-3.117,0.006
3.094,0.368
3.091,0.331
2.976,1.212
2.882,-1.059
2.954,-0.372
2.886,0.314
2.839,-0.002
2.892,-0.655
2.858,-0.99
2.739,-0.566
2.745,-1.027
2.685,-1.427
2.674,-0.397
2.725,-0.438
2.627,-1.595
2.705,1.809
2.689,-1.101
2.675,0.555
2.584,1.602
2.534,-0.042
2.523,-1.818
2.504,-0.5
2.43,0.394
2.375,-1.087
2.411,-0.367
2.348,-0.763
2.299,1.238
2.282,-1.94
2.275,-0.075
2.338,0.986
2.306,1.783
2.255,-1.628
2.149,-1.42
2.166,-1.683
2.108,1.645
2.026,-2.077
2.012,-0.217
1.98,0.674
1.964,-1.681
1.826,0.937
1.832,0.254
1.806,-0.006
1.732,-0.318
1.553,-0.826
1.348,-1.267
1.338,-0.949
1.261,1.382
1.188,-0.034
1.165,-0.716
1.176,1.673
1.121,-1.303
1.131,0.471
1.089,0.799
0.969,-0.66
0.967,0.323
0.964,-0.787
0.789,-1.923
0.703,-0.644
0.663,-0.88
0.627,0.031
0.539,-1.017
0.543,-0.479
0.516,-0.922
0.436,-2.166
0.43,-0.065
0.344,1.272
0.405,-0.459
0.338,1.451
0.305,1.403
0.318,-2.027
0.236,0.163
0.225,-0.568
0.206,0.341
0.192,-0.444
0.235,0.851
0.149,0.1
0.217,-0.912
0.137,-0.595
0.047,-0.728
0.083,1.1
0.006,-0.478
-0.443,-2.208
-0.706,-2.526
-0.791,-2.376
-1.023,-2.409
-1.809,-2.19
-2.212,-2.25
-2.569,-2.402
2.948,-2.213
2.86,-2.51
2.741,-2.587
2.634,-2.608
2.568,-2.49
2.147,-2.62
1.722,-2.461
1.38,-2.647
1.127,-2.261
0.568,-2.459
0.333,-2.461
-0.755,1.839
-0.869,1.948
-1.628,1.754
2.275,1.878
2.145,1.956
2.132,1.938
1.993,1.931
1.982,1.972
1.065,1.61
0.119,1.871
-0.151,-1.011
-0.649,-0.701
-1.361,-0.626
0.272,-0.382
0.158,-1.46
-1.853,-2.482
1.568,-2.564
-0.061,0.362
-0.015,-0.113
-0.19,1.698
-0.19,-0.965
-0.132,-1.184
-0.285,0.89
-0.446,-1.144
-0.524,0.234
-0.406,0.173
-0.572,-0.563
-0.725,0.241
-0.889,-1.975
-0.85,-0.071
-0.953,0.098
-1.094,1.208
-1.005,0.992
-1.142,-0.866
-1.226,0.029
-1.511,1.496
-1.532,-0.952
-1.534,-0.89
-1.447,-0.61
-1.744,-0.905
-1.841,-1.574
-1.84,0.062
-2.014,1.489
-1.936,0.767
-2.092,1.235
-2.132,1.069
-2.152,-1.096
-2.169,-0.801
-2.105,0.309
-2.243,-1.208
-2.28,-1.407
-2.261,1.578
-2.302,1.17
-2.357,-1.14
-2.596,-0.429
-2.456,-0.94
-2.46,1.123
-2.494,-0.886
-2.501,-1.18
-2.644,0.315
-2.642,1.47
-2.596,-1.359
-2.836,-1.126
-2.747,-1.451
-2.92,0.6
-2.887,-0.057
-3.017,-0.482
-2.975,-0.406
-2.975,0.465
3.131,1.652
-3.053,-1.419
3.123,0.528
3.032,-0.803
2.963,1.428
2.863,-1.926
2.734,0.625
2.802,-1.371
2.73,-2.145
2.46,1.245
2.401,0.963
2.36,1.441
2.335,-0.494
2.2,1.357
2.117,0.881
2.068,-0.931
1.423,1.69
0.952,0.367
0.942,0.466
0.781,0.434
0.362,-2.121
0.376,-1.238
0.48,-0.738
0.371,0.078
0.186,0.001
0.112,0.248
0.076,-2.078
0.053,-2.059
0.031,-1.378
0.001,-1.626
-0.019,-1.397
0.05,-2.216
-0.134,-2.361
-0.156,-2.421
-0.553,-2.432
-1.364,-2.223
-1.49,-2.244
-1.685,-2.301
-2.285,-2.508
-2.907,-2.531
-2.921,-2.405
3.026,-2.575
3.087,-2.494
3.033,-2.452
2.866,-2.257
2.706,-2.595
2.172,-2.596
2.055,-2.417
1.575,-2.508
1.371,-2.3
0.528,-2.494
0.397,-2.278
0.545,-2.502
-1.765,1.767
-2.139,1.853
2.993,1.815
1.698,1.935
0.697,1.889
-0.325,-1.456
-0.723,-1.487
-1.917,0.25
-2.608,-0.331
-2.682,0.251
-2.695,-1.872
-2.909,-1.896
-1.465,-1.413
2.6,-1.192
0.726,0.732
0.46,1.29
0.42,1.165
-1.877,-1.446
-2.577,-0.721
-2.929,-0.138
-3.121,0.453
0.295,-0.139
0.05,-2.189
-1.059,-2.159
1.444,-2.19
-0.723,-2.592
-1.445,-2.679
-2.722,-2.741
1.085,-2.694
-0.132,-1.54
-0.093,-1.13
-0.105,-2.001
-0.125,-1.205
-0.239,-1.734
-0.247,-1.702
-0.271,-2.274
-0.498,-1.334
-0.529,-2.143
-0.562,-2.097
-0.569,0.443
-0.613,0.274
-0.541,1.288
-0.617,-1.813
-0.555,0.893
-0.715,-0.964
-0.716,1.069
-0.75,0.532
-0.784,-0.234
-0.872,-0.568
-0.893,1.241
-1.004,-1.272
-0.949,0.201
-1.094,0.443
-1.044,-0.417
-1.045,1.137
-1.106,0.68
-1.143,-1.671
-1.227,-0.842
-1.174,-0.28
-1.25,1.092
-1.259,-0.015
-1.342,-2.376
-1.286,-0.519
-1.313,-2.402
-1.321,0.164
-1.336,-0.641
-1.349,-0.697
-1.363,0.327
-1.497,-1.332
-1.658,-1.192
-1.693,0.281
-1.621,0.88
-1.637,0.295
-1.811,-1.004
-1.799,-1.222
-1.827,-2.422
-1.966,1.269
-2.021,-1.197
-2.03,0.42
-2.183,1.02
-2.266,-0.271
-2.252,-1.344
-2.363,0.868
-2.334,0.455
-2.501,-0.667
-2.539,0.008
-2.507,-0.247
-2.512,-0.015
-2.518,-1.455
-2.651,-1.695
-2.596,-2.268
-2.631,-0.865
-2.701,1.381
-2.8,-0.875
-2.767,-1.653
-2.824,0.146
-2.879,-0.652
-2.88,0.376
-2.939,-1.638
-3.008,0.357
-3.121,-1.759
-3.124,-0.404
3.129,-0.815
-3.095,-0.41
3.116,-0.048
3.113,-0.085
2.998,0.796
2.904,-1.475
2.976,-0.788
2.908,-0.102
2.861,-0.418
2.914,-1.071
2.88,-1.406
2.761,-0.982
2.767,-1.443
2.707,-1.843
2.696,-0.813
2.747,-0.854
2.649,-2.011
2.727,1.393
2.711,-1.517
2.697,0.139
2.606,1.186
2.556,-0.458
2.545,-2.234
2.526,-0.916
2.452,-0.022
2.397,-1.503
2.433,-0.783
2.37,-1.179
2.321,0.822
2.304,-2.356
2.297,-0.491
2.36,0.57
2.328,1.367
2.277,-2.044
2.171,-1.836
2.188,-2.099
2.13,1.229
2.048,-2.493
2.034,-0.633
2.002,0.258
1.986,-2.097
1.848,0.521
1.854,-0.162
1.828,-0.422
1.754,-0.734
1.575,-1.242
1.37,-1.683
1.36,-1.365
1.283,0.966
1.21,-0.45
1.187,-1.132
1.198,1.257
1.143,-1.719
1.153,0.055
1.111,0.383
0.991,-1.076
0.989,-0.093
0.986,-1.203
0.811,-2.339
0.725,-1.06
0.685,-1.296
0.649,-0.385
0.561,-1.433
0.565,-0.895
0.538,-1.338
0.458,-2.582
0.452,-0.481
0.366,0.856
0.427,-0.875
0.36,1.035
0.327,0.987
0.34,-2.443
0.258,-0.253
0.247,-0.984
0.228,-0.075
0.214,-0.86
0.257,0.435
0.171,-0.316
0.239,-1.328
0.159,-1.011
0.069,-1.144
0.105,0.684
0.028,-0.894
-0.421,-2.624
-0.684,-2.942
-0.769,-2.792
-1.001,-2.825
-1.787,-2.606
-2.19,-2.666
-2.547,-2.818
2.97,-2.629
2.882,-2.926
2.763,-3.003
2.656,-3.024
2.59,-2.906
2.169,-3.036
1.744,-2.877
1.402,-3.063
1.149,-2.677
0.59,-2.875
0.355,-2.877
-0.733,1.423
-0.847,1.532
-1.606,1.338
2.297,1.462
2.167,1.54
2.154,1.522
2.015,1.515
2.004,1.556
1.087,1.194
0.141,1.455
-0.129,-1.427
-0.627,-1.117
-1.339,-1.042
0.294,-0.798
0.18,-1.876
-1.831,-2.898
1.59,-2.98
-0.039,-0.054
0.007,-0.529
-0.168,1.282
-0.168,-1.381
-0.11,-1.6
-0.263,0.474
-0.424,-1.56
-0.502,-0.182
-0.384,-0.243
-0.55,-0.979
-0.703,-0.175
-0.867,-2.391
-0.828,-0.487
-0.931,-0.318
-1.072,0.792
-0.983,0.576
-1.12,-1.282
-1.204,-0.387
-1.489,1.08
-1.51,-1.368
-1.512,-1.306
-1.425,-1.026
-1.722,-1.321
-1.819,-1.99
-1.818,-0.354
-1.992,1.073
-1.914,0.351
-2.07,0.819
-2.11,0.653
-2.13,-1.512
-2.147,-1.217
-2.083,-0.107
-2.221,-1.624
-2.258,-1.823
-2.239,1.162
-2.28,0.754
-2.335,-1.556
-2.574,-0.845
-2.434,-1.356
-2.438,0.707
-2.472,-1.302
-2.479,-1.596
-2.622,-0.101
-2.62,1.054
-2.574,-1.775
-2.814,-1.542
-2.725,-1.867
-2.898,0.184
-2.865,-0.473
-2.995,-0.898
-2.953,-0.822
-2.953,0.049
-3.13,1.236
-3.031,-1.835
-3.138,0.112
3.054,-1.219
2.985,1.012
2.885,-2.342
2.756,0.209
2.824,-1.787
2.752,-2.561
2.482,0.829
2.423,0.547
2.382,1.025
2.357,-0.91
2.222,0.941
2.139,0.465
2.09,-1.347
1.445,1.274
0.974,-0.049
0.964,0.05
0.803,0.018
0.384,-2.537
0.398,-1.654
0.502,-1.154
0.393,-0.338
0.208,-0.415
0.134,-0.168
0.098,-2.494
0.075,-2.475
0.053,-1.794
0.023,-2.042
0.003,-1.813
0.072,-2.632
-0.112,-2.777
-0.134,-2.837
-0.531,-2.848
-1.342,-2.639
-1.468,-2.66
-1.663,-2.717
-2.263,-2.924
-2.885,-2.947
-2.899,-2.821
3.048,-2.991
3.109,-2.91
3.055,-2.868
2.888,-2.673
2.728,-3.011
2.194,-3.012
2.077,-2.833
1.597,-2.924
1.393,-2.716
0.55,-2.91
0.419,-2.694
0.567,-2.918
-1.743,1.351
-2.117,1.437
3.015,1.399
1.72,1.519
0.719,1.473
-0.303,-1.872
-0.701,-1.903
-1.895,-0.166
-2.586,-0.747
-2.66,-0.165
-2.673,-2.288
-2.887,-2.312
-1.443,-1.829
2.622,-1.608
0.748,0.316
0.482,0.874
0.442,0.749
-1.855,-1.862
-2.555,-1.137
-2.907,-0.554
-3.099,0.037
0.317,-0.555
0.072,-2.605
-1.037,-2.575
1.466,-2.606
-0.701,-3.008
-1.423,-3.095
-2.7,-3.157
1.107,-3.11
0.039,0.41
0.027,-0.461
0.007,0.335
-0.107,-0.194
-0.115,-0.162
-0.139,-0.734
-0.366,0.206
-0.397,-0.603
-0.43,-0.557
-0.437,1.983
-0.481,1.814
-0.409,2.828
-0.485,-0.273
-0.423,2.433
-0.583,0.576
-0.584,2.609
-0.618,2.072
-0.652,1.306
-0.74,0.972
-0.761,2.781
-0.872,0.268
-0.817,1.741
-0.962,1.983
-0.912,1.123
-0.913,2.677
-0.974,2.22
-1.011,-0.131
-1.095,0.698
-1.042,1.26
-1.118,2.632
-1.127,1.525
-1.21,-0.836
-1.154,1.021
-1.181,-0.862
-1.189,1.704
-1.204,0.899
-1.217,0.843
-1.231,1.867
-1.365,0.208
-1.526,0.348
-1.561,1.821
-1.489,2.42
-1.505,1.835
-1.679,0.536
-1.667,0.318
-1.695,-0.882
-1.834,2.809
-1.889,0.343
-1.898,1.96
-2.051,2.56
-2.134,1.269
-2.12,0.196
-2.231,2.408
-2.202,1.995
-2.369,0.873
-2.407,1.548
-2.375,1.293
-2.38,1.525
-2.386,0.085
-2.519,-0.155
-2.464,-0.728
-2.499,0.675
-2.569,2.921
-2.668,0.665
-2.635,-0.113
-2.692,1.686
-2.747,0.888
-2.748,1.916
-2.807,-0.098
-2.876,1.897
-2.989,-0.219
-2.992,1.136
-3.022,0.725
-2.963,1.13
-3.035,1.492
-3.038,1.455
3.13,2.336
3.036,0.065
3.108,0.752
3.04,1.438
2.993,1.122
3.046,0.469
3.012,0.134
2.893,0.558
2.899,0.097
2.839,-0.303
2.828,0.727
2.879,0.686
2.781,-0.471
2.859,2.933
2.843,0.023
2.829,1.679
2.738,2.726
2.688,1.082
2.677,-0.694
2.658,0.624
2.584,1.518
2.529,0.037
2.565,0.757
2.502,0.361
2.453,2.362
2.436,-0.816
2.429,1.049
2.492,2.11
2.46,2.907
2.409,-0.504
2.303,-0.296
2.32,-0.559
2.262,2.769
2.18,-0.953
2.166,0.907
2.134,1.798
2.118,-0.557
1.98,2.061
1.986,1.378
1.96,1.118
1.886,0.806
1.707,0.298
1.502,-0.143
1.492,0.175
1.415,2.506
1.342,1.09
1.319,0.408
1.33,2.797
1.275,-0.179
1.285,1.595
1.243,1.923
1.123,0.464
1.121,1.447
1.118,0.337
0.943,-0.799
0.857,0.48
0.817,0.244
0.781,1.155
0.693,0.107
0.697,0.645
0.67,0.202
0.59,-1.042
0.584,1.059
0.498,2.396
0.559,0.665
0.492,2.575
0.459,2.527
0.472,-0.903
0.39,1.287
0.379,0.556
0.36,1.465
0.346,0.68
0.389,1.975
0.303,1.224
0.371,0.212
0.291,0.529
0.201,0.396
0.237,2.224
0.16,0.646
-0.289,-1.084
-0.552,-1.402
-0.637,-1.252
-0.869,-1.285
-1.655,-1.066
-2.058,-1.126
-2.415,-1.278
3.102,-1.089
3.014,-1.386
2.895,-1.463
2.788,-1.484
2.722,-1.366
2.301,-1.496
1.876,-1.337
1.534,-1.523
1.281,-1.137
0.722,-1.335
0.487,-1.337
-0.601,2.963
-0.715,3.072
-1.474,2.878
2.429,3.002
2.299,3.08
2.286,3.062
2.147,3.055
2.136,3.096
1.219,2.734
0.273,2.995
0.003,0.113
-0.495,0.423
-1.207,0.498
0.426,0.742
0.312,-0.336
-1.699,-1.358
1.722,-1.44
0.093,1.486
0.139,1.011
-0.036,2.822
-0.036,0.159
0.022,-0.06
-0.131,2.014
-0.292,-0.02
-0.37,1.358
-0.252,1.297
-0.418,0.561
-0.571,1.365
-0.735,-0.851
-0.696,1.053
-0.799,1.222
-0.94,2.332
-0.851,2.116
-0.988,0.258
-1.072,1.153
-1.357,2.62
-1.378,0.172
-1.38,0.234
-1.293,0.514
-1.59,0.219
-1.687,-0.45
-1.686,1.186
-1.86,2.613
-1.782,1.891
-1.938,2.359
-1.978,2.193
-1.998,0.028
-2.015,0.323
-1.951,1.433
-2.089,-0.084
-2.126,-0.283
-2.107,2.702
-2.148,2.294
-2.203,-0.016
-2.442,0.695
-2.302,0.184
-2.306,2.247
-2.34,0.238
-2.347,-0.056
-2.49,1.439
-2.488,2.594
-2.442,-0.235
-2.682,-0.002
-2.593,-0.327
-2.766,1.724
-2.733,1.067
-2.863,0.642
-2.821,0.718
-2.821,1.589
-2.998,2.776
-2.899,-0.295
-3.006,1.652
-3.097,0.321
3.117,2.552
3.017,-0.802
2.888,1.749
2.956,-0.247
2.884,-1.021
2.614,2.369
2.555,2.087
2.514,2.565
2.489,0.63
2.354,2.481
2.271,2.005
2.222,0.193
1.577,2.814
1.106,1.491
1.096,1.59
0.935,1.558
0.516,-0.997
0.53,-0.114
0.634,0.386
0.525,1.202
0.34,1.125
0.266,1.372
0.23,-0.954
0.207,-0.935
0.185,-0.254
0.155,-0.502
0.135,-0.273
0.204,-1.092
0.02,-1.237
-0.002,-1.297
-0.399,-1.308
-1.21,-1.099
-1.336,-1.12
-1.531,-1.177
-2.131,-1.384
-2.753,-1.407
-2.767,-1.281
-3.103,-1.451
-3.042,-1.37
-3.096,-1.328
3.02,-1.133
2.86,-1.471
2.326,-1.472
2.209,-1.293
1.729,-1.384
1.525,-1.176
0.682,-1.37
0.551,-1.154
0.699,-1.378
-1.611,2.891
-1.985,2.977
-3.136,2.939
1.852,3.059
0.851,3.013
-0.171,-0.332
-0.569,-0.363
-1.763,1.374
-2.454,0.793
-2.528,1.375
-2.541,-0.748
-2.755,-0.772
-1.311,-0.289
2.754,-0.068
0.88,1.856
0.614,2.414
0.574,2.289
-1.723,-0.322
-2.423,0.403
-2.775,0.986
-2.967,1.577
0.449,0.985
0.204,-1.065
-0.905,-1.035
1.598,-1.066
-0.569,-1.468
-1.291,-1.555
-2.568,-1.617
1.239,-1.57
-0.012,-0.871
-0.032,-0.075
-0.146,-0.604
-0.154,-0.572
-0.178,-1.144
-0.405,-0.204
-0.436,-1.013
-0.469,-0.967
-0.476,1.573
-0.52,1.404
-0.448,2.418
-0.524,-0.683
-0.462,2.023
-0.622,0.166
-0.623,2.199
-0.657,1.662
-0.691,0.896
-0.779,0.562
-0.8,2.371
-0.911,-0.142
-0.856,1.331
-1.001,1.573
-0.951,0.713
-0.952,2.267
-1.013,1.81
-1.05,-0.541
-1.134,0.288
-1.081,0.85
-1.157,2.222
-1.166,1.115
-1.249,-1.246
-1.193,0.611
-1.22,-1.272
-1.228,1.294
-1.243,0.489
-1.256,0.433
-1.27,1.457
-1.404,-0.202
-1.565,-0.062
-1.6,1.411
-1.528,2.01
-1.544,1.425
-1.718,0.126
-1.706,-0.092
-1.734,-1.292
-1.873,2.399
-1.928,-0.067
-1.937,1.55
-2.09,2.15
-2.173,0.859
-2.159,-0.214
-2.27,1.998
-2.241,1.585
-2.408,0.463
-2.446,1.138
-2.414,0.883
-2.419,1.115
-2.425,-0.325
-2.558,-0.565
-2.503,-1.138
-2.538,0.265
-2.608,2.511
-2.707,0.255
-2.674,-0.523
-2.731,1.276
-2.786,0.478
-2.787,1.506
-2.846,-0.508
-2.915,1.487
-3.028,-0.629
-3.031,0.726
-3.061,0.315
-3.002,0.72
-3.074,1.082
-3.077,1.045
3.091,1.926
2.997,-0.345
3.069,0.342
3.001,1.028
2.954,0.712
3.007,0.059
2.973,-0.276
2.854,0.148
2.86,-0.313
2.8,-0.713
2.789,0.317
2.84,0.276
2.742,-0.881
2.82,2.523
2.804,-0.387
2.79,1.269
2.699,2.316
2.649,0.672
2.638,-1.104
2.619,0.214
2.545,1.108
2.49,-0.373
2.526,0.347
2.463,-0.049
2.414,1.952
2.397,-1.226
2.39,0.639
2.453,1.7
2.421,2.497
2.37,-0.914
2.264,-0.706
2.281,-0.969
2.223,2.359
2.141,-1.363
2.127,0.497
2.095,1.388
2.079,-0.967
1.941,1.651
1.947,0.968
1.921,0.708
1.847,0.396
1.668,-0.112
1.463,-0.553
1.453,-0.235
1.376,2.096
1.303,0.68
1.28,-0.002
1.291,2.387
1.236,-0.589
1.246,1.185
1.204,1.513
1.084,0.054
1.082,1.037
1.079,-0.073
0.904,-1.209
0.818,0.07
0.778,-0.166
0.742,0.745
0.654,-0.303
0.658,0.235
0.631,-0.208
0.551,-1.452
0.545,0.649
0.459,1.986
0.52,0.255
0.453,2.165
0.42,2.117
0.433,-1.313
0.351,0.877
0.34,0.146
0.321,1.055
0.307,0.27
0.35,1.565
0.264,0.814
0.332,-0.198
0.252,0.119
0.162,-0.014
0.198,1.814
0.121,0.236
-0.328,-1.494
-0.591,-1.812
-0.676,-1.662
-0.908,-1.695
-1.694,-1.476
-2.097,-1.536
-2.454,-1.688
3.063,-1.499
2.975,-1.796
2.856,-1.873
2.749,-1.894
2.683,-1.776
2.262,-1.906
1.837,-1.747
1.495,-1.933
1.242,-1.547
0.683,-1.745
0.448,-1.747
-0.64,2.553
-0.754,2.662
-1.513,2.468
2.39,2.592
2.26,2.67
2.247,2.652
2.108,2.645
2.097,2.686
1.18,2.324
0.234,2.585
-0.036,-0.297
-0.534,0.013
-1.246,0.088
0.387,0.332
0.273,-0.746
-1.738,-1.768
1.683,-1.85
0.054,1.076
0.1,0.601
-0.075,2.412
-0.075,-0.251
-0.017,-0.47
-0.17,1.604
-0.331,-0.43
-0.409,0.948
-0.291,0.887
-0.457,0.151
-0.61,0.955
-0.774,-1.261
-0.735,0.643
-0.838,0.812
-0.979,1.922
-0.89,1.706
-1.027,-0.152
-1.111,0.743
-1.396,2.21
-1.417,-0.238
-1.419,-0.176
-1.332,0.104
-1.629,-0.191
-1.726,-0.86
-1.725,0.776
-1.899,2.203
-1.821,1.481
-1.977,1.949
-2.017,1.783
-2.037,-0.382
-2.054,-0.087
-1.99,1.023
-2.128,-0.494
-2.165,-0.693
-2.146,2.292
-2.187,1.884
-2.242,-0.426
-2.481,0.285
-2.341,-0.226
-2.345,1.837
-2.379,-0.172
-2.386,-0.466
-2.529,1.029
-2.527,2.184
-2.481,-0.645
-2.721,-0.412
-2.632,-0.737
-2.805,1.314
-2.772,0.657
-2.902,0.232
-2.86,0.308
-2.86,1.179
-3.037,2.366
-2.938,-0.705
-3.045,1.242
-3.136,-0.089
3.078,2.142
2.978,-1.212
2.849,1.339
2.917,-0.657
2.845,-1.431
2.575,1.959
2.516,1.677
2.475,2.155
2.45,0.22
2.315,2.071
2.232,1.595
2.183,-0.217
1.538,2.404
1.067,1.081
1.057,1.18
0.896,1.148
0.477,-1.407
0.491,-0.524
0.595,-0.024
0.486,0.792
0.301,0.715
0.227,0.962
0.191,-1.364
0.168,-1.345
0.146,-0.664
0.116,-0.912
0.096,-0.683
0.165,-1.502
-0.019,-1.647
-0.041,-1.707
-0.438,-1.718
-1.249,-1.509
-1.375,-1.53
-1.57,-1.587
-2.17,-1.794
-2.792,-1.817
-2.806,-1.691
3.141,-1.861
-3.081,-1.78
-3.135,-1.738
2.981,-1.543
2.821,-1.881
2.287,-1.882
2.17,-1.703
1.69,-1.794
1.486,-1.586
0.643,-1.78
0.512,-1.564
0.66,-1.788
-1.65,2.481
-2.024,2.567
3.108,2.529
1.813,2.649
0.812,2.603
-0.21,-0.742
-0.608,-0.773
-1.802,0.964
-2.493,0.383
-2.567,0.965
-2.58,-1.158
-2.794,-1.182
-1.35,-0.699
2.715,-0.478
0.841,1.446
0.575,2.004
0.535,1.879
-1.762,-0.732
-2.462,-0.007
-2.814,0.576
-3.006,1.167
0.41,0.575
0.165,-1.475
-0.944,-1.445
1.559,-1.476
-0.608,-1.878
-1.33,-1.965
-2.607,-2.027
1.2,-1.98
-0.02,0.796
-0.134,0.267
-0.142,0.299
-0.166,-0.273
-0.393,0.667
-0.424,-0.142
-0.457,-0.096
-0.464,2.444
-0.508,2.275
-0.436,3.289
-0.512,0.188
-0.45,2.894
-0.61,1.037
-0.611,3.07
-0.645,2.533
-0.679,1.767
-0.767,1.433
-0.788,3.242
-0.899,0.729
-0.844,2.202
-0.989,2.444
-0.939,1.584
-0.94,3.138
-1.001,2.681
-1.038,0.33
-1.122,1.159
-1.069,1.721
-1.145,3.093
-1.154,1.986
-1.237,-0.375
-1.181,1.482
-1.208,-0.401
-1.216,2.165
-1.231,1.36
-1.244,1.304
-1.258,2.328
-1.392,0.669
-1.553,0.809
-1.588,2.282
-1.516,2.881
-1.532,2.296
-1.706,0.997
-1.694,0.779
-1.722,-0.421
-1.861,3.27
-1.916,0.804
-1.925,2.421
-2.078,3.021
-2.161,1.73
-2.147,0.657
-2.258,2.869
-2.229,2.456
-2.396,1.334
-2.434,2.009
-2.402,1.754
-2.407,1.986
-2.413,0.546
-2.546,0.306
-2.491,-0.267
-2.526,1.136
-2.596,3.382
-2.695,1.126
-2.662,0.348
-2.719,2.147
-2.774,1.349
-2.775,2.377
-2.834,0.363
-2.903,2.358
-3.016,0.242
-3.019,1.597
-3.049,1.186
-2.99,1.591
-3.062,1.953
-3.065,1.916
3.103,2.797
3.009,0.526
3.081,1.213
3.013,1.899
2.966,1.583
3.019,0.93
2.985,0.595
2.866,1.019
2.872,0.558
2.812,0.158
2.801,1.188
2.852,1.147
2.754,-0.01
2.832,3.394
2.816,0.484
2.802,2.14
2.711,3.187
2.661,1.543
2.65,-0.233
2.631,1.085
2.557,1.979
2.502,0.498
2.538,1.218
2.475,0.822
2.426,2.823
2.409,-0.355
2.402,1.51
2.465,2.571
2.433,3.368
2.382,-0.043
2.276,0.165
2.293,-0.098
2.235,3.23
2.153,-0.492
2.139,1.368
2.107,2.259
2.091,-0.096
1.953,2.522
1.959,1.839
1.933,1.579
1.859,1.267
1.68,0.759
1.475,0.318
1.465,0.636
1.388,2.967
1.315,1.551
1.292,0.869
1.303,3.258
1.248,0.282
1.258,2.056
1.216,2.384
1.096,0.925
1.094,1.908
1.091,0.798
0.916,-0.338
0.83,0.941
0.79,0.705
0.754,1.616
0.666,0.568
0.67,1.106
0.643,0.663
0.563,-0.581
0.557,1.52
0.471,2.857
0.532,1.126
0.465,3.036
0.432,2.988
0.445,-0.442
0.363,1.748
0.352,1.017
0.333,1.926
0.319,1.141
0.362,2.436
0.276,1.685
0.344,0.673
0.264,0.99
0.174,0.857
0.21,2.685
0.133,1.107
-0.316,-0.623
-0.579,-0.941
-0.664,-0.791
-0.896,-0.824
-1.682,-0.605
-2.085,-0.665
-2.442,-0.817
3.075,-0.628
2.987,-0.925
2.868,-1.002
2.761,-1.023
2.695,-0.905
2.274,-1.035
1.849,-0.876
1.507,-1.062
1.254,-0.676
0.695,-0.874
0.46,-0.876
-0.628,3.424
-0.742,3.533
-1.501,3.339
2.402,3.463
2.272,3.541
2.259,3.523
2.12,3.516
2.109,3.557
1.192,3.195
0.246,3.456
-0.024,0.574
-0.522,0.884
-1.234,0.959
0.399,1.203
0.285,0.125
-1.726,-0.897
1.695,-0.979
0.066,1.947
0.112,1.472
-0.063,3.283
-0.063,0.62
-0.005,0.401
-0.158,2.475
-0.319,0.441
-0.397,1.819
-0.279,1.758
-0.445,1.022
-0.598,1.826
-0.762,-0.39
-0.723,1.514
-0.826,1.683
-0.967,2.793
-0.878,2.577
-1.015,0.719
-1.099,1.614
-1.384,3.081
-1.405,0.633
-1.407,0.695
-1.32,0.975
-1.617,0.68
-1.714,0.011
-1.713,1.647
-1.887,3.074
-1.809,2.352
-1.965,2.82
-2.005,2.654
-2.025,0.489
-2.042,0.784
-1.978,1.894
-2.116,0.377
-2.153,0.178
-2.134,3.163
-2.175,2.755
-2.23,0.445
-2.469,1.156
-2.329,0.645
-2.333,2.708
-2.367,0.699
-2.374,0.405
-2.517,1.9
-2.515,3.055
-2.469,0.226
-2.709,0.459
-2.62,0.134
-2.793,2.185
-2.76,1.528
-2.89,1.103
-2.848,1.179
-2.848,2.05
-3.025,3.237
-2.926,0.166
-3.033,2.113
-3.124,0.782
3.09,3.013
2.99,-0.341
2.861,2.21
2.929,0.214
2.857,-0.56
2.587,2.83
2.528,2.548
2.487,3.026
2.462,1.091
2.327,2.942
2.244,2.466
2.195,0.654
1.55,3.275
1.079,1.952
1.069,2.051
0.908,2.019
0.489,-0.536
0.503,0.347
0.607,0.847
0.498,1.663
0.313,1.586
0.239,1.833
0.203,-0.493
0.18,-0.474
0.158,0.207
0.128,-0.041
0.108,0.188
0.177,-0.631
-0.007,-0.776
-0.029,-0.836
-0.426,-0.847
-1.237,-0.638
-1.363,-0.659
-1.558,-0.716
-2.158,-0.923
-2.78,-0.946
-2.794,-0.82
-3.13,-0.99
-3.069,-0.909
-3.123,-0.867
2.993,-0.672
2.833,-1.01
2.299,-1.011
2.182,-0.832
1.702,-0.923
1.498,-0.715
0.655,-0.909
0.524,-0.693
0.672,-0.917
-1.638,3.352
-2.012,3.438
3.12,3.4
1.825,3.52
0.824,3.474
-0.198,0.129
-0.596,0.098
-1.79,1.835
-2.481,1.254
-2.555,1.836
-2.568,-0.287
-2.782,-0.311
-1.338,0.172
2.727,0.393
0.853,2.317
0.587,2.875
0.547,2.75
-1.75,0.139
-2.45,0.864
-2.802,1.447
-2.994,2.038
0.422,1.446
0.177,-0.604
-0.932,-0.574
1.571,-0.605
-0.596,-1.007
-1.318,-1.094
-2.595,-1.156
1.212,-1.109
-0.114,-0.529
-0.122,-0.497
-0.146,-1.069
-0.373,-0.129
-0.404,-0.938
-0.437,-0.892
-0.444,1.648
-0.488,1.479
-0.416,2.493
-0.492,-0.608
-0.43,2.098
-0.59,0.241
-0.591,2.274
-0.625,1.737
-0.659,0.971
-0.747,0.637
-0.768,2.446
-0.879,-0.067
-0.824,1.406
-0.969,1.648
-0.919,0.788
-0.92,2.342
-0.981,1.885
-1.018,-0.466
-1.102,0.363
-1.049,0.925
-1.125,2.297
-1.134,1.19
-1.217,-1.171
-1.161,0.686
-1.188,-1.197
-1.196,1.369
-1.211,0.564
-1.224,0.508
-1.238,1.532
-1.372,-0.127
-1.533,0.013
-1.568,1.486
-1.496,2.085
-1.512,1.5
-1.686,0.201
-1.674,-0.017
-1.702,-1.217
-1.841,2.474
-1.896,0.008
-1.905,1.625
-2.058,2.225
-2.141,0.934
-2.127,-0.139
-2.238,2.073
-2.209,1.66
-2.376,0.538
-2.414,1.213
-2.382,0.958
-2.387,1.19
-2.393,-0.25
-2.526,-0.49
-2.471,-1.063
-2.506,0.34
-2.576,2.586
-2.675,0.33
-2.642,-0.448
-2.699,1.351
-2.754,0.553
-2.755,1.581
-2.814,-0.433
-2.883,1.562
-2.996,-0.554
-2.999,0.801
-3.029,0.39
-2.97,0.795
-3.042,1.157
-3.045,1.12
3.123,2.001
3.029,-0.27
3.101,0.417
3.033,1.103
2.986,0.787
3.039,0.134
3.005,-0.201
2.886,0.223
2.892,-0.238
2.832,-0.638
2.821,0.392
2.872,0.351
2.774,-0.806
2.852,2.598
2.836,-0.312
2.822,1.344
2.731,2.391
2.681,0.747
2.67,-1.029
2.651,0.289
2.577,1.183
2.522,-0.298
2.558,0.422
2.495,0.026
2.446,2.027
2.429,-1.151
2.422,0.714
2.485,1.775
2.453,2.572
2.402,-0.839
2.296,-0.631
2.313,-0.894
2.255,2.434
2.173,-1.288
2.159,0.572
2.127,1.463
2.111,-0.892
1.973,1.726
1.979,1.043
1.953,0.783
1.879,0.471
1.7,-0.037
1.495,-0.478
1.485,-0.16
1.408,2.171
1.335,0.755
1.312,0.073
1.323,2.462
1.268,-0.514
1.278,1.26
1.236,1.588
1.116,0.129
1.114,1.112
1.111,0.002
0.936,-1.134
0.85,0.145
0.81,-0.091
0.774,0.82
0.686,-0.228
0.69,0.31
0.663,-0.133
0.583,-1.377
0.577,0.724
0.491,2.061
0.552,0.33
0.485,2.24
0.452,2.192
0.465,-1.238
0.383,0.952
0.372,0.221
0.353,1.13
0.339,0.345
0.382,1.64
0.296,0.889
0.364,-0.123
0.284,0.194
0.194,0.061
0.23,1.889
0.153,0.311
-0.296,-1.419
-0.559,-1.737
-0.644,-1.587
-0.876,-1.62
-1.662,-1.401
-2.065,-1.461
-2.422,-1.613
3.095,-1.424
3.007,-1.721
2.888,-1.798
2.781,-1.819
2.715,-1.701
2.294,-1.831
1.869,-1.672
1.527,-1.858
1.274,-1.472
0.715,-1.67
0.48,-1.672
-0.608,2.628
-0.722,2.737
-1.481,2.543
2.422,2.667
2.292,2.745
2.279,2.727
2.14,2.72
2.129,2.761
1.212,2.399
0.266,2.66
-0.004,-0.222
-0.502,0.088
-1.214,0.163
0.419,0.407
0.305,-0.671
-1.706,-1.693
1.715,-1.775
0.086,1.151
0.132,0.676
-0.043,2.487
-0.043,-0.176
0.015,-0.395
-0.138,1.679
-0.299,-0.355
-0.377,1.023
-0.259,0.962
-0.425,0.226
-0.578,1.03
-0.742,-1.186
-0.703,0.718
-0.806,0.887
-0.947,1.997
-0.858,1.781
-0.995,-0.077
-1.079,0.818
-1.364,2.285
-1.385,-0.163
-1.387,-0.101
-1.3,0.179
-1.597,-0.116
-1.694,-0.785
-1.693,0.851
-1.867,2.278
-1.789,1.556
-1.945,2.024
-1.985,1.858
-2.005,-0.307
-2.022,-0.012
-1.958,1.098
-2.096,-0.419
-2.133,-0.618
-2.114,2.367
-2.155,1.959
-2.21,-0.351
-2.449,0.36
-2.309,-0.151
-2.313,1.912
-2.347,-0.097
-2.354,-0.391
-2.497,1.104
-2.495,2.259
-2.449,-0.57
-2.689,-0.337
-2.6,-0.662
-2.773,1.389
-2.74,0.732
-2.87,0.307
-2.828,0.383
-2.828,1.254
-3.005,2.441
-2.906,-0.63
-3.013,1.317
-3.104,-0.014
3.11,2.217
3.01,-1.137
2.881,1.414
2.949,-0.582
2.877,-1.356
2.607,2.034
2.548,1.752
2.507,2.23
2.482,0.295
2.347,2.146
2.264,1.67
2.215,-0.142
1.57,2.479
1.099,1.156
1.089,1.255
0.928,1.223
0.509,-1.332
0.523,-0.449
0.627,0.051
0.518,0.867
0.333,0.79
0.259,1.037
0.223,-1.289
0.2,-1.27
0.178,-0.589
0.148,-0.837
0.128,-0.608
0.197,-1.427
0.013,-1.572
-0.009,-1.632
-0.406,-1.643
-1.217,-1.434
-1.343,-1.455
-1.538,-1.512
-2.138,-1.719
-2.76,-1.742
-2.774,-1.616
-3.11,-1.786
-3.049,-1.705
-3.103,-1.663
3.013,-1.468
2.853,-1.806
2.319,-1.807
2.202,-1.628
1.722,-1.719
1.518,-1.511
0.675,-1.705
0.544,-1.489
0.692,-1.713
-1.618,2.556
-1.992,2.642
3.14,2.604
1.845,2.724
0.844,2.678
-0.178,-0.667
-0.576,-0.698
-1.77,1.039
-2.461,0.458
-2.535,1.04
-2.548,-1.083
-2.762,-1.107
-1.318,-0.624
2.747,-0.403
0.873,1.521
0.607,2.079
0.567,1.954
-1.73,-0.657
-2.43,0.068
-2.782,0.651
-2.974,1.242
0.442,0.65
0.197,-1.4
-0.912,-1.37
1.591,-1.401
-0.576,-1.803
-1.298,-1.89
-2.575,-1.952
1.232,-1.905
-0.008,0.032
-0.032,-0.54
-0.259,0.4
-0.29,-0.409
-0.323,-0.363
-0.33,2.177
-0.374,2.008
-0.302,3.022
-0.378,-0.079
-0.316,2.627
-0.476,0.77
-0.477,2.803
-0.511,2.266
-0.545,1.5
-0.633,1.166
-0.654,2.975
-0.765,0.462
-0.71,1.935
-0.855,2.177
-0.805,1.317
-0.806,2.871
-0.867,2.414
-0.904,0.063
-0.988,0.892
-0.935,1.454
-1.011,2.826
-1.02,1.719
-1.103,-0.642
-1.047,1.215
-1.074,-0.668
-1.082,1.898
-1.097,1.093
-1.11,1.037
-1.124,2.061
-1.258,0.402
-1.419,0.542
-1.454,2.015
-1.382,2.614
-1.398,2.029
-1.572,0.73
-1.56,0.512
-1.588,-0.688
-1.727,3.003
-1.782,0.537
-1.791,2.154
-1.944,2.754
-2.027,1.463
-2.013,0.39
-2.124,2.602
-2.095,2.189
-2.262,1.067
-2.3,1.742
-2.268,1.487
-2.273,1.719
-2.279,0.279
-2.412,0.039
-2.357,-0.534
-2.392,0.869
-2.462,3.115
-2.561,0.859
-2.528,0.081
-2.585,1.88
-2.64,1.082
-2.641,2.11
-2.7,0.096
-2.769,2.091
-2.882,-0.025
-2.885,1.33
-2.915,0.919
-2.856,1.324
-2.928,1.686
-2.931,1.649
-3.046,2.53
-3.14,0.259
-3.068,0.946
-3.136,1.632
3.1,1.316
-3.13,0.663
3.119,0.328
3.0,0.752
3.006,0.291
2.946,-0.109
2.935,0.921
2.986,0.88
2.888,-0.277
2.966,3.127
2.95,0.217
2.936,1.873
2.845,2.92
2.795,1.276
2.784,-0.5
2.765,0.818
2.691,1.712
2.636,0.231
2.672,0.951
2.609,0.555
2.56,2.556
2.543,-0.622
2.536,1.243
2.599,2.304
2.567,3.101
2.516,-0.31
2.41,-0.102
2.427,-0.365
2.369,2.963
2.287,-0.759
2.273,1.101
2.241,1.992
2.225,-0.363
2.087,2.255
2.093,1.572
2.067,1.312
1.993,1.0
1.814,0.492
1.609,0.051
1.599,0.369
1.522,2.7
1.449,1.284
1.426,0.602
1.437,2.991
1.382,0.015
1.392,1.789
1.35,2.117
1.23,0.658
1.228,1.641
1.225,0.531
1.05,-0.605
0.964,0.674
0.924,0.438
0.888,1.349
0.8,0.301
0.804,0.839
0.777,0.396
0.697,-0.848
0.691,1.253
0.605,2.59
0.666,0.859
0.599,2.769
0.566,2.721
0.579,-0.709
0.497,1.481
0.486,0.75
0.467,1.659
0.453,0.874
0.496,2.169
0.41,1.418
0.478,0.406
0.398,0.723
0.308,0.59
0.344,2.418
0.267,0.84
-0.182,-0.89
-0.445,-1.208
-0.53,-1.058
-0.762,-1.091
-1.548,-0.872
-1.951,-0.932
-2.308,-1.084
-3.074,-0.895
3.121,-1.192
3.002,-1.269
2.895,-1.29
2.829,-1.172
2.408,-1.302
1.983,-1.143
1.641,-1.329
1.388,-0.943
0.829,-1.141
0.594,-1.143
-0.494,3.157
-0.608,3.266
-1.367,3.072
2.536,3.196
2.406,3.274
2.393,3.256
2.254,3.249
2.243,3.29
1.326,2.928
0.38,3.189
0.11,0.307
-0.388,0.617
-1.1,0.692
0.533,0.936
0.419,-0.142
-1.592,-1.164
1.829,-1.246
0.2,1.68
0.246,1.205
0.071,3.016
0.071,0.353
0.129,0.134
-0.024,2.208
-0.185,0.174
-0.263,1.552
-0.145,1.491
-0.311,0.755
-0.464,1.559
-0.628,-0.657
-0.589,1.247
-0.692,1.416
-0.833,2.526
-0.744,2.31
-0.881,0.452
-0.965,1.347
-1.25,2.814
-1.271,0.366
-1.273,0.428
-1.186,0.708
-1.483,0.413
-1.58,-0.256
-1.579,1.38
-1.753,2.807
-1.675,2.085
-1.831,2.553
-1.871,2.387
-1.891,0.222
-1.908,0.517
-1.844,1.627
-1.982,0.11
-2.019,-0.089
-2.0,2.896
-2.041,2.488
-2.096,0.178
-2.335,0.889
-2.195,0.378
-2.199,2.441
-2.233,0.432
-2.24,0.138
-2.383,1.633
-2.381,2.788
-2.335,-0.041
-2.575,0.192
-2.486,-0.133
-2.659,1.918
-2.626,1.261
-2.756,0.836
-2.714,0.912
-2.714,1.783
-2.891,2.97
-2.792,-0.101
-2.899,1.846
-2.99,0.515
-3.059,2.746
3.124,-0.608
2.995,1.943
3.063,-0.053
2.991,-0.827
2.721,2.563
2.662,2.281
2.621,2.759
2.596,0.824
2.461,2.675
2.378,2.199
2.329,0.387
1.684,3.008
1.213,1.685
1.203,1.784
1.042,1.752
0.623,-0.803
0.637,0.08
0.741,0.58
0.632,1.396
0.447,1.319
0.373,1.566
0.337,-0.76
0.314,-0.741
0.292,-0.06
0.262,-0.308
0.242,-0.079
0.311,-0.898
0.127,-1.043
0.105,-1.103
-0.292,-1.114
-1.103,-0.905
-1.229,-0.926
-1.424,-0.983
-2.024,-1.19
-2.646,-1.213
-2.66,-1.087
-2.996,-1.257
-2.935,-1.176
-2.989,-1.134
3.127,-0.939
2.967,-1.277
2.433,-1.278
2.316,-1.099
1.836,-1.19
1.632,-0.982
0.789,-1.176
0.658,-0.96
0.806,-1.184
-1.504,3.085
-1.878,3.171
-3.029,3.133
1.959,3.253
0.958,3.207
-0.064,-0.138
-0.462,-0.169
-1.656,1.568
-2.347,0.987
-2.421,1.569
-2.434,-0.554
-2.648,-0.578
-1.204,-0.095
2.861,0.126
0.987,2.05
0.721,2.608
0.681,2.483
-1.616,-0.128
-2.316,0.597
-2.668,1.18
-2.86,1.771
0.556,1.179
0.311,-0.871
-0.798,-0.841
1.705,-0.872
-0.462,-1.274
-1.184,-1.361
-2.461,-1.423
1.346,-1.376
-0.024,-0.572
-0.251,0.368
-0.282,-0.441
-0.315,-0.395
-0.322,2.145
-0.366,1.976
-0.294,2.99
-0.37,-0.111
-0.308,2.595
-0.468,0.738
-0.469,2.771
-0.503,2.234
-0.537,1.468
-0.625,1.134
-0.646,2.943
-0.757,0.43
-0.702,1.903
-0.847,2.145
-0.797,1.285
-0.798,2.839
-0.859,2.382
-0.896,0.031
-0.98,0.86
-0.927,1.422
-1.003,2.794
-1.012,1.687
-1.095,-0.674
-1.039,1.183
-1.066,-0.7
-1.074,1.866
-1.089,1.061
-1.102,1.005
-1.116,2.029
-1.25,0.37
-1.411,0.51
-1.446,1.983
-1.374,2.582
-1.39,1.997
-1.564,0.698
-1.552,0.48
-1.58,-0.72
-1.719,2.971
-1.774,0.505
-1.783,2.122
-1.936,2.722
-2.019,1.431
-2.005,0.358
-2.116,2.57
-2.087,2.157
-2.254,1.035
-2.292,1.71
-2.26,1.455
-2.265,1.687
-2.271,0.247
-2.404,0.007
-2.349,-0.566
-2.384,0.837
-2.454,3.083
-2.553,0.827
-2.52,0.049
-2.577,1.848
-2.632,1.05
-2.633,2.078
-2.692,0.064
-2.761,2.059
-2.874,-0.057
-2.877,1.298
-2.907,0.887
-2.848,1.292
-2.92,1.654
-2.923,1.617
-3.038,2.498
-3.132,0.227
-3.06,0.914
-3.128,1.6
3.108,1.284
-3.122,0.631
3.127,0.296
3.008,0.72
3.014,0.259
2.954,-0.141
2.943,0.889
2.994,0.848
2.896,-0.309
2.974,3.095
2.958,0.185
2.944,1.841
2.853,2.888
2.803,1.244
2.792,-0.532
2.773,0.786
2.699,1.68
2.644,0.199
2.68,0.919
2.617,0.523
2.568,2.524
2.551,-0.654
2.544,1.211
2.607,2.272
2.575,3.069
2.524,-0.342
2.418,-0.134
2.435,-0.397
2.377,2.931
2.295,-0.791
2.281,1.069
2.249,1.96
2.233,-0.395
2.095,2.223
2.101,1.54
2.075,1.28
2.001,0.968
1.822,0.46
1.617,0.019
1.607,0.337
1.53,2.668
1.457,1.252
1.434,0.57
1.445,2.959
1.39,-0.017
1.4,1.757
1.358,2.085
1.238,0.626
1.236,1.609
1.233,0.499
1.058,-0.637
0.972,0.642
0.932,0.406
0.896,1.317
0.808,0.269
0.812,0.807
0.785,0.364
0.705,-0.88
0.699,1.221
0.613,2.558
0.674,0.827
0.607,2.737
0.574,2.689
0.587,-0.741
0.505,1.449
0.494,0.718
0.475,1.627
0.461,0.842
0.504,2.137
0.418,1.386
0.486,0.374
0.406,0.691
0.316,0.558
0.352,2.386
0.275,0.808
-0.174,-0.922
-0.437,-1.24
-0.522,-1.09
-0.754,-1.123
-1.54,-0.904
-1.943,-0.964
-2.3,-1.116
-3.066,-0.927
3.129,-1.224
3.01,-1.301
2.903,-1.322
2.837,-1.204
2.416,-1.334
1.991,-1.175
1.649,-1.361
1.396,-0.975
0.837,-1.173
0.602,-1.175
-0.486,3.125
-0.6,3.234
-1.359,3.04
2.544,3.164
2.414,3.242
2.401,3.224
2.262,3.217
2.251,3.258
1.334,2.896
0.388,3.157
0.118,0.275
-0.38,0.585
-1.092,0.66
0.541,0.904
0.427,-0.174
-1.584,-1.196
1.837,-1.278
0.208,1.648
0.254,1.173
0.079,2.984
0.079,0.321
0.137,0.102
-0.016,2.176
-0.177,0.142
-0.255,1.52
-0.137,1.459
-0.303,0.723
-0.456,1.527
-0.62,-0.689
-0.581,1.215
-0.684,1.384
-0.825,2.494
-0.736,2.278
-0.873,0.42
-0.957,1.315
-1.242,2.782
-1.263,0.334
-1.265,0.396
-1.178,0.676
-1.475,0.381
-1.572,-0.288
-1.571,1.348
-1.745,2.775
-1.667,2.053
-1.823,2.521
-1.863,2.355
-1.883,0.19
-1.9,0.485
-1.836,1.595
-1.974,0.078
-2.011,-0.121
-1.992,2.864
-2.033,2.456
-2.088,0.146
-2.327,0.857
-2.187,0.346
-2.191,2.409
-2.225,0.4
-2.232,0.106
-2.375,1.601
-2.373,2.756
-2.327,-0.073
-2.567,0.16
-2.478,-0.165
-2.651,1.886
-2.618,1.229
-2.748,0.804
-2.706,0.88
-2.706,1.751
-2.883,2.938
-2.784,-0.133
-2.891,1.814
-2.982,0.483
-3.051,2.714
3.132,-0.64
3.003,1.911
3.071,-0.085
2.999,-0.859
2.729,2.531
2.67,2.249
2.629,2.727
2.604,0.792
2.469,2.643
2.386,2.167
2.337,0.355
1.692,2.976
1.221,1.653
1.211,1.752
1.05,1.72
0.631,-0.835
0.645,0.048
0.749,0.548
0.64,1.364
0.455,1.287
0.381,1.534
0.345,-0.792
0.322,-0.773
0.3,-0.092
0.27,-0.34
0.25,-0.111
0.319,-0.93
0.135,-1.075
0.113,-1.135
-0.284,-1.146
-1.095,-0.937
-1.221,-0.958
-1.416,-1.015
-2.016,-1.222
-2.638,-1.245
-2.652,-1.119
-2.988,-1.289
-2.927,-1.208
-2.981,-1.166
3.135,-0.971
2.975,-1.309
2.441,-1.31
2.324,-1.131
1.844,-1.222
1.64,-1.014
0.797,-1.208
0.666,-0.992
0.814,-1.216
-1.496,3.053
-1.87,3.139
-3.021,3.101
1.967,3.221
0.966,3.175
-0.056,-0.17
-0.454,-0.201
-1.648,1.536
-2.339,0.955
-2.413,1.537
-2.426,-0.586
-2.64,-0.61
-1.196,-0.127
2.869,0.094
0.995,2.018
0.729,2.576
0.689,2.451
-1.608,-0.16
-2.308,0.565
-2.66,1.148
-2.852,1.739
0.564,1.147
0.319,-0.903
-0.79,-0.873
1.713,-0.904
-0.454,-1.306
-1.176,-1.393
-2.453,-1.455
1.354,-1.408
-0.227,0.94
-0.258,0.131
-0.291,0.177
-0.298,2.717
-0.342,2.548
-0.27,3.562
-0.346,0.461
-0.284,3.167
-0.444,1.31
-0.445,3.343
-0.479,2.806
-0.513,2.04
-0.601,1.706
-0.622,3.515
-0.733,1.002
-0.678,2.475
-0.823,2.717
-0.773,1.857
-0.774,3.411
-0.835,2.954
-0.872,0.603
-0.956,1.432
-0.903,1.994
-0.979,3.366
-0.988,2.259
-1.071,-0.102
-1.015,1.755
-1.042,-0.128
-1.05,2.438
-1.065,1.633
-1.078,1.577
-1.092,2.601
-1.226,0.942
-1.387,1.082
-1.422,2.555
-1.35,3.154
-1.366,2.569
-1.54,1.27
-1.528,1.052
-1.556,-0.148
-1.695,3.543
-1.75,1.077
-1.759,2.694
-1.912,3.294
-1.995,2.003
-1.981,0.93
-2.092,3.142
-2.063,2.729
-2.23,1.607
-2.268,2.282
-2.236,2.027
-2.241,2.259
-2.247,0.819
-2.38,0.579
-2.325,0.006
-2.36,1.409
-2.43,3.655
-2.529,1.399
-2.496,0.621
-2.553,2.42
-2.608,1.622
-2.609,2.65
-2.668,0.636
-2.737,2.631
-2.85,0.515
-2.853,1.87
-2.883,1.459
-2.824,1.864
-2.896,2.226
-2.899,2.189
-3.014,3.07
-3.108,0.799
-3.036,1.486
-3.104,2.172
3.132,1.856
-3.098,1.203
-3.132,0.868
3.032,1.292
3.038,0.831
2.978,0.431
2.967,1.461
3.018,1.42
2.92,0.263
2.998,3.667
2.982,0.757
2.968,2.413
2.877,3.46
2.827,1.816
2.816,0.04
2.797,1.358
2.723,2.252
2.668,0.771
2.704,1.491
2.641,1.095
2.592,3.096
2.575,-0.082
2.568,1.783
2.631,2.844
2.599,3.641
2.548,0.23
2.442,0.438
2.459,0.175
2.401,3.503
2.319,-0.219
2.305,1.641
2.273,2.532
2.257,0.177
2.119,2.795
2.125,2.112
2.099,1.852
2.025,1.54
1.846,1.032
1.641,0.591
1.631,0.909
1.554,3.24
1.481,1.824
1.458,1.142
1.469,3.531
1.414,0.555
1.424,2.329
1.382,2.657
1.262,1.198
1.26,2.181
1.257,1.071
1.082,-0.065
0.996,1.214
0.956,0.978
0.92,1.889
0.832,0.841
0.836,1.379
0.809,0.936
0.729,-0.308
0.723,1.793
0.637,3.13
0.698,1.399
0.631,3.309
0.598,3.261
0.611,-0.169
0.529,2.021
0.518,1.29
0.499,2.199
0.485,1.414
0.528,2.709
0.442,1.958
0.51,0.946
0.43,1.263
0.34,1.13
0.376,2.958
0.299,1.38
-0.15,-0.35
-0.413,-0.668
-0.498,-0.518
-0.73,-0.551
-1.516,-0.332
-1.919,-0.392
-2.276,-0.544
-3.042,-0.355
-3.13,-0.652
3.034,-0.729
2.927,-0.75
2.861,-0.632
2.44,-0.762
2.015,-0.603
1.673,-0.789
1.42,-0.403
0.861,-0.601
0.626,-0.603
-0.462,3.697
-0.576,3.806
-1.335,3.612
2.568,3.736
2.438,3.814
2.425,3.796
2.286,3.789
2.275,3.83
1.358,3.468
0.412,3.729
0.142,0.847
-0.356,1.157
-1.068,1.232
0.565,1.476
0.451,0.398
-1.56,-0.624
1.861,-0.706
0.232,2.22
0.278,1.745
0.103,3.556
0.103,0.893
0.161,0.674
0.008,2.748
-0.153,0.714
-0.231,2.092
-0.113,2.031
-0.279,1.295
-0.432,2.099
-0.596,-0.117
-0.557,1.787
-0.66,1.956
-0.801,3.066
-0.712,2.85
-0.849,0.992
-0.933,1.887
-1.218,3.354
-1.239,0.906
-1.241,0.968
-1.154,1.248
-1.451,0.953
-1.548,0.284
-1.547,1.92
-1.721,3.347
-1.643,2.625
-1.799,3.093
-1.839,2.927
-1.859,0.762
-1.876,1.057
-1.812,2.167
-1.95,0.65
-1.987,0.451
-1.968,3.436
-2.009,3.028
-2.064,0.718
-2.303,1.429
-2.163,0.918
-2.167,2.981
-2.201,0.972
-2.208,0.678
-2.351,2.173
-2.349,3.328
-2.303,0.499
-2.543,0.732
-2.454,0.407
-2.627,2.458
-2.594,1.801
-2.724,1.376
-2.682,1.452
-2.682,2.323
-2.859,3.51
-2.76,0.439
-2.867,2.386
-2.958,1.055
-3.027,3.286
-3.127,-0.068
3.027,2.483
3.095,0.487
3.023,-0.287
2.753,3.103
2.694,2.821
2.653,3.299
2.628,1.364
2.493,3.215
2.41,2.739
2.361,0.927
1.716,3.548
1.245,2.225
1.235,2.324
1.074,2.292
0.655,-0.263
0.669,0.62
0.773,1.12
0.664,1.936
0.479,1.859
0.405,2.106
0.369,-0.22
0.346,-0.201
0.324,0.48
0.294,0.232
0.274,0.461
0.343,-0.358
0.159,-0.503
0.137,-0.563
-0.26,-0.574
-1.071,-0.365
-1.197,-0.386
-1.392,-0.443
-1.992,-0.65
-2.614,-0.673
-2.628,-0.547
-2.964,-0.717
-2.903,-0.636
-2.957,-0.594
-3.124,-0.399
2.999,-0.737
2.465,-0.738
2.348,-0.559
1.868,-0.65
1.664,-0.442
0.821,-0.636
0.69,-0.42
0.838,-0.644
-1.472,3.625
-1.846,3.711
-2.997,3.673
1.991,3.793
0.99,3.747
-0.032,0.402
-0.43,0.371
-1.624,2.108
-2.315,1.527
-2.389,2.109
-2.402,-0.014
-2.616,-0.038
-1.172,0.445
2.893,0.666
1.019,2.59
0.753,3.148
0.713,3.023
-1.584,0.412
-2.284,1.137
-2.636,1.72
-2.828,2.311
0.588,1.719
0.343,-0.331
-0.766,-0.301
1.737,-0.332
-0.43,-0.734
-1.152,-0.821
-2.429,-0.883
1.378,-0.836
-0.031,-0.809
-0.064,-0.763
-0.071,1.777
-0.115,1.608
-0.043,2.622
-0.119,-0.479
-0.057,2.227
-0.217,0.37
-0.218,2.403
-0.252,1.866
-0.286,1.1
-0.374,0.766
-0.395,2.575
-0.506,0.062
-0.451,1.535
-0.596,1.777
-0.546,0.917
-0.547,2.471
-0.608,2.014
-0.645,-0.337
-0.729,0.492
-0.676,1.054
-0.752,2.426
-0.761,1.319
-0.844,-1.042
-0.788,0.815
-0.815,-1.068
-0.823,1.498
-0.838,0.693
-0.851,0.637
-0.865,1.661
-0.999,0.002
-1.16,0.142
-1.195,1.615
-1.123,2.214
-1.139,1.629
-1.313,0.33
-1.301,0.112
-1.329,-1.088
-1.468,2.603
-1.523,0.137
-1.532,1.754
-1.685,2.354
-1.768,1.063
-1.754,-0.01
-1.865,2.202
-1.836,1.789
-2.003,0.667
-2.041,1.342
-2.009,1.087
-2.014,1.319
-2.02,-0.121
-2.153,-0.361
-2.098,-0.934
-2.133,0.469
-2.203,2.715
-2.302,0.459
-2.269,-0.319
-2.326,1.48
-2.381,0.682
-2.382,1.71
-2.441,-0.304
-2.51,1.691
-2.623,-0.425
-2.626,0.93
-2.656,0.519
-2.597,0.924
-2.669,1.286
-2.672,1.249
-2.787,2.13
-2.881,-0.141
-2.809,0.546
-2.877,1.232
-2.924,0.916
-2.871,0.263
-2.905,-0.072
-3.024,0.352
-3.018,-0.109
-3.078,-0.509
-3.089,0.521
-3.038,0.48
-3.136,-0.677
-3.058,2.727
-3.074,-0.183
-3.088,1.473
3.104,2.52
3.054,0.876
3.043,-0.9
3.024,0.418
2.95,1.312
2.895,-0.169
2.931,0.551
2.868,0.155
2.819,2.156
2.802,-1.022
2.795,0.843
2.858,1.904
2.826,2.701
2.775,-0.71
2.669,-0.502
2.686,-0.765
2.628,2.563
2.546,-1.159
2.532,0.701
2.5,1.592
2.484,-0.763
2.346,1.855
2.352,1.172
2.326,0.912
2.252,0.6
2.073,0.092
1.868,-0.349
1.858,-0.031
1.781,2.3
1.708,0.884
1.685,0.202
1.696,2.591
1.641,-0.385
1.651,1.389
1.609,1.717
1.489,0.258
1.487,1.241
1.484,0.131
1.309,-1.005
1.223,0.274
1.183,0.038
1.147,0.949
1.059,-0.099
1.063,0.439
1.036,-0.004
0.956,-1.248
0.95,0.853
0.864,2.19
0.925,0.459
0.858,2.369
0.825,2.321
0.838,-1.109
0.756,1.081
0.745,0.35
0.726,1.259
0.712,0.474
0.755,1.769
0.669,1.018
0.737,0.006
0.657,0.323
0.567,0.19
0.603,2.018
0.526,0.44
0.077,-1.29
-0.186,-1.608
-0.271,-1.458
-0.503,-1.491
-1.289,-1.272
-1.692,-1.332
-2.049,-1.484
-2.815,-1.295
-2.903,-1.592
-3.022,-1.669
-3.129,-1.69
3.088,-1.572
2.667,-1.702
2.242,-1.543
1.9,-1.729
1.647,-1.343
1.088,-1.541
0.853,-1.543
-0.235,2.757
-0.349,2.866
-1.108,2.672
2.795,2.796
2.665,2.874
2.652,2.856
2.513,2.849
2.502,2.89
1.585,2.528
0.639,2.789
0.369,-0.093
-0.129,0.217
-0.841,0.292
0.792,0.536
0.678,-0.542
-1.333,-1.564
2.088,-1.646
0.459,1.28
0.505,0.805
0.33,2.616
0.33,-0.047
0.388,-0.266
0.235,1.808
0.074,-0.226
-0.004,1.152
0.114,1.091
-0.052,0.355
-0.205,1.159
-0.369,-1.057
-0.33,0.847
-0.433,1.016
-0.574,2.126
-0.485,1.91
-0.622,0.052
-0.706,0.947
-0.991,2.414
-1.012,-0.034
-1.014,0.028
-0.927,0.308
-1.224,0.013
-1.321,-0.656
-1.32,0.98
-1.494,2.407
-1.416,1.685
-1.572,2.153
-1.612,1.987
-1.632,-0.178
-1.649,0.117
-1.585,1.227
-1.723,-0.29
-1.76,-0.489
-1.741,2.496
-1.782,2.088
-1.837,-0.222
-2.076,0.489
-1.936,-0.022
-1.94,2.041
-1.974,0.032
-1.981,-0.262
-2.124,1.233
-2.122,2.388
-2.076,-0.441
-2.316,-0.208
-2.227,-0.533
-2.4,1.518
-2.367,0.861
-2.497,0.436
-2.455,0.512
-2.455,1.383
-2.632,2.57
-2.533,-0.501
-2.64,1.446
-2.731,0.115
-2.8,2.346
-2.9,-1.008
-3.029,1.543
-2.961,-0.453
-3.033,-1.227
2.98,2.163
2.921,1.881
2.88,2.359
2.855,0.424
2.72,2.275
2.637,1.799
2.588,-0.013
1.943,2.608
1.472,1.285
1.462,1.384
1.301,1.352
0.882,-1.203
0.896,-0.32
1.0,0.18
0.891,0.996
0.706,0.919
0.632,1.166
0.596,-1.16
0.573,-1.141
0.551,-0.46
0.521,-0.708
0.501,-0.479
0.57,-1.298
0.386,-1.443
0.364,-1.503
-0.033,-1.514
-0.844,-1.305
-0.97,-1.326
-1.165,-1.383
-1.765,-1.59
-2.387,-1.613
-2.401,-1.487
-2.737,-1.657
-2.676,-1.576
-2.73,-1.534
-2.897,-1.339
-3.057,-1.677
2.692,-1.678
2.575,-1.499
2.095,-1.59
1.891,-1.382
1.048,-1.576
0.917,-1.36
1.065,-1.584
-1.245,2.685
-1.619,2.771
-2.77,2.733
2.218,2.853
1.217,2.807
0.195,-0.538
-0.203,-0.569
-1.397,1.168
-2.088,0.587
-2.162,1.169
-2.175,-0.954
-2.389,-0.978
-0.945,-0.495
3.12,-0.274
1.246,1.65
0.98,2.208
0.94,2.083
-1.357,-0.528
-2.057,0.197
-2.409,0.78
-2.601,1.371
0.815,0.779
0.57,-1.271
-0.539,-1.241
1.964,-1.272
-0.203,-1.674
-0.925,-1.761
-2.202,-1.823
1.605,-1.776
-0.033,0.046
-0.04,2.586
-0.084,2.417
-0.012,3.431
-0.088,0.33
-0.026,3.036
-0.186,1.179
-0.187,3.212
-0.221,2.675
-0.255,1.909
-0.343,1.575
-0.364,3.384
-0.475,0.871
-0.42,2.344
-0.565,2.586
-0.515,1.726
-0.516,3.28
-0.577,2.823
-0.614,0.472
-0.698,1.301
-0.645,1.863
-0.721,3.235
-0.73,2.128
-0.813,-0.233
-0.757,1.624
-0.784,-0.259
-0.792,2.307
-0.807,1.502
-0.82,1.446
-0.834,2.47
-0.968,0.811
-1.129,0.951
-1.164,2.424
-1.092,3.023
-1.108,2.438
-1.282,1.139
-1.27,0.921
-1.298,-0.279
-1.437,3.412
-1.492,0.946
-1.501,2.563
-1.654,3.163
-1.737,1.872
-1.723,0.799
-1.834,3.011
-1.805,2.598
-1.972,1.476
-2.01,2.151
-1.978,1.896
-1.983,2.128
-1.989,0.688
-2.122,0.448
-2.067,-0.125
-2.102,1.278
-2.172,3.524
-2.271,1.268
-2.238,0.49
-2.295,2.289
-2.35,1.491
-2.351,2.519
-2.41,0.505
-2.479,2.5
-2.592,0.384
-2.595,1.739
-2.625,1.328
-2.566,1.733
-2.638,2.095
-2.641,2.058
-2.756,2.939
-2.85,0.668
-2.778,1.355
-2.846,2.041
-2.893,1.725
-2.84,1.072
-2.874,0.737
-2.993,1.161
-2.987,0.7
-3.047,0.3
-3.058,1.33
-3.007,1.289
-3.105,0.132
-3.027,3.536
-3.043,0.626
-3.057,2.282
3.135,3.329
3.085,1.685
3.074,-0.091
3.055,1.227
2.981,2.121
2.926,0.64
2.962,1.36
2.899,0.964
2.85,2.965
2.833,-0.213
2.826,1.652
2.889,2.713
2.857,3.51
2.806,0.099
2.7,0.307
2.717,0.044
2.659,3.372
2.577,-0.35
2.563,1.51
2.531,2.401
2.515,0.046
2.377,2.664
2.383,1.981
2.357,1.721
2.283,1.409
2.104,0.901
1.899,0.46
1.889,0.778
1.812,3.109
1.739,1.693
1.716,1.011
1.727,3.4
1.672,0.424
1.682,2.198
1.64,2.526
1.52,1.067
1.518,2.05
1.515,0.94
1.34,-0.196
1.254,1.083
1.214,0.847
1.178,1.758
1.09,0.71
1.094,1.248
1.067,0.805
0.987,-0.439
0.981,1.662
0.895,2.999
0.956,1.268
0.889,3.178
0.856,3.13
0.869,-0.3
0.787,1.89
0.776,1.159
0.757,2.068
0.743,1.283
0.786,2.578
0.7,1.827
0.768,0.815
0.688,1.132
0.598,0.999
0.634,2.827
0.557,1.249
0.108,-0.481
-0.155,-0.799
-0.24,-0.649
-0.472,-0.682
-1.258,-0.463
-1.661,-0.523
-2.018,-0.675
-2.784,-0.486
-2.872,-0.783
-2.991,-0.86
-3.098,-0.881
3.119,-0.763
2.698,-0.893
2.273,-0.734
1.931,-0.92
1.678,-0.534
1.119,-0.732
0.884,-0.734
-0.204,3.566
-0.318,3.675
-1.077,3.481
2.826,3.605
2.696,3.683
2.683,3.665
2.544,3.658
2.533,3.699
1.616,3.337
0.67,3.598
0.4,0.716
-0.098,1.026
-0.81,1.101
0.823,1.345
0.709,0.267
-1.302,-0.755
2.119,-0.837
0.49,2.089
0.536,1.614
0.361,3.425
0.361,0.762
0.419,0.543
0.266,2.617
0.105,0.583
0.027,1.961
0.145,1.9
-0.021,1.164
-0.174,1.968
-0.338,-0.248
-0.299,1.656
-0.402,1.825
-0.543,2.935
-0.454,2.719
-0.591,0.861
-0.675,1.756
-0.96,3.223
-0.981,0.775
-0.983,0.837
-0.896,1.117
-1.193,0.822
-1.29,0.153
-1.289,1.789
-1.463,3.216
-1.385,2.494
-1.541,2.962
-1.581,2.796
-1.601,0.631
-1.618,0.926
-1.554,2.036
-1.692,0.519
-1.729,0.32
-1.71,3.305
-1.751,2.897
-1.806,0.587
-2.045,1.298
-1.905,0.787
-1.909,2.85
-1.943,0.841
-1.95,0.547
-2.093,2.042
-2.091,3.197
-2.045,0.368
-2.285,0.601
-2.196,0.276
-2.369,2.327
-2.336,1.67
-2.466,1.245
-2.424,1.321
-2.424,2.192
-2.601,3.379
-2.502,0.308
-2.609,2.255
-2.7,0.924
-2.769,3.155
-2.869,-0.199
-2.998,2.352
-2.93,0.356
-3.002,-0.418
3.011,2.972
2.952,2.69
2.911,3.168
2.886,1.233
2.751,3.084
2.668,2.608
2.619,0.796
1.974,3.417
1.503,2.094
1.493,2.193
1.332,2.161
0.913,-0.394
0.927,0.489
1.031,0.989
0.922,1.805
0.737,1.728
0.663,1.975
0.627,-0.351
0.604,-0.332
0.582,0.349
0.552,0.101
0.532,0.33
0.601,-0.489
0.417,-0.634
0.395,-0.694
-0.002,-0.705
-0.813,-0.496
-0.939,-0.517
-1.134,-0.574
-1.734,-0.781
-2.356,-0.804
-2.37,-0.678
-2.706,-0.848
-2.645,-0.767
-2.699,-0.725
-2.866,-0.53
-3.026,-0.868
2.723,-0.869
2.606,-0.69
2.126,-0.781
1.922,-0.573
1.079,-0.767
0.948,-0.551
1.096,-0.775
-1.214,3.494
-1.588,3.58
-2.739,3.542
2.249,3.662
1.248,3.616
0.226,0.271
-0.172,0.24
-1.366,1.977
-2.057,1.396
-2.131,1.978
-2.144,-0.145
-2.358,-0.169
-0.914,0.314
-3.132,0.535
1.277,2.459
1.011,3.017
0.971,2.892
-1.326,0.281
-2.026,1.006
-2.378,1.589
-2.57,2.18
0.846,1.588
0.601,-0.462
-0.508,-0.432
1.995,-0.463
-0.172,-0.865
-0.894,-0.952
-2.171,-1.014
1.636,-0.967
-0.007,2.54
-0.051,2.371
0.021,3.385
-0.055,0.284
0.007,2.99
-0.153,1.133
-0.154,3.166
-0.188,2.629
-0.222,1.863
-0.31,1.529
-0.331,3.338
-0.442,0.825
-0.387,2.298
-0.532,2.54
-0.482,1.68
-0.483,3.234
-0.544,2.777
-0.581,0.426
-0.665,1.255
-0.612,1.817
-0.688,3.189
-0.697,2.082
-0.78,-0.279
-0.724,1.578
-0.751,-0.305
-0.759,2.261
-0.774,1.456
-0.787,1.4
-0.801,2.424
-0.935,0.765
-1.096,0.905
-1.131,2.378
-1.059,2.977
-1.075,2.392
-1.249,1.093
-1.237,0.875
-1.265,-0.325
-1.404,3.366
-1.459,0.9
-1.468,2.517
-1.621,3.117
-1.704,1.826
-1.69,0.753
-1.801,2.965
-1.772,2.552
-1.939,1.43
-1.977,2.105
-1.945,1.85
-1.95,2.082
-1.956,0.642
-2.089,0.402
-2.034,-0.171
-2.069,1.232
-2.139,3.478
-2.238,1.222
-2.205,0.444
-2.262,2.243
-2.317,1.445
-2.318,2.473
-2.377,0.459
-2.446,2.454
-2.559,0.338
-2.562,1.693
-2.592,1.282
-2.533,1.687
-2.605,2.049
-2.608,2.012
-2.723,2.893
-2.817,0.622
-2.745,1.309
-2.813,1.995
-2.86,1.679
-2.807,1.026
-2.841,0.691
-2.96,1.115
-2.954,0.654
-3.014,0.254
-3.025,1.284
-2.974,1.243
-3.072,0.086
-2.994,3.49
-3.01,0.58
-3.024,2.236
-3.115,3.283
3.118,1.639
3.107,-0.137
3.088,1.181
3.014,2.075
2.959,0.594
2.995,1.314
2.932,0.918
2.883,2.919
2.866,-0.259
2.859,1.606
2.922,2.667
2.89,3.464
2.839,0.053
2.733,0.261
2.75,-0.002
2.692,3.326
2.61,-0.396
2.596,1.464
2.564,2.355
2.548,0.0
2.41,2.618
2.416,1.935
2.39,1.675
2.316,1.363
2.137,0.855
1.932,0.414
1.922,0.732
1.845,3.063
1.772,1.647
1.749,0.965
1.76,3.354
1.705,0.378
1.715,2.152
1.673,2.48
1.553,1.021
1.551,2.004
1.548,0.894
1.373,-0.242
1.287,1.037
1.247,0.801
1.211,1.712
1.123,0.664
1.127,1.202
1.1,0.759
1.02,-0.485
1.014,1.616
0.928,2.953
0.989,1.222
0.922,3.132
0.889,3.084
0.902,-0.346
0.82,1.844
0.809,1.113
0.79,2.022
0.776,1.237
0.819,2.532
0.733,1.781
0.801,0.769
0.721,1.086
0.631,0.953
0.667,2.781
0.59,1.203
0.141,-0.527
-0.122,-0.845
-0.207,-0.695
-0.439,-0.728
-1.225,-0.509
-1.628,-0.569
-1.985,-0.721
-2.751,-0.532
-2.839,-0.829
-2.958,-0.906
-3.065,-0.927
-3.131,-0.809
2.731,-0.939
2.306,-0.78
1.964,-0.966
1.711,-0.58
1.152,-0.778
0.917,-0.78
-0.171,3.52
-0.285,3.629
-1.044,3.435
2.859,3.559
2.729,3.637
2.716,3.619
2.577,3.612
2.566,3.653
1.649,3.291
0.703,3.552
0.433,0.67
-0.065,0.98
-0.777,1.055
0.856,1.299
0.742,0.221
-1.269,-0.801
2.152,-0.883
0.523,2.043
0.569,1.568
0.394,3.379
0.394,0.716
0.452,0.497
0.299,2.571
0.138,0.537
0.06,1.915
0.178,1.854
0.012,1.118
-0.141,1.922
-0.305,-0.294
-0.266,1.61
-0.369,1.779
-0.51,2.889
-0.421,2.673
-0.558,0.815
-0.642,1.71
-0.927,3.177
-0.948,0.729
-0.95,0.791
-0.863,1.071
-1.16,0.776
-1.257,0.107
-1.256,1.743
-1.43,3.17
-1.352,2.448
-1.508,2.916
-1.548,2.75
-1.568,0.585
-1.585,0.88
-1.521,1.99
-1.659,0.473
-1.696,0.274
-1.677,3.259
-1.718,2.851
-1.773,0.541
-2.012,1.252
-1.872,0.741
-1.876,2.804
-1.91,0.795
-1.917,0.501
-2.06,1.996
-2.058,3.151
-2.012,0.322
-2.252,0.555
-2.163,0.23
-2.336,2.281
-2.303,1.624
-2.433,1.199
-2.391,1.275
-2.391,2.146
-2.568,3.333
-2.469,0.262
-2.576,2.209
-2.667,0.878
-2.736,3.109
-2.836,-0.245
-2.965,2.306
-2.897,0.31
-2.969,-0.464
3.044,2.926
2.985,2.644
2.944,3.122
2.919,1.187
2.784,3.038
2.701,2.562
2.652,0.75
2.007,3.371
1.536,2.048
1.526,2.147
1.365,2.115
0.946,-0.44
0.96,0.443
1.064,0.943
0.955,1.759
0.77,1.682
0.696,1.929
0.66,-0.397
0.637,-0.378
0.615,0.303
0.585,0.055
0.565,0.284
0.634,-0.535
0.45,-0.68
0.428,-0.74
0.031,-0.751
-0.78,-0.542
-0.906,-0.563
-1.101,-0.62
-1.701,-0.827
-2.323,-0.85
-2.337,-0.724
-2.673,-0.894
-2.612,-0.813
-2.666,-0.771
-2.833,-0.576
-2.993,-0.914
2.756,-0.915
2.639,-0.736
2.159,-0.827
1.955,-0.619
1.112,-0.813
0.981,-0.597
1.129,-0.821
-1.181,3.448
-1.555,3.534
-2.706,3.496
2.282,3.616
1.281,3.57
0.259,0.225
-0.139,0.194
-1.333,1.931
-2.024,1.35
-2.098,1.932
-2.111,-0.191
-2.325,-0.215
-0.881,0.268
-3.099,0.489
1.31,2.413
1.044,2.971
1.004,2.846
-1.293,0.235
-1.993,0.96
-2.345,1.543
-2.537,2.134
0.879,1.542
0.634,-0.508
-0.475,-0.478
2.028,-0.509
-0.139,-0.911
-0.861,-0.998
-2.138,-1.06
1.669,-1.013
-0.044,-0.169
0.028,0.845
-0.048,-2.256
0.014,0.45
-0.146,-1.407
-0.147,0.626
-0.181,0.089
-0.215,-0.677
-0.303,-1.011
-0.324,0.798
-0.435,-1.715
-0.38,-0.242
-0.525,0.0
-0.475,-0.86
-0.476,0.694
-0.537,0.237
-0.574,-2.114
-0.658,-1.285
-0.605,-0.723
-0.681,0.649
-0.69,-0.458
-0.773,-2.819
-0.717,-0.962
-0.744,-2.845
-0.752,-0.279
-0.767,-1.084
-0.78,-1.14
-0.794,-0.116
-0.928,-1.775
-1.089,-1.635
-1.124,-0.162
-1.052,0.437
-1.068,-0.148
-1.242,-1.447
-1.23,-1.665
-1.258,-2.865
-1.397,0.826
-1.452,-1.64
-1.461,-0.023
-1.614,0.577
-1.697,-0.714
-1.683,-1.787
-1.794,0.425
-1.765,0.012
-1.932,-1.11
-1.97,-0.435
-1.938,-0.69
-1.943,-0.458
-1.949,-1.898
-2.082,-2.138
-2.027,-2.711
-2.062,-1.308
-2.132,0.938
-2.231,-1.318
-2.198,-2.096
-2.255,-0.297
-2.31,-1.095
-2.311,-0.067
-2.37,-2.081
-2.439,-0.086
-2.552,-2.202
-2.555,-0.847
-2.585,-1.258
-2.526,-0.853
-2.598,-0.491
-2.601,-0.528
-2.716,0.353
-2.81,-1.918
-2.738,-1.231
-2.806,-0.545
-2.853,-0.861
-2.8,-1.514
-2.834,-1.849
-2.953,-1.425
-2.947,-1.886
-3.007,-2.286
-3.018,-1.256
-2.967,-1.297
-3.065,-2.454
-2.987,0.95
-3.003,-1.96
-3.017,-0.304
-3.108,0.743
3.125,-0.901
3.114,-2.677
3.095,-1.359
3.021,-0.465
2.966,-1.946
3.002,-1.226
2.939,-1.622
2.89,0.379
2.873,-2.799
2.866,-0.934
2.929,0.127
2.897,0.924
2.846,-2.487
2.74,-2.279
2.757,-2.542
2.699,0.786
2.617,-2.936
2.603,-1.076
2.571,-0.185
2.555,-2.54
2.417,0.078
2.423,-0.605
2.397,-0.865
2.323,-1.177
2.144,-1.685
1.939,-2.126
1.929,-1.808
1.852,0.523
1.779,-0.893
1.756,-1.575
1.767,0.814
1.712,-2.162
1.722,-0.388
1.68,-0.06
1.56,-1.519
1.558,-0.536
1.555,-1.646
1.38,-2.782
1.294,-1.503
1.254,-1.739
1.218,-0.828
1.13,-1.876
1.134,-1.338
1.107,-1.781
1.027,-3.025
1.021,-0.924
0.935,0.413
0.996,-1.318
0.929,0.592
0.896,0.544
0.909,-2.886
0.827,-0.696
0.816,-1.427
0.797,-0.518
0.783,-1.303
0.826,-0.008
0.74,-0.759
0.808,-1.771
0.728,-1.454
0.638,-1.587
0.674,0.241
0.597,-1.337
0.148,-3.067
-0.115,-3.385
-0.2,-3.235
-0.432,-3.268
-1.218,-3.049
-1.621,-3.109
-1.978,-3.261
-2.744,-3.072
-2.832,-3.369
-2.951,-3.446
-3.058,-3.467
-3.124,-3.349
2.738,-3.479
2.313,-3.32
1.971,-3.506
1.718,-3.12
1.159,-3.318
0.924,-3.32
-0.164,0.98
-0.278,1.089
-1.037,0.895
2.866,1.019
2.736,1.097
2.723,1.079
2.584,1.072
2.573,1.113
1.656,0.751
0.71,1.012
0.44,-1.87
-0.058,-1.56
-0.77,-1.485
0.863,-1.241
0.749,-2.319
-1.262,-3.341
2.159,-3.423
0.53,-0.497
0.576,-0.972
0.401,0.839
0.401,-1.824
0.459,-2.043
0.306,0.031
0.145,-2.003
0.067,-0.625
0.185,-0.686
0.019,-1.422
-0.134,-0.618
-0.298,-2.834
-0.259,-0.93
-0.362,-0.761
-0.503,0.349
-0.414,0.133
-0.551,-1.725
-0.635,-0.83
-0.92,0.637
-0.941,-1.811
-0.943,-1.749
-0.856,-1.469
-1.153,-1.764
-1.25,-2.433
-1.249,-0.797
-1.423,0.63
-1.345,-0.092
-1.501,0.376
-1.541,0.21
-1.561,-1.955
-1.578,-1.66
-1.514,-0.55
-1.652,-2.067
-1.689,-2.266
-1.67,0.719
-1.711,0.311
-1.766,-1.999
-2.005,-1.288
-1.865,-1.799
-1.869,0.264
-1.903,-1.745
-1.91,-2.039
-2.053,-0.544
-2.051,0.611
-2.005,-2.218
-2.245,-1.985
-2.156,-2.31
-2.329,-0.259
-2.296,-0.916
-2.426,-1.341
-2.384,-1.265
-2.384,-0.394
-2.561,0.793
-2.462,-2.278
-2.569,-0.331
-2.66,-1.662
-2.729,0.569
-2.829,-2.785
-2.958,-0.234
-2.89,-2.23
-2.962,-3.004
3.051,0.386
2.992,0.104
2.951,0.582
2.926,-1.353
2.791,0.498
2.708,0.022
2.659,-1.79
2.014,0.831
1.543,-0.492
1.533,-0.393
1.372,-0.425
0.953,-2.98
0.967,-2.097
1.071,-1.597
0.962,-0.781
0.777,-0.858
0.703,-0.611
0.667,-2.937
0.644,-2.918
0.622,-2.237
0.592,-2.485
0.572,-2.256
0.641,-3.075
0.457,-3.22
0.435,-3.28
0.038,-3.291
-0.773,-3.082
-0.899,-3.103
-1.094,-3.16
-1.694,-3.367
-2.316,-3.39
-2.33,-3.264
-2.666,-3.434
-2.605,-3.353
-2.659,-3.311
-2.826,-3.116
-2.986,-3.454
2.763,-3.455
2.646,-3.276
2.166,-3.367
1.962,-3.159
1.119,-3.353
0.988,-3.137
1.136,-3.361
-1.174,0.908
-1.548,0.994
-2.699,0.956
2.289,1.076
1.288,1.03
0.266,-2.315
-0.132,-2.346
-1.326,-0.609
-2.017,-1.19
-2.091,-0.608
-2.104,-2.731
-2.318,-2.755
-0.874,-2.272
-3.092,-2.051
1.317,-0.127
1.051,0.431
1.011,0.306
-1.286,-2.305
-1.986,-1.58
-2.338,-0.997
-2.53,-0.406
0.886,-0.998
0.641,-3.048
-0.468,-3.018
2.035,-3.049
-0.132,-3.451
-0.854,-3.538
-2.131,-3.6
1.676,-3.553
0.072,1.014
-0.004,-2.087
0.058,0.619
-0.102,-1.238
-0.103,0.795
-0.137,0.258
-0.171,-0.508
-0.259,-0.842
-0.28,0.967
-0.391,-1.546
-0.336,-0.073
-0.481,0.169
-0.431,-0.691
-0.432,0.863
-0.493,0.406
-0.53,-1.945
-0.614,-1.116
-0.561,-0.554
-0.637,0.818
-0.646,-0.289
-0.729,-2.65
-0.673,-0.793
-0.7,-2.676
-0.708,-0.11
-0.723,-0.915
-0.736,-0.971
-0.75,0.053
-0.884,-1.606
-1.045,-1.466
-1.08,0.007
-1.008,0.606
-1.024,0.021
-1.198,-1.278
-1.186,-1.496
-1.214,-2.696
-1.353,0.995
-1.408,-1.471
-1.417,0.146
-1.57,0.746
-1.653,-0.545
-1.639,-1.618
-1.75,0.594
-1.721,0.181
-1.888,-0.941
-1.926,-0.266
-1.894,-0.521
-1.899,-0.289
-1.905,-1.729
-2.038,-1.969
-1.983,-2.542
-2.018,-1.139
-2.088,1.107
-2.187,-1.149
-2.154,-1.927
-2.211,-0.128
-2.266,-0.926
-2.267,0.102
-2.326,-1.912
-2.395,0.083
-2.508,-2.033
-2.511,-0.678
-2.541,-1.089
-2.482,-0.684
-2.554,-0.322
-2.557,-0.359
-2.672,0.522
-2.766,-1.749
-2.694,-1.062
-2.762,-0.376
-2.809,-0.692
-2.756,-1.345
-2.79,-1.68
-2.909,-1.256
-2.903,-1.717
-2.963,-2.117
-2.974,-1.087
-2.923,-1.128
-3.021,-2.285
-2.943,1.119
-2.959,-1.791
-2.973,-0.135
-3.064,0.912
-3.114,-0.732
-3.125,-2.508
3.139,-1.19
3.065,-0.296
3.01,-1.777
3.046,-1.057
2.983,-1.453
2.934,0.548
2.917,-2.63
2.91,-0.765
2.973,0.296
2.941,1.093
2.89,-2.318
2.784,-2.11
2.801,-2.373
2.743,0.955
2.661,-2.767
2.647,-0.907
2.615,-0.016
2.599,-2.371
2.461,0.247
2.467,-0.436
2.441,-0.696
2.367,-1.008
2.188,-1.516
1.983,-1.957
1.973,-1.639
1.896,0.692
1.823,-0.724
1.8,-1.406
1.811,0.983
1.756,-1.993
1.766,-0.219
1.724,0.109
1.604,-1.35
1.602,-0.367
1.599,-1.477
1.424,-2.613
1.338,-1.334
1.298,-1.57
1.262,-0.659
1.174,-1.707
1.178,-1.169
1.151,-1.612
1.071,-2.856
1.065,-0.755
0.979,0.582
1.04,-1.149
0.973,0.761
0.94,0.713
0.953,-2.717
0.871,-0.527
0.86,-1.258
0.841,-0.349
0.827,-1.134
0.87,0.161
0.784,-0.59
0.852,-1.602
0.772,-1.285
0.682,-1.418
0.718,0.41
0.641,-1.168
0.192,-2.898
-0.071,-3.216
-0.156,-3.066
-0.388,-3.099
-1.174,-2.88
-1.577,-2.94
-1.934,-3.092
-2.7,-2.903
-2.788,-3.2
-2.907,-3.277
-3.014,-3.298
-3.08,-3.18
2.782,-3.31
2.357,-3.151
2.015,-3.337
1.762,-2.951
1.203,-3.149
0.968,-3.151
-0.12,1.149
-0.234,1.258
-0.993,1.064
2.91,1.188
2.78,1.266
2.767,1.248
2.628,1.241
2.617,1.282
1.7,0.92
0.754,1.181
0.484,-1.701
-0.014,-1.391
-0.726,-1.316
0.907,-1.072
0.793,-2.15
-1.218,-3.172
2.203,-3.254
0.574,-0.328
0.62,-0.803
0.445,1.008
0.445,-1.655
0.503,-1.874
0.35,0.2
0.189,-1.834
0.111,-0.456
0.229,-0.517
0.063,-1.253
-0.09,-0.449
-0.254,-2.665
-0.215,-0.761
-0.318,-0.592
-0.459,0.518
-0.37,0.302
-0.507,-1.556
-0.591,-0.661
-0.876,0.806
-0.897,-1.642
-0.899,-1.58
-0.812,-1.3
-1.109,-1.595
-1.206,-2.264
-1.205,-0.628
-1.379,0.799
-1.301,0.077
-1.457,0.545
-1.497,0.379
-1.517,-1.786
-1.534,-1.491
-1.47,-0.381
-1.608,-1.898
-1.645,-2.097
-1.626,0.888
-1.667,0.48
-1.722,-1.83
-1.961,-1.119
-1.821,-1.63
-1.825,0.433
-1.859,-1.576
-1.866,-1.87
-2.009,-0.375
-2.007,0.78
-1.961,-2.049
-2.201,-1.816
-2.112,-2.141
-2.285,-0.09
-2.252,-0.747
-2.382,-1.172
-2.34,-1.096
-2.34,-0.225
-2.517,0.962
-2.418,-2.109
-2.525,-0.162
-2.616,-1.493
-2.685,0.738
-2.785,-2.616
-2.914,-0.065
-2.846,-2.061
-2.918,-2.835
3.095,0.555
3.036,0.273
2.995,0.751
2.97,-1.184
2.835,0.667
2.752,0.191
2.703,-1.621
2.058,1.0
1.587,-0.323
1.577,-0.224
1.416,-0.256
0.997,-2.811
1.011,-1.928
1.115,-1.428
1.006,-0.612
0.821,-0.689
0.747,-0.442
0.711,-2.768
0.688,-2.749
0.666,-2.068
0.636,-2.316
0.616,-2.087
0.685,-2.906
0.501,-3.051
0.479,-3.111
0.082,-3.122
-0.729,-2.913
-0.855,-2.934
-1.05,-2.991
-1.65,-3.198
-2.272,-3.221
-2.286,-3.095
-2.622,-3.265
-2.561,-3.184
-2.615,-3.142
-2.782,-2.947
-2.942,-3.285
2.807,-3.286
2.69,-3.107
2.21,-3.198
2.006,-2.99
1.163,-3.184
1.032,-2.968
1.18,-3.192
-1.13,1.077
-1.504,1.163
-2.655,1.125
2.333,1.245
1.332,1.199
0.31,-2.146
-0.088,-2.177
-1.282,-0.44
-1.973,-1.021
-2.047,-0.439
-2.06,-2.562
-2.274,-2.586
-0.83,-2.103
-3.048,-1.882
1.361,0.042
1.095,0.6
1.055,0.475
-1.242,-2.136
-1.942,-1.411
-2.294,-0.828
-2.486,-0.237
0.93,-0.829
0.685,-2.879
-0.424,-2.849
2.079,-2.88
-0.088,-3.282
-0.81,-3.369
-2.087,-3.431
1.72,-3.384
-0.076,-3.101
-0.014,-0.395
-0.174,-2.252
-0.175,-0.219
-0.209,-0.756
-0.243,-1.522
-0.331,-1.856
-0.352,-0.047
-0.463,-2.56
-0.408,-1.087
-0.553,-0.845
-0.503,-1.705
-0.504,-0.151
-0.565,-0.608
-0.602,-2.959
-0.686,-2.13
-0.633,-1.568
-0.709,-0.196
-0.718,-1.303
-0.801,-3.664
-0.745,-1.807
-0.772,-3.69
-0.78,-1.124
-0.795,-1.929
-0.808,-1.985
-0.822,-0.961
-0.956,-2.62
-1.117,-2.48
-1.152,-1.007
-1.08,-0.408
-1.096,-0.993
-1.27,-2.292
-1.258,-2.51
-1.286,-3.71
-1.425,-0.019
-1.48,-2.485
-1.489,-0.868
-1.642,-0.268
-1.725,-1.559
-1.711,-2.632
-1.822,-0.42
-1.793,-0.833
-1.96,-1.955
-1.998,-1.28
-1.966,-1.535
-1.971,-1.303
-1.977,-2.743
-2.11,-2.983
-2.055,-3.556
-2.09,-2.153
-2.16,0.093
-2.259,-2.163
-2.226,-2.941
-2.283,-1.142
-2.338,-1.94
-2.339,-0.912
-2.398,-2.926
-2.467,-0.931
-2.58,-3.047
-2.583,-1.692
-2.613,-2.103
-2.554,-1.698
-2.626,-1.336
-2.629,-1.373
-2.744,-0.492
-2.838,-2.763
-2.766,-2.076
-2.834,-1.39
-2.881,-1.706
-2.828,-2.359
-2.862,-2.694
-2.981,-2.27
-2.975,-2.731
-3.035,-3.131
-3.046,-2.101
-2.995,-2.142
-3.093,-3.299
-3.015,0.105
-3.031,-2.805
-3.045,-1.149
-3.136,-0.102
3.097,-1.746
3.086,-3.522
3.067,-2.204
2.993,-1.31
2.938,-2.791
2.974,-2.071
2.911,-2.467
2.862,-0.466
2.845,-3.644
2.838,-1.779
2.901,-0.718
2.869,0.079
2.818,-3.332
2.712,-3.124
2.729,-3.387
2.671,-0.059
2.589,-3.781
2.575,-1.921
2.543,-1.03
2.527,-3.385
2.389,-0.767
2.395,-1.45
2.369,-1.71
2.295,-2.022
2.116,-2.53
1.911,-2.971
1.901,-2.653
1.824,-0.322
1.751,-1.738
1.728,-2.42
1.739,-0.031
1.684,-3.007
1.694,-1.233
1.652,-0.905
1.532,-2.364
1.53,-1.381
1.527,-2.491
1.352,-3.627
1.266,-2.348
1.226,-2.584
1.19,-1.673
1.102,-2.721
1.106,-2.183
1.079,-2.626
0.999,-3.87
0.993,-1.769
0.907,-0.432
0.968,-2.163
0.901,-0.253
0.868,-0.301
0.881,-3.731
0.799,-1.541
0.788,-2.272
0.769,-1.363
0.755,-2.148
0.798,-0.853
0.712,-1.604
0.78,-2.616
0.7,-2.299
0.61,-2.432
0.646,-0.604
0.569,-2.182
0.12,-3.912
-0.143,-4.23
-0.228,-4.08
-0.46,-4.113
-1.246,-3.894
-1.649,-3.954
-2.006,-4.106
-2.772,-3.917
-2.86,-4.214
-2.979,-4.291
-3.086,-4.312
3.131,-4.194
2.71,-4.324
2.285,-4.165
1.943,-4.351
1.69,-3.965
1.131,-4.163
0.896,-4.165
-0.192,0.135
-0.306,0.244
-1.065,0.05
2.838,0.174
2.708,0.252
2.695,0.234
2.556,0.227
2.545,0.268
1.628,-0.094
0.682,0.167
0.412,-2.715
-0.086,-2.405
-0.798,-2.33
0.835,-2.086
0.721,-3.164
-1.29,-4.186
2.131,-4.268
0.502,-1.342
0.548,-1.817
0.373,-0.006
0.373,-2.669
0.431,-2.888
0.278,-0.814
0.117,-2.848
0.039,-1.47
0.157,-1.531
-0.009,-2.267
-0.162,-1.463
-0.326,-3.679
-0.287,-1.775
-0.39,-1.606
-0.531,-0.496
-0.442,-0.712
-0.579,-2.57
-0.663,-1.675
-0.948,-0.208
-0.969,-2.656
-0.971,-2.594
-0.884,-2.314
-1.181,-2.609
-1.278,-3.278
-1.277,-1.642
-1.451,-0.215
-1.373,-0.937
-1.529,-0.469
-1.569,-0.635
-1.589,-2.8
-1.606,-2.505
-1.542,-1.395
-1.68,-2.912
-1.717,-3.111
-1.698,-0.126
-1.739,-0.534
-1.794,-2.844
-2.033,-2.133
-1.893,-2.644
-1.897,-0.581
-1.931,-2.59
-1.938,-2.884
-2.081,-1.389
-2.079,-0.234
-2.033,-3.063
-2.273,-2.83
-2.184,-3.155
-2.357,-1.104
-2.324,-1.761
-2.454,-2.186
-2.412,-2.11
-2.412,-1.239
-2.589,-0.052
-2.49,-3.123
-2.597,-1.176
-2.688,-2.507
-2.757,-0.276
-2.857,-3.63
-2.986,-1.079
-2.918,-3.075
-2.99,-3.849
3.023,-0.459
2.964,-0.741
2.923,-0.263
2.898,-2.198
2.763,-0.347
2.68,-0.823
2.631,-2.635
1.986,-0.014
1.515,-1.337
1.505,-1.238
1.344,-1.27
0.925,-3.825
0.939,-2.942
1.043,-2.442
0.934,-1.626
0.749,-1.703
0.675,-1.456
0.639,-3.782
0.616,-3.763
0.594,-3.082
0.564,-3.33
0.544,-3.101
0.613,-3.92
0.429,-4.065
0.407,-4.125
0.01,-4.136
-0.801,-3.927
-0.927,-3.948
-1.122,-4.005
-1.722,-4.212
-2.344,-4.235
-2.358,-4.109
-2.694,-4.279
-2.633,-4.198
-2.687,-4.156
-2.854,-3.961
-3.014,-4.299
2.735,-4.3
2.618,-4.121
2.138,-4.212
1.934,-4.004
1.091,-4.198
0.96,-3.982
1.108,-4.206
-1.202,0.063
-1.576,0.149
-2.727,0.111
2.261,0.231
1.26,0.185
0.238,-3.16
-0.16,-3.191
-1.354,-1.454
-2.045,-2.035
-2.119,-1.453
-2.132,-3.576
-2.346,-3.6
-0.902,-3.117
-3.12,-2.896
1.289,-0.972
1.023,-0.414
0.983,-0.539
-1.314,-3.15
-2.014,-2.425
-2.366,-1.842
-2.558,-1.251
0.858,-1.843
0.613,-3.893
-0.496,-3.863
2.007,-3.894
-0.16,-4.296
-0.882,-4.383
-2.159,-4.445
1.648,-4.398
0.062,2.706
-0.098,0.849
-0.099,2.882
-0.133,2.345
-0.167,1.579
-0.255,1.245
-0.276,3.054
-0.387,0.541
-0.332,2.014
-0.477,2.256
-0.427,1.396
-0.428,2.95
-0.489,2.493
-0.526,0.142
-0.61,0.971
-0.557,1.533
-0.633,2.905
-0.642,1.798
-0.725,-0.563
-0.669,1.294
-0.696,-0.589
-0.704,1.977
-0.719,1.172
-0.732,1.116
-0.746,2.14
-0.88,0.481
-1.041,0.621
-1.076,2.094
-1.004,2.693
-1.02,2.108
-1.194,0.809
-1.182,0.591
-1.21,-0.609
-1.349,3.082
-1.404,0.616
-1.413,2.233
-1.566,2.833
-1.649,1.542
-1.635,0.469
-1.746,2.681
-1.717,2.268
-1.884,1.146
-1.922,1.821
-1.89,1.566
-1.895,1.798
-1.901,0.358
-2.034,0.118
-1.979,-0.455
-2.014,0.948
-2.084,3.194
-2.183,0.938
-2.15,0.16
-2.207,1.959
-2.262,1.161
-2.263,2.189
-2.322,0.175
-2.391,2.17
-2.504,0.054
-2.507,1.409
-2.537,0.998
-2.478,1.403
-2.55,1.765
-2.553,1.728
-2.668,2.609
-2.762,0.338
-2.69,1.025
-2.758,1.711
-2.805,1.395
-2.752,0.742
-2.786,0.407
-2.905,0.831
-2.899,0.37
-2.959,-0.03
-2.97,1.0
-2.919,0.959
-3.017,-0.198
-2.939,3.206
-2.955,0.296
-2.969,1.952
-3.06,2.999
-3.11,1.355
-3.121,-0.421
-3.14,0.897
3.069,1.791
3.014,0.31
3.05,1.03
2.987,0.634
2.938,2.635
2.921,-0.543
2.914,1.322
2.977,2.383
2.945,3.18
2.894,-0.231
2.788,-0.023
2.805,-0.286
2.747,3.042
2.665,-0.68
2.651,1.18
2.619,2.071
2.603,-0.284
2.465,2.334
2.471,1.651
2.445,1.391
2.371,1.079
2.192,0.571
1.987,0.13
1.977,0.448
1.9,2.779
1.827,1.363
1.804,0.681
1.815,3.07
1.76,0.094
1.77,1.868
1.728,2.196
1.608,0.737
1.606,1.72
1.603,0.61
1.428,-0.526
1.342,0.753
1.302,0.517
1.266,1.428
1.178,0.38
1.182,0.918
1.155,0.475
1.075,-0.769
1.069,1.332
0.983,2.669
1.044,0.938
0.977,2.848
0.944,2.8
0.957,-0.63
0.875,1.56
0.864,0.829
0.845,1.738
0.831,0.953
0.874,2.248
0.788,1.497
0.856,0.485
0.776,0.802
0.686,0.669
0.722,2.497
0.645,0.919
0.196,-0.811
-0.067,-1.129
-0.152,-0.979
-0.384,-1.012
-1.17,-0.793
-1.573,-0.853
-1.93,-1.005
-2.696,-0.816
-2.784,-1.113
-2.903,-1.19
-3.01,-1.211
-3.076,-1.093
2.786,-1.223
2.361,-1.064
2.019,-1.25
1.766,-0.864
1.207,-1.062
0.972,-1.064
-0.116,3.236
-0.23,3.345
-0.989,3.151
2.914,3.275
2.784,3.353
2.771,3.335
2.632,3.328
2.621,3.369
1.704,3.007
0.758,3.268
0.488,0.386
-0.01,0.696
-0.722,0.771
0.911,1.015
0.797,-0.063
-1.214,-1.085
2.207,-1.167
0.578,1.759
0.624,1.284
0.449,3.095
0.449,0.432
0.507,0.213
0.354,2.287
0.193,0.253
0.115,1.631
0.233,1.57
0.067,0.834
-0.086,1.638
-0.25,-0.578
-0.211,1.326
-0.314,1.495
-0.455,2.605
-0.366,2.389
-0.503,0.531
-0.587,1.426
-0.872,2.893
-0.893,0.445
-0.895,0.507
-0.808,0.787
-1.105,0.492
-1.202,-0.177
-1.201,1.459
-1.375,2.886
-1.297,2.164
-1.453,2.632
-1.493,2.466
-1.513,0.301
-1.53,0.596
-1.466,1.706
-1.604,0.189
-1.641,-0.01
-1.622,2.975
-1.663,2.567
-1.718,0.257
-1.957,0.968
-1.817,0.457
-1.821,2.52
-1.855,0.511
-1.862,0.217
-2.005,1.712
-2.003,2.867
-1.957,0.038
-2.197,0.271
-2.108,-0.054
-2.281,1.997
-2.248,1.34
-2.378,0.915
-2.336,0.991
-2.336,1.862
-2.513,3.049
-2.414,-0.022
-2.521,1.925
-2.612,0.594
-2.681,2.825
-2.781,-0.529
-2.91,2.022
-2.842,0.026
-2.914,-0.748
3.099,2.642
3.04,2.36
2.999,2.838
2.974,0.903
2.839,2.754
2.756,2.278
2.707,0.466
2.062,3.087
1.591,1.764
1.581,1.863
1.42,1.831
1.001,-0.724
1.015,0.159
1.119,0.659
1.01,1.475
0.825,1.398
0.751,1.645
0.715,-0.681
0.692,-0.662
0.67,0.019
0.64,-0.229
0.62,0.0
0.689,-0.819
0.505,-0.964
0.483,-1.024
0.086,-1.035
-0.725,-0.826
-0.851,-0.847
-1.046,-0.904
-1.646,-1.111
-2.268,-1.134
-2.282,-1.008
-2.618,-1.178
-2.557,-1.097
-2.611,-1.055
-2.778,-0.86
-2.938,-1.198
2.811,-1.199
2.694,-1.02
2.214,-1.111
2.01,-0.903
1.167,-1.097
1.036,-0.881
1.184,-1.105
-1.126,3.164
-1.5,3.25
-2.651,3.212
2.337,3.332
1.336,3.286
0.314,-0.059
-0.084,-0.09
-1.278,1.647
-1.969,1.066
-2.043,1.648
-2.056,-0.475
-2.27,-0.499
-0.826,-0.016
-3.044,0.205
1.365,2.129
1.099,2.687
1.059,2.562
-1.238,-0.049
-1.938,0.676
-2.29,1.259
-2.482,1.85
0.934,1.258
0.689,-0.792
-0.42,-0.762
2.083,-0.793
-0.084,-1.195
-0.806,-1.282
-2.083,-1.344
1.724,-1.297
-0.16,-1.857
-0.161,0.176
-0.195,-0.361
-0.229,-1.127
-0.317,-1.461
-0.338,0.348
-0.449,-2.165
-0.394,-0.692
-0.539,-0.45
-0.489,-1.31
-0.49,0.244
-0.551,-0.213
-0.588,-2.564
-0.672,-1.735
-0.619,-1.173
-0.695,0.199
-0.704,-0.908
-0.787,-3.269
-0.731,-1.412
-0.758,-3.295
-0.766,-0.729
-0.781,-1.534
-0.794,-1.59
-0.808,-0.566
-0.942,-2.225
-1.103,-2.085
-1.138,-0.612
-1.066,-0.013
-1.082,-0.598
-1.256,-1.897
-1.244,-2.115
-1.272,-3.315
-1.411,0.376
-1.466,-2.09
-1.475,-0.473
-1.628,0.127
-1.711,-1.164
-1.697,-2.237
-1.808,-0.025
-1.779,-0.438
-1.946,-1.56
-1.984,-0.885
-1.952,-1.14
-1.957,-0.908
-1.963,-2.348
-2.096,-2.588
-2.041,-3.161
-2.076,-1.758
-2.146,0.488
-2.245,-1.768
-2.212,-2.546
-2.269,-0.747
-2.324,-1.545
-2.325,-0.517
-2.384,-2.531
-2.453,-0.536
-2.566,-2.652
-2.569,-1.297
-2.599,-1.708
-2.54,-1.303
-2.612,-0.941
-2.615,-0.978
-2.73,-0.097
-2.824,-2.368
-2.752,-1.681
-2.82,-0.995
-2.867,-1.311
-2.814,-1.964
-2.848,-2.299
-2.967,-1.875
-2.961,-2.336
-3.021,-2.736
-3.032,-1.706
-2.981,-1.747
-3.079,-2.904
-3.001,0.5
-3.017,-2.41
-3.031,-0.754
-3.122,0.293
3.111,-1.351
3.1,-3.127
3.081,-1.809
3.007,-0.915
2.952,-2.396
2.988,-1.676
2.925,-2.072
2.876,-0.071
2.859,-3.249
2.852,-1.384
2.915,-0.323
2.883,0.474
2.832,-2.937
2.726,-2.729
2.743,-2.992
2.685,0.336
2.603,-3.386
2.589,-1.526
2.557,-0.635
2.541,-2.99
2.403,-0.372
2.409,-1.055
2.383,-1.315
2.309,-1.627
2.13,-2.135
1.925,-2.576
1.915,-2.258
1.838,0.073
1.765,-1.343
1.742,-2.025
1.753,0.364
1.698,-2.612
1.708,-0.838
1.666,-0.51
1.546,-1.969
1.544,-0.986
1.541,-2.096
1.366,-3.232
1.28,-1.953
1.24,-2.189
1.204,-1.278
1.116,-2.326
1.12,-1.788
1.093,-2.231
1.013,-3.475
1.007,-1.374
0.921,-0.037
0.982,-1.768
0.915,0.142
0.882,0.094
0.895,-3.336
0.813,-1.146
0.802,-1.877
0.783,-0.968
0.769,-1.753
0.812,-0.458
0.726,-1.209
0.794,-2.221
0.714,-1.904
0.624,-2.037
0.66,-0.209
0.583,-1.787
0.134,-3.517
-0.129,-3.835
-0.214,-3.685
-0.446,-3.718
-1.232,-3.499
-1.635,-3.559
-1.992,-3.711
-2.758,-3.522
-2.846,-3.819
-2.965,-3.896
-3.072,-3.917
-3.138,-3.799
2.724,-3.929
2.299,-3.77
1.957,-3.956
1.704,-3.57
1.145,-3.768
0.91,-3.77
-0.178,0.53
-0.292,0.639
-1.051,0.445
2.852,0.569
2.722,0.647
2.709,0.629
2.57,0.622
2.559,0.663
1.642,0.301
0.696,0.562
0.426,-2.32
-0.072,-2.01
-0.784,-1.935
0.849,-1.691
0.735,-2.769
-1.276,-3.791
2.145,-3.873
0.516,-0.947
0.562,-1.422
0.387,0.389
0.387,-2.274
0.445,-2.493
0.292,-0.419
0.131,-2.453
0.053,-1.075
0.171,-1.136
0.005,-1.872
-0.148,-1.068
-0.312,-3.284
-0.273,-1.38
-0.376,-1.211
-0.517,-0.101
-0.428,-0.317
-0.565,-2.175
-0.649,-1.28
-0.934,0.187
-0.955,-2.261
-0.957,-2.199
-0.87,-1.919
-1.167,-2.214
-1.264,-2.883
-1.263,-1.247
-1.437,0.18
-1.359,-0.542
-1.515,-0.074
-1.555,-0.24
-1.575,-2.405
-1.592,-2.11
-1.528,-1.0
-1.666,-2.517
-1.703,-2.716
-1.684,0.269
-1.725,-0.139
-1.78,-2.449
-2.019,-1.738
-1.879,-2.249
-1.883,-0.186
-1.917,-2.195
-1.924,-2.489
-2.067,-0.994
-2.065,0.161
-2.019,-2.668
-2.259,-2.435
-2.17,-2.76
-2.343,-0.709
-2.31,-1.366
-2.44,-1.791
-2.398,-1.715
-2.398,-0.844
-2.575,0.343
-2.476,-2.728
-2.583,-0.781
-2.674,-2.112
-2.743,0.119
-2.843,-3.235
-2.972,-0.684
-2.904,-2.68
-2.976,-3.454
3.037,-0.064
2.978,-0.346
2.937,0.132
2.912,-1.803
2.777,0.048
2.694,-0.428
2.645,-2.24
2.0,0.381
1.529,-0.942
1.519,-0.843
1.358,-0.875
0.939,-3.43
0.953,-2.547
1.057,-2.047
0.948,-1.231
0.763,-1.308
0.689,-1.061
0.653,-3.387
0.63,-3.368
0.608,-2.687
0.578,-2.935
0.558,-2.706
0.627,-3.525
0.443,-3.67
0.421,-3.73
0.024,-3.741
-0.787,-3.532
-0.913,-3.553
-1.108,-3.61
-1.708,-3.817
-2.33,-3.84
-2.344,-3.714
-2.68,-3.884
-2.619,-3.803
-2.673,-3.761
-2.84,-3.566
-3.0,-3.904
2.749,-3.905
2.632,-3.726
2.152,-3.817
1.948,-3.609
1.105,-3.803
0.974,-3.587
1.122,-3.811
-1.188,0.458
-1.562,0.544
-2.713,0.506
2.275,0.626
1.274,0.58
0.252,-2.765
-0.146,-2.796
-1.34,-1.059
-2.031,-1.64
-2.105,-1.058
-2.118,-3.181
-2.332,-3.205
-0.888,-2.722
-3.106,-2.501
1.303,-0.577
1.037,-0.019
0.997,-0.144
-1.3,-2.755
-2.0,-2.03
-2.352,-1.447
-2.544,-0.856
0.872,-1.448
0.627,-3.498
-0.482,-3.468
2.021,-3.499
-0.146,-3.901
-0.868,-3.988
-2.145,-4.05
1.662,-4.003
-0.001,2.033
-0.035,1.496
-0.069,0.73
-0.157,0.396
-0.178,2.205
-0.289,-0.308
-0.234,1.165
-0.379,1.407
-0.329,0.547
-0.33,2.101
-0.391,1.644
-0.428,-0.707
-0.512,0.122
-0.459,0.684
-0.535,2.056
-0.544,0.949
-0.627,-1.412
-0.571,0.445
-0.598,-1.438
-0.606,1.128
-0.621,0.323
-0.634,0.267
-0.648,1.291
-0.782,-0.368
-0.943,-0.228
-0.978,1.245
-0.906,1.844
-0.922,1.259
-1.096,-0.04
-1.084,-0.258
-1.112,-1.458
-1.251,2.233
-1.306,-0.233
-1.315,1.384
-1.468,1.984
-1.551,0.693
-1.537,-0.38
-1.648,1.832
-1.619,1.419
-1.786,0.297
-1.824,0.972
-1.792,0.717
-1.797,0.949
-1.803,-0.491
-1.936,-0.731
-1.881,-1.304
-1.916,0.099
-1.986,2.345
-2.085,0.089
-2.052,-0.689
-2.109,1.11
-2.164,0.312
-2.165,1.34
-2.224,-0.674
-2.293,1.321
-2.406,-0.795
-2.409,0.56
-2.439,0.149
-2.38,0.554
-2.452,0.916
-2.455,0.879
-2.57,1.76
-2.664,-0.511
-2.592,0.176
-2.66,0.862
-2.707,0.546
-2.654,-0.107
-2.688,-0.442
-2.807,-0.018
-2.801,-0.479
-2.861,-0.879
-2.872,0.151
-2.821,0.11
-2.919,-1.047
-2.841,2.357
-2.857,-0.553
-2.871,1.103
-2.962,2.15
-3.012,0.506
-3.023,-1.27
-3.042,0.048
-3.116,0.942
3.112,-0.539
-3.135,0.181
3.085,-0.215
3.036,1.786
3.019,-1.392
3.012,0.473
3.075,1.534
3.043,2.331
2.992,-1.08
2.886,-0.872
2.903,-1.135
2.845,2.193
2.763,-1.529
2.749,0.331
2.717,1.222
2.701,-1.133
2.563,1.485
2.569,0.802
2.543,0.542
2.469,0.23
2.29,-0.278
2.085,-0.719
2.075,-0.401
1.998,1.93
1.925,0.514
1.902,-0.168
1.913,2.221
1.858,-0.755
1.868,1.019
1.826,1.347
1.706,-0.112
1.704,0.871
1.701,-0.239
1.526,-1.375
1.44,-0.096
1.4,-0.332
1.364,0.579
1.276,-0.469
1.28,0.069
1.253,-0.374
1.173,-1.618
1.167,0.483
1.081,1.82
1.142,0.089
1.075,1.999
1.042,1.951
1.055,-1.479
0.973,0.711
0.962,-0.02
0.943,0.889
0.929,0.104
0.972,1.399
0.886,0.648
0.954,-0.364
0.874,-0.047
0.784,-0.18
0.82,1.648
0.743,0.07
0.294,-1.66
0.031,-1.978
-0.054,-1.828
-0.286,-1.861
-1.072,-1.642
-1.475,-1.702
-1.832,-1.854
-2.598,-1.665
-2.686,-1.962
-2.805,-2.039
-2.912,-2.06
-2.978,-1.942
2.884,-2.072
2.459,-1.913
2.117,-2.099
1.864,-1.713
1.305,-1.911
1.07,-1.913
-0.018,2.387
-0.132,2.496
-0.891,2.302
3.012,2.426
2.882,2.504
2.869,2.486
2.73,2.479
2.719,2.52
1.802,2.158
0.856,2.419
0.586,-0.463
0.088,-0.153
-0.624,-0.078
1.009,0.166
0.895,-0.912
-1.116,-1.934
2.305,-2.016
0.676,0.91
0.722,0.435
0.547,2.246
0.547,-0.417
0.605,-0.636
0.452,1.438
0.291,-0.596
0.213,0.782
0.331,0.721
0.165,-0.015
0.012,0.789
-0.152,-1.427
-0.113,0.477
-0.216,0.646
-0.357,1.756
-0.268,1.54
-0.405,-0.318
-0.489,0.577
-0.774,2.044
-0.795,-0.404
-0.797,-0.342
-0.71,-0.062
-1.007,-0.357
-1.104,-1.026
-1.103,0.61
-1.277,2.037
-1.199,1.315
-1.355,1.783
-1.395,1.617
-1.415,-0.548
-1.432,-0.253
-1.368,0.857
-1.506,-0.66
-1.543,-0.859
-1.524,2.126
-1.565,1.718
-1.62,-0.592
-1.859,0.119
-1.719,-0.392
-1.723,1.671
-1.757,-0.338
-1.764,-0.632
-1.907,0.863
-1.905,2.018
-1.859,-0.811
-2.099,-0.578
-2.01,-0.903
-2.183,1.148
-2.15,0.491
-2.28,0.066
-2.238,0.142
-2.238,1.013
-2.415,2.2
-2.316,-0.871
-2.423,1.076
-2.514,-0.255
-2.583,1.976
-2.683,-1.378
-2.812,1.173
-2.744,-0.823
-2.816,-1.597
-3.086,1.793
3.138,1.511
3.097,1.989
3.072,0.054
2.937,1.905
2.854,1.429
2.805,-0.383
2.16,2.238
1.689,0.915
1.679,1.014
1.518,0.982
1.099,-1.573
1.113,-0.69
1.217,-0.19
1.108,0.626
0.923,0.549
0.849,0.796
0.813,-1.53
0.79,-1.511
0.768,-0.83
0.738,-1.078
0.718,-0.849
0.787,-1.668
0.603,-1.813
0.581,-1.873
0.184,-1.884
-0.627,-1.675
-0.753,-1.696
-0.948,-1.753
-1.548,-1.96
-2.17,-1.983
-2.184,-1.857
-2.52,-2.027
-2.459,-1.946
-2.513,-1.904
-2.68,-1.709
-2.84,-2.047
2.909,-2.048
2.792,-1.869
2.312,-1.96
2.108,-1.752
1.265,-1.946
1.134,-1.73
1.282,-1.954
-1.028,2.315
-1.402,2.401
-2.553,2.363
2.435,2.483
1.434,2.437
0.412,-0.908
0.014,-0.939
-1.18,0.798
-1.871,0.217
-1.945,0.799
-1.958,-1.324
-2.172,-1.348
-0.728,-0.865
-2.946,-0.644
1.463,1.28
1.197,1.838
1.157,1.713
-1.14,-0.898
-1.84,-0.173
-2.192,0.41
-2.384,1.001
1.032,0.409
0.787,-1.641
-0.322,-1.611
2.181,-1.642
0.014,-2.044
-0.708,-2.131
-1.985,-2.193
1.822,-2.146
-0.034,-0.537
-0.068,-1.303
-0.156,-1.637
-0.177,0.172
-0.288,-2.341
-0.233,-0.868
-0.378,-0.626
-0.328,-1.486
-0.329,0.068
-0.39,-0.389
-0.427,-2.74
-0.511,-1.911
-0.458,-1.349
-0.534,0.023
-0.543,-1.084
-0.626,-3.445
-0.57,-1.588
-0.597,-3.471
-0.605,-0.905
-0.62,-1.71
-0.633,-1.766
-0.647,-0.742
-0.781,-2.401
-0.942,-2.261
-0.977,-0.788
-0.905,-0.189
-0.921,-0.774
-1.095,-2.073
-1.083,-2.291
-1.111,-3.491
-1.25,0.2
-1.305,-2.266
-1.314,-0.649
-1.467,-0.049
-1.55,-1.34
-1.536,-2.413
-1.647,-0.201
-1.618,-0.614
-1.785,-1.736
-1.823,-1.061
-1.791,-1.316
-1.796,-1.084
-1.802,-2.524
-1.935,-2.764
-1.88,-3.337
-1.915,-1.934
-1.985,0.312
-2.084,-1.944
-2.051,-2.722
-2.108,-0.923
-2.163,-1.721
-2.164,-0.693
-2.223,-2.707
-2.292,-0.712
-2.405,-2.828
-2.408,-1.473
-2.438,-1.884
-2.379,-1.479
-2.451,-1.117
-2.454,-1.154
-2.569,-0.273
-2.663,-2.544
-2.591,-1.857
-2.659,-1.171
-2.706,-1.487
-2.653,-2.14
-2.687,-2.475
-2.806,-2.051
-2.8,-2.512
-2.86,-2.912
-2.871,-1.882
-2.82,-1.923
-2.918,-3.08
-2.84,0.324
-2.856,-2.586
-2.87,-0.93
-2.961,0.117
-3.011,-1.527
-3.022,-3.303
-3.041,-1.985
-3.115,-1.091
3.113,-2.572
-3.134,-1.852
3.086,-2.248
3.037,-0.247
3.02,-3.425
3.013,-1.56
3.076,-0.499
3.044,0.298
2.993,-3.113
2.887,-2.905
2.904,-3.168
2.846,0.16
2.764,-3.562
2.75,-1.702
2.718,-0.811
2.702,-3.166
2.564,-0.548
2.57,-1.231
2.544,-1.491
2.47,-1.803
2.291,-2.311
2.086,-2.752
2.076,-2.434
1.999,-0.103
1.926,-1.519
1.903,-2.201
1.914,0.188
1.859,-2.788
1.869,-1.014
1.827,-0.686
1.707,-2.145
1.705,-1.162
1.702,-2.272
1.527,-3.408
1.441,-2.129
1.401,-2.365
1.365,-1.454
1.277,-2.502
1.281,-1.964
1.254,-2.407
1.174,-3.651
1.168,-1.55
1.082,-0.213
1.143,-1.944
1.076,-0.034
1.043,-0.082
1.056,-3.512
0.974,-1.322
0.963,-2.053
0.944,-1.144
0.93,-1.929
0.973,-0.634
0.887,-1.385
0.955,-2.397
0.875,-2.08
0.785,-2.213
0.821,-0.385
0.744,-1.963
0.295,-3.693
0.032,-4.011
-0.053,-3.861
-0.285,-3.894
-1.071,-3.675
-1.474,-3.735
-1.831,-3.887
-2.597,-3.698
-2.685,-3.995
-2.804,-4.072
-2.911,-4.093
-2.977,-3.975
2.885,-4.105
2.46,-3.946
2.118,-4.132
1.865,-3.746
1.306,-3.944
1.071,-3.946
-0.017,0.354
-0.131,0.463
-0.89,0.269
3.013,0.393
2.883,0.471
2.87,0.453
2.731,0.446
2.72,0.487
1.803,0.125
0.857,0.386
0.587,-2.496
0.089,-2.186
-0.623,-2.111
1.01,-1.867
0.896,-2.945
-1.115,-3.967
2.306,-4.049
0.677,-1.123
0.723,-1.598
0.548,0.213
0.548,-2.45
0.606,-2.669
0.453,-0.595
0.292,-2.629
0.214,-1.251
0.332,-1.312
0.166,-2.048
0.013,-1.244
-0.151,-3.46
-0.112,-1.556
-0.215,-1.387
-0.356,-0.277
-0.267,-0.493
-0.404,-2.351
-0.488,-1.456
-0.773,0.011
-0.794,-2.437
-0.796,-2.375
-0.709,-2.095
-1.006,-2.39
-1.103,-3.059
-1.102,-1.423
-1.276,0.004
-1.198,-0.718
-1.354,-0.25
-1.394,-0.416
-1.414,-2.581
-1.431,-2.286
-1.367,-1.176
-1.505,-2.693
-1.542,-2.892
-1.523,0.093
-1.564,-0.315
-1.619,-2.625
-1.858,-1.914
-1.718,-2.425
-1.722,-0.362
-1.756,-2.371
-1.763,-2.665
-1.906,-1.17
-1.904,-0.015
-1.858,-2.844
-2.098,-2.611
-2.009,-2.936
-2.182,-0.885
-2.149,-1.542
-2.279,-1.967
-2.237,-1.891
-2.237,-1.02
-2.414,0.167
-2.315,-2.904
-2.422,-0.957
-2.513,-2.288
-2.582,-0.057
-2.682,-3.411
-2.811,-0.86
-2.743,-2.856
-2.815,-3.63
-3.085,-0.24
3.139,-0.522
3.098,-0.044
3.073,-1.979
2.938,-0.128
2.855,-0.604
2.806,-2.416
2.161,0.205
1.69,-1.118
1.68,-1.019
1.519,-1.051
1.1,-3.606
1.114,-2.723
1.218,-2.223
1.109,-1.407
0.924,-1.484
0.85,-1.237
0.814,-3.563
0.791,-3.544
0.769,-2.863
0.739,-3.111
0.719,-2.882
0.788,-3.701
0.604,-3.846
0.582,-3.906
0.185,-3.917
-0.626,-3.708
-0.752,-3.729
-0.947,-3.786
-1.547,-3.993
-2.169,-4.016
-2.183,-3.89
-2.519,-4.06
-2.458,-3.979
-2.512,-3.937
-2.679,-3.742
-2.839,-4.08
2.91,-4.081
2.793,-3.902
2.313,-3.993
2.109,-3.785
1.266,-3.979
1.135,-3.763
1.283,-3.987
-1.027,0.282
-1.401,0.368
-2.552,0.33
2.436,0.45
1.435,0.404
0.413,-2.941
0.015,-2.972
-1.179,-1.235
-1.87,-1.816
-1.944,-1.234
-1.957,-3.357
-2.171,-3.381
-0.727,-2.898
-2.945,-2.677
1.464,-0.753
1.198,-0.195
1.158,-0.32
-1.139,-2.931
-1.839,-2.206
-2.191,-1.623
-2.383,-1.032
1.033,-1.624
0.788,-3.674
-0.321,-3.644
2.182,-3.675
0.015,-4.077
-0.707,-4.164
-1.984,-4.226
1.823,-4.179
-0.034,-0.766
-0.122,-1.1
-0.143,0.709
-0.254,-1.804
-0.199,-0.331
-0.344,-0.089
-0.294,-0.949
-0.295,0.605
-0.356,0.148
-0.393,-2.203
-0.477,-1.374
-0.424,-0.812
-0.5,0.56
-0.509,-0.547
-0.592,-2.908
-0.536,-1.051
-0.563,-2.934
-0.571,-0.368
-0.586,-1.173
-0.599,-1.229
-0.613,-0.205
-0.747,-1.864
-0.908,-1.724
-0.943,-0.251
-0.871,0.348
-0.887,-0.237
-1.061,-1.536
-1.049,-1.754
-1.077,-2.954
-1.216,0.737
-1.271,-1.729
-1.28,-0.112
-1.433,0.488
-1.516,-0.803
-1.502,-1.876
-1.613,0.336
-1.584,-0.077
-1.751,-1.199
-1.789,-0.524
-1.757,-0.779
-1.762,-0.547
-1.768,-1.987
-1.901,-2.227
-1.846,-2.8
-1.881,-1.397
-1.951,0.849
-2.05,-1.407
-2.017,-2.185
-2.074,-0.386
-2.129,-1.184
-2.13,-0.156
-2.189,-2.17
-2.258,-0.175
-2.371,-2.291
-2.374,-0.936
-2.404,-1.347
-2.345,-0.942
-2.417,-0.58
-2.42,-0.617
-2.535,0.264
-2.629,-2.007
-2.557,-1.32
-2.625,-0.634
-2.672,-0.95
-2.619,-1.603
-2.653,-1.938
-2.772,-1.514
-2.766,-1.975
-2.826,-2.375
-2.837,-1.345
-2.786,-1.386
-2.884,-2.543
-2.806,0.861
-2.822,-2.049
-2.836,-0.393
-2.927,0.654
-2.977,-0.99
-2.988,-2.766
-3.007,-1.448
-3.081,-0.554
-3.136,-2.035
-3.1,-1.315
3.12,-1.711
3.071,0.29
3.054,-2.888
3.047,-1.023
3.11,0.038
3.078,0.835
3.027,-2.576
2.921,-2.368
2.938,-2.631
2.88,0.697
2.798,-3.025
2.784,-1.165
2.752,-0.274
2.736,-2.629
2.598,-0.011
2.604,-0.694
2.578,-0.954
2.504,-1.266
2.325,-1.774
2.12,-2.215
2.11,-1.897
2.033,0.434
1.96,-0.982
1.937,-1.664
1.948,0.725
1.893,-2.251
1.903,-0.477
1.861,-0.149
1.741,-1.608
1.739,-0.625
1.736,-1.735
1.561,-2.871
1.475,-1.592
1.435,-1.828
1.399,-0.917
1.311,-1.965
1.315,-1.427
1.288,-1.87
1.208,-3.114
1.202,-1.013
1.116,0.324
1.177,-1.407
1.11,0.503
1.077,0.455
1.09,-2.975
1.008,-0.785
0.997,-1.516
0.978,-0.607
0.964,-1.392
1.007,-0.097
0.921,-0.848
0.989,-1.86
0.909,-1.543
0.819,-1.676
0.855,0.152
0.778,-1.426
0.329,-3.156
0.066,-3.474
-0.019,-3.324
-0.251,-3.357
-1.037,-3.138
-1.44,-3.198
-1.797,-3.35
-2.563,-3.161
-2.651,-3.458
-2.77,-3.535
-2.877,-3.556
-2.943,-3.438
2.919,-3.568
2.494,-3.409
2.152,-3.595
1.899,-3.209
1.34,-3.407
1.105,-3.409
0.017,0.891
-0.097,1.0
-0.856,0.806
3.047,0.93
2.917,1.008
2.904,0.99
2.765,0.983
2.754,1.024
1.837,0.662
0.891,0.923
0.621,-1.959
0.123,-1.649
-0.589,-1.574
1.044,-1.33
0.93,-2.408
-1.081,-3.43
2.34,-3.512
0.711,-0.586
0.757,-1.061
0.582,0.75
0.582,-1.913
0.64,-2.132
0.487,-0.058
0.326,-2.092
0.248,-0.714
0.366,-0.775
0.2,-1.511
0.047,-0.707
-0.117,-2.923
-0.078,-1.019
-0.181,-0.85
-0.322,0.26
-0.233,0.044
-0.37,-1.814
-0.454,-0.919
-0.739,0.548
-0.76,-1.9
-0.762,-1.838
-0.675,-1.558
-0.972,-1.853
-1.069,-2.522
-1.068,-0.886
-1.242,0.541
-1.164,-0.181
-1.32,0.287
-1.36,0.121
-1.38,-2.044
-1.397,-1.749
-1.333,-0.639
-1.471,-2.156
-1.508,-2.355
-1.489,0.63
-1.53,0.222
-1.585,-2.088
-1.824,-1.377
-1.684,-1.888
-1.688,0.175
-1.722,-1.834
-1.729,-2.128
-1.872,-0.633
-1.87,0.522
-1.824,-2.307
-2.064,-2.074
-1.975,-2.399
-2.148,-0.348
-2.115,-1.005
-2.245,-1.43
-2.203,-1.354
-2.203,-0.483
-2.38,0.704
-2.281,-2.367
-2.388,-0.42
-2.479,-1.751
-2.548,0.48
-2.648,-2.874
-2.777,-0.323
-2.709,-2.319
-2.781,-3.093
-3.051,0.297
-3.11,0.015
3.132,0.493
3.107,-1.442
2.972,0.409
2.889,-0.067
2.84,-1.879
2.195,0.742
1.724,-0.581
1.714,-0.482
1.553,-0.514
1.134,-3.069
1.148,-2.186
1.252,-1.686
1.143,-0.87
0.958,-0.947
0.884,-0.7
0.848,-3.026
0.825,-3.007
0.803,-2.326
0.773,-2.574
0.753,-2.345
0.822,-3.164
0.638,-3.309
0.616,-3.369
0.219,-3.38
-0.592,-3.171
-0.718,-3.192
-0.913,-3.249
-1.513,-3.456
-2.135,-3.479
-2.149,-3.353
-2.485,-3.523
-2.424,-3.442
-2.478,-3.4
-2.645,-3.205
-2.805,-3.543
2.944,-3.544
2.827,-3.365
2.347,-3.456
2.143,-3.248
1.3,-3.442
1.169,-3.226
1.317,-3.45
-0.993,0.819
-1.367,0.905
-2.518,0.867
2.47,0.987
1.469,0.941
0.447,-2.404
0.049,-2.435
-1.145,-0.698
-1.836,-1.279
-1.91,-0.697
-1.923,-2.82
-2.137,-2.844
-0.693,-2.361
-2.911,-2.14
1.498,-0.216
1.232,0.342
1.192,0.217
-1.105,-2.394
-1.805,-1.669
-2.157,-1.086
-2.349,-0.495
1.067,-1.087
0.822,-3.137
-0.287,-3.107
2.216,-3.138
0.049,-3.54
-0.673,-3.627
-1.95,-3.689
1.857,-3.642
-0.088,-0.334
-0.109,1.475
-0.22,-1.038
-0.165,0.435
-0.31,0.677
-0.26,-0.183
-0.261,1.371
-0.322,0.914
-0.359,-1.437
-0.443,-0.608
-0.39,-0.046
-0.466,1.326
-0.475,0.219
-0.558,-2.142
-0.502,-0.285
-0.529,-2.168
-0.537,0.398
-0.552,-0.407
-0.565,-0.463
-0.579,0.561
-0.713,-1.098
-0.874,-0.958
-0.909,0.515
-0.837,1.114
-0.853,0.529
-1.027,-0.77
-1.015,-0.988
-1.043,-2.188
-1.182,1.503
-1.237,-0.963
-1.246,0.654
-1.399,1.254
-1.482,-0.037
-1.468,-1.11
-1.579,1.102
-1.55,0.689
-1.717,-0.433
-1.755,0.242
-1.723,-0.013
-1.728,0.219
-1.734,-1.221
-1.867,-1.461
-1.812,-2.034
-1.847,-0.631
-1.917,1.615
-2.016,-0.641
-1.983,-1.419
-2.04,0.38
-2.095,-0.418
-2.096,0.61
-2.155,-1.404
-2.224,0.591
-2.337,-1.525
-2.34,-0.17
-2.37,-0.581
-2.311,-0.176
-2.383,0.186
-2.386,0.149
-2.501,1.03
-2.595,-1.241
-2.523,-0.554
-2.591,0.132
-2.638,-0.184
-2.585,-0.837
-2.619,-1.172
-2.738,-0.748
-2.732,-1.209
-2.792,-1.609
-2.803,-0.579
-2.752,-0.62
-2.85,-1.777
-2.772,1.627
-2.788,-1.283
-2.802,0.373
-2.893,1.42
-2.943,-0.224
-2.954,-2.0
-2.973,-0.682
-3.047,0.212
-3.102,-1.269
-3.066,-0.549
-3.129,-0.945
3.105,1.056
3.088,-2.122
3.081,-0.257
-3.139,0.804
3.112,1.601
3.061,-1.81
2.955,-1.602
2.972,-1.865
2.914,1.463
2.832,-2.259
2.818,-0.399
2.786,0.492
2.77,-1.863
2.632,0.755
2.638,0.072
2.612,-0.188
2.538,-0.5
2.359,-1.008
2.154,-1.449
2.144,-1.131
2.067,1.2
1.994,-0.216
1.971,-0.898
1.982,1.491
1.927,-1.485
1.937,0.289
1.895,0.617
1.775,-0.842
1.773,0.141
1.77,-0.969
1.595,-2.105
1.509,-0.826
1.469,-1.062
1.433,-0.151
1.345,-1.199
1.349,-0.661
1.322,-1.104
1.242,-2.348
1.236,-0.247
1.15,1.09
1.211,-0.641
1.144,1.269
1.111,1.221
1.124,-2.209
1.042,-0.019
1.031,-0.75
1.012,0.159
0.998,-0.626
1.041,0.669
0.955,-0.082
1.023,-1.094
0.943,-0.777
0.853,-0.91
0.889,0.918
0.812,-0.66
0.363,-2.39
0.1,-2.708
0.015,-2.558
-0.217,-2.591
-1.003,-2.372
-1.406,-2.432
-1.763,-2.584
-2.529,-2.395
-2.617,-2.692
-2.736,-2.769
-2.843,-2.79
-2.909,-2.672
2.953,-2.802
2.528,-2.643
2.186,-2.829
1.933,-2.443
1.374,-2.641
1.139,-2.643
0.051,1.657
-0.063,1.766
-0.822,1.572
3.081,1.696
2.951,1.774
2.938,1.756
2.799,1.749
2.788,1.79
1.871,1.428
0.925,1.689
0.655,-1.193
0.157,-0.883
-0.555,-0.808
1.078,-0.564
0.964,-1.642
-1.047,-2.664
2.374,-2.746
0.745,0.18
0.791,-0.295
0.616,1.516
0.616,-1.147
0.674,-1.366
0.521,0.708
0.36,-1.326
0.282,0.052
0.4,-0.009
0.234,-0.745
0.081,0.059
-0.083,-2.157
-0.044,-0.253
-0.147,-0.084
-0.288,1.026
-0.199,0.81
-0.336,-1.048
-0.42,-0.153
-0.705,1.314
-0.726,-1.134
-0.728,-1.072
-0.641,-0.792
-0.938,-1.087
-1.035,-1.756
-1.034,-0.12
-1.208,1.307
-1.13,0.585
-1.286,1.053
-1.326,0.887
-1.346,-1.278
-1.363,-0.983
-1.299,0.127
-1.437,-1.39
-1.474,-1.589
-1.455,1.396
-1.496,0.988
-1.551,-1.322
-1.79,-0.611
-1.65,-1.122
-1.654,0.941
-1.688,-1.068
-1.695,-1.362
-1.838,0.133
-1.836,1.288
-1.79,-1.541
-2.03,-1.308
-1.941,-1.633
-2.114,0.418
-2.081,-0.239
-2.211,-0.664
-2.169,-0.588
-2.169,0.283
-2.346,1.47
-2.247,-1.601
-2.354,0.346
-2.445,-0.985
-2.514,1.246
-2.614,-2.108
-2.743,0.443
-2.675,-1.553
-2.747,-2.327
-3.017,1.063
-3.076,0.781
-3.117,1.259
3.141,-0.676
3.006,1.175
2.923,0.699
2.874,-1.113
2.229,1.508
1.758,0.185
1.748,0.284
1.587,0.252
1.168,-2.303
1.182,-1.42
1.286,-0.92
1.177,-0.104
0.992,-0.181
0.918,0.066
0.882,-2.26
0.859,-2.241
0.837,-1.56
0.807,-1.808
0.787,-1.579
0.856,-2.398
0.672,-2.543
0.65,-2.603
0.253,-2.614
-0.558,-2.405
-0.684,-2.426
-0.879,-2.483
-1.479,-2.69
-2.101,-2.713
-2.115,-2.587
-2.451,-2.757
-2.39,-2.676
-2.444,-2.634
-2.611,-2.439
-2.771,-2.777
2.978,-2.778
2.861,-2.599
2.381,-2.69
2.177,-2.482
1.334,-2.676
1.203,-2.46
1.351,-2.684
-0.959,1.585
-1.333,1.671
-2.484,1.633
2.504,1.753
1.503,1.707
0.481,-1.638
0.083,-1.669
-1.111,0.068
-1.802,-0.513
-1.876,0.069
-1.889,-2.054
-2.103,-2.078
-0.659,-1.595
-2.877,-1.374
1.532,0.55
1.266,1.108
1.226,0.983
-1.071,-1.628
-1.771,-0.903
-2.123,-0.32
-2.315,0.271
1.101,-0.321
0.856,-2.371
-0.253,-2.341
2.25,-2.372
0.083,-2.774
-0.639,-2.861
-1.916,-2.923
1.891,-2.876
-0.021,1.809
-0.132,-0.704
-0.077,0.769
-0.222,1.011
-0.172,0.151
-0.173,1.705
-0.234,1.248
-0.271,-1.103
-0.355,-0.274
-0.302,0.288
-0.378,1.66
-0.387,0.553
-0.47,-1.808
-0.414,0.049
-0.441,-1.834
-0.449,0.732
-0.464,-0.073
-0.477,-0.129
-0.491,0.895
-0.625,-0.764
-0.786,-0.624
-0.821,0.849
-0.749,1.448
-0.765,0.863
-0.939,-0.436
-0.927,-0.654
-0.955,-1.854
-1.094,1.837
-1.149,-0.629
-1.158,0.988
-1.311,1.588
-1.394,0.297
-1.38,-0.776
-1.491,1.436
-1.462,1.023
-1.629,-0.099
-1.667,0.576
-1.635,0.321
-1.64,0.553
-1.646,-0.887
-1.779,-1.127
-1.724,-1.7
-1.759,-0.297
-1.829,1.949
-1.928,-0.307
-1.895,-1.085
-1.952,0.714
-2.007,-0.084
-2.008,0.944
-2.067,-1.07
-2.136,0.925
-2.249,-1.191
-2.252,0.164
-2.282,-0.247
-2.223,0.158
-2.295,0.52
-2.298,0.483
-2.413,1.364
-2.507,-0.907
-2.435,-0.22
-2.503,0.466
-2.55,0.15
-2.497,-0.503
-2.531,-0.838
-2.65,-0.414
-2.644,-0.875
-2.704,-1.275
-2.715,-0.245
-2.664,-0.286
-2.762,-1.443
-2.684,1.961
-2.7,-0.949
-2.714,0.707
-2.805,1.754
-2.855,0.11
-2.866,-1.666
-2.885,-0.348
-2.959,0.546
-3.014,-0.935
-2.978,-0.215
-3.041,-0.611
-3.09,1.39
-3.107,-1.788
-3.114,0.077
-3.051,1.138
-3.083,1.935
-3.134,-1.476
3.043,-1.268
3.06,-1.531
3.002,1.797
2.92,-1.925
2.906,-0.065
2.874,0.826
2.858,-1.529
2.72,1.089
2.726,0.406
2.7,0.146
2.626,-0.166
2.447,-0.674
2.242,-1.115
2.232,-0.797
2.155,1.534
2.082,0.118
2.059,-0.564
2.07,1.825
2.015,-1.151
2.025,0.623
1.983,0.951
1.863,-0.508
1.861,0.475
1.858,-0.635
1.683,-1.771
1.597,-0.492
1.557,-0.728
1.521,0.183
1.433,-0.865
1.437,-0.327
1.41,-0.77
1.33,-2.014
1.324,0.087
1.238,1.424
1.299,-0.307
1.232,1.603
1.199,1.555
1.212,-1.875
1.13,0.315
1.119,-0.416
1.1,0.493
1.086,-0.292
1.129,1.003
1.043,0.252
1.111,-0.76
1.031,-0.443
0.941,-0.576
0.977,1.252
0.9,-0.326
0.451,-2.056
0.188,-2.374
0.103,-2.224
-0.129,-2.257
-0.915,-2.038
-1.318,-2.098
-1.675,-2.25
-2.441,-2.061
-2.529,-2.358
-2.648,-2.435
-2.755,-2.456
-2.821,-2.338
3.041,-2.468
2.616,-2.309
2.274,-2.495
2.021,-2.109
1.462,-2.307
1.227,-2.309
0.139,1.991
0.025,2.1
-0.734,1.906
-3.114,2.03
3.039,2.108
3.026,2.09
2.887,2.083
2.876,2.124
1.959,1.762
1.013,2.023
0.743,-0.859
0.245,-0.549
-0.467,-0.474
1.166,-0.23
1.052,-1.308
-0.959,-2.33
2.462,-2.412
0.833,0.514
0.879,0.039
0.704,1.85
0.704,-0.813
0.762,-1.032
0.609,1.042
0.448,-0.992
0.37,0.386
0.488,0.325
0.322,-0.411
0.169,0.393
0.005,-1.823
0.044,0.081
-0.059,0.25
-0.2,1.36
-0.111,1.144
-0.248,-0.714
-0.332,0.181
-0.617,1.648
-0.638,-0.8
-0.64,-0.738
-0.553,-0.458
-0.85,-0.753
-0.947,-1.422
-0.946,0.214
-1.12,1.641
-1.042,0.919
-1.198,1.387
-1.238,1.221
-1.258,-0.944
-1.275,-0.649
-1.211,0.461
-1.349,-1.056
-1.386,-1.255
-1.367,1.73
-1.408,1.322
-1.463,-0.988
-1.702,-0.277
-1.562,-0.788
-1.566,1.275
-1.6,-0.734
-1.607,-1.028
-1.75,0.467
-1.748,1.622
-1.702,-1.207
-1.942,-0.974
-1.853,-1.299
-2.026,0.752
-1.993,0.095
-2.123,-0.33
-2.081,-0.254
-2.081,0.617
-2.258,1.804
-2.159,-1.267
-2.266,0.68
-2.357,-0.651
-2.426,1.58
-2.526,-1.774
-2.655,0.777
-2.587,-1.219
-2.659,-1.993
-2.929,1.397
-2.988,1.115
-3.029,1.593
-3.054,-0.342
3.094,1.509
3.011,1.033
2.962,-0.779
2.317,1.842
1.846,0.519
1.836,0.618
1.675,0.586
1.256,-1.969
1.27,-1.086
1.374,-0.586
1.265,0.23
1.08,0.153
1.006,0.4
0.97,-1.926
0.947,-1.907
0.925,-1.226
0.895,-1.474
0.875,-1.245
0.944,-2.064
0.76,-2.209
0.738,-2.269
0.341,-2.28
-0.47,-2.071
-0.596,-2.092
-0.791,-2.149
-1.391,-2.356
-2.013,-2.379
-2.027,-2.253
-2.363,-2.423
-2.302,-2.342
-2.356,-2.3
-2.523,-2.105
-2.683,-2.443
3.066,-2.444
2.949,-2.265
2.469,-2.356
2.265,-2.148
1.422,-2.342
1.291,-2.126
1.439,-2.35
-0.871,1.919
-1.245,2.005
-2.396,1.967
2.592,2.087
1.591,2.041
0.569,-1.304
0.171,-1.335
-1.023,0.402
-1.714,-0.179
-1.788,0.403
-1.801,-1.72
-2.015,-1.744
-0.571,-1.261
-2.789,-1.04
1.62,0.884
1.354,1.442
1.314,1.317
-0.983,-1.294
-1.683,-0.569
-2.035,0.014
-2.227,0.605
1.189,0.013
0.944,-2.037
-0.165,-2.007
2.338,-2.038
0.171,-2.44
-0.551,-2.527
-1.828,-2.589
1.979,-2.542
-0.111,-2.513
-0.056,-1.04
-0.201,-0.798
-0.151,-1.658
-0.152,-0.104
-0.213,-0.561
-0.25,-2.912
-0.334,-2.083
-0.281,-1.521
-0.357,-0.149
-0.366,-1.256
-0.449,-3.617
-0.393,-1.76
-0.42,-3.643
-0.428,-1.077
-0.443,-1.882
-0.456,-1.938
-0.47,-0.914
-0.604,-2.573
-0.765,-2.433
-0.8,-0.96
-0.728,-0.361
-0.744,-0.946
-0.918,-2.245
-0.906,-2.463
-0.934,-3.663
-1.073,0.028
-1.128,-2.438
-1.137,-0.821
-1.29,-0.221
-1.373,-1.512
-1.359,-2.585
-1.47,-0.373
-1.441,-0.786
-1.608,-1.908
-1.646,-1.233
-1.614,-1.488
-1.619,-1.256
-1.625,-2.696
-1.758,-2.936
-1.703,-3.509
-1.738,-2.106
-1.808,0.14
-1.907,-2.116
-1.874,-2.894
-1.931,-1.095
-1.986,-1.893
-1.987,-0.865
-2.046,-2.879
-2.115,-0.884
-2.228,-3.0
-2.231,-1.645
-2.261,-2.056
-2.202,-1.651
-2.274,-1.289
-2.277,-1.326
-2.392,-0.445
-2.486,-2.716
-2.414,-2.029
-2.482,-1.343
-2.529,-1.659
-2.476,-2.312
-2.51,-2.647
-2.629,-2.223
-2.623,-2.684
-2.683,-3.084
-2.694,-2.054
-2.643,-2.095
-2.741,-3.252
-2.663,0.152
-2.679,-2.758
-2.693,-1.102
-2.784,-0.055
-2.834,-1.699
-2.845,-3.475
-2.864,-2.157
-2.938,-1.263
-2.993,-2.744
-2.957,-2.024
-3.02,-2.42
-3.069,-0.419
-3.086,-3.597
-3.093,-1.732
-3.03,-0.671
-3.062,0.126
-3.113,-3.285
3.064,-3.077
3.081,-3.34
3.023,-0.012
2.941,-3.734
2.927,-1.874
2.895,-0.983
2.879,-3.338
2.741,-0.72
2.747,-1.403
2.721,-1.663
2.647,-1.975
2.468,-2.483
2.263,-2.924
2.253,-2.606
2.176,-0.275
2.103,-1.691
2.08,-2.373
2.091,0.016
2.036,-2.96
2.046,-1.186
2.004,-0.858
1.884,-2.317
1.882,-1.334
1.879,-2.444
1.704,-3.58
1.618,-2.301
1.578,-2.537
1.542,-1.626
1.454,-2.674
1.458,-2.136
1.431,-2.579
1.351,-3.823
1.345,-1.722
1.259,-0.385
1.32,-2.116
1.253,-0.206
1.22,-0.254
1.233,-3.684
1.151,-1.494
1.14,-2.225
1.121,-1.316
1.107,-2.101
1.15,-0.806
1.064,-1.557
1.132,-2.569
1.052,-2.252
0.962,-2.385
0.998,-0.557
0.921,-2.135
0.472,-3.865
0.209,-4.183
0.124,-4.033
-0.108,-4.066
-0.894,-3.847
-1.297,-3.907
-1.654,-4.059
-2.42,-3.87
-2.508,-4.167
-2.627,-4.244
-2.734,-4.265
-2.8,-4.147
3.062,-4.277
2.637,-4.118
2.295,-4.304
2.042,-3.918
1.483,-4.116
1.248,-4.118
0.16,0.182
0.046,0.291
-0.713,0.097
-3.093,0.221
3.06,0.299
3.047,0.281
2.908,0.274
2.897,0.315
1.98,-0.047
1.034,0.214
0.764,-2.668
0.266,-2.358
-0.446,-2.283
1.187,-2.039
1.073,-3.117
-0.938,-4.139
2.483,-4.221
0.854,-1.295
0.9,-1.77
0.725,0.041
0.725,-2.622
0.783,-2.841
0.63,-0.767
0.469,-2.801
0.391,-1.423
0.509,-1.484
0.343,-2.22
0.19,-1.416
0.026,-3.632
0.065,-1.728
-0.038,-1.559
-0.179,-0.449
-0.09,-0.665
-0.227,-2.523
-0.311,-1.628
-0.596,-0.161
-0.617,-2.609
-0.619,-2.547
-0.532,-2.267
-0.829,-2.562
-0.926,-3.231
-0.925,-1.595
-1.099,-0.168
-1.021,-0.89
-1.177,-0.422
-1.217,-0.588
-1.237,-2.753
-1.254,-2.458
-1.19,-1.348
-1.328,-2.865
-1.365,-3.064
-1.346,-0.079
-1.387,-0.487
-1.442,-2.797
-1.681,-2.086
-1.541,-2.597
-1.545,-0.534
-1.579,-2.543
-1.586,-2.837
-1.729,-1.342
-1.727,-0.187
-1.681,-3.016
-1.921,-2.783
-1.832,-3.108
-2.005,-1.057
-1.972,-1.714
-2.102,-2.139
-2.06,-2.063
-2.06,-1.192
-2.237,-0.005
-2.138,-3.076
-2.245,-1.129
-2.336,-2.46
-2.405,-0.229
-2.505,-3.583
-2.634,-1.032
-2.566,-3.028
-2.638,-3.802
-2.908,-0.412
-2.967,-0.694
-3.008,-0.216
-3.033,-2.151
3.115,-0.3
3.032,-0.776
2.983,-2.588
2.338,0.033
1.867,-1.29
1.857,-1.191
1.696,-1.223
1.277,-3.778
1.291,-2.895
1.395,-2.395
1.286,-1.579
1.101,-1.656
1.027,-1.409
0.991,-3.735
0.968,-3.716
0.946,-3.035
0.916,-3.283
0.896,-3.054
0.965,-3.873
0.781,-4.018
0.759,-4.078
0.362,-4.089
-0.449,-3.88
-0.575,-3.901
-0.77,-3.958
-1.37,-4.165
-1.992,-4.188
-2.006,-4.062
-2.342,-4.232
-2.281,-4.151
-2.335,-4.109
-2.502,-3.914
-2.662,-4.252
3.087,-4.253
2.97,-4.074
2.49,-4.165
2.286,-3.957
1.443,-4.151
1.312,-3.935
1.46,-4.159
-0.85,0.11
-1.224,0.196
-2.375,0.158
2.613,0.278
1.612,0.232
0.59,-3.113
0.192,-3.144
-1.002,-1.407
-1.693,-1.988
-1.767,-1.406
-1.78,-3.529
-1.994,-3.553
-0.55,-3.07
-2.768,-2.849
1.641,-0.925
1.375,-0.367
1.335,-0.492
-0.962,-3.103
-1.662,-2.378
-2.014,-1.795
-2.206,-1.204
1.21,-1.796
0.965,-3.846
-0.144,-3.816
2.359,-3.847
0.192,-4.249
-0.53,-4.336
-1.807,-4.398
2.0,-4.351
0.055,1.473
-0.09,1.715
-0.04,0.855
-0.041,2.409
-0.102,1.952
-0.139,-0.399
-0.223,0.43
-0.17,0.992
-0.246,2.364
-0.255,1.257
-0.338,-1.104
-0.282,0.753
-0.309,-1.13
-0.317,1.436
-0.332,0.631
-0.345,0.575
-0.359,1.599
-0.493,-0.06
-0.654,0.08
-0.689,1.553
-0.617,2.152
-0.633,1.567
-0.807,0.268
-0.795,0.05
-0.823,-1.15
-0.962,2.541
-1.017,0.075
-1.026,1.692
-1.179,2.292
-1.262,1.001
-1.248,-0.072
-1.359,2.14
-1.33,1.727
-1.497,0.605
-1.535,1.28
-1.503,1.025
-1.508,1.257
-1.514,-0.183
-1.647,-0.423
-1.592,-0.996
-1.627,0.407
-1.697,2.653
-1.796,0.397
-1.763,-0.381
-1.82,1.418
-1.875,0.62
-1.876,1.648
-1.935,-0.366
-2.004,1.629
-2.117,-0.487
-2.12,0.868
-2.15,0.457
-2.091,0.862
-2.163,1.224
-2.166,1.187
-2.281,2.068
-2.375,-0.203
-2.303,0.484
-2.371,1.17
-2.418,0.854
-2.365,0.201
-2.399,-0.134
-2.518,0.29
-2.512,-0.171
-2.572,-0.571
-2.583,0.459
-2.532,0.418
-2.63,-0.739
-2.552,2.665
-2.568,-0.245
-2.582,1.411
-2.673,2.458
-2.723,0.814
-2.734,-0.962
-2.753,0.356
-2.827,1.25
-2.882,-0.231
-2.846,0.489
-2.909,0.093
-2.958,2.094
-2.975,-1.084
-2.982,0.781
-2.919,1.842
-2.951,2.639
-3.002,-0.772
-3.108,-0.564
-3.091,-0.827
3.134,2.501
3.052,-1.221
3.038,0.639
3.006,1.53
2.99,-0.825
2.852,1.793
2.858,1.11
2.832,0.85
2.758,0.538
2.579,0.03
2.374,-0.411
2.364,-0.093
2.287,2.238
2.214,0.822
2.191,0.14
2.202,2.529
2.147,-0.447
2.157,1.327
2.115,1.655
1.995,0.196
1.993,1.179
1.99,0.069
1.815,-1.067
1.729,0.212
1.689,-0.024
1.653,0.887
1.565,-0.161
1.569,0.377
1.542,-0.066
1.462,-1.31
1.456,0.791
1.37,2.128
1.431,0.397
1.364,2.307
1.331,2.259
1.344,-1.171
1.262,1.019
1.251,0.288
1.232,1.197
1.218,0.412
1.261,1.707
1.175,0.956
1.243,-0.056
1.163,0.261
1.073,0.128
1.109,1.956
1.032,0.378
0.583,-1.352
0.32,-1.67
0.235,-1.52
0.003,-1.553
-0.783,-1.334
-1.186,-1.394
-1.543,-1.546
-2.309,-1.357
-2.397,-1.654
-2.516,-1.731
-2.623,-1.752
-2.689,-1.634
-3.11,-1.764
2.748,-1.605
2.406,-1.791
2.153,-1.405
1.594,-1.603
1.359,-1.605
0.271,2.695
0.157,2.804
-0.602,2.61
-2.982,2.734
-3.112,2.812
-3.125,2.794
3.019,2.787
3.008,2.828
2.091,2.466
1.145,2.727
0.875,-0.155
0.377,0.155
-0.335,0.23
1.298,0.474
1.184,-0.604
-0.827,-1.626
2.594,-1.708
0.965,1.218
1.011,0.743
0.836,2.554
0.836,-0.109
0.894,-0.328
0.741,1.746
0.58,-0.288
0.502,1.09
0.62,1.029
0.454,0.293
0.301,1.097
0.137,-1.119
0.176,0.785
0.073,0.954
-0.068,2.064
0.021,1.848
-0.116,-0.01
-0.2,0.885
-0.485,2.352
-0.506,-0.096
-0.508,-0.034
-0.421,0.246
-0.718,-0.049
-0.815,-0.718
-0.814,0.918
-0.988,2.345
-0.91,1.623
-1.066,2.091
-1.106,1.925
-1.126,-0.24
-1.143,0.055
-1.079,1.165
-1.217,-0.352
-1.254,-0.551
-1.235,2.434
-1.276,2.026
-1.331,-0.284
-1.57,0.427
-1.43,-0.084
-1.434,1.979
-1.468,-0.03
-1.475,-0.324
-1.618,1.171
-1.616,2.326
-1.57,-0.503
-1.81,-0.27
-1.721,-0.595
-1.894,1.456
-1.861,0.799
-1.991,0.374
-1.949,0.45
-1.949,1.321
-2.126,2.508
-2.027,-0.563
-2.134,1.384
-2.225,0.053
-2.294,2.284
-2.394,-1.07
-2.523,1.481
-2.455,-0.515
-2.527,-1.289
-2.797,2.101
-2.856,1.819
-2.897,2.297
-2.922,0.362
-3.057,2.213
-3.14,1.737
3.094,-0.075
2.449,2.546
1.978,1.223
1.968,1.322
1.807,1.29
1.388,-1.265
1.402,-0.382
1.506,0.118
1.397,0.934
1.212,0.857
1.138,1.104
1.102,-1.222
1.079,-1.203
1.057,-0.522
1.027,-0.77
1.007,-0.541
1.076,-1.36
0.892,-1.505
0.87,-1.565
0.473,-1.576
-0.338,-1.367
-0.464,-1.388
-0.659,-1.445
-1.259,-1.652
-1.881,-1.675
-1.895,-1.549
-2.231,-1.719
-2.17,-1.638
-2.224,-1.596
-2.391,-1.401
-2.551,-1.739
-3.085,-1.74
3.081,-1.561
2.601,-1.652
2.397,-1.444
1.554,-1.638
1.423,-1.422
1.571,-1.646
-0.739,2.623
-1.113,2.709
-2.264,2.671
2.724,2.791
1.723,2.745
0.701,-0.6
0.303,-0.631
-0.891,1.106
-1.582,0.525
-1.656,1.107
-1.669,-1.016
-1.883,-1.04
-0.439,-0.557
-2.657,-0.336
1.752,1.588
1.486,2.146
1.446,2.021
-0.851,-0.59
-1.551,0.135
-1.903,0.718
-2.095,1.309
1.321,0.717
1.076,-1.333
-0.033,-1.303
2.47,-1.334
0.303,-1.736
-0.419,-1.823
-1.696,-1.885
2.111,-1.838
-0.145,0.242
-0.095,-0.618
-0.096,0.936
-0.157,0.479
-0.194,-1.872
-0.278,-1.043
-0.225,-0.481
-0.301,0.891
-0.31,-0.216
-0.393,-2.577
-0.337,-0.72
-0.364,-2.603
-0.372,-0.037
-0.387,-0.842
-0.4,-0.898
-0.414,0.126
-0.548,-1.533
-0.709,-1.393
-0.744,0.08
-0.672,0.679
-0.688,0.094
-0.862,-1.205
-0.85,-1.423
-0.878,-2.623
-1.017,1.068
-1.072,-1.398
-1.081,0.219
-1.234,0.819
-1.317,-0.472
-1.303,-1.545
-1.414,0.667
-1.385,0.254
-1.552,-0.868
-1.59,-0.193
-1.558,-0.448
-1.563,-0.216
-1.569,-1.656
-1.702,-1.896
-1.647,-2.469
-1.682,-1.066
-1.752,1.18
-1.851,-1.076
-1.818,-1.854
-1.875,-0.055
-1.93,-0.853
-1.931,0.175
-1.99,-1.839
-2.059,0.156
-2.172,-1.96
-2.175,-0.605
-2.205,-1.016
-2.146,-0.611
-2.218,-0.249
-2.221,-0.286
-2.336,0.595
-2.43,-1.676
-2.358,-0.989
-2.426,-0.303
-2.473,-0.619
-2.42,-1.272
-2.454,-1.607
-2.573,-1.183
-2.567,-1.644
-2.627,-2.044
-2.638,-1.014
-2.587,-1.055
-2.685,-2.212
-2.607,1.192
-2.623,-1.718
-2.637,-0.062
-2.728,0.985
-2.778,-0.659
-2.789,-2.435
-2.808,-1.117
-2.882,-0.223
-2.937,-1.704
-2.901,-0.984
-2.964,-1.38
-3.013,0.621
-3.03,-2.557
-3.037,-0.692
-2.974,0.369
-3.006,1.166
-3.057,-2.245
3.12,-2.037
3.137,-2.3
3.079,1.028
2.997,-2.694
2.983,-0.834
2.951,0.057
2.935,-2.298
2.797,0.32
2.803,-0.363
2.777,-0.623
2.703,-0.935
2.524,-1.443
2.319,-1.884
2.309,-1.566
2.232,0.765
2.159,-0.651
2.136,-1.333
2.147,1.056
2.092,-1.92
2.102,-0.146
2.06,0.182
1.94,-1.277
1.938,-0.294
1.935,-1.404
1.76,-2.54
1.674,-1.261
1.634,-1.497
1.598,-0.586
1.51,-1.634
1.514,-1.096
1.487,-1.539
1.407,-2.783
1.401,-0.682
1.315,0.655
1.376,-1.076
1.309,0.834
1.276,0.786
1.289,-2.644
1.207,-0.454
1.196,-1.185
1.177,-0.276
1.163,-1.061
1.206,0.234
1.12,-0.517
1.188,-1.529
1.108,-1.212
1.018,-1.345
1.054,0.483
0.977,-1.095
0.528,-2.825
0.265,-3.143
0.18,-2.993
-0.052,-3.026
-0.838,-2.807
-1.241,-2.867
-1.598,-3.019
-2.364,-2.83
-2.452,-3.127
-2.571,-3.204
-2.678,-3.225
-2.744,-3.107
3.118,-3.237
2.693,-3.078
2.351,-3.264
2.098,-2.878
1.539,-3.076
1.304,-3.078
0.216,1.222
0.102,1.331
-0.657,1.137
-3.037,1.261
3.116,1.339
3.103,1.321
2.964,1.314
2.953,1.355
2.036,0.993
1.09,1.254
0.82,-1.628
0.322,-1.318
-0.39,-1.243
1.243,-0.999
1.129,-2.077
-0.882,-3.099
2.539,-3.181
0.91,-0.255
0.956,-0.73
0.781,1.081
0.781,-1.582
0.839,-1.801
0.686,0.273
0.525,-1.761
0.447,-0.383
0.565,-0.444
0.399,-1.18
0.246,-0.376
0.082,-2.592
0.121,-0.688
0.018,-0.519
-0.123,0.591
-0.034,0.375
-0.171,-1.483
-0.255,-0.588
-0.54,0.879
-0.561,-1.569
-0.563,-1.507
-0.476,-1.227
-0.773,-1.522
-0.87,-2.191
-0.869,-0.555
-1.043,0.872
-0.965,0.15
-1.121,0.618
-1.161,0.452
-1.181,-1.713
-1.198,-1.418
-1.134,-0.308
-1.272,-1.825
-1.309,-2.024
-1.29,0.961
-1.331,0.553
-1.386,-1.757
-1.625,-1.046
-1.485,-1.557
-1.489,0.506
-1.523,-1.503
-1.53,-1.797
-1.673,-0.302
-1.671,0.853
-1.625,-1.976
-1.865,-1.743
-1.776,-2.068
-1.949,-0.017
-1.916,-0.674
-2.046,-1.099
-2.004,-1.023
-2.004,-0.152
-2.181,1.035
-2.082,-2.036
-2.189,-0.089
-2.28,-1.42
-2.349,0.811
-2.449,-2.543
-2.578,0.008
-2.51,-1.988
-2.582,-2.762
-2.852,0.628
-2.911,0.346
-2.952,0.824
-2.977,-1.111
-3.112,0.74
3.088,0.264
3.039,-1.548
2.394,1.073
1.923,-0.25
1.913,-0.151
1.752,-0.183
1.333,-2.738
1.347,-1.855
1.451,-1.355
1.342,-0.539
1.157,-0.616
1.083,-0.369
1.047,-2.695
1.024,-2.676
1.002,-1.995
0.972,-2.243
0.952,-2.014
1.021,-2.833
0.837,-2.978
0.815,-3.038
0.418,-3.049
-0.393,-2.84
-0.519,-2.861
-0.714,-2.918
-1.314,-3.125
-1.936,-3.148
-1.95,-3.022
-2.286,-3.192
-2.225,-3.111
-2.279,-3.069
-2.446,-2.874
-2.606,-3.212
-3.14,-3.213
3.026,-3.034
2.546,-3.125
2.342,-2.917
1.499,-3.111
1.368,-2.895
1.516,-3.119
-0.794,1.15
-1.168,1.236
-2.319,1.198
2.669,1.318
1.668,1.272
0.646,-2.073
0.248,-2.104
-0.946,-0.367
-1.637,-0.948
-1.711,-0.366
-1.724,-2.489
-1.938,-2.513
-0.494,-2.03
-2.712,-1.809
1.697,0.115
1.431,0.673
1.391,0.548
-0.906,-2.063
-1.606,-1.338
-1.958,-0.755
-2.15,-0.164
1.266,-0.756
1.021,-2.806
-0.088,-2.776
2.415,-2.807
0.248,-3.209
-0.474,-3.296
-1.751,-3.358
2.056,-3.311
0.05,-0.86
0.049,0.694
-0.012,0.237
-0.049,-2.114
-0.133,-1.285
-0.08,-0.723
-0.156,0.649
-0.165,-0.458
-0.248,-2.819
-0.192,-0.962
-0.219,-2.845
-0.227,-0.279
-0.242,-1.084
-0.255,-1.14
-0.269,-0.116
-0.403,-1.775
-0.564,-1.635
-0.599,-0.162
-0.527,0.437
-0.543,-0.148
-0.717,-1.447
-0.705,-1.665
-0.733,-2.865
-0.872,0.826
-0.927,-1.64
-0.936,-0.023
-1.089,0.577
-1.172,-0.714
-1.158,-1.787
-1.269,0.425
-1.24,0.012
-1.407,-1.11
-1.445,-0.435
-1.413,-0.69
-1.418,-0.458
-1.424,-1.898
-1.557,-2.138
-1.502,-2.711
-1.537,-1.308
-1.607,0.938
-1.706,-1.318
-1.673,-2.096
-1.73,-0.297
-1.785,-1.095
-1.786,-0.067
-1.845,-2.081
-1.914,-0.086
-2.027,-2.202
-2.03,-0.847
-2.06,-1.258
-2.001,-0.853
-2.073,-0.491
-2.076,-0.528
-2.191,0.353
-2.285,-1.918
-2.213,-1.231
-2.281,-0.545
-2.328,-0.861
-2.275,-1.514
-2.309,-1.849
-2.428,-1.425
-2.422,-1.886
-2.482,-2.286
-2.493,-1.256
-2.442,-1.297
-2.54,-2.454
-2.462,0.95
-2.478,-1.96
-2.492,-0.304
-2.583,0.743
-2.633,-0.901
-2.644,-2.677
-2.663,-1.359
-2.737,-0.465
-2.792,-1.946
-2.756,-1.226
-2.819,-1.622
-2.868,0.379
-2.885,-2.799
-2.892,-0.934
-2.829,0.127
-2.861,0.924
-2.912,-2.487
-3.018,-2.279
-3.001,-2.542
-3.059,0.786
-3.141,-2.936
3.128,-1.076
3.096,-0.185
3.08,-2.54
2.942,0.078
2.948,-0.605
2.922,-0.865
2.848,-1.177
2.669,-1.685
2.464,-2.126
2.454,-1.808
2.377,0.523
2.304,-0.893
2.281,-1.575
2.292,0.814
2.237,-2.162
2.247,-0.388
2.205,-0.06
2.085,-1.519
2.083,-0.536
2.08,-1.646
1.905,-2.782
1.819,-1.503
1.779,-1.739
1.743,-0.828
1.655,-1.876
1.659,-1.338
1.632,-1.781
1.552,-3.025
1.546,-0.924
1.46,0.413
1.521,-1.318
1.454,0.592
1.421,0.544
1.434,-2.886
1.352,-0.696
1.341,-1.427
1.322,-0.518
1.308,-1.303
1.351,-0.008
1.265,-0.759
1.333,-1.771
1.253,-1.454
1.163,-1.587
1.199,0.241
1.122,-1.337
0.673,-3.067
0.41,-3.385
0.325,-3.235
0.093,-3.268
-0.693,-3.049
-1.096,-3.109
-1.453,-3.261
-2.219,-3.072
-2.307,-3.369
-2.426,-3.446
-2.533,-3.467
-2.599,-3.349
-3.02,-3.479
2.838,-3.32
2.496,-3.506
2.243,-3.12
1.684,-3.318
1.449,-3.32
0.361,0.98
0.247,1.089
-0.512,0.895
-2.892,1.019
-3.022,1.097
-3.035,1.079
3.109,1.072
3.098,1.113
2.181,0.751
1.235,1.012
0.965,-1.87
0.467,-1.56
-0.245,-1.485
1.388,-1.241
1.274,-2.319
-0.737,-3.341
2.684,-3.423
1.055,-0.497
1.101,-0.972
0.926,0.839
0.926,-1.824
0.984,-2.043
0.831,0.031
0.67,-2.003
0.592,-0.625
0.71,-0.686
0.544,-1.422
0.391,-0.618
0.227,-2.834
0.266,-0.93
0.163,-0.761
0.022,0.349
0.111,0.133
-0.026,-1.725
-0.11,-0.83
-0.395,0.637
-0.416,-1.811
-0.418,-1.749
-0.331,-1.469
-0.628,-1.764
-0.725,-2.433
-0.724,-0.797
-0.898,0.63
-0.82,-0.092
-0.976,0.376
-1.016,0.21
-1.036,-1.955
-1.053,-1.66
-0.989,-0.55
-1.127,-2.067
-1.164,-2.266
-1.145,0.719
-1.186,0.311
-1.241,-1.999
-1.48,-1.288
-1.34,-1.799
-1.344,0.264
-1.378,-1.745
-1.385,-2.039
-1.528,-0.544
-1.526,0.611
-1.48,-2.218
-1.72,-1.985
-1.631,-2.31
-1.804,-0.259
-1.771,-0.916
-1.901,-1.341
-1.859,-1.265
-1.859,-0.394
-2.036,0.793
-1.937,-2.278
-2.044,-0.331
-2.135,-1.662
-2.204,0.569
-2.304,-2.785
-2.433,-0.234
-2.365,-2.23
-2.437,-3.004
-2.707,0.386
-2.766,0.104
-2.807,0.582
-2.832,-1.353
-2.967,0.498
-3.05,0.022
-3.099,-1.79
2.539,0.831
2.068,-0.492
2.058,-0.393
1.897,-0.425
1.478,-2.98
1.492,-2.097
1.596,-1.597
1.487,-0.781
1.302,-0.858
1.228,-0.611
1.192,-2.937
1.169,-2.918
1.147,-2.237
1.117,-2.485
1.097,-2.256
1.166,-3.075
0.982,-3.22
0.96,-3.28
0.563,-3.291
-0.248,-3.082
-0.374,-3.103
-0.569,-3.16
-1.169,-3.367
-1.791,-3.39
-1.805,-3.264
-2.141,-3.434
-2.08,-3.353
-2.134,-3.311
-2.301,-3.116
-2.461,-3.454
-2.995,-3.455
-3.112,-3.276
2.691,-3.367
2.487,-3.159
1.644,-3.353
1.513,-3.137
1.661,-3.361
-0.649,0.908
-1.023,0.994
-2.174,0.956
2.814,1.076
1.813,1.03
0.791,-2.315
0.393,-2.346
-0.801,-0.609
-1.492,-1.19
-1.566,-0.608
-1.579,-2.731
-1.793,-2.755
-0.349,-2.272
-2.567,-2.051
1.842,-0.127
1.576,0.431
1.536,0.306
-0.761,-2.305
-1.461,-1.58
-1.813,-0.997
-2.005,-0.406
1.411,-0.998
1.166,-3.048
0.057,-3.018
2.56,-3.049
0.393,-3.451
-0.329,-3.538
-1.606,-3.6
2.201,-3.553
-0.001,1.554
-0.062,1.097
-0.099,-1.254
-0.183,-0.425
-0.13,0.137
-0.206,1.509
-0.215,0.402
-0.298,-1.959
-0.242,-0.102
-0.269,-1.985
-0.277,0.581
-0.292,-0.224
-0.305,-0.28
-0.319,0.744
-0.453,-0.915
-0.614,-0.775
-0.649,0.698
-0.577,1.297
-0.593,0.712
-0.767,-0.587
-0.755,-0.805
-0.783,-2.005
-0.922,1.686
-0.977,-0.78
-0.986,0.837
-1.139,1.437
-1.222,0.146
-1.208,-0.927
-1.319,1.285
-1.29,0.872
-1.457,-0.25
-1.495,0.425
-1.463,0.17
-1.468,0.402
-1.474,-1.038
-1.607,-1.278
-1.552,-1.851
-1.587,-0.448
-1.657,1.798
-1.756,-0.458
-1.723,-1.236
-1.78,0.563
-1.835,-0.235
-1.836,0.793
-1.895,-1.221
-1.964,0.774
-2.077,-1.342
-2.08,0.013
-2.11,-0.398
-2.051,0.007
-2.123,0.369
-2.126,0.332
-2.241,1.213
-2.335,-1.058
-2.263,-0.371
-2.331,0.315
-2.378,-0.001
-2.325,-0.654
-2.359,-0.989
-2.478,-0.565
-2.472,-1.026
-2.532,-1.426
-2.543,-0.396
-2.492,-0.437
-2.59,-1.594
-2.512,1.81
-2.528,-1.1
-2.542,0.556
-2.633,1.603
-2.683,-0.041
-2.694,-1.817
-2.713,-0.499
-2.787,0.395
-2.842,-1.086
-2.806,-0.366
-2.869,-0.762
-2.918,1.239
-2.935,-1.939
-2.942,-0.074
-2.879,0.987
-2.911,1.784
-2.962,-1.627
-3.068,-1.419
-3.051,-1.682
-3.109,1.646
3.092,-2.076
3.078,-0.216
3.046,0.675
3.03,-1.68
2.892,0.938
2.898,0.255
2.872,-0.005
2.798,-0.317
2.619,-0.825
2.414,-1.266
2.404,-0.948
2.327,1.383
2.254,-0.033
2.231,-0.715
2.242,1.674
2.187,-1.302
2.197,0.472
2.155,0.8
2.035,-0.659
2.033,0.324
2.03,-0.786
1.855,-1.922
1.769,-0.643
1.729,-0.879
1.693,0.032
1.605,-1.016
1.609,-0.478
1.582,-0.921
1.502,-2.165
1.496,-0.064
1.41,1.273
1.471,-0.458
1.404,1.452
1.371,1.404
1.384,-2.026
1.302,0.164
1.291,-0.567
1.272,0.342
1.258,-0.443
1.301,0.852
1.215,0.101
1.283,-0.911
1.203,-0.594
1.113,-0.727
1.149,1.101
1.072,-0.477
0.623,-2.207
0.36,-2.525
0.275,-2.375
0.043,-2.408
-0.743,-2.189
-1.146,-2.249
-1.503,-2.401
-2.269,-2.212
-2.357,-2.509
-2.476,-2.586
-2.583,-2.607
-2.649,-2.489
-3.07,-2.619
2.788,-2.46
2.446,-2.646
2.193,-2.26
1.634,-2.458
1.399,-2.46
0.311,1.84
0.197,1.949
-0.562,1.755
-2.942,1.879
-3.072,1.957
-3.085,1.939
3.059,1.932
3.048,1.973
2.131,1.611
1.185,1.872
0.915,-1.01
0.417,-0.7
-0.295,-0.625
1.338,-0.381
1.224,-1.459
-0.787,-2.481
2.634,-2.563
1.005,0.363
1.051,-0.112
0.876,1.699
0.876,-0.964
0.934,-1.183
0.781,0.891
0.62,-1.143
0.542,0.235
0.66,0.174
0.494,-0.562
0.341,0.242
0.177,-1.974
0.216,-0.07
0.113,0.099
-0.028,1.209
0.061,0.993
-0.076,-0.865
-0.16,0.03
-0.445,1.497
-0.466,-0.951
-0.468,-0.889
-0.381,-0.609
-0.678,-0.904
-0.775,-1.573
-0.774,0.063
-0.948,1.49
-0.87,0.768
-1.026,1.236
-1.066,1.07
-1.086,-1.095
-1.103,-0.8
-1.039,0.31
-1.177,-1.207
-1.214,-1.406
-1.195,1.579
-1.236,1.171
-1.291,-1.139
-1.53,-0.428
-1.39,-0.939
-1.394,1.124
-1.428,-0.885
-1.435,-1.179
-1.578,0.316
-1.576,1.471
-1.53,-1.358
-1.77,-1.125
-1.681,-1.45
-1.854,0.601
-1.821,-0.056
-1.951,-0.481
-1.909,-0.405
-1.909,0.466
-2.086,1.653
-1.987,-1.418
-2.094,0.529
-2.185,-0.802
-2.254,1.429
-2.354,-1.925
-2.483,0.626
-2.415,-1.37
-2.487,-2.144
-2.757,1.246
-2.816,0.964
-2.857,1.442
-2.882,-0.493
-3.017,1.358
-3.1,0.882
3.134,-0.93
2.489,1.691
2.018,0.368
2.008,0.467
1.847,0.435
1.428,-2.12
1.442,-1.237
1.546,-0.737
1.437,0.079
1.252,0.002
1.178,0.249
1.142,-2.077
1.119,-2.058
1.097,-1.377
1.067,-1.625
1.047,-1.396
1.116,-2.215
0.932,-2.36
0.91,-2.42
0.513,-2.431
-0.298,-2.222
-0.424,-2.243
-0.619,-2.3
-1.219,-2.507
-1.841,-2.53
-1.855,-2.404
-2.191,-2.574
-2.13,-2.493
-2.184,-2.451
-2.351,-2.256
-2.511,-2.594
-3.045,-2.595
3.121,-2.416
2.641,-2.507
2.437,-2.299
1.594,-2.493
1.463,-2.277
1.611,-2.501
-0.699,1.768
-1.073,1.854
-2.224,1.816
2.764,1.936
1.763,1.89
0.741,-1.455
0.343,-1.486
-0.851,0.251
-1.542,-0.33
-1.616,0.252
-1.629,-1.871
-1.843,-1.895
-0.399,-1.412
-2.617,-1.191
1.792,0.733
1.526,1.291
1.486,1.166
-0.811,-1.445
-1.511,-0.72
-1.863,-0.137
-2.055,0.454
1.361,-0.138
1.116,-2.188
0.007,-2.158
2.51,-2.189
0.343,-2.591
-0.379,-2.678
-1.656,-2.74
2.151,-2.693
-0.061,-0.457
-0.098,-2.808
-0.182,-1.979
-0.129,-1.417
-0.205,-0.045
-0.214,-1.152
-0.297,-3.513
-0.241,-1.656
-0.268,-3.539
-0.276,-0.973
-0.291,-1.778
-0.304,-1.834
-0.318,-0.81
-0.452,-2.469
-0.613,-2.329
-0.648,-0.856
-0.576,-0.257
-0.592,-0.842
-0.766,-2.141
-0.754,-2.359
-0.782,-3.559
-0.921,0.132
-0.976,-2.334
-0.985,-0.717
-1.138,-0.117
-1.221,-1.408
-1.207,-2.481
-1.318,-0.269
-1.289,-0.682
-1.456,-1.804
-1.494,-1.129
-1.462,-1.384
-1.467,-1.152
-1.473,-2.592
-1.606,-2.832
-1.551,-3.405
-1.586,-2.002
-1.656,0.244
-1.755,-2.012
-1.722,-2.79
-1.779,-0.991
-1.834,-1.789
-1.835,-0.761
-1.894,-2.775
-1.963,-0.78
-2.076,-2.896
-2.079,-1.541
-2.109,-1.952
-2.05,-1.547
-2.122,-1.185
-2.125,-1.222
-2.24,-0.341
-2.334,-2.612
-2.262,-1.925
-2.33,-1.239
-2.377,-1.555
-2.324,-2.208
-2.358,-2.543
-2.477,-2.119
-2.471,-2.58
-2.531,-2.98
-2.542,-1.95
-2.491,-1.991
-2.589,-3.148
-2.511,0.256
-2.527,-2.654
-2.541,-0.998
-2.632,0.049
-2.682,-1.595
-2.693,-3.371
-2.712,-2.053
-2.786,-1.159
-2.841,-2.64
-2.805,-1.92
-2.868,-2.316
-2.917,-0.315
-2.934,-3.493
-2.941,-1.628
-2.878,-0.567
-2.91,0.23
-2.961,-3.181
-3.067,-2.973
-3.05,-3.236
-3.108,0.092
3.093,-3.63
3.079,-1.77
3.047,-0.879
3.031,-3.234
2.893,-0.616
2.899,-1.299
2.873,-1.559
2.799,-1.871
2.62,-2.379
2.415,-2.82
2.405,-2.502
2.328,-0.171
2.255,-1.587
2.232,-2.269
2.243,0.12
2.188,-2.856
2.198,-1.082
2.156,-0.754
2.036,-2.213
2.034,-1.23
2.031,-2.34
1.856,-3.476
1.77,-2.197
1.73,-2.433
1.694,-1.522
1.606,-2.57
1.61,-2.032
1.583,-2.475
1.503,-3.719
1.497,-1.618
1.411,-0.281
1.472,-2.012
1.405,-0.102
1.372,-0.15
1.385,-3.58
1.303,-1.39
1.292,-2.121
1.273,-1.212
1.259,-1.997
1.302,-0.702
1.216,-1.453
1.284,-2.465
1.204,-2.148
1.114,-2.281
1.15,-0.453
1.073,-2.031
0.624,-3.761
0.361,-4.079
0.276,-3.929
0.044,-3.962
-0.742,-3.743
-1.145,-3.803
-1.502,-3.955
-2.268,-3.766
-2.356,-4.063
-2.475,-4.14
-2.582,-4.161
-2.648,-4.043
-3.069,-4.173
2.789,-4.014
2.447,-4.2
2.194,-3.814
1.635,-4.012
1.4,-4.014
0.312,0.286
0.198,0.395
-0.561,0.201
-2.941,0.325
-3.071,0.403
-3.084,0.385
3.06,0.378
3.049,0.419
2.132,0.057
1.186,0.318
0.916,-2.564
0.418,-2.254
-0.294,-2.179
1.339,-1.935
1.225,-3.013
-0.786,-4.035
2.635,-4.117
1.006,-1.191
1.052,-1.666
0.877,0.145
0.877,-2.518
0.935,-2.737
0.782,-0.663
0.621,-2.697
0.543,-1.319
0.661,-1.38
0.495,-2.116
0.342,-1.312
0.178,-3.528
0.217,-1.624
0.114,-1.455
-0.027,-0.345
0.062,-0.561
-0.075,-2.419
-0.159,-1.524
-0.444,-0.057
-0.465,-2.505
-0.467,-2.443
-0.38,-2.163
-0.677,-2.458
-0.774,-3.127
-0.773,-1.491
-0.947,-0.064
-0.869,-0.786
-1.025,-0.318
-1.065,-0.484
-1.085,-2.649
-1.102,-2.354
-1.038,-1.244
-1.176,-2.761
-1.213,-2.96
-1.194,0.025
-1.235,-0.383
-1.29,-2.693
-1.529,-1.982
-1.389,-2.493
-1.393,-0.43
-1.427,-2.439
-1.434,-2.733
-1.577,-1.238
-1.575,-0.083
-1.529,-2.912
-1.769,-2.679
-1.68,-3.004
-1.853,-0.953
-1.82,-1.61
-1.95,-2.035
-1.908,-1.959
-1.908,-1.088
-2.085,0.099
-1.986,-2.972
-2.093,-1.025
-2.184,-2.356
-2.253,-0.125
-2.353,-3.479
-2.482,-0.928
-2.414,-2.924
-2.486,-3.698
-2.756,-0.308
-2.815,-0.59
-2.856,-0.112
-2.881,-2.047
-3.016,-0.196
-3.099,-0.672
3.135,-2.484
2.49,0.137
2.019,-1.186
2.009,-1.087
1.848,-1.119
1.429,-3.674
1.443,-2.791
1.547,-2.291
1.438,-1.475
1.253,-1.552
1.179,-1.305
1.143,-3.631
1.12,-3.612
1.098,-2.931
1.068,-3.179
1.048,-2.95
1.117,-3.769
0.933,-3.914
0.911,-3.974
0.514,-3.985
-0.297,-3.776
-0.423,-3.797
-0.618,-3.854
-1.218,-4.061
-1.84,-4.084
-1.854,-3.958
-2.19,-4.128
-2.129,-4.047
-2.183,-4.005
-2.35,-3.81
-2.51,-4.148
-3.044,-4.149
3.122,-3.97
2.642,-4.061
2.438,-3.853
1.595,-4.047
1.464,-3.831
1.612,-4.055
-0.698,0.214
-1.072,0.3
-2.223,0.262
2.765,0.382
1.764,0.336
0.742,-3.009
0.344,-3.04
-0.85,-1.303
-1.541,-1.884
-1.615,-1.302
-1.628,-3.425
-1.842,-3.449
-0.398,-2.966
-2.616,-2.745
1.793,-0.821
1.527,-0.263
1.487,-0.388
-0.81,-2.999
-1.51,-2.274
-1.862,-1.691
-2.054,-1.1
1.362,-1.692
1.117,-3.742
0.008,-3.712
2.511,-3.743
0.344,-4.145
-0.378,-4.232
-1.655,-4.294
2.152,-4.247
-0.037,-2.351
-0.121,-1.522
-0.068,-0.96
-0.144,0.412
-0.153,-0.695
-0.236,-3.056
-0.18,-1.199
-0.207,-3.082
-0.215,-0.516
-0.23,-1.321
-0.243,-1.377
-0.257,-0.353
-0.391,-2.012
-0.552,-1.872
-0.587,-0.399
-0.515,0.2
-0.531,-0.385
-0.705,-1.684
-0.693,-1.902
-0.721,-3.102
-0.86,0.589
-0.915,-1.877
-0.924,-0.26
-1.077,0.34
-1.16,-0.951
-1.146,-2.024
-1.257,0.188
-1.228,-0.225
-1.395,-1.347
-1.433,-0.672
-1.401,-0.927
-1.406,-0.695
-1.412,-2.135
-1.545,-2.375
-1.49,-2.948
-1.525,-1.545
-1.595,0.701
-1.694,-1.555
-1.661,-2.333
-1.718,-0.534
-1.773,-1.332
-1.774,-0.304
-1.833,-2.318
-1.902,-0.323
-2.015,-2.439
-2.018,-1.084
-2.048,-1.495
-1.989,-1.09
-2.061,-0.728
-2.064,-0.765
-2.179,0.116
-2.273,-2.155
-2.201,-1.468
-2.269,-0.782
-2.316,-1.098
-2.263,-1.751
-2.297,-2.086
-2.416,-1.662
-2.41,-2.123
-2.47,-2.523
-2.481,-1.493
-2.43,-1.534
-2.528,-2.691
-2.45,0.713
-2.466,-2.197
-2.48,-0.541
-2.571,0.506
-2.621,-1.138
-2.632,-2.914
-2.651,-1.596
-2.725,-0.702
-2.78,-2.183
-2.744,-1.463
-2.807,-1.859
-2.856,0.142
-2.873,-3.036
-2.88,-1.171
-2.817,-0.11
-2.849,0.687
-2.9,-2.724
-3.006,-2.516
-2.989,-2.779
-3.047,0.549
-3.129,-3.173
3.14,-1.313
3.108,-0.422
3.092,-2.777
2.954,-0.159
2.96,-0.842
2.934,-1.102
2.86,-1.414
2.681,-1.922
2.476,-2.363
2.466,-2.045
2.389,0.286
2.316,-1.13
2.293,-1.812
2.304,0.577
2.249,-2.399
2.259,-0.625
2.217,-0.297
2.097,-1.756
2.095,-0.773
2.092,-1.883
1.917,-3.019
1.831,-1.74
1.791,-1.976
1.755,-1.065
1.667,-2.113
1.671,-1.575
1.644,-2.018
1.564,-3.262
1.558,-1.161
1.472,0.176
1.533,-1.555
1.466,0.355
1.433,0.307
1.446,-3.123
1.364,-0.933
1.353,-1.664
1.334,-0.755
1.32,-1.54
1.363,-0.245
1.277,-0.996
1.345,-2.008
1.265,-1.691
1.175,-1.824
1.211,0.004
1.134,-1.574
0.685,-3.304
0.422,-3.622
0.337,-3.472
0.105,-3.505
-0.681,-3.286
-1.084,-3.346
-1.441,-3.498
-2.207,-3.309
-2.295,-3.606
-2.414,-3.683
-2.521,-3.704
-2.587,-3.586
-3.008,-3.716
2.85,-3.557
2.508,-3.743
2.255,-3.357
1.696,-3.555
1.461,-3.557
0.373,0.743
0.259,0.852
-0.5,0.658
-2.88,0.782
-3.01,0.86
-3.023,0.842
3.121,0.835
3.11,0.876
2.193,0.514
1.247,0.775
0.977,-2.107
0.479,-1.797
-0.233,-1.722
1.4,-1.478
1.286,-2.556
-0.725,-3.578
2.696,-3.66
1.067,-0.734
1.113,-1.209
0.938,0.602
0.938,-2.061
0.996,-2.28
0.843,-0.206
0.682,-2.24
0.604,-0.862
0.722,-0.923
0.556,-1.659
0.403,-0.855
0.239,-3.071
0.278,-1.167
0.175,-0.998
0.034,0.112
0.123,-0.104
-0.014,-1.962
-0.098,-1.067
-0.383,0.4
-0.404,-2.048
-0.406,-1.986
-0.319,-1.706
-0.616,-2.001
-0.713,-2.67
-0.712,-1.034
-0.886,0.393
-0.808,-0.329
-0.964,0.139
-1.004,-0.027
-1.024,-2.192
-1.041,-1.897
-0.977,-0.787
-1.115,-2.304
-1.152,-2.503
-1.133,0.482
-1.174,0.074
-1.229,-2.236
-1.468,-1.525
-1.328,-2.036
-1.332,0.027
-1.366,-1.982
-1.373,-2.276
-1.516,-0.781
-1.514,0.374
-1.468,-2.455
-1.708,-2.222
-1.619,-2.547
-1.792,-0.496
-1.759,-1.153
-1.889,-1.578
-1.847,-1.502
-1.847,-0.631
-2.024,0.556
-1.925,-2.515
-2.032,-0.568
-2.123,-1.899
-2.192,0.332
-2.292,-3.022
-2.421,-0.471
-2.353,-2.467
-2.425,-3.241
-2.695,0.149
-2.754,-0.133
-2.795,0.345
-2.82,-1.59
-2.955,0.261
-3.038,-0.215
-3.087,-2.027
2.551,0.594
2.08,-0.729
2.07,-0.63
1.909,-0.662
1.49,-3.217
1.504,-2.334
1.608,-1.834
1.499,-1.018
1.314,-1.095
1.24,-0.848
1.204,-3.174
1.181,-3.155
1.159,-2.474
1.129,-2.722
1.109,-2.493
1.178,-3.312
0.994,-3.457
0.972,-3.517
0.575,-3.528
-0.236,-3.319
-0.362,-3.34
-0.557,-3.397
-1.157,-3.604
-1.779,-3.627
-1.793,-3.501
-2.129,-3.671
-2.068,-3.59
-2.122,-3.548
-2.289,-3.353
-2.449,-3.691
-2.983,-3.692
-3.1,-3.513
2.703,-3.604
2.499,-3.396
1.656,-3.59
1.525,-3.374
1.673,-3.598
-0.637,0.671
-1.011,0.757
-2.162,0.719
2.826,0.839
1.825,0.793
0.803,-2.552
0.405,-2.583
-0.789,-0.846
-1.48,-1.427
-1.554,-0.845
-1.567,-2.968
-1.781,-2.992
-0.337,-2.509
-2.555,-2.288
1.854,-0.364
1.588,0.194
1.548,0.069
-0.749,-2.542
-1.449,-1.817
-1.801,-1.234
-1.993,-0.643
1.423,-1.235
1.178,-3.285
0.069,-3.255
2.572,-3.286
0.405,-3.688
-0.317,-3.775
-1.594,-3.837
2.213,-3.79
-0.084,0.829
-0.031,1.391
-0.107,2.763
-0.116,1.656
-0.199,-0.705
-0.143,1.152
-0.17,-0.731
-0.178,1.835
-0.193,1.03
-0.206,0.974
-0.22,1.998
-0.354,0.339
-0.515,0.479
-0.55,1.952
-0.478,2.551
-0.494,1.966
-0.668,0.667
-0.656,0.449
-0.684,-0.751
-0.823,2.94
-0.878,0.474
-0.887,2.091
-1.04,2.691
-1.123,1.4
-1.109,0.327
-1.22,2.539
-1.191,2.126
-1.358,1.004
-1.396,1.679
-1.364,1.424
-1.369,1.656
-1.375,0.216
-1.508,-0.024
-1.453,-0.597
-1.488,0.806
-1.558,3.052
-1.657,0.796
-1.624,0.018
-1.681,1.817
-1.736,1.019
-1.737,2.047
-1.796,0.033
-1.865,2.028
-1.978,-0.088
-1.981,1.267
-2.011,0.856
-1.952,1.261
-2.024,1.623
-2.027,1.586
-2.142,2.467
-2.236,0.196
-2.164,0.883
-2.232,1.569
-2.279,1.253
-2.226,0.6
-2.26,0.265
-2.379,0.689
-2.373,0.228
-2.433,-0.172
-2.444,0.858
-2.393,0.817
-2.491,-0.34
-2.413,3.064
-2.429,0.154
-2.443,1.81
-2.534,2.857
-2.584,1.213
-2.595,-0.563
-2.614,0.755
-2.688,1.649
-2.743,0.168
-2.707,0.888
-2.77,0.492
-2.819,2.493
-2.836,-0.685
-2.843,1.18
-2.78,2.241
-2.812,3.038
-2.863,-0.373
-2.969,-0.165
-2.952,-0.428
-3.01,2.9
-3.092,-0.822
-3.106,1.038
-3.138,1.929
3.129,-0.426
2.991,2.192
2.997,1.509
2.971,1.249
2.897,0.937
2.718,0.429
2.513,-0.012
2.503,0.306
2.426,2.637
2.353,1.221
2.33,0.539
2.341,2.928
2.286,-0.048
2.296,1.726
2.254,2.054
2.134,0.595
2.132,1.578
2.129,0.468
1.954,-0.668
1.868,0.611
1.828,0.375
1.792,1.286
1.704,0.238
1.708,0.776
1.681,0.333
1.601,-0.911
1.595,1.19
1.509,2.527
1.57,0.796
1.503,2.706
1.47,2.658
1.483,-0.772
1.401,1.418
1.39,0.687
1.371,1.596
1.357,0.811
1.4,2.106
1.314,1.355
1.382,0.343
1.302,0.66
1.212,0.527
1.248,2.355
1.171,0.777
0.722,-0.953
0.459,-1.271
0.374,-1.121
0.142,-1.154
-0.644,-0.935
-1.047,-0.995
-1.404,-1.147
-2.17,-0.958
-2.258,-1.255
-2.377,-1.332
-2.484,-1.353
-2.55,-1.235
-2.971,-1.365
2.887,-1.206
2.545,-1.392
2.292,-1.006
1.733,-1.204
1.498,-1.206
0.41,3.094
0.296,3.203
-0.463,3.009
-2.843,3.133
-2.973,3.211
-2.986,3.193
-3.125,3.186
-3.136,3.227
2.23,2.865
1.284,3.126
1.014,0.244
0.516,0.554
-0.196,0.629
1.437,0.873
1.323,-0.205
-0.688,-1.227
2.733,-1.309
1.104,1.617
1.15,1.142
0.975,2.953
0.975,0.29
1.033,0.071
0.88,2.145
0.719,0.111
0.641,1.489
0.759,1.428
0.593,0.692
0.44,1.496
0.276,-0.72
0.315,1.184
0.212,1.353
0.071,2.463
0.16,2.247
0.023,0.389
-0.061,1.284
-0.346,2.751
-0.367,0.303
-0.369,0.365
-0.282,0.645
-0.579,0.35
-0.676,-0.319
-0.675,1.317
-0.849,2.744
-0.771,2.022
-0.927,2.49
-0.967,2.324
-0.987,0.159
-1.004,0.454
-0.94,1.564
-1.078,0.047
-1.115,-0.152
-1.096,2.833
-1.137,2.425
-1.192,0.115
-1.431,0.826
-1.291,0.315
-1.295,2.378
-1.329,0.369
-1.336,0.075
-1.479,1.57
-1.477,2.725
-1.431,-0.104
-1.671,0.129
-1.582,-0.196
-1.755,1.855
-1.722,1.198
-1.852,0.773
-1.81,0.849
-1.81,1.72
-1.987,2.907
-1.888,-0.164
-1.995,1.783
-2.086,0.452
-2.155,2.683
-2.255,-0.671
-2.384,1.88
-2.316,-0.116
-2.388,-0.89
-2.658,2.5
-2.717,2.218
-2.758,2.696
-2.783,0.761
-2.918,2.612
-3.001,2.136
-3.05,0.324
2.588,2.945
2.117,1.622
2.107,1.721
1.946,1.689
1.527,-0.866
1.541,0.017
1.645,0.517
1.536,1.333
1.351,1.256
1.277,1.503
1.241,-0.823
1.218,-0.804
1.196,-0.123
1.166,-0.371
1.146,-0.142
1.215,-0.961
1.031,-1.106
1.009,-1.166
0.612,-1.177
-0.199,-0.968
-0.325,-0.989
-0.52,-1.046
-1.12,-1.253
-1.742,-1.276
-1.756,-1.15
-2.092,-1.32
-2.031,-1.239
-2.085,-1.197
-2.252,-1.002
-2.412,-1.34
-2.946,-1.341
-3.063,-1.162
2.74,-1.253
2.536,-1.045
1.693,-1.239
1.562,-1.023
1.71,-1.247
-0.6,3.022
-0.974,3.108
-2.125,3.07
2.863,3.19
1.862,3.144
0.84,-0.201
0.442,-0.232
-0.752,1.505
-1.443,0.924
-1.517,1.506
-1.53,-0.617
-1.744,-0.641
-0.3,-0.158
-2.518,0.063
1.891,1.987
1.625,2.545
1.585,2.42
-0.712,-0.191
-1.412,0.534
-1.764,1.117
-1.956,1.708
1.46,1.116
1.215,-0.934
0.106,-0.904
2.609,-0.935
0.442,-1.337
-0.28,-1.424
-1.557,-1.486
2.25,-1.439
0.053,0.562
-0.023,1.934
-0.032,0.827
-0.115,-1.534
-0.059,0.323
-0.086,-1.56
-0.094,1.006
-0.109,0.201
-0.122,0.145
-0.136,1.169
-0.27,-0.49
-0.431,-0.35
-0.466,1.123
-0.394,1.722
-0.41,1.137
-0.584,-0.162
-0.572,-0.38
-0.6,-1.58
-0.739,2.111
-0.794,-0.355
-0.803,1.262
-0.956,1.862
-1.039,0.571
-1.025,-0.502
-1.136,1.71
-1.107,1.297
-1.274,0.175
-1.312,0.85
-1.28,0.595
-1.285,0.827
-1.291,-0.613
-1.424,-0.853
-1.369,-1.426
-1.404,-0.023
-1.474,2.223
-1.573,-0.033
-1.54,-0.811
-1.597,0.988
-1.652,0.19
-1.653,1.218
-1.712,-0.796
-1.781,1.199
-1.894,-0.917
-1.897,0.438
-1.927,0.027
-1.868,0.432
-1.94,0.794
-1.943,0.757
-2.058,1.638
-2.152,-0.633
-2.08,0.054
-2.148,0.74
-2.195,0.424
-2.142,-0.229
-2.176,-0.564
-2.295,-0.14
-2.289,-0.601
-2.349,-1.001
-2.36,0.029
-2.309,-0.012
-2.407,-1.169
-2.329,2.235
-2.345,-0.675
-2.359,0.981
-2.45,2.028
-2.5,0.384
-2.511,-1.392
-2.53,-0.074
-2.604,0.82
-2.659,-0.661
-2.623,0.059
-2.686,-0.337
-2.735,1.664
-2.752,-1.514
-2.759,0.351
-2.696,1.412
-2.728,2.209
-2.779,-1.202
-2.885,-0.994
-2.868,-1.257
-2.926,2.071
-3.008,-1.651
-3.022,0.209
-3.054,1.1
-3.07,-1.255
3.075,1.363
3.081,0.68
3.055,0.42
2.981,0.108
2.802,-0.4
2.597,-0.841
2.587,-0.523
2.51,1.808
2.437,0.392
2.414,-0.29
2.425,2.099
2.37,-0.877
2.38,0.897
2.338,1.225
2.218,-0.234
2.216,0.749
2.213,-0.361
2.038,-1.497
1.952,-0.218
1.912,-0.454
1.876,0.457
1.788,-0.591
1.792,-0.053
1.765,-0.496
1.685,-1.74
1.679,0.361
1.593,1.698
1.654,-0.033
1.587,1.877
1.554,1.829
1.567,-1.601
1.485,0.589
1.474,-0.142
1.455,0.767
1.441,-0.018
1.484,1.277
1.398,0.526
1.466,-0.486
1.386,-0.169
1.296,-0.302
1.332,1.526
1.255,-0.052
0.806,-1.782
0.543,-2.1
0.458,-1.95
0.226,-1.983
-0.56,-1.764
-0.963,-1.824
-1.32,-1.976
-2.086,-1.787
-2.174,-2.084
-2.293,-2.161
-2.4,-2.182
-2.466,-2.064
-2.887,-2.194
2.971,-2.035
2.629,-2.221
2.376,-1.835
1.817,-2.033
1.582,-2.035
0.494,2.265
0.38,2.374
-0.379,2.18
-2.759,2.304
-2.889,2.382
-2.902,2.364
-3.041,2.357
-3.052,2.398
2.314,2.036
1.368,2.297
1.098,-0.585
0.6,-0.275
-0.112,-0.2
1.521,0.044
1.407,-1.034
-0.604,-2.056
2.817,-2.138
1.188,0.788
1.234,0.313
1.059,2.124
1.059,-0.539
1.117,-0.758
0.964,1.316
0.803,-0.718
0.725,0.66
0.843,0.599
0.677,-0.137
0.524,0.667
0.36,-1.549
0.399,0.355
0.296,0.524
0.155,1.634
0.244,1.418
0.107,-0.44
0.023,0.455
-0.262,1.922
-0.283,-0.526
-0.285,-0.464
-0.198,-0.184
-0.495,-0.479
-0.592,-1.148
-0.591,0.488
-0.765,1.915
-0.687,1.193
-0.843,1.661
-0.883,1.495
-0.903,-0.67
-0.92,-0.375
-0.856,0.735
-0.994,-0.782
-1.031,-0.981
-1.012,2.004
-1.053,1.596
-1.108,-0.714
-1.347,-0.003
-1.207,-0.514
-1.211,1.549
-1.245,-0.46
-1.252,-0.754
-1.395,0.741
-1.393,1.896
-1.347,-0.933
-1.587,-0.7
-1.498,-1.025
-1.671,1.026
-1.638,0.369
-1.768,-0.056
-1.726,0.02
-1.726,0.891
-1.903,2.078
-1.804,-0.993
-1.911,0.954
-2.002,-0.377
-2.071,1.854
-2.171,-1.5
-2.3,1.051
-2.232,-0.945
-2.304,-1.719
-2.574,1.671
-2.633,1.389
-2.674,1.867
-2.699,-0.068
-2.834,1.783
-2.917,1.307
-2.966,-0.505
2.672,2.116
2.201,0.793
2.191,0.892
2.03,0.86
1.611,-1.695
1.625,-0.812
1.729,-0.312
1.62,0.504
1.435,0.427
1.361,0.674
1.325,-1.652
1.302,-1.633
1.28,-0.952
1.25,-1.2
1.23,-0.971
1.299,-1.79
1.115,-1.935
1.093,-1.995
0.696,-2.006
-0.115,-1.797
-0.241,-1.818
-0.436,-1.875
-1.036,-2.082
-1.658,-2.105
-1.672,-1.979
-2.008,-2.149
-1.947,-2.068
-2.001,-2.026
-2.168,-1.831
-2.328,-2.169
-2.862,-2.17
-2.979,-1.991
2.824,-2.082
2.62,-1.874
1.777,-2.068
1.646,-1.852
1.794,-2.076
-0.516,2.193
-0.89,2.279
-2.041,2.241
2.947,2.361
1.946,2.315
0.924,-1.03
0.526,-1.061
-0.668,0.676
-1.359,0.095
-1.433,0.677
-1.446,-1.446
-1.66,-1.47
-0.216,-0.987
-2.434,-0.766
1.975,1.158
1.709,1.716
1.669,1.591
-0.628,-1.02
-1.328,-0.295
-1.68,0.288
-1.872,0.879
1.544,0.287
1.299,-1.763
0.19,-1.733
2.693,-1.764
0.526,-2.166
-0.196,-2.253
-1.473,-2.315
2.334,-2.268
-0.076,1.372
-0.085,0.265
-0.168,-2.096
-0.112,-0.239
-0.139,-2.122
-0.147,0.444
-0.162,-0.361
-0.175,-0.417
-0.189,0.607
-0.323,-1.052
-0.484,-0.912
-0.519,0.561
-0.447,1.16
-0.463,0.575
-0.637,-0.724
-0.625,-0.942
-0.653,-2.142
-0.792,1.549
-0.847,-0.917
-0.856,0.7
-1.009,1.3
-1.092,0.009
-1.078,-1.064
-1.189,1.148
-1.16,0.735
-1.327,-0.387
-1.365,0.288
-1.333,0.033
-1.338,0.265
-1.344,-1.175
-1.477,-1.415
-1.422,-1.988
-1.457,-0.585
-1.527,1.661
-1.626,-0.595
-1.593,-1.373
-1.65,0.426
-1.705,-0.372
-1.706,0.656
-1.765,-1.358
-1.834,0.637
-1.947,-1.479
-1.95,-0.124
-1.98,-0.535
-1.921,-0.13
-1.993,0.232
-1.996,0.195
-2.111,1.076
-2.205,-1.195
-2.133,-0.508
-2.201,0.178
-2.248,-0.138
-2.195,-0.791
-2.229,-1.126
-2.348,-0.702
-2.342,-1.163
-2.402,-1.563
-2.413,-0.533
-2.362,-0.574
-2.46,-1.731
-2.382,1.673
-2.398,-1.237
-2.412,0.419
-2.503,1.466
-2.553,-0.178
-2.564,-1.954
-2.583,-0.636
-2.657,0.258
-2.712,-1.223
-2.676,-0.503
-2.739,-0.899
-2.788,1.102
-2.805,-2.076
-2.812,-0.211
-2.749,0.85
-2.781,1.647
-2.832,-1.764
-2.938,-1.556
-2.921,-1.819
-2.979,1.509
-3.061,-2.213
-3.075,-0.353
-3.107,0.538
-3.123,-1.817
3.022,0.801
3.028,0.118
3.002,-0.142
2.928,-0.454
2.749,-0.962
2.544,-1.403
2.534,-1.085
2.457,1.246
2.384,-0.17
2.361,-0.852
2.372,1.537
2.317,-1.439
2.327,0.335
2.285,0.663
2.165,-0.796
2.163,0.187
2.16,-0.923
1.985,-2.059
1.899,-0.78
1.859,-1.016
1.823,-0.105
1.735,-1.153
1.739,-0.615
1.712,-1.058
1.632,-2.302
1.626,-0.201
1.54,1.136
1.601,-0.595
1.534,1.315
1.501,1.267
1.514,-2.163
1.432,0.027
1.421,-0.704
1.402,0.205
1.388,-0.58
1.431,0.715
1.345,-0.036
1.413,-1.048
1.333,-0.731
1.243,-0.864
1.279,0.964
1.202,-0.614
0.753,-2.344
0.49,-2.662
0.405,-2.512
0.173,-2.545
-0.613,-2.326
-1.016,-2.386
-1.373,-2.538
-2.139,-2.349
-2.227,-2.646
-2.346,-2.723
-2.453,-2.744
-2.519,-2.626
-2.94,-2.756
2.918,-2.597
2.576,-2.783
2.323,-2.397
1.764,-2.595
1.529,-2.597
0.441,1.703
0.327,1.812
-0.432,1.618
-2.812,1.742
-2.942,1.82
-2.955,1.802
-3.094,1.795
-3.105,1.836
2.261,1.474
1.315,1.735
1.045,-1.147
0.547,-0.837
-0.165,-0.762
1.468,-0.518
1.354,-1.596
-0.657,-2.618
2.764,-2.7
1.135,0.226
1.181,-0.249
1.006,1.562
1.006,-1.101
1.064,-1.32
0.911,0.754
0.75,-1.28
0.672,0.098
0.79,0.037
0.624,-0.699
0.471,0.105
0.307,-2.111
0.346,-0.207
0.243,-0.038
0.102,1.072
0.191,0.856
0.054,-1.002
-0.03,-0.107
-0.315,1.36
-0.336,-1.088
-0.338,-1.026
-0.251,-0.746
-0.548,-1.041
-0.645,-1.71
-0.644,-0.074
-0.818,1.353
-0.74,0.631
-0.896,1.099
-0.936,0.933
-0.956,-1.232
-0.973,-0.937
-0.909,0.173
-1.047,-1.344
-1.084,-1.543
-1.065,1.442
-1.106,1.034
-1.161,-1.276
-1.4,-0.565
-1.26,-1.076
-1.264,0.987
-1.298,-1.022
-1.305,-1.316
-1.448,0.179
-1.446,1.334
-1.4,-1.495
-1.64,-1.262
-1.551,-1.587
-1.724,0.464
-1.691,-0.193
-1.821,-0.618
-1.779,-0.542
-1.779,0.329
-1.956,1.516
-1.857,-1.555
-1.964,0.392
-2.055,-0.939
-2.124,1.292
-2.224,-2.062
-2.353,0.489
-2.285,-1.507
-2.357,-2.281
-2.627,1.109
-2.686,0.827
-2.727,1.305
-2.752,-0.63
-2.887,1.221
-2.97,0.745
-3.019,-1.067
2.619,1.554
2.148,0.231
2.138,0.33
1.977,0.298
1.558,-2.257
1.572,-1.374
1.676,-0.874
1.567,-0.058
1.382,-0.135
1.308,0.112
1.272,-2.214
1.249,-2.195
1.227,-1.514
1.197,-1.762
1.177,-1.533
1.246,-2.352
1.062,-2.497
1.04,-2.557
0.643,-2.568
-0.168,-2.359
-0.294,-2.38
-0.489,-2.437
-1.089,-2.644
-1.711,-2.667
-1.725,-2.541
-2.061,-2.711
-2.0,-2.63
-2.054,-2.588
-2.221,-2.393
-2.381,-2.731
-2.915,-2.732
-3.032,-2.553
2.771,-2.644
2.567,-2.436
1.724,-2.63
1.593,-2.414
1.741,-2.638
-0.569,1.631
-0.943,1.717
-2.094,1.679
2.894,1.799
1.893,1.753
0.871,-1.592
0.473,-1.623
-0.721,0.114
-1.412,-0.467
-1.486,0.115
-1.499,-2.008
-1.713,-2.032
-0.269,-1.549
-2.487,-1.328
1.922,0.596
1.656,1.154
1.616,1.029
-0.681,-1.582
-1.381,-0.857
-1.733,-0.274
-1.925,0.317
1.491,-0.275
1.246,-2.325
0.137,-2.295
2.64,-2.326
0.473,-2.728
-0.249,-2.815
-1.526,-2.877
2.281,-2.83
-0.009,-1.107
-0.092,-3.468
-0.036,-1.611
-0.063,-3.494
-0.071,-0.928
-0.086,-1.733
-0.099,-1.789
-0.113,-0.765
-0.247,-2.424
-0.408,-2.284
-0.443,-0.811
-0.371,-0.212
-0.387,-0.797
-0.561,-2.096
-0.549,-2.314
-0.577,-3.514
-0.716,0.177
-0.771,-2.289
-0.78,-0.672
-0.933,-0.072
-1.016,-1.363
-1.002,-2.436
-1.113,-0.224
-1.084,-0.637
-1.251,-1.759
-1.289,-1.084
-1.257,-1.339
-1.262,-1.107
-1.268,-2.547
-1.401,-2.787
-1.346,-3.36
-1.381,-1.957
-1.451,0.289
-1.55,-1.967
-1.517,-2.745
-1.574,-0.946
-1.629,-1.744
-1.63,-0.716
-1.689,-2.73
-1.758,-0.735
-1.871,-2.851
-1.874,-1.496
-1.904,-1.907
-1.845,-1.502
-1.917,-1.14
-1.92,-1.177
-2.035,-0.296
-2.129,-2.567
-2.057,-1.88
-2.125,-1.194
-2.172,-1.51
-2.119,-2.163
-2.153,-2.498
-2.272,-2.074
-2.266,-2.535
-2.326,-2.935
-2.337,-1.905
-2.286,-1.946
-2.384,-3.103
-2.306,0.301
-2.322,-2.609
-2.336,-0.953
-2.427,0.094
-2.477,-1.55
-2.488,-3.326
-2.507,-2.008
-2.581,-1.114
-2.636,-2.595
-2.6,-1.875
-2.663,-2.271
-2.712,-0.27
-2.729,-3.448
-2.736,-1.583
-2.673,-0.522
-2.705,0.275
-2.756,-3.136
-2.862,-2.928
-2.845,-3.191
-2.903,0.137
-2.985,-3.585
-2.999,-1.725
-3.031,-0.834
-3.047,-3.189
3.098,-0.571
3.104,-1.254
3.078,-1.514
3.004,-1.826
2.825,-2.334
2.62,-2.775
2.61,-2.457
2.533,-0.126
2.46,-1.542
2.437,-2.224
2.448,0.165
2.393,-2.811
2.403,-1.037
2.361,-0.709
2.241,-2.168
2.239,-1.185
2.236,-2.295
2.061,-3.431
1.975,-2.152
1.935,-2.388
1.899,-1.477
1.811,-2.525
1.815,-1.987
1.788,-2.43
1.708,-3.674
1.702,-1.573
1.616,-0.236
1.677,-1.967
1.61,-0.057
1.577,-0.105
1.59,-3.535
1.508,-1.345
1.497,-2.076
1.478,-1.167
1.464,-1.952
1.507,-0.657
1.421,-1.408
1.489,-2.42
1.409,-2.103
1.319,-2.236
1.355,-0.408
1.278,-1.986
0.829,-3.716
0.566,-4.034
0.481,-3.884
0.249,-3.917
-0.537,-3.698
-0.94,-3.758
-1.297,-3.91
-2.063,-3.721
-2.151,-4.018
-2.27,-4.095
-2.377,-4.116
-2.443,-3.998
-2.864,-4.128
2.994,-3.969
2.652,-4.155
2.399,-3.769
1.84,-3.967
1.605,-3.969
0.517,0.331
0.403,0.44
-0.356,0.246
-2.736,0.37
-2.866,0.448
-2.879,0.43
-3.018,0.423
-3.029,0.464
2.337,0.102
1.391,0.363
1.121,-2.519
0.623,-2.209
-0.089,-2.134
1.544,-1.89
1.43,-2.968
-0.581,-3.99
2.84,-4.072
1.211,-1.146
1.257,-1.621
1.082,0.19
1.082,-2.473
1.14,-2.692
0.987,-0.618
0.826,-2.652
0.748,-1.274
0.866,-1.335
0.7,-2.071
0.547,-1.267
0.383,-3.483
0.422,-1.579
0.319,-1.41
0.178,-0.3
0.267,-0.516
0.13,-2.374
0.046,-1.479
-0.239,-0.012
-0.26,-2.46
-0.262,-2.398
-0.175,-2.118
-0.472,-2.413
-0.569,-3.082
-0.568,-1.446
-0.742,-0.019
-0.664,-0.741
-0.82,-0.273
-0.86,-0.439
-0.88,-2.604
-0.897,-2.309
-0.833,-1.199
-0.971,-2.716
-1.008,-2.915
-0.989,0.07
-1.03,-0.338
-1.085,-2.648
-1.324,-1.937
-1.184,-2.448
-1.188,-0.385
-1.222,-2.394
-1.229,-2.688
-1.372,-1.193
-1.37,-0.038
-1.324,-2.867
-1.564,-2.634
-1.475,-2.959
-1.648,-0.908
-1.615,-1.565
-1.745,-1.99
-1.703,-1.914
-1.703,-1.043
-1.88,0.144
-1.781,-2.927
-1.888,-0.98
-1.979,-2.311
-2.048,-0.08
-2.148,-3.434
-2.277,-0.883
-2.209,-2.879
-2.281,-3.653
-2.551,-0.263
-2.61,-0.545
-2.651,-0.067
-2.676,-2.002
-2.811,-0.151
-2.894,-0.627
-2.943,-2.439
2.695,0.182
2.224,-1.141
2.214,-1.042
2.053,-1.074
1.634,-3.629
1.648,-2.746
1.752,-2.246
1.643,-1.43
1.458,-1.507
1.384,-1.26
1.348,-3.586
1.325,-3.567
1.303,-2.886
1.273,-3.134
1.253,-2.905
1.322,-3.724
1.138,-3.869
1.116,-3.929
0.719,-3.94
-0.092,-3.731
-0.218,-3.752
-0.413,-3.809
-1.013,-4.016
-1.635,-4.039
-1.649,-3.913
-1.985,-4.083
-1.924,-4.002
-1.978,-3.96
-2.145,-3.765
-2.305,-4.103
-2.839,-4.104
-2.956,-3.925
2.847,-4.016
2.643,-3.808
1.8,-4.002
1.669,-3.786
1.817,-4.01
-0.493,0.259
-0.867,0.345
-2.018,0.307
2.97,0.427
1.969,0.381
0.947,-2.964
0.549,-2.995
-0.645,-1.258
-1.336,-1.839
-1.41,-1.257
-1.423,-3.38
-1.637,-3.404
-0.193,-2.921
-2.411,-2.7
1.998,-0.776
1.732,-0.218
1.692,-0.343
-0.605,-2.954
-1.305,-2.229
-1.657,-1.646
-1.849,-1.055
1.567,-1.647
1.322,-3.697
0.213,-3.667
2.716,-3.698
0.549,-4.1
-0.173,-4.187
-1.45,-4.249
2.357,-4.202
-0.083,-2.361
-0.027,-0.504
-0.054,-2.387
-0.062,0.179
-0.077,-0.626
-0.09,-0.682
-0.104,0.342
-0.238,-1.317
-0.399,-1.177
-0.434,0.296
-0.362,0.895
-0.378,0.31
-0.552,-0.989
-0.54,-1.207
-0.568,-2.407
-0.707,1.284
-0.762,-1.182
-0.771,0.435
-0.924,1.035
-1.007,-0.256
-0.993,-1.329
-1.104,0.883
-1.075,0.47
-1.242,-0.652
-1.28,0.023
-1.248,-0.232
-1.253,0.0
-1.259,-1.44
-1.392,-1.68
-1.337,-2.253
-1.372,-0.85
-1.442,1.396
-1.541,-0.86
-1.508,-1.638
-1.565,0.161
-1.62,-0.637
-1.621,0.391
-1.68,-1.623
-1.749,0.372
-1.862,-1.744
-1.865,-0.389
-1.895,-0.8
-1.836,-0.395
-1.908,-0.033
-1.911,-0.07
-2.026,0.811
-2.12,-1.46
-2.048,-0.773
-2.116,-0.087
-2.163,-0.403
-2.11,-1.056
-2.144,-1.391
-2.263,-0.967
-2.257,-1.428
-2.317,-1.828
-2.328,-0.798
-2.277,-0.839
-2.375,-1.996
-2.297,1.408
-2.313,-1.502
-2.327,0.154
-2.418,1.201
-2.468,-0.443
-2.479,-2.219
-2.498,-0.901
-2.572,-0.007
-2.627,-1.488
-2.591,-0.768
-2.654,-1.164
-2.703,0.837
-2.72,-2.341
-2.727,-0.476
-2.664,0.585
-2.696,1.382
-2.747,-2.029
-2.853,-1.821
-2.836,-2.084
-2.894,1.244
-2.976,-2.478
-2.99,-0.618
-3.022,0.273
-3.038,-2.082
3.107,0.536
3.113,-0.147
3.087,-0.407
3.013,-0.719
2.834,-1.227
2.629,-1.668
2.619,-1.35
2.542,0.981
2.469,-0.435
2.446,-1.117
2.457,1.272
2.402,-1.704
2.412,0.07
2.37,0.398
2.25,-1.061
2.248,-0.078
2.245,-1.188
2.07,-2.324
1.984,-1.045
1.944,-1.281
1.908,-0.37
1.82,-1.418
1.824,-0.88
1.797,-1.323
1.717,-2.567
1.711,-0.466
1.625,0.871
1.686,-0.86
1.619,1.05
1.586,1.002
1.599,-2.428
1.517,-0.238
1.506,-0.969
1.487,-0.06
1.473,-0.845
1.516,0.45
1.43,-0.301
1.498,-1.313
1.418,-0.996
1.328,-1.129
1.364,0.699
1.287,-0.879
0.838,-2.609
0.575,-2.927
0.49,-2.777
0.258,-2.81
-0.528,-2.591
-0.931,-2.651
-1.288,-2.803
-2.054,-2.614
-2.142,-2.911
-2.261,-2.988
-2.368,-3.009
-2.434,-2.891
-2.855,-3.021
3.003,-2.862
2.661,-3.048
2.408,-2.662
1.849,-2.86
1.614,-2.862
0.526,1.438
0.412,1.547
-0.347,1.353
-2.727,1.477
-2.857,1.555
-2.87,1.537
-3.009,1.53
-3.02,1.571
2.346,1.209
1.4,1.47
1.13,-1.412
0.632,-1.102
-0.08,-1.027
1.553,-0.783
1.439,-1.861
-0.572,-2.883
2.849,-2.965
1.22,-0.039
1.266,-0.514
1.091,1.297
1.091,-1.366
1.149,-1.585
0.996,0.489
0.835,-1.545
0.757,-0.167
0.875,-0.228
0.709,-0.964
0.556,-0.16
0.392,-2.376
0.431,-0.472
0.328,-0.303
0.187,0.807
0.276,0.591
0.139,-1.267
0.055,-0.372
-0.23,1.095
-0.251,-1.353
-0.253,-1.291
-0.166,-1.011
-0.463,-1.306
-0.56,-1.975
-0.559,-0.339
-0.733,1.088
-0.655,0.366
-0.811,0.834
-0.851,0.668
-0.871,-1.497
-0.888,-1.202
-0.824,-0.092
-0.962,-1.609
-0.999,-1.808
-0.98,1.177
-1.021,0.769
-1.076,-1.541
-1.315,-0.83
-1.175,-1.341
-1.179,0.722
-1.213,-1.287
-1.22,-1.581
-1.363,-0.086
-1.361,1.069
-1.315,-1.76
-1.555,-1.527
-1.466,-1.852
-1.639,0.199
-1.606,-0.458
-1.736,-0.883
-1.694,-0.807
-1.694,0.064
-1.871,1.251
-1.772,-1.82
-1.879,0.127
-1.97,-1.204
-2.039,1.027
-2.139,-2.327
-2.268,0.224
-2.2,-1.772
-2.272,-2.546
-2.542,0.844
-2.601,0.562
-2.642,1.04
-2.667,-0.895
-2.802,0.956
-2.885,0.48
-2.934,-1.332
2.704,1.289
2.233,-0.034
2.223,0.065
2.062,0.033
1.643,-2.522
1.657,-1.639
1.761,-1.139
1.652,-0.323
1.467,-0.4
1.393,-0.153
1.357,-2.479
1.334,-2.46
1.312,-1.779
1.282,-2.027
1.262,-1.798
1.331,-2.617
1.147,-2.762
1.125,-2.822
0.728,-2.833
-0.083,-2.624
-0.209,-2.645
-0.404,-2.702
-1.004,-2.909
-1.626,-2.932
-1.64,-2.806
-1.976,-2.976
-1.915,-2.895
-1.969,-2.853
-2.136,-2.658
-2.296,-2.996
-2.83,-2.997
-2.947,-2.818
2.856,-2.909
2.652,-2.701
1.809,-2.895
1.678,-2.679
1.826,-2.903
-0.484,1.366
-0.858,1.452
-2.009,1.414
2.979,1.534
1.978,1.488
0.956,-1.857
0.558,-1.888
-0.636,-0.151
-1.327,-0.732
-1.401,-0.15
-1.414,-2.273
-1.628,-2.297
-0.184,-1.814
-2.402,-1.593
2.007,0.331
1.741,0.889
1.701,0.764
-0.596,-1.847
-1.296,-1.122
-1.648,-0.539
-1.84,0.052
1.576,-0.54
1.331,-2.59
0.222,-2.56
2.725,-2.591
0.558,-2.993
-0.164,-3.08
-1.441,-3.142
2.366,-3.095
0.056,1.857
0.029,-0.026
0.021,2.54
0.006,1.735
-0.007,1.679
-0.021,2.703
-0.155,1.044
-0.316,1.184
-0.351,2.657
-0.279,3.256
-0.295,2.671
-0.469,1.372
-0.457,1.154
-0.485,-0.046
-0.624,3.645
-0.679,1.179
-0.688,2.796
-0.841,3.396
-0.924,2.105
-0.91,1.032
-1.021,3.244
-0.992,2.831
-1.159,1.709
-1.197,2.384
-1.165,2.129
-1.17,2.361
-1.176,0.921
-1.309,0.681
-1.254,0.108
-1.289,1.511
-1.359,3.757
-1.458,1.501
-1.425,0.723
-1.482,2.522
-1.537,1.724
-1.538,2.752
-1.597,0.738
-1.666,2.733
-1.779,0.617
-1.782,1.972
-1.812,1.561
-1.753,1.966
-1.825,2.328
-1.828,2.291
-1.943,3.172
-2.037,0.901
-1.965,1.588
-2.033,2.274
-2.08,1.958
-2.027,1.305
-2.061,0.97
-2.18,1.394
-2.174,0.933
-2.234,0.533
-2.245,1.563
-2.194,1.522
-2.292,0.365
-2.214,3.769
-2.23,0.859
-2.244,2.515
-2.335,3.562
-2.385,1.918
-2.396,0.142
-2.415,1.46
-2.489,2.354
-2.544,0.873
-2.508,1.593
-2.571,1.197
-2.62,3.198
-2.637,0.02
-2.644,1.885
-2.581,2.946
-2.613,3.743
-2.664,0.332
-2.77,0.54
-2.753,0.277
-2.811,3.605
-2.893,-0.117
-2.907,1.743
-2.939,2.634
-2.955,0.279
-3.093,2.897
-3.087,2.214
-3.113,1.954
3.096,1.642
2.917,1.134
2.712,0.693
2.702,1.011
2.625,3.342
2.552,1.926
2.529,1.244
2.54,3.633
2.485,0.657
2.495,2.431
2.453,2.759
2.333,1.3
2.331,2.283
2.328,1.173
2.153,0.037
2.067,1.316
2.027,1.08
1.991,1.991
1.903,0.943
1.907,1.481
1.88,1.038
1.8,-0.206
1.794,1.895
1.708,3.232
1.769,1.501
1.702,3.411
1.669,3.363
1.682,-0.067
1.6,2.123
1.589,1.392
1.57,2.301
1.556,1.516
1.599,2.811
1.513,2.06
1.581,1.048
1.501,1.365
1.411,1.232
1.447,3.06
1.37,1.482
0.921,-0.248
0.658,-0.566
0.573,-0.416
0.341,-0.449
-0.445,-0.23
-0.848,-0.29
-1.205,-0.442
-1.971,-0.253
-2.059,-0.55
-2.178,-0.627
-2.285,-0.648
-2.351,-0.53
-2.772,-0.66
3.086,-0.501
2.744,-0.687
2.491,-0.301
1.932,-0.499
1.697,-0.501
0.609,3.799
0.495,3.908
-0.264,3.714
-2.644,3.838
-2.774,3.916
-2.787,3.898
-2.926,3.891
-2.937,3.932
2.429,3.57
1.483,3.831
1.213,0.949
0.715,1.259
0.003,1.334
1.636,1.578
1.522,0.5
-0.489,-0.522
2.932,-0.604
1.303,2.322
1.349,1.847
1.174,3.658
1.174,0.995
1.232,0.776
1.079,2.85
0.918,0.816
0.84,2.194
0.958,2.133
0.792,1.397
0.639,2.201
0.475,-0.015
0.514,1.889
0.411,2.058
0.27,3.168
0.359,2.952
0.222,1.094
0.138,1.989
-0.147,3.456
-0.168,1.008
-0.17,1.07
-0.083,1.35
-0.38,1.055
-0.477,0.386
-0.476,2.022
-0.65,3.449
-0.572,2.727
-0.728,3.195
-0.768,3.029
-0.788,0.864
-0.805,1.159
-0.741,2.269
-0.879,0.752
-0.916,0.553
-0.897,3.538
-0.938,3.13
-0.993,0.82
-1.232,1.531
-1.092,1.02
-1.096,3.083
-1.13,1.074
-1.137,0.78
-1.28,2.275
-1.278,3.43
-1.232,0.601
-1.472,0.834
-1.383,0.509
-1.556,2.56
-1.523,1.903
-1.653,1.478
-1.611,1.554
-1.611,2.425
-1.788,3.612
-1.689,0.541
-1.796,2.488
-1.887,1.157
-1.956,3.388
-2.056,0.034
-2.185,2.585
-2.117,0.589
-2.189,-0.185
-2.459,3.205
-2.518,2.923
-2.559,3.401
-2.584,1.466
-2.719,3.317
-2.802,2.841
-2.851,1.029
2.787,3.65
2.316,2.327
2.306,2.426
2.145,2.394
1.726,-0.161
1.74,0.722
1.844,1.222
1.735,2.038
1.55,1.961
1.476,2.208
1.44,-0.118
1.417,-0.099
1.395,0.582
1.365,0.334
1.345,0.563
1.414,-0.256
1.23,-0.401
1.208,-0.461
0.811,-0.472
0.0,-0.263
-0.126,-0.284
-0.321,-0.341
-0.921,-0.548
-1.543,-0.571
-1.557,-0.445
-1.893,-0.615
-1.832,-0.534
-1.886,-0.492
-2.053,-0.297
-2.213,-0.635
-2.747,-0.636
-2.864,-0.457
2.939,-0.548
2.735,-0.34
1.892,-0.534
1.761,-0.318
1.909,-0.542
-0.401,3.727
-0.775,3.813
-1.926,3.775
3.062,3.895
2.061,3.849
1.039,0.504
0.641,0.473
-0.553,2.21
-1.244,1.629
-1.318,2.211
-1.331,0.088
-1.545,0.064
-0.101,0.547
-2.319,0.768
2.09,2.692
1.824,3.25
1.784,3.125
-0.513,0.514
-1.213,1.239
-1.565,1.822
-1.757,2.413
1.659,1.821
1.414,-0.229
0.305,-0.199
2.808,-0.23
0.641,-0.632
-0.081,-0.719
-1.358,-0.781
2.449,-0.734
-0.027,-1.883
-0.035,0.683
-0.05,-0.122
-0.063,-0.178
-0.077,0.846
-0.211,-0.813
-0.372,-0.673
-0.407,0.8
-0.335,1.399
-0.351,0.814
-0.525,-0.485
-0.513,-0.703
-0.541,-1.903
-0.68,1.788
-0.735,-0.678
-0.744,0.939
-0.897,1.539
-0.98,0.248
-0.966,-0.825
-1.077,1.387
-1.048,0.974
-1.215,-0.148
-1.253,0.527
-1.221,0.272
-1.226,0.504
-1.232,-0.936
-1.365,-1.176
-1.31,-1.749
-1.345,-0.346
-1.415,1.9
-1.514,-0.356
-1.481,-1.134
-1.538,0.665
-1.593,-0.133
-1.594,0.895
-1.653,-1.119
-1.722,0.876
-1.835,-1.24
-1.838,0.115
-1.868,-0.296
-1.809,0.109
-1.881,0.471
-1.884,0.434
-1.999,1.315
-2.093,-0.956
-2.021,-0.269
-2.089,0.417
-2.136,0.101
-2.083,-0.552
-2.117,-0.887
-2.236,-0.463
-2.23,-0.924
-2.29,-1.324
-2.301,-0.294
-2.25,-0.335
-2.348,-1.492
-2.27,1.912
-2.286,-0.998
-2.3,0.658
-2.391,1.705
-2.441,0.061
-2.452,-1.715
-2.471,-0.397
-2.545,0.497
-2.6,-0.984
-2.564,-0.264
-2.627,-0.66
-2.676,1.341
-2.693,-1.837
-2.7,0.028
-2.637,1.089
-2.669,1.886
-2.72,-1.525
-2.826,-1.317
-2.809,-1.58
-2.867,1.748
-2.949,-1.974
-2.963,-0.114
-2.995,0.777
-3.011,-1.578
3.134,1.04
3.14,0.357
3.114,0.097
3.04,-0.215
2.861,-0.723
2.656,-1.164
2.646,-0.846
2.569,1.485
2.496,0.069
2.473,-0.613
2.484,1.776
2.429,-1.2
2.439,0.574
2.397,0.902
2.277,-0.557
2.275,0.426
2.272,-0.684
2.097,-1.82
2.011,-0.541
1.971,-0.777
1.935,0.134
1.847,-0.914
1.851,-0.376
1.824,-0.819
1.744,-2.063
1.738,0.038
1.652,1.375
1.713,-0.356
1.646,1.554
1.613,1.506
1.626,-1.924
1.544,0.266
1.533,-0.465
1.514,0.444
1.5,-0.341
1.543,0.954
1.457,0.203
1.525,-0.809
1.445,-0.492
1.355,-0.625
1.391,1.203
1.314,-0.375
0.865,-2.105
0.602,-2.423
0.517,-2.273
0.285,-2.306
-0.501,-2.087
-0.904,-2.147
-1.261,-2.299
-2.027,-2.11
-2.115,-2.407
-2.234,-2.484
-2.341,-2.505
-2.407,-2.387
-2.828,-2.517
3.03,-2.358
2.688,-2.544
2.435,-2.158
1.876,-2.356
1.641,-2.358
0.553,1.942
0.439,2.051
-0.32,1.857
-2.7,1.981
-2.83,2.059
-2.843,2.041
-2.982,2.034
-2.993,2.075
2.373,1.713
1.427,1.974
1.157,-0.908
0.659,-0.598
-0.053,-0.523
1.58,-0.279
1.466,-1.357
-0.545,-2.379
2.876,-2.461
1.247,0.465
1.293,-0.01
1.118,1.801
1.118,-0.862
1.176,-1.081
1.023,0.993
0.862,-1.041
0.784,0.337
0.902,0.276
0.736,-0.46
0.583,0.344
0.419,-1.872
0.458,0.032
0.355,0.201
0.214,1.311
0.303,1.095
0.166,-0.763
0.082,0.132
-0.203,1.599
-0.224,-0.849
-0.226,-0.787
-0.139,-0.507
-0.436,-0.802
-0.533,-1.471
-0.532,0.165
-0.706,1.592
-0.628,0.87
-0.784,1.338
-0.824,1.172
-0.844,-0.993
-0.861,-0.698
-0.797,0.412
-0.935,-1.105
-0.972,-1.304
-0.953,1.681
-0.994,1.273
-1.049,-1.037
-1.288,-0.326
-1.148,-0.837
-1.152,1.226
-1.186,-0.783
-1.193,-1.077
-1.336,0.418
-1.334,1.573
-1.288,-1.256
-1.528,-1.023
-1.439,-1.348
-1.612,0.703
-1.579,0.046
-1.709,-0.379
-1.667,-0.303
-1.667,0.568
-1.844,1.755
-1.745,-1.316
-1.852,0.631
-1.943,-0.7
-2.012,1.531
-2.112,-1.823
-2.241,0.728
-2.173,-1.268
-2.245,-2.042
-2.515,1.348
-2.574,1.066
-2.615,1.544
-2.64,-0.391
-2.775,1.46
-2.858,0.984
-2.907,-0.828
2.731,1.793
2.26,0.47
2.25,0.569
2.089,0.537
1.67,-2.018
1.684,-1.135
1.788,-0.635
1.679,0.181
1.494,0.104
1.42,0.351
1.384,-1.975
1.361,-1.956
1.339,-1.275
1.309,-1.523
1.289,-1.294
1.358,-2.113
1.174,-2.258
1.152,-2.318
0.755,-2.329
-0.056,-2.12
-0.182,-2.141
-0.377,-2.198
-0.977,-2.405
-1.599,-2.428
-1.613,-2.302
-1.949,-2.472
-1.888,-2.391
-1.942,-2.349
-2.109,-2.154
-2.269,-2.492
-2.803,-2.493
-2.92,-2.314
2.883,-2.405
2.679,-2.197
1.836,-2.391
1.705,-2.175
1.853,-2.399
-0.457,1.87
-0.831,1.956
-1.982,1.918
3.006,2.038
2.005,1.992
0.983,-1.353
0.585,-1.384
-0.609,0.353
-1.3,-0.228
-1.374,0.354
-1.387,-1.769
-1.601,-1.793
-0.157,-1.31
-2.375,-1.089
2.034,0.835
1.768,1.393
1.728,1.268
-0.569,-1.343
-1.269,-0.618
-1.621,-0.035
-1.813,0.556
1.603,-0.036
1.358,-2.086
0.249,-2.056
2.752,-2.087
0.585,-2.489
-0.137,-2.576
-1.414,-2.638
2.393,-2.591
-0.008,2.566
-0.023,1.761
-0.036,1.705
-0.05,2.729
-0.184,1.07
-0.345,1.21
-0.38,2.683
-0.308,3.282
-0.324,2.697
-0.498,1.398
-0.486,1.18
-0.514,-0.02
-0.653,3.671
-0.708,1.205
-0.717,2.822
-0.87,3.422
-0.953,2.131
-0.939,1.058
-1.05,3.27
-1.021,2.857
-1.188,1.735
-1.226,2.41
-1.194,2.155
-1.199,2.387
-1.205,0.947
-1.338,0.707
-1.283,0.134
-1.318,1.537
-1.388,3.783
-1.487,1.527
-1.454,0.749
-1.511,2.548
-1.566,1.75
-1.567,2.778
-1.626,0.764
-1.695,2.759
-1.808,0.643
-1.811,1.998
-1.841,1.587
-1.782,1.992
-1.854,2.354
-1.857,2.317
-1.972,3.198
-2.066,0.927
-1.994,1.614
-2.062,2.3
-2.109,1.984
-2.056,1.331
-2.09,0.996
-2.209,1.42
-2.203,0.959
-2.263,0.559
-2.274,1.589
-2.223,1.548
-2.321,0.391
-2.243,3.795
-2.259,0.885
-2.273,2.541
-2.364,3.588
-2.414,1.944
-2.425,0.168
-2.444,1.486
-2.518,2.38
-2.573,0.899
-2.537,1.619
-2.6,1.223
-2.649,3.224
-2.666,0.046
-2.673,1.911
-2.61,2.972
-2.642,3.769
-2.693,0.358
-2.799,0.566
-2.782,0.303
-2.84,3.631
-2.922,-0.091
-2.936,1.769
-2.968,2.66
-2.984,0.305
-3.122,2.923
-3.116,2.24
3.141,1.98
3.067,1.668
2.888,1.16
2.683,0.719
2.673,1.037
2.596,3.368
2.523,1.952
2.5,1.27
2.511,3.659
2.456,0.683
2.466,2.457
2.424,2.785
2.304,1.326
2.302,2.309
2.299,1.199
2.124,0.063
2.038,1.342
1.998,1.106
1.962,2.017
1.874,0.969
1.878,1.507
1.851,1.064
1.771,-0.18
1.765,1.921
1.679,3.258
1.74,1.527
1.673,3.437
1.64,3.389
1.653,-0.041
1.571,2.149
1.56,1.418
1.541,2.327
1.527,1.542
1.57,2.837
1.484,2.086
1.552,1.074
1.472,1.391
1.382,1.258
1.418,3.086
1.341,1.508
0.892,-0.222
0.629,-0.54
0.544,-0.39
0.312,-0.423
-0.474,-0.204
-0.877,-0.264
-1.234,-0.416
-2.0,-0.227
-2.088,-0.524
-2.207,-0.601
-2.314,-0.622
-2.38,-0.504
-2.801,-0.634
3.057,-0.475
2.715,-0.661
2.462,-0.275
1.903,-0.473
1.668,-0.475
0.58,3.825
0.466,3.934
-0.293,3.74
-2.673,3.864
-2.803,3.942
-2.816,3.924
-2.955,3.917
-2.966,3.958
2.4,3.596
1.454,3.857
1.184,0.975
0.686,1.285
-0.026,1.36
1.607,1.604
1.493,0.526
-0.518,-0.496
2.903,-0.578
1.274,2.348
1.32,1.873
1.145,3.684
1.145,1.021
1.203,0.802
1.05,2.876
0.889,0.842
0.811,2.22
0.929,2.159
0.763,1.423
0.61,2.227
0.446,0.011
0.485,1.915
0.382,2.084
0.241,3.194
0.33,2.978
0.193,1.12
0.109,2.015
-0.176,3.482
-0.197,1.034
-0.199,1.096
-0.112,1.376
-0.409,1.081
-0.506,0.412
-0.505,2.048
-0.679,3.475
-0.601,2.753
-0.757,3.221
-0.797,3.055
-0.817,0.89
-0.834,1.185
-0.77,2.295
-0.908,0.778
-0.945,0.579
-0.926,3.564
-0.967,3.156
-1.022,0.846
-1.261,1.557
-1.121,1.046
-1.125,3.109
-1.159,1.1
-1.166,0.806
-1.309,2.301
-1.307,3.456
-1.261,0.627
-1.501,0.86
-1.412,0.535
-1.585,2.586
-1.552,1.929
-1.682,1.504
-1.64,1.58
-1.64,2.451
-1.817,3.638
-1.718,0.567
-1.825,2.514
-1.916,1.183
-1.985,3.414
-2.085,0.06
-2.214,2.611
-2.146,0.615
-2.218,-0.159
-2.488,3.231
-2.547,2.949
-2.588,3.427
-2.613,1.492
-2.748,3.343
-2.831,2.867
-2.88,1.055
2.758,3.676
2.287,2.353
2.277,2.452
2.116,2.42
1.697,-0.135
1.711,0.748
1.815,1.248
1.706,2.064
1.521,1.987
1.447,2.234
1.411,-0.092
1.388,-0.073
1.366,0.608
1.336,0.36
1.316,0.589
1.385,-0.23
1.201,-0.375
1.179,-0.435
0.782,-0.446
-0.029,-0.237
-0.155,-0.258
-0.35,-0.315
-0.95,-0.522
-1.572,-0.545
-1.586,-0.419
-1.922,-0.589
-1.861,-0.508
-1.915,-0.466
-2.082,-0.271
-2.242,-0.609
-2.776,-0.61
-2.893,-0.431
2.91,-0.522
2.706,-0.314
1.863,-0.508
1.732,-0.292
1.88,-0.516
-0.43,3.753
-0.804,3.839
-1.955,3.801
3.033,3.921
2.032,3.875
1.01,0.53
0.612,0.499
-0.582,2.236
-1.273,1.655
-1.347,2.237
-1.36,0.114
-1.574,0.09
-0.13,0.573
-2.348,0.794
2.061,2.718
1.795,3.276
1.755,3.151
-0.542,0.54
-1.242,1.265
-1.594,1.848
-1.786,2.439
1.63,1.847
1.385,-0.203
0.276,-0.173
2.779,-0.204
0.612,-0.606
-0.11,-0.693
-1.387,-0.755
2.42,-0.708
-0.015,-0.805
-0.028,-0.861
-0.042,0.163
-0.176,-1.496
-0.337,-1.356
-0.372,0.117
-0.3,0.716
-0.316,0.131
-0.49,-1.168
-0.478,-1.386
-0.506,-2.586
-0.645,1.105
-0.7,-1.361
-0.709,0.256
-0.862,0.856
-0.945,-0.435
-0.931,-1.508
-1.042,0.704
-1.013,0.291
-1.18,-0.831
-1.218,-0.156
-1.186,-0.411
-1.191,-0.179
-1.197,-1.619
-1.33,-1.859
-1.275,-2.432
-1.31,-1.029
-1.38,1.217
-1.479,-1.039
-1.446,-1.817
-1.503,-0.018
-1.558,-0.816
-1.559,0.212
-1.618,-1.802
-1.687,0.193
-1.8,-1.923
-1.803,-0.568
-1.833,-0.979
-1.774,-0.574
-1.846,-0.212
-1.849,-0.249
-1.964,0.632
-2.058,-1.639
-1.986,-0.952
-2.054,-0.266
-2.101,-0.582
-2.048,-1.235
-2.082,-1.57
-2.201,-1.146
-2.195,-1.607
-2.255,-2.007
-2.266,-0.977
-2.215,-1.018
-2.313,-2.175
-2.235,1.229
-2.251,-1.681
-2.265,-0.025
-2.356,1.022
-2.406,-0.622
-2.417,-2.398
-2.436,-1.08
-2.51,-0.186
-2.565,-1.667
-2.529,-0.947
-2.592,-1.343
-2.641,0.658
-2.658,-2.52
-2.665,-0.655
-2.602,0.406
-2.634,1.203
-2.685,-2.208
-2.791,-2.0
-2.774,-2.263
-2.832,1.065
-2.914,-2.657
-2.928,-0.797
-2.96,0.094
-2.976,-2.261
-3.114,0.357
-3.108,-0.326
-3.134,-0.586
3.075,-0.898
2.896,-1.406
2.691,-1.847
2.681,-1.529
2.604,0.802
2.531,-0.614
2.508,-1.296
2.519,1.093
2.464,-1.883
2.474,-0.109
2.432,0.219
2.312,-1.24
2.31,-0.257
2.307,-1.367
2.132,-2.503
2.046,-1.224
2.006,-1.46
1.97,-0.549
1.882,-1.597
1.886,-1.059
1.859,-1.502
1.779,-2.746
1.773,-0.645
1.687,0.692
1.748,-1.039
1.681,0.871
1.648,0.823
1.661,-2.607
1.579,-0.417
1.568,-1.148
1.549,-0.239
1.535,-1.024
1.578,0.271
1.492,-0.48
1.56,-1.492
1.48,-1.175
1.39,-1.308
1.426,0.52
1.349,-1.058
0.9,-2.788
0.637,-3.106
0.552,-2.956
0.32,-2.989
-0.466,-2.77
-0.869,-2.83
-1.226,-2.982
-1.992,-2.793
-2.08,-3.09
-2.199,-3.167
-2.306,-3.188
-2.372,-3.07
-2.793,-3.2
3.065,-3.041
2.723,-3.227
2.47,-2.841
1.911,-3.039
1.676,-3.041
0.588,1.259
0.474,1.368
-0.285,1.174
-2.665,1.298
-2.795,1.376
-2.808,1.358
-2.947,1.351
-2.958,1.392
2.408,1.03
1.462,1.291
1.192,-1.591
0.694,-1.281
-0.018,-1.206
1.615,-0.962
1.501,-2.04
-0.51,-3.062
2.911,-3.144
1.282,-0.218
1.328,-0.693
1.153,1.118
1.153,-1.545
1.211,-1.764
1.058,0.31
0.897,-1.724
0.819,-0.346
0.937,-0.407
0.771,-1.143
0.618,-0.339
0.454,-2.555
0.493,-0.651
0.39,-0.482
0.249,0.628
0.338,0.412
0.201,-1.446
0.117,-0.551
-0.168,0.916
-0.189,-1.532
-0.191,-1.47
-0.104,-1.19
-0.401,-1.485
-0.498,-2.154
-0.497,-0.518
-0.671,0.909
-0.593,0.187
-0.749,0.655
-0.789,0.489
-0.809,-1.676
-0.826,-1.381
-0.762,-0.271
-0.9,-1.788
-0.937,-1.987
-0.918,0.998
-0.959,0.59
-1.014,-1.72
-1.253,-1.009
-1.113,-1.52
-1.117,0.543
-1.151,-1.466
-1.158,-1.76
-1.301,-0.265
-1.299,0.89
-1.253,-1.939
-1.493,-1.706
-1.404,-2.031
-1.577,0.02
-1.544,-0.637
-1.674,-1.062
-1.632,-0.986
-1.632,-0.115
-1.809,1.072
-1.71,-1.999
-1.817,-0.052
-1.908,-1.383
-1.977,0.848
-2.077,-2.506
-2.206,0.045
-2.138,-1.951
-2.21,-2.725
-2.48,0.665
-2.539,0.383
-2.58,0.861
-2.605,-1.074
-2.74,0.777
-2.823,0.301
-2.872,-1.511
2.766,1.11
2.295,-0.213
2.285,-0.114
2.124,-0.146
1.705,-2.701
1.719,-1.818
1.823,-1.318
1.714,-0.502
1.529,-0.579
1.455,-0.332
1.419,-2.658
1.396,-2.639
1.374,-1.958
1.344,-2.206
1.324,-1.977
1.393,-2.796
1.209,-2.941
1.187,-3.001
0.79,-3.012
-0.021,-2.803
-0.147,-2.824
-0.342,-2.881
-0.942,-3.088
-1.564,-3.111
-1.578,-2.985
-1.914,-3.155
-1.853,-3.074
-1.907,-3.032
-2.074,-2.837
-2.234,-3.175
-2.768,-3.176
-2.885,-2.997
2.918,-3.088
2.714,-2.88
1.871,-3.074
1.74,-2.858
1.888,-3.082
-0.422,1.187
-0.796,1.273
-1.947,1.235
3.041,1.355
2.04,1.309
1.018,-2.036
0.62,-2.067
-0.574,-0.33
-1.265,-0.911
-1.339,-0.329
-1.352,-2.452
-1.566,-2.476
-0.122,-1.993
-2.34,-1.772
2.069,0.152
1.803,0.71
1.763,0.585
-0.534,-2.026
-1.234,-1.301
-1.586,-0.718
-1.778,-0.127
1.638,-0.719
1.393,-2.769
0.284,-2.739
2.787,-2.77
0.62,-3.172
-0.102,-3.259
-1.379,-3.321
2.428,-3.274
-0.013,-0.056
-0.027,0.968
-0.161,-0.691
-0.322,-0.551
-0.357,0.922
-0.285,1.521
-0.301,0.936
-0.475,-0.363
-0.463,-0.581
-0.491,-1.781
-0.63,1.91
-0.685,-0.556
-0.694,1.061
-0.847,1.661
-0.93,0.37
-0.916,-0.703
-1.027,1.509
-0.998,1.096
-1.165,-0.026
-1.203,0.649
-1.171,0.394
-1.176,0.626
-1.182,-0.814
-1.315,-1.054
-1.26,-1.627
-1.295,-0.224
-1.365,2.022
-1.464,-0.234
-1.431,-1.012
-1.488,0.787
-1.543,-0.011
-1.544,1.017
-1.603,-0.997
-1.672,0.998
-1.785,-1.118
-1.788,0.237
-1.818,-0.174
-1.759,0.231
-1.831,0.593
-1.834,0.556
-1.949,1.437
-2.043,-0.834
-1.971,-0.147
-2.039,0.539
-2.086,0.223
-2.033,-0.43
-2.067,-0.765
-2.186,-0.341
-2.18,-0.802
-2.24,-1.202
-2.251,-0.172
-2.2,-0.213
-2.298,-1.37
-2.22,2.034
-2.236,-0.876
-2.25,0.78
-2.341,1.827
-2.391,0.183
-2.402,-1.593
-2.421,-0.275
-2.495,0.619
-2.55,-0.862
-2.514,-0.142
-2.577,-0.538
-2.626,1.463
-2.643,-1.715
-2.65,0.15
-2.587,1.211
-2.619,2.008
-2.67,-1.403
-2.776,-1.195
-2.759,-1.458
-2.817,1.87
-2.899,-1.852
-2.913,0.008
-2.945,0.899
-2.961,-1.456
-3.099,1.162
-3.093,0.479
-3.119,0.219
3.09,-0.093
2.911,-0.601
2.706,-1.042
2.696,-0.724
2.619,1.607
2.546,0.191
2.523,-0.491
2.534,1.898
2.479,-1.078
2.489,0.696
2.447,1.024
2.327,-0.435
2.325,0.548
2.322,-0.562
2.147,-1.698
2.061,-0.419
2.021,-0.655
1.985,0.256
1.897,-0.792
1.901,-0.254
1.874,-0.697
1.794,-1.941
1.788,0.16
1.702,1.497
1.763,-0.234
1.696,1.676
1.663,1.628
1.676,-1.802
1.594,0.388
1.583,-0.343
1.564,0.566
1.55,-0.219
1.593,1.076
1.507,0.325
1.575,-0.687
1.495,-0.37
1.405,-0.503
1.441,1.325
1.364,-0.253
0.915,-1.983
0.652,-2.301
0.567,-2.151
0.335,-2.184
-0.451,-1.965
-0.854,-2.025
-1.211,-2.177
-1.977,-1.988
-2.065,-2.285
-2.184,-2.362
-2.291,-2.383
-2.357,-2.265
-2.778,-2.395
3.08,-2.236
2.738,-2.422
2.485,-2.036
1.926,-2.234
1.691,-2.236
0.603,2.064
0.489,2.173
-0.27,1.979
-2.65,2.103
-2.78,2.181
-2.793,2.163
-2.932,2.156
-2.943,2.197
2.423,1.835
1.477,2.096
1.207,-0.786
0.709,-0.476
-0.003,-0.401
1.63,-0.157
1.516,-1.235
-0.495,-2.257
2.926,-2.339
1.297,0.587
1.343,0.112
1.168,1.923
1.168,-0.74
1.226,-0.959
1.073,1.115
0.912,-0.919
0.834,0.459
0.952,0.398
0.786,-0.338
0.633,0.466
0.469,-1.75
0.508,0.154
0.405,0.323
0.264,1.433
0.353,1.217
0.216,-0.641
0.132,0.254
-0.153,1.721
-0.174,-0.727
-0.176,-0.665
-0.089,-0.385
-0.386,-0.68
-0.483,-1.349
-0.482,0.287
-0.656,1.714
-0.578,0.992
-0.734,1.46
-0.774,1.294
-0.794,-0.871
-0.811,-0.576
-0.747,0.534
-0.885,-0.983
-0.922,-1.182
-0.903,1.803
-0.944,1.395
-0.999,-0.915
-1.238,-0.204
-1.098,-0.715
-1.102,1.348
-1.136,-0.661
-1.143,-0.955
-1.286,0.54
-1.284,1.695
-1.238,-1.134
-1.478,-0.901
-1.389,-1.226
-1.562,0.825
-1.529,0.168
-1.659,-0.257
-1.617,-0.181
-1.617,0.69
-1.794,1.877
-1.695,-1.194
-1.802,0.753
-1.893,-0.578
-1.962,1.653
-2.062,-1.701
-2.191,0.85
-2.123,-1.146
-2.195,-1.92
-2.465,1.47
-2.524,1.188
-2.565,1.666
-2.59,-0.269
-2.725,1.582
-2.808,1.106
-2.857,-0.706
2.781,1.915
2.31,0.592
2.3,0.691
2.139,0.659
1.72,-1.896
1.734,-1.013
1.838,-0.513
1.729,0.303
1.544,0.226
1.47,0.473
1.434,-1.853
1.411,-1.834
1.389,-1.153
1.359,-1.401
1.339,-1.172
1.408,-1.991
1.224,-2.136
1.202,-2.196
0.805,-2.207
-0.006,-1.998
-0.132,-2.019
-0.327,-2.076
-0.927,-2.283
-1.549,-2.306
-1.563,-2.18
-1.899,-2.35
-1.838,-2.269
-1.892,-2.227
-2.059,-2.032
-2.219,-2.37
-2.753,-2.371
-2.87,-2.192
2.933,-2.283
2.729,-2.075
1.886,-2.269
1.755,-2.053
1.903,-2.277
-0.407,1.992
-0.781,2.078
-1.932,2.04
3.056,2.16
2.055,2.114
1.033,-1.231
0.635,-1.262
-0.559,0.475
-1.25,-0.106
-1.324,0.476
-1.337,-1.647
-1.551,-1.671
-0.107,-1.188
-2.325,-0.967
2.084,0.957
1.818,1.515
1.778,1.39
-0.519,-1.221
-1.219,-0.496
-1.571,0.087
-1.763,0.678
1.653,0.086
1.408,-1.964
0.299,-1.934
2.802,-1.965
0.635,-2.367
-0.087,-2.454
-1.364,-2.516
2.443,-2.469
-0.014,1.024
-0.148,-0.635
-0.309,-0.495
-0.344,0.978
-0.272,1.577
-0.288,0.992
-0.462,-0.307
-0.45,-0.525
-0.478,-1.725
-0.617,1.966
-0.672,-0.5
-0.681,1.117
-0.834,1.717
-0.917,0.426
-0.903,-0.647
-1.014,1.565
-0.985,1.152
-1.152,0.03
-1.19,0.705
-1.158,0.45
-1.163,0.682
-1.169,-0.758
-1.302,-0.998
-1.247,-1.571
-1.282,-0.168
-1.352,2.078
-1.451,-0.178
-1.418,-0.956
-1.475,0.843
-1.53,0.045
-1.531,1.073
-1.59,-0.941
-1.659,1.054
-1.772,-1.062
-1.775,0.293
-1.805,-0.118
-1.746,0.287
-1.818,0.649
-1.821,0.612
-1.936,1.493
-2.03,-0.778
-1.958,-0.091
-2.026,0.595
-2.073,0.279
-2.02,-0.374
-2.054,-0.709
-2.173,-0.285
-2.167,-0.746
-2.227,-1.146
-2.238,-0.116
-2.187,-0.157
-2.285,-1.314
-2.207,2.09
-2.223,-0.82
-2.237,0.836
-2.328,1.883
-2.378,0.239
-2.389,-1.537
-2.408,-0.219
-2.482,0.675
-2.537,-0.806
-2.501,-0.086
-2.564,-0.482
-2.613,1.519
-2.63,-1.659
-2.637,0.206
-2.574,1.267
-2.606,2.064
-2.657,-1.347
-2.763,-1.139
-2.746,-1.402
-2.804,1.926
-2.886,-1.796
-2.9,0.064
-2.932,0.955
-2.948,-1.4
-3.086,1.218
-3.08,0.535
-3.106,0.275
3.103,-0.037
2.924,-0.545
2.719,-0.986
2.709,-0.668
2.632,1.663
2.559,0.247
2.536,-0.435
2.547,1.954
2.492,-1.022
2.502,0.752
2.46,1.08
2.34,-0.379
2.338,0.604
2.335,-0.506
2.16,-1.642
2.074,-0.363
2.034,-0.599
1.998,0.312
1.91,-0.736
1.914,-0.198
1.887,-0.641
1.807,-1.885
1.801,0.216
1.715,1.553
1.776,-0.178
1.709,1.732
1.676,1.684
1.689,-1.746
1.607,0.444
1.596,-0.287
1.577,0.622
1.563,-0.163
1.606,1.132
1.52,0.381
1.588,-0.631
1.508,-0.314
1.418,-0.447
1.454,1.381
1.377,-0.197
0.928,-1.927
0.665,-2.245
0.58,-2.095
0.348,-2.128
-0.438,-1.909
-0.841,-1.969
-1.198,-2.121
-1.964,-1.932
-2.052,-2.229
-2.171,-2.306
-2.278,-2.327
-2.344,-2.209
-2.765,-2.339
3.093,-2.18
2.751,-2.366
2.498,-1.98
1.939,-2.178
1.704,-2.18
0.616,2.12
0.502,2.229
-0.257,2.035
-2.637,2.159
-2.767,2.237
-2.78,2.219
-2.919,2.212
-2.93,2.253
2.436,1.891
1.49,2.152
1.22,-0.73
0.722,-0.42
0.01,-0.345
1.643,-0.101
1.529,-1.179
-0.482,-2.201
2.939,-2.283
1.31,0.643
1.356,0.168
1.181,1.979
1.181,-0.684
1.239,-0.903
1.086,1.171
0.925,-0.863
0.847,0.515
0.965,0.454
0.799,-0.282
0.646,0.522
0.482,-1.694
0.521,0.21
0.418,0.379
0.277,1.489
0.366,1.273
0.229,-0.585
0.145,0.31
-0.14,1.777
-0.161,-0.671
-0.163,-0.609
-0.076,-0.329
-0.373,-0.624
-0.47,-1.293
-0.469,0.343
-0.643,1.77
-0.565,1.048
-0.721,1.516
-0.761,1.35
-0.781,-0.815
-0.798,-0.52
-0.734,0.59
-0.872,-0.927
-0.909,-1.126
-0.89,1.859
-0.931,1.451
-0.986,-0.859
-1.225,-0.148
-1.085,-0.659
-1.089,1.404
-1.123,-0.605
-1.13,-0.899
-1.273,0.596
-1.271,1.751
-1.225,-1.078
-1.465,-0.845
-1.376,-1.17
-1.549,0.881
-1.516,0.224
-1.646,-0.201
-1.604,-0.125
-1.604,0.746
-1.781,1.933
-1.682,-1.138
-1.789,0.809
-1.88,-0.522
-1.949,1.709
-2.049,-1.645
-2.178,0.906
-2.11,-1.09
-2.182,-1.864
-2.452,1.526
-2.511,1.244
-2.552,1.722
-2.577,-0.213
-2.712,1.638
-2.795,1.162
-2.844,-0.65
2.794,1.971
2.323,0.648
2.313,0.747
2.152,0.715
1.733,-1.84
1.747,-0.957
1.851,-0.457
1.742,0.359
1.557,0.282
1.483,0.529
1.447,-1.797
1.424,-1.778
1.402,-1.097
1.372,-1.345
1.352,-1.116
1.421,-1.935
1.237,-2.08
1.215,-2.14
0.818,-2.151
0.007,-1.942
-0.119,-1.963
-0.314,-2.02
-0.914,-2.227
-1.536,-2.25
-1.55,-2.124
-1.886,-2.294
-1.825,-2.213
-1.879,-2.171
-2.046,-1.976
-2.206,-2.314
-2.74,-2.315
-2.857,-2.136
2.946,-2.227
2.742,-2.019
1.899,-2.213
1.768,-1.997
1.916,-2.221
-0.394,2.048
-0.768,2.134
-1.919,2.096
3.069,2.216
2.068,2.17
1.046,-1.175
0.648,-1.206
-0.546,0.531
-1.237,-0.05
-1.311,0.532
-1.324,-1.591
-1.538,-1.615
-0.094,-1.132
-2.312,-0.911
2.097,1.013
1.831,1.571
1.791,1.446
-0.506,-1.165
-1.206,-0.44
-1.558,0.143
-1.75,0.734
1.666,0.142
1.421,-1.908
0.312,-1.878
2.815,-1.909
0.648,-2.311
-0.074,-2.398
-1.351,-2.46
2.456,-2.413
-0.134,-1.659
-0.295,-1.519
-0.33,-0.046
-0.258,0.553
-0.274,-0.032
-0.448,-1.331
-0.436,-1.549
-0.464,-2.749
-0.603,0.942
-0.658,-1.524
-0.667,0.093
-0.82,0.693
-0.903,-0.598
-0.889,-1.671
-1.0,0.541
-0.971,0.128
-1.138,-0.994
-1.176,-0.319
-1.144,-0.574
-1.149,-0.342
-1.155,-1.782
-1.288,-2.022
-1.233,-2.595
-1.268,-1.192
-1.338,1.054
-1.437,-1.202
-1.404,-1.98
-1.461,-0.181
-1.516,-0.979
-1.517,0.049
-1.576,-1.965
-1.645,0.03
-1.758,-2.086
-1.761,-0.731
-1.791,-1.142
-1.732,-0.737
-1.804,-0.375
-1.807,-0.412
-1.922,0.469
-2.016,-1.802
-1.944,-1.115
-2.012,-0.429
-2.059,-0.745
-2.006,-1.398
-2.04,-1.733
-2.159,-1.309
-2.153,-1.77
-2.213,-2.17
-2.224,-1.14
-2.173,-1.181
-2.271,-2.338
-2.193,1.066
-2.209,-1.844
-2.223,-0.188
-2.314,0.859
-2.364,-0.785
-2.375,-2.561
-2.394,-1.243
-2.468,-0.349
-2.523,-1.83
-2.487,-1.11
-2.55,-1.506
-2.599,0.495
-2.616,-2.683
-2.623,-0.818
-2.56,0.243
-2.592,1.04
-2.643,-2.371
-2.749,-2.163
-2.732,-2.426
-2.79,0.902
-2.872,-2.82
-2.886,-0.96
-2.918,-0.069
-2.934,-2.424
-3.072,0.194
-3.066,-0.489
-3.092,-0.749
3.117,-1.061
2.938,-1.569
2.733,-2.01
2.723,-1.692
2.646,0.639
2.573,-0.777
2.55,-1.459
2.561,0.93
2.506,-2.046
2.516,-0.272
2.474,0.056
2.354,-1.403
2.352,-0.42
2.349,-1.53
2.174,-2.666
2.088,-1.387
2.048,-1.623
2.012,-0.712
1.924,-1.76
1.928,-1.222
1.901,-1.665
1.821,-2.909
1.815,-0.808
1.729,0.529
1.79,-1.202
1.723,0.708
1.69,0.66
1.703,-2.77
1.621,-0.58
1.61,-1.311
1.591,-0.402
1.577,-1.187
1.62,0.108
1.534,-0.643
1.602,-1.655
1.522,-1.338
1.432,-1.471
1.468,0.357
1.391,-1.221
0.942,-2.951
0.679,-3.269
0.594,-3.119
0.362,-3.152
-0.424,-2.933
-0.827,-2.993
-1.184,-3.145
-1.95,-2.956
-2.038,-3.253
-2.157,-3.33
-2.264,-3.351
-2.33,-3.233
-2.751,-3.363
3.107,-3.204
2.765,-3.39
2.512,-3.004
1.953,-3.202
1.718,-3.204
0.63,1.096
0.516,1.205
-0.243,1.011
-2.623,1.135
-2.753,1.213
-2.766,1.195
-2.905,1.188
-2.916,1.229
2.45,0.867
1.504,1.128
1.234,-1.754
0.736,-1.444
0.024,-1.369
1.657,-1.125
1.543,-2.203
-0.468,-3.225
2.953,-3.307
1.324,-0.381
1.37,-0.856
1.195,0.955
1.195,-1.708
1.253,-1.927
1.1,0.147
0.939,-1.887
0.861,-0.509
0.979,-0.57
0.813,-1.306
0.66,-0.502
0.496,-2.718
0.535,-0.814
0.432,-0.645
0.291,0.465
0.38,0.249
0.243,-1.609
0.159,-0.714
-0.126,0.753
-0.147,-1.695
-0.149,-1.633
-0.062,-1.353
-0.359,-1.648
-0.456,-2.317
-0.455,-0.681
-0.629,0.746
-0.551,0.024
-0.707,0.492
-0.747,0.326
-0.767,-1.839
-0.784,-1.544
-0.72,-0.434
-0.858,-1.951
-0.895,-2.15
-0.876,0.835
-0.917,0.427
-0.972,-1.883
-1.211,-1.172
-1.071,-1.683
-1.075,0.38
-1.109,-1.629
-1.116,-1.923
-1.259,-0.428
-1.257,0.727
-1.211,-2.102
-1.451,-1.869
-1.362,-2.194
-1.535,-0.143
-1.502,-0.8
-1.632,-1.225
-1.59,-1.149
-1.59,-0.278
-1.767,0.909
-1.668,-2.162
-1.775,-0.215
-1.866,-1.546
-1.935,0.685
-2.035,-2.669
-2.164,-0.118
-2.096,-2.114
-2.168,-2.888
-2.438,0.502
-2.497,0.22
-2.538,0.698
-2.563,-1.237
-2.698,0.614
-2.781,0.138
-2.83,-1.674
2.808,0.947
2.337,-0.376
2.327,-0.277
2.166,-0.309
1.747,-2.864
1.761,-1.981
1.865,-1.481
1.756,-0.665
1.571,-0.742
1.497,-0.495
1.461,-2.821
1.438,-2.802
1.416,-2.121
1.386,-2.369
1.366,-2.14
1.435,-2.959
1.251,-3.104
1.229,-3.164
0.832,-3.175
0.021,-2.966
-0.105,-2.987
-0.3,-3.044
-0.9,-3.251
-1.522,-3.274
-1.536,-3.148
-1.872,-3.318
-1.811,-3.237
-1.865,-3.195
-2.032,-3.0
-2.192,-3.338
-2.726,-3.339
-2.843,-3.16
2.96,-3.251
2.756,-3.043
1.913,-3.237
1.782,-3.021
1.93,-3.245
-0.38,1.024
-0.754,1.11
-1.905,1.072
3.083,1.192
2.082,1.146
1.06,-2.199
0.662,-2.23
-0.532,-0.493
-1.223,-1.074
-1.297,-0.492
-1.31,-2.615
-1.524,-2.639
-0.08,-2.156
-2.298,-1.935
2.111,-0.011
1.845,0.547
1.805,0.422
-0.492,-2.189
-1.192,-1.464
-1.544,-0.881
-1.736,-0.29
1.68,-0.882
1.435,-2.932
0.326,-2.902
2.829,-2.933
0.662,-3.335
-0.06,-3.422
-1.337,-3.484
2.47,-3.437
-0.161,0.14
-0.196,1.613
-0.124,2.212
-0.14,1.627
-0.314,0.328
-0.302,0.11
-0.33,-1.09
-0.469,2.601
-0.524,0.135
-0.533,1.752
-0.686,2.352
-0.769,1.061
-0.755,-0.012
-0.866,2.2
-0.837,1.787
-1.004,0.665
-1.042,1.34
-1.01,1.085
-1.015,1.317
-1.021,-0.123
-1.154,-0.363
-1.099,-0.936
-1.134,0.467
-1.204,2.713
-1.303,0.457
-1.27,-0.321
-1.327,1.478
-1.382,0.68
-1.383,1.708
-1.442,-0.306
-1.511,1.689
-1.624,-0.427
-1.627,0.928
-1.657,0.517
-1.598,0.922
-1.67,1.284
-1.673,1.247
-1.788,2.128
-1.882,-0.143
-1.81,0.544
-1.878,1.23
-1.925,0.914
-1.872,0.261
-1.906,-0.074
-2.025,0.35
-2.019,-0.111
-2.079,-0.511
-2.09,0.519
-2.039,0.478
-2.137,-0.679
-2.059,2.725
-2.075,-0.185
-2.089,1.471
-2.18,2.518
-2.23,0.874
-2.241,-0.902
-2.26,0.416
-2.334,1.31
-2.389,-0.171
-2.353,0.549
-2.416,0.153
-2.465,2.154
-2.482,-1.024
-2.489,0.841
-2.426,1.902
-2.458,2.699
-2.509,-0.712
-2.615,-0.504
-2.598,-0.767
-2.656,2.561
-2.738,-1.161
-2.752,0.699
-2.784,1.59
-2.8,-0.765
-2.938,1.853
-2.932,1.17
-2.958,0.91
-3.032,0.598
3.072,0.09
2.867,-0.351
2.857,-0.033
2.78,2.298
2.707,0.882
2.684,0.2
2.695,2.589
2.64,-0.387
2.65,1.387
2.608,1.715
2.488,0.256
2.486,1.239
2.483,0.129
2.308,-1.007
2.222,0.272
2.182,0.036
2.146,0.947
2.058,-0.101
2.062,0.437
2.035,-0.006
1.955,-1.25
1.949,0.851
1.863,2.188
1.924,0.457
1.857,2.367
1.824,2.319
1.837,-1.111
1.755,1.079
1.744,0.348
1.725,1.257
1.711,0.472
1.754,1.767
1.668,1.016
1.736,0.004
1.656,0.321
1.566,0.188
1.602,2.016
1.525,0.438
1.076,-1.292
0.813,-1.61
0.728,-1.46
0.496,-1.493
-0.29,-1.274
-0.693,-1.334
-1.05,-1.486
-1.816,-1.297
-1.904,-1.594
-2.023,-1.671
-2.13,-1.692
-2.196,-1.574
-2.617,-1.704
-3.042,-1.545
2.899,-1.731
2.646,-1.345
2.087,-1.543
1.852,-1.545
0.764,2.755
0.65,2.864
-0.109,2.67
-2.489,2.794
-2.619,2.872
-2.632,2.854
-2.771,2.847
-2.782,2.888
2.584,2.526
1.638,2.787
1.368,-0.095
0.87,0.215
0.158,0.29
1.791,0.534
1.677,-0.544
-0.334,-1.566
3.087,-1.648
1.458,1.278
1.504,0.803
1.329,2.614
1.329,-0.049
1.387,-0.268
1.234,1.806
1.073,-0.228
0.995,1.15
1.113,1.089
0.947,0.353
0.794,1.157
0.63,-1.059
0.669,0.845
0.566,1.014
0.425,2.124
0.514,1.908
0.377,0.05
0.293,0.945
0.008,2.412
-0.013,-0.036
-0.015,0.026
0.072,0.306
-0.225,0.011
-0.322,-0.658
-0.321,0.978
-0.495,2.405
-0.417,1.683
-0.573,2.151
-0.613,1.985
-0.633,-0.18
-0.65,0.115
-0.586,1.225
-0.724,-0.292
-0.761,-0.491
-0.742,2.494
-0.783,2.086
-0.838,-0.224
-1.077,0.487
-0.937,-0.024
-0.941,2.039
-0.975,0.03
-0.982,-0.264
-1.125,1.231
-1.123,2.386
-1.077,-0.443
-1.317,-0.21
-1.228,-0.535
-1.401,1.516
-1.368,0.859
-1.498,0.434
-1.456,0.51
-1.456,1.381
-1.633,2.568
-1.534,-0.503
-1.641,1.444
-1.732,0.113
-1.801,2.344
-1.901,-1.01
-2.03,1.541
-1.962,-0.455
-2.034,-1.229
-2.304,2.161
-2.363,1.879
-2.404,2.357
-2.429,0.422
-2.564,2.273
-2.647,1.797
-2.696,-0.015
2.942,2.606
2.471,1.283
2.461,1.382
2.3,1.35
1.881,-1.205
1.895,-0.322
1.999,0.178
1.89,0.994
1.705,0.917
1.631,1.164
1.595,-1.162
1.572,-1.143
1.55,-0.462
1.52,-0.71
1.5,-0.481
1.569,-1.3
1.385,-1.445
1.363,-1.505
0.966,-1.516
0.155,-1.307
0.029,-1.328
-0.166,-1.385
-0.766,-1.592
-1.388,-1.615
-1.402,-1.489
-1.738,-1.659
-1.677,-1.578
-1.731,-1.536
-1.898,-1.341
-2.058,-1.679
-2.592,-1.68
-2.709,-1.501
3.094,-1.592
2.89,-1.384
2.047,-1.578
1.916,-1.362
2.064,-1.586
-0.246,2.683
-0.62,2.769
-1.771,2.731
-3.066,2.851
2.216,2.805
1.194,-0.54
0.796,-0.571
-0.398,1.166
-1.089,0.585
-1.163,1.167
-1.176,-0.956
-1.39,-0.98
0.054,-0.497
-2.164,-0.276
2.245,1.648
1.979,2.206
1.939,2.081
-0.358,-0.53
-1.058,0.195
-1.41,0.778
-1.602,1.369
1.814,0.777
1.569,-1.273
0.46,-1.243
2.963,-1.274
0.796,-1.676
0.074,-1.763
-1.203,-1.825
2.604,-1.778
-0.035,1.473
0.037,2.072
0.021,1.487
-0.153,0.188
-0.141,-0.03
-0.169,-1.23
-0.308,2.461
-0.363,-0.005
-0.372,1.612
-0.525,2.212
-0.608,0.921
-0.594,-0.152
-0.705,2.06
-0.676,1.647
-0.843,0.525
-0.881,1.2
-0.849,0.945
-0.854,1.177
-0.86,-0.263
-0.993,-0.503
-0.938,-1.076
-0.973,0.327
-1.043,2.573
-1.142,0.317
-1.109,-0.461
-1.166,1.338
-1.221,0.54
-1.222,1.568
-1.281,-0.446
-1.35,1.549
-1.463,-0.567
-1.466,0.788
-1.496,0.377
-1.437,0.782
-1.509,1.144
-1.512,1.107
-1.627,1.988
-1.721,-0.283
-1.649,0.404
-1.717,1.09
-1.764,0.774
-1.711,0.121
-1.745,-0.214
-1.864,0.21
-1.858,-0.251
-1.918,-0.651
-1.929,0.379
-1.878,0.338
-1.976,-0.819
-1.898,2.585
-1.914,-0.325
-1.928,1.331
-2.019,2.378
-2.069,0.734
-2.08,-1.042
-2.099,0.276
-2.173,1.17
-2.228,-0.311
-2.192,0.409
-2.255,0.013
-2.304,2.014
-2.321,-1.164
-2.328,0.701
-2.265,1.762
-2.297,2.559
-2.348,-0.852
-2.454,-0.644
-2.437,-0.907
-2.495,2.421
-2.577,-1.301
-2.591,0.559
-2.623,1.45
-2.639,-0.905
-2.777,1.713
-2.771,1.03
-2.797,0.77
-2.871,0.458
-3.05,-0.05
3.028,-0.491
3.018,-0.173
2.941,2.158
2.868,0.742
2.845,0.06
2.856,2.449
2.801,-0.527
2.811,1.247
2.769,1.575
2.649,0.116
2.647,1.099
2.644,-0.011
2.469,-1.147
2.383,0.132
2.343,-0.104
2.307,0.807
2.219,-0.241
2.223,0.297
2.196,-0.146
2.116,-1.39
2.11,0.711
2.024,2.048
2.085,0.317
2.018,2.227
1.985,2.179
1.998,-1.251
1.916,0.939
1.905,0.208
1.886,1.117
1.872,0.332
1.915,1.627
1.829,0.876
1.897,-0.136
1.817,0.181
1.727,0.048
1.763,1.876
1.686,0.298
1.237,-1.432
0.974,-1.75
0.889,-1.6
0.657,-1.633
-0.129,-1.414
-0.532,-1.474
-0.889,-1.626
-1.655,-1.437
-1.743,-1.734
-1.862,-1.811
-1.969,-1.832
-2.035,-1.714
-2.456,-1.844
-2.881,-1.685
3.06,-1.871
2.807,-1.485
2.248,-1.683
2.013,-1.685
0.925,2.615
0.811,2.724
0.052,2.53
-2.328,2.654
-2.458,2.732
-2.471,2.714
-2.61,2.707
-2.621,2.748
2.745,2.386
1.799,2.647
1.529,-0.235
1.031,0.075
0.319,0.15
1.952,0.394
1.838,-0.684
-0.173,-1.706
-3.035,-1.788
1.619,1.138
1.665,0.663
1.49,2.474
1.49,-0.189
1.548,-0.408
1.395,1.666
1.234,-0.368
1.156,1.01
1.274,0.949
1.108,0.213
0.955,1.017
0.791,-1.199
0.83,0.705
0.727,0.874
0.586,1.984
0.675,1.768
0.538,-0.09
0.454,0.805
0.169,2.272
0.148,-0.176
0.146,-0.114
0.233,0.166
-0.064,-0.129
-0.161,-0.798
-0.16,0.838
-0.334,2.265
-0.256,1.543
-0.412,2.011
-0.452,1.845
-0.472,-0.32
-0.489,-0.025
-0.425,1.085
-0.563,-0.432
-0.6,-0.631
-0.581,2.354
-0.622,1.946
-0.677,-0.364
-0.916,0.347
-0.776,-0.164
-0.78,1.899
-0.814,-0.11
-0.821,-0.404
-0.964,1.091
-0.962,2.246
-0.916,-0.583
-1.156,-0.35
-1.067,-0.675
-1.24,1.376
-1.207,0.719
-1.337,0.294
-1.295,0.37
-1.295,1.241
-1.472,2.428
-1.373,-0.643
-1.48,1.304
-1.571,-0.027
-1.64,2.204
-1.74,-1.15
-1.869,1.401
-1.801,-0.595
-1.873,-1.369
-2.143,2.021
-2.202,1.739
-2.243,2.217
-2.268,0.282
-2.403,2.133
-2.486,1.657
-2.535,-0.155
3.103,2.466
2.632,1.143
2.622,1.242
2.461,1.21
2.042,-1.345
2.056,-0.462
2.16,0.038
2.051,0.854
1.866,0.777
1.792,1.024
1.756,-1.302
1.733,-1.283
1.711,-0.602
1.681,-0.85
1.661,-0.621
1.73,-1.44
1.546,-1.585
1.524,-1.645
1.127,-1.656
0.316,-1.447
0.19,-1.468
-0.005,-1.525
-0.605,-1.732
-1.227,-1.755
-1.241,-1.629
-1.577,-1.799
-1.516,-1.718
-1.57,-1.676
-1.737,-1.481
-1.897,-1.819
-2.431,-1.82
-2.548,-1.641
-3.028,-1.732
3.051,-1.524
2.208,-1.718
2.077,-1.502
2.225,-1.726
-0.085,2.543
-0.459,2.629
-1.61,2.591
-2.905,2.711
2.377,2.665
1.355,-0.68
0.957,-0.711
-0.237,1.026
-0.928,0.445
-1.002,1.027
-1.015,-1.096
-1.229,-1.12
0.215,-0.637
-2.003,-0.416
2.406,1.508
2.14,2.066
2.1,1.941
-0.197,-0.67
-0.897,0.055
-1.249,0.638
-1.441,1.229
1.975,0.637
1.73,-1.413
0.621,-1.383
3.124,-1.414
0.957,-1.816
0.235,-1.903
-1.042,-1.965
2.765,-1.918
0.072,0.599
0.056,0.014
-0.118,-1.285
-0.106,-1.503
-0.134,-2.703
-0.273,0.988
-0.328,-1.478
-0.337,0.139
-0.49,0.739
-0.573,-0.552
-0.559,-1.625
-0.67,0.587
-0.641,0.174
-0.808,-0.948
-0.846,-0.273
-0.814,-0.528
-0.819,-0.296
-0.825,-1.736
-0.958,-1.976
-0.903,-2.549
-0.938,-1.146
-1.008,1.1
-1.107,-1.156
-1.074,-1.934
-1.131,-0.135
-1.186,-0.933
-1.187,0.095
-1.246,-1.919
-1.315,0.076
-1.428,-2.04
-1.431,-0.685
-1.461,-1.096
-1.402,-0.691
-1.474,-0.329
-1.477,-0.366
-1.592,0.515
-1.686,-1.756
-1.614,-1.069
-1.682,-0.383
-1.729,-0.699
-1.676,-1.352
-1.71,-1.687
-1.829,-1.263
-1.823,-1.724
-1.883,-2.124
-1.894,-1.094
-1.843,-1.135
-1.941,-2.292
-1.863,1.112
-1.879,-1.798
-1.893,-0.142
-1.984,0.905
-2.034,-0.739
-2.045,-2.515
-2.064,-1.197
-2.138,-0.303
-2.193,-1.784
-2.157,-1.064
-2.22,-1.46
-2.269,0.541
-2.286,-2.637
-2.293,-0.772
-2.23,0.289
-2.262,1.086
-2.313,-2.325
-2.419,-2.117
-2.402,-2.38
-2.46,0.948
-2.542,-2.774
-2.556,-0.914
-2.588,-0.023
-2.604,-2.378
-2.742,0.24
-2.736,-0.443
-2.762,-0.703
-2.836,-1.015
-3.015,-1.523
3.063,-1.964
3.053,-1.646
2.976,0.685
2.903,-0.731
2.88,-1.413
2.891,0.976
2.836,-2.0
2.846,-0.226
2.804,0.102
2.684,-1.357
2.682,-0.374
2.679,-1.484
2.504,-2.62
2.418,-1.341
2.378,-1.577
2.342,-0.666
2.254,-1.714
2.258,-1.176
2.231,-1.619
2.151,-2.863
2.145,-0.762
2.059,0.575
2.12,-1.156
2.053,0.754
2.02,0.706
2.033,-2.724
1.951,-0.534
1.94,-1.265
1.921,-0.356
1.907,-1.141
1.95,0.154
1.864,-0.597
1.932,-1.609
1.852,-1.292
1.762,-1.425
1.798,0.403
1.721,-1.175
1.272,-2.905
1.009,-3.223
0.924,-3.073
0.692,-3.106
-0.094,-2.887
-0.497,-2.947
-0.854,-3.099
-1.62,-2.91
-1.708,-3.207
-1.827,-3.284
-1.934,-3.305
-2.0,-3.187
-2.421,-3.317
-2.846,-3.158
3.095,-3.344
2.842,-2.958
2.283,-3.156
2.048,-3.158
0.96,1.142
0.846,1.251
0.087,1.057
-2.293,1.181
-2.423,1.259
-2.436,1.241
-2.575,1.234
-2.586,1.275
2.78,0.913
1.834,1.174
1.564,-1.708
1.066,-1.398
0.354,-1.323
1.987,-1.079
1.873,-2.157
-0.138,-3.179
-3.0,-3.261
1.654,-0.335
1.7,-0.81
1.525,1.001
1.525,-1.662
1.583,-1.881
1.43,0.193
1.269,-1.841
1.191,-0.463
1.309,-0.524
1.143,-1.26
0.99,-0.456
0.826,-2.672
0.865,-0.768
0.762,-0.599
0.621,0.511
0.71,0.295
0.573,-1.563
0.489,-0.668
0.204,0.799
0.183,-1.649
0.181,-1.587
0.268,-1.307
-0.029,-1.602
-0.126,-2.271
-0.125,-0.635
-0.299,0.792
-0.221,0.07
-0.377,0.538
-0.417,0.372
-0.437,-1.793
-0.454,-1.498
-0.39,-0.388
-0.528,-1.905
-0.565,-2.104
-0.546,0.881
-0.587,0.473
-0.642,-1.837
-0.881,-1.126
-0.741,-1.637
-0.745,0.426
-0.779,-1.583
-0.786,-1.877
-0.929,-0.382
-0.927,0.773
-0.881,-2.056
-1.121,-1.823
-1.032,-2.148
-1.205,-0.097
-1.172,-0.754
-1.302,-1.179
-1.26,-1.103
-1.26,-0.232
-1.437,0.955
-1.338,-2.116
-1.445,-0.169
-1.536,-1.5
-1.605,0.731
-1.705,-2.623
-1.834,-0.072
-1.766,-2.068
-1.838,-2.842
-2.108,0.548
-2.167,0.266
-2.208,0.744
-2.233,-1.191
-2.368,0.66
-2.451,0.184
-2.5,-1.628
3.138,0.993
2.667,-0.33
2.657,-0.231
2.496,-0.263
2.077,-2.818
2.091,-1.935
2.195,-1.435
2.086,-0.619
1.901,-0.696
1.827,-0.449
1.791,-2.775
1.768,-2.756
1.746,-2.075
1.716,-2.323
1.696,-2.094
1.765,-2.913
1.581,-3.058
1.559,-3.118
1.162,-3.129
0.351,-2.92
0.225,-2.941
0.03,-2.998
-0.57,-3.205
-1.192,-3.228
-1.206,-3.102
-1.542,-3.272
-1.481,-3.191
-1.535,-3.149
-1.702,-2.954
-1.862,-3.292
-2.396,-3.293
-2.513,-3.114
-2.993,-3.205
3.086,-2.997
2.243,-3.191
2.112,-2.975
2.26,-3.199
-0.05,1.07
-0.424,1.156
-1.575,1.118
-2.87,1.238
2.412,1.192
1.39,-2.153
0.992,-2.184
-0.202,-0.447
-0.893,-1.028
-0.967,-0.446
-0.98,-2.569
-1.194,-2.593
0.25,-2.11
-1.968,-1.889
2.441,0.035
2.175,0.593
2.135,0.468
-0.162,-2.143
-0.862,-1.418
-1.214,-0.835
-1.406,-0.244
2.01,-0.836
1.765,-2.886
0.656,-2.856
-3.124,-2.887
0.992,-3.289
0.27,-3.376
-1.007,-3.438
2.8,-3.391
-0.016,-0.585
-0.19,-1.884
-0.178,-2.102
-0.206,-3.302
-0.345,0.389
-0.4,-2.077
-0.409,-0.46
-0.562,0.14
-0.645,-1.151
-0.631,-2.224
-0.742,-0.012
-0.713,-0.425
-0.88,-1.547
-0.918,-0.872
-0.886,-1.127
-0.891,-0.895
-0.897,-2.335
-1.03,-2.575
-0.975,-3.148
-1.01,-1.745
-1.08,0.501
-1.179,-1.755
-1.146,-2.533
-1.203,-0.734
-1.258,-1.532
-1.259,-0.504
-1.318,-2.518
-1.387,-0.523
-1.5,-2.639
-1.503,-1.284
-1.533,-1.695
-1.474,-1.29
-1.546,-0.928
-1.549,-0.965
-1.664,-0.084
-1.758,-2.355
-1.686,-1.668
-1.754,-0.982
-1.801,-1.298
-1.748,-1.951
-1.782,-2.286
-1.901,-1.862
-1.895,-2.323
-1.955,-2.723
-1.966,-1.693
-1.915,-1.734
-2.013,-2.891
-1.935,0.513
-1.951,-2.397
-1.965,-0.741
-2.056,0.306
-2.106,-1.338
-2.117,-3.114
-2.136,-1.796
-2.21,-0.902
-2.265,-2.383
-2.229,-1.663
-2.292,-2.059
-2.341,-0.058
-2.358,-3.236
-2.365,-1.371
-2.302,-0.31
-2.334,0.487
-2.385,-2.924
-2.491,-2.716
-2.474,-2.979
-2.532,0.349
-2.614,-3.373
-2.628,-1.513
-2.66,-0.622
-2.676,-2.977
-2.814,-0.359
-2.808,-1.042
-2.834,-1.302
-2.908,-1.614
-3.087,-2.122
2.991,-2.563
2.981,-2.245
2.904,0.086
2.831,-1.33
2.808,-2.012
2.819,0.377
2.764,-2.599
2.774,-0.825
2.732,-0.497
2.612,-1.956
2.61,-0.973
2.607,-2.083
2.432,-3.219
2.346,-1.94
2.306,-2.176
2.27,-1.265
2.182,-2.313
2.186,-1.775
2.159,-2.218
2.079,-3.462
2.073,-1.361
1.987,-0.024
2.048,-1.755
1.981,0.155
1.948,0.107
1.961,-3.323
1.879,-1.133
1.868,-1.864
1.849,-0.955
1.835,-1.74
1.878,-0.445
1.792,-1.196
1.86,-2.208
1.78,-1.891
1.69,-2.024
1.726,-0.196
1.649,-1.774
1.2,-3.504
0.937,-3.822
0.852,-3.672
0.62,-3.705
-0.166,-3.486
-0.569,-3.546
-0.926,-3.698
-1.692,-3.509
-1.78,-3.806
-1.899,-3.883
-2.006,-3.904
-2.072,-3.786
-2.493,-3.916
-2.918,-3.757
3.023,-3.943
2.77,-3.557
2.211,-3.755
1.976,-3.757
0.888,0.543
0.774,0.652
0.015,0.458
-2.365,0.582
-2.495,0.66
-2.508,0.642
-2.647,0.635
-2.658,0.676
2.708,0.314
1.762,0.575
1.492,-2.307
0.994,-1.997
0.282,-1.922
1.915,-1.678
1.801,-2.756
-0.21,-3.778
-3.072,-3.86
1.582,-0.934
1.628,-1.409
1.453,0.402
1.453,-2.261
1.511,-2.48
1.358,-0.406
1.197,-2.44
1.119,-1.062
1.237,-1.123
1.071,-1.859
0.918,-1.055
0.754,-3.271
0.793,-1.367
0.69,-1.198
0.549,-0.088
0.638,-0.304
0.501,-2.162
0.417,-1.267
0.132,0.2
0.111,-2.248
0.109,-2.186
0.196,-1.906
-0.101,-2.201
-0.198,-2.87
-0.197,-1.234
-0.371,0.193
-0.293,-0.529
-0.449,-0.061
-0.489,-0.227
-0.509,-2.392
-0.526,-2.097
-0.462,-0.987
-0.6,-2.504
-0.637,-2.703
-0.618,0.282
-0.659,-0.126
-0.714,-2.436
-0.953,-1.725
-0.813,-2.236
-0.817,-0.173
-0.851,-2.182
-0.858,-2.476
-1.001,-0.981
-0.999,0.174
-0.953,-2.655
-1.193,-2.422
-1.104,-2.747
-1.277,-0.696
-1.244,-1.353
-1.374,-1.778
-1.332,-1.702
-1.332,-0.831
-1.509,0.356
-1.41,-2.715
-1.517,-0.768
-1.608,-2.099
-1.677,0.132
-1.777,-3.222
-1.906,-0.671
-1.838,-2.667
-1.91,-3.441
-2.18,-0.051
-2.239,-0.333
-2.28,0.145
-2.305,-1.79
-2.44,0.061
-2.523,-0.415
-2.572,-2.227
3.066,0.394
2.595,-0.929
2.585,-0.83
2.424,-0.862
2.005,-3.417
2.019,-2.534
2.123,-2.034
2.014,-1.218
1.829,-1.295
1.755,-1.048
1.719,-3.374
1.696,-3.355
1.674,-2.674
1.644,-2.922
1.624,-2.693
1.693,-3.512
1.509,-3.657
1.487,-3.717
1.09,-3.728
0.279,-3.519
0.153,-3.54
-0.042,-3.597
-0.642,-3.804
-1.264,-3.827
-1.278,-3.701
-1.614,-3.871
-1.553,-3.79
-1.607,-3.748
-1.774,-3.553
-1.934,-3.891
-2.468,-3.892
-2.585,-3.713
-3.065,-3.804
3.014,-3.596
2.171,-3.79
2.04,-3.574
2.188,-3.798
-0.122,0.471
-0.496,0.557
-1.647,0.519
-2.942,0.639
2.34,0.593
1.318,-2.752
0.92,-2.783
-0.274,-1.046
-0.965,-1.627
-1.039,-1.045
-1.052,-3.168
-1.266,-3.192
0.178,-2.709
-2.04,-2.488
2.369,-0.564
2.103,-0.006
2.063,-0.131
-0.234,-2.742
-0.934,-2.017
-1.286,-1.434
-1.478,-0.843
1.938,-1.435
1.693,-3.485
0.584,-3.455
3.087,-3.486
0.92,-3.888
0.198,-3.975
-1.079,-4.037
2.728,-3.99
-0.174,-1.299
-0.162,-1.517
-0.19,-2.717
-0.329,0.974
-0.384,-1.492
-0.393,0.125
-0.546,0.725
-0.629,-0.566
-0.615,-1.639
-0.726,0.573
-0.697,0.16
-0.864,-0.962
-0.902,-0.287
-0.87,-0.542
-0.875,-0.31
-0.881,-1.75
-1.014,-1.99
-0.959,-2.563
-0.994,-1.16
-1.064,1.086
-1.163,-1.17
-1.13,-1.948
-1.187,-0.149
-1.242,-0.947
-1.243,0.081
-1.302,-1.933
-1.371,0.062
-1.484,-2.054
-1.487,-0.699
-1.517,-1.11
-1.458,-0.705
-1.53,-0.343
-1.533,-0.38
-1.648,0.501
-1.742,-1.77
-1.67,-1.083
-1.738,-0.397
-1.785,-0.713
-1.732,-1.366
-1.766,-1.701
-1.885,-1.277
-1.879,-1.738
-1.939,-2.138
-1.95,-1.108
-1.899,-1.149
-1.997,-2.306
-1.919,1.098
-1.935,-1.812
-1.949,-0.156
-2.04,0.891
-2.09,-0.753
-2.101,-2.529
-2.12,-1.211
-2.194,-0.317
-2.249,-1.798
-2.213,-1.078
-2.276,-1.474
-2.325,0.527
-2.342,-2.651
-2.349,-0.786
-2.286,0.275
-2.318,1.072
-2.369,-2.339
-2.475,-2.131
-2.458,-2.394
-2.516,0.934
-2.598,-2.788
-2.612,-0.928
-2.644,-0.037
-2.66,-2.392
-2.798,0.226
-2.792,-0.457
-2.818,-0.717
-2.892,-1.029
-3.071,-1.537
3.007,-1.978
2.997,-1.66
2.92,0.671
2.847,-0.745
2.824,-1.427
2.835,0.962
2.78,-2.014
2.79,-0.24
2.748,0.088
2.628,-1.371
2.626,-0.388
2.623,-1.498
2.448,-2.634
2.362,-1.355
2.322,-1.591
2.286,-0.68
2.198,-1.728
2.202,-1.19
2.175,-1.633
2.095,-2.877
2.089,-0.776
2.003,0.561
2.064,-1.17
1.997,0.74
1.964,0.692
1.977,-2.738
1.895,-0.548
1.884,-1.279
1.865,-0.37
1.851,-1.155
1.894,0.14
1.808,-0.611
1.876,-1.623
1.796,-1.306
1.706,-1.439
1.742,0.389
1.665,-1.189
1.216,-2.919
0.953,-3.237
0.868,-3.087
0.636,-3.12
-0.15,-2.901
-0.553,-2.961
-0.91,-3.113
-1.676,-2.924
-1.764,-3.221
-1.883,-3.298
-1.99,-3.319
-2.056,-3.201
-2.477,-3.331
-2.902,-3.172
3.039,-3.358
2.786,-2.972
2.227,-3.17
1.992,-3.172
0.904,1.128
0.79,1.237
0.031,1.043
-2.349,1.167
-2.479,1.245
-2.492,1.227
-2.631,1.22
-2.642,1.261
2.724,0.899
1.778,1.16
1.508,-1.722
1.01,-1.412
0.298,-1.337
1.931,-1.093
1.817,-2.171
-0.194,-3.193
-3.056,-3.275
1.598,-0.349
1.644,-0.824
1.469,0.987
1.469,-1.676
1.527,-1.895
1.374,0.179
1.213,-1.855
1.135,-0.477
1.253,-0.538
1.087,-1.274
0.934,-0.47
0.77,-2.686
0.809,-0.782
0.706,-0.613
0.565,0.497
0.654,0.281
0.517,-1.577
0.433,-0.682
0.148,0.785
0.127,-1.663
0.125,-1.601
0.212,-1.321
-0.085,-1.616
-0.182,-2.285
-0.181,-0.649
-0.355,0.778
-0.277,0.056
-0.433,0.524
-0.473,0.358
-0.493,-1.807
-0.51,-1.512
-0.446,-0.402
-0.584,-1.919
-0.621,-2.118
-0.602,0.867
-0.643,0.459
-0.698,-1.851
-0.937,-1.14
-0.797,-1.651
-0.801,0.412
-0.835,-1.597
-0.842,-1.891
-0.985,-0.396
-0.983,0.759
-0.937,-2.07
-1.177,-1.837
-1.088,-2.162
-1.261,-0.111
-1.228,-0.768
-1.358,-1.193
-1.316,-1.117
-1.316,-0.246
-1.493,0.941
-1.394,-2.13
-1.501,-0.183
-1.592,-1.514
-1.661,0.717
-1.761,-2.637
-1.89,-0.086
-1.822,-2.082
-1.894,-2.856
-2.164,0.534
-2.223,0.252
-2.264,0.73
-2.289,-1.205
-2.424,0.646
-2.507,0.17
-2.556,-1.642
3.082,0.979
2.611,-0.344
2.601,-0.245
2.44,-0.277
2.021,-2.832
2.035,-1.949
2.139,-1.449
2.03,-0.633
1.845,-0.71
1.771,-0.463
1.735,-2.789
1.712,-2.77
1.69,-2.089
1.66,-2.337
1.64,-2.108
1.709,-2.927
1.525,-3.072
1.503,-3.132
1.106,-3.143
0.295,-2.934
0.169,-2.955
-0.026,-3.012
-0.626,-3.219
-1.248,-3.242
-1.262,-3.116
-1.598,-3.286
-1.537,-3.205
-1.591,-3.163
-1.758,-2.968
-1.918,-3.306
-2.452,-3.307
-2.569,-3.128
-3.049,-3.219
3.03,-3.011
2.187,-3.205
2.056,-2.989
2.204,-3.213
-0.106,1.056
-0.48,1.142
-1.631,1.104
-2.926,1.224
2.356,1.178
1.334,-2.167
0.936,-2.198
-0.258,-0.461
-0.949,-1.042
-1.023,-0.46
-1.036,-2.583
-1.25,-2.607
0.194,-2.124
-2.024,-1.903
2.385,0.021
2.119,0.579
2.079,0.454
-0.218,-2.157
-0.918,-1.432
-1.27,-0.849
-1.462,-0.258
1.954,-0.85
1.709,-2.9
0.6,-2.87
3.103,-2.901
0.936,-3.303
0.214,-3.39
-1.063,-3.452
2.744,-3.405
0.012,-0.218
-0.016,-1.418
-0.155,2.273
-0.21,-0.193
-0.219,1.424
-0.372,2.024
-0.455,0.733
-0.441,-0.34
-0.552,1.872
-0.523,1.459
-0.69,0.337
-0.728,1.012
-0.696,0.757
-0.701,0.989
-0.707,-0.451
-0.84,-0.691
-0.785,-1.264
-0.82,0.139
-0.89,2.385
-0.989,0.129
-0.956,-0.649
-1.013,1.15
-1.068,0.352
-1.069,1.38
-1.128,-0.634
-1.197,1.361
-1.31,-0.755
-1.313,0.6
-1.343,0.189
-1.284,0.594
-1.356,0.956
-1.359,0.919
-1.474,1.8
-1.568,-0.471
-1.496,0.216
-1.564,0.902
-1.611,0.586
-1.558,-0.067
-1.592,-0.402
-1.711,0.022
-1.705,-0.439
-1.765,-0.839
-1.776,0.191
-1.725,0.15
-1.823,-1.007
-1.745,2.397
-1.761,-0.513
-1.775,1.143
-1.866,2.19
-1.916,0.546
-1.927,-1.23
-1.946,0.088
-2.02,0.982
-2.075,-0.499
-2.039,0.221
-2.102,-0.175
-2.151,1.826
-2.168,-1.352
-2.175,0.513
-2.112,1.574
-2.144,2.371
-2.195,-1.04
-2.301,-0.832
-2.284,-1.095
-2.342,2.233
-2.424,-1.489
-2.438,0.371
-2.47,1.262
-2.486,-1.093
-2.624,1.525
-2.618,0.842
-2.644,0.582
-2.718,0.27
-2.897,-0.238
-3.102,-0.679
-3.112,-0.361
3.094,1.97
3.021,0.554
2.998,-0.128
3.009,2.261
2.954,-0.715
2.964,1.059
2.922,1.387
2.802,-0.072
2.8,0.911
2.797,-0.199
2.622,-1.335
2.536,-0.056
2.496,-0.292
2.46,0.619
2.372,-0.429
2.376,0.109
2.349,-0.334
2.269,-1.578
2.263,0.523
2.177,1.86
2.238,0.129
2.171,2.039
2.138,1.991
2.151,-1.439
2.069,0.751
2.058,0.02
2.039,0.929
2.025,0.144
2.068,1.439
1.982,0.688
2.05,-0.324
1.97,-0.007
1.88,-0.14
1.916,1.688
1.839,0.11
1.39,-1.62
1.127,-1.938
1.042,-1.788
0.81,-1.821
0.024,-1.602
-0.379,-1.662
-0.736,-1.814
-1.502,-1.625
-1.59,-1.922
-1.709,-1.999
-1.816,-2.02
-1.882,-1.902
-2.303,-2.032
-2.728,-1.873
-3.07,-2.059
2.96,-1.673
2.401,-1.871
2.166,-1.873
1.078,2.427
0.964,2.536
0.205,2.342
-2.175,2.466
-2.305,2.544
-2.318,2.526
-2.457,2.519
-2.468,2.56
2.898,2.198
1.952,2.459
1.682,-0.423
1.184,-0.113
0.472,-0.038
2.105,0.206
1.991,-0.872
-0.02,-1.894
-2.882,-1.976
1.772,0.95
1.818,0.475
1.643,2.286
1.643,-0.377
1.701,-0.596
1.548,1.478
1.387,-0.556
1.309,0.822
1.427,0.761
1.261,0.025
1.108,0.829
0.944,-1.387
0.983,0.517
0.88,0.686
0.739,1.796
0.828,1.58
0.691,-0.278
0.607,0.617
0.322,2.084
0.301,-0.364
0.299,-0.302
0.386,-0.022
0.089,-0.317
-0.008,-0.986
-0.007,0.65
-0.181,2.077
-0.103,1.355
-0.259,1.823
-0.299,1.657
-0.319,-0.508
-0.336,-0.213
-0.272,0.897
-0.41,-0.62
-0.447,-0.819
-0.428,2.166
-0.469,1.758
-0.524,-0.552
-0.763,0.159
-0.623,-0.352
-0.627,1.711
-0.661,-0.298
-0.668,-0.592
-0.811,0.903
-0.809,2.058
-0.763,-0.771
-1.003,-0.538
-0.914,-0.863
-1.087,1.188
-1.054,0.531
-1.184,0.106
-1.142,0.182
-1.142,1.053
-1.319,2.24
-1.22,-0.831
-1.327,1.116
-1.418,-0.215
-1.487,2.016
-1.587,-1.338
-1.716,1.213
-1.648,-0.783
-1.72,-1.557
-1.99,1.833
-2.049,1.551
-2.09,2.029
-2.115,0.094
-2.25,1.945
-2.333,1.469
-2.382,-0.343
-3.027,2.278
2.785,0.955
2.775,1.054
2.614,1.022
2.195,-1.533
2.209,-0.65
2.313,-0.15
2.204,0.666
2.019,0.589
1.945,0.836
1.909,-1.49
1.886,-1.471
1.864,-0.79
1.834,-1.038
1.814,-0.809
1.883,-1.628
1.699,-1.773
1.677,-1.833
1.28,-1.844
0.469,-1.635
0.343,-1.656
0.148,-1.713
-0.452,-1.92
-1.074,-1.943
-1.088,-1.817
-1.424,-1.987
-1.363,-1.906
-1.417,-1.864
-1.584,-1.669
-1.744,-2.007
-2.278,-2.008
-2.395,-1.829
-2.875,-1.92
-3.079,-1.712
2.361,-1.906
2.23,-1.69
2.378,-1.914
0.068,2.355
-0.306,2.441
-1.457,2.403
-2.752,2.523
2.53,2.477
1.508,-0.868
1.11,-0.899
-0.084,0.838
-0.775,0.257
-0.849,0.839
-0.862,-1.284
-1.076,-1.308
0.368,-0.825
-1.85,-0.604
2.559,1.32
2.293,1.878
2.253,1.753
-0.044,-0.858
-0.744,-0.133
-1.096,0.45
-1.288,1.041
2.128,0.449
1.883,-1.601
0.774,-1.571
-3.006,-1.602
1.11,-2.004
0.388,-2.091
-0.889,-2.153
2.918,-2.106
-0.028,-1.2
-0.167,2.491
-0.222,0.025
-0.231,1.642
-0.384,2.242
-0.467,0.951
-0.453,-0.122
-0.564,2.09
-0.535,1.677
-0.702,0.555
-0.74,1.23
-0.708,0.975
-0.713,1.207
-0.719,-0.233
-0.852,-0.473
-0.797,-1.046
-0.832,0.357
-0.902,2.603
-1.001,0.347
-0.968,-0.431
-1.025,1.368
-1.08,0.57
-1.081,1.598
-1.14,-0.416
-1.209,1.579
-1.322,-0.537
-1.325,0.818
-1.355,0.407
-1.296,0.812
-1.368,1.174
-1.371,1.137
-1.486,2.018
-1.58,-0.253
-1.508,0.434
-1.576,1.12
-1.623,0.804
-1.57,0.151
-1.604,-0.184
-1.723,0.24
-1.717,-0.221
-1.777,-0.621
-1.788,0.409
-1.737,0.368
-1.835,-0.789
-1.757,2.615
-1.773,-0.295
-1.787,1.361
-1.878,2.408
-1.928,0.764
-1.939,-1.012
-1.958,0.306
-2.032,1.2
-2.087,-0.281
-2.051,0.439
-2.114,0.043
-2.163,2.044
-2.18,-1.134
-2.187,0.731
-2.124,1.792
-2.156,2.589
-2.207,-0.822
-2.313,-0.614
-2.296,-0.877
-2.354,2.451
-2.436,-1.271
-2.45,0.589
-2.482,1.48
-2.498,-0.875
-2.636,1.743
-2.63,1.06
-2.656,0.8
-2.73,0.488
-2.909,-0.02
-3.114,-0.461
-3.124,-0.143
3.082,2.188
3.009,0.772
2.986,0.09
2.997,2.479
2.942,-0.497
2.952,1.277
2.91,1.605
2.79,0.146
2.788,1.129
2.785,0.019
2.61,-1.117
2.524,0.162
2.484,-0.074
2.448,0.837
2.36,-0.211
2.364,0.327
2.337,-0.116
2.257,-1.36
2.251,0.741
2.165,2.078
2.226,0.347
2.159,2.257
2.126,2.209
2.139,-1.221
2.057,0.969
2.046,0.238
2.027,1.147
2.013,0.362
2.056,1.657
1.97,0.906
2.038,-0.106
1.958,0.211
1.868,0.078
1.904,1.906
1.827,0.328
1.378,-1.402
1.115,-1.72
1.03,-1.57
0.798,-1.603
0.012,-1.384
-0.391,-1.444
-0.748,-1.596
-1.514,-1.407
-1.602,-1.704
-1.721,-1.781
-1.828,-1.802
-1.894,-1.684
-2.315,-1.814
-2.74,-1.655
-3.082,-1.841
2.948,-1.455
2.389,-1.653
2.154,-1.655
1.066,2.645
0.952,2.754
0.193,2.56
-2.187,2.684
-2.317,2.762
-2.33,2.744
-2.469,2.737
-2.48,2.778
2.886,2.416
1.94,2.677
1.67,-0.205
1.172,0.105
0.46,0.18
2.093,0.424
1.979,-0.654
-0.032,-1.676
-2.894,-1.758
1.76,1.168
1.806,0.693
1.631,2.504
1.631,-0.159
1.689,-0.378
1.536,1.696
1.375,-0.338
1.297,1.04
1.415,0.979
1.249,0.243
1.096,1.047
0.932,-1.169
0.971,0.735
0.868,0.904
0.727,2.014
0.816,1.798
0.679,-0.06
0.595,0.835
0.31,2.302
0.289,-0.146
0.287,-0.084
0.374,0.196
0.077,-0.099
-0.02,-0.768
-0.019,0.868
-0.193,2.295
-0.115,1.573
-0.271,2.041
-0.311,1.875
-0.331,-0.29
-0.348,0.005
-0.284,1.115
-0.422,-0.402
-0.459,-0.601
-0.44,2.384
-0.481,1.976
-0.536,-0.334
-0.775,0.377
-0.635,-0.134
-0.639,1.929
-0.673,-0.08
-0.68,-0.374
-0.823,1.121
-0.821,2.276
-0.775,-0.553
-1.015,-0.32
-0.926,-0.645
-1.099,1.406
-1.066,0.749
-1.196,0.324
-1.154,0.4
-1.154,1.271
-1.331,2.458
-1.232,-0.613
-1.339,1.334
-1.43,0.003
-1.499,2.234
-1.599,-1.12
-1.728,1.431
-1.66,-0.565
-1.732,-1.339
-2.002,2.051
-2.061,1.769
-2.102,2.247
-2.127,0.312
-2.262,2.163
-2.345,1.687
-2.394,-0.125
-3.039,2.496
2.773,1.173
2.763,1.272
2.602,1.24
2.183,-1.315
2.197,-0.432
2.301,0.068
2.192,0.884
2.007,0.807
1.933,1.054
1.897,-1.272
1.874,-1.253
1.852,-0.572
1.822,-0.82
1.802,-0.591
1.871,-1.41
1.687,-1.555
1.665,-1.615
1.268,-1.626
0.457,-1.417
0.331,-1.438
0.136,-1.495
-0.464,-1.702
-1.086,-1.725
-1.1,-1.599
-1.436,-1.769
-1.375,-1.688
-1.429,-1.646
-1.596,-1.451
-1.756,-1.789
-2.29,-1.79
-2.407,-1.611
-2.887,-1.702
-3.091,-1.494
2.349,-1.688
2.218,-1.472
2.366,-1.696
0.056,2.573
-0.318,2.659
-1.469,2.621
-2.764,2.741
2.518,2.695
1.496,-0.65
1.098,-0.681
-0.096,1.056
-0.787,0.475
-0.861,1.057
-0.874,-1.066
-1.088,-1.09
0.356,-0.607
-1.862,-0.386
2.547,1.538
2.281,2.096
2.241,1.971
-0.056,-0.64
-0.756,0.085
-1.108,0.668
-1.3,1.259
2.116,0.667
1.871,-1.383
0.762,-1.353
-3.018,-1.384
1.098,-1.786
0.376,-1.873
-0.901,-1.935
2.906,-1.888
-0.139,3.691
-0.194,1.225
-0.203,2.842
-0.356,3.442
-0.439,2.151
-0.425,1.078
-0.536,3.29
-0.507,2.877
-0.674,1.755
-0.712,2.43
-0.68,2.175
-0.685,2.407
-0.691,0.967
-0.824,0.727
-0.769,0.154
-0.804,1.557
-0.874,3.803
-0.973,1.547
-0.94,0.769
-0.997,2.568
-1.052,1.77
-1.053,2.798
-1.112,0.784
-1.181,2.779
-1.294,0.663
-1.297,2.018
-1.327,1.607
-1.268,2.012
-1.34,2.374
-1.343,2.337
-1.458,3.218
-1.552,0.947
-1.48,1.634
-1.548,2.32
-1.595,2.004
-1.542,1.351
-1.576,1.016
-1.695,1.44
-1.689,0.979
-1.749,0.579
-1.76,1.609
-1.709,1.568
-1.807,0.411
-1.729,3.815
-1.745,0.905
-1.759,2.561
-1.85,3.608
-1.9,1.964
-1.911,0.188
-1.93,1.506
-2.004,2.4
-2.059,0.919
-2.023,1.639
-2.086,1.243
-2.135,3.244
-2.152,0.066
-2.159,1.931
-2.096,2.992
-2.128,3.789
-2.179,0.378
-2.285,0.586
-2.268,0.323
-2.326,3.651
-2.408,-0.071
-2.422,1.789
-2.454,2.68
-2.47,0.325
-2.608,2.943
-2.602,2.26
-2.628,2.0
-2.702,1.688
-2.881,1.18
-3.086,0.739
-3.096,1.057
3.11,3.388
3.037,1.972
3.014,1.29
3.025,3.679
2.97,0.703
2.98,2.477
2.938,2.805
2.818,1.346
2.816,2.329
2.813,1.219
2.638,0.083
2.552,1.362
2.512,1.126
2.476,2.037
2.388,0.989
2.392,1.527
2.365,1.084
2.285,-0.16
2.279,1.941
2.193,3.278
2.254,1.547
2.187,3.457
2.154,3.409
2.167,-0.021
2.085,2.169
2.074,1.438
2.055,2.347
2.041,1.562
2.084,2.857
1.998,2.106
2.066,1.094
1.986,1.411
1.896,1.278
1.932,3.106
1.855,1.528
1.406,-0.202
1.143,-0.52
1.058,-0.37
0.826,-0.403
0.04,-0.184
-0.363,-0.244
-0.72,-0.396
-1.486,-0.207
-1.574,-0.504
-1.693,-0.581
-1.8,-0.602
-1.866,-0.484
-2.287,-0.614
-2.712,-0.455
-3.054,-0.641
2.976,-0.255
2.417,-0.453
2.182,-0.455
1.094,3.845
0.98,3.954
0.221,3.76
-2.159,3.884
-2.289,3.962
-2.302,3.944
-2.441,3.937
-2.452,3.978
2.914,3.616
1.968,3.877
1.698,0.995
1.2,1.305
0.488,1.38
2.121,1.624
2.007,0.546
-0.004,-0.476
-2.866,-0.558
1.788,2.368
1.834,1.893
1.659,3.704
1.659,1.041
1.717,0.822
1.564,2.896
1.403,0.862
1.325,2.24
1.443,2.179
1.277,1.443
1.124,2.247
0.96,0.031
0.999,1.935
0.896,2.104
0.755,3.214
0.844,2.998
0.707,1.14
0.623,2.035
0.338,3.502
0.317,1.054
0.315,1.116
0.402,1.396
0.105,1.101
0.008,0.432
0.009,2.068
-0.165,3.495
-0.087,2.773
-0.243,3.241
-0.283,3.075
-0.303,0.91
-0.32,1.205
-0.256,2.315
-0.394,0.798
-0.431,0.599
-0.412,3.584
-0.453,3.176
-0.508,0.866
-0.747,1.577
-0.607,1.066
-0.611,3.129
-0.645,1.12
-0.652,0.826
-0.795,2.321
-0.793,3.476
-0.747,0.647
-0.987,0.88
-0.898,0.555
-1.071,2.606
-1.038,1.949
-1.168,1.524
-1.126,1.6
-1.126,2.471
-1.303,3.658
-1.204,0.587
-1.311,2.534
-1.402,1.203
-1.471,3.434
-1.571,0.08
-1.7,2.631
-1.632,0.635
-1.704,-0.139
-1.974,3.251
-2.033,2.969
-2.074,3.447
-2.099,1.512
-2.234,3.363
-2.317,2.887
-2.366,1.075
-3.011,3.696
2.801,2.373
2.791,2.472
2.63,2.44
2.211,-0.115
2.225,0.768
2.329,1.268
2.22,2.084
2.035,2.007
1.961,2.254
1.925,-0.072
1.902,-0.053
1.88,0.628
1.85,0.38
1.83,0.609
1.899,-0.21
1.715,-0.355
1.693,-0.415
1.296,-0.426
0.485,-0.217
0.359,-0.238
0.164,-0.295
-0.436,-0.502
-1.058,-0.525
-1.072,-0.399
-1.408,-0.569
-1.347,-0.488
-1.401,-0.446
-1.568,-0.251
-1.728,-0.589
-2.262,-0.59
-2.379,-0.411
-2.859,-0.502
-3.063,-0.294
2.377,-0.488
2.246,-0.272
2.394,-0.496
0.084,3.773
-0.29,3.859
-1.441,3.821
-2.736,3.941
2.546,3.895
1.524,0.55
1.126,0.519
-0.068,2.256
-0.759,1.675
-0.833,2.257
-0.846,0.134
-1.06,0.11
0.384,0.593
-1.834,0.814
2.575,2.738
2.309,3.296
2.269,3.171
-0.028,0.56
-0.728,1.285
-1.08,1.868
-1.272,2.459
2.144,1.867
1.899,-0.183
0.79,-0.153
-2.99,-0.184
1.126,-0.586
0.404,-0.673
-0.873,-0.735
2.934,-0.688
-0.055,-2.466
-0.064,-0.849
-0.217,-0.249
-0.3,-1.54
-0.286,-2.613
-0.397,-0.401
-0.368,-0.814
-0.535,-1.936
-0.573,-1.261
-0.541,-1.516
-0.546,-1.284
-0.552,-2.724
-0.685,-2.964
-0.63,-3.537
-0.665,-2.134
-0.735,0.112
-0.834,-2.144
-0.801,-2.922
-0.858,-1.123
-0.913,-1.921
-0.914,-0.893
-0.973,-2.907
-1.042,-0.912
-1.155,-3.028
-1.158,-1.673
-1.188,-2.084
-1.129,-1.679
-1.201,-1.317
-1.204,-1.354
-1.319,-0.473
-1.413,-2.744
-1.341,-2.057
-1.409,-1.371
-1.456,-1.687
-1.403,-2.34
-1.437,-2.675
-1.556,-2.251
-1.55,-2.712
-1.61,-3.112
-1.621,-2.082
-1.57,-2.123
-1.668,-3.28
-1.59,0.124
-1.606,-2.786
-1.62,-1.13
-1.711,-0.083
-1.761,-1.727
-1.772,-3.503
-1.791,-2.185
-1.865,-1.291
-1.92,-2.772
-1.884,-2.052
-1.947,-2.448
-1.996,-0.447
-2.013,-3.625
-2.02,-1.76
-1.957,-0.699
-1.989,0.098
-2.04,-3.313
-2.146,-3.105
-2.129,-3.368
-2.187,-0.04
-2.269,-3.762
-2.283,-1.902
-2.315,-1.011
-2.331,-3.366
-2.469,-0.748
-2.463,-1.431
-2.489,-1.691
-2.563,-2.003
-2.742,-2.511
-2.947,-2.952
-2.957,-2.634
-3.034,-0.303
-3.107,-1.719
-3.13,-2.401
-3.119,-0.012
3.109,-2.988
3.119,-1.214
3.077,-0.886
2.957,-2.345
2.955,-1.362
2.952,-2.472
2.777,-3.608
2.691,-2.329
2.651,-2.565
2.615,-1.654
2.527,-2.702
2.531,-2.164
2.504,-2.607
2.424,-3.851
2.418,-1.75
2.332,-0.413
2.393,-2.144
2.326,-0.234
2.293,-0.282
2.306,-3.712
2.224,-1.522
2.213,-2.253
2.194,-1.344
2.18,-2.129
2.223,-0.834
2.137,-1.585
2.205,-2.597
2.125,-2.28
2.035,-2.413
2.071,-0.585
1.994,-2.163
1.545,-3.893
1.282,-4.211
1.197,-4.061
0.965,-4.094
0.179,-3.875
-0.224,-3.935
-0.581,-4.087
-1.347,-3.898
-1.435,-4.195
-1.554,-4.272
-1.661,-4.293
-1.727,-4.175
-2.148,-4.305
-2.573,-4.146
-2.915,-4.332
3.115,-3.946
2.556,-4.144
2.321,-4.146
1.233,0.154
1.119,0.263
0.36,0.069
-2.02,0.193
-2.15,0.271
-2.163,0.253
-2.302,0.246
-2.313,0.287
3.053,-0.075
2.107,0.186
1.837,-2.696
1.339,-2.386
0.627,-2.311
2.26,-2.067
2.146,-3.145
0.135,-4.167
-2.727,-4.249
1.927,-1.323
1.973,-1.798
1.798,0.013
1.798,-2.65
1.856,-2.869
1.703,-0.795
1.542,-2.829
1.464,-1.451
1.582,-1.512
1.416,-2.248
1.263,-1.444
1.099,-3.66
1.138,-1.756
1.035,-1.587
0.894,-0.477
0.983,-0.693
0.846,-2.551
0.762,-1.656
0.477,-0.189
0.456,-2.637
0.454,-2.575
0.541,-2.295
0.244,-2.59
0.147,-3.259
0.148,-1.623
-0.026,-0.196
0.052,-0.918
-0.104,-0.45
-0.144,-0.616
-0.164,-2.781
-0.181,-2.486
-0.117,-1.376
-0.255,-2.893
-0.292,-3.092
-0.273,-0.107
-0.314,-0.515
-0.369,-2.825
-0.608,-2.114
-0.468,-2.625
-0.472,-0.562
-0.506,-2.571
-0.513,-2.865
-0.656,-1.37
-0.654,-0.215
-0.608,-3.044
-0.848,-2.811
-0.759,-3.136
-0.932,-1.085
-0.899,-1.742
-1.029,-2.167
-0.987,-2.091
-0.987,-1.22
-1.164,-0.033
-1.065,-3.104
-1.172,-1.157
-1.263,-2.488
-1.332,-0.257
-1.432,-3.611
-1.561,-1.06
-1.493,-3.056
-1.565,-3.83
-1.835,-0.44
-1.894,-0.722
-1.935,-0.244
-1.96,-2.179
-2.095,-0.328
-2.178,-0.804
-2.227,-2.616
-2.872,0.005
2.94,-1.318
2.93,-1.219
2.769,-1.251
2.35,-3.806
2.364,-2.923
2.468,-2.423
2.359,-1.607
2.174,-1.684
2.1,-1.437
2.064,-3.763
2.041,-3.744
2.019,-3.063
1.989,-3.311
1.969,-3.082
2.038,-3.901
1.854,-4.046
1.832,-4.106
1.435,-4.117
0.624,-3.908
0.498,-3.929
0.303,-3.986
-0.297,-4.193
-0.919,-4.216
-0.933,-4.09
-1.269,-4.26
-1.208,-4.179
-1.262,-4.137
-1.429,-3.942
-1.589,-4.28
-2.123,-4.281
-2.24,-4.102
-2.72,-4.193
-2.924,-3.985
2.516,-4.179
2.385,-3.963
2.533,-4.187
0.223,0.082
-0.151,0.168
-1.302,0.13
-2.597,0.25
2.685,0.204
1.663,-3.141
1.265,-3.172
0.071,-1.435
-0.62,-2.016
-0.694,-1.434
-0.707,-3.557
-0.921,-3.581
0.523,-3.098
-1.695,-2.877
2.714,-0.953
2.448,-0.395
2.408,-0.52
0.111,-3.131
-0.589,-2.406
-0.941,-1.823
-1.133,-1.232
2.283,-1.824
2.038,-3.874
0.929,-3.844
-2.851,-3.875
1.265,-4.277
0.543,-4.364
-0.734,-4.426
3.073,-4.379
-0.009,1.617
-0.162,2.217
-0.245,0.926
-0.231,-0.147
-0.342,2.065
-0.313,1.652
-0.48,0.53
-0.518,1.205
-0.486,0.95
-0.491,1.182
-0.497,-0.258
-0.63,-0.498
-0.575,-1.071
-0.61,0.332
-0.68,2.578
-0.779,0.322
-0.746,-0.456
-0.803,1.343
-0.858,0.545
-0.859,1.573
-0.918,-0.441
-0.987,1.554
-1.1,-0.562
-1.103,0.793
-1.133,0.382
-1.074,0.787
-1.146,1.149
-1.149,1.112
-1.264,1.993
-1.358,-0.278
-1.286,0.409
-1.354,1.095
-1.401,0.779
-1.348,0.126
-1.382,-0.209
-1.501,0.215
-1.495,-0.246
-1.555,-0.646
-1.566,0.384
-1.515,0.343
-1.613,-0.814
-1.535,2.59
-1.551,-0.32
-1.565,1.336
-1.656,2.383
-1.706,0.739
-1.717,-1.037
-1.736,0.281
-1.81,1.175
-1.865,-0.306
-1.829,0.414
-1.892,0.018
-1.941,2.019
-1.958,-1.159
-1.965,0.706
-1.902,1.767
-1.934,2.564
-1.985,-0.847
-2.091,-0.639
-2.074,-0.902
-2.132,2.426
-2.214,-1.296
-2.228,0.564
-2.26,1.455
-2.276,-0.9
-2.414,1.718
-2.408,1.035
-2.434,0.775
-2.508,0.463
-2.687,-0.045
-2.892,-0.486
-2.902,-0.168
-2.979,2.163
-3.052,0.747
-3.075,0.065
-3.064,2.454
-3.119,-0.522
-3.109,1.252
3.132,1.58
3.012,0.121
3.01,1.104
3.007,-0.006
2.832,-1.142
2.746,0.137
2.706,-0.099
2.67,0.812
2.582,-0.236
2.586,0.302
2.559,-0.141
2.479,-1.385
2.473,0.716
2.387,2.053
2.448,0.322
2.381,2.232
2.348,2.184
2.361,-1.246
2.279,0.944
2.268,0.213
2.249,1.122
2.235,0.337
2.278,1.632
2.192,0.881
2.26,-0.131
2.18,0.186
2.09,0.053
2.126,1.881
2.049,0.303
1.6,-1.427
1.337,-1.745
1.252,-1.595
1.02,-1.628
0.234,-1.409
-0.169,-1.469
-0.526,-1.621
-1.292,-1.432
-1.38,-1.729
-1.499,-1.806
-1.606,-1.827
-1.672,-1.709
-2.093,-1.839
-2.518,-1.68
-2.86,-1.866
-3.113,-1.48
2.611,-1.678
2.376,-1.68
1.288,2.62
1.174,2.729
0.415,2.535
-1.965,2.659
-2.095,2.737
-2.108,2.719
-2.247,2.712
-2.258,2.753
3.108,2.391
2.162,2.652
1.892,-0.23
1.394,0.08
0.682,0.155
2.315,0.399
2.201,-0.679
0.19,-1.701
-2.672,-1.783
1.982,1.143
2.028,0.668
1.853,2.479
1.853,-0.184
1.911,-0.403
1.758,1.671
1.597,-0.363
1.519,1.015
1.637,0.954
1.471,0.218
1.318,1.022
1.154,-1.194
1.193,0.71
1.09,0.879
0.949,1.989
1.038,1.773
0.901,-0.085
0.817,0.81
0.532,2.277
0.511,-0.171
0.509,-0.109
0.596,0.171
0.299,-0.124
0.202,-0.793
0.203,0.843
0.029,2.27
0.107,1.548
-0.049,2.016
-0.089,1.85
-0.109,-0.315
-0.126,-0.02
-0.062,1.09
-0.2,-0.427
-0.237,-0.626
-0.218,2.359
-0.259,1.951
-0.314,-0.359
-0.553,0.352
-0.413,-0.159
-0.417,1.904
-0.451,-0.105
-0.458,-0.399
-0.601,1.096
-0.599,2.251
-0.553,-0.578
-0.793,-0.345
-0.704,-0.67
-0.877,1.381
-0.844,0.724
-0.974,0.299
-0.932,0.375
-0.932,1.246
-1.109,2.433
-1.01,-0.638
-1.117,1.309
-1.208,-0.022
-1.277,2.209
-1.377,-1.145
-1.506,1.406
-1.438,-0.59
-1.51,-1.364
-1.78,2.026
-1.839,1.744
-1.88,2.222
-1.905,0.287
-2.04,2.138
-2.123,1.662
-2.172,-0.15
-2.817,2.471
2.995,1.148
2.985,1.247
2.824,1.215
2.405,-1.34
2.419,-0.457
2.523,0.043
2.414,0.859
2.229,0.782
2.155,1.029
2.119,-1.297
2.096,-1.278
2.074,-0.597
2.044,-0.845
2.024,-0.616
2.093,-1.435
1.909,-1.58
1.887,-1.64
1.49,-1.651
0.679,-1.442
0.553,-1.463
0.358,-1.52
-0.242,-1.727
-0.864,-1.75
-0.878,-1.624
-1.214,-1.794
-1.153,-1.713
-1.207,-1.671
-1.374,-1.476
-1.534,-1.814
-2.068,-1.815
-2.185,-1.636
-2.665,-1.727
-2.869,-1.519
2.571,-1.713
2.44,-1.497
2.588,-1.721
0.278,2.548
-0.096,2.634
-1.247,2.596
-2.542,2.716
2.74,2.67
1.718,-0.675
1.32,-0.706
0.126,1.031
-0.565,0.45
-0.639,1.032
-0.652,-1.091
-0.866,-1.115
0.578,-0.632
-1.64,-0.411
2.769,1.513
2.503,2.071
2.463,1.946
0.166,-0.665
-0.534,0.06
-0.886,0.643
-1.078,1.234
2.338,0.642
2.093,-1.408
0.984,-1.378
-2.796,-1.409
1.32,-1.811
0.598,-1.898
-0.679,-1.96
3.128,-1.913
-0.153,0.6
-0.236,-0.691
-0.222,-1.764
-0.333,0.448
-0.304,0.035
-0.471,-1.087
-0.509,-0.412
-0.477,-0.667
-0.482,-0.435
-0.488,-1.875
-0.621,-2.115
-0.566,-2.688
-0.601,-1.285
-0.671,0.961
-0.77,-1.295
-0.737,-2.073
-0.794,-0.274
-0.849,-1.072
-0.85,-0.044
-0.909,-2.058
-0.978,-0.063
-1.091,-2.179
-1.094,-0.824
-1.124,-1.235
-1.065,-0.83
-1.137,-0.468
-1.14,-0.505
-1.255,0.376
-1.349,-1.895
-1.277,-1.208
-1.345,-0.522
-1.392,-0.838
-1.339,-1.491
-1.373,-1.826
-1.492,-1.402
-1.486,-1.863
-1.546,-2.263
-1.557,-1.233
-1.506,-1.274
-1.604,-2.431
-1.526,0.973
-1.542,-1.937
-1.556,-0.281
-1.647,0.766
-1.697,-0.878
-1.708,-2.654
-1.727,-1.336
-1.801,-0.442
-1.856,-1.923
-1.82,-1.203
-1.883,-1.599
-1.932,0.402
-1.949,-2.776
-1.956,-0.911
-1.893,0.15
-1.925,0.947
-1.976,-2.464
-2.082,-2.256
-2.065,-2.519
-2.123,0.809
-2.205,-2.913
-2.219,-1.053
-2.251,-0.162
-2.267,-2.517
-2.405,0.101
-2.399,-0.582
-2.425,-0.842
-2.499,-1.154
-2.678,-1.662
-2.883,-2.103
-2.893,-1.785
-2.97,0.546
-3.043,-0.87
-3.066,-1.552
-3.055,0.837
-3.11,-2.139
-3.1,-0.365
3.141,-0.037
3.021,-1.496
3.019,-0.513
3.016,-1.623
2.841,-2.759
2.755,-1.48
2.715,-1.716
2.679,-0.805
2.591,-1.853
2.595,-1.315
2.568,-1.758
2.488,-3.002
2.482,-0.901
2.396,0.436
2.457,-1.295
2.39,0.615
2.357,0.567
2.37,-2.863
2.288,-0.673
2.277,-1.404
2.258,-0.495
2.244,-1.28
2.287,0.015
2.201,-0.736
2.269,-1.748
2.189,-1.431
2.099,-1.564
2.135,0.264
2.058,-1.314
1.609,-3.044
1.346,-3.362
1.261,-3.212
1.029,-3.245
0.243,-3.026
-0.16,-3.086
-0.517,-3.238
-1.283,-3.049
-1.371,-3.346
-1.49,-3.423
-1.597,-3.444
-1.663,-3.326
-2.084,-3.456
-2.509,-3.297
-2.851,-3.483
-3.104,-3.097
2.62,-3.295
2.385,-3.297
1.297,1.003
1.183,1.112
0.424,0.918
-1.956,1.042
-2.086,1.12
-2.099,1.102
-2.238,1.095
-2.249,1.136
3.117,0.774
2.171,1.035
1.901,-1.847
1.403,-1.537
0.691,-1.462
2.324,-1.218
2.21,-2.296
0.199,-3.318
-2.663,-3.4
1.991,-0.474
2.037,-0.949
1.862,0.862
1.862,-1.801
1.92,-2.02
1.767,0.054
1.606,-1.98
1.528,-0.602
1.646,-0.663
1.48,-1.399
1.327,-0.595
1.163,-2.811
1.202,-0.907
1.099,-0.738
0.958,0.372
1.047,0.156
0.91,-1.702
0.826,-0.807
0.541,0.66
0.52,-1.788
0.518,-1.726
0.605,-1.446
0.308,-1.741
0.211,-2.41
0.212,-0.774
0.038,0.653
0.116,-0.069
-0.04,0.399
-0.08,0.233
-0.1,-1.932
-0.117,-1.637
-0.053,-0.527
-0.191,-2.044
-0.228,-2.243
-0.209,0.742
-0.25,0.334
-0.305,-1.976
-0.544,-1.265
-0.404,-1.776
-0.408,0.287
-0.442,-1.722
-0.449,-2.016
-0.592,-0.521
-0.59,0.634
-0.544,-2.195
-0.784,-1.962
-0.695,-2.287
-0.868,-0.236
-0.835,-0.893
-0.965,-1.318
-0.923,-1.242
-0.923,-0.371
-1.1,0.816
-1.001,-2.255
-1.108,-0.308
-1.199,-1.639
-1.268,0.592
-1.368,-2.762
-1.497,-0.211
-1.429,-2.207
-1.501,-2.981
-1.771,0.409
-1.83,0.127
-1.871,0.605
-1.896,-1.33
-2.031,0.521
-2.114,0.045
-2.163,-1.767
-2.808,0.854
3.004,-0.469
2.994,-0.37
2.833,-0.402
2.414,-2.957
2.428,-2.074
2.532,-1.574
2.423,-0.758
2.238,-0.835
2.164,-0.588
2.128,-2.914
2.105,-2.895
2.083,-2.214
2.053,-2.462
2.033,-2.233
2.102,-3.052
1.918,-3.197
1.896,-3.257
1.499,-3.268
0.688,-3.059
0.562,-3.08
0.367,-3.137
-0.233,-3.344
-0.855,-3.367
-0.869,-3.241
-1.205,-3.411
-1.144,-3.33
-1.198,-3.288
-1.365,-3.093
-1.525,-3.431
-2.059,-3.432
-2.176,-3.253
-2.656,-3.344
-2.86,-3.136
2.58,-3.33
2.449,-3.114
2.597,-3.338
0.287,0.931
-0.087,1.017
-1.238,0.979
-2.533,1.099
2.749,1.053
1.727,-2.292
1.329,-2.323
0.135,-0.586
-0.556,-1.167
-0.63,-0.585
-0.643,-2.708
-0.857,-2.732
0.587,-2.249
-1.631,-2.028
2.778,-0.104
2.512,0.454
2.472,0.329
0.175,-2.282
-0.525,-1.557
-0.877,-0.974
-1.069,-0.383
2.347,-0.975
2.102,-3.025
0.993,-2.995
-2.787,-3.026
1.329,-3.428
0.607,-3.515
-0.67,-3.577
3.137,-3.53
-0.083,-1.291
-0.069,-2.364
-0.18,-0.152
-0.151,-0.565
-0.318,-1.687
-0.356,-1.012
-0.324,-1.267
-0.329,-1.035
-0.335,-2.475
-0.468,-2.715
-0.413,-3.288
-0.448,-1.885
-0.518,0.361
-0.617,-1.895
-0.584,-2.673
-0.641,-0.874
-0.696,-1.672
-0.697,-0.644
-0.756,-2.658
-0.825,-0.663
-0.938,-2.779
-0.941,-1.424
-0.971,-1.835
-0.912,-1.43
-0.984,-1.068
-0.987,-1.105
-1.102,-0.224
-1.196,-2.495
-1.124,-1.808
-1.192,-1.122
-1.239,-1.438
-1.186,-2.091
-1.22,-2.426
-1.339,-2.002
-1.333,-2.463
-1.393,-2.863
-1.404,-1.833
-1.353,-1.874
-1.451,-3.031
-1.373,0.373
-1.389,-2.537
-1.403,-0.881
-1.494,0.166
-1.544,-1.478
-1.555,-3.254
-1.574,-1.936
-1.648,-1.042
-1.703,-2.523
-1.667,-1.803
-1.73,-2.199
-1.779,-0.198
-1.796,-3.376
-1.803,-1.511
-1.74,-0.45
-1.772,0.347
-1.823,-3.064
-1.929,-2.856
-1.912,-3.119
-1.97,0.209
-2.052,-3.513
-2.066,-1.653
-2.098,-0.762
-2.114,-3.117
-2.252,-0.499
-2.246,-1.182
-2.272,-1.442
-2.346,-1.754
-2.525,-2.262
-2.73,-2.703
-2.74,-2.385
-2.817,-0.054
-2.89,-1.47
-2.913,-2.152
-2.902,0.237
-2.957,-2.739
-2.947,-0.965
-2.989,-0.637
-3.109,-2.096
-3.111,-1.113
-3.114,-2.223
2.994,-3.359
2.908,-2.08
2.868,-2.316
2.832,-1.405
2.744,-2.453
2.748,-1.915
2.721,-2.358
2.641,-3.602
2.635,-1.501
2.549,-0.164
2.61,-1.895
2.543,0.015
2.51,-0.033
2.523,-3.463
2.441,-1.273
2.43,-2.004
2.411,-1.095
2.397,-1.88
2.44,-0.585
2.354,-1.336
2.422,-2.348
2.342,-2.031
2.252,-2.164
2.288,-0.336
2.211,-1.914
1.762,-3.644
1.499,-3.962
1.414,-3.812
1.182,-3.845
0.396,-3.626
-0.007,-3.686
-0.364,-3.838
-1.13,-3.649
-1.218,-3.946
-1.337,-4.023
-1.444,-4.044
-1.51,-3.926
-1.931,-4.056
-2.356,-3.897
-2.698,-4.083
-2.951,-3.697
2.773,-3.895
2.538,-3.897
1.45,0.403
1.336,0.512
0.577,0.318
-1.803,0.442
-1.933,0.52
-1.946,0.502
-2.085,0.495
-2.096,0.536
-3.013,0.174
2.324,0.435
2.054,-2.447
1.556,-2.137
0.844,-2.062
2.477,-1.818
2.363,-2.896
0.352,-3.918
-2.51,-4.0
2.144,-1.074
2.19,-1.549
2.015,0.262
2.015,-2.401
2.073,-2.62
1.92,-0.546
1.759,-2.58
1.681,-1.202
1.799,-1.263
1.633,-1.999
1.48,-1.195
1.316,-3.411
1.355,-1.507
1.252,-1.338
1.111,-0.228
1.2,-0.444
1.063,-2.302
0.979,-1.407
0.694,0.06
0.673,-2.388
0.671,-2.326
0.758,-2.046
0.461,-2.341
0.364,-3.01
0.365,-1.374
0.191,0.053
0.269,-0.669
0.113,-0.201
0.073,-0.367
0.053,-2.532
0.036,-2.237
0.1,-1.127
-0.038,-2.644
-0.075,-2.843
-0.056,0.142
-0.097,-0.266
-0.152,-2.576
-0.391,-1.865
-0.251,-2.376
-0.255,-0.313
-0.289,-2.322
-0.296,-2.616
-0.439,-1.121
-0.437,0.034
-0.391,-2.795
-0.631,-2.562
-0.542,-2.887
-0.715,-0.836
-0.682,-1.493
-0.812,-1.918
-0.77,-1.842
-0.77,-0.971
-0.947,0.216
-0.848,-2.855
-0.955,-0.908
-1.046,-2.239
-1.115,-0.008
-1.215,-3.362
-1.344,-0.811
-1.276,-2.807
-1.348,-3.581
-1.618,-0.191
-1.677,-0.473
-1.718,0.005
-1.743,-1.93
-1.878,-0.079
-1.961,-0.555
-2.01,-2.367
-2.655,0.254
-3.126,-1.069
-3.136,-0.97
2.986,-1.002
2.567,-3.557
2.581,-2.674
2.685,-2.174
2.576,-1.358
2.391,-1.435
2.317,-1.188
2.281,-3.514
2.258,-3.495
2.236,-2.814
2.206,-3.062
2.186,-2.833
2.255,-3.652
2.071,-3.797
2.049,-3.857
1.652,-3.868
0.841,-3.659
0.715,-3.68
0.52,-3.737
-0.08,-3.944
-0.702,-3.967
-0.716,-3.841
-1.052,-4.011
-0.991,-3.93
-1.045,-3.888
-1.212,-3.693
-1.372,-4.031
-1.906,-4.032
-2.023,-3.853
-2.503,-3.944
-2.707,-3.736
2.733,-3.93
2.602,-3.714
2.75,-3.938
0.44,0.331
0.066,0.417
-1.085,0.379
-2.38,0.499
2.902,0.453
1.88,-2.892
1.482,-2.923
0.288,-1.186
-0.403,-1.767
-0.477,-1.185
-0.49,-3.308
-0.704,-3.332
0.74,-2.849
-1.478,-2.628
2.931,-0.704
2.665,-0.146
2.625,-0.271
0.328,-2.882
-0.372,-2.157
-0.724,-1.574
-0.916,-0.983
2.5,-1.575
2.255,-3.625
1.146,-3.595
-2.634,-3.626
1.482,-4.028
0.76,-4.115
-0.517,-4.177
-2.993,-4.13
0.014,-1.073
-0.097,1.139
-0.068,0.726
-0.235,-0.396
-0.273,0.279
-0.241,0.024
-0.246,0.256
-0.252,-1.184
-0.385,-1.424
-0.33,-1.997
-0.365,-0.594
-0.435,1.652
-0.534,-0.604
-0.501,-1.382
-0.558,0.417
-0.613,-0.381
-0.614,0.647
-0.673,-1.367
-0.742,0.628
-0.855,-1.488
-0.858,-0.133
-0.888,-0.544
-0.829,-0.139
-0.901,0.223
-0.904,0.186
-1.019,1.067
-1.113,-1.204
-1.041,-0.517
-1.109,0.169
-1.156,-0.147
-1.103,-0.8
-1.137,-1.135
-1.256,-0.711
-1.25,-1.172
-1.31,-1.572
-1.321,-0.542
-1.27,-0.583
-1.368,-1.74
-1.29,1.664
-1.306,-1.246
-1.32,0.41
-1.411,1.457
-1.461,-0.187
-1.472,-1.963
-1.491,-0.645
-1.565,0.249
-1.62,-1.232
-1.584,-0.512
-1.647,-0.908
-1.696,1.093
-1.713,-2.085
-1.72,-0.22
-1.657,0.841
-1.689,1.638
-1.74,-1.773
-1.846,-1.565
-1.829,-1.828
-1.887,1.5
-1.969,-2.222
-1.983,-0.362
-2.015,0.529
-2.031,-1.826
-2.169,0.792
-2.163,0.109
-2.189,-0.151
-2.263,-0.463
-2.442,-0.971
-2.647,-1.412
-2.657,-1.094
-2.734,1.237
-2.807,-0.179
-2.83,-0.861
-2.819,1.528
-2.874,-1.448
-2.864,0.326
-2.906,0.654
-3.026,-0.805
-3.028,0.178
-3.031,-0.932
3.077,-2.068
2.991,-0.789
2.951,-1.025
2.915,-0.114
2.827,-1.162
2.831,-0.624
2.804,-1.067
2.724,-2.311
2.718,-0.21
2.632,1.127
2.693,-0.604
2.626,1.306
2.593,1.258
2.606,-2.172
2.524,0.018
2.513,-0.713
2.494,0.196
2.48,-0.589
2.523,0.706
2.437,-0.045
2.505,-1.057
2.425,-0.74
2.335,-0.873
2.371,0.955
2.294,-0.623
1.845,-2.353
1.582,-2.671
1.497,-2.521
1.265,-2.554
0.479,-2.335
0.076,-2.395
-0.281,-2.547
-1.047,-2.358
-1.135,-2.655
-1.254,-2.732
-1.361,-2.753
-1.427,-2.635
-1.848,-2.765
-2.273,-2.606
-2.615,-2.792
-2.868,-2.406
2.856,-2.604
2.621,-2.606
1.533,1.694
1.419,1.803
0.66,1.609
-1.72,1.733
-1.85,1.811
-1.863,1.793
-2.002,1.786
-2.013,1.827
-2.93,1.465
2.407,1.726
2.137,-1.156
1.639,-0.846
0.927,-0.771
2.56,-0.527
2.446,-1.605
0.435,-2.627
-2.427,-2.709
2.227,0.217
2.273,-0.258
2.098,1.553
2.098,-1.11
2.156,-1.329
2.003,0.745
1.842,-1.289
1.764,0.089
1.882,0.028
1.716,-0.708
1.563,0.096
1.399,-2.12
1.438,-0.216
1.335,-0.047
1.194,1.063
1.283,0.847
1.146,-1.011
1.062,-0.116
0.777,1.351
0.756,-1.097
0.754,-1.035
0.841,-0.755
0.544,-1.05
0.447,-1.719
0.448,-0.083
0.274,1.344
0.352,0.622
0.196,1.09
0.156,0.924
0.136,-1.241
0.119,-0.946
0.183,0.164
0.045,-1.353
0.008,-1.552
0.027,1.433
-0.014,1.025
-0.069,-1.285
-0.308,-0.574
-0.168,-1.085
-0.172,0.978
-0.206,-1.031
-0.213,-1.325
-0.356,0.17
-0.354,1.325
-0.308,-1.504
-0.548,-1.271
-0.459,-1.596
-0.632,0.455
-0.599,-0.202
-0.729,-0.627
-0.687,-0.551
-0.687,0.32
-0.864,1.507
-0.765,-1.564
-0.872,0.383
-0.963,-0.948
-1.032,1.283
-1.132,-2.071
-1.261,0.48
-1.193,-1.516
-1.265,-2.29
-1.535,1.1
-1.594,0.818
-1.635,1.296
-1.66,-0.639
-1.795,1.212
-1.878,0.736
-1.927,-1.076
-2.572,1.545
-3.043,0.222
-3.053,0.321
3.069,0.289
2.65,-2.266
2.664,-1.383
2.768,-0.883
2.659,-0.067
2.474,-0.144
2.4,0.103
2.364,-2.223
2.341,-2.204
2.319,-1.523
2.289,-1.771
2.269,-1.542
2.338,-2.361
2.154,-2.506
2.132,-2.566
1.735,-2.577
0.924,-2.368
0.798,-2.389
0.603,-2.446
0.003,-2.653
-0.619,-2.676
-0.633,-2.55
-0.969,-2.72
-0.908,-2.639
-0.962,-2.597
-1.129,-2.402
-1.289,-2.74
-1.823,-2.741
-1.94,-2.562
-2.42,-2.653
-2.624,-2.445
2.816,-2.639
2.685,-2.423
2.833,-2.647
0.523,1.622
0.149,1.708
-1.002,1.67
-2.297,1.79
2.985,1.744
1.963,-1.601
1.565,-1.632
0.371,0.105
-0.32,-0.476
-0.394,0.106
-0.407,-2.017
-0.621,-2.041
0.823,-1.558
-1.395,-1.337
3.014,0.587
2.748,1.145
2.708,1.02
0.411,-1.591
-0.289,-0.866
-0.641,-0.283
-0.833,0.308
2.583,-0.284
2.338,-2.334
1.229,-2.304
-2.551,-2.335
1.565,-2.737
0.843,-2.824
-0.434,-2.886
-2.91,-2.839
-0.111,2.212
-0.082,1.799
-0.249,0.677
-0.287,1.352
-0.255,1.097
-0.26,1.329
-0.266,-0.111
-0.399,-0.351
-0.344,-0.924
-0.379,0.479
-0.449,2.725
-0.548,0.469
-0.515,-0.309
-0.572,1.49
-0.627,0.692
-0.628,1.72
-0.687,-0.294
-0.756,1.701
-0.869,-0.415
-0.872,0.94
-0.902,0.529
-0.843,0.934
-0.915,1.296
-0.918,1.259
-1.033,2.14
-1.127,-0.131
-1.055,0.556
-1.123,1.242
-1.17,0.926
-1.117,0.273
-1.151,-0.062
-1.27,0.362
-1.264,-0.099
-1.324,-0.499
-1.335,0.531
-1.284,0.49
-1.382,-0.667
-1.304,2.737
-1.32,-0.173
-1.334,1.483
-1.425,2.53
-1.475,0.886
-1.486,-0.89
-1.505,0.428
-1.579,1.322
-1.634,-0.159
-1.598,0.561
-1.661,0.165
-1.71,2.166
-1.727,-1.012
-1.734,0.853
-1.671,1.914
-1.703,2.711
-1.754,-0.7
-1.86,-0.492
-1.843,-0.755
-1.901,2.573
-1.983,-1.149
-1.997,0.711
-2.029,1.602
-2.045,-0.753
-2.183,1.865
-2.177,1.182
-2.203,0.922
-2.277,0.61
-2.456,0.102
-2.661,-0.339
-2.671,-0.021
-2.748,2.31
-2.821,0.894
-2.844,0.212
-2.833,2.601
-2.888,-0.375
-2.878,1.399
-2.92,1.727
-3.04,0.268
-3.042,1.251
-3.045,0.141
3.063,-0.995
2.977,0.284
2.937,0.048
2.901,0.959
2.813,-0.089
2.817,0.449
2.79,0.006
2.71,-1.238
2.704,0.863
2.618,2.2
2.679,0.469
2.612,2.379
2.579,2.331
2.592,-1.099
2.51,1.091
2.499,0.36
2.48,1.269
2.466,0.484
2.509,1.779
2.423,1.028
2.491,0.016
2.411,0.333
2.321,0.2
2.357,2.028
2.28,0.45
1.831,-1.28
1.568,-1.598
1.483,-1.448
1.251,-1.481
0.465,-1.262
0.062,-1.322
-0.295,-1.474
-1.061,-1.285
-1.149,-1.582
-1.268,-1.659
-1.375,-1.68
-1.441,-1.562
-1.862,-1.692
-2.287,-1.533
-2.629,-1.719
-2.882,-1.333
2.842,-1.531
2.607,-1.533
1.519,2.767
1.405,2.876
0.646,2.682
-1.734,2.806
-1.864,2.884
-1.877,2.866
-2.016,2.859
-2.027,2.9
-2.944,2.538
2.393,2.799
2.123,-0.083
1.625,0.227
0.913,0.302
2.546,0.546
2.432,-0.532
0.421,-1.554
-2.441,-1.636
2.213,1.29
2.259,0.815
2.084,2.626
2.084,-0.037
2.142,-0.256
1.989,1.818
1.828,-0.216
1.75,1.162
1.868,1.101
1.702,0.365
1.549,1.169
1.385,-1.047
1.424,0.857
1.321,1.026
1.18,2.136
1.269,1.92
1.132,0.062
1.048,0.957
0.763,2.424
0.742,-0.024
0.74,0.038
0.827,0.318
0.53,0.023
0.433,-0.646
0.434,0.99
0.26,2.417
0.338,1.695
0.182,2.163
0.142,1.997
0.122,-0.168
0.105,0.127
0.169,1.237
0.031,-0.28
-0.006,-0.479
0.013,2.506
-0.028,2.098
-0.083,-0.212
-0.322,0.499
-0.182,-0.012
-0.186,2.051
-0.22,0.042
-0.227,-0.252
-0.37,1.243
-0.368,2.398
-0.322,-0.431
-0.562,-0.198
-0.473,-0.523
-0.646,1.528
-0.613,0.871
-0.743,0.446
-0.701,0.522
-0.701,1.393
-0.878,2.58
-0.779,-0.491
-0.886,1.456
-0.977,0.125
-1.046,2.356
-1.146,-0.998
-1.275,1.553
-1.207,-0.443
-1.279,-1.217
-1.549,2.173
-1.608,1.891
-1.649,2.369
-1.674,0.434
-1.809,2.285
-1.892,1.809
-1.941,-0.003
-2.586,2.618
-3.057,1.295
-3.067,1.394
3.055,1.362
2.636,-1.193
2.65,-0.31
2.754,0.19
2.645,1.006
2.46,0.929
2.386,1.176
2.35,-1.15
2.327,-1.131
2.305,-0.45
2.275,-0.698
2.255,-0.469
2.324,-1.288
2.14,-1.433
2.118,-1.493
1.721,-1.504
0.91,-1.295
0.784,-1.316
0.589,-1.373
-0.011,-1.58
-0.633,-1.603
-0.647,-1.477
-0.983,-1.647
-0.922,-1.566
-0.976,-1.524
-1.143,-1.329
-1.303,-1.667
-1.837,-1.668
-1.954,-1.489
-2.434,-1.58
-2.638,-1.372
2.802,-1.566
2.671,-1.35
2.819,-1.574
0.509,2.695
0.135,2.781
-1.016,2.743
-2.311,2.863
2.971,2.817
1.949,-0.528
1.551,-0.559
0.357,1.178
-0.334,0.597
-0.408,1.179
-0.421,-0.944
-0.635,-0.968
0.809,-0.485
-1.409,-0.264
3.0,1.66
2.734,2.218
2.694,2.093
0.397,-0.518
-0.303,0.207
-0.655,0.79
-0.847,1.381
2.569,0.789
2.324,-1.261
1.215,-1.231
-2.565,-1.262
1.551,-1.664
0.829,-1.751
-0.448,-1.813
-2.924,-1.766
0.029,-0.413
-0.138,-1.535
-0.176,-0.86
-0.144,-1.115
-0.149,-0.883
-0.155,-2.323
-0.288,-2.563
-0.233,-3.136
-0.268,-1.733
-0.338,0.513
-0.437,-1.743
-0.404,-2.521
-0.461,-0.722
-0.516,-1.52
-0.517,-0.492
-0.576,-2.506
-0.645,-0.511
-0.758,-2.627
-0.761,-1.272
-0.791,-1.683
-0.732,-1.278
-0.804,-0.916
-0.807,-0.953
-0.922,-0.072
-1.016,-2.343
-0.944,-1.656
-1.012,-0.97
-1.059,-1.286
-1.006,-1.939
-1.04,-2.274
-1.159,-1.85
-1.153,-2.311
-1.213,-2.711
-1.224,-1.681
-1.173,-1.722
-1.271,-2.879
-1.193,0.525
-1.209,-2.385
-1.223,-0.729
-1.314,0.318
-1.364,-1.326
-1.375,-3.102
-1.394,-1.784
-1.468,-0.89
-1.523,-2.371
-1.487,-1.651
-1.55,-2.047
-1.599,-0.046
-1.616,-3.224
-1.623,-1.359
-1.56,-0.298
-1.592,0.499
-1.643,-2.912
-1.749,-2.704
-1.732,-2.967
-1.79,0.361
-1.872,-3.361
-1.886,-1.501
-1.918,-0.61
-1.934,-2.965
-2.072,-0.347
-2.066,-1.03
-2.092,-1.29
-2.166,-1.602
-2.345,-2.11
-2.55,-2.551
-2.56,-2.233
-2.637,0.098
-2.71,-1.318
-2.733,-2.0
-2.722,0.389
-2.777,-2.587
-2.767,-0.813
-2.809,-0.485
-2.929,-1.944
-2.931,-0.961
-2.934,-2.071
-3.109,-3.207
3.088,-1.928
3.048,-2.164
3.012,-1.253
2.924,-2.301
2.928,-1.763
2.901,-2.206
2.821,-3.45
2.815,-1.349
2.729,-0.012
2.79,-1.743
2.723,0.167
2.69,0.119
2.703,-3.311
2.621,-1.121
2.61,-1.852
2.591,-0.943
2.577,-1.728
2.62,-0.433
2.534,-1.184
2.602,-2.196
2.522,-1.879
2.432,-2.012
2.468,-0.184
2.391,-1.762
1.942,-3.492
1.679,-3.81
1.594,-3.66
1.362,-3.693
0.576,-3.474
0.173,-3.534
-0.184,-3.686
-0.95,-3.497
-1.038,-3.794
-1.157,-3.871
-1.264,-3.892
-1.33,-3.774
-1.751,-3.904
-2.176,-3.745
-2.518,-3.931
-2.771,-3.545
2.953,-3.743
2.718,-3.745
1.63,0.555
1.516,0.664
0.757,0.47
-1.623,0.594
-1.753,0.672
-1.766,0.654
-1.905,0.647
-1.916,0.688
-2.833,0.326
2.504,0.587
2.234,-2.295
1.736,-1.985
1.024,-1.91
2.657,-1.666
2.543,-2.744
0.532,-3.766
-2.33,-3.848
2.324,-0.922
2.37,-1.397
2.195,0.414
2.195,-2.249
2.253,-2.468
2.1,-0.394
1.939,-2.428
1.861,-1.05
1.979,-1.111
1.813,-1.847
1.66,-1.043
1.496,-3.259
1.535,-1.355
1.432,-1.186
1.291,-0.076
1.38,-0.292
1.243,-2.15
1.159,-1.255
0.874,0.212
0.853,-2.236
0.851,-2.174
0.938,-1.894
0.641,-2.189
0.544,-2.858
0.545,-1.222
0.371,0.205
0.449,-0.517
0.293,-0.049
0.253,-0.215
0.233,-2.38
0.216,-2.085
0.28,-0.975
0.142,-2.492
0.105,-2.691
0.124,0.294
0.083,-0.114
0.028,-2.424
-0.211,-1.713
-0.071,-2.224
-0.075,-0.161
-0.109,-2.17
-0.116,-2.464
-0.259,-0.969
-0.257,0.186
-0.211,-2.643
-0.451,-2.41
-0.362,-2.735
-0.535,-0.684
-0.502,-1.341
-0.632,-1.766
-0.59,-1.69
-0.59,-0.819
-0.767,0.368
-0.668,-2.703
-0.775,-0.756
-0.866,-2.087
-0.935,0.144
-1.035,-3.21
-1.164,-0.659
-1.096,-2.655
-1.168,-3.429
-1.438,-0.039
-1.497,-0.321
-1.538,0.157
-1.563,-1.778
-1.698,0.073
-1.781,-0.403
-1.83,-2.215
-2.475,0.406
-2.946,-0.917
-2.956,-0.818
-3.117,-0.85
2.747,-3.405
2.761,-2.522
2.865,-2.022
2.756,-1.206
2.571,-1.283
2.497,-1.036
2.461,-3.362
2.438,-3.343
2.416,-2.662
2.386,-2.91
2.366,-2.681
2.435,-3.5
2.251,-3.645
2.229,-3.705
1.832,-3.716
1.021,-3.507
0.895,-3.528
0.7,-3.585
0.1,-3.792
-0.522,-3.815
-0.536,-3.689
-0.872,-3.859
-0.811,-3.778
-0.865,-3.736
-1.032,-3.541
-1.192,-3.879
-1.726,-3.88
-1.843,-3.701
-2.323,-3.792
-2.527,-3.584
2.913,-3.778
2.782,-3.562
2.93,-3.786
0.62,0.483
0.246,0.569
-0.905,0.531
-2.2,0.651
3.082,0.605
2.06,-2.74
1.662,-2.771
0.468,-1.034
-0.223,-1.615
-0.297,-1.033
-0.31,-3.156
-0.524,-3.18
0.92,-2.697
-1.298,-2.476
3.111,-0.552
2.845,0.006
2.805,-0.119
0.508,-2.73
-0.192,-2.005
-0.544,-1.422
-0.736,-0.831
2.68,-1.423
2.435,-3.473
1.326,-3.443
-2.454,-3.474
1.662,-3.876
0.94,-3.963
-0.337,-4.025
-2.813,-3.978
-0.167,-1.122
-0.205,-0.447
-0.173,-0.702
-0.178,-0.47
-0.184,-1.91
-0.317,-2.15
-0.262,-2.723
-0.297,-1.32
-0.367,0.926
-0.466,-1.33
-0.433,-2.108
-0.49,-0.309
-0.545,-1.107
-0.546,-0.079
-0.605,-2.093
-0.674,-0.098
-0.787,-2.214
-0.79,-0.859
-0.82,-1.27
-0.761,-0.865
-0.833,-0.503
-0.836,-0.54
-0.951,0.341
-1.045,-1.93
-0.973,-1.243
-1.041,-0.557
-1.088,-0.873
-1.035,-1.526
-1.069,-1.861
-1.188,-1.437
-1.182,-1.898
-1.242,-2.298
-1.253,-1.268
-1.202,-1.309
-1.3,-2.466
-1.222,0.938
-1.238,-1.972
-1.252,-0.316
-1.343,0.731
-1.393,-0.913
-1.404,-2.689
-1.423,-1.371
-1.497,-0.477
-1.552,-1.958
-1.516,-1.238
-1.579,-1.634
-1.628,0.367
-1.645,-2.811
-1.652,-0.946
-1.589,0.115
-1.621,0.912
-1.672,-2.499
-1.778,-2.291
-1.761,-2.554
-1.819,0.774
-1.901,-2.948
-1.915,-1.088
-1.947,-0.197
-1.963,-2.552
-2.101,0.066
-2.095,-0.617
-2.121,-0.877
-2.195,-1.189
-2.374,-1.697
-2.579,-2.138
-2.589,-1.82
-2.666,0.511
-2.739,-0.905
-2.762,-1.587
-2.751,0.802
-2.806,-2.174
-2.796,-0.4
-2.838,-0.072
-2.958,-1.531
-2.96,-0.548
-2.963,-1.658
-3.138,-2.794
3.059,-1.515
3.019,-1.751
2.983,-0.84
2.895,-1.888
2.899,-1.35
2.872,-1.793
2.792,-3.037
2.786,-0.936
2.7,0.401
2.761,-1.33
2.694,0.58
2.661,0.532
2.674,-2.898
2.592,-0.708
2.581,-1.439
2.562,-0.53
2.548,-1.315
2.591,-0.02
2.505,-0.771
2.573,-1.783
2.493,-1.466
2.403,-1.599
2.439,0.229
2.362,-1.349
1.913,-3.079
1.65,-3.397
1.565,-3.247
1.333,-3.28
0.547,-3.061
0.144,-3.121
-0.213,-3.273
-0.979,-3.084
-1.067,-3.381
-1.186,-3.458
-1.293,-3.479
-1.359,-3.361
-1.78,-3.491
-2.205,-3.332
-2.547,-3.518
-2.8,-3.132
2.924,-3.33
2.689,-3.332
1.601,0.968
1.487,1.077
0.728,0.883
-1.652,1.007
-1.782,1.085
-1.795,1.067
-1.934,1.06
-1.945,1.101
-2.862,0.739
2.475,1.0
2.205,-1.882
1.707,-1.572
0.995,-1.497
2.628,-1.253
2.514,-2.331
0.503,-3.353
-2.359,-3.435
2.295,-0.509
2.341,-0.984
2.166,0.827
2.166,-1.836
2.224,-2.055
2.071,0.019
1.91,-2.015
1.832,-0.637
1.95,-0.698
1.784,-1.434
1.631,-0.63
1.467,-2.846
1.506,-0.942
1.403,-0.773
1.262,0.337
1.351,0.121
1.214,-1.737
1.13,-0.842
0.845,0.625
0.824,-1.823
0.822,-1.761
0.909,-1.481
0.612,-1.776
0.515,-2.445
0.516,-0.809
0.342,0.618
0.42,-0.104
0.264,0.364
0.224,0.198
0.204,-1.967
0.187,-1.672
0.251,-0.562
0.113,-2.079
0.076,-2.278
0.095,0.707
0.054,0.299
-0.001,-2.011
-0.24,-1.3
-0.1,-1.811
-0.104,0.252
-0.138,-1.757
-0.145,-2.051
-0.288,-0.556
-0.286,0.599
-0.24,-2.23
-0.48,-1.997
-0.391,-2.322
-0.564,-0.271
-0.531,-0.928
-0.661,-1.353
-0.619,-1.277
-0.619,-0.406
-0.796,0.781
-0.697,-2.29
-0.804,-0.343
-0.895,-1.674
-0.964,0.557
-1.064,-2.797
-1.193,-0.246
-1.125,-2.242
-1.197,-3.016
-1.467,0.374
-1.526,0.092
-1.567,0.57
-1.592,-1.365
-1.727,0.486
-1.81,0.01
-1.859,-1.802
-2.504,0.819
-2.975,-0.504
-2.985,-0.405
3.137,-0.437
2.718,-2.992
2.732,-2.109
2.836,-1.609
2.727,-0.793
2.542,-0.87
2.468,-0.623
2.432,-2.949
2.409,-2.93
2.387,-2.249
2.357,-2.497
2.337,-2.268
2.406,-3.087
2.222,-3.232
2.2,-3.292
1.803,-3.303
0.992,-3.094
0.866,-3.115
0.671,-3.172
0.071,-3.379
-0.551,-3.402
-0.565,-3.276
-0.901,-3.446
-0.84,-3.365
-0.894,-3.323
-1.061,-3.128
-1.221,-3.466
-1.755,-3.467
-1.872,-3.288
-2.352,-3.379
-2.556,-3.171
2.884,-3.365
2.753,-3.149
2.901,-3.373
0.591,0.896
0.217,0.982
-0.934,0.944
-2.229,1.064
3.053,1.018
2.031,-2.327
1.633,-2.358
0.439,-0.621
-0.252,-1.202
-0.326,-0.62
-0.339,-2.743
-0.553,-2.767
0.891,-2.284
-1.327,-2.063
3.082,-0.139
2.816,0.419
2.776,0.294
0.479,-2.317
-0.221,-1.592
-0.573,-1.009
-0.765,-0.418
2.651,-1.01
2.406,-3.06
1.297,-3.03
-2.483,-3.061
1.633,-3.463
0.911,-3.55
-0.366,-3.612
-2.842,-3.565
-0.038,0.675
-0.006,0.42
-0.011,0.652
-0.017,-0.788
-0.15,-1.028
-0.095,-1.601
-0.13,-0.198
-0.2,2.048
-0.299,-0.208
-0.266,-0.986
-0.323,0.813
-0.378,0.015
-0.379,1.043
-0.438,-0.971
-0.507,1.024
-0.62,-1.092
-0.623,0.263
-0.653,-0.148
-0.594,0.257
-0.666,0.619
-0.669,0.582
-0.784,1.463
-0.878,-0.808
-0.806,-0.121
-0.874,0.565
-0.921,0.249
-0.868,-0.404
-0.902,-0.739
-1.021,-0.315
-1.015,-0.776
-1.075,-1.176
-1.086,-0.146
-1.035,-0.187
-1.133,-1.344
-1.055,2.06
-1.071,-0.85
-1.085,0.806
-1.176,1.853
-1.226,0.209
-1.237,-1.567
-1.256,-0.249
-1.33,0.645
-1.385,-0.836
-1.349,-0.116
-1.412,-0.512
-1.461,1.489
-1.478,-1.689
-1.485,0.176
-1.422,1.237
-1.454,2.034
-1.505,-1.377
-1.611,-1.169
-1.594,-1.432
-1.652,1.896
-1.734,-1.826
-1.748,0.034
-1.78,0.925
-1.796,-1.43
-1.934,1.188
-1.928,0.505
-1.954,0.245
-2.028,-0.067
-2.207,-0.575
-2.412,-1.016
-2.422,-0.698
-2.499,1.633
-2.572,0.217
-2.595,-0.465
-2.584,1.924
-2.639,-1.052
-2.629,0.722
-2.671,1.05
-2.791,-0.409
-2.793,0.574
-2.796,-0.536
-2.971,-1.672
-3.057,-0.393
-3.097,-0.629
-3.133,0.282
3.062,-0.766
3.066,-0.228
3.039,-0.671
2.959,-1.915
2.953,0.186
2.867,1.523
2.928,-0.208
2.861,1.702
2.828,1.654
2.841,-1.776
2.759,0.414
2.748,-0.317
2.729,0.592
2.715,-0.193
2.758,1.102
2.672,0.351
2.74,-0.661
2.66,-0.344
2.57,-0.477
2.606,1.351
2.529,-0.227
2.08,-1.957
1.817,-2.275
1.732,-2.125
1.5,-2.158
0.714,-1.939
0.311,-1.999
-0.046,-2.151
-0.812,-1.962
-0.9,-2.259
-1.019,-2.336
-1.126,-2.357
-1.192,-2.239
-1.613,-2.369
-2.038,-2.21
-2.38,-2.396
-2.633,-2.01
3.091,-2.208
2.856,-2.21
1.768,2.09
1.654,2.199
0.895,2.005
-1.485,2.129
-1.615,2.207
-1.628,2.189
-1.767,2.182
-1.778,2.223
-2.695,1.861
2.642,2.122
2.372,-0.76
1.874,-0.45
1.162,-0.375
2.795,-0.131
2.681,-1.209
0.67,-2.231
-2.192,-2.313
2.462,0.613
2.508,0.138
2.333,1.949
2.333,-0.714
2.391,-0.933
2.238,1.141
2.077,-0.893
1.999,0.485
2.117,0.424
1.951,-0.312
1.798,0.492
1.634,-1.724
1.673,0.18
1.57,0.349
1.429,1.459
1.518,1.243
1.381,-0.615
1.297,0.28
1.012,1.747
0.991,-0.701
0.989,-0.639
1.076,-0.359
0.779,-0.654
0.682,-1.323
0.683,0.313
0.509,1.74
0.587,1.018
0.431,1.486
0.391,1.32
0.371,-0.845
0.354,-0.55
0.418,0.56
0.28,-0.957
0.243,-1.156
0.262,1.829
0.221,1.421
0.166,-0.889
-0.073,-0.178
0.067,-0.689
0.063,1.374
0.029,-0.635
0.022,-0.929
-0.121,0.566
-0.119,1.721
-0.073,-1.108
-0.313,-0.875
-0.224,-1.2
-0.397,0.851
-0.364,0.194
-0.494,-0.231
-0.452,-0.155
-0.452,0.716
-0.629,1.903
-0.53,-1.168
-0.637,0.779
-0.728,-0.552
-0.797,1.679
-0.897,-1.675
-1.026,0.876
-0.958,-1.12
-1.03,-1.894
-1.3,1.496
-1.359,1.214
-1.4,1.692
-1.425,-0.243
-1.56,1.608
-1.643,1.132
-1.692,-0.68
-2.337,1.941
-2.808,0.618
-2.818,0.717
-2.979,0.685
2.885,-1.87
2.899,-0.987
3.003,-0.487
2.894,0.329
2.709,0.252
2.635,0.499
2.599,-1.827
2.576,-1.808
2.554,-1.127
2.524,-1.375
2.504,-1.146
2.573,-1.965
2.389,-2.11
2.367,-2.17
1.97,-2.181
1.159,-1.972
1.033,-1.993
0.838,-2.05
0.238,-2.257
-0.384,-2.28
-0.398,-2.154
-0.734,-2.324
-0.673,-2.243
-0.727,-2.201
-0.894,-2.006
-1.054,-2.344
-1.588,-2.345
-1.705,-2.166
-2.185,-2.257
-2.389,-2.049
3.051,-2.243
2.92,-2.027
3.068,-2.251
0.758,2.018
0.384,2.104
-0.767,2.066
-2.062,2.186
-3.063,2.14
2.198,-1.205
1.8,-1.236
0.606,0.501
-0.085,-0.08
-0.159,0.502
-0.172,-1.621
-0.386,-1.645
1.058,-1.162
-1.16,-0.941
-3.034,0.983
2.983,1.541
2.943,1.416
0.646,-1.195
-0.054,-0.47
-0.406,0.113
-0.598,0.704
2.818,0.112
2.573,-1.938
1.464,-1.908
-2.316,-1.939
1.8,-2.341
1.078,-2.428
-0.199,-2.49
-2.675,-2.443
0.032,-0.255
0.027,-0.023
0.021,-1.463
-0.112,-1.703
-0.057,-2.276
-0.092,-0.873
-0.162,1.373
-0.261,-0.883
-0.228,-1.661
-0.285,0.138
-0.34,-0.66
-0.341,0.368
-0.4,-1.646
-0.469,0.349
-0.582,-1.767
-0.585,-0.412
-0.615,-0.823
-0.556,-0.418
-0.628,-0.056
-0.631,-0.093
-0.746,0.788
-0.84,-1.483
-0.768,-0.796
-0.836,-0.11
-0.883,-0.426
-0.83,-1.079
-0.864,-1.414
-0.983,-0.99
-0.977,-1.451
-1.037,-1.851
-1.048,-0.821
-0.997,-0.862
-1.095,-2.019
-1.017,1.385
-1.033,-1.525
-1.047,0.131
-1.138,1.178
-1.188,-0.466
-1.199,-2.242
-1.218,-0.924
-1.292,-0.03
-1.347,-1.511
-1.311,-0.791
-1.374,-1.187
-1.423,0.814
-1.44,-2.364
-1.447,-0.499
-1.384,0.562
-1.416,1.359
-1.467,-2.052
-1.573,-1.844
-1.556,-2.107
-1.614,1.221
-1.696,-2.501
-1.71,-0.641
-1.742,0.25
-1.758,-2.105
-1.896,0.513
-1.89,-0.17
-1.916,-0.43
-1.99,-0.742
-2.169,-1.25
-2.374,-1.691
-2.384,-1.373
-2.461,0.958
-2.534,-0.458
-2.557,-1.14
-2.546,1.249
-2.601,-1.727
-2.591,0.047
-2.633,0.375
-2.753,-1.084
-2.755,-0.101
-2.758,-1.211
-2.933,-2.347
-3.019,-1.068
-3.059,-1.304
-3.095,-0.393
3.1,-1.441
3.104,-0.903
3.077,-1.346
2.997,-2.59
2.991,-0.489
2.905,0.848
2.966,-0.883
2.899,1.027
2.866,0.979
2.879,-2.451
2.797,-0.261
2.786,-0.992
2.767,-0.083
2.753,-0.868
2.796,0.427
2.71,-0.324
2.778,-1.336
2.698,-1.019
2.608,-1.152
2.644,0.676
2.567,-0.902
2.118,-2.632
1.855,-2.95
1.77,-2.8
1.538,-2.833
0.752,-2.614
0.349,-2.674
-0.008,-2.826
-0.774,-2.637
-0.862,-2.934
-0.981,-3.011
-1.088,-3.032
-1.154,-2.914
-1.575,-3.044
-2.0,-2.885
-2.342,-3.071
-2.595,-2.685
3.129,-2.883
2.894,-2.885
1.806,1.415
1.692,1.524
0.933,1.33
-1.447,1.454
-1.577,1.532
-1.59,1.514
-1.729,1.507
-1.74,1.548
-2.657,1.186
2.68,1.447
2.41,-1.435
1.912,-1.125
1.2,-1.05
2.833,-0.806
2.719,-1.884
0.708,-2.906
-2.154,-2.988
2.5,-0.062
2.546,-0.537
2.371,1.274
2.371,-1.389
2.429,-1.608
2.276,0.466
2.115,-1.568
2.037,-0.19
2.155,-0.251
1.989,-0.987
1.836,-0.183
1.672,-2.399
1.711,-0.495
1.608,-0.326
1.467,0.784
1.556,0.568
1.419,-1.29
1.335,-0.395
1.05,1.072
1.029,-1.376
1.027,-1.314
1.114,-1.034
0.817,-1.329
0.72,-1.998
0.721,-0.362
0.547,1.065
0.625,0.343
0.469,0.811
0.429,0.645
0.409,-1.52
0.392,-1.225
0.456,-0.115
0.318,-1.632
0.281,-1.831
0.3,1.154
0.259,0.746
0.204,-1.564
-0.035,-0.853
0.105,-1.364
0.101,0.699
0.067,-1.31
0.06,-1.604
-0.083,-0.109
-0.081,1.046
-0.035,-1.783
-0.275,-1.55
-0.186,-1.875
-0.359,0.176
-0.326,-0.481
-0.456,-0.906
-0.414,-0.83
-0.414,0.041
-0.591,1.228
-0.492,-1.843
-0.599,0.104
-0.69,-1.227
-0.759,1.004
-0.859,-2.35
-0.988,0.201
-0.92,-1.795
-0.992,-2.569
-1.262,0.821
-1.321,0.539
-1.362,1.017
-1.387,-0.918
-1.522,0.933
-1.605,0.457
-1.654,-1.355
-2.299,1.266
-2.77,-0.057
-2.78,0.042
-2.941,0.01
2.923,-2.545
2.937,-1.662
3.041,-1.162
2.932,-0.346
2.747,-0.423
2.673,-0.176
2.637,-2.502
2.614,-2.483
2.592,-1.802
2.562,-2.05
2.542,-1.821
2.611,-2.64
2.427,-2.785
2.405,-2.845
2.008,-2.856
1.197,-2.647
1.071,-2.668
0.876,-2.725
0.276,-2.932
-0.346,-2.955
-0.36,-2.829
-0.696,-2.999
-0.635,-2.918
-0.689,-2.876
-0.856,-2.681
-1.016,-3.019
-1.55,-3.02
-1.667,-2.841
-2.147,-2.932
-2.351,-2.724
3.089,-2.918
2.958,-2.702
3.106,-2.926
0.796,1.343
0.422,1.429
-0.729,1.391
-2.024,1.511
-3.025,1.465
2.236,-1.88
1.838,-1.911
0.644,-0.174
-0.047,-0.755
-0.121,-0.173
-0.134,-2.296
-0.348,-2.32
1.096,-1.837
-1.122,-1.616
-2.996,0.308
3.021,0.866
2.981,0.741
0.684,-1.87
-0.016,-1.145
-0.368,-0.562
-0.56,0.029
2.856,-0.563
2.611,-2.613
1.502,-2.583
-2.278,-2.614
1.838,-3.016
1.116,-3.103
-0.161,-3.165
-2.637,-3.118
-0.005,0.232
-0.011,-1.208
-0.144,-1.448
-0.089,-2.021
-0.124,-0.618
-0.194,1.628
-0.293,-0.628
-0.26,-1.406
-0.317,0.393
-0.372,-0.405
-0.373,0.623
-0.432,-1.391
-0.501,0.604
-0.614,-1.512
-0.617,-0.157
-0.647,-0.568
-0.588,-0.163
-0.66,0.199
-0.663,0.162
-0.778,1.043
-0.872,-1.228
-0.8,-0.541
-0.868,0.145
-0.915,-0.171
-0.862,-0.824
-0.896,-1.159
-1.015,-0.735
-1.009,-1.196
-1.069,-1.596
-1.08,-0.566
-1.029,-0.607
-1.127,-1.764
-1.049,1.64
-1.065,-1.27
-1.079,0.386
-1.17,1.433
-1.22,-0.211
-1.231,-1.987
-1.25,-0.669
-1.324,0.225
-1.379,-1.256
-1.343,-0.536
-1.406,-0.932
-1.455,1.069
-1.472,-2.109
-1.479,-0.244
-1.416,0.817
-1.448,1.614
-1.499,-1.797
-1.605,-1.589
-1.588,-1.852
-1.646,1.476
-1.728,-2.246
-1.742,-0.386
-1.774,0.505
-1.79,-1.85
-1.928,0.768
-1.922,0.085
-1.948,-0.175
-2.022,-0.487
-2.201,-0.995
-2.406,-1.436
-2.416,-1.118
-2.493,1.213
-2.566,-0.203
-2.589,-0.885
-2.578,1.504
-2.633,-1.472
-2.623,0.302
-2.665,0.63
-2.785,-0.829
-2.787,0.154
-2.79,-0.956
-2.965,-2.092
-3.051,-0.813
-3.091,-1.049
-3.127,-0.138
3.068,-1.186
3.072,-0.648
3.045,-1.091
2.965,-2.335
2.959,-0.234
2.873,1.103
2.934,-0.628
2.867,1.282
2.834,1.234
2.847,-2.196
2.765,-0.006
2.754,-0.737
2.735,0.172
2.721,-0.613
2.764,0.682
2.678,-0.069
2.746,-1.081
2.666,-0.764
2.576,-0.897
2.612,0.931
2.535,-0.647
2.086,-2.377
1.823,-2.695
1.738,-2.545
1.506,-2.578
0.72,-2.359
0.317,-2.419
-0.04,-2.571
-0.806,-2.382
-0.894,-2.679
-1.013,-2.756
-1.12,-2.777
-1.186,-2.659
-1.607,-2.789
-2.032,-2.63
-2.374,-2.816
-2.627,-2.43
3.097,-2.628
2.862,-2.63
1.774,1.67
1.66,1.779
0.901,1.585
-1.479,1.709
-1.609,1.787
-1.622,1.769
-1.761,1.762
-1.772,1.803
-2.689,1.441
2.648,1.702
2.378,-1.18
1.88,-0.87
1.168,-0.795
2.801,-0.551
2.687,-1.629
0.676,-2.651
-2.186,-2.733
2.468,0.193
2.514,-0.282
2.339,1.529
2.339,-1.134
2.397,-1.353
2.244,0.721
2.083,-1.313
2.005,0.065
2.123,0.004
1.957,-0.732
1.804,0.072
1.64,-2.144
1.679,-0.24
1.576,-0.071
1.435,1.039
1.524,0.823
1.387,-1.035
1.303,-0.14
1.018,1.327
0.997,-1.121
0.995,-1.059
1.082,-0.779
0.785,-1.074
0.688,-1.743
0.689,-0.107
0.515,1.32
0.593,0.598
0.437,1.066
0.397,0.9
0.377,-1.265
0.36,-0.97
0.424,0.14
0.286,-1.377
0.249,-1.576
0.268,1.409
0.227,1.001
0.172,-1.309
-0.067,-0.598
0.073,-1.109
0.069,0.954
0.035,-1.055
0.028,-1.349
-0.115,0.146
-0.113,1.301
-0.067,-1.528
-0.307,-1.295
-0.218,-1.62
-0.391,0.431
-0.358,-0.226
-0.488,-0.651
-0.446,-0.575
-0.446,0.296
-0.623,1.483
-0.524,-1.588
-0.631,0.359
-0.722,-0.972
-0.791,1.259
-0.891,-2.095
-1.02,0.456
-0.952,-1.54
-1.024,-2.314
-1.294,1.076
-1.353,0.794
-1.394,1.272
-1.419,-0.663
-1.554,1.188
-1.637,0.712
-1.686,-1.1
-2.331,1.521
-2.802,0.198
-2.812,0.297
-2.973,0.265
2.891,-2.29
2.905,-1.407
3.009,-0.907
2.9,-0.091
2.715,-0.168
2.641,0.079
2.605,-2.247
2.582,-2.228
2.56,-1.547
2.53,-1.795
2.51,-1.566
2.579,-2.385
2.395,-2.53
2.373,-2.59
1.976,-2.601
1.165,-2.392
1.039,-2.413
0.844,-2.47
0.244,-2.677
-0.378,-2.7
-0.392,-2.574
-0.728,-2.744
-0.667,-2.663
-0.721,-2.621
-0.888,-2.426
-1.048,-2.764
-1.582,-2.765
-1.699,-2.586
-2.179,-2.677
-2.383,-2.469
3.057,-2.663
2.926,-2.447
3.074,-2.671
0.764,1.598
0.39,1.684
-0.761,1.646
-2.056,1.766
-3.057,1.72
2.204,-1.625
1.806,-1.656
0.612,0.081
-0.079,-0.5
-0.153,0.082
-0.166,-2.041
-0.38,-2.065
1.064,-1.582
-1.154,-1.361
-3.028,0.563
2.989,1.121
2.949,0.996
0.652,-1.615
-0.048,-0.89
-0.4,-0.307
-0.592,0.284
2.824,-0.308
2.579,-2.358
1.47,-2.328
-2.31,-2.359
1.806,-2.761
1.084,-2.848
-0.193,-2.91
-2.669,-2.863
-0.006,-1.44
-0.139,-1.68
-0.084,-2.253
-0.119,-0.85
-0.189,1.396
-0.288,-0.86
-0.255,-1.638
-0.312,0.161
-0.367,-0.637
-0.368,0.391
-0.427,-1.623
-0.496,0.372
-0.609,-1.744
-0.612,-0.389
-0.642,-0.8
-0.583,-0.395
-0.655,-0.033
-0.658,-0.07
-0.773,0.811
-0.867,-1.46
-0.795,-0.773
-0.863,-0.087
-0.91,-0.403
-0.857,-1.056
-0.891,-1.391
-1.01,-0.967
-1.004,-1.428
-1.064,-1.828
-1.075,-0.798
-1.024,-0.839
-1.122,-1.996
-1.044,1.408
-1.06,-1.502
-1.074,0.154
-1.165,1.201
-1.215,-0.443
-1.226,-2.219
-1.245,-0.901
-1.319,-0.007
-1.374,-1.488
-1.338,-0.768
-1.401,-1.164
-1.45,0.837
-1.467,-2.341
-1.474,-0.476
-1.411,0.585
-1.443,1.382
-1.494,-2.029
-1.6,-1.821
-1.583,-2.084
-1.641,1.244
-1.723,-2.478
-1.737,-0.618
-1.769,0.273
-1.785,-2.082
-1.923,0.536
-1.917,-0.147
-1.943,-0.407
-2.017,-0.719
-2.196,-1.227
-2.401,-1.668
-2.411,-1.35
-2.488,0.981
-2.561,-0.435
-2.584,-1.117
-2.573,1.272
-2.628,-1.704
-2.618,0.07
-2.66,0.398
-2.78,-1.061
-2.782,-0.078
-2.785,-1.188
-2.96,-2.324
-3.046,-1.045
-3.086,-1.281
-3.122,-0.37
3.073,-1.418
3.077,-0.88
3.05,-1.323
2.97,-2.567
2.964,-0.466
2.878,0.871
2.939,-0.86
2.872,1.05
2.839,1.002
2.852,-2.428
2.77,-0.238
2.759,-0.969
2.74,-0.06
2.726,-0.845
2.769,0.45
2.683,-0.301
2.751,-1.313
2.671,-0.996
2.581,-1.129
2.617,0.699
2.54,-0.879
2.091,-2.609
1.828,-2.927
1.743,-2.777
1.511,-2.81
0.725,-2.591
0.322,-2.651
-0.035,-2.803
-0.801,-2.614
-0.889,-2.911
-1.008,-2.988
-1.115,-3.009
-1.181,-2.891
-1.602,-3.021
-2.027,-2.862
-2.369,-3.048
-2.622,-2.662
3.102,-2.86
2.867,-2.862
1.779,1.438
1.665,1.547
0.906,1.353
-1.474,1.477
-1.604,1.555
-1.617,1.537
-1.756,1.53
-1.767,1.571
-2.684,1.209
2.653,1.47
2.383,-1.412
1.885,-1.102
1.173,-1.027
2.806,-0.783
2.692,-1.861
0.681,-2.883
-2.181,-2.965
2.473,-0.039
2.519,-0.514
2.344,1.297
2.344,-1.366
2.402,-1.585
2.249,0.489
2.088,-1.545
2.01,-0.167
2.128,-0.228
1.962,-0.964
1.809,-0.16
1.645,-2.376
1.684,-0.472
1.581,-0.303
1.44,0.807
1.529,0.591
1.392,-1.267
1.308,-0.372
1.023,1.095
1.002,-1.353
1.0,-1.291
1.087,-1.011
0.79,-1.306
0.693,-1.975
0.694,-0.339
0.52,1.088
0.598,0.366
0.442,0.834
0.402,0.668
0.382,-1.497
0.365,-1.202
0.429,-0.092
0.291,-1.609
0.254,-1.808
0.273,1.177
0.232,0.769
0.177,-1.541
-0.062,-0.83
0.078,-1.341
0.074,0.722
0.04,-1.287
0.033,-1.581
-0.11,-0.086
-0.108,1.069
-0.062,-1.76
-0.302,-1.527
-0.213,-1.852
-0.386,0.199
-0.353,-0.458
-0.483,-0.883
-0.441,-0.807
-0.441,0.064
-0.618,1.251
-0.519,-1.82
-0.626,0.127
-0.717,-1.204
-0.786,1.027
-0.886,-2.327
-1.015,0.224
-0.947,-1.772
-1.019,-2.546
-1.289,0.844
-1.348,0.562
-1.389,1.04
-1.414,-0.895
-1.549,0.956
-1.632,0.48
-1.681,-1.332
-2.326,1.289
-2.797,-0.034
-2.807,0.065
-2.968,0.033
2.896,-2.522
2.91,-1.639
3.014,-1.139
2.905,-0.323
2.72,-0.4
2.646,-0.153
2.61,-2.479
2.587,-2.46
2.565,-1.779
2.535,-2.027
2.515,-1.798
2.584,-2.617
2.4,-2.762
2.378,-2.822
1.981,-2.833
1.17,-2.624
1.044,-2.645
0.849,-2.702
0.249,-2.909
-0.373,-2.932
-0.387,-2.806
-0.723,-2.976
-0.662,-2.895
-0.716,-2.853
-0.883,-2.658
-1.043,-2.996
-1.577,-2.997
-1.694,-2.818
-2.174,-2.909
-2.378,-2.701
3.062,-2.895
2.931,-2.679
3.079,-2.903
0.769,1.366
0.395,1.452
-0.756,1.414
-2.051,1.534
-3.052,1.488
2.209,-1.857
1.811,-1.888
0.617,-0.151
-0.074,-0.732
-0.148,-0.15
-0.161,-2.273
-0.375,-2.297
1.069,-1.814
-1.149,-1.593
-3.023,0.331
2.994,0.889
2.954,0.764
0.657,-1.847
-0.043,-1.122
-0.395,-0.539
-0.587,0.052
2.829,-0.54
2.584,-2.59
1.475,-2.56
-2.305,-2.591
1.811,-2.993
1.089,-3.08
-0.188,-3.142
-2.664,-3.095
-0.133,-0.24
-0.078,-0.813
-0.113,0.59
-0.183,2.836
-0.282,0.58
-0.249,-0.198
-0.306,1.601
-0.361,0.803
-0.362,1.831
-0.421,-0.183
-0.49,1.812
-0.603,-0.304
-0.606,1.051
-0.636,0.64
-0.577,1.045
-0.649,1.407
-0.652,1.37
-0.767,2.251
-0.861,-0.02
-0.789,0.667
-0.857,1.353
-0.904,1.037
-0.851,0.384
-0.885,0.049
-1.004,0.473
-0.998,0.012
-1.058,-0.388
-1.069,0.642
-1.018,0.601
-1.116,-0.556
-1.038,2.848
-1.054,-0.062
-1.068,1.594
-1.159,2.641
-1.209,0.997
-1.22,-0.779
-1.239,0.539
-1.313,1.433
-1.368,-0.048
-1.332,0.672
-1.395,0.276
-1.444,2.277
-1.461,-0.901
-1.468,0.964
-1.405,2.025
-1.437,2.822
-1.488,-0.589
-1.594,-0.381
-1.577,-0.644
-1.635,2.684
-1.717,-1.038
-1.731,0.822
-1.763,1.713
-1.779,-0.642
-1.917,1.976
-1.911,1.293
-1.937,1.033
-2.011,0.721
-2.19,0.213
-2.395,-0.228
-2.405,0.09
-2.482,2.421
-2.555,1.005
-2.578,0.323
-2.567,2.712
-2.622,-0.264
-2.612,1.51
-2.654,1.838
-2.774,0.379
-2.776,1.362
-2.779,0.252
-2.954,-0.884
-3.04,0.395
-3.08,0.159
-3.116,1.07
3.079,0.022
3.083,0.56
3.056,0.117
2.976,-1.127
2.97,0.974
2.884,2.311
2.945,0.58
2.878,2.49
2.845,2.442
2.858,-0.988
2.776,1.202
2.765,0.471
2.746,1.38
2.732,0.595
2.775,1.89
2.689,1.139
2.757,0.127
2.677,0.444
2.587,0.311
2.623,2.139
2.546,0.561
2.097,-1.169
1.834,-1.487
1.749,-1.337
1.517,-1.37
0.731,-1.151
0.328,-1.211
-0.029,-1.363
-0.795,-1.174
-0.883,-1.471
-1.002,-1.548
-1.109,-1.569
-1.175,-1.451
-1.596,-1.581
-2.021,-1.422
-2.363,-1.608
-2.616,-1.222
3.108,-1.42
2.873,-1.422
1.785,2.878
1.671,2.987
0.912,2.793
-1.468,2.917
-1.598,2.995
-1.611,2.977
-1.75,2.97
-1.761,3.011
-2.678,2.649
2.659,2.91
2.389,0.028
1.891,0.338
1.179,0.413
2.812,0.657
2.698,-0.421
0.687,-1.443
-2.175,-1.525
2.479,1.401
2.525,0.926
2.35,2.737
2.35,0.074
2.408,-0.145
2.255,1.929
2.094,-0.105
2.016,1.273
2.134,1.212
1.968,0.476
1.815,1.28
1.651,-0.936
1.69,0.968
1.587,1.137
1.446,2.247
1.535,2.031
1.398,0.173
1.314,1.068
1.029,2.535
1.008,0.087
1.006,0.149
1.093,0.429
0.796,0.134
0.699,-0.535
0.7,1.101
0.526,2.528
0.604,1.806
0.448,2.274
0.408,2.108
0.388,-0.057
0.371,0.238
0.435,1.348
0.297,-0.169
0.26,-0.368
0.279,2.617
0.238,2.209
0.183,-0.101
-0.056,0.61
0.084,0.099
0.08,2.162
0.046,0.153
0.039,-0.141
-0.104,1.354
-0.102,2.509
-0.056,-0.32
-0.296,-0.087
-0.207,-0.412
-0.38,1.639
-0.347,0.982
-0.477,0.557
-0.435,0.633
-0.435,1.504
-0.612,2.691
-0.513,-0.38
-0.62,1.567
-0.711,0.236
-0.78,2.467
-0.88,-0.887
-1.009,1.664
-0.941,-0.332
-1.013,-1.106
-1.283,2.284
-1.342,2.002
-1.383,2.48
-1.408,0.545
-1.543,2.396
-1.626,1.92
-1.675,0.108
-2.32,2.729
-2.791,1.406
-2.801,1.505
-2.962,1.473
2.902,-1.082
2.916,-0.199
3.02,0.301
2.911,1.117
2.726,1.04
2.652,1.287
2.616,-1.039
2.593,-1.02
2.571,-0.339
2.541,-0.587
2.521,-0.358
2.59,-1.177
2.406,-1.322
2.384,-1.382
1.987,-1.393
1.176,-1.184
1.05,-1.205
0.855,-1.262
0.255,-1.469
-0.367,-1.492
-0.381,-1.366
-0.717,-1.536
-0.656,-1.455
-0.71,-1.413
-0.877,-1.218
-1.037,-1.556
-1.571,-1.557
-1.688,-1.378
-2.168,-1.469
-2.372,-1.261
3.068,-1.455
2.937,-1.239
3.085,-1.463
0.775,2.806
0.401,2.892
-0.75,2.854
-2.045,2.974
-3.046,2.928
2.215,-0.417
1.817,-0.448
0.623,1.289
-0.068,0.708
-0.142,1.29
-0.155,-0.833
-0.369,-0.857
1.075,-0.374
-1.143,-0.153
-3.017,1.771
3.0,2.329
2.96,2.204
0.663,-0.407
-0.037,0.318
-0.389,0.901
-0.581,1.492
2.835,0.9
2.59,-1.15
1.481,-1.12
-2.299,-1.151
1.817,-1.553
1.095,-1.64
-0.182,-1.702
-2.658,-1.655
0.055,-0.573
0.02,0.83
-0.05,3.076
-0.149,0.82
-0.116,0.042
-0.173,1.841
-0.228,1.043
-0.229,2.071
-0.288,0.057
-0.357,2.052
-0.47,-0.064
-0.473,1.291
-0.503,0.88
-0.444,1.285
-0.516,1.647
-0.519,1.61
-0.634,2.491
-0.728,0.22
-0.656,0.907
-0.724,1.593
-0.771,1.277
-0.718,0.624
-0.752,0.289
-0.871,0.713
-0.865,0.252
-0.925,-0.148
-0.936,0.882
-0.885,0.841
-0.983,-0.316
-0.905,3.088
-0.921,0.178
-0.935,1.834
-1.026,2.881
-1.076,1.237
-1.087,-0.539
-1.106,0.779
-1.18,1.673
-1.235,0.192
-1.199,0.912
-1.262,0.516
-1.311,2.517
-1.328,-0.661
-1.335,1.204
-1.272,2.265
-1.304,3.062
-1.355,-0.349
-1.461,-0.141
-1.444,-0.404
-1.502,2.924
-1.584,-0.798
-1.598,1.062
-1.63,1.953
-1.646,-0.402
-1.784,2.216
-1.778,1.533
-1.804,1.273
-1.878,0.961
-2.057,0.453
-2.262,0.012
-2.272,0.33
-2.349,2.661
-2.422,1.245
-2.445,0.563
-2.434,2.952
-2.489,-0.024
-2.479,1.75
-2.521,2.078
-2.641,0.619
-2.643,1.602
-2.646,0.492
-2.821,-0.644
-2.907,0.635
-2.947,0.399
-2.983,1.31
-3.071,0.262
-3.067,0.8
-3.094,0.357
3.109,-0.887
3.103,1.214
3.017,2.551
3.078,0.82
3.011,2.73
2.978,2.682
2.991,-0.748
2.909,1.442
2.898,0.711
2.879,1.62
2.865,0.835
2.908,2.13
2.822,1.379
2.89,0.367
2.81,0.684
2.72,0.551
2.756,2.379
2.679,0.801
2.23,-0.929
1.967,-1.247
1.882,-1.097
1.65,-1.13
0.864,-0.911
0.461,-0.971
0.104,-1.123
-0.662,-0.934
-0.75,-1.231
-0.869,-1.308
-0.976,-1.329
-1.042,-1.211
-1.463,-1.341
-1.888,-1.182
-2.23,-1.368
-2.483,-0.982
-3.042,-1.18
3.006,-1.182
1.918,3.118
1.804,3.227
1.045,3.033
-1.335,3.157
-1.465,3.235
-1.478,3.217
-1.617,3.21
-1.628,3.251
-2.545,2.889
2.792,3.15
2.522,0.268
2.024,0.578
1.312,0.653
2.945,0.897
2.831,-0.181
0.82,-1.203
-2.042,-1.285
2.612,1.641
2.658,1.166
2.483,2.977
2.483,0.314
2.541,0.095
2.388,2.169
2.227,0.135
2.149,1.513
2.267,1.452
2.101,0.716
1.948,1.52
1.784,-0.696
1.823,1.208
1.72,1.377
1.579,2.487
1.668,2.271
1.531,0.413
1.447,1.308
1.162,2.775
1.141,0.327
1.139,0.389
1.226,0.669
0.929,0.374
0.832,-0.295
0.833,1.341
0.659,2.768
0.737,2.046
0.581,2.514
0.541,2.348
0.521,0.183
0.504,0.478
0.568,1.588
0.43,0.071
0.393,-0.128
0.412,2.857
0.371,2.449
0.316,0.139
0.077,0.85
0.217,0.339
0.213,2.402
0.179,0.393
0.172,0.099
0.029,1.594
0.031,2.749
0.077,-0.08
-0.163,0.153
-0.074,-0.172
-0.247,1.879
-0.214,1.222
-0.344,0.797
-0.302,0.873
-0.302,1.744
-0.479,2.931
-0.38,-0.14
-0.487,1.807
-0.578,0.476
-0.647,2.707
-0.747,-0.647
-0.876,1.904
-0.808,-0.092
-0.88,-0.866
-1.15,2.524
-1.209,2.242
-1.25,2.72
-1.275,0.785
-1.41,2.636
-1.493,2.16
-1.542,0.348
-2.187,2.969
-2.658,1.646
-2.668,1.745
-2.829,1.713
3.035,-0.842
3.049,0.041
-3.13,0.541
3.044,1.357
2.859,1.28
2.785,1.527
2.749,-0.799
2.726,-0.78
2.704,-0.099
2.674,-0.347
2.654,-0.118
2.723,-0.937
2.539,-1.082
2.517,-1.142
2.12,-1.153
1.309,-0.944
1.183,-0.965
0.988,-1.022
0.388,-1.229
-0.234,-1.252
-0.248,-1.126
-0.584,-1.296
-0.523,-1.215
-0.577,-1.173
-0.744,-0.978
-0.904,-1.316
-1.438,-1.317
-1.555,-1.138
-2.035,-1.229
-2.239,-1.021
-3.082,-1.215
3.07,-0.999
-3.065,-1.223
0.908,3.046
0.534,3.132
-0.617,3.094
-1.912,3.214
-2.913,3.168
2.348,-0.177
1.95,-0.208
0.756,1.529
0.065,0.948
-0.009,1.53
-0.022,-0.593
-0.236,-0.617
1.208,-0.134
-1.01,0.087
-2.884,2.011
3.133,2.569
3.093,2.444
0.796,-0.167
0.096,0.558
-0.256,1.141
-0.448,1.732
2.968,1.14
2.723,-0.91
1.614,-0.88
-2.166,-0.911
1.95,-1.313
1.228,-1.4
-0.049,-1.462
-2.525,-1.415
-0.035,1.403
-0.105,3.649
-0.204,1.393
-0.171,0.615
-0.228,2.414
-0.283,1.616
-0.284,2.644
-0.343,0.63
-0.412,2.625
-0.525,0.509
-0.528,1.864
-0.558,1.453
-0.499,1.858
-0.571,2.22
-0.574,2.183
-0.689,3.064
-0.783,0.793
-0.711,1.48
-0.779,2.166
-0.826,1.85
-0.773,1.197
-0.807,0.862
-0.926,1.286
-0.92,0.825
-0.98,0.425
-0.991,1.455
-0.94,1.414
-1.038,0.257
-0.96,3.661
-0.976,0.751
-0.99,2.407
-1.081,3.454
-1.131,1.81
-1.142,0.034
-1.161,1.352
-1.235,2.246
-1.29,0.765
-1.254,1.485
-1.317,1.089
-1.366,3.09
-1.383,-0.088
-1.39,1.777
-1.327,2.838
-1.359,3.635
-1.41,0.224
-1.516,0.432
-1.499,0.169
-1.557,3.497
-1.639,-0.225
-1.653,1.635
-1.685,2.526
-1.701,0.171
-1.839,2.789
-1.833,2.106
-1.859,1.846
-1.933,1.534
-2.112,1.026
-2.317,0.585
-2.327,0.903
-2.404,3.234
-2.477,1.818
-2.5,1.136
-2.489,3.525
-2.544,0.549
-2.534,2.323
-2.576,2.651
-2.696,1.192
-2.698,2.175
-2.701,1.065
-2.876,-0.071
-2.962,1.208
-3.002,0.972
-3.038,1.883
-3.126,0.835
-3.122,1.373
3.134,0.93
3.054,-0.314
3.048,1.787
2.962,3.124
3.023,1.393
2.956,3.303
2.923,3.255
2.936,-0.175
2.854,2.015
2.843,1.284
2.824,2.193
2.81,1.408
2.853,2.703
2.767,1.952
2.835,0.94
2.755,1.257
2.665,1.124
2.701,2.952
2.624,1.374
2.175,-0.356
1.912,-0.674
1.827,-0.524
1.595,-0.557
0.809,-0.338
0.406,-0.398
0.049,-0.55
-0.717,-0.361
-0.805,-0.658
-0.924,-0.735
-1.031,-0.756
-1.097,-0.638
-1.518,-0.768
-1.943,-0.609
-2.285,-0.795
-2.538,-0.409
-3.097,-0.607
2.951,-0.609
1.863,3.691
1.749,3.8
0.99,3.606
-1.39,3.73
-1.52,3.808
-1.533,3.79
-1.672,3.783
-1.683,3.824
-2.6,3.462
2.737,3.723
2.467,0.841
1.969,1.151
1.257,1.226
2.89,1.47
2.776,0.392
0.765,-0.63
-2.097,-0.712
2.557,2.214
2.603,1.739
2.428,3.55
2.428,0.887
2.486,0.668
2.333,2.742
2.172,0.708
2.094,2.086
2.212,2.025
2.046,1.289
1.893,2.093
1.729,-0.123
1.768,1.781
1.665,1.95
1.524,3.06
1.613,2.844
1.476,0.986
1.392,1.881
1.107,3.348
1.086,0.9
1.084,0.962
1.171,1.242
0.874,0.947
0.777,0.278
0.778,1.914
0.604,3.341
0.682,2.619
0.526,3.087
0.486,2.921
0.466,0.756
0.449,1.051
0.513,2.161
0.375,0.644
0.338,0.445
0.357,3.43
0.316,3.022
0.261,0.712
0.022,1.423
0.162,0.912
0.158,2.975
0.124,0.966
0.117,0.672
-0.026,2.167
-0.024,3.322
0.022,0.493
-0.218,0.726
-0.129,0.401
-0.302,2.452
-0.269,1.795
-0.399,1.37
-0.357,1.446
-0.357,2.317
-0.534,3.504
-0.435,0.433
-0.542,2.38
-0.633,1.049
-0.702,3.28
-0.802,-0.074
-0.931,2.477
-0.863,0.481
-0.935,-0.293
-1.205,3.097
-1.264,2.815
-1.305,3.293
-1.33,1.358
-1.465,3.209
-1.548,2.733
-1.597,0.921
-2.242,3.542
-2.713,2.219
-2.723,2.318
-2.884,2.286
2.98,-0.269
2.994,0.614
3.098,1.114
2.989,1.93
2.804,1.853
2.73,2.1
2.694,-0.226
2.671,-0.207
2.649,0.474
2.619,0.226
2.599,0.455
2.668,-0.364
2.484,-0.509
2.462,-0.569
2.065,-0.58
1.254,-0.371
1.128,-0.392
0.933,-0.449
0.333,-0.656
-0.289,-0.679
-0.303,-0.553
-0.639,-0.723
-0.578,-0.642
-0.632,-0.6
-0.799,-0.405
-0.959,-0.743
-1.493,-0.744
-1.61,-0.565
-2.09,-0.656
-2.294,-0.448
-3.137,-0.642
3.015,-0.426
-3.12,-0.65
0.853,3.619
0.479,3.705
-0.672,3.667
-1.967,3.787
-2.968,3.741
2.293,0.396
1.895,0.365
0.701,2.102
0.01,1.521
-0.064,2.103
-0.077,-0.02
-0.291,-0.044
1.153,0.439
-1.065,0.66
-2.939,2.584
3.078,3.142
3.038,3.017
0.741,0.406
0.041,1.131
-0.311,1.714
-0.503,2.305
2.913,1.713
2.668,-0.337
1.559,-0.307
-2.221,-0.338
1.895,-0.74
1.173,-0.827
-0.104,-0.889
-2.58,-0.842
-0.07,2.246
-0.169,-0.01
-0.136,-0.788
-0.193,1.011
-0.248,0.213
-0.249,1.241
-0.308,-0.773
-0.377,1.222
-0.49,-0.894
-0.493,0.461
-0.523,0.05
-0.464,0.455
-0.536,0.817
-0.539,0.78
-0.654,1.661
-0.748,-0.61
-0.676,0.077
-0.744,0.763
-0.791,0.447
-0.738,-0.206
-0.772,-0.541
-0.891,-0.117
-0.885,-0.578
-0.945,-0.978
-0.956,0.052
-0.905,0.011
-1.003,-1.146
-0.925,2.258
-0.941,-0.652
-0.955,1.004
-1.046,2.051
-1.096,0.407
-1.107,-1.369
-1.126,-0.051
-1.2,0.843
-1.255,-0.638
-1.219,0.082
-1.282,-0.314
-1.331,1.687
-1.348,-1.491
-1.355,0.374
-1.292,1.435
-1.324,2.232
-1.375,-1.179
-1.481,-0.971
-1.464,-1.234
-1.522,2.094
-1.604,-1.628
-1.618,0.232
-1.65,1.123
-1.666,-1.232
-1.804,1.386
-1.798,0.703
-1.824,0.443
-1.898,0.131
-2.077,-0.377
-2.282,-0.818
-2.292,-0.5
-2.369,1.831
-2.442,0.415
-2.465,-0.267
-2.454,2.122
-2.509,-0.854
-2.499,0.92
-2.541,1.248
-2.661,-0.211
-2.663,0.772
-2.666,-0.338
-2.841,-1.474
-2.927,-0.195
-2.967,-0.431
-3.003,0.48
-3.091,-0.568
-3.087,-0.03
-3.114,-0.473
3.089,-1.717
3.083,0.384
2.997,1.721
3.058,-0.01
2.991,1.9
2.958,1.852
2.971,-1.578
2.889,0.612
2.878,-0.119
2.859,0.79
2.845,0.005
2.888,1.3
2.802,0.549
2.87,-0.463
2.79,-0.146
2.7,-0.279
2.736,1.549
2.659,-0.029
2.21,-1.759
1.947,-2.077
1.862,-1.927
1.63,-1.96
0.844,-1.741
0.441,-1.801
0.084,-1.953
-0.682,-1.764
-0.77,-2.061
-0.889,-2.138
-0.996,-2.159
-1.062,-2.041
-1.483,-2.171
-1.908,-2.012
-2.25,-2.198
-2.503,-1.812
-3.062,-2.01
2.986,-2.012
1.898,2.288
1.784,2.397
1.025,2.203
-1.355,2.327
-1.485,2.405
-1.498,2.387
-1.637,2.38
-1.648,2.421
-2.565,2.059
2.772,2.32
2.502,-0.562
2.004,-0.252
1.292,-0.177
2.925,0.067
2.811,-1.011
0.8,-2.033
-2.062,-2.115
2.592,0.811
2.638,0.336
2.463,2.147
2.463,-0.516
2.521,-0.735
2.368,1.339
2.207,-0.695
2.129,0.683
2.247,0.622
2.081,-0.114
1.928,0.69
1.764,-1.526
1.803,0.378
1.7,0.547
1.559,1.657
1.648,1.441
1.511,-0.417
1.427,0.478
1.142,1.945
1.121,-0.503
1.119,-0.441
1.206,-0.161
0.909,-0.456
0.812,-1.125
0.813,0.511
0.639,1.938
0.717,1.216
0.561,1.684
0.521,1.518
0.501,-0.647
0.484,-0.352
0.548,0.758
0.41,-0.759
0.373,-0.958
0.392,2.027
0.351,1.619
0.296,-0.691
0.057,0.02
0.197,-0.491
0.193,1.572
0.159,-0.437
0.152,-0.731
0.009,0.764
0.011,1.919
0.057,-0.91
-0.183,-0.677
-0.094,-1.002
-0.267,1.049
-0.234,0.392
-0.364,-0.033
-0.322,0.043
-0.322,0.914
-0.499,2.101
-0.4,-0.97
-0.507,0.977
-0.598,-0.354
-0.667,1.877
-0.767,-1.477
-0.896,1.074
-0.828,-0.922
-0.9,-1.696
-1.17,1.694
-1.229,1.412
-1.27,1.89
-1.295,-0.045
-1.43,1.806
-1.513,1.33
-1.562,-0.482
-2.207,2.139
-2.678,0.816
-2.688,0.915
-2.849,0.883
3.015,-1.672
3.029,-0.789
3.133,-0.289
3.024,0.527
2.839,0.45
2.765,0.697
2.729,-1.629
2.706,-1.61
2.684,-0.929
2.654,-1.177
2.634,-0.948
2.703,-1.767
2.519,-1.912
2.497,-1.972
2.1,-1.983
1.289,-1.774
1.163,-1.795
0.968,-1.852
0.368,-2.059
-0.254,-2.082
-0.268,-1.956
-0.604,-2.126
-0.543,-2.045
-0.597,-2.003
-0.764,-1.808
-0.924,-2.146
-1.458,-2.147
-1.575,-1.968
-2.055,-2.059
-2.259,-1.851
-3.102,-2.045
3.05,-1.829
-3.085,-2.053
0.888,2.216
0.514,2.302
-0.637,2.264
-1.932,2.384
-2.933,2.338
2.328,-1.007
1.93,-1.038
0.736,0.699
0.045,0.118
-0.029,0.7
-0.042,-1.423
-0.256,-1.447
1.188,-0.964
-1.03,-0.743
-2.904,1.181
3.113,1.739
3.073,1.614
0.776,-0.997
0.076,-0.272
-0.276,0.311
-0.468,0.902
2.948,0.31
2.703,-1.74
1.594,-1.71
-2.186,-1.741
1.93,-2.143
1.208,-2.23
-0.069,-2.292
-2.545,-2.245
-0.099,-2.256
-0.066,-3.034
-0.123,-1.235
-0.178,-2.033
-0.179,-1.005
-0.238,-3.019
-0.307,-1.024
-0.42,-3.14
-0.423,-1.785
-0.453,-2.196
-0.394,-1.791
-0.466,-1.429
-0.469,-1.466
-0.584,-0.585
-0.678,-2.856
-0.606,-2.169
-0.674,-1.483
-0.721,-1.799
-0.668,-2.452
-0.702,-2.787
-0.821,-2.363
-0.815,-2.824
-0.875,-3.224
-0.886,-2.194
-0.835,-2.235
-0.933,-3.392
-0.855,0.012
-0.871,-2.898
-0.885,-1.242
-0.976,-0.195
-1.026,-1.839
-1.037,-3.615
-1.056,-2.297
-1.13,-1.403
-1.185,-2.884
-1.149,-2.164
-1.212,-2.56
-1.261,-0.559
-1.278,-3.737
-1.285,-1.872
-1.222,-0.811
-1.254,-0.014
-1.305,-3.425
-1.411,-3.217
-1.394,-3.48
-1.452,-0.152
-1.534,-3.874
-1.548,-2.014
-1.58,-1.123
-1.596,-3.478
-1.734,-0.86
-1.728,-1.543
-1.754,-1.803
-1.828,-2.115
-2.007,-2.623
-2.212,-3.064
-2.222,-2.746
-2.299,-0.415
-2.372,-1.831
-2.395,-2.513
-2.384,-0.124
-2.439,-3.1
-2.429,-1.326
-2.471,-0.998
-2.591,-2.457
-2.593,-1.474
-2.596,-2.584
-2.771,-3.72
-2.857,-2.441
-2.897,-2.677
-2.933,-1.766
-3.021,-2.814
-3.017,-2.276
-3.044,-2.719
-3.124,-3.963
-3.13,-1.862
3.067,-0.525
3.128,-2.256
3.061,-0.346
3.028,-0.394
3.041,-3.824
2.959,-1.634
2.948,-2.365
2.929,-1.456
2.915,-2.241
2.958,-0.946
2.872,-1.697
2.94,-2.709
2.86,-2.392
2.77,-2.525
2.806,-0.697
2.729,-2.275
2.28,-4.005
2.017,-4.323
1.932,-4.173
1.7,-4.206
0.914,-3.987
0.511,-4.047
0.154,-4.199
-0.612,-4.01
-0.7,-4.307
-0.819,-4.384
-0.926,-4.405
-0.992,-4.287
-1.413,-4.417
-1.838,-4.258
-2.18,-4.444
-2.433,-4.058
-2.992,-4.256
3.056,-4.258
1.968,0.042
1.854,0.151
1.095,-0.043
-1.285,0.081
-1.415,0.159
-1.428,0.141
-1.567,0.134
-1.578,0.175
-2.495,-0.187
2.842,0.074
2.572,-2.808
2.074,-2.498
1.362,-2.423
2.995,-2.179
2.881,-3.257
0.87,-4.279
-1.992,-4.361
2.662,-1.435
2.708,-1.91
2.533,-0.099
2.533,-2.762
2.591,-2.981
2.438,-0.907
2.277,-2.941
2.199,-1.563
2.317,-1.624
2.151,-2.36
1.998,-1.556
1.834,-3.772
1.873,-1.868
1.77,-1.699
1.629,-0.589
1.718,-0.805
1.581,-2.663
1.497,-1.768
1.212,-0.301
1.191,-2.749
1.189,-2.687
1.276,-2.407
0.979,-2.702
0.882,-3.371
0.883,-1.735
0.709,-0.308
0.787,-1.03
0.631,-0.562
0.591,-0.728
0.571,-2.893
0.554,-2.598
0.618,-1.488
0.48,-3.005
0.443,-3.204
0.462,-0.219
0.421,-0.627
0.366,-2.937
0.127,-2.226
0.267,-2.737
0.263,-0.674
0.229,-2.683
0.222,-2.977
0.079,-1.482
0.081,-0.327
0.127,-3.156
-0.113,-2.923
-0.024,-3.248
-0.197,-1.197
-0.164,-1.854
-0.294,-2.279
-0.252,-2.203
-0.252,-1.332
-0.429,-0.145
-0.33,-3.216
-0.437,-1.269
-0.528,-2.6
-0.597,-0.369
-0.697,-3.723
-0.826,-1.172
-0.758,-3.168
-0.83,-3.942
-1.1,-0.552
-1.159,-0.834
-1.2,-0.356
-1.225,-2.291
-1.36,-0.44
-1.443,-0.916
-1.492,-2.728
-2.137,-0.107
-2.608,-1.43
-2.618,-1.331
-2.779,-1.363
3.085,-3.918
3.099,-3.035
-3.08,-2.535
3.094,-1.719
2.909,-1.796
2.835,-1.549
2.799,-3.875
2.776,-3.856
2.754,-3.175
2.724,-3.423
2.704,-3.194
2.773,-4.013
2.589,-4.158
2.567,-4.218
2.17,-4.229
1.359,-4.02
1.233,-4.041
1.038,-4.098
0.438,-4.305
-0.184,-4.328
-0.198,-4.202
-0.534,-4.372
-0.473,-4.291
-0.527,-4.249
-0.694,-4.054
-0.854,-4.392
-1.388,-4.393
-1.505,-4.214
-1.985,-4.305
-2.189,-4.097
-3.032,-4.291
3.12,-4.075
-3.015,-4.299
0.958,-0.03
0.584,0.056
-0.567,0.018
-1.862,0.138
-2.863,0.092
2.398,-3.253
2.0,-3.284
0.806,-1.547
0.115,-2.128
0.041,-1.546
0.028,-3.669
-0.186,-3.693
1.258,-3.21
-0.96,-2.989
-2.834,-1.065
-3.1,-0.507
-3.14,-0.632
0.846,-3.243
0.146,-2.518
-0.206,-1.935
-0.398,-1.344
3.018,-1.936
2.773,-3.986
1.664,-3.956
-2.116,-3.987
2.0,-4.389
1.278,-4.476
0.001,-4.538
-2.475,-4.491
0.033,-0.778
-0.024,1.021
-0.079,0.223
-0.08,1.251
-0.139,-0.763
-0.208,1.232
-0.321,-0.884
-0.324,0.471
-0.354,0.06
-0.295,0.465
-0.367,0.827
-0.37,0.79
-0.485,1.671
-0.579,-0.6
-0.507,0.087
-0.575,0.773
-0.622,0.457
-0.569,-0.196
-0.603,-0.531
-0.722,-0.107
-0.716,-0.568
-0.776,-0.968
-0.787,0.062
-0.736,0.021
-0.834,-1.136
-0.756,2.268
-0.772,-0.642
-0.786,1.014
-0.877,2.061
-0.927,0.417
-0.938,-1.359
-0.957,-0.041
-1.031,0.853
-1.086,-0.628
-1.05,0.092
-1.113,-0.304
-1.162,1.697
-1.179,-1.481
-1.186,0.384
-1.123,1.445
-1.155,2.242
-1.206,-1.169
-1.312,-0.961
-1.295,-1.224
-1.353,2.104
-1.435,-1.618
-1.449,0.242
-1.481,1.133
-1.497,-1.222
-1.635,1.396
-1.629,0.713
-1.655,0.453
-1.729,0.141
-1.908,-0.367
-2.113,-0.808
-2.123,-0.49
-2.2,1.841
-2.273,0.425
-2.296,-0.257
-2.285,2.132
-2.34,-0.844
-2.33,0.93
-2.372,1.258
-2.492,-0.201
-2.494,0.782
-2.497,-0.328
-2.672,-1.464
-2.758,-0.185
-2.798,-0.421
-2.834,0.49
-2.922,-0.558
-2.918,-0.02
-2.945,-0.463
-3.025,-1.707
-3.031,0.394
-3.117,1.731
-3.056,0.0
-3.123,1.91
3.127,1.862
3.14,-1.568
3.058,0.622
3.047,-0.109
3.028,0.8
3.014,0.015
3.057,1.31
2.971,0.559
3.039,-0.453
2.959,-0.136
2.869,-0.269
2.905,1.559
2.828,-0.019
2.379,-1.749
2.116,-2.067
2.031,-1.917
1.799,-1.95
1.013,-1.731
0.61,-1.791
0.253,-1.943
-0.513,-1.754
-0.601,-2.051
-0.72,-2.128
-0.827,-2.149
-0.893,-2.031
-1.314,-2.161
-1.739,-2.002
-2.081,-2.188
-2.334,-1.802
-2.893,-2.0
-3.128,-2.002
2.067,2.298
1.953,2.407
1.194,2.213
-1.186,2.337
-1.316,2.415
-1.329,2.397
-1.468,2.39
-1.479,2.431
-2.396,2.069
2.941,2.33
2.671,-0.552
2.173,-0.242
1.461,-0.167
3.094,0.077
2.98,-1.001
0.969,-2.023
-1.893,-2.105
2.761,0.821
2.807,0.346
2.632,2.157
2.632,-0.506
2.69,-0.725
2.537,1.349
2.376,-0.685
2.298,0.693
2.416,0.632
2.25,-0.104
2.097,0.7
1.933,-1.516
1.972,0.388
1.869,0.557
1.728,1.667
1.817,1.451
1.68,-0.407
1.596,0.488
1.311,1.955
1.29,-0.493
1.288,-0.431
1.375,-0.151
1.078,-0.446
0.981,-1.115
0.982,0.521
0.808,1.948
0.886,1.226
0.73,1.694
0.69,1.528
0.67,-0.637
0.653,-0.342
0.717,0.768
0.579,-0.749
0.542,-0.948
0.561,2.037
0.52,1.629
0.465,-0.681
0.226,0.03
0.366,-0.481
0.362,1.582
0.328,-0.427
0.321,-0.721
0.178,0.774
0.18,1.929
0.226,-0.9
-0.014,-0.667
0.075,-0.992
-0.098,1.059
-0.065,0.402
-0.195,-0.023
-0.153,0.053
-0.153,0.924
-0.33,2.111
-0.231,-0.96
-0.338,0.987
-0.429,-0.344
-0.498,1.887
-0.598,-1.467
-0.727,1.084
-0.659,-0.912
-0.731,-1.686
-1.001,1.704
-1.06,1.422
-1.101,1.9
-1.126,-0.035
-1.261,1.816
-1.344,1.34
-1.393,-0.472
-2.038,2.149
-2.509,0.826
-2.519,0.925
-2.68,0.893
-3.099,-1.662
-3.085,-0.779
-2.981,-0.279
-3.09,0.537
3.008,0.46
2.934,0.707
2.898,-1.619
2.875,-1.6
2.853,-0.919
2.823,-1.167
2.803,-0.938
2.872,-1.757
2.688,-1.902
2.666,-1.962
2.269,-1.973
1.458,-1.764
1.332,-1.785
1.137,-1.842
0.537,-2.049
-0.085,-2.072
-0.099,-1.946
-0.435,-2.116
-0.374,-2.035
-0.428,-1.993
-0.595,-1.798
-0.755,-2.136
-1.289,-2.137
-1.406,-1.958
-1.886,-2.049
-2.09,-1.841
-2.933,-2.035
-3.064,-1.819
-2.916,-2.043
1.057,2.226
0.683,2.312
-0.468,2.274
-1.763,2.394
-2.764,2.348
2.497,-0.997
2.099,-1.028
0.905,0.709
0.214,0.128
0.14,0.71
0.127,-1.413
-0.087,-1.437
1.357,-0.954
-0.861,-0.733
-2.735,1.191
-3.001,1.749
-3.041,1.624
0.945,-0.987
0.245,-0.262
-0.107,0.321
-0.299,0.912
3.117,0.32
2.872,-1.73
1.763,-1.7
-2.017,-1.731
2.099,-2.133
1.377,-2.22
0.1,-2.282
-2.376,-2.235
-0.057,1.799
-0.112,1.001
-0.113,2.029
-0.172,0.015
-0.241,2.01
-0.354,-0.106
-0.357,1.249
-0.387,0.838
-0.328,1.243
-0.4,1.605
-0.403,1.568
-0.518,2.449
-0.612,0.178
-0.54,0.865
-0.608,1.551
-0.655,1.235
-0.602,0.582
-0.636,0.247
-0.755,0.671
-0.749,0.21
-0.809,-0.19
-0.82,0.84
-0.769,0.799
-0.867,-0.358
-0.789,3.046
-0.805,0.136
-0.819,1.792
-0.91,2.839
-0.96,1.195
-0.971,-0.581
-0.99,0.737
-1.064,1.631
-1.119,0.15
-1.083,0.87
-1.146,0.474
-1.195,2.475
-1.212,-0.703
-1.219,1.162
-1.156,2.223
-1.188,3.02
-1.239,-0.391
-1.345,-0.183
-1.328,-0.446
-1.386,2.882
-1.468,-0.84
-1.482,1.02
-1.514,1.911
-1.53,-0.444
-1.668,2.174
-1.662,1.491
-1.688,1.231
-1.762,0.919
-1.941,0.411
-2.146,-0.03
-2.156,0.288
-2.233,2.619
-2.306,1.203
-2.329,0.521
-2.318,2.91
-2.373,-0.066
-2.363,1.708
-2.405,2.036
-2.525,0.577
-2.527,1.56
-2.53,0.45
-2.705,-0.686
-2.791,0.593
-2.831,0.357
-2.867,1.268
-2.955,0.22
-2.951,0.758
-2.978,0.315
-3.058,-0.929
-3.064,1.172
3.133,2.509
-3.089,0.778
3.127,2.688
3.094,2.64
3.107,-0.79
3.025,1.4
3.014,0.669
2.995,1.578
2.981,0.793
3.024,2.088
2.938,1.337
3.006,0.325
2.926,0.642
2.836,0.509
2.872,2.337
2.795,0.759
2.346,-0.971
2.083,-1.289
1.998,-1.139
1.766,-1.172
0.98,-0.953
0.577,-1.013
0.22,-1.165
-0.546,-0.976
-0.634,-1.273
-0.753,-1.35
-0.86,-1.371
-0.926,-1.253
-1.347,-1.383
-1.772,-1.224
-2.114,-1.41
-2.367,-1.024
-2.926,-1.222
3.122,-1.224
2.034,3.076
1.92,3.185
1.161,2.991
-1.219,3.115
-1.349,3.193
-1.362,3.175
-1.501,3.168
-1.512,3.209
-2.429,2.847
2.908,3.108
2.638,0.226
2.14,0.536
1.428,0.611
3.061,0.855
2.947,-0.223
0.936,-1.245
-1.926,-1.327
2.728,1.599
2.774,1.124
2.599,2.935
2.599,0.272
2.657,0.053
2.504,2.127
2.343,0.093
2.265,1.471
2.383,1.41
2.217,0.674
2.064,1.478
1.9,-0.738
1.939,1.166
1.836,1.335
1.695,2.445
1.784,2.229
1.647,0.371
1.563,1.266
1.278,2.733
1.257,0.285
1.255,0.347
1.342,0.627
1.045,0.332
0.948,-0.337
0.949,1.299
0.775,2.726
0.853,2.004
0.697,2.472
0.657,2.306
0.637,0.141
0.62,0.436
0.684,1.546
0.546,0.029
0.509,-0.17
0.528,2.815
0.487,2.407
0.432,0.097
0.193,0.808
0.333,0.297
0.329,2.36
0.295,0.351
0.288,0.057
0.145,1.552
0.147,2.707
0.193,-0.122
-0.047,0.111
0.042,-0.214
-0.131,1.837
-0.098,1.18
-0.228,0.755
-0.186,0.831
-0.186,1.702
-0.363,2.889
-0.264,-0.182
-0.371,1.765
-0.462,0.434
-0.531,2.665
-0.631,-0.689
-0.76,1.862
-0.692,-0.134
-0.764,-0.908
-1.034,2.482
-1.093,2.2
-1.134,2.678
-1.159,0.743
-1.294,2.594
-1.377,2.118
-1.426,0.306
-2.071,2.927
-2.542,1.604
-2.552,1.703
-2.713,1.671
-3.132,-0.884
-3.118,-0.001
-3.014,0.499
-3.123,1.315
2.975,1.238
2.901,1.485
2.865,-0.841
2.842,-0.822
2.82,-0.141
2.79,-0.389
2.77,-0.16
2.839,-0.979
2.655,-1.124
2.633,-1.184
2.236,-1.195
1.425,-0.986
1.299,-1.007
1.104,-1.064
0.504,-1.271
-0.118,-1.294
-0.132,-1.168
-0.468,-1.338
-0.407,-1.257
-0.461,-1.215
-0.628,-1.02
-0.788,-1.358
-1.322,-1.359
-1.439,-1.18
-1.919,-1.271
-2.123,-1.063
-2.966,-1.257
-3.097,-1.041
-2.949,-1.265
1.024,3.004
0.65,3.09
-0.501,3.052
-1.796,3.172
-2.797,3.126
2.464,-0.219
2.066,-0.25
0.872,1.487
0.181,0.906
0.107,1.488
0.094,-0.635
-0.12,-0.659
1.324,-0.176
-0.894,0.045
-2.768,1.969
-3.034,2.527
-3.074,2.402
0.912,-0.209
0.212,0.516
-0.14,1.099
-0.332,1.69
3.084,1.098
2.839,-0.952
1.73,-0.922
-2.05,-0.953
2.066,-1.355
1.344,-1.442
0.067,-1.504
-2.409,-1.457
-0.055,-0.798
-0.056,0.23
-0.115,-1.784
-0.184,0.211
-0.297,-1.905
-0.3,-0.55
-0.33,-0.961
-0.271,-0.556
-0.343,-0.194
-0.346,-0.231
-0.461,0.65
-0.555,-1.621
-0.483,-0.934
-0.551,-0.248
-0.598,-0.564
-0.545,-1.217
-0.579,-1.552
-0.698,-1.128
-0.692,-1.589
-0.752,-1.989
-0.763,-0.959
-0.712,-1.0
-0.81,-2.157
-0.732,1.247
-0.748,-1.663
-0.762,-0.007
-0.853,1.04
-0.903,-0.604
-0.914,-2.38
-0.933,-1.062
-1.007,-0.168
-1.062,-1.649
-1.026,-0.929
-1.089,-1.325
-1.138,0.676
-1.155,-2.502
-1.162,-0.637
-1.099,0.424
-1.131,1.221
-1.182,-2.19
-1.288,-1.982
-1.271,-2.245
-1.329,1.083
-1.411,-2.639
-1.425,-0.779
-1.457,0.112
-1.473,-2.243
-1.611,0.375
-1.605,-0.308
-1.631,-0.568
-1.705,-0.88
-1.884,-1.388
-2.089,-1.829
-2.099,-1.511
-2.176,0.82
-2.249,-0.596
-2.272,-1.278
-2.261,1.111
-2.316,-1.865
-2.306,-0.091
-2.348,0.237
-2.468,-1.222
-2.47,-0.239
-2.473,-1.349
-2.648,-2.485
-2.734,-1.206
-2.774,-1.442
-2.81,-0.531
-2.898,-1.579
-2.894,-1.041
-2.921,-1.484
-3.001,-2.728
-3.007,-0.627
-3.093,0.71
-3.032,-1.021
-3.099,0.889
-3.132,0.841
-3.119,-2.589
3.082,-0.399
3.071,-1.13
3.052,-0.221
3.038,-1.006
3.081,0.289
2.995,-0.462
3.063,-1.474
2.983,-1.157
2.893,-1.29
2.929,0.538
2.852,-1.04
2.403,-2.77
2.14,-3.088
2.055,-2.938
1.823,-2.971
1.037,-2.752
0.634,-2.812
0.277,-2.964
-0.489,-2.775
-0.577,-3.072
-0.696,-3.149
-0.803,-3.17
-0.869,-3.052
-1.29,-3.182
-1.715,-3.023
-2.057,-3.209
-2.31,-2.823
-2.869,-3.021
-3.104,-3.023
2.091,1.277
1.977,1.386
1.218,1.192
-1.162,1.316
-1.292,1.394
-1.305,1.376
-1.444,1.369
-1.455,1.41
-2.372,1.048
2.965,1.309
2.695,-1.573
2.197,-1.263
1.485,-1.188
3.118,-0.944
3.004,-2.022
0.993,-3.044
-1.869,-3.126
2.785,-0.2
2.831,-0.675
2.656,1.136
2.656,-1.527
2.714,-1.746
2.561,0.328
2.4,-1.706
2.322,-0.328
2.44,-0.389
2.274,-1.125
2.121,-0.321
1.957,-2.537
1.996,-0.633
1.893,-0.464
1.752,0.646
1.841,0.43
1.704,-1.428
1.62,-0.533
1.335,0.934
1.314,-1.514
1.312,-1.452
1.399,-1.172
1.102,-1.467
1.005,-2.136
1.006,-0.5
0.832,0.927
0.91,0.205
0.754,0.673
0.714,0.507
0.694,-1.658
0.677,-1.363
0.741,-0.253
0.603,-1.77
0.566,-1.969
0.585,1.016
0.544,0.608
0.489,-1.702
0.25,-0.991
0.39,-1.502
0.386,0.561
0.352,-1.448
0.345,-1.742
0.202,-0.247
0.204,0.908
0.25,-1.921
0.01,-1.688
0.099,-2.013
-0.074,0.038
-0.041,-0.619
-0.171,-1.044
-0.129,-0.968
-0.129,-0.097
-0.306,1.09
-0.207,-1.981
-0.314,-0.034
-0.405,-1.365
-0.474,0.866
-0.574,-2.488
-0.703,0.063
-0.635,-1.933
-0.707,-2.707
-0.977,0.683
-1.036,0.401
-1.077,0.879
-1.102,-1.056
-1.237,0.795
-1.32,0.319
-1.369,-1.493
-2.014,1.128
-2.485,-0.195
-2.495,-0.096
-2.656,-0.128
-3.075,-2.683
-3.061,-1.8
-2.957,-1.3
-3.066,-0.484
3.032,-0.561
2.958,-0.314
2.922,-2.64
2.899,-2.621
2.877,-1.94
2.847,-2.188
2.827,-1.959
2.896,-2.778
2.712,-2.923
2.69,-2.983
2.293,-2.994
1.482,-2.785
1.356,-2.806
1.161,-2.863
0.561,-3.07
-0.061,-3.093
-0.075,-2.967
-0.411,-3.137
-0.35,-3.056
-0.404,-3.014
-0.571,-2.819
-0.731,-3.157
-1.265,-3.158
-1.382,-2.979
-1.862,-3.07
-2.066,-2.862
-2.909,-3.056
-3.04,-2.84
-2.892,-3.064
1.081,1.205
0.707,1.291
-0.444,1.253
-1.739,1.373
-2.74,1.327
2.521,-2.018
2.123,-2.049
0.929,-0.312
0.238,-0.893
0.164,-0.311
0.151,-2.434
-0.063,-2.458
1.381,-1.975
-0.837,-1.754
-2.711,0.17
-2.977,0.728
-3.017,0.603
0.969,-2.008
0.269,-1.283
-0.083,-0.7
-0.275,-0.109
3.141,-0.701
2.896,-2.751
1.787,-2.721
-1.993,-2.752
2.123,-3.154
1.401,-3.241
0.124,-3.303
-2.352,-3.256
-0.001,1.028
-0.06,-0.986
-0.129,1.009
-0.242,-1.107
-0.245,0.248
-0.275,-0.163
-0.216,0.242
-0.288,0.604
-0.291,0.567
-0.406,1.448
-0.5,-0.823
-0.428,-0.136
-0.496,0.55
-0.543,0.234
-0.49,-0.419
-0.524,-0.754
-0.643,-0.33
-0.637,-0.791
-0.697,-1.191
-0.708,-0.161
-0.657,-0.202
-0.755,-1.359
-0.677,2.045
-0.693,-0.865
-0.707,0.791
-0.798,1.838
-0.848,0.194
-0.859,-1.582
-0.878,-0.264
-0.952,0.63
-1.007,-0.851
-0.971,-0.131
-1.034,-0.527
-1.083,1.474
-1.1,-1.704
-1.107,0.161
-1.044,1.222
-1.076,2.019
-1.127,-1.392
-1.233,-1.184
-1.216,-1.447
-1.274,1.881
-1.356,-1.841
-1.37,0.019
-1.402,0.91
-1.418,-1.445
-1.556,1.173
-1.55,0.49
-1.576,0.23
-1.65,-0.082
-1.829,-0.59
-2.034,-1.031
-2.044,-0.713
-2.121,1.618
-2.194,0.202
-2.217,-0.48
-2.206,1.909
-2.261,-1.067
-2.251,0.707
-2.293,1.035
-2.413,-0.424
-2.415,0.559
-2.418,-0.551
-2.593,-1.687
-2.679,-0.408
-2.719,-0.644
-2.755,0.267
-2.843,-0.781
-2.839,-0.243
-2.866,-0.686
-2.946,-1.93
-2.952,0.171
-3.038,1.508
-2.977,-0.223
-3.044,1.687
-3.077,1.639
-3.064,-1.791
3.137,0.399
3.126,-0.332
3.107,0.577
3.093,-0.208
3.136,1.087
3.05,0.336
3.118,-0.676
3.038,-0.359
2.948,-0.492
2.984,1.336
2.907,-0.242
2.458,-1.972
2.195,-2.29
2.11,-2.14
1.878,-2.173
1.092,-1.954
0.689,-2.014
0.332,-2.166
-0.434,-1.977
-0.522,-2.274
-0.641,-2.351
-0.748,-2.372
-0.814,-2.254
-1.235,-2.384
-1.66,-2.225
-2.002,-2.411
-2.255,-2.025
-2.814,-2.223
-3.049,-2.225
2.146,2.075
2.032,2.184
1.273,1.99
-1.107,2.114
-1.237,2.192
-1.25,2.174
-1.389,2.167
-1.4,2.208
-2.317,1.846
3.02,2.107
2.75,-0.775
2.252,-0.465
1.54,-0.39
-3.11,-0.146
3.059,-1.224
1.048,-2.246
-1.814,-2.328
2.84,0.598
2.886,0.123
2.711,1.934
2.711,-0.729
2.769,-0.948
2.616,1.126
2.455,-0.908
2.377,0.47
2.495,0.409
2.329,-0.327
2.176,0.477
2.012,-1.739
2.051,0.165
1.948,0.334
1.807,1.444
1.896,1.228
1.759,-0.63
1.675,0.265
1.39,1.732
1.369,-0.716
1.367,-0.654
1.454,-0.374
1.157,-0.669
1.06,-1.338
1.061,0.298
0.887,1.725
0.965,1.003
0.809,1.471
0.769,1.305
0.749,-0.86
0.732,-0.565
0.796,0.545
0.658,-0.972
0.621,-1.171
0.64,1.814
0.599,1.406
0.544,-0.904
0.305,-0.193
0.445,-0.704
0.441,1.359
0.407,-0.65
0.4,-0.944
0.257,0.551
0.259,1.706
0.305,-1.123
0.065,-0.89
0.154,-1.215
-0.019,0.836
0.014,0.179
-0.116,-0.246
-0.074,-0.17
-0.074,0.701
-0.251,1.888
-0.152,-1.183
-0.259,0.764
-0.35,-0.567
-0.419,1.664
-0.519,-1.69
-0.648,0.861
-0.58,-1.135
-0.652,-1.909
-0.922,1.481
-0.981,1.199
-1.022,1.677
-1.047,-0.258
-1.182,1.593
-1.265,1.117
-1.314,-0.695
-1.959,1.926
-2.43,0.603
-2.44,0.702
-2.601,0.67
-3.02,-1.885
-3.006,-1.002
-2.902,-0.502
-3.011,0.314
3.087,0.237
3.013,0.484
2.977,-1.842
2.954,-1.823
2.932,-1.142
2.902,-1.39
2.882,-1.161
2.951,-1.98
2.767,-2.125
2.745,-2.185
2.348,-2.196
1.537,-1.987
1.411,-2.008
1.216,-2.065
0.616,-2.272
-0.006,-2.295
-0.02,-2.169
-0.356,-2.339
-0.295,-2.258
-0.349,-2.216
-0.516,-2.021
-0.676,-2.359
-1.21,-2.36
-1.327,-2.181
-1.807,-2.272
-2.011,-2.064
-2.854,-2.258
-2.985,-2.042
-2.837,-2.266
1.136,2.003
0.762,2.089
-0.389,2.051
-1.684,2.171
-2.685,2.125
2.576,-1.22
2.178,-1.251
0.984,0.486
0.293,-0.095
0.219,0.487
0.206,-1.636
-0.008,-1.66
1.436,-1.177
-0.782,-0.956
-2.656,0.968
-2.922,1.526
-2.962,1.401
1.024,-1.21
0.324,-0.485
-0.028,0.098
-0.22,0.689
-3.087,0.097
2.951,-1.953
1.842,-1.923
-1.938,-1.954
2.178,-2.356
1.456,-2.443
0.179,-2.505
-2.297,-2.458
-0.059,-2.014
-0.128,-0.019
-0.241,-2.135
-0.244,-0.78
-0.274,-1.191
-0.215,-0.786
-0.287,-0.424
-0.29,-0.461
-0.405,0.42
-0.499,-1.851
-0.427,-1.164
-0.495,-0.478
-0.542,-0.794
-0.489,-1.447
-0.523,-1.782
-0.642,-1.358
-0.636,-1.819
-0.696,-2.219
-0.707,-1.189
-0.656,-1.23
-0.754,-2.387
-0.676,1.017
-0.692,-1.893
-0.706,-0.237
-0.797,0.81
-0.847,-0.834
-0.858,-2.61
-0.877,-1.292
-0.951,-0.398
-1.006,-1.879
-0.97,-1.159
-1.033,-1.555
-1.082,0.446
-1.099,-2.732
-1.106,-0.867
-1.043,0.194
-1.075,0.991
-1.126,-2.42
-1.232,-2.212
-1.215,-2.475
-1.273,0.853
-1.355,-2.869
-1.369,-1.009
-1.401,-0.118
-1.417,-2.473
-1.555,0.145
-1.549,-0.538
-1.575,-0.798
-1.649,-1.11
-1.828,-1.618
-2.033,-2.059
-2.043,-1.741
-2.12,0.59
-2.193,-0.826
-2.216,-1.508
-2.205,0.881
-2.26,-2.095
-2.25,-0.321
-2.292,0.007
-2.412,-1.452
-2.414,-0.469
-2.417,-1.579
-2.592,-2.715
-2.678,-1.436
-2.718,-1.672
-2.754,-0.761
-2.842,-1.809
-2.838,-1.271
-2.865,-1.714
-2.945,-2.958
-2.951,-0.857
-3.037,0.48
-2.976,-1.251
-3.043,0.659
-3.076,0.611
-3.063,-2.819
3.138,-0.629
3.127,-1.36
3.108,-0.451
3.094,-1.236
3.137,0.059
3.051,-0.692
3.119,-1.704
3.039,-1.387
2.949,-1.52
2.985,0.308
2.908,-1.27
2.459,-3.0
2.196,-3.318
2.111,-3.168
1.879,-3.201
1.093,-2.982
0.69,-3.042
0.333,-3.194
-0.433,-3.005
-0.521,-3.302
-0.64,-3.379
-0.747,-3.4
-0.813,-3.282
-1.234,-3.412
-1.659,-3.253
-2.001,-3.439
-2.254,-3.053
-2.813,-3.251
-3.048,-3.253
2.147,1.047
2.033,1.156
1.274,0.962
-1.106,1.086
-1.236,1.164
-1.249,1.146
-1.388,1.139
-1.399,1.18
-2.316,0.818
3.021,1.079
2.751,-1.803
2.253,-1.493
1.541,-1.418
-3.109,-1.174
3.06,-2.252
1.049,-3.274
-1.813,-3.356
2.841,-0.43
2.887,-0.905
2.712,0.906
2.712,-1.757
2.77,-1.976
2.617,0.098
2.456,-1.936
2.378,-0.558
2.496,-0.619
2.33,-1.355
2.177,-0.551
2.013,-2.767
2.052,-0.863
1.949,-0.694
1.808,0.416
1.897,0.2
1.76,-1.658
1.676,-0.763
1.391,0.704
1.37,-1.744
1.368,-1.682
1.455,-1.402
1.158,-1.697
1.061,-2.366
1.062,-0.73
0.888,0.697
0.966,-0.025
0.81,0.443
0.77,0.277
0.75,-1.888
0.733,-1.593
0.797,-0.483
0.659,-2.0
0.622,-2.199
0.641,0.786
0.6,0.378
0.545,-1.932
0.306,-1.221
0.446,-1.732
0.442,0.331
0.408,-1.678
0.401,-1.972
0.258,-0.477
0.26,0.678
0.306,-2.151
0.066,-1.918
0.155,-2.243
-0.018,-0.192
0.015,-0.849
-0.115,-1.274
-0.073,-1.198
-0.073,-0.327
-0.25,0.86
-0.151,-2.211
-0.258,-0.264
-0.349,-1.595
-0.418,0.636
-0.518,-2.718
-0.647,-0.167
-0.579,-2.163
-0.651,-2.937
-0.921,0.453
-0.98,0.171
-1.021,0.649
-1.046,-1.286
-1.181,0.565
-1.264,0.089
-1.313,-1.723
-1.958,0.898
-2.429,-0.425
-2.439,-0.326
-2.6,-0.358
-3.019,-2.913
-3.005,-2.03
-2.901,-1.53
-3.01,-0.714
3.088,-0.791
3.014,-0.544
2.978,-2.87
2.955,-2.851
2.933,-2.17
2.903,-2.418
2.883,-2.189
2.952,-3.008
2.768,-3.153
2.746,-3.213
2.349,-3.224
1.538,-3.015
1.412,-3.036
1.217,-3.093
0.617,-3.3
-0.005,-3.323
-0.019,-3.197
-0.355,-3.367
-0.294,-3.286
-0.348,-3.244
-0.515,-3.049
-0.675,-3.387
-1.209,-3.388
-1.326,-3.209
-1.806,-3.3
-2.01,-3.092
-2.853,-3.286
-2.984,-3.07
-2.836,-3.294
1.137,0.975
0.763,1.061
-0.388,1.023
-1.683,1.143
-2.684,1.097
2.577,-2.248
2.179,-2.279
0.985,-0.542
0.294,-1.123
0.22,-0.541
0.207,-2.664
-0.007,-2.688
1.437,-2.205
-0.781,-1.984
-2.655,-0.06
-2.921,0.498
-2.961,0.373
1.025,-2.238
0.325,-1.513
-0.027,-0.93
-0.219,-0.339
-3.086,-0.931
2.952,-2.981
1.843,-2.951
-1.937,-2.982
2.179,-3.384
1.457,-3.471
0.18,-3.533
-2.296,-3.486
-0.069,1.995
-0.182,-0.121
-0.185,1.234
-0.215,0.823
-0.156,1.228
-0.228,1.59
-0.231,1.553
-0.346,2.434
-0.44,0.163
-0.368,0.85
-0.436,1.536
-0.483,1.22
-0.43,0.567
-0.464,0.232
-0.583,0.656
-0.577,0.195
-0.637,-0.205
-0.648,0.825
-0.597,0.784
-0.695,-0.373
-0.617,3.031
-0.633,0.121
-0.647,1.777
-0.738,2.824
-0.788,1.18
-0.799,-0.596
-0.818,0.722
-0.892,1.616
-0.947,0.135
-0.911,0.855
-0.974,0.459
-1.023,2.46
-1.04,-0.718
-1.047,1.147
-0.984,2.208
-1.016,3.005
-1.067,-0.406
-1.173,-0.198
-1.156,-0.461
-1.214,2.867
-1.296,-0.855
-1.31,1.005
-1.342,1.896
-1.358,-0.459
-1.496,2.159
-1.49,1.476
-1.516,1.216
-1.59,0.904
-1.769,0.396
-1.974,-0.045
-1.984,0.273
-2.061,2.604
-2.134,1.188
-2.157,0.506
-2.146,2.895
-2.201,-0.081
-2.191,1.693
-2.233,2.021
-2.353,0.562
-2.355,1.545
-2.358,0.435
-2.533,-0.701
-2.619,0.578
-2.659,0.342
-2.695,1.253
-2.783,0.205
-2.779,0.743
-2.806,0.3
-2.886,-0.944
-2.892,1.157
-2.978,2.494
-2.917,0.763
-2.984,2.673
-3.017,2.625
-3.004,-0.805
-3.086,1.385
-3.097,0.654
-3.116,1.563
-3.13,0.778
-3.087,2.073
3.11,1.322
-3.105,0.31
3.098,0.627
3.008,0.494
3.044,2.322
2.967,0.744
2.518,-0.986
2.255,-1.304
2.17,-1.154
1.938,-1.187
1.152,-0.968
0.749,-1.028
0.392,-1.18
-0.374,-0.991
-0.462,-1.288
-0.581,-1.365
-0.688,-1.386
-0.754,-1.268
-1.175,-1.398
-1.6,-1.239
-1.942,-1.425
-2.195,-1.039
-2.754,-1.237
-2.989,-1.239
2.206,3.061
2.092,3.17
1.333,2.976
-1.047,3.1
-1.177,3.178
-1.19,3.16
-1.329,3.153
-1.34,3.194
-2.257,2.832
3.08,3.093
2.81,0.211
2.312,0.521
1.6,0.596
-3.05,0.84
3.119,-0.238
1.108,-1.26
-1.754,-1.342
2.9,1.584
2.946,1.109
2.771,2.92
2.771,0.257
2.829,0.038
2.676,2.112
2.515,0.078
2.437,1.456
2.555,1.395
2.389,0.659
2.236,1.463
2.072,-0.753
2.111,1.151
2.008,1.32
1.867,2.43
1.956,2.214
1.819,0.356
1.735,1.251
1.45,2.718
1.429,0.27
1.427,0.332
1.514,0.612
1.217,0.317
1.12,-0.352
1.121,1.284
0.947,2.711
1.025,1.989
0.869,2.457
0.829,2.291
0.809,0.126
0.792,0.421
0.856,1.531
0.718,0.014
0.681,-0.185
0.7,2.8
0.659,2.392
0.604,0.082
0.365,0.793
0.505,0.282
0.501,2.345
0.467,0.336
0.46,0.042
0.317,1.537
0.319,2.692
0.365,-0.137
0.125,0.096
0.214,-0.229
0.041,1.822
0.074,1.165
-0.056,0.74
-0.014,0.816
-0.014,1.687
-0.191,2.874
-0.092,-0.197
-0.199,1.75
-0.29,0.419
-0.359,2.65
-0.459,-0.704
-0.588,1.847
-0.52,-0.149
-0.592,-0.923
-0.862,2.467
-0.921,2.185
-0.962,2.663
-0.987,0.728
-1.122,2.579
-1.205,2.103
-1.254,0.291
-1.899,2.912
-2.37,1.589
-2.38,1.688
-2.541,1.656
-2.96,-0.899
-2.946,-0.016
-2.842,0.484
-2.951,1.3
-3.136,1.223
3.073,1.47
3.037,-0.856
3.014,-0.837
2.992,-0.156
2.962,-0.404
2.942,-0.175
3.011,-0.994
2.827,-1.139
2.805,-1.199
2.408,-1.21
1.597,-1.001
1.471,-1.022
1.276,-1.079
0.676,-1.286
0.054,-1.309
0.04,-1.183
-0.296,-1.353
-0.235,-1.272
-0.289,-1.23
-0.456,-1.035
-0.616,-1.373
-1.15,-1.374
-1.267,-1.195
-1.747,-1.286
-1.951,-1.078
-2.794,-1.272
-2.925,-1.056
-2.777,-1.28
1.196,2.989
0.822,3.075
-0.329,3.037
-1.624,3.157
-2.625,3.111
2.636,-0.234
2.238,-0.265
1.044,1.472
0.353,0.891
0.279,1.473
0.266,-0.65
0.052,-0.674
1.496,-0.191
-0.722,0.03
-2.596,1.954
-2.862,2.512
-2.902,2.387
1.084,-0.224
0.384,0.501
0.032,1.084
-0.16,1.675
-3.027,1.083
3.011,-0.967
1.902,-0.937
-1.878,-0.968
2.238,-1.37
1.516,-1.457
0.239,-1.519
-2.237,-1.472
-0.113,-2.116
-0.116,-0.761
-0.146,-1.172
-0.087,-0.767
-0.159,-0.405
-0.162,-0.442
-0.277,0.439
-0.371,-1.832
-0.299,-1.145
-0.367,-0.459
-0.414,-0.775
-0.361,-1.428
-0.395,-1.763
-0.514,-1.339
-0.508,-1.8
-0.568,-2.2
-0.579,-1.17
-0.528,-1.211
-0.626,-2.368
-0.548,1.036
-0.564,-1.874
-0.578,-0.218
-0.669,0.829
-0.719,-0.815
-0.73,-2.591
-0.749,-1.273
-0.823,-0.379
-0.878,-1.86
-0.842,-1.14
-0.905,-1.536
-0.954,0.465
-0.971,-2.713
-0.978,-0.848
-0.915,0.213
-0.947,1.01
-0.998,-2.401
-1.104,-2.193
-1.087,-2.456
-1.145,0.872
-1.227,-2.85
-1.241,-0.99
-1.273,-0.099
-1.289,-2.454
-1.427,0.164
-1.421,-0.519
-1.447,-0.779
-1.521,-1.091
-1.7,-1.599
-1.905,-2.04
-1.915,-1.722
-1.992,0.609
-2.065,-0.807
-2.088,-1.489
-2.077,0.9
-2.132,-2.076
-2.122,-0.302
-2.164,0.026
-2.284,-1.433
-2.286,-0.45
-2.289,-1.56
-2.464,-2.696
-2.55,-1.417
-2.59,-1.653
-2.626,-0.742
-2.714,-1.79
-2.71,-1.252
-2.737,-1.695
-2.817,-2.939
-2.823,-0.838
-2.909,0.499
-2.848,-1.232
-2.915,0.678
-2.948,0.63
-2.935,-2.8
-3.017,-0.61
-3.028,-1.341
-3.047,-0.432
-3.061,-1.217
-3.018,0.078
-3.104,-0.673
-3.036,-1.685
-3.116,-1.368
3.077,-1.501
3.113,0.327
3.036,-1.251
2.587,-2.981
2.324,-3.299
2.239,-3.149
2.007,-3.182
1.221,-2.963
0.818,-3.023
0.461,-3.175
-0.305,-2.986
-0.393,-3.283
-0.512,-3.36
-0.619,-3.381
-0.685,-3.263
-1.106,-3.393
-1.531,-3.234
-1.873,-3.42
-2.126,-3.034
-2.685,-3.232
-2.92,-3.234
2.275,1.066
2.161,1.175
1.402,0.981
-0.978,1.105
-1.108,1.183
-1.121,1.165
-1.26,1.158
-1.271,1.199
-2.188,0.837
-3.134,1.098
2.879,-1.784
2.381,-1.474
1.669,-1.399
-2.981,-1.155
-3.095,-2.233
1.177,-3.255
-1.685,-3.337
2.969,-0.411
3.015,-0.886
2.84,0.925
2.84,-1.738
2.898,-1.957
2.745,0.117
2.584,-1.917
2.506,-0.539
2.624,-0.6
2.458,-1.336
2.305,-0.532
2.141,-2.748
2.18,-0.844
2.077,-0.675
1.936,0.435
2.025,0.219
1.888,-1.639
1.804,-0.744
1.519,0.723
1.498,-1.725
1.496,-1.663
1.583,-1.383
1.286,-1.678
1.189,-2.347
1.19,-0.711
1.016,0.716
1.094,-0.006
0.938,0.462
0.898,0.296
0.878,-1.869
0.861,-1.574
0.925,-0.464
0.787,-1.981
0.75,-2.18
0.769,0.805
0.728,0.397
0.673,-1.913
0.434,-1.202
0.574,-1.713
0.57,0.35
0.536,-1.659
0.529,-1.953
0.386,-0.458
0.388,0.697
0.434,-2.132
0.194,-1.899
0.283,-2.224
0.11,-0.173
0.143,-0.83
0.013,-1.255
0.055,-1.179
0.055,-0.308
-0.122,0.879
-0.023,-2.192
-0.13,-0.245
-0.221,-1.576
-0.29,0.655
-0.39,-2.699
-0.519,-0.148
-0.451,-2.144
-0.523,-2.918
-0.793,0.472
-0.852,0.19
-0.893,0.668
-0.918,-1.267
-1.053,0.584
-1.136,0.108
-1.185,-1.704
-1.83,0.917
-2.301,-0.406
-2.311,-0.307
-2.472,-0.339
-2.891,-2.894
-2.877,-2.011
-2.773,-1.511
-2.882,-0.695
-3.067,-0.772
-3.141,-0.525
3.106,-2.851
3.083,-2.832
3.061,-2.151
3.031,-2.399
3.011,-2.17
3.08,-2.989
2.896,-3.134
2.874,-3.194
2.477,-3.205
1.666,-2.996
1.54,-3.017
1.345,-3.074
0.745,-3.281
0.123,-3.304
0.109,-3.178
-0.227,-3.348
-0.166,-3.267
-0.22,-3.225
-0.387,-3.03
-0.547,-3.368
-1.081,-3.369
-1.198,-3.19
-1.678,-3.281
-1.882,-3.073
-2.725,-3.267
-2.856,-3.051
-2.708,-3.275
1.265,0.994
0.891,1.08
-0.26,1.042
-1.555,1.162
-2.556,1.116
2.705,-2.229
2.307,-2.26
1.113,-0.523
0.422,-1.104
0.348,-0.522
0.335,-2.645
0.121,-2.669
1.565,-2.186
-0.653,-1.965
-2.527,-0.041
-2.793,0.517
-2.833,0.392
1.153,-2.219
0.453,-1.494
0.101,-0.911
-0.091,-0.32
-2.958,-0.912
3.08,-2.962
1.971,-2.932
-1.809,-2.963
2.307,-3.365
1.585,-3.452
0.308,-3.514
-2.168,-3.467
-0.003,1.355
-0.033,0.944
0.026,1.349
-0.046,1.711
-0.049,1.674
-0.164,2.555
-0.258,0.284
-0.186,0.971
-0.254,1.657
-0.301,1.341
-0.248,0.688
-0.282,0.353
-0.401,0.777
-0.395,0.316
-0.455,-0.084
-0.466,0.946
-0.415,0.905
-0.513,-0.252
-0.435,3.152
-0.451,0.242
-0.465,1.898
-0.556,2.945
-0.606,1.301
-0.617,-0.475
-0.636,0.843
-0.71,1.737
-0.765,0.256
-0.729,0.976
-0.792,0.58
-0.841,2.581
-0.858,-0.597
-0.865,1.268
-0.802,2.329
-0.834,3.126
-0.885,-0.285
-0.991,-0.077
-0.974,-0.34
-1.032,2.988
-1.114,-0.734
-1.128,1.126
-1.16,2.017
-1.176,-0.338
-1.314,2.28
-1.308,1.597
-1.334,1.337
-1.408,1.025
-1.587,0.517
-1.792,0.076
-1.802,0.394
-1.879,2.725
-1.952,1.309
-1.975,0.627
-1.964,3.016
-2.019,0.04
-2.009,1.814
-2.051,2.142
-2.171,0.683
-2.173,1.666
-2.176,0.556
-2.351,-0.58
-2.437,0.699
-2.477,0.463
-2.513,1.374
-2.601,0.326
-2.597,0.864
-2.624,0.421
-2.704,-0.823
-2.71,1.278
-2.796,2.615
-2.735,0.884
-2.802,2.794
-2.835,2.746
-2.822,-0.684
-2.904,1.506
-2.915,0.775
-2.934,1.684
-2.948,0.899
-2.905,2.194
-2.991,1.443
-2.923,0.431
-3.003,0.748
-3.093,0.615
-3.057,2.443
-3.134,0.865
2.7,-0.865
2.437,-1.183
2.352,-1.033
2.12,-1.066
1.334,-0.847
0.931,-0.907
0.574,-1.059
-0.192,-0.87
-0.28,-1.167
-0.399,-1.244
-0.506,-1.265
-0.572,-1.147
-0.993,-1.277
-1.418,-1.118
-1.76,-1.304
-2.013,-0.918
-2.572,-1.116
-2.807,-1.118
2.388,3.182
2.274,3.291
1.515,3.097
-0.865,3.221
-0.995,3.299
-1.008,3.281
-1.147,3.274
-1.158,3.315
-2.075,2.953
-3.021,3.214
2.992,0.332
2.494,0.642
1.782,0.717
-2.868,0.961
-2.982,-0.117
1.29,-1.139
-1.572,-1.221
3.082,1.705
3.128,1.23
2.953,3.041
2.953,0.378
3.011,0.159
2.858,2.233
2.697,0.199
2.619,1.577
2.737,1.516
2.571,0.78
2.418,1.584
2.254,-0.632
2.293,1.272
2.19,1.441
2.049,2.551
2.138,2.335
2.001,0.477
1.917,1.372
1.632,2.839
1.611,0.391
1.609,0.453
1.696,0.733
1.399,0.438
1.302,-0.231
1.303,1.405
1.129,2.832
1.207,2.11
1.051,2.578
1.011,2.412
0.991,0.247
0.974,0.542
1.038,1.652
0.9,0.135
0.863,-0.064
0.882,2.921
0.841,2.513
0.786,0.203
0.547,0.914
0.687,0.403
0.683,2.466
0.649,0.457
0.642,0.163
0.499,1.658
0.501,2.813
0.547,-0.016
0.307,0.217
0.396,-0.108
0.223,1.943
0.256,1.286
0.126,0.861
0.168,0.937
0.168,1.808
-0.009,2.995
0.09,-0.076
-0.017,1.871
-0.108,0.54
-0.177,2.771
-0.277,-0.583
-0.406,1.968
-0.338,-0.028
-0.41,-0.802
-0.68,2.588
-0.739,2.306
-0.78,2.784
-0.805,0.849
-0.94,2.7
-1.023,2.224
-1.072,0.412
-1.717,3.033
-2.188,1.71
-2.198,1.809
-2.359,1.777
-2.778,-0.778
-2.764,0.105
-2.66,0.605
-2.769,1.421
-2.954,1.344
-3.028,1.591
-3.064,-0.735
-3.087,-0.716
-3.109,-0.035
-3.139,-0.283
3.124,-0.054
-3.09,-0.873
3.009,-1.018
2.987,-1.078
2.59,-1.089
1.779,-0.88
1.653,-0.901
1.458,-0.958
0.858,-1.165
0.236,-1.188
0.222,-1.062
-0.114,-1.232
-0.053,-1.151
-0.107,-1.109
-0.274,-0.914
-0.434,-1.252
-0.968,-1.253
-1.085,-1.074
-1.565,-1.165
-1.769,-0.957
-2.612,-1.151
-2.743,-0.935
-2.595,-1.159
1.378,3.11
1.004,3.196
-0.147,3.158
-1.442,3.278
-2.443,3.232
2.818,-0.113
2.42,-0.144
1.226,1.593
0.535,1.012
0.461,1.594
0.448,-0.529
0.234,-0.553
1.678,-0.07
-0.54,0.151
-2.414,2.075
-2.68,2.633
-2.72,2.508
1.266,-0.103
0.566,0.622
0.214,1.205
0.022,1.796
-2.845,1.204
-3.09,-0.846
2.084,-0.816
-1.696,-0.847
2.42,-1.249
1.698,-1.336
0.421,-1.398
-2.055,-1.351
-0.03,-0.411
0.029,-0.006
-0.043,0.356
-0.046,0.319
-0.161,1.2
-0.255,-1.071
-0.183,-0.384
-0.251,0.302
-0.298,-0.014
-0.245,-0.667
-0.279,-1.002
-0.398,-0.578
-0.392,-1.039
-0.452,-1.439
-0.463,-0.409
-0.412,-0.45
-0.51,-1.607
-0.432,1.797
-0.448,-1.113
-0.462,0.543
-0.553,1.59
-0.603,-0.054
-0.614,-1.83
-0.633,-0.512
-0.707,0.382
-0.762,-1.099
-0.726,-0.379
-0.789,-0.775
-0.838,1.226
-0.855,-1.952
-0.862,-0.087
-0.799,0.974
-0.831,1.771
-0.882,-1.64
-0.988,-1.432
-0.971,-1.695
-1.029,1.633
-1.111,-2.089
-1.125,-0.229
-1.157,0.662
-1.173,-1.693
-1.311,0.925
-1.305,0.242
-1.331,-0.018
-1.405,-0.33
-1.584,-0.838
-1.789,-1.279
-1.799,-0.961
-1.876,1.37
-1.949,-0.046
-1.972,-0.728
-1.961,1.661
-2.016,-1.315
-2.006,0.459
-2.048,0.787
-2.168,-0.672
-2.17,0.311
-2.173,-0.799
-2.348,-1.935
-2.434,-0.656
-2.474,-0.892
-2.51,0.019
-2.598,-1.029
-2.594,-0.491
-2.621,-0.934
-2.701,-2.178
-2.707,-0.077
-2.793,1.26
-2.732,-0.471
-2.799,1.439
-2.832,1.391
-2.819,-2.039
-2.901,0.151
-2.912,-0.58
-2.931,0.329
-2.945,-0.456
-2.902,0.839
-2.988,0.088
-2.92,-0.924
-3.0,-0.607
-3.09,-0.74
-3.054,1.088
-3.131,-0.49
2.703,-2.22
2.44,-2.538
2.355,-2.388
2.123,-2.421
1.337,-2.202
0.934,-2.262
0.577,-2.414
-0.189,-2.225
-0.277,-2.522
-0.396,-2.599
-0.503,-2.62
-0.569,-2.502
-0.99,-2.632
-1.415,-2.473
-1.757,-2.659
-2.01,-2.273
-2.569,-2.471
-2.804,-2.473
2.391,1.827
2.277,1.936
1.518,1.742
-0.862,1.866
-0.992,1.944
-1.005,1.926
-1.144,1.919
-1.155,1.96
-2.072,1.598
-3.018,1.859
2.995,-1.023
2.497,-0.713
1.785,-0.638
-2.865,-0.394
-2.979,-1.472
1.293,-2.494
-1.569,-2.576
3.085,0.35
3.131,-0.125
2.956,1.686
2.956,-0.977
3.014,-1.196
2.861,0.878
2.7,-1.156
2.622,0.222
2.74,0.161
2.574,-0.575
2.421,0.229
2.257,-1.987
2.296,-0.083
2.193,0.086
2.052,1.196
2.141,0.98
2.004,-0.878
1.92,0.017
1.635,1.484
1.614,-0.964
1.612,-0.902
1.699,-0.622
1.402,-0.917
1.305,-1.586
1.306,0.05
1.132,1.477
1.21,0.755
1.054,1.223
1.014,1.057
0.994,-1.108
0.977,-0.813
1.041,0.297
0.903,-1.22
0.866,-1.419
0.885,1.566
0.844,1.158
0.789,-1.152
0.55,-0.441
0.69,-0.952
0.686,1.111
0.652,-0.898
0.645,-1.192
0.502,0.303
0.504,1.458
0.55,-1.371
0.31,-1.138
0.399,-1.463
0.226,0.588
0.259,-0.069
0.129,-0.494
0.171,-0.418
0.171,0.453
-0.006,1.64
0.093,-1.431
-0.014,0.516
-0.105,-0.815
-0.174,1.416
-0.274,-1.938
-0.403,0.613
-0.335,-1.383
-0.407,-2.157
-0.677,1.233
-0.736,0.951
-0.777,1.429
-0.802,-0.506
-0.937,1.345
-1.02,0.869
-1.069,-0.943
-1.714,1.678
-2.185,0.355
-2.195,0.454
-2.356,0.422
-2.775,-2.133
-2.761,-1.25
-2.657,-0.75
-2.766,0.066
-2.951,-0.011
-3.025,0.236
-3.061,-2.09
-3.084,-2.071
-3.106,-1.39
-3.136,-1.638
3.127,-1.409
-3.087,-2.228
3.012,-2.373
2.99,-2.433
2.593,-2.444
1.782,-2.235
1.656,-2.256
1.461,-2.313
0.861,-2.52
0.239,-2.543
0.225,-2.417
-0.111,-2.587
-0.05,-2.506
-0.104,-2.464
-0.271,-2.269
-0.431,-2.607
-0.965,-2.608
-1.082,-2.429
-1.562,-2.52
-1.766,-2.312
-2.609,-2.506
-2.74,-2.29
-2.592,-2.514
1.381,1.755
1.007,1.841
-0.144,1.803
-1.439,1.923
-2.44,1.877
2.821,-1.468
2.423,-1.499
1.229,0.238
0.538,-0.343
0.464,0.239
0.451,-1.884
0.237,-1.908
1.681,-1.425
-0.537,-1.204
-2.411,0.72
-2.677,1.278
-2.717,1.153
1.269,-1.458
0.569,-0.733
0.217,-0.15
0.025,0.441
-2.842,-0.151
-3.087,-2.201
2.087,-2.171
-1.693,-2.202
2.423,-2.604
1.701,-2.691
0.424,-2.753
-2.052,-2.706
0.059,0.405
-0.013,0.767
-0.016,0.73
-0.131,1.611
-0.225,-0.66
-0.153,0.027
-0.221,0.713
-0.268,0.397
-0.215,-0.256
-0.249,-0.591
-0.368,-0.167
-0.362,-0.628
-0.422,-1.028
-0.433,0.002
-0.382,-0.039
-0.48,-1.196
-0.402,2.208
-0.418,-0.702
-0.432,0.954
-0.523,2.001
-0.573,0.357
-0.584,-1.419
-0.603,-0.101
-0.677,0.793
-0.732,-0.688
-0.696,0.032
-0.759,-0.364
-0.808,1.637
-0.825,-1.541
-0.832,0.324
-0.769,1.385
-0.801,2.182
-0.852,-1.229
-0.958,-1.021
-0.941,-1.284
-0.999,2.044
-1.081,-1.678
-1.095,0.182
-1.127,1.073
-1.143,-1.282
-1.281,1.336
-1.275,0.653
-1.301,0.393
-1.375,0.081
-1.554,-0.427
-1.759,-0.868
-1.769,-0.55
-1.846,1.781
-1.919,0.365
-1.942,-0.317
-1.931,2.072
-1.986,-0.904
-1.976,0.87
-2.018,1.198
-2.138,-0.261
-2.14,0.722
-2.143,-0.388
-2.318,-1.524
-2.404,-0.245
-2.444,-0.481
-2.48,0.43
-2.568,-0.618
-2.564,-0.08
-2.591,-0.523
-2.671,-1.767
-2.677,0.334
-2.763,1.671
-2.702,-0.06
-2.769,1.85
-2.802,1.802
-2.789,-1.628
-2.871,0.562
-2.882,-0.169
-2.901,0.74
-2.915,-0.045
-2.872,1.25
-2.958,0.499
-2.89,-0.513
-2.97,-0.196
-3.06,-0.329
-3.024,1.499
-3.101,-0.079
2.733,-1.809
2.47,-2.127
2.385,-1.977
2.153,-2.01
1.367,-1.791
0.964,-1.851
0.607,-2.003
-0.159,-1.814
-0.247,-2.111
-0.366,-2.188
-0.473,-2.209
-0.539,-2.091
-0.96,-2.221
-1.385,-2.062
-1.727,-2.248
-1.98,-1.862
-2.539,-2.06
-2.774,-2.062
2.421,2.238
2.307,2.347
1.548,2.153
-0.832,2.277
-0.962,2.355
-0.975,2.337
-1.114,2.33
-1.125,2.371
-2.042,2.009
-2.988,2.27
3.025,-0.612
2.527,-0.302
1.815,-0.227
-2.835,0.017
-2.949,-1.061
1.323,-2.083
-1.539,-2.165
3.115,0.761
-3.122,0.286
2.986,2.097
2.986,-0.566
3.044,-0.785
2.891,1.289
2.73,-0.745
2.652,0.633
2.77,0.572
2.604,-0.164
2.451,0.64
2.287,-1.576
2.326,0.328
2.223,0.497
2.082,1.607
2.171,1.391
2.034,-0.467
1.95,0.428
1.665,1.895
1.644,-0.553
1.642,-0.491
1.729,-0.211
1.432,-0.506
1.335,-1.175
1.336,0.461
1.162,1.888
1.24,1.166
1.084,1.634
1.044,1.468
1.024,-0.697
1.007,-0.402
1.071,0.708
0.933,-0.809
0.896,-1.008
0.915,1.977
0.874,1.569
0.819,-0.741
0.58,-0.03
0.72,-0.541
0.716,1.522
0.682,-0.487
0.675,-0.781
0.532,0.714
0.534,1.869
0.58,-0.96
0.34,-0.727
0.429,-1.052
0.256,0.999
0.289,0.342
0.159,-0.083
0.201,-0.007
0.201,0.864
0.024,2.051
0.123,-1.02
0.016,0.927
-0.075,-0.404
-0.144,1.827
-0.244,-1.527
-0.373,1.024
-0.305,-0.972
-0.377,-1.746
-0.647,1.644
-0.706,1.362
-0.747,1.84
-0.772,-0.095
-0.907,1.756
-0.99,1.28
-1.039,-0.532
-1.684,2.089
-2.155,0.766
-2.165,0.865
-2.326,0.833
-2.745,-1.722
-2.731,-0.839
-2.627,-0.339
-2.736,0.477
-2.921,0.4
-2.995,0.647
-3.031,-1.679
-3.054,-1.66
-3.076,-0.979
-3.106,-1.227
-3.126,-0.998
-3.057,-1.817
3.042,-1.962
3.02,-2.022
2.623,-2.033
1.812,-1.824
1.686,-1.845
1.491,-1.902
0.891,-2.109
0.269,-2.132
0.255,-2.006
-0.081,-2.176
-0.02,-2.095
-0.074,-2.053
-0.241,-1.858
-0.401,-2.196
-0.935,-2.197
-1.052,-2.018
-1.532,-2.109
-1.736,-1.901
-2.579,-2.095
-2.71,-1.879
-2.562,-2.103
1.411,2.166
1.037,2.252
-0.114,2.214
-1.409,2.334
-2.41,2.288
2.851,-1.057
2.453,-1.088
1.259,0.649
0.568,0.068
0.494,0.65
0.481,-1.473
0.267,-1.497
1.711,-1.014
-0.507,-0.793
-2.381,1.131
-2.647,1.689
-2.687,1.564
1.299,-1.047
0.599,-0.322
0.247,0.261
0.055,0.852
-2.812,0.26
-3.057,-1.79
2.117,-1.76
-1.663,-1.791
2.453,-2.193
1.731,-2.28
0.454,-2.342
-2.022,-2.295
-0.072,0.362
-0.075,0.325
-0.19,1.206
-0.284,-1.065
-0.212,-0.378
-0.28,0.308
-0.327,-0.008
-0.274,-0.661
-0.308,-0.996
-0.427,-0.572
-0.421,-1.033
-0.481,-1.433
-0.492,-0.403
-0.441,-0.444
-0.539,-1.601
-0.461,1.803
-0.477,-1.107
-0.491,0.549
-0.582,1.596
-0.632,-0.048
-0.643,-1.824
-0.662,-0.506
-0.736,0.388
-0.791,-1.093
-0.755,-0.373
-0.818,-0.769
-0.867,1.232
-0.884,-1.946
-0.891,-0.081
-0.828,0.98
-0.86,1.777
-0.911,-1.634
-1.017,-1.426
-1.0,-1.689
-1.058,1.639
-1.14,-2.083
-1.154,-0.223
-1.186,0.668
-1.202,-1.687
-1.34,0.931
-1.334,0.248
-1.36,-0.012
-1.434,-0.324
-1.613,-0.832
-1.818,-1.273
-1.828,-0.955
-1.905,1.376
-1.978,-0.04
-2.001,-0.722
-1.99,1.667
-2.045,-1.309
-2.035,0.465
-2.077,0.793
-2.197,-0.666
-2.199,0.317
-2.202,-0.793
-2.377,-1.929
-2.463,-0.65
-2.503,-0.886
-2.539,0.025
-2.627,-1.023
-2.623,-0.485
-2.65,-0.928
-2.73,-2.172
-2.736,-0.071
-2.822,1.266
-2.761,-0.465
-2.828,1.445
-2.861,1.397
-2.848,-2.033
-2.93,0.157
-2.941,-0.574
-2.96,0.335
-2.974,-0.45
-2.931,0.845
-3.017,0.094
-2.949,-0.918
-3.029,-0.601
-3.119,-0.734
-3.083,1.094
3.123,-0.484
2.674,-2.214
2.411,-2.532
2.326,-2.382
2.094,-2.415
1.308,-2.196
0.905,-2.256
0.548,-2.408
-0.218,-2.219
-0.306,-2.516
-0.425,-2.593
-0.532,-2.614
-0.598,-2.496
-1.019,-2.626
-1.444,-2.467
-1.786,-2.653
-2.039,-2.267
-2.598,-2.465
-2.833,-2.467
2.362,1.833
2.248,1.942
1.489,1.748
-0.891,1.872
-1.021,1.95
-1.034,1.932
-1.173,1.925
-1.184,1.966
-2.101,1.604
-3.047,1.865
2.966,-1.017
2.468,-0.707
1.756,-0.632
-2.894,-0.388
-3.008,-1.466
1.264,-2.488
-1.598,-2.57
3.056,0.356
3.102,-0.119
2.927,1.692
2.927,-0.971
2.985,-1.19
2.832,0.884
2.671,-1.15
2.593,0.228
2.711,0.167
2.545,-0.569
2.392,0.235
2.228,-1.981
2.267,-0.077
2.164,0.092
2.023,1.202
2.112,0.986
1.975,-0.872
1.891,0.023
1.606,1.49
1.585,-0.958
1.583,-0.896
1.67,-0.616
1.373,-0.911
1.276,-1.58
1.277,0.056
1.103,1.483
1.181,0.761
1.025,1.229
0.985,1.063
0.965,-1.102
0.948,-0.807
1.012,0.303
0.874,-1.214
0.837,-1.413
0.856,1.572
0.815,1.164
0.76,-1.146
0.521,-0.435
0.661,-0.946
0.657,1.117
0.623,-0.892
0.616,-1.186
0.473,0.309
0.475,1.464
0.521,-1.365
0.281,-1.132
0.37,-1.457
0.197,0.594
0.23,-0.063
0.1,-0.488
0.142,-0.412
0.142,0.459
-0.035,1.646
0.064,-1.425
-0.043,0.522
-0.134,-0.809
-0.203,1.422
-0.303,-1.932
-0.432,0.619
-0.364,-1.377
-0.436,-2.151
-0.706,1.239
-0.765,0.957
-0.806,1.435
-0.831,-0.5
-0.966,1.351
-1.049,0.875
-1.098,-0.937
-1.743,1.684
-2.214,0.361
-2.224,0.46
-2.385,0.428
-2.804,-2.127
-2.79,-1.244
-2.686,-0.744
-2.795,0.072
-2.98,-0.005
-3.054,0.242
-3.09,-2.084
-3.113,-2.065
-3.135,-1.384
3.118,-1.632
3.098,-1.403
-3.116,-2.222
2.983,-2.367
2.961,-2.427
2.564,-2.438
1.753,-2.229
1.627,-2.25
1.432,-2.307
0.832,-2.514
0.21,-2.537
0.196,-2.411
-0.14,-2.581
-0.079,-2.5
-0.133,-2.458
-0.3,-2.263
-0.46,-2.601
-0.994,-2.602
-1.111,-2.423
-1.591,-2.514
-1.795,-2.306
-2.638,-2.5
-2.769,-2.284
-2.621,-2.508
1.352,1.761
0.978,1.847
-0.173,1.809
-1.468,1.929
-2.469,1.883
2.792,-1.462
2.394,-1.493
1.2,0.244
0.509,-0.337
0.435,0.245
0.422,-1.878
0.208,-1.902
1.652,-1.419
-0.566,-1.198
-2.44,0.726
-2.706,1.284
-2.746,1.159
1.24,-1.452
0.54,-0.727
0.188,-0.144
-0.004,0.447
-2.871,-0.145
-3.116,-2.195
2.058,-2.165
-1.722,-2.196
2.394,-2.598
1.672,-2.685
0.395,-2.747
-2.081,-2.7
-0.003,-0.037
-0.118,0.844
-0.212,-1.427
-0.14,-0.74
-0.208,-0.054
-0.255,-0.37
-0.202,-1.023
-0.236,-1.358
-0.355,-0.934
-0.349,-1.395
-0.409,-1.795
-0.42,-0.765
-0.369,-0.806
-0.467,-1.963
-0.389,1.441
-0.405,-1.469
-0.419,0.187
-0.51,1.234
-0.56,-0.41
-0.571,-2.186
-0.59,-0.868
-0.664,0.026
-0.719,-1.455
-0.683,-0.735
-0.746,-1.131
-0.795,0.87
-0.812,-2.308
-0.819,-0.443
-0.756,0.618
-0.788,1.415
-0.839,-1.996
-0.945,-1.788
-0.928,-2.051
-0.986,1.277
-1.068,-2.445
-1.082,-0.585
-1.114,0.306
-1.13,-2.049
-1.268,0.569
-1.262,-0.114
-1.288,-0.374
-1.362,-0.686
-1.541,-1.194
-1.746,-1.635
-1.756,-1.317
-1.833,1.014
-1.906,-0.402
-1.929,-1.084
-1.918,1.305
-1.973,-1.671
-1.963,0.103
-2.005,0.431
-2.125,-1.028
-2.127,-0.045
-2.13,-1.155
-2.305,-2.291
-2.391,-1.012
-2.431,-1.248
-2.467,-0.337
-2.555,-1.385
-2.551,-0.847
-2.578,-1.29
-2.658,-2.534
-2.664,-0.433
-2.75,0.904
-2.689,-0.827
-2.756,1.083
-2.789,1.035
-2.776,-2.395
-2.858,-0.205
-2.869,-0.936
-2.888,-0.027
-2.902,-0.812
-2.859,0.483
-2.945,-0.268
-2.877,-1.28
-2.957,-0.963
-3.047,-1.096
-3.011,0.732
-3.088,-0.846
2.746,-2.576
2.483,-2.894
2.398,-2.744
2.166,-2.777
1.38,-2.558
0.977,-2.618
0.62,-2.77
-0.146,-2.581
-0.234,-2.878
-0.353,-2.955
-0.46,-2.976
-0.526,-2.858
-0.947,-2.988
-1.372,-2.829
-1.714,-3.015
-1.967,-2.629
-2.526,-2.827
-2.761,-2.829
2.434,1.471
2.32,1.58
1.561,1.386
-0.819,1.51
-0.949,1.588
-0.962,1.57
-1.101,1.563
-1.112,1.604
-2.029,1.242
-2.975,1.503
3.038,-1.379
2.54,-1.069
1.828,-0.994
-2.822,-0.75
-2.936,-1.828
1.336,-2.85
-1.526,-2.932
3.128,-0.006
-3.109,-0.481
2.999,1.33
2.999,-1.333
3.057,-1.552
2.904,0.522
2.743,-1.512
2.665,-0.134
2.783,-0.195
2.617,-0.931
2.464,-0.127
2.3,-2.343
2.339,-0.439
2.236,-0.27
2.095,0.84
2.184,0.624
2.047,-1.234
1.963,-0.339
1.678,1.128
1.657,-1.32
1.655,-1.258
1.742,-0.978
1.445,-1.273
1.348,-1.942
1.349,-0.306
1.175,1.121
1.253,0.399
1.097,0.867
1.057,0.701
1.037,-1.464
1.02,-1.169
1.084,-0.059
0.946,-1.576
0.909,-1.775
0.928,1.21
0.887,0.802
0.832,-1.508
0.593,-0.797
0.733,-1.308
0.729,0.755
0.695,-1.254
0.688,-1.548
0.545,-0.053
0.547,1.102
0.593,-1.727
0.353,-1.494
0.442,-1.819
0.269,0.232
0.302,-0.425
0.172,-0.85
0.214,-0.774
0.214,0.097
0.037,1.284
0.136,-1.787
0.029,0.16
-0.062,-1.171
-0.131,1.06
-0.231,-2.294
-0.36,0.257
-0.292,-1.739
-0.364,-2.513
-0.634,0.877
-0.693,0.595
-0.734,1.073
-0.759,-0.862
-0.894,0.989
-0.977,0.513
-1.026,-1.299
-1.671,1.322
-2.142,-0.001
-2.152,0.098
-2.313,0.066
-2.732,-2.489
-2.718,-1.606
-2.614,-1.106
-2.723,-0.29
-2.908,-0.367
-2.982,-0.12
-3.018,-2.446
-3.041,-2.427
-3.063,-1.746
-3.093,-1.994
-3.113,-1.765
-3.044,-2.584
3.055,-2.729
3.033,-2.789
2.636,-2.8
1.825,-2.591
1.699,-2.612
1.504,-2.669
0.904,-2.876
0.282,-2.899
0.268,-2.773
-0.068,-2.943
-0.007,-2.862
-0.061,-2.82
-0.228,-2.625
-0.388,-2.963
-0.922,-2.964
-1.039,-2.785
-1.519,-2.876
-1.723,-2.668
-2.566,-2.862
-2.697,-2.646
-2.549,-2.87
1.424,1.399
1.05,1.485
-0.101,1.447
-1.396,1.567
-2.397,1.521
2.864,-1.824
2.466,-1.855
1.272,-0.118
0.581,-0.699
0.507,-0.117
0.494,-2.24
0.28,-2.264
1.724,-1.781
-0.494,-1.56
-2.368,0.364
-2.634,0.922
-2.674,0.797
1.312,-1.814
0.612,-1.089
0.26,-0.506
0.068,0.085
-2.799,-0.507
-3.044,-2.557
2.13,-2.527
-1.65,-2.558
2.466,-2.96
1.744,-3.047
0.467,-3.109
-2.009,-3.062
-0.115,0.881
-0.209,-1.39
-0.137,-0.703
-0.205,-0.017
-0.252,-0.333
-0.199,-0.986
-0.233,-1.321
-0.352,-0.897
-0.346,-1.358
-0.406,-1.758
-0.417,-0.728
-0.366,-0.769
-0.464,-1.926
-0.386,1.478
-0.402,-1.432
-0.416,0.224
-0.507,1.271
-0.557,-0.373
-0.568,-2.149
-0.587,-0.831
-0.661,0.063
-0.716,-1.418
-0.68,-0.698
-0.743,-1.094
-0.792,0.907
-0.809,-2.271
-0.816,-0.406
-0.753,0.655
-0.785,1.452
-0.836,-1.959
-0.942,-1.751
-0.925,-2.014
-0.983,1.314
-1.065,-2.408
-1.079,-0.548
-1.111,0.343
-1.127,-2.012
-1.265,0.606
-1.259,-0.077
-1.285,-0.337
-1.359,-0.649
-1.538,-1.157
-1.743,-1.598
-1.753,-1.28
-1.83,1.051
-1.903,-0.365
-1.926,-1.047
-1.915,1.342
-1.97,-1.634
-1.96,0.14
-2.002,0.468
-2.122,-0.991
-2.124,-0.008
-2.127,-1.118
-2.302,-2.254
-2.388,-0.975
-2.428,-1.211
-2.464,-0.3
-2.552,-1.348
-2.548,-0.81
-2.575,-1.253
-2.655,-2.497
-2.661,-0.396
-2.747,0.941
-2.686,-0.79
-2.753,1.12
-2.786,1.072
-2.773,-2.358
-2.855,-0.168
-2.866,-0.899
-2.885,0.01
-2.899,-0.775
-2.856,0.52
-2.942,-0.231
-2.874,-1.243
-2.954,-0.926
-3.044,-1.059
-3.008,0.769
-3.085,-0.809
2.749,-2.539
2.486,-2.857
2.401,-2.707
2.169,-2.74
1.383,-2.521
0.98,-2.581
0.623,-2.733
-0.143,-2.544
-0.231,-2.841
-0.35,-2.918
-0.457,-2.939
-0.523,-2.821
-0.944,-2.951
-1.369,-2.792
-1.711,-2.978
-1.964,-2.592
-2.523,-2.79
-2.758,-2.792
2.437,1.508
2.323,1.617
1.564,1.423
-0.816,1.547
-0.946,1.625
-0.959,1.607
-1.098,1.6
-1.109,1.641
-2.026,1.279
-2.972,1.54
3.041,-1.342
2.543,-1.032
1.831,-0.957
-2.819,-0.713
-2.933,-1.791
1.339,-2.813
-1.523,-2.895
3.131,0.031
-3.106,-0.444
3.002,1.367
3.002,-1.296
3.06,-1.515
2.907,0.559
2.746,-1.475
2.668,-0.097
2.786,-0.158
2.62,-0.894
2.467,-0.09
2.303,-2.306
2.342,-0.402
2.239,-0.233
2.098,0.877
2.187,0.661
2.05,-1.197
1.966,-0.302
1.681,1.165
1.66,-1.283
1.658,-1.221
1.745,-0.941
1.448,-1.236
1.351,-1.905
1.352,-0.269
1.178,1.158
1.256,0.436
1.1,0.904
1.06,0.738
1.04,-1.427
1.023,-1.132
1.087,-0.022
0.949,-1.539
0.912,-1.738
0.931,1.247
0.89,0.839
0.835,-1.471
0.596,-0.76
0.736,-1.271
0.732,0.792
0.698,-1.217
0.691,-1.511
0.548,-0.016
0.55,1.139
0.596,-1.69
0.356,-1.457
0.445,-1.782
0.272,0.269
0.305,-0.388
0.175,-0.813
0.217,-0.737
0.217,0.134
0.04,1.321
0.139,-1.75
0.032,0.197
-0.059,-1.134
-0.128,1.097
-0.228,-2.257
-0.357,0.294
-0.289,-1.702
-0.361,-2.476
-0.631,0.914
-0.69,0.632
-0.731,1.11
-0.756,-0.825
-0.891,1.026
-0.974,0.55
-1.023,-1.262
-1.668,1.359
-2.139,0.036
-2.149,0.135
-2.31,0.103
-2.729,-2.452
-2.715,-1.569
-2.611,-1.069
-2.72,-0.253
-2.905,-0.33
-2.979,-0.083
-3.015,-2.409
-3.038,-2.39
-3.06,-1.709
-3.09,-1.957
-3.11,-1.728
-3.041,-2.547
3.058,-2.692
3.036,-2.752
2.639,-2.763
1.828,-2.554
1.702,-2.575
1.507,-2.632
0.907,-2.839
0.285,-2.862
0.271,-2.736
-0.065,-2.906
-0.004,-2.825
-0.058,-2.783
-0.225,-2.588
-0.385,-2.926
-0.919,-2.927
-1.036,-2.748
-1.516,-2.839
-1.72,-2.631
-2.563,-2.825
-2.694,-2.609
-2.546,-2.833
1.427,1.436
1.053,1.522
-0.098,1.484
-1.393,1.604
-2.394,1.558
2.867,-1.787
2.469,-1.818
1.275,-0.081
0.584,-0.662
0.51,-0.08
0.497,-2.203
0.283,-2.227
1.727,-1.744
-0.491,-1.523
-2.365,0.401
-2.631,0.959
-2.671,0.834
1.315,-1.777
0.615,-1.052
0.263,-0.469
0.071,0.122
-2.796,-0.47
-3.041,-2.52
2.133,-2.49
-1.647,-2.521
2.469,-2.923
1.747,-3.01
0.47,-3.072
-2.006,-3.025
-0.094,-2.271
-0.022,-1.584
-0.09,-0.898
-0.137,-1.214
-0.084,-1.867
-0.118,-2.202
-0.237,-1.778
-0.231,-2.239
-0.291,-2.639
-0.302,-1.609
-0.251,-1.65
-0.349,-2.807
-0.271,0.597
-0.287,-2.313
-0.301,-0.657
-0.392,0.39
-0.442,-1.254
-0.453,-3.03
-0.472,-1.712
-0.546,-0.818
-0.601,-2.299
-0.565,-1.579
-0.628,-1.975
-0.677,0.026
-0.694,-3.152
-0.701,-1.287
-0.638,-0.226
-0.67,0.571
-0.721,-2.84
-0.827,-2.632
-0.81,-2.895
-0.868,0.433
-0.95,-3.289
-0.964,-1.429
-0.996,-0.538
-1.012,-2.893
-1.15,-0.275
-1.144,-0.958
-1.17,-1.218
-1.244,-1.53
-1.423,-2.038
-1.628,-2.479
-1.638,-2.161
-1.715,0.17
-1.788,-1.246
-1.811,-1.928
-1.8,0.461
-1.855,-2.515
-1.845,-0.741
-1.887,-0.413
-2.007,-1.872
-2.009,-0.889
-2.012,-1.999
-2.187,-3.135
-2.273,-1.856
-2.313,-2.092
-2.349,-1.181
-2.437,-2.229
-2.433,-1.691
-2.46,-2.134
-2.54,-3.378
-2.546,-1.277
-2.632,0.06
-2.571,-1.671
-2.638,0.239
-2.671,0.191
-2.658,-3.239
-2.74,-1.049
-2.751,-1.78
-2.77,-0.871
-2.784,-1.656
-2.741,-0.361
-2.827,-1.112
-2.759,-2.124
-2.839,-1.807
-2.929,-1.94
-2.893,-0.112
-2.97,-1.69
2.864,-3.42
2.601,-3.738
2.516,-3.588
2.284,-3.621
1.498,-3.402
1.095,-3.462
0.738,-3.614
-0.028,-3.425
-0.116,-3.722
-0.235,-3.799
-0.342,-3.82
-0.408,-3.702
-0.829,-3.832
-1.254,-3.673
-1.596,-3.859
-1.849,-3.473
-2.408,-3.671
-2.643,-3.673
2.552,0.627
2.438,0.736
1.679,0.542
-0.701,0.666
-0.831,0.744
-0.844,0.726
-0.983,0.719
-0.994,0.76
-1.911,0.398
-2.857,0.659
-3.127,-2.223
2.658,-1.913
1.946,-1.838
-2.704,-1.594
-2.818,-2.672
1.454,-3.694
-1.408,-3.776
-3.037,-0.85
-2.991,-1.325
3.117,0.486
3.117,-2.177
-3.108,-2.396
3.022,-0.322
2.861,-2.356
2.783,-0.978
2.901,-1.039
2.735,-1.775
2.582,-0.971
2.418,-3.187
2.457,-1.283
2.354,-1.114
2.213,-0.004
2.302,-0.22
2.165,-2.078
2.081,-1.183
1.796,0.284
1.775,-2.164
1.773,-2.102
1.86,-1.822
1.563,-2.117
1.466,-2.786
1.467,-1.15
1.293,0.277
1.371,-0.445
1.215,0.023
1.175,-0.143
1.155,-2.308
1.138,-2.013
1.202,-0.903
1.064,-2.42
1.027,-2.619
1.046,0.366
1.005,-0.042
0.95,-2.352
0.711,-1.641
0.851,-2.152
0.847,-0.089
0.813,-2.098
0.806,-2.392
0.663,-0.897
0.665,0.258
0.711,-2.571
0.471,-2.338
0.56,-2.663
0.387,-0.612
0.42,-1.269
0.29,-1.694
0.332,-1.618
0.332,-0.747
0.155,0.44
0.254,-2.631
0.147,-0.684
0.056,-2.015
-0.013,0.216
-0.113,-3.138
-0.242,-0.587
-0.174,-2.583
-0.246,-3.357
-0.516,0.033
-0.575,-0.249
-0.616,0.229
-0.641,-1.706
-0.776,0.145
-0.859,-0.331
-0.908,-2.143
-1.553,0.478
-2.024,-0.845
-2.034,-0.746
-2.195,-0.778
-2.614,-3.333
-2.6,-2.45
-2.496,-1.95
-2.605,-1.134
-2.79,-1.211
-2.864,-0.964
-2.9,-3.29
-2.923,-3.271
-2.945,-2.59
-2.975,-2.838
-2.995,-2.609
-2.926,-3.428
-3.11,-3.573
-3.132,-3.633
2.754,-3.644
1.943,-3.435
1.817,-3.456
1.622,-3.513
1.022,-3.72
0.4,-3.743
0.386,-3.617
0.05,-3.787
0.111,-3.706
0.057,-3.664
-0.11,-3.469
-0.27,-3.807
-0.804,-3.808
-0.921,-3.629
-1.401,-3.72
-1.605,-3.512
-2.448,-3.706
-2.579,-3.49
-2.431,-3.714
1.542,0.555
1.168,0.641
0.017,0.603
-1.278,0.723
-2.279,0.677
2.982,-2.668
2.584,-2.699
1.39,-0.962
0.699,-1.543
0.625,-0.961
0.612,-3.084
0.398,-3.108
1.842,-2.625
-0.376,-2.404
-2.25,-0.48
-2.516,0.078
-2.556,-0.047
1.43,-2.658
0.73,-1.933
0.378,-1.35
0.186,-0.759
-2.681,-1.351
-2.926,-3.401
2.248,-3.371
-1.532,-3.402
2.584,-3.804
1.862,-3.891
0.585,-3.953
-1.891,-3.906
0.072,0.687
0.004,1.373
-0.043,1.057
0.01,0.404
-0.024,0.069
-0.143,0.493
-0.137,0.032
-0.197,-0.368
-0.208,0.662
-0.157,0.621
-0.255,-0.536
-0.177,2.868
-0.193,-0.042
-0.207,1.614
-0.298,2.661
-0.348,1.017
-0.359,-0.759
-0.378,0.559
-0.452,1.453
-0.507,-0.028
-0.471,0.692
-0.534,0.296
-0.583,2.297
-0.6,-0.881
-0.607,0.984
-0.544,2.045
-0.576,2.842
-0.627,-0.569
-0.733,-0.361
-0.716,-0.624
-0.774,2.704
-0.856,-1.018
-0.87,0.842
-0.902,1.733
-0.918,-0.622
-1.056,1.996
-1.05,1.313
-1.076,1.053
-1.15,0.741
-1.329,0.233
-1.534,-0.208
-1.544,0.11
-1.621,2.441
-1.694,1.025
-1.717,0.343
-1.706,2.732
-1.761,-0.244
-1.751,1.53
-1.793,1.858
-1.913,0.399
-1.915,1.382
-1.918,0.272
-2.093,-0.864
-2.179,0.415
-2.219,0.179
-2.255,1.09
-2.343,0.042
-2.339,0.58
-2.366,0.137
-2.446,-1.107
-2.452,0.994
-2.538,2.331
-2.477,0.6
-2.544,2.51
-2.577,2.462
-2.564,-0.968
-2.646,1.222
-2.657,0.491
-2.676,1.4
-2.69,0.615
-2.647,1.91
-2.733,1.159
-2.665,0.147
-2.745,0.464
-2.835,0.331
-2.799,2.159
-2.876,0.581
2.958,-1.149
2.695,-1.467
2.61,-1.317
2.378,-1.35
1.592,-1.131
1.189,-1.191
0.832,-1.343
0.066,-1.154
-0.022,-1.451
-0.141,-1.528
-0.248,-1.549
-0.314,-1.431
-0.735,-1.561
-1.16,-1.402
-1.502,-1.588
-1.755,-1.202
-2.314,-1.4
-2.549,-1.402
2.646,2.898
2.532,3.007
1.773,2.813
-0.607,2.937
-0.737,3.015
-0.75,2.997
-0.889,2.99
-0.9,3.031
-1.817,2.669
-2.763,2.93
-3.033,0.048
2.752,0.358
2.04,0.433
-2.61,0.677
-2.724,-0.401
1.548,-1.423
-1.314,-1.505
-2.943,1.421
-2.897,0.946
-3.072,2.757
-3.072,0.094
-3.014,-0.125
3.116,1.949
2.955,-0.085
2.877,1.293
2.995,1.232
2.829,0.496
2.676,1.3
2.512,-0.916
2.551,0.988
2.448,1.157
2.307,2.267
2.396,2.051
2.259,0.193
2.175,1.088
1.89,2.555
1.869,0.107
1.867,0.169
1.954,0.449
1.657,0.154
1.56,-0.515
1.561,1.121
1.387,2.548
1.465,1.826
1.309,2.294
1.269,2.128
1.249,-0.037
1.232,0.258
1.296,1.368
1.158,-0.149
1.121,-0.348
1.14,2.637
1.099,2.229
1.044,-0.081
0.805,0.63
0.945,0.119
0.941,2.182
0.907,0.173
0.9,-0.121
0.757,1.374
0.759,2.529
0.805,-0.3
0.565,-0.067
0.654,-0.392
0.481,1.659
0.514,1.002
0.384,0.577
0.426,0.653
0.426,1.524
0.249,2.711
0.348,-0.36
0.241,1.587
0.15,0.256
0.081,2.487
-0.019,-0.867
-0.148,1.684
-0.08,-0.312
-0.152,-1.086
-0.422,2.304
-0.481,2.022
-0.522,2.5
-0.547,0.565
-0.682,2.416
-0.765,1.94
-0.814,0.128
-1.459,2.749
-1.93,1.426
-1.94,1.525
-2.101,1.493
-2.52,-1.062
-2.506,-0.179
-2.402,0.321
-2.511,1.137
-2.696,1.06
-2.77,1.307
-2.806,-1.019
-2.829,-1.0
-2.851,-0.319
-2.881,-0.567
-2.901,-0.338
-2.832,-1.157
-3.016,-1.302
-3.038,-1.362
2.848,-1.373
2.037,-1.164
1.911,-1.185
1.716,-1.242
1.116,-1.449
0.494,-1.472
0.48,-1.346
0.144,-1.516
0.205,-1.435
0.151,-1.393
-0.016,-1.198
-0.176,-1.536
-0.71,-1.537
-0.827,-1.358
-1.307,-1.449
-1.511,-1.241
-2.354,-1.435
-2.485,-1.219
-2.337,-1.443
1.636,2.826
1.262,2.912
0.111,2.874
-1.184,2.994
-2.185,2.948
3.076,-0.397
2.678,-0.428
1.484,1.309
0.793,0.728
0.719,1.31
0.706,-0.813
0.492,-0.837
1.936,-0.354
-0.282,-0.133
-2.156,1.791
-2.422,2.349
-2.462,2.224
1.524,-0.387
0.824,0.338
0.472,0.921
0.28,1.512
-2.587,0.92
-2.832,-1.13
2.342,-1.1
-1.438,-1.131
2.678,-1.533
1.956,-1.62
0.679,-1.682
-1.797,-1.635
-0.068,0.686
-0.115,0.37
-0.062,-0.283
-0.096,-0.618
-0.215,-0.194
-0.209,-0.655
-0.269,-1.055
-0.28,-0.025
-0.229,-0.066
-0.327,-1.223
-0.249,2.181
-0.265,-0.729
-0.279,0.927
-0.37,1.974
-0.42,0.33
-0.431,-1.446
-0.45,-0.128
-0.524,0.766
-0.579,-0.715
-0.543,0.005
-0.606,-0.391
-0.655,1.61
-0.672,-1.568
-0.679,0.297
-0.616,1.358
-0.648,2.155
-0.699,-1.256
-0.805,-1.048
-0.788,-1.311
-0.846,2.017
-0.928,-1.705
-0.942,0.155
-0.974,1.046
-0.99,-1.309
-1.128,1.309
-1.122,0.626
-1.148,0.366
-1.222,0.054
-1.401,-0.454
-1.606,-0.895
-1.616,-0.577
-1.693,1.754
-1.766,0.338
-1.789,-0.344
-1.778,2.045
-1.833,-0.931
-1.823,0.843
-1.865,1.171
-1.985,-0.288
-1.987,0.695
-1.99,-0.415
-2.165,-1.551
-2.251,-0.272
-2.291,-0.508
-2.327,0.403
-2.415,-0.645
-2.411,-0.107
-2.438,-0.55
-2.518,-1.794
-2.524,0.307
-2.61,1.644
-2.549,-0.087
-2.616,1.823
-2.649,1.775
-2.636,-1.655
-2.718,0.535
-2.729,-0.196
-2.748,0.713
-2.762,-0.072
-2.719,1.223
-2.805,0.472
-2.737,-0.54
-2.817,-0.223
-2.907,-0.356
-2.871,1.472
-2.948,-0.106
2.886,-1.836
2.623,-2.154
2.538,-2.004
2.306,-2.037
1.52,-1.818
1.117,-1.878
0.76,-2.03
-0.006,-1.841
-0.094,-2.138
-0.213,-2.215
-0.32,-2.236
-0.386,-2.118
-0.807,-2.248
-1.232,-2.089
-1.574,-2.275
-1.827,-1.889
-2.386,-2.087
-2.621,-2.089
2.574,2.211
2.46,2.32
1.701,2.126
-0.679,2.25
-0.809,2.328
-0.822,2.31
-0.961,2.303
-0.972,2.344
-1.889,1.982
-2.835,2.243
-3.105,-0.639
2.68,-0.329
1.968,-0.254
-2.682,-0.01
-2.796,-1.088
1.476,-2.11
-1.386,-2.192
-3.015,0.734
-2.969,0.259
3.139,2.07
3.139,-0.593
-3.086,-0.812
3.044,1.262
2.883,-0.772
2.805,0.606
2.923,0.545
2.757,-0.191
2.604,0.613
2.44,-1.603
2.479,0.301
2.376,0.47
2.235,1.58
2.324,1.364
2.187,-0.494
2.103,0.401
1.818,1.868
1.797,-0.58
1.795,-0.518
1.882,-0.238
1.585,-0.533
1.488,-1.202
1.489,0.434
1.315,1.861
1.393,1.139
1.237,1.607
1.197,1.441
1.177,-0.724
1.16,-0.429
1.224,0.681
1.086,-0.836
1.049,-1.035
1.068,1.95
1.027,1.542
0.972,-0.768
0.733,-0.057
0.873,-0.568
0.869,1.495
0.835,-0.514
0.828,-0.808
0.685,0.687
0.687,1.842
0.733,-0.987
0.493,-0.754
0.582,-1.079
0.409,0.972
0.442,0.315
0.312,-0.11
0.354,-0.034
0.354,0.837
0.177,2.024
0.276,-1.047
0.169,0.9
0.078,-0.431
0.009,1.8
-0.091,-1.554
-0.22,0.997
-0.152,-0.999
-0.224,-1.773
-0.494,1.617
-0.553,1.335
-0.594,1.813
-0.619,-0.122
-0.754,1.729
-0.837,1.253
-0.886,-0.559
-1.531,2.062
-2.002,0.739
-2.012,0.838
-2.173,0.806
-2.592,-1.749
-2.578,-0.866
-2.474,-0.366
-2.583,0.45
-2.768,0.373
-2.842,0.62
-2.878,-1.706
-2.901,-1.687
-2.923,-1.006
-2.953,-1.254
-2.973,-1.025
-2.904,-1.844
-3.088,-1.989
-3.11,-2.049
2.776,-2.06
1.965,-1.851
1.839,-1.872
1.644,-1.929
1.044,-2.136
0.422,-2.159
0.408,-2.033
0.072,-2.203
0.133,-2.122
0.079,-2.08
-0.088,-1.885
-0.248,-2.223
-0.782,-2.224
-0.899,-2.045
-1.379,-2.136
-1.583,-1.928
-2.426,-2.122
-2.557,-1.906
-2.409,-2.13
1.564,2.139
1.19,2.225
0.039,2.187
-1.256,2.307
-2.257,2.261
3.004,-1.084
2.606,-1.115
1.412,0.622
0.721,0.041
0.647,0.623
0.634,-1.5
0.42,-1.524
1.864,-1.041
-0.354,-0.82
-2.228,1.104
-2.494,1.662
-2.534,1.537
1.452,-1.074
0.752,-0.349
0.4,0.234
0.208,0.825
-2.659,0.233
-2.904,-1.817
2.27,-1.787
-1.51,-1.818
2.606,-2.22
1.884,-2.307
0.607,-2.369
-1.869,-2.322
-0.047,-0.316
0.006,-0.969
-0.028,-1.304
-0.147,-0.88
-0.141,-1.341
-0.201,-1.741
-0.212,-0.711
-0.161,-0.752
-0.259,-1.909
-0.181,1.495
-0.197,-1.415
-0.211,0.241
-0.302,1.288
-0.352,-0.356
-0.363,-2.132
-0.382,-0.814
-0.456,0.08
-0.511,-1.401
-0.475,-0.681
-0.538,-1.077
-0.587,0.924
-0.604,-2.254
-0.611,-0.389
-0.548,0.672
-0.58,1.469
-0.631,-1.942
-0.737,-1.734
-0.72,-1.997
-0.778,1.331
-0.86,-2.391
-0.874,-0.531
-0.906,0.36
-0.922,-1.995
-1.06,0.623
-1.054,-0.06
-1.08,-0.32
-1.154,-0.632
-1.333,-1.14
-1.538,-1.581
-1.548,-1.263
-1.625,1.068
-1.698,-0.348
-1.721,-1.03
-1.71,1.359
-1.765,-1.617
-1.755,0.157
-1.797,0.485
-1.917,-0.974
-1.919,0.009
-1.922,-1.101
-2.097,-2.237
-2.183,-0.958
-2.223,-1.194
-2.259,-0.283
-2.347,-1.331
-2.343,-0.793
-2.37,-1.236
-2.45,-2.48
-2.456,-0.379
-2.542,0.958
-2.481,-0.773
-2.548,1.137
-2.581,1.089
-2.568,-2.341
-2.65,-0.151
-2.661,-0.882
-2.68,0.027
-2.694,-0.758
-2.651,0.537
-2.737,-0.214
-2.669,-1.226
-2.749,-0.909
-2.839,-1.042
-2.803,0.786
-2.88,-0.792
2.954,-2.522
2.691,-2.84
2.606,-2.69
2.374,-2.723
1.588,-2.504
1.185,-2.564
0.828,-2.716
0.062,-2.527
-0.026,-2.824
-0.145,-2.901
-0.252,-2.922
-0.318,-2.804
-0.739,-2.934
-1.164,-2.775
-1.506,-2.961
-1.759,-2.575
-2.318,-2.773
-2.553,-2.775
2.642,1.525
2.528,1.634
1.769,1.44
-0.611,1.564
-0.741,1.642
-0.754,1.624
-0.893,1.617
-0.904,1.658
-1.821,1.296
-2.767,1.557
-3.037,-1.325
2.748,-1.015
2.036,-0.94
-2.614,-0.696
-2.728,-1.774
1.544,-2.796
-1.318,-2.878
-2.947,0.048
-2.901,-0.427
-3.076,1.384
-3.076,-1.279
-3.018,-1.498
3.112,0.576
2.951,-1.458
2.873,-0.08
2.991,-0.141
2.825,-0.877
2.672,-0.073
2.508,-2.289
2.547,-0.385
2.444,-0.216
2.303,0.894
2.392,0.678
2.255,-1.18
2.171,-0.285
1.886,1.182
1.865,-1.266
1.863,-1.204
1.95,-0.924
1.653,-1.219
1.556,-1.888
1.557,-0.252
1.383,1.175
1.461,0.453
1.305,0.921
1.265,0.755
1.245,-1.41
1.228,-1.115
1.292,-0.005
1.154,-1.522
1.117,-1.721
1.136,1.264
1.095,0.856
1.04,-1.454
0.801,-0.743
0.941,-1.254
0.937,0.809
0.903,-1.2
0.896,-1.494
0.753,0.001
0.755,1.156
0.801,-1.673
0.561,-1.44
0.65,-1.765
0.477,0.286
0.51,-0.371
0.38,-0.796
0.422,-0.72
0.422,0.151
0.245,1.338
0.344,-1.733
0.237,0.214
0.146,-1.117
0.077,1.114
-0.023,-2.24
-0.152,0.311
-0.084,-1.685
-0.156,-2.459
-0.426,0.931
-0.485,0.649
-0.526,1.127
-0.551,-0.808
-0.686,1.043
-0.769,0.567
-0.818,-1.245
-1.463,1.376
-1.934,0.053
-1.944,0.152
-2.105,0.12
-2.524,-2.435
-2.51,-1.552
-2.406,-1.052
-2.515,-0.236
-2.7,-0.313
-2.774,-0.066
-2.81,-2.392
-2.833,-2.373
-2.855,-1.692
-2.885,-1.94
-2.905,-1.711
-2.836,-2.53
-3.02,-2.675
-3.042,-2.735
2.844,-2.746
2.033,-2.537
1.907,-2.558
1.712,-2.615
1.112,-2.822
0.49,-2.845
0.476,-2.719
0.14,-2.889
0.201,-2.808
0.147,-2.766
-0.02,-2.571
-0.18,-2.909
-0.714,-2.91
-0.831,-2.731
-1.311,-2.822
-1.515,-2.614
-2.358,-2.808
-2.489,-2.592
-2.341,-2.816
1.632,1.453
1.258,1.539
0.107,1.501
-1.188,1.621
-2.189,1.575
3.072,-1.77
2.674,-1.801
1.48,-0.064
0.789,-0.645
0.715,-0.063
0.702,-2.186
0.488,-2.21
1.932,-1.727
-0.286,-1.506
-2.16,0.418
-2.426,0.976
-2.466,0.851
1.52,-1.76
0.82,-1.035
0.468,-0.452
0.276,0.139
-2.591,-0.453
-2.836,-2.503
2.338,-2.473
-1.442,-2.504
2.674,-2.906
1.952,-2.993
0.675,-3.055
-1.801,-3.008
0.053,-0.653
0.019,-0.988
-0.1,-0.564
-0.094,-1.025
-0.154,-1.425
-0.165,-0.395
-0.114,-0.436
-0.212,-1.593
-0.134,1.811
-0.15,-1.099
-0.164,0.557
-0.255,1.604
-0.305,-0.04
-0.316,-1.816
-0.335,-0.498
-0.409,0.396
-0.464,-1.085
-0.428,-0.365
-0.491,-0.761
-0.54,1.24
-0.557,-1.938
-0.564,-0.073
-0.501,0.988
-0.533,1.785
-0.584,-1.626
-0.69,-1.418
-0.673,-1.681
-0.731,1.647
-0.813,-2.075
-0.827,-0.215
-0.859,0.676
-0.875,-1.679
-1.013,0.939
-1.007,0.256
-1.033,-0.004
-1.107,-0.316
-1.286,-0.824
-1.491,-1.265
-1.501,-0.947
-1.578,1.384
-1.651,-0.032
-1.674,-0.714
-1.663,1.675
-1.718,-1.301
-1.708,0.473
-1.75,0.801
-1.87,-0.658
-1.872,0.325
-1.875,-0.785
-2.05,-1.921
-2.136,-0.642
-2.176,-0.878
-2.212,0.033
-2.3,-1.015
-2.296,-0.477
-2.323,-0.92
-2.403,-2.164
-2.409,-0.063
-2.495,1.274
-2.434,-0.457
-2.501,1.453
-2.534,1.405
-2.521,-2.025
-2.603,0.165
-2.614,-0.566
-2.633,0.343
-2.647,-0.442
-2.604,0.853
-2.69,0.102
-2.622,-0.91
-2.702,-0.593
-2.792,-0.726
-2.756,1.102
-2.833,-0.476
3.001,-2.206
2.738,-2.524
2.653,-2.374
2.421,-2.407
1.635,-2.188
1.232,-2.248
0.875,-2.4
0.109,-2.211
0.021,-2.508
-0.098,-2.585
-0.205,-2.606
-0.271,-2.488
-0.692,-2.618
-1.117,-2.459
-1.459,-2.645
-1.712,-2.259
-2.271,-2.457
-2.506,-2.459
2.689,1.841
2.575,1.95
1.816,1.756
-0.564,1.88
-0.694,1.958
-0.707,1.94
-0.846,1.933
-0.857,1.974
-1.774,1.612
-2.72,1.873
-2.99,-1.009
2.795,-0.699
2.083,-0.624
-2.567,-0.38
-2.681,-1.458
1.591,-2.48
-1.271,-2.562
-2.9,0.364
-2.854,-0.111
-3.029,1.7
-3.029,-0.963
-2.971,-1.182
-3.124,0.892
2.998,-1.142
2.92,0.236
3.038,0.175
2.872,-0.561
2.719,0.243
2.555,-1.973
2.594,-0.069
2.491,0.1
2.35,1.21
2.439,0.994
2.302,-0.864
2.218,0.031
1.933,1.498
1.912,-0.95
1.91,-0.888
1.997,-0.608
1.7,-0.903
1.603,-1.572
1.604,0.064
1.43,1.491
1.508,0.769
1.352,1.237
1.312,1.071
1.292,-1.094
1.275,-0.799
1.339,0.311
1.201,-1.206
1.164,-1.405
1.183,1.58
1.142,1.172
1.087,-1.138
0.848,-0.427
0.988,-0.938
0.984,1.125
0.95,-0.884
0.943,-1.178
0.8,0.317
0.802,1.472
0.848,-1.357
0.608,-1.124
0.697,-1.449
0.524,0.602
0.557,-0.055
0.427,-0.48
0.469,-0.404
0.469,0.467
0.292,1.654
0.391,-1.417
0.284,0.53
0.193,-0.801
0.124,1.43
0.024,-1.924
-0.105,0.627
-0.037,-1.369
-0.109,-2.143
-0.379,1.247
-0.438,0.965
-0.479,1.443
-0.504,-0.492
-0.639,1.359
-0.722,0.883
-0.771,-0.929
-1.416,1.692
-1.887,0.369
-1.897,0.468
-2.058,0.436
-2.477,-2.119
-2.463,-1.236
-2.359,-0.736
-2.468,0.08
-2.653,0.003
-2.727,0.25
-2.763,-2.076
-2.786,-2.057
-2.808,-1.376
-2.838,-1.624
-2.858,-1.395
-2.789,-2.214
-2.973,-2.359
-2.995,-2.419
2.891,-2.43
2.08,-2.221
1.954,-2.242
1.759,-2.299
1.159,-2.506
0.537,-2.529
0.523,-2.403
0.187,-2.573
0.248,-2.492
0.194,-2.45
0.027,-2.255
-0.133,-2.593
-0.667,-2.594
-0.784,-2.415
-1.264,-2.506
-1.468,-2.298
-2.311,-2.492
-2.442,-2.276
-2.294,-2.5
1.679,1.769
1.305,1.855
0.154,1.817
-1.141,1.937
-2.142,1.891
3.119,-1.454
2.721,-1.485
1.527,0.252
0.836,-0.329
0.762,0.253
0.749,-1.87
0.535,-1.894
1.979,-1.411
-0.239,-1.19
-2.113,0.734
-2.379,1.292
-2.419,1.167
1.567,-1.444
0.867,-0.719
0.515,-0.136
0.323,0.455
-2.544,-0.137
-2.789,-2.187
2.385,-2.157
-1.395,-2.188
2.721,-2.59
1.999,-2.677
0.722,-2.739
-1.754,-2.692
-0.034,-0.335
-0.153,0.089
-0.147,-0.372
-0.207,-0.772
-0.218,0.258
-0.167,0.217
-0.265,-0.94
-0.187,2.464
-0.203,-0.446
-0.217,1.21
-0.308,2.257
-0.358,0.613
-0.369,-1.163
-0.388,0.155
-0.462,1.049
-0.517,-0.432
-0.481,0.288
-0.544,-0.108
-0.593,1.893
-0.61,-1.285
-0.617,0.58
-0.554,1.641
-0.586,2.438
-0.637,-0.973
-0.743,-0.765
-0.726,-1.028
-0.784,2.3
-0.866,-1.422
-0.88,0.438
-0.912,1.329
-0.928,-1.026
-1.066,1.592
-1.06,0.909
-1.086,0.649
-1.16,0.337
-1.339,-0.171
-1.544,-0.612
-1.554,-0.294
-1.631,2.037
-1.704,0.621
-1.727,-0.061
-1.716,2.328
-1.771,-0.648
-1.761,1.126
-1.803,1.454
-1.923,-0.005
-1.925,0.978
-1.928,-0.132
-2.103,-1.268
-2.189,0.011
-2.229,-0.225
-2.265,0.686
-2.353,-0.362
-2.349,0.176
-2.376,-0.267
-2.456,-1.511
-2.462,0.59
-2.548,1.927
-2.487,0.196
-2.554,2.106
-2.587,2.058
-2.574,-1.372
-2.656,0.818
-2.667,0.087
-2.686,0.996
-2.7,0.211
-2.657,1.506
-2.743,0.755
-2.675,-0.257
-2.755,0.06
-2.845,-0.073
-2.809,1.755
-2.886,0.177
2.948,-1.553
2.685,-1.871
2.6,-1.721
2.368,-1.754
1.582,-1.535
1.179,-1.595
0.822,-1.747
0.056,-1.558
-0.032,-1.855
-0.151,-1.932
-0.258,-1.953
-0.324,-1.835
-0.745,-1.965
-1.17,-1.806
-1.512,-1.992
-1.765,-1.606
-2.324,-1.804
-2.559,-1.806
2.636,2.494
2.522,2.603
1.763,2.409
-0.617,2.533
-0.747,2.611
-0.76,2.593
-0.899,2.586
-0.91,2.627
-1.827,2.265
-2.773,2.526
-3.043,-0.356
2.742,-0.046
2.03,0.029
-2.62,0.273
-2.734,-0.805
1.538,-1.827
-1.324,-1.909
-2.953,1.017
-2.907,0.542
-3.082,2.353
-3.082,-0.31
-3.024,-0.529
3.106,1.545
2.945,-0.489
2.867,0.889
2.985,0.828
2.819,0.092
2.666,0.896
2.502,-1.32
2.541,0.584
2.438,0.753
2.297,1.863
2.386,1.647
2.249,-0.211
2.165,0.684
1.88,2.151
1.859,-0.297
1.857,-0.235
1.944,0.045
1.647,-0.25
1.55,-0.919
1.551,0.717
1.377,2.144
1.455,1.422
1.299,1.89
1.259,1.724
1.239,-0.441
1.222,-0.146
1.286,0.964
1.148,-0.553
1.111,-0.752
1.13,2.233
1.089,1.825
1.034,-0.485
0.795,0.226
0.935,-0.285
0.931,1.778
0.897,-0.231
0.89,-0.525
0.747,0.97
0.749,2.125
0.795,-0.704
0.555,-0.471
0.644,-0.796
0.471,1.255
0.504,0.598
0.374,0.173
0.416,0.249
0.416,1.12
0.239,2.307
0.338,-0.764
0.231,1.183
0.14,-0.148
0.071,2.083
-0.029,-1.271
-0.158,1.28
-0.09,-0.716
-0.162,-1.49
-0.432,1.9
-0.491,1.618
-0.532,2.096
-0.557,0.161
-0.692,2.012
-0.775,1.536
-0.824,-0.276
-1.469,2.345
-1.94,1.022
-1.95,1.121
-2.111,1.089
-2.53,-1.466
-2.516,-0.583
-2.412,-0.083
-2.521,0.733
-2.706,0.656
-2.78,0.903
-2.816,-1.423
-2.839,-1.404
-2.861,-0.723
-2.891,-0.971
-2.911,-0.742
-2.842,-1.561
-3.026,-1.706
-3.048,-1.766
2.838,-1.777
2.027,-1.568
1.901,-1.589
1.706,-1.646
1.106,-1.853
0.484,-1.876
0.47,-1.75
0.134,-1.92
0.195,-1.839
0.141,-1.797
-0.026,-1.602
-0.186,-1.94
-0.72,-1.941
-0.837,-1.762
-1.317,-1.853
-1.521,-1.645
-2.364,-1.839
-2.495,-1.623
-2.347,-1.847
1.626,2.422
1.252,2.508
0.101,2.47
-1.194,2.59
-2.195,2.544
3.066,-0.801
2.668,-0.832
1.474,0.905
0.783,0.324
0.709,0.906
0.696,-1.217
0.482,-1.241
1.926,-0.758
-0.292,-0.537
-2.166,1.387
-2.432,1.945
-2.472,1.82
1.514,-0.791
0.814,-0.066
0.462,0.517
0.27,1.108
-2.597,0.516
-2.842,-1.534
2.332,-1.504
-1.448,-1.535
2.668,-1.937
1.946,-2.024
0.669,-2.086
-1.807,-2.039
-0.119,0.424
-0.113,-0.037
-0.173,-0.437
-0.184,0.593
-0.133,0.552
-0.231,-0.605
-0.153,2.799
-0.169,-0.111
-0.183,1.545
-0.274,2.592
-0.324,0.948
-0.335,-0.828
-0.354,0.49
-0.428,1.384
-0.483,-0.097
-0.447,0.623
-0.51,0.227
-0.559,2.228
-0.576,-0.95
-0.583,0.915
-0.52,1.976
-0.552,2.773
-0.603,-0.638
-0.709,-0.43
-0.692,-0.693
-0.75,2.635
-0.832,-1.087
-0.846,0.773
-0.878,1.664
-0.894,-0.691
-1.032,1.927
-1.026,1.244
-1.052,0.984
-1.126,0.672
-1.305,0.164
-1.51,-0.277
-1.52,0.041
-1.597,2.372
-1.67,0.956
-1.693,0.274
-1.682,2.663
-1.737,-0.313
-1.727,1.461
-1.769,1.789
-1.889,0.33
-1.891,1.313
-1.894,0.203
-2.069,-0.933
-2.155,0.346
-2.195,0.11
-2.231,1.021
-2.319,-0.027
-2.315,0.511
-2.342,0.068
-2.422,-1.176
-2.428,0.925
-2.514,2.262
-2.453,0.531
-2.52,2.441
-2.553,2.393
-2.54,-1.037
-2.622,1.153
-2.633,0.422
-2.652,1.331
-2.666,0.546
-2.623,1.841
-2.709,1.09
-2.641,0.078
-2.721,0.395
-2.811,0.262
-2.775,2.09
-2.852,0.512
2.982,-1.218
2.719,-1.536
2.634,-1.386
2.402,-1.419
1.616,-1.2
1.213,-1.26
0.856,-1.412
0.09,-1.223
0.002,-1.52
-0.117,-1.597
-0.224,-1.618
-0.29,-1.5
-0.711,-1.63
-1.136,-1.471
-1.478,-1.657
-1.731,-1.271
-2.29,-1.469
-2.525,-1.471
2.67,2.829
2.556,2.938
1.797,2.744
-0.583,2.868
-0.713,2.946
-0.726,2.928
-0.865,2.921
-0.876,2.962
-1.793,2.6
-2.739,2.861
-3.009,-0.021
2.776,0.289
2.064,0.364
-2.586,0.608
-2.7,-0.47
1.572,-1.492
-1.29,-1.574
-2.919,1.352
-2.873,0.877
-3.048,2.688
-3.048,0.025
-2.99,-0.194
3.14,1.88
2.979,-0.154
2.901,1.224
3.019,1.163
2.853,0.427
2.7,1.231
2.536,-0.985
2.575,0.919
2.472,1.088
2.331,2.198
2.42,1.982
2.283,0.124
2.199,1.019
1.914,2.486
1.893,0.038
1.891,0.1
1.978,0.38
1.681,0.085
1.584,-0.584
1.585,1.052
1.411,2.479
1.489,1.757
1.333,2.225
1.293,2.059
1.273,-0.106
1.256,0.189
1.32,1.299
1.182,-0.218
1.145,-0.417
1.164,2.568
1.123,2.16
1.068,-0.15
0.829,0.561
0.969,0.05
0.965,2.113
0.931,0.104
0.924,-0.19
0.781,1.305
0.783,2.46
0.829,-0.369
0.589,-0.136
0.678,-0.461
0.505,1.59
0.538,0.933
0.408,0.508
0.45,0.584
0.45,1.455
0.273,2.642
0.372,-0.429
0.265,1.518
0.174,0.187
0.105,2.418
0.005,-0.936
-0.124,1.615
-0.056,-0.381
-0.128,-1.155
-0.398,2.235
-0.457,1.953
-0.498,2.431
-0.523,0.496
-0.658,2.347
-0.741,1.871
-0.79,0.059
-1.435,2.68
-1.906,1.357
-1.916,1.456
-2.077,1.424
-2.496,-1.131
-2.482,-0.248
-2.378,0.252
-2.487,1.068
-2.672,0.991
-2.746,1.238
-2.782,-1.088
-2.805,-1.069
-2.827,-0.388
-2.857,-0.636
-2.877,-0.407
-2.808,-1.226
-2.992,-1.371
-3.014,-1.431
2.872,-1.442
2.061,-1.233
1.935,-1.254
1.74,-1.311
1.14,-1.518
0.518,-1.541
0.504,-1.415
0.168,-1.585
0.229,-1.504
0.175,-1.462
0.008,-1.267
-0.152,-1.605
-0.686,-1.606
-0.803,-1.427
-1.283,-1.518
-1.487,-1.31
-2.33,-1.504
-2.461,-1.288
-2.313,-1.512
1.66,2.757
1.286,2.843
0.135,2.805
-1.16,2.925
-2.161,2.879
3.1,-0.466
2.702,-0.497
1.508,1.24
0.817,0.659
0.743,1.241
0.73,-0.882
0.516,-0.906
1.96,-0.423
-0.258,-0.202
-2.132,1.722
-2.398,2.28
-2.438,2.155
1.548,-0.456
0.848,0.269
0.496,0.852
0.304,1.443
-2.563,0.851
-2.808,-1.199
2.366,-1.169
-1.414,-1.2
2.702,-1.602
1.98,-1.689
0.703,-1.751
-1.773,-1.704
0.006,-0.461
-0.054,-0.861
-0.065,0.169
-0.014,0.128
-0.112,-1.029
-0.034,2.375
-0.05,-0.535
-0.064,1.121
-0.155,2.168
-0.205,0.524
-0.216,-1.252
-0.235,0.066
-0.309,0.96
-0.364,-0.521
-0.328,0.199
-0.391,-0.197
-0.44,1.804
-0.457,-1.374
-0.464,0.491
-0.401,1.552
-0.433,2.349
-0.484,-1.062
-0.59,-0.854
-0.573,-1.117
-0.631,2.211
-0.713,-1.511
-0.727,0.349
-0.759,1.24
-0.775,-1.115
-0.913,1.503
-0.907,0.82
-0.933,0.56
-1.007,0.248
-1.186,-0.26
-1.391,-0.701
-1.401,-0.383
-1.478,1.948
-1.551,0.532
-1.574,-0.15
-1.563,2.239
-1.618,-0.737
-1.608,1.037
-1.65,1.365
-1.77,-0.094
-1.772,0.889
-1.775,-0.221
-1.95,-1.357
-2.036,-0.078
-2.076,-0.314
-2.112,0.597
-2.2,-0.451
-2.196,0.087
-2.223,-0.356
-2.303,-1.6
-2.309,0.501
-2.395,1.838
-2.334,0.107
-2.401,2.017
-2.434,1.969
-2.421,-1.461
-2.503,0.729
-2.514,-0.002
-2.533,0.907
-2.547,0.122
-2.504,1.417
-2.59,0.666
-2.522,-0.346
-2.602,-0.029
-2.692,-0.162
-2.656,1.666
-2.733,0.088
3.101,-1.642
2.838,-1.96
2.753,-1.81
2.521,-1.843
1.735,-1.624
1.332,-1.684
0.975,-1.836
0.209,-1.647
0.121,-1.944
0.002,-2.021
-0.105,-2.042
-0.171,-1.924
-0.592,-2.054
-1.017,-1.895
-1.359,-2.081
-1.612,-1.695
-2.171,-1.893
-2.406,-1.895
2.789,2.405
2.675,2.514
1.916,2.32
-0.464,2.444
-0.594,2.522
-0.607,2.504
-0.746,2.497
-0.757,2.538
-1.674,2.176
-2.62,2.437
-2.89,-0.445
2.895,-0.135
2.183,-0.06
-2.467,0.184
-2.581,-0.894
1.691,-1.916
-1.171,-1.998
-2.8,0.928
-2.754,0.453
-2.929,2.264
-2.929,-0.399
-2.871,-0.618
-3.024,1.456
3.098,-0.578
3.02,0.8
3.138,0.739
2.972,0.003
2.819,0.807
2.655,-1.409
2.694,0.495
2.591,0.664
2.45,1.774
2.539,1.558
2.402,-0.3
2.318,0.595
2.033,2.062
2.012,-0.386
2.01,-0.324
2.097,-0.044
1.8,-0.339
1.703,-1.008
1.704,0.628
1.53,2.055
1.608,1.333
1.452,1.801
1.412,1.635
1.392,-0.53
1.375,-0.235
1.439,0.875
1.301,-0.642
1.264,-0.841
1.283,2.144
1.242,1.736
1.187,-0.574
0.948,0.137
1.088,-0.374
1.084,1.689
1.05,-0.32
1.043,-0.614
0.9,0.881
0.902,2.036
0.948,-0.793
0.708,-0.56
0.797,-0.885
0.624,1.166
0.657,0.509
0.527,0.084
0.569,0.16
0.569,1.031
0.392,2.218
0.491,-0.853
0.384,1.094
0.293,-0.237
0.224,1.994
0.124,-1.36
-0.005,1.191
0.063,-0.805
-0.009,-1.579
-0.279,1.811
-0.338,1.529
-0.379,2.007
-0.404,0.072
-0.539,1.923
-0.622,1.447
-0.671,-0.365
-1.316,2.256
-1.787,0.933
-1.797,1.032
-1.958,1.0
-2.377,-1.555
-2.363,-0.672
-2.259,-0.172
-2.368,0.644
-2.553,0.567
-2.627,0.814
-2.663,-1.512
-2.686,-1.493
-2.708,-0.812
-2.738,-1.06
-2.758,-0.831
-2.689,-1.65
-2.873,-1.795
-2.895,-1.855
2.991,-1.866
2.18,-1.657
2.054,-1.678
1.859,-1.735
1.259,-1.942
0.637,-1.965
0.623,-1.839
0.287,-2.009
0.348,-1.928
0.294,-1.886
0.127,-1.691
-0.033,-2.029
-0.567,-2.03
-0.684,-1.851
-1.164,-1.942
-1.368,-1.734
-2.211,-1.928
-2.342,-1.712
-2.194,-1.936
1.779,2.333
1.405,2.419
0.254,2.381
-1.041,2.501
-2.042,2.455
-3.064,-0.89
2.821,-0.921
1.627,0.816
0.936,0.235
0.862,0.817
0.849,-1.306
0.635,-1.33
2.079,-0.847
-0.139,-0.626
-2.013,1.298
-2.279,1.856
-2.319,1.731
1.667,-0.88
0.967,-0.155
0.615,0.428
0.423,1.019
-2.444,0.427
-2.689,-1.623
2.485,-1.593
-1.295,-1.624
2.821,-2.026
2.099,-2.113
0.822,-2.175
-1.654,-2.128
-0.06,-0.4
-0.071,0.63
-0.02,0.589
-0.118,-0.568
-0.04,2.836
-0.056,-0.074
-0.07,1.582
-0.161,2.629
-0.211,0.985
-0.222,-0.791
-0.241,0.527
-0.315,1.421
-0.37,-0.06
-0.334,0.66
-0.397,0.264
-0.446,2.265
-0.463,-0.913
-0.47,0.952
-0.407,2.013
-0.439,2.81
-0.49,-0.601
-0.596,-0.393
-0.579,-0.656
-0.637,2.672
-0.719,-1.05
-0.733,0.81
-0.765,1.701
-0.781,-0.654
-0.919,1.964
-0.913,1.281
-0.939,1.021
-1.013,0.709
-1.192,0.201
-1.397,-0.24
-1.407,0.078
-1.484,2.409
-1.557,0.993
-1.58,0.311
-1.569,2.7
-1.624,-0.276
-1.614,1.498
-1.656,1.826
-1.776,0.367
-1.778,1.35
-1.781,0.24
-1.956,-0.896
-2.042,0.383
-2.082,0.147
-2.118,1.058
-2.206,0.01
-2.202,0.548
-2.229,0.105
-2.309,-1.139
-2.315,0.962
-2.401,2.299
-2.34,0.568
-2.407,2.478
-2.44,2.43
-2.427,-1.0
-2.509,1.19
-2.52,0.459
-2.539,1.368
-2.553,0.583
-2.51,1.878
-2.596,1.127
-2.528,0.115
-2.608,0.432
-2.698,0.299
-2.662,2.127
-2.739,0.549
3.095,-1.181
2.832,-1.499
2.747,-1.349
2.515,-1.382
1.729,-1.163
1.326,-1.223
0.969,-1.375
0.203,-1.186
0.115,-1.483
-0.004,-1.56
-0.111,-1.581
-0.177,-1.463
-0.598,-1.593
-1.023,-1.434
-1.365,-1.62
-1.618,-1.234
-2.177,-1.432
-2.412,-1.434
2.783,2.866
2.669,2.975
1.91,2.781
-0.47,2.905
-0.6,2.983
-0.613,2.965
-0.752,2.958
-0.763,2.999
-1.68,2.637
-2.626,2.898
-2.896,0.016
2.889,0.326
2.177,0.401
-2.473,0.645
-2.587,-0.433
1.685,-1.455
-1.177,-1.537
-2.806,1.389
-2.76,0.914
-2.935,2.725
-2.935,0.062
-2.877,-0.157
-3.03,1.917
3.092,-0.117
3.014,1.261
3.132,1.2
2.966,0.464
2.813,1.268
2.649,-0.948
2.688,0.956
2.585,1.125
2.444,2.235
2.533,2.019
2.396,0.161
2.312,1.056
2.027,2.523
2.006,0.075
2.004,0.137
2.091,0.417
1.794,0.122
1.697,-0.547
1.698,1.089
1.524,2.516
1.602,1.794
1.446,2.262
1.406,2.096
1.386,-0.069
1.369,0.226
1.433,1.336
1.295,-0.181
1.258,-0.38
1.277,2.605
1.236,2.197
1.181,-0.113
0.942,0.598
1.082,0.087
1.078,2.15
1.044,0.141
1.037,-0.153
0.894,1.342
0.896,2.497
0.942,-0.332
0.702,-0.099
0.791,-0.424
0.618,1.627
0.651,0.97
0.521,0.545
0.563,0.621
0.563,1.492
0.386,2.679
0.485,-0.392
0.378,1.555
0.287,0.224
0.218,2.455
0.118,-0.899
-0.011,1.652
0.057,-0.344
-0.015,-1.118
-0.285,2.272
-0.344,1.99
-0.385,2.468
-0.41,0.533
-0.545,2.384
-0.628,1.908
-0.677,0.096
-1.322,2.717
-1.793,1.394
-1.803,1.493
-1.964,1.461
-2.383,-1.094
-2.369,-0.211
-2.265,0.289
-2.374,1.105
-2.559,1.028
-2.633,1.275
-2.669,-1.051
-2.692,-1.032
-2.714,-0.351
-2.744,-0.599
-2.764,-0.37
-2.695,-1.189
-2.879,-1.334
-2.901,-1.394
2.985,-1.405
2.174,-1.196
2.048,-1.217
1.853,-1.274
1.253,-1.481
0.631,-1.504
0.617,-1.378
0.281,-1.548
0.342,-1.467
0.288,-1.425
0.121,-1.23
-0.039,-1.568
-0.573,-1.569
-0.69,-1.39
-1.17,-1.481
-1.374,-1.273
-2.217,-1.467
-2.348,-1.251
-2.2,-1.475
1.773,2.794
1.399,2.88
0.248,2.842
-1.047,2.962
-2.048,2.916
-3.07,-0.429
2.815,-0.46
1.621,1.277
0.93,0.696
0.856,1.278
0.843,-0.845
0.629,-0.869
2.073,-0.386
-0.145,-0.165
-2.019,1.759
-2.285,2.317
-2.325,2.192
1.661,-0.419
0.961,0.306
0.609,0.889
0.417,1.48
-2.45,0.888
-2.695,-1.162
2.479,-1.132
-1.301,-1.163
2.815,-1.565
2.093,-1.652
0.816,-1.714
-1.66,-1.667
-0.011,1.03
0.04,0.989
-0.058,-0.168
0.02,3.236
0.004,0.326
-0.01,1.982
-0.101,3.029
-0.151,1.385
-0.162,-0.391
-0.181,0.927
-0.255,1.821
-0.31,0.34
-0.274,1.06
-0.337,0.664
-0.386,2.665
-0.403,-0.513
-0.41,1.352
-0.347,2.413
-0.379,3.21
-0.43,-0.201
-0.536,0.007
-0.519,-0.256
-0.577,3.072
-0.659,-0.65
-0.673,1.21
-0.705,2.101
-0.721,-0.254
-0.859,2.364
-0.853,1.681
-0.879,1.421
-0.953,1.109
-1.132,0.601
-1.337,0.16
-1.347,0.478
-1.424,2.809
-1.497,1.393
-1.52,0.711
-1.509,3.1
-1.564,0.124
-1.554,1.898
-1.596,2.226
-1.716,0.767
-1.718,1.75
-1.721,0.64
-1.896,-0.496
-1.982,0.783
-2.022,0.547
-2.058,1.458
-2.146,0.41
-2.142,0.948
-2.169,0.505
-2.249,-0.739
-2.255,1.362
-2.341,2.699
-2.28,0.968
-2.347,2.878
-2.38,2.83
-2.367,-0.6
-2.449,1.59
-2.46,0.859
-2.479,1.768
-2.493,0.983
-2.45,2.278
-2.536,1.527
-2.468,0.515
-2.548,0.832
-2.638,0.699
-2.602,2.527
-2.679,0.949
-3.128,-0.781
2.892,-1.099
2.807,-0.949
2.575,-0.982
1.789,-0.763
1.386,-0.823
1.029,-0.975
0.263,-0.786
0.175,-1.083
0.056,-1.16
-0.051,-1.181
-0.117,-1.063
-0.538,-1.193
-0.963,-1.034
-1.305,-1.22
-1.558,-0.834
-2.117,-1.032
-2.352,-1.034
2.843,3.266
2.729,3.375
1.97,3.181
-0.41,3.305
-0.54,3.383
-0.553,3.365
-0.692,3.358
-0.703,3.399
-1.62,3.037
-2.566,3.298
-2.836,0.416
2.949,0.726
2.237,0.801
-2.413,1.045
-2.527,-0.033
1.745,-1.055
-1.117,-1.137
-2.746,1.789
-2.7,1.314
-2.875,3.125
-2.875,0.462
-2.817,0.243
-2.97,2.317
-3.131,0.283
3.074,1.661
-3.091,1.6
3.026,0.864
2.873,1.668
2.709,-0.548
2.748,1.356
2.645,1.525
2.504,2.635
2.593,2.419
2.456,0.561
2.372,1.456
2.087,2.923
2.066,0.475
2.064,0.537
2.151,0.817
1.854,0.522
1.757,-0.147
1.758,1.489
1.584,2.916
1.662,2.194
1.506,2.662
1.466,2.496
1.446,0.331
1.429,0.626
1.493,1.736
1.355,0.219
1.318,0.02
1.337,3.005
1.296,2.597
1.241,0.287
1.002,0.998
1.142,0.487
1.138,2.55
1.104,0.541
1.097,0.247
0.954,1.742
0.956,2.897
1.002,0.068
0.762,0.301
0.851,-0.024
0.678,2.027
0.711,1.37
0.581,0.945
0.623,1.021
0.623,1.892
0.446,3.079
0.545,0.008
0.438,1.955
0.347,0.624
0.278,2.855
0.178,-0.499
0.049,2.052
0.117,0.056
0.045,-0.718
-0.225,2.672
-0.284,2.39
-0.325,2.868
-0.35,0.933
-0.485,2.784
-0.568,2.308
-0.617,0.496
-1.262,3.117
-1.733,1.794
-1.743,1.893
-1.904,1.861
-2.323,-0.694
-2.309,0.189
-2.205,0.689
-2.314,1.505
-2.499,1.428
-2.573,1.675
-2.609,-0.651
-2.632,-0.632
-2.654,0.049
-2.684,-0.199
-2.704,0.03
-2.635,-0.789
-2.819,-0.934
-2.841,-0.994
3.045,-1.005
2.234,-0.796
2.108,-0.817
1.913,-0.874
1.313,-1.081
0.691,-1.104
0.677,-0.978
0.341,-1.148
0.402,-1.067
0.348,-1.025
0.181,-0.83
0.021,-1.168
-0.513,-1.169
-0.63,-0.99
-1.11,-1.081
-1.314,-0.873
-2.157,-1.067
-2.288,-0.851
-2.14,-1.075
1.833,3.194
1.459,3.28
0.308,3.242
-0.987,3.362
-1.988,3.316
-3.01,-0.029
2.875,-0.06
1.681,1.677
0.99,1.096
0.916,1.678
0.903,-0.445
0.689,-0.469
2.133,0.014
-0.085,0.235
-1.959,2.159
-2.225,2.717
-2.265,2.592
1.721,-0.019
1.021,0.706
0.669,1.289
0.477,1.88
-2.39,1.288
-2.635,-0.762
2.539,-0.732
-1.241,-0.763
2.875,-1.165
2.153,-1.252
0.876,-1.314
-1.6,-1.267
0.051,-0.041
-0.047,-1.198
0.031,2.206
0.015,-0.704
0.001,0.952
-0.09,1.999
-0.14,0.355
-0.151,-1.421
-0.17,-0.103
-0.244,0.791
-0.299,-0.69
-0.263,0.03
-0.326,-0.366
-0.375,1.635
-0.392,-1.543
-0.399,0.322
-0.336,1.383
-0.368,2.18
-0.419,-1.231
-0.525,-1.023
-0.508,-1.286
-0.566,2.042
-0.648,-1.68
-0.662,0.18
-0.694,1.071
-0.71,-1.284
-0.848,1.334
-0.842,0.651
-0.868,0.391
-0.942,0.079
-1.121,-0.429
-1.326,-0.87
-1.336,-0.552
-1.413,1.779
-1.486,0.363
-1.509,-0.319
-1.498,2.07
-1.553,-0.906
-1.543,0.868
-1.585,1.196
-1.705,-0.263
-1.707,0.72
-1.71,-0.39
-1.885,-1.526
-1.971,-0.247
-2.011,-0.483
-2.047,0.428
-2.135,-0.62
-2.131,-0.082
-2.158,-0.525
-2.238,-1.769
-2.244,0.332
-2.33,1.669
-2.269,-0.062
-2.336,1.848
-2.369,1.8
-2.356,-1.63
-2.438,0.56
-2.449,-0.171
-2.468,0.738
-2.482,-0.047
-2.439,1.248
-2.525,0.497
-2.457,-0.515
-2.537,-0.198
-2.627,-0.331
-2.591,1.497
-2.668,-0.081
-3.117,-1.811
2.903,-2.129
2.818,-1.979
2.586,-2.012
1.8,-1.793
1.397,-1.853
1.04,-2.005
0.274,-1.816
0.186,-2.113
0.067,-2.19
-0.04,-2.211
-0.106,-2.093
-0.527,-2.223
-0.952,-2.064
-1.294,-2.25
-1.547,-1.864
-2.106,-2.062
-2.341,-2.064
2.854,2.236
2.74,2.345
1.981,2.151
-0.399,2.275
-0.529,2.353
-0.542,2.335
-0.681,2.328
-0.692,2.369
-1.609,2.007
-2.555,2.268
-2.825,-0.614
2.96,-0.304
2.248,-0.229
-2.402,0.015
-2.516,-1.063
1.756,-2.085
-1.106,-2.167
-2.735,0.759
-2.689,0.284
-2.864,2.095
-2.864,-0.568
-2.806,-0.787
-2.959,1.287
-3.12,-0.747
3.085,0.631
-3.08,0.57
3.037,-0.166
2.884,0.638
2.72,-1.578
2.759,0.326
2.656,0.495
2.515,1.605
2.604,1.389
2.467,-0.469
2.383,0.426
2.098,1.893
2.077,-0.555
2.075,-0.493
2.162,-0.213
1.865,-0.508
1.768,-1.177
1.769,0.459
1.595,1.886
1.673,1.164
1.517,1.632
1.477,1.466
1.457,-0.699
1.44,-0.404
1.504,0.706
1.366,-0.811
1.329,-1.01
1.348,1.975
1.307,1.567
1.252,-0.743
1.013,-0.032
1.153,-0.543
1.149,1.52
1.115,-0.489
1.108,-0.783
0.965,0.712
0.967,1.867
1.013,-0.962
0.773,-0.729
0.862,-1.054
0.689,0.997
0.722,0.34
0.592,-0.085
0.634,-0.009
0.634,0.862
0.457,2.049
0.556,-1.022
0.449,0.925
0.358,-0.406
0.289,1.825
0.189,-1.529
0.06,1.022
0.128,-0.974
0.056,-1.748
-0.214,1.642
-0.273,1.36
-0.314,1.838
-0.339,-0.097
-0.474,1.754
-0.557,1.278
-0.606,-0.534
-1.251,2.087
-1.722,0.764
-1.732,0.863
-1.893,0.831
-2.312,-1.724
-2.298,-0.841
-2.194,-0.341
-2.303,0.475
-2.488,0.398
-2.562,0.645
-2.598,-1.681
-2.621,-1.662
-2.643,-0.981
-2.673,-1.229
-2.693,-1.0
-2.624,-1.819
-2.808,-1.964
-2.83,-2.024
3.056,-2.035
2.245,-1.826
2.119,-1.847
1.924,-1.904
1.324,-2.111
0.702,-2.134
0.688,-2.008
0.352,-2.178
0.413,-2.097
0.359,-2.055
0.192,-1.86
0.032,-2.198
-0.502,-2.199
-0.619,-2.02
-1.099,-2.111
-1.303,-1.903
-2.146,-2.097
-2.277,-1.881
-2.129,-2.105
1.844,2.164
1.47,2.25
0.319,2.212
-0.976,2.332
-1.977,2.286
-2.999,-1.059
2.886,-1.09
1.692,0.647
1.001,0.066
0.927,0.648
0.914,-1.475
0.7,-1.499
2.144,-1.016
-0.074,-0.795
-1.948,1.129
-2.214,1.687
-2.254,1.562
1.732,-1.049
1.032,-0.324
0.68,0.259
0.488,0.85
-2.379,0.258
-2.624,-1.792
2.55,-1.762
-1.23,-1.793
2.886,-2.195
2.164,-2.282
0.887,-2.344
-1.589,-2.297
-0.098,-1.157
-0.02,2.247
-0.036,-0.663
-0.05,0.993
-0.141,2.04
-0.191,0.396
-0.202,-1.38
-0.221,-0.062
-0.295,0.832
-0.35,-0.649
-0.314,0.071
-0.377,-0.325
-0.426,1.676
-0.443,-1.502
-0.45,0.363
-0.387,1.424
-0.419,2.221
-0.47,-1.19
-0.576,-0.982
-0.559,-1.245
-0.617,2.083
-0.699,-1.639
-0.713,0.221
-0.745,1.112
-0.761,-1.243
-0.899,1.375
-0.893,0.692
-0.919,0.432
-0.993,0.12
-1.172,-0.388
-1.377,-0.829
-1.387,-0.511
-1.464,1.82
-1.537,0.404
-1.56,-0.278
-1.549,2.111
-1.604,-0.865
-1.594,0.909
-1.636,1.237
-1.756,-0.222
-1.758,0.761
-1.761,-0.349
-1.936,-1.485
-2.022,-0.206
-2.062,-0.442
-2.098,0.469
-2.186,-0.579
-2.182,-0.041
-2.209,-0.484
-2.289,-1.728
-2.295,0.373
-2.381,1.71
-2.32,-0.021
-2.387,1.889
-2.42,1.841
-2.407,-1.589
-2.489,0.601
-2.5,-0.13
-2.519,0.779
-2.533,-0.006
-2.49,1.289
-2.576,0.538
-2.508,-0.474
-2.588,-0.157
-2.678,-0.29
-2.642,1.538
-2.719,-0.04
3.115,-1.77
2.852,-2.088
2.767,-1.938
2.535,-1.971
1.749,-1.752
1.346,-1.812
0.989,-1.964
0.223,-1.775
0.135,-2.072
0.016,-2.149
-0.091,-2.17
-0.157,-2.052
-0.578,-2.182
-1.003,-2.023
-1.345,-2.209
-1.598,-1.823
-2.157,-2.021
-2.392,-2.023
2.803,2.277
2.689,2.386
1.93,2.192
-0.45,2.316
-0.58,2.394
-0.593,2.376
-0.732,2.369
-0.743,2.41
-1.66,2.048
-2.606,2.309
-2.876,-0.573
2.909,-0.263
2.197,-0.188
-2.453,0.056
-2.567,-1.022
1.705,-2.044
-1.157,-2.126
-2.786,0.8
-2.74,0.325
-2.915,2.136
-2.915,-0.527
-2.857,-0.746
-3.01,1.328
3.112,-0.706
3.034,0.672
-3.131,0.611
2.986,-0.125
2.833,0.679
2.669,-1.537
2.708,0.367
2.605,0.536
2.464,1.646
2.553,1.43
2.416,-0.428
2.332,0.467
2.047,1.934
2.026,-0.514
2.024,-0.452
2.111,-0.172
1.814,-0.467
1.717,-1.136
1.718,0.5
1.544,1.927
1.622,1.205
1.466,1.673
1.426,1.507
1.406,-0.658
1.389,-0.363
1.453,0.747
1.315,-0.77
1.278,-0.969
1.297,2.016
1.256,1.608
1.201,-0.702
0.962,0.009
1.102,-0.502
1.098,1.561
1.064,-0.448
1.057,-0.742
0.914,0.753
0.916,1.908
0.962,-0.921
0.722,-0.688
0.811,-1.013
0.638,1.038
0.671,0.381
0.541,-0.044
0.583,0.032
0.583,0.903
0.406,2.09
0.505,-0.981
0.398,0.966
0.307,-0.365
0.238,1.866
0.138,-1.488
0.009,1.063
0.077,-0.933
0.005,-1.707
-0.265,1.683
-0.324,1.401
-0.365,1.879
-0.39,-0.056
-0.525,1.795
-0.608,1.319
-0.657,-0.493
-1.302,2.128
-1.773,0.805
-1.783,0.904
-1.944,0.872
-2.363,-1.683
-2.349,-0.8
-2.245,-0.3
-2.354,0.516
-2.539,0.439
-2.613,0.686
-2.649,-1.64
-2.672,-1.621
-2.694,-0.94
-2.724,-1.188
-2.744,-0.959
-2.675,-1.778
-2.859,-1.923
-2.881,-1.983
3.005,-1.994
2.194,-1.785
2.068,-1.806
1.873,-1.863
1.273,-2.07
0.651,-2.093
0.637,-1.967
0.301,-2.137
0.362,-2.056
0.308,-2.014
0.141,-1.819
-0.019,-2.157
-0.553,-2.158
-0.67,-1.979
-1.15,-2.07
-1.354,-1.862
-2.197,-2.056
-2.328,-1.84
-2.18,-2.064
1.793,2.205
1.419,2.291
0.268,2.253
-1.027,2.373
-2.028,2.327
-3.05,-1.018
2.835,-1.049
1.641,0.688
0.95,0.107
0.876,0.689
0.863,-1.434
0.649,-1.458
2.093,-0.975
-0.125,-0.754
-1.999,1.17
-2.265,1.728
-2.305,1.603
1.681,-1.008
0.981,-0.283
0.629,0.3
0.437,0.891
-2.43,0.299
-2.675,-1.751
2.499,-1.721
-1.281,-1.752
2.835,-2.154
2.113,-2.241
0.836,-2.303
-1.64,-2.256
0.078,3.404
0.062,0.494
0.048,2.15
-0.043,3.197
-0.093,1.553
-0.104,-0.223
-0.123,1.095
-0.197,1.989
-0.252,0.508
-0.216,1.228
-0.279,0.832
-0.328,2.833
-0.345,-0.345
-0.352,1.52
-0.289,2.581
-0.321,3.378
-0.372,-0.033
-0.478,0.175
-0.461,-0.088
-0.519,3.24
-0.601,-0.482
-0.615,1.378
-0.647,2.269
-0.663,-0.086
-0.801,2.532
-0.795,1.849
-0.821,1.589
-0.895,1.277
-1.074,0.769
-1.279,0.328
-1.289,0.646
-1.366,2.977
-1.439,1.561
-1.462,0.879
-1.451,3.268
-1.506,0.292
-1.496,2.066
-1.538,2.394
-1.658,0.935
-1.66,1.918
-1.663,0.808
-1.838,-0.328
-1.924,0.951
-1.964,0.715
-2.0,1.626
-2.088,0.578
-2.084,1.116
-2.111,0.673
-2.191,-0.571
-2.197,1.53
-2.283,2.867
-2.222,1.136
-2.289,3.046
-2.322,2.998
-2.309,-0.432
-2.391,1.758
-2.402,1.027
-2.421,1.936
-2.435,1.151
-2.392,2.446
-2.478,1.695
-2.41,0.683
-2.49,1.0
-2.58,0.867
-2.544,2.695
-2.621,1.117
-3.07,-0.613
2.95,-0.931
2.865,-0.781
2.633,-0.814
1.847,-0.595
1.444,-0.655
1.087,-0.807
0.321,-0.618
0.233,-0.915
0.114,-0.992
0.007,-1.013
-0.059,-0.895
-0.48,-1.025
-0.905,-0.866
-1.247,-1.052
-1.5,-0.666
-2.059,-0.864
-2.294,-0.866
2.901,3.434
2.787,3.543
2.028,3.349
-0.352,3.473
-0.482,3.551
-0.495,3.533
-0.634,3.526
-0.645,3.567
-1.562,3.205
-2.508,3.466
-2.778,0.584
3.007,0.894
2.295,0.969
-2.355,1.213
-2.469,0.135
1.803,-0.887
-1.059,-0.969
-2.688,1.957
-2.642,1.482
-2.817,3.293
-2.817,0.63
-2.759,0.411
-2.912,2.485
-3.073,0.451
3.132,1.829
-3.033,1.768
3.084,1.032
2.931,1.836
2.767,-0.38
2.806,1.524
2.703,1.693
2.562,2.803
2.651,2.587
2.514,0.729
2.43,1.624
2.145,3.091
2.124,0.643
2.122,0.705
2.209,0.985
1.912,0.69
1.815,0.021
1.816,1.657
1.642,3.084
1.72,2.362
1.564,2.83
1.524,2.664
1.504,0.499
1.487,0.794
1.551,1.904
1.413,0.387
1.376,0.188
1.395,3.173
1.354,2.765
1.299,0.455
1.06,1.166
1.2,0.655
1.196,2.718
1.162,0.709
1.155,0.415
1.012,1.91
1.014,3.065
1.06,0.236
0.82,0.469
0.909,0.144
0.736,2.195
0.769,1.538
0.639,1.113
0.681,1.189
0.681,2.06
0.504,3.247
0.603,0.176
0.496,2.123
0.405,0.792
0.336,3.023
0.236,-0.331
0.107,2.22
0.175,0.224
0.103,-0.55
-0.167,2.84
-0.226,2.558
-0.267,3.036
-0.292,1.101
-0.427,2.952
-0.51,2.476
-0.559,0.664
-1.204,3.285
-1.675,1.962
-1.685,2.061
-1.846,2.029
-2.265,-0.526
-2.251,0.357
-2.147,0.857
-2.256,1.673
-2.441,1.596
-2.515,1.843
-2.551,-0.483
-2.574,-0.464
-2.596,0.217
-2.626,-0.031
-2.646,0.198
-2.577,-0.621
-2.761,-0.766
-2.783,-0.826
3.103,-0.837
2.292,-0.628
2.166,-0.649
1.971,-0.706
1.371,-0.913
0.749,-0.936
0.735,-0.81
0.399,-0.98
0.46,-0.899
0.406,-0.857
0.239,-0.662
0.079,-1.0
-0.455,-1.001
-0.572,-0.822
-1.052,-0.913
-1.256,-0.705
-2.099,-0.899
-2.23,-0.683
-2.082,-0.907
1.891,3.362
1.517,3.448
0.366,3.41
-0.929,3.53
-1.93,3.484
-2.952,0.139
2.933,0.108
1.739,1.845
1.048,1.264
0.974,1.846
0.961,-0.277
0.747,-0.301
2.191,0.182
-0.027,0.403
-1.901,2.327
-2.167,2.885
-2.207,2.76
1.779,0.149
1.079,0.874
0.727,1.457
0.535,2.048
-2.332,1.456
-2.577,-0.594
2.597,-0.564
-1.183,-0.595
2.933,-0.997
2.211,-1.084
0.934,-1.146
-1.542,-1.099
-0.016,-2.91
-0.03,-1.254
-0.121,-0.207
-0.171,-1.851
-0.182,-3.627
-0.201,-2.309
-0.275,-1.415
-0.33,-2.896
-0.294,-2.176
-0.357,-2.572
-0.406,-0.571
-0.423,-3.749
-0.43,-1.884
-0.367,-0.823
-0.399,-0.026
-0.45,-3.437
-0.556,-3.229
-0.539,-3.492
-0.597,-0.164
-0.679,-3.886
-0.693,-2.026
-0.725,-1.135
-0.741,-3.49
-0.879,-0.872
-0.873,-1.555
-0.899,-1.815
-0.973,-2.127
-1.152,-2.635
-1.357,-3.076
-1.367,-2.758
-1.444,-0.427
-1.517,-1.843
-1.54,-2.525
-1.529,-0.136
-1.584,-3.112
-1.574,-1.338
-1.616,-1.01
-1.736,-2.469
-1.738,-1.486
-1.741,-2.596
-1.916,-3.732
-2.002,-2.453
-2.042,-2.689
-2.078,-1.778
-2.166,-2.826
-2.162,-2.288
-2.189,-2.731
-2.269,-3.975
-2.275,-1.874
-2.361,-0.537
-2.3,-2.268
-2.367,-0.358
-2.4,-0.406
-2.387,-3.836
-2.469,-1.646
-2.48,-2.377
-2.499,-1.468
-2.513,-2.253
-2.47,-0.958
-2.556,-1.709
-2.488,-2.721
-2.568,-2.404
-2.658,-2.537
-2.622,-0.709
-2.699,-2.287
3.135,-4.017
2.872,-4.335
2.787,-4.185
2.555,-4.218
1.769,-3.999
1.366,-4.059
1.009,-4.211
0.243,-4.022
0.155,-4.319
0.036,-4.396
-0.071,-4.417
-0.137,-4.299
-0.558,-4.429
-0.983,-4.27
-1.325,-4.456
-1.578,-4.07
-2.137,-4.268
-2.372,-4.27
2.823,0.03
2.709,0.139
1.95,-0.055
-0.43,0.069
-0.56,0.147
-0.573,0.129
-0.712,0.122
-0.723,0.163
-1.64,-0.199
-2.586,0.062
-2.856,-2.82
2.929,-2.51
2.217,-2.435
-2.433,-2.191
-2.547,-3.269
1.725,-4.291
-1.137,-4.373
-2.766,-1.447
-2.72,-1.922
-2.895,-0.111
-2.895,-2.774
-2.837,-2.993
-2.99,-0.919
3.132,-2.953
3.054,-1.575
-3.111,-1.636
3.006,-2.372
2.853,-1.568
2.689,-3.784
2.728,-1.88
2.625,-1.711
2.484,-0.601
2.573,-0.817
2.436,-2.675
2.352,-1.78
2.067,-0.313
2.046,-2.761
2.044,-2.699
2.131,-2.419
1.834,-2.714
1.737,-3.383
1.738,-1.747
1.564,-0.32
1.642,-1.042
1.486,-0.574
1.446,-0.74
1.426,-2.905
1.409,-2.61
1.473,-1.5
1.335,-3.017
1.298,-3.216
1.317,-0.231
1.276,-0.639
1.221,-2.949
0.982,-2.238
1.122,-2.749
1.118,-0.686
1.084,-2.695
1.077,-2.989
0.934,-1.494
0.936,-0.339
0.982,-3.168
0.742,-2.935
0.831,-3.26
0.658,-1.209
0.691,-1.866
0.561,-2.291
0.603,-2.215
0.603,-1.344
0.426,-0.157
0.525,-3.228
0.418,-1.281
0.327,-2.612
0.258,-0.381
0.158,-3.735
0.029,-1.184
0.097,-3.18
0.025,-3.954
-0.245,-0.564
-0.304,-0.846
-0.345,-0.368
-0.37,-2.303
-0.505,-0.452
-0.588,-0.928
-0.637,-2.74
-1.282,-0.119
-1.753,-1.442
-1.763,-1.343
-1.924,-1.375
-2.343,-3.93
-2.329,-3.047
-2.225,-2.547
-2.334,-1.731
-2.519,-1.808
-2.593,-1.561
-2.629,-3.887
-2.652,-3.868
-2.674,-3.187
-2.704,-3.435
-2.724,-3.206
-2.655,-4.025
-2.839,-4.17
-2.861,-4.23
3.025,-4.241
2.214,-4.032
2.088,-4.053
1.893,-4.11
1.293,-4.317
0.671,-4.34
0.657,-4.214
0.321,-4.384
0.382,-4.303
0.328,-4.261
0.161,-4.066
0.001,-4.404
-0.533,-4.405
-0.65,-4.226
-1.13,-4.317
-1.334,-4.109
-2.177,-4.303
-2.308,-4.087
-2.16,-4.311
1.813,-0.042
1.439,0.044
0.288,0.006
-1.007,0.126
-2.008,0.08
-3.03,-3.265
2.855,-3.296
1.661,-1.559
0.97,-2.14
0.896,-1.558
0.883,-3.681
0.669,-3.705
2.113,-3.222
-0.105,-3.001
-1.979,-1.077
-2.245,-0.519
-2.285,-0.644
1.701,-3.255
1.001,-2.53
0.649,-1.947
0.457,-1.356
-2.41,-1.948
-2.655,-3.998
2.519,-3.968
-1.261,-3.999
2.855,-4.401
2.133,-4.488
0.856,-4.55
-1.62,-4.503
-0.014,1.656
-0.105,2.703
-0.155,1.059
-0.166,-0.717
-0.185,0.601
-0.259,1.495
-0.314,0.014
-0.278,0.734
-0.341,0.338
-0.39,2.339
-0.407,-0.839
-0.414,1.026
-0.351,2.087
-0.383,2.884
-0.434,-0.527
-0.54,-0.319
-0.523,-0.582
-0.581,2.746
-0.663,-0.976
-0.677,0.884
-0.709,1.775
-0.725,-0.58
-0.863,2.038
-0.857,1.355
-0.883,1.095
-0.957,0.783
-1.136,0.275
-1.341,-0.166
-1.351,0.152
-1.428,2.483
-1.501,1.067
-1.524,0.385
-1.513,2.774
-1.568,-0.202
-1.558,1.572
-1.6,1.9
-1.72,0.441
-1.722,1.424
-1.725,0.314
-1.9,-0.822
-1.986,0.457
-2.026,0.221
-2.062,1.132
-2.15,0.084
-2.146,0.622
-2.173,0.179
-2.253,-1.065
-2.259,1.036
-2.345,2.373
-2.284,0.642
-2.351,2.552
-2.384,2.504
-2.371,-0.926
-2.453,1.264
-2.464,0.533
-2.483,1.442
-2.497,0.657
-2.454,1.952
-2.54,1.201
-2.472,0.189
-2.552,0.506
-2.642,0.373
-2.606,2.201
-2.683,0.623
-3.132,-1.107
2.888,-1.425
2.803,-1.275
2.571,-1.308
1.785,-1.089
1.382,-1.149
1.025,-1.301
0.259,-1.112
0.171,-1.409
0.052,-1.486
-0.055,-1.507
-0.121,-1.389
-0.542,-1.519
-0.967,-1.36
-1.309,-1.546
-1.562,-1.16
-2.121,-1.358
-2.356,-1.36
2.839,2.94
2.725,3.049
1.966,2.855
-0.414,2.979
-0.544,3.057
-0.557,3.039
-0.696,3.032
-0.707,3.073
-1.624,2.711
-2.57,2.972
-2.84,0.09
2.945,0.4
2.233,0.475
-2.417,0.719
-2.531,-0.359
1.741,-1.381
-1.121,-1.463
-2.75,1.463
-2.704,0.988
-2.879,2.799
-2.879,0.136
-2.821,-0.083
-2.974,1.991
-3.135,-0.043
3.07,1.335
-3.095,1.274
3.022,0.538
2.869,1.342
2.705,-0.874
2.744,1.03
2.641,1.199
2.5,2.309
2.589,2.093
2.452,0.235
2.368,1.13
2.083,2.597
2.062,0.149
2.06,0.211
2.147,0.491
1.85,0.196
1.753,-0.473
1.754,1.163
1.58,2.59
1.658,1.868
1.502,2.336
1.462,2.17
1.442,0.005
1.425,0.3
1.489,1.41
1.351,-0.107
1.314,-0.306
1.333,2.679
1.292,2.271
1.237,-0.039
0.998,0.672
1.138,0.161
1.134,2.224
1.1,0.215
1.093,-0.079
0.95,1.416
0.952,2.571
0.998,-0.258
0.758,-0.025
0.847,-0.35
0.674,1.701
0.707,1.044
0.577,0.619
0.619,0.695
0.619,1.566
0.442,2.753
0.541,-0.318
0.434,1.629
0.343,0.298
0.274,2.529
0.174,-0.825
0.045,1.726
0.113,-0.27
0.041,-1.044
-0.229,2.346
-0.288,2.064
-0.329,2.542
-0.354,0.607
-0.489,2.458
-0.572,1.982
-0.621,0.17
-1.266,2.791
-1.737,1.468
-1.747,1.567
-1.908,1.535
-2.327,-1.02
-2.313,-0.137
-2.209,0.363
-2.318,1.179
-2.503,1.102
-2.577,1.349
-2.613,-0.977
-2.636,-0.958
-2.658,-0.277
-2.688,-0.525
-2.708,-0.296
-2.639,-1.115
-2.823,-1.26
-2.845,-1.32
3.041,-1.331
2.23,-1.122
2.104,-1.143
1.909,-1.2
1.309,-1.407
0.687,-1.43
0.673,-1.304
0.337,-1.474
0.398,-1.393
0.344,-1.351
0.177,-1.156
0.017,-1.494
-0.517,-1.495
-0.634,-1.316
-1.114,-1.407
-1.318,-1.199
-2.161,-1.393
-2.292,-1.177
-2.144,-1.401
1.829,2.868
1.455,2.954
0.304,2.916
-0.991,3.036
-1.992,2.99
-3.014,-0.355
2.871,-0.386
1.677,1.351
0.986,0.77
0.912,1.352
0.899,-0.771
0.685,-0.795
2.129,-0.312
-0.089,-0.091
-1.963,1.833
-2.229,2.391
-2.269,2.266
1.717,-0.345
1.017,0.38
0.665,0.963
0.473,1.554
-2.394,0.962
-2.639,-1.088
2.535,-1.058
-1.245,-1.089
2.871,-1.491
2.149,-1.578
0.872,-1.64
-1.604,-1.593
-0.091,1.047
-0.141,-0.597
-0.152,-2.373
-0.171,-1.055
-0.245,-0.161
-0.3,-1.642
-0.264,-0.922
-0.327,-1.318
-0.376,0.683
-0.393,-2.495
-0.4,-0.63
-0.337,0.431
-0.369,1.228
-0.42,-2.183
-0.526,-1.975
-0.509,-2.238
-0.567,1.09
-0.649,-2.632
-0.663,-0.772
-0.695,0.119
-0.711,-2.236
-0.849,0.382
-0.843,-0.301
-0.869,-0.561
-0.943,-0.873
-1.122,-1.381
-1.327,-1.822
-1.337,-1.504
-1.414,0.827
-1.487,-0.589
-1.51,-1.271
-1.499,1.118
-1.554,-1.858
-1.544,-0.084
-1.586,0.244
-1.706,-1.215
-1.708,-0.232
-1.711,-1.342
-1.886,-2.478
-1.972,-1.199
-2.012,-1.435
-2.048,-0.524
-2.136,-1.572
-2.132,-1.034
-2.159,-1.477
-2.239,-2.721
-2.245,-0.62
-2.331,0.717
-2.27,-1.014
-2.337,0.896
-2.37,0.848
-2.357,-2.582
-2.439,-0.392
-2.45,-1.123
-2.469,-0.214
-2.483,-0.999
-2.44,0.296
-2.526,-0.455
-2.458,-1.467
-2.538,-1.15
-2.628,-1.283
-2.592,0.545
-2.669,-1.033
-3.118,-2.763
2.902,-3.081
2.817,-2.931
2.585,-2.964
1.799,-2.745
1.396,-2.805
1.039,-2.957
0.273,-2.768
0.185,-3.065
0.066,-3.142
-0.041,-3.163
-0.107,-3.045
-0.528,-3.175
-0.953,-3.016
-1.295,-3.202
-1.548,-2.816
-2.107,-3.014
-2.342,-3.016
2.853,1.284
2.739,1.393
1.98,1.199
-0.4,1.323
-0.53,1.401
-0.543,1.383
-0.682,1.376
-0.693,1.417
-1.61,1.055
-2.556,1.316
-2.826,-1.566
2.959,-1.256
2.247,-1.181
-2.403,-0.937
-2.517,-2.015
1.755,-3.037
-1.107,-3.119
-2.736,-0.193
-2.69,-0.668
-2.865,1.143
-2.865,-1.52
-2.807,-1.739
-2.96,0.335
-3.121,-1.699
3.084,-0.321
-3.081,-0.382
3.036,-1.118
2.883,-0.314
2.719,-2.53
2.758,-0.626
2.655,-0.457
2.514,0.653
2.603,0.437
2.466,-1.421
2.382,-0.526
2.097,0.941
2.076,-1.507
2.074,-1.445
2.161,-1.165
1.864,-1.46
1.767,-2.129
1.768,-0.493
1.594,0.934
1.672,0.212
1.516,0.68
1.476,0.514
1.456,-1.651
1.439,-1.356
1.503,-0.246
1.365,-1.763
1.328,-1.962
1.347,1.023
1.306,0.615
1.251,-1.695
1.012,-0.984
1.152,-1.495
1.148,0.568
1.114,-1.441
1.107,-1.735
0.964,-0.24
0.966,0.915
1.012,-1.914
0.772,-1.681
0.861,-2.006
0.688,0.045
0.721,-0.612
0.591,-1.037
0.633,-0.961
0.633,-0.09
0.456,1.097
0.555,-1.974
0.448,-0.027
0.357,-1.358
0.288,0.873
0.188,-2.481
0.059,0.07
0.127,-1.926
0.055,-2.7
-0.215,0.69
-0.274,0.408
-0.315,0.886
-0.34,-1.049
-0.475,0.802
-0.558,0.326
-0.607,-1.486
-1.252,1.135
-1.723,-0.188
-1.733,-0.089
-1.894,-0.121
-2.313,-2.676
-2.299,-1.793
-2.195,-1.293
-2.304,-0.477
-2.489,-0.554
-2.563,-0.307
-2.599,-2.633
-2.622,-2.614
-2.644,-1.933
-2.674,-2.181
-2.694,-1.952
-2.625,-2.771
-2.809,-2.916
-2.831,-2.976
3.055,-2.987
2.244,-2.778
2.118,-2.799
1.923,-2.856
1.323,-3.063
0.701,-3.086
0.687,-2.96
0.351,-3.13
0.412,-3.049
0.358,-3.007
0.191,-2.812
0.031,-3.15
-0.503,-3.151
-0.62,-2.972
-1.1,-3.063
-1.304,-2.855
-2.147,-3.049
-2.278,-2.833
-2.13,-3.057
1.843,1.212
1.469,1.298
0.318,1.26
-0.977,1.38
-1.978,1.334
-3.0,-2.011
2.885,-2.042
1.691,-0.305
1.0,-0.886
0.926,-0.304
0.913,-2.427
0.699,-2.451
2.143,-1.968
-0.075,-1.747
-1.949,0.177
-2.215,0.735
-2.255,0.61
1.731,-2.001
1.031,-1.276
0.679,-0.693
0.487,-0.102
-2.38,-0.694
-2.625,-2.744
2.549,-2.714
-1.231,-2.745
2.885,-3.147
2.163,-3.234
0.886,-3.296
-1.59,-3.249
-0.05,-1.644
-0.061,-3.42
-0.08,-2.102
-0.154,-1.208
-0.209,-2.689
-0.173,-1.969
-0.236,-2.365
-0.285,-0.364
-0.302,-3.542
-0.309,-1.677
-0.246,-0.616
-0.278,0.181
-0.329,-3.23
-0.435,-3.022
-0.418,-3.285
-0.476,0.043
-0.558,-3.679
-0.572,-1.819
-0.604,-0.928
-0.62,-3.283
-0.758,-0.665
-0.752,-1.348
-0.778,-1.608
-0.852,-1.92
-1.031,-2.428
-1.236,-2.869
-1.246,-2.551
-1.323,-0.22
-1.396,-1.636
-1.419,-2.318
-1.408,0.071
-1.463,-2.905
-1.453,-1.131
-1.495,-0.803
-1.615,-2.262
-1.617,-1.279
-1.62,-2.389
-1.795,-3.525
-1.881,-2.246
-1.921,-2.482
-1.957,-1.571
-2.045,-2.619
-2.041,-2.081
-2.068,-2.524
-2.148,-3.768
-2.154,-1.667
-2.24,-0.33
-2.179,-2.061
-2.246,-0.151
-2.279,-0.199
-2.266,-3.629
-2.348,-1.439
-2.359,-2.17
-2.378,-1.261
-2.392,-2.046
-2.349,-0.751
-2.435,-1.502
-2.367,-2.514
-2.447,-2.197
-2.537,-2.33
-2.501,-0.502
-2.578,-2.08
-3.027,-3.81
2.993,-4.128
2.908,-3.978
2.676,-4.011
1.89,-3.792
1.487,-3.852
1.13,-4.004
0.364,-3.815
0.276,-4.112
0.157,-4.189
0.05,-4.21
-0.016,-4.092
-0.437,-4.222
-0.862,-4.063
-1.204,-4.249
-1.457,-3.863
-2.016,-4.061
-2.251,-4.063
2.944,0.237
2.83,0.346
2.071,0.152
-0.309,0.276
-0.439,0.354
-0.452,0.336
-0.591,0.329
-0.602,0.37
-1.519,0.008
-2.465,0.269
-2.735,-2.613
3.05,-2.303
2.338,-2.228
-2.312,-1.984
-2.426,-3.062
1.846,-4.084
-1.016,-4.166
-2.645,-1.24
-2.599,-1.715
-2.774,0.096
-2.774,-2.567
-2.716,-2.786
-2.869,-0.712
-3.03,-2.746
-3.108,-1.368
-2.99,-1.429
3.127,-2.165
2.974,-1.361
2.81,-3.577
2.849,-1.673
2.746,-1.504
2.605,-0.394
2.694,-0.61
2.557,-2.468
2.473,-1.573
2.188,-0.106
2.167,-2.554
2.165,-2.492
2.252,-2.212
1.955,-2.507
1.858,-3.176
1.859,-1.54
1.685,-0.113
1.763,-0.835
1.607,-0.367
1.567,-0.533
1.547,-2.698
1.53,-2.403
1.594,-1.293
1.456,-2.81
1.419,-3.009
1.438,-0.024
1.397,-0.432
1.342,-2.742
1.103,-2.031
1.243,-2.542
1.239,-0.479
1.205,-2.488
1.198,-2.782
1.055,-1.287
1.057,-0.132
1.103,-2.961
0.863,-2.728
0.952,-3.053
0.779,-1.002
0.812,-1.659
0.682,-2.084
0.724,-2.008
0.724,-1.137
0.547,0.05
0.646,-3.021
0.539,-1.074
0.448,-2.405
0.379,-0.174
0.279,-3.528
0.15,-0.977
0.218,-2.973
0.146,-3.747
-0.124,-0.357
-0.183,-0.639
-0.224,-0.161
-0.249,-2.096
-0.384,-0.245
-0.467,-0.721
-0.516,-2.533
-1.161,0.088
-1.632,-1.235
-1.642,-1.136
-1.803,-1.168
-2.222,-3.723
-2.208,-2.84
-2.104,-2.34
-2.213,-1.524
-2.398,-1.601
-2.472,-1.354
-2.508,-3.68
-2.531,-3.661
-2.553,-2.98
-2.583,-3.228
-2.603,-2.999
-2.534,-3.818
-2.718,-3.963
-2.74,-4.023
-3.137,-4.034
2.335,-3.825
2.209,-3.846
2.014,-3.903
1.414,-4.11
0.792,-4.133
0.778,-4.007
0.442,-4.177
0.503,-4.096
0.449,-4.054
0.282,-3.859
0.122,-4.197
-0.412,-4.198
-0.529,-4.019
-1.009,-4.11
-1.213,-3.902
-2.056,-4.096
-2.187,-3.88
-2.039,-4.104
1.934,0.165
1.56,0.251
0.409,0.213
-0.886,0.333
-1.887,0.287
-2.909,-3.058
2.976,-3.089
1.782,-1.352
1.091,-1.933
1.017,-1.351
1.004,-3.474
0.79,-3.498
2.234,-3.015
0.016,-2.794
-1.858,-0.87
-2.124,-0.312
-2.164,-0.437
1.822,-3.048
1.122,-2.323
0.77,-1.74
0.578,-1.149
-2.289,-1.741
-2.534,-3.791
2.64,-3.761
-1.14,-3.792
2.976,-4.194
2.254,-4.281
0.977,-4.343
-1.499,-4.296
-0.011,-1.776
-0.03,-0.458
-0.104,0.436
-0.159,-1.045
-0.123,-0.325
-0.186,-0.721
-0.235,1.28
-0.252,-1.898
-0.259,-0.033
-0.196,1.028
-0.228,1.825
-0.279,-1.586
-0.385,-1.378
-0.368,-1.641
-0.426,1.687
-0.508,-2.035
-0.522,-0.175
-0.554,0.716
-0.57,-1.639
-0.708,0.979
-0.702,0.296
-0.728,0.036
-0.802,-0.276
-0.981,-0.784
-1.186,-1.225
-1.196,-0.907
-1.273,1.424
-1.346,0.008
-1.369,-0.674
-1.358,1.715
-1.413,-1.261
-1.403,0.513
-1.445,0.841
-1.565,-0.618
-1.567,0.365
-1.57,-0.745
-1.745,-1.881
-1.831,-0.602
-1.871,-0.838
-1.907,0.073
-1.995,-0.975
-1.991,-0.437
-2.018,-0.88
-2.098,-2.124
-2.104,-0.023
-2.19,1.314
-2.129,-0.417
-2.196,1.493
-2.229,1.445
-2.216,-1.985
-2.298,0.205
-2.309,-0.526
-2.328,0.383
-2.342,-0.402
-2.299,0.893
-2.385,0.142
-2.317,-0.87
-2.397,-0.553
-2.487,-0.686
-2.451,1.142
-2.528,-0.436
-2.977,-2.166
3.043,-2.484
2.958,-2.334
2.726,-2.367
1.94,-2.148
1.537,-2.208
1.18,-2.36
0.414,-2.171
0.326,-2.468
0.207,-2.545
0.1,-2.566
0.034,-2.448
-0.387,-2.578
-0.812,-2.419
-1.154,-2.605
-1.407,-2.219
-1.966,-2.417
-2.201,-2.419
2.994,1.881
2.88,1.99
2.121,1.796
-0.259,1.92
-0.389,1.998
-0.402,1.98
-0.541,1.973
-0.552,2.014
-1.469,1.652
-2.415,1.913
-2.685,-0.969
3.1,-0.659
2.388,-0.584
-2.262,-0.34
-2.376,-1.418
1.896,-2.44
-0.966,-2.522
-2.595,0.404
-2.549,-0.071
-2.724,1.74
-2.724,-0.923
-2.666,-1.142
-2.819,0.932
-2.98,-1.102
-3.058,0.276
-2.94,0.215
-3.106,-0.521
3.024,0.283
2.86,-1.933
2.899,-0.029
2.796,0.14
2.655,1.25
2.744,1.034
2.607,-0.824
2.523,0.071
2.238,1.538
2.217,-0.91
2.215,-0.848
2.302,-0.568
2.005,-0.863
1.908,-1.532
1.909,0.104
1.735,1.531
1.813,0.809
1.657,1.277
1.617,1.111
1.597,-1.054
1.58,-0.759
1.644,0.351
1.506,-1.166
1.469,-1.365
1.488,1.62
1.447,1.212
1.392,-1.098
1.153,-0.387
1.293,-0.898
1.289,1.165
1.255,-0.844
1.248,-1.138
1.105,0.357
1.107,1.512
1.153,-1.317
0.913,-1.084
1.002,-1.409
0.829,0.642
0.862,-0.015
0.732,-0.44
0.774,-0.364
0.774,0.507
0.597,1.694
0.696,-1.377
0.589,0.57
0.498,-0.761
0.429,1.47
0.329,-1.884
0.2,0.667
0.268,-1.329
0.196,-2.103
-0.074,1.287
-0.133,1.005
-0.174,1.483
-0.199,-0.452
-0.334,1.399
-0.417,0.923
-0.466,-0.889
-1.111,1.732
-1.582,0.409
-1.592,0.508
-1.753,0.476
-2.172,-2.079
-2.158,-1.196
-2.054,-0.696
-2.163,0.12
-2.348,0.043
-2.422,0.29
-2.458,-2.036
-2.481,-2.017
-2.503,-1.336
-2.533,-1.584
-2.553,-1.355
-2.484,-2.174
-2.668,-2.319
-2.69,-2.379
-3.087,-2.39
2.385,-2.181
2.259,-2.202
2.064,-2.259
1.464,-2.466
0.842,-2.489
0.828,-2.363
0.492,-2.533
0.553,-2.452
0.499,-2.41
0.332,-2.215
0.172,-2.553
-0.362,-2.554
-0.479,-2.375
-0.959,-2.466
-1.163,-2.258
-2.006,-2.452
-2.137,-2.236
-1.989,-2.46
1.984,1.809
1.61,1.895
0.459,1.857
-0.836,1.977
-1.837,1.931
-2.859,-1.414
3.026,-1.445
1.832,0.292
1.141,-0.289
1.067,0.293
1.054,-1.83
0.84,-1.854
2.284,-1.371
0.066,-1.15
-1.808,0.774
-2.074,1.332
-2.114,1.207
1.872,-1.404
1.172,-0.679
0.82,-0.096
0.628,0.495
-2.239,-0.097
-2.484,-2.147
2.69,-2.117
-1.09,-2.148
3.026,-2.55
2.304,-2.637
1.027,-2.699
-1.449,-2.652
-0.019,1.318
-0.093,2.212
-0.148,0.731
-0.112,1.451
-0.175,1.055
-0.224,3.056
-0.241,-0.122
-0.248,1.743
-0.185,2.804
-0.217,3.601
-0.268,0.19
-0.374,0.398
-0.357,0.135
-0.415,3.463
-0.497,-0.259
-0.511,1.601
-0.543,2.492
-0.559,0.137
-0.697,2.755
-0.691,2.072
-0.717,1.812
-0.791,1.5
-0.97,0.992
-1.175,0.551
-1.185,0.869
-1.262,3.2
-1.335,1.784
-1.358,1.102
-1.347,3.491
-1.402,0.515
-1.392,2.289
-1.434,2.617
-1.554,1.158
-1.556,2.141
-1.559,1.031
-1.734,-0.105
-1.82,1.174
-1.86,0.938
-1.896,1.849
-1.984,0.801
-1.98,1.339
-2.007,0.896
-2.087,-0.348
-2.093,1.753
-2.179,3.09
-2.118,1.359
-2.185,3.269
-2.218,3.221
-2.205,-0.209
-2.287,1.981
-2.298,1.25
-2.317,2.159
-2.331,1.374
-2.288,2.669
-2.374,1.918
-2.306,0.906
-2.386,1.223
-2.476,1.09
-2.44,2.918
-2.517,1.34
-2.966,-0.39
3.054,-0.708
2.969,-0.558
2.737,-0.591
1.951,-0.372
1.548,-0.432
1.191,-0.584
0.425,-0.395
0.337,-0.692
0.218,-0.769
0.111,-0.79
0.045,-0.672
-0.376,-0.802
-0.801,-0.643
-1.143,-0.829
-1.396,-0.443
-1.955,-0.641
-2.19,-0.643
3.005,3.657
2.891,3.766
2.132,3.572
-0.248,3.696
-0.378,3.774
-0.391,3.756
-0.53,3.749
-0.541,3.79
-1.458,3.428
-2.404,3.689
-2.674,0.807
3.111,1.117
2.399,1.192
-2.251,1.436
-2.365,0.358
1.907,-0.664
-0.955,-0.746
-2.584,2.18
-2.538,1.705
-2.713,3.516
-2.713,0.853
-2.655,0.634
-2.808,2.708
-2.969,0.674
-3.047,2.052
-2.929,1.991
-3.095,1.255
3.035,2.059
2.871,-0.157
2.91,1.747
2.807,1.916
2.666,3.026
2.755,2.81
2.618,0.952
2.534,1.847
2.249,3.314
2.228,0.866
2.226,0.928
2.313,1.208
2.016,0.913
1.919,0.244
1.92,1.88
1.746,3.307
1.824,2.585
1.668,3.053
1.628,2.887
1.608,0.722
1.591,1.017
1.655,2.127
1.517,0.61
1.48,0.411
1.499,3.396
1.458,2.988
1.403,0.678
1.164,1.389
1.304,0.878
1.3,2.941
1.266,0.932
1.259,0.638
1.116,2.133
1.118,3.288
1.164,0.459
0.924,0.692
1.013,0.367
0.84,2.418
0.873,1.761
0.743,1.336
0.785,1.412
0.785,2.283
0.608,3.47
0.707,0.399
0.6,2.346
0.509,1.015
0.44,3.246
0.34,-0.108
0.211,2.443
0.279,0.447
0.207,-0.327
-0.063,3.063
-0.122,2.781
-0.163,3.259
-0.188,1.324
-0.323,3.175
-0.406,2.699
-0.455,0.887
-1.1,3.508
-1.571,2.185
-1.581,2.284
-1.742,2.252
-2.161,-0.303
-2.147,0.58
-2.043,1.08
-2.152,1.896
-2.337,1.819
-2.411,2.066
-2.447,-0.26
-2.47,-0.241
-2.492,0.44
-2.522,0.192
-2.542,0.421
-2.473,-0.398
-2.657,-0.543
-2.679,-0.603
-3.076,-0.614
2.396,-0.405
2.27,-0.426
2.075,-0.483
1.475,-0.69
0.853,-0.713
0.839,-0.587
0.503,-0.757
0.564,-0.676
0.51,-0.634
0.343,-0.439
0.183,-0.777
-0.351,-0.778
-0.468,-0.599
-0.948,-0.69
-1.152,-0.482
-1.995,-0.676
-2.126,-0.46
-1.978,-0.684
1.995,3.585
1.621,3.671
0.47,3.633
-0.825,3.753
-1.826,3.707
-2.848,0.362
3.037,0.331
1.843,2.068
1.152,1.487
1.078,2.069
1.065,-0.054
0.851,-0.078
2.295,0.405
0.077,0.626
-1.797,2.55
-2.063,3.108
-2.103,2.983
1.883,0.372
1.183,1.097
0.831,1.68
0.639,2.271
-2.228,1.679
-2.473,-0.371
2.701,-0.341
-1.079,-0.372
3.037,-0.774
2.315,-0.861
1.038,-0.923
-1.438,-0.876
-0.074,0.894
-0.129,-0.587
-0.093,0.133
-0.156,-0.263
-0.205,1.738
-0.222,-1.44
-0.229,0.425
-0.166,1.486
-0.198,2.283
-0.249,-1.128
-0.355,-0.92
-0.338,-1.183
-0.396,2.145
-0.478,-1.577
-0.492,0.283
-0.524,1.174
-0.54,-1.181
-0.678,1.437
-0.672,0.754
-0.698,0.494
-0.772,0.182
-0.951,-0.326
-1.156,-0.767
-1.166,-0.449
-1.243,1.882
-1.316,0.466
-1.339,-0.216
-1.328,2.173
-1.383,-0.803
-1.373,0.971
-1.415,1.299
-1.535,-0.16
-1.537,0.823
-1.54,-0.287
-1.715,-1.423
-1.801,-0.144
-1.841,-0.38
-1.877,0.531
-1.965,-0.517
-1.961,0.021
-1.988,-0.422
-2.068,-1.666
-2.074,0.435
-2.16,1.772
-2.099,0.041
-2.166,1.951
-2.199,1.903
-2.186,-1.527
-2.268,0.663
-2.279,-0.068
-2.298,0.841
-2.312,0.056
-2.269,1.351
-2.355,0.6
-2.287,-0.412
-2.367,-0.095
-2.457,-0.228
-2.421,1.6
-2.498,0.022
-2.947,-1.708
3.073,-2.026
2.988,-1.876
2.756,-1.909
1.97,-1.69
1.567,-1.75
1.21,-1.902
0.444,-1.713
0.356,-2.01
0.237,-2.087
0.13,-2.108
0.064,-1.99
-0.357,-2.12
-0.782,-1.961
-1.124,-2.147
-1.377,-1.761
-1.936,-1.959
-2.171,-1.961
3.024,2.339
2.91,2.448
2.151,2.254
-0.229,2.378
-0.359,2.456
-0.372,2.438
-0.511,2.431
-0.522,2.472
-1.439,2.11
-2.385,2.371
-2.655,-0.511
3.13,-0.201
2.418,-0.126
-2.232,0.118
-2.346,-0.96
1.926,-1.982
-0.936,-2.064
-2.565,0.862
-2.519,0.387
-2.694,2.198
-2.694,-0.465
-2.636,-0.684
-2.789,1.39
-2.95,-0.644
-3.028,0.734
-2.91,0.673
-3.076,-0.063
3.054,0.741
2.89,-1.475
2.929,0.429
2.826,0.598
2.685,1.708
2.774,1.492
2.637,-0.366
2.553,0.529
2.268,1.996
2.247,-0.452
2.245,-0.39
2.332,-0.11
2.035,-0.405
1.938,-1.074
1.939,0.562
1.765,1.989
1.843,1.267
1.687,1.735
1.647,1.569
1.627,-0.596
1.61,-0.301
1.674,0.809
1.536,-0.708
1.499,-0.907
1.518,2.078
1.477,1.67
1.422,-0.64
1.183,0.071
1.323,-0.44
1.319,1.623
1.285,-0.386
1.278,-0.68
1.135,0.815
1.137,1.97
1.183,-0.859
0.943,-0.626
1.032,-0.951
0.859,1.1
0.892,0.443
0.762,0.018
0.804,0.094
0.804,0.965
0.627,2.152
0.726,-0.919
0.619,1.028
0.528,-0.303
0.459,1.928
0.359,-1.426
0.23,1.125
0.298,-0.871
0.226,-1.645
-0.044,1.745
-0.103,1.463
-0.144,1.941
-0.169,0.006
-0.304,1.857
-0.387,1.381
-0.436,-0.431
-1.081,2.19
-1.552,0.867
-1.562,0.966
-1.723,0.934
-2.142,-1.621
-2.128,-0.738
-2.024,-0.238
-2.133,0.578
-2.318,0.501
-2.392,0.748
-2.428,-1.578
-2.451,-1.559
-2.473,-0.878
-2.503,-1.126
-2.523,-0.897
-2.454,-1.716
-2.638,-1.861
-2.66,-1.921
-3.057,-1.932
2.415,-1.723
2.289,-1.744
2.094,-1.801
1.494,-2.008
0.872,-2.031
0.858,-1.905
0.522,-2.075
0.583,-1.994
0.529,-1.952
0.362,-1.757
0.202,-2.095
-0.332,-2.096
-0.449,-1.917
-0.929,-2.008
-1.133,-1.8
-1.976,-1.994
-2.107,-1.778
-1.959,-2.002
2.014,2.267
1.64,2.353
0.489,2.315
-0.806,2.435
-1.807,2.389
-2.829,-0.956
3.056,-0.987
1.862,0.75
1.171,0.169
1.097,0.751
1.084,-1.372
0.87,-1.396
2.314,-0.913
0.096,-0.692
-1.778,1.232
-2.044,1.79
-2.084,1.665
1.902,-0.946
1.202,-0.221
0.85,0.362
0.658,0.953
-2.209,0.361
-2.454,-1.689
2.72,-1.659
-1.06,-1.69
3.056,-2.092
2.334,-2.179
1.057,-2.241
-1.419,-2.194
-0.055,-1.481
-0.019,-0.761
-0.082,-1.157
-0.131,0.844
-0.148,-2.334
-0.155,-0.469
-0.092,0.592
-0.124,1.389
-0.175,-2.022
-0.281,-1.814
-0.264,-2.077
-0.322,1.251
-0.404,-2.471
-0.418,-0.611
-0.45,0.28
-0.466,-2.075
-0.604,0.543
-0.598,-0.14
-0.624,-0.4
-0.698,-0.712
-0.877,-1.22
-1.082,-1.661
-1.092,-1.343
-1.169,0.988
-1.242,-0.428
-1.265,-1.11
-1.254,1.279
-1.309,-1.697
-1.299,0.077
-1.341,0.405
-1.461,-1.054
-1.463,-0.071
-1.466,-1.181
-1.641,-2.317
-1.727,-1.038
-1.767,-1.274
-1.803,-0.363
-1.891,-1.411
-1.887,-0.873
-1.914,-1.316
-1.994,-2.56
-2.0,-0.459
-2.086,0.878
-2.025,-0.853
-2.092,1.057
-2.125,1.009
-2.112,-2.421
-2.194,-0.231
-2.205,-0.962
-2.224,-0.053
-2.238,-0.838
-2.195,0.457
-2.281,-0.294
-2.213,-1.306
-2.293,-0.989
-2.383,-1.122
-2.347,0.706
-2.424,-0.872
-2.873,-2.602
-3.136,-2.92
3.062,-2.77
2.83,-2.803
2.044,-2.584
1.641,-2.644
1.284,-2.796
0.518,-2.607
0.43,-2.904
0.311,-2.981
0.204,-3.002
0.138,-2.884
-0.283,-3.014
-0.708,-2.855
-1.05,-3.041
-1.303,-2.655
-1.862,-2.853
-2.097,-2.855
3.098,1.445
2.984,1.554
2.225,1.36
-0.155,1.484
-0.285,1.562
-0.298,1.544
-0.437,1.537
-0.448,1.578
-1.365,1.216
-2.311,1.477
-2.581,-1.405
-3.079,-1.095
2.492,-1.02
-2.158,-0.776
-2.272,-1.854
2.0,-2.876
-0.862,-2.958
-2.491,-0.032
-2.445,-0.507
-2.62,1.304
-2.62,-1.359
-2.562,-1.578
-2.715,0.496
-2.876,-1.538
-2.954,-0.16
-2.836,-0.221
-3.002,-0.957
3.128,-0.153
2.964,-2.369
3.003,-0.465
2.9,-0.296
2.759,0.814
2.848,0.598
2.711,-1.26
2.627,-0.365
2.342,1.102
2.321,-1.346
2.319,-1.284
2.406,-1.004
2.109,-1.299
2.012,-1.968
2.013,-0.332
1.839,1.095
1.917,0.373
1.761,0.841
1.721,0.675
1.701,-1.49
1.684,-1.195
1.748,-0.085
1.61,-1.602
1.573,-1.801
1.592,1.184
1.551,0.776
1.496,-1.534
1.257,-0.823
1.397,-1.334
1.393,0.729
1.359,-1.28
1.352,-1.574
1.209,-0.079
1.211,1.076
1.257,-1.753
1.017,-1.52
1.106,-1.845
0.933,0.206
0.966,-0.451
0.836,-0.876
0.878,-0.8
0.878,0.071
0.701,1.258
0.8,-1.813
0.693,0.134
0.602,-1.197
0.533,1.034
0.433,-2.32
0.304,0.231
0.372,-1.765
0.3,-2.539
0.03,0.851
-0.029,0.569
-0.07,1.047
-0.095,-0.888
-0.23,0.963
-0.313,0.487
-0.362,-1.325
-1.007,1.296
-1.478,-0.027
-1.488,0.072
-1.649,0.04
-2.068,-2.515
-2.054,-1.632
-1.95,-1.132
-2.059,-0.316
-2.244,-0.393
-2.318,-0.146
-2.354,-2.472
-2.377,-2.453
-2.399,-1.772
-2.429,-2.02
-2.449,-1.791
-2.38,-2.61
-2.564,-2.755
-2.586,-2.815
-2.983,-2.826
2.489,-2.617
2.363,-2.638
2.168,-2.695
1.568,-2.902
0.946,-2.925
0.932,-2.799
0.596,-2.969
0.657,-2.888
0.603,-2.846
0.436,-2.651
0.276,-2.989
-0.258,-2.99
-0.375,-2.811
-0.855,-2.902
-1.059,-2.694
-1.902,-2.888
-2.033,-2.672
-1.885,-2.896
2.088,1.373
1.714,1.459
0.563,1.421
-0.732,1.541
-1.733,1.495
-2.755,-1.85
3.13,-1.881
1.936,-0.144
1.245,-0.725
1.171,-0.143
1.158,-2.266
0.944,-2.29
2.388,-1.807
0.17,-1.586
-1.704,0.338
-1.97,0.896
-2.01,0.771
1.976,-1.84
1.276,-1.115
0.924,-0.532
0.732,0.059
-2.135,-0.533
-2.38,-2.583
2.794,-2.553
-0.986,-2.584
3.13,-2.986
2.408,-3.073
1.131,-3.135
-1.345,-3.088
0.036,0.72
-0.027,0.324
-0.076,2.325
-0.093,-0.853
-0.1,1.012
-0.037,2.073
-0.069,2.87
-0.12,-0.541
-0.226,-0.333
-0.209,-0.596
-0.267,2.732
-0.349,-0.99
-0.363,0.87
-0.395,1.761
-0.411,-0.594
-0.549,2.024
-0.543,1.341
-0.569,1.081
-0.643,0.769
-0.822,0.261
-1.027,-0.18
-1.037,0.138
-1.114,2.469
-1.187,1.053
-1.21,0.371
-1.199,2.76
-1.254,-0.216
-1.244,1.558
-1.286,1.886
-1.406,0.427
-1.408,1.41
-1.411,0.3
-1.586,-0.836
-1.672,0.443
-1.712,0.207
-1.748,1.118
-1.836,0.07
-1.832,0.608
-1.859,0.165
-1.939,-1.079
-1.945,1.022
-2.031,2.359
-1.97,0.628
-2.037,2.538
-2.07,2.49
-2.057,-0.94
-2.139,1.25
-2.15,0.519
-2.169,1.428
-2.183,0.643
-2.14,1.938
-2.226,1.187
-2.158,0.175
-2.238,0.492
-2.328,0.359
-2.292,2.187
-2.369,0.609
-2.818,-1.121
-3.081,-1.439
3.117,-1.289
2.885,-1.322
2.099,-1.103
1.696,-1.163
1.339,-1.315
0.573,-1.126
0.485,-1.423
0.366,-1.5
0.259,-1.521
0.193,-1.403
-0.228,-1.533
-0.653,-1.374
-0.995,-1.56
-1.248,-1.174
-1.807,-1.372
-2.042,-1.374
-3.13,2.926
3.039,3.035
2.28,2.841
-0.1,2.965
-0.23,3.043
-0.243,3.025
-0.382,3.018
-0.393,3.059
-1.31,2.697
-2.256,2.958
-2.526,0.076
-3.024,0.386
2.547,0.461
-2.103,0.705
-2.217,-0.373
2.055,-1.395
-0.807,-1.477
-2.436,1.449
-2.39,0.974
-2.565,2.785
-2.565,0.122
-2.507,-0.097
-2.66,1.977
-2.821,-0.057
-2.899,1.321
-2.781,1.26
-2.947,0.524
-3.1,1.328
3.019,-0.888
3.058,1.016
2.955,1.185
2.814,2.295
2.903,2.079
2.766,0.221
2.682,1.116
2.397,2.583
2.376,0.135
2.374,0.197
2.461,0.477
2.164,0.182
2.067,-0.487
2.068,1.149
1.894,2.576
1.972,1.854
1.816,2.322
1.776,2.156
1.756,-0.009
1.739,0.286
1.803,1.396
1.665,-0.121
1.628,-0.32
1.647,2.665
1.606,2.257
1.551,-0.053
1.312,0.658
1.452,0.147
1.448,2.21
1.414,0.201
1.407,-0.093
1.264,1.402
1.266,2.557
1.312,-0.272
1.072,-0.039
1.161,-0.364
0.988,1.687
1.021,1.03
0.891,0.605
0.933,0.681
0.933,1.552
0.756,2.739
0.855,-0.332
0.748,1.615
0.657,0.284
0.588,2.515
0.488,-0.839
0.359,1.712
0.427,-0.284
0.355,-1.058
0.085,2.332
0.026,2.05
-0.015,2.528
-0.04,0.593
-0.175,2.444
-0.258,1.968
-0.307,0.156
-0.952,2.777
-1.423,1.454
-1.433,1.553
-1.594,1.521
-2.013,-1.034
-1.999,-0.151
-1.895,0.349
-2.004,1.165
-2.189,1.088
-2.263,1.335
-2.299,-0.991
-2.322,-0.972
-2.344,-0.291
-2.374,-0.539
-2.394,-0.31
-2.325,-1.129
-2.509,-1.274
-2.531,-1.334
-2.928,-1.345
2.544,-1.136
2.418,-1.157
2.223,-1.214
1.623,-1.421
1.001,-1.444
0.987,-1.318
0.651,-1.488
0.712,-1.407
0.658,-1.365
0.491,-1.17
0.331,-1.508
-0.203,-1.509
-0.32,-1.33
-0.8,-1.421
-1.004,-1.213
-1.847,-1.407
-1.978,-1.191
-1.83,-1.415
2.143,2.854
1.769,2.94
0.618,2.902
-0.677,3.022
-1.678,2.976
-2.7,-0.369
-3.098,-0.4
1.991,1.337
1.3,0.756
1.226,1.338
1.213,-0.785
0.999,-0.809
2.443,-0.326
0.225,-0.105
-1.649,1.819
-1.915,2.377
-1.955,2.252
2.031,-0.359
1.331,0.366
0.979,0.949
0.787,1.54
-2.08,0.948
-2.325,-1.102
2.849,-1.072
-0.931,-1.103
-3.098,-1.505
2.463,-1.592
1.186,-1.654
-1.29,-1.607
-0.063,-0.396
-0.112,1.605
-0.129,-1.573
-0.136,0.292
-0.073,1.353
-0.105,2.15
-0.156,-1.261
-0.262,-1.053
-0.245,-1.316
-0.303,2.012
-0.385,-1.71
-0.399,0.15
-0.431,1.041
-0.447,-1.314
-0.585,1.304
-0.579,0.621
-0.605,0.361
-0.679,0.049
-0.858,-0.459
-1.063,-0.9
-1.073,-0.582
-1.15,1.749
-1.223,0.333
-1.246,-0.349
-1.235,2.04
-1.29,-0.936
-1.28,0.838
-1.322,1.166
-1.442,-0.293
-1.444,0.69
-1.447,-0.42
-1.622,-1.556
-1.708,-0.277
-1.748,-0.513
-1.784,0.398
-1.872,-0.65
-1.868,-0.112
-1.895,-0.555
-1.975,-1.799
-1.981,0.302
-2.067,1.639
-2.006,-0.092
-2.073,1.818
-2.106,1.77
-2.093,-1.66
-2.175,0.53
-2.186,-0.201
-2.205,0.708
-2.219,-0.077
-2.176,1.218
-2.262,0.467
-2.194,-0.545
-2.274,-0.228
-2.364,-0.361
-2.328,1.467
-2.405,-0.111
-2.854,-1.841
-3.117,-2.159
3.081,-2.009
2.849,-2.042
2.063,-1.823
1.66,-1.883
1.303,-2.035
0.537,-1.846
0.449,-2.143
0.33,-2.22
0.223,-2.241
0.157,-2.123
-0.264,-2.253
-0.689,-2.094
-1.031,-2.28
-1.284,-1.894
-1.843,-2.092
-2.078,-2.094
3.117,2.206
3.003,2.315
2.244,2.121
-0.136,2.245
-0.266,2.323
-0.279,2.305
-0.418,2.298
-0.429,2.339
-1.346,1.977
-2.292,2.238
-2.562,-0.644
-3.06,-0.334
2.511,-0.259
-2.139,-0.015
-2.253,-1.093
2.019,-2.115
-0.843,-2.197
-2.472,0.729
-2.426,0.254
-2.601,2.065
-2.601,-0.598
-2.543,-0.817
-2.696,1.257
-2.857,-0.777
-2.935,0.601
-2.817,0.54
-2.983,-0.196
-3.136,0.608
2.983,-1.608
3.022,0.296
2.919,0.465
2.778,1.575
2.867,1.359
2.73,-0.499
2.646,0.396
2.361,1.863
2.34,-0.585
2.338,-0.523
2.425,-0.243
2.128,-0.538
2.031,-1.207
2.032,0.429
1.858,1.856
1.936,1.134
1.78,1.602
1.74,1.436
1.72,-0.729
1.703,-0.434
1.767,0.676
1.629,-0.841
1.592,-1.04
1.611,1.945
1.57,1.537
1.515,-0.773
1.276,-0.062
1.416,-0.573
1.412,1.49
1.378,-0.519
1.371,-0.813
1.228,0.682
1.23,1.837
1.276,-0.992
1.036,-0.759
1.125,-1.084
0.952,0.967
0.985,0.31
0.855,-0.115
0.897,-0.039
0.897,0.832
0.72,2.019
0.819,-1.052
0.712,0.895
0.621,-0.436
0.552,1.795
0.452,-1.559
0.323,0.992
0.391,-1.004
0.319,-1.778
0.049,1.612
-0.01,1.33
-0.051,1.808
-0.076,-0.127
-0.211,1.724
-0.294,1.248
-0.343,-0.564
-0.988,2.057
-1.459,0.734
-1.469,0.833
-1.63,0.801
-2.049,-1.754
-2.035,-0.871
-1.931,-0.371
-2.04,0.445
-2.225,0.368
-2.299,0.615
-2.335,-1.711
-2.358,-1.692
-2.38,-1.011
-2.41,-1.259
-2.43,-1.03
-2.361,-1.849
-2.545,-1.994
-2.567,-2.054
-2.964,-2.065
2.508,-1.856
2.382,-1.877
2.187,-1.934
1.587,-2.141
0.965,-2.164
0.951,-2.038
0.615,-2.208
0.676,-2.127
0.622,-2.085
0.455,-1.89
0.295,-2.228
-0.239,-2.229
-0.356,-2.05
-0.836,-2.141
-1.04,-1.933
-1.883,-2.127
-2.014,-1.911
-1.866,-2.135
2.107,2.134
1.733,2.22
0.582,2.182
-0.713,2.302
-1.714,2.256
-2.736,-1.089
-3.134,-1.12
1.955,0.617
1.264,0.036
1.19,0.618
1.177,-1.505
0.963,-1.529
2.407,-1.046
0.189,-0.825
-1.685,1.099
-1.951,1.657
-1.991,1.532
1.995,-1.079
1.295,-0.354
0.943,0.229
0.751,0.82
-2.116,0.228
-2.361,-1.822
2.813,-1.792
-0.967,-1.823
-3.134,-2.225
2.427,-2.312
1.15,-2.374
-1.326,-2.327
-0.049,2.001
-0.066,-1.177
-0.073,0.688
-0.01,1.749
-0.042,2.546
-0.093,-0.865
-0.199,-0.657
-0.182,-0.92
-0.24,2.408
-0.322,-1.314
-0.336,0.546
-0.368,1.437
-0.384,-0.918
-0.522,1.7
-0.516,1.017
-0.542,0.757
-0.616,0.445
-0.795,-0.063
-1.0,-0.504
-1.01,-0.186
-1.087,2.145
-1.16,0.729
-1.183,0.047
-1.172,2.436
-1.227,-0.54
-1.217,1.234
-1.259,1.562
-1.379,0.103
-1.381,1.086
-1.384,-0.024
-1.559,-1.16
-1.645,0.119
-1.685,-0.117
-1.721,0.794
-1.809,-0.254
-1.805,0.284
-1.832,-0.159
-1.912,-1.403
-1.918,0.698
-2.004,2.035
-1.943,0.304
-2.01,2.214
-2.043,2.166
-2.03,-1.264
-2.112,0.926
-2.123,0.195
-2.142,1.104
-2.156,0.319
-2.113,1.614
-2.199,0.863
-2.131,-0.149
-2.211,0.168
-2.301,0.035
-2.265,1.863
-2.342,0.285
-2.791,-1.445
-3.054,-1.763
-3.139,-1.613
2.912,-1.646
2.126,-1.427
1.723,-1.487
1.366,-1.639
0.6,-1.45
0.512,-1.747
0.393,-1.824
0.286,-1.845
0.22,-1.727
-0.201,-1.857
-0.626,-1.698
-0.968,-1.884
-1.221,-1.498
-1.78,-1.696
-2.015,-1.698
-3.103,2.602
3.066,2.711
2.307,2.517
-0.073,2.641
-0.203,2.719
-0.216,2.701
-0.355,2.694
-0.366,2.735
-1.283,2.373
-2.229,2.634
-2.499,-0.248
-2.997,0.062
2.574,0.137
-2.076,0.381
-2.19,-0.697
2.082,-1.719
-0.78,-1.801
-2.409,1.125
-2.363,0.65
-2.538,2.461
-2.538,-0.202
-2.48,-0.421
-2.633,1.653
-2.794,-0.381
-2.872,0.997
-2.754,0.936
-2.92,0.2
-3.073,1.004
3.046,-1.212
3.085,0.692
2.982,0.861
2.841,1.971
2.93,1.755
2.793,-0.103
2.709,0.792
2.424,2.259
2.403,-0.189
2.401,-0.127
2.488,0.153
2.191,-0.142
2.094,-0.811
2.095,0.825
1.921,2.252
1.999,1.53
1.843,1.998
1.803,1.832
1.783,-0.333
1.766,-0.038
1.83,1.072
1.692,-0.445
1.655,-0.644
1.674,2.341
1.633,1.933
1.578,-0.377
1.339,0.334
1.479,-0.177
1.475,1.886
1.441,-0.123
1.434,-0.417
1.291,1.078
1.293,2.233
1.339,-0.596
1.099,-0.363
1.188,-0.688
1.015,1.363
1.048,0.706
0.918,0.281
0.96,0.357
0.96,1.228
0.783,2.415
0.882,-0.656
0.775,1.291
0.684,-0.04
0.615,2.191
0.515,-1.163
0.386,1.388
0.454,-0.608
0.382,-1.382
0.112,2.008
0.053,1.726
0.012,2.204
-0.013,0.269
-0.148,2.12
-0.231,1.644
-0.28,-0.168
-0.925,2.453
-1.396,1.13
-1.406,1.229
-1.567,1.197
-1.986,-1.358
-1.972,-0.475
-1.868,0.025
-1.977,0.841
-2.162,0.764
-2.236,1.011
-2.272,-1.315
-2.295,-1.296
-2.317,-0.615
-2.347,-0.863
-2.367,-0.634
-2.298,-1.453
-2.482,-1.598
-2.504,-1.658
-2.901,-1.669
2.571,-1.46
2.445,-1.481
2.25,-1.538
1.65,-1.745
1.028,-1.768
1.014,-1.642
0.678,-1.812
0.739,-1.731
0.685,-1.689
0.518,-1.494
0.358,-1.832
-0.176,-1.833
-0.293,-1.654
-0.773,-1.745
-0.977,-1.537
-1.82,-1.731
-1.951,-1.515
-1.803,-1.739
2.17,2.53
1.796,2.616
0.645,2.578
-0.65,2.698
-1.651,2.652
-2.673,-0.693
-3.071,-0.724
2.018,1.013
1.327,0.432
1.253,1.014
1.24,-1.109
1.026,-1.133
2.47,-0.65
0.252,-0.429
-1.622,1.495
-1.888,2.053
-1.928,1.928
2.058,-0.683
1.358,0.042
1.006,0.625
0.814,1.216
-2.053,0.624
-2.298,-1.426
2.876,-1.396
-0.904,-1.427
-3.071,-1.829
2.49,-1.916
1.213,-1.978
-1.263,-1.931
-0.017,-3.178
-0.024,-1.313
0.039,-0.252
0.007,0.545
-0.044,-2.866
-0.15,-2.658
-0.133,-2.921
-0.191,0.407
-0.273,-3.315
-0.287,-1.455
-0.319,-0.564
-0.335,-2.919
-0.473,-0.301
-0.467,-0.984
-0.493,-1.244
-0.567,-1.556
-0.746,-2.064
-0.951,-2.505
-0.961,-2.187
-1.038,0.144
-1.111,-1.272
-1.134,-1.954
-1.123,0.435
-1.178,-2.541
-1.168,-0.767
-1.21,-0.439
-1.33,-1.898
-1.332,-0.915
-1.335,-2.025
-1.51,-3.161
-1.596,-1.882
-1.636,-2.118
-1.672,-1.207
-1.76,-2.255
-1.756,-1.717
-1.783,-2.16
-1.863,-3.404
-1.869,-1.303
-1.955,0.034
-1.894,-1.697
-1.961,0.213
-1.994,0.165
-1.981,-3.265
-2.063,-1.075
-2.074,-1.806
-2.093,-0.897
-2.107,-1.682
-2.064,-0.387
-2.15,-1.138
-2.082,-2.15
-2.162,-1.833
-2.252,-1.966
-2.216,-0.138
-2.293,-1.716
-2.742,-3.446
-3.005,-3.764
-3.09,-3.614
2.961,-3.647
2.175,-3.428
1.772,-3.488
1.415,-3.64
0.649,-3.451
0.561,-3.748
0.442,-3.825
0.335,-3.846
0.269,-3.728
-0.152,-3.858
-0.577,-3.699
-0.919,-3.885
-1.172,-3.499
-1.731,-3.697
-1.966,-3.699
-3.054,0.601
3.115,0.71
2.356,0.516
-0.024,0.64
-0.154,0.718
-0.167,0.7
-0.306,0.693
-0.317,0.734
-1.234,0.372
-2.18,0.633
-2.45,-2.249
-2.948,-1.939
2.623,-1.864
-2.027,-1.62
-2.141,-2.698
2.131,-3.72
-0.731,-3.802
-2.36,-0.876
-2.314,-1.351
-2.489,0.46
-2.489,-2.203
-2.431,-2.422
-2.584,-0.348
-2.745,-2.382
-2.823,-1.004
-2.705,-1.065
-2.871,-1.801
-3.024,-0.997
3.095,-3.213
3.134,-1.309
3.031,-1.14
2.89,-0.03
2.979,-0.246
2.842,-2.104
2.758,-1.209
2.473,0.258
2.452,-2.19
2.45,-2.128
2.537,-1.848
2.24,-2.143
2.143,-2.812
2.144,-1.176
1.97,0.251
2.048,-0.471
1.892,-0.003
1.852,-0.169
1.832,-2.334
1.815,-2.039
1.879,-0.929
1.741,-2.446
1.704,-2.645
1.723,0.34
1.682,-0.068
1.627,-2.378
1.388,-1.667
1.528,-2.178
1.524,-0.115
1.49,-2.124
1.483,-2.418
1.34,-0.923
1.342,0.232
1.388,-2.597
1.148,-2.364
1.237,-2.689
1.064,-0.638
1.097,-1.295
0.967,-1.72
1.009,-1.644
1.009,-0.773
0.832,0.414
0.931,-2.657
0.824,-0.71
0.733,-2.041
0.664,0.19
0.564,-3.164
0.435,-0.613
0.503,-2.609
0.431,-3.383
0.161,0.007
0.102,-0.275
0.061,0.203
0.036,-1.732
-0.099,0.119
-0.182,-0.357
-0.231,-2.169
-0.876,0.452
-1.347,-0.871
-1.357,-0.772
-1.518,-0.804
-1.937,-3.359
-1.923,-2.476
-1.819,-1.976
-1.928,-1.16
-2.113,-1.237
-2.187,-0.99
-2.223,-3.316
-2.246,-3.297
-2.268,-2.616
-2.298,-2.864
-2.318,-2.635
-2.249,-3.454
-2.433,-3.599
-2.455,-3.659
-2.852,-3.67
2.62,-3.461
2.494,-3.482
2.299,-3.539
1.699,-3.746
1.077,-3.769
1.063,-3.643
0.727,-3.813
0.788,-3.732
0.734,-3.69
0.567,-3.495
0.407,-3.833
-0.127,-3.834
-0.244,-3.655
-0.724,-3.746
-0.928,-3.538
-1.771,-3.732
-1.902,-3.516
-1.754,-3.74
2.219,0.529
1.845,0.615
0.694,0.577
-0.601,0.697
-1.602,0.651
-2.624,-2.694
-3.022,-2.725
2.067,-0.988
1.376,-1.569
1.302,-0.987
1.289,-3.11
1.075,-3.134
2.519,-2.651
0.301,-2.43
-1.573,-0.506
-1.839,0.052
-1.879,-0.073
2.107,-2.684
1.407,-1.959
1.055,-1.376
0.863,-0.785
-2.004,-1.377
-2.249,-3.427
2.925,-3.397
-0.855,-3.428
-3.022,-3.83
2.539,-3.917
1.262,-3.979
-1.214,-3.932
-0.007,1.865
0.056,2.926
0.024,3.723
-0.027,0.312
-0.133,0.52
-0.116,0.257
-0.174,3.585
-0.256,-0.137
-0.27,1.723
-0.302,2.614
-0.318,0.259
-0.456,2.877
-0.45,2.194
-0.476,1.934
-0.55,1.622
-0.729,1.114
-0.934,0.673
-0.944,0.991
-1.021,3.322
-1.094,1.906
-1.117,1.224
-1.106,3.613
-1.161,0.637
-1.151,2.411
-1.193,2.739
-1.313,1.28
-1.315,2.263
-1.318,1.153
-1.493,0.017
-1.579,1.296
-1.619,1.06
-1.655,1.971
-1.743,0.923
-1.739,1.461
-1.766,1.018
-1.846,-0.226
-1.852,1.875
-1.938,3.212
-1.877,1.481
-1.944,3.391
-1.977,3.343
-1.964,-0.087
-2.046,2.103
-2.057,1.372
-2.076,2.281
-2.09,1.496
-2.047,2.791
-2.133,2.04
-2.065,1.028
-2.145,1.345
-2.235,1.212
-2.199,3.04
-2.276,1.462
-2.725,-0.268
-2.988,-0.586
-3.073,-0.436
2.978,-0.469
2.192,-0.25
1.789,-0.31
1.432,-0.462
0.666,-0.273
0.578,-0.57
0.459,-0.647
0.352,-0.668
0.286,-0.55
-0.135,-0.68
-0.56,-0.521
-0.902,-0.707
-1.155,-0.321
-1.714,-0.519
-1.949,-0.521
-3.037,3.779
3.132,3.888
2.373,3.694
-0.007,3.818
-0.137,3.896
-0.15,3.878
-0.289,3.871
-0.3,3.912
-1.217,3.55
-2.163,3.811
-2.433,0.929
-2.931,1.239
2.64,1.314
-2.01,1.558
-2.124,0.48
2.148,-0.542
-0.714,-0.624
-2.343,2.302
-2.297,1.827
-2.472,3.638
-2.472,0.975
-2.414,0.756
-2.567,2.83
-2.728,0.796
-2.806,2.174
-2.688,2.113
-2.854,1.377
-3.007,2.181
3.112,-0.035
-3.132,1.869
3.048,2.038
2.907,3.148
2.996,2.932
2.859,1.074
2.775,1.969
2.49,3.436
2.469,0.988
2.467,1.05
2.554,1.33
2.257,1.035
2.16,0.366
2.161,2.002
1.987,3.429
2.065,2.707
1.909,3.175
1.869,3.009
1.849,0.844
1.832,1.139
1.896,2.249
1.758,0.732
1.721,0.533
1.74,3.518
1.699,3.11
1.644,0.8
1.405,1.511
1.545,1.0
1.541,3.063
1.507,1.054
1.5,0.76
1.357,2.255
1.359,3.41
1.405,0.581
1.165,0.814
1.254,0.489
1.081,2.54
1.114,1.883
0.984,1.458
1.026,1.534
1.026,2.405
0.849,3.592
0.948,0.521
0.841,2.468
0.75,1.137
0.681,3.368
0.581,0.014
0.452,2.565
0.52,0.569
0.448,-0.205
0.178,3.185
0.119,2.903
0.078,3.381
0.053,1.446
-0.082,3.297
-0.165,2.821
-0.214,1.009
-0.859,3.63
-1.33,2.307
-1.34,2.406
-1.501,2.374
-1.92,-0.181
-1.906,0.702
-1.802,1.202
-1.911,2.018
-2.096,1.941
-2.17,2.188
-2.206,-0.138
-2.229,-0.119
-2.251,0.562
-2.281,0.314
-2.301,0.543
-2.232,-0.276
-2.416,-0.421
-2.438,-0.481
-2.835,-0.492
2.637,-0.283
2.511,-0.304
2.316,-0.361
1.716,-0.568
1.094,-0.591
1.08,-0.465
0.744,-0.635
0.805,-0.554
0.751,-0.512
0.584,-0.317
0.424,-0.655
-0.11,-0.656
-0.227,-0.477
-0.707,-0.568
-0.911,-0.36
-1.754,-0.554
-1.885,-0.338
-1.737,-0.562
2.236,3.707
1.862,3.793
0.711,3.755
-0.584,3.875
-1.585,3.829
-2.607,0.484
-3.005,0.453
2.084,2.19
1.393,1.609
1.319,2.191
1.306,0.068
1.092,0.044
2.536,0.527
0.318,0.748
-1.556,2.672
-1.822,3.23
-1.862,3.105
2.124,0.494
1.424,1.219
1.072,1.802
0.88,2.393
-1.987,1.801
-2.232,-0.249
2.942,-0.219
-0.838,-0.25
-3.005,-0.652
2.556,-0.739
1.279,-0.801
-1.197,-0.754
0.063,1.061
0.031,1.858
-0.02,-1.553
-0.126,-1.345
-0.109,-1.608
-0.167,1.72
-0.249,-2.002
-0.263,-0.142
-0.295,0.749
-0.311,-1.606
-0.449,1.012
-0.443,0.329
-0.469,0.069
-0.543,-0.243
-0.722,-0.751
-0.927,-1.192
-0.937,-0.874
-1.014,1.457
-1.087,0.041
-1.11,-0.641
-1.099,1.748
-1.154,-1.228
-1.144,0.546
-1.186,0.874
-1.306,-0.585
-1.308,0.398
-1.311,-0.712
-1.486,-1.848
-1.572,-0.569
-1.612,-0.805
-1.648,0.106
-1.736,-0.942
-1.732,-0.404
-1.759,-0.847
-1.839,-2.091
-1.845,0.01
-1.931,1.347
-1.87,-0.384
-1.937,1.526
-1.97,1.478
-1.957,-1.952
-2.039,0.238
-2.05,-0.493
-2.069,0.416
-2.083,-0.369
-2.04,0.926
-2.126,0.175
-2.058,-0.837
-2.138,-0.52
-2.228,-0.653
-2.192,1.175
-2.269,-0.403
-2.718,-2.133
-2.981,-2.451
-3.066,-2.301
2.985,-2.334
2.199,-2.115
1.796,-2.175
1.439,-2.327
0.673,-2.138
0.585,-2.435
0.466,-2.512
0.359,-2.533
0.293,-2.415
-0.128,-2.545
-0.553,-2.386
-0.895,-2.572
-1.148,-2.186
-1.707,-2.384
-1.942,-2.386
-3.03,1.914
3.139,2.023
2.38,1.829
0.0,1.953
-0.13,2.031
-0.143,2.013
-0.282,2.006
-0.293,2.047
-1.21,1.685
-2.156,1.946
-2.426,-0.936
-2.924,-0.626
2.647,-0.551
-2.003,-0.307
-2.117,-1.385
2.155,-2.407
-0.707,-2.489
-2.336,0.437
-2.29,-0.038
-2.465,1.773
-2.465,-0.89
-2.407,-1.109
-2.56,0.965
-2.721,-1.069
-2.799,0.309
-2.681,0.248
-2.847,-0.488
-3.0,0.316
3.119,-1.9
-3.125,0.004
3.055,0.173
2.914,1.283
3.003,1.067
2.866,-0.791
2.782,0.104
2.497,1.571
2.476,-0.877
2.474,-0.815
2.561,-0.535
2.264,-0.83
2.167,-1.499
2.168,0.137
1.994,1.564
2.072,0.842
1.916,1.31
1.876,1.144
1.856,-1.021
1.839,-0.726
1.903,0.384
1.765,-1.133
1.728,-1.332
1.747,1.653
1.706,1.245
1.651,-1.065
1.412,-0.354
1.552,-0.865
1.548,1.198
1.514,-0.811
1.507,-1.105
1.364,0.39
1.366,1.545
1.412,-1.284
1.172,-1.051
1.261,-1.376
1.088,0.675
1.121,0.018
0.991,-0.407
1.033,-0.331
1.033,0.54
0.856,1.727
0.955,-1.344
0.848,0.603
0.757,-0.728
0.688,1.503
0.588,-1.851
0.459,0.7
0.527,-1.296
0.455,-2.07
0.185,1.32
0.126,1.038
0.085,1.516
0.06,-0.419
-0.075,1.432
-0.158,0.956
-0.207,-0.856
-0.852,1.765
-1.323,0.442
-1.333,0.541
-1.494,0.509
-1.913,-2.046
-1.899,-1.163
-1.795,-0.663
-1.904,0.153
-2.089,0.076
-2.163,0.323
-2.199,-2.003
-2.222,-1.984
-2.244,-1.303
-2.274,-1.551
-2.294,-1.322
-2.225,-2.141
-2.409,-2.286
-2.431,-2.346
-2.828,-2.357
2.644,-2.148
2.518,-2.169
2.323,-2.226
1.723,-2.433
1.101,-2.456
1.087,-2.33
0.751,-2.5
0.812,-2.419
0.758,-2.377
0.591,-2.182
0.431,-2.52
-0.103,-2.521
-0.22,-2.342
-0.7,-2.433
-0.904,-2.225
-1.747,-2.419
-1.878,-2.203
-1.73,-2.427
2.243,1.842
1.869,1.928
0.718,1.89
-0.577,2.01
-1.578,1.964
-2.6,-1.381
-2.998,-1.412
2.091,0.325
1.4,-0.256
1.326,0.326
1.313,-1.797
1.099,-1.821
2.543,-1.338
0.325,-1.117
-1.549,0.807
-1.815,1.365
-1.855,1.24
2.131,-1.371
1.431,-0.646
1.079,-0.063
0.887,0.528
-1.98,-0.064
-2.225,-2.114
2.949,-2.084
-0.831,-2.115
-2.998,-2.517
2.563,-2.604
1.286,-2.666
-1.19,-2.619
-0.032,0.797
-0.083,-2.614
-0.189,-2.406
-0.172,-2.669
-0.23,0.659
-0.312,-3.063
-0.326,-1.203
-0.358,-0.312
-0.374,-2.667
-0.512,-0.049
-0.506,-0.732
-0.532,-0.992
-0.606,-1.304
-0.785,-1.812
-0.99,-2.253
-1.0,-1.935
-1.077,0.396
-1.15,-1.02
-1.173,-1.702
-1.162,0.687
-1.217,-2.289
-1.207,-0.515
-1.249,-0.187
-1.369,-1.646
-1.371,-0.663
-1.374,-1.773
-1.549,-2.909
-1.635,-1.63
-1.675,-1.866
-1.711,-0.955
-1.799,-2.003
-1.795,-1.465
-1.822,-1.908
-1.902,-3.152
-1.908,-1.051
-1.994,0.286
-1.933,-1.445
-2.0,0.465
-2.033,0.417
-2.02,-3.013
-2.102,-0.823
-2.113,-1.554
-2.132,-0.645
-2.146,-1.43
-2.103,-0.135
-2.189,-0.886
-2.121,-1.898
-2.201,-1.581
-2.291,-1.714
-2.255,0.114
-2.332,-1.464
-2.781,-3.194
-3.044,-3.512
-3.129,-3.362
2.922,-3.395
2.136,-3.176
1.733,-3.236
1.376,-3.388
0.61,-3.199
0.522,-3.496
0.403,-3.573
0.296,-3.594
0.23,-3.476
-0.191,-3.606
-0.616,-3.447
-0.958,-3.633
-1.211,-3.247
-1.77,-3.445
-2.005,-3.447
-3.093,0.853
3.076,0.962
2.317,0.768
-0.063,0.892
-0.193,0.97
-0.206,0.952
-0.345,0.945
-0.356,0.986
-1.273,0.624
-2.219,0.885
-2.489,-1.997
-2.987,-1.687
2.584,-1.612
-2.066,-1.368
-2.18,-2.446
2.092,-3.468
-0.77,-3.55
-2.399,-0.624
-2.353,-1.099
-2.528,0.712
-2.528,-1.951
-2.47,-2.17
-2.623,-0.096
-2.784,-2.13
-2.862,-0.752
-2.744,-0.813
-2.91,-1.549
-3.063,-0.745
3.056,-2.961
3.095,-1.057
2.992,-0.888
2.851,0.222
2.94,0.006
2.803,-1.852
2.719,-0.957
2.434,0.51
2.413,-1.938
2.411,-1.876
2.498,-1.596
2.201,-1.891
2.104,-2.56
2.105,-0.924
1.931,0.503
2.009,-0.219
1.853,0.249
1.813,0.083
1.793,-2.082
1.776,-1.787
1.84,-0.677
1.702,-2.194
1.665,-2.393
1.684,0.592
1.643,0.184
1.588,-2.126
1.349,-1.415
1.489,-1.926
1.485,0.137
1.451,-1.872
1.444,-2.166
1.301,-0.671
1.303,0.484
1.349,-2.345
1.109,-2.112
1.198,-2.437
1.025,-0.386
1.058,-1.043
0.928,-1.468
0.97,-1.392
0.97,-0.521
0.793,0.666
0.892,-2.405
0.785,-0.458
0.694,-1.789
0.625,0.442
0.525,-2.912
0.396,-0.361
0.464,-2.357
0.392,-3.131
0.122,0.259
0.063,-0.023
0.022,0.455
-0.003,-1.48
-0.138,0.371
-0.221,-0.105
-0.27,-1.917
-0.915,0.704
-1.386,-0.619
-1.396,-0.52
-1.557,-0.552
-1.976,-3.107
-1.962,-2.224
-1.858,-1.724
-1.967,-0.908
-2.152,-0.985
-2.226,-0.738
-2.262,-3.064
-2.285,-3.045
-2.307,-2.364
-2.337,-2.612
-2.357,-2.383
-2.288,-3.202
-2.472,-3.347
-2.494,-3.407
-2.891,-3.418
2.581,-3.209
2.455,-3.23
2.26,-3.287
1.66,-3.494
1.038,-3.517
1.024,-3.391
0.688,-3.561
0.749,-3.48
0.695,-3.438
0.528,-3.243
0.368,-3.581
-0.166,-3.582
-0.283,-3.403
-0.763,-3.494
-0.967,-3.286
-1.81,-3.48
-1.941,-3.264
-1.793,-3.488
2.18,0.781
1.806,0.867
0.655,0.829
-0.64,0.949
-1.641,0.903
-2.663,-2.442
-3.061,-2.473
2.028,-0.736
1.337,-1.317
1.263,-0.735
1.25,-2.858
1.036,-2.882
2.48,-2.399
0.262,-2.178
-1.612,-0.254
-1.878,0.304
-1.918,0.179
2.068,-2.432
1.368,-1.707
1.016,-1.124
0.824,-0.533
-2.043,-1.125
-2.288,-3.175
2.886,-3.145
-0.894,-3.176
-3.061,-3.578
2.5,-3.665
1.223,-3.727
-1.253,-3.68
-0.051,-3.411
-0.157,-3.203
-0.14,-3.466
-0.198,-0.138
-0.28,-3.86
-0.294,-2.0
-0.326,-1.109
-0.342,-3.464
-0.48,-0.846
-0.474,-1.529
-0.5,-1.789
-0.574,-2.101
-0.753,-2.609
-0.958,-3.05
-0.968,-2.732
-1.045,-0.401
-1.118,-1.817
-1.141,-2.499
-1.13,-0.11
-1.185,-3.086
-1.175,-1.312
-1.217,-0.984
-1.337,-2.443
-1.339,-1.46
-1.342,-2.57
-1.517,-3.706
-1.603,-2.427
-1.643,-2.663
-1.679,-1.752
-1.767,-2.8
-1.763,-2.262
-1.79,-2.705
-1.87,-3.949
-1.876,-1.848
-1.962,-0.511
-1.901,-2.242
-1.968,-0.332
-2.001,-0.38
-1.988,-3.81
-2.07,-1.62
-2.081,-2.351
-2.1,-1.442
-2.114,-2.227
-2.071,-0.932
-2.157,-1.683
-2.089,-2.695
-2.169,-2.378
-2.259,-2.511
-2.223,-0.683
-2.3,-2.261
-2.749,-3.991
-3.012,-4.309
-3.097,-4.159
2.954,-4.192
2.168,-3.973
1.765,-4.033
1.408,-4.185
0.642,-3.996
0.554,-4.293
0.435,-4.37
0.328,-4.391
0.262,-4.273
-0.159,-4.403
-0.584,-4.244
-0.926,-4.43
-1.179,-4.044
-1.738,-4.242
-1.973,-4.244
-3.061,0.056
3.108,0.165
2.349,-0.029
-0.031,0.095
-0.161,0.173
-0.174,0.155
-0.313,0.148
-0.324,0.189
-1.241,-0.173
-2.187,0.088
-2.457,-2.794
-2.955,-2.484
2.616,-2.409
-2.034,-2.165
-2.148,-3.243
2.124,-4.265
-0.738,-4.347
-2.367,-1.421
-2.321,-1.896
-2.496,-0.085
-2.496,-2.748
-2.438,-2.967
-2.591,-0.893
-2.752,-2.927
-2.83,-1.549
-2.712,-1.61
-2.878,-2.346
-3.031,-1.542
3.088,-3.758
3.127,-1.854
3.024,-1.685
2.883,-0.575
2.972,-0.791
2.835,-2.649
2.751,-1.754
2.466,-0.287
2.445,-2.735
2.443,-2.673
2.53,-2.393
2.233,-2.688
2.136,-3.357
2.137,-1.721
1.963,-0.294
2.041,-1.016
1.885,-0.548
1.845,-0.714
1.825,-2.879
1.808,-2.584
1.872,-1.474
1.734,-2.991
1.697,-3.19
1.716,-0.205
1.675,-0.613
1.62,-2.923
1.381,-2.212
1.521,-2.723
1.517,-0.66
1.483,-2.669
1.476,-2.963
1.333,-1.468
1.335,-0.313
1.381,-3.142
1.141,-2.909
1.23,-3.234
1.057,-1.183
1.09,-1.84
0.96,-2.265
1.002,-2.189
1.002,-1.318
0.825,-0.131
0.924,-3.202
0.817,-1.255
0.726,-2.586
0.657,-0.355
0.557,-3.709
0.428,-1.158
0.496,-3.154
0.424,-3.928
0.154,-0.538
0.095,-0.82
0.054,-0.342
0.029,-2.277
-0.106,-0.426
-0.189,-0.902
-0.238,-2.714
-0.883,-0.093
-1.354,-1.416
-1.364,-1.317
-1.525,-1.349
-1.944,-3.904
-1.93,-3.021
-1.826,-2.521
-1.935,-1.705
-2.12,-1.782
-2.194,-1.535
-2.23,-3.861
-2.253,-3.842
-2.275,-3.161
-2.305,-3.409
-2.325,-3.18
-2.256,-3.999
-2.44,-4.144
-2.462,-4.204
-2.859,-4.215
2.613,-4.006
2.487,-4.027
2.292,-4.084
1.692,-4.291
1.07,-4.314
1.056,-4.188
0.72,-4.358
0.781,-4.277
0.727,-4.235
0.56,-4.04
0.4,-4.378
-0.134,-4.379
-0.251,-4.2
-0.731,-4.291
-0.935,-4.083
-1.778,-4.277
-1.909,-4.061
-1.761,-4.285
2.212,-0.016
1.838,0.07
0.687,0.032
-0.608,0.152
-1.609,0.106
-2.631,-3.239
-3.029,-3.27
2.06,-1.533
1.369,-2.114
1.295,-1.532
1.282,-3.655
1.068,-3.679
2.512,-3.196
0.294,-2.975
-1.58,-1.051
-1.846,-0.493
-1.886,-0.618
2.1,-3.229
1.4,-2.504
1.048,-1.921
0.856,-1.33
-2.011,-1.922
-2.256,-3.972
2.918,-3.942
-0.862,-3.973
-3.029,-4.375
2.532,-4.462
1.255,-4.524
-1.221,-4.477
-0.106,0.208
-0.089,-0.055
-0.147,3.273
-0.229,-0.449
-0.243,1.411
-0.275,2.302
-0.291,-0.053
-0.429,2.565
-0.423,1.882
-0.449,1.622
-0.523,1.31
-0.702,0.802
-0.907,0.361
-0.917,0.679
-0.994,3.01
-1.067,1.594
-1.09,0.912
-1.079,3.301
-1.134,0.325
-1.124,2.099
-1.166,2.427
-1.286,0.968
-1.288,1.951
-1.291,0.841
-1.466,-0.295
-1.552,0.984
-1.592,0.748
-1.628,1.659
-1.716,0.611
-1.712,1.149
-1.739,0.706
-1.819,-0.538
-1.825,1.563
-1.911,2.9
-1.85,1.169
-1.917,3.079
-1.95,3.031
-1.937,-0.399
-2.019,1.791
-2.03,1.06
-2.049,1.969
-2.063,1.184
-2.02,2.479
-2.106,1.728
-2.038,0.716
-2.118,1.033
-2.208,0.9
-2.172,2.728
-2.249,1.15
-2.698,-0.58
-2.961,-0.898
-3.046,-0.748
3.005,-0.781
2.219,-0.562
1.816,-0.622
1.459,-0.774
0.693,-0.585
0.605,-0.882
0.486,-0.959
0.379,-0.98
0.313,-0.862
-0.108,-0.992
-0.533,-0.833
-0.875,-1.019
-1.128,-0.633
-1.687,-0.831
-1.922,-0.833
-3.01,3.467
-3.124,3.576
2.4,3.382
0.02,3.506
-0.11,3.584
-0.123,3.566
-0.262,3.559
-0.273,3.6
-1.19,3.238
-2.136,3.499
-2.406,0.617
-2.904,0.927
2.667,1.002
-1.983,1.246
-2.097,0.168
2.175,-0.854
-0.687,-0.936
-2.316,1.99
-2.27,1.515
-2.445,3.326
-2.445,0.663
-2.387,0.444
-2.54,2.518
-2.701,0.484
-2.779,1.862
-2.661,1.801
-2.827,1.065
-2.98,1.869
3.139,-0.347
-3.105,1.557
3.075,1.726
2.934,2.836
3.023,2.62
2.886,0.762
2.802,1.657
2.517,3.124
2.496,0.676
2.494,0.738
2.581,1.018
2.284,0.723
2.187,0.054
2.188,1.69
2.014,3.117
2.092,2.395
1.936,2.863
1.896,2.697
1.876,0.532
1.859,0.827
1.923,1.937
1.785,0.42
1.748,0.221
1.767,3.206
1.726,2.798
1.671,0.488
1.432,1.199
1.572,0.688
1.568,2.751
1.534,0.742
1.527,0.448
1.384,1.943
1.386,3.098
1.432,0.269
1.192,0.502
1.281,0.177
1.108,2.228
1.141,1.571
1.011,1.146
1.053,1.222
1.053,2.093
0.876,3.28
0.975,0.209
0.868,2.156
0.777,0.825
0.708,3.056
0.608,-0.298
0.479,2.253
0.547,0.257
0.475,-0.517
0.205,2.873
0.146,2.591
0.105,3.069
0.08,1.134
-0.055,2.985
-0.138,2.509
-0.187,0.697
-0.832,3.318
-1.303,1.995
-1.313,2.094
-1.474,2.062
-1.893,-0.493
-1.879,0.39
-1.775,0.89
-1.884,1.706
-2.069,1.629
-2.143,1.876
-2.179,-0.45
-2.202,-0.431
-2.224,0.25
-2.254,0.002
-2.274,0.231
-2.205,-0.588
-2.389,-0.733
-2.411,-0.793
-2.808,-0.804
2.664,-0.595
2.538,-0.616
2.343,-0.673
1.743,-0.88
1.121,-0.903
1.107,-0.777
0.771,-0.947
0.832,-0.866
0.778,-0.824
0.611,-0.629
0.451,-0.967
-0.083,-0.968
-0.2,-0.789
-0.68,-0.88
-0.884,-0.672
-1.727,-0.866
-1.858,-0.65
-1.71,-0.874
2.263,3.395
1.889,3.481
0.738,3.443
-0.557,3.563
-1.558,3.517
-2.58,0.172
-2.978,0.141
2.111,1.878
1.42,1.297
1.346,1.879
1.333,-0.244
1.119,-0.268
2.563,0.215
0.345,0.436
-1.529,2.36
-1.795,2.918
-1.835,2.793
2.151,0.182
1.451,0.907
1.099,1.49
0.907,2.081
-1.96,1.489
-2.205,-0.561
2.969,-0.531
-0.811,-0.562
-2.978,-0.964
2.583,-1.051
1.306,-1.113
-1.17,-1.066
0.017,-0.263
-0.041,3.065
-0.123,-0.657
-0.137,1.203
-0.169,2.094
-0.185,-0.261
-0.323,2.357
-0.317,1.674
-0.343,1.414
-0.417,1.102
-0.596,0.594
-0.801,0.153
-0.811,0.471
-0.888,2.802
-0.961,1.386
-0.984,0.704
-0.973,3.093
-1.028,0.117
-1.018,1.891
-1.06,2.219
-1.18,0.76
-1.182,1.743
-1.185,0.633
-1.36,-0.503
-1.446,0.776
-1.486,0.54
-1.522,1.451
-1.61,0.403
-1.606,0.941
-1.633,0.498
-1.713,-0.746
-1.719,1.355
-1.805,2.692
-1.744,0.961
-1.811,2.871
-1.844,2.823
-1.831,-0.607
-1.913,1.583
-1.924,0.852
-1.943,1.761
-1.957,0.976
-1.914,2.271
-2.0,1.52
-1.932,0.508
-2.012,0.825
-2.102,0.692
-2.066,2.52
-2.143,0.942
-2.592,-0.788
-2.855,-1.106
-2.94,-0.956
3.111,-0.989
2.325,-0.77
1.922,-0.83
1.565,-0.982
0.799,-0.793
0.711,-1.09
0.592,-1.167
0.485,-1.188
0.419,-1.07
-0.002,-1.2
-0.427,-1.041
-0.769,-1.227
-1.022,-0.841
-1.581,-1.039
-1.816,-1.041
-2.904,3.259
-3.018,3.368
2.506,3.174
0.126,3.298
-0.004,3.376
-0.017,3.358
-0.156,3.351
-0.167,3.392
-1.084,3.03
-2.03,3.291
-2.3,0.409
-2.798,0.719
2.773,0.794
-1.877,1.038
-1.991,-0.04
2.281,-1.062
-0.581,-1.144
-2.21,1.782
-2.164,1.307
-2.339,3.118
-2.339,0.455
-2.281,0.236
-2.434,2.31
-2.595,0.276
-2.673,1.654
-2.555,1.593
-2.721,0.857
-2.874,1.661
-3.038,-0.555
-2.999,1.349
-3.102,1.518
3.04,2.628
3.129,2.412
2.992,0.554
2.908,1.449
2.623,2.916
2.602,0.468
2.6,0.53
2.687,0.81
2.39,0.515
2.293,-0.154
2.294,1.482
2.12,2.909
2.198,2.187
2.042,2.655
2.002,2.489
1.982,0.324
1.965,0.619
2.029,1.729
1.891,0.212
1.854,0.013
1.873,2.998
1.832,2.59
1.777,0.28
1.538,0.991
1.678,0.48
1.674,2.543
1.64,0.534
1.633,0.24
1.49,1.735
1.492,2.89
1.538,0.061
1.298,0.294
1.387,-0.031
1.214,2.02
1.247,1.363
1.117,0.938
1.159,1.014
1.159,1.885
0.982,3.072
1.081,0.001
0.974,1.948
0.883,0.617
0.814,2.848
0.714,-0.506
0.585,2.045
0.653,0.049
0.581,-0.725
0.311,2.665
0.252,2.383
0.211,2.861
0.186,0.926
0.051,2.777
-0.032,2.301
-0.081,0.489
-0.726,3.11
-1.197,1.787
-1.207,1.886
-1.368,1.854
-1.787,-0.701
-1.773,0.182
-1.669,0.682
-1.778,1.498
-1.963,1.421
-2.037,1.668
-2.073,-0.658
-2.096,-0.639
-2.118,0.042
-2.148,-0.206
-2.168,0.023
-2.099,-0.796
-2.283,-0.941
-2.305,-1.001
-2.702,-1.012
2.77,-0.803
2.644,-0.824
2.449,-0.881
1.849,-1.088
1.227,-1.111
1.213,-0.985
0.877,-1.155
0.938,-1.074
0.884,-1.032
0.717,-0.837
0.557,-1.175
0.023,-1.176
-0.094,-0.997
-0.574,-1.088
-0.778,-0.88
-1.621,-1.074
-1.752,-0.858
-1.604,-1.082
2.369,3.187
1.995,3.273
0.844,3.235
-0.451,3.355
-1.452,3.309
-2.474,-0.036
-2.872,-0.067
2.217,1.67
1.526,1.089
1.452,1.671
1.439,-0.452
1.225,-0.476
2.669,0.007
0.451,0.228
-1.423,2.152
-1.689,2.71
-1.729,2.585
2.257,-0.026
1.557,0.699
1.205,1.282
1.013,1.873
-1.854,1.281
-2.099,-0.769
3.075,-0.739
-0.705,-0.77
-2.872,-1.172
2.689,-1.259
1.412,-1.321
-1.064,-1.274
-0.058,3.328
-0.14,-0.394
-0.154,1.466
-0.186,2.357
-0.202,0.002
-0.34,2.62
-0.334,1.937
-0.36,1.677
-0.434,1.365
-0.613,0.857
-0.818,0.416
-0.828,0.734
-0.905,3.065
-0.978,1.649
-1.001,0.967
-0.99,3.356
-1.045,0.38
-1.035,2.154
-1.077,2.482
-1.197,1.023
-1.199,2.006
-1.202,0.896
-1.377,-0.24
-1.463,1.039
-1.503,0.803
-1.539,1.714
-1.627,0.666
-1.623,1.204
-1.65,0.761
-1.73,-0.483
-1.736,1.618
-1.822,2.955
-1.761,1.224
-1.828,3.134
-1.861,3.086
-1.848,-0.344
-1.93,1.846
-1.941,1.115
-1.96,2.024
-1.974,1.239
-1.931,2.534
-2.017,1.783
-1.949,0.771
-2.029,1.088
-2.119,0.955
-2.083,2.783
-2.16,1.205
-2.609,-0.525
-2.872,-0.843
-2.957,-0.693
3.094,-0.726
2.308,-0.507
1.905,-0.567
1.548,-0.719
0.782,-0.53
0.694,-0.827
0.575,-0.904
0.468,-0.925
0.402,-0.807
-0.019,-0.937
-0.444,-0.778
-0.786,-0.964
-1.039,-0.578
-1.598,-0.776
-1.833,-0.778
-2.921,3.522
-3.035,3.631
2.489,3.437
0.109,3.561
-0.021,3.639
-0.034,3.621
-0.173,3.614
-0.184,3.655
-1.101,3.293
-2.047,3.554
-2.317,0.672
-2.815,0.982
2.756,1.057
-1.894,1.301
-2.008,0.223
2.264,-0.799
-0.598,-0.881
-2.227,2.045
-2.181,1.57
-2.356,3.381
-2.356,0.718
-2.298,0.499
-2.451,2.573
-2.612,0.539
-2.69,1.917
-2.572,1.856
-2.738,1.12
-2.891,1.924
-3.055,-0.292
-3.016,1.612
-3.119,1.781
3.023,2.891
3.112,2.675
2.975,0.817
2.891,1.712
2.606,3.179
2.585,0.731
2.583,0.793
2.67,1.073
2.373,0.778
2.276,0.109
2.277,1.745
2.103,3.172
2.181,2.45
2.025,2.918
1.985,2.752
1.965,0.587
1.948,0.882
2.012,1.992
1.874,0.475
1.837,0.276
1.856,3.261
1.815,2.853
1.76,0.543
1.521,1.254
1.661,0.743
1.657,2.806
1.623,0.797
1.616,0.503
1.473,1.998
1.475,3.153
1.521,0.324
1.281,0.557
1.37,0.232
1.197,2.283
1.23,1.626
1.1,1.201
1.142,1.277
1.142,2.148
0.965,3.335
1.064,0.264
0.957,2.211
0.866,0.88
0.797,3.111
0.697,-0.243
0.568,2.308
0.636,0.312
0.564,-0.462
0.294,2.928
0.235,2.646
0.194,3.124
0.169,1.189
0.034,3.04
-0.049,2.564
-0.098,0.752
-0.743,3.373
-1.214,2.05
-1.224,2.149
-1.385,2.117
-1.804,-0.438
-1.79,0.445
-1.686,0.945
-1.795,1.761
-1.98,1.684
-2.054,1.931
-2.09,-0.395
-2.113,-0.376
-2.135,0.305
-2.165,0.057
-2.185,0.286
-2.116,-0.533
-2.3,-0.678
-2.322,-0.738
-2.719,-0.749
2.753,-0.54
2.627,-0.561
2.432,-0.618
1.832,-0.825
1.21,-0.848
1.196,-0.722
0.86,-0.892
0.921,-0.811
0.867,-0.769
0.7,-0.574
0.54,-0.912
0.006,-0.913
-0.111,-0.734
-0.591,-0.825
-0.795,-0.617
-1.638,-0.811
-1.769,-0.595
-1.621,-0.819
2.352,3.45
1.978,3.536
0.827,3.498
-0.468,3.618
-1.469,3.572
-2.491,0.227
-2.889,0.196
2.2,1.933
1.509,1.352
1.435,1.934
1.422,-0.189
1.208,-0.213
2.652,0.27
0.434,0.491
-1.44,2.415
-1.706,2.973
-1.746,2.848
2.24,0.237
1.54,0.962
1.188,1.545
0.996,2.136
-1.871,1.544
-2.116,-0.506
3.058,-0.476
-0.722,-0.507
-2.889,-0.909
2.672,-0.996
1.395,-1.058
-1.081,-1.011
-0.082,-3.722
-0.096,-1.862
-0.128,-0.971
-0.144,-3.326
-0.282,-0.708
-0.276,-1.391
-0.302,-1.651
-0.376,-1.963
-0.555,-2.471
-0.76,-2.912
-0.77,-2.594
-0.847,-0.263
-0.92,-1.679
-0.943,-2.361
-0.932,0.028
-0.987,-2.948
-0.977,-1.174
-1.019,-0.846
-1.139,-2.305
-1.141,-1.322
-1.144,-2.432
-1.319,-3.568
-1.405,-2.289
-1.445,-2.525
-1.481,-1.614
-1.569,-2.662
-1.565,-2.124
-1.592,-2.567
-1.672,-3.811
-1.678,-1.71
-1.764,-0.373
-1.703,-2.104
-1.77,-0.194
-1.803,-0.242
-1.79,-3.672
-1.872,-1.482
-1.883,-2.213
-1.902,-1.304
-1.916,-2.089
-1.873,-0.794
-1.959,-1.545
-1.891,-2.557
-1.971,-2.24
-2.061,-2.373
-2.025,-0.545
-2.102,-2.123
-2.551,-3.853
-2.814,-4.171
-2.899,-4.021
-3.131,-4.054
2.366,-3.835
1.963,-3.895
1.606,-4.047
0.84,-3.858
0.752,-4.155
0.633,-4.232
0.526,-4.253
0.46,-4.135
0.039,-4.265
-0.386,-4.106
-0.728,-4.292
-0.981,-3.906
-1.54,-4.104
-1.775,-4.106
-2.863,0.194
-2.977,0.303
2.547,0.109
0.167,0.233
0.037,0.311
0.024,0.293
-0.115,0.286
-0.126,0.327
-1.043,-0.035
-1.989,0.226
-2.259,-2.656
-2.757,-2.346
2.814,-2.271
-1.836,-2.027
-1.95,-3.105
2.322,-4.127
-0.54,-4.209
-2.169,-1.283
-2.123,-1.758
-2.298,0.053
-2.298,-2.61
-2.24,-2.829
-2.393,-0.755
-2.554,-2.789
-2.632,-1.411
-2.514,-1.472
-2.68,-2.208
-2.833,-1.404
-2.997,-3.62
-2.958,-1.716
-3.061,-1.547
3.081,-0.437
-3.113,-0.653
3.033,-2.511
2.949,-1.616
2.664,-0.149
2.643,-2.597
2.641,-2.535
2.728,-2.255
2.431,-2.55
2.334,-3.219
2.335,-1.583
2.161,-0.156
2.239,-0.878
2.083,-0.41
2.043,-0.576
2.023,-2.741
2.006,-2.446
2.07,-1.336
1.932,-2.853
1.895,-3.052
1.914,-0.067
1.873,-0.475
1.818,-2.785
1.579,-2.074
1.719,-2.585
1.715,-0.522
1.681,-2.531
1.674,-2.825
1.531,-1.33
1.533,-0.175
1.579,-3.004
1.339,-2.771
1.428,-3.096
1.255,-1.045
1.288,-1.702
1.158,-2.127
1.2,-2.051
1.2,-1.18
1.023,0.007
1.122,-3.064
1.015,-1.117
0.924,-2.448
0.855,-0.217
0.755,-3.571
0.626,-1.02
0.694,-3.016
0.622,-3.79
0.352,-0.4
0.293,-0.682
0.252,-0.204
0.227,-2.139
0.092,-0.288
0.009,-0.764
-0.04,-2.576
-0.685,0.045
-1.156,-1.278
-1.166,-1.179
-1.327,-1.211
-1.746,-3.766
-1.732,-2.883
-1.628,-2.383
-1.737,-1.567
-1.922,-1.644
-1.996,-1.397
-2.032,-3.723
-2.055,-3.704
-2.077,-3.023
-2.107,-3.271
-2.127,-3.042
-2.058,-3.861
-2.242,-4.006
-2.264,-4.066
-2.661,-4.077
2.811,-3.868
2.685,-3.889
2.49,-3.946
1.89,-4.153
1.268,-4.176
1.254,-4.05
0.918,-4.22
0.979,-4.139
0.925,-4.097
0.758,-3.902
0.598,-4.24
0.064,-4.241
-0.053,-4.062
-0.533,-4.153
-0.737,-3.945
-1.58,-4.139
-1.711,-3.923
-1.563,-4.147
2.41,0.122
2.036,0.208
0.885,0.17
-0.41,0.29
-1.411,0.244
-2.433,-3.101
-2.831,-3.132
2.258,-1.395
1.567,-1.976
1.493,-1.394
1.48,-3.517
1.266,-3.541
2.71,-3.058
0.492,-2.837
-1.382,-0.913
-1.648,-0.355
-1.688,-0.48
2.298,-3.091
1.598,-2.366
1.246,-1.783
1.054,-1.192
-1.813,-1.784
-2.058,-3.834
3.116,-3.804
-0.664,-3.835
-2.831,-4.237
2.73,-4.324
1.453,-4.386
-1.023,-4.339
-0.014,1.86
-0.046,2.751
-0.062,0.396
-0.2,3.014
-0.194,2.331
-0.22,2.071
-0.294,1.759
-0.473,1.251
-0.678,0.81
-0.688,1.128
-0.765,3.459
-0.838,2.043
-0.861,1.361
-0.85,3.75
-0.905,0.774
-0.895,2.548
-0.937,2.876
-1.057,1.417
-1.059,2.4
-1.062,1.29
-1.237,0.154
-1.323,1.433
-1.363,1.197
-1.399,2.108
-1.487,1.06
-1.483,1.598
-1.51,1.155
-1.59,-0.089
-1.596,2.012
-1.682,3.349
-1.621,1.618
-1.688,3.528
-1.721,3.48
-1.708,0.05
-1.79,2.24
-1.801,1.509
-1.82,2.418
-1.834,1.633
-1.791,2.928
-1.877,2.177
-1.809,1.165
-1.889,1.482
-1.979,1.349
-1.943,3.177
-2.02,1.599
-2.469,-0.131
-2.732,-0.449
-2.817,-0.299
-3.049,-0.332
2.448,-0.113
2.045,-0.173
1.688,-0.325
0.922,-0.136
0.834,-0.433
0.715,-0.51
0.608,-0.531
0.542,-0.413
0.121,-0.543
-0.304,-0.384
-0.646,-0.57
-0.899,-0.184
-1.458,-0.382
-1.693,-0.384
-2.781,3.916
-2.895,4.025
2.629,3.831
0.249,3.955
0.119,4.033
0.106,4.015
-0.033,4.008
-0.044,4.049
-0.961,3.687
-1.907,3.948
-2.177,1.066
-2.675,1.376
2.896,1.451
-1.754,1.695
-1.868,0.617
2.404,-0.405
-0.458,-0.487
-2.087,2.439
-2.041,1.964
-2.216,3.775
-2.216,1.112
-2.158,0.893
-2.311,2.967
-2.472,0.933
-2.55,2.311
-2.432,2.25
-2.598,1.514
-2.751,2.318
-2.915,0.102
-2.876,2.006
-2.979,2.175
-3.12,3.285
-3.031,3.069
3.115,1.211
3.031,2.106
2.746,3.573
2.725,1.125
2.723,1.187
2.81,1.467
2.513,1.172
2.416,0.503
2.417,2.139
2.243,3.566
2.321,2.844
2.165,3.312
2.125,3.146
2.105,0.981
2.088,1.276
2.152,2.386
2.014,0.869
1.977,0.67
1.996,3.655
1.955,3.247
1.9,0.937
1.661,1.648
1.801,1.137
1.797,3.2
1.763,1.191
1.756,0.897
1.613,2.392
1.615,3.547
1.661,0.718
1.421,0.951
1.51,0.626
1.337,2.677
1.37,2.02
1.24,1.595
1.282,1.671
1.282,2.542
1.105,3.729
1.204,0.658
1.097,2.605
1.006,1.274
0.937,3.505
0.837,0.151
0.708,2.702
0.776,0.706
0.704,-0.068
0.434,3.322
0.375,3.04
0.334,3.518
0.309,1.583
0.174,3.434
0.091,2.958
0.042,1.146
-0.603,3.767
-1.074,2.444
-1.084,2.543
-1.245,2.511
-1.664,-0.044
-1.65,0.839
-1.546,1.339
-1.655,2.155
-1.84,2.078
-1.914,2.325
-1.95,-0.001
-1.973,0.018
-1.995,0.699
-2.025,0.451
-2.045,0.68
-1.976,-0.139
-2.16,-0.284
-2.182,-0.344
-2.579,-0.355
2.893,-0.146
2.767,-0.167
2.572,-0.224
1.972,-0.431
1.35,-0.454
1.336,-0.328
1.0,-0.498
1.061,-0.417
1.007,-0.375
0.84,-0.18
0.68,-0.518
0.146,-0.519
0.029,-0.34
-0.451,-0.431
-0.655,-0.223
-1.498,-0.417
-1.629,-0.201
-1.481,-0.425
2.492,3.844
2.118,3.93
0.967,3.892
-0.328,4.012
-1.329,3.966
-2.351,0.621
-2.749,0.59
2.34,2.327
1.649,1.746
1.575,2.328
1.562,0.205
1.348,0.181
2.792,0.664
0.574,0.885
-1.3,2.809
-1.566,3.367
-1.606,3.242
2.38,0.631
1.68,1.356
1.328,1.939
1.136,2.53
-1.731,1.938
-1.976,-0.112
-3.085,-0.082
-0.582,-0.113
-2.749,-0.515
2.812,-0.602
1.535,-0.664
-0.941,-0.617
-0.032,0.891
-0.048,-1.464
-0.186,1.154
-0.18,0.471
-0.206,0.211
-0.28,-0.101
-0.459,-0.609
-0.664,-1.05
-0.674,-0.732
-0.751,1.599
-0.824,0.183
-0.847,-0.499
-0.836,1.89
-0.891,-1.086
-0.881,0.688
-0.923,1.016
-1.043,-0.443
-1.045,0.54
-1.048,-0.57
-1.223,-1.706
-1.309,-0.427
-1.349,-0.663
-1.385,0.248
-1.473,-0.8
-1.469,-0.262
-1.496,-0.705
-1.576,-1.949
-1.582,0.152
-1.668,1.489
-1.607,-0.242
-1.674,1.668
-1.707,1.62
-1.694,-1.81
-1.776,0.38
-1.787,-0.351
-1.806,0.558
-1.82,-0.227
-1.777,1.068
-1.863,0.317
-1.795,-0.695
-1.875,-0.378
-1.965,-0.511
-1.929,1.317
-2.006,-0.261
-2.455,-1.991
-2.718,-2.309
-2.803,-2.159
-3.035,-2.192
2.462,-1.973
2.059,-2.033
1.702,-2.185
0.936,-1.996
0.848,-2.293
0.729,-2.37
0.622,-2.391
0.556,-2.273
0.135,-2.403
-0.29,-2.244
-0.632,-2.43
-0.885,-2.044
-1.444,-2.242
-1.679,-2.244
-2.767,2.056
-2.881,2.165
2.643,1.971
0.263,2.095
0.133,2.173
0.12,2.155
-0.019,2.148
-0.03,2.189
-0.947,1.827
-1.893,2.088
-2.163,-0.794
-2.661,-0.484
2.91,-0.409
-1.74,-0.165
-1.854,-1.243
2.418,-2.265
-0.444,-2.347
-2.073,0.579
-2.027,0.104
-2.202,1.915
-2.202,-0.748
-2.144,-0.967
-2.297,1.107
-2.458,-0.927
-2.536,0.451
-2.418,0.39
-2.584,-0.346
-2.737,0.458
-2.901,-1.758
-2.862,0.146
-2.965,0.315
-3.106,1.425
-3.017,1.209
3.129,-0.649
3.045,0.246
2.76,1.713
2.739,-0.735
2.737,-0.673
2.824,-0.393
2.527,-0.688
2.43,-1.357
2.431,0.279
2.257,1.706
2.335,0.984
2.179,1.452
2.139,1.286
2.119,-0.879
2.102,-0.584
2.166,0.526
2.028,-0.991
1.991,-1.19
2.01,1.795
1.969,1.387
1.914,-0.923
1.675,-0.212
1.815,-0.723
1.811,1.34
1.777,-0.669
1.77,-0.963
1.627,0.532
1.629,1.687
1.675,-1.142
1.435,-0.909
1.524,-1.234
1.351,0.817
1.384,0.16
1.254,-0.265
1.296,-0.189
1.296,0.682
1.119,1.869
1.218,-1.202
1.111,0.745
1.02,-0.586
0.951,1.645
0.851,-1.709
0.722,0.842
0.79,-1.154
0.718,-1.928
0.448,1.462
0.389,1.18
0.348,1.658
0.323,-0.277
0.188,1.574
0.105,1.098
0.056,-0.714
-0.589,1.907
-1.06,0.584
-1.07,0.683
-1.231,0.651
-1.65,-1.904
-1.636,-1.021
-1.532,-0.521
-1.641,0.295
-1.826,0.218
-1.9,0.465
-1.936,-1.861
-1.959,-1.842
-1.981,-1.161
-2.011,-1.409
-2.031,-1.18
-1.962,-1.999
-2.146,-2.144
-2.168,-2.204
-2.565,-2.215
2.907,-2.006
2.781,-2.027
2.586,-2.084
1.986,-2.291
1.364,-2.314
1.35,-2.188
1.014,-2.358
1.075,-2.277
1.021,-2.235
0.854,-2.04
0.694,-2.378
0.16,-2.379
0.043,-2.2
-0.437,-2.291
-0.641,-2.083
-1.484,-2.277
-1.615,-2.061
-1.467,-2.285
2.506,1.984
2.132,2.07
0.981,2.032
-0.314,2.152
-1.315,2.106
-2.337,-1.239
-2.735,-1.27
2.354,0.467
1.663,-0.114
1.589,0.468
1.576,-1.655
1.362,-1.679
2.806,-1.196
0.588,-0.975
-1.286,0.949
-1.552,1.507
-1.592,1.382
2.394,-1.229
1.694,-0.504
1.342,0.079
1.15,0.67
-1.717,0.078
-1.962,-1.972
-3.071,-1.942
-0.568,-1.973
-2.735,-2.375
2.826,-2.462
1.549,-2.524
-0.927,-2.477
-0.016,-2.355
-0.154,0.263
-0.148,-0.42
-0.174,-0.68
-0.248,-0.992
-0.427,-1.5
-0.632,-1.941
-0.642,-1.623
-0.719,0.708
-0.792,-0.708
-0.815,-1.39
-0.804,0.999
-0.859,-1.977
-0.849,-0.203
-0.891,0.125
-1.011,-1.334
-1.013,-0.351
-1.016,-1.461
-1.191,-2.597
-1.277,-1.318
-1.317,-1.554
-1.353,-0.643
-1.441,-1.691
-1.437,-1.153
-1.464,-1.596
-1.544,-2.84
-1.55,-0.739
-1.636,0.598
-1.575,-1.133
-1.642,0.777
-1.675,0.729
-1.662,-2.701
-1.744,-0.511
-1.755,-1.242
-1.774,-0.333
-1.788,-1.118
-1.745,0.177
-1.831,-0.574
-1.763,-1.586
-1.843,-1.269
-1.933,-1.402
-1.897,0.426
-1.974,-1.152
-2.423,-2.882
-2.686,-3.2
-2.771,-3.05
-3.003,-3.083
2.494,-2.864
2.091,-2.924
1.734,-3.076
0.968,-2.887
0.88,-3.184
0.761,-3.261
0.654,-3.282
0.588,-3.164
0.167,-3.294
-0.258,-3.135
-0.6,-3.321
-0.853,-2.935
-1.412,-3.133
-1.647,-3.135
-2.735,1.165
-2.849,1.274
2.675,1.08
0.295,1.204
0.165,1.282
0.152,1.264
0.013,1.257
0.002,1.298
-0.915,0.936
-1.861,1.197
-2.131,-1.685
-2.629,-1.375
2.942,-1.3
-1.708,-1.056
-1.822,-2.134
2.45,-3.156
-0.412,-3.238
-2.041,-0.312
-1.995,-0.787
-2.17,1.024
-2.17,-1.639
-2.112,-1.858
-2.265,0.216
-2.426,-1.818
-2.504,-0.44
-2.386,-0.501
-2.552,-1.237
-2.705,-0.433
-2.869,-2.649
-2.83,-0.745
-2.933,-0.576
-3.074,0.534
-2.985,0.318
-3.122,-1.54
3.077,-0.645
2.792,0.822
2.771,-1.626
2.769,-1.564
2.856,-1.284
2.559,-1.579
2.462,-2.248
2.463,-0.612
2.289,0.815
2.367,0.093
2.211,0.561
2.171,0.395
2.151,-1.77
2.134,-1.475
2.198,-0.365
2.06,-1.882
2.023,-2.081
2.042,0.904
2.001,0.496
1.946,-1.814
1.707,-1.103
1.847,-1.614
1.843,0.449
1.809,-1.56
1.802,-1.854
1.659,-0.359
1.661,0.796
1.707,-2.033
1.467,-1.8
1.556,-2.125
1.383,-0.074
1.416,-0.731
1.286,-1.156
1.328,-1.08
1.328,-0.209
1.151,0.978
1.25,-2.093
1.143,-0.146
1.052,-1.477
0.983,0.754
0.883,-2.6
0.754,-0.049
0.822,-2.045
0.75,-2.819
0.48,0.571
0.421,0.289
0.38,0.767
0.355,-1.168
0.22,0.683
0.137,0.207
0.088,-1.605
-0.557,1.016
-1.028,-0.307
-1.038,-0.208
-1.199,-0.24
-1.618,-2.795
-1.604,-1.912
-1.5,-1.412
-1.609,-0.596
-1.794,-0.673
-1.868,-0.426
-1.904,-2.752
-1.927,-2.733
-1.949,-2.052
-1.979,-2.3
-1.999,-2.071
-1.93,-2.89
-2.114,-3.035
-2.136,-3.095
-2.533,-3.106
2.939,-2.897
2.813,-2.918
2.618,-2.975
2.018,-3.182
1.396,-3.205
1.382,-3.079
1.046,-3.249
1.107,-3.168
1.053,-3.126
0.886,-2.931
0.726,-3.269
0.192,-3.27
0.075,-3.091
-0.405,-3.182
-0.609,-2.974
-1.452,-3.168
-1.583,-2.952
-1.435,-3.176
2.538,1.093
2.164,1.179
1.013,1.141
-0.282,1.261
-1.283,1.215
-2.305,-2.13
-2.703,-2.161
2.386,-0.424
1.695,-1.005
1.621,-0.423
1.608,-2.546
1.394,-2.57
2.838,-2.087
0.62,-1.866
-1.254,0.058
-1.52,0.616
-1.56,0.491
2.426,-2.12
1.726,-1.395
1.374,-0.812
1.182,-0.221
-1.685,-0.813
-1.93,-2.863
-3.039,-2.833
-0.536,-2.864
-2.703,-3.266
2.858,-3.353
1.581,-3.415
-0.895,-3.368
-0.138,2.618
-0.132,1.935
-0.158,1.675
-0.232,1.363
-0.411,0.855
-0.616,0.414
-0.626,0.732
-0.703,3.063
-0.776,1.647
-0.799,0.965
-0.788,3.354
-0.843,0.378
-0.833,2.152
-0.875,2.48
-0.995,1.021
-0.997,2.004
-1.0,0.894
-1.175,-0.242
-1.261,1.037
-1.301,0.801
-1.337,1.712
-1.425,0.664
-1.421,1.202
-1.448,0.759
-1.528,-0.485
-1.534,1.616
-1.62,2.953
-1.559,1.222
-1.626,3.132
-1.659,3.084
-1.646,-0.346
-1.728,1.844
-1.739,1.113
-1.758,2.022
-1.772,1.237
-1.729,2.532
-1.815,1.781
-1.747,0.769
-1.827,1.086
-1.917,0.953
-1.881,2.781
-1.958,1.203
-2.407,-0.527
-2.67,-0.845
-2.755,-0.695
-2.987,-0.728
2.51,-0.509
2.107,-0.569
1.75,-0.721
0.984,-0.532
0.896,-0.829
0.777,-0.906
0.67,-0.927
0.604,-0.809
0.183,-0.939
-0.242,-0.78
-0.584,-0.966
-0.837,-0.58
-1.396,-0.778
-1.631,-0.78
-2.719,3.52
-2.833,3.629
2.691,3.435
0.311,3.559
0.181,3.637
0.168,3.619
0.029,3.612
0.018,3.653
-0.899,3.291
-1.845,3.552
-2.115,0.67
-2.613,0.98
2.958,1.055
-1.692,1.299
-1.806,0.221
2.466,-0.801
-0.396,-0.883
-2.025,2.043
-1.979,1.568
-2.154,3.379
-2.154,0.716
-2.096,0.497
-2.249,2.571
-2.41,0.537
-2.488,1.915
-2.37,1.854
-2.536,1.118
-2.689,1.922
-2.853,-0.294
-2.814,1.61
-2.917,1.779
-3.058,2.889
-2.969,2.673
-3.106,0.815
3.093,1.71
2.808,3.177
2.787,0.729
2.785,0.791
2.872,1.071
2.575,0.776
2.478,0.107
2.479,1.743
2.305,3.17
2.383,2.448
2.227,2.916
2.187,2.75
2.167,0.585
2.15,0.88
2.214,1.99
2.076,0.473
2.039,0.274
2.058,3.259
2.017,2.851
1.962,0.541
1.723,1.252
1.863,0.741
1.859,2.804
1.825,0.795
1.818,0.501
1.675,1.996
1.677,3.151
1.723,0.322
1.483,0.555
1.572,0.23
1.399,2.281
1.432,1.624
1.302,1.199
1.344,1.275
1.344,2.146
1.167,3.333
1.266,0.262
1.159,2.209
1.068,0.878
0.999,3.109
0.899,-0.245
0.77,2.306
0.838,0.31
0.766,-0.464
0.496,2.926
0.437,2.644
0.396,3.122
0.371,1.187
0.236,3.038
0.153,2.562
0.104,0.75
-0.541,3.371
-1.012,2.048
-1.022,2.147
-1.183,2.115
-1.602,-0.44
-1.588,0.443
-1.484,0.943
-1.593,1.759
-1.778,1.682
-1.852,1.929
-1.888,-0.397
-1.911,-0.378
-1.933,0.303
-1.963,0.055
-1.983,0.284
-1.914,-0.535
-2.098,-0.68
-2.12,-0.74
-2.517,-0.751
2.955,-0.542
2.829,-0.563
2.634,-0.62
2.034,-0.827
1.412,-0.85
1.398,-0.724
1.062,-0.894
1.123,-0.813
1.069,-0.771
0.902,-0.576
0.742,-0.914
0.208,-0.915
0.091,-0.736
-0.389,-0.827
-0.593,-0.619
-1.436,-0.813
-1.567,-0.597
-1.419,-0.821
2.554,3.448
2.18,3.534
1.029,3.496
-0.266,3.616
-1.267,3.57
-2.289,0.225
-2.687,0.194
2.402,1.931
1.711,1.35
1.637,1.932
1.624,-0.191
1.41,-0.215
2.854,0.268
0.636,0.489
-1.238,2.413
-1.504,2.971
-1.544,2.846
2.442,0.235
1.742,0.96
1.39,1.543
1.198,2.134
-1.669,1.542
-1.914,-0.508
-3.023,-0.478
-0.52,-0.509
-2.687,-0.911
2.874,-0.998
1.597,-1.06
-0.879,-1.013
0.006,-0.683
-0.02,-0.943
-0.094,-1.255
-0.273,-1.763
-0.478,-2.204
-0.488,-1.886
-0.565,0.445
-0.638,-0.971
-0.661,-1.653
-0.65,0.736
-0.705,-2.24
-0.695,-0.466
-0.737,-0.138
-0.857,-1.597
-0.859,-0.614
-0.862,-1.724
-1.037,-2.86
-1.123,-1.581
-1.163,-1.817
-1.199,-0.906
-1.287,-1.954
-1.283,-1.416
-1.31,-1.859
-1.39,-3.103
-1.396,-1.002
-1.482,0.335
-1.421,-1.396
-1.488,0.514
-1.521,0.466
-1.508,-2.964
-1.59,-0.774
-1.601,-1.505
-1.62,-0.596
-1.634,-1.381
-1.591,-0.086
-1.677,-0.837
-1.609,-1.849
-1.689,-1.532
-1.779,-1.665
-1.743,0.163
-1.82,-1.415
-2.269,-3.145
-2.532,-3.463
-2.617,-3.313
-2.849,-3.346
2.648,-3.127
2.245,-3.187
1.888,-3.339
1.122,-3.15
1.034,-3.447
0.915,-3.524
0.808,-3.545
0.742,-3.427
0.321,-3.557
-0.104,-3.398
-0.446,-3.584
-0.699,-3.198
-1.258,-3.396
-1.493,-3.398
-2.581,0.902
-2.695,1.011
2.829,0.817
0.449,0.941
0.319,1.019
0.306,1.001
0.167,0.994
0.156,1.035
-0.761,0.673
-1.707,0.934
-1.977,-1.948
-2.475,-1.638
3.096,-1.563
-1.554,-1.319
-1.668,-2.397
2.604,-3.419
-0.258,-3.501
-1.887,-0.575
-1.841,-1.05
-2.016,0.761
-2.016,-1.902
-1.958,-2.121
-2.111,-0.047
-2.272,-2.081
-2.35,-0.703
-2.232,-0.764
-2.398,-1.5
-2.551,-0.696
-2.715,-2.912
-2.676,-1.008
-2.779,-0.839
-2.92,0.271
-2.831,0.055
-2.968,-1.803
-3.052,-0.908
2.946,0.559
2.925,-1.889
2.923,-1.827
3.01,-1.547
2.713,-1.842
2.616,-2.511
2.617,-0.875
2.443,0.552
2.521,-0.17
2.365,0.298
2.325,0.132
2.305,-2.033
2.288,-1.738
2.352,-0.628
2.214,-2.145
2.177,-2.344
2.196,0.641
2.155,0.233
2.1,-2.077
1.861,-1.366
2.001,-1.877
1.997,0.186
1.963,-1.823
1.956,-2.117
1.813,-0.622
1.815,0.533
1.861,-2.296
1.621,-2.063
1.71,-2.388
1.537,-0.337
1.57,-0.994
1.44,-1.419
1.482,-1.343
1.482,-0.472
1.305,0.715
1.404,-2.356
1.297,-0.409
1.206,-1.74
1.137,0.491
1.037,-2.863
0.908,-0.312
0.976,-2.308
0.904,-3.082
0.634,0.308
0.575,0.026
0.534,0.504
0.509,-1.431
0.374,0.42
0.291,-0.056
0.242,-1.868
-0.403,0.753
-0.874,-0.57
-0.884,-0.471
-1.045,-0.503
-1.464,-3.058
-1.45,-2.175
-1.346,-1.675
-1.455,-0.859
-1.64,-0.936
-1.714,-0.689
-1.75,-3.015
-1.773,-2.996
-1.795,-2.315
-1.825,-2.563
-1.845,-2.334
-1.776,-3.153
-1.96,-3.298
-1.982,-3.358
-2.379,-3.369
3.093,-3.16
2.967,-3.181
2.772,-3.238
2.172,-3.445
1.55,-3.468
1.536,-3.342
1.2,-3.512
1.261,-3.431
1.207,-3.389
1.04,-3.194
0.88,-3.532
0.346,-3.533
0.229,-3.354
-0.251,-3.445
-0.455,-3.237
-1.298,-3.431
-1.429,-3.215
-1.281,-3.439
2.692,0.83
2.318,0.916
1.167,0.878
-0.128,0.998
-1.129,0.952
-2.151,-2.393
-2.549,-2.424
2.54,-0.687
1.849,-1.268
1.775,-0.686
1.762,-2.809
1.548,-2.833
2.992,-2.35
0.774,-2.129
-1.1,-0.205
-1.366,0.353
-1.406,0.228
2.58,-2.383
1.88,-1.658
1.528,-1.075
1.336,-0.484
-1.531,-1.076
-1.776,-3.126
-2.885,-3.096
-0.382,-3.127
-2.549,-3.529
3.012,-3.616
1.735,-3.678
-0.741,-3.631
-0.026,-0.26
-0.1,-0.572
-0.279,-1.08
-0.484,-1.521
-0.494,-1.203
-0.571,1.128
-0.644,-0.288
-0.667,-0.97
-0.656,1.419
-0.711,-1.557
-0.701,0.217
-0.743,0.545
-0.863,-0.914
-0.865,0.069
-0.868,-1.041
-1.043,-2.177
-1.129,-0.898
-1.169,-1.134
-1.205,-0.223
-1.293,-1.271
-1.289,-0.733
-1.316,-1.176
-1.396,-2.42
-1.402,-0.319
-1.488,1.018
-1.427,-0.713
-1.494,1.197
-1.527,1.149
-1.514,-2.281
-1.596,-0.091
-1.607,-0.822
-1.626,0.087
-1.64,-0.698
-1.597,0.597
-1.683,-0.154
-1.615,-1.166
-1.695,-0.849
-1.785,-0.982
-1.749,0.846
-1.826,-0.732
-2.275,-2.462
-2.538,-2.78
-2.623,-2.63
-2.855,-2.663
2.642,-2.444
2.239,-2.504
1.882,-2.656
1.116,-2.467
1.028,-2.764
0.909,-2.841
0.802,-2.862
0.736,-2.744
0.315,-2.874
-0.11,-2.715
-0.452,-2.901
-0.705,-2.515
-1.264,-2.713
-1.499,-2.715
-2.587,1.585
-2.701,1.694
2.823,1.5
0.443,1.624
0.313,1.702
0.3,1.684
0.161,1.677
0.15,1.718
-0.767,1.356
-1.713,1.617
-1.983,-1.265
-2.481,-0.955
3.09,-0.88
-1.56,-0.636
-1.674,-1.714
2.598,-2.736
-0.264,-2.818
-1.893,0.108
-1.847,-0.367
-2.022,1.444
-2.022,-1.219
-1.964,-1.438
-2.117,0.636
-2.278,-1.398
-2.356,-0.02
-2.238,-0.081
-2.404,-0.817
-2.557,-0.013
-2.721,-2.229
-2.682,-0.325
-2.785,-0.156
-2.926,0.954
-2.837,0.738
-2.974,-1.12
-3.058,-0.225
2.94,1.242
2.919,-1.206
2.917,-1.144
3.004,-0.864
2.707,-1.159
2.61,-1.828
2.611,-0.192
2.437,1.235
2.515,0.513
2.359,0.981
2.319,0.815
2.299,-1.35
2.282,-1.055
2.346,0.055
2.208,-1.462
2.171,-1.661
2.19,1.324
2.149,0.916
2.094,-1.394
1.855,-0.683
1.995,-1.194
1.991,0.869
1.957,-1.14
1.95,-1.434
1.807,0.061
1.809,1.216
1.855,-1.613
1.615,-1.38
1.704,-1.705
1.531,0.346
1.564,-0.311
1.434,-0.736
1.476,-0.66
1.476,0.211
1.299,1.398
1.398,-1.673
1.291,0.274
1.2,-1.057
1.131,1.174
1.031,-2.18
0.902,0.371
0.97,-1.625
0.898,-2.399
0.628,0.991
0.569,0.709
0.528,1.187
0.503,-0.748
0.368,1.103
0.285,0.627
0.236,-1.185
-0.409,1.436
-0.88,0.113
-0.89,0.212
-1.051,0.18
-1.47,-2.375
-1.456,-1.492
-1.352,-0.992
-1.461,-0.176
-1.646,-0.253
-1.72,-0.006
-1.756,-2.332
-1.779,-2.313
-1.801,-1.632
-1.831,-1.88
-1.851,-1.651
-1.782,-2.47
-1.966,-2.615
-1.988,-2.675
-2.385,-2.686
3.087,-2.477
2.961,-2.498
2.766,-2.555
2.166,-2.762
1.544,-2.785
1.53,-2.659
1.194,-2.829
1.255,-2.748
1.201,-2.706
1.034,-2.511
0.874,-2.849
0.34,-2.85
0.223,-2.671
-0.257,-2.762
-0.461,-2.554
-1.304,-2.748
-1.435,-2.532
-1.287,-2.756
2.686,1.513
2.312,1.599
1.161,1.561
-0.134,1.681
-1.135,1.635
-2.157,-1.71
-2.555,-1.741
2.534,-0.004
1.843,-0.585
1.769,-0.003
1.756,-2.126
1.542,-2.15
2.986,-1.667
0.768,-1.446
-1.106,0.478
-1.372,1.036
-1.412,0.911
2.574,-1.7
1.874,-0.975
1.522,-0.392
1.33,0.199
-1.537,-0.393
-1.782,-2.443
-2.891,-2.413
-0.388,-2.444
-2.555,-2.846
3.006,-2.933
1.729,-2.995
-0.747,-2.948
-0.074,-0.312
-0.253,-0.82
-0.458,-1.261
-0.468,-0.943
-0.545,1.388
-0.618,-0.028
-0.641,-0.71
-0.63,1.679
-0.685,-1.297
-0.675,0.477
-0.717,0.805
-0.837,-0.654
-0.839,0.329
-0.842,-0.781
-1.017,-1.917
-1.103,-0.638
-1.143,-0.874
-1.179,0.037
-1.267,-1.011
-1.263,-0.473
-1.29,-0.916
-1.37,-2.16
-1.376,-0.059
-1.462,1.278
-1.401,-0.453
-1.468,1.457
-1.501,1.409
-1.488,-2.021
-1.57,0.169
-1.581,-0.562
-1.6,0.347
-1.614,-0.438
-1.571,0.857
-1.657,0.106
-1.589,-0.906
-1.669,-0.589
-1.759,-0.722
-1.723,1.106
-1.8,-0.472
-2.249,-2.202
-2.512,-2.52
-2.597,-2.37
-2.829,-2.403
2.668,-2.184
2.265,-2.244
1.908,-2.396
1.142,-2.207
1.054,-2.504
0.935,-2.581
0.828,-2.602
0.762,-2.484
0.341,-2.614
-0.084,-2.455
-0.426,-2.641
-0.679,-2.255
-1.238,-2.453
-1.473,-2.455
-2.561,1.845
-2.675,1.954
2.849,1.76
0.469,1.884
0.339,1.962
0.326,1.944
0.187,1.937
0.176,1.978
-0.741,1.616
-1.687,1.877
-1.957,-1.005
-2.455,-0.695
3.116,-0.62
-1.534,-0.376
-1.648,-1.454
2.624,-2.476
-0.238,-2.558
-1.867,0.368
-1.821,-0.107
-1.996,1.704
-1.996,-0.959
-1.938,-1.178
-2.091,0.896
-2.252,-1.138
-2.33,0.24
-2.212,0.179
-2.378,-0.557
-2.531,0.247
-2.695,-1.969
-2.656,-0.065
-2.759,0.104
-2.9,1.214
-2.811,0.998
-2.948,-0.86
-3.032,0.035
2.966,1.502
2.945,-0.946
2.943,-0.884
3.03,-0.604
2.733,-0.899
2.636,-1.568
2.637,0.068
2.463,1.495
2.541,0.773
2.385,1.241
2.345,1.075
2.325,-1.09
2.308,-0.795
2.372,0.315
2.234,-1.202
2.197,-1.401
2.216,1.584
2.175,1.176
2.12,-1.134
1.881,-0.423
2.021,-0.934
2.017,1.129
1.983,-0.88
1.976,-1.174
1.833,0.321
1.835,1.476
1.881,-1.353
1.641,-1.12
1.73,-1.445
1.557,0.606
1.59,-0.051
1.46,-0.476
1.502,-0.4
1.502,0.471
1.325,1.658
1.424,-1.413
1.317,0.534
1.226,-0.797
1.157,1.434
1.057,-1.92
0.928,0.631
0.996,-1.365
0.924,-2.139
0.654,1.251
0.595,0.969
0.554,1.447
0.529,-0.488
0.394,1.363
0.311,0.887
0.262,-0.925
-0.383,1.696
-0.854,0.373
-0.864,0.472
-1.025,0.44
-1.444,-2.115
-1.43,-1.232
-1.326,-0.732
-1.435,0.084
-1.62,0.007
-1.694,0.254
-1.73,-2.072
-1.753,-2.053
-1.775,-1.372
-1.805,-1.62
-1.825,-1.391
-1.756,-2.21
-1.94,-2.355
-1.962,-2.415
-2.359,-2.426
3.113,-2.217
2.987,-2.238
2.792,-2.295
2.192,-2.502
1.57,-2.525
1.556,-2.399
1.22,-2.569
1.281,-2.488
1.227,-2.446
1.06,-2.251
0.9,-2.589
0.366,-2.59
0.249,-2.411
-0.231,-2.502
-0.435,-2.294
-1.278,-2.488
-1.409,-2.272
-1.261,-2.496
2.712,1.773
2.338,1.859
1.187,1.821
-0.108,1.941
-1.109,1.895
-2.131,-1.45
-2.529,-1.481
2.56,0.256
1.869,-0.325
1.795,0.257
1.782,-1.866
1.568,-1.89
3.012,-1.407
0.794,-1.186
-1.08,0.738
-1.346,1.296
-1.386,1.171
2.6,-1.44
1.9,-0.715
1.548,-0.132
1.356,0.459
-1.511,-0.133
-1.756,-2.183
-2.865,-2.153
-0.362,-2.184
-2.529,-2.586
3.032,-2.673
1.755,-2.735
-0.721,-2.688
-0.179,-0.508
-0.384,-0.949
-0.394,-0.631
-0.471,1.7
-0.544,0.284
-0.567,-0.398
-0.556,1.991
-0.611,-0.985
-0.601,0.789
-0.643,1.117
-0.763,-0.342
-0.765,0.641
-0.768,-0.469
-0.943,-1.605
-1.029,-0.326
-1.069,-0.562
-1.105,0.349
-1.193,-0.699
-1.189,-0.161
-1.216,-0.604
-1.296,-1.848
-1.302,0.253
-1.388,1.59
-1.327,-0.141
-1.394,1.769
-1.427,1.721
-1.414,-1.709
-1.496,0.481
-1.507,-0.25
-1.526,0.659
-1.54,-0.126
-1.497,1.169
-1.583,0.418
-1.515,-0.594
-1.595,-0.277
-1.685,-0.41
-1.649,1.418
-1.726,-0.16
-2.175,-1.89
-2.438,-2.208
-2.523,-2.058
-2.755,-2.091
2.742,-1.872
2.339,-1.932
1.982,-2.084
1.216,-1.895
1.128,-2.192
1.009,-2.269
0.902,-2.29
0.836,-2.172
0.415,-2.302
-0.01,-2.143
-0.352,-2.329
-0.605,-1.943
-1.164,-2.141
-1.399,-2.143
-2.487,2.157
-2.601,2.266
2.923,2.072
0.543,2.196
0.413,2.274
0.4,2.256
0.261,2.249
0.25,2.29
-0.667,1.928
-1.613,2.189
-1.883,-0.693
-2.381,-0.383
-3.093,-0.308
-1.46,-0.064
-1.574,-1.142
2.698,-2.164
-0.164,-2.246
-1.793,0.68
-1.747,0.205
-1.922,2.016
-1.922,-0.647
-1.864,-0.866
-2.017,1.208
-2.178,-0.826
-2.256,0.552
-2.138,0.491
-2.304,-0.245
-2.457,0.559
-2.621,-1.657
-2.582,0.247
-2.685,0.416
-2.826,1.526
-2.737,1.31
-2.874,-0.548
-2.958,0.347
3.04,1.814
3.019,-0.634
3.017,-0.572
3.104,-0.292
2.807,-0.587
2.71,-1.256
2.711,0.38
2.537,1.807
2.615,1.085
2.459,1.553
2.419,1.387
2.399,-0.778
2.382,-0.483
2.446,0.627
2.308,-0.89
2.271,-1.089
2.29,1.896
2.249,1.488
2.194,-0.822
1.955,-0.111
2.095,-0.622
2.091,1.441
2.057,-0.568
2.05,-0.862
1.907,0.633
1.909,1.788
1.955,-1.041
1.715,-0.808
1.804,-1.133
1.631,0.918
1.664,0.261
1.534,-0.164
1.576,-0.088
1.576,0.783
1.399,1.97
1.498,-1.101
1.391,0.846
1.3,-0.485
1.231,1.746
1.131,-1.608
1.002,0.943
1.07,-1.053
0.998,-1.827
0.728,1.563
0.669,1.281
0.628,1.759
0.603,-0.176
0.468,1.675
0.385,1.199
0.336,-0.613
-0.309,2.008
-0.78,0.685
-0.79,0.784
-0.951,0.752
-1.37,-1.803
-1.356,-0.92
-1.252,-0.42
-1.361,0.396
-1.546,0.319
-1.62,0.566
-1.656,-1.76
-1.679,-1.741
-1.701,-1.06
-1.731,-1.308
-1.751,-1.079
-1.682,-1.898
-1.866,-2.043
-1.888,-2.103
-2.285,-2.114
-3.096,-1.905
3.061,-1.926
2.866,-1.983
2.266,-2.19
1.644,-2.213
1.63,-2.087
1.294,-2.257
1.355,-2.176
1.301,-2.134
1.134,-1.939
0.974,-2.277
0.44,-2.278
0.323,-2.099
-0.157,-2.19
-0.361,-1.982
-1.204,-2.176
-1.335,-1.96
-1.187,-2.184
2.786,2.085
2.412,2.171
1.261,2.133
-0.034,2.253
-1.035,2.207
-2.057,-1.138
-2.455,-1.169
2.634,0.568
1.943,-0.013
1.869,0.569
1.856,-1.554
1.642,-1.578
3.086,-1.095
0.868,-0.874
-1.006,1.05
-1.272,1.608
-1.312,1.483
2.674,-1.128
1.974,-0.403
1.622,0.18
1.43,0.771
-1.437,0.179
-1.682,-1.871
-2.791,-1.841
-0.288,-1.872
-2.455,-2.274
3.106,-2.361
1.829,-2.423
-0.647,-2.376
-0.205,-0.441
-0.215,-0.123
-0.292,2.208
-0.365,0.792
-0.388,0.11
-0.377,2.499
-0.432,-0.477
-0.422,1.297
-0.464,1.625
-0.584,0.166
-0.586,1.149
-0.589,0.039
-0.764,-1.097
-0.85,0.182
-0.89,-0.054
-0.926,0.857
-1.014,-0.191
-1.01,0.347
-1.037,-0.096
-1.117,-1.34
-1.123,0.761
-1.209,2.098
-1.148,0.367
-1.215,2.277
-1.248,2.229
-1.235,-1.201
-1.317,0.989
-1.328,0.258
-1.347,1.167
-1.361,0.382
-1.318,1.677
-1.404,0.926
-1.336,-0.086
-1.416,0.231
-1.506,0.098
-1.47,1.926
-1.547,0.348
-1.996,-1.382
-2.259,-1.7
-2.344,-1.55
-2.576,-1.583
2.921,-1.364
2.518,-1.424
2.161,-1.576
1.395,-1.387
1.307,-1.684
1.188,-1.761
1.081,-1.782
1.015,-1.664
0.594,-1.794
0.169,-1.635
-0.173,-1.821
-0.426,-1.435
-0.985,-1.633
-1.22,-1.635
-2.308,2.665
-2.422,2.774
3.102,2.58
0.722,2.704
0.592,2.782
0.579,2.764
0.44,2.757
0.429,2.798
-0.488,2.436
-1.434,2.697
-1.704,-0.185
-2.202,0.125
-2.914,0.2
-1.281,0.444
-1.395,-0.634
2.877,-1.656
0.015,-1.738
-1.614,1.188
-1.568,0.713
-1.743,2.524
-1.743,-0.139
-1.685,-0.358
-1.838,1.716
-1.999,-0.318
-2.077,1.06
-1.959,0.999
-2.125,0.263
-2.278,1.067
-2.442,-1.149
-2.403,0.755
-2.506,0.924
-2.647,2.034
-2.558,1.818
-2.695,-0.04
-2.779,0.855
-3.064,2.322
-3.085,-0.126
-3.087,-0.064
-3.0,0.216
2.986,-0.079
2.889,-0.748
2.89,0.888
2.716,2.315
2.794,1.593
2.638,2.061
2.598,1.895
2.578,-0.27
2.561,0.025
2.625,1.135
2.487,-0.382
2.45,-0.581
2.469,2.404
2.428,1.996
2.373,-0.314
2.134,0.397
2.274,-0.114
2.27,1.949
2.236,-0.06
2.229,-0.354
2.086,1.141
2.088,2.296
2.134,-0.533
1.894,-0.3
1.983,-0.625
1.81,1.426
1.843,0.769
1.713,0.344
1.755,0.42
1.755,1.291
1.578,2.478
1.677,-0.593
1.57,1.354
1.479,0.023
1.41,2.254
1.31,-1.1
1.181,1.451
1.249,-0.545
1.177,-1.319
0.907,2.071
0.848,1.789
0.807,2.267
0.782,0.332
0.647,2.183
0.564,1.707
0.515,-0.105
-0.13,2.516
-0.601,1.193
-0.611,1.292
-0.772,1.26
-1.191,-1.295
-1.177,-0.412
-1.073,0.088
-1.182,0.904
-1.367,0.827
-1.441,1.074
-1.477,-1.252
-1.5,-1.233
-1.522,-0.552
-1.552,-0.8
-1.572,-0.571
-1.503,-1.39
-1.687,-1.535
-1.709,-1.595
-2.106,-1.606
-2.917,-1.397
-3.043,-1.418
3.045,-1.475
2.445,-1.682
1.823,-1.705
1.809,-1.579
1.473,-1.749
1.534,-1.668
1.48,-1.626
1.313,-1.431
1.153,-1.769
0.619,-1.77
0.502,-1.591
0.022,-1.682
-0.182,-1.474
-1.025,-1.668
-1.156,-1.452
-1.008,-1.676
2.965,2.593
2.591,2.679
1.44,2.641
0.145,2.761
-0.856,2.715
-1.878,-0.63
-2.276,-0.661
2.813,1.076
2.122,0.495
2.048,1.077
2.035,-1.046
1.821,-1.07
-3.018,-0.587
1.047,-0.366
-0.827,1.558
-1.093,2.116
-1.133,1.991
2.853,-0.62
2.153,0.105
1.801,0.688
1.609,1.279
-1.258,0.687
-1.503,-1.363
-2.612,-1.333
-0.109,-1.364
-2.276,-1.766
-2.998,-1.853
2.008,-1.915
-0.468,-1.868
-0.01,0.318
-0.087,2.649
-0.16,1.233
-0.183,0.551
-0.172,2.94
-0.227,-0.036
-0.217,1.738
-0.259,2.066
-0.379,0.607
-0.381,1.59
-0.384,0.48
-0.559,-0.656
-0.645,0.623
-0.685,0.387
-0.721,1.298
-0.809,0.25
-0.805,0.788
-0.832,0.345
-0.912,-0.899
-0.918,1.202
-1.004,2.539
-0.943,0.808
-1.01,2.718
-1.043,2.67
-1.03,-0.76
-1.112,1.43
-1.123,0.699
-1.142,1.608
-1.156,0.823
-1.113,2.118
-1.199,1.367
-1.131,0.355
-1.211,0.672
-1.301,0.539
-1.265,2.367
-1.342,0.789
-1.791,-0.941
-2.054,-1.259
-2.139,-1.109
-2.371,-1.142
3.126,-0.923
2.723,-0.983
2.366,-1.135
1.6,-0.946
1.512,-1.243
1.393,-1.32
1.286,-1.341
1.22,-1.223
0.799,-1.353
0.374,-1.194
0.032,-1.38
-0.221,-0.994
-0.78,-1.192
-1.015,-1.194
-2.103,3.106
-2.217,3.215
-2.976,3.021
0.927,3.145
0.797,3.223
0.784,3.205
0.645,3.198
0.634,3.239
-0.283,2.877
-1.229,3.138
-1.499,0.256
-1.997,0.566
-2.709,0.641
-1.076,0.885
-1.19,-0.193
3.082,-1.215
0.22,-1.297
-1.409,1.629
-1.363,1.154
-1.538,2.965
-1.538,0.302
-1.48,0.083
-1.633,2.157
-1.794,0.123
-1.872,1.501
-1.754,1.44
-1.92,0.704
-2.073,1.508
-2.237,-0.708
-2.198,1.196
-2.301,1.365
-2.442,2.475
-2.353,2.259
-2.49,0.401
-2.574,1.296
-2.859,2.763
-2.88,0.315
-2.882,0.377
-2.795,0.657
-3.092,0.362
3.094,-0.307
3.095,1.329
2.921,2.756
2.999,2.034
2.843,2.502
2.803,2.336
2.783,0.171
2.766,0.466
2.83,1.576
2.692,0.059
2.655,-0.14
2.674,2.845
2.633,2.437
2.578,0.127
2.339,0.838
2.479,0.327
2.475,2.39
2.441,0.381
2.434,0.087
2.291,1.582
2.293,2.737
2.339,-0.092
2.099,0.141
2.188,-0.184
2.015,1.867
2.048,1.21
1.918,0.785
1.96,0.861
1.96,1.732
1.783,2.919
1.882,-0.152
1.775,1.795
1.684,0.464
1.615,2.695
1.515,-0.659
1.386,1.892
1.454,-0.104
1.382,-0.878
1.112,2.512
1.053,2.23
1.012,2.708
0.987,0.773
0.852,2.624
0.769,2.148
0.72,0.336
0.075,2.957
-0.396,1.634
-0.406,1.733
-0.567,1.701
-0.986,-0.854
-0.972,0.029
-0.868,0.529
-0.977,1.345
-1.162,1.268
-1.236,1.515
-1.272,-0.811
-1.295,-0.792
-1.317,-0.111
-1.347,-0.359
-1.367,-0.13
-1.298,-0.949
-1.482,-1.094
-1.504,-1.154
-1.901,-1.165
-2.712,-0.956
-2.838,-0.977
-3.033,-1.034
2.65,-1.241
2.028,-1.264
2.014,-1.138
1.678,-1.308
1.739,-1.227
1.685,-1.185
1.518,-0.99
1.358,-1.328
0.824,-1.329
0.707,-1.15
0.227,-1.241
0.023,-1.033
-0.82,-1.227
-0.951,-1.011
-0.803,-1.235
-3.113,3.034
2.796,3.12
1.645,3.082
0.35,3.202
-0.651,3.156
-1.673,-0.189
-2.071,-0.22
3.018,1.517
2.327,0.936
2.253,1.518
2.24,-0.605
2.026,-0.629
-2.813,-0.146
1.252,0.075
-0.622,1.999
-0.888,2.557
-0.928,2.432
3.058,-0.179
2.358,0.546
2.006,1.129
1.814,1.72
-1.053,1.128
-1.298,-0.922
-2.407,-0.892
0.096,-0.923
-2.071,-1.325
-2.793,-1.412
2.213,-1.474
-0.263,-1.427
-0.077,2.331
-0.15,0.915
-0.173,0.233
-0.162,2.622
-0.217,-0.354
-0.207,1.42
-0.249,1.748
-0.369,0.289
-0.371,1.272
-0.374,0.162
-0.549,-0.974
-0.635,0.305
-0.675,0.069
-0.711,0.98
-0.799,-0.068
-0.795,0.47
-0.822,0.027
-0.902,-1.217
-0.908,0.884
-0.994,2.221
-0.933,0.49
-1.0,2.4
-1.033,2.352
-1.02,-1.078
-1.102,1.112
-1.113,0.381
-1.132,1.29
-1.146,0.505
-1.103,1.8
-1.189,1.049
-1.121,0.037
-1.201,0.354
-1.291,0.221
-1.255,2.049
-1.332,0.471
-1.781,-1.259
-2.044,-1.577
-2.129,-1.427
-2.361,-1.46
3.136,-1.241
2.733,-1.301
2.376,-1.453
1.61,-1.264
1.522,-1.561
1.403,-1.638
1.296,-1.659
1.23,-1.541
0.809,-1.671
0.384,-1.512
0.042,-1.698
-0.211,-1.312
-0.77,-1.51
-1.005,-1.512
-2.093,2.788
-2.207,2.897
-2.966,2.703
0.937,2.827
0.807,2.905
0.794,2.887
0.655,2.88
0.644,2.921
-0.273,2.559
-1.219,2.82
-1.489,-0.062
-1.987,0.248
-2.699,0.323
-1.066,0.567
-1.18,-0.511
3.092,-1.533
0.23,-1.615
-1.399,1.311
-1.353,0.836
-1.528,2.647
-1.528,-0.016
-1.47,-0.235
-1.623,1.839
-1.784,-0.195
-1.862,1.183
-1.744,1.122
-1.91,0.386
-2.063,1.19
-2.227,-1.026
-2.188,0.878
-2.291,1.047
-2.432,2.157
-2.343,1.941
-2.48,0.083
-2.564,0.978
-2.849,2.445
-2.87,-0.003
-2.872,0.059
-2.785,0.339
-3.082,0.044
3.104,-0.625
3.105,1.011
2.931,2.438
3.009,1.716
2.853,2.184
2.813,2.018
2.793,-0.147
2.776,0.148
2.84,1.258
2.702,-0.259
2.665,-0.458
2.684,2.527
2.643,2.119
2.588,-0.191
2.349,0.52
2.489,0.009
2.485,2.072
2.451,0.063
2.444,-0.231
2.301,1.264
2.303,2.419
2.349,-0.41
2.109,-0.177
2.198,-0.502
2.025,1.549
2.058,0.892
1.928,0.467
1.97,0.543
1.97,1.414
1.793,2.601
1.892,-0.47
1.785,1.477
1.694,0.146
1.625,2.377
1.525,-0.977
1.396,1.574
1.464,-0.422
1.392,-1.196
1.122,2.194
1.063,1.912
1.022,2.39
0.997,0.455
0.862,2.306
0.779,1.83
0.73,0.018
0.085,2.639
-0.386,1.316
-0.396,1.415
-0.557,1.383
-0.976,-1.172
-0.962,-0.289
-0.858,0.211
-0.967,1.027
-1.152,0.95
-1.226,1.197
-1.262,-1.129
-1.285,-1.11
-1.307,-0.429
-1.337,-0.677
-1.357,-0.448
-1.288,-1.267
-1.472,-1.412
-1.494,-1.472
-1.891,-1.483
-2.702,-1.274
-2.828,-1.295
-3.023,-1.352
2.66,-1.559
2.038,-1.582
2.024,-1.456
1.688,-1.626
1.749,-1.545
1.695,-1.503
1.528,-1.308
1.368,-1.646
0.834,-1.647
0.717,-1.468
0.237,-1.559
0.033,-1.351
-0.81,-1.545
-0.941,-1.329
-0.793,-1.553
-3.103,2.716
2.806,2.802
1.655,2.764
0.36,2.884
-0.641,2.838
-1.663,-0.507
-2.061,-0.538
3.028,1.199
2.337,0.618
2.263,1.2
2.25,-0.923
2.036,-0.947
-2.803,-0.464
1.262,-0.243
-0.612,1.681
-0.878,2.239
-0.918,2.114
3.068,-0.497
2.368,0.228
2.016,0.811
1.824,1.402
-1.043,0.81
-1.288,-1.24
-2.397,-1.21
0.106,-1.241
-2.061,-1.643
-2.783,-1.73
2.223,-1.792
-0.253,-1.745
-0.073,-1.416
-0.096,-2.098
-0.085,0.291
-0.14,-2.685
-0.13,-0.911
-0.172,-0.583
-0.292,-2.042
-0.294,-1.059
-0.297,-2.169
-0.472,-3.305
-0.558,-2.026
-0.598,-2.262
-0.634,-1.351
-0.722,-2.399
-0.718,-1.861
-0.745,-2.304
-0.825,-3.548
-0.831,-1.447
-0.917,-0.11
-0.856,-1.841
-0.923,0.069
-0.956,0.021
-0.943,-3.409
-1.025,-1.219
-1.036,-1.95
-1.055,-1.041
-1.069,-1.826
-1.026,-0.531
-1.112,-1.282
-1.044,-2.294
-1.124,-1.977
-1.214,-2.11
-1.178,-0.282
-1.255,-1.86
-1.704,-3.59
-1.967,-3.908
-2.052,-3.758
-2.284,-3.791
-3.07,-3.572
2.81,-3.632
2.453,-3.784
1.687,-3.595
1.599,-3.892
1.48,-3.969
1.373,-3.99
1.307,-3.872
0.886,-4.002
0.461,-3.843
0.119,-4.029
-0.134,-3.643
-0.693,-3.841
-0.928,-3.843
-2.016,0.457
-2.13,0.566
-2.889,0.372
1.014,0.496
0.884,0.574
0.871,0.556
0.732,0.549
0.721,0.59
-0.196,0.228
-1.142,0.489
-1.412,-2.393
-1.91,-2.083
-2.622,-2.008
-0.989,-1.764
-1.103,-2.842
-3.114,-3.864
0.307,-3.946
-1.322,-1.02
-1.276,-1.495
-1.451,0.316
-1.451,-2.347
-1.393,-2.566
-1.546,-0.492
-1.707,-2.526
-1.785,-1.148
-1.667,-1.209
-1.833,-1.945
-1.986,-1.141
-2.15,-3.357
-2.111,-1.453
-2.214,-1.284
-2.355,-0.174
-2.266,-0.39
-2.403,-2.248
-2.487,-1.353
-2.772,0.114
-2.793,-2.334
-2.795,-2.272
-2.708,-1.992
-3.005,-2.287
-3.102,-2.956
-3.101,-1.32
3.008,0.107
3.086,-0.615
2.93,-0.147
2.89,-0.313
2.87,-2.478
2.853,-2.183
2.917,-1.073
2.779,-2.59
2.742,-2.789
2.761,0.196
2.72,-0.212
2.665,-2.522
2.426,-1.811
2.566,-2.322
2.562,-0.259
2.528,-2.268
2.521,-2.562
2.378,-1.067
2.38,0.088
2.426,-2.741
2.186,-2.508
2.275,-2.833
2.102,-0.782
2.135,-1.439
2.005,-1.864
2.047,-1.788
2.047,-0.917
1.87,0.27
1.969,-2.801
1.862,-0.854
1.771,-2.185
1.702,0.046
1.602,-3.308
1.473,-0.757
1.541,-2.753
1.469,-3.527
1.199,-0.137
1.14,-0.419
1.099,0.059
1.074,-1.876
0.939,-0.025
0.856,-0.501
0.807,-2.313
0.162,0.308
-0.309,-1.015
-0.319,-0.916
-0.48,-0.948
-0.899,-3.503
-0.885,-2.62
-0.781,-2.12
-0.89,-1.304
-1.075,-1.381
-1.149,-1.134
-1.185,-3.46
-1.208,-3.441
-1.23,-2.76
-1.26,-3.008
-1.28,-2.779
-1.211,-3.598
-1.395,-3.743
-1.417,-3.803
-1.814,-3.814
-2.625,-3.605
-2.751,-3.626
-2.946,-3.683
2.737,-3.89
2.115,-3.913
2.101,-3.787
1.765,-3.957
1.826,-3.876
1.772,-3.834
1.605,-3.639
1.445,-3.977
0.911,-3.978
0.794,-3.799
0.314,-3.89
0.11,-3.682
-0.733,-3.876
-0.864,-3.66
-0.716,-3.884
-3.026,0.385
2.883,0.471
1.732,0.433
0.437,0.553
-0.564,0.507
-1.586,-2.838
-1.984,-2.869
3.105,-1.132
2.414,-1.713
2.34,-1.131
2.327,-3.254
2.113,-3.278
-2.726,-2.795
1.339,-2.574
-0.535,-0.65
-0.801,-0.092
-0.841,-0.217
-3.138,-2.828
2.445,-2.103
2.093,-1.52
1.901,-0.929
-0.966,-1.521
-1.211,-3.571
-2.32,-3.541
0.183,-3.572
-1.984,-3.974
-2.706,-4.061
2.3,-4.123
-0.176,-4.076
-0.023,-0.682
-0.012,1.707
-0.067,-1.269
-0.057,0.505
-0.099,0.833
-0.219,-0.626
-0.221,0.357
-0.224,-0.753
-0.399,-1.889
-0.485,-0.61
-0.525,-0.846
-0.561,0.065
-0.649,-0.983
-0.645,-0.445
-0.672,-0.888
-0.752,-2.132
-0.758,-0.031
-0.844,1.306
-0.783,-0.425
-0.85,1.485
-0.883,1.437
-0.87,-1.993
-0.952,0.197
-0.963,-0.534
-0.982,0.375
-0.996,-0.41
-0.953,0.885
-1.039,0.134
-0.971,-0.878
-1.051,-0.561
-1.141,-0.694
-1.105,1.134
-1.182,-0.444
-1.631,-2.174
-1.894,-2.492
-1.979,-2.342
-2.211,-2.375
-2.997,-2.156
2.883,-2.216
2.526,-2.368
1.76,-2.179
1.672,-2.476
1.553,-2.553
1.446,-2.574
1.38,-2.456
0.959,-2.586
0.534,-2.427
0.192,-2.613
-0.061,-2.227
-0.62,-2.425
-0.855,-2.427
-1.943,1.873
-2.057,1.982
-2.816,1.788
1.087,1.912
0.957,1.99
0.944,1.972
0.805,1.965
0.794,2.006
-0.123,1.644
-1.069,1.905
-1.339,-0.977
-1.837,-0.667
-2.549,-0.592
-0.916,-0.348
-1.03,-1.426
-3.041,-2.448
0.38,-2.53
-1.249,0.396
-1.203,-0.079
-1.378,1.732
-1.378,-0.931
-1.32,-1.15
-1.473,0.924
-1.634,-1.11
-1.712,0.268
-1.594,0.207
-1.76,-0.529
-1.913,0.275
-2.077,-1.941
-2.038,-0.037
-2.141,0.132
-2.282,1.242
-2.193,1.026
-2.33,-0.832
-2.414,0.063
-2.699,1.53
-2.72,-0.918
-2.722,-0.856
-2.635,-0.576
-2.932,-0.871
-3.029,-1.54
-3.028,0.096
3.081,1.523
-3.124,0.801
3.003,1.269
2.963,1.103
2.943,-1.062
2.926,-0.767
2.99,0.343
2.852,-1.174
2.815,-1.373
2.834,1.612
2.793,1.204
2.738,-1.106
2.499,-0.395
2.639,-0.906
2.635,1.157
2.601,-0.852
2.594,-1.146
2.451,0.349
2.453,1.504
2.499,-1.325
2.259,-1.092
2.348,-1.417
2.175,0.634
2.208,-0.023
2.078,-0.448
2.12,-0.372
2.12,0.499
1.943,1.686
2.042,-1.385
1.935,0.562
1.844,-0.769
1.775,1.462
1.675,-1.892
1.546,0.659
1.614,-1.337
1.542,-2.111
1.272,1.279
1.213,0.997
1.172,1.475
1.147,-0.46
1.012,1.391
0.929,0.915
0.88,-0.897
0.235,1.724
-0.236,0.401
-0.246,0.5
-0.407,0.468
-0.826,-2.087
-0.812,-1.204
-0.708,-0.704
-0.817,0.112
-1.002,0.035
-1.076,0.282
-1.112,-2.044
-1.135,-2.025
-1.157,-1.344
-1.187,-1.592
-1.207,-1.363
-1.138,-2.182
-1.322,-2.327
-1.344,-2.387
-1.741,-2.398
-2.552,-2.189
-2.678,-2.21
-2.873,-2.267
2.81,-2.474
2.188,-2.497
2.174,-2.371
1.838,-2.541
1.899,-2.46
1.845,-2.418
1.678,-2.223
1.518,-2.561
0.984,-2.562
0.867,-2.383
0.387,-2.474
0.183,-2.266
-0.66,-2.46
-0.791,-2.244
-0.643,-2.468
-2.953,1.801
2.956,1.887
1.805,1.849
0.51,1.969
-0.491,1.923
-1.513,-1.422
-1.911,-1.453
-3.105,0.284
2.487,-0.297
2.413,0.285
2.4,-1.838
2.186,-1.862
-2.653,-1.379
1.412,-1.158
-0.462,0.766
-0.728,1.324
-0.768,1.199
-3.065,-1.412
2.518,-0.687
2.166,-0.104
1.974,0.487
-0.893,-0.105
-1.138,-2.155
-2.247,-2.125
0.256,-2.156
-1.911,-2.558
-2.633,-2.645
2.373,-2.707
-0.103,-2.66
0.011,2.389
-0.044,-0.587
-0.034,1.187
-0.076,1.515
-0.196,0.056
-0.198,1.039
-0.201,-0.071
-0.376,-1.207
-0.462,0.072
-0.502,-0.164
-0.538,0.747
-0.626,-0.301
-0.622,0.237
-0.649,-0.206
-0.729,-1.45
-0.735,0.651
-0.821,1.988
-0.76,0.257
-0.827,2.167
-0.86,2.119
-0.847,-1.311
-0.929,0.879
-0.94,0.148
-0.959,1.057
-0.973,0.272
-0.93,1.567
-1.016,0.816
-0.948,-0.196
-1.028,0.121
-1.118,-0.012
-1.082,1.816
-1.159,0.238
-1.608,-1.492
-1.871,-1.81
-1.956,-1.66
-2.188,-1.693
-2.974,-1.474
2.906,-1.534
2.549,-1.686
1.783,-1.497
1.695,-1.794
1.576,-1.871
1.469,-1.892
1.403,-1.774
0.982,-1.904
0.557,-1.745
0.215,-1.931
-0.038,-1.545
-0.597,-1.743
-0.832,-1.745
-1.92,2.555
-2.034,2.664
-2.793,2.47
1.11,2.594
0.98,2.672
0.967,2.654
0.828,2.647
0.817,2.688
-0.1,2.326
-1.046,2.587
-1.316,-0.295
-1.814,0.015
-2.526,0.09
-0.893,0.334
-1.007,-0.744
-3.018,-1.766
0.403,-1.848
-1.226,1.078
-1.18,0.603
-1.355,2.414
-1.355,-0.249
-1.297,-0.468
-1.45,1.606
-1.611,-0.428
-1.689,0.95
-1.571,0.889
-1.737,0.153
-1.89,0.957
-2.054,-1.259
-2.015,0.645
-2.118,0.814
-2.259,1.924
-2.17,1.708
-2.307,-0.15
-2.391,0.745
-2.676,2.212
-2.697,-0.236
-2.699,-0.174
-2.612,0.106
-2.909,-0.189
-3.006,-0.858
-3.005,0.778
3.104,2.205
-3.101,1.483
3.026,1.951
2.986,1.785
2.966,-0.38
2.949,-0.085
3.013,1.025
2.875,-0.492
2.838,-0.691
2.857,2.294
2.816,1.886
2.761,-0.424
2.522,0.287
2.662,-0.224
2.658,1.839
2.624,-0.17
2.617,-0.464
2.474,1.031
2.476,2.186
2.522,-0.643
2.282,-0.41
2.371,-0.735
2.198,1.316
2.231,0.659
2.101,0.234
2.143,0.31
2.143,1.181
1.966,2.368
2.065,-0.703
1.958,1.244
1.867,-0.087
1.798,2.144
1.698,-1.21
1.569,1.341
1.637,-0.655
1.565,-1.429
1.295,1.961
1.236,1.679
1.195,2.157
1.17,0.222
1.035,2.073
0.952,1.597
0.903,-0.215
0.258,2.406
-0.213,1.083
-0.223,1.182
-0.384,1.15
-0.803,-1.405
-0.789,-0.522
-0.685,-0.022
-0.794,0.794
-0.979,0.717
-1.053,0.964
-1.089,-1.362
-1.112,-1.343
-1.134,-0.662
-1.164,-0.91
-1.184,-0.681
-1.115,-1.5
-1.299,-1.645
-1.321,-1.705
-1.718,-1.716
-2.529,-1.507
-2.655,-1.528
-2.85,-1.585
2.833,-1.792
2.211,-1.815
2.197,-1.689
1.861,-1.859
1.922,-1.778
1.868,-1.736
1.701,-1.541
1.541,-1.879
1.007,-1.88
0.89,-1.701
0.41,-1.792
0.206,-1.584
-0.637,-1.778
-0.768,-1.562
-0.62,-1.786
-2.93,2.483
2.979,2.569
1.828,2.531
0.533,2.651
-0.468,2.605
-1.49,-0.74
-1.888,-0.771
-3.082,0.966
2.51,0.385
2.436,0.967
2.423,-1.156
2.209,-1.18
-2.63,-0.697
1.435,-0.476
-0.439,1.448
-0.705,2.006
-0.745,1.881
-3.042,-0.73
2.541,-0.005
2.189,0.578
1.997,1.169
-0.87,0.577
-1.115,-1.473
-2.224,-1.443
0.279,-1.474
-1.888,-1.876
-2.61,-1.963
2.396,-2.025
-0.08,-1.978
-0.055,-2.976
-0.045,-1.202
-0.087,-0.874
-0.207,-2.333
-0.209,-1.35
-0.212,-2.46
-0.387,-3.596
-0.473,-2.317
-0.513,-2.553
-0.549,-1.642
-0.637,-2.69
-0.633,-2.152
-0.66,-2.595
-0.74,-3.839
-0.746,-1.738
-0.832,-0.401
-0.771,-2.132
-0.838,-0.222
-0.871,-0.27
-0.858,-3.7
-0.94,-1.51
-0.951,-2.241
-0.97,-1.332
-0.984,-2.117
-0.941,-0.822
-1.027,-1.573
-0.959,-2.585
-1.039,-2.268
-1.129,-2.401
-1.093,-0.573
-1.17,-2.151
-1.619,-3.881
-1.882,-4.199
-1.967,-4.049
-2.199,-4.082
-2.985,-3.863
2.895,-3.923
2.538,-4.075
1.772,-3.886
1.684,-4.183
1.565,-4.26
1.458,-4.281
1.392,-4.163
0.971,-4.293
0.546,-4.134
0.204,-4.32
-0.049,-3.934
-0.608,-4.132
-0.843,-4.134
-1.931,0.166
-2.045,0.275
-2.804,0.081
1.099,0.205
0.969,0.283
0.956,0.265
0.817,0.258
0.806,0.299
-0.111,-0.063
-1.057,0.198
-1.327,-2.684
-1.825,-2.374
-2.537,-2.299
-0.904,-2.055
-1.018,-3.133
-3.029,-4.155
0.392,-4.237
-1.237,-1.311
-1.191,-1.786
-1.366,0.025
-1.366,-2.638
-1.308,-2.857
-1.461,-0.783
-1.622,-2.817
-1.7,-1.439
-1.582,-1.5
-1.748,-2.236
-1.901,-1.432
-2.065,-3.648
-2.026,-1.744
-2.129,-1.575
-2.27,-0.465
-2.181,-0.681
-2.318,-2.539
-2.402,-1.644
-2.687,-0.177
-2.708,-2.625
-2.71,-2.563
-2.623,-2.283
-2.92,-2.578
-3.017,-3.247
-3.016,-1.611
3.093,-0.184
-3.112,-0.906
3.015,-0.438
2.975,-0.604
2.955,-2.769
2.938,-2.474
3.002,-1.364
2.864,-2.881
2.827,-3.08
2.846,-0.095
2.805,-0.503
2.75,-2.813
2.511,-2.102
2.651,-2.613
2.647,-0.55
2.613,-2.559
2.606,-2.853
2.463,-1.358
2.465,-0.203
2.511,-3.032
2.271,-2.799
2.36,-3.124
2.187,-1.073
2.22,-1.73
2.09,-2.155
2.132,-2.079
2.132,-1.208
1.955,-0.021
2.054,-3.092
1.947,-1.145
1.856,-2.476
1.787,-0.245
1.687,-3.599
1.558,-1.048
1.626,-3.044
1.554,-3.818
1.284,-0.428
1.225,-0.71
1.184,-0.232
1.159,-2.167
1.024,-0.316
0.941,-0.792
0.892,-2.604
0.247,0.017
-0.224,-1.306
-0.234,-1.207
-0.395,-1.239
-0.814,-3.794
-0.8,-2.911
-0.696,-2.411
-0.805,-1.595
-0.99,-1.672
-1.064,-1.425
-1.1,-3.751
-1.123,-3.732
-1.145,-3.051
-1.175,-3.299
-1.195,-3.07
-1.126,-3.889
-1.31,-4.034
-1.332,-4.094
-1.729,-4.105
-2.54,-3.896
-2.666,-3.917
-2.861,-3.974
2.822,-4.181
2.2,-4.204
2.186,-4.078
1.85,-4.248
1.911,-4.167
1.857,-4.125
1.69,-3.93
1.53,-4.268
0.996,-4.269
0.879,-4.09
0.399,-4.181
0.195,-3.973
-0.648,-4.167
-0.779,-3.951
-0.631,-4.175
-2.941,0.094
2.968,0.18
1.817,0.142
0.522,0.262
-0.479,0.216
-1.501,-3.129
-1.899,-3.16
-3.093,-1.423
2.499,-2.004
2.425,-1.422
2.412,-3.545
2.198,-3.569
-2.641,-3.086
1.424,-2.865
-0.45,-0.941
-0.716,-0.383
-0.756,-0.508
-3.053,-3.119
2.53,-2.394
2.178,-1.811
1.986,-1.22
-0.881,-1.812
-1.126,-3.862
-2.235,-3.832
0.268,-3.863
-1.899,-4.265
-2.621,-4.352
2.385,-4.414
-0.091,-4.367
0.01,1.774
-0.032,2.102
-0.152,0.643
-0.154,1.626
-0.157,0.516
-0.332,-0.62
-0.418,0.659
-0.458,0.423
-0.494,1.334
-0.582,0.286
-0.578,0.824
-0.605,0.381
-0.685,-0.863
-0.691,1.238
-0.777,2.575
-0.716,0.844
-0.783,2.754
-0.816,2.706
-0.803,-0.724
-0.885,1.466
-0.896,0.735
-0.915,1.644
-0.929,0.859
-0.886,2.154
-0.972,1.403
-0.904,0.391
-0.984,0.708
-1.074,0.575
-1.038,2.403
-1.115,0.825
-1.564,-0.905
-1.827,-1.223
-1.912,-1.073
-2.144,-1.106
-2.93,-0.887
2.95,-0.947
2.593,-1.099
1.827,-0.91
1.739,-1.207
1.62,-1.284
1.513,-1.305
1.447,-1.187
1.026,-1.317
0.601,-1.158
0.259,-1.344
0.006,-0.958
-0.553,-1.156
-0.788,-1.158
-1.876,3.142
-1.99,3.251
-2.749,3.057
1.154,3.181
1.024,3.259
1.011,3.241
0.872,3.234
0.861,3.275
-0.056,2.913
-1.002,3.174
-1.272,0.292
-1.77,0.602
-2.482,0.677
-0.849,0.921
-0.963,-0.157
-2.974,-1.179
0.447,-1.261
-1.182,1.665
-1.136,1.19
-1.311,3.001
-1.311,0.338
-1.253,0.119
-1.406,2.193
-1.567,0.159
-1.645,1.537
-1.527,1.476
-1.693,0.74
-1.846,1.544
-2.01,-0.672
-1.971,1.232
-2.074,1.401
-2.215,2.511
-2.126,2.295
-2.263,0.437
-2.347,1.332
-2.632,2.799
-2.653,0.351
-2.655,0.413
-2.568,0.693
-2.865,0.398
-2.962,-0.271
-2.961,1.365
-3.135,2.792
-3.057,2.07
3.07,2.538
3.03,2.372
3.01,0.207
2.993,0.502
3.057,1.612
2.919,0.095
2.882,-0.104
2.901,2.881
2.86,2.473
2.805,0.163
2.566,0.874
2.706,0.363
2.702,2.426
2.668,0.417
2.661,0.123
2.518,1.618
2.52,2.773
2.566,-0.056
2.326,0.177
2.415,-0.148
2.242,1.903
2.275,1.246
2.145,0.821
2.187,0.897
2.187,1.768
2.01,2.955
2.109,-0.116
2.002,1.831
1.911,0.5
1.842,2.731
1.742,-0.623
1.613,1.928
1.681,-0.068
1.609,-0.842
1.339,2.548
1.28,2.266
1.239,2.744
1.214,0.809
1.079,2.66
0.996,2.184
0.947,0.372
0.302,2.993
-0.169,1.67
-0.179,1.769
-0.34,1.737
-0.759,-0.818
-0.745,0.065
-0.641,0.565
-0.75,1.381
-0.935,1.304
-1.009,1.551
-1.045,-0.775
-1.068,-0.756
-1.09,-0.075
-1.12,-0.323
-1.14,-0.094
-1.071,-0.913
-1.255,-1.058
-1.277,-1.118
-1.674,-1.129
-2.485,-0.92
-2.611,-0.941
-2.806,-0.998
2.877,-1.205
2.255,-1.228
2.241,-1.102
1.905,-1.272
1.966,-1.191
1.912,-1.149
1.745,-0.954
1.585,-1.292
1.051,-1.293
0.934,-1.114
0.454,-1.205
0.25,-0.997
-0.593,-1.191
-0.724,-0.975
-0.576,-1.199
-2.886,3.07
3.023,3.156
1.872,3.118
0.577,3.238
-0.424,3.192
-1.446,-0.153
-1.844,-0.184
-3.038,1.553
2.554,0.972
2.48,1.554
2.467,-0.569
2.253,-0.593
-2.586,-0.11
1.479,0.111
-0.395,2.035
-0.661,2.593
-0.701,2.468
-2.998,-0.143
2.585,0.582
2.233,1.165
2.041,1.756
-0.826,1.164
-1.071,-0.886
-2.18,-0.856
0.323,-0.887
-1.844,-1.289
-2.566,-1.376
2.44,-1.438
-0.036,-1.391
-0.042,0.328
-0.162,-1.131
-0.164,-0.148
-0.167,-1.258
-0.342,-2.394
-0.428,-1.115
-0.468,-1.351
-0.504,-0.44
-0.592,-1.488
-0.588,-0.95
-0.615,-1.393
-0.695,-2.637
-0.701,-0.536
-0.787,0.801
-0.726,-0.93
-0.793,0.98
-0.826,0.932
-0.813,-2.498
-0.895,-0.308
-0.906,-1.039
-0.925,-0.13
-0.939,-0.915
-0.896,0.38
-0.982,-0.371
-0.914,-1.383
-0.994,-1.066
-1.084,-1.199
-1.048,0.629
-1.125,-0.949
-1.574,-2.679
-1.837,-2.997
-1.922,-2.847
-2.154,-2.88
-2.94,-2.661
2.94,-2.721
2.583,-2.873
1.817,-2.684
1.729,-2.981
1.61,-3.058
1.503,-3.079
1.437,-2.961
1.016,-3.091
0.591,-2.932
0.249,-3.118
-0.004,-2.732
-0.563,-2.93
-0.798,-2.932
-1.886,1.368
-2.0,1.477
-2.759,1.283
1.144,1.407
1.014,1.485
1.001,1.467
0.862,1.46
0.851,1.501
-0.066,1.139
-1.012,1.4
-1.282,-1.482
-1.78,-1.172
-2.492,-1.097
-0.859,-0.853
-0.973,-1.931
-2.984,-2.953
0.437,-3.035
-1.192,-0.109
-1.146,-0.584
-1.321,1.227
-1.321,-1.436
-1.263,-1.655
-1.416,0.419
-1.577,-1.615
-1.655,-0.237
-1.537,-0.298
-1.703,-1.034
-1.856,-0.23
-2.02,-2.446
-1.981,-0.542
-2.084,-0.373
-2.225,0.737
-2.136,0.521
-2.273,-1.337
-2.357,-0.442
-2.642,1.025
-2.663,-1.423
-2.665,-1.361
-2.578,-1.081
-2.875,-1.376
-2.972,-2.045
-2.971,-0.409
3.138,1.018
-3.067,0.296
3.06,0.764
3.02,0.598
3.0,-1.567
2.983,-1.272
3.047,-0.162
2.909,-1.679
2.872,-1.878
2.891,1.107
2.85,0.699
2.795,-1.611
2.556,-0.9
2.696,-1.411
2.692,0.652
2.658,-1.357
2.651,-1.651
2.508,-0.156
2.51,0.999
2.556,-1.83
2.316,-1.597
2.405,-1.922
2.232,0.129
2.265,-0.528
2.135,-0.953
2.177,-0.877
2.177,-0.006
2.0,1.181
2.099,-1.89
1.992,0.057
1.901,-1.274
1.832,0.957
1.732,-2.397
1.603,0.154
1.671,-1.842
1.599,-2.616
1.329,0.774
1.27,0.492
1.229,0.97
1.204,-0.965
1.069,0.886
0.986,0.41
0.937,-1.402
0.292,1.219
-0.179,-0.104
-0.189,-0.005
-0.35,-0.037
-0.769,-2.592
-0.755,-1.709
-0.651,-1.209
-0.76,-0.393
-0.945,-0.47
-1.019,-0.223
-1.055,-2.549
-1.078,-2.53
-1.1,-1.849
-1.13,-2.097
-1.15,-1.868
-1.081,-2.687
-1.265,-2.832
-1.287,-2.892
-1.684,-2.903
-2.495,-2.694
-2.621,-2.715
-2.816,-2.772
2.867,-2.979
2.245,-3.002
2.231,-2.876
1.895,-3.046
1.956,-2.965
1.902,-2.923
1.735,-2.728
1.575,-3.066
1.041,-3.067
0.924,-2.888
0.444,-2.979
0.24,-2.771
-0.603,-2.965
-0.734,-2.749
-0.586,-2.973
-2.896,1.296
3.013,1.382
1.862,1.344
0.567,1.464
-0.434,1.418
-1.456,-1.927
-1.854,-1.958
-3.048,-0.221
2.544,-0.802
2.47,-0.22
2.457,-2.343
2.243,-2.367
-2.596,-1.884
1.469,-1.663
-0.405,0.261
-0.671,0.819
-0.711,0.694
-3.008,-1.917
2.575,-1.192
2.223,-0.609
2.031,-0.018
-0.836,-0.61
-1.081,-2.66
-2.19,-2.63
0.313,-2.661
-1.854,-3.063
-2.576,-3.15
2.43,-3.212
-0.046,-3.165
-0.12,-1.459
-0.122,-0.476
-0.125,-1.586
-0.3,-2.722
-0.386,-1.443
-0.426,-1.679
-0.462,-0.768
-0.55,-1.816
-0.546,-1.278
-0.573,-1.721
-0.653,-2.965
-0.659,-0.864
-0.745,0.473
-0.684,-1.258
-0.751,0.652
-0.784,0.604
-0.771,-2.826
-0.853,-0.636
-0.864,-1.367
-0.883,-0.458
-0.897,-1.243
-0.854,0.052
-0.94,-0.699
-0.872,-1.711
-0.952,-1.394
-1.042,-1.527
-1.006,0.301
-1.083,-1.277
-1.532,-3.007
-1.795,-3.325
-1.88,-3.175
-2.112,-3.208
-2.898,-2.989
2.982,-3.049
2.625,-3.201
1.859,-3.012
1.771,-3.309
1.652,-3.386
1.545,-3.407
1.479,-3.289
1.058,-3.419
0.633,-3.26
0.291,-3.446
0.038,-3.06
-0.521,-3.258
-0.756,-3.26
-1.844,1.04
-1.958,1.149
-2.717,0.955
1.186,1.079
1.056,1.157
1.043,1.139
0.904,1.132
0.893,1.173
-0.024,0.811
-0.97,1.072
-1.24,-1.81
-1.738,-1.5
-2.45,-1.425
-0.817,-1.181
-0.931,-2.259
-2.942,-3.281
0.479,-3.363
-1.15,-0.437
-1.104,-0.912
-1.279,0.899
-1.279,-1.764
-1.221,-1.983
-1.374,0.091
-1.535,-1.943
-1.613,-0.565
-1.495,-0.626
-1.661,-1.362
-1.814,-0.558
-1.978,-2.774
-1.939,-0.87
-2.042,-0.701
-2.183,0.409
-2.094,0.193
-2.231,-1.665
-2.315,-0.77
-2.6,0.697
-2.621,-1.751
-2.623,-1.689
-2.536,-1.409
-2.833,-1.704
-2.93,-2.373
-2.929,-0.737
-3.103,0.69
-3.025,-0.032
3.102,0.436
3.062,0.27
3.042,-1.895
3.025,-1.6
3.089,-0.49
2.951,-2.007
2.914,-2.206
2.933,0.779
2.892,0.371
2.837,-1.939
2.598,-1.228
2.738,-1.739
2.734,0.324
2.7,-1.685
2.693,-1.979
2.55,-0.484
2.552,0.671
2.598,-2.158
2.358,-1.925
2.447,-2.25
2.274,-0.199
2.307,-0.856
2.177,-1.281
2.219,-1.205
2.219,-0.334
2.042,0.853
2.141,-2.218
2.034,-0.271
1.943,-1.602
1.874,0.629
1.774,-2.725
1.645,-0.174
1.713,-2.17
1.641,-2.944
1.371,0.446
1.312,0.164
1.271,0.642
1.246,-1.293
1.111,0.558
1.028,0.082
0.979,-1.73
0.334,0.891
-0.137,-0.432
-0.147,-0.333
-0.308,-0.365
-0.727,-2.92
-0.713,-2.037
-0.609,-1.537
-0.718,-0.721
-0.903,-0.798
-0.977,-0.551
-1.013,-2.877
-1.036,-2.858
-1.058,-2.177
-1.088,-2.425
-1.108,-2.196
-1.039,-3.015
-1.223,-3.16
-1.245,-3.22
-1.642,-3.231
-2.453,-3.022
-2.579,-3.043
-2.774,-3.1
2.909,-3.307
2.287,-3.33
2.273,-3.204
1.937,-3.374
1.998,-3.293
1.944,-3.251
1.777,-3.056
1.617,-3.394
1.083,-3.395
0.966,-3.216
0.486,-3.307
0.282,-3.099
-0.561,-3.293
-0.692,-3.077
-0.544,-3.301
-2.854,0.968
3.055,1.054
1.904,1.016
0.609,1.136
-0.392,1.09
-1.414,-2.255
-1.812,-2.286
-3.006,-0.549
2.586,-1.13
2.512,-0.548
2.499,-2.671
2.285,-2.695
-2.554,-2.212
1.511,-1.991
-0.363,-0.067
-0.629,0.491
-0.669,0.366
-2.966,-2.245
2.617,-1.52
2.265,-0.937
2.073,-0.346
-0.794,-0.938
-1.039,-2.988
-2.148,-2.958
0.355,-2.989
-1.812,-3.391
-2.534,-3.478
2.472,-3.54
-0.004,-3.493
-0.002,0.983
-0.005,-0.127
-0.18,-1.263
-0.266,0.016
-0.306,-0.22
-0.342,0.691
-0.43,-0.357
-0.426,0.181
-0.453,-0.262
-0.533,-1.506
-0.539,0.595
-0.625,1.932
-0.564,0.201
-0.631,2.111
-0.664,2.063
-0.651,-1.367
-0.733,0.823
-0.744,0.092
-0.763,1.001
-0.777,0.216
-0.734,1.511
-0.82,0.76
-0.752,-0.252
-0.832,0.065
-0.922,-0.068
-0.886,1.76
-0.963,0.182
-1.412,-1.548
-1.675,-1.866
-1.76,-1.716
-1.992,-1.749
-2.778,-1.53
3.102,-1.59
2.745,-1.742
1.979,-1.553
1.891,-1.85
1.772,-1.927
1.665,-1.948
1.599,-1.83
1.178,-1.96
0.753,-1.801
0.411,-1.987
0.158,-1.601
-0.401,-1.799
-0.636,-1.801
-1.724,2.499
-1.838,2.608
-2.597,2.414
1.306,2.538
1.176,2.616
1.163,2.598
1.024,2.591
1.013,2.632
0.096,2.27
-0.85,2.531
-1.12,-0.351
-1.618,-0.041
-2.33,0.034
-0.697,0.278
-0.811,-0.8
-2.822,-1.822
0.599,-1.904
-1.03,1.022
-0.984,0.547
-1.159,2.358
-1.159,-0.305
-1.101,-0.524
-1.254,1.55
-1.415,-0.484
-1.493,0.894
-1.375,0.833
-1.541,0.097
-1.694,0.901
-1.858,-1.315
-1.819,0.589
-1.922,0.758
-2.063,1.868
-1.974,1.652
-2.111,-0.206
-2.195,0.689
-2.48,2.156
-2.501,-0.292
-2.503,-0.23
-2.416,0.05
-2.713,-0.245
-2.81,-0.914
-2.809,0.722
-2.983,2.149
-2.905,1.427
-3.061,1.895
-3.101,1.729
-3.121,-0.436
-3.138,-0.141
-3.074,0.969
3.071,-0.548
3.034,-0.747
3.053,2.238
3.012,1.83
2.957,-0.48
2.718,0.231
2.858,-0.28
2.854,1.783
2.82,-0.226
2.813,-0.52
2.67,0.975
2.672,2.13
2.718,-0.699
2.478,-0.466
2.567,-0.791
2.394,1.26
2.427,0.603
2.297,0.178
2.339,0.254
2.339,1.125
2.162,2.312
2.261,-0.759
2.154,1.188
2.063,-0.143
1.994,2.088
1.894,-1.266
1.765,1.285
1.833,-0.711
1.761,-1.485
1.491,1.905
1.432,1.623
1.391,2.101
1.366,0.166
1.231,2.017
1.148,1.541
1.099,-0.271
0.454,2.35
-0.017,1.027
-0.027,1.126
-0.188,1.094
-0.607,-1.461
-0.593,-0.578
-0.489,-0.078
-0.598,0.738
-0.783,0.661
-0.857,0.908
-0.893,-1.418
-0.916,-1.399
-0.938,-0.718
-0.968,-0.966
-0.988,-0.737
-0.919,-1.556
-1.103,-1.701
-1.125,-1.761
-1.522,-1.772
-2.333,-1.563
-2.459,-1.584
-2.654,-1.641
3.029,-1.848
2.407,-1.871
2.393,-1.745
2.057,-1.915
2.118,-1.834
2.064,-1.792
1.897,-1.597
1.737,-1.935
1.203,-1.936
1.086,-1.757
0.606,-1.848
0.402,-1.64
-0.441,-1.834
-0.572,-1.618
-0.424,-1.842
-2.734,2.427
-3.108,2.513
2.024,2.475
0.729,2.595
-0.272,2.549
-1.294,-0.796
-1.692,-0.827
-2.886,0.91
2.706,0.329
2.632,0.911
2.619,-1.212
2.405,-1.236
-2.434,-0.753
1.631,-0.532
-0.243,1.392
-0.509,1.95
-0.549,1.825
-2.846,-0.786
2.737,-0.061
2.385,0.522
2.193,1.113
-0.674,0.521
-0.919,-1.529
-2.028,-1.499
0.475,-1.53
-1.692,-1.932
-2.414,-2.019
2.592,-2.081
0.116,-2.034
-0.003,-1.11
-0.178,-2.246
-0.264,-0.967
-0.304,-1.203
-0.34,-0.292
-0.428,-1.34
-0.424,-0.802
-0.451,-1.245
-0.531,-2.489
-0.537,-0.388
-0.623,0.949
-0.562,-0.782
-0.629,1.128
-0.662,1.08
-0.649,-2.35
-0.731,-0.16
-0.742,-0.891
-0.761,0.018
-0.775,-0.767
-0.732,0.528
-0.818,-0.223
-0.75,-1.235
-0.83,-0.918
-0.92,-1.051
-0.884,0.777
-0.961,-0.801
-1.41,-2.531
-1.673,-2.849
-1.758,-2.699
-1.99,-2.732
-2.776,-2.513
3.104,-2.573
2.747,-2.725
1.981,-2.536
1.893,-2.833
1.774,-2.91
1.667,-2.931
1.601,-2.813
1.18,-2.943
0.755,-2.784
0.413,-2.97
0.16,-2.584
-0.399,-2.782
-0.634,-2.784
-1.722,1.516
-1.836,1.625
-2.595,1.431
1.308,1.555
1.178,1.633
1.165,1.615
1.026,1.608
1.015,1.649
0.098,1.287
-0.848,1.548
-1.118,-1.334
-1.616,-1.024
-2.328,-0.949
-0.695,-0.705
-0.809,-1.783
-2.82,-2.805
0.601,-2.887
-1.028,0.039
-0.982,-0.436
-1.157,1.375
-1.157,-1.288
-1.099,-1.507
-1.252,0.567
-1.413,-1.467
-1.491,-0.089
-1.373,-0.15
-1.539,-0.886
-1.692,-0.082
-1.856,-2.298
-1.817,-0.394
-1.92,-0.225
-2.061,0.885
-1.972,0.669
-2.109,-1.189
-2.193,-0.294
-2.478,1.173
-2.499,-1.275
-2.501,-1.213
-2.414,-0.933
-2.711,-1.228
-2.808,-1.897
-2.807,-0.261
-2.981,1.166
-2.903,0.444
-3.059,0.912
-3.099,0.746
-3.119,-1.419
-3.136,-1.124
-3.072,-0.014
3.073,-1.531
3.036,-1.73
3.055,1.255
3.014,0.847
2.959,-1.463
2.72,-0.752
2.86,-1.263
2.856,0.8
2.822,-1.209
2.815,-1.503
2.672,-0.008
2.674,1.147
2.72,-1.682
2.48,-1.449
2.569,-1.774
2.396,0.277
2.429,-0.38
2.299,-0.805
2.341,-0.729
2.341,0.142
2.164,1.329
2.263,-1.742
2.156,0.205
2.065,-1.126
1.996,1.105
1.896,-2.249
1.767,0.302
1.835,-1.694
1.763,-2.468
1.493,0.922
1.434,0.64
1.393,1.118
1.368,-0.817
1.233,1.034
1.15,0.558
1.101,-1.254
0.456,1.367
-0.015,0.044
-0.025,0.143
-0.186,0.111
-0.605,-2.444
-0.591,-1.561
-0.487,-1.061
-0.596,-0.245
-0.781,-0.322
-0.855,-0.075
-0.891,-2.401
-0.914,-2.382
-0.936,-1.701
-0.966,-1.949
-0.986,-1.72
-0.917,-2.539
-1.101,-2.684
-1.123,-2.744
-1.52,-2.755
-2.331,-2.546
-2.457,-2.567
-2.652,-2.624
3.031,-2.831
2.409,-2.854
2.395,-2.728
2.059,-2.898
2.12,-2.817
2.066,-2.775
1.899,-2.58
1.739,-2.918
1.205,-2.919
1.088,-2.74
0.608,-2.831
0.404,-2.623
-0.439,-2.817
-0.57,-2.601
-0.422,-2.825
-2.732,1.444
-3.106,1.53
2.026,1.492
0.731,1.612
-0.27,1.566
-1.292,-1.779
-1.69,-1.81
-2.884,-0.073
2.708,-0.654
2.634,-0.072
2.621,-2.195
2.407,-2.219
-2.432,-1.736
1.633,-1.515
-0.241,0.409
-0.507,0.967
-0.547,0.842
-2.844,-1.769
2.739,-1.044
2.387,-0.461
2.195,0.13
-0.672,-0.462
-0.917,-2.512
-2.026,-2.482
0.477,-2.513
-1.69,-2.915
-2.412,-3.002
2.594,-3.064
0.118,-3.017
-0.175,-1.136
-0.261,0.143
-0.301,-0.093
-0.337,0.818
-0.425,-0.23
-0.421,0.308
-0.448,-0.135
-0.528,-1.379
-0.534,0.722
-0.62,2.059
-0.559,0.328
-0.626,2.238
-0.659,2.19
-0.646,-1.24
-0.728,0.95
-0.739,0.219
-0.758,1.128
-0.772,0.343
-0.729,1.638
-0.815,0.887
-0.747,-0.125
-0.827,0.192
-0.917,0.059
-0.881,1.887
-0.958,0.309
-1.407,-1.421
-1.67,-1.739
-1.755,-1.589
-1.987,-1.622
-2.773,-1.403
3.107,-1.463
2.75,-1.615
1.984,-1.426
1.896,-1.723
1.777,-1.8
1.67,-1.821
1.604,-1.703
1.183,-1.833
0.758,-1.674
0.416,-1.86
0.163,-1.474
-0.396,-1.672
-0.631,-1.674
-1.719,2.626
-1.833,2.735
-2.592,2.541
1.311,2.665
1.181,2.743
1.168,2.725
1.029,2.718
1.018,2.759
0.101,2.397
-0.845,2.658
-1.115,-0.224
-1.613,0.086
-2.325,0.161
-0.692,0.405
-0.806,-0.673
-2.817,-1.695
0.604,-1.777
-1.025,1.149
-0.979,0.674
-1.154,2.485
-1.154,-0.178
-1.096,-0.397
-1.249,1.677
-1.41,-0.357
-1.488,1.021
-1.37,0.96
-1.536,0.224
-1.689,1.028
-1.853,-1.188
-1.814,0.716
-1.917,0.885
-2.058,1.995
-1.969,1.779
-2.106,-0.079
-2.19,0.816
-2.475,2.283
-2.496,-0.165
-2.498,-0.103
-2.411,0.177
-2.708,-0.118
-2.805,-0.787
-2.804,0.849
-2.978,2.276
-2.9,1.554
-3.056,2.022
-3.096,1.856
-3.116,-0.309
-3.133,-0.014
-3.069,1.096
3.076,-0.421
3.039,-0.62
3.058,2.365
3.017,1.957
2.962,-0.353
2.723,0.358
2.863,-0.153
2.859,1.91
2.825,-0.099
2.818,-0.393
2.675,1.102
2.677,2.257
2.723,-0.572
2.483,-0.339
2.572,-0.664
2.399,1.387
2.432,0.73
2.302,0.305
2.344,0.381
2.344,1.252
2.167,2.439
2.266,-0.632
2.159,1.315
2.068,-0.016
1.999,2.215
1.899,-1.139
1.77,1.412
1.838,-0.584
1.766,-1.358
1.496,2.032
1.437,1.75
1.396,2.228
1.371,0.293
1.236,2.144
1.153,1.668
1.104,-0.144
0.459,2.477
-0.012,1.154
-0.022,1.253
-0.183,1.221
-0.602,-1.334
-0.588,-0.451
-0.484,0.049
-0.593,0.865
-0.778,0.788
-0.852,1.035
-0.888,-1.291
-0.911,-1.272
-0.933,-0.591
-0.963,-0.839
-0.983,-0.61
-0.914,-1.429
-1.098,-1.574
-1.12,-1.634
-1.517,-1.645
-2.328,-1.436
-2.454,-1.457
-2.649,-1.514
3.034,-1.721
2.412,-1.744
2.398,-1.618
2.062,-1.788
2.123,-1.707
2.069,-1.665
1.902,-1.47
1.742,-1.808
1.208,-1.809
1.091,-1.63
0.611,-1.721
0.407,-1.513
-0.436,-1.707
-0.567,-1.491
-0.419,-1.715
-2.729,2.554
-3.103,2.64
2.029,2.602
0.734,2.722
-0.267,2.676
-1.289,-0.669
-1.687,-0.7
-2.881,1.037
2.711,0.456
2.637,1.038
2.624,-1.085
2.41,-1.109
-2.429,-0.626
1.636,-0.405
-0.238,1.519
-0.504,2.077
-0.544,1.952
-2.841,-0.659
2.742,0.066
2.39,0.649
2.198,1.24
-0.669,0.648
-0.914,-1.402
-2.023,-1.372
0.48,-1.403
-1.687,-1.805
-2.409,-1.892
2.597,-1.954
0.121,-1.907
-0.086,1.279
-0.126,1.043
-0.162,1.954
-0.25,0.906
-0.246,1.444
-0.273,1.001
-0.353,-0.243
-0.359,1.858
-0.445,3.195
-0.384,1.464
-0.451,3.374
-0.484,3.326
-0.471,-0.104
-0.553,2.086
-0.564,1.355
-0.583,2.264
-0.597,1.479
-0.554,2.774
-0.64,2.023
-0.572,1.011
-0.652,1.328
-0.742,1.195
-0.706,3.023
-0.783,1.445
-1.232,-0.285
-1.495,-0.603
-1.58,-0.453
-1.812,-0.486
-2.598,-0.267
-3.001,-0.327
2.925,-0.479
2.159,-0.29
2.071,-0.587
1.952,-0.664
1.845,-0.685
1.779,-0.567
1.358,-0.697
0.933,-0.538
0.591,-0.724
0.338,-0.338
-0.221,-0.536
-0.456,-0.538
-1.544,3.762
-1.658,3.871
-2.417,3.677
1.486,3.801
1.356,3.879
1.343,3.861
1.204,3.854
1.193,3.895
0.276,3.533
-0.67,3.794
-0.94,0.912
-1.438,1.222
-2.15,1.297
-0.517,1.541
-0.631,0.463
-2.642,-0.559
0.779,-0.641
-0.85,2.285
-0.804,1.81
-0.979,3.621
-0.979,0.958
-0.921,0.739
-1.074,2.813
-1.235,0.779
-1.313,2.157
-1.195,2.096
-1.361,1.36
-1.514,2.164
-1.678,-0.052
-1.639,1.852
-1.742,2.021
-1.883,3.131
-1.794,2.915
-1.931,1.057
-2.015,1.952
-2.3,3.419
-2.321,0.971
-2.323,1.033
-2.236,1.313
-2.533,1.018
-2.63,0.349
-2.629,1.985
-2.803,3.412
-2.725,2.69
-2.881,3.158
-2.921,2.992
-2.941,0.827
-2.958,1.122
-2.894,2.232
-3.032,0.715
-3.069,0.516
-3.05,3.501
-3.091,3.093
3.137,0.783
2.898,1.494
3.038,0.983
3.034,3.046
3.0,1.037
2.993,0.743
2.85,2.238
2.852,3.393
2.898,0.564
2.658,0.797
2.747,0.472
2.574,2.523
2.607,1.866
2.477,1.441
2.519,1.517
2.519,2.388
2.342,3.575
2.441,0.504
2.334,2.451
2.243,1.12
2.174,3.351
2.074,-0.003
1.945,2.548
2.013,0.552
1.941,-0.222
1.671,3.168
1.612,2.886
1.571,3.364
1.546,1.429
1.411,3.28
1.328,2.804
1.279,0.992
0.634,3.613
0.163,2.29
0.153,2.389
-0.008,2.357
-0.427,-0.198
-0.413,0.685
-0.309,1.185
-0.418,2.001
-0.603,1.924
-0.677,2.171
-0.713,-0.155
-0.736,-0.136
-0.758,0.545
-0.788,0.297
-0.808,0.526
-0.739,-0.293
-0.923,-0.438
-0.945,-0.498
-1.342,-0.509
-2.153,-0.3
-2.279,-0.321
-2.474,-0.378
-3.074,-0.585
2.587,-0.608
2.573,-0.482
2.237,-0.652
2.298,-0.571
2.244,-0.529
2.077,-0.334
1.917,-0.672
1.383,-0.673
1.266,-0.494
0.786,-0.585
0.582,-0.377
-0.261,-0.571
-0.392,-0.355
-0.244,-0.579
-2.554,3.69
-2.928,3.776
2.204,3.738
0.909,3.858
-0.092,3.812
-1.114,0.467
-1.512,0.436
-2.706,2.173
2.886,1.592
2.812,2.174
2.799,0.051
2.585,0.027
-2.254,0.51
1.811,0.731
-0.063,2.655
-0.329,3.213
-0.369,3.088
-2.666,0.477
2.917,1.202
2.565,1.785
2.373,2.376
-0.494,1.784
-0.739,-0.266
-1.848,-0.236
0.655,-0.267
-1.512,-0.669
-2.234,-0.756
2.772,-0.818
0.296,-0.771
-0.04,-0.236
-0.076,0.675
-0.164,-0.373
-0.16,0.165
-0.187,-0.278
-0.267,-1.522
-0.273,0.579
-0.359,1.916
-0.298,0.185
-0.365,2.095
-0.398,2.047
-0.385,-1.383
-0.467,0.807
-0.478,0.076
-0.497,0.985
-0.511,0.2
-0.468,1.495
-0.554,0.744
-0.486,-0.268
-0.566,0.049
-0.656,-0.084
-0.62,1.744
-0.697,0.166
-1.146,-1.564
-1.409,-1.882
-1.494,-1.732
-1.726,-1.765
-2.512,-1.546
-2.915,-1.606
3.011,-1.758
2.245,-1.569
2.157,-1.866
2.038,-1.943
1.931,-1.964
1.865,-1.846
1.444,-1.976
1.019,-1.817
0.677,-2.003
0.424,-1.617
-0.135,-1.815
-0.37,-1.817
-1.458,2.483
-1.572,2.592
-2.331,2.398
1.572,2.522
1.442,2.6
1.429,2.582
1.29,2.575
1.279,2.616
0.362,2.254
-0.584,2.515
-0.854,-0.367
-1.352,-0.057
-2.064,0.018
-0.431,0.262
-0.545,-0.816
-2.556,-1.838
0.865,-1.92
-0.764,1.006
-0.718,0.531
-0.893,2.342
-0.893,-0.321
-0.835,-0.54
-0.988,1.534
-1.149,-0.5
-1.227,0.878
-1.109,0.817
-1.275,0.081
-1.428,0.885
-1.592,-1.331
-1.553,0.573
-1.656,0.742
-1.797,1.852
-1.708,1.636
-1.845,-0.222
-1.929,0.673
-2.214,2.14
-2.235,-0.308
-2.237,-0.246
-2.15,0.034
-2.447,-0.261
-2.544,-0.93
-2.543,0.706
-2.717,2.133
-2.639,1.411
-2.795,1.879
-2.835,1.713
-2.855,-0.452
-2.872,-0.157
-2.808,0.953
-2.946,-0.564
-2.983,-0.763
-2.964,2.222
-3.005,1.814
-3.06,-0.496
2.984,0.215
3.124,-0.296
3.12,1.767
3.086,-0.242
3.079,-0.536
2.936,0.959
2.938,2.114
2.984,-0.715
2.744,-0.482
2.833,-0.807
2.66,1.244
2.693,0.587
2.563,0.162
2.605,0.238
2.605,1.109
2.428,2.296
2.527,-0.775
2.42,1.172
2.329,-0.159
2.26,2.072
2.16,-1.282
2.031,1.269
2.099,-0.727
2.027,-1.501
1.757,1.889
1.698,1.607
1.657,2.085
1.632,0.15
1.497,2.001
1.414,1.525
1.365,-0.287
0.72,2.334
0.249,1.011
0.239,1.11
0.078,1.078
-0.341,-1.477
-0.327,-0.594
-0.223,-0.094
-0.332,0.722
-0.517,0.645
-0.591,0.892
-0.627,-1.434
-0.65,-1.415
-0.672,-0.734
-0.702,-0.982
-0.722,-0.753
-0.653,-1.572
-0.837,-1.717
-0.859,-1.777
-1.256,-1.788
-2.067,-1.579
-2.193,-1.6
-2.388,-1.657
-2.988,-1.864
2.673,-1.887
2.659,-1.761
2.323,-1.931
2.384,-1.85
2.33,-1.808
2.163,-1.613
2.003,-1.951
1.469,-1.952
1.352,-1.773
0.872,-1.864
0.668,-1.656
-0.175,-1.85
-0.306,-1.634
-0.158,-1.858
-2.468,2.411
-2.842,2.497
2.29,2.459
0.995,2.579
-0.006,2.533
-1.028,-0.812
-1.426,-0.843
-2.62,0.894
2.972,0.313
2.898,0.895
2.885,-1.228
2.671,-1.252
-2.168,-0.769
1.897,-0.548
0.023,1.376
-0.243,1.934
-0.283,1.809
-2.58,-0.802
3.003,-0.077
2.651,0.506
2.459,1.097
-0.408,0.505
-0.653,-1.545
-1.762,-1.515
0.741,-1.546
-1.426,-1.948
-2.148,-2.035
2.858,-2.097
0.382,-2.05
-0.036,0.911
-0.124,-0.137
-0.12,0.401
-0.147,-0.042
-0.227,-1.286
-0.233,0.815
-0.319,2.152
-0.258,0.421
-0.325,2.331
-0.358,2.283
-0.345,-1.147
-0.427,1.043
-0.438,0.312
-0.457,1.221
-0.471,0.436
-0.428,1.731
-0.514,0.98
-0.446,-0.032
-0.526,0.285
-0.616,0.152
-0.58,1.98
-0.657,0.402
-1.106,-1.328
-1.369,-1.646
-1.454,-1.496
-1.686,-1.529
-2.472,-1.31
-2.875,-1.37
3.051,-1.522
2.285,-1.333
2.197,-1.63
2.078,-1.707
1.971,-1.728
1.905,-1.61
1.484,-1.74
1.059,-1.581
0.717,-1.767
0.464,-1.381
-0.095,-1.579
-0.33,-1.581
-1.418,2.719
-1.532,2.828
-2.291,2.634
1.612,2.758
1.482,2.836
1.469,2.818
1.33,2.811
1.319,2.852
0.402,2.49
-0.544,2.751
-0.814,-0.131
-1.312,0.179
-2.024,0.254
-0.391,0.498
-0.505,-0.58
-2.516,-1.602
0.905,-1.684
-0.724,1.242
-0.678,0.767
-0.853,2.578
-0.853,-0.085
-0.795,-0.304
-0.948,1.77
-1.109,-0.264
-1.187,1.114
-1.069,1.053
-1.235,0.317
-1.388,1.121
-1.552,-1.095
-1.513,0.809
-1.616,0.978
-1.757,2.088
-1.668,1.872
-1.805,0.014
-1.889,0.909
-2.174,2.376
-2.195,-0.072
-2.197,-0.01
-2.11,0.27
-2.407,-0.025
-2.504,-0.694
-2.503,0.942
-2.677,2.369
-2.599,1.647
-2.755,2.115
-2.795,1.949
-2.815,-0.216
-2.832,0.079
-2.768,1.189
-2.906,-0.328
-2.943,-0.527
-2.924,2.458
-2.965,2.05
-3.02,-0.26
3.024,0.451
-3.119,-0.06
-3.123,2.003
3.126,-0.006
3.119,-0.3
2.976,1.195
2.978,2.35
3.024,-0.479
2.784,-0.246
2.873,-0.571
2.7,1.48
2.733,0.823
2.603,0.398
2.645,0.474
2.645,1.345
2.468,2.532
2.567,-0.539
2.46,1.408
2.369,0.077
2.3,2.308
2.2,-1.046
2.071,1.505
2.139,-0.491
2.067,-1.265
1.797,2.125
1.738,1.843
1.697,2.321
1.672,0.386
1.537,2.237
1.454,1.761
1.405,-0.051
0.76,2.57
0.289,1.247
0.279,1.346
0.118,1.314
-0.301,-1.241
-0.287,-0.358
-0.183,0.142
-0.292,0.958
-0.477,0.881
-0.551,1.128
-0.587,-1.198
-0.61,-1.179
-0.632,-0.498
-0.662,-0.746
-0.682,-0.517
-0.613,-1.336
-0.797,-1.481
-0.819,-1.541
-1.216,-1.552
-2.027,-1.343
-2.153,-1.364
-2.348,-1.421
-2.948,-1.628
2.713,-1.651
2.699,-1.525
2.363,-1.695
2.424,-1.614
2.37,-1.572
2.203,-1.377
2.043,-1.715
1.509,-1.716
1.392,-1.537
0.912,-1.628
0.708,-1.42
-0.135,-1.614
-0.266,-1.398
-0.118,-1.622
-2.428,2.647
-2.802,2.733
2.33,2.695
1.035,2.815
0.034,2.769
-0.988,-0.576
-1.386,-0.607
-2.58,1.13
3.012,0.549
2.938,1.131
2.925,-0.992
2.711,-1.016
-2.128,-0.533
1.937,-0.312
0.063,1.612
-0.203,2.17
-0.243,2.045
-2.54,-0.566
3.043,0.159
2.691,0.742
2.499,1.333
-0.368,0.741
-0.613,-1.309
-1.722,-1.279
0.781,-1.31
-1.386,-1.712
-2.108,-1.799
2.898,-1.861
0.422,-1.814
-0.088,-1.048
-0.084,-0.51
-0.111,-0.953
-0.191,-2.197
-0.197,-0.096
-0.283,1.241
-0.222,-0.49
-0.289,1.42
-0.322,1.372
-0.309,-2.058
-0.391,0.132
-0.402,-0.599
-0.421,0.31
-0.435,-0.475
-0.392,0.82
-0.478,0.069
-0.41,-0.943
-0.49,-0.626
-0.58,-0.759
-0.544,1.069
-0.621,-0.509
-1.07,-2.239
-1.333,-2.557
-1.418,-2.407
-1.65,-2.44
-2.436,-2.221
-2.839,-2.281
3.087,-2.433
2.321,-2.244
2.233,-2.541
2.114,-2.618
2.007,-2.639
1.941,-2.521
1.52,-2.651
1.095,-2.492
0.753,-2.678
0.5,-2.292
-0.059,-2.49
-0.294,-2.492
-1.382,1.808
-1.496,1.917
-2.255,1.723
1.648,1.847
1.518,1.925
1.505,1.907
1.366,1.9
1.355,1.941
0.438,1.579
-0.508,1.84
-0.778,-1.042
-1.276,-0.732
-1.988,-0.657
-0.355,-0.413
-0.469,-1.491
-2.48,-2.513
0.941,-2.595
-0.688,0.331
-0.642,-0.144
-0.817,1.667
-0.817,-0.996
-0.759,-1.215
-0.912,0.859
-1.073,-1.175
-1.151,0.203
-1.033,0.142
-1.199,-0.594
-1.352,0.21
-1.516,-2.006
-1.477,-0.102
-1.58,0.067
-1.721,1.177
-1.632,0.961
-1.769,-0.897
-1.853,-0.002
-2.138,1.465
-2.159,-0.983
-2.161,-0.921
-2.074,-0.641
-2.371,-0.936
-2.468,-1.605
-2.467,0.031
-2.641,1.458
-2.563,0.736
-2.719,1.204
-2.759,1.038
-2.779,-1.127
-2.796,-0.832
-2.732,0.278
-2.87,-1.239
-2.907,-1.438
-2.888,1.547
-2.929,1.139
-2.984,-1.171
3.06,-0.46
-3.083,-0.971
-3.087,1.092
-3.121,-0.917
-3.128,-1.211
3.012,0.284
3.014,1.439
3.06,-1.39
2.82,-1.157
2.909,-1.482
2.736,0.569
2.769,-0.088
2.639,-0.513
2.681,-0.437
2.681,0.434
2.504,1.621
2.603,-1.45
2.496,0.497
2.405,-0.834
2.336,1.397
2.236,-1.957
2.107,0.594
2.175,-1.402
2.103,-2.176
1.833,1.214
1.774,0.932
1.733,1.41
1.708,-0.525
1.573,1.326
1.49,0.85
1.441,-0.962
0.796,1.659
0.325,0.336
0.315,0.435
0.154,0.403
-0.265,-2.152
-0.251,-1.269
-0.147,-0.769
-0.256,0.047
-0.441,-0.03
-0.515,0.217
-0.551,-2.109
-0.574,-2.09
-0.596,-1.409
-0.626,-1.657
-0.646,-1.428
-0.577,-2.247
-0.761,-2.392
-0.783,-2.452
-1.18,-2.463
-1.991,-2.254
-2.117,-2.275
-2.312,-2.332
-2.912,-2.539
2.749,-2.562
2.735,-2.436
2.399,-2.606
2.46,-2.525
2.406,-2.483
2.239,-2.288
2.079,-2.626
1.545,-2.627
1.428,-2.448
0.948,-2.539
0.744,-2.331
-0.099,-2.525
-0.23,-2.309
-0.082,-2.533
-2.392,1.736
-2.766,1.822
2.366,1.784
1.071,1.904
0.07,1.858
-0.952,-1.487
-1.35,-1.518
-2.544,0.219
3.048,-0.362
2.974,0.22
2.961,-1.903
2.747,-1.927
-2.092,-1.444
1.973,-1.223
0.099,0.701
-0.167,1.259
-0.207,1.134
-2.504,-1.477
3.079,-0.752
2.727,-0.169
2.535,0.422
-0.332,-0.17
-0.577,-2.22
-1.686,-2.19
0.817,-2.221
-1.35,-2.623
-2.072,-2.71
2.934,-2.772
0.458,-2.725
0.004,0.538
-0.023,0.095
-0.103,-1.149
-0.109,0.952
-0.195,2.289
-0.134,0.558
-0.201,2.468
-0.234,2.42
-0.221,-1.01
-0.303,1.18
-0.314,0.449
-0.333,1.358
-0.347,0.573
-0.304,1.868
-0.39,1.117
-0.322,0.105
-0.402,0.422
-0.492,0.289
-0.456,2.117
-0.533,0.539
-0.982,-1.191
-1.245,-1.509
-1.33,-1.359
-1.562,-1.392
-2.348,-1.173
-2.751,-1.233
-3.108,-1.385
2.409,-1.196
2.321,-1.493
2.202,-1.57
2.095,-1.591
2.029,-1.473
1.608,-1.603
1.183,-1.444
0.841,-1.63
0.588,-1.244
0.029,-1.442
-0.206,-1.444
-1.294,2.856
-1.408,2.965
-2.167,2.771
1.736,2.895
1.606,2.973
1.593,2.955
1.454,2.948
1.443,2.989
0.526,2.627
-0.42,2.888
-0.69,0.006
-1.188,0.316
-1.9,0.391
-0.267,0.635
-0.381,-0.443
-2.392,-1.465
1.029,-1.547
-0.6,1.379
-0.554,0.904
-0.729,2.715
-0.729,0.052
-0.671,-0.167
-0.824,1.907
-0.985,-0.127
-1.063,1.251
-0.945,1.19
-1.111,0.454
-1.264,1.258
-1.428,-0.958
-1.389,0.946
-1.492,1.115
-1.633,2.225
-1.544,2.009
-1.681,0.151
-1.765,1.046
-2.05,2.513
-2.071,0.065
-2.073,0.127
-1.986,0.407
-2.283,0.112
-2.38,-0.557
-2.379,1.079
-2.553,2.506
-2.475,1.784
-2.631,2.252
-2.671,2.086
-2.691,-0.079
-2.708,0.216
-2.644,1.326
-2.782,-0.191
-2.819,-0.39
-2.8,2.595
-2.841,2.187
-2.896,-0.123
-3.135,0.588
-2.995,0.077
-2.999,2.14
-3.033,0.131
-3.04,-0.163
3.1,1.332
3.102,2.487
-3.135,-0.342
2.908,-0.109
2.997,-0.434
2.824,1.617
2.857,0.96
2.727,0.535
2.769,0.611
2.769,1.482
2.592,2.669
2.691,-0.402
2.584,1.545
2.493,0.214
2.424,2.445
2.324,-0.909
2.195,1.642
2.263,-0.354
2.191,-1.128
1.921,2.262
1.862,1.98
1.821,2.458
1.796,0.523
1.661,2.374
1.578,1.898
1.529,0.086
0.884,2.707
0.413,1.384
0.403,1.483
0.242,1.451
-0.177,-1.104
-0.163,-0.221
-0.059,0.279
-0.168,1.095
-0.353,1.018
-0.427,1.265
-0.463,-1.061
-0.486,-1.042
-0.508,-0.361
-0.538,-0.609
-0.558,-0.38
-0.489,-1.199
-0.673,-1.344
-0.695,-1.404
-1.092,-1.415
-1.903,-1.206
-2.029,-1.227
-2.224,-1.284
-2.824,-1.491
2.837,-1.514
2.823,-1.388
2.487,-1.558
2.548,-1.477
2.494,-1.435
2.327,-1.24
2.167,-1.578
1.633,-1.579
1.516,-1.4
1.036,-1.491
0.832,-1.283
-0.011,-1.477
-0.142,-1.261
0.006,-1.485
-2.304,2.784
-2.678,2.87
2.454,2.832
1.159,2.952
0.158,2.906
-0.864,-0.439
-1.262,-0.47
-2.456,1.267
3.136,0.686
3.062,1.268
3.049,-0.855
2.835,-0.879
-2.004,-0.396
2.061,-0.175
0.187,1.749
-0.079,2.307
-0.119,2.182
-2.416,-0.429
-3.116,0.296
2.815,0.879
2.623,1.47
-0.244,0.878
-0.489,-1.172
-1.598,-1.142
0.905,-1.173
-1.262,-1.575
-1.984,-1.662
3.022,-1.724
0.546,-1.677
-0.027,-0.443
-0.107,-1.687
-0.113,0.414
-0.199,1.751
-0.138,0.02
-0.205,1.93
-0.238,1.882
-0.225,-1.548
-0.307,0.642
-0.318,-0.089
-0.337,0.82
-0.351,0.035
-0.308,1.33
-0.394,0.579
-0.326,-0.433
-0.406,-0.116
-0.496,-0.249
-0.46,1.579
-0.537,0.001
-0.986,-1.729
-1.249,-2.047
-1.334,-1.897
-1.566,-1.93
-2.352,-1.711
-2.755,-1.771
-3.112,-1.923
2.405,-1.734
2.317,-2.031
2.198,-2.108
2.091,-2.129
2.025,-2.011
1.604,-2.141
1.179,-1.982
0.837,-2.168
0.584,-1.782
0.025,-1.98
-0.21,-1.982
-1.298,2.318
-1.412,2.427
-2.171,2.233
1.732,2.357
1.602,2.435
1.589,2.417
1.45,2.41
1.439,2.451
0.522,2.089
-0.424,2.35
-0.694,-0.532
-1.192,-0.222
-1.904,-0.147
-0.271,0.097
-0.385,-0.981
-2.396,-2.003
1.025,-2.085
-0.604,0.841
-0.558,0.366
-0.733,2.177
-0.733,-0.486
-0.675,-0.705
-0.828,1.369
-0.989,-0.665
-1.067,0.713
-0.949,0.652
-1.115,-0.084
-1.268,0.72
-1.432,-1.496
-1.393,0.408
-1.496,0.577
-1.637,1.687
-1.548,1.471
-1.685,-0.387
-1.769,0.508
-2.054,1.975
-2.075,-0.473
-2.077,-0.411
-1.99,-0.131
-2.287,-0.426
-2.384,-1.095
-2.383,0.541
-2.557,1.968
-2.479,1.246
-2.635,1.714
-2.675,1.548
-2.695,-0.617
-2.712,-0.322
-2.648,0.788
-2.786,-0.729
-2.823,-0.928
-2.804,2.057
-2.845,1.649
-2.9,-0.661
-3.139,0.05
-2.999,-0.461
-3.003,1.602
-3.037,-0.407
-3.044,-0.701
3.096,0.794
3.098,1.949
-3.139,-0.88
2.904,-0.647
2.993,-0.972
2.82,1.079
2.853,0.422
2.723,-0.003
2.765,0.073
2.765,0.944
2.588,2.131
2.687,-0.94
2.58,1.007
2.489,-0.324
2.42,1.907
2.32,-1.447
2.191,1.104
2.259,-0.892
2.187,-1.666
1.917,1.724
1.858,1.442
1.817,1.92
1.792,-0.015
1.657,1.836
1.574,1.36
1.525,-0.452
0.88,2.169
0.409,0.846
0.399,0.945
0.238,0.913
-0.181,-1.642
-0.167,-0.759
-0.063,-0.259
-0.172,0.557
-0.357,0.48
-0.431,0.727
-0.467,-1.599
-0.49,-1.58
-0.512,-0.899
-0.542,-1.147
-0.562,-0.918
-0.493,-1.737
-0.677,-1.882
-0.699,-1.942
-1.096,-1.953
-1.907,-1.744
-2.033,-1.765
-2.228,-1.822
-2.828,-2.029
2.833,-2.052
2.819,-1.926
2.483,-2.096
2.544,-2.015
2.49,-1.973
2.323,-1.778
2.163,-2.116
1.629,-2.117
1.512,-1.938
1.032,-2.029
0.828,-1.821
-0.015,-2.015
-0.146,-1.799
0.002,-2.023
-2.308,2.246
-2.682,2.332
2.45,2.294
1.155,2.414
0.154,2.368
-0.868,-0.977
-1.266,-1.008
-2.46,0.729
3.132,0.148
3.058,0.73
3.045,-1.393
2.831,-1.417
-2.008,-0.934
2.057,-0.713
0.183,1.211
-0.083,1.769
-0.123,1.644
-2.42,-0.967
-3.12,-0.242
2.811,0.341
2.619,0.932
-0.248,0.34
-0.493,-1.71
-1.602,-1.68
0.901,-1.711
-1.266,-2.113
-1.988,-2.2
3.018,-2.262
0.542,-2.215
-0.08,-1.244
-0.086,0.857
-0.172,2.194
-0.111,0.463
-0.178,2.373
-0.211,2.325
-0.198,-1.105
-0.28,1.085
-0.291,0.354
-0.31,1.263
-0.324,0.478
-0.281,1.773
-0.367,1.022
-0.299,0.01
-0.379,0.327
-0.469,0.194
-0.433,2.022
-0.51,0.444
-0.959,-1.286
-1.222,-1.604
-1.307,-1.454
-1.539,-1.487
-2.325,-1.268
-2.728,-1.328
-3.085,-1.48
2.432,-1.291
2.344,-1.588
2.225,-1.665
2.118,-1.686
2.052,-1.568
1.631,-1.698
1.206,-1.539
0.864,-1.725
0.611,-1.339
0.052,-1.537
-0.183,-1.539
-1.271,2.761
-1.385,2.87
-2.144,2.676
1.759,2.8
1.629,2.878
1.616,2.86
1.477,2.853
1.466,2.894
0.549,2.532
-0.397,2.793
-0.667,-0.089
-1.165,0.221
-1.877,0.296
-0.244,0.54
-0.358,-0.538
-2.369,-1.56
1.052,-1.642
-0.577,1.284
-0.531,0.809
-0.706,2.62
-0.706,-0.043
-0.648,-0.262
-0.801,1.812
-0.962,-0.222
-1.04,1.156
-0.922,1.095
-1.088,0.359
-1.241,1.163
-1.405,-1.053
-1.366,0.851
-1.469,1.02
-1.61,2.13
-1.521,1.914
-1.658,0.056
-1.742,0.951
-2.027,2.418
-2.048,-0.03
-2.05,0.032
-1.963,0.312
-2.26,0.017
-2.357,-0.652
-2.356,0.984
-2.53,2.411
-2.452,1.689
-2.608,2.157
-2.648,1.991
-2.668,-0.174
-2.685,0.121
-2.621,1.231
-2.759,-0.286
-2.796,-0.485
-2.777,2.5
-2.818,2.092
-2.873,-0.218
-3.112,0.493
-2.972,-0.018
-2.976,2.045
-3.01,0.036
-3.017,-0.258
3.123,1.237
3.125,2.392
-3.112,-0.437
2.931,-0.204
3.02,-0.529
2.847,1.522
2.88,0.865
2.75,0.44
2.792,0.516
2.792,1.387
2.615,2.574
2.714,-0.497
2.607,1.45
2.516,0.119
2.447,2.35
2.347,-1.004
2.218,1.547
2.286,-0.449
2.214,-1.223
1.944,2.167
1.885,1.885
1.844,2.363
1.819,0.428
1.684,2.279
1.601,1.803
1.552,-0.009
0.907,2.612
0.436,1.289
0.426,1.388
0.265,1.356
-0.154,-1.199
-0.14,-0.316
-0.036,0.184
-0.145,1.0
-0.33,0.923
-0.404,1.17
-0.44,-1.156
-0.463,-1.137
-0.485,-0.456
-0.515,-0.704
-0.535,-0.475
-0.466,-1.294
-0.65,-1.439
-0.672,-1.499
-1.069,-1.51
-1.88,-1.301
-2.006,-1.322
-2.201,-1.379
-2.801,-1.586
2.86,-1.609
2.846,-1.483
2.51,-1.653
2.571,-1.572
2.517,-1.53
2.35,-1.335
2.19,-1.673
1.656,-1.674
1.539,-1.495
1.059,-1.586
0.855,-1.378
0.012,-1.572
-0.119,-1.356
0.029,-1.58
-2.281,2.689
-2.655,2.775
2.477,2.737
1.182,2.857
0.181,2.811
-0.841,-0.534
-1.239,-0.565
-2.433,1.172
-3.124,0.591
3.085,1.173
3.072,-0.95
2.858,-0.974
-1.981,-0.491
2.084,-0.27
0.21,1.654
-0.056,2.212
-0.096,2.087
-2.393,-0.524
-3.093,0.201
2.838,0.784
2.646,1.375
-0.221,0.783
-0.466,-1.267
-1.575,-1.237
0.928,-1.268
-1.239,-1.67
-1.961,-1.757
3.045,-1.819
0.569,-1.772
-0.006,2.101
-0.092,3.438
-0.031,1.707
-0.098,3.617
-0.131,3.569
-0.118,0.139
-0.2,2.329
-0.211,1.598
-0.23,2.507
-0.244,1.722
-0.201,3.017
-0.287,2.266
-0.219,1.254
-0.299,1.571
-0.389,1.438
-0.353,3.266
-0.43,1.688
-0.879,-0.042
-1.142,-0.36
-1.227,-0.21
-1.459,-0.243
-2.245,-0.024
-2.648,-0.084
-3.005,-0.236
2.512,-0.047
2.424,-0.344
2.305,-0.421
2.198,-0.442
2.132,-0.324
1.711,-0.454
1.286,-0.295
0.944,-0.481
0.691,-0.095
0.132,-0.293
-0.103,-0.295
-1.191,4.005
-1.305,4.114
-2.064,3.92
1.839,4.044
1.709,4.122
1.696,4.104
1.557,4.097
1.546,4.138
0.629,3.776
-0.317,4.037
-0.587,1.155
-1.085,1.465
-1.797,1.54
-0.164,1.784
-0.278,0.706
-2.289,-0.316
1.132,-0.398
-0.497,2.528
-0.451,2.053
-0.626,3.864
-0.626,1.201
-0.568,0.982
-0.721,3.056
-0.882,1.022
-0.96,2.4
-0.842,2.339
-1.008,1.603
-1.161,2.407
-1.325,0.191
-1.286,2.095
-1.389,2.264
-1.53,3.374
-1.441,3.158
-1.578,1.3
-1.662,2.195
-1.947,3.662
-1.968,1.214
-1.97,1.276
-1.883,1.556
-2.18,1.261
-2.277,0.592
-2.276,2.228
-2.45,3.655
-2.372,2.933
-2.528,3.401
-2.568,3.235
-2.588,1.07
-2.605,1.365
-2.541,2.475
-2.679,0.958
-2.716,0.759
-2.697,3.744
-2.738,3.336
-2.793,1.026
-3.032,1.737
-2.892,1.226
-2.896,3.289
-2.93,1.28
-2.937,0.986
-3.08,2.481
-3.078,3.636
-3.032,0.807
3.011,1.04
3.1,0.715
2.927,2.766
2.96,2.109
2.83,1.684
2.872,1.76
2.872,2.631
2.695,3.818
2.794,0.747
2.687,2.694
2.596,1.363
2.527,3.594
2.427,0.24
2.298,2.791
2.366,0.795
2.294,0.021
2.024,3.411
1.965,3.129
1.924,3.607
1.899,1.672
1.764,3.523
1.681,3.047
1.632,1.235
0.987,3.856
0.516,2.533
0.506,2.632
0.345,2.6
-0.074,0.045
-0.06,0.928
0.044,1.428
-0.065,2.244
-0.25,2.167
-0.324,2.414
-0.36,0.088
-0.383,0.107
-0.405,0.788
-0.435,0.54
-0.455,0.769
-0.386,-0.05
-0.57,-0.195
-0.592,-0.255
-0.989,-0.266
-1.8,-0.057
-1.926,-0.078
-2.121,-0.135
-2.721,-0.342
2.94,-0.365
2.926,-0.239
2.59,-0.409
2.651,-0.328
2.597,-0.286
2.43,-0.091
2.27,-0.429
1.736,-0.43
1.619,-0.251
1.139,-0.342
0.935,-0.134
0.092,-0.328
-0.039,-0.112
0.109,-0.336
-2.201,3.933
-2.575,4.019
2.557,3.981
1.262,4.101
0.261,4.055
-0.761,0.71
-1.159,0.679
-2.353,2.416
-3.044,1.835
-3.118,2.417
-3.131,0.294
2.938,0.27
-1.901,0.753
2.164,0.974
0.29,2.898
0.024,3.456
-0.016,3.331
-2.313,0.72
-3.013,1.445
2.918,2.028
2.726,2.619
-0.141,2.027
-0.386,-0.023
-1.495,0.007
1.008,-0.024
-1.159,-0.426
-1.881,-0.513
3.125,-0.575
0.649,-0.528
-0.086,1.337
-0.025,-0.394
-0.092,1.516
-0.125,1.468
-0.112,-1.962
-0.194,0.228
-0.205,-0.503
-0.224,0.406
-0.238,-0.379
-0.195,0.916
-0.281,0.165
-0.213,-0.847
-0.293,-0.53
-0.383,-0.663
-0.347,1.165
-0.424,-0.413
-0.873,-2.143
-1.136,-2.461
-1.221,-2.311
-1.453,-2.344
-2.239,-2.125
-2.642,-2.185
-2.999,-2.337
2.518,-2.148
2.43,-2.445
2.311,-2.522
2.204,-2.543
2.138,-2.425
1.717,-2.555
1.292,-2.396
0.95,-2.582
0.697,-2.196
0.138,-2.394
-0.097,-2.396
-1.185,1.904
-1.299,2.013
-2.058,1.819
1.845,1.943
1.715,2.021
1.702,2.003
1.563,1.996
1.552,2.037
0.635,1.675
-0.311,1.936
-0.581,-0.946
-1.079,-0.636
-1.791,-0.561
-0.158,-0.317
-0.272,-1.395
-2.283,-2.417
1.138,-2.499
-0.491,0.427
-0.445,-0.048
-0.62,1.763
-0.62,-0.9
-0.562,-1.119
-0.715,0.955
-0.876,-1.079
-0.954,0.299
-0.836,0.238
-1.002,-0.498
-1.155,0.306
-1.319,-1.91
-1.28,-0.006
-1.383,0.163
-1.524,1.273
-1.435,1.057
-1.572,-0.801
-1.656,0.094
-1.941,1.561
-1.962,-0.887
-1.964,-0.825
-1.877,-0.545
-2.174,-0.84
-2.271,-1.509
-2.27,0.127
-2.444,1.554
-2.366,0.832
-2.522,1.3
-2.562,1.134
-2.582,-1.031
-2.599,-0.736
-2.535,0.374
-2.673,-1.143
-2.71,-1.342
-2.691,1.643
-2.732,1.235
-2.787,-1.075
-3.026,-0.364
-2.886,-0.875
-2.89,1.188
-2.924,-0.821
-2.931,-1.115
-3.074,0.38
-3.072,1.535
-3.026,-1.294
3.017,-1.061
3.106,-1.386
2.933,0.665
2.966,0.008
2.836,-0.417
2.878,-0.341
2.878,0.53
2.701,1.717
2.8,-1.354
2.693,0.593
2.602,-0.738
2.533,1.493
2.433,-1.861
2.304,0.69
2.372,-1.306
2.3,-2.08
2.03,1.31
1.971,1.028
1.93,1.506
1.905,-0.429
1.77,1.422
1.687,0.946
1.638,-0.866
0.993,1.755
0.522,0.432
0.512,0.531
0.351,0.499
-0.068,-2.056
-0.054,-1.173
0.05,-0.673
-0.059,0.143
-0.244,0.066
-0.318,0.313
-0.354,-2.013
-0.377,-1.994
-0.399,-1.313
-0.429,-1.561
-0.449,-1.332
-0.38,-2.151
-0.564,-2.296
-0.586,-2.356
-0.983,-2.367
-1.794,-2.158
-1.92,-2.179
-2.115,-2.236
-2.715,-2.443
2.946,-2.466
2.932,-2.34
2.596,-2.51
2.657,-2.429
2.603,-2.387
2.436,-2.192
2.276,-2.53
1.742,-2.531
1.625,-2.352
1.145,-2.443
0.941,-2.235
0.098,-2.429
-0.033,-2.213
0.115,-2.437
-2.195,1.832
-2.569,1.918
2.563,1.88
1.268,2.0
0.267,1.954
-0.755,-1.391
-1.153,-1.422
-2.347,0.315
-3.038,-0.266
-3.112,0.316
-3.125,-1.807
2.944,-1.831
-1.895,-1.348
2.17,-1.127
0.296,0.797
0.03,1.355
-0.01,1.23
-2.307,-1.381
-3.007,-0.656
2.924,-0.073
2.732,0.518
-0.135,-0.074
-0.38,-2.124
-1.489,-2.094
1.014,-2.125
-1.153,-2.527
-1.875,-2.614
3.131,-2.676
0.655,-2.629
0.061,-1.731
-0.006,0.179
-0.039,0.131
-0.026,-3.299
-0.108,-1.109
-0.119,-1.84
-0.138,-0.931
-0.152,-1.716
-0.109,-0.421
-0.195,-1.172
-0.127,-2.184
-0.207,-1.867
-0.297,-2.0
-0.261,-0.172
-0.338,-1.75
-0.787,-3.48
-1.05,-3.798
-1.135,-3.648
-1.367,-3.681
-2.153,-3.462
-2.556,-3.522
-2.913,-3.674
2.604,-3.485
2.516,-3.782
2.397,-3.859
2.29,-3.88
2.224,-3.762
1.803,-3.892
1.378,-3.733
1.036,-3.919
0.783,-3.533
0.224,-3.731
-0.011,-3.733
-1.099,0.567
-1.213,0.676
-1.972,0.482
1.931,0.606
1.801,0.684
1.788,0.666
1.649,0.659
1.638,0.7
0.721,0.338
-0.225,0.599
-0.495,-2.283
-0.993,-1.973
-1.705,-1.898
-0.072,-1.654
-0.186,-2.732
-2.197,-3.754
1.224,-3.836
-0.405,-0.91
-0.359,-1.385
-0.534,0.426
-0.534,-2.237
-0.476,-2.456
-0.629,-0.382
-0.79,-2.416
-0.868,-1.038
-0.75,-1.099
-0.916,-1.835
-1.069,-1.031
-1.233,-3.247
-1.194,-1.343
-1.297,-1.174
-1.438,-0.064
-1.349,-0.28
-1.486,-2.138
-1.57,-1.243
-1.855,0.224
-1.876,-2.224
-1.878,-2.162
-1.791,-1.882
-2.088,-2.177
-2.185,-2.846
-2.184,-1.21
-2.358,0.217
-2.28,-0.505
-2.436,-0.037
-2.476,-0.203
-2.496,-2.368
-2.513,-2.073
-2.449,-0.963
-2.587,-2.48
-2.624,-2.679
-2.605,0.306
-2.646,-0.102
-2.701,-2.412
-2.94,-1.701
-2.8,-2.212
-2.804,-0.149
-2.838,-2.158
-2.845,-2.452
-2.988,-0.957
-2.986,0.198
-2.94,-2.631
3.103,-2.398
-3.091,-2.723
3.019,-0.672
3.052,-1.329
2.922,-1.754
2.964,-1.678
2.964,-0.807
2.787,0.38
2.886,-2.691
2.779,-0.744
2.688,-2.075
2.619,0.156
2.519,-3.198
2.39,-0.647
2.458,-2.643
2.386,-3.417
2.116,-0.027
2.057,-0.309
2.016,0.169
1.991,-1.766
1.856,0.085
1.773,-0.391
1.724,-2.203
1.079,0.418
0.608,-0.905
0.598,-0.806
0.437,-0.838
0.018,-3.393
0.032,-2.51
0.136,-2.01
0.027,-1.194
-0.158,-1.271
-0.232,-1.024
-0.268,-3.35
-0.291,-3.331
-0.313,-2.65
-0.343,-2.898
-0.363,-2.669
-0.294,-3.488
-0.478,-3.633
-0.5,-3.693
-0.897,-3.704
-1.708,-3.495
-1.834,-3.516
-2.029,-3.573
-2.629,-3.78
3.032,-3.803
3.018,-3.677
2.682,-3.847
2.743,-3.766
2.689,-3.724
2.522,-3.529
2.362,-3.867
1.828,-3.868
1.711,-3.689
1.231,-3.78
1.027,-3.572
0.184,-3.766
0.053,-3.55
0.201,-3.774
-2.109,0.495
-2.483,0.581
2.649,0.543
1.354,0.663
0.353,0.617
-0.669,-2.728
-1.067,-2.759
-2.261,-1.022
-2.952,-1.603
-3.026,-1.021
-3.039,-3.144
3.03,-3.168
-1.809,-2.685
2.256,-2.464
0.382,-0.54
0.116,0.018
0.076,-0.107
-2.221,-2.718
-2.921,-1.993
3.01,-1.41
2.818,-0.819
-0.049,-1.411
-0.294,-3.461
-1.403,-3.431
1.1,-3.462
-1.067,-3.864
-1.789,-3.951
-3.066,-4.013
0.741,-3.966
-0.067,1.91
-0.1,1.862
-0.087,-1.568
-0.169,0.622
-0.18,-0.109
-0.199,0.8
-0.213,0.015
-0.17,1.31
-0.256,0.559
-0.188,-0.453
-0.268,-0.136
-0.358,-0.269
-0.322,1.559
-0.399,-0.019
-0.848,-1.749
-1.111,-2.067
-1.196,-1.917
-1.428,-1.95
-2.214,-1.731
-2.617,-1.791
-2.974,-1.943
2.543,-1.754
2.455,-2.051
2.336,-2.128
2.229,-2.149
2.163,-2.031
1.742,-2.161
1.317,-2.002
0.975,-2.188
0.722,-1.802
0.163,-2.0
-0.072,-2.002
-1.16,2.298
-1.274,2.407
-2.033,2.213
1.87,2.337
1.74,2.415
1.727,2.397
1.588,2.39
1.577,2.431
0.66,2.069
-0.286,2.33
-0.556,-0.552
-1.054,-0.242
-1.766,-0.167
-0.133,0.077
-0.247,-1.001
-2.258,-2.023
1.163,-2.105
-0.466,0.821
-0.42,0.346
-0.595,2.157
-0.595,-0.506
-0.537,-0.725
-0.69,1.349
-0.851,-0.685
-0.929,0.693
-0.811,0.632
-0.977,-0.104
-1.13,0.7
-1.294,-1.516
-1.255,0.388
-1.358,0.557
-1.499,1.667
-1.41,1.451
-1.547,-0.407
-1.631,0.488
-1.916,1.955
-1.937,-0.493
-1.939,-0.431
-1.852,-0.151
-2.149,-0.446
-2.246,-1.115
-2.245,0.521
-2.419,1.948
-2.341,1.226
-2.497,1.694
-2.537,1.528
-2.557,-0.637
-2.574,-0.342
-2.51,0.768
-2.648,-0.749
-2.685,-0.948
-2.666,2.037
-2.707,1.629
-2.762,-0.681
-3.001,0.03
-2.861,-0.481
-2.865,1.582
-2.899,-0.427
-2.906,-0.721
-3.049,0.774
-3.047,1.929
-3.001,-0.9
3.042,-0.667
3.131,-0.992
2.958,1.059
2.991,0.402
2.861,-0.023
2.903,0.053
2.903,0.924
2.726,2.111
2.825,-0.96
2.718,0.987
2.627,-0.344
2.558,1.887
2.458,-1.467
2.329,1.084
2.397,-0.912
2.325,-1.686
2.055,1.704
1.996,1.422
1.955,1.9
1.93,-0.035
1.795,1.816
1.712,1.34
1.663,-0.472
1.018,2.149
0.547,0.826
0.537,0.925
0.376,0.893
-0.043,-1.662
-0.029,-0.779
0.075,-0.279
-0.034,0.537
-0.219,0.46
-0.293,0.707
-0.329,-1.619
-0.352,-1.6
-0.374,-0.919
-0.404,-1.167
-0.424,-0.938
-0.355,-1.757
-0.539,-1.902
-0.561,-1.962
-0.958,-1.973
-1.769,-1.764
-1.895,-1.785
-2.09,-1.842
-2.69,-2.049
2.971,-2.072
2.957,-1.946
2.621,-2.116
2.682,-2.035
2.628,-1.993
2.461,-1.798
2.301,-2.136
1.767,-2.137
1.65,-1.958
1.17,-2.049
0.966,-1.841
0.123,-2.035
-0.008,-1.819
0.14,-2.043
-2.17,2.226
-2.544,2.312
2.588,2.274
1.293,2.394
0.292,2.348
-0.73,-0.997
-1.128,-1.028
-2.322,0.709
-3.013,0.128
-3.087,0.71
-3.1,-1.413
2.969,-1.437
-1.87,-0.954
2.195,-0.733
0.321,1.191
0.055,1.749
0.015,1.624
-2.282,-0.987
-2.982,-0.262
2.949,0.321
2.757,0.912
-0.11,0.32
-0.355,-1.73
-1.464,-1.7
1.039,-1.731
-1.128,-2.133
-1.85,-2.22
-3.127,-2.282
0.68,-2.235
-0.033,-0.048
-0.02,-3.478
-0.102,-1.288
-0.113,-2.019
-0.132,-1.11
-0.146,-1.895
-0.103,-0.6
-0.189,-1.351
-0.121,-2.363
-0.201,-2.046
-0.291,-2.179
-0.255,-0.351
-0.332,-1.929
-0.781,-3.659
-1.044,-3.977
-1.129,-3.827
-1.361,-3.86
-2.147,-3.641
-2.55,-3.701
-2.907,-3.853
2.61,-3.664
2.522,-3.961
2.403,-4.038
2.296,-4.059
2.23,-3.941
1.809,-4.071
1.384,-3.912
1.042,-4.098
0.789,-3.712
0.23,-3.91
-0.005,-3.912
-1.093,0.388
-1.207,0.497
-1.966,0.303
1.937,0.427
1.807,0.505
1.794,0.487
1.655,0.48
1.644,0.521
0.727,0.159
-0.219,0.42
-0.489,-2.462
-0.987,-2.152
-1.699,-2.077
-0.066,-1.833
-0.18,-2.911
-2.191,-3.933
1.23,-4.015
-0.399,-1.089
-0.353,-1.564
-0.528,0.247
-0.528,-2.416
-0.47,-2.635
-0.623,-0.561
-0.784,-2.595
-0.862,-1.217
-0.744,-1.278
-0.91,-2.014
-1.063,-1.21
-1.227,-3.426
-1.188,-1.522
-1.291,-1.353
-1.432,-0.243
-1.343,-0.459
-1.48,-2.317
-1.564,-1.422
-1.849,0.045
-1.87,-2.403
-1.872,-2.341
-1.785,-2.061
-2.082,-2.356
-2.179,-3.025
-2.178,-1.389
-2.352,0.038
-2.274,-0.684
-2.43,-0.216
-2.47,-0.382
-2.49,-2.547
-2.507,-2.252
-2.443,-1.142
-2.581,-2.659
-2.618,-2.858
-2.599,0.127
-2.64,-0.281
-2.695,-2.591
-2.934,-1.88
-2.794,-2.391
-2.798,-0.328
-2.832,-2.337
-2.839,-2.631
-2.982,-1.136
-2.98,0.019
-2.934,-2.81
3.109,-2.577
-3.085,-2.902
3.025,-0.851
3.058,-1.508
2.928,-1.933
2.97,-1.857
2.97,-0.986
2.793,0.201
2.892,-2.87
2.785,-0.923
2.694,-2.254
2.625,-0.023
2.525,-3.377
2.396,-0.826
2.464,-2.822
2.392,-3.596
2.122,-0.206
2.063,-0.488
2.022,-0.01
1.997,-1.945
1.862,-0.094
1.779,-0.57
1.73,-2.382
1.085,0.239
0.614,-1.084
0.604,-0.985
0.443,-1.017
0.024,-3.572
0.038,-2.689
0.142,-2.189
0.033,-1.373
-0.152,-1.45
-0.226,-1.203
-0.262,-3.529
-0.285,-3.51
-0.307,-2.829
-0.337,-3.077
-0.357,-2.848
-0.288,-3.667
-0.472,-3.812
-0.494,-3.872
-0.891,-3.883
-1.702,-3.674
-1.828,-3.695
-2.023,-3.752
-2.623,-3.959
3.038,-3.982
3.024,-3.856
2.688,-4.026
2.749,-3.945
2.695,-3.903
2.528,-3.708
2.368,-4.046
1.834,-4.047
1.717,-3.868
1.237,-3.959
1.033,-3.751
0.19,-3.945
0.059,-3.729
0.207,-3.953
-2.103,0.316
-2.477,0.402
2.655,0.364
1.36,0.484
0.359,0.438
-0.663,-2.907
-1.061,-2.938
-2.255,-1.201
-2.946,-1.782
-3.02,-1.2
-3.033,-3.323
3.036,-3.347
-1.803,-2.864
2.262,-2.643
0.388,-0.719
0.122,-0.161
0.082,-0.286
-2.215,-2.897
-2.915,-2.172
3.016,-1.589
2.824,-0.998
-0.043,-1.59
-0.288,-3.64
-1.397,-3.61
1.106,-3.641
-1.061,-4.043
-1.783,-4.13
-3.06,-4.192
0.747,-4.145
0.013,-3.43
-0.069,-1.24
-0.08,-1.971
-0.099,-1.062
-0.113,-1.847
-0.07,-0.552
-0.156,-1.303
-0.088,-2.315
-0.168,-1.998
-0.258,-2.131
-0.222,-0.303
-0.299,-1.881
-0.748,-3.611
-1.011,-3.929
-1.096,-3.779
-1.328,-3.812
-2.114,-3.593
-2.517,-3.653
-2.874,-3.805
2.643,-3.616
2.555,-3.913
2.436,-3.99
2.329,-4.011
2.263,-3.893
1.842,-4.023
1.417,-3.864
1.075,-4.05
0.822,-3.664
0.263,-3.862
0.028,-3.864
-1.06,0.436
-1.174,0.545
-1.933,0.351
1.97,0.475
1.84,0.553
1.827,0.535
1.688,0.528
1.677,0.569
0.76,0.207
-0.186,0.468
-0.456,-2.414
-0.954,-2.104
-1.666,-2.029
-0.033,-1.785
-0.147,-2.863
-2.158,-3.885
1.263,-3.967
-0.366,-1.041
-0.32,-1.516
-0.495,0.295
-0.495,-2.368
-0.437,-2.587
-0.59,-0.513
-0.751,-2.547
-0.829,-1.169
-0.711,-1.23
-0.877,-1.966
-1.03,-1.162
-1.194,-3.378
-1.155,-1.474
-1.258,-1.305
-1.399,-0.195
-1.31,-0.411
-1.447,-2.269
-1.531,-1.374
-1.816,0.093
-1.837,-2.355
-1.839,-2.293
-1.752,-2.013
-2.049,-2.308
-2.146,-2.977
-2.145,-1.341
-2.319,0.086
-2.241,-0.636
-2.397,-0.168
-2.437,-0.334
-2.457,-2.499
-2.474,-2.204
-2.41,-1.094
-2.548,-2.611
-2.585,-2.81
-2.566,0.175
-2.607,-0.233
-2.662,-2.543
-2.901,-1.832
-2.761,-2.343
-2.765,-0.28
-2.799,-2.289
-2.806,-2.583
-2.949,-1.088
-2.947,0.067
-2.901,-2.762
-3.141,-2.529
-3.052,-2.854
3.058,-0.803
3.091,-1.46
2.961,-1.885
3.003,-1.809
3.003,-0.938
2.826,0.249
2.925,-2.822
2.818,-0.875
2.727,-2.206
2.658,0.025
2.558,-3.329
2.429,-0.778
2.497,-2.774
2.425,-3.548
2.155,-0.158
2.096,-0.44
2.055,0.038
2.03,-1.897
1.895,-0.046
1.812,-0.522
1.763,-2.334
1.118,0.287
0.647,-1.036
0.637,-0.937
0.476,-0.969
0.057,-3.524
0.071,-2.641
0.175,-2.141
0.066,-1.325
-0.119,-1.402
-0.193,-1.155
-0.229,-3.481
-0.252,-3.462
-0.274,-2.781
-0.304,-3.029
-0.324,-2.8
-0.255,-3.619
-0.439,-3.764
-0.461,-3.824
-0.858,-3.835
-1.669,-3.626
-1.795,-3.647
-1.99,-3.704
-2.59,-3.911
3.071,-3.934
3.057,-3.808
2.721,-3.978
2.782,-3.897
2.728,-3.855
2.561,-3.66
2.401,-3.998
1.867,-3.999
1.75,-3.82
1.27,-3.911
1.066,-3.703
0.223,-3.897
0.092,-3.681
0.24,-3.905
-2.07,0.364
-2.444,0.45
2.688,0.412
1.393,0.532
0.392,0.486
-0.63,-2.859
-1.028,-2.89
-2.222,-1.153
-2.913,-1.734
-2.987,-1.152
-3.0,-3.275
3.069,-3.299
-1.77,-2.816
2.295,-2.595
0.421,-0.671
0.155,-0.113
0.115,-0.238
-2.182,-2.849
-2.882,-2.124
3.049,-1.541
2.857,-0.95
-0.01,-1.542
-0.255,-3.592
-1.364,-3.562
1.139,-3.593
-1.028,-3.995
-1.75,-4.082
-3.027,-4.144
0.78,-4.097
-0.082,2.19
-0.093,1.459
-0.112,2.368
-0.126,1.583
-0.083,2.878
-0.169,2.127
-0.101,1.115
-0.181,1.432
-0.271,1.299
-0.235,3.127
-0.312,1.549
-0.761,-0.181
-1.024,-0.499
-1.109,-0.349
-1.341,-0.382
-2.127,-0.163
-2.53,-0.223
-2.887,-0.375
2.63,-0.186
2.542,-0.483
2.423,-0.56
2.316,-0.581
2.25,-0.463
1.829,-0.593
1.404,-0.434
1.062,-0.62
0.809,-0.234
0.25,-0.432
0.015,-0.434
-1.073,3.866
-1.187,3.975
-1.946,3.781
1.957,3.905
1.827,3.983
1.814,3.965
1.675,3.958
1.664,3.999
0.747,3.637
-0.199,3.898
-0.469,1.016
-0.967,1.326
-1.679,1.401
-0.046,1.645
-0.16,0.567
-2.171,-0.455
1.25,-0.537
-0.379,2.389
-0.333,1.914
-0.508,3.725
-0.508,1.062
-0.45,0.843
-0.603,2.917
-0.764,0.883
-0.842,2.261
-0.724,2.2
-0.89,1.464
-1.043,2.268
-1.207,0.052
-1.168,1.956
-1.271,2.125
-1.412,3.235
-1.323,3.019
-1.46,1.161
-1.544,2.056
-1.829,3.523
-1.85,1.075
-1.852,1.137
-1.765,1.417
-2.062,1.122
-2.159,0.453
-2.158,2.089
-2.332,3.516
-2.254,2.794
-2.41,3.262
-2.45,3.096
-2.47,0.931
-2.487,1.226
-2.423,2.336
-2.561,0.819
-2.598,0.62
-2.579,3.605
-2.62,3.197
-2.675,0.887
-2.914,1.598
-2.774,1.087
-2.778,3.15
-2.812,1.141
-2.819,0.847
-2.962,2.342
-2.96,3.497
-2.914,0.668
3.129,0.901
-3.065,0.576
3.045,2.627
3.078,1.97
2.948,1.545
2.99,1.621
2.99,2.492
2.813,3.679
2.912,0.608
2.805,2.555
2.714,1.224
2.645,3.455
2.545,0.101
2.416,2.652
2.484,0.656
2.412,-0.118
2.142,3.272
2.083,2.99
2.042,3.468
2.017,1.533
1.882,3.384
1.799,2.908
1.75,1.096
1.105,3.717
0.634,2.394
0.624,2.493
0.463,2.461
0.044,-0.094
0.058,0.789
0.162,1.289
0.053,2.105
-0.132,2.028
-0.206,2.275
-0.242,-0.051
-0.265,-0.032
-0.287,0.649
-0.317,0.401
-0.337,0.63
-0.268,-0.189
-0.452,-0.334
-0.474,-0.394
-0.871,-0.405
-1.682,-0.196
-1.808,-0.217
-2.003,-0.274
-2.603,-0.481
3.058,-0.504
3.044,-0.378
2.708,-0.548
2.769,-0.467
2.715,-0.425
2.548,-0.23
2.388,-0.568
1.854,-0.569
1.737,-0.39
1.257,-0.481
1.053,-0.273
0.21,-0.467
0.079,-0.251
0.227,-0.475
-2.083,3.794
-2.457,3.88
2.675,3.842
1.38,3.962
0.379,3.916
-0.643,0.571
-1.041,0.54
-2.235,2.277
-2.926,1.696
-3.0,2.278
-3.013,0.155
3.056,0.131
-1.783,0.614
2.282,0.835
0.408,2.759
0.142,3.317
0.102,3.192
-2.195,0.581
-2.895,1.306
3.036,1.889
2.844,2.48
-0.023,1.888
-0.268,-0.162
-1.377,-0.132
1.126,-0.163
-1.041,-0.565
-1.763,-0.652
-3.04,-0.714
0.767,-0.667
-0.011,-0.731
-0.03,0.178
-0.044,-0.607
-0.001,0.688
-0.087,-0.063
-0.019,-1.075
-0.099,-0.758
-0.189,-0.891
-0.153,0.937
-0.23,-0.641
-0.679,-2.371
-0.942,-2.689
-1.027,-2.539
-1.259,-2.572
-2.045,-2.353
-2.448,-2.413
-2.805,-2.565
2.712,-2.376
2.624,-2.673
2.505,-2.75
2.398,-2.771
2.332,-2.653
1.911,-2.783
1.486,-2.624
1.144,-2.81
0.891,-2.424
0.332,-2.622
0.097,-2.624
-0.991,1.676
-1.105,1.785
-1.864,1.591
2.039,1.715
1.909,1.793
1.896,1.775
1.757,1.768
1.746,1.809
0.829,1.447
-0.117,1.708
-0.387,-1.174
-0.885,-0.864
-1.597,-0.789
0.036,-0.545
-0.078,-1.623
-2.089,-2.645
1.332,-2.727
-0.297,0.199
-0.251,-0.276
-0.426,1.535
-0.426,-1.128
-0.368,-1.347
-0.521,0.727
-0.682,-1.307
-0.76,0.071
-0.642,0.01
-0.808,-0.726
-0.961,0.078
-1.125,-2.138
-1.086,-0.234
-1.189,-0.065
-1.33,1.045
-1.241,0.829
-1.378,-1.029
-1.462,-0.134
-1.747,1.333
-1.768,-1.115
-1.77,-1.053
-1.683,-0.773
-1.98,-1.068
-2.077,-1.737
-2.076,-0.101
-2.25,1.326
-2.172,0.604
-2.328,1.072
-2.368,0.906
-2.388,-1.259
-2.405,-0.964
-2.341,0.146
-2.479,-1.371
-2.516,-1.57
-2.497,1.415
-2.538,1.007
-2.593,-1.303
-2.832,-0.592
-2.692,-1.103
-2.696,0.96
-2.73,-1.049
-2.737,-1.343
-2.88,0.152
-2.878,1.307
-2.832,-1.522
-3.072,-1.289
-2.983,-1.614
3.127,0.437
-3.123,-0.22
3.03,-0.645
3.072,-0.569
3.072,0.302
2.895,1.489
2.994,-1.582
2.887,0.365
2.796,-0.966
2.727,1.265
2.627,-2.089
2.498,0.462
2.566,-1.534
2.494,-2.308
2.224,1.082
2.165,0.8
2.124,1.278
2.099,-0.657
1.964,1.194
1.881,0.718
1.832,-1.094
1.187,1.527
0.716,0.204
0.706,0.303
0.545,0.271
0.126,-2.284
0.14,-1.401
0.244,-0.901
0.135,-0.085
-0.05,-0.162
-0.124,0.085
-0.16,-2.241
-0.183,-2.222
-0.205,-1.541
-0.235,-1.789
-0.255,-1.56
-0.186,-2.379
-0.37,-2.524
-0.392,-2.584
-0.789,-2.595
-1.6,-2.386
-1.726,-2.407
-1.921,-2.464
-2.521,-2.671
3.14,-2.694
3.126,-2.568
2.79,-2.738
2.851,-2.657
2.797,-2.615
2.63,-2.42
2.47,-2.758
1.936,-2.759
1.819,-2.58
1.339,-2.671
1.135,-2.463
0.292,-2.657
0.161,-2.441
0.309,-2.665
-2.001,1.604
-2.375,1.69
2.757,1.652
1.462,1.772
0.461,1.726
-0.561,-1.619
-0.959,-1.65
-2.153,0.087
-2.844,-0.494
-2.918,0.088
-2.931,-2.035
3.138,-2.059
-1.701,-1.576
2.364,-1.355
0.49,0.569
0.224,1.127
0.184,1.002
-2.113,-1.609
-2.813,-0.884
3.118,-0.301
2.926,0.29
0.059,-0.302
-0.186,-2.352
-1.295,-2.322
1.208,-2.353
-0.959,-2.755
-1.681,-2.842
-2.958,-2.904
0.849,-2.857
-0.019,0.909
-0.033,0.124
0.01,1.419
-0.076,0.668
-0.008,-0.344
-0.088,-0.027
-0.178,-0.16
-0.142,1.668
-0.219,0.09
-0.668,-1.64
-0.931,-1.958
-1.016,-1.808
-1.248,-1.841
-2.034,-1.622
-2.437,-1.682
-2.794,-1.834
2.723,-1.645
2.635,-1.942
2.516,-2.019
2.409,-2.04
2.343,-1.922
1.922,-2.052
1.497,-1.893
1.155,-2.079
0.902,-1.693
0.343,-1.891
0.108,-1.893
-0.98,2.407
-1.094,2.516
-1.853,2.322
2.05,2.446
1.92,2.524
1.907,2.506
1.768,2.499
1.757,2.54
0.84,2.178
-0.106,2.439
-0.376,-0.443
-0.874,-0.133
-1.586,-0.058
0.047,0.186
-0.067,-0.892
-2.078,-1.914
1.343,-1.996
-0.286,0.93
-0.24,0.455
-0.415,2.266
-0.415,-0.397
-0.357,-0.616
-0.51,1.458
-0.671,-0.576
-0.749,0.802
-0.631,0.741
-0.797,0.005
-0.95,0.809
-1.114,-1.407
-1.075,0.497
-1.178,0.666
-1.319,1.776
-1.23,1.56
-1.367,-0.298
-1.451,0.597
-1.736,2.064
-1.757,-0.384
-1.759,-0.322
-1.672,-0.042
-1.969,-0.337
-2.066,-1.006
-2.065,0.63
-2.239,2.057
-2.161,1.335
-2.317,1.803
-2.357,1.637
-2.377,-0.528
-2.394,-0.233
-2.33,0.877
-2.468,-0.64
-2.505,-0.839
-2.486,2.146
-2.527,1.738
-2.582,-0.572
-2.821,0.139
-2.681,-0.372
-2.685,1.691
-2.719,-0.318
-2.726,-0.612
-2.869,0.883
-2.867,2.038
-2.821,-0.791
-3.061,-0.558
-2.972,-0.883
3.138,1.168
-3.112,0.511
3.041,0.086
3.083,0.162
3.083,1.033
2.906,2.22
3.005,-0.851
2.898,1.096
2.807,-0.235
2.738,1.996
2.638,-1.358
2.509,1.193
2.577,-0.803
2.505,-1.577
2.235,1.813
2.176,1.531
2.135,2.009
2.11,0.074
1.975,1.925
1.892,1.449
1.843,-0.363
1.198,2.258
0.727,0.935
0.717,1.034
0.556,1.002
0.137,-1.553
0.151,-0.67
0.255,-0.17
0.146,0.646
-0.039,0.569
-0.113,0.816
-0.149,-1.51
-0.172,-1.491
-0.194,-0.81
-0.224,-1.058
-0.244,-0.829
-0.175,-1.648
-0.359,-1.793
-0.381,-1.853
-0.778,-1.864
-1.589,-1.655
-1.715,-1.676
-1.91,-1.733
-2.51,-1.94
-3.132,-1.963
3.137,-1.837
2.801,-2.007
2.862,-1.926
2.808,-1.884
2.641,-1.689
2.481,-2.027
1.947,-2.028
1.83,-1.849
1.35,-1.94
1.146,-1.732
0.303,-1.926
0.172,-1.71
0.32,-1.934
-1.99,2.335
-2.364,2.421
2.768,2.383
1.473,2.503
0.472,2.457
-0.55,-0.888
-0.948,-0.919
-2.142,0.818
-2.833,0.237
-2.907,0.819
-2.92,-1.304
-3.134,-1.328
-1.69,-0.845
2.375,-0.624
0.501,1.3
0.235,1.858
0.195,1.733
-2.102,-0.878
-2.802,-0.153
3.129,0.43
2.937,1.021
0.07,0.429
-0.175,-1.621
-1.284,-1.591
1.219,-1.622
-0.948,-2.024
-1.67,-2.111
-2.947,-2.173
0.86,-2.126
-0.014,-0.785
0.029,0.51
-0.057,-0.241
0.011,-1.253
-0.069,-0.936
-0.159,-1.069
-0.123,0.759
-0.2,-0.819
-0.649,-2.549
-0.912,-2.867
-0.997,-2.717
-1.229,-2.75
-2.015,-2.531
-2.418,-2.591
-2.775,-2.743
2.742,-2.554
2.654,-2.851
2.535,-2.928
2.428,-2.949
2.362,-2.831
1.941,-2.961
1.516,-2.802
1.174,-2.988
0.921,-2.602
0.362,-2.8
0.127,-2.802
-0.961,1.498
-1.075,1.607
-1.834,1.413
2.069,1.537
1.939,1.615
1.926,1.597
1.787,1.59
1.776,1.631
0.859,1.269
-0.087,1.53
-0.357,-1.352
-0.855,-1.042
-1.567,-0.967
0.066,-0.723
-0.048,-1.801
-2.059,-2.823
1.362,-2.905
-0.267,0.021
-0.221,-0.454
-0.396,1.357
-0.396,-1.306
-0.338,-1.525
-0.491,0.549
-0.652,-1.485
-0.73,-0.107
-0.612,-0.168
-0.778,-0.904
-0.931,-0.1
-1.095,-2.316
-1.056,-0.412
-1.159,-0.243
-1.3,0.867
-1.211,0.651
-1.348,-1.207
-1.432,-0.312
-1.717,1.155
-1.738,-1.293
-1.74,-1.231
-1.653,-0.951
-1.95,-1.246
-2.047,-1.915
-2.046,-0.279
-2.22,1.148
-2.142,0.426
-2.298,0.894
-2.338,0.728
-2.358,-1.437
-2.375,-1.142
-2.311,-0.032
-2.449,-1.549
-2.486,-1.748
-2.467,1.237
-2.508,0.829
-2.563,-1.481
-2.802,-0.77
-2.662,-1.281
-2.666,0.782
-2.7,-1.227
-2.707,-1.521
-2.85,-0.026
-2.848,1.129
-2.802,-1.7
-3.042,-1.467
-2.953,-1.792
-3.126,0.259
-3.093,-0.398
3.06,-0.823
3.102,-0.747
3.102,0.124
2.925,1.311
3.024,-1.76
2.917,0.187
2.826,-1.144
2.757,1.087
2.657,-2.267
2.528,0.284
2.596,-1.712
2.524,-2.486
2.254,0.904
2.195,0.622
2.154,1.1
2.129,-0.835
1.994,1.016
1.911,0.54
1.862,-1.272
1.217,1.349
0.746,0.026
0.736,0.125
0.575,0.093
0.156,-2.462
0.17,-1.579
0.274,-1.079
0.165,-0.263
-0.02,-0.34
-0.094,-0.093
-0.13,-2.419
-0.153,-2.4
-0.175,-1.719
-0.205,-1.967
-0.225,-1.738
-0.156,-2.557
-0.34,-2.702
-0.362,-2.762
-0.759,-2.773
-1.57,-2.564
-1.696,-2.585
-1.891,-2.642
-2.491,-2.849
-3.113,-2.872
-3.127,-2.746
2.82,-2.916
2.881,-2.835
2.827,-2.793
2.66,-2.598
2.5,-2.936
1.966,-2.937
1.849,-2.758
1.369,-2.849
1.165,-2.641
0.322,-2.835
0.191,-2.619
0.339,-2.843
-1.971,1.426
-2.345,1.512
2.787,1.474
1.492,1.594
0.491,1.548
-0.531,-1.797
-0.929,-1.828
-2.123,-0.091
-2.814,-0.672
-2.888,-0.09
-2.901,-2.213
-3.115,-2.237
-1.671,-1.754
2.394,-1.533
0.52,0.391
0.254,0.949
0.214,0.824
-2.083,-1.787
-2.783,-1.062
-3.135,-0.479
2.956,0.112
0.089,-0.48
-0.156,-2.53
-1.265,-2.5
1.238,-2.531
-0.929,-2.933
-1.651,-3.02
-2.928,-3.082
0.879,-3.035
0.043,1.295
-0.043,0.544
0.025,-0.468
-0.055,-0.151
-0.145,-0.284
-0.109,1.544
-0.186,-0.034
-0.635,-1.764
-0.898,-2.082
-0.983,-1.932
-1.215,-1.965
-2.001,-1.746
-2.404,-1.806
-2.761,-1.958
2.756,-1.769
2.668,-2.066
2.549,-2.143
2.442,-2.164
2.376,-2.046
1.955,-2.176
1.53,-2.017
1.188,-2.203
0.935,-1.817
0.376,-2.015
0.141,-2.017
-0.947,2.283
-1.061,2.392
-1.82,2.198
2.083,2.322
1.953,2.4
1.94,2.382
1.801,2.375
1.79,2.416
0.873,2.054
-0.073,2.315
-0.343,-0.567
-0.841,-0.257
-1.553,-0.182
0.08,0.062
-0.034,-1.016
-2.045,-2.038
1.376,-2.12
-0.253,0.806
-0.207,0.331
-0.382,2.142
-0.382,-0.521
-0.324,-0.74
-0.477,1.334
-0.638,-0.7
-0.716,0.678
-0.598,0.617
-0.764,-0.119
-0.917,0.685
-1.081,-1.531
-1.042,0.373
-1.145,0.542
-1.286,1.652
-1.197,1.436
-1.334,-0.422
-1.418,0.473
-1.703,1.94
-1.724,-0.508
-1.726,-0.446
-1.639,-0.166
-1.936,-0.461
-2.033,-1.13
-2.032,0.506
-2.206,1.933
-2.128,1.211
-2.284,1.679
-2.324,1.513
-2.344,-0.652
-2.361,-0.357
-2.297,0.753
-2.435,-0.764
-2.472,-0.963
-2.453,2.022
-2.494,1.614
-2.549,-0.696
-2.788,0.015
-2.648,-0.496
-2.652,1.567
-2.686,-0.442
-2.693,-0.736
-2.836,0.759
-2.834,1.914
-2.788,-0.915
-3.028,-0.682
-2.939,-1.007
-3.112,1.044
-3.079,0.387
3.074,-0.038
3.116,0.038
3.116,0.909
2.939,2.096
3.038,-0.975
2.931,0.972
2.84,-0.359
2.771,1.872
2.671,-1.482
2.542,1.069
2.61,-0.927
2.538,-1.701
2.268,1.689
2.209,1.407
2.168,1.885
2.143,-0.05
2.008,1.801
1.925,1.325
1.876,-0.487
1.231,2.134
0.76,0.811
0.75,0.91
0.589,0.878
0.17,-1.677
0.184,-0.794
0.288,-0.294
0.179,0.522
-0.006,0.445
-0.08,0.692
-0.116,-1.634
-0.139,-1.615
-0.161,-0.934
-0.191,-1.182
-0.211,-0.953
-0.142,-1.772
-0.326,-1.917
-0.348,-1.977
-0.745,-1.988
-1.556,-1.779
-1.682,-1.8
-1.877,-1.857
-2.477,-2.064
-3.099,-2.087
-3.113,-1.961
2.834,-2.131
2.895,-2.05
2.841,-2.008
2.674,-1.813
2.514,-2.151
1.98,-2.152
1.863,-1.973
1.383,-2.064
1.179,-1.856
0.336,-2.05
0.205,-1.834
0.353,-2.058
-1.957,2.211
-2.331,2.297
2.801,2.259
1.506,2.379
0.505,2.333
-0.517,-1.012
-0.915,-1.043
-2.109,0.694
-2.8,0.113
-2.874,0.695
-2.887,-1.428
-3.101,-1.452
-1.657,-0.969
2.408,-0.748
0.534,1.176
0.268,1.734
0.228,1.609
-2.069,-1.002
-2.769,-0.277
-3.121,0.306
2.97,0.897
0.103,0.305
-0.142,-1.745
-1.251,-1.715
1.252,-1.746
-0.915,-2.148
-1.637,-2.235
-2.914,-2.297
0.893,-2.25
-0.086,-0.751
-0.018,-1.763
-0.098,-1.446
-0.188,-1.579
-0.152,0.249
-0.229,-1.329
-0.678,-3.059
-0.941,-3.377
-1.026,-3.227
-1.258,-3.26
-2.044,-3.041
-2.447,-3.101
-2.804,-3.253
2.713,-3.064
2.625,-3.361
2.506,-3.438
2.399,-3.459
2.333,-3.341
1.912,-3.471
1.487,-3.312
1.145,-3.498
0.892,-3.112
0.333,-3.31
0.098,-3.312
-0.99,0.988
-1.104,1.097
-1.863,0.903
2.04,1.027
1.91,1.105
1.897,1.087
1.758,1.08
1.747,1.121
0.83,0.759
-0.116,1.02
-0.386,-1.862
-0.884,-1.552
-1.596,-1.477
0.037,-1.233
-0.077,-2.311
-2.088,-3.333
1.333,-3.415
-0.296,-0.489
-0.25,-0.964
-0.425,0.847
-0.425,-1.816
-0.367,-2.035
-0.52,0.039
-0.681,-1.995
-0.759,-0.617
-0.641,-0.678
-0.807,-1.414
-0.96,-0.61
-1.124,-2.826
-1.085,-0.922
-1.188,-0.753
-1.329,0.357
-1.24,0.141
-1.377,-1.717
-1.461,-0.822
-1.746,0.645
-1.767,-1.803
-1.769,-1.741
-1.682,-1.461
-1.979,-1.756
-2.076,-2.425
-2.075,-0.789
-2.249,0.638
-2.171,-0.084
-2.327,0.384
-2.367,0.218
-2.387,-1.947
-2.404,-1.652
-2.34,-0.542
-2.478,-2.059
-2.515,-2.258
-2.496,0.727
-2.537,0.319
-2.592,-1.991
-2.831,-1.28
-2.691,-1.791
-2.695,0.272
-2.729,-1.737
-2.736,-2.031
-2.879,-0.536
-2.877,0.619
-2.831,-2.21
-3.071,-1.977
-2.982,-2.302
3.128,-0.251
-3.122,-0.908
3.031,-1.333
3.073,-1.257
3.073,-0.386
2.896,0.801
2.995,-2.27
2.888,-0.323
2.797,-1.654
2.728,0.577
2.628,-2.777
2.499,-0.226
2.567,-2.222
2.495,-2.996
2.225,0.394
2.166,0.112
2.125,0.59
2.1,-1.345
1.965,0.506
1.882,0.03
1.833,-1.782
1.188,0.839
0.717,-0.484
0.707,-0.385
0.546,-0.417
0.127,-2.972
0.141,-2.089
0.245,-1.589
0.136,-0.773
-0.049,-0.85
-0.123,-0.603
-0.159,-2.929
-0.182,-2.91
-0.204,-2.229
-0.234,-2.477
-0.254,-2.248
-0.185,-3.067
-0.369,-3.212
-0.391,-3.272
-0.788,-3.283
-1.599,-3.074
-1.725,-3.095
-1.92,-3.152
-2.52,-3.359
3.141,-3.382
3.127,-3.256
2.791,-3.426
2.852,-3.345
2.798,-3.303
2.631,-3.108
2.471,-3.446
1.937,-3.447
1.82,-3.268
1.34,-3.359
1.136,-3.151
0.293,-3.345
0.162,-3.129
0.31,-3.353
-2.0,0.916
-2.374,1.002
2.758,0.964
1.463,1.084
0.462,1.038
-0.56,-2.307
-0.958,-2.338
-2.152,-0.601
-2.843,-1.182
-2.917,-0.6
-2.93,-2.723
3.139,-2.747
-1.7,-2.264
2.365,-2.043
0.491,-0.119
0.225,0.439
0.185,0.314
-2.112,-2.297
-2.812,-1.572
3.119,-0.989
2.927,-0.398
0.06,-0.99
-0.185,-3.04
-1.294,-3.01
1.209,-3.041
-0.958,-3.443
-1.68,-3.53
-2.957,-3.592
0.85,-3.545
0.068,-1.012
-0.012,-0.695
-0.102,-0.828
-0.066,1.0
-0.143,-0.578
-0.592,-2.308
-0.855,-2.626
-0.94,-2.476
-1.172,-2.509
-1.958,-2.29
-2.361,-2.35
-2.718,-2.502
2.799,-2.313
2.711,-2.61
2.592,-2.687
2.485,-2.708
2.419,-2.59
1.998,-2.72
1.573,-2.561
1.231,-2.747
0.978,-2.361
0.419,-2.559
0.184,-2.561
-0.904,1.739
-1.018,1.848
-1.777,1.654
2.126,1.778
1.996,1.856
1.983,1.838
1.844,1.831
1.833,1.872
0.916,1.51
-0.03,1.771
-0.3,-1.111
-0.798,-0.801
-1.51,-0.726
0.123,-0.482
0.009,-1.56
-2.002,-2.582
1.419,-2.664
-0.21,0.262
-0.164,-0.213
-0.339,1.598
-0.339,-1.065
-0.281,-1.284
-0.434,0.79
-0.595,-1.244
-0.673,0.134
-0.555,0.073
-0.721,-0.663
-0.874,0.141
-1.038,-2.075
-0.999,-0.171
-1.102,-0.002
-1.243,1.108
-1.154,0.892
-1.291,-0.966
-1.375,-0.071
-1.66,1.396
-1.681,-1.052
-1.683,-0.99
-1.596,-0.71
-1.893,-1.005
-1.99,-1.674
-1.989,-0.038
-2.163,1.389
-2.085,0.667
-2.241,1.135
-2.281,0.969
-2.301,-1.196
-2.318,-0.901
-2.254,0.209
-2.392,-1.308
-2.429,-1.507
-2.41,1.478
-2.451,1.07
-2.506,-1.24
-2.745,-0.529
-2.605,-1.04
-2.609,1.023
-2.643,-0.986
-2.65,-1.28
-2.793,0.215
-2.791,1.37
-2.745,-1.459
-2.985,-1.226
-2.896,-1.551
-3.069,0.5
-3.036,-0.157
3.117,-0.582
-3.124,-0.506
-3.124,0.365
2.982,1.552
3.081,-1.519
2.974,0.428
2.883,-0.903
2.814,1.328
2.714,-2.026
2.585,0.525
2.653,-1.471
2.581,-2.245
2.311,1.145
2.252,0.863
2.211,1.341
2.186,-0.594
2.051,1.257
1.968,0.781
1.919,-1.031
1.274,1.59
0.803,0.267
0.793,0.366
0.632,0.334
0.213,-2.221
0.227,-1.338
0.331,-0.838
0.222,-0.022
0.037,-0.099
-0.037,0.148
-0.073,-2.178
-0.096,-2.159
-0.118,-1.478
-0.148,-1.726
-0.168,-1.497
-0.099,-2.316
-0.283,-2.461
-0.305,-2.521
-0.702,-2.532
-1.513,-2.323
-1.639,-2.344
-1.834,-2.401
-2.434,-2.608
-3.056,-2.631
-3.07,-2.505
2.877,-2.675
2.938,-2.594
2.884,-2.552
2.717,-2.357
2.557,-2.695
2.023,-2.696
1.906,-2.517
1.426,-2.608
1.222,-2.4
0.379,-2.594
0.248,-2.378
0.396,-2.602
-1.914,1.667
-2.288,1.753
2.844,1.715
1.549,1.835
0.548,1.789
-0.474,-1.556
-0.872,-1.587
-2.066,0.15
-2.757,-0.431
-2.831,0.151
-2.844,-1.972
-3.058,-1.996
-1.614,-1.513
2.451,-1.292
0.577,0.632
0.311,1.19
0.271,1.065
-2.026,-1.546
-2.726,-0.821
-3.078,-0.238
3.013,0.353
0.146,-0.239
-0.099,-2.289
-1.208,-2.259
1.295,-2.29
-0.872,-2.692
-1.594,-2.779
-2.871,-2.841
0.936,-2.794
-0.08,0.317
-0.17,0.184
-0.134,2.012
-0.211,0.434
-0.66,-1.296
-0.923,-1.614
-1.008,-1.464
-1.24,-1.497
-2.026,-1.278
-2.429,-1.338
-2.786,-1.49
2.731,-1.301
2.643,-1.598
2.524,-1.675
2.417,-1.696
2.351,-1.578
1.93,-1.708
1.505,-1.549
1.163,-1.735
0.91,-1.349
0.351,-1.547
0.116,-1.549
-0.972,2.751
-1.086,2.86
-1.845,2.666
2.058,2.79
1.928,2.868
1.915,2.85
1.776,2.843
1.765,2.884
0.848,2.522
-0.098,2.783
-0.368,-0.099
-0.866,0.211
-1.578,0.286
0.055,0.53
-0.059,-0.548
-2.07,-1.57
1.351,-1.652
-0.278,1.274
-0.232,0.799
-0.407,2.61
-0.407,-0.053
-0.349,-0.272
-0.502,1.802
-0.663,-0.232
-0.741,1.146
-0.623,1.085
-0.789,0.349
-0.942,1.153
-1.106,-1.063
-1.067,0.841
-1.17,1.01
-1.311,2.12
-1.222,1.904
-1.359,0.046
-1.443,0.941
-1.728,2.408
-1.749,-0.04
-1.751,0.022
-1.664,0.302
-1.961,0.007
-2.058,-0.662
-2.057,0.974
-2.231,2.401
-2.153,1.679
-2.309,2.147
-2.349,1.981
-2.369,-0.184
-2.386,0.111
-2.322,1.221
-2.46,-0.296
-2.497,-0.495
-2.478,2.49
-2.519,2.082
-2.574,-0.228
-2.813,0.483
-2.673,-0.028
-2.677,2.035
-2.711,0.026
-2.718,-0.268
-2.861,1.227
-2.859,2.382
-2.813,-0.447
-3.053,-0.214
-2.964,-0.539
-3.137,1.512
-3.104,0.855
3.049,0.43
3.091,0.506
3.091,1.377
2.914,2.564
3.013,-0.507
2.906,1.44
2.815,0.109
2.746,2.34
2.646,-1.014
2.517,1.537
2.585,-0.459
2.513,-1.233
2.243,2.157
2.184,1.875
2.143,2.353
2.118,0.418
1.983,2.269
1.9,1.793
1.851,-0.019
1.206,2.602
0.735,1.279
0.725,1.378
0.564,1.346
0.145,-1.209
0.159,-0.326
0.263,0.174
0.154,0.99
-0.031,0.913
-0.105,1.16
-0.141,-1.166
-0.164,-1.147
-0.186,-0.466
-0.216,-0.714
-0.236,-0.485
-0.167,-1.304
-0.351,-1.449
-0.373,-1.509
-0.77,-1.52
-1.581,-1.311
-1.707,-1.332
-1.902,-1.389
-2.502,-1.596
-3.124,-1.619
-3.138,-1.493
2.809,-1.663
2.87,-1.582
2.816,-1.54
2.649,-1.345
2.489,-1.683
1.955,-1.684
1.838,-1.505
1.358,-1.596
1.154,-1.388
0.311,-1.582
0.18,-1.366
0.328,-1.59
-1.982,2.679
-2.356,2.765
2.776,2.727
1.481,2.847
0.48,2.801
-0.542,-0.544
-0.94,-0.575
-2.134,1.162
-2.825,0.581
-2.899,1.163
-2.912,-0.96
-3.126,-0.984
-1.682,-0.501
2.383,-0.28
0.509,1.644
0.243,2.202
0.203,2.077
-2.094,-0.534
-2.794,0.191
3.137,0.774
2.945,1.365
0.078,0.773
-0.167,-1.277
-1.276,-1.247
1.227,-1.278
-0.94,-1.68
-1.662,-1.767
-2.939,-1.829
0.868,-1.782
-0.09,-0.133
-0.054,1.695
-0.131,0.117
-0.58,-1.613
-0.843,-1.931
-0.928,-1.781
-1.16,-1.814
-1.946,-1.595
-2.349,-1.655
-2.706,-1.807
2.811,-1.618
2.723,-1.915
2.604,-1.992
2.497,-2.013
2.431,-1.895
2.01,-2.025
1.585,-1.866
1.243,-2.052
0.99,-1.666
0.431,-1.864
0.196,-1.866
-0.892,2.434
-1.006,2.543
-1.765,2.349
2.138,2.473
2.008,2.551
1.995,2.533
1.856,2.526
1.845,2.567
0.928,2.205
-0.018,2.466
-0.288,-0.416
-0.786,-0.106
-1.498,-0.031
0.135,0.213
0.021,-0.865
-1.99,-1.887
1.431,-1.969
-0.198,0.957
-0.152,0.482
-0.327,2.293
-0.327,-0.37
-0.269,-0.589
-0.422,1.485
-0.583,-0.549
-0.661,0.829
-0.543,0.768
-0.709,0.032
-0.862,0.836
-1.026,-1.38
-0.987,0.524
-1.09,0.693
-1.231,1.803
-1.142,1.587
-1.279,-0.271
-1.363,0.624
-1.648,2.091
-1.669,-0.357
-1.671,-0.295
-1.584,-0.015
-1.881,-0.31
-1.978,-0.979
-1.977,0.657
-2.151,2.084
-2.073,1.362
-2.229,1.83
-2.269,1.664
-2.289,-0.501
-2.306,-0.206
-2.242,0.904
-2.38,-0.613
-2.417,-0.812
-2.398,2.173
-2.439,1.765
-2.494,-0.545
-2.733,0.166
-2.593,-0.345
-2.597,1.718
-2.631,-0.291
-2.638,-0.585
-2.781,0.91
-2.779,2.065
-2.733,-0.764
-2.973,-0.531
-2.884,-0.856
-3.057,1.195
-3.024,0.538
3.129,0.113
-3.112,0.189
-3.112,1.06
2.994,2.247
3.093,-0.824
2.986,1.123
2.895,-0.208
2.826,2.023
2.726,-1.331
2.597,1.22
2.665,-0.776
2.593,-1.55
2.323,1.84
2.264,1.558
2.223,2.036
2.198,0.101
2.063,1.952
1.98,1.476
1.931,-0.336
1.286,2.285
0.815,0.962
0.805,1.061
0.644,1.029
0.225,-1.526
0.239,-0.643
0.343,-0.143
0.234,0.673
0.049,0.596
-0.025,0.843
-0.061,-1.483
-0.084,-1.464
-0.106,-0.783
-0.136,-1.031
-0.156,-0.802
-0.087,-1.621
-0.271,-1.766
-0.293,-1.826
-0.69,-1.837
-1.501,-1.628
-1.627,-1.649
-1.822,-1.706
-2.422,-1.913
-3.044,-1.936
-3.058,-1.81
2.889,-1.98
2.95,-1.899
2.896,-1.857
2.729,-1.662
2.569,-2.0
2.035,-2.001
1.918,-1.822
1.438,-1.913
1.234,-1.705
0.391,-1.899
0.26,-1.683
0.408,-1.907
-1.902,2.362
-2.276,2.448
2.856,2.41
1.561,2.53
0.56,2.484
-0.462,-0.861
-0.86,-0.892
-2.054,0.845
-2.745,0.264
-2.819,0.846
-2.832,-1.277
-3.046,-1.301
-1.602,-0.818
2.463,-0.597
0.589,1.327
0.323,1.885
0.283,1.76
-2.014,-0.851
-2.714,-0.126
-3.066,0.457
3.025,1.048
0.158,0.456
-0.087,-1.594
-1.196,-1.564
1.307,-1.595
-0.86,-1.997
-1.582,-2.084
-2.859,-2.146
0.948,-2.099
0.036,1.828
-0.041,0.25
-0.49,-1.48
-0.753,-1.798
-0.838,-1.648
-1.07,-1.681
-1.856,-1.462
-2.259,-1.522
-2.616,-1.674
2.901,-1.485
2.813,-1.782
2.694,-1.859
2.587,-1.88
2.521,-1.762
2.1,-1.892
1.675,-1.733
1.333,-1.919
1.08,-1.533
0.521,-1.731
0.286,-1.733
-0.802,2.567
-0.916,2.676
-1.675,2.482
2.228,2.606
2.098,2.684
2.085,2.666
1.946,2.659
1.935,2.7
1.018,2.338
0.072,2.599
-0.198,-0.283
-0.696,0.027
-1.408,0.102
0.225,0.346
0.111,-0.732
-1.9,-1.754
1.521,-1.836
-0.108,1.09
-0.062,0.615
-0.237,2.426
-0.237,-0.237
-0.179,-0.456
-0.332,1.618
-0.493,-0.416
-0.571,0.962
-0.453,0.901
-0.619,0.165
-0.772,0.969
-0.936,-1.247
-0.897,0.657
-1.0,0.826
-1.141,1.936
-1.052,1.72
-1.189,-0.138
-1.273,0.757
-1.558,2.224
-1.579,-0.224
-1.581,-0.162
-1.494,0.118
-1.791,-0.177
-1.888,-0.846
-1.887,0.79
-2.061,2.217
-1.983,1.495
-2.139,1.963
-2.179,1.797
-2.199,-0.368
-2.216,-0.073
-2.152,1.037
-2.29,-0.48
-2.327,-0.679
-2.308,2.306
-2.349,1.898
-2.404,-0.412
-2.643,0.299
-2.503,-0.212
-2.507,1.851
-2.541,-0.158
-2.548,-0.452
-2.691,1.043
-2.689,2.198
-2.643,-0.631
-2.883,-0.398
-2.794,-0.723
-2.967,1.328
-2.934,0.671
-3.064,0.246
-3.022,0.322
-3.022,1.193
3.084,2.38
-3.1,-0.691
3.076,1.256
2.985,-0.075
2.916,2.156
2.816,-1.198
2.687,1.353
2.755,-0.643
2.683,-1.417
2.413,1.973
2.354,1.691
2.313,2.169
2.288,0.234
2.153,2.085
2.07,1.609
2.021,-0.203
1.376,2.418
0.905,1.095
0.895,1.194
0.734,1.162
0.315,-1.393
0.329,-0.51
0.433,-0.01
0.324,0.806
0.139,0.729
0.065,0.976
0.029,-1.35
0.006,-1.331
-0.016,-0.65
-0.046,-0.898
-0.066,-0.669
0.003,-1.488
-0.181,-1.633
-0.203,-1.693
-0.6,-1.704
-1.411,-1.495
-1.537,-1.516
-1.732,-1.573
-2.332,-1.78
-2.954,-1.803
-2.968,-1.677
2.979,-1.847
3.04,-1.766
2.986,-1.724
2.819,-1.529
2.659,-1.867
2.125,-1.868
2.008,-1.689
1.528,-1.78
1.324,-1.572
0.481,-1.766
0.35,-1.55
0.498,-1.774
-1.812,2.495
-2.186,2.581
2.946,2.543
1.651,2.663
0.65,2.617
-0.372,-0.728
-0.77,-0.759
-1.964,0.978
-2.655,0.397
-2.729,0.979
-2.742,-1.144
-2.956,-1.168
-1.512,-0.685
2.553,-0.464
0.679,1.46
0.413,2.018
0.373,1.893
-1.924,-0.718
-2.624,0.007
-2.976,0.59
3.115,1.181
0.248,0.589
0.003,-1.461
-1.106,-1.431
1.397,-1.462
-0.77,-1.864
-1.492,-1.951
-2.769,-2.013
1.038,-1.966
-0.077,-1.578
-0.526,-3.308
-0.789,-3.626
-0.874,-3.476
-1.106,-3.509
-1.892,-3.29
-2.295,-3.35
-2.652,-3.502
2.865,-3.313
2.777,-3.61
2.658,-3.687
2.551,-3.708
2.485,-3.59
2.064,-3.72
1.639,-3.561
1.297,-3.747
1.044,-3.361
0.485,-3.559
0.25,-3.561
-0.838,0.739
-0.952,0.848
-1.711,0.654
2.192,0.778
2.062,0.856
2.049,0.838
1.91,0.831
1.899,0.872
0.982,0.51
0.036,0.771
-0.234,-2.111
-0.732,-1.801
-1.444,-1.726
0.189,-1.482
0.075,-2.56
-1.936,-3.582
1.485,-3.664
-0.144,-0.738
-0.098,-1.213
-0.273,0.598
-0.273,-2.065
-0.215,-2.284
-0.368,-0.21
-0.529,-2.244
-0.607,-0.866
-0.489,-0.927
-0.655,-1.663
-0.808,-0.859
-0.972,-3.075
-0.933,-1.171
-1.036,-1.002
-1.177,0.108
-1.088,-0.108
-1.225,-1.966
-1.309,-1.071
-1.594,0.396
-1.615,-2.052
-1.617,-1.99
-1.53,-1.71
-1.827,-2.005
-1.924,-2.674
-1.923,-1.038
-2.097,0.389
-2.019,-0.333
-2.175,0.135
-2.215,-0.031
-2.235,-2.196
-2.252,-1.901
-2.188,-0.791
-2.326,-2.308
-2.363,-2.507
-2.344,0.478
-2.385,0.07
-2.44,-2.24
-2.679,-1.529
-2.539,-2.04
-2.543,0.023
-2.577,-1.986
-2.584,-2.28
-2.727,-0.785
-2.725,0.37
-2.679,-2.459
-2.919,-2.226
-2.83,-2.551
-3.003,-0.5
-2.97,-1.157
-3.1,-1.582
-3.058,-1.506
-3.058,-0.635
3.048,0.552
-3.136,-2.519
3.04,-0.572
2.949,-1.903
2.88,0.328
2.78,-3.026
2.651,-0.475
2.719,-2.471
2.647,-3.245
2.377,0.145
2.318,-0.137
2.277,0.341
2.252,-1.594
2.117,0.257
2.034,-0.219
1.985,-2.031
1.34,0.59
0.869,-0.733
0.859,-0.634
0.698,-0.666
0.279,-3.221
0.293,-2.338
0.397,-1.838
0.288,-1.022
0.103,-1.099
0.029,-0.852
-0.007,-3.178
-0.03,-3.159
-0.052,-2.478
-0.082,-2.726
-0.102,-2.497
-0.033,-3.316
-0.217,-3.461
-0.239,-3.521
-0.636,-3.532
-1.447,-3.323
-1.573,-3.344
-1.768,-3.401
-2.368,-3.608
-2.99,-3.631
-3.004,-3.505
2.943,-3.675
3.004,-3.594
2.95,-3.552
2.783,-3.357
2.623,-3.695
2.089,-3.696
1.972,-3.517
1.492,-3.608
1.288,-3.4
0.445,-3.594
0.314,-3.378
0.462,-3.602
-1.848,0.667
-2.222,0.753
2.91,0.715
1.615,0.835
0.614,0.789
-0.408,-2.556
-0.806,-2.587
-2.0,-0.85
-2.691,-1.431
-2.765,-0.849
-2.778,-2.972
-2.992,-2.996
-1.548,-2.513
2.517,-2.292
0.643,-0.368
0.377,0.19
0.337,0.065
-1.96,-2.546
-2.66,-1.821
-3.012,-1.238
3.079,-0.647
0.212,-1.239
-0.033,-3.289
-1.142,-3.259
1.361,-3.29
-0.806,-3.692
-1.528,-3.779
-2.805,-3.841
1.002,-3.794
-0.449,-1.73
-0.712,-2.048
-0.797,-1.898
-1.029,-1.931
-1.815,-1.712
-2.218,-1.772
-2.575,-1.924
2.942,-1.735
2.854,-2.032
2.735,-2.109
2.628,-2.13
2.562,-2.012
2.141,-2.142
1.716,-1.983
1.374,-2.169
1.121,-1.783
0.562,-1.981
0.327,-1.983
-0.761,2.317
-0.875,2.426
-1.634,2.232
2.269,2.356
2.139,2.434
2.126,2.416
1.987,2.409
1.976,2.45
1.059,2.088
0.113,2.349
-0.157,-0.533
-0.655,-0.223
-1.367,-0.148
0.266,0.096
0.152,-0.982
-1.859,-2.004
1.562,-2.086
-0.067,0.84
-0.021,0.365
-0.196,2.176
-0.196,-0.487
-0.138,-0.706
-0.291,1.368
-0.452,-0.666
-0.53,0.712
-0.412,0.651
-0.578,-0.085
-0.731,0.719
-0.895,-1.497
-0.856,0.407
-0.959,0.576
-1.1,1.686
-1.011,1.47
-1.148,-0.388
-1.232,0.507
-1.517,1.974
-1.538,-0.474
-1.54,-0.412
-1.453,-0.132
-1.75,-0.427
-1.847,-1.096
-1.846,0.54
-2.02,1.967
-1.942,1.245
-2.098,1.713
-2.138,1.547
-2.158,-0.618
-2.175,-0.323
-2.111,0.787
-2.249,-0.73
-2.286,-0.929
-2.267,2.056
-2.308,1.648
-2.363,-0.662
-2.602,0.049
-2.462,-0.462
-2.466,1.601
-2.5,-0.408
-2.507,-0.702
-2.65,0.793
-2.648,1.948
-2.602,-0.881
-2.842,-0.648
-2.753,-0.973
-2.926,1.078
-2.893,0.421
-3.023,-0.004
-2.981,0.072
-2.981,0.943
3.125,2.13
-3.059,-0.941
3.117,1.006
3.026,-0.325
2.957,1.906
2.857,-1.448
2.728,1.103
2.796,-0.893
2.724,-1.667
2.454,1.723
2.395,1.441
2.354,1.919
2.329,-0.016
2.194,1.835
2.111,1.359
2.062,-0.453
1.417,2.168
0.946,0.845
0.936,0.944
0.775,0.912
0.356,-1.643
0.37,-0.76
0.474,-0.26
0.365,0.556
0.18,0.479
0.106,0.726
0.07,-1.6
0.047,-1.581
0.025,-0.9
-0.005,-1.148
-0.025,-0.919
0.044,-1.738
-0.14,-1.883
-0.162,-1.943
-0.559,-1.954
-1.37,-1.745
-1.496,-1.766
-1.691,-1.823
-2.291,-2.03
-2.913,-2.053
-2.927,-1.927
3.02,-2.097
3.081,-2.016
3.027,-1.974
2.86,-1.779
2.7,-2.117
2.166,-2.118
2.049,-1.939
1.569,-2.03
1.365,-1.822
0.522,-2.016
0.391,-1.8
0.539,-2.024
-1.771,2.245
-2.145,2.331
2.987,2.293
1.692,2.413
0.691,2.367
-0.331,-0.978
-0.729,-1.009
-1.923,0.728
-2.614,0.147
-2.688,0.729
-2.701,-1.394
-2.915,-1.418
-1.471,-0.935
2.594,-0.714
0.72,1.21
0.454,1.768
0.414,1.643
-1.883,-0.968
-2.583,-0.243
-2.935,0.34
-3.127,0.931
0.289,0.339
0.044,-1.711
-1.065,-1.681
1.438,-1.712
-0.729,-2.114
-1.451,-2.201
-2.728,-2.263
1.079,-2.216
-0.263,-0.318
-0.348,-0.168
-0.58,-0.201
-1.366,0.018
-1.769,-0.042
-2.126,-0.194
-2.892,-0.005
-2.98,-0.302
-3.099,-0.379
3.077,-0.4
3.011,-0.282
2.59,-0.412
2.165,-0.253
1.823,-0.439
1.57,-0.053
1.011,-0.251
0.776,-0.253
-0.312,4.047
-0.426,4.156
-1.185,3.962
2.718,4.086
2.588,4.164
2.575,4.146
2.436,4.139
2.425,4.18
1.508,3.818
0.562,4.079
0.292,1.197
-0.206,1.507
-0.918,1.582
0.715,1.826
0.601,0.748
-1.41,-0.274
2.011,-0.356
0.382,2.57
0.428,2.095
0.253,3.906
0.253,1.243
0.311,1.024
0.158,3.098
-0.003,1.064
-0.081,2.442
0.037,2.381
-0.129,1.645
-0.282,2.449
-0.446,0.233
-0.407,2.137
-0.51,2.306
-0.651,3.416
-0.562,3.2
-0.699,1.342
-0.783,2.237
-1.068,3.704
-1.089,1.256
-1.091,1.318
-1.004,1.598
-1.301,1.303
-1.398,0.634
-1.397,2.27
-1.571,3.697
-1.493,2.975
-1.649,3.443
-1.689,3.277
-1.709,1.112
-1.726,1.407
-1.662,2.517
-1.8,1.0
-1.837,0.801
-1.818,3.786
-1.859,3.378
-1.914,1.068
-2.153,1.779
-2.013,1.268
-2.017,3.331
-2.051,1.322
-2.058,1.028
-2.201,2.523
-2.199,3.678
-2.153,0.849
-2.393,1.082
-2.304,0.757
-2.477,2.808
-2.444,2.151
-2.574,1.726
-2.532,1.802
-2.532,2.673
-2.709,3.86
-2.61,0.789
-2.717,2.736
-2.808,1.405
-2.877,3.636
-2.977,0.282
-3.106,2.833
-3.038,0.837
-3.11,0.063
2.903,3.453
2.844,3.171
2.803,3.649
2.778,1.714
2.643,3.565
2.56,3.089
2.511,1.277
1.866,3.898
1.395,2.575
1.385,2.674
1.224,2.642
0.805,0.087
0.819,0.97
0.923,1.47
0.814,2.286
0.629,2.209
0.555,2.456
0.519,0.13
0.496,0.149
0.474,0.83
0.444,0.582
0.424,0.811
0.493,-0.008
0.309,-0.153
0.287,-0.213
-0.11,-0.224
-0.921,-0.015
-1.047,-0.036
-1.242,-0.093
-1.842,-0.3
-2.464,-0.323
-2.478,-0.197
-2.814,-0.367
-2.753,-0.286
-2.807,-0.244
-2.974,-0.049
-3.134,-0.387
2.615,-0.388
2.498,-0.209
2.018,-0.3
1.814,-0.092
0.971,-0.286
0.84,-0.07
0.988,-0.294
-1.322,3.975
-1.696,4.061
-2.847,4.023
2.141,4.143
1.14,4.097
0.118,0.752
-0.28,0.721
-1.474,2.458
-2.165,1.877
-2.239,2.459
-2.252,0.336
-2.466,0.312
-1.022,0.795
3.043,1.016
1.169,2.94
0.903,3.498
0.863,3.373
-1.434,0.762
-2.134,1.487
-2.486,2.07
-2.678,2.661
0.738,2.069
0.493,0.019
-0.616,0.049
1.887,0.018
-0.28,-0.384
-1.002,-0.471
-2.279,-0.533
1.528,-0.486
-0.085,0.15
-0.317,0.117
-1.103,0.336
-1.506,0.276
-1.863,0.124
-2.629,0.313
-2.717,0.016
-2.836,-0.061
-2.943,-0.082
-3.009,0.036
2.853,-0.094
2.428,0.065
2.086,-0.121
1.833,0.265
1.274,0.067
1.039,0.065
-0.049,4.365
-0.163,4.474
-0.922,4.28
2.981,4.404
2.851,4.482
2.838,4.464
2.699,4.457
2.688,4.498
1.771,4.136
0.825,4.397
0.555,1.515
0.057,1.825
-0.655,1.9
0.978,2.144
0.864,1.066
-1.147,0.044
2.274,-0.038
0.645,2.888
0.691,2.413
0.516,4.224
0.516,1.561
0.574,1.342
0.421,3.416
0.26,1.382
0.182,2.76
0.3,2.699
0.134,1.963
-0.019,2.767
-0.183,0.551
-0.144,2.455
-0.247,2.624
-0.388,3.734
-0.299,3.518
-0.436,1.66
-0.52,2.555
-0.805,4.022
-0.826,1.574
-0.828,1.636
-0.741,1.916
-1.038,1.621
-1.135,0.952
-1.134,2.588
-1.308,4.015
-1.23,3.293
-1.386,3.761
-1.426,3.595
-1.446,1.43
-1.463,1.725
-1.399,2.835
-1.537,1.318
-1.574,1.119
-1.555,4.104
-1.596,3.696
-1.651,1.386
-1.89,2.097
-1.75,1.586
-1.754,3.649
-1.788,1.64
-1.795,1.346
-1.938,2.841
-1.936,3.996
-1.89,1.167
-2.13,1.4
-2.041,1.075
-2.214,3.126
-2.181,2.469
-2.311,2.044
-2.269,2.12
-2.269,2.991
-2.446,4.178
-2.347,1.107
-2.454,3.054
-2.545,1.723
-2.614,3.954
-2.714,0.6
-2.843,3.151
-2.775,1.155
-2.847,0.381
-3.117,3.771
3.107,3.489
3.066,3.967
3.041,2.032
2.906,3.883
2.823,3.407
2.774,1.595
2.129,4.216
1.658,2.893
1.648,2.992
1.487,2.96
1.068,0.405
1.082,1.288
1.186,1.788
1.077,2.604
0.892,2.527
0.818,2.774
0.782,0.448
0.759,0.467
0.737,1.148
0.707,0.9
0.687,1.129
0.756,0.31
0.572,0.165
0.55,0.105
0.153,0.094
-0.658,0.303
-0.784,0.282
-0.979,0.225
-1.579,0.018
-2.201,-0.005
-2.215,0.121
-2.551,-0.049
-2.49,0.032
-2.544,0.074
-2.711,0.269
-2.871,-0.069
2.878,-0.07
2.761,0.109
2.281,0.018
2.077,0.226
1.234,0.032
1.103,0.248
1.251,0.024
-1.059,4.293
-1.433,4.379
-2.584,4.341
2.404,4.461
1.403,4.415
0.381,1.07
-0.017,1.039
-1.211,2.776
-1.902,2.195
-1.976,2.777
-1.989,0.654
-2.203,0.63
-0.759,1.113
-2.977,1.334
1.432,3.258
1.166,3.816
1.126,3.691
-1.171,1.08
-1.871,1.805
-2.223,2.388
-2.415,2.979
1.001,2.387
0.756,0.337
-0.353,0.367
2.15,0.336
-0.017,-0.066
-0.739,-0.153
-2.016,-0.215
1.791,-0.168
-0.232,-0.033
-1.018,0.186
-1.421,0.126
-1.778,-0.026
-2.544,0.163
-2.632,-0.134
-2.751,-0.211
-2.858,-0.232
-2.924,-0.114
2.938,-0.244
2.513,-0.085
2.171,-0.271
1.918,0.115
1.359,-0.083
1.124,-0.085
0.036,4.215
-0.078,4.324
-0.837,4.13
3.066,4.254
2.936,4.332
2.923,4.314
2.784,4.307
2.773,4.348
1.856,3.986
0.91,4.247
0.64,1.365
0.142,1.675
-0.57,1.75
1.063,1.994
0.949,0.916
-1.062,-0.106
2.359,-0.188
0.73,2.738
0.776,2.263
0.601,4.074
0.601,1.411
0.659,1.192
0.506,3.266
0.345,1.232
0.267,2.61
0.385,2.549
0.219,1.813
0.066,2.617
-0.098,0.401
-0.059,2.305
-0.162,2.474
-0.303,3.584
-0.214,3.368
-0.351,1.51
-0.435,2.405
-0.72,3.872
-0.741,1.424
-0.743,1.486
-0.656,1.766
-0.953,1.471
-1.05,0.802
-1.049,2.438
-1.223,3.865
-1.145,3.143
-1.301,3.611
-1.341,3.445
-1.361,1.28
-1.378,1.575
-1.314,2.685
-1.452,1.168
-1.489,0.969
-1.47,3.954
-1.511,3.546
-1.566,1.236
-1.805,1.947
-1.665,1.436
-1.669,3.499
-1.703,1.49
-1.71,1.196
-1.853,2.691
-1.851,3.846
-1.805,1.017
-2.045,1.25
-1.956,0.925
-2.129,2.976
-2.096,2.319
-2.226,1.894
-2.184,1.97
-2.184,2.841
-2.361,4.028
-2.262,0.957
-2.369,2.904
-2.46,1.573
-2.529,3.804
-2.629,0.45
-2.758,3.001
-2.69,1.005
-2.762,0.231
-3.032,3.621
-3.091,3.339
-3.132,3.817
3.126,1.882
2.991,3.733
2.908,3.257
2.859,1.445
2.214,4.066
1.743,2.743
1.733,2.842
1.572,2.81
1.153,0.255
1.167,1.138
1.271,1.638
1.162,2.454
0.977,2.377
0.903,2.624
0.867,0.298
0.844,0.317
0.822,0.998
0.792,0.75
0.772,0.979
0.841,0.16
0.657,0.015
0.635,-0.045
0.238,-0.056
-0.573,0.153
-0.699,0.132
-0.894,0.075
-1.494,-0.132
-2.116,-0.155
-2.13,-0.029
-2.466,-0.199
-2.405,-0.118
-2.459,-0.076
-2.626,0.119
-2.786,-0.219
2.963,-0.22
2.846,-0.041
2.366,-0.132
2.162,0.076
1.319,-0.118
1.188,0.098
1.336,-0.126
-0.974,4.143
-1.348,4.229
-2.499,4.191
2.489,4.311
1.488,4.265
0.466,0.92
0.068,0.889
-1.126,2.626
-1.817,2.045
-1.891,2.627
-1.904,0.504
-2.118,0.48
-0.674,0.963
-2.892,1.184
1.517,3.108
1.251,3.666
1.211,3.541
-1.086,0.93
-1.786,1.655
-2.138,2.238
-2.33,2.829
1.086,2.237
0.841,0.187
-0.268,0.217
2.235,0.186
0.068,-0.216
-0.654,-0.303
-1.931,-0.365
1.876,-0.318
-0.786,0.219
-1.189,0.159
-1.546,0.007
-2.312,0.196
-2.4,-0.101
-2.519,-0.178
-2.626,-0.199
-2.692,-0.081
-3.113,-0.211
2.745,-0.052
2.403,-0.238
2.15,0.148
1.591,-0.05
1.356,-0.052
0.268,4.248
0.154,4.357
-0.605,4.163
-2.985,4.287
-3.115,4.365
-3.128,4.347
3.016,4.34
3.005,4.381
2.088,4.019
1.142,4.28
0.872,1.398
0.374,1.708
-0.338,1.783
1.295,2.027
1.181,0.949
-0.83,-0.073
2.591,-0.155
0.962,2.771
1.008,2.296
0.833,4.107
0.833,1.444
0.891,1.225
0.738,3.299
0.577,1.265
0.499,2.643
0.617,2.582
0.451,1.846
0.298,2.65
0.134,0.434
0.173,2.338
0.07,2.507
-0.071,3.617
0.018,3.401
-0.119,1.543
-0.203,2.438
-0.488,3.905
-0.509,1.457
-0.511,1.519
-0.424,1.799
-0.721,1.504
-0.818,0.835
-0.817,2.471
-0.991,3.898
-0.913,3.176
-1.069,3.644
-1.109,3.478
-1.129,1.313
-1.146,1.608
-1.082,2.718
-1.22,1.201
-1.257,1.002
-1.238,3.987
-1.279,3.579
-1.334,1.269
-1.573,1.98
-1.433,1.469
-1.437,3.532
-1.471,1.523
-1.478,1.229
-1.621,2.724
-1.619,3.879
-1.573,1.05
-1.813,1.283
-1.724,0.958
-1.897,3.009
-1.864,2.352
-1.994,1.927
-1.952,2.003
-1.952,2.874
-2.129,4.061
-2.03,0.99
-2.137,2.937
-2.228,1.606
-2.297,3.837
-2.397,0.483
-2.526,3.034
-2.458,1.038
-2.53,0.264
-2.8,3.654
-2.859,3.372
-2.9,3.85
-2.925,1.915
-3.06,3.766
3.14,3.29
3.091,1.478
2.446,4.099
1.975,2.776
1.965,2.875
1.804,2.843
1.385,0.288
1.399,1.171
1.503,1.671
1.394,2.487
1.209,2.41
1.135,2.657
1.099,0.331
1.076,0.35
1.054,1.031
1.024,0.783
1.004,1.012
1.073,0.193
0.889,0.048
0.867,-0.012
0.47,-0.023
-0.341,0.186
-0.467,0.165
-0.662,0.108
-1.262,-0.099
-1.884,-0.122
-1.898,0.004
-2.234,-0.166
-2.173,-0.085
-2.227,-0.043
-2.394,0.152
-2.554,-0.186
-3.088,-0.187
3.078,-0.008
2.598,-0.099
2.394,0.109
1.551,-0.085
1.42,0.131
1.568,-0.093
-0.742,4.176
-1.116,4.262
-2.267,4.224
2.721,4.344
1.72,4.298
0.698,0.953
0.3,0.922
-0.894,2.659
-1.585,2.078
-1.659,2.66
-1.672,0.537
-1.886,0.513
-0.442,0.996
-2.66,1.217
1.749,3.141
1.483,3.699
1.443,3.574
-0.854,0.963
-1.554,1.688
-1.906,2.271
-2.098,2.862
1.318,2.27
1.073,0.22
-0.036,0.25
2.467,0.219
0.3,-0.183
-0.422,-0.27
-1.699,-0.332
2.108,-0.285
-0.403,-0.06
-0.76,-0.212
-1.526,-0.023
-1.614,-0.32
-1.733,-0.397
-1.84,-0.418
-1.906,-0.3
-2.327,-0.43
-2.752,-0.271
-3.094,-0.457
2.936,-0.071
2.377,-0.269
2.142,-0.271
1.054,4.029
0.94,4.138
0.181,3.944
-2.199,4.068
-2.329,4.146
-2.342,4.128
-2.481,4.121
-2.492,4.162
2.874,3.8
1.928,4.061
1.658,1.179
1.16,1.489
0.448,1.564
2.081,1.808
1.967,0.73
-0.044,-0.292
-2.906,-0.374
1.748,2.552
1.794,2.077
1.619,3.888
1.619,1.225
1.677,1.006
1.524,3.08
1.363,1.046
1.285,2.424
1.403,2.363
1.237,1.627
1.084,2.431
0.92,0.215
0.959,2.119
0.856,2.288
0.715,3.398
0.804,3.182
0.667,1.324
0.583,2.219
0.298,3.686
0.277,1.238
0.275,1.3
0.362,1.58
0.065,1.285
-0.032,0.616
-0.031,2.252
-0.205,3.679
-0.127,2.957
-0.283,3.425
-0.323,3.259
-0.343,1.094
-0.36,1.389
-0.296,2.499
-0.434,0.982
-0.471,0.783
-0.452,3.768
-0.493,3.36
-0.548,1.05
-0.787,1.761
-0.647,1.25
-0.651,3.313
-0.685,1.304
-0.692,1.01
-0.835,2.505
-0.833,3.66
-0.787,0.831
-1.027,1.064
-0.938,0.739
-1.111,2.79
-1.078,2.133
-1.208,1.708
-1.166,1.784
-1.166,2.655
-1.343,3.842
-1.244,0.771
-1.351,2.718
-1.442,1.387
-1.511,3.618
-1.611,0.264
-1.74,2.815
-1.672,0.819
-1.744,0.045
-2.014,3.435
-2.073,3.153
-2.114,3.631
-2.139,1.696
-2.274,3.547
-2.357,3.071
-2.406,1.259
-3.051,3.88
2.761,2.557
2.751,2.656
2.59,2.624
2.171,0.069
2.185,0.952
2.289,1.452
2.18,2.268
1.995,2.191
1.921,2.438
1.885,0.112
1.862,0.131
1.84,0.812
1.81,0.564
1.79,0.793
1.859,-0.026
1.675,-0.171
1.653,-0.231
1.256,-0.242
0.445,-0.033
0.319,-0.054
0.124,-0.111
-0.476,-0.318
-1.098,-0.341
-1.112,-0.215
-1.448,-0.385
-1.387,-0.304
-1.441,-0.262
-1.608,-0.067
-1.768,-0.405
-2.302,-0.406
-2.419,-0.227
-2.899,-0.318
-3.103,-0.11
2.337,-0.304
2.206,-0.088
2.354,-0.312
0.044,3.957
-0.33,4.043
-1.481,4.005
-2.776,4.125
2.506,4.079
1.484,0.734
1.086,0.703
-0.108,2.44
-0.799,1.859
-0.873,2.441
-0.886,0.318
-1.1,0.294
0.344,0.777
-1.874,0.998
2.535,2.922
2.269,3.48
2.229,3.355
-0.068,0.744
-0.768,1.469
-1.12,2.052
-1.312,2.643
2.104,2.051
1.859,0.001
0.75,0.031
-3.03,0.0
1.086,-0.402
0.364,-0.489
-0.913,-0.551
2.894,-0.504
-0.357,-0.152
-1.123,0.037
-1.211,-0.26
-1.33,-0.337
-1.437,-0.358
-1.503,-0.24
-1.924,-0.37
-2.349,-0.211
-2.691,-0.397
-2.944,-0.011
2.78,-0.209
2.545,-0.211
1.457,4.089
1.343,4.198
0.584,4.004
-1.796,4.128
-1.926,4.206
-1.939,4.188
-2.078,4.181
-2.089,4.222
-3.006,3.86
2.331,4.121
2.061,1.239
1.563,1.549
0.851,1.624
2.484,1.868
2.37,0.79
0.359,-0.232
-2.503,-0.314
2.151,2.612
2.197,2.137
2.022,3.948
2.022,1.285
2.08,1.066
1.927,3.14
1.766,1.106
1.688,2.484
1.806,2.423
1.64,1.687
1.487,2.491
1.323,0.275
1.362,2.179
1.259,2.348
1.118,3.458
1.207,3.242
1.07,1.384
0.986,2.279
0.701,3.746
0.68,1.298
0.678,1.36
0.765,1.64
0.468,1.345
0.371,0.676
0.372,2.312
0.198,3.739
0.276,3.017
0.12,3.485
0.08,3.319
0.06,1.154
0.043,1.449
0.107,2.559
-0.031,1.042
-0.068,0.843
-0.049,3.828
-0.09,3.42
-0.145,1.11
-0.384,1.821
-0.244,1.31
-0.248,3.373
-0.282,1.364
-0.289,1.07
-0.432,2.565
-0.43,3.72
-0.384,0.891
-0.624,1.124
-0.535,0.799
-0.708,2.85
-0.675,2.193
-0.805,1.768
-0.763,1.844
-0.763,2.715
-0.94,3.902
-0.841,0.831
-0.948,2.778
-1.039,1.447
-1.108,3.678
-1.208,0.324
-1.337,2.875
-1.269,0.879
-1.341,0.105
-1.611,3.495
-1.67,3.213
-1.711,3.691
-1.736,1.756
-1.871,3.607
-1.954,3.131
-2.003,1.319
-2.648,3.94
-3.119,2.617
-3.129,2.716
2.993,2.684
2.574,0.129
2.588,1.012
2.692,1.512
2.583,2.328
2.398,2.251
2.324,2.498
2.288,0.172
2.265,0.191
2.243,0.872
2.213,0.624
2.193,0.853
2.262,0.034
2.078,-0.111
2.056,-0.171
1.659,-0.182
0.848,0.027
0.722,0.006
0.527,-0.051
-0.073,-0.258
-0.695,-0.281
-0.709,-0.155
-1.045,-0.325
-0.984,-0.244
-1.038,-0.202
-1.205,-0.007
-1.365,-0.345
-1.899,-0.346
-2.016,-0.167
-2.496,-0.258
-2.7,-0.05
2.74,-0.244
2.609,-0.028
2.757,-0.252
0.447,4.017
0.073,4.103
-1.078,4.065
-2.373,4.185
2.909,4.139
1.887,0.794
1.489,0.763
0.295,2.5
-0.396,1.919
-0.47,2.501
-0.483,0.378
-0.697,0.354
0.747,0.837
-1.471,1.058
2.938,2.982
2.672,3.54
2.632,3.415
0.335,0.804
-0.365,1.529
-0.717,2.112
-0.909,2.703
2.507,2.111
2.262,0.061
1.153,0.091
-2.627,0.06
1.489,-0.342
0.767,-0.429
-0.51,-0.491
-2.986,-0.444
-0.766,0.189
-0.854,-0.108
-0.973,-0.185
-1.08,-0.206
-1.146,-0.088
-1.567,-0.218
-1.992,-0.059
-2.334,-0.245
-2.587,0.141
3.137,-0.057
2.902,-0.059
1.814,4.241
1.7,4.35
0.941,4.156
-1.439,4.28
-1.569,4.358
-1.582,4.34
-1.721,4.333
-1.732,4.374
-2.649,4.012
2.688,4.273
2.418,1.391
1.92,1.701
1.208,1.776
2.841,2.02
2.727,0.942
0.716,-0.08
-2.146,-0.162
2.508,2.764
2.554,2.289
2.379,4.1
2.379,1.437
2.437,1.218
2.284,3.292
2.123,1.258
2.045,2.636
2.163,2.575
1.997,1.839
1.844,2.643
1.68,0.427
1.719,2.331
1.616,2.5
1.475,3.61
1.564,3.394
1.427,1.536
1.343,2.431
1.058,3.898
1.037,1.45
1.035,1.512
1.122,1.792
0.825,1.497
0.728,0.828
0.729,2.464
0.555,3.891
0.633,3.169
0.477,3.637
0.437,3.471
0.417,1.306
0.4,1.601
0.464,2.711
0.326,1.194
0.289,0.995
0.308,3.98
0.267,3.572
0.212,1.262
-0.027,1.973
0.113,1.462
0.109,3.525
0.075,1.516
0.068,1.222
-0.075,2.717
-0.073,3.872
-0.027,1.043
-0.267,1.276
-0.178,0.951
-0.351,3.002
-0.318,2.345
-0.448,1.92
-0.406,1.996
-0.406,2.867
-0.583,4.054
-0.484,0.983
-0.591,2.93
-0.682,1.599
-0.751,3.83
-0.851,0.476
-0.98,3.027
-0.912,1.031
-0.984,0.257
-1.254,3.647
-1.313,3.365
-1.354,3.843
-1.379,1.908
-1.514,3.759
-1.597,3.283
-1.646,1.471
-2.291,4.092
-2.762,2.769
-2.772,2.868
-2.933,2.836
2.931,0.281
2.945,1.164
3.049,1.664
2.94,2.48
2.755,2.403
2.681,2.65
2.645,0.324
2.622,0.343
2.6,1.024
2.57,0.776
2.55,1.005
2.619,0.186
2.435,0.041
2.413,-0.019
2.016,-0.03
1.205,0.179
1.079,0.158
0.884,0.101
0.284,-0.106
-0.338,-0.129
-0.352,-0.003
-0.688,-0.173
-0.627,-0.092
-0.681,-0.05
-0.848,0.145
-1.008,-0.193
-1.542,-0.194
-1.659,-0.015
-2.139,-0.106
-2.343,0.102
3.097,-0.092
2.966,0.124
3.114,-0.1
0.804,4.169
0.43,4.255
-0.721,4.217
-2.016,4.337
-3.017,4.291
2.244,0.946
1.846,0.915
0.652,2.652
-0.039,2.071
-0.113,2.653
-0.126,0.53
-0.34,0.506
1.104,0.989
-1.114,1.21
-2.988,3.134
3.029,3.692
2.989,3.567
0.692,0.956
-0.008,1.681
-0.36,2.264
-0.552,2.855
2.864,2.263
2.619,0.213
1.51,0.243
-2.27,0.212
1.846,-0.19
1.124,-0.277
-0.153,-0.339
-2.629,-0.292
-0.088,-0.297
-0.207,-0.374
-0.314,-0.395
-0.38,-0.277
-0.801,-0.407
-1.226,-0.248
-1.568,-0.434
-1.821,-0.048
-2.38,-0.246
-2.615,-0.248
2.58,4.052
2.466,4.161
1.707,3.967
-0.673,4.091
-0.803,4.169
-0.816,4.151
-0.955,4.144
-0.966,4.185
-1.883,3.823
-2.829,4.084
-3.099,1.202
2.686,1.512
1.974,1.587
-2.676,1.831
-2.79,0.753
1.482,-0.269
-1.38,-0.351
-3.009,2.575
-2.963,2.1
-3.138,3.911
-3.138,1.248
-3.08,1.029
3.05,3.103
2.889,1.069
2.811,2.447
2.929,2.386
2.763,1.65
2.61,2.454
2.446,0.238
2.485,2.142
2.382,2.311
2.241,3.421
2.33,3.205
2.193,1.347
2.109,2.242
1.824,3.709
1.803,1.261
1.801,1.323
1.888,1.603
1.591,1.308
1.494,0.639
1.495,2.275
1.321,3.702
1.399,2.98
1.243,3.448
1.203,3.282
1.183,1.117
1.166,1.412
1.23,2.522
1.092,1.005
1.055,0.806
1.074,3.791
1.033,3.383
0.978,1.073
0.739,1.784
0.879,1.273
0.875,3.336
0.841,1.327
0.834,1.033
0.691,2.528
0.693,3.683
0.739,0.854
0.499,1.087
0.588,0.762
0.415,2.813
0.448,2.156
0.318,1.731
0.36,1.807
0.36,2.678
0.183,3.865
0.282,0.794
0.175,2.741
0.084,1.41
0.015,3.641
-0.085,0.287
-0.214,2.838
-0.146,0.842
-0.218,0.068
-0.488,3.458
-0.547,3.176
-0.588,3.654
-0.613,1.719
-0.748,3.57
-0.831,3.094
-0.88,1.282
-1.525,3.903
-1.996,2.58
-2.006,2.679
-2.167,2.647
-2.586,0.092
-2.572,0.975
-2.468,1.475
-2.577,2.291
-2.762,2.214
-2.836,2.461
-2.872,0.135
-2.895,0.154
-2.917,0.835
-2.947,0.587
-2.967,0.816
-2.898,-0.003
-3.082,-0.148
-3.104,-0.208
2.782,-0.219
1.971,-0.01
1.845,-0.031
1.65,-0.088
1.05,-0.295
0.428,-0.318
0.414,-0.192
0.078,-0.362
0.139,-0.281
0.085,-0.239
-0.082,-0.044
-0.242,-0.382
-0.776,-0.383
-0.893,-0.204
-1.373,-0.295
-1.577,-0.087
-2.42,-0.281
-2.551,-0.065
-2.403,-0.289
1.57,3.98
1.196,4.066
0.045,4.028
-1.25,4.148
-2.251,4.102
3.01,0.757
2.612,0.726
1.418,2.463
0.727,1.882
0.653,2.464
0.64,0.341
0.426,0.317
1.87,0.8
-0.348,1.021
-2.222,2.945
-2.488,3.503
-2.528,3.378
1.458,0.767
0.758,1.492
0.406,2.075
0.214,2.666
-2.653,2.074
-2.898,0.024
2.276,0.054
-1.504,0.023
2.612,-0.379
1.89,-0.466
0.613,-0.528
-1.863,-0.481
-0.119,-0.077
-0.226,-0.098
-0.292,0.02
-0.713,-0.11
-1.138,0.049
-1.48,-0.137
-1.733,0.249
-2.292,0.051
-2.527,0.049
2.668,4.349
2.554,4.458
1.795,4.264
-0.585,4.388
-0.715,4.466
-0.728,4.448
-0.867,4.441
-0.878,4.482
-1.795,4.12
-2.741,4.381
-3.011,1.499
2.774,1.809
2.062,1.884
-2.588,2.128
-2.702,1.05
1.57,0.028
-1.292,-0.054
-2.921,2.872
-2.875,2.397
-3.05,4.208
-3.05,1.545
-2.992,1.326
3.138,3.4
2.977,1.366
2.899,2.744
3.017,2.683
2.851,1.947
2.698,2.751
2.534,0.535
2.573,2.439
2.47,2.608
2.329,3.718
2.418,3.502
2.281,1.644
2.197,2.539
1.912,4.006
1.891,1.558
1.889,1.62
1.976,1.9
1.679,1.605
1.582,0.936
1.583,2.572
1.409,3.999
1.487,3.277
1.331,3.745
1.291,3.579
1.271,1.414
1.254,1.709
1.318,2.819
1.18,1.302
1.143,1.103
1.162,4.088
1.121,3.68
1.066,1.37
0.827,2.081
0.967,1.57
0.963,3.633
0.929,1.624
0.922,1.33
0.779,2.825
0.781,3.98
0.827,1.151
0.587,1.384
0.676,1.059
0.503,3.11
0.536,2.453
0.406,2.028
0.448,2.104
0.448,2.975
0.271,4.162
0.37,1.091
0.263,3.038
0.172,1.707
0.103,3.938
0.003,0.584
-0.126,3.135
-0.058,1.139
-0.13,0.365
-0.4,3.755
-0.459,3.473
-0.5,3.951
-0.525,2.016
-0.66,3.867
-0.743,3.391
-0.792,1.579
-1.437,4.2
-1.908,2.877
-1.918,2.976
-2.079,2.944
-2.498,0.389
-2.484,1.272
-2.38,1.772
-2.489,2.588
-2.674,2.511
-2.748,2.758
-2.784,0.432
-2.807,0.451
-2.829,1.132
-2.859,0.884
-2.879,1.113
-2.81,0.294
-2.994,0.149
-3.016,0.089
2.87,0.078
2.059,0.287
1.933,0.266
1.738,0.209
1.138,0.002
0.516,-0.021
0.502,0.105
0.166,-0.065
0.227,0.016
0.173,0.058
0.006,0.253
-0.154,-0.085
-0.688,-0.086
-0.805,0.093
-1.285,0.002
-1.489,0.21
-2.332,0.016
-2.463,0.232
-2.315,0.008
1.658,4.277
1.284,4.363
0.133,4.325
-1.162,4.445
-2.163,4.399
3.098,1.054
2.7,1.023
1.506,2.76
0.815,2.179
0.741,2.761
0.728,0.638
0.514,0.614
1.958,1.097
-0.26,1.318
-2.134,3.242
-2.4,3.8
-2.44,3.675
1.546,1.064
0.846,1.789
0.494,2.372
0.302,2.963
-2.565,2.371
-2.81,0.321
2.364,0.351
-1.416,0.32
2.7,-0.082
1.978,-0.169
0.701,-0.231
-1.775,-0.184
-0.107,-0.021
-0.173,0.097
-0.594,-0.033
-1.019,0.126
-1.361,-0.06
-1.614,0.326
-2.173,0.128
-2.408,0.126
2.787,4.426
2.673,4.535
1.914,4.341
-0.466,4.465
-0.596,4.543
-0.609,4.525
-0.748,4.518
-0.759,4.559
-1.676,4.197
-2.622,4.458
-2.892,1.576
2.893,1.886
2.181,1.961
-2.469,2.205
-2.583,1.127
1.689,0.105
-1.173,0.023
-2.802,2.949
-2.756,2.474
-2.931,4.285
-2.931,1.622
-2.873,1.403
-3.026,3.477
3.096,1.443
3.018,2.821
3.136,2.76
2.97,2.024
2.817,2.828
2.653,0.612
2.692,2.516
2.589,2.685
2.448,3.795
2.537,3.579
2.4,1.721
2.316,2.616
2.031,4.083
2.01,1.635
2.008,1.697
2.095,1.977
1.798,1.682
1.701,1.013
1.702,2.649
1.528,4.076
1.606,3.354
1.45,3.822
1.41,3.656
1.39,1.491
1.373,1.786
1.437,2.896
1.299,1.379
1.262,1.18
1.281,4.165
1.24,3.757
1.185,1.447
0.946,2.158
1.086,1.647
1.082,3.71
1.048,1.701
1.041,1.407
0.898,2.902
0.9,4.057
0.946,1.228
0.706,1.461
0.795,1.136
0.622,3.187
0.655,2.53
0.525,2.105
0.567,2.181
0.567,3.052
0.39,4.239
0.489,1.168
0.382,3.115
0.291,1.784
0.222,4.015
0.122,0.661
-0.007,3.212
0.061,1.216
-0.011,0.442
-0.281,3.832
-0.34,3.55
-0.381,4.028
-0.406,2.093
-0.541,3.944
-0.624,3.468
-0.673,1.656
-1.318,4.277
-1.789,2.954
-1.799,3.053
-1.96,3.021
-2.379,0.466
-2.365,1.349
-2.261,1.849
-2.37,2.665
-2.555,2.588
-2.629,2.835
-2.665,0.509
-2.688,0.528
-2.71,1.209
-2.74,0.961
-2.76,1.19
-2.691,0.371
-2.875,0.226
-2.897,0.166
2.989,0.155
2.178,0.364
2.052,0.343
1.857,0.286
1.257,0.079
0.635,0.056
0.621,0.182
0.285,0.012
0.346,0.093
0.292,0.135
0.125,0.33
-0.035,-0.008
-0.569,-0.009
-0.686,0.17
-1.166,0.079
-1.37,0.287
-2.213,0.093
-2.344,0.309
-2.196,0.085
1.777,4.354
1.403,4.44
0.252,4.402
-1.043,4.522
-2.044,4.476
-3.066,1.131
2.819,1.1
1.625,2.837
0.934,2.256
0.86,2.838
0.847,0.715
0.633,0.691
2.077,1.174
-0.141,1.395
-2.015,3.319
-2.281,3.877
-2.321,3.752
1.665,1.141
0.965,1.866
0.613,2.449
0.421,3.04
-2.446,2.448
-2.691,0.398
2.483,0.428
-1.297,0.397
2.819,-0.005
2.097,-0.092
0.82,-0.154
-1.656,-0.107
-0.066,0.118
-0.487,-0.012
-0.912,0.147
-1.254,-0.039
-1.507,0.347
-2.066,0.149
-2.301,0.147
2.894,4.447
2.78,4.556
2.021,4.362
-0.359,4.486
-0.489,4.564
-0.502,4.546
-0.641,4.539
-0.652,4.58
-1.569,4.218
-2.515,4.479
-2.785,1.597
3.0,1.907
2.288,1.982
-2.362,2.226
-2.476,1.148
1.796,0.126
-1.066,0.044
-2.695,2.97
-2.649,2.495
-2.824,4.306
-2.824,1.643
-2.766,1.424
-2.919,3.498
-3.08,1.464
3.125,2.842
-3.04,2.781
3.077,2.045
2.924,2.849
2.76,0.633
2.799,2.537
2.696,2.706
2.555,3.816
2.644,3.6
2.507,1.742
2.423,2.637
2.138,4.104
2.117,1.656
2.115,1.718
2.202,1.998
1.905,1.703
1.808,1.034
1.809,2.67
1.635,4.097
1.713,3.375
1.557,3.843
1.517,3.677
1.497,1.512
1.48,1.807
1.544,2.917
1.406,1.4
1.369,1.201
1.388,4.186
1.347,3.778
1.292,1.468
1.053,2.179
1.193,1.668
1.189,3.731
1.155,1.722
1.148,1.428
1.005,2.923
1.007,4.078
1.053,1.249
0.813,1.482
0.902,1.157
0.729,3.208
0.762,2.551
0.632,2.126
0.674,2.202
0.674,3.073
0.497,4.26
0.596,1.189
0.489,3.136
0.398,1.805
0.329,4.036
0.229,0.682
0.1,3.233
0.168,1.237
0.096,0.463
-0.174,3.853
-0.233,3.571
-0.274,4.049
-0.299,2.114
-0.434,3.965
-0.517,3.489
-0.566,1.677
-1.211,4.298
-1.682,2.975
-1.692,3.074
-1.853,3.042
-2.272,0.487
-2.258,1.37
-2.154,1.87
-2.263,2.686
-2.448,2.609
-2.522,2.856
-2.558,0.53
-2.581,0.549
-2.603,1.23
-2.633,0.982
-2.653,1.211
-2.584,0.392
-2.768,0.247
-2.79,0.187
3.096,0.176
2.285,0.385
2.159,0.364
1.964,0.307
1.364,0.1
0.742,0.077
0.728,0.203
0.392,0.033
0.453,0.114
0.399,0.156
0.232,0.351
0.072,0.013
-0.462,0.012
-0.579,0.191
-1.059,0.1
-1.263,0.308
-2.106,0.114
-2.237,0.33
-2.089,0.106
1.884,4.375
1.51,4.461
0.359,4.423
-0.936,4.543
-1.937,4.497
-2.959,1.152
2.926,1.121
1.732,2.858
1.041,2.277
0.967,2.859
0.954,0.736
0.74,0.712
2.184,1.195
-0.034,1.416
-1.908,3.34
-2.174,3.898
-2.214,3.773
1.772,1.162
1.072,1.887
0.72,2.47
0.528,3.061
-2.339,2.469
-2.584,0.419
2.59,0.449
-1.19,0.418
2.926,0.016
2.204,-0.071
0.927,-0.133
-1.549,-0.086
-0.421,-0.13
-0.846,0.029
-1.188,-0.157
-1.441,0.229
-2.0,0.031
-2.235,0.029
2.96,4.329
2.846,4.438
2.087,4.244
-0.293,4.368
-0.423,4.446
-0.436,4.428
-0.575,4.421
-0.586,4.462
-1.503,4.1
-2.449,4.361
-2.719,1.479
3.066,1.789
2.354,1.864
-2.296,2.108
-2.41,1.03
1.862,0.008
-1.0,-0.074
-2.629,2.852
-2.583,2.377
-2.758,4.188
-2.758,1.525
-2.7,1.306
-2.853,3.38
-3.014,1.346
-3.092,2.724
-2.974,2.663
-3.14,1.927
2.99,2.731
2.826,0.515
2.865,2.419
2.762,2.588
2.621,3.698
2.71,3.482
2.573,1.624
2.489,2.519
2.204,3.986
2.183,1.538
2.181,1.6
2.268,1.88
1.971,1.585
1.874,0.916
1.875,2.552
1.701,3.979
1.779,3.257
1.623,3.725
1.583,3.559
1.563,1.394
1.546,1.689
1.61,2.799
1.472,1.282
1.435,1.083
1.454,4.068
1.413,3.66
1.358,1.35
1.119,2.061
1.259,1.55
1.255,3.613
1.221,1.604
1.214,1.31
1.071,2.805
1.073,3.96
1.119,1.131
0.879,1.364
0.968,1.039
0.795,3.09
0.828,2.433
0.698,2.008
0.74,2.084
0.74,2.955
0.563,4.142
0.662,1.071
0.555,3.018
0.464,1.687
0.395,3.918
0.295,0.564
0.166,3.115
0.234,1.119
0.162,0.345
-0.108,3.735
-0.167,3.453
-0.208,3.931
-0.233,1.996
-0.368,3.847
-0.451,3.371
-0.5,1.559
-1.145,4.18
-1.616,2.857
-1.626,2.956
-1.787,2.924
-2.206,0.369
-2.192,1.252
-2.088,1.752
-2.197,2.568
-2.382,2.491
-2.456,2.738
-2.492,0.412
-2.515,0.431
-2.537,1.112
-2.567,0.864
-2.587,1.093
-2.518,0.274
-2.702,0.129
-2.724,0.069
-3.121,0.058
2.351,0.267
2.225,0.246
2.03,0.189
1.43,-0.018
0.808,-0.041
0.794,0.085
0.458,-0.085
0.519,-0.004
0.465,0.038
0.298,0.233
0.138,-0.105
-0.396,-0.106
-0.513,0.073
-0.993,-0.018
-1.197,0.19
-2.04,-0.004
-2.171,0.212
-2.023,-0.012
1.95,4.257
1.576,4.343
0.425,4.305
-0.87,4.425
-1.871,4.379
-2.893,1.034
2.992,1.003
1.798,2.74
1.107,2.159
1.033,2.741
1.02,0.618
0.806,0.594
2.25,1.077
0.032,1.298
-1.842,3.222
-2.108,3.78
-2.148,3.655
1.838,1.044
1.138,1.769
0.786,2.352
0.594,2.943
-2.273,2.351
-2.518,0.301
2.656,0.331
-1.124,0.3
2.992,-0.102
2.27,-0.189
0.993,-0.251
-1.483,-0.204
-0.425,0.159
-0.767,-0.027
-1.02,0.359
-1.579,0.161
-1.814,0.159
-2.902,4.459
-3.016,4.568
2.508,4.374
0.128,4.498
-0.002,4.576
-0.015,4.558
-0.154,4.551
-0.165,4.592
-1.082,4.23
-2.028,4.491
-2.298,1.609
-2.796,1.919
2.775,1.994
-1.875,2.238
-1.989,1.16
2.283,0.138
-0.579,0.056
-2.208,2.982
-2.162,2.507
-2.337,4.318
-2.337,1.655
-2.279,1.436
-2.432,3.51
-2.593,1.476
-2.671,2.854
-2.553,2.793
-2.719,2.057
-2.872,2.861
-3.036,0.645
-2.997,2.549
-3.1,2.718
3.042,3.828
3.131,3.612
2.994,1.754
2.91,2.649
2.625,4.116
2.604,1.668
2.602,1.73
2.689,2.01
2.392,1.715
2.295,1.046
2.296,2.682
2.122,4.109
2.2,3.387
2.044,3.855
2.004,3.689
1.984,1.524
1.967,1.819
2.031,2.929
1.893,1.412
1.856,1.213
1.875,4.198
1.834,3.79
1.779,1.48
1.54,2.191
1.68,1.68
1.676,3.743
1.642,1.734
1.635,1.44
1.492,2.935
1.494,4.09
1.54,1.261
1.3,1.494
1.389,1.169
1.216,3.22
1.249,2.563
1.119,2.138
1.161,2.214
1.161,3.085
0.984,4.272
1.083,1.201
0.976,3.148
0.885,1.817
0.816,4.048
0.716,0.694
0.587,3.245
0.655,1.249
0.583,0.475
0.313,3.865
0.254,3.583
0.213,4.061
0.188,2.126
0.053,3.977
-0.03,3.501
-0.079,1.689
-0.724,4.31
-1.195,2.987
-1.205,3.086
-1.366,3.054
-1.785,0.499
-1.771,1.382
-1.667,1.882
-1.776,2.698
-1.961,2.621
-2.035,2.868
-2.071,0.542
-2.094,0.561
-2.116,1.242
-2.146,0.994
-2.166,1.223
-2.097,0.404
-2.281,0.259
-2.303,0.199
-2.7,0.188
2.772,0.397
2.646,0.376
2.451,0.319
1.851,0.112
1.229,0.089
1.215,0.215
0.879,0.045
0.94,0.126
0.886,0.168
0.719,0.363
0.559,0.025
0.025,0.024
-0.092,0.203
-0.572,0.112
-0.776,0.32
-1.619,0.126
-1.75,0.342
-1.602,0.118
2.371,4.387
1.997,4.473
0.846,4.435
-0.449,4.555
-1.45,4.509
-2.472,1.164
-2.87,1.133
2.219,2.87
1.528,2.289
1.454,2.871
1.441,0.748
1.227,0.724
2.671,1.207
0.453,1.428
-1.421,3.352
-1.687,3.91
-1.727,3.785
2.259,1.174
1.559,1.899
1.207,2.482
1.015,3.073
-1.852,2.481
-2.097,0.431
3.077,0.461
-0.703,0.43
-2.87,0.028
2.691,-0.059
1.414,-0.121
-1.062,-0.074
-0.342,-0.186
-0.595,0.2
-1.154,0.002
-1.389,0.0
-2.477,4.3
-2.591,4.409
2.933,4.215
0.553,4.339
0.423,4.417
0.41,4.399
0.271,4.392
0.26,4.433
-0.657,4.071
-1.603,4.332
-1.873,1.45
-2.371,1.76
-3.083,1.835
-1.45,2.079
-1.564,1.001
2.708,-0.021
-0.154,-0.103
-1.783,2.823
-1.737,2.348
-1.912,4.159
-1.912,1.496
-1.854,1.277
-2.007,3.351
-2.168,1.317
-2.246,2.695
-2.128,2.634
-2.294,1.898
-2.447,2.702
-2.611,0.486
-2.572,2.39
-2.675,2.559
-2.816,3.669
-2.727,3.453
-2.864,1.595
-2.948,2.49
3.05,3.957
3.029,1.509
3.027,1.571
3.114,1.851
2.817,1.556
2.72,0.887
2.721,2.523
2.547,3.95
2.625,3.228
2.469,3.696
2.429,3.53
2.409,1.365
2.392,1.66
2.456,2.77
2.318,1.253
2.281,1.054
2.3,4.039
2.259,3.631
2.204,1.321
1.965,2.032
2.105,1.521
2.101,3.584
2.067,1.575
2.06,1.281
1.917,2.776
1.919,3.931
1.965,1.102
1.725,1.335
1.814,1.01
1.641,3.061
1.674,2.404
1.544,1.979
1.586,2.055
1.586,2.926
1.409,4.113
1.508,1.042
1.401,2.989
1.31,1.658
1.241,3.889
1.141,0.535
1.012,3.086
1.08,1.09
1.008,0.316
0.738,3.706
0.679,3.424
0.638,3.902
0.613,1.967
0.478,3.818
0.395,3.342
0.346,1.53
-0.299,4.151
-0.77,2.828
-0.78,2.927
-0.941,2.895
-1.36,0.34
-1.346,1.223
-1.242,1.723
-1.351,2.539
-1.536,2.462
-1.61,2.709
-1.646,0.383
-1.669,0.402
-1.691,1.083
-1.721,0.835
-1.741,1.064
-1.672,0.245
-1.856,0.1
-1.878,0.04
-2.275,0.029
-3.086,0.238
3.071,0.217
2.876,0.16
2.276,-0.047
1.654,-0.07
1.64,0.056
1.304,-0.114
1.365,-0.033
1.311,0.009
1.144,0.204
0.984,-0.134
0.45,-0.135
0.333,0.044
-0.147,-0.047
-0.351,0.161
-1.194,-0.033
-1.325,0.183
-1.177,-0.041
2.796,4.228
2.422,4.314
1.271,4.276
-0.024,4.396
-1.025,4.35
-2.047,1.005
-2.445,0.974
2.644,2.711
1.953,2.13
1.879,2.712
1.866,0.589
1.652,0.565
3.096,1.048
0.878,1.269
-0.996,3.193
-1.262,3.751
-1.302,3.626
2.684,1.015
1.984,1.74
1.632,2.323
1.44,2.914
-1.427,2.322
-1.672,0.272
-2.781,0.302
-0.278,0.271
-2.445,-0.131
3.116,-0.218
1.839,-0.28
-0.637,-0.233
-0.253,0.386
-0.812,0.188
-1.047,0.186
-2.135,4.486
-2.249,4.595
-3.008,4.401
0.895,4.525
0.765,4.603
0.752,4.585
0.613,4.578
0.602,4.619
-0.315,4.257
-1.261,4.518
-1.531,1.636
-2.029,1.946
-2.741,2.021
-1.108,2.265
-1.222,1.187
3.05,0.165
0.188,0.083
-1.441,3.009
-1.395,2.534
-1.57,4.345
-1.57,1.682
-1.512,1.463
-1.665,3.537
-1.826,1.503
-1.904,2.881
-1.786,2.82
-1.952,2.084
-2.105,2.888
-2.269,0.672
-2.23,2.576
-2.333,2.745
-2.474,3.855
-2.385,3.639
-2.522,1.781
-2.606,2.676
-2.891,4.143
-2.912,1.695
-2.914,1.757
-2.827,2.037
-3.124,1.742
3.062,1.073
3.063,2.709
2.889,4.136
2.967,3.414
2.811,3.882
2.771,3.716
2.751,1.551
2.734,1.846
2.798,2.956
2.66,1.439
2.623,1.24
2.642,4.225
2.601,3.817
2.546,1.507
2.307,2.218
2.447,1.707
2.443,3.77
2.409,1.761
2.402,1.467
2.259,2.962
2.261,4.117
2.307,1.288
2.067,1.521
2.156,1.196
1.983,3.247
2.016,2.59
1.886,2.165
1.928,2.241
1.928,3.112
1.751,4.299
1.85,1.228
1.743,3.175
1.652,1.844
1.583,4.075
1.483,0.721
1.354,3.272
1.422,1.276
1.35,0.502
1.08,3.892
1.021,3.61
0.98,4.088
0.955,2.153
0.82,4.004
0.737,3.528
0.688,1.716
0.043,4.337
-0.428,3.014
-0.438,3.113
-0.599,3.081
-1.018,0.526
-1.004,1.409
-0.9,1.909
-1.009,2.725
-1.194,2.648
-1.268,2.895
-1.304,0.569
-1.327,0.588
-1.349,1.269
-1.379,1.021
-1.399,1.25
-1.33,0.431
-1.514,0.286
-1.536,0.226
-1.933,0.215
-2.744,0.424
-2.87,0.403
-3.065,0.346
2.618,0.139
1.996,0.116
1.982,0.242
1.646,0.072
1.707,0.153
1.653,0.195
1.486,0.39
1.326,0.052
0.792,0.051
0.675,0.23
0.195,0.139
-0.009,0.347
-0.852,0.153
-0.983,0.369
-0.835,0.145
3.138,4.414
2.764,4.5
1.613,4.462
0.318,4.582
-0.683,4.536
-1.705,1.191
-2.103,1.16
2.986,2.897
2.295,2.316
2.221,2.898
2.208,0.775
1.994,0.751
-2.845,1.234
1.22,1.455
-0.654,3.379
-0.92,3.937
-0.96,3.812
3.026,1.201
2.326,1.926
1.974,2.509
1.782,3.1
-1.085,2.508
-1.33,0.458
-2.439,0.488
0.064,0.457
-2.103,0.055
-2.825,-0.032
2.181,-0.094
-0.295,-0.047
-0.559,-0.198
-0.794,-0.2
-1.882,4.1
-1.996,4.209
-2.755,4.015
1.148,4.139
1.018,4.217
1.005,4.199
0.866,4.192
0.855,4.233
-0.062,3.871
-1.008,4.132
-1.278,1.25
-1.776,1.56
-2.488,1.635
-0.855,1.879
-0.969,0.801
-2.98,-0.221
0.441,-0.303
-1.188,2.623
-1.142,2.148
-1.317,3.959
-1.317,1.296
-1.259,1.077
-1.412,3.151
-1.573,1.117
-1.651,2.495
-1.533,2.434
-1.699,1.698
-1.852,2.502
-2.016,0.286
-1.977,2.19
-2.08,2.359
-2.221,3.469
-2.132,3.253
-2.269,1.395
-2.353,2.29
-2.638,3.757
-2.659,1.309
-2.661,1.371
-2.574,1.651
-2.871,1.356
-2.968,0.687
-2.967,2.323
-3.141,3.75
-3.063,3.028
3.064,3.496
3.024,3.33
3.004,1.165
2.987,1.46
3.051,2.57
2.913,1.053
2.876,0.854
2.895,3.839
2.854,3.431
2.799,1.121
2.56,1.832
2.7,1.321
2.696,3.384
2.662,1.375
2.655,1.081
2.512,2.576
2.514,3.731
2.56,0.902
2.32,1.135
2.409,0.81
2.236,2.861
2.269,2.204
2.139,1.779
2.181,1.855
2.181,2.726
2.004,3.913
2.103,0.842
1.996,2.789
1.905,1.458
1.836,3.689
1.736,0.335
1.607,2.886
1.675,0.89
1.603,0.116
1.333,3.506
1.274,3.224
1.233,3.702
1.208,1.767
1.073,3.618
0.99,3.142
0.941,1.33
0.296,3.951
-0.175,2.628
-0.185,2.727
-0.346,2.695
-0.765,0.14
-0.751,1.023
-0.647,1.523
-0.756,2.339
-0.941,2.262
-1.015,2.509
-1.051,0.183
-1.074,0.202
-1.096,0.883
-1.126,0.635
-1.146,0.864
-1.077,0.045
-1.261,-0.1
-1.283,-0.16
-1.68,-0.171
-2.491,0.038
-2.617,0.017
-2.812,-0.04
2.871,-0.247
2.249,-0.27
2.235,-0.144
1.899,-0.314
1.96,-0.233
1.906,-0.191
1.739,0.004
1.579,-0.334
1.045,-0.335
0.928,-0.156
0.448,-0.247
0.244,-0.039
-0.599,-0.233
-0.73,-0.017
-0.582,-0.241
-2.892,4.028
3.017,4.114
1.866,4.076
0.571,4.196
-0.43,4.15
-1.452,0.805
-1.85,0.774
-3.044,2.511
2.548,1.93
2.474,2.512
2.461,0.389
2.247,0.365
-2.592,0.848
1.473,1.069
-0.401,2.993
-0.667,3.551
-0.707,3.426
-3.004,0.815
2.579,1.54
2.227,2.123
2.035,2.714
-0.832,2.122
-1.077,0.072
-2.186,0.102
0.317,0.071
-1.85,-0.331
-2.572,-0.418
2.434,-0.48
-0.042,-0.433
-0.235,-0.002
-1.323,4.298
-1.437,4.407
-2.196,4.213
1.707,4.337
1.577,4.415
1.564,4.397
1.425,4.39
1.414,4.431
0.497,4.069
-0.449,4.33
-0.719,1.448
-1.217,1.758
-1.929,1.833
-0.296,2.077
-0.41,0.999
-2.421,-0.023
1.0,-0.105
-0.629,2.821
-0.583,2.346
-0.758,4.157
-0.758,1.494
-0.7,1.275
-0.853,3.349
-1.014,1.315
-1.092,2.693
-0.974,2.632
-1.14,1.896
-1.293,2.7
-1.457,0.484
-1.418,2.388
-1.521,2.557
-1.662,3.667
-1.573,3.451
-1.71,1.593
-1.794,2.488
-2.079,3.955
-2.1,1.507
-2.102,1.569
-2.015,1.849
-2.312,1.554
-2.409,0.885
-2.408,2.521
-2.582,3.948
-2.504,3.226
-2.66,3.694
-2.7,3.528
-2.72,1.363
-2.737,1.658
-2.673,2.768
-2.811,1.251
-2.848,1.052
-2.829,4.037
-2.87,3.629
-2.925,1.319
3.119,2.03
-3.024,1.519
-3.028,3.582
-3.062,1.573
-3.069,1.279
3.071,2.774
3.073,3.929
3.119,1.1
2.879,1.333
2.968,1.008
2.795,3.059
2.828,2.402
2.698,1.977
2.74,2.053
2.74,2.924
2.563,4.111
2.662,1.04
2.555,2.987
2.464,1.656
2.395,3.887
2.295,0.533
2.166,3.084
2.234,1.088
2.162,0.314
1.892,3.704
1.833,3.422
1.792,3.9
1.767,1.965
1.632,3.816
1.549,3.34
1.5,1.528
0.855,4.149
0.384,2.826
0.374,2.925
0.213,2.893
-0.206,0.338
-0.192,1.221
-0.088,1.721
-0.197,2.537
-0.382,2.46
-0.456,2.707
-0.492,0.381
-0.515,0.4
-0.537,1.081
-0.567,0.833
-0.587,1.062
-0.518,0.243
-0.702,0.098
-0.724,0.038
-1.121,0.027
-1.932,0.236
-2.058,0.215
-2.253,0.158
-2.853,-0.049
2.808,-0.072
2.794,0.054
2.458,-0.116
2.519,-0.035
2.465,0.007
2.298,0.202
2.138,-0.136
1.604,-0.137
1.487,0.042
1.007,-0.049
0.803,0.159
-0.04,-0.035
-0.171,0.181
-0.023,-0.043
-2.333,4.226
-2.707,4.312
2.425,4.274
1.13,4.394
0.129,4.348
-0.893,1.003
-1.291,0.972
-2.485,2.709
3.107,2.128
3.033,2.71
3.02,0.587
2.806,0.563
-2.033,1.046
2.032,1.267
0.158,3.191
-0.108,3.749
-0.148,3.624
-2.445,1.013
3.138,1.738
2.786,2.321
2.594,2.912
-0.273,2.32
-0.518,0.27
-1.627,0.3
0.876,0.269
-1.291,-0.133
-2.013,-0.22
2.993,-0.282
0.517,-0.235
-1.088,4.3
-1.202,4.409
-1.961,4.215
1.942,4.339
1.812,4.417
1.799,4.399
1.66,4.392
1.649,4.433
0.732,4.071
-0.214,4.332
-0.484,1.45
-0.982,1.76
-1.694,1.835
-0.061,2.079
-0.175,1.001
-2.186,-0.021
1.235,-0.103
-0.394,2.823
-0.348,2.348
-0.523,4.159
-0.523,1.496
-0.465,1.277
-0.618,3.351
-0.779,1.317
-0.857,2.695
-0.739,2.634
-0.905,1.898
-1.058,2.702
-1.222,0.486
-1.183,2.39
-1.286,2.559
-1.427,3.669
-1.338,3.453
-1.475,1.595
-1.559,2.49
-1.844,3.957
-1.865,1.509
-1.867,1.571
-1.78,1.851
-2.077,1.556
-2.174,0.887
-2.173,2.523
-2.347,3.95
-2.269,3.228
-2.425,3.696
-2.465,3.53
-2.485,1.365
-2.502,1.66
-2.438,2.77
-2.576,1.253
-2.613,1.054
-2.594,4.039
-2.635,3.631
-2.69,1.321
-2.929,2.032
-2.789,1.521
-2.793,3.584
-2.827,1.575
-2.834,1.281
-2.977,2.776
-2.975,3.931
-2.929,1.102
3.114,1.335
-3.08,1.01
3.03,3.061
3.063,2.404
2.933,1.979
2.975,2.055
2.975,2.926
2.798,4.113
2.897,1.042
2.79,2.989
2.699,1.658
2.63,3.889
2.53,0.535
2.401,3.086
2.469,1.09
2.397,0.316
2.127,3.706
2.068,3.424
2.027,3.902
2.002,1.967
1.867,3.818
1.784,3.342
1.735,1.53
1.09,4.151
0.619,2.828
0.609,2.927
0.448,2.895
0.029,0.34
0.043,1.223
0.147,1.723
0.038,2.539
-0.147,2.462
-0.221,2.709
-0.257,0.383
-0.28,0.402
-0.302,1.083
-0.332,0.835
-0.352,1.064
-0.283,0.245
-0.467,0.1
-0.489,0.04
-0.886,0.029
-1.697,0.238
-1.823,0.217
-2.018,0.16
-2.618,-0.047
3.043,-0.07
3.029,0.056
2.693,-0.114
2.754,-0.033
2.7,0.009
2.533,0.204
2.373,-0.134
1.839,-0.135
1.722,0.044
1.242,-0.047
1.038,0.161
0.195,-0.033
0.064,0.183
0.212,-0.041
-2.098,4.228
-2.472,4.314
2.66,4.276
1.365,4.396
0.364,4.35
-0.658,1.005
-1.056,0.974
-2.25,2.711
-2.941,2.13
-3.015,2.712
-3.028,0.589
3.041,0.565
-1.798,1.048
2.267,1.269
0.393,3.193
0.127,3.751
0.087,3.626
-2.21,1.015
-2.91,1.74
3.021,2.323
2.829,2.914
-0.038,2.322
-0.283,0.272
-1.392,0.302
1.111,0.271
-1.056,-0.131
-1.778,-0.218
-3.055,-0.28
0.752,-0.233
-0.114,0.109
-0.873,-0.085
3.03,0.039
2.9,0.117
2.887,0.099
2.748,0.092
2.737,0.133
1.82,-0.229
0.874,0.032
0.604,-2.85
0.106,-2.54
-0.606,-2.465
1.027,-2.221
0.913,-3.299
-1.098,-4.321
2.323,-4.403
0.694,-1.477
0.74,-1.952
0.565,-0.141
0.565,-2.804
0.623,-3.023
0.47,-0.949
0.309,-2.983
0.231,-1.605
0.349,-1.666
0.183,-2.402
0.03,-1.598
-0.134,-3.814
-0.095,-1.91
-0.198,-1.741
-0.339,-0.631
-0.25,-0.847
-0.387,-2.705
-0.471,-1.81
-0.756,-0.343
-0.777,-2.791
-0.779,-2.729
-0.692,-2.449
-0.989,-2.744
-1.086,-3.413
-1.085,-1.777
-1.259,-0.35
-1.181,-1.072
-1.337,-0.604
-1.377,-0.77
-1.397,-2.935
-1.414,-2.64
-1.35,-1.53
-1.488,-3.047
-1.525,-3.246
-1.506,-0.261
-1.547,-0.669
-1.602,-2.979
-1.841,-2.268
-1.701,-2.779
-1.705,-0.716
-1.739,-2.725
-1.746,-3.019
-1.889,-1.524
-1.887,-0.369
-1.841,-3.198
-2.081,-2.965
-1.992,-3.29
-2.165,-1.239
-2.132,-1.896
-2.262,-2.321
-2.22,-2.245
-2.22,-1.374
-2.397,-0.187
-2.298,-3.258
-2.405,-1.311
-2.496,-2.642
-2.565,-0.411
-2.665,-3.765
-2.794,-1.214
-2.726,-3.21
-2.798,-3.984
-3.068,-0.594
-3.127,-0.876
3.115,-0.398
3.09,-2.333
2.955,-0.482
2.872,-0.958
2.823,-2.77
2.178,-0.149
1.707,-1.472
1.697,-1.373
1.536,-1.405
1.117,-3.96
1.131,-3.077
1.235,-2.577
1.126,-1.761
0.941,-1.838
0.867,-1.591
0.831,-3.917
0.808,-3.898
0.786,-3.217
0.756,-3.465
0.736,-3.236
0.805,-4.055
0.621,-4.2
0.599,-4.26
0.202,-4.271
-0.609,-4.062
-0.735,-4.083
-0.93,-4.14
-1.53,-4.347
-2.152,-4.37
-2.166,-4.244
-2.502,-4.414
-2.441,-4.333
-2.495,-4.291
-2.662,-4.096
-2.822,-4.434
2.927,-4.435
2.81,-4.256
2.33,-4.347
2.126,-4.139
1.283,-4.333
1.152,-4.117
1.3,-4.341
-1.01,-0.072
-1.384,0.014
-2.535,-0.024
2.453,0.096
1.452,0.05
0.43,-3.295
0.032,-3.326
-1.162,-1.589
-1.853,-2.17
-1.927,-1.588
-1.94,-3.711
-2.154,-3.735
-0.71,-3.252
-2.928,-3.031
1.481,-1.107
1.215,-0.549
1.175,-0.674
-1.122,-3.285
-1.822,-2.56
-2.174,-1.977
-2.366,-1.386
1.05,-1.978
0.805,-4.028
-0.304,-3.998
2.199,-4.029
0.032,-4.431
-0.69,-4.518
-1.967,-4.58
1.84,-4.533
-0.759,-0.194
-3.139,-0.07
3.014,0.008
3.001,-0.01
2.862,-0.017
2.851,0.024
1.934,-0.338
0.988,-0.077
0.718,-2.959
0.22,-2.649
-0.492,-2.574
1.141,-2.33
1.027,-3.408
-0.984,-4.43
2.437,-4.512
0.808,-1.586
0.854,-2.061
0.679,-0.25
0.679,-2.913
0.737,-3.132
0.584,-1.058
0.423,-3.092
0.345,-1.714
0.463,-1.775
0.297,-2.511
0.144,-1.707
-0.02,-3.923
0.019,-2.019
-0.084,-1.85
-0.225,-0.74
-0.136,-0.956
-0.273,-2.814
-0.357,-1.919
-0.642,-0.452
-0.663,-2.9
-0.665,-2.838
-0.578,-2.558
-0.875,-2.853
-0.972,-3.522
-0.971,-1.886
-1.145,-0.459
-1.067,-1.181
-1.223,-0.713
-1.263,-0.879
-1.283,-3.044
-1.3,-2.749
-1.236,-1.639
-1.374,-3.156
-1.411,-3.355
-1.392,-0.37
-1.433,-0.778
-1.488,-3.088
-1.727,-2.377
-1.587,-2.888
-1.591,-0.825
-1.625,-2.834
-1.632,-3.128
-1.775,-1.633
-1.773,-0.478
-1.727,-3.307
-1.967,-3.074
-1.878,-3.399
-2.051,-1.348
-2.018,-2.005
-2.148,-2.43
-2.106,-2.354
-2.106,-1.483
-2.283,-0.296
-2.184,-3.367
-2.291,-1.42
-2.382,-2.751
-2.451,-0.52
-2.551,-3.874
-2.68,-1.323
-2.612,-3.319
-2.684,-4.093
-2.954,-0.703
-3.013,-0.985
-3.054,-0.507
-3.079,-2.442
3.069,-0.591
2.986,-1.067
2.937,-2.879
2.292,-0.258
1.821,-1.581
1.811,-1.482
1.65,-1.514
1.231,-4.069
1.245,-3.186
1.349,-2.686
1.24,-1.87
1.055,-1.947
0.981,-1.7
0.945,-4.026
0.922,-4.007
0.9,-3.326
0.87,-3.574
0.85,-3.345
0.919,-4.164
0.735,-4.309
0.713,-4.369
0.316,-4.38
-0.495,-4.171
-0.621,-4.192
-0.816,-4.249
-1.416,-4.456
-2.038,-4.479
-2.052,-4.353
-2.388,-4.523
-2.327,-4.442
-2.381,-4.4
-2.548,-4.205
-2.708,-4.543
3.041,-4.544
2.924,-4.365
2.444,-4.456
2.24,-4.248
1.397,-4.442
1.266,-4.226
1.414,-4.45
-0.896,-0.181
-1.27,-0.095
-2.421,-0.133
2.567,-0.013
1.566,-0.059
0.544,-3.404
0.146,-3.435
-1.048,-1.698
-1.739,-2.279
-1.813,-1.697
-1.826,-3.82
-2.04,-3.844
-0.596,-3.361
-2.814,-3.14
1.595,-1.216
1.329,-0.658
1.289,-0.783
-1.008,-3.394
-1.708,-2.669
-2.06,-2.086
-2.252,-1.495
1.164,-2.087
0.919,-4.137
-0.19,-4.107
2.313,-4.138
0.146,-4.54
-0.576,-4.627
-1.853,-4.689
1.954,-4.642
-2.38,0.124
-2.51,0.202
-2.523,0.184
-2.662,0.177
-2.673,0.218
2.693,-0.144
1.747,0.117
1.477,-2.765
0.979,-2.455
0.267,-2.38
1.9,-2.136
1.786,-3.214
-0.225,-4.236
-3.087,-4.318
1.567,-1.392
1.613,-1.867
1.438,-0.056
1.438,-2.719
1.496,-2.938
1.343,-0.864
1.182,-2.898
1.104,-1.52
1.222,-1.581
1.056,-2.317
0.903,-1.513
0.739,-3.729
0.778,-1.825
0.675,-1.656
0.534,-0.546
0.623,-0.762
0.486,-2.62
0.402,-1.725
0.117,-0.258
0.096,-2.706
0.094,-2.644
0.181,-2.364
-0.116,-2.659
-0.213,-3.328
-0.212,-1.692
-0.386,-0.265
-0.308,-0.987
-0.464,-0.519
-0.504,-0.685
-0.524,-2.85
-0.541,-2.555
-0.477,-1.445
-0.615,-2.962
-0.652,-3.161
-0.633,-0.176
-0.674,-0.584
-0.729,-2.894
-0.968,-2.183
-0.828,-2.694
-0.832,-0.631
-0.866,-2.64
-0.873,-2.934
-1.016,-1.439
-1.014,-0.284
-0.968,-3.113
-1.208,-2.88
-1.119,-3.205
-1.292,-1.154
-1.259,-1.811
-1.389,-2.236
-1.347,-2.16
-1.347,-1.289
-1.524,-0.102
-1.425,-3.173
-1.532,-1.226
-1.623,-2.557
-1.692,-0.326
-1.792,-3.68
-1.921,-1.129
-1.853,-3.125
-1.925,-3.899
-2.195,-0.509
-2.254,-0.791
-2.295,-0.313
-2.32,-2.248
-2.455,-0.397
-2.538,-0.873
-2.587,-2.685
3.051,-0.064
2.58,-1.387
2.57,-1.288
2.409,-1.32
1.99,-3.875
2.004,-2.992
2.108,-2.492
1.999,-1.676
1.814,-1.753
1.74,-1.506
1.704,-3.832
1.681,-3.813
1.659,-3.132
1.629,-3.38
1.609,-3.151
1.678,-3.97
1.494,-4.115
1.472,-4.175
1.075,-4.186
0.264,-3.977
0.138,-3.998
-0.057,-4.055
-0.657,-4.262
-1.279,-4.285
-1.293,-4.159
-1.629,-4.329
-1.568,-4.248
-1.622,-4.206
-1.789,-4.011
-1.949,-4.349
-2.483,-4.35
-2.6,-4.171
-3.08,-4.262
2.999,-4.054
2.156,-4.248
2.025,-4.032
2.173,-4.256
-0.137,0.013
-0.511,0.099
-1.662,0.061
-2.957,0.181
2.325,0.135
1.303,-3.21
0.905,-3.241
-0.289,-1.504
-0.98,-2.085
-1.054,-1.503
-1.067,-3.626
-1.281,-3.65
0.163,-3.167
-2.055,-2.946
2.354,-1.022
2.088,-0.464
2.048,-0.589
-0.249,-3.2
-0.949,-2.475
-1.301,-1.892
-1.493,-1.301
1.923,-1.893
1.678,-3.943
0.569,-3.913
3.072,-3.944
0.905,-4.346
0.183,-4.433
-1.094,-4.495
2.713,-4.448
-0.13,0.078
-0.143,0.06
-0.282,0.053
-0.293,0.094
-1.21,-0.268
-2.156,-0.007
-2.426,-2.889
-2.924,-2.579
2.647,-2.504
-2.003,-2.26
-2.117,-3.338
2.155,-4.36
-0.707,-4.442
-2.336,-1.516
-2.29,-1.991
-2.465,-0.18
-2.465,-2.843
-2.407,-3.062
-2.56,-0.988
-2.721,-3.022
-2.799,-1.644
-2.681,-1.705
-2.847,-2.441
-3.0,-1.637
3.119,-3.853
-3.125,-1.949
3.055,-1.78
2.914,-0.67
3.003,-0.886
2.866,-2.744
2.782,-1.849
2.497,-0.382
2.476,-2.83
2.474,-2.768
2.561,-2.488
2.264,-2.783
2.167,-3.452
2.168,-1.816
1.994,-0.389
2.072,-1.111
1.916,-0.643
1.876,-0.809
1.856,-2.974
1.839,-2.679
1.903,-1.569
1.765,-3.086
1.728,-3.285
1.747,-0.3
1.706,-0.708
1.651,-3.018
1.412,-2.307
1.552,-2.818
1.548,-0.755
1.514,-2.764
1.507,-3.058
1.364,-1.563
1.366,-0.408
1.412,-3.237
1.172,-3.004
1.261,-3.329
1.088,-1.278
1.121,-1.935
0.991,-2.36
1.033,-2.284
1.033,-1.413
0.856,-0.226
0.955,-3.297
0.848,-1.35
0.757,-2.681
0.688,-0.45
0.588,-3.804
0.459,-1.253
0.527,-3.249
0.455,-4.023
0.185,-0.633
0.126,-0.915
0.085,-0.437
0.06,-2.372
-0.075,-0.521
-0.158,-0.997
-0.207,-2.809
-0.852,-0.188
-1.323,-1.511
-1.333,-1.412
-1.494,-1.444
-1.913,-3.999
-1.899,-3.116
-1.795,-2.616
-1.904,-1.8
-2.089,-1.877
-2.163,-1.63
-2.199,-3.956
-2.222,-3.937
-2.244,-3.256
-2.274,-3.504
-2.294,-3.275
-2.225,-4.094
-2.409,-4.239
-2.431,-4.299
-2.828,-4.31
2.644,-4.101
2.518,-4.122
2.323,-4.179
1.723,-4.386
1.101,-4.409
1.087,-4.283
0.751,-4.453
0.812,-4.372
0.758,-4.33
0.591,-4.135
0.431,-4.473
-0.103,-4.474
-0.22,-4.295
-0.7,-4.386
-0.904,-4.178
-1.747,-4.372
-1.878,-4.156
-1.73,-4.38
2.243,-0.111
1.869,-0.025
0.718,-0.063
-0.577,0.057
-1.578,0.011
-2.6,-3.334
-2.998,-3.365
2.091,-1.628
1.4,-2.209
1.326,-1.627
1.313,-3.75
1.099,-3.774
2.543,-3.291
0.325,-3.07
-1.549,-1.146
-1.815,-0.588
-1.855,-0.713
2.131,-3.324
1.431,-2.599
1.079,-2.016
0.887,-1.425
-1.98,-2.017
-2.225,-4.067
2.949,-4.037
-0.831,-4.068
-2.998,-4.47
2.563,-4.557
1.286,-4.619
-1.19,-4.572
-0.013,-0.018
-0.152,-0.025
-0.163,0.016
-1.08,-0.346
-2.026,-0.085
-2.296,-2.967
-2.794,-2.657
2.777,-2.582
-1.873,-2.338
-1.987,-3.416
2.285,-4.438
-0.577,-4.52
-2.206,-1.594
-2.16,-2.069
-2.335,-0.258
-2.335,-2.921
-2.277,-3.14
-2.43,-1.066
-2.591,-3.1
-2.669,-1.722
-2.551,-1.783
-2.717,-2.519
-2.87,-1.715
-3.034,-3.931
-2.995,-2.027
-3.098,-1.858
3.044,-0.748
3.133,-0.964
2.996,-2.822
2.912,-1.927
2.627,-0.46
2.606,-2.908
2.604,-2.846
2.691,-2.566
2.394,-2.861
2.297,-3.53
2.298,-1.894
2.124,-0.467
2.202,-1.189
2.046,-0.721
2.006,-0.887
1.986,-3.052
1.969,-2.757
2.033,-1.647
1.895,-3.164
1.858,-3.363
1.877,-0.378
1.836,-0.786
1.781,-3.096
1.542,-2.385
1.682,-2.896
1.678,-0.833
1.644,-2.842
1.637,-3.136
1.494,-1.641
1.496,-0.486
1.542,-3.315
1.302,-3.082
1.391,-3.407
1.218,-1.356
1.251,-2.013
1.121,-2.438
1.163,-2.362
1.163,-1.491
0.986,-0.304
1.085,-3.375
0.978,-1.428
0.887,-2.759
0.818,-0.528
0.718,-3.882
0.589,-1.331
0.657,-3.327
0.585,-4.101
0.315,-0.711
0.256,-0.993
0.215,-0.515
0.19,-2.45
0.055,-0.599
-0.028,-1.075
-0.077,-2.887
-0.722,-0.266
-1.193,-1.589
-1.203,-1.49
-1.364,-1.522
-1.783,-4.077
-1.769,-3.194
-1.665,-2.694
-1.774,-1.878
-1.959,-1.955
-2.033,-1.708
-2.069,-4.034
-2.092,-4.015
-2.114,-3.334
-2.144,-3.582
-2.164,-3.353
-2.095,-4.172
-2.279,-4.317
-2.301,-4.377
-2.698,-4.388
2.774,-4.179
2.648,-4.2
2.453,-4.257
1.853,-4.464
1.231,-4.487
1.217,-4.361
0.881,-4.531
0.942,-4.45
0.888,-4.408
0.721,-4.213
0.561,-4.551
0.027,-4.552
-0.09,-4.373
-0.57,-4.464
-0.774,-4.256
-1.617,-4.45
-1.748,-4.234
-1.6,-4.458
2.373,-0.189
1.999,-0.103
0.848,-0.141
-0.447,-0.021
-1.448,-0.067
-2.47,-3.412
-2.868,-3.443
2.221,-1.706
1.53,-2.287
1.456,-1.705
1.443,-3.828
1.229,-3.852
2.673,-3.369
0.455,-3.148
-1.419,-1.224
-1.685,-0.666
-1.725,-0.791
2.261,-3.402
1.561,-2.677
1.209,-2.094
1.017,-1.503
-1.85,-2.095
-2.095,-4.145
3.079,-4.115
-0.701,-4.146
-2.868,-4.548
2.693,-4.635
1.416,-4.697
-1.06,-4.65
-0.139,-0.007
-0.15,0.034
-1.067,-0.328
-2.013,-0.067
-2.283,-2.949
-2.781,-2.639
2.79,-2.564
-1.86,-2.32
-1.974,-3.398
2.298,-4.42
-0.564,-4.502
-2.193,-1.576
-2.147,-2.051
-2.322,-0.24
-2.322,-2.903
-2.264,-3.122
-2.417,-1.048
-2.578,-3.082
-2.656,-1.704
-2.538,-1.765
-2.704,-2.501
-2.857,-1.697
-3.021,-3.913
-2.982,-2.009
-3.085,-1.84
3.057,-0.73
-3.137,-0.946
3.009,-2.804
2.925,-1.909
2.64,-0.442
2.619,-2.89
2.617,-2.828
2.704,-2.548
2.407,-2.843
2.31,-3.512
2.311,-1.876
2.137,-0.449
2.215,-1.171
2.059,-0.703
2.019,-0.869
1.999,-3.034
1.982,-2.739
2.046,-1.629
1.908,-3.146
1.871,-3.345
1.89,-0.36
1.849,-0.768
1.794,-3.078
1.555,-2.367
1.695,-2.878
1.691,-0.815
1.657,-2.824
1.65,-3.118
1.507,-1.623
1.509,-0.468
1.555,-3.297
1.315,-3.064
1.404,-3.389
1.231,-1.338
1.264,-1.995
1.134,-2.42
1.176,-2.344
1.176,-1.473
0.999,-0.286
1.098,-3.357
0.991,-1.41
0.9,-2.741
0.831,-0.51
0.731,-3.864
0.602,-1.313
0.67,-3.309
0.598,-4.083
0.328,-0.693
0.269,-0.975
0.228,-0.497
0.203,-2.432
0.068,-0.581
-0.015,-1.057
-0.064,-2.869
-0.709,-0.248
-1.18,-1.571
-1.19,-1.472
-1.351,-1.504
-1.77,-4.059
-1.756,-3.176
-1.652,-2.676
-1.761,-1.86
-1.946,-1.937
-2.02,-1.69
-2.056,-4.016
-2.079,-3.997
-2.101,-3.316
-2.131,-3.564
-2.151,-3.335
-2.082,-4.154
-2.266,-4.299
-2.288,-4.359
-2.685,-4.37
2.787,-4.161
2.661,-4.182
2.466,-4.239
1.866,-4.446
1.244,-4.469
1.23,-4.343
0.894,-4.513
0.955,-4.432
0.901,-4.39
0.734,-4.195
0.574,-4.533
0.04,-4.534
-0.077,-4.355
-0.557,-4.446
-0.761,-4.238
-1.604,-4.432
-1.735,-4.216
-1.587,-4.44
2.386,-0.171
2.012,-0.085
0.861,-0.123
-0.434,-0.003
-1.435,-0.049
-2.457,-3.394
-2.855,-3.425
2.234,-1.688
1.543,-2.269
1.469,-1.687
1.456,-3.81
1.242,-3.834
2.686,-3.351
0.468,-3.13
-1.406,-1.206
-1.672,-0.648
-1.712,-0.773
2.274,-3.384
1.574,-2.659
1.222,-2.076
1.03,-1.485
-1.837,-2.077
-2.082,-4.127
3.092,-4.097
-0.688,-4.128
-2.855,-4.53
2.706,-4.617
1.429,-4.679
-1.047,-4.632
-0.011,0.041
-0.928,-0.321
-1.874,-0.06
-2.144,-2.942
-2.642,-2.632
2.929,-2.557
-1.721,-2.313
-1.835,-3.391
2.437,-4.413
-0.425,-4.495
-2.054,-1.569
-2.008,-2.044
-2.183,-0.233
-2.183,-2.896
-2.125,-3.115
-2.278,-1.041
-2.439,-3.075
-2.517,-1.697
-2.399,-1.758
-2.565,-2.494
-2.718,-1.69
-2.882,-3.906
-2.843,-2.002
-2.946,-1.833
-3.087,-0.723
-2.998,-0.939
-3.135,-2.797
3.064,-1.902
2.779,-0.435
2.758,-2.883
2.756,-2.821
2.843,-2.541
2.546,-2.836
2.449,-3.505
2.45,-1.869
2.276,-0.442
2.354,-1.164
2.198,-0.696
2.158,-0.862
2.138,-3.027
2.121,-2.732
2.185,-1.622
2.047,-3.139
2.01,-3.338
2.029,-0.353
1.988,-0.761
1.933,-3.071
1.694,-2.36
1.834,-2.871
1.83,-0.808
1.796,-2.817
1.789,-3.111
1.646,-1.616
1.648,-0.461
1.694,-3.29
1.454,-3.057
1.543,-3.382
1.37,-1.331
1.403,-1.988
1.273,-2.413
1.315,-2.337
1.315,-1.466
1.138,-0.279
1.237,-3.35
1.13,-1.403
1.039,-2.734
0.97,-0.503
0.87,-3.857
0.741,-1.306
0.809,-3.302
0.737,-4.076
0.467,-0.686
0.408,-0.968
0.367,-0.49
0.342,-2.425
0.207,-0.574
0.124,-1.05
0.075,-2.862
-0.57,-0.241
-1.041,-1.564
-1.051,-1.465
-1.212,-1.497
-1.631,-4.052
-1.617,-3.169
-1.513,-2.669
-1.622,-1.853
-1.807,-1.93
-1.881,-1.683
-1.917,-4.009
-1.94,-3.99
-1.962,-3.309
-1.992,-3.557
-2.012,-3.328
-1.943,-4.147
-2.127,-4.292
-2.149,-4.352
-2.546,-4.363
2.926,-4.154
2.8,-4.175
2.605,-4.232
2.005,-4.439
1.383,-4.462
1.369,-4.336
1.033,-4.506
1.094,-4.425
1.04,-4.383
0.873,-4.188
0.713,-4.526
0.179,-4.527
0.062,-4.348
-0.418,-4.439
-0.622,-4.231
-1.465,-4.425
-1.596,-4.209
-1.448,-4.433
2.525,-0.164
2.151,-0.078
1.0,-0.116
-0.295,0.004
-1.296,-0.042
-2.318,-3.387
-2.716,-3.418
2.373,-1.681
1.682,-2.262
1.608,-1.68
1.595,-3.803
1.381,-3.827
2.825,-3.344
0.607,-3.123
-1.267,-1.199
-1.533,-0.641
-1.573,-0.766
2.413,-3.377
1.713,-2.652
1.361,-2.069
1.169,-1.478
-1.698,-2.07
-1.943,-4.12
-3.052,-4.09
-0.549,-4.121
-2.716,-4.523
2.845,-4.61
1.568,-4.672
-0.908,-4.625
-0.917,-0.362
-1.863,-0.101
-2.133,-2.983
-2.631,-2.673
2.94,-2.598
-1.71,-2.354
-1.824,-3.432
2.448,-4.454
-0.414,-4.536
-2.043,-1.61
-1.997,-2.085
-2.172,-0.274
-2.172,-2.937
-2.114,-3.156
-2.267,-1.082
-2.428,-3.116
-2.506,-1.738
-2.388,-1.799
-2.554,-2.535
-2.707,-1.731
-2.871,-3.947
-2.832,-2.043
-2.935,-1.874
-3.076,-0.764
-2.987,-0.98
-3.124,-2.838
3.075,-1.943
2.79,-0.476
2.769,-2.924
2.767,-2.862
2.854,-2.582
2.557,-2.877
2.46,-3.546
2.461,-1.91
2.287,-0.483
2.365,-1.205
2.209,-0.737
2.169,-0.903
2.149,-3.068
2.132,-2.773
2.196,-1.663
2.058,-3.18
2.021,-3.379
2.04,-0.394
1.999,-0.802
1.944,-3.112
1.705,-2.401
1.845,-2.912
1.841,-0.849
1.807,-2.858
1.8,-3.152
1.657,-1.657
1.659,-0.502
1.705,-3.331
1.465,-3.098
1.554,-3.423
1.381,-1.372
1.414,-2.029
1.284,-2.454
1.326,-2.378
1.326,-1.507
1.149,-0.32
1.248,-3.391
1.141,-1.444
1.05,-2.775
0.981,-0.544
0.881,-3.898
0.752,-1.347
0.82,-3.343
0.748,-4.117
0.478,-0.727
0.419,-1.009
0.378,-0.531
0.353,-2.466
0.218,-0.615
0.135,-1.091
0.086,-2.903
-0.559,-0.282
-1.03,-1.605
-1.04,-1.506
-1.201,-1.538
-1.62,-4.093
-1.606,-3.21
-1.502,-2.71
-1.611,-1.894
-1.796,-1.971
-1.87,-1.724
-1.906,-4.05
-1.929,-4.031
-1.951,-3.35
-1.981,-3.598
-2.001,-3.369
-1.932,-4.188
-2.116,-4.333
-2.138,-4.393
-2.535,-4.404
2.937,-4.195
2.811,-4.216
2.616,-4.273
2.016,-4.48
1.394,-4.503
1.38,-4.377
1.044,-4.547
1.105,-4.466
1.051,-4.424
0.884,-4.229
0.724,-4.567
0.19,-4.568
0.073,-4.389
-0.407,-4.48
-0.611,-4.272
-1.454,-4.466
-1.585,-4.25
-1.437,-4.474
2.536,-0.205
2.162,-0.119
1.011,-0.157
-0.284,-0.037
-1.285,-0.083
-2.307,-3.428
-2.705,-3.459
2.384,-1.722
1.693,-2.303
1.619,-1.721
1.606,-3.844
1.392,-3.868
2.836,-3.385
0.618,-3.164
-1.256,-1.24
-1.522,-0.682
-1.562,-0.807
2.424,-3.418
1.724,-2.693
1.372,-2.11
1.18,-1.519
-1.687,-2.111
-1.932,-4.161
-3.041,-4.131
-0.538,-4.162
-2.705,-4.564
2.856,-4.651
1.579,-4.713
-0.897,-4.666
-0.946,0.261
-1.216,-2.621
-1.714,-2.311
-2.426,-2.236
-0.793,-1.992
-0.907,-3.07
-2.918,-4.092
0.503,-4.174
-1.126,-1.248
-1.08,-1.723
-1.255,0.088
-1.255,-2.575
-1.197,-2.794
-1.35,-0.72
-1.511,-2.754
-1.589,-1.376
-1.471,-1.437
-1.637,-2.173
-1.79,-1.369
-1.954,-3.585
-1.915,-1.681
-2.018,-1.512
-2.159,-0.402
-2.07,-0.618
-2.207,-2.476
-2.291,-1.581
-2.576,-0.114
-2.597,-2.562
-2.599,-2.5
-2.512,-2.22
-2.809,-2.515
-2.906,-3.184
-2.905,-1.548
-3.079,-0.121
-3.001,-0.843
3.126,-0.375
3.086,-0.541
3.066,-2.706
3.049,-2.411
3.113,-1.301
2.975,-2.818
2.938,-3.017
2.957,-0.032
2.916,-0.44
2.861,-2.75
2.622,-2.039
2.762,-2.55
2.758,-0.487
2.724,-2.496
2.717,-2.79
2.574,-1.295
2.576,-0.14
2.622,-2.969
2.382,-2.736
2.471,-3.061
2.298,-1.01
2.331,-1.667
2.201,-2.092
2.243,-2.016
2.243,-1.145
2.066,0.042
2.165,-3.029
2.058,-1.082
1.967,-2.413
1.898,-0.182
1.798,-3.536
1.669,-0.985
1.737,-2.981
1.665,-3.755
1.395,-0.365
1.336,-0.647
1.295,-0.169
1.27,-2.104
1.135,-0.253
1.052,-0.729
1.003,-2.541
0.358,0.08
-0.113,-1.243
-0.123,-1.144
-0.284,-1.176
-0.703,-3.731
-0.689,-2.848
-0.585,-2.348
-0.694,-1.532
-0.879,-1.609
-0.953,-1.362
-0.989,-3.688
-1.012,-3.669
-1.034,-2.988
-1.064,-3.236
-1.084,-3.007
-1.015,-3.826
-1.199,-3.971
-1.221,-4.031
-1.618,-4.042
-2.429,-3.833
-2.555,-3.854
-2.75,-3.911
2.933,-4.118
2.311,-4.141
2.297,-4.015
1.961,-4.185
2.022,-4.104
1.968,-4.062
1.801,-3.867
1.641,-4.205
1.107,-4.206
0.99,-4.027
0.51,-4.118
0.306,-3.91
-0.537,-4.104
-0.668,-3.888
-0.52,-4.112
-2.83,0.157
3.079,0.243
1.928,0.205
0.633,0.325
-0.368,0.279
-1.39,-3.066
-1.788,-3.097
-2.982,-1.36
2.61,-1.941
2.536,-1.359
2.523,-3.482
2.309,-3.506
-2.53,-3.023
1.535,-2.802
-0.339,-0.878
-0.605,-0.32
-0.645,-0.445
-2.942,-3.056
2.641,-2.331
2.289,-1.748
2.097,-1.157
-0.77,-1.749
-1.015,-3.799
-2.124,-3.769
0.379,-3.8
-1.788,-4.202
-2.51,-4.289
2.496,-4.351
0.02,-4.304
-0.27,-2.882
-0.768,-2.572
-1.48,-2.497
0.153,-2.253
0.039,-3.331
-1.972,-4.353
1.449,-4.435
-0.18,-1.509
-0.134,-1.984
-0.309,-0.173
-0.309,-2.836
-0.251,-3.055
-0.404,-0.981
-0.565,-3.015
-0.643,-1.637
-0.525,-1.698
-0.691,-2.434
-0.844,-1.63
-1.008,-3.846
-0.969,-1.942
-1.072,-1.773
-1.213,-0.663
-1.124,-0.879
-1.261,-2.737
-1.345,-1.842
-1.63,-0.375
-1.651,-2.823
-1.653,-2.761
-1.566,-2.481
-1.863,-2.776
-1.96,-3.445
-1.959,-1.809
-2.133,-0.382
-2.055,-1.104
-2.211,-0.636
-2.251,-0.802
-2.271,-2.967
-2.288,-2.672
-2.224,-1.562
-2.362,-3.079
-2.399,-3.278
-2.38,-0.293
-2.421,-0.701
-2.476,-3.011
-2.715,-2.3
-2.575,-2.811
-2.579,-0.748
-2.613,-2.757
-2.62,-3.051
-2.763,-1.556
-2.761,-0.401
-2.715,-3.23
-2.955,-2.997
-2.866,-3.322
-3.039,-1.271
-3.006,-1.928
-3.136,-2.353
-3.094,-2.277
-3.094,-1.406
3.012,-0.219
3.111,-3.29
3.004,-1.343
2.913,-2.674
2.844,-0.443
2.744,-3.797
2.615,-1.246
2.683,-3.242
2.611,-4.016
2.341,-0.626
2.282,-0.908
2.241,-0.43
2.216,-2.365
2.081,-0.514
1.998,-0.99
1.949,-2.802
1.304,-0.181
0.833,-1.504
0.823,-1.405
0.662,-1.437
0.243,-3.992
0.257,-3.109
0.361,-2.609
0.252,-1.793
0.067,-1.87
-0.007,-1.623
-0.043,-3.949
-0.066,-3.93
-0.088,-3.249
-0.118,-3.497
-0.138,-3.268
-0.069,-4.087
-0.253,-4.232
-0.275,-4.292
-0.672,-4.303
-1.483,-4.094
-1.609,-4.115
-1.804,-4.172
-2.404,-4.379
-3.026,-4.402
-3.04,-4.276
2.907,-4.446
2.968,-4.365
2.914,-4.323
2.747,-4.128
2.587,-4.466
2.053,-4.467
1.936,-4.288
1.456,-4.379
1.252,-4.171
0.409,-4.365
0.278,-4.149
0.426,-4.373
-1.884,-0.104
-2.258,-0.018
2.874,-0.056
1.579,0.064
0.578,0.018
-0.444,-3.327
-0.842,-3.358
-2.036,-1.621
-2.727,-2.202
-2.801,-1.62
-2.814,-3.743
-3.028,-3.767
-1.584,-3.284
2.481,-3.063
0.607,-1.139
0.341,-0.581
0.301,-0.706
-1.996,-3.317
-2.696,-2.592
-3.048,-2.009
3.043,-1.418
0.176,-2.01
-0.069,-4.06
-1.178,-4.03
1.325,-4.061
-0.842,-4.463
-1.564,-4.55
-2.841,-4.612
0.966,-4.565
-0.498,0.31
-1.21,0.385
0.423,0.629
0.309,-0.449
-1.702,-1.471
1.719,-1.553
0.09,1.373
0.136,0.898
-0.039,2.709
-0.039,0.046
0.019,-0.173
-0.134,1.901
-0.295,-0.133
-0.373,1.245
-0.255,1.184
-0.421,0.448
-0.574,1.252
-0.738,-0.964
-0.699,0.94
-0.802,1.109
-0.943,2.219
-0.854,2.003
-0.991,0.145
-1.075,1.04
-1.36,2.507
-1.381,0.059
-1.383,0.121
-1.296,0.401
-1.593,0.106
-1.69,-0.563
-1.689,1.073
-1.863,2.5
-1.785,1.778
-1.941,2.246
-1.981,2.08
-2.001,-0.085
-2.018,0.21
-1.954,1.32
-2.092,-0.197
-2.129,-0.396
-2.11,2.589
-2.151,2.181
-2.206,-0.129
-2.445,0.582
-2.305,0.071
-2.309,2.134
-2.343,0.125
-2.35,-0.169
-2.493,1.326
-2.491,2.481
-2.445,-0.348
-2.685,-0.115
-2.596,-0.44
-2.769,1.611
-2.736,0.954
-2.866,0.529
-2.824,0.605
-2.824,1.476
-3.001,2.663
-2.902,-0.408
-3.009,1.539
-3.1,0.208
3.114,2.439
3.014,-0.915
2.885,1.636
2.953,-0.36
2.881,-1.134
2.611,2.256
2.552,1.974
2.511,2.452
2.486,0.517
2.351,2.368
2.268,1.892
2.219,0.08
1.574,2.701
1.103,1.378
1.093,1.477
0.932,1.445
0.513,-1.11
0.527,-0.227
0.631,0.273
0.522,1.089
0.337,1.012
0.263,1.259
0.227,-1.067
0.204,-1.048
0.182,-0.367
0.152,-0.615
0.132,-0.386
0.201,-1.205
0.017,-1.35
-0.005,-1.41
-0.402,-1.421
-1.213,-1.212
-1.339,-1.233
-1.534,-1.29
-2.134,-1.497
-2.756,-1.52
-2.77,-1.394
-3.106,-1.564
-3.045,-1.483
-3.099,-1.441
3.017,-1.246
2.857,-1.584
2.323,-1.585
2.206,-1.406
1.726,-1.497
1.522,-1.289
0.679,-1.483
0.548,-1.267
0.696,-1.491
-1.614,2.778
-1.988,2.864
-3.139,2.826
1.849,2.946
0.848,2.9
-0.174,-0.445
-0.572,-0.476
-1.766,1.261
-2.457,0.68
-2.531,1.262
-2.544,-0.861
-2.758,-0.885
-1.314,-0.402
2.751,-0.181
0.877,1.743
0.611,2.301
0.571,2.176
-1.726,-0.435
-2.426,0.29
-2.778,0.873
-2.97,1.464
0.446,0.872
0.201,-1.178
-0.908,-1.148
1.595,-1.179
-0.572,-1.581
-1.294,-1.668
-2.571,-1.73
1.236,-1.683
-0.712,0.075
0.921,0.319
0.807,-0.759
-1.204,-1.781
2.217,-1.863
0.588,1.063
0.634,0.588
0.459,2.399
0.459,-0.264
0.517,-0.483
0.364,1.591
0.203,-0.443
0.125,0.935
0.243,0.874
0.077,0.138
-0.076,0.942
-0.24,-1.274
-0.201,0.63
-0.304,0.799
-0.445,1.909
-0.356,1.693
-0.493,-0.165
-0.577,0.73
-0.862,2.197
-0.883,-0.251
-0.885,-0.189
-0.798,0.091
-1.095,-0.204
-1.192,-0.873
-1.191,0.763
-1.365,2.19
-1.287,1.468
-1.443,1.936
-1.483,1.77
-1.503,-0.395
-1.52,-0.1
-1.456,1.01
-1.594,-0.507
-1.631,-0.706
-1.612,2.279
-1.653,1.871
-1.708,-0.439
-1.947,0.272
-1.807,-0.239
-1.811,1.824
-1.845,-0.185
-1.852,-0.479
-1.995,1.016
-1.993,2.171
-1.947,-0.658
-2.187,-0.425
-2.098,-0.75
-2.271,1.301
-2.238,0.644
-2.368,0.219
-2.326,0.295
-2.326,1.166
-2.503,2.353
-2.404,-0.718
-2.511,1.229
-2.602,-0.102
-2.671,2.129
-2.771,-1.225
-2.9,1.326
-2.832,-0.67
-2.904,-1.444
3.109,1.946
3.05,1.664
3.009,2.142
2.984,0.207
2.849,2.058
2.766,1.582
2.717,-0.23
2.072,2.391
1.601,1.068
1.591,1.167
1.43,1.135
1.011,-1.42
1.025,-0.537
1.129,-0.037
1.02,0.779
0.835,0.702
0.761,0.949
0.725,-1.377
0.702,-1.358
0.68,-0.677
0.65,-0.925
0.63,-0.696
0.699,-1.515
0.515,-1.66
0.493,-1.72
0.096,-1.731
-0.715,-1.522
-0.841,-1.543
-1.036,-1.6
-1.636,-1.807
-2.258,-1.83
-2.272,-1.704
-2.608,-1.874
-2.547,-1.793
-2.601,-1.751
-2.768,-1.556
-2.928,-1.894
2.821,-1.895
2.704,-1.716
2.224,-1.807
2.02,-1.599
1.177,-1.793
1.046,-1.577
1.194,-1.801
-1.116,2.468
-1.49,2.554
-2.641,2.516
2.347,2.636
1.346,2.59
0.324,-0.755
-0.074,-0.786
-1.268,0.951
-1.959,0.37
-2.033,0.952
-2.046,-1.171
-2.26,-1.195
-0.816,-0.712
-3.034,-0.491
1.375,1.433
1.109,1.991
1.069,1.866
-1.228,-0.745
-1.928,-0.02
-2.28,0.563
-2.472,1.154
0.944,0.562
0.699,-1.488
-0.41,-1.458
2.093,-1.489
-0.074,-1.891
-0.796,-1.978
-2.073,-2.04
1.734,-1.993
1.633,0.244
1.519,-0.834
-0.492,-1.856
2.929,-1.938
1.3,0.988
1.346,0.513
1.171,2.324
1.171,-0.339
1.229,-0.558
1.076,1.516
0.915,-0.518
0.837,0.86
0.955,0.799
0.789,0.063
0.636,0.867
0.472,-1.349
0.511,0.555
0.408,0.724
0.267,1.834
0.356,1.618
0.219,-0.24
0.135,0.655
-0.15,2.122
-0.171,-0.326
-0.173,-0.264
-0.086,0.016
-0.383,-0.279
-0.48,-0.948
-0.479,0.688
-0.653,2.115
-0.575,1.393
-0.731,1.861
-0.771,1.695
-0.791,-0.47
-0.808,-0.175
-0.744,0.935
-0.882,-0.582
-0.919,-0.781
-0.9,2.204
-0.941,1.796
-0.996,-0.514
-1.235,0.197
-1.095,-0.314
-1.099,1.749
-1.133,-0.26
-1.14,-0.554
-1.283,0.941
-1.281,2.096
-1.235,-0.733
-1.475,-0.5
-1.386,-0.825
-1.559,1.226
-1.526,0.569
-1.656,0.144
-1.614,0.22
-1.614,1.091
-1.791,2.278
-1.692,-0.793
-1.799,1.154
-1.89,-0.177
-1.959,2.054
-2.059,-1.3
-2.188,1.251
-2.12,-0.745
-2.192,-1.519
-2.462,1.871
-2.521,1.589
-2.562,2.067
-2.587,0.132
-2.722,1.983
-2.805,1.507
-2.854,-0.305
2.784,2.316
2.313,0.993
2.303,1.092
2.142,1.06
1.723,-1.495
1.737,-0.612
1.841,-0.112
1.732,0.704
1.547,0.627
1.473,0.874
1.437,-1.452
1.414,-1.433
1.392,-0.752
1.362,-1.0
1.342,-0.771
1.411,-1.59
1.227,-1.735
1.205,-1.795
0.808,-1.806
-0.003,-1.597
-0.129,-1.618
-0.324,-1.675
-0.924,-1.882
-1.546,-1.905
-1.56,-1.779
-1.896,-1.949
-1.835,-1.868
-1.889,-1.826
-2.056,-1.631
-2.216,-1.969
-2.75,-1.97
-2.867,-1.791
2.936,-1.882
2.732,-1.674
1.889,-1.868
1.758,-1.652
1.906,-1.876
-0.404,2.393
-0.778,2.479
-1.929,2.441
3.059,2.561
2.058,2.515
1.036,-0.83
0.638,-0.861
-0.556,0.876
-1.247,0.295
-1.321,0.877
-1.334,-1.246
-1.548,-1.27
-0.104,-0.787
-2.322,-0.566
2.087,1.358
1.821,1.916
1.781,1.791
-0.516,-0.82
-1.216,-0.095
-1.568,0.488
-1.76,1.079
1.656,0.487
1.411,-1.563
0.302,-1.533
2.805,-1.564
0.638,-1.966
-0.084,-2.053
-1.361,-2.115
2.446,-2.068
-0.114,-1.078
-2.125,-2.1
1.296,-2.182
-0.333,0.744
-0.287,0.269
-0.462,2.08
-0.462,-0.583
-0.404,-0.802
-0.557,1.272
-0.718,-0.762
-0.796,0.616
-0.678,0.555
-0.844,-0.181
-0.997,0.623
-1.161,-1.593
-1.122,0.311
-1.225,0.48
-1.366,1.59
-1.277,1.374
-1.414,-0.484
-1.498,0.411
-1.783,1.878
-1.804,-0.57
-1.806,-0.508
-1.719,-0.228
-2.016,-0.523
-2.113,-1.192
-2.112,0.444
-2.286,1.871
-2.208,1.149
-2.364,1.617
-2.404,1.451
-2.424,-0.714
-2.441,-0.419
-2.377,0.691
-2.515,-0.826
-2.552,-1.025
-2.533,1.96
-2.574,1.552
-2.629,-0.758
-2.868,-0.047
-2.728,-0.558
-2.732,1.505
-2.766,-0.504
-2.773,-0.798
-2.916,0.697
-2.914,1.852
-2.868,-0.977
-3.108,-0.744
-3.019,-1.069
3.091,0.982
3.124,0.325
2.994,-0.1
3.036,-0.024
3.036,0.847
2.859,2.034
2.958,-1.037
2.851,0.91
2.76,-0.421
2.691,1.81
2.591,-1.544
2.462,1.007
2.53,-0.989
2.458,-1.763
2.188,1.627
2.129,1.345
2.088,1.823
2.063,-0.112
1.928,1.739
1.845,1.263
1.796,-0.549
1.151,2.072
0.68,0.749
0.67,0.848
0.509,0.816
0.09,-1.739
0.104,-0.856
0.208,-0.356
0.099,0.46
-0.086,0.383
-0.16,0.63
-0.196,-1.696
-0.219,-1.677
-0.241,-0.996
-0.271,-1.244
-0.291,-1.015
-0.222,-1.834
-0.406,-1.979
-0.428,-2.039
-0.825,-2.05
-1.636,-1.841
-1.762,-1.862
-1.957,-1.919
-2.557,-2.126
3.104,-2.149
3.09,-2.023
2.754,-2.193
2.815,-2.112
2.761,-2.07
2.594,-1.875
2.434,-2.213
1.9,-2.214
1.783,-2.035
1.303,-2.126
1.099,-1.918
0.256,-2.112
0.125,-1.896
0.273,-2.12
-2.037,2.149
-2.411,2.235
2.721,2.197
1.426,2.317
0.425,2.271
-0.597,-1.074
-0.995,-1.105
-2.189,0.632
-2.88,0.051
-2.954,0.633
-2.967,-1.49
3.102,-1.514
-1.737,-1.031
2.328,-0.81
0.454,1.114
0.188,1.672
0.148,1.547
-2.149,-1.064
-2.849,-0.339
3.082,0.244
2.89,0.835
0.023,0.243
-0.222,-1.807
-1.331,-1.777
1.172,-1.808
-0.995,-2.21
-1.717,-2.297
-2.994,-2.359
0.813,-2.312
-2.011,-1.022
1.41,-1.104
-0.219,1.822
-0.173,1.347
-0.348,3.158
-0.348,0.495
-0.29,0.276
-0.443,2.35
-0.604,0.316
-0.682,1.694
-0.564,1.633
-0.73,0.897
-0.883,1.701
-1.047,-0.515
-1.008,1.389
-1.111,1.558
-1.252,2.668
-1.163,2.452
-1.3,0.594
-1.384,1.489
-1.669,2.956
-1.69,0.508
-1.692,0.57
-1.605,0.85
-1.902,0.555
-1.999,-0.114
-1.998,1.522
-2.172,2.949
-2.094,2.227
-2.25,2.695
-2.29,2.529
-2.31,0.364
-2.327,0.659
-2.263,1.769
-2.401,0.252
-2.438,0.053
-2.419,3.038
-2.46,2.63
-2.515,0.32
-2.754,1.031
-2.614,0.52
-2.618,2.583
-2.652,0.574
-2.659,0.28
-2.802,1.775
-2.8,2.93
-2.754,0.101
-2.994,0.334
-2.905,0.009
-3.078,2.06
-3.045,1.403
3.108,0.978
-3.133,1.054
-3.133,1.925
2.973,3.112
3.072,0.041
2.965,1.988
2.874,0.657
2.805,2.888
2.705,-0.466
2.576,2.085
2.644,0.089
2.572,-0.685
2.302,2.705
2.243,2.423
2.202,2.901
2.177,0.966
2.042,2.817
1.959,2.341
1.91,0.529
1.265,3.15
0.794,1.827
0.784,1.926
0.623,1.894
0.204,-0.661
0.218,0.222
0.322,0.722
0.213,1.538
0.028,1.461
-0.046,1.708
-0.082,-0.618
-0.105,-0.599
-0.127,0.082
-0.157,-0.166
-0.177,0.063
-0.108,-0.756
-0.292,-0.901
-0.314,-0.961
-0.711,-0.972
-1.522,-0.763
-1.648,-0.784
-1.843,-0.841
-2.443,-1.048
-3.065,-1.071
-3.079,-0.945
2.868,-1.115
2.929,-1.034
2.875,-0.992
2.708,-0.797
2.548,-1.135
2.014,-1.136
1.897,-0.957
1.417,-1.048
1.213,-0.84
0.37,-1.034
0.239,-0.818
0.387,-1.042
-1.923,3.227
-2.297,3.313
2.835,3.275
1.54,3.395
0.539,3.349
-0.483,0.004
-0.881,-0.027
-2.075,1.71
-2.766,1.129
-2.84,1.711
-2.853,-0.412
-3.067,-0.436
-1.623,0.047
2.442,0.268
0.568,2.192
0.302,2.75
0.262,2.625
-2.035,0.014
-2.735,0.739
-3.087,1.322
3.004,1.913
0.137,1.321
-0.108,-0.729
-1.217,-0.699
1.286,-0.73
-0.881,-1.132
-1.603,-1.219
-2.88,-1.281
0.927,-1.234
-2.862,-0.082
1.792,2.844
1.838,2.369
1.663,4.18
1.663,1.517
1.721,1.298
1.568,3.372
1.407,1.338
1.329,2.716
1.447,2.655
1.281,1.919
1.128,2.723
0.964,0.507
1.003,2.411
0.9,2.58
0.759,3.69
0.848,3.474
0.711,1.616
0.627,2.511
0.342,3.978
0.321,1.53
0.319,1.592
0.406,1.872
0.109,1.577
0.012,0.908
0.013,2.544
-0.161,3.971
-0.083,3.249
-0.239,3.717
-0.279,3.551
-0.299,1.386
-0.316,1.681
-0.252,2.791
-0.39,1.274
-0.427,1.075
-0.408,4.06
-0.449,3.652
-0.504,1.342
-0.743,2.053
-0.603,1.542
-0.607,3.605
-0.641,1.596
-0.648,1.302
-0.791,2.797
-0.789,3.952
-0.743,1.123
-0.983,1.356
-0.894,1.031
-1.067,3.082
-1.034,2.425
-1.164,2.0
-1.122,2.076
-1.122,2.947
-1.299,4.134
-1.2,1.063
-1.307,3.01
-1.398,1.679
-1.467,3.91
-1.567,0.556
-1.696,3.107
-1.628,1.111
-1.7,0.337
-1.97,3.727
-2.029,3.445
-2.07,3.923
-2.095,1.988
-2.23,3.839
-2.313,3.363
-2.362,1.551
-3.007,4.172
2.805,2.849
2.795,2.948
2.634,2.916
2.215,0.361
2.229,1.244
2.333,1.744
2.224,2.56
2.039,2.483
1.965,2.73
1.929,0.404
1.906,0.423
1.884,1.104
1.854,0.856
1.834,1.085
1.903,0.266
1.719,0.121
1.697,0.061
1.3,0.05
0.489,0.259
0.363,0.238
0.168,0.181
-0.432,-0.026
-1.054,-0.049
-1.068,0.077
-1.404,-0.093
-1.343,-0.012
-1.397,0.03
-1.564,0.225
-1.724,-0.113
-2.258,-0.114
-2.375,0.065
-2.855,-0.026
-3.059,0.182
2.381,-0.012
2.25,0.204
2.398,-0.02
0.088,4.249
-0.286,4.335
-1.437,4.297
-2.732,4.417
2.55,4.371
1.528,1.026
1.13,0.995
-0.064,2.732
-0.755,2.151
-0.829,2.733
-0.842,0.61
-1.056,0.586
0.388,1.069
-1.83,1.29
2.579,3.214
2.313,3.772
2.273,3.647
-0.024,1.036
-0.724,1.761
-1.076,2.344
-1.268,2.935
2.148,2.343
1.903,0.293
0.794,0.323
-2.986,0.292
1.13,-0.11
0.408,-0.197
-0.869,-0.259
2.938,-0.212
-1.629,2.926
-1.583,2.451
-1.758,4.262
-1.758,1.599
-1.7,1.38
-1.853,3.454
-2.014,1.42
-2.092,2.798
-1.974,2.737
-2.14,2.001
-2.293,2.805
-2.457,0.589
-2.418,2.493
-2.521,2.662
-2.662,3.772
-2.573,3.556
-2.71,1.698
-2.794,2.593
-3.079,4.06
-3.1,1.612
-3.102,1.674
-3.015,1.954
2.971,1.659
2.874,0.99
2.875,2.626
2.701,4.053
2.779,3.331
2.623,3.799
2.583,3.633
2.563,1.468
2.546,1.763
2.61,2.873
2.472,1.356
2.435,1.157
2.454,4.142
2.413,3.734
2.358,1.424
2.119,2.135
2.259,1.624
2.255,3.687
2.221,1.678
2.214,1.384
2.071,2.879
2.073,4.034
2.119,1.205
1.879,1.438
1.968,1.113
1.795,3.164
1.828,2.507
1.698,2.082
1.74,2.158
1.74,3.029
1.563,4.216
1.662,1.145
1.555,3.092
1.464,1.761
1.395,3.992
1.295,0.638
1.166,3.189
1.234,1.193
1.162,0.419
0.892,3.809
0.833,3.527
0.792,4.005
0.767,2.07
0.632,3.921
0.549,3.445
0.5,1.633
-0.145,4.254
-0.616,2.931
-0.626,3.03
-0.787,2.998
-1.206,0.443
-1.192,1.326
-1.088,1.826
-1.197,2.642
-1.382,2.565
-1.456,2.812
-1.492,0.486
-1.515,0.505
-1.537,1.186
-1.567,0.938
-1.587,1.167
-1.518,0.348
-1.702,0.203
-1.724,0.143
-2.121,0.132
-2.932,0.341
-3.058,0.32
3.03,0.263
2.43,0.056
1.808,0.033
1.794,0.159
1.458,-0.011
1.519,0.07
1.465,0.112
1.298,0.307
1.138,-0.031
0.604,-0.032
0.487,0.147
0.007,0.056
-0.197,0.264
-1.04,0.07
-1.171,0.286
-1.023,0.062
2.95,4.331
2.576,4.417
1.425,4.379
0.13,4.499
-0.871,4.453
-1.893,1.108
-2.291,1.077
2.798,2.814
2.107,2.233
2.033,2.815
2.02,0.692
1.806,0.668
-3.033,1.151
1.032,1.372
-0.842,3.296
-1.108,3.854
-1.148,3.729
2.838,1.118
2.138,1.843
1.786,2.426
1.594,3.017
-1.273,2.425
-1.518,0.375
-2.627,0.405
-0.124,0.374
-2.291,-0.028
-3.013,-0.115
1.993,-0.177
-0.483,-0.13
0.046,-0.475
-0.129,1.336
-0.129,-1.327
-0.071,-1.546
-0.224,0.528
-0.385,-1.506
-0.463,-0.128
-0.345,-0.189
-0.511,-0.925
-0.664,-0.121
-0.828,-2.337
-0.789,-0.433
-0.892,-0.264
-1.033,0.846
-0.944,0.63
-1.081,-1.228
-1.165,-0.333
-1.45,1.134
-1.471,-1.314
-1.473,-1.252
-1.386,-0.972
-1.683,-1.267
-1.78,-1.936
-1.779,-0.3
-1.953,1.127
-1.875,0.405
-2.031,0.873
-2.071,0.707
-2.091,-1.458
-2.108,-1.163
-2.044,-0.053
-2.182,-1.57
-2.219,-1.769
-2.2,1.216
-2.241,0.808
-2.296,-1.502
-2.535,-0.791
-2.395,-1.302
-2.399,0.761
-2.433,-1.248
-2.44,-1.542
-2.583,-0.047
-2.581,1.108
-2.535,-1.721
-2.775,-1.488
-2.686,-1.813
-2.859,0.238
-2.826,-0.419
-2.956,-0.844
-2.914,-0.768
-2.914,0.103
-3.091,1.29
-2.992,-1.781
-3.099,0.166
3.093,-1.165
3.024,1.066
2.924,-2.288
2.795,0.263
2.863,-1.733
2.791,-2.507
2.521,0.883
2.462,0.601
2.421,1.079
2.396,-0.856
2.261,0.995
2.178,0.519
2.129,-1.293
1.484,1.328
1.013,0.005
1.003,0.104
0.842,0.072
0.423,-2.483
0.437,-1.6
0.541,-1.1
0.432,-0.284
0.247,-0.361
0.173,-0.114
0.137,-2.44
0.114,-2.421
0.092,-1.74
0.062,-1.988
0.042,-1.759
0.111,-2.578
-0.073,-2.723
-0.095,-2.783
-0.492,-2.794
-1.303,-2.585
-1.429,-2.606
-1.624,-2.663
-2.224,-2.87
-2.846,-2.893
-2.86,-2.767
3.087,-2.937
-3.135,-2.856
3.094,-2.814
2.927,-2.619
2.767,-2.957
2.233,-2.958
2.116,-2.779
1.636,-2.87
1.432,-2.662
0.589,-2.856
0.458,-2.64
0.606,-2.864
-1.704,1.405
-2.078,1.491
3.054,1.453
1.759,1.573
0.758,1.527
-0.264,-1.818
-0.662,-1.849
-1.856,-0.112
-2.547,-0.693
-2.621,-0.111
-2.634,-2.234
-2.848,-2.258
-1.404,-1.775
2.661,-1.554
0.787,0.37
0.521,0.928
0.481,0.803
-1.816,-1.808
-2.516,-1.083
-2.868,-0.5
-3.06,0.091
0.356,-0.501
0.111,-2.551
-0.998,-2.521
1.505,-2.552
-0.662,-2.954
-1.384,-3.041
-2.661,-3.103
1.146,-3.056
-0.175,1.811
-0.175,-0.852
-0.117,-1.071
-0.27,1.003
-0.431,-1.031
-0.509,0.347
-0.391,0.286
-0.557,-0.45
-0.71,0.354
-0.874,-1.862
-0.835,0.042
-0.938,0.211
-1.079,1.321
-0.99,1.105
-1.127,-0.753
-1.211,0.142
-1.496,1.609
-1.517,-0.839
-1.519,-0.777
-1.432,-0.497
-1.729,-0.792
-1.826,-1.461
-1.825,0.175
-1.999,1.602
-1.921,0.88
-2.077,1.348
-2.117,1.182
-2.137,-0.983
-2.154,-0.688
-2.09,0.422
-2.228,-1.095
-2.265,-1.294
-2.246,1.691
-2.287,1.283
-2.342,-1.027
-2.581,-0.316
-2.441,-0.827
-2.445,1.236
-2.479,-0.773
-2.486,-1.067
-2.629,0.428
-2.627,1.583
-2.581,-1.246
-2.821,-1.013
-2.732,-1.338
-2.905,0.713
-2.872,0.056
-3.002,-0.369
-2.96,-0.293
-2.96,0.578
-3.137,1.765
-3.038,-1.306
3.138,0.641
3.047,-0.69
2.978,1.541
2.878,-1.813
2.749,0.738
2.817,-1.258
2.745,-2.032
2.475,1.358
2.416,1.076
2.375,1.554
2.35,-0.381
2.215,1.47
2.132,0.994
2.083,-0.818
1.438,1.803
0.967,0.48
0.957,0.579
0.796,0.547
0.377,-2.008
0.391,-1.125
0.495,-0.625
0.386,0.191
0.201,0.114
0.127,0.361
0.091,-1.965
0.068,-1.946
0.046,-1.265
0.016,-1.513
-0.004,-1.284
0.065,-2.103
-0.119,-2.248
-0.141,-2.308
-0.538,-2.319
-1.349,-2.11
-1.475,-2.131
-1.67,-2.188
-2.27,-2.395
-2.892,-2.418
-2.906,-2.292
3.041,-2.462
3.102,-2.381
3.048,-2.339
2.881,-2.144
2.721,-2.482
2.187,-2.483
2.07,-2.304
1.59,-2.395
1.386,-2.187
0.543,-2.381
0.412,-2.165
0.56,-2.389
-1.75,1.88
-2.124,1.966
3.008,1.928
1.713,2.048
0.712,2.002
-0.31,-1.343
-0.708,-1.374
-1.902,0.363
-2.593,-0.218
-2.667,0.364
-2.68,-1.759
-2.894,-1.783
-1.45,-1.3
2.615,-1.079
0.741,0.845
0.475,1.403
0.435,1.278
-1.862,-1.333
-2.562,-0.608
-2.914,-0.025
-3.106,0.566
0.31,-0.026
0.065,-2.076
-1.044,-2.046
1.459,-2.077
-0.708,-2.479
-1.43,-2.566
-2.707,-2.628
1.1,-2.581
0.0,-2.663
0.058,-2.882
-0.095,-0.808
-0.256,-2.842
-0.334,-1.464
-0.216,-1.525
-0.382,-2.261
-0.535,-1.457
-0.699,-3.673
-0.66,-1.769
-0.763,-1.6
-0.904,-0.49
-0.815,-0.706
-0.952,-2.564
-1.036,-1.669
-1.321,-0.202
-1.342,-2.65
-1.344,-2.588
-1.257,-2.308
-1.554,-2.603
-1.651,-3.272
-1.65,-1.636
-1.824,-0.209
-1.746,-0.931
-1.902,-0.463
-1.942,-0.629
-1.962,-2.794
-1.979,-2.499
-1.915,-1.389
-2.053,-2.906
-2.09,-3.105
-2.071,-0.12
-2.112,-0.528
-2.167,-2.838
-2.406,-2.127
-2.266,-2.638
-2.27,-0.575
-2.304,-2.584
-2.311,-2.878
-2.454,-1.383
-2.452,-0.228
-2.406,-3.057
-2.646,-2.824
-2.557,-3.149
-2.73,-1.098
-2.697,-1.755
-2.827,-2.18
-2.785,-2.104
-2.785,-1.233
-2.962,-0.046
-2.863,-3.117
-2.97,-1.17
-3.061,-2.501
-3.13,-0.27
3.053,-3.624
2.924,-1.073
2.992,-3.069
2.92,-3.843
2.65,-0.453
2.591,-0.735
2.55,-0.257
2.525,-2.192
2.39,-0.341
2.307,-0.817
2.258,-2.629
1.613,-0.008
1.142,-1.331
1.132,-1.232
0.971,-1.264
0.552,-3.819
0.566,-2.936
0.67,-2.436
0.561,-1.62
0.376,-1.697
0.302,-1.45
0.266,-3.776
0.243,-3.757
0.221,-3.076
0.191,-3.324
0.171,-3.095
0.24,-3.914
0.056,-4.059
0.034,-4.119
-0.363,-4.13
-1.174,-3.921
-1.3,-3.942
-1.495,-3.999
-2.095,-4.206
-2.717,-4.229
-2.731,-4.103
-3.067,-4.273
-3.006,-4.192
-3.06,-4.15
3.056,-3.955
2.896,-4.293
2.362,-4.294
2.245,-4.115
1.765,-4.206
1.561,-3.998
0.718,-4.192
0.587,-3.976
0.735,-4.2
-1.575,0.069
-1.949,0.155
-3.1,0.117
1.888,0.237
0.887,0.191
-0.135,-3.154
-0.533,-3.185
-1.727,-1.448
-2.418,-2.029
-2.492,-1.447
-2.505,-3.57
-2.719,-3.594
-1.275,-3.111
2.79,-2.89
0.916,-0.966
0.65,-0.408
0.61,-0.533
-1.687,-3.144
-2.387,-2.419
-2.739,-1.836
-2.931,-1.245
0.485,-1.837
0.24,-3.887
-0.869,-3.857
1.634,-3.888
-0.533,-4.29
-1.255,-4.377
-2.532,-4.439
1.275,-4.392
0.058,-0.219
-0.095,1.855
-0.256,-0.179
-0.334,1.199
-0.216,1.138
-0.382,0.402
-0.535,1.206
-0.699,-1.01
-0.66,0.894
-0.763,1.063
-0.904,2.173
-0.815,1.957
-0.952,0.099
-1.036,0.994
-1.321,2.461
-1.342,0.013
-1.344,0.075
-1.257,0.355
-1.554,0.06
-1.651,-0.609
-1.65,1.027
-1.824,2.454
-1.746,1.732
-1.902,2.2
-1.942,2.034
-1.962,-0.131
-1.979,0.164
-1.915,1.274
-2.053,-0.243
-2.09,-0.442
-2.071,2.543
-2.112,2.135
-2.167,-0.175
-2.406,0.536
-2.266,0.025
-2.27,2.088
-2.304,0.079
-2.311,-0.215
-2.454,1.28
-2.452,2.435
-2.406,-0.394
-2.646,-0.161
-2.557,-0.486
-2.73,1.565
-2.697,0.908
-2.827,0.483
-2.785,0.559
-2.785,1.43
-2.962,2.617
-2.863,-0.454
-2.97,1.493
-3.061,0.162
-3.13,2.393
3.053,-0.961
2.924,1.59
2.992,-0.406
2.92,-1.18
2.65,2.21
2.591,1.928
2.55,2.406
2.525,0.471
2.39,2.322
2.307,1.846
2.258,0.034
1.613,2.655
1.142,1.332
1.132,1.431
0.971,1.399
0.552,-1.156
0.566,-0.273
0.67,0.227
0.561,1.043
0.376,0.966
0.302,1.213
0.266,-1.113
0.243,-1.094
0.221,-0.413
0.191,-0.661
0.171,-0.432
0.24,-1.251
0.056,-1.396
0.034,-1.456
-0.363,-1.467
-1.174,-1.258
-1.3,-1.279
-1.495,-1.336
-2.095,-1.543
-2.717,-1.566
-2.731,-1.44
-3.067,-1.61
-3.006,-1.529
-3.06,-1.487
3.056,-1.292
2.896,-1.63
2.362,-1.631
2.245,-1.452
1.765,-1.543
1.561,-1.335
0.718,-1.529
0.587,-1.313
0.735,-1.537
-1.575,2.732
-1.949,2.818
-3.1,2.78
1.888,2.9
0.887,2.854
-0.135,-0.491
-0.533,-0.522
-1.727,1.215
-2.418,0.634
-2.492,1.216
-2.505,-0.907
-2.719,-0.931
-1.275,-0.448
2.79,-0.227
0.916,1.697
0.65,2.255
0.61,2.13
-1.687,-0.481
-2.387,0.244
-2.739,0.827
-2.931,1.418
0.485,0.826
0.24,-1.224
-0.869,-1.194
1.634,-1.225
-0.533,-1.627
-1.255,-1.714
-2.532,-1.776
1.275,-1.729
-0.153,2.074
-0.314,0.04
-0.392,1.418
-0.274,1.357
-0.44,0.621
-0.593,1.425
-0.757,-0.791
-0.718,1.113
-0.821,1.282
-0.962,2.392
-0.873,2.176
-1.01,0.318
-1.094,1.213
-1.379,2.68
-1.4,0.232
-1.402,0.294
-1.315,0.574
-1.612,0.279
-1.709,-0.39
-1.708,1.246
-1.882,2.673
-1.804,1.951
-1.96,2.419
-2.0,2.253
-2.02,0.088
-2.037,0.383
-1.973,1.493
-2.111,-0.024
-2.148,-0.223
-2.129,2.762
-2.17,2.354
-2.225,0.044
-2.464,0.755
-2.324,0.244
-2.328,2.307
-2.362,0.298
-2.369,0.004
-2.512,1.499
-2.51,2.654
-2.464,-0.175
-2.704,0.058
-2.615,-0.267
-2.788,1.784
-2.755,1.127
-2.885,0.702
-2.843,0.778
-2.843,1.649
-3.02,2.836
-2.921,-0.235
-3.028,1.712
-3.119,0.381
3.095,2.612
2.995,-0.742
2.866,1.809
2.934,-0.187
2.862,-0.961
2.592,2.429
2.533,2.147
2.492,2.625
2.467,0.69
2.332,2.541
2.249,2.065
2.2,0.253
1.555,2.874
1.084,1.551
1.074,1.65
0.913,1.618
0.494,-0.937
0.508,-0.054
0.612,0.446
0.503,1.262
0.318,1.185
0.244,1.432
0.208,-0.894
0.185,-0.875
0.163,-0.194
0.133,-0.442
0.113,-0.213
0.182,-1.032
-0.002,-1.177
-0.024,-1.237
-0.421,-1.248
-1.232,-1.039
-1.358,-1.06
-1.553,-1.117
-2.153,-1.324
-2.775,-1.347
-2.789,-1.221
-3.125,-1.391
-3.064,-1.31
-3.118,-1.268
2.998,-1.073
2.838,-1.411
2.304,-1.412
2.187,-1.233
1.707,-1.324
1.503,-1.116
0.66,-1.31
0.529,-1.094
0.677,-1.318
-1.633,2.951
-2.007,3.037
3.125,2.999
1.83,3.119
0.829,3.073
-0.193,-0.272
-0.591,-0.303
-1.785,1.434
-2.476,0.853
-2.55,1.435
-2.563,-0.688
-2.777,-0.712
-1.333,-0.229
2.732,-0.008
0.858,1.916
0.592,2.474
0.552,2.349
-1.745,-0.262
-2.445,0.463
-2.797,1.046
-2.989,1.637
0.427,1.045
0.182,-1.005
-0.927,-0.975
1.576,-1.006
-0.591,-1.408
-1.313,-1.495
-2.59,-1.557
1.217,-1.51
-0.161,-2.034
-0.239,-0.656
-0.121,-0.717
-0.287,-1.453
-0.44,-0.649
-0.604,-2.865
-0.565,-0.961
-0.668,-0.792
-0.809,0.318
-0.72,0.102
-0.857,-1.756
-0.941,-0.861
-1.226,0.606
-1.247,-1.842
-1.249,-1.78
-1.162,-1.5
-1.459,-1.795
-1.556,-2.464
-1.555,-0.828
-1.729,0.599
-1.651,-0.123
-1.807,0.345
-1.847,0.179
-1.867,-1.986
-1.884,-1.691
-1.82,-0.581
-1.958,-2.098
-1.995,-2.297
-1.976,0.688
-2.017,0.28
-2.072,-2.03
-2.311,-1.319
-2.171,-1.83
-2.175,0.233
-2.209,-1.776
-2.216,-2.07
-2.359,-0.575
-2.357,0.58
-2.311,-2.249
-2.551,-2.016
-2.462,-2.341
-2.635,-0.29
-2.602,-0.947
-2.732,-1.372
-2.69,-1.296
-2.69,-0.425
-2.867,0.762
-2.768,-2.309
-2.875,-0.362
-2.966,-1.693
-3.035,0.538
-3.135,-2.816
3.019,-0.265
3.087,-2.261
3.015,-3.035
2.745,0.355
2.686,0.073
2.645,0.551
2.62,-1.384
2.485,0.467
2.402,-0.009
2.353,-1.821
1.708,0.8
1.237,-0.523
1.227,-0.424
1.066,-0.456
0.647,-3.011
0.661,-2.128
0.765,-1.628
0.656,-0.812
0.471,-0.889
0.397,-0.642
0.361,-2.968
0.338,-2.949
0.316,-2.268
0.286,-2.516
0.266,-2.287
0.335,-3.106
0.151,-3.251
0.129,-3.311
-0.268,-3.322
-1.079,-3.113
-1.205,-3.134
-1.4,-3.191
-2.0,-3.398
-2.622,-3.421
-2.636,-3.295
-2.972,-3.465
-2.911,-3.384
-2.965,-3.342
-3.132,-3.147
2.991,-3.485
2.457,-3.486
2.34,-3.307
1.86,-3.398
1.656,-3.19
0.813,-3.384
0.682,-3.168
0.83,-3.392
-1.48,0.877
-1.854,0.963
-3.005,0.925
1.983,1.045
0.982,0.999
-0.04,-2.346
-0.438,-2.377
-1.632,-0.64
-2.323,-1.221
-2.397,-0.639
-2.41,-2.762
-2.624,-2.786
-1.18,-2.303
2.885,-2.082
1.011,-0.158
0.745,0.4
0.705,0.275
-1.592,-2.336
-2.292,-1.611
-2.644,-1.028
-2.836,-0.437
0.58,-1.029
0.335,-3.079
-0.774,-3.049
1.729,-3.08
-0.438,-3.482
-1.16,-3.569
-2.437,-3.631
1.37,-3.584
-0.078,1.378
0.04,1.317
-0.126,0.581
-0.279,1.385
-0.443,-0.831
-0.404,1.073
-0.507,1.242
-0.648,2.352
-0.559,2.136
-0.696,0.278
-0.78,1.173
-1.065,2.64
-1.086,0.192
-1.088,0.254
-1.001,0.534
-1.298,0.239
-1.395,-0.43
-1.394,1.206
-1.568,2.633
-1.49,1.911
-1.646,2.379
-1.686,2.213
-1.706,0.048
-1.723,0.343
-1.659,1.453
-1.797,-0.064
-1.834,-0.263
-1.815,2.722
-1.856,2.314
-1.911,0.004
-2.15,0.715
-2.01,0.204
-2.014,2.267
-2.048,0.258
-2.055,-0.036
-2.198,1.459
-2.196,2.614
-2.15,-0.215
-2.39,0.018
-2.301,-0.307
-2.474,1.744
-2.441,1.087
-2.571,0.662
-2.529,0.738
-2.529,1.609
-2.706,2.796
-2.607,-0.275
-2.714,1.672
-2.805,0.341
-2.874,2.572
-2.974,-0.782
-3.103,1.769
-3.035,-0.227
-3.107,-1.001
2.906,2.389
2.847,2.107
2.806,2.585
2.781,0.65
2.646,2.501
2.563,2.025
2.514,0.213
1.869,2.834
1.398,1.511
1.388,1.61
1.227,1.578
0.808,-0.977
0.822,-0.094
0.926,0.406
0.817,1.222
0.632,1.145
0.558,1.392
0.522,-0.934
0.499,-0.915
0.477,-0.234
0.447,-0.482
0.427,-0.253
0.496,-1.072
0.312,-1.217
0.29,-1.277
-0.107,-1.288
-0.918,-1.079
-1.044,-1.1
-1.239,-1.157
-1.839,-1.364
-2.461,-1.387
-2.475,-1.261
-2.811,-1.431
-2.75,-1.35
-2.804,-1.308
-2.971,-1.113
-3.131,-1.451
2.618,-1.452
2.501,-1.273
2.021,-1.364
1.817,-1.156
0.974,-1.35
0.843,-1.134
0.991,-1.358
-1.319,2.911
-1.693,2.997
-2.844,2.959
2.144,3.079
1.143,3.033
0.121,-0.312
-0.277,-0.343
-1.471,1.394
-2.162,0.813
-2.236,1.395
-2.249,-0.728
-2.463,-0.752
-1.019,-0.269
3.046,-0.048
1.172,1.876
0.906,2.434
0.866,2.309
-1.431,-0.302
-2.131,0.423
-2.483,1.006
-2.675,1.597
0.741,1.005
0.496,-1.045
-0.613,-1.015
1.89,-1.046
-0.277,-1.448
-0.999,-1.535
-2.276,-1.597
1.531,-1.55
0.118,-0.061
-0.048,-0.797
-0.201,0.007
-0.365,-2.209
-0.326,-0.305
-0.429,-0.136
-0.57,0.974
-0.481,0.758
-0.618,-1.1
-0.702,-0.205
-0.987,1.262
-1.008,-1.186
-1.01,-1.124
-0.923,-0.844
-1.22,-1.139
-1.317,-1.808
-1.316,-0.172
-1.49,1.255
-1.412,0.533
-1.568,1.001
-1.608,0.835
-1.628,-1.33
-1.645,-1.035
-1.581,0.075
-1.719,-1.442
-1.756,-1.641
-1.737,1.344
-1.778,0.936
-1.833,-1.374
-2.072,-0.663
-1.932,-1.174
-1.936,0.889
-1.97,-1.12
-1.977,-1.414
-2.12,0.081
-2.118,1.236
-2.072,-1.593
-2.312,-1.36
-2.223,-1.685
-2.396,0.366
-2.363,-0.291
-2.493,-0.716
-2.451,-0.64
-2.451,0.231
-2.628,1.418
-2.529,-1.653
-2.636,0.294
-2.727,-1.037
-2.796,1.194
-2.896,-2.16
-3.025,0.391
-2.957,-1.605
-3.029,-2.379
2.984,1.011
2.925,0.729
2.884,1.207
2.859,-0.728
2.724,1.123
2.641,0.647
2.592,-1.165
1.947,1.456
1.476,0.133
1.466,0.232
1.305,0.2
0.886,-2.355
0.9,-1.472
1.004,-0.972
0.895,-0.156
0.71,-0.233
0.636,0.014
0.6,-2.312
0.577,-2.293
0.555,-1.612
0.525,-1.86
0.505,-1.631
0.574,-2.45
0.39,-2.595
0.368,-2.655
-0.029,-2.666
-0.84,-2.457
-0.966,-2.478
-1.161,-2.535
-1.761,-2.742
-2.383,-2.765
-2.397,-2.639
-2.733,-2.809
-2.672,-2.728
-2.726,-2.686
-2.893,-2.491
-3.053,-2.829
2.696,-2.83
2.579,-2.651
2.099,-2.742
1.895,-2.534
1.052,-2.728
0.921,-2.512
1.069,-2.736
-1.241,1.533
-1.615,1.619
-2.766,1.581
2.222,1.701
1.221,1.655
0.199,-1.69
-0.199,-1.721
-1.393,0.016
-2.084,-0.565
-2.158,0.017
-2.171,-2.106
-2.385,-2.13
-0.941,-1.647
3.124,-1.426
1.25,0.498
0.984,1.056
0.944,0.931
-1.353,-1.68
-2.053,-0.955
-2.405,-0.372
-2.597,0.219
0.819,-0.373
0.574,-2.423
-0.535,-2.393
1.968,-2.424
-0.199,-2.826
-0.921,-2.913
-2.198,-2.975
1.609,-2.928
-0.166,-0.736
-0.319,0.068
-0.483,-2.148
-0.444,-0.244
-0.547,-0.075
-0.688,1.035
-0.599,0.819
-0.736,-1.039
-0.82,-0.144
-1.105,1.323
-1.126,-1.125
-1.128,-1.063
-1.041,-0.783
-1.338,-1.078
-1.435,-1.747
-1.434,-0.111
-1.608,1.316
-1.53,0.594
-1.686,1.062
-1.726,0.896
-1.746,-1.269
-1.763,-0.974
-1.699,0.136
-1.837,-1.381
-1.874,-1.58
-1.855,1.405
-1.896,0.997
-1.951,-1.313
-2.19,-0.602
-2.05,-1.113
-2.054,0.95
-2.088,-1.059
-2.095,-1.353
-2.238,0.142
-2.236,1.297
-2.19,-1.532
-2.43,-1.299
-2.341,-1.624
-2.514,0.427
-2.481,-0.23
-2.611,-0.655
-2.569,-0.579
-2.569,0.292
-2.746,1.479
-2.647,-1.592
-2.754,0.355
-2.845,-0.976
-2.914,1.255
-3.014,-2.099
3.14,0.452
-3.075,-1.544
3.136,-2.318
2.866,1.072
2.807,0.79
2.766,1.268
2.741,-0.667
2.606,1.184
2.523,0.708
2.474,-1.104
1.829,1.517
1.358,0.194
1.348,0.293
1.187,0.261
0.768,-2.294
0.782,-1.411
0.886,-0.911
0.777,-0.095
0.592,-0.172
0.518,0.075
0.482,-2.251
0.459,-2.232
0.437,-1.551
0.407,-1.799
0.387,-1.57
0.456,-2.389
0.272,-2.534
0.25,-2.594
-0.147,-2.605
-0.958,-2.396
-1.084,-2.417
-1.279,-2.474
-1.879,-2.681
-2.501,-2.704
-2.515,-2.578
-2.851,-2.748
-2.79,-2.667
-2.844,-2.625
-3.011,-2.43
3.112,-2.768
2.578,-2.769
2.461,-2.59
1.981,-2.681
1.777,-2.473
0.934,-2.667
0.803,-2.451
0.951,-2.675
-1.359,1.594
-1.733,1.68
-2.884,1.642
2.104,1.762
1.103,1.716
0.081,-1.629
-0.317,-1.66
-1.511,0.077
-2.202,-0.504
-2.276,0.078
-2.289,-2.045
-2.503,-2.069
-1.059,-1.586
3.006,-1.365
1.132,0.559
0.866,1.117
0.826,0.992
-1.471,-1.619
-2.171,-0.894
-2.523,-0.311
-2.715,0.28
0.701,-0.312
0.456,-2.362
-0.653,-2.332
1.85,-2.363
-0.317,-2.765
-1.039,-2.852
-2.316,-2.914
1.491,-2.867
-0.153,0.804
-0.317,-1.412
-0.278,0.492
-0.381,0.661
-0.522,1.771
-0.433,1.555
-0.57,-0.303
-0.654,0.592
-0.939,2.059
-0.96,-0.389
-0.962,-0.327
-0.875,-0.047
-1.172,-0.342
-1.269,-1.011
-1.268,0.625
-1.442,2.052
-1.364,1.33
-1.52,1.798
-1.56,1.632
-1.58,-0.533
-1.597,-0.238
-1.533,0.872
-1.671,-0.645
-1.708,-0.844
-1.689,2.141
-1.73,1.733
-1.785,-0.577
-2.024,0.134
-1.884,-0.377
-1.888,1.686
-1.922,-0.323
-1.929,-0.617
-2.072,0.878
-2.07,2.033
-2.024,-0.796
-2.264,-0.563
-2.175,-0.888
-2.348,1.163
-2.315,0.506
-2.445,0.081
-2.403,0.157
-2.403,1.028
-2.58,2.215
-2.481,-0.856
-2.588,1.091
-2.679,-0.24
-2.748,1.991
-2.848,-1.363
-2.977,1.188
-2.909,-0.808
-2.981,-1.582
3.032,1.808
2.973,1.526
2.932,2.004
2.907,0.069
2.772,1.92
2.689,1.444
2.64,-0.368
1.995,2.253
1.524,0.93
1.514,1.029
1.353,0.997
0.934,-1.558
0.948,-0.675
1.052,-0.175
0.943,0.641
0.758,0.564
0.684,0.811
0.648,-1.515
0.625,-1.496
0.603,-0.815
0.573,-1.063
0.553,-0.834
0.622,-1.653
0.438,-1.798
0.416,-1.858
0.019,-1.869
-0.792,-1.66
-0.918,-1.681
-1.113,-1.738
-1.713,-1.945
-2.335,-1.968
-2.349,-1.842
-2.685,-2.012
-2.624,-1.931
-2.678,-1.889
-2.845,-1.694
-3.005,-2.032
2.744,-2.033
2.627,-1.854
2.147,-1.945
1.943,-1.737
1.1,-1.931
0.969,-1.715
1.117,-1.939
-1.193,2.33
-1.567,2.416
-2.718,2.378
2.27,2.498
1.269,2.452
0.247,-0.893
-0.151,-0.924
-1.345,0.813
-2.036,0.232
-2.11,0.814
-2.123,-1.309
-2.337,-1.333
-0.893,-0.85
-3.111,-0.629
1.298,1.295
1.032,1.853
0.992,1.728
-1.305,-0.883
-2.005,-0.158
-2.357,0.425
-2.549,1.016
0.867,0.424
0.622,-1.626
-0.487,-1.596
2.016,-1.627
-0.151,-2.029
-0.873,-2.116
-2.15,-2.178
1.657,-2.131
-0.164,-2.216
-0.125,-0.312
-0.228,-0.143
-0.369,0.967
-0.28,0.751
-0.417,-1.107
-0.501,-0.212
-0.786,1.255
-0.807,-1.193
-0.809,-1.131
-0.722,-0.851
-1.019,-1.146
-1.116,-1.815
-1.115,-0.179
-1.289,1.248
-1.211,0.526
-1.367,0.994
-1.407,0.828
-1.427,-1.337
-1.444,-1.042
-1.38,0.068
-1.518,-1.449
-1.555,-1.648
-1.536,1.337
-1.577,0.929
-1.632,-1.381
-1.871,-0.67
-1.731,-1.181
-1.735,0.882
-1.769,-1.127
-1.776,-1.421
-1.919,0.074
-1.917,1.229
-1.871,-1.6
-2.111,-1.367
-2.022,-1.692
-2.195,0.359
-2.162,-0.298
-2.292,-0.723
-2.25,-0.647
-2.25,0.224
-2.427,1.411
-2.328,-1.66
-2.435,0.287
-2.526,-1.044
-2.595,1.187
-2.695,-2.167
-2.824,0.384
-2.756,-1.612
-2.828,-2.386
-3.098,1.004
3.126,0.722
3.085,1.2
3.06,-0.735
2.925,1.116
2.842,0.64
2.793,-1.172
2.148,1.449
1.677,0.126
1.667,0.225
1.506,0.193
1.087,-2.362
1.101,-1.479
1.205,-0.979
1.096,-0.163
0.911,-0.24
0.837,0.007
0.801,-2.319
0.778,-2.3
0.756,-1.619
0.726,-1.867
0.706,-1.638
0.775,-2.457
0.591,-2.602
0.569,-2.662
0.172,-2.673
-0.639,-2.464
-0.765,-2.485
-0.96,-2.542
-1.56,-2.749
-2.182,-2.772
-2.196,-2.646
-2.532,-2.816
-2.471,-2.735
-2.525,-2.693
-2.692,-2.498
-2.852,-2.836
2.897,-2.837
2.78,-2.658
2.3,-2.749
2.096,-2.541
1.253,-2.735
1.122,-2.519
1.27,-2.743
-1.04,1.526
-1.414,1.612
-2.565,1.574
2.423,1.694
1.422,1.648
0.4,-1.697
0.002,-1.728
-1.192,0.009
-1.883,-0.572
-1.957,0.01
-1.97,-2.113
-2.184,-2.137
-0.74,-1.654
-2.958,-1.433
1.451,0.491
1.185,1.049
1.145,0.924
-1.152,-1.687
-1.852,-0.962
-2.204,-0.379
-2.396,0.212
1.02,-0.38
0.775,-2.43
-0.334,-2.4
2.169,-2.431
0.002,-2.833
-0.72,-2.92
-1.997,-2.982
1.81,-2.935
0.039,1.904
-0.064,2.073
-0.205,3.183
-0.116,2.967
-0.253,1.109
-0.337,2.004
-0.622,3.471
-0.643,1.023
-0.645,1.085
-0.558,1.365
-0.855,1.07
-0.952,0.401
-0.951,2.037
-1.125,3.464
-1.047,2.742
-1.203,3.21
-1.243,3.044
-1.263,0.879
-1.28,1.174
-1.216,2.284
-1.354,0.767
-1.391,0.568
-1.372,3.553
-1.413,3.145
-1.468,0.835
-1.707,1.546
-1.567,1.035
-1.571,3.098
-1.605,1.089
-1.612,0.795
-1.755,2.29
-1.753,3.445
-1.707,0.616
-1.947,0.849
-1.858,0.524
-2.031,2.575
-1.998,1.918
-2.128,1.493
-2.086,1.569
-2.086,2.44
-2.263,3.627
-2.164,0.556
-2.271,2.503
-2.362,1.172
-2.431,3.403
-2.531,0.049
-2.66,2.6
-2.592,0.604
-2.664,-0.17
-2.934,3.22
-2.993,2.938
-3.034,3.416
-3.059,1.481
3.089,3.332
3.006,2.856
2.957,1.044
2.312,3.665
1.841,2.342
1.831,2.441
1.67,2.409
1.251,-0.146
1.265,0.737
1.369,1.237
1.26,2.053
1.075,1.976
1.001,2.223
0.965,-0.103
0.942,-0.084
0.92,0.597
0.89,0.349
0.87,0.578
0.939,-0.241
0.755,-0.386
0.733,-0.446
0.336,-0.457
-0.475,-0.248
-0.601,-0.269
-0.796,-0.326
-1.396,-0.533
-2.018,-0.556
-2.032,-0.43
-2.368,-0.6
-2.307,-0.519
-2.361,-0.477
-2.528,-0.282
-2.688,-0.62
3.061,-0.621
2.944,-0.442
2.464,-0.533
2.26,-0.325
1.417,-0.519
1.286,-0.303
1.434,-0.527
-0.876,3.742
-1.25,3.828
-2.401,3.79
2.587,3.91
1.586,3.864
0.564,0.519
0.166,0.488
-1.028,2.225
-1.719,1.644
-1.793,2.226
-1.806,0.103
-2.02,0.079
-0.576,0.562
-2.794,0.783
1.615,2.707
1.349,3.265
1.309,3.14
-0.988,0.529
-1.688,1.254
-2.04,1.837
-2.232,2.428
1.184,1.836
0.939,-0.214
-0.17,-0.184
2.333,-0.215
0.166,-0.617
-0.556,-0.704
-1.833,-0.766
1.974,-0.719
-0.103,0.169
-0.244,1.279
-0.155,1.063
-0.292,-0.795
-0.376,0.1
-0.661,1.567
-0.682,-0.881
-0.684,-0.819
-0.597,-0.539
-0.894,-0.834
-0.991,-1.503
-0.99,0.133
-1.164,1.56
-1.086,0.838
-1.242,1.306
-1.282,1.14
-1.302,-1.025
-1.319,-0.73
-1.255,0.38
-1.393,-1.137
-1.43,-1.336
-1.411,1.649
-1.452,1.241
-1.507,-1.069
-1.746,-0.358
-1.606,-0.869
-1.61,1.194
-1.644,-0.815
-1.651,-1.109
-1.794,0.386
-1.792,1.541
-1.746,-1.288
-1.986,-1.055
-1.897,-1.38
-2.07,0.671
-2.037,0.014
-2.167,-0.411
-2.125,-0.335
-2.125,0.536
-2.302,1.723
-2.203,-1.348
-2.31,0.599
-2.401,-0.732
-2.47,1.499
-2.57,-1.855
-2.699,0.696
-2.631,-1.3
-2.703,-2.074
-2.973,1.316
-3.032,1.034
-3.073,1.512
-3.098,-0.423
3.05,1.428
2.967,0.952
2.918,-0.86
2.273,1.761
1.802,0.438
1.792,0.537
1.631,0.505
1.212,-2.05
1.226,-1.167
1.33,-0.667
1.221,0.149
1.036,0.072
0.962,0.319
0.926,-2.007
0.903,-1.988
0.881,-1.307
0.851,-1.555
0.831,-1.326
0.9,-2.145
0.716,-2.29
0.694,-2.35
0.297,-2.361
-0.514,-2.152
-0.64,-2.173
-0.835,-2.23
-1.435,-2.437
-2.057,-2.46
-2.071,-2.334
-2.407,-2.504
-2.346,-2.423
-2.4,-2.381
-2.567,-2.186
-2.727,-2.524
3.022,-2.525
2.905,-2.346
2.425,-2.437
2.221,-2.229
1.378,-2.423
1.247,-2.207
1.395,-2.431
-0.915,1.838
-1.289,1.924
-2.44,1.886
2.548,2.006
1.547,1.96
0.525,-1.385
0.127,-1.416
-1.067,0.321
-1.758,-0.26
-1.832,0.322
-1.845,-1.801
-2.059,-1.825
-0.615,-1.342
-2.833,-1.121
1.576,0.803
1.31,1.361
1.27,1.236
-1.027,-1.375
-1.727,-0.65
-2.079,-0.067
-2.271,0.524
1.145,-0.068
0.9,-2.118
-0.209,-2.088
2.294,-2.119
0.127,-2.521
-0.595,-2.608
-1.872,-2.67
1.935,-2.623
-0.141,1.11
-0.052,0.894
-0.189,-0.964
-0.273,-0.069
-0.558,1.398
-0.579,-1.05
-0.581,-0.988
-0.494,-0.708
-0.791,-1.003
-0.888,-1.672
-0.887,-0.036
-1.061,1.391
-0.983,0.669
-1.139,1.137
-1.179,0.971
-1.199,-1.194
-1.216,-0.899
-1.152,0.211
-1.29,-1.306
-1.327,-1.505
-1.308,1.48
-1.349,1.072
-1.404,-1.238
-1.643,-0.527
-1.503,-1.038
-1.507,1.025
-1.541,-0.984
-1.548,-1.278
-1.691,0.217
-1.689,1.372
-1.643,-1.457
-1.883,-1.224
-1.794,-1.549
-1.967,0.502
-1.934,-0.155
-2.064,-0.58
-2.022,-0.504
-2.022,0.367
-2.199,1.554
-2.1,-1.517
-2.207,0.43
-2.298,-0.901
-2.367,1.33
-2.467,-2.024
-2.596,0.527
-2.528,-1.469
-2.6,-2.243
-2.87,1.147
-2.929,0.865
-2.97,1.343
-2.995,-0.592
-3.13,1.259
3.07,0.783
3.021,-1.029
2.376,1.592
1.905,0.269
1.895,0.368
1.734,0.336
1.315,-2.219
1.329,-1.336
1.433,-0.836
1.324,-0.02
1.139,-0.097
1.065,0.15
1.029,-2.176
1.006,-2.157
0.984,-1.476
0.954,-1.724
0.934,-1.495
1.003,-2.314
0.819,-2.459
0.797,-2.519
0.4,-2.53
-0.411,-2.321
-0.537,-2.342
-0.732,-2.399
-1.332,-2.606
-1.954,-2.629
-1.968,-2.503
-2.304,-2.673
-2.243,-2.592
-2.297,-2.55
-2.464,-2.355
-2.624,-2.693
3.125,-2.694
3.008,-2.515
2.528,-2.606
2.324,-2.398
1.481,-2.592
1.35,-2.376
1.498,-2.6
-0.812,1.669
-1.186,1.755
-2.337,1.717
2.651,1.837
1.65,1.791
0.628,-1.554
0.23,-1.585
-0.964,0.152
-1.655,-0.429
-1.729,0.153
-1.742,-1.97
-1.956,-1.994
-0.512,-1.511
-2.73,-1.29
1.679,0.634
1.413,1.192
1.373,1.067
-0.924,-1.544
-1.624,-0.819
-1.976,-0.236
-2.168,0.355
1.248,-0.237
1.003,-2.287
-0.106,-2.257
2.397,-2.288
0.23,-2.69
-0.492,-2.777
-1.769,-2.839
2.038,-2.792
0.089,-0.216
-0.048,-2.074
-0.132,-1.179
-0.417,0.288
-0.438,-2.16
-0.44,-2.098
-0.353,-1.818
-0.65,-2.113
-0.747,-2.782
-0.746,-1.146
-0.92,0.281
-0.842,-0.441
-0.998,0.027
-1.038,-0.139
-1.058,-2.304
-1.075,-2.009
-1.011,-0.899
-1.149,-2.416
-1.186,-2.615
-1.167,0.37
-1.208,-0.038
-1.263,-2.348
-1.502,-1.637
-1.362,-2.148
-1.366,-0.085
-1.4,-2.094
-1.407,-2.388
-1.55,-0.893
-1.548,0.262
-1.502,-2.567
-1.742,-2.334
-1.653,-2.659
-1.826,-0.608
-1.793,-1.265
-1.923,-1.69
-1.881,-1.614
-1.881,-0.743
-2.058,0.444
-1.959,-2.627
-2.066,-0.68
-2.157,-2.011
-2.226,0.22
-2.326,-3.134
-2.455,-0.583
-2.387,-2.579
-2.459,-3.353
-2.729,0.037
-2.788,-0.245
-2.829,0.233
-2.854,-1.702
-2.989,0.149
-3.072,-0.327
-3.121,-2.139
2.517,0.482
2.046,-0.841
2.036,-0.742
1.875,-0.774
1.456,-3.329
1.47,-2.446
1.574,-1.946
1.465,-1.13
1.28,-1.207
1.206,-0.96
1.17,-3.286
1.147,-3.267
1.125,-2.586
1.095,-2.834
1.075,-2.605
1.144,-3.424
0.96,-3.569
0.938,-3.629
0.541,-3.64
-0.27,-3.431
-0.396,-3.452
-0.591,-3.509
-1.191,-3.716
-1.813,-3.739
-1.827,-3.613
-2.163,-3.783
-2.102,-3.702
-2.156,-3.66
-2.323,-3.465
-2.483,-3.803
-3.017,-3.804
-3.134,-3.625
2.669,-3.716
2.465,-3.508
1.622,-3.702
1.491,-3.486
1.639,-3.71
-0.671,0.559
-1.045,0.645
-2.196,0.607
2.792,0.727
1.791,0.681
0.769,-2.664
0.371,-2.695
-0.823,-0.958
-1.514,-1.539
-1.588,-0.957
-1.601,-3.08
-1.815,-3.104
-0.371,-2.621
-2.589,-2.4
1.82,-0.476
1.554,0.082
1.514,-0.043
-0.783,-2.654
-1.483,-1.929
-1.835,-1.346
-2.027,-0.755
1.389,-1.347
1.144,-3.397
0.035,-3.367
2.538,-3.398
0.371,-3.8
-0.351,-3.887
-1.628,-3.949
2.179,-3.902
-0.137,-1.858
-0.221,-0.963
-0.506,0.504
-0.527,-1.944
-0.529,-1.882
-0.442,-1.602
-0.739,-1.897
-0.836,-2.566
-0.835,-0.93
-1.009,0.497
-0.931,-0.225
-1.087,0.243
-1.127,0.077
-1.147,-2.088
-1.164,-1.793
-1.1,-0.683
-1.238,-2.2
-1.275,-2.399
-1.256,0.586
-1.297,0.178
-1.352,-2.132
-1.591,-1.421
-1.451,-1.932
-1.455,0.131
-1.489,-1.878
-1.496,-2.172
-1.639,-0.677
-1.637,0.478
-1.591,-2.351
-1.831,-2.118
-1.742,-2.443
-1.915,-0.392
-1.882,-1.049
-2.012,-1.474
-1.97,-1.398
-1.97,-0.527
-2.147,0.66
-2.048,-2.411
-2.155,-0.464
-2.246,-1.795
-2.315,0.436
-2.415,-2.918
-2.544,-0.367
-2.476,-2.363
-2.548,-3.137
-2.818,0.253
-2.877,-0.029
-2.918,0.449
-2.943,-1.486
-3.078,0.365
3.122,-0.111
3.073,-1.923
2.428,0.698
1.957,-0.625
1.947,-0.526
1.786,-0.558
1.367,-3.113
1.381,-2.23
1.485,-1.73
1.376,-0.914
1.191,-0.991
1.117,-0.744
1.081,-3.07
1.058,-3.051
1.036,-2.37
1.006,-2.618
0.986,-2.389
1.055,-3.208
0.871,-3.353
0.849,-3.413
0.452,-3.424
-0.359,-3.215
-0.485,-3.236
-0.68,-3.293
-1.28,-3.5
-1.902,-3.523
-1.916,-3.397
-2.252,-3.567
-2.191,-3.486
-2.245,-3.444
-2.412,-3.249
-2.572,-3.587
-3.106,-3.588
3.06,-3.409
2.58,-3.5
2.376,-3.292
1.533,-3.486
1.402,-3.27
1.55,-3.494
-0.76,0.775
-1.134,0.861
-2.285,0.823
2.703,0.943
1.702,0.897
0.68,-2.448
0.282,-2.479
-0.912,-0.742
-1.603,-1.323
-1.677,-0.741
-1.69,-2.864
-1.904,-2.888
-0.46,-2.405
-2.678,-2.184
1.731,-0.26
1.465,0.298
1.425,0.173
-0.872,-2.438
-1.572,-1.713
-1.924,-1.13
-2.116,-0.539
1.3,-1.131
1.055,-3.181
-0.054,-3.151
2.449,-3.182
0.282,-3.584
-0.44,-3.671
-1.717,-3.733
2.09,-3.686
-0.084,0.895
-0.369,2.362
-0.39,-0.086
-0.392,-0.024
-0.305,0.256
-0.602,-0.039
-0.699,-0.708
-0.698,0.928
-0.872,2.355
-0.794,1.633
-0.95,2.101
-0.99,1.935
-1.01,-0.23
-1.027,0.065
-0.963,1.175
-1.101,-0.342
-1.138,-0.541
-1.119,2.444
-1.16,2.036
-1.215,-0.274
-1.454,0.437
-1.314,-0.074
-1.318,1.989
-1.352,-0.02
-1.359,-0.314
-1.502,1.181
-1.5,2.336
-1.454,-0.493
-1.694,-0.26
-1.605,-0.585
-1.778,1.466
-1.745,0.809
-1.875,0.384
-1.833,0.46
-1.833,1.331
-2.01,2.518
-1.911,-0.553
-2.018,1.394
-2.109,0.063
-2.178,2.294
-2.278,-1.06
-2.407,1.491
-2.339,-0.505
-2.411,-1.279
-2.681,2.111
-2.74,1.829
-2.781,2.307
-2.806,0.372
-2.941,2.223
-3.024,1.747
-3.073,-0.065
2.565,2.556
2.094,1.233
2.084,1.332
1.923,1.3
1.504,-1.255
1.518,-0.372
1.622,0.128
1.513,0.944
1.328,0.867
1.254,1.114
1.218,-1.212
1.195,-1.193
1.173,-0.512
1.143,-0.76
1.123,-0.531
1.192,-1.35
1.008,-1.495
0.986,-1.555
0.589,-1.566
-0.222,-1.357
-0.348,-1.378
-0.543,-1.435
-1.143,-1.642
-1.765,-1.665
-1.779,-1.539
-2.115,-1.709
-2.054,-1.628
-2.108,-1.586
-2.275,-1.391
-2.435,-1.729
-2.969,-1.73
-3.086,-1.551
2.717,-1.642
2.513,-1.434
1.67,-1.628
1.539,-1.412
1.687,-1.636
-0.623,2.633
-0.997,2.719
-2.148,2.681
2.84,2.801
1.839,2.755
0.817,-0.59
0.419,-0.621
-0.775,1.116
-1.466,0.535
-1.54,1.117
-1.553,-1.006
-1.767,-1.03
-0.323,-0.547
-2.541,-0.326
1.868,1.598
1.602,2.156
1.562,2.031
-0.735,-0.58
-1.435,0.145
-1.787,0.728
-1.979,1.319
1.437,0.727
1.192,-1.323
0.083,-1.293
2.586,-1.324
0.419,-1.726
-0.303,-1.813
-1.58,-1.875
2.227,-1.828
-0.285,1.467
-0.306,-0.981
-0.308,-0.919
-0.221,-0.639
-0.518,-0.934
-0.615,-1.603
-0.614,0.033
-0.788,1.46
-0.71,0.738
-0.866,1.206
-0.906,1.04
-0.926,-1.125
-0.943,-0.83
-0.879,0.28
-1.017,-1.237
-1.054,-1.436
-1.035,1.549
-1.076,1.141
-1.131,-1.169
-1.37,-0.458
-1.23,-0.969
-1.234,1.094
-1.268,-0.915
-1.275,-1.209
-1.418,0.286
-1.416,1.441
-1.37,-1.388
-1.61,-1.155
-1.521,-1.48
-1.694,0.571
-1.661,-0.086
-1.791,-0.511
-1.749,-0.435
-1.749,0.436
-1.926,1.623
-1.827,-1.448
-1.934,0.499
-2.025,-0.832
-2.094,1.399
-2.194,-1.955
-2.323,0.596
-2.255,-1.4
-2.327,-2.174
-2.597,1.216
-2.656,0.934
-2.697,1.412
-2.722,-0.523
-2.857,1.328
-2.94,0.852
-2.989,-0.96
2.649,1.661
2.178,0.338
2.168,0.437
2.007,0.405
1.588,-2.15
1.602,-1.267
1.706,-0.767
1.597,0.049
1.412,-0.028
1.338,0.219
1.302,-2.107
1.279,-2.088
1.257,-1.407
1.227,-1.655
1.207,-1.426
1.276,-2.245
1.092,-2.39
1.07,-2.45
0.673,-2.461
-0.138,-2.252
-0.264,-2.273
-0.459,-2.33
-1.059,-2.537
-1.681,-2.56
-1.695,-2.434
-2.031,-2.604
-1.97,-2.523
-2.024,-2.481
-2.191,-2.286
-2.351,-2.624
-2.885,-2.625
-3.002,-2.446
2.801,-2.537
2.597,-2.329
1.754,-2.523
1.623,-2.307
1.771,-2.531
-0.539,1.738
-0.913,1.824
-2.064,1.786
2.924,1.906
1.923,1.86
0.901,-1.485
0.503,-1.516
-0.691,0.221
-1.382,-0.36
-1.456,0.222
-1.469,-1.901
-1.683,-1.925
-0.239,-1.442
-2.457,-1.221
1.952,0.703
1.686,1.261
1.646,1.136
-0.651,-1.475
-1.351,-0.75
-1.703,-0.167
-1.895,0.424
1.521,-0.168
1.276,-2.218
0.167,-2.188
2.67,-2.219
0.503,-2.621
-0.219,-2.708
-1.496,-2.77
2.311,-2.723
-0.021,-2.448
-0.023,-2.386
0.064,-2.106
-0.233,-2.401
-0.33,-3.07
-0.329,-1.434
-0.503,-0.007
-0.425,-0.729
-0.581,-0.261
-0.621,-0.427
-0.641,-2.592
-0.658,-2.297
-0.594,-1.187
-0.732,-2.704
-0.769,-2.903
-0.75,0.082
-0.791,-0.326
-0.846,-2.636
-1.085,-1.925
-0.945,-2.436
-0.949,-0.373
-0.983,-2.382
-0.99,-2.676
-1.133,-1.181
-1.131,-0.026
-1.085,-2.855
-1.325,-2.622
-1.236,-2.947
-1.409,-0.896
-1.376,-1.553
-1.506,-1.978
-1.464,-1.902
-1.464,-1.031
-1.641,0.156
-1.542,-2.915
-1.649,-0.968
-1.74,-2.299
-1.809,-0.068
-1.909,-3.422
-2.038,-0.871
-1.97,-2.867
-2.042,-3.641
-2.312,-0.251
-2.371,-0.533
-2.412,-0.055
-2.437,-1.99
-2.572,-0.139
-2.655,-0.615
-2.704,-2.427
2.934,0.194
2.463,-1.129
2.453,-1.03
2.292,-1.062
1.873,-3.617
1.887,-2.734
1.991,-2.234
1.882,-1.418
1.697,-1.495
1.623,-1.248
1.587,-3.574
1.564,-3.555
1.542,-2.874
1.512,-3.122
1.492,-2.893
1.561,-3.712
1.377,-3.857
1.355,-3.917
0.958,-3.928
0.147,-3.719
0.021,-3.74
-0.174,-3.797
-0.774,-4.004
-1.396,-4.027
-1.41,-3.901
-1.746,-4.071
-1.685,-3.99
-1.739,-3.948
-1.906,-3.753
-2.066,-4.091
-2.6,-4.092
-2.717,-3.913
3.086,-4.004
2.882,-3.796
2.039,-3.99
1.908,-3.774
2.056,-3.998
-0.254,0.271
-0.628,0.357
-1.779,0.319
-3.074,0.439
2.208,0.393
1.186,-2.952
0.788,-2.983
-0.406,-1.246
-1.097,-1.827
-1.171,-1.245
-1.184,-3.368
-1.398,-3.392
0.046,-2.909
-2.172,-2.688
2.237,-0.764
1.971,-0.206
1.931,-0.331
-0.366,-2.942
-1.066,-2.217
-1.418,-1.634
-1.61,-1.043
1.806,-1.635
1.561,-3.685
0.452,-3.655
2.955,-3.686
0.788,-4.088
0.066,-4.175
-1.211,-4.237
2.596,-4.19
-0.002,0.062
0.085,0.342
-0.212,0.047
-0.309,-0.622
-0.308,1.014
-0.482,2.441
-0.404,1.719
-0.56,2.187
-0.6,2.021
-0.62,-0.144
-0.637,0.151
-0.573,1.261
-0.711,-0.256
-0.748,-0.455
-0.729,2.53
-0.77,2.122
-0.825,-0.188
-1.064,0.523
-0.924,0.012
-0.928,2.075
-0.962,0.066
-0.969,-0.228
-1.112,1.267
-1.11,2.422
-1.064,-0.407
-1.304,-0.174
-1.215,-0.499
-1.388,1.552
-1.355,0.895
-1.485,0.47
-1.443,0.546
-1.443,1.417
-1.62,2.604
-1.521,-0.467
-1.628,1.48
-1.719,0.149
-1.788,2.38
-1.888,-0.974
-2.017,1.577
-1.949,-0.419
-2.021,-1.193
-2.291,2.197
-2.35,1.915
-2.391,2.393
-2.416,0.458
-2.551,2.309
-2.634,1.833
-2.683,0.021
2.955,2.642
2.484,1.319
2.474,1.418
2.313,1.386
1.894,-1.169
1.908,-0.286
2.012,0.214
1.903,1.03
1.718,0.953
1.644,1.2
1.608,-1.126
1.585,-1.107
1.563,-0.426
1.533,-0.674
1.513,-0.445
1.582,-1.264
1.398,-1.409
1.376,-1.469
0.979,-1.48
0.168,-1.271
0.042,-1.292
-0.153,-1.349
-0.753,-1.556
-1.375,-1.579
-1.389,-1.453
-1.725,-1.623
-1.664,-1.542
-1.718,-1.5
-1.885,-1.305
-2.045,-1.643
-2.579,-1.644
-2.696,-1.465
3.107,-1.556
2.903,-1.348
2.06,-1.542
1.929,-1.326
2.077,-1.55
-0.233,2.719
-0.607,2.805
-1.758,2.767
-3.053,2.887
2.229,2.841
1.207,-0.504
0.809,-0.535
-0.385,1.202
-1.076,0.621
-1.15,1.203
-1.163,-0.92
-1.377,-0.944
0.067,-0.461
-2.151,-0.24
2.258,1.684
1.992,2.242
1.952,2.117
-0.345,-0.494
-1.045,0.231
-1.397,0.814
-1.589,1.405
1.827,0.813
1.582,-1.237
0.473,-1.207
2.976,-1.238
0.809,-1.64
0.087,-1.727
-1.19,-1.789
2.617,-1.742
0.087,0.28
-0.21,-0.015
-0.307,-0.684
-0.306,0.952
-0.48,2.379
-0.402,1.657
-0.558,2.125
-0.598,1.959
-0.618,-0.206
-0.635,0.089
-0.571,1.199
-0.709,-0.318
-0.746,-0.517
-0.727,2.468
-0.768,2.06
-0.823,-0.25
-1.062,0.461
-0.922,-0.05
-0.926,2.013
-0.96,0.004
-0.967,-0.29
-1.11,1.205
-1.108,2.36
-1.062,-0.469
-1.302,-0.236
-1.213,-0.561
-1.386,1.49
-1.353,0.833
-1.483,0.408
-1.441,0.484
-1.441,1.355
-1.618,2.542
-1.519,-0.529
-1.626,1.418
-1.717,0.087
-1.786,2.318
-1.886,-1.036
-2.015,1.515
-1.947,-0.481
-2.019,-1.255
-2.289,2.135
-2.348,1.853
-2.389,2.331
-2.414,0.396
-2.549,2.247
-2.632,1.771
-2.681,-0.041
2.957,2.58
2.486,1.257
2.476,1.356
2.315,1.324
1.896,-1.231
1.91,-0.348
2.014,0.152
1.905,0.968
1.72,0.891
1.646,1.138
1.61,-1.188
1.587,-1.169
1.565,-0.488
1.535,-0.736
1.515,-0.507
1.584,-1.326
1.4,-1.471
1.378,-1.531
0.981,-1.542
0.17,-1.333
0.044,-1.354
-0.151,-1.411
-0.751,-1.618
-1.373,-1.641
-1.387,-1.515
-1.723,-1.685
-1.662,-1.604
-1.716,-1.562
-1.883,-1.367
-2.043,-1.705
-2.577,-1.706
-2.694,-1.527
3.109,-1.618
2.905,-1.41
2.062,-1.604
1.931,-1.388
2.079,-1.612
-0.231,2.657
-0.605,2.743
-1.756,2.705
-3.051,2.825
2.231,2.779
1.209,-0.566
0.811,-0.597
-0.383,1.14
-1.074,0.559
-1.148,1.141
-1.161,-0.982
-1.375,-1.006
0.069,-0.523
-2.149,-0.302
2.26,1.622
1.994,2.18
1.954,2.055
-0.343,-0.556
-1.043,0.169
-1.395,0.752
-1.587,1.343
1.829,0.751
1.584,-1.299
0.475,-1.269
2.978,-1.3
0.811,-1.702
0.089,-1.789
-1.188,-1.851
2.619,-1.804
-0.297,-0.295
-0.394,-0.964
-0.393,0.672
-0.567,2.099
-0.489,1.377
-0.645,1.845
-0.685,1.679
-0.705,-0.486
-0.722,-0.191
-0.658,0.919
-0.796,-0.598
-0.833,-0.797
-0.814,2.188
-0.855,1.78
-0.91,-0.53
-1.149,0.181
-1.009,-0.33
-1.013,1.733
-1.047,-0.276
-1.054,-0.57
-1.197,0.925
-1.195,2.08
-1.149,-0.749
-1.389,-0.516
-1.3,-0.841
-1.473,1.21
-1.44,0.553
-1.57,0.128
-1.528,0.204
-1.528,1.075
-1.705,2.262
-1.606,-0.809
-1.713,1.138
-1.804,-0.193
-1.873,2.038
-1.973,-1.316
-2.102,1.235
-2.034,-0.761
-2.106,-1.535
-2.376,1.855
-2.435,1.573
-2.476,2.051
-2.501,0.116
-2.636,1.967
-2.719,1.491
-2.768,-0.321
2.87,2.3
2.399,0.977
2.389,1.076
2.228,1.044
1.809,-1.511
1.823,-0.628
1.927,-0.128
1.818,0.688
1.633,0.611
1.559,0.858
1.523,-1.468
1.5,-1.449
1.478,-0.768
1.448,-1.016
1.428,-0.787
1.497,-1.606
1.313,-1.751
1.291,-1.811
0.894,-1.822
0.083,-1.613
-0.043,-1.634
-0.238,-1.691
-0.838,-1.898
-1.46,-1.921
-1.474,-1.795
-1.81,-1.965
-1.749,-1.884
-1.803,-1.842
-1.97,-1.647
-2.13,-1.985
-2.664,-1.986
-2.781,-1.807
3.022,-1.898
2.818,-1.69
1.975,-1.884
1.844,-1.668
1.992,-1.892
-0.318,2.377
-0.692,2.463
-1.843,2.425
-3.138,2.545
2.144,2.499
1.122,-0.846
0.724,-0.877
-0.47,0.86
-1.161,0.279
-1.235,0.861
-1.248,-1.262
-1.462,-1.286
-0.018,-0.803
-2.236,-0.582
2.173,1.342
1.907,1.9
1.867,1.775
-0.43,-0.836
-1.13,-0.111
-1.482,0.472
-1.674,1.063
1.742,0.471
1.497,-1.579
0.388,-1.549
2.891,-1.58
0.724,-1.982
0.002,-2.069
-1.275,-2.131
2.532,-2.084
-0.097,-0.669
-0.096,0.967
-0.27,2.394
-0.192,1.672
-0.348,2.14
-0.388,1.974
-0.408,-0.191
-0.425,0.104
-0.361,1.214
-0.499,-0.303
-0.536,-0.502
-0.517,2.483
-0.558,2.075
-0.613,-0.235
-0.852,0.476
-0.712,-0.035
-0.716,2.028
-0.75,0.019
-0.757,-0.275
-0.9,1.22
-0.898,2.375
-0.852,-0.454
-1.092,-0.221
-1.003,-0.546
-1.176,1.505
-1.143,0.848
-1.273,0.423
-1.231,0.499
-1.231,1.37
-1.408,2.557
-1.309,-0.514
-1.416,1.433
-1.507,0.102
-1.576,2.333
-1.676,-1.021
-1.805,1.53
-1.737,-0.466
-1.809,-1.24
-2.079,2.15
-2.138,1.868
-2.179,2.346
-2.204,0.411
-2.339,2.262
-2.422,1.786
-2.471,-0.026
-3.116,2.595
2.696,1.272
2.686,1.371
2.525,1.339
2.106,-1.216
2.12,-0.333
2.224,0.167
2.115,0.983
1.93,0.906
1.856,1.153
1.82,-1.173
1.797,-1.154
1.775,-0.473
1.745,-0.721
1.725,-0.492
1.794,-1.311
1.61,-1.456
1.588,-1.516
1.191,-1.527
0.38,-1.318
0.254,-1.339
0.059,-1.396
-0.541,-1.603
-1.163,-1.626
-1.177,-1.5
-1.513,-1.67
-1.452,-1.589
-1.506,-1.547
-1.673,-1.352
-1.833,-1.69
-2.367,-1.691
-2.484,-1.512
-2.964,-1.603
3.115,-1.395
2.272,-1.589
2.141,-1.373
2.289,-1.597
-0.021,2.672
-0.395,2.758
-1.546,2.72
-2.841,2.84
2.441,2.794
1.419,-0.551
1.021,-0.582
-0.173,1.155
-0.864,0.574
-0.938,1.156
-0.951,-0.967
-1.165,-0.991
0.279,-0.508
-1.939,-0.287
2.47,1.637
2.204,2.195
2.164,2.07
-0.133,-0.541
-0.833,0.184
-1.185,0.767
-1.377,1.358
2.039,0.766
1.794,-1.284
0.685,-1.254
-3.095,-1.285
1.021,-1.687
0.299,-1.774
-0.978,-1.836
2.829,-1.789
0.001,1.636
-0.173,3.063
-0.095,2.341
-0.251,2.809
-0.291,2.643
-0.311,0.478
-0.328,0.773
-0.264,1.883
-0.402,0.366
-0.439,0.167
-0.42,3.152
-0.461,2.744
-0.516,0.434
-0.755,1.145
-0.615,0.634
-0.619,2.697
-0.653,0.688
-0.66,0.394
-0.803,1.889
-0.801,3.044
-0.755,0.215
-0.995,0.448
-0.906,0.123
-1.079,2.174
-1.046,1.517
-1.176,1.092
-1.134,1.168
-1.134,2.039
-1.311,3.226
-1.212,0.155
-1.319,2.102
-1.41,0.771
-1.479,3.002
-1.579,-0.352
-1.708,2.199
-1.64,0.203
-1.712,-0.571
-1.982,2.819
-2.041,2.537
-2.082,3.015
-2.107,1.08
-2.242,2.931
-2.325,2.455
-2.374,0.643
-3.019,3.264
2.793,1.941
2.783,2.04
2.622,2.008
2.203,-0.547
2.217,0.336
2.321,0.836
2.212,1.652
2.027,1.575
1.953,1.822
1.917,-0.504
1.894,-0.485
1.872,0.196
1.842,-0.052
1.822,0.177
1.891,-0.642
1.707,-0.787
1.685,-0.847
1.288,-0.858
0.477,-0.649
0.351,-0.67
0.156,-0.727
-0.444,-0.934
-1.066,-0.957
-1.08,-0.831
-1.416,-1.001
-1.355,-0.92
-1.409,-0.878
-1.576,-0.683
-1.736,-1.021
-2.27,-1.022
-2.387,-0.843
-2.867,-0.934
-3.071,-0.726
2.369,-0.92
2.238,-0.704
2.386,-0.928
0.076,3.341
-0.298,3.427
-1.449,3.389
-2.744,3.509
2.538,3.463
1.516,0.118
1.118,0.087
-0.076,1.824
-0.767,1.243
-0.841,1.825
-0.854,-0.298
-1.068,-0.322
0.376,0.161
-1.842,0.382
2.567,2.306
2.301,2.864
2.261,2.739
-0.036,0.128
-0.736,0.853
-1.088,1.436
-1.28,2.027
2.136,1.435
1.891,-0.615
0.782,-0.585
-2.998,-0.616
1.118,-1.018
0.396,-1.105
-0.881,-1.167
2.926,-1.12
-0.174,1.427
-0.096,0.705
-0.252,1.173
-0.292,1.007
-0.312,-1.158
-0.329,-0.863
-0.265,0.247
-0.403,-1.27
-0.44,-1.469
-0.421,1.516
-0.462,1.108
-0.517,-1.202
-0.756,-0.491
-0.616,-1.002
-0.62,1.061
-0.654,-0.948
-0.661,-1.242
-0.804,0.253
-0.802,1.408
-0.756,-1.421
-0.996,-1.188
-0.907,-1.513
-1.08,0.538
-1.047,-0.119
-1.177,-0.544
-1.135,-0.468
-1.135,0.403
-1.312,1.59
-1.213,-1.481
-1.32,0.466
-1.411,-0.865
-1.48,1.366
-1.58,-1.988
-1.709,0.563
-1.641,-1.433
-1.713,-2.207
-1.983,1.183
-2.042,0.901
-2.083,1.379
-2.108,-0.556
-2.243,1.295
-2.326,0.819
-2.375,-0.993
-3.02,1.628
2.792,0.305
2.782,0.404
2.621,0.372
2.202,-2.183
2.216,-1.3
2.32,-0.8
2.211,0.016
2.026,-0.061
1.952,0.186
1.916,-2.14
1.893,-2.121
1.871,-1.44
1.841,-1.688
1.821,-1.459
1.89,-2.278
1.706,-2.423
1.684,-2.483
1.287,-2.494
0.476,-2.285
0.35,-2.306
0.155,-2.363
-0.445,-2.57
-1.067,-2.593
-1.081,-2.467
-1.417,-2.637
-1.356,-2.556
-1.41,-2.514
-1.577,-2.319
-1.737,-2.657
-2.271,-2.658
-2.388,-2.479
-2.868,-2.57
-3.072,-2.362
2.368,-2.556
2.237,-2.34
2.385,-2.564
0.075,1.705
-0.299,1.791
-1.45,1.753
-2.745,1.873
2.537,1.827
1.515,-1.518
1.117,-1.549
-0.077,0.188
-0.768,-0.393
-0.842,0.189
-0.855,-1.934
-1.069,-1.958
0.375,-1.475
-1.843,-1.254
2.566,0.67
2.3,1.228
2.26,1.103
-0.037,-1.508
-0.737,-0.783
-1.089,-0.2
-1.281,0.391
2.135,-0.201
1.89,-2.251
0.781,-2.221
-2.999,-2.252
1.117,-2.654
0.395,-2.741
-0.882,-2.803
2.925,-2.756
0.078,-0.722
-0.078,-0.254
-0.118,-0.42
-0.138,-2.585
-0.155,-2.29
-0.091,-1.18
-0.229,-2.697
-0.266,-2.896
-0.247,0.089
-0.288,-0.319
-0.343,-2.629
-0.582,-1.918
-0.442,-2.429
-0.446,-0.366
-0.48,-2.375
-0.487,-2.669
-0.63,-1.174
-0.628,-0.019
-0.582,-2.848
-0.822,-2.615
-0.733,-2.94
-0.906,-0.889
-0.873,-1.546
-1.003,-1.971
-0.961,-1.895
-0.961,-1.024
-1.138,0.163
-1.039,-2.908
-1.146,-0.961
-1.237,-2.292
-1.306,-0.061
-1.406,-3.415
-1.535,-0.864
-1.467,-2.86
-1.539,-3.634
-1.809,-0.244
-1.868,-0.526
-1.909,-0.048
-1.934,-1.983
-2.069,-0.132
-2.152,-0.608
-2.201,-2.42
-2.846,0.201
2.966,-1.122
2.956,-1.023
2.795,-1.055
2.376,-3.61
2.39,-2.727
2.494,-2.227
2.385,-1.411
2.2,-1.488
2.126,-1.241
2.09,-3.567
2.067,-3.548
2.045,-2.867
2.015,-3.115
1.995,-2.886
2.064,-3.705
1.88,-3.85
1.858,-3.91
1.461,-3.921
0.65,-3.712
0.524,-3.733
0.329,-3.79
-0.271,-3.997
-0.893,-4.02
-0.907,-3.894
-1.243,-4.064
-1.182,-3.983
-1.236,-3.941
-1.403,-3.746
-1.563,-4.084
-2.097,-4.085
-2.214,-3.906
-2.694,-3.997
-2.898,-3.789
2.542,-3.983
2.411,-3.767
2.559,-3.991
0.249,0.278
-0.125,0.364
-1.276,0.326
-2.571,0.446
2.711,0.4
1.689,-2.945
1.291,-2.976
0.097,-1.239
-0.594,-1.82
-0.668,-1.238
-0.681,-3.361
-0.895,-3.385
0.549,-2.902
-1.669,-2.681
2.74,-0.757
2.474,-0.199
2.434,-0.324
0.137,-2.935
-0.563,-2.21
-0.915,-1.627
-1.107,-1.036
2.309,-1.628
2.064,-3.678
0.955,-3.648
-2.825,-3.679
1.291,-4.081
0.569,-4.168
-0.708,-4.23
3.099,-4.183
-0.156,0.468
-0.196,0.302
-0.216,-1.863
-0.233,-1.568
-0.169,-0.458
-0.307,-1.975
-0.344,-2.174
-0.325,0.811
-0.366,0.403
-0.421,-1.907
-0.66,-1.196
-0.52,-1.707
-0.524,0.356
-0.558,-1.653
-0.565,-1.947
-0.708,-0.452
-0.706,0.703
-0.66,-2.126
-0.9,-1.893
-0.811,-2.218
-0.984,-0.167
-0.951,-0.824
-1.081,-1.249
-1.039,-1.173
-1.039,-0.302
-1.216,0.885
-1.117,-2.186
-1.224,-0.239
-1.315,-1.57
-1.384,0.661
-1.484,-2.693
-1.613,-0.142
-1.545,-2.138
-1.617,-2.912
-1.887,0.478
-1.946,0.196
-1.987,0.674
-2.012,-1.261
-2.147,0.59
-2.23,0.114
-2.279,-1.698
-2.924,0.923
2.888,-0.4
2.878,-0.301
2.717,-0.333
2.298,-2.888
2.312,-2.005
2.416,-1.505
2.307,-0.689
2.122,-0.766
2.048,-0.519
2.012,-2.845
1.989,-2.826
1.967,-2.145
1.937,-2.393
1.917,-2.164
1.986,-2.983
1.802,-3.128
1.78,-3.188
1.383,-3.199
0.572,-2.99
0.446,-3.011
0.251,-3.068
-0.349,-3.275
-0.971,-3.298
-0.985,-3.172
-1.321,-3.342
-1.26,-3.261
-1.314,-3.219
-1.481,-3.024
-1.641,-3.362
-2.175,-3.363
-2.292,-3.184
-2.772,-3.275
-2.976,-3.067
2.464,-3.261
2.333,-3.045
2.481,-3.269
0.171,1.0
-0.203,1.086
-1.354,1.048
-2.649,1.168
2.633,1.122
1.611,-2.223
1.213,-2.254
0.019,-0.517
-0.672,-1.098
-0.746,-0.516
-0.759,-2.639
-0.973,-2.663
0.471,-2.18
-1.747,-1.959
2.662,-0.035
2.396,0.523
2.356,0.398
0.059,-2.213
-0.641,-1.488
-0.993,-0.905
-1.185,-0.314
2.231,-0.906
1.986,-2.956
0.877,-2.926
-2.903,-2.957
1.213,-3.359
0.491,-3.446
-0.786,-3.508
3.021,-3.461
-0.04,-0.166
-0.06,-2.331
-0.077,-2.036
-0.013,-0.926
-0.151,-2.443
-0.188,-2.642
-0.169,0.343
-0.21,-0.065
-0.265,-2.375
-0.504,-1.664
-0.364,-2.175
-0.368,-0.112
-0.402,-2.121
-0.409,-2.415
-0.552,-0.92
-0.55,0.235
-0.504,-2.594
-0.744,-2.361
-0.655,-2.686
-0.828,-0.635
-0.795,-1.292
-0.925,-1.717
-0.883,-1.641
-0.883,-0.77
-1.06,0.417
-0.961,-2.654
-1.068,-0.707
-1.159,-2.038
-1.228,0.193
-1.328,-3.161
-1.457,-0.61
-1.389,-2.606
-1.461,-3.38
-1.731,0.01
-1.79,-0.272
-1.831,0.206
-1.856,-1.729
-1.991,0.122
-2.074,-0.354
-2.123,-2.166
-2.768,0.455
3.044,-0.868
3.034,-0.769
2.873,-0.801
2.454,-3.356
2.468,-2.473
2.572,-1.973
2.463,-1.157
2.278,-1.234
2.204,-0.987
2.168,-3.313
2.145,-3.294
2.123,-2.613
2.093,-2.861
2.073,-2.632
2.142,-3.451
1.958,-3.596
1.936,-3.656
1.539,-3.667
0.728,-3.458
0.602,-3.479
0.407,-3.536
-0.193,-3.743
-0.815,-3.766
-0.829,-3.64
-1.165,-3.81
-1.104,-3.729
-1.158,-3.687
-1.325,-3.492
-1.485,-3.83
-2.019,-3.831
-2.136,-3.652
-2.616,-3.743
-2.82,-3.535
2.62,-3.729
2.489,-3.513
2.637,-3.737
0.327,0.532
-0.047,0.618
-1.198,0.58
-2.493,0.7
2.789,0.654
1.767,-2.691
1.369,-2.722
0.175,-0.985
-0.516,-1.566
-0.59,-0.984
-0.603,-3.107
-0.817,-3.131
0.627,-2.648
-1.591,-2.427
2.818,-0.503
2.552,0.055
2.512,-0.07
0.215,-2.681
-0.485,-1.956
-0.837,-1.373
-1.029,-0.782
2.387,-1.374
2.142,-3.424
1.033,-3.394
-2.747,-3.425
1.369,-3.827
0.647,-3.914
-0.63,-3.976
-3.106,-3.929
-0.02,-2.165
-0.037,-1.87
0.027,-0.76
-0.111,-2.277
-0.148,-2.476
-0.129,0.509
-0.17,0.101
-0.225,-2.209
-0.464,-1.498
-0.324,-2.009
-0.328,0.054
-0.362,-1.955
-0.369,-2.249
-0.512,-0.754
-0.51,0.401
-0.464,-2.428
-0.704,-2.195
-0.615,-2.52
-0.788,-0.469
-0.755,-1.126
-0.885,-1.551
-0.843,-1.475
-0.843,-0.604
-1.02,0.583
-0.921,-2.488
-1.028,-0.541
-1.119,-1.872
-1.188,0.359
-1.288,-2.995
-1.417,-0.444
-1.349,-2.44
-1.421,-3.214
-1.691,0.176
-1.75,-0.106
-1.791,0.372
-1.816,-1.563
-1.951,0.288
-2.034,-0.188
-2.083,-2.0
-2.728,0.621
3.084,-0.702
3.074,-0.603
2.913,-0.635
2.494,-3.19
2.508,-2.307
2.612,-1.807
2.503,-0.991
2.318,-1.068
2.244,-0.821
2.208,-3.147
2.185,-3.128
2.163,-2.447
2.133,-2.695
2.113,-2.466
2.182,-3.285
1.998,-3.43
1.976,-3.49
1.579,-3.501
0.768,-3.292
0.642,-3.313
0.447,-3.37
-0.153,-3.577
-0.775,-3.6
-0.789,-3.474
-1.125,-3.644
-1.064,-3.563
-1.118,-3.521
-1.285,-3.326
-1.445,-3.664
-1.979,-3.665
-2.096,-3.486
-2.576,-3.577
-2.78,-3.369
2.66,-3.563
2.529,-3.347
2.677,-3.571
0.367,0.698
-0.007,0.784
-1.158,0.746
-2.453,0.866
2.829,0.82
1.807,-2.525
1.409,-2.556
0.215,-0.819
-0.476,-1.4
-0.55,-0.818
-0.563,-2.941
-0.777,-2.965
0.667,-2.482
-1.551,-2.261
2.858,-0.337
2.592,0.221
2.552,0.096
0.255,-2.515
-0.445,-1.79
-0.797,-1.207
-0.989,-0.616
2.427,-1.208
2.182,-3.258
1.073,-3.228
-2.707,-3.259
1.409,-3.661
0.687,-3.748
-0.59,-3.81
-3.066,-3.763
-0.017,0.295
0.047,1.405
-0.091,-0.112
-0.128,-0.311
-0.109,2.674
-0.15,2.266
-0.205,-0.044
-0.444,0.667
-0.304,0.156
-0.308,2.219
-0.342,0.21
-0.349,-0.084
-0.492,1.411
-0.49,2.566
-0.444,-0.263
-0.684,-0.03
-0.595,-0.355
-0.768,1.696
-0.735,1.039
-0.865,0.614
-0.823,0.69
-0.823,1.561
-1.0,2.748
-0.901,-0.323
-1.008,1.624
-1.099,0.293
-1.168,2.524
-1.268,-0.83
-1.397,1.721
-1.329,-0.275
-1.401,-1.049
-1.671,2.341
-1.73,2.059
-1.771,2.537
-1.796,0.602
-1.931,2.453
-2.014,1.977
-2.063,0.165
-2.708,2.786
3.104,1.463
3.094,1.562
2.933,1.53
2.514,-1.025
2.528,-0.142
2.632,0.358
2.523,1.174
2.338,1.097
2.264,1.344
2.228,-0.982
2.205,-0.963
2.183,-0.282
2.153,-0.53
2.133,-0.301
2.202,-1.12
2.018,-1.265
1.996,-1.325
1.599,-1.336
0.788,-1.127
0.662,-1.148
0.467,-1.205
-0.133,-1.412
-0.755,-1.435
-0.769,-1.309
-1.105,-1.479
-1.044,-1.398
-1.098,-1.356
-1.265,-1.161
-1.425,-1.499
-1.959,-1.5
-2.076,-1.321
-2.556,-1.412
-2.76,-1.204
2.68,-1.398
2.549,-1.182
2.697,-1.406
0.387,2.863
0.013,2.949
-1.138,2.911
-2.433,3.031
2.849,2.985
1.827,-0.36
1.429,-0.391
0.235,1.346
-0.456,0.765
-0.53,1.347
-0.543,-0.776
-0.757,-0.8
0.687,-0.317
-1.531,-0.096
2.878,1.828
2.612,2.386
2.572,2.261
0.275,-0.35
-0.425,0.375
-0.777,0.958
-0.969,1.549
2.447,0.957
2.202,-1.093
1.093,-1.063
-2.687,-1.094
1.429,-1.496
0.707,-1.583
-0.57,-1.645
-3.046,-1.598
0.064,1.11
-0.074,-0.407
-0.111,-0.606
-0.092,2.379
-0.133,1.971
-0.188,-0.339
-0.427,0.372
-0.287,-0.139
-0.291,1.924
-0.325,-0.085
-0.332,-0.379
-0.475,1.116
-0.473,2.271
-0.427,-0.558
-0.667,-0.325
-0.578,-0.65
-0.751,1.401
-0.718,0.744
-0.848,0.319
-0.806,0.395
-0.806,1.266
-0.983,2.453
-0.884,-0.618
-0.991,1.329
-1.082,-0.002
-1.151,2.229
-1.251,-1.125
-1.38,1.426
-1.312,-0.57
-1.384,-1.344
-1.654,2.046
-1.713,1.764
-1.754,2.242
-1.779,0.307
-1.914,2.158
-1.997,1.682
-2.046,-0.13
-2.691,2.491
3.121,1.168
3.111,1.267
2.95,1.235
2.531,-1.32
2.545,-0.437
2.649,0.063
2.54,0.879
2.355,0.802
2.281,1.049
2.245,-1.277
2.222,-1.258
2.2,-0.577
2.17,-0.825
2.15,-0.596
2.219,-1.415
2.035,-1.56
2.013,-1.62
1.616,-1.631
0.805,-1.422
0.679,-1.443
0.484,-1.5
-0.116,-1.707
-0.738,-1.73
-0.752,-1.604
-1.088,-1.774
-1.027,-1.693
-1.081,-1.651
-1.248,-1.456
-1.408,-1.794
-1.942,-1.795
-2.059,-1.616
-2.539,-1.707
-2.743,-1.499
2.697,-1.693
2.566,-1.477
2.714,-1.701
0.404,2.568
0.03,2.654
-1.121,2.616
-2.416,2.736
2.866,2.69
1.844,-0.655
1.446,-0.686
0.252,1.051
-0.439,0.47
-0.513,1.052
-0.526,-1.071
-0.74,-1.095
0.704,-0.612
-1.514,-0.391
2.895,1.533
2.629,2.091
2.589,1.966
0.292,-0.645
-0.408,0.08
-0.76,0.663
-0.952,1.254
2.464,0.662
2.219,-1.388
1.11,-1.358
-2.67,-1.389
1.446,-1.791
0.724,-1.878
-0.553,-1.94
-3.029,-1.893
-0.138,-1.517
-0.175,-1.716
-0.156,1.269
-0.197,0.861
-0.252,-1.449
-0.491,-0.738
-0.351,-1.249
-0.355,0.814
-0.389,-1.195
-0.396,-1.489
-0.539,0.006
-0.537,1.161
-0.491,-1.668
-0.731,-1.435
-0.642,-1.76
-0.815,0.291
-0.782,-0.366
-0.912,-0.791
-0.87,-0.715
-0.87,0.156
-1.047,1.343
-0.948,-1.728
-1.055,0.219
-1.146,-1.112
-1.215,1.119
-1.315,-2.235
-1.444,0.316
-1.376,-1.68
-1.448,-2.454
-1.718,0.936
-1.777,0.654
-1.818,1.132
-1.843,-0.803
-1.978,1.048
-2.061,0.572
-2.11,-1.24
-2.755,1.381
3.057,0.058
3.047,0.157
2.886,0.125
2.467,-2.43
2.481,-1.547
2.585,-1.047
2.476,-0.231
2.291,-0.308
2.217,-0.061
2.181,-2.387
2.158,-2.368
2.136,-1.687
2.106,-1.935
2.086,-1.706
2.155,-2.525
1.971,-2.67
1.949,-2.73
1.552,-2.741
0.741,-2.532
0.615,-2.553
0.42,-2.61
-0.18,-2.817
-0.802,-2.84
-0.816,-2.714
-1.152,-2.884
-1.091,-2.803
-1.145,-2.761
-1.312,-2.566
-1.472,-2.904
-2.006,-2.905
-2.123,-2.726
-2.603,-2.817
-2.807,-2.609
2.633,-2.803
2.502,-2.587
2.65,-2.811
0.34,1.458
-0.034,1.544
-1.185,1.506
-2.48,1.626
2.802,1.58
1.78,-1.765
1.382,-1.796
0.188,-0.059
-0.503,-0.64
-0.577,-0.058
-0.59,-2.181
-0.804,-2.205
0.64,-1.722
-1.578,-1.501
2.831,0.423
2.565,0.981
2.525,0.856
0.228,-1.755
-0.472,-1.03
-0.824,-0.447
-1.016,0.144
2.4,-0.448
2.155,-2.498
1.046,-2.468
-2.734,-2.499
1.382,-2.901
0.66,-2.988
-0.617,-3.05
-3.093,-3.003
-0.037,-0.199
-0.018,2.786
-0.059,2.378
-0.114,0.068
-0.353,0.779
-0.213,0.268
-0.217,2.331
-0.251,0.322
-0.258,0.028
-0.401,1.523
-0.399,2.678
-0.353,-0.151
-0.593,0.082
-0.504,-0.243
-0.677,1.808
-0.644,1.151
-0.774,0.726
-0.732,0.802
-0.732,1.673
-0.909,2.86
-0.81,-0.211
-0.917,1.736
-1.008,0.405
-1.077,2.636
-1.177,-0.718
-1.306,1.833
-1.238,-0.163
-1.31,-0.937
-1.58,2.453
-1.639,2.171
-1.68,2.649
-1.705,0.714
-1.84,2.565
-1.923,2.089
-1.972,0.277
-2.617,2.898
-3.088,1.575
-3.098,1.674
3.024,1.642
2.605,-0.913
2.619,-0.03
2.723,0.47
2.614,1.286
2.429,1.209
2.355,1.456
2.319,-0.87
2.296,-0.851
2.274,-0.17
2.244,-0.418
2.224,-0.189
2.293,-1.008
2.109,-1.153
2.087,-1.213
1.69,-1.224
0.879,-1.015
0.753,-1.036
0.558,-1.093
-0.042,-1.3
-0.664,-1.323
-0.678,-1.197
-1.014,-1.367
-0.953,-1.286
-1.007,-1.244
-1.174,-1.049
-1.334,-1.387
-1.868,-1.388
-1.985,-1.209
-2.465,-1.3
-2.669,-1.092
2.771,-1.286
2.64,-1.07
2.788,-1.294
0.478,2.975
0.104,3.061
-1.047,3.023
-2.342,3.143
2.94,3.097
1.918,-0.248
1.52,-0.279
0.326,1.458
-0.365,0.877
-0.439,1.459
-0.452,-0.664
-0.666,-0.688
0.778,-0.205
-1.44,0.016
2.969,1.94
2.703,2.498
2.663,2.373
0.366,-0.238
-0.334,0.487
-0.686,1.07
-0.878,1.661
2.538,1.069
2.293,-0.981
1.184,-0.951
-2.596,-0.982
1.52,-1.384
0.798,-1.471
-0.479,-1.533
-2.955,-1.486
0.019,2.985
-0.022,2.577
-0.077,0.267
-0.316,0.978
-0.176,0.467
-0.18,2.53
-0.214,0.521
-0.221,0.227
-0.364,1.722
-0.362,2.877
-0.316,0.048
-0.556,0.281
-0.467,-0.044
-0.64,2.007
-0.607,1.35
-0.737,0.925
-0.695,1.001
-0.695,1.872
-0.872,3.059
-0.773,-0.012
-0.88,1.935
-0.971,0.604
-1.04,2.835
-1.14,-0.519
-1.269,2.032
-1.201,0.036
-1.273,-0.738
-1.543,2.652
-1.602,2.37
-1.643,2.848
-1.668,0.913
-1.803,2.764
-1.886,2.288
-1.935,0.476
-2.58,3.097
-3.051,1.774
-3.061,1.873
3.061,1.841
2.642,-0.714
2.656,0.169
2.76,0.669
2.651,1.485
2.466,1.408
2.392,1.655
2.356,-0.671
2.333,-0.652
2.311,0.029
2.281,-0.219
2.261,0.01
2.33,-0.809
2.146,-0.954
2.124,-1.014
1.727,-1.025
0.916,-0.816
0.79,-0.837
0.595,-0.894
-0.005,-1.101
-0.627,-1.124
-0.641,-0.998
-0.977,-1.168
-0.916,-1.087
-0.97,-1.045
-1.137,-0.85
-1.297,-1.188
-1.831,-1.189
-1.948,-1.01
-2.428,-1.101
-2.632,-0.893
2.808,-1.087
2.677,-0.871
2.825,-1.095
0.515,3.174
0.141,3.26
-1.01,3.222
-2.305,3.342
2.977,3.296
1.955,-0.049
1.557,-0.08
0.363,1.657
-0.328,1.076
-0.402,1.658
-0.415,-0.465
-0.629,-0.489
0.815,-0.006
-1.403,0.215
3.006,2.139
2.74,2.697
2.7,2.572
0.403,-0.039
-0.297,0.686
-0.649,1.269
-0.841,1.86
2.575,1.268
2.33,-0.782
1.221,-0.752
-2.559,-0.783
1.557,-1.185
0.835,-1.272
-0.442,-1.334
-2.918,-1.287
-0.041,-0.408
-0.096,-2.718
-0.335,-2.007
-0.195,-2.518
-0.199,-0.455
-0.233,-2.464
-0.24,-2.758
-0.383,-1.263
-0.381,-0.108
-0.335,-2.937
-0.575,-2.704
-0.486,-3.029
-0.659,-0.978
-0.626,-1.635
-0.756,-2.06
-0.714,-1.984
-0.714,-1.113
-0.891,0.074
-0.792,-2.997
-0.899,-1.05
-0.99,-2.381
-1.059,-0.15
-1.159,-3.504
-1.288,-0.953
-1.22,-2.949
-1.292,-3.723
-1.562,-0.333
-1.621,-0.615
-1.662,-0.137
-1.687,-2.072
-1.822,-0.221
-1.905,-0.697
-1.954,-2.509
-2.599,0.112
-3.07,-1.211
-3.08,-1.112
3.042,-1.144
2.623,-3.699
2.637,-2.816
2.741,-2.316
2.632,-1.5
2.447,-1.577
2.373,-1.33
2.337,-3.656
2.314,-3.637
2.292,-2.956
2.262,-3.204
2.242,-2.975
2.311,-3.794
2.127,-3.939
2.105,-3.999
1.708,-4.01
0.897,-3.801
0.771,-3.822
0.576,-3.879
-0.024,-4.086
-0.646,-4.109
-0.66,-3.983
-0.996,-4.153
-0.935,-4.072
-0.989,-4.03
-1.156,-3.835
-1.316,-4.173
-1.85,-4.174
-1.967,-3.995
-2.447,-4.086
-2.651,-3.878
2.789,-4.072
2.658,-3.856
2.806,-4.08
0.496,0.189
0.122,0.275
-1.029,0.237
-2.324,0.357
2.958,0.311
1.936,-3.034
1.538,-3.065
0.344,-1.328
-0.347,-1.909
-0.421,-1.327
-0.434,-3.45
-0.648,-3.474
0.796,-2.991
-1.422,-2.77
2.987,-0.846
2.721,-0.288
2.681,-0.413
0.384,-3.024
-0.316,-2.299
-0.668,-1.716
-0.86,-1.125
2.556,-1.717
2.311,-3.767
1.202,-3.737
-2.578,-3.768
1.538,-4.17
0.816,-4.257
-0.461,-4.319
-2.937,-4.272
-0.055,-2.31
-0.294,-1.599
-0.154,-2.11
-0.158,-0.047
-0.192,-2.056
-0.199,-2.35
-0.342,-0.855
-0.34,0.3
-0.294,-2.529
-0.534,-2.296
-0.445,-2.621
-0.618,-0.57
-0.585,-1.227
-0.715,-1.652
-0.673,-1.576
-0.673,-0.705
-0.85,0.482
-0.751,-2.589
-0.858,-0.642
-0.949,-1.973
-1.018,0.258
-1.118,-3.096
-1.247,-0.545
-1.179,-2.541
-1.251,-3.315
-1.521,0.075
-1.58,-0.207
-1.621,0.271
-1.646,-1.664
-1.781,0.187
-1.864,-0.289
-1.913,-2.101
-2.558,0.52
-3.029,-0.803
-3.039,-0.704
3.083,-0.736
2.664,-3.291
2.678,-2.408
2.782,-1.908
2.673,-1.092
2.488,-1.169
2.414,-0.922
2.378,-3.248
2.355,-3.229
2.333,-2.548
2.303,-2.796
2.283,-2.567
2.352,-3.386
2.168,-3.531
2.146,-3.591
1.749,-3.602
0.938,-3.393
0.812,-3.414
0.617,-3.471
0.017,-3.678
-0.605,-3.701
-0.619,-3.575
-0.955,-3.745
-0.894,-3.664
-0.948,-3.622
-1.115,-3.427
-1.275,-3.765
-1.809,-3.766
-1.926,-3.587
-2.406,-3.678
-2.61,-3.47
2.83,-3.664
2.699,-3.448
2.847,-3.672
0.537,0.597
0.163,0.683
-0.988,0.645
-2.283,0.765
2.999,0.719
1.977,-2.626
1.579,-2.657
0.385,-0.92
-0.306,-1.501
-0.38,-0.919
-0.393,-3.042
-0.607,-3.066
0.837,-2.583
-1.381,-2.362
3.028,-0.438
2.762,0.12
2.722,-0.005
0.425,-2.616
-0.275,-1.891
-0.627,-1.308
-0.819,-0.717
2.597,-1.309
2.352,-3.359
1.243,-3.329
-2.537,-3.36
1.579,-3.762
0.857,-3.849
-0.42,-3.911
-2.896,-3.864
-0.239,0.711
-0.099,0.2
-0.103,2.263
-0.137,0.254
-0.144,-0.04
-0.287,1.455
-0.285,2.61
-0.239,-0.219
-0.479,0.014
-0.39,-0.311
-0.563,1.74
-0.53,1.083
-0.66,0.658
-0.618,0.734
-0.618,1.605
-0.795,2.792
-0.696,-0.279
-0.803,1.668
-0.894,0.337
-0.963,2.568
-1.063,-0.786
-1.192,1.765
-1.124,-0.231
-1.196,-1.005
-1.466,2.385
-1.525,2.103
-1.566,2.581
-1.591,0.646
-1.726,2.497
-1.809,2.021
-1.858,0.209
-2.503,2.83
-2.974,1.507
-2.984,1.606
3.138,1.574
2.719,-0.981
2.733,-0.098
2.837,0.402
2.728,1.218
2.543,1.141
2.469,1.388
2.433,-0.938
2.41,-0.919
2.388,-0.238
2.358,-0.486
2.338,-0.257
2.407,-1.076
2.223,-1.221
2.201,-1.281
1.804,-1.292
0.993,-1.083
0.867,-1.104
0.672,-1.161
0.072,-1.368
-0.55,-1.391
-0.564,-1.265
-0.9,-1.435
-0.839,-1.354
-0.893,-1.312
-1.06,-1.117
-1.22,-1.455
-1.754,-1.456
-1.871,-1.277
-2.351,-1.368
-2.555,-1.16
2.885,-1.354
2.754,-1.138
2.902,-1.362
0.592,2.907
0.218,2.993
-0.933,2.955
-2.228,3.075
3.054,3.029
2.032,-0.316
1.634,-0.347
0.44,1.39
-0.251,0.809
-0.325,1.391
-0.338,-0.732
-0.552,-0.756
0.892,-0.273
-1.326,-0.052
3.083,1.872
2.817,2.43
2.777,2.305
0.48,-0.306
-0.22,0.419
-0.572,1.002
-0.764,1.593
2.652,1.001
2.407,-1.049
1.298,-1.019
-2.482,-1.05
1.634,-1.452
0.912,-1.539
-0.365,-1.601
-2.841,-1.554
0.14,-0.511
0.136,1.552
0.102,-0.457
0.095,-0.751
-0.048,0.744
-0.046,1.899
0.0,-0.93
-0.24,-0.697
-0.151,-1.022
-0.324,1.029
-0.291,0.372
-0.421,-0.053
-0.379,0.023
-0.379,0.894
-0.556,2.081
-0.457,-0.99
-0.564,0.957
-0.655,-0.374
-0.724,1.857
-0.824,-1.497
-0.953,1.054
-0.885,-0.942
-0.957,-1.716
-1.227,1.674
-1.286,1.392
-1.327,1.87
-1.352,-0.065
-1.487,1.786
-1.57,1.31
-1.619,-0.502
-2.264,2.119
-2.735,0.796
-2.745,0.895
-2.906,0.863
2.958,-1.692
2.972,-0.809
3.076,-0.309
2.967,0.507
2.782,0.43
2.708,0.677
2.672,-1.649
2.649,-1.63
2.627,-0.949
2.597,-1.197
2.577,-0.968
2.646,-1.787
2.462,-1.932
2.44,-1.992
2.043,-2.003
1.232,-1.794
1.106,-1.815
0.911,-1.872
0.311,-2.079
-0.311,-2.102
-0.325,-1.976
-0.661,-2.146
-0.6,-2.065
-0.654,-2.023
-0.821,-1.828
-0.981,-2.166
-1.515,-2.167
-1.632,-1.988
-2.112,-2.079
-2.316,-1.871
3.124,-2.065
2.993,-1.849
3.141,-2.073
0.831,2.196
0.457,2.282
-0.694,2.244
-1.989,2.364
-2.99,2.318
2.271,-1.027
1.873,-1.058
0.679,0.679
-0.012,0.098
-0.086,0.68
-0.099,-1.443
-0.313,-1.467
1.131,-0.984
-1.087,-0.763
-2.961,1.161
3.056,1.719
3.016,1.594
0.719,-1.017
0.019,-0.292
-0.333,0.291
-0.525,0.882
2.891,0.29
2.646,-1.76
1.537,-1.73
-2.243,-1.761
1.873,-2.163
1.151,-2.25
-0.126,-2.312
-2.602,-2.265
-0.004,2.063
-0.038,0.054
-0.045,-0.24
-0.188,1.255
-0.186,2.41
-0.14,-0.419
-0.38,-0.186
-0.291,-0.511
-0.464,1.54
-0.431,0.883
-0.561,0.458
-0.519,0.534
-0.519,1.405
-0.696,2.592
-0.597,-0.479
-0.704,1.468
-0.795,0.137
-0.864,2.368
-0.964,-0.986
-1.093,1.565
-1.025,-0.431
-1.097,-1.205
-1.367,2.185
-1.426,1.903
-1.467,2.381
-1.492,0.446
-1.627,2.297
-1.71,1.821
-1.759,0.009
-2.404,2.63
-2.875,1.307
-2.885,1.406
-3.046,1.374
2.818,-1.181
2.832,-0.298
2.936,0.202
2.827,1.018
2.642,0.941
2.568,1.188
2.532,-1.138
2.509,-1.119
2.487,-0.438
2.457,-0.686
2.437,-0.457
2.506,-1.276
2.322,-1.421
2.3,-1.481
1.903,-1.492
1.092,-1.283
0.966,-1.304
0.771,-1.361
0.171,-1.568
-0.451,-1.591
-0.465,-1.465
-0.801,-1.635
-0.74,-1.554
-0.794,-1.512
-0.961,-1.317
-1.121,-1.655
-1.655,-1.656
-1.772,-1.477
-2.252,-1.568
-2.456,-1.36
2.984,-1.554
2.853,-1.338
3.001,-1.562
0.691,2.707
0.317,2.793
-0.834,2.755
-2.129,2.875
-3.13,2.829
2.131,-0.516
1.733,-0.547
0.539,1.19
-0.152,0.609
-0.226,1.191
-0.239,-0.932
-0.453,-0.956
0.991,-0.473
-1.227,-0.252
-3.101,1.672
2.916,2.23
2.876,2.105
0.579,-0.506
-0.121,0.219
-0.473,0.802
-0.665,1.393
2.751,0.801
2.506,-1.249
1.397,-1.219
-2.383,-1.25
1.733,-1.652
1.011,-1.739
-0.266,-1.801
-2.742,-1.754
-0.034,-2.009
-0.041,-2.303
-0.184,-0.808
-0.182,0.347
-0.136,-2.482
-0.376,-2.249
-0.287,-2.574
-0.46,-0.523
-0.427,-1.18
-0.557,-1.605
-0.515,-1.529
-0.515,-0.658
-0.692,0.529
-0.593,-2.542
-0.7,-0.595
-0.791,-1.926
-0.86,0.305
-0.96,-3.049
-1.089,-0.498
-1.021,-2.494
-1.093,-3.268
-1.363,0.122
-1.422,-0.16
-1.463,0.318
-1.488,-1.617
-1.623,0.234
-1.706,-0.242
-1.755,-2.054
-2.4,0.567
-2.871,-0.756
-2.881,-0.657
-3.042,-0.689
2.822,-3.244
2.836,-2.361
2.94,-1.861
2.831,-1.045
2.646,-1.122
2.572,-0.875
2.536,-3.201
2.513,-3.182
2.491,-2.501
2.461,-2.749
2.441,-2.52
2.51,-3.339
2.326,-3.484
2.304,-3.544
1.907,-3.555
1.096,-3.346
0.97,-3.367
0.775,-3.424
0.175,-3.631
-0.447,-3.654
-0.461,-3.528
-0.797,-3.698
-0.736,-3.617
-0.79,-3.575
-0.957,-3.38
-1.117,-3.718
-1.651,-3.719
-1.768,-3.54
-2.248,-3.631
-2.452,-3.423
2.988,-3.617
2.857,-3.401
3.005,-3.625
0.695,0.644
0.321,0.73
-0.83,0.692
-2.125,0.812
-3.126,0.766
2.135,-2.579
1.737,-2.61
0.543,-0.873
-0.148,-1.454
-0.222,-0.872
-0.235,-2.995
-0.449,-3.019
0.995,-2.536
-1.223,-2.315
-3.097,-0.391
2.92,0.167
2.88,0.042
0.583,-2.569
-0.117,-1.844
-0.469,-1.261
-0.661,-0.67
2.755,-1.262
2.51,-3.312
1.401,-3.282
-2.379,-3.313
1.737,-3.715
1.015,-3.802
-0.262,-3.864
-2.738,-3.817
-0.007,-0.294
-0.15,1.201
-0.148,2.356
-0.102,-0.473
-0.342,-0.24
-0.253,-0.565
-0.426,1.486
-0.393,0.829
-0.523,0.404
-0.481,0.48
-0.481,1.351
-0.658,2.538
-0.559,-0.533
-0.666,1.414
-0.757,0.083
-0.826,2.314
-0.926,-1.04
-1.055,1.511
-0.987,-0.485
-1.059,-1.259
-1.329,2.131
-1.388,1.849
-1.429,2.327
-1.454,0.392
-1.589,2.243
-1.672,1.767
-1.721,-0.045
-2.366,2.576
-2.837,1.253
-2.847,1.352
-3.008,1.32
2.856,-1.235
2.87,-0.352
2.974,0.148
2.865,0.964
2.68,0.887
2.606,1.134
2.57,-1.192
2.547,-1.173
2.525,-0.492
2.495,-0.74
2.475,-0.511
2.544,-1.33
2.36,-1.475
2.338,-1.535
1.941,-1.546
1.13,-1.337
1.004,-1.358
0.809,-1.415
0.209,-1.622
-0.413,-1.645
-0.427,-1.519
-0.763,-1.689
-0.702,-1.608
-0.756,-1.566
-0.923,-1.371
-1.083,-1.709
-1.617,-1.71
-1.734,-1.531
-2.214,-1.622
-2.418,-1.414
3.022,-1.608
2.891,-1.392
3.039,-1.616
0.729,2.653
0.355,2.739
-0.796,2.701
-2.091,2.821
-3.092,2.775
2.169,-0.57
1.771,-0.601
0.577,1.136
-0.114,0.555
-0.188,1.137
-0.201,-0.986
-0.415,-1.01
1.029,-0.527
-1.189,-0.306
-3.063,1.618
2.954,2.176
2.914,2.051
0.617,-0.56
-0.083,0.165
-0.435,0.748
-0.627,1.339
2.789,0.747
2.544,-1.303
1.435,-1.273
-2.345,-1.304
1.771,-1.706
1.049,-1.793
-0.228,-1.855
-2.704,-1.808
-0.143,1.495
-0.141,2.65
-0.095,-0.179
-0.335,0.054
-0.246,-0.271
-0.419,1.78
-0.386,1.123
-0.516,0.698
-0.474,0.774
-0.474,1.645
-0.651,2.832
-0.552,-0.239
-0.659,1.708
-0.75,0.377
-0.819,2.608
-0.919,-0.746
-1.048,1.805
-0.98,-0.191
-1.052,-0.965
-1.322,2.425
-1.381,2.143
-1.422,2.621
-1.447,0.686
-1.582,2.537
-1.665,2.061
-1.714,0.249
-2.359,2.87
-2.83,1.547
-2.84,1.646
-3.001,1.614
2.863,-0.941
2.877,-0.058
2.981,0.442
2.872,1.258
2.687,1.181
2.613,1.428
2.577,-0.898
2.554,-0.879
2.532,-0.198
2.502,-0.446
2.482,-0.217
2.551,-1.036
2.367,-1.181
2.345,-1.241
1.948,-1.252
1.137,-1.043
1.011,-1.064
0.816,-1.121
0.216,-1.328
-0.406,-1.351
-0.42,-1.225
-0.756,-1.395
-0.695,-1.314
-0.749,-1.272
-0.916,-1.077
-1.076,-1.415
-1.61,-1.416
-1.727,-1.237
-2.207,-1.328
-2.411,-1.12
3.029,-1.314
2.898,-1.098
3.046,-1.322
0.736,2.947
0.362,3.033
-0.789,2.995
-2.084,3.115
-3.085,3.069
2.176,-0.276
1.778,-0.307
0.584,1.43
-0.107,0.849
-0.181,1.431
-0.194,-0.692
-0.408,-0.716
1.036,-0.233
-1.182,-0.012
-3.056,1.912
2.961,2.47
2.921,2.345
0.624,-0.266
-0.076,0.459
-0.428,1.042
-0.62,1.633
2.796,1.041
2.551,-1.009
1.442,-0.979
-2.338,-1.01
1.778,-1.412
1.056,-1.499
-0.221,-1.561
-2.697,-1.514
0.002,1.155
0.048,-1.674
-0.192,-1.441
-0.103,-1.766
-0.276,0.285
-0.243,-0.372
-0.373,-0.797
-0.331,-0.721
-0.331,0.15
-0.508,1.337
-0.409,-1.734
-0.516,0.213
-0.607,-1.118
-0.676,1.113
-0.776,-2.241
-0.905,0.31
-0.837,-1.686
-0.909,-2.46
-1.179,0.93
-1.238,0.648
-1.279,1.126
-1.304,-0.809
-1.439,1.042
-1.522,0.566
-1.571,-1.246
-2.216,1.375
-2.687,0.052
-2.697,0.151
-2.858,0.119
3.006,-2.436
3.02,-1.553
3.124,-1.053
3.015,-0.237
2.83,-0.314
2.756,-0.067
2.72,-2.393
2.697,-2.374
2.675,-1.693
2.645,-1.941
2.625,-1.712
2.694,-2.531
2.51,-2.676
2.488,-2.736
2.091,-2.747
1.28,-2.538
1.154,-2.559
0.959,-2.616
0.359,-2.823
-0.263,-2.846
-0.277,-2.72
-0.613,-2.89
-0.552,-2.809
-0.606,-2.767
-0.773,-2.572
-0.933,-2.91
-1.467,-2.911
-1.584,-2.732
-2.064,-2.823
-2.268,-2.615
-3.111,-2.809
3.041,-2.593
-3.094,-2.817
0.879,1.452
0.505,1.538
-0.646,1.5
-1.941,1.62
-2.942,1.574
2.319,-1.771
1.921,-1.802
0.727,-0.065
0.036,-0.646
-0.038,-0.064
-0.051,-2.187
-0.265,-2.211
1.179,-1.728
-1.039,-1.507
-2.913,0.417
3.104,0.975
3.064,0.85
0.767,-1.761
0.067,-1.036
-0.285,-0.453
-0.477,0.138
2.939,-0.454
2.694,-2.504
1.585,-2.474
-2.195,-2.505
1.921,-2.907
1.199,-2.994
-0.078,-3.056
-2.554,-3.009
0.046,-2.829
-0.194,-2.596
-0.105,-2.921
-0.278,-0.87
-0.245,-1.527
-0.375,-1.952
-0.333,-1.876
-0.333,-1.005
-0.51,0.182
-0.411,-2.889
-0.518,-0.942
-0.609,-2.273
-0.678,-0.042
-0.778,-3.396
-0.907,-0.845
-0.839,-2.841
-0.911,-3.615
-1.181,-0.225
-1.24,-0.507
-1.281,-0.029
-1.306,-1.964
-1.441,-0.113
-1.524,-0.589
-1.573,-2.401
-2.218,0.22
-2.689,-1.103
-2.699,-1.004
-2.86,-1.036
3.004,-3.591
3.018,-2.708
3.122,-2.208
3.013,-1.392
2.828,-1.469
2.754,-1.222
2.718,-3.548
2.695,-3.529
2.673,-2.848
2.643,-3.096
2.623,-2.867
2.692,-3.686
2.508,-3.831
2.486,-3.891
2.089,-3.902
1.278,-3.693
1.152,-3.714
0.957,-3.771
0.357,-3.978
-0.265,-4.001
-0.279,-3.875
-0.615,-4.045
-0.554,-3.964
-0.608,-3.922
-0.775,-3.727
-0.935,-4.065
-1.469,-4.066
-1.586,-3.887
-2.066,-3.978
-2.27,-3.77
-3.113,-3.964
3.039,-3.748
-3.096,-3.972
0.877,0.297
0.503,0.383
-0.648,0.345
-1.943,0.465
-2.944,0.419
2.317,-2.926
1.919,-2.957
0.725,-1.22
0.034,-1.801
-0.04,-1.219
-0.053,-3.342
-0.267,-3.366
1.177,-2.883
-1.041,-2.662
-2.915,-0.738
3.102,-0.18
3.062,-0.305
0.765,-2.916
0.065,-2.191
-0.287,-1.608
-0.479,-1.017
2.937,-1.609
2.692,-3.659
1.583,-3.629
-2.197,-3.66
1.919,-4.062
1.197,-4.149
-0.08,-4.211
-2.556,-4.164
-0.24,0.233
-0.151,-0.092
-0.324,1.959
-0.291,1.302
-0.421,0.877
-0.379,0.953
-0.379,1.824
-0.556,3.011
-0.457,-0.06
-0.564,1.887
-0.655,0.556
-0.724,2.787
-0.824,-0.567
-0.953,1.984
-0.885,-0.012
-0.957,-0.786
-1.227,2.604
-1.286,2.322
-1.327,2.8
-1.352,0.865
-1.487,2.716
-1.57,2.24
-1.619,0.428
-2.264,3.049
-2.735,1.726
-2.745,1.825
-2.906,1.793
2.958,-0.762
2.972,0.121
3.076,0.621
2.967,1.437
2.782,1.36
2.708,1.607
2.672,-0.719
2.649,-0.7
2.627,-0.019
2.597,-0.267
2.577,-0.038
2.646,-0.857
2.462,-1.002
2.44,-1.062
2.043,-1.073
1.232,-0.864
1.106,-0.885
0.911,-0.942
0.311,-1.149
-0.311,-1.172
-0.325,-1.046
-0.661,-1.216
-0.6,-1.135
-0.654,-1.093
-0.821,-0.898
-0.981,-1.236
-1.515,-1.237
-1.632,-1.058
-2.112,-1.149
-2.316,-0.941
3.124,-1.135
2.993,-0.919
3.141,-1.143
0.831,3.126
0.457,3.212
-0.694,3.174
-1.989,3.294
-2.99,3.248
2.271,-0.097
1.873,-0.128
0.679,1.609
-0.012,1.028
-0.086,1.61
-0.099,-0.513
-0.313,-0.537
1.131,-0.054
-1.087,0.167
-2.961,2.091
3.056,2.649
3.016,2.524
0.719,-0.087
0.019,0.638
-0.333,1.221
-0.525,1.812
2.891,1.22
2.646,-0.83
1.537,-0.8
-2.243,-0.831
1.873,-1.233
1.151,-1.32
-0.126,-1.382
-2.602,-1.335
0.089,-0.325
-0.084,1.726
-0.051,1.069
-0.181,0.644
-0.139,0.72
-0.139,1.591
-0.316,2.778
-0.217,-0.293
-0.324,1.654
-0.415,0.323
-0.484,2.554
-0.584,-0.8
-0.713,1.751
-0.645,-0.245
-0.717,-1.019
-0.987,2.371
-1.046,2.089
-1.087,2.567
-1.112,0.632
-1.247,2.483
-1.33,2.007
-1.379,0.195
-2.024,2.816
-2.495,1.493
-2.505,1.592
-2.666,1.56
-3.085,-0.995
-3.071,-0.112
-2.967,0.388
-3.076,1.204
3.022,1.127
2.948,1.374
2.912,-0.952
2.889,-0.933
2.867,-0.252
2.837,-0.5
2.817,-0.271
2.886,-1.09
2.702,-1.235
2.68,-1.295
2.283,-1.306
1.472,-1.097
1.346,-1.118
1.151,-1.175
0.551,-1.382
-0.071,-1.405
-0.085,-1.279
-0.421,-1.449
-0.36,-1.368
-0.414,-1.326
-0.581,-1.131
-0.741,-1.469
-1.275,-1.47
-1.392,-1.291
-1.872,-1.382
-2.076,-1.174
-2.919,-1.368
-3.05,-1.152
-2.902,-1.376
1.071,2.893
0.697,2.979
-0.454,2.941
-1.749,3.061
-2.75,3.015
2.511,-0.33
2.113,-0.361
0.919,1.376
0.228,0.795
0.154,1.377
0.141,-0.746
-0.073,-0.77
1.371,-0.287
-0.847,-0.066
-2.721,1.858
-2.987,2.416
-3.027,2.291
0.959,-0.32
0.259,0.405
-0.093,0.988
-0.285,1.579
3.131,0.987
2.886,-1.063
1.777,-1.033
-2.003,-1.064
2.113,-1.466
1.391,-1.553
0.114,-1.615
-2.362,-1.568
-0.173,2.051
-0.14,1.394
-0.27,0.969
-0.228,1.045
-0.228,1.916
-0.405,3.103
-0.306,0.032
-0.413,1.979
-0.504,0.648
-0.573,2.879
-0.673,-0.475
-0.802,2.076
-0.734,0.08
-0.806,-0.694
-1.076,2.696
-1.135,2.414
-1.176,2.892
-1.201,0.957
-1.336,2.808
-1.419,2.332
-1.468,0.52
-2.113,3.141
-2.584,1.818
-2.594,1.917
-2.755,1.885
3.109,-0.67
3.123,0.213
-3.056,0.713
3.118,1.529
2.933,1.452
2.859,1.699
2.823,-0.627
2.8,-0.608
2.778,0.073
2.748,-0.175
2.728,0.054
2.797,-0.765
2.613,-0.91
2.591,-0.97
2.194,-0.981
1.383,-0.772
1.257,-0.793
1.062,-0.85
0.462,-1.057
-0.16,-1.08
-0.174,-0.954
-0.51,-1.124
-0.449,-1.043
-0.503,-1.001
-0.67,-0.806
-0.83,-1.144
-1.364,-1.145
-1.481,-0.966
-1.961,-1.057
-2.165,-0.849
-3.008,-1.043
-3.139,-0.827
-2.991,-1.051
0.982,3.218
0.608,3.304
-0.543,3.266
-1.838,3.386
-2.839,3.34
2.422,-0.005
2.024,-0.036
0.83,1.701
0.139,1.12
0.065,1.702
0.052,-0.421
-0.162,-0.445
1.282,0.038
-0.936,0.259
-2.81,2.183
-3.076,2.741
-3.116,2.616
0.87,0.005
0.17,0.73
-0.182,1.313
-0.374,1.904
3.042,1.312
2.797,-0.738
1.688,-0.708
-2.092,-0.739
2.024,-1.141
1.302,-1.228
0.025,-1.29
-2.451,-1.243
0.033,-0.657
-0.097,-1.082
-0.055,-1.006
-0.055,-0.135
-0.232,1.052
-0.133,-2.019
-0.24,-0.072
-0.331,-1.403
-0.4,0.828
-0.5,-2.526
-0.629,0.025
-0.561,-1.971
-0.633,-2.745
-0.903,0.645
-0.962,0.363
-1.003,0.841
-1.028,-1.094
-1.163,0.757
-1.246,0.281
-1.295,-1.531
-1.94,1.09
-2.411,-0.233
-2.421,-0.134
-2.582,-0.166
-3.001,-2.721
-2.987,-1.838
-2.883,-1.338
-2.992,-0.522
3.106,-0.599
3.032,-0.352
2.996,-2.678
2.973,-2.659
2.951,-1.978
2.921,-2.226
2.901,-1.997
2.97,-2.816
2.786,-2.961
2.764,-3.021
2.367,-3.032
1.556,-2.823
1.43,-2.844
1.235,-2.901
0.635,-3.108
0.013,-3.131
-0.001,-3.005
-0.337,-3.175
-0.276,-3.094
-0.33,-3.052
-0.497,-2.857
-0.657,-3.195
-1.191,-3.196
-1.308,-3.017
-1.788,-3.108
-1.992,-2.9
-2.835,-3.094
-2.966,-2.878
-2.818,-3.102
1.155,1.167
0.781,1.253
-0.37,1.215
-1.665,1.335
-2.666,1.289
2.595,-2.056
2.197,-2.087
1.003,-0.35
0.312,-0.931
0.238,-0.349
0.225,-2.472
0.011,-2.496
1.455,-2.013
-0.763,-1.792
-2.637,0.132
-2.903,0.69
-2.943,0.565
1.043,-2.046
0.343,-1.321
-0.009,-0.738
-0.201,-0.147
-3.068,-0.739
2.97,-2.789
1.861,-2.759
-1.919,-2.79
2.197,-3.192
1.475,-3.279
0.198,-3.341
-2.278,-3.294
-0.13,-0.425
-0.088,-0.349
-0.088,0.522
-0.265,1.709
-0.166,-1.362
-0.273,0.585
-0.364,-0.746
-0.433,1.485
-0.533,-1.869
-0.662,0.682
-0.594,-1.314
-0.666,-2.088
-0.936,1.302
-0.995,1.02
-1.036,1.498
-1.061,-0.437
-1.196,1.414
-1.279,0.938
-1.328,-0.874
-1.973,1.747
-2.444,0.424
-2.454,0.523
-2.615,0.491
-3.034,-2.064
-3.02,-1.181
-2.916,-0.681
-3.025,0.135
3.073,0.058
2.999,0.305
2.963,-2.021
2.94,-2.002
2.918,-1.321
2.888,-1.569
2.868,-1.34
2.937,-2.159
2.753,-2.304
2.731,-2.364
2.334,-2.375
1.523,-2.166
1.397,-2.187
1.202,-2.244
0.602,-2.451
-0.02,-2.474
-0.034,-2.348
-0.37,-2.518
-0.309,-2.437
-0.363,-2.395
-0.53,-2.2
-0.69,-2.538
-1.224,-2.539
-1.341,-2.36
-1.821,-2.451
-2.025,-2.243
-2.868,-2.437
-2.999,-2.221
-2.851,-2.445
1.122,1.824
0.748,1.91
-0.403,1.872
-1.698,1.992
-2.699,1.946
2.562,-1.399
2.164,-1.43
0.97,0.307
0.279,-0.274
0.205,0.308
0.192,-1.815
-0.022,-1.839
1.422,-1.356
-0.796,-1.135
-2.67,0.789
-2.936,1.347
-2.976,1.222
1.01,-1.389
0.31,-0.664
-0.042,-0.081
-0.234,0.51
-3.101,-0.082
2.937,-2.132
1.828,-2.102
-1.952,-2.133
2.164,-2.535
1.442,-2.622
0.165,-2.684
-2.311,-2.637
0.042,0.076
0.042,0.947
-0.135,2.134
-0.036,-0.937
-0.143,1.01
-0.234,-0.321
-0.303,1.91
-0.403,-1.444
-0.532,1.107
-0.464,-0.889
-0.536,-1.663
-0.806,1.727
-0.865,1.445
-0.906,1.923
-0.931,-0.012
-1.066,1.839
-1.149,1.363
-1.198,-0.449
-1.843,2.172
-2.314,0.849
-2.324,0.948
-2.485,0.916
-2.904,-1.639
-2.89,-0.756
-2.786,-0.256
-2.895,0.56
-3.08,0.483
3.129,0.73
3.093,-1.596
3.07,-1.577
3.048,-0.896
3.018,-1.144
2.998,-0.915
3.067,-1.734
2.883,-1.879
2.861,-1.939
2.464,-1.95
1.653,-1.741
1.527,-1.762
1.332,-1.819
0.732,-2.026
0.11,-2.049
0.096,-1.923
-0.24,-2.093
-0.179,-2.012
-0.233,-1.97
-0.4,-1.775
-0.56,-2.113
-1.094,-2.114
-1.211,-1.935
-1.691,-2.026
-1.895,-1.818
-2.738,-2.012
-2.869,-1.796
-2.721,-2.02
1.252,2.249
0.878,2.335
-0.273,2.297
-1.568,2.417
-2.569,2.371
2.692,-0.974
2.294,-1.005
1.1,0.732
0.409,0.151
0.335,0.733
0.322,-1.39
0.108,-1.414
1.552,-0.931
-0.666,-0.71
-2.54,1.214
-2.806,1.772
-2.846,1.647
1.14,-0.964
0.44,-0.239
0.088,0.344
-0.104,0.935
-2.971,0.343
3.067,-1.707
1.958,-1.677
-1.822,-1.708
2.294,-2.11
1.572,-2.197
0.295,-2.259
-2.181,-2.212
0.0,0.871
-0.177,2.058
-0.078,-1.013
-0.185,0.934
-0.276,-0.397
-0.345,1.834
-0.445,-1.52
-0.574,1.031
-0.506,-0.965
-0.578,-1.739
-0.848,1.651
-0.907,1.369
-0.948,1.847
-0.973,-0.088
-1.108,1.763
-1.191,1.287
-1.24,-0.525
-1.885,2.096
-2.356,0.773
-2.366,0.872
-2.527,0.84
-2.946,-1.715
-2.932,-0.832
-2.828,-0.332
-2.937,0.484
-3.122,0.407
3.087,0.654
3.051,-1.672
3.028,-1.653
3.006,-0.972
2.976,-1.22
2.956,-0.991
3.025,-1.81
2.841,-1.955
2.819,-2.015
2.422,-2.026
1.611,-1.817
1.485,-1.838
1.29,-1.895
0.69,-2.102
0.068,-2.125
0.054,-1.999
-0.282,-2.169
-0.221,-2.088
-0.275,-2.046
-0.442,-1.851
-0.602,-2.189
-1.136,-2.19
-1.253,-2.011
-1.733,-2.102
-1.937,-1.894
-2.78,-2.088
-2.911,-1.872
-2.763,-2.096
1.21,2.173
0.836,2.259
-0.315,2.221
-1.61,2.341
-2.611,2.295
2.65,-1.05
2.252,-1.081
1.058,0.656
0.367,0.075
0.293,0.657
0.28,-1.466
0.066,-1.49
1.51,-1.007
-0.708,-0.786
-2.582,1.138
-2.848,1.696
-2.888,1.571
1.098,-1.04
0.398,-0.315
0.046,0.268
-0.146,0.859
-3.013,0.267
3.025,-1.783
1.916,-1.753
-1.864,-1.784
2.252,-2.186
1.53,-2.273
0.253,-2.335
-2.223,-2.288
-0.177,1.187
-0.078,-1.884
-0.185,0.063
-0.276,-1.268
-0.345,0.963
-0.445,-2.391
-0.574,0.16
-0.506,-1.836
-0.578,-2.61
-0.848,0.78
-0.907,0.498
-0.948,0.976
-0.973,-0.959
-1.108,0.892
-1.191,0.416
-1.24,-1.396
-1.885,1.225
-2.356,-0.098
-2.366,0.001
-2.527,-0.031
-2.946,-2.586
-2.932,-1.703
-2.828,-1.203
-2.937,-0.387
-3.122,-0.464
3.087,-0.217
3.051,-2.543
3.028,-2.524
3.006,-1.843
2.976,-2.091
2.956,-1.862
3.025,-2.681
2.841,-2.826
2.819,-2.886
2.422,-2.897
1.611,-2.688
1.485,-2.709
1.29,-2.766
0.69,-2.973
0.068,-2.996
0.054,-2.87
-0.282,-3.04
-0.221,-2.959
-0.275,-2.917
-0.442,-2.722
-0.602,-3.06
-1.136,-3.061
-1.253,-2.882
-1.733,-2.973
-1.937,-2.765
-2.78,-2.959
-2.911,-2.743
-2.763,-2.967
1.21,1.302
0.836,1.388
-0.315,1.35
-1.61,1.47
-2.611,1.424
2.65,-1.921
2.252,-1.952
1.058,-0.215
0.367,-0.796
0.293,-0.214
0.28,-2.337
0.066,-2.361
1.51,-1.878
-0.708,-1.657
-2.582,0.267
-2.848,0.825
-2.888,0.7
1.098,-1.911
0.398,-1.186
0.046,-0.603
-0.146,-0.012
-3.013,-0.604
3.025,-2.654
1.916,-2.624
-1.864,-2.655
2.252,-3.057
1.53,-3.144
0.253,-3.206
-2.223,-3.159
0.099,-3.071
-0.008,-1.124
-0.099,-2.455
-0.168,-0.224
-0.268,-3.578
-0.397,-1.027
-0.329,-3.023
-0.401,-3.797
-0.671,-0.407
-0.73,-0.689
-0.771,-0.211
-0.796,-2.146
-0.931,-0.295
-1.014,-0.771
-1.063,-2.583
-1.708,0.038
-2.179,-1.285
-2.189,-1.186
-2.35,-1.218
-2.769,-3.773
-2.755,-2.89
-2.651,-2.39
-2.76,-1.574
-2.945,-1.651
-3.019,-1.404
-3.055,-3.73
-3.078,-3.711
-3.1,-3.03
-3.13,-3.278
3.133,-3.049
-3.081,-3.868
3.018,-4.013
2.996,-4.073
2.599,-4.084
1.788,-3.875
1.662,-3.896
1.467,-3.953
0.867,-4.16
0.245,-4.183
0.231,-4.057
-0.105,-4.227
-0.044,-4.146
-0.098,-4.104
-0.265,-3.909
-0.425,-4.247
-0.959,-4.248
-1.076,-4.069
-1.556,-4.16
-1.76,-3.952
-2.603,-4.146
-2.734,-3.93
-2.586,-4.154
1.387,0.115
1.013,0.201
-0.138,0.163
-1.433,0.283
-2.434,0.237
2.827,-3.108
2.429,-3.139
1.235,-1.402
0.544,-1.983
0.47,-1.401
0.457,-3.524
0.243,-3.548
1.687,-3.065
-0.531,-2.844
-2.405,-0.92
-2.671,-0.362
-2.711,-0.487
1.275,-3.098
0.575,-2.373
0.223,-1.79
0.031,-1.199
-2.836,-1.791
-3.081,-3.841
2.093,-3.811
-1.687,-3.842
2.429,-4.244
1.707,-4.331
0.43,-4.393
-2.046,-4.346
-0.107,1.947
-0.198,0.616
-0.267,2.847
-0.367,-0.507
-0.496,2.044
-0.428,0.048
-0.5,-0.726
-0.77,2.664
-0.829,2.382
-0.87,2.86
-0.895,0.925
-1.03,2.776
-1.113,2.3
-1.162,0.488
-1.807,3.109
-2.278,1.786
-2.288,1.885
-2.449,1.853
-2.868,-0.702
-2.854,0.181
-2.75,0.681
-2.859,1.497
-3.044,1.42
-3.118,1.667
3.129,-0.659
3.106,-0.64
3.084,0.041
3.054,-0.207
3.034,0.022
3.103,-0.797
2.919,-0.942
2.897,-1.002
2.5,-1.013
1.689,-0.804
1.563,-0.825
1.368,-0.882
0.768,-1.089
0.146,-1.112
0.132,-0.986
-0.204,-1.156
-0.143,-1.075
-0.197,-1.033
-0.364,-0.838
-0.524,-1.176
-1.058,-1.177
-1.175,-0.998
-1.655,-1.089
-1.859,-0.881
-2.702,-1.075
-2.833,-0.859
-2.685,-1.083
1.288,3.186
0.914,3.272
-0.237,3.234
-1.532,3.354
-2.533,3.308
2.728,-0.037
2.33,-0.068
1.136,1.669
0.445,1.088
0.371,1.67
0.358,-0.453
0.144,-0.477
1.588,0.006
-0.63,0.227
-2.504,2.151
-2.77,2.709
-2.81,2.584
1.176,-0.027
0.476,0.698
0.124,1.281
-0.068,1.872
-2.935,1.28
3.103,-0.77
1.994,-0.74
-1.786,-0.771
2.33,-1.173
1.608,-1.26
0.331,-1.322
-2.145,-1.275
-0.091,-1.331
-0.16,0.9
-0.26,-2.454
-0.389,0.097
-0.321,-1.899
-0.393,-2.673
-0.663,0.717
-0.722,0.435
-0.763,0.913
-0.788,-1.022
-0.923,0.829
-1.006,0.353
-1.055,-1.459
-1.7,1.162
-2.171,-0.161
-2.181,-0.062
-2.342,-0.094
-2.761,-2.649
-2.747,-1.766
-2.643,-1.266
-2.752,-0.45
-2.937,-0.527
-3.011,-0.28
-3.047,-2.606
-3.07,-2.587
-3.092,-1.906
-3.122,-2.154
3.141,-1.925
-3.073,-2.744
3.026,-2.889
3.004,-2.949
2.607,-2.96
1.796,-2.751
1.67,-2.772
1.475,-2.829
0.875,-3.036
0.253,-3.059
0.239,-2.933
-0.097,-3.103
-0.036,-3.022
-0.09,-2.98
-0.257,-2.785
-0.417,-3.123
-0.951,-3.124
-1.068,-2.945
-1.548,-3.036
-1.752,-2.828
-2.595,-3.022
-2.726,-2.806
-2.578,-3.03
1.395,1.239
1.021,1.325
-0.13,1.287
-1.425,1.407
-2.426,1.361
2.835,-1.984
2.437,-2.015
1.243,-0.278
0.552,-0.859
0.478,-0.277
0.465,-2.4
0.251,-2.424
1.695,-1.941
-0.523,-1.72
-2.397,0.204
-2.663,0.762
-2.703,0.637
1.283,-1.974
0.583,-1.249
0.231,-0.666
0.039,-0.075
-2.828,-0.667
-3.073,-2.717
2.101,-2.687
-1.679,-2.718
2.437,-3.12
1.715,-3.207
0.438,-3.269
-2.038,-3.222
-0.069,2.231
-0.169,-1.123
-0.298,1.428
-0.23,-0.568
-0.302,-1.342
-0.572,2.048
-0.631,1.766
-0.672,2.244
-0.697,0.309
-0.832,2.16
-0.915,1.684
-0.964,-0.128
-1.609,2.493
-2.08,1.17
-2.09,1.269
-2.251,1.237
-2.67,-1.318
-2.656,-0.435
-2.552,0.065
-2.661,0.881
-2.846,0.804
-2.92,1.051
-2.956,-1.275
-2.979,-1.256
-3.001,-0.575
-3.031,-0.823
-3.051,-0.594
-2.982,-1.413
3.117,-1.558
3.095,-1.618
2.698,-1.629
1.887,-1.42
1.761,-1.441
1.566,-1.498
0.966,-1.705
0.344,-1.728
0.33,-1.602
-0.006,-1.772
0.055,-1.691
0.001,-1.649
-0.166,-1.454
-0.326,-1.792
-0.86,-1.793
-0.977,-1.614
-1.457,-1.705
-1.661,-1.497
-2.504,-1.691
-2.635,-1.475
-2.487,-1.699
1.486,2.57
1.112,2.656
-0.039,2.618
-1.334,2.738
-2.335,2.692
2.926,-0.653
2.528,-0.684
1.334,1.053
0.643,0.472
0.569,1.054
0.556,-1.069
0.342,-1.093
1.786,-0.61
-0.432,-0.389
-2.306,1.535
-2.572,2.093
-2.612,1.968
1.374,-0.643
0.674,0.082
0.322,0.665
0.13,1.256
-2.737,0.664
-2.982,-1.386
2.192,-1.356
-1.588,-1.387
2.528,-1.789
1.806,-1.876
0.529,-1.938
-1.947,-1.891
-0.1,-3.354
-0.229,-0.803
-0.161,-2.799
-0.233,-3.573
-0.503,-0.183
-0.562,-0.465
-0.603,0.013
-0.628,-1.922
-0.763,-0.071
-0.846,-0.547
-0.895,-2.359
-1.54,0.262
-2.011,-1.061
-2.021,-0.962
-2.182,-0.994
-2.601,-3.549
-2.587,-2.666
-2.483,-2.166
-2.592,-1.35
-2.777,-1.427
-2.851,-1.18
-2.887,-3.506
-2.91,-3.487
-2.932,-2.806
-2.962,-3.054
-2.982,-2.825
-2.913,-3.644
-3.097,-3.789
-3.119,-3.849
2.767,-3.86
1.956,-3.651
1.83,-3.672
1.635,-3.729
1.035,-3.936
0.413,-3.959
0.399,-3.833
0.063,-4.003
0.124,-3.922
0.07,-3.88
-0.097,-3.685
-0.257,-4.023
-0.791,-4.024
-0.908,-3.845
-1.388,-3.936
-1.592,-3.728
-2.435,-3.922
-2.566,-3.706
-2.418,-3.93
1.555,0.339
1.181,0.425
0.03,0.387
-1.265,0.507
-2.266,0.461
2.995,-2.884
2.597,-2.915
1.403,-1.178
0.712,-1.759
0.638,-1.177
0.625,-3.3
0.411,-3.324
1.855,-2.841
-0.363,-2.62
-2.237,-0.696
-2.503,-0.138
-2.543,-0.263
1.443,-2.874
0.743,-2.149
0.391,-1.566
0.199,-0.975
-2.668,-1.567
-2.913,-3.617
2.261,-3.587
-1.519,-3.618
2.597,-4.02
1.875,-4.107
0.598,-4.169
-1.878,-4.122
-0.129,2.551
-0.061,0.555
-0.133,-0.219
-0.403,3.171
-0.462,2.889
-0.503,3.367
-0.528,1.432
-0.663,3.283
-0.746,2.807
-0.795,0.995
-1.44,3.616
-1.911,2.293
-1.921,2.392
-2.082,2.36
-2.501,-0.195
-2.487,0.688
-2.383,1.188
-2.492,2.004
-2.677,1.927
-2.751,2.174
-2.787,-0.152
-2.81,-0.133
-2.832,0.548
-2.862,0.3
-2.882,0.529
-2.813,-0.29
-2.997,-0.435
-3.019,-0.495
2.867,-0.506
2.056,-0.297
1.93,-0.318
1.735,-0.375
1.135,-0.582
0.513,-0.605
0.499,-0.479
0.163,-0.649
0.224,-0.568
0.17,-0.526
0.003,-0.331
-0.157,-0.669
-0.691,-0.67
-0.808,-0.491
-1.288,-0.582
-1.492,-0.374
-2.335,-0.568
-2.466,-0.352
-2.318,-0.576
1.655,3.693
1.281,3.779
0.13,3.741
-1.165,3.861
-2.166,3.815
3.095,0.47
2.697,0.439
1.503,2.176
0.812,1.595
0.738,2.177
0.725,0.054
0.511,0.03
1.955,0.513
-0.263,0.734
-2.137,2.658
-2.403,3.216
-2.443,3.091
1.543,0.48
0.843,1.205
0.491,1.788
0.299,2.379
-2.568,1.787
-2.813,-0.263
2.361,-0.233
-1.419,-0.264
2.697,-0.666
1.975,-0.753
0.698,-0.815
-1.778,-0.768
0.068,-1.996
-0.004,-2.77
-0.274,0.62
-0.333,0.338
-0.374,0.816
-0.399,-1.119
-0.534,0.732
-0.617,0.256
-0.666,-1.556
-1.311,1.065
-1.782,-0.258
-1.792,-0.159
-1.953,-0.191
-2.372,-2.746
-2.358,-1.863
-2.254,-1.363
-2.363,-0.547
-2.548,-0.624
-2.622,-0.377
-2.658,-2.703
-2.681,-2.684
-2.703,-2.003
-2.733,-2.251
-2.753,-2.022
-2.684,-2.841
-2.868,-2.986
-2.89,-3.046
2.996,-3.057
2.185,-2.848
2.059,-2.869
1.864,-2.926
1.264,-3.133
0.642,-3.156
0.628,-3.03
0.292,-3.2
0.353,-3.119
0.299,-3.077
0.132,-2.882
-0.028,-3.22
-0.562,-3.221
-0.679,-3.042
-1.159,-3.133
-1.363,-2.925
-2.206,-3.119
-2.337,-2.903
-2.189,-3.127
1.784,1.142
1.41,1.228
0.259,1.19
-1.036,1.31
-2.037,1.264
-3.059,-2.081
2.826,-2.112
1.632,-0.375
0.941,-0.956
0.867,-0.374
0.854,-2.497
0.64,-2.521
2.084,-2.038
-0.134,-1.817
-2.008,0.107
-2.274,0.665
-2.314,0.54
1.672,-2.071
0.972,-1.346
0.62,-0.763
0.428,-0.172
-2.439,-0.764
-2.684,-2.814
2.49,-2.784
-1.29,-2.815
2.826,-3.217
2.104,-3.304
0.827,-3.366
-1.649,-3.319
-0.072,-0.774
-0.342,2.616
-0.401,2.334
-0.442,2.812
-0.467,0.877
-0.602,2.728
-0.685,2.252
-0.734,0.44
-1.379,3.061
-1.85,1.738
-1.86,1.837
-2.021,1.805
-2.44,-0.75
-2.426,0.133
-2.322,0.633
-2.431,1.449
-2.616,1.372
-2.69,1.619
-2.726,-0.707
-2.749,-0.688
-2.771,-0.007
-2.801,-0.255
-2.821,-0.026
-2.752,-0.845
-2.936,-0.99
-2.958,-1.05
2.928,-1.061
2.117,-0.852
1.991,-0.873
1.796,-0.93
1.196,-1.137
0.574,-1.16
0.56,-1.034
0.224,-1.204
0.285,-1.123
0.231,-1.081
0.064,-0.886
-0.096,-1.224
-0.63,-1.225
-0.747,-1.046
-1.227,-1.137
-1.431,-0.929
-2.274,-1.123
-2.405,-0.907
-2.257,-1.131
1.716,3.138
1.342,3.224
0.191,3.186
-1.104,3.306
-2.105,3.26
-3.127,-0.085
2.758,-0.116
1.564,1.621
0.873,1.04
0.799,1.622
0.786,-0.501
0.572,-0.525
2.016,-0.042
-0.202,0.179
-2.076,2.103
-2.342,2.661
-2.382,2.536
1.604,-0.075
0.904,0.65
0.552,1.233
0.36,1.824
-2.507,1.232
-2.752,-0.818
2.422,-0.788
-1.358,-0.819
2.758,-1.221
2.036,-1.308
0.759,-1.37
-1.717,-1.323
-0.27,3.39
-0.329,3.108
-0.37,3.586
-0.395,1.651
-0.53,3.502
-0.613,3.026
-0.662,1.214
-1.307,3.835
-1.778,2.512
-1.788,2.611
-1.949,2.579
-2.368,0.024
-2.354,0.907
-2.25,1.407
-2.359,2.223
-2.544,2.146
-2.618,2.393
-2.654,0.067
-2.677,0.086
-2.699,0.767
-2.729,0.519
-2.749,0.748
-2.68,-0.071
-2.864,-0.216
-2.886,-0.276
3.0,-0.287
2.189,-0.078
2.063,-0.099
1.868,-0.156
1.268,-0.363
0.646,-0.386
0.632,-0.26
0.296,-0.43
0.357,-0.349
0.303,-0.307
0.136,-0.112
-0.024,-0.45
-0.558,-0.451
-0.675,-0.272
-1.155,-0.363
-1.359,-0.155
-2.202,-0.349
-2.333,-0.133
-2.185,-0.357
1.788,3.912
1.414,3.998
0.263,3.96
-1.032,4.08
-2.033,4.034
-3.055,0.689
2.83,0.658
1.636,2.395
0.945,1.814
0.871,2.396
0.858,0.273
0.644,0.249
2.088,0.732
-0.13,0.953
-2.004,2.877
-2.27,3.435
-2.31,3.31
1.676,0.699
0.976,1.424
0.624,2.007
0.432,2.598
-2.435,2.006
-2.68,-0.044
2.494,-0.014
-1.286,-0.045
2.83,-0.447
2.108,-0.534
0.831,-0.596
-1.645,-0.549
-0.059,-0.282
-0.1,0.196
-0.125,-1.739
-0.26,0.112
-0.343,-0.364
-0.392,-2.176
-1.037,0.445
-1.508,-0.878
-1.518,-0.779
-1.679,-0.811
-2.098,-3.366
-2.084,-2.483
-1.98,-1.983
-2.089,-1.167
-2.274,-1.244
-2.348,-0.997
-2.384,-3.323
-2.407,-3.304
-2.429,-2.623
-2.459,-2.871
-2.479,-2.642
-2.41,-3.461
-2.594,-3.606
-2.616,-3.666
-3.013,-3.677
2.459,-3.468
2.333,-3.489
2.138,-3.546
1.538,-3.753
0.916,-3.776
0.902,-3.65
0.566,-3.82
0.627,-3.739
0.573,-3.697
0.406,-3.502
0.246,-3.84
-0.288,-3.841
-0.405,-3.662
-0.885,-3.753
-1.089,-3.545
-1.932,-3.739
-2.063,-3.523
-1.915,-3.747
2.058,0.522
1.684,0.608
0.533,0.57
-0.762,0.69
-1.763,0.644
-2.785,-2.701
3.1,-2.732
1.906,-0.995
1.215,-1.576
1.141,-0.994
1.128,-3.117
0.914,-3.141
2.358,-2.658
0.14,-2.437
-1.734,-0.513
-2.0,0.045
-2.04,-0.08
1.946,-2.691
1.246,-1.966
0.894,-1.383
0.702,-0.792
-2.165,-1.384
-2.41,-3.434
2.764,-3.404
-1.016,-3.435
3.1,-3.837
2.378,-3.924
1.101,-3.986
-1.375,-3.939
-0.041,0.478
-0.066,-1.457
-0.201,0.394
-0.284,-0.082
-0.333,-1.894
-0.978,0.727
-1.449,-0.596
-1.459,-0.497
-1.62,-0.529
-2.039,-3.084
-2.025,-2.201
-1.921,-1.701
-2.03,-0.885
-2.215,-0.962
-2.289,-0.715
-2.325,-3.041
-2.348,-3.022
-2.37,-2.341
-2.4,-2.589
-2.42,-2.36
-2.351,-3.179
-2.535,-3.324
-2.557,-3.384
-2.954,-3.395
2.518,-3.186
2.392,-3.207
2.197,-3.264
1.597,-3.471
0.975,-3.494
0.961,-3.368
0.625,-3.538
0.686,-3.457
0.632,-3.415
0.465,-3.22
0.305,-3.558
-0.229,-3.559
-0.346,-3.38
-0.826,-3.471
-1.03,-3.263
-1.873,-3.457
-2.004,-3.241
-1.856,-3.465
2.117,0.804
1.743,0.89
0.592,0.852
-0.703,0.972
-1.704,0.926
-2.726,-2.419
-3.124,-2.45
1.965,-0.713
1.274,-1.294
1.2,-0.712
1.187,-2.835
0.973,-2.859
2.417,-2.376
0.199,-2.155
-1.675,-0.231
-1.941,0.327
-1.981,0.202
2.005,-2.409
1.305,-1.684
0.953,-1.101
0.761,-0.51
-2.106,-1.102
-2.351,-3.152
2.823,-3.122
-0.957,-3.153
-3.124,-3.555
2.437,-3.642
1.16,-3.704
-1.316,-3.657
-0.025,-1.935
-0.16,-0.084
-0.243,-0.56
-0.292,-2.372
-0.937,0.249
-1.408,-1.074
-1.418,-0.975
-1.579,-1.007
-1.998,-3.562
-1.984,-2.679
-1.88,-2.179
-1.989,-1.363
-2.174,-1.44
-2.248,-1.193
-2.284,-3.519
-2.307,-3.5
-2.329,-2.819
-2.359,-3.067
-2.379,-2.838
-2.31,-3.657
-2.494,-3.802
-2.516,-3.862
-2.913,-3.873
2.559,-3.664
2.433,-3.685
2.238,-3.742
1.638,-3.949
1.016,-3.972
1.002,-3.846
0.666,-4.016
0.727,-3.935
0.673,-3.893
0.506,-3.698
0.346,-4.036
-0.188,-4.037
-0.305,-3.858
-0.785,-3.949
-0.989,-3.741
-1.832,-3.935
-1.963,-3.719
-1.815,-3.943
2.158,0.326
1.784,0.412
0.633,0.374
-0.662,0.494
-1.663,0.448
-2.685,-2.897
-3.083,-2.928
2.006,-1.191
1.315,-1.772
1.241,-1.19
1.228,-3.313
1.014,-3.337
2.458,-2.854
0.24,-2.633
-1.634,-0.709
-1.9,-0.151
-1.94,-0.276
2.046,-2.887
1.346,-2.162
0.994,-1.579
0.802,-0.988
-2.065,-1.58
-2.31,-3.63
2.864,-3.6
-0.916,-3.631
-3.083,-4.033
2.478,-4.12
1.201,-4.182
-1.275,-4.135
-0.135,1.851
-0.218,1.375
-0.267,-0.437
-0.912,2.184
-1.383,0.861
-1.393,0.96
-1.554,0.928
-1.973,-1.627
-1.959,-0.744
-1.855,-0.244
-1.964,0.572
-2.149,0.495
-2.223,0.742
-2.259,-1.584
-2.282,-1.565
-2.304,-0.884
-2.334,-1.132
-2.354,-0.903
-2.285,-1.722
-2.469,-1.867
-2.491,-1.927
-2.888,-1.938
2.584,-1.729
2.458,-1.75
2.263,-1.807
1.663,-2.014
1.041,-2.037
1.027,-1.911
0.691,-2.081
0.752,-2.0
0.698,-1.958
0.531,-1.763
0.371,-2.101
-0.163,-2.102
-0.28,-1.923
-0.76,-2.014
-0.964,-1.806
-1.807,-2.0
-1.938,-1.784
-1.79,-2.008
2.183,2.261
1.809,2.347
0.658,2.309
-0.637,2.429
-1.638,2.383
-2.66,-0.962
-3.058,-0.993
2.031,0.744
1.34,0.163
1.266,0.745
1.253,-1.378
1.039,-1.402
2.483,-0.919
0.265,-0.698
-1.609,1.226
-1.875,1.784
-1.915,1.659
2.071,-0.952
1.371,-0.227
1.019,0.356
0.827,0.947
-2.04,0.355
-2.285,-1.695
2.889,-1.665
-0.891,-1.696
-3.058,-2.098
2.503,-2.185
1.226,-2.247
-1.25,-2.2
-0.083,-0.476
-0.132,-2.288
-0.777,0.333
-1.248,-0.99
-1.258,-0.891
-1.419,-0.923
-1.838,-3.478
-1.824,-2.595
-1.72,-2.095
-1.829,-1.279
-2.014,-1.356
-2.088,-1.109
-2.124,-3.435
-2.147,-3.416
-2.169,-2.735
-2.199,-2.983
-2.219,-2.754
-2.15,-3.573
-2.334,-3.718
-2.356,-3.778
-2.753,-3.789
2.719,-3.58
2.593,-3.601
2.398,-3.658
1.798,-3.865
1.176,-3.888
1.162,-3.762
0.826,-3.932
0.887,-3.851
0.833,-3.809
0.666,-3.614
0.506,-3.952
-0.028,-3.953
-0.145,-3.774
-0.625,-3.865
-0.829,-3.657
-1.672,-3.851
-1.803,-3.635
-1.655,-3.859
2.318,0.41
1.944,0.496
0.793,0.458
-0.502,0.578
-1.503,0.532
-2.525,-2.813
-2.923,-2.844
2.166,-1.107
1.475,-1.688
1.401,-1.106
1.388,-3.229
1.174,-3.253
2.618,-2.77
0.4,-2.549
-1.474,-0.625
-1.74,-0.067
-1.78,-0.192
2.206,-2.803
1.506,-2.078
1.154,-1.495
0.962,-0.904
-1.905,-1.496
-2.15,-3.546
3.024,-3.516
-0.756,-3.547
-2.923,-3.949
2.638,-4.036
1.361,-4.098
-1.115,-4.051
-0.049,-1.812
-0.694,0.809
-1.165,-0.514
-1.175,-0.415
-1.336,-0.447
-1.755,-3.002
-1.741,-2.119
-1.637,-1.619
-1.746,-0.803
-1.931,-0.88
-2.005,-0.633
-2.041,-2.959
-2.064,-2.94
-2.086,-2.259
-2.116,-2.507
-2.136,-2.278
-2.067,-3.097
-2.251,-3.242
-2.273,-3.302
-2.67,-3.313
2.802,-3.104
2.676,-3.125
2.481,-3.182
1.881,-3.389
1.259,-3.412
1.245,-3.286
0.909,-3.456
0.97,-3.375
0.916,-3.333
0.749,-3.138
0.589,-3.476
0.055,-3.477
-0.062,-3.298
-0.542,-3.389
-0.746,-3.181
-1.589,-3.375
-1.72,-3.159
-1.572,-3.383
2.401,0.886
2.027,0.972
0.876,0.934
-0.419,1.054
-1.42,1.008
-2.442,-2.337
-2.84,-2.368
2.249,-0.631
1.558,-1.212
1.484,-0.63
1.471,-2.753
1.257,-2.777
2.701,-2.294
0.483,-2.073
-1.391,-0.149
-1.657,0.409
-1.697,0.284
2.289,-2.327
1.589,-1.602
1.237,-1.019
1.045,-0.428
-1.822,-1.02
-2.067,-3.07
3.107,-3.04
-0.673,-3.071
-2.84,-3.473
2.721,-3.56
1.444,-3.622
-1.032,-3.575
-0.645,2.621
-1.116,1.298
-1.126,1.397
-1.287,1.365
-1.706,-1.19
-1.692,-0.307
-1.588,0.193
-1.697,1.009
-1.882,0.932
-1.956,1.179
-1.992,-1.147
-2.015,-1.128
-2.037,-0.447
-2.067,-0.695
-2.087,-0.466
-2.018,-1.285
-2.202,-1.43
-2.224,-1.49
-2.621,-1.501
2.851,-1.292
2.725,-1.313
2.53,-1.37
1.93,-1.577
1.308,-1.6
1.294,-1.474
0.958,-1.644
1.019,-1.563
0.965,-1.521
0.798,-1.326
0.638,-1.664
0.104,-1.665
-0.013,-1.486
-0.493,-1.577
-0.697,-1.369
-1.54,-1.563
-1.671,-1.347
-1.523,-1.571
2.45,2.698
2.076,2.784
0.925,2.746
-0.37,2.866
-1.371,2.82
-2.393,-0.525
-2.791,-0.556
2.298,1.181
1.607,0.6
1.533,1.182
1.52,-0.941
1.306,-0.965
2.75,-0.482
0.532,-0.261
-1.342,1.663
-1.608,2.221
-1.648,2.096
2.338,-0.515
1.638,0.21
1.286,0.793
1.094,1.384
-1.773,0.792
-2.018,-1.258
-3.127,-1.228
-0.624,-1.259
-2.791,-1.661
2.77,-1.748
1.493,-1.81
-0.983,-1.763
-0.471,-1.323
-0.481,-1.224
-0.642,-1.256
-1.061,-3.811
-1.047,-2.928
-0.943,-2.428
-1.052,-1.612
-1.237,-1.689
-1.311,-1.442
-1.347,-3.768
-1.37,-3.749
-1.392,-3.068
-1.422,-3.316
-1.442,-3.087
-1.373,-3.906
-1.557,-4.051
-1.579,-4.111
-1.976,-4.122
-2.787,-3.913
-2.913,-3.934
-3.108,-3.991
2.575,-4.198
1.953,-4.221
1.939,-4.095
1.603,-4.265
1.664,-4.184
1.61,-4.142
1.443,-3.947
1.283,-4.285
0.749,-4.286
0.632,-4.107
0.152,-4.198
-0.052,-3.99
-0.895,-4.184
-1.026,-3.968
-0.878,-4.192
3.095,0.077
2.721,0.163
1.57,0.125
0.275,0.245
-0.726,0.199
-1.748,-3.146
-2.146,-3.177
2.943,-1.44
2.252,-2.021
2.178,-1.439
2.165,-3.562
1.951,-3.586
-2.888,-3.103
1.177,-2.882
-0.697,-0.958
-0.963,-0.4
-1.003,-0.525
2.983,-3.136
2.283,-2.411
1.931,-1.828
1.739,-1.237
-1.128,-1.829
-1.373,-3.879
-2.482,-3.849
0.021,-3.88
-2.146,-4.282
-2.868,-4.369
2.138,-4.431
-0.338,-4.384
-0.01,0.099
-0.171,0.067
-0.59,-2.488
-0.576,-1.605
-0.472,-1.105
-0.581,-0.289
-0.766,-0.366
-0.84,-0.119
-0.876,-2.445
-0.899,-2.426
-0.921,-1.745
-0.951,-1.993
-0.971,-1.764
-0.902,-2.583
-1.086,-2.728
-1.108,-2.788
-1.505,-2.799
-2.316,-2.59
-2.442,-2.611
-2.637,-2.668
3.046,-2.875
2.424,-2.898
2.41,-2.772
2.074,-2.942
2.135,-2.861
2.081,-2.819
1.914,-2.624
1.754,-2.962
1.22,-2.963
1.103,-2.784
0.623,-2.875
0.419,-2.667
-0.424,-2.861
-0.555,-2.645
-0.407,-2.869
-2.717,1.4
-3.091,1.486
2.041,1.448
0.746,1.568
-0.255,1.522
-1.277,-1.823
-1.675,-1.854
-2.869,-0.117
2.723,-0.698
2.649,-0.116
2.636,-2.239
2.422,-2.263
-2.417,-1.78
1.648,-1.559
-0.226,0.365
-0.492,0.923
-0.532,0.798
-2.829,-1.813
2.754,-1.088
2.402,-0.505
2.21,0.086
-0.657,-0.506
-0.902,-2.556
-2.011,-2.526
0.492,-2.557
-1.675,-2.959
-2.397,-3.046
2.609,-3.108
0.133,-3.061
-0.161,-0.032
-0.58,-2.587
-0.566,-1.704
-0.462,-1.204
-0.571,-0.388
-0.756,-0.465
-0.83,-0.218
-0.866,-2.544
-0.889,-2.525
-0.911,-1.844
-0.941,-2.092
-0.961,-1.863
-0.892,-2.682
-1.076,-2.827
-1.098,-2.887
-1.495,-2.898
-2.306,-2.689
-2.432,-2.71
-2.627,-2.767
3.056,-2.974
2.434,-2.997
2.42,-2.871
2.084,-3.041
2.145,-2.96
2.091,-2.918
1.924,-2.723
1.764,-3.061
1.23,-3.062
1.113,-2.883
0.633,-2.974
0.429,-2.766
-0.414,-2.96
-0.545,-2.744
-0.397,-2.968
-2.707,1.301
-3.081,1.387
2.051,1.349
0.756,1.469
-0.245,1.423
-1.267,-1.922
-1.665,-1.953
-2.859,-0.216
2.733,-0.797
2.659,-0.215
2.646,-2.338
2.432,-2.362
-2.407,-1.879
1.658,-1.658
-0.216,0.266
-0.482,0.824
-0.522,0.699
-2.819,-1.912
2.764,-1.187
2.412,-0.604
2.22,-0.013
-0.647,-0.605
-0.892,-2.655
-2.001,-2.625
0.502,-2.656
-1.665,-3.058
-2.387,-3.145
2.619,-3.207
0.143,-3.16
-0.419,-2.555
-0.405,-1.672
-0.301,-1.172
-0.41,-0.356
-0.595,-0.433
-0.669,-0.186
-0.705,-2.512
-0.728,-2.493
-0.75,-1.812
-0.78,-2.06
-0.8,-1.831
-0.731,-2.65
-0.915,-2.795
-0.937,-2.855
-1.334,-2.866
-2.145,-2.657
-2.271,-2.678
-2.466,-2.735
-3.066,-2.942
2.595,-2.965
2.581,-2.839
2.245,-3.009
2.306,-2.928
2.252,-2.886
2.085,-2.691
1.925,-3.029
1.391,-3.03
1.274,-2.851
0.794,-2.942
0.59,-2.734
-0.253,-2.928
-0.384,-2.712
-0.236,-2.936
-2.546,1.333
-2.92,1.419
2.212,1.381
0.917,1.501
-0.084,1.455
-1.106,-1.89
-1.504,-1.921
-2.698,-0.184
2.894,-0.765
2.82,-0.183
2.807,-2.306
2.593,-2.33
-2.246,-1.847
1.819,-1.626
-0.055,0.298
-0.321,0.856
-0.361,0.731
-2.658,-1.88
2.925,-1.155
2.573,-0.572
2.381,0.019
-0.486,-0.573
-0.731,-2.623
-1.84,-2.593
0.663,-2.624
-1.504,-3.026
-2.226,-3.113
2.78,-3.175
0.304,-3.128
0.014,0.883
0.118,1.383
0.009,2.199
-0.176,2.122
-0.25,2.369
-0.286,0.043
-0.309,0.062
-0.331,0.743
-0.361,0.495
-0.381,0.724
-0.312,-0.095
-0.496,-0.24
-0.518,-0.3
-0.915,-0.311
-1.726,-0.102
-1.852,-0.123
-2.047,-0.18
-2.647,-0.387
3.014,-0.41
3.0,-0.284
2.664,-0.454
2.725,-0.373
2.671,-0.331
2.504,-0.136
2.344,-0.474
1.81,-0.475
1.693,-0.296
1.213,-0.387
1.009,-0.179
0.166,-0.373
0.035,-0.157
0.183,-0.381
-2.127,3.888
-2.501,3.974
2.631,3.936
1.336,4.056
0.335,4.01
-0.687,0.665
-1.085,0.634
-2.279,2.371
-2.97,1.79
-3.044,2.372
-3.057,0.249
3.012,0.225
-1.827,0.708
2.238,0.929
0.364,2.853
0.098,3.411
0.058,3.286
-2.239,0.675
-2.939,1.4
2.992,1.983
2.8,2.574
-0.067,1.982
-0.312,-0.068
-1.421,-0.038
1.082,-0.069
-1.085,-0.471
-1.807,-0.558
-3.084,-0.62
0.723,-0.573
0.104,0.5
-0.005,1.316
-0.19,1.239
-0.264,1.486
-0.3,-0.84
-0.323,-0.821
-0.345,-0.14
-0.375,-0.388
-0.395,-0.159
-0.326,-0.978
-0.51,-1.123
-0.532,-1.183
-0.929,-1.194
-1.74,-0.985
-1.866,-1.006
-2.061,-1.063
-2.661,-1.27
3.0,-1.293
2.986,-1.167
2.65,-1.337
2.711,-1.256
2.657,-1.214
2.49,-1.019
2.33,-1.357
1.796,-1.358
1.679,-1.179
1.199,-1.27
0.995,-1.062
0.152,-1.256
0.021,-1.04
0.169,-1.264
-2.141,3.005
-2.515,3.091
2.617,3.053
1.322,3.173
0.321,3.127
-0.701,-0.218
-1.099,-0.249
-2.293,1.488
-2.984,0.907
-3.058,1.489
-3.071,-0.634
2.998,-0.658
-1.841,-0.175
2.224,0.046
0.35,1.97
0.084,2.528
0.044,2.403
-2.253,-0.208
-2.953,0.517
2.978,1.1
2.786,1.691
-0.081,1.099
-0.326,-0.951
-1.435,-0.921
1.068,-0.952
-1.099,-1.354
-1.821,-1.441
-3.098,-1.503
0.709,-1.456
-0.109,0.816
-0.294,0.739
-0.368,0.986
-0.404,-1.34
-0.427,-1.321
-0.449,-0.64
-0.479,-0.888
-0.499,-0.659
-0.43,-1.478
-0.614,-1.623
-0.636,-1.683
-1.033,-1.694
-1.844,-1.485
-1.97,-1.506
-2.165,-1.563
-2.765,-1.77
2.896,-1.793
2.882,-1.667
2.546,-1.837
2.607,-1.756
2.553,-1.714
2.386,-1.519
2.226,-1.857
1.692,-1.858
1.575,-1.679
1.095,-1.77
0.891,-1.562
0.048,-1.756
-0.083,-1.54
0.065,-1.764
-2.245,2.505
-2.619,2.591
2.513,2.553
1.218,2.673
0.217,2.627
-0.805,-0.718
-1.203,-0.749
-2.397,0.988
-3.088,0.407
3.121,0.989
3.108,-1.134
2.894,-1.158
-1.945,-0.675
2.12,-0.454
0.246,1.47
-0.02,2.028
-0.06,1.903
-2.357,-0.708
-3.057,0.017
2.874,0.6
2.682,1.191
-0.185,0.599
-0.43,-1.451
-1.539,-1.421
0.964,-1.452
-1.203,-1.854
-1.925,-1.941
3.081,-2.003
0.605,-1.956
-0.185,-0.077
-0.259,0.17
-0.295,-2.156
-0.318,-2.137
-0.34,-1.456
-0.37,-1.704
-0.39,-1.475
-0.321,-2.294
-0.505,-2.439
-0.527,-2.499
-0.924,-2.51
-1.735,-2.301
-1.861,-2.322
-2.056,-2.379
-2.656,-2.586
3.005,-2.609
2.991,-2.483
2.655,-2.653
2.716,-2.572
2.662,-2.53
2.495,-2.335
2.335,-2.673
1.801,-2.674
1.684,-2.495
1.204,-2.586
1.0,-2.378
0.157,-2.572
0.026,-2.356
0.174,-2.58
-2.136,1.689
-2.51,1.775
2.622,1.737
1.327,1.857
0.326,1.811
-0.696,-1.534
-1.094,-1.565
-2.288,0.172
-2.979,-0.409
-3.053,0.173
-3.066,-1.95
3.003,-1.974
-1.836,-1.491
2.229,-1.27
0.355,0.654
0.089,1.212
0.049,1.087
-2.248,-1.524
-2.948,-0.799
2.983,-0.216
2.791,0.375
-0.076,-0.217
-0.321,-2.267
-1.43,-2.237
1.073,-2.268
-1.094,-2.67
-1.816,-2.757
-3.093,-2.819
0.714,-2.772
-0.074,0.247
-0.11,-2.079
-0.133,-2.06
-0.155,-1.379
-0.185,-1.627
-0.205,-1.398
-0.136,-2.217
-0.32,-2.362
-0.342,-2.422
-0.739,-2.433
-1.55,-2.224
-1.676,-2.245
-1.871,-2.302
-2.471,-2.509
-3.093,-2.532
-3.107,-2.406
2.84,-2.576
2.901,-2.495
2.847,-2.453
2.68,-2.258
2.52,-2.596
1.986,-2.597
1.869,-2.418
1.389,-2.509
1.185,-2.301
0.342,-2.495
0.211,-2.279
0.359,-2.503
-1.951,1.766
-2.325,1.852
2.807,1.814
1.512,1.934
0.511,1.888
-0.511,-1.457
-0.909,-1.488
-2.103,0.249
-2.794,-0.332
-2.868,0.25
-2.881,-1.873
-3.095,-1.897
-1.651,-1.414
2.414,-1.193
0.54,0.731
0.274,1.289
0.234,1.164
-2.063,-1.447
-2.763,-0.722
-3.115,-0.139
2.976,0.452
0.109,-0.14
-0.136,-2.19
-1.245,-2.16
1.258,-2.191
-0.909,-2.593
-1.631,-2.68
-2.908,-2.742
0.899,-2.695
-0.036,-2.326
-0.059,-2.307
-0.081,-1.626
-0.111,-1.874
-0.131,-1.645
-0.062,-2.464
-0.246,-2.609
-0.268,-2.669
-0.665,-2.68
-1.476,-2.471
-1.602,-2.492
-1.797,-2.549
-2.397,-2.756
-3.019,-2.779
-3.033,-2.653
2.914,-2.823
2.975,-2.742
2.921,-2.7
2.754,-2.505
2.594,-2.843
2.06,-2.844
1.943,-2.665
1.463,-2.756
1.259,-2.548
0.416,-2.742
0.285,-2.526
0.433,-2.75
-1.877,1.519
-2.251,1.605
2.881,1.567
1.586,1.687
0.585,1.641
-0.437,-1.704
-0.835,-1.735
-2.029,0.002
-2.72,-0.579
-2.794,0.003
-2.807,-2.12
-3.021,-2.144
-1.577,-1.661
2.488,-1.44
0.614,0.484
0.348,1.042
0.308,0.917
-1.989,-1.694
-2.689,-0.969
-3.041,-0.386
3.05,0.205
0.183,-0.387
-0.062,-2.437
-1.171,-2.407
1.332,-2.438
-0.835,-2.84
-1.557,-2.927
-2.834,-2.989
0.973,-2.942
-0.023,0.019
-0.045,0.7
-0.075,0.452
-0.095,0.681
-0.026,-0.138
-0.21,-0.283
-0.232,-0.343
-0.629,-0.354
-1.44,-0.145
-1.566,-0.166
-1.761,-0.223
-2.361,-0.43
-2.983,-0.453
-2.997,-0.327
2.95,-0.497
3.011,-0.416
2.957,-0.374
2.79,-0.179
2.63,-0.517
2.096,-0.518
1.979,-0.339
1.499,-0.43
1.295,-0.222
0.452,-0.416
0.321,-0.2
0.469,-0.424
-1.841,3.845
-2.215,3.931
2.917,3.893
1.622,4.013
0.621,3.967
-0.401,0.622
-0.799,0.591
-1.993,2.328
-2.684,1.747
-2.758,2.329
-2.771,0.206
-2.985,0.182
-1.541,0.665
2.524,0.886
0.65,2.81
0.384,3.368
0.344,3.243
-1.953,0.632
-2.653,1.357
-3.005,1.94
3.086,2.531
0.219,1.939
-0.026,-0.111
-1.135,-0.081
1.368,-0.112
-0.799,-0.514
-1.521,-0.601
-2.798,-0.663
1.009,-0.616
-0.022,0.681
-0.052,0.433
-0.072,0.662
-0.003,-0.157
-0.187,-0.302
-0.209,-0.362
-0.606,-0.373
-1.417,-0.164
-1.543,-0.185
-1.738,-0.242
-2.338,-0.449
-2.96,-0.472
-2.974,-0.346
2.973,-0.516
3.034,-0.435
2.98,-0.393
2.813,-0.198
2.653,-0.536
2.119,-0.537
2.002,-0.358
1.522,-0.449
1.318,-0.241
0.475,-0.435
0.344,-0.219
0.492,-0.443
-1.818,3.826
-2.192,3.912
2.94,3.874
1.645,3.994
0.644,3.948
-0.378,0.603
-0.776,0.572
-1.97,2.309
-2.661,1.728
-2.735,2.31
-2.748,0.187
-2.962,0.163
-1.518,0.646
2.547,0.867
0.673,2.791
0.407,3.349
0.367,3.224
-1.93,0.613
-2.63,1.338
-2.982,1.921
3.109,2.512
0.242,1.92
-0.003,-0.13
-1.112,-0.1
1.391,-0.131
-0.776,-0.533
-1.498,-0.62
-2.775,-0.682
1.032,-0.635
-0.03,-0.248
-0.05,-0.019
0.019,-0.838
-0.165,-0.983
-0.187,-1.043
-0.584,-1.054
-1.395,-0.845
-1.521,-0.866
-1.716,-0.923
-2.316,-1.13
-2.938,-1.153
-2.952,-1.027
2.995,-1.197
3.056,-1.116
3.002,-1.074
2.835,-0.879
2.675,-1.217
2.141,-1.218
2.024,-1.039
1.544,-1.13
1.34,-0.922
0.497,-1.116
0.366,-0.9
0.514,-1.124
-1.796,3.145
-2.17,3.231
2.962,3.193
1.667,3.313
0.666,3.267
-0.356,-0.078
-0.754,-0.109
-1.948,1.628
-2.639,1.047
-2.713,1.629
-2.726,-0.494
-2.94,-0.518
-1.496,-0.035
2.569,0.186
0.695,2.11
0.429,2.668
0.389,2.543
-1.908,-0.068
-2.608,0.657
-2.96,1.24
3.131,1.831
0.264,1.239
0.019,-0.811
-1.09,-0.781
1.413,-0.812
-0.754,-1.214
-1.476,-1.301
-2.753,-1.363
1.054,-1.316
-0.02,0.229
0.049,-0.59
-0.135,-0.735
-0.157,-0.795
-0.554,-0.806
-1.365,-0.597
-1.491,-0.618
-1.686,-0.675
-2.286,-0.882
-2.908,-0.905
-2.922,-0.779
3.025,-0.949
3.086,-0.868
3.032,-0.826
2.865,-0.631
2.705,-0.969
2.171,-0.97
2.054,-0.791
1.574,-0.882
1.37,-0.674
0.527,-0.868
0.396,-0.652
0.544,-0.876
-1.766,3.393
-2.14,3.479
2.992,3.441
1.697,3.561
0.696,3.515
-0.326,0.17
-0.724,0.139
-1.918,1.876
-2.609,1.295
-2.683,1.877
-2.696,-0.246
-2.91,-0.27
-1.466,0.213
2.599,0.434
0.725,2.358
0.459,2.916
0.419,2.791
-1.878,0.18
-2.578,0.905
-2.93,1.488
-3.122,2.079
0.294,1.487
0.049,-0.563
-1.06,-0.533
1.443,-0.564
-0.724,-0.966
-1.446,-1.053
-2.723,-1.115
1.084,-1.068
0.069,-0.819
-0.115,-0.964
-0.137,-1.024
-0.534,-1.035
-1.345,-0.826
-1.471,-0.847
-1.666,-0.904
-2.266,-1.111
-2.888,-1.134
-2.902,-1.008
3.045,-1.178
3.106,-1.097
3.052,-1.055
2.885,-0.86
2.725,-1.198
2.191,-1.199
2.074,-1.02
1.594,-1.111
1.39,-0.903
0.547,-1.097
0.416,-0.881
0.564,-1.105
-1.746,3.164
-2.12,3.25
3.012,3.212
1.717,3.332
0.716,3.286
-0.306,-0.059
-0.704,-0.09
-1.898,1.647
-2.589,1.066
-2.663,1.648
-2.676,-0.475
-2.89,-0.499
-1.446,-0.016
2.619,0.205
0.745,2.129
0.479,2.687
0.439,2.562
-1.858,-0.049
-2.558,0.676
-2.91,1.259
-3.102,1.85
0.314,1.258
0.069,-0.792
-1.04,-0.762
1.463,-0.793
-0.704,-1.195
-1.426,-1.282
-2.703,-1.344
1.104,-1.297
-0.184,-0.145
-0.206,-0.205
-0.603,-0.216
-1.414,-0.007
-1.54,-0.028
-1.735,-0.085
-2.335,-0.292
-2.957,-0.315
-2.971,-0.189
2.976,-0.359
3.037,-0.278
2.983,-0.236
2.816,-0.041
2.656,-0.379
2.122,-0.38
2.005,-0.201
1.525,-0.292
1.321,-0.084
0.478,-0.278
0.347,-0.062
0.495,-0.286
-1.815,3.983
-2.189,4.069
2.943,4.031
1.648,4.151
0.647,4.105
-0.375,0.76
-0.773,0.729
-1.967,2.466
-2.658,1.885
-2.732,2.467
-2.745,0.344
-2.959,0.32
-1.515,0.803
2.55,1.024
0.676,2.948
0.41,3.506
0.37,3.381
-1.927,0.77
-2.627,1.495
-2.979,2.078
3.112,2.669
0.245,2.077
0.0,0.027
-1.109,0.057
1.394,0.026
-0.773,-0.376
-1.495,-0.463
-2.772,-0.525
1.035,-0.478
-0.022,-0.06
-0.419,-0.071
-1.23,0.138
-1.356,0.117
-1.551,0.06
-2.151,-0.147
-2.773,-0.17
-2.787,-0.044
-3.123,-0.214
-3.062,-0.133
-3.116,-0.091
3.0,0.104
2.84,-0.234
2.306,-0.235
2.189,-0.056
1.709,-0.147
1.505,0.061
0.662,-0.133
0.531,0.083
0.679,-0.141
-1.631,4.128
-2.005,4.214
3.127,4.176
1.832,4.296
0.831,4.25
-0.191,0.905
-0.589,0.874
-1.783,2.611
-2.474,2.03
-2.548,2.612
-2.561,0.489
-2.775,0.465
-1.331,0.948
2.734,1.169
0.86,3.093
0.594,3.651
0.554,3.526
-1.743,0.915
-2.443,1.64
-2.795,2.223
-2.987,2.814
0.429,2.222
0.184,0.172
-0.925,0.202
1.578,0.171
-0.589,-0.231
-1.311,-0.318
-2.588,-0.38
1.219,-0.333
-0.397,-0.011
-1.208,0.198
-1.334,0.177
-1.529,0.12
-2.129,-0.087
-2.751,-0.11
-2.765,0.016
-3.101,-0.154
-3.04,-0.073
-3.094,-0.031
3.022,0.164
2.862,-0.174
2.328,-0.175
2.211,0.004
1.731,-0.087
1.527,0.121
0.684,-0.073
0.553,0.143
0.701,-0.081
-1.609,4.188
-1.983,4.274
-3.134,4.236
1.854,4.356
0.853,4.31
-0.169,0.965
-0.567,0.934
-1.761,2.671
-2.452,2.09
-2.526,2.672
-2.539,0.549
-2.753,0.525
-1.309,1.008
2.756,1.229
0.882,3.153
0.616,3.711
0.576,3.586
-1.721,0.975
-2.421,1.7
-2.773,2.283
-2.965,2.874
0.451,2.282
0.206,0.232
-0.903,0.262
1.6,0.231
-0.567,-0.171
-1.289,-0.258
-2.566,-0.32
1.241,-0.273
-0.811,0.209
-0.937,0.188
-1.132,0.131
-1.732,-0.076
-2.354,-0.099
-2.368,0.027
-2.704,-0.143
-2.643,-0.062
-2.697,-0.02
-2.864,0.175
-3.024,-0.163
2.725,-0.164
2.608,0.015
2.128,-0.076
1.924,0.132
1.081,-0.062
0.95,0.154
1.098,-0.07
-1.212,4.199
-1.586,4.285
-2.737,4.247
2.251,4.367
1.25,4.321
0.228,0.976
-0.17,0.945
-1.364,2.682
-2.055,2.101
-2.129,2.683
-2.142,0.56
-2.356,0.536
-0.912,1.019
-3.13,1.24
1.279,3.164
1.013,3.722
0.973,3.597
-1.324,0.986
-2.024,1.711
-2.376,2.294
-2.568,2.885
0.848,2.293
0.603,0.243
-0.506,0.273
1.997,0.242
-0.17,-0.16
-0.892,-0.247
-2.169,-0.309
1.638,-0.262
-0.126,-0.021
-0.321,-0.078
-0.921,-0.285
-1.543,-0.308
-1.557,-0.182
-1.893,-0.352
-1.832,-0.271
-1.886,-0.229
-2.053,-0.034
-2.213,-0.372
-2.747,-0.373
-2.864,-0.194
2.939,-0.285
2.735,-0.077
1.892,-0.271
1.761,-0.055
1.909,-0.279
-0.401,3.99
-0.775,4.076
-1.926,4.038
3.062,4.158
2.061,4.112
1.039,0.767
0.641,0.736
-0.553,2.473
-1.244,1.892
-1.318,2.474
-1.331,0.351
-1.545,0.327
-0.101,0.81
-2.319,1.031
2.09,2.955
1.824,3.513
1.784,3.388
-0.513,0.777
-1.213,1.502
-1.565,2.085
-1.757,2.676
1.659,2.084
1.414,0.034
0.305,0.064
2.808,0.033
0.641,-0.369
-0.081,-0.456
-1.358,-0.518
2.449,-0.471
-0.195,-0.057
-0.795,-0.264
-1.417,-0.287
-1.431,-0.161
-1.767,-0.331
-1.706,-0.25
-1.76,-0.208
-1.927,-0.013
-2.087,-0.351
-2.621,-0.352
-2.738,-0.173
3.065,-0.264
2.861,-0.056
2.018,-0.25
1.887,-0.034
2.035,-0.258
-0.275,4.011
-0.649,4.097
-1.8,4.059
-3.095,4.179
2.187,4.133
1.165,0.788
0.767,0.757
-0.427,2.494
-1.118,1.913
-1.192,2.495
-1.205,0.372
-1.419,0.348
0.025,0.831
-2.193,1.052
2.216,2.976
1.95,3.534
1.91,3.409
-0.387,0.798
-1.087,1.523
-1.439,2.106
-1.631,2.697
1.785,2.105
1.54,0.055
0.431,0.085
2.934,0.054
0.767,-0.348
0.045,-0.435
-1.232,-0.497
2.575,-0.45
-0.6,-0.207
-1.222,-0.23
-1.236,-0.104
-1.572,-0.274
-1.511,-0.193
-1.565,-0.151
-1.732,0.044
-1.892,-0.294
-2.426,-0.295
-2.543,-0.116
-3.023,-0.207
3.056,0.001
2.213,-0.193
2.082,0.023
2.23,-0.201
-0.08,4.068
-0.454,4.154
-1.605,4.116
-2.9,4.236
2.382,4.19
1.36,0.845
0.962,0.814
-0.232,2.551
-0.923,1.97
-0.997,2.552
-1.01,0.429
-1.224,0.405
0.22,0.888
-1.998,1.109
2.411,3.033
2.145,3.591
2.105,3.466
-0.192,0.855
-0.892,1.58
-1.244,2.163
-1.436,2.754
1.98,2.162
1.735,0.112
0.626,0.142
3.129,0.111
0.962,-0.291
0.24,-0.378
-1.037,-0.44
2.77,-0.393
-0.622,-0.023
-0.636,0.103
-0.972,-0.067
-0.911,0.014
-0.965,0.056
-1.132,0.251
-1.292,-0.087
-1.826,-0.088
-1.943,0.091
-2.423,0.0
-2.627,0.208
2.813,0.014
2.682,0.23
2.83,0.006
0.52,4.275
0.146,4.361
-1.005,4.323
-2.3,4.443
2.982,4.397
1.96,1.052
1.562,1.021
0.368,2.758
-0.323,2.177
-0.397,2.759
-0.41,0.636
-0.624,0.612
0.82,1.095
-1.398,1.316
3.011,3.24
2.745,3.798
2.705,3.673
0.408,1.062
-0.292,1.787
-0.644,2.37
-0.836,2.961
2.58,2.369
2.335,0.319
1.226,0.349
-2.554,0.318
1.562,-0.084
0.84,-0.171
-0.437,-0.233
-2.913,-0.186
-0.014,0.126
-0.35,-0.044
-0.289,0.037
-0.343,0.079
-0.51,0.274
-0.67,-0.064
-1.204,-0.065
-1.321,0.114
-1.801,0.023
-2.005,0.231
-2.848,0.037
-2.979,0.253
-2.831,0.029
1.142,4.298
0.768,4.384
-0.383,4.346
-1.678,4.466
-2.679,4.42
2.582,1.075
2.184,1.044
0.99,2.781
0.299,2.2
0.225,2.782
0.212,0.659
-0.002,0.635
1.442,1.118
-0.776,1.339
-2.65,3.263
-2.916,3.821
-2.956,3.696
1.03,1.085
0.33,1.81
-0.022,2.393
-0.214,2.984
-3.081,2.392
2.957,0.342
1.848,0.372
-1.932,0.341
2.184,-0.061
1.462,-0.148
0.185,-0.21
-2.291,-0.163
-0.336,-0.17
-0.275,-0.089
-0.329,-0.047
-0.496,0.148
-0.656,-0.19
-1.19,-0.191
-1.307,-0.012
-1.787,-0.103
-1.991,0.105
-2.834,-0.089
-2.965,0.127
-2.817,-0.097
1.156,4.172
0.782,4.258
-0.369,4.22
-1.664,4.34
-2.665,4.294
2.596,0.949
2.198,0.918
1.004,2.655
0.313,2.074
0.239,2.656
0.226,0.533
0.012,0.509
1.456,0.992
-0.762,1.213
-2.636,3.137
-2.902,3.695
-2.942,3.57
1.044,0.959
0.344,1.684
-0.008,2.267
-0.2,2.858
-3.067,2.266
2.971,0.216
1.862,0.246
-1.918,0.215
2.198,-0.187
1.476,-0.274
0.199,-0.336
-2.277,-0.289
0.061,0.081
0.007,0.123
-0.16,0.318
-0.32,-0.02
-0.854,-0.021
-0.971,0.158
-1.451,0.067
-1.655,0.275
-2.498,0.081
-2.629,0.297
-2.481,0.073
1.492,4.342
1.118,4.428
-0.033,4.39
-1.328,4.51
-2.329,4.464
2.932,1.119
2.534,1.088
1.34,2.825
0.649,2.244
0.575,2.826
0.562,0.703
0.348,0.679
1.792,1.162
-0.426,1.383
-2.3,3.307
-2.566,3.865
-2.606,3.74
1.38,1.129
0.68,1.854
0.328,2.437
0.136,3.028
-2.731,2.436
-2.976,0.386
2.198,0.416
-1.582,0.385
2.534,-0.017
1.812,-0.104
0.535,-0.166
-1.941,-0.119
-0.054,0.042
-0.221,0.237
-0.381,-0.101
-0.915,-0.102
-1.032,0.077
-1.512,-0.014
-1.716,0.194
-2.559,0.0
-2.69,0.216
-2.542,-0.008
1.431,4.261
1.057,4.347
-0.094,4.309
-1.389,4.429
-2.39,4.383
2.871,1.038
2.473,1.007
1.279,2.744
0.588,2.163
0.514,2.745
0.501,0.622
0.287,0.598
1.731,1.081
-0.487,1.302
-2.361,3.226
-2.627,3.784
-2.667,3.659
1.319,1.048
0.619,1.773
0.267,2.356
0.075,2.947
-2.792,2.355
-3.037,0.305
2.137,0.335
-1.643,0.304
2.473,-0.098
1.751,-0.185
0.474,-0.247
-2.002,-0.2
-0.167,0.195
-0.327,-0.143
-0.861,-0.144
-0.978,0.035
-1.458,-0.056
-1.662,0.152
-2.505,-0.042
-2.636,0.174
-2.488,-0.05
1.485,4.219
1.111,4.305
-0.04,4.267
-1.335,4.387
-2.336,4.341
2.925,0.996
2.527,0.965
1.333,2.702
0.642,2.121
0.568,2.703
0.555,0.58
0.341,0.556
1.785,1.039
-0.433,1.26
-2.307,3.184
-2.573,3.742
-2.613,3.617
1.373,1.006
0.673,1.731
0.321,2.314
0.129,2.905
-2.738,2.313
-2.983,0.263
2.191,0.293
-1.589,0.262
2.527,-0.14
1.805,-0.227
0.528,-0.289
-1.948,-0.242
-0.16,-0.338
-0.694,-0.339
-0.811,-0.16
-1.291,-0.251
-1.495,-0.043
-2.338,-0.237
-2.469,-0.021
-2.321,-0.245
1.652,4.024
1.278,4.11
0.127,4.072
-1.168,4.192
-2.169,4.146
3.092,0.801
2.694,0.77
1.5,2.507
0.809,1.926
0.735,2.508
0.722,0.385
0.508,0.361
1.952,0.844
-0.266,1.065
-2.14,2.989
-2.406,3.547
-2.446,3.422
1.54,0.811
0.84,1.536
0.488,2.119
0.296,2.71
-2.571,2.118
-2.816,0.068
2.358,0.098
-1.422,0.067
2.694,-0.335
1.972,-0.422
0.695,-0.484
-1.781,-0.437
-0.534,-0.001
-0.651,0.178
-1.131,0.087
-1.335,0.295
-2.178,0.101
-2.309,0.317
-2.161,0.093
1.812,4.362
1.438,4.448
0.287,4.41
-1.008,4.53
-2.009,4.484
-3.031,1.139
2.854,1.108
1.66,2.845
0.969,2.264
0.895,2.846
0.882,0.723
0.668,0.699
2.112,1.182
-0.106,1.403
-1.98,3.327
-2.246,3.885
-2.286,3.76
1.7,1.149
1.0,1.874
0.648,2.457
0.456,3.048
-2.411,2.456
-2.656,0.406
2.518,0.436
-1.262,0.405
2.854,0.003
2.132,-0.084
0.855,-0.146
-1.621,-0.099
-0.117,0.179
-0.597,0.088
-0.801,0.296
-1.644,0.102
-1.775,0.318
-1.627,0.094
2.346,4.363
1.972,4.449
0.821,4.411
-0.474,4.531
-1.475,4.485
-2.497,1.14
-2.895,1.109
2.194,2.846
1.503,2.265
1.429,2.847
1.416,0.724
1.202,0.7
2.646,1.183
0.428,1.404
-1.446,3.328
-1.712,3.886
-1.752,3.761
2.234,1.15
1.534,1.875
1.182,2.458
0.99,3.049
-1.877,2.457
-2.122,0.407
3.052,0.437
-0.728,0.406
-2.895,0.004
2.666,-0.083
1.389,-0.145
-1.087,-0.098
-0.48,-0.091
-0.684,0.117
-1.527,-0.077
-1.658,0.139
-1.51,-0.085
2.463,4.184
2.089,4.27
0.938,4.232
-0.357,4.352
-1.358,4.306
-2.38,0.961
-2.778,0.93
2.311,2.667
1.62,2.086
1.546,2.668
1.533,0.545
1.319,0.521
2.763,1.004
0.545,1.225
-1.329,3.149
-1.595,3.707
-1.635,3.582
2.351,0.971
1.651,1.696
1.299,2.279
1.107,2.87
-1.76,2.278
-2.005,0.228
-3.114,0.258
-0.611,0.227
-2.778,-0.175
2.783,-0.262
1.506,-0.324
-0.97,-0.277
-0.204,0.208
-1.047,0.014
-1.178,0.23
-1.03,0.006
2.943,4.275
2.569,4.361
1.418,4.323
0.123,4.443
-0.878,4.397
-1.9,1.052
-2.298,1.021
2.791,2.758
2.1,2.177
2.026,2.759
2.013,0.636
1.799,0.612
-3.04,1.095
1.025,1.316
-0.849,3.24
-1.115,3.798
-1.155,3.673
2.831,1.062
2.131,1.787
1.779,2.37
1.587,2.961
-1.28,2.369
-1.525,0.319
-2.634,0.349
-0.131,0.318
-2.298,-0.084
-3.02,-0.171
1.986,-0.233
-0.49,-0.186
-0.843,-0.194
-0.974,0.022
-0.826,-0.202
-3.136,4.067
2.773,4.153
1.622,4.115
0.327,4.235
-0.674,4.189
-1.696,0.844
-2.094,0.813
2.995,2.55
2.304,1.969
2.23,2.551
2.217,0.428
2.003,0.404
-2.836,0.887
1.229,1.108
-0.645,3.032
-0.911,3.59
-0.951,3.465
3.035,0.854
2.335,1.579
1.983,2.162
1.791,2.753
-1.076,2.161
-1.321,0.111
-2.43,0.141
0.073,0.11
-2.094,-0.292
-2.816,-0.379
2.19,-0.441
-0.286,-0.394
-0.131,0.216
0.017,-0.008
-2.293,4.261
-2.667,4.347
2.465,4.309
1.17,4.429
0.169,4.383
-0.853,1.038
-1.251,1.007
-2.445,2.744
-3.136,2.163
3.073,2.745
3.06,0.622
2.846,0.598
-1.993,1.081
2.072,1.302
0.198,3.226
-0.068,3.784
-0.108,3.659
-2.405,1.048
-3.105,1.773
2.826,2.356
2.634,2.947
-0.233,2.355
-0.478,0.305
-1.587,0.335
0.916,0.304
-1.251,-0.098
-1.973,-0.185
3.033,-0.247
0.557,-0.2
0.148,-0.224
-2.162,4.045
-2.536,4.131
2.596,4.093
1.301,4.213
0.3,4.167
-0.722,0.822
-1.12,0.791
-2.314,2.528
-3.005,1.947
-3.079,2.529
-3.092,0.406
2.977,0.382
-1.862,0.865
2.203,1.086
0.329,3.01
0.063,3.568
0.023,3.443
-2.274,0.832
-2.974,1.557
2.957,2.14
2.765,2.731
-0.102,2.139
-0.347,0.089
-1.456,0.119
1.047,0.088
-1.12,-0.314
-1.842,-0.401
-3.119,-0.463
0.688,-0.416
-2.31,4.269
-2.684,4.355
2.448,4.317
1.153,4.437
0.152,4.391
-0.87,1.046
-1.268,1.015
-2.462,2.752
3.13,2.171
3.056,2.753
3.043,0.63
2.829,0.606
-2.01,1.089
2.055,1.31
0.181,3.234
-0.085,3.792
-0.125,3.667
-2.422,1.056
-3.122,1.781
2.809,2.364
2.617,2.955
-0.25,2.363
-0.495,0.313
-1.604,0.343
0.899,0.312
-1.268,-0.09
-1.99,-0.177
3.016,-0.239
0.54,-0.192
-0.374,0.086
-1.525,0.048
-2.82,0.168
2.462,0.122
1.44,-3.223
1.042,-3.254
-0.152,-1.517
-0.843,-2.098
-0.917,-1.516
-0.93,-3.639
-1.144,-3.663
0.3,-3.18
-1.918,-2.959
2.491,-1.035
2.225,-0.477
2.185,-0.602
-0.112,-3.213
-0.812,-2.488
-1.164,-1.905
-1.356,-1.314
2.06,-1.906
1.815,-3.956
0.706,-3.926
-3.074,-3.957
1.042,-4.359
0.32,-4.446
-0.957,-4.508
2.85,-4.461
-1.151,-0.038
-2.446,0.082
2.836,0.036
1.814,-3.309
1.416,-3.34
0.222,-1.603
-0.469,-2.184
-0.543,-1.602
-0.556,-3.725
-0.77,-3.749
0.674,-3.266
-1.544,-3.045
2.865,-1.121
2.599,-0.563
2.559,-0.688
0.262,-3.299
-0.438,-2.574
-0.79,-1.991
-0.982,-1.4
2.434,-1.992
2.189,-4.042
1.08,-4.012
-2.7,-4.043
1.416,-4.445
0.694,-4.532
-0.583,-4.594
-3.059,-4.547
-1.295,0.12
-2.296,0.074
2.965,-3.271
2.567,-3.302
1.373,-1.565
0.682,-2.146
0.608,-1.564
0.595,-3.687
0.381,-3.711
1.825,-3.228
-0.393,-3.007
-2.267,-1.083
-2.533,-0.525
-2.573,-0.65
1.413,-3.261
0.713,-2.536
0.361,-1.953
0.169,-1.362
-2.698,-1.954
-2.943,-4.004
2.231,-3.974
-1.549,-4.005
2.567,-4.407
1.845,-4.494
0.568,-4.556
-1.908,-4.509
-1.001,-0.046
-2.023,-3.391
-2.421,-3.422
2.668,-1.685
1.977,-2.266
1.903,-1.684
1.89,-3.807
1.676,-3.831
3.12,-3.348
0.902,-3.127
-0.972,-1.203
-1.238,-0.645
-1.278,-0.77
2.708,-3.381
2.008,-2.656
1.656,-2.073
1.464,-1.482
-1.403,-2.074
-1.648,-4.124
-2.757,-4.094
-0.254,-4.125
-2.421,-4.527
3.14,-4.614
1.863,-4.676
-0.613,-4.629
-1.022,-3.345
-1.42,-3.376
-2.614,-1.639
2.978,-2.22
2.904,-1.638
2.891,-3.761
2.677,-3.785
-2.162,-3.302
1.903,-3.081
0.029,-1.157
-0.237,-0.599
-0.277,-0.724
-2.574,-3.335
3.009,-2.61
2.657,-2.027
2.465,-1.436
-0.402,-2.028
-0.647,-4.078
-1.756,-4.048
0.747,-4.079
-1.42,-4.481
-2.142,-4.568
2.864,-4.63
0.388,-4.583
-0.398,-0.031
-1.592,1.706
-2.283,1.125
-2.357,1.707
-2.37,-0.416
-2.584,-0.44
-1.14,0.043
2.925,0.264
1.051,2.188
0.785,2.746
0.745,2.621
-1.552,0.01
-2.252,0.735
-2.604,1.318
-2.796,1.909
0.62,1.317
0.375,-0.733
-0.734,-0.703
1.769,-0.734
-0.398,-1.136
-1.12,-1.223
-2.397,-1.285
1.41,-1.238
-1.194,1.737
-1.885,1.156
-1.959,1.738
-1.972,-0.385
-2.186,-0.409
-0.742,0.074
-2.96,0.295
1.449,2.219
1.183,2.777
1.143,2.652
-1.154,0.041
-1.854,0.766
-2.206,1.349
-2.398,1.94
1.018,1.348
0.773,-0.702
-0.336,-0.672
2.167,-0.703
0.0,-1.105
-0.722,-1.192
-1.999,-1.254
1.808,-1.207
-0.691,-0.581
-0.765,0.001
-0.778,-2.122
-0.992,-2.146
0.452,-1.663
-1.766,-1.442
2.643,0.482
2.377,1.04
2.337,0.915
0.04,-1.696
-0.66,-0.971
-1.012,-0.388
-1.204,0.203
2.212,-0.389
1.967,-2.439
0.858,-2.409
-2.922,-2.44
1.194,-2.842
0.472,-2.929
-0.805,-2.991
3.002,-2.944
-0.074,0.582
-0.087,-1.541
-0.301,-1.565
1.143,-1.082
-1.075,-0.861
-2.949,1.063
3.068,1.621
3.028,1.496
0.731,-1.115
0.031,-0.39
-0.321,0.193
-0.513,0.784
2.903,0.192
2.658,-1.858
1.549,-1.828
-2.231,-1.859
1.885,-2.261
1.163,-2.348
-0.114,-2.41
-2.59,-2.363
-0.013,-2.123
-0.227,-2.147
1.217,-1.664
-1.001,-1.443
-2.875,0.481
-3.141,1.039
3.102,0.914
0.805,-1.697
0.105,-0.972
-0.247,-0.389
-0.439,0.202
2.977,-0.39
2.732,-2.44
1.623,-2.41
-2.157,-2.441
1.959,-2.843
1.237,-2.93
-0.04,-2.992
-2.516,-2.945
-0.214,-0.024
1.23,0.459
-0.988,0.68
-2.862,2.604
-3.128,3.162
3.115,3.037
0.818,0.426
0.118,1.151
-0.234,1.734
-0.426,2.325
2.99,1.733
2.745,-0.317
1.636,-0.287
-2.144,-0.318
1.972,-0.72
1.25,-0.807
-0.027,-0.869
-2.503,-0.822
1.444,0.483
-0.774,0.704
-2.648,2.628
-2.914,3.186
-2.954,3.061
1.032,0.45
0.332,1.175
-0.02,1.758
-0.212,2.349
-3.079,1.757
2.959,-0.293
1.85,-0.263
-1.93,-0.294
2.186,-0.696
1.464,-0.783
0.187,-0.845
-2.289,-0.798
-2.218,0.221
2.191,2.145
1.925,2.703
1.885,2.578
-0.412,-0.033
-1.112,0.692
-1.464,1.275
-1.656,1.866
1.76,1.274
1.515,-0.776
0.406,-0.746
2.909,-0.777
0.742,-1.179
0.02,-1.266
-1.257,-1.328
2.55,-1.281
-1.874,1.924
-2.14,2.482
-2.18,2.357
1.806,-0.254
1.106,0.471
0.754,1.054
0.562,1.645
-2.305,1.053
-2.55,-0.997
2.624,-0.967
-1.156,-0.998
2.96,-1.4
2.238,-1.487
0.961,-1.549
-1.515,-1.502
-0.266,0.558
-0.306,0.433
-2.603,-2.178
2.98,-1.453
2.628,-0.87
2.436,-0.279
-0.431,-0.871
-0.676,-2.921
-1.785,-2.891
0.718,-2.922
-1.449,-3.324
-2.171,-3.411
2.835,-3.473
0.359,-3.426
-0.04,-0.125
-2.337,-2.736
-3.037,-2.011
2.894,-1.428
2.702,-0.837
-0.165,-1.429
-0.41,-3.479
-1.519,-3.449
0.984,-3.48
-1.183,-3.882
-1.905,-3.969
3.101,-4.031
0.625,-3.984
-2.297,-2.611
-2.997,-1.886
2.934,-1.303
2.742,-0.712
-0.125,-1.304
-0.37,-3.354
-1.479,-3.324
1.024,-3.355
-1.143,-3.757
-1.865,-3.844
3.141,-3.906
0.665,-3.859
-0.7,0.725
-1.052,1.308
-1.244,1.899
2.172,1.307
1.927,-0.743
0.818,-0.713
-2.962,-0.744
1.154,-1.146
0.432,-1.233
-0.845,-1.295
2.962,-1.248
-0.352,0.583
-0.544,1.174
2.872,0.582
2.627,-1.468
1.518,-1.438
-2.262,-1.469
1.854,-1.871
1.132,-1.958
-0.145,-2.02
-2.621,-1.973
-0.192,0.591
-3.059,-0.001
2.979,-2.051
1.87,-2.021
-1.91,-2.052
2.206,-2.454
1.484,-2.541
0.207,-2.603
-2.269,-2.556
-2.867,-0.592
-3.112,-2.642
2.062,-2.612
-1.718,-2.643
2.398,-3.045
1.676,-3.132
0.399,-3.194
-2.077,-3.147
-0.245,-2.05
-1.354,-2.02
1.149,-2.051
-1.018,-2.453
-1.74,-2.54
-3.017,-2.602
0.79,-2.555
-1.109,0.03
1.394,-0.001
-0.773,-0.403
-1.495,-0.49
-2.772,-0.552
1.035,-0.505
2.503,-0.031
0.336,-0.433
-0.386,-0.52
-1.663,-0.582
2.144,-0.535
-2.167,-0.402
-2.889,-0.489
2.117,-0.551
-0.359,-0.504
-0.722,-0.087
-1.999,-0.149
1.808,-0.102
-1.277,-0.062
2.53,-0.015
-2.476,0.047
