-0.039,2.001
-0.04,1.852
0.015,0.869
-0.112,0.89
-0.093,0.37
-0.186,-0.383
-0.147,-0.395
-0.167,0.728
-0.183,2.119
-0.329,1.068
-0.382,0.426
-0.52,-0.763
-0.56,0.529
-0.706,0.402
-0.85,2.336
-0.809,1.795
-0.925,2.096
-0.868,1.6
-0.904,0.057
-0.887,-0.835
-1.021,2.511
-1.052,1.786
-1.004,0.991
-1.07,2.508
-1.089,0.276
-1.088,-0.817
-1.195,0.759
-1.124,0.06
-1.238,0.209
-1.219,1.878
-1.232,0.831
-1.288,2.067
-1.325,0.178
-1.285,1.39
-1.432,2.315
-1.515,-0.149
-1.524,2.026
-1.49,-1.211
-1.584,0.275
-1.611,2.401
-1.628,-0.796
-1.617,-0.233
-1.627,2.138
-1.633,-0.247
-1.658,-1.058
-1.77,-0.791
-1.728,1.101
-1.79,2.247
-1.807,-0.985
-1.861,1.31
-1.892,0.001
-1.907,1.278
-1.837,0.124
-1.853,-0.248
-1.939,0.715
-1.92,0.321
-2.007,2.336
-2.057,0.345
-2.011,1.855
-2.085,-0.005
-2.034,0.145
-2.107,0.716
-2.088,2.597
-2.198,0.803
-2.205,0.197
-2.243,-0.029
-2.311,-0.121
-2.266,-0.642
-2.427,0.371
-2.441,0.596
-2.389,0.572
-2.491,1.385
-2.546,2.505
-2.597,0.335
-2.685,-1.021
-2.618,0.609
-2.75,-0.882
-2.699,2.231
-2.772,-0.654
-2.845,2.643
-2.855,2.513
-2.776,-0.478
-2.931,1.678
-3.009,-1.232
-2.956,0.127
-3.0,0.948
-2.988,-1.005
-2.99,0.027
-3.109,-0.418
3.069,0.37
3.013,-0.348
3.002,2.708
2.996,2.399
2.828,2.664
2.895,1.286
2.895,-0.117
2.781,-1.282
2.834,2.76
2.838,0.994
2.734,-0.292
2.742,-1.168
2.717,0.55
2.766,1.92
2.724,-0.907
2.691,-0.514
2.598,-0.189
2.654,2.661
2.658,2.53
2.612,2.631
2.53,-0.362
2.579,1.396
2.448,0.644
2.445,0.131
2.468,2.231
2.327,2.263
2.308,0.906
2.31,-0.579
2.355,0.379
2.351,0.696
2.306,-0.083
2.331,-1.157
2.279,2.255
2.333,2.268
2.293,0.706
2.227,0.824
2.265,1.666
2.281,1.423
2.107,0.707
2.17,0.322
2.146,-1.177
2.044,-0.266
2.019,1.366
1.998,2.319
1.897,-0.945
1.921,0.64
1.892,-0.769
1.814,-0.309
1.796,-1.295
1.736,0.286
1.8,1.966
1.795,2.228
1.725,0.613
1.698,-0.523
1.749,-1.225
1.603,1.0
1.54,2.513
1.527,-1.158
1.593,1.642
1.556,1.742
1.457,-0.909
1.41,0.705
1.374,1.878
1.296,-0.178
1.233,1.191
1.229,1.479
1.004,1.05
1.022,-0.222
0.968,-0.414
1.027,1.775
0.856,-1.235
0.782,-0.075
0.642,-0.709
0.71,0.646
0.591,-0.267
0.575,-0.164
0.453,1.245
0.508,2.539
0.478,-0.426
0.455,0.177
0.328,1.292
0.408,-1.152
0.388,1.796
0.289,0.045
0.241,1.233
0.204,-0.266
0.248,1.566
0.168,0.934
0.169,1.917
0.216,-0.142
0.172,-0.968
-0.529,-1.336
-1.823,-1.624
-1.837,-1.364
-1.939,-1.299
-2.513,-1.381
-2.531,-1.529
-2.657,-1.731
-2.83,-1.737
-2.94,-1.56
2.971,-1.331
2.82,-1.623
2.613,-1.454
2.602,-1.576
2.476,-1.605
2.399,-1.392
2.157,-1.566
2.041,-1.682
1.99,-1.532
1.262,-1.342
0.875,-1.353
0.791,-1.5
0.646,-1.313
0.596,-1.5
0.518,-1.591
0.484,-1.545
0.549,-1.382
0.165,-1.251
0.092,-1.577
-0.177,2.976
-0.217,3.004
-0.857,2.995
-1.131,2.942
-1.517,3.086
-1.613,2.896
-1.848,2.715
-2.681,3.083
-2.67,3.09
-3.075,2.787
-3.009,2.971
3.039,2.967
3.01,3.107
2.728,2.814
2.006,2.952
1.998,3.111
1.502,2.958
1.156,2.788
0.897,2.881
0.171,3.169
0.162,2.847
0.027,2.44
-0.152,-1.012
-1.752,2.306
-2.04,0.117
2.626,2.333
2.58,-0.453
0.574,1.556
-0.557,-1.461
-1.022,-1.559
1.157,-1.3
0.192,2.621
0.157,-0.119
-0.033,2.424
0.044,-0.7
0.009,0.239
-0.209,0.649
-0.199,1.184
-0.254,1.205
-0.382,2.584
-0.291,1.613
-0.411,2.275
-0.509,-0.076
-0.376,1.351
-0.464,1.292
-0.72,1.412
-0.587,2.242
-0.757,0.756
-0.707,0.856
-0.696,0.365
-0.845,-1.053
-0.793,-0.386
-0.831,1.088
-0.825,0.787
-1.034,-1.211
-1.031,-1.072
-1.06,1.452
-1.062,0.572
-0.983,1.263
-1.575,-0.189
-1.734,1.274
-1.598,1.091
-1.624,-0.105
-1.782,-1.118
-1.845,-1.064
-1.848,2.553
-1.927,-0.033
-1.991,1.436
-2.076,-0.96
-2.13,0.46
-2.011,0.875
-2.222,-0.421
-2.09,1.448
-2.149,0.449
-2.264,1.569
-2.319,-0.838
-2.532,-0.809
-2.564,0.059
-2.491,2.684
-2.66,-0.017
-2.577,0.951
-2.913,1.461
-3.066,1.142
-3.014,-1.284
-3.019,2.235
-3.055,0.772
3.079,-0.086
3.007,-1.153
2.98,2.014
3.106,1.774
3.025,1.906
2.846,2.661
2.775,2.13
2.877,0.63
2.878,-0.022
2.754,-1.107
2.656,-0.944
2.663,0.56
2.646,-0.143
2.601,1.419
2.39,0.271
2.352,0.973
1.992,-0.548
1.961,-1.017
2.028,2.697
2.024,-0.789
1.716,-0.104
1.56,1.509
1.483,-0.814
1.372,1.555
1.484,-0.031
1.475,0.807
1.356,1.363
1.12,1.202
1.093,1.193
0.93,-0.161
0.893,0.867
0.662,0.497
0.619,-0.992
0.527,0.35
0.405,1.132
0.35,0.129
0.416,-0.044
0.268,1.885
0.323,-0.085
0.122,-0.358
-0.055,-1.585
-0.096,-1.457
-0.544,-1.425
-1.114,-1.253
-1.394,-1.524
-1.52,-1.349
-1.623,-1.38
-2.144,-1.592
-2.117,-1.473
-2.149,-1.754
-2.25,-1.62
-2.27,-1.619
2.711,-1.435
1.793,-1.619
1.205,-1.363
0.962,-1.746
0.758,-1.467
0.545,-1.59
0.527,-1.418
0.308,-1.323
0.325,-1.481
0.245,-1.454
0.101,2.959
-0.123,2.903
-0.472,2.918
-0.38,3.007
-0.712,2.859
-0.824,2.966
-0.865,2.994
-0.955,2.646
-1.921,2.783
-2.207,2.932
-2.249,3.035
-2.439,2.73
-2.847,2.876
-2.735,2.748
2.988,3.031
2.078,2.775
1.545,2.903
0.807,3.055
0.686,2.71
0.562,2.969
-0.76,1.824
-0.883,0.223
-1.944,1.883
2.58,0.861
2.195,0.193
0.814,0.204
-0.679,1.626
-1.943,0.932
-2.444,0.077
-2.922,0.928
2.368,0.932
2.188,0.928
2.05,1.664
0.85,2.344
0.603,1.645
2.917,-0.344
0.911,-0.566
0.137,1.08
2.966,-1.567
1.858,-1.003
0.747,-0.966
2.502,-1.733
2.529,-1.117
-0.001,-0.149
0.054,-1.132
-0.073,-1.111
-0.054,-1.631
-0.147,-2.384
-0.108,-2.396
-0.128,-1.273
-0.144,0.118
-0.29,-0.933
-0.343,-1.575
-0.481,-2.764
-0.521,-1.472
-0.667,-1.599
-0.811,0.335
-0.77,-0.206
-0.886,0.095
-0.829,-0.401
-0.865,-1.944
-0.848,-2.836
-0.982,0.51
-1.013,-0.215
-0.965,-1.01
-1.031,0.507
-1.05,-1.725
-1.049,-2.818
-1.156,-1.242
-1.085,-1.941
-1.199,-1.792
-1.18,-0.123
-1.193,-1.17
-1.249,0.066
-1.286,-1.823
-1.246,-0.611
-1.393,0.314
-1.476,-2.15
-1.485,0.025
-1.451,-3.212
-1.545,-1.726
-1.572,0.4
-1.589,-2.797
-1.578,-2.234
-1.588,0.137
-1.594,-2.248
-1.619,-3.059
-1.731,-2.792
-1.689,-0.9
-1.751,0.246
-1.768,-2.986
-1.822,-0.691
-1.853,-2.0
-1.868,-0.723
-1.798,-1.877
-1.814,-2.249
-1.9,-1.286
-1.881,-1.68
-1.968,0.335
-2.018,-1.656
-1.972,-0.146
-2.046,-2.006
-1.995,-1.856
-2.068,-1.285
-2.049,0.596
-2.159,-1.198
-2.166,-1.804
-2.204,-2.03
-2.272,-2.122
-2.227,-2.643
-2.388,-1.63
-2.402,-1.405
-2.35,-1.429
-2.452,-0.616
-2.507,0.504
-2.558,-1.666
-2.646,-3.022
-2.579,-1.392
-2.711,-2.883
-2.66,0.23
-2.733,-2.655
-2.806,0.642
-2.816,0.512
-2.737,-2.479
-2.892,-0.323
-2.97,-3.233
-2.917,-1.874
-2.961,-1.053
-2.949,-3.006
-2.951,-1.974
-3.07,-2.419
3.108,-1.631
3.052,-2.349
3.041,0.707
3.035,0.398
2.867,0.663
2.934,-0.715
2.934,-2.118
2.82,-3.283
2.873,0.759
2.877,-1.007
2.773,-2.293
2.781,-3.169
2.756,-1.451
2.805,-0.081
2.763,-2.908
2.73,-2.515
2.637,-2.19
2.693,0.66
2.697,0.529
2.651,0.63
2.569,-2.363
2.618,-0.605
2.487,-1.357
2.484,-1.87
2.507,0.23
2.366,0.262
2.347,-1.095
2.349,-2.58
2.394,-1.622
2.39,-1.305
2.345,-2.084
2.37,-3.158
2.318,0.254
2.372,0.267
2.332,-1.295
2.266,-1.177
2.304,-0.335
2.32,-0.578
2.146,-1.294
2.209,-1.679
2.185,-3.178
2.083,-2.267
2.058,-0.635
2.037,0.318
1.936,-2.946
1.96,-1.361
1.931,-2.77
1.853,-2.31
1.835,-3.296
1.775,-1.715
1.839,-0.035
1.834,0.227
1.764,-1.388
1.737,-2.524
1.788,-3.226
1.642,-1.001
1.579,0.512
1.566,-3.159
1.632,-0.359
1.595,-0.259
1.496,-2.91
1.449,-1.296
1.413,-0.123
1.335,-2.179
1.272,-0.81
1.268,-0.522
1.043,-0.951
1.061,-2.223
1.007,-2.415
1.066,-0.226
0.895,-3.236
0.821,-2.076
0.681,-2.71
0.749,-1.355
0.63,-2.268
0.614,-2.165
0.492,-0.756
0.547,0.538
0.517,-2.427
0.494,-1.824
0.367,-0.709
0.447,-3.153
0.427,-0.205
0.328,-1.956
0.28,-0.768
0.243,-2.267
0.287,-0.435
0.207,-1.067
0.208,-0.084
0.255,-2.143
0.211,-2.969
-0.49,-3.337
-1.784,-3.625
-1.798,-3.365
-1.9,-3.3
-2.474,-3.382
-2.492,-3.53
-2.618,-3.732
-2.791,-3.738
-2.901,-3.561
3.01,-3.332
2.859,-3.624
2.652,-3.455
2.641,-3.577
2.515,-3.606
2.438,-3.393
2.196,-3.567
2.08,-3.683
2.029,-3.533
1.301,-3.343
0.914,-3.354
0.83,-3.501
0.685,-3.314
0.635,-3.501
0.557,-3.592
0.523,-3.546
0.588,-3.383
0.204,-3.252
0.131,-3.578
-0.138,0.975
-0.178,1.003
-0.818,0.994
-1.092,0.941
-1.478,1.085
-1.574,0.895
-1.809,0.714
-2.642,1.082
-2.631,1.089
-3.036,0.786
-2.97,0.97
3.078,0.966
3.049,1.106
2.767,0.813
2.045,0.951
2.037,1.11
1.541,0.957
1.195,0.787
0.936,0.88
0.21,1.168
0.201,0.846
0.066,0.439
-0.113,-3.013
-1.713,0.305
-2.001,-1.884
2.665,0.332
2.619,-2.454
0.613,-0.445
-0.518,-3.462
-0.983,-3.56
1.196,-3.301
0.231,0.62
0.196,-2.12
0.006,0.423
0.083,-2.701
0.048,-1.762
-0.17,-1.352
-0.16,-0.817
-0.215,-0.796
-0.343,0.583
-0.252,-0.388
-0.372,0.274
-0.47,-2.077
-0.337,-0.65
-0.425,-0.709
-0.681,-0.589
-0.548,0.241
-0.718,-1.245
-0.668,-1.145
-0.657,-1.636
-0.806,-3.054
-0.754,-2.387
-0.792,-0.913
-0.786,-1.214
-0.995,-3.212
-0.992,-3.073
-1.021,-0.549
-1.023,-1.429
-0.944,-0.738
-1.536,-2.19
-1.695,-0.727
-1.559,-0.91
-1.585,-2.106
-1.743,-3.119
-1.806,-3.065
-1.809,0.552
-1.888,-2.034
-1.952,-0.565
-2.037,-2.961
-2.091,-1.541
-1.972,-1.126
-2.183,-2.422
-2.051,-0.553
-2.11,-1.552
-2.225,-0.432
-2.28,-2.839
-2.493,-2.81
-2.525,-1.942
-2.452,0.683
-2.621,-2.018
-2.538,-1.05
-2.874,-0.54
-3.027,-0.859
-2.975,-3.285
-2.98,0.234
-3.016,-1.229
3.118,-2.087
3.046,-3.154
3.019,0.013
-3.138,-0.227
3.064,-0.095
2.885,0.66
2.814,0.129
2.916,-1.371
2.917,-2.023
2.793,-3.108
2.695,-2.945
2.702,-1.441
2.685,-2.144
2.64,-0.582
2.429,-1.73
2.391,-1.028
2.031,-2.549
2.0,-3.018
2.067,0.696
2.063,-2.79
1.755,-2.105
1.599,-0.492
1.522,-2.815
1.411,-0.446
1.523,-2.032
1.514,-1.194
1.395,-0.638
1.159,-0.799
1.132,-0.808
0.969,-2.162
0.932,-1.134
0.701,-1.504
0.658,-2.993
0.566,-1.651
0.444,-0.869
0.389,-1.872
0.455,-2.045
0.307,-0.116
0.362,-2.086
0.161,-2.359
-0.016,-3.586
-0.057,-3.458
-0.505,-3.426
-1.075,-3.254
-1.355,-3.525
-1.481,-3.35
-1.584,-3.381
-2.105,-3.593
-2.078,-3.474
-2.11,-3.755
-2.211,-3.621
-2.231,-3.62
2.75,-3.436
1.832,-3.62
1.244,-3.364
1.001,-3.747
0.797,-3.468
0.584,-3.591
0.566,-3.419
0.347,-3.324
0.364,-3.482
0.284,-3.455
0.14,0.958
-0.084,0.902
-0.433,0.917
-0.341,1.006
-0.673,0.858
-0.785,0.965
-0.826,0.993
-0.916,0.645
-1.882,0.782
-2.168,0.931
-2.21,1.034
-2.4,0.729
-2.808,0.875
-2.696,0.747
3.027,1.03
2.117,0.774
1.584,0.902
0.846,1.054
0.725,0.709
0.601,0.968
-0.721,-0.177
-0.844,-1.778
-1.905,-0.118
2.619,-1.14
2.234,-1.808
0.853,-1.797
-0.64,-0.375
-1.904,-1.069
-2.405,-1.924
-2.883,-1.073
2.407,-1.069
2.227,-1.073
2.089,-0.337
0.889,0.343
0.642,-0.356
2.956,-2.345
0.95,-2.567
0.176,-0.921
3.005,-3.568
1.897,-3.004
0.786,-2.967
2.541,-3.734
2.568,-3.118
0.055,-0.983
-0.072,-0.962
-0.053,-1.482
-0.146,-2.235
-0.107,-2.247
-0.127,-1.124
-0.143,0.267
-0.289,-0.784
-0.342,-1.426
-0.48,-2.615
-0.52,-1.323
-0.666,-1.45
-0.81,0.484
-0.769,-0.057
-0.885,0.244
-0.828,-0.252
-0.864,-1.795
-0.847,-2.687
-0.981,0.659
-1.012,-0.066
-0.964,-0.861
-1.03,0.656
-1.049,-1.576
-1.048,-2.669
-1.155,-1.093
-1.084,-1.792
-1.198,-1.643
-1.179,0.026
-1.192,-1.021
-1.248,0.215
-1.285,-1.674
-1.245,-0.462
-1.392,0.463
-1.475,-2.001
-1.484,0.174
-1.45,-3.063
-1.544,-1.577
-1.571,0.549
-1.588,-2.648
-1.577,-2.085
-1.587,0.286
-1.593,-2.099
-1.618,-2.91
-1.73,-2.643
-1.688,-0.751
-1.75,0.395
-1.767,-2.837
-1.821,-0.542
-1.852,-1.851
-1.867,-0.574
-1.797,-1.728
-1.813,-2.1
-1.899,-1.137
-1.88,-1.531
-1.967,0.484
-2.017,-1.507
-1.971,0.003
-2.045,-1.857
-1.994,-1.707
-2.067,-1.136
-2.048,0.745
-2.158,-1.049
-2.165,-1.655
-2.203,-1.881
-2.271,-1.973
-2.226,-2.494
-2.387,-1.481
-2.401,-1.256
-2.349,-1.28
-2.451,-0.467
-2.506,0.653
-2.557,-1.517
-2.645,-2.873
-2.578,-1.243
-2.71,-2.734
-2.659,0.379
-2.732,-2.506
-2.805,0.791
-2.815,0.661
-2.736,-2.33
-2.891,-0.174
-2.969,-3.084
-2.916,-1.725
-2.96,-0.904
-2.948,-2.857
-2.95,-1.825
-3.069,-2.27
3.109,-1.482
3.053,-2.2
3.042,0.856
3.036,0.547
2.868,0.812
2.935,-0.566
2.935,-1.969
2.821,-3.134
2.874,0.908
2.878,-0.858
2.774,-2.144
2.782,-3.02
2.757,-1.302
2.806,0.068
2.764,-2.759
2.731,-2.366
2.638,-2.041
2.694,0.809
2.698,0.678
2.652,0.779
2.57,-2.214
2.619,-0.456
2.488,-1.208
2.485,-1.721
2.508,0.379
2.367,0.411
2.348,-0.946
2.35,-2.431
2.395,-1.473
2.391,-1.156
2.346,-1.935
2.371,-3.009
2.319,0.403
2.373,0.416
2.333,-1.146
2.267,-1.028
2.305,-0.186
2.321,-0.429
2.147,-1.145
2.21,-1.53
2.186,-3.029
2.084,-2.118
2.059,-0.486
2.038,0.467
1.937,-2.797
1.961,-1.212
1.932,-2.621
1.854,-2.161
1.836,-3.147
1.776,-1.566
1.84,0.114
1.835,0.376
1.765,-1.239
1.738,-2.375
1.789,-3.077
1.643,-0.852
1.58,0.661
1.567,-3.01
1.633,-0.21
1.596,-0.11
1.497,-2.761
1.45,-1.147
1.414,0.026
1.336,-2.03
1.273,-0.661
1.269,-0.373
1.044,-0.802
1.062,-2.074
1.008,-2.266
1.067,-0.077
0.896,-3.087
0.822,-1.927
0.682,-2.561
0.75,-1.206
0.631,-2.119
0.615,-2.016
0.493,-0.607
0.548,0.687
0.518,-2.278
0.495,-1.675
0.368,-0.56
0.448,-3.004
0.428,-0.056
0.329,-1.807
0.281,-0.619
0.244,-2.118
0.288,-0.286
0.208,-0.918
0.209,0.065
0.256,-1.994
0.212,-2.82
-0.489,-3.188
-1.783,-3.476
-1.797,-3.216
-1.899,-3.151
-2.473,-3.233
-2.491,-3.381
-2.617,-3.583
-2.79,-3.589
-2.9,-3.412
3.011,-3.183
2.86,-3.475
2.653,-3.306
2.642,-3.428
2.516,-3.457
2.439,-3.244
2.197,-3.418
2.081,-3.534
2.03,-3.384
1.302,-3.194
0.915,-3.205
0.831,-3.352
0.686,-3.165
0.636,-3.352
0.558,-3.443
0.524,-3.397
0.589,-3.234
0.205,-3.103
0.132,-3.429
-0.137,1.124
-0.177,1.152
-0.817,1.143
-1.091,1.09
-1.477,1.234
-1.573,1.044
-1.808,0.863
-2.641,1.231
-2.63,1.238
-3.035,0.935
-2.969,1.119
3.079,1.115
3.05,1.255
2.768,0.962
2.046,1.1
2.038,1.259
1.542,1.106
1.196,0.936
0.937,1.029
0.211,1.317
0.202,0.995
0.067,0.588
-0.112,-2.864
-1.712,0.454
-2.0,-1.735
2.666,0.481
2.62,-2.305
0.614,-0.296
-0.517,-3.313
-0.982,-3.411
1.197,-3.152
0.232,0.769
0.197,-1.971
0.007,0.572
0.084,-2.552
0.049,-1.613
-0.169,-1.203
-0.159,-0.668
-0.214,-0.647
-0.342,0.732
-0.251,-0.239
-0.371,0.423
-0.469,-1.928
-0.336,-0.501
-0.424,-0.56
-0.68,-0.44
-0.547,0.39
-0.717,-1.096
-0.667,-0.996
-0.656,-1.487
-0.805,-2.905
-0.753,-2.238
-0.791,-0.764
-0.785,-1.065
-0.994,-3.063
-0.991,-2.924
-1.02,-0.4
-1.022,-1.28
-0.943,-0.589
-1.535,-2.041
-1.694,-0.578
-1.558,-0.761
-1.584,-1.957
-1.742,-2.97
-1.805,-2.916
-1.808,0.701
-1.887,-1.885
-1.951,-0.416
-2.036,-2.812
-2.09,-1.392
-1.971,-0.977
-2.182,-2.273
-2.05,-0.404
-2.109,-1.403
-2.224,-0.283
-2.279,-2.69
-2.492,-2.661
-2.524,-1.793
-2.451,0.832
-2.62,-1.869
-2.537,-0.901
-2.873,-0.391
-3.026,-0.71
-2.974,-3.136
-2.979,0.383
-3.015,-1.08
3.119,-1.938
3.047,-3.005
3.02,0.162
-3.137,-0.078
3.065,0.054
2.886,0.809
2.815,0.278
2.917,-1.222
2.918,-1.874
2.794,-2.959
2.696,-2.796
2.703,-1.292
2.686,-1.995
2.641,-0.433
2.43,-1.581
2.392,-0.879
2.032,-2.4
2.001,-2.869
2.068,0.845
2.064,-2.641
1.756,-1.956
1.6,-0.343
1.523,-2.666
1.412,-0.297
1.524,-1.883
1.515,-1.045
1.396,-0.489
1.16,-0.65
1.133,-0.659
0.97,-2.013
0.933,-0.985
0.702,-1.355
0.659,-2.844
0.567,-1.502
0.445,-0.72
0.39,-1.723
0.456,-1.896
0.308,0.033
0.363,-1.937
0.162,-2.21
-0.015,-3.437
-0.056,-3.309
-0.504,-3.277
-1.074,-3.105
-1.354,-3.376
-1.48,-3.201
-1.583,-3.232
-2.104,-3.444
-2.077,-3.325
-2.109,-3.606
-2.21,-3.472
-2.23,-3.471
2.751,-3.287
1.833,-3.471
1.245,-3.215
1.002,-3.598
0.798,-3.319
0.585,-3.442
0.567,-3.27
0.348,-3.175
0.365,-3.333
0.285,-3.306
0.141,1.107
-0.083,1.051
-0.432,1.066
-0.34,1.155
-0.672,1.007
-0.784,1.114
-0.825,1.142
-0.915,0.794
-1.881,0.931
-2.167,1.08
-2.209,1.183
-2.399,0.878
-2.807,1.024
-2.695,0.896
3.028,1.179
2.118,0.923
1.585,1.051
0.847,1.203
0.726,0.858
0.602,1.117
-0.72,-0.028
-0.843,-1.629
-1.904,0.031
2.62,-0.991
2.235,-1.659
0.854,-1.648
-0.639,-0.226
-1.903,-0.92
-2.404,-1.775
-2.882,-0.924
2.408,-0.92
2.228,-0.924
2.09,-0.188
0.89,0.492
0.643,-0.207
2.957,-2.196
0.951,-2.418
0.177,-0.772
3.006,-3.419
1.898,-2.855
0.787,-2.818
2.542,-3.585
2.569,-2.969
-0.127,0.021
-0.108,-0.499
-0.201,-1.252
-0.162,-1.264
-0.182,-0.141
-0.198,1.25
-0.344,0.199
-0.397,-0.443
-0.535,-1.632
-0.575,-0.34
-0.721,-0.467
-0.865,1.467
-0.824,0.926
-0.94,1.227
-0.883,0.731
-0.919,-0.812
-0.902,-1.704
-1.036,1.642
-1.067,0.917
-1.019,0.122
-1.085,1.639
-1.104,-0.593
-1.103,-1.686
-1.21,-0.11
-1.139,-0.809
-1.253,-0.66
-1.234,1.009
-1.247,-0.038
-1.303,1.198
-1.34,-0.691
-1.3,0.521
-1.447,1.446
-1.53,-1.018
-1.539,1.157
-1.505,-2.08
-1.599,-0.594
-1.626,1.532
-1.643,-1.665
-1.632,-1.102
-1.642,1.269
-1.648,-1.116
-1.673,-1.927
-1.785,-1.66
-1.743,0.232
-1.805,1.378
-1.822,-1.854
-1.876,0.441
-1.907,-0.868
-1.922,0.409
-1.852,-0.745
-1.868,-1.117
-1.954,-0.154
-1.935,-0.548
-2.022,1.467
-2.072,-0.524
-2.026,0.986
-2.1,-0.874
-2.049,-0.724
-2.122,-0.153
-2.103,1.728
-2.213,-0.066
-2.22,-0.672
-2.258,-0.898
-2.326,-0.99
-2.281,-1.511
-2.442,-0.498
-2.456,-0.273
-2.404,-0.297
-2.506,0.516
-2.561,1.636
-2.612,-0.534
-2.7,-1.89
-2.633,-0.26
-2.765,-1.751
-2.714,1.362
-2.787,-1.523
-2.86,1.774
-2.87,1.644
-2.791,-1.347
-2.946,0.809
-3.024,-2.101
-2.971,-0.742
-3.015,0.079
-3.003,-1.874
-3.005,-0.842
-3.124,-1.287
3.054,-0.499
2.998,-1.217
2.987,1.839
2.981,1.53
2.813,1.795
2.88,0.417
2.88,-0.986
2.766,-2.151
2.819,1.891
2.823,0.125
2.719,-1.161
2.727,-2.037
2.702,-0.319
2.751,1.051
2.709,-1.776
2.676,-1.383
2.583,-1.058
2.639,1.792
2.643,1.661
2.597,1.762
2.515,-1.231
2.564,0.527
2.433,-0.225
2.43,-0.738
2.453,1.362
2.312,1.394
2.293,0.037
2.295,-1.448
2.34,-0.49
2.336,-0.173
2.291,-0.952
2.316,-2.026
2.264,1.386
2.318,1.399
2.278,-0.163
2.212,-0.045
2.25,0.797
2.266,0.554
2.092,-0.162
2.155,-0.547
2.131,-2.046
2.029,-1.135
2.004,0.497
1.983,1.45
1.882,-1.814
1.906,-0.229
1.877,-1.638
1.799,-1.178
1.781,-2.164
1.721,-0.583
1.785,1.097
1.78,1.359
1.71,-0.256
1.683,-1.392
1.734,-2.094
1.588,0.131
1.525,1.644
1.512,-2.027
1.578,0.773
1.541,0.873
1.442,-1.778
1.395,-0.164
1.359,1.009
1.281,-1.047
1.218,0.322
1.214,0.61
0.989,0.181
1.007,-1.091
0.953,-1.283
1.012,0.906
0.841,-2.104
0.767,-0.944
0.627,-1.578
0.695,-0.223
0.576,-1.136
0.56,-1.033
0.438,0.376
0.493,1.67
0.463,-1.295
0.44,-0.692
0.313,0.423
0.393,-2.021
0.373,0.927
0.274,-0.824
0.226,0.364
0.189,-1.135
0.233,0.697
0.153,0.065
0.154,1.048
0.201,-1.011
0.157,-1.837
-0.544,-2.205
-1.838,-2.493
-1.852,-2.233
-1.954,-2.168
-2.528,-2.25
-2.546,-2.398
-2.672,-2.6
-2.845,-2.606
-2.955,-2.429
2.956,-2.2
2.805,-2.492
2.598,-2.323
2.587,-2.445
2.461,-2.474
2.384,-2.261
2.142,-2.435
2.026,-2.551
1.975,-2.401
1.247,-2.211
0.86,-2.222
0.776,-2.369
0.631,-2.182
0.581,-2.369
0.503,-2.46
0.469,-2.414
0.534,-2.251
0.15,-2.12
0.077,-2.446
-0.192,2.107
-0.232,2.135
-0.872,2.126
-1.146,2.073
-1.532,2.217
-1.628,2.027
-1.863,1.846
-2.696,2.214
-2.685,2.221
-3.09,1.918
-3.024,2.102
3.024,2.098
2.995,2.238
2.713,1.945
1.991,2.083
1.983,2.242
1.487,2.089
1.141,1.919
0.882,2.012
0.156,2.3
0.147,1.978
0.012,1.571
-0.167,-1.881
-1.767,1.437
-2.055,-0.752
2.611,1.464
2.565,-1.322
0.559,0.687
-0.572,-2.33
-1.037,-2.428
1.142,-2.169
0.177,1.752
0.142,-0.988
-0.048,1.555
0.029,-1.569
-0.006,-0.63
-0.224,-0.22
-0.214,0.315
-0.269,0.336
-0.397,1.715
-0.306,0.744
-0.426,1.406
-0.524,-0.945
-0.391,0.482
-0.479,0.423
-0.735,0.543
-0.602,1.373
-0.772,-0.113
-0.722,-0.013
-0.711,-0.504
-0.86,-1.922
-0.808,-1.255
-0.846,0.219
-0.84,-0.082
-1.049,-2.08
-1.046,-1.941
-1.075,0.583
-1.077,-0.297
-0.998,0.394
-1.59,-1.058
-1.749,0.405
-1.613,0.222
-1.639,-0.974
-1.797,-1.987
-1.86,-1.933
-1.863,1.684
-1.942,-0.902
-2.006,0.567
-2.091,-1.829
-2.145,-0.409
-2.026,0.006
-2.237,-1.29
-2.105,0.579
-2.164,-0.42
-2.279,0.7
-2.334,-1.707
-2.547,-1.678
-2.579,-0.81
-2.506,1.815
-2.675,-0.886
-2.592,0.082
-2.928,0.592
-3.081,0.273
-3.029,-2.153
-3.034,1.366
-3.07,-0.097
3.064,-0.955
2.992,-2.022
2.965,1.145
3.091,0.905
3.01,1.037
2.831,1.792
2.76,1.261
2.862,-0.239
2.863,-0.891
2.739,-1.976
2.641,-1.813
2.648,-0.309
2.631,-1.012
2.586,0.55
2.375,-0.598
2.337,0.104
1.977,-1.417
1.946,-1.886
2.013,1.828
2.009,-1.658
1.701,-0.973
1.545,0.64
1.468,-1.683
1.357,0.686
1.469,-0.9
1.46,-0.062
1.341,0.494
1.105,0.333
1.078,0.324
0.915,-1.03
0.878,-0.002
0.647,-0.372
0.604,-1.861
0.512,-0.519
0.39,0.263
0.335,-0.74
0.401,-0.913
0.253,1.016
0.308,-0.954
0.107,-1.227
-0.07,-2.454
-0.111,-2.326
-0.559,-2.294
-1.129,-2.122
-1.409,-2.393
-1.535,-2.218
-1.638,-2.249
-2.159,-2.461
-2.132,-2.342
-2.164,-2.623
-2.265,-2.489
-2.285,-2.488
2.696,-2.304
1.778,-2.488
1.19,-2.232
0.947,-2.615
0.743,-2.336
0.53,-2.459
0.512,-2.287
0.293,-2.192
0.31,-2.35
0.23,-2.323
0.086,2.09
-0.138,2.034
-0.487,2.049
-0.395,2.138
-0.727,1.99
-0.839,2.097
-0.88,2.125
-0.97,1.777
-1.936,1.914
-2.222,2.063
-2.264,2.166
-2.454,1.861
-2.862,2.007
-2.75,1.879
2.973,2.162
2.063,1.906
1.53,2.034
0.792,2.186
0.671,1.841
0.547,2.1
-0.775,0.955
-0.898,-0.646
-1.959,1.014
2.565,-0.008
2.18,-0.676
0.799,-0.665
-0.694,0.757
-1.958,0.063
-2.459,-0.792
-2.937,0.059
2.353,0.063
2.173,0.059
2.035,0.795
0.835,1.475
0.588,0.776
2.902,-1.213
0.896,-1.435
0.122,0.211
2.951,-2.436
1.843,-1.872
0.732,-1.835
2.487,-2.602
2.514,-1.986
0.019,-0.52
-0.074,-1.273
-0.035,-1.285
-0.055,-0.162
-0.071,1.229
-0.217,0.178
-0.27,-0.464
-0.408,-1.653
-0.448,-0.361
-0.594,-0.488
-0.738,1.446
-0.697,0.905
-0.813,1.206
-0.756,0.71
-0.792,-0.833
-0.775,-1.725
-0.909,1.621
-0.94,0.896
-0.892,0.101
-0.958,1.618
-0.977,-0.614
-0.976,-1.707
-1.083,-0.131
-1.012,-0.83
-1.126,-0.681
-1.107,0.988
-1.12,-0.059
-1.176,1.177
-1.213,-0.712
-1.173,0.5
-1.32,1.425
-1.403,-1.039
-1.412,1.136
-1.378,-2.101
-1.472,-0.615
-1.499,1.511
-1.516,-1.686
-1.505,-1.123
-1.515,1.248
-1.521,-1.137
-1.546,-1.948
-1.658,-1.681
-1.616,0.211
-1.678,1.357
-1.695,-1.875
-1.749,0.42
-1.78,-0.889
-1.795,0.388
-1.725,-0.766
-1.741,-1.138
-1.827,-0.175
-1.808,-0.569
-1.895,1.446
-1.945,-0.545
-1.899,0.965
-1.973,-0.895
-1.922,-0.745
-1.995,-0.174
-1.976,1.707
-2.086,-0.087
-2.093,-0.693
-2.131,-0.919
-2.199,-1.011
-2.154,-1.532
-2.315,-0.519
-2.329,-0.294
-2.277,-0.318
-2.379,0.495
-2.434,1.615
-2.485,-0.555
-2.573,-1.911
-2.506,-0.281
-2.638,-1.772
-2.587,1.341
-2.66,-1.544
-2.733,1.753
-2.743,1.623
-2.664,-1.368
-2.819,0.788
-2.897,-2.122
-2.844,-0.763
-2.888,0.058
-2.876,-1.895
-2.878,-0.863
-2.997,-1.308
-3.102,-0.52
3.125,-1.238
3.114,1.818
3.108,1.509
2.94,1.774
3.007,0.396
3.007,-1.007
2.893,-2.172
2.946,1.87
2.95,0.104
2.846,-1.182
2.854,-2.058
2.829,-0.34
2.878,1.03
2.836,-1.797
2.803,-1.404
2.71,-1.079
2.766,1.771
2.77,1.64
2.724,1.741
2.642,-1.252
2.691,0.506
2.56,-0.246
2.557,-0.759
2.58,1.341
2.439,1.373
2.42,0.016
2.422,-1.469
2.467,-0.511
2.463,-0.194
2.418,-0.973
2.443,-2.047
2.391,1.365
2.445,1.378
2.405,-0.184
2.339,-0.066
2.377,0.776
2.393,0.533
2.219,-0.183
2.282,-0.568
2.258,-2.067
2.156,-1.156
2.131,0.476
2.11,1.429
2.009,-1.835
2.033,-0.25
2.004,-1.659
1.926,-1.199
1.908,-2.185
1.848,-0.604
1.912,1.076
1.907,1.338
1.837,-0.277
1.81,-1.413
1.861,-2.115
1.715,0.11
1.652,1.623
1.639,-2.048
1.705,0.752
1.668,0.852
1.569,-1.799
1.522,-0.185
1.486,0.988
1.408,-1.068
1.345,0.301
1.341,0.589
1.116,0.16
1.134,-1.112
1.08,-1.304
1.139,0.885
0.968,-2.125
0.894,-0.965
0.754,-1.599
0.822,-0.244
0.703,-1.157
0.687,-1.054
0.565,0.355
0.62,1.649
0.59,-1.316
0.567,-0.713
0.44,0.402
0.52,-2.042
0.5,0.906
0.401,-0.845
0.353,0.343
0.316,-1.156
0.36,0.676
0.28,0.044
0.281,1.027
0.328,-1.032
0.284,-1.858
-0.417,-2.226
-1.711,-2.514
-1.725,-2.254
-1.827,-2.189
-2.401,-2.271
-2.419,-2.419
-2.545,-2.621
-2.718,-2.627
-2.828,-2.45
3.083,-2.221
2.932,-2.513
2.725,-2.344
2.714,-2.466
2.588,-2.495
2.511,-2.282
2.269,-2.456
2.153,-2.572
2.102,-2.422
1.374,-2.232
0.987,-2.243
0.903,-2.39
0.758,-2.203
0.708,-2.39
0.63,-2.481
0.596,-2.435
0.661,-2.272
0.277,-2.141
0.204,-2.467
-0.065,2.086
-0.105,2.114
-0.745,2.105
-1.019,2.052
-1.405,2.196
-1.501,2.006
-1.736,1.825
-2.569,2.193
-2.558,2.2
-2.963,1.897
-2.897,2.081
-3.132,2.077
3.122,2.217
2.84,1.924
2.118,2.062
2.11,2.221
1.614,2.068
1.268,1.898
1.009,1.991
0.283,2.279
0.274,1.957
0.139,1.55
-0.04,-1.902
-1.64,1.416
-1.928,-0.773
2.738,1.443
2.692,-1.343
0.686,0.666
-0.445,-2.351
-0.91,-2.449
1.269,-2.19
0.304,1.731
0.269,-1.009
0.079,1.534
0.156,-1.59
0.121,-0.651
-0.097,-0.241
-0.087,0.294
-0.142,0.315
-0.27,1.694
-0.179,0.723
-0.299,1.385
-0.397,-0.966
-0.264,0.461
-0.352,0.402
-0.608,0.522
-0.475,1.352
-0.645,-0.134
-0.595,-0.034
-0.584,-0.525
-0.733,-1.943
-0.681,-1.276
-0.719,0.198
-0.713,-0.103
-0.922,-2.101
-0.919,-1.962
-0.948,0.562
-0.95,-0.318
-0.871,0.373
-1.463,-1.079
-1.622,0.384
-1.486,0.201
-1.512,-0.995
-1.67,-2.008
-1.733,-1.954
-1.736,1.663
-1.815,-0.923
-1.879,0.546
-1.964,-1.85
-2.018,-0.43
-1.899,-0.015
-2.11,-1.311
-1.978,0.558
-2.037,-0.441
-2.152,0.679
-2.207,-1.728
-2.42,-1.699
-2.452,-0.831
-2.379,1.794
-2.548,-0.907
-2.465,0.061
-2.801,0.571
-2.954,0.252
-2.902,-2.174
-2.907,1.345
-2.943,-0.118
-3.092,-0.976
3.119,-2.043
3.092,1.124
-3.065,0.884
3.137,1.016
2.958,1.771
2.887,1.24
2.989,-0.26
2.99,-0.912
2.866,-1.997
2.768,-1.834
2.775,-0.33
2.758,-1.033
2.713,0.529
2.502,-0.619
2.464,0.083
2.104,-1.438
2.073,-1.907
2.14,1.807
2.136,-1.679
1.828,-0.994
1.672,0.619
1.595,-1.704
1.484,0.665
1.596,-0.921
1.587,-0.083
1.468,0.473
1.232,0.312
1.205,0.303
1.042,-1.051
1.005,-0.023
0.774,-0.393
0.731,-1.882
0.639,-0.54
0.517,0.242
0.462,-0.761
0.528,-0.934
0.38,0.995
0.435,-0.975
0.234,-1.248
0.057,-2.475
0.016,-2.347
-0.432,-2.315
-1.002,-2.143
-1.282,-2.414
-1.408,-2.239
-1.511,-2.27
-2.032,-2.482
-2.005,-2.363
-2.037,-2.644
-2.138,-2.51
-2.158,-2.509
2.823,-2.325
1.905,-2.509
1.317,-2.253
1.074,-2.636
0.87,-2.357
0.657,-2.48
0.639,-2.308
0.42,-2.213
0.437,-2.371
0.357,-2.344
0.213,2.069
-0.011,2.013
-0.36,2.028
-0.268,2.117
-0.6,1.969
-0.712,2.076
-0.753,2.104
-0.843,1.756
-1.809,1.893
-2.095,2.042
-2.137,2.145
-2.327,1.84
-2.735,1.986
-2.623,1.858
3.1,2.141
2.19,1.885
1.657,2.013
0.919,2.165
0.798,1.82
0.674,2.079
-0.648,0.934
-0.771,-0.667
-1.832,0.993
2.692,-0.029
2.307,-0.697
0.926,-0.686
-0.567,0.736
-1.831,0.042
-2.332,-0.813
-2.81,0.038
2.48,0.042
2.3,0.038
2.162,0.774
0.962,1.454
0.715,0.755
3.029,-1.234
1.023,-1.456
0.249,0.19
3.078,-2.457
1.97,-1.893
0.859,-1.856
2.614,-2.623
2.641,-2.007
-0.093,-0.753
-0.054,-0.765
-0.074,0.358
-0.09,1.749
-0.236,0.698
-0.289,0.056
-0.427,-1.133
-0.467,0.159
-0.613,0.032
-0.757,1.966
-0.716,1.425
-0.832,1.726
-0.775,1.23
-0.811,-0.313
-0.794,-1.205
-0.928,2.141
-0.959,1.416
-0.911,0.621
-0.977,2.138
-0.996,-0.094
-0.995,-1.187
-1.102,0.389
-1.031,-0.31
-1.145,-0.161
-1.126,1.508
-1.139,0.461
-1.195,1.697
-1.232,-0.192
-1.192,1.02
-1.339,1.945
-1.422,-0.519
-1.431,1.656
-1.397,-1.581
-1.491,-0.095
-1.518,2.031
-1.535,-1.166
-1.524,-0.603
-1.534,1.768
-1.54,-0.617
-1.565,-1.428
-1.677,-1.161
-1.635,0.731
-1.697,1.877
-1.714,-1.355
-1.768,0.94
-1.799,-0.369
-1.814,0.908
-1.744,-0.246
-1.76,-0.618
-1.846,0.345
-1.827,-0.049
-1.914,1.966
-1.964,-0.025
-1.918,1.485
-1.992,-0.375
-1.941,-0.225
-2.014,0.346
-1.995,2.227
-2.105,0.433
-2.112,-0.173
-2.15,-0.399
-2.218,-0.491
-2.173,-1.012
-2.334,0.001
-2.348,0.226
-2.296,0.202
-2.398,1.015
-2.453,2.135
-2.504,-0.035
-2.592,-1.391
-2.525,0.239
-2.657,-1.252
-2.606,1.861
-2.679,-1.024
-2.752,2.273
-2.762,2.143
-2.683,-0.848
-2.838,1.308
-2.916,-1.602
-2.863,-0.243
-2.907,0.578
-2.895,-1.375
-2.897,-0.343
-3.016,-0.788
-3.121,0.0
3.106,-0.718
3.095,2.338
3.089,2.029
2.921,2.294
2.988,0.916
2.988,-0.487
2.874,-1.652
2.927,2.39
2.931,0.624
2.827,-0.662
2.835,-1.538
2.81,0.18
2.859,1.55
2.817,-1.277
2.784,-0.884
2.691,-0.559
2.747,2.291
2.751,2.16
2.705,2.261
2.623,-0.732
2.672,1.026
2.541,0.274
2.538,-0.239
2.561,1.861
2.42,1.893
2.401,0.536
2.403,-0.949
2.448,0.009
2.444,0.326
2.399,-0.453
2.424,-1.527
2.372,1.885
2.426,1.898
2.386,0.336
2.32,0.454
2.358,1.296
2.374,1.053
2.2,0.337
2.263,-0.048
2.239,-1.547
2.137,-0.636
2.112,0.996
2.091,1.949
1.99,-1.315
2.014,0.27
1.985,-1.139
1.907,-0.679
1.889,-1.665
1.829,-0.084
1.893,1.596
1.888,1.858
1.818,0.243
1.791,-0.893
1.842,-1.595
1.696,0.63
1.633,2.143
1.62,-1.528
1.686,1.272
1.649,1.372
1.55,-1.279
1.503,0.335
1.467,1.508
1.389,-0.548
1.326,0.821
1.322,1.109
1.097,0.68
1.115,-0.592
1.061,-0.784
1.12,1.405
0.949,-1.605
0.875,-0.445
0.735,-1.079
0.803,0.276
0.684,-0.637
0.668,-0.534
0.546,0.875
0.601,2.169
0.571,-0.796
0.548,-0.193
0.421,0.922
0.501,-1.522
0.481,1.426
0.382,-0.325
0.334,0.863
0.297,-0.636
0.341,1.196
0.261,0.564
0.262,1.547
0.309,-0.512
0.265,-1.338
-0.436,-1.706
-1.73,-1.994
-1.744,-1.734
-1.846,-1.669
-2.42,-1.751
-2.438,-1.899
-2.564,-2.101
-2.737,-2.107
-2.847,-1.93
3.064,-1.701
2.913,-1.993
2.706,-1.824
2.695,-1.946
2.569,-1.975
2.492,-1.762
2.25,-1.936
2.134,-2.052
2.083,-1.902
1.355,-1.712
0.968,-1.723
0.884,-1.87
0.739,-1.683
0.689,-1.87
0.611,-1.961
0.577,-1.915
0.642,-1.752
0.258,-1.621
0.185,-1.947
-0.084,2.606
-0.124,2.634
-0.764,2.625
-1.038,2.572
-1.424,2.716
-1.52,2.526
-1.755,2.345
-2.588,2.713
-2.577,2.72
-2.982,2.417
-2.916,2.601
3.132,2.597
3.103,2.737
2.821,2.444
2.099,2.582
2.091,2.741
1.595,2.588
1.249,2.418
0.99,2.511
0.264,2.799
0.255,2.477
0.12,2.07
-0.059,-1.382
-1.659,1.936
-1.947,-0.253
2.719,1.963
2.673,-0.823
0.667,1.186
-0.464,-1.831
-0.929,-1.929
1.25,-1.67
0.285,2.251
0.25,-0.489
0.06,2.054
0.137,-1.07
0.102,-0.131
-0.116,0.279
-0.106,0.814
-0.161,0.835
-0.289,2.214
-0.198,1.243
-0.318,1.905
-0.416,-0.446
-0.283,0.981
-0.371,0.922
-0.627,1.042
-0.494,1.872
-0.664,0.386
-0.614,0.486
-0.603,-0.005
-0.752,-1.423
-0.7,-0.756
-0.738,0.718
-0.732,0.417
-0.941,-1.581
-0.938,-1.442
-0.967,1.082
-0.969,0.202
-0.89,0.893
-1.482,-0.559
-1.641,0.904
-1.505,0.721
-1.531,-0.475
-1.689,-1.488
-1.752,-1.434
-1.755,2.183
-1.834,-0.403
-1.898,1.066
-1.983,-1.33
-2.037,0.09
-1.918,0.505
-2.129,-0.791
-1.997,1.078
-2.056,0.079
-2.171,1.199
-2.226,-1.208
-2.439,-1.179
-2.471,-0.311
-2.398,2.314
-2.567,-0.387
-2.484,0.581
-2.82,1.091
-2.973,0.772
-2.921,-1.654
-2.926,1.865
-2.962,0.402
-3.111,-0.456
3.1,-1.523
3.073,1.644
-3.084,1.404
3.118,1.536
2.939,2.291
2.868,1.76
2.97,0.26
2.971,-0.392
2.847,-1.477
2.749,-1.314
2.756,0.19
2.739,-0.513
2.694,1.049
2.483,-0.099
2.445,0.603
2.085,-0.918
2.054,-1.387
2.121,2.327
2.117,-1.159
1.809,-0.474
1.653,1.139
1.576,-1.184
1.465,1.185
1.577,-0.401
1.568,0.437
1.449,0.993
1.213,0.832
1.186,0.823
1.023,-0.531
0.986,0.497
0.755,0.127
0.712,-1.362
0.62,-0.02
0.498,0.762
0.443,-0.241
0.509,-0.414
0.361,1.515
0.416,-0.455
0.215,-0.728
0.038,-1.955
-0.003,-1.827
-0.451,-1.795
-1.021,-1.623
-1.301,-1.894
-1.427,-1.719
-1.53,-1.75
-2.051,-1.962
-2.024,-1.843
-2.056,-2.124
-2.157,-1.99
-2.177,-1.989
2.804,-1.805
1.886,-1.989
1.298,-1.733
1.055,-2.116
0.851,-1.837
0.638,-1.96
0.62,-1.788
0.401,-1.693
0.418,-1.851
0.338,-1.824
0.194,2.589
-0.03,2.533
-0.379,2.548
-0.287,2.637
-0.619,2.489
-0.731,2.596
-0.772,2.624
-0.862,2.276
-1.828,2.413
-2.114,2.562
-2.156,2.665
-2.346,2.36
-2.754,2.506
-2.642,2.378
3.081,2.661
2.171,2.405
1.638,2.533
0.9,2.685
0.779,2.34
0.655,2.599
-0.667,1.454
-0.79,-0.147
-1.851,1.513
2.673,0.491
2.288,-0.177
0.907,-0.166
-0.586,1.256
-1.85,0.562
-2.351,-0.293
-2.829,0.558
2.461,0.562
2.281,0.558
2.143,1.294
0.943,1.974
0.696,1.275
3.01,-0.714
1.004,-0.936
0.23,0.71
3.059,-1.937
1.951,-1.373
0.84,-1.336
2.595,-2.103
2.622,-1.487
0.039,-0.012
0.019,1.111
0.003,2.502
-0.143,1.451
-0.196,0.809
-0.334,-0.38
-0.374,0.912
-0.52,0.785
-0.664,2.719
-0.623,2.178
-0.739,2.479
-0.682,1.983
-0.718,0.44
-0.701,-0.452
-0.835,2.894
-0.866,2.169
-0.818,1.374
-0.884,2.891
-0.903,0.659
-0.902,-0.434
-1.009,1.142
-0.938,0.443
-1.052,0.592
-1.033,2.261
-1.046,1.214
-1.102,2.45
-1.139,0.561
-1.099,1.773
-1.246,2.698
-1.329,0.234
-1.338,2.409
-1.304,-0.828
-1.398,0.658
-1.425,2.784
-1.442,-0.413
-1.431,0.15
-1.441,2.521
-1.447,0.136
-1.472,-0.675
-1.584,-0.408
-1.542,1.484
-1.604,2.63
-1.621,-0.602
-1.675,1.693
-1.706,0.384
-1.721,1.661
-1.651,0.507
-1.667,0.135
-1.753,1.098
-1.734,0.704
-1.821,2.719
-1.871,0.728
-1.825,2.238
-1.899,0.378
-1.848,0.528
-1.921,1.099
-1.902,2.98
-2.012,1.186
-2.019,0.58
-2.057,0.354
-2.125,0.262
-2.08,-0.259
-2.241,0.754
-2.255,0.979
-2.203,0.955
-2.305,1.768
-2.36,2.888
-2.411,0.718
-2.499,-0.638
-2.432,0.992
-2.564,-0.499
-2.513,2.614
-2.586,-0.271
-2.659,3.026
-2.669,2.896
-2.59,-0.095
-2.745,2.061
-2.823,-0.849
-2.77,0.51
-2.814,1.331
-2.802,-0.622
-2.804,0.41
-2.923,-0.035
-3.028,0.753
-3.084,0.035
-3.095,3.091
-3.101,2.782
3.014,3.047
3.081,1.669
3.081,0.266
2.967,-0.899
3.02,3.143
3.024,1.377
2.92,0.091
2.928,-0.785
2.903,0.933
2.952,2.303
2.91,-0.524
2.877,-0.131
2.784,0.194
2.84,3.044
2.844,2.913
2.798,3.014
2.716,0.021
2.765,1.779
2.634,1.027
2.631,0.514
2.654,2.614
2.513,2.646
2.494,1.289
2.496,-0.196
2.541,0.762
2.537,1.079
2.492,0.3
2.517,-0.774
2.465,2.638
2.519,2.651
2.479,1.089
2.413,1.207
2.451,2.049
2.467,1.806
2.293,1.09
2.356,0.705
2.332,-0.794
2.23,0.117
2.205,1.749
2.184,2.702
2.083,-0.562
2.107,1.023
2.078,-0.386
2.0,0.074
1.982,-0.912
1.922,0.669
1.986,2.349
1.981,2.611
1.911,0.996
1.884,-0.14
1.935,-0.842
1.789,1.383
1.726,2.896
1.713,-0.775
1.779,2.025
1.742,2.125
1.643,-0.526
1.596,1.088
1.56,2.261
1.482,0.205
1.419,1.574
1.415,1.862
1.19,1.433
1.208,0.161
1.154,-0.031
1.213,2.158
1.042,-0.852
0.968,0.308
0.828,-0.326
0.896,1.029
0.777,0.116
0.761,0.219
0.639,1.628
0.694,2.922
0.664,-0.043
0.641,0.56
0.514,1.675
0.594,-0.769
0.574,2.179
0.475,0.428
0.427,1.616
0.39,0.117
0.434,1.949
0.354,1.317
0.355,2.3
0.402,0.241
0.358,-0.585
-0.343,-0.953
-1.637,-1.241
-1.651,-0.981
-1.753,-0.916
-2.327,-0.998
-2.345,-1.146
-2.471,-1.348
-2.644,-1.354
-2.754,-1.177
-3.126,-0.948
3.006,-1.24
2.799,-1.071
2.788,-1.193
2.662,-1.222
2.585,-1.009
2.343,-1.183
2.227,-1.299
2.176,-1.149
1.448,-0.959
1.061,-0.97
0.977,-1.117
0.832,-0.93
0.782,-1.117
0.704,-1.208
0.67,-1.162
0.735,-0.999
0.351,-0.868
0.278,-1.194
0.009,3.359
-0.031,3.387
-0.671,3.378
-0.945,3.325
-1.331,3.469
-1.427,3.279
-1.662,3.098
-2.495,3.466
-2.484,3.473
-2.889,3.17
-2.823,3.354
-3.058,3.35
-3.087,3.49
2.914,3.197
2.192,3.335
2.184,3.494
1.688,3.341
1.342,3.171
1.083,3.264
0.357,3.552
0.348,3.23
0.213,2.823
0.034,-0.629
-1.566,2.689
-1.854,0.5
2.812,2.716
2.766,-0.07
0.76,1.939
-0.371,-1.078
-0.836,-1.176
1.343,-0.917
0.378,3.004
0.343,0.264
0.153,2.807
0.23,-0.317
0.195,0.622
-0.023,1.032
-0.013,1.567
-0.068,1.588
-0.196,2.967
-0.105,1.996
-0.225,2.658
-0.323,0.307
-0.19,1.734
-0.278,1.675
-0.534,1.795
-0.401,2.625
-0.571,1.139
-0.521,1.239
-0.51,0.748
-0.659,-0.67
-0.607,-0.003
-0.645,1.471
-0.639,1.17
-0.848,-0.828
-0.845,-0.689
-0.874,1.835
-0.876,0.955
-0.797,1.646
-1.389,0.194
-1.548,1.657
-1.412,1.474
-1.438,0.278
-1.596,-0.735
-1.659,-0.681
-1.662,2.936
-1.741,0.35
-1.805,1.819
-1.89,-0.577
-1.944,0.843
-1.825,1.258
-2.036,-0.038
-1.904,1.831
-1.963,0.832
-2.078,1.952
-2.133,-0.455
-2.346,-0.426
-2.378,0.442
-2.305,3.067
-2.474,0.366
-2.391,1.334
-2.727,1.844
-2.88,1.525
-2.828,-0.901
-2.833,2.618
-2.869,1.155
-3.018,0.297
-3.09,-0.77
-3.117,2.397
-2.991,2.157
-3.072,2.289
3.032,3.044
2.961,2.513
3.063,1.013
3.064,0.361
2.94,-0.724
2.842,-0.561
2.849,0.943
2.832,0.24
2.787,1.802
2.576,0.654
2.538,1.356
2.178,-0.165
2.147,-0.634
2.214,3.08
2.21,-0.406
1.902,0.279
1.746,1.892
1.669,-0.431
1.558,1.938
1.67,0.352
1.661,1.19
1.542,1.746
1.306,1.585
1.279,1.576
1.116,0.222
1.079,1.25
0.848,0.88
0.805,-0.609
0.713,0.733
0.591,1.515
0.536,0.512
0.602,0.339
0.454,2.268
0.509,0.298
0.308,0.025
0.131,-1.202
0.09,-1.074
-0.358,-1.042
-0.928,-0.87
-1.208,-1.141
-1.334,-0.966
-1.437,-0.997
-1.958,-1.209
-1.931,-1.09
-1.963,-1.371
-2.064,-1.237
-2.084,-1.236
2.897,-1.052
1.979,-1.236
1.391,-0.98
1.148,-1.363
0.944,-1.084
0.731,-1.207
0.713,-1.035
0.494,-0.94
0.511,-1.098
0.431,-1.071
0.287,3.342
0.063,3.286
-0.286,3.301
-0.194,3.39
-0.526,3.242
-0.638,3.349
-0.679,3.377
-0.769,3.029
-1.735,3.166
-2.021,3.315
-2.063,3.418
-2.253,3.113
-2.661,3.259
-2.549,3.131
-3.109,3.414
2.264,3.158
1.731,3.286
0.993,3.438
0.872,3.093
0.748,3.352
-0.574,2.207
-0.697,0.606
-1.758,2.266
2.766,1.244
2.381,0.576
1.0,0.587
-0.493,2.009
-1.757,1.315
-2.258,0.46
-2.736,1.311
2.554,1.315
2.374,1.311
2.236,2.047
1.036,2.727
0.789,2.028
3.103,0.039
1.097,-0.183
0.323,1.463
-3.131,-1.184
2.044,-0.62
0.933,-0.583
2.688,-1.35
2.715,-0.734
-0.02,1.123
-0.036,2.514
-0.182,1.463
-0.235,0.821
-0.373,-0.368
-0.413,0.924
-0.559,0.797
-0.703,2.731
-0.662,2.19
-0.778,2.491
-0.721,1.995
-0.757,0.452
-0.74,-0.44
-0.874,2.906
-0.905,2.181
-0.857,1.386
-0.923,2.903
-0.942,0.671
-0.941,-0.422
-1.048,1.154
-0.977,0.455
-1.091,0.604
-1.072,2.273
-1.085,1.226
-1.141,2.462
-1.178,0.573
-1.138,1.785
-1.285,2.71
-1.368,0.246
-1.377,2.421
-1.343,-0.816
-1.437,0.67
-1.464,2.796
-1.481,-0.401
-1.47,0.162
-1.48,2.533
-1.486,0.148
-1.511,-0.663
-1.623,-0.396
-1.581,1.496
-1.643,2.642
-1.66,-0.59
-1.714,1.705
-1.745,0.396
-1.76,1.673
-1.69,0.519
-1.706,0.147
-1.792,1.11
-1.773,0.716
-1.86,2.731
-1.91,0.74
-1.864,2.25
-1.938,0.39
-1.887,0.54
-1.96,1.111
-1.941,2.992
-2.051,1.198
-2.058,0.592
-2.096,0.366
-2.164,0.274
-2.119,-0.247
-2.28,0.766
-2.294,0.991
-2.242,0.967
-2.344,1.78
-2.399,2.9
-2.45,0.73
-2.538,-0.626
-2.471,1.004
-2.603,-0.487
-2.552,2.626
-2.625,-0.259
-2.698,3.038
-2.708,2.908
-2.629,-0.083
-2.784,2.073
-2.862,-0.837
-2.809,0.522
-2.853,1.343
-2.841,-0.61
-2.843,0.422
-2.962,-0.023
-3.067,0.765
-3.123,0.047
-3.134,3.103
-3.14,2.794
2.975,3.059
3.042,1.681
3.042,0.278
2.928,-0.887
2.981,3.155
2.985,1.389
2.881,0.103
2.889,-0.773
2.864,0.945
2.913,2.315
2.871,-0.512
2.838,-0.119
2.745,0.206
2.801,3.056
2.805,2.925
2.759,3.026
2.677,0.033
2.726,1.791
2.595,1.039
2.592,0.526
2.615,2.626
2.474,2.658
2.455,1.301
2.457,-0.184
2.502,0.774
2.498,1.091
2.453,0.312
2.478,-0.762
2.426,2.65
2.48,2.663
2.44,1.101
2.374,1.219
2.412,2.061
2.428,1.818
2.254,1.102
2.317,0.717
2.293,-0.782
2.191,0.129
2.166,1.761
2.145,2.714
2.044,-0.55
2.068,1.035
2.039,-0.374
1.961,0.086
1.943,-0.9
1.883,0.681
1.947,2.361
1.942,2.623
1.872,1.008
1.845,-0.128
1.896,-0.83
1.75,1.395
1.687,2.908
1.674,-0.763
1.74,2.037
1.703,2.137
1.604,-0.514
1.557,1.1
1.521,2.273
1.443,0.217
1.38,1.586
1.376,1.874
1.151,1.445
1.169,0.173
1.115,-0.019
1.174,2.17
1.003,-0.84
0.929,0.32
0.789,-0.314
0.857,1.041
0.738,0.128
0.722,0.231
0.6,1.64
0.655,2.934
0.625,-0.031
0.602,0.572
0.475,1.687
0.555,-0.757
0.535,2.191
0.436,0.44
0.388,1.628
0.351,0.129
0.395,1.961
0.315,1.329
0.316,2.312
0.363,0.253
0.319,-0.573
-0.382,-0.941
-1.676,-1.229
-1.69,-0.969
-1.792,-0.904
-2.366,-0.986
-2.384,-1.134
-2.51,-1.336
-2.683,-1.342
-2.793,-1.165
3.118,-0.936
2.967,-1.228
2.76,-1.059
2.749,-1.181
2.623,-1.21
2.546,-0.997
2.304,-1.171
2.188,-1.287
2.137,-1.137
1.409,-0.947
1.022,-0.958
0.938,-1.105
0.793,-0.918
0.743,-1.105
0.665,-1.196
0.631,-1.15
0.696,-0.987
0.312,-0.856
0.239,-1.182
-0.03,3.371
-0.07,3.399
-0.71,3.39
-0.984,3.337
-1.37,3.481
-1.466,3.291
-1.701,3.11
-2.534,3.478
-2.523,3.485
-2.928,3.182
-2.862,3.366
-3.097,3.362
-3.126,3.502
2.875,3.209
2.153,3.347
2.145,3.506
1.649,3.353
1.303,3.183
1.044,3.276
0.318,3.564
0.309,3.242
0.174,2.835
-0.005,-0.617
-1.605,2.701
-1.893,0.512
2.773,2.728
2.727,-0.058
0.721,1.951
-0.41,-1.066
-0.875,-1.164
1.304,-0.905
0.339,3.016
0.304,0.276
0.114,2.819
0.191,-0.305
0.156,0.634
-0.062,1.044
-0.052,1.579
-0.107,1.6
-0.235,2.979
-0.144,2.008
-0.264,2.67
-0.362,0.319
-0.229,1.746
-0.317,1.687
-0.573,1.807
-0.44,2.637
-0.61,1.151
-0.56,1.251
-0.549,0.76
-0.698,-0.658
-0.646,0.009
-0.684,1.483
-0.678,1.182
-0.887,-0.816
-0.884,-0.677
-0.913,1.847
-0.915,0.967
-0.836,1.658
-1.428,0.206
-1.587,1.669
-1.451,1.486
-1.477,0.29
-1.635,-0.723
-1.698,-0.669
-1.701,2.948
-1.78,0.362
-1.844,1.831
-1.929,-0.565
-1.983,0.855
-1.864,1.27
-2.075,-0.026
-1.943,1.843
-2.002,0.844
-2.117,1.964
-2.172,-0.443
-2.385,-0.414
-2.417,0.454
-2.344,3.079
-2.513,0.378
-2.43,1.346
-2.766,1.856
-2.919,1.537
-2.867,-0.889
-2.872,2.63
-2.908,1.167
-3.057,0.309
-3.129,-0.758
3.127,2.409
-3.03,2.169
-3.111,2.301
2.993,3.056
2.922,2.525
3.024,1.025
3.025,0.373
2.901,-0.712
2.803,-0.549
2.81,0.955
2.793,0.252
2.748,1.814
2.537,0.666
2.499,1.368
2.139,-0.153
2.108,-0.622
2.175,3.092
2.171,-0.394
1.863,0.291
1.707,1.904
1.63,-0.419
1.519,1.95
1.631,0.364
1.622,1.202
1.503,1.758
1.267,1.597
1.24,1.588
1.077,0.234
1.04,1.262
0.809,0.892
0.766,-0.597
0.674,0.745
0.552,1.527
0.497,0.524
0.563,0.351
0.415,2.28
0.47,0.31
0.269,0.037
0.092,-1.19
0.051,-1.062
-0.397,-1.03
-0.967,-0.858
-1.247,-1.129
-1.373,-0.954
-1.476,-0.985
-1.997,-1.197
-1.97,-1.078
-2.002,-1.359
-2.103,-1.225
-2.123,-1.224
2.858,-1.04
1.94,-1.224
1.352,-0.968
1.109,-1.351
0.905,-1.072
0.692,-1.195
0.674,-1.023
0.455,-0.928
0.472,-1.086
0.392,-1.059
0.248,3.354
0.024,3.298
-0.325,3.313
-0.233,3.402
-0.565,3.254
-0.677,3.361
-0.718,3.389
-0.808,3.041
-1.774,3.178
-2.06,3.327
-2.102,3.43
-2.292,3.125
-2.7,3.271
-2.588,3.143
3.135,3.426
2.225,3.17
1.692,3.298
0.954,3.45
0.833,3.105
0.709,3.364
-0.613,2.219
-0.736,0.618
-1.797,2.278
2.727,1.256
2.342,0.588
0.961,0.599
-0.532,2.021
-1.796,1.327
-2.297,0.472
-2.775,1.323
2.515,1.327
2.335,1.323
2.197,2.059
0.997,2.739
0.75,2.04
3.064,0.051
1.058,-0.171
0.284,1.475
3.113,-1.172
2.005,-0.608
0.894,-0.571
2.649,-1.338
2.676,-0.722
-0.016,1.391
-0.162,0.34
-0.215,-0.302
-0.353,-1.491
-0.393,-0.199
-0.539,-0.326
-0.683,1.608
-0.642,1.067
-0.758,1.368
-0.701,0.872
-0.737,-0.671
-0.72,-1.563
-0.854,1.783
-0.885,1.058
-0.837,0.263
-0.903,1.78
-0.922,-0.452
-0.921,-1.545
-1.028,0.031
-0.957,-0.668
-1.071,-0.519
-1.052,1.15
-1.065,0.103
-1.121,1.339
-1.158,-0.55
-1.118,0.662
-1.265,1.587
-1.348,-0.877
-1.357,1.298
-1.323,-1.939
-1.417,-0.453
-1.444,1.673
-1.461,-1.524
-1.45,-0.961
-1.46,1.41
-1.466,-0.975
-1.491,-1.786
-1.603,-1.519
-1.561,0.373
-1.623,1.519
-1.64,-1.713
-1.694,0.582
-1.725,-0.727
-1.74,0.55
-1.67,-0.604
-1.686,-0.976
-1.772,-0.013
-1.753,-0.407
-1.84,1.608
-1.89,-0.383
-1.844,1.127
-1.918,-0.733
-1.867,-0.583
-1.94,-0.012
-1.921,1.869
-2.031,0.075
-2.038,-0.531
-2.076,-0.757
-2.144,-0.849
-2.099,-1.37
-2.26,-0.357
-2.274,-0.132
-2.222,-0.156
-2.324,0.657
-2.379,1.777
-2.43,-0.393
-2.518,-1.749
-2.451,-0.119
-2.583,-1.61
-2.532,1.503
-2.605,-1.382
-2.678,1.915
-2.688,1.785
-2.609,-1.206
-2.764,0.95
-2.842,-1.96
-2.789,-0.601
-2.833,0.22
-2.821,-1.733
-2.823,-0.701
-2.942,-1.146
-3.047,-0.358
-3.103,-1.076
-3.114,1.98
-3.12,1.671
2.995,1.936
3.062,0.558
3.062,-0.845
2.948,-2.01
3.001,2.032
3.005,0.266
2.901,-1.02
2.909,-1.896
2.884,-0.178
2.933,1.192
2.891,-1.635
2.858,-1.242
2.765,-0.917
2.821,1.933
2.825,1.802
2.779,1.903
2.697,-1.09
2.746,0.668
2.615,-0.084
2.612,-0.597
2.635,1.503
2.494,1.535
2.475,0.178
2.477,-1.307
2.522,-0.349
2.518,-0.032
2.473,-0.811
2.498,-1.885
2.446,1.527
2.5,1.54
2.46,-0.022
2.394,0.096
2.432,0.938
2.448,0.695
2.274,-0.021
2.337,-0.406
2.313,-1.905
2.211,-0.994
2.186,0.638
2.165,1.591
2.064,-1.673
2.088,-0.088
2.059,-1.497
1.981,-1.037
1.963,-2.023
1.903,-0.442
1.967,1.238
1.962,1.5
1.892,-0.115
1.865,-1.251
1.916,-1.953
1.77,0.272
1.707,1.785
1.694,-1.886
1.76,0.914
1.723,1.014
1.624,-1.637
1.577,-0.023
1.541,1.15
1.463,-0.906
1.4,0.463
1.396,0.751
1.171,0.322
1.189,-0.95
1.135,-1.142
1.194,1.047
1.023,-1.963
0.949,-0.803
0.809,-1.437
0.877,-0.082
0.758,-0.995
0.742,-0.892
0.62,0.517
0.675,1.811
0.645,-1.154
0.622,-0.551
0.495,0.564
0.575,-1.88
0.555,1.068
0.456,-0.683
0.408,0.505
0.371,-0.994
0.415,0.838
0.335,0.206
0.336,1.189
0.383,-0.87
0.339,-1.696
-0.362,-2.064
-1.656,-2.352
-1.67,-2.092
-1.772,-2.027
-2.346,-2.109
-2.364,-2.257
-2.49,-2.459
-2.663,-2.465
-2.773,-2.288
3.138,-2.059
2.987,-2.351
2.78,-2.182
2.769,-2.304
2.643,-2.333
2.566,-2.12
2.324,-2.294
2.208,-2.41
2.157,-2.26
1.429,-2.07
1.042,-2.081
0.958,-2.228
0.813,-2.041
0.763,-2.228
0.685,-2.319
0.651,-2.273
0.716,-2.11
0.332,-1.979
0.259,-2.305
-0.01,2.248
-0.05,2.276
-0.69,2.267
-0.964,2.214
-1.35,2.358
-1.446,2.168
-1.681,1.987
-2.514,2.355
-2.503,2.362
-2.908,2.059
-2.842,2.243
-3.077,2.239
-3.106,2.379
2.895,2.086
2.173,2.224
2.165,2.383
1.669,2.23
1.323,2.06
1.064,2.153
0.338,2.441
0.329,2.119
0.194,1.712
0.015,-1.74
-1.585,1.578
-1.873,-0.611
2.793,1.605
2.747,-1.181
0.741,0.828
-0.39,-2.189
-0.855,-2.287
1.324,-2.028
0.359,1.893
0.324,-0.847
0.134,1.696
0.211,-1.428
0.176,-0.489
-0.042,-0.079
-0.032,0.456
-0.087,0.477
-0.215,1.856
-0.124,0.885
-0.244,1.547
-0.342,-0.804
-0.209,0.623
-0.297,0.564
-0.553,0.684
-0.42,1.514
-0.59,0.028
-0.54,0.128
-0.529,-0.363
-0.678,-1.781
-0.626,-1.114
-0.664,0.36
-0.658,0.059
-0.867,-1.939
-0.864,-1.8
-0.893,0.724
-0.895,-0.156
-0.816,0.535
-1.408,-0.917
-1.567,0.546
-1.431,0.363
-1.457,-0.833
-1.615,-1.846
-1.678,-1.792
-1.681,1.825
-1.76,-0.761
-1.824,0.708
-1.909,-1.688
-1.963,-0.268
-1.844,0.147
-2.055,-1.149
-1.923,0.72
-1.982,-0.279
-2.097,0.841
-2.152,-1.566
-2.365,-1.537
-2.397,-0.669
-2.324,1.956
-2.493,-0.745
-2.41,0.223
-2.746,0.733
-2.899,0.414
-2.847,-2.012
-2.852,1.507
-2.888,0.044
-3.037,-0.814
-3.109,-1.881
-3.136,1.286
-3.01,1.046
-3.091,1.178
3.013,1.933
2.942,1.402
3.044,-0.098
3.045,-0.75
2.921,-1.835
2.823,-1.672
2.83,-0.168
2.813,-0.871
2.768,0.691
2.557,-0.457
2.519,0.245
2.159,-1.276
2.128,-1.745
2.195,1.969
2.191,-1.517
1.883,-0.832
1.727,0.781
1.65,-1.542
1.539,0.827
1.651,-0.759
1.642,0.079
1.523,0.635
1.287,0.474
1.26,0.465
1.097,-0.889
1.06,0.139
0.829,-0.231
0.786,-1.72
0.694,-0.378
0.572,0.404
0.517,-0.599
0.583,-0.772
0.435,1.157
0.49,-0.813
0.289,-1.086
0.112,-2.313
0.071,-2.185
-0.377,-2.153
-0.947,-1.981
-1.227,-2.252
-1.353,-2.077
-1.456,-2.108
-1.977,-2.32
-1.95,-2.201
-1.982,-2.482
-2.083,-2.348
-2.103,-2.347
2.878,-2.163
1.96,-2.347
1.372,-2.091
1.129,-2.474
0.925,-2.195
0.712,-2.318
0.694,-2.146
0.475,-2.051
0.492,-2.209
0.412,-2.182
0.268,2.231
0.044,2.175
-0.305,2.19
-0.213,2.279
-0.545,2.131
-0.657,2.238
-0.698,2.266
-0.788,1.918
-1.754,2.055
-2.04,2.204
-2.082,2.307
-2.272,2.002
-2.68,2.148
-2.568,2.02
-3.128,2.303
2.245,2.047
1.712,2.175
0.974,2.327
0.853,1.982
0.729,2.241
-0.593,1.096
-0.716,-0.505
-1.777,1.155
2.747,0.133
2.362,-0.535
0.981,-0.524
-0.512,0.898
-1.776,0.204
-2.277,-0.651
-2.755,0.2
2.535,0.204
2.355,0.2
2.217,0.936
1.017,1.616
0.77,0.917
3.084,-1.072
1.078,-1.294
0.304,0.352
3.133,-2.295
2.025,-1.731
0.914,-1.694
2.669,-2.461
2.696,-1.845
-0.146,-1.051
-0.199,-1.693
-0.337,-2.882
-0.377,-1.59
-0.523,-1.717
-0.667,0.217
-0.626,-0.324
-0.742,-0.023
-0.685,-0.519
-0.721,-2.062
-0.704,-2.954
-0.838,0.392
-0.869,-0.333
-0.821,-1.128
-0.887,0.389
-0.906,-1.843
-0.905,-2.936
-1.012,-1.36
-0.941,-2.059
-1.055,-1.91
-1.036,-0.241
-1.049,-1.288
-1.105,-0.052
-1.142,-1.941
-1.102,-0.729
-1.249,0.196
-1.332,-2.268
-1.341,-0.093
-1.307,-3.33
-1.401,-1.844
-1.428,0.282
-1.445,-2.915
-1.434,-2.352
-1.444,0.019
-1.45,-2.366
-1.475,-3.177
-1.587,-2.91
-1.545,-1.018
-1.607,0.128
-1.624,-3.104
-1.678,-0.809
-1.709,-2.118
-1.724,-0.841
-1.654,-1.995
-1.67,-2.367
-1.756,-1.404
-1.737,-1.798
-1.824,0.217
-1.874,-1.774
-1.828,-0.264
-1.902,-2.124
-1.851,-1.974
-1.924,-1.403
-1.905,0.478
-2.015,-1.316
-2.022,-1.922
-2.06,-2.148
-2.128,-2.24
-2.083,-2.761
-2.244,-1.748
-2.258,-1.523
-2.206,-1.547
-2.308,-0.734
-2.363,0.386
-2.414,-1.784
-2.502,-3.14
-2.435,-1.51
-2.567,-3.001
-2.516,0.112
-2.589,-2.773
-2.662,0.524
-2.672,0.394
-2.593,-2.597
-2.748,-0.441
-2.826,-3.351
-2.773,-1.992
-2.817,-1.171
-2.805,-3.124
-2.807,-2.092
-2.926,-2.537
-3.031,-1.749
-3.087,-2.467
-3.098,0.589
-3.104,0.28
3.011,0.545
3.078,-0.833
3.078,-2.236
2.964,-3.401
3.017,0.641
3.021,-1.125
2.917,-2.411
2.925,-3.287
2.9,-1.569
2.949,-0.199
2.907,-3.026
2.874,-2.633
2.781,-2.308
2.837,0.542
2.841,0.411
2.795,0.512
2.713,-2.481
2.762,-0.723
2.631,-1.475
2.628,-1.988
2.651,0.112
2.51,0.144
2.491,-1.213
2.493,-2.698
2.538,-1.74
2.534,-1.423
2.489,-2.202
2.514,-3.276
2.462,0.136
2.516,0.149
2.476,-1.413
2.41,-1.295
2.448,-0.453
2.464,-0.696
2.29,-1.412
2.353,-1.797
2.329,-3.296
2.227,-2.385
2.202,-0.753
2.181,0.2
2.08,-3.064
2.104,-1.479
2.075,-2.888
1.997,-2.428
1.979,-3.414
1.919,-1.833
1.983,-0.153
1.978,0.109
1.908,-1.506
1.881,-2.642
1.932,-3.344
1.786,-1.119
1.723,0.394
1.71,-3.277
1.776,-0.477
1.739,-0.377
1.64,-3.028
1.593,-1.414
1.557,-0.241
1.479,-2.297
1.416,-0.928
1.412,-0.64
1.187,-1.069
1.205,-2.341
1.151,-2.533
1.21,-0.344
1.039,-3.354
0.965,-2.194
0.825,-2.828
0.893,-1.473
0.774,-2.386
0.758,-2.283
0.636,-0.874
0.691,0.42
0.661,-2.545
0.638,-1.942
0.511,-0.827
0.591,-3.271
0.571,-0.323
0.472,-2.074
0.424,-0.886
0.387,-2.385
0.431,-0.553
0.351,-1.185
0.352,-0.202
0.399,-2.261
0.355,-3.087
-0.346,-3.455
-1.64,-3.743
-1.654,-3.483
-1.756,-3.418
-2.33,-3.5
-2.348,-3.648
-2.474,-3.85
-2.647,-3.856
-2.757,-3.679
-3.129,-3.45
3.003,-3.742
2.796,-3.573
2.785,-3.695
2.659,-3.724
2.582,-3.511
2.34,-3.685
2.224,-3.801
2.173,-3.651
1.445,-3.461
1.058,-3.472
0.974,-3.619
0.829,-3.432
0.779,-3.619
0.701,-3.71
0.667,-3.664
0.732,-3.501
0.348,-3.37
0.275,-3.696
0.006,0.857
-0.034,0.885
-0.674,0.876
-0.948,0.823
-1.334,0.967
-1.43,0.777
-1.665,0.596
-2.498,0.964
-2.487,0.971
-2.892,0.668
-2.826,0.852
-3.061,0.848
-3.09,0.988
2.911,0.695
2.189,0.833
2.181,0.992
1.685,0.839
1.339,0.669
1.08,0.762
0.354,1.05
0.345,0.728
0.21,0.321
0.031,-3.131
-1.569,0.187
-1.857,-2.002
2.809,0.214
2.763,-2.572
0.757,-0.563
-0.374,-3.58
-0.839,-3.678
1.34,-3.419
0.375,0.502
0.34,-2.238
0.15,0.305
0.227,-2.819
0.192,-1.88
-0.026,-1.47
-0.016,-0.935
-0.071,-0.914
-0.199,0.465
-0.108,-0.506
-0.228,0.156
-0.326,-2.195
-0.193,-0.768
-0.281,-0.827
-0.537,-0.707
-0.404,0.123
-0.574,-1.363
-0.524,-1.263
-0.513,-1.754
-0.662,-3.172
-0.61,-2.505
-0.648,-1.031
-0.642,-1.332
-0.851,-3.33
-0.848,-3.191
-0.877,-0.667
-0.879,-1.547
-0.8,-0.856
-1.392,-2.308
-1.551,-0.845
-1.415,-1.028
-1.441,-2.224
-1.599,-3.237
-1.662,-3.183
-1.665,0.434
-1.744,-2.152
-1.808,-0.683
-1.893,-3.079
-1.947,-1.659
-1.828,-1.244
-2.039,-2.54
-1.907,-0.671
-1.966,-1.67
-2.081,-0.55
-2.136,-2.957
-2.349,-2.928
-2.381,-2.06
-2.308,0.565
-2.477,-2.136
-2.394,-1.168
-2.73,-0.658
-2.883,-0.977
-2.831,-3.403
-2.836,0.116
-2.872,-1.347
-3.021,-2.205
-3.093,-3.272
-3.12,-0.105
-2.994,-0.345
-3.075,-0.213
3.029,0.542
2.958,0.011
3.06,-1.489
3.061,-2.141
2.937,-3.226
2.839,-3.063
2.846,-1.559
2.829,-2.262
2.784,-0.7
2.573,-1.848
2.535,-1.146
2.175,-2.667
2.144,-3.136
2.211,0.578
2.207,-2.908
1.899,-2.223
1.743,-0.61
1.666,-2.933
1.555,-0.564
1.667,-2.15
1.658,-1.312
1.539,-0.756
1.303,-0.917
1.276,-0.926
1.113,-2.28
1.076,-1.252
0.845,-1.622
0.802,-3.111
0.71,-1.769
0.588,-0.987
0.533,-1.99
0.599,-2.163
0.451,-0.234
0.506,-2.204
0.305,-2.477
0.128,-3.704
0.087,-3.576
-0.361,-3.544
-0.931,-3.372
-1.211,-3.643
-1.337,-3.468
-1.44,-3.499
-1.961,-3.711
-1.934,-3.592
-1.966,-3.873
-2.067,-3.739
-2.087,-3.738
2.894,-3.554
1.976,-3.738
1.388,-3.482
1.145,-3.865
0.941,-3.586
0.728,-3.709
0.71,-3.537
0.491,-3.442
0.508,-3.6
0.428,-3.573
0.284,0.84
0.06,0.784
-0.289,0.799
-0.197,0.888
-0.529,0.74
-0.641,0.847
-0.682,0.875
-0.772,0.527
-1.738,0.664
-2.024,0.813
-2.066,0.916
-2.256,0.611
-2.664,0.757
-2.552,0.629
-3.112,0.912
2.261,0.656
1.728,0.784
0.99,0.936
0.869,0.591
0.745,0.85
-0.577,-0.295
-0.7,-1.896
-1.761,-0.236
2.763,-1.258
2.378,-1.926
0.997,-1.915
-0.496,-0.493
-1.76,-1.187
-2.261,-2.042
-2.739,-1.191
2.551,-1.187
2.371,-1.191
2.233,-0.455
1.033,0.225
0.786,-0.474
3.1,-2.463
1.094,-2.685
0.32,-1.039
-3.134,-3.686
2.041,-3.122
0.93,-3.085
2.685,-3.852
2.712,-3.236
-0.053,-0.642
-0.191,-1.831
-0.231,-0.539
-0.377,-0.666
-0.521,1.268
-0.48,0.727
-0.596,1.028
-0.539,0.532
-0.575,-1.011
-0.558,-1.903
-0.692,1.443
-0.723,0.718
-0.675,-0.077
-0.741,1.44
-0.76,-0.792
-0.759,-1.885
-0.866,-0.309
-0.795,-1.008
-0.909,-0.859
-0.89,0.81
-0.903,-0.237
-0.959,0.999
-0.996,-0.89
-0.956,0.322
-1.103,1.247
-1.186,-1.217
-1.195,0.958
-1.161,-2.279
-1.255,-0.793
-1.282,1.333
-1.299,-1.864
-1.288,-1.301
-1.298,1.07
-1.304,-1.315
-1.329,-2.126
-1.441,-1.859
-1.399,0.033
-1.461,1.179
-1.478,-2.053
-1.532,0.242
-1.563,-1.067
-1.578,0.21
-1.508,-0.944
-1.524,-1.316
-1.61,-0.353
-1.591,-0.747
-1.678,1.268
-1.728,-0.723
-1.682,0.787
-1.756,-1.073
-1.705,-0.923
-1.778,-0.352
-1.759,1.529
-1.869,-0.265
-1.876,-0.871
-1.914,-1.097
-1.982,-1.189
-1.937,-1.71
-2.098,-0.697
-2.112,-0.472
-2.06,-0.496
-2.162,0.317
-2.217,1.437
-2.268,-0.733
-2.356,-2.089
-2.289,-0.459
-2.421,-1.95
-2.37,1.163
-2.443,-1.722
-2.516,1.575
-2.526,1.445
-2.447,-1.546
-2.602,0.61
-2.68,-2.3
-2.627,-0.941
-2.671,-0.12
-2.659,-2.073
-2.661,-1.041
-2.78,-1.486
-2.885,-0.698
-2.941,-1.416
-2.952,1.64
-2.958,1.331
-3.126,1.596
-3.059,0.218
-3.059,-1.185
3.11,-2.35
-3.12,1.692
-3.116,-0.074
3.063,-1.36
3.071,-2.236
3.046,-0.518
3.095,0.852
3.053,-1.975
3.02,-1.582
2.927,-1.257
2.983,1.593
2.987,1.462
2.941,1.563
2.859,-1.43
2.908,0.328
2.777,-0.424
2.774,-0.937
2.797,1.163
2.656,1.195
2.637,-0.162
2.639,-1.647
2.684,-0.689
2.68,-0.372
2.635,-1.151
2.66,-2.225
2.608,1.187
2.662,1.2
2.622,-0.362
2.556,-0.244
2.594,0.598
2.61,0.355
2.436,-0.361
2.499,-0.746
2.475,-2.245
2.373,-1.334
2.348,0.298
2.327,1.251
2.226,-2.013
2.25,-0.428
2.221,-1.837
2.143,-1.377
2.125,-2.363
2.065,-0.782
2.129,0.898
2.124,1.16
2.054,-0.455
2.027,-1.591
2.078,-2.293
1.932,-0.068
1.869,1.445
1.856,-2.226
1.922,0.574
1.885,0.674
1.786,-1.977
1.739,-0.363
1.703,0.81
1.625,-1.246
1.562,0.123
1.558,0.411
1.333,-0.018
1.351,-1.29
1.297,-1.482
1.356,0.707
1.185,-2.303
1.111,-1.143
0.971,-1.777
1.039,-0.422
0.92,-1.335
0.904,-1.232
0.782,0.177
0.837,1.471
0.807,-1.494
0.784,-0.891
0.657,0.224
0.737,-2.22
0.717,0.728
0.618,-1.023
0.57,0.165
0.533,-1.334
0.577,0.498
0.497,-0.134
0.498,0.849
0.545,-1.21
0.501,-2.036
-0.2,-2.404
-1.494,-2.692
-1.508,-2.432
-1.61,-2.367
-2.184,-2.449
-2.202,-2.597
-2.328,-2.799
-2.501,-2.805
-2.611,-2.628
-2.983,-2.399
-3.134,-2.691
2.942,-2.522
2.931,-2.644
2.805,-2.673
2.728,-2.46
2.486,-2.634
2.37,-2.75
2.319,-2.6
1.591,-2.41
1.204,-2.421
1.12,-2.568
0.975,-2.381
0.925,-2.568
0.847,-2.659
0.813,-2.613
0.878,-2.45
0.494,-2.319
0.421,-2.645
0.152,1.908
0.112,1.936
-0.528,1.927
-0.802,1.874
-1.188,2.018
-1.284,1.828
-1.519,1.647
-2.352,2.015
-2.341,2.022
-2.746,1.719
-2.68,1.903
-2.915,1.899
-2.944,2.039
3.057,1.746
2.335,1.884
2.327,2.043
1.831,1.89
1.485,1.72
1.226,1.813
0.5,2.101
0.491,1.779
0.356,1.372
0.177,-2.08
-1.423,1.238
-1.711,-0.951
2.955,1.265
2.909,-1.521
0.903,0.488
-0.228,-2.529
-0.693,-2.627
1.486,-2.368
0.521,1.553
0.486,-1.187
0.296,1.356
0.373,-1.768
0.338,-0.829
0.12,-0.419
0.13,0.116
0.075,0.137
-0.053,1.516
0.038,0.545
-0.082,1.207
-0.18,-1.144
-0.047,0.283
-0.135,0.224
-0.391,0.344
-0.258,1.174
-0.428,-0.312
-0.378,-0.212
-0.367,-0.703
-0.516,-2.121
-0.464,-1.454
-0.502,0.02
-0.496,-0.281
-0.705,-2.279
-0.702,-2.14
-0.731,0.384
-0.733,-0.496
-0.654,0.195
-1.246,-1.257
-1.405,0.206
-1.269,0.023
-1.295,-1.173
-1.453,-2.186
-1.516,-2.132
-1.519,1.485
-1.598,-1.101
-1.662,0.368
-1.747,-2.028
-1.801,-0.608
-1.682,-0.193
-1.893,-1.489
-1.761,0.38
-1.82,-0.619
-1.935,0.501
-1.99,-1.906
-2.203,-1.877
-2.235,-1.009
-2.162,1.616
-2.331,-1.085
-2.248,-0.117
-2.584,0.393
-2.737,0.074
-2.685,-2.352
-2.69,1.167
-2.726,-0.296
-2.875,-1.154
-2.947,-2.221
-2.974,0.946
-2.848,0.706
-2.929,0.838
-3.108,1.593
3.104,1.062
-3.077,-0.438
-3.076,-1.09
3.083,-2.175
2.985,-2.012
2.992,-0.508
2.975,-1.211
2.93,0.351
2.719,-0.797
2.681,-0.095
2.321,-1.616
2.29,-2.085
2.357,1.629
2.353,-1.857
2.045,-1.172
1.889,0.441
1.812,-1.882
1.701,0.487
1.813,-1.099
1.804,-0.261
1.685,0.295
1.449,0.134
1.422,0.125
1.259,-1.229
1.222,-0.201
0.991,-0.571
0.948,-2.06
0.856,-0.718
0.734,0.064
0.679,-0.939
0.745,-1.112
0.597,0.817
0.652,-1.153
0.451,-1.426
0.274,-2.653
0.233,-2.525
-0.215,-2.493
-0.785,-2.321
-1.065,-2.592
-1.191,-2.417
-1.294,-2.448
-1.815,-2.66
-1.788,-2.541
-1.82,-2.822
-1.921,-2.688
-1.941,-2.687
3.04,-2.503
2.122,-2.687
1.534,-2.431
1.291,-2.814
1.087,-2.535
0.874,-2.658
0.856,-2.486
0.637,-2.391
0.654,-2.549
0.574,-2.522
0.43,1.891
0.206,1.835
-0.143,1.85
-0.051,1.939
-0.383,1.791
-0.495,1.898
-0.536,1.926
-0.626,1.578
-1.592,1.715
-1.878,1.864
-1.92,1.967
-2.11,1.662
-2.518,1.808
-2.406,1.68
-2.966,1.963
2.407,1.707
1.874,1.835
1.136,1.987
1.015,1.642
0.891,1.901
-0.431,0.756
-0.554,-0.845
-1.615,0.815
2.909,-0.207
2.524,-0.875
1.143,-0.864
-0.35,0.558
-1.614,-0.136
-2.115,-0.991
-2.593,-0.14
2.697,-0.136
2.517,-0.14
2.379,0.596
1.179,1.276
0.932,0.577
-3.037,-1.412
1.24,-1.634
0.466,0.012
-2.988,-2.635
2.187,-2.071
1.076,-2.034
2.831,-2.801
2.858,-2.185
-0.138,-1.189
-0.178,0.103
-0.324,-0.024
-0.468,1.91
-0.427,1.369
-0.543,1.67
-0.486,1.174
-0.522,-0.369
-0.505,-1.261
-0.639,2.085
-0.67,1.36
-0.622,0.565
-0.688,2.082
-0.707,-0.15
-0.706,-1.243
-0.813,0.333
-0.742,-0.366
-0.856,-0.217
-0.837,1.452
-0.85,0.405
-0.906,1.641
-0.943,-0.248
-0.903,0.964
-1.05,1.889
-1.133,-0.575
-1.142,1.6
-1.108,-1.637
-1.202,-0.151
-1.229,1.975
-1.246,-1.222
-1.235,-0.659
-1.245,1.712
-1.251,-0.673
-1.276,-1.484
-1.388,-1.217
-1.346,0.675
-1.408,1.821
-1.425,-1.411
-1.479,0.884
-1.51,-0.425
-1.525,0.852
-1.455,-0.302
-1.471,-0.674
-1.557,0.289
-1.538,-0.105
-1.625,1.91
-1.675,-0.081
-1.629,1.429
-1.703,-0.431
-1.652,-0.281
-1.725,0.29
-1.706,2.171
-1.816,0.377
-1.823,-0.229
-1.861,-0.455
-1.929,-0.547
-1.884,-1.068
-2.045,-0.055
-2.059,0.17
-2.007,0.146
-2.109,0.959
-2.164,2.079
-2.215,-0.091
-2.303,-1.447
-2.236,0.183
-2.368,-1.308
-2.317,1.805
-2.39,-1.08
-2.463,2.217
-2.473,2.087
-2.394,-0.904
-2.549,1.252
-2.627,-1.658
-2.574,-0.299
-2.618,0.522
-2.606,-1.431
-2.608,-0.399
-2.727,-0.844
-2.832,-0.056
-2.888,-0.774
-2.899,2.282
-2.905,1.973
-3.073,2.238
-3.006,0.86
-3.006,-0.543
-3.12,-1.708
-3.067,2.334
-3.063,0.568
3.116,-0.718
3.124,-1.594
3.099,0.124
-3.135,1.494
3.106,-1.333
3.073,-0.94
2.98,-0.615
3.036,2.235
3.04,2.104
2.994,2.205
2.912,-0.788
2.961,0.97
2.83,0.218
2.827,-0.295
2.85,1.805
2.709,1.837
2.69,0.48
2.692,-1.005
2.737,-0.047
2.733,0.27
2.688,-0.509
2.713,-1.583
2.661,1.829
2.715,1.842
2.675,0.28
2.609,0.398
2.647,1.24
2.663,0.997
2.489,0.281
2.552,-0.104
2.528,-1.603
2.426,-0.692
2.401,0.94
2.38,1.893
2.279,-1.371
2.303,0.214
2.274,-1.195
2.196,-0.735
2.178,-1.721
2.118,-0.14
2.182,1.54
2.177,1.802
2.107,0.187
2.08,-0.949
2.131,-1.651
1.985,0.574
1.922,2.087
1.909,-1.584
1.975,1.216
1.938,1.316
1.839,-1.335
1.792,0.279
1.756,1.452
1.678,-0.604
1.615,0.765
1.611,1.053
1.386,0.624
1.404,-0.648
1.35,-0.84
1.409,1.349
1.238,-1.661
1.164,-0.501
1.024,-1.135
1.092,0.22
0.973,-0.693
0.957,-0.59
0.835,0.819
0.89,2.113
0.86,-0.852
0.837,-0.249
0.71,0.866
0.79,-1.578
0.77,1.37
0.671,-0.381
0.623,0.807
0.586,-0.692
0.63,1.14
0.55,0.508
0.551,1.491
0.598,-0.568
0.554,-1.394
-0.147,-1.762
-1.441,-2.05
-1.455,-1.79
-1.557,-1.725
-2.131,-1.807
-2.149,-1.955
-2.275,-2.157
-2.448,-2.163
-2.558,-1.986
-2.93,-1.757
-3.081,-2.049
2.995,-1.88
2.984,-2.002
2.858,-2.031
2.781,-1.818
2.539,-1.992
2.423,-2.108
2.372,-1.958
1.644,-1.768
1.257,-1.779
1.173,-1.926
1.028,-1.739
0.978,-1.926
0.9,-2.017
0.866,-1.971
0.931,-1.808
0.547,-1.677
0.474,-2.003
0.205,2.55
0.165,2.578
-0.475,2.569
-0.749,2.516
-1.135,2.66
-1.231,2.47
-1.466,2.289
-2.299,2.657
-2.288,2.664
-2.693,2.361
-2.627,2.545
-2.862,2.541
-2.891,2.681
3.11,2.388
2.388,2.526
2.38,2.685
1.884,2.532
1.538,2.362
1.279,2.455
0.553,2.743
0.544,2.421
0.409,2.014
0.23,-1.438
-1.37,1.88
-1.658,-0.309
3.008,1.907
2.962,-0.879
0.956,1.13
-0.175,-1.887
-0.64,-1.985
1.539,-1.726
0.574,2.195
0.539,-0.545
0.349,1.998
0.426,-1.126
0.391,-0.187
0.173,0.223
0.183,0.758
0.128,0.779
0.0,2.158
0.091,1.187
-0.029,1.849
-0.127,-0.502
0.006,0.925
-0.082,0.866
-0.338,0.986
-0.205,1.816
-0.375,0.33
-0.325,0.43
-0.314,-0.061
-0.463,-1.479
-0.411,-0.812
-0.449,0.662
-0.443,0.361
-0.652,-1.637
-0.649,-1.498
-0.678,1.026
-0.68,0.146
-0.601,0.837
-1.193,-0.615
-1.352,0.848
-1.216,0.665
-1.242,-0.531
-1.4,-1.544
-1.463,-1.49
-1.466,2.127
-1.545,-0.459
-1.609,1.01
-1.694,-1.386
-1.748,0.034
-1.629,0.449
-1.84,-0.847
-1.708,1.022
-1.767,0.023
-1.882,1.143
-1.937,-1.264
-2.15,-1.235
-2.182,-0.367
-2.109,2.258
-2.278,-0.443
-2.195,0.525
-2.531,1.035
-2.684,0.716
-2.632,-1.71
-2.637,1.809
-2.673,0.346
-2.822,-0.512
-2.894,-1.579
-2.921,1.588
-2.795,1.348
-2.876,1.48
-3.055,2.235
-3.126,1.704
-3.024,0.204
-3.023,-0.448
3.136,-1.533
3.038,-1.37
3.045,0.134
3.028,-0.569
2.983,0.993
2.772,-0.155
2.734,0.547
2.374,-0.974
2.343,-1.443
2.41,2.271
2.406,-1.215
2.098,-0.53
1.942,1.083
1.865,-1.24
1.754,1.129
1.866,-0.457
1.857,0.381
1.738,0.937
1.502,0.776
1.475,0.767
1.312,-0.587
1.275,0.441
1.044,0.071
1.001,-1.418
0.909,-0.076
0.787,0.706
0.732,-0.297
0.798,-0.47
0.65,1.459
0.705,-0.511
0.504,-0.784
0.327,-2.011
0.286,-1.883
-0.162,-1.851
-0.732,-1.679
-1.012,-1.95
-1.138,-1.775
-1.241,-1.806
-1.762,-2.018
-1.735,-1.899
-1.767,-2.18
-1.868,-2.046
-1.888,-2.045
3.093,-1.861
2.175,-2.045
1.587,-1.789
1.344,-2.172
1.14,-1.893
0.927,-2.016
0.909,-1.844
0.69,-1.749
0.707,-1.907
0.627,-1.88
0.483,2.533
0.259,2.477
-0.09,2.492
0.002,2.581
-0.33,2.433
-0.442,2.54
-0.483,2.568
-0.573,2.22
-1.539,2.357
-1.825,2.506
-1.867,2.609
-2.057,2.304
-2.465,2.45
-2.353,2.322
-2.913,2.605
2.46,2.349
1.927,2.477
1.189,2.629
1.068,2.284
0.944,2.543
-0.378,1.398
-0.501,-0.203
-1.562,1.457
2.962,0.435
2.577,-0.233
1.196,-0.222
-0.297,1.2
-1.561,0.506
-2.062,-0.349
-2.54,0.502
2.75,0.506
2.57,0.502
2.432,1.238
1.232,1.918
0.985,1.219
-2.984,-0.77
1.293,-0.992
0.519,0.654
-2.935,-1.993
2.24,-1.429
1.129,-1.392
2.884,-2.159
2.911,-1.543
-0.04,1.292
-0.186,1.165
-0.33,3.099
-0.289,2.558
-0.405,2.859
-0.348,2.363
-0.384,0.82
-0.367,-0.072
-0.501,3.274
-0.532,2.549
-0.484,1.754
-0.55,3.271
-0.569,1.039
-0.568,-0.054
-0.675,1.522
-0.604,0.823
-0.718,0.972
-0.699,2.641
-0.712,1.594
-0.768,2.83
-0.805,0.941
-0.765,2.153
-0.912,3.078
-0.995,0.614
-1.004,2.789
-0.97,-0.448
-1.064,1.038
-1.091,3.164
-1.108,-0.033
-1.097,0.53
-1.107,2.901
-1.113,0.516
-1.138,-0.295
-1.25,-0.028
-1.208,1.864
-1.27,3.01
-1.287,-0.222
-1.341,2.073
-1.372,0.764
-1.387,2.041
-1.317,0.887
-1.333,0.515
-1.419,1.478
-1.4,1.084
-1.487,3.099
-1.537,1.108
-1.491,2.618
-1.565,0.758
-1.514,0.908
-1.587,1.479
-1.568,3.36
-1.678,1.566
-1.685,0.96
-1.723,0.734
-1.791,0.642
-1.746,0.121
-1.907,1.134
-1.921,1.359
-1.869,1.335
-1.971,2.148
-2.026,3.268
-2.077,1.098
-2.165,-0.258
-2.098,1.372
-2.23,-0.119
-2.179,2.994
-2.252,0.109
-2.325,3.406
-2.335,3.276
-2.256,0.285
-2.411,2.441
-2.489,-0.469
-2.436,0.89
-2.48,1.711
-2.468,-0.242
-2.47,0.79
-2.589,0.345
-2.694,1.133
-2.75,0.415
-2.761,3.471
-2.767,3.162
-2.935,3.427
-2.868,2.049
-2.868,0.646
-2.982,-0.519
-2.929,3.523
-2.925,1.757
-3.029,0.471
-3.021,-0.405
-3.046,1.313
-2.997,2.683
-3.039,-0.144
-3.072,0.249
3.118,0.574
-3.109,3.424
-3.105,3.293
3.132,3.394
3.05,0.401
3.099,2.159
2.968,1.407
2.965,0.894
2.988,2.994
2.847,3.026
2.828,1.669
2.83,0.184
2.875,1.142
2.871,1.459
2.826,0.68
2.851,-0.394
2.799,3.018
2.853,3.031
2.813,1.469
2.747,1.587
2.785,2.429
2.801,2.186
2.627,1.47
2.69,1.085
2.666,-0.414
2.564,0.497
2.539,2.129
2.518,3.082
2.417,-0.182
2.441,1.403
2.412,-0.006
2.334,0.454
2.316,-0.532
2.256,1.049
2.32,2.729
2.315,2.991
2.245,1.376
2.218,0.24
2.269,-0.462
2.123,1.763
2.06,3.276
2.047,-0.395
2.113,2.405
2.076,2.505
1.977,-0.146
1.93,1.468
1.894,2.641
1.816,0.585
1.753,1.954
1.749,2.242
1.524,1.813
1.542,0.541
1.488,0.349
1.547,2.538
1.376,-0.472
1.302,0.688
1.162,0.054
1.23,1.409
1.111,0.496
1.095,0.599
0.973,2.008
1.028,3.302
0.998,0.337
0.975,0.94
0.848,2.055
0.928,-0.389
0.908,2.559
0.809,0.808
0.761,1.996
0.724,0.497
0.768,2.329
0.688,1.697
0.689,2.68
0.736,0.621
0.692,-0.205
-0.009,-0.573
-1.303,-0.861
-1.317,-0.601
-1.419,-0.536
-1.993,-0.618
-2.011,-0.766
-2.137,-0.968
-2.31,-0.974
-2.42,-0.797
-2.792,-0.568
-2.943,-0.86
3.133,-0.691
3.122,-0.813
2.996,-0.842
2.919,-0.629
2.677,-0.803
2.561,-0.919
2.51,-0.769
1.782,-0.579
1.395,-0.59
1.311,-0.737
1.166,-0.55
1.116,-0.737
1.038,-0.828
1.004,-0.782
1.069,-0.619
0.685,-0.488
0.612,-0.814
0.343,3.739
0.303,3.767
-0.337,3.758
-0.611,3.705
-0.997,3.849
-1.093,3.659
-1.328,3.478
-2.161,3.846
-2.15,3.853
-2.555,3.55
-2.489,3.734
-2.724,3.73
-2.753,3.87
-3.035,3.577
2.526,3.715
2.518,3.874
2.022,3.721
1.676,3.551
1.417,3.644
0.691,3.932
0.682,3.61
0.547,3.203
0.368,-0.249
-1.232,3.069
-1.52,0.88
-3.137,3.096
3.1,0.31
1.094,2.319
-0.037,-0.698
-0.502,-0.796
1.677,-0.537
0.712,3.384
0.677,0.644
0.487,3.187
0.564,0.063
0.529,1.002
0.311,1.412
0.321,1.947
0.266,1.968
0.138,3.347
0.229,2.376
0.109,3.038
0.011,0.687
0.144,2.114
0.056,2.055
-0.2,2.175
-0.067,3.005
-0.237,1.519
-0.187,1.619
-0.176,1.128
-0.325,-0.29
-0.273,0.377
-0.311,1.851
-0.305,1.55
-0.514,-0.448
-0.511,-0.309
-0.54,2.215
-0.542,1.335
-0.463,2.026
-1.055,0.574
-1.214,2.037
-1.078,1.854
-1.104,0.658
-1.262,-0.355
-1.325,-0.301
-1.328,3.316
-1.407,0.73
-1.471,2.199
-1.556,-0.197
-1.61,1.223
-1.491,1.638
-1.702,0.342
-1.57,2.211
-1.629,1.212
-1.744,2.332
-1.799,-0.075
-2.012,-0.046
-2.044,0.822
-1.971,3.447
-2.14,0.746
-2.057,1.714
-2.393,2.224
-2.546,1.905
-2.494,-0.521
-2.499,2.998
-2.535,1.535
-2.684,0.677
-2.756,-0.39
-2.783,2.777
-2.657,2.537
-2.738,2.669
-2.917,3.424
-2.988,2.893
-2.886,1.393
-2.885,0.741
-3.009,-0.344
-3.107,-0.181
-3.1,1.323
-3.117,0.62
3.121,2.182
2.91,1.034
2.872,1.736
2.512,0.215
2.481,-0.254
2.548,3.46
2.544,-0.026
2.236,0.659
2.08,2.272
2.003,-0.051
1.892,2.318
2.004,0.732
1.995,1.57
1.876,2.126
1.64,1.965
1.613,1.956
1.45,0.602
1.413,1.63
1.182,1.26
1.139,-0.229
1.047,1.113
0.925,1.895
0.87,0.892
0.936,0.719
0.788,2.648
0.843,0.678
0.642,0.405
0.465,-0.822
0.424,-0.694
-0.024,-0.662
-0.594,-0.49
-0.874,-0.761
-1.0,-0.586
-1.103,-0.617
-1.624,-0.829
-1.597,-0.71
-1.629,-0.991
-1.73,-0.857
-1.75,-0.856
-3.052,-0.672
2.313,-0.856
1.725,-0.6
1.482,-0.983
1.278,-0.704
1.065,-0.827
1.047,-0.655
0.828,-0.56
0.845,-0.718
0.765,-0.691
0.621,3.722
0.397,3.666
0.048,3.681
0.14,3.77
-0.192,3.622
-0.304,3.729
-0.345,3.757
-0.435,3.409
-1.401,3.546
-1.687,3.695
-1.729,3.798
-1.919,3.493
-2.327,3.639
-2.215,3.511
-2.775,3.794
2.598,3.538
2.065,3.666
1.327,3.818
1.206,3.473
1.082,3.732
-0.24,2.587
-0.363,0.986
-1.424,2.646
3.1,1.624
2.715,0.956
1.334,0.967
-0.159,2.389
-1.423,1.695
-1.924,0.84
-2.402,1.691
2.888,1.695
2.708,1.691
2.57,2.427
1.37,3.107
1.123,2.408
-2.846,0.419
1.431,0.197
0.657,1.843
-2.797,-0.804
2.378,-0.24
1.267,-0.203
3.022,-0.97
3.049,-0.354
-0.146,-0.127
-0.29,1.807
-0.249,1.266
-0.365,1.567
-0.308,1.071
-0.344,-0.472
-0.327,-1.364
-0.461,1.982
-0.492,1.257
-0.444,0.462
-0.51,1.979
-0.529,-0.253
-0.528,-1.346
-0.635,0.23
-0.564,-0.469
-0.678,-0.32
-0.659,1.349
-0.672,0.302
-0.728,1.538
-0.765,-0.351
-0.725,0.861
-0.872,1.786
-0.955,-0.678
-0.964,1.497
-0.93,-1.74
-1.024,-0.254
-1.051,1.872
-1.068,-1.325
-1.057,-0.762
-1.067,1.609
-1.073,-0.776
-1.098,-1.587
-1.21,-1.32
-1.168,0.572
-1.23,1.718
-1.247,-1.514
-1.301,0.781
-1.332,-0.528
-1.347,0.749
-1.277,-0.405
-1.293,-0.777
-1.379,0.186
-1.36,-0.208
-1.447,1.807
-1.497,-0.184
-1.451,1.326
-1.525,-0.534
-1.474,-0.384
-1.547,0.187
-1.528,2.068
-1.638,0.274
-1.645,-0.332
-1.683,-0.558
-1.751,-0.65
-1.706,-1.171
-1.867,-0.158
-1.881,0.067
-1.829,0.043
-1.931,0.856
-1.986,1.976
-2.037,-0.194
-2.125,-1.55
-2.058,0.08
-2.19,-1.411
-2.139,1.702
-2.212,-1.183
-2.285,2.114
-2.295,1.984
-2.216,-1.007
-2.371,1.149
-2.449,-1.761
-2.396,-0.402
-2.44,0.419
-2.428,-1.534
-2.43,-0.502
-2.549,-0.947
-2.654,-0.159
-2.71,-0.877
-2.721,2.179
-2.727,1.87
-2.895,2.135
-2.828,0.757
-2.828,-0.646
-2.942,-1.811
-2.889,2.231
-2.885,0.465
-2.989,-0.821
-2.981,-1.697
-3.006,0.021
-2.957,1.391
-2.999,-1.436
-3.032,-1.043
-3.125,-0.718
-3.069,2.132
-3.065,2.001
-3.111,2.102
3.09,-0.891
3.139,0.867
3.008,0.115
3.005,-0.398
3.028,1.702
2.887,1.734
2.868,0.377
2.87,-1.108
2.915,-0.15
2.911,0.167
2.866,-0.612
2.891,-1.686
2.839,1.726
2.893,1.739
2.853,0.177
2.787,0.295
2.825,1.137
2.841,0.894
2.667,0.178
2.73,-0.207
2.706,-1.706
2.604,-0.795
2.579,0.837
2.558,1.79
2.457,-1.474
2.481,0.111
2.452,-1.298
2.374,-0.838
2.356,-1.824
2.296,-0.243
2.36,1.437
2.355,1.699
2.285,0.084
2.258,-1.052
2.309,-1.754
2.163,0.471
2.1,1.984
2.087,-1.687
2.153,1.113
2.116,1.213
2.017,-1.438
1.97,0.176
1.934,1.349
1.856,-0.707
1.793,0.662
1.789,0.95
1.564,0.521
1.582,-0.751
1.528,-0.943
1.587,1.246
1.416,-1.764
1.342,-0.604
1.202,-1.238
1.27,0.117
1.151,-0.796
1.135,-0.693
1.013,0.716
1.068,2.01
1.038,-0.955
1.015,-0.352
0.888,0.763
0.968,-1.681
0.948,1.267
0.849,-0.484
0.801,0.704
0.764,-0.795
0.808,1.037
0.728,0.405
0.729,1.388
0.776,-0.671
0.732,-1.497
0.031,-1.865
-1.263,-2.153
-1.277,-1.893
-1.379,-1.828
-1.953,-1.91
-1.971,-2.058
-2.097,-2.26
-2.27,-2.266
-2.38,-2.089
-2.752,-1.86
-2.903,-2.152
-3.11,-1.983
-3.121,-2.105
3.036,-2.134
2.959,-1.921
2.717,-2.095
2.601,-2.211
2.55,-2.061
1.822,-1.871
1.435,-1.882
1.351,-2.029
1.206,-1.842
1.156,-2.029
1.078,-2.12
1.044,-2.074
1.109,-1.911
0.725,-1.78
0.652,-2.106
0.383,2.447
0.343,2.475
-0.297,2.466
-0.571,2.413
-0.957,2.557
-1.053,2.367
-1.288,2.186
-2.121,2.554
-2.11,2.561
-2.515,2.258
-2.449,2.442
-2.684,2.438
-2.713,2.578
-2.995,2.285
2.566,2.423
2.558,2.582
2.062,2.429
1.716,2.259
1.457,2.352
0.731,2.64
0.722,2.318
0.587,1.911
0.408,-1.541
-1.192,1.777
-1.48,-0.412
-3.097,1.804
3.14,-0.982
1.134,1.027
0.003,-1.99
-0.462,-2.088
1.717,-1.829
0.752,2.092
0.717,-0.648
0.527,1.895
0.604,-1.229
0.569,-0.29
0.351,0.12
0.361,0.655
0.306,0.676
0.178,2.055
0.269,1.084
0.149,1.746
0.051,-0.605
0.184,0.822
0.096,0.763
-0.16,0.883
-0.027,1.713
-0.197,0.227
-0.147,0.327
-0.136,-0.164
-0.285,-1.582
-0.233,-0.915
-0.271,0.559
-0.265,0.258
-0.474,-1.74
-0.471,-1.601
-0.5,0.923
-0.502,0.043
-0.423,0.734
-1.015,-0.718
-1.174,0.745
-1.038,0.562
-1.064,-0.634
-1.222,-1.647
-1.285,-1.593
-1.288,2.024
-1.367,-0.562
-1.431,0.907
-1.516,-1.489
-1.57,-0.069
-1.451,0.346
-1.662,-0.95
-1.53,0.919
-1.589,-0.08
-1.704,1.04
-1.759,-1.367
-1.972,-1.338
-2.004,-0.47
-1.931,2.155
-2.1,-0.546
-2.017,0.422
-2.353,0.932
-2.506,0.613
-2.454,-1.813
-2.459,1.706
-2.495,0.243
-2.644,-0.615
-2.716,-1.682
-2.743,1.485
-2.617,1.245
-2.698,1.377
-2.877,2.132
-2.948,1.601
-2.846,0.101
-2.845,-0.551
-2.969,-1.636
-3.067,-1.473
-3.06,0.031
-3.077,-0.672
-3.122,0.89
2.95,-0.258
2.912,0.444
2.552,-1.077
2.521,-1.546
2.588,2.168
2.584,-1.318
2.276,-0.633
2.12,0.98
2.043,-1.343
1.932,1.026
2.044,-0.56
2.035,0.278
1.916,0.834
1.68,0.673
1.653,0.664
1.49,-0.69
1.453,0.338
1.222,-0.032
1.179,-1.521
1.087,-0.179
0.965,0.603
0.91,-0.4
0.976,-0.573
0.828,1.356
0.883,-0.614
0.682,-0.887
0.505,-2.114
0.464,-1.986
0.016,-1.954
-0.554,-1.782
-0.834,-2.053
-0.96,-1.878
-1.063,-1.909
-1.584,-2.121
-1.557,-2.002
-1.589,-2.283
-1.69,-2.149
-1.71,-2.148
-3.012,-1.964
2.353,-2.148
1.765,-1.892
1.522,-2.275
1.318,-1.996
1.105,-2.119
1.087,-1.947
0.868,-1.852
0.885,-2.01
0.805,-1.983
0.661,2.43
0.437,2.374
0.088,2.389
0.18,2.478
-0.152,2.33
-0.264,2.437
-0.305,2.465
-0.395,2.117
-1.361,2.254
-1.647,2.403
-1.689,2.506
-1.879,2.201
-2.287,2.347
-2.175,2.219
-2.735,2.502
2.638,2.246
2.105,2.374
1.367,2.526
1.246,2.181
1.122,2.44
-0.2,1.295
-0.323,-0.306
-1.384,1.354
3.14,0.332
2.755,-0.336
1.374,-0.325
-0.119,1.097
-1.383,0.403
-1.884,-0.452
-2.362,0.399
2.928,0.403
2.748,0.399
2.61,1.135
1.41,1.815
1.163,1.116
-2.806,-0.873
1.471,-1.095
0.697,0.551
-2.757,-2.096
2.418,-1.532
1.307,-1.495
3.062,-2.262
3.089,-1.646
-0.144,1.934
-0.103,1.393
-0.219,1.694
-0.162,1.198
-0.198,-0.345
-0.181,-1.237
-0.315,2.109
-0.346,1.384
-0.298,0.589
-0.364,2.106
-0.383,-0.126
-0.382,-1.219
-0.489,0.357
-0.418,-0.342
-0.532,-0.193
-0.513,1.476
-0.526,0.429
-0.582,1.665
-0.619,-0.224
-0.579,0.988
-0.726,1.913
-0.809,-0.551
-0.818,1.624
-0.784,-1.613
-0.878,-0.127
-0.905,1.999
-0.922,-1.198
-0.911,-0.635
-0.921,1.736
-0.927,-0.649
-0.952,-1.46
-1.064,-1.193
-1.022,0.699
-1.084,1.845
-1.101,-1.387
-1.155,0.908
-1.186,-0.401
-1.201,0.876
-1.131,-0.278
-1.147,-0.65
-1.233,0.313
-1.214,-0.081
-1.301,1.934
-1.351,-0.057
-1.305,1.453
-1.379,-0.407
-1.328,-0.257
-1.401,0.314
-1.382,2.195
-1.492,0.401
-1.499,-0.205
-1.537,-0.431
-1.605,-0.523
-1.56,-1.044
-1.721,-0.031
-1.735,0.194
-1.683,0.17
-1.785,0.983
-1.84,2.103
-1.891,-0.067
-1.979,-1.423
-1.912,0.207
-2.044,-1.284
-1.993,1.829
-2.066,-1.056
-2.139,2.241
-2.149,2.111
-2.07,-0.88
-2.225,1.276
-2.303,-1.634
-2.25,-0.275
-2.294,0.546
-2.282,-1.407
-2.284,-0.375
-2.403,-0.82
-2.508,-0.032
-2.564,-0.75
-2.575,2.306
-2.581,1.997
-2.749,2.262
-2.682,0.884
-2.682,-0.519
-2.796,-1.684
-2.743,2.358
-2.739,0.592
-2.843,-0.694
-2.835,-1.57
-2.86,0.148
-2.811,1.518
-2.853,-1.309
-2.886,-0.916
-2.979,-0.591
-2.923,2.259
-2.919,2.128
-2.965,2.229
-3.047,-0.764
-2.998,0.994
-3.129,0.242
-3.132,-0.271
-3.109,1.829
3.033,1.861
3.014,0.504
3.016,-0.981
3.061,-0.023
3.057,0.294
3.012,-0.485
3.037,-1.559
2.985,1.853
3.039,1.866
2.999,0.304
2.933,0.422
2.971,1.264
2.987,1.021
2.813,0.305
2.876,-0.08
2.852,-1.579
2.75,-0.668
2.725,0.964
2.704,1.917
2.603,-1.347
2.627,0.238
2.598,-1.171
2.52,-0.711
2.502,-1.697
2.442,-0.116
2.506,1.564
2.501,1.826
2.431,0.211
2.404,-0.925
2.455,-1.627
2.309,0.598
2.246,2.111
2.233,-1.56
2.299,1.24
2.262,1.34
2.163,-1.311
2.116,0.303
2.08,1.476
2.002,-0.58
1.939,0.789
1.935,1.077
1.71,0.648
1.728,-0.624
1.674,-0.816
1.733,1.373
1.562,-1.637
1.488,-0.477
1.348,-1.111
1.416,0.244
1.297,-0.669
1.281,-0.566
1.159,0.843
1.214,2.137
1.184,-0.828
1.161,-0.225
1.034,0.89
1.114,-1.554
1.094,1.394
0.995,-0.357
0.947,0.831
0.91,-0.668
0.954,1.164
0.874,0.532
0.875,1.515
0.922,-0.544
0.878,-1.37
0.177,-1.738
-1.117,-2.026
-1.131,-1.766
-1.233,-1.701
-1.807,-1.783
-1.825,-1.931
-1.951,-2.133
-2.124,-2.139
-2.234,-1.962
-2.606,-1.733
-2.757,-2.025
-2.964,-1.856
-2.975,-1.978
-3.101,-2.007
3.105,-1.794
2.863,-1.968
2.747,-2.084
2.696,-1.934
1.968,-1.744
1.581,-1.755
1.497,-1.902
1.352,-1.715
1.302,-1.902
1.224,-1.993
1.19,-1.947
1.255,-1.784
0.871,-1.653
0.798,-1.979
0.529,2.574
0.489,2.602
-0.151,2.593
-0.425,2.54
-0.811,2.684
-0.907,2.494
-1.142,2.313
-1.975,2.681
-1.964,2.688
-2.369,2.385
-2.303,2.569
-2.538,2.565
-2.567,2.705
-2.849,2.412
2.712,2.55
2.704,2.709
2.208,2.556
1.862,2.386
1.603,2.479
0.877,2.767
0.868,2.445
0.733,2.038
0.554,-1.414
-1.046,1.904
-1.334,-0.285
-2.951,1.931
-2.997,-0.855
1.28,1.154
0.149,-1.863
-0.316,-1.961
1.863,-1.702
0.898,2.219
0.863,-0.521
0.673,2.022
0.75,-1.102
0.715,-0.163
0.497,0.247
0.507,0.782
0.452,0.803
0.324,2.182
0.415,1.211
0.295,1.873
0.197,-0.478
0.33,0.949
0.242,0.89
-0.014,1.01
0.119,1.84
-0.051,0.354
-0.001,0.454
0.01,-0.037
-0.139,-1.455
-0.087,-0.788
-0.125,0.686
-0.119,0.385
-0.328,-1.613
-0.325,-1.474
-0.354,1.05
-0.356,0.17
-0.277,0.861
-0.869,-0.591
-1.028,0.872
-0.892,0.689
-0.918,-0.507
-1.076,-1.52
-1.139,-1.466
-1.142,2.151
-1.221,-0.435
-1.285,1.034
-1.37,-1.362
-1.424,0.058
-1.305,0.473
-1.516,-0.823
-1.384,1.046
-1.443,0.047
-1.558,1.167
-1.613,-1.24
-1.826,-1.211
-1.858,-0.343
-1.785,2.282
-1.954,-0.419
-1.871,0.549
-2.207,1.059
-2.36,0.74
-2.308,-1.686
-2.313,1.833
-2.349,0.37
-2.498,-0.488
-2.57,-1.555
-2.597,1.612
-2.471,1.372
-2.552,1.504
-2.731,2.259
-2.802,1.728
-2.7,0.228
-2.699,-0.424
-2.823,-1.509
-2.921,-1.346
-2.914,0.158
-2.931,-0.545
-2.976,1.017
3.096,-0.131
3.058,0.571
2.698,-0.95
2.667,-1.419
2.734,2.295
2.73,-1.191
2.422,-0.506
2.266,1.107
2.189,-1.216
2.078,1.153
2.19,-0.433
2.181,0.405
2.062,0.961
1.826,0.8
1.799,0.791
1.636,-0.563
1.599,0.465
1.368,0.095
1.325,-1.394
1.233,-0.052
1.111,0.73
1.056,-0.273
1.122,-0.446
0.974,1.483
1.029,-0.487
0.828,-0.76
0.651,-1.987
0.61,-1.859
0.162,-1.827
-0.408,-1.655
-0.688,-1.926
-0.814,-1.751
-0.917,-1.782
-1.438,-1.994
-1.411,-1.875
-1.443,-2.156
-1.544,-2.022
-1.564,-2.021
-2.866,-1.837
2.499,-2.021
1.911,-1.765
1.668,-2.148
1.464,-1.869
1.251,-1.992
1.233,-1.82
1.014,-1.725
1.031,-1.883
0.951,-1.856
0.807,2.557
0.583,2.501
0.234,2.516
0.326,2.605
-0.006,2.457
-0.118,2.564
-0.159,2.592
-0.249,2.244
-1.215,2.381
-1.501,2.53
-1.543,2.633
-1.733,2.328
-2.141,2.474
-2.029,2.346
-2.589,2.629
2.784,2.373
2.251,2.501
1.513,2.653
1.392,2.308
1.268,2.567
-0.054,1.422
-0.177,-0.179
-1.238,1.481
-2.997,0.459
2.901,-0.209
1.52,-0.198
0.027,1.224
-1.237,0.53
-1.738,-0.325
-2.216,0.526
3.074,0.53
2.894,0.526
2.756,1.262
1.556,1.942
1.309,1.243
-2.66,-0.746
1.617,-0.968
0.843,0.678
-2.611,-1.969
2.564,-1.405
1.453,-1.368
-3.075,-2.135
-3.048,-1.519
0.041,-0.541
-0.075,-0.24
-0.018,-0.736
-0.054,-2.279
-0.037,-3.171
-0.171,0.175
-0.202,-0.55
-0.154,-1.345
-0.22,0.172
-0.239,-2.06
-0.238,-3.153
-0.345,-1.577
-0.274,-2.276
-0.388,-2.127
-0.369,-0.458
-0.382,-1.505
-0.438,-0.269
-0.475,-2.158
-0.435,-0.946
-0.582,-0.021
-0.665,-2.485
-0.674,-0.31
-0.64,-3.547
-0.734,-2.061
-0.761,0.065
-0.778,-3.132
-0.767,-2.569
-0.777,-0.198
-0.783,-2.583
-0.808,-3.394
-0.92,-3.127
-0.878,-1.235
-0.94,-0.089
-0.957,-3.321
-1.011,-1.026
-1.042,-2.335
-1.057,-1.058
-0.987,-2.212
-1.003,-2.584
-1.089,-1.621
-1.07,-2.015
-1.157,0.0
-1.207,-1.991
-1.161,-0.481
-1.235,-2.341
-1.184,-2.191
-1.257,-1.62
-1.238,0.261
-1.348,-1.533
-1.355,-2.139
-1.393,-2.365
-1.461,-2.457
-1.416,-2.978
-1.577,-1.965
-1.591,-1.74
-1.539,-1.764
-1.641,-0.951
-1.696,0.169
-1.747,-2.001
-1.835,-3.357
-1.768,-1.727
-1.9,-3.218
-1.849,-0.105
-1.922,-2.99
-1.995,0.307
-2.005,0.177
-1.926,-2.814
-2.081,-0.658
-2.159,-3.568
-2.106,-2.209
-2.15,-1.388
-2.138,-3.341
-2.14,-2.309
-2.259,-2.754
-2.364,-1.966
-2.42,-2.684
-2.431,0.372
-2.437,0.063
-2.605,0.328
-2.538,-1.05
-2.538,-2.453
-2.652,-3.618
-2.599,0.424
-2.595,-1.342
-2.699,-2.628
-2.691,-3.504
-2.716,-1.786
-2.667,-0.416
-2.709,-3.243
-2.742,-2.85
-2.835,-2.525
-2.779,0.325
-2.775,0.194
-2.821,0.295
-2.903,-2.698
-2.854,-0.94
-2.985,-1.692
-2.988,-2.205
-2.965,-0.105
-3.106,-0.073
-3.125,-1.43
-3.123,-2.915
-3.078,-1.957
-3.082,-1.64
-3.127,-2.419
-3.102,-3.493
3.129,-0.081
-3.1,-0.068
-3.14,-1.63
3.077,-1.512
3.115,-0.67
3.131,-0.913
2.957,-1.629
3.02,-2.014
2.996,-3.513
2.894,-2.602
2.869,-0.97
2.848,-0.017
2.747,-3.281
2.771,-1.696
2.742,-3.105
2.664,-2.645
2.646,-3.631
2.586,-2.05
2.65,-0.37
2.645,-0.108
2.575,-1.723
2.548,-2.859
2.599,-3.561
2.453,-1.336
2.39,0.177
2.377,-3.494
2.443,-0.694
2.406,-0.594
2.307,-3.245
2.26,-1.631
2.224,-0.458
2.146,-2.514
2.083,-1.145
2.079,-0.857
1.854,-1.286
1.872,-2.558
1.818,-2.75
1.877,-0.561
1.706,-3.571
1.632,-2.411
1.492,-3.045
1.56,-1.69
1.441,-2.603
1.425,-2.5
1.303,-1.091
1.358,0.203
1.328,-2.762
1.305,-2.159
1.178,-1.044
1.258,-3.488
1.238,-0.54
1.139,-2.291
1.091,-1.103
1.054,-2.602
1.098,-0.77
1.018,-1.402
1.019,-0.419
1.066,-2.478
1.022,-3.304
0.321,-3.672
-0.973,-3.96
-0.987,-3.7
-1.089,-3.635
-1.663,-3.717
-1.681,-3.865
-1.807,-4.067
-1.98,-4.073
-2.09,-3.896
-2.462,-3.667
-2.613,-3.959
-2.82,-3.79
-2.831,-3.912
-2.957,-3.941
-3.034,-3.728
3.007,-3.902
2.891,-4.018
2.84,-3.868
2.112,-3.678
1.725,-3.689
1.641,-3.836
1.496,-3.649
1.446,-3.836
1.368,-3.927
1.334,-3.881
1.399,-3.718
1.015,-3.587
0.942,-3.913
0.673,0.64
0.633,0.668
-0.007,0.659
-0.281,0.606
-0.667,0.75
-0.763,0.56
-0.998,0.379
-1.831,0.747
-1.82,0.754
-2.225,0.451
-2.159,0.635
-2.394,0.631
-2.423,0.771
-2.705,0.478
2.856,0.616
2.848,0.775
2.352,0.622
2.006,0.452
1.747,0.545
1.021,0.833
1.012,0.511
0.877,0.104
0.698,-3.348
-0.902,-0.03
-1.19,-2.219
-2.807,-0.003
-2.853,-2.789
1.424,-0.78
0.293,-3.797
-0.172,-3.895
2.007,-3.636
1.042,0.285
1.007,-2.455
0.817,0.088
0.894,-3.036
0.859,-2.097
0.641,-1.687
0.651,-1.152
0.596,-1.131
0.468,0.248
0.559,-0.723
0.439,-0.061
0.341,-2.412
0.474,-0.985
0.386,-1.044
0.13,-0.924
0.263,-0.094
0.093,-1.58
0.143,-1.48
0.154,-1.971
0.005,-3.389
0.057,-2.722
0.019,-1.248
0.025,-1.549
-0.184,-3.547
-0.181,-3.408
-0.21,-0.884
-0.212,-1.764
-0.133,-1.073
-0.725,-2.525
-0.884,-1.062
-0.748,-1.245
-0.774,-2.441
-0.932,-3.454
-0.995,-3.4
-0.998,0.217
-1.077,-2.369
-1.141,-0.9
-1.226,-3.296
-1.28,-1.876
-1.161,-1.461
-1.372,-2.757
-1.24,-0.888
-1.299,-1.887
-1.414,-0.767
-1.469,-3.174
-1.682,-3.145
-1.714,-2.277
-1.641,0.348
-1.81,-2.353
-1.727,-1.385
-2.063,-0.875
-2.216,-1.194
-2.164,-3.62
-2.169,-0.101
-2.205,-1.564
-2.354,-2.422
-2.426,-3.489
-2.453,-0.322
-2.327,-0.562
-2.408,-0.43
-2.587,0.325
-2.658,-0.206
-2.556,-1.706
-2.555,-2.358
-2.679,-3.443
-2.777,-3.28
-2.77,-1.776
-2.787,-2.479
-2.832,-0.917
-3.043,-2.065
-3.081,-1.363
2.842,-2.884
2.811,-3.353
2.878,0.361
2.874,-3.125
2.566,-2.44
2.41,-0.827
2.333,-3.15
2.222,-0.781
2.334,-2.367
2.325,-1.529
2.206,-0.973
1.97,-1.134
1.943,-1.143
1.78,-2.497
1.743,-1.469
1.512,-1.839
1.469,-3.328
1.377,-1.986
1.255,-1.204
1.2,-2.207
1.266,-2.38
1.118,-0.451
1.173,-2.421
0.972,-2.694
0.795,-3.921
0.754,-3.793
0.306,-3.761
-0.264,-3.589
-0.544,-3.86
-0.67,-3.685
-0.773,-3.716
-1.294,-3.928
-1.267,-3.809
-1.299,-4.09
-1.4,-3.956
-1.42,-3.955
-2.722,-3.771
2.643,-3.955
2.055,-3.699
1.812,-4.082
1.608,-3.803
1.395,-3.926
1.377,-3.754
1.158,-3.659
1.175,-3.817
1.095,-3.79
0.951,0.623
0.727,0.567
0.378,0.582
0.47,0.671
0.138,0.523
0.026,0.63
-0.015,0.658
-0.105,0.31
-1.071,0.447
-1.357,0.596
-1.399,0.699
-1.589,0.394
-1.997,0.54
-1.885,0.412
-2.445,0.695
2.928,0.439
2.395,0.567
1.657,0.719
1.536,0.374
1.412,0.633
0.09,-0.512
-0.033,-2.113
-1.094,-0.453
-2.853,-1.475
3.045,-2.143
1.664,-2.132
0.171,-0.71
-1.093,-1.404
-1.594,-2.259
-2.072,-1.408
-3.065,-1.404
3.038,-1.408
2.9,-0.672
1.7,0.008
1.453,-0.691
-2.516,-2.68
1.761,-2.902
0.987,-1.256
-2.467,-3.903
2.708,-3.339
1.597,-3.302
-2.931,-4.069
-2.904,-3.453
-0.116,0.301
-0.059,-0.195
-0.095,-1.738
-0.078,-2.63
-0.212,0.716
-0.243,-0.009
-0.195,-0.804
-0.261,0.713
-0.28,-1.519
-0.279,-2.612
-0.386,-1.036
-0.315,-1.735
-0.429,-1.586
-0.41,0.083
-0.423,-0.964
-0.479,0.272
-0.516,-1.617
-0.476,-0.405
-0.623,0.52
-0.706,-1.944
-0.715,0.231
-0.681,-3.006
-0.775,-1.52
-0.802,0.606
-0.819,-2.591
-0.808,-2.028
-0.818,0.343
-0.824,-2.042
-0.849,-2.853
-0.961,-2.586
-0.919,-0.694
-0.981,0.452
-0.998,-2.78
-1.052,-0.485
-1.083,-1.794
-1.098,-0.517
-1.028,-1.671
-1.044,-2.043
-1.13,-1.08
-1.111,-1.474
-1.198,0.541
-1.248,-1.45
-1.202,0.06
-1.276,-1.8
-1.225,-1.65
-1.298,-1.079
-1.279,0.802
-1.389,-0.992
-1.396,-1.598
-1.434,-1.824
-1.502,-1.916
-1.457,-2.437
-1.618,-1.424
-1.632,-1.199
-1.58,-1.223
-1.682,-0.41
-1.737,0.71
-1.788,-1.46
-1.876,-2.816
-1.809,-1.186
-1.941,-2.677
-1.89,0.436
-1.963,-2.449
-2.036,0.848
-2.046,0.718
-1.967,-2.273
-2.122,-0.117
-2.2,-3.027
-2.147,-1.668
-2.191,-0.847
-2.179,-2.8
-2.181,-1.768
-2.3,-2.213
-2.405,-1.425
-2.461,-2.143
-2.472,0.913
-2.478,0.604
-2.646,0.869
-2.579,-0.509
-2.579,-1.912
-2.693,-3.077
-2.64,0.965
-2.636,-0.801
-2.74,-2.087
-2.732,-2.963
-2.757,-1.245
-2.708,0.125
-2.75,-2.702
-2.783,-2.309
-2.876,-1.984
-2.82,0.866
-2.816,0.735
-2.862,0.836
-2.944,-2.157
-2.895,-0.399
-3.026,-1.151
-3.029,-1.664
-3.006,0.436
3.136,0.468
3.117,-0.889
3.119,-2.374
-3.119,-1.416
-3.123,-1.099
3.115,-1.878
3.14,-2.952
3.088,0.46
-3.141,0.473
3.102,-1.089
3.036,-0.971
3.074,-0.129
3.09,-0.372
2.916,-1.088
2.979,-1.473
2.955,-2.972
2.853,-2.061
2.828,-0.429
2.807,0.524
2.706,-2.74
2.73,-1.155
2.701,-2.564
2.623,-2.104
2.605,-3.09
2.545,-1.509
2.609,0.171
2.604,0.433
2.534,-1.182
2.507,-2.318
2.558,-3.02
2.412,-0.795
2.349,0.718
2.336,-2.953
2.402,-0.153
2.365,-0.053
2.266,-2.704
2.219,-1.09
2.183,0.083
2.105,-1.973
2.042,-0.604
2.038,-0.316
1.813,-0.745
1.831,-2.017
1.777,-2.209
1.836,-0.02
1.665,-3.03
1.591,-1.87
1.451,-2.504
1.519,-1.149
1.4,-2.062
1.384,-1.959
1.262,-0.55
1.317,0.744
1.287,-2.221
1.264,-1.618
1.137,-0.503
1.217,-2.947
1.197,0.001
1.098,-1.75
1.05,-0.562
1.013,-2.061
1.057,-0.229
0.977,-0.861
0.978,0.122
1.025,-1.937
0.981,-2.763
0.28,-3.131
-1.014,-3.419
-1.028,-3.159
-1.13,-3.094
-1.704,-3.176
-1.722,-3.324
-1.848,-3.526
-2.021,-3.532
-2.131,-3.355
-2.503,-3.126
-2.654,-3.418
-2.861,-3.249
-2.872,-3.371
-2.998,-3.4
-3.075,-3.187
2.966,-3.361
2.85,-3.477
2.799,-3.327
2.071,-3.137
1.684,-3.148
1.6,-3.295
1.455,-3.108
1.405,-3.295
1.327,-3.386
1.293,-3.34
1.358,-3.177
0.974,-3.046
0.901,-3.372
0.632,1.181
0.592,1.209
-0.048,1.2
-0.322,1.147
-0.708,1.291
-0.804,1.101
-1.039,0.92
-1.872,1.288
-1.861,1.295
-2.266,0.992
-2.2,1.176
-2.435,1.172
-2.464,1.312
-2.746,1.019
2.815,1.157
2.807,1.316
2.311,1.163
1.965,0.993
1.706,1.086
0.98,1.374
0.971,1.052
0.836,0.645
0.657,-2.807
-0.943,0.511
-1.231,-1.678
-2.848,0.538
-2.894,-2.248
1.383,-0.239
0.252,-3.256
-0.213,-3.354
1.966,-3.095
1.001,0.826
0.966,-1.914
0.776,0.629
0.853,-2.495
0.818,-1.556
0.6,-1.146
0.61,-0.611
0.555,-0.59
0.427,0.789
0.518,-0.182
0.398,0.48
0.3,-1.871
0.433,-0.444
0.345,-0.503
0.089,-0.383
0.222,0.447
0.052,-1.039
0.102,-0.939
0.113,-1.43
-0.036,-2.848
0.016,-2.181
-0.022,-0.707
-0.016,-1.008
-0.225,-3.006
-0.222,-2.867
-0.251,-0.343
-0.253,-1.223
-0.174,-0.532
-0.766,-1.984
-0.925,-0.521
-0.789,-0.704
-0.815,-1.9
-0.973,-2.913
-1.036,-2.859
-1.039,0.758
-1.118,-1.828
-1.182,-0.359
-1.267,-2.755
-1.321,-1.335
-1.202,-0.92
-1.413,-2.216
-1.281,-0.347
-1.34,-1.346
-1.455,-0.226
-1.51,-2.633
-1.723,-2.604
-1.755,-1.736
-1.682,0.889
-1.851,-1.812
-1.768,-0.844
-2.104,-0.334
-2.257,-0.653
-2.205,-3.079
-2.21,0.44
-2.246,-1.023
-2.395,-1.881
-2.467,-2.948
-2.494,0.219
-2.368,-0.021
-2.449,0.111
-2.628,0.866
-2.699,0.335
-2.597,-1.165
-2.596,-1.817
-2.72,-2.902
-2.818,-2.739
-2.811,-1.235
-2.828,-1.938
-2.873,-0.376
-3.084,-1.524
-3.122,-0.822
2.801,-2.343
2.77,-2.812
2.837,0.902
2.833,-2.584
2.525,-1.899
2.369,-0.286
2.292,-2.609
2.181,-0.24
2.293,-1.826
2.284,-0.988
2.165,-0.432
1.929,-0.593
1.902,-0.602
1.739,-1.956
1.702,-0.928
1.471,-1.298
1.428,-2.787
1.336,-1.445
1.214,-0.663
1.159,-1.666
1.225,-1.839
1.077,0.09
1.132,-1.88
0.931,-2.153
0.754,-3.38
0.713,-3.252
0.265,-3.22
-0.305,-3.048
-0.585,-3.319
-0.711,-3.144
-0.814,-3.175
-1.335,-3.387
-1.308,-3.268
-1.34,-3.549
-1.441,-3.415
-1.461,-3.414
-2.763,-3.23
2.602,-3.414
2.014,-3.158
1.771,-3.541
1.567,-3.262
1.354,-3.385
1.336,-3.213
1.117,-3.118
1.134,-3.276
1.054,-3.249
0.91,1.164
0.686,1.108
0.337,1.123
0.429,1.212
0.097,1.064
-0.015,1.171
-0.056,1.199
-0.146,0.851
-1.112,0.988
-1.398,1.137
-1.44,1.24
-1.63,0.935
-2.038,1.081
-1.926,0.953
-2.486,1.236
2.887,0.98
2.354,1.108
1.616,1.26
1.495,0.915
1.371,1.174
0.049,0.029
-0.074,-1.572
-1.135,0.088
-2.894,-0.934
3.004,-1.602
1.623,-1.591
0.13,-0.169
-1.134,-0.863
-1.635,-1.718
-2.113,-0.867
-3.106,-0.863
2.997,-0.867
2.859,-0.131
1.659,0.549
1.412,-0.15
-2.557,-2.139
1.72,-2.361
0.946,-0.715
-2.508,-3.362
2.667,-2.798
1.556,-2.761
-2.972,-3.528
-2.945,-2.912
0.057,-0.496
0.021,-2.039
0.038,-2.931
-0.096,0.415
-0.127,-0.31
-0.079,-1.105
-0.145,0.412
-0.164,-1.82
-0.163,-2.913
-0.27,-1.337
-0.199,-2.036
-0.313,-1.887
-0.294,-0.218
-0.307,-1.265
-0.363,-0.029
-0.4,-1.918
-0.36,-0.706
-0.507,0.219
-0.59,-2.245
-0.599,-0.07
-0.565,-3.307
-0.659,-1.821
-0.686,0.305
-0.703,-2.892
-0.692,-2.329
-0.702,0.042
-0.708,-2.343
-0.733,-3.154
-0.845,-2.887
-0.803,-0.995
-0.865,0.151
-0.882,-3.081
-0.936,-0.786
-0.967,-2.095
-0.982,-0.818
-0.912,-1.972
-0.928,-2.344
-1.014,-1.381
-0.995,-1.775
-1.082,0.24
-1.132,-1.751
-1.086,-0.241
-1.16,-2.101
-1.109,-1.951
-1.182,-1.38
-1.163,0.501
-1.273,-1.293
-1.28,-1.899
-1.318,-2.125
-1.386,-2.217
-1.341,-2.738
-1.502,-1.725
-1.516,-1.5
-1.464,-1.524
-1.566,-0.711
-1.621,0.409
-1.672,-1.761
-1.76,-3.117
-1.693,-1.487
-1.825,-2.978
-1.774,0.135
-1.847,-2.75
-1.92,0.547
-1.93,0.417
-1.851,-2.574
-2.006,-0.418
-2.084,-3.328
-2.031,-1.969
-2.075,-1.148
-2.063,-3.101
-2.065,-2.069
-2.184,-2.514
-2.289,-1.726
-2.345,-2.444
-2.356,0.612
-2.362,0.303
-2.53,0.568
-2.463,-0.81
-2.463,-2.213
-2.577,-3.378
-2.524,0.664
-2.52,-1.102
-2.624,-2.388
-2.616,-3.264
-2.641,-1.546
-2.592,-0.176
-2.634,-3.003
-2.667,-2.61
-2.76,-2.285
-2.704,0.565
-2.7,0.434
-2.746,0.535
-2.828,-2.458
-2.779,-0.7
-2.91,-1.452
-2.913,-1.965
-2.89,0.135
-3.031,0.167
-3.05,-1.19
-3.048,-2.675
-3.003,-1.717
-3.007,-1.4
-3.052,-2.179
-3.027,-3.253
-3.079,0.159
-3.025,0.172
-3.065,-1.39
-3.131,-1.272
-3.093,-0.43
-3.077,-0.673
3.032,-1.389
3.095,-1.774
3.071,-3.273
2.969,-2.362
2.944,-0.73
2.923,0.223
2.822,-3.041
2.846,-1.456
2.817,-2.865
2.739,-2.405
2.721,-3.391
2.661,-1.81
2.725,-0.13
2.72,0.132
2.65,-1.483
2.623,-2.619
2.674,-3.321
2.528,-1.096
2.465,0.417
2.452,-3.254
2.518,-0.454
2.481,-0.354
2.382,-3.005
2.335,-1.391
2.299,-0.218
2.221,-2.274
2.158,-0.905
2.154,-0.617
1.929,-1.046
1.947,-2.318
1.893,-2.51
1.952,-0.321
1.781,-3.331
1.707,-2.171
1.567,-2.805
1.635,-1.45
1.516,-2.363
1.5,-2.26
1.378,-0.851
1.433,0.443
1.403,-2.522
1.38,-1.919
1.253,-0.804
1.333,-3.248
1.313,-0.3
1.214,-2.051
1.166,-0.863
1.129,-2.362
1.173,-0.53
1.093,-1.162
1.094,-0.179
1.141,-2.238
1.097,-3.064
0.396,-3.432
-0.898,-3.72
-0.912,-3.46
-1.014,-3.395
-1.588,-3.477
-1.606,-3.625
-1.732,-3.827
-1.905,-3.833
-2.015,-3.656
-2.387,-3.427
-2.538,-3.719
-2.745,-3.55
-2.756,-3.672
-2.882,-3.701
-2.959,-3.488
3.082,-3.662
2.966,-3.778
2.915,-3.628
2.187,-3.438
1.8,-3.449
1.716,-3.596
1.571,-3.409
1.521,-3.596
1.443,-3.687
1.409,-3.641
1.474,-3.478
1.09,-3.347
1.017,-3.673
0.748,0.88
0.708,0.908
0.068,0.899
-0.206,0.846
-0.592,0.99
-0.688,0.8
-0.923,0.619
-1.756,0.987
-1.745,0.994
-2.15,0.691
-2.084,0.875
-2.319,0.871
-2.348,1.011
-2.63,0.718
2.931,0.856
2.923,1.015
2.427,0.862
2.081,0.692
1.822,0.785
1.096,1.073
1.087,0.751
0.952,0.344
0.773,-3.108
-0.827,0.21
-1.115,-1.979
-2.732,0.237
-2.778,-2.549
1.499,-0.54
0.368,-3.557
-0.097,-3.655
2.082,-3.396
1.117,0.525
1.082,-2.215
0.892,0.328
0.969,-2.796
0.934,-1.857
0.716,-1.447
0.726,-0.912
0.671,-0.891
0.543,0.488
0.634,-0.483
0.514,0.179
0.416,-2.172
0.549,-0.745
0.461,-0.804
0.205,-0.684
0.338,0.146
0.168,-1.34
0.218,-1.24
0.229,-1.731
0.08,-3.149
0.132,-2.482
0.094,-1.008
0.1,-1.309
-0.109,-3.307
-0.106,-3.168
-0.135,-0.644
-0.137,-1.524
-0.058,-0.833
-0.65,-2.285
-0.809,-0.822
-0.673,-1.005
-0.699,-2.201
-0.857,-3.214
-0.92,-3.16
-0.923,0.457
-1.002,-2.129
-1.066,-0.66
-1.151,-3.056
-1.205,-1.636
-1.086,-1.221
-1.297,-2.517
-1.165,-0.648
-1.224,-1.647
-1.339,-0.527
-1.394,-2.934
-1.607,-2.905
-1.639,-2.037
-1.566,0.588
-1.735,-2.113
-1.652,-1.145
-1.988,-0.635
-2.141,-0.954
-2.089,-3.38
-2.094,0.139
-2.13,-1.324
-2.279,-2.182
-2.351,-3.249
-2.378,-0.082
-2.252,-0.322
-2.333,-0.19
-2.512,0.565
-2.583,0.034
-2.481,-1.466
-2.48,-2.118
-2.604,-3.203
-2.702,-3.04
-2.695,-1.536
-2.712,-2.239
-2.757,-0.677
-2.968,-1.825
-3.006,-1.123
2.917,-2.644
2.886,-3.113
2.953,0.601
2.949,-2.885
2.641,-2.2
2.485,-0.587
2.408,-2.91
2.297,-0.541
2.409,-2.127
2.4,-1.289
2.281,-0.733
2.045,-0.894
2.018,-0.903
1.855,-2.257
1.818,-1.229
1.587,-1.599
1.544,-3.088
1.452,-1.746
1.33,-0.964
1.275,-1.967
1.341,-2.14
1.193,-0.211
1.248,-2.181
1.047,-2.454
0.87,-3.681
0.829,-3.553
0.381,-3.521
-0.189,-3.349
-0.469,-3.62
-0.595,-3.445
-0.698,-3.476
-1.219,-3.688
-1.192,-3.569
-1.224,-3.85
-1.325,-3.716
-1.345,-3.715
-2.647,-3.531
2.718,-3.715
2.13,-3.459
1.887,-3.842
1.683,-3.563
1.47,-3.686
1.452,-3.514
1.233,-3.419
1.25,-3.577
1.17,-3.55
1.026,0.863
0.802,0.807
0.453,0.822
0.545,0.911
0.213,0.763
0.101,0.87
0.06,0.898
-0.03,0.55
-0.996,0.687
-1.282,0.836
-1.324,0.939
-1.514,0.634
-1.922,0.78
-1.81,0.652
-2.37,0.935
3.003,0.679
2.47,0.807
1.732,0.959
1.611,0.614
1.487,0.873
0.165,-0.272
0.042,-1.873
-1.019,-0.213
-2.778,-1.235
3.12,-1.903
1.739,-1.892
0.246,-0.47
-1.018,-1.164
-1.519,-2.019
-1.997,-1.168
-2.99,-1.164
3.113,-1.168
2.975,-0.432
1.775,0.248
1.528,-0.451
-2.441,-2.44
1.836,-2.662
1.062,-1.016
-2.392,-3.663
2.783,-3.099
1.672,-3.062
-2.856,-3.829
-2.829,-3.213
-0.036,-1.543
-0.019,-2.435
-0.153,0.911
-0.184,0.186
-0.136,-0.609
-0.202,0.908
-0.221,-1.324
-0.22,-2.417
-0.327,-0.841
-0.256,-1.54
-0.37,-1.391
-0.351,0.278
-0.364,-0.769
-0.42,0.467
-0.457,-1.422
-0.417,-0.21
-0.564,0.715
-0.647,-1.749
-0.656,0.426
-0.622,-2.811
-0.716,-1.325
-0.743,0.801
-0.76,-2.396
-0.749,-1.833
-0.759,0.538
-0.765,-1.847
-0.79,-2.658
-0.902,-2.391
-0.86,-0.499
-0.922,0.647
-0.939,-2.585
-0.993,-0.29
-1.024,-1.599
-1.039,-0.322
-0.969,-1.476
-0.985,-1.848
-1.071,-0.885
-1.052,-1.279
-1.139,0.736
-1.189,-1.255
-1.143,0.255
-1.217,-1.605
-1.166,-1.455
-1.239,-0.884
-1.22,0.997
-1.33,-0.797
-1.337,-1.403
-1.375,-1.629
-1.443,-1.721
-1.398,-2.242
-1.559,-1.229
-1.573,-1.004
-1.521,-1.028
-1.623,-0.215
-1.678,0.905
-1.729,-1.265
-1.817,-2.621
-1.75,-0.991
-1.882,-2.482
-1.831,0.631
-1.904,-2.254
-1.977,1.043
-1.987,0.913
-1.908,-2.078
-2.063,0.078
-2.141,-2.832
-2.088,-1.473
-2.132,-0.652
-2.12,-2.605
-2.122,-1.573
-2.241,-2.018
-2.346,-1.23
-2.402,-1.948
-2.413,1.108
-2.419,0.799
-2.587,1.064
-2.52,-0.314
-2.52,-1.717
-2.634,-2.882
-2.581,1.16
-2.577,-0.606
-2.681,-1.892
-2.673,-2.768
-2.698,-1.05
-2.649,0.32
-2.691,-2.507
-2.724,-2.114
-2.817,-1.789
-2.761,1.061
-2.757,0.93
-2.803,1.031
-2.885,-1.962
-2.836,-0.204
-2.967,-0.956
-2.97,-1.469
-2.947,0.631
-3.088,0.663
-3.107,-0.694
-3.105,-2.179
-3.06,-1.221
-3.064,-0.904
-3.109,-1.683
-3.084,-2.757
-3.136,0.655
-3.082,0.668
-3.122,-0.894
3.095,-0.776
3.133,0.066
-3.134,-0.177
2.975,-0.893
3.038,-1.278
3.014,-2.777
2.912,-1.866
2.887,-0.234
2.866,0.719
2.765,-2.545
2.789,-0.96
2.76,-2.369
2.682,-1.909
2.664,-2.895
2.604,-1.314
2.668,0.366
2.663,0.628
2.593,-0.987
2.566,-2.123
2.617,-2.825
2.471,-0.6
2.408,0.913
2.395,-2.758
2.461,0.042
2.424,0.142
2.325,-2.509
2.278,-0.895
2.242,0.278
2.164,-1.778
2.101,-0.409
2.097,-0.121
1.872,-0.55
1.89,-1.822
1.836,-2.014
1.895,0.175
1.724,-2.835
1.65,-1.675
1.51,-2.309
1.578,-0.954
1.459,-1.867
1.443,-1.764
1.321,-0.355
1.376,0.939
1.346,-2.026
1.323,-1.423
1.196,-0.308
1.276,-2.752
1.256,0.196
1.157,-1.555
1.109,-0.367
1.072,-1.866
1.116,-0.034
1.036,-0.666
1.037,0.317
1.084,-1.742
1.04,-2.568
0.339,-2.936
-0.955,-3.224
-0.969,-2.964
-1.071,-2.899
-1.645,-2.981
-1.663,-3.129
-1.789,-3.331
-1.962,-3.337
-2.072,-3.16
-2.444,-2.931
-2.595,-3.223
-2.802,-3.054
-2.813,-3.176
-2.939,-3.205
-3.016,-2.992
3.025,-3.166
2.909,-3.282
2.858,-3.132
2.13,-2.942
1.743,-2.953
1.659,-3.1
1.514,-2.913
1.464,-3.1
1.386,-3.191
1.352,-3.145
1.417,-2.982
1.033,-2.851
0.96,-3.177
0.691,1.376
0.651,1.404
0.011,1.395
-0.263,1.342
-0.649,1.486
-0.745,1.296
-0.98,1.115
-1.813,1.483
-1.802,1.49
-2.207,1.187
-2.141,1.371
-2.376,1.367
-2.405,1.507
-2.687,1.214
2.874,1.352
2.866,1.511
2.37,1.358
2.024,1.188
1.765,1.281
1.039,1.569
1.03,1.247
0.895,0.84
0.716,-2.612
-0.884,0.706
-1.172,-1.483
-2.789,0.733
-2.835,-2.053
1.442,-0.044
0.311,-3.061
-0.154,-3.159
2.025,-2.9
1.06,1.021
1.025,-1.719
0.835,0.824
0.912,-2.3
0.877,-1.361
0.659,-0.951
0.669,-0.416
0.614,-0.395
0.486,0.984
0.577,0.013
0.457,0.675
0.359,-1.676
0.492,-0.249
0.404,-0.308
0.148,-0.188
0.281,0.642
0.111,-0.844
0.161,-0.744
0.172,-1.235
0.023,-2.653
0.075,-1.986
0.037,-0.512
0.043,-0.813
-0.166,-2.811
-0.163,-2.672
-0.192,-0.148
-0.194,-1.028
-0.115,-0.337
-0.707,-1.789
-0.866,-0.326
-0.73,-0.509
-0.756,-1.705
-0.914,-2.718
-0.977,-2.664
-0.98,0.953
-1.059,-1.633
-1.123,-0.164
-1.208,-2.56
-1.262,-1.14
-1.143,-0.725
-1.354,-2.021
-1.222,-0.152
-1.281,-1.151
-1.396,-0.031
-1.451,-2.438
-1.664,-2.409
-1.696,-1.541
-1.623,1.084
-1.792,-1.617
-1.709,-0.649
-2.045,-0.139
-2.198,-0.458
-2.146,-2.884
-2.151,0.635
-2.187,-0.828
-2.336,-1.686
-2.408,-2.753
-2.435,0.414
-2.309,0.174
-2.39,0.306
-2.569,1.061
-2.64,0.53
-2.538,-0.97
-2.537,-1.622
-2.661,-2.707
-2.759,-2.544
-2.752,-1.04
-2.769,-1.743
-2.814,-0.181
-3.025,-1.329
-3.063,-0.627
2.86,-2.148
2.829,-2.617
2.896,1.097
2.892,-2.389
2.584,-1.704
2.428,-0.091
2.351,-2.414
2.24,-0.045
2.352,-1.631
2.343,-0.793
2.224,-0.237
1.988,-0.398
1.961,-0.407
1.798,-1.761
1.761,-0.733
1.53,-1.103
1.487,-2.592
1.395,-1.25
1.273,-0.468
1.218,-1.471
1.284,-1.644
1.136,0.285
1.191,-1.685
0.99,-1.958
0.813,-3.185
0.772,-3.057
0.324,-3.025
-0.246,-2.853
-0.526,-3.124
-0.652,-2.949
-0.755,-2.98
-1.276,-3.192
-1.249,-3.073
-1.281,-3.354
-1.382,-3.22
-1.402,-3.219
-2.704,-3.035
2.661,-3.219
2.073,-2.963
1.83,-3.346
1.626,-3.067
1.413,-3.19
1.395,-3.018
1.176,-2.923
1.193,-3.081
1.113,-3.054
0.969,1.359
0.745,1.303
0.396,1.318
0.488,1.407
0.156,1.259
0.044,1.366
0.003,1.394
-0.087,1.046
-1.053,1.183
-1.339,1.332
-1.381,1.435
-1.571,1.13
-1.979,1.276
-1.867,1.148
-2.427,1.431
2.946,1.175
2.413,1.303
1.675,1.455
1.554,1.11
1.43,1.369
0.108,0.224
-0.015,-1.377
-1.076,0.283
-2.835,-0.739
3.063,-1.407
1.682,-1.396
0.189,0.026
-1.075,-0.668
-1.576,-1.523
-2.054,-0.672
-3.047,-0.668
3.056,-0.672
2.918,0.064
1.718,0.744
1.471,0.045
-2.498,-1.944
1.779,-2.166
1.005,-0.52
-2.449,-3.167
2.726,-2.603
1.615,-2.566
-2.913,-3.333
-2.886,-2.717
0.017,-0.892
-0.117,2.454
-0.148,1.729
-0.1,0.934
-0.166,2.451
-0.185,0.219
-0.184,-0.874
-0.291,0.702
-0.22,0.003
-0.334,0.152
-0.315,1.821
-0.328,0.774
-0.384,2.01
-0.421,0.121
-0.381,1.333
-0.528,2.258
-0.611,-0.206
-0.62,1.969
-0.586,-1.268
-0.68,0.218
-0.707,2.344
-0.724,-0.853
-0.713,-0.29
-0.723,2.081
-0.729,-0.304
-0.754,-1.115
-0.866,-0.848
-0.824,1.044
-0.886,2.19
-0.903,-1.042
-0.957,1.253
-0.988,-0.056
-1.003,1.221
-0.933,0.067
-0.949,-0.305
-1.035,0.658
-1.016,0.264
-1.103,2.279
-1.153,0.288
-1.107,1.798
-1.181,-0.062
-1.13,0.088
-1.203,0.659
-1.184,2.54
-1.294,0.746
-1.301,0.14
-1.339,-0.086
-1.407,-0.178
-1.362,-0.699
-1.523,0.314
-1.537,0.539
-1.485,0.515
-1.587,1.328
-1.642,2.448
-1.693,0.278
-1.781,-1.078
-1.714,0.552
-1.846,-0.939
-1.795,2.174
-1.868,-0.711
-1.941,2.586
-1.951,2.456
-1.872,-0.535
-2.027,1.621
-2.105,-1.289
-2.052,0.07
-2.096,0.891
-2.084,-1.062
-2.086,-0.03
-2.205,-0.475
-2.31,0.313
-2.366,-0.405
-2.377,2.651
-2.383,2.342
-2.551,2.607
-2.484,1.229
-2.484,-0.174
-2.598,-1.339
-2.545,2.703
-2.541,0.937
-2.645,-0.349
-2.637,-1.225
-2.662,0.493
-2.613,1.863
-2.655,-0.964
-2.688,-0.571
-2.781,-0.246
-2.725,2.604
-2.721,2.473
-2.767,2.574
-2.849,-0.419
-2.8,1.339
-2.931,0.587
-2.934,0.074
-2.911,2.174
-3.052,2.206
-3.071,0.849
-3.069,-0.636
-3.024,0.322
-3.028,0.639
-3.073,-0.14
-3.048,-1.214
-3.1,2.198
-3.046,2.211
-3.086,0.649
3.131,0.767
-3.114,1.609
-3.098,1.366
3.011,0.65
3.074,0.265
3.05,-1.234
2.948,-0.323
2.923,1.309
2.902,2.262
2.801,-1.002
2.825,0.583
2.796,-0.826
2.718,-0.366
2.7,-1.352
2.64,0.229
2.704,1.909
2.699,2.171
2.629,0.556
2.602,-0.58
2.653,-1.282
2.507,0.943
2.444,2.456
2.431,-1.215
2.497,1.585
2.46,1.685
2.361,-0.966
2.314,0.648
2.278,1.821
2.2,-0.235
2.137,1.134
2.133,1.422
1.908,0.993
1.926,-0.279
1.872,-0.471
1.931,1.718
1.76,-1.292
1.686,-0.132
1.546,-0.766
1.614,0.589
1.495,-0.324
1.479,-0.221
1.357,1.188
1.412,2.482
1.382,-0.483
1.359,0.12
1.232,1.235
1.312,-1.209
1.292,1.739
1.193,-0.012
1.145,1.176
1.108,-0.323
1.152,1.509
1.072,0.877
1.073,1.86
1.12,-0.199
1.076,-1.025
0.375,-1.393
-0.919,-1.681
-0.933,-1.421
-1.035,-1.356
-1.609,-1.438
-1.627,-1.586
-1.753,-1.788
-1.926,-1.794
-2.036,-1.617
-2.408,-1.388
-2.559,-1.68
-2.766,-1.511
-2.777,-1.633
-2.903,-1.662
-2.98,-1.449
3.061,-1.623
2.945,-1.739
2.894,-1.589
2.166,-1.399
1.779,-1.41
1.695,-1.557
1.55,-1.37
1.5,-1.557
1.422,-1.648
1.388,-1.602
1.453,-1.439
1.069,-1.308
0.996,-1.634
0.727,2.919
0.687,2.947
0.047,2.938
-0.227,2.885
-0.613,3.029
-0.709,2.839
-0.944,2.658
-1.777,3.026
-1.766,3.033
-2.171,2.73
-2.105,2.914
-2.34,2.91
-2.369,3.05
-2.651,2.757
2.91,2.895
2.902,3.054
2.406,2.901
2.06,2.731
1.801,2.824
1.075,3.112
1.066,2.79
0.931,2.383
0.752,-1.069
-0.848,2.249
-1.136,0.06
-2.753,2.276
-2.799,-0.51
1.478,1.499
0.347,-1.518
-0.118,-1.616
2.061,-1.357
1.096,2.564
1.061,-0.176
0.871,2.367
0.948,-0.757
0.913,0.182
0.695,0.592
0.705,1.127
0.65,1.148
0.522,2.527
0.613,1.556
0.493,2.218
0.395,-0.133
0.528,1.294
0.44,1.235
0.184,1.355
0.317,2.185
0.147,0.699
0.197,0.799
0.208,0.308
0.059,-1.11
0.111,-0.443
0.073,1.031
0.079,0.73
-0.13,-1.268
-0.127,-1.129
-0.156,1.395
-0.158,0.515
-0.079,1.206
-0.671,-0.246
-0.83,1.217
-0.694,1.034
-0.72,-0.162
-0.878,-1.175
-0.941,-1.121
-0.944,2.496
-1.023,-0.09
-1.087,1.379
-1.172,-1.017
-1.226,0.403
-1.107,0.818
-1.318,-0.478
-1.186,1.391
-1.245,0.392
-1.36,1.512
-1.415,-0.895
-1.628,-0.866
-1.66,0.002
-1.587,2.627
-1.756,-0.074
-1.673,0.894
-2.009,1.404
-2.162,1.085
-2.11,-1.341
-2.115,2.178
-2.151,0.715
-2.3,-0.143
-2.372,-1.21
-2.399,1.957
-2.273,1.717
-2.354,1.849
-2.533,2.604
-2.604,2.073
-2.502,0.573
-2.501,-0.079
-2.625,-1.164
-2.723,-1.001
-2.716,0.503
-2.733,-0.2
-2.778,1.362
-2.989,0.214
-3.027,0.916
2.896,-0.605
2.865,-1.074
2.932,2.64
2.928,-0.846
2.62,-0.161
2.464,1.452
2.387,-0.871
2.276,1.498
2.388,-0.088
2.379,0.75
2.26,1.306
2.024,1.145
1.997,1.136
1.834,-0.218
1.797,0.81
1.566,0.44
1.523,-1.049
1.431,0.293
1.309,1.075
1.254,0.072
1.32,-0.101
1.172,1.828
1.227,-0.142
1.026,-0.415
0.849,-1.642
0.808,-1.514
0.36,-1.482
-0.21,-1.31
-0.49,-1.581
-0.616,-1.406
-0.719,-1.437
-1.24,-1.649
-1.213,-1.53
-1.245,-1.811
-1.346,-1.677
-1.366,-1.676
-2.668,-1.492
2.697,-1.676
2.109,-1.42
1.866,-1.803
1.662,-1.524
1.449,-1.647
1.431,-1.475
1.212,-1.38
1.229,-1.538
1.149,-1.511
1.005,2.902
0.781,2.846
0.432,2.861
0.524,2.95
0.192,2.802
0.08,2.909
0.039,2.937
-0.051,2.589
-1.017,2.726
-1.303,2.875
-1.345,2.978
-1.535,2.673
-1.943,2.819
-1.831,2.691
-2.391,2.974
2.982,2.718
2.449,2.846
1.711,2.998
1.59,2.653
1.466,2.912
0.144,1.767
0.021,0.166
-1.04,1.826
-2.799,0.804
3.099,0.136
1.718,0.147
0.225,1.569
-1.039,0.875
-1.54,0.02
-2.018,0.871
-3.011,0.875
3.092,0.871
2.954,1.607
1.754,2.287
1.507,1.588
-2.462,-0.401
1.815,-0.623
1.041,1.023
-2.413,-1.624
2.762,-1.06
1.651,-1.023
-2.877,-1.79
-2.85,-1.174
-0.134,3.346
-0.165,2.621
-0.117,1.826
-0.183,3.343
-0.202,1.111
-0.201,0.018
-0.308,1.594
-0.237,0.895
-0.351,1.044
-0.332,2.713
-0.345,1.666
-0.401,2.902
-0.438,1.013
-0.398,2.225
-0.545,3.15
-0.628,0.686
-0.637,2.861
-0.603,-0.376
-0.697,1.11
-0.724,3.236
-0.741,0.039
-0.73,0.602
-0.74,2.973
-0.746,0.588
-0.771,-0.223
-0.883,0.044
-0.841,1.936
-0.903,3.082
-0.92,-0.15
-0.974,2.145
-1.005,0.836
-1.02,2.113
-0.95,0.959
-0.966,0.587
-1.052,1.55
-1.033,1.156
-1.12,3.171
-1.17,1.18
-1.124,2.69
-1.198,0.83
-1.147,0.98
-1.22,1.551
-1.201,3.432
-1.311,1.638
-1.318,1.032
-1.356,0.806
-1.424,0.714
-1.379,0.193
-1.54,1.206
-1.554,1.431
-1.502,1.407
-1.604,2.22
-1.659,3.34
-1.71,1.17
-1.798,-0.186
-1.731,1.444
-1.863,-0.047
-1.812,3.066
-1.885,0.181
-1.958,3.478
-1.968,3.348
-1.889,0.357
-2.044,2.513
-2.122,-0.397
-2.069,0.962
-2.113,1.783
-2.101,-0.17
-2.103,0.862
-2.222,0.417
-2.327,1.205
-2.383,0.487
-2.394,3.543
-2.4,3.234
-2.568,3.499
-2.501,2.121
-2.501,0.718
-2.615,-0.447
-2.562,3.595
-2.558,1.829
-2.662,0.543
-2.654,-0.333
-2.679,1.385
-2.63,2.755
-2.672,-0.072
-2.705,0.321
-2.798,0.646
-2.742,3.496
-2.738,3.365
-2.784,3.466
-2.866,0.473
-2.817,2.231
-2.948,1.479
-2.951,0.966
-2.928,3.066
-3.069,3.098
-3.088,1.741
-3.086,0.256
-3.041,1.214
-3.045,1.531
-3.09,0.752
-3.065,-0.322
-3.117,3.09
-3.063,3.103
-3.103,1.541
3.114,1.659
-3.131,2.501
-3.115,2.258
2.994,1.542
3.057,1.157
3.033,-0.342
2.931,0.569
2.906,2.201
2.885,3.154
2.784,-0.11
2.808,1.475
2.779,0.066
2.701,0.526
2.683,-0.46
2.623,1.121
2.687,2.801
2.682,3.063
2.612,1.448
2.585,0.312
2.636,-0.39
2.49,1.835
2.427,3.348
2.414,-0.323
2.48,2.477
2.443,2.577
2.344,-0.074
2.297,1.54
2.261,2.713
2.183,0.657
2.12,2.026
2.116,2.314
1.891,1.885
1.909,0.613
1.855,0.421
1.914,2.61
1.743,-0.4
1.669,0.76
1.529,0.126
1.597,1.481
1.478,0.568
1.462,0.671
1.34,2.08
1.395,3.374
1.365,0.409
1.342,1.012
1.215,2.127
1.295,-0.317
1.275,2.631
1.176,0.88
1.128,2.068
1.091,0.569
1.135,2.401
1.055,1.769
1.056,2.752
1.103,0.693
1.059,-0.133
0.358,-0.501
-0.936,-0.789
-0.95,-0.529
-1.052,-0.464
-1.626,-0.546
-1.644,-0.694
-1.77,-0.896
-1.943,-0.902
-2.053,-0.725
-2.425,-0.496
-2.576,-0.788
-2.783,-0.619
-2.794,-0.741
-2.92,-0.77
-2.997,-0.557
3.044,-0.731
2.928,-0.847
2.877,-0.697
2.149,-0.507
1.762,-0.518
1.678,-0.665
1.533,-0.478
1.483,-0.665
1.405,-0.756
1.371,-0.71
1.436,-0.547
1.052,-0.416
0.979,-0.742
0.71,3.811
0.67,3.839
0.03,3.83
-0.244,3.777
-0.63,3.921
-0.726,3.731
-0.961,3.55
-1.794,3.918
-1.783,3.925
-2.188,3.622
-2.122,3.806
-2.357,3.802
-2.386,3.942
-2.668,3.649
2.893,3.787
2.885,3.946
2.389,3.793
2.043,3.623
1.784,3.716
1.058,4.004
1.049,3.682
0.914,3.275
0.735,-0.177
-0.865,3.141
-1.153,0.952
-2.77,3.168
-2.816,0.382
1.461,2.391
0.33,-0.626
-0.135,-0.724
2.044,-0.465
1.079,3.456
1.044,0.716
0.854,3.259
0.931,0.135
0.896,1.074
0.678,1.484
0.688,2.019
0.633,2.04
0.505,3.419
0.596,2.448
0.476,3.11
0.378,0.759
0.511,2.186
0.423,2.127
0.167,2.247
0.3,3.077
0.13,1.591
0.18,1.691
0.191,1.2
0.042,-0.218
0.094,0.449
0.056,1.923
0.062,1.622
-0.147,-0.376
-0.144,-0.237
-0.173,2.287
-0.175,1.407
-0.096,2.098
-0.688,0.646
-0.847,2.109
-0.711,1.926
-0.737,0.73
-0.895,-0.283
-0.958,-0.229
-0.961,3.388
-1.04,0.802
-1.104,2.271
-1.189,-0.125
-1.243,1.295
-1.124,1.71
-1.335,0.414
-1.203,2.283
-1.262,1.284
-1.377,2.404
-1.432,-0.003
-1.645,0.026
-1.677,0.894
-1.604,3.519
-1.773,0.818
-1.69,1.786
-2.026,2.296
-2.179,1.977
-2.127,-0.449
-2.132,3.07
-2.168,1.607
-2.317,0.749
-2.389,-0.318
-2.416,2.849
-2.29,2.609
-2.371,2.741
-2.55,3.496
-2.621,2.965
-2.519,1.465
-2.518,0.813
-2.642,-0.272
-2.74,-0.109
-2.733,1.395
-2.75,0.692
-2.795,2.254
-3.006,1.106
-3.044,1.808
2.879,0.287
2.848,-0.182
2.915,3.532
2.911,0.046
2.603,0.731
2.447,2.344
2.37,0.021
2.259,2.39
2.371,0.804
2.362,1.642
2.243,2.198
2.007,2.037
1.98,2.028
1.817,0.674
1.78,1.702
1.549,1.332
1.506,-0.157
1.414,1.185
1.292,1.967
1.237,0.964
1.303,0.791
1.155,2.72
1.21,0.75
1.009,0.477
0.832,-0.75
0.791,-0.622
0.343,-0.59
-0.227,-0.418
-0.507,-0.689
-0.633,-0.514
-0.736,-0.545
-1.257,-0.757
-1.23,-0.638
-1.262,-0.919
-1.363,-0.785
-1.383,-0.784
-2.685,-0.6
2.68,-0.784
2.092,-0.528
1.849,-0.911
1.645,-0.632
1.432,-0.755
1.414,-0.583
1.195,-0.488
1.212,-0.646
1.132,-0.619
0.988,3.794
0.764,3.738
0.415,3.753
0.507,3.842
0.175,3.694
0.063,3.801
0.022,3.829
-0.068,3.481
-1.034,3.618
-1.32,3.767
-1.362,3.87
-1.552,3.565
-1.96,3.711
-1.848,3.583
-2.408,3.866
2.965,3.61
2.432,3.738
1.694,3.89
1.573,3.545
1.449,3.804
0.127,2.659
0.004,1.058
-1.057,2.718
-2.816,1.696
3.082,1.028
1.701,1.039
0.208,2.461
-1.056,1.767
-1.557,0.912
-2.035,1.763
-3.028,1.767
3.075,1.763
2.937,2.499
1.737,3.179
1.49,2.48
-2.479,0.491
1.798,0.269
1.024,1.915
-2.43,-0.732
2.745,-0.168
1.634,-0.131
-2.894,-0.898
-2.867,-0.282
-0.031,-0.725
0.017,-1.52
-0.049,-0.003
-0.068,-2.235
-0.067,-3.328
-0.174,-1.752
-0.103,-2.451
-0.217,-2.302
-0.198,-0.633
-0.211,-1.68
-0.267,-0.444
-0.304,-2.333
-0.264,-1.121
-0.411,-0.196
-0.494,-2.66
-0.503,-0.485
-0.469,-3.722
-0.563,-2.236
-0.59,-0.11
-0.607,-3.307
-0.596,-2.744
-0.606,-0.373
-0.612,-2.758
-0.637,-3.569
-0.749,-3.302
-0.707,-1.41
-0.769,-0.264
-0.786,-3.496
-0.84,-1.201
-0.871,-2.51
-0.886,-1.233
-0.816,-2.387
-0.832,-2.759
-0.918,-1.796
-0.899,-2.19
-0.986,-0.175
-1.036,-2.166
-0.99,-0.656
-1.064,-2.516
-1.013,-2.366
-1.086,-1.795
-1.067,0.086
-1.177,-1.708
-1.184,-2.314
-1.222,-2.54
-1.29,-2.632
-1.245,-3.153
-1.406,-2.14
-1.42,-1.915
-1.368,-1.939
-1.47,-1.126
-1.525,-0.006
-1.576,-2.176
-1.664,-3.532
-1.597,-1.902
-1.729,-3.393
-1.678,-0.28
-1.751,-3.165
-1.824,0.132
-1.834,0.002
-1.755,-2.989
-1.91,-0.833
-1.988,-3.743
-1.935,-2.384
-1.979,-1.563
-1.967,-3.516
-1.969,-2.484
-2.088,-2.929
-2.193,-2.141
-2.249,-2.859
-2.26,0.197
-2.266,-0.112
-2.434,0.153
-2.367,-1.225
-2.367,-2.628
-2.481,-3.793
-2.428,0.249
-2.424,-1.517
-2.528,-2.803
-2.52,-3.679
-2.545,-1.961
-2.496,-0.591
-2.538,-3.418
-2.571,-3.025
-2.664,-2.7
-2.608,0.15
-2.604,0.019
-2.65,0.12
-2.732,-2.873
-2.683,-1.115
-2.814,-1.867
-2.817,-2.38
-2.794,-0.28
-2.935,-0.248
-2.954,-1.605
-2.952,-3.09
-2.907,-2.132
-2.911,-1.815
-2.956,-2.594
-2.931,-3.668
-2.983,-0.256
-2.929,-0.243
-2.969,-1.805
-3.035,-1.687
-2.997,-0.845
-2.981,-1.088
3.128,-1.804
-3.092,-2.189
-3.116,-3.688
3.065,-2.777
3.04,-1.145
3.019,-0.192
2.918,-3.456
2.942,-1.871
2.913,-3.28
2.835,-2.82
2.817,-3.806
2.757,-2.225
2.821,-0.545
2.816,-0.283
2.746,-1.898
2.719,-3.034
2.77,-3.736
2.624,-1.511
2.561,0.002
2.548,-3.669
2.614,-0.869
2.577,-0.769
2.478,-3.42
2.431,-1.806
2.395,-0.633
2.317,-2.689
2.254,-1.32
2.25,-1.032
2.025,-1.461
2.043,-2.733
1.989,-2.925
2.048,-0.736
1.877,-3.746
1.803,-2.586
1.663,-3.22
1.731,-1.865
1.612,-2.778
1.596,-2.675
1.474,-1.266
1.529,0.028
1.499,-2.937
1.476,-2.334
1.349,-1.219
1.429,-3.663
1.409,-0.715
1.31,-2.466
1.262,-1.278
1.225,-2.777
1.269,-0.945
1.189,-1.577
1.19,-0.594
1.237,-2.653
1.193,-3.479
0.492,-3.847
-0.802,-4.135
-0.816,-3.875
-0.918,-3.81
-1.492,-3.892
-1.51,-4.04
-1.636,-4.242
-1.809,-4.248
-1.919,-4.071
-2.291,-3.842
-2.442,-4.134
-2.649,-3.965
-2.66,-4.087
-2.786,-4.116
-2.863,-3.903
-3.105,-4.077
3.062,-4.193
3.011,-4.043
2.283,-3.853
1.896,-3.864
1.812,-4.011
1.667,-3.824
1.617,-4.011
1.539,-4.102
1.505,-4.056
1.57,-3.893
1.186,-3.762
1.113,-4.088
0.844,0.465
0.804,0.493
0.164,0.484
-0.11,0.431
-0.496,0.575
-0.592,0.385
-0.827,0.204
-1.66,0.572
-1.649,0.579
-2.054,0.276
-1.988,0.46
-2.223,0.456
-2.252,0.596
-2.534,0.303
3.027,0.441
3.019,0.6
2.523,0.447
2.177,0.277
1.918,0.37
1.192,0.658
1.183,0.336
1.048,-0.071
0.869,-3.523
-0.731,-0.205
-1.019,-2.394
-2.636,-0.178
-2.682,-2.964
1.595,-0.955
0.464,-3.972
-0.001,-4.07
2.178,-3.811
1.213,0.11
1.178,-2.63
0.988,-0.087
1.065,-3.211
1.03,-2.272
0.812,-1.862
0.822,-1.327
0.767,-1.306
0.639,0.073
0.73,-0.898
0.61,-0.236
0.512,-2.587
0.645,-1.16
0.557,-1.219
0.301,-1.099
0.434,-0.269
0.264,-1.755
0.314,-1.655
0.325,-2.146
0.176,-3.564
0.228,-2.897
0.19,-1.423
0.196,-1.724
-0.013,-3.722
-0.01,-3.583
-0.039,-1.059
-0.041,-1.939
0.038,-1.248
-0.554,-2.7
-0.713,-1.237
-0.577,-1.42
-0.603,-2.616
-0.761,-3.629
-0.824,-3.575
-0.827,0.042
-0.906,-2.544
-0.97,-1.075
-1.055,-3.471
-1.109,-2.051
-0.99,-1.636
-1.201,-2.932
-1.069,-1.063
-1.128,-2.062
-1.243,-0.942
-1.298,-3.349
-1.511,-3.32
-1.543,-2.452
-1.47,0.173
-1.639,-2.528
-1.556,-1.56
-1.892,-1.05
-2.045,-1.369
-1.993,-3.795
-1.998,-0.276
-2.034,-1.739
-2.183,-2.597
-2.255,-3.664
-2.282,-0.497
-2.156,-0.737
-2.237,-0.605
-2.416,0.15
-2.487,-0.381
-2.385,-1.881
-2.384,-2.533
-2.508,-3.618
-2.606,-3.455
-2.599,-1.951
-2.616,-2.654
-2.661,-1.092
-2.872,-2.24
-2.91,-1.538
3.013,-3.059
2.982,-3.528
3.049,0.186
3.045,-3.3
2.737,-2.615
2.581,-1.002
2.504,-3.325
2.393,-0.956
2.505,-2.542
2.496,-1.704
2.377,-1.148
2.141,-1.309
2.114,-1.318
1.951,-2.672
1.914,-1.644
1.683,-2.014
1.64,-3.503
1.548,-2.161
1.426,-1.379
1.371,-2.382
1.437,-2.555
1.289,-0.626
1.344,-2.596
1.143,-2.869
0.966,-4.096
0.925,-3.968
0.477,-3.936
-0.093,-3.764
-0.373,-4.035
-0.499,-3.86
-0.602,-3.891
-1.123,-4.103
-1.096,-3.984
-1.128,-4.265
-1.229,-4.131
-1.249,-4.13
-2.551,-3.946
2.814,-4.13
2.226,-3.874
1.983,-4.257
1.779,-3.978
1.566,-4.101
1.548,-3.929
1.329,-3.834
1.346,-3.992
1.266,-3.965
1.122,0.448
0.898,0.392
0.549,0.407
0.641,0.496
0.309,0.348
0.197,0.455
0.156,0.483
0.066,0.135
-0.9,0.272
-1.186,0.421
-1.228,0.524
-1.418,0.219
-1.826,0.365
-1.714,0.237
-2.274,0.52
3.099,0.264
2.566,0.392
1.828,0.544
1.707,0.199
1.583,0.458
0.261,-0.687
0.138,-2.288
-0.923,-0.628
-2.682,-1.65
-3.067,-2.318
1.835,-2.307
0.342,-0.885
-0.922,-1.579
-1.423,-2.434
-1.901,-1.583
-2.894,-1.579
-3.074,-1.583
3.071,-0.847
1.871,-0.167
1.624,-0.866
-2.345,-2.855
1.932,-3.077
1.158,-1.431
-2.296,-4.078
2.879,-3.514
1.768,-3.477
-2.76,-4.244
-2.733,-3.628
0.048,-0.795
-0.018,0.722
-0.037,-1.51
-0.036,-2.603
-0.143,-1.027
-0.072,-1.726
-0.186,-1.577
-0.167,0.092
-0.18,-0.955
-0.236,0.281
-0.273,-1.608
-0.233,-0.396
-0.38,0.529
-0.463,-1.935
-0.472,0.24
-0.438,-2.997
-0.532,-1.511
-0.559,0.615
-0.576,-2.582
-0.565,-2.019
-0.575,0.352
-0.581,-2.033
-0.606,-2.844
-0.718,-2.577
-0.676,-0.685
-0.738,0.461
-0.755,-2.771
-0.809,-0.476
-0.84,-1.785
-0.855,-0.508
-0.785,-1.662
-0.801,-2.034
-0.887,-1.071
-0.868,-1.465
-0.955,0.55
-1.005,-1.441
-0.959,0.069
-1.033,-1.791
-0.982,-1.641
-1.055,-1.07
-1.036,0.811
-1.146,-0.983
-1.153,-1.589
-1.191,-1.815
-1.259,-1.907
-1.214,-2.428
-1.375,-1.415
-1.389,-1.19
-1.337,-1.214
-1.439,-0.401
-1.494,0.719
-1.545,-1.451
-1.633,-2.807
-1.566,-1.177
-1.698,-2.668
-1.647,0.445
-1.72,-2.44
-1.793,0.857
-1.803,0.727
-1.724,-2.264
-1.879,-0.108
-1.957,-3.018
-1.904,-1.659
-1.948,-0.838
-1.936,-2.791
-1.938,-1.759
-2.057,-2.204
-2.162,-1.416
-2.218,-2.134
-2.229,0.922
-2.235,0.613
-2.403,0.878
-2.336,-0.5
-2.336,-1.903
-2.45,-3.068
-2.397,0.974
-2.393,-0.792
-2.497,-2.078
-2.489,-2.954
-2.514,-1.236
-2.465,0.134
-2.507,-2.693
-2.54,-2.3
-2.633,-1.975
-2.577,0.875
-2.573,0.744
-2.619,0.845
-2.701,-2.148
-2.652,-0.39
-2.783,-1.142
-2.786,-1.655
-2.763,0.445
-2.904,0.477
-2.923,-0.88
-2.921,-2.365
-2.876,-1.407
-2.88,-1.09
-2.925,-1.869
-2.9,-2.943
-2.952,0.469
-2.898,0.482
-2.938,-1.08
-3.004,-0.962
-2.966,-0.12
-2.95,-0.363
-3.124,-1.079
-3.061,-1.464
-3.085,-2.963
3.096,-2.052
3.071,-0.42
3.05,0.533
2.949,-2.731
2.973,-1.146
2.944,-2.555
2.866,-2.095
2.848,-3.081
2.788,-1.5
2.852,0.18
2.847,0.442
2.777,-1.173
2.75,-2.309
2.801,-3.011
2.655,-0.786
2.592,0.727
2.579,-2.944
2.645,-0.144
2.608,-0.044
2.509,-2.695
2.462,-1.081
2.426,0.092
2.348,-1.964
2.285,-0.595
2.281,-0.307
2.056,-0.736
2.074,-2.008
2.02,-2.2
2.079,-0.011
1.908,-3.021
1.834,-1.861
1.694,-2.495
1.762,-1.14
1.643,-2.053
1.627,-1.95
1.505,-0.541
1.56,0.753
1.53,-2.212
1.507,-1.609
1.38,-0.494
1.46,-2.938
1.44,0.01
1.341,-1.741
1.293,-0.553
1.256,-2.052
1.3,-0.22
1.22,-0.852
1.221,0.131
1.268,-1.928
1.224,-2.754
0.523,-3.122
-0.771,-3.41
-0.785,-3.15
-0.887,-3.085
-1.461,-3.167
-1.479,-3.315
-1.605,-3.517
-1.778,-3.523
-1.888,-3.346
-2.26,-3.117
-2.411,-3.409
-2.618,-3.24
-2.629,-3.362
-2.755,-3.391
-2.832,-3.178
-3.074,-3.352
3.093,-3.468
3.042,-3.318
2.314,-3.128
1.927,-3.139
1.843,-3.286
1.698,-3.099
1.648,-3.286
1.57,-3.377
1.536,-3.331
1.601,-3.168
1.217,-3.037
1.144,-3.363
0.875,1.19
0.835,1.218
0.195,1.209
-0.079,1.156
-0.465,1.3
-0.561,1.11
-0.796,0.929
-1.629,1.297
-1.618,1.304
-2.023,1.001
-1.957,1.185
-2.192,1.181
-2.221,1.321
-2.503,1.028
3.058,1.166
3.05,1.325
2.554,1.172
2.208,1.002
1.949,1.095
1.223,1.383
1.214,1.061
1.079,0.654
0.9,-2.798
-0.7,0.52
-0.988,-1.669
-2.605,0.547
-2.651,-2.239
1.626,-0.23
0.495,-3.247
0.03,-3.345
2.209,-3.086
1.244,0.835
1.209,-1.905
1.019,0.638
1.096,-2.486
1.061,-1.547
0.843,-1.137
0.853,-0.602
0.798,-0.581
0.67,0.798
0.761,-0.173
0.641,0.489
0.543,-1.862
0.676,-0.435
0.588,-0.494
0.332,-0.374
0.465,0.456
0.295,-1.03
0.345,-0.93
0.356,-1.421
0.207,-2.839
0.259,-2.172
0.221,-0.698
0.227,-0.999
0.018,-2.997
0.021,-2.858
-0.008,-0.334
-0.01,-1.214
0.069,-0.523
-0.523,-1.975
-0.682,-0.512
-0.546,-0.695
-0.572,-1.891
-0.73,-2.904
-0.793,-2.85
-0.796,0.767
-0.875,-1.819
-0.939,-0.35
-1.024,-2.746
-1.078,-1.326
-0.959,-0.911
-1.17,-2.207
-1.038,-0.338
-1.097,-1.337
-1.212,-0.217
-1.267,-2.624
-1.48,-2.595
-1.512,-1.727
-1.439,0.898
-1.608,-1.803
-1.525,-0.835
-1.861,-0.325
-2.014,-0.644
-1.962,-3.07
-1.967,0.449
-2.003,-1.014
-2.152,-1.872
-2.224,-2.939
-2.251,0.228
-2.125,-0.012
-2.206,0.12
-2.385,0.875
-2.456,0.344
-2.354,-1.156
-2.353,-1.808
-2.477,-2.893
-2.575,-2.73
-2.568,-1.226
-2.585,-1.929
-2.63,-0.367
-2.841,-1.515
-2.879,-0.813
3.044,-2.334
3.013,-2.803
3.08,0.911
3.076,-2.575
2.768,-1.89
2.612,-0.277
2.535,-2.6
2.424,-0.231
2.536,-1.817
2.527,-0.979
2.408,-0.423
2.172,-0.584
2.145,-0.593
1.982,-1.947
1.945,-0.919
1.714,-1.289
1.671,-2.778
1.579,-1.436
1.457,-0.654
1.402,-1.657
1.468,-1.83
1.32,0.099
1.375,-1.871
1.174,-2.144
0.997,-3.371
0.956,-3.243
0.508,-3.211
-0.062,-3.039
-0.342,-3.31
-0.468,-3.135
-0.571,-3.166
-1.092,-3.378
-1.065,-3.259
-1.097,-3.54
-1.198,-3.406
-1.218,-3.405
-2.52,-3.221
2.845,-3.405
2.257,-3.149
2.014,-3.532
1.81,-3.253
1.597,-3.376
1.579,-3.204
1.36,-3.109
1.377,-3.267
1.297,-3.24
1.153,1.173
0.929,1.117
0.58,1.132
0.672,1.221
0.34,1.073
0.228,1.18
0.187,1.208
0.097,0.86
-0.869,0.997
-1.155,1.146
-1.197,1.249
-1.387,0.944
-1.795,1.09
-1.683,0.962
-2.243,1.245
3.13,0.989
2.597,1.117
1.859,1.269
1.738,0.924
1.614,1.183
0.292,0.038
0.169,-1.563
-0.892,0.097
-2.651,-0.925
-3.036,-1.593
1.866,-1.582
0.373,-0.16
-0.891,-0.854
-1.392,-1.709
-1.87,-0.858
-2.863,-0.854
-3.043,-0.858
3.102,-0.122
1.902,0.558
1.655,-0.141
-2.314,-2.13
1.963,-2.352
1.189,-0.706
-2.265,-3.353
2.91,-2.789
1.799,-2.752
-2.729,-3.519
-2.702,-2.903
-0.066,1.517
-0.085,-0.715
-0.084,-1.808
-0.191,-0.232
-0.12,-0.931
-0.234,-0.782
-0.215,0.887
-0.228,-0.16
-0.284,1.076
-0.321,-0.813
-0.281,0.399
-0.428,1.324
-0.511,-1.14
-0.52,1.035
-0.486,-2.202
-0.58,-0.716
-0.607,1.41
-0.624,-1.787
-0.613,-1.224
-0.623,1.147
-0.629,-1.238
-0.654,-2.049
-0.766,-1.782
-0.724,0.11
-0.786,1.256
-0.803,-1.976
-0.857,0.319
-0.888,-0.99
-0.903,0.287
-0.833,-0.867
-0.849,-1.239
-0.935,-0.276
-0.916,-0.67
-1.003,1.345
-1.053,-0.646
-1.007,0.864
-1.081,-0.996
-1.03,-0.846
-1.103,-0.275
-1.084,1.606
-1.194,-0.188
-1.201,-0.794
-1.239,-1.02
-1.307,-1.112
-1.262,-1.633
-1.423,-0.62
-1.437,-0.395
-1.385,-0.419
-1.487,0.394
-1.542,1.514
-1.593,-0.656
-1.681,-2.012
-1.614,-0.382
-1.746,-1.873
-1.695,1.24
-1.768,-1.645
-1.841,1.652
-1.851,1.522
-1.772,-1.469
-1.927,0.687
-2.005,-2.223
-1.952,-0.864
-1.996,-0.043
-1.984,-1.996
-1.986,-0.964
-2.105,-1.409
-2.21,-0.621
-2.266,-1.339
-2.277,1.717
-2.283,1.408
-2.451,1.673
-2.384,0.295
-2.384,-1.108
-2.498,-2.273
-2.445,1.769
-2.441,0.003
-2.545,-1.283
-2.537,-2.159
-2.562,-0.441
-2.513,0.929
-2.555,-1.898
-2.588,-1.505
-2.681,-1.18
-2.625,1.67
-2.621,1.539
-2.667,1.64
-2.749,-1.353
-2.7,0.405
-2.831,-0.347
-2.834,-0.86
-2.811,1.24
-2.952,1.272
-2.971,-0.085
-2.969,-1.57
-2.924,-0.612
-2.928,-0.295
-2.973,-1.074
-2.948,-2.148
-3.0,1.264
-2.946,1.277
-2.986,-0.285
-3.052,-0.167
-3.014,0.675
-2.998,0.432
3.111,-0.284
-3.109,-0.669
-3.133,-2.168
3.048,-1.257
3.023,0.375
3.002,1.328
2.901,-1.936
2.925,-0.351
2.896,-1.76
2.818,-1.3
2.8,-2.286
2.74,-0.705
2.804,0.975
2.799,1.237
2.729,-0.378
2.702,-1.514
2.753,-2.216
2.607,0.009
2.544,1.522
2.531,-2.149
2.597,0.651
2.56,0.751
2.461,-1.9
2.414,-0.286
2.378,0.887
2.3,-1.169
2.237,0.2
2.233,0.488
2.008,0.059
2.026,-1.213
1.972,-1.405
2.031,0.784
1.86,-2.226
1.786,-1.066
1.646,-1.7
1.714,-0.345
1.595,-1.258
1.579,-1.155
1.457,0.254
1.512,1.548
1.482,-1.417
1.459,-0.814
1.332,0.301
1.412,-2.143
1.392,0.805
1.293,-0.946
1.245,0.242
1.208,-1.257
1.252,0.575
1.172,-0.057
1.173,0.926
1.22,-1.133
1.176,-1.959
0.475,-2.327
-0.819,-2.615
-0.833,-2.355
-0.935,-2.29
-1.509,-2.372
-1.527,-2.52
-1.653,-2.722
-1.826,-2.728
-1.936,-2.551
-2.308,-2.322
-2.459,-2.614
-2.666,-2.445
-2.677,-2.567
-2.803,-2.596
-2.88,-2.383
-3.122,-2.557
3.045,-2.673
2.994,-2.523
2.266,-2.333
1.879,-2.344
1.795,-2.491
1.65,-2.304
1.6,-2.491
1.522,-2.582
1.488,-2.536
1.553,-2.373
1.169,-2.242
1.096,-2.568
0.827,1.985
0.787,2.013
0.147,2.004
-0.127,1.951
-0.513,2.095
-0.609,1.905
-0.844,1.724
-1.677,2.092
-1.666,2.099
-2.071,1.796
-2.005,1.98
-2.24,1.976
-2.269,2.116
-2.551,1.823
3.01,1.961
3.002,2.12
2.506,1.967
2.16,1.797
1.901,1.89
1.175,2.178
1.166,1.856
1.031,1.449
0.852,-2.003
-0.748,1.315
-1.036,-0.874
-2.653,1.342
-2.699,-1.444
1.578,0.565
0.447,-2.452
-0.018,-2.55
2.161,-2.291
1.196,1.63
1.161,-1.11
0.971,1.433
1.048,-1.691
1.013,-0.752
0.795,-0.342
0.805,0.193
0.75,0.214
0.622,1.593
0.713,0.622
0.593,1.284
0.495,-1.067
0.628,0.36
0.54,0.301
0.284,0.421
0.417,1.251
0.247,-0.235
0.297,-0.135
0.308,-0.626
0.159,-2.044
0.211,-1.377
0.173,0.097
0.179,-0.204
-0.03,-2.202
-0.027,-2.063
-0.056,0.461
-0.058,-0.419
0.021,0.272
-0.571,-1.18
-0.73,0.283
-0.594,0.1
-0.62,-1.096
-0.778,-2.109
-0.841,-2.055
-0.844,1.562
-0.923,-1.024
-0.987,0.445
-1.072,-1.951
-1.126,-0.531
-1.007,-0.116
-1.218,-1.412
-1.086,0.457
-1.145,-0.542
-1.26,0.578
-1.315,-1.829
-1.528,-1.8
-1.56,-0.932
-1.487,1.693
-1.656,-1.008
-1.573,-0.04
-1.909,0.47
-2.062,0.151
-2.01,-2.275
-2.015,1.244
-2.051,-0.219
-2.2,-1.077
-2.272,-2.144
-2.299,1.023
-2.173,0.783
-2.254,0.915
-2.433,1.67
-2.504,1.139
-2.402,-0.361
-2.401,-1.013
-2.525,-2.098
-2.623,-1.935
-2.616,-0.431
-2.633,-1.134
-2.678,0.428
-2.889,-0.72
-2.927,-0.018
2.996,-1.539
2.965,-2.008
3.032,1.706
3.028,-1.78
2.72,-1.095
2.564,0.518
2.487,-1.805
2.376,0.564
2.488,-1.022
2.479,-0.184
2.36,0.372
2.124,0.211
2.097,0.202
1.934,-1.152
1.897,-0.124
1.666,-0.494
1.623,-1.983
1.531,-0.641
1.409,0.141
1.354,-0.862
1.42,-1.035
1.272,0.894
1.327,-1.076
1.126,-1.349
0.949,-2.576
0.908,-2.448
0.46,-2.416
-0.11,-2.244
-0.39,-2.515
-0.516,-2.34
-0.619,-2.371
-1.14,-2.583
-1.113,-2.464
-1.145,-2.745
-1.246,-2.611
-1.266,-2.61
-2.568,-2.426
2.797,-2.61
2.209,-2.354
1.966,-2.737
1.762,-2.458
1.549,-2.581
1.531,-2.409
1.312,-2.314
1.329,-2.472
1.249,-2.445
1.105,1.968
0.881,1.912
0.532,1.927
0.624,2.016
0.292,1.868
0.18,1.975
0.139,2.003
0.049,1.655
-0.917,1.792
-1.203,1.941
-1.245,2.044
-1.435,1.739
-1.843,1.885
-1.731,1.757
-2.291,2.04
3.082,1.784
2.549,1.912
1.811,2.064
1.69,1.719
1.566,1.978
0.244,0.833
0.121,-0.768
-0.94,0.892
-2.699,-0.13
-3.084,-0.798
1.818,-0.787
0.325,0.635
-0.939,-0.059
-1.44,-0.914
-1.918,-0.063
-2.911,-0.059
-3.091,-0.063
3.054,0.673
1.854,1.353
1.607,0.654
-2.362,-1.335
1.915,-1.557
1.141,0.089
-2.313,-2.558
2.862,-1.994
1.751,-1.957
-2.777,-2.724
-2.75,-2.108
-0.019,-2.232
-0.018,-3.325
-0.125,-1.749
-0.054,-2.448
-0.168,-2.299
-0.149,-0.63
-0.162,-1.677
-0.218,-0.441
-0.255,-2.33
-0.215,-1.118
-0.362,-0.193
-0.445,-2.657
-0.454,-0.482
-0.42,-3.719
-0.514,-2.233
-0.541,-0.107
-0.558,-3.304
-0.547,-2.741
-0.557,-0.37
-0.563,-2.755
-0.588,-3.566
-0.7,-3.299
-0.658,-1.407
-0.72,-0.261
-0.737,-3.493
-0.791,-1.198
-0.822,-2.507
-0.837,-1.23
-0.767,-2.384
-0.783,-2.756
-0.869,-1.793
-0.85,-2.187
-0.937,-0.172
-0.987,-2.163
-0.941,-0.653
-1.015,-2.513
-0.964,-2.363
-1.037,-1.792
-1.018,0.089
-1.128,-1.705
-1.135,-2.311
-1.173,-2.537
-1.241,-2.629
-1.196,-3.15
-1.357,-2.137
-1.371,-1.912
-1.319,-1.936
-1.421,-1.123
-1.476,-0.003
-1.527,-2.173
-1.615,-3.529
-1.548,-1.899
-1.68,-3.39
-1.629,-0.277
-1.702,-3.162
-1.775,0.135
-1.785,0.005
-1.706,-2.986
-1.861,-0.83
-1.939,-3.74
-1.886,-2.381
-1.93,-1.56
-1.918,-3.513
-1.92,-2.481
-2.039,-2.926
-2.144,-2.138
-2.2,-2.856
-2.211,0.2
-2.217,-0.109
-2.385,0.156
-2.318,-1.222
-2.318,-2.625
-2.432,-3.79
-2.379,0.252
-2.375,-1.514
-2.479,-2.8
-2.471,-3.676
-2.496,-1.958
-2.447,-0.588
-2.489,-3.415
-2.522,-3.022
-2.615,-2.697
-2.559,0.153
-2.555,0.022
-2.601,0.123
-2.683,-2.87
-2.634,-1.112
-2.765,-1.864
-2.768,-2.377
-2.745,-0.277
-2.886,-0.245
-2.905,-1.602
-2.903,-3.087
-2.858,-2.129
-2.862,-1.812
-2.907,-2.591
-2.882,-3.665
-2.934,-0.253
-2.88,-0.24
-2.92,-1.802
-2.986,-1.684
-2.948,-0.842
-2.932,-1.085
-3.106,-1.801
-3.043,-2.186
-3.067,-3.685
3.114,-2.774
3.089,-1.142
3.068,-0.189
2.967,-3.453
2.991,-1.868
2.962,-3.277
2.884,-2.817
2.866,-3.803
2.806,-2.222
2.87,-0.542
2.865,-0.28
2.795,-1.895
2.768,-3.031
2.819,-3.733
2.673,-1.508
2.61,0.005
2.597,-3.666
2.663,-0.866
2.626,-0.766
2.527,-3.417
2.48,-1.803
2.444,-0.63
2.366,-2.686
2.303,-1.317
2.299,-1.029
2.074,-1.458
2.092,-2.73
2.038,-2.922
2.097,-0.733
1.926,-3.743
1.852,-2.583
1.712,-3.217
1.78,-1.862
1.661,-2.775
1.645,-2.672
1.523,-1.263
1.578,0.031
1.548,-2.934
1.525,-2.331
1.398,-1.216
1.478,-3.66
1.458,-0.712
1.359,-2.463
1.311,-1.275
1.274,-2.774
1.318,-0.942
1.238,-1.574
1.239,-0.591
1.286,-2.65
1.242,-3.476
0.541,-3.844
-0.753,-4.132
-0.767,-3.872
-0.869,-3.807
-1.443,-3.889
-1.461,-4.037
-1.587,-4.239
-1.76,-4.245
-1.87,-4.068
-2.242,-3.839
-2.393,-4.131
-2.6,-3.962
-2.611,-4.084
-2.737,-4.113
-2.814,-3.9
-3.056,-4.074
3.111,-4.19
3.06,-4.04
2.332,-3.85
1.945,-3.861
1.861,-4.008
1.716,-3.821
1.666,-4.008
1.588,-4.099
1.554,-4.053
1.619,-3.89
1.235,-3.759
1.162,-4.085
0.893,0.468
0.853,0.496
0.213,0.487
-0.061,0.434
-0.447,0.578
-0.543,0.388
-0.778,0.207
-1.611,0.575
-1.6,0.582
-2.005,0.279
-1.939,0.463
-2.174,0.459
-2.203,0.599
-2.485,0.306
3.076,0.444
3.068,0.603
2.572,0.45
2.226,0.28
1.967,0.373
1.241,0.661
1.232,0.339
1.097,-0.068
0.918,-3.52
-0.682,-0.202
-0.97,-2.391
-2.587,-0.175
-2.633,-2.961
1.644,-0.952
0.513,-3.969
0.048,-4.067
2.227,-3.808
1.262,0.113
1.227,-2.627
1.037,-0.084
1.114,-3.208
1.079,-2.269
0.861,-1.859
0.871,-1.324
0.816,-1.303
0.688,0.076
0.779,-0.895
0.659,-0.233
0.561,-2.584
0.694,-1.157
0.606,-1.216
0.35,-1.096
0.483,-0.266
0.313,-1.752
0.363,-1.652
0.374,-2.143
0.225,-3.561
0.277,-2.894
0.239,-1.42
0.245,-1.721
0.036,-3.719
0.039,-3.58
0.01,-1.056
0.008,-1.936
0.087,-1.245
-0.505,-2.697
-0.664,-1.234
-0.528,-1.417
-0.554,-2.613
-0.712,-3.626
-0.775,-3.572
-0.778,0.045
-0.857,-2.541
-0.921,-1.072
-1.006,-3.468
-1.06,-2.048
-0.941,-1.633
-1.152,-2.929
-1.02,-1.06
-1.079,-2.059
-1.194,-0.939
-1.249,-3.346
-1.462,-3.317
-1.494,-2.449
-1.421,0.176
-1.59,-2.525
-1.507,-1.557
-1.843,-1.047
-1.996,-1.366
-1.944,-3.792
-1.949,-0.273
-1.985,-1.736
-2.134,-2.594
-2.206,-3.661
-2.233,-0.494
-2.107,-0.734
-2.188,-0.602
-2.367,0.153
-2.438,-0.378
-2.336,-1.878
-2.335,-2.53
-2.459,-3.615
-2.557,-3.452
-2.55,-1.948
-2.567,-2.651
-2.612,-1.089
-2.823,-2.237
-2.861,-1.535
3.062,-3.056
3.031,-3.525
3.098,0.189
3.094,-3.297
2.786,-2.612
2.63,-0.999
2.553,-3.322
2.442,-0.953
2.554,-2.539
2.545,-1.701
2.426,-1.145
2.19,-1.306
2.163,-1.315
2.0,-2.669
1.963,-1.641
1.732,-2.011
1.689,-3.5
1.597,-2.158
1.475,-1.376
1.42,-2.379
1.486,-2.552
1.338,-0.623
1.393,-2.593
1.192,-2.866
1.015,-4.093
0.974,-3.965
0.526,-3.933
-0.044,-3.761
-0.324,-4.032
-0.45,-3.857
-0.553,-3.888
-1.074,-4.1
-1.047,-3.981
-1.079,-4.262
-1.18,-4.128
-1.2,-4.127
-2.502,-3.943
2.863,-4.127
2.275,-3.871
2.032,-4.254
1.828,-3.975
1.615,-4.098
1.597,-3.926
1.378,-3.831
1.395,-3.989
1.315,-3.962
1.171,0.451
0.947,0.395
0.598,0.41
0.69,0.499
0.358,0.351
0.246,0.458
0.205,0.486
0.115,0.138
-0.851,0.275
-1.137,0.424
-1.179,0.527
-1.369,0.222
-1.777,0.368
-1.665,0.24
-2.225,0.523
-3.135,0.267
2.615,0.395
1.877,0.547
1.756,0.202
1.632,0.461
0.31,-0.684
0.187,-2.285
-0.874,-0.625
-2.633,-1.647
-3.018,-2.315
1.884,-2.304
0.391,-0.882
-0.873,-1.576
-1.374,-2.431
-1.852,-1.58
-2.845,-1.576
-3.025,-1.58
3.12,-0.844
1.92,-0.164
1.673,-0.863
-2.296,-2.852
1.981,-3.074
1.207,-1.428
-2.247,-4.075
2.928,-3.511
1.817,-3.474
-2.711,-4.241
-2.684,-3.625
0.001,-1.093
-0.106,0.483
-0.035,-0.216
-0.149,-0.067
-0.13,1.602
-0.143,0.555
-0.199,1.791
-0.236,-0.098
-0.196,1.114
-0.343,2.039
-0.426,-0.425
-0.435,1.75
-0.401,-1.487
-0.495,-0.001
-0.522,2.125
-0.539,-1.072
-0.528,-0.509
-0.538,1.862
-0.544,-0.523
-0.569,-1.334
-0.681,-1.067
-0.639,0.825
-0.701,1.971
-0.718,-1.261
-0.772,1.034
-0.803,-0.275
-0.818,1.002
-0.748,-0.152
-0.764,-0.524
-0.85,0.439
-0.831,0.045
-0.918,2.06
-0.968,0.069
-0.922,1.579
-0.996,-0.281
-0.945,-0.131
-1.018,0.44
-0.999,2.321
-1.109,0.527
-1.116,-0.079
-1.154,-0.305
-1.222,-0.397
-1.177,-0.918
-1.338,0.095
-1.352,0.32
-1.3,0.296
-1.402,1.109
-1.457,2.229
-1.508,0.059
-1.596,-1.297
-1.529,0.333
-1.661,-1.158
-1.61,1.955
-1.683,-0.93
-1.756,2.367
-1.766,2.237
-1.687,-0.754
-1.842,1.402
-1.92,-1.508
-1.867,-0.149
-1.911,0.672
-1.899,-1.281
-1.901,-0.249
-2.02,-0.694
-2.125,0.094
-2.181,-0.624
-2.192,2.432
-2.198,2.123
-2.366,2.388
-2.299,1.01
-2.299,-0.393
-2.413,-1.558
-2.36,2.484
-2.356,0.718
-2.46,-0.568
-2.452,-1.444
-2.477,0.274
-2.428,1.644
-2.47,-1.183
-2.503,-0.79
-2.596,-0.465
-2.54,2.385
-2.536,2.254
-2.582,2.355
-2.664,-0.638
-2.615,1.12
-2.746,0.368
-2.749,-0.145
-2.726,1.955
-2.867,1.987
-2.886,0.63
-2.884,-0.855
-2.839,0.103
-2.843,0.42
-2.888,-0.359
-2.863,-1.433
-2.915,1.979
-2.861,1.992
-2.901,0.43
-2.967,0.548
-2.929,1.39
-2.913,1.147
-3.087,0.431
-3.024,0.046
-3.048,-1.453
3.133,-0.542
3.108,1.09
3.087,2.043
2.986,-1.221
3.01,0.364
2.981,-1.045
2.903,-0.585
2.885,-1.571
2.825,0.01
2.889,1.69
2.884,1.952
2.814,0.337
2.787,-0.799
2.838,-1.501
2.692,0.724
2.629,2.237
2.616,-1.434
2.682,1.366
2.645,1.466
2.546,-1.185
2.499,0.429
2.463,1.602
2.385,-0.454
2.322,0.915
2.318,1.203
2.093,0.774
2.111,-0.498
2.057,-0.69
2.116,1.499
1.945,-1.511
1.871,-0.351
1.731,-0.985
1.799,0.37
1.68,-0.543
1.664,-0.44
1.542,0.969
1.597,2.263
1.567,-0.702
1.544,-0.099
1.417,1.016
1.497,-1.428
1.477,1.52
1.378,-0.231
1.33,0.957
1.293,-0.542
1.337,1.29
1.257,0.658
1.258,1.641
1.305,-0.418
1.261,-1.244
0.56,-1.612
-0.734,-1.9
-0.748,-1.64
-0.85,-1.575
-1.424,-1.657
-1.442,-1.805
-1.568,-2.007
-1.741,-2.013
-1.851,-1.836
-2.223,-1.607
-2.374,-1.899
-2.581,-1.73
-2.592,-1.852
-2.718,-1.881
-2.795,-1.668
-3.037,-1.842
3.13,-1.958
3.079,-1.808
2.351,-1.618
1.964,-1.629
1.88,-1.776
1.735,-1.589
1.685,-1.776
1.607,-1.867
1.573,-1.821
1.638,-1.658
1.254,-1.527
1.181,-1.853
0.912,2.7
0.872,2.728
0.232,2.719
-0.042,2.666
-0.428,2.81
-0.524,2.62
-0.759,2.439
-1.592,2.807
-1.581,2.814
-1.986,2.511
-1.92,2.695
-2.155,2.691
-2.184,2.831
-2.466,2.538
3.095,2.676
3.087,2.835
2.591,2.682
2.245,2.512
1.986,2.605
1.26,2.893
1.251,2.571
1.116,2.164
0.937,-1.288
-0.663,2.03
-0.951,-0.159
-2.568,2.057
-2.614,-0.729
1.663,1.28
0.532,-1.737
0.067,-1.835
2.246,-1.576
1.281,2.345
1.246,-0.395
1.056,2.148
1.133,-0.976
1.098,-0.037
0.88,0.373
0.89,0.908
0.835,0.929
0.707,2.308
0.798,1.337
0.678,1.999
0.58,-0.352
0.713,1.075
0.625,1.016
0.369,1.136
0.502,1.966
0.332,0.48
0.382,0.58
0.393,0.089
0.244,-1.329
0.296,-0.662
0.258,0.812
0.264,0.511
0.055,-1.487
0.058,-1.348
0.029,1.176
0.027,0.296
0.106,0.987
-0.486,-0.465
-0.645,0.998
-0.509,0.815
-0.535,-0.381
-0.693,-1.394
-0.756,-1.34
-0.759,2.277
-0.838,-0.309
-0.902,1.16
-0.987,-1.236
-1.041,0.184
-0.922,0.599
-1.133,-0.697
-1.001,1.172
-1.06,0.173
-1.175,1.293
-1.23,-1.114
-1.443,-1.085
-1.475,-0.217
-1.402,2.408
-1.571,-0.293
-1.488,0.675
-1.824,1.185
-1.977,0.866
-1.925,-1.56
-1.93,1.959
-1.966,0.496
-2.115,-0.362
-2.187,-1.429
-2.214,1.738
-2.088,1.498
-2.169,1.63
-2.348,2.385
-2.419,1.854
-2.317,0.354
-2.316,-0.298
-2.44,-1.383
-2.538,-1.22
-2.531,0.284
-2.548,-0.419
-2.593,1.143
-2.804,-0.005
-2.842,0.697
3.081,-0.824
3.05,-1.293
3.117,2.421
3.113,-1.065
2.805,-0.38
2.649,1.233
2.572,-1.09
2.461,1.279
2.573,-0.307
2.564,0.531
2.445,1.087
2.209,0.926
2.182,0.917
2.019,-0.437
1.982,0.591
1.751,0.221
1.708,-1.268
1.616,0.074
1.494,0.856
1.439,-0.147
1.505,-0.32
1.357,1.609
1.412,-0.361
1.211,-0.634
1.034,-1.861
0.993,-1.733
0.545,-1.701
-0.025,-1.529
-0.305,-1.8
-0.431,-1.625
-0.534,-1.656
-1.055,-1.868
-1.028,-1.749
-1.06,-2.03
-1.161,-1.896
-1.181,-1.895
-2.483,-1.711
2.882,-1.895
2.294,-1.639
2.051,-2.022
1.847,-1.743
1.634,-1.866
1.616,-1.694
1.397,-1.599
1.414,-1.757
1.334,-1.73
1.19,2.683
0.966,2.627
0.617,2.642
0.709,2.731
0.377,2.583
0.265,2.69
0.224,2.718
0.134,2.37
-0.832,2.507
-1.118,2.656
-1.16,2.759
-1.35,2.454
-1.758,2.6
-1.646,2.472
-2.206,2.755
-3.116,2.499
2.634,2.627
1.896,2.779
1.775,2.434
1.651,2.693
0.329,1.548
0.206,-0.053
-0.855,1.607
-2.614,0.585
-2.999,-0.083
1.903,-0.072
0.41,1.35
-0.854,0.656
-1.355,-0.199
-1.833,0.652
-2.826,0.656
-3.006,0.652
3.139,1.388
1.939,2.068
1.692,1.369
-2.277,-0.62
2.0,-0.842
1.226,0.804
-2.228,-1.843
2.947,-1.279
1.836,-1.242
-2.692,-2.009
-2.665,-1.393
-0.107,1.576
-0.036,0.877
-0.15,1.026
-0.131,2.695
-0.144,1.648
-0.2,2.884
-0.237,0.995
-0.197,2.207
-0.344,3.132
-0.427,0.668
-0.436,2.843
-0.402,-0.394
-0.496,1.092
-0.523,3.218
-0.54,0.021
-0.529,0.584
-0.539,2.955
-0.545,0.57
-0.57,-0.241
-0.682,0.026
-0.64,1.918
-0.702,3.064
-0.719,-0.168
-0.773,2.127
-0.804,0.818
-0.819,2.095
-0.749,0.941
-0.765,0.569
-0.851,1.532
-0.832,1.138
-0.919,3.153
-0.969,1.162
-0.923,2.672
-0.997,0.812
-0.946,0.962
-1.019,1.533
-1.0,3.414
-1.11,1.62
-1.117,1.014
-1.155,0.788
-1.223,0.696
-1.178,0.175
-1.339,1.188
-1.353,1.413
-1.301,1.389
-1.403,2.202
-1.458,3.322
-1.509,1.152
-1.597,-0.204
-1.53,1.426
-1.662,-0.065
-1.611,3.048
-1.684,0.163
-1.757,3.46
-1.767,3.33
-1.688,0.339
-1.843,2.495
-1.921,-0.415
-1.868,0.944
-1.912,1.765
-1.9,-0.188
-1.902,0.844
-2.021,0.399
-2.126,1.187
-2.182,0.469
-2.193,3.525
-2.199,3.216
-2.367,3.481
-2.3,2.103
-2.3,0.7
-2.414,-0.465
-2.361,3.577
-2.357,1.811
-2.461,0.525
-2.453,-0.351
-2.478,1.367
-2.429,2.737
-2.471,-0.09
-2.504,0.303
-2.597,0.628
-2.541,3.478
-2.537,3.347
-2.583,3.448
-2.665,0.455
-2.616,2.213
-2.747,1.461
-2.75,0.948
-2.727,3.048
-2.868,3.08
-2.887,1.723
-2.885,0.238
-2.84,1.196
-2.844,1.513
-2.889,0.734
-2.864,-0.34
-2.916,3.072
-2.862,3.085
-2.902,1.523
-2.968,1.641
-2.93,2.483
-2.914,2.24
-3.088,1.524
-3.025,1.139
-3.049,-0.36
3.132,0.551
3.107,2.183
3.086,3.136
2.985,-0.128
3.009,1.457
2.98,0.048
2.902,0.508
2.884,-0.478
2.824,1.103
2.888,2.783
2.883,3.045
2.813,1.43
2.786,0.294
2.837,-0.408
2.691,1.817
2.628,3.33
2.615,-0.341
2.681,2.459
2.644,2.559
2.545,-0.092
2.498,1.522
2.462,2.695
2.384,0.639
2.321,2.008
2.317,2.296
2.092,1.867
2.11,0.595
2.056,0.403
2.115,2.592
1.944,-0.418
1.87,0.742
1.73,0.108
1.798,1.463
1.679,0.55
1.663,0.653
1.541,2.062
1.596,3.356
1.566,0.391
1.543,0.994
1.416,2.109
1.496,-0.335
1.476,2.613
1.377,0.862
1.329,2.05
1.292,0.551
1.336,2.383
1.256,1.751
1.257,2.734
1.304,0.675
1.26,-0.151
0.559,-0.519
-0.735,-0.807
-0.749,-0.547
-0.851,-0.482
-1.425,-0.564
-1.443,-0.712
-1.569,-0.914
-1.742,-0.92
-1.852,-0.743
-2.224,-0.514
-2.375,-0.806
-2.582,-0.637
-2.593,-0.759
-2.719,-0.788
-2.796,-0.575
-3.038,-0.749
3.129,-0.865
3.078,-0.715
2.35,-0.525
1.963,-0.536
1.879,-0.683
1.734,-0.496
1.684,-0.683
1.606,-0.774
1.572,-0.728
1.637,-0.565
1.253,-0.434
1.18,-0.76
0.911,3.793
0.871,3.821
0.231,3.812
-0.043,3.759
-0.429,3.903
-0.525,3.713
-0.76,3.532
-1.593,3.9
-1.582,3.907
-1.987,3.604
-1.921,3.788
-2.156,3.784
-2.185,3.924
-2.467,3.631
3.094,3.769
3.086,3.928
2.59,3.775
2.244,3.605
1.985,3.698
1.259,3.986
1.25,3.664
1.115,3.257
0.936,-0.195
-0.664,3.123
-0.952,0.934
-2.569,3.15
-2.615,0.364
1.662,2.373
0.531,-0.644
0.066,-0.742
2.245,-0.483
1.28,3.438
1.245,0.698
1.055,3.241
1.132,0.117
1.097,1.056
0.879,1.466
0.889,2.001
0.834,2.022
0.706,3.401
0.797,2.43
0.677,3.092
0.579,0.741
0.712,2.168
0.624,2.109
0.368,2.229
0.501,3.059
0.331,1.573
0.381,1.673
0.392,1.182
0.243,-0.236
0.295,0.431
0.257,1.905
0.263,1.604
0.054,-0.394
0.057,-0.255
0.028,2.269
0.026,1.389
0.105,2.08
-0.487,0.628
-0.646,2.091
-0.51,1.908
-0.536,0.712
-0.694,-0.301
-0.757,-0.247
-0.76,3.37
-0.839,0.784
-0.903,2.253
-0.988,-0.143
-1.042,1.277
-0.923,1.692
-1.134,0.396
-1.002,2.265
-1.061,1.266
-1.176,2.386
-1.231,-0.021
-1.444,0.008
-1.476,0.876
-1.403,3.501
-1.572,0.8
-1.489,1.768
-1.825,2.278
-1.978,1.959
-1.926,-0.467
-1.931,3.052
-1.967,1.589
-2.116,0.731
-2.188,-0.336
-2.215,2.831
-2.089,2.591
-2.17,2.723
-2.349,3.478
-2.42,2.947
-2.318,1.447
-2.317,0.795
-2.441,-0.29
-2.539,-0.127
-2.532,1.377
-2.549,0.674
-2.594,2.236
-2.805,1.088
-2.843,1.79
3.08,0.269
3.049,-0.2
3.116,3.514
3.112,0.028
2.804,0.713
2.648,2.326
2.571,0.003
2.46,2.372
2.572,0.786
2.563,1.624
2.444,2.18
2.208,2.019
2.181,2.01
2.018,0.656
1.981,1.684
1.75,1.314
1.707,-0.175
1.615,1.167
1.493,1.949
1.438,0.946
1.504,0.773
1.356,2.702
1.411,0.732
1.21,0.459
1.033,-0.768
0.992,-0.64
0.544,-0.608
-0.026,-0.436
-0.306,-0.707
-0.432,-0.532
-0.535,-0.563
-1.056,-0.775
-1.029,-0.656
-1.061,-0.937
-1.162,-0.803
-1.182,-0.802
-2.484,-0.618
2.881,-0.802
2.293,-0.546
2.05,-0.929
1.846,-0.65
1.633,-0.773
1.615,-0.601
1.396,-0.506
1.413,-0.664
1.333,-0.637
1.189,3.776
0.965,3.72
0.616,3.735
0.708,3.824
0.376,3.676
0.264,3.783
0.223,3.811
0.133,3.463
-0.833,3.6
-1.119,3.749
-1.161,3.852
-1.351,3.547
-1.759,3.693
-1.647,3.565
-2.207,3.848
-3.117,3.592
2.633,3.72
1.895,3.872
1.774,3.527
1.65,3.786
0.328,2.641
0.205,1.04
-0.856,2.7
-2.615,1.678
-3.0,1.01
1.902,1.021
0.409,2.443
-0.855,1.749
-1.356,0.894
-1.834,1.745
-2.827,1.749
-3.007,1.745
3.138,2.481
1.938,3.161
1.691,2.462
-2.278,0.473
1.999,0.251
1.225,1.897
-2.229,-0.75
2.946,-0.186
1.835,-0.149
-2.693,-0.916
-2.666,-0.3
0.071,-0.699
-0.043,-0.55
-0.024,1.119
-0.037,0.072
-0.093,1.308
-0.13,-0.581
-0.09,0.631
-0.237,1.556
-0.32,-0.908
-0.329,1.267
-0.295,-1.97
-0.389,-0.484
-0.416,1.642
-0.433,-1.555
-0.422,-0.992
-0.432,1.379
-0.438,-1.006
-0.463,-1.817
-0.575,-1.55
-0.533,0.342
-0.595,1.488
-0.612,-1.744
-0.666,0.551
-0.697,-0.758
-0.712,0.519
-0.642,-0.635
-0.658,-1.007
-0.744,-0.044
-0.725,-0.438
-0.812,1.577
-0.862,-0.414
-0.816,1.096
-0.89,-0.764
-0.839,-0.614
-0.912,-0.043
-0.893,1.838
-1.003,0.044
-1.01,-0.562
-1.048,-0.788
-1.116,-0.88
-1.071,-1.401
-1.232,-0.388
-1.246,-0.163
-1.194,-0.187
-1.296,0.626
-1.351,1.746
-1.402,-0.424
-1.49,-1.78
-1.423,-0.15
-1.555,-1.641
-1.504,1.472
-1.577,-1.413
-1.65,1.884
-1.66,1.754
-1.581,-1.237
-1.736,0.919
-1.814,-1.991
-1.761,-0.632
-1.805,0.189
-1.793,-1.764
-1.795,-0.732
-1.914,-1.177
-2.019,-0.389
-2.075,-1.107
-2.086,1.949
-2.092,1.64
-2.26,1.905
-2.193,0.527
-2.193,-0.876
-2.307,-2.041
-2.254,2.001
-2.25,0.235
-2.354,-1.051
-2.346,-1.927
-2.371,-0.209
-2.322,1.161
-2.364,-1.666
-2.397,-1.273
-2.49,-0.948
-2.434,1.902
-2.43,1.771
-2.476,1.872
-2.558,-1.121
-2.509,0.637
-2.64,-0.115
-2.643,-0.628
-2.62,1.472
-2.761,1.504
-2.78,0.147
-2.778,-1.338
-2.733,-0.38
-2.737,-0.063
-2.782,-0.842
-2.757,-1.916
-2.809,1.496
-2.755,1.509
-2.795,-0.053
-2.861,0.065
-2.823,0.907
-2.807,0.664
-2.981,-0.052
-2.918,-0.437
-2.942,-1.936
-3.044,-1.025
-3.069,0.607
-3.09,1.56
3.092,-1.704
3.116,-0.119
3.087,-1.528
3.009,-1.068
2.991,-2.054
2.931,-0.473
2.995,1.207
2.99,1.469
2.92,-0.146
2.893,-1.282
2.944,-1.984
2.798,0.241
2.735,1.754
2.722,-1.917
2.788,0.883
2.751,0.983
2.652,-1.668
2.605,-0.054
2.569,1.119
2.491,-0.937
2.428,0.432
2.424,0.72
2.199,0.291
2.217,-0.981
2.163,-1.173
2.222,1.016
2.051,-1.994
1.977,-0.834
1.837,-1.468
1.905,-0.113
1.786,-1.026
1.77,-0.923
1.648,0.486
1.703,1.78
1.673,-1.185
1.65,-0.582
1.523,0.533
1.603,-1.911
1.583,1.037
1.484,-0.714
1.436,0.474
1.399,-1.025
1.443,0.807
1.363,0.175
1.364,1.158
1.411,-0.901
1.367,-1.727
0.666,-2.095
-0.628,-2.383
-0.642,-2.123
-0.744,-2.058
-1.318,-2.14
-1.336,-2.288
-1.462,-2.49
-1.635,-2.496
-1.745,-2.319
-2.117,-2.09
-2.268,-2.382
-2.475,-2.213
-2.486,-2.335
-2.612,-2.364
-2.689,-2.151
-2.931,-2.325
-3.047,-2.441
-3.098,-2.291
2.457,-2.101
2.07,-2.112
1.986,-2.259
1.841,-2.072
1.791,-2.259
1.713,-2.35
1.679,-2.304
1.744,-2.141
1.36,-2.01
1.287,-2.336
1.018,2.217
0.978,2.245
0.338,2.236
0.064,2.183
-0.322,2.327
-0.418,2.137
-0.653,1.956
-1.486,2.324
-1.475,2.331
-1.88,2.028
-1.814,2.212
-2.049,2.208
-2.078,2.348
-2.36,2.055
-3.082,2.193
-3.09,2.352
2.697,2.199
2.351,2.029
2.092,2.122
1.366,2.41
1.357,2.088
1.222,1.681
1.043,-1.771
-0.557,1.547
-0.845,-0.642
-2.462,1.574
-2.508,-1.212
1.769,0.797
0.638,-2.22
0.173,-2.318
2.352,-2.059
1.387,1.862
1.352,-0.878
1.162,1.665
1.239,-1.459
1.204,-0.52
0.986,-0.11
0.996,0.425
0.941,0.446
0.813,1.825
0.904,0.854
0.784,1.516
0.686,-0.835
0.819,0.592
0.731,0.533
0.475,0.653
0.608,1.483
0.438,-0.003
0.488,0.097
0.499,-0.394
0.35,-1.812
0.402,-1.145
0.364,0.329
0.37,0.028
0.161,-1.97
0.164,-1.831
0.135,0.693
0.133,-0.187
0.212,0.504
-0.38,-0.948
-0.539,0.515
-0.403,0.332
-0.429,-0.864
-0.587,-1.877
-0.65,-1.823
-0.653,1.794
-0.732,-0.792
-0.796,0.677
-0.881,-1.719
-0.935,-0.299
-0.816,0.116
-1.027,-1.18
-0.895,0.689
-0.954,-0.31
-1.069,0.81
-1.124,-1.597
-1.337,-1.568
-1.369,-0.7
-1.296,1.925
-1.465,-0.776
-1.382,0.192
-1.718,0.702
-1.871,0.383
-1.819,-2.043
-1.824,1.476
-1.86,0.013
-2.009,-0.845
-2.081,-1.912
-2.108,1.255
-1.982,1.015
-2.063,1.147
-2.242,1.902
-2.313,1.371
-2.211,-0.129
-2.21,-0.781
-2.334,-1.866
-2.432,-1.703
-2.425,-0.199
-2.442,-0.902
-2.487,0.66
-2.698,-0.488
-2.736,0.214
-3.096,-1.307
-3.127,-1.776
-3.06,1.938
-3.064,-1.548
2.911,-0.863
2.755,0.75
2.678,-1.573
2.567,0.796
2.679,-0.79
2.67,0.048
2.551,0.604
2.315,0.443
2.288,0.434
2.125,-0.92
2.088,0.108
1.857,-0.262
1.814,-1.751
1.722,-0.409
1.6,0.373
1.545,-0.63
1.611,-0.803
1.463,1.126
1.518,-0.844
1.317,-1.117
1.14,-2.344
1.099,-2.216
0.651,-2.184
0.081,-2.012
-0.199,-2.283
-0.325,-2.108
-0.428,-2.139
-0.949,-2.351
-0.922,-2.232
-0.954,-2.513
-1.055,-2.379
-1.075,-2.378
-2.377,-2.194
2.988,-2.378
2.4,-2.122
2.157,-2.505
1.953,-2.226
1.74,-2.349
1.722,-2.177
1.503,-2.082
1.52,-2.24
1.44,-2.213
1.296,2.2
1.072,2.144
0.723,2.159
0.815,2.248
0.483,2.1
0.371,2.207
0.33,2.235
0.24,1.887
-0.726,2.024
-1.012,2.173
-1.054,2.276
-1.244,1.971
-1.652,2.117
-1.54,1.989
-2.1,2.272
-3.01,2.016
2.74,2.144
2.002,2.296
1.881,1.951
1.757,2.21
0.435,1.065
0.312,-0.536
-0.749,1.124
-2.508,0.102
-2.893,-0.566
2.009,-0.555
0.516,0.867
-0.748,0.173
-1.249,-0.682
-1.727,0.169
-2.72,0.173
-2.9,0.169
-3.038,0.905
2.045,1.585
1.798,0.886
-2.171,-1.103
2.106,-1.325
1.332,0.321
-2.122,-2.326
3.053,-1.762
1.942,-1.725
-2.586,-2.492
-2.559,-1.876
-0.114,0.149
-0.095,1.818
-0.108,0.771
-0.164,2.007
-0.201,0.118
-0.161,1.33
-0.308,2.255
-0.391,-0.209
-0.4,1.966
-0.366,-1.271
-0.46,0.215
-0.487,2.341
-0.504,-0.856
-0.493,-0.293
-0.503,2.078
-0.509,-0.307
-0.534,-1.118
-0.646,-0.851
-0.604,1.041
-0.666,2.187
-0.683,-1.045
-0.737,1.25
-0.768,-0.059
-0.783,1.218
-0.713,0.064
-0.729,-0.308
-0.815,0.655
-0.796,0.261
-0.883,2.276
-0.933,0.285
-0.887,1.795
-0.961,-0.065
-0.91,0.085
-0.983,0.656
-0.964,2.537
-1.074,0.743
-1.081,0.137
-1.119,-0.089
-1.187,-0.181
-1.142,-0.702
-1.303,0.311
-1.317,0.536
-1.265,0.512
-1.367,1.325
-1.422,2.445
-1.473,0.275
-1.561,-1.081
-1.494,0.549
-1.626,-0.942
-1.575,2.171
-1.648,-0.714
-1.721,2.583
-1.731,2.453
-1.652,-0.538
-1.807,1.618
-1.885,-1.292
-1.832,0.067
-1.876,0.888
-1.864,-1.065
-1.866,-0.033
-1.985,-0.478
-2.09,0.31
-2.146,-0.408
-2.157,2.648
-2.163,2.339
-2.331,2.604
-2.264,1.226
-2.264,-0.177
-2.378,-1.342
-2.325,2.7
-2.321,0.934
-2.425,-0.352
-2.417,-1.228
-2.442,0.49
-2.393,1.86
-2.435,-0.967
-2.468,-0.574
-2.561,-0.249
-2.505,2.601
-2.501,2.47
-2.547,2.571
-2.629,-0.422
-2.58,1.336
-2.711,0.584
-2.714,0.071
-2.691,2.171
-2.832,2.203
-2.851,0.846
-2.849,-0.639
-2.804,0.319
-2.808,0.636
-2.853,-0.143
-2.828,-1.217
-2.88,2.195
-2.826,2.208
-2.866,0.646
-2.932,0.764
-2.894,1.606
-2.878,1.363
-3.052,0.647
-2.989,0.262
-3.013,-1.237
-3.115,-0.326
-3.14,1.306
3.122,2.259
3.021,-1.005
3.045,0.58
3.016,-0.829
2.938,-0.369
2.92,-1.355
2.86,0.226
2.924,1.906
2.919,2.168
2.849,0.553
2.822,-0.583
2.873,-1.285
2.727,0.94
2.664,2.453
2.651,-1.218
2.717,1.582
2.68,1.682
2.581,-0.969
2.534,0.645
2.498,1.818
2.42,-0.238
2.357,1.131
2.353,1.419
2.128,0.99
2.146,-0.282
2.092,-0.474
2.151,1.715
1.98,-1.295
1.906,-0.135
1.766,-0.769
1.834,0.586
1.715,-0.327
1.699,-0.224
1.577,1.185
1.632,2.479
1.602,-0.486
1.579,0.117
1.452,1.232
1.532,-1.212
1.512,1.736
1.413,-0.015
1.365,1.173
1.328,-0.326
1.372,1.506
1.292,0.874
1.293,1.857
1.34,-0.202
1.296,-1.028
0.595,-1.396
-0.699,-1.684
-0.713,-1.424
-0.815,-1.359
-1.389,-1.441
-1.407,-1.589
-1.533,-1.791
-1.706,-1.797
-1.816,-1.62
-2.188,-1.391
-2.339,-1.683
-2.546,-1.514
-2.557,-1.636
-2.683,-1.665
-2.76,-1.452
-3.002,-1.626
-3.118,-1.742
3.114,-1.592
2.386,-1.402
1.999,-1.413
1.915,-1.56
1.77,-1.373
1.72,-1.56
1.642,-1.651
1.608,-1.605
1.673,-1.442
1.289,-1.311
1.216,-1.637
0.947,2.916
0.907,2.944
0.267,2.935
-0.007,2.882
-0.393,3.026
-0.489,2.836
-0.724,2.655
-1.557,3.023
-1.546,3.03
-1.951,2.727
-1.885,2.911
-2.12,2.907
-2.149,3.047
-2.431,2.754
3.13,2.892
3.122,3.051
2.626,2.898
2.28,2.728
2.021,2.821
1.295,3.109
1.286,2.787
1.151,2.38
0.972,-1.072
-0.628,2.246
-0.916,0.057
-2.533,2.273
-2.579,-0.513
1.698,1.496
0.567,-1.521
0.102,-1.619
2.281,-1.36
1.316,2.561
1.281,-0.179
1.091,2.364
1.168,-0.76
1.133,0.179
0.915,0.589
0.925,1.124
0.87,1.145
0.742,2.524
0.833,1.553
0.713,2.215
0.615,-0.136
0.748,1.291
0.66,1.232
0.404,1.352
0.537,2.182
0.367,0.696
0.417,0.796
0.428,0.305
0.279,-1.113
0.331,-0.446
0.293,1.028
0.299,0.727
0.09,-1.271
0.093,-1.132
0.064,1.392
0.062,0.512
0.141,1.203
-0.451,-0.249
-0.61,1.214
-0.474,1.031
-0.5,-0.165
-0.658,-1.178
-0.721,-1.124
-0.724,2.493
-0.803,-0.093
-0.867,1.376
-0.952,-1.02
-1.006,0.4
-0.887,0.815
-1.098,-0.481
-0.966,1.388
-1.025,0.389
-1.14,1.509
-1.195,-0.898
-1.408,-0.869
-1.44,-0.001
-1.367,2.624
-1.536,-0.077
-1.453,0.891
-1.789,1.401
-1.942,1.082
-1.89,-1.344
-1.895,2.175
-1.931,0.712
-2.08,-0.146
-2.152,-1.213
-2.179,1.954
-2.053,1.714
-2.134,1.846
-2.313,2.601
-2.384,2.07
-2.282,0.57
-2.281,-0.082
-2.405,-1.167
-2.503,-1.004
-2.496,0.5
-2.513,-0.203
-2.558,1.359
-2.769,0.211
-2.807,0.913
3.116,-0.608
3.085,-1.077
-3.131,2.637
-3.135,-0.849
2.84,-0.164
2.684,1.449
2.607,-0.874
2.496,1.495
2.608,-0.091
2.599,0.747
2.48,1.303
2.244,1.142
2.217,1.133
2.054,-0.221
2.017,0.807
1.786,0.437
1.743,-1.052
1.651,0.29
1.529,1.072
1.474,0.069
1.54,-0.104
1.392,1.825
1.447,-0.145
1.246,-0.418
1.069,-1.645
1.028,-1.517
0.58,-1.485
0.01,-1.313
-0.27,-1.584
-0.396,-1.409
-0.499,-1.44
-1.02,-1.652
-0.993,-1.533
-1.025,-1.814
-1.126,-1.68
-1.146,-1.679
-2.448,-1.495
2.917,-1.679
2.329,-1.423
2.086,-1.806
1.882,-1.527
1.669,-1.65
1.651,-1.478
1.432,-1.383
1.449,-1.541
1.369,-1.514
1.225,2.899
1.001,2.843
0.652,2.858
0.744,2.947
0.412,2.799
0.3,2.906
0.259,2.934
0.169,2.586
-0.797,2.723
-1.083,2.872
-1.125,2.975
-1.315,2.67
-1.723,2.816
-1.611,2.688
-2.171,2.971
-3.081,2.715
2.669,2.843
1.931,2.995
1.81,2.65
1.686,2.909
0.364,1.764
0.241,0.163
-0.82,1.823
-2.579,0.801
-2.964,0.133
1.938,0.144
0.445,1.566
-0.819,0.872
-1.32,0.017
-1.798,0.868
-2.791,0.872
-2.971,0.868
-3.109,1.604
1.974,2.284
1.727,1.585
-2.242,-0.404
2.035,-0.626
1.261,1.02
-2.193,-1.627
2.982,-1.063
1.871,-1.026
-2.657,-1.793
-2.63,-1.177
0.019,1.669
0.006,0.622
-0.05,1.858
-0.087,-0.031
-0.047,1.181
-0.194,2.106
-0.277,-0.358
-0.286,1.817
-0.252,-1.42
-0.346,0.066
-0.373,2.192
-0.39,-1.005
-0.379,-0.442
-0.389,1.929
-0.395,-0.456
-0.42,-1.267
-0.532,-1.0
-0.49,0.892
-0.552,2.038
-0.569,-1.194
-0.623,1.101
-0.654,-0.208
-0.669,1.069
-0.599,-0.085
-0.615,-0.457
-0.701,0.506
-0.682,0.112
-0.769,2.127
-0.819,0.136
-0.773,1.646
-0.847,-0.214
-0.796,-0.064
-0.869,0.507
-0.85,2.388
-0.96,0.594
-0.967,-0.012
-1.005,-0.238
-1.073,-0.33
-1.028,-0.851
-1.189,0.162
-1.203,0.387
-1.151,0.363
-1.253,1.176
-1.308,2.296
-1.359,0.126
-1.447,-1.23
-1.38,0.4
-1.512,-1.091
-1.461,2.022
-1.534,-0.863
-1.607,2.434
-1.617,2.304
-1.538,-0.687
-1.693,1.469
-1.771,-1.441
-1.718,-0.082
-1.762,0.739
-1.75,-1.214
-1.752,-0.182
-1.871,-0.627
-1.976,0.161
-2.032,-0.557
-2.043,2.499
-2.049,2.19
-2.217,2.455
-2.15,1.077
-2.15,-0.326
-2.264,-1.491
-2.211,2.551
-2.207,0.785
-2.311,-0.501
-2.303,-1.377
-2.328,0.341
-2.279,1.711
-2.321,-1.116
-2.354,-0.723
-2.447,-0.398
-2.391,2.452
-2.387,2.321
-2.433,2.422
-2.515,-0.571
-2.466,1.187
-2.597,0.435
-2.6,-0.078
-2.577,2.022
-2.718,2.054
-2.737,0.697
-2.735,-0.788
-2.69,0.17
-2.694,0.487
-2.739,-0.292
-2.714,-1.366
-2.766,2.046
-2.712,2.059
-2.752,0.497
-2.818,0.615
-2.78,1.457
-2.764,1.214
-2.938,0.498
-2.875,0.113
-2.899,-1.386
-3.001,-0.475
-3.026,1.157
-3.047,2.11
3.135,-1.154
-3.124,0.431
3.13,-0.978
3.052,-0.518
3.034,-1.504
2.974,0.077
3.038,1.757
3.033,2.019
2.963,0.404
2.936,-0.732
2.987,-1.434
2.841,0.791
2.778,2.304
2.765,-1.367
2.831,1.433
2.794,1.533
2.695,-1.118
2.648,0.496
2.612,1.669
2.534,-0.387
2.471,0.982
2.467,1.27
2.242,0.841
2.26,-0.431
2.206,-0.623
2.265,1.566
2.094,-1.444
2.02,-0.284
1.88,-0.918
1.948,0.437
1.829,-0.476
1.813,-0.373
1.691,1.036
1.746,2.33
1.716,-0.635
1.693,-0.032
1.566,1.083
1.646,-1.361
1.626,1.587
1.527,-0.164
1.479,1.024
1.442,-0.475
1.486,1.357
1.406,0.725
1.407,1.708
1.454,-0.351
1.41,-1.177
0.709,-1.545
-0.585,-1.833
-0.599,-1.573
-0.701,-1.508
-1.275,-1.59
-1.293,-1.738
-1.419,-1.94
-1.592,-1.946
-1.702,-1.769
-2.074,-1.54
-2.225,-1.832
-2.432,-1.663
-2.443,-1.785
-2.569,-1.814
-2.646,-1.601
-2.888,-1.775
-3.004,-1.891
-3.055,-1.741
2.5,-1.551
2.113,-1.562
2.029,-1.709
1.884,-1.522
1.834,-1.709
1.756,-1.8
1.722,-1.754
1.787,-1.591
1.403,-1.46
1.33,-1.786
1.061,2.767
1.021,2.795
0.381,2.786
0.107,2.733
-0.279,2.877
-0.375,2.687
-0.61,2.506
-1.443,2.874
-1.432,2.881
-1.837,2.578
-1.771,2.762
-2.006,2.758
-2.035,2.898
-2.317,2.605
-3.039,2.743
-3.047,2.902
2.74,2.749
2.394,2.579
2.135,2.672
1.409,2.96
1.4,2.638
1.265,2.231
1.086,-1.221
-0.514,2.097
-0.802,-0.092
-2.419,2.124
-2.465,-0.662
1.812,1.347
0.681,-1.67
0.216,-1.768
2.395,-1.509
1.43,2.412
1.395,-0.328
1.205,2.215
1.282,-0.909
1.247,0.03
1.029,0.44
1.039,0.975
0.984,0.996
0.856,2.375
0.947,1.404
0.827,2.066
0.729,-0.285
0.862,1.142
0.774,1.083
0.518,1.203
0.651,2.033
0.481,0.547
0.531,0.647
0.542,0.156
0.393,-1.262
0.445,-0.595
0.407,0.879
0.413,0.578
0.204,-1.42
0.207,-1.281
0.178,1.243
0.176,0.363
0.255,1.054
-0.337,-0.398
-0.496,1.065
-0.36,0.882
-0.386,-0.314
-0.544,-1.327
-0.607,-1.273
-0.61,2.344
-0.689,-0.242
-0.753,1.227
-0.838,-1.169
-0.892,0.251
-0.773,0.666
-0.984,-0.63
-0.852,1.239
-0.911,0.24
-1.026,1.36
-1.081,-1.047
-1.294,-1.018
-1.326,-0.15
-1.253,2.475
-1.422,-0.226
-1.339,0.742
-1.675,1.252
-1.828,0.933
-1.776,-1.493
-1.781,2.026
-1.817,0.563
-1.966,-0.295
-2.038,-1.362
-2.065,1.805
-1.939,1.565
-2.02,1.697
-2.199,2.452
-2.27,1.921
-2.168,0.421
-2.167,-0.231
-2.291,-1.316
-2.389,-1.153
-2.382,0.351
-2.399,-0.352
-2.444,1.21
-2.655,0.062
-2.693,0.764
-3.053,-0.757
-3.084,-1.226
-3.017,2.488
-3.021,-0.998
2.954,-0.313
2.798,1.3
2.721,-1.023
2.61,1.346
2.722,-0.24
2.713,0.598
2.594,1.154
2.358,0.993
2.331,0.984
2.168,-0.37
2.131,0.658
1.9,0.288
1.857,-1.201
1.765,0.141
1.643,0.923
1.588,-0.08
1.654,-0.253
1.506,1.676
1.561,-0.294
1.36,-0.567
1.183,-1.794
1.142,-1.666
0.694,-1.634
0.124,-1.462
-0.156,-1.733
-0.282,-1.558
-0.385,-1.589
-0.906,-1.801
-0.879,-1.682
-0.911,-1.963
-1.012,-1.829
-1.032,-1.828
-2.334,-1.644
3.031,-1.828
2.443,-1.572
2.2,-1.955
1.996,-1.676
1.783,-1.799
1.765,-1.627
1.546,-1.532
1.563,-1.69
1.483,-1.663
1.339,2.75
1.115,2.694
0.766,2.709
0.858,2.798
0.526,2.65
0.414,2.757
0.373,2.785
0.283,2.437
-0.683,2.574
-0.969,2.723
-1.011,2.826
-1.201,2.521
-1.609,2.667
-1.497,2.539
-2.057,2.822
-2.967,2.566
2.783,2.694
2.045,2.846
1.924,2.501
1.8,2.76
0.478,1.615
0.355,0.014
-0.706,1.674
-2.465,0.652
-2.85,-0.016
2.052,-0.005
0.559,1.417
-0.705,0.723
-1.206,-0.132
-1.684,0.719
-2.677,0.723
-2.857,0.719
-2.995,1.455
2.088,2.135
1.841,1.436
-2.128,-0.553
2.149,-0.775
1.375,0.871
-2.079,-1.776
3.096,-1.212
1.985,-1.175
-2.543,-1.942
-2.516,-1.326
-0.013,-1.047
-0.069,0.189
-0.106,-1.7
-0.066,-0.488
-0.213,0.437
-0.296,-2.027
-0.305,0.148
-0.271,-3.089
-0.365,-1.603
-0.392,0.523
-0.409,-2.674
-0.398,-2.111
-0.408,0.26
-0.414,-2.125
-0.439,-2.936
-0.551,-2.669
-0.509,-0.777
-0.571,0.369
-0.588,-2.863
-0.642,-0.568
-0.673,-1.877
-0.688,-0.6
-0.618,-1.754
-0.634,-2.126
-0.72,-1.163
-0.701,-1.557
-0.788,0.458
-0.838,-1.533
-0.792,-0.023
-0.866,-1.883
-0.815,-1.733
-0.888,-1.162
-0.869,0.719
-0.979,-1.075
-0.986,-1.681
-1.024,-1.907
-1.092,-1.999
-1.047,-2.52
-1.208,-1.507
-1.222,-1.282
-1.17,-1.306
-1.272,-0.493
-1.327,0.627
-1.378,-1.543
-1.466,-2.899
-1.399,-1.269
-1.531,-2.76
-1.48,0.353
-1.553,-2.532
-1.626,0.765
-1.636,0.635
-1.557,-2.356
-1.712,-0.2
-1.79,-3.11
-1.737,-1.751
-1.781,-0.93
-1.769,-2.883
-1.771,-1.851
-1.89,-2.296
-1.995,-1.508
-2.051,-2.226
-2.062,0.83
-2.068,0.521
-2.236,0.786
-2.169,-0.592
-2.169,-1.995
-2.283,-3.16
-2.23,0.882
-2.226,-0.884
-2.33,-2.17
-2.322,-3.046
-2.347,-1.328
-2.298,0.042
-2.34,-2.785
-2.373,-2.392
-2.466,-2.067
-2.41,0.783
-2.406,0.652
-2.452,0.753
-2.534,-2.24
-2.485,-0.482
-2.616,-1.234
-2.619,-1.747
-2.596,0.353
-2.737,0.385
-2.756,-0.972
-2.754,-2.457
-2.709,-1.499
-2.713,-1.182
-2.758,-1.961
-2.733,-3.035
-2.785,0.377
-2.731,0.39
-2.771,-1.172
-2.837,-1.054
-2.799,-0.212
-2.783,-0.455
-2.957,-1.171
-2.894,-1.556
-2.918,-3.055
-3.02,-2.144
-3.045,-0.512
-3.066,0.441
3.116,-2.823
3.14,-1.238
3.111,-2.647
3.033,-2.187
3.015,-3.173
2.955,-1.592
3.019,0.088
3.014,0.35
2.944,-1.265
2.917,-2.401
2.968,-3.103
2.822,-0.878
2.759,0.635
2.746,-3.036
2.812,-0.236
2.775,-0.136
2.676,-2.787
2.629,-1.173
2.593,0.0
2.515,-2.056
2.452,-0.687
2.448,-0.399
2.223,-0.828
2.241,-2.1
2.187,-2.292
2.246,-0.103
2.075,-3.113
2.001,-1.953
1.861,-2.587
1.929,-1.232
1.81,-2.145
1.794,-2.042
1.672,-0.633
1.727,0.661
1.697,-2.304
1.674,-1.701
1.547,-0.586
1.627,-3.03
1.607,-0.082
1.508,-1.833
1.46,-0.645
1.423,-2.144
1.467,-0.312
1.387,-0.944
1.388,0.039
1.435,-2.02
1.391,-2.846
0.69,-3.214
-0.604,-3.502
-0.618,-3.242
-0.72,-3.177
-1.294,-3.259
-1.312,-3.407
-1.438,-3.609
-1.611,-3.615
-1.721,-3.438
-2.093,-3.209
-2.244,-3.501
-2.451,-3.332
-2.462,-3.454
-2.588,-3.483
-2.665,-3.27
-2.907,-3.444
-3.023,-3.56
-3.074,-3.41
2.481,-3.22
2.094,-3.231
2.01,-3.378
1.865,-3.191
1.815,-3.378
1.737,-3.469
1.703,-3.423
1.768,-3.26
1.384,-3.129
1.311,-3.455
1.042,1.098
1.002,1.126
0.362,1.117
0.088,1.064
-0.298,1.208
-0.394,1.018
-0.629,0.837
-1.462,1.205
-1.451,1.212
-1.856,0.909
-1.79,1.093
-2.025,1.089
-2.054,1.229
-2.336,0.936
-3.058,1.074
-3.066,1.233
2.721,1.08
2.375,0.91
2.116,1.003
1.39,1.291
1.381,0.969
1.246,0.562
1.067,-2.89
-0.533,0.428
-0.821,-1.761
-2.438,0.455
-2.484,-2.331
1.793,-0.322
0.662,-3.339
0.197,-3.437
2.376,-3.178
1.411,0.743
1.376,-1.997
1.186,0.546
1.263,-2.578
1.228,-1.639
1.01,-1.229
1.02,-0.694
0.965,-0.673
0.837,0.706
0.928,-0.265
0.808,0.397
0.71,-1.954
0.843,-0.527
0.755,-0.586
0.499,-0.466
0.632,0.364
0.462,-1.122
0.512,-1.022
0.523,-1.513
0.374,-2.931
0.426,-2.264
0.388,-0.79
0.394,-1.091
0.185,-3.089
0.188,-2.95
0.159,-0.426
0.157,-1.306
0.236,-0.615
-0.356,-2.067
-0.515,-0.604
-0.379,-0.787
-0.405,-1.983
-0.563,-2.996
-0.626,-2.942
-0.629,0.675
-0.708,-1.911
-0.772,-0.442
-0.857,-2.838
-0.911,-1.418
-0.792,-1.003
-1.003,-2.299
-0.871,-0.43
-0.93,-1.429
-1.045,-0.309
-1.1,-2.716
-1.313,-2.687
-1.345,-1.819
-1.272,0.806
-1.441,-1.895
-1.358,-0.927
-1.694,-0.417
-1.847,-0.736
-1.795,-3.162
-1.8,0.357
-1.836,-1.106
-1.985,-1.964
-2.057,-3.031
-2.084,0.136
-1.958,-0.104
-2.039,0.028
-2.218,0.783
-2.289,0.252
-2.187,-1.248
-2.186,-1.9
-2.31,-2.985
-2.408,-2.822
-2.401,-1.318
-2.418,-2.021
-2.463,-0.459
-2.674,-1.607
-2.712,-0.905
-3.072,-2.426
-3.103,-2.895
-3.036,0.819
-3.04,-2.667
2.935,-1.982
2.779,-0.369
2.702,-2.692
2.591,-0.323
2.703,-1.909
2.694,-1.071
2.575,-0.515
2.339,-0.676
2.312,-0.685
2.149,-2.039
2.112,-1.011
1.881,-1.381
1.838,-2.87
1.746,-1.528
1.624,-0.746
1.569,-1.749
1.635,-1.922
1.487,0.007
1.542,-1.963
1.341,-2.236
1.164,-3.463
1.123,-3.335
0.675,-3.303
0.105,-3.131
-0.175,-3.402
-0.301,-3.227
-0.404,-3.258
-0.925,-3.47
-0.898,-3.351
-0.93,-3.632
-1.031,-3.498
-1.051,-3.497
-2.353,-3.313
3.012,-3.497
2.424,-3.241
2.181,-3.624
1.977,-3.345
1.764,-3.468
1.746,-3.296
1.527,-3.201
1.544,-3.359
1.464,-3.332
1.32,1.081
1.096,1.025
0.747,1.04
0.839,1.129
0.507,0.981
0.395,1.088
0.354,1.116
0.264,0.768
-0.702,0.905
-0.988,1.054
-1.03,1.157
-1.22,0.852
-1.628,0.998
-1.516,0.87
-2.076,1.153
-2.986,0.897
2.764,1.025
2.026,1.177
1.905,0.832
1.781,1.091
0.459,-0.054
0.336,-1.655
-0.725,0.005
-2.484,-1.017
-2.869,-1.685
2.033,-1.674
0.54,-0.252
-0.724,-0.946
-1.225,-1.801
-1.703,-0.95
-2.696,-0.946
-2.876,-0.95
-3.014,-0.214
2.069,0.466
1.822,-0.233
-2.147,-2.222
2.13,-2.444
1.356,-0.798
-2.098,-3.445
3.077,-2.881
1.966,-2.844
-2.562,-3.611
-2.535,-2.995
-0.056,1.236
-0.093,-0.653
-0.053,0.559
-0.2,1.484
-0.283,-0.98
-0.292,1.195
-0.258,-2.042
-0.352,-0.556
-0.379,1.57
-0.396,-1.627
-0.385,-1.064
-0.395,1.307
-0.401,-1.078
-0.426,-1.889
-0.538,-1.622
-0.496,0.27
-0.558,1.416
-0.575,-1.816
-0.629,0.479
-0.66,-0.83
-0.675,0.447
-0.605,-0.707
-0.621,-1.079
-0.707,-0.116
-0.688,-0.51
-0.775,1.505
-0.825,-0.486
-0.779,1.024
-0.853,-0.836
-0.802,-0.686
-0.875,-0.115
-0.856,1.766
-0.966,-0.028
-0.973,-0.634
-1.011,-0.86
-1.079,-0.952
-1.034,-1.473
-1.195,-0.46
-1.209,-0.235
-1.157,-0.259
-1.259,0.554
-1.314,1.674
-1.365,-0.496
-1.453,-1.852
-1.386,-0.222
-1.518,-1.713
-1.467,1.4
-1.54,-1.485
-1.613,1.812
-1.623,1.682
-1.544,-1.309
-1.699,0.847
-1.777,-2.063
-1.724,-0.704
-1.768,0.117
-1.756,-1.836
-1.758,-0.804
-1.877,-1.249
-1.982,-0.461
-2.038,-1.179
-2.049,1.877
-2.055,1.568
-2.223,1.833
-2.156,0.455
-2.156,-0.948
-2.27,-2.113
-2.217,1.929
-2.213,0.163
-2.317,-1.123
-2.309,-1.999
-2.334,-0.281
-2.285,1.089
-2.327,-1.738
-2.36,-1.345
-2.453,-1.02
-2.397,1.83
-2.393,1.699
-2.439,1.8
-2.521,-1.193
-2.472,0.565
-2.603,-0.187
-2.606,-0.7
-2.583,1.4
-2.724,1.432
-2.743,0.075
-2.741,-1.41
-2.696,-0.452
-2.7,-0.135
-2.745,-0.914
-2.72,-1.988
-2.772,1.424
-2.718,1.437
-2.758,-0.125
-2.824,-0.007
-2.786,0.835
-2.77,0.592
-2.944,-0.124
-2.881,-0.509
-2.905,-2.008
-3.007,-1.097
-3.032,0.535
-3.053,1.488
3.129,-1.776
-3.13,-0.191
3.124,-1.6
3.046,-1.14
3.028,-2.126
2.968,-0.545
3.032,1.135
3.027,1.397
2.957,-0.218
2.93,-1.354
2.981,-2.056
2.835,0.169
2.772,1.682
2.759,-1.989
2.825,0.811
2.788,0.911
2.689,-1.74
2.642,-0.126
2.606,1.047
2.528,-1.009
2.465,0.36
2.461,0.648
2.236,0.219
2.254,-1.053
2.2,-1.245
2.259,0.944
2.088,-2.066
2.014,-0.906
1.874,-1.54
1.942,-0.185
1.823,-1.098
1.807,-0.995
1.685,0.414
1.74,1.708
1.71,-1.257
1.687,-0.654
1.56,0.461
1.64,-1.983
1.62,0.965
1.521,-0.786
1.473,0.402
1.436,-1.097
1.48,0.735
1.4,0.103
1.401,1.086
1.448,-0.973
1.404,-1.799
0.703,-2.167
-0.591,-2.455
-0.605,-2.195
-0.707,-2.13
-1.281,-2.212
-1.299,-2.36
-1.425,-2.562
-1.598,-2.568
-1.708,-2.391
-2.08,-2.162
-2.231,-2.454
-2.438,-2.285
-2.449,-2.407
-2.575,-2.436
-2.652,-2.223
-2.894,-2.397
-3.01,-2.513
-3.061,-2.363
2.494,-2.173
2.107,-2.184
2.023,-2.331
1.878,-2.144
1.828,-2.331
1.75,-2.422
1.716,-2.376
1.781,-2.213
1.397,-2.082
1.324,-2.408
1.055,2.145
1.015,2.173
0.375,2.164
0.101,2.111
-0.285,2.255
-0.381,2.065
-0.616,1.884
-1.449,2.252
-1.438,2.259
-1.843,1.956
-1.777,2.14
-2.012,2.136
-2.041,2.276
-2.323,1.983
-3.045,2.121
-3.053,2.28
2.734,2.127
2.388,1.957
2.129,2.05
1.403,2.338
1.394,2.016
1.259,1.609
1.08,-1.843
-0.52,1.475
-0.808,-0.714
-2.425,1.502
-2.471,-1.284
1.806,0.725
0.675,-2.292
0.21,-2.39
2.389,-2.131
1.424,1.79
1.389,-0.95
1.199,1.593
1.276,-1.531
1.241,-0.592
1.023,-0.182
1.033,0.353
0.978,0.374
0.85,1.753
0.941,0.782
0.821,1.444
0.723,-0.907
0.856,0.52
0.768,0.461
0.512,0.581
0.645,1.411
0.475,-0.075
0.525,0.025
0.536,-0.466
0.387,-1.884
0.439,-1.217
0.401,0.257
0.407,-0.044
0.198,-2.042
0.201,-1.903
0.172,0.621
0.17,-0.259
0.249,0.432
-0.343,-1.02
-0.502,0.443
-0.366,0.26
-0.392,-0.936
-0.55,-1.949
-0.613,-1.895
-0.616,1.722
-0.695,-0.864
-0.759,0.605
-0.844,-1.791
-0.898,-0.371
-0.779,0.044
-0.99,-1.252
-0.858,0.617
-0.917,-0.382
-1.032,0.738
-1.087,-1.669
-1.3,-1.64
-1.332,-0.772
-1.259,1.853
-1.428,-0.848
-1.345,0.12
-1.681,0.63
-1.834,0.311
-1.782,-2.115
-1.787,1.404
-1.823,-0.059
-1.972,-0.917
-2.044,-1.984
-2.071,1.183
-1.945,0.943
-2.026,1.075
-2.205,1.83
-2.276,1.299
-2.174,-0.201
-2.173,-0.853
-2.297,-1.938
-2.395,-1.775
-2.388,-0.271
-2.405,-0.974
-2.45,0.588
-2.661,-0.56
-2.699,0.142
-3.059,-1.379
-3.09,-1.848
-3.023,1.866
-3.027,-1.62
2.948,-0.935
2.792,0.678
2.715,-1.645
2.604,0.724
2.716,-0.862
2.707,-0.024
2.588,0.532
2.352,0.371
2.325,0.362
2.162,-0.992
2.125,0.036
1.894,-0.334
1.851,-1.823
1.759,-0.481
1.637,0.301
1.582,-0.702
1.648,-0.875
1.5,1.054
1.555,-0.916
1.354,-1.189
1.177,-2.416
1.136,-2.288
0.688,-2.256
0.118,-2.084
-0.162,-2.355
-0.288,-2.18
-0.391,-2.211
-0.912,-2.423
-0.885,-2.304
-0.917,-2.585
-1.018,-2.451
-1.038,-2.45
-2.34,-2.266
3.025,-2.45
2.437,-2.194
2.194,-2.577
1.99,-2.298
1.777,-2.421
1.759,-2.249
1.54,-2.154
1.557,-2.312
1.477,-2.285
1.333,2.128
1.109,2.072
0.76,2.087
0.852,2.176
0.52,2.028
0.408,2.135
0.367,2.163
0.277,1.815
-0.689,1.952
-0.975,2.101
-1.017,2.204
-1.207,1.899
-1.615,2.045
-1.503,1.917
-2.063,2.2
-2.973,1.944
2.777,2.072
2.039,2.224
1.918,1.879
1.794,2.138
0.472,0.993
0.349,-0.608
-0.712,1.052
-2.471,0.03
-2.856,-0.638
2.046,-0.627
0.553,0.795
-0.711,0.101
-1.212,-0.754
-1.69,0.097
-2.683,0.101
-2.863,0.097
-3.001,0.833
2.082,1.513
1.835,0.814
-2.134,-1.175
2.143,-1.397
1.369,0.249
-2.085,-2.398
3.09,-1.834
1.979,-1.797
-2.549,-2.564
-2.522,-1.948
-0.037,-1.889
0.003,-0.677
-0.144,0.248
-0.227,-2.216
-0.236,-0.041
-0.202,-3.278
-0.296,-1.792
-0.323,0.334
-0.34,-2.863
-0.329,-2.3
-0.339,0.071
-0.345,-2.314
-0.37,-3.125
-0.482,-2.858
-0.44,-0.966
-0.502,0.18
-0.519,-3.052
-0.573,-0.757
-0.604,-2.066
-0.619,-0.789
-0.549,-1.943
-0.565,-2.315
-0.651,-1.352
-0.632,-1.746
-0.719,0.269
-0.769,-1.722
-0.723,-0.212
-0.797,-2.072
-0.746,-1.922
-0.819,-1.351
-0.8,0.53
-0.91,-1.264
-0.917,-1.87
-0.955,-2.096
-1.023,-2.188
-0.978,-2.709
-1.139,-1.696
-1.153,-1.471
-1.101,-1.495
-1.203,-0.682
-1.258,0.438
-1.309,-1.732
-1.397,-3.088
-1.33,-1.458
-1.462,-2.949
-1.411,0.164
-1.484,-2.721
-1.557,0.576
-1.567,0.446
-1.488,-2.545
-1.643,-0.389
-1.721,-3.299
-1.668,-1.94
-1.712,-1.119
-1.7,-3.072
-1.702,-2.04
-1.821,-2.485
-1.926,-1.697
-1.982,-2.415
-1.993,0.641
-1.999,0.332
-2.167,0.597
-2.1,-0.781
-2.1,-2.184
-2.214,-3.349
-2.161,0.693
-2.157,-1.073
-2.261,-2.359
-2.253,-3.235
-2.278,-1.517
-2.229,-0.147
-2.271,-2.974
-2.304,-2.581
-2.397,-2.256
-2.341,0.594
-2.337,0.463
-2.383,0.564
-2.465,-2.429
-2.416,-0.671
-2.547,-1.423
-2.55,-1.936
-2.527,0.164
-2.668,0.196
-2.687,-1.161
-2.685,-2.646
-2.64,-1.688
-2.644,-1.371
-2.689,-2.15
-2.664,-3.224
-2.716,0.188
-2.662,0.201
-2.702,-1.361
-2.768,-1.243
-2.73,-0.401
-2.714,-0.644
-2.888,-1.36
-2.825,-1.745
-2.849,-3.244
-2.951,-2.333
-2.976,-0.701
-2.997,0.252
-3.098,-3.012
-3.074,-1.427
-3.103,-2.836
3.102,-2.376
3.084,-3.362
3.024,-1.781
3.088,-0.101
3.083,0.161
3.013,-1.454
2.986,-2.59
3.037,-3.292
2.891,-1.067
2.828,0.446
2.815,-3.225
2.881,-0.425
2.844,-0.325
2.745,-2.976
2.698,-1.362
2.662,-0.189
2.584,-2.245
2.521,-0.876
2.517,-0.588
2.292,-1.017
2.31,-2.289
2.256,-2.481
2.315,-0.292
2.144,-3.302
2.07,-2.142
1.93,-2.776
1.998,-1.421
1.879,-2.334
1.863,-2.231
1.741,-0.822
1.796,0.472
1.766,-2.493
1.743,-1.89
1.616,-0.775
1.696,-3.219
1.676,-0.271
1.577,-2.022
1.529,-0.834
1.492,-2.333
1.536,-0.501
1.456,-1.133
1.457,-0.15
1.504,-2.209
1.46,-3.035
0.759,-3.403
-0.535,-3.691
-0.549,-3.431
-0.651,-3.366
-1.225,-3.448
-1.243,-3.596
-1.369,-3.798
-1.542,-3.804
-1.652,-3.627
-2.024,-3.398
-2.175,-3.69
-2.382,-3.521
-2.393,-3.643
-2.519,-3.672
-2.596,-3.459
-2.838,-3.633
-2.954,-3.749
-3.005,-3.599
2.55,-3.409
2.163,-3.42
2.079,-3.567
1.934,-3.38
1.884,-3.567
1.806,-3.658
1.772,-3.612
1.837,-3.449
1.453,-3.318
1.38,-3.644
1.111,0.909
1.071,0.937
0.431,0.928
0.157,0.875
-0.229,1.019
-0.325,0.829
-0.56,0.648
-1.393,1.016
-1.382,1.023
-1.787,0.72
-1.721,0.904
-1.956,0.9
-1.985,1.04
-2.267,0.747
-2.989,0.885
-2.997,1.044
2.79,0.891
2.444,0.721
2.185,0.814
1.459,1.102
1.45,0.78
1.315,0.373
1.136,-3.079
-0.464,0.239
-0.752,-1.95
-2.369,0.266
-2.415,-2.52
1.862,-0.511
0.731,-3.528
0.266,-3.626
2.445,-3.367
1.48,0.554
1.445,-2.186
1.255,0.357
1.332,-2.767
1.297,-1.828
1.079,-1.418
1.089,-0.883
1.034,-0.862
0.906,0.517
0.997,-0.454
0.877,0.208
0.779,-2.143
0.912,-0.716
0.824,-0.775
0.568,-0.655
0.701,0.175
0.531,-1.311
0.581,-1.211
0.592,-1.702
0.443,-3.12
0.495,-2.453
0.457,-0.979
0.463,-1.28
0.254,-3.278
0.257,-3.139
0.228,-0.615
0.226,-1.495
0.305,-0.804
-0.287,-2.256
-0.446,-0.793
-0.31,-0.976
-0.336,-2.172
-0.494,-3.185
-0.557,-3.131
-0.56,0.486
-0.639,-2.1
-0.703,-0.631
-0.788,-3.027
-0.842,-1.607
-0.723,-1.192
-0.934,-2.488
-0.802,-0.619
-0.861,-1.618
-0.976,-0.498
-1.031,-2.905
-1.244,-2.876
-1.276,-2.008
-1.203,0.617
-1.372,-2.084
-1.289,-1.116
-1.625,-0.606
-1.778,-0.925
-1.726,-3.351
-1.731,0.168
-1.767,-1.295
-1.916,-2.153
-1.988,-3.22
-2.015,-0.053
-1.889,-0.293
-1.97,-0.161
-2.149,0.594
-2.22,0.063
-2.118,-1.437
-2.117,-2.089
-2.241,-3.174
-2.339,-3.011
-2.332,-1.507
-2.349,-2.21
-2.394,-0.648
-2.605,-1.796
-2.643,-1.094
-3.003,-2.615
-3.034,-3.084
-2.967,0.63
-2.971,-2.856
3.004,-2.171
2.848,-0.558
2.771,-2.881
2.66,-0.512
2.772,-2.098
2.763,-1.26
2.644,-0.704
2.408,-0.865
2.381,-0.874
2.218,-2.228
2.181,-1.2
1.95,-1.57
1.907,-3.059
1.815,-1.717
1.693,-0.935
1.638,-1.938
1.704,-2.111
1.556,-0.182
1.611,-2.152
1.41,-2.425
1.233,-3.652
1.192,-3.524
0.744,-3.492
0.174,-3.32
-0.106,-3.591
-0.232,-3.416
-0.335,-3.447
-0.856,-3.659
-0.829,-3.54
-0.861,-3.821
-0.962,-3.687
-0.982,-3.686
-2.284,-3.502
3.081,-3.686
2.493,-3.43
2.25,-3.813
2.046,-3.534
1.833,-3.657
1.815,-3.485
1.596,-3.39
1.613,-3.548
1.533,-3.521
1.389,0.892
1.165,0.836
0.816,0.851
0.908,0.94
0.576,0.792
0.464,0.899
0.423,0.927
0.333,0.579
-0.633,0.716
-0.919,0.865
-0.961,0.968
-1.151,0.663
-1.559,0.809
-1.447,0.681
-2.007,0.964
-2.917,0.708
2.833,0.836
2.095,0.988
1.974,0.643
1.85,0.902
0.528,-0.243
0.405,-1.844
-0.656,-0.184
-2.415,-1.206
-2.8,-1.874
2.102,-1.863
0.609,-0.441
-0.655,-1.135
-1.156,-1.99
-1.634,-1.139
-2.627,-1.135
-2.807,-1.139
-2.945,-0.403
2.138,0.277
1.891,-0.422
-2.078,-2.411
2.199,-2.633
1.425,-0.987
-2.029,-3.634
-3.137,-3.07
2.035,-3.033
-2.493,-3.8
-2.466,-3.184
0.04,1.212
-0.107,2.137
-0.19,-0.327
-0.199,1.848
-0.165,-1.389
-0.259,0.097
-0.286,2.223
-0.303,-0.974
-0.292,-0.411
-0.302,1.96
-0.308,-0.425
-0.333,-1.236
-0.445,-0.969
-0.403,0.923
-0.465,2.069
-0.482,-1.163
-0.536,1.132
-0.567,-0.177
-0.582,1.1
-0.512,-0.054
-0.528,-0.426
-0.614,0.537
-0.595,0.143
-0.682,2.158
-0.732,0.167
-0.686,1.677
-0.76,-0.183
-0.709,-0.033
-0.782,0.538
-0.763,2.419
-0.873,0.625
-0.88,0.019
-0.918,-0.207
-0.986,-0.299
-0.941,-0.82
-1.102,0.193
-1.116,0.418
-1.064,0.394
-1.166,1.207
-1.221,2.327
-1.272,0.157
-1.36,-1.199
-1.293,0.431
-1.425,-1.06
-1.374,2.053
-1.447,-0.832
-1.52,2.465
-1.53,2.335
-1.451,-0.656
-1.606,1.5
-1.684,-1.41
-1.631,-0.051
-1.675,0.77
-1.663,-1.183
-1.665,-0.151
-1.784,-0.596
-1.889,0.192
-1.945,-0.526
-1.956,2.53
-1.962,2.221
-2.13,2.486
-2.063,1.108
-2.063,-0.295
-2.177,-1.46
-2.124,2.582
-2.12,0.816
-2.224,-0.47
-2.216,-1.346
-2.241,0.372
-2.192,1.742
-2.234,-1.085
-2.267,-0.692
-2.36,-0.367
-2.304,2.483
-2.3,2.352
-2.346,2.453
-2.428,-0.54
-2.379,1.218
-2.51,0.466
-2.513,-0.047
-2.49,2.053
-2.631,2.085
-2.65,0.728
-2.648,-0.757
-2.603,0.201
-2.607,0.518
-2.652,-0.261
-2.627,-1.335
-2.679,2.077
-2.625,2.09
-2.665,0.528
-2.731,0.646
-2.693,1.488
-2.677,1.245
-2.851,0.529
-2.788,0.144
-2.812,-1.355
-2.914,-0.444
-2.939,1.188
-2.96,2.141
-3.061,-1.123
-3.037,0.462
-3.066,-0.947
3.139,-0.487
3.121,-1.473
3.061,0.108
3.125,1.788
3.12,2.05
3.05,0.435
3.023,-0.701
3.074,-1.403
2.928,0.822
2.865,2.335
2.852,-1.336
2.918,1.464
2.881,1.564
2.782,-1.087
2.735,0.527
2.699,1.7
2.621,-0.356
2.558,1.013
2.554,1.301
2.329,0.872
2.347,-0.4
2.293,-0.592
2.352,1.597
2.181,-1.413
2.107,-0.253
1.967,-0.887
2.035,0.468
1.916,-0.445
1.9,-0.342
1.778,1.067
1.833,2.361
1.803,-0.604
1.78,-0.001
1.653,1.114
1.733,-1.33
1.713,1.618
1.614,-0.133
1.566,1.055
1.529,-0.444
1.573,1.388
1.493,0.756
1.494,1.739
1.541,-0.32
1.497,-1.146
0.796,-1.514
-0.498,-1.802
-0.512,-1.542
-0.614,-1.477
-1.188,-1.559
-1.206,-1.707
-1.332,-1.909
-1.505,-1.915
-1.615,-1.738
-1.987,-1.509
-2.138,-1.801
-2.345,-1.632
-2.356,-1.754
-2.482,-1.783
-2.559,-1.57
-2.801,-1.744
-2.917,-1.86
-2.968,-1.71
2.587,-1.52
2.2,-1.531
2.116,-1.678
1.971,-1.491
1.921,-1.678
1.843,-1.769
1.809,-1.723
1.874,-1.56
1.49,-1.429
1.417,-1.755
1.148,2.798
1.108,2.826
0.468,2.817
0.194,2.764
-0.192,2.908
-0.288,2.718
-0.523,2.537
-1.356,2.905
-1.345,2.912
-1.75,2.609
-1.684,2.793
-1.919,2.789
-1.948,2.929
-2.23,2.636
-2.952,2.774
-2.96,2.933
2.827,2.78
2.481,2.61
2.222,2.703
1.496,2.991
1.487,2.669
1.352,2.262
1.173,-1.19
-0.427,2.128
-0.715,-0.061
-2.332,2.155
-2.378,-0.631
1.899,1.378
0.768,-1.639
0.303,-1.737
2.482,-1.478
1.517,2.443
1.482,-0.297
1.292,2.246
1.369,-0.878
1.334,0.061
1.116,0.471
1.126,1.006
1.071,1.027
0.943,2.406
1.034,1.435
0.914,2.097
0.816,-0.254
0.949,1.173
0.861,1.114
0.605,1.234
0.738,2.064
0.568,0.578
0.618,0.678
0.629,0.187
0.48,-1.231
0.532,-0.564
0.494,0.91
0.5,0.609
0.291,-1.389
0.294,-1.25
0.265,1.274
0.263,0.394
0.342,1.085
-0.25,-0.367
-0.409,1.096
-0.273,0.913
-0.299,-0.283
-0.457,-1.296
-0.52,-1.242
-0.523,2.375
-0.602,-0.211
-0.666,1.258
-0.751,-1.138
-0.805,0.282
-0.686,0.697
-0.897,-0.599
-0.765,1.27
-0.824,0.271
-0.939,1.391
-0.994,-1.016
-1.207,-0.987
-1.239,-0.119
-1.166,2.506
-1.335,-0.195
-1.252,0.773
-1.588,1.283
-1.741,0.964
-1.689,-1.462
-1.694,2.057
-1.73,0.594
-1.879,-0.264
-1.951,-1.331
-1.978,1.836
-1.852,1.596
-1.933,1.728
-2.112,2.483
-2.183,1.952
-2.081,0.452
-2.08,-0.2
-2.204,-1.285
-2.302,-1.122
-2.295,0.382
-2.312,-0.321
-2.357,1.241
-2.568,0.093
-2.606,0.795
-2.966,-0.726
-2.997,-1.195
-2.93,2.519
-2.934,-0.967
3.041,-0.282
2.885,1.331
2.808,-0.992
2.697,1.377
2.809,-0.209
2.8,0.629
2.681,1.185
2.445,1.024
2.418,1.015
2.255,-0.339
2.218,0.689
1.987,0.319
1.944,-1.17
1.852,0.172
1.73,0.954
1.675,-0.049
1.741,-0.222
1.593,1.707
1.648,-0.263
1.447,-0.536
1.27,-1.763
1.229,-1.635
0.781,-1.603
0.211,-1.431
-0.069,-1.702
-0.195,-1.527
-0.298,-1.558
-0.819,-1.77
-0.792,-1.651
-0.824,-1.932
-0.925,-1.798
-0.945,-1.797
-2.247,-1.613
3.118,-1.797
2.53,-1.541
2.287,-1.924
2.083,-1.645
1.87,-1.768
1.852,-1.596
1.633,-1.501
1.65,-1.659
1.57,-1.632
1.426,2.781
1.202,2.725
0.853,2.74
0.945,2.829
0.613,2.681
0.501,2.788
0.46,2.816
0.37,2.468
-0.596,2.605
-0.882,2.754
-0.924,2.857
-1.114,2.552
-1.522,2.698
-1.41,2.57
-1.97,2.853
-2.88,2.597
2.87,2.725
2.132,2.877
2.011,2.532
1.887,2.791
0.565,1.646
0.442,0.045
-0.619,1.705
-2.378,0.683
-2.763,0.015
2.139,0.026
0.646,1.448
-0.618,0.754
-1.119,-0.101
-1.597,0.75
-2.59,0.754
-2.77,0.75
-2.908,1.486
2.175,2.166
1.928,1.467
-2.041,-0.522
2.236,-0.744
1.462,0.902
-1.992,-1.745
-3.1,-1.181
2.072,-1.144
-2.456,-1.911
-2.429,-1.295
-0.147,0.925
-0.23,-1.539
-0.239,0.636
-0.205,-2.601
-0.299,-1.115
-0.326,1.011
-0.343,-2.186
-0.332,-1.623
-0.342,0.748
-0.348,-1.637
-0.373,-2.448
-0.485,-2.181
-0.443,-0.289
-0.505,0.857
-0.522,-2.375
-0.576,-0.08
-0.607,-1.389
-0.622,-0.112
-0.552,-1.266
-0.568,-1.638
-0.654,-0.675
-0.635,-1.069
-0.722,0.946
-0.772,-1.045
-0.726,0.465
-0.8,-1.395
-0.749,-1.245
-0.822,-0.674
-0.803,1.207
-0.913,-0.587
-0.92,-1.193
-0.958,-1.419
-1.026,-1.511
-0.981,-2.032
-1.142,-1.019
-1.156,-0.794
-1.104,-0.818
-1.206,-0.005
-1.261,1.115
-1.312,-1.055
-1.4,-2.411
-1.333,-0.781
-1.465,-2.272
-1.414,0.841
-1.487,-2.044
-1.56,1.253
-1.57,1.123
-1.491,-1.868
-1.646,0.288
-1.724,-2.622
-1.671,-1.263
-1.715,-0.442
-1.703,-2.395
-1.705,-1.363
-1.824,-1.808
-1.929,-1.02
-1.985,-1.738
-1.996,1.318
-2.002,1.009
-2.17,1.274
-2.103,-0.104
-2.103,-1.507
-2.217,-2.672
-2.164,1.37
-2.16,-0.396
-2.264,-1.682
-2.256,-2.558
-2.281,-0.84
-2.232,0.53
-2.274,-2.297
-2.307,-1.904
-2.4,-1.579
-2.344,1.271
-2.34,1.14
-2.386,1.241
-2.468,-1.752
-2.419,0.006
-2.55,-0.746
-2.553,-1.259
-2.53,0.841
-2.671,0.873
-2.69,-0.484
-2.688,-1.969
-2.643,-1.011
-2.647,-0.694
-2.692,-1.473
-2.667,-2.547
-2.719,0.865
-2.665,0.878
-2.705,-0.684
-2.771,-0.566
-2.733,0.276
-2.717,0.033
-2.891,-0.683
-2.828,-1.068
-2.852,-2.567
-2.954,-1.656
-2.979,-0.024
-3.0,0.929
-3.101,-2.335
-3.077,-0.75
-3.106,-2.159
3.099,-1.699
3.081,-2.685
3.021,-1.104
3.085,0.576
3.08,0.838
3.01,-0.777
2.983,-1.913
3.034,-2.615
2.888,-0.39
2.825,1.123
2.812,-2.548
2.878,0.252
2.841,0.352
2.742,-2.299
2.695,-0.685
2.659,0.488
2.581,-1.568
2.518,-0.199
2.514,0.089
2.289,-0.34
2.307,-1.612
2.253,-1.804
2.312,0.385
2.141,-2.625
2.067,-1.465
1.927,-2.099
1.995,-0.744
1.876,-1.657
1.86,-1.554
1.738,-0.145
1.793,1.149
1.763,-1.816
1.74,-1.213
1.613,-0.098
1.693,-2.542
1.673,0.406
1.574,-1.345
1.526,-0.157
1.489,-1.656
1.533,0.176
1.453,-0.456
1.454,0.527
1.501,-1.532
1.457,-2.358
0.756,-2.726
-0.538,-3.014
-0.552,-2.754
-0.654,-2.689
-1.228,-2.771
-1.246,-2.919
-1.372,-3.121
-1.545,-3.127
-1.655,-2.95
-2.027,-2.721
-2.178,-3.013
-2.385,-2.844
-2.396,-2.966
-2.522,-2.995
-2.599,-2.782
-2.841,-2.956
-2.957,-3.072
-3.008,-2.922
2.547,-2.732
2.16,-2.743
2.076,-2.89
1.931,-2.703
1.881,-2.89
1.803,-2.981
1.769,-2.935
1.834,-2.772
1.45,-2.641
1.377,-2.967
1.108,1.586
1.068,1.614
0.428,1.605
0.154,1.552
-0.232,1.696
-0.328,1.506
-0.563,1.325
-1.396,1.693
-1.385,1.7
-1.79,1.397
-1.724,1.581
-1.959,1.577
-1.988,1.717
-2.27,1.424
-2.992,1.562
-3.0,1.721
2.787,1.568
2.441,1.398
2.182,1.491
1.456,1.779
1.447,1.457
1.312,1.05
1.133,-2.402
-0.467,0.916
-0.755,-1.273
-2.372,0.943
-2.418,-1.843
1.859,0.166
0.728,-2.851
0.263,-2.949
2.442,-2.69
1.477,1.231
1.442,-1.509
1.252,1.034
1.329,-2.09
1.294,-1.151
1.076,-0.741
1.086,-0.206
1.031,-0.185
0.903,1.194
0.994,0.223
0.874,0.885
0.776,-1.466
0.909,-0.039
0.821,-0.098
0.565,0.022
0.698,0.852
0.528,-0.634
0.578,-0.534
0.589,-1.025
0.44,-2.443
0.492,-1.776
0.454,-0.302
0.46,-0.603
0.251,-2.601
0.254,-2.462
0.225,0.062
0.223,-0.818
0.302,-0.127
-0.29,-1.579
-0.449,-0.116
-0.313,-0.299
-0.339,-1.495
-0.497,-2.508
-0.56,-2.454
-0.563,1.163
-0.642,-1.423
-0.706,0.046
-0.791,-2.35
-0.845,-0.93
-0.726,-0.515
-0.937,-1.811
-0.805,0.058
-0.864,-0.941
-0.979,0.179
-1.034,-2.228
-1.247,-2.199
-1.279,-1.331
-1.206,1.294
-1.375,-1.407
-1.292,-0.439
-1.628,0.071
-1.781,-0.248
-1.729,-2.674
-1.734,0.845
-1.77,-0.618
-1.919,-1.476
-1.991,-2.543
-2.018,0.624
-1.892,0.384
-1.973,0.516
-2.152,1.271
-2.223,0.74
-2.121,-0.76
-2.12,-1.412
-2.244,-2.497
-2.342,-2.334
-2.335,-0.83
-2.352,-1.533
-2.397,0.029
-2.608,-1.119
-2.646,-0.417
-3.006,-1.938
-3.037,-2.407
-2.97,1.307
-2.974,-2.179
3.001,-1.494
2.845,0.119
2.768,-2.204
2.657,0.165
2.769,-1.421
2.76,-0.583
2.641,-0.027
2.405,-0.188
2.378,-0.197
2.215,-1.551
2.178,-0.523
1.947,-0.893
1.904,-2.382
1.812,-1.04
1.69,-0.258
1.635,-1.261
1.701,-1.434
1.553,0.495
1.608,-1.475
1.407,-1.748
1.23,-2.975
1.189,-2.847
0.741,-2.815
0.171,-2.643
-0.109,-2.914
-0.235,-2.739
-0.338,-2.77
-0.859,-2.982
-0.832,-2.863
-0.864,-3.144
-0.965,-3.01
-0.985,-3.009
-2.287,-2.825
3.078,-3.009
2.49,-2.753
2.247,-3.136
2.043,-2.857
1.83,-2.98
1.812,-2.808
1.593,-2.713
1.61,-2.871
1.53,-2.844
1.386,1.569
1.162,1.513
0.813,1.528
0.905,1.617
0.573,1.469
0.461,1.576
0.42,1.604
0.33,1.256
-0.636,1.393
-0.922,1.542
-0.964,1.645
-1.154,1.34
-1.562,1.486
-1.45,1.358
-2.01,1.641
-2.92,1.385
2.83,1.513
2.092,1.665
1.971,1.32
1.847,1.579
0.525,0.434
0.402,-1.167
-0.659,0.493
-2.418,-0.529
-2.803,-1.197
2.099,-1.186
0.606,0.236
-0.658,-0.458
-1.159,-1.313
-1.637,-0.462
-2.63,-0.458
-2.81,-0.462
-2.948,0.274
2.135,0.954
1.888,0.255
-2.081,-1.734
2.196,-1.956
1.422,-0.31
-2.032,-2.957
-3.14,-2.393
2.032,-2.356
-2.496,-3.123
-2.469,-2.507
-0.083,-2.464
-0.092,-0.289
-0.058,-3.526
-0.152,-2.04
-0.179,0.086
-0.196,-3.111
-0.185,-2.548
-0.195,-0.177
-0.201,-2.562
-0.226,-3.373
-0.338,-3.106
-0.296,-1.214
-0.358,-0.068
-0.375,-3.3
-0.429,-1.005
-0.46,-2.314
-0.475,-1.037
-0.405,-2.191
-0.421,-2.563
-0.507,-1.6
-0.488,-1.994
-0.575,0.021
-0.625,-1.97
-0.579,-0.46
-0.653,-2.32
-0.602,-2.17
-0.675,-1.599
-0.656,0.282
-0.766,-1.512
-0.773,-2.118
-0.811,-2.344
-0.879,-2.436
-0.834,-2.957
-0.995,-1.944
-1.009,-1.719
-0.957,-1.743
-1.059,-0.93
-1.114,0.19
-1.165,-1.98
-1.253,-3.336
-1.186,-1.706
-1.318,-3.197
-1.267,-0.084
-1.34,-2.969
-1.413,0.328
-1.423,0.198
-1.344,-2.793
-1.499,-0.637
-1.577,-3.547
-1.524,-2.188
-1.568,-1.367
-1.556,-3.32
-1.558,-2.288
-1.677,-2.733
-1.782,-1.945
-1.838,-2.663
-1.849,0.393
-1.855,0.084
-2.023,0.349
-1.956,-1.029
-1.956,-2.432
-2.07,-3.597
-2.017,0.445
-2.013,-1.321
-2.117,-2.607
-2.109,-3.483
-2.134,-1.765
-2.085,-0.395
-2.127,-3.222
-2.16,-2.829
-2.253,-2.504
-2.197,0.346
-2.193,0.215
-2.239,0.316
-2.321,-2.677
-2.272,-0.919
-2.403,-1.671
-2.406,-2.184
-2.383,-0.084
-2.524,-0.052
-2.543,-1.409
-2.541,-2.894
-2.496,-1.936
-2.5,-1.619
-2.545,-2.398
-2.52,-3.472
-2.572,-0.06
-2.518,-0.047
-2.558,-1.609
-2.624,-1.491
-2.586,-0.649
-2.57,-0.892
-2.744,-1.608
-2.681,-1.993
-2.705,-3.492
-2.807,-2.581
-2.832,-0.949
-2.853,0.004
-2.954,-3.26
-2.93,-1.675
-2.959,-3.084
-3.037,-2.624
-3.055,-3.61
-3.115,-2.029
-3.051,-0.349
-3.056,-0.087
-3.126,-1.702
3.13,-2.838
-3.102,-3.54
3.035,-1.315
2.972,0.198
2.959,-3.473
3.025,-0.673
2.988,-0.573
2.889,-3.224
2.842,-1.61
2.806,-0.437
2.728,-2.493
2.665,-1.124
2.661,-0.836
2.436,-1.265
2.454,-2.537
2.4,-2.729
2.459,-0.54
2.288,-3.55
2.214,-2.39
2.074,-3.024
2.142,-1.669
2.023,-2.582
2.007,-2.479
1.885,-1.07
1.94,0.224
1.91,-2.741
1.887,-2.138
1.76,-1.023
1.84,-3.467
1.82,-0.519
1.721,-2.27
1.673,-1.082
1.636,-2.581
1.68,-0.749
1.6,-1.381
1.601,-0.398
1.648,-2.457
1.604,-3.283
0.903,-3.651
-0.391,-3.939
-0.405,-3.679
-0.507,-3.614
-1.081,-3.696
-1.099,-3.844
-1.225,-4.046
-1.398,-4.052
-1.508,-3.875
-1.88,-3.646
-2.031,-3.938
-2.238,-3.769
-2.249,-3.891
-2.375,-3.92
-2.452,-3.707
-2.694,-3.881
-2.81,-3.997
-2.861,-3.847
2.694,-3.657
2.307,-3.668
2.223,-3.815
2.078,-3.628
2.028,-3.815
1.95,-3.906
1.916,-3.86
1.981,-3.697
1.597,-3.566
1.524,-3.892
1.255,0.661
1.215,0.689
0.575,0.68
0.301,0.627
-0.085,0.771
-0.181,0.581
-0.416,0.4
-1.249,0.768
-1.238,0.775
-1.643,0.472
-1.577,0.656
-1.812,0.652
-1.841,0.792
-2.123,0.499
-2.845,0.637
-2.853,0.796
2.934,0.643
2.588,0.473
2.329,0.566
1.603,0.854
1.594,0.532
1.459,0.125
1.28,-3.327
-0.32,-0.009
-0.608,-2.198
-2.225,0.018
-2.271,-2.768
2.006,-0.759
0.875,-3.776
0.41,-3.874
2.589,-3.615
1.624,0.306
1.589,-2.434
1.399,0.109
1.476,-3.015
1.441,-2.076
1.223,-1.666
1.233,-1.131
1.178,-1.11
1.05,0.269
1.141,-0.702
1.021,-0.04
0.923,-2.391
1.056,-0.964
0.968,-1.023
0.712,-0.903
0.845,-0.073
0.675,-1.559
0.725,-1.459
0.736,-1.95
0.587,-3.368
0.639,-2.701
0.601,-1.227
0.607,-1.528
0.398,-3.526
0.401,-3.387
0.372,-0.863
0.37,-1.743
0.449,-1.052
-0.143,-2.504
-0.302,-1.041
-0.166,-1.224
-0.192,-2.42
-0.35,-3.433
-0.413,-3.379
-0.416,0.238
-0.495,-2.348
-0.559,-0.879
-0.644,-3.275
-0.698,-1.855
-0.579,-1.44
-0.79,-2.736
-0.658,-0.867
-0.717,-1.866
-0.832,-0.746
-0.887,-3.153
-1.1,-3.124
-1.132,-2.256
-1.059,0.369
-1.228,-2.332
-1.145,-1.364
-1.481,-0.854
-1.634,-1.173
-1.582,-3.599
-1.587,-0.08
-1.623,-1.543
-1.772,-2.401
-1.844,-3.468
-1.871,-0.301
-1.745,-0.541
-1.826,-0.409
-2.005,0.346
-2.076,-0.185
-1.974,-1.685
-1.973,-2.337
-2.097,-3.422
-2.195,-3.259
-2.188,-1.755
-2.205,-2.458
-2.25,-0.896
-2.461,-2.044
-2.499,-1.342
-2.859,-2.863
-2.89,-3.332
-2.823,0.382
-2.827,-3.104
-3.135,-2.419
2.992,-0.806
2.915,-3.129
2.804,-0.76
2.916,-2.346
2.907,-1.508
2.788,-0.952
2.552,-1.113
2.525,-1.122
2.362,-2.476
2.325,-1.448
2.094,-1.818
2.051,-3.307
1.959,-1.965
1.837,-1.183
1.782,-2.186
1.848,-2.359
1.7,-0.43
1.755,-2.4
1.554,-2.673
1.377,-3.9
1.336,-3.772
0.888,-3.74
0.318,-3.568
0.038,-3.839
-0.088,-3.664
-0.191,-3.695
-0.712,-3.907
-0.685,-3.788
-0.717,-4.069
-0.818,-3.935
-0.838,-3.934
-2.14,-3.75
-3.058,-3.934
2.637,-3.678
2.394,-4.061
2.19,-3.782
1.977,-3.905
1.959,-3.733
1.74,-3.638
1.757,-3.796
1.677,-3.769
1.533,0.644
1.309,0.588
0.96,0.603
1.052,0.692
0.72,0.544
0.608,0.651
0.567,0.679
0.477,0.331
-0.489,0.468
-0.775,0.617
-0.817,0.72
-1.007,0.415
-1.415,0.561
-1.303,0.433
-1.863,0.716
-2.773,0.46
2.977,0.588
2.239,0.74
2.118,0.395
1.994,0.654
0.672,-0.491
0.549,-2.092
-0.512,-0.432
-2.271,-1.454
-2.656,-2.122
2.246,-2.111
0.753,-0.689
-0.511,-1.383
-1.012,-2.238
-1.49,-1.387
-2.483,-1.383
-2.663,-1.387
-2.801,-0.651
2.282,0.029
2.035,-0.67
-1.934,-2.659
2.343,-2.881
1.569,-1.235
-1.885,-3.882
-2.993,-3.318
2.179,-3.281
-2.349,-4.048
-2.322,-3.432
-0.009,2.175
0.025,-1.062
-0.069,0.424
-0.096,2.55
-0.113,-0.647
-0.102,-0.084
-0.112,2.287
-0.118,-0.098
-0.143,-0.909
-0.255,-0.642
-0.213,1.25
-0.275,2.396
-0.292,-0.836
-0.346,1.459
-0.377,0.15
-0.392,1.427
-0.322,0.273
-0.338,-0.099
-0.424,0.864
-0.405,0.47
-0.492,2.485
-0.542,0.494
-0.496,2.004
-0.57,0.144
-0.519,0.294
-0.592,0.865
-0.573,2.746
-0.683,0.952
-0.69,0.346
-0.728,0.12
-0.796,0.028
-0.751,-0.493
-0.912,0.52
-0.926,0.745
-0.874,0.721
-0.976,1.534
-1.031,2.654
-1.082,0.484
-1.17,-0.872
-1.103,0.758
-1.235,-0.733
-1.184,2.38
-1.257,-0.505
-1.33,2.792
-1.34,2.662
-1.261,-0.329
-1.416,1.827
-1.494,-1.083
-1.441,0.276
-1.485,1.097
-1.473,-0.856
-1.475,0.176
-1.594,-0.269
-1.699,0.519
-1.755,-0.199
-1.766,2.857
-1.772,2.548
-1.94,2.813
-1.873,1.435
-1.873,0.032
-1.987,-1.133
-1.934,2.909
-1.93,1.143
-2.034,-0.143
-2.026,-1.019
-2.051,0.699
-2.002,2.069
-2.044,-0.758
-2.077,-0.365
-2.17,-0.04
-2.114,2.81
-2.11,2.679
-2.156,2.78
-2.238,-0.213
-2.189,1.545
-2.32,0.793
-2.323,0.28
-2.3,2.38
-2.441,2.412
-2.46,1.055
-2.458,-0.43
-2.413,0.528
-2.417,0.845
-2.462,0.066
-2.437,-1.008
-2.489,2.404
-2.435,2.417
-2.475,0.855
-2.541,0.973
-2.503,1.815
-2.487,1.572
-2.661,0.856
-2.598,0.471
-2.622,-1.028
-2.724,-0.117
-2.749,1.515
-2.77,2.468
-2.871,-0.796
-2.847,0.789
-2.876,-0.62
-2.954,-0.16
-2.972,-1.146
-3.032,0.435
-2.968,2.115
-2.973,2.377
-3.043,0.762
-3.07,-0.374
-3.019,-1.076
3.118,1.149
3.055,2.662
3.042,-1.009
3.108,1.791
3.071,1.891
2.972,-0.76
2.925,0.854
2.889,2.027
2.811,-0.029
2.748,1.34
2.744,1.628
2.519,1.199
2.537,-0.073
2.483,-0.265
2.542,1.924
2.371,-1.086
2.297,0.074
2.157,-0.56
2.225,0.795
2.106,-0.118
2.09,-0.015
1.968,1.394
2.023,2.688
1.993,-0.277
1.97,0.326
1.843,1.441
1.923,-1.003
1.903,1.945
1.804,0.194
1.756,1.382
1.719,-0.117
1.763,1.715
1.683,1.083
1.684,2.066
1.731,0.007
1.687,-0.819
0.986,-1.187
-0.308,-1.475
-0.322,-1.215
-0.424,-1.15
-0.998,-1.232
-1.016,-1.38
-1.142,-1.582
-1.315,-1.588
-1.425,-1.411
-1.797,-1.182
-1.948,-1.474
-2.155,-1.305
-2.166,-1.427
-2.292,-1.456
-2.369,-1.243
-2.611,-1.417
-2.727,-1.533
-2.778,-1.383
2.777,-1.193
2.39,-1.204
2.306,-1.351
2.161,-1.164
2.111,-1.351
2.033,-1.442
1.999,-1.396
2.064,-1.233
1.68,-1.102
1.607,-1.428
1.338,3.125
1.298,3.153
0.658,3.144
0.384,3.091
-0.002,3.235
-0.098,3.045
-0.333,2.864
-1.166,3.232
-1.155,3.239
-1.56,2.936
-1.494,3.12
-1.729,3.116
-1.758,3.256
-2.04,2.963
-2.762,3.101
-2.77,3.26
3.017,3.107
2.671,2.937
2.412,3.03
1.686,3.318
1.677,2.996
1.542,2.589
1.363,-0.863
-0.237,2.455
-0.525,0.266
-2.142,2.482
-2.188,-0.304
2.089,1.705
0.958,-1.312
0.493,-1.41
2.672,-1.151
1.707,2.77
1.672,0.03
1.482,2.573
1.559,-0.551
1.524,0.388
1.306,0.798
1.316,1.333
1.261,1.354
1.133,2.733
1.224,1.762
1.104,2.424
1.006,0.073
1.139,1.5
1.051,1.441
0.795,1.561
0.928,2.391
0.758,0.905
0.808,1.005
0.819,0.514
0.67,-0.904
0.722,-0.237
0.684,1.237
0.69,0.936
0.481,-1.062
0.484,-0.923
0.455,1.601
0.453,0.721
0.532,1.412
-0.06,-0.04
-0.219,1.423
-0.083,1.24
-0.109,0.044
-0.267,-0.969
-0.33,-0.915
-0.333,2.702
-0.412,0.116
-0.476,1.585
-0.561,-0.811
-0.615,0.609
-0.496,1.024
-0.707,-0.272
-0.575,1.597
-0.634,0.598
-0.749,1.718
-0.804,-0.689
-1.017,-0.66
-1.049,0.208
-0.976,2.833
-1.145,0.132
-1.062,1.1
-1.398,1.61
-1.551,1.291
-1.499,-1.135
-1.504,2.384
-1.54,0.921
-1.689,0.063
-1.761,-1.004
-1.788,2.163
-1.662,1.923
-1.743,2.055
-1.922,2.81
-1.993,2.279
-1.891,0.779
-1.89,0.127
-2.014,-0.958
-2.112,-0.795
-2.105,0.709
-2.122,0.006
-2.167,1.568
-2.378,0.42
-2.416,1.122
-2.776,-0.399
-2.807,-0.868
-2.74,2.846
-2.744,-0.64
-3.052,0.045
3.075,1.658
2.998,-0.665
2.887,1.704
2.999,0.118
2.99,0.956
2.871,1.512
2.635,1.351
2.608,1.342
2.445,-0.012
2.408,1.016
2.177,0.646
2.134,-0.843
2.042,0.499
1.92,1.281
1.865,0.278
1.931,0.105
1.783,2.034
1.838,0.064
1.637,-0.209
1.46,-1.436
1.419,-1.308
0.971,-1.276
0.401,-1.104
0.121,-1.375
-0.005,-1.2
-0.108,-1.231
-0.629,-1.443
-0.602,-1.324
-0.634,-1.605
-0.735,-1.471
-0.755,-1.47
-2.057,-1.286
-2.975,-1.47
2.72,-1.214
2.477,-1.597
2.273,-1.318
2.06,-1.441
2.042,-1.269
1.823,-1.174
1.84,-1.332
1.76,-1.305
1.616,3.108
1.392,3.052
1.043,3.067
1.135,3.156
0.803,3.008
0.691,3.115
0.65,3.143
0.56,2.795
-0.406,2.932
-0.692,3.081
-0.734,3.184
-0.924,2.879
-1.332,3.025
-1.22,2.897
-1.78,3.18
-2.69,2.924
3.06,3.052
2.322,3.204
2.201,2.859
2.077,3.118
0.755,1.973
0.632,0.372
-0.429,2.032
-2.188,1.01
-2.573,0.342
2.329,0.353
0.836,1.775
-0.428,1.081
-0.929,0.226
-1.407,1.077
-2.4,1.081
-2.58,1.077
-2.718,1.813
2.365,2.493
2.118,1.794
-1.851,-0.195
2.426,-0.417
1.652,1.229
-1.802,-1.418
-2.91,-0.854
2.262,-0.817
-2.266,-1.584
-2.239,-0.968
0.034,-3.237
-0.06,-1.751
-0.087,0.375
-0.104,-2.822
-0.093,-2.259
-0.103,0.112
-0.109,-2.273
-0.134,-3.084
-0.246,-2.817
-0.204,-0.925
-0.266,0.221
-0.283,-3.011
-0.337,-0.716
-0.368,-2.025
-0.383,-0.748
-0.313,-1.902
-0.329,-2.274
-0.415,-1.311
-0.396,-1.705
-0.483,0.31
-0.533,-1.681
-0.487,-0.171
-0.561,-2.031
-0.51,-1.881
-0.583,-1.31
-0.564,0.571
-0.674,-1.223
-0.681,-1.829
-0.719,-2.055
-0.787,-2.147
-0.742,-2.668
-0.903,-1.655
-0.917,-1.43
-0.865,-1.454
-0.967,-0.641
-1.022,0.479
-1.073,-1.691
-1.161,-3.047
-1.094,-1.417
-1.226,-2.908
-1.175,0.205
-1.248,-2.68
-1.321,0.617
-1.331,0.487
-1.252,-2.504
-1.407,-0.348
-1.485,-3.258
-1.432,-1.899
-1.476,-1.078
-1.464,-3.031
-1.466,-1.999
-1.585,-2.444
-1.69,-1.656
-1.746,-2.374
-1.757,0.682
-1.763,0.373
-1.931,0.638
-1.864,-0.74
-1.864,-2.143
-1.978,-3.308
-1.925,0.734
-1.921,-1.032
-2.025,-2.318
-2.017,-3.194
-2.042,-1.476
-1.993,-0.106
-2.035,-2.933
-2.068,-2.54
-2.161,-2.215
-2.105,0.635
-2.101,0.504
-2.147,0.605
-2.229,-2.388
-2.18,-0.63
-2.311,-1.382
-2.314,-1.895
-2.291,0.205
-2.432,0.237
-2.451,-1.12
-2.449,-2.605
-2.404,-1.647
-2.408,-1.33
-2.453,-2.109
-2.428,-3.183
-2.48,0.229
-2.426,0.242
-2.466,-1.32
-2.532,-1.202
-2.494,-0.36
-2.478,-0.603
-2.652,-1.319
-2.589,-1.704
-2.613,-3.203
-2.715,-2.292
-2.74,-0.66
-2.761,0.293
-2.862,-2.971
-2.838,-1.386
-2.867,-2.795
-2.945,-2.335
-2.963,-3.321
-3.023,-1.74
-2.959,-0.06
-2.964,0.202
-3.034,-1.413
-3.061,-2.549
-3.01,-3.251
3.127,-1.026
3.064,0.487
3.051,-3.184
3.117,-0.384
3.08,-0.284
2.981,-2.935
2.934,-1.321
2.898,-0.148
2.82,-2.204
2.757,-0.835
2.753,-0.547
2.528,-0.976
2.546,-2.248
2.492,-2.44
2.551,-0.251
2.38,-3.261
2.306,-2.101
2.166,-2.735
2.234,-1.38
2.115,-2.293
2.099,-2.19
1.977,-0.781
2.032,0.513
2.002,-2.452
1.979,-1.849
1.852,-0.734
1.932,-3.178
1.912,-0.23
1.813,-1.981
1.765,-0.793
1.728,-2.292
1.772,-0.46
1.692,-1.092
1.693,-0.109
1.74,-2.168
1.696,-2.994
0.995,-3.362
-0.299,-3.65
-0.313,-3.39
-0.415,-3.325
-0.989,-3.407
-1.007,-3.555
-1.133,-3.757
-1.306,-3.763
-1.416,-3.586
-1.788,-3.357
-1.939,-3.649
-2.146,-3.48
-2.157,-3.602
-2.283,-3.631
-2.36,-3.418
-2.602,-3.592
-2.718,-3.708
-2.769,-3.558
2.786,-3.368
2.399,-3.379
2.315,-3.526
2.17,-3.339
2.12,-3.526
2.042,-3.617
2.008,-3.571
2.073,-3.408
1.689,-3.277
1.616,-3.603
1.347,0.95
1.307,0.978
0.667,0.969
0.393,0.916
0.007,1.06
-0.089,0.87
-0.324,0.689
-1.157,1.057
-1.146,1.064
-1.551,0.761
-1.485,0.945
-1.72,0.941
-1.749,1.081
-2.031,0.788
-2.753,0.926
-2.761,1.085
3.026,0.932
2.68,0.762
2.421,0.855
1.695,1.143
1.686,0.821
1.551,0.414
1.372,-3.038
-0.228,0.28
-0.516,-1.909
-2.133,0.307
-2.179,-2.479
2.098,-0.47
0.967,-3.487
0.502,-3.585
2.681,-3.326
1.716,0.595
1.681,-2.145
1.491,0.398
1.568,-2.726
1.533,-1.787
1.315,-1.377
1.325,-0.842
1.27,-0.821
1.142,0.558
1.233,-0.413
1.113,0.249
1.015,-2.102
1.148,-0.675
1.06,-0.734
0.804,-0.614
0.937,0.216
0.767,-1.27
0.817,-1.17
0.828,-1.661
0.679,-3.079
0.731,-2.412
0.693,-0.938
0.699,-1.239
0.49,-3.237
0.493,-3.098
0.464,-0.574
0.462,-1.454
0.541,-0.763
-0.051,-2.215
-0.21,-0.752
-0.074,-0.935
-0.1,-2.131
-0.258,-3.144
-0.321,-3.09
-0.324,0.527
-0.403,-2.059
-0.467,-0.59
-0.552,-2.986
-0.606,-1.566
-0.487,-1.151
-0.698,-2.447
-0.566,-0.578
-0.625,-1.577
-0.74,-0.457
-0.795,-2.864
-1.008,-2.835
-1.04,-1.967
-0.967,0.658
-1.136,-2.043
-1.053,-1.075
-1.389,-0.565
-1.542,-0.884
-1.49,-3.31
-1.495,0.209
-1.531,-1.254
-1.68,-2.112
-1.752,-3.179
-1.779,-0.012
-1.653,-0.252
-1.734,-0.12
-1.913,0.635
-1.984,0.104
-1.882,-1.396
-1.881,-2.048
-2.005,-3.133
-2.103,-2.97
-2.096,-1.466
-2.113,-2.169
-2.158,-0.607
-2.369,-1.755
-2.407,-1.053
-2.767,-2.574
-2.798,-3.043
-2.731,0.671
-2.735,-2.815
-3.043,-2.13
3.084,-0.517
3.007,-2.84
2.896,-0.471
3.008,-2.057
2.999,-1.219
2.88,-0.663
2.644,-0.824
2.617,-0.833
2.454,-2.187
2.417,-1.159
2.186,-1.529
2.143,-3.018
2.051,-1.676
1.929,-0.894
1.874,-1.897
1.94,-2.07
1.792,-0.141
1.847,-2.111
1.646,-2.384
1.469,-3.611
1.428,-3.483
0.98,-3.451
0.41,-3.279
0.13,-3.55
0.004,-3.375
-0.099,-3.406
-0.62,-3.618
-0.593,-3.499
-0.625,-3.78
-0.726,-3.646
-0.746,-3.645
-2.048,-3.461
-2.966,-3.645
2.729,-3.389
2.486,-3.772
2.282,-3.493
2.069,-3.616
2.051,-3.444
1.832,-3.349
1.849,-3.507
1.769,-3.48
1.625,0.933
1.401,0.877
1.052,0.892
1.144,0.981
0.812,0.833
0.7,0.94
0.659,0.968
0.569,0.62
-0.397,0.757
-0.683,0.906
-0.725,1.009
-0.915,0.704
-1.323,0.85
-1.211,0.722
-1.771,1.005
-2.681,0.749
3.069,0.877
2.331,1.029
2.21,0.684
2.086,0.943
0.764,-0.202
0.641,-1.803
-0.42,-0.143
-2.179,-1.165
-2.564,-1.833
2.338,-1.822
0.845,-0.4
-0.419,-1.094
-0.92,-1.949
-1.398,-1.098
-2.391,-1.094
-2.571,-1.098
-2.709,-0.362
2.374,0.318
2.127,-0.381
-1.842,-2.37
2.435,-2.592
1.661,-0.946
-1.793,-3.593
-2.901,-3.029
2.271,-2.992
-2.257,-3.759
-2.23,-3.143
-0.094,1.486
-0.121,3.612
-0.138,0.415
-0.127,0.978
-0.137,3.349
-0.143,0.964
-0.168,0.153
-0.28,0.42
-0.238,2.312
-0.3,3.458
-0.317,0.226
-0.371,2.521
-0.402,1.212
-0.417,2.489
-0.347,1.335
-0.363,0.963
-0.449,1.926
-0.43,1.532
-0.517,3.547
-0.567,1.556
-0.521,3.066
-0.595,1.206
-0.544,1.356
-0.617,1.927
-0.598,3.808
-0.708,2.014
-0.715,1.408
-0.753,1.182
-0.821,1.09
-0.776,0.569
-0.937,1.582
-0.951,1.807
-0.899,1.783
-1.001,2.596
-1.056,3.716
-1.107,1.546
-1.195,0.19
-1.128,1.82
-1.26,0.329
-1.209,3.442
-1.282,0.557
-1.355,3.854
-1.365,3.724
-1.286,0.733
-1.441,2.889
-1.519,-0.021
-1.466,1.338
-1.51,2.159
-1.498,0.206
-1.5,1.238
-1.619,0.793
-1.724,1.581
-1.78,0.863
-1.791,3.919
-1.797,3.61
-1.965,3.875
-1.898,2.497
-1.898,1.094
-2.012,-0.071
-1.959,3.971
-1.955,2.205
-2.059,0.919
-2.051,0.043
-2.076,1.761
-2.027,3.131
-2.069,0.304
-2.102,0.697
-2.195,1.022
-2.139,3.872
-2.135,3.741
-2.181,3.842
-2.263,0.849
-2.214,2.607
-2.345,1.855
-2.348,1.342
-2.325,3.442
-2.466,3.474
-2.485,2.117
-2.483,0.632
-2.438,1.59
-2.442,1.907
-2.487,1.128
-2.462,0.054
-2.514,3.466
-2.46,3.479
-2.5,1.917
-2.566,2.035
-2.528,2.877
-2.512,2.634
-2.686,1.918
-2.623,1.533
-2.647,0.034
-2.749,0.945
-2.774,2.577
-2.795,3.53
-2.896,0.266
-2.872,1.851
-2.901,0.442
-2.979,0.902
-2.997,-0.084
-3.057,1.497
-2.993,3.177
-2.998,3.439
-3.068,1.824
-3.095,0.688
-3.044,-0.014
3.093,2.211
3.03,3.724
3.017,0.053
3.083,2.853
3.046,2.953
2.947,0.302
2.9,1.916
2.864,3.089
2.786,1.033
2.723,2.402
2.719,2.69
2.494,2.261
2.512,0.989
2.458,0.797
2.517,2.986
2.346,-0.024
2.272,1.136
2.132,0.502
2.2,1.857
2.081,0.944
2.065,1.047
1.943,2.456
1.998,3.75
1.968,0.785
1.945,1.388
1.818,2.503
1.898,0.059
1.878,3.007
1.779,1.256
1.731,2.444
1.694,0.945
1.738,2.777
1.658,2.145
1.659,3.128
1.706,1.069
1.662,0.243
0.961,-0.125
-0.333,-0.413
-0.347,-0.153
-0.449,-0.088
-1.023,-0.17
-1.041,-0.318
-1.167,-0.52
-1.34,-0.526
-1.45,-0.349
-1.822,-0.12
-1.973,-0.412
-2.18,-0.243
-2.191,-0.365
-2.317,-0.394
-2.394,-0.181
-2.636,-0.355
-2.752,-0.471
-2.803,-0.321
2.752,-0.131
2.365,-0.142
2.281,-0.289
2.136,-0.102
2.086,-0.289
2.008,-0.38
1.974,-0.334
2.039,-0.171
1.655,-0.04
1.582,-0.366
1.313,4.187
1.273,4.215
0.633,4.206
0.359,4.153
-0.027,4.297
-0.123,4.107
-0.358,3.926
-1.191,4.294
-1.18,4.301
-1.585,3.998
-1.519,4.182
-1.754,4.178
-1.783,4.318
-2.065,4.025
-2.787,4.163
-2.795,4.322
2.992,4.169
2.646,3.999
2.387,4.092
1.661,4.38
1.652,4.058
1.517,3.651
1.338,0.199
-0.262,3.517
-0.55,1.328
-2.167,3.544
-2.213,0.758
2.064,2.767
0.933,-0.25
0.468,-0.348
2.647,-0.089
1.682,3.832
1.647,1.092
1.457,3.635
1.534,0.511
1.499,1.45
1.281,1.86
1.291,2.395
1.236,2.416
1.108,3.795
1.199,2.824
1.079,3.486
0.981,1.135
1.114,2.562
1.026,2.503
0.77,2.623
0.903,3.453
0.733,1.967
0.783,2.067
0.794,1.576
0.645,0.158
0.697,0.825
0.659,2.299
0.665,1.998
0.456,0.0
0.459,0.139
0.43,2.663
0.428,1.783
0.507,2.474
-0.085,1.022
-0.244,2.485
-0.108,2.302
-0.134,1.106
-0.292,0.093
-0.355,0.147
-0.358,3.764
-0.437,1.178
-0.501,2.647
-0.586,0.251
-0.64,1.671
-0.521,2.086
-0.732,0.79
-0.6,2.659
-0.659,1.66
-0.774,2.78
-0.829,0.373
-1.042,0.402
-1.074,1.27
-1.001,3.895
-1.17,1.194
-1.087,2.162
-1.423,2.672
-1.576,2.353
-1.524,-0.073
-1.529,3.446
-1.565,1.983
-1.714,1.125
-1.786,0.058
-1.813,3.225
-1.687,2.985
-1.768,3.117
-1.947,3.872
-2.018,3.341
-1.916,1.841
-1.915,1.189
-2.039,0.104
-2.137,0.267
-2.13,1.771
-2.147,1.068
-2.192,2.63
-2.403,1.482
-2.441,2.184
-2.801,0.663
-2.832,0.194
-2.765,3.908
-2.769,0.422
-3.077,1.107
3.05,2.72
2.973,0.397
2.862,2.766
2.974,1.18
2.965,2.018
2.846,2.574
2.61,2.413
2.583,2.404
2.42,1.05
2.383,2.078
2.152,1.708
2.109,0.219
2.017,1.561
1.895,2.343
1.84,1.34
1.906,1.167
1.758,3.096
1.813,1.126
1.612,0.853
1.435,-0.374
1.394,-0.246
0.946,-0.214
0.376,-0.042
0.096,-0.313
-0.03,-0.138
-0.133,-0.169
-0.654,-0.381
-0.627,-0.262
-0.659,-0.543
-0.76,-0.409
-0.78,-0.408
-2.082,-0.224
-3.0,-0.408
2.695,-0.152
2.452,-0.535
2.248,-0.256
2.035,-0.379
2.017,-0.207
1.798,-0.112
1.815,-0.27
1.735,-0.243
1.591,4.17
1.367,4.114
1.018,4.129
1.11,4.218
0.778,4.07
0.666,4.177
0.625,4.205
0.535,3.857
-0.431,3.994
-0.717,4.143
-0.759,4.246
-0.949,3.941
-1.357,4.087
-1.245,3.959
-1.805,4.242
-2.715,3.986
3.035,4.114
2.297,4.266
2.176,3.921
2.052,4.18
0.73,3.035
0.607,1.434
-0.454,3.094
-2.213,2.072
-2.598,1.404
2.304,1.415
0.811,2.837
-0.453,2.143
-0.954,1.288
-1.432,2.139
-2.425,2.143
-2.605,2.139
-2.743,2.875
2.34,3.555
2.093,2.856
-1.876,0.867
2.401,0.645
1.627,2.291
-1.827,-0.356
-2.935,0.208
2.237,0.245
-2.291,-0.522
-2.264,0.094
-0.027,2.126
-0.044,-1.071
-0.033,-0.508
-0.043,1.863
-0.049,-0.522
-0.074,-1.333
-0.186,-1.066
-0.144,0.826
-0.206,1.972
-0.223,-1.26
-0.277,1.035
-0.308,-0.274
-0.323,1.003
-0.253,-0.151
-0.269,-0.523
-0.355,0.44
-0.336,0.046
-0.423,2.061
-0.473,0.07
-0.427,1.58
-0.501,-0.28
-0.45,-0.13
-0.523,0.441
-0.504,2.322
-0.614,0.528
-0.621,-0.078
-0.659,-0.304
-0.727,-0.396
-0.682,-0.917
-0.843,0.096
-0.857,0.321
-0.805,0.297
-0.907,1.11
-0.962,2.23
-1.013,0.06
-1.101,-1.296
-1.034,0.334
-1.166,-1.157
-1.115,1.956
-1.188,-0.929
-1.261,2.368
-1.271,2.238
-1.192,-0.753
-1.347,1.403
-1.425,-1.507
-1.372,-0.148
-1.416,0.673
-1.404,-1.28
-1.406,-0.248
-1.525,-0.693
-1.63,0.095
-1.686,-0.623
-1.697,2.433
-1.703,2.124
-1.871,2.389
-1.804,1.011
-1.804,-0.392
-1.918,-1.557
-1.865,2.485
-1.861,0.719
-1.965,-0.567
-1.957,-1.443
-1.982,0.275
-1.933,1.645
-1.975,-1.182
-2.008,-0.789
-2.101,-0.464
-2.045,2.386
-2.041,2.255
-2.087,2.356
-2.169,-0.637
-2.12,1.121
-2.251,0.369
-2.254,-0.144
-2.231,1.956
-2.372,1.988
-2.391,0.631
-2.389,-0.854
-2.344,0.104
-2.348,0.421
-2.393,-0.358
-2.368,-1.432
-2.42,1.98
-2.366,1.993
-2.406,0.431
-2.472,0.549
-2.434,1.391
-2.418,1.148
-2.592,0.432
-2.529,0.047
-2.553,-1.452
-2.655,-0.541
-2.68,1.091
-2.701,2.044
-2.802,-1.22
-2.778,0.365
-2.807,-1.044
-2.885,-0.584
-2.903,-1.57
-2.963,0.011
-2.899,1.691
-2.904,1.953
-2.974,0.338
-3.001,-0.798
-2.95,-1.5
-3.096,0.725
3.124,2.238
3.111,-1.433
-3.106,1.367
3.14,1.467
3.041,-1.184
2.994,0.43
2.958,1.603
2.88,-0.453
2.817,0.916
2.813,1.204
2.588,0.775
2.606,-0.497
2.552,-0.689
2.611,1.5
2.44,-1.51
2.366,-0.35
2.226,-0.984
2.294,0.371
2.175,-0.542
2.159,-0.439
2.037,0.97
2.092,2.264
2.062,-0.701
2.039,-0.098
1.912,1.017
1.992,-1.427
1.972,1.521
1.873,-0.23
1.825,0.958
1.788,-0.541
1.832,1.291
1.752,0.659
1.753,1.642
1.8,-0.417
1.756,-1.243
1.055,-1.611
-0.239,-1.899
-0.253,-1.639
-0.355,-1.574
-0.929,-1.656
-0.947,-1.804
-1.073,-2.006
-1.246,-2.012
-1.356,-1.835
-1.728,-1.606
-1.879,-1.898
-2.086,-1.729
-2.097,-1.851
-2.223,-1.88
-2.3,-1.667
-2.542,-1.841
-2.658,-1.957
-2.709,-1.807
2.846,-1.617
2.459,-1.628
2.375,-1.775
2.23,-1.588
2.18,-1.775
2.102,-1.866
2.068,-1.82
2.133,-1.657
1.749,-1.526
1.676,-1.852
1.407,2.701
1.367,2.729
0.727,2.72
0.453,2.667
0.067,2.811
-0.029,2.621
-0.264,2.44
-1.097,2.808
-1.086,2.815
-1.491,2.512
-1.425,2.696
-1.66,2.692
-1.689,2.832
-1.971,2.539
-2.693,2.677
-2.701,2.836
3.086,2.683
2.74,2.513
2.481,2.606
1.755,2.894
1.746,2.572
1.611,2.165
1.432,-1.287
-0.168,2.031
-0.456,-0.158
-2.073,2.058
-2.119,-0.728
2.158,1.281
1.027,-1.736
0.562,-1.834
2.741,-1.575
1.776,2.346
1.741,-0.394
1.551,2.149
1.628,-0.975
1.593,-0.036
1.375,0.374
1.385,0.909
1.33,0.93
1.202,2.309
1.293,1.338
1.173,2.0
1.075,-0.351
1.208,1.076
1.12,1.017
0.864,1.137
0.997,1.967
0.827,0.481
0.877,0.581
0.888,0.09
0.739,-1.328
0.791,-0.661
0.753,0.813
0.759,0.512
0.55,-1.486
0.553,-1.347
0.524,1.177
0.522,0.297
0.601,0.988
0.009,-0.464
-0.15,0.999
-0.014,0.816
-0.04,-0.38
-0.198,-1.393
-0.261,-1.339
-0.264,2.278
-0.343,-0.308
-0.407,1.161
-0.492,-1.235
-0.546,0.185
-0.427,0.6
-0.638,-0.696
-0.506,1.173
-0.565,0.174
-0.68,1.294
-0.735,-1.113
-0.948,-1.084
-0.98,-0.216
-0.907,2.409
-1.076,-0.292
-0.993,0.676
-1.329,1.186
-1.482,0.867
-1.43,-1.559
-1.435,1.96
-1.471,0.497
-1.62,-0.361
-1.692,-1.428
-1.719,1.739
-1.593,1.499
-1.674,1.631
-1.853,2.386
-1.924,1.855
-1.822,0.355
-1.821,-0.297
-1.945,-1.382
-2.043,-1.219
-2.036,0.285
-2.053,-0.418
-2.098,1.144
-2.309,-0.004
-2.347,0.698
-2.707,-0.823
-2.738,-1.292
-2.671,2.422
-2.675,-1.064
-2.983,-0.379
-3.139,1.234
3.067,-1.089
2.956,1.28
3.068,-0.306
3.059,0.532
2.94,1.088
2.704,0.927
2.677,0.918
2.514,-0.436
2.477,0.592
2.246,0.222
2.203,-1.267
2.111,0.075
1.989,0.857
1.934,-0.146
2.0,-0.319
1.852,1.61
1.907,-0.36
1.706,-0.633
1.529,-1.86
1.488,-1.732
1.04,-1.7
0.47,-1.528
0.19,-1.799
0.064,-1.624
-0.039,-1.655
-0.56,-1.867
-0.533,-1.748
-0.565,-2.029
-0.666,-1.895
-0.686,-1.894
-1.988,-1.71
-2.906,-1.894
2.789,-1.638
2.546,-2.021
2.342,-1.742
2.129,-1.865
2.111,-1.693
1.892,-1.598
1.909,-1.756
1.829,-1.729
1.685,2.684
1.461,2.628
1.112,2.643
1.204,2.732
0.872,2.584
0.76,2.691
0.719,2.719
0.629,2.371
-0.337,2.508
-0.623,2.657
-0.665,2.76
-0.855,2.455
-1.263,2.601
-1.151,2.473
-1.711,2.756
-2.621,2.5
3.129,2.628
2.391,2.78
2.27,2.435
2.146,2.694
0.824,1.549
0.701,-0.052
-0.36,1.608
-2.119,0.586
-2.504,-0.082
2.398,-0.071
0.905,1.351
-0.359,0.657
-0.86,-0.198
-1.338,0.653
-2.331,0.657
-2.511,0.653
-2.649,1.389
2.434,2.069
2.187,1.37
-1.782,-0.619
2.495,-0.841
1.721,0.805
-1.733,-1.842
-2.841,-1.278
2.331,-1.241
-2.197,-2.008
-2.17,-1.392
-0.017,-3.197
-0.006,-2.634
-0.016,-0.263
-0.022,-2.648
-0.047,-3.459
-0.159,-3.192
-0.117,-1.3
-0.179,-0.154
-0.196,-3.386
-0.25,-1.091
-0.281,-2.4
-0.296,-1.123
-0.226,-2.277
-0.242,-2.649
-0.328,-1.686
-0.309,-2.08
-0.396,-0.065
-0.446,-2.056
-0.4,-0.546
-0.474,-2.406
-0.423,-2.256
-0.496,-1.685
-0.477,0.196
-0.587,-1.598
-0.594,-2.204
-0.632,-2.43
-0.7,-2.522
-0.655,-3.043
-0.816,-2.03
-0.83,-1.805
-0.778,-1.829
-0.88,-1.016
-0.935,0.104
-0.986,-2.066
-1.074,-3.422
-1.007,-1.792
-1.139,-3.283
-1.088,-0.17
-1.161,-3.055
-1.234,0.242
-1.244,0.112
-1.165,-2.879
-1.32,-0.723
-1.398,-3.633
-1.345,-2.274
-1.389,-1.453
-1.377,-3.406
-1.379,-2.374
-1.498,-2.819
-1.603,-2.031
-1.659,-2.749
-1.67,0.307
-1.676,-0.002
-1.844,0.263
-1.777,-1.115
-1.777,-2.518
-1.891,-3.683
-1.838,0.359
-1.834,-1.407
-1.938,-2.693
-1.93,-3.569
-1.955,-1.851
-1.906,-0.481
-1.948,-3.308
-1.981,-2.915
-2.074,-2.59
-2.018,0.26
-2.014,0.129
-2.06,0.23
-2.142,-2.763
-2.093,-1.005
-2.224,-1.757
-2.227,-2.27
-2.204,-0.17
-2.345,-0.138
-2.364,-1.495
-2.362,-2.98
-2.317,-2.022
-2.321,-1.705
-2.366,-2.484
-2.341,-3.558
-2.393,-0.146
-2.339,-0.133
-2.379,-1.695
-2.445,-1.577
-2.407,-0.735
-2.391,-0.978
-2.565,-1.694
-2.502,-2.079
-2.526,-3.578
-2.628,-2.667
-2.653,-1.035
-2.674,-0.082
-2.775,-3.346
-2.751,-1.761
-2.78,-3.17
-2.858,-2.71
-2.876,-3.696
-2.936,-2.115
-2.872,-0.435
-2.877,-0.173
-2.947,-1.788
-2.974,-2.924
-2.923,-3.626
-3.069,-1.401
-3.132,0.112
3.138,-3.559
-3.079,-0.759
-3.116,-0.659
3.068,-3.31
3.021,-1.696
2.985,-0.523
2.907,-2.579
2.844,-1.21
2.84,-0.922
2.615,-1.351
2.633,-2.623
2.579,-2.815
2.638,-0.626
2.467,-3.636
2.393,-2.476
2.253,-3.11
2.321,-1.755
2.202,-2.668
2.186,-2.565
2.064,-1.156
2.119,0.138
2.089,-2.827
2.066,-2.224
1.939,-1.109
2.019,-3.553
1.999,-0.605
1.9,-2.356
1.852,-1.168
1.815,-2.667
1.859,-0.835
1.779,-1.467
1.78,-0.484
1.827,-2.543
1.783,-3.369
1.082,-3.737
-0.212,-4.025
-0.226,-3.765
-0.328,-3.7
-0.902,-3.782
-0.92,-3.93
-1.046,-4.132
-1.219,-4.138
-1.329,-3.961
-1.701,-3.732
-1.852,-4.024
-2.059,-3.855
-2.07,-3.977
-2.196,-4.006
-2.273,-3.793
-2.515,-3.967
-2.631,-4.083
-2.682,-3.933
2.873,-3.743
2.486,-3.754
2.402,-3.901
2.257,-3.714
2.207,-3.901
2.129,-3.992
2.095,-3.946
2.16,-3.783
1.776,-3.652
1.703,-3.978
1.434,0.575
1.394,0.603
0.754,0.594
0.48,0.541
0.094,0.685
-0.002,0.495
-0.237,0.314
-1.07,0.682
-1.059,0.689
-1.464,0.386
-1.398,0.57
-1.633,0.566
-1.662,0.706
-1.944,0.413
-2.666,0.551
-2.674,0.71
3.113,0.557
2.767,0.387
2.508,0.48
1.782,0.768
1.773,0.446
1.638,0.039
1.459,-3.413
-0.141,-0.095
-0.429,-2.284
-2.046,-0.068
-2.092,-2.854
2.185,-0.845
1.054,-3.862
0.589,-3.96
2.768,-3.701
1.803,0.22
1.768,-2.52
1.578,0.023
1.655,-3.101
1.62,-2.162
1.402,-1.752
1.412,-1.217
1.357,-1.196
1.229,0.183
1.32,-0.788
1.2,-0.126
1.102,-2.477
1.235,-1.05
1.147,-1.109
0.891,-0.989
1.024,-0.159
0.854,-1.645
0.904,-1.545
0.915,-2.036
0.766,-3.454
0.818,-2.787
0.78,-1.313
0.786,-1.614
0.577,-3.612
0.58,-3.473
0.551,-0.949
0.549,-1.829
0.628,-1.138
0.036,-2.59
-0.123,-1.127
0.013,-1.31
-0.013,-2.506
-0.171,-3.519
-0.234,-3.465
-0.237,0.152
-0.316,-2.434
-0.38,-0.965
-0.465,-3.361
-0.519,-1.941
-0.4,-1.526
-0.611,-2.822
-0.479,-0.953
-0.538,-1.952
-0.653,-0.832
-0.708,-3.239
-0.921,-3.21
-0.953,-2.342
-0.88,0.283
-1.049,-2.418
-0.966,-1.45
-1.302,-0.94
-1.455,-1.259
-1.403,-3.685
-1.408,-0.166
-1.444,-1.629
-1.593,-2.487
-1.665,-3.554
-1.692,-0.387
-1.566,-0.627
-1.647,-0.495
-1.826,0.26
-1.897,-0.271
-1.795,-1.771
-1.794,-2.423
-1.918,-3.508
-2.016,-3.345
-2.009,-1.841
-2.026,-2.544
-2.071,-0.982
-2.282,-2.13
-2.32,-1.428
-2.68,-2.949
-2.711,-3.418
-2.644,0.296
-2.648,-3.19
-2.956,-2.505
-3.112,-0.892
3.094,-3.215
2.983,-0.846
3.095,-2.432
3.086,-1.594
2.967,-1.038
2.731,-1.199
2.704,-1.208
2.541,-2.562
2.504,-1.534
2.273,-1.904
2.23,-3.393
2.138,-2.051
2.016,-1.269
1.961,-2.272
2.027,-2.445
1.879,-0.516
1.934,-2.486
1.733,-2.759
1.556,-3.986
1.515,-3.858
1.067,-3.826
0.497,-3.654
0.217,-3.925
0.091,-3.75
-0.012,-3.781
-0.533,-3.993
-0.506,-3.874
-0.538,-4.155
-0.639,-4.021
-0.659,-4.02
-1.961,-3.836
-2.879,-4.02
2.816,-3.764
2.573,-4.147
2.369,-3.868
2.156,-3.991
2.138,-3.819
1.919,-3.724
1.936,-3.882
1.856,-3.855
1.712,0.558
1.488,0.502
1.139,0.517
1.231,0.606
0.899,0.458
0.787,0.565
0.746,0.593
0.656,0.245
-0.31,0.382
-0.596,0.531
-0.638,0.634
-0.828,0.329
-1.236,0.475
-1.124,0.347
-1.684,0.63
-2.594,0.374
-3.127,0.502
2.418,0.654
2.297,0.309
2.173,0.568
0.851,-0.577
0.728,-2.178
-0.333,-0.518
-2.092,-1.54
-2.477,-2.208
2.425,-2.197
0.932,-0.775
-0.332,-1.469
-0.833,-2.324
-1.311,-1.473
-2.304,-1.469
-2.484,-1.473
-2.622,-0.737
2.461,-0.057
2.214,-0.756
-1.755,-2.745
2.522,-2.967
1.748,-1.321
-1.706,-3.968
-2.814,-3.404
2.358,-3.367
-2.17,-4.134
-2.143,-3.518
0.011,0.563
0.001,2.934
-0.005,0.549
-0.03,-0.262
-0.142,0.005
-0.1,1.897
-0.162,3.043
-0.179,-0.189
-0.233,2.106
-0.264,0.797
-0.279,2.074
-0.209,0.92
-0.225,0.548
-0.311,1.511
-0.292,1.117
-0.379,3.132
-0.429,1.141
-0.383,2.651
-0.457,0.791
-0.406,0.941
-0.479,1.512
-0.46,3.393
-0.57,1.599
-0.577,0.993
-0.615,0.767
-0.683,0.675
-0.638,0.154
-0.799,1.167
-0.813,1.392
-0.761,1.368
-0.863,2.181
-0.918,3.301
-0.969,1.131
-1.057,-0.225
-0.99,1.405
-1.122,-0.086
-1.071,3.027
-1.144,0.142
-1.217,3.439
-1.227,3.309
-1.148,0.318
-1.303,2.474
-1.381,-0.436
-1.328,0.923
-1.372,1.744
-1.36,-0.209
-1.362,0.823
-1.481,0.378
-1.586,1.166
-1.642,0.448
-1.653,3.504
-1.659,3.195
-1.827,3.46
-1.76,2.082
-1.76,0.679
-1.874,-0.486
-1.821,3.556
-1.817,1.79
-1.921,0.504
-1.913,-0.372
-1.938,1.346
-1.889,2.716
-1.931,-0.111
-1.964,0.282
-2.057,0.607
-2.001,3.457
-1.997,3.326
-2.043,3.427
-2.125,0.434
-2.076,2.192
-2.207,1.44
-2.21,0.927
-2.187,3.027
-2.328,3.059
-2.347,1.702
-2.345,0.217
-2.3,1.175
-2.304,1.492
-2.349,0.713
-2.324,-0.361
-2.376,3.051
-2.322,3.064
-2.362,1.502
-2.428,1.62
-2.39,2.462
-2.374,2.219
-2.548,1.503
-2.485,1.118
-2.509,-0.381
-2.611,0.53
-2.636,2.162
-2.657,3.115
-2.758,-0.149
-2.734,1.436
-2.763,0.027
-2.841,0.487
-2.859,-0.499
-2.919,1.082
-2.855,2.762
-2.86,3.024
-2.93,1.409
-2.957,0.273
-2.906,-0.429
-3.052,1.796
-3.115,3.309
-3.128,-0.362
-3.062,2.438
-3.099,2.538
3.085,-0.113
3.038,1.501
3.002,2.674
2.924,0.618
2.861,1.987
2.857,2.275
2.632,1.846
2.65,0.574
2.596,0.382
2.655,2.571
2.484,-0.439
2.41,0.721
2.27,0.087
2.338,1.442
2.219,0.529
2.203,0.632
2.081,2.041
2.136,3.335
2.106,0.37
2.083,0.973
1.956,2.088
2.036,-0.356
2.016,2.592
1.917,0.841
1.869,2.029
1.832,0.53
1.876,2.362
1.796,1.73
1.797,2.713
1.844,0.654
1.8,-0.172
1.099,-0.54
-0.195,-0.828
-0.209,-0.568
-0.311,-0.503
-0.885,-0.585
-0.903,-0.733
-1.029,-0.935
-1.202,-0.941
-1.312,-0.764
-1.684,-0.535
-1.835,-0.827
-2.042,-0.658
-2.053,-0.78
-2.179,-0.809
-2.256,-0.596
-2.498,-0.77
-2.614,-0.886
-2.665,-0.736
2.89,-0.546
2.503,-0.557
2.419,-0.704
2.274,-0.517
2.224,-0.704
2.146,-0.795
2.112,-0.749
2.177,-0.586
1.793,-0.455
1.72,-0.781
1.451,3.772
1.411,3.8
0.771,3.791
0.497,3.738
0.111,3.882
0.015,3.692
-0.22,3.511
-1.053,3.879
-1.042,3.886
-1.447,3.583
-1.381,3.767
-1.616,3.763
-1.645,3.903
-1.927,3.61
-2.649,3.748
-2.657,3.907
3.13,3.754
2.784,3.584
2.525,3.677
1.799,3.965
1.79,3.643
1.655,3.236
1.476,-0.216
-0.124,3.102
-0.412,0.913
-2.029,3.129
-2.075,0.343
2.202,2.352
1.071,-0.665
0.606,-0.763
2.785,-0.504
1.82,3.417
1.785,0.677
1.595,3.22
1.672,0.096
1.637,1.035
1.419,1.445
1.429,1.98
1.374,2.001
1.246,3.38
1.337,2.409
1.217,3.071
1.119,0.72
1.252,2.147
1.164,2.088
0.908,2.208
1.041,3.038
0.871,1.552
0.921,1.652
0.932,1.161
0.783,-0.257
0.835,0.41
0.797,1.884
0.803,1.583
0.594,-0.415
0.597,-0.276
0.568,2.248
0.566,1.368
0.645,2.059
0.053,0.607
-0.106,2.07
0.03,1.887
0.004,0.691
-0.154,-0.322
-0.217,-0.268
-0.22,3.349
-0.299,0.763
-0.363,2.232
-0.448,-0.164
-0.502,1.256
-0.383,1.671
-0.594,0.375
-0.462,2.244
-0.521,1.245
-0.636,2.365
-0.691,-0.042
-0.904,-0.013
-0.936,0.855
-0.863,3.48
-1.032,0.779
-0.949,1.747
-1.285,2.257
-1.438,1.938
-1.386,-0.488
-1.391,3.031
-1.427,1.568
-1.576,0.71
-1.648,-0.357
-1.675,2.81
-1.549,2.57
-1.63,2.702
-1.809,3.457
-1.88,2.926
-1.778,1.426
-1.777,0.774
-1.901,-0.311
-1.999,-0.148
-1.992,1.356
-2.009,0.653
-2.054,2.215
-2.265,1.067
-2.303,1.769
-2.663,0.248
-2.694,-0.221
-2.627,3.493
-2.631,0.007
-2.939,0.692
-3.095,2.305
3.111,-0.018
3.0,2.351
3.112,0.765
3.103,1.603
2.984,2.159
2.748,1.998
2.721,1.989
2.558,0.635
2.521,1.663
2.29,1.293
2.247,-0.196
2.155,1.146
2.033,1.928
1.978,0.925
2.044,0.752
1.896,2.681
1.951,0.711
1.75,0.438
1.573,-0.789
1.532,-0.661
1.084,-0.629
0.514,-0.457
0.234,-0.728
0.108,-0.553
0.005,-0.584
-0.516,-0.796
-0.489,-0.677
-0.521,-0.958
-0.622,-0.824
-0.642,-0.823
-1.944,-0.639
-2.862,-0.823
2.833,-0.567
2.59,-0.95
2.386,-0.671
2.173,-0.794
2.155,-0.622
1.936,-0.527
1.953,-0.685
1.873,-0.658
1.729,3.755
1.505,3.699
1.156,3.714
1.248,3.803
0.916,3.655
0.804,3.762
0.763,3.79
0.673,3.442
-0.293,3.579
-0.579,3.728
-0.621,3.831
-0.811,3.526
-1.219,3.672
-1.107,3.544
-1.667,3.827
-2.577,3.571
-3.11,3.699
2.435,3.851
2.314,3.506
2.19,3.765
0.868,2.62
0.745,1.019
-0.316,2.679
-2.075,1.657
-2.46,0.989
2.442,1.0
0.949,2.422
-0.315,1.728
-0.816,0.873
-1.294,1.724
-2.287,1.728
-2.467,1.724
-2.605,2.46
2.478,3.14
2.231,2.441
-1.738,0.452
2.539,0.23
1.765,1.876
-1.689,-0.771
-2.797,-0.207
2.375,-0.17
-2.153,-0.937
-2.126,-0.321
-0.01,2.371
-0.016,-0.014
-0.041,-0.825
-0.153,-0.558
-0.111,1.334
-0.173,2.48
-0.19,-0.752
-0.244,1.543
-0.275,0.234
-0.29,1.511
-0.22,0.357
-0.236,-0.015
-0.322,0.948
-0.303,0.554
-0.39,2.569
-0.44,0.578
-0.394,2.088
-0.468,0.228
-0.417,0.378
-0.49,0.949
-0.471,2.83
-0.581,1.036
-0.588,0.43
-0.626,0.204
-0.694,0.112
-0.649,-0.409
-0.81,0.604
-0.824,0.829
-0.772,0.805
-0.874,1.618
-0.929,2.738
-0.98,0.568
-1.068,-0.788
-1.001,0.842
-1.133,-0.649
-1.082,2.464
-1.155,-0.421
-1.228,2.876
-1.238,2.746
-1.159,-0.245
-1.314,1.911
-1.392,-0.999
-1.339,0.36
-1.383,1.181
-1.371,-0.772
-1.373,0.26
-1.492,-0.185
-1.597,0.603
-1.653,-0.115
-1.664,2.941
-1.67,2.632
-1.838,2.897
-1.771,1.519
-1.771,0.116
-1.885,-1.049
-1.832,2.993
-1.828,1.227
-1.932,-0.059
-1.924,-0.935
-1.949,0.783
-1.9,2.153
-1.942,-0.674
-1.975,-0.281
-2.068,0.044
-2.012,2.894
-2.008,2.763
-2.054,2.864
-2.136,-0.129
-2.087,1.629
-2.218,0.877
-2.221,0.364
-2.198,2.464
-2.339,2.496
-2.358,1.139
-2.356,-0.346
-2.311,0.612
-2.315,0.929
-2.36,0.15
-2.335,-0.924
-2.387,2.488
-2.333,2.501
-2.373,0.939
-2.439,1.057
-2.401,1.899
-2.385,1.656
-2.559,0.94
-2.496,0.555
-2.52,-0.944
-2.622,-0.033
-2.647,1.599
-2.668,2.552
-2.769,-0.712
-2.745,0.873
-2.774,-0.536
-2.852,-0.076
-2.87,-1.062
-2.93,0.519
-2.866,2.199
-2.871,2.461
-2.941,0.846
-2.968,-0.29
-2.917,-0.992
-3.063,1.233
-3.126,2.746
-3.139,-0.925
-3.073,1.875
-3.11,1.975
3.074,-0.676
3.027,0.938
2.991,2.111
2.913,0.055
2.85,1.424
2.846,1.712
2.621,1.283
2.639,0.011
2.585,-0.181
2.644,2.008
2.473,-1.002
2.399,0.158
2.259,-0.476
2.327,0.879
2.208,-0.034
2.192,0.069
2.07,1.478
2.125,2.772
2.095,-0.193
2.072,0.41
1.945,1.525
2.025,-0.919
2.005,2.029
1.906,0.278
1.858,1.466
1.821,-0.033
1.865,1.799
1.785,1.167
1.786,2.15
1.833,0.091
1.789,-0.735
1.088,-1.103
-0.206,-1.391
-0.22,-1.131
-0.322,-1.066
-0.896,-1.148
-0.914,-1.296
-1.04,-1.498
-1.213,-1.504
-1.323,-1.327
-1.695,-1.098
-1.846,-1.39
-2.053,-1.221
-2.064,-1.343
-2.19,-1.372
-2.267,-1.159
-2.509,-1.333
-2.625,-1.449
-2.676,-1.299
2.879,-1.109
2.492,-1.12
2.408,-1.267
2.263,-1.08
2.213,-1.267
2.135,-1.358
2.101,-1.312
2.166,-1.149
1.782,-1.018
1.709,-1.344
1.44,3.209
1.4,3.237
0.76,3.228
0.486,3.175
0.1,3.319
0.004,3.129
-0.231,2.948
-1.064,3.316
-1.053,3.323
-1.458,3.02
-1.392,3.204
-1.627,3.2
-1.656,3.34
-1.938,3.047
-2.66,3.185
-2.668,3.344
3.119,3.191
2.773,3.021
2.514,3.114
1.788,3.402
1.779,3.08
1.644,2.673
1.465,-0.779
-0.135,2.539
-0.423,0.35
-2.04,2.566
-2.086,-0.22
2.191,1.789
1.06,-1.228
0.595,-1.326
2.774,-1.067
1.809,2.854
1.774,0.114
1.584,2.657
1.661,-0.467
1.626,0.472
1.408,0.882
1.418,1.417
1.363,1.438
1.235,2.817
1.326,1.846
1.206,2.508
1.108,0.157
1.241,1.584
1.153,1.525
0.897,1.645
1.03,2.475
0.86,0.989
0.91,1.089
0.921,0.598
0.772,-0.82
0.824,-0.153
0.786,1.321
0.792,1.02
0.583,-0.978
0.586,-0.839
0.557,1.685
0.555,0.805
0.634,1.496
0.042,0.044
-0.117,1.507
0.019,1.324
-0.007,0.128
-0.165,-0.885
-0.228,-0.831
-0.231,2.786
-0.31,0.2
-0.374,1.669
-0.459,-0.727
-0.513,0.693
-0.394,1.108
-0.605,-0.188
-0.473,1.681
-0.532,0.682
-0.647,1.802
-0.702,-0.605
-0.915,-0.576
-0.947,0.292
-0.874,2.917
-1.043,0.216
-0.96,1.184
-1.296,1.694
-1.449,1.375
-1.397,-1.051
-1.402,2.468
-1.438,1.005
-1.587,0.147
-1.659,-0.92
-1.686,2.247
-1.56,2.007
-1.641,2.139
-1.82,2.894
-1.891,2.363
-1.789,0.863
-1.788,0.211
-1.912,-0.874
-2.01,-0.711
-2.003,0.793
-2.02,0.09
-2.065,1.652
-2.276,0.504
-2.314,1.206
-2.674,-0.315
-2.705,-0.784
-2.638,2.93
-2.642,-0.556
-2.95,0.129
-3.106,1.742
3.1,-0.581
2.989,1.788
3.101,0.202
3.092,1.04
2.973,1.596
2.737,1.435
2.71,1.426
2.547,0.072
2.51,1.1
2.279,0.73
2.236,-0.759
2.144,0.583
2.022,1.365
1.967,0.362
2.033,0.189
1.885,2.118
1.94,0.148
1.739,-0.125
1.562,-1.352
1.521,-1.224
1.073,-1.192
0.503,-1.02
0.223,-1.291
0.097,-1.116
-0.006,-1.147
-0.527,-1.359
-0.5,-1.24
-0.532,-1.521
-0.633,-1.387
-0.653,-1.386
-1.955,-1.202
-2.873,-1.386
2.822,-1.13
2.579,-1.513
2.375,-1.234
2.162,-1.357
2.144,-1.185
1.925,-1.09
1.942,-1.248
1.862,-1.221
1.718,3.192
1.494,3.136
1.145,3.151
1.237,3.24
0.905,3.092
0.793,3.199
0.752,3.227
0.662,2.879
-0.304,3.016
-0.59,3.165
-0.632,3.268
-0.822,2.963
-1.23,3.109
-1.118,2.981
-1.678,3.264
-2.588,3.008
-3.121,3.136
2.424,3.288
2.303,2.943
2.179,3.202
0.857,2.057
0.734,0.456
-0.327,2.116
-2.086,1.094
-2.471,0.426
2.431,0.437
0.938,1.859
-0.326,1.165
-0.827,0.31
-1.305,1.161
-2.298,1.165
-2.478,1.161
-2.616,1.897
2.467,2.577
2.22,1.878
-1.749,-0.111
2.528,-0.333
1.754,1.313
-1.7,-1.334
-2.808,-0.77
2.364,-0.733
-2.164,-1.5
-2.137,-0.884
-0.006,-2.385
-0.031,-3.196
-0.143,-2.929
-0.101,-1.037
-0.163,0.109
-0.18,-3.123
-0.234,-0.828
-0.265,-2.137
-0.28,-0.86
-0.21,-2.014
-0.226,-2.386
-0.312,-1.423
-0.293,-1.817
-0.38,0.198
-0.43,-1.793
-0.384,-0.283
-0.458,-2.143
-0.407,-1.993
-0.48,-1.422
-0.461,0.459
-0.571,-1.335
-0.578,-1.941
-0.616,-2.167
-0.684,-2.259
-0.639,-2.78
-0.8,-1.767
-0.814,-1.542
-0.762,-1.566
-0.864,-0.753
-0.919,0.367
-0.97,-1.803
-1.058,-3.159
-0.991,-1.529
-1.123,-3.02
-1.072,0.093
-1.145,-2.792
-1.218,0.505
-1.228,0.375
-1.149,-2.616
-1.304,-0.46
-1.382,-3.37
-1.329,-2.011
-1.373,-1.19
-1.361,-3.143
-1.363,-2.111
-1.482,-2.556
-1.587,-1.768
-1.643,-2.486
-1.654,0.57
-1.66,0.261
-1.828,0.526
-1.761,-0.852
-1.761,-2.255
-1.875,-3.42
-1.822,0.622
-1.818,-1.144
-1.922,-2.43
-1.914,-3.306
-1.939,-1.588
-1.89,-0.218
-1.932,-3.045
-1.965,-2.652
-2.058,-2.327
-2.002,0.523
-1.998,0.392
-2.044,0.493
-2.126,-2.5
-2.077,-0.742
-2.208,-1.494
-2.211,-2.007
-2.188,0.093
-2.329,0.125
-2.348,-1.232
-2.346,-2.717
-2.301,-1.759
-2.305,-1.442
-2.35,-2.221
-2.325,-3.295
-2.377,0.117
-2.323,0.13
-2.363,-1.432
-2.429,-1.314
-2.391,-0.472
-2.375,-0.715
-2.549,-1.431
-2.486,-1.816
-2.51,-3.315
-2.612,-2.404
-2.637,-0.772
-2.658,0.181
-2.759,-3.083
-2.735,-1.498
-2.764,-2.907
-2.842,-2.447
-2.86,-3.433
-2.92,-1.852
-2.856,-0.172
-2.861,0.09
-2.931,-1.525
-2.958,-2.661
-2.907,-3.363
-3.053,-1.138
-3.116,0.375
-3.129,-3.296
-3.063,-0.496
-3.1,-0.396
3.084,-3.047
3.037,-1.433
3.001,-0.26
2.923,-2.316
2.86,-0.947
2.856,-0.659
2.631,-1.088
2.649,-2.36
2.595,-2.552
2.654,-0.363
2.483,-3.373
2.409,-2.213
2.269,-2.847
2.337,-1.492
2.218,-2.405
2.202,-2.302
2.08,-0.893
2.135,0.401
2.105,-2.564
2.082,-1.961
1.955,-0.846
2.035,-3.29
2.015,-0.342
1.916,-2.093
1.868,-0.905
1.831,-2.404
1.875,-0.572
1.795,-1.204
1.796,-0.221
1.843,-2.28
1.799,-3.106
1.098,-3.474
-0.196,-3.762
-0.21,-3.502
-0.312,-3.437
-0.886,-3.519
-0.904,-3.667
-1.03,-3.869
-1.203,-3.875
-1.313,-3.698
-1.685,-3.469
-1.836,-3.761
-2.043,-3.592
-2.054,-3.714
-2.18,-3.743
-2.257,-3.53
-2.499,-3.704
-2.615,-3.82
-2.666,-3.67
2.889,-3.48
2.502,-3.491
2.418,-3.638
2.273,-3.451
2.223,-3.638
2.145,-3.729
2.111,-3.683
2.176,-3.52
1.792,-3.389
1.719,-3.715
1.45,0.838
1.41,0.866
0.77,0.857
0.496,0.804
0.11,0.948
0.014,0.758
-0.221,0.577
-1.054,0.945
-1.043,0.952
-1.448,0.649
-1.382,0.833
-1.617,0.829
-1.646,0.969
-1.928,0.676
-2.65,0.814
-2.658,0.973
3.129,0.82
2.783,0.65
2.524,0.743
1.798,1.031
1.789,0.709
1.654,0.302
1.475,-3.15
-0.125,0.168
-0.413,-2.021
-2.03,0.195
-2.076,-2.591
2.201,-0.582
1.07,-3.599
0.605,-3.697
2.784,-3.438
1.819,0.483
1.784,-2.257
1.594,0.286
1.671,-2.838
1.636,-1.899
1.418,-1.489
1.428,-0.954
1.373,-0.933
1.245,0.446
1.336,-0.525
1.216,0.137
1.118,-2.214
1.251,-0.787
1.163,-0.846
0.907,-0.726
1.04,0.104
0.87,-1.382
0.92,-1.282
0.931,-1.773
0.782,-3.191
0.834,-2.524
0.796,-1.05
0.802,-1.351
0.593,-3.349
0.596,-3.21
0.567,-0.686
0.565,-1.566
0.644,-0.875
0.052,-2.327
-0.107,-0.864
0.029,-1.047
0.003,-2.243
-0.155,-3.256
-0.218,-3.202
-0.221,0.415
-0.3,-2.171
-0.364,-0.702
-0.449,-3.098
-0.503,-1.678
-0.384,-1.263
-0.595,-2.559
-0.463,-0.69
-0.522,-1.689
-0.637,-0.569
-0.692,-2.976
-0.905,-2.947
-0.937,-2.079
-0.864,0.546
-1.033,-2.155
-0.95,-1.187
-1.286,-0.677
-1.439,-0.996
-1.387,-3.422
-1.392,0.097
-1.428,-1.366
-1.577,-2.224
-1.649,-3.291
-1.676,-0.124
-1.55,-0.364
-1.631,-0.232
-1.81,0.523
-1.881,-0.008
-1.779,-1.508
-1.778,-2.16
-1.902,-3.245
-2.0,-3.082
-1.993,-1.578
-2.01,-2.281
-2.055,-0.719
-2.266,-1.867
-2.304,-1.165
-2.664,-2.686
-2.695,-3.155
-2.628,0.559
-2.632,-2.927
-2.94,-2.242
-3.096,-0.629
3.11,-2.952
2.999,-0.583
3.111,-2.169
3.102,-1.331
2.983,-0.775
2.747,-0.936
2.72,-0.945
2.557,-2.299
2.52,-1.271
2.289,-1.641
2.246,-3.13
2.154,-1.788
2.032,-1.006
1.977,-2.009
2.043,-2.182
1.895,-0.253
1.95,-2.223
1.749,-2.496
1.572,-3.723
1.531,-3.595
1.083,-3.563
0.513,-3.391
0.233,-3.662
0.107,-3.487
0.004,-3.518
-0.517,-3.73
-0.49,-3.611
-0.522,-3.892
-0.623,-3.758
-0.643,-3.757
-1.945,-3.573
-2.863,-3.757
2.832,-3.501
2.589,-3.884
2.385,-3.605
2.172,-3.728
2.154,-3.556
1.935,-3.461
1.952,-3.619
1.872,-3.592
1.728,0.821
1.504,0.765
1.155,0.78
1.247,0.869
0.915,0.721
0.803,0.828
0.762,0.856
0.672,0.508
-0.294,0.645
-0.58,0.794
-0.622,0.897
-0.812,0.592
-1.22,0.738
-1.108,0.61
-1.668,0.893
-2.578,0.637
-3.111,0.765
2.434,0.917
2.313,0.572
2.189,0.831
0.867,-0.314
0.744,-1.915
-0.317,-0.255
-2.076,-1.277
-2.461,-1.945
2.441,-1.934
0.948,-0.512
-0.316,-1.206
-0.817,-2.061
-1.295,-1.21
-2.288,-1.206
-2.468,-1.21
-2.606,-0.474
2.477,0.206
2.23,-0.493
-1.739,-2.482
2.538,-2.704
1.764,-1.058
-1.69,-3.705
-2.798,-3.141
2.374,-3.104
-2.154,-3.871
-2.127,-3.255
-0.025,-0.811
-0.137,-0.544
-0.095,1.348
-0.157,2.494
-0.174,-0.738
-0.228,1.557
-0.259,0.248
-0.274,1.525
-0.204,0.371
-0.22,-0.001
-0.306,0.962
-0.287,0.568
-0.374,2.583
-0.424,0.592
-0.378,2.102
-0.452,0.242
-0.401,0.392
-0.474,0.963
-0.455,2.844
-0.565,1.05
-0.572,0.444
-0.61,0.218
-0.678,0.126
-0.633,-0.395
-0.794,0.618
-0.808,0.843
-0.756,0.819
-0.858,1.632
-0.913,2.752
-0.964,0.582
-1.052,-0.774
-0.985,0.856
-1.117,-0.635
-1.066,2.478
-1.139,-0.407
-1.212,2.89
-1.222,2.76
-1.143,-0.231
-1.298,1.925
-1.376,-0.985
-1.323,0.374
-1.367,1.195
-1.355,-0.758
-1.357,0.274
-1.476,-0.171
-1.581,0.617
-1.637,-0.101
-1.648,2.955
-1.654,2.646
-1.822,2.911
-1.755,1.533
-1.755,0.13
-1.869,-1.035
-1.816,3.007
-1.812,1.241
-1.916,-0.045
-1.908,-0.921
-1.933,0.797
-1.884,2.167
-1.926,-0.66
-1.959,-0.267
-2.052,0.058
-1.996,2.908
-1.992,2.777
-2.038,2.878
-2.12,-0.115
-2.071,1.643
-2.202,0.891
-2.205,0.378
-2.182,2.478
-2.323,2.51
-2.342,1.153
-2.34,-0.332
-2.295,0.626
-2.299,0.943
-2.344,0.164
-2.319,-0.91
-2.371,2.502
-2.317,2.515
-2.357,0.953
-2.423,1.071
-2.385,1.913
-2.369,1.67
-2.543,0.954
-2.48,0.569
-2.504,-0.93
-2.606,-0.019
-2.631,1.613
-2.652,2.566
-2.753,-0.698
-2.729,0.887
-2.758,-0.522
-2.836,-0.062
-2.854,-1.048
-2.914,0.533
-2.85,2.213
-2.855,2.475
-2.925,0.86
-2.952,-0.276
-2.901,-0.978
-3.047,1.247
-3.11,2.76
-3.123,-0.911
-3.057,1.889
-3.094,1.989
3.09,-0.662
3.043,0.952
3.007,2.125
2.929,0.069
2.866,1.438
2.862,1.726
2.637,1.297
2.655,0.025
2.601,-0.167
2.66,2.022
2.489,-0.988
2.415,0.172
2.275,-0.462
2.343,0.893
2.224,-0.02
2.208,0.083
2.086,1.492
2.141,2.786
2.111,-0.179
2.088,0.424
1.961,1.539
2.041,-0.905
2.021,2.043
1.922,0.292
1.874,1.48
1.837,-0.019
1.881,1.813
1.801,1.181
1.802,2.164
1.849,0.105
1.805,-0.721
1.104,-1.089
-0.19,-1.377
-0.204,-1.117
-0.306,-1.052
-0.88,-1.134
-0.898,-1.282
-1.024,-1.484
-1.197,-1.49
-1.307,-1.313
-1.679,-1.084
-1.83,-1.376
-2.037,-1.207
-2.048,-1.329
-2.174,-1.358
-2.251,-1.145
-2.493,-1.319
-2.609,-1.435
-2.66,-1.285
2.895,-1.095
2.508,-1.106
2.424,-1.253
2.279,-1.066
2.229,-1.253
2.151,-1.344
2.117,-1.298
2.182,-1.135
1.798,-1.004
1.725,-1.33
1.456,3.223
1.416,3.251
0.776,3.242
0.502,3.189
0.116,3.333
0.02,3.143
-0.215,2.962
-1.048,3.33
-1.037,3.337
-1.442,3.034
-1.376,3.218
-1.611,3.214
-1.64,3.354
-1.922,3.061
-2.644,3.199
-2.652,3.358
3.135,3.205
2.789,3.035
2.53,3.128
1.804,3.416
1.795,3.094
1.66,2.687
1.481,-0.765
-0.119,2.553
-0.407,0.364
-2.024,2.58
-2.07,-0.206
2.207,1.803
1.076,-1.214
0.611,-1.312
2.79,-1.053
1.825,2.868
1.79,0.128
1.6,2.671
1.677,-0.453
1.642,0.486
1.424,0.896
1.434,1.431
1.379,1.452
1.251,2.831
1.342,1.86
1.222,2.522
1.124,0.171
1.257,1.598
1.169,1.539
0.913,1.659
1.046,2.489
0.876,1.003
0.926,1.103
0.937,0.612
0.788,-0.806
0.84,-0.139
0.802,1.335
0.808,1.034
0.599,-0.964
0.602,-0.825
0.573,1.699
0.571,0.819
0.65,1.51
0.058,0.058
-0.101,1.521
0.035,1.338
0.009,0.142
-0.149,-0.871
-0.212,-0.817
-0.215,2.8
-0.294,0.214
-0.358,1.683
-0.443,-0.713
-0.497,0.707
-0.378,1.122
-0.589,-0.174
-0.457,1.695
-0.516,0.696
-0.631,1.816
-0.686,-0.591
-0.899,-0.562
-0.931,0.306
-0.858,2.931
-1.027,0.23
-0.944,1.198
-1.28,1.708
-1.433,1.389
-1.381,-1.037
-1.386,2.482
-1.422,1.019
-1.571,0.161
-1.643,-0.906
-1.67,2.261
-1.544,2.021
-1.625,2.153
-1.804,2.908
-1.875,2.377
-1.773,0.877
-1.772,0.225
-1.896,-0.86
-1.994,-0.697
-1.987,0.807
-2.004,0.104
-2.049,1.666
-2.26,0.518
-2.298,1.22
-2.658,-0.301
-2.689,-0.77
-2.622,2.944
-2.626,-0.542
-2.934,0.143
-3.09,1.756
3.116,-0.567
3.005,1.802
3.117,0.216
3.108,1.054
2.989,1.61
2.753,1.449
2.726,1.44
2.563,0.086
2.526,1.114
2.295,0.744
2.252,-0.745
2.16,0.597
2.038,1.379
1.983,0.376
2.049,0.203
1.901,2.132
1.956,0.162
1.755,-0.111
1.578,-1.338
1.537,-1.21
1.089,-1.178
0.519,-1.006
0.239,-1.277
0.113,-1.102
0.01,-1.133
-0.511,-1.345
-0.484,-1.226
-0.516,-1.507
-0.617,-1.373
-0.637,-1.372
-1.939,-1.188
-2.857,-1.372
2.838,-1.116
2.595,-1.499
2.391,-1.22
2.178,-1.343
2.16,-1.171
1.941,-1.076
1.958,-1.234
1.878,-1.207
1.734,3.206
1.51,3.15
1.161,3.165
1.253,3.254
0.921,3.106
0.809,3.213
0.768,3.241
0.678,2.893
-0.288,3.03
-0.574,3.179
-0.616,3.282
-0.806,2.977
-1.214,3.123
-1.102,2.995
-1.662,3.278
-2.572,3.022
-3.105,3.15
2.44,3.302
2.319,2.957
2.195,3.216
0.873,2.071
0.75,0.47
-0.311,2.13
-2.07,1.108
-2.455,0.44
2.447,0.451
0.954,1.873
-0.31,1.179
-0.811,0.324
-1.289,1.175
-2.282,1.179
-2.462,1.175
-2.6,1.911
2.483,2.591
2.236,1.892
-1.733,-0.097
2.544,-0.319
1.77,1.327
-1.684,-1.32
-2.792,-0.756
2.38,-0.719
-2.148,-1.486
-2.121,-0.87
-0.112,0.267
-0.07,2.159
-0.132,3.305
-0.149,0.073
-0.203,2.368
-0.234,1.059
-0.249,2.336
-0.179,1.182
-0.195,0.81
-0.281,1.773
-0.262,1.379
-0.349,3.394
-0.399,1.403
-0.353,2.913
-0.427,1.053
-0.376,1.203
-0.449,1.774
-0.43,3.655
-0.54,1.861
-0.547,1.255
-0.585,1.029
-0.653,0.937
-0.608,0.416
-0.769,1.429
-0.783,1.654
-0.731,1.63
-0.833,2.443
-0.888,3.563
-0.939,1.393
-1.027,0.037
-0.96,1.667
-1.092,0.176
-1.041,3.289
-1.114,0.404
-1.187,3.701
-1.197,3.571
-1.118,0.58
-1.273,2.736
-1.351,-0.174
-1.298,1.185
-1.342,2.006
-1.33,0.053
-1.332,1.085
-1.451,0.64
-1.556,1.428
-1.612,0.71
-1.623,3.766
-1.629,3.457
-1.797,3.722
-1.73,2.344
-1.73,0.941
-1.844,-0.224
-1.791,3.818
-1.787,2.052
-1.891,0.766
-1.883,-0.11
-1.908,1.608
-1.859,2.978
-1.901,0.151
-1.934,0.544
-2.027,0.869
-1.971,3.719
-1.967,3.588
-2.013,3.689
-2.095,0.696
-2.046,2.454
-2.177,1.702
-2.18,1.189
-2.157,3.289
-2.298,3.321
-2.317,1.964
-2.315,0.479
-2.27,1.437
-2.274,1.754
-2.319,0.975
-2.294,-0.099
-2.346,3.313
-2.292,3.326
-2.332,1.764
-2.398,1.882
-2.36,2.724
-2.344,2.481
-2.518,1.765
-2.455,1.38
-2.479,-0.119
-2.581,0.792
-2.606,2.424
-2.627,3.377
-2.728,0.113
-2.704,1.698
-2.733,0.289
-2.811,0.749
-2.829,-0.237
-2.889,1.344
-2.825,3.024
-2.83,3.286
-2.9,1.671
-2.927,0.535
-2.876,-0.167
-3.022,2.058
-3.085,3.571
-3.098,-0.1
-3.032,2.7
-3.069,2.8
3.115,0.149
3.068,1.763
3.032,2.936
2.954,0.88
2.891,2.249
2.887,2.537
2.662,2.108
2.68,0.836
2.626,0.644
2.685,2.833
2.514,-0.177
2.44,0.983
2.3,0.349
2.368,1.704
2.249,0.791
2.233,0.894
2.111,2.303
2.166,3.597
2.136,0.632
2.113,1.235
1.986,2.35
2.066,-0.094
2.046,2.854
1.947,1.103
1.899,2.291
1.862,0.792
1.906,2.624
1.826,1.992
1.827,2.975
1.874,0.916
1.83,0.09
1.129,-0.278
-0.165,-0.566
-0.179,-0.306
-0.281,-0.241
-0.855,-0.323
-0.873,-0.471
-0.999,-0.673
-1.172,-0.679
-1.282,-0.502
-1.654,-0.273
-1.805,-0.565
-2.012,-0.396
-2.023,-0.518
-2.149,-0.547
-2.226,-0.334
-2.468,-0.508
-2.584,-0.624
-2.635,-0.474
2.92,-0.284
2.533,-0.295
2.449,-0.442
2.304,-0.255
2.254,-0.442
2.176,-0.533
2.142,-0.487
2.207,-0.324
1.823,-0.193
1.75,-0.519
1.481,4.034
1.441,4.062
0.801,4.053
0.527,4.0
0.141,4.144
0.045,3.954
-0.19,3.773
-1.023,4.141
-1.012,4.148
-1.417,3.845
-1.351,4.029
-1.586,4.025
-1.615,4.165
-1.897,3.872
-2.619,4.01
-2.627,4.169
-3.123,4.016
2.814,3.846
2.555,3.939
1.829,4.227
1.82,3.905
1.685,3.498
1.506,0.046
-0.094,3.364
-0.382,1.175
-1.999,3.391
-2.045,0.605
2.232,2.614
1.101,-0.403
0.636,-0.501
2.815,-0.242
1.85,3.679
1.815,0.939
1.625,3.482
1.702,0.358
1.667,1.297
1.449,1.707
1.459,2.242
1.404,2.263
1.276,3.642
1.367,2.671
1.247,3.333
1.149,0.982
1.282,2.409
1.194,2.35
0.938,2.47
1.071,3.3
0.901,1.814
0.951,1.914
0.962,1.423
0.813,0.005
0.865,0.672
0.827,2.146
0.833,1.845
0.624,-0.153
0.627,-0.014
0.598,2.51
0.596,1.63
0.675,2.321
0.083,0.869
-0.076,2.332
0.06,2.149
0.034,0.953
-0.124,-0.06
-0.187,-0.006
-0.19,3.611
-0.269,1.025
-0.333,2.494
-0.418,0.098
-0.472,1.518
-0.353,1.933
-0.564,0.637
-0.432,2.506
-0.491,1.507
-0.606,2.627
-0.661,0.22
-0.874,0.249
-0.906,1.117
-0.833,3.742
-1.002,1.041
-0.919,2.009
-1.255,2.519
-1.408,2.2
-1.356,-0.226
-1.361,3.293
-1.397,1.83
-1.546,0.972
-1.618,-0.095
-1.645,3.072
-1.519,2.832
-1.6,2.964
-1.779,3.719
-1.85,3.188
-1.748,1.688
-1.747,1.036
-1.871,-0.049
-1.969,0.114
-1.962,1.618
-1.979,0.915
-2.024,2.477
-2.235,1.329
-2.273,2.031
-2.633,0.51
-2.664,0.041
-2.597,3.755
-2.601,0.269
-2.909,0.954
-3.065,2.567
3.141,0.244
3.03,2.613
-3.141,1.027
3.133,1.865
3.014,2.421
2.778,2.26
2.751,2.251
2.588,0.897
2.551,1.925
2.32,1.555
2.277,0.066
2.185,1.408
2.063,2.19
2.008,1.187
2.074,1.014
1.926,2.943
1.981,0.973
1.78,0.7
1.603,-0.527
1.562,-0.399
1.114,-0.367
0.544,-0.195
0.264,-0.466
0.138,-0.291
0.035,-0.322
-0.486,-0.534
-0.459,-0.415
-0.491,-0.696
-0.592,-0.562
-0.612,-0.561
-1.914,-0.377
-2.832,-0.561
2.863,-0.305
2.62,-0.688
2.416,-0.409
2.203,-0.532
2.185,-0.36
1.966,-0.265
1.983,-0.423
1.903,-0.396
1.759,4.017
1.535,3.961
1.186,3.976
1.278,4.065
0.946,3.917
0.834,4.024
0.793,4.052
0.703,3.704
-0.263,3.841
-0.549,3.99
-0.591,4.093
-0.781,3.788
-1.189,3.934
-1.077,3.806
-1.637,4.089
-2.547,3.833
-3.08,3.961
2.465,4.113
2.344,3.768
2.22,4.027
0.898,2.882
0.775,1.281
-0.286,2.941
-2.045,1.919
-2.43,1.251
2.472,1.262
0.979,2.684
-0.285,1.99
-0.786,1.135
-1.264,1.986
-2.257,1.99
-2.437,1.986
-2.575,2.722
2.508,3.402
2.261,2.703
-1.708,0.714
2.569,0.492
1.795,2.138
-1.659,-0.509
-2.767,0.055
2.405,0.092
-2.123,-0.675
-2.096,-0.059
0.042,1.892
-0.02,3.038
-0.037,-0.194
-0.091,2.101
-0.122,0.792
-0.137,2.069
-0.067,0.915
-0.083,0.543
-0.169,1.506
-0.15,1.112
-0.237,3.127
-0.287,1.136
-0.241,2.646
-0.315,0.786
-0.264,0.936
-0.337,1.507
-0.318,3.388
-0.428,1.594
-0.435,0.988
-0.473,0.762
-0.541,0.67
-0.496,0.149
-0.657,1.162
-0.671,1.387
-0.619,1.363
-0.721,2.176
-0.776,3.296
-0.827,1.126
-0.915,-0.23
-0.848,1.4
-0.98,-0.091
-0.929,3.022
-1.002,0.137
-1.075,3.434
-1.085,3.304
-1.006,0.313
-1.161,2.469
-1.239,-0.441
-1.186,0.918
-1.23,1.739
-1.218,-0.214
-1.22,0.818
-1.339,0.373
-1.444,1.161
-1.5,0.443
-1.511,3.499
-1.517,3.19
-1.685,3.455
-1.618,2.077
-1.618,0.674
-1.732,-0.491
-1.679,3.551
-1.675,1.785
-1.779,0.499
-1.771,-0.377
-1.796,1.341
-1.747,2.711
-1.789,-0.116
-1.822,0.277
-1.915,0.602
-1.859,3.452
-1.855,3.321
-1.901,3.422
-1.983,0.429
-1.934,2.187
-2.065,1.435
-2.068,0.922
-2.045,3.022
-2.186,3.054
-2.205,1.697
-2.203,0.212
-2.158,1.17
-2.162,1.487
-2.207,0.708
-2.182,-0.366
-2.234,3.046
-2.18,3.059
-2.22,1.497
-2.286,1.615
-2.248,2.457
-2.232,2.214
-2.406,1.498
-2.343,1.113
-2.367,-0.386
-2.469,0.525
-2.494,2.157
-2.515,3.11
-2.616,-0.154
-2.592,1.431
-2.621,0.022
-2.699,0.482
-2.717,-0.504
-2.777,1.077
-2.713,2.757
-2.718,3.019
-2.788,1.404
-2.815,0.268
-2.764,-0.434
-2.91,1.791
-2.973,3.304
-2.986,-0.367
-2.92,2.433
-2.957,2.533
-3.056,-0.118
-3.103,1.496
-3.139,2.669
3.066,0.613
3.003,1.982
2.999,2.27
2.774,1.841
2.792,0.569
2.738,0.377
2.797,2.566
2.626,-0.444
2.552,0.716
2.412,0.082
2.48,1.437
2.361,0.524
2.345,0.627
2.223,2.036
2.278,3.33
2.248,0.365
2.225,0.968
2.098,2.083
2.178,-0.361
2.158,2.587
2.059,0.836
2.011,2.024
1.974,0.525
2.018,2.357
1.938,1.725
1.939,2.708
1.986,0.649
1.942,-0.177
1.241,-0.545
-0.053,-0.833
-0.067,-0.573
-0.169,-0.508
-0.743,-0.59
-0.761,-0.738
-0.887,-0.94
-1.06,-0.946
-1.17,-0.769
-1.542,-0.54
-1.693,-0.832
-1.9,-0.663
-1.911,-0.785
-2.037,-0.814
-2.114,-0.601
-2.356,-0.775
-2.472,-0.891
-2.523,-0.741
3.032,-0.551
2.645,-0.562
2.561,-0.709
2.416,-0.522
2.366,-0.709
2.288,-0.8
2.254,-0.754
2.319,-0.591
1.935,-0.46
1.862,-0.786
1.593,3.767
1.553,3.795
0.913,3.786
0.639,3.733
0.253,3.877
0.157,3.687
-0.078,3.506
-0.911,3.874
-0.9,3.881
-1.305,3.578
-1.239,3.762
-1.474,3.758
-1.503,3.898
-1.785,3.605
-2.507,3.743
-2.515,3.902
-3.011,3.749
2.926,3.579
2.667,3.672
1.941,3.96
1.932,3.638
1.797,3.231
1.618,-0.221
0.018,3.097
-0.27,0.908
-1.887,3.124
-1.933,0.338
2.344,2.347
1.213,-0.67
0.748,-0.768
2.927,-0.509
1.962,3.412
1.927,0.672
1.737,3.215
1.814,0.091
1.779,1.03
1.561,1.44
1.571,1.975
1.516,1.996
1.388,3.375
1.479,2.404
1.359,3.066
1.261,0.715
1.394,2.142
1.306,2.083
1.05,2.203
1.183,3.033
1.013,1.547
1.063,1.647
1.074,1.156
0.925,-0.262
0.977,0.405
0.939,1.879
0.945,1.578
0.736,-0.42
0.739,-0.281
0.71,2.243
0.708,1.363
0.787,2.054
0.195,0.602
0.036,2.065
0.172,1.882
0.146,0.686
-0.012,-0.327
-0.075,-0.273
-0.078,3.344
-0.157,0.758
-0.221,2.227
-0.306,-0.169
-0.36,1.251
-0.241,1.666
-0.452,0.37
-0.32,2.239
-0.379,1.24
-0.494,2.36
-0.549,-0.047
-0.762,-0.018
-0.794,0.85
-0.721,3.475
-0.89,0.774
-0.807,1.742
-1.143,2.252
-1.296,1.933
-1.244,-0.493
-1.249,3.026
-1.285,1.563
-1.434,0.705
-1.506,-0.362
-1.533,2.805
-1.407,2.565
-1.488,2.697
-1.667,3.452
-1.738,2.921
-1.636,1.421
-1.635,0.769
-1.759,-0.316
-1.857,-0.153
-1.85,1.351
-1.867,0.648
-1.912,2.21
-2.123,1.062
-2.161,1.764
-2.521,0.243
-2.552,-0.226
-2.485,3.488
-2.489,0.002
-2.797,0.687
-2.953,2.3
-3.03,-0.023
-3.141,2.346
-3.029,0.76
-3.038,1.598
3.126,2.154
2.89,1.993
2.863,1.984
2.7,0.63
2.663,1.658
2.432,1.288
2.389,-0.201
2.297,1.141
2.175,1.923
2.12,0.92
2.186,0.747
2.038,2.676
2.093,0.706
1.892,0.433
1.715,-0.794
1.674,-0.666
1.226,-0.634
0.656,-0.462
0.376,-0.733
0.25,-0.558
0.147,-0.589
-0.374,-0.801
-0.347,-0.682
-0.379,-0.963
-0.48,-0.829
-0.5,-0.828
-1.802,-0.644
-2.72,-0.828
2.975,-0.572
2.732,-0.955
2.528,-0.676
2.315,-0.799
2.297,-0.627
2.078,-0.532
2.095,-0.69
2.015,-0.663
1.871,3.75
1.647,3.694
1.298,3.709
1.39,3.798
1.058,3.65
0.946,3.757
0.905,3.785
0.815,3.437
-0.151,3.574
-0.437,3.723
-0.479,3.826
-0.669,3.521
-1.077,3.667
-0.965,3.539
-1.525,3.822
-2.435,3.566
-2.968,3.694
2.577,3.846
2.456,3.501
2.332,3.76
1.01,2.615
0.887,1.014
-0.174,2.674
-1.933,1.652
-2.318,0.984
2.584,0.995
1.091,2.417
-0.173,1.723
-0.674,0.868
-1.152,1.719
-2.145,1.723
-2.325,1.719
-2.463,2.455
2.62,3.135
2.373,2.436
-1.596,0.447
2.681,0.225
1.907,1.871
-1.547,-0.776
-2.655,-0.212
2.517,-0.175
-2.011,-0.942
-1.984,-0.326
-0.062,1.146
-0.079,-2.086
-0.133,0.209
-0.164,-1.1
-0.179,0.177
-0.109,-0.977
-0.125,-1.349
-0.211,-0.386
-0.192,-0.78
-0.279,1.235
-0.329,-0.756
-0.283,0.754
-0.357,-1.106
-0.306,-0.956
-0.379,-0.385
-0.36,1.496
-0.47,-0.298
-0.477,-0.904
-0.515,-1.13
-0.583,-1.222
-0.538,-1.743
-0.699,-0.73
-0.713,-0.505
-0.661,-0.529
-0.763,0.284
-0.818,1.404
-0.869,-0.766
-0.957,-2.122
-0.89,-0.492
-1.022,-1.983
-0.971,1.13
-1.044,-1.755
-1.117,1.542
-1.127,1.412
-1.048,-1.579
-1.203,0.577
-1.281,-2.333
-1.228,-0.974
-1.272,-0.153
-1.26,-2.106
-1.262,-1.074
-1.381,-1.519
-1.486,-0.731
-1.542,-1.449
-1.553,1.607
-1.559,1.298
-1.727,1.563
-1.66,0.185
-1.66,-1.218
-1.774,-2.383
-1.721,1.659
-1.717,-0.107
-1.821,-1.393
-1.813,-2.269
-1.838,-0.551
-1.789,0.819
-1.831,-2.008
-1.864,-1.615
-1.957,-1.29
-1.901,1.56
-1.897,1.429
-1.943,1.53
-2.025,-1.463
-1.976,0.295
-2.107,-0.457
-2.11,-0.97
-2.087,1.13
-2.228,1.162
-2.247,-0.195
-2.245,-1.68
-2.2,-0.722
-2.204,-0.405
-2.249,-1.184
-2.224,-2.258
-2.276,1.154
-2.222,1.167
-2.262,-0.395
-2.328,-0.277
-2.29,0.565
-2.274,0.322
-2.448,-0.394
-2.385,-0.779
-2.409,-2.278
-2.511,-1.367
-2.536,0.265
-2.557,1.218
-2.658,-2.046
-2.634,-0.461
-2.663,-1.87
-2.741,-1.41
-2.759,-2.396
-2.819,-0.815
-2.755,0.865
-2.76,1.127
-2.83,-0.488
-2.857,-1.624
-2.806,-2.326
-2.952,-0.101
-3.015,1.412
-3.028,-2.259
-2.962,0.541
-2.999,0.641
-3.098,-2.01
3.138,-0.396
3.102,0.777
3.024,-1.279
2.961,0.09
2.957,0.378
2.732,-0.051
2.75,-1.323
2.696,-1.515
2.755,0.674
2.584,-2.336
2.51,-1.176
2.37,-1.81
2.438,-0.455
2.319,-1.368
2.303,-1.265
2.181,0.144
2.236,1.438
2.206,-1.527
2.183,-0.924
2.056,0.191
2.136,-2.253
2.116,0.695
2.017,-1.056
1.969,0.132
1.932,-1.367
1.976,0.465
1.896,-0.167
1.897,0.816
1.944,-1.243
1.9,-2.069
1.199,-2.437
-0.095,-2.725
-0.109,-2.465
-0.211,-2.4
-0.785,-2.482
-0.803,-2.63
-0.929,-2.832
-1.102,-2.838
-1.212,-2.661
-1.584,-2.432
-1.735,-2.724
-1.942,-2.555
-1.953,-2.677
-2.079,-2.706
-2.156,-2.493
-2.398,-2.667
-2.514,-2.783
-2.565,-2.633
2.99,-2.443
2.603,-2.454
2.519,-2.601
2.374,-2.414
2.324,-2.601
2.246,-2.692
2.212,-2.646
2.277,-2.483
1.893,-2.352
1.82,-2.678
1.551,1.875
1.511,1.903
0.871,1.894
0.597,1.841
0.211,1.985
0.115,1.795
-0.12,1.614
-0.953,1.982
-0.942,1.989
-1.347,1.686
-1.281,1.87
-1.516,1.866
-1.545,2.006
-1.827,1.713
-2.549,1.851
-2.557,2.01
-3.053,1.857
2.884,1.687
2.625,1.78
1.899,2.068
1.89,1.746
1.755,1.339
1.576,-2.113
-0.024,1.205
-0.312,-0.984
-1.929,1.232
-1.975,-1.554
2.302,0.455
1.171,-2.562
0.706,-2.66
2.885,-2.401
1.92,1.52
1.885,-1.22
1.695,1.323
1.772,-1.801
1.737,-0.862
1.519,-0.452
1.529,0.083
1.474,0.104
1.346,1.483
1.437,0.512
1.317,1.174
1.219,-1.177
1.352,0.25
1.264,0.191
1.008,0.311
1.141,1.141
0.971,-0.345
1.021,-0.245
1.032,-0.736
0.883,-2.154
0.935,-1.487
0.897,-0.013
0.903,-0.314
0.694,-2.312
0.697,-2.173
0.668,0.351
0.666,-0.529
0.745,0.162
0.153,-1.29
-0.006,0.173
0.13,-0.01
0.104,-1.206
-0.054,-2.219
-0.117,-2.165
-0.12,1.452
-0.199,-1.134
-0.263,0.335
-0.348,-2.061
-0.402,-0.641
-0.283,-0.226
-0.494,-1.522
-0.362,0.347
-0.421,-0.652
-0.536,0.468
-0.591,-1.939
-0.804,-1.91
-0.836,-1.042
-0.763,1.583
-0.932,-1.118
-0.849,-0.15
-1.185,0.36
-1.338,0.041
-1.286,-2.385
-1.291,1.134
-1.327,-0.329
-1.476,-1.187
-1.548,-2.254
-1.575,0.913
-1.449,0.673
-1.53,0.805
-1.709,1.56
-1.78,1.029
-1.678,-0.471
-1.677,-1.123
-1.801,-2.208
-1.899,-2.045
-1.892,-0.541
-1.909,-1.244
-1.954,0.318
-2.165,-0.83
-2.203,-0.128
-2.563,-1.649
-2.594,-2.118
-2.527,1.596
-2.531,-1.89
-2.839,-1.205
-2.995,0.408
-3.072,-1.915
3.1,0.454
-3.071,-1.132
-3.08,-0.294
3.084,0.262
2.848,0.101
2.821,0.092
2.658,-1.262
2.621,-0.234
2.39,-0.604
2.347,-2.093
2.255,-0.751
2.133,0.031
2.078,-0.972
2.144,-1.145
1.996,0.784
2.051,-1.186
1.85,-1.459
1.673,-2.686
1.632,-2.558
1.184,-2.526
0.614,-2.354
0.334,-2.625
0.208,-2.45
0.105,-2.481
-0.416,-2.693
-0.389,-2.574
-0.421,-2.855
-0.522,-2.721
-0.542,-2.72
-1.844,-2.536
-2.762,-2.72
2.933,-2.464
2.69,-2.847
2.486,-2.568
2.273,-2.691
2.255,-2.519
2.036,-2.424
2.053,-2.582
1.973,-2.555
1.829,1.858
1.605,1.802
1.256,1.817
1.348,1.906
1.016,1.758
0.904,1.865
0.863,1.893
0.773,1.545
-0.193,1.682
-0.479,1.831
-0.521,1.934
-0.711,1.629
-1.119,1.775
-1.007,1.647
-1.567,1.93
-2.477,1.674
-3.01,1.802
2.535,1.954
2.414,1.609
2.29,1.868
0.968,0.723
0.845,-0.878
-0.216,0.782
-1.975,-0.24
-2.36,-0.908
2.542,-0.897
1.049,0.525
-0.215,-0.169
-0.716,-1.024
-1.194,-0.173
-2.187,-0.169
-2.367,-0.173
-2.505,0.563
2.578,1.243
2.331,0.544
-1.638,-1.445
2.639,-1.667
1.865,-0.021
-1.589,-2.668
-2.697,-2.104
2.475,-2.067
-2.053,-2.834
-2.026,-2.218
-0.017,-3.232
-0.071,-0.937
-0.102,-2.246
-0.117,-0.969
-0.047,-2.123
-0.063,-2.495
-0.149,-1.532
-0.13,-1.926
-0.217,0.089
-0.267,-1.902
-0.221,-0.392
-0.295,-2.252
-0.244,-2.102
-0.317,-1.531
-0.298,0.35
-0.408,-1.444
-0.415,-2.05
-0.453,-2.276
-0.521,-2.368
-0.476,-2.889
-0.637,-1.876
-0.651,-1.651
-0.599,-1.675
-0.701,-0.862
-0.756,0.258
-0.807,-1.912
-0.895,-3.268
-0.828,-1.638
-0.96,-3.129
-0.909,-0.016
-0.982,-2.901
-1.055,0.396
-1.065,0.266
-0.986,-2.725
-1.141,-0.569
-1.219,-3.479
-1.166,-2.12
-1.21,-1.299
-1.198,-3.252
-1.2,-2.22
-1.319,-2.665
-1.424,-1.877
-1.48,-2.595
-1.491,0.461
-1.497,0.152
-1.665,0.417
-1.598,-0.961
-1.598,-2.364
-1.712,-3.529
-1.659,0.513
-1.655,-1.253
-1.759,-2.539
-1.751,-3.415
-1.776,-1.697
-1.727,-0.327
-1.769,-3.154
-1.802,-2.761
-1.895,-2.436
-1.839,0.414
-1.835,0.283
-1.881,0.384
-1.963,-2.609
-1.914,-0.851
-2.045,-1.603
-2.048,-2.116
-2.025,-0.016
-2.166,0.016
-2.185,-1.341
-2.183,-2.826
-2.138,-1.868
-2.142,-1.551
-2.187,-2.33
-2.162,-3.404
-2.214,0.008
-2.16,0.021
-2.2,-1.541
-2.266,-1.423
-2.228,-0.581
-2.212,-0.824
-2.386,-1.54
-2.323,-1.925
-2.347,-3.424
-2.449,-2.513
-2.474,-0.881
-2.495,0.072
-2.596,-3.192
-2.572,-1.607
-2.601,-3.016
-2.679,-2.556
-2.697,-3.542
-2.757,-1.961
-2.693,-0.281
-2.698,-0.019
-2.768,-1.634
-2.795,-2.77
-2.744,-3.472
-2.89,-1.247
-2.953,0.266
-2.966,-3.405
-2.9,-0.605
-2.937,-0.505
-3.036,-3.156
-3.083,-1.542
-3.119,-0.369
3.086,-2.425
3.023,-1.056
3.019,-0.768
2.794,-1.197
2.812,-2.469
2.758,-2.661
2.817,-0.472
2.646,-3.482
2.572,-2.322
2.432,-2.956
2.5,-1.601
2.381,-2.514
2.365,-2.411
2.243,-1.002
2.298,0.292
2.268,-2.673
2.245,-2.07
2.118,-0.955
2.198,-3.399
2.178,-0.451
2.079,-2.202
2.031,-1.014
1.994,-2.513
2.038,-0.681
1.958,-1.313
1.959,-0.33
2.006,-2.389
1.962,-3.215
1.261,-3.583
-0.033,-3.871
-0.047,-3.611
-0.149,-3.546
-0.723,-3.628
-0.741,-3.776
-0.867,-3.978
-1.04,-3.984
-1.15,-3.807
-1.522,-3.578
-1.673,-3.87
-1.88,-3.701
-1.891,-3.823
-2.017,-3.852
-2.094,-3.639
-2.336,-3.813
-2.452,-3.929
-2.503,-3.779
3.052,-3.589
2.665,-3.6
2.581,-3.747
2.436,-3.56
2.386,-3.747
2.308,-3.838
2.274,-3.792
2.339,-3.629
1.955,-3.498
1.882,-3.824
1.613,0.729
1.573,0.757
0.933,0.748
0.659,0.695
0.273,0.839
0.177,0.649
-0.058,0.468
-0.891,0.836
-0.88,0.843
-1.285,0.54
-1.219,0.724
-1.454,0.72
-1.483,0.86
-1.765,0.567
-2.487,0.705
-2.495,0.864
-2.991,0.711
2.946,0.541
2.687,0.634
1.961,0.922
1.952,0.6
1.817,0.193
1.638,-3.259
0.038,0.059
-0.25,-2.13
-1.867,0.086
-1.913,-2.7
2.364,-0.691
1.233,-3.708
0.768,-3.806
2.947,-3.547
1.982,0.374
1.947,-2.366
1.757,0.177
1.834,-2.947
1.799,-2.008
1.581,-1.598
1.591,-1.063
1.536,-1.042
1.408,0.337
1.499,-0.634
1.379,0.028
1.281,-2.323
1.414,-0.896
1.326,-0.955
1.07,-0.835
1.203,-0.005
1.033,-1.491
1.083,-1.391
1.094,-1.882
0.945,-3.3
0.997,-2.633
0.959,-1.159
0.965,-1.46
0.756,-3.458
0.759,-3.319
0.73,-0.795
0.728,-1.675
0.807,-0.984
0.215,-2.436
0.056,-0.973
0.192,-1.156
0.166,-2.352
0.008,-3.365
-0.055,-3.311
-0.058,0.306
-0.137,-2.28
-0.201,-0.811
-0.286,-3.207
-0.34,-1.787
-0.221,-1.372
-0.432,-2.668
-0.3,-0.799
-0.359,-1.798
-0.474,-0.678
-0.529,-3.085
-0.742,-3.056
-0.774,-2.188
-0.701,0.437
-0.87,-2.264
-0.787,-1.296
-1.123,-0.786
-1.276,-1.105
-1.224,-3.531
-1.229,-0.012
-1.265,-1.475
-1.414,-2.333
-1.486,-3.4
-1.513,-0.233
-1.387,-0.473
-1.468,-0.341
-1.647,0.414
-1.718,-0.117
-1.616,-1.617
-1.615,-2.269
-1.739,-3.354
-1.837,-3.191
-1.83,-1.687
-1.847,-2.39
-1.892,-0.828
-2.103,-1.976
-2.141,-1.274
-2.501,-2.795
-2.532,-3.264
-2.465,0.45
-2.469,-3.036
-2.777,-2.351
-2.933,-0.738
-3.01,-3.061
-3.121,-0.692
-3.009,-2.278
-3.018,-1.44
-3.137,-0.884
2.91,-1.045
2.883,-1.054
2.72,-2.408
2.683,-1.38
2.452,-1.75
2.409,-3.239
2.317,-1.897
2.195,-1.115
2.14,-2.118
2.206,-2.291
2.058,-0.362
2.113,-2.332
1.912,-2.605
1.735,-3.832
1.694,-3.704
1.246,-3.672
0.676,-3.5
0.396,-3.771
0.27,-3.596
0.167,-3.627
-0.354,-3.839
-0.327,-3.72
-0.359,-4.001
-0.46,-3.867
-0.48,-3.866
-1.782,-3.682
-2.7,-3.866
2.995,-3.61
2.752,-3.993
2.548,-3.714
2.335,-3.837
2.317,-3.665
2.098,-3.57
2.115,-3.728
2.035,-3.701
1.891,0.712
1.667,0.656
1.318,0.671
1.41,0.76
1.078,0.612
0.966,0.719
0.925,0.747
0.835,0.399
-0.131,0.536
-0.417,0.685
-0.459,0.788
-0.649,0.483
-1.057,0.629
-0.945,0.501
-1.505,0.784
-2.415,0.528
-2.948,0.656
2.597,0.808
2.476,0.463
2.352,0.722
1.03,-0.423
0.907,-2.024
-0.154,-0.364
-1.913,-1.386
-2.298,-2.054
2.604,-2.043
1.111,-0.621
-0.153,-1.315
-0.654,-2.17
-1.132,-1.319
-2.125,-1.315
-2.305,-1.319
-2.443,-0.583
2.64,0.097
2.393,-0.602
-1.576,-2.591
2.701,-2.813
1.927,-1.167
-1.527,-3.814
-2.635,-3.25
2.537,-3.213
-1.991,-3.98
-1.964,-3.364
-0.054,2.295
-0.085,0.986
-0.1,2.263
-0.03,1.109
-0.046,0.737
-0.132,1.7
-0.113,1.306
-0.2,3.321
-0.25,1.33
-0.204,2.84
-0.278,0.98
-0.227,1.13
-0.3,1.701
-0.281,3.582
-0.391,1.788
-0.398,1.182
-0.436,0.956
-0.504,0.864
-0.459,0.343
-0.62,1.356
-0.634,1.581
-0.582,1.557
-0.684,2.37
-0.739,3.49
-0.79,1.32
-0.878,-0.036
-0.811,1.594
-0.943,0.103
-0.892,3.216
-0.965,0.331
-1.038,3.628
-1.048,3.498
-0.969,0.507
-1.124,2.663
-1.202,-0.247
-1.149,1.112
-1.193,1.933
-1.181,-0.02
-1.183,1.012
-1.302,0.567
-1.407,1.355
-1.463,0.637
-1.474,3.693
-1.48,3.384
-1.648,3.649
-1.581,2.271
-1.581,0.868
-1.695,-0.297
-1.642,3.745
-1.638,1.979
-1.742,0.693
-1.734,-0.183
-1.759,1.535
-1.71,2.905
-1.752,0.078
-1.785,0.471
-1.878,0.796
-1.822,3.646
-1.818,3.515
-1.864,3.616
-1.946,0.623
-1.897,2.381
-2.028,1.629
-2.031,1.116
-2.008,3.216
-2.149,3.248
-2.168,1.891
-2.166,0.406
-2.121,1.364
-2.125,1.681
-2.17,0.902
-2.145,-0.172
-2.197,3.24
-2.143,3.253
-2.183,1.691
-2.249,1.809
-2.211,2.651
-2.195,2.408
-2.369,1.692
-2.306,1.307
-2.33,-0.192
-2.432,0.719
-2.457,2.351
-2.478,3.304
-2.579,0.04
-2.555,1.625
-2.584,0.216
-2.662,0.676
-2.68,-0.31
-2.74,1.271
-2.676,2.951
-2.681,3.213
-2.751,1.598
-2.778,0.462
-2.727,-0.24
-2.873,1.985
-2.936,3.498
-2.949,-0.173
-2.883,2.627
-2.92,2.727
-3.019,0.076
-3.066,1.69
-3.102,2.863
3.103,0.807
3.04,2.176
3.036,2.464
2.811,2.035
2.829,0.763
2.775,0.571
2.834,2.76
2.663,-0.25
2.589,0.91
2.449,0.276
2.517,1.631
2.398,0.718
2.382,0.821
2.26,2.23
2.315,3.524
2.285,0.559
2.262,1.162
2.135,2.277
2.215,-0.167
2.195,2.781
2.096,1.03
2.048,2.218
2.011,0.719
2.055,2.551
1.975,1.919
1.976,2.902
2.023,0.843
1.979,0.017
1.278,-0.351
-0.016,-0.639
-0.03,-0.379
-0.132,-0.314
-0.706,-0.396
-0.724,-0.544
-0.85,-0.746
-1.023,-0.752
-1.133,-0.575
-1.505,-0.346
-1.656,-0.638
-1.863,-0.469
-1.874,-0.591
-2.0,-0.62
-2.077,-0.407
-2.319,-0.581
-2.435,-0.697
-2.486,-0.547
3.069,-0.357
2.682,-0.368
2.598,-0.515
2.453,-0.328
2.403,-0.515
2.325,-0.606
2.291,-0.56
2.356,-0.397
1.972,-0.266
1.899,-0.592
1.63,3.961
1.59,3.989
0.95,3.98
0.676,3.927
0.29,4.071
0.194,3.881
-0.041,3.7
-0.874,4.068
-0.863,4.075
-1.268,3.772
-1.202,3.956
-1.437,3.952
-1.466,4.092
-1.748,3.799
-2.47,3.937
-2.478,4.096
-2.974,3.943
2.963,3.773
2.704,3.866
1.978,4.154
1.969,3.832
1.834,3.425
1.655,-0.027
0.055,3.291
-0.233,1.102
-1.85,3.318
-1.896,0.532
2.381,2.541
1.25,-0.476
0.785,-0.574
2.964,-0.315
1.999,3.606
1.964,0.866
1.774,3.409
1.851,0.285
1.816,1.224
1.598,1.634
1.608,2.169
1.553,2.19
1.425,3.569
1.516,2.598
1.396,3.26
1.298,0.909
1.431,2.336
1.343,2.277
1.087,2.397
1.22,3.227
1.05,1.741
1.1,1.841
1.111,1.35
0.962,-0.068
1.014,0.599
0.976,2.073
0.982,1.772
0.773,-0.226
0.776,-0.087
0.747,2.437
0.745,1.557
0.824,2.248
0.232,0.796
0.073,2.259
0.209,2.076
0.183,0.88
0.025,-0.133
-0.038,-0.079
-0.041,3.538
-0.12,0.952
-0.184,2.421
-0.269,0.025
-0.323,1.445
-0.204,1.86
-0.415,0.564
-0.283,2.433
-0.342,1.434
-0.457,2.554
-0.512,0.147
-0.725,0.176
-0.757,1.044
-0.684,3.669
-0.853,0.968
-0.77,1.936
-1.106,2.446
-1.259,2.127
-1.207,-0.299
-1.212,3.22
-1.248,1.757
-1.397,0.899
-1.469,-0.168
-1.496,2.999
-1.37,2.759
-1.451,2.891
-1.63,3.646
-1.701,3.115
-1.599,1.615
-1.598,0.963
-1.722,-0.122
-1.82,0.041
-1.813,1.545
-1.83,0.842
-1.875,2.404
-2.086,1.256
-2.124,1.958
-2.484,0.437
-2.515,-0.032
-2.448,3.682
-2.452,0.196
-2.76,0.881
-2.916,2.494
-2.993,0.171
-3.104,2.54
-2.992,0.954
-3.001,1.792
-3.12,2.348
2.927,2.187
2.9,2.178
2.737,0.824
2.7,1.852
2.469,1.482
2.426,-0.007
2.334,1.335
2.212,2.117
2.157,1.114
2.223,0.941
2.075,2.87
2.13,0.9
1.929,0.627
1.752,-0.6
1.711,-0.472
1.263,-0.44
0.693,-0.268
0.413,-0.539
0.287,-0.364
0.184,-0.395
-0.337,-0.607
-0.31,-0.488
-0.342,-0.769
-0.443,-0.635
-0.463,-0.634
-1.765,-0.45
-2.683,-0.634
3.012,-0.378
2.769,-0.761
2.565,-0.482
2.352,-0.605
2.334,-0.433
2.115,-0.338
2.132,-0.496
2.052,-0.469
1.908,3.944
1.684,3.888
1.335,3.903
1.427,3.992
1.095,3.844
0.983,3.951
0.942,3.979
0.852,3.631
-0.114,3.768
-0.4,3.917
-0.442,4.02
-0.632,3.715
-1.04,3.861
-0.928,3.733
-1.488,4.016
-2.398,3.76
-2.931,3.888
2.614,4.04
2.493,3.695
2.369,3.954
1.047,2.809
0.924,1.208
-0.137,2.868
-1.896,1.846
-2.281,1.178
2.621,1.189
1.128,2.611
-0.136,1.917
-0.637,1.062
-1.115,1.913
-2.108,1.917
-2.288,1.913
-2.426,2.649
2.657,3.329
2.41,2.63
-1.559,0.641
2.718,0.419
1.944,2.065
-1.51,-0.582
-2.618,-0.018
2.554,0.019
-1.974,-0.748
-1.947,-0.132
-0.031,-1.309
-0.046,-0.032
0.024,-1.186
0.008,-1.558
-0.078,-0.595
-0.059,-0.989
-0.146,1.026
-0.196,-0.965
-0.15,0.545
-0.224,-1.315
-0.173,-1.165
-0.246,-0.594
-0.227,1.287
-0.337,-0.507
-0.344,-1.113
-0.382,-1.339
-0.45,-1.431
-0.405,-1.952
-0.566,-0.939
-0.58,-0.714
-0.528,-0.738
-0.63,0.075
-0.685,1.195
-0.736,-0.975
-0.824,-2.331
-0.757,-0.701
-0.889,-2.192
-0.838,0.921
-0.911,-1.964
-0.984,1.333
-0.994,1.203
-0.915,-1.788
-1.07,0.368
-1.148,-2.542
-1.095,-1.183
-1.139,-0.362
-1.127,-2.315
-1.129,-1.283
-1.248,-1.728
-1.353,-0.94
-1.409,-1.658
-1.42,1.398
-1.426,1.089
-1.594,1.354
-1.527,-0.024
-1.527,-1.427
-1.641,-2.592
-1.588,1.45
-1.584,-0.316
-1.688,-1.602
-1.68,-2.478
-1.705,-0.76
-1.656,0.61
-1.698,-2.217
-1.731,-1.824
-1.824,-1.499
-1.768,1.351
-1.764,1.22
-1.81,1.321
-1.892,-1.672
-1.843,0.086
-1.974,-0.666
-1.977,-1.179
-1.954,0.921
-2.095,0.953
-2.114,-0.404
-2.112,-1.889
-2.067,-0.931
-2.071,-0.614
-2.116,-1.393
-2.091,-2.467
-2.143,0.945
-2.089,0.958
-2.129,-0.604
-2.195,-0.486
-2.157,0.356
-2.141,0.113
-2.315,-0.603
-2.252,-0.988
-2.276,-2.487
-2.378,-1.576
-2.403,0.056
-2.424,1.009
-2.525,-2.255
-2.501,-0.67
-2.53,-2.079
-2.608,-1.619
-2.626,-2.605
-2.686,-1.024
-2.622,0.656
-2.627,0.918
-2.697,-0.697
-2.724,-1.833
-2.673,-2.535
-2.819,-0.31
-2.882,1.203
-2.895,-2.468
-2.829,0.332
-2.866,0.432
-2.965,-2.219
-3.012,-0.605
-3.048,0.568
-3.126,-1.488
3.094,-0.119
3.09,0.169
2.865,-0.26
2.883,-1.532
2.829,-1.724
2.888,0.465
2.717,-2.545
2.643,-1.385
2.503,-2.019
2.571,-0.664
2.452,-1.577
2.436,-1.474
2.314,-0.065
2.369,1.229
2.339,-1.736
2.316,-1.133
2.189,-0.018
2.269,-2.462
2.249,0.486
2.15,-1.265
2.102,-0.077
2.065,-1.576
2.109,0.256
2.029,-0.376
2.03,0.607
2.077,-1.452
2.033,-2.278
1.332,-2.646
0.038,-2.934
0.024,-2.674
-0.078,-2.609
-0.652,-2.691
-0.67,-2.839
-0.796,-3.041
-0.969,-3.047
-1.079,-2.87
-1.451,-2.641
-1.602,-2.933
-1.809,-2.764
-1.82,-2.886
-1.946,-2.915
-2.023,-2.702
-2.265,-2.876
-2.381,-2.992
-2.432,-2.842
3.123,-2.652
2.736,-2.663
2.652,-2.81
2.507,-2.623
2.457,-2.81
2.379,-2.901
2.345,-2.855
2.41,-2.692
2.026,-2.561
1.953,-2.887
1.684,1.666
1.644,1.694
1.004,1.685
0.73,1.632
0.344,1.776
0.248,1.586
0.013,1.405
-0.82,1.773
-0.809,1.78
-1.214,1.477
-1.148,1.661
-1.383,1.657
-1.412,1.797
-1.694,1.504
-2.416,1.642
-2.424,1.801
-2.92,1.648
3.017,1.478
2.758,1.571
2.032,1.859
2.023,1.537
1.888,1.13
1.709,-2.322
0.109,0.996
-0.179,-1.193
-1.796,1.023
-1.842,-1.763
2.435,0.246
1.304,-2.771
0.839,-2.869
3.018,-2.61
2.053,1.311
2.018,-1.429
1.828,1.114
1.905,-2.01
1.87,-1.071
1.652,-0.661
1.662,-0.126
1.607,-0.105
1.479,1.274
1.57,0.303
1.45,0.965
1.352,-1.386
1.485,0.041
1.397,-0.018
1.141,0.102
1.274,0.932
1.104,-0.554
1.154,-0.454
1.165,-0.945
1.016,-2.363
1.068,-1.696
1.03,-0.222
1.036,-0.523
0.827,-2.521
0.83,-2.382
0.801,0.142
0.799,-0.738
0.878,-0.047
0.286,-1.499
0.127,-0.036
0.263,-0.219
0.237,-1.415
0.079,-2.428
0.016,-2.374
0.013,1.243
-0.066,-1.343
-0.13,0.126
-0.215,-2.27
-0.269,-0.85
-0.15,-0.435
-0.361,-1.731
-0.229,0.138
-0.288,-0.861
-0.403,0.259
-0.458,-2.148
-0.671,-2.119
-0.703,-1.251
-0.63,1.374
-0.799,-1.327
-0.716,-0.359
-1.052,0.151
-1.205,-0.168
-1.153,-2.594
-1.158,0.925
-1.194,-0.538
-1.343,-1.396
-1.415,-2.463
-1.442,0.704
-1.316,0.464
-1.397,0.596
-1.576,1.351
-1.647,0.82
-1.545,-0.68
-1.544,-1.332
-1.668,-2.417
-1.766,-2.254
-1.759,-0.75
-1.776,-1.453
-1.821,0.109
-2.032,-1.039
-2.07,-0.337
-2.43,-1.858
-2.461,-2.327
-2.394,1.387
-2.398,-2.099
-2.706,-1.414
-2.862,0.199
-2.939,-2.124
-3.05,0.245
-2.938,-1.341
-2.947,-0.503
-3.066,0.053
2.981,-0.108
2.954,-0.117
2.791,-1.471
2.754,-0.443
2.523,-0.813
2.48,-2.302
2.388,-0.96
2.266,-0.178
2.211,-1.181
2.277,-1.354
2.129,0.575
2.184,-1.395
1.983,-1.668
1.806,-2.895
1.765,-2.767
1.317,-2.735
0.747,-2.563
0.467,-2.834
0.341,-2.659
0.238,-2.69
-0.283,-2.902
-0.256,-2.783
-0.288,-3.064
-0.389,-2.93
-0.409,-2.929
-1.711,-2.745
-2.629,-2.929
3.066,-2.673
2.823,-3.056
2.619,-2.777
2.406,-2.9
2.388,-2.728
2.169,-2.633
2.186,-2.791
2.106,-2.764
1.962,1.649
1.738,1.593
1.389,1.608
1.481,1.697
1.149,1.549
1.037,1.656
0.996,1.684
0.906,1.336
-0.06,1.473
-0.346,1.622
-0.388,1.725
-0.578,1.42
-0.986,1.566
-0.874,1.438
-1.434,1.721
-2.344,1.465
-2.877,1.593
2.668,1.745
2.547,1.4
2.423,1.659
1.101,0.514
0.978,-1.087
-0.083,0.573
-1.842,-0.449
-2.227,-1.117
2.675,-1.106
1.182,0.316
-0.082,-0.378
-0.583,-1.233
-1.061,-0.382
-2.054,-0.378
-2.234,-0.382
-2.372,0.354
2.711,1.034
2.464,0.335
-1.505,-1.654
2.772,-1.876
1.998,-0.23
-1.456,-2.877
-2.564,-2.313
2.608,-2.276
-1.92,-3.043
-1.893,-2.427
-0.015,1.277
0.055,0.123
0.039,-0.249
-0.047,0.714
-0.028,0.32
-0.115,2.335
-0.165,0.344
-0.119,1.854
-0.193,-0.006
-0.142,0.144
-0.215,0.715
-0.196,2.596
-0.306,0.802
-0.313,0.196
-0.351,-0.03
-0.419,-0.122
-0.374,-0.643
-0.535,0.37
-0.549,0.595
-0.497,0.571
-0.599,1.384
-0.654,2.504
-0.705,0.334
-0.793,-1.022
-0.726,0.608
-0.858,-0.883
-0.807,2.23
-0.88,-0.655
-0.953,2.642
-0.963,2.512
-0.884,-0.479
-1.039,1.677
-1.117,-1.233
-1.064,0.126
-1.108,0.947
-1.096,-1.006
-1.098,0.026
-1.217,-0.419
-1.322,0.369
-1.378,-0.349
-1.389,2.707
-1.395,2.398
-1.563,2.663
-1.496,1.285
-1.496,-0.118
-1.61,-1.283
-1.557,2.759
-1.553,0.993
-1.657,-0.293
-1.649,-1.169
-1.674,0.549
-1.625,1.919
-1.667,-0.908
-1.7,-0.515
-1.793,-0.19
-1.737,2.66
-1.733,2.529
-1.779,2.63
-1.861,-0.363
-1.812,1.395
-1.943,0.643
-1.946,0.13
-1.923,2.23
-2.064,2.262
-2.083,0.905
-2.081,-0.58
-2.036,0.378
-2.04,0.695
-2.085,-0.084
-2.06,-1.158
-2.112,2.254
-2.058,2.267
-2.098,0.705
-2.164,0.823
-2.126,1.665
-2.11,1.422
-2.284,0.706
-2.221,0.321
-2.245,-1.178
-2.347,-0.267
-2.372,1.365
-2.393,2.318
-2.494,-0.946
-2.47,0.639
-2.499,-0.77
-2.577,-0.31
-2.595,-1.296
-2.655,0.285
-2.591,1.965
-2.596,2.227
-2.666,0.612
-2.693,-0.524
-2.642,-1.226
-2.788,0.999
-2.851,2.512
-2.864,-1.159
-2.798,1.641
-2.835,1.741
-2.934,-0.91
-2.981,0.704
-3.017,1.877
-3.095,-0.179
3.125,1.19
3.121,1.478
2.896,1.049
2.914,-0.223
2.86,-0.415
2.919,1.774
2.748,-1.236
2.674,-0.076
2.534,-0.71
2.602,0.645
2.483,-0.268
2.467,-0.165
2.345,1.244
2.4,2.538
2.37,-0.427
2.347,0.176
2.22,1.291
2.3,-1.153
2.28,1.795
2.181,0.044
2.133,1.232
2.096,-0.267
2.14,1.565
2.06,0.933
2.061,1.916
2.108,-0.143
2.064,-0.969
1.363,-1.337
0.069,-1.625
0.055,-1.365
-0.047,-1.3
-0.621,-1.382
-0.639,-1.53
-0.765,-1.732
-0.938,-1.738
-1.048,-1.561
-1.42,-1.332
-1.571,-1.624
-1.778,-1.455
-1.789,-1.577
-1.915,-1.606
-1.992,-1.393
-2.234,-1.567
-2.35,-1.683
-2.401,-1.533
-3.129,-1.343
2.767,-1.354
2.683,-1.501
2.538,-1.314
2.488,-1.501
2.41,-1.592
2.376,-1.546
2.441,-1.383
2.057,-1.252
1.984,-1.578
1.715,2.975
1.675,3.003
1.035,2.994
0.761,2.941
0.375,3.085
0.279,2.895
0.044,2.714
-0.789,3.082
-0.778,3.089
-1.183,2.786
-1.117,2.97
-1.352,2.966
-1.381,3.106
-1.663,2.813
-2.385,2.951
-2.393,3.11
-2.889,2.957
3.048,2.787
2.789,2.88
2.063,3.168
2.054,2.846
1.919,2.439
1.74,-1.013
0.14,2.305
-0.148,0.116
-1.765,2.332
-1.811,-0.454
2.466,1.555
1.335,-1.462
0.87,-1.56
3.049,-1.301
2.084,2.62
2.049,-0.12
1.859,2.423
1.936,-0.701
1.901,0.238
1.683,0.648
1.693,1.183
1.638,1.204
1.51,2.583
1.601,1.612
1.481,2.274
1.383,-0.077
1.516,1.35
1.428,1.291
1.172,1.411
1.305,2.241
1.135,0.755
1.185,0.855
1.196,0.364
1.047,-1.054
1.099,-0.387
1.061,1.087
1.067,0.786
0.858,-1.212
0.861,-1.073
0.832,1.451
0.83,0.571
0.909,1.262
0.317,-0.19
0.158,1.273
0.294,1.09
0.268,-0.106
0.11,-1.119
0.047,-1.065
0.044,2.552
-0.035,-0.034
-0.099,1.435
-0.184,-0.961
-0.238,0.459
-0.119,0.874
-0.33,-0.422
-0.198,1.447
-0.257,0.448
-0.372,1.568
-0.427,-0.839
-0.64,-0.81
-0.672,0.058
-0.599,2.683
-0.768,-0.018
-0.685,0.95
-1.021,1.46
-1.174,1.141
-1.122,-1.285
-1.127,2.234
-1.163,0.771
-1.312,-0.087
-1.384,-1.154
-1.411,2.013
-1.285,1.773
-1.366,1.905
-1.545,2.66
-1.616,2.129
-1.514,0.629
-1.513,-0.023
-1.637,-1.108
-1.735,-0.945
-1.728,0.559
-1.745,-0.144
-1.79,1.418
-2.001,0.27
-2.039,0.972
-2.399,-0.549
-2.43,-1.018
-2.363,2.696
-2.367,-0.79
-2.675,-0.105
-2.831,1.508
-2.908,-0.815
-3.019,1.554
-2.907,-0.032
-2.916,0.806
-3.035,1.362
3.012,1.201
2.985,1.192
2.822,-0.162
2.785,0.866
2.554,0.496
2.511,-0.993
2.419,0.349
2.297,1.131
2.242,0.128
2.308,-0.045
2.16,1.884
2.215,-0.086
2.014,-0.359
1.837,-1.586
1.796,-1.458
1.348,-1.426
0.778,-1.254
0.498,-1.525
0.372,-1.35
0.269,-1.381
-0.252,-1.593
-0.225,-1.474
-0.257,-1.755
-0.358,-1.621
-0.378,-1.62
-1.68,-1.436
-2.598,-1.62
3.097,-1.364
2.854,-1.747
2.65,-1.468
2.437,-1.591
2.419,-1.419
2.2,-1.324
2.217,-1.482
2.137,-1.455
1.993,2.958
1.769,2.902
1.42,2.917
1.512,3.006
1.18,2.858
1.068,2.965
1.027,2.993
0.937,2.645
-0.029,2.782
-0.315,2.931
-0.357,3.034
-0.547,2.729
-0.955,2.875
-0.843,2.747
-1.403,3.03
-2.313,2.774
-2.846,2.902
2.699,3.054
2.578,2.709
2.454,2.968
1.132,1.823
1.009,0.222
-0.052,1.882
-1.811,0.86
-2.196,0.192
2.706,0.203
1.213,1.625
-0.051,0.931
-0.552,0.076
-1.03,0.927
-2.023,0.931
-2.203,0.927
-2.341,1.663
2.742,2.343
2.495,1.644
-1.474,-0.345
2.803,-0.567
2.029,1.079
-1.425,-1.568
-2.533,-1.004
2.639,-0.967
-1.889,-1.734
-1.862,-1.118
0.07,-1.154
0.054,-1.526
-0.032,-0.563
-0.013,-0.957
-0.1,1.058
-0.15,-0.933
-0.104,0.577
-0.178,-1.283
-0.127,-1.133
-0.2,-0.562
-0.181,1.319
-0.291,-0.475
-0.298,-1.081
-0.336,-1.307
-0.404,-1.399
-0.359,-1.92
-0.52,-0.907
-0.534,-0.682
-0.482,-0.706
-0.584,0.107
-0.639,1.227
-0.69,-0.943
-0.778,-2.299
-0.711,-0.669
-0.843,-2.16
-0.792,0.953
-0.865,-1.932
-0.938,1.365
-0.948,1.235
-0.869,-1.756
-1.024,0.4
-1.102,-2.51
-1.049,-1.151
-1.093,-0.33
-1.081,-2.283
-1.083,-1.251
-1.202,-1.696
-1.307,-0.908
-1.363,-1.626
-1.374,1.43
-1.38,1.121
-1.548,1.386
-1.481,0.008
-1.481,-1.395
-1.595,-2.56
-1.542,1.482
-1.538,-0.284
-1.642,-1.57
-1.634,-2.446
-1.659,-0.728
-1.61,0.642
-1.652,-2.185
-1.685,-1.792
-1.778,-1.467
-1.722,1.383
-1.718,1.252
-1.764,1.353
-1.846,-1.64
-1.797,0.118
-1.928,-0.634
-1.931,-1.147
-1.908,0.953
-2.049,0.985
-2.068,-0.372
-2.066,-1.857
-2.021,-0.899
-2.025,-0.582
-2.07,-1.361
-2.045,-2.435
-2.097,0.977
-2.043,0.99
-2.083,-0.572
-2.149,-0.454
-2.111,0.388
-2.095,0.145
-2.269,-0.571
-2.206,-0.956
-2.23,-2.455
-2.332,-1.544
-2.357,0.088
-2.378,1.041
-2.479,-2.223
-2.455,-0.638
-2.484,-2.047
-2.562,-1.587
-2.58,-2.573
-2.64,-0.992
-2.576,0.688
-2.581,0.95
-2.651,-0.665
-2.678,-1.801
-2.627,-2.503
-2.773,-0.278
-2.836,1.235
-2.849,-2.436
-2.783,0.364
-2.82,0.464
-2.919,-2.187
-2.966,-0.573
-3.002,0.6
-3.08,-1.456
3.14,-0.087
3.136,0.201
2.911,-0.228
2.929,-1.5
2.875,-1.692
2.934,0.497
2.763,-2.513
2.689,-1.353
2.549,-1.987
2.617,-0.632
2.498,-1.545
2.482,-1.442
2.36,-0.033
2.415,1.261
2.385,-1.704
2.362,-1.101
2.235,0.014
2.315,-2.43
2.295,0.518
2.196,-1.233
2.148,-0.045
2.111,-1.544
2.155,0.288
2.075,-0.344
2.076,0.639
2.123,-1.42
2.079,-2.246
1.378,-2.614
0.084,-2.902
0.07,-2.642
-0.032,-2.577
-0.606,-2.659
-0.624,-2.807
-0.75,-3.009
-0.923,-3.015
-1.033,-2.838
-1.405,-2.609
-1.556,-2.901
-1.763,-2.732
-1.774,-2.854
-1.9,-2.883
-1.977,-2.67
-2.219,-2.844
-2.335,-2.96
-2.386,-2.81
-3.114,-2.62
2.782,-2.631
2.698,-2.778
2.553,-2.591
2.503,-2.778
2.425,-2.869
2.391,-2.823
2.456,-2.66
2.072,-2.529
1.999,-2.855
1.73,1.698
1.69,1.726
1.05,1.717
0.776,1.664
0.39,1.808
0.294,1.618
0.059,1.437
-0.774,1.805
-0.763,1.812
-1.168,1.509
-1.102,1.693
-1.337,1.689
-1.366,1.829
-1.648,1.536
-2.37,1.674
-2.378,1.833
-2.874,1.68
3.063,1.51
2.804,1.603
2.078,1.891
2.069,1.569
1.934,1.162
1.755,-2.29
0.155,1.028
-0.133,-1.161
-1.75,1.055
-1.796,-1.731
2.481,0.278
1.35,-2.739
0.885,-2.837
3.064,-2.578
2.099,1.343
2.064,-1.397
1.874,1.146
1.951,-1.978
1.916,-1.039
1.698,-0.629
1.708,-0.094
1.653,-0.073
1.525,1.306
1.616,0.335
1.496,0.997
1.398,-1.354
1.531,0.073
1.443,0.014
1.187,0.134
1.32,0.964
1.15,-0.522
1.2,-0.422
1.211,-0.913
1.062,-2.331
1.114,-1.664
1.076,-0.19
1.082,-0.491
0.873,-2.489
0.876,-2.35
0.847,0.174
0.845,-0.706
0.924,-0.015
0.332,-1.467
0.173,-0.004
0.309,-0.187
0.283,-1.383
0.125,-2.396
0.062,-2.342
0.059,1.275
-0.02,-1.311
-0.084,0.158
-0.169,-2.238
-0.223,-0.818
-0.104,-0.403
-0.315,-1.699
-0.183,0.17
-0.242,-0.829
-0.357,0.291
-0.412,-2.116
-0.625,-2.087
-0.657,-1.219
-0.584,1.406
-0.753,-1.295
-0.67,-0.327
-1.006,0.183
-1.159,-0.136
-1.107,-2.562
-1.112,0.957
-1.148,-0.506
-1.297,-1.364
-1.369,-2.431
-1.396,0.736
-1.27,0.496
-1.351,0.628
-1.53,1.383
-1.601,0.852
-1.499,-0.648
-1.498,-1.3
-1.622,-2.385
-1.72,-2.222
-1.713,-0.718
-1.73,-1.421
-1.775,0.141
-1.986,-1.007
-2.024,-0.305
-2.384,-1.826
-2.415,-2.295
-2.348,1.419
-2.352,-2.067
-2.66,-1.382
-2.816,0.231
-2.893,-2.092
-3.004,0.277
-2.892,-1.309
-2.901,-0.471
-3.02,0.085
3.027,-0.076
3.0,-0.085
2.837,-1.439
2.8,-0.411
2.569,-0.781
2.526,-2.27
2.434,-0.928
2.312,-0.146
2.257,-1.149
2.323,-1.322
2.175,0.607
2.23,-1.363
2.029,-1.636
1.852,-2.863
1.811,-2.735
1.363,-2.703
0.793,-2.531
0.513,-2.802
0.387,-2.627
0.284,-2.658
-0.237,-2.87
-0.21,-2.751
-0.242,-3.032
-0.343,-2.898
-0.363,-2.897
-1.665,-2.713
-2.583,-2.897
3.112,-2.641
2.869,-3.024
2.665,-2.745
2.452,-2.868
2.434,-2.696
2.215,-2.601
2.232,-2.759
2.152,-2.732
2.008,1.681
1.784,1.625
1.435,1.64
1.527,1.729
1.195,1.581
1.083,1.688
1.042,1.716
0.952,1.368
-0.014,1.505
-0.3,1.654
-0.342,1.757
-0.532,1.452
-0.94,1.598
-0.828,1.47
-1.388,1.753
-2.298,1.497
-2.831,1.625
2.714,1.777
2.593,1.432
2.469,1.691
1.147,0.546
1.024,-1.055
-0.037,0.605
-1.796,-0.417
-2.181,-1.085
2.721,-1.074
1.228,0.348
-0.036,-0.346
-0.537,-1.201
-1.015,-0.35
-2.008,-0.346
-2.188,-0.35
-2.326,0.386
2.757,1.066
2.51,0.367
-1.459,-1.622
2.818,-1.844
2.044,-0.198
-1.41,-2.845
-2.518,-2.281
2.654,-2.244
-1.874,-3.011
-1.847,-2.395
-0.016,-0.372
-0.102,0.591
-0.083,0.197
-0.17,2.212
-0.22,0.221
-0.174,1.731
-0.248,-0.129
-0.197,0.021
-0.27,0.592
-0.251,2.473
-0.361,0.679
-0.368,0.073
-0.406,-0.153
-0.474,-0.245
-0.429,-0.766
-0.59,0.247
-0.604,0.472
-0.552,0.448
-0.654,1.261
-0.709,2.381
-0.76,0.211
-0.848,-1.145
-0.781,0.485
-0.913,-1.006
-0.862,2.107
-0.935,-0.778
-1.008,2.519
-1.018,2.389
-0.939,-0.602
-1.094,1.554
-1.172,-1.356
-1.119,0.003
-1.163,0.824
-1.151,-1.129
-1.153,-0.097
-1.272,-0.542
-1.377,0.246
-1.433,-0.472
-1.444,2.584
-1.45,2.275
-1.618,2.54
-1.551,1.162
-1.551,-0.241
-1.665,-1.406
-1.612,2.636
-1.608,0.87
-1.712,-0.416
-1.704,-1.292
-1.729,0.426
-1.68,1.796
-1.722,-1.031
-1.755,-0.638
-1.848,-0.313
-1.792,2.537
-1.788,2.406
-1.834,2.507
-1.916,-0.486
-1.867,1.272
-1.998,0.52
-2.001,0.007
-1.978,2.107
-2.119,2.139
-2.138,0.782
-2.136,-0.703
-2.091,0.255
-2.095,0.572
-2.14,-0.207
-2.115,-1.281
-2.167,2.131
-2.113,2.144
-2.153,0.582
-2.219,0.7
-2.181,1.542
-2.165,1.299
-2.339,0.583
-2.276,0.198
-2.3,-1.301
-2.402,-0.39
-2.427,1.242
-2.448,2.195
-2.549,-1.069
-2.525,0.516
-2.554,-0.893
-2.632,-0.433
-2.65,-1.419
-2.71,0.162
-2.646,1.842
-2.651,2.104
-2.721,0.489
-2.748,-0.647
-2.697,-1.349
-2.843,0.876
-2.906,2.389
-2.919,-1.282
-2.853,1.518
-2.89,1.618
-2.989,-1.033
-3.036,0.581
-3.072,1.754
3.133,-0.302
3.07,1.067
3.066,1.355
2.841,0.926
2.859,-0.346
2.805,-0.538
2.864,1.651
2.693,-1.359
2.619,-0.199
2.479,-0.833
2.547,0.522
2.428,-0.391
2.412,-0.288
2.29,1.121
2.345,2.415
2.315,-0.55
2.292,0.053
2.165,1.168
2.245,-1.276
2.225,1.672
2.126,-0.079
2.078,1.109
2.041,-0.39
2.085,1.442
2.005,0.81
2.006,1.793
2.053,-0.266
2.009,-1.092
1.308,-1.46
0.014,-1.748
0.0,-1.488
-0.102,-1.423
-0.676,-1.505
-0.694,-1.653
-0.82,-1.855
-0.993,-1.861
-1.103,-1.684
-1.475,-1.455
-1.626,-1.747
-1.833,-1.578
-1.844,-1.7
-1.97,-1.729
-2.047,-1.516
-2.289,-1.69
-2.405,-1.806
-2.456,-1.656
3.099,-1.466
2.712,-1.477
2.628,-1.624
2.483,-1.437
2.433,-1.624
2.355,-1.715
2.321,-1.669
2.386,-1.506
2.002,-1.375
1.929,-1.701
1.66,2.852
1.62,2.88
0.98,2.871
0.706,2.818
0.32,2.962
0.224,2.772
-0.011,2.591
-0.844,2.959
-0.833,2.966
-1.238,2.663
-1.172,2.847
-1.407,2.843
-1.436,2.983
-1.718,2.69
-2.44,2.828
-2.448,2.987
-2.944,2.834
2.993,2.664
2.734,2.757
2.008,3.045
1.999,2.723
1.864,2.316
1.685,-1.136
0.085,2.182
-0.203,-0.007
-1.82,2.209
-1.866,-0.577
2.411,1.432
1.28,-1.585
0.815,-1.683
2.994,-1.424
2.029,2.497
1.994,-0.243
1.804,2.3
1.881,-0.824
1.846,0.115
1.628,0.525
1.638,1.06
1.583,1.081
1.455,2.46
1.546,1.489
1.426,2.151
1.328,-0.2
1.461,1.227
1.373,1.168
1.117,1.288
1.25,2.118
1.08,0.632
1.13,0.732
1.141,0.241
0.992,-1.177
1.044,-0.51
1.006,0.964
1.012,0.663
0.803,-1.335
0.806,-1.196
0.777,1.328
0.775,0.448
0.854,1.139
0.262,-0.313
0.103,1.15
0.239,0.967
0.213,-0.229
0.055,-1.242
-0.008,-1.188
-0.011,2.429
-0.09,-0.157
-0.154,1.312
-0.239,-1.084
-0.293,0.336
-0.174,0.751
-0.385,-0.545
-0.253,1.324
-0.312,0.325
-0.427,1.445
-0.482,-0.962
-0.695,-0.933
-0.727,-0.065
-0.654,2.56
-0.823,-0.141
-0.74,0.827
-1.076,1.337
-1.229,1.018
-1.177,-1.408
-1.182,2.111
-1.218,0.648
-1.367,-0.21
-1.439,-1.277
-1.466,1.89
-1.34,1.65
-1.421,1.782
-1.6,2.537
-1.671,2.006
-1.569,0.506
-1.568,-0.146
-1.692,-1.231
-1.79,-1.068
-1.783,0.436
-1.8,-0.267
-1.845,1.295
-2.056,0.147
-2.094,0.849
-2.454,-0.672
-2.485,-1.141
-2.418,2.573
-2.422,-0.913
-2.73,-0.228
-2.886,1.385
-2.963,-0.938
-3.074,1.431
-2.962,-0.155
-2.971,0.683
-3.09,1.239
2.957,1.078
2.93,1.069
2.767,-0.285
2.73,0.743
2.499,0.373
2.456,-1.116
2.364,0.226
2.242,1.008
2.187,0.005
2.253,-0.168
2.105,1.761
2.16,-0.209
1.959,-0.482
1.782,-1.709
1.741,-1.581
1.293,-1.549
0.723,-1.377
0.443,-1.648
0.317,-1.473
0.214,-1.504
-0.307,-1.716
-0.28,-1.597
-0.312,-1.878
-0.413,-1.744
-0.433,-1.743
-1.735,-1.559
-2.653,-1.743
3.042,-1.487
2.799,-1.87
2.595,-1.591
2.382,-1.714
2.364,-1.542
2.145,-1.447
2.162,-1.605
2.082,-1.578
1.938,2.835
1.714,2.779
1.365,2.794
1.457,2.883
1.125,2.735
1.013,2.842
0.972,2.87
0.882,2.522
-0.084,2.659
-0.37,2.808
-0.412,2.911
-0.602,2.606
-1.01,2.752
-0.898,2.624
-1.458,2.907
-2.368,2.651
-2.901,2.779
2.644,2.931
2.523,2.586
2.399,2.845
1.077,1.7
0.954,0.099
-0.107,1.759
-1.866,0.737
-2.251,0.069
2.651,0.08
1.158,1.502
-0.106,0.808
-0.607,-0.047
-1.085,0.804
-2.078,0.808
-2.258,0.804
-2.396,1.54
2.687,2.22
2.44,1.521
-1.529,-0.468
2.748,-0.69
1.974,0.956
-1.48,-1.691
-2.588,-1.127
2.584,-1.09
-1.944,-1.857
-1.917,-1.241
-0.086,0.963
-0.067,0.569
-0.154,2.584
-0.204,0.593
-0.158,2.103
-0.232,0.243
-0.181,0.393
-0.254,0.964
-0.235,2.845
-0.345,1.051
-0.352,0.445
-0.39,0.219
-0.458,0.127
-0.413,-0.394
-0.574,0.619
-0.588,0.844
-0.536,0.82
-0.638,1.633
-0.693,2.753
-0.744,0.583
-0.832,-0.773
-0.765,0.857
-0.897,-0.634
-0.846,2.479
-0.919,-0.406
-0.992,2.891
-1.002,2.761
-0.923,-0.23
-1.078,1.926
-1.156,-0.984
-1.103,0.375
-1.147,1.196
-1.135,-0.757
-1.137,0.275
-1.256,-0.17
-1.361,0.618
-1.417,-0.1
-1.428,2.956
-1.434,2.647
-1.602,2.912
-1.535,1.534
-1.535,0.131
-1.649,-1.034
-1.596,3.008
-1.592,1.242
-1.696,-0.044
-1.688,-0.92
-1.713,0.798
-1.664,2.168
-1.706,-0.659
-1.739,-0.266
-1.832,0.059
-1.776,2.909
-1.772,2.778
-1.818,2.879
-1.9,-0.114
-1.851,1.644
-1.982,0.892
-1.985,0.379
-1.962,2.479
-2.103,2.511
-2.122,1.154
-2.12,-0.331
-2.075,0.627
-2.079,0.944
-2.124,0.165
-2.099,-0.909
-2.151,2.503
-2.097,2.516
-2.137,0.954
-2.203,1.072
-2.165,1.914
-2.149,1.671
-2.323,0.955
-2.26,0.57
-2.284,-0.929
-2.386,-0.018
-2.411,1.614
-2.432,2.567
-2.533,-0.697
-2.509,0.888
-2.538,-0.521
-2.616,-0.061
-2.634,-1.047
-2.694,0.534
-2.63,2.214
-2.635,2.476
-2.705,0.861
-2.732,-0.275
-2.681,-0.977
-2.827,1.248
-2.89,2.761
-2.903,-0.91
-2.837,1.89
-2.874,1.99
-2.973,-0.661
-3.02,0.953
-3.056,2.126
-3.134,0.07
3.086,1.439
3.082,1.727
2.857,1.298
2.875,0.026
2.821,-0.166
2.88,2.023
2.709,-0.987
2.635,0.173
2.495,-0.461
2.563,0.894
2.444,-0.019
2.428,0.084
2.306,1.493
2.361,2.787
2.331,-0.178
2.308,0.425
2.181,1.54
2.261,-0.904
2.241,2.044
2.142,0.293
2.094,1.481
2.057,-0.018
2.101,1.814
2.021,1.182
2.022,2.165
2.069,0.106
2.025,-0.72
1.324,-1.088
0.03,-1.376
0.016,-1.116
-0.086,-1.051
-0.66,-1.133
-0.678,-1.281
-0.804,-1.483
-0.977,-1.489
-1.087,-1.312
-1.459,-1.083
-1.61,-1.375
-1.817,-1.206
-1.828,-1.328
-1.954,-1.357
-2.031,-1.144
-2.273,-1.318
-2.389,-1.434
-2.44,-1.284
3.115,-1.094
2.728,-1.105
2.644,-1.252
2.499,-1.065
2.449,-1.252
2.371,-1.343
2.337,-1.297
2.402,-1.134
2.018,-1.003
1.945,-1.329
1.676,3.224
1.636,3.252
0.996,3.243
0.722,3.19
0.336,3.334
0.24,3.144
0.005,2.963
-0.828,3.331
-0.817,3.338
-1.222,3.035
-1.156,3.219
-1.391,3.215
-1.42,3.355
-1.702,3.062
-2.424,3.2
-2.432,3.359
-2.928,3.206
3.009,3.036
2.75,3.129
2.024,3.417
2.015,3.095
1.88,2.688
1.701,-0.764
0.101,2.554
-0.187,0.365
-1.804,2.581
-1.85,-0.205
2.427,1.804
1.296,-1.213
0.831,-1.311
3.01,-1.052
2.045,2.869
2.01,0.129
1.82,2.672
1.897,-0.452
1.862,0.487
1.644,0.897
1.654,1.432
1.599,1.453
1.471,2.832
1.562,1.861
1.442,2.523
1.344,0.172
1.477,1.599
1.389,1.54
1.133,1.66
1.266,2.49
1.096,1.004
1.146,1.104
1.157,0.613
1.008,-0.805
1.06,-0.138
1.022,1.336
1.028,1.035
0.819,-0.963
0.822,-0.824
0.793,1.7
0.791,0.82
0.87,1.511
0.278,0.059
0.119,1.522
0.255,1.339
0.229,0.143
0.071,-0.87
0.008,-0.816
0.005,2.801
-0.074,0.215
-0.138,1.684
-0.223,-0.712
-0.277,0.708
-0.158,1.123
-0.369,-0.173
-0.237,1.696
-0.296,0.697
-0.411,1.817
-0.466,-0.59
-0.679,-0.561
-0.711,0.307
-0.638,2.932
-0.807,0.231
-0.724,1.199
-1.06,1.709
-1.213,1.39
-1.161,-1.036
-1.166,2.483
-1.202,1.02
-1.351,0.162
-1.423,-0.905
-1.45,2.262
-1.324,2.022
-1.405,2.154
-1.584,2.909
-1.655,2.378
-1.553,0.878
-1.552,0.226
-1.676,-0.859
-1.774,-0.696
-1.767,0.808
-1.784,0.105
-1.829,1.667
-2.04,0.519
-2.078,1.221
-2.438,-0.3
-2.469,-0.769
-2.402,2.945
-2.406,-0.541
-2.714,0.144
-2.87,1.757
-2.947,-0.566
-3.058,1.803
-2.946,0.217
-2.955,1.055
-3.074,1.611
2.973,1.45
2.946,1.441
2.783,0.087
2.746,1.115
2.515,0.745
2.472,-0.744
2.38,0.598
2.258,1.38
2.203,0.377
2.269,0.204
2.121,2.133
2.176,0.163
1.975,-0.11
1.798,-1.337
1.757,-1.209
1.309,-1.177
0.739,-1.005
0.459,-1.276
0.333,-1.101
0.23,-1.132
-0.291,-1.344
-0.264,-1.225
-0.296,-1.506
-0.397,-1.372
-0.417,-1.371
-1.719,-1.187
-2.637,-1.371
3.058,-1.115
2.815,-1.498
2.611,-1.219
2.398,-1.342
2.38,-1.17
2.161,-1.075
2.178,-1.233
2.098,-1.206
1.954,3.207
1.73,3.151
1.381,3.166
1.473,3.255
1.141,3.107
1.029,3.214
0.988,3.242
0.898,2.894
-0.068,3.031
-0.354,3.18
-0.396,3.283
-0.586,2.978
-0.994,3.124
-0.882,2.996
-1.442,3.279
-2.352,3.023
-2.885,3.151
2.66,3.303
2.539,2.958
2.415,3.217
1.093,2.072
0.97,0.471
-0.091,2.131
-1.85,1.109
-2.235,0.441
2.667,0.452
1.174,1.874
-0.09,1.18
-0.591,0.325
-1.069,1.176
-2.062,1.18
-2.242,1.176
-2.38,1.912
2.703,2.592
2.456,1.893
-1.513,-0.096
2.764,-0.318
1.99,1.328
-1.464,-1.319
-2.572,-0.755
2.6,-0.718
-1.928,-1.485
-1.901,-0.869
0.019,-0.394
-0.068,1.621
-0.118,-0.37
-0.072,1.14
-0.146,-0.72
-0.095,-0.57
-0.168,0.001
-0.149,1.882
-0.259,0.088
-0.266,-0.518
-0.304,-0.744
-0.372,-0.836
-0.327,-1.357
-0.488,-0.344
-0.502,-0.119
-0.45,-0.143
-0.552,0.67
-0.607,1.79
-0.658,-0.38
-0.746,-1.736
-0.679,-0.106
-0.811,-1.597
-0.76,1.516
-0.833,-1.369
-0.906,1.928
-0.916,1.798
-0.837,-1.193
-0.992,0.963
-1.07,-1.947
-1.017,-0.588
-1.061,0.233
-1.049,-1.72
-1.051,-0.688
-1.17,-1.133
-1.275,-0.345
-1.331,-1.063
-1.342,1.993
-1.348,1.684
-1.516,1.949
-1.449,0.571
-1.449,-0.832
-1.563,-1.997
-1.51,2.045
-1.506,0.279
-1.61,-1.007
-1.602,-1.883
-1.627,-0.165
-1.578,1.205
-1.62,-1.622
-1.653,-1.229
-1.746,-0.904
-1.69,1.946
-1.686,1.815
-1.732,1.916
-1.814,-1.077
-1.765,0.681
-1.896,-0.071
-1.899,-0.584
-1.876,1.516
-2.017,1.548
-2.036,0.191
-2.034,-1.294
-1.989,-0.336
-1.993,-0.019
-2.038,-0.798
-2.013,-1.872
-2.065,1.54
-2.011,1.553
-2.051,-0.009
-2.117,0.109
-2.079,0.951
-2.063,0.708
-2.237,-0.008
-2.174,-0.393
-2.198,-1.892
-2.3,-0.981
-2.325,0.651
-2.346,1.604
-2.447,-1.66
-2.423,-0.075
-2.452,-1.484
-2.53,-1.024
-2.548,-2.01
-2.608,-0.429
-2.544,1.251
-2.549,1.513
-2.619,-0.102
-2.646,-1.238
-2.595,-1.94
-2.741,0.285
-2.804,1.798
-2.817,-1.873
-2.751,0.927
-2.788,1.027
-2.887,-1.624
-2.934,-0.01
-2.97,1.163
-3.048,-0.893
-3.111,0.476
-3.115,0.764
2.943,0.335
2.961,-0.937
2.907,-1.129
2.966,1.06
2.795,-1.95
2.721,-0.79
2.581,-1.424
2.649,-0.069
2.53,-0.982
2.514,-0.879
2.392,0.53
2.447,1.824
2.417,-1.141
2.394,-0.538
2.267,0.577
2.347,-1.867
2.327,1.081
2.228,-0.67
2.18,0.518
2.143,-0.981
2.187,0.851
2.107,0.219
2.108,1.202
2.155,-0.857
2.111,-1.683
1.41,-2.051
0.116,-2.339
0.102,-2.079
0.0,-2.014
-0.574,-2.096
-0.592,-2.244
-0.718,-2.446
-0.891,-2.452
-1.001,-2.275
-1.373,-2.046
-1.524,-2.338
-1.731,-2.169
-1.742,-2.291
-1.868,-2.32
-1.945,-2.107
-2.187,-2.281
-2.303,-2.397
-2.354,-2.247
-3.082,-2.057
2.814,-2.068
2.73,-2.215
2.585,-2.028
2.535,-2.215
2.457,-2.306
2.423,-2.26
2.488,-2.097
2.104,-1.966
2.031,-2.292
1.762,2.261
1.722,2.289
1.082,2.28
0.808,2.227
0.422,2.371
0.326,2.181
0.091,2.0
-0.742,2.368
-0.731,2.375
-1.136,2.072
-1.07,2.256
-1.305,2.252
-1.334,2.392
-1.616,2.099
-2.338,2.237
-2.346,2.396
-2.842,2.243
3.095,2.073
2.836,2.166
2.11,2.454
2.101,2.132
1.966,1.725
1.787,-1.727
0.187,1.591
-0.101,-0.598
-1.718,1.618
-1.764,-1.168
2.513,0.841
1.382,-2.176
0.917,-2.274
3.096,-2.015
2.131,1.906
2.096,-0.834
1.906,1.709
1.983,-1.415
1.948,-0.476
1.73,-0.066
1.74,0.469
1.685,0.49
1.557,1.869
1.648,0.898
1.528,1.56
1.43,-0.791
1.563,0.636
1.475,0.577
1.219,0.697
1.352,1.527
1.182,0.041
1.232,0.141
1.243,-0.35
1.094,-1.768
1.146,-1.101
1.108,0.373
1.114,0.072
0.905,-1.926
0.908,-1.787
0.879,0.737
0.877,-0.143
0.956,0.548
0.364,-0.904
0.205,0.559
0.341,0.376
0.315,-0.82
0.157,-1.833
0.094,-1.779
0.091,1.838
0.012,-0.748
-0.052,0.721
-0.137,-1.675
-0.191,-0.255
-0.072,0.16
-0.283,-1.136
-0.151,0.733
-0.21,-0.266
-0.325,0.854
-0.38,-1.553
-0.593,-1.524
-0.625,-0.656
-0.552,1.969
-0.721,-0.732
-0.638,0.236
-0.974,0.746
-1.127,0.427
-1.075,-1.999
-1.08,1.52
-1.116,0.057
-1.265,-0.801
-1.337,-1.868
-1.364,1.299
-1.238,1.059
-1.319,1.191
-1.498,1.946
-1.569,1.415
-1.467,-0.085
-1.466,-0.737
-1.59,-1.822
-1.688,-1.659
-1.681,-0.155
-1.698,-0.858
-1.743,0.704
-1.954,-0.444
-1.992,0.258
-2.352,-1.263
-2.383,-1.732
-2.316,1.982
-2.32,-1.504
-2.628,-0.819
-2.784,0.794
-2.861,-1.529
-2.972,0.84
-2.86,-0.746
-2.869,0.092
-2.988,0.648
3.059,0.487
3.032,0.478
2.869,-0.876
2.832,0.152
2.601,-0.218
2.558,-1.707
2.466,-0.365
2.344,0.417
2.289,-0.586
2.355,-0.759
2.207,1.17
2.262,-0.8
2.061,-1.073
1.884,-2.3
1.843,-2.172
1.395,-2.14
0.825,-1.968
0.545,-2.239
0.419,-2.064
0.316,-2.095
-0.205,-2.307
-0.178,-2.188
-0.21,-2.469
-0.311,-2.335
-0.331,-2.334
-1.633,-2.15
-2.551,-2.334
-3.139,-2.078
2.901,-2.461
2.697,-2.182
2.484,-2.305
2.466,-2.133
2.247,-2.038
2.264,-2.196
2.184,-2.169
2.04,2.244
1.816,2.188
1.467,2.203
1.559,2.292
1.227,2.144
1.115,2.251
1.074,2.279
0.984,1.931
0.018,2.068
-0.268,2.217
-0.31,2.32
-0.5,2.015
-0.908,2.161
-0.796,2.033
-1.356,2.316
-2.266,2.06
-2.799,2.188
2.746,2.34
2.625,1.995
2.501,2.254
1.179,1.109
1.056,-0.492
-0.005,1.168
-1.764,0.146
-2.149,-0.522
2.753,-0.511
1.26,0.911
-0.004,0.217
-0.505,-0.638
-0.983,0.213
-1.976,0.217
-2.156,0.213
-2.294,0.949
2.789,1.629
2.542,0.93
-1.427,-1.059
2.85,-1.281
2.076,0.365
-1.378,-2.282
-2.486,-1.718
2.686,-1.681
-1.842,-2.448
-1.815,-1.832
-0.087,2.015
-0.137,0.024
-0.091,1.534
-0.165,-0.326
-0.114,-0.176
-0.187,0.395
-0.168,2.276
-0.278,0.482
-0.285,-0.124
-0.323,-0.35
-0.391,-0.442
-0.346,-0.963
-0.507,0.05
-0.521,0.275
-0.469,0.251
-0.571,1.064
-0.626,2.184
-0.677,0.014
-0.765,-1.342
-0.698,0.288
-0.83,-1.203
-0.779,1.91
-0.852,-0.975
-0.925,2.322
-0.935,2.192
-0.856,-0.799
-1.011,1.357
-1.089,-1.553
-1.036,-0.194
-1.08,0.627
-1.068,-1.326
-1.07,-0.294
-1.189,-0.739
-1.294,0.049
-1.35,-0.669
-1.361,2.387
-1.367,2.078
-1.535,2.343
-1.468,0.965
-1.468,-0.438
-1.582,-1.603
-1.529,2.439
-1.525,0.673
-1.629,-0.613
-1.621,-1.489
-1.646,0.229
-1.597,1.599
-1.639,-1.228
-1.672,-0.835
-1.765,-0.51
-1.709,2.34
-1.705,2.209
-1.751,2.31
-1.833,-0.683
-1.784,1.075
-1.915,0.323
-1.918,-0.19
-1.895,1.91
-2.036,1.942
-2.055,0.585
-2.053,-0.9
-2.008,0.058
-2.012,0.375
-2.057,-0.404
-2.032,-1.478
-2.084,1.934
-2.03,1.947
-2.07,0.385
-2.136,0.503
-2.098,1.345
-2.082,1.102
-2.256,0.386
-2.193,0.001
-2.217,-1.498
-2.319,-0.587
-2.344,1.045
-2.365,1.998
-2.466,-1.266
-2.442,0.319
-2.471,-1.09
-2.549,-0.63
-2.567,-1.616
-2.627,-0.035
-2.563,1.645
-2.568,1.907
-2.638,0.292
-2.665,-0.844
-2.614,-1.546
-2.76,0.679
-2.823,2.192
-2.836,-1.479
-2.77,1.321
-2.807,1.421
-2.906,-1.23
-2.953,0.384
-2.989,1.557
-3.067,-0.499
-3.13,0.87
-3.134,1.158
2.924,0.729
2.942,-0.543
2.888,-0.735
2.947,1.454
2.776,-1.556
2.702,-0.396
2.562,-1.03
2.63,0.325
2.511,-0.588
2.495,-0.485
2.373,0.924
2.428,2.218
2.398,-0.747
2.375,-0.144
2.248,0.971
2.328,-1.473
2.308,1.475
2.209,-0.276
2.161,0.912
2.124,-0.587
2.168,1.245
2.088,0.613
2.089,1.596
2.136,-0.463
2.092,-1.289
1.391,-1.657
0.097,-1.945
0.083,-1.685
-0.019,-1.62
-0.593,-1.702
-0.611,-1.85
-0.737,-2.052
-0.91,-2.058
-1.02,-1.881
-1.392,-1.652
-1.543,-1.944
-1.75,-1.775
-1.761,-1.897
-1.887,-1.926
-1.964,-1.713
-2.206,-1.887
-2.322,-2.003
-2.373,-1.853
-3.101,-1.663
2.795,-1.674
2.711,-1.821
2.566,-1.634
2.516,-1.821
2.438,-1.912
2.404,-1.866
2.469,-1.703
2.085,-1.572
2.012,-1.898
1.743,2.655
1.703,2.683
1.063,2.674
0.789,2.621
0.403,2.765
0.307,2.575
0.072,2.394
-0.761,2.762
-0.75,2.769
-1.155,2.466
-1.089,2.65
-1.324,2.646
-1.353,2.786
-1.635,2.493
-2.357,2.631
-2.365,2.79
-2.861,2.637
3.076,2.467
2.817,2.56
2.091,2.848
2.082,2.526
1.947,2.119
1.768,-1.333
0.168,1.985
-0.12,-0.204
-1.737,2.012
-1.783,-0.774
2.494,1.235
1.363,-1.782
0.898,-1.88
3.077,-1.621
2.112,2.3
2.077,-0.44
1.887,2.103
1.964,-1.021
1.929,-0.082
1.711,0.328
1.721,0.863
1.666,0.884
1.538,2.263
1.629,1.292
1.509,1.954
1.411,-0.397
1.544,1.03
1.456,0.971
1.2,1.091
1.333,1.921
1.163,0.435
1.213,0.535
1.224,0.044
1.075,-1.374
1.127,-0.707
1.089,0.767
1.095,0.466
0.886,-1.532
0.889,-1.393
0.86,1.131
0.858,0.251
0.937,0.942
0.345,-0.51
0.186,0.953
0.322,0.77
0.296,-0.426
0.138,-1.439
0.075,-1.385
0.072,2.232
-0.007,-0.354
-0.071,1.115
-0.156,-1.281
-0.21,0.139
-0.091,0.554
-0.302,-0.742
-0.17,1.127
-0.229,0.128
-0.344,1.248
-0.399,-1.159
-0.612,-1.13
-0.644,-0.262
-0.571,2.363
-0.74,-0.338
-0.657,0.63
-0.993,1.14
-1.146,0.821
-1.094,-1.605
-1.099,1.914
-1.135,0.451
-1.284,-0.407
-1.356,-1.474
-1.383,1.693
-1.257,1.453
-1.338,1.585
-1.517,2.34
-1.588,1.809
-1.486,0.309
-1.485,-0.343
-1.609,-1.428
-1.707,-1.265
-1.7,0.239
-1.717,-0.464
-1.762,1.098
-1.973,-0.05
-2.011,0.652
-2.371,-0.869
-2.402,-1.338
-2.335,2.376
-2.339,-1.11
-2.647,-0.425
-2.803,1.188
-2.88,-1.135
-2.991,1.234
-2.879,-0.352
-2.888,0.486
-3.007,1.042
3.04,0.881
3.013,0.872
2.85,-0.482
2.813,0.546
2.582,0.176
2.539,-1.313
2.447,0.029
2.325,0.811
2.27,-0.192
2.336,-0.365
2.188,1.564
2.243,-0.406
2.042,-0.679
1.865,-1.906
1.824,-1.778
1.376,-1.746
0.806,-1.574
0.526,-1.845
0.4,-1.67
0.297,-1.701
-0.224,-1.913
-0.197,-1.794
-0.229,-2.075
-0.33,-1.941
-0.35,-1.94
-1.652,-1.756
-2.57,-1.94
3.125,-1.684
2.882,-2.067
2.678,-1.788
2.465,-1.911
2.447,-1.739
2.228,-1.644
2.245,-1.802
2.165,-1.775
2.021,2.638
1.797,2.582
1.448,2.597
1.54,2.686
1.208,2.538
1.096,2.645
1.055,2.673
0.965,2.325
-0.001,2.462
-0.287,2.611
-0.329,2.714
-0.519,2.409
-0.927,2.555
-0.815,2.427
-1.375,2.71
-2.285,2.454
-2.818,2.582
2.727,2.734
2.606,2.389
2.482,2.648
1.16,1.503
1.037,-0.098
-0.024,1.562
-1.783,0.54
-2.168,-0.128
2.734,-0.117
1.241,1.305
-0.023,0.611
-0.524,-0.244
-1.002,0.607
-1.995,0.611
-2.175,0.607
-2.313,1.343
2.77,2.023
2.523,1.324
-1.446,-0.665
2.831,-0.887
2.057,0.759
-1.397,-1.888
-2.505,-1.324
2.667,-1.287
-1.861,-2.054
-1.834,-1.438
-0.05,-1.991
-0.004,-0.481
-0.078,-2.341
-0.027,-2.191
-0.1,-1.62
-0.081,0.261
-0.191,-1.533
-0.198,-2.139
-0.236,-2.365
-0.304,-2.457
-0.259,-2.978
-0.42,-1.965
-0.434,-1.74
-0.382,-1.764
-0.484,-0.951
-0.539,0.169
-0.59,-2.001
-0.678,-3.357
-0.611,-1.727
-0.743,-3.218
-0.692,-0.105
-0.765,-2.99
-0.838,0.307
-0.848,0.177
-0.769,-2.814
-0.924,-0.658
-1.002,-3.568
-0.949,-2.209
-0.993,-1.388
-0.981,-3.341
-0.983,-2.309
-1.102,-2.754
-1.207,-1.966
-1.263,-2.684
-1.274,0.372
-1.28,0.063
-1.448,0.328
-1.381,-1.05
-1.381,-2.453
-1.495,-3.618
-1.442,0.424
-1.438,-1.342
-1.542,-2.628
-1.534,-3.504
-1.559,-1.786
-1.51,-0.416
-1.552,-3.243
-1.585,-2.85
-1.678,-2.525
-1.622,0.325
-1.618,0.194
-1.664,0.295
-1.746,-2.698
-1.697,-0.94
-1.828,-1.692
-1.831,-2.205
-1.808,-0.105
-1.949,-0.073
-1.968,-1.43
-1.966,-2.915
-1.921,-1.957
-1.925,-1.64
-1.97,-2.419
-1.945,-3.493
-1.997,-0.081
-1.943,-0.068
-1.983,-1.63
-2.049,-1.512
-2.011,-0.67
-1.995,-0.913
-2.169,-1.629
-2.106,-2.014
-2.13,-3.513
-2.232,-2.602
-2.257,-0.97
-2.278,-0.017
-2.379,-3.281
-2.355,-1.696
-2.384,-3.105
-2.462,-2.645
-2.48,-3.631
-2.54,-2.05
-2.476,-0.37
-2.481,-0.108
-2.551,-1.723
-2.578,-2.859
-2.527,-3.561
-2.673,-1.336
-2.736,0.177
-2.749,-3.494
-2.683,-0.694
-2.72,-0.594
-2.819,-3.245
-2.866,-1.631
-2.902,-0.458
-2.98,-2.514
-3.043,-1.145
-3.047,-0.857
3.011,-1.286
3.029,-2.558
2.975,-2.75
3.034,-0.561
2.863,-3.571
2.789,-2.411
2.649,-3.045
2.717,-1.69
2.598,-2.603
2.582,-2.5
2.46,-1.091
2.515,0.203
2.485,-2.762
2.462,-2.159
2.335,-1.044
2.415,-3.488
2.395,-0.54
2.296,-2.291
2.248,-1.103
2.211,-2.602
2.255,-0.77
2.175,-1.402
2.176,-0.419
2.223,-2.478
2.179,-3.304
1.478,-3.672
0.184,-3.96
0.17,-3.7
0.068,-3.635
-0.506,-3.717
-0.524,-3.865
-0.65,-4.067
-0.823,-4.073
-0.933,-3.896
-1.305,-3.667
-1.456,-3.959
-1.663,-3.79
-1.674,-3.912
-1.8,-3.941
-1.877,-3.728
-2.119,-3.902
-2.235,-4.018
-2.286,-3.868
-3.014,-3.678
2.882,-3.689
2.798,-3.836
2.653,-3.649
2.603,-3.836
2.525,-3.927
2.491,-3.881
2.556,-3.718
2.172,-3.587
2.099,-3.913
1.83,0.64
1.79,0.668
1.15,0.659
0.876,0.606
0.49,0.75
0.394,0.56
0.159,0.379
-0.674,0.747
-0.663,0.754
-1.068,0.451
-1.002,0.635
-1.237,0.631
-1.266,0.771
-1.548,0.478
-2.27,0.616
-2.278,0.775
-2.774,0.622
-3.12,0.452
2.904,0.545
2.178,0.833
2.169,0.511
2.034,0.104
1.855,-3.348
0.255,-0.03
-0.033,-2.219
-1.65,-0.003
-1.696,-2.789
2.581,-0.78
1.45,-3.797
0.985,-3.895
-3.119,-3.636
2.199,0.285
2.164,-2.455
1.974,0.088
2.051,-3.036
2.016,-2.097
1.798,-1.687
1.808,-1.152
1.753,-1.131
1.625,0.248
1.716,-0.723
1.596,-0.061
1.498,-2.412
1.631,-0.985
1.543,-1.044
1.287,-0.924
1.42,-0.094
1.25,-1.58
1.3,-1.48
1.311,-1.971
1.162,-3.389
1.214,-2.722
1.176,-1.248
1.182,-1.549
0.973,-3.547
0.976,-3.408
0.947,-0.884
0.945,-1.764
1.024,-1.073
0.432,-2.525
0.273,-1.062
0.409,-1.245
0.383,-2.441
0.225,-3.454
0.162,-3.4
0.159,0.217
0.08,-2.369
0.016,-0.9
-0.069,-3.296
-0.123,-1.876
-0.004,-1.461
-0.215,-2.757
-0.083,-0.888
-0.142,-1.887
-0.257,-0.767
-0.312,-3.174
-0.525,-3.145
-0.557,-2.277
-0.484,0.348
-0.653,-2.353
-0.57,-1.385
-0.906,-0.875
-1.059,-1.194
-1.007,-3.62
-1.012,-0.101
-1.048,-1.564
-1.197,-2.422
-1.269,-3.489
-1.296,-0.322
-1.17,-0.562
-1.251,-0.43
-1.43,0.325
-1.501,-0.206
-1.399,-1.706
-1.398,-2.358
-1.522,-3.443
-1.62,-3.28
-1.613,-1.776
-1.63,-2.479
-1.675,-0.917
-1.886,-2.065
-1.924,-1.363
-2.284,-2.884
-2.315,-3.353
-2.248,0.361
-2.252,-3.125
-2.56,-2.44
-2.716,-0.827
-2.793,-3.15
-2.904,-0.781
-2.792,-2.367
-2.801,-1.529
-2.92,-0.973
3.127,-1.134
3.1,-1.143
2.937,-2.497
2.9,-1.469
2.669,-1.839
2.626,-3.328
2.534,-1.986
2.412,-1.204
2.357,-2.207
2.423,-2.38
2.275,-0.451
2.33,-2.421
2.129,-2.694
1.952,-3.921
1.911,-3.793
1.463,-3.761
0.893,-3.589
0.613,-3.86
0.487,-3.685
0.384,-3.716
-0.137,-3.928
-0.11,-3.809
-0.142,-4.09
-0.243,-3.956
-0.263,-3.955
-1.565,-3.771
-2.483,-3.955
-3.071,-3.699
2.969,-4.082
2.765,-3.803
2.552,-3.926
2.534,-3.754
2.315,-3.659
2.332,-3.817
2.252,-3.79
2.108,0.623
1.884,0.567
1.535,0.582
1.627,0.671
1.295,0.523
1.183,0.63
1.142,0.658
1.052,0.31
0.086,0.447
-0.2,0.596
-0.242,0.699
-0.432,0.394
-0.84,0.54
-0.728,0.412
-1.288,0.695
-2.198,0.439
-2.731,0.567
2.814,0.719
2.693,0.374
2.569,0.633
1.247,-0.512
1.124,-2.113
0.063,-0.453
-1.696,-1.475
-2.081,-2.143
2.821,-2.132
1.328,-0.71
0.064,-1.404
-0.437,-2.259
-0.915,-1.408
-1.908,-1.404
-2.088,-1.408
-2.226,-0.672
2.857,0.008
2.61,-0.691
-1.359,-2.68
2.918,-2.902
2.144,-1.256
-1.31,-3.903
-2.418,-3.339
2.754,-3.302
-1.774,-4.069
-1.747,-3.453
0.046,1.51
-0.028,-0.35
0.023,-0.2
-0.05,0.371
-0.031,2.252
-0.141,0.458
-0.148,-0.148
-0.186,-0.374
-0.254,-0.466
-0.209,-0.987
-0.37,0.026
-0.384,0.251
-0.332,0.227
-0.434,1.04
-0.489,2.16
-0.54,-0.01
-0.628,-1.366
-0.561,0.264
-0.693,-1.227
-0.642,1.886
-0.715,-0.999
-0.788,2.298
-0.798,2.168
-0.719,-0.823
-0.874,1.333
-0.952,-1.577
-0.899,-0.218
-0.943,0.603
-0.931,-1.35
-0.933,-0.318
-1.052,-0.763
-1.157,0.025
-1.213,-0.693
-1.224,2.363
-1.23,2.054
-1.398,2.319
-1.331,0.941
-1.331,-0.462
-1.445,-1.627
-1.392,2.415
-1.388,0.649
-1.492,-0.637
-1.484,-1.513
-1.509,0.205
-1.46,1.575
-1.502,-1.252
-1.535,-0.859
-1.628,-0.534
-1.572,2.316
-1.568,2.185
-1.614,2.286
-1.696,-0.707
-1.647,1.051
-1.778,0.299
-1.781,-0.214
-1.758,1.886
-1.899,1.918
-1.918,0.561
-1.916,-0.924
-1.871,0.034
-1.875,0.351
-1.92,-0.428
-1.895,-1.502
-1.947,1.91
-1.893,1.923
-1.933,0.361
-1.999,0.479
-1.961,1.321
-1.945,1.078
-2.119,0.362
-2.056,-0.023
-2.08,-1.522
-2.182,-0.611
-2.207,1.021
-2.228,1.974
-2.329,-1.29
-2.305,0.295
-2.334,-1.114
-2.412,-0.654
-2.43,-1.64
-2.49,-0.059
-2.426,1.621
-2.431,1.883
-2.501,0.268
-2.528,-0.868
-2.477,-1.57
-2.623,0.655
-2.686,2.168
-2.699,-1.503
-2.633,1.297
-2.67,1.397
-2.769,-1.254
-2.816,0.36
-2.852,1.533
-2.93,-0.523
-2.993,0.846
-2.997,1.134
3.061,0.705
3.079,-0.567
3.025,-0.759
3.084,1.43
2.913,-1.58
2.839,-0.42
2.699,-1.054
2.767,0.301
2.648,-0.612
2.632,-0.509
2.51,0.9
2.565,2.194
2.535,-0.771
2.512,-0.168
2.385,0.947
2.465,-1.497
2.445,1.451
2.346,-0.3
2.298,0.888
2.261,-0.611
2.305,1.221
2.225,0.589
2.226,1.572
2.273,-0.487
2.229,-1.313
1.528,-1.681
0.234,-1.969
0.22,-1.709
0.118,-1.644
-0.456,-1.726
-0.474,-1.874
-0.6,-2.076
-0.773,-2.082
-0.883,-1.905
-1.255,-1.676
-1.406,-1.968
-1.613,-1.799
-1.624,-1.921
-1.75,-1.95
-1.827,-1.737
-2.069,-1.911
-2.185,-2.027
-2.236,-1.877
-2.964,-1.687
2.932,-1.698
2.848,-1.845
2.703,-1.658
2.653,-1.845
2.575,-1.936
2.541,-1.89
2.606,-1.727
2.222,-1.596
2.149,-1.922
1.88,2.631
1.84,2.659
1.2,2.65
0.926,2.597
0.54,2.741
0.444,2.551
0.209,2.37
-0.624,2.738
-0.613,2.745
-1.018,2.442
-0.952,2.626
-1.187,2.622
-1.216,2.762
-1.498,2.469
-2.22,2.607
-2.228,2.766
-2.724,2.613
-3.07,2.443
2.954,2.536
2.228,2.824
2.219,2.502
2.084,2.095
1.905,-1.357
0.305,1.961
0.017,-0.228
-1.6,1.988
-1.646,-0.798
2.631,1.211
1.5,-1.806
1.035,-1.904
-3.069,-1.645
2.249,2.276
2.214,-0.464
2.024,2.079
2.101,-1.045
2.066,-0.106
1.848,0.304
1.858,0.839
1.803,0.86
1.675,2.239
1.766,1.268
1.646,1.93
1.548,-0.421
1.681,1.006
1.593,0.947
1.337,1.067
1.47,1.897
1.3,0.411
1.35,0.511
1.361,0.02
1.212,-1.398
1.264,-0.731
1.226,0.743
1.232,0.442
1.023,-1.556
1.026,-1.417
0.997,1.107
0.995,0.227
1.074,0.918
0.482,-0.534
0.323,0.929
0.459,0.746
0.433,-0.45
0.275,-1.463
0.212,-1.409
0.209,2.208
0.13,-0.378
0.066,1.091
-0.019,-1.305
-0.073,0.115
0.046,0.53
-0.165,-0.766
-0.033,1.103
-0.092,0.104
-0.207,1.224
-0.262,-1.183
-0.475,-1.154
-0.507,-0.286
-0.434,2.339
-0.603,-0.362
-0.52,0.606
-0.856,1.116
-1.009,0.797
-0.957,-1.629
-0.962,1.89
-0.998,0.427
-1.147,-0.431
-1.219,-1.498
-1.246,1.669
-1.12,1.429
-1.201,1.561
-1.38,2.316
-1.451,1.785
-1.349,0.285
-1.348,-0.367
-1.472,-1.452
-1.57,-1.289
-1.563,0.215
-1.58,-0.488
-1.625,1.074
-1.836,-0.074
-1.874,0.628
-2.234,-0.893
-2.265,-1.362
-2.198,2.352
-2.202,-1.134
-2.51,-0.449
-2.666,1.164
-2.743,-1.159
-2.854,1.21
-2.742,-0.376
-2.751,0.462
-2.87,1.018
-3.106,0.857
-3.133,0.848
2.987,-0.506
2.95,0.522
2.719,0.152
2.676,-1.337
2.584,0.005
2.462,0.787
2.407,-0.216
2.473,-0.389
2.325,1.54
2.38,-0.43
2.179,-0.703
2.002,-1.93
1.961,-1.802
1.513,-1.77
0.943,-1.598
0.663,-1.869
0.537,-1.694
0.434,-1.725
-0.087,-1.937
-0.06,-1.818
-0.092,-2.099
-0.193,-1.965
-0.213,-1.964
-1.515,-1.78
-2.433,-1.964
-3.021,-1.708
3.019,-2.091
2.815,-1.812
2.602,-1.935
2.584,-1.763
2.365,-1.668
2.382,-1.826
2.302,-1.799
2.158,2.614
1.934,2.558
1.585,2.573
1.677,2.662
1.345,2.514
1.233,2.621
1.192,2.649
1.102,2.301
0.136,2.438
-0.15,2.587
-0.192,2.69
-0.382,2.385
-0.79,2.531
-0.678,2.403
-1.238,2.686
-2.148,2.43
-2.681,2.558
2.864,2.71
2.743,2.365
2.619,2.624
1.297,1.479
1.174,-0.122
0.113,1.538
-1.646,0.516
-2.031,-0.152
2.871,-0.141
1.378,1.281
0.114,0.587
-0.387,-0.268
-0.865,0.583
-1.858,0.587
-2.038,0.583
-2.176,1.319
2.907,1.999
2.66,1.3
-1.309,-0.689
2.968,-0.911
2.194,0.735
-1.26,-1.912
-2.368,-1.348
2.804,-1.311
-1.724,-2.078
-1.697,-1.462
-0.074,-1.86
-0.023,-1.71
-0.096,-1.139
-0.077,0.742
-0.187,-1.052
-0.194,-1.658
-0.232,-1.884
-0.3,-1.976
-0.255,-2.497
-0.416,-1.484
-0.43,-1.259
-0.378,-1.283
-0.48,-0.47
-0.535,0.65
-0.586,-1.52
-0.674,-2.876
-0.607,-1.246
-0.739,-2.737
-0.688,0.376
-0.761,-2.509
-0.834,0.788
-0.844,0.658
-0.765,-2.333
-0.92,-0.177
-0.998,-3.087
-0.945,-1.728
-0.989,-0.907
-0.977,-2.86
-0.979,-1.828
-1.098,-2.273
-1.203,-1.485
-1.259,-2.203
-1.27,0.853
-1.276,0.544
-1.444,0.809
-1.377,-0.569
-1.377,-1.972
-1.491,-3.137
-1.438,0.905
-1.434,-0.861
-1.538,-2.147
-1.53,-3.023
-1.555,-1.305
-1.506,0.065
-1.548,-2.762
-1.581,-2.369
-1.674,-2.044
-1.618,0.806
-1.614,0.675
-1.66,0.776
-1.742,-2.217
-1.693,-0.459
-1.824,-1.211
-1.827,-1.724
-1.804,0.376
-1.945,0.408
-1.964,-0.949
-1.962,-2.434
-1.917,-1.476
-1.921,-1.159
-1.966,-1.938
-1.941,-3.012
-1.993,0.4
-1.939,0.413
-1.979,-1.149
-2.045,-1.031
-2.007,-0.189
-1.991,-0.432
-2.165,-1.148
-2.102,-1.533
-2.126,-3.032
-2.228,-2.121
-2.253,-0.489
-2.274,0.464
-2.375,-2.8
-2.351,-1.215
-2.38,-2.624
-2.458,-2.164
-2.476,-3.15
-2.536,-1.569
-2.472,0.111
-2.477,0.373
-2.547,-1.242
-2.574,-2.378
-2.523,-3.08
-2.669,-0.855
-2.732,0.658
-2.745,-3.013
-2.679,-0.213
-2.716,-0.113
-2.815,-2.764
-2.862,-1.15
-2.898,0.023
-2.976,-2.033
-3.039,-0.664
-3.043,-0.376
3.015,-0.805
3.033,-2.077
2.979,-2.269
3.038,-0.08
2.867,-3.09
2.793,-1.93
2.653,-2.564
2.721,-1.209
2.602,-2.122
2.586,-2.019
2.464,-0.61
2.519,0.684
2.489,-2.281
2.466,-1.678
2.339,-0.563
2.419,-3.007
2.399,-0.059
2.3,-1.81
2.252,-0.622
2.215,-2.121
2.259,-0.289
2.179,-0.921
2.18,0.062
2.227,-1.997
2.183,-2.823
1.482,-3.191
0.188,-3.479
0.174,-3.219
0.072,-3.154
-0.502,-3.236
-0.52,-3.384
-0.646,-3.586
-0.819,-3.592
-0.929,-3.415
-1.301,-3.186
-1.452,-3.478
-1.659,-3.309
-1.67,-3.431
-1.796,-3.46
-1.873,-3.247
-2.115,-3.421
-2.231,-3.537
-2.282,-3.387
-3.01,-3.197
2.886,-3.208
2.802,-3.355
2.657,-3.168
2.607,-3.355
2.529,-3.446
2.495,-3.4
2.56,-3.237
2.176,-3.106
2.103,-3.432
1.834,1.121
1.794,1.149
1.154,1.14
0.88,1.087
0.494,1.231
0.398,1.041
0.163,0.86
-0.67,1.228
-0.659,1.235
-1.064,0.932
-0.998,1.116
-1.233,1.112
-1.262,1.252
-1.544,0.959
-2.266,1.097
-2.274,1.256
-2.77,1.103
-3.116,0.933
2.908,1.026
2.182,1.314
2.173,0.992
2.038,0.585
1.859,-2.867
0.259,0.451
-0.029,-1.738
-1.646,0.478
-1.692,-2.308
2.585,-0.299
1.454,-3.316
0.989,-3.414
-3.115,-3.155
2.203,0.766
2.168,-1.974
1.978,0.569
2.055,-2.555
2.02,-1.616
1.802,-1.206
1.812,-0.671
1.757,-0.65
1.629,0.729
1.72,-0.242
1.6,0.42
1.502,-1.931
1.635,-0.504
1.547,-0.563
1.291,-0.443
1.424,0.387
1.254,-1.099
1.304,-0.999
1.315,-1.49
1.166,-2.908
1.218,-2.241
1.18,-0.767
1.186,-1.068
0.977,-3.066
0.98,-2.927
0.951,-0.403
0.949,-1.283
1.028,-0.592
0.436,-2.044
0.277,-0.581
0.413,-0.764
0.387,-1.96
0.229,-2.973
0.166,-2.919
0.163,0.698
0.084,-1.888
0.02,-0.419
-0.065,-2.815
-0.119,-1.395
0.0,-0.98
-0.211,-2.276
-0.079,-0.407
-0.138,-1.406
-0.253,-0.286
-0.308,-2.693
-0.521,-2.664
-0.553,-1.796
-0.48,0.829
-0.649,-1.872
-0.566,-0.904
-0.902,-0.394
-1.055,-0.713
-1.003,-3.139
-1.008,0.38
-1.044,-1.083
-1.193,-1.941
-1.265,-3.008
-1.292,0.159
-1.166,-0.081
-1.247,0.051
-1.426,0.806
-1.497,0.275
-1.395,-1.225
-1.394,-1.877
-1.518,-2.962
-1.616,-2.799
-1.609,-1.295
-1.626,-1.998
-1.671,-0.436
-1.882,-1.584
-1.92,-0.882
-2.28,-2.403
-2.311,-2.872
-2.244,0.842
-2.248,-2.644
-2.556,-1.959
-2.712,-0.346
-2.789,-2.669
-2.9,-0.3
-2.788,-1.886
-2.797,-1.048
-2.916,-0.492
3.131,-0.653
3.104,-0.662
2.941,-2.016
2.904,-0.988
2.673,-1.358
2.63,-2.847
2.538,-1.505
2.416,-0.723
2.361,-1.726
2.427,-1.899
2.279,0.03
2.334,-1.94
2.133,-2.213
1.956,-3.44
1.915,-3.312
1.467,-3.28
0.897,-3.108
0.617,-3.379
0.491,-3.204
0.388,-3.235
-0.133,-3.447
-0.106,-3.328
-0.138,-3.609
-0.239,-3.475
-0.259,-3.474
-1.561,-3.29
-2.479,-3.474
-3.067,-3.218
2.973,-3.601
2.769,-3.322
2.556,-3.445
2.538,-3.273
2.319,-3.178
2.336,-3.336
2.256,-3.309
2.112,1.104
1.888,1.048
1.539,1.063
1.631,1.152
1.299,1.004
1.187,1.111
1.146,1.139
1.056,0.791
0.09,0.928
-0.196,1.077
-0.238,1.18
-0.428,0.875
-0.836,1.021
-0.724,0.893
-1.284,1.176
-2.194,0.92
-2.727,1.048
2.818,1.2
2.697,0.855
2.573,1.114
1.251,-0.031
1.128,-1.632
0.067,0.028
-1.692,-0.994
-2.077,-1.662
2.825,-1.651
1.332,-0.229
0.068,-0.923
-0.433,-1.778
-0.911,-0.927
-1.904,-0.923
-2.084,-0.927
-2.222,-0.191
2.861,0.489
2.614,-0.21
-1.355,-2.199
2.922,-2.421
2.148,-0.775
-1.306,-3.422
-2.414,-2.858
2.758,-2.821
-1.77,-3.588
-1.743,-2.972
0.051,0.15
-0.022,0.721
-0.003,2.602
-0.113,0.808
-0.12,0.202
-0.158,-0.024
-0.226,-0.116
-0.181,-0.637
-0.342,0.376
-0.356,0.601
-0.304,0.577
-0.406,1.39
-0.461,2.51
-0.512,0.34
-0.6,-1.016
-0.533,0.614
-0.665,-0.877
-0.614,2.236
-0.687,-0.649
-0.76,2.648
-0.77,2.518
-0.691,-0.473
-0.846,1.683
-0.924,-1.227
-0.871,0.132
-0.915,0.953
-0.903,-1.0
-0.905,0.032
-1.024,-0.413
-1.129,0.375
-1.185,-0.343
-1.196,2.713
-1.202,2.404
-1.37,2.669
-1.303,1.291
-1.303,-0.112
-1.417,-1.277
-1.364,2.765
-1.36,0.999
-1.464,-0.287
-1.456,-1.163
-1.481,0.555
-1.432,1.925
-1.474,-0.902
-1.507,-0.509
-1.6,-0.184
-1.544,2.666
-1.54,2.535
-1.586,2.636
-1.668,-0.357
-1.619,1.401
-1.75,0.649
-1.753,0.136
-1.73,2.236
-1.871,2.268
-1.89,0.911
-1.888,-0.574
-1.843,0.384
-1.847,0.701
-1.892,-0.078
-1.867,-1.152
-1.919,2.26
-1.865,2.273
-1.905,0.711
-1.971,0.829
-1.933,1.671
-1.917,1.428
-2.091,0.712
-2.028,0.327
-2.052,-1.172
-2.154,-0.261
-2.179,1.371
-2.2,2.324
-2.301,-0.94
-2.277,0.645
-2.306,-0.764
-2.384,-0.304
-2.402,-1.29
-2.462,0.291
-2.398,1.971
-2.403,2.233
-2.473,0.618
-2.5,-0.518
-2.449,-1.22
-2.595,1.005
-2.658,2.518
-2.671,-1.153
-2.605,1.647
-2.642,1.747
-2.741,-0.904
-2.788,0.71
-2.824,1.883
-2.902,-0.173
-2.965,1.196
-2.969,1.484
3.089,1.055
3.107,-0.217
3.053,-0.409
3.112,1.78
2.941,-1.23
2.867,-0.07
2.727,-0.704
2.795,0.651
2.676,-0.262
2.66,-0.159
2.538,1.25
2.593,2.544
2.563,-0.421
2.54,0.182
2.413,1.297
2.493,-1.147
2.473,1.801
2.374,0.05
2.326,1.238
2.289,-0.261
2.333,1.571
2.253,0.939
2.254,1.922
2.301,-0.137
2.257,-0.963
1.556,-1.331
0.262,-1.619
0.248,-1.359
0.146,-1.294
-0.428,-1.376
-0.446,-1.524
-0.572,-1.726
-0.745,-1.732
-0.855,-1.555
-1.227,-1.326
-1.378,-1.618
-1.585,-1.449
-1.596,-1.571
-1.722,-1.6
-1.799,-1.387
-2.041,-1.561
-2.157,-1.677
-2.208,-1.527
-2.936,-1.337
2.96,-1.348
2.876,-1.495
2.731,-1.308
2.681,-1.495
2.603,-1.586
2.569,-1.54
2.634,-1.377
2.25,-1.246
2.177,-1.572
1.908,2.981
1.868,3.009
1.228,3.0
0.954,2.947
0.568,3.091
0.472,2.901
0.237,2.72
-0.596,3.088
-0.585,3.095
-0.99,2.792
-0.924,2.976
-1.159,2.972
-1.188,3.112
-1.47,2.819
-2.192,2.957
-2.2,3.116
-2.696,2.963
-3.042,2.793
2.982,2.886
2.256,3.174
2.247,2.852
2.112,2.445
1.933,-1.007
0.333,2.311
0.045,0.122
-1.572,2.338
-1.618,-0.448
2.659,1.561
1.528,-1.456
1.063,-1.554
-3.041,-1.295
2.277,2.626
2.242,-0.114
2.052,2.429
2.129,-0.695
2.094,0.244
1.876,0.654
1.886,1.189
1.831,1.21
1.703,2.589
1.794,1.618
1.674,2.28
1.576,-0.071
1.709,1.356
1.621,1.297
1.365,1.417
1.498,2.247
1.328,0.761
1.378,0.861
1.389,0.37
1.24,-1.048
1.292,-0.381
1.254,1.093
1.26,0.792
1.051,-1.206
1.054,-1.067
1.025,1.457
1.023,0.577
1.102,1.268
0.51,-0.184
0.351,1.279
0.487,1.096
0.461,-0.1
0.303,-1.113
0.24,-1.059
0.237,2.558
0.158,-0.028
0.094,1.441
0.009,-0.955
-0.045,0.465
0.074,0.88
-0.137,-0.416
-0.005,1.453
-0.064,0.454
-0.179,1.574
-0.234,-0.833
-0.447,-0.804
-0.479,0.064
-0.406,2.689
-0.575,-0.012
-0.492,0.956
-0.828,1.466
-0.981,1.147
-0.929,-1.279
-0.934,2.24
-0.97,0.777
-1.119,-0.081
-1.191,-1.148
-1.218,2.019
-1.092,1.779
-1.173,1.911
-1.352,2.666
-1.423,2.135
-1.321,0.635
-1.32,-0.017
-1.444,-1.102
-1.542,-0.939
-1.535,0.565
-1.552,-0.138
-1.597,1.424
-1.808,0.276
-1.846,0.978
-2.206,-0.543
-2.237,-1.012
-2.17,2.702
-2.174,-0.784
-2.482,-0.099
-2.638,1.514
-2.715,-0.809
-2.826,1.56
-2.714,-0.026
-2.723,0.812
-2.842,1.368
-3.078,1.207
-3.105,1.198
3.015,-0.156
2.978,0.872
2.747,0.502
2.704,-0.987
2.612,0.355
2.49,1.137
2.435,0.134
2.501,-0.039
2.353,1.89
2.408,-0.08
2.207,-0.353
2.03,-1.58
1.989,-1.452
1.541,-1.42
0.971,-1.248
0.691,-1.519
0.565,-1.344
0.462,-1.375
-0.059,-1.587
-0.032,-1.468
-0.064,-1.749
-0.165,-1.615
-0.185,-1.614
-1.487,-1.43
-2.405,-1.614
-2.993,-1.358
3.047,-1.741
2.843,-1.462
2.63,-1.585
2.612,-1.413
2.393,-1.318
2.41,-1.476
2.33,-1.449
2.186,2.964
1.962,2.908
1.613,2.923
1.705,3.012
1.373,2.864
1.261,2.971
1.22,2.999
1.13,2.651
0.164,2.788
-0.122,2.937
-0.164,3.04
-0.354,2.735
-0.762,2.881
-0.65,2.753
-1.21,3.036
-2.12,2.78
-2.653,2.908
2.892,3.06
2.771,2.715
2.647,2.974
1.325,1.829
1.202,0.228
0.141,1.888
-1.618,0.866
-2.003,0.198
2.899,0.209
1.406,1.631
0.142,0.937
-0.359,0.082
-0.837,0.933
-1.83,0.937
-2.01,0.933
-2.148,1.669
2.935,2.349
2.688,1.65
-1.281,-0.339
2.996,-0.561
2.222,1.085
-1.232,-1.562
-2.34,-0.998
2.832,-0.961
-1.696,-1.728
-1.669,-1.112
-0.073,0.571
-0.054,2.452
-0.164,0.658
-0.171,0.052
-0.209,-0.174
-0.277,-0.266
-0.232,-0.787
-0.393,0.226
-0.407,0.451
-0.355,0.427
-0.457,1.24
-0.512,2.36
-0.563,0.19
-0.651,-1.166
-0.584,0.464
-0.716,-1.027
-0.665,2.086
-0.738,-0.799
-0.811,2.498
-0.821,2.368
-0.742,-0.623
-0.897,1.533
-0.975,-1.377
-0.922,-0.018
-0.966,0.803
-0.954,-1.15
-0.956,-0.118
-1.075,-0.563
-1.18,0.225
-1.236,-0.493
-1.247,2.563
-1.253,2.254
-1.421,2.519
-1.354,1.141
-1.354,-0.262
-1.468,-1.427
-1.415,2.615
-1.411,0.849
-1.515,-0.437
-1.507,-1.313
-1.532,0.405
-1.483,1.775
-1.525,-1.052
-1.558,-0.659
-1.651,-0.334
-1.595,2.516
-1.591,2.385
-1.637,2.486
-1.719,-0.507
-1.67,1.251
-1.801,0.499
-1.804,-0.014
-1.781,2.086
-1.922,2.118
-1.941,0.761
-1.939,-0.724
-1.894,0.234
-1.898,0.551
-1.943,-0.228
-1.918,-1.302
-1.97,2.11
-1.916,2.123
-1.956,0.561
-2.022,0.679
-1.984,1.521
-1.968,1.278
-2.142,0.562
-2.079,0.177
-2.103,-1.322
-2.205,-0.411
-2.23,1.221
-2.251,2.174
-2.352,-1.09
-2.328,0.495
-2.357,-0.914
-2.435,-0.454
-2.453,-1.44
-2.513,0.141
-2.449,1.821
-2.454,2.083
-2.524,0.468
-2.551,-0.668
-2.5,-1.37
-2.646,0.855
-2.709,2.368
-2.722,-1.303
-2.656,1.497
-2.693,1.597
-2.792,-1.054
-2.839,0.56
-2.875,1.733
-2.953,-0.323
-3.016,1.046
-3.02,1.334
3.038,0.905
3.056,-0.367
3.002,-0.559
3.061,1.63
2.89,-1.38
2.816,-0.22
2.676,-0.854
2.744,0.501
2.625,-0.412
2.609,-0.309
2.487,1.1
2.542,2.394
2.512,-0.571
2.489,0.032
2.362,1.147
2.442,-1.297
2.422,1.651
2.323,-0.1
2.275,1.088
2.238,-0.411
2.282,1.421
2.202,0.789
2.203,1.772
2.25,-0.287
2.206,-1.113
1.505,-1.481
0.211,-1.769
0.197,-1.509
0.095,-1.444
-0.479,-1.526
-0.497,-1.674
-0.623,-1.876
-0.796,-1.882
-0.906,-1.705
-1.278,-1.476
-1.429,-1.768
-1.636,-1.599
-1.647,-1.721
-1.773,-1.75
-1.85,-1.537
-2.092,-1.711
-2.208,-1.827
-2.259,-1.677
-2.987,-1.487
2.909,-1.498
2.825,-1.645
2.68,-1.458
2.63,-1.645
2.552,-1.736
2.518,-1.69
2.583,-1.527
2.199,-1.396
2.126,-1.722
1.857,2.831
1.817,2.859
1.177,2.85
0.903,2.797
0.517,2.941
0.421,2.751
0.186,2.57
-0.647,2.938
-0.636,2.945
-1.041,2.642
-0.975,2.826
-1.21,2.822
-1.239,2.962
-1.521,2.669
-2.243,2.807
-2.251,2.966
-2.747,2.813
-3.093,2.643
2.931,2.736
2.205,3.024
2.196,2.702
2.061,2.295
1.882,-1.157
0.282,2.161
-0.006,-0.028
-1.623,2.188
-1.669,-0.598
2.608,1.411
1.477,-1.606
1.012,-1.704
-3.092,-1.445
2.226,2.476
2.191,-0.264
2.001,2.279
2.078,-0.845
2.043,0.094
1.825,0.504
1.835,1.039
1.78,1.06
1.652,2.439
1.743,1.468
1.623,2.13
1.525,-0.221
1.658,1.206
1.57,1.147
1.314,1.267
1.447,2.097
1.277,0.611
1.327,0.711
1.338,0.22
1.189,-1.198
1.241,-0.531
1.203,0.943
1.209,0.642
1.0,-1.356
1.003,-1.217
0.974,1.307
0.972,0.427
1.051,1.118
0.459,-0.334
0.3,1.129
0.436,0.946
0.41,-0.25
0.252,-1.263
0.189,-1.209
0.186,2.408
0.107,-0.178
0.043,1.291
-0.042,-1.105
-0.096,0.315
0.023,0.73
-0.188,-0.566
-0.056,1.303
-0.115,0.304
-0.23,1.424
-0.285,-0.983
-0.498,-0.954
-0.53,-0.086
-0.457,2.539
-0.626,-0.162
-0.543,0.806
-0.879,1.316
-1.032,0.997
-0.98,-1.429
-0.985,2.09
-1.021,0.627
-1.17,-0.231
-1.242,-1.298
-1.269,1.869
-1.143,1.629
-1.224,1.761
-1.403,2.516
-1.474,1.985
-1.372,0.485
-1.371,-0.167
-1.495,-1.252
-1.593,-1.089
-1.586,0.415
-1.603,-0.288
-1.648,1.274
-1.859,0.126
-1.897,0.828
-2.257,-0.693
-2.288,-1.162
-2.221,2.552
-2.225,-0.934
-2.533,-0.249
-2.689,1.364
-2.766,-0.959
-2.877,1.41
-2.765,-0.176
-2.774,0.662
-2.893,1.218
-3.129,1.057
3.127,1.048
2.964,-0.306
2.927,0.722
2.696,0.352
2.653,-1.137
2.561,0.205
2.439,0.987
2.384,-0.016
2.45,-0.189
2.302,1.74
2.357,-0.23
2.156,-0.503
1.979,-1.73
1.938,-1.602
1.49,-1.57
0.92,-1.398
0.64,-1.669
0.514,-1.494
0.411,-1.525
-0.11,-1.737
-0.083,-1.618
-0.115,-1.899
-0.216,-1.765
-0.236,-1.764
-1.538,-1.58
-2.456,-1.764
-3.044,-1.508
2.996,-1.891
2.792,-1.612
2.579,-1.735
2.561,-1.563
2.342,-1.468
2.359,-1.626
2.279,-1.599
2.135,2.814
1.911,2.758
1.562,2.773
1.654,2.862
1.322,2.714
1.21,2.821
1.169,2.849
1.079,2.501
0.113,2.638
-0.173,2.787
-0.215,2.89
-0.405,2.585
-0.813,2.731
-0.701,2.603
-1.261,2.886
-2.171,2.63
-2.704,2.758
2.841,2.91
2.72,2.565
2.596,2.824
1.274,1.679
1.151,0.078
0.09,1.738
-1.669,0.716
-2.054,0.048
2.848,0.059
1.355,1.481
0.091,0.787
-0.41,-0.068
-0.888,0.783
-1.881,0.787
-2.061,0.783
-2.199,1.519
2.884,2.199
2.637,1.5
-1.332,-0.489
2.945,-0.711
2.171,0.935
-1.283,-1.712
-2.391,-1.148
2.781,-1.111
-1.747,-1.878
-1.72,-1.262
0.019,1.881
-0.091,0.087
-0.098,-0.519
-0.136,-0.745
-0.204,-0.837
-0.159,-1.358
-0.32,-0.345
-0.334,-0.12
-0.282,-0.144
-0.384,0.669
-0.439,1.789
-0.49,-0.381
-0.578,-1.737
-0.511,-0.107
-0.643,-1.598
-0.592,1.515
-0.665,-1.37
-0.738,1.927
-0.748,1.797
-0.669,-1.194
-0.824,0.962
-0.902,-1.948
-0.849,-0.589
-0.893,0.232
-0.881,-1.721
-0.883,-0.689
-1.002,-1.134
-1.107,-0.346
-1.163,-1.064
-1.174,1.992
-1.18,1.683
-1.348,1.948
-1.281,0.57
-1.281,-0.833
-1.395,-1.998
-1.342,2.044
-1.338,0.278
-1.442,-1.008
-1.434,-1.884
-1.459,-0.166
-1.41,1.204
-1.452,-1.623
-1.485,-1.23
-1.578,-0.905
-1.522,1.945
-1.518,1.814
-1.564,1.915
-1.646,-1.078
-1.597,0.68
-1.728,-0.072
-1.731,-0.585
-1.708,1.515
-1.849,1.547
-1.868,0.19
-1.866,-1.295
-1.821,-0.337
-1.825,-0.02
-1.87,-0.799
-1.845,-1.873
-1.897,1.539
-1.843,1.552
-1.883,-0.01
-1.949,0.108
-1.911,0.95
-1.895,0.707
-2.069,-0.009
-2.006,-0.394
-2.03,-1.893
-2.132,-0.982
-2.157,0.65
-2.178,1.603
-2.279,-1.661
-2.255,-0.076
-2.284,-1.485
-2.362,-1.025
-2.38,-2.011
-2.44,-0.43
-2.376,1.25
-2.381,1.512
-2.451,-0.103
-2.478,-1.239
-2.427,-1.941
-2.573,0.284
-2.636,1.797
-2.649,-1.874
-2.583,0.926
-2.62,1.026
-2.719,-1.625
-2.766,-0.011
-2.802,1.162
-2.88,-0.894
-2.943,0.475
-2.947,0.763
3.111,0.334
3.129,-0.938
3.075,-1.13
3.134,1.059
2.963,-1.951
2.889,-0.791
2.749,-1.425
2.817,-0.07
2.698,-0.983
2.682,-0.88
2.56,0.529
2.615,1.823
2.585,-1.142
2.562,-0.539
2.435,0.576
2.515,-1.868
2.495,1.08
2.396,-0.671
2.348,0.517
2.311,-0.982
2.355,0.85
2.275,0.218
2.276,1.201
2.323,-0.858
2.279,-1.684
1.578,-2.052
0.284,-2.34
0.27,-2.08
0.168,-2.015
-0.406,-2.097
-0.424,-2.245
-0.55,-2.447
-0.723,-2.453
-0.833,-2.276
-1.205,-2.047
-1.356,-2.339
-1.563,-2.17
-1.574,-2.292
-1.7,-2.321
-1.777,-2.108
-2.019,-2.282
-2.135,-2.398
-2.186,-2.248
-2.914,-2.058
2.982,-2.069
2.898,-2.216
2.753,-2.029
2.703,-2.216
2.625,-2.307
2.591,-2.261
2.656,-2.098
2.272,-1.967
2.199,-2.293
1.93,2.26
1.89,2.288
1.25,2.279
0.976,2.226
0.59,2.37
0.494,2.18
0.259,1.999
-0.574,2.367
-0.563,2.374
-0.968,2.071
-0.902,2.255
-1.137,2.251
-1.166,2.391
-1.448,2.098
-2.17,2.236
-2.178,2.395
-2.674,2.242
-3.02,2.072
3.004,2.165
2.278,2.453
2.269,2.131
2.134,1.724
1.955,-1.728
0.355,1.59
0.067,-0.599
-1.55,1.617
-1.596,-1.169
2.681,0.84
1.55,-2.177
1.085,-2.275
-3.019,-2.016
2.299,1.905
2.264,-0.835
2.074,1.708
2.151,-1.416
2.116,-0.477
1.898,-0.067
1.908,0.468
1.853,0.489
1.725,1.868
1.816,0.897
1.696,1.559
1.598,-0.792
1.731,0.635
1.643,0.576
1.387,0.696
1.52,1.526
1.35,0.04
1.4,0.14
1.411,-0.351
1.262,-1.769
1.314,-1.102
1.276,0.372
1.282,0.071
1.073,-1.927
1.076,-1.788
1.047,0.736
1.045,-0.144
1.124,0.547
0.532,-0.905
0.373,0.558
0.509,0.375
0.483,-0.821
0.325,-1.834
0.262,-1.78
0.259,1.837
0.18,-0.749
0.116,0.72
0.031,-1.676
-0.023,-0.256
0.096,0.159
-0.115,-1.137
0.017,0.732
-0.042,-0.267
-0.157,0.853
-0.212,-1.554
-0.425,-1.525
-0.457,-0.657
-0.384,1.968
-0.553,-0.733
-0.47,0.235
-0.806,0.745
-0.959,0.426
-0.907,-2.0
-0.912,1.519
-0.948,0.056
-1.097,-0.802
-1.169,-1.869
-1.196,1.298
-1.07,1.058
-1.151,1.19
-1.33,1.945
-1.401,1.414
-1.299,-0.086
-1.298,-0.738
-1.422,-1.823
-1.52,-1.66
-1.513,-0.156
-1.53,-0.859
-1.575,0.703
-1.786,-0.445
-1.824,0.257
-2.184,-1.264
-2.215,-1.733
-2.148,1.981
-2.152,-1.505
-2.46,-0.82
-2.616,0.793
-2.693,-1.53
-2.804,0.839
-2.692,-0.747
-2.701,0.091
-2.82,0.647
-3.056,0.486
-3.083,0.477
3.037,-0.877
3.0,0.151
2.769,-0.219
2.726,-1.708
2.634,-0.366
2.512,0.416
2.457,-0.587
2.523,-0.76
2.375,1.169
2.43,-0.801
2.229,-1.074
2.052,-2.301
2.011,-2.173
1.563,-2.141
0.993,-1.969
0.713,-2.24
0.587,-2.065
0.484,-2.096
-0.037,-2.308
-0.01,-2.189
-0.042,-2.47
-0.143,-2.336
-0.163,-2.335
-1.465,-2.151
-2.383,-2.335
-2.971,-2.079
3.069,-2.462
2.865,-2.183
2.652,-2.306
2.634,-2.134
2.415,-2.039
2.432,-2.197
2.352,-2.17
2.208,2.243
1.984,2.187
1.635,2.202
1.727,2.291
1.395,2.143
1.283,2.25
1.242,2.278
1.152,1.93
0.186,2.067
-0.1,2.216
-0.142,2.319
-0.332,2.014
-0.74,2.16
-0.628,2.032
-1.188,2.315
-2.098,2.059
-2.631,2.187
2.914,2.339
2.793,1.994
2.669,2.253
1.347,1.108
1.224,-0.493
0.163,1.167
-1.596,0.145
-1.981,-0.523
2.921,-0.512
1.428,0.91
0.164,0.216
-0.337,-0.639
-0.815,0.212
-1.808,0.216
-1.988,0.212
-2.126,0.948
2.957,1.628
2.71,0.929
-1.259,-1.06
3.018,-1.282
2.244,0.364
-1.21,-2.283
-2.318,-1.719
2.854,-1.682
-1.674,-2.449
-1.647,-1.833
-0.11,-1.794
-0.117,-2.4
-0.155,-2.626
-0.223,-2.718
-0.178,-3.239
-0.339,-2.226
-0.353,-2.001
-0.301,-2.025
-0.403,-1.212
-0.458,-0.092
-0.509,-2.262
-0.597,-3.618
-0.53,-1.988
-0.662,-3.479
-0.611,-0.366
-0.684,-3.251
-0.757,0.046
-0.767,-0.084
-0.688,-3.075
-0.843,-0.919
-0.921,-3.829
-0.868,-2.47
-0.912,-1.649
-0.9,-3.602
-0.902,-2.57
-1.021,-3.015
-1.126,-2.227
-1.182,-2.945
-1.193,0.111
-1.199,-0.198
-1.367,0.067
-1.3,-1.311
-1.3,-2.714
-1.414,-3.879
-1.361,0.163
-1.357,-1.603
-1.461,-2.889
-1.453,-3.765
-1.478,-2.047
-1.429,-0.677
-1.471,-3.504
-1.504,-3.111
-1.597,-2.786
-1.541,0.064
-1.537,-0.067
-1.583,0.034
-1.665,-2.959
-1.616,-1.201
-1.747,-1.953
-1.75,-2.466
-1.727,-0.366
-1.868,-0.334
-1.887,-1.691
-1.885,-3.176
-1.84,-2.218
-1.844,-1.901
-1.889,-2.68
-1.864,-3.754
-1.916,-0.342
-1.862,-0.329
-1.902,-1.891
-1.968,-1.773
-1.93,-0.931
-1.914,-1.174
-2.088,-1.89
-2.025,-2.275
-2.049,-3.774
-2.151,-2.863
-2.176,-1.231
-2.197,-0.278
-2.298,-3.542
-2.274,-1.957
-2.303,-3.366
-2.381,-2.906
-2.399,-3.892
-2.459,-2.311
-2.395,-0.631
-2.4,-0.369
-2.47,-1.984
-2.497,-3.12
-2.446,-3.822
-2.592,-1.597
-2.655,-0.084
-2.668,-3.755
-2.602,-0.955
-2.639,-0.855
-2.738,-3.506
-2.785,-1.892
-2.821,-0.719
-2.899,-2.775
-2.962,-1.406
-2.966,-1.118
3.092,-1.547
3.11,-2.819
3.056,-3.011
3.115,-0.822
2.944,-3.832
2.87,-2.672
2.73,-3.306
2.798,-1.951
2.679,-2.864
2.663,-2.761
2.541,-1.352
2.596,-0.058
2.566,-3.023
2.543,-2.42
2.416,-1.305
2.496,-3.749
2.476,-0.801
2.377,-2.552
2.329,-1.364
2.292,-2.863
2.336,-1.031
2.256,-1.663
2.257,-0.68
2.304,-2.739
2.26,-3.565
1.559,-3.933
0.265,-4.221
0.251,-3.961
0.149,-3.896
-0.425,-3.978
-0.443,-4.126
-0.569,-4.328
-0.742,-4.334
-0.852,-4.157
-1.224,-3.928
-1.375,-4.22
-1.582,-4.051
-1.593,-4.173
-1.719,-4.202
-1.796,-3.989
-2.038,-4.163
-2.154,-4.279
-2.205,-4.129
-2.933,-3.939
2.963,-3.95
2.879,-4.097
2.734,-3.91
2.684,-4.097
2.606,-4.188
2.572,-4.142
2.637,-3.979
2.253,-3.848
2.18,-4.174
1.911,0.379
1.871,0.407
1.231,0.398
0.957,0.345
0.571,0.489
0.475,0.299
0.24,0.118
-0.593,0.486
-0.582,0.493
-0.987,0.19
-0.921,0.374
-1.156,0.37
-1.185,0.51
-1.467,0.217
-2.189,0.355
-2.197,0.514
-2.693,0.361
-3.039,0.191
2.985,0.284
2.259,0.572
2.25,0.25
2.115,-0.157
1.936,-3.609
0.336,-0.291
0.048,-2.48
-1.569,-0.264
-1.615,-3.05
2.662,-1.041
1.531,-4.058
1.066,-4.156
-3.038,-3.897
2.28,0.024
2.245,-2.716
2.055,-0.173
2.132,-3.297
2.097,-2.358
1.879,-1.948
1.889,-1.413
1.834,-1.392
1.706,-0.013
1.797,-0.984
1.677,-0.322
1.579,-2.673
1.712,-1.246
1.624,-1.305
1.368,-1.185
1.501,-0.355
1.331,-1.841
1.381,-1.741
1.392,-2.232
1.243,-3.65
1.295,-2.983
1.257,-1.509
1.263,-1.81
1.054,-3.808
1.057,-3.669
1.028,-1.145
1.026,-2.025
1.105,-1.334
0.513,-2.786
0.354,-1.323
0.49,-1.506
0.464,-2.702
0.306,-3.715
0.243,-3.661
0.24,-0.044
0.161,-2.63
0.097,-1.161
0.012,-3.557
-0.042,-2.137
0.077,-1.722
-0.134,-3.018
-0.002,-1.149
-0.061,-2.148
-0.176,-1.028
-0.231,-3.435
-0.444,-3.406
-0.476,-2.538
-0.403,0.087
-0.572,-2.614
-0.489,-1.646
-0.825,-1.136
-0.978,-1.455
-0.926,-3.881
-0.931,-0.362
-0.967,-1.825
-1.116,-2.683
-1.188,-3.75
-1.215,-0.583
-1.089,-0.823
-1.17,-0.691
-1.349,0.064
-1.42,-0.467
-1.318,-1.967
-1.317,-2.619
-1.441,-3.704
-1.539,-3.541
-1.532,-2.037
-1.549,-2.74
-1.594,-1.178
-1.805,-2.326
-1.843,-1.624
-2.203,-3.145
-2.234,-3.614
-2.167,0.1
-2.171,-3.386
-2.479,-2.701
-2.635,-1.088
-2.712,-3.411
-2.823,-1.042
-2.711,-2.628
-2.72,-1.79
-2.839,-1.234
-3.075,-1.395
-3.102,-1.404
3.018,-2.758
2.981,-1.73
2.75,-2.1
2.707,-3.589
2.615,-2.247
2.493,-1.465
2.438,-2.468
2.504,-2.641
2.356,-0.712
2.411,-2.682
2.21,-2.955
2.033,-4.182
1.992,-4.054
1.544,-4.022
0.974,-3.85
0.694,-4.121
0.568,-3.946
0.465,-3.977
-0.056,-4.189
-0.029,-4.07
-0.061,-4.351
-0.162,-4.217
-0.182,-4.216
-1.484,-4.032
-2.402,-4.216
-2.99,-3.96
3.05,-4.343
2.846,-4.064
2.633,-4.187
2.615,-4.015
2.396,-3.92
2.413,-4.078
2.333,-4.051
2.189,0.362
1.965,0.306
1.616,0.321
1.708,0.41
1.376,0.262
1.264,0.369
1.223,0.397
1.133,0.049
0.167,0.186
-0.119,0.335
-0.161,0.438
-0.351,0.133
-0.759,0.279
-0.647,0.151
-1.207,0.434
-2.117,0.178
-2.65,0.306
2.895,0.458
2.774,0.113
2.65,0.372
1.328,-0.773
1.205,-2.374
0.144,-0.714
-1.615,-1.736
-2.0,-2.404
2.902,-2.393
1.409,-0.971
0.145,-1.665
-0.356,-2.52
-0.834,-1.669
-1.827,-1.665
-2.007,-1.669
-2.145,-0.933
2.938,-0.253
2.691,-0.952
-1.278,-2.941
2.999,-3.163
2.225,-1.517
-1.229,-4.164
-2.337,-3.6
2.835,-3.563
-1.693,-4.33
-1.666,-3.714
-0.007,-0.606
-0.045,-0.832
-0.113,-0.924
-0.068,-1.445
-0.229,-0.432
-0.243,-0.207
-0.191,-0.231
-0.293,0.582
-0.348,1.702
-0.399,-0.468
-0.487,-1.824
-0.42,-0.194
-0.552,-1.685
-0.501,1.428
-0.574,-1.457
-0.647,1.84
-0.657,1.71
-0.578,-1.281
-0.733,0.875
-0.811,-2.035
-0.758,-0.676
-0.802,0.145
-0.79,-1.808
-0.792,-0.776
-0.911,-1.221
-1.016,-0.433
-1.072,-1.151
-1.083,1.905
-1.089,1.596
-1.257,1.861
-1.19,0.483
-1.19,-0.92
-1.304,-2.085
-1.251,1.957
-1.247,0.191
-1.351,-1.095
-1.343,-1.971
-1.368,-0.253
-1.319,1.117
-1.361,-1.71
-1.394,-1.317
-1.487,-0.992
-1.431,1.858
-1.427,1.727
-1.473,1.828
-1.555,-1.165
-1.506,0.593
-1.637,-0.159
-1.64,-0.672
-1.617,1.428
-1.758,1.46
-1.777,0.103
-1.775,-1.382
-1.73,-0.424
-1.734,-0.107
-1.779,-0.886
-1.754,-1.96
-1.806,1.452
-1.752,1.465
-1.792,-0.097
-1.858,0.021
-1.82,0.863
-1.804,0.62
-1.978,-0.096
-1.915,-0.481
-1.939,-1.98
-2.041,-1.069
-2.066,0.563
-2.087,1.516
-2.188,-1.748
-2.164,-0.163
-2.193,-1.572
-2.271,-1.112
-2.289,-2.098
-2.349,-0.517
-2.285,1.163
-2.29,1.425
-2.36,-0.19
-2.387,-1.326
-2.336,-2.028
-2.482,0.197
-2.545,1.71
-2.558,-1.961
-2.492,0.839
-2.529,0.939
-2.628,-1.712
-2.675,-0.098
-2.711,1.075
-2.789,-0.981
-2.852,0.388
-2.856,0.676
-3.081,0.247
-3.063,-1.025
-3.117,-1.217
-3.058,0.972
3.054,-2.038
2.98,-0.878
2.84,-1.512
2.908,-0.157
2.789,-1.07
2.773,-0.967
2.651,0.442
2.706,1.736
2.676,-1.229
2.653,-0.626
2.526,0.489
2.606,-1.955
2.586,0.993
2.487,-0.758
2.439,0.43
2.402,-1.069
2.446,0.763
2.366,0.131
2.367,1.114
2.414,-0.945
2.37,-1.771
1.669,-2.139
0.375,-2.427
0.361,-2.167
0.259,-2.102
-0.315,-2.184
-0.333,-2.332
-0.459,-2.534
-0.632,-2.54
-0.742,-2.363
-1.114,-2.134
-1.265,-2.426
-1.472,-2.257
-1.483,-2.379
-1.609,-2.408
-1.686,-2.195
-1.928,-2.369
-2.044,-2.485
-2.095,-2.335
-2.823,-2.145
3.073,-2.156
2.989,-2.303
2.844,-2.116
2.794,-2.303
2.716,-2.394
2.682,-2.348
2.747,-2.185
2.363,-2.054
2.29,-2.38
2.021,2.173
1.981,2.201
1.341,2.192
1.067,2.139
0.681,2.283
0.585,2.093
0.35,1.912
-0.483,2.28
-0.472,2.287
-0.877,1.984
-0.811,2.168
-1.046,2.164
-1.075,2.304
-1.357,2.011
-2.079,2.149
-2.087,2.308
-2.583,2.155
-2.929,1.985
3.095,2.078
2.369,2.366
2.36,2.044
2.225,1.637
2.046,-1.815
0.446,1.503
0.158,-0.686
-1.459,1.53
-1.505,-1.256
2.772,0.753
1.641,-2.264
1.176,-2.362
-2.928,-2.103
2.39,1.818
2.355,-0.922
2.165,1.621
2.242,-1.503
2.207,-0.564
1.989,-0.154
1.999,0.381
1.944,0.402
1.816,1.781
1.907,0.81
1.787,1.472
1.689,-0.879
1.822,0.548
1.734,0.489
1.478,0.609
1.611,1.439
1.441,-0.047
1.491,0.053
1.502,-0.438
1.353,-1.856
1.405,-1.189
1.367,0.285
1.373,-0.016
1.164,-2.014
1.167,-1.875
1.138,0.649
1.136,-0.231
1.215,0.46
0.623,-0.992
0.464,0.471
0.6,0.288
0.574,-0.908
0.416,-1.921
0.353,-1.867
0.35,1.75
0.271,-0.836
0.207,0.633
0.122,-1.763
0.068,-0.343
0.187,0.072
-0.024,-1.224
0.108,0.645
0.049,-0.354
-0.066,0.766
-0.121,-1.641
-0.334,-1.612
-0.366,-0.744
-0.293,1.881
-0.462,-0.82
-0.379,0.148
-0.715,0.658
-0.868,0.339
-0.816,-2.087
-0.821,1.432
-0.857,-0.031
-1.006,-0.889
-1.078,-1.956
-1.105,1.211
-0.979,0.971
-1.06,1.103
-1.239,1.858
-1.31,1.327
-1.208,-0.173
-1.207,-0.825
-1.331,-1.91
-1.429,-1.747
-1.422,-0.243
-1.439,-0.946
-1.484,0.616
-1.695,-0.532
-1.733,0.17
-2.093,-1.351
-2.124,-1.82
-2.057,1.894
-2.061,-1.592
-2.369,-0.907
-2.525,0.706
-2.602,-1.617
-2.713,0.752
-2.601,-0.834
-2.61,0.004
-2.729,0.56
-2.965,0.399
-2.992,0.39
3.128,-0.964
3.091,0.064
2.86,-0.306
2.817,-1.795
2.725,-0.453
2.603,0.329
2.548,-0.674
2.614,-0.847
2.466,1.082
2.521,-0.888
2.32,-1.161
2.143,-2.388
2.102,-2.26
1.654,-2.228
1.084,-2.056
0.804,-2.327
0.678,-2.152
0.575,-2.183
0.054,-2.395
0.081,-2.276
0.049,-2.557
-0.052,-2.423
-0.072,-2.422
-1.374,-2.238
-2.292,-2.422
-2.88,-2.166
-3.123,-2.549
2.956,-2.27
2.743,-2.393
2.725,-2.221
2.506,-2.126
2.523,-2.284
2.443,-2.257
2.299,2.156
2.075,2.1
1.726,2.115
1.818,2.204
1.486,2.056
1.374,2.163
1.333,2.191
1.243,1.843
0.277,1.98
-0.009,2.129
-0.051,2.232
-0.241,1.927
-0.649,2.073
-0.537,1.945
-1.097,2.228
-2.007,1.972
-2.54,2.1
3.005,2.252
2.884,1.907
2.76,2.166
1.438,1.021
1.315,-0.58
0.254,1.08
-1.505,0.058
-1.89,-0.61
3.012,-0.599
1.519,0.823
0.255,0.129
-0.246,-0.726
-0.724,0.125
-1.717,0.129
-1.897,0.125
-2.035,0.861
3.048,1.541
2.801,0.842
-1.168,-1.147
3.109,-1.369
2.335,0.277
-1.119,-2.37
-2.227,-1.806
2.945,-1.769
-1.583,-2.536
-1.556,-1.92
-0.038,-0.226
-0.106,-0.318
-0.061,-0.839
-0.222,0.174
-0.236,0.399
-0.184,0.375
-0.286,1.188
-0.341,2.308
-0.392,0.138
-0.48,-1.218
-0.413,0.412
-0.545,-1.079
-0.494,2.034
-0.567,-0.851
-0.64,2.446
-0.65,2.316
-0.571,-0.675
-0.726,1.481
-0.804,-1.429
-0.751,-0.07
-0.795,0.751
-0.783,-1.202
-0.785,-0.17
-0.904,-0.615
-1.009,0.173
-1.065,-0.545
-1.076,2.511
-1.082,2.202
-1.25,2.467
-1.183,1.089
-1.183,-0.314
-1.297,-1.479
-1.244,2.563
-1.24,0.797
-1.344,-0.489
-1.336,-1.365
-1.361,0.353
-1.312,1.723
-1.354,-1.104
-1.387,-0.711
-1.48,-0.386
-1.424,2.464
-1.42,2.333
-1.466,2.434
-1.548,-0.559
-1.499,1.199
-1.63,0.447
-1.633,-0.066
-1.61,2.034
-1.751,2.066
-1.77,0.709
-1.768,-0.776
-1.723,0.182
-1.727,0.499
-1.772,-0.28
-1.747,-1.354
-1.799,2.058
-1.745,2.071
-1.785,0.509
-1.851,0.627
-1.813,1.469
-1.797,1.226
-1.971,0.51
-1.908,0.125
-1.932,-1.374
-2.034,-0.463
-2.059,1.169
-2.08,2.122
-2.181,-1.142
-2.157,0.443
-2.186,-0.966
-2.264,-0.506
-2.282,-1.492
-2.342,0.089
-2.278,1.769
-2.283,2.031
-2.353,0.416
-2.38,-0.72
-2.329,-1.422
-2.475,0.803
-2.538,2.316
-2.551,-1.355
-2.485,1.445
-2.522,1.545
-2.621,-1.106
-2.668,0.508
-2.704,1.681
-2.782,-0.375
-2.845,0.994
-2.849,1.282
-3.074,0.853
-3.056,-0.419
-3.11,-0.611
-3.051,1.578
3.061,-1.432
2.987,-0.272
2.847,-0.906
2.915,0.449
2.796,-0.464
2.78,-0.361
2.658,1.048
2.713,2.342
2.683,-0.623
2.66,-0.02
2.533,1.095
2.613,-1.349
2.593,1.599
2.494,-0.152
2.446,1.036
2.409,-0.463
2.453,1.369
2.373,0.737
2.374,1.72
2.421,-0.339
2.377,-1.165
1.676,-1.533
0.382,-1.821
0.368,-1.561
0.266,-1.496
-0.308,-1.578
-0.326,-1.726
-0.452,-1.928
-0.625,-1.934
-0.735,-1.757
-1.107,-1.528
-1.258,-1.82
-1.465,-1.651
-1.476,-1.773
-1.602,-1.802
-1.679,-1.589
-1.921,-1.763
-2.037,-1.879
-2.088,-1.729
-2.816,-1.539
3.08,-1.55
2.996,-1.697
2.851,-1.51
2.801,-1.697
2.723,-1.788
2.689,-1.742
2.754,-1.579
2.37,-1.448
2.297,-1.774
2.028,2.779
1.988,2.807
1.348,2.798
1.074,2.745
0.688,2.889
0.592,2.699
0.357,2.518
-0.476,2.886
-0.465,2.893
-0.87,2.59
-0.804,2.774
-1.039,2.77
-1.068,2.91
-1.35,2.617
-2.072,2.755
-2.08,2.914
-2.576,2.761
-2.922,2.591
3.102,2.684
2.376,2.972
2.367,2.65
2.232,2.243
2.053,-1.209
0.453,2.109
0.165,-0.08
-1.452,2.136
-1.498,-0.65
2.779,1.359
1.648,-1.658
1.183,-1.756
-2.921,-1.497
2.397,2.424
2.362,-0.316
2.172,2.227
2.249,-0.897
2.214,0.042
1.996,0.452
2.006,0.987
1.951,1.008
1.823,2.387
1.914,1.416
1.794,2.078
1.696,-0.273
1.829,1.154
1.741,1.095
1.485,1.215
1.618,2.045
1.448,0.559
1.498,0.659
1.509,0.168
1.36,-1.25
1.412,-0.583
1.374,0.891
1.38,0.59
1.171,-1.408
1.174,-1.269
1.145,1.255
1.143,0.375
1.222,1.066
0.63,-0.386
0.471,1.077
0.607,0.894
0.581,-0.302
0.423,-1.315
0.36,-1.261
0.357,2.356
0.278,-0.23
0.214,1.239
0.129,-1.157
0.075,0.263
0.194,0.678
-0.017,-0.618
0.115,1.251
0.056,0.252
-0.059,1.372
-0.114,-1.035
-0.327,-1.006
-0.359,-0.138
-0.286,2.487
-0.455,-0.214
-0.372,0.754
-0.708,1.264
-0.861,0.945
-0.809,-1.481
-0.814,2.038
-0.85,0.575
-0.999,-0.283
-1.071,-1.35
-1.098,1.817
-0.972,1.577
-1.053,1.709
-1.232,2.464
-1.303,1.933
-1.201,0.433
-1.2,-0.219
-1.324,-1.304
-1.422,-1.141
-1.415,0.363
-1.432,-0.34
-1.477,1.222
-1.688,0.074
-1.726,0.776
-2.086,-0.745
-2.117,-1.214
-2.05,2.5
-2.054,-0.986
-2.362,-0.301
-2.518,1.312
-2.595,-1.011
-2.706,1.358
-2.594,-0.228
-2.603,0.61
-2.722,1.166
-2.958,1.005
-2.985,0.996
3.135,-0.358
3.098,0.67
2.867,0.3
2.824,-1.189
2.732,0.153
2.61,0.935
2.555,-0.068
2.621,-0.241
2.473,1.688
2.528,-0.282
2.327,-0.555
2.15,-1.782
2.109,-1.654
1.661,-1.622
1.091,-1.45
0.811,-1.721
0.685,-1.546
0.582,-1.577
0.061,-1.789
0.088,-1.67
0.056,-1.951
-0.045,-1.817
-0.065,-1.816
-1.367,-1.632
-2.285,-1.816
-2.873,-1.56
-3.116,-1.943
2.963,-1.664
2.75,-1.787
2.732,-1.615
2.513,-1.52
2.53,-1.678
2.45,-1.651
2.306,2.762
2.082,2.706
1.733,2.721
1.825,2.81
1.493,2.662
1.381,2.769
1.34,2.797
1.25,2.449
0.284,2.586
-0.002,2.735
-0.044,2.838
-0.234,2.533
-0.642,2.679
-0.53,2.551
-1.09,2.834
-2.0,2.578
-2.533,2.706
3.012,2.858
2.891,2.513
2.767,2.772
1.445,1.627
1.322,0.026
0.261,1.686
-1.498,0.664
-1.883,-0.004
3.019,0.007
1.526,1.429
0.262,0.735
-0.239,-0.12
-0.717,0.731
-1.71,0.735
-1.89,0.731
-2.028,1.467
3.055,2.147
2.808,1.448
-1.161,-0.541
3.116,-0.763
2.342,0.883
-1.112,-1.764
-2.22,-1.2
2.952,-1.163
-1.576,-1.93
-1.549,-1.314
-0.068,-0.092
-0.023,-0.613
-0.184,0.4
-0.198,0.625
-0.146,0.601
-0.248,1.414
-0.303,2.534
-0.354,0.364
-0.442,-0.992
-0.375,0.638
-0.507,-0.853
-0.456,2.26
-0.529,-0.625
-0.602,2.672
-0.612,2.542
-0.533,-0.449
-0.688,1.707
-0.766,-1.203
-0.713,0.156
-0.757,0.977
-0.745,-0.976
-0.747,0.056
-0.866,-0.389
-0.971,0.399
-1.027,-0.319
-1.038,2.737
-1.044,2.428
-1.212,2.693
-1.145,1.315
-1.145,-0.088
-1.259,-1.253
-1.206,2.789
-1.202,1.023
-1.306,-0.263
-1.298,-1.139
-1.323,0.579
-1.274,1.949
-1.316,-0.878
-1.349,-0.485
-1.442,-0.16
-1.386,2.69
-1.382,2.559
-1.428,2.66
-1.51,-0.333
-1.461,1.425
-1.592,0.673
-1.595,0.16
-1.572,2.26
-1.713,2.292
-1.732,0.935
-1.73,-0.55
-1.685,0.408
-1.689,0.725
-1.734,-0.054
-1.709,-1.128
-1.761,2.284
-1.707,2.297
-1.747,0.735
-1.813,0.853
-1.775,1.695
-1.759,1.452
-1.933,0.736
-1.87,0.351
-1.894,-1.148
-1.996,-0.237
-2.021,1.395
-2.042,2.348
-2.143,-0.916
-2.119,0.669
-2.148,-0.74
-2.226,-0.28
-2.244,-1.266
-2.304,0.315
-2.24,1.995
-2.245,2.257
-2.315,0.642
-2.342,-0.494
-2.291,-1.196
-2.437,1.029
-2.5,2.542
-2.513,-1.129
-2.447,1.671
-2.484,1.771
-2.583,-0.88
-2.63,0.734
-2.666,1.907
-2.744,-0.149
-2.807,1.22
-2.811,1.508
-3.036,1.079
-3.018,-0.193
-3.072,-0.385
-3.013,1.804
3.099,-1.206
3.025,-0.046
2.885,-0.68
2.953,0.675
2.834,-0.238
2.818,-0.135
2.696,1.274
2.751,2.568
2.721,-0.397
2.698,0.206
2.571,1.321
2.651,-1.123
2.631,1.825
2.532,0.074
2.484,1.262
2.447,-0.237
2.491,1.595
2.411,0.963
2.412,1.946
2.459,-0.113
2.415,-0.939
1.714,-1.307
0.42,-1.595
0.406,-1.335
0.304,-1.27
-0.27,-1.352
-0.288,-1.5
-0.414,-1.702
-0.587,-1.708
-0.697,-1.531
-1.069,-1.302
-1.22,-1.594
-1.427,-1.425
-1.438,-1.547
-1.564,-1.576
-1.641,-1.363
-1.883,-1.537
-1.999,-1.653
-2.05,-1.503
-2.778,-1.313
3.118,-1.324
3.034,-1.471
2.889,-1.284
2.839,-1.471
2.761,-1.562
2.727,-1.516
2.792,-1.353
2.408,-1.222
2.335,-1.548
2.066,3.005
2.026,3.033
1.386,3.024
1.112,2.971
0.726,3.115
0.63,2.925
0.395,2.744
-0.438,3.112
-0.427,3.119
-0.832,2.816
-0.766,3.0
-1.001,2.996
-1.03,3.136
-1.312,2.843
-2.034,2.981
-2.042,3.14
-2.538,2.987
-2.884,2.817
3.14,2.91
2.414,3.198
2.405,2.876
2.27,2.469
2.091,-0.983
0.491,2.335
0.203,0.146
-1.414,2.362
-1.46,-0.424
2.817,1.585
1.686,-1.432
1.221,-1.53
-2.883,-1.271
2.435,2.65
2.4,-0.09
2.21,2.453
2.287,-0.671
2.252,0.268
2.034,0.678
2.044,1.213
1.989,1.234
1.861,2.613
1.952,1.642
1.832,2.304
1.734,-0.047
1.867,1.38
1.779,1.321
1.523,1.441
1.656,2.271
1.486,0.785
1.536,0.885
1.547,0.394
1.398,-1.024
1.45,-0.357
1.412,1.117
1.418,0.816
1.209,-1.182
1.212,-1.043
1.183,1.481
1.181,0.601
1.26,1.292
0.668,-0.16
0.509,1.303
0.645,1.12
0.619,-0.076
0.461,-1.089
0.398,-1.035
0.395,2.582
0.316,-0.004
0.252,1.465
0.167,-0.931
0.113,0.489
0.232,0.904
0.021,-0.392
0.153,1.477
0.094,0.478
-0.021,1.598
-0.076,-0.809
-0.289,-0.78
-0.321,0.088
-0.248,2.713
-0.417,0.012
-0.334,0.98
-0.67,1.49
-0.823,1.171
-0.771,-1.255
-0.776,2.264
-0.812,0.801
-0.961,-0.057
-1.033,-1.124
-1.06,2.043
-0.934,1.803
-1.015,1.935
-1.194,2.69
-1.265,2.159
-1.163,0.659
-1.162,0.007
-1.286,-1.078
-1.384,-0.915
-1.377,0.589
-1.394,-0.114
-1.439,1.448
-1.65,0.3
-1.688,1.002
-2.048,-0.519
-2.079,-0.988
-2.012,2.726
-2.016,-0.76
-2.324,-0.075
-2.48,1.538
-2.557,-0.785
-2.668,1.584
-2.556,-0.002
-2.565,0.836
-2.684,1.392
-2.92,1.231
-2.947,1.222
-3.11,-0.132
3.136,0.896
2.905,0.526
2.862,-0.963
2.77,0.379
2.648,1.161
2.593,0.158
2.659,-0.015
2.511,1.914
2.566,-0.056
2.365,-0.329
2.188,-1.556
2.147,-1.428
1.699,-1.396
1.129,-1.224
0.849,-1.495
0.723,-1.32
0.62,-1.351
0.099,-1.563
0.126,-1.444
0.094,-1.725
-0.007,-1.591
-0.027,-1.59
-1.329,-1.406
-2.247,-1.59
-2.835,-1.334
-3.078,-1.717
3.001,-1.438
2.788,-1.561
2.77,-1.389
2.551,-1.294
2.568,-1.452
2.488,-1.425
2.344,2.988
2.12,2.932
1.771,2.947
1.863,3.036
1.531,2.888
1.419,2.995
1.378,3.023
1.288,2.675
0.322,2.812
0.036,2.961
-0.006,3.064
-0.196,2.759
-0.604,2.905
-0.492,2.777
-1.052,3.06
-1.962,2.804
-2.495,2.932
3.05,3.084
2.929,2.739
2.805,2.998
1.483,1.853
1.36,0.252
0.299,1.912
-1.46,0.89
-1.845,0.222
3.057,0.233
1.564,1.655
0.3,0.961
-0.201,0.106
-0.679,0.957
-1.672,0.961
-1.852,0.957
-1.99,1.693
3.093,2.373
2.846,1.674
-1.123,-0.315
-3.129,-0.537
2.38,1.109
-1.074,-1.538
-2.182,-0.974
2.99,-0.937
-1.538,-1.704
-1.511,-1.088
0.045,-0.521
-0.116,0.492
-0.13,0.717
-0.078,0.693
-0.18,1.506
-0.235,2.626
-0.286,0.456
-0.374,-0.9
-0.307,0.73
-0.439,-0.761
-0.388,2.352
-0.461,-0.533
-0.534,2.764
-0.544,2.634
-0.465,-0.357
-0.62,1.799
-0.698,-1.111
-0.645,0.248
-0.689,1.069
-0.677,-0.884
-0.679,0.148
-0.798,-0.297
-0.903,0.491
-0.959,-0.227
-0.97,2.829
-0.976,2.52
-1.144,2.785
-1.077,1.407
-1.077,0.004
-1.191,-1.161
-1.138,2.881
-1.134,1.115
-1.238,-0.171
-1.23,-1.047
-1.255,0.671
-1.206,2.041
-1.248,-0.786
-1.281,-0.393
-1.374,-0.068
-1.318,2.782
-1.314,2.651
-1.36,2.752
-1.442,-0.241
-1.393,1.517
-1.524,0.765
-1.527,0.252
-1.504,2.352
-1.645,2.384
-1.664,1.027
-1.662,-0.458
-1.617,0.5
-1.621,0.817
-1.666,0.038
-1.641,-1.036
-1.693,2.376
-1.639,2.389
-1.679,0.827
-1.745,0.945
-1.707,1.787
-1.691,1.544
-1.865,0.828
-1.802,0.443
-1.826,-1.056
-1.928,-0.145
-1.953,1.487
-1.974,2.44
-2.075,-0.824
-2.051,0.761
-2.08,-0.648
-2.158,-0.188
-2.176,-1.174
-2.236,0.407
-2.172,2.087
-2.177,2.349
-2.247,0.734
-2.274,-0.402
-2.223,-1.104
-2.369,1.121
-2.432,2.634
-2.445,-1.037
-2.379,1.763
-2.416,1.863
-2.515,-0.788
-2.562,0.826
-2.598,1.999
-2.676,-0.057
-2.739,1.312
-2.743,1.6
-2.968,1.171
-2.95,-0.101
-3.004,-0.293
-2.945,1.896
-3.116,-1.114
3.093,0.046
2.953,-0.588
3.021,0.767
2.902,-0.146
2.886,-0.043
2.764,1.366
2.819,2.66
2.789,-0.305
2.766,0.298
2.639,1.413
2.719,-1.031
2.699,1.917
2.6,0.166
2.552,1.354
2.515,-0.145
2.559,1.687
2.479,1.055
2.48,2.038
2.527,-0.021
2.483,-0.847
1.782,-1.215
0.488,-1.503
0.474,-1.243
0.372,-1.178
-0.202,-1.26
-0.22,-1.408
-0.346,-1.61
-0.519,-1.616
-0.629,-1.439
-1.001,-1.21
-1.152,-1.502
-1.359,-1.333
-1.37,-1.455
-1.496,-1.484
-1.573,-1.271
-1.815,-1.445
-1.931,-1.561
-1.982,-1.411
-2.71,-1.221
-3.097,-1.232
3.102,-1.379
2.957,-1.192
2.907,-1.379
2.829,-1.47
2.795,-1.424
2.86,-1.261
2.476,-1.13
2.403,-1.456
2.134,3.097
2.094,3.125
1.454,3.116
1.18,3.063
0.794,3.207
0.698,3.017
0.463,2.836
-0.37,3.204
-0.359,3.211
-0.764,2.908
-0.698,3.092
-0.933,3.088
-0.962,3.228
-1.244,2.935
-1.966,3.073
-1.974,3.232
-2.47,3.079
-2.816,2.909
-3.075,3.002
2.482,3.29
2.473,2.968
2.338,2.561
2.159,-0.891
0.559,2.427
0.271,0.238
-1.346,2.454
-1.392,-0.332
2.885,1.677
1.754,-1.34
1.289,-1.438
-2.815,-1.179
2.503,2.742
2.468,0.002
2.278,2.545
2.355,-0.579
2.32,0.36
2.102,0.77
2.112,1.305
2.057,1.326
1.929,2.705
2.02,1.734
1.9,2.396
1.802,0.045
1.935,1.472
1.847,1.413
1.591,1.533
1.724,2.363
1.554,0.877
1.604,0.977
1.615,0.486
1.466,-0.932
1.518,-0.265
1.48,1.209
1.486,0.908
1.277,-1.09
1.28,-0.951
1.251,1.573
1.249,0.693
1.328,1.384
0.736,-0.068
0.577,1.395
0.713,1.212
0.687,0.016
0.529,-0.997
0.466,-0.943
0.463,2.674
0.384,0.088
0.32,1.557
0.235,-0.839
0.181,0.581
0.3,0.996
0.089,-0.3
0.221,1.569
0.162,0.57
0.047,1.69
-0.008,-0.717
-0.221,-0.688
-0.253,0.18
-0.18,2.805
-0.349,0.104
-0.266,1.072
-0.602,1.582
-0.755,1.263
-0.703,-1.163
-0.708,2.356
-0.744,0.893
-0.893,0.035
-0.965,-1.032
-0.992,2.135
-0.866,1.895
-0.947,2.027
-1.126,2.782
-1.197,2.251
-1.095,0.751
-1.094,0.099
-1.218,-0.986
-1.316,-0.823
-1.309,0.681
-1.326,-0.022
-1.371,1.54
-1.582,0.392
-1.62,1.094
-1.98,-0.427
-2.011,-0.896
-1.944,2.818
-1.948,-0.668
-2.256,0.017
-2.412,1.63
-2.489,-0.693
-2.6,1.676
-2.488,0.09
-2.497,0.928
-2.616,1.484
-2.852,1.323
-2.879,1.314
-3.042,-0.04
-3.079,0.988
2.973,0.618
2.93,-0.871
2.838,0.471
2.716,1.253
2.661,0.25
2.727,0.077
2.579,2.006
2.634,0.036
2.433,-0.237
2.256,-1.464
2.215,-1.336
1.767,-1.304
1.197,-1.132
0.917,-1.403
0.791,-1.228
0.688,-1.259
0.167,-1.471
0.194,-1.352
0.162,-1.633
0.061,-1.499
0.041,-1.498
-1.261,-1.314
-2.179,-1.498
-2.767,-1.242
-3.01,-1.625
3.069,-1.346
2.856,-1.469
2.838,-1.297
2.619,-1.202
2.636,-1.36
2.556,-1.333
2.412,3.08
2.188,3.024
1.839,3.039
1.931,3.128
1.599,2.98
1.487,3.087
1.446,3.115
1.356,2.767
0.39,2.904
0.104,3.053
0.062,3.156
-0.128,2.851
-0.536,2.997
-0.424,2.869
-0.984,3.152
-1.894,2.896
-2.427,3.024
3.118,3.176
2.997,2.831
2.873,3.09
1.551,1.945
1.428,0.344
0.367,2.004
-1.392,0.982
-1.777,0.314
3.125,0.325
1.632,1.747
0.368,1.053
-0.133,0.198
-0.611,1.049
-1.604,1.053
-1.784,1.049
-1.922,1.785
-3.122,2.465
2.914,1.766
-1.055,-0.223
-3.061,-0.445
2.448,1.201
-1.006,-1.446
-2.114,-0.882
3.058,-0.845
-1.47,-1.612
-1.443,-0.996
-0.161,1.013
-0.175,1.238
-0.123,1.214
-0.225,2.027
-0.28,3.147
-0.331,0.977
-0.419,-0.379
-0.352,1.251
-0.484,-0.24
-0.433,2.873
-0.506,-0.012
-0.579,3.285
-0.589,3.155
-0.51,0.164
-0.665,2.32
-0.743,-0.59
-0.69,0.769
-0.734,1.59
-0.722,-0.363
-0.724,0.669
-0.843,0.224
-0.948,1.012
-1.004,0.294
-1.015,3.35
-1.021,3.041
-1.189,3.306
-1.122,1.928
-1.122,0.525
-1.236,-0.64
-1.183,3.402
-1.179,1.636
-1.283,0.35
-1.275,-0.526
-1.3,1.192
-1.251,2.562
-1.293,-0.265
-1.326,0.128
-1.419,0.453
-1.363,3.303
-1.359,3.172
-1.405,3.273
-1.487,0.28
-1.438,2.038
-1.569,1.286
-1.572,0.773
-1.549,2.873
-1.69,2.905
-1.709,1.548
-1.707,0.063
-1.662,1.021
-1.666,1.338
-1.711,0.559
-1.686,-0.515
-1.738,2.897
-1.684,2.91
-1.724,1.348
-1.79,1.466
-1.752,2.308
-1.736,2.065
-1.91,1.349
-1.847,0.964
-1.871,-0.535
-1.973,0.376
-1.998,2.008
-2.019,2.961
-2.12,-0.303
-2.096,1.282
-2.125,-0.127
-2.203,0.333
-2.221,-0.653
-2.281,0.928
-2.217,2.608
-2.222,2.87
-2.292,1.255
-2.319,0.119
-2.268,-0.583
-2.414,1.642
-2.477,3.155
-2.49,-0.516
-2.424,2.284
-2.461,2.384
-2.56,-0.267
-2.607,1.347
-2.643,2.52
-2.721,0.464
-2.784,1.833
-2.788,2.121
-3.013,1.692
-2.995,0.42
-3.049,0.228
-2.99,2.417
3.122,-0.593
3.048,0.567
2.908,-0.067
2.976,1.288
2.857,0.375
2.841,0.478
2.719,1.887
2.774,3.181
2.744,0.216
2.721,0.819
2.594,1.934
2.674,-0.51
2.654,2.438
2.555,0.687
2.507,1.875
2.47,0.376
2.514,2.208
2.434,1.576
2.435,2.559
2.482,0.5
2.438,-0.326
1.737,-0.694
0.443,-0.982
0.429,-0.722
0.327,-0.657
-0.247,-0.739
-0.265,-0.887
-0.391,-1.089
-0.564,-1.095
-0.674,-0.918
-1.046,-0.689
-1.197,-0.981
-1.404,-0.812
-1.415,-0.934
-1.541,-0.963
-1.618,-0.75
-1.86,-0.924
-1.976,-1.04
-2.027,-0.89
-2.755,-0.7
3.141,-0.711
3.057,-0.858
2.912,-0.671
2.862,-0.858
2.784,-0.949
2.75,-0.903
2.815,-0.74
2.431,-0.609
2.358,-0.935
2.089,3.618
2.049,3.646
1.409,3.637
1.135,3.584
0.749,3.728
0.653,3.538
0.418,3.357
-0.415,3.725
-0.404,3.732
-0.809,3.429
-0.743,3.613
-0.978,3.609
-1.007,3.749
-1.289,3.456
-2.011,3.594
-2.019,3.753
-2.515,3.6
-2.861,3.43
-3.12,3.523
2.437,3.811
2.428,3.489
2.293,3.082
2.114,-0.37
0.514,2.948
0.226,0.759
-1.391,2.975
-1.437,0.189
2.84,2.198
1.709,-0.819
1.244,-0.917
-2.86,-0.658
2.458,3.263
2.423,0.523
2.233,3.066
2.31,-0.058
2.275,0.881
2.057,1.291
2.067,1.826
2.012,1.847
1.884,3.226
1.975,2.255
1.855,2.917
1.757,0.566
1.89,1.993
1.802,1.934
1.546,2.054
1.679,2.884
1.509,1.398
1.559,1.498
1.57,1.007
1.421,-0.411
1.473,0.256
1.435,1.73
1.441,1.429
1.232,-0.569
1.235,-0.43
1.206,2.094
1.204,1.214
1.283,1.905
0.691,0.453
0.532,1.916
0.668,1.733
0.642,0.537
0.484,-0.476
0.421,-0.422
0.418,3.195
0.339,0.609
0.275,2.078
0.19,-0.318
0.136,1.102
0.255,1.517
0.044,0.221
0.176,2.09
0.117,1.091
0.002,2.211
-0.053,-0.196
-0.266,-0.167
-0.298,0.701
-0.225,3.326
-0.394,0.625
-0.311,1.593
-0.647,2.103
-0.8,1.784
-0.748,-0.642
-0.753,2.877
-0.789,1.414
-0.938,0.556
-1.01,-0.511
-1.037,2.656
-0.911,2.416
-0.992,2.548
-1.171,3.303
-1.242,2.772
-1.14,1.272
-1.139,0.62
-1.263,-0.465
-1.361,-0.302
-1.354,1.202
-1.371,0.499
-1.416,2.061
-1.627,0.913
-1.665,1.615
-2.025,0.094
-2.056,-0.375
-1.989,3.339
-1.993,-0.147
-2.301,0.538
-2.457,2.151
-2.534,-0.172
-2.645,2.197
-2.533,0.611
-2.542,1.449
-2.661,2.005
-2.897,1.844
-2.924,1.835
-3.087,0.481
-3.124,1.509
2.928,1.139
2.885,-0.35
2.793,0.992
2.671,1.774
2.616,0.771
2.682,0.598
2.534,2.527
2.589,0.557
2.388,0.284
2.211,-0.943
2.17,-0.815
1.722,-0.783
1.152,-0.611
0.872,-0.882
0.746,-0.707
0.643,-0.738
0.122,-0.95
0.149,-0.831
0.117,-1.112
0.016,-0.978
-0.004,-0.977
-1.306,-0.793
-2.224,-0.977
-2.812,-0.721
-3.055,-1.104
3.024,-0.825
2.811,-0.948
2.793,-0.776
2.574,-0.681
2.591,-0.839
2.511,-0.812
2.367,3.601
2.143,3.545
1.794,3.56
1.886,3.649
1.554,3.501
1.442,3.608
1.401,3.636
1.311,3.288
0.345,3.425
0.059,3.574
0.017,3.677
-0.173,3.372
-0.581,3.518
-0.469,3.39
-1.029,3.673
-1.939,3.417
-2.472,3.545
3.073,3.697
2.952,3.352
2.828,3.611
1.506,2.466
1.383,0.865
0.322,2.525
-1.437,1.503
-1.822,0.835
3.08,0.846
1.587,2.268
0.323,1.574
-0.178,0.719
-0.656,1.57
-1.649,1.574
-1.829,1.57
-1.967,2.306
3.116,2.986
2.869,2.287
-1.1,0.298
-3.106,0.076
2.403,1.722
-1.051,-0.925
-2.159,-0.361
3.013,-0.324
-1.515,-1.091
-1.488,-0.475
-0.014,0.225
0.038,0.201
-0.064,1.014
-0.119,2.134
-0.17,-0.036
-0.258,-1.392
-0.191,0.238
-0.323,-1.253
-0.272,1.86
-0.345,-1.025
-0.418,2.272
-0.428,2.142
-0.349,-0.849
-0.504,1.307
-0.582,-1.603
-0.529,-0.244
-0.573,0.577
-0.561,-1.376
-0.563,-0.344
-0.682,-0.789
-0.787,-0.001
-0.843,-0.719
-0.854,2.337
-0.86,2.028
-1.028,2.293
-0.961,0.915
-0.961,-0.488
-1.075,-1.653
-1.022,2.389
-1.018,0.623
-1.122,-0.663
-1.114,-1.539
-1.139,0.179
-1.09,1.549
-1.132,-1.278
-1.165,-0.885
-1.258,-0.56
-1.202,2.29
-1.198,2.159
-1.244,2.26
-1.326,-0.733
-1.277,1.025
-1.408,0.273
-1.411,-0.24
-1.388,1.86
-1.529,1.892
-1.548,0.535
-1.546,-0.95
-1.501,0.008
-1.505,0.325
-1.55,-0.454
-1.525,-1.528
-1.577,1.884
-1.523,1.897
-1.563,0.335
-1.629,0.453
-1.591,1.295
-1.575,1.052
-1.749,0.336
-1.686,-0.049
-1.71,-1.548
-1.812,-0.637
-1.837,0.995
-1.858,1.948
-1.959,-1.316
-1.935,0.269
-1.964,-1.14
-2.042,-0.68
-2.06,-1.666
-2.12,-0.085
-2.056,1.595
-2.061,1.857
-2.131,0.242
-2.158,-0.894
-2.107,-1.596
-2.253,0.629
-2.316,2.142
-2.329,-1.529
-2.263,1.271
-2.3,1.371
-2.399,-1.28
-2.446,0.334
-2.482,1.507
-2.56,-0.549
-2.623,0.82
-2.627,1.108
-2.852,0.679
-2.834,-0.593
-2.888,-0.785
-2.829,1.404
-3.0,-1.606
-3.074,-0.446
3.069,-1.08
3.137,0.275
3.018,-0.638
3.002,-0.535
2.88,0.874
2.935,2.168
2.905,-0.797
2.882,-0.194
2.755,0.921
2.835,-1.523
2.815,1.425
2.716,-0.326
2.668,0.862
2.631,-0.637
2.675,1.195
2.595,0.563
2.596,1.546
2.643,-0.513
2.599,-1.339
1.898,-1.707
0.604,-1.995
0.59,-1.735
0.488,-1.67
-0.086,-1.752
-0.104,-1.9
-0.23,-2.102
-0.403,-2.108
-0.513,-1.931
-0.885,-1.702
-1.036,-1.994
-1.243,-1.825
-1.254,-1.947
-1.38,-1.976
-1.457,-1.763
-1.699,-1.937
-1.815,-2.053
-1.866,-1.903
-2.594,-1.713
-2.981,-1.724
-3.065,-1.871
3.073,-1.684
3.023,-1.871
2.945,-1.962
2.911,-1.916
2.976,-1.753
2.592,-1.622
2.519,-1.948
2.25,2.605
2.21,2.633
1.57,2.624
1.296,2.571
0.91,2.715
0.814,2.525
0.579,2.344
-0.254,2.712
-0.243,2.719
-0.648,2.416
-0.582,2.6
-0.817,2.596
-0.846,2.736
-1.128,2.443
-1.85,2.581
-1.858,2.74
-2.354,2.587
-2.7,2.417
-2.959,2.51
2.598,2.798
2.589,2.476
2.454,2.069
2.275,-1.383
0.675,1.935
0.387,-0.254
-1.23,1.962
-1.276,-0.824
3.001,1.185
1.87,-1.832
1.405,-1.93
-2.699,-1.671
2.619,2.25
2.584,-0.49
2.394,2.053
2.471,-1.071
2.436,-0.132
2.218,0.278
2.228,0.813
2.173,0.834
2.045,2.213
2.136,1.242
2.016,1.904
1.918,-0.447
2.051,0.98
1.963,0.921
1.707,1.041
1.84,1.871
1.67,0.385
1.72,0.485
1.731,-0.006
1.582,-1.424
1.634,-0.757
1.596,0.717
1.602,0.416
1.393,-1.582
1.396,-1.443
1.367,1.081
1.365,0.201
1.444,0.892
0.852,-0.56
0.693,0.903
0.829,0.72
0.803,-0.476
0.645,-1.489
0.582,-1.435
0.579,2.182
0.5,-0.404
0.436,1.065
0.351,-1.331
0.297,0.089
0.416,0.504
0.205,-0.792
0.337,1.077
0.278,0.078
0.163,1.198
0.108,-1.209
-0.105,-1.18
-0.137,-0.312
-0.064,2.313
-0.233,-0.388
-0.15,0.58
-0.486,1.09
-0.639,0.771
-0.587,-1.655
-0.592,1.864
-0.628,0.401
-0.777,-0.457
-0.849,-1.524
-0.876,1.643
-0.75,1.403
-0.831,1.535
-1.01,2.29
-1.081,1.759
-0.979,0.259
-0.978,-0.393
-1.102,-1.478
-1.2,-1.315
-1.193,0.189
-1.21,-0.514
-1.255,1.048
-1.466,-0.1
-1.504,0.602
-1.864,-0.919
-1.895,-1.388
-1.828,2.326
-1.832,-1.16
-2.14,-0.475
-2.296,1.138
-2.373,-1.185
-2.484,1.184
-2.372,-0.402
-2.381,0.436
-2.5,0.992
-2.736,0.831
-2.763,0.822
-2.926,-0.532
-2.963,0.496
3.089,0.126
3.046,-1.363
2.954,-0.021
2.832,0.761
2.777,-0.242
2.843,-0.415
2.695,1.514
2.75,-0.456
2.549,-0.729
2.372,-1.956
2.331,-1.828
1.883,-1.796
1.313,-1.624
1.033,-1.895
0.907,-1.72
0.804,-1.751
0.283,-1.963
0.31,-1.844
0.278,-2.125
0.177,-1.991
0.157,-1.99
-1.145,-1.806
-2.063,-1.99
-2.651,-1.734
-2.894,-2.117
-3.098,-1.838
2.972,-1.961
2.954,-1.789
2.735,-1.694
2.752,-1.852
2.672,-1.825
2.528,2.588
2.304,2.532
1.955,2.547
2.047,2.636
1.715,2.488
1.603,2.595
1.562,2.623
1.472,2.275
0.506,2.412
0.22,2.561
0.178,2.664
-0.012,2.359
-0.42,2.505
-0.308,2.377
-0.868,2.66
-1.778,2.404
-2.311,2.532
-3.049,2.684
3.113,2.339
2.989,2.598
1.667,1.453
1.544,-0.148
0.483,1.512
-1.276,0.49
-1.661,-0.178
-3.042,-0.167
1.748,1.255
0.484,0.561
-0.017,-0.294
-0.495,0.557
-1.488,0.561
-1.668,0.557
-1.806,1.293
-3.006,1.973
3.03,1.274
-0.939,-0.715
-2.945,-0.937
2.564,0.709
-0.89,-1.938
-1.998,-1.374
-3.109,-1.337
-1.354,-2.104
-1.327,-1.488
0.052,-0.024
-0.05,0.789
-0.105,1.909
-0.156,-0.261
-0.244,-1.617
-0.177,0.013
-0.309,-1.478
-0.258,1.635
-0.331,-1.25
-0.404,2.047
-0.414,1.917
-0.335,-1.074
-0.49,1.082
-0.568,-1.828
-0.515,-0.469
-0.559,0.352
-0.547,-1.601
-0.549,-0.569
-0.668,-1.014
-0.773,-0.226
-0.829,-0.944
-0.84,2.112
-0.846,1.803
-1.014,2.068
-0.947,0.69
-0.947,-0.713
-1.061,-1.878
-1.008,2.164
-1.004,0.398
-1.108,-0.888
-1.1,-1.764
-1.125,-0.046
-1.076,1.324
-1.118,-1.503
-1.151,-1.11
-1.244,-0.785
-1.188,2.065
-1.184,1.934
-1.23,2.035
-1.312,-0.958
-1.263,0.8
-1.394,0.048
-1.397,-0.465
-1.374,1.635
-1.515,1.667
-1.534,0.31
-1.532,-1.175
-1.487,-0.217
-1.491,0.1
-1.536,-0.679
-1.511,-1.753
-1.563,1.659
-1.509,1.672
-1.549,0.11
-1.615,0.228
-1.577,1.07
-1.561,0.827
-1.735,0.111
-1.672,-0.274
-1.696,-1.773
-1.798,-0.862
-1.823,0.77
-1.844,1.723
-1.945,-1.541
-1.921,0.044
-1.95,-1.365
-2.028,-0.905
-2.046,-1.891
-2.106,-0.31
-2.042,1.37
-2.047,1.632
-2.117,0.017
-2.144,-1.119
-2.093,-1.821
-2.239,0.404
-2.302,1.917
-2.315,-1.754
-2.249,1.046
-2.286,1.146
-2.385,-1.505
-2.432,0.109
-2.468,1.282
-2.546,-0.774
-2.609,0.595
-2.613,0.883
-2.838,0.454
-2.82,-0.818
-2.874,-1.01
-2.815,1.179
-2.986,-1.831
-3.06,-0.671
3.083,-1.305
-3.132,0.05
3.032,-0.863
3.016,-0.76
2.894,0.649
2.949,1.943
2.919,-1.022
2.896,-0.419
2.769,0.696
2.849,-1.748
2.829,1.2
2.73,-0.551
2.682,0.637
2.645,-0.862
2.689,0.97
2.609,0.338
2.61,1.321
2.657,-0.738
2.613,-1.564
1.912,-1.932
0.618,-2.22
0.604,-1.96
0.502,-1.895
-0.072,-1.977
-0.09,-2.125
-0.216,-2.327
-0.389,-2.333
-0.499,-2.156
-0.871,-1.927
-1.022,-2.219
-1.229,-2.05
-1.24,-2.172
-1.366,-2.201
-1.443,-1.988
-1.685,-2.162
-1.801,-2.278
-1.852,-2.128
-2.58,-1.938
-2.967,-1.949
-3.051,-2.096
3.087,-1.909
3.037,-2.096
2.959,-2.187
2.925,-2.141
2.99,-1.978
2.606,-1.847
2.533,-2.173
2.264,2.38
2.224,2.408
1.584,2.399
1.31,2.346
0.924,2.49
0.828,2.3
0.593,2.119
-0.24,2.487
-0.229,2.494
-0.634,2.191
-0.568,2.375
-0.803,2.371
-0.832,2.511
-1.114,2.218
-1.836,2.356
-1.844,2.515
-2.34,2.362
-2.686,2.192
-2.945,2.285
2.612,2.573
2.603,2.251
2.468,1.844
2.289,-1.608
0.689,1.71
0.401,-0.479
-1.216,1.737
-1.262,-1.049
3.015,0.96
1.884,-2.057
1.419,-2.155
-2.685,-1.896
2.633,2.025
2.598,-0.715
2.408,1.828
2.485,-1.296
2.45,-0.357
2.232,0.053
2.242,0.588
2.187,0.609
2.059,1.988
2.15,1.017
2.03,1.679
1.932,-0.672
2.065,0.755
1.977,0.696
1.721,0.816
1.854,1.646
1.684,0.16
1.734,0.26
1.745,-0.231
1.596,-1.649
1.648,-0.982
1.61,0.492
1.616,0.191
1.407,-1.807
1.41,-1.668
1.381,0.856
1.379,-0.024
1.458,0.667
0.866,-0.785
0.707,0.678
0.843,0.495
0.817,-0.701
0.659,-1.714
0.596,-1.66
0.593,1.957
0.514,-0.629
0.45,0.84
0.365,-1.556
0.311,-0.136
0.43,0.279
0.219,-1.017
0.351,0.852
0.292,-0.147
0.177,0.973
0.122,-1.434
-0.091,-1.405
-0.123,-0.537
-0.05,2.088
-0.219,-0.613
-0.136,0.355
-0.472,0.865
-0.625,0.546
-0.573,-1.88
-0.578,1.639
-0.614,0.176
-0.763,-0.682
-0.835,-1.749
-0.862,1.418
-0.736,1.178
-0.817,1.31
-0.996,2.065
-1.067,1.534
-0.965,0.034
-0.964,-0.618
-1.088,-1.703
-1.186,-1.54
-1.179,-0.036
-1.196,-0.739
-1.241,0.823
-1.452,-0.325
-1.49,0.377
-1.85,-1.144
-1.881,-1.613
-1.814,2.101
-1.818,-1.385
-2.126,-0.7
-2.282,0.913
-2.359,-1.41
-2.47,0.959
-2.358,-0.627
-2.367,0.211
-2.486,0.767
-2.722,0.606
-2.749,0.597
-2.912,-0.757
-2.949,0.271
3.103,-0.099
3.06,-1.588
2.968,-0.246
2.846,0.536
2.791,-0.467
2.857,-0.64
2.709,1.289
2.764,-0.681
2.563,-0.954
2.386,-2.181
2.345,-2.053
1.897,-2.021
1.327,-1.849
1.047,-2.12
0.921,-1.945
0.818,-1.976
0.297,-2.188
0.324,-2.069
0.292,-2.35
0.191,-2.216
0.171,-2.215
-1.131,-2.031
-2.049,-2.215
-2.637,-1.959
-2.88,-2.342
-3.084,-2.063
2.986,-2.186
2.968,-2.014
2.749,-1.919
2.766,-2.077
2.686,-2.05
2.542,2.363
2.318,2.307
1.969,2.322
2.061,2.411
1.729,2.263
1.617,2.37
1.576,2.398
1.486,2.05
0.52,2.187
0.234,2.336
0.192,2.439
0.002,2.134
-0.406,2.28
-0.294,2.152
-0.854,2.435
-1.764,2.179
-2.297,2.307
-3.035,2.459
3.127,2.114
3.003,2.373
1.681,1.228
1.558,-0.373
0.497,1.287
-1.262,0.265
-1.647,-0.403
-3.028,-0.392
1.762,1.03
0.498,0.336
-0.003,-0.519
-0.481,0.332
-1.474,0.336
-1.654,0.332
-1.792,1.068
-2.992,1.748
3.044,1.049
-0.925,-0.94
-2.931,-1.162
2.578,0.484
-0.876,-2.163
-1.984,-1.599
-3.095,-1.562
-1.34,-2.329
-1.313,-1.713
-0.102,0.813
-0.157,1.933
-0.208,-0.237
-0.296,-1.593
-0.229,0.037
-0.361,-1.454
-0.31,1.659
-0.383,-1.226
-0.456,2.071
-0.466,1.941
-0.387,-1.05
-0.542,1.106
-0.62,-1.804
-0.567,-0.445
-0.611,0.376
-0.599,-1.577
-0.601,-0.545
-0.72,-0.99
-0.825,-0.202
-0.881,-0.92
-0.892,2.136
-0.898,1.827
-1.066,2.092
-0.999,0.714
-0.999,-0.689
-1.113,-1.854
-1.06,2.188
-1.056,0.422
-1.16,-0.864
-1.152,-1.74
-1.177,-0.022
-1.128,1.348
-1.17,-1.479
-1.203,-1.086
-1.296,-0.761
-1.24,2.089
-1.236,1.958
-1.282,2.059
-1.364,-0.934
-1.315,0.824
-1.446,0.072
-1.449,-0.441
-1.426,1.659
-1.567,1.691
-1.586,0.334
-1.584,-1.151
-1.539,-0.193
-1.543,0.124
-1.588,-0.655
-1.563,-1.729
-1.615,1.683
-1.561,1.696
-1.601,0.134
-1.667,0.252
-1.629,1.094
-1.613,0.851
-1.787,0.135
-1.724,-0.25
-1.748,-1.749
-1.85,-0.838
-1.875,0.794
-1.896,1.747
-1.997,-1.517
-1.973,0.068
-2.002,-1.341
-2.08,-0.881
-2.098,-1.867
-2.158,-0.286
-2.094,1.394
-2.099,1.656
-2.169,0.041
-2.196,-1.095
-2.145,-1.797
-2.291,0.428
-2.354,1.941
-2.367,-1.73
-2.301,1.07
-2.338,1.17
-2.437,-1.481
-2.484,0.133
-2.52,1.306
-2.598,-0.75
-2.661,0.619
-2.665,0.907
-2.89,0.478
-2.872,-0.794
-2.926,-0.986
-2.867,1.203
-3.038,-1.807
-3.112,-0.647
3.031,-1.281
3.099,0.074
2.98,-0.839
2.964,-0.736
2.842,0.673
2.897,1.967
2.867,-0.998
2.844,-0.395
2.717,0.72
2.797,-1.724
2.777,1.224
2.678,-0.527
2.63,0.661
2.593,-0.838
2.637,0.994
2.557,0.362
2.558,1.345
2.605,-0.714
2.561,-1.54
1.86,-1.908
0.566,-2.196
0.552,-1.936
0.45,-1.871
-0.124,-1.953
-0.142,-2.101
-0.268,-2.303
-0.441,-2.309
-0.551,-2.132
-0.923,-1.903
-1.074,-2.195
-1.281,-2.026
-1.292,-2.148
-1.418,-2.177
-1.495,-1.964
-1.737,-2.138
-1.853,-2.254
-1.904,-2.104
-2.632,-1.914
-3.019,-1.925
-3.103,-2.072
3.035,-1.885
2.985,-2.072
2.907,-2.163
2.873,-2.117
2.938,-1.954
2.554,-1.823
2.481,-2.149
2.212,2.404
2.172,2.432
1.532,2.423
1.258,2.37
0.872,2.514
0.776,2.324
0.541,2.143
-0.292,2.511
-0.281,2.518
-0.686,2.215
-0.62,2.399
-0.855,2.395
-0.884,2.535
-1.166,2.242
-1.888,2.38
-1.896,2.539
-2.392,2.386
-2.738,2.216
-2.997,2.309
2.56,2.597
2.551,2.275
2.416,1.868
2.237,-1.584
0.637,1.734
0.349,-0.455
-1.268,1.761
-1.314,-1.025
2.963,0.984
1.832,-2.033
1.367,-2.131
-2.737,-1.872
2.581,2.049
2.546,-0.691
2.356,1.852
2.433,-1.272
2.398,-0.333
2.18,0.077
2.19,0.612
2.135,0.633
2.007,2.012
2.098,1.041
1.978,1.703
1.88,-0.648
2.013,0.779
1.925,0.72
1.669,0.84
1.802,1.67
1.632,0.184
1.682,0.284
1.693,-0.207
1.544,-1.625
1.596,-0.958
1.558,0.516
1.564,0.215
1.355,-1.783
1.358,-1.644
1.329,0.88
1.327,0.0
1.406,0.691
0.814,-0.761
0.655,0.702
0.791,0.519
0.765,-0.677
0.607,-1.69
0.544,-1.636
0.541,1.981
0.462,-0.605
0.398,0.864
0.313,-1.532
0.259,-0.112
0.378,0.303
0.167,-0.993
0.299,0.876
0.24,-0.123
0.125,0.997
0.07,-1.41
-0.143,-1.381
-0.175,-0.513
-0.102,2.112
-0.271,-0.589
-0.188,0.379
-0.524,0.889
-0.677,0.57
-0.625,-1.856
-0.63,1.663
-0.666,0.2
-0.815,-0.658
-0.887,-1.725
-0.914,1.442
-0.788,1.202
-0.869,1.334
-1.048,2.089
-1.119,1.558
-1.017,0.058
-1.016,-0.594
-1.14,-1.679
-1.238,-1.516
-1.231,-0.012
-1.248,-0.715
-1.293,0.847
-1.504,-0.301
-1.542,0.401
-1.902,-1.12
-1.933,-1.589
-1.866,2.125
-1.87,-1.361
-2.178,-0.676
-2.334,0.937
-2.411,-1.386
-2.522,0.983
-2.41,-0.603
-2.419,0.235
-2.538,0.791
-2.774,0.63
-2.801,0.621
-2.964,-0.733
-3.001,0.295
3.051,-0.075
3.008,-1.564
2.916,-0.222
2.794,0.56
2.739,-0.443
2.805,-0.616
2.657,1.313
2.712,-0.657
2.511,-0.93
2.334,-2.157
2.293,-2.029
1.845,-1.997
1.275,-1.825
0.995,-2.096
0.869,-1.921
0.766,-1.952
0.245,-2.164
0.272,-2.045
0.24,-2.326
0.139,-2.192
0.119,-2.191
-1.183,-2.007
-2.101,-2.191
-2.689,-1.935
-2.932,-2.318
-3.136,-2.039
2.934,-2.162
2.916,-1.99
2.697,-1.895
2.714,-2.053
2.634,-2.026
2.49,2.387
2.266,2.331
1.917,2.346
2.009,2.435
1.677,2.287
1.565,2.394
1.524,2.422
1.434,2.074
0.468,2.211
0.182,2.36
0.14,2.463
-0.05,2.158
-0.458,2.304
-0.346,2.176
-0.906,2.459
-1.816,2.203
-2.349,2.331
-3.087,2.483
3.075,2.138
2.951,2.397
1.629,1.252
1.506,-0.349
0.445,1.311
-1.314,0.289
-1.699,-0.379
-3.08,-0.368
1.71,1.054
0.446,0.36
-0.055,-0.495
-0.533,0.356
-1.526,0.36
-1.706,0.356
-1.844,1.092
-3.044,1.772
2.992,1.073
-0.977,-0.916
-2.983,-1.138
2.526,0.508
-0.928,-2.139
-2.036,-1.575
3.136,-1.538
-1.392,-2.305
-1.365,-1.689
-0.055,1.12
-0.106,-1.05
-0.194,-2.406
-0.127,-0.776
-0.259,-2.267
-0.208,0.846
-0.281,-2.039
-0.354,1.258
-0.364,1.128
-0.285,-1.863
-0.44,0.293
-0.518,-2.617
-0.465,-1.258
-0.509,-0.437
-0.497,-2.39
-0.499,-1.358
-0.618,-1.803
-0.723,-1.015
-0.779,-1.733
-0.79,1.323
-0.796,1.014
-0.964,1.279
-0.897,-0.099
-0.897,-1.502
-1.011,-2.667
-0.958,1.375
-0.954,-0.391
-1.058,-1.677
-1.05,-2.553
-1.075,-0.835
-1.026,0.535
-1.068,-2.292
-1.101,-1.899
-1.194,-1.574
-1.138,1.276
-1.134,1.145
-1.18,1.246
-1.262,-1.747
-1.213,0.011
-1.344,-0.741
-1.347,-1.254
-1.324,0.846
-1.465,0.878
-1.484,-0.479
-1.482,-1.964
-1.437,-1.006
-1.441,-0.689
-1.486,-1.468
-1.461,-2.542
-1.513,0.87
-1.459,0.883
-1.499,-0.679
-1.565,-0.561
-1.527,0.281
-1.511,0.038
-1.685,-0.678
-1.622,-1.063
-1.646,-2.562
-1.748,-1.651
-1.773,-0.019
-1.794,0.934
-1.895,-2.33
-1.871,-0.745
-1.9,-2.154
-1.978,-1.694
-1.996,-2.68
-2.056,-1.099
-1.992,0.581
-1.997,0.843
-2.067,-0.772
-2.094,-1.908
-2.043,-2.61
-2.189,-0.385
-2.252,1.128
-2.265,-2.543
-2.199,0.257
-2.236,0.357
-2.335,-2.294
-2.382,-0.68
-2.418,0.493
-2.496,-1.563
-2.559,-0.194
-2.563,0.094
-2.788,-0.335
-2.77,-1.607
-2.824,-1.799
-2.765,0.39
-2.936,-2.62
-3.01,-1.46
3.133,-2.094
-3.082,-0.739
3.082,-1.652
3.066,-1.549
2.944,-0.14
2.999,1.154
2.969,-1.811
2.946,-1.208
2.819,-0.093
2.899,-2.537
2.879,0.411
2.78,-1.34
2.732,-0.152
2.695,-1.651
2.739,0.181
2.659,-0.451
2.66,0.532
2.707,-1.527
2.663,-2.353
1.962,-2.721
0.668,-3.009
0.654,-2.749
0.552,-2.684
-0.022,-2.766
-0.04,-2.914
-0.166,-3.116
-0.339,-3.122
-0.449,-2.945
-0.821,-2.716
-0.972,-3.008
-1.179,-2.839
-1.19,-2.961
-1.316,-2.99
-1.393,-2.777
-1.635,-2.951
-1.751,-3.067
-1.802,-2.917
-2.53,-2.727
-2.917,-2.738
-3.001,-2.885
3.137,-2.698
3.087,-2.885
3.009,-2.976
2.975,-2.93
3.04,-2.767
2.656,-2.636
2.583,-2.962
2.314,1.591
2.274,1.619
1.634,1.61
1.36,1.557
0.974,1.701
0.878,1.511
0.643,1.33
-0.19,1.698
-0.179,1.705
-0.584,1.402
-0.518,1.586
-0.753,1.582
-0.782,1.722
-1.064,1.429
-1.786,1.567
-1.794,1.726
-2.29,1.573
-2.636,1.403
-2.895,1.496
2.662,1.784
2.653,1.462
2.518,1.055
2.339,-2.397
0.739,0.921
0.451,-1.268
-1.166,0.948
-1.212,-1.838
3.065,0.171
1.934,-2.846
1.469,-2.944
-2.635,-2.685
2.683,1.236
2.648,-1.504
2.458,1.039
2.535,-2.085
2.5,-1.146
2.282,-0.736
2.292,-0.201
2.237,-0.18
2.109,1.199
2.2,0.228
2.08,0.89
1.982,-1.461
2.115,-0.034
2.027,-0.093
1.771,0.027
1.904,0.857
1.734,-0.629
1.784,-0.529
1.795,-1.02
1.646,-2.438
1.698,-1.771
1.66,-0.297
1.666,-0.598
1.457,-2.596
1.46,-2.457
1.431,0.067
1.429,-0.813
1.508,-0.122
0.916,-1.574
0.757,-0.111
0.893,-0.294
0.867,-1.49
0.709,-2.503
0.646,-2.449
0.643,1.168
0.564,-1.418
0.5,0.051
0.415,-2.345
0.361,-0.925
0.48,-0.51
0.269,-1.806
0.401,0.063
0.342,-0.936
0.227,0.184
0.172,-2.223
-0.041,-2.194
-0.073,-1.326
0.0,1.299
-0.169,-1.402
-0.086,-0.434
-0.422,0.076
-0.575,-0.243
-0.523,-2.669
-0.528,0.85
-0.564,-0.613
-0.713,-1.471
-0.785,-2.538
-0.812,0.629
-0.686,0.389
-0.767,0.521
-0.946,1.276
-1.017,0.745
-0.915,-0.755
-0.914,-1.407
-1.038,-2.492
-1.136,-2.329
-1.129,-0.825
-1.146,-1.528
-1.191,0.034
-1.402,-1.114
-1.44,-0.412
-1.8,-1.933
-1.831,-2.402
-1.764,1.312
-1.768,-2.174
-2.076,-1.489
-2.232,0.124
-2.309,-2.199
-2.42,0.17
-2.308,-1.416
-2.317,-0.578
-2.436,-0.022
-2.672,-0.183
-2.699,-0.192
-2.862,-1.546
-2.899,-0.518
-3.13,-0.888
3.11,-2.377
3.018,-1.035
2.896,-0.253
2.841,-1.256
2.907,-1.429
2.759,0.5
2.814,-1.47
2.613,-1.743
2.436,-2.97
2.395,-2.842
1.947,-2.81
1.377,-2.638
1.097,-2.909
0.971,-2.734
0.868,-2.765
0.347,-2.977
0.374,-2.858
0.342,-3.139
0.241,-3.005
0.221,-3.004
-1.081,-2.82
-1.999,-3.004
-2.587,-2.748
-2.83,-3.131
-3.034,-2.852
3.036,-2.975
3.018,-2.803
2.799,-2.708
2.816,-2.866
2.736,-2.839
2.592,1.574
2.368,1.518
2.019,1.533
2.111,1.622
1.779,1.474
1.667,1.581
1.626,1.609
1.536,1.261
0.57,1.398
0.284,1.547
0.242,1.65
0.052,1.345
-0.356,1.491
-0.244,1.363
-0.804,1.646
-1.714,1.39
-2.247,1.518
-2.985,1.67
-3.106,1.325
3.053,1.584
1.731,0.439
1.608,-1.162
0.547,0.498
-1.212,-0.524
-1.597,-1.192
-2.978,-1.181
1.812,0.241
0.548,-0.453
0.047,-1.308
-0.431,-0.457
-1.424,-0.453
-1.604,-0.457
-1.742,0.279
-2.942,0.959
3.094,0.26
-0.875,-1.729
-2.881,-1.951
2.628,-0.305
-0.826,-2.952
-1.934,-2.388
-3.045,-2.351
-1.29,-3.118
-1.263,-2.502
-0.051,-2.17
-0.139,-3.526
-0.072,-1.896
-0.204,-3.387
-0.153,-0.274
-0.226,-3.159
-0.299,0.138
-0.309,0.008
-0.23,-2.983
-0.385,-0.827
-0.463,-3.737
-0.41,-2.378
-0.454,-1.557
-0.442,-3.51
-0.444,-2.478
-0.563,-2.923
-0.668,-2.135
-0.724,-2.853
-0.735,0.203
-0.741,-0.106
-0.909,0.159
-0.842,-1.219
-0.842,-2.622
-0.956,-3.787
-0.903,0.255
-0.899,-1.511
-1.003,-2.797
-0.995,-3.673
-1.02,-1.955
-0.971,-0.585
-1.013,-3.412
-1.046,-3.019
-1.139,-2.694
-1.083,0.156
-1.079,0.025
-1.125,0.126
-1.207,-2.867
-1.158,-1.109
-1.289,-1.861
-1.292,-2.374
-1.269,-0.274
-1.41,-0.242
-1.429,-1.599
-1.427,-3.084
-1.382,-2.126
-1.386,-1.809
-1.431,-2.588
-1.406,-3.662
-1.458,-0.25
-1.404,-0.237
-1.444,-1.799
-1.51,-1.681
-1.472,-0.839
-1.456,-1.082
-1.63,-1.798
-1.567,-2.183
-1.591,-3.682
-1.693,-2.771
-1.718,-1.139
-1.739,-0.186
-1.84,-3.45
-1.816,-1.865
-1.845,-3.274
-1.923,-2.814
-1.941,-3.8
-2.001,-2.219
-1.937,-0.539
-1.942,-0.277
-2.012,-1.892
-2.039,-3.028
-1.988,-3.73
-2.134,-1.505
-2.197,0.008
-2.21,-3.663
-2.144,-0.863
-2.181,-0.763
-2.28,-3.414
-2.327,-1.8
-2.363,-0.627
-2.441,-2.683
-2.504,-1.314
-2.508,-1.026
-2.733,-1.455
-2.715,-2.727
-2.769,-2.919
-2.71,-0.73
-2.881,-3.74
-2.955,-2.58
-3.095,-3.214
-3.027,-1.859
3.137,-2.772
3.121,-2.669
2.999,-1.26
3.054,0.034
3.024,-2.931
3.001,-2.328
2.874,-1.213
2.954,-3.657
2.934,-0.709
2.835,-2.46
2.787,-1.272
2.75,-2.771
2.794,-0.939
2.714,-1.571
2.715,-0.588
2.762,-2.647
2.718,-3.473
2.017,-3.841
0.723,-4.129
0.709,-3.869
0.607,-3.804
0.033,-3.886
0.015,-4.034
-0.111,-4.236
-0.284,-4.242
-0.394,-4.065
-0.766,-3.836
-0.917,-4.128
-1.124,-3.959
-1.135,-4.081
-1.261,-4.11
-1.338,-3.897
-1.58,-4.071
-1.696,-4.187
-1.747,-4.037
-2.475,-3.847
-2.862,-3.858
-2.946,-4.005
-3.091,-3.818
-3.141,-4.005
3.064,-4.096
3.03,-4.05
3.095,-3.887
2.711,-3.756
2.638,-4.082
2.369,0.471
2.329,0.499
1.689,0.49
1.415,0.437
1.029,0.581
0.933,0.391
0.698,0.21
-0.135,0.578
-0.124,0.585
-0.529,0.282
-0.463,0.466
-0.698,0.462
-0.727,0.602
-1.009,0.309
-1.731,0.447
-1.739,0.606
-2.235,0.453
-2.581,0.283
-2.84,0.376
2.717,0.664
2.708,0.342
2.573,-0.065
2.394,-3.517
0.794,-0.199
0.506,-2.388
-1.111,-0.172
-1.157,-2.958
3.12,-0.949
1.989,-3.966
1.524,-4.064
-2.58,-3.805
2.738,0.116
2.703,-2.624
2.513,-0.081
2.59,-3.205
2.555,-2.266
2.337,-1.856
2.347,-1.321
2.292,-1.3
2.164,0.079
2.255,-0.892
2.135,-0.23
2.037,-2.581
2.17,-1.154
2.082,-1.213
1.826,-1.093
1.959,-0.263
1.789,-1.749
1.839,-1.649
1.85,-2.14
1.701,-3.558
1.753,-2.891
1.715,-1.417
1.721,-1.718
1.512,-3.716
1.515,-3.577
1.486,-1.053
1.484,-1.933
1.563,-1.242
0.971,-2.694
0.812,-1.231
0.948,-1.414
0.922,-2.61
0.764,-3.623
0.701,-3.569
0.698,0.048
0.619,-2.538
0.555,-1.069
0.47,-3.465
0.416,-2.045
0.535,-1.63
0.324,-2.926
0.456,-1.057
0.397,-2.056
0.282,-0.936
0.227,-3.343
0.014,-3.314
-0.018,-2.446
0.055,0.179
-0.114,-2.522
-0.031,-1.554
-0.367,-1.044
-0.52,-1.363
-0.468,-3.789
-0.473,-0.27
-0.509,-1.733
-0.658,-2.591
-0.73,-3.658
-0.757,-0.491
-0.631,-0.731
-0.712,-0.599
-0.891,0.156
-0.962,-0.375
-0.86,-1.875
-0.859,-2.527
-0.983,-3.612
-1.081,-3.449
-1.074,-1.945
-1.091,-2.648
-1.136,-1.086
-1.347,-2.234
-1.385,-1.532
-1.745,-3.053
-1.776,-3.522
-1.709,0.192
-1.713,-3.294
-2.021,-2.609
-2.177,-0.996
-2.254,-3.319
-2.365,-0.95
-2.253,-2.536
-2.262,-1.698
-2.381,-1.142
-2.617,-1.303
-2.644,-1.312
-2.807,-2.666
-2.844,-1.638
-3.075,-2.008
-3.118,-3.497
3.073,-2.155
2.951,-1.373
2.896,-2.376
2.962,-2.549
2.814,-0.62
2.869,-2.59
2.668,-2.863
2.491,-4.09
2.45,-3.962
2.002,-3.93
1.432,-3.758
1.152,-4.029
1.026,-3.854
0.923,-3.885
0.402,-4.097
0.429,-3.978
0.397,-4.259
0.296,-4.125
0.276,-4.124
-1.026,-3.94
-1.944,-4.124
-2.532,-3.868
-2.775,-4.251
-2.979,-3.972
3.091,-4.095
3.073,-3.923
2.854,-3.828
2.871,-3.986
2.791,-3.959
2.647,0.454
2.423,0.398
2.074,0.413
2.166,0.502
1.834,0.354
1.722,0.461
1.681,0.489
1.591,0.141
0.625,0.278
0.339,0.427
0.297,0.53
0.107,0.225
-0.301,0.371
-0.189,0.243
-0.749,0.526
-1.659,0.27
-2.192,0.398
-2.93,0.55
-3.051,0.205
3.108,0.464
1.786,-0.681
1.663,-2.282
0.602,-0.622
-1.157,-1.644
-1.542,-2.312
-2.923,-2.301
1.867,-0.879
0.603,-1.573
0.102,-2.428
-0.376,-1.577
-1.369,-1.573
-1.549,-1.577
-1.687,-0.841
-2.887,-0.161
-3.134,-0.86
-0.82,-2.849
-2.826,-3.071
2.683,-1.425
-0.771,-4.072
-1.879,-3.508
-2.99,-3.471
-1.235,-4.238
-1.208,-3.622
-0.088,-1.356
-0.021,0.274
-0.153,-1.217
-0.102,1.896
-0.175,-0.989
-0.248,2.308
-0.258,2.178
-0.179,-0.813
-0.334,1.343
-0.412,-1.567
-0.359,-0.208
-0.403,0.613
-0.391,-1.34
-0.393,-0.308
-0.512,-0.753
-0.617,0.035
-0.673,-0.683
-0.684,2.373
-0.69,2.064
-0.858,2.329
-0.791,0.951
-0.791,-0.452
-0.905,-1.617
-0.852,2.425
-0.848,0.659
-0.952,-0.627
-0.944,-1.503
-0.969,0.215
-0.92,1.585
-0.962,-1.242
-0.995,-0.849
-1.088,-0.524
-1.032,2.326
-1.028,2.195
-1.074,2.296
-1.156,-0.697
-1.107,1.061
-1.238,0.309
-1.241,-0.204
-1.218,1.896
-1.359,1.928
-1.378,0.571
-1.376,-0.914
-1.331,0.044
-1.335,0.361
-1.38,-0.418
-1.355,-1.492
-1.407,1.92
-1.353,1.933
-1.393,0.371
-1.459,0.489
-1.421,1.331
-1.405,1.088
-1.579,0.372
-1.516,-0.013
-1.54,-1.512
-1.642,-0.601
-1.667,1.031
-1.688,1.984
-1.789,-1.28
-1.765,0.305
-1.794,-1.104
-1.872,-0.644
-1.89,-1.63
-1.95,-0.049
-1.886,1.631
-1.891,1.893
-1.961,0.278
-1.988,-0.858
-1.937,-1.56
-2.083,0.665
-2.146,2.178
-2.159,-1.493
-2.093,1.307
-2.13,1.407
-2.229,-1.244
-2.276,0.37
-2.312,1.543
-2.39,-0.513
-2.453,0.856
-2.457,1.144
-2.682,0.715
-2.664,-0.557
-2.718,-0.749
-2.659,1.44
-2.83,-1.57
-2.904,-0.41
-3.044,-1.044
-2.976,0.311
-3.095,-0.602
-3.111,-0.499
3.05,0.91
3.105,2.204
3.075,-0.761
3.052,-0.158
2.925,0.957
3.005,-1.487
2.985,1.461
2.886,-0.29
2.838,0.898
2.801,-0.601
2.845,1.231
2.765,0.599
2.766,1.582
2.813,-0.477
2.769,-1.303
2.068,-1.671
0.774,-1.959
0.76,-1.699
0.658,-1.634
0.084,-1.716
0.066,-1.864
-0.06,-2.066
-0.233,-2.072
-0.343,-1.895
-0.715,-1.666
-0.866,-1.958
-1.073,-1.789
-1.084,-1.911
-1.21,-1.94
-1.287,-1.727
-1.529,-1.901
-1.645,-2.017
-1.696,-1.867
-2.424,-1.677
-2.811,-1.688
-2.895,-1.835
-3.04,-1.648
-3.09,-1.835
3.115,-1.926
3.081,-1.88
-3.137,-1.717
2.762,-1.586
2.689,-1.912
2.42,2.641
2.38,2.669
1.74,2.66
1.466,2.607
1.08,2.751
0.984,2.561
0.749,2.38
-0.084,2.748
-0.073,2.755
-0.478,2.452
-0.412,2.636
-0.647,2.632
-0.676,2.772
-0.958,2.479
-1.68,2.617
-1.688,2.776
-2.184,2.623
-2.53,2.453
-2.789,2.546
2.768,2.834
2.759,2.512
2.624,2.105
2.445,-1.347
0.845,1.971
0.557,-0.218
-1.06,1.998
-1.106,-0.788
-3.112,1.221
2.04,-1.796
1.575,-1.894
-2.529,-1.635
2.789,2.286
2.754,-0.454
2.564,2.089
2.641,-1.035
2.606,-0.096
2.388,0.314
2.398,0.849
2.343,0.87
2.215,2.249
2.306,1.278
2.186,1.94
2.088,-0.411
2.221,1.016
2.133,0.957
1.877,1.077
2.01,1.907
1.84,0.421
1.89,0.521
1.901,0.03
1.752,-1.388
1.804,-0.721
1.766,0.753
1.772,0.452
1.563,-1.546
1.566,-1.407
1.537,1.117
1.535,0.237
1.614,0.928
1.022,-0.524
0.863,0.939
0.999,0.756
0.973,-0.44
0.815,-1.453
0.752,-1.399
0.749,2.218
0.67,-0.368
0.606,1.101
0.521,-1.295
0.467,0.125
0.586,0.54
0.375,-0.756
0.507,1.113
0.448,0.114
0.333,1.234
0.278,-1.173
0.065,-1.144
0.033,-0.276
0.106,2.349
-0.063,-0.352
0.02,0.616
-0.316,1.126
-0.469,0.807
-0.417,-1.619
-0.422,1.9
-0.458,0.437
-0.607,-0.421
-0.679,-1.488
-0.706,1.679
-0.58,1.439
-0.661,1.571
-0.84,2.326
-0.911,1.795
-0.809,0.295
-0.808,-0.357
-0.932,-1.442
-1.03,-1.279
-1.023,0.225
-1.04,-0.478
-1.085,1.084
-1.296,-0.064
-1.334,0.638
-1.694,-0.883
-1.725,-1.352
-1.658,2.362
-1.662,-1.124
-1.97,-0.439
-2.126,1.174
-2.203,-1.149
-2.314,1.22
-2.202,-0.366
-2.211,0.472
-2.33,1.028
-2.566,0.867
-2.593,0.858
-2.756,-0.496
-2.793,0.532
-3.024,0.162
-3.067,-1.327
3.124,0.015
3.002,0.797
2.947,-0.206
3.013,-0.379
2.865,1.55
2.92,-0.42
2.719,-0.693
2.542,-1.92
2.501,-1.792
2.053,-1.76
1.483,-1.588
1.203,-1.859
1.077,-1.684
0.974,-1.715
0.453,-1.927
0.48,-1.808
0.448,-2.089
0.347,-1.955
0.327,-1.954
-0.975,-1.77
-1.893,-1.954
-2.481,-1.698
-2.724,-2.081
-2.928,-1.802
-3.141,-1.925
3.124,-1.753
2.905,-1.658
2.922,-1.816
2.842,-1.789
2.698,2.624
2.474,2.568
2.125,2.583
2.217,2.672
1.885,2.524
1.773,2.631
1.732,2.659
1.642,2.311
0.676,2.448
0.39,2.597
0.348,2.7
0.158,2.395
-0.25,2.541
-0.138,2.413
-0.698,2.696
-1.608,2.44
-2.141,2.568
-2.879,2.72
-3.0,2.375
-3.124,2.634
1.837,1.489
1.714,-0.112
0.653,1.548
-1.106,0.526
-1.491,-0.142
-2.872,-0.131
1.918,1.291
0.654,0.597
0.153,-0.258
-0.325,0.593
-1.318,0.597
-1.498,0.593
-1.636,1.329
-2.836,2.009
-3.083,1.31
-0.769,-0.679
-2.775,-0.901
2.734,0.745
-0.72,-1.902
-1.828,-1.338
-2.939,-1.301
-1.184,-2.068
-1.157,-1.452
0.067,1.63
-0.065,0.139
-0.014,3.252
-0.087,0.367
-0.16,3.664
-0.17,3.534
-0.091,0.543
-0.246,2.699
-0.324,-0.211
-0.271,1.148
-0.315,1.969
-0.303,0.016
-0.305,1.048
-0.424,0.603
-0.529,1.391
-0.585,0.673
-0.596,3.729
-0.602,3.42
-0.77,3.685
-0.703,2.307
-0.703,0.904
-0.817,-0.261
-0.764,3.781
-0.76,2.015
-0.864,0.729
-0.856,-0.147
-0.881,1.571
-0.832,2.941
-0.874,0.114
-0.907,0.507
-1.0,0.832
-0.944,3.682
-0.94,3.551
-0.986,3.652
-1.068,0.659
-1.019,2.417
-1.15,1.665
-1.153,1.152
-1.13,3.252
-1.271,3.284
-1.29,1.927
-1.288,0.442
-1.243,1.4
-1.247,1.717
-1.292,0.938
-1.267,-0.136
-1.319,3.276
-1.265,3.289
-1.305,1.727
-1.371,1.845
-1.333,2.687
-1.317,2.444
-1.491,1.728
-1.428,1.343
-1.452,-0.156
-1.554,0.755
-1.579,2.387
-1.6,3.34
-1.701,0.076
-1.677,1.661
-1.706,0.252
-1.784,0.712
-1.802,-0.274
-1.862,1.307
-1.798,2.987
-1.803,3.249
-1.873,1.634
-1.9,0.498
-1.849,-0.204
-1.995,2.021
-2.058,3.534
-2.071,-0.137
-2.005,2.663
-2.042,2.763
-2.141,0.112
-2.188,1.726
-2.224,2.899
-2.302,0.843
-2.365,2.212
-2.369,2.5
-2.594,2.071
-2.576,0.799
-2.63,0.607
-2.571,2.796
-2.742,-0.214
-2.816,0.946
-2.956,0.312
-2.888,1.667
-3.007,0.754
-3.023,0.857
3.138,2.266
-3.09,3.56
-3.12,0.595
3.14,1.198
3.013,2.313
3.093,-0.131
3.073,2.817
2.974,1.066
2.926,2.254
2.889,0.755
2.933,2.587
2.853,1.955
2.854,2.938
2.901,0.879
2.857,0.053
2.156,-0.315
0.862,-0.603
0.848,-0.343
0.746,-0.278
0.172,-0.36
0.154,-0.508
0.028,-0.71
-0.145,-0.716
-0.255,-0.539
-0.627,-0.31
-0.778,-0.602
-0.985,-0.433
-0.996,-0.555
-1.122,-0.584
-1.199,-0.371
-1.441,-0.545
-1.557,-0.661
-1.608,-0.511
-2.336,-0.321
-2.723,-0.332
-2.807,-0.479
-2.952,-0.292
-3.002,-0.479
-3.08,-0.57
-3.114,-0.524
-3.049,-0.361
2.85,-0.23
2.777,-0.556
2.508,3.997
2.468,4.025
1.828,4.016
1.554,3.963
1.168,4.107
1.072,3.917
0.837,3.736
0.004,4.104
0.015,4.111
-0.39,3.808
-0.324,3.992
-0.559,3.988
-0.588,4.128
-0.87,3.835
-1.592,3.973
-1.6,4.132
-2.096,3.979
-2.442,3.809
-2.701,3.902
2.856,4.19
2.847,3.868
2.712,3.461
2.533,0.009
0.933,3.327
0.645,1.138
-0.972,3.354
-1.018,0.568
-3.024,2.577
2.128,-0.44
1.663,-0.538
-2.441,-0.279
2.877,3.642
2.842,0.902
2.652,3.445
2.729,0.321
2.694,1.26
2.476,1.67
2.486,2.205
2.431,2.226
2.303,3.605
2.394,2.634
2.274,3.296
2.176,0.945
2.309,2.372
2.221,2.313
1.965,2.433
2.098,3.263
1.928,1.777
1.978,1.877
1.989,1.386
1.84,-0.032
1.892,0.635
1.854,2.109
1.86,1.808
1.651,-0.19
1.654,-0.051
1.625,2.473
1.623,1.593
1.702,2.284
1.11,0.832
0.951,2.295
1.087,2.112
1.061,0.916
0.903,-0.097
0.84,-0.043
0.837,3.574
0.758,0.988
0.694,2.457
0.609,0.061
0.555,1.481
0.674,1.896
0.463,0.6
0.595,2.469
0.536,1.47
0.421,2.59
0.366,0.183
0.153,0.212
0.121,1.08
0.194,3.705
0.025,1.004
0.108,1.972
-0.228,2.482
-0.381,2.163
-0.329,-0.263
-0.334,3.256
-0.37,1.793
-0.519,0.935
-0.591,-0.132
-0.618,3.035
-0.492,2.795
-0.573,2.927
-0.752,3.682
-0.823,3.151
-0.721,1.651
-0.72,0.999
-0.844,-0.086
-0.942,0.077
-0.935,1.581
-0.952,0.878
-0.997,2.44
-1.208,1.292
-1.246,1.994
-1.606,0.473
-1.637,0.004
-1.57,3.718
-1.574,0.232
-1.882,0.917
-2.038,2.53
-2.115,0.207
-2.226,2.576
-2.114,0.99
-2.123,1.828
-2.242,2.384
-2.478,2.223
-2.505,2.214
-2.668,0.86
-2.705,1.888
-2.936,1.518
-2.979,0.029
-3.071,1.371
3.09,2.153
3.035,1.15
3.101,0.977
2.953,2.906
3.008,0.936
2.807,0.663
2.63,-0.564
2.589,-0.436
2.141,-0.404
1.571,-0.232
1.291,-0.503
1.165,-0.328
1.062,-0.359
0.541,-0.571
0.568,-0.452
0.536,-0.733
0.435,-0.599
0.415,-0.598
-0.887,-0.414
-1.805,-0.598
-2.393,-0.342
-2.636,-0.725
-2.84,-0.446
-3.053,-0.569
-3.071,-0.397
2.993,-0.302
3.01,-0.46
2.93,-0.433
2.786,3.98
2.562,3.924
2.213,3.939
2.305,4.028
1.973,3.88
1.861,3.987
1.82,4.015
1.73,3.667
0.764,3.804
0.478,3.953
0.436,4.056
0.246,3.751
-0.162,3.897
-0.05,3.769
-0.61,4.052
-1.52,3.796
-2.053,3.924
-2.791,4.076
-2.912,3.731
-3.036,3.99
1.925,2.845
1.802,1.244
0.741,2.904
-1.018,1.882
-1.403,1.214
-2.784,1.225
2.006,2.647
0.742,1.953
0.241,1.098
-0.237,1.949
-1.23,1.953
-1.41,1.949
-1.548,2.685
-2.748,3.365
-2.995,2.666
-0.681,0.677
-2.687,0.455
2.822,2.101
-0.632,-0.546
-1.74,0.018
-2.851,0.055
-1.096,-0.712
-1.069,-0.096
-0.132,-1.491
-0.081,1.622
-0.154,-1.263
-0.227,2.034
-0.237,1.904
-0.158,-1.087
-0.313,1.069
-0.391,-1.841
-0.338,-0.482
-0.382,0.339
-0.37,-1.614
-0.372,-0.582
-0.491,-1.027
-0.596,-0.239
-0.652,-0.957
-0.663,2.099
-0.669,1.79
-0.837,2.055
-0.77,0.677
-0.77,-0.726
-0.884,-1.891
-0.831,2.151
-0.827,0.385
-0.931,-0.901
-0.923,-1.777
-0.948,-0.059
-0.899,1.311
-0.941,-1.516
-0.974,-1.123
-1.067,-0.798
-1.011,2.052
-1.007,1.921
-1.053,2.022
-1.135,-0.971
-1.086,0.787
-1.217,0.035
-1.22,-0.478
-1.197,1.622
-1.338,1.654
-1.357,0.297
-1.355,-1.188
-1.31,-0.23
-1.314,0.087
-1.359,-0.692
-1.334,-1.766
-1.386,1.646
-1.332,1.659
-1.372,0.097
-1.438,0.215
-1.4,1.057
-1.384,0.814
-1.558,0.098
-1.495,-0.287
-1.519,-1.786
-1.621,-0.875
-1.646,0.757
-1.667,1.71
-1.768,-1.554
-1.744,0.031
-1.773,-1.378
-1.851,-0.918
-1.869,-1.904
-1.929,-0.323
-1.865,1.357
-1.87,1.619
-1.94,0.004
-1.967,-1.132
-1.916,-1.834
-2.062,0.391
-2.125,1.904
-2.138,-1.767
-2.072,1.033
-2.109,1.133
-2.208,-1.518
-2.255,0.096
-2.291,1.269
-2.369,-0.787
-2.432,0.582
-2.436,0.87
-2.661,0.441
-2.643,-0.831
-2.697,-1.023
-2.638,1.166
-2.809,-1.844
-2.883,-0.684
-3.023,-1.318
-2.955,0.037
-3.074,-0.876
-3.09,-0.773
3.071,0.636
3.126,1.93
3.096,-1.035
3.073,-0.432
2.946,0.683
3.026,-1.761
3.006,1.187
2.907,-0.564
2.859,0.624
2.822,-0.875
2.866,0.957
2.786,0.325
2.787,1.308
2.834,-0.751
2.79,-1.577
2.089,-1.945
0.795,-2.233
0.781,-1.973
0.679,-1.908
0.105,-1.99
0.087,-2.138
-0.039,-2.34
-0.212,-2.346
-0.322,-2.169
-0.694,-1.94
-0.845,-2.232
-1.052,-2.063
-1.063,-2.185
-1.189,-2.214
-1.266,-2.001
-1.508,-2.175
-1.624,-2.291
-1.675,-2.141
-2.403,-1.951
-2.79,-1.962
-2.874,-2.109
-3.019,-1.922
-3.069,-2.109
3.136,-2.2
3.102,-2.154
-3.116,-1.991
2.783,-1.86
2.71,-2.186
2.441,2.367
2.401,2.395
1.761,2.386
1.487,2.333
1.101,2.477
1.005,2.287
0.77,2.106
-0.063,2.474
-0.052,2.481
-0.457,2.178
-0.391,2.362
-0.626,2.358
-0.655,2.498
-0.937,2.205
-1.659,2.343
-1.667,2.502
-2.163,2.349
-2.509,2.179
-2.768,2.272
2.789,2.56
2.78,2.238
2.645,1.831
2.466,-1.621
0.866,1.697
0.578,-0.492
-1.039,1.724
-1.085,-1.062
-3.091,0.947
2.061,-2.07
1.596,-2.168
-2.508,-1.909
2.81,2.012
2.775,-0.728
2.585,1.815
2.662,-1.309
2.627,-0.37
2.409,0.04
2.419,0.575
2.364,0.596
2.236,1.975
2.327,1.004
2.207,1.666
2.109,-0.685
2.242,0.742
2.154,0.683
1.898,0.803
2.031,1.633
1.861,0.147
1.911,0.247
1.922,-0.244
1.773,-1.662
1.825,-0.995
1.787,0.479
1.793,0.178
1.584,-1.82
1.587,-1.681
1.558,0.843
1.556,-0.037
1.635,0.654
1.043,-0.798
0.884,0.665
1.02,0.482
0.994,-0.714
0.836,-1.727
0.773,-1.673
0.77,1.944
0.691,-0.642
0.627,0.827
0.542,-1.569
0.488,-0.149
0.607,0.266
0.396,-1.03
0.528,0.839
0.469,-0.16
0.354,0.96
0.299,-1.447
0.086,-1.418
0.054,-0.55
0.127,2.075
-0.042,-0.626
0.041,0.342
-0.295,0.852
-0.448,0.533
-0.396,-1.893
-0.401,1.626
-0.437,0.163
-0.586,-0.695
-0.658,-1.762
-0.685,1.405
-0.559,1.165
-0.64,1.297
-0.819,2.052
-0.89,1.521
-0.788,0.021
-0.787,-0.631
-0.911,-1.716
-1.009,-1.553
-1.002,-0.049
-1.019,-0.752
-1.064,0.81
-1.275,-0.338
-1.313,0.364
-1.673,-1.157
-1.704,-1.626
-1.637,2.088
-1.641,-1.398
-1.949,-0.713
-2.105,0.9
-2.182,-1.423
-2.293,0.946
-2.181,-0.64
-2.19,0.198
-2.309,0.754
-2.545,0.593
-2.572,0.584
-2.735,-0.77
-2.772,0.258
-3.003,-0.112
-3.046,-1.601
-3.138,-0.259
3.023,0.523
2.968,-0.48
3.034,-0.653
2.886,1.276
2.941,-0.694
2.74,-0.967
2.563,-2.194
2.522,-2.066
2.074,-2.034
1.504,-1.862
1.224,-2.133
1.098,-1.958
0.995,-1.989
0.474,-2.201
0.501,-2.082
0.469,-2.363
0.368,-2.229
0.348,-2.228
-0.954,-2.044
-1.872,-2.228
-2.46,-1.972
-2.703,-2.355
-2.907,-2.076
-3.12,-2.199
-3.138,-2.027
2.926,-1.932
2.943,-2.09
2.863,-2.063
2.719,2.35
2.495,2.294
2.146,2.309
2.238,2.398
1.906,2.25
1.794,2.357
1.753,2.385
1.663,2.037
0.697,2.174
0.411,2.323
0.369,2.426
0.179,2.121
-0.229,2.267
-0.117,2.139
-0.677,2.422
-1.587,2.166
-2.12,2.294
-2.858,2.446
-2.979,2.101
-3.103,2.36
1.858,1.215
1.735,-0.386
0.674,1.274
-1.085,0.252
-1.47,-0.416
-2.851,-0.405
1.939,1.017
0.675,0.323
0.174,-0.532
-0.304,0.319
-1.297,0.323
-1.477,0.319
-1.615,1.055
-2.815,1.735
-3.062,1.036
-0.748,-0.953
-2.754,-1.175
2.755,0.471
-0.699,-2.176
-1.807,-1.612
-2.918,-1.575
-1.163,-2.342
-1.136,-1.726
0.051,3.113
-0.022,0.228
-0.095,3.525
-0.105,3.395
-0.026,0.404
-0.181,2.56
-0.259,-0.35
-0.206,1.009
-0.25,1.83
-0.238,-0.123
-0.24,0.909
-0.359,0.464
-0.464,1.252
-0.52,0.534
-0.531,3.59
-0.537,3.281
-0.705,3.546
-0.638,2.168
-0.638,0.765
-0.752,-0.4
-0.699,3.642
-0.695,1.876
-0.799,0.59
-0.791,-0.286
-0.816,1.432
-0.767,2.802
-0.809,-0.025
-0.842,0.368
-0.935,0.693
-0.879,3.543
-0.875,3.412
-0.921,3.513
-1.003,0.52
-0.954,2.278
-1.085,1.526
-1.088,1.013
-1.065,3.113
-1.206,3.145
-1.225,1.788
-1.223,0.303
-1.178,1.261
-1.182,1.578
-1.227,0.799
-1.202,-0.275
-1.254,3.137
-1.2,3.15
-1.24,1.588
-1.306,1.706
-1.268,2.548
-1.252,2.305
-1.426,1.589
-1.363,1.204
-1.387,-0.295
-1.489,0.616
-1.514,2.248
-1.535,3.201
-1.636,-0.063
-1.612,1.522
-1.641,0.113
-1.719,0.573
-1.737,-0.413
-1.797,1.168
-1.733,2.848
-1.738,3.11
-1.808,1.495
-1.835,0.359
-1.784,-0.343
-1.93,1.882
-1.993,3.395
-2.006,-0.276
-1.94,2.524
-1.977,2.624
-2.076,-0.027
-2.123,1.587
-2.159,2.76
-2.237,0.704
-2.3,2.073
-2.304,2.361
-2.529,1.932
-2.511,0.66
-2.565,0.468
-2.506,2.657
-2.677,-0.353
-2.751,0.807
-2.891,0.173
-2.823,1.528
-2.942,0.615
-2.958,0.718
-3.08,2.127
-3.025,3.421
-3.055,0.456
-3.078,1.059
3.078,2.174
-3.125,-0.27
3.138,2.678
3.039,0.927
2.991,2.115
2.954,0.616
2.998,2.448
2.918,1.816
2.919,2.799
2.966,0.74
2.922,-0.086
2.221,-0.454
0.927,-0.742
0.913,-0.482
0.811,-0.417
0.237,-0.499
0.219,-0.647
0.093,-0.849
-0.08,-0.855
-0.19,-0.678
-0.562,-0.449
-0.713,-0.741
-0.92,-0.572
-0.931,-0.694
-1.057,-0.723
-1.134,-0.51
-1.376,-0.684
-1.492,-0.8
-1.543,-0.65
-2.271,-0.46
-2.658,-0.471
-2.742,-0.618
-2.887,-0.431
-2.937,-0.618
-3.015,-0.709
-3.049,-0.663
-2.984,-0.5
2.915,-0.369
2.842,-0.695
2.573,3.858
2.533,3.886
1.893,3.877
1.619,3.824
1.233,3.968
1.137,3.778
0.902,3.597
0.069,3.965
0.08,3.972
-0.325,3.669
-0.259,3.853
-0.494,3.849
-0.523,3.989
-0.805,3.696
-1.527,3.834
-1.535,3.993
-2.031,3.84
-2.377,3.67
-2.636,3.763
2.921,4.051
2.912,3.729
2.777,3.322
2.598,-0.13
0.998,3.188
0.71,0.999
-0.907,3.215
-0.953,0.429
-2.959,2.438
2.193,-0.579
1.728,-0.677
-2.376,-0.418
2.942,3.503
2.907,0.763
2.717,3.306
2.794,0.182
2.759,1.121
2.541,1.531
2.551,2.066
2.496,2.087
2.368,3.466
2.459,2.495
2.339,3.157
2.241,0.806
2.374,2.233
2.286,2.174
2.03,2.294
2.163,3.124
1.993,1.638
2.043,1.738
2.054,1.247
1.905,-0.171
1.957,0.496
1.919,1.97
1.925,1.669
1.716,-0.329
1.719,-0.19
1.69,2.334
1.688,1.454
1.767,2.145
1.175,0.693
1.016,2.156
1.152,1.973
1.126,0.777
0.968,-0.236
0.905,-0.182
0.902,3.435
0.823,0.849
0.759,2.318
0.674,-0.078
0.62,1.342
0.739,1.757
0.528,0.461
0.66,2.33
0.601,1.331
0.486,2.451
0.431,0.044
0.218,0.073
0.186,0.941
0.259,3.566
0.09,0.865
0.173,1.833
-0.163,2.343
-0.316,2.024
-0.264,-0.402
-0.269,3.117
-0.305,1.654
-0.454,0.796
-0.526,-0.271
-0.553,2.896
-0.427,2.656
-0.508,2.788
-0.687,3.543
-0.758,3.012
-0.656,1.512
-0.655,0.86
-0.779,-0.225
-0.877,-0.062
-0.87,1.442
-0.887,0.739
-0.932,2.301
-1.143,1.153
-1.181,1.855
-1.541,0.334
-1.572,-0.135
-1.505,3.579
-1.509,0.093
-1.817,0.778
-1.973,2.391
-2.05,0.068
-2.161,2.437
-2.049,0.851
-2.058,1.689
-2.177,2.245
-2.413,2.084
-2.44,2.075
-2.603,0.721
-2.64,1.749
-2.871,1.379
-2.914,-0.11
-3.006,1.232
-3.128,2.014
3.1,1.011
-3.117,0.838
3.018,2.767
3.073,0.797
2.872,0.524
2.695,-0.703
2.654,-0.575
2.206,-0.543
1.636,-0.371
1.356,-0.642
1.23,-0.467
1.127,-0.498
0.606,-0.71
0.633,-0.591
0.601,-0.872
0.5,-0.738
0.48,-0.737
-0.822,-0.553
-1.74,-0.737
-2.328,-0.481
-2.571,-0.864
-2.775,-0.585
-2.988,-0.708
-3.006,-0.536
3.058,-0.441
3.075,-0.599
2.995,-0.572
2.851,3.841
2.627,3.785
2.278,3.8
2.37,3.889
2.038,3.741
1.926,3.848
1.885,3.876
1.795,3.528
0.829,3.665
0.543,3.814
0.501,3.917
0.311,3.612
-0.097,3.758
0.015,3.63
-0.545,3.913
-1.455,3.657
-1.988,3.785
-2.726,3.937
-2.847,3.592
-2.971,3.851
1.99,2.706
1.867,1.105
0.806,2.765
-0.953,1.743
-1.338,1.075
-2.719,1.086
2.071,2.508
0.807,1.814
0.306,0.959
-0.172,1.81
-1.165,1.814
-1.345,1.81
-1.483,2.546
-2.683,3.226
-2.93,2.527
-0.616,0.538
-2.622,0.316
2.887,1.962
-0.567,-0.685
-1.675,-0.121
-2.786,-0.084
-1.031,-0.851
-1.004,-0.235
-0.073,-2.885
-0.146,0.412
-0.156,0.282
-0.077,-2.709
-0.232,-0.553
-0.31,-3.463
-0.257,-2.104
-0.301,-1.283
-0.289,-3.236
-0.291,-2.204
-0.41,-2.649
-0.515,-1.861
-0.571,-2.579
-0.582,0.477
-0.588,0.168
-0.756,0.433
-0.689,-0.945
-0.689,-2.348
-0.803,-3.513
-0.75,0.529
-0.746,-1.237
-0.85,-2.523
-0.842,-3.399
-0.867,-1.681
-0.818,-0.311
-0.86,-3.138
-0.893,-2.745
-0.986,-2.42
-0.93,0.43
-0.926,0.299
-0.972,0.4
-1.054,-2.593
-1.005,-0.835
-1.136,-1.587
-1.139,-2.1
-1.116,0.0
-1.257,0.032
-1.276,-1.325
-1.274,-2.81
-1.229,-1.852
-1.233,-1.535
-1.278,-2.314
-1.253,-3.388
-1.305,0.024
-1.251,0.037
-1.291,-1.525
-1.357,-1.407
-1.319,-0.565
-1.303,-0.808
-1.477,-1.524
-1.414,-1.909
-1.438,-3.408
-1.54,-2.497
-1.565,-0.865
-1.586,0.088
-1.687,-3.176
-1.663,-1.591
-1.692,-3.0
-1.77,-2.54
-1.788,-3.526
-1.848,-1.945
-1.784,-0.265
-1.789,-0.003
-1.859,-1.618
-1.886,-2.754
-1.835,-3.456
-1.981,-1.231
-2.044,0.282
-2.057,-3.389
-1.991,-0.589
-2.028,-0.489
-2.127,-3.14
-2.174,-1.526
-2.21,-0.353
-2.288,-2.409
-2.351,-1.04
-2.355,-0.752
-2.58,-1.181
-2.562,-2.453
-2.616,-2.645
-2.557,-0.456
-2.728,-3.466
-2.802,-2.306
-2.942,-2.94
-2.874,-1.585
-2.993,-2.498
-3.009,-2.395
-3.131,-0.986
-3.076,0.308
-3.106,-2.657
-3.129,-2.054
3.027,-0.939
3.107,-3.383
3.087,-0.435
2.988,-2.186
2.94,-0.998
2.903,-2.497
2.947,-0.665
2.867,-1.297
2.868,-0.314
2.915,-2.373
2.871,-3.199
2.17,-3.567
0.876,-3.855
0.862,-3.595
0.76,-3.53
0.186,-3.612
0.168,-3.76
0.042,-3.962
-0.131,-3.968
-0.241,-3.791
-0.613,-3.562
-0.764,-3.854
-0.971,-3.685
-0.982,-3.807
-1.108,-3.836
-1.185,-3.623
-1.427,-3.797
-1.543,-3.913
-1.594,-3.763
-2.322,-3.573
-2.709,-3.584
-2.793,-3.731
-2.938,-3.544
-2.988,-3.731
-3.066,-3.822
-3.1,-3.776
-3.035,-3.613
2.864,-3.482
2.791,-3.808
2.522,0.745
2.482,0.773
1.842,0.764
1.568,0.711
1.182,0.855
1.086,0.665
0.851,0.484
0.018,0.852
0.029,0.859
-0.376,0.556
-0.31,0.74
-0.545,0.736
-0.574,0.876
-0.856,0.583
-1.578,0.721
-1.586,0.88
-2.082,0.727
-2.428,0.557
-2.687,0.65
2.87,0.938
2.861,0.616
2.726,0.209
2.547,-3.243
0.947,0.075
0.659,-2.114
-0.958,0.102
-1.004,-2.684
-3.01,-0.675
2.142,-3.692
1.677,-3.79
-2.427,-3.531
2.891,0.39
2.856,-2.35
2.666,0.193
2.743,-2.931
2.708,-1.992
2.49,-1.582
2.5,-1.047
2.445,-1.026
2.317,0.353
2.408,-0.618
2.288,0.044
2.19,-2.307
2.323,-0.88
2.235,-0.939
1.979,-0.819
2.112,0.011
1.942,-1.475
1.992,-1.375
2.003,-1.866
1.854,-3.284
1.906,-2.617
1.868,-1.143
1.874,-1.444
1.665,-3.442
1.668,-3.303
1.639,-0.779
1.637,-1.659
1.716,-0.968
1.124,-2.42
0.965,-0.957
1.101,-1.14
1.075,-2.336
0.917,-3.349
0.854,-3.295
0.851,0.322
0.772,-2.264
0.708,-0.795
0.623,-3.191
0.569,-1.771
0.688,-1.356
0.477,-2.652
0.609,-0.783
0.55,-1.782
0.435,-0.662
0.38,-3.069
0.167,-3.04
0.135,-2.172
0.208,0.453
0.039,-2.248
0.122,-1.28
-0.214,-0.77
-0.367,-1.089
-0.315,-3.515
-0.32,0.004
-0.356,-1.459
-0.505,-2.317
-0.577,-3.384
-0.604,-0.217
-0.478,-0.457
-0.559,-0.325
-0.738,0.43
-0.809,-0.101
-0.707,-1.601
-0.706,-2.253
-0.83,-3.338
-0.928,-3.175
-0.921,-1.671
-0.938,-2.374
-0.983,-0.812
-1.194,-1.96
-1.232,-1.258
-1.592,-2.779
-1.623,-3.248
-1.556,0.466
-1.56,-3.02
-1.868,-2.335
-2.024,-0.722
-2.101,-3.045
-2.212,-0.676
-2.1,-2.262
-2.109,-1.424
-2.228,-0.868
-2.464,-1.029
-2.491,-1.038
-2.654,-2.392
-2.691,-1.364
-2.922,-1.734
-2.965,-3.223
-3.057,-1.881
3.104,-1.099
3.049,-2.102
3.115,-2.275
2.967,-0.346
3.022,-2.316
2.821,-2.589
2.644,-3.816
2.603,-3.688
2.155,-3.656
1.585,-3.484
1.305,-3.755
1.179,-3.58
1.076,-3.611
0.555,-3.823
0.582,-3.704
0.55,-3.985
0.449,-3.851
0.429,-3.85
-0.873,-3.666
-1.791,-3.85
-2.379,-3.594
-2.622,-3.977
-2.826,-3.698
-3.039,-3.821
-3.057,-3.649
3.007,-3.554
3.024,-3.712
2.944,-3.685
2.8,0.728
2.576,0.672
2.227,0.687
2.319,0.776
1.987,0.628
1.875,0.735
1.834,0.763
1.744,0.415
0.778,0.552
0.492,0.701
0.45,0.804
0.26,0.499
-0.148,0.645
-0.036,0.517
-0.596,0.8
-1.506,0.544
-2.039,0.672
-2.777,0.824
-2.898,0.479
-3.022,0.738
1.939,-0.407
1.816,-2.008
0.755,-0.348
-1.004,-1.37
-1.389,-2.038
-2.77,-2.027
2.02,-0.605
0.756,-1.299
0.255,-2.154
-0.223,-1.303
-1.216,-1.299
-1.396,-1.303
-1.534,-0.567
-2.734,0.113
-2.981,-0.586
-0.667,-2.575
-2.673,-2.797
2.836,-1.151
-0.618,-3.798
-1.726,-3.234
-2.837,-3.197
-1.082,-3.964
-1.055,-3.348
-0.073,3.297
-0.083,3.167
-0.004,0.176
-0.159,2.332
-0.237,-0.578
-0.184,0.781
-0.228,1.602
-0.216,-0.351
-0.218,0.681
-0.337,0.236
-0.442,1.024
-0.498,0.306
-0.509,3.362
-0.515,3.053
-0.683,3.318
-0.616,1.94
-0.616,0.537
-0.73,-0.628
-0.677,3.414
-0.673,1.648
-0.777,0.362
-0.769,-0.514
-0.794,1.204
-0.745,2.574
-0.787,-0.253
-0.82,0.14
-0.913,0.465
-0.857,3.315
-0.853,3.184
-0.899,3.285
-0.981,0.292
-0.932,2.05
-1.063,1.298
-1.066,0.785
-1.043,2.885
-1.184,2.917
-1.203,1.56
-1.201,0.075
-1.156,1.033
-1.16,1.35
-1.205,0.571
-1.18,-0.503
-1.232,2.909
-1.178,2.922
-1.218,1.36
-1.284,1.478
-1.246,2.32
-1.23,2.077
-1.404,1.361
-1.341,0.976
-1.365,-0.523
-1.467,0.388
-1.492,2.02
-1.513,2.973
-1.614,-0.291
-1.59,1.294
-1.619,-0.115
-1.697,0.345
-1.715,-0.641
-1.775,0.94
-1.711,2.62
-1.716,2.882
-1.786,1.267
-1.813,0.131
-1.762,-0.571
-1.908,1.654
-1.971,3.167
-1.984,-0.504
-1.918,2.296
-1.955,2.396
-2.054,-0.255
-2.101,1.359
-2.137,2.532
-2.215,0.476
-2.278,1.845
-2.282,2.133
-2.507,1.704
-2.489,0.432
-2.543,0.24
-2.484,2.429
-2.655,-0.581
-2.729,0.579
-2.869,-0.055
-2.801,1.3
-2.92,0.387
-2.936,0.49
-3.058,1.899
-3.003,3.193
-3.033,0.228
-3.056,0.831
3.1,1.946
-3.103,-0.498
-3.123,2.45
3.061,0.699
3.013,1.887
2.976,0.388
3.02,2.22
2.94,1.588
2.941,2.571
2.988,0.512
2.944,-0.314
2.243,-0.682
0.949,-0.97
0.935,-0.71
0.833,-0.645
0.259,-0.727
0.241,-0.875
0.115,-1.077
-0.058,-1.083
-0.168,-0.906
-0.54,-0.677
-0.691,-0.969
-0.898,-0.8
-0.909,-0.922
-1.035,-0.951
-1.112,-0.738
-1.354,-0.912
-1.47,-1.028
-1.521,-0.878
-2.249,-0.688
-2.636,-0.699
-2.72,-0.846
-2.865,-0.659
-2.915,-0.846
-2.993,-0.937
-3.027,-0.891
-2.962,-0.728
2.937,-0.597
2.864,-0.923
2.595,3.63
2.555,3.658
1.915,3.649
1.641,3.596
1.255,3.74
1.159,3.55
0.924,3.369
0.091,3.737
0.102,3.744
-0.303,3.441
-0.237,3.625
-0.472,3.621
-0.501,3.761
-0.783,3.468
-1.505,3.606
-1.513,3.765
-2.009,3.612
-2.355,3.442
-2.614,3.535
2.943,3.823
2.934,3.501
2.799,3.094
2.62,-0.358
1.02,2.96
0.732,0.771
-0.885,2.987
-0.931,0.201
-2.937,2.21
2.215,-0.807
1.75,-0.905
-2.354,-0.646
2.964,3.275
2.929,0.535
2.739,3.078
2.816,-0.046
2.781,0.893
2.563,1.303
2.573,1.838
2.518,1.859
2.39,3.238
2.481,2.267
2.361,2.929
2.263,0.578
2.396,2.005
2.308,1.946
2.052,2.066
2.185,2.896
2.015,1.41
2.065,1.51
2.076,1.019
1.927,-0.399
1.979,0.268
1.941,1.742
1.947,1.441
1.738,-0.557
1.741,-0.418
1.712,2.106
1.71,1.226
1.789,1.917
1.197,0.465
1.038,1.928
1.174,1.745
1.148,0.549
0.99,-0.464
0.927,-0.41
0.924,3.207
0.845,0.621
0.781,2.09
0.696,-0.306
0.642,1.114
0.761,1.529
0.55,0.233
0.682,2.102
0.623,1.103
0.508,2.223
0.453,-0.184
0.24,-0.155
0.208,0.713
0.281,3.338
0.112,0.637
0.195,1.605
-0.141,2.115
-0.294,1.796
-0.242,-0.63
-0.247,2.889
-0.283,1.426
-0.432,0.568
-0.504,-0.499
-0.531,2.668
-0.405,2.428
-0.486,2.56
-0.665,3.315
-0.736,2.784
-0.634,1.284
-0.633,0.632
-0.757,-0.453
-0.855,-0.29
-0.848,1.214
-0.865,0.511
-0.91,2.073
-1.121,0.925
-1.159,1.627
-1.519,0.106
-1.55,-0.363
-1.483,3.351
-1.487,-0.135
-1.795,0.55
-1.951,2.163
-2.028,-0.16
-2.139,2.209
-2.027,0.623
-2.036,1.461
-2.155,2.017
-2.391,1.856
-2.418,1.847
-2.581,0.493
-2.618,1.521
-2.849,1.151
-2.892,-0.338
-2.984,1.004
-3.106,1.786
3.122,0.783
-3.095,0.61
3.04,2.539
3.095,0.569
2.894,0.296
2.717,-0.931
2.676,-0.803
2.228,-0.771
1.658,-0.599
1.378,-0.87
1.252,-0.695
1.149,-0.726
0.628,-0.938
0.655,-0.819
0.623,-1.1
0.522,-0.966
0.502,-0.965
-0.8,-0.781
-1.718,-0.965
-2.306,-0.709
-2.549,-1.092
-2.753,-0.813
-2.966,-0.936
-2.984,-0.764
3.08,-0.669
3.097,-0.827
3.017,-0.8
2.873,3.613
2.649,3.557
2.3,3.572
2.392,3.661
2.06,3.513
1.948,3.62
1.907,3.648
1.817,3.3
0.851,3.437
0.565,3.586
0.523,3.689
0.333,3.384
-0.075,3.53
0.037,3.402
-0.523,3.685
-1.433,3.429
-1.966,3.557
-2.704,3.709
-2.825,3.364
-2.949,3.623
2.012,2.478
1.889,0.877
0.828,2.537
-0.931,1.515
-1.316,0.847
-2.697,0.858
2.093,2.28
0.829,1.586
0.328,0.731
-0.15,1.582
-1.143,1.586
-1.323,1.582
-1.461,2.318
-2.661,2.998
-2.908,2.299
-0.594,0.31
-2.6,0.088
2.909,1.734
-0.545,-0.913
-1.653,-0.349
-2.764,-0.312
-1.009,-1.079
-0.982,-0.463
-0.01,-0.13
0.069,-3.121
-0.086,-0.965
-0.164,-3.875
-0.111,-2.516
-0.155,-1.695
-0.143,-3.648
-0.145,-2.616
-0.264,-3.061
-0.369,-2.273
-0.425,-2.991
-0.436,0.065
-0.442,-0.244
-0.61,0.021
-0.543,-1.357
-0.543,-2.76
-0.657,-3.925
-0.604,0.117
-0.6,-1.649
-0.704,-2.935
-0.696,-3.811
-0.721,-2.093
-0.672,-0.723
-0.714,-3.55
-0.747,-3.157
-0.84,-2.832
-0.784,0.018
-0.78,-0.113
-0.826,-0.012
-0.908,-3.005
-0.859,-1.247
-0.99,-1.999
-0.993,-2.512
-0.97,-0.412
-1.111,-0.38
-1.13,-1.737
-1.128,-3.222
-1.083,-2.264
-1.087,-1.947
-1.132,-2.726
-1.107,-3.8
-1.159,-0.388
-1.105,-0.375
-1.145,-1.937
-1.211,-1.819
-1.173,-0.977
-1.157,-1.22
-1.331,-1.936
-1.268,-2.321
-1.292,-3.82
-1.394,-2.909
-1.419,-1.277
-1.44,-0.324
-1.541,-3.588
-1.517,-2.003
-1.546,-3.412
-1.624,-2.952
-1.642,-3.938
-1.702,-2.357
-1.638,-0.677
-1.643,-0.415
-1.713,-2.03
-1.74,-3.166
-1.689,-3.868
-1.835,-1.643
-1.898,-0.13
-1.911,-3.801
-1.845,-1.001
-1.882,-0.901
-1.981,-3.552
-2.028,-1.938
-2.064,-0.765
-2.142,-2.821
-2.205,-1.452
-2.209,-1.164
-2.434,-1.593
-2.416,-2.865
-2.47,-3.057
-2.411,-0.868
-2.582,-3.878
-2.656,-2.718
-2.796,-3.352
-2.728,-1.997
-2.847,-2.91
-2.863,-2.807
-2.985,-1.398
-2.93,-0.104
-2.96,-3.069
-2.983,-2.466
-3.11,-1.351
-3.03,-3.795
-3.05,-0.847
3.134,-2.598
3.086,-1.41
3.049,-2.909
3.093,-1.077
3.013,-1.709
3.014,-0.726
3.061,-2.785
3.017,-3.611
2.316,-3.979
1.022,-4.267
1.008,-4.007
0.906,-3.942
0.332,-4.024
0.314,-4.172
0.188,-4.374
0.015,-4.38
-0.095,-4.203
-0.467,-3.974
-0.618,-4.266
-0.825,-4.097
-0.836,-4.219
-0.962,-4.248
-1.039,-4.035
-1.281,-4.209
-1.397,-4.325
-1.448,-4.175
-2.176,-3.985
-2.563,-3.996
-2.647,-4.143
-2.792,-3.956
-2.842,-4.143
-2.92,-4.234
-2.954,-4.188
-2.889,-4.025
3.01,-3.894
2.937,-4.22
2.668,0.333
2.628,0.361
1.988,0.352
1.714,0.299
1.328,0.443
1.232,0.253
0.997,0.072
0.164,0.44
0.175,0.447
-0.23,0.144
-0.164,0.328
-0.399,0.324
-0.428,0.464
-0.71,0.171
-1.432,0.309
-1.44,0.468
-1.936,0.315
-2.282,0.145
-2.541,0.238
3.016,0.526
3.007,0.204
2.872,-0.203
2.693,-3.655
1.093,-0.337
0.805,-2.526
-0.812,-0.31
-0.858,-3.096
-2.864,-1.087
2.288,-4.104
1.823,-4.202
-2.281,-3.943
3.037,-0.022
3.002,-2.762
2.812,-0.219
2.889,-3.343
2.854,-2.404
2.636,-1.994
2.646,-1.459
2.591,-1.438
2.463,-0.059
2.554,-1.03
2.434,-0.368
2.336,-2.719
2.469,-1.292
2.381,-1.351
2.125,-1.231
2.258,-0.401
2.088,-1.887
2.138,-1.787
2.149,-2.278
2.0,-3.696
2.052,-3.029
2.014,-1.555
2.02,-1.856
1.811,-3.854
1.814,-3.715
1.785,-1.191
1.783,-2.071
1.862,-1.38
1.27,-2.832
1.111,-1.369
1.247,-1.552
1.221,-2.748
1.063,-3.761
1.0,-3.707
0.997,-0.09
0.918,-2.676
0.854,-1.207
0.769,-3.603
0.715,-2.183
0.834,-1.768
0.623,-3.064
0.755,-1.195
0.696,-2.194
0.581,-1.074
0.526,-3.481
0.313,-3.452
0.281,-2.584
0.354,0.041
0.185,-2.66
0.268,-1.692
-0.068,-1.182
-0.221,-1.501
-0.169,-3.927
-0.174,-0.408
-0.21,-1.871
-0.359,-2.729
-0.431,-3.796
-0.458,-0.629
-0.332,-0.869
-0.413,-0.737
-0.592,0.018
-0.663,-0.513
-0.561,-2.013
-0.56,-2.665
-0.684,-3.75
-0.782,-3.587
-0.775,-2.083
-0.792,-2.786
-0.837,-1.224
-1.048,-2.372
-1.086,-1.67
-1.446,-3.191
-1.477,-3.66
-1.41,0.054
-1.414,-3.432
-1.722,-2.747
-1.878,-1.134
-1.955,-3.457
-2.066,-1.088
-1.954,-2.674
-1.963,-1.836
-2.082,-1.28
-2.318,-1.441
-2.345,-1.45
-2.508,-2.804
-2.545,-1.776
-2.776,-2.146
-2.819,-3.635
-2.911,-2.293
-3.033,-1.511
-3.088,-2.514
-3.022,-2.687
3.113,-0.758
-3.115,-2.728
2.967,-3.001
2.79,-4.228
2.749,-4.1
2.301,-4.068
1.731,-3.896
1.451,-4.167
1.325,-3.992
1.222,-4.023
0.701,-4.235
0.728,-4.116
0.696,-4.397
0.595,-4.263
0.575,-4.262
-0.727,-4.078
-1.645,-4.262
-2.233,-4.006
-2.476,-4.389
-2.68,-4.11
-2.893,-4.233
-2.911,-4.061
-3.13,-3.966
-3.113,-4.124
3.09,-4.097
2.946,0.316
2.722,0.26
2.373,0.275
2.465,0.364
2.133,0.216
2.021,0.323
1.98,0.351
1.89,0.003
0.924,0.14
0.638,0.289
0.596,0.392
0.406,0.087
-0.002,0.233
0.11,0.105
-0.45,0.388
-1.36,0.132
-1.893,0.26
-2.631,0.412
-2.752,0.067
-2.876,0.326
2.085,-0.819
1.962,-2.42
0.901,-0.76
-0.858,-1.782
-1.243,-2.45
-2.624,-2.439
2.166,-1.017
0.902,-1.711
0.401,-2.566
-0.077,-1.715
-1.07,-1.711
-1.25,-1.715
-1.388,-0.979
-2.588,-0.299
-2.835,-0.998
-0.521,-2.987
-2.527,-3.209
2.982,-1.563
-0.472,-4.21
-1.58,-3.646
-2.691,-3.609
-0.936,-4.376
-0.909,-3.76
0.079,-2.991
-0.076,-0.835
-0.154,-3.745
-0.101,-2.386
-0.145,-1.565
-0.133,-3.518
-0.135,-2.486
-0.254,-2.931
-0.359,-2.143
-0.415,-2.861
-0.426,0.195
-0.432,-0.114
-0.6,0.151
-0.533,-1.227
-0.533,-2.63
-0.647,-3.795
-0.594,0.247
-0.59,-1.519
-0.694,-2.805
-0.686,-3.681
-0.711,-1.963
-0.662,-0.593
-0.704,-3.42
-0.737,-3.027
-0.83,-2.702
-0.774,0.148
-0.77,0.017
-0.816,0.118
-0.898,-2.875
-0.849,-1.117
-0.98,-1.869
-0.983,-2.382
-0.96,-0.282
-1.101,-0.25
-1.12,-1.607
-1.118,-3.092
-1.073,-2.134
-1.077,-1.817
-1.122,-2.596
-1.097,-3.67
-1.149,-0.258
-1.095,-0.245
-1.135,-1.807
-1.201,-1.689
-1.163,-0.847
-1.147,-1.09
-1.321,-1.806
-1.258,-2.191
-1.282,-3.69
-1.384,-2.779
-1.409,-1.147
-1.43,-0.194
-1.531,-3.458
-1.507,-1.873
-1.536,-3.282
-1.614,-2.822
-1.632,-3.808
-1.692,-2.227
-1.628,-0.547
-1.633,-0.285
-1.703,-1.9
-1.73,-3.036
-1.679,-3.738
-1.825,-1.513
-1.888,0.0
-1.901,-3.671
-1.835,-0.871
-1.872,-0.771
-1.971,-3.422
-2.018,-1.808
-2.054,-0.635
-2.132,-2.691
-2.195,-1.322
-2.199,-1.034
-2.424,-1.463
-2.406,-2.735
-2.46,-2.927
-2.401,-0.738
-2.572,-3.748
-2.646,-2.588
-2.786,-3.222
-2.718,-1.867
-2.837,-2.78
-2.853,-2.677
-2.975,-1.268
-2.92,0.026
-2.95,-2.939
-2.973,-2.336
-3.1,-1.221
-3.02,-3.665
-3.04,-0.717
-3.139,-2.468
3.096,-1.28
3.059,-2.779
3.103,-0.947
3.023,-1.579
3.024,-0.596
3.071,-2.655
3.027,-3.481
2.326,-3.849
1.032,-4.137
1.018,-3.877
0.916,-3.812
0.342,-3.894
0.324,-4.042
0.198,-4.244
0.025,-4.25
-0.085,-4.073
-0.457,-3.844
-0.608,-4.136
-0.815,-3.967
-0.826,-4.089
-0.952,-4.118
-1.029,-3.905
-1.271,-4.079
-1.387,-4.195
-1.438,-4.045
-2.166,-3.855
-2.553,-3.866
-2.637,-4.013
-2.782,-3.826
-2.832,-4.013
-2.91,-4.104
-2.944,-4.058
-2.879,-3.895
3.02,-3.764
2.947,-4.09
2.678,0.463
2.638,0.491
1.998,0.482
1.724,0.429
1.338,0.573
1.242,0.383
1.007,0.202
0.174,0.57
0.185,0.577
-0.22,0.274
-0.154,0.458
-0.389,0.454
-0.418,0.594
-0.7,0.301
-1.422,0.439
-1.43,0.598
-1.926,0.445
-2.272,0.275
-2.531,0.368
3.026,0.656
3.017,0.334
2.882,-0.073
2.703,-3.525
1.103,-0.207
0.815,-2.396
-0.802,-0.18
-0.848,-2.966
-2.854,-0.957
2.298,-3.974
1.833,-4.072
-2.271,-3.813
3.047,0.108
3.012,-2.632
2.822,-0.089
2.899,-3.213
2.864,-2.274
2.646,-1.864
2.656,-1.329
2.601,-1.308
2.473,0.071
2.564,-0.9
2.444,-0.238
2.346,-2.589
2.479,-1.162
2.391,-1.221
2.135,-1.101
2.268,-0.271
2.098,-1.757
2.148,-1.657
2.159,-2.148
2.01,-3.566
2.062,-2.899
2.024,-1.425
2.03,-1.726
1.821,-3.724
1.824,-3.585
1.795,-1.061
1.793,-1.941
1.872,-1.25
1.28,-2.702
1.121,-1.239
1.257,-1.422
1.231,-2.618
1.073,-3.631
1.01,-3.577
1.007,0.04
0.928,-2.546
0.864,-1.077
0.779,-3.473
0.725,-2.053
0.844,-1.638
0.633,-2.934
0.765,-1.065
0.706,-2.064
0.591,-0.944
0.536,-3.351
0.323,-3.322
0.291,-2.454
0.364,0.171
0.195,-2.53
0.278,-1.562
-0.058,-1.052
-0.211,-1.371
-0.159,-3.797
-0.164,-0.278
-0.2,-1.741
-0.349,-2.599
-0.421,-3.666
-0.448,-0.499
-0.322,-0.739
-0.403,-0.607
-0.582,0.148
-0.653,-0.383
-0.551,-1.883
-0.55,-2.535
-0.674,-3.62
-0.772,-3.457
-0.765,-1.953
-0.782,-2.656
-0.827,-1.094
-1.038,-2.242
-1.076,-1.54
-1.436,-3.061
-1.467,-3.53
-1.4,0.184
-1.404,-3.302
-1.712,-2.617
-1.868,-1.004
-1.945,-3.327
-2.056,-0.958
-1.944,-2.544
-1.953,-1.706
-2.072,-1.15
-2.308,-1.311
-2.335,-1.32
-2.498,-2.674
-2.535,-1.646
-2.766,-2.016
-2.809,-3.505
-2.901,-2.163
-3.023,-1.381
-3.078,-2.384
-3.012,-2.557
3.123,-0.628
-3.105,-2.598
2.977,-2.871
2.8,-4.098
2.759,-3.97
2.311,-3.938
1.741,-3.766
1.461,-4.037
1.335,-3.862
1.232,-3.893
0.711,-4.105
0.738,-3.986
0.706,-4.267
0.605,-4.133
0.585,-4.132
-0.717,-3.948
-1.635,-4.132
-2.223,-3.876
-2.466,-4.259
-2.67,-3.98
-2.883,-4.103
-2.901,-3.931
-3.12,-3.836
-3.103,-3.994
3.1,-3.967
2.956,0.446
2.732,0.39
2.383,0.405
2.475,0.494
2.143,0.346
2.031,0.453
1.99,0.481
1.9,0.133
0.934,0.27
0.648,0.419
0.606,0.522
0.416,0.217
0.008,0.363
0.12,0.235
-0.44,0.518
-1.35,0.262
-1.883,0.39
-2.621,0.542
-2.742,0.197
-2.866,0.456
2.095,-0.689
1.972,-2.29
0.911,-0.63
-0.848,-1.652
-1.233,-2.32
-2.614,-2.309
2.176,-0.887
0.912,-1.581
0.411,-2.436
-0.067,-1.585
-1.06,-1.581
-1.24,-1.585
-1.378,-0.849
-2.578,-0.169
-2.825,-0.868
-0.511,-2.857
-2.517,-3.079
2.992,-1.433
-0.462,-4.08
-1.57,-3.516
-2.681,-3.479
-0.926,-4.246
-0.899,-3.63
-0.155,2.156
-0.233,-0.754
-0.18,0.605
-0.224,1.426
-0.212,-0.527
-0.214,0.505
-0.333,0.06
-0.438,0.848
-0.494,0.13
-0.505,3.186
-0.511,2.877
-0.679,3.142
-0.612,1.764
-0.612,0.361
-0.726,-0.804
-0.673,3.238
-0.669,1.472
-0.773,0.186
-0.765,-0.69
-0.79,1.028
-0.741,2.398
-0.783,-0.429
-0.816,-0.036
-0.909,0.289
-0.853,3.139
-0.849,3.008
-0.895,3.109
-0.977,0.116
-0.928,1.874
-1.059,1.122
-1.062,0.609
-1.039,2.709
-1.18,2.741
-1.199,1.384
-1.197,-0.101
-1.152,0.857
-1.156,1.174
-1.201,0.395
-1.176,-0.679
-1.228,2.733
-1.174,2.746
-1.214,1.184
-1.28,1.302
-1.242,2.144
-1.226,1.901
-1.4,1.185
-1.337,0.8
-1.361,-0.699
-1.463,0.212
-1.488,1.844
-1.509,2.797
-1.61,-0.467
-1.586,1.118
-1.615,-0.291
-1.693,0.169
-1.711,-0.817
-1.771,0.764
-1.707,2.444
-1.712,2.706
-1.782,1.091
-1.809,-0.045
-1.758,-0.747
-1.904,1.478
-1.967,2.991
-1.98,-0.68
-1.914,2.12
-1.951,2.22
-2.05,-0.431
-2.097,1.183
-2.133,2.356
-2.211,0.3
-2.274,1.669
-2.278,1.957
-2.503,1.528
-2.485,0.256
-2.539,0.064
-2.48,2.253
-2.651,-0.757
-2.725,0.403
-2.865,-0.231
-2.797,1.124
-2.916,0.211
-2.932,0.314
-3.054,1.723
-2.999,3.017
-3.029,0.052
-3.052,0.655
3.104,1.77
-3.099,-0.674
-3.119,2.274
3.065,0.523
3.017,1.711
2.98,0.212
3.024,2.044
2.944,1.412
2.945,2.395
2.992,0.336
2.948,-0.49
2.247,-0.858
0.953,-1.146
0.939,-0.886
0.837,-0.821
0.263,-0.903
0.245,-1.051
0.119,-1.253
-0.054,-1.259
-0.164,-1.082
-0.536,-0.853
-0.687,-1.145
-0.894,-0.976
-0.905,-1.098
-1.031,-1.127
-1.108,-0.914
-1.35,-1.088
-1.466,-1.204
-1.517,-1.054
-2.245,-0.864
-2.632,-0.875
-2.716,-1.022
-2.861,-0.835
-2.911,-1.022
-2.989,-1.113
-3.023,-1.067
-2.958,-0.904
2.941,-0.773
2.868,-1.099
2.599,3.454
2.559,3.482
1.919,3.473
1.645,3.42
1.259,3.564
1.163,3.374
0.928,3.193
0.095,3.561
0.106,3.568
-0.299,3.265
-0.233,3.449
-0.468,3.445
-0.497,3.585
-0.779,3.292
-1.501,3.43
-1.509,3.589
-2.005,3.436
-2.351,3.266
-2.61,3.359
2.947,3.647
2.938,3.325
2.803,2.918
2.624,-0.534
1.024,2.784
0.736,0.595
-0.881,2.811
-0.927,0.025
-2.933,2.034
2.219,-0.983
1.754,-1.081
-2.35,-0.822
2.968,3.099
2.933,0.359
2.743,2.902
2.82,-0.222
2.785,0.717
2.567,1.127
2.577,1.662
2.522,1.683
2.394,3.062
2.485,2.091
2.365,2.753
2.267,0.402
2.4,1.829
2.312,1.77
2.056,1.89
2.189,2.72
2.019,1.234
2.069,1.334
2.08,0.843
1.931,-0.575
1.983,0.092
1.945,1.566
1.951,1.265
1.742,-0.733
1.745,-0.594
1.716,1.93
1.714,1.05
1.793,1.741
1.201,0.289
1.042,1.752
1.178,1.569
1.152,0.373
0.994,-0.64
0.931,-0.586
0.928,3.031
0.849,0.445
0.785,1.914
0.7,-0.482
0.646,0.938
0.765,1.353
0.554,0.057
0.686,1.926
0.627,0.927
0.512,2.047
0.457,-0.36
0.244,-0.331
0.212,0.537
0.285,3.162
0.116,0.461
0.199,1.429
-0.137,1.939
-0.29,1.62
-0.238,-0.806
-0.243,2.713
-0.279,1.25
-0.428,0.392
-0.5,-0.675
-0.527,2.492
-0.401,2.252
-0.482,2.384
-0.661,3.139
-0.732,2.608
-0.63,1.108
-0.629,0.456
-0.753,-0.629
-0.851,-0.466
-0.844,1.038
-0.861,0.335
-0.906,1.897
-1.117,0.749
-1.155,1.451
-1.515,-0.07
-1.546,-0.539
-1.479,3.175
-1.483,-0.311
-1.791,0.374
-1.947,1.987
-2.024,-0.336
-2.135,2.033
-2.023,0.447
-2.032,1.285
-2.151,1.841
-2.387,1.68
-2.414,1.671
-2.577,0.317
-2.614,1.345
-2.845,0.975
-2.888,-0.514
-2.98,0.828
-3.102,1.61
3.126,0.607
-3.091,0.434
3.044,2.363
3.099,0.393
2.898,0.12
2.721,-1.107
2.68,-0.979
2.232,-0.947
1.662,-0.775
1.382,-1.046
1.256,-0.871
1.153,-0.902
0.632,-1.114
0.659,-0.995
0.627,-1.276
0.526,-1.142
0.506,-1.141
-0.796,-0.957
-1.714,-1.141
-2.302,-0.885
-2.545,-1.268
-2.749,-0.989
-2.962,-1.112
-2.98,-0.94
3.084,-0.845
3.101,-1.003
3.021,-0.976
2.877,3.437
2.653,3.381
2.304,3.396
2.396,3.485
2.064,3.337
1.952,3.444
1.911,3.472
1.821,3.124
0.855,3.261
0.569,3.41
0.527,3.513
0.337,3.208
-0.071,3.354
0.041,3.226
-0.519,3.509
-1.429,3.253
-1.962,3.381
-2.7,3.533
-2.821,3.188
-2.945,3.447
2.016,2.302
1.893,0.701
0.832,2.361
-0.927,1.339
-1.312,0.671
-2.693,0.682
2.097,2.104
0.833,1.41
0.332,0.555
-0.146,1.406
-1.139,1.41
-1.319,1.406
-1.457,2.142
-2.657,2.822
-2.904,2.123
-0.59,0.134
-2.596,-0.088
2.913,1.558
-0.541,-1.089
-1.649,-0.525
-2.76,-0.488
-1.005,-1.255
-0.978,-0.639
-0.078,-2.91
-0.025,-1.551
-0.069,-0.73
-0.057,-2.683
-0.059,-1.651
-0.178,-2.096
-0.283,-1.308
-0.339,-2.026
-0.35,1.03
-0.356,0.721
-0.524,0.986
-0.457,-0.392
-0.457,-1.795
-0.571,-2.96
-0.518,1.082
-0.514,-0.684
-0.618,-1.97
-0.61,-2.846
-0.635,-1.128
-0.586,0.242
-0.628,-2.585
-0.661,-2.192
-0.754,-1.867
-0.698,0.983
-0.694,0.852
-0.74,0.953
-0.822,-2.04
-0.773,-0.282
-0.904,-1.034
-0.907,-1.547
-0.884,0.553
-1.025,0.585
-1.044,-0.772
-1.042,-2.257
-0.997,-1.299
-1.001,-0.982
-1.046,-1.761
-1.021,-2.835
-1.073,0.577
-1.019,0.59
-1.059,-0.972
-1.125,-0.854
-1.087,-0.012
-1.071,-0.255
-1.245,-0.971
-1.182,-1.356
-1.206,-2.855
-1.308,-1.944
-1.333,-0.312
-1.354,0.641
-1.455,-2.623
-1.431,-1.038
-1.46,-2.447
-1.538,-1.987
-1.556,-2.973
-1.616,-1.392
-1.552,0.288
-1.557,0.55
-1.627,-1.065
-1.654,-2.201
-1.603,-2.903
-1.749,-0.678
-1.812,0.835
-1.825,-2.836
-1.759,-0.036
-1.796,0.064
-1.895,-2.587
-1.942,-0.973
-1.978,0.2
-2.056,-1.856
-2.119,-0.487
-2.123,-0.199
-2.348,-0.628
-2.33,-1.9
-2.384,-2.092
-2.325,0.097
-2.496,-2.913
-2.57,-1.753
-2.71,-2.387
-2.642,-1.032
-2.761,-1.945
-2.777,-1.842
-2.899,-0.433
-2.844,0.861
-2.874,-2.104
-2.897,-1.501
-3.024,-0.386
-2.944,-2.83
-2.964,0.118
-3.063,-1.633
-3.111,-0.445
3.135,-1.944
-3.104,-0.112
3.099,-0.744
3.1,0.239
-3.136,-1.82
3.103,-2.646
2.402,-3.014
1.108,-3.302
1.094,-3.042
0.992,-2.977
0.418,-3.059
0.4,-3.207
0.274,-3.409
0.101,-3.415
-0.009,-3.238
-0.381,-3.009
-0.532,-3.301
-0.739,-3.132
-0.75,-3.254
-0.876,-3.283
-0.953,-3.07
-1.195,-3.244
-1.311,-3.36
-1.362,-3.21
-2.09,-3.02
-2.477,-3.031
-2.561,-3.178
-2.706,-2.991
-2.756,-3.178
-2.834,-3.269
-2.868,-3.223
-2.803,-3.06
3.096,-2.929
3.023,-3.255
2.754,1.298
2.714,1.326
2.074,1.317
1.8,1.264
1.414,1.408
1.318,1.218
1.083,1.037
0.25,1.405
0.261,1.412
-0.144,1.109
-0.078,1.293
-0.313,1.289
-0.342,1.429
-0.624,1.136
-1.346,1.274
-1.354,1.433
-1.85,1.28
-2.196,1.11
-2.455,1.203
3.102,1.491
3.093,1.169
2.958,0.762
2.779,-2.69
1.179,0.628
0.891,-1.561
-0.726,0.655
-0.772,-2.131
-2.778,-0.122
2.374,-3.139
1.909,-3.237
-2.195,-2.978
3.123,0.943
3.088,-1.797
2.898,0.746
2.975,-2.378
2.94,-1.439
2.722,-1.029
2.732,-0.494
2.677,-0.473
2.549,0.906
2.64,-0.065
2.52,0.597
2.422,-1.754
2.555,-0.327
2.467,-0.386
2.211,-0.266
2.344,0.564
2.174,-0.922
2.224,-0.822
2.235,-1.313
2.086,-2.731
2.138,-2.064
2.1,-0.59
2.106,-0.891
1.897,-2.889
1.9,-2.75
1.871,-0.226
1.869,-1.106
1.948,-0.415
1.356,-1.867
1.197,-0.404
1.333,-0.587
1.307,-1.783
1.149,-2.796
1.086,-2.742
1.083,0.875
1.004,-1.711
0.94,-0.242
0.855,-2.638
0.801,-1.218
0.92,-0.803
0.709,-2.099
0.841,-0.23
0.782,-1.229
0.667,-0.109
0.612,-2.516
0.399,-2.487
0.367,-1.619
0.44,1.006
0.271,-1.695
0.354,-0.727
0.018,-0.217
-0.135,-0.536
-0.083,-2.962
-0.088,0.557
-0.124,-0.906
-0.273,-1.764
-0.345,-2.831
-0.372,0.336
-0.246,0.096
-0.327,0.228
-0.506,0.983
-0.577,0.452
-0.475,-1.048
-0.474,-1.7
-0.598,-2.785
-0.696,-2.622
-0.689,-1.118
-0.706,-1.821
-0.751,-0.259
-0.962,-1.407
-1.0,-0.705
-1.36,-2.226
-1.391,-2.695
-1.324,1.019
-1.328,-2.467
-1.636,-1.782
-1.792,-0.169
-1.869,-2.492
-1.98,-0.123
-1.868,-1.709
-1.877,-0.871
-1.996,-0.315
-2.232,-0.476
-2.259,-0.485
-2.422,-1.839
-2.459,-0.811
-2.69,-1.181
-2.733,-2.67
-2.825,-1.328
-2.947,-0.546
-3.002,-1.549
-2.936,-1.722
-3.084,0.207
-3.029,-1.763
3.053,-2.036
2.876,-3.263
2.835,-3.135
2.387,-3.103
1.817,-2.931
1.537,-3.202
1.411,-3.027
1.308,-3.058
0.787,-3.27
0.814,-3.151
0.782,-3.432
0.681,-3.298
0.661,-3.297
-0.641,-3.113
-1.559,-3.297
-2.147,-3.041
-2.39,-3.424
-2.594,-3.145
-2.807,-3.268
-2.825,-3.096
-3.044,-3.001
-3.027,-3.159
-3.107,-3.132
3.032,1.281
2.808,1.225
2.459,1.24
2.551,1.329
2.219,1.181
2.107,1.288
2.066,1.316
1.976,0.968
1.01,1.105
0.724,1.254
0.682,1.357
0.492,1.052
0.084,1.198
0.196,1.07
-0.364,1.353
-1.274,1.097
-1.807,1.225
-2.545,1.377
-2.666,1.032
-2.79,1.291
2.171,0.146
2.048,-1.455
0.987,0.205
-0.772,-0.817
-1.157,-1.485
-2.538,-1.474
2.252,-0.052
0.988,-0.746
0.487,-1.601
0.009,-0.75
-0.984,-0.746
-1.164,-0.75
-1.302,-0.014
-2.502,0.666
-2.749,-0.033
-0.435,-2.022
-2.441,-2.244
3.068,-0.598
-0.386,-3.245
-1.494,-2.681
-2.605,-2.644
-0.85,-3.411
-0.823,-2.795
0.053,1.359
0.009,2.18
0.021,0.227
0.019,1.259
-0.1,0.814
-0.205,1.602
-0.261,0.884
-0.272,3.94
-0.278,3.631
-0.446,3.896
-0.379,2.518
-0.379,1.115
-0.493,-0.05
-0.44,3.992
-0.436,2.226
-0.54,0.94
-0.532,0.064
-0.557,1.782
-0.508,3.152
-0.55,0.325
-0.583,0.718
-0.676,1.043
-0.62,3.893
-0.616,3.762
-0.662,3.863
-0.744,0.87
-0.695,2.628
-0.826,1.876
-0.829,1.363
-0.806,3.463
-0.947,3.495
-0.966,2.138
-0.964,0.653
-0.919,1.611
-0.923,1.928
-0.968,1.149
-0.943,0.075
-0.995,3.487
-0.941,3.5
-0.981,1.938
-1.047,2.056
-1.009,2.898
-0.993,2.655
-1.167,1.939
-1.104,1.554
-1.128,0.055
-1.23,0.966
-1.255,2.598
-1.276,3.551
-1.377,0.287
-1.353,1.872
-1.382,0.463
-1.46,0.923
-1.478,-0.063
-1.538,1.518
-1.474,3.198
-1.479,3.46
-1.549,1.845
-1.576,0.709
-1.525,0.007
-1.671,2.232
-1.734,3.745
-1.747,0.074
-1.681,2.874
-1.718,2.974
-1.817,0.323
-1.864,1.937
-1.9,3.11
-1.978,1.054
-2.041,2.423
-2.045,2.711
-2.27,2.282
-2.252,1.01
-2.306,0.818
-2.247,3.007
-2.418,-0.003
-2.492,1.157
-2.632,0.523
-2.564,1.878
-2.683,0.965
-2.699,1.068
-2.821,2.477
-2.766,3.771
-2.796,0.806
-2.819,1.409
-2.946,2.524
-2.866,0.08
-2.886,3.028
-2.985,1.277
-3.033,2.465
-3.07,0.966
-3.026,2.798
-3.106,2.166
-3.105,3.149
-3.058,1.09
-3.102,0.264
2.48,-0.104
1.186,-0.392
1.172,-0.132
1.07,-0.067
0.496,-0.149
0.478,-0.297
0.352,-0.499
0.179,-0.505
0.069,-0.328
-0.303,-0.099
-0.454,-0.391
-0.661,-0.222
-0.672,-0.344
-0.798,-0.373
-0.875,-0.16
-1.117,-0.334
-1.233,-0.45
-1.284,-0.3
-2.012,-0.11
-2.399,-0.121
-2.483,-0.268
-2.628,-0.081
-2.678,-0.268
-2.756,-0.359
-2.79,-0.313
-2.725,-0.15
-3.109,-0.019
3.101,-0.345
2.832,4.208
2.792,4.236
2.152,4.227
1.878,4.174
1.492,4.318
1.396,4.128
1.161,3.947
0.328,4.315
0.339,4.322
-0.066,4.019
0.0,4.203
-0.235,4.199
-0.264,4.339
-0.546,4.046
-1.268,4.184
-1.276,4.343
-1.772,4.19
-2.118,4.02
-2.377,4.113
-3.103,4.401
-3.112,4.079
3.036,3.672
2.857,0.22
1.257,3.538
0.969,1.349
-0.648,3.565
-0.694,0.779
-2.7,2.788
2.452,-0.229
1.987,-0.327
-2.117,-0.068
-3.082,3.853
-3.117,1.113
2.976,3.656
3.053,0.532
3.018,1.471
2.8,1.881
2.81,2.416
2.755,2.437
2.627,3.816
2.718,2.845
2.598,3.507
2.5,1.156
2.633,2.583
2.545,2.524
2.289,2.644
2.422,3.474
2.252,1.988
2.302,2.088
2.313,1.597
2.164,0.179
2.216,0.846
2.178,2.32
2.184,2.019
1.975,0.021
1.978,0.16
1.949,2.684
1.947,1.804
2.026,2.495
1.434,1.043
1.275,2.506
1.411,2.323
1.385,1.127
1.227,0.114
1.164,0.168
1.161,3.785
1.082,1.199
1.018,2.668
0.933,0.272
0.879,1.692
0.998,2.107
0.787,0.811
0.919,2.68
0.86,1.681
0.745,2.801
0.69,0.394
0.477,0.423
0.445,1.291
0.518,3.916
0.349,1.215
0.432,2.183
0.096,2.693
-0.057,2.374
-0.005,-0.052
-0.01,3.467
-0.046,2.004
-0.195,1.146
-0.267,0.079
-0.294,3.246
-0.168,3.006
-0.249,3.138
-0.428,3.893
-0.499,3.362
-0.397,1.862
-0.396,1.21
-0.52,0.125
-0.618,0.288
-0.611,1.792
-0.628,1.089
-0.673,2.651
-0.884,1.503
-0.922,2.205
-1.282,0.684
-1.313,0.215
-1.246,3.929
-1.25,0.443
-1.558,1.128
-1.714,2.741
-1.791,0.418
-1.902,2.787
-1.79,1.201
-1.799,2.039
-1.918,2.595
-2.154,2.434
-2.181,2.425
-2.344,1.071
-2.381,2.099
-2.612,1.729
-2.655,0.24
-2.747,1.582
-2.869,2.364
-2.924,1.361
-2.858,1.188
-3.006,3.117
-2.951,1.147
3.131,0.874
2.954,-0.353
2.913,-0.225
2.465,-0.193
1.895,-0.021
1.615,-0.292
1.489,-0.117
1.386,-0.148
0.865,-0.36
0.892,-0.241
0.86,-0.522
0.759,-0.388
0.739,-0.387
-0.563,-0.203
-1.481,-0.387
-2.069,-0.131
-2.312,-0.514
-2.516,-0.235
-2.729,-0.358
-2.747,-0.186
-2.966,-0.091
-2.949,-0.249
-3.029,-0.222
3.11,4.191
2.886,4.135
2.537,4.15
2.629,4.239
2.297,4.091
2.185,4.198
2.144,4.226
2.054,3.878
1.088,4.015
0.802,4.164
0.76,4.267
0.57,3.962
0.162,4.108
0.274,3.98
-0.286,4.263
-1.196,4.007
-1.729,4.135
-2.467,4.287
-2.588,3.942
-2.712,4.201
2.249,3.056
2.126,1.455
1.065,3.115
-0.694,2.093
-1.079,1.425
-2.46,1.436
2.33,2.858
1.066,2.164
0.565,1.309
0.087,2.16
-0.906,2.164
-1.086,2.16
-1.224,2.896
-2.424,3.576
-2.671,2.877
-0.357,0.888
-2.363,0.666
-3.137,2.312
-0.308,-0.335
-1.416,0.229
-2.527,0.266
-0.772,-0.501
-0.745,0.115
-0.044,0.821
-0.032,-1.132
-0.034,-0.1
-0.153,-0.545
-0.258,0.243
-0.314,-0.475
-0.325,2.581
-0.331,2.272
-0.499,2.537
-0.432,1.159
-0.432,-0.244
-0.546,-1.409
-0.493,2.633
-0.489,0.867
-0.593,-0.419
-0.585,-1.295
-0.61,0.423
-0.561,1.793
-0.603,-1.034
-0.636,-0.641
-0.729,-0.316
-0.673,2.534
-0.669,2.403
-0.715,2.504
-0.797,-0.489
-0.748,1.269
-0.879,0.517
-0.882,0.004
-0.859,2.104
-1.0,2.136
-1.019,0.779
-1.017,-0.706
-0.972,0.252
-0.976,0.569
-1.021,-0.21
-0.996,-1.284
-1.048,2.128
-0.994,2.141
-1.034,0.579
-1.1,0.697
-1.062,1.539
-1.046,1.296
-1.22,0.58
-1.157,0.195
-1.181,-1.304
-1.283,-0.393
-1.308,1.239
-1.329,2.192
-1.43,-1.072
-1.406,0.513
-1.435,-0.896
-1.513,-0.436
-1.531,-1.422
-1.591,0.159
-1.527,1.839
-1.532,2.101
-1.602,0.486
-1.629,-0.65
-1.578,-1.352
-1.724,0.873
-1.787,2.386
-1.8,-1.285
-1.734,1.515
-1.771,1.615
-1.87,-1.036
-1.917,0.578
-1.953,1.751
-2.031,-0.305
-2.094,1.064
-2.098,1.352
-2.323,0.923
-2.305,-0.349
-2.359,-0.541
-2.3,1.648
-2.471,-1.362
-2.545,-0.202
-2.685,-0.836
-2.617,0.519
-2.736,-0.394
-2.752,-0.291
-2.874,1.118
-2.819,2.412
-2.849,-0.553
-2.872,0.05
-2.999,1.165
-2.919,-1.279
-2.939,1.669
-3.038,-0.082
-3.086,1.106
-3.123,-0.393
-3.079,1.439
3.124,0.807
3.125,1.79
-3.111,-0.269
3.128,-1.095
2.427,-1.463
1.133,-1.751
1.119,-1.491
1.017,-1.426
0.443,-1.508
0.425,-1.656
0.299,-1.858
0.126,-1.864
0.016,-1.687
-0.356,-1.458
-0.507,-1.75
-0.714,-1.581
-0.725,-1.703
-0.851,-1.732
-0.928,-1.519
-1.17,-1.693
-1.286,-1.809
-1.337,-1.659
-2.065,-1.469
-2.452,-1.48
-2.536,-1.627
-2.681,-1.44
-2.731,-1.627
-2.809,-1.718
-2.843,-1.672
-2.778,-1.509
3.121,-1.378
3.048,-1.704
2.779,2.849
2.739,2.877
2.099,2.868
1.825,2.815
1.439,2.959
1.343,2.769
1.108,2.588
0.275,2.956
0.286,2.963
-0.119,2.66
-0.053,2.844
-0.288,2.84
-0.317,2.98
-0.599,2.687
-1.321,2.825
-1.329,2.984
-1.825,2.831
-2.171,2.661
-2.43,2.754
3.127,3.042
3.118,2.72
2.983,2.313
2.804,-1.139
1.204,2.179
0.916,-0.01
-0.701,2.206
-0.747,-0.58
-2.753,1.429
2.399,-1.588
1.934,-1.686
-2.17,-1.427
-3.135,2.494
3.113,-0.246
2.923,2.297
3.0,-0.827
2.965,0.112
2.747,0.522
2.757,1.057
2.702,1.078
2.574,2.457
2.665,1.486
2.545,2.148
2.447,-0.203
2.58,1.224
2.492,1.165
2.236,1.285
2.369,2.115
2.199,0.629
2.249,0.729
2.26,0.238
2.111,-1.18
2.163,-0.513
2.125,0.961
2.131,0.66
1.922,-1.338
1.925,-1.199
1.896,1.325
1.894,0.445
1.973,1.136
1.381,-0.316
1.222,1.147
1.358,0.964
1.332,-0.232
1.174,-1.245
1.111,-1.191
1.108,2.426
1.029,-0.16
0.965,1.309
0.88,-1.087
0.826,0.333
0.945,0.748
0.734,-0.548
0.866,1.321
0.807,0.322
0.692,1.442
0.637,-0.965
0.424,-0.936
0.392,-0.068
0.465,2.557
0.296,-0.144
0.379,0.824
0.043,1.334
-0.11,1.015
-0.058,-1.411
-0.063,2.108
-0.099,0.645
-0.248,-0.213
-0.32,-1.28
-0.347,1.887
-0.221,1.647
-0.302,1.779
-0.481,2.534
-0.552,2.003
-0.45,0.503
-0.449,-0.149
-0.573,-1.234
-0.671,-1.071
-0.664,0.433
-0.681,-0.27
-0.726,1.292
-0.937,0.144
-0.975,0.846
-1.335,-0.675
-1.366,-1.144
-1.299,2.57
-1.303,-0.916
-1.611,-0.231
-1.767,1.382
-1.844,-0.941
-1.955,1.428
-1.843,-0.158
-1.852,0.68
-1.971,1.236
-2.207,1.075
-2.234,1.066
-2.397,-0.288
-2.434,0.74
-2.665,0.37
-2.708,-1.119
-2.8,0.223
-2.922,1.005
-2.977,0.002
-2.911,-0.171
-3.059,1.758
-3.004,-0.212
3.078,-0.485
2.901,-1.712
2.86,-1.584
2.412,-1.552
1.842,-1.38
1.562,-1.651
1.436,-1.476
1.333,-1.507
0.812,-1.719
0.839,-1.6
0.807,-1.881
0.706,-1.747
0.686,-1.746
-0.616,-1.562
-1.534,-1.746
-2.122,-1.49
-2.365,-1.873
-2.569,-1.594
-2.782,-1.717
-2.8,-1.545
-3.019,-1.45
-3.002,-1.608
-3.082,-1.581
3.057,2.832
2.833,2.776
2.484,2.791
2.576,2.88
2.244,2.732
2.132,2.839
2.091,2.867
2.001,2.519
1.035,2.656
0.749,2.805
0.707,2.908
0.517,2.603
0.109,2.749
0.221,2.621
-0.339,2.904
-1.249,2.648
-1.782,2.776
-2.52,2.928
-2.641,2.583
-2.765,2.842
2.196,1.697
2.073,0.096
1.012,1.756
-0.747,0.734
-1.132,0.066
-2.513,0.077
2.277,1.499
1.013,0.805
0.512,-0.05
0.034,0.801
-0.959,0.805
-1.139,0.801
-1.277,1.537
-2.477,2.217
-2.724,1.518
-0.41,-0.471
-2.416,-0.693
3.093,0.953
-0.361,-1.694
-1.469,-1.13
-2.58,-1.093
-0.825,-1.86
-0.798,-1.244
0.012,-1.953
0.01,-0.921
-0.109,-1.366
-0.214,-0.578
-0.27,-1.296
-0.281,1.76
-0.287,1.451
-0.455,1.716
-0.388,0.338
-0.388,-1.065
-0.502,-2.23
-0.449,1.812
-0.445,0.046
-0.549,-1.24
-0.541,-2.116
-0.566,-0.398
-0.517,0.972
-0.559,-1.855
-0.592,-1.462
-0.685,-1.137
-0.629,1.713
-0.625,1.582
-0.671,1.683
-0.753,-1.31
-0.704,0.448
-0.835,-0.304
-0.838,-0.817
-0.815,1.283
-0.956,1.315
-0.975,-0.042
-0.973,-1.527
-0.928,-0.569
-0.932,-0.252
-0.977,-1.031
-0.952,-2.105
-1.004,1.307
-0.95,1.32
-0.99,-0.242
-1.056,-0.124
-1.018,0.718
-1.002,0.475
-1.176,-0.241
-1.113,-0.626
-1.137,-2.125
-1.239,-1.214
-1.264,0.418
-1.285,1.371
-1.386,-1.893
-1.362,-0.308
-1.391,-1.717
-1.469,-1.257
-1.487,-2.243
-1.547,-0.662
-1.483,1.018
-1.488,1.28
-1.558,-0.335
-1.585,-1.471
-1.534,-2.173
-1.68,0.052
-1.743,1.565
-1.756,-2.106
-1.69,0.694
-1.727,0.794
-1.826,-1.857
-1.873,-0.243
-1.909,0.93
-1.987,-1.126
-2.05,0.243
-2.054,0.531
-2.279,0.102
-2.261,-1.17
-2.315,-1.362
-2.256,0.827
-2.427,-2.183
-2.501,-1.023
-2.641,-1.657
-2.573,-0.302
-2.692,-1.215
-2.708,-1.112
-2.83,0.297
-2.775,1.591
-2.805,-1.374
-2.828,-0.771
-2.955,0.344
-2.875,-2.1
-2.895,0.848
-2.994,-0.903
-3.042,0.285
-3.079,-1.214
-3.035,0.618
-3.115,-0.014
-3.114,0.969
-3.067,-1.09
-3.111,-1.916
2.471,-2.284
1.177,-2.572
1.163,-2.312
1.061,-2.247
0.487,-2.329
0.469,-2.477
0.343,-2.679
0.17,-2.685
0.06,-2.508
-0.312,-2.279
-0.463,-2.571
-0.67,-2.402
-0.681,-2.524
-0.807,-2.553
-0.884,-2.34
-1.126,-2.514
-1.242,-2.63
-1.293,-2.48
-2.021,-2.29
-2.408,-2.301
-2.492,-2.448
-2.637,-2.261
-2.687,-2.448
-2.765,-2.539
-2.799,-2.493
-2.734,-2.33
-3.118,-2.199
3.092,-2.525
2.823,2.028
2.783,2.056
2.143,2.047
1.869,1.994
1.483,2.138
1.387,1.948
1.152,1.767
0.319,2.135
0.33,2.142
-0.075,1.839
-0.009,2.023
-0.244,2.019
-0.273,2.159
-0.555,1.866
-1.277,2.004
-1.285,2.163
-1.781,2.01
-2.127,1.84
-2.386,1.933
-3.112,2.221
-3.121,1.899
3.027,1.492
2.848,-1.96
1.248,1.358
0.96,-0.831
-0.657,1.385
-0.703,-1.401
-2.709,0.608
2.443,-2.409
1.978,-2.507
-2.126,-2.248
-3.091,1.673
-3.126,-1.067
2.967,1.476
3.044,-1.648
3.009,-0.709
2.791,-0.299
2.801,0.236
2.746,0.257
2.618,1.636
2.709,0.665
2.589,1.327
2.491,-1.024
2.624,0.403
2.536,0.344
2.28,0.464
2.413,1.294
2.243,-0.192
2.293,-0.092
2.304,-0.583
2.155,-2.001
2.207,-1.334
2.169,0.14
2.175,-0.161
1.966,-2.159
1.969,-2.02
1.94,0.504
1.938,-0.376
2.017,0.315
1.425,-1.137
1.266,0.326
1.402,0.143
1.376,-1.053
1.218,-2.066
1.155,-2.012
1.152,1.605
1.073,-0.981
1.009,0.488
0.924,-1.908
0.87,-0.488
0.989,-0.073
0.778,-1.369
0.91,0.5
0.851,-0.499
0.736,0.621
0.681,-1.786
0.468,-1.757
0.436,-0.889
0.509,1.736
0.34,-0.965
0.423,0.003
0.087,0.513
-0.066,0.194
-0.014,-2.232
-0.019,1.287
-0.055,-0.176
-0.204,-1.034
-0.276,-2.101
-0.303,1.066
-0.177,0.826
-0.258,0.958
-0.437,1.713
-0.508,1.182
-0.406,-0.318
-0.405,-0.97
-0.529,-2.055
-0.627,-1.892
-0.62,-0.388
-0.637,-1.091
-0.682,0.471
-0.893,-0.677
-0.931,0.025
-1.291,-1.496
-1.322,-1.965
-1.255,1.749
-1.259,-1.737
-1.567,-1.052
-1.723,0.561
-1.8,-1.762
-1.911,0.607
-1.799,-0.979
-1.808,-0.141
-1.927,0.415
-2.163,0.254
-2.19,0.245
-2.353,-1.109
-2.39,-0.081
-2.621,-0.451
-2.664,-1.94
-2.756,-0.598
-2.878,0.184
-2.933,-0.819
-2.867,-0.992
-3.015,0.937
-2.96,-1.033
3.122,-1.306
2.945,-2.533
2.904,-2.405
2.456,-2.373
1.886,-2.201
1.606,-2.472
1.48,-2.297
1.377,-2.328
0.856,-2.54
0.883,-2.421
0.851,-2.702
0.75,-2.568
0.73,-2.567
-0.572,-2.383
-1.49,-2.567
-2.078,-2.311
-2.321,-2.694
-2.525,-2.415
-2.738,-2.538
-2.756,-2.366
-2.975,-2.271
-2.958,-2.429
-3.038,-2.402
3.101,2.011
2.877,1.955
2.528,1.97
2.62,2.059
2.288,1.911
2.176,2.018
2.135,2.046
2.045,1.698
1.079,1.835
0.793,1.984
0.751,2.087
0.561,1.782
0.153,1.928
0.265,1.8
-0.295,2.083
-1.205,1.827
-1.738,1.955
-2.476,2.107
-2.597,1.762
-2.721,2.021
2.24,0.876
2.117,-0.725
1.056,0.935
-0.703,-0.087
-1.088,-0.755
-2.469,-0.744
2.321,0.678
1.057,-0.016
0.556,-0.871
0.078,-0.02
-0.915,-0.016
-1.095,-0.02
-1.233,0.716
-2.433,1.396
-2.68,0.697
-0.366,-1.292
-2.372,-1.514
3.137,0.132
-0.317,-2.515
-1.425,-1.951
-2.536,-1.914
-0.781,-2.681
-0.754,-2.065
-0.002,1.032
-0.121,0.587
-0.226,1.375
-0.282,0.657
-0.293,3.713
-0.299,3.404
-0.467,3.669
-0.4,2.291
-0.4,0.888
-0.514,-0.277
-0.461,3.765
-0.457,1.999
-0.561,0.713
-0.553,-0.163
-0.578,1.555
-0.529,2.925
-0.571,0.098
-0.604,0.491
-0.697,0.816
-0.641,3.666
-0.637,3.535
-0.683,3.636
-0.765,0.643
-0.716,2.401
-0.847,1.649
-0.85,1.136
-0.827,3.236
-0.968,3.268
-0.987,1.911
-0.985,0.426
-0.94,1.384
-0.944,1.701
-0.989,0.922
-0.964,-0.152
-1.016,3.26
-0.962,3.273
-1.002,1.711
-1.068,1.829
-1.03,2.671
-1.014,2.428
-1.188,1.712
-1.125,1.327
-1.149,-0.172
-1.251,0.739
-1.276,2.371
-1.297,3.324
-1.398,0.06
-1.374,1.645
-1.403,0.236
-1.481,0.696
-1.499,-0.29
-1.559,1.291
-1.495,2.971
-1.5,3.233
-1.57,1.618
-1.597,0.482
-1.546,-0.22
-1.692,2.005
-1.755,3.518
-1.768,-0.153
-1.702,2.647
-1.739,2.747
-1.838,0.096
-1.885,1.71
-1.921,2.883
-1.999,0.827
-2.062,2.196
-2.066,2.484
-2.291,2.055
-2.273,0.783
-2.327,0.591
-2.268,2.78
-2.439,-0.23
-2.513,0.93
-2.653,0.296
-2.585,1.651
-2.704,0.738
-2.72,0.841
-2.842,2.25
-2.787,3.544
-2.817,0.579
-2.84,1.182
-2.967,2.297
-2.887,-0.147
-2.907,2.801
-3.006,1.05
-3.054,2.238
-3.091,0.739
-3.047,2.571
-3.127,1.939
-3.126,2.922
-3.079,0.863
-3.123,0.037
2.459,-0.331
1.165,-0.619
1.151,-0.359
1.049,-0.294
0.475,-0.376
0.457,-0.524
0.331,-0.726
0.158,-0.732
0.048,-0.555
-0.324,-0.326
-0.475,-0.618
-0.682,-0.449
-0.693,-0.571
-0.819,-0.6
-0.896,-0.387
-1.138,-0.561
-1.254,-0.677
-1.305,-0.527
-2.033,-0.337
-2.42,-0.348
-2.504,-0.495
-2.649,-0.308
-2.699,-0.495
-2.777,-0.586
-2.811,-0.54
-2.746,-0.377
-3.13,-0.246
3.08,-0.572
2.811,3.981
2.771,4.009
2.131,4.0
1.857,3.947
1.471,4.091
1.375,3.901
1.14,3.72
0.307,4.088
0.318,4.095
-0.087,3.792
-0.021,3.976
-0.256,3.972
-0.285,4.112
-0.567,3.819
-1.289,3.957
-1.297,4.116
-1.793,3.963
-2.139,3.793
-2.398,3.886
-3.124,4.174
-3.133,3.852
3.015,3.445
2.836,-0.007
1.236,3.311
0.948,1.122
-0.669,3.338
-0.715,0.552
-2.721,2.561
2.431,-0.456
1.966,-0.554
-2.138,-0.295
-3.103,3.626
-3.138,0.886
2.955,3.429
3.032,0.305
2.997,1.244
2.779,1.654
2.789,2.189
2.734,2.21
2.606,3.589
2.697,2.618
2.577,3.28
2.479,0.929
2.612,2.356
2.524,2.297
2.268,2.417
2.401,3.247
2.231,1.761
2.281,1.861
2.292,1.37
2.143,-0.048
2.195,0.619
2.157,2.093
2.163,1.792
1.954,-0.206
1.957,-0.067
1.928,2.457
1.926,1.577
2.005,2.268
1.413,0.816
1.254,2.279
1.39,2.096
1.364,0.9
1.206,-0.113
1.143,-0.059
1.14,3.558
1.061,0.972
0.997,2.441
0.912,0.045
0.858,1.465
0.977,1.88
0.766,0.584
0.898,2.453
0.839,1.454
0.724,2.574
0.669,0.167
0.456,0.196
0.424,1.064
0.497,3.689
0.328,0.988
0.411,1.956
0.075,2.466
-0.078,2.147
-0.026,-0.279
-0.031,3.24
-0.067,1.777
-0.216,0.919
-0.288,-0.148
-0.315,3.019
-0.189,2.779
-0.27,2.911
-0.449,3.666
-0.52,3.135
-0.418,1.635
-0.417,0.983
-0.541,-0.102
-0.639,0.061
-0.632,1.565
-0.649,0.862
-0.694,2.424
-0.905,1.276
-0.943,1.978
-1.303,0.457
-1.334,-0.012
-1.267,3.702
-1.271,0.216
-1.579,0.901
-1.735,2.514
-1.812,0.191
-1.923,2.56
-1.811,0.974
-1.82,1.812
-1.939,2.368
-2.175,2.207
-2.202,2.198
-2.365,0.844
-2.402,1.872
-2.633,1.502
-2.676,0.013
-2.768,1.355
-2.89,2.137
-2.945,1.134
-2.879,0.961
-3.027,2.89
-2.972,0.92
3.11,0.647
2.933,-0.58
2.892,-0.452
2.444,-0.42
1.874,-0.248
1.594,-0.519
1.468,-0.344
1.365,-0.375
0.844,-0.587
0.871,-0.468
0.839,-0.749
0.738,-0.615
0.718,-0.614
-0.584,-0.43
-1.502,-0.614
-2.09,-0.358
-2.333,-0.741
-2.537,-0.462
-2.75,-0.585
-2.768,-0.413
-2.987,-0.318
-2.97,-0.476
-3.05,-0.449
3.089,3.964
2.865,3.908
2.516,3.923
2.608,4.012
2.276,3.864
2.164,3.971
2.123,3.999
2.033,3.651
1.067,3.788
0.781,3.937
0.739,4.04
0.549,3.735
0.141,3.881
0.253,3.753
-0.307,4.036
-1.217,3.78
-1.75,3.908
-2.488,4.06
-2.609,3.715
-2.733,3.974
2.228,2.829
2.105,1.228
1.044,2.888
-0.715,1.866
-1.1,1.198
-2.481,1.209
2.309,2.631
1.045,1.937
0.544,1.082
0.066,1.933
-0.927,1.937
-1.107,1.933
-1.245,2.669
-2.445,3.349
-2.692,2.65
-0.378,0.661
-2.384,0.439
3.125,2.085
-0.329,-0.562
-1.437,0.002
-2.548,0.039
-0.793,-0.728
-0.766,-0.112
-0.119,-0.445
-0.224,0.343
-0.28,-0.375
-0.291,2.681
-0.297,2.372
-0.465,2.637
-0.398,1.259
-0.398,-0.144
-0.512,-1.309
-0.459,2.733
-0.455,0.967
-0.559,-0.319
-0.551,-1.195
-0.576,0.523
-0.527,1.893
-0.569,-0.934
-0.602,-0.541
-0.695,-0.216
-0.639,2.634
-0.635,2.503
-0.681,2.604
-0.763,-0.389
-0.714,1.369
-0.845,0.617
-0.848,0.104
-0.825,2.204
-0.966,2.236
-0.985,0.879
-0.983,-0.606
-0.938,0.352
-0.942,0.669
-0.987,-0.11
-0.962,-1.184
-1.014,2.228
-0.96,2.241
-1.0,0.679
-1.066,0.797
-1.028,1.639
-1.012,1.396
-1.186,0.68
-1.123,0.295
-1.147,-1.204
-1.249,-0.293
-1.274,1.339
-1.295,2.292
-1.396,-0.972
-1.372,0.613
-1.401,-0.796
-1.479,-0.336
-1.497,-1.322
-1.557,0.259
-1.493,1.939
-1.498,2.201
-1.568,0.586
-1.595,-0.55
-1.544,-1.252
-1.69,0.973
-1.753,2.486
-1.766,-1.185
-1.7,1.615
-1.737,1.715
-1.836,-0.936
-1.883,0.678
-1.919,1.851
-1.997,-0.205
-2.06,1.164
-2.064,1.452
-2.289,1.023
-2.271,-0.249
-2.325,-0.441
-2.266,1.748
-2.437,-1.262
-2.511,-0.102
-2.651,-0.736
-2.583,0.619
-2.702,-0.294
-2.718,-0.191
-2.84,1.218
-2.785,2.512
-2.815,-0.453
-2.838,0.15
-2.965,1.265
-2.885,-1.179
-2.905,1.769
-3.004,0.018
-3.052,1.206
-3.089,-0.293
-3.045,1.539
-3.125,0.907
-3.124,1.89
-3.077,-0.169
-3.121,-0.995
2.461,-1.363
1.167,-1.651
1.153,-1.391
1.051,-1.326
0.477,-1.408
0.459,-1.556
0.333,-1.758
0.16,-1.764
0.05,-1.587
-0.322,-1.358
-0.473,-1.65
-0.68,-1.481
-0.691,-1.603
-0.817,-1.632
-0.894,-1.419
-1.136,-1.593
-1.252,-1.709
-1.303,-1.559
-2.031,-1.369
-2.418,-1.38
-2.502,-1.527
-2.647,-1.34
-2.697,-1.527
-2.775,-1.618
-2.809,-1.572
-2.744,-1.409
-3.128,-1.278
3.082,-1.604
2.813,2.949
2.773,2.977
2.133,2.968
1.859,2.915
1.473,3.059
1.377,2.869
1.142,2.688
0.309,3.056
0.32,3.063
-0.085,2.76
-0.019,2.944
-0.254,2.94
-0.283,3.08
-0.565,2.787
-1.287,2.925
-1.295,3.084
-1.791,2.931
-2.137,2.761
-2.396,2.854
-3.122,3.142
-3.131,2.82
3.017,2.413
2.838,-1.039
1.238,2.279
0.95,0.09
-0.667,2.306
-0.713,-0.48
-2.719,1.529
2.433,-1.488
1.968,-1.586
-2.136,-1.327
-3.101,2.594
-3.136,-0.146
2.957,2.397
3.034,-0.727
2.999,0.212
2.781,0.622
2.791,1.157
2.736,1.178
2.608,2.557
2.699,1.586
2.579,2.248
2.481,-0.103
2.614,1.324
2.526,1.265
2.27,1.385
2.403,2.215
2.233,0.729
2.283,0.829
2.294,0.338
2.145,-1.08
2.197,-0.413
2.159,1.061
2.165,0.76
1.956,-1.238
1.959,-1.099
1.93,1.425
1.928,0.545
2.007,1.236
1.415,-0.216
1.256,1.247
1.392,1.064
1.366,-0.132
1.208,-1.145
1.145,-1.091
1.142,2.526
1.063,-0.06
0.999,1.409
0.914,-0.987
0.86,0.433
0.979,0.848
0.768,-0.448
0.9,1.421
0.841,0.422
0.726,1.542
0.671,-0.865
0.458,-0.836
0.426,0.032
0.499,2.657
0.33,-0.044
0.413,0.924
0.077,1.434
-0.076,1.115
-0.024,-1.311
-0.029,2.208
-0.065,0.745
-0.214,-0.113
-0.286,-1.18
-0.313,1.987
-0.187,1.747
-0.268,1.879
-0.447,2.634
-0.518,2.103
-0.416,0.603
-0.415,-0.049
-0.539,-1.134
-0.637,-0.971
-0.63,0.533
-0.647,-0.17
-0.692,1.392
-0.903,0.244
-0.941,0.946
-1.301,-0.575
-1.332,-1.044
-1.265,2.67
-1.269,-0.816
-1.577,-0.131
-1.733,1.482
-1.81,-0.841
-1.921,1.528
-1.809,-0.058
-1.818,0.78
-1.937,1.336
-2.173,1.175
-2.2,1.166
-2.363,-0.188
-2.4,0.84
-2.631,0.47
-2.674,-1.019
-2.766,0.323
-2.888,1.105
-2.943,0.102
-2.877,-0.071
-3.025,1.858
-2.97,-0.112
3.112,-0.385
2.935,-1.612
2.894,-1.484
2.446,-1.452
1.876,-1.28
1.596,-1.551
1.47,-1.376
1.367,-1.407
0.846,-1.619
0.873,-1.5
0.841,-1.781
0.74,-1.647
0.72,-1.646
-0.582,-1.462
-1.5,-1.646
-2.088,-1.39
-2.331,-1.773
-2.535,-1.494
-2.748,-1.617
-2.766,-1.445
-2.985,-1.35
-2.968,-1.508
-3.048,-1.481
3.091,2.932
2.867,2.876
2.518,2.891
2.61,2.98
2.278,2.832
2.166,2.939
2.125,2.967
2.035,2.619
1.069,2.756
0.783,2.905
0.741,3.008
0.551,2.703
0.143,2.849
0.255,2.721
-0.305,3.004
-1.215,2.748
-1.748,2.876
-2.486,3.028
-2.607,2.683
-2.731,2.942
2.23,1.797
2.107,0.196
1.046,1.856
-0.713,0.834
-1.098,0.166
-2.479,0.177
2.311,1.599
1.047,0.905
0.546,0.05
0.068,0.901
-0.925,0.905
-1.105,0.901
-1.243,1.637
-2.443,2.317
-2.69,1.618
-0.376,-0.371
-2.382,-0.593
3.127,1.053
-0.327,-1.594
-1.435,-1.03
-2.546,-0.993
-0.791,-1.76
-0.764,-1.144
-0.105,0.788
-0.161,0.07
-0.172,3.126
-0.178,2.817
-0.346,3.082
-0.279,1.704
-0.279,0.301
-0.393,-0.864
-0.34,3.178
-0.336,1.412
-0.44,0.126
-0.432,-0.75
-0.457,0.968
-0.408,2.338
-0.45,-0.489
-0.483,-0.096
-0.576,0.229
-0.52,3.079
-0.516,2.948
-0.562,3.049
-0.644,0.056
-0.595,1.814
-0.726,1.062
-0.729,0.549
-0.706,2.649
-0.847,2.681
-0.866,1.324
-0.864,-0.161
-0.819,0.797
-0.823,1.114
-0.868,0.335
-0.843,-0.739
-0.895,2.673
-0.841,2.686
-0.881,1.124
-0.947,1.242
-0.909,2.084
-0.893,1.841
-1.067,1.125
-1.004,0.74
-1.028,-0.759
-1.13,0.152
-1.155,1.784
-1.176,2.737
-1.277,-0.527
-1.253,1.058
-1.282,-0.351
-1.36,0.109
-1.378,-0.877
-1.438,0.704
-1.374,2.384
-1.379,2.646
-1.449,1.031
-1.476,-0.105
-1.425,-0.807
-1.571,1.418
-1.634,2.931
-1.647,-0.74
-1.581,2.06
-1.618,2.16
-1.717,-0.491
-1.764,1.123
-1.8,2.296
-1.878,0.24
-1.941,1.609
-1.945,1.897
-2.17,1.468
-2.152,0.196
-2.206,0.004
-2.147,2.193
-2.318,-0.817
-2.392,0.343
-2.532,-0.291
-2.464,1.064
-2.583,0.151
-2.599,0.254
-2.721,1.663
-2.666,2.957
-2.696,-0.008
-2.719,0.595
-2.846,1.71
-2.766,-0.734
-2.786,2.214
-2.885,0.463
-2.933,1.651
-2.97,0.152
-2.926,1.984
-3.006,1.352
-3.005,2.335
-2.958,0.276
-3.002,-0.55
2.58,-0.918
1.286,-1.206
1.272,-0.946
1.17,-0.881
0.596,-0.963
0.578,-1.111
0.452,-1.313
0.279,-1.319
0.169,-1.142
-0.203,-0.913
-0.354,-1.205
-0.561,-1.036
-0.572,-1.158
-0.698,-1.187
-0.775,-0.974
-1.017,-1.148
-1.133,-1.264
-1.184,-1.114
-1.912,-0.924
-2.299,-0.935
-2.383,-1.082
-2.528,-0.895
-2.578,-1.082
-2.656,-1.173
-2.69,-1.127
-2.625,-0.964
-3.009,-0.833
-3.082,-1.159
2.932,3.394
2.892,3.422
2.252,3.413
1.978,3.36
1.592,3.504
1.496,3.314
1.261,3.133
0.428,3.501
0.439,3.508
0.034,3.205
0.1,3.389
-0.135,3.385
-0.164,3.525
-0.446,3.232
-1.168,3.37
-1.176,3.529
-1.672,3.376
-2.018,3.206
-2.277,3.299
-3.003,3.587
-3.012,3.265
3.136,2.858
2.957,-0.594
1.357,2.724
1.069,0.535
-0.548,2.751
-0.594,-0.035
-2.6,1.974
2.552,-1.043
2.087,-1.141
-2.017,-0.882
-2.982,3.039
-3.017,0.299
3.076,2.842
-3.13,-0.282
3.118,0.657
2.9,1.067
2.91,1.602
2.855,1.623
2.727,3.002
2.818,2.031
2.698,2.693
2.6,0.342
2.733,1.769
2.645,1.71
2.389,1.83
2.522,2.66
2.352,1.174
2.402,1.274
2.413,0.783
2.264,-0.635
2.316,0.032
2.278,1.506
2.284,1.205
2.075,-0.793
2.078,-0.654
2.049,1.87
2.047,0.99
2.126,1.681
1.534,0.229
1.375,1.692
1.511,1.509
1.485,0.313
1.327,-0.7
1.264,-0.646
1.261,2.971
1.182,0.385
1.118,1.854
1.033,-0.542
0.979,0.878
1.098,1.293
0.887,-0.003
1.019,1.866
0.96,0.867
0.845,1.987
0.79,-0.42
0.577,-0.391
0.545,0.477
0.618,3.102
0.449,0.401
0.532,1.369
0.196,1.879
0.043,1.56
0.095,-0.866
0.09,2.653
0.054,1.19
-0.095,0.332
-0.167,-0.735
-0.194,2.432
-0.068,2.192
-0.149,2.324
-0.328,3.079
-0.399,2.548
-0.297,1.048
-0.296,0.396
-0.42,-0.689
-0.518,-0.526
-0.511,0.978
-0.528,0.275
-0.573,1.837
-0.784,0.689
-0.822,1.391
-1.182,-0.13
-1.213,-0.599
-1.146,3.115
-1.15,-0.371
-1.458,0.314
-1.614,1.927
-1.691,-0.396
-1.802,1.973
-1.69,0.387
-1.699,1.225
-1.818,1.781
-2.054,1.62
-2.081,1.611
-2.244,0.257
-2.281,1.285
-2.512,0.915
-2.555,-0.574
-2.647,0.768
-2.769,1.55
-2.824,0.547
-2.758,0.374
-2.906,2.303
-2.851,0.333
-3.052,0.06
3.054,-1.167
3.013,-1.039
2.565,-1.007
1.995,-0.835
1.715,-1.106
1.589,-0.931
1.486,-0.962
0.965,-1.174
0.992,-1.055
0.96,-1.336
0.859,-1.202
0.839,-1.201
-0.463,-1.017
-1.381,-1.201
-1.969,-0.945
-2.212,-1.328
-2.416,-1.049
-2.629,-1.172
-2.647,-1.0
-2.866,-0.905
-2.849,-1.063
-2.929,-1.036
-3.073,3.377
2.986,3.321
2.637,3.336
2.729,3.425
2.397,3.277
2.285,3.384
2.244,3.412
2.154,3.064
1.188,3.201
0.902,3.35
0.86,3.453
0.67,3.148
0.262,3.294
0.374,3.166
-0.186,3.449
-1.096,3.193
-1.629,3.321
-2.367,3.473
-2.488,3.128
-2.612,3.387
2.349,2.242
2.226,0.641
1.165,2.301
-0.594,1.279
-0.979,0.611
-2.36,0.622
2.43,2.044
1.166,1.35
0.665,0.495
0.187,1.346
-0.806,1.35
-0.986,1.346
-1.124,2.082
-2.324,2.762
-2.571,2.063
-0.257,0.074
-2.263,-0.148
-3.037,1.498
-0.208,-1.149
-1.316,-0.585
-2.427,-0.548
-0.672,-1.315
-0.645,-0.699
-0.056,-0.718
-0.067,2.338
-0.073,2.029
-0.241,2.294
-0.174,0.916
-0.174,-0.487
-0.288,-1.652
-0.235,2.39
-0.231,0.624
-0.335,-0.662
-0.327,-1.538
-0.352,0.18
-0.303,1.55
-0.345,-1.277
-0.378,-0.884
-0.471,-0.559
-0.415,2.291
-0.411,2.16
-0.457,2.261
-0.539,-0.732
-0.49,1.026
-0.621,0.274
-0.624,-0.239
-0.601,1.861
-0.742,1.893
-0.761,0.536
-0.759,-0.949
-0.714,0.009
-0.718,0.326
-0.763,-0.453
-0.738,-1.527
-0.79,1.885
-0.736,1.898
-0.776,0.336
-0.842,0.454
-0.804,1.296
-0.788,1.053
-0.962,0.337
-0.899,-0.048
-0.923,-1.547
-1.025,-0.636
-1.05,0.996
-1.071,1.949
-1.172,-1.315
-1.148,0.27
-1.177,-1.139
-1.255,-0.679
-1.273,-1.665
-1.333,-0.084
-1.269,1.596
-1.274,1.858
-1.344,0.243
-1.371,-0.893
-1.32,-1.595
-1.466,0.63
-1.529,2.143
-1.542,-1.528
-1.476,1.272
-1.513,1.372
-1.612,-1.279
-1.659,0.335
-1.695,1.508
-1.773,-0.548
-1.836,0.821
-1.84,1.109
-2.065,0.68
-2.047,-0.592
-2.101,-0.784
-2.042,1.405
-2.213,-1.605
-2.287,-0.445
-2.427,-1.079
-2.359,0.276
-2.478,-0.637
-2.494,-0.534
-2.616,0.875
-2.561,2.169
-2.591,-0.796
-2.614,-0.193
-2.741,0.922
-2.661,-1.522
-2.681,1.426
-2.78,-0.325
-2.828,0.863
-2.865,-0.636
-2.821,1.196
-2.901,0.564
-2.9,1.547
-2.853,-0.512
-2.897,-1.338
2.685,-1.706
1.391,-1.994
1.377,-1.734
1.275,-1.669
0.701,-1.751
0.683,-1.899
0.557,-2.101
0.384,-2.107
0.274,-1.93
-0.098,-1.701
-0.249,-1.993
-0.456,-1.824
-0.467,-1.946
-0.593,-1.975
-0.67,-1.762
-0.912,-1.936
-1.028,-2.052
-1.079,-1.902
-1.807,-1.712
-2.194,-1.723
-2.278,-1.87
-2.423,-1.683
-2.473,-1.87
-2.551,-1.961
-2.585,-1.915
-2.52,-1.752
-2.904,-1.621
-2.977,-1.947
3.037,2.606
2.997,2.634
2.357,2.625
2.083,2.572
1.697,2.716
1.601,2.526
1.366,2.345
0.533,2.713
0.544,2.72
0.139,2.417
0.205,2.601
-0.03,2.597
-0.059,2.737
-0.341,2.444
-1.063,2.582
-1.071,2.741
-1.567,2.588
-1.913,2.418
-2.172,2.511
-2.898,2.799
-2.907,2.477
-3.042,2.07
3.062,-1.382
1.462,1.936
1.174,-0.253
-0.443,1.963
-0.489,-0.823
-2.495,1.186
2.657,-1.831
2.192,-1.929
-1.912,-1.67
-2.877,2.251
-2.912,-0.489
-3.102,2.054
-3.025,-1.07
-3.06,-0.131
3.005,0.279
3.015,0.814
2.96,0.835
2.832,2.214
2.923,1.243
2.803,1.905
2.705,-0.446
2.838,0.981
2.75,0.922
2.494,1.042
2.627,1.872
2.457,0.386
2.507,0.486
2.518,-0.005
2.369,-1.423
2.421,-0.756
2.383,0.718
2.389,0.417
2.18,-1.581
2.183,-1.442
2.154,1.082
2.152,0.202
2.231,0.893
1.639,-0.559
1.48,0.904
1.616,0.721
1.59,-0.475
1.432,-1.488
1.369,-1.434
1.366,2.183
1.287,-0.403
1.223,1.066
1.138,-1.33
1.084,0.09
1.203,0.505
0.992,-0.791
1.124,1.078
1.065,0.079
0.95,1.199
0.895,-1.208
0.682,-1.179
0.65,-0.311
0.723,2.314
0.554,-0.387
0.637,0.581
0.301,1.091
0.148,0.772
0.2,-1.654
0.195,1.865
0.159,0.402
0.01,-0.456
-0.062,-1.523
-0.089,1.644
0.037,1.404
-0.044,1.536
-0.223,2.291
-0.294,1.76
-0.192,0.26
-0.191,-0.392
-0.315,-1.477
-0.413,-1.314
-0.406,0.19
-0.423,-0.513
-0.468,1.049
-0.679,-0.099
-0.717,0.603
-1.077,-0.918
-1.108,-1.387
-1.041,2.327
-1.045,-1.159
-1.353,-0.474
-1.509,1.139
-1.586,-1.184
-1.697,1.185
-1.585,-0.401
-1.594,0.437
-1.713,0.993
-1.949,0.832
-1.976,0.823
-2.139,-0.531
-2.176,0.497
-2.407,0.127
-2.45,-1.362
-2.542,-0.02
-2.664,0.762
-2.719,-0.241
-2.653,-0.414
-2.801,1.515
-2.746,-0.455
-2.947,-0.728
-3.124,-1.955
3.118,-1.827
2.67,-1.795
2.1,-1.623
1.82,-1.894
1.694,-1.719
1.591,-1.75
1.07,-1.962
1.097,-1.843
1.065,-2.124
0.964,-1.99
0.944,-1.989
-0.358,-1.805
-1.276,-1.989
-1.864,-1.733
-2.107,-2.116
-2.311,-1.837
-2.524,-1.96
-2.542,-1.788
-2.761,-1.693
-2.744,-1.851
-2.824,-1.824
-2.968,2.589
3.091,2.533
2.742,2.548
2.834,2.637
2.502,2.489
2.39,2.596
2.349,2.624
2.259,2.276
1.293,2.413
1.007,2.562
0.965,2.665
0.775,2.36
0.367,2.506
0.479,2.378
-0.081,2.661
-0.991,2.405
-1.524,2.533
-2.262,2.685
-2.383,2.34
-2.507,2.599
2.454,1.454
2.331,-0.147
1.27,1.513
-0.489,0.491
-0.874,-0.177
-2.255,-0.166
2.535,1.256
1.271,0.562
0.77,-0.293
0.292,0.558
-0.701,0.562
-0.881,0.558
-1.019,1.294
-2.219,1.974
-2.466,1.275
-0.152,-0.714
-2.158,-0.936
-2.932,0.71
-0.103,-1.937
-1.211,-1.373
-2.322,-1.336
-0.567,-2.103
-0.54,-1.487
-0.011,3.056
-0.017,2.747
-0.185,3.012
-0.118,1.634
-0.118,0.231
-0.232,-0.934
-0.179,3.108
-0.175,1.342
-0.279,0.056
-0.271,-0.82
-0.296,0.898
-0.247,2.268
-0.289,-0.559
-0.322,-0.166
-0.415,0.159
-0.359,3.009
-0.355,2.878
-0.401,2.979
-0.483,-0.014
-0.434,1.744
-0.565,0.992
-0.568,0.479
-0.545,2.579
-0.686,2.611
-0.705,1.254
-0.703,-0.231
-0.658,0.727
-0.662,1.044
-0.707,0.265
-0.682,-0.809
-0.734,2.603
-0.68,2.616
-0.72,1.054
-0.786,1.172
-0.748,2.014
-0.732,1.771
-0.906,1.055
-0.843,0.67
-0.867,-0.829
-0.969,0.082
-0.994,1.714
-1.015,2.667
-1.116,-0.597
-1.092,0.988
-1.121,-0.421
-1.199,0.039
-1.217,-0.947
-1.277,0.634
-1.213,2.314
-1.218,2.576
-1.288,0.961
-1.315,-0.175
-1.264,-0.877
-1.41,1.348
-1.473,2.861
-1.486,-0.81
-1.42,1.99
-1.457,2.09
-1.556,-0.561
-1.603,1.053
-1.639,2.226
-1.717,0.17
-1.78,1.539
-1.784,1.827
-2.009,1.398
-1.991,0.126
-2.045,-0.066
-1.986,2.123
-2.157,-0.887
-2.231,0.273
-2.371,-0.361
-2.303,0.994
-2.422,0.081
-2.438,0.184
-2.56,1.593
-2.505,2.887
-2.535,-0.078
-2.558,0.525
-2.685,1.64
-2.605,-0.804
-2.625,2.144
-2.724,0.393
-2.772,1.581
-2.809,0.082
-2.765,1.914
-2.845,1.282
-2.844,2.265
-2.797,0.206
-2.841,-0.62
2.741,-0.988
1.447,-1.276
1.433,-1.016
1.331,-0.951
0.757,-1.033
0.739,-1.181
0.613,-1.383
0.44,-1.389
0.33,-1.212
-0.042,-0.983
-0.193,-1.275
-0.4,-1.106
-0.411,-1.228
-0.537,-1.257
-0.614,-1.044
-0.856,-1.218
-0.972,-1.334
-1.023,-1.184
-1.751,-0.994
-2.138,-1.005
-2.222,-1.152
-2.367,-0.965
-2.417,-1.152
-2.495,-1.243
-2.529,-1.197
-2.464,-1.034
-2.848,-0.903
-2.921,-1.229
3.093,3.324
3.053,3.352
2.413,3.343
2.139,3.29
1.753,3.434
1.657,3.244
1.422,3.063
0.589,3.431
0.6,3.438
0.195,3.135
0.261,3.319
0.026,3.315
-0.003,3.455
-0.285,3.162
-1.007,3.3
-1.015,3.459
-1.511,3.306
-1.857,3.136
-2.116,3.229
-2.842,3.517
-2.851,3.195
-2.986,2.788
3.118,-0.664
1.518,2.654
1.23,0.465
-0.387,2.681
-0.433,-0.105
-2.439,1.904
2.713,-1.113
2.248,-1.211
-1.856,-0.952
-2.821,2.969
-2.856,0.229
-3.046,2.772
-2.969,-0.352
-3.004,0.587
3.061,0.997
3.071,1.532
3.016,1.553
2.888,2.932
2.979,1.961
2.859,2.623
2.761,0.272
2.894,1.699
2.806,1.64
2.55,1.76
2.683,2.59
2.513,1.104
2.563,1.204
2.574,0.713
2.425,-0.705
2.477,-0.038
2.439,1.436
2.445,1.135
2.236,-0.863
2.239,-0.724
2.21,1.8
2.208,0.92
2.287,1.611
1.695,0.159
1.536,1.622
1.672,1.439
1.646,0.243
1.488,-0.77
1.425,-0.716
1.422,2.901
1.343,0.315
1.279,1.784
1.194,-0.612
1.14,0.808
1.259,1.223
1.048,-0.073
1.18,1.796
1.121,0.797
1.006,1.917
0.951,-0.49
0.738,-0.461
0.706,0.407
0.779,3.032
0.61,0.331
0.693,1.299
0.357,1.809
0.204,1.49
0.256,-0.936
0.251,2.583
0.215,1.12
0.066,0.262
-0.006,-0.805
-0.033,2.362
0.093,2.122
0.012,2.254
-0.167,3.009
-0.238,2.478
-0.136,0.978
-0.135,0.326
-0.259,-0.759
-0.357,-0.596
-0.35,0.908
-0.367,0.205
-0.412,1.767
-0.623,0.619
-0.661,1.321
-1.021,-0.2
-1.052,-0.669
-0.985,3.045
-0.989,-0.441
-1.297,0.244
-1.453,1.857
-1.53,-0.466
-1.641,1.903
-1.529,0.317
-1.538,1.155
-1.657,1.711
-1.893,1.55
-1.92,1.541
-2.083,0.187
-2.12,1.215
-2.351,0.845
-2.394,-0.644
-2.486,0.698
-2.608,1.48
-2.663,0.477
-2.597,0.304
-2.745,2.233
-2.69,0.263
-2.891,-0.01
-3.068,-1.237
-3.109,-1.109
2.726,-1.077
2.156,-0.905
1.876,-1.176
1.75,-1.001
1.647,-1.032
1.126,-1.244
1.153,-1.125
1.121,-1.406
1.02,-1.272
1.0,-1.271
-0.302,-1.087
-1.22,-1.271
-1.808,-1.015
-2.051,-1.398
-2.255,-1.119
-2.468,-1.242
-2.486,-1.07
-2.705,-0.975
-2.688,-1.133
-2.768,-1.106
-2.912,3.307
-3.136,3.251
2.798,3.266
2.89,3.355
2.558,3.207
2.446,3.314
2.405,3.342
2.315,2.994
1.349,3.131
1.063,3.28
1.021,3.383
0.831,3.078
0.423,3.224
0.535,3.096
-0.025,3.379
-0.935,3.123
-1.468,3.251
-2.206,3.403
-2.327,3.058
-2.451,3.317
2.51,2.172
2.387,0.571
1.326,2.231
-0.433,1.209
-0.818,0.541
-2.199,0.552
2.591,1.974
1.327,1.28
0.826,0.425
0.348,1.276
-0.645,1.28
-0.825,1.276
-0.963,2.012
-2.163,2.692
-2.41,1.993
-0.096,0.004
-2.102,-0.218
-2.876,1.428
-0.047,-1.219
-1.155,-0.655
-2.266,-0.618
-0.511,-1.385
-0.484,-0.769
-0.006,-0.309
-0.174,-0.044
-0.107,-1.422
-0.107,-2.825
-0.221,-3.99
-0.168,0.052
-0.164,-1.714
-0.268,-3.0
-0.26,-3.876
-0.285,-2.158
-0.236,-0.788
-0.278,-3.615
-0.311,-3.222
-0.404,-2.897
-0.348,-0.047
-0.344,-0.178
-0.39,-0.077
-0.472,-3.07
-0.423,-1.312
-0.554,-2.064
-0.557,-2.577
-0.534,-0.477
-0.675,-0.445
-0.694,-1.802
-0.692,-3.287
-0.647,-2.329
-0.651,-2.012
-0.696,-2.791
-0.671,-3.865
-0.723,-0.453
-0.669,-0.44
-0.709,-2.002
-0.775,-1.884
-0.737,-1.042
-0.721,-1.285
-0.895,-2.001
-0.832,-2.386
-0.856,-3.885
-0.958,-2.974
-0.983,-1.342
-1.004,-0.389
-1.105,-3.653
-1.081,-2.068
-1.11,-3.477
-1.188,-3.017
-1.206,-4.003
-1.266,-2.422
-1.202,-0.742
-1.207,-0.48
-1.277,-2.095
-1.304,-3.231
-1.253,-3.933
-1.399,-1.708
-1.462,-0.195
-1.475,-3.866
-1.409,-1.066
-1.446,-0.966
-1.545,-3.617
-1.592,-2.003
-1.628,-0.83
-1.706,-2.886
-1.769,-1.517
-1.773,-1.229
-1.998,-1.658
-1.98,-2.93
-2.034,-3.122
-1.975,-0.933
-2.146,-3.943
-2.22,-2.783
-2.36,-3.417
-2.292,-2.062
-2.411,-2.975
-2.427,-2.872
-2.549,-1.463
-2.494,-0.169
-2.524,-3.134
-2.547,-2.531
-2.674,-1.416
-2.594,-3.86
-2.614,-0.912
-2.713,-2.663
-2.761,-1.475
-2.798,-2.974
-2.754,-1.142
-2.834,-1.774
-2.833,-0.791
-2.786,-2.85
-2.83,-3.676
2.752,-4.044
1.458,-4.332
1.444,-4.072
1.342,-4.007
0.768,-4.089
0.75,-4.237
0.624,-4.439
0.451,-4.445
0.341,-4.268
-0.031,-4.039
-0.182,-4.331
-0.389,-4.162
-0.4,-4.284
-0.526,-4.313
-0.603,-4.1
-0.845,-4.274
-0.961,-4.39
-1.012,-4.24
-1.74,-4.05
-2.127,-4.061
-2.211,-4.208
-2.356,-4.021
-2.406,-4.208
-2.484,-4.299
-2.518,-4.253
-2.453,-4.09
-2.837,-3.959
-2.91,-4.285
3.104,0.268
3.064,0.296
2.424,0.287
2.15,0.234
1.764,0.378
1.668,0.188
1.433,0.007
0.6,0.375
0.611,0.382
0.206,0.079
0.272,0.263
0.037,0.259
0.008,0.399
-0.274,0.106
-0.996,0.244
-1.004,0.403
-1.5,0.25
-1.846,0.08
-2.105,0.173
-2.831,0.461
-2.84,0.139
-2.975,-0.268
3.129,-3.72
1.529,-0.402
1.241,-2.591
-0.376,-0.375
-0.422,-3.161
-2.428,-1.152
2.724,-4.169
2.259,-4.267
-1.845,-4.008
-2.81,-0.087
-2.845,-2.827
-3.035,-0.284
-2.958,-3.408
-2.993,-2.469
3.072,-2.059
3.082,-1.524
3.027,-1.503
2.899,-0.124
2.99,-1.095
2.87,-0.433
2.772,-2.784
2.905,-1.357
2.817,-1.416
2.561,-1.296
2.694,-0.466
2.524,-1.952
2.574,-1.852
2.585,-2.343
2.436,-3.761
2.488,-3.094
2.45,-1.62
2.456,-1.921
2.247,-3.919
2.25,-3.78
2.221,-1.256
2.219,-2.136
2.298,-1.445
1.706,-2.897
1.547,-1.434
1.683,-1.617
1.657,-2.813
1.499,-3.826
1.436,-3.772
1.433,-0.155
1.354,-2.741
1.29,-1.272
1.205,-3.668
1.151,-2.248
1.27,-1.833
1.059,-3.129
1.191,-1.26
1.132,-2.259
1.017,-1.139
0.962,-3.546
0.749,-3.517
0.717,-2.649
0.79,-0.024
0.621,-2.725
0.704,-1.757
0.368,-1.247
0.215,-1.566
0.267,-3.992
0.262,-0.473
0.226,-1.936
0.077,-2.794
0.005,-3.861
-0.022,-0.694
0.104,-0.934
0.023,-0.802
-0.156,-0.047
-0.227,-0.578
-0.125,-2.078
-0.124,-2.73
-0.248,-3.815
-0.346,-3.652
-0.339,-2.148
-0.356,-2.851
-0.401,-1.289
-0.612,-2.437
-0.65,-1.735
-1.01,-3.256
-1.041,-3.725
-0.974,-0.011
-0.978,-3.497
-1.286,-2.812
-1.442,-1.199
-1.519,-3.522
-1.63,-1.153
-1.518,-2.739
-1.527,-1.901
-1.646,-1.345
-1.882,-1.506
-1.909,-1.515
-2.072,-2.869
-2.109,-1.841
-2.34,-2.211
-2.383,-3.7
-2.475,-2.358
-2.597,-1.576
-2.652,-2.579
-2.586,-2.752
-2.734,-0.823
-2.679,-2.793
-2.88,-3.066
-3.057,-4.293
-3.098,-4.165
2.737,-4.133
2.167,-3.961
1.887,-4.232
1.761,-4.057
1.658,-4.088
1.137,-4.3
1.164,-4.181
1.132,-4.462
1.031,-4.328
1.011,-4.327
-0.291,-4.143
-1.209,-4.327
-1.797,-4.071
-2.04,-4.454
-2.244,-4.175
-2.457,-4.298
-2.475,-4.126
-2.694,-4.031
-2.677,-4.189
-2.757,-4.162
-2.901,0.251
-3.125,0.195
2.809,0.21
2.901,0.299
2.569,0.151
2.457,0.258
2.416,0.286
2.326,-0.062
1.36,0.075
1.074,0.224
1.032,0.327
0.842,0.022
0.434,0.168
0.546,0.04
-0.014,0.323
-0.924,0.067
-1.457,0.195
-2.195,0.347
-2.316,0.002
-2.44,0.261
2.521,-0.884
2.398,-2.485
1.337,-0.825
-0.422,-1.847
-0.807,-2.515
-2.188,-2.504
2.602,-1.082
1.338,-1.776
0.837,-2.631
0.359,-1.78
-0.634,-1.776
-0.814,-1.78
-0.952,-1.044
-2.152,-0.364
-2.399,-1.063
-0.085,-3.052
-2.091,-3.274
-2.865,-1.628
-0.036,-4.275
-1.144,-3.711
-2.255,-3.674
-0.5,-4.441
-0.473,-3.825
-0.168,0.265
-0.101,-1.113
-0.101,-2.516
-0.215,-3.681
-0.162,0.361
-0.158,-1.405
-0.262,-2.691
-0.254,-3.567
-0.279,-1.849
-0.23,-0.479
-0.272,-3.306
-0.305,-2.913
-0.398,-2.588
-0.342,0.262
-0.338,0.131
-0.384,0.232
-0.466,-2.761
-0.417,-1.003
-0.548,-1.755
-0.551,-2.268
-0.528,-0.168
-0.669,-0.136
-0.688,-1.493
-0.686,-2.978
-0.641,-2.02
-0.645,-1.703
-0.69,-2.482
-0.665,-3.556
-0.717,-0.144
-0.663,-0.131
-0.703,-1.693
-0.769,-1.575
-0.731,-0.733
-0.715,-0.976
-0.889,-1.692
-0.826,-2.077
-0.85,-3.576
-0.952,-2.665
-0.977,-1.033
-0.998,-0.08
-1.099,-3.344
-1.075,-1.759
-1.104,-3.168
-1.182,-2.708
-1.2,-3.694
-1.26,-2.113
-1.196,-0.433
-1.201,-0.171
-1.271,-1.786
-1.298,-2.922
-1.247,-3.624
-1.393,-1.399
-1.456,0.114
-1.469,-3.557
-1.403,-0.757
-1.44,-0.657
-1.539,-3.308
-1.586,-1.694
-1.622,-0.521
-1.7,-2.577
-1.763,-1.208
-1.767,-0.92
-1.992,-1.349
-1.974,-2.621
-2.028,-2.813
-1.969,-0.624
-2.14,-3.634
-2.214,-2.474
-2.354,-3.108
-2.286,-1.753
-2.405,-2.666
-2.421,-2.563
-2.543,-1.154
-2.488,0.14
-2.518,-2.825
-2.541,-2.222
-2.668,-1.107
-2.588,-3.551
-2.608,-0.603
-2.707,-2.354
-2.755,-1.166
-2.792,-2.665
-2.748,-0.833
-2.828,-1.465
-2.827,-0.482
-2.78,-2.541
-2.824,-3.367
2.758,-3.735
1.464,-4.023
1.45,-3.763
1.348,-3.698
0.774,-3.78
0.756,-3.928
0.63,-4.13
0.457,-4.136
0.347,-3.959
-0.025,-3.73
-0.176,-4.022
-0.383,-3.853
-0.394,-3.975
-0.52,-4.004
-0.597,-3.791
-0.839,-3.965
-0.955,-4.081
-1.006,-3.931
-1.734,-3.741
-2.121,-3.752
-2.205,-3.899
-2.35,-3.712
-2.4,-3.899
-2.478,-3.99
-2.512,-3.944
-2.447,-3.781
-2.831,-3.65
-2.904,-3.976
3.11,0.577
3.07,0.605
2.43,0.596
2.156,0.543
1.77,0.687
1.674,0.497
1.439,0.316
0.606,0.684
0.617,0.691
0.212,0.388
0.278,0.572
0.043,0.568
0.014,0.708
-0.268,0.415
-0.99,0.553
-0.998,0.712
-1.494,0.559
-1.84,0.389
-2.099,0.482
-2.825,0.77
-2.834,0.448
-2.969,0.041
3.135,-3.411
1.535,-0.093
1.247,-2.282
-0.37,-0.066
-0.416,-2.852
-2.422,-0.843
2.73,-3.86
2.265,-3.958
-1.839,-3.699
-2.804,0.222
-2.839,-2.518
-3.029,0.025
-2.952,-3.099
-2.987,-2.16
3.078,-1.75
3.088,-1.215
3.033,-1.194
2.905,0.185
2.996,-0.786
2.876,-0.124
2.778,-2.475
2.911,-1.048
2.823,-1.107
2.567,-0.987
2.7,-0.157
2.53,-1.643
2.58,-1.543
2.591,-2.034
2.442,-3.452
2.494,-2.785
2.456,-1.311
2.462,-1.612
2.253,-3.61
2.256,-3.471
2.227,-0.947
2.225,-1.827
2.304,-1.136
1.712,-2.588
1.553,-1.125
1.689,-1.308
1.663,-2.504
1.505,-3.517
1.442,-3.463
1.439,0.154
1.36,-2.432
1.296,-0.963
1.211,-3.359
1.157,-1.939
1.276,-1.524
1.065,-2.82
1.197,-0.951
1.138,-1.95
1.023,-0.83
0.968,-3.237
0.755,-3.208
0.723,-2.34
0.796,0.285
0.627,-2.416
0.71,-1.448
0.374,-0.938
0.221,-1.257
0.273,-3.683
0.268,-0.164
0.232,-1.627
0.083,-2.485
0.011,-3.552
-0.016,-0.385
0.11,-0.625
0.029,-0.493
-0.15,0.262
-0.221,-0.269
-0.119,-1.769
-0.118,-2.421
-0.242,-3.506
-0.34,-3.343
-0.333,-1.839
-0.35,-2.542
-0.395,-0.98
-0.606,-2.128
-0.644,-1.426
-1.004,-2.947
-1.035,-3.416
-0.968,0.298
-0.972,-3.188
-1.28,-2.503
-1.436,-0.89
-1.513,-3.213
-1.624,-0.844
-1.512,-2.43
-1.521,-1.592
-1.64,-1.036
-1.876,-1.197
-1.903,-1.206
-2.066,-2.56
-2.103,-1.532
-2.334,-1.902
-2.377,-3.391
-2.469,-2.049
-2.591,-1.267
-2.646,-2.27
-2.58,-2.443
-2.728,-0.514
-2.673,-2.484
-2.874,-2.757
-3.051,-3.984
-3.092,-3.856
2.743,-3.824
2.173,-3.652
1.893,-3.923
1.767,-3.748
1.664,-3.779
1.143,-3.991
1.17,-3.872
1.138,-4.153
1.037,-4.019
1.017,-4.018
-0.285,-3.834
-1.203,-4.018
-1.791,-3.762
-2.034,-4.145
-2.238,-3.866
-2.451,-3.989
-2.469,-3.817
-2.688,-3.722
-2.671,-3.88
-2.751,-3.853
-2.895,0.56
-3.119,0.504
2.815,0.519
2.907,0.608
2.575,0.46
2.463,0.567
2.422,0.595
2.332,0.247
1.366,0.384
1.08,0.533
1.038,0.636
0.848,0.331
0.44,0.477
0.552,0.349
-0.008,0.632
-0.918,0.376
-1.451,0.504
-2.189,0.656
-2.31,0.311
-2.434,0.57
2.527,-0.575
2.404,-2.176
1.343,-0.516
-0.416,-1.538
-0.801,-2.206
-2.182,-2.195
2.608,-0.773
1.344,-1.467
0.843,-2.322
0.365,-1.471
-0.628,-1.467
-0.808,-1.471
-0.946,-0.735
-2.146,-0.055
-2.393,-0.754
-0.079,-2.743
-2.085,-2.965
-2.859,-1.319
-0.03,-3.966
-1.138,-3.402
-2.249,-3.365
-0.494,-4.132
-0.467,-3.516
0.067,-1.378
0.067,-2.781
-0.047,-3.946
0.006,0.096
0.01,-1.67
-0.094,-2.956
-0.086,-3.832
-0.111,-2.114
-0.062,-0.744
-0.104,-3.571
-0.137,-3.178
-0.23,-2.853
-0.174,-0.003
-0.17,-0.134
-0.216,-0.033
-0.298,-3.026
-0.249,-1.268
-0.38,-2.02
-0.383,-2.533
-0.36,-0.433
-0.501,-0.401
-0.52,-1.758
-0.518,-3.243
-0.473,-2.285
-0.477,-1.968
-0.522,-2.747
-0.497,-3.821
-0.549,-0.409
-0.495,-0.396
-0.535,-1.958
-0.601,-1.84
-0.563,-0.998
-0.547,-1.241
-0.721,-1.957
-0.658,-2.342
-0.682,-3.841
-0.784,-2.93
-0.809,-1.298
-0.83,-0.345
-0.931,-3.609
-0.907,-2.024
-0.936,-3.433
-1.014,-2.973
-1.032,-3.959
-1.092,-2.378
-1.028,-0.698
-1.033,-0.436
-1.103,-2.051
-1.13,-3.187
-1.079,-3.889
-1.225,-1.664
-1.288,-0.151
-1.301,-3.822
-1.235,-1.022
-1.272,-0.922
-1.371,-3.573
-1.418,-1.959
-1.454,-0.786
-1.532,-2.842
-1.595,-1.473
-1.599,-1.185
-1.824,-1.614
-1.806,-2.886
-1.86,-3.078
-1.801,-0.889
-1.972,-3.899
-2.046,-2.739
-2.186,-3.373
-2.118,-2.018
-2.237,-2.931
-2.253,-2.828
-2.375,-1.419
-2.32,-0.125
-2.35,-3.09
-2.373,-2.487
-2.5,-1.372
-2.42,-3.816
-2.44,-0.868
-2.539,-2.619
-2.587,-1.431
-2.624,-2.93
-2.58,-1.098
-2.66,-1.73
-2.659,-0.747
-2.612,-2.806
-2.656,-3.632
2.926,-4.0
1.632,-4.288
1.618,-4.028
1.516,-3.963
0.942,-4.045
0.924,-4.193
0.798,-4.395
0.625,-4.401
0.515,-4.224
0.143,-3.995
-0.008,-4.287
-0.215,-4.118
-0.226,-4.24
-0.352,-4.269
-0.429,-4.056
-0.671,-4.23
-0.787,-4.346
-0.838,-4.196
-1.566,-4.006
-1.953,-4.017
-2.037,-4.164
-2.182,-3.977
-2.232,-4.164
-2.31,-4.255
-2.344,-4.209
-2.279,-4.046
-2.663,-3.915
-2.736,-4.241
-3.005,0.312
-3.045,0.34
2.598,0.331
2.324,0.278
1.938,0.422
1.842,0.232
1.607,0.051
0.774,0.419
0.785,0.426
0.38,0.123
0.446,0.307
0.211,0.303
0.182,0.443
-0.1,0.15
-0.822,0.288
-0.83,0.447
-1.326,0.294
-1.672,0.124
-1.931,0.217
-2.657,0.505
-2.666,0.183
-2.801,-0.224
-2.98,-3.676
1.703,-0.358
1.415,-2.547
-0.202,-0.331
-0.248,-3.117
-2.254,-1.108
2.898,-4.125
2.433,-4.223
-1.671,-3.964
-2.636,-0.043
-2.671,-2.783
-2.861,-0.24
-2.784,-3.364
-2.819,-2.425
-3.037,-2.015
-3.027,-1.48
-3.082,-1.459
3.073,-0.08
-3.119,-1.051
3.044,-0.389
2.946,-2.74
3.079,-1.313
2.991,-1.372
2.735,-1.252
2.868,-0.422
2.698,-1.908
2.748,-1.808
2.759,-2.299
2.61,-3.717
2.662,-3.05
2.624,-1.576
2.63,-1.877
2.421,-3.875
2.424,-3.736
2.395,-1.212
2.393,-2.092
2.472,-1.401
1.88,-2.853
1.721,-1.39
1.857,-1.573
1.831,-2.769
1.673,-3.782
1.61,-3.728
1.607,-0.111
1.528,-2.697
1.464,-1.228
1.379,-3.624
1.325,-2.204
1.444,-1.789
1.233,-3.085
1.365,-1.216
1.306,-2.215
1.191,-1.095
1.136,-3.502
0.923,-3.473
0.891,-2.605
0.964,0.02
0.795,-2.681
0.878,-1.713
0.542,-1.203
0.389,-1.522
0.441,-3.948
0.436,-0.429
0.4,-1.892
0.251,-2.75
0.179,-3.817
0.152,-0.65
0.278,-0.89
0.197,-0.758
0.018,-0.003
-0.053,-0.534
0.049,-2.034
0.05,-2.686
-0.074,-3.771
-0.172,-3.608
-0.165,-2.104
-0.182,-2.807
-0.227,-1.245
-0.438,-2.393
-0.476,-1.691
-0.836,-3.212
-0.867,-3.681
-0.8,0.033
-0.804,-3.453
-1.112,-2.768
-1.268,-1.155
-1.345,-3.478
-1.456,-1.109
-1.344,-2.695
-1.353,-1.857
-1.472,-1.301
-1.708,-1.462
-1.735,-1.471
-1.898,-2.825
-1.935,-1.797
-2.166,-2.167
-2.209,-3.656
-2.301,-2.314
-2.423,-1.532
-2.478,-2.535
-2.412,-2.708
-2.56,-0.779
-2.505,-2.749
-2.706,-3.022
-2.883,-4.249
-2.924,-4.121
2.911,-4.089
2.341,-3.917
2.061,-4.188
1.935,-4.013
1.832,-4.044
1.311,-4.256
1.338,-4.137
1.306,-4.418
1.205,-4.284
1.185,-4.283
-0.117,-4.099
-1.035,-4.283
-1.623,-4.027
-1.866,-4.41
-2.07,-4.131
-2.283,-4.254
-2.301,-4.082
-2.52,-3.987
-2.503,-4.145
-2.583,-4.118
-2.727,0.295
-2.951,0.239
2.983,0.254
3.075,0.343
2.743,0.195
2.631,0.302
2.59,0.33
2.5,-0.018
1.534,0.119
1.248,0.268
1.206,0.371
1.016,0.066
0.608,0.212
0.72,0.084
0.16,0.367
-0.75,0.111
-1.283,0.239
-2.021,0.391
-2.142,0.046
-2.266,0.305
2.695,-0.84
2.572,-2.441
1.511,-0.781
-0.248,-1.803
-0.633,-2.471
-2.014,-2.46
2.776,-1.038
1.512,-1.732
1.011,-2.587
0.533,-1.736
-0.46,-1.732
-0.64,-1.736
-0.778,-1.0
-1.978,-0.32
-2.225,-1.019
0.089,-3.008
-1.917,-3.23
-2.691,-1.584
0.138,-4.231
-0.97,-3.667
-2.081,-3.63
-0.326,-4.397
-0.299,-3.781
0.0,-1.403
-0.114,-2.568
-0.061,1.474
-0.057,-0.292
-0.161,-1.578
-0.153,-2.454
-0.178,-0.736
-0.129,0.634
-0.171,-2.193
-0.204,-1.8
-0.297,-1.475
-0.241,1.375
-0.237,1.244
-0.283,1.345
-0.365,-1.648
-0.316,0.11
-0.447,-0.642
-0.45,-1.155
-0.427,0.945
-0.568,0.977
-0.587,-0.38
-0.585,-1.865
-0.54,-0.907
-0.544,-0.59
-0.589,-1.369
-0.564,-2.443
-0.616,0.969
-0.562,0.982
-0.602,-0.58
-0.668,-0.462
-0.63,0.38
-0.614,0.137
-0.788,-0.579
-0.725,-0.964
-0.749,-2.463
-0.851,-1.552
-0.876,0.08
-0.897,1.033
-0.998,-2.231
-0.974,-0.646
-1.003,-2.055
-1.081,-1.595
-1.099,-2.581
-1.159,-1.0
-1.095,0.68
-1.1,0.942
-1.17,-0.673
-1.197,-1.809
-1.146,-2.511
-1.292,-0.286
-1.355,1.227
-1.368,-2.444
-1.302,0.356
-1.339,0.456
-1.438,-2.195
-1.485,-0.581
-1.521,0.592
-1.599,-1.464
-1.662,-0.095
-1.666,0.193
-1.891,-0.236
-1.873,-1.508
-1.927,-1.7
-1.868,0.489
-2.039,-2.521
-2.113,-1.361
-2.253,-1.995
-2.185,-0.64
-2.304,-1.553
-2.32,-1.45
-2.442,-0.041
-2.387,1.253
-2.417,-1.712
-2.44,-1.109
-2.567,0.006
-2.487,-2.438
-2.507,0.51
-2.606,-1.241
-2.654,-0.053
-2.691,-1.552
-2.647,0.28
-2.727,-0.352
-2.726,0.631
-2.679,-1.428
-2.723,-2.254
2.859,-2.622
1.565,-2.91
1.551,-2.65
1.449,-2.585
0.875,-2.667
0.857,-2.815
0.731,-3.017
0.558,-3.023
0.448,-2.846
0.076,-2.617
-0.075,-2.909
-0.282,-2.74
-0.293,-2.862
-0.419,-2.891
-0.496,-2.678
-0.738,-2.852
-0.854,-2.968
-0.905,-2.818
-1.633,-2.628
-2.02,-2.639
-2.104,-2.786
-2.249,-2.599
-2.299,-2.786
-2.377,-2.877
-2.411,-2.831
-2.346,-2.668
-2.73,-2.537
-2.803,-2.863
-3.072,1.69
-3.112,1.718
2.531,1.709
2.257,1.656
1.871,1.8
1.775,1.61
1.54,1.429
0.707,1.797
0.718,1.804
0.313,1.501
0.379,1.685
0.144,1.681
0.115,1.821
-0.167,1.528
-0.889,1.666
-0.897,1.825
-1.393,1.672
-1.739,1.502
-1.998,1.595
-2.724,1.883
-2.733,1.561
-2.868,1.154
-3.047,-2.298
1.636,1.02
1.348,-1.169
-0.269,1.047
-0.315,-1.739
-2.321,0.27
2.831,-2.747
2.366,-2.845
-1.738,-2.586
-2.703,1.335
-2.738,-1.405
-2.928,1.138
-2.851,-1.986
-2.886,-1.047
-3.104,-0.637
-3.094,-0.102
3.134,-0.081
3.006,1.298
3.097,0.327
2.977,0.989
2.879,-1.362
3.012,0.065
2.924,0.006
2.668,0.126
2.801,0.956
2.631,-0.53
2.681,-0.43
2.692,-0.921
2.543,-2.339
2.595,-1.672
2.557,-0.198
2.563,-0.499
2.354,-2.497
2.357,-2.358
2.328,0.166
2.326,-0.714
2.405,-0.023
1.813,-1.475
1.654,-0.012
1.79,-0.195
1.764,-1.391
1.606,-2.404
1.543,-2.35
1.54,1.267
1.461,-1.319
1.397,0.15
1.312,-2.246
1.258,-0.826
1.377,-0.411
1.166,-1.707
1.298,0.162
1.239,-0.837
1.124,0.283
1.069,-2.124
0.856,-2.095
0.824,-1.227
0.897,1.398
0.728,-1.303
0.811,-0.335
0.475,0.175
0.322,-0.144
0.374,-2.57
0.369,0.949
0.333,-0.514
0.184,-1.372
0.112,-2.439
0.085,0.728
0.211,0.488
0.13,0.62
-0.049,1.375
-0.12,0.844
-0.018,-0.656
-0.017,-1.308
-0.141,-2.393
-0.239,-2.23
-0.232,-0.726
-0.249,-1.429
-0.294,0.133
-0.505,-1.015
-0.543,-0.313
-0.903,-1.834
-0.934,-2.303
-0.867,1.411
-0.871,-2.075
-1.179,-1.39
-1.335,0.223
-1.412,-2.1
-1.523,0.269
-1.411,-1.317
-1.42,-0.479
-1.539,0.077
-1.775,-0.084
-1.802,-0.093
-1.965,-1.447
-2.002,-0.419
-2.233,-0.789
-2.276,-2.278
-2.368,-0.936
-2.49,-0.154
-2.545,-1.157
-2.479,-1.33
-2.627,0.599
-2.572,-1.371
-2.773,-1.644
-2.95,-2.871
-2.991,-2.743
2.844,-2.711
2.274,-2.539
1.994,-2.81
1.868,-2.635
1.765,-2.666
1.244,-2.878
1.271,-2.759
1.239,-3.04
1.138,-2.906
1.118,-2.905
-0.184,-2.721
-1.102,-2.905
-1.69,-2.649
-1.933,-3.032
-2.137,-2.753
-2.35,-2.876
-2.368,-2.704
-2.587,-2.609
-2.57,-2.767
-2.65,-2.74
-2.794,1.673
-3.018,1.617
2.916,1.632
3.008,1.721
2.676,1.573
2.564,1.68
2.523,1.708
2.433,1.36
1.467,1.497
1.181,1.646
1.139,1.749
0.949,1.444
0.541,1.59
0.653,1.462
0.093,1.745
-0.817,1.489
-1.35,1.617
-2.088,1.769
-2.209,1.424
-2.333,1.683
2.628,0.538
2.505,-1.063
1.444,0.597
-0.315,-0.425
-0.7,-1.093
-2.081,-1.082
2.709,0.34
1.445,-0.354
0.944,-1.209
0.466,-0.358
-0.527,-0.354
-0.707,-0.358
-0.845,0.378
-2.045,1.058
-2.292,0.359
0.022,-1.63
-1.984,-1.852
-2.758,-0.206
0.071,-2.853
-1.037,-2.289
-2.148,-2.252
-0.393,-3.019
-0.366,-2.403
-0.114,-1.165
-0.061,2.877
-0.057,1.111
-0.161,-0.175
-0.153,-1.051
-0.178,0.667
-0.129,2.037
-0.171,-0.79
-0.204,-0.397
-0.297,-0.072
-0.241,2.778
-0.237,2.647
-0.283,2.748
-0.365,-0.245
-0.316,1.513
-0.447,0.761
-0.45,0.248
-0.427,2.348
-0.568,2.38
-0.587,1.023
-0.585,-0.462
-0.54,0.496
-0.544,0.813
-0.589,0.034
-0.564,-1.04
-0.616,2.372
-0.562,2.385
-0.602,0.823
-0.668,0.941
-0.63,1.783
-0.614,1.54
-0.788,0.824
-0.725,0.439
-0.749,-1.06
-0.851,-0.149
-0.876,1.483
-0.897,2.436
-0.998,-0.828
-0.974,0.757
-1.003,-0.652
-1.081,-0.192
-1.099,-1.178
-1.159,0.403
-1.095,2.083
-1.1,2.345
-1.17,0.73
-1.197,-0.406
-1.146,-1.108
-1.292,1.117
-1.355,2.63
-1.368,-1.041
-1.302,1.759
-1.339,1.859
-1.438,-0.792
-1.485,0.822
-1.521,1.995
-1.599,-0.061
-1.662,1.308
-1.666,1.596
-1.891,1.167
-1.873,-0.105
-1.927,-0.297
-1.868,1.892
-2.039,-1.118
-2.113,0.042
-2.253,-0.592
-2.185,0.763
-2.304,-0.15
-2.32,-0.047
-2.442,1.362
-2.387,2.656
-2.417,-0.309
-2.44,0.294
-2.567,1.409
-2.487,-1.035
-2.507,1.913
-2.606,0.162
-2.654,1.35
-2.691,-0.149
-2.647,1.683
-2.727,1.051
-2.726,2.034
-2.679,-0.025
-2.723,-0.851
2.859,-1.219
1.565,-1.507
1.551,-1.247
1.449,-1.182
0.875,-1.264
0.857,-1.412
0.731,-1.614
0.558,-1.62
0.448,-1.443
0.076,-1.214
-0.075,-1.506
-0.282,-1.337
-0.293,-1.459
-0.419,-1.488
-0.496,-1.275
-0.738,-1.449
-0.854,-1.565
-0.905,-1.415
-1.633,-1.225
-2.02,-1.236
-2.104,-1.383
-2.249,-1.196
-2.299,-1.383
-2.377,-1.474
-2.411,-1.428
-2.346,-1.265
-2.73,-1.134
-2.803,-1.46
-3.072,3.093
-3.112,3.121
2.531,3.112
2.257,3.059
1.871,3.203
1.775,3.013
1.54,2.832
0.707,3.2
0.718,3.207
0.313,2.904
0.379,3.088
0.144,3.084
0.115,3.224
-0.167,2.931
-0.889,3.069
-0.897,3.228
-1.393,3.075
-1.739,2.905
-1.998,2.998
-2.724,3.286
-2.733,2.964
-2.868,2.557
-3.047,-0.895
1.636,2.423
1.348,0.234
-0.269,2.45
-0.315,-0.336
-2.321,1.673
2.831,-1.344
2.366,-1.442
-1.738,-1.183
-2.703,2.738
-2.738,-0.002
-2.928,2.541
-2.851,-0.583
-2.886,0.356
-3.104,0.766
-3.094,1.301
3.134,1.322
3.006,2.701
3.097,1.73
2.977,2.392
2.879,0.041
3.012,1.468
2.924,1.409
2.668,1.529
2.801,2.359
2.631,0.873
2.681,0.973
2.692,0.482
2.543,-0.936
2.595,-0.269
2.557,1.205
2.563,0.904
2.354,-1.094
2.357,-0.955
2.328,1.569
2.326,0.689
2.405,1.38
1.813,-0.072
1.654,1.391
1.79,1.208
1.764,0.012
1.606,-1.001
1.543,-0.947
1.54,2.67
1.461,0.084
1.397,1.553
1.312,-0.843
1.258,0.577
1.377,0.992
1.166,-0.304
1.298,1.565
1.239,0.566
1.124,1.686
1.069,-0.721
0.856,-0.692
0.824,0.176
0.897,2.801
0.728,0.1
0.811,1.068
0.475,1.578
0.322,1.259
0.374,-1.167
0.369,2.352
0.333,0.889
0.184,0.031
0.112,-1.036
0.085,2.131
0.211,1.891
0.13,2.023
-0.049,2.778
-0.12,2.247
-0.018,0.747
-0.017,0.095
-0.141,-0.99
-0.239,-0.827
-0.232,0.677
-0.249,-0.026
-0.294,1.536
-0.505,0.388
-0.543,1.09
-0.903,-0.431
-0.934,-0.9
-0.867,2.814
-0.871,-0.672
-1.179,0.013
-1.335,1.626
-1.412,-0.697
-1.523,1.672
-1.411,0.086
-1.42,0.924
-1.539,1.48
-1.775,1.319
-1.802,1.31
-1.965,-0.044
-2.002,0.984
-2.233,0.614
-2.276,-0.875
-2.368,0.467
-2.49,1.249
-2.545,0.246
-2.479,0.073
-2.627,2.002
-2.572,0.032
-2.773,-0.241
-2.95,-1.468
-2.991,-1.34
2.844,-1.308
2.274,-1.136
1.994,-1.407
1.868,-1.232
1.765,-1.263
1.244,-1.475
1.271,-1.356
1.239,-1.637
1.138,-1.503
1.118,-1.502
-0.184,-1.318
-1.102,-1.502
-1.69,-1.246
-1.933,-1.629
-2.137,-1.35
-2.35,-1.473
-2.368,-1.301
-2.587,-1.206
-2.57,-1.364
-2.65,-1.337
-2.794,3.076
-3.018,3.02
2.916,3.035
3.008,3.124
2.676,2.976
2.564,3.083
2.523,3.111
2.433,2.763
1.467,2.9
1.181,3.049
1.139,3.152
0.949,2.847
0.541,2.993
0.653,2.865
0.093,3.148
-0.817,2.892
-1.35,3.02
-2.088,3.172
-2.209,2.827
-2.333,3.086
2.628,1.941
2.505,0.34
1.444,2.0
-0.315,0.978
-0.7,0.31
-2.081,0.321
2.709,1.743
1.445,1.049
0.944,0.194
0.466,1.045
-0.527,1.049
-0.707,1.045
-0.845,1.781
-2.045,2.461
-2.292,1.762
0.022,-0.227
-1.984,-0.449
-2.758,1.197
0.071,-1.45
-1.037,-0.886
-2.148,-0.849
-0.393,-1.616
-0.366,-1.0
0.053,4.042
0.057,2.276
-0.047,0.99
-0.039,0.114
-0.064,1.832
-0.015,3.202
-0.057,0.375
-0.09,0.768
-0.183,1.093
-0.127,3.943
-0.123,3.812
-0.169,3.913
-0.251,0.92
-0.202,2.678
-0.333,1.926
-0.336,1.413
-0.313,3.513
-0.454,3.545
-0.473,2.188
-0.471,0.703
-0.426,1.661
-0.43,1.978
-0.475,1.199
-0.45,0.125
-0.502,3.537
-0.448,3.55
-0.488,1.988
-0.554,2.106
-0.516,2.948
-0.5,2.705
-0.674,1.989
-0.611,1.604
-0.635,0.105
-0.737,1.016
-0.762,2.648
-0.783,3.601
-0.884,0.337
-0.86,1.922
-0.889,0.513
-0.967,0.973
-0.985,-0.013
-1.045,1.568
-0.981,3.248
-0.986,3.51
-1.056,1.895
-1.083,0.759
-1.032,0.057
-1.178,2.282
-1.241,3.795
-1.254,0.124
-1.188,2.924
-1.225,3.024
-1.324,0.373
-1.371,1.987
-1.407,3.16
-1.485,1.104
-1.548,2.473
-1.552,2.761
-1.777,2.332
-1.759,1.06
-1.813,0.868
-1.754,3.057
-1.925,0.047
-1.999,1.207
-2.139,0.573
-2.071,1.928
-2.19,1.015
-2.206,1.118
-2.328,2.527
-2.273,3.821
-2.303,0.856
-2.326,1.459
-2.453,2.574
-2.373,0.13
-2.393,3.078
-2.492,1.327
-2.54,2.515
-2.577,1.016
-2.533,2.848
-2.613,2.216
-2.612,3.199
-2.565,1.14
-2.609,0.314
2.973,-0.054
1.679,-0.342
1.665,-0.082
1.563,-0.017
0.989,-0.099
0.971,-0.247
0.845,-0.449
0.672,-0.455
0.562,-0.278
0.19,-0.049
0.039,-0.341
-0.168,-0.172
-0.179,-0.294
-0.305,-0.323
-0.382,-0.11
-0.624,-0.284
-0.74,-0.4
-0.791,-0.25
-1.519,-0.06
-1.906,-0.071
-1.99,-0.218
-2.135,-0.031
-2.185,-0.218
-2.263,-0.309
-2.297,-0.263
-2.232,-0.1
-2.616,0.031
-2.689,-0.295
-2.958,4.258
-2.998,4.286
2.645,4.277
2.371,4.224
1.985,4.368
1.889,4.178
1.654,3.997
0.821,4.365
0.832,4.372
0.427,4.069
0.493,4.253
0.258,4.249
0.229,4.389
-0.053,4.096
-0.775,4.234
-0.783,4.393
-1.279,4.24
-1.625,4.07
-1.884,4.163
-2.61,4.451
-2.619,4.129
-2.754,3.722
-2.933,0.27
1.75,3.588
1.462,1.399
-0.155,3.615
-0.201,0.829
-2.207,2.838
2.945,-0.179
2.48,-0.277
-1.624,-0.018
-2.589,3.903
-2.624,1.163
-2.814,3.706
-2.737,0.582
-2.772,1.521
-2.99,1.931
-2.98,2.466
-3.035,2.487
3.12,3.866
-3.072,2.895
3.091,3.557
2.993,1.206
3.126,2.633
3.038,2.574
2.782,2.694
2.915,3.524
2.745,2.038
2.795,2.138
2.806,1.647
2.657,0.229
2.709,0.896
2.671,2.37
2.677,2.069
2.468,0.071
2.471,0.21
2.442,2.734
2.44,1.854
2.519,2.545
1.927,1.093
1.768,2.556
1.904,2.373
1.878,1.177
1.72,0.164
1.657,0.218
1.654,3.835
1.575,1.249
1.511,2.718
1.426,0.322
1.372,1.742
1.491,2.157
1.28,0.861
1.412,2.73
1.353,1.731
1.238,2.851
1.183,0.444
0.97,0.473
0.938,1.341
1.011,3.966
0.842,1.265
0.925,2.233
0.589,2.743
0.436,2.424
0.488,-0.002
0.483,3.517
0.447,2.054
0.298,1.196
0.226,0.129
0.199,3.296
0.325,3.056
0.244,3.188
0.065,3.943
-0.006,3.412
0.096,1.912
0.097,1.26
-0.027,0.175
-0.125,0.338
-0.118,1.842
-0.135,1.139
-0.18,2.701
-0.391,1.553
-0.429,2.255
-0.789,0.734
-0.82,0.265
-0.753,3.979
-0.757,0.493
-1.065,1.178
-1.221,2.791
-1.298,0.468
-1.409,2.837
-1.297,1.251
-1.306,2.089
-1.425,2.645
-1.661,2.484
-1.688,2.475
-1.851,1.121
-1.888,2.149
-2.119,1.779
-2.162,0.29
-2.254,1.632
-2.376,2.414
-2.431,1.411
-2.365,1.238
-2.513,3.167
-2.458,1.197
-2.659,0.924
-2.836,-0.303
-2.877,-0.175
2.958,-0.143
2.388,0.029
2.108,-0.242
1.982,-0.067
1.879,-0.098
1.358,-0.31
1.385,-0.191
1.353,-0.472
1.252,-0.338
1.232,-0.337
-0.07,-0.153
-0.988,-0.337
-1.576,-0.081
-1.819,-0.464
-2.023,-0.185
-2.236,-0.308
-2.254,-0.136
-2.473,-0.041
-2.456,-0.199
-2.536,-0.172
-2.68,4.241
-2.904,4.185
3.03,4.2
3.122,4.289
2.79,4.141
2.678,4.248
2.637,4.276
2.547,3.928
1.581,4.065
1.295,4.214
1.253,4.317
1.063,4.012
0.655,4.158
0.767,4.03
0.207,4.313
-0.703,4.057
-1.236,4.185
-1.974,4.337
-2.095,3.992
-2.219,4.251
2.742,3.106
2.619,1.505
1.558,3.165
-0.201,2.143
-0.586,1.475
-1.967,1.486
2.823,2.908
1.559,2.214
1.058,1.359
0.58,2.21
-0.413,2.214
-0.593,2.21
-0.731,2.946
-1.931,3.626
-2.178,2.927
0.136,0.938
-1.87,0.716
-2.644,2.362
0.185,-0.285
-0.923,0.279
-2.034,0.316
-0.279,-0.451
-0.252,0.165
0.004,-1.766
-0.1,-3.052
-0.092,-3.928
-0.117,-2.21
-0.068,-0.84
-0.11,-3.667
-0.143,-3.274
-0.236,-2.949
-0.18,-0.099
-0.176,-0.23
-0.222,-0.129
-0.304,-3.122
-0.255,-1.364
-0.386,-2.116
-0.389,-2.629
-0.366,-0.529
-0.507,-0.497
-0.526,-1.854
-0.524,-3.339
-0.479,-2.381
-0.483,-2.064
-0.528,-2.843
-0.503,-3.917
-0.555,-0.505
-0.501,-0.492
-0.541,-2.054
-0.607,-1.936
-0.569,-1.094
-0.553,-1.337
-0.727,-2.053
-0.664,-2.438
-0.688,-3.937
-0.79,-3.026
-0.815,-1.394
-0.836,-0.441
-0.937,-3.705
-0.913,-2.12
-0.942,-3.529
-1.02,-3.069
-1.038,-4.055
-1.098,-2.474
-1.034,-0.794
-1.039,-0.532
-1.109,-2.147
-1.136,-3.283
-1.085,-3.985
-1.231,-1.76
-1.294,-0.247
-1.307,-3.918
-1.241,-1.118
-1.278,-1.018
-1.377,-3.669
-1.424,-2.055
-1.46,-0.882
-1.538,-2.938
-1.601,-1.569
-1.605,-1.281
-1.83,-1.71
-1.812,-2.982
-1.866,-3.174
-1.807,-0.985
-1.978,-3.995
-2.052,-2.835
-2.192,-3.469
-2.124,-2.114
-2.243,-3.027
-2.259,-2.924
-2.381,-1.515
-2.326,-0.221
-2.356,-3.186
-2.379,-2.583
-2.506,-1.468
-2.426,-3.912
-2.446,-0.964
-2.545,-2.715
-2.593,-1.527
-2.63,-3.026
-2.586,-1.194
-2.666,-1.826
-2.665,-0.843
-2.618,-2.902
-2.662,-3.728
2.92,-4.096
1.626,-4.384
1.612,-4.124
1.51,-4.059
0.936,-4.141
0.918,-4.289
0.792,-4.491
0.619,-4.497
0.509,-4.32
0.137,-4.091
-0.014,-4.383
-0.221,-4.214
-0.232,-4.336
-0.358,-4.365
-0.435,-4.152
-0.677,-4.326
-0.793,-4.442
-0.844,-4.292
-1.572,-4.102
-1.959,-4.113
-2.043,-4.26
-2.188,-4.073
-2.238,-4.26
-2.316,-4.351
-2.35,-4.305
-2.285,-4.142
-2.669,-4.011
-2.742,-4.337
-3.011,0.216
-3.051,0.244
2.592,0.235
2.318,0.182
1.932,0.326
1.836,0.136
1.601,-0.045
0.768,0.323
0.779,0.33
0.374,0.027
0.44,0.211
0.205,0.207
0.176,0.347
-0.106,0.054
-0.828,0.192
-0.836,0.351
-1.332,0.198
-1.678,0.028
-1.937,0.121
-2.663,0.409
-2.672,0.087
-2.807,-0.32
-2.986,-3.772
1.697,-0.454
1.409,-2.643
-0.208,-0.427
-0.254,-3.213
-2.26,-1.204
2.892,-4.221
2.427,-4.319
-1.677,-4.06
-2.642,-0.139
-2.677,-2.879
-2.867,-0.336
-2.79,-3.46
-2.825,-2.521
-3.043,-2.111
-3.033,-1.576
-3.088,-1.555
3.067,-0.176
-3.125,-1.147
3.038,-0.485
2.94,-2.836
3.073,-1.409
2.985,-1.468
2.729,-1.348
2.862,-0.518
2.692,-2.004
2.742,-1.904
2.753,-2.395
2.604,-3.813
2.656,-3.146
2.618,-1.672
2.624,-1.973
2.415,-3.971
2.418,-3.832
2.389,-1.308
2.387,-2.188
2.466,-1.497
1.874,-2.949
1.715,-1.486
1.851,-1.669
1.825,-2.865
1.667,-3.878
1.604,-3.824
1.601,-0.207
1.522,-2.793
1.458,-1.324
1.373,-3.72
1.319,-2.3
1.438,-1.885
1.227,-3.181
1.359,-1.312
1.3,-2.311
1.185,-1.191
1.13,-3.598
0.917,-3.569
0.885,-2.701
0.958,-0.076
0.789,-2.777
0.872,-1.809
0.536,-1.299
0.383,-1.618
0.435,-4.044
0.43,-0.525
0.394,-1.988
0.245,-2.846
0.173,-3.913
0.146,-0.746
0.272,-0.986
0.191,-0.854
0.012,-0.099
-0.059,-0.63
0.043,-2.13
0.044,-2.782
-0.08,-3.867
-0.178,-3.704
-0.171,-2.2
-0.188,-2.903
-0.233,-1.341
-0.444,-2.489
-0.482,-1.787
-0.842,-3.308
-0.873,-3.777
-0.806,-0.063
-0.81,-3.549
-1.118,-2.864
-1.274,-1.251
-1.351,-3.574
-1.462,-1.205
-1.35,-2.791
-1.359,-1.953
-1.478,-1.397
-1.714,-1.558
-1.741,-1.567
-1.904,-2.921
-1.941,-1.893
-2.172,-2.263
-2.215,-3.752
-2.307,-2.41
-2.429,-1.628
-2.484,-2.631
-2.418,-2.804
-2.566,-0.875
-2.511,-2.845
-2.712,-3.118
-2.889,-4.345
-2.93,-4.217
2.905,-4.185
2.335,-4.013
2.055,-4.284
1.929,-4.109
1.826,-4.14
1.305,-4.352
1.332,-4.233
1.3,-4.514
1.199,-4.38
1.179,-4.379
-0.123,-4.195
-1.041,-4.379
-1.629,-4.123
-1.872,-4.506
-2.076,-4.227
-2.289,-4.35
-2.307,-4.178
-2.526,-4.083
-2.509,-4.241
-2.589,-4.214
-2.733,0.199
-2.957,0.143
2.977,0.158
3.069,0.247
2.737,0.099
2.625,0.206
2.584,0.234
2.494,-0.114
1.528,0.023
1.242,0.172
1.2,0.275
1.01,-0.03
0.602,0.116
0.714,-0.012
0.154,0.271
-0.756,0.015
-1.289,0.143
-2.027,0.295
-2.148,-0.05
-2.272,0.209
2.689,-0.936
2.566,-2.537
1.505,-0.877
-0.254,-1.899
-0.639,-2.567
-2.02,-2.556
2.77,-1.134
1.506,-1.828
1.005,-2.683
0.527,-1.832
-0.466,-1.828
-0.646,-1.832
-0.784,-1.096
-1.984,-0.416
-2.231,-1.115
0.083,-3.104
-1.923,-3.326
-2.697,-1.68
0.132,-4.327
-0.976,-3.763
-2.087,-3.726
-0.332,-4.493
-0.305,-3.877
-0.104,-1.286
-0.096,-2.162
-0.121,-0.444
-0.072,0.926
-0.114,-1.901
-0.147,-1.508
-0.24,-1.183
-0.184,1.667
-0.18,1.536
-0.226,1.637
-0.308,-1.356
-0.259,0.402
-0.39,-0.35
-0.393,-0.863
-0.37,1.237
-0.511,1.269
-0.53,-0.088
-0.528,-1.573
-0.483,-0.615
-0.487,-0.298
-0.532,-1.077
-0.507,-2.151
-0.559,1.261
-0.505,1.274
-0.545,-0.288
-0.611,-0.17
-0.573,0.672
-0.557,0.429
-0.731,-0.287
-0.668,-0.672
-0.692,-2.171
-0.794,-1.26
-0.819,0.372
-0.84,1.325
-0.941,-1.939
-0.917,-0.354
-0.946,-1.763
-1.024,-1.303
-1.042,-2.289
-1.102,-0.708
-1.038,0.972
-1.043,1.234
-1.113,-0.381
-1.14,-1.517
-1.089,-2.219
-1.235,0.006
-1.298,1.519
-1.311,-2.152
-1.245,0.648
-1.282,0.748
-1.381,-1.903
-1.428,-0.289
-1.464,0.884
-1.542,-1.172
-1.605,0.197
-1.609,0.485
-1.834,0.056
-1.816,-1.216
-1.87,-1.408
-1.811,0.781
-1.982,-2.229
-2.056,-1.069
-2.196,-1.703
-2.128,-0.348
-2.247,-1.261
-2.263,-1.158
-2.385,0.251
-2.33,1.545
-2.36,-1.42
-2.383,-0.817
-2.51,0.298
-2.43,-2.146
-2.45,0.802
-2.549,-0.949
-2.597,0.239
-2.634,-1.26
-2.59,0.572
-2.67,-0.06
-2.669,0.923
-2.622,-1.136
-2.666,-1.962
2.916,-2.33
1.622,-2.618
1.608,-2.358
1.506,-2.293
0.932,-2.375
0.914,-2.523
0.788,-2.725
0.615,-2.731
0.505,-2.554
0.133,-2.325
-0.018,-2.617
-0.225,-2.448
-0.236,-2.57
-0.362,-2.599
-0.439,-2.386
-0.681,-2.56
-0.797,-2.676
-0.848,-2.526
-1.576,-2.336
-1.963,-2.347
-2.047,-2.494
-2.192,-2.307
-2.242,-2.494
-2.32,-2.585
-2.354,-2.539
-2.289,-2.376
-2.673,-2.245
-2.746,-2.571
-3.015,1.982
-3.055,2.01
2.588,2.001
2.314,1.948
1.928,2.092
1.832,1.902
1.597,1.721
0.764,2.089
0.775,2.096
0.37,1.793
0.436,1.977
0.201,1.973
0.172,2.113
-0.11,1.82
-0.832,1.958
-0.84,2.117
-1.336,1.964
-1.682,1.794
-1.941,1.887
-2.667,2.175
-2.676,1.853
-2.811,1.446
-2.99,-2.006
1.693,1.312
1.405,-0.877
-0.212,1.339
-0.258,-1.447
-2.264,0.562
2.888,-2.455
2.423,-2.553
-1.681,-2.294
-2.646,1.627
-2.681,-1.113
-2.871,1.43
-2.794,-1.694
-2.829,-0.755
-3.047,-0.345
-3.037,0.19
-3.092,0.211
3.063,1.59
-3.129,0.619
3.034,1.281
2.936,-1.07
3.069,0.357
2.981,0.298
2.725,0.418
2.858,1.248
2.688,-0.238
2.738,-0.138
2.749,-0.629
2.6,-2.047
2.652,-1.38
2.614,0.094
2.62,-0.207
2.411,-2.205
2.414,-2.066
2.385,0.458
2.383,-0.422
2.462,0.269
1.87,-1.183
1.711,0.28
1.847,0.097
1.821,-1.099
1.663,-2.112
1.6,-2.058
1.597,1.559
1.518,-1.027
1.454,0.442
1.369,-1.954
1.315,-0.534
1.434,-0.119
1.223,-1.415
1.355,0.454
1.296,-0.545
1.181,0.575
1.126,-1.832
0.913,-1.803
0.881,-0.935
0.954,1.69
0.785,-1.011
0.868,-0.043
0.532,0.467
0.379,0.148
0.431,-2.278
0.426,1.241
0.39,-0.222
0.241,-1.08
0.169,-2.147
0.142,1.02
0.268,0.78
0.187,0.912
0.008,1.667
-0.063,1.136
0.039,-0.364
0.04,-1.016
-0.084,-2.101
-0.182,-1.938
-0.175,-0.434
-0.192,-1.137
-0.237,0.425
-0.448,-0.723
-0.486,-0.021
-0.846,-1.542
-0.877,-2.011
-0.81,1.703
-0.814,-1.783
-1.122,-1.098
-1.278,0.515
-1.355,-1.808
-1.466,0.561
-1.354,-1.025
-1.363,-0.187
-1.482,0.369
-1.718,0.208
-1.745,0.199
-1.908,-1.155
-1.945,-0.127
-2.176,-0.497
-2.219,-1.986
-2.311,-0.644
-2.433,0.138
-2.488,-0.865
-2.422,-1.038
-2.57,0.891
-2.515,-1.079
-2.716,-1.352
-2.893,-2.579
-2.934,-2.451
2.901,-2.419
2.331,-2.247
2.051,-2.518
1.925,-2.343
1.822,-2.374
1.301,-2.586
1.328,-2.467
1.296,-2.748
1.195,-2.614
1.175,-2.613
-0.127,-2.429
-1.045,-2.613
-1.633,-2.357
-1.876,-2.74
-2.08,-2.461
-2.293,-2.584
-2.311,-2.412
-2.53,-2.317
-2.513,-2.475
-2.593,-2.448
-2.737,1.965
-2.961,1.909
2.973,1.924
3.065,2.013
2.733,1.865
2.621,1.972
2.58,2.0
2.49,1.652
1.524,1.789
1.238,1.938
1.196,2.041
1.006,1.736
0.598,1.882
0.71,1.754
0.15,2.037
-0.76,1.781
-1.293,1.909
-2.031,2.061
-2.152,1.716
-2.276,1.975
2.685,0.83
2.562,-0.771
1.501,0.889
-0.258,-0.133
-0.643,-0.801
-2.024,-0.79
2.766,0.632
1.502,-0.062
1.001,-0.917
0.523,-0.066
-0.47,-0.062
-0.65,-0.066
-0.788,0.67
-1.988,1.35
-2.235,0.651
0.079,-1.338
-1.927,-1.56
-2.701,0.086
0.128,-2.561
-0.98,-1.997
-2.091,-1.96
-0.336,-2.727
-0.309,-2.111
0.008,-0.876
-0.017,0.842
0.032,2.212
-0.01,-0.615
-0.043,-0.222
-0.136,0.103
-0.08,2.953
-0.076,2.822
-0.122,2.923
-0.204,-0.07
-0.155,1.688
-0.286,0.936
-0.289,0.423
-0.266,2.523
-0.407,2.555
-0.426,1.198
-0.424,-0.287
-0.379,0.671
-0.383,0.988
-0.428,0.209
-0.403,-0.865
-0.455,2.547
-0.401,2.56
-0.441,0.998
-0.507,1.116
-0.469,1.958
-0.453,1.715
-0.627,0.999
-0.564,0.614
-0.588,-0.885
-0.69,0.026
-0.715,1.658
-0.736,2.611
-0.837,-0.653
-0.813,0.932
-0.842,-0.477
-0.92,-0.017
-0.938,-1.003
-0.998,0.578
-0.934,2.258
-0.939,2.52
-1.009,0.905
-1.036,-0.231
-0.985,-0.933
-1.131,1.292
-1.194,2.805
-1.207,-0.866
-1.141,1.934
-1.178,2.034
-1.277,-0.617
-1.324,0.997
-1.36,2.17
-1.438,0.114
-1.501,1.483
-1.505,1.771
-1.73,1.342
-1.712,0.07
-1.766,-0.122
-1.707,2.067
-1.878,-0.943
-1.952,0.217
-2.092,-0.417
-2.024,0.938
-2.143,0.025
-2.159,0.128
-2.281,1.537
-2.226,2.831
-2.256,-0.134
-2.279,0.469
-2.406,1.584
-2.326,-0.86
-2.346,2.088
-2.445,0.337
-2.493,1.525
-2.53,0.026
-2.486,1.858
-2.566,1.226
-2.565,2.209
-2.518,0.15
-2.562,-0.676
3.02,-1.044
1.726,-1.332
1.712,-1.072
1.61,-1.007
1.036,-1.089
1.018,-1.237
0.892,-1.439
0.719,-1.445
0.609,-1.268
0.237,-1.039
0.086,-1.331
-0.121,-1.162
-0.132,-1.284
-0.258,-1.313
-0.335,-1.1
-0.577,-1.274
-0.693,-1.39
-0.744,-1.24
-1.472,-1.05
-1.859,-1.061
-1.943,-1.208
-2.088,-1.021
-2.138,-1.208
-2.216,-1.299
-2.25,-1.253
-2.185,-1.09
-2.569,-0.959
-2.642,-1.285
-2.911,3.268
-2.951,3.296
2.692,3.287
2.418,3.234
2.032,3.378
1.936,3.188
1.701,3.007
0.868,3.375
0.879,3.382
0.474,3.079
0.54,3.263
0.305,3.259
0.276,3.399
-0.006,3.106
-0.728,3.244
-0.736,3.403
-1.232,3.25
-1.578,3.08
-1.837,3.173
-2.563,3.461
-2.572,3.139
-2.707,2.732
-2.886,-0.72
1.797,2.598
1.509,0.409
-0.108,2.625
-0.154,-0.161
-2.16,1.848
2.992,-1.169
2.527,-1.267
-1.577,-1.008
-2.542,2.913
-2.577,0.173
-2.767,2.716
-2.69,-0.408
-2.725,0.531
-2.943,0.941
-2.933,1.476
-2.988,1.497
-3.116,2.876
-3.025,1.905
3.138,2.567
3.04,0.216
-3.11,1.643
3.085,1.584
2.829,1.704
2.962,2.534
2.792,1.048
2.842,1.148
2.853,0.657
2.704,-0.761
2.756,-0.094
2.718,1.38
2.724,1.079
2.515,-0.919
2.518,-0.78
2.489,1.744
2.487,0.864
2.566,1.555
1.974,0.103
1.815,1.566
1.951,1.383
1.925,0.187
1.767,-0.826
1.704,-0.772
1.701,2.845
1.622,0.259
1.558,1.728
1.473,-0.668
1.419,0.752
1.538,1.167
1.327,-0.129
1.459,1.74
1.4,0.741
1.285,1.861
1.23,-0.546
1.017,-0.517
0.985,0.351
1.058,2.976
0.889,0.275
0.972,1.243
0.636,1.753
0.483,1.434
0.535,-0.992
0.53,2.527
0.494,1.064
0.345,0.206
0.273,-0.861
0.246,2.306
0.372,2.066
0.291,2.198
0.112,2.953
0.041,2.422
0.143,0.922
0.144,0.27
0.02,-0.815
-0.078,-0.652
-0.071,0.852
-0.088,0.149
-0.133,1.711
-0.344,0.563
-0.382,1.265
-0.742,-0.256
-0.773,-0.725
-0.706,2.989
-0.71,-0.497
-1.018,0.188
-1.174,1.801
-1.251,-0.522
-1.362,1.847
-1.25,0.261
-1.259,1.099
-1.378,1.655
-1.614,1.494
-1.641,1.485
-1.804,0.131
-1.841,1.159
-2.072,0.789
-2.115,-0.7
-2.207,0.642
-2.329,1.424
-2.384,0.421
-2.318,0.248
-2.466,2.177
-2.411,0.207
-2.612,-0.066
-2.789,-1.293
-2.83,-1.165
3.005,-1.133
2.435,-0.961
2.155,-1.232
2.029,-1.057
1.926,-1.088
1.405,-1.3
1.432,-1.181
1.4,-1.462
1.299,-1.328
1.279,-1.327
-0.023,-1.143
-0.941,-1.327
-1.529,-1.071
-1.772,-1.454
-1.976,-1.175
-2.189,-1.298
-2.207,-1.126
-2.426,-1.031
-2.409,-1.189
-2.489,-1.162
-2.633,3.251
-2.857,3.195
3.077,3.21
-3.114,3.299
2.837,3.151
2.725,3.258
2.684,3.286
2.594,2.938
1.628,3.075
1.342,3.224
1.3,3.327
1.11,3.022
0.702,3.168
0.814,3.04
0.254,3.323
-0.656,3.067
-1.189,3.195
-1.927,3.347
-2.048,3.002
-2.172,3.261
2.789,2.116
2.666,0.515
1.605,2.175
-0.154,1.153
-0.539,0.485
-1.92,0.496
2.87,1.918
1.606,1.224
1.105,0.369
0.627,1.22
-0.366,1.224
-0.546,1.22
-0.684,1.956
-1.884,2.636
-2.131,1.937
0.183,-0.052
-1.823,-0.274
-2.597,1.372
0.232,-1.275
-0.876,-0.711
-1.987,-0.674
-0.232,-1.441
-0.205,-0.825
-0.025,1.718
0.024,3.088
-0.018,0.261
-0.051,0.654
-0.144,0.979
-0.088,3.829
-0.084,3.698
-0.13,3.799
-0.212,0.806
-0.163,2.564
-0.294,1.812
-0.297,1.299
-0.274,3.399
-0.415,3.431
-0.434,2.074
-0.432,0.589
-0.387,1.547
-0.391,1.864
-0.436,1.085
-0.411,0.011
-0.463,3.423
-0.409,3.436
-0.449,1.874
-0.515,1.992
-0.477,2.834
-0.461,2.591
-0.635,1.875
-0.572,1.49
-0.596,-0.009
-0.698,0.902
-0.723,2.534
-0.744,3.487
-0.845,0.223
-0.821,1.808
-0.85,0.399
-0.928,0.859
-0.946,-0.127
-1.006,1.454
-0.942,3.134
-0.947,3.396
-1.017,1.781
-1.044,0.645
-0.993,-0.057
-1.139,2.168
-1.202,3.681
-1.215,0.01
-1.149,2.81
-1.186,2.91
-1.285,0.259
-1.332,1.873
-1.368,3.046
-1.446,0.99
-1.509,2.359
-1.513,2.647
-1.738,2.218
-1.72,0.946
-1.774,0.754
-1.715,2.943
-1.886,-0.067
-1.96,1.093
-2.1,0.459
-2.032,1.814
-2.151,0.901
-2.167,1.004
-2.289,2.413
-2.234,3.707
-2.264,0.742
-2.287,1.345
-2.414,2.46
-2.334,0.016
-2.354,2.964
-2.453,1.213
-2.501,2.401
-2.538,0.902
-2.494,2.734
-2.574,2.102
-2.573,3.085
-2.526,1.026
-2.57,0.2
3.012,-0.168
1.718,-0.456
1.704,-0.196
1.602,-0.131
1.028,-0.213
1.01,-0.361
0.884,-0.563
0.711,-0.569
0.601,-0.392
0.229,-0.163
0.078,-0.455
-0.129,-0.286
-0.14,-0.408
-0.266,-0.437
-0.343,-0.224
-0.585,-0.398
-0.701,-0.514
-0.752,-0.364
-1.48,-0.174
-1.867,-0.185
-1.951,-0.332
-2.096,-0.145
-2.146,-0.332
-2.224,-0.423
-2.258,-0.377
-2.193,-0.214
-2.577,-0.083
-2.65,-0.409
-2.919,4.144
-2.959,4.172
2.684,4.163
2.41,4.11
2.024,4.254
1.928,4.064
1.693,3.883
0.86,4.251
0.871,4.258
0.466,3.955
0.532,4.139
0.297,4.135
0.268,4.275
-0.014,3.982
-0.736,4.12
-0.744,4.279
-1.24,4.126
-1.586,3.956
-1.845,4.049
-2.571,4.337
-2.58,4.015
-2.715,3.608
-2.894,0.156
1.789,3.474
1.501,1.285
-0.116,3.501
-0.162,0.715
-2.168,2.724
2.984,-0.293
2.519,-0.391
-1.585,-0.132
-2.55,3.789
-2.585,1.049
-2.775,3.592
-2.698,0.468
-2.733,1.407
-2.951,1.817
-2.941,2.352
-2.996,2.373
-3.124,3.752
-3.033,2.781
3.13,3.443
3.032,1.092
-3.118,2.519
3.077,2.46
2.821,2.58
2.954,3.41
2.784,1.924
2.834,2.024
2.845,1.533
2.696,0.115
2.748,0.782
2.71,2.256
2.716,1.955
2.507,-0.043
2.51,0.096
2.481,2.62
2.479,1.74
2.558,2.431
1.966,0.979
1.807,2.442
1.943,2.259
1.917,1.063
1.759,0.05
1.696,0.104
1.693,3.721
1.614,1.135
1.55,2.604
1.465,0.208
1.411,1.628
1.53,2.043
1.319,0.747
1.451,2.616
1.392,1.617
1.277,2.737
1.222,0.33
1.009,0.359
0.977,1.227
1.05,3.852
0.881,1.151
0.964,2.119
0.628,2.629
0.475,2.31
0.527,-0.116
0.522,3.403
0.486,1.94
0.337,1.082
0.265,0.015
0.238,3.182
0.364,2.942
0.283,3.074
0.104,3.829
0.033,3.298
0.135,1.798
0.136,1.146
0.012,0.061
-0.086,0.224
-0.079,1.728
-0.096,1.025
-0.141,2.587
-0.352,1.439
-0.39,2.141
-0.75,0.62
-0.781,0.151
-0.714,3.865
-0.718,0.379
-1.026,1.064
-1.182,2.677
-1.259,0.354
-1.37,2.723
-1.258,1.137
-1.267,1.975
-1.386,2.531
-1.622,2.37
-1.649,2.361
-1.812,1.007
-1.849,2.035
-2.08,1.665
-2.123,0.176
-2.215,1.518
-2.337,2.3
-2.392,1.297
-2.326,1.124
-2.474,3.053
-2.419,1.083
-2.62,0.81
-2.797,-0.417
-2.838,-0.289
2.997,-0.257
2.427,-0.085
2.147,-0.356
2.021,-0.181
1.918,-0.212
1.397,-0.424
1.424,-0.305
1.392,-0.586
1.291,-0.452
1.271,-0.451
-0.031,-0.267
-0.949,-0.451
-1.537,-0.195
-1.78,-0.578
-1.984,-0.299
-2.197,-0.422
-2.215,-0.25
-2.434,-0.155
-2.417,-0.313
-2.497,-0.286
-2.641,4.127
-2.865,4.071
3.069,4.086
-3.122,4.175
2.829,4.027
2.717,4.134
2.676,4.162
2.586,3.814
1.62,3.951
1.334,4.1
1.292,4.203
1.102,3.898
0.694,4.044
0.806,3.916
0.246,4.199
-0.664,3.943
-1.197,4.071
-1.935,4.223
-2.056,3.878
-2.18,4.137
2.781,2.992
2.658,1.391
1.597,3.051
-0.162,2.029
-0.547,1.361
-1.928,1.372
2.862,2.794
1.598,2.1
1.097,1.245
0.619,2.096
-0.374,2.1
-0.554,2.096
-0.692,2.832
-1.892,3.512
-2.139,2.813
0.175,0.824
-1.831,0.602
-2.605,2.248
0.224,-0.399
-0.884,0.165
-1.995,0.202
-0.24,-0.565
-0.213,0.051
0.049,1.37
0.007,-1.457
-0.026,-1.064
-0.119,-0.739
-0.063,2.111
-0.059,1.98
-0.105,2.081
-0.187,-0.912
-0.138,0.846
-0.269,0.094
-0.272,-0.419
-0.249,1.681
-0.39,1.713
-0.409,0.356
-0.407,-1.129
-0.362,-0.171
-0.366,0.146
-0.411,-0.633
-0.386,-1.707
-0.438,1.705
-0.384,1.718
-0.424,0.156
-0.49,0.274
-0.452,1.116
-0.436,0.873
-0.61,0.157
-0.547,-0.228
-0.571,-1.727
-0.673,-0.816
-0.698,0.816
-0.719,1.769
-0.82,-1.495
-0.796,0.09
-0.825,-1.319
-0.903,-0.859
-0.921,-1.845
-0.981,-0.264
-0.917,1.416
-0.922,1.678
-0.992,0.063
-1.019,-1.073
-0.968,-1.775
-1.114,0.45
-1.177,1.963
-1.19,-1.708
-1.124,1.092
-1.161,1.192
-1.26,-1.459
-1.307,0.155
-1.343,1.328
-1.421,-0.728
-1.484,0.641
-1.488,0.929
-1.713,0.5
-1.695,-0.772
-1.749,-0.964
-1.69,1.225
-1.861,-1.785
-1.935,-0.625
-2.075,-1.259
-2.007,0.096
-2.126,-0.817
-2.142,-0.714
-2.264,0.695
-2.209,1.989
-2.239,-0.976
-2.262,-0.373
-2.389,0.742
-2.309,-1.702
-2.329,1.246
-2.428,-0.505
-2.476,0.683
-2.513,-0.816
-2.469,1.016
-2.549,0.384
-2.548,1.367
-2.501,-0.692
-2.545,-1.518
3.037,-1.886
1.743,-2.174
1.729,-1.914
1.627,-1.849
1.053,-1.931
1.035,-2.079
0.909,-2.281
0.736,-2.287
0.626,-2.11
0.254,-1.881
0.103,-2.173
-0.104,-2.004
-0.115,-2.126
-0.241,-2.155
-0.318,-1.942
-0.56,-2.116
-0.676,-2.232
-0.727,-2.082
-1.455,-1.892
-1.842,-1.903
-1.926,-2.05
-2.071,-1.863
-2.121,-2.05
-2.199,-2.141
-2.233,-2.095
-2.168,-1.932
-2.552,-1.801
-2.625,-2.127
-2.894,2.426
-2.934,2.454
2.709,2.445
2.435,2.392
2.049,2.536
1.953,2.346
1.718,2.165
0.885,2.533
0.896,2.54
0.491,2.237
0.557,2.421
0.322,2.417
0.293,2.557
0.011,2.264
-0.711,2.402
-0.719,2.561
-1.215,2.408
-1.561,2.238
-1.82,2.331
-2.546,2.619
-2.555,2.297
-2.69,1.89
-2.869,-1.562
1.814,1.756
1.526,-0.433
-0.091,1.783
-0.137,-1.003
-2.143,1.006
3.009,-2.011
2.544,-2.109
-1.56,-1.85
-2.525,2.071
-2.56,-0.669
-2.75,1.874
-2.673,-1.25
-2.708,-0.311
-2.926,0.099
-2.916,0.634
-2.971,0.655
-3.099,2.034
-3.008,1.063
-3.128,1.725
3.057,-0.626
-3.093,0.801
3.102,0.742
2.846,0.862
2.979,1.692
2.809,0.206
2.859,0.306
2.87,-0.185
2.721,-1.603
2.773,-0.936
2.735,0.538
2.741,0.237
2.532,-1.761
2.535,-1.622
2.506,0.902
2.504,0.022
2.583,0.713
1.991,-0.739
1.832,0.724
1.968,0.541
1.942,-0.655
1.784,-1.668
1.721,-1.614
1.718,2.003
1.639,-0.583
1.575,0.886
1.49,-1.51
1.436,-0.09
1.555,0.325
1.344,-0.971
1.476,0.898
1.417,-0.101
1.302,1.019
1.247,-1.388
1.034,-1.359
1.002,-0.491
1.075,2.134
0.906,-0.567
0.989,0.401
0.653,0.911
0.5,0.592
0.552,-1.834
0.547,1.685
0.511,0.222
0.362,-0.636
0.29,-1.703
0.263,1.464
0.389,1.224
0.308,1.356
0.129,2.111
0.058,1.58
0.16,0.08
0.161,-0.572
0.037,-1.657
-0.061,-1.494
-0.054,0.01
-0.071,-0.693
-0.116,0.869
-0.327,-0.279
-0.365,0.423
-0.725,-1.098
-0.756,-1.567
-0.689,2.147
-0.693,-1.339
-1.001,-0.654
-1.157,0.959
-1.234,-1.364
-1.345,1.005
-1.233,-0.581
-1.242,0.257
-1.361,0.813
-1.597,0.652
-1.624,0.643
-1.787,-0.711
-1.824,0.317
-2.055,-0.053
-2.098,-1.542
-2.19,-0.2
-2.312,0.582
-2.367,-0.421
-2.301,-0.594
-2.449,1.335
-2.394,-0.635
-2.595,-0.908
-2.772,-2.135
-2.813,-2.007
3.022,-1.975
2.452,-1.803
2.172,-2.074
2.046,-1.899
1.943,-1.93
1.422,-2.142
1.449,-2.023
1.417,-2.304
1.316,-2.17
1.296,-2.169
-0.006,-1.985
-0.924,-2.169
-1.512,-1.913
-1.755,-2.296
-1.959,-2.017
-2.172,-2.14
-2.19,-1.968
-2.409,-1.873
-2.392,-2.031
-2.472,-2.004
-2.616,2.409
-2.84,2.353
3.094,2.368
-3.097,2.457
2.854,2.309
2.742,2.416
2.701,2.444
2.611,2.096
1.645,2.233
1.359,2.382
1.317,2.485
1.127,2.18
0.719,2.326
0.831,2.198
0.271,2.481
-0.639,2.225
-1.172,2.353
-1.91,2.505
-2.031,2.16
-2.155,2.419
2.806,1.274
2.683,-0.327
1.622,1.333
-0.137,0.311
-0.522,-0.357
-1.903,-0.346
2.887,1.076
1.623,0.382
1.122,-0.473
0.644,0.378
-0.349,0.382
-0.529,0.378
-0.667,1.114
-1.867,1.794
-2.114,1.095
0.2,-0.894
-1.806,-1.116
-2.58,0.53
0.249,-2.117
-0.859,-1.553
-1.97,-1.516
-0.215,-2.283
-0.188,-1.667
-0.042,-2.827
-0.075,-2.434
-0.168,-2.109
-0.112,0.741
-0.108,0.61
-0.154,0.711
-0.236,-2.282
-0.187,-0.524
-0.318,-1.276
-0.321,-1.789
-0.298,0.311
-0.439,0.343
-0.458,-1.014
-0.456,-2.499
-0.411,-1.541
-0.415,-1.224
-0.46,-2.003
-0.435,-3.077
-0.487,0.335
-0.433,0.348
-0.473,-1.214
-0.539,-1.096
-0.501,-0.254
-0.485,-0.497
-0.659,-1.213
-0.596,-1.598
-0.62,-3.097
-0.722,-2.186
-0.747,-0.554
-0.768,0.399
-0.869,-2.865
-0.845,-1.28
-0.874,-2.689
-0.952,-2.229
-0.97,-3.215
-1.03,-1.634
-0.966,0.046
-0.971,0.308
-1.041,-1.307
-1.068,-2.443
-1.017,-3.145
-1.163,-0.92
-1.226,0.593
-1.239,-3.078
-1.173,-0.278
-1.21,-0.178
-1.309,-2.829
-1.356,-1.215
-1.392,-0.042
-1.47,-2.098
-1.533,-0.729
-1.537,-0.441
-1.762,-0.87
-1.744,-2.142
-1.798,-2.334
-1.739,-0.145
-1.91,-3.155
-1.984,-1.995
-2.124,-2.629
-2.056,-1.274
-2.175,-2.187
-2.191,-2.084
-2.313,-0.675
-2.258,0.619
-2.288,-2.346
-2.311,-1.743
-2.438,-0.628
-2.358,-3.072
-2.378,-0.124
-2.477,-1.875
-2.525,-0.687
-2.562,-2.186
-2.518,-0.354
-2.598,-0.986
-2.597,-0.003
-2.55,-2.062
-2.594,-2.888
2.988,-3.256
1.694,-3.544
1.68,-3.284
1.578,-3.219
1.004,-3.301
0.986,-3.449
0.86,-3.651
0.687,-3.657
0.577,-3.48
0.205,-3.251
0.054,-3.543
-0.153,-3.374
-0.164,-3.496
-0.29,-3.525
-0.367,-3.312
-0.609,-3.486
-0.725,-3.602
-0.776,-3.452
-1.504,-3.262
-1.891,-3.273
-1.975,-3.42
-2.12,-3.233
-2.17,-3.42
-2.248,-3.511
-2.282,-3.465
-2.217,-3.302
-2.601,-3.171
-2.674,-3.497
-2.943,1.056
-2.983,1.084
2.66,1.075
2.386,1.022
2.0,1.166
1.904,0.976
1.669,0.795
0.836,1.163
0.847,1.17
0.442,0.867
0.508,1.051
0.273,1.047
0.244,1.187
-0.038,0.894
-0.76,1.032
-0.768,1.191
-1.264,1.038
-1.61,0.868
-1.869,0.961
-2.595,1.249
-2.604,0.927
-2.739,0.52
-2.918,-2.932
1.765,0.386
1.477,-1.803
-0.14,0.413
-0.186,-2.373
-2.192,-0.364
2.96,-3.381
2.495,-3.479
-1.609,-3.22
-2.574,0.701
-2.609,-2.039
-2.799,0.504
-2.722,-2.62
-2.757,-1.681
-2.975,-1.271
-2.965,-0.736
-3.02,-0.715
3.135,0.664
-3.057,-0.307
3.106,0.355
3.008,-1.996
3.141,-0.569
3.053,-0.628
2.797,-0.508
2.93,0.322
2.76,-1.164
2.81,-1.064
2.821,-1.555
2.672,-2.973
2.724,-2.306
2.686,-0.832
2.692,-1.133
2.483,-3.131
2.486,-2.992
2.457,-0.468
2.455,-1.348
2.534,-0.657
1.942,-2.109
1.783,-0.646
1.919,-0.829
1.893,-2.025
1.735,-3.038
1.672,-2.984
1.669,0.633
1.59,-1.953
1.526,-0.484
1.441,-2.88
1.387,-1.46
1.506,-1.045
1.295,-2.341
1.427,-0.472
1.368,-1.471
1.253,-0.351
1.198,-2.758
0.985,-2.729
0.953,-1.861
1.026,0.764
0.857,-1.937
0.94,-0.969
0.604,-0.459
0.451,-0.778
0.503,-3.204
0.498,0.315
0.462,-1.148
0.313,-2.006
0.241,-3.073
0.214,0.094
0.34,-0.146
0.259,-0.014
0.08,0.741
0.009,0.21
0.111,-1.29
0.112,-1.942
-0.012,-3.027
-0.11,-2.864
-0.103,-1.36
-0.12,-2.063
-0.165,-0.501
-0.376,-1.649
-0.414,-0.947
-0.774,-2.468
-0.805,-2.937
-0.738,0.777
-0.742,-2.709
-1.05,-2.024
-1.206,-0.411
-1.283,-2.734
-1.394,-0.365
-1.282,-1.951
-1.291,-1.113
-1.41,-0.557
-1.646,-0.718
-1.673,-0.727
-1.836,-2.081
-1.873,-1.053
-2.104,-1.423
-2.147,-2.912
-2.239,-1.57
-2.361,-0.788
-2.416,-1.791
-2.35,-1.964
-2.498,-0.035
-2.443,-2.005
-2.644,-2.278
-2.821,-3.505
-2.862,-3.377
2.973,-3.345
2.403,-3.173
2.123,-3.444
1.997,-3.269
1.894,-3.3
1.373,-3.512
1.4,-3.393
1.368,-3.674
1.267,-3.54
1.247,-3.539
-0.055,-3.355
-0.973,-3.539
-1.561,-3.283
-1.804,-3.666
-2.008,-3.387
-2.221,-3.51
-2.239,-3.338
-2.458,-3.243
-2.441,-3.401
-2.521,-3.374
-2.665,1.039
-2.889,0.983
3.045,0.998
3.137,1.087
2.805,0.939
2.693,1.046
2.652,1.074
2.562,0.726
1.596,0.863
1.31,1.012
1.268,1.115
1.078,0.81
0.67,0.956
0.782,0.828
0.222,1.111
-0.688,0.855
-1.221,0.983
-1.959,1.135
-2.08,0.79
-2.204,1.049
2.757,-0.096
2.634,-1.697
1.573,-0.037
-0.186,-1.059
-0.571,-1.727
-1.952,-1.716
2.838,-0.294
1.574,-0.988
1.073,-1.843
0.595,-0.992
-0.398,-0.988
-0.578,-0.992
-0.716,-0.256
-1.916,0.424
-2.163,-0.275
0.151,-2.264
-1.855,-2.486
-2.629,-0.84
0.2,-3.487
-0.908,-2.923
-2.019,-2.886
-0.264,-3.653
-0.237,-3.037
-0.033,0.393
-0.126,0.718
-0.07,3.568
-0.066,3.437
-0.112,3.538
-0.194,0.545
-0.145,2.303
-0.276,1.551
-0.279,1.038
-0.256,3.138
-0.397,3.17
-0.416,1.813
-0.414,0.328
-0.369,1.286
-0.373,1.603
-0.418,0.824
-0.393,-0.25
-0.445,3.162
-0.391,3.175
-0.431,1.613
-0.497,1.731
-0.459,2.573
-0.443,2.33
-0.617,1.614
-0.554,1.229
-0.578,-0.27
-0.68,0.641
-0.705,2.273
-0.726,3.226
-0.827,-0.038
-0.803,1.547
-0.832,0.138
-0.91,0.598
-0.928,-0.388
-0.988,1.193
-0.924,2.873
-0.929,3.135
-0.999,1.52
-1.026,0.384
-0.975,-0.318
-1.121,1.907
-1.184,3.42
-1.197,-0.251
-1.131,2.549
-1.168,2.649
-1.267,-0.002
-1.314,1.612
-1.35,2.785
-1.428,0.729
-1.491,2.098
-1.495,2.386
-1.72,1.957
-1.702,0.685
-1.756,0.493
-1.697,2.682
-1.868,-0.328
-1.942,0.832
-2.082,0.198
-2.014,1.553
-2.133,0.64
-2.149,0.743
-2.271,2.152
-2.216,3.446
-2.246,0.481
-2.269,1.084
-2.396,2.199
-2.316,-0.245
-2.336,2.703
-2.435,0.952
-2.483,2.14
-2.52,0.641
-2.476,2.473
-2.556,1.841
-2.555,2.824
-2.508,0.765
-2.552,-0.061
3.03,-0.429
1.736,-0.717
1.722,-0.457
1.62,-0.392
1.046,-0.474
1.028,-0.622
0.902,-0.824
0.729,-0.83
0.619,-0.653
0.247,-0.424
0.096,-0.716
-0.111,-0.547
-0.122,-0.669
-0.248,-0.698
-0.325,-0.485
-0.567,-0.659
-0.683,-0.775
-0.734,-0.625
-1.462,-0.435
-1.849,-0.446
-1.933,-0.593
-2.078,-0.406
-2.128,-0.593
-2.206,-0.684
-2.24,-0.638
-2.175,-0.475
-2.559,-0.344
-2.632,-0.67
-2.901,3.883
-2.941,3.911
2.702,3.902
2.428,3.849
2.042,3.993
1.946,3.803
1.711,3.622
0.878,3.99
0.889,3.997
0.484,3.694
0.55,3.878
0.315,3.874
0.286,4.014
0.004,3.721
-0.718,3.859
-0.726,4.018
-1.222,3.865
-1.568,3.695
-1.827,3.788
-2.553,4.076
-2.562,3.754
-2.697,3.347
-2.876,-0.105
1.807,3.213
1.519,1.024
-0.098,3.24
-0.144,0.454
-2.15,2.463
3.002,-0.554
2.537,-0.652
-1.567,-0.393
-2.532,3.528
-2.567,0.788
-2.757,3.331
-2.68,0.207
-2.715,1.146
-2.933,1.556
-2.923,2.091
-2.978,2.112
-3.106,3.491
-3.015,2.52
-3.135,3.182
3.05,0.831
-3.1,2.258
3.095,2.199
2.839,2.319
2.972,3.149
2.802,1.663
2.852,1.763
2.863,1.272
2.714,-0.146
2.766,0.521
2.728,1.995
2.734,1.694
2.525,-0.304
2.528,-0.165
2.499,2.359
2.497,1.479
2.576,2.17
1.984,0.718
1.825,2.181
1.961,1.998
1.935,0.802
1.777,-0.211
1.714,-0.157
1.711,3.46
1.632,0.874
1.568,2.343
1.483,-0.053
1.429,1.367
1.548,1.782
1.337,0.486
1.469,2.355
1.41,1.356
1.295,2.476
1.24,0.069
1.027,0.098
0.995,0.966
1.068,3.591
0.899,0.89
0.982,1.858
0.646,2.368
0.493,2.049
0.545,-0.377
0.54,3.142
0.504,1.679
0.355,0.821
0.283,-0.246
0.256,2.921
0.382,2.681
0.301,2.813
0.122,3.568
0.051,3.037
0.153,1.537
0.154,0.885
0.03,-0.2
-0.068,-0.037
-0.061,1.467
-0.078,0.764
-0.123,2.326
-0.334,1.178
-0.372,1.88
-0.732,0.359
-0.763,-0.11
-0.696,3.604
-0.7,0.118
-1.008,0.803
-1.164,2.416
-1.241,0.093
-1.352,2.462
-1.24,0.876
-1.249,1.714
-1.368,2.27
-1.604,2.109
-1.631,2.1
-1.794,0.746
-1.831,1.774
-2.062,1.404
-2.105,-0.085
-2.197,1.257
-2.319,2.039
-2.374,1.036
-2.308,0.863
-2.456,2.792
-2.401,0.822
-2.602,0.549
-2.779,-0.678
-2.82,-0.55
3.015,-0.518
2.445,-0.346
2.165,-0.617
2.039,-0.442
1.936,-0.473
1.415,-0.685
1.442,-0.566
1.41,-0.847
1.309,-0.713
1.289,-0.712
-0.013,-0.528
-0.931,-0.712
-1.519,-0.456
-1.762,-0.839
-1.966,-0.56
-2.179,-0.683
-2.197,-0.511
-2.416,-0.416
-2.399,-0.574
-2.479,-0.547
-2.623,3.866
-2.847,3.81
3.087,3.825
-3.104,3.914
2.847,3.766
2.735,3.873
2.694,3.901
2.604,3.553
1.638,3.69
1.352,3.839
1.31,3.942
1.12,3.637
0.712,3.783
0.824,3.655
0.264,3.938
-0.646,3.682
-1.179,3.81
-1.917,3.962
-2.038,3.617
-2.162,3.876
2.799,2.731
2.676,1.13
1.615,2.79
-0.144,1.768
-0.529,1.1
-1.91,1.111
2.88,2.533
1.616,1.839
1.115,0.984
0.637,1.835
-0.356,1.839
-0.536,1.835
-0.674,2.571
-1.874,3.251
-2.121,2.552
0.193,0.563
-1.813,0.341
-2.587,1.987
0.242,-0.66
-0.866,-0.096
-1.977,-0.059
-0.222,-0.826
-0.195,-0.21
-0.093,0.325
-0.037,3.175
-0.033,3.044
-0.079,3.145
-0.161,0.152
-0.112,1.91
-0.243,1.158
-0.246,0.645
-0.223,2.745
-0.364,2.777
-0.383,1.42
-0.381,-0.065
-0.336,0.893
-0.34,1.21
-0.385,0.431
-0.36,-0.643
-0.412,2.769
-0.358,2.782
-0.398,1.22
-0.464,1.338
-0.426,2.18
-0.41,1.937
-0.584,1.221
-0.521,0.836
-0.545,-0.663
-0.647,0.248
-0.672,1.88
-0.693,2.833
-0.794,-0.431
-0.77,1.154
-0.799,-0.255
-0.877,0.205
-0.895,-0.781
-0.955,0.8
-0.891,2.48
-0.896,2.742
-0.966,1.127
-0.993,-0.009
-0.942,-0.711
-1.088,1.514
-1.151,3.027
-1.164,-0.644
-1.098,2.156
-1.135,2.256
-1.234,-0.395
-1.281,1.219
-1.317,2.392
-1.395,0.336
-1.458,1.705
-1.462,1.993
-1.687,1.564
-1.669,0.292
-1.723,0.1
-1.664,2.289
-1.835,-0.721
-1.909,0.439
-2.049,-0.195
-1.981,1.16
-2.1,0.247
-2.116,0.35
-2.238,1.759
-2.183,3.053
-2.213,0.088
-2.236,0.691
-2.363,1.806
-2.283,-0.638
-2.303,2.31
-2.402,0.559
-2.45,1.747
-2.487,0.248
-2.443,2.08
-2.523,1.448
-2.522,2.431
-2.475,0.372
-2.519,-0.454
3.063,-0.822
1.769,-1.11
1.755,-0.85
1.653,-0.785
1.079,-0.867
1.061,-1.015
0.935,-1.217
0.762,-1.223
0.652,-1.046
0.28,-0.817
0.129,-1.109
-0.078,-0.94
-0.089,-1.062
-0.215,-1.091
-0.292,-0.878
-0.534,-1.052
-0.65,-1.168
-0.701,-1.018
-1.429,-0.828
-1.816,-0.839
-1.9,-0.986
-2.045,-0.799
-2.095,-0.986
-2.173,-1.077
-2.207,-1.031
-2.142,-0.868
-2.526,-0.737
-2.599,-1.063
-2.868,3.49
-2.908,3.518
2.735,3.509
2.461,3.456
2.075,3.6
1.979,3.41
1.744,3.229
0.911,3.597
0.922,3.604
0.517,3.301
0.583,3.485
0.348,3.481
0.319,3.621
0.037,3.328
-0.685,3.466
-0.693,3.625
-1.189,3.472
-1.535,3.302
-1.794,3.395
-2.52,3.683
-2.529,3.361
-2.664,2.954
-2.843,-0.498
1.84,2.82
1.552,0.631
-0.065,2.847
-0.111,0.061
-2.117,2.07
3.035,-0.947
2.57,-1.045
-1.534,-0.786
-2.499,3.135
-2.534,0.395
-2.724,2.938
-2.647,-0.186
-2.682,0.753
-2.9,1.163
-2.89,1.698
-2.945,1.719
-3.073,3.098
-2.982,2.127
-3.102,2.789
3.083,0.438
-3.067,1.865
3.128,1.806
2.872,1.926
3.005,2.756
2.835,1.27
2.885,1.37
2.896,0.879
2.747,-0.539
2.799,0.128
2.761,1.602
2.767,1.301
2.558,-0.697
2.561,-0.558
2.532,1.966
2.53,1.086
2.609,1.777
2.017,0.325
1.858,1.788
1.994,1.605
1.968,0.409
1.81,-0.604
1.747,-0.55
1.744,3.067
1.665,0.481
1.601,1.95
1.516,-0.446
1.462,0.974
1.581,1.389
1.37,0.093
1.502,1.962
1.443,0.963
1.328,2.083
1.273,-0.324
1.06,-0.295
1.028,0.573
1.101,3.198
0.932,0.497
1.015,1.465
0.679,1.975
0.526,1.656
0.578,-0.77
0.573,2.749
0.537,1.286
0.388,0.428
0.316,-0.639
0.289,2.528
0.415,2.288
0.334,2.42
0.155,3.175
0.084,2.644
0.186,1.144
0.187,0.492
0.063,-0.593
-0.035,-0.43
-0.028,1.074
-0.045,0.371
-0.09,1.933
-0.301,0.785
-0.339,1.487
-0.699,-0.034
-0.73,-0.503
-0.663,3.211
-0.667,-0.275
-0.975,0.41
-1.131,2.023
-1.208,-0.3
-1.319,2.069
-1.207,0.483
-1.216,1.321
-1.335,1.877
-1.571,1.716
-1.598,1.707
-1.761,0.353
-1.798,1.381
-2.029,1.011
-2.072,-0.478
-2.164,0.864
-2.286,1.646
-2.341,0.643
-2.275,0.47
-2.423,2.399
-2.368,0.429
-2.569,0.156
-2.746,-1.071
-2.787,-0.943
3.048,-0.911
2.478,-0.739
2.198,-1.01
2.072,-0.835
1.969,-0.866
1.448,-1.078
1.475,-0.959
1.443,-1.24
1.342,-1.106
1.322,-1.105
0.02,-0.921
-0.898,-1.105
-1.486,-0.849
-1.729,-1.232
-1.933,-0.953
-2.146,-1.076
-2.164,-0.904
-2.383,-0.809
-2.366,-0.967
-2.446,-0.94
-2.59,3.473
-2.814,3.417
3.12,3.432
-3.071,3.521
2.88,3.373
2.768,3.48
2.727,3.508
2.637,3.16
1.671,3.297
1.385,3.446
1.343,3.549
1.153,3.244
0.745,3.39
0.857,3.262
0.297,3.545
-0.613,3.289
-1.146,3.417
-1.884,3.569
-2.005,3.224
-2.129,3.483
2.832,2.338
2.709,0.737
1.648,2.397
-0.111,1.375
-0.496,0.707
-1.877,0.718
2.913,2.14
1.649,1.446
1.148,0.591
0.67,1.442
-0.323,1.446
-0.503,1.442
-0.641,2.178
-1.841,2.858
-2.088,2.159
0.226,0.17
-1.78,-0.052
-2.554,1.594
0.275,-1.053
-0.833,-0.489
-1.944,-0.452
-0.189,-1.219
-0.162,-0.603
0.056,2.85
0.06,2.719
0.014,2.82
-0.068,-0.173
-0.019,1.585
-0.15,0.833
-0.153,0.32
-0.13,2.42
-0.271,2.452
-0.29,1.095
-0.288,-0.39
-0.243,0.568
-0.247,0.885
-0.292,0.106
-0.267,-0.968
-0.319,2.444
-0.265,2.457
-0.305,0.895
-0.371,1.013
-0.333,1.855
-0.317,1.612
-0.491,0.896
-0.428,0.511
-0.452,-0.988
-0.554,-0.077
-0.579,1.555
-0.6,2.508
-0.701,-0.756
-0.677,0.829
-0.706,-0.58
-0.784,-0.12
-0.802,-1.106
-0.862,0.475
-0.798,2.155
-0.803,2.417
-0.873,0.802
-0.9,-0.334
-0.849,-1.036
-0.995,1.189
-1.058,2.702
-1.071,-0.969
-1.005,1.831
-1.042,1.931
-1.141,-0.72
-1.188,0.894
-1.224,2.067
-1.302,0.011
-1.365,1.38
-1.369,1.668
-1.594,1.239
-1.576,-0.033
-1.63,-0.225
-1.571,1.964
-1.742,-1.046
-1.816,0.114
-1.956,-0.52
-1.888,0.835
-2.007,-0.078
-2.023,0.025
-2.145,1.434
-2.09,2.728
-2.12,-0.237
-2.143,0.366
-2.27,1.481
-2.19,-0.963
-2.21,1.985
-2.309,0.234
-2.357,1.422
-2.394,-0.077
-2.35,1.755
-2.43,1.123
-2.429,2.106
-2.382,0.047
-2.426,-0.779
-3.127,-1.147
1.862,-1.435
1.848,-1.175
1.746,-1.11
1.172,-1.192
1.154,-1.34
1.028,-1.542
0.855,-1.548
0.745,-1.371
0.373,-1.142
0.222,-1.434
0.015,-1.265
0.004,-1.387
-0.122,-1.416
-0.199,-1.203
-0.441,-1.377
-0.557,-1.493
-0.608,-1.343
-1.336,-1.153
-1.723,-1.164
-1.807,-1.311
-1.952,-1.124
-2.002,-1.311
-2.08,-1.402
-2.114,-1.356
-2.049,-1.193
-2.433,-1.062
-2.506,-1.388
-2.775,3.165
-2.815,3.193
2.828,3.184
2.554,3.131
2.168,3.275
2.072,3.085
1.837,2.904
1.004,3.272
1.015,3.279
0.61,2.976
0.676,3.16
0.441,3.156
0.412,3.296
0.13,3.003
-0.592,3.141
-0.6,3.3
-1.096,3.147
-1.442,2.977
-1.701,3.07
-2.427,3.358
-2.436,3.036
-2.571,2.629
-2.75,-0.823
1.933,2.495
1.645,0.306
0.028,2.522
-0.018,-0.264
-2.024,1.745
3.128,-1.272
2.663,-1.37
-1.441,-1.111
-2.406,2.81
-2.441,0.07
-2.631,2.613
-2.554,-0.511
-2.589,0.428
-2.807,0.838
-2.797,1.373
-2.852,1.394
-2.98,2.773
-2.889,1.802
-3.009,2.464
-3.107,0.113
-2.974,1.54
-3.062,1.481
2.965,1.601
3.098,2.431
2.928,0.945
2.978,1.045
2.989,0.554
2.84,-0.864
2.892,-0.197
2.854,1.277
2.86,0.976
2.651,-1.022
2.654,-0.883
2.625,1.641
2.623,0.761
2.702,1.452
2.11,0.0
1.951,1.463
2.087,1.28
2.061,0.084
1.903,-0.929
1.84,-0.875
1.837,2.742
1.758,0.156
1.694,1.625
1.609,-0.771
1.555,0.649
1.674,1.064
1.463,-0.232
1.595,1.637
1.536,0.638
1.421,1.758
1.366,-0.649
1.153,-0.62
1.121,0.248
1.194,2.873
1.025,0.172
1.108,1.14
0.772,1.65
0.619,1.331
0.671,-1.095
0.666,2.424
0.63,0.961
0.481,0.103
0.409,-0.964
0.382,2.203
0.508,1.963
0.427,2.095
0.248,2.85
0.177,2.319
0.279,0.819
0.28,0.167
0.156,-0.918
0.058,-0.755
0.065,0.749
0.048,0.046
0.003,1.608
-0.208,0.46
-0.246,1.162
-0.606,-0.359
-0.637,-0.828
-0.57,2.886
-0.574,-0.6
-0.882,0.085
-1.038,1.698
-1.115,-0.625
-1.226,1.744
-1.114,0.158
-1.123,0.996
-1.242,1.552
-1.478,1.391
-1.505,1.382
-1.668,0.028
-1.705,1.056
-1.936,0.686
-1.979,-0.803
-2.071,0.539
-2.193,1.321
-2.248,0.318
-2.182,0.145
-2.33,2.074
-2.275,0.104
-2.476,-0.169
-2.653,-1.396
-2.694,-1.268
3.141,-1.236
2.571,-1.064
2.291,-1.335
2.165,-1.16
2.062,-1.191
1.541,-1.403
1.568,-1.284
1.536,-1.565
1.435,-1.431
1.415,-1.43
0.113,-1.246
-0.805,-1.43
-1.393,-1.174
-1.636,-1.557
-1.84,-1.278
-2.053,-1.401
-2.071,-1.229
-2.29,-1.134
-2.273,-1.292
-2.353,-1.265
-2.497,3.148
-2.721,3.092
-3.07,3.107
-2.978,3.196
2.973,3.048
2.861,3.155
2.82,3.183
2.73,2.835
1.764,2.972
1.478,3.121
1.436,3.224
1.246,2.919
0.838,3.065
0.95,2.937
0.39,3.22
-0.52,2.964
-1.053,3.092
-1.791,3.244
-1.912,2.899
-2.036,3.158
2.925,2.013
2.802,0.412
1.741,2.072
-0.018,1.05
-0.403,0.382
-1.784,0.393
3.006,1.815
1.742,1.121
1.241,0.266
0.763,1.117
-0.23,1.121
-0.41,1.117
-0.548,1.853
-1.748,2.533
-1.995,1.834
0.319,-0.155
-1.687,-0.377
-2.461,1.269
0.368,-1.378
-0.74,-0.814
-1.851,-0.777
-0.096,-1.544
-0.069,-0.928
0.004,-0.131
-0.042,-0.03
-0.124,-3.023
-0.075,-1.265
-0.206,-2.017
-0.209,-2.53
-0.186,-0.43
-0.327,-0.398
-0.346,-1.755
-0.344,-3.24
-0.299,-2.282
-0.303,-1.965
-0.348,-2.744
-0.323,-3.818
-0.375,-0.406
-0.321,-0.393
-0.361,-1.955
-0.427,-1.837
-0.389,-0.995
-0.373,-1.238
-0.547,-1.954
-0.484,-2.339
-0.508,-3.838
-0.61,-2.927
-0.635,-1.295
-0.656,-0.342
-0.757,-3.606
-0.733,-2.021
-0.762,-3.43
-0.84,-2.97
-0.858,-3.956
-0.918,-2.375
-0.854,-0.695
-0.859,-0.433
-0.929,-2.048
-0.956,-3.184
-0.905,-3.886
-1.051,-1.661
-1.114,-0.148
-1.127,-3.819
-1.061,-1.019
-1.098,-0.919
-1.197,-3.57
-1.244,-1.956
-1.28,-0.783
-1.358,-2.839
-1.421,-1.47
-1.425,-1.182
-1.65,-1.611
-1.632,-2.883
-1.686,-3.075
-1.627,-0.886
-1.798,-3.896
-1.872,-2.736
-2.012,-3.37
-1.944,-2.015
-2.063,-2.928
-2.079,-2.825
-2.201,-1.416
-2.146,-0.122
-2.176,-3.087
-2.199,-2.484
-2.326,-1.369
-2.246,-3.813
-2.266,-0.865
-2.365,-2.616
-2.413,-1.428
-2.45,-2.927
-2.406,-1.095
-2.486,-1.727
-2.485,-0.744
-2.438,-2.803
-2.482,-3.629
3.1,-3.997
1.806,-4.285
1.792,-4.025
1.69,-3.96
1.116,-4.042
1.098,-4.19
0.972,-4.392
0.799,-4.398
0.689,-4.221
0.317,-3.992
0.166,-4.284
-0.041,-4.115
-0.052,-4.237
-0.178,-4.266
-0.255,-4.053
-0.497,-4.227
-0.613,-4.343
-0.664,-4.193
-1.392,-4.003
-1.779,-4.014
-1.863,-4.161
-2.008,-3.974
-2.058,-4.161
-2.136,-4.252
-2.17,-4.206
-2.105,-4.043
-2.489,-3.912
-2.562,-4.238
-2.831,0.315
-2.871,0.343
2.772,0.334
2.498,0.281
2.112,0.425
2.016,0.235
1.781,0.054
0.948,0.422
0.959,0.429
0.554,0.126
0.62,0.31
0.385,0.306
0.356,0.446
0.074,0.153
-0.648,0.291
-0.656,0.45
-1.152,0.297
-1.498,0.127
-1.757,0.22
-2.483,0.508
-2.492,0.186
-2.627,-0.221
-2.806,-3.673
1.877,-0.355
1.589,-2.544
-0.028,-0.328
-0.074,-3.114
-2.08,-1.105
3.072,-4.122
2.607,-4.22
-1.497,-3.961
-2.462,-0.04
-2.497,-2.78
-2.687,-0.237
-2.61,-3.361
-2.645,-2.422
-2.863,-2.012
-2.853,-1.477
-2.908,-1.456
-3.036,-0.077
-2.945,-1.048
-3.065,-0.386
3.12,-2.737
-3.03,-1.31
-3.118,-1.369
2.909,-1.249
3.042,-0.419
2.872,-1.905
2.922,-1.805
2.933,-2.296
2.784,-3.714
2.836,-3.047
2.798,-1.573
2.804,-1.874
2.595,-3.872
2.598,-3.733
2.569,-1.209
2.567,-2.089
2.646,-1.398
2.054,-2.85
1.895,-1.387
2.031,-1.57
2.005,-2.766
1.847,-3.779
1.784,-3.725
1.781,-0.108
1.702,-2.694
1.638,-1.225
1.553,-3.621
1.499,-2.201
1.618,-1.786
1.407,-3.082
1.539,-1.213
1.48,-2.212
1.365,-1.092
1.31,-3.499
1.097,-3.47
1.065,-2.602
1.138,0.023
0.969,-2.678
1.052,-1.71
0.716,-1.2
0.563,-1.519
0.615,-3.945
0.61,-0.426
0.574,-1.889
0.425,-2.747
0.353,-3.814
0.326,-0.647
0.452,-0.887
0.371,-0.755
0.192,0.0
0.121,-0.531
0.223,-2.031
0.224,-2.683
0.1,-3.768
0.002,-3.605
0.009,-2.101
-0.008,-2.804
-0.053,-1.242
-0.264,-2.39
-0.302,-1.688
-0.662,-3.209
-0.693,-3.678
-0.626,0.036
-0.63,-3.45
-0.938,-2.765
-1.094,-1.152
-1.171,-3.475
-1.282,-1.106
-1.17,-2.692
-1.179,-1.854
-1.298,-1.298
-1.534,-1.459
-1.561,-1.468
-1.724,-2.822
-1.761,-1.794
-1.992,-2.164
-2.035,-3.653
-2.127,-2.311
-2.249,-1.529
-2.304,-2.532
-2.238,-2.705
-2.386,-0.776
-2.331,-2.746
-2.532,-3.019
-2.709,-4.246
-2.75,-4.118
3.085,-4.086
2.515,-3.914
2.235,-4.185
2.109,-4.01
2.006,-4.041
1.485,-4.253
1.512,-4.134
1.48,-4.415
1.379,-4.281
1.359,-4.28
0.057,-4.096
-0.861,-4.28
-1.449,-4.024
-1.692,-4.407
-1.896,-4.128
-2.109,-4.251
-2.127,-4.079
-2.346,-3.984
-2.329,-4.142
-2.409,-4.115
-2.553,0.298
-2.777,0.242
-3.126,0.257
-3.034,0.346
2.917,0.198
2.805,0.305
2.764,0.333
2.674,-0.015
1.708,0.122
1.422,0.271
1.38,0.374
1.19,0.069
0.782,0.215
0.894,0.087
0.334,0.37
-0.576,0.114
-1.109,0.242
-1.847,0.394
-1.968,0.049
-2.092,0.308
2.869,-0.837
2.746,-2.438
1.685,-0.778
-0.074,-1.8
-0.459,-2.468
-1.84,-2.457
2.95,-1.035
1.686,-1.729
1.185,-2.584
0.707,-1.733
-0.286,-1.729
-0.466,-1.733
-0.604,-0.997
-1.804,-0.317
-2.051,-1.016
0.263,-3.005
-1.743,-3.227
-2.517,-1.581
0.312,-4.228
-0.796,-3.664
-1.907,-3.627
-0.152,-4.394
-0.125,-3.778
-0.046,0.101
-0.128,-2.892
-0.079,-1.134
-0.21,-1.886
-0.213,-2.399
-0.19,-0.299
-0.331,-0.267
-0.35,-1.624
-0.348,-3.109
-0.303,-2.151
-0.307,-1.834
-0.352,-2.613
-0.327,-3.687
-0.379,-0.275
-0.325,-0.262
-0.365,-1.824
-0.431,-1.706
-0.393,-0.864
-0.377,-1.107
-0.551,-1.823
-0.488,-2.208
-0.512,-3.707
-0.614,-2.796
-0.639,-1.164
-0.66,-0.211
-0.761,-3.475
-0.737,-1.89
-0.766,-3.299
-0.844,-2.839
-0.862,-3.825
-0.922,-2.244
-0.858,-0.564
-0.863,-0.302
-0.933,-1.917
-0.96,-3.053
-0.909,-3.755
-1.055,-1.53
-1.118,-0.017
-1.131,-3.688
-1.065,-0.888
-1.102,-0.788
-1.201,-3.439
-1.248,-1.825
-1.284,-0.652
-1.362,-2.708
-1.425,-1.339
-1.429,-1.051
-1.654,-1.48
-1.636,-2.752
-1.69,-2.944
-1.631,-0.755
-1.802,-3.765
-1.876,-2.605
-2.016,-3.239
-1.948,-1.884
-2.067,-2.797
-2.083,-2.694
-2.205,-1.285
-2.15,0.009
-2.18,-2.956
-2.203,-2.353
-2.33,-1.238
-2.25,-3.682
-2.27,-0.734
-2.369,-2.485
-2.417,-1.297
-2.454,-2.796
-2.41,-0.964
-2.49,-1.596
-2.489,-0.613
-2.442,-2.672
-2.486,-3.498
3.096,-3.866
1.802,-4.154
1.788,-3.894
1.686,-3.829
1.112,-3.911
1.094,-4.059
0.968,-4.261
0.795,-4.267
0.685,-4.09
0.313,-3.861
0.162,-4.153
-0.045,-3.984
-0.056,-4.106
-0.182,-4.135
-0.259,-3.922
-0.501,-4.096
-0.617,-4.212
-0.668,-4.062
-1.396,-3.872
-1.783,-3.883
-1.867,-4.03
-2.012,-3.843
-2.062,-4.03
-2.14,-4.121
-2.174,-4.075
-2.109,-3.912
-2.493,-3.781
-2.566,-4.107
-2.835,0.446
-2.875,0.474
2.768,0.465
2.494,0.412
2.108,0.556
2.012,0.366
1.777,0.185
0.944,0.553
0.955,0.56
0.55,0.257
0.616,0.441
0.381,0.437
0.352,0.577
0.07,0.284
-0.652,0.422
-0.66,0.581
-1.156,0.428
-1.502,0.258
-1.761,0.351
-2.487,0.639
-2.496,0.317
-2.631,-0.09
-2.81,-3.542
1.873,-0.224
1.585,-2.413
-0.032,-0.197
-0.078,-2.983
-2.084,-0.974
3.068,-3.991
2.603,-4.089
-1.501,-3.83
-2.466,0.091
-2.501,-2.649
-2.691,-0.106
-2.614,-3.23
-2.649,-2.291
-2.867,-1.881
-2.857,-1.346
-2.912,-1.325
-3.04,0.054
-2.949,-0.917
-3.069,-0.255
3.116,-2.606
-3.034,-1.179
-3.122,-1.238
2.905,-1.118
3.038,-0.288
2.868,-1.774
2.918,-1.674
2.929,-2.165
2.78,-3.583
2.832,-2.916
2.794,-1.442
2.8,-1.743
2.591,-3.741
2.594,-3.602
2.565,-1.078
2.563,-1.958
2.642,-1.267
2.05,-2.719
1.891,-1.256
2.027,-1.439
2.001,-2.635
1.843,-3.648
1.78,-3.594
1.777,0.023
1.698,-2.563
1.634,-1.094
1.549,-3.49
1.495,-2.07
1.614,-1.655
1.403,-2.951
1.535,-1.082
1.476,-2.081
1.361,-0.961
1.306,-3.368
1.093,-3.339
1.061,-2.471
1.134,0.154
0.965,-2.547
1.048,-1.579
0.712,-1.069
0.559,-1.388
0.611,-3.814
0.606,-0.295
0.57,-1.758
0.421,-2.616
0.349,-3.683
0.322,-0.516
0.448,-0.756
0.367,-0.624
0.188,0.131
0.117,-0.4
0.219,-1.9
0.22,-2.552
0.096,-3.637
-0.002,-3.474
0.005,-1.97
-0.012,-2.673
-0.057,-1.111
-0.268,-2.259
-0.306,-1.557
-0.666,-3.078
-0.697,-3.547
-0.63,0.167
-0.634,-3.319
-0.942,-2.634
-1.098,-1.021
-1.175,-3.344
-1.286,-0.975
-1.174,-2.561
-1.183,-1.723
-1.302,-1.167
-1.538,-1.328
-1.565,-1.337
-1.728,-2.691
-1.765,-1.663
-1.996,-2.033
-2.039,-3.522
-2.131,-2.18
-2.253,-1.398
-2.308,-2.401
-2.242,-2.574
-2.39,-0.645
-2.335,-2.615
-2.536,-2.888
-2.713,-4.115
-2.754,-3.987
3.081,-3.955
2.511,-3.783
2.231,-4.054
2.105,-3.879
2.002,-3.91
1.481,-4.122
1.508,-4.003
1.476,-4.284
1.375,-4.15
1.355,-4.149
0.053,-3.965
-0.865,-4.149
-1.453,-3.893
-1.696,-4.276
-1.9,-3.997
-2.113,-4.12
-2.131,-3.948
-2.35,-3.853
-2.333,-4.011
-2.413,-3.984
-2.557,0.429
-2.781,0.373
-3.13,0.388
-3.038,0.477
2.913,0.329
2.801,0.436
2.76,0.464
2.67,0.116
1.704,0.253
1.418,0.402
1.376,0.505
1.186,0.2
0.778,0.346
0.89,0.218
0.33,0.501
-0.58,0.245
-1.113,0.373
-1.851,0.525
-1.972,0.18
-2.096,0.439
2.865,-0.706
2.742,-2.307
1.681,-0.647
-0.078,-1.669
-0.463,-2.337
-1.844,-2.326
2.946,-0.904
1.682,-1.598
1.181,-2.453
0.703,-1.602
-0.29,-1.598
-0.47,-1.602
-0.608,-0.866
-1.808,-0.186
-2.055,-0.885
0.259,-2.874
-1.747,-3.096
-2.521,-1.45
0.308,-4.097
-0.8,-3.533
-1.911,-3.496
-0.156,-4.263
-0.129,-3.647
-0.082,-2.993
-0.033,-1.235
-0.164,-1.987
-0.167,-2.5
-0.144,-0.4
-0.285,-0.368
-0.304,-1.725
-0.302,-3.21
-0.257,-2.252
-0.261,-1.935
-0.306,-2.714
-0.281,-3.788
-0.333,-0.376
-0.279,-0.363
-0.319,-1.925
-0.385,-1.807
-0.347,-0.965
-0.331,-1.208
-0.505,-1.924
-0.442,-2.309
-0.466,-3.808
-0.568,-2.897
-0.593,-1.265
-0.614,-0.312
-0.715,-3.576
-0.691,-1.991
-0.72,-3.4
-0.798,-2.94
-0.816,-3.926
-0.876,-2.345
-0.812,-0.665
-0.817,-0.403
-0.887,-2.018
-0.914,-3.154
-0.863,-3.856
-1.009,-1.631
-1.072,-0.118
-1.085,-3.789
-1.019,-0.989
-1.056,-0.889
-1.155,-3.54
-1.202,-1.926
-1.238,-0.753
-1.316,-2.809
-1.379,-1.44
-1.383,-1.152
-1.608,-1.581
-1.59,-2.853
-1.644,-3.045
-1.585,-0.856
-1.756,-3.866
-1.83,-2.706
-1.97,-3.34
-1.902,-1.985
-2.021,-2.898
-2.037,-2.795
-2.159,-1.386
-2.104,-0.092
-2.134,-3.057
-2.157,-2.454
-2.284,-1.339
-2.204,-3.783
-2.224,-0.835
-2.323,-2.586
-2.371,-1.398
-2.408,-2.897
-2.364,-1.065
-2.444,-1.697
-2.443,-0.714
-2.396,-2.773
-2.44,-3.599
-3.141,-3.967
1.848,-4.255
1.834,-3.995
1.732,-3.93
1.158,-4.012
1.14,-4.16
1.014,-4.362
0.841,-4.368
0.731,-4.191
0.359,-3.962
0.208,-4.254
0.001,-4.085
-0.01,-4.207
-0.136,-4.236
-0.213,-4.023
-0.455,-4.197
-0.571,-4.313
-0.622,-4.163
-1.35,-3.973
-1.737,-3.984
-1.821,-4.131
-1.966,-3.944
-2.016,-4.131
-2.094,-4.222
-2.128,-4.176
-2.063,-4.013
-2.447,-3.882
-2.52,-4.208
-2.789,0.345
-2.829,0.373
2.814,0.364
2.54,0.311
2.154,0.455
2.058,0.265
1.823,0.084
0.99,0.452
1.001,0.459
0.596,0.156
0.662,0.34
0.427,0.336
0.398,0.476
0.116,0.183
-0.606,0.321
-0.614,0.48
-1.11,0.327
-1.456,0.157
-1.715,0.25
-2.441,0.538
-2.45,0.216
-2.585,-0.191
-2.764,-3.643
1.919,-0.325
1.631,-2.514
0.014,-0.298
-0.032,-3.084
-2.038,-1.075
3.114,-4.092
2.649,-4.19
-1.455,-3.931
-2.42,-0.01
-2.455,-2.75
-2.645,-0.207
-2.568,-3.331
-2.603,-2.392
-2.821,-1.982
-2.811,-1.447
-2.866,-1.426
-2.994,-0.047
-2.903,-1.018
-3.023,-0.356
-3.121,-2.707
-2.988,-1.28
-3.076,-1.339
2.951,-1.219
3.084,-0.389
2.914,-1.875
2.964,-1.775
2.975,-2.266
2.826,-3.684
2.878,-3.017
2.84,-1.543
2.846,-1.844
2.637,-3.842
2.64,-3.703
2.611,-1.179
2.609,-2.059
2.688,-1.368
2.096,-2.82
1.937,-1.357
2.073,-1.54
2.047,-2.736
1.889,-3.749
1.826,-3.695
1.823,-0.078
1.744,-2.664
1.68,-1.195
1.595,-3.591
1.541,-2.171
1.66,-1.756
1.449,-3.052
1.581,-1.183
1.522,-2.182
1.407,-1.062
1.352,-3.469
1.139,-3.44
1.107,-2.572
1.18,0.053
1.011,-2.648
1.094,-1.68
0.758,-1.17
0.605,-1.489
0.657,-3.915
0.652,-0.396
0.616,-1.859
0.467,-2.717
0.395,-3.784
0.368,-0.617
0.494,-0.857
0.413,-0.725
0.234,0.03
0.163,-0.501
0.265,-2.001
0.266,-2.653
0.142,-3.738
0.044,-3.575
0.051,-2.071
0.034,-2.774
-0.011,-1.212
-0.222,-2.36
-0.26,-1.658
-0.62,-3.179
-0.651,-3.648
-0.584,0.066
-0.588,-3.42
-0.896,-2.735
-1.052,-1.122
-1.129,-3.445
-1.24,-1.076
-1.128,-2.662
-1.137,-1.824
-1.256,-1.268
-1.492,-1.429
-1.519,-1.438
-1.682,-2.792
-1.719,-1.764
-1.95,-2.134
-1.993,-3.623
-2.085,-2.281
-2.207,-1.499
-2.262,-2.502
-2.196,-2.675
-2.344,-0.746
-2.289,-2.716
-2.49,-2.989
-2.667,-4.216
-2.708,-4.088
3.127,-4.056
2.557,-3.884
2.277,-4.155
2.151,-3.98
2.048,-4.011
1.527,-4.223
1.554,-4.104
1.522,-4.385
1.421,-4.251
1.401,-4.25
0.099,-4.066
-0.819,-4.25
-1.407,-3.994
-1.65,-4.377
-1.854,-4.098
-2.067,-4.221
-2.085,-4.049
-2.304,-3.954
-2.287,-4.112
-2.367,-4.085
-2.511,0.328
-2.735,0.272
-3.084,0.287
-2.992,0.376
2.959,0.228
2.847,0.335
2.806,0.363
2.716,0.015
1.75,0.152
1.464,0.301
1.422,0.404
1.232,0.099
0.824,0.245
0.936,0.117
0.376,0.4
-0.534,0.144
-1.067,0.272
-1.805,0.424
-1.926,0.079
-2.05,0.338
2.911,-0.807
2.788,-2.408
1.727,-0.748
-0.032,-1.77
-0.417,-2.438
-1.798,-2.427
2.992,-1.005
1.728,-1.699
1.227,-2.554
0.749,-1.703
-0.244,-1.699
-0.424,-1.703
-0.562,-0.967
-1.762,-0.287
-2.009,-0.986
0.305,-2.975
-1.701,-3.197
-2.475,-1.551
0.354,-4.198
-0.754,-3.634
-1.865,-3.597
-0.11,-4.364
-0.083,-3.748
0.049,1.758
-0.082,1.006
-0.085,0.493
-0.062,2.593
-0.203,2.625
-0.222,1.268
-0.22,-0.217
-0.175,0.741
-0.179,1.058
-0.224,0.279
-0.199,-0.795
-0.251,2.617
-0.197,2.63
-0.237,1.068
-0.303,1.186
-0.265,2.028
-0.249,1.785
-0.423,1.069
-0.36,0.684
-0.384,-0.815
-0.486,0.096
-0.511,1.728
-0.532,2.681
-0.633,-0.583
-0.609,1.002
-0.638,-0.407
-0.716,0.053
-0.734,-0.933
-0.794,0.648
-0.73,2.328
-0.735,2.59
-0.805,0.975
-0.832,-0.161
-0.781,-0.863
-0.927,1.362
-0.99,2.875
-1.003,-0.796
-0.937,2.004
-0.974,2.104
-1.073,-0.547
-1.12,1.067
-1.156,2.24
-1.234,0.184
-1.297,1.553
-1.301,1.841
-1.526,1.412
-1.508,0.14
-1.562,-0.052
-1.503,2.137
-1.674,-0.873
-1.748,0.287
-1.888,-0.347
-1.82,1.008
-1.939,0.095
-1.955,0.198
-2.077,1.607
-2.022,2.901
-2.052,-0.064
-2.075,0.539
-2.202,1.654
-2.122,-0.79
-2.142,2.158
-2.241,0.407
-2.289,1.595
-2.326,0.096
-2.282,1.928
-2.362,1.296
-2.361,2.279
-2.314,0.22
-2.358,-0.606
-3.059,-0.974
1.93,-1.262
1.916,-1.002
1.814,-0.937
1.24,-1.019
1.222,-1.167
1.096,-1.369
0.923,-1.375
0.813,-1.198
0.441,-0.969
0.29,-1.261
0.083,-1.092
0.072,-1.214
-0.054,-1.243
-0.131,-1.03
-0.373,-1.204
-0.489,-1.32
-0.54,-1.17
-1.268,-0.98
-1.655,-0.991
-1.739,-1.138
-1.884,-0.951
-1.934,-1.138
-2.012,-1.229
-2.046,-1.183
-1.981,-1.02
-2.365,-0.889
-2.438,-1.215
-2.707,3.338
-2.747,3.366
2.896,3.357
2.622,3.304
2.236,3.448
2.14,3.258
1.905,3.077
1.072,3.445
1.083,3.452
0.678,3.149
0.744,3.333
0.509,3.329
0.48,3.469
0.198,3.176
-0.524,3.314
-0.532,3.473
-1.028,3.32
-1.374,3.15
-1.633,3.243
-2.359,3.531
-2.368,3.209
-2.503,2.802
-2.682,-0.65
2.001,2.668
1.713,0.479
0.096,2.695
0.05,-0.091
-1.956,1.918
-3.087,-1.099
2.731,-1.197
-1.373,-0.938
-2.338,2.983
-2.373,0.243
-2.563,2.786
-2.486,-0.338
-2.521,0.601
-2.739,1.011
-2.729,1.546
-2.784,1.567
-2.912,2.946
-2.821,1.975
-2.941,2.637
-3.039,0.286
-2.906,1.713
-2.994,1.654
3.033,1.774
-3.117,2.604
2.996,1.118
3.046,1.218
3.057,0.727
2.908,-0.691
2.96,-0.024
2.922,1.45
2.928,1.149
2.719,-0.849
2.722,-0.71
2.693,1.814
2.691,0.934
2.77,1.625
2.178,0.173
2.019,1.636
2.155,1.453
2.129,0.257
1.971,-0.756
1.908,-0.702
1.905,2.915
1.826,0.329
1.762,1.798
1.677,-0.598
1.623,0.822
1.742,1.237
1.531,-0.059
1.663,1.81
1.604,0.811
1.489,1.931
1.434,-0.476
1.221,-0.447
1.189,0.421
1.262,3.046
1.093,0.345
1.176,1.313
0.84,1.823
0.687,1.504
0.739,-0.922
0.734,2.597
0.698,1.134
0.549,0.276
0.477,-0.791
0.45,2.376
0.576,2.136
0.495,2.268
0.316,3.023
0.245,2.492
0.347,0.992
0.348,0.34
0.224,-0.745
0.126,-0.582
0.133,0.922
0.116,0.219
0.071,1.781
-0.14,0.633
-0.178,1.335
-0.538,-0.186
-0.569,-0.655
-0.502,3.059
-0.506,-0.427
-0.814,0.258
-0.97,1.871
-1.047,-0.452
-1.158,1.917
-1.046,0.331
-1.055,1.169
-1.174,1.725
-1.41,1.564
-1.437,1.555
-1.6,0.201
-1.637,1.229
-1.868,0.859
-1.911,-0.63
-2.003,0.712
-2.125,1.494
-2.18,0.491
-2.114,0.318
-2.262,2.247
-2.207,0.277
-2.408,0.004
-2.585,-1.223
-2.626,-1.095
-3.074,-1.063
2.639,-0.891
2.359,-1.162
2.233,-0.987
2.13,-1.018
1.609,-1.23
1.636,-1.111
1.604,-1.392
1.503,-1.258
1.483,-1.257
0.181,-1.073
-0.737,-1.257
-1.325,-1.001
-1.568,-1.384
-1.772,-1.105
-1.985,-1.228
-2.003,-1.056
-2.222,-0.961
-2.205,-1.119
-2.285,-1.092
-2.429,3.321
-2.653,3.265
-3.002,3.28
-2.91,3.369
3.041,3.221
2.929,3.328
2.888,3.356
2.798,3.008
1.832,3.145
1.546,3.294
1.504,3.397
1.314,3.092
0.906,3.238
1.018,3.11
0.458,3.393
-0.452,3.137
-0.985,3.265
-1.723,3.417
-1.844,3.072
-1.968,3.331
2.993,2.186
2.87,0.585
1.809,2.245
0.05,1.223
-0.335,0.555
-1.716,0.566
3.074,1.988
1.81,1.294
1.309,0.439
0.831,1.29
-0.162,1.294
-0.342,1.29
-0.48,2.026
-1.68,2.706
-1.927,2.007
0.387,0.018
-1.619,-0.204
-2.393,1.442
0.436,-1.205
-0.672,-0.641
-1.783,-0.604
-0.028,-1.371
-0.001,-0.755
-0.131,-0.752
-0.134,-1.265
-0.111,0.835
-0.252,0.867
-0.271,-0.49
-0.269,-1.975
-0.224,-1.017
-0.228,-0.7
-0.273,-1.479
-0.248,-2.553
-0.3,0.859
-0.246,0.872
-0.286,-0.69
-0.352,-0.572
-0.314,0.27
-0.298,0.027
-0.472,-0.689
-0.409,-1.074
-0.433,-2.573
-0.535,-1.662
-0.56,-0.03
-0.581,0.923
-0.682,-2.341
-0.658,-0.756
-0.687,-2.165
-0.765,-1.705
-0.783,-2.691
-0.843,-1.11
-0.779,0.57
-0.784,0.832
-0.854,-0.783
-0.881,-1.919
-0.83,-2.621
-0.976,-0.396
-1.039,1.117
-1.052,-2.554
-0.986,0.246
-1.023,0.346
-1.122,-2.305
-1.169,-0.691
-1.205,0.482
-1.283,-1.574
-1.346,-0.205
-1.35,0.083
-1.575,-0.346
-1.557,-1.618
-1.611,-1.81
-1.552,0.379
-1.723,-2.631
-1.797,-1.471
-1.937,-2.105
-1.869,-0.75
-1.988,-1.663
-2.004,-1.56
-2.126,-0.151
-2.071,1.143
-2.101,-1.822
-2.124,-1.219
-2.251,-0.104
-2.171,-2.548
-2.191,0.4
-2.29,-1.351
-2.338,-0.163
-2.375,-1.662
-2.331,0.17
-2.411,-0.462
-2.41,0.521
-2.363,-1.538
-2.407,-2.364
-3.108,-2.732
1.881,-3.02
1.867,-2.76
1.765,-2.695
1.191,-2.777
1.173,-2.925
1.047,-3.127
0.874,-3.133
0.764,-2.956
0.392,-2.727
0.241,-3.019
0.034,-2.85
0.023,-2.972
-0.103,-3.001
-0.18,-2.788
-0.422,-2.962
-0.538,-3.078
-0.589,-2.928
-1.317,-2.738
-1.704,-2.749
-1.788,-2.896
-1.933,-2.709
-1.983,-2.896
-2.061,-2.987
-2.095,-2.941
-2.03,-2.778
-2.414,-2.647
-2.487,-2.973
-2.756,1.58
-2.796,1.608
2.847,1.599
2.573,1.546
2.187,1.69
2.091,1.5
1.856,1.319
1.023,1.687
1.034,1.694
0.629,1.391
0.695,1.575
0.46,1.571
0.431,1.711
0.149,1.418
-0.573,1.556
-0.581,1.715
-1.077,1.562
-1.423,1.392
-1.682,1.485
-2.408,1.773
-2.417,1.451
-2.552,1.044
-2.731,-2.408
1.952,0.91
1.664,-1.279
0.047,0.937
0.001,-1.849
-2.005,0.16
-3.136,-2.857
2.682,-2.955
-1.422,-2.696
-2.387,1.225
-2.422,-1.515
-2.612,1.028
-2.535,-2.096
-2.57,-1.157
-2.788,-0.747
-2.778,-0.212
-2.833,-0.191
-2.961,1.188
-2.87,0.217
-2.99,0.879
-3.088,-1.472
-2.955,-0.045
-3.043,-0.104
2.984,0.016
3.117,0.846
2.947,-0.64
2.997,-0.54
3.008,-1.031
2.859,-2.449
2.911,-1.782
2.873,-0.308
2.879,-0.609
2.67,-2.607
2.673,-2.468
2.644,0.056
2.642,-0.824
2.721,-0.133
2.129,-1.585
1.97,-0.122
2.106,-0.305
2.08,-1.501
1.922,-2.514
1.859,-2.46
1.856,1.157
1.777,-1.429
1.713,0.04
1.628,-2.356
1.574,-0.936
1.693,-0.521
1.482,-1.817
1.614,0.052
1.555,-0.947
1.44,0.173
1.385,-2.234
1.172,-2.205
1.14,-1.337
1.213,1.288
1.044,-1.413
1.127,-0.445
0.791,0.065
0.638,-0.254
0.69,-2.68
0.685,0.839
0.649,-0.624
0.5,-1.482
0.428,-2.549
0.401,0.618
0.527,0.378
0.446,0.51
0.267,1.265
0.196,0.734
0.298,-0.766
0.299,-1.418
0.175,-2.503
0.077,-2.34
0.084,-0.836
0.067,-1.539
0.022,0.023
-0.189,-1.125
-0.227,-0.423
-0.587,-1.944
-0.618,-2.413
-0.551,1.301
-0.555,-2.185
-0.863,-1.5
-1.019,0.113
-1.096,-2.21
-1.207,0.159
-1.095,-1.427
-1.104,-0.589
-1.223,-0.033
-1.459,-0.194
-1.486,-0.203
-1.649,-1.557
-1.686,-0.529
-1.917,-0.899
-1.96,-2.388
-2.052,-1.046
-2.174,-0.264
-2.229,-1.267
-2.163,-1.44
-2.311,0.489
-2.256,-1.481
-2.457,-1.754
-2.634,-2.981
-2.675,-2.853
-3.123,-2.821
2.59,-2.649
2.31,-2.92
2.184,-2.745
2.081,-2.776
1.56,-2.988
1.587,-2.869
1.555,-3.15
1.454,-3.016
1.434,-3.015
0.132,-2.831
-0.786,-3.015
-1.374,-2.759
-1.617,-3.142
-1.821,-2.863
-2.034,-2.986
-2.052,-2.814
-2.271,-2.719
-2.254,-2.877
-2.334,-2.85
-2.478,1.563
-2.702,1.507
-3.051,1.522
-2.959,1.611
2.992,1.463
2.88,1.57
2.839,1.598
2.749,1.25
1.783,1.387
1.497,1.536
1.455,1.639
1.265,1.334
0.857,1.48
0.969,1.352
0.409,1.635
-0.501,1.379
-1.034,1.507
-1.772,1.659
-1.893,1.314
-2.017,1.573
2.944,0.428
2.821,-1.173
1.76,0.487
0.001,-0.535
-0.384,-1.203
-1.765,-1.192
3.025,0.23
1.761,-0.464
1.26,-1.319
0.782,-0.468
-0.211,-0.464
-0.391,-0.468
-0.529,0.268
-1.729,0.948
-1.976,0.249
0.338,-1.74
-1.668,-1.962
-2.442,-0.316
0.387,-2.963
-0.721,-2.399
-1.832,-2.362
-0.077,-3.129
-0.05,-2.513
-0.003,-0.513
0.02,1.587
-0.121,1.619
-0.14,0.262
-0.138,-1.223
-0.093,-0.265
-0.097,0.052
-0.142,-0.727
-0.117,-1.801
-0.169,1.611
-0.115,1.624
-0.155,0.062
-0.221,0.18
-0.183,1.022
-0.167,0.779
-0.341,0.063
-0.278,-0.322
-0.302,-1.821
-0.404,-0.91
-0.429,0.722
-0.45,1.675
-0.551,-1.589
-0.527,-0.004
-0.556,-1.413
-0.634,-0.953
-0.652,-1.939
-0.712,-0.358
-0.648,1.322
-0.653,1.584
-0.723,-0.031
-0.75,-1.167
-0.699,-1.869
-0.845,0.356
-0.908,1.869
-0.921,-1.802
-0.855,0.998
-0.892,1.098
-0.991,-1.553
-1.038,0.061
-1.074,1.234
-1.152,-0.822
-1.215,0.547
-1.219,0.835
-1.444,0.406
-1.426,-0.866
-1.48,-1.058
-1.421,1.131
-1.592,-1.879
-1.666,-0.719
-1.806,-1.353
-1.738,0.002
-1.857,-0.911
-1.873,-0.808
-1.995,0.601
-1.94,1.895
-1.97,-1.07
-1.993,-0.467
-2.12,0.648
-2.04,-1.796
-2.06,1.152
-2.159,-0.599
-2.207,0.589
-2.244,-0.91
-2.2,0.922
-2.28,0.29
-2.279,1.273
-2.232,-0.786
-2.276,-1.612
-2.977,-1.98
2.012,-2.268
1.998,-2.008
1.896,-1.943
1.322,-2.025
1.304,-2.173
1.178,-2.375
1.005,-2.381
0.895,-2.204
0.523,-1.975
0.372,-2.267
0.165,-2.098
0.154,-2.22
0.028,-2.249
-0.049,-2.036
-0.291,-2.21
-0.407,-2.326
-0.458,-2.176
-1.186,-1.986
-1.573,-1.997
-1.657,-2.144
-1.802,-1.957
-1.852,-2.144
-1.93,-2.235
-1.964,-2.189
-1.899,-2.026
-2.283,-1.895
-2.356,-2.221
-2.625,2.332
-2.665,2.36
2.978,2.351
2.704,2.298
2.318,2.442
2.222,2.252
1.987,2.071
1.154,2.439
1.165,2.446
0.76,2.143
0.826,2.327
0.591,2.323
0.562,2.463
0.28,2.17
-0.442,2.308
-0.45,2.467
-0.946,2.314
-1.292,2.144
-1.551,2.237
-2.277,2.525
-2.286,2.203
-2.421,1.796
-2.6,-1.656
2.083,1.662
1.795,-0.527
0.178,1.689
0.132,-1.097
-1.874,0.912
-3.005,-2.105
2.813,-2.203
-1.291,-1.944
-2.256,1.977
-2.291,-0.763
-2.481,1.78
-2.404,-1.344
-2.439,-0.405
-2.657,0.005
-2.647,0.54
-2.702,0.561
-2.83,1.94
-2.739,0.969
-2.859,1.631
-2.957,-0.72
-2.824,0.707
-2.912,0.648
3.115,0.768
-3.035,1.598
3.078,0.112
3.128,0.212
3.139,-0.279
2.99,-1.697
3.042,-1.03
3.004,0.444
3.01,0.143
2.801,-1.855
2.804,-1.716
2.775,0.808
2.773,-0.072
2.852,0.619
2.26,-0.833
2.101,0.63
2.237,0.447
2.211,-0.749
2.053,-1.762
1.99,-1.708
1.987,1.909
1.908,-0.677
1.844,0.792
1.759,-1.604
1.705,-0.184
1.824,0.231
1.613,-1.065
1.745,0.804
1.686,-0.195
1.571,0.925
1.516,-1.482
1.303,-1.453
1.271,-0.585
1.344,2.04
1.175,-0.661
1.258,0.307
0.922,0.817
0.769,0.498
0.821,-1.928
0.816,1.591
0.78,0.128
0.631,-0.73
0.559,-1.797
0.532,1.37
0.658,1.13
0.577,1.262
0.398,2.017
0.327,1.486
0.429,-0.014
0.43,-0.666
0.306,-1.751
0.208,-1.588
0.215,-0.084
0.198,-0.787
0.153,0.775
-0.058,-0.373
-0.096,0.329
-0.456,-1.192
-0.487,-1.661
-0.42,2.053
-0.424,-1.433
-0.732,-0.748
-0.888,0.865
-0.965,-1.458
-1.076,0.911
-0.964,-0.675
-0.973,0.163
-1.092,0.719
-1.328,0.558
-1.355,0.549
-1.518,-0.805
-1.555,0.223
-1.786,-0.147
-1.829,-1.636
-1.921,-0.294
-2.043,0.488
-2.098,-0.515
-2.032,-0.688
-2.18,1.241
-2.125,-0.729
-2.326,-1.002
-2.503,-2.229
-2.544,-2.101
-2.992,-2.069
2.721,-1.897
2.441,-2.168
2.315,-1.993
2.212,-2.024
1.691,-2.236
1.718,-2.117
1.686,-2.398
1.585,-2.264
1.565,-2.263
0.263,-2.079
-0.655,-2.263
-1.243,-2.007
-1.486,-2.39
-1.69,-2.111
-1.903,-2.234
-1.921,-2.062
-2.14,-1.967
-2.123,-2.125
-2.203,-2.098
-2.347,2.315
-2.571,2.259
-2.92,2.274
-2.828,2.363
3.123,2.215
3.011,2.322
2.97,2.35
2.88,2.002
1.914,2.139
1.628,2.288
1.586,2.391
1.396,2.086
0.988,2.232
1.1,2.104
0.54,2.387
-0.37,2.131
-0.903,2.259
-1.641,2.411
-1.762,2.066
-1.886,2.325
3.075,1.18
2.952,-0.421
1.891,1.239
0.132,0.217
-0.253,-0.451
-1.634,-0.44
-3.127,0.982
1.892,0.288
1.391,-0.567
0.913,0.284
-0.08,0.288
-0.26,0.284
-0.398,1.02
-1.598,1.7
-1.845,1.001
0.469,-0.988
-1.537,-1.21
-2.311,0.436
0.518,-2.211
-0.59,-1.647
-1.701,-1.61
0.054,-2.377
0.081,-1.761
0.023,2.1
-0.118,2.132
-0.137,0.775
-0.135,-0.71
-0.09,0.248
-0.094,0.565
-0.139,-0.214
-0.114,-1.288
-0.166,2.124
-0.112,2.137
-0.152,0.575
-0.218,0.693
-0.18,1.535
-0.164,1.292
-0.338,0.576
-0.275,0.191
-0.299,-1.308
-0.401,-0.397
-0.426,1.235
-0.447,2.188
-0.548,-1.076
-0.524,0.509
-0.553,-0.9
-0.631,-0.44
-0.649,-1.426
-0.709,0.155
-0.645,1.835
-0.65,2.097
-0.72,0.482
-0.747,-0.654
-0.696,-1.356
-0.842,0.869
-0.905,2.382
-0.918,-1.289
-0.852,1.511
-0.889,1.611
-0.988,-1.04
-1.035,0.574
-1.071,1.747
-1.149,-0.309
-1.212,1.06
-1.216,1.348
-1.441,0.919
-1.423,-0.353
-1.477,-0.545
-1.418,1.644
-1.589,-1.366
-1.663,-0.206
-1.803,-0.84
-1.735,0.515
-1.854,-0.398
-1.87,-0.295
-1.992,1.114
-1.937,2.408
-1.967,-0.557
-1.99,0.046
-2.117,1.161
-2.037,-1.283
-2.057,1.665
-2.156,-0.086
-2.204,1.102
-2.241,-0.397
-2.197,1.435
-2.277,0.803
-2.276,1.786
-2.229,-0.273
-2.273,-1.099
-2.974,-1.467
2.015,-1.755
2.001,-1.495
1.899,-1.43
1.325,-1.512
1.307,-1.66
1.181,-1.862
1.008,-1.868
0.898,-1.691
0.526,-1.462
0.375,-1.754
0.168,-1.585
0.157,-1.707
0.031,-1.736
-0.046,-1.523
-0.288,-1.697
-0.404,-1.813
-0.455,-1.663
-1.183,-1.473
-1.57,-1.484
-1.654,-1.631
-1.799,-1.444
-1.849,-1.631
-1.927,-1.722
-1.961,-1.676
-1.896,-1.513
-2.28,-1.382
-2.353,-1.708
-2.622,2.845
-2.662,2.873
2.981,2.864
2.707,2.811
2.321,2.955
2.225,2.765
1.99,2.584
1.157,2.952
1.168,2.959
0.763,2.656
0.829,2.84
0.594,2.836
0.565,2.976
0.283,2.683
-0.439,2.821
-0.447,2.98
-0.943,2.827
-1.289,2.657
-1.548,2.75
-2.274,3.038
-2.283,2.716
-2.418,2.309
-2.597,-1.143
2.086,2.175
1.798,-0.014
0.181,2.202
0.135,-0.584
-1.871,1.425
-3.002,-1.592
2.816,-1.69
-1.288,-1.431
-2.253,2.49
-2.288,-0.25
-2.478,2.293
-2.401,-0.831
-2.436,0.108
-2.654,0.518
-2.644,1.053
-2.699,1.074
-2.827,2.453
-2.736,1.482
-2.856,2.144
-2.954,-0.207
-2.821,1.22
-2.909,1.161
3.118,1.281
-3.032,2.111
3.081,0.625
3.131,0.725
-3.141,0.234
2.993,-1.184
3.045,-0.517
3.007,0.957
3.013,0.656
2.804,-1.342
2.807,-1.203
2.778,1.321
2.776,0.441
2.855,1.132
2.263,-0.32
2.104,1.143
2.24,0.96
2.214,-0.236
2.056,-1.249
1.993,-1.195
1.99,2.422
1.911,-0.164
1.847,1.305
1.762,-1.091
1.708,0.329
1.827,0.744
1.616,-0.552
1.748,1.317
1.689,0.318
1.574,1.438
1.519,-0.969
1.306,-0.94
1.274,-0.072
1.347,2.553
1.178,-0.148
1.261,0.82
0.925,1.33
0.772,1.011
0.824,-1.415
0.819,2.104
0.783,0.641
0.634,-0.217
0.562,-1.284
0.535,1.883
0.661,1.643
0.58,1.775
0.401,2.53
0.33,1.999
0.432,0.499
0.433,-0.153
0.309,-1.238
0.211,-1.075
0.218,0.429
0.201,-0.274
0.156,1.288
-0.055,0.14
-0.093,0.842
-0.453,-0.679
-0.484,-1.148
-0.417,2.566
-0.421,-0.92
-0.729,-0.235
-0.885,1.378
-0.962,-0.945
-1.073,1.424
-0.961,-0.162
-0.97,0.676
-1.089,1.232
-1.325,1.071
-1.352,1.062
-1.515,-0.292
-1.552,0.736
-1.783,0.366
-1.826,-1.123
-1.918,0.219
-2.04,1.001
-2.095,-0.002
-2.029,-0.175
-2.177,1.754
-2.122,-0.216
-2.323,-0.489
-2.5,-1.716
-2.541,-1.588
-2.989,-1.556
2.724,-1.384
2.444,-1.655
2.318,-1.48
2.215,-1.511
1.694,-1.723
1.721,-1.604
1.689,-1.885
1.588,-1.751
1.568,-1.75
0.266,-1.566
-0.652,-1.75
-1.24,-1.494
-1.483,-1.877
-1.687,-1.598
-1.9,-1.721
-1.918,-1.549
-2.137,-1.454
-2.12,-1.612
-2.2,-1.585
-2.344,2.828
-2.568,2.772
-2.917,2.787
-2.825,2.876
3.126,2.728
3.014,2.835
2.973,2.863
2.883,2.515
1.917,2.652
1.631,2.801
1.589,2.904
1.399,2.599
0.991,2.745
1.103,2.617
0.543,2.9
-0.367,2.644
-0.9,2.772
-1.638,2.924
-1.759,2.579
-1.883,2.838
3.078,1.693
2.955,0.092
1.894,1.752
0.135,0.73
-0.25,0.062
-1.631,0.073
-3.124,1.495
1.895,0.801
1.394,-0.054
0.916,0.797
-0.077,0.801
-0.257,0.797
-0.395,1.533
-1.595,2.213
-1.842,1.514
0.472,-0.475
-1.534,-0.697
-2.308,0.949
0.521,-1.698
-0.587,-1.134
-1.698,-1.097
0.057,-1.864
0.084,-1.248
-0.141,0.032
-0.16,-1.325
-0.158,-2.81
-0.113,-1.852
-0.117,-1.535
-0.162,-2.314
-0.137,-3.388
-0.189,0.024
-0.135,0.037
-0.175,-1.525
-0.241,-1.407
-0.203,-0.565
-0.187,-0.808
-0.361,-1.524
-0.298,-1.909
-0.322,-3.408
-0.424,-2.497
-0.449,-0.865
-0.47,0.088
-0.571,-3.176
-0.547,-1.591
-0.576,-3.0
-0.654,-2.54
-0.672,-3.526
-0.732,-1.945
-0.668,-0.265
-0.673,-0.003
-0.743,-1.618
-0.77,-2.754
-0.719,-3.456
-0.865,-1.231
-0.928,0.282
-0.941,-3.389
-0.875,-0.589
-0.912,-0.489
-1.011,-3.14
-1.058,-1.526
-1.094,-0.353
-1.172,-2.409
-1.235,-1.04
-1.239,-0.752
-1.464,-1.181
-1.446,-2.453
-1.5,-2.645
-1.441,-0.456
-1.612,-3.466
-1.686,-2.306
-1.826,-2.94
-1.758,-1.585
-1.877,-2.498
-1.893,-2.395
-2.015,-0.986
-1.96,0.308
-1.99,-2.657
-2.013,-2.054
-2.14,-0.939
-2.06,-3.383
-2.08,-0.435
-2.179,-2.186
-2.227,-0.998
-2.264,-2.497
-2.22,-0.665
-2.3,-1.297
-2.299,-0.314
-2.252,-2.373
-2.296,-3.199
-2.997,-3.567
1.992,-3.855
1.978,-3.595
1.876,-3.53
1.302,-3.612
1.284,-3.76
1.158,-3.962
0.985,-3.968
0.875,-3.791
0.503,-3.562
0.352,-3.854
0.145,-3.685
0.134,-3.807
0.008,-3.836
-0.069,-3.623
-0.311,-3.797
-0.427,-3.913
-0.478,-3.763
-1.206,-3.573
-1.593,-3.584
-1.677,-3.731
-1.822,-3.544
-1.872,-3.731
-1.95,-3.822
-1.984,-3.776
-1.919,-3.613
-2.303,-3.482
-2.376,-3.808
-2.645,0.745
-2.685,0.773
2.958,0.764
2.684,0.711
2.298,0.855
2.202,0.665
1.967,0.484
1.134,0.852
1.145,0.859
0.74,0.556
0.806,0.74
0.571,0.736
0.542,0.876
0.26,0.583
-0.462,0.721
-0.47,0.88
-0.966,0.727
-1.312,0.557
-1.571,0.65
-2.297,0.938
-2.306,0.616
-2.441,0.209
-2.62,-3.243
2.063,0.075
1.775,-2.114
0.158,0.102
0.112,-2.684
-1.894,-0.675
-3.025,-3.692
2.793,-3.79
-1.311,-3.531
-2.276,0.39
-2.311,-2.35
-2.501,0.193
-2.424,-2.931
-2.459,-1.992
-2.677,-1.582
-2.667,-1.047
-2.722,-1.026
-2.85,0.353
-2.759,-0.618
-2.879,0.044
-2.977,-2.307
-2.844,-0.88
-2.932,-0.939
3.095,-0.819
-3.055,0.011
3.058,-1.475
3.108,-1.375
3.119,-1.866
2.97,-3.284
3.022,-2.617
2.984,-1.143
2.99,-1.444
2.781,-3.442
2.784,-3.303
2.755,-0.779
2.753,-1.659
2.832,-0.968
2.24,-2.42
2.081,-0.957
2.217,-1.14
2.191,-2.336
2.033,-3.349
1.97,-3.295
1.967,0.322
1.888,-2.264
1.824,-0.795
1.739,-3.191
1.685,-1.771
1.804,-1.356
1.593,-2.652
1.725,-0.783
1.666,-1.782
1.551,-0.662
1.496,-3.069
1.283,-3.04
1.251,-2.172
1.324,0.453
1.155,-2.248
1.238,-1.28
0.902,-0.77
0.749,-1.089
0.801,-3.515
0.796,0.004
0.76,-1.459
0.611,-2.317
0.539,-3.384
0.512,-0.217
0.638,-0.457
0.557,-0.325
0.378,0.43
0.307,-0.101
0.409,-1.601
0.41,-2.253
0.286,-3.338
0.188,-3.175
0.195,-1.671
0.178,-2.374
0.133,-0.812
-0.078,-1.96
-0.116,-1.258
-0.476,-2.779
-0.507,-3.248
-0.44,0.466
-0.444,-3.02
-0.752,-2.335
-0.908,-0.722
-0.985,-3.045
-1.096,-0.676
-0.984,-2.262
-0.993,-1.424
-1.112,-0.868
-1.348,-1.029
-1.375,-1.038
-1.538,-2.392
-1.575,-1.364
-1.806,-1.734
-1.849,-3.223
-1.941,-1.881
-2.063,-1.099
-2.118,-2.102
-2.052,-2.275
-2.2,-0.346
-2.145,-2.316
-2.346,-2.589
-2.523,-3.816
-2.564,-3.688
-3.012,-3.656
2.701,-3.484
2.421,-3.755
2.295,-3.58
2.192,-3.611
1.671,-3.823
1.698,-3.704
1.666,-3.985
1.565,-3.851
1.545,-3.85
0.243,-3.666
-0.675,-3.85
-1.263,-3.594
-1.506,-3.977
-1.71,-3.698
-1.923,-3.821
-1.941,-3.649
-2.16,-3.554
-2.143,-3.712
-2.223,-3.685
-2.367,0.728
-2.591,0.672
-2.94,0.687
-2.848,0.776
3.103,0.628
2.991,0.735
2.95,0.763
2.86,0.415
1.894,0.552
1.608,0.701
1.566,0.804
1.376,0.499
0.968,0.645
1.08,0.517
0.52,0.8
-0.39,0.544
-0.923,0.672
-1.661,0.824
-1.782,0.479
-1.906,0.738
3.055,-0.407
2.932,-2.008
1.871,-0.348
0.112,-1.37
-0.273,-2.038
-1.654,-2.027
3.136,-0.605
1.872,-1.299
1.371,-2.154
0.893,-1.303
-0.1,-1.299
-0.28,-1.303
-0.418,-0.567
-1.618,0.113
-1.865,-0.586
0.449,-2.575
-1.557,-2.797
-2.331,-1.151
0.498,-3.798
-0.61,-3.234
-1.721,-3.197
0.034,-3.964
0.061,-3.348
-0.019,-1.357
-0.017,-2.842
0.028,-1.884
0.024,-1.567
-0.021,-2.346
0.004,-3.42
-0.048,-0.008
0.006,0.005
-0.034,-1.557
-0.1,-1.439
-0.062,-0.597
-0.046,-0.84
-0.22,-1.556
-0.157,-1.941
-0.181,-3.44
-0.283,-2.529
-0.308,-0.897
-0.329,0.056
-0.43,-3.208
-0.406,-1.623
-0.435,-3.032
-0.513,-2.572
-0.531,-3.558
-0.591,-1.977
-0.527,-0.297
-0.532,-0.035
-0.602,-1.65
-0.629,-2.786
-0.578,-3.488
-0.724,-1.263
-0.787,0.25
-0.8,-3.421
-0.734,-0.621
-0.771,-0.521
-0.87,-3.172
-0.917,-1.558
-0.953,-0.385
-1.031,-2.441
-1.094,-1.072
-1.098,-0.784
-1.323,-1.213
-1.305,-2.485
-1.359,-2.677
-1.3,-0.488
-1.471,-3.498
-1.545,-2.338
-1.685,-2.972
-1.617,-1.617
-1.736,-2.53
-1.752,-2.427
-1.874,-1.018
-1.819,0.276
-1.849,-2.689
-1.872,-2.086
-1.999,-0.971
-1.919,-3.415
-1.939,-0.467
-2.038,-2.218
-2.086,-1.03
-2.123,-2.529
-2.079,-0.697
-2.159,-1.329
-2.158,-0.346
-2.111,-2.405
-2.155,-3.231
-2.856,-3.599
2.133,-3.887
2.119,-3.627
2.017,-3.562
1.443,-3.644
1.425,-3.792
1.299,-3.994
1.126,-4.0
1.016,-3.823
0.644,-3.594
0.493,-3.886
0.286,-3.717
0.275,-3.839
0.149,-3.868
0.072,-3.655
-0.17,-3.829
-0.286,-3.945
-0.337,-3.795
-1.065,-3.605
-1.452,-3.616
-1.536,-3.763
-1.681,-3.576
-1.731,-3.763
-1.809,-3.854
-1.843,-3.808
-1.778,-3.645
-2.162,-3.514
-2.235,-3.84
-2.504,0.713
-2.544,0.741
3.099,0.732
2.825,0.679
2.439,0.823
2.343,0.633
2.108,0.452
1.275,0.82
1.286,0.827
0.881,0.524
0.947,0.708
0.712,0.704
0.683,0.844
0.401,0.551
-0.321,0.689
-0.329,0.848
-0.825,0.695
-1.171,0.525
-1.43,0.618
-2.156,0.906
-2.165,0.584
-2.3,0.177
-2.479,-3.275
2.204,0.043
1.916,-2.146
0.299,0.07
0.253,-2.716
-1.753,-0.707
-2.884,-3.724
2.934,-3.822
-1.17,-3.563
-2.135,0.358
-2.17,-2.382
-2.36,0.161
-2.283,-2.963
-2.318,-2.024
-2.536,-1.614
-2.526,-1.079
-2.581,-1.058
-2.709,0.321
-2.618,-0.65
-2.738,0.012
-2.836,-2.339
-2.703,-0.912
-2.791,-0.971
-3.047,-0.851
-2.914,-0.021
-3.084,-1.507
-3.034,-1.407
-3.023,-1.898
3.111,-3.316
-3.12,-2.649
3.125,-1.175
3.131,-1.476
2.922,-3.474
2.925,-3.335
2.896,-0.811
2.894,-1.691
2.973,-1.0
2.381,-2.452
2.222,-0.989
2.358,-1.172
2.332,-2.368
2.174,-3.381
2.111,-3.327
2.108,0.29
2.029,-2.296
1.965,-0.827
1.88,-3.223
1.826,-1.803
1.945,-1.388
1.734,-2.684
1.866,-0.815
1.807,-1.814
1.692,-0.694
1.637,-3.101
1.424,-3.072
1.392,-2.204
1.465,0.421
1.296,-2.28
1.379,-1.312
1.043,-0.802
0.89,-1.121
0.942,-3.547
0.937,-0.028
0.901,-1.491
0.752,-2.349
0.68,-3.416
0.653,-0.249
0.779,-0.489
0.698,-0.357
0.519,0.398
0.448,-0.133
0.55,-1.633
0.551,-2.285
0.427,-3.37
0.329,-3.207
0.336,-1.703
0.319,-2.406
0.274,-0.844
0.063,-1.992
0.025,-1.29
-0.335,-2.811
-0.366,-3.28
-0.299,0.434
-0.303,-3.052
-0.611,-2.367
-0.767,-0.754
-0.844,-3.077
-0.955,-0.708
-0.843,-2.294
-0.852,-1.456
-0.971,-0.9
-1.207,-1.061
-1.234,-1.07
-1.397,-2.424
-1.434,-1.396
-1.665,-1.766
-1.708,-3.255
-1.8,-1.913
-1.922,-1.131
-1.977,-2.134
-1.911,-2.307
-2.059,-0.378
-2.004,-2.348
-2.205,-2.621
-2.382,-3.848
-2.423,-3.72
-2.871,-3.688
2.842,-3.516
2.562,-3.787
2.436,-3.612
2.333,-3.643
1.812,-3.855
1.839,-3.736
1.807,-4.017
1.706,-3.883
1.686,-3.882
0.384,-3.698
-0.534,-3.882
-1.122,-3.626
-1.365,-4.009
-1.569,-3.73
-1.782,-3.853
-1.8,-3.681
-2.019,-3.586
-2.002,-3.744
-2.082,-3.717
-2.226,0.696
-2.45,0.64
-2.799,0.655
-2.707,0.744
-3.039,0.596
3.132,0.703
3.091,0.731
3.001,0.383
2.035,0.52
1.749,0.669
1.707,0.772
1.517,0.467
1.109,0.613
1.221,0.485
0.661,0.768
-0.249,0.512
-0.782,0.64
-1.52,0.792
-1.641,0.447
-1.765,0.706
-3.087,-0.439
3.073,-2.04
2.012,-0.38
0.253,-1.402
-0.132,-2.07
-1.513,-2.059
-3.006,-0.637
2.013,-1.331
1.512,-2.186
1.034,-1.335
0.041,-1.331
-0.139,-1.335
-0.277,-0.599
-1.477,0.081
-1.724,-0.618
0.59,-2.607
-1.416,-2.829
-2.19,-1.183
0.639,-3.83
-0.469,-3.266
-1.58,-3.229
0.175,-3.996
0.202,-3.38
0.002,-1.485
0.047,-0.527
0.043,-0.21
-0.002,-0.989
0.023,-2.063
-0.029,1.349
0.025,1.362
-0.015,-0.2
-0.081,-0.082
-0.043,0.76
-0.027,0.517
-0.201,-0.199
-0.138,-0.584
-0.162,-2.083
-0.264,-1.172
-0.289,0.46
-0.31,1.413
-0.411,-1.851
-0.387,-0.266
-0.416,-1.675
-0.494,-1.215
-0.512,-2.201
-0.572,-0.62
-0.508,1.06
-0.513,1.322
-0.583,-0.293
-0.61,-1.429
-0.559,-2.131
-0.705,0.094
-0.768,1.607
-0.781,-2.064
-0.715,0.736
-0.752,0.836
-0.851,-1.815
-0.898,-0.201
-0.934,0.972
-1.012,-1.084
-1.075,0.285
-1.079,0.573
-1.304,0.144
-1.286,-1.128
-1.34,-1.32
-1.281,0.869
-1.452,-2.141
-1.526,-0.981
-1.666,-1.615
-1.598,-0.26
-1.717,-1.173
-1.733,-1.07
-1.855,0.339
-1.8,1.633
-1.83,-1.332
-1.853,-0.729
-1.98,0.386
-1.9,-2.058
-1.92,0.89
-2.019,-0.861
-2.067,0.327
-2.104,-1.172
-2.06,0.66
-2.14,0.028
-2.139,1.011
-2.092,-1.048
-2.136,-1.874
-2.837,-2.242
2.152,-2.53
2.138,-2.27
2.036,-2.205
1.462,-2.287
1.444,-2.435
1.318,-2.637
1.145,-2.643
1.035,-2.466
0.663,-2.237
0.512,-2.529
0.305,-2.36
0.294,-2.482
0.168,-2.511
0.091,-2.298
-0.151,-2.472
-0.267,-2.588
-0.318,-2.438
-1.046,-2.248
-1.433,-2.259
-1.517,-2.406
-1.662,-2.219
-1.712,-2.406
-1.79,-2.497
-1.824,-2.451
-1.759,-2.288
-2.143,-2.157
-2.216,-2.483
-2.485,2.07
-2.525,2.098
3.118,2.089
2.844,2.036
2.458,2.18
2.362,1.99
2.127,1.809
1.294,2.177
1.305,2.184
0.9,1.881
0.966,2.065
0.731,2.061
0.702,2.201
0.42,1.908
-0.302,2.046
-0.31,2.205
-0.806,2.052
-1.152,1.882
-1.411,1.975
-2.137,2.263
-2.146,1.941
-2.281,1.534
-2.46,-1.918
2.223,1.4
1.935,-0.789
0.318,1.427
0.272,-1.359
-1.734,0.65
-2.865,-2.367
2.953,-2.465
-1.151,-2.206
-2.116,1.715
-2.151,-1.025
-2.341,1.518
-2.264,-1.606
-2.299,-0.667
-2.517,-0.257
-2.507,0.278
-2.562,0.299
-2.69,1.678
-2.599,0.707
-2.719,1.369
-2.817,-0.982
-2.684,0.445
-2.772,0.386
-3.028,0.506
-2.895,1.336
-3.065,-0.15
-3.015,-0.05
-3.004,-0.541
3.13,-1.959
-3.101,-1.292
-3.139,0.182
-3.133,-0.119
2.941,-2.117
2.944,-1.978
2.915,0.546
2.913,-0.334
2.992,0.357
2.4,-1.095
2.241,0.368
2.377,0.185
2.351,-1.011
2.193,-2.024
2.13,-1.97
2.127,1.647
2.048,-0.939
1.984,0.53
1.899,-1.866
1.845,-0.446
1.964,-0.031
1.753,-1.327
1.885,0.542
1.826,-0.457
1.711,0.663
1.656,-1.744
1.443,-1.715
1.411,-0.847
1.484,1.778
1.315,-0.923
1.398,0.045
1.062,0.555
0.909,0.236
0.961,-2.19
0.956,1.329
0.92,-0.134
0.771,-0.992
0.699,-2.059
0.672,1.108
0.798,0.868
0.717,1.0
0.538,1.755
0.467,1.224
0.569,-0.276
0.57,-0.928
0.446,-2.013
0.348,-1.85
0.355,-0.346
0.338,-1.049
0.293,0.513
0.082,-0.635
0.044,0.067
-0.316,-1.454
-0.347,-1.923
-0.28,1.791
-0.284,-1.695
-0.592,-1.01
-0.748,0.603
-0.825,-1.72
-0.936,0.649
-0.824,-0.937
-0.833,-0.099
-0.952,0.457
-1.188,0.296
-1.215,0.287
-1.378,-1.067
-1.415,-0.039
-1.646,-0.409
-1.689,-1.898
-1.781,-0.556
-1.903,0.226
-1.958,-0.777
-1.892,-0.95
-2.04,0.979
-1.985,-0.991
-2.186,-1.264
-2.363,-2.491
-2.404,-2.363
-2.852,-2.331
2.861,-2.159
2.581,-2.43
2.455,-2.255
2.352,-2.286
1.831,-2.498
1.858,-2.379
1.826,-2.66
1.725,-2.526
1.705,-2.525
0.403,-2.341
-0.515,-2.525
-1.103,-2.269
-1.346,-2.652
-1.55,-2.373
-1.763,-2.496
-1.781,-2.324
-2.0,-2.229
-1.983,-2.387
-2.063,-2.36
-2.207,2.053
-2.431,1.997
-2.78,2.012
-2.688,2.101
-3.02,1.953
-3.132,2.06
3.11,2.088
3.02,1.74
2.054,1.877
1.768,2.026
1.726,2.129
1.536,1.824
1.128,1.97
1.24,1.842
0.68,2.125
-0.23,1.869
-0.763,1.997
-1.501,2.149
-1.622,1.804
-1.746,2.063
-3.068,0.918
3.092,-0.683
2.031,0.977
0.272,-0.045
-0.113,-0.713
-1.494,-0.702
-2.987,0.72
2.032,0.026
1.531,-0.829
1.053,0.022
0.06,0.026
-0.12,0.022
-0.258,0.758
-1.458,1.438
-1.705,0.739
0.609,-1.25
-1.397,-1.472
-2.171,0.174
0.658,-2.473
-0.45,-1.909
-1.561,-1.872
0.194,-2.639
0.221,-2.023
0.045,0.958
0.041,1.275
-0.004,0.496
0.021,-0.578
-0.031,2.834
0.023,2.847
-0.017,1.285
-0.083,1.403
-0.045,2.245
-0.029,2.002
-0.203,1.286
-0.14,0.901
-0.164,-0.598
-0.266,0.313
-0.291,1.945
-0.312,2.898
-0.413,-0.366
-0.389,1.219
-0.418,-0.19
-0.496,0.27
-0.514,-0.716
-0.574,0.865
-0.51,2.545
-0.515,2.807
-0.585,1.192
-0.612,0.056
-0.561,-0.646
-0.707,1.579
-0.77,3.092
-0.783,-0.579
-0.717,2.221
-0.754,2.321
-0.853,-0.33
-0.9,1.284
-0.936,2.457
-1.014,0.401
-1.077,1.77
-1.081,2.058
-1.306,1.629
-1.288,0.357
-1.342,0.165
-1.283,2.354
-1.454,-0.656
-1.528,0.504
-1.668,-0.13
-1.6,1.225
-1.719,0.312
-1.735,0.415
-1.857,1.824
-1.802,3.118
-1.832,0.153
-1.855,0.756
-1.982,1.871
-1.902,-0.573
-1.922,2.375
-2.021,0.624
-2.069,1.812
-2.106,0.313
-2.062,2.145
-2.142,1.513
-2.141,2.496
-2.094,0.437
-2.138,-0.389
-2.839,-0.757
2.15,-1.045
2.136,-0.785
2.034,-0.72
1.46,-0.802
1.442,-0.95
1.316,-1.152
1.143,-1.158
1.033,-0.981
0.661,-0.752
0.51,-1.044
0.303,-0.875
0.292,-0.997
0.166,-1.026
0.089,-0.813
-0.153,-0.987
-0.269,-1.103
-0.32,-0.953
-1.048,-0.763
-1.435,-0.774
-1.519,-0.921
-1.664,-0.734
-1.714,-0.921
-1.792,-1.012
-1.826,-0.966
-1.761,-0.803
-2.145,-0.672
-2.218,-0.998
-2.487,3.555
-2.527,3.583
3.116,3.574
2.842,3.521
2.456,3.665
2.36,3.475
2.125,3.294
1.292,3.662
1.303,3.669
0.898,3.366
0.964,3.55
0.729,3.546
0.7,3.686
0.418,3.393
-0.304,3.531
-0.312,3.69
-0.808,3.537
-1.154,3.367
-1.413,3.46
-2.139,3.748
-2.148,3.426
-2.283,3.019
-2.462,-0.433
2.221,2.885
1.933,0.696
0.316,2.912
0.27,0.126
-1.736,2.135
-2.867,-0.882
2.951,-0.98
-1.153,-0.721
-2.118,3.2
-2.153,0.46
-2.343,3.003
-2.266,-0.121
-2.301,0.818
-2.519,1.228
-2.509,1.763
-2.564,1.784
-2.692,3.163
-2.601,2.192
-2.721,2.854
-2.819,0.503
-2.686,1.93
-2.774,1.871
-3.03,1.991
-2.897,2.821
-3.067,1.335
-3.017,1.435
-3.006,0.944
3.128,-0.474
-3.103,0.193
-3.141,1.667
-3.135,1.366
2.939,-0.632
2.942,-0.493
2.913,2.031
2.911,1.151
2.99,1.842
2.398,0.39
2.239,1.853
2.375,1.67
2.349,0.474
2.191,-0.539
2.128,-0.485
2.125,3.132
2.046,0.546
1.982,2.015
1.897,-0.381
1.843,1.039
1.962,1.454
1.751,0.158
1.883,2.027
1.824,1.028
1.709,2.148
1.654,-0.259
1.441,-0.23
1.409,0.638
1.482,3.263
1.313,0.562
1.396,1.53
1.06,2.04
0.907,1.721
0.959,-0.705
0.954,2.814
0.918,1.351
0.769,0.493
0.697,-0.574
0.67,2.593
0.796,2.353
0.715,2.485
0.536,3.24
0.465,2.709
0.567,1.209
0.568,0.557
0.444,-0.528
0.346,-0.365
0.353,1.139
0.336,0.436
0.291,1.998
0.08,0.85
0.042,1.552
-0.318,0.031
-0.349,-0.438
-0.282,3.276
-0.286,-0.21
-0.594,0.475
-0.75,2.088
-0.827,-0.235
-0.938,2.134
-0.826,0.548
-0.835,1.386
-0.954,1.942
-1.19,1.781
-1.217,1.772
-1.38,0.418
-1.417,1.446
-1.648,1.076
-1.691,-0.413
-1.783,0.929
-1.905,1.711
-1.96,0.708
-1.894,0.535
-2.042,2.464
-1.987,0.494
-2.188,0.221
-2.365,-1.006
-2.406,-0.878
-2.854,-0.846
2.859,-0.674
2.579,-0.945
2.453,-0.77
2.35,-0.801
1.829,-1.013
1.856,-0.894
1.824,-1.175
1.723,-1.041
1.703,-1.04
0.401,-0.856
-0.517,-1.04
-1.105,-0.784
-1.348,-1.167
-1.552,-0.888
-1.765,-1.011
-1.783,-0.839
-2.002,-0.744
-1.985,-0.902
-2.065,-0.875
-2.209,3.538
-2.433,3.482
-2.782,3.497
-2.69,3.586
-3.022,3.438
-3.134,3.545
3.108,3.573
3.018,3.225
2.052,3.362
1.766,3.511
1.724,3.614
1.534,3.309
1.126,3.455
1.238,3.327
0.678,3.61
-0.232,3.354
-0.765,3.482
-1.503,3.634
-1.624,3.289
-1.748,3.548
-3.07,2.403
3.09,0.802
2.029,2.462
0.27,1.44
-0.115,0.772
-1.496,0.783
-2.989,2.205
2.03,1.511
1.529,0.656
1.051,1.507
0.058,1.511
-0.122,1.507
-0.26,2.243
-1.46,2.923
-1.707,2.224
0.607,0.235
-1.399,0.013
-2.173,1.659
0.656,-0.988
-0.452,-0.424
-1.563,-0.387
0.192,-1.154
0.219,-0.538
-0.004,0.317
-0.049,-0.462
-0.024,-1.536
-0.076,1.876
-0.022,1.889
-0.062,0.327
-0.128,0.445
-0.09,1.287
-0.074,1.044
-0.248,0.328
-0.185,-0.057
-0.209,-1.556
-0.311,-0.645
-0.336,0.987
-0.357,1.94
-0.458,-1.324
-0.434,0.261
-0.463,-1.148
-0.541,-0.688
-0.559,-1.674
-0.619,-0.093
-0.555,1.587
-0.56,1.849
-0.63,0.234
-0.657,-0.902
-0.606,-1.604
-0.752,0.621
-0.815,2.134
-0.828,-1.537
-0.762,1.263
-0.799,1.363
-0.898,-1.288
-0.945,0.326
-0.981,1.499
-1.059,-0.557
-1.122,0.812
-1.126,1.1
-1.351,0.671
-1.333,-0.601
-1.387,-0.793
-1.328,1.396
-1.499,-1.614
-1.573,-0.454
-1.713,-1.088
-1.645,0.267
-1.764,-0.646
-1.78,-0.543
-1.902,0.866
-1.847,2.16
-1.877,-0.805
-1.9,-0.202
-2.027,0.913
-1.947,-1.531
-1.967,1.417
-2.066,-0.334
-2.114,0.854
-2.151,-0.645
-2.107,1.187
-2.187,0.555
-2.186,1.538
-2.139,-0.521
-2.183,-1.347
-2.884,-1.715
2.105,-2.003
2.091,-1.743
1.989,-1.678
1.415,-1.76
1.397,-1.908
1.271,-2.11
1.098,-2.116
0.988,-1.939
0.616,-1.71
0.465,-2.002
0.258,-1.833
0.247,-1.955
0.121,-1.984
0.044,-1.771
-0.198,-1.945
-0.314,-2.061
-0.365,-1.911
-1.093,-1.721
-1.48,-1.732
-1.564,-1.879
-1.709,-1.692
-1.759,-1.879
-1.837,-1.97
-1.871,-1.924
-1.806,-1.761
-2.19,-1.63
-2.263,-1.956
-2.532,2.597
-2.572,2.625
3.071,2.616
2.797,2.563
2.411,2.707
2.315,2.517
2.08,2.336
1.247,2.704
1.258,2.711
0.853,2.408
0.919,2.592
0.684,2.588
0.655,2.728
0.373,2.435
-0.349,2.573
-0.357,2.732
-0.853,2.579
-1.199,2.409
-1.458,2.502
-2.184,2.79
-2.193,2.468
-2.328,2.061
-2.507,-1.391
2.176,1.927
1.888,-0.262
0.271,1.954
0.225,-0.832
-1.781,1.177
-2.912,-1.84
2.906,-1.938
-1.198,-1.679
-2.163,2.242
-2.198,-0.498
-2.388,2.045
-2.311,-1.079
-2.346,-0.14
-2.564,0.27
-2.554,0.805
-2.609,0.826
-2.737,2.205
-2.646,1.234
-2.766,1.896
-2.864,-0.455
-2.731,0.972
-2.819,0.913
-3.075,1.033
-2.942,1.863
-3.112,0.377
-3.062,0.477
-3.051,-0.014
3.083,-1.432
3.135,-0.765
3.097,0.709
3.103,0.408
2.894,-1.59
2.897,-1.451
2.868,1.073
2.866,0.193
2.945,0.884
2.353,-0.568
2.194,0.895
2.33,0.712
2.304,-0.484
2.146,-1.497
2.083,-1.443
2.08,2.174
2.001,-0.412
1.937,1.057
1.852,-1.339
1.798,0.081
1.917,0.496
1.706,-0.8
1.838,1.069
1.779,0.07
1.664,1.19
1.609,-1.217
1.396,-1.188
1.364,-0.32
1.437,2.305
1.268,-0.396
1.351,0.572
1.015,1.082
0.862,0.763
0.914,-1.663
0.909,1.856
0.873,0.393
0.724,-0.465
0.652,-1.532
0.625,1.635
0.751,1.395
0.67,1.527
0.491,2.282
0.42,1.751
0.522,0.251
0.523,-0.401
0.399,-1.486
0.301,-1.323
0.308,0.181
0.291,-0.522
0.246,1.04
0.035,-0.108
-0.003,0.594
-0.363,-0.927
-0.394,-1.396
-0.327,2.318
-0.331,-1.168
-0.639,-0.483
-0.795,1.13
-0.872,-1.193
-0.983,1.176
-0.871,-0.41
-0.88,0.428
-0.999,0.984
-1.235,0.823
-1.262,0.814
-1.425,-0.54
-1.462,0.488
-1.693,0.118
-1.736,-1.371
-1.828,-0.029
-1.95,0.753
-2.005,-0.25
-1.939,-0.423
-2.087,1.506
-2.032,-0.464
-2.233,-0.737
-2.41,-1.964
-2.451,-1.836
-2.899,-1.804
2.814,-1.632
2.534,-1.903
2.408,-1.728
2.305,-1.759
1.784,-1.971
1.811,-1.852
1.779,-2.133
1.678,-1.999
1.658,-1.998
0.356,-1.814
-0.562,-1.998
-1.15,-1.742
-1.393,-2.125
-1.597,-1.846
-1.81,-1.969
-1.828,-1.797
-2.047,-1.702
-2.03,-1.86
-2.11,-1.833
-2.254,2.58
-2.478,2.524
-2.827,2.539
-2.735,2.628
-3.067,2.48
3.104,2.587
3.063,2.615
2.973,2.267
2.007,2.404
1.721,2.553
1.679,2.656
1.489,2.351
1.081,2.497
1.193,2.369
0.633,2.652
-0.277,2.396
-0.81,2.524
-1.548,2.676
-1.669,2.331
-1.793,2.59
-3.115,1.445
3.045,-0.156
1.984,1.504
0.225,0.482
-0.16,-0.186
-1.541,-0.175
-3.034,1.247
1.985,0.553
1.484,-0.302
1.006,0.549
0.013,0.553
-0.167,0.549
-0.305,1.285
-1.505,1.965
-1.752,1.266
0.562,-0.723
-1.444,-0.945
-2.218,0.701
0.611,-1.946
-0.497,-1.382
-1.608,-1.345
0.147,-2.112
0.174,-1.496
-0.045,-0.779
-0.02,-1.853
-0.072,1.559
-0.018,1.572
-0.058,0.01
-0.124,0.128
-0.086,0.97
-0.07,0.727
-0.244,0.011
-0.181,-0.374
-0.205,-1.873
-0.307,-0.962
-0.332,0.67
-0.353,1.623
-0.454,-1.641
-0.43,-0.056
-0.459,-1.465
-0.537,-1.005
-0.555,-1.991
-0.615,-0.41
-0.551,1.27
-0.556,1.532
-0.626,-0.083
-0.653,-1.219
-0.602,-1.921
-0.748,0.304
-0.811,1.817
-0.824,-1.854
-0.758,0.946
-0.795,1.046
-0.894,-1.605
-0.941,0.009
-0.977,1.182
-1.055,-0.874
-1.118,0.495
-1.122,0.783
-1.347,0.354
-1.329,-0.918
-1.383,-1.11
-1.324,1.079
-1.495,-1.931
-1.569,-0.771
-1.709,-1.405
-1.641,-0.05
-1.76,-0.963
-1.776,-0.86
-1.898,0.549
-1.843,1.843
-1.873,-1.122
-1.896,-0.519
-2.023,0.596
-1.943,-1.848
-1.963,1.1
-2.062,-0.651
-2.11,0.537
-2.147,-0.962
-2.103,0.87
-2.183,0.238
-2.182,1.221
-2.135,-0.838
-2.179,-1.664
-2.88,-2.032
2.109,-2.32
2.095,-2.06
1.993,-1.995
1.419,-2.077
1.401,-2.225
1.275,-2.427
1.102,-2.433
0.992,-2.256
0.62,-2.027
0.469,-2.319
0.262,-2.15
0.251,-2.272
0.125,-2.301
0.048,-2.088
-0.194,-2.262
-0.31,-2.378
-0.361,-2.228
-1.089,-2.038
-1.476,-2.049
-1.56,-2.196
-1.705,-2.009
-1.755,-2.196
-1.833,-2.287
-1.867,-2.241
-1.802,-2.078
-2.186,-1.947
-2.259,-2.273
-2.528,2.28
-2.568,2.308
3.075,2.299
2.801,2.246
2.415,2.39
2.319,2.2
2.084,2.019
1.251,2.387
1.262,2.394
0.857,2.091
0.923,2.275
0.688,2.271
0.659,2.411
0.377,2.118
-0.345,2.256
-0.353,2.415
-0.849,2.262
-1.195,2.092
-1.454,2.185
-2.18,2.473
-2.189,2.151
-2.324,1.744
-2.503,-1.708
2.18,1.61
1.892,-0.579
0.275,1.637
0.229,-1.149
-1.777,0.86
-2.908,-2.157
2.91,-2.255
-1.194,-1.996
-2.159,1.925
-2.194,-0.815
-2.384,1.728
-2.307,-1.396
-2.342,-0.457
-2.56,-0.047
-2.55,0.488
-2.605,0.509
-2.733,1.888
-2.642,0.917
-2.762,1.579
-2.86,-0.772
-2.727,0.655
-2.815,0.596
-3.071,0.716
-2.938,1.546
-3.108,0.06
-3.058,0.16
-3.047,-0.331
3.087,-1.749
3.139,-1.082
3.101,0.392
3.107,0.091
2.898,-1.907
2.901,-1.768
2.872,0.756
2.87,-0.124
2.949,0.567
2.357,-0.885
2.198,0.578
2.334,0.395
2.308,-0.801
2.15,-1.814
2.087,-1.76
2.084,1.857
2.005,-0.729
1.941,0.74
1.856,-1.656
1.802,-0.236
1.921,0.179
1.71,-1.117
1.842,0.752
1.783,-0.247
1.668,0.873
1.613,-1.534
1.4,-1.505
1.368,-0.637
1.441,1.988
1.272,-0.713
1.355,0.255
1.019,0.765
0.866,0.446
0.918,-1.98
0.913,1.539
0.877,0.076
0.728,-0.782
0.656,-1.849
0.629,1.318
0.755,1.078
0.674,1.21
0.495,1.965
0.424,1.434
0.526,-0.066
0.527,-0.718
0.403,-1.803
0.305,-1.64
0.312,-0.136
0.295,-0.839
0.25,0.723
0.039,-0.425
0.001,0.277
-0.359,-1.244
-0.39,-1.713
-0.323,2.001
-0.327,-1.485
-0.635,-0.8
-0.791,0.813
-0.868,-1.51
-0.979,0.859
-0.867,-0.727
-0.876,0.111
-0.995,0.667
-1.231,0.506
-1.258,0.497
-1.421,-0.857
-1.458,0.171
-1.689,-0.199
-1.732,-1.688
-1.824,-0.346
-1.946,0.436
-2.001,-0.567
-1.935,-0.74
-2.083,1.189
-2.028,-0.781
-2.229,-1.054
-2.406,-2.281
-2.447,-2.153
-2.895,-2.121
2.818,-1.949
2.538,-2.22
2.412,-2.045
2.309,-2.076
1.788,-2.288
1.815,-2.169
1.783,-2.45
1.682,-2.316
1.662,-2.315
0.36,-2.131
-0.558,-2.315
-1.146,-2.059
-1.389,-2.442
-1.593,-2.163
-1.806,-2.286
-1.824,-2.114
-2.043,-2.019
-2.026,-2.177
-2.106,-2.15
-2.25,2.263
-2.474,2.207
-2.823,2.222
-2.731,2.311
-3.063,2.163
3.108,2.27
3.067,2.298
2.977,1.95
2.011,2.087
1.725,2.236
1.683,2.339
1.493,2.034
1.085,2.18
1.197,2.052
0.637,2.335
-0.273,2.079
-0.806,2.207
-1.544,2.359
-1.665,2.014
-1.789,2.273
-3.111,1.128
3.049,-0.473
1.988,1.187
0.229,0.165
-0.156,-0.503
-1.537,-0.492
-3.03,0.93
1.989,0.236
1.488,-0.619
1.01,0.232
0.017,0.236
-0.163,0.232
-0.301,0.968
-1.501,1.648
-1.748,0.949
0.566,-1.04
-1.44,-1.262
-2.214,0.384
0.615,-2.263
-0.493,-1.699
-1.604,-1.662
0.151,-2.429
0.178,-1.813
0.025,-1.074
-0.027,2.338
0.027,2.351
-0.013,0.789
-0.079,0.907
-0.041,1.749
-0.025,1.506
-0.199,0.79
-0.136,0.405
-0.16,-1.094
-0.262,-0.183
-0.287,1.449
-0.308,2.402
-0.409,-0.862
-0.385,0.723
-0.414,-0.686
-0.492,-0.226
-0.51,-1.212
-0.57,0.369
-0.506,2.049
-0.511,2.311
-0.581,0.696
-0.608,-0.44
-0.557,-1.142
-0.703,1.083
-0.766,2.596
-0.779,-1.075
-0.713,1.725
-0.75,1.825
-0.849,-0.826
-0.896,0.788
-0.932,1.961
-1.01,-0.095
-1.073,1.274
-1.077,1.562
-1.302,1.133
-1.284,-0.139
-1.338,-0.331
-1.279,1.858
-1.45,-1.152
-1.524,0.008
-1.664,-0.626
-1.596,0.729
-1.715,-0.184
-1.731,-0.081
-1.853,1.328
-1.798,2.622
-1.828,-0.343
-1.851,0.26
-1.978,1.375
-1.898,-1.069
-1.918,1.879
-2.017,0.128
-2.065,1.316
-2.102,-0.183
-2.058,1.649
-2.138,1.017
-2.137,2.0
-2.09,-0.059
-2.134,-0.885
-2.835,-1.253
2.154,-1.541
2.14,-1.281
2.038,-1.216
1.464,-1.298
1.446,-1.446
1.32,-1.648
1.147,-1.654
1.037,-1.477
0.665,-1.248
0.514,-1.54
0.307,-1.371
0.296,-1.493
0.17,-1.522
0.093,-1.309
-0.149,-1.483
-0.265,-1.599
-0.316,-1.449
-1.044,-1.259
-1.431,-1.27
-1.515,-1.417
-1.66,-1.23
-1.71,-1.417
-1.788,-1.508
-1.822,-1.462
-1.757,-1.299
-2.141,-1.168
-2.214,-1.494
-2.483,3.059
-2.523,3.087
3.12,3.078
2.846,3.025
2.46,3.169
2.364,2.979
2.129,2.798
1.296,3.166
1.307,3.173
0.902,2.87
0.968,3.054
0.733,3.05
0.704,3.19
0.422,2.897
-0.3,3.035
-0.308,3.194
-0.804,3.041
-1.15,2.871
-1.409,2.964
-2.135,3.252
-2.144,2.93
-2.279,2.523
-2.458,-0.929
2.225,2.389
1.937,0.2
0.32,2.416
0.274,-0.37
-1.732,1.639
-2.863,-1.378
2.955,-1.476
-1.149,-1.217
-2.114,2.704
-2.149,-0.036
-2.339,2.507
-2.262,-0.617
-2.297,0.322
-2.515,0.732
-2.505,1.267
-2.56,1.288
-2.688,2.667
-2.597,1.696
-2.717,2.358
-2.815,0.007
-2.682,1.434
-2.77,1.375
-3.026,1.495
-2.893,2.325
-3.063,0.839
-3.013,0.939
-3.002,0.448
3.132,-0.97
-3.099,-0.303
-3.137,1.171
-3.131,0.87
2.943,-1.128
2.946,-0.989
2.917,1.535
2.915,0.655
2.994,1.346
2.402,-0.106
2.243,1.357
2.379,1.174
2.353,-0.022
2.195,-1.035
2.132,-0.981
2.129,2.636
2.05,0.05
1.986,1.519
1.901,-0.877
1.847,0.543
1.966,0.958
1.755,-0.338
1.887,1.531
1.828,0.532
1.713,1.652
1.658,-0.755
1.445,-0.726
1.413,0.142
1.486,2.767
1.317,0.066
1.4,1.034
1.064,1.544
0.911,1.225
0.963,-1.201
0.958,2.318
0.922,0.855
0.773,-0.003
0.701,-1.07
0.674,2.097
0.8,1.857
0.719,1.989
0.54,2.744
0.469,2.213
0.571,0.713
0.572,0.061
0.448,-1.024
0.35,-0.861
0.357,0.643
0.34,-0.06
0.295,1.502
0.084,0.354
0.046,1.056
-0.314,-0.465
-0.345,-0.934
-0.278,2.78
-0.282,-0.706
-0.59,-0.021
-0.746,1.592
-0.823,-0.731
-0.934,1.638
-0.822,0.052
-0.831,0.89
-0.95,1.446
-1.186,1.285
-1.213,1.276
-1.376,-0.078
-1.413,0.95
-1.644,0.58
-1.687,-0.909
-1.779,0.433
-1.901,1.215
-1.956,0.212
-1.89,0.039
-2.038,1.968
-1.983,-0.002
-2.184,-0.275
-2.361,-1.502
-2.402,-1.374
-2.85,-1.342
2.863,-1.17
2.583,-1.441
2.457,-1.266
2.354,-1.297
1.833,-1.509
1.86,-1.39
1.828,-1.671
1.727,-1.537
1.707,-1.536
0.405,-1.352
-0.513,-1.536
-1.101,-1.28
-1.344,-1.663
-1.548,-1.384
-1.761,-1.507
-1.779,-1.335
-1.998,-1.24
-1.981,-1.398
-2.061,-1.371
-2.205,3.042
-2.429,2.986
-2.778,3.001
-2.686,3.09
-3.018,2.942
-3.13,3.049
3.112,3.077
3.022,2.729
2.056,2.866
1.77,3.015
1.728,3.118
1.538,2.813
1.13,2.959
1.242,2.831
0.682,3.114
-0.228,2.858
-0.761,2.986
-1.499,3.138
-1.62,2.793
-1.744,3.052
-3.066,1.907
3.094,0.306
2.033,1.966
0.274,0.944
-0.111,0.276
-1.492,0.287
-2.985,1.709
2.034,1.015
1.533,0.16
1.055,1.011
0.062,1.015
-0.118,1.011
-0.256,1.747
-1.456,2.427
-1.703,1.728
0.611,-0.261
-1.395,-0.483
-2.169,1.163
0.66,-1.484
-0.448,-0.92
-1.559,-0.883
0.196,-1.65
0.223,-1.034
-0.052,3.412
0.002,3.425
-0.038,1.863
-0.104,1.981
-0.066,2.823
-0.05,2.58
-0.224,1.864
-0.161,1.479
-0.185,-0.02
-0.287,0.891
-0.312,2.523
-0.333,3.476
-0.434,0.212
-0.41,1.797
-0.439,0.388
-0.517,0.848
-0.535,-0.138
-0.595,1.443
-0.531,3.123
-0.536,3.385
-0.606,1.77
-0.633,0.634
-0.582,-0.068
-0.728,2.157
-0.791,3.67
-0.804,-0.001
-0.738,2.799
-0.775,2.899
-0.874,0.248
-0.921,1.862
-0.957,3.035
-1.035,0.979
-1.098,2.348
-1.102,2.636
-1.327,2.207
-1.309,0.935
-1.363,0.743
-1.304,2.932
-1.475,-0.078
-1.549,1.082
-1.689,0.448
-1.621,1.803
-1.74,0.89
-1.756,0.993
-1.878,2.402
-1.823,3.696
-1.853,0.731
-1.876,1.334
-2.003,2.449
-1.923,0.005
-1.943,2.953
-2.042,1.202
-2.09,2.39
-2.127,0.891
-2.083,2.723
-2.163,2.091
-2.162,3.074
-2.115,1.015
-2.159,0.189
-2.86,-0.179
2.129,-0.467
2.115,-0.207
2.013,-0.142
1.439,-0.224
1.421,-0.372
1.295,-0.574
1.122,-0.58
1.012,-0.403
0.64,-0.174
0.489,-0.466
0.282,-0.297
0.271,-0.419
0.145,-0.448
0.068,-0.235
-0.174,-0.409
-0.29,-0.525
-0.341,-0.375
-1.069,-0.185
-1.456,-0.196
-1.54,-0.343
-1.685,-0.156
-1.735,-0.343
-1.813,-0.434
-1.847,-0.388
-1.782,-0.225
-2.166,-0.094
-2.239,-0.42
-2.508,4.133
-2.548,4.161
3.095,4.152
2.821,4.099
2.435,4.243
2.339,4.053
2.104,3.872
1.271,4.24
1.282,4.247
0.877,3.944
0.943,4.128
0.708,4.124
0.679,4.264
0.397,3.971
-0.325,4.109
-0.333,4.268
-0.829,4.115
-1.175,3.945
-1.434,4.038
-2.16,4.326
-2.169,4.004
-2.304,3.597
-2.483,0.145
2.2,3.463
1.912,1.274
0.295,3.49
0.249,0.704
-1.757,2.713
-2.888,-0.304
2.93,-0.402
-1.174,-0.143
-2.139,3.778
-2.174,1.038
-2.364,3.581
-2.287,0.457
-2.322,1.396
-2.54,1.806
-2.53,2.341
-2.585,2.362
-2.713,3.741
-2.622,2.77
-2.742,3.432
-2.84,1.081
-2.707,2.508
-2.795,2.449
-3.051,2.569
-2.918,3.399
-3.088,1.913
-3.038,2.013
-3.027,1.522
3.107,0.104
-3.124,0.771
3.121,2.245
3.127,1.944
2.918,-0.054
2.921,0.085
2.892,2.609
2.89,1.729
2.969,2.42
2.377,0.968
2.218,2.431
2.354,2.248
2.328,1.052
2.17,0.039
2.107,0.093
2.104,3.71
2.025,1.124
1.961,2.593
1.876,0.197
1.822,1.617
1.941,2.032
1.73,0.736
1.862,2.605
1.803,1.606
1.688,2.726
1.633,0.319
1.42,0.348
1.388,1.216
1.461,3.841
1.292,1.14
1.375,2.108
1.039,2.618
0.886,2.299
0.938,-0.127
0.933,3.392
0.897,1.929
0.748,1.071
0.676,0.004
0.649,3.171
0.775,2.931
0.694,3.063
0.515,3.818
0.444,3.287
0.546,1.787
0.547,1.135
0.423,0.05
0.325,0.213
0.332,1.717
0.315,1.014
0.27,2.576
0.059,1.428
0.021,2.13
-0.339,0.609
-0.37,0.14
-0.303,3.854
-0.307,0.368
-0.615,1.053
-0.771,2.666
-0.848,0.343
-0.959,2.712
-0.847,1.126
-0.856,1.964
-0.975,2.52
-1.211,2.359
-1.238,2.35
-1.401,0.996
-1.438,2.024
-1.669,1.654
-1.712,0.165
-1.804,1.507
-1.926,2.289
-1.981,1.286
-1.915,1.113
-2.063,3.042
-2.008,1.072
-2.209,0.799
-2.386,-0.428
-2.427,-0.3
-2.875,-0.268
2.838,-0.096
2.558,-0.367
2.432,-0.192
2.329,-0.223
1.808,-0.435
1.835,-0.316
1.803,-0.597
1.702,-0.463
1.682,-0.462
0.38,-0.278
-0.538,-0.462
-1.126,-0.206
-1.369,-0.589
-1.573,-0.31
-1.786,-0.433
-1.804,-0.261
-2.023,-0.166
-2.006,-0.324
-2.086,-0.297
-2.23,4.116
-2.454,4.06
-2.803,4.075
-2.711,4.164
-3.043,4.016
3.128,4.123
3.087,4.151
2.997,3.803
2.031,3.94
1.745,4.089
1.703,4.192
1.513,3.887
1.105,4.033
1.217,3.905
0.657,4.188
-0.253,3.932
-0.786,4.06
-1.524,4.212
-1.645,3.867
-1.769,4.126
-3.091,2.981
3.069,1.38
2.008,3.04
0.249,2.018
-0.136,1.35
-1.517,1.361
-3.01,2.783
2.009,2.089
1.508,1.234
1.03,2.085
0.037,2.089
-0.143,2.085
-0.281,2.821
-1.481,3.501
-1.728,2.802
0.586,0.813
-1.42,0.591
-2.194,2.237
0.635,-0.41
-0.473,0.154
-1.584,0.191
0.171,-0.576
0.198,0.04
0.054,0.013
0.014,-1.549
-0.052,-1.431
-0.014,-0.589
0.002,-0.832
-0.172,-1.548
-0.109,-1.933
-0.133,-3.432
-0.235,-2.521
-0.26,-0.889
-0.281,0.064
-0.382,-3.2
-0.358,-1.615
-0.387,-3.024
-0.465,-2.564
-0.483,-3.55
-0.543,-1.969
-0.479,-0.289
-0.484,-0.027
-0.554,-1.642
-0.581,-2.778
-0.53,-3.48
-0.676,-1.255
-0.739,0.258
-0.752,-3.413
-0.686,-0.613
-0.723,-0.513
-0.822,-3.164
-0.869,-1.55
-0.905,-0.377
-0.983,-2.433
-1.046,-1.064
-1.05,-0.776
-1.275,-1.205
-1.257,-2.477
-1.311,-2.669
-1.252,-0.48
-1.423,-3.49
-1.497,-2.33
-1.637,-2.964
-1.569,-1.609
-1.688,-2.522
-1.704,-2.419
-1.826,-1.01
-1.771,0.284
-1.801,-2.681
-1.824,-2.078
-1.951,-0.963
-1.871,-3.407
-1.891,-0.459
-1.99,-2.21
-2.038,-1.022
-2.075,-2.521
-2.031,-0.689
-2.111,-1.321
-2.11,-0.338
-2.063,-2.397
-2.107,-3.223
-2.808,-3.591
2.181,-3.879
2.167,-3.619
2.065,-3.554
1.491,-3.636
1.473,-3.784
1.347,-3.986
1.174,-3.992
1.064,-3.815
0.692,-3.586
0.541,-3.878
0.334,-3.709
0.323,-3.831
0.197,-3.86
0.12,-3.647
-0.122,-3.821
-0.238,-3.937
-0.289,-3.787
-1.017,-3.597
-1.404,-3.608
-1.488,-3.755
-1.633,-3.568
-1.683,-3.755
-1.761,-3.846
-1.795,-3.8
-1.73,-3.637
-2.114,-3.506
-2.187,-3.832
-2.456,0.721
-2.496,0.749
-3.136,0.74
2.873,0.687
2.487,0.831
2.391,0.641
2.156,0.46
1.323,0.828
1.334,0.835
0.929,0.532
0.995,0.716
0.76,0.712
0.731,0.852
0.449,0.559
-0.273,0.697
-0.281,0.856
-0.777,0.703
-1.123,0.533
-1.382,0.626
-2.108,0.914
-2.117,0.592
-2.252,0.185
-2.431,-3.267
2.252,0.051
1.964,-2.138
0.347,0.078
0.301,-2.708
-1.705,-0.699
-2.836,-3.716
2.982,-3.814
-1.122,-3.555
-2.087,0.366
-2.122,-2.374
-2.312,0.169
-2.235,-2.955
-2.27,-2.016
-2.488,-1.606
-2.478,-1.071
-2.533,-1.05
-2.661,0.329
-2.57,-0.642
-2.69,0.02
-2.788,-2.331
-2.655,-0.904
-2.743,-0.963
-2.999,-0.843
-2.866,-0.013
-3.036,-1.499
-2.986,-1.399
-2.975,-1.89
-3.124,-3.308
-3.072,-2.641
-3.11,-1.167
-3.104,-1.468
2.97,-3.466
2.973,-3.327
2.944,-0.803
2.942,-1.683
3.021,-0.992
2.429,-2.444
2.27,-0.981
2.406,-1.164
2.38,-2.36
2.222,-3.373
2.159,-3.319
2.156,0.298
2.077,-2.288
2.013,-0.819
1.928,-3.215
1.874,-1.795
1.993,-1.38
1.782,-2.676
1.914,-0.807
1.855,-1.806
1.74,-0.686
1.685,-3.093
1.472,-3.064
1.44,-2.196
1.513,0.429
1.344,-2.272
1.427,-1.304
1.091,-0.794
0.938,-1.113
0.99,-3.539
0.985,-0.02
0.949,-1.483
0.8,-2.341
0.728,-3.408
0.701,-0.241
0.827,-0.481
0.746,-0.349
0.567,0.406
0.496,-0.125
0.598,-1.625
0.599,-2.277
0.475,-3.362
0.377,-3.199
0.384,-1.695
0.367,-2.398
0.322,-0.836
0.111,-1.984
0.073,-1.282
-0.287,-2.803
-0.318,-3.272
-0.251,0.442
-0.255,-3.044
-0.563,-2.359
-0.719,-0.746
-0.796,-3.069
-0.907,-0.7
-0.795,-2.286
-0.804,-1.448
-0.923,-0.892
-1.159,-1.053
-1.186,-1.062
-1.349,-2.416
-1.386,-1.388
-1.617,-1.758
-1.66,-3.247
-1.752,-1.905
-1.874,-1.123
-1.929,-2.126
-1.863,-2.299
-2.011,-0.37
-1.956,-2.34
-2.157,-2.613
-2.334,-3.84
-2.375,-3.712
-2.823,-3.68
2.89,-3.508
2.61,-3.779
2.484,-3.604
2.381,-3.635
1.86,-3.847
1.887,-3.728
1.855,-4.009
1.754,-3.875
1.734,-3.874
0.432,-3.69
-0.486,-3.874
-1.074,-3.618
-1.317,-4.001
-1.521,-3.722
-1.734,-3.845
-1.752,-3.673
-1.971,-3.578
-1.954,-3.736
-2.034,-3.709
-2.178,0.704
-2.402,0.648
-2.751,0.663
-2.659,0.752
-2.991,0.604
-3.103,0.711
3.139,0.739
3.049,0.391
2.083,0.528
1.797,0.677
1.755,0.78
1.565,0.475
1.157,0.621
1.269,0.493
0.709,0.776
-0.201,0.52
-0.734,0.648
-1.472,0.8
-1.593,0.455
-1.717,0.714
-3.039,-0.431
3.121,-2.032
2.06,-0.372
0.301,-1.394
-0.084,-2.062
-1.465,-2.051
-2.958,-0.629
2.061,-1.323
1.56,-2.178
1.082,-1.327
0.089,-1.323
-0.091,-1.327
-0.229,-0.591
-1.429,0.089
-1.676,-0.61
0.638,-2.599
-1.368,-2.821
-2.142,-1.175
0.687,-3.822
-0.421,-3.258
-1.532,-3.221
0.223,-3.988
0.25,-3.372
-0.04,-1.562
-0.106,-1.444
-0.068,-0.602
-0.052,-0.845
-0.226,-1.561
-0.163,-1.946
-0.187,-3.445
-0.289,-2.534
-0.314,-0.902
-0.335,0.051
-0.436,-3.213
-0.412,-1.628
-0.441,-3.037
-0.519,-2.577
-0.537,-3.563
-0.597,-1.982
-0.533,-0.302
-0.538,-0.04
-0.608,-1.655
-0.635,-2.791
-0.584,-3.493
-0.73,-1.268
-0.793,0.245
-0.806,-3.426
-0.74,-0.626
-0.777,-0.526
-0.876,-3.177
-0.923,-1.563
-0.959,-0.39
-1.037,-2.446
-1.1,-1.077
-1.104,-0.789
-1.329,-1.218
-1.311,-2.49
-1.365,-2.682
-1.306,-0.493
-1.477,-3.503
-1.551,-2.343
-1.691,-2.977
-1.623,-1.622
-1.742,-2.535
-1.758,-2.432
-1.88,-1.023
-1.825,0.271
-1.855,-2.694
-1.878,-2.091
-2.005,-0.976
-1.925,-3.42
-1.945,-0.472
-2.044,-2.223
-2.092,-1.035
-2.129,-2.534
-2.085,-0.702
-2.165,-1.334
-2.164,-0.351
-2.117,-2.41
-2.161,-3.236
-2.862,-3.604
2.127,-3.892
2.113,-3.632
2.011,-3.567
1.437,-3.649
1.419,-3.797
1.293,-3.999
1.12,-4.005
1.01,-3.828
0.638,-3.599
0.487,-3.891
0.28,-3.722
0.269,-3.844
0.143,-3.873
0.066,-3.66
-0.176,-3.834
-0.292,-3.95
-0.343,-3.8
-1.071,-3.61
-1.458,-3.621
-1.542,-3.768
-1.687,-3.581
-1.737,-3.768
-1.815,-3.859
-1.849,-3.813
-1.784,-3.65
-2.168,-3.519
-2.241,-3.845
-2.51,0.708
-2.55,0.736
3.093,0.727
2.819,0.674
2.433,0.818
2.337,0.628
2.102,0.447
1.269,0.815
1.28,0.822
0.875,0.519
0.941,0.703
0.706,0.699
0.677,0.839
0.395,0.546
-0.327,0.684
-0.335,0.843
-0.831,0.69
-1.177,0.52
-1.436,0.613
-2.162,0.901
-2.171,0.579
-2.306,0.172
-2.485,-3.28
2.198,0.038
1.91,-2.151
0.293,0.065
0.247,-2.721
-1.759,-0.712
-2.89,-3.729
2.928,-3.827
-1.176,-3.568
-2.141,0.353
-2.176,-2.387
-2.366,0.156
-2.289,-2.968
-2.324,-2.029
-2.542,-1.619
-2.532,-1.084
-2.587,-1.063
-2.715,0.316
-2.624,-0.655
-2.744,0.007
-2.842,-2.344
-2.709,-0.917
-2.797,-0.976
-3.053,-0.856
-2.92,-0.026
-3.09,-1.512
-3.04,-1.412
-3.029,-1.903
3.105,-3.321
-3.126,-2.654
3.119,-1.18
3.125,-1.481
2.916,-3.479
2.919,-3.34
2.89,-0.816
2.888,-1.696
2.967,-1.005
2.375,-2.457
2.216,-0.994
2.352,-1.177
2.326,-2.373
2.168,-3.386
2.105,-3.332
2.102,0.285
2.023,-2.301
1.959,-0.832
1.874,-3.228
1.82,-1.808
1.939,-1.393
1.728,-2.689
1.86,-0.82
1.801,-1.819
1.686,-0.699
1.631,-3.106
1.418,-3.077
1.386,-2.209
1.459,0.416
1.29,-2.285
1.373,-1.317
1.037,-0.807
0.884,-1.126
0.936,-3.552
0.931,-0.033
0.895,-1.496
0.746,-2.354
0.674,-3.421
0.647,-0.254
0.773,-0.494
0.692,-0.362
0.513,0.393
0.442,-0.138
0.544,-1.638
0.545,-2.29
0.421,-3.375
0.323,-3.212
0.33,-1.708
0.313,-2.411
0.268,-0.849
0.057,-1.997
0.019,-1.295
-0.341,-2.816
-0.372,-3.285
-0.305,0.429
-0.309,-3.057
-0.617,-2.372
-0.773,-0.759
-0.85,-3.082
-0.961,-0.713
-0.849,-2.299
-0.858,-1.461
-0.977,-0.905
-1.213,-1.066
-1.24,-1.075
-1.403,-2.429
-1.44,-1.401
-1.671,-1.771
-1.714,-3.26
-1.806,-1.918
-1.928,-1.136
-1.983,-2.139
-1.917,-2.312
-2.065,-0.383
-2.01,-2.353
-2.211,-2.626
-2.388,-3.853
-2.429,-3.725
-2.877,-3.693
2.836,-3.521
2.556,-3.792
2.43,-3.617
2.327,-3.648
1.806,-3.86
1.833,-3.741
1.801,-4.022
1.7,-3.888
1.68,-3.887
0.378,-3.703
-0.54,-3.887
-1.128,-3.631
-1.371,-4.014
-1.575,-3.735
-1.788,-3.858
-1.806,-3.686
-2.025,-3.591
-2.008,-3.749
-2.088,-3.722
-2.232,0.691
-2.456,0.635
-2.805,0.65
-2.713,0.739
-3.045,0.591
3.126,0.698
3.085,0.726
2.995,0.378
2.029,0.515
1.743,0.664
1.701,0.767
1.511,0.462
1.103,0.608
1.215,0.48
0.655,0.763
-0.255,0.507
-0.788,0.635
-1.526,0.787
-1.647,0.442
-1.771,0.701
-3.093,-0.444
3.067,-2.045
2.006,-0.385
0.247,-1.407
-0.138,-2.075
-1.519,-2.064
-3.012,-0.642
2.007,-1.336
1.506,-2.191
1.028,-1.34
0.035,-1.336
-0.145,-1.34
-0.283,-0.604
-1.483,0.076
-1.73,-0.623
0.584,-2.612
-1.422,-2.834
-2.196,-1.188
0.633,-3.835
-0.475,-3.271
-1.586,-3.234
0.169,-4.001
0.196,-3.385
-0.066,0.118
-0.028,0.96
-0.012,0.717
-0.186,0.001
-0.123,-0.384
-0.147,-1.883
-0.249,-0.972
-0.274,0.66
-0.295,1.613
-0.396,-1.651
-0.372,-0.066
-0.401,-1.475
-0.479,-1.015
-0.497,-2.001
-0.557,-0.42
-0.493,1.26
-0.498,1.522
-0.568,-0.093
-0.595,-1.229
-0.544,-1.931
-0.69,0.294
-0.753,1.807
-0.766,-1.864
-0.7,0.936
-0.737,1.036
-0.836,-1.615
-0.883,-0.001
-0.919,1.172
-0.997,-0.884
-1.06,0.485
-1.064,0.773
-1.289,0.344
-1.271,-0.928
-1.325,-1.12
-1.266,1.069
-1.437,-1.941
-1.511,-0.781
-1.651,-1.415
-1.583,-0.06
-1.702,-0.973
-1.718,-0.87
-1.84,0.539
-1.785,1.833
-1.815,-1.132
-1.838,-0.529
-1.965,0.586
-1.885,-1.858
-1.905,1.09
-2.004,-0.661
-2.052,0.527
-2.089,-0.972
-2.045,0.86
-2.125,0.228
-2.124,1.211
-2.077,-0.848
-2.121,-1.674
-2.822,-2.042
2.167,-2.33
2.153,-2.07
2.051,-2.005
1.477,-2.087
1.459,-2.235
1.333,-2.437
1.16,-2.443
1.05,-2.266
0.678,-2.037
0.527,-2.329
0.32,-2.16
0.309,-2.282
0.183,-2.311
0.106,-2.098
-0.136,-2.272
-0.252,-2.388
-0.303,-2.238
-1.031,-2.048
-1.418,-2.059
-1.502,-2.206
-1.647,-2.019
-1.697,-2.206
-1.775,-2.297
-1.809,-2.251
-1.744,-2.088
-2.128,-1.957
-2.201,-2.283
-2.47,2.27
-2.51,2.298
3.133,2.289
2.859,2.236
2.473,2.38
2.377,2.19
2.142,2.009
1.309,2.377
1.32,2.384
0.915,2.081
0.981,2.265
0.746,2.261
0.717,2.401
0.435,2.108
-0.287,2.246
-0.295,2.405
-0.791,2.252
-1.137,2.082
-1.396,2.175
-2.122,2.463
-2.131,2.141
-2.266,1.734
-2.445,-1.718
2.238,1.6
1.95,-0.589
0.333,1.627
0.287,-1.159
-1.719,0.85
-2.85,-2.167
2.968,-2.265
-1.136,-2.006
-2.101,1.915
-2.136,-0.825
-2.326,1.718
-2.249,-1.406
-2.284,-0.467
-2.502,-0.057
-2.492,0.478
-2.547,0.499
-2.675,1.878
-2.584,0.907
-2.704,1.569
-2.802,-0.782
-2.669,0.645
-2.757,0.586
-3.013,0.706
-2.88,1.536
-3.05,0.05
-3.0,0.15
-2.989,-0.341
-3.138,-1.759
-3.086,-1.092
-3.124,0.382
-3.118,0.081
2.956,-1.917
2.959,-1.778
2.93,0.746
2.928,-0.134
3.007,0.557
2.415,-0.895
2.256,0.568
2.392,0.385
2.366,-0.811
2.208,-1.824
2.145,-1.77
2.142,1.847
2.063,-0.739
1.999,0.73
1.914,-1.666
1.86,-0.246
1.979,0.169
1.768,-1.127
1.9,0.742
1.841,-0.257
1.726,0.863
1.671,-1.544
1.458,-1.515
1.426,-0.647
1.499,1.978
1.33,-0.723
1.413,0.245
1.077,0.755
0.924,0.436
0.976,-1.99
0.971,1.529
0.935,0.066
0.786,-0.792
0.714,-1.859
0.687,1.308
0.813,1.068
0.732,1.2
0.553,1.955
0.482,1.424
0.584,-0.076
0.585,-0.728
0.461,-1.813
0.363,-1.65
0.37,-0.146
0.353,-0.849
0.308,0.713
0.097,-0.435
0.059,0.267
-0.301,-1.254
-0.332,-1.723
-0.265,1.991
-0.269,-1.495
-0.577,-0.81
-0.733,0.803
-0.81,-1.52
-0.921,0.849
-0.809,-0.737
-0.818,0.101
-0.937,0.657
-1.173,0.496
-1.2,0.487
-1.363,-0.867
-1.4,0.161
-1.631,-0.209
-1.674,-1.698
-1.766,-0.356
-1.888,0.426
-1.943,-0.577
-1.877,-0.75
-2.025,1.179
-1.97,-0.791
-2.171,-1.064
-2.348,-2.291
-2.389,-2.163
-2.837,-2.131
2.876,-1.959
2.596,-2.23
2.47,-2.055
2.367,-2.086
1.846,-2.298
1.873,-2.179
1.841,-2.46
1.74,-2.326
1.72,-2.325
0.418,-2.141
-0.5,-2.325
-1.088,-2.069
-1.331,-2.452
-1.535,-2.173
-1.748,-2.296
-1.766,-2.124
-1.985,-2.029
-1.968,-2.187
-2.048,-2.16
-2.192,2.253
-2.416,2.197
-2.765,2.212
-2.673,2.301
-3.005,2.153
-3.117,2.26
3.125,2.288
3.035,1.94
2.069,2.077
1.783,2.226
1.741,2.329
1.551,2.024
1.143,2.17
1.255,2.042
0.695,2.325
-0.215,2.069
-0.748,2.197
-1.486,2.349
-1.607,2.004
-1.731,2.263
-3.053,1.118
3.107,-0.483
2.046,1.177
0.287,0.155
-0.098,-0.513
-1.479,-0.502
-2.972,0.92
2.047,0.226
1.546,-0.629
1.068,0.222
0.075,0.226
-0.105,0.222
-0.243,0.958
-1.443,1.638
-1.69,0.939
0.624,-1.05
-1.382,-1.272
-2.156,0.374
0.673,-2.273
-0.435,-1.709
-1.546,-1.672
0.209,-2.439
0.236,-1.823
0.038,0.842
0.054,0.599
-0.12,-0.117
-0.057,-0.502
-0.081,-2.001
-0.183,-1.09
-0.208,0.542
-0.229,1.495
-0.33,-1.769
-0.306,-0.184
-0.335,-1.593
-0.413,-1.133
-0.431,-2.119
-0.491,-0.538
-0.427,1.142
-0.432,1.404
-0.502,-0.211
-0.529,-1.347
-0.478,-2.049
-0.624,0.176
-0.687,1.689
-0.7,-1.982
-0.634,0.818
-0.671,0.918
-0.77,-1.733
-0.817,-0.119
-0.853,1.054
-0.931,-1.002
-0.994,0.367
-0.998,0.655
-1.223,0.226
-1.205,-1.046
-1.259,-1.238
-1.2,0.951
-1.371,-2.059
-1.445,-0.899
-1.585,-1.533
-1.517,-0.178
-1.636,-1.091
-1.652,-0.988
-1.774,0.421
-1.719,1.715
-1.749,-1.25
-1.772,-0.647
-1.899,0.468
-1.819,-1.976
-1.839,0.972
-1.938,-0.779
-1.986,0.409
-2.023,-1.09
-1.979,0.742
-2.059,0.11
-2.058,1.093
-2.011,-0.966
-2.055,-1.792
-2.756,-2.16
2.233,-2.448
2.219,-2.188
2.117,-2.123
1.543,-2.205
1.525,-2.353
1.399,-2.555
1.226,-2.561
1.116,-2.384
0.744,-2.155
0.593,-2.447
0.386,-2.278
0.375,-2.4
0.249,-2.429
0.172,-2.216
-0.07,-2.39
-0.186,-2.506
-0.237,-2.356
-0.965,-2.166
-1.352,-2.177
-1.436,-2.324
-1.581,-2.137
-1.631,-2.324
-1.709,-2.415
-1.743,-2.369
-1.678,-2.206
-2.062,-2.075
-2.135,-2.401
-2.404,2.152
-2.444,2.18
-3.084,2.171
2.925,2.118
2.539,2.262
2.443,2.072
2.208,1.891
1.375,2.259
1.386,2.266
0.981,1.963
1.047,2.147
0.812,2.143
0.783,2.283
0.501,1.99
-0.221,2.128
-0.229,2.287
-0.725,2.134
-1.071,1.964
-1.33,2.057
-2.056,2.345
-2.065,2.023
-2.2,1.616
-2.379,-1.836
2.304,1.482
2.016,-0.707
0.399,1.509
0.353,-1.277
-1.653,0.732
-2.784,-2.285
3.034,-2.383
-1.07,-2.124
-2.035,1.797
-2.07,-0.943
-2.26,1.6
-2.183,-1.524
-2.218,-0.585
-2.436,-0.175
-2.426,0.36
-2.481,0.381
-2.609,1.76
-2.518,0.789
-2.638,1.451
-2.736,-0.9
-2.603,0.527
-2.691,0.468
-2.947,0.588
-2.814,1.418
-2.984,-0.068
-2.934,0.032
-2.923,-0.459
-3.072,-1.877
-3.02,-1.21
-3.058,0.264
-3.052,-0.037
3.022,-2.035
3.025,-1.896
2.996,0.628
2.994,-0.252
3.073,0.439
2.481,-1.013
2.322,0.45
2.458,0.267
2.432,-0.929
2.274,-1.942
2.211,-1.888
2.208,1.729
2.129,-0.857
2.065,0.612
1.98,-1.784
1.926,-0.364
2.045,0.051
1.834,-1.245
1.966,0.624
1.907,-0.375
1.792,0.745
1.737,-1.662
1.524,-1.633
1.492,-0.765
1.565,1.86
1.396,-0.841
1.479,0.127
1.143,0.637
0.99,0.318
1.042,-2.108
1.037,1.411
1.001,-0.052
0.852,-0.91
0.78,-1.977
0.753,1.19
0.879,0.95
0.798,1.082
0.619,1.837
0.548,1.306
0.65,-0.194
0.651,-0.846
0.527,-1.931
0.429,-1.768
0.436,-0.264
0.419,-0.967
0.374,0.595
0.163,-0.553
0.125,0.149
-0.235,-1.372
-0.266,-1.841
-0.199,1.873
-0.203,-1.613
-0.511,-0.928
-0.667,0.685
-0.744,-1.638
-0.855,0.731
-0.743,-0.855
-0.752,-0.017
-0.871,0.539
-1.107,0.378
-1.134,0.369
-1.297,-0.985
-1.334,0.043
-1.565,-0.327
-1.608,-1.816
-1.7,-0.474
-1.822,0.308
-1.877,-0.695
-1.811,-0.868
-1.959,1.061
-1.904,-0.909
-2.105,-1.182
-2.282,-2.409
-2.323,-2.281
-2.771,-2.249
2.942,-2.077
2.662,-2.348
2.536,-2.173
2.433,-2.204
1.912,-2.416
1.939,-2.297
1.907,-2.578
1.806,-2.444
1.786,-2.443
0.484,-2.259
-0.434,-2.443
-1.022,-2.187
-1.265,-2.57
-1.469,-2.291
-1.682,-2.414
-1.7,-2.242
-1.919,-2.147
-1.902,-2.305
-1.982,-2.278
-2.126,2.135
-2.35,2.079
-2.699,2.094
-2.607,2.183
-2.939,2.035
-3.051,2.142
-3.092,2.17
3.101,1.822
2.135,1.959
1.849,2.108
1.807,2.211
1.617,1.906
1.209,2.052
1.321,1.924
0.761,2.207
-0.149,1.951
-0.682,2.079
-1.42,2.231
-1.541,1.886
-1.665,2.145
-2.987,1.0
-3.11,-0.601
2.112,1.059
0.353,0.037
-0.032,-0.631
-1.413,-0.62
-2.906,0.802
2.113,0.108
1.612,-0.747
1.134,0.104
0.141,0.108
-0.039,0.104
-0.177,0.84
-1.377,1.52
-1.624,0.821
0.69,-1.168
-1.316,-1.39
-2.09,0.256
0.739,-2.391
-0.369,-1.827
-1.48,-1.79
0.275,-2.557
0.302,-1.941
0.016,-0.243
-0.158,-0.959
-0.095,-1.344
-0.119,-2.843
-0.221,-1.932
-0.246,-0.3
-0.267,0.653
-0.368,-2.611
-0.344,-1.026
-0.373,-2.435
-0.451,-1.975
-0.469,-2.961
-0.529,-1.38
-0.465,0.3
-0.47,0.562
-0.54,-1.053
-0.567,-2.189
-0.516,-2.891
-0.662,-0.666
-0.725,0.847
-0.738,-2.824
-0.672,-0.024
-0.709,0.076
-0.808,-2.575
-0.855,-0.961
-0.891,0.212
-0.969,-1.844
-1.032,-0.475
-1.036,-0.187
-1.261,-0.616
-1.243,-1.888
-1.297,-2.08
-1.238,0.109
-1.409,-2.901
-1.483,-1.741
-1.623,-2.375
-1.555,-1.02
-1.674,-1.933
-1.69,-1.83
-1.812,-0.421
-1.757,0.873
-1.787,-2.092
-1.81,-1.489
-1.937,-0.374
-1.857,-2.818
-1.877,0.13
-1.976,-1.621
-2.024,-0.433
-2.061,-1.932
-2.017,-0.1
-2.097,-0.732
-2.096,0.251
-2.049,-1.808
-2.093,-2.634
-2.794,-3.002
2.195,-3.29
2.181,-3.03
2.079,-2.965
1.505,-3.047
1.487,-3.195
1.361,-3.397
1.188,-3.403
1.078,-3.226
0.706,-2.997
0.555,-3.289
0.348,-3.12
0.337,-3.242
0.211,-3.271
0.134,-3.058
-0.108,-3.232
-0.224,-3.348
-0.275,-3.198
-1.003,-3.008
-1.39,-3.019
-1.474,-3.166
-1.619,-2.979
-1.669,-3.166
-1.747,-3.257
-1.781,-3.211
-1.716,-3.048
-2.1,-2.917
-2.173,-3.243
-2.442,1.31
-2.482,1.338
-3.122,1.329
2.887,1.276
2.501,1.42
2.405,1.23
2.17,1.049
1.337,1.417
1.348,1.424
0.943,1.121
1.009,1.305
0.774,1.301
0.745,1.441
0.463,1.148
-0.259,1.286
-0.267,1.445
-0.763,1.292
-1.109,1.122
-1.368,1.215
-2.094,1.503
-2.103,1.181
-2.238,0.774
-2.417,-2.678
2.266,0.64
1.978,-1.549
0.361,0.667
0.315,-2.119
-1.691,-0.11
-2.822,-3.127
2.996,-3.225
-1.108,-2.966
-2.073,0.955
-2.108,-1.785
-2.298,0.758
-2.221,-2.366
-2.256,-1.427
-2.474,-1.017
-2.464,-0.482
-2.519,-0.461
-2.647,0.918
-2.556,-0.053
-2.676,0.609
-2.774,-1.742
-2.641,-0.315
-2.729,-0.374
-2.985,-0.254
-2.852,0.576
-3.022,-0.91
-2.972,-0.81
-2.961,-1.301
-3.11,-2.719
-3.058,-2.052
-3.096,-0.578
-3.09,-0.879
2.984,-2.877
2.987,-2.738
2.958,-0.214
2.956,-1.094
3.035,-0.403
2.443,-1.855
2.284,-0.392
2.42,-0.575
2.394,-1.771
2.236,-2.784
2.173,-2.73
2.17,0.887
2.091,-1.699
2.027,-0.23
1.942,-2.626
1.888,-1.206
2.007,-0.791
1.796,-2.087
1.928,-0.218
1.869,-1.217
1.754,-0.097
1.699,-2.504
1.486,-2.475
1.454,-1.607
1.527,1.018
1.358,-1.683
1.441,-0.715
1.105,-0.205
0.952,-0.524
1.004,-2.95
0.999,0.569
0.963,-0.894
0.814,-1.752
0.742,-2.819
0.715,0.348
0.841,0.108
0.76,0.24
0.581,0.995
0.51,0.464
0.612,-1.036
0.613,-1.688
0.489,-2.773
0.391,-2.61
0.398,-1.106
0.381,-1.809
0.336,-0.247
0.125,-1.395
0.087,-0.693
-0.273,-2.214
-0.304,-2.683
-0.237,1.031
-0.241,-2.455
-0.549,-1.77
-0.705,-0.157
-0.782,-2.48
-0.893,-0.111
-0.781,-1.697
-0.79,-0.859
-0.909,-0.303
-1.145,-0.464
-1.172,-0.473
-1.335,-1.827
-1.372,-0.799
-1.603,-1.169
-1.646,-2.658
-1.738,-1.316
-1.86,-0.534
-1.915,-1.537
-1.849,-1.71
-1.997,0.219
-1.942,-1.751
-2.143,-2.024
-2.32,-3.251
-2.361,-3.123
-2.809,-3.091
2.904,-2.919
2.624,-3.19
2.498,-3.015
2.395,-3.046
1.874,-3.258
1.901,-3.139
1.869,-3.42
1.768,-3.286
1.748,-3.285
0.446,-3.101
-0.472,-3.285
-1.06,-3.029
-1.303,-3.412
-1.507,-3.133
-1.72,-3.256
-1.738,-3.084
-1.957,-2.989
-1.94,-3.147
-2.02,-3.12
-2.164,1.293
-2.388,1.237
-2.737,1.252
-2.645,1.341
-2.977,1.193
-3.089,1.3
-3.13,1.328
3.063,0.98
2.097,1.117
1.811,1.266
1.769,1.369
1.579,1.064
1.171,1.21
1.283,1.082
0.723,1.365
-0.187,1.109
-0.72,1.237
-1.458,1.389
-1.579,1.044
-1.703,1.303
-3.025,0.158
3.135,-1.443
2.074,0.217
0.315,-0.805
-0.07,-1.473
-1.451,-1.462
-2.944,-0.04
2.075,-0.734
1.574,-1.589
1.096,-0.738
0.103,-0.734
-0.077,-0.738
-0.215,-0.002
-1.415,0.678
-1.662,-0.021
0.652,-2.01
-1.354,-2.232
-2.128,-0.586
0.701,-3.233
-0.407,-2.669
-1.518,-2.632
0.237,-3.399
0.264,-2.783
-0.174,-0.716
-0.111,-1.101
-0.135,-2.6
-0.237,-1.689
-0.262,-0.057
-0.283,0.896
-0.384,-2.368
-0.36,-0.783
-0.389,-2.192
-0.467,-1.732
-0.485,-2.718
-0.545,-1.137
-0.481,0.543
-0.486,0.805
-0.556,-0.81
-0.583,-1.946
-0.532,-2.648
-0.678,-0.423
-0.741,1.09
-0.754,-2.581
-0.688,0.219
-0.725,0.319
-0.824,-2.332
-0.871,-0.718
-0.907,0.455
-0.985,-1.601
-1.048,-0.232
-1.052,0.056
-1.277,-0.373
-1.259,-1.645
-1.313,-1.837
-1.254,0.352
-1.425,-2.658
-1.499,-1.498
-1.639,-2.132
-1.571,-0.777
-1.69,-1.69
-1.706,-1.587
-1.828,-0.178
-1.773,1.116
-1.803,-1.849
-1.826,-1.246
-1.953,-0.131
-1.873,-2.575
-1.893,0.373
-1.992,-1.378
-2.04,-0.19
-2.077,-1.689
-2.033,0.143
-2.113,-0.489
-2.112,0.494
-2.065,-1.565
-2.109,-2.391
-2.81,-2.759
2.179,-3.047
2.165,-2.787
2.063,-2.722
1.489,-2.804
1.471,-2.952
1.345,-3.154
1.172,-3.16
1.062,-2.983
0.69,-2.754
0.539,-3.046
0.332,-2.877
0.321,-2.999
0.195,-3.028
0.118,-2.815
-0.124,-2.989
-0.24,-3.105
-0.291,-2.955
-1.019,-2.765
-1.406,-2.776
-1.49,-2.923
-1.635,-2.736
-1.685,-2.923
-1.763,-3.014
-1.797,-2.968
-1.732,-2.805
-2.116,-2.674
-2.189,-3.0
-2.458,1.553
-2.498,1.581
-3.138,1.572
2.871,1.519
2.485,1.663
2.389,1.473
2.154,1.292
1.321,1.66
1.332,1.667
0.927,1.364
0.993,1.548
0.758,1.544
0.729,1.684
0.447,1.391
-0.275,1.529
-0.283,1.688
-0.779,1.535
-1.125,1.365
-1.384,1.458
-2.11,1.746
-2.119,1.424
-2.254,1.017
-2.433,-2.435
2.25,0.883
1.962,-1.306
0.345,0.91
0.299,-1.876
-1.707,0.133
-2.838,-2.884
2.98,-2.982
-1.124,-2.723
-2.089,1.198
-2.124,-1.542
-2.314,1.001
-2.237,-2.123
-2.272,-1.184
-2.49,-0.774
-2.48,-0.239
-2.535,-0.218
-2.663,1.161
-2.572,0.19
-2.692,0.852
-2.79,-1.499
-2.657,-0.072
-2.745,-0.131
-3.001,-0.011
-2.868,0.819
-3.038,-0.667
-2.988,-0.567
-2.977,-1.058
-3.126,-2.476
-3.074,-1.809
-3.112,-0.335
-3.106,-0.636
2.968,-2.634
2.971,-2.495
2.942,0.029
2.94,-0.851
3.019,-0.16
2.427,-1.612
2.268,-0.149
2.404,-0.332
2.378,-1.528
2.22,-2.541
2.157,-2.487
2.154,1.13
2.075,-1.456
2.011,0.013
1.926,-2.383
1.872,-0.963
1.991,-0.548
1.78,-1.844
1.912,0.025
1.853,-0.974
1.738,0.146
1.683,-2.261
1.47,-2.232
1.438,-1.364
1.511,1.261
1.342,-1.44
1.425,-0.472
1.089,0.038
0.936,-0.281
0.988,-2.707
0.983,0.812
0.947,-0.651
0.798,-1.509
0.726,-2.576
0.699,0.591
0.825,0.351
0.744,0.483
0.565,1.238
0.494,0.707
0.596,-0.793
0.597,-1.445
0.473,-2.53
0.375,-2.367
0.382,-0.863
0.365,-1.566
0.32,-0.004
0.109,-1.152
0.071,-0.45
-0.289,-1.971
-0.32,-2.44
-0.253,1.274
-0.257,-2.212
-0.565,-1.527
-0.721,0.086
-0.798,-2.237
-0.909,0.132
-0.797,-1.454
-0.806,-0.616
-0.925,-0.06
-1.161,-0.221
-1.188,-0.23
-1.351,-1.584
-1.388,-0.556
-1.619,-0.926
-1.662,-2.415
-1.754,-1.073
-1.876,-0.291
-1.931,-1.294
-1.865,-1.467
-2.013,0.462
-1.958,-1.508
-2.159,-1.781
-2.336,-3.008
-2.377,-2.88
-2.825,-2.848
2.888,-2.676
2.608,-2.947
2.482,-2.772
2.379,-2.803
1.858,-3.015
1.885,-2.896
1.853,-3.177
1.752,-3.043
1.732,-3.042
0.43,-2.858
-0.488,-3.042
-1.076,-2.786
-1.319,-3.169
-1.523,-2.89
-1.736,-3.013
-1.754,-2.841
-1.973,-2.746
-1.956,-2.904
-2.036,-2.877
-2.18,1.536
-2.404,1.48
-2.753,1.495
-2.661,1.584
-2.993,1.436
-3.105,1.543
3.137,1.571
3.047,1.223
2.081,1.36
1.795,1.509
1.753,1.612
1.563,1.307
1.155,1.453
1.267,1.325
0.707,1.608
-0.203,1.352
-0.736,1.48
-1.474,1.632
-1.595,1.287
-1.719,1.546
-3.041,0.401
3.119,-1.2
2.058,0.46
0.299,-0.562
-0.086,-1.23
-1.467,-1.219
-2.96,0.203
2.059,-0.491
1.558,-1.346
1.08,-0.495
0.087,-0.491
-0.093,-0.495
-0.231,0.241
-1.431,0.921
-1.678,0.222
0.636,-1.767
-1.37,-1.989
-2.144,-0.343
0.685,-2.99
-0.423,-2.426
-1.534,-2.389
0.221,-3.156
0.248,-2.54
0.063,-0.385
0.039,-1.884
-0.063,-0.973
-0.088,0.659
-0.109,1.612
-0.21,-1.652
-0.186,-0.067
-0.215,-1.476
-0.293,-1.016
-0.311,-2.002
-0.371,-0.421
-0.307,1.259
-0.312,1.521
-0.382,-0.094
-0.409,-1.23
-0.358,-1.932
-0.504,0.293
-0.567,1.806
-0.58,-1.865
-0.514,0.935
-0.551,1.035
-0.65,-1.616
-0.697,-0.002
-0.733,1.171
-0.811,-0.885
-0.874,0.484
-0.878,0.772
-1.103,0.343
-1.085,-0.929
-1.139,-1.121
-1.08,1.068
-1.251,-1.942
-1.325,-0.782
-1.465,-1.416
-1.397,-0.061
-1.516,-0.974
-1.532,-0.871
-1.654,0.538
-1.599,1.832
-1.629,-1.133
-1.652,-0.53
-1.779,0.585
-1.699,-1.859
-1.719,1.089
-1.818,-0.662
-1.866,0.526
-1.903,-0.973
-1.859,0.859
-1.939,0.227
-1.938,1.21
-1.891,-0.849
-1.935,-1.675
-2.636,-2.043
2.353,-2.331
2.339,-2.071
2.237,-2.006
1.663,-2.088
1.645,-2.236
1.519,-2.438
1.346,-2.444
1.236,-2.267
0.864,-2.038
0.713,-2.33
0.506,-2.161
0.495,-2.283
0.369,-2.312
0.292,-2.099
0.05,-2.273
-0.066,-2.389
-0.117,-2.239
-0.845,-2.049
-1.232,-2.06
-1.316,-2.207
-1.461,-2.02
-1.511,-2.207
-1.589,-2.298
-1.623,-2.252
-1.558,-2.089
-1.942,-1.958
-2.015,-2.284
-2.284,2.269
-2.324,2.297
-2.964,2.288
3.045,2.235
2.659,2.379
2.563,2.189
2.328,2.008
1.495,2.376
1.506,2.383
1.101,2.08
1.167,2.264
0.932,2.26
0.903,2.4
0.621,2.107
-0.101,2.245
-0.109,2.404
-0.605,2.251
-0.951,2.081
-1.21,2.174
-1.936,2.462
-1.945,2.14
-2.08,1.733
-2.259,-1.719
2.424,1.599
2.136,-0.59
0.519,1.626
0.473,-1.16
-1.533,0.849
-2.664,-2.168
-3.129,-2.266
-0.95,-2.007
-1.915,1.914
-1.95,-0.826
-2.14,1.717
-2.063,-1.407
-2.098,-0.468
-2.316,-0.058
-2.306,0.477
-2.361,0.498
-2.489,1.877
-2.398,0.906
-2.518,1.568
-2.616,-0.783
-2.483,0.644
-2.571,0.585
-2.827,0.705
-2.694,1.535
-2.864,0.049
-2.814,0.149
-2.803,-0.342
-2.952,-1.76
-2.9,-1.093
-2.938,0.381
-2.932,0.08
-3.141,-1.918
-3.138,-1.779
3.116,0.745
3.114,-0.135
-3.09,0.556
2.601,-0.896
2.442,0.567
2.578,0.384
2.552,-0.812
2.394,-1.825
2.331,-1.771
2.328,1.846
2.249,-0.74
2.185,0.729
2.1,-1.667
2.046,-0.247
2.165,0.168
1.954,-1.128
2.086,0.741
2.027,-0.258
1.912,0.862
1.857,-1.545
1.644,-1.516
1.612,-0.648
1.685,1.977
1.516,-0.724
1.599,0.244
1.263,0.754
1.11,0.435
1.162,-1.991
1.157,1.528
1.121,0.065
0.972,-0.793
0.9,-1.86
0.873,1.307
0.999,1.067
0.918,1.199
0.739,1.954
0.668,1.423
0.77,-0.077
0.771,-0.729
0.647,-1.814
0.549,-1.651
0.556,-0.147
0.539,-0.85
0.494,0.712
0.283,-0.436
0.245,0.266
-0.115,-1.255
-0.146,-1.724
-0.079,1.99
-0.083,-1.496
-0.391,-0.811
-0.547,0.802
-0.624,-1.521
-0.735,0.848
-0.623,-0.738
-0.632,0.1
-0.751,0.656
-0.987,0.495
-1.014,0.486
-1.177,-0.868
-1.214,0.16
-1.445,-0.21
-1.488,-1.699
-1.58,-0.357
-1.702,0.425
-1.757,-0.578
-1.691,-0.751
-1.839,1.178
-1.784,-0.792
-1.985,-1.065
-2.162,-2.292
-2.203,-2.164
-2.651,-2.132
3.062,-1.96
2.782,-2.231
2.656,-2.056
2.553,-2.087
2.032,-2.299
2.059,-2.18
2.027,-2.461
1.926,-2.327
1.906,-2.326
0.604,-2.142
-0.314,-2.326
-0.902,-2.07
-1.145,-2.453
-1.349,-2.174
-1.562,-2.297
-1.58,-2.125
-1.799,-2.03
-1.782,-2.188
-1.862,-2.161
-2.006,2.252
-2.23,2.196
-2.579,2.211
-2.487,2.3
-2.819,2.152
-2.931,2.259
-2.972,2.287
-3.062,1.939
2.255,2.076
1.969,2.225
1.927,2.328
1.737,2.023
1.329,2.169
1.441,2.041
0.881,2.324
-0.029,2.068
-0.562,2.196
-1.3,2.348
-1.421,2.003
-1.545,2.262
-2.867,1.117
-2.99,-0.484
2.232,1.176
0.473,0.154
0.088,-0.514
-1.293,-0.503
-2.786,0.919
2.233,0.225
1.732,-0.63
1.254,0.221
0.261,0.225
0.081,0.221
-0.057,0.957
-1.257,1.637
-1.504,0.938
0.81,-1.051
-1.196,-1.273
-1.97,0.373
0.859,-2.274
-0.249,-1.71
-1.36,-1.673
0.395,-2.44
0.422,-1.824
-0.024,-1.499
-0.126,-0.588
-0.151,1.044
-0.172,1.997
-0.273,-1.267
-0.249,0.318
-0.278,-1.091
-0.356,-0.631
-0.374,-1.617
-0.434,-0.036
-0.37,1.644
-0.375,1.906
-0.445,0.291
-0.472,-0.845
-0.421,-1.547
-0.567,0.678
-0.63,2.191
-0.643,-1.48
-0.577,1.32
-0.614,1.42
-0.713,-1.231
-0.76,0.383
-0.796,1.556
-0.874,-0.5
-0.937,0.869
-0.941,1.157
-1.166,0.728
-1.148,-0.544
-1.202,-0.736
-1.143,1.453
-1.314,-1.557
-1.388,-0.397
-1.528,-1.031
-1.46,0.324
-1.579,-0.589
-1.595,-0.486
-1.717,0.923
-1.662,2.217
-1.692,-0.748
-1.715,-0.145
-1.842,0.97
-1.762,-1.474
-1.782,1.474
-1.881,-0.277
-1.929,0.911
-1.966,-0.588
-1.922,1.244
-2.002,0.612
-2.001,1.595
-1.954,-0.464
-1.998,-1.29
-2.699,-1.658
2.29,-1.946
2.276,-1.686
2.174,-1.621
1.6,-1.703
1.582,-1.851
1.456,-2.053
1.283,-2.059
1.173,-1.882
0.801,-1.653
0.65,-1.945
0.443,-1.776
0.432,-1.898
0.306,-1.927
0.229,-1.714
-0.013,-1.888
-0.129,-2.004
-0.18,-1.854
-0.908,-1.664
-1.295,-1.675
-1.379,-1.822
-1.524,-1.635
-1.574,-1.822
-1.652,-1.913
-1.686,-1.867
-1.621,-1.704
-2.005,-1.573
-2.078,-1.899
-2.347,2.654
-2.387,2.682
-3.027,2.673
2.982,2.62
2.596,2.764
2.5,2.574
2.265,2.393
1.432,2.761
1.443,2.768
1.038,2.465
1.104,2.649
0.869,2.645
0.84,2.785
0.558,2.492
-0.164,2.63
-0.172,2.789
-0.668,2.636
-1.014,2.466
-1.273,2.559
-1.999,2.847
-2.008,2.525
-2.143,2.118
-2.322,-1.334
2.361,1.984
2.073,-0.205
0.456,2.011
0.41,-0.775
-1.596,1.234
-2.727,-1.783
3.091,-1.881
-1.013,-1.622
-1.978,2.299
-2.013,-0.441
-2.203,2.102
-2.126,-1.022
-2.161,-0.083
-2.379,0.327
-2.369,0.862
-2.424,0.883
-2.552,2.262
-2.461,1.291
-2.581,1.953
-2.679,-0.398
-2.546,1.029
-2.634,0.97
-2.89,1.09
-2.757,1.92
-2.927,0.434
-2.877,0.534
-2.866,0.043
-3.015,-1.375
-2.963,-0.708
-3.001,0.766
-2.995,0.465
3.079,-1.533
3.082,-1.394
3.053,1.13
3.051,0.25
3.13,0.941
2.538,-0.511
2.379,0.952
2.515,0.769
2.489,-0.427
2.331,-1.44
2.268,-1.386
2.265,2.231
2.186,-0.355
2.122,1.114
2.037,-1.282
1.983,0.138
2.102,0.553
1.891,-0.743
2.023,1.126
1.964,0.127
1.849,1.247
1.794,-1.16
1.581,-1.131
1.549,-0.263
1.622,2.362
1.453,-0.339
1.536,0.629
1.2,1.139
1.047,0.82
1.099,-1.606
1.094,1.913
1.058,0.45
0.909,-0.408
0.837,-1.475
0.81,1.692
0.936,1.452
0.855,1.584
0.676,2.339
0.605,1.808
0.707,0.308
0.708,-0.344
0.584,-1.429
0.486,-1.266
0.493,0.238
0.476,-0.465
0.431,1.097
0.22,-0.051
0.182,0.651
-0.178,-0.87
-0.209,-1.339
-0.142,2.375
-0.146,-1.111
-0.454,-0.426
-0.61,1.187
-0.687,-1.136
-0.798,1.233
-0.686,-0.353
-0.695,0.485
-0.814,1.041
-1.05,0.88
-1.077,0.871
-1.24,-0.483
-1.277,0.545
-1.508,0.175
-1.551,-1.314
-1.643,0.028
-1.765,0.81
-1.82,-0.193
-1.754,-0.366
-1.902,1.563
-1.847,-0.407
-2.048,-0.68
-2.225,-1.907
-2.266,-1.779
-2.714,-1.747
2.999,-1.575
2.719,-1.846
2.593,-1.671
2.49,-1.702
1.969,-1.914
1.996,-1.795
1.964,-2.076
1.863,-1.942
1.843,-1.941
0.541,-1.757
-0.377,-1.941
-0.965,-1.685
-1.208,-2.068
-1.412,-1.789
-1.625,-1.912
-1.643,-1.74
-1.862,-1.645
-1.845,-1.803
-1.925,-1.776
-2.069,2.637
-2.293,2.581
-2.642,2.596
-2.55,2.685
-2.882,2.537
-2.994,2.644
-3.035,2.672
-3.125,2.324
2.192,2.461
1.906,2.61
1.864,2.713
1.674,2.408
1.266,2.554
1.378,2.426
0.818,2.709
-0.092,2.453
-0.625,2.581
-1.363,2.733
-1.484,2.388
-1.608,2.647
-2.93,1.502
-3.053,-0.099
2.169,1.561
0.41,0.539
0.025,-0.129
-1.356,-0.118
-2.849,1.304
2.17,0.61
1.669,-0.245
1.191,0.606
0.198,0.61
0.018,0.606
-0.12,1.342
-1.32,2.022
-1.567,1.323
0.747,-0.666
-1.259,-0.888
-2.033,0.758
0.796,-1.889
-0.312,-1.325
-1.423,-1.288
0.332,-2.055
0.359,-1.439
-0.102,0.911
-0.127,2.543
-0.148,3.496
-0.249,0.232
-0.225,1.817
-0.254,0.408
-0.332,0.868
-0.35,-0.118
-0.41,1.463
-0.346,3.143
-0.351,3.405
-0.421,1.79
-0.448,0.654
-0.397,-0.048
-0.543,2.177
-0.606,3.69
-0.619,0.019
-0.553,2.819
-0.59,2.919
-0.689,0.268
-0.736,1.882
-0.772,3.055
-0.85,0.999
-0.913,2.368
-0.917,2.656
-1.142,2.227
-1.124,0.955
-1.178,0.763
-1.119,2.952
-1.29,-0.058
-1.364,1.102
-1.504,0.468
-1.436,1.823
-1.555,0.91
-1.571,1.013
-1.693,2.422
-1.638,3.716
-1.668,0.751
-1.691,1.354
-1.818,2.469
-1.738,0.025
-1.758,2.973
-1.857,1.222
-1.905,2.41
-1.942,0.911
-1.898,2.743
-1.978,2.111
-1.977,3.094
-1.93,1.035
-1.974,0.209
-2.675,-0.159
2.314,-0.447
2.3,-0.187
2.198,-0.122
1.624,-0.204
1.606,-0.352
1.48,-0.554
1.307,-0.56
1.197,-0.383
0.825,-0.154
0.674,-0.446
0.467,-0.277
0.456,-0.399
0.33,-0.428
0.253,-0.215
0.011,-0.389
-0.105,-0.505
-0.156,-0.355
-0.884,-0.165
-1.271,-0.176
-1.355,-0.323
-1.5,-0.136
-1.55,-0.323
-1.628,-0.414
-1.662,-0.368
-1.597,-0.205
-1.981,-0.074
-2.054,-0.4
-2.323,4.153
-2.363,4.181
-3.003,4.172
3.006,4.119
2.62,4.263
2.524,4.073
2.289,3.892
1.456,4.26
1.467,4.267
1.062,3.964
1.128,4.148
0.893,4.144
0.864,4.284
0.582,3.991
-0.14,4.129
-0.148,4.288
-0.644,4.135
-0.99,3.965
-1.249,4.058
-1.975,4.346
-1.984,4.024
-2.119,3.617
-2.298,0.165
2.385,3.483
2.097,1.294
0.48,3.51
0.434,0.724
-1.572,2.733
-2.703,-0.284
3.115,-0.382
-0.989,-0.123
-1.954,3.798
-1.989,1.058
-2.179,3.601
-2.102,0.477
-2.137,1.416
-2.355,1.826
-2.345,2.361
-2.4,2.382
-2.528,3.761
-2.437,2.79
-2.557,3.452
-2.655,1.101
-2.522,2.528
-2.61,2.469
-2.866,2.589
-2.733,3.419
-2.903,1.933
-2.853,2.033
-2.842,1.542
-2.991,0.124
-2.939,0.791
-2.977,2.265
-2.971,1.964
3.103,-0.034
3.106,0.105
3.077,2.629
3.075,1.749
-3.129,2.44
2.562,0.988
2.403,2.451
2.539,2.268
2.513,1.072
2.355,0.059
2.292,0.113
2.289,3.73
2.21,1.144
2.146,2.613
2.061,0.217
2.007,1.637
2.126,2.052
1.915,0.756
2.047,2.625
1.988,1.626
1.873,2.746
1.818,0.339
1.605,0.368
1.573,1.236
1.646,3.861
1.477,1.16
1.56,2.128
1.224,2.638
1.071,2.319
1.123,-0.107
1.118,3.412
1.082,1.949
0.933,1.091
0.861,0.024
0.834,3.191
0.96,2.951
0.879,3.083
0.7,3.838
0.629,3.307
0.731,1.807
0.732,1.155
0.608,0.07
0.51,0.233
0.517,1.737
0.5,1.034
0.455,2.596
0.244,1.448
0.206,2.15
-0.154,0.629
-0.185,0.16
-0.118,3.874
-0.122,0.388
-0.43,1.073
-0.586,2.686
-0.663,0.363
-0.774,2.732
-0.662,1.146
-0.671,1.984
-0.79,2.54
-1.026,2.379
-1.053,2.37
-1.216,1.016
-1.253,2.044
-1.484,1.674
-1.527,0.185
-1.619,1.527
-1.741,2.309
-1.796,1.306
-1.73,1.133
-1.878,3.062
-1.823,1.092
-2.024,0.819
-2.201,-0.408
-2.242,-0.28
-2.69,-0.248
3.023,-0.076
2.743,-0.347
2.617,-0.172
2.514,-0.203
1.993,-0.415
2.02,-0.296
1.988,-0.577
1.887,-0.443
1.867,-0.442
0.565,-0.258
-0.353,-0.442
-0.941,-0.186
-1.184,-0.569
-1.388,-0.29
-1.601,-0.413
-1.619,-0.241
-1.838,-0.146
-1.821,-0.304
-1.901,-0.277
-2.045,4.136
-2.269,4.08
-2.618,4.095
-2.526,4.184
-2.858,4.036
-2.97,4.143
-3.011,4.171
-3.101,3.823
2.216,3.96
1.93,4.109
1.888,4.212
1.698,3.907
1.29,4.053
1.402,3.925
0.842,4.208
-0.068,3.952
-0.601,4.08
-1.339,4.232
-1.46,3.887
-1.584,4.146
-2.906,3.001
-3.029,1.4
2.193,3.06
0.434,2.038
0.049,1.37
-1.332,1.381
-2.825,2.803
2.194,2.109
1.693,1.254
1.215,2.105
0.222,2.109
0.042,2.105
-0.096,2.841
-1.296,3.521
-1.543,2.822
0.771,0.833
-1.235,0.611
-2.009,2.257
0.82,-0.39
-0.288,0.174
-1.399,0.211
0.356,-0.556
0.383,0.06
-0.025,1.632
-0.046,2.585
-0.147,-0.679
-0.123,0.906
-0.152,-0.503
-0.23,-0.043
-0.248,-1.029
-0.308,0.552
-0.244,2.232
-0.249,2.494
-0.319,0.879
-0.346,-0.257
-0.295,-0.959
-0.441,1.266
-0.504,2.779
-0.517,-0.892
-0.451,1.908
-0.488,2.008
-0.587,-0.643
-0.634,0.971
-0.67,2.144
-0.748,0.088
-0.811,1.457
-0.815,1.745
-1.04,1.316
-1.022,0.044
-1.076,-0.148
-1.017,2.041
-1.188,-0.969
-1.262,0.191
-1.402,-0.443
-1.334,0.912
-1.453,-0.001
-1.469,0.102
-1.591,1.511
-1.536,2.805
-1.566,-0.16
-1.589,0.443
-1.716,1.558
-1.636,-0.886
-1.656,2.062
-1.755,0.311
-1.803,1.499
-1.84,0.0
-1.796,1.832
-1.876,1.2
-1.875,2.183
-1.828,0.124
-1.872,-0.702
-2.573,-1.07
2.416,-1.358
2.402,-1.098
2.3,-1.033
1.726,-1.115
1.708,-1.263
1.582,-1.465
1.409,-1.471
1.299,-1.294
0.927,-1.065
0.776,-1.357
0.569,-1.188
0.558,-1.31
0.432,-1.339
0.355,-1.126
0.113,-1.3
-0.003,-1.416
-0.054,-1.266
-0.782,-1.076
-1.169,-1.087
-1.253,-1.234
-1.398,-1.047
-1.448,-1.234
-1.526,-1.325
-1.56,-1.279
-1.495,-1.116
-1.879,-0.985
-1.952,-1.311
-2.221,3.242
-2.261,3.27
-2.901,3.261
3.108,3.208
2.722,3.352
2.626,3.162
2.391,2.981
1.558,3.349
1.569,3.356
1.164,3.053
1.23,3.237
0.995,3.233
0.966,3.373
0.684,3.08
-0.038,3.218
-0.046,3.377
-0.542,3.224
-0.888,3.054
-1.147,3.147
-1.873,3.435
-1.882,3.113
-2.017,2.706
-2.196,-0.746
2.487,2.572
2.199,0.383
0.582,2.599
0.536,-0.187
-1.47,1.822
-2.601,-1.195
-3.066,-1.293
-0.887,-1.034
-1.852,2.887
-1.887,0.147
-2.077,2.69
-2.0,-0.434
-2.035,0.505
-2.253,0.915
-2.243,1.45
-2.298,1.471
-2.426,2.85
-2.335,1.879
-2.455,2.541
-2.553,0.19
-2.42,1.617
-2.508,1.558
-2.764,1.678
-2.631,2.508
-2.801,1.022
-2.751,1.122
-2.74,0.631
-2.889,-0.787
-2.837,-0.12
-2.875,1.354
-2.869,1.053
-3.078,-0.945
-3.075,-0.806
-3.104,1.718
-3.106,0.838
-3.027,1.529
2.664,0.077
2.505,1.54
2.641,1.357
2.615,0.161
2.457,-0.852
2.394,-0.798
2.391,2.819
2.312,0.233
2.248,1.702
2.163,-0.694
2.109,0.726
2.228,1.141
2.017,-0.155
2.149,1.714
2.09,0.715
1.975,1.835
1.92,-0.572
1.707,-0.543
1.675,0.325
1.748,2.95
1.579,0.249
1.662,1.217
1.326,1.727
1.173,1.408
1.225,-1.018
1.22,2.501
1.184,1.038
1.035,0.18
0.963,-0.887
0.936,2.28
1.062,2.04
0.981,2.172
0.802,2.927
0.731,2.396
0.833,0.896
0.834,0.244
0.71,-0.841
0.612,-0.678
0.619,0.826
0.602,0.123
0.557,1.685
0.346,0.537
0.308,1.239
-0.052,-0.282
-0.083,-0.751
-0.016,2.963
-0.02,-0.523
-0.328,0.162
-0.484,1.775
-0.561,-0.548
-0.672,1.821
-0.56,0.235
-0.569,1.073
-0.688,1.629
-0.924,1.468
-0.951,1.459
-1.114,0.105
-1.151,1.133
-1.382,0.763
-1.425,-0.726
-1.517,0.616
-1.639,1.398
-1.694,0.395
-1.628,0.222
-1.776,2.151
-1.721,0.181
-1.922,-0.092
-2.099,-1.319
-2.14,-1.191
-2.588,-1.159
3.125,-0.987
2.845,-1.258
2.719,-1.083
2.616,-1.114
2.095,-1.326
2.122,-1.207
2.09,-1.488
1.989,-1.354
1.969,-1.353
0.667,-1.169
-0.251,-1.353
-0.839,-1.097
-1.082,-1.48
-1.286,-1.201
-1.499,-1.324
-1.517,-1.152
-1.736,-1.057
-1.719,-1.215
-1.799,-1.188
-1.943,3.225
-2.167,3.169
-2.516,3.184
-2.424,3.273
-2.756,3.125
-2.868,3.232
-2.909,3.26
-2.999,2.912
2.318,3.049
2.032,3.198
1.99,3.301
1.8,2.996
1.392,3.142
1.504,3.014
0.944,3.297
0.034,3.041
-0.499,3.169
-1.237,3.321
-1.358,2.976
-1.482,3.235
-2.804,2.09
-2.927,0.489
2.295,2.149
0.536,1.127
0.151,0.459
-1.23,0.47
-2.723,1.892
2.296,1.198
1.795,0.343
1.317,1.194
0.324,1.198
0.144,1.194
0.006,1.93
-1.194,2.61
-1.441,1.911
0.873,-0.078
-1.133,-0.3
-1.907,1.346
0.922,-1.301
-0.186,-0.737
-1.297,-0.7
0.458,-1.467
0.485,-0.851
-0.021,0.953
-0.122,-2.311
-0.098,-0.726
-0.127,-2.135
-0.205,-1.675
-0.223,-2.661
-0.283,-1.08
-0.219,0.6
-0.224,0.862
-0.294,-0.753
-0.321,-1.889
-0.27,-2.591
-0.416,-0.366
-0.479,1.147
-0.492,-2.524
-0.426,0.276
-0.463,0.376
-0.562,-2.275
-0.609,-0.661
-0.645,0.512
-0.723,-1.544
-0.786,-0.175
-0.79,0.113
-1.015,-0.316
-0.997,-1.588
-1.051,-1.78
-0.992,0.409
-1.163,-2.601
-1.237,-1.441
-1.377,-2.075
-1.309,-0.72
-1.428,-1.633
-1.444,-1.53
-1.566,-0.121
-1.511,1.173
-1.541,-1.792
-1.564,-1.189
-1.691,-0.074
-1.611,-2.518
-1.631,0.43
-1.73,-1.321
-1.778,-0.133
-1.815,-1.632
-1.771,0.2
-1.851,-0.432
-1.85,0.551
-1.803,-1.508
-1.847,-2.334
-2.548,-2.702
2.441,-2.99
2.427,-2.73
2.325,-2.665
1.751,-2.747
1.733,-2.895
1.607,-3.097
1.434,-3.103
1.324,-2.926
0.952,-2.697
0.801,-2.989
0.594,-2.82
0.583,-2.942
0.457,-2.971
0.38,-2.758
0.138,-2.932
0.022,-3.048
-0.029,-2.898
-0.757,-2.708
-1.144,-2.719
-1.228,-2.866
-1.373,-2.679
-1.423,-2.866
-1.501,-2.957
-1.535,-2.911
-1.47,-2.748
-1.854,-2.617
-1.927,-2.943
-2.196,1.61
-2.236,1.638
-2.876,1.629
3.133,1.576
2.747,1.72
2.651,1.53
2.416,1.349
1.583,1.717
1.594,1.724
1.189,1.421
1.255,1.605
1.02,1.601
0.991,1.741
0.709,1.448
-0.013,1.586
-0.021,1.745
-0.517,1.592
-0.863,1.422
-1.122,1.515
-1.848,1.803
-1.857,1.481
-1.992,1.074
-2.171,-2.378
2.512,0.94
2.224,-1.249
0.607,0.967
0.561,-1.819
-1.445,0.19
-2.576,-2.827
-3.041,-2.925
-0.862,-2.666
-1.827,1.255
-1.862,-1.485
-2.052,1.058
-1.975,-2.066
-2.01,-1.127
-2.228,-0.717
-2.218,-0.182
-2.273,-0.161
-2.401,1.218
-2.31,0.247
-2.43,0.909
-2.528,-1.442
-2.395,-0.015
-2.483,-0.074
-2.739,0.046
-2.606,0.876
-2.776,-0.61
-2.726,-0.51
-2.715,-1.001
-2.864,-2.419
-2.812,-1.752
-2.85,-0.278
-2.844,-0.579
-3.053,-2.577
-3.05,-2.438
-3.079,0.086
-3.081,-0.794
-3.002,-0.103
2.689,-1.555
2.53,-0.092
2.666,-0.275
2.64,-1.471
2.482,-2.484
2.419,-2.43
2.416,1.187
2.337,-1.399
2.273,0.07
2.188,-2.326
2.134,-0.906
2.253,-0.491
2.042,-1.787
2.174,0.082
2.115,-0.917
2.0,0.203
1.945,-2.204
1.732,-2.175
1.7,-1.307
1.773,1.318
1.604,-1.383
1.687,-0.415
1.351,0.095
1.198,-0.224
1.25,-2.65
1.245,0.869
1.209,-0.594
1.06,-1.452
0.988,-2.519
0.961,0.648
1.087,0.408
1.006,0.54
0.827,1.295
0.756,0.764
0.858,-0.736
0.859,-1.388
0.735,-2.473
0.637,-2.31
0.644,-0.806
0.627,-1.509
0.582,0.053
0.371,-1.095
0.333,-0.393
-0.027,-1.914
-0.058,-2.383
0.009,1.331
0.005,-2.155
-0.303,-1.47
-0.459,0.143
-0.536,-2.18
-0.647,0.189
-0.535,-1.397
-0.544,-0.559
-0.663,-0.003
-0.899,-0.164
-0.926,-0.173
-1.089,-1.527
-1.126,-0.499
-1.357,-0.869
-1.4,-2.358
-1.492,-1.016
-1.614,-0.234
-1.669,-1.237
-1.603,-1.41
-1.751,0.519
-1.696,-1.451
-1.897,-1.724
-2.074,-2.951
-2.115,-2.823
-2.563,-2.791
-3.133,-2.619
2.87,-2.89
2.744,-2.715
2.641,-2.746
2.12,-2.958
2.147,-2.839
2.115,-3.12
2.014,-2.986
1.994,-2.985
0.692,-2.801
-0.226,-2.985
-0.814,-2.729
-1.057,-3.112
-1.261,-2.833
-1.474,-2.956
-1.492,-2.784
-1.711,-2.689
-1.694,-2.847
-1.774,-2.82
-1.918,1.593
-2.142,1.537
-2.491,1.552
-2.399,1.641
-2.731,1.493
-2.843,1.6
-2.884,1.628
-2.974,1.28
2.343,1.417
2.057,1.566
2.015,1.669
1.825,1.364
1.417,1.51
1.529,1.382
0.969,1.665
0.059,1.409
-0.474,1.537
-1.212,1.689
-1.333,1.344
-1.457,1.603
-2.779,0.458
-2.902,-1.143
2.32,0.517
0.561,-0.505
0.176,-1.173
-1.205,-1.162
-2.698,0.26
2.321,-0.434
1.82,-1.289
1.342,-0.438
0.349,-0.434
0.169,-0.438
0.031,0.298
-1.169,0.978
-1.416,0.279
0.898,-1.71
-1.108,-1.932
-1.882,-0.286
0.947,-2.933
-0.161,-2.369
-1.272,-2.332
0.483,-3.099
0.51,-2.483
-0.101,-3.264
-0.077,-1.679
-0.106,-3.088
-0.184,-2.628
-0.202,-3.614
-0.262,-2.033
-0.198,-0.353
-0.203,-0.091
-0.273,-1.706
-0.3,-2.842
-0.249,-3.544
-0.395,-1.319
-0.458,0.194
-0.471,-3.477
-0.405,-0.677
-0.442,-0.577
-0.541,-3.228
-0.588,-1.614
-0.624,-0.441
-0.702,-2.497
-0.765,-1.128
-0.769,-0.84
-0.994,-1.269
-0.976,-2.541
-1.03,-2.733
-0.971,-0.544
-1.142,-3.554
-1.216,-2.394
-1.356,-3.028
-1.288,-1.673
-1.407,-2.586
-1.423,-2.483
-1.545,-1.074
-1.49,0.22
-1.52,-2.745
-1.543,-2.142
-1.67,-1.027
-1.59,-3.471
-1.61,-0.523
-1.709,-2.274
-1.757,-1.086
-1.794,-2.585
-1.75,-0.753
-1.83,-1.385
-1.829,-0.402
-1.782,-2.461
-1.826,-3.287
-2.527,-3.655
2.462,-3.943
2.448,-3.683
2.346,-3.618
1.772,-3.7
1.754,-3.848
1.628,-4.05
1.455,-4.056
1.345,-3.879
0.973,-3.65
0.822,-3.942
0.615,-3.773
0.604,-3.895
0.478,-3.924
0.401,-3.711
0.159,-3.885
0.043,-4.001
-0.008,-3.851
-0.736,-3.661
-1.123,-3.672
-1.207,-3.819
-1.352,-3.632
-1.402,-3.819
-1.48,-3.91
-1.514,-3.864
-1.449,-3.701
-1.833,-3.57
-1.906,-3.896
-2.175,0.657
-2.215,0.685
-2.855,0.676
-3.129,0.623
2.768,0.767
2.672,0.577
2.437,0.396
1.604,0.764
1.615,0.771
1.21,0.468
1.276,0.652
1.041,0.648
1.012,0.788
0.73,0.495
0.008,0.633
0.0,0.792
-0.496,0.639
-0.842,0.469
-1.101,0.562
-1.827,0.85
-1.836,0.528
-1.971,0.121
-2.15,-3.331
2.533,-0.013
2.245,-2.202
0.628,0.014
0.582,-2.772
-1.424,-0.763
-2.555,-3.78
-3.02,-3.878
-0.841,-3.619
-1.806,0.302
-1.841,-2.438
-2.031,0.105
-1.954,-3.019
-1.989,-2.08
-2.207,-1.67
-2.197,-1.135
-2.252,-1.114
-2.38,0.265
-2.289,-0.706
-2.409,-0.044
-2.507,-2.395
-2.374,-0.968
-2.462,-1.027
-2.718,-0.907
-2.585,-0.077
-2.755,-1.563
-2.705,-1.463
-2.694,-1.954
-2.843,-3.372
-2.791,-2.705
-2.829,-1.231
-2.823,-1.532
-3.032,-3.53
-3.029,-3.391
-3.058,-0.867
-3.06,-1.747
-2.981,-1.056
2.71,-2.508
2.551,-1.045
2.687,-1.228
2.661,-2.424
2.503,-3.437
2.44,-3.383
2.437,0.234
2.358,-2.352
2.294,-0.883
2.209,-3.279
2.155,-1.859
2.274,-1.444
2.063,-2.74
2.195,-0.871
2.136,-1.87
2.021,-0.75
1.966,-3.157
1.753,-3.128
1.721,-2.26
1.794,0.365
1.625,-2.336
1.708,-1.368
1.372,-0.858
1.219,-1.177
1.271,-3.603
1.266,-0.084
1.23,-1.547
1.081,-2.405
1.009,-3.472
0.982,-0.305
1.108,-0.545
1.027,-0.413
0.848,0.342
0.777,-0.189
0.879,-1.689
0.88,-2.341
0.756,-3.426
0.658,-3.263
0.665,-1.759
0.648,-2.462
0.603,-0.9
0.392,-2.048
0.354,-1.346
-0.006,-2.867
-0.037,-3.336
0.03,0.378
0.026,-3.108
-0.282,-2.423
-0.438,-0.81
-0.515,-3.133
-0.626,-0.764
-0.514,-2.35
-0.523,-1.512
-0.642,-0.956
-0.878,-1.117
-0.905,-1.126
-1.068,-2.48
-1.105,-1.452
-1.336,-1.822
-1.379,-3.311
-1.471,-1.969
-1.593,-1.187
-1.648,-2.19
-1.582,-2.363
-1.73,-0.434
-1.675,-2.404
-1.876,-2.677
-2.053,-3.904
-2.094,-3.776
-2.542,-3.744
-3.112,-3.572
2.891,-3.843
2.765,-3.668
2.662,-3.699
2.141,-3.911
2.168,-3.792
2.136,-4.073
2.035,-3.939
2.015,-3.938
0.713,-3.754
-0.205,-3.938
-0.793,-3.682
-1.036,-4.065
-1.24,-3.786
-1.453,-3.909
-1.471,-3.737
-1.69,-3.642
-1.673,-3.8
-1.753,-3.773
-1.897,0.64
-2.121,0.584
-2.47,0.599
-2.378,0.688
-2.71,0.54
-2.822,0.647
-2.863,0.675
-2.953,0.327
2.364,0.464
2.078,0.613
2.036,0.716
1.846,0.411
1.438,0.557
1.55,0.429
0.99,0.712
0.08,0.456
-0.453,0.584
-1.191,0.736
-1.312,0.391
-1.436,0.65
-2.758,-0.495
-2.881,-2.096
2.341,-0.436
0.582,-1.458
0.197,-2.126
-1.184,-2.115
-2.677,-0.693
2.342,-1.387
1.841,-2.242
1.363,-1.391
0.37,-1.387
0.19,-1.391
0.052,-0.655
-1.148,0.025
-1.395,-0.674
0.919,-2.663
-1.087,-2.885
-1.861,-1.239
0.968,-3.886
-0.14,-3.322
-1.251,-3.285
0.504,-4.052
0.531,-3.436
0.024,1.585
-0.005,0.176
-0.083,0.636
-0.101,-0.35
-0.161,1.231
-0.097,2.911
-0.102,3.173
-0.172,1.558
-0.199,0.422
-0.148,-0.28
-0.294,1.945
-0.357,3.458
-0.37,-0.213
-0.304,2.587
-0.341,2.687
-0.44,0.036
-0.487,1.65
-0.523,2.823
-0.601,0.767
-0.664,2.136
-0.668,2.424
-0.893,1.995
-0.875,0.723
-0.929,0.531
-0.87,2.72
-1.041,-0.29
-1.115,0.87
-1.255,0.236
-1.187,1.591
-1.306,0.678
-1.322,0.781
-1.444,2.19
-1.389,3.484
-1.419,0.519
-1.442,1.122
-1.569,2.237
-1.489,-0.207
-1.509,2.741
-1.608,0.99
-1.656,2.178
-1.693,0.679
-1.649,2.511
-1.729,1.879
-1.728,2.862
-1.681,0.803
-1.725,-0.023
-2.426,-0.391
2.563,-0.679
2.549,-0.419
2.447,-0.354
1.873,-0.436
1.855,-0.584
1.729,-0.786
1.556,-0.792
1.446,-0.615
1.074,-0.386
0.923,-0.678
0.716,-0.509
0.705,-0.631
0.579,-0.66
0.502,-0.447
0.26,-0.621
0.144,-0.737
0.093,-0.587
-0.635,-0.397
-1.022,-0.408
-1.106,-0.555
-1.251,-0.368
-1.301,-0.555
-1.379,-0.646
-1.413,-0.6
-1.348,-0.437
-1.732,-0.306
-1.805,-0.632
-2.074,3.921
-2.114,3.949
-2.754,3.94
-3.028,3.887
2.869,4.031
2.773,3.841
2.538,3.66
1.705,4.028
1.716,4.035
1.311,3.732
1.377,3.916
1.142,3.912
1.113,4.052
0.831,3.759
0.109,3.897
0.101,4.056
-0.395,3.903
-0.741,3.733
-1.0,3.826
-1.726,4.114
-1.735,3.792
-1.87,3.385
-2.049,-0.067
2.634,3.251
2.346,1.062
0.729,3.278
0.683,0.492
-1.323,2.501
-2.454,-0.516
-2.919,-0.614
-0.74,-0.355
-1.705,3.566
-1.74,0.826
-1.93,3.369
-1.853,0.245
-1.888,1.184
-2.106,1.594
-2.096,2.129
-2.151,2.15
-2.279,3.529
-2.188,2.558
-2.308,3.22
-2.406,0.869
-2.273,2.296
-2.361,2.237
-2.617,2.357
-2.484,3.187
-2.654,1.701
-2.604,1.801
-2.593,1.31
-2.742,-0.108
-2.69,0.559
-2.728,2.033
-2.722,1.732
-2.931,-0.266
-2.928,-0.127
-2.957,2.397
-2.959,1.517
-2.88,2.208
2.811,0.756
2.652,2.219
2.788,2.036
2.762,0.84
2.604,-0.173
2.541,-0.119
2.538,3.498
2.459,0.912
2.395,2.381
2.31,-0.015
2.256,1.405
2.375,1.82
2.164,0.524
2.296,2.393
2.237,1.394
2.122,2.514
2.067,0.107
1.854,0.136
1.822,1.004
1.895,3.629
1.726,0.928
1.809,1.896
1.473,2.406
1.32,2.087
1.372,-0.339
1.367,3.18
1.331,1.717
1.182,0.859
1.11,-0.208
1.083,2.959
1.209,2.719
1.128,2.851
0.949,3.606
0.878,3.075
0.98,1.575
0.981,0.923
0.857,-0.162
0.759,0.001
0.766,1.505
0.749,0.802
0.704,2.364
0.493,1.216
0.455,1.918
0.095,0.397
0.064,-0.072
0.131,3.642
0.127,0.156
-0.181,0.841
-0.337,2.454
-0.414,0.131
-0.525,2.5
-0.413,0.914
-0.422,1.752
-0.541,2.308
-0.777,2.147
-0.804,2.138
-0.967,0.784
-1.004,1.812
-1.235,1.442
-1.278,-0.047
-1.37,1.295
-1.492,2.077
-1.547,1.074
-1.481,0.901
-1.629,2.83
-1.574,0.86
-1.775,0.587
-1.952,-0.64
-1.993,-0.512
-2.441,-0.48
-3.011,-0.308
2.992,-0.579
2.866,-0.404
2.763,-0.435
2.242,-0.647
2.269,-0.528
2.237,-0.809
2.136,-0.675
2.116,-0.674
0.814,-0.49
-0.104,-0.674
-0.692,-0.418
-0.935,-0.801
-1.139,-0.522
-1.352,-0.645
-1.37,-0.473
-1.589,-0.378
-1.572,-0.536
-1.652,-0.509
-1.796,3.904
-2.02,3.848
-2.369,3.863
-2.277,3.952
-2.609,3.804
-2.721,3.911
-2.762,3.939
-2.852,3.591
2.465,3.728
2.179,3.877
2.137,3.98
1.947,3.675
1.539,3.821
1.651,3.693
1.091,3.976
0.181,3.72
-0.352,3.848
-1.09,4.0
-1.211,3.655
-1.335,3.914
-2.657,2.769
-2.78,1.168
2.442,2.828
0.683,1.806
0.298,1.138
-1.083,1.149
-2.576,2.571
2.443,1.877
1.942,1.022
1.464,1.873
0.471,1.877
0.291,1.873
0.153,2.609
-1.047,3.289
-1.294,2.59
1.02,0.601
-0.986,0.379
-1.76,2.025
1.069,-0.622
-0.039,-0.058
-1.15,-0.021
0.605,-0.788
0.632,-0.172
-0.029,-1.409
-0.107,-0.949
-0.125,-1.935
-0.185,-0.354
-0.121,1.326
-0.126,1.588
-0.196,-0.027
-0.223,-1.163
-0.172,-1.865
-0.318,0.36
-0.381,1.873
-0.394,-1.798
-0.328,1.002
-0.365,1.102
-0.464,-1.549
-0.511,0.065
-0.547,1.238
-0.625,-0.818
-0.688,0.551
-0.692,0.839
-0.917,0.41
-0.899,-0.862
-0.953,-1.054
-0.894,1.135
-1.065,-1.875
-1.139,-0.715
-1.279,-1.349
-1.211,0.006
-1.33,-0.907
-1.346,-0.804
-1.468,0.605
-1.413,1.899
-1.443,-1.066
-1.466,-0.463
-1.593,0.652
-1.513,-1.792
-1.533,1.156
-1.632,-0.595
-1.68,0.593
-1.717,-0.906
-1.673,0.926
-1.753,0.294
-1.752,1.277
-1.705,-0.782
-1.749,-1.608
-2.45,-1.976
2.539,-2.264
2.525,-2.004
2.423,-1.939
1.849,-2.021
1.831,-2.169
1.705,-2.371
1.532,-2.377
1.422,-2.2
1.05,-1.971
0.899,-2.263
0.692,-2.094
0.681,-2.216
0.555,-2.245
0.478,-2.032
0.236,-2.206
0.12,-2.322
0.069,-2.172
-0.659,-1.982
-1.046,-1.993
-1.13,-2.14
-1.275,-1.953
-1.325,-2.14
-1.403,-2.231
-1.437,-2.185
-1.372,-2.022
-1.756,-1.891
-1.829,-2.217
-2.098,2.336
-2.138,2.364
-2.778,2.355
-3.052,2.302
2.845,2.446
2.749,2.256
2.514,2.075
1.681,2.443
1.692,2.45
1.287,2.147
1.353,2.331
1.118,2.327
1.089,2.467
0.807,2.174
0.085,2.312
0.077,2.471
-0.419,2.318
-0.765,2.148
-1.024,2.241
-1.75,2.529
-1.759,2.207
-1.894,1.8
-2.073,-1.652
2.61,1.666
2.322,-0.523
0.705,1.693
0.659,-1.093
-1.347,0.916
-2.478,-2.101
-2.943,-2.199
-0.764,-1.94
-1.729,1.981
-1.764,-0.759
-1.954,1.784
-1.877,-1.34
-1.912,-0.401
-2.13,0.009
-2.12,0.544
-2.175,0.565
-2.303,1.944
-2.212,0.973
-2.332,1.635
-2.43,-0.716
-2.297,0.711
-2.385,0.652
-2.641,0.772
-2.508,1.602
-2.678,0.116
-2.628,0.216
-2.617,-0.275
-2.766,-1.693
-2.714,-1.026
-2.752,0.448
-2.746,0.147
-2.955,-1.851
-2.952,-1.712
-2.981,0.812
-2.983,-0.068
-2.904,0.623
2.787,-0.829
2.628,0.634
2.764,0.451
2.738,-0.745
2.58,-1.758
2.517,-1.704
2.514,1.913
2.435,-0.673
2.371,0.796
2.286,-1.6
2.232,-0.18
2.351,0.235
2.14,-1.061
2.272,0.808
2.213,-0.191
2.098,0.929
2.043,-1.478
1.83,-1.449
1.798,-0.581
1.871,2.044
1.702,-0.657
1.785,0.311
1.449,0.821
1.296,0.502
1.348,-1.924
1.343,1.595
1.307,0.132
1.158,-0.726
1.086,-1.793
1.059,1.374
1.185,1.134
1.104,1.266
0.925,2.021
0.854,1.49
0.956,-0.01
0.957,-0.662
0.833,-1.747
0.735,-1.584
0.742,-0.08
0.725,-0.783
0.68,0.779
0.469,-0.369
0.431,0.333
0.071,-1.188
0.04,-1.657
0.107,2.057
0.103,-1.429
-0.205,-0.744
-0.361,0.869
-0.438,-1.454
-0.549,0.915
-0.437,-0.671
-0.446,0.167
-0.565,0.723
-0.801,0.562
-0.828,0.553
-0.991,-0.801
-1.028,0.227
-1.259,-0.143
-1.302,-1.632
-1.394,-0.29
-1.516,0.492
-1.571,-0.511
-1.505,-0.684
-1.653,1.245
-1.598,-0.725
-1.799,-0.998
-1.976,-2.225
-2.017,-2.097
-2.465,-2.065
-3.035,-1.893
2.968,-2.164
2.842,-1.989
2.739,-2.02
2.218,-2.232
2.245,-2.113
2.213,-2.394
2.112,-2.26
2.092,-2.259
0.79,-2.075
-0.128,-2.259
-0.716,-2.003
-0.959,-2.386
-1.163,-2.107
-1.376,-2.23
-1.394,-2.058
-1.613,-1.963
-1.596,-2.121
-1.676,-2.094
-1.82,2.319
-2.044,2.263
-2.393,2.278
-2.301,2.367
-2.633,2.219
-2.745,2.326
-2.786,2.354
-2.876,2.006
2.441,2.143
2.155,2.292
2.113,2.395
1.923,2.09
1.515,2.236
1.627,2.108
1.067,2.391
0.157,2.135
-0.376,2.263
-1.114,2.415
-1.235,2.07
-1.359,2.329
-2.681,1.184
-2.804,-0.417
2.418,1.243
0.659,0.221
0.274,-0.447
-1.107,-0.436
-2.6,0.986
2.419,0.292
1.918,-0.563
1.44,0.288
0.447,0.292
0.267,0.288
0.129,1.024
-1.071,1.704
-1.318,1.005
0.996,-0.984
-1.01,-1.206
-1.784,0.44
1.045,-2.207
-0.063,-1.643
-1.174,-1.606
0.581,-2.373
0.608,-1.757
-0.078,0.46
-0.096,-0.526
-0.156,1.055
-0.092,2.735
-0.097,2.997
-0.167,1.382
-0.194,0.246
-0.143,-0.456
-0.289,1.769
-0.352,3.282
-0.365,-0.389
-0.299,2.411
-0.336,2.511
-0.435,-0.14
-0.482,1.474
-0.518,2.647
-0.596,0.591
-0.659,1.96
-0.663,2.248
-0.888,1.819
-0.87,0.547
-0.924,0.355
-0.865,2.544
-1.036,-0.466
-1.11,0.694
-1.25,0.06
-1.182,1.415
-1.301,0.502
-1.317,0.605
-1.439,2.014
-1.384,3.308
-1.414,0.343
-1.437,0.946
-1.564,2.061
-1.484,-0.383
-1.504,2.565
-1.603,0.814
-1.651,2.002
-1.688,0.503
-1.644,2.335
-1.724,1.703
-1.723,2.686
-1.676,0.627
-1.72,-0.199
-2.421,-0.567
2.568,-0.855
2.554,-0.595
2.452,-0.53
1.878,-0.612
1.86,-0.76
1.734,-0.962
1.561,-0.968
1.451,-0.791
1.079,-0.562
0.928,-0.854
0.721,-0.685
0.71,-0.807
0.584,-0.836
0.507,-0.623
0.265,-0.797
0.149,-0.913
0.098,-0.763
-0.63,-0.573
-1.017,-0.584
-1.101,-0.731
-1.246,-0.544
-1.296,-0.731
-1.374,-0.822
-1.408,-0.776
-1.343,-0.613
-1.727,-0.482
-1.8,-0.808
-2.069,3.745
-2.109,3.773
-2.749,3.764
-3.023,3.711
2.874,3.855
2.778,3.665
2.543,3.484
1.71,3.852
1.721,3.859
1.316,3.556
1.382,3.74
1.147,3.736
1.118,3.876
0.836,3.583
0.114,3.721
0.106,3.88
-0.39,3.727
-0.736,3.557
-0.995,3.65
-1.721,3.938
-1.73,3.616
-1.865,3.209
-2.044,-0.243
2.639,3.075
2.351,0.886
0.734,3.102
0.688,0.316
-1.318,2.325
-2.449,-0.692
-2.914,-0.79
-0.735,-0.531
-1.7,3.39
-1.735,0.65
-1.925,3.193
-1.848,0.069
-1.883,1.008
-2.101,1.418
-2.091,1.953
-2.146,1.974
-2.274,3.353
-2.183,2.382
-2.303,3.044
-2.401,0.693
-2.268,2.12
-2.356,2.061
-2.612,2.181
-2.479,3.011
-2.649,1.525
-2.599,1.625
-2.588,1.134
-2.737,-0.284
-2.685,0.383
-2.723,1.857
-2.717,1.556
-2.926,-0.442
-2.923,-0.303
-2.952,2.221
-2.954,1.341
-2.875,2.032
2.816,0.58
2.657,2.043
2.793,1.86
2.767,0.664
2.609,-0.349
2.546,-0.295
2.543,3.322
2.464,0.736
2.4,2.205
2.315,-0.191
2.261,1.229
2.38,1.644
2.169,0.348
2.301,2.217
2.242,1.218
2.127,2.338
2.072,-0.069
1.859,-0.04
1.827,0.828
1.9,3.453
1.731,0.752
1.814,1.72
1.478,2.23
1.325,1.911
1.377,-0.515
1.372,3.004
1.336,1.541
1.187,0.683
1.115,-0.384
1.088,2.783
1.214,2.543
1.133,2.675
0.954,3.43
0.883,2.899
0.985,1.399
0.986,0.747
0.862,-0.338
0.764,-0.175
0.771,1.329
0.754,0.626
0.709,2.188
0.498,1.04
0.46,1.742
0.1,0.221
0.069,-0.248
0.136,3.466
0.132,-0.02
-0.176,0.665
-0.332,2.278
-0.409,-0.045
-0.52,2.324
-0.408,0.738
-0.417,1.576
-0.536,2.132
-0.772,1.971
-0.799,1.962
-0.962,0.608
-0.999,1.636
-1.23,1.266
-1.273,-0.223
-1.365,1.119
-1.487,1.901
-1.542,0.898
-1.476,0.725
-1.624,2.654
-1.569,0.684
-1.77,0.411
-1.947,-0.816
-1.988,-0.688
-2.436,-0.656
-3.006,-0.484
2.997,-0.755
2.871,-0.58
2.768,-0.611
2.247,-0.823
2.274,-0.704
2.242,-0.985
2.141,-0.851
2.121,-0.85
0.819,-0.666
-0.099,-0.85
-0.687,-0.594
-0.93,-0.977
-1.134,-0.698
-1.347,-0.821
-1.365,-0.649
-1.584,-0.554
-1.567,-0.712
-1.647,-0.685
-1.791,3.728
-2.015,3.672
-2.364,3.687
-2.272,3.776
-2.604,3.628
-2.716,3.735
-2.757,3.763
-2.847,3.415
2.47,3.552
2.184,3.701
2.142,3.804
1.952,3.499
1.544,3.645
1.656,3.517
1.096,3.8
0.186,3.544
-0.347,3.672
-1.085,3.824
-1.206,3.479
-1.33,3.738
-2.652,2.593
-2.775,0.992
2.447,2.652
0.688,1.63
0.303,0.962
-1.078,0.973
-2.571,2.395
2.448,1.701
1.947,0.846
1.469,1.697
0.476,1.701
0.296,1.697
0.158,2.433
-1.042,3.113
-1.289,2.414
1.025,0.425
-0.981,0.203
-1.755,1.849
1.074,-0.798
-0.034,-0.234
-1.145,-0.197
0.61,-0.964
0.637,-0.348
-0.018,-0.986
-0.078,0.595
-0.014,2.275
-0.019,2.537
-0.089,0.922
-0.116,-0.214
-0.065,-0.916
-0.211,1.309
-0.274,2.822
-0.287,-0.849
-0.221,1.951
-0.258,2.051
-0.357,-0.6
-0.404,1.014
-0.44,2.187
-0.518,0.131
-0.581,1.5
-0.585,1.788
-0.81,1.359
-0.792,0.087
-0.846,-0.105
-0.787,2.084
-0.958,-0.926
-1.032,0.234
-1.172,-0.4
-1.104,0.955
-1.223,0.042
-1.239,0.145
-1.361,1.554
-1.306,2.848
-1.336,-0.117
-1.359,0.486
-1.486,1.601
-1.406,-0.843
-1.426,2.105
-1.525,0.354
-1.573,1.542
-1.61,0.043
-1.566,1.875
-1.646,1.243
-1.645,2.226
-1.598,0.167
-1.642,-0.659
-2.343,-1.027
2.646,-1.315
2.632,-1.055
2.53,-0.99
1.956,-1.072
1.938,-1.22
1.812,-1.422
1.639,-1.428
1.529,-1.251
1.157,-1.022
1.006,-1.314
0.799,-1.145
0.788,-1.267
0.662,-1.296
0.585,-1.083
0.343,-1.257
0.227,-1.373
0.176,-1.223
-0.552,-1.033
-0.939,-1.044
-1.023,-1.191
-1.168,-1.004
-1.218,-1.191
-1.296,-1.282
-1.33,-1.236
-1.265,-1.073
-1.649,-0.942
-1.722,-1.268
-1.991,3.285
-2.031,3.313
-2.671,3.304
-2.945,3.251
2.952,3.395
2.856,3.205
2.621,3.024
1.788,3.392
1.799,3.399
1.394,3.096
1.46,3.28
1.225,3.276
1.196,3.416
0.914,3.123
0.192,3.261
0.184,3.42
-0.312,3.267
-0.658,3.097
-0.917,3.19
-1.643,3.478
-1.652,3.156
-1.787,2.749
-1.966,-0.703
2.717,2.615
2.429,0.426
0.812,2.642
0.766,-0.144
-1.24,1.865
-2.371,-1.152
-2.836,-1.25
-0.657,-0.991
-1.622,2.93
-1.657,0.19
-1.847,2.733
-1.77,-0.391
-1.805,0.548
-2.023,0.958
-2.013,1.493
-2.068,1.514
-2.196,2.893
-2.105,1.922
-2.225,2.584
-2.323,0.233
-2.19,1.66
-2.278,1.601
-2.534,1.721
-2.401,2.551
-2.571,1.065
-2.521,1.165
-2.51,0.674
-2.659,-0.744
-2.607,-0.077
-2.645,1.397
-2.639,1.096
-2.848,-0.902
-2.845,-0.763
-2.874,1.761
-2.876,0.881
-2.797,1.572
2.894,0.12
2.735,1.583
2.871,1.4
2.845,0.204
2.687,-0.809
2.624,-0.755
2.621,2.862
2.542,0.276
2.478,1.745
2.393,-0.651
2.339,0.769
2.458,1.184
2.247,-0.112
2.379,1.757
2.32,0.758
2.205,1.878
2.15,-0.529
1.937,-0.5
1.905,0.368
1.978,2.993
1.809,0.292
1.892,1.26
1.556,1.77
1.403,1.451
1.455,-0.975
1.45,2.544
1.414,1.081
1.265,0.223
1.193,-0.844
1.166,2.323
1.292,2.083
1.211,2.215
1.032,2.97
0.961,2.439
1.063,0.939
1.064,0.287
0.94,-0.798
0.842,-0.635
0.849,0.869
0.832,0.166
0.787,1.728
0.576,0.58
0.538,1.282
0.178,-0.239
0.147,-0.708
0.214,3.006
0.21,-0.48
-0.098,0.205
-0.254,1.818
-0.331,-0.505
-0.442,1.864
-0.33,0.278
-0.339,1.116
-0.458,1.672
-0.694,1.511
-0.721,1.502
-0.884,0.148
-0.921,1.176
-1.152,0.806
-1.195,-0.683
-1.287,0.659
-1.409,1.441
-1.464,0.438
-1.398,0.265
-1.546,2.194
-1.491,0.224
-1.692,-0.049
-1.869,-1.276
-1.91,-1.148
-2.358,-1.116
-2.928,-0.944
3.075,-1.215
2.949,-1.04
2.846,-1.071
2.325,-1.283
2.352,-1.164
2.32,-1.445
2.219,-1.311
2.199,-1.31
0.897,-1.126
-0.021,-1.31
-0.609,-1.054
-0.852,-1.437
-1.056,-1.158
-1.269,-1.281
-1.287,-1.109
-1.506,-1.014
-1.489,-1.172
-1.569,-1.145
-1.713,3.268
-1.937,3.212
-2.286,3.227
-2.194,3.316
-2.526,3.168
-2.638,3.275
-2.679,3.303
-2.769,2.955
2.548,3.092
2.262,3.241
2.22,3.344
2.03,3.039
1.622,3.185
1.734,3.057
1.174,3.34
0.264,3.084
-0.269,3.212
-1.007,3.364
-1.128,3.019
-1.252,3.278
-2.574,2.133
-2.697,0.532
2.525,2.192
0.766,1.17
0.381,0.502
-1.0,0.513
-2.493,1.935
2.526,1.241
2.025,0.386
1.547,1.237
0.554,1.241
0.374,1.237
0.236,1.973
-0.964,2.653
-1.211,1.954
1.103,-0.035
-0.903,-0.257
-1.677,1.389
1.152,-1.258
0.044,-0.694
-1.067,-0.657
0.688,-1.424
0.715,-0.808
-0.06,1.581
0.004,3.261
-0.001,3.523
-0.071,1.908
-0.098,0.772
-0.047,0.07
-0.193,2.295
-0.256,3.808
-0.269,0.137
-0.203,2.937
-0.24,3.037
-0.339,0.386
-0.386,2.0
-0.422,3.173
-0.5,1.117
-0.563,2.486
-0.567,2.774
-0.792,2.345
-0.774,1.073
-0.828,0.881
-0.769,3.07
-0.94,0.06
-1.014,1.22
-1.154,0.586
-1.086,1.941
-1.205,1.028
-1.221,1.131
-1.343,2.54
-1.288,3.834
-1.318,0.869
-1.341,1.472
-1.468,2.587
-1.388,0.143
-1.408,3.091
-1.507,1.34
-1.555,2.528
-1.592,1.029
-1.548,2.861
-1.628,2.229
-1.627,3.212
-1.58,1.153
-1.624,0.327
-2.325,-0.041
2.664,-0.329
2.65,-0.069
2.548,-0.004
1.974,-0.086
1.956,-0.234
1.83,-0.436
1.657,-0.442
1.547,-0.265
1.175,-0.036
1.024,-0.328
0.817,-0.159
0.806,-0.281
0.68,-0.31
0.603,-0.097
0.361,-0.271
0.245,-0.387
0.194,-0.237
-0.534,-0.047
-0.921,-0.058
-1.005,-0.205
-1.15,-0.018
-1.2,-0.205
-1.278,-0.296
-1.312,-0.25
-1.247,-0.087
-1.631,0.044
-1.704,-0.282
-1.973,4.271
-2.013,4.299
-2.653,4.29
-2.927,4.237
2.97,4.381
2.874,4.191
2.639,4.01
1.806,4.378
1.817,4.385
1.412,4.082
1.478,4.266
1.243,4.262
1.214,4.402
0.932,4.109
0.21,4.247
0.202,4.406
-0.294,4.253
-0.64,4.083
-0.899,4.176
-1.625,4.464
-1.634,4.142
-1.769,3.735
-1.948,0.283
2.735,3.601
2.447,1.412
0.83,3.628
0.784,0.842
-1.222,2.851
-2.353,-0.166
-2.818,-0.264
-0.639,-0.005
-1.604,3.916
-1.639,1.176
-1.829,3.719
-1.752,0.595
-1.787,1.534
-2.005,1.944
-1.995,2.479
-2.05,2.5
-2.178,3.879
-2.087,2.908
-2.207,3.57
-2.305,1.219
-2.172,2.646
-2.26,2.587
-2.516,2.707
-2.383,3.537
-2.553,2.051
-2.503,2.151
-2.492,1.66
-2.641,0.242
-2.589,0.909
-2.627,2.383
-2.621,2.082
-2.83,0.084
-2.827,0.223
-2.856,2.747
-2.858,1.867
-2.779,2.558
2.912,1.106
2.753,2.569
2.889,2.386
2.863,1.19
2.705,0.177
2.642,0.231
2.639,3.848
2.56,1.262
2.496,2.731
2.411,0.335
2.357,1.755
2.476,2.17
2.265,0.874
2.397,2.743
2.338,1.744
2.223,2.864
2.168,0.457
1.955,0.486
1.923,1.354
1.996,3.979
1.827,1.278
1.91,2.246
1.574,2.756
1.421,2.437
1.473,0.011
1.468,3.53
1.432,2.067
1.283,1.209
1.211,0.142
1.184,3.309
1.31,3.069
1.229,3.201
1.05,3.956
0.979,3.425
1.081,1.925
1.082,1.273
0.958,0.188
0.86,0.351
0.867,1.855
0.85,1.152
0.805,2.714
0.594,1.566
0.556,2.268
0.196,0.747
0.165,0.278
0.232,3.992
0.228,0.506
-0.08,1.191
-0.236,2.804
-0.313,0.481
-0.424,2.85
-0.312,1.264
-0.321,2.102
-0.44,2.658
-0.676,2.497
-0.703,2.488
-0.866,1.134
-0.903,2.162
-1.134,1.792
-1.177,0.303
-1.269,1.645
-1.391,2.427
-1.446,1.424
-1.38,1.251
-1.528,3.18
-1.473,1.21
-1.674,0.937
-1.851,-0.29
-1.892,-0.162
-2.34,-0.13
-2.91,0.042
3.093,-0.229
2.967,-0.054
2.864,-0.085
2.343,-0.297
2.37,-0.178
2.338,-0.459
2.237,-0.325
2.217,-0.324
0.915,-0.14
-0.003,-0.324
-0.591,-0.068
-0.834,-0.451
-1.038,-0.172
-1.251,-0.295
-1.269,-0.123
-1.488,-0.028
-1.471,-0.186
-1.551,-0.159
-1.695,4.254
-1.919,4.198
-2.268,4.213
-2.176,4.302
-2.508,4.154
-2.62,4.261
-2.661,4.289
-2.751,3.941
2.566,4.078
2.28,4.227
2.238,4.33
2.048,4.025
1.64,4.171
1.752,4.043
1.192,4.326
0.282,4.07
-0.251,4.198
-0.989,4.35
-1.11,4.005
-1.234,4.264
-2.556,3.119
-2.679,1.518
2.543,3.178
0.784,2.156
0.399,1.488
-0.982,1.499
-2.475,2.921
2.544,2.227
2.043,1.372
1.565,2.223
0.572,2.227
0.392,2.223
0.254,2.959
-0.946,3.639
-1.193,2.94
1.121,0.951
-0.885,0.729
-1.659,2.375
1.17,-0.272
0.062,0.292
-1.049,0.329
0.706,-0.438
0.733,0.178
0.064,1.68
0.059,1.942
-0.011,0.327
-0.038,-0.809
0.013,-1.511
-0.133,0.714
-0.196,2.227
-0.209,-1.444
-0.143,1.356
-0.18,1.456
-0.279,-1.195
-0.326,0.419
-0.362,1.592
-0.44,-0.464
-0.503,0.905
-0.507,1.193
-0.732,0.764
-0.714,-0.508
-0.768,-0.7
-0.709,1.489
-0.88,-1.521
-0.954,-0.361
-1.094,-0.995
-1.026,0.36
-1.145,-0.553
-1.161,-0.45
-1.283,0.959
-1.228,2.253
-1.258,-0.712
-1.281,-0.109
-1.408,1.006
-1.328,-1.438
-1.348,1.51
-1.447,-0.241
-1.495,0.947
-1.532,-0.552
-1.488,1.28
-1.568,0.648
-1.567,1.631
-1.52,-0.428
-1.564,-1.254
-2.265,-1.622
2.724,-1.91
2.71,-1.65
2.608,-1.585
2.034,-1.667
2.016,-1.815
1.89,-2.017
1.717,-2.023
1.607,-1.846
1.235,-1.617
1.084,-1.909
0.877,-1.74
0.866,-1.862
0.74,-1.891
0.663,-1.678
0.421,-1.852
0.305,-1.968
0.254,-1.818
-0.474,-1.628
-0.861,-1.639
-0.945,-1.786
-1.09,-1.599
-1.14,-1.786
-1.218,-1.877
-1.252,-1.831
-1.187,-1.668
-1.571,-1.537
-1.644,-1.863
-1.913,2.69
-1.953,2.718
-2.593,2.709
-2.867,2.656
3.03,2.8
2.934,2.61
2.699,2.429
1.866,2.797
1.877,2.804
1.472,2.501
1.538,2.685
1.303,2.681
1.274,2.821
0.992,2.528
0.27,2.666
0.262,2.825
-0.234,2.672
-0.58,2.502
-0.839,2.595
-1.565,2.883
-1.574,2.561
-1.709,2.154
-1.888,-1.298
2.795,2.02
2.507,-0.169
0.89,2.047
0.844,-0.739
-1.162,1.27
-2.293,-1.747
-2.758,-1.845
-0.579,-1.586
-1.544,2.335
-1.579,-0.405
-1.769,2.138
-1.692,-0.986
-1.727,-0.047
-1.945,0.363
-1.935,0.898
-1.99,0.919
-2.118,2.298
-2.027,1.327
-2.147,1.989
-2.245,-0.362
-2.112,1.065
-2.2,1.006
-2.456,1.126
-2.323,1.956
-2.493,0.47
-2.443,0.57
-2.432,0.079
-2.581,-1.339
-2.529,-0.672
-2.567,0.802
-2.561,0.501
-2.77,-1.497
-2.767,-1.358
-2.796,1.166
-2.798,0.286
-2.719,0.977
2.972,-0.475
2.813,0.988
2.949,0.805
2.923,-0.391
2.765,-1.404
2.702,-1.35
2.699,2.267
2.62,-0.319
2.556,1.15
2.471,-1.246
2.417,0.174
2.536,0.589
2.325,-0.707
2.457,1.162
2.398,0.163
2.283,1.283
2.228,-1.124
2.015,-1.095
1.983,-0.227
2.056,2.398
1.887,-0.303
1.97,0.665
1.634,1.175
1.481,0.856
1.533,-1.57
1.528,1.949
1.492,0.486
1.343,-0.372
1.271,-1.439
1.244,1.728
1.37,1.488
1.289,1.62
1.11,2.375
1.039,1.844
1.141,0.344
1.142,-0.308
1.018,-1.393
0.92,-1.23
0.927,0.274
0.91,-0.429
0.865,1.133
0.654,-0.015
0.616,0.687
0.256,-0.834
0.225,-1.303
0.292,2.411
0.288,-1.075
-0.02,-0.39
-0.176,1.223
-0.253,-1.1
-0.364,1.269
-0.252,-0.317
-0.261,0.521
-0.38,1.077
-0.616,0.916
-0.643,0.907
-0.806,-0.447
-0.843,0.581
-1.074,0.211
-1.117,-1.278
-1.209,0.064
-1.331,0.846
-1.386,-0.157
-1.32,-0.33
-1.468,1.599
-1.413,-0.371
-1.614,-0.644
-1.791,-1.871
-1.832,-1.743
-2.28,-1.711
-2.85,-1.539
-3.13,-1.81
3.027,-1.635
2.924,-1.666
2.403,-1.878
2.43,-1.759
2.398,-2.04
2.297,-1.906
2.277,-1.905
0.975,-1.721
0.057,-1.905
-0.531,-1.649
-0.774,-2.032
-0.978,-1.753
-1.191,-1.876
-1.209,-1.704
-1.428,-1.609
-1.411,-1.767
-1.491,-1.74
-1.635,2.673
-1.859,2.617
-2.208,2.632
-2.116,2.721
-2.448,2.573
-2.56,2.68
-2.601,2.708
-2.691,2.36
2.626,2.497
2.34,2.646
2.298,2.749
2.108,2.444
1.7,2.59
1.812,2.462
1.252,2.745
0.342,2.489
-0.191,2.617
-0.929,2.769
-1.05,2.424
-1.174,2.683
-2.496,1.538
-2.619,-0.063
2.603,1.597
0.844,0.575
0.459,-0.093
-0.922,-0.082
-2.415,1.34
2.604,0.646
2.103,-0.209
1.625,0.642
0.632,0.646
0.452,0.642
0.314,1.378
-0.886,2.058
-1.133,1.359
1.181,-0.63
-0.825,-0.852
-1.599,0.794
1.23,-1.853
0.122,-1.289
-0.989,-1.252
0.766,-2.019
0.793,-1.403
-0.005,0.262
-0.075,-1.353
-0.102,-2.489
-0.051,-3.191
-0.197,-0.966
-0.26,0.547
-0.273,-3.124
-0.207,-0.324
-0.244,-0.224
-0.343,-2.875
-0.39,-1.261
-0.426,-0.088
-0.504,-2.144
-0.567,-0.775
-0.571,-0.487
-0.796,-0.916
-0.778,-2.188
-0.832,-2.38
-0.773,-0.191
-0.944,-3.201
-1.018,-2.041
-1.158,-2.675
-1.09,-1.32
-1.209,-2.233
-1.225,-2.13
-1.347,-0.721
-1.292,0.573
-1.322,-2.392
-1.345,-1.789
-1.472,-0.674
-1.392,-3.118
-1.412,-0.17
-1.511,-1.921
-1.559,-0.733
-1.596,-2.232
-1.552,-0.4
-1.632,-1.032
-1.631,-0.049
-1.584,-2.108
-1.628,-2.934
-2.329,-3.302
2.66,-3.59
2.646,-3.33
2.544,-3.265
1.97,-3.347
1.952,-3.495
1.826,-3.697
1.653,-3.703
1.543,-3.526
1.171,-3.297
1.02,-3.589
0.813,-3.42
0.802,-3.542
0.676,-3.571
0.599,-3.358
0.357,-3.532
0.241,-3.648
0.19,-3.498
-0.538,-3.308
-0.925,-3.319
-1.009,-3.466
-1.154,-3.279
-1.204,-3.466
-1.282,-3.557
-1.316,-3.511
-1.251,-3.348
-1.635,-3.217
-1.708,-3.543
-1.977,1.01
-2.017,1.038
-2.657,1.029
-2.931,0.976
2.966,1.12
2.87,0.93
2.635,0.749
1.802,1.117
1.813,1.124
1.408,0.821
1.474,1.005
1.239,1.001
1.21,1.141
0.928,0.848
0.206,0.986
0.198,1.145
-0.298,0.992
-0.644,0.822
-0.903,0.915
-1.629,1.203
-1.638,0.881
-1.773,0.474
-1.952,-2.978
2.731,0.34
2.443,-1.849
0.826,0.367
0.78,-2.419
-1.226,-0.41
-2.357,-3.427
-2.822,-3.525
-0.643,-3.266
-1.608,0.655
-1.643,-2.085
-1.833,0.458
-1.756,-2.666
-1.791,-1.727
-2.009,-1.317
-1.999,-0.782
-2.054,-0.761
-2.182,0.618
-2.091,-0.353
-2.211,0.309
-2.309,-2.042
-2.176,-0.615
-2.264,-0.674
-2.52,-0.554
-2.387,0.276
-2.557,-1.21
-2.507,-1.11
-2.496,-1.601
-2.645,-3.019
-2.593,-2.352
-2.631,-0.878
-2.625,-1.179
-2.834,-3.177
-2.831,-3.038
-2.86,-0.514
-2.862,-1.394
-2.783,-0.703
2.908,-2.155
2.749,-0.692
2.885,-0.875
2.859,-2.071
2.701,-3.084
2.638,-3.03
2.635,0.587
2.556,-1.999
2.492,-0.53
2.407,-2.926
2.353,-1.506
2.472,-1.091
2.261,-2.387
2.393,-0.518
2.334,-1.517
2.219,-0.397
2.164,-2.804
1.951,-2.775
1.919,-1.907
1.992,0.718
1.823,-1.983
1.906,-1.015
1.57,-0.505
1.417,-0.824
1.469,-3.25
1.464,0.269
1.428,-1.194
1.279,-2.052
1.207,-3.119
1.18,0.048
1.306,-0.192
1.225,-0.06
1.046,0.695
0.975,0.164
1.077,-1.336
1.078,-1.988
0.954,-3.073
0.856,-2.91
0.863,-1.406
0.846,-2.109
0.801,-0.547
0.59,-1.695
0.552,-0.993
0.192,-2.514
0.161,-2.983
0.228,0.731
0.224,-2.755
-0.084,-2.07
-0.24,-0.457
-0.317,-2.78
-0.428,-0.411
-0.316,-1.997
-0.325,-1.159
-0.444,-0.603
-0.68,-0.764
-0.707,-0.773
-0.87,-2.127
-0.907,-1.099
-1.138,-1.469
-1.181,-2.958
-1.273,-1.616
-1.395,-0.834
-1.45,-1.837
-1.384,-2.01
-1.532,-0.081
-1.477,-2.051
-1.678,-2.324
-1.855,-3.551
-1.896,-3.423
-2.344,-3.391
-2.914,-3.219
3.089,-3.49
2.963,-3.315
2.86,-3.346
2.339,-3.558
2.366,-3.439
2.334,-3.72
2.233,-3.586
2.213,-3.585
0.911,-3.401
-0.007,-3.585
-0.595,-3.329
-0.838,-3.712
-1.042,-3.433
-1.255,-3.556
-1.273,-3.384
-1.492,-3.289
-1.475,-3.447
-1.555,-3.42
-1.699,0.993
-1.923,0.937
-2.272,0.952
-2.18,1.041
-2.512,0.893
-2.624,1.0
-2.665,1.028
-2.755,0.68
2.562,0.817
2.276,0.966
2.234,1.069
2.044,0.764
1.636,0.91
1.748,0.782
1.188,1.065
0.278,0.809
-0.255,0.937
-0.993,1.089
-1.114,0.744
-1.238,1.003
-2.56,-0.142
-2.683,-1.743
2.539,-0.083
0.78,-1.105
0.395,-1.773
-0.986,-1.762
-2.479,-0.34
2.54,-1.034
2.039,-1.889
1.561,-1.038
0.568,-1.034
0.388,-1.038
0.25,-0.302
-0.95,0.378
-1.197,-0.321
1.117,-2.31
-0.889,-2.532
-1.663,-0.886
1.166,-3.533
0.058,-2.969
-1.053,-2.932
0.702,-3.699
0.729,-3.083
-0.07,-1.615
-0.097,-2.751
-0.046,-3.453
-0.192,-1.228
-0.255,0.285
-0.268,-3.386
-0.202,-0.586
-0.239,-0.486
-0.338,-3.137
-0.385,-1.523
-0.421,-0.35
-0.499,-2.406
-0.562,-1.037
-0.566,-0.749
-0.791,-1.178
-0.773,-2.45
-0.827,-2.642
-0.768,-0.453
-0.939,-3.463
-1.013,-2.303
-1.153,-2.937
-1.085,-1.582
-1.204,-2.495
-1.22,-2.392
-1.342,-0.983
-1.287,0.311
-1.317,-2.654
-1.34,-2.051
-1.467,-0.936
-1.387,-3.38
-1.407,-0.432
-1.506,-2.183
-1.554,-0.995
-1.591,-2.494
-1.547,-0.662
-1.627,-1.294
-1.626,-0.311
-1.579,-2.37
-1.623,-3.196
-2.324,-3.564
2.665,-3.852
2.651,-3.592
2.549,-3.527
1.975,-3.609
1.957,-3.757
1.831,-3.959
1.658,-3.965
1.548,-3.788
1.176,-3.559
1.025,-3.851
0.818,-3.682
0.807,-3.804
0.681,-3.833
0.604,-3.62
0.362,-3.794
0.246,-3.91
0.195,-3.76
-0.533,-3.57
-0.92,-3.581
-1.004,-3.728
-1.149,-3.541
-1.199,-3.728
-1.277,-3.819
-1.311,-3.773
-1.246,-3.61
-1.63,-3.479
-1.703,-3.805
-1.972,0.748
-2.012,0.776
-2.652,0.767
-2.926,0.714
2.971,0.858
2.875,0.668
2.64,0.487
1.807,0.855
1.818,0.862
1.413,0.559
1.479,0.743
1.244,0.739
1.215,0.879
0.933,0.586
0.211,0.724
0.203,0.883
-0.293,0.73
-0.639,0.56
-0.898,0.653
-1.624,0.941
-1.633,0.619
-1.768,0.212
-1.947,-3.24
2.736,0.078
2.448,-2.111
0.831,0.105
0.785,-2.681
-1.221,-0.672
-2.352,-3.689
-2.817,-3.787
-0.638,-3.528
-1.603,0.393
-1.638,-2.347
-1.828,0.196
-1.751,-2.928
-1.786,-1.989
-2.004,-1.579
-1.994,-1.044
-2.049,-1.023
-2.177,0.356
-2.086,-0.615
-2.206,0.047
-2.304,-2.304
-2.171,-0.877
-2.259,-0.936
-2.515,-0.816
-2.382,0.014
-2.552,-1.472
-2.502,-1.372
-2.491,-1.863
-2.64,-3.281
-2.588,-2.614
-2.626,-1.14
-2.62,-1.441
-2.829,-3.439
-2.826,-3.3
-2.855,-0.776
-2.857,-1.656
-2.778,-0.965
2.913,-2.417
2.754,-0.954
2.89,-1.137
2.864,-2.333
2.706,-3.346
2.643,-3.292
2.64,0.325
2.561,-2.261
2.497,-0.792
2.412,-3.188
2.358,-1.768
2.477,-1.353
2.266,-2.649
2.398,-0.78
2.339,-1.779
2.224,-0.659
2.169,-3.066
1.956,-3.037
1.924,-2.169
1.997,0.456
1.828,-2.245
1.911,-1.277
1.575,-0.767
1.422,-1.086
1.474,-3.512
1.469,0.007
1.433,-1.456
1.284,-2.314
1.212,-3.381
1.185,-0.214
1.311,-0.454
1.23,-0.322
1.051,0.433
0.98,-0.098
1.082,-1.598
1.083,-2.25
0.959,-3.335
0.861,-3.172
0.868,-1.668
0.851,-2.371
0.806,-0.809
0.595,-1.957
0.557,-1.255
0.197,-2.776
0.166,-3.245
0.233,0.469
0.229,-3.017
-0.079,-2.332
-0.235,-0.719
-0.312,-3.042
-0.423,-0.673
-0.311,-2.259
-0.32,-1.421
-0.439,-0.865
-0.675,-1.026
-0.702,-1.035
-0.865,-2.389
-0.902,-1.361
-1.133,-1.731
-1.176,-3.22
-1.268,-1.878
-1.39,-1.096
-1.445,-2.099
-1.379,-2.272
-1.527,-0.343
-1.472,-2.313
-1.673,-2.586
-1.85,-3.813
-1.891,-3.685
-2.339,-3.653
-2.909,-3.481
3.094,-3.752
2.968,-3.577
2.865,-3.608
2.344,-3.82
2.371,-3.701
2.339,-3.982
2.238,-3.848
2.218,-3.847
0.916,-3.663
-0.002,-3.847
-0.59,-3.591
-0.833,-3.974
-1.037,-3.695
-1.25,-3.818
-1.268,-3.646
-1.487,-3.551
-1.47,-3.709
-1.55,-3.682
-1.694,0.731
-1.918,0.675
-2.267,0.69
-2.175,0.779
-2.507,0.631
-2.619,0.738
-2.66,0.766
-2.75,0.418
2.567,0.555
2.281,0.704
2.239,0.807
2.049,0.502
1.641,0.648
1.753,0.52
1.193,0.803
0.283,0.547
-0.25,0.675
-0.988,0.827
-1.109,0.482
-1.233,0.741
-2.555,-0.404
-2.678,-2.005
2.544,-0.345
0.785,-1.367
0.4,-2.035
-0.981,-2.024
-2.474,-0.602
2.545,-1.296
2.044,-2.151
1.566,-1.3
0.573,-1.296
0.393,-1.3
0.255,-0.564
-0.945,0.116
-1.192,-0.583
1.122,-2.572
-0.884,-2.794
-1.658,-1.148
1.171,-3.795
0.063,-3.231
-1.048,-3.194
0.707,-3.961
0.734,-3.345
-0.027,-1.136
0.024,-1.838
-0.122,0.387
-0.185,1.9
-0.198,-1.771
-0.132,1.029
-0.169,1.129
-0.268,-1.522
-0.315,0.092
-0.351,1.265
-0.429,-0.791
-0.492,0.578
-0.496,0.866
-0.721,0.437
-0.703,-0.835
-0.757,-1.027
-0.698,1.162
-0.869,-1.848
-0.943,-0.688
-1.083,-1.322
-1.015,0.033
-1.134,-0.88
-1.15,-0.777
-1.272,0.632
-1.217,1.926
-1.247,-1.039
-1.27,-0.436
-1.397,0.679
-1.317,-1.765
-1.337,1.183
-1.436,-0.568
-1.484,0.62
-1.521,-0.879
-1.477,0.953
-1.557,0.321
-1.556,1.304
-1.509,-0.755
-1.553,-1.581
-2.254,-1.949
2.735,-2.237
2.721,-1.977
2.619,-1.912
2.045,-1.994
2.027,-2.142
1.901,-2.344
1.728,-2.35
1.618,-2.173
1.246,-1.944
1.095,-2.236
0.888,-2.067
0.877,-2.189
0.751,-2.218
0.674,-2.005
0.432,-2.179
0.316,-2.295
0.265,-2.145
-0.463,-1.955
-0.85,-1.966
-0.934,-2.113
-1.079,-1.926
-1.129,-2.113
-1.207,-2.204
-1.241,-2.158
-1.176,-1.995
-1.56,-1.864
-1.633,-2.19
-1.902,2.363
-1.942,2.391
-2.582,2.382
-2.856,2.329
3.041,2.473
2.945,2.283
2.71,2.102
1.877,2.47
1.888,2.477
1.483,2.174
1.549,2.358
1.314,2.354
1.285,2.494
1.003,2.201
0.281,2.339
0.273,2.498
-0.223,2.345
-0.569,2.175
-0.828,2.268
-1.554,2.556
-1.563,2.234
-1.698,1.827
-1.877,-1.625
2.806,1.693
2.518,-0.496
0.901,1.72
0.855,-1.066
-1.151,0.943
-2.282,-2.074
-2.747,-2.172
-0.568,-1.913
-1.533,2.008
-1.568,-0.732
-1.758,1.811
-1.681,-1.313
-1.716,-0.374
-1.934,0.036
-1.924,0.571
-1.979,0.592
-2.107,1.971
-2.016,1.0
-2.136,1.662
-2.234,-0.689
-2.101,0.738
-2.189,0.679
-2.445,0.799
-2.312,1.629
-2.482,0.143
-2.432,0.243
-2.421,-0.248
-2.57,-1.666
-2.518,-0.999
-2.556,0.475
-2.55,0.174
-2.759,-1.824
-2.756,-1.685
-2.785,0.839
-2.787,-0.041
-2.708,0.65
2.983,-0.802
2.824,0.661
2.96,0.478
2.934,-0.718
2.776,-1.731
2.713,-1.677
2.71,1.94
2.631,-0.646
2.567,0.823
2.482,-1.573
2.428,-0.153
2.547,0.262
2.336,-1.034
2.468,0.835
2.409,-0.164
2.294,0.956
2.239,-1.451
2.026,-1.422
1.994,-0.554
2.067,2.071
1.898,-0.63
1.981,0.338
1.645,0.848
1.492,0.529
1.544,-1.897
1.539,1.622
1.503,0.159
1.354,-0.699
1.282,-1.766
1.255,1.401
1.381,1.161
1.3,1.293
1.121,2.048
1.05,1.517
1.152,0.017
1.153,-0.635
1.029,-1.72
0.931,-1.557
0.938,-0.053
0.921,-0.756
0.876,0.806
0.665,-0.342
0.627,0.36
0.267,-1.161
0.236,-1.63
0.303,2.084
0.299,-1.402
-0.009,-0.717
-0.165,0.896
-0.242,-1.427
-0.353,0.942
-0.241,-0.644
-0.25,0.194
-0.369,0.75
-0.605,0.589
-0.632,0.58
-0.795,-0.774
-0.832,0.254
-1.063,-0.116
-1.106,-1.605
-1.198,-0.263
-1.32,0.519
-1.375,-0.484
-1.309,-0.657
-1.457,1.272
-1.402,-0.698
-1.603,-0.971
-1.78,-2.198
-1.821,-2.07
-2.269,-2.038
-2.839,-1.866
-3.119,-2.137
3.038,-1.962
2.935,-1.993
2.414,-2.205
2.441,-2.086
2.409,-2.367
2.308,-2.233
2.288,-2.232
0.986,-2.048
0.068,-2.232
-0.52,-1.976
-0.763,-2.359
-0.967,-2.08
-1.18,-2.203
-1.198,-2.031
-1.417,-1.936
-1.4,-2.094
-1.48,-2.067
-1.624,2.346
-1.848,2.29
-2.197,2.305
-2.105,2.394
-2.437,2.246
-2.549,2.353
-2.59,2.381
-2.68,2.033
2.637,2.17
2.351,2.319
2.309,2.422
2.119,2.117
1.711,2.263
1.823,2.135
1.263,2.418
0.353,2.162
-0.18,2.29
-0.918,2.442
-1.039,2.097
-1.163,2.356
-2.485,1.211
-2.608,-0.39
2.614,1.27
0.855,0.248
0.47,-0.42
-0.911,-0.409
-2.404,1.013
2.615,0.319
2.114,-0.536
1.636,0.315
0.643,0.319
0.463,0.315
0.325,1.051
-0.875,1.731
-1.122,1.032
1.192,-0.957
-0.814,-1.179
-1.588,0.467
1.241,-2.18
0.133,-1.616
-0.978,-1.579
0.777,-2.346
0.804,-1.73
0.051,-0.702
-0.095,1.523
-0.158,3.036
-0.171,-0.635
-0.105,2.165
-0.142,2.265
-0.241,-0.386
-0.288,1.228
-0.324,2.401
-0.402,0.345
-0.465,1.714
-0.469,2.002
-0.694,1.573
-0.676,0.301
-0.73,0.109
-0.671,2.298
-0.842,-0.712
-0.916,0.448
-1.056,-0.186
-0.988,1.169
-1.107,0.256
-1.123,0.359
-1.245,1.768
-1.19,3.062
-1.22,0.097
-1.243,0.7
-1.37,1.815
-1.29,-0.629
-1.31,2.319
-1.409,0.568
-1.457,1.756
-1.494,0.257
-1.45,2.089
-1.53,1.457
-1.529,2.44
-1.482,0.381
-1.526,-0.445
-2.227,-0.813
2.762,-1.101
2.748,-0.841
2.646,-0.776
2.072,-0.858
2.054,-1.006
1.928,-1.208
1.755,-1.214
1.645,-1.037
1.273,-0.808
1.122,-1.1
0.915,-0.931
0.904,-1.053
0.778,-1.082
0.701,-0.869
0.459,-1.043
0.343,-1.159
0.292,-1.009
-0.436,-0.819
-0.823,-0.83
-0.907,-0.977
-1.052,-0.79
-1.102,-0.977
-1.18,-1.068
-1.214,-1.022
-1.149,-0.859
-1.533,-0.728
-1.606,-1.054
-1.875,3.499
-1.915,3.527
-2.555,3.518
-2.829,3.465
3.068,3.609
2.972,3.419
2.737,3.238
1.904,3.606
1.915,3.613
1.51,3.31
1.576,3.494
1.341,3.49
1.312,3.63
1.03,3.337
0.308,3.475
0.3,3.634
-0.196,3.481
-0.542,3.311
-0.801,3.404
-1.527,3.692
-1.536,3.37
-1.671,2.963
-1.85,-0.489
2.833,2.829
2.545,0.64
0.928,2.856
0.882,0.07
-1.124,2.079
-2.255,-0.938
-2.72,-1.036
-0.541,-0.777
-1.506,3.144
-1.541,0.404
-1.731,2.947
-1.654,-0.177
-1.689,0.762
-1.907,1.172
-1.897,1.707
-1.952,1.728
-2.08,3.107
-1.989,2.136
-2.109,2.798
-2.207,0.447
-2.074,1.874
-2.162,1.815
-2.418,1.935
-2.285,2.765
-2.455,1.279
-2.405,1.379
-2.394,0.888
-2.543,-0.53
-2.491,0.137
-2.529,1.611
-2.523,1.31
-2.732,-0.688
-2.729,-0.549
-2.758,1.975
-2.76,1.095
-2.681,1.786
3.01,0.334
2.851,1.797
2.987,1.614
2.961,0.418
2.803,-0.595
2.74,-0.541
2.737,3.076
2.658,0.49
2.594,1.959
2.509,-0.437
2.455,0.983
2.574,1.398
2.363,0.102
2.495,1.971
2.436,0.972
2.321,2.092
2.266,-0.315
2.053,-0.286
2.021,0.582
2.094,3.207
1.925,0.506
2.008,1.474
1.672,1.984
1.519,1.665
1.571,-0.761
1.566,2.758
1.53,1.295
1.381,0.437
1.309,-0.63
1.282,2.537
1.408,2.297
1.327,2.429
1.148,3.184
1.077,2.653
1.179,1.153
1.18,0.501
1.056,-0.584
0.958,-0.421
0.965,1.083
0.948,0.38
0.903,1.942
0.692,0.794
0.654,1.496
0.294,-0.025
0.263,-0.494
0.33,3.22
0.326,-0.266
0.018,0.419
-0.138,2.032
-0.215,-0.291
-0.326,2.078
-0.214,0.492
-0.223,1.33
-0.342,1.886
-0.578,1.725
-0.605,1.716
-0.768,0.362
-0.805,1.39
-1.036,1.02
-1.079,-0.469
-1.171,0.873
-1.293,1.655
-1.348,0.652
-1.282,0.479
-1.43,2.408
-1.375,0.438
-1.576,0.165
-1.753,-1.062
-1.794,-0.934
-2.242,-0.902
-2.812,-0.73
-3.092,-1.001
3.065,-0.826
2.962,-0.857
2.441,-1.069
2.468,-0.95
2.436,-1.231
2.335,-1.097
2.315,-1.096
1.013,-0.912
0.095,-1.096
-0.493,-0.84
-0.736,-1.223
-0.94,-0.944
-1.153,-1.067
-1.171,-0.895
-1.39,-0.8
-1.373,-0.958
-1.453,-0.931
-1.597,3.482
-1.821,3.426
-2.17,3.441
-2.078,3.53
-2.41,3.382
-2.522,3.489
-2.563,3.517
-2.653,3.169
2.664,3.306
2.378,3.455
2.336,3.558
2.146,3.253
1.738,3.399
1.85,3.271
1.29,3.554
0.38,3.298
-0.153,3.426
-0.891,3.578
-1.012,3.233
-1.136,3.492
-2.458,2.347
-2.581,0.746
2.641,2.406
0.882,1.384
0.497,0.716
-0.884,0.727
-2.377,2.149
2.642,1.455
2.141,0.6
1.663,1.451
0.67,1.455
0.49,1.451
0.352,2.187
-0.848,2.867
-1.095,2.168
1.219,0.179
-0.787,-0.043
-1.561,1.603
1.268,-1.044
0.16,-0.48
-0.951,-0.443
0.804,-1.21
0.831,-0.594
-0.146,2.225
-0.209,3.738
-0.222,0.067
-0.156,2.867
-0.193,2.967
-0.292,0.316
-0.339,1.93
-0.375,3.103
-0.453,1.047
-0.516,2.416
-0.52,2.704
-0.745,2.275
-0.727,1.003
-0.781,0.811
-0.722,3.0
-0.893,-0.01
-0.967,1.15
-1.107,0.516
-1.039,1.871
-1.158,0.958
-1.174,1.061
-1.296,2.47
-1.241,3.764
-1.271,0.799
-1.294,1.402
-1.421,2.517
-1.341,0.073
-1.361,3.021
-1.46,1.27
-1.508,2.458
-1.545,0.959
-1.501,2.791
-1.581,2.159
-1.58,3.142
-1.533,1.083
-1.577,0.257
-2.278,-0.111
2.711,-0.399
2.697,-0.139
2.595,-0.074
2.021,-0.156
2.003,-0.304
1.877,-0.506
1.704,-0.512
1.594,-0.335
1.222,-0.106
1.071,-0.398
0.864,-0.229
0.853,-0.351
0.727,-0.38
0.65,-0.167
0.408,-0.341
0.292,-0.457
0.241,-0.307
-0.487,-0.117
-0.874,-0.128
-0.958,-0.275
-1.103,-0.088
-1.153,-0.275
-1.231,-0.366
-1.265,-0.32
-1.2,-0.157
-1.584,-0.026
-1.657,-0.352
-1.926,4.201
-1.966,4.229
-2.606,4.22
-2.88,4.167
3.017,4.311
2.921,4.121
2.686,3.94
1.853,4.308
1.864,4.315
1.459,4.012
1.525,4.196
1.29,4.192
1.261,4.332
0.979,4.039
0.257,4.177
0.249,4.336
-0.247,4.183
-0.593,4.013
-0.852,4.106
-1.578,4.394
-1.587,4.072
-1.722,3.665
-1.901,0.213
2.782,3.531
2.494,1.342
0.877,3.558
0.831,0.772
-1.175,2.781
-2.306,-0.236
-2.771,-0.334
-0.592,-0.075
-1.557,3.846
-1.592,1.106
-1.782,3.649
-1.705,0.525
-1.74,1.464
-1.958,1.874
-1.948,2.409
-2.003,2.43
-2.131,3.809
-2.04,2.838
-2.16,3.5
-2.258,1.149
-2.125,2.576
-2.213,2.517
-2.469,2.637
-2.336,3.467
-2.506,1.981
-2.456,2.081
-2.445,1.59
-2.594,0.172
-2.542,0.839
-2.58,2.313
-2.574,2.012
-2.783,0.014
-2.78,0.153
-2.809,2.677
-2.811,1.797
-2.732,2.488
2.959,1.036
2.8,2.499
2.936,2.316
2.91,1.12
2.752,0.107
2.689,0.161
2.686,3.778
2.607,1.192
2.543,2.661
2.458,0.265
2.404,1.685
2.523,2.1
2.312,0.804
2.444,2.673
2.385,1.674
2.27,2.794
2.215,0.387
2.002,0.416
1.97,1.284
2.043,3.909
1.874,1.208
1.957,2.176
1.621,2.686
1.468,2.367
1.52,-0.059
1.515,3.46
1.479,1.997
1.33,1.139
1.258,0.072
1.231,3.239
1.357,2.999
1.276,3.131
1.097,3.886
1.026,3.355
1.128,1.855
1.129,1.203
1.005,0.118
0.907,0.281
0.914,1.785
0.897,1.082
0.852,2.644
0.641,1.496
0.603,2.198
0.243,0.677
0.212,0.208
0.279,3.922
0.275,0.436
-0.033,1.121
-0.189,2.734
-0.266,0.411
-0.377,2.78
-0.265,1.194
-0.274,2.032
-0.393,2.588
-0.629,2.427
-0.656,2.418
-0.819,1.064
-0.856,2.092
-1.087,1.722
-1.13,0.233
-1.222,1.575
-1.344,2.357
-1.399,1.354
-1.333,1.181
-1.481,3.11
-1.426,1.14
-1.627,0.867
-1.804,-0.36
-1.845,-0.232
-2.293,-0.2
-2.863,-0.028
3.14,-0.299
3.014,-0.124
2.911,-0.155
2.39,-0.367
2.417,-0.248
2.385,-0.529
2.284,-0.395
2.264,-0.394
0.962,-0.21
0.044,-0.394
-0.544,-0.138
-0.787,-0.521
-0.991,-0.242
-1.204,-0.365
-1.222,-0.193
-1.441,-0.098
-1.424,-0.256
-1.504,-0.229
-1.648,4.184
-1.872,4.128
-2.221,4.143
-2.129,4.232
-2.461,4.084
-2.573,4.191
-2.614,4.219
-2.704,3.871
2.613,4.008
2.327,4.157
2.285,4.26
2.095,3.955
1.687,4.101
1.799,3.973
1.239,4.256
0.329,4.0
-0.204,4.128
-0.942,4.28
-1.063,3.935
-1.187,4.194
-2.509,3.049
-2.632,1.448
2.59,3.108
0.831,2.086
0.446,1.418
-0.935,1.429
-2.428,2.851
2.591,2.157
2.09,1.302
1.612,2.153
0.619,2.157
0.439,2.153
0.301,2.889
-0.899,3.569
-1.146,2.87
1.168,0.881
-0.838,0.659
-1.612,2.305
1.217,-0.342
0.109,0.222
-1.002,0.259
0.753,-0.508
0.78,0.108
-0.063,1.513
-0.076,-2.158
-0.01,0.642
-0.047,0.742
-0.146,-1.909
-0.193,-0.295
-0.229,0.878
-0.307,-1.178
-0.37,0.191
-0.374,0.479
-0.599,0.05
-0.581,-1.222
-0.635,-1.414
-0.576,0.775
-0.747,-2.235
-0.821,-1.075
-0.961,-1.709
-0.893,-0.354
-1.012,-1.267
-1.028,-1.164
-1.15,0.245
-1.095,1.539
-1.125,-1.426
-1.148,-0.823
-1.275,0.292
-1.195,-2.152
-1.215,0.796
-1.314,-0.955
-1.362,0.233
-1.399,-1.266
-1.355,0.566
-1.435,-0.066
-1.434,0.917
-1.387,-1.142
-1.431,-1.968
-2.132,-2.336
2.857,-2.624
2.843,-2.364
2.741,-2.299
2.167,-2.381
2.149,-2.529
2.023,-2.731
1.85,-2.737
1.74,-2.56
1.368,-2.331
1.217,-2.623
1.01,-2.454
0.999,-2.576
0.873,-2.605
0.796,-2.392
0.554,-2.566
0.438,-2.682
0.387,-2.532
-0.341,-2.342
-0.728,-2.353
-0.812,-2.5
-0.957,-2.313
-1.007,-2.5
-1.085,-2.591
-1.119,-2.545
-1.054,-2.382
-1.438,-2.251
-1.511,-2.577
-1.78,1.976
-1.82,2.004
-2.46,1.995
-2.734,1.942
-3.12,2.086
3.067,1.896
2.832,1.715
1.999,2.083
2.01,2.09
1.605,1.787
1.671,1.971
1.436,1.967
1.407,2.107
1.125,1.814
0.403,1.952
0.395,2.111
-0.101,1.958
-0.447,1.788
-0.706,1.881
-1.432,2.169
-1.441,1.847
-1.576,1.44
-1.755,-2.012
2.928,1.306
2.64,-0.883
1.023,1.333
0.977,-1.453
-1.029,0.556
-2.16,-2.461
-2.625,-2.559
-0.446,-2.3
-1.411,1.621
-1.446,-1.119
-1.636,1.424
-1.559,-1.7
-1.594,-0.761
-1.812,-0.351
-1.802,0.184
-1.857,0.205
-1.985,1.584
-1.894,0.613
-2.014,1.275
-2.112,-1.076
-1.979,0.351
-2.067,0.292
-2.323,0.412
-2.19,1.242
-2.36,-0.244
-2.31,-0.144
-2.299,-0.635
-2.448,-2.053
-2.396,-1.386
-2.434,0.088
-2.428,-0.213
-2.637,-2.211
-2.634,-2.072
-2.663,0.452
-2.665,-0.428
-2.586,0.263
3.105,-1.189
2.946,0.274
3.082,0.091
3.056,-1.105
2.898,-2.118
2.835,-2.064
2.832,1.553
2.753,-1.033
2.689,0.436
2.604,-1.96
2.55,-0.54
2.669,-0.125
2.458,-1.421
2.59,0.448
2.531,-0.551
2.416,0.569
2.361,-1.838
2.148,-1.809
2.116,-0.941
2.189,1.684
2.02,-1.017
2.103,-0.049
1.767,0.461
1.614,0.142
1.666,-2.284
1.661,1.235
1.625,-0.228
1.476,-1.086
1.404,-2.153
1.377,1.014
1.503,0.774
1.422,0.906
1.243,1.661
1.172,1.13
1.274,-0.37
1.275,-1.022
1.151,-2.107
1.053,-1.944
1.06,-0.44
1.043,-1.143
0.998,0.419
0.787,-0.729
0.749,-0.027
0.389,-1.548
0.358,-2.017
0.425,1.697
0.421,-1.789
0.113,-1.104
-0.043,0.509
-0.12,-1.814
-0.231,0.555
-0.119,-1.031
-0.128,-0.193
-0.247,0.363
-0.483,0.202
-0.51,0.193
-0.673,-1.161
-0.71,-0.133
-0.941,-0.503
-0.984,-1.992
-1.076,-0.65
-1.198,0.132
-1.253,-0.871
-1.187,-1.044
-1.335,0.885
-1.28,-1.085
-1.481,-1.358
-1.658,-2.585
-1.699,-2.457
-2.147,-2.425
-2.717,-2.253
-2.997,-2.524
-3.123,-2.349
3.057,-2.38
2.536,-2.592
2.563,-2.473
2.531,-2.754
2.43,-2.62
2.41,-2.619
1.108,-2.435
0.19,-2.619
-0.398,-2.363
-0.641,-2.746
-0.845,-2.467
-1.058,-2.59
-1.076,-2.418
-1.295,-2.323
-1.278,-2.481
-1.358,-2.454
-1.502,1.959
-1.726,1.903
-2.075,1.918
-1.983,2.007
-2.315,1.859
-2.427,1.966
-2.468,1.994
-2.558,1.646
2.759,1.783
2.473,1.932
2.431,2.035
2.241,1.73
1.833,1.876
1.945,1.748
1.385,2.031
0.475,1.775
-0.058,1.903
-0.796,2.055
-0.917,1.71
-1.041,1.969
-2.363,0.824
-2.486,-0.777
2.736,0.883
0.977,-0.139
0.592,-0.807
-0.789,-0.796
-2.282,0.626
2.737,-0.068
2.236,-0.923
1.758,-0.072
0.765,-0.068
0.585,-0.072
0.447,0.664
-0.753,1.344
-1.0,0.645
1.314,-1.344
-0.692,-1.566
-1.466,0.08
1.363,-2.567
0.255,-2.003
-0.856,-1.966
0.899,-2.733
0.926,-2.117
-0.013,-3.671
0.053,-0.871
0.016,-0.771
-0.083,-3.422
-0.13,-1.808
-0.166,-0.635
-0.244,-2.691
-0.307,-1.322
-0.311,-1.034
-0.536,-1.463
-0.518,-2.735
-0.572,-2.927
-0.513,-0.738
-0.684,-3.748
-0.758,-2.588
-0.898,-3.222
-0.83,-1.867
-0.949,-2.78
-0.965,-2.677
-1.087,-1.268
-1.032,0.026
-1.062,-2.939
-1.085,-2.336
-1.212,-1.221
-1.132,-3.665
-1.152,-0.717
-1.251,-2.468
-1.299,-1.28
-1.336,-2.779
-1.292,-0.947
-1.372,-1.579
-1.371,-0.596
-1.324,-2.655
-1.368,-3.481
-2.069,-3.849
2.92,-4.137
2.906,-3.877
2.804,-3.812
2.23,-3.894
2.212,-4.042
2.086,-4.244
1.913,-4.25
1.803,-4.073
1.431,-3.844
1.28,-4.136
1.073,-3.967
1.062,-4.089
0.936,-4.118
0.859,-3.905
0.617,-4.079
0.501,-4.195
0.45,-4.045
-0.278,-3.855
-0.665,-3.866
-0.749,-4.013
-0.894,-3.826
-0.944,-4.013
-1.022,-4.104
-1.056,-4.058
-0.991,-3.895
-1.375,-3.764
-1.448,-4.09
-1.717,0.463
-1.757,0.491
-2.397,0.482
-2.671,0.429
-3.057,0.573
3.13,0.383
2.895,0.202
2.062,0.57
2.073,0.577
1.668,0.274
1.734,0.458
1.499,0.454
1.47,0.594
1.188,0.301
0.466,0.439
0.458,0.598
-0.038,0.445
-0.384,0.275
-0.643,0.368
-1.369,0.656
-1.378,0.334
-1.513,-0.073
-1.692,-3.525
2.991,-0.207
2.703,-2.396
1.086,-0.18
1.04,-2.966
-0.966,-0.957
-2.097,-3.974
-2.562,-4.072
-0.383,-3.813
-1.348,0.108
-1.383,-2.632
-1.573,-0.089
-1.496,-3.213
-1.531,-2.274
-1.749,-1.864
-1.739,-1.329
-1.794,-1.308
-1.922,0.071
-1.831,-0.9
-1.951,-0.238
-2.049,-2.589
-1.916,-1.162
-2.004,-1.221
-2.26,-1.101
-2.127,-0.271
-2.297,-1.757
-2.247,-1.657
-2.236,-2.148
-2.385,-3.566
-2.333,-2.899
-2.371,-1.425
-2.365,-1.726
-2.574,-3.724
-2.571,-3.585
-2.6,-1.061
-2.602,-1.941
-2.523,-1.25
-3.115,-2.702
3.009,-1.239
-3.138,-1.422
3.119,-2.618
2.961,-3.631
2.898,-3.577
2.895,0.04
2.816,-2.546
2.752,-1.077
2.667,-3.473
2.613,-2.053
2.732,-1.638
2.521,-2.934
2.653,-1.065
2.594,-2.064
2.479,-0.944
2.424,-3.351
2.211,-3.322
2.179,-2.454
2.252,0.171
2.083,-2.53
2.166,-1.562
1.83,-1.052
1.677,-1.371
1.729,-3.797
1.724,-0.278
1.688,-1.741
1.539,-2.599
1.467,-3.666
1.44,-0.499
1.566,-0.739
1.485,-0.607
1.306,0.148
1.235,-0.383
1.337,-1.883
1.338,-2.535
1.214,-3.62
1.116,-3.457
1.123,-1.953
1.106,-2.656
1.061,-1.094
0.85,-2.242
0.812,-1.54
0.452,-3.061
0.421,-3.53
0.488,0.184
0.484,-3.302
0.176,-2.617
0.02,-1.004
-0.057,-3.327
-0.168,-0.958
-0.056,-2.544
-0.065,-1.706
-0.184,-1.15
-0.42,-1.311
-0.447,-1.32
-0.61,-2.674
-0.647,-1.646
-0.878,-2.016
-0.921,-3.505
-1.013,-2.163
-1.135,-1.381
-1.19,-2.384
-1.124,-2.557
-1.272,-0.628
-1.217,-2.598
-1.418,-2.871
-1.595,-4.098
-1.636,-3.97
-2.084,-3.938
-2.654,-3.766
-2.934,-4.037
-3.06,-3.862
3.12,-3.893
2.599,-4.105
2.626,-3.986
2.594,-4.267
2.493,-4.133
2.473,-4.132
1.171,-3.948
0.253,-4.132
-0.335,-3.876
-0.578,-4.259
-0.782,-3.98
-0.995,-4.103
-1.013,-3.931
-1.232,-3.836
-1.215,-3.994
-1.295,-3.967
-1.439,0.446
-1.663,0.39
-2.012,0.405
-1.92,0.494
-2.252,0.346
-2.364,0.453
-2.405,0.481
-2.495,0.133
2.822,0.27
2.536,0.419
2.494,0.522
2.304,0.217
1.896,0.363
2.008,0.235
1.448,0.518
0.538,0.262
0.005,0.39
-0.733,0.542
-0.854,0.197
-0.978,0.456
-2.3,-0.689
-2.423,-2.29
2.799,-0.63
1.04,-1.652
0.655,-2.32
-0.726,-2.309
-2.219,-0.887
2.8,-1.581
2.299,-2.436
1.821,-1.585
0.828,-1.581
0.648,-1.585
0.51,-0.849
-0.69,-0.169
-0.937,-0.868
1.377,-2.857
-0.629,-3.079
-1.403,-1.433
1.426,-4.08
0.318,-3.516
-0.793,-3.479
0.962,-4.246
0.989,-3.63
0.066,2.8
0.029,2.9
-0.07,0.249
-0.117,1.863
-0.153,3.036
-0.231,0.98
-0.294,2.349
-0.298,2.637
-0.523,2.208
-0.505,0.936
-0.559,0.744
-0.5,2.933
-0.671,-0.077
-0.745,1.083
-0.885,0.449
-0.817,1.804
-0.936,0.891
-0.952,0.994
-1.074,2.403
-1.019,3.697
-1.049,0.732
-1.072,1.335
-1.199,2.45
-1.119,0.006
-1.139,2.954
-1.238,1.203
-1.286,2.391
-1.323,0.892
-1.279,2.724
-1.359,2.092
-1.358,3.075
-1.311,1.016
-1.355,0.19
-2.056,-0.178
2.933,-0.466
2.919,-0.206
2.817,-0.141
2.243,-0.223
2.225,-0.371
2.099,-0.573
1.926,-0.579
1.816,-0.402
1.444,-0.173
1.293,-0.465
1.086,-0.296
1.075,-0.418
0.949,-0.447
0.872,-0.234
0.63,-0.408
0.514,-0.524
0.463,-0.374
-0.265,-0.184
-0.652,-0.195
-0.736,-0.342
-0.881,-0.155
-0.931,-0.342
-1.009,-0.433
-1.043,-0.387
-0.978,-0.224
-1.362,-0.093
-1.435,-0.419
-1.704,4.134
-1.744,4.162
-2.384,4.153
-2.658,4.1
-3.044,4.244
-3.14,4.054
2.908,3.873
2.075,4.241
2.086,4.248
1.681,3.945
1.747,4.129
1.512,4.125
1.483,4.265
1.201,3.972
0.479,4.11
0.471,4.269
-0.025,4.116
-0.371,3.946
-0.63,4.039
-1.356,4.327
-1.365,4.005
-1.5,3.598
-1.679,0.146
3.004,3.464
2.716,1.275
1.099,3.491
1.053,0.705
-0.953,2.714
-2.084,-0.303
-2.549,-0.401
-0.37,-0.142
-1.335,3.779
-1.37,1.039
-1.56,3.582
-1.483,0.458
-1.518,1.397
-1.736,1.807
-1.726,2.342
-1.781,2.363
-1.909,3.742
-1.818,2.771
-1.938,3.433
-2.036,1.082
-1.903,2.509
-1.991,2.45
-2.247,2.57
-2.114,3.4
-2.284,1.914
-2.234,2.014
-2.223,1.523
-2.372,0.105
-2.32,0.772
-2.358,2.246
-2.352,1.945
-2.561,-0.053
-2.558,0.086
-2.587,2.61
-2.589,1.73
-2.51,2.421
-3.102,0.969
3.022,2.432
-3.125,2.249
3.132,1.053
2.974,0.04
2.911,0.094
2.908,3.711
2.829,1.125
2.765,2.594
2.68,0.198
2.626,1.618
2.745,2.033
2.534,0.737
2.666,2.606
2.607,1.607
2.492,2.727
2.437,0.32
2.224,0.349
2.192,1.217
2.265,3.842
2.096,1.141
2.179,2.109
1.843,2.619
1.69,2.3
1.742,-0.126
1.737,3.393
1.701,1.93
1.552,1.072
1.48,0.005
1.453,3.172
1.579,2.932
1.498,3.064
1.319,3.819
1.248,3.288
1.35,1.788
1.351,1.136
1.227,0.051
1.129,0.214
1.136,1.718
1.119,1.015
1.074,2.577
0.863,1.429
0.825,2.131
0.465,0.61
0.434,0.141
0.501,3.855
0.497,0.369
0.189,1.054
0.033,2.667
-0.044,0.344
-0.155,2.713
-0.043,1.127
-0.052,1.965
-0.171,2.521
-0.407,2.36
-0.434,2.351
-0.597,0.997
-0.634,2.025
-0.865,1.655
-0.908,0.166
-1.0,1.508
-1.122,2.29
-1.177,1.287
-1.111,1.114
-1.259,3.043
-1.204,1.073
-1.405,0.8
-1.582,-0.427
-1.623,-0.299
-2.071,-0.267
-2.641,-0.095
-2.921,-0.366
-3.047,-0.191
3.133,-0.222
2.612,-0.434
2.639,-0.315
2.607,-0.596
2.506,-0.462
2.486,-0.461
1.184,-0.277
0.266,-0.461
-0.322,-0.205
-0.565,-0.588
-0.769,-0.309
-0.982,-0.432
-1.0,-0.26
-1.219,-0.165
-1.202,-0.323
-1.282,-0.296
-1.426,4.117
-1.65,4.061
-1.999,4.076
-1.907,4.165
-2.239,4.017
-2.351,4.124
-2.392,4.152
-2.482,3.804
2.835,3.941
2.549,4.09
2.507,4.193
2.317,3.888
1.909,4.034
2.021,3.906
1.461,4.189
0.551,3.933
0.018,4.061
-0.72,4.213
-0.841,3.868
-0.965,4.127
-2.287,2.982
-2.41,1.381
2.812,3.041
1.053,2.019
0.668,1.351
-0.713,1.362
-2.206,2.784
2.813,2.09
2.312,1.235
1.834,2.086
0.841,2.09
0.661,2.086
0.523,2.822
-0.677,3.502
-0.924,2.803
1.39,0.814
-0.616,0.592
-1.39,2.238
1.439,-0.409
0.331,0.155
-0.78,0.192
0.975,-0.575
1.002,0.041
-0.037,0.1
-0.136,-2.551
-0.183,-0.937
-0.219,0.236
-0.297,-1.82
-0.36,-0.451
-0.364,-0.163
-0.589,-0.592
-0.571,-1.864
-0.625,-2.056
-0.566,0.133
-0.737,-2.877
-0.811,-1.717
-0.951,-2.351
-0.883,-0.996
-1.002,-1.909
-1.018,-1.806
-1.14,-0.397
-1.085,0.897
-1.115,-2.068
-1.138,-1.465
-1.265,-0.35
-1.185,-2.794
-1.205,0.154
-1.304,-1.597
-1.352,-0.409
-1.389,-1.908
-1.345,-0.076
-1.425,-0.708
-1.424,0.275
-1.377,-1.784
-1.421,-2.61
-2.122,-2.978
2.867,-3.266
2.853,-3.006
2.751,-2.941
2.177,-3.023
2.159,-3.171
2.033,-3.373
1.86,-3.379
1.75,-3.202
1.378,-2.973
1.227,-3.265
1.02,-3.096
1.009,-3.218
0.883,-3.247
0.806,-3.034
0.564,-3.208
0.448,-3.324
0.397,-3.174
-0.331,-2.984
-0.718,-2.995
-0.802,-3.142
-0.947,-2.955
-0.997,-3.142
-1.075,-3.233
-1.109,-3.187
-1.044,-3.024
-1.428,-2.893
-1.501,-3.219
-1.77,1.334
-1.81,1.362
-2.45,1.353
-2.724,1.3
-3.11,1.444
3.077,1.254
2.842,1.073
2.009,1.441
2.02,1.448
1.615,1.145
1.681,1.329
1.446,1.325
1.417,1.465
1.135,1.172
0.413,1.31
0.405,1.469
-0.091,1.316
-0.437,1.146
-0.696,1.239
-1.422,1.527
-1.431,1.205
-1.566,0.798
-1.745,-2.654
2.938,0.664
2.65,-1.525
1.033,0.691
0.987,-2.095
-1.019,-0.086
-2.15,-3.103
-2.615,-3.201
-0.436,-2.942
-1.401,0.979
-1.436,-1.761
-1.626,0.782
-1.549,-2.342
-1.584,-1.403
-1.802,-0.993
-1.792,-0.458
-1.847,-0.437
-1.975,0.942
-1.884,-0.029
-2.004,0.633
-2.102,-1.718
-1.969,-0.291
-2.057,-0.35
-2.313,-0.23
-2.18,0.6
-2.35,-0.886
-2.3,-0.786
-2.289,-1.277
-2.438,-2.695
-2.386,-2.028
-2.424,-0.554
-2.418,-0.855
-2.627,-2.853
-2.624,-2.714
-2.653,-0.19
-2.655,-1.07
-2.576,-0.379
3.115,-1.831
2.956,-0.368
3.092,-0.551
3.066,-1.747
2.908,-2.76
2.845,-2.706
2.842,0.911
2.763,-1.675
2.699,-0.206
2.614,-2.602
2.56,-1.182
2.679,-0.767
2.468,-2.063
2.6,-0.194
2.541,-1.193
2.426,-0.073
2.371,-2.48
2.158,-2.451
2.126,-1.583
2.199,1.042
2.03,-1.659
2.113,-0.691
1.777,-0.181
1.624,-0.5
1.676,-2.926
1.671,0.593
1.635,-0.87
1.486,-1.728
1.414,-2.795
1.387,0.372
1.513,0.132
1.432,0.264
1.253,1.019
1.182,0.488
1.284,-1.012
1.285,-1.664
1.161,-2.749
1.063,-2.586
1.07,-1.082
1.053,-1.785
1.008,-0.223
0.797,-1.371
0.759,-0.669
0.399,-2.19
0.368,-2.659
0.435,1.055
0.431,-2.431
0.123,-1.746
-0.033,-0.133
-0.11,-2.456
-0.221,-0.087
-0.109,-1.673
-0.118,-0.835
-0.237,-0.279
-0.473,-0.44
-0.5,-0.449
-0.663,-1.803
-0.7,-0.775
-0.931,-1.145
-0.974,-2.634
-1.066,-1.292
-1.188,-0.51
-1.243,-1.513
-1.177,-1.686
-1.325,0.243
-1.27,-1.727
-1.471,-2.0
-1.648,-3.227
-1.689,-3.099
-2.137,-3.067
-2.707,-2.895
-2.987,-3.166
-3.113,-2.991
3.067,-3.022
2.546,-3.234
2.573,-3.115
2.541,-3.396
2.44,-3.262
2.42,-3.261
1.118,-3.077
0.2,-3.261
-0.388,-3.005
-0.631,-3.388
-0.835,-3.109
-1.048,-3.232
-1.066,-3.06
-1.285,-2.965
-1.268,-3.123
-1.348,-3.096
-1.492,1.317
-1.716,1.261
-2.065,1.276
-1.973,1.365
-2.305,1.217
-2.417,1.324
-2.458,1.352
-2.548,1.004
2.769,1.141
2.483,1.29
2.441,1.393
2.251,1.088
1.843,1.234
1.955,1.106
1.395,1.389
0.485,1.133
-0.048,1.261
-0.786,1.413
-0.907,1.068
-1.031,1.327
-2.353,0.182
-2.476,-1.419
2.746,0.241
0.987,-0.781
0.602,-1.449
-0.779,-1.438
-2.272,-0.016
2.747,-0.71
2.246,-1.565
1.768,-0.714
0.775,-0.71
0.595,-0.714
0.457,0.022
-0.743,0.702
-0.99,0.003
1.324,-1.986
-0.682,-2.208
-1.456,-0.562
1.373,-3.209
0.265,-2.645
-0.846,-2.608
0.909,-3.375
0.936,-2.759
-0.099,-2.651
-0.146,-1.037
-0.182,0.136
-0.26,-1.92
-0.323,-0.551
-0.327,-0.263
-0.552,-0.692
-0.534,-1.964
-0.588,-2.156
-0.529,0.033
-0.7,-2.977
-0.774,-1.817
-0.914,-2.451
-0.846,-1.096
-0.965,-2.009
-0.981,-1.906
-1.103,-0.497
-1.048,0.797
-1.078,-2.168
-1.101,-1.565
-1.228,-0.45
-1.148,-2.894
-1.168,0.054
-1.267,-1.697
-1.315,-0.509
-1.352,-2.008
-1.308,-0.176
-1.388,-0.808
-1.387,0.175
-1.34,-1.884
-1.384,-2.71
-2.085,-3.078
2.904,-3.366
2.89,-3.106
2.788,-3.041
2.214,-3.123
2.196,-3.271
2.07,-3.473
1.897,-3.479
1.787,-3.302
1.415,-3.073
1.264,-3.365
1.057,-3.196
1.046,-3.318
0.92,-3.347
0.843,-3.134
0.601,-3.308
0.485,-3.424
0.434,-3.274
-0.294,-3.084
-0.681,-3.095
-0.765,-3.242
-0.91,-3.055
-0.96,-3.242
-1.038,-3.333
-1.072,-3.287
-1.007,-3.124
-1.391,-2.993
-1.464,-3.319
-1.733,1.234
-1.773,1.262
-2.413,1.253
-2.687,1.2
-3.073,1.344
3.114,1.154
2.879,0.973
2.046,1.341
2.057,1.348
1.652,1.045
1.718,1.229
1.483,1.225
1.454,1.365
1.172,1.072
0.45,1.21
0.442,1.369
-0.054,1.216
-0.4,1.046
-0.659,1.139
-1.385,1.427
-1.394,1.105
-1.529,0.698
-1.708,-2.754
2.975,0.564
2.687,-1.625
1.07,0.591
1.024,-2.195
-0.982,-0.186
-2.113,-3.203
-2.578,-3.301
-0.399,-3.042
-1.364,0.879
-1.399,-1.861
-1.589,0.682
-1.512,-2.442
-1.547,-1.503
-1.765,-1.093
-1.755,-0.558
-1.81,-0.537
-1.938,0.842
-1.847,-0.129
-1.967,0.533
-2.065,-1.818
-1.932,-0.391
-2.02,-0.45
-2.276,-0.33
-2.143,0.5
-2.313,-0.986
-2.263,-0.886
-2.252,-1.377
-2.401,-2.795
-2.349,-2.128
-2.387,-0.654
-2.381,-0.955
-2.59,-2.953
-2.587,-2.814
-2.616,-0.29
-2.618,-1.17
-2.539,-0.479
-3.131,-1.931
2.993,-0.468
3.129,-0.651
3.103,-1.847
2.945,-2.86
2.882,-2.806
2.879,0.811
2.8,-1.775
2.736,-0.306
2.651,-2.702
2.597,-1.282
2.716,-0.867
2.505,-2.163
2.637,-0.294
2.578,-1.293
2.463,-0.173
2.408,-2.58
2.195,-2.551
2.163,-1.683
2.236,0.942
2.067,-1.759
2.15,-0.791
1.814,-0.281
1.661,-0.6
1.713,-3.026
1.708,0.493
1.672,-0.97
1.523,-1.828
1.451,-2.895
1.424,0.272
1.55,0.032
1.469,0.164
1.29,0.919
1.219,0.388
1.321,-1.112
1.322,-1.764
1.198,-2.849
1.1,-2.686
1.107,-1.182
1.09,-1.885
1.045,-0.323
0.834,-1.471
0.796,-0.769
0.436,-2.29
0.405,-2.759
0.472,0.955
0.468,-2.531
0.16,-1.846
0.004,-0.233
-0.073,-2.556
-0.184,-0.187
-0.072,-1.773
-0.081,-0.935
-0.2,-0.379
-0.436,-0.54
-0.463,-0.549
-0.626,-1.903
-0.663,-0.875
-0.894,-1.245
-0.937,-2.734
-1.029,-1.392
-1.151,-0.61
-1.206,-1.613
-1.14,-1.786
-1.288,0.143
-1.233,-1.827
-1.434,-2.1
-1.611,-3.327
-1.652,-3.199
-2.1,-3.167
-2.67,-2.995
-2.95,-3.266
-3.076,-3.091
3.104,-3.122
2.583,-3.334
2.61,-3.215
2.578,-3.496
2.477,-3.362
2.457,-3.361
1.155,-3.177
0.237,-3.361
-0.351,-3.105
-0.594,-3.488
-0.798,-3.209
-1.011,-3.332
-1.029,-3.16
-1.248,-3.065
-1.231,-3.223
-1.311,-3.196
-1.455,1.217
-1.679,1.161
-2.028,1.176
-1.936,1.265
-2.268,1.117
-2.38,1.224
-2.421,1.252
-2.511,0.904
2.806,1.041
2.52,1.19
2.478,1.293
2.288,0.988
1.88,1.134
1.992,1.006
1.432,1.289
0.522,1.033
-0.011,1.161
-0.749,1.313
-0.87,0.968
-0.994,1.227
-2.316,0.082
-2.439,-1.519
2.783,0.141
1.024,-0.881
0.639,-1.549
-0.742,-1.538
-2.235,-0.116
2.784,-0.81
2.283,-1.665
1.805,-0.814
0.812,-0.81
0.632,-0.814
0.494,-0.078
-0.706,0.602
-0.953,-0.097
1.361,-2.086
-0.645,-2.308
-1.419,-0.662
1.41,-3.309
0.302,-2.745
-0.809,-2.708
0.946,-3.475
0.973,-2.859
-0.047,1.614
-0.083,2.787
-0.161,0.731
-0.224,2.1
-0.228,2.388
-0.453,1.959
-0.435,0.687
-0.489,0.495
-0.43,2.684
-0.601,-0.326
-0.675,0.834
-0.815,0.2
-0.747,1.555
-0.866,0.642
-0.882,0.745
-1.004,2.154
-0.949,3.448
-0.979,0.483
-1.002,1.086
-1.129,2.201
-1.049,-0.243
-1.069,2.705
-1.168,0.954
-1.216,2.142
-1.253,0.643
-1.209,2.475
-1.289,1.843
-1.288,2.826
-1.241,0.767
-1.285,-0.059
-1.986,-0.427
3.003,-0.715
2.989,-0.455
2.887,-0.39
2.313,-0.472
2.295,-0.62
2.169,-0.822
1.996,-0.828
1.886,-0.651
1.514,-0.422
1.363,-0.714
1.156,-0.545
1.145,-0.667
1.019,-0.696
0.942,-0.483
0.7,-0.657
0.584,-0.773
0.533,-0.623
-0.195,-0.433
-0.582,-0.444
-0.666,-0.591
-0.811,-0.404
-0.861,-0.591
-0.939,-0.682
-0.973,-0.636
-0.908,-0.473
-1.292,-0.342
-1.365,-0.668
-1.634,3.885
-1.674,3.913
-2.314,3.904
-2.588,3.851
-2.974,3.995
-3.07,3.805
2.978,3.624
2.145,3.992
2.156,3.999
1.751,3.696
1.817,3.88
1.582,3.876
1.553,4.016
1.271,3.723
0.549,3.861
0.541,4.02
0.045,3.867
-0.301,3.697
-0.56,3.79
-1.286,4.078
-1.295,3.756
-1.43,3.349
-1.609,-0.103
3.074,3.215
2.786,1.026
1.169,3.242
1.123,0.456
-0.883,2.465
-2.014,-0.552
-2.479,-0.65
-0.3,-0.391
-1.265,3.53
-1.3,0.79
-1.49,3.333
-1.413,0.209
-1.448,1.148
-1.666,1.558
-1.656,2.093
-1.711,2.114
-1.839,3.493
-1.748,2.522
-1.868,3.184
-1.966,0.833
-1.833,2.26
-1.921,2.201
-2.177,2.321
-2.044,3.151
-2.214,1.665
-2.164,1.765
-2.153,1.274
-2.302,-0.144
-2.25,0.523
-2.288,1.997
-2.282,1.696
-2.491,-0.302
-2.488,-0.163
-2.517,2.361
-2.519,1.481
-2.44,2.172
-3.032,0.72
3.092,2.183
-3.055,2.0
-3.081,0.804
3.044,-0.209
2.981,-0.155
2.978,3.462
2.899,0.876
2.835,2.345
2.75,-0.051
2.696,1.369
2.815,1.784
2.604,0.488
2.736,2.357
2.677,1.358
2.562,2.478
2.507,0.071
2.294,0.1
2.262,0.968
2.335,3.593
2.166,0.892
2.249,1.86
1.913,2.37
1.76,2.051
1.812,-0.375
1.807,3.144
1.771,1.681
1.622,0.823
1.55,-0.244
1.523,2.923
1.649,2.683
1.568,2.815
1.389,3.57
1.318,3.039
1.42,1.539
1.421,0.887
1.297,-0.198
1.199,-0.035
1.206,1.469
1.189,0.766
1.144,2.328
0.933,1.18
0.895,1.882
0.535,0.361
0.504,-0.108
0.571,3.606
0.567,0.12
0.259,0.805
0.103,2.418
0.026,0.095
-0.085,2.464
0.027,0.878
0.018,1.716
-0.101,2.272
-0.337,2.111
-0.364,2.102
-0.527,0.748
-0.564,1.776
-0.795,1.406
-0.838,-0.083
-0.93,1.259
-1.052,2.041
-1.107,1.038
-1.041,0.865
-1.189,2.794
-1.134,0.824
-1.335,0.551
-1.512,-0.676
-1.553,-0.548
-2.001,-0.516
-2.571,-0.344
-2.851,-0.615
-2.977,-0.44
-3.08,-0.471
2.682,-0.683
2.709,-0.564
2.677,-0.845
2.576,-0.711
2.556,-0.71
1.254,-0.526
0.336,-0.71
-0.252,-0.454
-0.495,-0.837
-0.699,-0.558
-0.912,-0.681
-0.93,-0.509
-1.149,-0.414
-1.132,-0.572
-1.212,-0.545
-1.356,3.868
-1.58,3.812
-1.929,3.827
-1.837,3.916
-2.169,3.768
-2.281,3.875
-2.322,3.903
-2.412,3.555
2.905,3.692
2.619,3.841
2.577,3.944
2.387,3.639
1.979,3.785
2.091,3.657
1.531,3.94
0.621,3.684
0.088,3.812
-0.65,3.964
-0.771,3.619
-0.895,3.878
-2.217,2.733
-2.34,1.132
2.882,2.792
1.123,1.77
0.738,1.102
-0.643,1.113
-2.136,2.535
2.883,1.841
2.382,0.986
1.904,1.837
0.911,1.841
0.731,1.837
0.593,2.573
-0.607,3.253
-0.854,2.554
1.46,0.565
-0.546,0.343
-1.32,1.989
1.509,-0.658
0.401,-0.094
-0.71,-0.057
1.045,-0.824
1.072,-0.208
-0.036,1.173
-0.114,-0.883
-0.177,0.486
-0.181,0.774
-0.406,0.345
-0.388,-0.927
-0.442,-1.119
-0.383,1.07
-0.554,-1.94
-0.628,-0.78
-0.768,-1.414
-0.7,-0.059
-0.819,-0.972
-0.835,-0.869
-0.957,0.54
-0.902,1.834
-0.932,-1.131
-0.955,-0.528
-1.082,0.587
-1.002,-1.857
-1.022,1.091
-1.121,-0.66
-1.169,0.528
-1.206,-0.971
-1.162,0.861
-1.242,0.229
-1.241,1.212
-1.194,-0.847
-1.238,-1.673
-1.939,-2.041
3.05,-2.329
3.036,-2.069
2.934,-2.004
2.36,-2.086
2.342,-2.234
2.216,-2.436
2.043,-2.442
1.933,-2.265
1.561,-2.036
1.41,-2.328
1.203,-2.159
1.192,-2.281
1.066,-2.31
0.989,-2.097
0.747,-2.271
0.631,-2.387
0.58,-2.237
-0.148,-2.047
-0.535,-2.058
-0.619,-2.205
-0.764,-2.018
-0.814,-2.205
-0.892,-2.296
-0.926,-2.25
-0.861,-2.087
-1.245,-1.956
-1.318,-2.282
-1.587,2.271
-1.627,2.299
-2.267,2.29
-2.541,2.237
-2.927,2.381
-3.023,2.191
3.025,2.01
2.192,2.378
2.203,2.385
1.798,2.082
1.864,2.266
1.629,2.262
1.6,2.402
1.318,2.109
0.596,2.247
0.588,2.406
0.092,2.253
-0.254,2.083
-0.513,2.176
-1.239,2.464
-1.248,2.142
-1.383,1.735
-1.562,-1.717
3.121,1.601
2.833,-0.588
1.216,1.628
1.17,-1.158
-0.836,0.851
-1.967,-2.166
-2.432,-2.264
-0.253,-2.005
-1.218,1.916
-1.253,-0.824
-1.443,1.719
-1.366,-1.405
-1.401,-0.466
-1.619,-0.056
-1.609,0.479
-1.664,0.5
-1.792,1.879
-1.701,0.908
-1.821,1.57
-1.919,-0.781
-1.786,0.646
-1.874,0.587
-2.13,0.707
-1.997,1.537
-2.167,0.051
-2.117,0.151
-2.106,-0.34
-2.255,-1.758
-2.203,-1.091
-2.241,0.383
-2.235,0.082
-2.444,-1.916
-2.441,-1.777
-2.47,0.747
-2.472,-0.133
-2.393,0.558
-2.985,-0.894
3.139,0.569
-3.008,0.386
-3.034,-0.81
3.091,-1.823
3.028,-1.769
3.025,1.848
2.946,-0.738
2.882,0.731
2.797,-1.665
2.743,-0.245
2.862,0.17
2.651,-1.126
2.783,0.743
2.724,-0.256
2.609,0.864
2.554,-1.543
2.341,-1.514
2.309,-0.646
2.382,1.979
2.213,-0.722
2.296,0.246
1.96,0.756
1.807,0.437
1.859,-1.989
1.854,1.53
1.818,0.067
1.669,-0.791
1.597,-1.858
1.57,1.309
1.696,1.069
1.615,1.201
1.436,1.956
1.365,1.425
1.467,-0.075
1.468,-0.727
1.344,-1.812
1.246,-1.649
1.253,-0.145
1.236,-0.848
1.191,0.714
0.98,-0.434
0.942,0.268
0.582,-1.253
0.551,-1.722
0.618,1.992
0.614,-1.494
0.306,-0.809
0.15,0.804
0.073,-1.519
-0.038,0.85
0.074,-0.736
0.065,0.102
-0.054,0.658
-0.29,0.497
-0.317,0.488
-0.48,-0.866
-0.517,0.162
-0.748,-0.208
-0.791,-1.697
-0.883,-0.355
-1.005,0.427
-1.06,-0.576
-0.994,-0.749
-1.142,1.18
-1.087,-0.79
-1.288,-1.063
-1.465,-2.29
-1.506,-2.162
-1.954,-2.13
-2.524,-1.958
-2.804,-2.229
-2.93,-2.054
-3.033,-2.085
2.729,-2.297
2.756,-2.178
2.724,-2.459
2.623,-2.325
2.603,-2.324
1.301,-2.14
0.383,-2.324
-0.205,-2.068
-0.448,-2.451
-0.652,-2.172
-0.865,-2.295
-0.883,-2.123
-1.102,-2.028
-1.085,-2.186
-1.165,-2.159
-1.309,2.254
-1.533,2.198
-1.882,2.213
-1.79,2.302
-2.122,2.154
-2.234,2.261
-2.275,2.289
-2.365,1.941
2.952,2.078
2.666,2.227
2.624,2.33
2.434,2.025
2.026,2.171
2.138,2.043
1.578,2.326
0.668,2.07
0.135,2.198
-0.603,2.35
-0.724,2.005
-0.848,2.264
-2.17,1.119
-2.293,-0.482
2.929,1.178
1.17,0.156
0.785,-0.512
-0.596,-0.501
-2.089,0.921
2.93,0.227
2.429,-0.628
1.951,0.223
0.958,0.227
0.778,0.223
0.64,0.959
-0.56,1.639
-0.807,0.94
1.507,-1.049
-0.499,-1.271
-1.273,0.375
1.556,-2.272
0.448,-1.708
-0.663,-1.671
1.092,-2.438
1.119,-1.822
-0.078,-2.056
-0.141,-0.687
-0.145,-0.399
-0.37,-0.828
-0.352,-2.1
-0.406,-2.292
-0.347,-0.103
-0.518,-3.113
-0.592,-1.953
-0.732,-2.587
-0.664,-1.232
-0.783,-2.145
-0.799,-2.042
-0.921,-0.633
-0.866,0.661
-0.896,-2.304
-0.919,-1.701
-1.046,-0.586
-0.966,-3.03
-0.986,-0.082
-1.085,-1.833
-1.133,-0.645
-1.17,-2.144
-1.126,-0.312
-1.206,-0.944
-1.205,0.039
-1.158,-2.02
-1.202,-2.846
-1.903,-3.214
3.086,-3.502
3.072,-3.242
2.97,-3.177
2.396,-3.259
2.378,-3.407
2.252,-3.609
2.079,-3.615
1.969,-3.438
1.597,-3.209
1.446,-3.501
1.239,-3.332
1.228,-3.454
1.102,-3.483
1.025,-3.27
0.783,-3.444
0.667,-3.56
0.616,-3.41
-0.112,-3.22
-0.499,-3.231
-0.583,-3.378
-0.728,-3.191
-0.778,-3.378
-0.856,-3.469
-0.89,-3.423
-0.825,-3.26
-1.209,-3.129
-1.282,-3.455
-1.551,1.098
-1.591,1.126
-2.231,1.117
-2.505,1.064
-2.891,1.208
-2.987,1.018
3.061,0.837
2.228,1.205
2.239,1.212
1.834,0.909
1.9,1.093
1.665,1.089
1.636,1.229
1.354,0.936
0.632,1.074
0.624,1.233
0.128,1.08
-0.218,0.91
-0.477,1.003
-1.203,1.291
-1.212,0.969
-1.347,0.562
-1.526,-2.89
-3.126,0.428
2.869,-1.761
1.252,0.455
1.206,-2.331
-0.8,-0.322
-1.931,-3.339
-2.396,-3.437
-0.217,-3.178
-1.182,0.743
-1.217,-1.997
-1.407,0.546
-1.33,-2.578
-1.365,-1.639
-1.583,-1.229
-1.573,-0.694
-1.628,-0.673
-1.756,0.706
-1.665,-0.265
-1.785,0.397
-1.883,-1.954
-1.75,-0.527
-1.838,-0.586
-2.094,-0.466
-1.961,0.364
-2.131,-1.122
-2.081,-1.022
-2.07,-1.513
-2.219,-2.931
-2.167,-2.264
-2.205,-0.79
-2.199,-1.091
-2.408,-3.089
-2.405,-2.95
-2.434,-0.426
-2.436,-1.306
-2.357,-0.615
-2.949,-2.067
-3.108,-0.604
-2.972,-0.787
-2.998,-1.983
3.127,-2.996
3.064,-2.942
3.061,0.675
2.982,-1.911
2.918,-0.442
2.833,-2.838
2.779,-1.418
2.898,-1.003
2.687,-2.299
2.819,-0.43
2.76,-1.429
2.645,-0.309
2.59,-2.716
2.377,-2.687
2.345,-1.819
2.418,0.806
2.249,-1.895
2.332,-0.927
1.996,-0.417
1.843,-0.736
1.895,-3.162
1.89,0.357
1.854,-1.106
1.705,-1.964
1.633,-3.031
1.606,0.136
1.732,-0.104
1.651,0.028
1.472,0.783
1.401,0.252
1.503,-1.248
1.504,-1.9
1.38,-2.985
1.282,-2.822
1.289,-1.318
1.272,-2.021
1.227,-0.459
1.016,-1.607
0.978,-0.905
0.618,-2.426
0.587,-2.895
0.654,0.819
0.65,-2.667
0.342,-1.982
0.186,-0.369
0.109,-2.692
-0.002,-0.323
0.11,-1.909
0.101,-1.071
-0.018,-0.515
-0.254,-0.676
-0.281,-0.685
-0.444,-2.039
-0.481,-1.011
-0.712,-1.381
-0.755,-2.87
-0.847,-1.528
-0.969,-0.746
-1.024,-1.749
-0.958,-1.922
-1.106,0.007
-1.051,-1.963
-1.252,-2.236
-1.429,-3.463
-1.47,-3.335
-1.918,-3.303
-2.488,-3.131
-2.768,-3.402
-2.894,-3.227
-2.997,-3.258
2.765,-3.47
2.792,-3.351
2.76,-3.632
2.659,-3.498
2.639,-3.497
1.337,-3.313
0.419,-3.497
-0.169,-3.241
-0.412,-3.624
-0.616,-3.345
-0.829,-3.468
-0.847,-3.296
-1.066,-3.201
-1.049,-3.359
-1.129,-3.332
-1.273,1.081
-1.497,1.025
-1.846,1.04
-1.754,1.129
-2.086,0.981
-2.198,1.088
-2.239,1.116
-2.329,0.768
2.988,0.905
2.702,1.054
2.66,1.157
2.47,0.852
2.062,0.998
2.174,0.87
1.614,1.153
0.704,0.897
0.171,1.025
-0.567,1.177
-0.688,0.832
-0.812,1.091
-2.134,-0.054
-2.257,-1.655
2.965,0.005
1.206,-1.017
0.821,-1.685
-0.56,-1.674
-2.053,-0.252
2.966,-0.946
2.465,-1.801
1.987,-0.95
0.994,-0.946
0.814,-0.95
0.676,-0.214
-0.524,0.466
-0.771,-0.233
1.543,-2.222
-0.463,-2.444
-1.237,-0.798
1.592,-3.445
0.484,-2.881
-0.627,-2.844
1.128,-3.611
1.155,-2.995
-0.063,1.369
-0.067,1.657
-0.292,1.228
-0.274,-0.044
-0.328,-0.236
-0.269,1.953
-0.44,-1.057
-0.514,0.103
-0.654,-0.531
-0.586,0.824
-0.705,-0.089
-0.721,0.014
-0.843,1.423
-0.788,2.717
-0.818,-0.248
-0.841,0.355
-0.968,1.47
-0.888,-0.974
-0.908,1.974
-1.007,0.223
-1.055,1.411
-1.092,-0.088
-1.048,1.744
-1.128,1.112
-1.127,2.095
-1.08,0.036
-1.124,-0.79
-1.825,-1.158
-3.119,-1.446
-3.133,-1.186
3.048,-1.121
2.474,-1.203
2.456,-1.351
2.33,-1.553
2.157,-1.559
2.047,-1.382
1.675,-1.153
1.524,-1.445
1.317,-1.276
1.306,-1.398
1.18,-1.427
1.103,-1.214
0.861,-1.388
0.745,-1.504
0.694,-1.354
-0.034,-1.164
-0.421,-1.175
-0.505,-1.322
-0.65,-1.135
-0.7,-1.322
-0.778,-1.413
-0.812,-1.367
-0.747,-1.204
-1.131,-1.073
-1.204,-1.399
-1.473,3.154
-1.513,3.182
-2.153,3.173
-2.427,3.12
-2.813,3.264
-2.909,3.074
3.139,2.893
2.306,3.261
2.317,3.268
1.912,2.965
1.978,3.149
1.743,3.145
1.714,3.285
1.432,2.992
0.71,3.13
0.702,3.289
0.206,3.136
-0.14,2.966
-0.399,3.059
-1.125,3.347
-1.134,3.025
-1.269,2.618
-1.448,-0.834
-3.048,2.484
2.947,0.295
1.33,2.511
1.284,-0.275
-0.722,1.734
-1.853,-1.283
-2.318,-1.381
-0.139,-1.122
-1.104,2.799
-1.139,0.059
-1.329,2.602
-1.252,-0.522
-1.287,0.417
-1.505,0.827
-1.495,1.362
-1.55,1.383
-1.678,2.762
-1.587,1.791
-1.707,2.453
-1.805,0.102
-1.672,1.529
-1.76,1.47
-2.016,1.59
-1.883,2.42
-2.053,0.934
-2.003,1.034
-1.992,0.543
-2.141,-0.875
-2.089,-0.208
-2.127,1.266
-2.121,0.965
-2.33,-1.033
-2.327,-0.894
-2.356,1.63
-2.358,0.75
-2.279,1.441
-2.871,-0.011
-3.03,1.452
-2.894,1.269
-2.92,0.073
-3.078,-0.94
-3.141,-0.886
3.139,2.731
3.06,0.145
2.996,1.614
2.911,-0.782
2.857,0.638
2.976,1.053
2.765,-0.243
2.897,1.626
2.838,0.627
2.723,1.747
2.668,-0.66
2.455,-0.631
2.423,0.237
2.496,2.862
2.327,0.161
2.41,1.129
2.074,1.639
1.921,1.32
1.973,-1.106
1.968,2.413
1.932,0.95
1.783,0.092
1.711,-0.975
1.684,2.192
1.81,1.952
1.729,2.084
1.55,2.839
1.479,2.308
1.581,0.808
1.582,0.156
1.458,-0.929
1.36,-0.766
1.367,0.738
1.35,0.035
1.305,1.597
1.094,0.449
1.056,1.151
0.696,-0.37
0.665,-0.839
0.732,2.875
0.728,-0.611
0.42,0.074
0.264,1.687
0.187,-0.636
0.076,1.733
0.188,0.147
0.179,0.985
0.06,1.541
-0.176,1.38
-0.203,1.371
-0.366,0.017
-0.403,1.045
-0.634,0.675
-0.677,-0.814
-0.769,0.528
-0.891,1.31
-0.946,0.307
-0.88,0.134
-1.028,2.063
-0.973,0.093
-1.174,-0.18
-1.351,-1.407
-1.392,-1.279
-1.84,-1.247
-2.41,-1.075
-2.69,-1.346
-2.816,-1.171
-2.919,-1.202
2.843,-1.414
2.87,-1.295
2.838,-1.576
2.737,-1.442
2.717,-1.441
1.415,-1.257
0.497,-1.441
-0.091,-1.185
-0.334,-1.568
-0.538,-1.289
-0.751,-1.412
-0.769,-1.24
-0.988,-1.145
-0.971,-1.303
-1.051,-1.276
-1.195,3.137
-1.419,3.081
-1.768,3.096
-1.676,3.185
-2.008,3.037
-2.12,3.144
-2.161,3.172
-2.251,2.824
3.066,2.961
2.78,3.11
2.738,3.213
2.548,2.908
2.14,3.054
2.252,2.926
1.692,3.209
0.782,2.953
0.249,3.081
-0.489,3.233
-0.61,2.888
-0.734,3.147
-2.056,2.002
-2.179,0.401
3.043,2.061
1.284,1.039
0.899,0.371
-0.482,0.382
-1.975,1.804
3.044,1.11
2.543,0.255
2.065,1.106
1.072,1.11
0.892,1.106
0.754,1.842
-0.446,2.522
-0.693,1.823
1.621,-0.166
-0.385,-0.388
-1.159,1.258
1.67,-1.389
0.562,-0.825
-0.549,-0.788
1.206,-1.555
1.233,-0.939
-0.004,0.288
-0.229,-0.141
-0.211,-1.413
-0.265,-1.605
-0.206,0.584
-0.377,-2.426
-0.451,-1.266
-0.591,-1.9
-0.523,-0.545
-0.642,-1.458
-0.658,-1.355
-0.78,0.054
-0.725,1.348
-0.755,-1.617
-0.778,-1.014
-0.905,0.101
-0.825,-2.343
-0.845,0.605
-0.944,-1.146
-0.992,0.042
-1.029,-1.457
-0.985,0.375
-1.065,-0.257
-1.064,0.726
-1.017,-1.333
-1.061,-2.159
-1.762,-2.527
-3.056,-2.815
-3.07,-2.555
3.111,-2.49
2.537,-2.572
2.519,-2.72
2.393,-2.922
2.22,-2.928
2.11,-2.751
1.738,-2.522
1.587,-2.814
1.38,-2.645
1.369,-2.767
1.243,-2.796
1.166,-2.583
0.924,-2.757
0.808,-2.873
0.757,-2.723
0.029,-2.533
-0.358,-2.544
-0.442,-2.691
-0.587,-2.504
-0.637,-2.691
-0.715,-2.782
-0.749,-2.736
-0.684,-2.573
-1.068,-2.442
-1.141,-2.768
-1.41,1.785
-1.45,1.813
-2.09,1.804
-2.364,1.751
-2.75,1.895
-2.846,1.705
-3.081,1.524
2.369,1.892
2.38,1.899
1.975,1.596
2.041,1.78
1.806,1.776
1.777,1.916
1.495,1.623
0.773,1.761
0.765,1.92
0.269,1.767
-0.077,1.597
-0.336,1.69
-1.062,1.978
-1.071,1.656
-1.206,1.249
-1.385,-2.203
-2.985,1.115
3.01,-1.074
1.393,1.142
1.347,-1.644
-0.659,0.365
-1.79,-2.652
-2.255,-2.75
-0.076,-2.491
-1.041,1.43
-1.076,-1.31
-1.266,1.233
-1.189,-1.891
-1.224,-0.952
-1.442,-0.542
-1.432,-0.007
-1.487,0.014
-1.615,1.393
-1.524,0.422
-1.644,1.084
-1.742,-1.267
-1.609,0.16
-1.697,0.101
-1.953,0.221
-1.82,1.051
-1.99,-0.435
-1.94,-0.335
-1.929,-0.826
-2.078,-2.244
-2.026,-1.577
-2.064,-0.103
-2.058,-0.404
-2.267,-2.402
-2.264,-2.263
-2.293,0.261
-2.295,-0.619
-2.216,0.072
-2.808,-1.38
-2.967,0.083
-2.831,-0.1
-2.857,-1.296
-3.015,-2.309
-3.078,-2.255
-3.081,1.362
3.123,-1.224
3.059,0.245
2.974,-2.151
2.92,-0.731
3.039,-0.316
2.828,-1.612
2.96,0.257
2.901,-0.742
2.786,0.378
2.731,-2.029
2.518,-2.0
2.486,-1.132
2.559,1.493
2.39,-1.208
2.473,-0.24
2.137,0.27
1.984,-0.049
2.036,-2.475
2.031,1.044
1.995,-0.419
1.846,-1.277
1.774,-2.344
1.747,0.823
1.873,0.583
1.792,0.715
1.613,1.47
1.542,0.939
1.644,-0.561
1.645,-1.213
1.521,-2.298
1.423,-2.135
1.43,-0.631
1.413,-1.334
1.368,0.228
1.157,-0.92
1.119,-0.218
0.759,-1.739
0.728,-2.208
0.795,1.506
0.791,-1.98
0.483,-1.295
0.327,0.318
0.25,-2.005
0.139,0.364
0.251,-1.222
0.242,-0.384
0.123,0.172
-0.113,0.011
-0.14,0.002
-0.303,-1.352
-0.34,-0.324
-0.571,-0.694
-0.614,-2.183
-0.706,-0.841
-0.828,-0.059
-0.883,-1.062
-0.817,-1.235
-0.965,0.694
-0.91,-1.276
-1.111,-1.549
-1.288,-2.776
-1.329,-2.648
-1.777,-2.616
-2.347,-2.444
-2.627,-2.715
-2.753,-2.54
-2.856,-2.571
2.906,-2.783
2.933,-2.664
2.901,-2.945
2.8,-2.811
2.78,-2.81
1.478,-2.626
0.56,-2.81
-0.028,-2.554
-0.271,-2.937
-0.475,-2.658
-0.688,-2.781
-0.706,-2.609
-0.925,-2.514
-0.908,-2.672
-0.988,-2.645
-1.132,1.768
-1.356,1.712
-1.705,1.727
-1.613,1.816
-1.945,1.668
-2.057,1.775
-2.098,1.803
-2.188,1.455
3.129,1.592
2.843,1.741
2.801,1.844
2.611,1.539
2.203,1.685
2.315,1.557
1.755,1.84
0.845,1.584
0.312,1.712
-0.426,1.864
-0.547,1.519
-0.671,1.778
-1.993,0.633
-2.116,-0.968
3.106,0.692
1.347,-0.33
0.962,-0.998
-0.419,-0.987
-1.912,0.435
3.107,-0.259
2.606,-1.114
2.128,-0.263
1.135,-0.259
0.955,-0.263
0.817,0.473
-0.383,1.153
-0.63,0.454
1.684,-1.535
-0.322,-1.757
-1.096,-0.111
1.733,-2.758
0.625,-2.194
-0.486,-2.157
1.269,-2.924
1.296,-2.308
-0.225,-0.429
-0.207,-1.701
-0.261,-1.893
-0.202,0.296
-0.373,-2.714
-0.447,-1.554
-0.587,-2.188
-0.519,-0.833
-0.638,-1.746
-0.654,-1.643
-0.776,-0.234
-0.721,1.06
-0.751,-1.905
-0.774,-1.302
-0.901,-0.187
-0.821,-2.631
-0.841,0.317
-0.94,-1.434
-0.988,-0.246
-1.025,-1.745
-0.981,0.087
-1.061,-0.545
-1.06,0.438
-1.013,-1.621
-1.057,-2.447
-1.758,-2.815
-3.052,-3.103
-3.066,-2.843
3.115,-2.778
2.541,-2.86
2.523,-3.008
2.397,-3.21
2.224,-3.216
2.114,-3.039
1.742,-2.81
1.591,-3.102
1.384,-2.933
1.373,-3.055
1.247,-3.084
1.17,-2.871
0.928,-3.045
0.812,-3.161
0.761,-3.011
0.033,-2.821
-0.354,-2.832
-0.438,-2.979
-0.583,-2.792
-0.633,-2.979
-0.711,-3.07
-0.745,-3.024
-0.68,-2.861
-1.064,-2.73
-1.137,-3.056
-1.406,1.497
-1.446,1.525
-2.086,1.516
-2.36,1.463
-2.746,1.607
-2.842,1.417
-3.077,1.236
2.373,1.604
2.384,1.611
1.979,1.308
2.045,1.492
1.81,1.488
1.781,1.628
1.499,1.335
0.777,1.473
0.769,1.632
0.273,1.479
-0.073,1.309
-0.332,1.402
-1.058,1.69
-1.067,1.368
-1.202,0.961
-1.381,-2.491
-2.981,0.827
3.014,-1.362
1.397,0.854
1.351,-1.932
-0.655,0.077
-1.786,-2.94
-2.251,-3.038
-0.072,-2.779
-1.037,1.142
-1.072,-1.598
-1.262,0.945
-1.185,-2.179
-1.22,-1.24
-1.438,-0.83
-1.428,-0.295
-1.483,-0.274
-1.611,1.105
-1.52,0.134
-1.64,0.796
-1.738,-1.555
-1.605,-0.128
-1.693,-0.187
-1.949,-0.067
-1.816,0.763
-1.986,-0.723
-1.936,-0.623
-1.925,-1.114
-2.074,-2.532
-2.022,-1.865
-2.06,-0.391
-2.054,-0.692
-2.263,-2.69
-2.26,-2.551
-2.289,-0.027
-2.291,-0.907
-2.212,-0.216
-2.804,-1.668
-2.963,-0.205
-2.827,-0.388
-2.853,-1.584
-3.011,-2.597
-3.074,-2.543
-3.077,1.074
3.127,-1.512
3.063,-0.043
2.978,-2.439
2.924,-1.019
3.043,-0.604
2.832,-1.9
2.964,-0.031
2.905,-1.03
2.79,0.09
2.735,-2.317
2.522,-2.288
2.49,-1.42
2.563,1.205
2.394,-1.496
2.477,-0.528
2.141,-0.018
1.988,-0.337
2.04,-2.763
2.035,0.756
1.999,-0.707
1.85,-1.565
1.778,-2.632
1.751,0.535
1.877,0.295
1.796,0.427
1.617,1.182
1.546,0.651
1.648,-0.849
1.649,-1.501
1.525,-2.586
1.427,-2.423
1.434,-0.919
1.417,-1.622
1.372,-0.06
1.161,-1.208
1.123,-0.506
0.763,-2.027
0.732,-2.496
0.799,1.218
0.795,-2.268
0.487,-1.583
0.331,0.03
0.254,-2.293
0.143,0.076
0.255,-1.51
0.246,-0.672
0.127,-0.116
-0.109,-0.277
-0.136,-0.286
-0.299,-1.64
-0.336,-0.612
-0.567,-0.982
-0.61,-2.471
-0.702,-1.129
-0.824,-0.347
-0.879,-1.35
-0.813,-1.523
-0.961,0.406
-0.906,-1.564
-1.107,-1.837
-1.284,-3.064
-1.325,-2.936
-1.773,-2.904
-2.343,-2.732
-2.623,-3.003
-2.749,-2.828
-2.852,-2.859
2.91,-3.071
2.937,-2.952
2.905,-3.233
2.804,-3.099
2.784,-3.098
1.482,-2.914
0.564,-3.098
-0.024,-2.842
-0.267,-3.225
-0.471,-2.946
-0.684,-3.069
-0.702,-2.897
-0.921,-2.802
-0.904,-2.96
-0.984,-2.933
-1.128,1.48
-1.352,1.424
-1.701,1.439
-1.609,1.528
-1.941,1.38
-2.053,1.487
-2.094,1.515
-2.184,1.167
3.133,1.304
2.847,1.453
2.805,1.556
2.615,1.251
2.207,1.397
2.319,1.269
1.759,1.552
0.849,1.296
0.316,1.424
-0.422,1.576
-0.543,1.231
-0.667,1.49
-1.989,0.345
-2.112,-1.256
3.11,0.404
1.351,-0.618
0.966,-1.286
-0.415,-1.275
-1.908,0.147
3.111,-0.547
2.61,-1.402
2.132,-0.551
1.139,-0.547
0.959,-0.551
0.821,0.185
-0.379,0.865
-0.626,0.166
1.688,-1.823
-0.318,-2.045
-1.092,-0.399
1.737,-3.046
0.629,-2.482
-0.482,-2.445
1.273,-3.212
1.3,-2.596
0.018,-1.272
-0.036,-1.464
0.023,0.725
-0.148,-2.285
-0.222,-1.125
-0.362,-1.759
-0.294,-0.404
-0.413,-1.317
-0.429,-1.214
-0.551,0.195
-0.496,1.489
-0.526,-1.476
-0.549,-0.873
-0.676,0.242
-0.596,-2.202
-0.616,0.746
-0.715,-1.005
-0.763,0.183
-0.8,-1.316
-0.756,0.516
-0.836,-0.116
-0.835,0.867
-0.788,-1.192
-0.832,-2.018
-1.533,-2.386
-2.827,-2.674
-2.841,-2.414
-2.943,-2.349
2.766,-2.431
2.748,-2.579
2.622,-2.781
2.449,-2.787
2.339,-2.61
1.967,-2.381
1.816,-2.673
1.609,-2.504
1.598,-2.626
1.472,-2.655
1.395,-2.442
1.153,-2.616
1.037,-2.732
0.986,-2.582
0.258,-2.392
-0.129,-2.403
-0.213,-2.55
-0.358,-2.363
-0.408,-2.55
-0.486,-2.641
-0.52,-2.595
-0.455,-2.432
-0.839,-2.301
-0.912,-2.627
-1.181,1.926
-1.221,1.954
-1.861,1.945
-2.135,1.892
-2.521,2.036
-2.617,1.846
-2.852,1.665
2.598,2.033
2.609,2.04
2.204,1.737
2.27,1.921
2.035,1.917
2.006,2.057
1.724,1.764
1.002,1.902
0.994,2.061
0.498,1.908
0.152,1.738
-0.107,1.831
-0.833,2.119
-0.842,1.797
-0.977,1.39
-1.156,-2.062
-2.756,1.256
-3.044,-0.933
1.622,1.283
1.576,-1.503
-0.43,0.506
-1.561,-2.511
-2.026,-2.609
0.153,-2.35
-0.812,1.571
-0.847,-1.169
-1.037,1.374
-0.96,-1.75
-0.995,-0.811
-1.213,-0.401
-1.203,0.134
-1.258,0.155
-1.386,1.534
-1.295,0.563
-1.415,1.225
-1.513,-1.126
-1.38,0.301
-1.468,0.242
-1.724,0.362
-1.591,1.192
-1.761,-0.294
-1.711,-0.194
-1.7,-0.685
-1.849,-2.103
-1.797,-1.436
-1.835,0.038
-1.829,-0.263
-2.038,-2.261
-2.035,-2.122
-2.064,0.402
-2.066,-0.478
-1.987,0.213
-2.579,-1.239
-2.738,0.224
-2.602,0.041
-2.628,-1.155
-2.786,-2.168
-2.849,-2.114
-2.852,1.503
-2.931,-1.083
-2.995,0.386
-3.08,-2.01
-3.134,-0.59
-3.015,-0.175
3.057,-1.471
-3.094,0.398
3.13,-0.601
3.015,0.519
2.96,-1.888
2.747,-1.859
2.715,-0.991
2.788,1.634
2.619,-1.067
2.702,-0.099
2.366,0.411
2.213,0.092
2.265,-2.334
2.26,1.185
2.224,-0.278
2.075,-1.136
2.003,-2.203
1.976,0.964
2.102,0.724
2.021,0.856
1.842,1.611
1.771,1.08
1.873,-0.42
1.874,-1.072
1.75,-2.157
1.652,-1.994
1.659,-0.49
1.642,-1.193
1.597,0.369
1.386,-0.779
1.348,-0.077
0.988,-1.598
0.957,-2.067
1.024,1.647
1.02,-1.839
0.712,-1.154
0.556,0.459
0.479,-1.864
0.368,0.505
0.48,-1.081
0.471,-0.243
0.352,0.313
0.116,0.152
0.089,0.143
-0.074,-1.211
-0.111,-0.183
-0.342,-0.553
-0.385,-2.042
-0.477,-0.7
-0.599,0.082
-0.654,-0.921
-0.588,-1.094
-0.736,0.835
-0.681,-1.135
-0.882,-1.408
-1.059,-2.635
-1.1,-2.507
-1.548,-2.475
-2.118,-2.303
-2.398,-2.574
-2.524,-2.399
-2.627,-2.43
3.135,-2.642
-3.121,-2.523
3.13,-2.804
3.029,-2.67
3.009,-2.669
1.707,-2.485
0.789,-2.669
0.201,-2.413
-0.042,-2.796
-0.246,-2.517
-0.459,-2.64
-0.477,-2.468
-0.696,-2.373
-0.679,-2.531
-0.759,-2.504
-0.903,1.909
-1.127,1.853
-1.476,1.868
-1.384,1.957
-1.716,1.809
-1.828,1.916
-1.869,1.944
-1.959,1.596
-2.925,1.733
3.072,1.882
3.03,1.985
2.84,1.68
2.432,1.826
2.544,1.698
1.984,1.981
1.074,1.725
0.541,1.853
-0.197,2.005
-0.318,1.66
-0.442,1.919
-1.764,0.774
-1.887,-0.827
-2.948,0.833
1.576,-0.189
1.191,-0.857
-0.19,-0.846
-1.683,0.576
-2.947,-0.118
2.835,-0.973
2.357,-0.122
1.364,-0.118
1.184,-0.122
1.046,0.614
-0.154,1.294
-0.401,0.595
1.913,-1.394
-0.093,-1.616
-0.867,0.03
1.962,-2.617
0.854,-2.053
-0.257,-2.016
1.498,-2.783
1.525,-2.167
-0.054,-0.192
0.005,1.997
-0.166,-1.013
-0.24,0.147
-0.38,-0.487
-0.312,0.868
-0.431,-0.045
-0.447,0.058
-0.569,1.467
-0.514,2.761
-0.544,-0.204
-0.567,0.399
-0.694,1.514
-0.614,-0.93
-0.634,2.018
-0.733,0.267
-0.781,1.455
-0.818,-0.044
-0.774,1.788
-0.854,1.156
-0.853,2.139
-0.806,0.08
-0.85,-0.746
-1.551,-1.114
-2.845,-1.402
-2.859,-1.142
-2.961,-1.077
2.748,-1.159
2.73,-1.307
2.604,-1.509
2.431,-1.515
2.321,-1.338
1.949,-1.109
1.798,-1.401
1.591,-1.232
1.58,-1.354
1.454,-1.383
1.377,-1.17
1.135,-1.344
1.019,-1.46
0.968,-1.31
0.24,-1.12
-0.147,-1.131
-0.231,-1.278
-0.376,-1.091
-0.426,-1.278
-0.504,-1.369
-0.538,-1.323
-0.473,-1.16
-0.857,-1.029
-0.93,-1.355
-1.199,3.198
-1.239,3.226
-1.879,3.217
-2.153,3.164
-2.539,3.308
-2.635,3.118
-2.87,2.937
2.58,3.305
2.591,3.312
2.186,3.009
2.252,3.193
2.017,3.189
1.988,3.329
1.706,3.036
0.984,3.174
0.976,3.333
0.48,3.18
0.134,3.01
-0.125,3.103
-0.851,3.391
-0.86,3.069
-0.995,2.662
-1.174,-0.79
-2.774,2.528
-3.062,0.339
1.604,2.555
1.558,-0.231
-0.448,1.778
-1.579,-1.239
-2.044,-1.337
0.135,-1.078
-0.83,2.843
-0.865,0.103
-1.055,2.646
-0.978,-0.478
-1.013,0.461
-1.231,0.871
-1.221,1.406
-1.276,1.427
-1.404,2.806
-1.313,1.835
-1.433,2.497
-1.531,0.146
-1.398,1.573
-1.486,1.514
-1.742,1.634
-1.609,2.464
-1.779,0.978
-1.729,1.078
-1.718,0.587
-1.867,-0.831
-1.815,-0.164
-1.853,1.31
-1.847,1.009
-2.056,-0.989
-2.053,-0.85
-2.082,1.674
-2.084,0.794
-2.005,1.485
-2.597,0.033
-2.756,1.496
-2.62,1.313
-2.646,0.117
-2.804,-0.896
-2.867,-0.842
-2.87,2.775
-2.949,0.189
-3.013,1.658
-3.098,-0.738
3.131,0.682
-3.033,1.097
3.039,-0.199
-3.112,1.67
3.112,0.671
2.997,1.791
2.942,-0.616
2.729,-0.587
2.697,0.281
2.77,2.906
2.601,0.205
2.684,1.173
2.348,1.683
2.195,1.364
2.247,-1.062
2.242,2.457
2.206,0.994
2.057,0.136
1.985,-0.931
1.958,2.236
2.084,1.996
2.003,2.128
1.824,2.883
1.753,2.352
1.855,0.852
1.856,0.2
1.732,-0.885
1.634,-0.722
1.641,0.782
1.624,0.079
1.579,1.641
1.368,0.493
1.33,1.195
0.97,-0.326
0.939,-0.795
1.006,2.919
1.002,-0.567
0.694,0.118
0.538,1.731
0.461,-0.592
0.35,1.777
0.462,0.191
0.453,1.029
0.334,1.585
0.098,1.424
0.071,1.415
-0.092,0.061
-0.129,1.089
-0.36,0.719
-0.403,-0.77
-0.495,0.572
-0.617,1.354
-0.672,0.351
-0.606,0.178
-0.754,2.107
-0.699,0.137
-0.9,-0.136
-1.077,-1.363
-1.118,-1.235
-1.566,-1.203
-2.136,-1.031
-2.416,-1.302
-2.542,-1.127
-2.645,-1.158
3.117,-1.37
-3.139,-1.251
3.112,-1.532
3.011,-1.398
2.991,-1.397
1.689,-1.213
0.771,-1.397
0.183,-1.141
-0.06,-1.524
-0.264,-1.245
-0.477,-1.368
-0.495,-1.196
-0.714,-1.101
-0.697,-1.259
-0.777,-1.232
-0.921,3.181
-1.145,3.125
-1.494,3.14
-1.402,3.229
-1.734,3.081
-1.846,3.188
-1.887,3.216
-1.977,2.868
-2.943,3.005
3.054,3.154
3.012,3.257
2.822,2.952
2.414,3.098
2.526,2.97
1.966,3.253
1.056,2.997
0.523,3.125
-0.215,3.277
-0.336,2.932
-0.46,3.191
-1.782,2.046
-1.905,0.445
-2.966,2.105
1.558,1.083
1.173,0.415
-0.208,0.426
-1.701,1.848
-2.965,1.154
2.817,0.299
2.339,1.15
1.346,1.154
1.166,1.15
1.028,1.886
-0.172,2.566
-0.419,1.867
1.895,-0.122
-0.111,-0.344
-0.885,1.302
1.944,-1.345
0.836,-0.781
-0.275,-0.744
1.48,-1.511
1.507,-0.895
0.059,2.189
-0.112,-0.821
-0.186,0.339
-0.326,-0.295
-0.258,1.06
-0.377,0.147
-0.393,0.25
-0.515,1.659
-0.46,2.953
-0.49,-0.012
-0.513,0.591
-0.64,1.706
-0.56,-0.738
-0.58,2.21
-0.679,0.459
-0.727,1.647
-0.764,0.148
-0.72,1.98
-0.8,1.348
-0.799,2.331
-0.752,0.272
-0.796,-0.554
-1.497,-0.922
-2.791,-1.21
-2.805,-0.95
-2.907,-0.885
2.802,-0.967
2.784,-1.115
2.658,-1.317
2.485,-1.323
2.375,-1.146
2.003,-0.917
1.852,-1.209
1.645,-1.04
1.634,-1.162
1.508,-1.191
1.431,-0.978
1.189,-1.152
1.073,-1.268
1.022,-1.118
0.294,-0.928
-0.093,-0.939
-0.177,-1.086
-0.322,-0.899
-0.372,-1.086
-0.45,-1.177
-0.484,-1.131
-0.419,-0.968
-0.803,-0.837
-0.876,-1.163
-1.145,3.39
-1.185,3.418
-1.825,3.409
-2.099,3.356
-2.485,3.5
-2.581,3.31
-2.816,3.129
2.634,3.497
2.645,3.504
2.24,3.201
2.306,3.385
2.071,3.381
2.042,3.521
1.76,3.228
1.038,3.366
1.03,3.525
0.534,3.372
0.188,3.202
-0.071,3.295
-0.797,3.583
-0.806,3.261
-0.941,2.854
-1.12,-0.598
-2.72,2.72
-3.008,0.531
1.658,2.747
1.612,-0.039
-0.394,1.97
-1.525,-1.047
-1.99,-1.145
0.189,-0.886
-0.776,3.035
-0.811,0.295
-1.001,2.838
-0.924,-0.286
-0.959,0.653
-1.177,1.063
-1.167,1.598
-1.222,1.619
-1.35,2.998
-1.259,2.027
-1.379,2.689
-1.477,0.338
-1.344,1.765
-1.432,1.706
-1.688,1.826
-1.555,2.656
-1.725,1.17
-1.675,1.27
-1.664,0.779
-1.813,-0.639
-1.761,0.028
-1.799,1.502
-1.793,1.201
-2.002,-0.797
-1.999,-0.658
-2.028,1.866
-2.03,0.986
-1.951,1.677
-2.543,0.225
-2.702,1.688
-2.566,1.505
-2.592,0.309
-2.75,-0.704
-2.813,-0.65
-2.816,2.967
-2.895,0.381
-2.959,1.85
-3.044,-0.546
-3.098,0.874
-2.979,1.289
3.093,-0.007
-3.058,1.862
-3.117,0.863
3.051,1.983
2.996,-0.424
2.783,-0.395
2.751,0.473
2.824,3.098
2.655,0.397
2.738,1.365
2.402,1.875
2.249,1.556
2.301,-0.87
2.296,2.649
2.26,1.186
2.111,0.328
2.039,-0.739
2.012,2.428
2.138,2.188
2.057,2.32
1.878,3.075
1.807,2.544
1.909,1.044
1.91,0.392
1.786,-0.693
1.688,-0.53
1.695,0.974
1.678,0.271
1.633,1.833
1.422,0.685
1.384,1.387
1.024,-0.134
0.993,-0.603
1.06,3.111
1.056,-0.375
0.748,0.31
0.592,1.923
0.515,-0.4
0.404,1.969
0.516,0.383
0.507,1.221
0.388,1.777
0.152,1.616
0.125,1.607
-0.038,0.253
-0.075,1.281
-0.306,0.911
-0.349,-0.578
-0.441,0.764
-0.563,1.546
-0.618,0.543
-0.552,0.37
-0.7,2.299
-0.645,0.329
-0.846,0.056
-1.023,-1.171
-1.064,-1.043
-1.512,-1.011
-2.082,-0.839
-2.362,-1.11
-2.488,-0.935
-2.591,-0.966
-3.112,-1.178
-3.085,-1.059
-3.117,-1.34
3.065,-1.206
3.045,-1.205
1.743,-1.021
0.825,-1.205
0.237,-0.949
-0.006,-1.332
-0.21,-1.053
-0.423,-1.176
-0.441,-1.004
-0.66,-0.909
-0.643,-1.067
-0.723,-1.04
-0.867,3.373
-1.091,3.317
-1.44,3.332
-1.348,3.421
-1.68,3.273
-1.792,3.38
-1.833,3.408
-1.923,3.06
-2.889,3.197
3.108,3.346
3.066,3.449
2.876,3.144
2.468,3.29
2.58,3.162
2.02,3.445
1.11,3.189
0.577,3.317
-0.161,3.469
-0.282,3.124
-0.406,3.383
-1.728,2.238
-1.851,0.637
-2.912,2.297
1.612,1.275
1.227,0.607
-0.154,0.618
-1.647,2.04
-2.911,1.346
2.871,0.491
2.393,1.342
1.4,1.346
1.22,1.342
1.082,2.078
-0.118,2.758
-0.365,2.059
1.949,0.07
-0.057,-0.152
-0.831,1.494
1.998,-1.153
0.89,-0.589
-0.221,-0.552
1.534,-1.319
1.561,-0.703
-0.171,-3.01
-0.245,-1.85
-0.385,-2.484
-0.317,-1.129
-0.436,-2.042
-0.452,-1.939
-0.574,-0.53
-0.519,0.764
-0.549,-2.201
-0.572,-1.598
-0.699,-0.483
-0.619,-2.927
-0.639,0.021
-0.738,-1.73
-0.786,-0.542
-0.823,-2.041
-0.779,-0.209
-0.859,-0.841
-0.858,0.142
-0.811,-1.917
-0.855,-2.743
-1.556,-3.111
-2.85,-3.399
-2.864,-3.139
-2.966,-3.074
2.743,-3.156
2.725,-3.304
2.599,-3.506
2.426,-3.512
2.316,-3.335
1.944,-3.106
1.793,-3.398
1.586,-3.229
1.575,-3.351
1.449,-3.38
1.372,-3.167
1.13,-3.341
1.014,-3.457
0.963,-3.307
0.235,-3.117
-0.152,-3.128
-0.236,-3.275
-0.381,-3.088
-0.431,-3.275
-0.509,-3.366
-0.543,-3.32
-0.478,-3.157
-0.862,-3.026
-0.935,-3.352
-1.204,1.201
-1.244,1.229
-1.884,1.22
-2.158,1.167
-2.544,1.311
-2.64,1.121
-2.875,0.94
2.575,1.308
2.586,1.315
2.181,1.012
2.247,1.196
2.012,1.192
1.983,1.332
1.701,1.039
0.979,1.177
0.971,1.336
0.475,1.183
0.129,1.013
-0.13,1.106
-0.856,1.394
-0.865,1.072
-1.0,0.665
-1.179,-2.787
-2.779,0.531
-3.067,-1.658
1.599,0.558
1.553,-2.228
-0.453,-0.219
-1.584,-3.236
-2.049,-3.334
0.13,-3.075
-0.835,0.846
-0.87,-1.894
-1.06,0.649
-0.983,-2.475
-1.018,-1.536
-1.236,-1.126
-1.226,-0.591
-1.281,-0.57
-1.409,0.809
-1.318,-0.162
-1.438,0.5
-1.536,-1.851
-1.403,-0.424
-1.491,-0.483
-1.747,-0.363
-1.614,0.467
-1.784,-1.019
-1.734,-0.919
-1.723,-1.41
-1.872,-2.828
-1.82,-2.161
-1.858,-0.687
-1.852,-0.988
-2.061,-2.986
-2.058,-2.847
-2.087,-0.323
-2.089,-1.203
-2.01,-0.512
-2.602,-1.964
-2.761,-0.501
-2.625,-0.684
-2.651,-1.88
-2.809,-2.893
-2.872,-2.839
-2.875,0.778
-2.954,-1.808
-3.018,-0.339
-3.103,-2.735
3.126,-1.315
-3.038,-0.9
3.034,-2.196
-3.117,-0.327
3.107,-1.326
2.992,-0.206
2.937,-2.613
2.724,-2.584
2.692,-1.716
2.765,0.909
2.596,-1.792
2.679,-0.824
2.343,-0.314
2.19,-0.633
2.242,-3.059
2.237,0.46
2.201,-1.003
2.052,-1.861
1.98,-2.928
1.953,0.239
2.079,-0.001
1.998,0.131
1.819,0.886
1.748,0.355
1.85,-1.145
1.851,-1.797
1.727,-2.882
1.629,-2.719
1.636,-1.215
1.619,-1.918
1.574,-0.356
1.363,-1.504
1.325,-0.802
0.965,-2.323
0.934,-2.792
1.001,0.922
0.997,-2.564
0.689,-1.879
0.533,-0.266
0.456,-2.589
0.345,-0.22
0.457,-1.806
0.448,-0.968
0.329,-0.412
0.093,-0.573
0.066,-0.582
-0.097,-1.936
-0.134,-0.908
-0.365,-1.278
-0.408,-2.767
-0.5,-1.425
-0.622,-0.643
-0.677,-1.646
-0.611,-1.819
-0.759,0.11
-0.704,-1.86
-0.905,-2.133
-1.082,-3.36
-1.123,-3.232
-1.571,-3.2
-2.141,-3.028
-2.421,-3.299
-2.547,-3.124
-2.65,-3.155
3.112,-3.367
3.139,-3.248
3.107,-3.529
3.006,-3.395
2.986,-3.394
1.684,-3.21
0.766,-3.394
0.178,-3.138
-0.065,-3.521
-0.269,-3.242
-0.482,-3.365
-0.5,-3.193
-0.719,-3.098
-0.702,-3.256
-0.782,-3.229
-0.926,1.184
-1.15,1.128
-1.499,1.143
-1.407,1.232
-1.739,1.084
-1.851,1.191
-1.892,1.219
-1.982,0.871
-2.948,1.008
3.049,1.157
3.007,1.26
2.817,0.955
2.409,1.101
2.521,0.973
1.961,1.256
1.051,1.0
0.518,1.128
-0.22,1.28
-0.341,0.935
-0.465,1.194
-1.787,0.049
-1.91,-1.552
-2.971,0.108
1.553,-0.914
1.168,-1.582
-0.213,-1.571
-1.706,-0.149
-2.97,-0.843
2.812,-1.698
2.334,-0.847
1.341,-0.843
1.161,-0.847
1.023,-0.111
-0.177,0.569
-0.424,-0.13
1.89,-2.119
-0.116,-2.341
-0.89,-0.695
1.939,-3.342
0.831,-2.778
-0.28,-2.741
1.475,-3.508
1.502,-2.892
-0.074,1.16
-0.214,0.526
-0.146,1.881
-0.265,0.968
-0.281,1.071
-0.403,2.48
-0.348,3.774
-0.378,0.809
-0.401,1.412
-0.528,2.527
-0.448,0.083
-0.468,3.031
-0.567,1.28
-0.615,2.468
-0.652,0.969
-0.608,2.801
-0.688,2.169
-0.687,3.152
-0.64,1.093
-0.684,0.267
-1.385,-0.101
-2.679,-0.389
-2.693,-0.129
-2.795,-0.064
2.914,-0.146
2.896,-0.294
2.77,-0.496
2.597,-0.502
2.487,-0.325
2.115,-0.096
1.964,-0.388
1.757,-0.219
1.746,-0.341
1.62,-0.37
1.543,-0.157
1.301,-0.331
1.185,-0.447
1.134,-0.297
0.406,-0.107
0.019,-0.118
-0.065,-0.265
-0.21,-0.078
-0.26,-0.265
-0.338,-0.356
-0.372,-0.31
-0.307,-0.147
-0.691,-0.016
-0.764,-0.342
-1.033,4.211
-1.073,4.239
-1.713,4.23
-1.987,4.177
-2.373,4.321
-2.469,4.131
-2.704,3.95
2.746,4.318
2.757,4.325
2.352,4.022
2.418,4.206
2.183,4.202
2.154,4.342
1.872,4.049
1.15,4.187
1.142,4.346
0.646,4.193
0.3,4.023
0.041,4.116
-0.685,4.404
-0.694,4.082
-0.829,3.675
-1.008,0.223
-2.608,3.541
-2.896,1.352
1.77,3.568
1.724,0.782
-0.282,2.791
-1.413,-0.226
-1.878,-0.324
0.301,-0.065
-0.664,3.856
-0.699,1.116
-0.889,3.659
-0.812,0.535
-0.847,1.474
-1.065,1.884
-1.055,2.419
-1.11,2.44
-1.238,3.819
-1.147,2.848
-1.267,3.51
-1.365,1.159
-1.232,2.586
-1.32,2.527
-1.576,2.647
-1.443,3.477
-1.613,1.991
-1.563,2.091
-1.552,1.6
-1.701,0.182
-1.649,0.849
-1.687,2.323
-1.681,2.022
-1.89,0.024
-1.887,0.163
-1.916,2.687
-1.918,1.807
-1.839,2.498
-2.431,1.046
-2.59,2.509
-2.454,2.326
-2.48,1.13
-2.638,0.117
-2.701,0.171
-2.704,3.788
-2.783,1.202
-2.847,2.671
-2.932,0.275
-2.986,1.695
-2.867,2.11
-3.078,0.814
-2.946,2.683
-3.005,1.684
-3.12,2.804
3.108,0.397
2.895,0.426
2.863,1.294
2.936,3.919
2.767,1.218
2.85,2.186
2.514,2.696
2.361,2.377
2.413,-0.049
2.408,3.47
2.372,2.007
2.223,1.149
2.151,0.082
2.124,3.249
2.25,3.009
2.169,3.141
1.99,3.896
1.919,3.365
2.021,1.865
2.022,1.213
1.898,0.128
1.8,0.291
1.807,1.795
1.79,1.092
1.745,2.654
1.534,1.506
1.496,2.208
1.136,0.687
1.105,0.218
1.172,3.932
1.168,0.446
0.86,1.131
0.704,2.744
0.627,0.421
0.516,2.79
0.628,1.204
0.619,2.042
0.5,2.598
0.264,2.437
0.237,2.428
0.074,1.074
0.037,2.102
-0.194,1.732
-0.237,0.243
-0.329,1.585
-0.451,2.367
-0.506,1.364
-0.44,1.191
-0.588,3.12
-0.533,1.15
-0.734,0.877
-0.911,-0.35
-0.952,-0.222
-1.4,-0.19
-1.97,-0.018
-2.25,-0.289
-2.376,-0.114
-2.479,-0.145
-3.0,-0.357
-2.973,-0.238
-3.005,-0.519
-3.106,-0.385
-3.126,-0.384
1.855,-0.2
0.937,-0.384
0.349,-0.128
0.106,-0.511
-0.098,-0.232
-0.311,-0.355
-0.329,-0.183
-0.548,-0.088
-0.531,-0.246
-0.611,-0.219
-0.755,4.194
-0.979,4.138
-1.328,4.153
-1.236,4.242
-1.568,4.094
-1.68,4.201
-1.721,4.229
-1.811,3.881
-2.777,4.018
-3.063,4.167
-3.105,4.27
2.988,3.965
2.58,4.111
2.692,3.983
2.132,4.266
1.222,4.01
0.689,4.138
-0.049,4.29
-0.17,3.945
-0.294,4.204
-1.616,3.059
-1.739,1.458
-2.8,3.118
1.724,2.096
1.339,1.428
-0.042,1.439
-1.535,2.861
-2.799,2.167
2.983,1.312
2.505,2.163
1.512,2.167
1.332,2.163
1.194,2.899
-0.006,3.579
-0.253,2.88
2.061,0.891
0.055,0.669
-0.719,2.315
2.11,-0.332
1.002,0.232
-0.109,0.269
1.646,-0.498
1.673,0.118
-0.14,-0.634
-0.072,0.721
-0.191,-0.192
-0.207,-0.089
-0.329,1.32
-0.274,2.614
-0.304,-0.351
-0.327,0.252
-0.454,1.367
-0.374,-1.077
-0.394,1.871
-0.493,0.12
-0.541,1.308
-0.578,-0.191
-0.534,1.641
-0.614,1.009
-0.613,1.992
-0.566,-0.067
-0.61,-0.893
-1.311,-1.261
-2.605,-1.549
-2.619,-1.289
-2.721,-1.224
2.988,-1.306
2.97,-1.454
2.844,-1.656
2.671,-1.662
2.561,-1.485
2.189,-1.256
2.038,-1.548
1.831,-1.379
1.82,-1.501
1.694,-1.53
1.617,-1.317
1.375,-1.491
1.259,-1.607
1.208,-1.457
0.48,-1.267
0.093,-1.278
0.009,-1.425
-0.136,-1.238
-0.186,-1.425
-0.264,-1.516
-0.298,-1.47
-0.233,-1.307
-0.617,-1.176
-0.69,-1.502
-0.959,3.051
-0.999,3.079
-1.639,3.07
-1.913,3.017
-2.299,3.161
-2.395,2.971
-2.63,2.79
2.82,3.158
2.831,3.165
2.426,2.862
2.492,3.046
2.257,3.042
2.228,3.182
1.946,2.889
1.224,3.027
1.216,3.186
0.72,3.033
0.374,2.863
0.115,2.956
-0.611,3.244
-0.62,2.922
-0.755,2.515
-0.934,-0.937
-2.534,2.381
-2.822,0.192
1.844,2.408
1.798,-0.378
-0.208,1.631
-1.339,-1.386
-1.804,-1.484
0.375,-1.225
-0.59,2.696
-0.625,-0.044
-0.815,2.499
-0.738,-0.625
-0.773,0.314
-0.991,0.724
-0.981,1.259
-1.036,1.28
-1.164,2.659
-1.073,1.688
-1.193,2.35
-1.291,-0.001
-1.158,1.426
-1.246,1.367
-1.502,1.487
-1.369,2.317
-1.539,0.831
-1.489,0.931
-1.478,0.44
-1.627,-0.978
-1.575,-0.311
-1.613,1.163
-1.607,0.862
-1.816,-1.136
-1.813,-0.997
-1.842,1.527
-1.844,0.647
-1.765,1.338
-2.357,-0.114
-2.516,1.349
-2.38,1.166
-2.406,-0.03
-2.564,-1.043
-2.627,-0.989
-2.63,2.628
-2.709,0.042
-2.773,1.511
-2.858,-0.885
-2.912,0.535
-2.793,0.95
-3.004,-0.346
-2.872,1.523
-2.931,0.524
-3.046,1.644
-3.101,-0.763
2.969,-0.734
2.937,0.134
3.01,2.759
2.841,0.058
2.924,1.026
2.588,1.536
2.435,1.217
2.487,-1.209
2.482,2.31
2.446,0.847
2.297,-0.011
2.225,-1.078
2.198,2.089
2.324,1.849
2.243,1.981
2.064,2.736
1.993,2.205
2.095,0.705
2.096,0.053
1.972,-1.032
1.874,-0.869
1.881,0.635
1.864,-0.068
1.819,1.494
1.608,0.346
1.57,1.048
1.21,-0.473
1.179,-0.942
1.246,2.772
1.242,-0.714
0.934,-0.029
0.778,1.584
0.701,-0.739
0.59,1.63
0.702,0.044
0.693,0.882
0.574,1.438
0.338,1.277
0.311,1.268
0.148,-0.086
0.111,0.942
-0.12,0.572
-0.163,-0.917
-0.255,0.425
-0.377,1.207
-0.432,0.204
-0.366,0.031
-0.514,1.96
-0.459,-0.01
-0.66,-0.283
-0.837,-1.51
-0.878,-1.382
-1.326,-1.35
-1.896,-1.178
-2.176,-1.449
-2.302,-1.274
-2.405,-1.305
-2.926,-1.517
-2.899,-1.398
-2.931,-1.679
-3.032,-1.545
-3.052,-1.544
1.929,-1.36
1.011,-1.544
0.423,-1.288
0.18,-1.671
-0.024,-1.392
-0.237,-1.515
-0.255,-1.343
-0.474,-1.248
-0.457,-1.406
-0.537,-1.379
-0.681,3.034
-0.905,2.978
-1.254,2.993
-1.162,3.082
-1.494,2.934
-1.606,3.041
-1.647,3.069
-1.737,2.721
-2.703,2.858
-2.989,3.007
-3.031,3.11
3.062,2.805
2.654,2.951
2.766,2.823
2.206,3.106
1.296,2.85
0.763,2.978
0.025,3.13
-0.096,2.785
-0.22,3.044
-1.542,1.899
-1.665,0.298
-2.726,1.958
1.798,0.936
1.413,0.268
0.032,0.279
-1.461,1.701
-2.725,1.007
3.057,0.152
2.579,1.003
1.586,1.007
1.406,1.003
1.268,1.739
0.068,2.419
-0.179,1.72
2.135,-0.269
0.129,-0.491
-0.645,1.155
2.184,-1.492
1.076,-0.928
-0.035,-0.891
1.72,-1.658
1.747,-1.042
0.068,1.355
-0.051,0.442
-0.067,0.545
-0.189,1.954
-0.134,3.248
-0.164,0.283
-0.187,0.886
-0.314,2.001
-0.234,-0.443
-0.254,2.505
-0.353,0.754
-0.401,1.942
-0.438,0.443
-0.394,2.275
-0.474,1.643
-0.473,2.626
-0.426,0.567
-0.47,-0.259
-1.171,-0.627
-2.465,-0.915
-2.479,-0.655
-2.581,-0.59
3.128,-0.672
3.11,-0.82
2.984,-1.022
2.811,-1.028
2.701,-0.851
2.329,-0.622
2.178,-0.914
1.971,-0.745
1.96,-0.867
1.834,-0.896
1.757,-0.683
1.515,-0.857
1.399,-0.973
1.348,-0.823
0.62,-0.633
0.233,-0.644
0.149,-0.791
0.004,-0.604
-0.046,-0.791
-0.124,-0.882
-0.158,-0.836
-0.093,-0.673
-0.477,-0.542
-0.55,-0.868
-0.819,3.685
-0.859,3.713
-1.499,3.704
-1.773,3.651
-2.159,3.795
-2.255,3.605
-2.49,3.424
2.96,3.792
2.971,3.799
2.566,3.496
2.632,3.68
2.397,3.676
2.368,3.816
2.086,3.523
1.364,3.661
1.356,3.82
0.86,3.667
0.514,3.497
0.255,3.59
-0.471,3.878
-0.48,3.556
-0.615,3.149
-0.794,-0.303
-2.394,3.015
-2.682,0.826
1.984,3.042
1.938,0.256
-0.068,2.265
-1.199,-0.752
-1.664,-0.85
0.515,-0.591
-0.45,3.33
-0.485,0.59
-0.675,3.133
-0.598,0.009
-0.633,0.948
-0.851,1.358
-0.841,1.893
-0.896,1.914
-1.024,3.293
-0.933,2.322
-1.053,2.984
-1.151,0.633
-1.018,2.06
-1.106,2.001
-1.362,2.121
-1.229,2.951
-1.399,1.465
-1.349,1.565
-1.338,1.074
-1.487,-0.344
-1.435,0.323
-1.473,1.797
-1.467,1.496
-1.676,-0.502
-1.673,-0.363
-1.702,2.161
-1.704,1.281
-1.625,1.972
-2.217,0.52
-2.376,1.983
-2.24,1.8
-2.266,0.604
-2.424,-0.409
-2.487,-0.355
-2.49,3.262
-2.569,0.676
-2.633,2.145
-2.718,-0.251
-2.772,1.169
-2.653,1.584
-2.864,0.288
-2.732,2.157
-2.791,1.158
-2.906,2.278
-2.961,-0.129
3.109,-0.1
3.077,0.768
-3.133,3.393
2.981,0.692
3.064,1.66
2.728,2.17
2.575,1.851
2.627,-0.575
2.622,2.944
2.586,1.481
2.437,0.623
2.365,-0.444
2.338,2.723
2.464,2.483
2.383,2.615
2.204,3.37
2.133,2.839
2.235,1.339
2.236,0.687
2.112,-0.398
2.014,-0.235
2.021,1.269
2.004,0.566
1.959,2.128
1.748,0.98
1.71,1.682
1.35,0.161
1.319,-0.308
1.386,3.406
1.382,-0.08
1.074,0.605
0.918,2.218
0.841,-0.105
0.73,2.264
0.842,0.678
0.833,1.516
0.714,2.072
0.478,1.911
0.451,1.902
0.288,0.548
0.251,1.576
0.02,1.206
-0.023,-0.283
-0.115,1.059
-0.237,1.841
-0.292,0.838
-0.226,0.665
-0.374,2.594
-0.319,0.624
-0.52,0.351
-0.697,-0.876
-0.738,-0.748
-1.186,-0.716
-1.756,-0.544
-2.036,-0.815
-2.162,-0.64
-2.265,-0.671
-2.786,-0.883
-2.759,-0.764
-2.791,-1.045
-2.892,-0.911
-2.912,-0.91
2.069,-0.726
1.151,-0.91
0.563,-0.654
0.32,-1.037
0.116,-0.758
-0.097,-0.881
-0.115,-0.709
-0.334,-0.614
-0.317,-0.772
-0.397,-0.745
-0.541,3.668
-0.765,3.612
-1.114,3.627
-1.022,3.716
-1.354,3.568
-1.466,3.675
-1.507,3.703
-1.597,3.355
-2.563,3.492
-2.849,3.641
-2.891,3.744
-3.081,3.439
2.794,3.585
2.906,3.457
2.346,3.74
1.436,3.484
0.903,3.612
0.165,3.764
0.044,3.419
-0.08,3.678
-1.402,2.533
-1.525,0.932
-2.586,2.592
1.938,1.57
1.553,0.902
0.172,0.913
-1.321,2.335
-2.585,1.641
-3.086,0.786
2.719,1.637
1.726,1.641
1.546,1.637
1.408,2.373
0.208,3.053
-0.039,2.354
2.275,0.365
0.269,0.143
-0.505,1.789
2.324,-0.858
1.216,-0.294
0.105,-0.257
1.86,-1.024
1.887,-0.408
-0.119,-0.913
-0.135,-0.81
-0.257,0.599
-0.202,1.893
-0.232,-1.072
-0.255,-0.469
-0.382,0.646
-0.302,-1.798
-0.322,1.15
-0.421,-0.601
-0.469,0.587
-0.506,-0.912
-0.462,0.92
-0.542,0.288
-0.541,1.271
-0.494,-0.788
-0.538,-1.614
-1.239,-1.982
-2.533,-2.27
-2.547,-2.01
-2.649,-1.945
3.06,-2.027
3.042,-2.175
2.916,-2.377
2.743,-2.383
2.633,-2.206
2.261,-1.977
2.11,-2.269
1.903,-2.1
1.892,-2.222
1.766,-2.251
1.689,-2.038
1.447,-2.212
1.331,-2.328
1.28,-2.178
0.552,-1.988
0.165,-1.999
0.081,-2.146
-0.064,-1.959
-0.114,-2.146
-0.192,-2.237
-0.226,-2.191
-0.161,-2.028
-0.545,-1.897
-0.618,-2.223
-0.887,2.33
-0.927,2.358
-1.567,2.349
-1.841,2.296
-2.227,2.44
-2.323,2.25
-2.558,2.069
2.892,2.437
2.903,2.444
2.498,2.141
2.564,2.325
2.329,2.321
2.3,2.461
2.018,2.168
1.296,2.306
1.288,2.465
0.792,2.312
0.446,2.142
0.187,2.235
-0.539,2.523
-0.548,2.201
-0.683,1.794
-0.862,-1.658
-2.462,1.66
-2.75,-0.529
1.916,1.687
1.87,-1.099
-0.136,0.91
-1.267,-2.107
-1.732,-2.205
0.447,-1.946
-0.518,1.975
-0.553,-0.765
-0.743,1.778
-0.666,-1.346
-0.701,-0.407
-0.919,0.003
-0.909,0.538
-0.964,0.559
-1.092,1.938
-1.001,0.967
-1.121,1.629
-1.219,-0.722
-1.086,0.705
-1.174,0.646
-1.43,0.766
-1.297,1.596
-1.467,0.11
-1.417,0.21
-1.406,-0.281
-1.555,-1.699
-1.503,-1.032
-1.541,0.442
-1.535,0.141
-1.744,-1.857
-1.741,-1.718
-1.77,0.806
-1.772,-0.074
-1.693,0.617
-2.285,-0.835
-2.444,0.628
-2.308,0.445
-2.334,-0.751
-2.492,-1.764
-2.555,-1.71
-2.558,1.907
-2.637,-0.679
-2.701,0.79
-2.786,-1.606
-2.84,-0.186
-2.721,0.229
-2.932,-1.067
-2.8,0.802
-2.859,-0.197
-2.974,0.923
-3.029,-1.484
3.041,-1.455
3.009,-0.587
3.082,2.038
2.913,-0.663
2.996,0.305
2.66,0.815
2.507,0.496
2.559,-1.93
2.554,1.589
2.518,0.126
2.369,-0.732
2.297,-1.799
2.27,1.368
2.396,1.128
2.315,1.26
2.136,2.015
2.065,1.484
2.167,-0.016
2.168,-0.668
2.044,-1.753
1.946,-1.59
1.953,-0.086
1.936,-0.789
1.891,0.773
1.68,-0.375
1.642,0.327
1.282,-1.194
1.251,-1.663
1.318,2.051
1.314,-1.435
1.006,-0.75
0.85,0.863
0.773,-1.46
0.662,0.909
0.774,-0.677
0.765,0.161
0.646,0.717
0.41,0.556
0.383,0.547
0.22,-0.807
0.183,0.221
-0.048,-0.149
-0.091,-1.638
-0.183,-0.296
-0.305,0.486
-0.36,-0.517
-0.294,-0.69
-0.442,1.239
-0.387,-0.731
-0.588,-1.004
-0.765,-2.231
-0.806,-2.103
-1.254,-2.071
-1.824,-1.899
-2.104,-2.17
-2.23,-1.995
-2.333,-2.026
-2.854,-2.238
-2.827,-2.119
-2.859,-2.4
-2.96,-2.266
-2.98,-2.265
2.001,-2.081
1.083,-2.265
0.495,-2.009
0.252,-2.392
0.048,-2.113
-0.165,-2.236
-0.183,-2.064
-0.402,-1.969
-0.385,-2.127
-0.465,-2.1
-0.609,2.313
-0.833,2.257
-1.182,2.272
-1.09,2.361
-1.422,2.213
-1.534,2.32
-1.575,2.348
-1.665,2.0
-2.631,2.137
-2.917,2.286
-2.959,2.389
3.134,2.084
2.726,2.23
2.838,2.102
2.278,2.385
1.368,2.129
0.835,2.257
0.097,2.409
-0.024,2.064
-0.148,2.323
-1.47,1.178
-1.593,-0.423
-2.654,1.237
1.87,0.215
1.485,-0.453
0.104,-0.442
-1.389,0.98
-2.653,0.286
3.129,-0.569
2.651,0.282
1.658,0.286
1.478,0.282
1.34,1.018
0.14,1.698
-0.107,0.999
2.207,-0.99
0.201,-1.212
-0.573,0.434
2.256,-2.213
1.148,-1.649
0.037,-1.612
1.792,-2.379
1.819,-1.763
-0.016,0.103
-0.138,1.512
-0.083,2.806
-0.113,-0.159
-0.136,0.444
-0.263,1.559
-0.183,-0.885
-0.203,2.063
-0.302,0.312
-0.35,1.5
-0.387,0.001
-0.343,1.833
-0.423,1.201
-0.422,2.184
-0.375,0.125
-0.419,-0.701
-1.12,-1.069
-2.414,-1.357
-2.428,-1.097
-2.53,-1.032
-3.104,-1.114
-3.122,-1.262
3.035,-1.464
2.862,-1.47
2.752,-1.293
2.38,-1.064
2.229,-1.356
2.022,-1.187
2.011,-1.309
1.885,-1.338
1.808,-1.125
1.566,-1.299
1.45,-1.415
1.399,-1.265
0.671,-1.075
0.284,-1.086
0.2,-1.233
0.055,-1.046
0.005,-1.233
-0.073,-1.324
-0.107,-1.278
-0.042,-1.115
-0.426,-0.984
-0.499,-1.31
-0.768,3.243
-0.808,3.271
-1.448,3.262
-1.722,3.209
-2.108,3.353
-2.204,3.163
-2.439,2.982
3.011,3.35
3.022,3.357
2.617,3.054
2.683,3.238
2.448,3.234
2.419,3.374
2.137,3.081
1.415,3.219
1.407,3.378
0.911,3.225
0.565,3.055
0.306,3.148
-0.42,3.436
-0.429,3.114
-0.564,2.707
-0.743,-0.745
-2.343,2.573
-2.631,0.384
2.035,2.6
1.989,-0.186
-0.017,1.823
-1.148,-1.194
-1.613,-1.292
0.566,-1.033
-0.399,2.888
-0.434,0.148
-0.624,2.691
-0.547,-0.433
-0.582,0.506
-0.8,0.916
-0.79,1.451
-0.845,1.472
-0.973,2.851
-0.882,1.88
-1.002,2.542
-1.1,0.191
-0.967,1.618
-1.055,1.559
-1.311,1.679
-1.178,2.509
-1.348,1.023
-1.298,1.123
-1.287,0.632
-1.436,-0.786
-1.384,-0.119
-1.422,1.355
-1.416,1.054
-1.625,-0.944
-1.622,-0.805
-1.651,1.719
-1.653,0.839
-1.574,1.53
-2.166,0.078
-2.325,1.541
-2.189,1.358
-2.215,0.162
-2.373,-0.851
-2.436,-0.797
-2.439,2.82
-2.518,0.234
-2.582,1.703
-2.667,-0.693
-2.721,0.727
-2.602,1.142
-2.813,-0.154
-2.681,1.715
-2.74,0.716
-2.855,1.836
-2.91,-0.571
-3.123,-0.542
3.128,0.326
-3.082,2.951
3.032,0.25
3.115,1.218
2.779,1.728
2.626,1.409
2.678,-1.017
2.673,2.502
2.637,1.039
2.488,0.181
2.416,-0.886
2.389,2.281
2.515,2.041
2.434,2.173
2.255,2.928
2.184,2.397
2.286,0.897
2.287,0.245
2.163,-0.84
2.065,-0.677
2.072,0.827
2.055,0.124
2.01,1.686
1.799,0.538
1.761,1.24
1.401,-0.281
1.37,-0.75
1.437,2.964
1.433,-0.522
1.125,0.163
0.969,1.776
0.892,-0.547
0.781,1.822
0.893,0.236
0.884,1.074
0.765,1.63
0.529,1.469
0.502,1.46
0.339,0.106
0.302,1.134
0.071,0.764
0.028,-0.725
-0.064,0.617
-0.186,1.399
-0.241,0.396
-0.175,0.223
-0.323,2.152
-0.268,0.182
-0.469,-0.091
-0.646,-1.318
-0.687,-1.19
-1.135,-1.158
-1.705,-0.986
-1.985,-1.257
-2.111,-1.082
-2.214,-1.113
-2.735,-1.325
-2.708,-1.206
-2.74,-1.487
-2.841,-1.353
-2.861,-1.352
2.12,-1.168
1.202,-1.352
0.614,-1.096
0.371,-1.479
0.167,-1.2
-0.046,-1.323
-0.064,-1.151
-0.283,-1.056
-0.266,-1.214
-0.346,-1.187
-0.49,3.226
-0.714,3.17
-1.063,3.185
-0.971,3.274
-1.303,3.126
-1.415,3.233
-1.456,3.261
-1.546,2.913
-2.512,3.05
-2.798,3.199
-2.84,3.302
-3.03,2.997
2.845,3.143
2.957,3.015
2.397,3.298
1.487,3.042
0.954,3.17
0.216,3.322
0.095,2.977
-0.029,3.236
-1.351,2.091
-1.474,0.49
-2.535,2.15
1.989,1.128
1.604,0.46
0.223,0.471
-1.27,1.893
-2.534,1.199
-3.035,0.344
2.77,1.195
1.777,1.199
1.597,1.195
1.459,1.931
0.259,2.611
0.012,1.912
2.326,-0.077
0.32,-0.299
-0.454,1.347
2.375,-1.3
1.267,-0.736
0.156,-0.699
1.911,-1.466
1.938,-0.85
-0.122,1.409
-0.067,2.703
-0.097,-0.262
-0.12,0.341
-0.247,1.456
-0.167,-0.988
-0.187,1.96
-0.286,0.209
-0.334,1.397
-0.371,-0.102
-0.327,1.73
-0.407,1.098
-0.406,2.081
-0.359,0.022
-0.403,-0.804
-1.104,-1.172
-2.398,-1.46
-2.412,-1.2
-2.514,-1.135
-3.088,-1.217
-3.106,-1.365
3.051,-1.567
2.878,-1.573
2.768,-1.396
2.396,-1.167
2.245,-1.459
2.038,-1.29
2.027,-1.412
1.901,-1.441
1.824,-1.228
1.582,-1.402
1.466,-1.518
1.415,-1.368
0.687,-1.178
0.3,-1.189
0.216,-1.336
0.071,-1.149
0.021,-1.336
-0.057,-1.427
-0.091,-1.381
-0.026,-1.218
-0.41,-1.087
-0.483,-1.413
-0.752,3.14
-0.792,3.168
-1.432,3.159
-1.706,3.106
-2.092,3.25
-2.188,3.06
-2.423,2.879
3.027,3.247
3.038,3.254
2.633,2.951
2.699,3.135
2.464,3.131
2.435,3.271
2.153,2.978
1.431,3.116
1.423,3.275
0.927,3.122
0.581,2.952
0.322,3.045
-0.404,3.333
-0.413,3.011
-0.548,2.604
-0.727,-0.848
-2.327,2.47
-2.615,0.281
2.051,2.497
2.005,-0.289
-0.001,1.72
-1.132,-1.297
-1.597,-1.395
0.582,-1.136
-0.383,2.785
-0.418,0.045
-0.608,2.588
-0.531,-0.536
-0.566,0.403
-0.784,0.813
-0.774,1.348
-0.829,1.369
-0.957,2.748
-0.866,1.777
-0.986,2.439
-1.084,0.088
-0.951,1.515
-1.039,1.456
-1.295,1.576
-1.162,2.406
-1.332,0.92
-1.282,1.02
-1.271,0.529
-1.42,-0.889
-1.368,-0.222
-1.406,1.252
-1.4,0.951
-1.609,-1.047
-1.606,-0.908
-1.635,1.616
-1.637,0.736
-1.558,1.427
-2.15,-0.025
-2.309,1.438
-2.173,1.255
-2.199,0.059
-2.357,-0.954
-2.42,-0.9
-2.423,2.717
-2.502,0.131
-2.566,1.6
-2.651,-0.796
-2.705,0.624
-2.586,1.039
-2.797,-0.257
-2.665,1.612
-2.724,0.613
-2.839,1.733
-2.894,-0.674
-3.107,-0.645
-3.139,0.223
-3.066,2.848
3.048,0.147
3.131,1.115
2.795,1.625
2.642,1.306
2.694,-1.12
2.689,2.399
2.653,0.936
2.504,0.078
2.432,-0.989
2.405,2.178
2.531,1.938
2.45,2.07
2.271,2.825
2.2,2.294
2.302,0.794
2.303,0.142
2.179,-0.943
2.081,-0.78
2.088,0.724
2.071,0.021
2.026,1.583
1.815,0.435
1.777,1.137
1.417,-0.384
1.386,-0.853
1.453,2.861
1.449,-0.625
1.141,0.06
0.985,1.673
0.908,-0.65
0.797,1.719
0.909,0.133
0.9,0.971
0.781,1.527
0.545,1.366
0.518,1.357
0.355,0.003
0.318,1.031
0.087,0.661
0.044,-0.828
-0.048,0.514
-0.17,1.296
-0.225,0.293
-0.159,0.12
-0.307,2.049
-0.252,0.079
-0.453,-0.194
-0.63,-1.421
-0.671,-1.293
-1.119,-1.261
-1.689,-1.089
-1.969,-1.36
-2.095,-1.185
-2.198,-1.216
-2.719,-1.428
-2.692,-1.309
-2.724,-1.59
-2.825,-1.456
-2.845,-1.455
2.136,-1.271
1.218,-1.455
0.63,-1.199
0.387,-1.582
0.183,-1.303
-0.03,-1.426
-0.048,-1.254
-0.267,-1.159
-0.25,-1.317
-0.33,-1.29
-0.474,3.123
-0.698,3.067
-1.047,3.082
-0.955,3.171
-1.287,3.023
-1.399,3.13
-1.44,3.158
-1.53,2.81
-2.496,2.947
-2.782,3.096
-2.824,3.199
-3.014,2.894
2.861,3.04
2.973,2.912
2.413,3.195
1.503,2.939
0.97,3.067
0.232,3.219
0.111,2.874
-0.013,3.133
-1.335,1.988
-1.458,0.387
-2.519,2.047
2.005,1.025
1.62,0.357
0.239,0.368
-1.254,1.79
-2.518,1.096
-3.019,0.241
2.786,1.092
1.793,1.096
1.613,1.092
1.475,1.828
0.275,2.508
0.028,1.809
2.342,-0.18
0.336,-0.402
-0.438,1.244
2.391,-1.403
1.283,-0.839
0.172,-0.802
1.927,-1.569
1.954,-0.953
0.055,1.294
0.025,-1.671
0.002,-1.068
-0.125,0.047
-0.045,-2.397
-0.065,0.551
-0.164,-1.2
-0.212,-0.012
-0.249,-1.511
-0.205,0.321
-0.285,-0.311
-0.284,0.672
-0.237,-1.387
-0.281,-2.213
-0.982,-2.581
-2.276,-2.869
-2.29,-2.609
-2.392,-2.544
-2.966,-2.626
-2.984,-2.774
-3.11,-2.976
3.0,-2.982
2.89,-2.805
2.518,-2.576
2.367,-2.868
2.16,-2.699
2.149,-2.821
2.023,-2.85
1.946,-2.637
1.704,-2.811
1.588,-2.927
1.537,-2.777
0.809,-2.587
0.422,-2.598
0.338,-2.745
0.193,-2.558
0.143,-2.745
0.065,-2.836
0.031,-2.79
0.096,-2.627
-0.288,-2.496
-0.361,-2.822
-0.63,1.731
-0.67,1.759
-1.31,1.75
-1.584,1.697
-1.97,1.841
-2.066,1.651
-2.301,1.47
-3.134,1.838
-3.123,1.845
2.755,1.542
2.821,1.726
2.586,1.722
2.557,1.862
2.275,1.569
1.553,1.707
1.545,1.866
1.049,1.713
0.703,1.543
0.444,1.636
-0.282,1.924
-0.291,1.602
-0.426,1.195
-0.605,-2.257
-2.205,1.061
-2.493,-1.128
2.173,1.088
2.127,-1.698
0.121,0.311
-1.01,-2.706
-1.475,-2.804
0.704,-2.545
-0.261,1.376
-0.296,-1.364
-0.486,1.179
-0.409,-1.945
-0.444,-1.006
-0.662,-0.596
-0.652,-0.061
-0.707,-0.04
-0.835,1.339
-0.744,0.368
-0.864,1.03
-0.962,-1.321
-0.829,0.106
-0.917,0.047
-1.173,0.167
-1.04,0.997
-1.21,-0.489
-1.16,-0.389
-1.149,-0.88
-1.298,-2.298
-1.246,-1.631
-1.284,-0.157
-1.278,-0.458
-1.487,-2.456
-1.484,-2.317
-1.513,0.207
-1.515,-0.673
-1.436,0.018
-2.028,-1.434
-2.187,0.029
-2.051,-0.154
-2.077,-1.35
-2.235,-2.363
-2.298,-2.309
-2.301,1.308
-2.38,-1.278
-2.444,0.191
-2.529,-2.205
-2.583,-0.785
-2.464,-0.37
-2.675,-1.666
-2.543,0.203
-2.602,-0.796
-2.717,0.324
-2.772,-2.083
-2.985,-2.054
-3.017,-1.186
-2.944,1.439
-3.113,-1.262
-3.03,-0.294
2.917,0.216
2.764,-0.103
2.816,-2.529
2.811,0.99
2.775,-0.473
2.626,-1.331
2.554,-2.398
2.527,0.769
2.653,0.529
2.572,0.661
2.393,1.416
2.322,0.885
2.424,-0.615
2.425,-1.267
2.301,-2.352
2.203,-2.189
2.21,-0.685
2.193,-1.388
2.148,0.174
1.937,-0.974
1.899,-0.272
1.539,-1.793
1.508,-2.262
1.575,1.452
1.571,-2.034
1.263,-1.349
1.107,0.264
1.03,-2.059
0.919,0.31
1.031,-1.276
1.022,-0.438
0.903,0.118
0.667,-0.043
0.64,-0.052
0.477,-1.406
0.44,-0.378
0.209,-0.748
0.166,-2.237
0.074,-0.895
-0.048,-0.113
-0.103,-1.116
-0.037,-1.289
-0.185,0.64
-0.13,-1.33
-0.331,-1.603
-0.508,-2.83
-0.549,-2.702
-0.997,-2.67
-1.567,-2.498
-1.847,-2.769
-1.973,-2.594
-2.076,-2.625
-2.597,-2.837
-2.57,-2.718
-2.602,-2.999
-2.703,-2.865
-2.723,-2.864
2.258,-2.68
1.34,-2.864
0.752,-2.608
0.509,-2.991
0.305,-2.712
0.092,-2.835
0.074,-2.663
-0.145,-2.568
-0.128,-2.726
-0.208,-2.699
-0.352,1.714
-0.576,1.658
-0.925,1.673
-0.833,1.762
-1.165,1.614
-1.277,1.721
-1.318,1.749
-1.408,1.401
-2.374,1.538
-2.66,1.687
-2.702,1.79
-2.892,1.485
2.983,1.631
3.095,1.503
2.535,1.786
1.625,1.53
1.092,1.658
0.354,1.81
0.233,1.465
0.109,1.724
-1.213,0.579
-1.336,-1.022
-2.397,0.638
2.127,-0.384
1.742,-1.052
0.361,-1.041
-1.132,0.381
-2.396,-0.313
-2.897,-1.168
2.908,-0.317
1.915,-0.313
1.735,-0.317
1.597,0.419
0.397,1.099
0.15,0.4
2.464,-1.589
0.458,-1.811
-0.316,-0.165
2.513,-2.812
1.405,-2.248
0.294,-2.211
2.049,-2.978
2.076,-2.362
-0.03,-2.965
-0.053,-2.362
-0.18,-1.247
-0.1,-3.691
-0.12,-0.743
-0.219,-2.494
-0.267,-1.306
-0.304,-2.805
-0.26,-0.973
-0.34,-1.605
-0.339,-0.622
-0.292,-2.681
-0.336,-3.507
-1.037,-3.875
-2.331,-4.163
-2.345,-3.903
-2.447,-3.838
-3.021,-3.92
-3.039,-4.068
3.118,-4.27
2.945,-4.276
2.835,-4.099
2.463,-3.87
2.312,-4.162
2.105,-3.993
2.094,-4.115
1.968,-4.144
1.891,-3.931
1.649,-4.105
1.533,-4.221
1.482,-4.071
0.754,-3.881
0.367,-3.892
0.283,-4.039
0.138,-3.852
0.088,-4.039
0.01,-4.13
-0.024,-4.084
0.041,-3.921
-0.343,-3.79
-0.416,-4.116
-0.685,0.437
-0.725,0.465
-1.365,0.456
-1.639,0.403
-2.025,0.547
-2.121,0.357
-2.356,0.176
3.094,0.544
3.105,0.551
2.7,0.248
2.766,0.432
2.531,0.428
2.502,0.568
2.22,0.275
1.498,0.413
1.49,0.572
0.994,0.419
0.648,0.249
0.389,0.342
-0.337,0.63
-0.346,0.308
-0.481,-0.099
-0.66,-3.551
-2.26,-0.233
-2.548,-2.422
2.118,-0.206
2.072,-2.992
0.066,-0.983
-1.065,-4.0
-1.53,-4.098
0.649,-3.839
-0.316,0.082
-0.351,-2.658
-0.541,-0.115
-0.464,-3.239
-0.499,-2.3
-0.717,-1.89
-0.707,-1.355
-0.762,-1.334
-0.89,0.045
-0.799,-0.926
-0.919,-0.264
-1.017,-2.615
-0.884,-1.188
-0.972,-1.247
-1.228,-1.127
-1.095,-0.297
-1.265,-1.783
-1.215,-1.683
-1.204,-2.174
-1.353,-3.592
-1.301,-2.925
-1.339,-1.451
-1.333,-1.752
-1.542,-3.75
-1.539,-3.611
-1.568,-1.087
-1.57,-1.967
-1.491,-1.276
-2.083,-2.728
-2.242,-1.265
-2.106,-1.448
-2.132,-2.644
-2.29,-3.657
-2.353,-3.603
-2.356,0.014
-2.435,-2.572
-2.499,-1.103
-2.584,-3.499
-2.638,-2.079
-2.519,-1.664
-2.73,-2.96
-2.598,-1.091
-2.657,-2.09
-2.772,-0.97
-2.827,-3.377
-3.04,-3.348
-3.072,-2.48
-2.999,0.145
3.115,-2.556
-3.085,-1.588
2.862,-1.078
2.709,-1.397
2.761,-3.823
2.756,-0.304
2.72,-1.767
2.571,-2.625
2.499,-3.692
2.472,-0.525
2.598,-0.765
2.517,-0.633
2.338,0.122
2.267,-0.409
2.369,-1.909
2.37,-2.561
2.246,-3.646
2.148,-3.483
2.155,-1.979
2.138,-2.682
2.093,-1.12
1.882,-2.268
1.844,-1.566
1.484,-3.087
1.453,-3.556
1.52,0.158
1.516,-3.328
1.208,-2.643
1.052,-1.03
0.975,-3.353
0.864,-0.984
0.976,-2.57
0.967,-1.732
0.848,-1.176
0.612,-1.337
0.585,-1.346
0.422,-2.7
0.385,-1.672
0.154,-2.042
0.111,-3.531
0.019,-2.189
-0.103,-1.407
-0.158,-2.41
-0.092,-2.583
-0.24,-0.654
-0.185,-2.624
-0.386,-2.897
-0.563,-4.124
-0.604,-3.996
-1.052,-3.964
-1.622,-3.792
-1.902,-4.063
-2.028,-3.888
-2.131,-3.919
-2.652,-4.131
-2.625,-4.012
-2.657,-4.293
-2.758,-4.159
-2.778,-4.158
2.203,-3.974
1.285,-4.158
0.697,-3.902
0.454,-4.285
0.25,-4.006
0.037,-4.129
0.019,-3.957
-0.2,-3.862
-0.183,-4.02
-0.263,-3.993
-0.407,0.42
-0.631,0.364
-0.98,0.379
-0.888,0.468
-1.22,0.32
-1.332,0.427
-1.373,0.455
-1.463,0.107
-2.429,0.244
-2.715,0.393
-2.757,0.496
-2.947,0.191
2.928,0.337
3.04,0.209
2.48,0.492
1.57,0.236
1.037,0.364
0.299,0.516
0.178,0.171
0.054,0.43
-1.268,-0.715
-1.391,-2.316
-2.452,-0.656
2.072,-1.678
1.687,-2.346
0.306,-2.335
-1.187,-0.913
-2.451,-1.607
-2.952,-2.462
2.853,-1.611
1.86,-1.607
1.68,-1.611
1.542,-0.875
0.342,-0.195
0.095,-0.894
2.409,-2.883
0.403,-3.105
-0.371,-1.459
2.458,-4.106
1.35,-3.542
0.239,-3.505
1.994,-4.272
2.021,-3.656
-0.023,0.603
-0.15,1.718
-0.07,-0.726
-0.09,2.222
-0.189,0.471
-0.237,1.659
-0.274,0.16
-0.23,1.992
-0.31,1.36
-0.309,2.343
-0.262,0.284
-0.306,-0.542
-1.007,-0.91
-2.301,-1.198
-2.315,-0.938
-2.417,-0.873
-2.991,-0.955
-3.009,-1.103
-3.135,-1.305
2.975,-1.311
2.865,-1.134
2.493,-0.905
2.342,-1.197
2.135,-1.028
2.124,-1.15
1.998,-1.179
1.921,-0.966
1.679,-1.14
1.563,-1.256
1.512,-1.106
0.784,-0.916
0.397,-0.927
0.313,-1.074
0.168,-0.887
0.118,-1.074
0.04,-1.165
0.006,-1.119
0.071,-0.956
-0.313,-0.825
-0.386,-1.151
-0.655,3.402
-0.695,3.43
-1.335,3.421
-1.609,3.368
-1.995,3.512
-2.091,3.322
-2.326,3.141
3.124,3.509
3.135,3.516
2.73,3.213
2.796,3.397
2.561,3.393
2.532,3.533
2.25,3.24
1.528,3.378
1.52,3.537
1.024,3.384
0.678,3.214
0.419,3.307
-0.307,3.595
-0.316,3.273
-0.451,2.866
-0.63,-0.586
-2.23,2.732
-2.518,0.543
2.148,2.759
2.102,-0.027
0.096,1.982
-1.035,-1.035
-1.5,-1.133
0.679,-0.874
-0.286,3.047
-0.321,0.307
-0.511,2.85
-0.434,-0.274
-0.469,0.665
-0.687,1.075
-0.677,1.61
-0.732,1.631
-0.86,3.01
-0.769,2.039
-0.889,2.701
-0.987,0.35
-0.854,1.777
-0.942,1.718
-1.198,1.838
-1.065,2.668
-1.235,1.182
-1.185,1.282
-1.174,0.791
-1.323,-0.627
-1.271,0.04
-1.309,1.514
-1.303,1.213
-1.512,-0.785
-1.509,-0.646
-1.538,1.878
-1.54,0.998
-1.461,1.689
-2.053,0.237
-2.212,1.7
-2.076,1.517
-2.102,0.321
-2.26,-0.692
-2.323,-0.638
-2.326,2.979
-2.405,0.393
-2.469,1.862
-2.554,-0.534
-2.608,0.886
-2.489,1.301
-2.7,0.005
-2.568,1.874
-2.627,0.875
-2.742,1.995
-2.797,-0.412
-3.01,-0.383
-3.042,0.485
-2.969,3.11
-3.138,0.409
-3.055,1.377
2.892,1.887
2.739,1.568
2.791,-0.858
2.786,2.661
2.75,1.198
2.601,0.34
2.529,-0.727
2.502,2.44
2.628,2.2
2.547,2.332
2.368,3.087
2.297,2.556
2.399,1.056
2.4,0.404
2.276,-0.681
2.178,-0.518
2.185,0.986
2.168,0.283
2.123,1.845
1.912,0.697
1.874,1.399
1.514,-0.122
1.483,-0.591
1.55,3.123
1.546,-0.363
1.238,0.322
1.082,1.935
1.005,-0.388
0.894,1.981
1.006,0.395
0.997,1.233
0.878,1.789
0.642,1.628
0.615,1.619
0.452,0.265
0.415,1.293
0.184,0.923
0.141,-0.566
0.049,0.776
-0.073,1.558
-0.128,0.555
-0.062,0.382
-0.21,2.311
-0.155,0.341
-0.356,0.068
-0.533,-1.159
-0.574,-1.031
-1.022,-0.999
-1.592,-0.827
-1.872,-1.098
-1.998,-0.923
-2.101,-0.954
-2.622,-1.166
-2.595,-1.047
-2.627,-1.328
-2.728,-1.194
-2.748,-1.193
2.233,-1.009
1.315,-1.193
0.727,-0.937
0.484,-1.32
0.28,-1.041
0.067,-1.164
0.049,-0.992
-0.17,-0.897
-0.153,-1.055
-0.233,-1.028
-0.377,3.385
-0.601,3.329
-0.95,3.344
-0.858,3.433
-1.19,3.285
-1.302,3.392
-1.343,3.42
-1.433,3.072
-2.399,3.209
-2.685,3.358
-2.727,3.461
-2.917,3.156
2.958,3.302
3.07,3.174
2.51,3.457
1.6,3.201
1.067,3.329
0.329,3.481
0.208,3.136
0.084,3.395
-1.238,2.25
-1.361,0.649
-2.422,2.309
2.102,1.287
1.717,0.619
0.336,0.63
-1.157,2.052
-2.421,1.358
-2.922,0.503
2.883,1.354
1.89,1.358
1.71,1.354
1.572,2.09
0.372,2.77
0.125,2.071
2.439,0.082
0.433,-0.14
-0.341,1.506
2.488,-1.141
1.38,-0.577
0.269,-0.54
2.024,-1.307
2.051,-0.691
-0.127,1.115
-0.047,-1.329
-0.067,1.619
-0.166,-0.132
-0.214,1.056
-0.251,-0.443
-0.207,1.389
-0.287,0.757
-0.286,1.74
-0.239,-0.319
-0.283,-1.145
-0.984,-1.513
-2.278,-1.801
-2.292,-1.541
-2.394,-1.476
-2.968,-1.558
-2.986,-1.706
-3.112,-1.908
2.998,-1.914
2.888,-1.737
2.516,-1.508
2.365,-1.8
2.158,-1.631
2.147,-1.753
2.021,-1.782
1.944,-1.569
1.702,-1.743
1.586,-1.859
1.535,-1.709
0.807,-1.519
0.42,-1.53
0.336,-1.677
0.191,-1.49
0.141,-1.677
0.063,-1.768
0.029,-1.722
0.094,-1.559
-0.29,-1.428
-0.363,-1.754
-0.632,2.799
-0.672,2.827
-1.312,2.818
-1.586,2.765
-1.972,2.909
-2.068,2.719
-2.303,2.538
-3.136,2.906
-3.125,2.913
2.753,2.61
2.819,2.794
2.584,2.79
2.555,2.93
2.273,2.637
1.551,2.775
1.543,2.934
1.047,2.781
0.701,2.611
0.442,2.704
-0.284,2.992
-0.293,2.67
-0.428,2.263
-0.607,-1.189
-2.207,2.129
-2.495,-0.06
2.171,2.156
2.125,-0.63
0.119,1.379
-1.012,-1.638
-1.477,-1.736
0.702,-1.477
-0.263,2.444
-0.298,-0.296
-0.488,2.247
-0.411,-0.877
-0.446,0.062
-0.664,0.472
-0.654,1.007
-0.709,1.028
-0.837,2.407
-0.746,1.436
-0.866,2.098
-0.964,-0.253
-0.831,1.174
-0.919,1.115
-1.175,1.235
-1.042,2.065
-1.212,0.579
-1.162,0.679
-1.151,0.188
-1.3,-1.23
-1.248,-0.563
-1.286,0.911
-1.28,0.61
-1.489,-1.388
-1.486,-1.249
-1.515,1.275
-1.517,0.395
-1.438,1.086
-2.03,-0.366
-2.189,1.097
-2.053,0.914
-2.079,-0.282
-2.237,-1.295
-2.3,-1.241
-2.303,2.376
-2.382,-0.21
-2.446,1.259
-2.531,-1.137
-2.585,0.283
-2.466,0.698
-2.677,-0.598
-2.545,1.271
-2.604,0.272
-2.719,1.392
-2.774,-1.015
-2.987,-0.986
-3.019,-0.118
-2.946,2.507
-3.115,-0.194
-3.032,0.774
2.915,1.284
2.762,0.965
2.814,-1.461
2.809,2.058
2.773,0.595
2.624,-0.263
2.552,-1.33
2.525,1.837
2.651,1.597
2.57,1.729
2.391,2.484
2.32,1.953
2.422,0.453
2.423,-0.199
2.299,-1.284
2.201,-1.121
2.208,0.383
2.191,-0.32
2.146,1.242
1.935,0.094
1.897,0.796
1.537,-0.725
1.506,-1.194
1.573,2.52
1.569,-0.966
1.261,-0.281
1.105,1.332
1.028,-0.991
0.917,1.378
1.029,-0.208
1.02,0.63
0.901,1.186
0.665,1.025
0.638,1.016
0.475,-0.338
0.438,0.69
0.207,0.32
0.164,-1.169
0.072,0.173
-0.05,0.955
-0.105,-0.048
-0.039,-0.221
-0.187,1.708
-0.132,-0.262
-0.333,-0.535
-0.51,-1.762
-0.551,-1.634
-0.999,-1.602
-1.569,-1.43
-1.849,-1.701
-1.975,-1.526
-2.078,-1.557
-2.599,-1.769
-2.572,-1.65
-2.604,-1.931
-2.705,-1.797
-2.725,-1.796
2.256,-1.612
1.338,-1.796
0.75,-1.54
0.507,-1.923
0.303,-1.644
0.09,-1.767
0.072,-1.595
-0.147,-1.5
-0.13,-1.658
-0.21,-1.631
-0.354,2.782
-0.578,2.726
-0.927,2.741
-0.835,2.83
-1.167,2.682
-1.279,2.789
-1.32,2.817
-1.41,2.469
-2.376,2.606
-2.662,2.755
-2.704,2.858
-2.894,2.553
2.981,2.699
3.093,2.571
2.533,2.854
1.623,2.598
1.09,2.726
0.352,2.878
0.231,2.533
0.107,2.792
-1.215,1.647
-1.338,0.046
-2.399,1.706
2.125,0.684
1.74,0.016
0.359,0.027
-1.134,1.449
-2.398,0.755
-2.899,-0.1
2.906,0.751
1.913,0.755
1.733,0.751
1.595,1.487
0.395,2.167
0.148,1.468
2.462,-0.521
0.456,-0.743
-0.318,0.903
2.511,-1.744
1.403,-1.18
0.292,-1.143
2.047,-1.91
2.074,-1.294
0.08,-2.444
0.06,0.504
-0.039,-1.247
-0.087,-0.059
-0.124,-1.558
-0.08,0.274
-0.16,-0.358
-0.159,0.625
-0.112,-1.434
-0.156,-2.26
-0.857,-2.628
-2.151,-2.916
-2.165,-2.656
-2.267,-2.591
-2.841,-2.673
-2.859,-2.821
-2.985,-3.023
3.125,-3.029
3.015,-2.852
2.643,-2.623
2.492,-2.915
2.285,-2.746
2.274,-2.868
2.148,-2.897
2.071,-2.684
1.829,-2.858
1.713,-2.974
1.662,-2.824
0.934,-2.634
0.547,-2.645
0.463,-2.792
0.318,-2.605
0.268,-2.792
0.19,-2.883
0.156,-2.837
0.221,-2.674
-0.163,-2.543
-0.236,-2.869
-0.505,1.684
-0.545,1.712
-1.185,1.703
-1.459,1.65
-1.845,1.794
-1.941,1.604
-2.176,1.423
-3.009,1.791
-2.998,1.798
2.88,1.495
2.946,1.679
2.711,1.675
2.682,1.815
2.4,1.522
1.678,1.66
1.67,1.819
1.174,1.666
0.828,1.496
0.569,1.589
-0.157,1.877
-0.166,1.555
-0.301,1.148
-0.48,-2.304
-2.08,1.014
-2.368,-1.175
2.298,1.041
2.252,-1.745
0.246,0.264
-0.885,-2.753
-1.35,-2.851
0.829,-2.592
-0.136,1.329
-0.171,-1.411
-0.361,1.132
-0.284,-1.992
-0.319,-1.053
-0.537,-0.643
-0.527,-0.108
-0.582,-0.087
-0.71,1.292
-0.619,0.321
-0.739,0.983
-0.837,-1.368
-0.704,0.059
-0.792,0.0
-1.048,0.12
-0.915,0.95
-1.085,-0.536
-1.035,-0.436
-1.024,-0.927
-1.173,-2.345
-1.121,-1.678
-1.159,-0.204
-1.153,-0.505
-1.362,-2.503
-1.359,-2.364
-1.388,0.16
-1.39,-0.72
-1.311,-0.029
-1.903,-1.481
-2.062,-0.018
-1.926,-0.201
-1.952,-1.397
-2.11,-2.41
-2.173,-2.356
-2.176,1.261
-2.255,-1.325
-2.319,0.144
-2.404,-2.252
-2.458,-0.832
-2.339,-0.417
-2.55,-1.713
-2.418,0.156
-2.477,-0.843
-2.592,0.277
-2.647,-2.13
-2.86,-2.101
-2.892,-1.233
-2.819,1.392
-2.988,-1.309
-2.905,-0.341
3.042,0.169
2.889,-0.15
2.941,-2.576
2.936,0.943
2.9,-0.52
2.751,-1.378
2.679,-2.445
2.652,0.722
2.778,0.482
2.697,0.614
2.518,1.369
2.447,0.838
2.549,-0.662
2.55,-1.314
2.426,-2.399
2.328,-2.236
2.335,-0.732
2.318,-1.435
2.273,0.127
2.062,-1.021
2.024,-0.319
1.664,-1.84
1.633,-2.309
1.7,1.405
1.696,-2.081
1.388,-1.396
1.232,0.217
1.155,-2.106
1.044,0.263
1.156,-1.323
1.147,-0.485
1.028,0.071
0.792,-0.09
0.765,-0.099
0.602,-1.453
0.565,-0.425
0.334,-0.795
0.291,-2.284
0.199,-0.942
0.077,-0.16
0.022,-1.163
0.088,-1.336
-0.06,0.593
-0.005,-1.377
-0.206,-1.65
-0.383,-2.877
-0.424,-2.749
-0.872,-2.717
-1.442,-2.545
-1.722,-2.816
-1.848,-2.641
-1.951,-2.672
-2.472,-2.884
-2.445,-2.765
-2.477,-3.046
-2.578,-2.912
-2.598,-2.911
2.383,-2.727
1.465,-2.911
0.877,-2.655
0.634,-3.038
0.43,-2.759
0.217,-2.882
0.199,-2.71
-0.02,-2.615
-0.003,-2.773
-0.083,-2.746
-0.227,1.667
-0.451,1.611
-0.8,1.626
-0.708,1.715
-1.04,1.567
-1.152,1.674
-1.193,1.702
-1.283,1.354
-2.249,1.491
-2.535,1.64
-2.577,1.743
-2.767,1.438
3.108,1.584
-3.063,1.456
2.66,1.739
1.75,1.483
1.217,1.611
0.479,1.763
0.358,1.418
0.234,1.677
-1.088,0.532
-1.211,-1.069
-2.272,0.591
2.252,-0.431
1.867,-1.099
0.486,-1.088
-1.007,0.334
-2.271,-0.36
-2.772,-1.215
3.033,-0.364
2.04,-0.36
1.86,-0.364
1.722,0.372
0.522,1.052
0.275,0.353
2.589,-1.636
0.583,-1.858
-0.191,-0.212
2.638,-2.859
1.53,-2.295
0.419,-2.258
2.174,-3.025
2.201,-2.409
-0.02,2.948
-0.119,1.197
-0.167,2.385
-0.204,0.886
-0.16,2.718
-0.24,2.086
-0.239,3.069
-0.192,1.01
-0.236,0.184
-0.937,-0.184
-2.231,-0.472
-2.245,-0.212
-2.347,-0.147
-2.921,-0.229
-2.939,-0.377
-3.065,-0.579
3.045,-0.585
2.935,-0.408
2.563,-0.179
2.412,-0.471
2.205,-0.302
2.194,-0.424
2.068,-0.453
1.991,-0.24
1.749,-0.414
1.633,-0.53
1.582,-0.38
0.854,-0.19
0.467,-0.201
0.383,-0.348
0.238,-0.161
0.188,-0.348
0.11,-0.439
0.076,-0.393
0.141,-0.23
-0.243,-0.099
-0.316,-0.425
-0.585,4.128
-0.625,4.156
-1.265,4.147
-1.539,4.094
-1.925,4.238
-2.021,4.048
-2.256,3.867
-3.089,4.235
-3.078,4.242
2.8,3.939
2.866,4.123
2.631,4.119
2.602,4.259
2.32,3.966
1.598,4.104
1.59,4.263
1.094,4.11
0.748,3.94
0.489,4.033
-0.237,4.321
-0.246,3.999
-0.381,3.592
-0.56,0.14
-2.16,3.458
-2.448,1.269
2.218,3.485
2.172,0.699
0.166,2.708
-0.965,-0.309
-1.43,-0.407
0.749,-0.148
-0.216,3.773
-0.251,1.033
-0.441,3.576
-0.364,0.452
-0.399,1.391
-0.617,1.801
-0.607,2.336
-0.662,2.357
-0.79,3.736
-0.699,2.765
-0.819,3.427
-0.917,1.076
-0.784,2.503
-0.872,2.444
-1.128,2.564
-0.995,3.394
-1.165,1.908
-1.115,2.008
-1.104,1.517
-1.253,0.099
-1.201,0.766
-1.239,2.24
-1.233,1.939
-1.442,-0.059
-1.439,0.08
-1.468,2.604
-1.47,1.724
-1.391,2.415
-1.983,0.963
-2.142,2.426
-2.006,2.243
-2.032,1.047
-2.19,0.034
-2.253,0.088
-2.256,3.705
-2.335,1.119
-2.399,2.588
-2.484,0.192
-2.538,1.612
-2.419,2.027
-2.63,0.731
-2.498,2.6
-2.557,1.601
-2.672,2.721
-2.727,0.314
-2.94,0.343
-2.972,1.211
-2.899,3.836
-3.068,1.135
-2.985,2.103
2.962,2.613
2.809,2.294
2.861,-0.132
2.856,3.387
2.82,1.924
2.671,1.066
2.599,-0.001
2.572,3.166
2.698,2.926
2.617,3.058
2.438,3.813
2.367,3.282
2.469,1.782
2.47,1.13
2.346,0.045
2.248,0.208
2.255,1.712
2.238,1.009
2.193,2.571
1.982,1.423
1.944,2.125
1.584,0.604
1.553,0.135
1.62,3.849
1.616,0.363
1.308,1.048
1.152,2.661
1.075,0.338
0.964,2.707
1.076,1.121
1.067,1.959
0.948,2.515
0.712,2.354
0.685,2.345
0.522,0.991
0.485,2.019
0.254,1.649
0.211,0.16
0.119,1.502
-0.003,2.284
-0.058,1.281
0.008,1.108
-0.14,3.037
-0.085,1.067
-0.286,0.794
-0.463,-0.433
-0.504,-0.305
-0.952,-0.273
-1.522,-0.101
-1.802,-0.372
-1.928,-0.197
-2.031,-0.228
-2.552,-0.44
-2.525,-0.321
-2.557,-0.602
-2.658,-0.468
-2.678,-0.467
2.303,-0.283
1.385,-0.467
0.797,-0.211
0.554,-0.594
0.35,-0.315
0.137,-0.438
0.119,-0.266
-0.1,-0.171
-0.083,-0.329
-0.163,-0.302
-0.307,4.111
-0.531,4.055
-0.88,4.07
-0.788,4.159
-1.12,4.011
-1.232,4.118
-1.273,4.146
-1.363,3.798
-2.329,3.935
-2.615,4.084
-2.657,4.187
-2.847,3.882
3.028,4.028
3.14,3.9
2.58,4.183
1.67,3.927
1.137,4.055
0.399,4.207
0.278,3.862
0.154,4.121
-1.168,2.976
-1.291,1.375
-2.352,3.035
2.172,2.013
1.787,1.345
0.406,1.356
-1.087,2.778
-2.351,2.084
-2.852,1.229
2.953,2.08
1.96,2.084
1.78,2.08
1.642,2.816
0.442,3.496
0.195,2.797
2.509,0.808
0.503,0.586
-0.271,2.232
2.558,-0.415
1.45,0.149
0.339,0.186
2.094,-0.581
2.121,0.035
-0.099,-1.751
-0.147,-0.563
-0.184,-2.062
-0.14,-0.23
-0.22,-0.862
-0.219,0.121
-0.172,-1.938
-0.216,-2.764
-0.917,-3.132
-2.211,-3.42
-2.225,-3.16
-2.327,-3.095
-2.901,-3.177
-2.919,-3.325
-3.045,-3.527
3.065,-3.533
2.955,-3.356
2.583,-3.127
2.432,-3.419
2.225,-3.25
2.214,-3.372
2.088,-3.401
2.011,-3.188
1.769,-3.362
1.653,-3.478
1.602,-3.328
0.874,-3.138
0.487,-3.149
0.403,-3.296
0.258,-3.109
0.208,-3.296
0.13,-3.387
0.096,-3.341
0.161,-3.178
-0.223,-3.047
-0.296,-3.373
-0.565,1.18
-0.605,1.208
-1.245,1.199
-1.519,1.146
-1.905,1.29
-2.001,1.1
-2.236,0.919
-3.069,1.287
-3.058,1.294
2.82,0.991
2.886,1.175
2.651,1.171
2.622,1.311
2.34,1.018
1.618,1.156
1.61,1.315
1.114,1.162
0.768,0.992
0.509,1.085
-0.217,1.373
-0.226,1.051
-0.361,0.644
-0.54,-2.808
-2.14,0.51
-2.428,-1.679
2.238,0.537
2.192,-2.249
0.186,-0.24
-0.945,-3.257
-1.41,-3.355
0.769,-3.096
-0.196,0.825
-0.231,-1.915
-0.421,0.628
-0.344,-2.496
-0.379,-1.557
-0.597,-1.147
-0.587,-0.612
-0.642,-0.591
-0.77,0.788
-0.679,-0.183
-0.799,0.479
-0.897,-1.872
-0.764,-0.445
-0.852,-0.504
-1.108,-0.384
-0.975,0.446
-1.145,-1.04
-1.095,-0.94
-1.084,-1.431
-1.233,-2.849
-1.181,-2.182
-1.219,-0.708
-1.213,-1.009
-1.422,-3.007
-1.419,-2.868
-1.448,-0.344
-1.45,-1.224
-1.371,-0.533
-1.963,-1.985
-2.122,-0.522
-1.986,-0.705
-2.012,-1.901
-2.17,-2.914
-2.233,-2.86
-2.236,0.757
-2.315,-1.829
-2.379,-0.36
-2.464,-2.756
-2.518,-1.336
-2.399,-0.921
-2.61,-2.217
-2.478,-0.348
-2.537,-1.347
-2.652,-0.227
-2.707,-2.634
-2.92,-2.605
-2.952,-1.737
-2.879,0.888
-3.048,-1.813
-2.965,-0.845
2.982,-0.335
2.829,-0.654
2.881,-3.08
2.876,0.439
2.84,-1.024
2.691,-1.882
2.619,-2.949
2.592,0.218
2.718,-0.022
2.637,0.11
2.458,0.865
2.387,0.334
2.489,-1.166
2.49,-1.818
2.366,-2.903
2.268,-2.74
2.275,-1.236
2.258,-1.939
2.213,-0.377
2.002,-1.525
1.964,-0.823
1.604,-2.344
1.573,-2.813
1.64,0.901
1.636,-2.585
1.328,-1.9
1.172,-0.287
1.095,-2.61
0.984,-0.241
1.096,-1.827
1.087,-0.989
0.968,-0.433
0.732,-0.594
0.705,-0.603
0.542,-1.957
0.505,-0.929
0.274,-1.299
0.231,-2.788
0.139,-1.446
0.017,-0.664
-0.038,-1.667
0.028,-1.84
-0.12,0.089
-0.065,-1.881
-0.266,-2.154
-0.443,-3.381
-0.484,-3.253
-0.932,-3.221
-1.502,-3.049
-1.782,-3.32
-1.908,-3.145
-2.011,-3.176
-2.532,-3.388
-2.505,-3.269
-2.537,-3.55
-2.638,-3.416
-2.658,-3.415
2.323,-3.231
1.405,-3.415
0.817,-3.159
0.574,-3.542
0.37,-3.263
0.157,-3.386
0.139,-3.214
-0.08,-3.119
-0.063,-3.277
-0.143,-3.25
-0.287,1.163
-0.511,1.107
-0.86,1.122
-0.768,1.211
-1.1,1.063
-1.212,1.17
-1.253,1.198
-1.343,0.85
-2.309,0.987
-2.595,1.136
-2.637,1.239
-2.827,0.934
3.048,1.08
-3.123,0.952
2.6,1.235
1.69,0.979
1.157,1.107
0.419,1.259
0.298,0.914
0.174,1.173
-1.148,0.028
-1.271,-1.573
-2.332,0.087
2.192,-0.935
1.807,-1.603
0.426,-1.592
-1.067,-0.17
-2.331,-0.864
-2.832,-1.719
2.973,-0.868
1.98,-0.864
1.8,-0.868
1.662,-0.132
0.462,0.548
0.215,-0.151
2.529,-2.14
0.523,-2.362
-0.251,-0.716
2.578,-3.363
1.47,-2.799
0.359,-2.762
2.114,-3.529
2.141,-2.913
-0.048,1.188
-0.085,-0.311
-0.041,1.521
-0.121,0.889
-0.12,1.872
-0.073,-0.187
-0.117,-1.013
-0.818,-1.381
-2.112,-1.669
-2.126,-1.409
-2.228,-1.344
-2.802,-1.426
-2.82,-1.574
-2.946,-1.776
-3.119,-1.782
3.054,-1.605
2.682,-1.376
2.531,-1.668
2.324,-1.499
2.313,-1.621
2.187,-1.65
2.11,-1.437
1.868,-1.611
1.752,-1.727
1.701,-1.577
0.973,-1.387
0.586,-1.398
0.502,-1.545
0.357,-1.358
0.307,-1.545
0.229,-1.636
0.195,-1.59
0.26,-1.427
-0.124,-1.296
-0.197,-1.622
-0.466,2.931
-0.506,2.959
-1.146,2.95
-1.42,2.897
-1.806,3.041
-1.902,2.851
-2.137,2.67
-2.97,3.038
-2.959,3.045
2.919,2.742
2.985,2.926
2.75,2.922
2.721,3.062
2.439,2.769
1.717,2.907
1.709,3.066
1.213,2.913
0.867,2.743
0.608,2.836
-0.118,3.124
-0.127,2.802
-0.262,2.395
-0.441,-1.057
-2.041,2.261
-2.329,0.072
2.337,2.288
2.291,-0.498
0.285,1.511
-0.846,-1.506
-1.311,-1.604
0.868,-1.345
-0.097,2.576
-0.132,-0.164
-0.322,2.379
-0.245,-0.745
-0.28,0.194
-0.498,0.604
-0.488,1.139
-0.543,1.16
-0.671,2.539
-0.58,1.568
-0.7,2.23
-0.798,-0.121
-0.665,1.306
-0.753,1.247
-1.009,1.367
-0.876,2.197
-1.046,0.711
-0.996,0.811
-0.985,0.32
-1.134,-1.098
-1.082,-0.431
-1.12,1.043
-1.114,0.742
-1.323,-1.256
-1.32,-1.117
-1.349,1.407
-1.351,0.527
-1.272,1.218
-1.864,-0.234
-2.023,1.229
-1.887,1.046
-1.913,-0.15
-2.071,-1.163
-2.134,-1.109
-2.137,2.508
-2.216,-0.078
-2.28,1.391
-2.365,-1.005
-2.419,0.415
-2.3,0.83
-2.511,-0.466
-2.379,1.403
-2.438,0.404
-2.553,1.524
-2.608,-0.883
-2.821,-0.854
-2.853,0.014
-2.78,2.639
-2.949,-0.062
-2.866,0.906
3.081,1.416
2.928,1.097
2.98,-1.329
2.975,2.19
2.939,0.727
2.79,-0.131
2.718,-1.198
2.691,1.969
2.817,1.729
2.736,1.861
2.557,2.616
2.486,2.085
2.588,0.585
2.589,-0.067
2.465,-1.152
2.367,-0.989
2.374,0.515
2.357,-0.188
2.312,1.374
2.101,0.226
2.063,0.928
1.703,-0.593
1.672,-1.062
1.739,2.652
1.735,-0.834
1.427,-0.149
1.271,1.464
1.194,-0.859
1.083,1.51
1.195,-0.076
1.186,0.762
1.067,1.318
0.831,1.157
0.804,1.148
0.641,-0.206
0.604,0.822
0.373,0.452
0.33,-1.037
0.238,0.305
0.116,1.087
0.061,0.084
0.127,-0.089
-0.021,1.84
0.034,-0.13
-0.167,-0.403
-0.344,-1.63
-0.385,-1.502
-0.833,-1.47
-1.403,-1.298
-1.683,-1.569
-1.809,-1.394
-1.912,-1.425
-2.433,-1.637
-2.406,-1.518
-2.438,-1.799
-2.539,-1.665
-2.559,-1.664
2.422,-1.48
1.504,-1.664
0.916,-1.408
0.673,-1.791
0.469,-1.512
0.256,-1.635
0.238,-1.463
0.019,-1.368
0.036,-1.526
-0.044,-1.499
-0.188,2.914
-0.412,2.858
-0.761,2.873
-0.669,2.962
-1.001,2.814
-1.113,2.921
-1.154,2.949
-1.244,2.601
-2.21,2.738
-2.496,2.887
-2.538,2.99
-2.728,2.685
-3.136,2.831
-3.024,2.703
2.699,2.986
1.789,2.73
1.256,2.858
0.518,3.01
0.397,2.665
0.273,2.924
-1.049,1.779
-1.172,0.178
-2.233,1.838
2.291,0.816
1.906,0.148
0.525,0.159
-0.968,1.581
-2.232,0.887
-2.733,0.032
3.072,0.883
2.079,0.887
1.899,0.883
1.761,1.619
0.561,2.299
0.314,1.6
2.628,-0.389
0.622,-0.611
-0.152,1.035
2.677,-1.612
1.569,-1.048
0.458,-1.011
2.213,-1.778
2.24,-1.162
-0.037,-1.499
0.007,0.333
-0.073,-0.299
-0.072,0.684
-0.025,-1.375
-0.069,-2.201
-0.77,-2.569
-2.064,-2.857
-2.078,-2.597
-2.18,-2.532
-2.754,-2.614
-2.772,-2.762
-2.898,-2.964
-3.071,-2.97
3.102,-2.793
2.73,-2.564
2.579,-2.856
2.372,-2.687
2.361,-2.809
2.235,-2.838
2.158,-2.625
1.916,-2.799
1.8,-2.915
1.749,-2.765
1.021,-2.575
0.634,-2.586
0.55,-2.733
0.405,-2.546
0.355,-2.733
0.277,-2.824
0.243,-2.778
0.308,-2.615
-0.076,-2.484
-0.149,-2.81
-0.418,1.743
-0.458,1.771
-1.098,1.762
-1.372,1.709
-1.758,1.853
-1.854,1.663
-2.089,1.482
-2.922,1.85
-2.911,1.857
2.967,1.554
3.033,1.738
2.798,1.734
2.769,1.874
2.487,1.581
1.765,1.719
1.757,1.878
1.261,1.725
0.915,1.555
0.656,1.648
-0.07,1.936
-0.079,1.614
-0.214,1.207
-0.393,-2.245
-1.993,1.073
-2.281,-1.116
2.385,1.1
2.339,-1.686
0.333,0.323
-0.798,-2.694
-1.263,-2.792
0.916,-2.533
-0.049,1.388
-0.084,-1.352
-0.274,1.191
-0.197,-1.933
-0.232,-0.994
-0.45,-0.584
-0.44,-0.049
-0.495,-0.028
-0.623,1.351
-0.532,0.38
-0.652,1.042
-0.75,-1.309
-0.617,0.118
-0.705,0.059
-0.961,0.179
-0.828,1.009
-0.998,-0.477
-0.948,-0.377
-0.937,-0.868
-1.086,-2.286
-1.034,-1.619
-1.072,-0.145
-1.066,-0.446
-1.275,-2.444
-1.272,-2.305
-1.301,0.219
-1.303,-0.661
-1.224,0.03
-1.816,-1.422
-1.975,0.041
-1.839,-0.142
-1.865,-1.338
-2.023,-2.351
-2.086,-2.297
-2.089,1.32
-2.168,-1.266
-2.232,0.203
-2.317,-2.193
-2.371,-0.773
-2.252,-0.358
-2.463,-1.654
-2.331,0.215
-2.39,-0.784
-2.505,0.336
-2.56,-2.071
-2.773,-2.042
-2.805,-1.174
-2.732,1.451
-2.901,-1.25
-2.818,-0.282
3.129,0.228
2.976,-0.091
3.028,-2.517
3.023,1.002
2.987,-0.461
2.838,-1.319
2.766,-2.386
2.739,0.781
2.865,0.541
2.784,0.673
2.605,1.428
2.534,0.897
2.636,-0.603
2.637,-1.255
2.513,-2.34
2.415,-2.177
2.422,-0.673
2.405,-1.376
2.36,0.186
2.149,-0.962
2.111,-0.26
1.751,-1.781
1.72,-2.25
1.787,1.464
1.783,-2.022
1.475,-1.337
1.319,0.276
1.242,-2.047
1.131,0.322
1.243,-1.264
1.234,-0.426
1.115,0.13
0.879,-0.031
0.852,-0.04
0.689,-1.394
0.652,-0.366
0.421,-0.736
0.378,-2.225
0.286,-0.883
0.164,-0.101
0.109,-1.104
0.175,-1.277
0.027,0.652
0.082,-1.318
-0.119,-1.591
-0.296,-2.818
-0.337,-2.69
-0.785,-2.658
-1.355,-2.486
-1.635,-2.757
-1.761,-2.582
-1.864,-2.613
-2.385,-2.825
-2.358,-2.706
-2.39,-2.987
-2.491,-2.853
-2.511,-2.852
2.47,-2.668
1.552,-2.852
0.964,-2.596
0.721,-2.979
0.517,-2.7
0.304,-2.823
0.286,-2.651
0.067,-2.556
0.084,-2.714
0.004,-2.687
-0.14,1.726
-0.364,1.67
-0.713,1.685
-0.621,1.774
-0.953,1.626
-1.065,1.733
-1.106,1.761
-1.196,1.413
-2.162,1.55
-2.448,1.699
-2.49,1.802
-2.68,1.497
-3.088,1.643
-2.976,1.515
2.747,1.798
1.837,1.542
1.304,1.67
0.566,1.822
0.445,1.477
0.321,1.736
-1.001,0.591
-1.124,-1.01
-2.185,0.65
2.339,-0.372
1.954,-1.04
0.573,-1.029
-0.92,0.393
-2.184,-0.301
-2.685,-1.156
3.12,-0.305
2.127,-0.301
1.947,-0.305
1.809,0.431
0.609,1.111
0.362,0.412
2.676,-1.577
0.67,-1.799
-0.104,-0.153
2.725,-2.8
1.617,-2.236
0.506,-2.199
2.261,-2.966
2.288,-2.35
0.044,1.832
-0.036,1.2
-0.035,2.183
0.012,0.124
-0.032,-0.702
-0.733,-1.07
-2.027,-1.358
-2.041,-1.098
-2.143,-1.033
-2.717,-1.115
-2.735,-1.263
-2.861,-1.465
-3.034,-1.471
3.139,-1.294
2.767,-1.065
2.616,-1.357
2.409,-1.188
2.398,-1.31
2.272,-1.339
2.195,-1.126
1.953,-1.3
1.837,-1.416
1.786,-1.266
1.058,-1.076
0.671,-1.087
0.587,-1.234
0.442,-1.047
0.392,-1.234
0.314,-1.325
0.28,-1.279
0.345,-1.116
-0.039,-0.985
-0.112,-1.311
-0.381,3.242
-0.421,3.27
-1.061,3.261
-1.335,3.208
-1.721,3.352
-1.817,3.162
-2.052,2.981
-2.885,3.349
-2.874,3.356
3.004,3.053
3.07,3.237
2.835,3.233
2.806,3.373
2.524,3.08
1.802,3.218
1.794,3.377
1.298,3.224
0.952,3.054
0.693,3.147
-0.033,3.435
-0.042,3.113
-0.177,2.706
-0.356,-0.746
-1.956,2.572
-2.244,0.383
2.422,2.599
2.376,-0.187
0.37,1.822
-0.761,-1.195
-1.226,-1.293
0.953,-1.034
-0.012,2.887
-0.047,0.147
-0.237,2.69
-0.16,-0.434
-0.195,0.505
-0.413,0.915
-0.403,1.45
-0.458,1.471
-0.586,2.85
-0.495,1.879
-0.615,2.541
-0.713,0.19
-0.58,1.617
-0.668,1.558
-0.924,1.678
-0.791,2.508
-0.961,1.022
-0.911,1.122
-0.9,0.631
-1.049,-0.787
-0.997,-0.12
-1.035,1.354
-1.029,1.053
-1.238,-0.945
-1.235,-0.806
-1.264,1.718
-1.266,0.838
-1.187,1.529
-1.779,0.077
-1.938,1.54
-1.802,1.357
-1.828,0.161
-1.986,-0.852
-2.049,-0.798
-2.052,2.819
-2.131,0.233
-2.195,1.702
-2.28,-0.694
-2.334,0.726
-2.215,1.141
-2.426,-0.155
-2.294,1.714
-2.353,0.715
-2.468,1.835
-2.523,-0.572
-2.736,-0.543
-2.768,0.325
-2.695,2.95
-2.864,0.249
-2.781,1.217
-3.117,1.727
3.013,1.408
3.065,-1.018
3.06,2.501
3.024,1.038
2.875,0.18
2.803,-0.887
2.776,2.28
2.902,2.04
2.821,2.172
2.642,2.927
2.571,2.396
2.673,0.896
2.674,0.244
2.55,-0.841
2.452,-0.678
2.459,0.826
2.442,0.123
2.397,1.685
2.186,0.537
2.148,1.239
1.788,-0.282
1.757,-0.751
1.824,2.963
1.82,-0.523
1.512,0.162
1.356,1.775
1.279,-0.548
1.168,1.821
1.28,0.235
1.271,1.073
1.152,1.629
0.916,1.468
0.889,1.459
0.726,0.105
0.689,1.133
0.458,0.763
0.415,-0.726
0.323,0.616
0.201,1.398
0.146,0.395
0.212,0.222
0.064,2.151
0.119,0.181
-0.082,-0.092
-0.259,-1.319
-0.3,-1.191
-0.748,-1.159
-1.318,-0.987
-1.598,-1.258
-1.724,-1.083
-1.827,-1.114
-2.348,-1.326
-2.321,-1.207
-2.353,-1.488
-2.454,-1.354
-2.474,-1.353
2.507,-1.169
1.589,-1.353
1.001,-1.097
0.758,-1.48
0.554,-1.201
0.341,-1.324
0.323,-1.152
0.104,-1.057
0.121,-1.215
0.041,-1.188
-0.103,3.225
-0.327,3.169
-0.676,3.184
-0.584,3.273
-0.916,3.125
-1.028,3.232
-1.069,3.26
-1.159,2.912
-2.125,3.049
-2.411,3.198
-2.453,3.301
-2.643,2.996
-3.051,3.142
-2.939,3.014
2.784,3.297
1.874,3.041
1.341,3.169
0.603,3.321
0.482,2.976
0.358,3.235
-0.964,2.09
-1.087,0.489
-2.148,2.149
2.376,1.127
1.991,0.459
0.61,0.47
-0.883,1.892
-2.147,1.198
-2.648,0.343
-3.126,1.194
2.164,1.198
1.984,1.194
1.846,1.93
0.646,2.61
0.399,1.911
2.713,-0.078
0.707,-0.3
-0.067,1.346
2.762,-1.301
1.654,-0.737
0.543,-0.7
2.298,-1.467
2.325,-0.851
-0.08,-0.632
-0.079,0.351
-0.032,-1.708
-0.076,-2.534
-0.777,-2.902
-2.071,-3.19
-2.085,-2.93
-2.187,-2.865
-2.761,-2.947
-2.779,-3.095
-2.905,-3.297
-3.078,-3.303
3.095,-3.126
2.723,-2.897
2.572,-3.189
2.365,-3.02
2.354,-3.142
2.228,-3.171
2.151,-2.958
1.909,-3.132
1.793,-3.248
1.742,-3.098
1.014,-2.908
0.627,-2.919
0.543,-3.066
0.398,-2.879
0.348,-3.066
0.27,-3.157
0.236,-3.111
0.301,-2.948
-0.083,-2.817
-0.156,-3.143
-0.425,1.41
-0.465,1.438
-1.105,1.429
-1.379,1.376
-1.765,1.52
-1.861,1.33
-2.096,1.149
-2.929,1.517
-2.918,1.524
2.96,1.221
3.026,1.405
2.791,1.401
2.762,1.541
2.48,1.248
1.758,1.386
1.75,1.545
1.254,1.392
0.908,1.222
0.649,1.315
-0.077,1.603
-0.086,1.281
-0.221,0.874
-0.4,-2.578
-2.0,0.74
-2.288,-1.449
2.378,0.767
2.332,-2.019
0.326,-0.01
-0.805,-3.027
-1.27,-3.125
0.909,-2.866
-0.056,1.055
-0.091,-1.685
-0.281,0.858
-0.204,-2.266
-0.239,-1.327
-0.457,-0.917
-0.447,-0.382
-0.502,-0.361
-0.63,1.018
-0.539,0.047
-0.659,0.709
-0.757,-1.642
-0.624,-0.215
-0.712,-0.274
-0.968,-0.154
-0.835,0.676
-1.005,-0.81
-0.955,-0.71
-0.944,-1.201
-1.093,-2.619
-1.041,-1.952
-1.079,-0.478
-1.073,-0.779
-1.282,-2.777
-1.279,-2.638
-1.308,-0.114
-1.31,-0.994
-1.231,-0.303
-1.823,-1.755
-1.982,-0.292
-1.846,-0.475
-1.872,-1.671
-2.03,-2.684
-2.093,-2.63
-2.096,0.987
-2.175,-1.599
-2.239,-0.13
-2.324,-2.526
-2.378,-1.106
-2.259,-0.691
-2.47,-1.987
-2.338,-0.118
-2.397,-1.117
-2.512,0.003
-2.567,-2.404
-2.78,-2.375
-2.812,-1.507
-2.739,1.118
-2.908,-1.583
-2.825,-0.615
3.122,-0.105
2.969,-0.424
3.021,-2.85
3.016,0.669
2.98,-0.794
2.831,-1.652
2.759,-2.719
2.732,0.448
2.858,0.208
2.777,0.34
2.598,1.095
2.527,0.564
2.629,-0.936
2.63,-1.588
2.506,-2.673
2.408,-2.51
2.415,-1.006
2.398,-1.709
2.353,-0.147
2.142,-1.295
2.104,-0.593
1.744,-2.114
1.713,-2.583
1.78,1.131
1.776,-2.355
1.468,-1.67
1.312,-0.057
1.235,-2.38
1.124,-0.011
1.236,-1.597
1.227,-0.759
1.108,-0.203
0.872,-0.364
0.845,-0.373
0.682,-1.727
0.645,-0.699
0.414,-1.069
0.371,-2.558
0.279,-1.216
0.157,-0.434
0.102,-1.437
0.168,-1.61
0.02,0.319
0.075,-1.651
-0.126,-1.924
-0.303,-3.151
-0.344,-3.023
-0.792,-2.991
-1.362,-2.819
-1.642,-3.09
-1.768,-2.915
-1.871,-2.946
-2.392,-3.158
-2.365,-3.039
-2.397,-3.32
-2.498,-3.186
-2.518,-3.185
2.463,-3.001
1.545,-3.185
0.957,-2.929
0.714,-3.312
0.51,-3.033
0.297,-3.156
0.279,-2.984
0.06,-2.889
0.077,-3.047
-0.003,-3.02
-0.147,1.393
-0.371,1.337
-0.72,1.352
-0.628,1.441
-0.96,1.293
-1.072,1.4
-1.113,1.428
-1.203,1.08
-2.169,1.217
-2.455,1.366
-2.497,1.469
-2.687,1.164
-3.095,1.31
-2.983,1.182
2.74,1.465
1.83,1.209
1.297,1.337
0.559,1.489
0.438,1.144
0.314,1.403
-1.008,0.258
-1.131,-1.343
-2.192,0.317
2.332,-0.705
1.947,-1.373
0.566,-1.362
-0.927,0.06
-2.191,-0.634
-2.692,-1.489
3.113,-0.638
2.12,-0.634
1.94,-0.638
1.802,0.098
0.602,0.778
0.355,0.079
2.669,-1.91
0.663,-2.132
-0.111,-0.486
2.718,-3.133
1.61,-2.569
0.499,-2.532
2.254,-3.299
2.281,-2.683
0.001,0.983
0.048,-1.076
0.004,-1.902
-0.697,-2.27
-1.991,-2.558
-2.005,-2.298
-2.107,-2.233
-2.681,-2.315
-2.699,-2.463
-2.825,-2.665
-2.998,-2.671
-3.108,-2.494
2.803,-2.265
2.652,-2.557
2.445,-2.388
2.434,-2.51
2.308,-2.539
2.231,-2.326
1.989,-2.5
1.873,-2.616
1.822,-2.466
1.094,-2.276
0.707,-2.287
0.623,-2.434
0.478,-2.247
0.428,-2.434
0.35,-2.525
0.316,-2.479
0.381,-2.316
-0.003,-2.185
-0.076,-2.511
-0.345,2.042
-0.385,2.07
-1.025,2.061
-1.299,2.008
-1.685,2.152
-1.781,1.962
-2.016,1.781
-2.849,2.149
-2.838,2.156
3.04,1.853
3.106,2.037
2.871,2.033
2.842,2.173
2.56,1.88
1.838,2.018
1.83,2.177
1.334,2.024
0.988,1.854
0.729,1.947
0.003,2.235
-0.006,1.913
-0.141,1.506
-0.32,-1.946
-1.92,1.372
-2.208,-0.817
2.458,1.399
2.412,-1.387
0.406,0.622
-0.725,-2.395
-1.19,-2.493
0.989,-2.234
0.024,1.687
-0.011,-1.053
-0.201,1.49
-0.124,-1.634
-0.159,-0.695
-0.377,-0.285
-0.367,0.25
-0.422,0.271
-0.55,1.65
-0.459,0.679
-0.579,1.341
-0.677,-1.01
-0.544,0.417
-0.632,0.358
-0.888,0.478
-0.755,1.308
-0.925,-0.178
-0.875,-0.078
-0.864,-0.569
-1.013,-1.987
-0.961,-1.32
-0.999,0.154
-0.993,-0.147
-1.202,-2.145
-1.199,-2.006
-1.228,0.518
-1.23,-0.362
-1.151,0.329
-1.743,-1.123
-1.902,0.34
-1.766,0.157
-1.792,-1.039
-1.95,-2.052
-2.013,-1.998
-2.016,1.619
-2.095,-0.967
-2.159,0.502
-2.244,-1.894
-2.298,-0.474
-2.179,-0.059
-2.39,-1.355
-2.258,0.514
-2.317,-0.485
-2.432,0.635
-2.487,-1.772
-2.7,-1.743
-2.732,-0.875
-2.659,1.75
-2.828,-0.951
-2.745,0.017
-3.081,0.527
3.049,0.208
3.101,-2.218
3.096,1.301
3.06,-0.162
2.911,-1.02
2.839,-2.087
2.812,1.08
2.938,0.84
2.857,0.972
2.678,1.727
2.607,1.196
2.709,-0.304
2.71,-0.956
2.586,-2.041
2.488,-1.878
2.495,-0.374
2.478,-1.077
2.433,0.485
2.222,-0.663
2.184,0.039
1.824,-1.482
1.793,-1.951
1.86,1.763
1.856,-1.723
1.548,-1.038
1.392,0.575
1.315,-1.748
1.204,0.621
1.316,-0.965
1.307,-0.127
1.188,0.429
0.952,0.268
0.925,0.259
0.762,-1.095
0.725,-0.067
0.494,-0.437
0.451,-1.926
0.359,-0.584
0.237,0.198
0.182,-0.805
0.248,-0.978
0.1,0.951
0.155,-1.019
-0.046,-1.292
-0.223,-2.519
-0.264,-2.391
-0.712,-2.359
-1.282,-2.187
-1.562,-2.458
-1.688,-2.283
-1.791,-2.314
-2.312,-2.526
-2.285,-2.407
-2.317,-2.688
-2.418,-2.554
-2.438,-2.553
2.543,-2.369
1.625,-2.553
1.037,-2.297
0.794,-2.68
0.59,-2.401
0.377,-2.524
0.359,-2.352
0.14,-2.257
0.157,-2.415
0.077,-2.388
-0.067,2.025
-0.291,1.969
-0.64,1.984
-0.548,2.073
-0.88,1.925
-0.992,2.032
-1.033,2.06
-1.123,1.712
-2.089,1.849
-2.375,1.998
-2.417,2.101
-2.607,1.796
-3.015,1.942
-2.903,1.814
2.82,2.097
1.91,1.841
1.377,1.969
0.639,2.121
0.518,1.776
0.394,2.035
-0.928,0.89
-1.051,-0.711
-2.112,0.949
2.412,-0.073
2.027,-0.741
0.646,-0.73
-0.847,0.692
-2.111,-0.002
-2.612,-0.857
-3.09,-0.006
2.2,-0.002
2.02,-0.006
1.882,0.73
0.682,1.41
0.435,0.711
2.749,-1.278
0.743,-1.5
-0.031,0.146
2.798,-2.501
1.69,-1.937
0.579,-1.9
2.334,-2.667
2.361,-2.051
0.047,-2.059
0.003,-2.885
-0.698,-3.253
-1.992,-3.541
-2.006,-3.281
-2.108,-3.216
-2.682,-3.298
-2.7,-3.446
-2.826,-3.648
-2.999,-3.654
-3.109,-3.477
2.802,-3.248
2.651,-3.54
2.444,-3.371
2.433,-3.493
2.307,-3.522
2.23,-3.309
1.988,-3.483
1.872,-3.599
1.821,-3.449
1.093,-3.259
0.706,-3.27
0.622,-3.417
0.477,-3.23
0.427,-3.417
0.349,-3.508
0.315,-3.462
0.38,-3.299
-0.004,-3.168
-0.077,-3.494
-0.346,1.059
-0.386,1.087
-1.026,1.078
-1.3,1.025
-1.686,1.169
-1.782,0.979
-2.017,0.798
-2.85,1.166
-2.839,1.173
3.039,0.87
3.105,1.054
2.87,1.05
2.841,1.19
2.559,0.897
1.837,1.035
1.829,1.194
1.333,1.041
0.987,0.871
0.728,0.964
0.002,1.252
-0.007,0.93
-0.142,0.523
-0.321,-2.929
-1.921,0.389
-2.209,-1.8
2.457,0.416
2.411,-2.37
0.405,-0.361
-0.726,-3.378
-1.191,-3.476
0.988,-3.217
0.023,0.704
-0.012,-2.036
-0.202,0.507
-0.125,-2.617
-0.16,-1.678
-0.378,-1.268
-0.368,-0.733
-0.423,-0.712
-0.551,0.667
-0.46,-0.304
-0.58,0.358
-0.678,-1.993
-0.545,-0.566
-0.633,-0.625
-0.889,-0.505
-0.756,0.325
-0.926,-1.161
-0.876,-1.061
-0.865,-1.552
-1.014,-2.97
-0.962,-2.303
-1.0,-0.829
-0.994,-1.13
-1.203,-3.128
-1.2,-2.989
-1.229,-0.465
-1.231,-1.345
-1.152,-0.654
-1.744,-2.106
-1.903,-0.643
-1.767,-0.826
-1.793,-2.022
-1.951,-3.035
-2.014,-2.981
-2.017,0.636
-2.096,-1.95
-2.16,-0.481
-2.245,-2.877
-2.299,-1.457
-2.18,-1.042
-2.391,-2.338
-2.259,-0.469
-2.318,-1.468
-2.433,-0.348
-2.488,-2.755
-2.701,-2.726
-2.733,-1.858
-2.66,0.767
-2.829,-1.934
-2.746,-0.966
-3.082,-0.456
3.048,-0.775
3.1,-3.201
3.095,0.318
3.059,-1.145
2.91,-2.003
2.838,-3.07
2.811,0.097
2.937,-0.143
2.856,-0.011
2.677,0.744
2.606,0.213
2.708,-1.287
2.709,-1.939
2.585,-3.024
2.487,-2.861
2.494,-1.357
2.477,-2.06
2.432,-0.498
2.221,-1.646
2.183,-0.944
1.823,-2.465
1.792,-2.934
1.859,0.78
1.855,-2.706
1.547,-2.021
1.391,-0.408
1.314,-2.731
1.203,-0.362
1.315,-1.948
1.306,-1.11
1.187,-0.554
0.951,-0.715
0.924,-0.724
0.761,-2.078
0.724,-1.05
0.493,-1.42
0.45,-2.909
0.358,-1.567
0.236,-0.785
0.181,-1.788
0.247,-1.961
0.099,-0.032
0.154,-2.002
-0.047,-2.275
-0.224,-3.502
-0.265,-3.374
-0.713,-3.342
-1.283,-3.17
-1.563,-3.441
-1.689,-3.266
-1.792,-3.297
-2.313,-3.509
-2.286,-3.39
-2.318,-3.671
-2.419,-3.537
-2.439,-3.536
2.542,-3.352
1.624,-3.536
1.036,-3.28
0.793,-3.663
0.589,-3.384
0.376,-3.507
0.358,-3.335
0.139,-3.24
0.156,-3.398
0.076,-3.371
-0.068,1.042
-0.292,0.986
-0.641,1.001
-0.549,1.09
-0.881,0.942
-0.993,1.049
-1.034,1.077
-1.124,0.729
-2.09,0.866
-2.376,1.015
-2.418,1.118
-2.608,0.813
-3.016,0.959
-2.904,0.831
2.819,1.114
1.909,0.858
1.376,0.986
0.638,1.138
0.517,0.793
0.393,1.052
-0.929,-0.093
-1.052,-1.694
-2.113,-0.034
2.411,-1.056
2.026,-1.724
0.645,-1.713
-0.848,-0.291
-2.112,-0.985
-2.613,-1.84
-3.091,-0.989
2.199,-0.985
2.019,-0.989
1.881,-0.253
0.681,0.427
0.434,-0.272
2.748,-2.261
0.742,-2.483
-0.032,-0.837
2.797,-3.484
1.689,-2.92
0.578,-2.883
2.333,-3.65
2.36,-3.034
-0.044,-0.826
-0.745,-1.194
-2.039,-1.482
-2.053,-1.222
-2.155,-1.157
-2.729,-1.239
-2.747,-1.387
-2.873,-1.589
-3.046,-1.595
3.127,-1.418
2.755,-1.189
2.604,-1.481
2.397,-1.312
2.386,-1.434
2.26,-1.463
2.183,-1.25
1.941,-1.424
1.825,-1.54
1.774,-1.39
1.046,-1.2
0.659,-1.211
0.575,-1.358
0.43,-1.171
0.38,-1.358
0.302,-1.449
0.268,-1.403
0.333,-1.24
-0.051,-1.109
-0.124,-1.435
-0.393,3.118
-0.433,3.146
-1.073,3.137
-1.347,3.084
-1.733,3.228
-1.829,3.038
-2.064,2.857
-2.897,3.225
-2.886,3.232
2.992,2.929
3.058,3.113
2.823,3.109
2.794,3.249
2.512,2.956
1.79,3.094
1.782,3.253
1.286,3.1
0.94,2.93
0.681,3.023
-0.045,3.311
-0.054,2.989
-0.189,2.582
-0.368,-0.87
-1.968,2.448
-2.256,0.259
2.41,2.475
2.364,-0.311
0.358,1.698
-0.773,-1.319
-1.238,-1.417
0.941,-1.158
-0.024,2.763
-0.059,0.023
-0.249,2.566
-0.172,-0.558
-0.207,0.381
-0.425,0.791
-0.415,1.326
-0.47,1.347
-0.598,2.726
-0.507,1.755
-0.627,2.417
-0.725,0.066
-0.592,1.493
-0.68,1.434
-0.936,1.554
-0.803,2.384
-0.973,0.898
-0.923,0.998
-0.912,0.507
-1.061,-0.911
-1.009,-0.244
-1.047,1.23
-1.041,0.929
-1.25,-1.069
-1.247,-0.93
-1.276,1.594
-1.278,0.714
-1.199,1.405
-1.791,-0.047
-1.95,1.416
-1.814,1.233
-1.84,0.037
-1.998,-0.976
-2.061,-0.922
-2.064,2.695
-2.143,0.109
-2.207,1.578
-2.292,-0.818
-2.346,0.602
-2.227,1.017
-2.438,-0.279
-2.306,1.59
-2.365,0.591
-2.48,1.711
-2.535,-0.696
-2.748,-0.667
-2.78,0.201
-2.707,2.826
-2.876,0.125
-2.793,1.093
-3.129,1.603
3.001,1.284
3.053,-1.142
3.048,2.377
3.012,0.914
2.863,0.056
2.791,-1.011
2.764,2.156
2.89,1.916
2.809,2.048
2.63,2.803
2.559,2.272
2.661,0.772
2.662,0.12
2.538,-0.965
2.44,-0.802
2.447,0.702
2.43,-0.001
2.385,1.561
2.174,0.413
2.136,1.115
1.776,-0.406
1.745,-0.875
1.812,2.839
1.808,-0.647
1.5,0.038
1.344,1.651
1.267,-0.672
1.156,1.697
1.268,0.111
1.259,0.949
1.14,1.505
0.904,1.344
0.877,1.335
0.714,-0.019
0.677,1.009
0.446,0.639
0.403,-0.85
0.311,0.492
0.189,1.274
0.134,0.271
0.2,0.098
0.052,2.027
0.107,0.057
-0.094,-0.216
-0.271,-1.443
-0.312,-1.315
-0.76,-1.283
-1.33,-1.111
-1.61,-1.382
-1.736,-1.207
-1.839,-1.238
-2.36,-1.45
-2.333,-1.331
-2.365,-1.612
-2.466,-1.478
-2.486,-1.477
2.495,-1.293
1.577,-1.477
0.989,-1.221
0.746,-1.604
0.542,-1.325
0.329,-1.448
0.311,-1.276
0.092,-1.181
0.109,-1.339
0.029,-1.312
-0.115,3.101
-0.339,3.045
-0.688,3.06
-0.596,3.149
-0.928,3.001
-1.04,3.108
-1.081,3.136
-1.171,2.788
-2.137,2.925
-2.423,3.074
-2.465,3.177
-2.655,2.872
-3.063,3.018
-2.951,2.89
2.772,3.173
1.862,2.917
1.329,3.045
0.591,3.197
0.47,2.852
0.346,3.111
-0.976,1.966
-1.099,0.365
-2.16,2.025
2.364,1.003
1.979,0.335
0.598,0.346
-0.895,1.768
-2.159,1.074
-2.66,0.219
-3.138,1.07
2.152,1.074
1.972,1.07
1.834,1.806
0.634,2.486
0.387,1.787
2.701,-0.202
0.695,-0.424
-0.079,1.222
2.75,-1.425
1.642,-0.861
0.531,-0.824
2.286,-1.591
2.313,-0.975
-0.701,-0.368
-1.995,-0.656
-2.009,-0.396
-2.111,-0.331
-2.685,-0.413
-2.703,-0.561
-2.829,-0.763
-3.002,-0.769
-3.112,-0.592
2.799,-0.363
2.648,-0.655
2.441,-0.486
2.43,-0.608
2.304,-0.637
2.227,-0.424
1.985,-0.598
1.869,-0.714
1.818,-0.564
1.09,-0.374
0.703,-0.385
0.619,-0.532
0.474,-0.345
0.424,-0.532
0.346,-0.623
0.312,-0.577
0.377,-0.414
-0.007,-0.283
-0.08,-0.609
-0.349,3.944
-0.389,3.972
-1.029,3.963
-1.303,3.91
-1.689,4.054
-1.785,3.864
-2.02,3.683
-2.853,4.051
-2.842,4.058
3.036,3.755
3.102,3.939
2.867,3.935
2.838,4.075
2.556,3.782
1.834,3.92
1.826,4.079
1.33,3.926
0.984,3.756
0.725,3.849
-0.001,4.137
-0.01,3.815
-0.145,3.408
-0.324,-0.044
-1.924,3.274
-2.212,1.085
2.454,3.301
2.408,0.515
0.402,2.524
-0.729,-0.493
-1.194,-0.591
0.985,-0.332
0.02,3.589
-0.015,0.849
-0.205,3.392
-0.128,0.268
-0.163,1.207
-0.381,1.617
-0.371,2.152
-0.426,2.173
-0.554,3.552
-0.463,2.581
-0.583,3.243
-0.681,0.892
-0.548,2.319
-0.636,2.26
-0.892,2.38
-0.759,3.21
-0.929,1.724
-0.879,1.824
-0.868,1.333
-1.017,-0.085
-0.965,0.582
-1.003,2.056
-0.997,1.755
-1.206,-0.243
-1.203,-0.104
-1.232,2.42
-1.234,1.54
-1.155,2.231
-1.747,0.779
-1.906,2.242
-1.77,2.059
-1.796,0.863
-1.954,-0.15
-2.017,-0.096
-2.02,3.521
-2.099,0.935
-2.163,2.404
-2.248,0.008
-2.302,1.428
-2.183,1.843
-2.394,0.547
-2.262,2.416
-2.321,1.417
-2.436,2.537
-2.491,0.13
-2.704,0.159
-2.736,1.027
-2.663,3.652
-2.832,0.951
-2.749,1.919
-3.085,2.429
3.045,2.11
3.097,-0.316
3.092,3.203
3.056,1.74
2.907,0.882
2.835,-0.185
2.808,2.982
2.934,2.742
2.853,2.874
2.674,3.629
2.603,3.098
2.705,1.598
2.706,0.946
2.582,-0.139
2.484,0.024
2.491,1.528
2.474,0.825
2.429,2.387
2.218,1.239
2.18,1.941
1.82,0.42
1.789,-0.049
1.856,3.665
1.852,0.179
1.544,0.864
1.388,2.477
1.311,0.154
1.2,2.523
1.312,0.937
1.303,1.775
1.184,2.331
0.948,2.17
0.921,2.161
0.758,0.807
0.721,1.835
0.49,1.465
0.447,-0.024
0.355,1.318
0.233,2.1
0.178,1.097
0.244,0.924
0.096,2.853
0.151,0.883
-0.05,0.61
-0.227,-0.617
-0.268,-0.489
-0.716,-0.457
-1.286,-0.285
-1.566,-0.556
-1.692,-0.381
-1.795,-0.412
-2.316,-0.624
-2.289,-0.505
-2.321,-0.786
-2.422,-0.652
-2.442,-0.651
2.539,-0.467
1.621,-0.651
1.033,-0.395
0.79,-0.778
0.586,-0.499
0.373,-0.622
0.355,-0.45
0.136,-0.355
0.153,-0.513
0.073,-0.486
-0.071,3.927
-0.295,3.871
-0.644,3.886
-0.552,3.975
-0.884,3.827
-0.996,3.934
-1.037,3.962
-1.127,3.614
-2.093,3.751
-2.379,3.9
-2.421,4.003
-2.611,3.698
-3.019,3.844
-2.907,3.716
2.816,3.999
1.906,3.743
1.373,3.871
0.635,4.023
0.514,3.678
0.39,3.937
-0.932,2.792
-1.055,1.191
-2.116,2.851
2.408,1.829
2.023,1.161
0.642,1.172
-0.851,2.594
-2.115,1.9
-2.616,1.045
-3.094,1.896
2.196,1.9
2.016,1.896
1.878,2.632
0.678,3.312
0.431,2.613
2.745,0.624
0.739,0.402
-0.035,2.048
2.794,-0.599
1.686,-0.035
0.575,0.002
2.33,-0.765
2.357,-0.149
-1.294,-0.288
-1.308,-0.028
-1.41,0.037
-1.984,-0.045
-2.002,-0.193
-2.128,-0.395
-2.301,-0.401
-2.411,-0.224
-2.783,0.005
-2.934,-0.287
-3.141,-0.118
3.131,-0.24
3.005,-0.269
2.928,-0.056
2.686,-0.23
2.57,-0.346
2.519,-0.196
1.791,-0.006
1.404,-0.017
1.32,-0.164
1.175,0.023
1.125,-0.164
1.047,-0.255
1.013,-0.209
1.078,-0.046
0.694,0.085
0.621,-0.241
0.352,4.312
0.312,4.34
-0.328,4.331
-0.602,4.278
-0.988,4.422
-1.084,4.232
-1.319,4.051
-2.152,4.419
-2.141,4.426
-2.546,4.123
-2.48,4.307
-2.715,4.303
-2.744,4.443
-3.026,4.15
2.535,4.288
2.527,4.447
2.031,4.294
1.685,4.124
1.426,4.217
0.7,4.505
0.691,4.183
0.556,3.776
0.377,0.324
-1.223,3.642
-1.511,1.453
-3.128,3.669
3.109,0.883
1.103,2.892
-0.028,-0.125
-0.493,-0.223
1.686,0.036
0.721,3.957
0.686,1.217
0.496,3.76
0.573,0.636
0.538,1.575
0.32,1.985
0.33,2.52
0.275,2.541
0.147,3.92
0.238,2.949
0.118,3.611
0.02,1.26
0.153,2.687
0.065,2.628
-0.191,2.748
-0.058,3.578
-0.228,2.092
-0.178,2.192
-0.167,1.701
-0.316,0.283
-0.264,0.95
-0.302,2.424
-0.296,2.123
-0.505,0.125
-0.502,0.264
-0.531,2.788
-0.533,1.908
-0.454,2.599
-1.046,1.147
-1.205,2.61
-1.069,2.427
-1.095,1.231
-1.253,0.218
-1.316,0.272
-1.319,3.889
-1.398,1.303
-1.462,2.772
-1.547,0.376
-1.601,1.796
-1.482,2.211
-1.693,0.915
-1.561,2.784
-1.62,1.785
-1.735,2.905
-1.79,0.498
-2.003,0.527
-2.035,1.395
-1.962,4.02
-2.131,1.319
-2.048,2.287
-2.384,2.797
-2.537,2.478
-2.485,0.052
-2.49,3.571
-2.526,2.108
-2.675,1.25
-2.747,0.183
-2.774,3.35
-2.648,3.11
-2.729,3.242
-2.908,3.997
-2.979,3.466
-2.877,1.966
-2.876,1.314
-3.0,0.229
-3.098,0.392
-3.091,1.896
-3.108,1.193
3.13,2.755
2.919,1.607
2.881,2.309
2.521,0.788
2.49,0.319
2.557,4.033
2.553,0.547
2.245,1.232
2.089,2.845
2.012,0.522
1.901,2.891
2.013,1.305
2.004,2.143
1.885,2.699
1.649,2.538
1.622,2.529
1.459,1.175
1.422,2.203
1.191,1.833
1.148,0.344
1.056,1.686
0.934,2.468
0.879,1.465
0.945,1.292
0.797,3.221
0.852,1.251
0.651,0.978
0.474,-0.249
0.433,-0.121
-0.015,-0.089
-0.585,0.083
-0.865,-0.188
-0.991,-0.013
-1.094,-0.044
-1.615,-0.256
-1.588,-0.137
-1.62,-0.418
-1.721,-0.284
-1.741,-0.283
-3.043,-0.099
2.322,-0.283
1.734,-0.027
1.491,-0.41
1.287,-0.131
1.074,-0.254
1.056,-0.082
0.837,0.013
0.854,-0.145
0.774,-0.118
0.63,4.295
0.406,4.239
0.057,4.254
0.149,4.343
-0.183,4.195
-0.295,4.302
-0.336,4.33
-0.426,3.982
-1.392,4.119
-1.678,4.268
-1.72,4.371
-1.91,4.066
-2.318,4.212
-2.206,4.084
-2.766,4.367
2.607,4.111
2.074,4.239
1.336,4.391
1.215,4.046
1.091,4.305
-0.231,3.16
-0.354,1.559
-1.415,3.219
3.109,2.197
2.724,1.529
1.343,1.54
-0.15,2.962
-1.414,2.268
-1.915,1.413
-2.393,2.264
2.897,2.268
2.717,2.264
2.579,3.0
1.379,3.68
1.132,2.981
-2.837,0.992
1.44,0.77
0.666,2.416
-2.788,-0.231
2.387,0.333
1.276,0.37
3.031,-0.397
3.058,0.219
-0.014,0.26
-0.116,0.325
-0.69,0.243
-0.708,0.095
-0.834,-0.107
-1.007,-0.113
-1.117,0.064
-1.489,0.293
-1.64,0.001
-1.847,0.17
-1.858,0.048
-1.984,0.019
-2.061,0.232
-2.303,0.058
-2.419,-0.058
-2.47,0.092
3.085,0.282
2.698,0.271
2.614,0.124
2.469,0.311
2.419,0.124
2.341,0.033
2.307,0.079
2.372,0.242
1.988,0.373
1.915,0.047
1.646,4.6
1.606,4.628
0.966,4.619
0.692,4.566
0.306,4.71
0.21,4.52
-0.025,4.339
-0.858,4.707
-0.847,4.714
-1.252,4.411
-1.186,4.595
-1.421,4.591
-1.45,4.731
-1.732,4.438
-2.454,4.576
-2.462,4.735
-2.958,4.582
2.979,4.412
2.72,4.505
1.994,4.793
1.985,4.471
1.85,4.064
1.671,0.612
0.071,3.93
-0.217,1.741
-1.834,3.957
-1.88,1.171
2.397,3.18
1.266,0.163
0.801,0.065
2.98,0.324
2.015,4.245
1.98,1.505
1.79,4.048
1.867,0.924
1.832,1.863
1.614,2.273
1.624,2.808
1.569,2.829
1.441,4.208
1.532,3.237
1.412,3.899
1.314,1.548
1.447,2.975
1.359,2.916
1.103,3.036
1.236,3.866
1.066,2.38
1.116,2.48
1.127,1.989
0.978,0.571
1.03,1.238
0.992,2.712
0.998,2.411
0.789,0.413
0.792,0.552
0.763,3.076
0.761,2.196
0.84,2.887
0.248,1.435
0.089,2.898
0.225,2.715
0.199,1.519
0.041,0.506
-0.022,0.56
-0.025,4.177
-0.104,1.591
-0.168,3.06
-0.253,0.664
-0.307,2.084
-0.188,2.499
-0.399,1.203
-0.267,3.072
-0.326,2.073
-0.441,3.193
-0.496,0.786
-0.709,0.815
-0.741,1.683
-0.668,4.308
-0.837,1.607
-0.754,2.575
-1.09,3.085
-1.243,2.766
-1.191,0.34
-1.196,3.859
-1.232,2.396
-1.381,1.538
-1.453,0.471
-1.48,3.638
-1.354,3.398
-1.435,3.53
-1.614,4.285
-1.685,3.754
-1.583,2.254
-1.582,1.602
-1.706,0.517
-1.804,0.68
-1.797,2.184
-1.814,1.481
-1.859,3.043
-2.07,1.895
-2.108,2.597
-2.468,1.076
-2.499,0.607
-2.432,4.321
-2.436,0.835
-2.744,1.52
-2.9,3.133
-2.977,0.81
-3.088,3.179
-2.976,1.593
-2.985,2.431
-3.104,2.987
2.943,2.826
2.916,2.817
2.753,1.463
2.716,2.491
2.485,2.121
2.442,0.632
2.35,1.974
2.228,2.756
2.173,1.753
2.239,1.58
2.091,3.509
2.146,1.539
1.945,1.266
1.768,0.039
1.727,0.167
1.279,0.199
0.709,0.371
0.429,0.1
0.303,0.275
0.2,0.244
-0.321,0.032
-0.294,0.151
-0.326,-0.13
-0.427,0.004
-0.447,0.005
-1.749,0.189
-2.667,0.005
3.028,0.261
2.785,-0.122
2.581,0.157
2.368,0.034
2.35,0.206
2.131,0.301
2.148,0.143
2.068,0.17
1.924,4.583
1.7,4.527
1.351,4.542
1.443,4.631
1.111,4.483
0.999,4.59
0.958,4.618
0.868,4.27
-0.098,4.407
-0.384,4.556
-0.426,4.659
-0.616,4.354
-1.024,4.5
-0.912,4.372
-1.472,4.655
-2.382,4.399
-2.915,4.527
2.63,4.679
2.509,4.334
2.385,4.593
1.063,3.448
0.94,1.847
-0.121,3.507
-1.88,2.485
-2.265,1.817
2.637,1.828
1.144,3.25
-0.12,2.556
-0.621,1.701
-1.099,2.552
-2.092,2.556
-2.272,2.552
-2.41,3.288
2.673,3.968
2.426,3.269
-1.543,1.28
2.734,1.058
1.96,2.704
-1.494,0.057
-2.602,0.621
2.57,0.658
-1.958,-0.109
-1.931,0.507
-0.102,0.065
-0.676,-0.017
-0.694,-0.165
-0.82,-0.367
-0.993,-0.373
-1.103,-0.196
-1.475,0.033
-1.626,-0.259
-1.833,-0.09
-1.844,-0.212
-1.97,-0.241
-2.047,-0.028
-2.289,-0.202
-2.405,-0.318
-2.456,-0.168
3.099,0.022
2.712,0.011
2.628,-0.136
2.483,0.051
2.433,-0.136
2.355,-0.227
2.321,-0.181
2.386,-0.018
2.002,0.113
1.929,-0.213
1.66,4.34
1.62,4.368
0.98,4.359
0.706,4.306
0.32,4.45
0.224,4.26
-0.011,4.079
-0.844,4.447
-0.833,4.454
-1.238,4.151
-1.172,4.335
-1.407,4.331
-1.436,4.471
-1.718,4.178
-2.44,4.316
-2.448,4.475
-2.944,4.322
2.993,4.152
2.734,4.245
2.008,4.533
1.999,4.211
1.864,3.804
1.685,0.352
0.085,3.67
-0.203,1.481
-1.82,3.697
-1.866,0.911
2.411,2.92
1.28,-0.097
0.815,-0.195
2.994,0.064
2.029,3.985
1.994,1.245
1.804,3.788
1.881,0.664
1.846,1.603
1.628,2.013
1.638,2.548
1.583,2.569
1.455,3.948
1.546,2.977
1.426,3.639
1.328,1.288
1.461,2.715
1.373,2.656
1.117,2.776
1.25,3.606
1.08,2.12
1.13,2.22
1.141,1.729
0.992,0.311
1.044,0.978
1.006,2.452
1.012,2.151
0.803,0.153
0.806,0.292
0.777,2.816
0.775,1.936
0.854,2.627
0.262,1.175
0.103,2.638
0.239,2.455
0.213,1.259
0.055,0.246
-0.008,0.3
-0.011,3.917
-0.09,1.331
-0.154,2.8
-0.239,0.404
-0.293,1.824
-0.174,2.239
-0.385,0.943
-0.253,2.812
-0.312,1.813
-0.427,2.933
-0.482,0.526
-0.695,0.555
-0.727,1.423
-0.654,4.048
-0.823,1.347
-0.74,2.315
-1.076,2.825
-1.229,2.506
-1.177,0.08
-1.182,3.599
-1.218,2.136
-1.367,1.278
-1.439,0.211
-1.466,3.378
-1.34,3.138
-1.421,3.27
-1.6,4.025
-1.671,3.494
-1.569,1.994
-1.568,1.342
-1.692,0.257
-1.79,0.42
-1.783,1.924
-1.8,1.221
-1.845,2.783
-2.056,1.635
-2.094,2.337
-2.454,0.816
-2.485,0.347
-2.418,4.061
-2.422,0.575
-2.73,1.26
-2.886,2.873
-2.963,0.55
-3.074,2.919
-2.962,1.333
-2.971,2.171
-3.09,2.727
2.957,2.566
2.93,2.557
2.767,1.203
2.73,2.231
2.499,1.861
2.456,0.372
2.364,1.714
2.242,2.496
2.187,1.493
2.253,1.32
2.105,3.249
2.16,1.279
1.959,1.006
1.782,-0.221
1.741,-0.093
1.293,-0.061
0.723,0.111
0.443,-0.16
0.317,0.015
0.214,-0.016
-0.307,-0.228
-0.28,-0.109
-0.312,-0.39
-0.413,-0.256
-0.433,-0.255
-1.735,-0.071
-2.653,-0.255
3.042,0.001
2.799,-0.382
2.595,-0.103
2.382,-0.226
2.364,-0.054
2.145,0.041
2.162,-0.117
2.082,-0.09
1.938,4.323
1.714,4.267
1.365,4.282
1.457,4.371
1.125,4.223
1.013,4.33
0.972,4.358
0.882,4.01
-0.084,4.147
-0.37,4.296
-0.412,4.399
-0.602,4.094
-1.01,4.24
-0.898,4.112
-1.458,4.395
-2.368,4.139
-2.901,4.267
2.644,4.419
2.523,4.074
2.399,4.333
1.077,3.188
0.954,1.587
-0.107,3.247
-1.866,2.225
-2.251,1.557
2.651,1.568
1.158,2.99
-0.106,2.296
-0.607,1.441
-1.085,2.292
-2.078,2.296
-2.258,2.292
-2.396,3.028
2.687,3.708
2.44,3.009
-1.529,1.02
2.748,0.798
1.974,2.444
-1.48,-0.203
-2.588,0.361
2.584,0.398
-1.944,-0.369
-1.917,0.247
-0.574,-0.082
-0.592,-0.23
-0.718,-0.432
-0.891,-0.438
-1.001,-0.261
-1.373,-0.032
-1.524,-0.324
-1.731,-0.155
-1.742,-0.277
-1.868,-0.306
-1.945,-0.093
-2.187,-0.267
-2.303,-0.383
-2.354,-0.233
-3.082,-0.043
2.814,-0.054
2.73,-0.201
2.585,-0.014
2.535,-0.201
2.457,-0.292
2.423,-0.246
2.488,-0.083
2.104,0.048
2.031,-0.278
1.762,4.275
1.722,4.303
1.082,4.294
0.808,4.241
0.422,4.385
0.326,4.195
0.091,4.014
-0.742,4.382
-0.731,4.389
-1.136,4.086
-1.07,4.27
-1.305,4.266
-1.334,4.406
-1.616,4.113
-2.338,4.251
-2.346,4.41
-2.842,4.257
3.095,4.087
2.836,4.18
2.11,4.468
2.101,4.146
1.966,3.739
1.787,0.287
0.187,3.605
-0.101,1.416
-1.718,3.632
-1.764,0.846
2.513,2.855
1.382,-0.162
0.917,-0.26
3.096,-0.001
2.131,3.92
2.096,1.18
1.906,3.723
1.983,0.599
1.948,1.538
1.73,1.948
1.74,2.483
1.685,2.504
1.557,3.883
1.648,2.912
1.528,3.574
1.43,1.223
1.563,2.65
1.475,2.591
1.219,2.711
1.352,3.541
1.182,2.055
1.232,2.155
1.243,1.664
1.094,0.246
1.146,0.913
1.108,2.387
1.114,2.086
0.905,0.088
0.908,0.227
0.879,2.751
0.877,1.871
0.956,2.562
0.364,1.11
0.205,2.573
0.341,2.39
0.315,1.194
0.157,0.181
0.094,0.235
0.091,3.852
0.012,1.266
-0.052,2.735
-0.137,0.339
-0.191,1.759
-0.072,2.174
-0.283,0.878
-0.151,2.747
-0.21,1.748
-0.325,2.868
-0.38,0.461
-0.593,0.49
-0.625,1.358
-0.552,3.983
-0.721,1.282
-0.638,2.25
-0.974,2.76
-1.127,2.441
-1.075,0.015
-1.08,3.534
-1.116,2.071
-1.265,1.213
-1.337,0.146
-1.364,3.313
-1.238,3.073
-1.319,3.205
-1.498,3.96
-1.569,3.429
-1.467,1.929
-1.466,1.277
-1.59,0.192
-1.688,0.355
-1.681,1.859
-1.698,1.156
-1.743,2.718
-1.954,1.57
-1.992,2.272
-2.352,0.751
-2.383,0.282
-2.316,3.996
-2.32,0.51
-2.628,1.195
-2.784,2.808
-2.861,0.485
-2.972,2.854
-2.86,1.268
-2.869,2.106
-2.988,2.662
3.059,2.501
3.032,2.492
2.869,1.138
2.832,2.166
2.601,1.796
2.558,0.307
2.466,1.649
2.344,2.431
2.289,1.428
2.355,1.255
2.207,3.184
2.262,1.214
2.061,0.941
1.884,-0.286
1.843,-0.158
1.395,-0.126
0.825,0.046
0.545,-0.225
0.419,-0.05
0.316,-0.081
-0.205,-0.293
-0.178,-0.174
-0.21,-0.455
-0.311,-0.321
-0.331,-0.32
-1.633,-0.136
-2.551,-0.32
-3.139,-0.064
2.901,-0.447
2.697,-0.168
2.484,-0.291
2.466,-0.119
2.247,-0.024
2.264,-0.182
2.184,-0.155
2.04,4.258
1.816,4.202
1.467,4.217
1.559,4.306
1.227,4.158
1.115,4.265
1.074,4.293
0.984,3.945
0.018,4.082
-0.268,4.231
-0.31,4.334
-0.5,4.029
-0.908,4.175
-0.796,4.047
-1.356,4.33
-2.266,4.074
-2.799,4.202
2.746,4.354
2.625,4.009
2.501,4.268
1.179,3.123
1.056,1.522
-0.005,3.182
-1.764,2.16
-2.149,1.492
2.753,1.503
1.26,2.925
-0.004,2.231
-0.505,1.376
-0.983,2.227
-1.976,2.231
-2.156,2.227
-2.294,2.963
2.789,3.643
2.542,2.944
-1.427,0.955
2.85,0.733
2.076,2.379
-1.378,-0.268
-2.486,0.296
2.686,0.333
-1.842,-0.434
-1.815,0.182
-0.018,-0.148
-0.144,-0.35
-0.317,-0.356
-0.427,-0.179
-0.799,0.05
-0.95,-0.242
-1.157,-0.073
-1.168,-0.195
-1.294,-0.224
-1.371,-0.011
-1.613,-0.185
-1.729,-0.301
-1.78,-0.151
-2.508,0.039
-2.895,0.028
-2.979,-0.119
-3.124,0.068
3.109,-0.119
3.031,-0.21
2.997,-0.164
3.062,-0.001
2.678,0.13
2.605,-0.196
2.336,4.357
2.296,4.385
1.656,4.376
1.382,4.323
0.996,4.467
0.9,4.277
0.665,4.096
-0.168,4.464
-0.157,4.471
-0.562,4.168
-0.496,4.352
-0.731,4.348
-0.76,4.488
-1.042,4.195
-1.764,4.333
-1.772,4.492
-2.268,4.339
-2.614,4.169
-2.873,4.262
2.684,4.55
2.675,4.228
2.54,3.821
2.361,0.369
0.761,3.687
0.473,1.498
-1.144,3.714
-1.19,0.928
3.087,2.937
1.956,-0.08
1.491,-0.178
-2.613,0.081
2.705,4.002
2.67,1.262
2.48,3.805
2.557,0.681
2.522,1.62
2.304,2.03
2.314,2.565
2.259,2.586
2.131,3.965
2.222,2.994
2.102,3.656
2.004,1.305
2.137,2.732
2.049,2.673
1.793,2.793
1.926,3.623
1.756,2.137
1.806,2.237
1.817,1.746
1.668,0.328
1.72,0.995
1.682,2.469
1.688,2.168
1.479,0.17
1.482,0.309
1.453,2.833
1.451,1.953
1.53,2.644
0.938,1.192
0.779,2.655
0.915,2.472
0.889,1.276
0.731,0.263
0.668,0.317
0.665,3.934
0.586,1.348
0.522,2.817
0.437,0.421
0.383,1.841
0.502,2.256
0.291,0.96
0.423,2.829
0.364,1.83
0.249,2.95
0.194,0.543
-0.019,0.572
-0.051,1.44
0.022,4.065
-0.147,1.364
-0.064,2.332
-0.4,2.842
-0.553,2.523
-0.501,0.097
-0.506,3.616
-0.542,2.153
-0.691,1.295
-0.763,0.228
-0.79,3.395
-0.664,3.155
-0.745,3.287
-0.924,4.042
-0.995,3.511
-0.893,2.011
-0.892,1.359
-1.016,0.274
-1.114,0.437
-1.107,1.941
-1.124,1.238
-1.169,2.8
-1.38,1.652
-1.418,2.354
-1.778,0.833
-1.809,0.364
-1.742,4.078
-1.746,0.592
-2.054,1.277
-2.21,2.89
-2.287,0.567
-2.398,2.936
-2.286,1.35
-2.295,2.188
-2.414,2.744
-2.65,2.583
-2.677,2.574
-2.84,1.22
-2.877,2.248
-3.108,1.878
3.132,0.389
3.04,1.731
2.918,2.513
2.863,1.51
2.929,1.337
2.781,3.266
2.836,1.296
2.635,1.023
2.458,-0.204
2.417,-0.076
1.969,-0.044
1.399,0.128
1.119,-0.143
0.993,0.032
0.89,0.001
0.369,-0.211
0.396,-0.092
0.364,-0.373
0.263,-0.239
0.243,-0.238
-1.059,-0.054
-1.977,-0.238
-2.565,0.018
-2.808,-0.365
-3.012,-0.086
3.058,-0.209
3.04,-0.037
2.821,0.058
2.838,-0.1
2.758,-0.073
2.614,4.34
2.39,4.284
2.041,4.299
2.133,4.388
1.801,4.24
1.689,4.347
1.648,4.375
1.558,4.027
0.592,4.164
0.306,4.313
0.264,4.416
0.074,4.111
-0.334,4.257
-0.222,4.129
-0.782,4.412
-1.692,4.156
-2.225,4.284
-2.963,4.436
-3.084,4.091
3.075,4.35
1.753,3.205
1.63,1.604
0.569,3.264
-1.19,2.242
-1.575,1.574
-2.956,1.585
1.834,3.007
0.57,2.313
0.069,1.458
-0.409,2.309
-1.402,2.313
-1.582,2.309
-1.72,3.045
-2.92,3.725
3.116,3.026
-0.853,1.037
-2.859,0.815
2.65,2.461
-0.804,-0.186
-1.912,0.378
-3.023,0.415
-1.268,-0.352
-1.241,0.264
-0.126,-0.202
-0.299,-0.208
-0.409,-0.031
-0.781,0.198
-0.932,-0.094
-1.139,0.075
-1.15,-0.047
-1.276,-0.076
-1.353,0.137
-1.595,-0.037
-1.711,-0.153
-1.762,-0.003
-2.49,0.187
-2.877,0.176
-2.961,0.029
-3.106,0.216
3.127,0.029
3.049,-0.062
3.015,-0.016
3.08,0.147
2.696,0.278
2.623,-0.048
2.354,4.505
2.314,4.533
1.674,4.524
1.4,4.471
1.014,4.615
0.918,4.425
0.683,4.244
-0.15,4.612
-0.139,4.619
-0.544,4.316
-0.478,4.5
-0.713,4.496
-0.742,4.636
-1.024,4.343
-1.746,4.481
-1.754,4.64
-2.25,4.487
-2.596,4.317
-2.855,4.41
2.702,4.698
2.693,4.376
2.558,3.969
2.379,0.517
0.779,3.835
0.491,1.646
-1.126,3.862
-1.172,1.076
3.105,3.085
1.974,0.068
1.509,-0.03
-2.595,0.229
2.723,4.15
2.688,1.41
2.498,3.953
2.575,0.829
2.54,1.768
2.322,2.178
2.332,2.713
2.277,2.734
2.149,4.113
2.24,3.142
2.12,3.804
2.022,1.453
2.155,2.88
2.067,2.821
1.811,2.941
1.944,3.771
1.774,2.285
1.824,2.385
1.835,1.894
1.686,0.476
1.738,1.143
1.7,2.617
1.706,2.316
1.497,0.318
1.5,0.457
1.471,2.981
1.469,2.101
1.548,2.792
0.956,1.34
0.797,2.803
0.933,2.62
0.907,1.424
0.749,0.411
0.686,0.465
0.683,4.082
0.604,1.496
0.54,2.965
0.455,0.569
0.401,1.989
0.52,2.404
0.309,1.108
0.441,2.977
0.382,1.978
0.267,3.098
0.212,0.691
-0.001,0.72
-0.033,1.588
0.04,4.213
-0.129,1.512
-0.046,2.48
-0.382,2.99
-0.535,2.671
-0.483,0.245
-0.488,3.764
-0.524,2.301
-0.673,1.443
-0.745,0.376
-0.772,3.543
-0.646,3.303
-0.727,3.435
-0.906,4.19
-0.977,3.659
-0.875,2.159
-0.874,1.507
-0.998,0.422
-1.096,0.585
-1.089,2.089
-1.106,1.386
-1.151,2.948
-1.362,1.8
-1.4,2.502
-1.76,0.981
-1.791,0.512
-1.724,4.226
-1.728,0.74
-2.036,1.425
-2.192,3.038
-2.269,0.715
-2.38,3.084
-2.268,1.498
-2.277,2.336
-2.396,2.892
-2.632,2.731
-2.659,2.722
-2.822,1.368
-2.859,2.396
-3.09,2.026
-3.133,0.537
3.058,1.879
2.936,2.661
2.881,1.658
2.947,1.485
2.799,3.414
2.854,1.444
2.653,1.171
2.476,-0.056
2.435,0.072
1.987,0.104
1.417,0.276
1.137,0.005
1.011,0.18
0.908,0.149
0.387,-0.063
0.414,0.056
0.382,-0.225
0.281,-0.091
0.261,-0.09
-1.041,0.094
-1.959,-0.09
-2.547,0.166
-2.79,-0.217
-2.994,0.062
3.076,-0.061
3.058,0.111
2.839,0.206
2.856,0.048
2.776,0.075
2.632,4.488
2.408,4.432
2.059,4.447
2.151,4.536
1.819,4.388
1.707,4.495
1.666,4.523
1.576,4.175
0.61,4.312
0.324,4.461
0.282,4.564
0.092,4.259
-0.316,4.405
-0.204,4.277
-0.764,4.56
-1.674,4.304
-2.207,4.432
-2.945,4.584
-3.066,4.239
3.093,4.498
1.771,3.353
1.648,1.752
0.587,3.412
-1.172,2.39
-1.557,1.722
-2.938,1.733
1.852,3.155
0.588,2.461
0.087,1.606
-0.391,2.457
-1.384,2.461
-1.564,2.457
-1.702,3.193
-2.902,3.873
3.134,3.174
-0.835,1.185
-2.841,0.963
2.668,2.609
-0.786,-0.038
-1.894,0.526
-3.005,0.563
-1.25,-0.204
-1.223,0.412
-0.173,-0.006
-0.283,0.171
-0.655,0.4
-0.806,0.108
-1.013,0.277
-1.024,0.155
-1.15,0.126
-1.227,0.339
-1.469,0.165
-1.585,0.049
-1.636,0.199
-2.364,0.389
-2.751,0.378
-2.835,0.231
-2.98,0.418
-3.03,0.231
-3.108,0.14
3.141,0.186
-3.077,0.349
2.822,0.48
2.749,0.154
2.48,4.707
2.44,4.735
1.8,4.726
1.526,4.673
1.14,4.817
1.044,4.627
0.809,4.446
-0.024,4.814
-0.013,4.821
-0.418,4.518
-0.352,4.702
-0.587,4.698
-0.616,4.838
-0.898,4.545
-1.62,4.683
-1.628,4.842
-2.124,4.689
-2.47,4.519
-2.729,4.612
2.828,4.9
2.819,4.578
2.684,4.171
2.505,0.719
0.905,4.037
0.617,1.848
-1.0,4.064
-1.046,1.278
-3.052,3.287
2.1,0.27
1.635,0.172
-2.469,0.431
2.849,4.352
2.814,1.612
2.624,4.155
2.701,1.031
2.666,1.97
2.448,2.38
2.458,2.915
2.403,2.936
2.275,4.315
2.366,3.344
2.246,4.006
2.148,1.655
2.281,3.082
2.193,3.023
1.937,3.143
2.07,3.973
1.9,2.487
1.95,2.587
1.961,2.096
1.812,0.678
1.864,1.345
1.826,2.819
1.832,2.518
1.623,0.52
1.626,0.659
1.597,3.183
1.595,2.303
1.674,2.994
1.082,1.542
0.923,3.005
1.059,2.822
1.033,1.626
0.875,0.613
0.812,0.667
0.809,4.284
0.73,1.698
0.666,3.167
0.581,0.771
0.527,2.191
0.646,2.606
0.435,1.31
0.567,3.179
0.508,2.18
0.393,3.3
0.338,0.893
0.125,0.922
0.093,1.79
0.166,4.415
-0.003,1.714
0.08,2.682
-0.256,3.192
-0.409,2.873
-0.357,0.447
-0.362,3.966
-0.398,2.503
-0.547,1.645
-0.619,0.578
-0.646,3.745
-0.52,3.505
-0.601,3.637
-0.78,4.392
-0.851,3.861
-0.749,2.361
-0.748,1.709
-0.872,0.624
-0.97,0.787
-0.963,2.291
-0.98,1.588
-1.025,3.15
-1.236,2.002
-1.274,2.704
-1.634,1.183
-1.665,0.714
-1.598,4.428
-1.602,0.942
-1.91,1.627
-2.066,3.24
-2.143,0.917
-2.254,3.286
-2.142,1.7
-2.151,2.538
-2.27,3.094
-2.506,2.933
-2.533,2.924
-2.696,1.57
-2.733,2.598
-2.964,2.228
-3.007,0.739
-3.099,2.081
3.062,2.863
3.007,1.86
3.073,1.687
2.925,3.616
2.98,1.646
2.779,1.373
2.602,0.146
2.561,0.274
2.113,0.306
1.543,0.478
1.263,0.207
1.137,0.382
1.034,0.351
0.513,0.139
0.54,0.258
0.508,-0.023
0.407,0.111
0.387,0.112
-0.915,0.296
-1.833,0.112
-2.421,0.368
-2.664,-0.015
-2.868,0.264
-3.081,0.141
-3.099,0.313
2.965,0.408
2.982,0.25
2.902,0.277
2.758,4.69
2.534,4.634
2.185,4.649
2.277,4.738
1.945,4.59
1.833,4.697
1.792,4.725
1.702,4.377
0.736,4.514
0.45,4.663
0.408,4.766
0.218,4.461
-0.19,4.607
-0.078,4.479
-0.638,4.762
-1.548,4.506
-2.081,4.634
-2.819,4.786
-2.94,4.441
-3.064,4.7
1.897,3.555
1.774,1.954
0.713,3.614
-1.046,2.592
-1.431,1.924
-2.812,1.935
1.978,3.357
0.714,2.663
0.213,1.808
-0.265,2.659
-1.258,2.663
-1.438,2.659
-1.576,3.395
-2.776,4.075
-3.023,3.376
-0.709,1.387
-2.715,1.165
2.794,2.811
-0.66,0.164
-1.768,0.728
-2.879,0.765
-1.124,-0.002
-1.097,0.614
-0.11,0.177
-0.482,0.406
-0.633,0.114
-0.84,0.283
-0.851,0.161
-0.977,0.132
-1.054,0.345
-1.296,0.171
-1.412,0.055
-1.463,0.205
-2.191,0.395
-2.578,0.384
-2.662,0.237
-2.807,0.424
-2.857,0.237
-2.935,0.146
-2.969,0.192
-2.904,0.355
2.995,0.486
2.922,0.16
2.653,4.713
2.613,4.741
1.973,4.732
1.699,4.679
1.313,4.823
1.217,4.633
0.982,4.452
0.149,4.82
0.16,4.827
-0.245,4.524
-0.179,4.708
-0.414,4.704
-0.443,4.844
-0.725,4.551
-1.447,4.689
-1.455,4.848
-1.951,4.695
-2.297,4.525
-2.556,4.618
3.001,4.906
2.992,4.584
2.857,4.177
2.678,0.725
1.078,4.043
0.79,1.854
-0.827,4.07
-0.873,1.284
-2.879,3.293
2.273,0.276
1.808,0.178
-2.296,0.437
3.022,4.358
2.987,1.618
2.797,4.161
2.874,1.037
2.839,1.976
2.621,2.386
2.631,2.921
2.576,2.942
2.448,4.321
2.539,3.35
2.419,4.012
2.321,1.661
2.454,3.088
2.366,3.029
2.11,3.149
2.243,3.979
2.073,2.493
2.123,2.593
2.134,2.102
1.985,0.684
2.037,1.351
1.999,2.825
2.005,2.524
1.796,0.526
1.799,0.665
1.77,3.189
1.768,2.309
1.847,3.0
1.255,1.548
1.096,3.011
1.232,2.828
1.206,1.632
1.048,0.619
0.985,0.673
0.982,4.29
0.903,1.704
0.839,3.173
0.754,0.777
0.7,2.197
0.819,2.612
0.608,1.316
0.74,3.185
0.681,2.186
0.566,3.306
0.511,0.899
0.298,0.928
0.266,1.796
0.339,4.421
0.17,1.72
0.253,2.688
-0.083,3.198
-0.236,2.879
-0.184,0.453
-0.189,3.972
-0.225,2.509
-0.374,1.651
-0.446,0.584
-0.473,3.751
-0.347,3.511
-0.428,3.643
-0.607,4.398
-0.678,3.867
-0.576,2.367
-0.575,1.715
-0.699,0.63
-0.797,0.793
-0.79,2.297
-0.807,1.594
-0.852,3.156
-1.063,2.008
-1.101,2.71
-1.461,1.189
-1.492,0.72
-1.425,4.434
-1.429,0.948
-1.737,1.633
-1.893,3.246
-1.97,0.923
-2.081,3.292
-1.969,1.706
-1.978,2.544
-2.097,3.1
-2.333,2.939
-2.36,2.93
-2.523,1.576
-2.56,2.604
-2.791,2.234
-2.834,0.745
-2.926,2.087
-3.048,2.869
-3.103,1.866
-3.037,1.693
3.098,3.622
-3.13,1.652
2.952,1.379
2.775,0.152
2.734,0.28
2.286,0.312
1.716,0.484
1.436,0.213
1.31,0.388
1.207,0.357
0.686,0.145
0.713,0.264
0.681,-0.017
0.58,0.117
0.56,0.118
-0.742,0.302
-1.66,0.118
-2.248,0.374
-2.491,-0.009
-2.695,0.27
-2.908,0.147
-2.926,0.319
3.138,0.414
-3.128,0.256
3.075,0.283
2.931,4.696
2.707,4.64
2.358,4.655
2.45,4.744
2.118,4.596
2.006,4.703
1.965,4.731
1.875,4.383
0.909,4.52
0.623,4.669
0.581,4.772
0.391,4.467
-0.017,4.613
0.095,4.485
-0.465,4.768
-1.375,4.512
-1.908,4.64
-2.646,4.792
-2.767,4.447
-2.891,4.706
2.07,3.561
1.947,1.96
0.886,3.62
-0.873,2.598
-1.258,1.93
-2.639,1.941
2.151,3.363
0.887,2.669
0.386,1.814
-0.092,2.665
-1.085,2.669
-1.265,2.665
-1.403,3.401
-2.603,4.081
-2.85,3.382
-0.536,1.393
-2.542,1.171
2.967,2.817
-0.487,0.17
-1.595,0.734
-2.706,0.771
-0.951,0.004
-0.924,0.62
-0.372,0.229
-0.523,-0.063
-0.73,0.106
-0.741,-0.016
-0.867,-0.045
-0.944,0.168
-1.186,-0.006
-1.302,-0.122
-1.353,0.028
-2.081,0.218
-2.468,0.207
-2.552,0.06
-2.697,0.247
-2.747,0.06
-2.825,-0.031
-2.859,0.015
-2.794,0.178
3.105,0.309
3.032,-0.017
2.763,4.536
2.723,4.564
2.083,4.555
1.809,4.502
1.423,4.646
1.327,4.456
1.092,4.275
0.259,4.643
0.27,4.65
-0.135,4.347
-0.069,4.531
-0.304,4.527
-0.333,4.667
-0.615,4.374
-1.337,4.512
-1.345,4.671
-1.841,4.518
-2.187,4.348
-2.446,4.441
3.111,4.729
3.102,4.407
2.967,4.0
2.788,0.548
1.188,3.866
0.9,1.677
-0.717,3.893
-0.763,1.107
-2.769,3.116
2.383,0.099
1.918,0.001
-2.186,0.26
3.132,4.181
3.097,1.441
2.907,3.984
2.984,0.86
2.949,1.799
2.731,2.209
2.741,2.744
2.686,2.765
2.558,4.144
2.649,3.173
2.529,3.835
2.431,1.484
2.564,2.911
2.476,2.852
2.22,2.972
2.353,3.802
2.183,2.316
2.233,2.416
2.244,1.925
2.095,0.507
2.147,1.174
2.109,2.648
2.115,2.347
1.906,0.349
1.909,0.488
1.88,3.012
1.878,2.132
1.957,2.823
1.365,1.371
1.206,2.834
1.342,2.651
1.316,1.455
1.158,0.442
1.095,0.496
1.092,4.113
1.013,1.527
0.949,2.996
0.864,0.6
0.81,2.02
0.929,2.435
0.718,1.139
0.85,3.008
0.791,2.009
0.676,3.129
0.621,0.722
0.408,0.751
0.376,1.619
0.449,4.244
0.28,1.543
0.363,2.511
0.027,3.021
-0.126,2.702
-0.074,0.276
-0.079,3.795
-0.115,2.332
-0.264,1.474
-0.336,0.407
-0.363,3.574
-0.237,3.334
-0.318,3.466
-0.497,4.221
-0.568,3.69
-0.466,2.19
-0.465,1.538
-0.589,0.453
-0.687,0.616
-0.68,2.12
-0.697,1.417
-0.742,2.979
-0.953,1.831
-0.991,2.533
-1.351,1.012
-1.382,0.543
-1.315,4.257
-1.319,0.771
-1.627,1.456
-1.783,3.069
-1.86,0.746
-1.971,3.115
-1.859,1.529
-1.868,2.367
-1.987,2.923
-2.223,2.762
-2.25,2.753
-2.413,1.399
-2.45,2.427
-2.681,2.057
-2.724,0.568
-2.816,1.91
-2.938,2.692
-2.993,1.689
-2.927,1.516
-3.075,3.445
-3.02,1.475
3.062,1.202
2.885,-0.025
2.844,0.103
2.396,0.135
1.826,0.307
1.546,0.036
1.42,0.211
1.317,0.18
0.796,-0.032
0.823,0.087
0.791,-0.194
0.69,-0.06
0.67,-0.059
-0.632,0.125
-1.55,-0.059
-2.138,0.197
-2.381,-0.186
-2.585,0.093
-2.798,-0.03
-2.816,0.142
-3.035,0.237
-3.018,0.079
-3.098,0.106
3.041,4.519
2.817,4.463
2.468,4.478
2.56,4.567
2.228,4.419
2.116,4.526
2.075,4.554
1.985,4.206
1.019,4.343
0.733,4.492
0.691,4.595
0.501,4.29
0.093,4.436
0.205,4.308
-0.355,4.591
-1.265,4.335
-1.798,4.463
-2.536,4.615
-2.657,4.27
-2.781,4.529
2.18,3.384
2.057,1.783
0.996,3.443
-0.763,2.421
-1.148,1.753
-2.529,1.764
2.261,3.186
0.997,2.492
0.496,1.637
0.018,2.488
-0.975,2.492
-1.155,2.488
-1.293,3.224
-2.493,3.904
-2.74,3.205
-0.426,1.216
-2.432,0.994
3.077,2.64
-0.377,-0.007
-1.485,0.557
-2.596,0.594
-0.841,-0.173
-0.814,0.443
-0.151,-0.292
-0.358,-0.123
-0.369,-0.245
-0.495,-0.274
-0.572,-0.061
-0.814,-0.235
-0.93,-0.351
-0.981,-0.201
-1.709,-0.011
-2.096,-0.022
-2.18,-0.169
-2.325,0.018
-2.375,-0.169
-2.453,-0.26
-2.487,-0.214
-2.422,-0.051
-2.806,0.08
-2.879,-0.246
3.135,4.307
3.095,4.335
2.455,4.326
2.181,4.273
1.795,4.417
1.699,4.227
1.464,4.046
0.631,4.414
0.642,4.421
0.237,4.118
0.303,4.302
0.068,4.298
0.039,4.438
-0.243,4.145
-0.965,4.283
-0.973,4.442
-1.469,4.289
-1.815,4.119
-2.074,4.212
-2.8,4.5
-2.809,4.178
-2.944,3.771
-3.123,0.319
1.56,3.637
1.272,1.448
-0.345,3.664
-0.391,0.878
-2.397,2.887
2.755,-0.13
2.29,-0.228
-1.814,0.031
-2.779,3.952
-2.814,1.212
-3.004,3.755
-2.927,0.631
-2.962,1.57
3.103,1.98
3.113,2.515
3.058,2.536
2.93,3.915
3.021,2.944
2.901,3.606
2.803,1.255
2.936,2.682
2.848,2.623
2.592,2.743
2.725,3.573
2.555,2.087
2.605,2.187
2.616,1.696
2.467,0.278
2.519,0.945
2.481,2.419
2.487,2.118
2.278,0.12
2.281,0.259
2.252,2.783
2.25,1.903
2.329,2.594
1.737,1.142
1.578,2.605
1.714,2.422
1.688,1.226
1.53,0.213
1.467,0.267
1.464,3.884
1.385,1.298
1.321,2.767
1.236,0.371
1.182,1.791
1.301,2.206
1.09,0.91
1.222,2.779
1.163,1.78
1.048,2.9
0.993,0.493
0.78,0.522
0.748,1.39
0.821,4.015
0.652,1.314
0.735,2.282
0.399,2.792
0.246,2.473
0.298,0.047
0.293,3.566
0.257,2.103
0.108,1.245
0.036,0.178
0.009,3.345
0.135,3.105
0.054,3.237
-0.125,3.992
-0.196,3.461
-0.094,1.961
-0.093,1.309
-0.217,0.224
-0.315,0.387
-0.308,1.891
-0.325,1.188
-0.37,2.75
-0.581,1.602
-0.619,2.304
-0.979,0.783
-1.01,0.314
-0.943,4.028
-0.947,0.542
-1.255,1.227
-1.411,2.84
-1.488,0.517
-1.599,2.886
-1.487,1.3
-1.496,2.138
-1.615,2.694
-1.851,2.533
-1.878,2.524
-2.041,1.17
-2.078,2.198
-2.309,1.828
-2.352,0.339
-2.444,1.681
-2.566,2.463
-2.621,1.46
-2.555,1.287
-2.703,3.216
-2.648,1.246
-2.849,0.973
-3.026,-0.254
-3.067,-0.126
2.768,-0.094
2.198,0.078
1.918,-0.193
1.792,-0.018
1.689,-0.049
1.168,-0.261
1.195,-0.142
1.163,-0.423
1.062,-0.289
1.042,-0.288
-0.26,-0.104
-1.178,-0.288
-1.766,-0.032
-2.009,-0.415
-2.213,-0.136
-2.426,-0.259
-2.444,-0.087
-2.663,0.008
-2.646,-0.15
-2.726,-0.123
-2.87,4.29
-3.094,4.234
2.84,4.249
2.932,4.338
2.6,4.19
2.488,4.297
2.447,4.325
2.357,3.977
1.391,4.114
1.105,4.263
1.063,4.366
0.873,4.061
0.465,4.207
0.577,4.079
0.017,4.362
-0.893,4.106
-1.426,4.234
-2.164,4.386
-2.285,4.041
-2.409,4.3
2.552,3.155
2.429,1.554
1.368,3.214
-0.391,2.192
-0.776,1.524
-2.157,1.535
2.633,2.957
1.369,2.263
0.868,1.408
0.39,2.259
-0.603,2.263
-0.783,2.259
-0.921,2.995
-2.121,3.675
-2.368,2.976
-0.054,0.987
-2.06,0.765
-2.834,2.411
-0.005,-0.236
-1.113,0.328
-2.224,0.365
-0.469,-0.402
-0.442,0.214
-0.207,0.169
-0.218,0.047
-0.344,0.018
-0.421,0.231
-0.663,0.057
-0.779,-0.059
-0.83,0.091
-1.558,0.281
-1.945,0.27
-2.029,0.123
-2.174,0.31
-2.224,0.123
-2.302,0.032
-2.336,0.078
-2.271,0.241
-2.655,0.372
-2.728,0.046
-2.997,4.599
-3.037,4.627
2.606,4.618
2.332,4.565
1.946,4.709
1.85,4.519
1.615,4.338
0.782,4.706
0.793,4.713
0.388,4.41
0.454,4.594
0.219,4.59
0.19,4.73
-0.092,4.437
-0.814,4.575
-0.822,4.734
-1.318,4.581
-1.664,4.411
-1.923,4.504
-2.649,4.792
-2.658,4.47
-2.793,4.063
-2.972,0.611
1.711,3.929
1.423,1.74
-0.194,3.956
-0.24,1.17
-2.246,3.179
2.906,0.162
2.441,0.064
-1.663,0.323
-2.628,4.244
-2.663,1.504
-2.853,4.047
-2.776,0.923
-2.811,1.862
-3.029,2.272
-3.019,2.807
-3.074,2.828
3.081,4.207
-3.111,3.236
3.052,3.898
2.954,1.547
3.087,2.974
2.999,2.915
2.743,3.035
2.876,3.865
2.706,2.379
2.756,2.479
2.767,1.988
2.618,0.57
2.67,1.237
2.632,2.711
2.638,2.41
2.429,0.412
2.432,0.551
2.403,3.075
2.401,2.195
2.48,2.886
1.888,1.434
1.729,2.897
1.865,2.714
1.839,1.518
1.681,0.505
1.618,0.559
1.615,4.176
1.536,1.59
1.472,3.059
1.387,0.663
1.333,2.083
1.452,2.498
1.241,1.202
1.373,3.071
1.314,2.072
1.199,3.192
1.144,0.785
0.931,0.814
0.899,1.682
0.972,4.307
0.803,1.606
0.886,2.574
0.55,3.084
0.397,2.765
0.449,0.339
0.444,3.858
0.408,2.395
0.259,1.537
0.187,0.47
0.16,3.637
0.286,3.397
0.205,3.529
0.026,4.284
-0.045,3.753
0.057,2.253
0.058,1.601
-0.066,0.516
-0.164,0.679
-0.157,2.183
-0.174,1.48
-0.219,3.042
-0.43,1.894
-0.468,2.596
-0.828,1.075
-0.859,0.606
-0.792,4.32
-0.796,0.834
-1.104,1.519
-1.26,3.132
-1.337,0.809
-1.448,3.178
-1.336,1.592
-1.345,2.43
-1.464,2.986
-1.7,2.825
-1.727,2.816
-1.89,1.462
-1.927,2.49
-2.158,2.12
-2.201,0.631
-2.293,1.973
-2.415,2.755
-2.47,1.752
-2.404,1.579
-2.552,3.508
-2.497,1.538
-2.698,1.265
-2.875,0.038
-2.916,0.166
2.919,0.198
2.349,0.37
2.069,0.099
1.943,0.274
1.84,0.243
1.319,0.031
1.346,0.15
1.314,-0.131
1.213,0.003
1.193,0.004
-0.109,0.188
-1.027,0.004
-1.615,0.26
-1.858,-0.123
-2.062,0.156
-2.275,0.033
-2.293,0.205
-2.512,0.3
-2.495,0.142
-2.575,0.169
-2.719,4.582
-2.943,4.526
2.991,4.541
3.083,4.63
2.751,4.482
2.639,4.589
2.598,4.617
2.508,4.269
1.542,4.406
1.256,4.555
1.214,4.658
1.024,4.353
0.616,4.499
0.728,4.371
0.168,4.654
-0.742,4.398
-1.275,4.526
-2.013,4.678
-2.134,4.333
-2.258,4.592
2.703,3.447
2.58,1.846
1.519,3.506
-0.24,2.484
-0.625,1.816
-2.006,1.827
2.784,3.249
1.52,2.555
1.019,1.7
0.541,2.551
-0.452,2.555
-0.632,2.551
-0.77,3.287
-1.97,3.967
-2.217,3.268
0.097,1.279
-1.909,1.057
-2.683,2.703
0.146,0.056
-0.962,0.62
-2.073,0.657
-0.318,-0.11
-0.291,0.506
-0.011,-0.122
-0.137,-0.151
-0.214,0.062
-0.456,-0.112
-0.572,-0.228
-0.623,-0.078
-1.351,0.112
-1.738,0.101
-1.822,-0.046
-1.967,0.141
-2.017,-0.046
-2.095,-0.137
-2.129,-0.091
-2.064,0.072
-2.448,0.203
-2.521,-0.123
-2.79,4.43
-2.83,4.458
2.813,4.449
2.539,4.396
2.153,4.54
2.057,4.35
1.822,4.169
0.989,4.537
1.0,4.544
0.595,4.241
0.661,4.425
0.426,4.421
0.397,4.561
0.115,4.268
-0.607,4.406
-0.615,4.565
-1.111,4.412
-1.457,4.242
-1.716,4.335
-2.442,4.623
-2.451,4.301
-2.586,3.894
-2.765,0.442
1.918,3.76
1.63,1.571
0.013,3.787
-0.033,1.001
-2.039,3.01
3.113,-0.007
2.648,-0.105
-1.456,0.154
-2.421,4.075
-2.456,1.335
-2.646,3.878
-2.569,0.754
-2.604,1.693
-2.822,2.103
-2.812,2.638
-2.867,2.659
-2.995,4.038
-2.904,3.067
-3.024,3.729
-3.122,1.378
-2.989,2.805
-3.077,2.746
2.95,2.866
3.083,3.696
2.913,2.21
2.963,2.31
2.974,1.819
2.825,0.401
2.877,1.068
2.839,2.542
2.845,2.241
2.636,0.243
2.639,0.382
2.61,2.906
2.608,2.026
2.687,2.717
2.095,1.265
1.936,2.728
2.072,2.545
2.046,1.349
1.888,0.336
1.825,0.39
1.822,4.007
1.743,1.421
1.679,2.89
1.594,0.494
1.54,1.914
1.659,2.329
1.448,1.033
1.58,2.902
1.521,1.903
1.406,3.023
1.351,0.616
1.138,0.645
1.106,1.513
1.179,4.138
1.01,1.437
1.093,2.405
0.757,2.915
0.604,2.596
0.656,0.17
0.651,3.689
0.615,2.226
0.466,1.368
0.394,0.301
0.367,3.468
0.493,3.228
0.412,3.36
0.233,4.115
0.162,3.584
0.264,2.084
0.265,1.432
0.141,0.347
0.043,0.51
0.05,2.014
0.033,1.311
-0.012,2.873
-0.223,1.725
-0.261,2.427
-0.621,0.906
-0.652,0.437
-0.585,4.151
-0.589,0.665
-0.897,1.35
-1.053,2.963
-1.13,0.64
-1.241,3.009
-1.129,1.423
-1.138,2.261
-1.257,2.817
-1.493,2.656
-1.52,2.647
-1.683,1.293
-1.72,2.321
-1.951,1.951
-1.994,0.462
-2.086,1.804
-2.208,2.586
-2.263,1.583
-2.197,1.41
-2.345,3.339
-2.29,1.369
-2.491,1.096
-2.668,-0.131
-2.709,-0.003
3.126,0.029
2.556,0.201
2.276,-0.07
2.15,0.105
2.047,0.074
1.526,-0.138
1.553,-0.019
1.521,-0.3
1.42,-0.166
1.4,-0.165
0.098,0.019
-0.82,-0.165
-1.408,0.091
-1.651,-0.292
-1.855,-0.013
-2.068,-0.136
-2.086,0.036
-2.305,0.131
-2.288,-0.027
-2.368,0.0
-2.512,4.413
-2.736,4.357
-3.085,4.372
-2.993,4.461
2.958,4.313
2.846,4.42
2.805,4.448
2.715,4.1
1.749,4.237
1.463,4.386
1.421,4.489
1.231,4.184
0.823,4.33
0.935,4.202
0.375,4.485
-0.535,4.229
-1.068,4.357
-1.806,4.509
-1.927,4.164
-2.051,4.423
2.91,3.278
2.787,1.677
1.726,3.337
-0.033,2.315
-0.418,1.647
-1.799,1.658
2.991,3.08
1.727,2.386
1.226,1.531
0.748,2.382
-0.245,2.386
-0.425,2.382
-0.563,3.118
-1.763,3.798
-2.01,3.099
0.304,1.11
-1.702,0.888
-2.476,2.534
0.353,-0.113
-0.755,0.451
-1.866,0.488
-0.111,-0.279
-0.084,0.337
-0.126,-0.029
-0.203,0.184
-0.445,0.01
-0.561,-0.106
-0.612,0.044
-1.34,0.234
-1.727,0.223
-1.811,0.076
-1.956,0.263
-2.006,0.076
-2.084,-0.015
-2.118,0.031
-2.053,0.194
-2.437,0.325
-2.51,-0.001
-2.779,4.552
-2.819,4.58
2.824,4.571
2.55,4.518
2.164,4.662
2.068,4.472
1.833,4.291
1.0,4.659
1.011,4.666
0.606,4.363
0.672,4.547
0.437,4.543
0.408,4.683
0.126,4.39
-0.596,4.528
-0.604,4.687
-1.1,4.534
-1.446,4.364
-1.705,4.457
-2.431,4.745
-2.44,4.423
-2.575,4.016
-2.754,0.564
1.929,3.882
1.641,1.693
0.024,3.909
-0.022,1.123
-2.028,3.132
3.124,0.115
2.659,0.017
-1.445,0.276
-2.41,4.197
-2.445,1.457
-2.635,4.0
-2.558,0.876
-2.593,1.815
-2.811,2.225
-2.801,2.76
-2.856,2.781
-2.984,4.16
-2.893,3.189
-3.013,3.851
-3.111,1.5
-2.978,2.927
-3.066,2.868
2.961,2.988
3.094,3.818
2.924,2.332
2.974,2.432
2.985,1.941
2.836,0.523
2.888,1.19
2.85,2.664
2.856,2.363
2.647,0.365
2.65,0.504
2.621,3.028
2.619,2.148
2.698,2.839
2.106,1.387
1.947,2.85
2.083,2.667
2.057,1.471
1.899,0.458
1.836,0.512
1.833,4.129
1.754,1.543
1.69,3.012
1.605,0.616
1.551,2.036
1.67,2.451
1.459,1.155
1.591,3.024
1.532,2.025
1.417,3.145
1.362,0.738
1.149,0.767
1.117,1.635
1.19,4.26
1.021,1.559
1.104,2.527
0.768,3.037
0.615,2.718
0.667,0.292
0.662,3.811
0.626,2.348
0.477,1.49
0.405,0.423
0.378,3.59
0.504,3.35
0.423,3.482
0.244,4.237
0.173,3.706
0.275,2.206
0.276,1.554
0.152,0.469
0.054,0.632
0.061,2.136
0.044,1.433
-0.001,2.995
-0.212,1.847
-0.25,2.549
-0.61,1.028
-0.641,0.559
-0.574,4.273
-0.578,0.787
-0.886,1.472
-1.042,3.085
-1.119,0.762
-1.23,3.131
-1.118,1.545
-1.127,2.383
-1.246,2.939
-1.482,2.778
-1.509,2.769
-1.672,1.415
-1.709,2.443
-1.94,2.073
-1.983,0.584
-2.075,1.926
-2.197,2.708
-2.252,1.705
-2.186,1.532
-2.334,3.461
-2.279,1.491
-2.48,1.218
-2.657,-0.009
-2.698,0.119
3.137,0.151
2.567,0.323
2.287,0.052
2.161,0.227
2.058,0.196
1.537,-0.016
1.564,0.103
1.532,-0.178
1.431,-0.044
1.411,-0.043
0.109,0.141
-0.809,-0.043
-1.397,0.213
-1.64,-0.17
-1.844,0.109
-2.057,-0.014
-2.075,0.158
-2.294,0.253
-2.277,0.095
-2.357,0.122
-2.501,4.535
-2.725,4.479
-3.074,4.494
-2.982,4.583
2.969,4.435
2.857,4.542
2.816,4.57
2.726,4.222
1.76,4.359
1.474,4.508
1.432,4.611
1.242,4.306
0.834,4.452
0.946,4.324
0.386,4.607
-0.524,4.351
-1.057,4.479
-1.795,4.631
-1.916,4.286
-2.04,4.545
2.921,3.4
2.798,1.799
1.737,3.459
-0.022,2.437
-0.407,1.769
-1.788,1.78
3.002,3.202
1.738,2.508
1.237,1.653
0.759,2.504
-0.234,2.508
-0.414,2.504
-0.552,3.24
-1.752,3.92
-1.999,3.221
0.315,1.232
-1.691,1.01
-2.465,2.656
0.364,0.009
-0.744,0.573
-1.855,0.61
-0.1,-0.157
-0.073,0.459
-0.077,0.213
-0.319,0.039
-0.435,-0.077
-0.486,0.073
-1.214,0.263
-1.601,0.252
-1.685,0.105
-1.83,0.292
-1.88,0.105
-1.958,0.014
-1.992,0.06
-1.927,0.223
-2.311,0.354
-2.384,0.028
-2.653,4.581
-2.693,4.609
2.95,4.6
2.676,4.547
2.29,4.691
2.194,4.501
1.959,4.32
1.126,4.688
1.137,4.695
0.732,4.392
0.798,4.576
0.563,4.572
0.534,4.712
0.252,4.419
-0.47,4.557
-0.478,4.716
-0.974,4.563
-1.32,4.393
-1.579,4.486
-2.305,4.774
-2.314,4.452
-2.449,4.045
-2.628,0.593
2.055,3.911
1.767,1.722
0.15,3.938
0.104,1.152
-1.902,3.161
-3.033,0.144
2.785,0.046
-1.319,0.305
-2.284,4.226
-2.319,1.486
-2.509,4.029
-2.432,0.905
-2.467,1.844
-2.685,2.254
-2.675,2.789
-2.73,2.81
-2.858,4.189
-2.767,3.218
-2.887,3.88
-2.985,1.529
-2.852,2.956
-2.94,2.897
3.087,3.017
-3.063,3.847
3.05,2.361
3.1,2.461
3.111,1.97
2.962,0.552
3.014,1.219
2.976,2.693
2.982,2.392
2.773,0.394
2.776,0.533
2.747,3.057
2.745,2.177
2.824,2.868
2.232,1.416
2.073,2.879
2.209,2.696
2.183,1.5
2.025,0.487
1.962,0.541
1.959,4.158
1.88,1.572
1.816,3.041
1.731,0.645
1.677,2.065
1.796,2.48
1.585,1.184
1.717,3.053
1.658,2.054
1.543,3.174
1.488,0.767
1.275,0.796
1.243,1.664
1.316,4.289
1.147,1.588
1.23,2.556
0.894,3.066
0.741,2.747
0.793,0.321
0.788,3.84
0.752,2.377
0.603,1.519
0.531,0.452
0.504,3.619
0.63,3.379
0.549,3.511
0.37,4.266
0.299,3.735
0.401,2.235
0.402,1.583
0.278,0.498
0.18,0.661
0.187,2.165
0.17,1.462
0.125,3.024
-0.086,1.876
-0.124,2.578
-0.484,1.057
-0.515,0.588
-0.448,4.302
-0.452,0.816
-0.76,1.501
-0.916,3.114
-0.993,0.791
-1.104,3.16
-0.992,1.574
-1.001,2.412
-1.12,2.968
-1.356,2.807
-1.383,2.798
-1.546,1.444
-1.583,2.472
-1.814,2.102
-1.857,0.613
-1.949,1.955
-2.071,2.737
-2.126,1.734
-2.06,1.561
-2.208,3.49
-2.153,1.52
-2.354,1.247
-2.531,0.02
-2.572,0.148
-3.02,0.18
2.693,0.352
2.413,0.081
2.287,0.256
2.184,0.225
1.663,0.013
1.69,0.132
1.658,-0.149
1.557,-0.015
1.537,-0.014
0.235,0.17
-0.683,-0.014
-1.271,0.242
-1.514,-0.141
-1.718,0.138
-1.931,0.015
-1.949,0.187
-2.168,0.282
-2.151,0.124
-2.231,0.151
-2.375,4.564
-2.599,4.508
-2.948,4.523
-2.856,4.612
3.095,4.464
2.983,4.571
2.942,4.599
2.852,4.251
1.886,4.388
1.6,4.537
1.558,4.64
1.368,4.335
0.96,4.481
1.072,4.353
0.512,4.636
-0.398,4.38
-0.931,4.508
-1.669,4.66
-1.79,4.315
-1.914,4.574
3.047,3.429
2.924,1.828
1.863,3.488
0.104,2.466
-0.281,1.798
-1.662,1.809
3.128,3.231
1.864,2.537
1.363,1.682
0.885,2.533
-0.108,2.537
-0.288,2.533
-0.426,3.269
-1.626,3.949
-1.873,3.25
0.441,1.261
-1.565,1.039
-2.339,2.685
0.49,0.038
-0.618,0.602
-1.729,0.639
0.026,-0.128
0.053,0.488
-0.242,-0.174
-0.358,-0.29
-0.409,-0.14
-1.137,0.05
-1.524,0.039
-1.608,-0.108
-1.753,0.079
-1.803,-0.108
-1.881,-0.199
-1.915,-0.153
-1.85,0.01
-2.234,0.141
-2.307,-0.185
-2.576,4.368
-2.616,4.396
3.027,4.387
2.753,4.334
2.367,4.478
2.271,4.288
2.036,4.107
1.203,4.475
1.214,4.482
0.809,4.179
0.875,4.363
0.64,4.359
0.611,4.499
0.329,4.206
-0.393,4.344
-0.401,4.503
-0.897,4.35
-1.243,4.18
-1.502,4.273
-2.228,4.561
-2.237,4.239
-2.372,3.832
-2.551,0.38
2.132,3.698
1.844,1.509
0.227,3.725
0.181,0.939
-1.825,2.948
-2.956,-0.069
2.862,-0.167
-1.242,0.092
-2.207,4.013
-2.242,1.273
-2.432,3.816
-2.355,0.692
-2.39,1.631
-2.608,2.041
-2.598,2.576
-2.653,2.597
-2.781,3.976
-2.69,3.005
-2.81,3.667
-2.908,1.316
-2.775,2.743
-2.863,2.684
-3.119,2.804
-2.986,3.634
3.127,2.148
-3.106,2.248
-3.095,1.757
3.039,0.339
3.091,1.006
3.053,2.48
3.059,2.179
2.85,0.181
2.853,0.32
2.824,2.844
2.822,1.964
2.901,2.655
2.309,1.203
2.15,2.666
2.286,2.483
2.26,1.287
2.102,0.274
2.039,0.328
2.036,3.945
1.957,1.359
1.893,2.828
1.808,0.432
1.754,1.852
1.873,2.267
1.662,0.971
1.794,2.84
1.735,1.841
1.62,2.961
1.565,0.554
1.352,0.583
1.32,1.451
1.393,4.076
1.224,1.375
1.307,2.343
0.971,2.853
0.818,2.534
0.87,0.108
0.865,3.627
0.829,2.164
0.68,1.306
0.608,0.239
0.581,3.406
0.707,3.166
0.626,3.298
0.447,4.053
0.376,3.522
0.478,2.022
0.479,1.37
0.355,0.285
0.257,0.448
0.264,1.952
0.247,1.249
0.202,2.811
-0.009,1.663
-0.047,2.365
-0.407,0.844
-0.438,0.375
-0.371,4.089
-0.375,0.603
-0.683,1.288
-0.839,2.901
-0.916,0.578
-1.027,2.947
-0.915,1.361
-0.924,2.199
-1.043,2.755
-1.279,2.594
-1.306,2.585
-1.469,1.231
-1.506,2.259
-1.737,1.889
-1.78,0.4
-1.872,1.742
-1.994,2.524
-2.049,1.521
-1.983,1.348
-2.131,3.277
-2.076,1.307
-2.277,1.034
-2.454,-0.193
-2.495,-0.065
-2.943,-0.033
2.77,0.139
2.49,-0.132
2.364,0.043
2.261,0.012
1.74,-0.2
1.767,-0.081
1.735,-0.362
1.634,-0.228
1.614,-0.227
0.312,-0.043
-0.606,-0.227
-1.194,0.029
-1.437,-0.354
-1.641,-0.075
-1.854,-0.198
-1.872,-0.026
-2.091,0.069
-2.074,-0.089
-2.154,-0.062
-2.298,4.351
-2.522,4.295
-2.871,4.31
-2.779,4.399
-3.111,4.251
3.06,4.358
3.019,4.386
2.929,4.038
1.963,4.175
1.677,4.324
1.635,4.427
1.445,4.122
1.037,4.268
1.149,4.14
0.589,4.423
-0.321,4.167
-0.854,4.295
-1.592,4.447
-1.713,4.102
-1.837,4.361
3.124,3.216
3.001,1.615
1.94,3.275
0.181,2.253
-0.204,1.585
-1.585,1.596
-3.078,3.018
1.941,2.324
1.44,1.469
0.962,2.32
-0.031,2.324
-0.211,2.32
-0.349,3.056
-1.549,3.736
-1.796,3.037
0.518,1.048
-1.488,0.826
-2.262,2.472
0.567,-0.175
-0.541,0.389
-1.652,0.426
0.103,-0.341
0.13,0.275
-0.116,-0.116
-0.167,0.034
-0.895,0.224
-1.282,0.213
-1.366,0.066
-1.511,0.253
-1.561,0.066
-1.639,-0.025
-1.673,0.021
-1.608,0.184
-1.992,0.315
-2.065,-0.011
-2.334,4.542
-2.374,4.57
-3.014,4.561
2.995,4.508
2.609,4.652
2.513,4.462
2.278,4.281
1.445,4.649
1.456,4.656
1.051,4.353
1.117,4.537
0.882,4.533
0.853,4.673
0.571,4.38
-0.151,4.518
-0.159,4.677
-0.655,4.524
-1.001,4.354
-1.26,4.447
-1.986,4.735
-1.995,4.413
-2.13,4.006
-2.309,0.554
2.374,3.872
2.086,1.683
0.469,3.899
0.423,1.113
-1.583,3.122
-2.714,0.105
3.104,0.007
-1.0,0.266
-1.965,4.187
-2.0,1.447
-2.19,3.99
-2.113,0.866
-2.148,1.805
-2.366,2.215
-2.356,2.75
-2.411,2.771
-2.539,4.15
-2.448,3.179
-2.568,3.841
-2.666,1.49
-2.533,2.917
-2.621,2.858
-2.877,2.978
-2.744,3.808
-2.914,2.322
-2.864,2.422
-2.853,1.931
-3.002,0.513
-2.95,1.18
-2.988,2.654
-2.982,2.353
3.092,0.355
3.095,0.494
3.066,3.018
3.064,2.138
-3.14,2.829
2.551,1.377
2.392,2.84
2.528,2.657
2.502,1.461
2.344,0.448
2.281,0.502
2.278,4.119
2.199,1.533
2.135,3.002
2.05,0.606
1.996,2.026
2.115,2.441
1.904,1.145
2.036,3.014
1.977,2.015
1.862,3.135
1.807,0.728
1.594,0.757
1.562,1.625
1.635,4.25
1.466,1.549
1.549,2.517
1.213,3.027
1.06,2.708
1.112,0.282
1.107,3.801
1.071,2.338
0.922,1.48
0.85,0.413
0.823,3.58
0.949,3.34
0.868,3.472
0.689,4.227
0.618,3.696
0.72,2.196
0.721,1.544
0.597,0.459
0.499,0.622
0.506,2.126
0.489,1.423
0.444,2.985
0.233,1.837
0.195,2.539
-0.165,1.018
-0.196,0.549
-0.129,4.263
-0.133,0.777
-0.441,1.462
-0.597,3.075
-0.674,0.752
-0.785,3.121
-0.673,1.535
-0.682,2.373
-0.801,2.929
-1.037,2.768
-1.064,2.759
-1.227,1.405
-1.264,2.433
-1.495,2.063
-1.538,0.574
-1.63,1.916
-1.752,2.698
-1.807,1.695
-1.741,1.522
-1.889,3.451
-1.834,1.481
-2.035,1.208
-2.212,-0.019
-2.253,0.109
-2.701,0.141
3.012,0.313
2.732,0.042
2.606,0.217
2.503,0.186
1.982,-0.026
2.009,0.093
1.977,-0.188
1.876,-0.054
1.856,-0.053
0.554,0.131
-0.364,-0.053
-0.952,0.203
-1.195,-0.18
-1.399,0.099
-1.612,-0.024
-1.63,0.148
-1.849,0.243
-1.832,0.085
-1.912,0.112
-2.056,4.525
-2.28,4.469
-2.629,4.484
-2.537,4.573
-2.869,4.425
-2.981,4.532
-3.022,4.56
-3.112,4.212
2.205,4.349
1.919,4.498
1.877,4.601
1.687,4.296
1.279,4.442
1.391,4.314
0.831,4.597
-0.079,4.341
-0.612,4.469
-1.35,4.621
-1.471,4.276
-1.595,4.535
-2.917,3.39
-3.04,1.789
2.182,3.449
0.423,2.427
0.038,1.759
-1.343,1.77
-2.836,3.192
2.183,2.498
1.682,1.643
1.204,2.494
0.211,2.498
0.031,2.494
-0.107,3.23
-1.307,3.91
-1.554,3.211
0.76,1.222
-1.246,1.0
-2.02,2.646
0.809,-0.001
-0.299,0.563
-1.41,0.6
0.345,-0.167
0.372,0.449
-0.051,0.15
-0.779,0.34
-1.166,0.329
-1.25,0.182
-1.395,0.369
-1.445,0.182
-1.523,0.091
-1.557,0.137
-1.492,0.3
-1.876,0.431
-1.949,0.105
-2.218,4.658
-2.258,4.686
-2.898,4.677
3.111,4.624
2.725,4.768
2.629,4.578
2.394,4.397
1.561,4.765
1.572,4.772
1.167,4.469
1.233,4.653
0.998,4.649
0.969,4.789
0.687,4.496
-0.035,4.634
-0.043,4.793
-0.539,4.64
-0.885,4.47
-1.144,4.563
-1.87,4.851
-1.879,4.529
-2.014,4.122
-2.193,0.67
2.49,3.988
2.202,1.799
0.585,4.015
0.539,1.229
-1.467,3.238
-2.598,0.221
-3.063,0.123
-0.884,0.382
-1.849,4.303
-1.884,1.563
-2.074,4.106
-1.997,0.982
-2.032,1.921
-2.25,2.331
-2.24,2.866
-2.295,2.887
-2.423,4.266
-2.332,3.295
-2.452,3.957
-2.55,1.606
-2.417,3.033
-2.505,2.974
-2.761,3.094
-2.628,3.924
-2.798,2.438
-2.748,2.538
-2.737,2.047
-2.886,0.629
-2.834,1.296
-2.872,2.77
-2.866,2.469
-3.075,0.471
-3.072,0.61
-3.101,3.134
-3.103,2.254
-3.024,2.945
2.667,1.493
2.508,2.956
2.644,2.773
2.618,1.577
2.46,0.564
2.397,0.618
2.394,4.235
2.315,1.649
2.251,3.118
2.166,0.722
2.112,2.142
2.231,2.557
2.02,1.261
2.152,3.13
2.093,2.131
1.978,3.251
1.923,0.844
1.71,0.873
1.678,1.741
1.751,4.366
1.582,1.665
1.665,2.633
1.329,3.143
1.176,2.824
1.228,0.398
1.223,3.917
1.187,2.454
1.038,1.596
0.966,0.529
0.939,3.696
1.065,3.456
0.984,3.588
0.805,4.343
0.734,3.812
0.836,2.312
0.837,1.66
0.713,0.575
0.615,0.738
0.622,2.242
0.605,1.539
0.56,3.101
0.349,1.953
0.311,2.655
-0.049,1.134
-0.08,0.665
-0.013,4.379
-0.017,0.893
-0.325,1.578
-0.481,3.191
-0.558,0.868
-0.669,3.237
-0.557,1.651
-0.566,2.489
-0.685,3.045
-0.921,2.884
-0.948,2.875
-1.111,1.521
-1.148,2.549
-1.379,2.179
-1.422,0.69
-1.514,2.032
-1.636,2.814
-1.691,1.811
-1.625,1.638
-1.773,3.567
-1.718,1.597
-1.919,1.324
-2.096,0.097
-2.137,0.225
-2.585,0.257
3.128,0.429
2.848,0.158
2.722,0.333
2.619,0.302
2.098,0.09
2.125,0.209
2.093,-0.072
1.992,0.062
1.972,0.063
0.67,0.247
-0.248,0.063
-0.836,0.319
-1.079,-0.064
-1.283,0.215
-1.496,0.092
-1.514,0.264
-1.733,0.359
-1.716,0.201
-1.796,0.228
-1.94,4.641
-2.164,4.585
-2.513,4.6
-2.421,4.689
-2.753,4.541
-2.865,4.648
-2.906,4.676
-2.996,4.328
2.321,4.465
2.035,4.614
1.993,4.717
1.803,4.412
1.395,4.558
1.507,4.43
0.947,4.713
0.037,4.457
-0.496,4.585
-1.234,4.737
-1.355,4.392
-1.479,4.651
-2.801,3.506
-2.924,1.905
2.298,3.565
0.539,2.543
0.154,1.875
-1.227,1.886
-2.72,3.308
2.299,2.614
1.798,1.759
1.32,2.61
0.327,2.614
0.147,2.61
0.009,3.346
-1.191,4.026
-1.438,3.327
0.876,1.338
-1.13,1.116
-1.904,2.762
0.925,0.115
-0.183,0.679
-1.294,0.716
0.461,-0.051
0.488,0.565
-0.728,0.19
-1.115,0.179
-1.199,0.032
-1.344,0.219
-1.394,0.032
-1.472,-0.059
-1.506,-0.013
-1.441,0.15
-1.825,0.281
-1.898,-0.045
-2.167,4.508
-2.207,4.536
-2.847,4.527
-3.121,4.474
2.776,4.618
2.68,4.428
2.445,4.247
1.612,4.615
1.623,4.622
1.218,4.319
1.284,4.503
1.049,4.499
1.02,4.639
0.738,4.346
0.016,4.484
0.008,4.643
-0.488,4.49
-0.834,4.32
-1.093,4.413
-1.819,4.701
-1.828,4.379
-1.963,3.972
-2.142,0.52
2.541,3.838
2.253,1.649
0.636,3.865
0.59,1.079
-1.416,3.088
-2.547,0.071
-3.012,-0.027
-0.833,0.232
-1.798,4.153
-1.833,1.413
-2.023,3.956
-1.946,0.832
-1.981,1.771
-2.199,2.181
-2.189,2.716
-2.244,2.737
-2.372,4.116
-2.281,3.145
-2.401,3.807
-2.499,1.456
-2.366,2.883
-2.454,2.824
-2.71,2.944
-2.577,3.774
-2.747,2.288
-2.697,2.388
-2.686,1.897
-2.835,0.479
-2.783,1.146
-2.821,2.62
-2.815,2.319
-3.024,0.321
-3.021,0.46
-3.05,2.984
-3.052,2.104
-2.973,2.795
2.718,1.343
2.559,2.806
2.695,2.623
2.669,1.427
2.511,0.414
2.448,0.468
2.445,4.085
2.366,1.499
2.302,2.968
2.217,0.572
2.163,1.992
2.282,2.407
2.071,1.111
2.203,2.98
2.144,1.981
2.029,3.101
1.974,0.694
1.761,0.723
1.729,1.591
1.802,4.216
1.633,1.515
1.716,2.483
1.38,2.993
1.227,2.674
1.279,0.248
1.274,3.767
1.238,2.304
1.089,1.446
1.017,0.379
0.99,3.546
1.116,3.306
1.035,3.438
0.856,4.193
0.785,3.662
0.887,2.162
0.888,1.51
0.764,0.425
0.666,0.588
0.673,2.092
0.656,1.389
0.611,2.951
0.4,1.803
0.362,2.505
0.002,0.984
-0.029,0.515
0.038,4.229
0.034,0.743
-0.274,1.428
-0.43,3.041
-0.507,0.718
-0.618,3.087
-0.506,1.501
-0.515,2.339
-0.634,2.895
-0.87,2.734
-0.897,2.725
-1.06,1.371
-1.097,2.399
-1.328,2.029
-1.371,0.54
-1.463,1.882
-1.585,2.664
-1.64,1.661
-1.574,1.488
-1.722,3.417
-1.667,1.447
-1.868,1.174
-2.045,-0.053
-2.086,0.075
-2.534,0.107
-3.104,0.279
2.899,0.008
2.773,0.183
2.67,0.152
2.149,-0.06
2.176,0.059
2.144,-0.222
2.043,-0.088
2.023,-0.087
0.721,0.097
-0.197,-0.087
-0.785,0.169
-1.028,-0.214
-1.232,0.065
-1.445,-0.058
-1.463,0.114
-1.682,0.209
-1.665,0.051
-1.745,0.078
-1.889,4.491
-2.113,4.435
-2.462,4.45
-2.37,4.539
-2.702,4.391
-2.814,4.498
-2.855,4.526
-2.945,4.178
2.372,4.315
2.086,4.464
2.044,4.567
1.854,4.262
1.446,4.408
1.558,4.28
0.998,4.563
0.088,4.307
-0.445,4.435
-1.183,4.587
-1.304,4.242
-1.428,4.501
-2.75,3.356
-2.873,1.755
2.349,3.415
0.59,2.393
0.205,1.725
-1.176,1.736
-2.669,3.158
2.35,2.464
1.849,1.609
1.371,2.46
0.378,2.464
0.198,2.46
0.06,3.196
-1.14,3.876
-1.387,3.177
0.927,1.188
-1.079,0.966
-1.853,2.612
0.976,-0.035
-0.132,0.529
-1.243,0.566
0.512,-0.201
0.539,0.415
-0.387,-0.011
-0.471,-0.158
-0.616,0.029
-0.666,-0.158
-0.744,-0.249
-0.778,-0.203
-0.713,-0.04
-1.097,0.091
-1.17,-0.235
-1.439,4.318
-1.479,4.346
-2.119,4.337
-2.393,4.284
-2.779,4.428
-2.875,4.238
-3.11,4.057
2.34,4.425
2.351,4.432
1.946,4.129
2.012,4.313
1.777,4.309
1.748,4.449
1.466,4.156
0.744,4.294
0.736,4.453
0.24,4.3
-0.106,4.13
-0.365,4.223
-1.091,4.511
-1.1,4.189
-1.235,3.782
-1.414,0.33
-3.014,3.648
2.981,1.459
1.364,3.675
1.318,0.889
-0.688,2.898
-1.819,-0.119
-2.284,-0.217
-0.105,0.042
-1.07,3.963
-1.105,1.223
-1.295,3.766
-1.218,0.642
-1.253,1.581
-1.471,1.991
-1.461,2.526
-1.516,2.547
-1.644,3.926
-1.553,2.955
-1.673,3.617
-1.771,1.266
-1.638,2.693
-1.726,2.634
-1.982,2.754
-1.849,3.584
-2.019,2.098
-1.969,2.198
-1.958,1.707
-2.107,0.289
-2.055,0.956
-2.093,2.43
-2.087,2.129
-2.296,0.131
-2.293,0.27
-2.322,2.794
-2.324,1.914
-2.245,2.605
-2.837,1.153
-2.996,2.616
-2.86,2.433
-2.886,1.237
-3.044,0.224
-3.107,0.278
-3.11,3.895
3.094,1.309
3.03,2.778
2.945,0.382
2.891,1.802
3.01,2.217
2.799,0.921
2.931,2.79
2.872,1.791
2.757,2.911
2.702,0.504
2.489,0.533
2.457,1.401
2.53,4.026
2.361,1.325
2.444,2.293
2.108,2.803
1.955,2.484
2.007,0.058
2.002,3.577
1.966,2.114
1.817,1.256
1.745,0.189
1.718,3.356
1.844,3.116
1.763,3.248
1.584,4.003
1.513,3.472
1.615,1.972
1.616,1.32
1.492,0.235
1.394,0.398
1.401,1.902
1.384,1.199
1.339,2.761
1.128,1.613
1.09,2.315
0.73,0.794
0.699,0.325
0.766,4.039
0.762,0.553
0.454,1.238
0.298,2.851
0.221,0.528
0.11,2.897
0.222,1.311
0.213,2.149
0.094,2.705
-0.142,2.544
-0.169,2.535
-0.332,1.181
-0.369,2.209
-0.6,1.839
-0.643,0.35
-0.735,1.692
-0.857,2.474
-0.912,1.471
-0.846,1.298
-0.994,3.227
-0.939,1.257
-1.14,0.984
-1.317,-0.243
-1.358,-0.115
-1.806,-0.083
-2.376,0.089
-2.656,-0.182
-2.782,-0.007
-2.885,-0.038
2.877,-0.25
2.904,-0.131
2.872,-0.412
2.771,-0.278
2.751,-0.277
1.449,-0.093
0.531,-0.277
-0.057,-0.021
-0.3,-0.404
-0.504,-0.125
-0.717,-0.248
-0.735,-0.076
-0.954,0.019
-0.937,-0.139
-1.017,-0.112
-1.161,4.301
-1.385,4.245
-1.734,4.26
-1.642,4.349
-1.974,4.201
-2.086,4.308
-2.127,4.336
-2.217,3.988
3.1,4.125
2.814,4.274
2.772,4.377
2.582,4.072
2.174,4.218
2.286,4.09
1.726,4.373
0.816,4.117
0.283,4.245
-0.455,4.397
-0.576,4.052
-0.7,4.311
-2.022,3.166
-2.145,1.565
3.077,3.225
1.318,2.203
0.933,1.535
-0.448,1.546
-1.941,2.968
3.078,2.274
2.577,1.419
2.099,2.27
1.106,2.274
0.926,2.27
0.788,3.006
-0.412,3.686
-0.659,2.987
1.655,0.998
-0.351,0.776
-1.125,2.422
1.704,-0.225
0.596,0.339
-0.515,0.376
1.24,-0.391
1.267,0.225
-0.084,-0.147
-0.229,0.04
-0.279,-0.147
-0.357,-0.238
-0.391,-0.192
-0.326,-0.029
-0.71,0.102
-0.783,-0.224
-1.052,4.329
-1.092,4.357
-1.732,4.348
-2.006,4.295
-2.392,4.439
-2.488,4.249
-2.723,4.068
2.727,4.436
2.738,4.443
2.333,4.14
2.399,4.324
2.164,4.32
2.135,4.46
1.853,4.167
1.131,4.305
1.123,4.464
0.627,4.311
0.281,4.141
0.022,4.234
-0.704,4.522
-0.713,4.2
-0.848,3.793
-1.027,0.341
-2.627,3.659
-2.915,1.47
1.751,3.686
1.705,0.9
-0.301,2.909
-1.432,-0.108
-1.897,-0.206
0.282,0.053
-0.683,3.974
-0.718,1.234
-0.908,3.777
-0.831,0.653
-0.866,1.592
-1.084,2.002
-1.074,2.537
-1.129,2.558
-1.257,3.937
-1.166,2.966
-1.286,3.628
-1.384,1.277
-1.251,2.704
-1.339,2.645
-1.595,2.765
-1.462,3.595
-1.632,2.109
-1.582,2.209
-1.571,1.718
-1.72,0.3
-1.668,0.967
-1.706,2.441
-1.7,2.14
-1.909,0.142
-1.906,0.281
-1.935,2.805
-1.937,1.925
-1.858,2.616
-2.45,1.164
-2.609,2.627
-2.473,2.444
-2.499,1.248
-2.657,0.235
-2.72,0.289
-2.723,3.906
-2.802,1.32
-2.866,2.789
-2.951,0.393
-3.005,1.813
-2.886,2.228
-3.097,0.932
-2.965,2.801
-3.024,1.802
-3.139,2.922
3.089,0.515
2.876,0.544
2.844,1.412
2.917,4.037
2.748,1.336
2.831,2.304
2.495,2.814
2.342,2.495
2.394,0.069
2.389,3.588
2.353,2.125
2.204,1.267
2.132,0.2
2.105,3.367
2.231,3.127
2.15,3.259
1.971,4.014
1.9,3.483
2.002,1.983
2.003,1.331
1.879,0.246
1.781,0.409
1.788,1.913
1.771,1.21
1.726,2.772
1.515,1.624
1.477,2.326
1.117,0.805
1.086,0.336
1.153,4.05
1.149,0.564
0.841,1.249
0.685,2.862
0.608,0.539
0.497,2.908
0.609,1.322
0.6,2.16
0.481,2.716
0.245,2.555
0.218,2.546
0.055,1.192
0.018,2.22
-0.213,1.85
-0.256,0.361
-0.348,1.703
-0.47,2.485
-0.525,1.482
-0.459,1.309
-0.607,3.238
-0.552,1.268
-0.753,0.995
-0.93,-0.232
-0.971,-0.104
-1.419,-0.072
-1.989,0.1
-2.269,-0.171
-2.395,0.004
-2.498,-0.027
-3.019,-0.239
-2.992,-0.12
-3.024,-0.401
-3.125,-0.267
3.138,-0.266
1.836,-0.082
0.918,-0.266
0.33,-0.01
0.087,-0.393
-0.117,-0.114
-0.33,-0.237
-0.348,-0.065
-0.567,0.03
-0.55,-0.128
-0.63,-0.101
-0.774,4.312
-0.998,4.256
-1.347,4.271
-1.255,4.36
-1.587,4.212
-1.699,4.319
-1.74,4.347
-1.83,3.999
-2.796,4.136
-3.082,4.285
-3.124,4.388
2.969,4.083
2.561,4.229
2.673,4.101
2.113,4.384
1.203,4.128
0.67,4.256
-0.068,4.408
-0.189,4.063
-0.313,4.322
-1.635,3.177
-1.758,1.576
-2.819,3.236
1.705,2.214
1.32,1.546
-0.061,1.557
-1.554,2.979
-2.818,2.285
2.964,1.43
2.486,2.281
1.493,2.285
1.313,2.281
1.175,3.017
-0.025,3.697
-0.272,2.998
2.042,1.009
0.036,0.787
-0.738,2.433
2.091,-0.214
0.983,0.35
-0.128,0.387
1.627,-0.38
1.654,0.236
-0.145,0.187
-0.195,0.0
-0.273,-0.091
-0.307,-0.045
-0.242,0.118
-0.626,0.249
-0.699,-0.077
-0.968,4.476
-1.008,4.504
-1.648,4.495
-1.922,4.442
-2.308,4.586
-2.404,4.396
-2.639,4.215
2.811,4.583
2.822,4.59
2.417,4.287
2.483,4.471
2.248,4.467
2.219,4.607
1.937,4.314
1.215,4.452
1.207,4.611
0.711,4.458
0.365,4.288
0.106,4.381
-0.62,4.669
-0.629,4.347
-0.764,3.94
-0.943,0.488
-2.543,3.806
-2.831,1.617
1.835,3.833
1.789,1.047
-0.217,3.056
-1.348,0.039
-1.813,-0.059
0.366,0.2
-0.599,4.121
-0.634,1.381
-0.824,3.924
-0.747,0.8
-0.782,1.739
-1.0,2.149
-0.99,2.684
-1.045,2.705
-1.173,4.084
-1.082,3.113
-1.202,3.775
-1.3,1.424
-1.167,2.851
-1.255,2.792
-1.511,2.912
-1.378,3.742
-1.548,2.256
-1.498,2.356
-1.487,1.865
-1.636,0.447
-1.584,1.114
-1.622,2.588
-1.616,2.287
-1.825,0.289
-1.822,0.428
-1.851,2.952
-1.853,2.072
-1.774,2.763
-2.366,1.311
-2.525,2.774
-2.389,2.591
-2.415,1.395
-2.573,0.382
-2.636,0.436
-2.639,4.053
-2.718,1.467
-2.782,2.936
-2.867,0.54
-2.921,1.96
-2.802,2.375
-3.013,1.079
-2.881,2.948
-2.94,1.949
-3.055,3.069
-3.11,0.662
2.96,0.691
2.928,1.559
3.001,4.184
2.832,1.483
2.915,2.451
2.579,2.961
2.426,2.642
2.478,0.216
2.473,3.735
2.437,2.272
2.288,1.414
2.216,0.347
2.189,3.514
2.315,3.274
2.234,3.406
2.055,4.161
1.984,3.63
2.086,2.13
2.087,1.478
1.963,0.393
1.865,0.556
1.872,2.06
1.855,1.357
1.81,2.919
1.599,1.771
1.561,2.473
1.201,0.952
1.17,0.483
1.237,4.197
1.233,0.711
0.925,1.396
0.769,3.009
0.692,0.686
0.581,3.055
0.693,1.469
0.684,2.307
0.565,2.863
0.329,2.702
0.302,2.693
0.139,1.339
0.102,2.367
-0.129,1.997
-0.172,0.508
-0.264,1.85
-0.386,2.632
-0.441,1.629
-0.375,1.456
-0.523,3.385
-0.468,1.415
-0.669,1.142
-0.846,-0.085
-0.887,0.043
-1.335,0.075
-1.905,0.247
-2.185,-0.024
-2.311,0.151
-2.414,0.12
-2.935,-0.092
-2.908,0.027
-2.94,-0.254
-3.041,-0.12
-3.061,-0.119
1.92,0.065
1.002,-0.119
0.414,0.137
0.171,-0.246
-0.033,0.033
-0.246,-0.09
-0.264,0.082
-0.483,0.177
-0.466,0.019
-0.546,0.046
-0.69,4.459
-0.914,4.403
-1.263,4.418
-1.171,4.507
-1.503,4.359
-1.615,4.466
-1.656,4.494
-1.746,4.146
-2.712,4.283
-2.998,4.432
-3.04,4.535
3.053,4.23
2.645,4.376
2.757,4.248
2.197,4.531
1.287,4.275
0.754,4.403
0.016,4.555
-0.105,4.21
-0.229,4.469
-1.551,3.324
-1.674,1.723
-2.735,3.383
1.789,2.361
1.404,1.693
0.023,1.704
-1.47,3.126
-2.734,2.432
3.048,1.577
2.57,2.428
1.577,2.432
1.397,2.428
1.259,3.164
0.059,3.844
-0.188,3.145
2.126,1.156
0.12,0.934
-0.654,2.58
2.175,-0.067
1.067,0.497
-0.044,0.534
1.711,-0.233
1.738,0.383
-0.05,-0.187
-0.128,-0.278
-0.162,-0.232
-0.097,-0.069
-0.481,0.062
-0.554,-0.264
-0.823,4.289
-0.863,4.317
-1.503,4.308
-1.777,4.255
-2.163,4.399
-2.259,4.209
-2.494,4.028
2.956,4.396
2.967,4.403
2.562,4.1
2.628,4.284
2.393,4.28
2.364,4.42
2.082,4.127
1.36,4.265
1.352,4.424
0.856,4.271
0.51,4.101
0.251,4.194
-0.475,4.482
-0.484,4.16
-0.619,3.753
-0.798,0.301
-2.398,3.619
-2.686,1.43
1.98,3.646
1.934,0.86
-0.072,2.869
-1.203,-0.148
-1.668,-0.246
0.511,0.013
-0.454,3.934
-0.489,1.194
-0.679,3.737
-0.602,0.613
-0.637,1.552
-0.855,1.962
-0.845,2.497
-0.9,2.518
-1.028,3.897
-0.937,2.926
-1.057,3.588
-1.155,1.237
-1.022,2.664
-1.11,2.605
-1.366,2.725
-1.233,3.555
-1.403,2.069
-1.353,2.169
-1.342,1.678
-1.491,0.26
-1.439,0.927
-1.477,2.401
-1.471,2.1
-1.68,0.102
-1.677,0.241
-1.706,2.765
-1.708,1.885
-1.629,2.576
-2.221,1.124
-2.38,2.587
-2.244,2.404
-2.27,1.208
-2.428,0.195
-2.491,0.249
-2.494,3.866
-2.573,1.28
-2.637,2.749
-2.722,0.353
-2.776,1.773
-2.657,2.188
-2.868,0.892
-2.736,2.761
-2.795,1.762
-2.91,2.882
-2.965,0.475
3.105,0.504
3.073,1.372
-3.137,3.997
2.977,1.296
3.06,2.264
2.724,2.774
2.571,2.455
2.623,0.029
2.618,3.548
2.582,2.085
2.433,1.227
2.361,0.16
2.334,3.327
2.46,3.087
2.379,3.219
2.2,3.974
2.129,3.443
2.231,1.943
2.232,1.291
2.108,0.206
2.01,0.369
2.017,1.873
2.0,1.17
1.955,2.732
1.744,1.584
1.706,2.286
1.346,0.765
1.315,0.296
1.382,4.01
1.378,0.524
1.07,1.209
0.914,2.822
0.837,0.499
0.726,2.868
0.838,1.282
0.829,2.12
0.71,2.676
0.474,2.515
0.447,2.506
0.284,1.152
0.247,2.18
0.016,1.81
-0.027,0.321
-0.119,1.663
-0.241,2.445
-0.296,1.442
-0.23,1.269
-0.378,3.198
-0.323,1.228
-0.524,0.955
-0.701,-0.272
-0.742,-0.144
-1.19,-0.112
-1.76,0.06
-2.04,-0.211
-2.166,-0.036
-2.269,-0.067
-2.79,-0.279
-2.763,-0.16
-2.795,-0.441
-2.896,-0.307
-2.916,-0.306
2.065,-0.122
1.147,-0.306
0.559,-0.05
0.316,-0.433
0.112,-0.154
-0.101,-0.277
-0.119,-0.105
-0.338,-0.01
-0.321,-0.168
-0.401,-0.141
-0.545,4.272
-0.769,4.216
-1.118,4.231
-1.026,4.32
-1.358,4.172
-1.47,4.279
-1.511,4.307
-1.601,3.959
-2.567,4.096
-2.853,4.245
-2.895,4.348
-3.085,4.043
2.79,4.189
2.902,4.061
2.342,4.344
1.432,4.088
0.899,4.216
0.161,4.368
0.04,4.023
-0.084,4.282
-1.406,3.137
-1.529,1.536
-2.59,3.196
1.934,2.174
1.549,1.506
0.168,1.517
-1.325,2.939
-2.589,2.245
-3.09,1.39
2.715,2.241
1.722,2.245
1.542,2.241
1.404,2.977
0.204,3.657
-0.043,2.958
2.271,0.969
0.265,0.747
-0.509,2.393
2.32,-0.254
1.212,0.31
0.101,0.347
1.856,-0.42
1.883,0.196
-0.078,-0.091
-0.112,-0.045
-0.047,0.118
-0.431,0.249
-0.504,-0.077
-0.773,4.476
-0.813,4.504
-1.453,4.495
-1.727,4.442
-2.113,4.586
-2.209,4.396
-2.444,4.215
3.006,4.583
3.017,4.59
2.612,4.287
2.678,4.471
2.443,4.467
2.414,4.607
2.132,4.314
1.41,4.452
1.402,4.611
0.906,4.458
0.56,4.288
0.301,4.381
-0.425,4.669
-0.434,4.347
-0.569,3.94
-0.748,0.488
-2.348,3.806
-2.636,1.617
2.03,3.833
1.984,1.047
-0.022,3.056
-1.153,0.039
-1.618,-0.059
0.561,0.2
-0.404,4.121
-0.439,1.381
-0.629,3.924
-0.552,0.8
-0.587,1.739
-0.805,2.149
-0.795,2.684
-0.85,2.705
-0.978,4.084
-0.887,3.113
-1.007,3.775
-1.105,1.424
-0.972,2.851
-1.06,2.792
-1.316,2.912
-1.183,3.742
-1.353,2.256
-1.303,2.356
-1.292,1.865
-1.441,0.447
-1.389,1.114
-1.427,2.588
-1.421,2.287
-1.63,0.289
-1.627,0.428
-1.656,2.952
-1.658,2.072
-1.579,2.763
-2.171,1.311
-2.33,2.774
-2.194,2.591
-2.22,1.395
-2.378,0.382
-2.441,0.436
-2.444,4.053
-2.523,1.467
-2.587,2.936
-2.672,0.54
-2.726,1.96
-2.607,2.375
-2.818,1.079
-2.686,2.948
-2.745,1.949
-2.86,3.069
-2.915,0.662
-3.128,0.691
3.123,1.559
-3.087,4.184
3.027,1.483
3.11,2.451
2.774,2.961
2.621,2.642
2.673,0.216
2.668,3.735
2.632,2.272
2.483,1.414
2.411,0.347
2.384,3.514
2.51,3.274
2.429,3.406
2.25,4.161
2.179,3.63
2.281,2.13
2.282,1.478
2.158,0.393
2.06,0.556
2.067,2.06
2.05,1.357
2.005,2.919
1.794,1.771
1.756,2.473
1.396,0.952
1.365,0.483
1.432,4.197
1.428,0.711
1.12,1.396
0.964,3.009
0.887,0.686
0.776,3.055
0.888,1.469
0.879,2.307
0.76,2.863
0.524,2.702
0.497,2.693
0.334,1.339
0.297,2.367
0.066,1.997
0.023,0.508
-0.069,1.85
-0.191,2.632
-0.246,1.629
-0.18,1.456
-0.328,3.385
-0.273,1.415
-0.474,1.142
-0.651,-0.085
-0.692,0.043
-1.14,0.075
-1.71,0.247
-1.99,-0.024
-2.116,0.151
-2.219,0.12
-2.74,-0.092
-2.713,0.027
-2.745,-0.254
-2.846,-0.12
-2.866,-0.119
2.115,0.065
1.197,-0.119
0.609,0.137
0.366,-0.246
0.162,0.033
-0.051,-0.09
-0.069,0.082
-0.288,0.177
-0.271,0.019
-0.351,0.046
-0.495,4.459
-0.719,4.403
-1.068,4.418
-0.976,4.507
-1.308,4.359
-1.42,4.466
-1.461,4.494
-1.551,4.146
-2.517,4.283
-2.803,4.432
-2.845,4.535
-3.035,4.23
2.84,4.376
2.952,4.248
2.392,4.531
1.482,4.275
0.949,4.403
0.211,4.555
0.09,4.21
-0.034,4.469
-1.356,3.324
-1.479,1.723
-2.54,3.383
1.984,2.361
1.599,1.693
0.218,1.704
-1.275,3.126
-2.539,2.432
-3.04,1.577
2.765,2.428
1.772,2.432
1.592,2.428
1.454,3.164
0.254,3.844
0.007,3.145
2.321,1.156
0.315,0.934
-0.459,2.58
2.37,-0.067
1.262,0.497
0.151,0.534
1.906,-0.233
1.933,0.383
-0.034,0.046
0.031,0.209
-0.353,0.34
-0.426,0.014
-0.695,4.567
-0.735,4.595
-1.375,4.586
-1.649,4.533
-2.035,4.677
-2.131,4.487
-2.366,4.306
3.084,4.674
3.095,4.681
2.69,4.378
2.756,4.562
2.521,4.558
2.492,4.698
2.21,4.405
1.488,4.543
1.48,4.702
0.984,4.549
0.638,4.379
0.379,4.472
-0.347,4.76
-0.356,4.438
-0.491,4.031
-0.67,0.579
-2.27,3.897
-2.558,1.708
2.108,3.924
2.062,1.138
0.056,3.147
-1.075,0.13
-1.54,0.032
0.639,0.291
-0.326,4.212
-0.361,1.472
-0.551,4.015
-0.474,0.891
-0.509,1.83
-0.727,2.24
-0.717,2.775
-0.772,2.796
-0.9,4.175
-0.809,3.204
-0.929,3.866
-1.027,1.515
-0.894,2.942
-0.982,2.883
-1.238,3.003
-1.105,3.833
-1.275,2.347
-1.225,2.447
-1.214,1.956
-1.363,0.538
-1.311,1.205
-1.349,2.679
-1.343,2.378
-1.552,0.38
-1.549,0.519
-1.578,3.043
-1.58,2.163
-1.501,2.854
-2.093,1.402
-2.252,2.865
-2.116,2.682
-2.142,1.486
-2.3,0.473
-2.363,0.527
-2.366,4.144
-2.445,1.558
-2.509,3.027
-2.594,0.631
-2.648,2.051
-2.529,2.466
-2.74,1.17
-2.608,3.039
-2.667,2.04
-2.782,3.16
-2.837,0.753
-3.05,0.782
-3.082,1.65
-3.009,4.275
3.105,1.574
-3.095,2.542
2.852,3.052
2.699,2.733
2.751,0.307
2.746,3.826
2.71,2.363
2.561,1.505
2.489,0.438
2.462,3.605
2.588,3.365
2.507,3.497
2.328,4.252
2.257,3.721
2.359,2.221
2.36,1.569
2.236,0.484
2.138,0.647
2.145,2.151
2.128,1.448
2.083,3.01
1.872,1.862
1.834,2.564
1.474,1.043
1.443,0.574
1.51,4.288
1.506,0.802
1.198,1.487
1.042,3.1
0.965,0.777
0.854,3.146
0.966,1.56
0.957,2.398
0.838,2.954
0.602,2.793
0.575,2.784
0.412,1.43
0.375,2.458
0.144,2.088
0.101,0.599
0.009,1.941
-0.113,2.723
-0.168,1.72
-0.102,1.547
-0.25,3.476
-0.195,1.506
-0.396,1.233
-0.573,0.006
-0.614,0.134
-1.062,0.166
-1.632,0.338
-1.912,0.067
-2.038,0.242
-2.141,0.211
-2.662,-0.001
-2.635,0.118
-2.667,-0.163
-2.768,-0.029
-2.788,-0.028
2.193,0.156
1.275,-0.028
0.687,0.228
0.444,-0.155
0.24,0.124
0.027,0.001
0.009,0.173
-0.21,0.268
-0.193,0.11
-0.273,0.137
-0.417,4.55
-0.641,4.494
-0.99,4.509
-0.898,4.598
-1.23,4.45
-1.342,4.557
-1.383,4.585
-1.473,4.237
-2.439,4.374
-2.725,4.523
-2.767,4.626
-2.957,4.321
2.918,4.467
3.03,4.339
2.47,4.622
1.56,4.366
1.027,4.494
0.289,4.646
0.168,4.301
0.044,4.56
-1.278,3.415
-1.401,1.814
-2.462,3.474
2.062,2.452
1.677,1.784
0.296,1.795
-1.197,3.217
-2.461,2.523
-2.962,1.668
2.843,2.519
1.85,2.523
1.67,2.519
1.532,3.255
0.332,3.935
0.085,3.236
2.399,1.247
0.393,1.025
-0.381,2.671
2.448,0.024
1.34,0.588
0.229,0.625
1.984,-0.142
2.011,0.474
0.065,0.163
-0.319,0.294
-0.392,-0.032
-0.661,4.521
-0.701,4.549
-1.341,4.54
-1.615,4.487
-2.001,4.631
-2.097,4.441
-2.332,4.26
3.118,4.628
3.129,4.635
2.724,4.332
2.79,4.516
2.555,4.512
2.526,4.652
2.244,4.359
1.522,4.497
1.514,4.656
1.018,4.503
0.672,4.333
0.413,4.426
-0.313,4.714
-0.322,4.392
-0.457,3.985
-0.636,0.533
-2.236,3.851
-2.524,1.662
2.142,3.878
2.096,1.092
0.09,3.101
-1.041,0.084
-1.506,-0.014
0.673,0.245
-0.292,4.166
-0.327,1.426
-0.517,3.969
-0.44,0.845
-0.475,1.784
-0.693,2.194
-0.683,2.729
-0.738,2.75
-0.866,4.129
-0.775,3.158
-0.895,3.82
-0.993,1.469
-0.86,2.896
-0.948,2.837
-1.204,2.957
-1.071,3.787
-1.241,2.301
-1.191,2.401
-1.18,1.91
-1.329,0.492
-1.277,1.159
-1.315,2.633
-1.309,2.332
-1.518,0.334
-1.515,0.473
-1.544,2.997
-1.546,2.117
-1.467,2.808
-2.059,1.356
-2.218,2.819
-2.082,2.636
-2.108,1.44
-2.266,0.427
-2.329,0.481
-2.332,4.098
-2.411,1.512
-2.475,2.981
-2.56,0.585
-2.614,2.005
-2.495,2.42
-2.706,1.124
-2.574,2.993
-2.633,1.994
-2.748,3.114
-2.803,0.707
-3.016,0.736
-3.048,1.604
-2.975,4.229
3.139,1.528
-3.061,2.496
2.886,3.006
2.733,2.687
2.785,0.261
2.78,3.78
2.744,2.317
2.595,1.459
2.523,0.392
2.496,3.559
2.622,3.319
2.541,3.451
2.362,4.206
2.291,3.675
2.393,2.175
2.394,1.523
2.27,0.438
2.172,0.601
2.179,2.105
2.162,1.402
2.117,2.964
1.906,1.816
1.868,2.518
1.508,0.997
1.477,0.528
1.544,4.242
1.54,0.756
1.232,1.441
1.076,3.054
0.999,0.731
0.888,3.1
1.0,1.514
0.991,2.352
0.872,2.908
0.636,2.747
0.609,2.738
0.446,1.384
0.409,2.412
0.178,2.042
0.135,0.553
0.043,1.895
-0.079,2.677
-0.134,1.674
-0.068,1.501
-0.216,3.43
-0.161,1.46
-0.362,1.187
-0.539,-0.04
-0.58,0.088
-1.028,0.12
-1.598,0.292
-1.878,0.021
-2.004,0.196
-2.107,0.165
-2.628,-0.047
-2.601,0.072
-2.633,-0.209
-2.734,-0.075
-2.754,-0.074
2.227,0.11
1.309,-0.074
0.721,0.182
0.478,-0.201
0.274,0.078
0.061,-0.045
0.043,0.127
-0.176,0.222
-0.159,0.064
-0.239,0.091
-0.383,4.504
-0.607,4.448
-0.956,4.463
-0.864,4.552
-1.196,4.404
-1.308,4.511
-1.349,4.539
-1.439,4.191
-2.405,4.328
-2.691,4.477
-2.733,4.58
-2.923,4.275
2.952,4.421
3.064,4.293
2.504,4.576
1.594,4.32
1.061,4.448
0.323,4.6
0.202,4.255
0.078,4.514
-1.244,3.369
-1.367,1.768
-2.428,3.428
2.096,2.406
1.711,1.738
0.33,1.749
-1.163,3.171
-2.427,2.477
-2.928,1.622
2.877,2.473
1.884,2.477
1.704,2.473
1.566,3.209
0.366,3.889
0.119,3.19
2.433,1.201
0.427,0.979
-0.347,2.625
2.482,-0.022
1.374,0.542
0.263,0.579
2.018,-0.188
2.045,0.428
-0.384,0.131
-0.457,-0.195
-0.726,4.358
-0.766,4.386
-1.406,4.377
-1.68,4.324
-2.066,4.468
-2.162,4.278
-2.397,4.097
3.053,4.465
3.064,4.472
2.659,4.169
2.725,4.353
2.49,4.349
2.461,4.489
2.179,4.196
1.457,4.334
1.449,4.493
0.953,4.34
0.607,4.17
0.348,4.263
-0.378,4.551
-0.387,4.229
-0.522,3.822
-0.701,0.37
-2.301,3.688
-2.589,1.499
2.077,3.715
2.031,0.929
0.025,2.938
-1.106,-0.079
-1.571,-0.177
0.608,0.082
-0.357,4.003
-0.392,1.263
-0.582,3.806
-0.505,0.682
-0.54,1.621
-0.758,2.031
-0.748,2.566
-0.803,2.587
-0.931,3.966
-0.84,2.995
-0.96,3.657
-1.058,1.306
-0.925,2.733
-1.013,2.674
-1.269,2.794
-1.136,3.624
-1.306,2.138
-1.256,2.238
-1.245,1.747
-1.394,0.329
-1.342,0.996
-1.38,2.47
-1.374,2.169
-1.583,0.171
-1.58,0.31
-1.609,2.834
-1.611,1.954
-1.532,2.645
-2.124,1.193
-2.283,2.656
-2.147,2.473
-2.173,1.277
-2.331,0.264
-2.394,0.318
-2.397,3.935
-2.476,1.349
-2.54,2.818
-2.625,0.422
-2.679,1.842
-2.56,2.257
-2.771,0.961
-2.639,2.83
-2.698,1.831
-2.813,2.951
-2.868,0.544
-3.081,0.573
-3.113,1.441
-3.04,4.066
3.074,1.365
-3.126,2.333
2.821,2.843
2.668,2.524
2.72,0.098
2.715,3.617
2.679,2.154
2.53,1.296
2.458,0.229
2.431,3.396
2.557,3.156
2.476,3.288
2.297,4.043
2.226,3.512
2.328,2.012
2.329,1.36
2.205,0.275
2.107,0.438
2.114,1.942
2.097,1.239
2.052,2.801
1.841,1.653
1.803,2.355
1.443,0.834
1.412,0.365
1.479,4.079
1.475,0.593
1.167,1.278
1.011,2.891
0.934,0.568
0.823,2.937
0.935,1.351
0.926,2.189
0.807,2.745
0.571,2.584
0.544,2.575
0.381,1.221
0.344,2.249
0.113,1.879
0.07,0.39
-0.022,1.732
-0.144,2.514
-0.199,1.511
-0.133,1.338
-0.281,3.267
-0.226,1.297
-0.427,1.024
-0.604,-0.203
-0.645,-0.075
-1.093,-0.043
-1.663,0.129
-1.943,-0.142
-2.069,0.033
-2.172,0.002
-2.693,-0.21
-2.666,-0.091
-2.698,-0.372
-2.799,-0.238
-2.819,-0.237
2.162,-0.053
1.244,-0.237
0.656,0.019
0.413,-0.364
0.209,-0.085
-0.004,-0.208
-0.022,-0.036
-0.241,0.059
-0.224,-0.099
-0.304,-0.072
-0.448,4.341
-0.672,4.285
-1.021,4.3
-0.929,4.389
-1.261,4.241
-1.373,4.348
-1.414,4.376
-1.504,4.028
-2.47,4.165
-2.756,4.314
-2.798,4.417
-2.988,4.112
2.887,4.258
2.999,4.13
2.439,4.413
1.529,4.157
0.996,4.285
0.258,4.437
0.137,4.092
0.013,4.351
-1.309,3.206
-1.432,1.605
-2.493,3.265
2.031,2.243
1.646,1.575
0.265,1.586
-1.228,3.008
-2.492,2.314
-2.993,1.459
2.812,2.31
1.819,2.314
1.639,2.31
1.501,3.046
0.301,3.726
0.054,3.027
2.368,1.038
0.362,0.816
-0.412,2.462
2.417,-0.185
1.309,0.379
0.198,0.416
1.953,-0.351
1.98,0.265
-0.073,-0.326
-0.342,4.227
-0.382,4.255
-1.022,4.246
-1.296,4.193
-1.682,4.337
-1.778,4.147
-2.013,3.966
-2.846,4.334
-2.835,4.341
3.043,4.038
3.109,4.222
2.874,4.218
2.845,4.358
2.563,4.065
1.841,4.203
1.833,4.362
1.337,4.209
0.991,4.039
0.732,4.132
0.006,4.42
-0.003,4.098
-0.138,3.691
-0.317,0.239
-1.917,3.557
-2.205,1.368
2.461,3.584
2.415,0.798
0.409,2.807
-0.722,-0.21
-1.187,-0.308
0.992,-0.049
0.027,3.872
-0.008,1.132
-0.198,3.675
-0.121,0.551
-0.156,1.49
-0.374,1.9
-0.364,2.435
-0.419,2.456
-0.547,3.835
-0.456,2.864
-0.576,3.526
-0.674,1.175
-0.541,2.602
-0.629,2.543
-0.885,2.663
-0.752,3.493
-0.922,2.007
-0.872,2.107
-0.861,1.616
-1.01,0.198
-0.958,0.865
-0.996,2.339
-0.99,2.038
-1.199,0.04
-1.196,0.179
-1.225,2.703
-1.227,1.823
-1.148,2.514
-1.74,1.062
-1.899,2.525
-1.763,2.342
-1.789,1.146
-1.947,0.133
-2.01,0.187
-2.013,3.804
-2.092,1.218
-2.156,2.687
-2.241,0.291
-2.295,1.711
-2.176,2.126
-2.387,0.83
-2.255,2.699
-2.314,1.7
-2.429,2.82
-2.484,0.413
-2.697,0.442
-2.729,1.31
-2.656,3.935
-2.825,1.234
-2.742,2.202
-3.078,2.712
3.052,2.393
3.104,-0.033
3.099,3.486
3.063,2.023
2.914,1.165
2.842,0.098
2.815,3.265
2.941,3.025
2.86,3.157
2.681,3.912
2.61,3.381
2.712,1.881
2.713,1.229
2.589,0.144
2.491,0.307
2.498,1.811
2.481,1.108
2.436,2.67
2.225,1.522
2.187,2.224
1.827,0.703
1.796,0.234
1.863,3.948
1.859,0.462
1.551,1.147
1.395,2.76
1.318,0.437
1.207,2.806
1.319,1.22
1.31,2.058
1.191,2.614
0.955,2.453
0.928,2.444
0.765,1.09
0.728,2.118
0.497,1.748
0.454,0.259
0.362,1.601
0.24,2.383
0.185,1.38
0.251,1.207
0.103,3.136
0.158,1.166
-0.043,0.893
-0.22,-0.334
-0.261,-0.206
-0.709,-0.174
-1.279,-0.002
-1.559,-0.273
-1.685,-0.098
-1.788,-0.129
-2.309,-0.341
-2.282,-0.222
-2.314,-0.503
-2.415,-0.369
-2.435,-0.368
2.546,-0.184
1.628,-0.368
1.04,-0.112
0.797,-0.495
0.593,-0.216
0.38,-0.339
0.362,-0.167
0.143,-0.072
0.16,-0.23
0.08,-0.203
-0.064,4.21
-0.288,4.154
-0.637,4.169
-0.545,4.258
-0.877,4.11
-0.989,4.217
-1.03,4.245
-1.12,3.897
-2.086,4.034
-2.372,4.183
-2.414,4.286
-2.604,3.981
-3.012,4.127
-2.9,3.999
2.823,4.282
1.913,4.026
1.38,4.154
0.642,4.306
0.521,3.961
0.397,4.22
-0.925,3.075
-1.048,1.474
-2.109,3.134
2.415,2.112
2.03,1.444
0.649,1.455
-0.844,2.877
-2.108,2.183
-2.609,1.328
-3.087,2.179
2.203,2.183
2.023,2.179
1.885,2.915
0.685,3.595
0.438,2.896
2.752,0.907
0.746,0.685
-0.028,2.331
2.801,-0.316
1.693,0.248
0.582,0.285
2.337,-0.482
2.364,0.134
-0.269,4.553
-0.309,4.581
-0.949,4.572
-1.223,4.519
-1.609,4.663
-1.705,4.473
-1.94,4.292
-2.773,4.66
-2.762,4.667
3.116,4.364
-3.101,4.548
2.947,4.544
2.918,4.684
2.636,4.391
1.914,4.529
1.906,4.688
1.41,4.535
1.064,4.365
0.805,4.458
0.079,4.746
0.07,4.424
-0.065,4.017
-0.244,0.565
-1.844,3.883
-2.132,1.694
2.534,3.91
2.488,1.124
0.482,3.133
-0.649,0.116
-1.114,0.018
1.065,0.277
0.1,4.198
0.065,1.458
-0.125,4.001
-0.048,0.877
-0.083,1.816
-0.301,2.226
-0.291,2.761
-0.346,2.782
-0.474,4.161
-0.383,3.19
-0.503,3.852
-0.601,1.501
-0.468,2.928
-0.556,2.869
-0.812,2.989
-0.679,3.819
-0.849,2.333
-0.799,2.433
-0.788,1.942
-0.937,0.524
-0.885,1.191
-0.923,2.665
-0.917,2.364
-1.126,0.366
-1.123,0.505
-1.152,3.029
-1.154,2.149
-1.075,2.84
-1.667,1.388
-1.826,2.851
-1.69,2.668
-1.716,1.472
-1.874,0.459
-1.937,0.513
-1.94,4.13
-2.019,1.544
-2.083,3.013
-2.168,0.617
-2.222,2.037
-2.103,2.452
-2.314,1.156
-2.182,3.025
-2.241,2.026
-2.356,3.146
-2.411,0.739
-2.624,0.768
-2.656,1.636
-2.583,4.261
-2.752,1.56
-2.669,2.528
-3.005,3.038
3.125,2.719
-3.106,0.293
-3.111,3.812
3.136,2.349
2.987,1.491
2.915,0.424
2.888,3.591
3.014,3.351
2.933,3.483
2.754,4.238
2.683,3.707
2.785,2.207
2.786,1.555
2.662,0.47
2.564,0.633
2.571,2.137
2.554,1.434
2.509,2.996
2.298,1.848
2.26,2.55
1.9,1.029
1.869,0.56
1.936,4.274
1.932,0.788
1.624,1.473
1.468,3.086
1.391,0.763
1.28,3.132
1.392,1.546
1.383,2.384
1.264,2.94
1.028,2.779
1.001,2.77
0.838,1.416
0.801,2.444
0.57,2.074
0.527,0.585
0.435,1.927
0.313,2.709
0.258,1.706
0.324,1.533
0.176,3.462
0.231,1.492
0.03,1.219
-0.147,-0.008
-0.188,0.12
-0.636,0.152
-1.206,0.324
-1.486,0.053
-1.612,0.228
-1.715,0.197
-2.236,-0.015
-2.209,0.104
-2.241,-0.177
-2.342,-0.043
-2.362,-0.042
2.619,0.142
1.701,-0.042
1.113,0.214
0.87,-0.169
0.666,0.11
0.453,-0.013
0.435,0.159
0.216,0.254
0.233,0.096
0.153,0.123
0.009,4.536
-0.215,4.48
-0.564,4.495
-0.472,4.584
-0.804,4.436
-0.916,4.543
-0.957,4.571
-1.047,4.223
-2.013,4.36
-2.299,4.509
-2.341,4.612
-2.531,4.307
-2.939,4.453
-2.827,4.325
2.896,4.608
1.986,4.352
1.453,4.48
0.715,4.632
0.594,4.287
0.47,4.546
-0.852,3.401
-0.975,1.8
-2.036,3.46
2.488,2.438
2.103,1.77
0.722,1.781
-0.771,3.203
-2.035,2.509
-2.536,1.654
-3.014,2.505
2.276,2.509
2.096,2.505
1.958,3.241
0.758,3.921
0.511,3.222
2.825,1.233
0.819,1.011
0.045,2.657
2.874,0.01
1.766,0.574
0.655,0.611
2.41,-0.156
2.437,0.46
-0.04,0.028
-0.68,0.019
-0.954,-0.034
-1.34,0.11
-1.436,-0.08
-1.671,-0.261
-2.504,0.107
-2.493,0.114
-2.898,-0.189
-2.832,-0.005
-3.067,-0.009
-3.096,0.131
2.905,-0.162
2.183,-0.024
2.175,0.135
1.679,-0.018
1.333,-0.188
1.074,-0.095
0.348,0.193
0.339,-0.129
0.204,-0.536
0.025,-3.988
-1.575,-0.67
-1.863,-2.859
2.803,-0.643
2.757,-3.429
0.751,-1.42
-0.38,-4.437
-0.845,-4.535
1.334,-4.276
0.369,-0.355
0.334,-3.095
0.144,-0.552
0.221,-3.676
0.186,-2.737
-0.032,-2.327
-0.022,-1.792
-0.077,-1.771
-0.205,-0.392
-0.114,-1.363
-0.234,-0.701
-0.332,-3.052
-0.199,-1.625
-0.287,-1.684
-0.543,-1.564
-0.41,-0.734
-0.58,-2.22
-0.53,-2.12
-0.519,-2.611
-0.668,-4.029
-0.616,-3.362
-0.654,-1.888
-0.648,-2.189
-0.857,-4.187
-0.854,-4.048
-0.883,-1.524
-0.885,-2.404
-0.806,-1.713
-1.398,-3.165
-1.557,-1.702
-1.421,-1.885
-1.447,-3.081
-1.605,-4.094
-1.668,-4.04
-1.671,-0.423
-1.75,-3.009
-1.814,-1.54
-1.899,-3.936
-1.953,-2.516
-1.834,-2.101
-2.045,-3.397
-1.913,-1.528
-1.972,-2.527
-2.087,-1.407
-2.142,-3.814
-2.355,-3.785
-2.387,-2.917
-2.314,-0.292
-2.483,-2.993
-2.4,-2.025
-2.736,-1.515
-2.889,-1.834
-2.837,-4.26
-2.842,-0.741
-2.878,-2.204
-3.027,-3.062
-3.099,-4.129
-3.126,-0.962
-3.0,-1.202
-3.081,-1.07
3.023,-0.315
2.952,-0.846
3.054,-2.346
3.055,-2.998
2.931,-4.083
2.833,-3.92
2.84,-2.416
2.823,-3.119
2.778,-1.557
2.567,-2.705
2.529,-2.003
2.169,-3.524
2.138,-3.993
2.205,-0.279
2.201,-3.765
1.893,-3.08
1.737,-1.467
1.66,-3.79
1.549,-1.421
1.661,-3.007
1.652,-2.169
1.533,-1.613
1.297,-1.774
1.27,-1.783
1.107,-3.137
1.07,-2.109
0.839,-2.479
0.796,-3.968
0.704,-2.626
0.582,-1.844
0.527,-2.847
0.593,-3.02
0.445,-1.091
0.5,-3.061
0.299,-3.334
0.122,-4.561
0.081,-4.433
-0.367,-4.401
-0.937,-4.229
-1.217,-4.5
-1.343,-4.325
-1.446,-4.356
-1.967,-4.568
-1.94,-4.449
-1.972,-4.73
-2.073,-4.596
-2.093,-4.595
2.888,-4.411
1.97,-4.595
1.382,-4.339
1.139,-4.722
0.935,-4.443
0.722,-4.566
0.704,-4.394
0.485,-4.299
0.502,-4.457
0.422,-4.43
0.278,-0.017
0.054,-0.073
-0.295,-0.058
-0.203,0.031
-0.535,-0.117
-0.647,-0.01
-0.688,0.018
-0.778,-0.33
-1.744,-0.193
-2.03,-0.044
-2.072,0.059
-2.262,-0.246
-2.67,-0.1
-2.558,-0.228
-3.118,0.055
2.255,-0.201
1.722,-0.073
0.984,0.079
0.863,-0.266
0.739,-0.007
-0.583,-1.152
-0.706,-2.753
-1.767,-1.093
2.757,-2.115
2.372,-2.783
0.991,-2.772
-0.502,-1.35
-1.766,-2.044
-2.267,-2.899
-2.745,-2.048
2.545,-2.044
2.365,-2.048
2.227,-1.312
1.027,-0.632
0.78,-1.331
3.094,-3.32
1.088,-3.542
0.314,-1.896
-3.14,-4.543
2.035,-3.979
0.924,-3.942
2.679,-4.709
2.706,-4.093
-0.64,-0.009
-0.914,-0.062
-1.3,0.082
-1.396,-0.108
-1.631,-0.289
-2.464,0.079
-2.453,0.086
-2.858,-0.217
-2.792,-0.033
-3.027,-0.037
-3.056,0.103
2.945,-0.19
2.223,-0.052
2.215,0.107
1.719,-0.046
1.373,-0.216
1.114,-0.123
0.388,0.165
0.379,-0.157
0.244,-0.564
0.065,-4.016
-1.535,-0.698
-1.823,-2.887
2.843,-0.671
2.797,-3.457
0.791,-1.448
-0.34,-4.465
-0.805,-4.563
1.374,-4.304
0.409,-0.383
0.374,-3.123
0.184,-0.58
0.261,-3.704
0.226,-2.765
0.008,-2.355
0.018,-1.82
-0.037,-1.799
-0.165,-0.42
-0.074,-1.391
-0.194,-0.729
-0.292,-3.08
-0.159,-1.653
-0.247,-1.712
-0.503,-1.592
-0.37,-0.762
-0.54,-2.248
-0.49,-2.148
-0.479,-2.639
-0.628,-4.057
-0.576,-3.39
-0.614,-1.916
-0.608,-2.217
-0.817,-4.215
-0.814,-4.076
-0.843,-1.552
-0.845,-2.432
-0.766,-1.741
-1.358,-3.193
-1.517,-1.73
-1.381,-1.913
-1.407,-3.109
-1.565,-4.122
-1.628,-4.068
-1.631,-0.451
-1.71,-3.037
-1.774,-1.568
-1.859,-3.964
-1.913,-2.544
-1.794,-2.129
-2.005,-3.425
-1.873,-1.556
-1.932,-2.555
-2.047,-1.435
-2.102,-3.842
-2.315,-3.813
-2.347,-2.945
-2.274,-0.32
-2.443,-3.021
-2.36,-2.053
-2.696,-1.543
-2.849,-1.862
-2.797,-4.288
-2.802,-0.769
-2.838,-2.232
-2.987,-3.09
-3.059,-4.157
-3.086,-0.99
-2.96,-1.23
-3.041,-1.098
3.063,-0.343
2.992,-0.874
3.094,-2.374
3.095,-3.026
2.971,-4.111
2.873,-3.948
2.88,-2.444
2.863,-3.147
2.818,-1.585
2.607,-2.733
2.569,-2.031
2.209,-3.552
2.178,-4.021
2.245,-0.307
2.241,-3.793
1.933,-3.108
1.777,-1.495
1.7,-3.818
1.589,-1.449
1.701,-3.035
1.692,-2.197
1.573,-1.641
1.337,-1.802
1.31,-1.811
1.147,-3.165
1.11,-2.137
0.879,-2.507
0.836,-3.996
0.744,-2.654
0.622,-1.872
0.567,-2.875
0.633,-3.048
0.485,-1.119
0.54,-3.089
0.339,-3.362
0.162,-4.589
0.121,-4.461
-0.327,-4.429
-0.897,-4.257
-1.177,-4.528
-1.303,-4.353
-1.406,-4.384
-1.927,-4.596
-1.9,-4.477
-1.932,-4.758
-2.033,-4.624
-2.053,-4.623
2.928,-4.439
2.01,-4.623
1.422,-4.367
1.179,-4.75
0.975,-4.471
0.762,-4.594
0.744,-4.422
0.525,-4.327
0.542,-4.485
0.462,-4.458
0.318,-0.045
0.094,-0.101
-0.255,-0.086
-0.163,0.003
-0.495,-0.145
-0.607,-0.038
-0.648,-0.01
-0.738,-0.358
-1.704,-0.221
-1.99,-0.072
-2.032,0.031
-2.222,-0.274
-2.63,-0.128
-2.518,-0.256
-3.078,0.027
2.295,-0.229
1.762,-0.101
1.024,0.051
0.903,-0.294
0.779,-0.035
-0.543,-1.18
-0.666,-2.781
-1.727,-1.121
2.797,-2.143
2.412,-2.811
1.031,-2.8
-0.462,-1.378
-1.726,-2.072
-2.227,-2.927
-2.705,-2.076
2.585,-2.072
2.405,-2.076
2.267,-1.34
1.067,-0.66
0.82,-1.359
3.134,-3.348
1.128,-3.57
0.354,-1.924
-3.1,-4.571
2.075,-4.007
0.964,-3.97
2.719,-4.737
2.746,-4.121
-0.274,-0.053
-0.66,0.091
-0.756,-0.099
-0.991,-0.28
-1.824,0.088
-1.813,0.095
-2.218,-0.208
-2.152,-0.024
-2.387,-0.028
-2.416,0.112
-2.698,-0.181
2.863,-0.043
2.855,0.116
2.359,-0.037
2.013,-0.207
1.754,-0.114
1.028,0.174
1.019,-0.148
0.884,-0.555
0.705,-4.007
-0.895,-0.689
-1.183,-2.878
-2.8,-0.662
-2.846,-3.448
1.431,-1.439
0.3,-4.456
-0.165,-4.554
2.014,-4.295
1.049,-0.374
1.014,-3.114
0.824,-0.571
0.901,-3.695
0.866,-2.756
0.648,-2.346
0.658,-1.811
0.603,-1.79
0.475,-0.411
0.566,-1.382
0.446,-0.72
0.348,-3.071
0.481,-1.644
0.393,-1.703
0.137,-1.583
0.27,-0.753
0.1,-2.239
0.15,-2.139
0.161,-2.63
0.012,-4.048
0.064,-3.381
0.026,-1.907
0.032,-2.208
-0.177,-4.206
-0.174,-4.067
-0.203,-1.543
-0.205,-2.423
-0.126,-1.732
-0.718,-3.184
-0.877,-1.721
-0.741,-1.904
-0.767,-3.1
-0.925,-4.113
-0.988,-4.059
-0.991,-0.442
-1.07,-3.028
-1.134,-1.559
-1.219,-3.955
-1.273,-2.535
-1.154,-2.12
-1.365,-3.416
-1.233,-1.547
-1.292,-2.546
-1.407,-1.426
-1.462,-3.833
-1.675,-3.804
-1.707,-2.936
-1.634,-0.311
-1.803,-3.012
-1.72,-2.044
-2.056,-1.534
-2.209,-1.853
-2.157,-4.279
-2.162,-0.76
-2.198,-2.223
-2.347,-3.081
-2.419,-4.148
-2.446,-0.981
-2.32,-1.221
-2.401,-1.089
-2.58,-0.334
-2.651,-0.865
-2.549,-2.365
-2.548,-3.017
-2.672,-4.102
-2.77,-3.939
-2.763,-2.435
-2.78,-3.138
-2.825,-1.576
-3.036,-2.724
-3.074,-2.022
2.849,-3.543
2.818,-4.012
2.885,-0.298
2.881,-3.784
2.573,-3.099
2.417,-1.486
2.34,-3.809
2.229,-1.44
2.341,-3.026
2.332,-2.188
2.213,-1.632
1.977,-1.793
1.95,-1.802
1.787,-3.156
1.75,-2.128
1.519,-2.498
1.476,-3.987
1.384,-2.645
1.262,-1.863
1.207,-2.866
1.273,-3.039
1.125,-1.11
1.18,-3.08
0.979,-3.353
0.802,-4.58
0.761,-4.452
0.313,-4.42
-0.257,-4.248
-0.537,-4.519
-0.663,-4.344
-0.766,-4.375
-1.287,-4.587
-1.26,-4.468
-1.292,-4.749
-1.393,-4.615
-1.413,-4.614
-2.715,-4.43
2.65,-4.614
2.062,-4.358
1.819,-4.741
1.615,-4.462
1.402,-4.585
1.384,-4.413
1.165,-4.318
1.182,-4.476
1.102,-4.449
0.958,-0.036
0.734,-0.092
0.385,-0.077
0.477,0.012
0.145,-0.136
0.033,-0.029
-0.008,-0.001
-0.098,-0.349
-1.064,-0.212
-1.35,-0.063
-1.392,0.04
-1.582,-0.265
-1.99,-0.119
-1.878,-0.247
-2.438,0.036
2.935,-0.22
2.402,-0.092
1.664,0.06
1.543,-0.285
1.419,-0.026
0.097,-1.171
-0.026,-2.772
-1.087,-1.112
-2.846,-2.134
3.052,-2.802
1.671,-2.791
0.178,-1.369
-1.086,-2.063
-1.587,-2.918
-2.065,-2.067
-3.058,-2.063
3.045,-2.067
2.907,-1.331
1.707,-0.651
1.46,-1.35
-2.509,-3.339
1.768,-3.561
0.994,-1.915
-2.46,-4.562
2.715,-3.998
1.604,-3.961
-2.924,-4.728
-2.897,-4.112
-0.386,0.144
-0.482,-0.046
-0.717,-0.227
-1.55,0.141
-1.539,0.148
-1.944,-0.155
-1.878,0.029
-2.113,0.025
-2.142,0.165
-2.424,-0.128
3.137,0.01
3.129,0.169
2.633,0.016
2.287,-0.154
2.028,-0.061
1.302,0.227
1.293,-0.095
1.158,-0.502
0.979,-3.954
-0.621,-0.636
-0.909,-2.825
-2.526,-0.609
-2.572,-3.395
1.705,-1.386
0.574,-4.403
0.109,-4.501
2.288,-4.242
1.323,-0.321
1.288,-3.061
1.098,-0.518
1.175,-3.642
1.14,-2.703
0.922,-2.293
0.932,-1.758
0.877,-1.737
0.749,-0.358
0.84,-1.329
0.72,-0.667
0.622,-3.018
0.755,-1.591
0.667,-1.65
0.411,-1.53
0.544,-0.7
0.374,-2.186
0.424,-2.086
0.435,-2.577
0.286,-3.995
0.338,-3.328
0.3,-1.854
0.306,-2.155
0.097,-4.153
0.1,-4.014
0.071,-1.49
0.069,-2.37
0.148,-1.679
-0.444,-3.131
-0.603,-1.668
-0.467,-1.851
-0.493,-3.047
-0.651,-4.06
-0.714,-4.006
-0.717,-0.389
-0.796,-2.975
-0.86,-1.506
-0.945,-3.902
-0.999,-2.482
-0.88,-2.067
-1.091,-3.363
-0.959,-1.494
-1.018,-2.493
-1.133,-1.373
-1.188,-3.78
-1.401,-3.751
-1.433,-2.883
-1.36,-0.258
-1.529,-2.959
-1.446,-1.991
-1.782,-1.481
-1.935,-1.8
-1.883,-4.226
-1.888,-0.707
-1.924,-2.17
-2.073,-3.028
-2.145,-4.095
-2.172,-0.928
-2.046,-1.168
-2.127,-1.036
-2.306,-0.281
-2.377,-0.812
-2.275,-2.312
-2.274,-2.964
-2.398,-4.049
-2.496,-3.886
-2.489,-2.382
-2.506,-3.085
-2.551,-1.523
-2.762,-2.671
-2.8,-1.969
3.123,-3.49
3.092,-3.959
-3.124,-0.245
-3.128,-3.731
2.847,-3.046
2.691,-1.433
2.614,-3.756
2.503,-1.387
2.615,-2.973
2.606,-2.135
2.487,-1.579
2.251,-1.74
2.224,-1.749
2.061,-3.103
2.024,-2.075
1.793,-2.445
1.75,-3.934
1.658,-2.592
1.536,-1.81
1.481,-2.813
1.547,-2.986
1.399,-1.057
1.454,-3.027
1.253,-3.3
1.076,-4.527
1.035,-4.399
0.587,-4.367
0.017,-4.195
-0.263,-4.466
-0.389,-4.291
-0.492,-4.322
-1.013,-4.534
-0.986,-4.415
-1.018,-4.696
-1.119,-4.562
-1.139,-4.561
-2.441,-4.377
2.924,-4.561
2.336,-4.305
2.093,-4.688
1.889,-4.409
1.676,-4.532
1.658,-4.36
1.439,-4.265
1.456,-4.423
1.376,-4.396
1.232,0.017
1.008,-0.039
0.659,-0.024
0.751,0.065
0.419,-0.083
0.307,0.024
0.266,0.052
0.176,-0.296
-0.79,-0.159
-1.076,-0.01
-1.118,0.093
-1.308,-0.212
-1.716,-0.066
-1.604,-0.194
-2.164,0.089
-3.074,-0.167
2.676,-0.039
1.938,0.113
1.817,-0.232
1.693,0.027
0.371,-1.118
0.248,-2.719
-0.813,-1.059
-2.572,-2.081
-2.957,-2.749
1.945,-2.738
0.452,-1.316
-0.812,-2.01
-1.313,-2.865
-1.791,-2.014
-2.784,-2.01
-2.964,-2.014
-3.102,-1.278
1.981,-0.598
1.734,-1.297
-2.235,-3.286
2.042,-3.508
1.268,-1.862
-2.186,-4.509
2.989,-3.945
1.878,-3.908
-2.65,-4.675
-2.623,-4.059
-0.096,-0.19
-0.331,-0.371
-1.164,-0.003
-1.153,0.004
-1.558,-0.299
-1.492,-0.115
-1.727,-0.119
-1.756,0.021
-2.038,-0.272
-2.76,-0.134
-2.768,0.025
3.019,-0.128
2.673,-0.298
2.414,-0.205
1.688,0.083
1.679,-0.239
1.544,-0.646
1.365,-4.098
-0.235,-0.78
-0.523,-2.969
-2.14,-0.753
-2.186,-3.539
2.091,-1.53
0.96,-4.547
0.495,-4.645
2.674,-4.386
1.709,-0.465
1.674,-3.205
1.484,-0.662
1.561,-3.786
1.526,-2.847
1.308,-2.437
1.318,-1.902
1.263,-1.881
1.135,-0.502
1.226,-1.473
1.106,-0.811
1.008,-3.162
1.141,-1.735
1.053,-1.794
0.797,-1.674
0.93,-0.844
0.76,-2.33
0.81,-2.23
0.821,-2.721
0.672,-4.139
0.724,-3.472
0.686,-1.998
0.692,-2.299
0.483,-4.297
0.486,-4.158
0.457,-1.634
0.455,-2.514
0.534,-1.823
-0.058,-3.275
-0.217,-1.812
-0.081,-1.995
-0.107,-3.191
-0.265,-4.204
-0.328,-4.15
-0.331,-0.533
-0.41,-3.119
-0.474,-1.65
-0.559,-4.046
-0.613,-2.626
-0.494,-2.211
-0.705,-3.507
-0.573,-1.638
-0.632,-2.637
-0.747,-1.517
-0.802,-3.924
-1.015,-3.895
-1.047,-3.027
-0.974,-0.402
-1.143,-3.103
-1.06,-2.135
-1.396,-1.625
-1.549,-1.944
-1.497,-4.37
-1.502,-0.851
-1.538,-2.314
-1.687,-3.172
-1.759,-4.239
-1.786,-1.072
-1.66,-1.312
-1.741,-1.18
-1.92,-0.425
-1.991,-0.956
-1.889,-2.456
-1.888,-3.108
-2.012,-4.193
-2.11,-4.03
-2.103,-2.526
-2.12,-3.229
-2.165,-1.667
-2.376,-2.815
-2.414,-2.113
-2.774,-3.634
-2.805,-4.103
-2.738,-0.389
-2.742,-3.875
-3.05,-3.19
3.077,-1.577
3.0,-3.9
2.889,-1.531
3.001,-3.117
2.992,-2.279
2.873,-1.723
2.637,-1.884
2.61,-1.893
2.447,-3.247
2.41,-2.219
2.179,-2.589
2.136,-4.078
2.044,-2.736
1.922,-1.954
1.867,-2.957
1.933,-3.13
1.785,-1.201
1.84,-3.171
1.639,-3.444
1.462,-4.671
1.421,-4.543
0.973,-4.511
0.403,-4.339
0.123,-4.61
-0.003,-4.435
-0.106,-4.466
-0.627,-4.678
-0.6,-4.559
-0.632,-4.84
-0.733,-4.706
-0.753,-4.705
-2.055,-4.521
-2.973,-4.705
2.722,-4.449
2.479,-4.832
2.275,-4.553
2.062,-4.676
2.044,-4.504
1.825,-4.409
1.842,-4.567
1.762,-4.54
1.618,-0.127
1.394,-0.183
1.045,-0.168
1.137,-0.079
0.805,-0.227
0.693,-0.12
0.652,-0.092
0.562,-0.44
-0.404,-0.303
-0.69,-0.154
-0.732,-0.051
-0.922,-0.356
-1.33,-0.21
-1.218,-0.338
-1.778,-0.055
-2.688,-0.311
3.062,-0.183
2.324,-0.031
2.203,-0.376
2.079,-0.117
0.757,-1.262
0.634,-2.863
-0.427,-1.203
-2.186,-2.225
-2.571,-2.893
2.331,-2.882
0.838,-1.46
-0.426,-2.154
-0.927,-3.009
-1.405,-2.158
-2.398,-2.154
-2.578,-2.158
-2.716,-1.422
2.367,-0.742
2.12,-1.441
-1.849,-3.43
2.428,-3.652
1.654,-2.006
-1.8,-4.653
-2.908,-4.089
2.264,-4.052
-2.264,-4.819
-2.237,-4.203
-0.235,-0.181
-1.068,0.187
-1.057,0.194
-1.462,-0.109
-1.396,0.075
-1.631,0.071
-1.66,0.211
-1.942,-0.082
-2.664,0.056
-2.672,0.215
3.115,0.062
2.769,-0.108
2.51,-0.015
1.784,0.273
1.775,-0.049
1.64,-0.456
1.461,-3.908
-0.139,-0.59
-0.427,-2.779
-2.044,-0.563
-2.09,-3.349
2.187,-1.34
1.056,-4.357
0.591,-4.455
2.77,-4.196
1.805,-0.275
1.77,-3.015
1.58,-0.472
1.657,-3.596
1.622,-2.657
1.404,-2.247
1.414,-1.712
1.359,-1.691
1.231,-0.312
1.322,-1.283
1.202,-0.621
1.104,-2.972
1.237,-1.545
1.149,-1.604
0.893,-1.484
1.026,-0.654
0.856,-2.14
0.906,-2.04
0.917,-2.531
0.768,-3.949
0.82,-3.282
0.782,-1.808
0.788,-2.109
0.579,-4.107
0.582,-3.968
0.553,-1.444
0.551,-2.324
0.63,-1.633
0.038,-3.085
-0.121,-1.622
0.015,-1.805
-0.011,-3.001
-0.169,-4.014
-0.232,-3.96
-0.235,-0.343
-0.314,-2.929
-0.378,-1.46
-0.463,-3.856
-0.517,-2.436
-0.398,-2.021
-0.609,-3.317
-0.477,-1.448
-0.536,-2.447
-0.651,-1.327
-0.706,-3.734
-0.919,-3.705
-0.951,-2.837
-0.878,-0.212
-1.047,-2.913
-0.964,-1.945
-1.3,-1.435
-1.453,-1.754
-1.401,-4.18
-1.406,-0.661
-1.442,-2.124
-1.591,-2.982
-1.663,-4.049
-1.69,-0.882
-1.564,-1.122
-1.645,-0.99
-1.824,-0.235
-1.895,-0.766
-1.793,-2.266
-1.792,-2.918
-1.916,-4.003
-2.014,-3.84
-2.007,-2.336
-2.024,-3.039
-2.069,-1.477
-2.28,-2.625
-2.318,-1.923
-2.678,-3.444
-2.709,-3.913
-2.642,-0.199
-2.646,-3.685
-2.954,-3.0
-3.11,-1.387
3.096,-3.71
2.985,-1.341
3.097,-2.927
3.088,-2.089
2.969,-1.533
2.733,-1.694
2.706,-1.703
2.543,-3.057
2.506,-2.029
2.275,-2.399
2.232,-3.888
2.14,-2.546
2.018,-1.764
1.963,-2.767
2.029,-2.94
1.881,-1.011
1.936,-2.981
1.735,-3.254
1.558,-4.481
1.517,-4.353
1.069,-4.321
0.499,-4.149
0.219,-4.42
0.093,-4.245
-0.01,-4.276
-0.531,-4.488
-0.504,-4.369
-0.536,-4.65
-0.637,-4.516
-0.657,-4.515
-1.959,-4.331
-2.877,-4.515
2.818,-4.259
2.575,-4.642
2.371,-4.363
2.158,-4.486
2.14,-4.314
1.921,-4.219
1.938,-4.377
1.858,-4.35
1.714,0.063
1.49,0.007
1.141,0.022
1.233,0.111
0.901,-0.037
0.789,0.07
0.748,0.098
0.658,-0.25
-0.308,-0.113
-0.594,0.036
-0.636,0.139
-0.826,-0.166
-1.234,-0.02
-1.122,-0.148
-1.682,0.135
-2.592,-0.121
-3.125,0.007
2.42,0.159
2.299,-0.186
2.175,0.073
0.853,-1.072
0.73,-2.673
-0.331,-1.013
-2.09,-2.035
-2.475,-2.703
2.427,-2.692
0.934,-1.27
-0.33,-1.964
-0.831,-2.819
-1.309,-1.968
-2.302,-1.964
-2.482,-1.968
-2.62,-1.232
2.463,-0.552
2.216,-1.251
-1.753,-3.24
2.524,-3.462
1.75,-1.816
-1.704,-4.463
-2.812,-3.899
2.36,-3.862
-2.168,-4.629
-2.141,-4.013
-0.833,0.368
-0.822,0.375
-1.227,0.072
-1.161,0.256
-1.396,0.252
-1.425,0.392
-1.707,0.099
-2.429,0.237
-2.437,0.396
-2.933,0.243
3.004,0.073
2.745,0.166
2.019,0.454
2.01,0.132
1.875,-0.275
1.696,-3.727
0.096,-0.409
-0.192,-2.598
-1.809,-0.382
-1.855,-3.168
2.422,-1.159
1.291,-4.176
0.826,-4.274
3.005,-4.015
2.04,-0.094
2.005,-2.834
1.815,-0.291
1.892,-3.415
1.857,-2.476
1.639,-2.066
1.649,-1.531
1.594,-1.51
1.466,-0.131
1.557,-1.102
1.437,-0.44
1.339,-2.791
1.472,-1.364
1.384,-1.423
1.128,-1.303
1.261,-0.473
1.091,-1.959
1.141,-1.859
1.152,-2.35
1.003,-3.768
1.055,-3.101
1.017,-1.627
1.023,-1.928
0.814,-3.926
0.817,-3.787
0.788,-1.263
0.786,-2.143
0.865,-1.452
0.273,-2.904
0.114,-1.441
0.25,-1.624
0.224,-2.82
0.066,-3.833
0.003,-3.779
0.0,-0.162
-0.079,-2.748
-0.143,-1.279
-0.228,-3.675
-0.282,-2.255
-0.163,-1.84
-0.374,-3.136
-0.242,-1.267
-0.301,-2.266
-0.416,-1.146
-0.471,-3.553
-0.684,-3.524
-0.716,-2.656
-0.643,-0.031
-0.812,-2.732
-0.729,-1.764
-1.065,-1.254
-1.218,-1.573
-1.166,-3.999
-1.171,-0.48
-1.207,-1.943
-1.356,-2.801
-1.428,-3.868
-1.455,-0.701
-1.329,-0.941
-1.41,-0.809
-1.589,-0.054
-1.66,-0.585
-1.558,-2.085
-1.557,-2.737
-1.681,-3.822
-1.779,-3.659
-1.772,-2.155
-1.789,-2.858
-1.834,-1.296
-2.045,-2.444
-2.083,-1.742
-2.443,-3.263
-2.474,-3.732
-2.407,-0.018
-2.411,-3.504
-2.719,-2.819
-2.875,-1.206
-2.952,-3.529
-3.063,-1.16
-2.951,-2.746
-2.96,-1.908
-3.079,-1.352
2.968,-1.513
2.941,-1.522
2.778,-2.876
2.741,-1.848
2.51,-2.218
2.467,-3.707
2.375,-2.365
2.253,-1.583
2.198,-2.586
2.264,-2.759
2.116,-0.83
2.171,-2.8
1.97,-3.073
1.793,-4.3
1.752,-4.172
1.304,-4.14
0.734,-3.968
0.454,-4.239
0.328,-4.064
0.225,-4.095
-0.296,-4.307
-0.269,-4.188
-0.301,-4.469
-0.402,-4.335
-0.422,-4.334
-1.724,-4.15
-2.642,-4.334
3.053,-4.078
2.81,-4.461
2.606,-4.182
2.393,-4.305
2.375,-4.133
2.156,-4.038
2.173,-4.196
2.093,-4.169
1.949,0.244
1.725,0.188
1.376,0.203
1.468,0.292
1.136,0.144
1.024,0.251
0.983,0.279
0.893,-0.069
-0.073,0.068
-0.359,0.217
-0.401,0.32
-0.591,0.015
-0.999,0.161
-0.887,0.033
-1.447,0.316
-2.357,0.06
-2.89,0.188
2.655,0.34
2.534,-0.005
2.41,0.254
1.088,-0.891
0.965,-2.492
-0.096,-0.832
-1.855,-1.854
-2.24,-2.522
2.662,-2.511
1.169,-1.089
-0.095,-1.783
-0.596,-2.638
-1.074,-1.787
-2.067,-1.783
-2.247,-1.787
-2.385,-1.051
2.698,-0.371
2.451,-1.07
-1.518,-3.059
2.759,-3.281
1.985,-1.635
-1.469,-4.282
-2.577,-3.718
2.595,-3.681
-1.933,-4.448
-1.906,-3.832
0.011,0.007
-0.394,-0.296
-0.328,-0.112
-0.563,-0.116
-0.592,0.024
-0.874,-0.269
-1.596,-0.131
-1.604,0.028
-2.1,-0.125
-2.446,-0.295
-2.705,-0.202
2.852,0.086
2.843,-0.236
2.708,-0.643
2.529,-4.095
0.929,-0.777
0.641,-2.966
-0.976,-0.75
-1.022,-3.536
-3.028,-1.527
2.124,-4.544
1.659,-4.642
-2.445,-4.383
2.873,-0.462
2.838,-3.202
2.648,-0.659
2.725,-3.783
2.69,-2.844
2.472,-2.434
2.482,-1.899
2.427,-1.878
2.299,-0.499
2.39,-1.47
2.27,-0.808
2.172,-3.159
2.305,-1.732
2.217,-1.791
1.961,-1.671
2.094,-0.841
1.924,-2.327
1.974,-2.227
1.985,-2.718
1.836,-4.136
1.888,-3.469
1.85,-1.995
1.856,-2.296
1.647,-4.294
1.65,-4.155
1.621,-1.631
1.619,-2.511
1.698,-1.82
1.106,-3.272
0.947,-1.809
1.083,-1.992
1.057,-3.188
0.899,-4.201
0.836,-4.147
0.833,-0.53
0.754,-3.116
0.69,-1.647
0.605,-4.043
0.551,-2.623
0.67,-2.208
0.459,-3.504
0.591,-1.635
0.532,-2.634
0.417,-1.514
0.362,-3.921
0.149,-3.892
0.117,-3.024
0.19,-0.399
0.021,-3.1
0.104,-2.132
-0.232,-1.622
-0.385,-1.941
-0.333,-4.367
-0.338,-0.848
-0.374,-2.311
-0.523,-3.169
-0.595,-4.236
-0.622,-1.069
-0.496,-1.309
-0.577,-1.177
-0.756,-0.422
-0.827,-0.953
-0.725,-2.453
-0.724,-3.105
-0.848,-4.19
-0.946,-4.027
-0.939,-2.523
-0.956,-3.226
-1.001,-1.664
-1.212,-2.812
-1.25,-2.11
-1.61,-3.631
-1.641,-4.1
-1.574,-0.386
-1.578,-3.872
-1.886,-3.187
-2.042,-1.574
-2.119,-3.897
-2.23,-1.528
-2.118,-3.114
-2.127,-2.276
-2.246,-1.72
-2.482,-1.881
-2.509,-1.89
-2.672,-3.244
-2.709,-2.216
-2.94,-2.586
-2.983,-4.075
-3.075,-2.733
3.086,-1.951
3.031,-2.954
3.097,-3.127
2.949,-1.198
3.004,-3.168
2.803,-3.441
2.626,-4.668
2.585,-4.54
2.137,-4.508
1.567,-4.336
1.287,-4.607
1.161,-4.432
1.058,-4.463
0.537,-4.675
0.564,-4.556
0.532,-4.837
0.431,-4.703
0.411,-4.702
-0.891,-4.518
-1.809,-4.702
-2.397,-4.446
-2.64,-4.829
-2.844,-4.55
-3.057,-4.673
-3.075,-4.501
2.989,-4.406
3.006,-4.564
2.926,-4.537
2.782,-0.124
2.558,-0.18
2.209,-0.165
2.301,-0.076
1.969,-0.224
1.857,-0.117
1.816,-0.089
1.726,-0.437
0.76,-0.3
0.474,-0.151
0.432,-0.048
0.242,-0.353
-0.166,-0.207
-0.054,-0.335
-0.614,-0.052
-1.524,-0.308
-2.057,-0.18
-2.795,-0.028
-2.916,-0.373
-3.04,-0.114
1.921,-1.259
1.798,-2.86
0.737,-1.2
-1.022,-2.222
-1.407,-2.89
-2.788,-2.879
2.002,-1.457
0.738,-2.151
0.237,-3.006
-0.241,-2.155
-1.234,-2.151
-1.414,-2.155
-1.552,-1.419
-2.752,-0.739
-2.999,-1.438
-0.685,-3.427
-2.691,-3.649
2.818,-2.003
-0.636,-4.65
-1.744,-4.086
-2.855,-4.049
-1.1,-4.816
-1.073,-4.2
-0.405,-0.303
-0.339,-0.119
-0.574,-0.123
-0.603,0.017
-0.885,-0.276
-1.607,-0.138
-1.615,0.021
-2.111,-0.132
-2.457,-0.302
-2.716,-0.209
2.841,0.079
2.832,-0.243
2.697,-0.65
2.518,-4.102
0.918,-0.784
0.63,-2.973
-0.987,-0.757
-1.033,-3.543
-3.039,-1.534
2.113,-4.551
1.648,-4.649
-2.456,-4.39
2.862,-0.469
2.827,-3.209
2.637,-0.666
2.714,-3.79
2.679,-2.851
2.461,-2.441
2.471,-1.906
2.416,-1.885
2.288,-0.506
2.379,-1.477
2.259,-0.815
2.161,-3.166
2.294,-1.739
2.206,-1.798
1.95,-1.678
2.083,-0.848
1.913,-2.334
1.963,-2.234
1.974,-2.725
1.825,-4.143
1.877,-3.476
1.839,-2.002
1.845,-2.303
1.636,-4.301
1.639,-4.162
1.61,-1.638
1.608,-2.518
1.687,-1.827
1.095,-3.279
0.936,-1.816
1.072,-1.999
1.046,-3.195
0.888,-4.208
0.825,-4.154
0.822,-0.537
0.743,-3.123
0.679,-1.654
0.594,-4.05
0.54,-2.63
0.659,-2.215
0.448,-3.511
0.58,-1.642
0.521,-2.641
0.406,-1.521
0.351,-3.928
0.138,-3.899
0.106,-3.031
0.179,-0.406
0.01,-3.107
0.093,-2.139
-0.243,-1.629
-0.396,-1.948
-0.344,-4.374
-0.349,-0.855
-0.385,-2.318
-0.534,-3.176
-0.606,-4.243
-0.633,-1.076
-0.507,-1.316
-0.588,-1.184
-0.767,-0.429
-0.838,-0.96
-0.736,-2.46
-0.735,-3.112
-0.859,-4.197
-0.957,-4.034
-0.95,-2.53
-0.967,-3.233
-1.012,-1.671
-1.223,-2.819
-1.261,-2.117
-1.621,-3.638
-1.652,-4.107
-1.585,-0.393
-1.589,-3.879
-1.897,-3.194
-2.053,-1.581
-2.13,-3.904
-2.241,-1.535
-2.129,-3.121
-2.138,-2.283
-2.257,-1.727
-2.493,-1.888
-2.52,-1.897
-2.683,-3.251
-2.72,-2.223
-2.951,-2.593
-2.994,-4.082
-3.086,-2.74
3.075,-1.958
3.02,-2.961
3.086,-3.134
2.938,-1.205
2.993,-3.175
2.792,-3.448
2.615,-4.675
2.574,-4.547
2.126,-4.515
1.556,-4.343
1.276,-4.614
1.15,-4.439
1.047,-4.47
0.526,-4.682
0.553,-4.563
0.521,-4.844
0.42,-4.71
0.4,-4.709
-0.902,-4.525
-1.82,-4.709
-2.408,-4.453
-2.651,-4.836
-2.855,-4.557
-3.068,-4.68
-3.086,-4.508
2.978,-4.413
2.995,-4.571
2.915,-4.544
2.771,-0.131
2.547,-0.187
2.198,-0.172
2.29,-0.083
1.958,-0.231
1.846,-0.124
1.805,-0.096
1.715,-0.444
0.749,-0.307
0.463,-0.158
0.421,-0.055
0.231,-0.36
-0.177,-0.214
-0.065,-0.342
-0.625,-0.059
-1.535,-0.315
-2.068,-0.187
-2.806,-0.035
-2.927,-0.38
-3.051,-0.121
1.91,-1.266
1.787,-2.867
0.726,-1.207
-1.033,-2.229
-1.418,-2.897
-2.799,-2.886
1.991,-1.464
0.727,-2.158
0.226,-3.013
-0.252,-2.162
-1.245,-2.158
-1.425,-2.162
-1.563,-1.426
-2.763,-0.746
-3.01,-1.445
-0.696,-3.434
-2.702,-3.656
2.807,-2.01
-0.647,-4.657
-1.755,-4.093
-2.866,-4.056
-1.111,-4.823
-1.084,-4.207
0.066,0.184
-0.169,0.18
-0.198,0.32
-0.48,0.027
-1.202,0.165
-1.21,0.324
-1.706,0.171
-2.052,0.001
-2.311,0.094
-3.037,0.382
-3.046,0.06
3.102,-0.347
2.923,-3.799
1.323,-0.481
1.035,-2.67
-0.582,-0.454
-0.628,-3.24
-2.634,-1.231
2.518,-4.248
2.053,-4.346
-2.051,-4.087
-3.016,-0.166
-3.051,-2.906
3.042,-0.363
3.119,-3.487
3.084,-2.548
2.866,-2.138
2.876,-1.603
2.821,-1.582
2.693,-0.203
2.784,-1.174
2.664,-0.512
2.566,-2.863
2.699,-1.436
2.611,-1.495
2.355,-1.375
2.488,-0.545
2.318,-2.031
2.368,-1.931
2.379,-2.422
2.23,-3.84
2.282,-3.173
2.244,-1.699
2.25,-2.0
2.041,-3.998
2.044,-3.859
2.015,-1.335
2.013,-2.215
2.092,-1.524
1.5,-2.976
1.341,-1.513
1.477,-1.696
1.451,-2.892
1.293,-3.905
1.23,-3.851
1.227,-0.234
1.148,-2.82
1.084,-1.351
0.999,-3.747
0.945,-2.327
1.064,-1.912
0.853,-3.208
0.985,-1.339
0.926,-2.338
0.811,-1.218
0.756,-3.625
0.543,-3.596
0.511,-2.728
0.584,-0.103
0.415,-2.804
0.498,-1.836
0.162,-1.326
0.009,-1.645
0.061,-4.071
0.056,-0.552
0.02,-2.015
-0.129,-2.873
-0.201,-3.94
-0.228,-0.773
-0.102,-1.013
-0.183,-0.881
-0.362,-0.126
-0.433,-0.657
-0.331,-2.157
-0.33,-2.809
-0.454,-3.894
-0.552,-3.731
-0.545,-2.227
-0.562,-2.93
-0.607,-1.368
-0.818,-2.516
-0.856,-1.814
-1.216,-3.335
-1.247,-3.804
-1.18,-0.09
-1.184,-3.576
-1.492,-2.891
-1.648,-1.278
-1.725,-3.601
-1.836,-1.232
-1.724,-2.818
-1.733,-1.98
-1.852,-1.424
-2.088,-1.585
-2.115,-1.594
-2.278,-2.948
-2.315,-1.92
-2.546,-2.29
-2.589,-3.779
-2.681,-2.437
-2.803,-1.655
-2.858,-2.658
-2.792,-2.831
-2.94,-0.902
-2.885,-2.872
-3.086,-3.145
3.02,-4.372
2.979,-4.244
2.531,-4.212
1.961,-4.04
1.681,-4.311
1.555,-4.136
1.452,-4.167
0.931,-4.379
0.958,-4.26
0.926,-4.541
0.825,-4.407
0.805,-4.406
-0.497,-4.222
-1.415,-4.406
-2.003,-4.15
-2.246,-4.533
-2.45,-4.254
-2.663,-4.377
-2.681,-4.205
-2.9,-4.11
-2.883,-4.268
-2.963,-4.241
-3.107,0.172
2.952,0.116
2.603,0.131
2.695,0.22
2.363,0.072
2.251,0.179
2.21,0.207
2.12,-0.141
1.154,-0.004
0.868,0.145
0.826,0.248
0.636,-0.057
0.228,0.089
0.34,-0.039
-0.22,0.244
-1.13,-0.012
-1.663,0.116
-2.401,0.268
-2.522,-0.077
-2.646,0.182
2.315,-0.963
2.192,-2.564
1.131,-0.904
-0.628,-1.926
-1.013,-2.594
-2.394,-2.583
2.396,-1.161
1.132,-1.855
0.631,-2.71
0.153,-1.859
-0.84,-1.855
-1.02,-1.859
-1.158,-1.123
-2.358,-0.443
-2.605,-1.142
-0.291,-3.131
-2.297,-3.353
-3.071,-1.707
-0.242,-4.354
-1.35,-3.79
-2.461,-3.753
-0.706,-4.52
-0.679,-3.904
-0.235,-0.004
-0.264,0.136
-0.546,-0.157
-1.268,-0.019
-1.276,0.14
-1.772,-0.013
-2.118,-0.183
-2.377,-0.09
-3.103,0.198
-3.112,-0.124
3.036,-0.531
2.857,-3.983
1.257,-0.665
0.969,-2.854
-0.648,-0.638
-0.694,-3.424
-2.7,-1.415
2.452,-4.432
1.987,-4.53
-2.117,-4.271
-3.082,-0.35
-3.117,-3.09
2.976,-0.547
3.053,-3.671
3.018,-2.732
2.8,-2.322
2.81,-1.787
2.755,-1.766
2.627,-0.387
2.718,-1.358
2.598,-0.696
2.5,-3.047
2.633,-1.62
2.545,-1.679
2.289,-1.559
2.422,-0.729
2.252,-2.215
2.302,-2.115
2.313,-2.606
2.164,-4.024
2.216,-3.357
2.178,-1.883
2.184,-2.184
1.975,-4.182
1.978,-4.043
1.949,-1.519
1.947,-2.399
2.026,-1.708
1.434,-3.16
1.275,-1.697
1.411,-1.88
1.385,-3.076
1.227,-4.089
1.164,-4.035
1.161,-0.418
1.082,-3.004
1.018,-1.535
0.933,-3.931
0.879,-2.511
0.998,-2.096
0.787,-3.392
0.919,-1.523
0.86,-2.522
0.745,-1.402
0.69,-3.809
0.477,-3.78
0.445,-2.912
0.518,-0.287
0.349,-2.988
0.432,-2.02
0.096,-1.51
-0.057,-1.829
-0.005,-4.255
-0.01,-0.736
-0.046,-2.199
-0.195,-3.057
-0.267,-4.124
-0.294,-0.957
-0.168,-1.197
-0.249,-1.065
-0.428,-0.31
-0.499,-0.841
-0.397,-2.341
-0.396,-2.993
-0.52,-4.078
-0.618,-3.915
-0.611,-2.411
-0.628,-3.114
-0.673,-1.552
-0.884,-2.7
-0.922,-1.998
-1.282,-3.519
-1.313,-3.988
-1.246,-0.274
-1.25,-3.76
-1.558,-3.075
-1.714,-1.462
-1.791,-3.785
-1.902,-1.416
-1.79,-3.002
-1.799,-2.164
-1.918,-1.608
-2.154,-1.769
-2.181,-1.778
-2.344,-3.132
-2.381,-2.104
-2.612,-2.474
-2.655,-3.963
-2.747,-2.621
-2.869,-1.839
-2.924,-2.842
-2.858,-3.015
-3.006,-1.086
-2.951,-3.056
3.131,-3.329
2.954,-4.556
2.913,-4.428
2.465,-4.396
1.895,-4.224
1.615,-4.495
1.489,-4.32
1.386,-4.351
0.865,-4.563
0.892,-4.444
0.86,-4.725
0.759,-4.591
0.739,-4.59
-0.563,-4.406
-1.481,-4.59
-2.069,-4.334
-2.312,-4.717
-2.516,-4.438
-2.729,-4.561
-2.747,-4.389
-2.966,-4.294
-2.949,-4.452
-3.029,-4.425
3.11,-0.012
2.886,-0.068
2.537,-0.053
2.629,0.036
2.297,-0.112
2.185,-0.005
2.144,0.023
2.054,-0.325
1.088,-0.188
0.802,-0.039
0.76,0.064
0.57,-0.241
0.162,-0.095
0.274,-0.223
-0.286,0.06
-1.196,-0.196
-1.729,-0.068
-2.467,0.084
-2.588,-0.261
-2.712,-0.002
2.249,-1.147
2.126,-2.748
1.065,-1.088
-0.694,-2.11
-1.079,-2.778
-2.46,-2.767
2.33,-1.345
1.066,-2.039
0.565,-2.894
0.087,-2.043
-0.906,-2.039
-1.086,-2.043
-1.224,-1.307
-2.424,-0.627
-2.671,-1.326
-0.357,-3.315
-2.363,-3.537
-3.137,-1.891
-0.308,-4.538
-1.416,-3.974
-2.527,-3.937
-0.772,-4.704
-0.745,-4.088
-0.029,0.14
-0.311,-0.153
-1.033,-0.015
-1.041,0.144
-1.537,-0.009
-1.883,-0.179
-2.142,-0.086
-2.868,0.202
-2.877,-0.12
-3.012,-0.527
3.092,-3.979
1.492,-0.661
1.204,-2.85
-0.413,-0.634
-0.459,-3.42
-2.465,-1.411
2.687,-4.428
2.222,-4.526
-1.882,-4.267
-2.847,-0.346
-2.882,-3.086
-3.072,-0.543
-2.995,-3.667
-3.03,-2.728
3.035,-2.318
3.045,-1.783
2.99,-1.762
2.862,-0.383
2.953,-1.354
2.833,-0.692
2.735,-3.043
2.868,-1.616
2.78,-1.675
2.524,-1.555
2.657,-0.725
2.487,-2.211
2.537,-2.111
2.548,-2.602
2.399,-4.02
2.451,-3.353
2.413,-1.879
2.419,-2.18
2.21,-4.178
2.213,-4.039
2.184,-1.515
2.182,-2.395
2.261,-1.704
1.669,-3.156
1.51,-1.693
1.646,-1.876
1.62,-3.072
1.462,-4.085
1.399,-4.031
1.396,-0.414
1.317,-3.0
1.253,-1.531
1.168,-3.927
1.114,-2.507
1.233,-2.092
1.022,-3.388
1.154,-1.519
1.095,-2.518
0.98,-1.398
0.925,-3.805
0.712,-3.776
0.68,-2.908
0.753,-0.283
0.584,-2.984
0.667,-2.016
0.331,-1.506
0.178,-1.825
0.23,-4.251
0.225,-0.732
0.189,-2.195
0.04,-3.053
-0.032,-4.12
-0.059,-0.953
0.067,-1.193
-0.014,-1.061
-0.193,-0.306
-0.264,-0.837
-0.162,-2.337
-0.161,-2.989
-0.285,-4.074
-0.383,-3.911
-0.376,-2.407
-0.393,-3.11
-0.438,-1.548
-0.649,-2.696
-0.687,-1.994
-1.047,-3.515
-1.078,-3.984
-1.011,-0.27
-1.015,-3.756
-1.323,-3.071
-1.479,-1.458
-1.556,-3.781
-1.667,-1.412
-1.555,-2.998
-1.564,-2.16
-1.683,-1.604
-1.919,-1.765
-1.946,-1.774
-2.109,-3.128
-2.146,-2.1
-2.377,-2.47
-2.42,-3.959
-2.512,-2.617
-2.634,-1.835
-2.689,-2.838
-2.623,-3.011
-2.771,-1.082
-2.716,-3.052
-2.917,-3.325
-3.094,-4.552
-3.135,-4.424
2.7,-4.392
2.13,-4.22
1.85,-4.491
1.724,-4.316
1.621,-4.347
1.1,-4.559
1.127,-4.44
1.095,-4.721
0.994,-4.587
0.974,-4.586
-0.328,-4.402
-1.246,-4.586
-1.834,-4.33
-2.077,-4.713
-2.281,-4.434
-2.494,-4.557
-2.512,-4.385
-2.731,-4.29
-2.714,-4.448
-2.794,-4.421
-2.938,-0.008
3.121,-0.064
2.772,-0.049
2.864,0.04
2.532,-0.108
2.42,-0.001
2.379,0.027
2.289,-0.321
1.323,-0.184
1.037,-0.035
0.995,0.068
0.805,-0.237
0.397,-0.091
0.509,-0.219
-0.051,0.064
-0.961,-0.192
-1.494,-0.064
-2.232,0.088
-2.353,-0.257
-2.477,0.002
2.484,-1.143
2.361,-2.744
1.3,-1.084
-0.459,-2.106
-0.844,-2.774
-2.225,-2.763
2.565,-1.341
1.301,-2.035
0.8,-2.89
0.322,-2.039
-0.671,-2.035
-0.851,-2.039
-0.989,-1.303
-2.189,-0.623
-2.436,-1.322
-0.122,-3.311
-2.128,-3.533
-2.902,-1.887
-0.073,-4.534
-1.181,-3.97
-2.292,-3.933
-0.537,-4.7
-0.51,-4.084
-0.282,-0.293
-1.004,-0.155
-1.012,0.004
-1.508,-0.149
-1.854,-0.319
-2.113,-0.226
-2.839,0.062
-2.848,-0.26
-2.983,-0.667
3.121,-4.119
1.521,-0.801
1.233,-2.99
-0.384,-0.774
-0.43,-3.56
-2.436,-1.551
2.716,-4.568
2.251,-4.666
-1.853,-4.407
-2.818,-0.486
-2.853,-3.226
-3.043,-0.683
-2.966,-3.807
-3.001,-2.868
3.064,-2.458
3.074,-1.923
3.019,-1.902
2.891,-0.523
2.982,-1.494
2.862,-0.832
2.764,-3.183
2.897,-1.756
2.809,-1.815
2.553,-1.695
2.686,-0.865
2.516,-2.351
2.566,-2.251
2.577,-2.742
2.428,-4.16
2.48,-3.493
2.442,-2.019
2.448,-2.32
2.239,-4.318
2.242,-4.179
2.213,-1.655
2.211,-2.535
2.29,-1.844
1.698,-3.296
1.539,-1.833
1.675,-2.016
1.649,-3.212
1.491,-4.225
1.428,-4.171
1.425,-0.554
1.346,-3.14
1.282,-1.671
1.197,-4.067
1.143,-2.647
1.262,-2.232
1.051,-3.528
1.183,-1.659
1.124,-2.658
1.009,-1.538
0.954,-3.945
0.741,-3.916
0.709,-3.048
0.782,-0.423
0.613,-3.124
0.696,-2.156
0.36,-1.646
0.207,-1.965
0.259,-4.391
0.254,-0.872
0.218,-2.335
0.069,-3.193
-0.003,-4.26
-0.03,-1.093
0.096,-1.333
0.015,-1.201
-0.164,-0.446
-0.235,-0.977
-0.133,-2.477
-0.132,-3.129
-0.256,-4.214
-0.354,-4.051
-0.347,-2.547
-0.364,-3.25
-0.409,-1.688
-0.62,-2.836
-0.658,-2.134
-1.018,-3.655
-1.049,-4.124
-0.982,-0.41
-0.986,-3.896
-1.294,-3.211
-1.45,-1.598
-1.527,-3.921
-1.638,-1.552
-1.526,-3.138
-1.535,-2.3
-1.654,-1.744
-1.89,-1.905
-1.917,-1.914
-2.08,-3.268
-2.117,-2.24
-2.348,-2.61
-2.391,-4.099
-2.483,-2.757
-2.605,-1.975
-2.66,-2.978
-2.594,-3.151
-2.742,-1.222
-2.687,-3.192
-2.888,-3.465
-3.065,-4.692
-3.106,-4.564
2.729,-4.532
2.159,-4.36
1.879,-4.631
1.753,-4.456
1.65,-4.487
1.129,-4.699
1.156,-4.58
1.124,-4.861
1.023,-4.727
1.003,-4.726
-0.299,-4.542
-1.217,-4.726
-1.805,-4.47
-2.048,-4.853
-2.252,-4.574
-2.465,-4.697
-2.483,-4.525
-2.702,-4.43
-2.685,-4.588
-2.765,-4.561
-2.909,-0.148
-3.133,-0.204
2.801,-0.189
2.893,-0.1
2.561,-0.248
2.449,-0.141
2.408,-0.113
2.318,-0.461
1.352,-0.324
1.066,-0.175
1.024,-0.072
0.834,-0.377
0.426,-0.231
0.538,-0.359
-0.022,-0.076
-0.932,-0.332
-1.465,-0.204
-2.203,-0.052
-2.324,-0.397
-2.448,-0.138
2.513,-1.283
2.39,-2.884
1.329,-1.224
-0.43,-2.246
-0.815,-2.914
-2.196,-2.903
2.594,-1.481
1.33,-2.175
0.829,-3.03
0.351,-2.179
-0.642,-2.175
-0.822,-2.179
-0.96,-1.443
-2.16,-0.763
-2.407,-1.462
-0.093,-3.451
-2.099,-3.673
-2.873,-2.027
-0.044,-4.674
-1.152,-4.11
-2.263,-4.073
-0.508,-4.84
-0.481,-4.224
-0.722,0.138
-0.73,0.297
-1.226,0.144
-1.572,-0.026
-1.831,0.067
-2.557,0.355
-2.566,0.033
-2.701,-0.374
-2.88,-3.826
1.803,-0.508
1.515,-2.697
-0.102,-0.481
-0.148,-3.267
-2.154,-1.258
2.998,-4.275
2.533,-4.373
-1.571,-4.114
-2.536,-0.193
-2.571,-2.933
-2.761,-0.39
-2.684,-3.514
-2.719,-2.575
-2.937,-2.165
-2.927,-1.63
-2.982,-1.609
-3.11,-0.23
-3.019,-1.201
-3.139,-0.539
3.046,-2.89
-3.104,-1.463
3.091,-1.522
2.835,-1.402
2.968,-0.572
2.798,-2.058
2.848,-1.958
2.859,-2.449
2.71,-3.867
2.762,-3.2
2.724,-1.726
2.73,-2.027
2.521,-4.025
2.524,-3.886
2.495,-1.362
2.493,-2.242
2.572,-1.551
1.98,-3.003
1.821,-1.54
1.957,-1.723
1.931,-2.919
1.773,-3.932
1.71,-3.878
1.707,-0.261
1.628,-2.847
1.564,-1.378
1.479,-3.774
1.425,-2.354
1.544,-1.939
1.333,-3.235
1.465,-1.366
1.406,-2.365
1.291,-1.245
1.236,-3.652
1.023,-3.623
0.991,-2.755
1.064,-0.13
0.895,-2.831
0.978,-1.863
0.642,-1.353
0.489,-1.672
0.541,-4.098
0.536,-0.579
0.5,-2.042
0.351,-2.9
0.279,-3.967
0.252,-0.8
0.378,-1.04
0.297,-0.908
0.118,-0.153
0.047,-0.684
0.149,-2.184
0.15,-2.836
0.026,-3.921
-0.072,-3.758
-0.065,-2.254
-0.082,-2.957
-0.127,-1.395
-0.338,-2.543
-0.376,-1.841
-0.736,-3.362
-0.767,-3.831
-0.7,-0.117
-0.704,-3.603
-1.012,-2.918
-1.168,-1.305
-1.245,-3.628
-1.356,-1.259
-1.244,-2.845
-1.253,-2.007
-1.372,-1.451
-1.608,-1.612
-1.635,-1.621
-1.798,-2.975
-1.835,-1.947
-2.066,-2.317
-2.109,-3.806
-2.201,-2.464
-2.323,-1.682
-2.378,-2.685
-2.312,-2.858
-2.46,-0.929
-2.405,-2.899
-2.606,-3.172
-2.783,-4.399
-2.824,-4.271
3.011,-4.239
2.441,-4.067
2.161,-4.338
2.035,-4.163
1.932,-4.194
1.411,-4.406
1.438,-4.287
1.406,-4.568
1.305,-4.434
1.285,-4.433
-0.017,-4.249
-0.935,-4.433
-1.523,-4.177
-1.766,-4.56
-1.97,-4.281
-2.183,-4.404
-2.201,-4.232
-2.42,-4.137
-2.403,-4.295
-2.483,-4.268
-2.627,0.145
-2.851,0.089
3.083,0.104
-3.108,0.193
2.843,0.045
2.731,0.152
2.69,0.18
2.6,-0.168
1.634,-0.031
1.348,0.118
1.306,0.221
1.116,-0.084
0.708,0.062
0.82,-0.066
0.26,0.217
-0.65,-0.039
-1.183,0.089
-1.921,0.241
-2.042,-0.104
-2.166,0.155
2.795,-0.99
2.672,-2.591
1.611,-0.931
-0.148,-1.953
-0.533,-2.621
-1.914,-2.61
2.876,-1.188
1.612,-1.882
1.111,-2.737
0.633,-1.886
-0.36,-1.882
-0.54,-1.886
-0.678,-1.15
-1.878,-0.47
-2.125,-1.169
0.189,-3.158
-1.817,-3.38
-2.591,-1.734
0.238,-4.381
-0.87,-3.817
-1.981,-3.78
-0.226,-4.547
-0.199,-3.931
-0.008,0.159
-0.504,0.006
-0.85,-0.164
-1.109,-0.071
-1.835,0.217
-1.844,-0.105
-1.979,-0.512
-2.158,-3.964
2.525,-0.646
2.237,-2.835
0.62,-0.619
0.574,-3.405
-1.432,-1.396
-2.563,-4.413
-3.028,-4.511
-0.849,-4.252
-1.814,-0.331
-1.849,-3.071
-2.039,-0.528
-1.962,-3.652
-1.997,-2.713
-2.215,-2.303
-2.205,-1.768
-2.26,-1.747
-2.388,-0.368
-2.297,-1.339
-2.417,-0.677
-2.515,-3.028
-2.382,-1.601
-2.47,-1.66
-2.726,-1.54
-2.593,-0.71
-2.763,-2.196
-2.713,-2.096
-2.702,-2.587
-2.851,-4.005
-2.799,-3.338
-2.837,-1.864
-2.831,-2.165
-3.04,-4.163
-3.037,-4.024
-3.066,-1.5
-3.068,-2.38
-2.989,-1.689
2.702,-3.141
2.543,-1.678
2.679,-1.861
2.653,-3.057
2.495,-4.07
2.432,-4.016
2.429,-0.399
2.35,-2.985
2.286,-1.516
2.201,-3.912
2.147,-2.492
2.266,-2.077
2.055,-3.373
2.187,-1.504
2.128,-2.503
2.013,-1.383
1.958,-3.79
1.745,-3.761
1.713,-2.893
1.786,-0.268
1.617,-2.969
1.7,-2.001
1.364,-1.491
1.211,-1.81
1.263,-4.236
1.258,-0.717
1.222,-2.18
1.073,-3.038
1.001,-4.105
0.974,-0.938
1.1,-1.178
1.019,-1.046
0.84,-0.291
0.769,-0.822
0.871,-2.322
0.872,-2.974
0.748,-4.059
0.65,-3.896
0.657,-2.392
0.64,-3.095
0.595,-1.533
0.384,-2.681
0.346,-1.979
-0.014,-3.5
-0.045,-3.969
0.022,-0.255
0.018,-3.741
-0.29,-3.056
-0.446,-1.443
-0.523,-3.766
-0.634,-1.397
-0.522,-2.983
-0.531,-2.145
-0.65,-1.589
-0.886,-1.75
-0.913,-1.759
-1.076,-3.113
-1.113,-2.085
-1.344,-2.455
-1.387,-3.944
-1.479,-2.602
-1.601,-1.82
-1.656,-2.823
-1.59,-2.996
-1.738,-1.067
-1.683,-3.037
-1.884,-3.31
-2.061,-4.537
-2.102,-4.409
-2.55,-4.377
-3.12,-4.205
2.883,-4.476
2.757,-4.301
2.654,-4.332
2.133,-4.544
2.16,-4.425
2.128,-4.706
2.027,-4.572
2.007,-4.571
0.705,-4.387
-0.213,-4.571
-0.801,-4.315
-1.044,-4.698
-1.248,-4.419
-1.461,-4.542
-1.479,-4.37
-1.698,-4.275
-1.681,-4.433
-1.761,-4.406
-1.905,0.007
-2.129,-0.049
-2.478,-0.034
-2.386,0.055
-2.718,-0.093
-2.83,0.014
-2.871,0.042
-2.961,-0.306
2.356,-0.169
2.07,-0.02
2.028,0.083
1.838,-0.222
1.43,-0.076
1.542,-0.204
0.982,0.079
0.072,-0.177
-0.461,-0.049
-1.199,0.103
-1.32,-0.242
-1.444,0.017
-2.766,-1.128
-2.889,-2.729
2.333,-1.069
0.574,-2.091
0.189,-2.759
-1.192,-2.748
-2.685,-1.326
2.334,-2.02
1.833,-2.875
1.355,-2.024
0.362,-2.02
0.182,-2.024
0.044,-1.288
-1.156,-0.608
-1.403,-1.307
0.911,-3.296
-1.095,-3.518
-1.869,-1.872
0.96,-4.519
-0.148,-3.955
-1.259,-3.918
0.496,-4.685
0.523,-4.069
-0.496,-0.153
-0.842,-0.323
-1.101,-0.23
-1.827,0.058
-1.836,-0.264
-1.971,-0.671
-2.15,-4.123
2.533,-0.805
2.245,-2.994
0.628,-0.778
0.582,-3.564
-1.424,-1.555
-2.555,-4.572
-3.02,-4.67
-0.841,-4.411
-1.806,-0.49
-1.841,-3.23
-2.031,-0.687
-1.954,-3.811
-1.989,-2.872
-2.207,-2.462
-2.197,-1.927
-2.252,-1.906
-2.38,-0.527
-2.289,-1.498
-2.409,-0.836
-2.507,-3.187
-2.374,-1.76
-2.462,-1.819
-2.718,-1.699
-2.585,-0.869
-2.755,-2.355
-2.705,-2.255
-2.694,-2.746
-2.843,-4.164
-2.791,-3.497
-2.829,-2.023
-2.823,-2.324
-3.032,-4.322
-3.029,-4.183
-3.058,-1.659
-3.06,-2.539
-2.981,-1.848
2.71,-3.3
2.551,-1.837
2.687,-2.02
2.661,-3.216
2.503,-4.229
2.44,-4.175
2.437,-0.558
2.358,-3.144
2.294,-1.675
2.209,-4.071
2.155,-2.651
2.274,-2.236
2.063,-3.532
2.195,-1.663
2.136,-2.662
2.021,-1.542
1.966,-3.949
1.753,-3.92
1.721,-3.052
1.794,-0.427
1.625,-3.128
1.708,-2.16
1.372,-1.65
1.219,-1.969
1.271,-4.395
1.266,-0.876
1.23,-2.339
1.081,-3.197
1.009,-4.264
0.982,-1.097
1.108,-1.337
1.027,-1.205
0.848,-0.45
0.777,-0.981
0.879,-2.481
0.88,-3.133
0.756,-4.218
0.658,-4.055
0.665,-2.551
0.648,-3.254
0.603,-1.692
0.392,-2.84
0.354,-2.138
-0.006,-3.659
-0.037,-4.128
0.03,-0.414
0.026,-3.9
-0.282,-3.215
-0.438,-1.602
-0.515,-3.925
-0.626,-1.556
-0.514,-3.142
-0.523,-2.304
-0.642,-1.748
-0.878,-1.909
-0.905,-1.918
-1.068,-3.272
-1.105,-2.244
-1.336,-2.614
-1.379,-4.103
-1.471,-2.761
-1.593,-1.979
-1.648,-2.982
-1.582,-3.155
-1.73,-1.226
-1.675,-3.196
-1.876,-3.469
-2.053,-4.696
-2.094,-4.568
-2.542,-4.536
-3.112,-4.364
2.891,-4.635
2.765,-4.46
2.662,-4.491
2.141,-4.703
2.168,-4.584
2.136,-4.865
2.035,-4.731
2.015,-4.73
0.713,-4.546
-0.205,-4.73
-0.793,-4.474
-1.036,-4.857
-1.24,-4.578
-1.453,-4.701
-1.471,-4.529
-1.69,-4.434
-1.673,-4.592
-1.753,-4.565
-1.897,-0.152
-2.121,-0.208
-2.47,-0.193
-2.378,-0.104
-2.71,-0.252
-2.822,-0.145
-2.863,-0.117
-2.953,-0.465
2.364,-0.328
2.078,-0.179
2.036,-0.076
1.846,-0.381
1.438,-0.235
1.55,-0.363
0.99,-0.08
0.08,-0.336
-0.453,-0.208
-1.191,-0.056
-1.312,-0.401
-1.436,-0.142
-2.758,-1.287
-2.881,-2.888
2.341,-1.228
0.582,-2.25
0.197,-2.918
-1.184,-2.907
-2.677,-1.485
2.342,-2.179
1.841,-3.034
1.363,-2.183
0.37,-2.179
0.19,-2.183
0.052,-1.447
-1.148,-0.767
-1.395,-1.466
0.919,-3.455
-1.087,-3.677
-1.861,-2.031
0.968,-4.678
-0.14,-4.114
-1.251,-4.077
0.504,-4.844
0.531,-4.228
-0.346,-0.17
-0.605,-0.077
-1.331,0.211
-1.34,-0.111
-1.475,-0.518
-1.654,-3.97
3.029,-0.652
2.741,-2.841
1.124,-0.625
1.078,-3.411
-0.928,-1.402
-2.059,-4.419
-2.524,-4.517
-0.345,-4.258
-1.31,-0.337
-1.345,-3.077
-1.535,-0.534
-1.458,-3.658
-1.493,-2.719
-1.711,-2.309
-1.701,-1.774
-1.756,-1.753
-1.884,-0.374
-1.793,-1.345
-1.913,-0.683
-2.011,-3.034
-1.878,-1.607
-1.966,-1.666
-2.222,-1.546
-2.089,-0.716
-2.259,-2.202
-2.209,-2.102
-2.198,-2.593
-2.347,-4.011
-2.295,-3.344
-2.333,-1.87
-2.327,-2.171
-2.536,-4.169
-2.533,-4.03
-2.562,-1.506
-2.564,-2.386
-2.485,-1.695
-3.077,-3.147
3.047,-1.684
-3.1,-1.867
-3.126,-3.063
2.999,-4.076
2.936,-4.022
2.933,-0.405
2.854,-2.991
2.79,-1.522
2.705,-3.918
2.651,-2.498
2.77,-2.083
2.559,-3.379
2.691,-1.51
2.632,-2.509
2.517,-1.389
2.462,-3.796
2.249,-3.767
2.217,-2.899
2.29,-0.274
2.121,-2.975
2.204,-2.007
1.868,-1.497
1.715,-1.816
1.767,-4.242
1.762,-0.723
1.726,-2.186
1.577,-3.044
1.505,-4.111
1.478,-0.944
1.604,-1.184
1.523,-1.052
1.344,-0.297
1.273,-0.828
1.375,-2.328
1.376,-2.98
1.252,-4.065
1.154,-3.902
1.161,-2.398
1.144,-3.101
1.099,-1.539
0.888,-2.687
0.85,-1.985
0.49,-3.506
0.459,-3.975
0.526,-0.261
0.522,-3.747
0.214,-3.062
0.058,-1.449
-0.019,-3.772
-0.13,-1.403
-0.018,-2.989
-0.027,-2.151
-0.146,-1.595
-0.382,-1.756
-0.409,-1.765
-0.572,-3.119
-0.609,-2.091
-0.84,-2.461
-0.883,-3.95
-0.975,-2.608
-1.097,-1.826
-1.152,-2.829
-1.086,-3.002
-1.234,-1.073
-1.179,-3.043
-1.38,-3.316
-1.557,-4.543
-1.598,-4.415
-2.046,-4.383
-2.616,-4.211
-2.896,-4.482
-3.022,-4.307
-3.125,-4.338
2.637,-4.55
2.664,-4.431
2.632,-4.712
2.531,-4.578
2.511,-4.577
1.209,-4.393
0.291,-4.577
-0.297,-4.321
-0.54,-4.704
-0.744,-4.425
-0.957,-4.548
-0.975,-4.376
-1.194,-4.281
-1.177,-4.439
-1.257,-4.412
-1.401,0.001
-1.625,-0.055
-1.974,-0.04
-1.882,0.049
-2.214,-0.099
-2.326,0.008
-2.367,0.036
-2.457,-0.312
2.86,-0.175
2.574,-0.026
2.532,0.077
2.342,-0.228
1.934,-0.082
2.046,-0.21
1.486,0.073
0.576,-0.183
0.043,-0.055
-0.695,0.097
-0.816,-0.248
-0.94,0.011
-2.262,-1.134
-2.385,-2.735
2.837,-1.075
1.078,-2.097
0.693,-2.765
-0.688,-2.754
-2.181,-1.332
2.838,-2.026
2.337,-2.881
1.859,-2.03
0.866,-2.026
0.686,-2.03
0.548,-1.294
-0.652,-0.614
-0.899,-1.313
1.415,-3.302
-0.591,-3.524
-1.365,-1.878
1.464,-4.525
0.356,-3.961
-0.755,-3.924
1.0,-4.691
1.027,-4.075
-0.259,0.093
-0.985,0.381
-0.994,0.059
-1.129,-0.348
-1.308,-3.8
-2.908,-0.482
3.087,-2.671
1.47,-0.455
1.424,-3.241
-0.582,-1.232
-1.713,-4.249
-2.178,-4.347
0.001,-4.088
-0.964,-0.167
-0.999,-2.907
-1.189,-0.364
-1.112,-3.488
-1.147,-2.549
-1.365,-2.139
-1.355,-1.604
-1.41,-1.583
-1.538,-0.204
-1.447,-1.175
-1.567,-0.513
-1.665,-2.864
-1.532,-1.437
-1.62,-1.496
-1.876,-1.376
-1.743,-0.546
-1.913,-2.032
-1.863,-1.932
-1.852,-2.423
-2.001,-3.841
-1.949,-3.174
-1.987,-1.7
-1.981,-2.001
-2.19,-3.999
-2.187,-3.86
-2.216,-1.336
-2.218,-2.216
-2.139,-1.525
-2.731,-2.977
-2.89,-1.514
-2.754,-1.697
-2.78,-2.893
-2.938,-3.906
-3.001,-3.852
-3.004,-0.235
-3.083,-2.821
3.136,-1.352
3.051,-3.748
2.997,-2.328
3.116,-1.913
2.905,-3.209
3.037,-1.34
2.978,-2.339
2.863,-1.219
2.808,-3.626
2.595,-3.597
2.563,-2.729
2.636,-0.104
2.467,-2.805
2.55,-1.837
2.214,-1.327
2.061,-1.646
2.113,-4.072
2.108,-0.553
2.072,-2.016
1.923,-2.874
1.851,-3.941
1.824,-0.774
1.95,-1.014
1.869,-0.882
1.69,-0.127
1.619,-0.658
1.721,-2.158
1.722,-2.81
1.598,-3.895
1.5,-3.732
1.507,-2.228
1.49,-2.931
1.445,-1.369
1.234,-2.517
1.196,-1.815
0.836,-3.336
0.805,-3.805
0.872,-0.091
0.868,-3.577
0.56,-2.892
0.404,-1.279
0.327,-3.602
0.216,-1.233
0.328,-2.819
0.319,-1.981
0.2,-1.425
-0.036,-1.586
-0.063,-1.595
-0.226,-2.949
-0.263,-1.921
-0.494,-2.291
-0.537,-3.78
-0.629,-2.438
-0.751,-1.656
-0.806,-2.659
-0.74,-2.832
-0.888,-0.903
-0.833,-2.873
-1.034,-3.146
-1.211,-4.373
-1.252,-4.245
-1.7,-4.213
-2.27,-4.041
-2.55,-4.312
-2.676,-4.137
-2.779,-4.168
2.983,-4.38
3.01,-4.261
2.978,-4.542
2.877,-4.408
2.857,-4.407
1.555,-4.223
0.637,-4.407
0.049,-4.151
-0.194,-4.534
-0.398,-4.255
-0.611,-4.378
-0.629,-4.206
-0.848,-4.111
-0.831,-4.269
-0.911,-4.242
-1.055,0.171
-1.279,0.115
-1.628,0.13
-1.536,0.219
-1.868,0.071
-1.98,0.178
-2.021,0.206
-2.111,-0.142
-3.077,-0.005
2.92,0.144
2.878,0.247
2.688,-0.058
2.28,0.088
2.392,-0.04
1.832,0.243
0.922,-0.013
0.389,0.115
-0.349,0.267
-0.47,-0.078
-0.594,0.181
-1.916,-0.964
-2.039,-2.565
-3.1,-0.905
1.424,-1.927
1.039,-2.595
-0.342,-2.584
-1.835,-1.162
-3.099,-1.856
2.683,-2.711
2.205,-1.86
1.212,-1.856
1.032,-1.86
0.894,-1.124
-0.306,-0.444
-0.553,-1.143
1.761,-3.132
-0.245,-3.354
-1.019,-1.708
1.81,-4.355
0.702,-3.791
-0.409,-3.754
1.346,-4.521
1.373,-3.905
-0.726,0.288
-0.735,-0.034
-0.87,-0.441
-1.049,-3.893
-2.649,-0.575
-2.937,-2.764
1.729,-0.548
1.683,-3.334
-0.323,-1.325
-1.454,-4.342
-1.919,-4.44
0.26,-4.181
-0.705,-0.26
-0.74,-3.0
-0.93,-0.457
-0.853,-3.581
-0.888,-2.642
-1.106,-2.232
-1.096,-1.697
-1.151,-1.676
-1.279,-0.297
-1.188,-1.268
-1.308,-0.606
-1.406,-2.957
-1.273,-1.53
-1.361,-1.589
-1.617,-1.469
-1.484,-0.639
-1.654,-2.125
-1.604,-2.025
-1.593,-2.516
-1.742,-3.934
-1.69,-3.267
-1.728,-1.793
-1.722,-2.094
-1.931,-4.092
-1.928,-3.953
-1.957,-1.429
-1.959,-2.309
-1.88,-1.618
-2.472,-3.07
-2.631,-1.607
-2.495,-1.79
-2.521,-2.986
-2.679,-3.999
-2.742,-3.945
-2.745,-0.328
-2.824,-2.914
-2.888,-1.445
-2.973,-3.841
-3.027,-2.421
-2.908,-2.006
-3.119,-3.302
-2.987,-1.433
-3.046,-2.432
3.122,-1.312
3.067,-3.719
2.854,-3.69
2.822,-2.822
2.895,-0.197
2.726,-2.898
2.809,-1.93
2.473,-1.42
2.32,-1.739
2.372,-4.165
2.367,-0.646
2.331,-2.109
2.182,-2.967
2.11,-4.034
2.083,-0.867
2.209,-1.107
2.128,-0.975
1.949,-0.22
1.878,-0.751
1.98,-2.251
1.981,-2.903
1.857,-3.988
1.759,-3.825
1.766,-2.321
1.749,-3.024
1.704,-1.462
1.493,-2.61
1.455,-1.908
1.095,-3.429
1.064,-3.898
1.131,-0.184
1.127,-3.67
0.819,-2.985
0.663,-1.372
0.586,-3.695
0.475,-1.326
0.587,-2.912
0.578,-2.074
0.459,-1.518
0.223,-1.679
0.196,-1.688
0.033,-3.042
-0.004,-2.014
-0.235,-2.384
-0.278,-3.873
-0.37,-2.531
-0.492,-1.749
-0.547,-2.752
-0.481,-2.925
-0.629,-0.996
-0.574,-2.966
-0.775,-3.239
-0.952,-4.466
-0.993,-4.338
-1.441,-4.306
-2.011,-4.134
-2.291,-4.405
-2.417,-4.23
-2.52,-4.261
-3.041,-4.473
-3.014,-4.354
-3.046,-4.635
3.136,-4.501
3.116,-4.5
1.814,-4.316
0.896,-4.5
0.308,-4.244
0.065,-4.627
-0.139,-4.348
-0.352,-4.471
-0.37,-4.299
-0.589,-4.204
-0.572,-4.362
-0.652,-4.335
-0.796,0.078
-1.02,0.022
-1.369,0.037
-1.277,0.126
-1.609,-0.022
-1.721,0.085
-1.762,0.113
-1.852,-0.235
-2.818,-0.098
-3.104,0.051
3.137,0.154
2.947,-0.151
2.539,-0.005
2.651,-0.133
2.091,0.15
1.181,-0.106
0.648,0.022
-0.09,0.174
-0.211,-0.171
-0.335,0.088
-1.657,-1.057
-1.78,-2.658
-2.841,-0.998
1.683,-2.02
1.298,-2.688
-0.083,-2.677
-1.576,-1.255
-2.84,-1.949
2.942,-2.804
2.464,-1.953
1.471,-1.949
1.291,-1.953
1.153,-1.217
-0.047,-0.537
-0.294,-1.236
2.02,-3.225
0.014,-3.447
-0.76,-1.801
2.069,-4.448
0.961,-3.884
-0.15,-3.847
1.605,-4.614
1.632,-3.998
-0.009,-0.322
-0.144,-0.729
-0.323,-4.181
-1.923,-0.863
-2.211,-3.052
2.455,-0.836
2.409,-3.622
0.403,-1.613
-0.728,-4.63
-1.193,-4.728
0.986,-4.469
0.021,-0.548
-0.014,-3.288
-0.204,-0.745
-0.127,-3.869
-0.162,-2.93
-0.38,-2.52
-0.37,-1.985
-0.425,-1.964
-0.553,-0.585
-0.462,-1.556
-0.582,-0.894
-0.68,-3.245
-0.547,-1.818
-0.635,-1.877
-0.891,-1.757
-0.758,-0.927
-0.928,-2.413
-0.878,-2.313
-0.867,-2.804
-1.016,-4.222
-0.964,-3.555
-1.002,-2.081
-0.996,-2.382
-1.205,-4.38
-1.202,-4.241
-1.231,-1.717
-1.233,-2.597
-1.154,-1.906
-1.746,-3.358
-1.905,-1.895
-1.769,-2.078
-1.795,-3.274
-1.953,-4.287
-2.016,-4.233
-2.019,-0.616
-2.098,-3.202
-2.162,-1.733
-2.247,-4.129
-2.301,-2.709
-2.182,-2.294
-2.393,-3.59
-2.261,-1.721
-2.32,-2.72
-2.435,-1.6
-2.49,-4.007
-2.703,-3.978
-2.735,-3.11
-2.662,-0.485
-2.831,-3.186
-2.748,-2.218
-3.084,-1.708
3.046,-2.027
3.098,-4.453
3.093,-0.934
3.057,-2.397
2.908,-3.255
2.836,-4.322
2.809,-1.155
2.935,-1.395
2.854,-1.263
2.675,-0.508
2.604,-1.039
2.706,-2.539
2.707,-3.191
2.583,-4.276
2.485,-4.113
2.492,-2.609
2.475,-3.312
2.43,-1.75
2.219,-2.898
2.181,-2.196
1.821,-3.717
1.79,-4.186
1.857,-0.472
1.853,-3.958
1.545,-3.273
1.389,-1.66
1.312,-3.983
1.201,-1.614
1.313,-3.2
1.304,-2.362
1.185,-1.806
0.949,-1.967
0.922,-1.976
0.759,-3.33
0.722,-2.302
0.491,-2.672
0.448,-4.161
0.356,-2.819
0.234,-2.037
0.179,-3.04
0.245,-3.213
0.097,-1.284
0.152,-3.254
-0.049,-3.527
-0.226,-4.754
-0.267,-4.626
-0.715,-4.594
-1.285,-4.422
-1.565,-4.693
-1.691,-4.518
-1.794,-4.549
-2.315,-4.761
-2.288,-4.642
-2.32,-4.923
-2.421,-4.789
-2.441,-4.788
2.54,-4.604
1.622,-4.788
1.034,-4.532
0.791,-4.915
0.587,-4.636
0.374,-4.759
0.356,-4.587
0.137,-4.492
0.154,-4.65
0.074,-4.623
-0.07,-0.21
-0.294,-0.266
-0.643,-0.251
-0.551,-0.162
-0.883,-0.31
-0.995,-0.203
-1.036,-0.175
-1.126,-0.523
-2.092,-0.386
-2.378,-0.237
-2.42,-0.134
-2.61,-0.439
-3.018,-0.293
-2.906,-0.421
2.817,-0.138
1.907,-0.394
1.374,-0.266
0.636,-0.114
0.515,-0.459
0.391,-0.2
-0.931,-1.345
-1.054,-2.946
-2.115,-1.286
2.409,-2.308
2.024,-2.976
0.643,-2.965
-0.85,-1.543
-2.114,-2.237
-2.615,-3.092
-3.093,-2.241
2.197,-2.237
2.017,-2.241
1.879,-1.505
0.679,-0.825
0.432,-1.524
2.746,-3.513
0.74,-3.735
-0.034,-2.089
2.795,-4.736
1.687,-4.172
0.576,-4.135
2.331,-4.902
2.358,-4.286
-0.135,-0.407
-0.314,-3.859
-1.914,-0.541
-2.202,-2.73
2.464,-0.514
2.418,-3.3
0.412,-1.291
-0.719,-4.308
-1.184,-4.406
0.995,-4.147
0.03,-0.226
-0.005,-2.966
-0.195,-0.423
-0.118,-3.547
-0.153,-2.608
-0.371,-2.198
-0.361,-1.663
-0.416,-1.642
-0.544,-0.263
-0.453,-1.234
-0.573,-0.572
-0.671,-2.923
-0.538,-1.496
-0.626,-1.555
-0.882,-1.435
-0.749,-0.605
-0.919,-2.091
-0.869,-1.991
-0.858,-2.482
-1.007,-3.9
-0.955,-3.233
-0.993,-1.759
-0.987,-2.06
-1.196,-4.058
-1.193,-3.919
-1.222,-1.395
-1.224,-2.275
-1.145,-1.584
-1.737,-3.036
-1.896,-1.573
-1.76,-1.756
-1.786,-2.952
-1.944,-3.965
-2.007,-3.911
-2.01,-0.294
-2.089,-2.88
-2.153,-1.411
-2.238,-3.807
-2.292,-2.387
-2.173,-1.972
-2.384,-3.268
-2.252,-1.399
-2.311,-2.398
-2.426,-1.278
-2.481,-3.685
-2.694,-3.656
-2.726,-2.788
-2.653,-0.163
-2.822,-2.864
-2.739,-1.896
-3.075,-1.386
3.055,-1.705
3.107,-4.131
3.102,-0.612
3.066,-2.075
2.917,-2.933
2.845,-4.0
2.818,-0.833
2.944,-1.073
2.863,-0.941
2.684,-0.186
2.613,-0.717
2.715,-2.217
2.716,-2.869
2.592,-3.954
2.494,-3.791
2.501,-2.287
2.484,-2.99
2.439,-1.428
2.228,-2.576
2.19,-1.874
1.83,-3.395
1.799,-3.864
1.866,-0.15
1.862,-3.636
1.554,-2.951
1.398,-1.338
1.321,-3.661
1.21,-1.292
1.322,-2.878
1.313,-2.04
1.194,-1.484
0.958,-1.645
0.931,-1.654
0.768,-3.008
0.731,-1.98
0.5,-2.35
0.457,-3.839
0.365,-2.497
0.243,-1.715
0.188,-2.718
0.254,-2.891
0.106,-0.962
0.161,-2.932
-0.04,-3.205
-0.217,-4.432
-0.258,-4.304
-0.706,-4.272
-1.276,-4.1
-1.556,-4.371
-1.682,-4.196
-1.785,-4.227
-2.306,-4.439
-2.279,-4.32
-2.311,-4.601
-2.412,-4.467
-2.432,-4.466
2.549,-4.282
1.631,-4.466
1.043,-4.21
0.8,-4.593
0.596,-4.314
0.383,-4.437
0.365,-4.265
0.146,-4.17
0.163,-4.328
0.083,-4.301
-0.061,0.112
-0.285,0.056
-0.634,0.071
-0.542,0.16
-0.874,0.012
-0.986,0.119
-1.027,0.147
-1.117,-0.201
-2.083,-0.064
-2.369,0.085
-2.411,0.188
-2.601,-0.117
-3.009,0.029
-2.897,-0.099
2.826,0.184
1.916,-0.072
1.383,0.056
0.645,0.208
0.524,-0.137
0.4,0.122
-0.922,-1.023
-1.045,-2.624
-2.106,-0.964
2.418,-1.986
2.033,-2.654
0.652,-2.643
-0.841,-1.221
-2.105,-1.915
-2.606,-2.77
-3.084,-1.919
2.206,-1.915
2.026,-1.919
1.888,-1.183
0.688,-0.503
0.441,-1.202
2.755,-3.191
0.749,-3.413
-0.025,-1.767
2.804,-4.414
1.696,-3.85
0.585,-3.813
2.34,-4.58
2.367,-3.964
-0.179,-3.452
-1.779,-0.134
-2.067,-2.323
2.599,-0.107
2.553,-2.893
0.547,-0.884
-0.584,-3.901
-1.049,-3.999
1.13,-3.74
0.165,0.181
0.13,-2.559
-0.06,-0.016
0.017,-3.14
-0.018,-2.201
-0.236,-1.791
-0.226,-1.256
-0.281,-1.235
-0.409,0.144
-0.318,-0.827
-0.438,-0.165
-0.536,-2.516
-0.403,-1.089
-0.491,-1.148
-0.747,-1.028
-0.614,-0.198
-0.784,-1.684
-0.734,-1.584
-0.723,-2.075
-0.872,-3.493
-0.82,-2.826
-0.858,-1.352
-0.852,-1.653
-1.061,-3.651
-1.058,-3.512
-1.087,-0.988
-1.089,-1.868
-1.01,-1.177
-1.602,-2.629
-1.761,-1.166
-1.625,-1.349
-1.651,-2.545
-1.809,-3.558
-1.872,-3.504
-1.875,0.113
-1.954,-2.473
-2.018,-1.004
-2.103,-3.4
-2.157,-1.98
-2.038,-1.565
-2.249,-2.861
-2.117,-0.992
-2.176,-1.991
-2.291,-0.871
-2.346,-3.278
-2.559,-3.249
-2.591,-2.381
-2.518,0.244
-2.687,-2.457
-2.604,-1.489
-2.94,-0.979
-3.093,-1.298
-3.041,-3.724
-3.046,-0.205
-3.082,-1.668
3.052,-2.526
2.98,-3.593
2.953,-0.426
3.079,-0.666
2.998,-0.534
2.819,0.221
2.748,-0.31
2.85,-1.81
2.851,-2.462
2.727,-3.547
2.629,-3.384
2.636,-1.88
2.619,-2.583
2.574,-1.021
2.363,-2.169
2.325,-1.467
1.965,-2.988
1.934,-3.457
2.001,0.257
1.997,-3.229
1.689,-2.544
1.533,-0.931
1.456,-3.254
1.345,-0.885
1.457,-2.471
1.448,-1.633
1.329,-1.077
1.093,-1.238
1.066,-1.247
0.903,-2.601
0.866,-1.573
0.635,-1.943
0.592,-3.432
0.5,-2.09
0.378,-1.308
0.323,-2.311
0.389,-2.484
0.241,-0.555
0.296,-2.525
0.095,-2.798
-0.082,-4.025
-0.123,-3.897
-0.571,-3.865
-1.141,-3.693
-1.421,-3.964
-1.547,-3.789
-1.65,-3.82
-2.171,-4.032
-2.144,-3.913
-2.176,-4.194
-2.277,-4.06
-2.297,-4.059
2.684,-3.875
1.766,-4.059
1.178,-3.803
0.935,-4.186
0.731,-3.907
0.518,-4.03
0.5,-3.858
0.281,-3.763
0.298,-3.921
0.218,-3.894
0.074,0.519
-0.15,0.463
-0.499,0.478
-0.407,0.567
-0.739,0.419
-0.851,0.526
-0.892,0.554
-0.982,0.206
-1.948,0.343
-2.234,0.492
-2.276,0.595
-2.466,0.29
-2.874,0.436
-2.762,0.308
2.961,0.591
2.051,0.335
1.518,0.463
0.78,0.615
0.659,0.27
0.535,0.529
-0.787,-0.616
-0.91,-2.217
-1.971,-0.557
2.553,-1.579
2.168,-2.247
0.787,-2.236
-0.706,-0.814
-1.97,-1.508
-2.471,-2.363
-2.949,-1.512
2.341,-1.508
2.161,-1.512
2.023,-0.776
0.823,-0.096
0.576,-0.795
2.89,-2.784
0.884,-3.006
0.11,-1.36
2.939,-4.007
1.831,-3.443
0.72,-3.406
2.475,-4.173
2.502,-3.557
-1.6,3.318
-1.888,1.129
2.778,3.345
2.732,0.559
0.726,2.568
-0.405,-0.449
-0.87,-0.547
1.309,-0.288
0.344,3.633
0.309,0.893
0.119,3.436
0.196,0.312
0.161,1.251
-0.057,1.661
-0.047,2.196
-0.102,2.217
-0.23,3.596
-0.139,2.625
-0.259,3.287
-0.357,0.936
-0.224,2.363
-0.312,2.304
-0.568,2.424
-0.435,3.254
-0.605,1.768
-0.555,1.868
-0.544,1.377
-0.693,-0.041
-0.641,0.626
-0.679,2.1
-0.673,1.799
-0.882,-0.199
-0.879,-0.06
-0.908,2.464
-0.91,1.584
-0.831,2.275
-1.423,0.823
-1.582,2.286
-1.446,2.103
-1.472,0.907
-1.63,-0.106
-1.693,-0.052
-1.696,3.565
-1.775,0.979
-1.839,2.448
-1.924,0.052
-1.978,1.472
-1.859,1.887
-2.07,0.591
-1.938,2.46
-1.997,1.461
-2.112,2.581
-2.167,0.174
-2.38,0.203
-2.412,1.071
-2.339,3.696
-2.508,0.995
-2.425,1.963
-2.761,2.473
-2.914,2.154
-2.862,-0.272
-2.867,3.247
-2.903,1.784
-3.052,0.926
-3.124,-0.141
3.132,3.026
-3.025,2.786
-3.106,2.918
2.998,3.673
2.927,3.142
3.029,1.642
3.03,0.99
2.906,-0.095
2.808,0.068
2.815,1.572
2.798,0.869
2.753,2.431
2.542,1.283
2.504,1.985
2.144,0.464
2.113,-0.005
2.18,3.709
2.176,0.223
1.868,0.908
1.712,2.521
1.635,0.198
1.524,2.567
1.636,0.981
1.627,1.819
1.508,2.375
1.272,2.214
1.245,2.205
1.082,0.851
1.045,1.879
0.814,1.509
0.771,0.02
0.679,1.362
0.557,2.144
0.502,1.141
0.568,0.968
0.42,2.897
0.475,0.927
0.274,0.654
0.097,-0.573
0.056,-0.445
-0.392,-0.413
-0.962,-0.241
-1.242,-0.512
-1.368,-0.337
-1.471,-0.368
-1.992,-0.58
-1.965,-0.461
-1.997,-0.742
-2.098,-0.608
-2.118,-0.607
2.863,-0.423
1.945,-0.607
1.357,-0.351
1.114,-0.734
0.91,-0.455
0.697,-0.578
0.679,-0.406
0.46,-0.311
0.477,-0.469
0.397,-0.442
0.253,3.971
0.029,3.915
-0.32,3.93
-0.228,4.019
-0.56,3.871
-0.672,3.978
-0.713,4.006
-0.803,3.658
-1.769,3.795
-2.055,3.944
-2.097,4.047
-2.287,3.742
-2.695,3.888
-2.583,3.76
3.14,4.043
2.23,3.787
1.697,3.915
0.959,4.067
0.838,3.722
0.714,3.981
-0.608,2.836
-0.731,1.235
-1.792,2.895
2.732,1.873
2.347,1.205
0.966,1.216
-0.527,2.638
-1.791,1.944
-2.292,1.089
-2.77,1.94
2.52,1.944
2.34,1.94
2.202,2.676
1.002,3.356
0.755,2.657
3.069,0.668
1.063,0.446
0.289,2.092
3.118,-0.555
2.01,0.009
0.899,0.046
2.654,-0.721
2.681,-0.105
-0.288,-2.189
-1.905,0.027
-1.951,-2.759
2.326,-0.75
1.195,-3.767
0.73,-3.865
2.909,-3.606
1.944,0.315
1.909,-2.425
1.719,0.118
1.796,-3.006
1.761,-2.067
1.543,-1.657
1.553,-1.122
1.498,-1.101
1.37,0.278
1.461,-0.693
1.341,-0.031
1.243,-2.382
1.376,-0.955
1.288,-1.014
1.032,-0.894
1.165,-0.064
0.995,-1.55
1.045,-1.45
1.056,-1.941
0.907,-3.359
0.959,-2.692
0.921,-1.218
0.927,-1.519
0.718,-3.517
0.721,-3.378
0.692,-0.854
0.69,-1.734
0.769,-1.043
0.177,-2.495
0.018,-1.032
0.154,-1.215
0.128,-2.411
-0.03,-3.424
-0.093,-3.37
-0.096,0.247
-0.175,-2.339
-0.239,-0.87
-0.324,-3.266
-0.378,-1.846
-0.259,-1.431
-0.47,-2.727
-0.338,-0.858
-0.397,-1.857
-0.512,-0.737
-0.567,-3.144
-0.78,-3.115
-0.812,-2.247
-0.739,0.378
-0.908,-2.323
-0.825,-1.355
-1.161,-0.845
-1.314,-1.164
-1.262,-3.59
-1.267,-0.071
-1.303,-1.534
-1.452,-2.392
-1.524,-3.459
-1.551,-0.292
-1.425,-0.532
-1.506,-0.4
-1.685,0.355
-1.756,-0.176
-1.654,-1.676
-1.653,-2.328
-1.777,-3.413
-1.875,-3.25
-1.868,-1.746
-1.885,-2.449
-1.93,-0.887
-2.141,-2.035
-2.179,-1.333
-2.539,-2.854
-2.57,-3.323
-2.503,0.391
-2.507,-3.095
-2.815,-2.41
-2.971,-0.797
-3.048,-3.12
3.124,-0.751
-3.047,-2.337
-3.056,-1.499
3.108,-0.943
2.872,-1.104
2.845,-1.113
2.682,-2.467
2.645,-1.439
2.414,-1.809
2.371,-3.298
2.279,-1.956
2.157,-1.174
2.102,-2.177
2.168,-2.35
2.02,-0.421
2.075,-2.391
1.874,-2.664
1.697,-3.891
1.656,-3.763
1.208,-3.731
0.638,-3.559
0.358,-3.83
0.232,-3.655
0.129,-3.686
-0.392,-3.898
-0.365,-3.779
-0.397,-4.06
-0.498,-3.926
-0.518,-3.925
-1.82,-3.741
-2.738,-3.925
2.957,-3.669
2.714,-4.052
2.51,-3.773
2.297,-3.896
2.279,-3.724
2.06,-3.629
2.077,-3.787
1.997,-3.76
1.853,0.653
1.629,0.597
1.28,0.612
1.372,0.701
1.04,0.553
0.928,0.66
0.887,0.688
0.797,0.34
-0.169,0.477
-0.455,0.626
-0.497,0.729
-0.687,0.424
-1.095,0.57
-0.983,0.442
-1.543,0.725
-2.453,0.469
-2.986,0.597
2.559,0.749
2.438,0.404
2.314,0.663
0.992,-0.482
0.869,-2.083
-0.192,-0.423
-1.951,-1.445
-2.336,-2.113
2.566,-2.102
1.073,-0.68
-0.191,-1.374
-0.692,-2.229
-1.17,-1.378
-2.163,-1.374
-2.343,-1.378
-2.481,-0.642
2.602,0.038
2.355,-0.661
-1.614,-2.65
2.663,-2.872
1.889,-1.226
-1.565,-3.873
-2.673,-3.309
2.499,-3.272
-2.029,-4.039
-2.002,-3.423
-1.617,2.216
-1.663,-0.57
2.614,1.439
1.483,-1.578
1.018,-1.676
-3.086,-1.417
2.232,2.504
2.197,-0.236
2.007,2.307
2.084,-0.817
2.049,0.122
1.831,0.532
1.841,1.067
1.786,1.088
1.658,2.467
1.749,1.496
1.629,2.158
1.531,-0.193
1.664,1.234
1.576,1.175
1.32,1.295
1.453,2.125
1.283,0.639
1.333,0.739
1.344,0.248
1.195,-1.17
1.247,-0.503
1.209,0.971
1.215,0.67
1.006,-1.328
1.009,-1.189
0.98,1.335
0.978,0.455
1.057,1.146
0.465,-0.306
0.306,1.157
0.442,0.974
0.416,-0.222
0.258,-1.235
0.195,-1.181
0.192,2.436
0.113,-0.15
0.049,1.319
-0.036,-1.077
-0.09,0.343
0.029,0.758
-0.182,-0.538
-0.05,1.331
-0.109,0.332
-0.224,1.452
-0.279,-0.955
-0.492,-0.926
-0.524,-0.058
-0.451,2.567
-0.62,-0.134
-0.537,0.834
-0.873,1.344
-1.026,1.025
-0.974,-1.401
-0.979,2.118
-1.015,0.655
-1.164,-0.203
-1.236,-1.27
-1.263,1.897
-1.137,1.657
-1.218,1.789
-1.397,2.544
-1.468,2.013
-1.366,0.513
-1.365,-0.139
-1.489,-1.224
-1.587,-1.061
-1.58,0.443
-1.597,-0.26
-1.642,1.302
-1.853,0.154
-1.891,0.856
-2.251,-0.665
-2.282,-1.134
-2.215,2.58
-2.219,-0.906
-2.527,-0.221
-2.683,1.392
-2.76,-0.931
-2.871,1.438
-2.759,-0.148
-2.768,0.69
-2.887,1.246
-3.123,1.085
3.133,1.076
2.97,-0.278
2.933,0.75
2.702,0.38
2.659,-1.109
2.567,0.233
2.445,1.015
2.39,0.012
2.456,-0.161
2.308,1.768
2.363,-0.202
2.162,-0.475
1.985,-1.702
1.944,-1.574
1.496,-1.542
0.926,-1.37
0.646,-1.641
0.52,-1.466
0.417,-1.497
-0.104,-1.709
-0.077,-1.59
-0.109,-1.871
-0.21,-1.737
-0.23,-1.736
-1.532,-1.552
-2.45,-1.736
-3.038,-1.48
3.002,-1.863
2.798,-1.584
2.585,-1.707
2.567,-1.535
2.348,-1.44
2.365,-1.598
2.285,-1.571
2.141,2.842
1.917,2.786
1.568,2.801
1.66,2.89
1.328,2.742
1.216,2.849
1.175,2.877
1.085,2.529
0.119,2.666
-0.167,2.815
-0.209,2.918
-0.399,2.613
-0.807,2.759
-0.695,2.631
-1.255,2.914
-2.165,2.658
-2.698,2.786
2.847,2.938
2.726,2.593
2.602,2.852
1.28,1.707
1.157,0.106
0.096,1.766
-1.663,0.744
-2.048,0.076
2.854,0.087
1.361,1.509
0.097,0.815
-0.404,-0.04
-0.882,0.811
-1.875,0.815
-2.055,0.811
-2.193,1.547
2.89,2.227
2.643,1.528
-1.326,-0.461
2.951,-0.683
2.177,0.963
-1.277,-1.684
-2.385,-1.12
2.787,-1.083
-1.741,-1.85
-1.714,-1.234
-0.046,-2.786
-2.052,-0.777
3.1,-3.794
2.635,-3.892
-1.469,-3.633
-2.434,0.288
-2.469,-2.452
-2.659,0.091
-2.582,-3.033
-2.617,-2.094
-2.835,-1.684
-2.825,-1.149
-2.88,-1.128
-3.008,0.251
-2.917,-0.72
-3.037,-0.058
-3.135,-2.409
-3.002,-0.982
-3.09,-1.041
2.937,-0.921
3.07,-0.091
2.9,-1.577
2.95,-1.477
2.961,-1.968
2.812,-3.386
2.864,-2.719
2.826,-1.245
2.832,-1.546
2.623,-3.544
2.626,-3.405
2.597,-0.881
2.595,-1.761
2.674,-1.07
2.082,-2.522
1.923,-1.059
2.059,-1.242
2.033,-2.438
1.875,-3.451
1.812,-3.397
1.809,0.22
1.73,-2.366
1.666,-0.897
1.581,-3.293
1.527,-1.873
1.646,-1.458
1.435,-2.754
1.567,-0.885
1.508,-1.884
1.393,-0.764
1.338,-3.171
1.125,-3.142
1.093,-2.274
1.166,0.351
0.997,-2.35
1.08,-1.382
0.744,-0.872
0.591,-1.191
0.643,-3.617
0.638,-0.098
0.602,-1.561
0.453,-2.419
0.381,-3.486
0.354,-0.319
0.48,-0.559
0.399,-0.427
0.22,0.328
0.149,-0.203
0.251,-1.703
0.252,-2.355
0.128,-3.44
0.03,-3.277
0.037,-1.773
0.02,-2.476
-0.025,-0.914
-0.236,-2.062
-0.274,-1.36
-0.634,-2.881
-0.665,-3.35
-0.598,0.364
-0.602,-3.122
-0.91,-2.437
-1.066,-0.824
-1.143,-3.147
-1.254,-0.778
-1.142,-2.364
-1.151,-1.526
-1.27,-0.97
-1.506,-1.131
-1.533,-1.14
-1.696,-2.494
-1.733,-1.466
-1.964,-1.836
-2.007,-3.325
-2.099,-1.983
-2.221,-1.201
-2.276,-2.204
-2.21,-2.377
-2.358,-0.448
-2.303,-2.418
-2.504,-2.691
-2.681,-3.918
-2.722,-3.79
3.113,-3.758
2.543,-3.586
2.263,-3.857
2.137,-3.682
2.034,-3.713
1.513,-3.925
1.54,-3.806
1.508,-4.087
1.407,-3.953
1.387,-3.952
0.085,-3.768
-0.833,-3.952
-1.421,-3.696
-1.664,-4.079
-1.868,-3.8
-2.081,-3.923
-2.099,-3.751
-2.318,-3.656
-2.301,-3.814
-2.381,-3.787
-2.525,0.626
-2.749,0.57
-3.098,0.585
-3.006,0.674
2.945,0.526
2.833,0.633
2.792,0.661
2.702,0.313
1.736,0.45
1.45,0.599
1.408,0.702
1.218,0.397
0.81,0.543
0.922,0.415
0.362,0.698
-0.548,0.442
-1.081,0.57
-1.819,0.722
-1.94,0.377
-2.064,0.636
2.897,-0.509
2.774,-2.11
1.713,-0.45
-0.046,-1.472
-0.431,-2.14
-1.812,-2.129
2.978,-0.707
1.714,-1.401
1.213,-2.256
0.735,-1.405
-0.258,-1.401
-0.438,-1.405
-0.576,-0.669
-1.776,0.011
-2.023,-0.688
0.291,-2.677
-1.715,-2.899
-2.489,-1.253
0.34,-3.9
-0.768,-3.336
-1.879,-3.299
-0.124,-4.066
-0.097,-3.45
-2.006,2.009
-3.137,-1.008
2.681,-1.106
-1.423,-0.847
-2.388,3.074
-2.423,0.334
-2.613,2.877
-2.536,-0.247
-2.571,0.692
-2.789,1.102
-2.779,1.637
-2.834,1.658
-2.962,3.037
-2.871,2.066
-2.991,2.728
-3.089,0.377
-2.956,1.804
-3.044,1.745
2.983,1.865
3.116,2.695
2.946,1.209
2.996,1.309
3.007,0.818
2.858,-0.6
2.91,0.067
2.872,1.541
2.878,1.24
2.669,-0.758
2.672,-0.619
2.643,1.905
2.641,1.025
2.72,1.716
2.128,0.264
1.969,1.727
2.105,1.544
2.079,0.348
1.921,-0.665
1.858,-0.611
1.855,3.006
1.776,0.42
1.712,1.889
1.627,-0.507
1.573,0.913
1.692,1.328
1.481,0.032
1.613,1.901
1.554,0.902
1.439,2.022
1.384,-0.385
1.171,-0.356
1.139,0.512
1.212,3.137
1.043,0.436
1.126,1.404
0.79,1.914
0.637,1.595
0.689,-0.831
0.684,2.688
0.648,1.225
0.499,0.367
0.427,-0.7
0.4,2.467
0.526,2.227
0.445,2.359
0.266,3.114
0.195,2.583
0.297,1.083
0.298,0.431
0.174,-0.654
0.076,-0.491
0.083,1.013
0.066,0.31
0.021,1.872
-0.19,0.724
-0.228,1.426
-0.588,-0.095
-0.619,-0.564
-0.552,3.15
-0.556,-0.336
-0.864,0.349
-1.02,1.962
-1.097,-0.361
-1.208,2.008
-1.096,0.422
-1.105,1.26
-1.224,1.816
-1.46,1.655
-1.487,1.646
-1.65,0.292
-1.687,1.32
-1.918,0.95
-1.961,-0.539
-2.053,0.803
-2.175,1.585
-2.23,0.582
-2.164,0.409
-2.312,2.338
-2.257,0.368
-2.458,0.095
-2.635,-1.132
-2.676,-1.004
-3.124,-0.972
2.589,-0.8
2.309,-1.071
2.183,-0.896
2.08,-0.927
1.559,-1.139
1.586,-1.02
1.554,-1.301
1.453,-1.167
1.433,-1.166
0.131,-0.982
-0.787,-1.166
-1.375,-0.91
-1.618,-1.293
-1.822,-1.014
-2.035,-1.137
-2.053,-0.965
-2.272,-0.87
-2.255,-1.028
-2.335,-1.001
-2.479,3.412
-2.703,3.356
-3.052,3.371
-2.96,3.46
2.991,3.312
2.879,3.419
2.838,3.447
2.748,3.099
1.782,3.236
1.496,3.385
1.454,3.488
1.264,3.183
0.856,3.329
0.968,3.201
0.408,3.484
-0.502,3.228
-1.035,3.356
-1.773,3.508
-1.894,3.163
-2.018,3.422
2.943,2.277
2.82,0.676
1.759,2.336
0.0,1.314
-0.385,0.646
-1.766,0.657
3.024,2.079
1.76,1.385
1.259,0.53
0.781,1.381
-0.212,1.385
-0.392,1.381
-0.53,2.117
-1.73,2.797
-1.977,2.098
0.337,0.109
-1.669,-0.113
-2.443,1.533
0.386,-1.114
-0.722,-0.55
-1.833,-0.513
-0.078,-1.28
-0.051,-0.664
-1.131,-3.017
-1.596,-3.115
0.583,-2.856
-0.382,1.065
-0.417,-1.675
-0.607,0.868
-0.53,-2.256
-0.565,-1.317
-0.783,-0.907
-0.773,-0.372
-0.828,-0.351
-0.956,1.028
-0.865,0.057
-0.985,0.719
-1.083,-1.632
-0.95,-0.205
-1.038,-0.264
-1.294,-0.144
-1.161,0.686
-1.331,-0.8
-1.281,-0.7
-1.27,-1.191
-1.419,-2.609
-1.367,-1.942
-1.405,-0.468
-1.399,-0.769
-1.608,-2.767
-1.605,-2.628
-1.634,-0.104
-1.636,-0.984
-1.557,-0.293
-2.149,-1.745
-2.308,-0.282
-2.172,-0.465
-2.198,-1.661
-2.356,-2.674
-2.419,-2.62
-2.422,0.997
-2.501,-1.589
-2.565,-0.12
-2.65,-2.516
-2.704,-1.096
-2.585,-0.681
-2.796,-1.977
-2.664,-0.108
-2.723,-1.107
-2.838,0.013
-2.893,-2.394
-3.106,-2.365
-3.138,-1.497
-3.065,1.128
3.049,-1.573
3.132,-0.605
2.796,-0.095
2.643,-0.414
2.695,-2.84
2.69,0.679
2.654,-0.784
2.505,-1.642
2.433,-2.709
2.406,0.458
2.532,0.218
2.451,0.35
2.272,1.105
2.201,0.574
2.303,-0.926
2.304,-1.578
2.18,-2.663
2.082,-2.5
2.089,-0.996
2.072,-1.699
2.027,-0.137
1.816,-1.285
1.778,-0.583
1.418,-2.104
1.387,-2.573
1.454,1.141
1.45,-2.345
1.142,-1.66
0.986,-0.047
0.909,-2.37
0.798,-0.001
0.91,-1.587
0.901,-0.749
0.782,-0.193
0.546,-0.354
0.519,-0.363
0.356,-1.717
0.319,-0.689
0.088,-1.059
0.045,-2.548
-0.047,-1.206
-0.169,-0.424
-0.224,-1.427
-0.158,-1.6
-0.306,0.329
-0.251,-1.641
-0.452,-1.914
-0.629,-3.141
-0.67,-3.013
-1.118,-2.981
-1.688,-2.809
-1.968,-3.08
-2.094,-2.905
-2.197,-2.936
-2.718,-3.148
-2.691,-3.029
-2.723,-3.31
-2.824,-3.176
-2.844,-3.175
2.137,-2.991
1.219,-3.175
0.631,-2.919
0.388,-3.302
0.184,-3.023
-0.029,-3.146
-0.047,-2.974
-0.266,-2.879
-0.249,-3.037
-0.329,-3.01
-0.473,1.403
-0.697,1.347
-1.046,1.362
-0.954,1.451
-1.286,1.303
-1.398,1.41
-1.439,1.438
-1.529,1.09
-2.495,1.227
-2.781,1.376
-2.823,1.479
-3.013,1.174
2.862,1.32
2.974,1.192
2.414,1.475
1.504,1.219
0.971,1.347
0.233,1.499
0.112,1.154
-0.012,1.413
-1.334,0.268
-1.457,-1.333
-2.518,0.327
2.006,-0.695
1.621,-1.363
0.24,-1.352
-1.253,0.07
-2.517,-0.624
-3.018,-1.479
2.787,-0.628
1.794,-0.624
1.614,-0.628
1.476,0.108
0.276,0.788
0.029,0.089
2.343,-1.9
0.337,-2.122
-0.437,-0.476
2.392,-3.123
1.284,-2.559
0.173,-2.522
1.928,-3.289
1.955,-2.673
-0.465,-0.098
1.714,0.161
0.749,4.082
0.714,1.342
0.524,3.885
0.601,0.761
0.566,1.7
0.348,2.11
0.358,2.645
0.303,2.666
0.175,4.045
0.266,3.074
0.146,3.736
0.048,1.385
0.181,2.812
0.093,2.753
-0.163,2.873
-0.03,3.703
-0.2,2.217
-0.15,2.317
-0.139,1.826
-0.288,0.408
-0.236,1.075
-0.274,2.549
-0.268,2.248
-0.477,0.25
-0.474,0.389
-0.503,2.913
-0.505,2.033
-0.426,2.724
-1.018,1.272
-1.177,2.735
-1.041,2.552
-1.067,1.356
-1.225,0.343
-1.288,0.397
-1.291,4.014
-1.37,1.428
-1.434,2.897
-1.519,0.501
-1.573,1.921
-1.454,2.336
-1.665,1.04
-1.533,2.909
-1.592,1.91
-1.707,3.03
-1.762,0.623
-1.975,0.652
-2.007,1.52
-1.934,4.145
-2.103,1.444
-2.02,2.412
-2.356,2.922
-2.509,2.603
-2.457,0.177
-2.462,3.696
-2.498,2.233
-2.647,1.375
-2.719,0.308
-2.746,3.475
-2.62,3.235
-2.701,3.367
-2.88,4.122
-2.951,3.591
-2.849,2.091
-2.848,1.439
-2.972,0.354
-3.07,0.517
-3.063,2.021
-3.08,1.318
-3.125,2.88
2.947,1.732
2.909,2.434
2.549,0.913
2.518,0.444
2.585,4.158
2.581,0.672
2.273,1.357
2.117,2.97
2.04,0.647
1.929,3.016
2.041,1.43
2.032,2.268
1.913,2.824
1.677,2.663
1.65,2.654
1.487,1.3
1.45,2.328
1.219,1.958
1.176,0.469
1.084,1.811
0.962,2.593
0.907,1.59
0.973,1.417
0.825,3.346
0.88,1.376
0.679,1.103
0.502,-0.124
0.461,0.004
0.013,0.036
-0.557,0.208
-0.837,-0.063
-0.963,0.112
-1.066,0.081
-1.587,-0.131
-1.56,-0.012
-1.592,-0.293
-1.693,-0.159
-1.713,-0.158
-3.015,0.026
2.35,-0.158
1.762,0.098
1.519,-0.285
1.315,-0.006
1.102,-0.129
1.084,0.043
0.865,0.138
0.882,-0.02
0.802,0.007
0.658,4.42
0.434,4.364
0.085,4.379
0.177,4.468
-0.155,4.32
-0.267,4.427
-0.308,4.455
-0.398,4.107
-1.364,4.244
-1.65,4.393
-1.692,4.496
-1.882,4.191
-2.29,4.337
-2.178,4.209
-2.738,4.492
2.635,4.236
2.102,4.364
1.364,4.516
1.243,4.171
1.119,4.43
-0.203,3.285
-0.326,1.684
-1.387,3.344
3.137,2.322
2.752,1.654
1.371,1.665
-0.122,3.087
-1.386,2.393
-1.887,1.538
-2.365,2.389
2.925,2.393
2.745,2.389
2.607,3.125
1.407,3.805
1.16,3.106
-2.809,1.117
1.468,0.895
0.694,2.541
-2.76,-0.106
2.415,0.458
1.304,0.495
3.059,-0.272
3.086,0.344
2.179,0.259
1.214,4.18
1.179,1.44
0.989,3.983
1.066,0.859
1.031,1.798
0.813,2.208
0.823,2.743
0.768,2.764
0.64,4.143
0.731,3.172
0.611,3.834
0.513,1.483
0.646,2.91
0.558,2.851
0.302,2.971
0.435,3.801
0.265,2.315
0.315,2.415
0.326,1.924
0.177,0.506
0.229,1.173
0.191,2.647
0.197,2.346
-0.012,0.348
-0.009,0.487
-0.038,3.011
-0.04,2.131
0.039,2.822
-0.553,1.37
-0.712,2.833
-0.576,2.65
-0.602,1.454
-0.76,0.441
-0.823,0.495
-0.826,4.112
-0.905,1.526
-0.969,2.995
-1.054,0.599
-1.108,2.019
-0.989,2.434
-1.2,1.138
-1.068,3.007
-1.127,2.008
-1.242,3.128
-1.297,0.721
-1.51,0.75
-1.542,1.618
-1.469,4.243
-1.638,1.542
-1.555,2.51
-1.891,3.02
-2.044,2.701
-1.992,0.275
-1.997,3.794
-2.033,2.331
-2.182,1.473
-2.254,0.406
-2.281,3.573
-2.155,3.333
-2.236,3.465
-2.415,4.22
-2.486,3.689
-2.384,2.189
-2.383,1.537
-2.507,0.452
-2.605,0.615
-2.598,2.119
-2.615,1.416
-2.66,2.978
-2.871,1.83
-2.909,2.532
3.014,1.011
2.983,0.542
3.05,4.256
3.046,0.77
2.738,1.455
2.582,3.068
2.505,0.745
2.394,3.114
2.506,1.528
2.497,2.366
2.378,2.922
2.142,2.761
2.115,2.752
1.952,1.398
1.915,2.426
1.684,2.056
1.641,0.567
1.549,1.909
1.427,2.691
1.372,1.688
1.438,1.515
1.29,3.444
1.345,1.474
1.144,1.201
0.967,-0.026
0.926,0.102
0.478,0.134
-0.092,0.306
-0.372,0.035
-0.498,0.21
-0.601,0.179
-1.122,-0.033
-1.095,0.086
-1.127,-0.195
-1.228,-0.061
-1.248,-0.06
-2.55,0.124
2.815,-0.06
2.227,0.196
1.984,-0.187
1.78,0.092
1.567,-0.031
1.549,0.141
1.33,0.236
1.347,0.078
1.267,0.105
1.123,4.518
0.899,4.462
0.55,4.477
0.642,4.566
0.31,4.418
0.198,4.525
0.157,4.553
0.067,4.205
-0.899,4.342
-1.185,4.491
-1.227,4.594
-1.417,4.289
-1.825,4.435
-1.713,4.307
-2.273,4.59
3.1,4.334
2.567,4.462
1.829,4.614
1.708,4.269
1.584,4.528
0.262,3.383
0.139,1.782
-0.922,3.442
-2.681,2.42
-3.066,1.752
1.836,1.763
0.343,3.185
-0.921,2.491
-1.422,1.636
-1.9,2.487
-2.893,2.491
-3.073,2.487
3.072,3.223
1.872,3.903
1.625,3.204
-2.344,1.215
1.933,0.993
1.159,2.639
-2.295,-0.008
2.88,0.556
1.769,0.593
-2.759,-0.174
-2.732,0.442
-0.965,3.921
-1.0,1.181
-1.19,3.724
-1.113,0.6
-1.148,1.539
-1.366,1.949
-1.356,2.484
-1.411,2.505
-1.539,3.884
-1.448,2.913
-1.568,3.575
-1.666,1.224
-1.533,2.651
-1.621,2.592
-1.877,2.712
-1.744,3.542
-1.914,2.056
-1.864,2.156
-1.853,1.665
-2.002,0.247
-1.95,0.914
-1.988,2.388
-1.982,2.087
-2.191,0.089
-2.188,0.228
-2.217,2.752
-2.219,1.872
-2.14,2.563
-2.732,1.111
-2.891,2.574
-2.755,2.391
-2.781,1.195
-2.939,0.182
-3.002,0.236
-3.005,3.853
-3.084,1.267
3.135,2.736
3.05,0.34
2.996,1.76
3.115,2.175
2.904,0.879
3.036,2.748
2.977,1.749
2.862,2.869
2.807,0.462
2.594,0.491
2.562,1.359
2.635,3.984
2.466,1.283
2.549,2.251
2.213,2.761
2.06,2.442
2.112,0.016
2.107,3.535
2.071,2.072
1.922,1.214
1.85,0.147
1.823,3.314
1.949,3.074
1.868,3.206
1.689,3.961
1.618,3.43
1.72,1.93
1.721,1.278
1.597,0.193
1.499,0.356
1.506,1.86
1.489,1.157
1.444,2.719
1.233,1.571
1.195,2.273
0.835,0.752
0.804,0.283
0.871,3.997
0.867,0.511
0.559,1.196
0.403,2.809
0.326,0.486
0.215,2.855
0.327,1.269
0.318,2.107
0.199,2.663
-0.037,2.502
-0.064,2.493
-0.227,1.139
-0.264,2.167
-0.495,1.797
-0.538,0.308
-0.63,1.65
-0.752,2.432
-0.807,1.429
-0.741,1.256
-0.889,3.185
-0.834,1.215
-1.035,0.942
-1.212,-0.285
-1.253,-0.157
-1.701,-0.125
-2.271,0.047
-2.551,-0.224
-2.677,-0.049
-2.78,-0.08
2.982,-0.292
3.009,-0.173
2.977,-0.454
2.876,-0.32
2.856,-0.319
1.554,-0.135
0.636,-0.319
0.048,-0.063
-0.195,-0.446
-0.399,-0.167
-0.612,-0.29
-0.63,-0.118
-0.849,-0.023
-0.832,-0.181
-0.912,-0.154
-1.056,4.259
-1.28,4.203
-1.629,4.218
-1.537,4.307
-1.869,4.159
-1.981,4.266
-2.022,4.294
-2.112,3.946
-3.078,4.083
2.919,4.232
2.877,4.335
2.687,4.03
2.279,4.176
2.391,4.048
1.831,4.331
0.921,4.075
0.388,4.203
-0.35,4.355
-0.471,4.01
-0.595,4.269
-1.917,3.124
-2.04,1.523
-3.101,3.183
1.423,2.161
1.038,1.493
-0.343,1.504
-1.836,2.926
-3.1,2.232
2.682,1.377
2.204,2.228
1.211,2.232
1.031,2.228
0.893,2.964
-0.307,3.644
-0.554,2.945
1.76,0.956
-0.246,0.734
-1.02,2.38
1.809,-0.267
0.701,0.297
-0.41,0.334
1.345,-0.433
1.372,0.183
-0.035,-2.74
-0.225,-0.197
-0.148,-3.321
-0.183,-2.382
-0.401,-1.972
-0.391,-1.437
-0.446,-1.416
-0.574,-0.037
-0.483,-1.008
-0.603,-0.346
-0.701,-2.697
-0.568,-1.27
-0.656,-1.329
-0.912,-1.209
-0.779,-0.379
-0.949,-1.865
-0.899,-1.765
-0.888,-2.256
-1.037,-3.674
-0.985,-3.007
-1.023,-1.533
-1.017,-1.834
-1.226,-3.832
-1.223,-3.693
-1.252,-1.169
-1.254,-2.049
-1.175,-1.358
-1.767,-2.81
-1.926,-1.347
-1.79,-1.53
-1.816,-2.726
-1.974,-3.739
-2.037,-3.685
-2.04,-0.068
-2.119,-2.654
-2.183,-1.185
-2.268,-3.581
-2.322,-2.161
-2.203,-1.746
-2.414,-3.042
-2.282,-1.173
-2.341,-2.172
-2.456,-1.052
-2.511,-3.459
-2.724,-3.43
-2.756,-2.562
-2.683,0.063
-2.852,-2.638
-2.769,-1.67
-3.105,-1.16
3.025,-1.479
3.077,-3.905
3.072,-0.386
3.036,-1.849
2.887,-2.707
2.815,-3.774
2.788,-0.607
2.914,-0.847
2.833,-0.715
2.654,0.04
2.583,-0.491
2.685,-1.991
2.686,-2.643
2.562,-3.728
2.464,-3.565
2.471,-2.061
2.454,-2.764
2.409,-1.202
2.198,-2.35
2.16,-1.648
1.8,-3.169
1.769,-3.638
1.836,0.076
1.832,-3.41
1.524,-2.725
1.368,-1.112
1.291,-3.435
1.18,-1.066
1.292,-2.652
1.283,-1.814
1.164,-1.258
0.928,-1.419
0.901,-1.428
0.738,-2.782
0.701,-1.754
0.47,-2.124
0.427,-3.613
0.335,-2.271
0.213,-1.489
0.158,-2.492
0.224,-2.665
0.076,-0.736
0.131,-2.706
-0.07,-2.979
-0.247,-4.206
-0.288,-4.078
-0.736,-4.046
-1.306,-3.874
-1.586,-4.145
-1.712,-3.97
-1.815,-4.001
-2.336,-4.213
-2.309,-4.094
-2.341,-4.375
-2.442,-4.241
-2.462,-4.24
2.519,-4.056
1.601,-4.24
1.013,-3.984
0.77,-4.367
0.566,-4.088
0.353,-4.211
0.335,-4.039
0.116,-3.944
0.133,-4.102
0.053,-4.075
-0.091,0.338
-0.315,0.282
-0.664,0.297
-0.572,0.386
-0.904,0.238
-1.016,0.345
-1.057,0.373
-1.147,0.025
-2.113,0.162
-2.399,0.311
-2.441,0.414
-2.631,0.109
-3.039,0.255
-2.927,0.127
2.796,0.41
1.886,0.154
1.353,0.282
0.615,0.434
0.494,0.089
0.37,0.348
-0.952,-0.797
-1.075,-2.398
-2.136,-0.738
2.388,-1.76
2.003,-2.428
0.622,-2.417
-0.871,-0.995
-2.135,-1.689
-2.636,-2.544
-3.114,-1.693
2.176,-1.689
1.996,-1.693
1.858,-0.957
0.658,-0.277
0.411,-0.976
2.725,-2.965
0.719,-3.187
-0.055,-1.541
2.774,-4.188
1.666,-3.624
0.555,-3.587
2.31,-4.354
2.337,-3.738
-0.19,2.543
-0.113,-0.581
-0.148,0.358
-0.366,0.768
-0.356,1.303
-0.411,1.324
-0.539,2.703
-0.448,1.732
-0.568,2.394
-0.666,0.043
-0.533,1.47
-0.621,1.411
-0.877,1.531
-0.744,2.361
-0.914,0.875
-0.864,0.975
-0.853,0.484
-1.002,-0.934
-0.95,-0.267
-0.988,1.207
-0.982,0.906
-1.191,-1.092
-1.188,-0.953
-1.217,1.571
-1.219,0.691
-1.14,1.382
-1.732,-0.07
-1.891,1.393
-1.755,1.21
-1.781,0.014
-1.939,-0.999
-2.002,-0.945
-2.005,2.672
-2.084,0.086
-2.148,1.555
-2.233,-0.841
-2.287,0.579
-2.168,0.994
-2.379,-0.302
-2.247,1.567
-2.306,0.568
-2.421,1.688
-2.476,-0.719
-2.689,-0.69
-2.721,0.178
-2.648,2.803
-2.817,0.102
-2.734,1.07
-3.07,1.58
3.06,1.261
3.112,-1.165
3.107,2.354
3.071,0.891
2.922,0.033
2.85,-1.034
2.823,2.133
2.949,1.893
2.868,2.025
2.689,2.78
2.618,2.249
2.72,0.749
2.721,0.097
2.597,-0.988
2.499,-0.825
2.506,0.679
2.489,-0.024
2.444,1.538
2.233,0.39
2.195,1.092
1.835,-0.429
1.804,-0.898
1.871,2.816
1.867,-0.67
1.559,0.015
1.403,1.628
1.326,-0.695
1.215,1.674
1.327,0.088
1.318,0.926
1.199,1.482
0.963,1.321
0.936,1.312
0.773,-0.042
0.736,0.986
0.505,0.616
0.462,-0.873
0.37,0.469
0.248,1.251
0.193,0.248
0.259,0.075
0.111,2.004
0.166,0.034
-0.035,-0.239
-0.212,-1.466
-0.253,-1.338
-0.701,-1.306
-1.271,-1.134
-1.551,-1.405
-1.677,-1.23
-1.78,-1.261
-2.301,-1.473
-2.274,-1.354
-2.306,-1.635
-2.407,-1.501
-2.427,-1.5
2.554,-1.316
1.636,-1.5
1.048,-1.244
0.805,-1.627
0.601,-1.348
0.388,-1.471
0.37,-1.299
0.151,-1.204
0.168,-1.362
0.088,-1.335
-0.056,3.078
-0.28,3.022
-0.629,3.037
-0.537,3.126
-0.869,2.978
-0.981,3.085
-1.022,3.113
-1.112,2.765
-2.078,2.902
-2.364,3.051
-2.406,3.154
-2.596,2.849
-3.004,2.995
-2.892,2.867
2.831,3.15
1.921,2.894
1.388,3.022
0.65,3.174
0.529,2.829
0.405,3.088
-0.917,1.943
-1.04,0.342
-2.101,2.002
2.423,0.98
2.038,0.312
0.657,0.323
-0.836,1.745
-2.1,1.051
-2.601,0.196
-3.079,1.047
2.211,1.051
2.031,1.047
1.893,1.783
0.693,2.463
0.446,1.764
2.76,-0.225
0.754,-0.447
-0.02,1.199
2.809,-1.448
1.701,-0.884
0.59,-0.847
2.345,-1.614
2.372,-0.998
0.077,-3.124
0.042,-2.185
-0.176,-1.775
-0.166,-1.24
-0.221,-1.219
-0.349,0.16
-0.258,-0.811
-0.378,-0.149
-0.476,-2.5
-0.343,-1.073
-0.431,-1.132
-0.687,-1.012
-0.554,-0.182
-0.724,-1.668
-0.674,-1.568
-0.663,-2.059
-0.812,-3.477
-0.76,-2.81
-0.798,-1.336
-0.792,-1.637
-1.001,-3.635
-0.998,-3.496
-1.027,-0.972
-1.029,-1.852
-0.95,-1.161
-1.542,-2.613
-1.701,-1.15
-1.565,-1.333
-1.591,-2.529
-1.749,-3.542
-1.812,-3.488
-1.815,0.129
-1.894,-2.457
-1.958,-0.988
-2.043,-3.384
-2.097,-1.964
-1.978,-1.549
-2.189,-2.845
-2.057,-0.976
-2.116,-1.975
-2.231,-0.855
-2.286,-3.262
-2.499,-3.233
-2.531,-2.365
-2.458,0.26
-2.627,-2.441
-2.544,-1.473
-2.88,-0.963
-3.033,-1.282
-2.981,-3.708
-2.986,-0.189
-3.022,-1.652
3.112,-2.51
3.04,-3.577
3.013,-0.41
3.139,-0.65
3.058,-0.518
2.879,0.237
2.808,-0.294
2.91,-1.794
2.911,-2.446
2.787,-3.531
2.689,-3.368
2.696,-1.864
2.679,-2.567
2.634,-1.005
2.423,-2.153
2.385,-1.451
2.025,-2.972
1.994,-3.441
2.061,0.273
2.057,-3.213
1.749,-2.528
1.593,-0.915
1.516,-3.238
1.405,-0.869
1.517,-2.455
1.508,-1.617
1.389,-1.061
1.153,-1.222
1.126,-1.231
0.963,-2.585
0.926,-1.557
0.695,-1.927
0.652,-3.416
0.56,-2.074
0.438,-1.292
0.383,-2.295
0.449,-2.468
0.301,-0.539
0.356,-2.509
0.155,-2.782
-0.022,-4.009
-0.063,-3.881
-0.511,-3.849
-1.081,-3.677
-1.361,-3.948
-1.487,-3.773
-1.59,-3.804
-2.111,-4.016
-2.084,-3.897
-2.116,-4.178
-2.217,-4.044
-2.237,-4.043
2.744,-3.859
1.826,-4.043
1.238,-3.787
0.995,-4.17
0.791,-3.891
0.578,-4.014
0.56,-3.842
0.341,-3.747
0.358,-3.905
0.278,-3.878
0.134,0.535
-0.09,0.479
-0.439,0.494
-0.347,0.583
-0.679,0.435
-0.791,0.542
-0.832,0.57
-0.922,0.222
-1.888,0.359
-2.174,0.508
-2.216,0.611
-2.406,0.306
-2.814,0.452
-2.702,0.324
3.021,0.607
2.111,0.351
1.578,0.479
0.84,0.631
0.719,0.286
0.595,0.545
-0.727,-0.6
-0.85,-2.201
-1.911,-0.541
2.613,-1.563
2.228,-2.231
0.847,-2.22
-0.646,-0.798
-1.91,-1.492
-2.411,-2.347
-2.889,-1.496
2.401,-1.492
2.221,-1.496
2.083,-0.76
0.883,-0.08
0.636,-0.779
2.95,-2.768
0.944,-2.99
0.17,-1.344
2.999,-3.991
1.891,-3.427
0.78,-3.39
2.535,-4.157
2.562,-3.541
-0.035,0.939
-0.253,1.349
-0.243,1.884
-0.298,1.905
-0.426,3.284
-0.335,2.313
-0.455,2.975
-0.553,0.624
-0.42,2.051
-0.508,1.992
-0.764,2.112
-0.631,2.942
-0.801,1.456
-0.751,1.556
-0.74,1.065
-0.889,-0.353
-0.837,0.314
-0.875,1.788
-0.869,1.487
-1.078,-0.511
-1.075,-0.372
-1.104,2.152
-1.106,1.272
-1.027,1.963
-1.619,0.511
-1.778,1.974
-1.642,1.791
-1.668,0.595
-1.826,-0.418
-1.889,-0.364
-1.892,3.253
-1.971,0.667
-2.035,2.136
-2.12,-0.26
-2.174,1.16
-2.055,1.575
-2.266,0.279
-2.134,2.148
-2.193,1.149
-2.308,2.269
-2.363,-0.138
-2.576,-0.109
-2.608,0.759
-2.535,3.384
-2.704,0.683
-2.621,1.651
-2.957,2.161
-3.11,1.842
-3.058,-0.584
-3.063,2.935
-3.099,1.472
3.035,0.614
2.963,-0.453
2.936,2.714
3.062,2.474
2.981,2.606
2.802,3.361
2.731,2.83
2.833,1.33
2.834,0.678
2.71,-0.407
2.612,-0.244
2.619,1.26
2.602,0.557
2.557,2.119
2.346,0.971
2.308,1.673
1.948,0.152
1.917,-0.317
1.984,3.397
1.98,-0.089
1.672,0.596
1.516,2.209
1.439,-0.114
1.328,2.255
1.44,0.669
1.431,1.507
1.312,2.063
1.076,1.902
1.049,1.893
0.886,0.539
0.849,1.567
0.618,1.197
0.575,-0.292
0.483,1.05
0.361,1.832
0.306,0.829
0.372,0.656
0.224,2.585
0.279,0.615
0.078,0.342
-0.099,-0.885
-0.14,-0.757
-0.588,-0.725
-1.158,-0.553
-1.438,-0.824
-1.564,-0.649
-1.667,-0.68
-2.188,-0.892
-2.161,-0.773
-2.193,-1.054
-2.294,-0.92
-2.314,-0.919
2.667,-0.735
1.749,-0.919
1.161,-0.663
0.918,-1.046
0.714,-0.767
0.501,-0.89
0.483,-0.718
0.264,-0.623
0.281,-0.781
0.201,-0.754
0.057,3.659
-0.167,3.603
-0.516,3.618
-0.424,3.707
-0.756,3.559
-0.868,3.666
-0.909,3.694
-0.999,3.346
-1.965,3.483
-2.251,3.632
-2.293,3.735
-2.483,3.43
-2.891,3.576
-2.779,3.448
2.944,3.731
2.034,3.475
1.501,3.603
0.763,3.755
0.642,3.41
0.518,3.669
-0.804,2.524
-0.927,0.923
-1.988,2.583
2.536,1.561
2.151,0.893
0.77,0.904
-0.723,2.326
-1.987,1.632
-2.488,0.777
-2.966,1.628
2.324,1.632
2.144,1.628
2.006,2.364
0.806,3.044
0.559,2.345
2.873,0.356
0.867,0.134
0.093,1.78
2.922,-0.867
1.814,-0.303
0.703,-0.266
2.458,-1.033
2.485,-0.417
-0.218,0.41
-0.208,0.945
-0.263,0.966
-0.391,2.345
-0.3,1.374
-0.42,2.036
-0.518,-0.315
-0.385,1.112
-0.473,1.053
-0.729,1.173
-0.596,2.003
-0.766,0.517
-0.716,0.617
-0.705,0.126
-0.854,-1.292
-0.802,-0.625
-0.84,0.849
-0.834,0.548
-1.043,-1.45
-1.04,-1.311
-1.069,1.213
-1.071,0.333
-0.992,1.024
-1.584,-0.428
-1.743,1.035
-1.607,0.852
-1.633,-0.344
-1.791,-1.357
-1.854,-1.303
-1.857,2.314
-1.936,-0.272
-2.0,1.197
-2.085,-1.199
-2.139,0.221
-2.02,0.636
-2.231,-0.66
-2.099,1.209
-2.158,0.21
-2.273,1.33
-2.328,-1.077
-2.541,-1.048
-2.573,-0.18
-2.5,2.445
-2.669,-0.256
-2.586,0.712
-2.922,1.222
-3.075,0.903
-3.023,-1.523
-3.028,1.996
-3.064,0.533
3.07,-0.325
2.998,-1.392
2.971,1.775
3.097,1.535
3.016,1.667
2.837,2.422
2.766,1.891
2.868,0.391
2.869,-0.261
2.745,-1.346
2.647,-1.183
2.654,0.321
2.637,-0.382
2.592,1.18
2.381,0.032
2.343,0.734
1.983,-0.787
1.952,-1.256
2.019,2.458
2.015,-1.028
1.707,-0.343
1.551,1.27
1.474,-1.053
1.363,1.316
1.475,-0.27
1.466,0.568
1.347,1.124
1.111,0.963
1.084,0.954
0.921,-0.4
0.884,0.628
0.653,0.258
0.61,-1.231
0.518,0.111
0.396,0.893
0.341,-0.11
0.407,-0.283
0.259,1.646
0.314,-0.324
0.113,-0.597
-0.064,-1.824
-0.105,-1.696
-0.553,-1.664
-1.123,-1.492
-1.403,-1.763
-1.529,-1.588
-1.632,-1.619
-2.153,-1.831
-2.126,-1.712
-2.158,-1.993
-2.259,-1.859
-2.279,-1.858
2.702,-1.674
1.784,-1.858
1.196,-1.602
0.953,-1.985
0.749,-1.706
0.536,-1.829
0.518,-1.657
0.299,-1.562
0.316,-1.72
0.236,-1.693
0.092,2.72
-0.132,2.664
-0.481,2.679
-0.389,2.768
-0.721,2.62
-0.833,2.727
-0.874,2.755
-0.964,2.407
-1.93,2.544
-2.216,2.693
-2.258,2.796
-2.448,2.491
-2.856,2.637
-2.744,2.509
2.979,2.792
2.069,2.536
1.536,2.664
0.798,2.816
0.677,2.471
0.553,2.73
-0.769,1.585
-0.892,-0.016
-1.953,1.644
2.571,0.622
2.186,-0.046
0.805,-0.035
-0.688,1.387
-1.952,0.693
-2.453,-0.162
-2.931,0.689
2.359,0.693
2.179,0.689
2.041,1.425
0.841,2.105
0.594,1.406
2.908,-0.583
0.902,-0.805
0.128,0.841
2.957,-1.806
1.849,-1.242
0.738,-1.205
2.493,-1.972
2.52,-1.356
0.01,0.535
-0.045,0.556
-0.173,1.935
-0.082,0.964
-0.202,1.626
-0.3,-0.725
-0.167,0.702
-0.255,0.643
-0.511,0.763
-0.378,1.593
-0.548,0.107
-0.498,0.207
-0.487,-0.284
-0.636,-1.702
-0.584,-1.035
-0.622,0.439
-0.616,0.138
-0.825,-1.86
-0.822,-1.721
-0.851,0.803
-0.853,-0.077
-0.774,0.614
-1.366,-0.838
-1.525,0.625
-1.389,0.442
-1.415,-0.754
-1.573,-1.767
-1.636,-1.713
-1.639,1.904
-1.718,-0.682
-1.782,0.787
-1.867,-1.609
-1.921,-0.189
-1.802,0.226
-2.013,-1.07
-1.881,0.799
-1.94,-0.2
-2.055,0.92
-2.11,-1.487
-2.323,-1.458
-2.355,-0.59
-2.282,2.035
-2.451,-0.666
-2.368,0.302
-2.704,0.812
-2.857,0.493
-2.805,-1.933
-2.81,1.586
-2.846,0.123
-2.995,-0.735
-3.067,-1.802
-3.094,1.365
-2.968,1.125
-3.049,1.257
3.055,2.012
2.984,1.481
3.086,-0.019
3.087,-0.671
2.963,-1.756
2.865,-1.593
2.872,-0.089
2.855,-0.792
2.81,0.77
2.599,-0.378
2.561,0.324
2.201,-1.197
2.17,-1.666
2.237,2.048
2.233,-1.438
1.925,-0.753
1.769,0.86
1.692,-1.463
1.581,0.906
1.693,-0.68
1.684,0.158
1.565,0.714
1.329,0.553
1.302,0.544
1.139,-0.81
1.102,0.218
0.871,-0.152
0.828,-1.641
0.736,-0.299
0.614,0.483
0.559,-0.52
0.625,-0.693
0.477,1.236
0.532,-0.734
0.331,-1.007
0.154,-2.234
0.113,-2.106
-0.335,-2.074
-0.905,-1.902
-1.185,-2.173
-1.311,-1.998
-1.414,-2.029
-1.935,-2.241
-1.908,-2.122
-1.94,-2.403
-2.041,-2.269
-2.061,-2.268
2.92,-2.084
2.002,-2.268
1.414,-2.012
1.171,-2.395
0.967,-2.116
0.754,-2.239
0.736,-2.067
0.517,-1.972
0.534,-2.13
0.454,-2.103
0.31,2.31
0.086,2.254
-0.263,2.269
-0.171,2.358
-0.503,2.21
-0.615,2.317
-0.656,2.345
-0.746,1.997
-1.712,2.134
-1.998,2.283
-2.04,2.386
-2.23,2.081
-2.638,2.227
-2.526,2.099
-3.086,2.382
2.287,2.126
1.754,2.254
1.016,2.406
0.895,2.061
0.771,2.32
-0.551,1.175
-0.674,-0.426
-1.735,1.234
2.789,0.212
2.404,-0.456
1.023,-0.445
-0.47,0.977
-1.734,0.283
-2.235,-0.572
-2.713,0.279
2.577,0.283
2.397,0.279
2.259,1.015
1.059,1.695
0.812,0.996
3.126,-0.993
1.12,-1.215
0.346,0.431
-3.108,-2.216
2.067,-1.652
0.956,-1.615
2.711,-2.382
2.738,-1.766
-0.055,0.021
-0.183,1.4
-0.092,0.429
-0.212,1.091
-0.31,-1.26
-0.177,0.167
-0.265,0.108
-0.521,0.228
-0.388,1.058
-0.558,-0.428
-0.508,-0.328
-0.497,-0.819
-0.646,-2.237
-0.594,-1.57
-0.632,-0.096
-0.626,-0.397
-0.835,-2.395
-0.832,-2.256
-0.861,0.268
-0.863,-0.612
-0.784,0.079
-1.376,-1.373
-1.535,0.09
-1.399,-0.093
-1.425,-1.289
-1.583,-2.302
-1.646,-2.248
-1.649,1.369
-1.728,-1.217
-1.792,0.252
-1.877,-2.144
-1.931,-0.724
-1.812,-0.309
-2.023,-1.605
-1.891,0.264
-1.95,-0.735
-2.065,0.385
-2.12,-2.022
-2.333,-1.993
-2.365,-1.125
-2.292,1.5
-2.461,-1.201
-2.378,-0.233
-2.714,0.277
-2.867,-0.042
-2.815,-2.468
-2.82,1.051
-2.856,-0.412
-3.005,-1.27
-3.077,-2.337
-3.104,0.83
-2.978,0.59
-3.059,0.722
3.045,1.477
2.974,0.946
3.076,-0.554
3.077,-1.206
2.953,-2.291
2.855,-2.128
2.862,-0.624
2.845,-1.327
2.8,0.235
2.589,-0.913
2.551,-0.211
2.191,-1.732
2.16,-2.201
2.227,1.513
2.223,-1.973
1.915,-1.288
1.759,0.325
1.682,-1.998
1.571,0.371
1.683,-1.215
1.674,-0.377
1.555,0.179
1.319,0.018
1.292,0.009
1.129,-1.345
1.092,-0.317
0.861,-0.687
0.818,-2.176
0.726,-0.834
0.604,-0.052
0.549,-1.055
0.615,-1.228
0.467,0.701
0.522,-1.269
0.321,-1.542
0.144,-2.769
0.103,-2.641
-0.345,-2.609
-0.915,-2.437
-1.195,-2.708
-1.321,-2.533
-1.424,-2.564
-1.945,-2.776
-1.918,-2.657
-1.95,-2.938
-2.051,-2.804
-2.071,-2.803
2.91,-2.619
1.992,-2.803
1.404,-2.547
1.161,-2.93
0.957,-2.651
0.744,-2.774
0.726,-2.602
0.507,-2.507
0.524,-2.665
0.444,-2.638
0.3,1.775
0.076,1.719
-0.273,1.734
-0.181,1.823
-0.513,1.675
-0.625,1.782
-0.666,1.81
-0.756,1.462
-1.722,1.599
-2.008,1.748
-2.05,1.851
-2.24,1.546
-2.648,1.692
-2.536,1.564
-3.096,1.847
2.277,1.591
1.744,1.719
1.006,1.871
0.885,1.526
0.761,1.785
-0.561,0.64
-0.684,-0.961
-1.745,0.699
2.779,-0.323
2.394,-0.991
1.013,-0.98
-0.48,0.442
-1.744,-0.252
-2.245,-1.107
-2.723,-0.256
2.567,-0.252
2.387,-0.256
2.249,0.48
1.049,1.16
0.802,0.461
3.116,-1.528
1.11,-1.75
0.336,-0.104
-3.118,-2.751
2.057,-2.187
0.946,-2.15
2.701,-2.917
2.728,-2.301
-0.128,1.379
-0.037,0.408
-0.157,1.07
-0.255,-1.281
-0.122,0.146
-0.21,0.087
-0.466,0.207
-0.333,1.037
-0.503,-0.449
-0.453,-0.349
-0.442,-0.84
-0.591,-2.258
-0.539,-1.591
-0.577,-0.117
-0.571,-0.418
-0.78,-2.416
-0.777,-2.277
-0.806,0.247
-0.808,-0.633
-0.729,0.058
-1.321,-1.394
-1.48,0.069
-1.344,-0.114
-1.37,-1.31
-1.528,-2.323
-1.591,-2.269
-1.594,1.348
-1.673,-1.238
-1.737,0.231
-1.822,-2.165
-1.876,-0.745
-1.757,-0.33
-1.968,-1.626
-1.836,0.243
-1.895,-0.756
-2.01,0.364
-2.065,-2.043
-2.278,-2.014
-2.31,-1.146
-2.237,1.479
-2.406,-1.222
-2.323,-0.254
-2.659,0.256
-2.812,-0.063
-2.76,-2.489
-2.765,1.03
-2.801,-0.433
-2.95,-1.291
-3.022,-2.358
-3.049,0.809
-2.923,0.569
-3.004,0.701
3.1,1.456
3.029,0.925
3.131,-0.575
3.132,-1.227
3.008,-2.312
2.91,-2.149
2.917,-0.645
2.9,-1.348
2.855,0.214
2.644,-0.934
2.606,-0.232
2.246,-1.753
2.215,-2.222
2.282,1.492
2.278,-1.994
1.97,-1.309
1.814,0.304
1.737,-2.019
1.626,0.35
1.738,-1.236
1.729,-0.398
1.61,0.158
1.374,-0.003
1.347,-0.012
1.184,-1.366
1.147,-0.338
0.916,-0.708
0.873,-2.197
0.781,-0.855
0.659,-0.073
0.604,-1.076
0.67,-1.249
0.522,0.68
0.577,-1.29
0.376,-1.563
0.199,-2.79
0.158,-2.662
-0.29,-2.63
-0.86,-2.458
-1.14,-2.729
-1.266,-2.554
-1.369,-2.585
-1.89,-2.797
-1.863,-2.678
-1.895,-2.959
-1.996,-2.825
-2.016,-2.824
2.965,-2.64
2.047,-2.824
1.459,-2.568
1.216,-2.951
1.012,-2.672
0.799,-2.795
0.781,-2.623
0.562,-2.528
0.579,-2.686
0.499,-2.659
0.355,1.754
0.131,1.698
-0.218,1.713
-0.126,1.802
-0.458,1.654
-0.57,1.761
-0.611,1.789
-0.701,1.441
-1.667,1.578
-1.953,1.727
-1.995,1.83
-2.185,1.525
-2.593,1.671
-2.481,1.543
-3.041,1.826
2.332,1.57
1.799,1.698
1.061,1.85
0.94,1.505
0.816,1.764
-0.506,0.619
-0.629,-0.982
-1.69,0.678
2.834,-0.344
2.449,-1.012
1.068,-1.001
-0.425,0.421
-1.689,-0.273
-2.19,-1.128
-2.668,-0.277
2.622,-0.273
2.442,-0.277
2.304,0.459
1.104,1.139
0.857,0.44
-3.112,-1.549
1.165,-1.771
0.391,-0.125
-3.063,-2.772
2.112,-2.208
1.001,-2.171
2.756,-2.938
2.783,-2.322
0.091,-0.971
-0.029,-0.309
-0.127,-2.66
0.006,-1.233
-0.082,-1.292
-0.338,-1.172
-0.205,-0.342
-0.375,-1.828
-0.325,-1.728
-0.314,-2.219
-0.463,-3.637
-0.411,-2.97
-0.449,-1.496
-0.443,-1.797
-0.652,-3.795
-0.649,-3.656
-0.678,-1.132
-0.68,-2.012
-0.601,-1.321
-1.193,-2.773
-1.352,-1.31
-1.216,-1.493
-1.242,-2.689
-1.4,-3.702
-1.463,-3.648
-1.466,-0.031
-1.545,-2.617
-1.609,-1.148
-1.694,-3.544
-1.748,-2.124
-1.629,-1.709
-1.84,-3.005
-1.708,-1.136
-1.767,-2.135
-1.882,-1.015
-1.937,-3.422
-2.15,-3.393
-2.182,-2.525
-2.109,0.1
-2.278,-2.601
-2.195,-1.633
-2.531,-1.123
-2.684,-1.442
-2.632,-3.868
-2.637,-0.349
-2.673,-1.812
-2.822,-2.67
-2.894,-3.737
-2.921,-0.57
-2.795,-0.81
-2.876,-0.678
-3.055,0.077
-3.126,-0.454
-3.024,-1.954
-3.023,-2.606
3.136,-3.691
3.038,-3.528
3.045,-2.024
3.028,-2.727
2.983,-1.165
2.772,-2.313
2.734,-1.611
2.374,-3.132
2.343,-3.601
2.41,0.113
2.406,-3.373
2.098,-2.688
1.942,-1.075
1.865,-3.398
1.754,-1.029
1.866,-2.615
1.857,-1.777
1.738,-1.221
1.502,-1.382
1.475,-1.391
1.312,-2.745
1.275,-1.717
1.044,-2.087
1.001,-3.576
0.909,-2.234
0.787,-1.452
0.732,-2.455
0.798,-2.628
0.65,-0.699
0.705,-2.669
0.504,-2.942
0.327,-4.169
0.286,-4.041
-0.162,-4.009
-0.732,-3.837
-1.012,-4.108
-1.138,-3.933
-1.241,-3.964
-1.762,-4.176
-1.735,-4.057
-1.767,-4.338
-1.868,-4.204
-1.888,-4.203
3.093,-4.019
2.175,-4.203
1.587,-3.947
1.344,-4.33
1.14,-4.051
0.927,-4.174
0.909,-4.002
0.69,-3.907
0.707,-4.065
0.627,-4.038
0.483,0.375
0.259,0.319
-0.09,0.334
0.002,0.423
-0.33,0.275
-0.442,0.382
-0.483,0.41
-0.573,0.062
-1.539,0.199
-1.825,0.348
-1.867,0.451
-2.057,0.146
-2.465,0.292
-2.353,0.164
-2.913,0.447
2.46,0.191
1.927,0.319
1.189,0.471
1.068,0.126
0.944,0.385
-0.378,-0.76
-0.501,-2.361
-1.562,-0.701
2.962,-1.723
2.577,-2.391
1.196,-2.38
-0.297,-0.958
-1.561,-1.652
-2.062,-2.507
-2.54,-1.656
2.75,-1.652
2.57,-1.656
2.432,-0.92
1.232,-0.24
0.985,-0.939
-2.984,-2.928
1.293,-3.15
0.519,-1.504
-2.935,-4.151
2.24,-3.587
1.129,-3.55
2.884,-4.317
2.911,-3.701
-0.12,0.662
-0.218,-1.689
-0.085,-0.262
-0.173,-0.321
-0.429,-0.201
-0.296,0.629
-0.466,-0.857
-0.416,-0.757
-0.405,-1.248
-0.554,-2.666
-0.502,-1.999
-0.54,-0.525
-0.534,-0.826
-0.743,-2.824
-0.74,-2.685
-0.769,-0.161
-0.771,-1.041
-0.692,-0.35
-1.284,-1.802
-1.443,-0.339
-1.307,-0.522
-1.333,-1.718
-1.491,-2.731
-1.554,-2.677
-1.557,0.94
-1.636,-1.646
-1.7,-0.177
-1.785,-2.573
-1.839,-1.153
-1.72,-0.738
-1.931,-2.034
-1.799,-0.165
-1.858,-1.164
-1.973,-0.044
-2.028,-2.451
-2.241,-2.422
-2.273,-1.554
-2.2,1.071
-2.369,-1.63
-2.286,-0.662
-2.622,-0.152
-2.775,-0.471
-2.723,-2.897
-2.728,0.622
-2.764,-0.841
-2.913,-1.699
-2.985,-2.766
-3.012,0.401
-2.886,0.161
-2.967,0.293
3.137,1.048
3.066,0.517
-3.115,-0.983
-3.114,-1.635
3.045,-2.72
2.947,-2.557
2.954,-1.053
2.937,-1.756
2.892,-0.194
2.681,-1.342
2.643,-0.64
2.283,-2.161
2.252,-2.63
2.319,1.084
2.315,-2.402
2.007,-1.717
1.851,-0.104
1.774,-2.427
1.663,-0.058
1.775,-1.644
1.766,-0.806
1.647,-0.25
1.411,-0.411
1.384,-0.42
1.221,-1.774
1.184,-0.746
0.953,-1.116
0.91,-2.605
0.818,-1.263
0.696,-0.481
0.641,-1.484
0.707,-1.657
0.559,0.272
0.614,-1.698
0.413,-1.971
0.236,-3.198
0.195,-3.07
-0.253,-3.038
-0.823,-2.866
-1.103,-3.137
-1.229,-2.962
-1.332,-2.993
-1.853,-3.205
-1.826,-3.086
-1.858,-3.367
-1.959,-3.233
-1.979,-3.232
3.002,-3.048
2.084,-3.232
1.496,-2.976
1.253,-3.359
1.049,-3.08
0.836,-3.203
0.818,-3.031
0.599,-2.936
0.616,-3.094
0.536,-3.067
0.392,1.346
0.168,1.29
-0.181,1.305
-0.089,1.394
-0.421,1.246
-0.533,1.353
-0.574,1.381
-0.664,1.033
-1.63,1.17
-1.916,1.319
-1.958,1.422
-2.148,1.117
-2.556,1.263
-2.444,1.135
-3.004,1.418
2.369,1.162
1.836,1.29
1.098,1.442
0.977,1.097
0.853,1.356
-0.469,0.211
-0.592,-1.39
-1.653,0.27
2.871,-0.752
2.486,-1.42
1.105,-1.409
-0.388,0.013
-1.652,-0.681
-2.153,-1.536
-2.631,-0.685
2.659,-0.681
2.479,-0.685
2.341,0.051
1.141,0.731
0.894,0.032
-3.075,-1.957
1.202,-2.179
0.428,-0.533
-3.026,-3.18
2.149,-2.616
1.038,-2.579
2.793,-3.346
2.82,-2.73
-0.098,-2.351
0.035,-0.924
-0.053,-0.983
-0.309,-0.863
-0.176,-0.033
-0.346,-1.519
-0.296,-1.419
-0.285,-1.91
-0.434,-3.328
-0.382,-2.661
-0.42,-1.187
-0.414,-1.488
-0.623,-3.486
-0.62,-3.347
-0.649,-0.823
-0.651,-1.703
-0.572,-1.012
-1.164,-2.464
-1.323,-1.001
-1.187,-1.184
-1.213,-2.38
-1.371,-3.393
-1.434,-3.339
-1.437,0.278
-1.516,-2.308
-1.58,-0.839
-1.665,-3.235
-1.719,-1.815
-1.6,-1.4
-1.811,-2.696
-1.679,-0.827
-1.738,-1.826
-1.853,-0.706
-1.908,-3.113
-2.121,-3.084
-2.153,-2.216
-2.08,0.409
-2.249,-2.292
-2.166,-1.324
-2.502,-0.814
-2.655,-1.133
-2.603,-3.559
-2.608,-0.04
-2.644,-1.503
-2.793,-2.361
-2.865,-3.428
-2.892,-0.261
-2.766,-0.501
-2.847,-0.369
-3.026,0.386
-3.097,-0.145
-2.995,-1.645
-2.994,-2.297
-3.118,-3.382
3.067,-3.219
3.074,-1.715
3.057,-2.418
3.012,-0.856
2.801,-2.004
2.763,-1.302
2.403,-2.823
2.372,-3.292
2.439,0.422
2.435,-3.064
2.127,-2.379
1.971,-0.766
1.894,-3.089
1.783,-0.72
1.895,-2.306
1.886,-1.468
1.767,-0.912
1.531,-1.073
1.504,-1.082
1.341,-2.436
1.304,-1.408
1.073,-1.778
1.03,-3.267
0.938,-1.925
0.816,-1.143
0.761,-2.146
0.827,-2.319
0.679,-0.39
0.734,-2.36
0.533,-2.633
0.356,-3.86
0.315,-3.732
-0.133,-3.7
-0.703,-3.528
-0.983,-3.799
-1.109,-3.624
-1.212,-3.655
-1.733,-3.867
-1.706,-3.748
-1.738,-4.029
-1.839,-3.895
-1.859,-3.894
3.122,-3.71
2.204,-3.894
1.616,-3.638
1.373,-4.021
1.169,-3.742
0.956,-3.865
0.938,-3.693
0.719,-3.598
0.736,-3.756
0.656,-3.729
0.512,0.684
0.288,0.628
-0.061,0.643
0.031,0.732
-0.301,0.584
-0.413,0.691
-0.454,0.719
-0.544,0.371
-1.51,0.508
-1.796,0.657
-1.838,0.76
-2.028,0.455
-2.436,0.601
-2.324,0.473
-2.884,0.756
2.489,0.5
1.956,0.628
1.218,0.78
1.097,0.435
0.973,0.694
-0.349,-0.451
-0.472,-2.052
-1.533,-0.392
2.991,-1.414
2.606,-2.082
1.225,-2.071
-0.268,-0.649
-1.532,-1.343
-2.033,-2.198
-2.511,-1.347
2.779,-1.343
2.599,-1.347
2.461,-0.611
1.261,0.069
1.014,-0.63
-2.955,-2.619
1.322,-2.841
0.548,-1.195
-2.906,-3.842
2.269,-3.278
1.158,-3.241
2.913,-4.008
2.94,-3.392
0.133,1.427
0.045,1.368
-0.211,1.488
-0.078,2.318
-0.248,0.832
-0.198,0.932
-0.187,0.441
-0.336,-0.977
-0.284,-0.31
-0.322,1.164
-0.316,0.863
-0.525,-1.135
-0.522,-0.996
-0.551,1.528
-0.553,0.648
-0.474,1.339
-1.066,-0.113
-1.225,1.35
-1.089,1.167
-1.115,-0.029
-1.273,-1.042
-1.336,-0.988
-1.339,2.629
-1.418,0.043
-1.482,1.512
-1.567,-0.884
-1.621,0.536
-1.502,0.951
-1.713,-0.345
-1.581,1.524
-1.64,0.525
-1.755,1.645
-1.81,-0.762
-2.023,-0.733
-2.055,0.135
-1.982,2.76
-2.151,0.059
-2.068,1.027
-2.404,1.537
-2.557,1.218
-2.505,-1.208
-2.51,2.311
-2.546,0.848
-2.695,-0.01
-2.767,-1.077
-2.794,2.09
-2.668,1.85
-2.749,1.982
-2.928,2.737
-2.999,2.206
-2.897,0.706
-2.896,0.054
-3.02,-1.031
-3.118,-0.868
-3.111,0.636
-3.128,-0.067
3.11,1.495
2.899,0.347
2.861,1.049
2.501,-0.472
2.47,-0.941
2.537,2.773
2.533,-0.713
2.225,-0.028
2.069,1.585
1.992,-0.738
1.881,1.631
1.993,0.045
1.984,0.883
1.865,1.439
1.629,1.278
1.602,1.269
1.439,-0.085
1.402,0.943
1.171,0.573
1.128,-0.916
1.036,0.426
0.914,1.208
0.859,0.205
0.925,0.032
0.777,1.961
0.832,-0.009
0.631,-0.282
0.454,-1.509
0.413,-1.381
-0.035,-1.349
-0.605,-1.177
-0.885,-1.448
-1.011,-1.273
-1.114,-1.304
-1.635,-1.516
-1.608,-1.397
-1.64,-1.678
-1.741,-1.544
-1.761,-1.543
-3.063,-1.359
2.302,-1.543
1.714,-1.287
1.471,-1.67
1.267,-1.391
1.054,-1.514
1.036,-1.342
0.817,-1.247
0.834,-1.405
0.754,-1.378
0.61,3.035
0.386,2.979
0.037,2.994
0.129,3.083
-0.203,2.935
-0.315,3.042
-0.356,3.07
-0.446,2.722
-1.412,2.859
-1.698,3.008
-1.74,3.111
-1.93,2.806
-2.338,2.952
-2.226,2.824
-2.786,3.107
2.587,2.851
2.054,2.979
1.316,3.131
1.195,2.786
1.071,3.045
-0.251,1.9
-0.374,0.299
-1.435,1.959
3.089,0.937
2.704,0.269
1.323,0.28
-0.17,1.702
-1.434,1.008
-1.935,0.153
-2.413,1.004
2.877,1.008
2.697,1.004
2.559,1.74
1.359,2.42
1.112,1.721
-2.857,-0.268
1.42,-0.49
0.646,1.156
-2.808,-1.491
2.367,-0.927
1.256,-0.89
3.011,-1.657
3.038,-1.041
-0.088,-0.059
-0.344,0.061
-0.211,0.891
-0.381,-0.595
-0.331,-0.495
-0.32,-0.986
-0.469,-2.404
-0.417,-1.737
-0.455,-0.263
-0.449,-0.564
-0.658,-2.562
-0.655,-2.423
-0.684,0.101
-0.686,-0.779
-0.607,-0.088
-1.199,-1.54
-1.358,-0.077
-1.222,-0.26
-1.248,-1.456
-1.406,-2.469
-1.469,-2.415
-1.472,1.202
-1.551,-1.384
-1.615,0.085
-1.7,-2.311
-1.754,-0.891
-1.635,-0.476
-1.846,-1.772
-1.714,0.097
-1.773,-0.902
-1.888,0.218
-1.943,-2.189
-2.156,-2.16
-2.188,-1.292
-2.115,1.333
-2.284,-1.368
-2.201,-0.4
-2.537,0.11
-2.69,-0.209
-2.638,-2.635
-2.643,0.884
-2.679,-0.579
-2.828,-1.437
-2.9,-2.504
-2.927,0.663
-2.801,0.423
-2.882,0.555
-3.061,1.31
-3.132,0.779
-3.03,-0.721
-3.029,-1.373
3.13,-2.458
3.032,-2.295
3.039,-0.791
3.022,-1.494
2.977,0.068
2.766,-1.08
2.728,-0.378
2.368,-1.899
2.337,-2.368
2.404,1.346
2.4,-2.14
2.092,-1.455
1.936,0.158
1.859,-2.165
1.748,0.204
1.86,-1.382
1.851,-0.544
1.732,0.012
1.496,-0.149
1.469,-0.158
1.306,-1.512
1.269,-0.484
1.038,-0.854
0.995,-2.343
0.903,-1.001
0.781,-0.219
0.726,-1.222
0.792,-1.395
0.644,0.534
0.699,-1.436
0.498,-1.709
0.321,-2.936
0.28,-2.808
-0.168,-2.776
-0.738,-2.604
-1.018,-2.875
-1.144,-2.7
-1.247,-2.731
-1.768,-2.943
-1.741,-2.824
-1.773,-3.105
-1.874,-2.971
-1.894,-2.97
3.087,-2.786
2.169,-2.97
1.581,-2.714
1.338,-3.097
1.134,-2.818
0.921,-2.941
0.903,-2.769
0.684,-2.674
0.701,-2.832
0.621,-2.805
0.477,1.608
0.253,1.552
-0.096,1.567
-0.004,1.656
-0.336,1.508
-0.448,1.615
-0.489,1.643
-0.579,1.295
-1.545,1.432
-1.831,1.581
-1.873,1.684
-2.063,1.379
-2.471,1.525
-2.359,1.397
-2.919,1.68
2.454,1.424
1.921,1.552
1.183,1.704
1.062,1.359
0.938,1.618
-0.384,0.473
-0.507,-1.128
-1.568,0.532
2.956,-0.49
2.571,-1.158
1.19,-1.147
-0.303,0.275
-1.567,-0.419
-2.068,-1.274
-2.546,-0.423
2.744,-0.419
2.564,-0.423
2.426,0.313
1.226,0.993
0.979,0.294
-2.99,-1.695
1.287,-1.917
0.513,-0.271
-2.941,-2.918
2.234,-2.354
1.123,-2.317
2.878,-3.084
2.905,-2.468
-0.256,0.12
-0.123,0.95
-0.293,-0.536
-0.243,-0.436
-0.232,-0.927
-0.381,-2.345
-0.329,-1.678
-0.367,-0.204
-0.361,-0.505
-0.57,-2.503
-0.567,-2.364
-0.596,0.16
-0.598,-0.72
-0.519,-0.029
-1.111,-1.481
-1.27,-0.018
-1.134,-0.201
-1.16,-1.397
-1.318,-2.41
-1.381,-2.356
-1.384,1.261
-1.463,-1.325
-1.527,0.144
-1.612,-2.252
-1.666,-0.832
-1.547,-0.417
-1.758,-1.713
-1.626,0.156
-1.685,-0.843
-1.8,0.277
-1.855,-2.13
-2.068,-2.101
-2.1,-1.233
-2.027,1.392
-2.196,-1.309
-2.113,-0.341
-2.449,0.169
-2.602,-0.15
-2.55,-2.576
-2.555,0.943
-2.591,-0.52
-2.74,-1.378
-2.812,-2.445
-2.839,0.722
-2.713,0.482
-2.794,0.614
-2.973,1.369
-3.044,0.838
-2.942,-0.662
-2.941,-1.314
-3.065,-2.399
3.12,-2.236
3.127,-0.732
3.11,-1.435
3.065,0.127
2.854,-1.021
2.816,-0.319
2.456,-1.84
2.425,-2.309
2.492,1.405
2.488,-2.081
2.18,-1.396
2.024,0.217
1.947,-2.106
1.836,0.263
1.948,-1.323
1.939,-0.485
1.82,0.071
1.584,-0.09
1.557,-0.099
1.394,-1.453
1.357,-0.425
1.126,-0.795
1.083,-2.284
0.991,-0.942
0.869,-0.16
0.814,-1.163
0.88,-1.336
0.732,0.593
0.787,-1.377
0.586,-1.65
0.409,-2.877
0.368,-2.749
-0.08,-2.717
-0.65,-2.545
-0.93,-2.816
-1.056,-2.641
-1.159,-2.672
-1.68,-2.884
-1.653,-2.765
-1.685,-3.046
-1.786,-2.912
-1.806,-2.911
-3.108,-2.727
2.257,-2.911
1.669,-2.655
1.426,-3.038
1.222,-2.759
1.009,-2.882
0.991,-2.71
0.772,-2.615
0.789,-2.773
0.709,-2.746
0.565,1.667
0.341,1.611
-0.008,1.626
0.084,1.715
-0.248,1.567
-0.36,1.674
-0.401,1.702
-0.491,1.354
-1.457,1.491
-1.743,1.64
-1.785,1.743
-1.975,1.438
-2.383,1.584
-2.271,1.456
-2.831,1.739
2.542,1.483
2.009,1.611
1.271,1.763
1.15,1.418
1.026,1.677
-0.296,0.532
-0.419,-1.069
-1.48,0.591
3.044,-0.431
2.659,-1.099
1.278,-1.088
-0.215,0.334
-1.479,-0.36
-1.98,-1.215
-2.458,-0.364
2.832,-0.36
2.652,-0.364
2.514,0.372
1.314,1.052
1.067,0.353
-2.902,-1.636
1.375,-1.858
0.601,-0.212
-2.853,-2.859
2.322,-2.295
1.211,-2.258
2.966,-3.025
2.993,-2.409
0.133,0.83
-0.037,-0.656
0.013,-0.556
0.024,-1.047
-0.125,-2.465
-0.073,-1.798
-0.111,-0.324
-0.105,-0.625
-0.314,-2.623
-0.311,-2.484
-0.34,0.04
-0.342,-0.84
-0.263,-0.149
-0.855,-1.601
-1.014,-0.138
-0.878,-0.321
-0.904,-1.517
-1.062,-2.53
-1.125,-2.476
-1.128,1.141
-1.207,-1.445
-1.271,0.024
-1.356,-2.372
-1.41,-0.952
-1.291,-0.537
-1.502,-1.833
-1.37,0.036
-1.429,-0.963
-1.544,0.157
-1.599,-2.25
-1.812,-2.221
-1.844,-1.353
-1.771,1.272
-1.94,-1.429
-1.857,-0.461
-2.193,0.049
-2.346,-0.27
-2.294,-2.696
-2.299,0.823
-2.335,-0.64
-2.484,-1.498
-2.556,-2.565
-2.583,0.602
-2.457,0.362
-2.538,0.494
-2.717,1.249
-2.788,0.718
-2.686,-0.782
-2.685,-1.434
-2.809,-2.519
-2.907,-2.356
-2.9,-0.852
-2.917,-1.555
-2.962,0.007
3.11,-1.141
3.072,-0.439
2.712,-1.96
2.681,-2.429
2.748,1.285
2.744,-2.201
2.436,-1.516
2.28,0.097
2.203,-2.226
2.092,0.143
2.204,-1.443
2.195,-0.605
2.076,-0.049
1.84,-0.21
1.813,-0.219
1.65,-1.573
1.613,-0.545
1.382,-0.915
1.339,-2.404
1.247,-1.062
1.125,-0.28
1.07,-1.283
1.136,-1.456
0.988,0.473
1.043,-1.497
0.842,-1.77
0.665,-2.997
0.624,-2.869
0.176,-2.837
-0.394,-2.665
-0.674,-2.936
-0.8,-2.761
-0.903,-2.792
-1.424,-3.004
-1.397,-2.885
-1.429,-3.166
-1.53,-3.032
-1.55,-3.031
-2.852,-2.847
2.513,-3.031
1.925,-2.775
1.682,-3.158
1.478,-2.879
1.265,-3.002
1.247,-2.83
1.028,-2.735
1.045,-2.893
0.965,-2.866
0.821,1.547
0.597,1.491
0.248,1.506
0.34,1.595
0.008,1.447
-0.104,1.554
-0.145,1.582
-0.235,1.234
-1.201,1.371
-1.487,1.52
-1.529,1.623
-1.719,1.318
-2.127,1.464
-2.015,1.336
-2.575,1.619
2.798,1.363
2.265,1.491
1.527,1.643
1.406,1.298
1.282,1.557
-0.04,0.412
-0.163,-1.189
-1.224,0.471
-2.983,-0.551
2.915,-1.219
1.534,-1.208
0.041,0.214
-1.223,-0.48
-1.724,-1.335
-2.202,-0.484
3.088,-0.48
2.908,-0.484
2.77,0.252
1.57,0.932
1.323,0.233
-2.646,-1.756
1.631,-1.978
0.857,-0.332
-2.597,-2.979
2.578,-2.415
1.467,-2.378
-3.061,-3.145
-3.034,-2.529
-0.17,-1.486
-0.12,-1.386
-0.109,-1.877
-0.258,-3.295
-0.206,-2.628
-0.244,-1.154
-0.238,-1.455
-0.447,-3.453
-0.444,-3.314
-0.473,-0.79
-0.475,-1.67
-0.396,-0.979
-0.988,-2.431
-1.147,-0.968
-1.011,-1.151
-1.037,-2.347
-1.195,-3.36
-1.258,-3.306
-1.261,0.311
-1.34,-2.275
-1.404,-0.806
-1.489,-3.202
-1.543,-1.782
-1.424,-1.367
-1.635,-2.663
-1.503,-0.794
-1.562,-1.793
-1.677,-0.673
-1.732,-3.08
-1.945,-3.051
-1.977,-2.183
-1.904,0.442
-2.073,-2.259
-1.99,-1.291
-2.326,-0.781
-2.479,-1.1
-2.427,-3.526
-2.432,-0.007
-2.468,-1.47
-2.617,-2.328
-2.689,-3.395
-2.716,-0.228
-2.59,-0.468
-2.671,-0.336
-2.85,0.419
-2.921,-0.112
-2.819,-1.612
-2.818,-2.264
-2.942,-3.349
-3.04,-3.186
-3.033,-1.682
-3.05,-2.385
-3.095,-0.823
2.977,-1.971
2.939,-1.269
2.579,-2.79
2.548,-3.259
2.615,0.455
2.611,-3.031
2.303,-2.346
2.147,-0.733
2.07,-3.056
1.959,-0.687
2.071,-2.273
2.062,-1.435
1.943,-0.879
1.707,-1.04
1.68,-1.049
1.517,-2.403
1.48,-1.375
1.249,-1.745
1.206,-3.234
1.114,-1.892
0.992,-1.11
0.937,-2.113
1.003,-2.286
0.855,-0.357
0.91,-2.327
0.709,-2.6
0.532,-3.827
0.491,-3.699
0.043,-3.667
-0.527,-3.495
-0.807,-3.766
-0.933,-3.591
-1.036,-3.622
-1.557,-3.834
-1.53,-3.715
-1.562,-3.996
-1.663,-3.862
-1.683,-3.861
-2.985,-3.677
2.38,-3.861
1.792,-3.605
1.549,-3.988
1.345,-3.709
1.132,-3.832
1.114,-3.66
0.895,-3.565
0.912,-3.723
0.832,-3.696
0.688,0.717
0.464,0.661
0.115,0.676
0.207,0.765
-0.125,0.617
-0.237,0.724
-0.278,0.752
-0.368,0.404
-1.334,0.541
-1.62,0.69
-1.662,0.793
-1.852,0.488
-2.26,0.634
-2.148,0.506
-2.708,0.789
2.665,0.533
2.132,0.661
1.394,0.813
1.273,0.468
1.149,0.727
-0.173,-0.418
-0.296,-2.019
-1.357,-0.359
-3.116,-1.381
2.782,-2.049
1.401,-2.038
-0.092,-0.616
-1.356,-1.31
-1.857,-2.165
-2.335,-1.314
2.955,-1.31
2.775,-1.314
2.637,-0.578
1.437,0.102
1.19,-0.597
-2.779,-2.586
1.498,-2.808
0.724,-1.162
-2.73,-3.809
2.445,-3.245
1.334,-3.208
3.089,-3.975
3.116,-3.359
0.05,0.1
0.061,-0.391
-0.088,-1.809
-0.036,-1.142
-0.074,0.332
-0.068,0.031
-0.277,-1.967
-0.274,-1.828
-0.303,0.696
-0.305,-0.184
-0.226,0.507
-0.818,-0.945
-0.977,0.518
-0.841,0.335
-0.867,-0.861
-1.025,-1.874
-1.088,-1.82
-1.091,1.797
-1.17,-0.789
-1.234,0.68
-1.319,-1.716
-1.373,-0.296
-1.254,0.119
-1.465,-1.177
-1.333,0.692
-1.392,-0.307
-1.507,0.813
-1.562,-1.594
-1.775,-1.565
-1.807,-0.697
-1.734,1.928
-1.903,-0.773
-1.82,0.195
-2.156,0.705
-2.309,0.386
-2.257,-2.04
-2.262,1.479
-2.298,0.016
-2.447,-0.842
-2.519,-1.909
-2.546,1.258
-2.42,1.018
-2.501,1.15
-2.68,1.905
-2.751,1.374
-2.649,-0.126
-2.648,-0.778
-2.772,-1.863
-2.87,-1.7
-2.863,-0.196
-2.88,-0.899
-2.925,0.663
-3.136,-0.485
3.109,0.217
2.749,-1.304
2.718,-1.773
2.785,1.941
2.781,-1.545
2.473,-0.86
2.317,0.753
2.24,-1.57
2.129,0.799
2.241,-0.787
2.232,0.051
2.113,0.607
1.877,0.446
1.85,0.437
1.687,-0.917
1.65,0.111
1.419,-0.259
1.376,-1.748
1.284,-0.406
1.162,0.376
1.107,-0.627
1.173,-0.8
1.025,1.129
1.08,-0.841
0.879,-1.114
0.702,-2.341
0.661,-2.213
0.213,-2.181
-0.357,-2.009
-0.637,-2.28
-0.763,-2.105
-0.866,-2.136
-1.387,-2.348
-1.36,-2.229
-1.392,-2.51
-1.493,-2.376
-1.513,-2.375
-2.815,-2.191
2.55,-2.375
1.962,-2.119
1.719,-2.502
1.515,-2.223
1.302,-2.346
1.284,-2.174
1.065,-2.079
1.082,-2.237
1.002,-2.21
0.858,2.203
0.634,2.147
0.285,2.162
0.377,2.251
0.045,2.103
-0.067,2.21
-0.108,2.238
-0.198,1.89
-1.164,2.027
-1.45,2.176
-1.492,2.279
-1.682,1.974
-2.09,2.12
-1.978,1.992
-2.538,2.275
2.835,2.019
2.302,2.147
1.564,2.299
1.443,1.954
1.319,2.213
-0.003,1.068
-0.126,-0.533
-1.187,1.127
-2.946,0.105
2.952,-0.563
1.571,-0.552
0.078,0.87
-1.186,0.176
-1.687,-0.679
-2.165,0.172
3.125,0.176
2.945,0.172
2.807,0.908
1.607,1.588
1.36,0.889
-2.609,-1.1
1.668,-1.322
0.894,0.324
-2.56,-2.323
2.615,-1.759
1.504,-1.722
-3.024,-2.489
-2.997,-1.873
0.011,-0.491
-0.138,-1.909
-0.086,-1.242
-0.124,0.232
-0.118,-0.069
-0.327,-2.067
-0.324,-1.928
-0.353,0.596
-0.355,-0.284
-0.276,0.407
-0.868,-1.045
-1.027,0.418
-0.891,0.235
-0.917,-0.961
-1.075,-1.974
-1.138,-1.92
-1.141,1.697
-1.22,-0.889
-1.284,0.58
-1.369,-1.816
-1.423,-0.396
-1.304,0.019
-1.515,-1.277
-1.383,0.592
-1.442,-0.407
-1.557,0.713
-1.612,-1.694
-1.825,-1.665
-1.857,-0.797
-1.784,1.828
-1.953,-0.873
-1.87,0.095
-2.206,0.605
-2.359,0.286
-2.307,-2.14
-2.312,1.379
-2.348,-0.084
-2.497,-0.942
-2.569,-2.009
-2.596,1.158
-2.47,0.918
-2.551,1.05
-2.73,1.805
-2.801,1.274
-2.699,-0.226
-2.698,-0.878
-2.822,-1.963
-2.92,-1.8
-2.913,-0.296
-2.93,-0.999
-2.975,0.563
3.097,-0.585
3.059,0.117
2.699,-1.404
2.668,-1.873
2.735,1.841
2.731,-1.645
2.423,-0.96
2.267,0.653
2.19,-1.67
2.079,0.699
2.191,-0.887
2.182,-0.049
2.063,0.507
1.827,0.346
1.8,0.337
1.637,-1.017
1.6,0.011
1.369,-0.359
1.326,-1.848
1.234,-0.506
1.112,0.276
1.057,-0.727
1.123,-0.9
0.975,1.029
1.03,-0.941
0.829,-1.214
0.652,-2.441
0.611,-2.313
0.163,-2.281
-0.407,-2.109
-0.687,-2.38
-0.813,-2.205
-0.916,-2.236
-1.437,-2.448
-1.41,-2.329
-1.442,-2.61
-1.543,-2.476
-1.563,-2.475
-2.865,-2.291
2.5,-2.475
1.912,-2.219
1.669,-2.602
1.465,-2.323
1.252,-2.446
1.234,-2.274
1.015,-2.179
1.032,-2.337
0.952,-2.31
0.808,2.103
0.584,2.047
0.235,2.062
0.327,2.151
-0.005,2.003
-0.117,2.11
-0.158,2.138
-0.248,1.79
-1.214,1.927
-1.5,2.076
-1.542,2.179
-1.732,1.874
-2.14,2.02
-2.028,1.892
-2.588,2.175
2.785,1.919
2.252,2.047
1.514,2.199
1.393,1.854
1.269,2.113
-0.053,0.968
-0.176,-0.633
-1.237,1.027
-2.996,0.005
2.902,-0.663
1.521,-0.652
0.028,0.77
-1.236,0.076
-1.737,-0.779
-2.215,0.072
3.075,0.076
2.895,0.072
2.757,0.808
1.557,1.488
1.31,0.789
-2.659,-1.2
1.618,-1.422
0.844,0.224
-2.61,-2.423
2.565,-1.859
1.454,-1.822
-3.074,-2.589
-3.047,-1.973
-0.149,-1.418
-0.097,-0.751
-0.135,0.723
-0.129,0.422
-0.338,-1.576
-0.335,-1.437
-0.364,1.087
-0.366,0.207
-0.287,0.898
-0.879,-0.554
-1.038,0.909
-0.902,0.726
-0.928,-0.47
-1.086,-1.483
-1.149,-1.429
-1.152,2.188
-1.231,-0.398
-1.295,1.071
-1.38,-1.325
-1.434,0.095
-1.315,0.51
-1.526,-0.786
-1.394,1.083
-1.453,0.084
-1.568,1.204
-1.623,-1.203
-1.836,-1.174
-1.868,-0.306
-1.795,2.319
-1.964,-0.382
-1.881,0.586
-2.217,1.096
-2.37,0.777
-2.318,-1.649
-2.323,1.87
-2.359,0.407
-2.508,-0.451
-2.58,-1.518
-2.607,1.649
-2.481,1.409
-2.562,1.541
-2.741,2.296
-2.812,1.765
-2.71,0.265
-2.709,-0.387
-2.833,-1.472
-2.931,-1.309
-2.924,0.195
-2.941,-0.508
-2.986,1.054
3.086,-0.094
3.048,0.608
2.688,-0.913
2.657,-1.382
2.724,2.332
2.72,-1.154
2.412,-0.469
2.256,1.144
2.179,-1.179
2.068,1.19
2.18,-0.396
2.171,0.442
2.052,0.998
1.816,0.837
1.789,0.828
1.626,-0.526
1.589,0.502
1.358,0.132
1.315,-1.357
1.223,-0.015
1.101,0.767
1.046,-0.236
1.112,-0.409
0.964,1.52
1.019,-0.45
0.818,-0.723
0.641,-1.95
0.6,-1.822
0.152,-1.79
-0.418,-1.618
-0.698,-1.889
-0.824,-1.714
-0.927,-1.745
-1.448,-1.957
-1.421,-1.838
-1.453,-2.119
-1.554,-1.985
-1.574,-1.984
-2.876,-1.8
2.489,-1.984
1.901,-1.728
1.658,-2.111
1.454,-1.832
1.241,-1.955
1.223,-1.783
1.004,-1.688
1.021,-1.846
0.941,-1.819
0.797,2.594
0.573,2.538
0.224,2.553
0.316,2.642
-0.016,2.494
-0.128,2.601
-0.169,2.629
-0.259,2.281
-1.225,2.418
-1.511,2.567
-1.553,2.67
-1.743,2.365
-2.151,2.511
-2.039,2.383
-2.599,2.666
2.774,2.41
2.241,2.538
1.503,2.69
1.382,2.345
1.258,2.604
-0.064,1.459
-0.187,-0.142
-1.248,1.518
-3.007,0.496
2.891,-0.172
1.51,-0.161
0.017,1.261
-1.247,0.567
-1.748,-0.288
-2.226,0.563
3.064,0.567
2.884,0.563
2.746,1.299
1.546,1.979
1.299,1.28
-2.67,-0.709
1.607,-0.931
0.833,0.715
-2.621,-1.932
2.554,-1.368
1.443,-1.331
-3.085,-2.098
-3.058,-1.482
0.052,0.667
0.014,2.141
0.02,1.84
-0.189,-0.158
-0.186,-0.019
-0.215,2.505
-0.217,1.625
-0.138,2.316
-0.73,0.864
-0.889,2.327
-0.753,2.144
-0.779,0.948
-0.937,-0.065
-1.0,-0.011
-1.003,3.606
-1.082,1.02
-1.146,2.489
-1.231,0.093
-1.285,1.513
-1.166,1.928
-1.377,0.632
-1.245,2.501
-1.304,1.502
-1.419,2.622
-1.474,0.215
-1.687,0.244
-1.719,1.112
-1.646,3.737
-1.815,1.036
-1.732,2.004
-2.068,2.514
-2.221,2.195
-2.169,-0.231
-2.174,3.288
-2.21,1.825
-2.359,0.967
-2.431,-0.1
-2.458,3.067
-2.332,2.827
-2.413,2.959
-2.592,3.714
-2.663,3.183
-2.561,1.683
-2.56,1.031
-2.684,-0.054
-2.782,0.109
-2.775,1.613
-2.792,0.91
-2.837,2.472
-3.048,1.324
-3.086,2.026
2.837,0.505
2.806,0.036
2.873,3.75
2.869,0.264
2.561,0.949
2.405,2.562
2.328,0.239
2.217,2.608
2.329,1.022
2.32,1.86
2.201,2.416
1.965,2.255
1.938,2.246
1.775,0.892
1.738,1.92
1.507,1.55
1.464,0.061
1.372,1.403
1.25,2.185
1.195,1.182
1.261,1.009
1.113,2.938
1.168,0.968
0.967,0.695
0.79,-0.532
0.749,-0.404
0.301,-0.372
-0.269,-0.2
-0.549,-0.471
-0.675,-0.296
-0.778,-0.327
-1.299,-0.539
-1.272,-0.42
-1.304,-0.701
-1.405,-0.567
-1.425,-0.566
-2.727,-0.382
2.638,-0.566
2.05,-0.31
1.807,-0.693
1.603,-0.414
1.39,-0.537
1.372,-0.365
1.153,-0.27
1.17,-0.428
1.09,-0.401
0.946,4.012
0.722,3.956
0.373,3.971
0.465,4.06
0.133,3.912
0.021,4.019
-0.02,4.047
-0.11,3.699
-1.076,3.836
-1.362,3.985
-1.404,4.088
-1.594,3.783
-2.002,3.929
-1.89,3.801
-2.45,4.084
2.923,3.828
2.39,3.956
1.652,4.108
1.531,3.763
1.407,4.022
0.085,2.877
-0.038,1.276
-1.099,2.936
-2.858,1.914
3.04,1.246
1.659,1.257
0.166,2.679
-1.098,1.985
-1.599,1.13
-2.077,1.981
-3.07,1.985
3.033,1.981
2.895,2.717
1.695,3.397
1.448,2.698
-2.521,0.709
1.756,0.487
0.982,2.133
-2.472,-0.514
2.703,0.05
1.592,0.087
-2.936,-0.68
-2.909,-0.064
-0.038,1.474
-0.032,1.173
-0.241,-0.825
-0.238,-0.686
-0.267,1.838
-0.269,0.958
-0.19,1.649
-0.782,0.197
-0.941,1.66
-0.805,1.477
-0.831,0.281
-0.989,-0.732
-1.052,-0.678
-1.055,2.939
-1.134,0.353
-1.198,1.822
-1.283,-0.574
-1.337,0.846
-1.218,1.261
-1.429,-0.035
-1.297,1.834
-1.356,0.835
-1.471,1.955
-1.526,-0.452
-1.739,-0.423
-1.771,0.445
-1.698,3.07
-1.867,0.369
-1.784,1.337
-2.12,1.847
-2.273,1.528
-2.221,-0.898
-2.226,2.621
-2.262,1.158
-2.411,0.3
-2.483,-0.767
-2.51,2.4
-2.384,2.16
-2.465,2.292
-2.644,3.047
-2.715,2.516
-2.613,1.016
-2.612,0.364
-2.736,-0.721
-2.834,-0.558
-2.827,0.946
-2.844,0.243
-2.889,1.805
-3.1,0.657
-3.138,1.359
2.785,-0.162
2.754,-0.631
2.821,3.083
2.817,-0.403
2.509,0.282
2.353,1.895
2.276,-0.428
2.165,1.941
2.277,0.355
2.268,1.193
2.149,1.749
1.913,1.588
1.886,1.579
1.723,0.225
1.686,1.253
1.455,0.883
1.412,-0.606
1.32,0.736
1.198,1.518
1.143,0.515
1.209,0.342
1.061,2.271
1.116,0.301
0.915,0.028
0.738,-1.199
0.697,-1.071
0.249,-1.039
-0.321,-0.867
-0.601,-1.138
-0.727,-0.963
-0.83,-0.994
-1.351,-1.206
-1.324,-1.087
-1.356,-1.368
-1.457,-1.234
-1.477,-1.233
-2.779,-1.049
2.586,-1.233
1.998,-0.977
1.755,-1.36
1.551,-1.081
1.338,-1.204
1.32,-1.032
1.101,-0.937
1.118,-1.095
1.038,-1.068
0.894,3.345
0.67,3.289
0.321,3.304
0.413,3.393
0.081,3.245
-0.031,3.352
-0.072,3.38
-0.162,3.032
-1.128,3.169
-1.414,3.318
-1.456,3.421
-1.646,3.116
-2.054,3.262
-1.942,3.134
-2.502,3.417
2.871,3.161
2.338,3.289
1.6,3.441
1.479,3.096
1.355,3.355
0.033,2.21
-0.09,0.609
-1.151,2.269
-2.91,1.247
2.988,0.579
1.607,0.59
0.114,2.012
-1.15,1.318
-1.651,0.463
-2.129,1.314
-3.122,1.318
2.981,1.314
2.843,2.05
1.643,2.73
1.396,2.031
-2.573,0.042
1.704,-0.18
0.93,1.466
-2.524,-1.181
2.651,-0.617
1.54,-0.58
-2.988,-1.347
-2.961,-0.731
0.006,-0.301
-0.203,-2.299
-0.2,-2.16
-0.229,0.364
-0.231,-0.516
-0.152,0.175
-0.744,-1.277
-0.903,0.186
-0.767,0.003
-0.793,-1.193
-0.951,-2.206
-1.014,-2.152
-1.017,1.465
-1.096,-1.121
-1.16,0.348
-1.245,-2.048
-1.299,-0.628
-1.18,-0.213
-1.391,-1.509
-1.259,0.36
-1.318,-0.639
-1.433,0.481
-1.488,-1.926
-1.701,-1.897
-1.733,-1.029
-1.66,1.596
-1.829,-1.105
-1.746,-0.137
-2.082,0.373
-2.235,0.054
-2.183,-2.372
-2.188,1.147
-2.224,-0.316
-2.373,-1.174
-2.445,-2.241
-2.472,0.926
-2.346,0.686
-2.427,0.818
-2.606,1.573
-2.677,1.042
-2.575,-0.458
-2.574,-1.11
-2.698,-2.195
-2.796,-2.032
-2.789,-0.528
-2.806,-1.231
-2.851,0.331
-3.062,-0.817
-3.1,-0.115
2.823,-1.636
2.792,-2.105
2.859,1.609
2.855,-1.877
2.547,-1.192
2.391,0.421
2.314,-1.902
2.203,0.467
2.315,-1.119
2.306,-0.281
2.187,0.275
1.951,0.114
1.924,0.105
1.761,-1.249
1.724,-0.221
1.493,-0.591
1.45,-2.08
1.358,-0.738
1.236,0.044
1.181,-0.959
1.247,-1.132
1.099,0.797
1.154,-1.173
0.953,-1.446
0.776,-2.673
0.735,-2.545
0.287,-2.513
-0.283,-2.341
-0.563,-2.612
-0.689,-2.437
-0.792,-2.468
-1.313,-2.68
-1.286,-2.561
-1.318,-2.842
-1.419,-2.708
-1.439,-2.707
-2.741,-2.523
2.624,-2.707
2.036,-2.451
1.793,-2.834
1.589,-2.555
1.376,-2.678
1.358,-2.506
1.139,-2.411
1.156,-2.569
1.076,-2.542
0.932,1.871
0.708,1.815
0.359,1.83
0.451,1.919
0.119,1.771
0.007,1.878
-0.034,1.906
-0.124,1.558
-1.09,1.695
-1.376,1.844
-1.418,1.947
-1.608,1.642
-2.016,1.788
-1.904,1.66
-2.464,1.943
2.909,1.687
2.376,1.815
1.638,1.967
1.517,1.622
1.393,1.881
0.071,0.736
-0.052,-0.865
-1.113,0.795
-2.872,-0.227
3.026,-0.895
1.645,-0.884
0.152,0.538
-1.112,-0.156
-1.613,-1.011
-2.091,-0.16
-3.084,-0.156
3.019,-0.16
2.881,0.576
1.681,1.256
1.434,0.557
-2.535,-1.432
1.742,-1.654
0.968,-0.008
-2.486,-2.655
2.689,-2.091
1.578,-2.054
-2.95,-2.821
-2.923,-2.205
-0.209,-1.998
-0.206,-1.859
-0.235,0.665
-0.237,-0.215
-0.158,0.476
-0.75,-0.976
-0.909,0.487
-0.773,0.304
-0.799,-0.892
-0.957,-1.905
-1.02,-1.851
-1.023,1.766
-1.102,-0.82
-1.166,0.649
-1.251,-1.747
-1.305,-0.327
-1.186,0.088
-1.397,-1.208
-1.265,0.661
-1.324,-0.338
-1.439,0.782
-1.494,-1.625
-1.707,-1.596
-1.739,-0.728
-1.666,1.897
-1.835,-0.804
-1.752,0.164
-2.088,0.674
-2.241,0.355
-2.189,-2.071
-2.194,1.448
-2.23,-0.015
-2.379,-0.873
-2.451,-1.94
-2.478,1.227
-2.352,0.987
-2.433,1.119
-2.612,1.874
-2.683,1.343
-2.581,-0.157
-2.58,-0.809
-2.704,-1.894
-2.802,-1.731
-2.795,-0.227
-2.812,-0.93
-2.857,0.632
-3.068,-0.516
-3.106,0.186
2.817,-1.335
2.786,-1.804
2.853,1.91
2.849,-1.576
2.541,-0.891
2.385,0.722
2.308,-1.601
2.197,0.768
2.309,-0.818
2.3,0.02
2.181,0.576
1.945,0.415
1.918,0.406
1.755,-0.948
1.718,0.08
1.487,-0.29
1.444,-1.779
1.352,-0.437
1.23,0.345
1.175,-0.658
1.241,-0.831
1.093,1.098
1.148,-0.872
0.947,-1.145
0.77,-2.372
0.729,-2.244
0.281,-2.212
-0.289,-2.04
-0.569,-2.311
-0.695,-2.136
-0.798,-2.167
-1.319,-2.379
-1.292,-2.26
-1.324,-2.541
-1.425,-2.407
-1.445,-2.406
-2.747,-2.222
2.618,-2.406
2.03,-2.15
1.787,-2.533
1.583,-2.254
1.37,-2.377
1.352,-2.205
1.133,-2.11
1.15,-2.268
1.07,-2.241
0.926,2.172
0.702,2.116
0.353,2.131
0.445,2.22
0.113,2.072
0.001,2.179
-0.04,2.207
-0.13,1.859
-1.096,1.996
-1.382,2.145
-1.424,2.248
-1.614,1.943
-2.022,2.089
-1.91,1.961
-2.47,2.244
2.903,1.988
2.37,2.116
1.632,2.268
1.511,1.923
1.387,2.182
0.065,1.037
-0.058,-0.564
-1.119,1.096
-2.878,0.074
3.02,-0.594
1.639,-0.583
0.146,0.839
-1.118,0.145
-1.619,-0.71
-2.097,0.141
-3.09,0.145
3.013,0.141
2.875,0.877
1.675,1.557
1.428,0.858
-2.541,-1.131
1.736,-1.353
0.962,0.293
-2.492,-2.354
2.683,-1.79
1.572,-1.753
-2.956,-2.52
-2.929,-1.904
0.003,0.139
-0.026,2.663
-0.028,1.783
0.051,2.474
-0.541,1.022
-0.7,2.485
-0.564,2.302
-0.59,1.106
-0.748,0.093
-0.811,0.147
-0.814,3.764
-0.893,1.178
-0.957,2.647
-1.042,0.251
-1.096,1.671
-0.977,2.086
-1.188,0.79
-1.056,2.659
-1.115,1.66
-1.23,2.78
-1.285,0.373
-1.498,0.402
-1.53,1.27
-1.457,3.895
-1.626,1.194
-1.543,2.162
-1.879,2.672
-2.032,2.353
-1.98,-0.073
-1.985,3.446
-2.021,1.983
-2.17,1.125
-2.242,0.058
-2.269,3.225
-2.143,2.985
-2.224,3.117
-2.403,3.872
-2.474,3.341
-2.372,1.841
-2.371,1.189
-2.495,0.104
-2.593,0.267
-2.586,1.771
-2.603,1.068
-2.648,2.63
-2.859,1.482
-2.897,2.184
3.026,0.663
2.995,0.194
3.062,3.908
3.058,0.422
2.75,1.107
2.594,2.72
2.517,0.397
2.406,2.766
2.518,1.18
2.509,2.018
2.39,2.574
2.154,2.413
2.127,2.404
1.964,1.05
1.927,2.078
1.696,1.708
1.653,0.219
1.561,1.561
1.439,2.343
1.384,1.34
1.45,1.167
1.302,3.096
1.357,1.126
1.156,0.853
0.979,-0.374
0.938,-0.246
0.49,-0.214
-0.08,-0.042
-0.36,-0.313
-0.486,-0.138
-0.589,-0.169
-1.11,-0.381
-1.083,-0.262
-1.115,-0.543
-1.216,-0.409
-1.236,-0.408
-2.538,-0.224
2.827,-0.408
2.239,-0.152
1.996,-0.535
1.792,-0.256
1.579,-0.379
1.561,-0.207
1.342,-0.112
1.359,-0.27
1.279,-0.243
1.135,4.17
0.911,4.114
0.562,4.129
0.654,4.218
0.322,4.07
0.21,4.177
0.169,4.205
0.079,3.857
-0.887,3.994
-1.173,4.143
-1.215,4.246
-1.405,3.941
-1.813,4.087
-1.701,3.959
-2.261,4.242
3.112,3.986
2.579,4.114
1.841,4.266
1.72,3.921
1.596,4.18
0.274,3.035
0.151,1.434
-0.91,3.094
-2.669,2.072
-3.054,1.404
1.848,1.415
0.355,2.837
-0.909,2.143
-1.41,1.288
-1.888,2.139
-2.881,2.143
-3.061,2.139
3.084,2.875
1.884,3.555
1.637,2.856
-2.332,0.867
1.945,0.645
1.171,2.291
-2.283,-0.356
2.892,0.208
1.781,0.245
-2.747,-0.522
-2.72,0.094
-0.029,2.524
-0.031,1.644
0.048,2.335
-0.544,0.883
-0.703,2.346
-0.567,2.163
-0.593,0.967
-0.751,-0.046
-0.814,0.008
-0.817,3.625
-0.896,1.039
-0.96,2.508
-1.045,0.112
-1.099,1.532
-0.98,1.947
-1.191,0.651
-1.059,2.52
-1.118,1.521
-1.233,2.641
-1.288,0.234
-1.501,0.263
-1.533,1.131
-1.46,3.756
-1.629,1.055
-1.546,2.023
-1.882,2.533
-2.035,2.214
-1.983,-0.212
-1.988,3.307
-2.024,1.844
-2.173,0.986
-2.245,-0.081
-2.272,3.086
-2.146,2.846
-2.227,2.978
-2.406,3.733
-2.477,3.202
-2.375,1.702
-2.374,1.05
-2.498,-0.035
-2.596,0.128
-2.589,1.632
-2.606,0.929
-2.651,2.491
-2.862,1.343
-2.9,2.045
3.023,0.524
2.992,0.055
3.059,3.769
3.055,0.283
2.747,0.968
2.591,2.581
2.514,0.258
2.403,2.627
2.515,1.041
2.506,1.879
2.387,2.435
2.151,2.274
2.124,2.265
1.961,0.911
1.924,1.939
1.693,1.569
1.65,0.08
1.558,1.422
1.436,2.204
1.381,1.201
1.447,1.028
1.299,2.957
1.354,0.987
1.153,0.714
0.976,-0.513
0.935,-0.385
0.487,-0.353
-0.083,-0.181
-0.363,-0.452
-0.489,-0.277
-0.592,-0.308
-1.113,-0.52
-1.086,-0.401
-1.118,-0.682
-1.219,-0.548
-1.239,-0.547
-2.541,-0.363
2.824,-0.547
2.236,-0.291
1.993,-0.674
1.789,-0.395
1.576,-0.518
1.558,-0.346
1.339,-0.251
1.356,-0.409
1.276,-0.382
1.132,4.031
0.908,3.975
0.559,3.99
0.651,4.079
0.319,3.931
0.207,4.038
0.166,4.066
0.076,3.718
-0.89,3.855
-1.176,4.004
-1.218,4.107
-1.408,3.802
-1.816,3.948
-1.704,3.82
-2.264,4.103
3.109,3.847
2.576,3.975
1.838,4.127
1.717,3.782
1.593,4.041
0.271,2.896
0.148,1.295
-0.913,2.955
-2.672,1.933
-3.057,1.265
1.845,1.276
0.352,2.698
-0.912,2.004
-1.413,1.149
-1.891,2.0
-2.884,2.004
-3.064,2.0
3.081,2.736
1.881,3.416
1.634,2.717
-2.335,0.728
1.942,0.506
1.168,2.152
-2.286,-0.495
2.889,0.069
1.778,0.106
-2.75,-0.661
-2.723,-0.045
-0.002,-0.88
0.077,-0.189
-0.515,-1.641
-0.674,-0.178
-0.538,-0.361
-0.564,-1.557
-0.722,-2.57
-0.785,-2.516
-0.788,1.101
-0.867,-1.485
-0.931,-0.016
-1.016,-2.412
-1.07,-0.992
-0.951,-0.577
-1.162,-1.873
-1.03,-0.004
-1.089,-1.003
-1.204,0.117
-1.259,-2.29
-1.472,-2.261
-1.504,-1.393
-1.431,1.232
-1.6,-1.469
-1.517,-0.501
-1.853,0.009
-2.006,-0.31
-1.954,-2.736
-1.959,0.783
-1.995,-0.68
-2.144,-1.538
-2.216,-2.605
-2.243,0.562
-2.117,0.322
-2.198,0.454
-2.377,1.209
-2.448,0.678
-2.346,-0.822
-2.345,-1.474
-2.469,-2.559
-2.567,-2.396
-2.56,-0.892
-2.577,-1.595
-2.622,-0.033
-2.833,-1.181
-2.871,-0.479
3.052,-2.0
3.021,-2.469
3.088,1.245
3.084,-2.241
2.776,-1.556
2.62,0.057
2.543,-2.266
2.432,0.103
2.544,-1.483
2.535,-0.645
2.416,-0.089
2.18,-0.25
2.153,-0.259
1.99,-1.613
1.953,-0.585
1.722,-0.955
1.679,-2.444
1.587,-1.102
1.465,-0.32
1.41,-1.323
1.476,-1.496
1.328,0.433
1.383,-1.537
1.182,-1.81
1.005,-3.037
0.964,-2.909
0.516,-2.877
-0.054,-2.705
-0.334,-2.976
-0.46,-2.801
-0.563,-2.832
-1.084,-3.044
-1.057,-2.925
-1.089,-3.206
-1.19,-3.072
-1.21,-3.071
-2.512,-2.887
2.853,-3.071
2.265,-2.815
2.022,-3.198
1.818,-2.919
1.605,-3.042
1.587,-2.87
1.368,-2.775
1.385,-2.933
1.305,-2.906
1.161,1.507
0.937,1.451
0.588,1.466
0.68,1.555
0.348,1.407
0.236,1.514
0.195,1.542
0.105,1.194
-0.861,1.331
-1.147,1.48
-1.189,1.583
-1.379,1.278
-1.787,1.424
-1.675,1.296
-2.235,1.579
3.138,1.323
2.605,1.451
1.867,1.603
1.746,1.258
1.622,1.517
0.3,0.372
0.177,-1.229
-0.884,0.431
-2.643,-0.591
-3.028,-1.259
1.874,-1.248
0.381,0.174
-0.883,-0.52
-1.384,-1.375
-1.862,-0.524
-2.855,-0.52
-3.035,-0.524
3.11,0.212
1.91,0.892
1.663,0.193
-2.306,-1.796
1.971,-2.018
1.197,-0.372
-2.257,-3.019
2.918,-2.455
1.807,-2.418
-2.721,-3.185
-2.694,-2.569
0.079,0.691
-0.513,-0.761
-0.672,0.702
-0.536,0.519
-0.562,-0.677
-0.72,-1.69
-0.783,-1.636
-0.786,1.981
-0.865,-0.605
-0.929,0.864
-1.014,-1.532
-1.068,-0.112
-0.949,0.303
-1.16,-0.993
-1.028,0.876
-1.087,-0.123
-1.202,0.997
-1.257,-1.41
-1.47,-1.381
-1.502,-0.513
-1.429,2.112
-1.598,-0.589
-1.515,0.379
-1.851,0.889
-2.004,0.57
-1.952,-1.856
-1.957,1.663
-1.993,0.2
-2.142,-0.658
-2.214,-1.725
-2.241,1.442
-2.115,1.202
-2.196,1.334
-2.375,2.089
-2.446,1.558
-2.344,0.058
-2.343,-0.594
-2.467,-1.679
-2.565,-1.516
-2.558,-0.012
-2.575,-0.715
-2.62,0.847
-2.831,-0.301
-2.869,0.401
3.054,-1.12
3.023,-1.589
3.09,2.125
3.086,-1.361
2.778,-0.676
2.622,0.937
2.545,-1.386
2.434,0.983
2.546,-0.603
2.537,0.235
2.418,0.791
2.182,0.63
2.155,0.621
1.992,-0.733
1.955,0.295
1.724,-0.075
1.681,-1.564
1.589,-0.222
1.467,0.56
1.412,-0.443
1.478,-0.616
1.33,1.313
1.385,-0.657
1.184,-0.93
1.007,-2.157
0.966,-2.029
0.518,-1.997
-0.052,-1.825
-0.332,-2.096
-0.458,-1.921
-0.561,-1.952
-1.082,-2.164
-1.055,-2.045
-1.087,-2.326
-1.188,-2.192
-1.208,-2.191
-2.51,-2.007
2.855,-2.191
2.267,-1.935
2.024,-2.318
1.82,-2.039
1.607,-2.162
1.589,-1.99
1.37,-1.895
1.387,-2.053
1.307,-2.026
1.163,2.387
0.939,2.331
0.59,2.346
0.682,2.435
0.35,2.287
0.238,2.394
0.197,2.422
0.107,2.074
-0.859,2.211
-1.145,2.36
-1.187,2.463
-1.377,2.158
-1.785,2.304
-1.673,2.176
-2.233,2.459
3.14,2.203
2.607,2.331
1.869,2.483
1.748,2.138
1.624,2.397
0.302,1.252
0.179,-0.349
-0.882,1.311
-2.641,0.289
-3.026,-0.379
1.876,-0.368
0.383,1.054
-0.881,0.36
-1.382,-0.495
-1.86,0.356
-2.853,0.36
-3.033,0.356
3.112,1.092
1.912,1.772
1.665,1.073
-2.304,-0.916
1.973,-1.138
1.199,0.508
-2.255,-2.139
2.92,-1.575
1.809,-1.538
-2.719,-2.305
-2.692,-1.689
-0.592,-1.452
-0.751,0.011
-0.615,-0.172
-0.641,-1.368
-0.799,-2.381
-0.862,-2.327
-0.865,1.29
-0.944,-1.296
-1.008,0.173
-1.093,-2.223
-1.147,-0.803
-1.028,-0.388
-1.239,-1.684
-1.107,0.185
-1.166,-0.814
-1.281,0.306
-1.336,-2.101
-1.549,-2.072
-1.581,-1.204
-1.508,1.421
-1.677,-1.28
-1.594,-0.312
-1.93,0.198
-2.083,-0.121
-2.031,-2.547
-2.036,0.972
-2.072,-0.491
-2.221,-1.349
-2.293,-2.416
-2.32,0.751
-2.194,0.511
-2.275,0.643
-2.454,1.398
-2.525,0.867
-2.423,-0.633
-2.422,-1.285
-2.546,-2.37
-2.644,-2.207
-2.637,-0.703
-2.654,-1.406
-2.699,0.156
-2.91,-0.992
-2.948,-0.29
2.975,-1.811
2.944,-2.28
3.011,1.434
3.007,-2.052
2.699,-1.367
2.543,0.246
2.466,-2.077
2.355,0.292
2.467,-1.294
2.458,-0.456
2.339,0.1
2.103,-0.061
2.076,-0.07
1.913,-1.424
1.876,-0.396
1.645,-0.766
1.602,-2.255
1.51,-0.913
1.388,-0.131
1.333,-1.134
1.399,-1.307
1.251,0.622
1.306,-1.348
1.105,-1.621
0.928,-2.848
0.887,-2.72
0.439,-2.688
-0.131,-2.516
-0.411,-2.787
-0.537,-2.612
-0.64,-2.643
-1.161,-2.855
-1.134,-2.736
-1.166,-3.017
-1.267,-2.883
-1.287,-2.882
-2.589,-2.698
2.776,-2.882
2.188,-2.626
1.945,-3.009
1.741,-2.73
1.528,-2.853
1.51,-2.681
1.291,-2.586
1.308,-2.744
1.228,-2.717
1.084,1.696
0.86,1.64
0.511,1.655
0.603,1.744
0.271,1.596
0.159,1.703
0.118,1.731
0.028,1.383
-0.938,1.52
-1.224,1.669
-1.266,1.772
-1.456,1.467
-1.864,1.613
-1.752,1.485
-2.312,1.768
3.061,1.512
2.528,1.64
1.79,1.792
1.669,1.447
1.545,1.706
0.223,0.561
0.1,-1.04
-0.961,0.62
-2.72,-0.402
-3.105,-1.07
1.797,-1.059
0.304,0.363
-0.96,-0.331
-1.461,-1.186
-1.939,-0.335
-2.932,-0.331
-3.112,-0.335
3.033,0.401
1.833,1.081
1.586,0.382
-2.383,-1.607
1.894,-1.829
1.12,-0.183
-2.334,-2.83
2.841,-2.266
1.73,-2.229
-2.798,-2.996
-2.771,-2.38
-0.159,1.463
-0.023,1.28
-0.049,0.084
-0.207,-0.929
-0.27,-0.875
-0.273,2.742
-0.352,0.156
-0.416,1.625
-0.501,-0.771
-0.555,0.649
-0.436,1.064
-0.647,-0.232
-0.515,1.637
-0.574,0.638
-0.689,1.758
-0.744,-0.649
-0.957,-0.62
-0.989,0.248
-0.916,2.873
-1.085,0.172
-1.002,1.14
-1.338,1.65
-1.491,1.331
-1.439,-1.095
-1.444,2.424
-1.48,0.961
-1.629,0.103
-1.701,-0.964
-1.728,2.203
-1.602,1.963
-1.683,2.095
-1.862,2.85
-1.933,2.319
-1.831,0.819
-1.83,0.167
-1.954,-0.918
-2.052,-0.755
-2.045,0.749
-2.062,0.046
-2.107,1.608
-2.318,0.46
-2.356,1.162
-2.716,-0.359
-2.747,-0.828
-2.68,2.886
-2.684,-0.6
-2.992,0.085
3.135,1.698
3.058,-0.625
2.947,1.744
3.059,0.158
3.05,0.996
2.931,1.552
2.695,1.391
2.668,1.382
2.505,0.028
2.468,1.056
2.237,0.686
2.194,-0.803
2.102,0.539
1.98,1.321
1.925,0.318
1.991,0.145
1.843,2.074
1.898,0.104
1.697,-0.169
1.52,-1.396
1.479,-1.268
1.031,-1.236
0.461,-1.064
0.181,-1.335
0.055,-1.16
-0.048,-1.191
-0.569,-1.403
-0.542,-1.284
-0.574,-1.565
-0.675,-1.431
-0.695,-1.43
-1.997,-1.246
-2.915,-1.43
2.78,-1.174
2.537,-1.557
2.333,-1.278
2.12,-1.401
2.102,-1.229
1.883,-1.134
1.9,-1.292
1.82,-1.265
1.676,3.148
1.452,3.092
1.103,3.107
1.195,3.196
0.863,3.048
0.751,3.155
0.71,3.183
0.62,2.835
-0.346,2.972
-0.632,3.121
-0.674,3.224
-0.864,2.919
-1.272,3.065
-1.16,2.937
-1.72,3.22
-2.63,2.964
3.12,3.092
2.382,3.244
2.261,2.899
2.137,3.158
0.815,2.013
0.692,0.412
-0.369,2.072
-2.128,1.05
-2.513,0.382
2.389,0.393
0.896,1.815
-0.368,1.121
-0.869,0.266
-1.347,1.117
-2.34,1.121
-2.52,1.117
-2.658,1.853
2.425,2.533
2.178,1.834
-1.791,-0.155
2.486,-0.377
1.712,1.269
-1.742,-1.378
-2.85,-0.814
2.322,-0.777
-2.206,-1.544
-2.179,-0.928
0.136,-0.183
0.11,-1.379
-0.048,-2.392
-0.111,-2.338
-0.114,1.279
-0.193,-1.307
-0.257,0.162
-0.342,-2.234
-0.396,-0.814
-0.277,-0.399
-0.488,-1.695
-0.356,0.174
-0.415,-0.825
-0.53,0.295
-0.585,-2.112
-0.798,-2.083
-0.83,-1.215
-0.757,1.41
-0.926,-1.291
-0.843,-0.323
-1.179,0.187
-1.332,-0.132
-1.28,-2.558
-1.285,0.961
-1.321,-0.502
-1.47,-1.36
-1.542,-2.427
-1.569,0.74
-1.443,0.5
-1.524,0.632
-1.703,1.387
-1.774,0.856
-1.672,-0.644
-1.671,-1.296
-1.795,-2.381
-1.893,-2.218
-1.886,-0.714
-1.903,-1.417
-1.948,0.145
-2.159,-1.003
-2.197,-0.301
-2.557,-1.822
-2.588,-2.291
-2.521,1.423
-2.525,-2.063
-2.833,-1.378
-2.989,0.235
-3.066,-2.088
3.106,0.281
-3.065,-1.305
-3.074,-0.467
3.09,0.089
2.854,-0.072
2.827,-0.081
2.664,-1.435
2.627,-0.407
2.396,-0.777
2.353,-2.266
2.261,-0.924
2.139,-0.142
2.084,-1.145
2.15,-1.318
2.002,0.611
2.057,-1.359
1.856,-1.632
1.679,-2.859
1.638,-2.731
1.19,-2.699
0.62,-2.527
0.34,-2.798
0.214,-2.623
0.111,-2.654
-0.41,-2.866
-0.383,-2.747
-0.415,-3.028
-0.516,-2.894
-0.536,-2.893
-1.838,-2.709
-2.756,-2.893
2.939,-2.637
2.696,-3.02
2.492,-2.741
2.279,-2.864
2.261,-2.692
2.042,-2.597
2.059,-2.755
1.979,-2.728
1.835,1.685
1.611,1.629
1.262,1.644
1.354,1.733
1.022,1.585
0.91,1.692
0.869,1.72
0.779,1.372
-0.187,1.509
-0.473,1.658
-0.515,1.761
-0.705,1.456
-1.113,1.602
-1.001,1.474
-1.561,1.757
-2.471,1.501
-3.004,1.629
2.541,1.781
2.42,1.436
2.296,1.695
0.974,0.55
0.851,-1.051
-0.21,0.609
-1.969,-0.413
-2.354,-1.081
2.548,-1.07
1.055,0.352
-0.209,-0.342
-0.71,-1.197
-1.188,-0.346
-2.181,-0.342
-2.361,-0.346
-2.499,0.39
2.584,1.07
2.337,0.371
-1.632,-1.618
2.645,-1.84
1.871,-0.194
-1.583,-2.841
-2.691,-2.277
2.481,-2.24
-2.047,-3.007
-2.02,-2.391
-0.026,-1.196
-0.184,-2.209
-0.247,-2.155
-0.25,1.462
-0.329,-1.124
-0.393,0.345
-0.478,-2.051
-0.532,-0.631
-0.413,-0.216
-0.624,-1.512
-0.492,0.357
-0.551,-0.642
-0.666,0.478
-0.721,-1.929
-0.934,-1.9
-0.966,-1.032
-0.893,1.593
-1.062,-1.108
-0.979,-0.14
-1.315,0.37
-1.468,0.051
-1.416,-2.375
-1.421,1.144
-1.457,-0.319
-1.606,-1.177
-1.678,-2.244
-1.705,0.923
-1.579,0.683
-1.66,0.815
-1.839,1.57
-1.91,1.039
-1.808,-0.461
-1.807,-1.113
-1.931,-2.198
-2.029,-2.035
-2.022,-0.531
-2.039,-1.234
-2.084,0.328
-2.295,-0.82
-2.333,-0.118
-2.693,-1.639
-2.724,-2.108
-2.657,1.606
-2.661,-1.88
-2.969,-1.195
-3.125,0.418
3.081,-1.905
2.97,0.464
3.082,-1.122
3.073,-0.284
2.954,0.272
2.718,0.111
2.691,0.102
2.528,-1.252
2.491,-0.224
2.26,-0.594
2.217,-2.083
2.125,-0.741
2.003,0.041
1.948,-0.962
2.014,-1.135
1.866,0.794
1.921,-1.176
1.72,-1.449
1.543,-2.676
1.502,-2.548
1.054,-2.516
0.484,-2.344
0.204,-2.615
0.078,-2.44
-0.025,-2.471
-0.546,-2.683
-0.519,-2.564
-0.551,-2.845
-0.652,-2.711
-0.672,-2.71
-1.974,-2.526
-2.892,-2.71
2.803,-2.454
2.56,-2.837
2.356,-2.558
2.143,-2.681
2.125,-2.509
1.906,-2.414
1.923,-2.572
1.843,-2.545
1.699,1.868
1.475,1.812
1.126,1.827
1.218,1.916
0.886,1.768
0.774,1.875
0.733,1.903
0.643,1.555
-0.323,1.692
-0.609,1.841
-0.651,1.944
-0.841,1.639
-1.249,1.785
-1.137,1.657
-1.697,1.94
-2.607,1.684
-3.14,1.812
2.405,1.964
2.284,1.619
2.16,1.878
0.838,0.733
0.715,-0.868
-0.346,0.792
-2.105,-0.23
-2.49,-0.898
2.412,-0.887
0.919,0.535
-0.345,-0.159
-0.846,-1.014
-1.324,-0.163
-2.317,-0.159
-2.497,-0.163
-2.635,0.573
2.448,1.253
2.201,0.554
-1.768,-1.435
2.509,-1.657
1.735,-0.011
-1.719,-2.658
-2.827,-2.094
2.345,-2.057
-2.183,-2.824
-2.156,-2.208
-0.158,-1.013
-0.221,-0.959
-0.224,2.658
-0.303,0.072
-0.367,1.541
-0.452,-0.855
-0.506,0.565
-0.387,0.98
-0.598,-0.316
-0.466,1.553
-0.525,0.554
-0.64,1.674
-0.695,-0.733
-0.908,-0.704
-0.94,0.164
-0.867,2.789
-1.036,0.088
-0.953,1.056
-1.289,1.566
-1.442,1.247
-1.39,-1.179
-1.395,2.34
-1.431,0.877
-1.58,0.019
-1.652,-1.048
-1.679,2.119
-1.553,1.879
-1.634,2.011
-1.813,2.766
-1.884,2.235
-1.782,0.735
-1.781,0.083
-1.905,-1.002
-2.003,-0.839
-1.996,0.665
-2.013,-0.038
-2.058,1.524
-2.269,0.376
-2.307,1.078
-2.667,-0.443
-2.698,-0.912
-2.631,2.802
-2.635,-0.684
-2.943,0.001
-3.099,1.614
3.107,-0.709
2.996,1.66
3.108,0.074
3.099,0.912
2.98,1.468
2.744,1.307
2.717,1.298
2.554,-0.056
2.517,0.972
2.286,0.602
2.243,-0.887
2.151,0.455
2.029,1.237
1.974,0.234
2.04,0.061
1.892,1.99
1.947,0.02
1.746,-0.253
1.569,-1.48
1.528,-1.352
1.08,-1.32
0.51,-1.148
0.23,-1.419
0.104,-1.244
0.001,-1.275
-0.52,-1.487
-0.493,-1.368
-0.525,-1.649
-0.626,-1.515
-0.646,-1.514
-1.948,-1.33
-2.866,-1.514
2.829,-1.258
2.586,-1.641
2.382,-1.362
2.169,-1.485
2.151,-1.313
1.932,-1.218
1.949,-1.376
1.869,-1.349
1.725,3.064
1.501,3.008
1.152,3.023
1.244,3.112
0.912,2.964
0.8,3.071
0.759,3.099
0.669,2.751
-0.297,2.888
-0.583,3.037
-0.625,3.14
-0.815,2.835
-1.223,2.981
-1.111,2.853
-1.671,3.136
-2.581,2.88
-3.114,3.008
2.431,3.16
2.31,2.815
2.186,3.074
0.864,1.929
0.741,0.328
-0.32,1.988
-2.079,0.966
-2.464,0.298
2.438,0.309
0.945,1.731
-0.319,1.037
-0.82,0.182
-1.298,1.033
-2.291,1.037
-2.471,1.033
-2.609,1.769
2.474,2.449
2.227,1.75
-1.742,-0.239
2.535,-0.461
1.761,1.185
-1.693,-1.462
-2.801,-0.898
2.371,-0.861
-2.157,-1.628
-2.13,-1.012
-0.063,0.054
-0.066,3.671
-0.145,1.085
-0.209,2.554
-0.294,0.158
-0.348,1.578
-0.229,1.993
-0.44,0.697
-0.308,2.566
-0.367,1.567
-0.482,2.687
-0.537,0.28
-0.75,0.309
-0.782,1.177
-0.709,3.802
-0.878,1.101
-0.795,2.069
-1.131,2.579
-1.284,2.26
-1.232,-0.166
-1.237,3.353
-1.273,1.89
-1.422,1.032
-1.494,-0.035
-1.521,3.132
-1.395,2.892
-1.476,3.024
-1.655,3.779
-1.726,3.248
-1.624,1.748
-1.623,1.096
-1.747,0.011
-1.845,0.174
-1.838,1.678
-1.855,0.975
-1.9,2.537
-2.111,1.389
-2.149,2.091
-2.509,0.57
-2.54,0.101
-2.473,3.815
-2.477,0.329
-2.785,1.014
-2.941,2.627
-3.018,0.304
-3.129,2.673
-3.017,1.087
-3.026,1.925
3.138,2.481
2.902,2.32
2.875,2.311
2.712,0.957
2.675,1.985
2.444,1.615
2.401,0.126
2.309,1.468
2.187,2.25
2.132,1.247
2.198,1.074
2.05,3.003
2.105,1.033
1.904,0.76
1.727,-0.467
1.686,-0.339
1.238,-0.307
0.668,-0.135
0.388,-0.406
0.262,-0.231
0.159,-0.262
-0.362,-0.474
-0.335,-0.355
-0.367,-0.636
-0.468,-0.502
-0.488,-0.501
-1.79,-0.317
-2.708,-0.501
2.987,-0.245
2.744,-0.628
2.54,-0.349
2.327,-0.472
2.309,-0.3
2.09,-0.205
2.107,-0.363
2.027,-0.336
1.883,4.077
1.659,4.021
1.31,4.036
1.402,4.125
1.07,3.977
0.958,4.084
0.917,4.112
0.827,3.764
-0.139,3.901
-0.425,4.05
-0.467,4.153
-0.657,3.848
-1.065,3.994
-0.953,3.866
-1.513,4.149
-2.423,3.893
-2.956,4.021
2.589,4.173
2.468,3.828
2.344,4.087
1.022,2.942
0.899,1.341
-0.162,3.001
-1.921,1.979
-2.306,1.311
2.596,1.322
1.103,2.744
-0.161,2.05
-0.662,1.195
-1.14,2.046
-2.133,2.05
-2.313,2.046
-2.451,2.782
2.632,3.462
2.385,2.763
-1.584,0.774
2.693,0.552
1.919,2.198
-1.535,-0.449
-2.643,0.115
2.529,0.152
-1.999,-0.615
-1.972,0.001
-0.003,3.617
-0.082,1.031
-0.146,2.5
-0.231,0.104
-0.285,1.524
-0.166,1.939
-0.377,0.643
-0.245,2.512
-0.304,1.513
-0.419,2.633
-0.474,0.226
-0.687,0.255
-0.719,1.123
-0.646,3.748
-0.815,1.047
-0.732,2.015
-1.068,2.525
-1.221,2.206
-1.169,-0.22
-1.174,3.299
-1.21,1.836
-1.359,0.978
-1.431,-0.089
-1.458,3.078
-1.332,2.838
-1.413,2.97
-1.592,3.725
-1.663,3.194
-1.561,1.694
-1.56,1.042
-1.684,-0.043
-1.782,0.12
-1.775,1.624
-1.792,0.921
-1.837,2.483
-2.048,1.335
-2.086,2.037
-2.446,0.516
-2.477,0.047
-2.41,3.761
-2.414,0.275
-2.722,0.96
-2.878,2.573
-2.955,0.25
-3.066,2.619
-2.954,1.033
-2.963,1.871
-3.082,2.427
2.965,2.266
2.938,2.257
2.775,0.903
2.738,1.931
2.507,1.561
2.464,0.072
2.372,1.414
2.25,2.196
2.195,1.193
2.261,1.02
2.113,2.949
2.168,0.979
1.967,0.706
1.79,-0.521
1.749,-0.393
1.301,-0.361
0.731,-0.189
0.451,-0.46
0.325,-0.285
0.222,-0.316
-0.299,-0.528
-0.272,-0.409
-0.304,-0.69
-0.405,-0.556
-0.425,-0.555
-1.727,-0.371
-2.645,-0.555
3.05,-0.299
2.807,-0.682
2.603,-0.403
2.39,-0.526
2.372,-0.354
2.153,-0.259
2.17,-0.417
2.09,-0.39
1.946,4.023
1.722,3.967
1.373,3.982
1.465,4.071
1.133,3.923
1.021,4.03
0.98,4.058
0.89,3.71
-0.076,3.847
-0.362,3.996
-0.404,4.099
-0.594,3.794
-1.002,3.94
-0.89,3.812
-1.45,4.095
-2.36,3.839
-2.893,3.967
2.652,4.119
2.531,3.774
2.407,4.033
1.085,2.888
0.962,1.287
-0.099,2.947
-1.858,1.925
-2.243,1.257
2.659,1.268
1.166,2.69
-0.098,1.996
-0.599,1.141
-1.077,1.992
-2.07,1.996
-2.25,1.992
-2.388,2.728
2.695,3.408
2.448,2.709
-1.521,0.72
2.756,0.498
1.982,2.144
-1.472,-0.503
-2.58,0.061
2.592,0.098
-1.936,-0.669
-1.909,-0.053
-0.079,-2.586
-0.143,-1.117
-0.228,-3.513
-0.282,-2.093
-0.163,-1.678
-0.374,-2.974
-0.242,-1.105
-0.301,-2.104
-0.416,-0.984
-0.471,-3.391
-0.684,-3.362
-0.716,-2.494
-0.643,0.131
-0.812,-2.57
-0.729,-1.602
-1.065,-1.092
-1.218,-1.411
-1.166,-3.837
-1.171,-0.318
-1.207,-1.781
-1.356,-2.639
-1.428,-3.706
-1.455,-0.539
-1.329,-0.779
-1.41,-0.647
-1.589,0.108
-1.66,-0.423
-1.558,-1.923
-1.557,-2.575
-1.681,-3.66
-1.779,-3.497
-1.772,-1.993
-1.789,-2.696
-1.834,-1.134
-2.045,-2.282
-2.083,-1.58
-2.443,-3.101
-2.474,-3.57
-2.407,0.144
-2.411,-3.342
-2.719,-2.657
-2.875,-1.044
-2.952,-3.367
-3.063,-0.998
-2.951,-2.584
-2.96,-1.746
-3.079,-1.19
2.968,-1.351
2.941,-1.36
2.778,-2.714
2.741,-1.686
2.51,-2.056
2.467,-3.545
2.375,-2.203
2.253,-1.421
2.198,-2.424
2.264,-2.597
2.116,-0.668
2.171,-2.638
1.97,-2.911
1.793,-4.138
1.752,-4.01
1.304,-3.978
0.734,-3.806
0.454,-4.077
0.328,-3.902
0.225,-3.933
-0.296,-4.145
-0.269,-4.026
-0.301,-4.307
-0.402,-4.173
-0.422,-4.172
-1.724,-3.988
-2.642,-4.172
3.053,-3.916
2.81,-4.299
2.606,-4.02
2.393,-4.143
2.375,-3.971
2.156,-3.876
2.173,-4.034
2.093,-4.007
1.949,0.406
1.725,0.35
1.376,0.365
1.468,0.454
1.136,0.306
1.024,0.413
0.983,0.441
0.893,0.093
-0.073,0.23
-0.359,0.379
-0.401,0.482
-0.591,0.177
-0.999,0.323
-0.887,0.195
-1.447,0.478
-2.357,0.222
-2.89,0.35
2.655,0.502
2.534,0.157
2.41,0.416
1.088,-0.729
0.965,-2.33
-0.096,-0.67
-1.855,-1.692
-2.24,-2.36
2.662,-2.349
1.169,-0.927
-0.095,-1.621
-0.596,-2.476
-1.074,-1.625
-2.067,-1.621
-2.247,-1.625
-2.385,-0.889
2.698,-0.209
2.451,-0.908
-1.518,-2.897
2.759,-3.119
1.985,-1.473
-1.469,-4.12
-2.577,-3.556
2.595,-3.519
-1.933,-4.286
-1.906,-3.67
-0.064,1.469
-0.149,-0.927
-0.203,0.493
-0.084,0.908
-0.295,-0.388
-0.163,1.481
-0.222,0.482
-0.337,1.602
-0.392,-0.805
-0.605,-0.776
-0.637,0.092
-0.564,2.717
-0.733,0.016
-0.65,0.984
-0.986,1.494
-1.139,1.175
-1.087,-1.251
-1.092,2.268
-1.128,0.805
-1.277,-0.053
-1.349,-1.12
-1.376,2.047
-1.25,1.807
-1.331,1.939
-1.51,2.694
-1.581,2.163
-1.479,0.663
-1.478,0.011
-1.602,-1.074
-1.7,-0.911
-1.693,0.593
-1.71,-0.11
-1.755,1.452
-1.966,0.304
-2.004,1.006
-2.364,-0.515
-2.395,-0.984
-2.328,2.73
-2.332,-0.756
-2.64,-0.071
-2.796,1.542
-2.873,-0.781
-2.984,1.588
-2.872,0.002
-2.881,0.84
-3.0,1.396
3.047,1.235
3.02,1.226
2.857,-0.128
2.82,0.9
2.589,0.53
2.546,-0.959
2.454,0.383
2.332,1.165
2.277,0.162
2.343,-0.011
2.195,1.918
2.25,-0.052
2.049,-0.325
1.872,-1.552
1.831,-1.424
1.383,-1.392
0.813,-1.22
0.533,-1.491
0.407,-1.316
0.304,-1.347
-0.217,-1.559
-0.19,-1.44
-0.222,-1.721
-0.323,-1.587
-0.343,-1.586
-1.645,-1.402
-2.563,-1.586
3.132,-1.33
2.889,-1.713
2.685,-1.434
2.472,-1.557
2.454,-1.385
2.235,-1.29
2.252,-1.448
2.172,-1.421
2.028,2.992
1.804,2.936
1.455,2.951
1.547,3.04
1.215,2.892
1.103,2.999
1.062,3.027
0.972,2.679
0.006,2.816
-0.28,2.965
-0.322,3.068
-0.512,2.763
-0.92,2.909
-0.808,2.781
-1.368,3.064
-2.278,2.808
-2.811,2.936
2.734,3.088
2.613,2.743
2.489,3.002
1.167,1.857
1.044,0.256
-0.017,1.916
-1.776,0.894
-2.161,0.226
2.741,0.237
1.248,1.659
-0.016,0.965
-0.517,0.11
-0.995,0.961
-1.988,0.965
-2.168,0.961
-2.306,1.697
2.777,2.377
2.53,1.678
-1.439,-0.311
2.838,-0.533
2.064,1.113
-1.39,-1.534
-2.498,-0.97
2.674,-0.933
-1.854,-1.7
-1.827,-1.084
-0.085,-2.396
-0.139,-0.976
-0.02,-0.561
-0.231,-1.857
-0.099,0.012
-0.158,-0.987
-0.273,0.133
-0.328,-2.274
-0.541,-2.245
-0.573,-1.377
-0.5,1.248
-0.669,-1.453
-0.586,-0.485
-0.922,0.025
-1.075,-0.294
-1.023,-2.72
-1.028,0.799
-1.064,-0.664
-1.213,-1.522
-1.285,-2.589
-1.312,0.578
-1.186,0.338
-1.267,0.47
-1.446,1.225
-1.517,0.694
-1.415,-0.806
-1.414,-1.458
-1.538,-2.543
-1.636,-2.38
-1.629,-0.876
-1.646,-1.579
-1.691,-0.017
-1.902,-1.165
-1.94,-0.463
-2.3,-1.984
-2.331,-2.453
-2.264,1.261
-2.268,-2.225
-2.576,-1.54
-2.732,0.073
-2.809,-2.25
-2.92,0.119
-2.808,-1.467
-2.817,-0.629
-2.936,-0.073
3.111,-0.234
3.084,-0.243
2.921,-1.597
2.884,-0.569
2.653,-0.939
2.61,-2.428
2.518,-1.086
2.396,-0.304
2.341,-1.307
2.407,-1.48
2.259,0.449
2.314,-1.521
2.113,-1.794
1.936,-3.021
1.895,-2.893
1.447,-2.861
0.877,-2.689
0.597,-2.96
0.471,-2.785
0.368,-2.816
-0.153,-3.028
-0.126,-2.909
-0.158,-3.19
-0.259,-3.056
-0.279,-3.055
-1.581,-2.871
-2.499,-3.055
-3.087,-2.799
2.953,-3.182
2.749,-2.903
2.536,-3.026
2.518,-2.854
2.299,-2.759
2.316,-2.917
2.236,-2.89
2.092,1.523
1.868,1.467
1.519,1.482
1.611,1.571
1.279,1.423
1.167,1.53
1.126,1.558
1.036,1.21
0.07,1.347
-0.216,1.496
-0.258,1.599
-0.448,1.294
-0.856,1.44
-0.744,1.312
-1.304,1.595
-2.214,1.339
-2.747,1.467
2.798,1.619
2.677,1.274
2.553,1.533
1.231,0.388
1.108,-1.213
0.047,0.447
-1.712,-0.575
-2.097,-1.243
2.805,-1.232
1.312,0.19
0.048,-0.504
-0.453,-1.359
-0.931,-0.508
-1.924,-0.504
-2.104,-0.508
-2.242,0.228
2.841,0.908
2.594,0.209
-1.375,-1.78
2.902,-2.002
2.128,-0.356
-1.326,-3.003
-2.434,-2.439
2.738,-2.402
-1.79,-3.169
-1.763,-2.553
-0.054,1.42
0.065,1.835
-0.146,0.539
-0.014,2.408
-0.073,1.409
-0.188,2.529
-0.243,0.122
-0.456,0.151
-0.488,1.019
-0.415,3.644
-0.584,0.943
-0.501,1.911
-0.837,2.421
-0.99,2.102
-0.938,-0.324
-0.943,3.195
-0.979,1.732
-1.128,0.874
-1.2,-0.193
-1.227,2.974
-1.101,2.734
-1.182,2.866
-1.361,3.621
-1.432,3.09
-1.33,1.59
-1.329,0.938
-1.453,-0.147
-1.551,0.016
-1.544,1.52
-1.561,0.817
-1.606,2.379
-1.817,1.231
-1.855,1.933
-2.215,0.412
-2.246,-0.057
-2.179,3.657
-2.183,0.171
-2.491,0.856
-2.647,2.469
-2.724,0.146
-2.835,2.515
-2.723,0.929
-2.732,1.767
-2.851,2.323
-3.087,2.162
-3.114,2.153
3.006,0.799
2.969,1.827
2.738,1.457
2.695,-0.032
2.603,1.31
2.481,2.092
2.426,1.089
2.492,0.916
2.344,2.845
2.399,0.875
2.198,0.602
2.021,-0.625
1.98,-0.497
1.532,-0.465
0.962,-0.293
0.682,-0.564
0.556,-0.389
0.453,-0.42
-0.068,-0.632
-0.041,-0.513
-0.073,-0.794
-0.174,-0.66
-0.194,-0.659
-1.496,-0.475
-2.414,-0.659
-3.002,-0.403
3.038,-0.786
2.834,-0.507
2.621,-0.63
2.603,-0.458
2.384,-0.363
2.401,-0.521
2.321,-0.494
2.177,3.919
1.953,3.863
1.604,3.878
1.696,3.967
1.364,3.819
1.252,3.926
1.211,3.954
1.121,3.606
0.155,3.743
-0.131,3.892
-0.173,3.995
-0.363,3.69
-0.771,3.836
-0.659,3.708
-1.219,3.991
-2.129,3.735
-2.662,3.863
2.883,4.015
2.762,3.67
2.638,3.929
1.316,2.784
1.193,1.183
0.132,2.843
-1.627,1.821
-2.012,1.153
2.89,1.164
1.397,2.586
0.133,1.892
-0.368,1.037
-0.846,1.888
-1.839,1.892
-2.019,1.888
-2.157,2.624
2.926,3.304
2.679,2.605
-1.29,0.616
2.987,0.394
2.213,2.04
-1.241,-0.607
-2.349,-0.043
2.823,-0.006
-1.705,-0.773
-1.678,-0.157
0.119,0.415
-0.092,-0.881
0.04,0.988
-0.019,-0.011
-0.134,1.109
-0.189,-1.298
-0.402,-1.269
-0.434,-0.401
-0.361,2.224
-0.53,-0.477
-0.447,0.491
-0.783,1.001
-0.936,0.682
-0.884,-1.744
-0.889,1.775
-0.925,0.312
-1.074,-0.546
-1.146,-1.613
-1.173,1.554
-1.047,1.314
-1.128,1.446
-1.307,2.201
-1.378,1.67
-1.276,0.17
-1.275,-0.482
-1.399,-1.567
-1.497,-1.404
-1.49,0.1
-1.507,-0.603
-1.552,0.959
-1.763,-0.189
-1.801,0.513
-2.161,-1.008
-2.192,-1.477
-2.125,2.237
-2.129,-1.249
-2.437,-0.564
-2.593,1.049
-2.67,-1.274
-2.781,1.095
-2.669,-0.491
-2.678,0.347
-2.797,0.903
-3.033,0.742
-3.06,0.733
3.06,-0.621
3.023,0.407
2.792,0.037
2.749,-1.452
2.657,-0.11
2.535,0.672
2.48,-0.331
2.546,-0.504
2.398,1.425
2.453,-0.545
2.252,-0.818
2.075,-2.045
2.034,-1.917
1.586,-1.885
1.016,-1.713
0.736,-1.984
0.61,-1.809
0.507,-1.84
-0.014,-2.052
0.013,-1.933
-0.019,-2.214
-0.12,-2.08
-0.14,-2.079
-1.442,-1.895
-2.36,-2.079
-2.948,-1.823
3.092,-2.206
2.888,-1.927
2.675,-2.05
2.657,-1.878
2.438,-1.783
2.455,-1.941
2.375,-1.914
2.231,2.499
2.007,2.443
1.658,2.458
1.75,2.547
1.418,2.399
1.306,2.506
1.265,2.534
1.175,2.186
0.209,2.323
-0.077,2.472
-0.119,2.575
-0.309,2.27
-0.717,2.416
-0.605,2.288
-1.165,2.571
-2.075,2.315
-2.608,2.443
2.937,2.595
2.816,2.25
2.692,2.509
1.37,1.364
1.247,-0.237
0.186,1.423
-1.573,0.401
-1.958,-0.267
2.944,-0.256
1.451,1.166
0.187,0.472
-0.314,-0.383
-0.792,0.468
-1.785,0.472
-1.965,0.468
-2.103,1.204
2.98,1.884
2.733,1.185
-1.236,-0.804
3.041,-1.026
2.267,0.62
-1.187,-2.027
-2.295,-1.463
2.877,-1.426
-1.651,-2.193
-1.624,-1.577
-0.211,-1.296
-0.079,0.573
-0.138,-0.426
-0.253,0.694
-0.308,-1.713
-0.521,-1.684
-0.553,-0.816
-0.48,1.809
-0.649,-0.892
-0.566,0.076
-0.902,0.586
-1.055,0.267
-1.003,-2.159
-1.008,1.36
-1.044,-0.103
-1.193,-0.961
-1.265,-2.028
-1.292,1.139
-1.166,0.899
-1.247,1.031
-1.426,1.786
-1.497,1.255
-1.395,-0.245
-1.394,-0.897
-1.518,-1.982
-1.616,-1.819
-1.609,-0.315
-1.626,-1.018
-1.671,0.544
-1.882,-0.604
-1.92,0.098
-2.28,-1.423
-2.311,-1.892
-2.244,1.822
-2.248,-1.664
-2.556,-0.979
-2.712,0.634
-2.789,-1.689
-2.9,0.68
-2.788,-0.906
-2.797,-0.068
-2.916,0.488
3.131,0.327
3.104,0.318
2.941,-1.036
2.904,-0.008
2.673,-0.378
2.63,-1.867
2.538,-0.525
2.416,0.257
2.361,-0.746
2.427,-0.919
2.279,1.01
2.334,-0.96
2.133,-1.233
1.956,-2.46
1.915,-2.332
1.467,-2.3
0.897,-2.128
0.617,-2.399
0.491,-2.224
0.388,-2.255
-0.133,-2.467
-0.106,-2.348
-0.138,-2.629
-0.239,-2.495
-0.259,-2.494
-1.561,-2.31
-2.479,-2.494
-3.067,-2.238
2.973,-2.621
2.769,-2.342
2.556,-2.465
2.538,-2.293
2.319,-2.198
2.336,-2.356
2.256,-2.329
2.112,2.084
1.888,2.028
1.539,2.043
1.631,2.132
1.299,1.984
1.187,2.091
1.146,2.119
1.056,1.771
0.09,1.908
-0.196,2.057
-0.238,2.16
-0.428,1.855
-0.836,2.001
-0.724,1.873
-1.284,2.156
-2.194,1.9
-2.727,2.028
2.818,2.18
2.697,1.835
2.573,2.094
1.251,0.949
1.128,-0.652
0.067,1.008
-1.692,-0.014
-2.077,-0.682
2.825,-0.671
1.332,0.751
0.068,0.057
-0.433,-0.798
-0.911,0.053
-1.904,0.057
-2.084,0.053
-2.222,0.789
2.861,1.469
2.614,0.77
-1.355,-1.219
2.922,-1.441
2.148,0.205
-1.306,-2.442
-2.414,-1.878
2.758,-1.841
-1.77,-2.608
-1.743,-1.992
0.132,1.869
0.073,0.87
-0.042,1.99
-0.097,-0.417
-0.31,-0.388
-0.342,0.48
-0.269,3.105
-0.438,0.404
-0.355,1.372
-0.691,1.882
-0.844,1.563
-0.792,-0.863
-0.797,2.656
-0.833,1.193
-0.982,0.335
-1.054,-0.732
-1.081,2.435
-0.955,2.195
-1.036,2.327
-1.215,3.082
-1.286,2.551
-1.184,1.051
-1.183,0.399
-1.307,-0.686
-1.405,-0.523
-1.398,0.981
-1.415,0.278
-1.46,1.84
-1.671,0.692
-1.709,1.394
-2.069,-0.127
-2.1,-0.596
-2.033,3.118
-2.037,-0.368
-2.345,0.317
-2.501,1.93
-2.578,-0.393
-2.689,1.976
-2.577,0.39
-2.586,1.228
-2.705,1.784
-2.941,1.623
-2.968,1.614
-3.131,0.26
3.115,1.288
2.884,0.918
2.841,-0.571
2.749,0.771
2.627,1.553
2.572,0.55
2.638,0.377
2.49,2.306
2.545,0.336
2.344,0.063
2.167,-1.164
2.126,-1.036
1.678,-1.004
1.108,-0.832
0.828,-1.103
0.702,-0.928
0.599,-0.959
0.078,-1.171
0.105,-1.052
0.073,-1.333
-0.028,-1.199
-0.048,-1.198
-1.35,-1.014
-2.268,-1.198
-2.856,-0.942
-3.099,-1.325
2.98,-1.046
2.767,-1.169
2.749,-0.997
2.53,-0.902
2.547,-1.06
2.467,-1.033
2.323,3.38
2.099,3.324
1.75,3.339
1.842,3.428
1.51,3.28
1.398,3.387
1.357,3.415
1.267,3.067
0.301,3.204
0.015,3.353
-0.027,3.456
-0.217,3.151
-0.625,3.297
-0.513,3.169
-1.073,3.452
-1.983,3.196
-2.516,3.324
3.029,3.476
2.908,3.131
2.784,3.39
1.462,2.245
1.339,0.644
0.278,2.304
-1.481,1.282
-1.866,0.614
3.036,0.625
1.543,2.047
0.279,1.353
-0.222,0.498
-0.7,1.349
-1.693,1.353
-1.873,1.349
-2.011,2.085
3.072,2.765
2.825,2.066
-1.144,0.077
3.133,-0.145
2.359,1.501
-1.095,-1.146
-2.203,-0.582
2.969,-0.545
-1.559,-1.312
-1.532,-0.696
-0.059,-0.999
-0.174,0.121
-0.229,-2.286
-0.442,-2.257
-0.474,-1.389
-0.401,1.236
-0.57,-1.465
-0.487,-0.497
-0.823,0.013
-0.976,-0.306
-0.924,-2.732
-0.929,0.787
-0.965,-0.676
-1.114,-1.534
-1.186,-2.601
-1.213,0.566
-1.087,0.326
-1.168,0.458
-1.347,1.213
-1.418,0.682
-1.316,-0.818
-1.315,-1.47
-1.439,-2.555
-1.537,-2.392
-1.53,-0.888
-1.547,-1.591
-1.592,-0.029
-1.803,-1.177
-1.841,-0.475
-2.201,-1.996
-2.232,-2.465
-2.165,1.249
-2.169,-2.237
-2.477,-1.552
-2.633,0.061
-2.71,-2.262
-2.821,0.107
-2.709,-1.479
-2.718,-0.641
-2.837,-0.085
-3.073,-0.246
-3.1,-0.255
3.02,-1.609
2.983,-0.581
2.752,-0.951
2.709,-2.44
2.617,-1.098
2.495,-0.316
2.44,-1.319
2.506,-1.492
2.358,0.437
2.413,-1.533
2.212,-1.806
2.035,-3.033
1.994,-2.905
1.546,-2.873
0.976,-2.701
0.696,-2.972
0.57,-2.797
0.467,-2.828
-0.054,-3.04
-0.027,-2.921
-0.059,-3.202
-0.16,-3.068
-0.18,-3.067
-1.482,-2.883
-2.4,-3.067
-2.988,-2.811
3.052,-3.194
2.848,-2.915
2.635,-3.038
2.617,-2.866
2.398,-2.771
2.415,-2.929
2.335,-2.902
2.191,1.511
1.967,1.455
1.618,1.47
1.71,1.559
1.378,1.411
1.266,1.518
1.225,1.546
1.135,1.198
0.169,1.335
-0.117,1.484
-0.159,1.587
-0.349,1.282
-0.757,1.428
-0.645,1.3
-1.205,1.583
-2.115,1.327
-2.648,1.455
2.897,1.607
2.776,1.262
2.652,1.521
1.33,0.376
1.207,-1.225
0.146,0.435
-1.613,-0.587
-1.998,-1.255
2.904,-1.244
1.411,0.178
0.147,-0.516
-0.354,-1.371
-0.832,-0.52
-1.825,-0.516
-2.005,-0.52
-2.143,0.216
2.94,0.896
2.693,0.197
-1.276,-1.792
3.001,-2.014
2.227,-0.368
-1.227,-3.015
-2.335,-2.451
2.837,-2.414
-1.691,-3.181
-1.664,-2.565
-0.115,1.12
-0.17,-1.287
-0.383,-1.258
-0.415,-0.39
-0.342,2.235
-0.511,-0.466
-0.428,0.502
-0.764,1.012
-0.917,0.693
-0.865,-1.733
-0.87,1.786
-0.906,0.323
-1.055,-0.535
-1.127,-1.602
-1.154,1.565
-1.028,1.325
-1.109,1.457
-1.288,2.212
-1.359,1.681
-1.257,0.181
-1.256,-0.471
-1.38,-1.556
-1.478,-1.393
-1.471,0.111
-1.488,-0.592
-1.533,0.97
-1.744,-0.178
-1.782,0.524
-2.142,-0.997
-2.173,-1.466
-2.106,2.248
-2.11,-1.238
-2.418,-0.553
-2.574,1.06
-2.651,-1.263
-2.762,1.106
-2.65,-0.48
-2.659,0.358
-2.778,0.914
-3.014,0.753
-3.041,0.744
3.079,-0.61
3.042,0.418
2.811,0.048
2.768,-1.441
2.676,-0.099
2.554,0.683
2.499,-0.32
2.565,-0.493
2.417,1.436
2.472,-0.534
2.271,-0.807
2.094,-2.034
2.053,-1.906
1.605,-1.874
1.035,-1.702
0.755,-1.973
0.629,-1.798
0.526,-1.829
0.005,-2.041
0.032,-1.922
0.0,-2.203
-0.101,-2.069
-0.121,-2.068
-1.423,-1.884
-2.341,-2.068
-2.929,-1.812
3.111,-2.195
2.907,-1.916
2.694,-2.039
2.676,-1.867
2.457,-1.772
2.474,-1.93
2.394,-1.903
2.25,2.51
2.026,2.454
1.677,2.469
1.769,2.558
1.437,2.41
1.325,2.517
1.284,2.545
1.194,2.197
0.228,2.334
-0.058,2.483
-0.1,2.586
-0.29,2.281
-0.698,2.427
-0.586,2.299
-1.146,2.582
-2.056,2.326
-2.589,2.454
2.956,2.606
2.835,2.261
2.711,2.52
1.389,1.375
1.266,-0.226
0.205,1.434
-1.554,0.412
-1.939,-0.256
2.963,-0.245
1.47,1.177
0.206,0.483
-0.295,-0.372
-0.773,0.479
-1.766,0.483
-1.946,0.479
-2.084,1.215
2.999,1.895
2.752,1.196
-1.217,-0.793
3.06,-1.015
2.286,0.631
-1.168,-2.016
-2.276,-1.452
2.896,-1.415
-1.632,-2.182
-1.605,-1.566
-0.055,-2.407
-0.268,-2.378
-0.3,-1.51
-0.227,1.115
-0.396,-1.586
-0.313,-0.618
-0.649,-0.108
-0.802,-0.427
-0.75,-2.853
-0.755,0.666
-0.791,-0.797
-0.94,-1.655
-1.012,-2.722
-1.039,0.445
-0.913,0.205
-0.994,0.337
-1.173,1.092
-1.244,0.561
-1.142,-0.939
-1.141,-1.591
-1.265,-2.676
-1.363,-2.513
-1.356,-1.009
-1.373,-1.712
-1.418,-0.15
-1.629,-1.298
-1.667,-0.596
-2.027,-2.117
-2.058,-2.586
-1.991,1.128
-1.995,-2.358
-2.303,-1.673
-2.459,-0.06
-2.536,-2.383
-2.647,-0.014
-2.535,-1.6
-2.544,-0.762
-2.663,-0.206
-2.899,-0.367
-2.926,-0.376
-3.089,-1.73
-3.126,-0.702
2.926,-1.072
2.883,-2.561
2.791,-1.219
2.669,-0.437
2.614,-1.44
2.68,-1.613
2.532,0.316
2.587,-1.654
2.386,-1.927
2.209,-3.154
2.168,-3.026
1.72,-2.994
1.15,-2.822
0.87,-3.093
0.744,-2.918
0.641,-2.949
0.12,-3.161
0.147,-3.042
0.115,-3.323
0.014,-3.189
-0.006,-3.188
-1.308,-3.004
-2.226,-3.188
-2.814,-2.932
-3.057,-3.315
3.022,-3.036
2.809,-3.159
2.791,-2.987
2.572,-2.892
2.589,-3.05
2.509,-3.023
2.365,1.39
2.141,1.334
1.792,1.349
1.884,1.438
1.552,1.29
1.44,1.397
1.399,1.425
1.309,1.077
0.343,1.214
0.057,1.363
0.015,1.466
-0.175,1.161
-0.583,1.307
-0.471,1.179
-1.031,1.462
-1.941,1.206
-2.474,1.334
3.071,1.486
2.95,1.141
2.826,1.4
1.504,0.255
1.381,-1.346
0.32,0.314
-1.439,-0.708
-1.824,-1.376
3.078,-1.365
1.585,0.057
0.321,-0.637
-0.18,-1.492
-0.658,-0.641
-1.651,-0.637
-1.831,-0.641
-1.969,0.095
3.114,0.775
2.867,0.076
-1.102,-1.913
-3.108,-2.135
2.401,-0.489
-1.053,-3.136
-2.161,-2.572
3.011,-2.535
-1.517,-3.302
-1.49,-2.686
-0.213,0.029
-0.245,0.897
-0.172,3.522
-0.341,0.821
-0.258,1.789
-0.594,2.299
-0.747,1.98
-0.695,-0.446
-0.7,3.073
-0.736,1.61
-0.885,0.752
-0.957,-0.315
-0.984,2.852
-0.858,2.612
-0.939,2.744
-1.118,3.499
-1.189,2.968
-1.087,1.468
-1.086,0.816
-1.21,-0.269
-1.308,-0.106
-1.301,1.398
-1.318,0.695
-1.363,2.257
-1.574,1.109
-1.612,1.811
-1.972,0.29
-2.003,-0.179
-1.936,3.535
-1.94,0.049
-2.248,0.734
-2.404,2.347
-2.481,0.024
-2.592,2.393
-2.48,0.807
-2.489,1.645
-2.608,2.201
-2.844,2.04
-2.871,2.031
-3.034,0.677
-3.071,1.705
2.981,1.335
2.938,-0.154
2.846,1.188
2.724,1.97
2.669,0.967
2.735,0.794
2.587,2.723
2.642,0.753
2.441,0.48
2.264,-0.747
2.223,-0.619
1.775,-0.587
1.205,-0.415
0.925,-0.686
0.799,-0.511
0.696,-0.542
0.175,-0.754
0.202,-0.635
0.17,-0.916
0.069,-0.782
0.049,-0.781
-1.253,-0.597
-2.171,-0.781
-2.759,-0.525
-3.002,-0.908
3.077,-0.629
2.864,-0.752
2.846,-0.58
2.627,-0.485
2.644,-0.643
2.564,-0.616
2.42,3.797
2.196,3.741
1.847,3.756
1.939,3.845
1.607,3.697
1.495,3.804
1.454,3.832
1.364,3.484
0.398,3.621
0.112,3.77
0.07,3.873
-0.12,3.568
-0.528,3.714
-0.416,3.586
-0.976,3.869
-1.886,3.613
-2.419,3.741
3.126,3.893
3.005,3.548
2.881,3.807
1.559,2.662
1.436,1.061
0.375,2.721
-1.384,1.699
-1.769,1.031
3.133,1.042
1.64,2.464
0.376,1.77
-0.125,0.915
-0.603,1.766
-1.596,1.77
-1.776,1.766
-1.914,2.502
-3.114,3.182
2.922,2.483
-1.047,0.494
-3.053,0.272
2.456,1.918
-0.998,-0.729
-2.106,-0.165
3.066,-0.128
-1.462,-0.895
-1.435,-0.279
-0.032,0.868
0.041,3.493
-0.128,0.792
-0.045,1.76
-0.381,2.27
-0.534,1.951
-0.482,-0.475
-0.487,3.044
-0.523,1.581
-0.672,0.723
-0.744,-0.344
-0.771,2.823
-0.645,2.583
-0.726,2.715
-0.905,3.47
-0.976,2.939
-0.874,1.439
-0.873,0.787
-0.997,-0.298
-1.095,-0.135
-1.088,1.369
-1.105,0.666
-1.15,2.228
-1.361,1.08
-1.399,1.782
-1.759,0.261
-1.79,-0.208
-1.723,3.506
-1.727,0.02
-2.035,0.705
-2.191,2.318
-2.268,-0.005
-2.379,2.364
-2.267,0.778
-2.276,1.616
-2.395,2.172
-2.631,2.011
-2.658,2.002
-2.821,0.648
-2.858,1.676
-3.089,1.306
-3.132,-0.183
3.059,1.159
2.937,1.941
2.882,0.938
2.948,0.765
2.8,2.694
2.855,0.724
2.654,0.451
2.477,-0.776
2.436,-0.648
1.988,-0.616
1.418,-0.444
1.138,-0.715
1.012,-0.54
0.909,-0.571
0.388,-0.783
0.415,-0.664
0.383,-0.945
0.282,-0.811
0.262,-0.81
-1.04,-0.626
-1.958,-0.81
-2.546,-0.554
-2.789,-0.937
-2.993,-0.658
3.077,-0.781
3.059,-0.609
2.84,-0.514
2.857,-0.672
2.777,-0.645
2.633,3.768
2.409,3.712
2.06,3.727
2.152,3.816
1.82,3.668
1.708,3.775
1.667,3.803
1.577,3.455
0.611,3.592
0.325,3.741
0.283,3.844
0.093,3.539
-0.315,3.685
-0.203,3.557
-0.763,3.84
-1.673,3.584
-2.206,3.712
-2.944,3.864
-3.065,3.519
3.094,3.778
1.772,2.633
1.649,1.032
0.588,2.692
-1.171,1.67
-1.556,1.002
-2.937,1.013
1.853,2.435
0.589,1.741
0.088,0.886
-0.39,1.737
-1.383,1.741
-1.563,1.737
-1.701,2.473
-2.901,3.153
3.135,2.454
-0.834,0.465
-2.84,0.243
2.669,1.889
-0.785,-0.758
-1.893,-0.194
-3.004,-0.157
-1.249,-0.924
-1.222,-0.308
0.073,2.625
-0.096,-0.076
-0.013,0.892
-0.349,1.402
-0.502,1.083
-0.45,-1.343
-0.455,2.176
-0.491,0.713
-0.64,-0.145
-0.712,-1.212
-0.739,1.955
-0.613,1.715
-0.694,1.847
-0.873,2.602
-0.944,2.071
-0.842,0.571
-0.841,-0.081
-0.965,-1.166
-1.063,-1.003
-1.056,0.501
-1.073,-0.202
-1.118,1.36
-1.329,0.212
-1.367,0.914
-1.727,-0.607
-1.758,-1.076
-1.691,2.638
-1.695,-0.848
-2.003,-0.163
-2.159,1.45
-2.236,-0.873
-2.347,1.496
-2.235,-0.09
-2.244,0.748
-2.363,1.304
-2.599,1.143
-2.626,1.134
-2.789,-0.22
-2.826,0.808
-3.057,0.438
-3.1,-1.051
3.091,0.291
2.969,1.073
2.914,0.07
2.98,-0.103
2.832,1.826
2.887,-0.144
2.686,-0.417
2.509,-1.644
2.468,-1.516
2.02,-1.484
1.45,-1.312
1.17,-1.583
1.044,-1.408
0.941,-1.439
0.42,-1.651
0.447,-1.532
0.415,-1.813
0.314,-1.679
0.294,-1.678
-1.008,-1.494
-1.926,-1.678
-2.514,-1.422
-2.757,-1.805
-2.961,-1.526
3.109,-1.649
3.091,-1.477
2.872,-1.382
2.889,-1.54
2.809,-1.513
2.665,2.9
2.441,2.844
2.092,2.859
2.184,2.948
1.852,2.8
1.74,2.907
1.699,2.935
1.609,2.587
0.643,2.724
0.357,2.873
0.315,2.976
0.125,2.671
-0.283,2.817
-0.171,2.689
-0.731,2.972
-1.641,2.716
-2.174,2.844
-2.912,2.996
-3.033,2.651
3.126,2.91
1.804,1.765
1.681,0.164
0.62,1.824
-1.139,0.802
-1.524,0.134
-2.905,0.145
1.885,1.567
0.621,0.873
0.12,0.018
-0.358,0.869
-1.351,0.873
-1.531,0.869
-1.669,1.605
-2.869,2.285
-3.116,1.586
-0.802,-0.403
-2.808,-0.625
2.701,1.021
-0.753,-1.626
-1.861,-1.062
-2.972,-1.025
-1.217,-1.792
-1.19,-1.176
-0.169,-2.701
-0.086,-1.733
-0.422,-1.223
-0.575,-1.542
-0.523,-3.968
-0.528,-0.449
-0.564,-1.912
-0.713,-2.77
-0.785,-3.837
-0.812,-0.67
-0.686,-0.91
-0.767,-0.778
-0.946,-0.023
-1.017,-0.554
-0.915,-2.054
-0.914,-2.706
-1.038,-3.791
-1.136,-3.628
-1.129,-2.124
-1.146,-2.827
-1.191,-1.265
-1.402,-2.413
-1.44,-1.711
-1.8,-3.232
-1.831,-3.701
-1.764,0.013
-1.768,-3.473
-2.076,-2.788
-2.232,-1.175
-2.309,-3.498
-2.42,-1.129
-2.308,-2.715
-2.317,-1.877
-2.436,-1.321
-2.672,-1.482
-2.699,-1.491
-2.862,-2.845
-2.899,-1.817
-3.13,-2.187
3.11,-3.676
3.018,-2.334
2.896,-1.552
2.841,-2.555
2.907,-2.728
2.759,-0.799
2.814,-2.769
2.613,-3.042
2.436,-4.269
2.395,-4.141
1.947,-4.109
1.377,-3.937
1.097,-4.208
0.971,-4.033
0.868,-4.064
0.347,-4.276
0.374,-4.157
0.342,-4.438
0.241,-4.304
0.221,-4.303
-1.081,-4.119
-1.999,-4.303
-2.587,-4.047
-2.83,-4.43
-3.034,-4.151
3.036,-4.274
3.018,-4.102
2.799,-4.007
2.816,-4.165
2.736,-4.138
2.592,0.275
2.368,0.219
2.019,0.234
2.111,0.323
1.779,0.175
1.667,0.282
1.626,0.31
1.536,-0.038
0.57,0.099
0.284,0.248
0.242,0.351
0.052,0.046
-0.356,0.192
-0.244,0.064
-0.804,0.347
-1.714,0.091
-2.247,0.219
-2.985,0.371
-3.106,0.026
3.053,0.285
1.731,-0.86
1.608,-2.461
0.547,-0.801
-1.212,-1.823
-1.597,-2.491
-2.978,-2.48
1.812,-1.058
0.548,-1.752
0.047,-2.607
-0.431,-1.756
-1.424,-1.752
-1.604,-1.756
-1.742,-1.02
-2.942,-0.34
3.094,-1.039
-0.875,-3.028
-2.881,-3.25
2.628,-1.604
-0.826,-4.251
-1.934,-3.687
-3.045,-3.65
-1.29,-4.417
-1.263,-3.801
0.083,0.968
-0.253,1.478
-0.406,1.159
-0.354,-1.267
-0.359,2.252
-0.395,0.789
-0.544,-0.069
-0.616,-1.136
-0.643,2.031
-0.517,1.791
-0.598,1.923
-0.777,2.678
-0.848,2.147
-0.746,0.647
-0.745,-0.005
-0.869,-1.09
-0.967,-0.927
-0.96,0.577
-0.977,-0.126
-1.022,1.436
-1.233,0.288
-1.271,0.99
-1.631,-0.531
-1.662,-1.0
-1.595,2.714
-1.599,-0.772
-1.907,-0.087
-2.063,1.526
-2.14,-0.797
-2.251,1.572
-2.139,-0.014
-2.148,0.824
-2.267,1.38
-2.503,1.219
-2.53,1.21
-2.693,-0.144
-2.73,0.884
-2.961,0.514
-3.004,-0.975
-3.096,0.367
3.065,1.149
3.01,0.146
3.076,-0.027
2.928,1.902
2.983,-0.068
2.782,-0.341
2.605,-1.568
2.564,-1.44
2.116,-1.408
1.546,-1.236
1.266,-1.507
1.14,-1.332
1.037,-1.363
0.516,-1.575
0.543,-1.456
0.511,-1.737
0.41,-1.603
0.39,-1.602
-0.912,-1.418
-1.83,-1.602
-2.418,-1.346
-2.661,-1.729
-2.865,-1.45
-3.078,-1.573
-3.096,-1.401
2.968,-1.306
2.985,-1.464
2.905,-1.437
2.761,2.976
2.537,2.92
2.188,2.935
2.28,3.024
1.948,2.876
1.836,2.983
1.795,3.011
1.705,2.663
0.739,2.8
0.453,2.949
0.411,3.052
0.221,2.747
-0.187,2.893
-0.075,2.765
-0.635,3.048
-1.545,2.792
-2.078,2.92
-2.816,3.072
-2.937,2.727
-3.061,2.986
1.9,1.841
1.777,0.24
0.716,1.9
-1.043,0.878
-1.428,0.21
-2.809,0.221
1.981,1.643
0.717,0.949
0.216,0.094
-0.262,0.945
-1.255,0.949
-1.435,0.945
-1.573,1.681
-2.773,2.361
-3.02,1.662
-0.706,-0.327
-2.712,-0.549
2.797,1.097
-0.657,-1.55
-1.765,-0.986
-2.876,-0.949
-1.121,-1.716
-1.094,-1.1
-0.336,0.51
-0.489,0.191
-0.437,-2.235
-0.442,1.284
-0.478,-0.179
-0.627,-1.037
-0.699,-2.104
-0.726,1.063
-0.6,0.823
-0.681,0.955
-0.86,1.71
-0.931,1.179
-0.829,-0.321
-0.828,-0.973
-0.952,-2.058
-1.05,-1.895
-1.043,-0.391
-1.06,-1.094
-1.105,0.468
-1.316,-0.68
-1.354,0.022
-1.714,-1.499
-1.745,-1.968
-1.678,1.746
-1.682,-1.74
-1.99,-1.055
-2.146,0.558
-2.223,-1.765
-2.334,0.604
-2.222,-0.982
-2.231,-0.144
-2.35,0.412
-2.586,0.251
-2.613,0.242
-2.776,-1.112
-2.813,-0.084
-3.044,-0.454
-3.087,-1.943
3.104,-0.601
2.982,0.181
2.927,-0.822
2.993,-0.995
2.845,0.934
2.9,-1.036
2.699,-1.309
2.522,-2.536
2.481,-2.408
2.033,-2.376
1.463,-2.204
1.183,-2.475
1.057,-2.3
0.954,-2.331
0.433,-2.543
0.46,-2.424
0.428,-2.705
0.327,-2.571
0.307,-2.57
-0.995,-2.386
-1.913,-2.57
-2.501,-2.314
-2.744,-2.697
-2.948,-2.418
3.122,-2.541
3.104,-2.369
2.885,-2.274
2.902,-2.432
2.822,-2.405
2.678,2.008
2.454,1.952
2.105,1.967
2.197,2.056
1.865,1.908
1.753,2.015
1.712,2.043
1.622,1.695
0.656,1.832
0.37,1.981
0.328,2.084
0.138,1.779
-0.27,1.925
-0.158,1.797
-0.718,2.08
-1.628,1.824
-2.161,1.952
-2.899,2.104
-3.02,1.759
3.139,2.018
1.817,0.873
1.694,-0.728
0.633,0.932
-1.126,-0.09
-1.511,-0.758
-2.892,-0.747
1.898,0.675
0.634,-0.019
0.133,-0.874
-0.345,-0.023
-1.338,-0.019
-1.518,-0.023
-1.656,0.713
-2.856,1.393
-3.103,0.694
-0.789,-1.295
-2.795,-1.517
2.714,0.129
-0.74,-2.518
-1.848,-1.954
-2.959,-1.917
-1.204,-2.684
-1.177,-2.068
-0.153,-0.319
-0.101,-2.745
-0.106,0.774
-0.142,-0.689
-0.291,-1.547
-0.363,-2.614
-0.39,0.553
-0.264,0.313
-0.345,0.445
-0.524,1.2
-0.595,0.669
-0.493,-0.831
-0.492,-1.483
-0.616,-2.568
-0.714,-2.405
-0.707,-0.901
-0.724,-1.604
-0.769,-0.042
-0.98,-1.19
-1.018,-0.488
-1.378,-2.009
-1.409,-2.478
-1.342,1.236
-1.346,-2.25
-1.654,-1.565
-1.81,0.048
-1.887,-2.275
-1.998,0.094
-1.886,-1.492
-1.895,-0.654
-2.014,-0.098
-2.25,-0.259
-2.277,-0.268
-2.44,-1.622
-2.477,-0.594
-2.708,-0.964
-2.751,-2.453
-2.843,-1.111
-2.965,-0.329
-3.02,-1.332
-2.954,-1.505
-3.102,0.424
-3.047,-1.546
3.035,-1.819
2.858,-3.046
2.817,-2.918
2.369,-2.886
1.799,-2.714
1.519,-2.985
1.393,-2.81
1.29,-2.841
0.769,-3.053
0.796,-2.934
0.764,-3.215
0.663,-3.081
0.643,-3.08
-0.659,-2.896
-1.577,-3.08
-2.165,-2.824
-2.408,-3.207
-2.612,-2.928
-2.825,-3.051
-2.843,-2.879
-3.062,-2.784
-3.045,-2.942
-3.125,-2.915
3.014,1.498
2.79,1.442
2.441,1.457
2.533,1.546
2.201,1.398
2.089,1.505
2.048,1.533
1.958,1.185
0.992,1.322
0.706,1.471
0.664,1.574
0.474,1.269
0.066,1.415
0.178,1.287
-0.382,1.57
-1.292,1.314
-1.825,1.442
-2.563,1.594
-2.684,1.249
-2.808,1.508
2.153,0.363
2.03,-1.238
0.969,0.422
-0.79,-0.6
-1.175,-1.268
-2.556,-1.257
2.234,0.165
0.97,-0.529
0.469,-1.384
-0.009,-0.533
-1.002,-0.529
-1.182,-0.533
-1.32,0.203
-2.52,0.883
-2.767,0.184
-0.453,-1.805
-2.459,-2.027
3.05,-0.381
-0.404,-3.028
-1.512,-2.464
-2.623,-2.427
-0.868,-3.194
-0.841,-2.578
0.052,-2.426
0.047,1.093
0.011,-0.37
-0.138,-1.228
-0.21,-2.295
-0.237,0.872
-0.111,0.632
-0.192,0.764
-0.371,1.519
-0.442,0.988
-0.34,-0.512
-0.339,-1.164
-0.463,-2.249
-0.561,-2.086
-0.554,-0.582
-0.571,-1.285
-0.616,0.277
-0.827,-0.871
-0.865,-0.169
-1.225,-1.69
-1.256,-2.159
-1.189,1.555
-1.193,-1.931
-1.501,-1.246
-1.657,0.367
-1.734,-1.956
-1.845,0.413
-1.733,-1.173
-1.742,-0.335
-1.861,0.221
-2.097,0.06
-2.124,0.051
-2.287,-1.303
-2.324,-0.275
-2.555,-0.645
-2.598,-2.134
-2.69,-0.792
-2.812,-0.01
-2.867,-1.013
-2.801,-1.186
-2.949,0.743
-2.894,-1.227
-3.095,-1.5
3.011,-2.727
2.97,-2.599
2.522,-2.567
1.952,-2.395
1.672,-2.666
1.546,-2.491
1.443,-2.522
0.922,-2.734
0.949,-2.615
0.917,-2.896
0.816,-2.762
0.796,-2.761
-0.506,-2.577
-1.424,-2.761
-2.012,-2.505
-2.255,-2.888
-2.459,-2.609
-2.672,-2.732
-2.69,-2.56
-2.909,-2.465
-2.892,-2.623
-2.972,-2.596
-3.116,1.817
2.943,1.761
2.594,1.776
2.686,1.865
2.354,1.717
2.242,1.824
2.201,1.852
2.111,1.504
1.145,1.641
0.859,1.79
0.817,1.893
0.627,1.588
0.219,1.734
0.331,1.606
-0.229,1.889
-1.139,1.633
-1.672,1.761
-2.41,1.913
-2.531,1.568
-2.655,1.827
2.306,0.682
2.183,-0.919
1.122,0.741
-0.637,-0.281
-1.022,-0.949
-2.403,-0.938
2.387,0.484
1.123,-0.21
0.622,-1.065
0.144,-0.214
-0.849,-0.21
-1.029,-0.214
-1.167,0.522
-2.367,1.202
-2.614,0.503
-0.3,-1.486
-2.306,-1.708
-3.08,-0.062
-0.251,-2.709
-1.359,-2.145
-2.47,-2.108
-0.715,-2.875
-0.688,-2.259
-0.005,3.519
-0.041,2.056
-0.19,1.198
-0.262,0.131
-0.289,3.298
-0.163,3.058
-0.244,3.19
-0.423,3.945
-0.494,3.414
-0.392,1.914
-0.391,1.262
-0.515,0.177
-0.613,0.34
-0.606,1.844
-0.623,1.141
-0.668,2.703
-0.879,1.555
-0.917,2.257
-1.277,0.736
-1.308,0.267
-1.241,3.981
-1.245,0.495
-1.553,1.18
-1.709,2.793
-1.786,0.47
-1.897,2.839
-1.785,1.253
-1.794,2.091
-1.913,2.647
-2.149,2.486
-2.176,2.477
-2.339,1.123
-2.376,2.151
-2.607,1.781
-2.65,0.292
-2.742,1.634
-2.864,2.416
-2.919,1.413
-2.853,1.24
-3.001,3.169
-2.946,1.199
3.136,0.926
2.959,-0.301
2.918,-0.173
2.47,-0.141
1.9,0.031
1.62,-0.24
1.494,-0.065
1.391,-0.096
0.87,-0.308
0.897,-0.189
0.865,-0.47
0.764,-0.336
0.744,-0.335
-0.558,-0.151
-1.476,-0.335
-2.064,-0.079
-2.307,-0.462
-2.511,-0.183
-2.724,-0.306
-2.742,-0.134
-2.961,-0.039
-2.944,-0.197
-3.024,-0.17
3.115,4.243
2.891,4.187
2.542,4.202
2.634,4.291
2.302,4.143
2.19,4.25
2.149,4.278
2.059,3.93
1.093,4.067
0.807,4.216
0.765,4.319
0.575,4.014
0.167,4.16
0.279,4.032
-0.281,4.315
-1.191,4.059
-1.724,4.187
-2.462,4.339
-2.583,3.994
-2.707,4.253
2.254,3.108
2.131,1.507
1.07,3.167
-0.689,2.145
-1.074,1.477
-2.455,1.488
2.335,2.91
1.071,2.216
0.57,1.361
0.092,2.212
-0.901,2.216
-1.081,2.212
-1.219,2.948
-2.419,3.628
-2.666,2.929
-0.352,0.94
-2.358,0.718
-3.132,2.364
-0.303,-0.283
-1.411,0.281
-2.522,0.318
-0.767,-0.449
-0.74,0.167
-0.036,-1.463
-0.185,-2.321
-0.257,-3.388
-0.284,-0.221
-0.158,-0.461
-0.239,-0.329
-0.418,0.426
-0.489,-0.105
-0.387,-1.605
-0.386,-2.257
-0.51,-3.342
-0.608,-3.179
-0.601,-1.675
-0.618,-2.378
-0.663,-0.816
-0.874,-1.964
-0.912,-1.262
-1.272,-2.783
-1.303,-3.252
-1.236,0.462
-1.24,-3.024
-1.548,-2.339
-1.704,-0.726
-1.781,-3.049
-1.892,-0.68
-1.78,-2.266
-1.789,-1.428
-1.908,-0.872
-2.144,-1.033
-2.171,-1.042
-2.334,-2.396
-2.371,-1.368
-2.602,-1.738
-2.645,-3.227
-2.737,-1.885
-2.859,-1.103
-2.914,-2.106
-2.848,-2.279
-2.996,-0.35
-2.941,-2.32
3.141,-2.593
2.964,-3.82
2.923,-3.692
2.475,-3.66
1.905,-3.488
1.625,-3.759
1.499,-3.584
1.396,-3.615
0.875,-3.827
0.902,-3.708
0.87,-3.989
0.769,-3.855
0.749,-3.854
-0.553,-3.67
-1.471,-3.854
-2.059,-3.598
-2.302,-3.981
-2.506,-3.702
-2.719,-3.825
-2.737,-3.653
-2.956,-3.558
-2.939,-3.716
-3.019,-3.689
3.12,0.724
2.896,0.668
2.547,0.683
2.639,0.772
2.307,0.624
2.195,0.731
2.154,0.759
2.064,0.411
1.098,0.548
0.812,0.697
0.77,0.8
0.58,0.495
0.172,0.641
0.284,0.513
-0.276,0.796
-1.186,0.54
-1.719,0.668
-2.457,0.82
-2.578,0.475
-2.702,0.734
2.259,-0.411
2.136,-2.012
1.075,-0.352
-0.684,-1.374
-1.069,-2.042
-2.45,-2.031
2.34,-0.609
1.076,-1.303
0.575,-2.158
0.097,-1.307
-0.896,-1.303
-1.076,-1.307
-1.214,-0.571
-2.414,0.109
-2.661,-0.59
-0.347,-2.579
-2.353,-2.801
-3.127,-1.155
-0.298,-3.802
-1.406,-3.238
-2.517,-3.201
-0.762,-3.968
-0.735,-3.352
-0.149,-0.858
-0.221,-1.925
-0.248,1.242
-0.122,1.002
-0.203,1.134
-0.382,1.889
-0.453,1.358
-0.351,-0.142
-0.35,-0.794
-0.474,-1.879
-0.572,-1.716
-0.565,-0.212
-0.582,-0.915
-0.627,0.647
-0.838,-0.501
-0.876,0.201
-1.236,-1.32
-1.267,-1.789
-1.2,1.925
-1.204,-1.561
-1.512,-0.876
-1.668,0.737
-1.745,-1.586
-1.856,0.783
-1.744,-0.803
-1.753,0.035
-1.872,0.591
-2.108,0.43
-2.135,0.421
-2.298,-0.933
-2.335,0.095
-2.566,-0.275
-2.609,-1.764
-2.701,-0.422
-2.823,0.36
-2.878,-0.643
-2.812,-0.816
-2.96,1.113
-2.905,-0.857
-3.106,-1.13
3.0,-2.357
2.959,-2.229
2.511,-2.197
1.941,-2.025
1.661,-2.296
1.535,-2.121
1.432,-2.152
0.911,-2.364
0.938,-2.245
0.906,-2.526
0.805,-2.392
0.785,-2.391
-0.517,-2.207
-1.435,-2.391
-2.023,-2.135
-2.266,-2.518
-2.47,-2.239
-2.683,-2.362
-2.701,-2.19
-2.92,-2.095
-2.903,-2.253
-2.983,-2.226
-3.127,2.187
2.932,2.131
2.583,2.146
2.675,2.235
2.343,2.087
2.231,2.194
2.19,2.222
2.1,1.874
1.134,2.011
0.848,2.16
0.806,2.263
0.616,1.958
0.208,2.104
0.32,1.976
-0.24,2.259
-1.15,2.003
-1.683,2.131
-2.421,2.283
-2.542,1.938
-2.666,2.197
2.295,1.052
2.172,-0.549
1.111,1.111
-0.648,0.089
-1.033,-0.579
-2.414,-0.568
2.376,0.854
1.112,0.16
0.611,-0.695
0.133,0.156
-0.86,0.16
-1.04,0.156
-1.178,0.892
-2.378,1.572
-2.625,0.873
-0.311,-1.116
-2.317,-1.338
-3.091,0.308
-0.262,-2.339
-1.37,-1.775
-2.481,-1.738
-0.726,-2.505
-0.699,-1.889
-0.072,-1.067
-0.099,2.1
0.027,1.86
-0.054,1.992
-0.233,2.747
-0.304,2.216
-0.202,0.716
-0.201,0.064
-0.325,-1.021
-0.423,-0.858
-0.416,0.646
-0.433,-0.057
-0.478,1.505
-0.689,0.357
-0.727,1.059
-1.087,-0.462
-1.118,-0.931
-1.051,2.783
-1.055,-0.703
-1.363,-0.018
-1.519,1.595
-1.596,-0.728
-1.707,1.641
-1.595,0.055
-1.604,0.893
-1.723,1.449
-1.959,1.288
-1.986,1.279
-2.149,-0.075
-2.186,0.953
-2.417,0.583
-2.46,-0.906
-2.552,0.436
-2.674,1.218
-2.729,0.215
-2.663,0.042
-2.811,1.971
-2.756,0.001
-2.957,-0.272
-3.134,-1.499
3.108,-1.371
2.66,-1.339
2.09,-1.167
1.81,-1.438
1.684,-1.263
1.581,-1.294
1.06,-1.506
1.087,-1.387
1.055,-1.668
0.954,-1.534
0.934,-1.533
-0.368,-1.349
-1.286,-1.533
-1.874,-1.277
-2.117,-1.66
-2.321,-1.381
-2.534,-1.504
-2.552,-1.332
-2.771,-1.237
-2.754,-1.395
-2.834,-1.368
-2.978,3.045
3.081,2.989
2.732,3.004
2.824,3.093
2.492,2.945
2.38,3.052
2.339,3.08
2.249,2.732
1.283,2.869
0.997,3.018
0.955,3.121
0.765,2.816
0.357,2.962
0.469,2.834
-0.091,3.117
-1.001,2.861
-1.534,2.989
-2.272,3.141
-2.393,2.796
-2.517,3.055
2.444,1.91
2.321,0.309
1.26,1.969
-0.499,0.947
-0.884,0.279
-2.265,0.29
2.525,1.712
1.261,1.018
0.76,0.163
0.282,1.014
-0.711,1.018
-0.891,1.014
-1.029,1.75
-2.229,2.43
-2.476,1.731
-0.162,-0.258
-2.168,-0.48
-2.942,1.166
-0.113,-1.481
-1.221,-0.917
-2.332,-0.88
-0.577,-1.647
-0.55,-1.031
-0.027,3.167
0.099,2.927
0.018,3.059
-0.161,3.814
-0.232,3.283
-0.13,1.783
-0.129,1.131
-0.253,0.046
-0.351,0.209
-0.344,1.713
-0.361,1.01
-0.406,2.572
-0.617,1.424
-0.655,2.126
-1.015,0.605
-1.046,0.136
-0.979,3.85
-0.983,0.364
-1.291,1.049
-1.447,2.662
-1.524,0.339
-1.635,2.708
-1.523,1.122
-1.532,1.96
-1.651,2.516
-1.887,2.355
-1.914,2.346
-2.077,0.992
-2.114,2.02
-2.345,1.65
-2.388,0.161
-2.48,1.503
-2.602,2.285
-2.657,1.282
-2.591,1.109
-2.739,3.038
-2.684,1.068
-2.885,0.795
-3.062,-0.432
-3.103,-0.304
2.732,-0.272
2.162,-0.1
1.882,-0.371
1.756,-0.196
1.653,-0.227
1.132,-0.439
1.159,-0.32
1.127,-0.601
1.026,-0.467
1.006,-0.466
-0.296,-0.282
-1.214,-0.466
-1.802,-0.21
-2.045,-0.593
-2.249,-0.314
-2.462,-0.437
-2.48,-0.265
-2.699,-0.17
-2.682,-0.328
-2.762,-0.301
-2.906,4.112
-3.13,4.056
2.804,4.071
2.896,4.16
2.564,4.012
2.452,4.119
2.411,4.147
2.321,3.799
1.355,3.936
1.069,4.085
1.027,4.188
0.837,3.883
0.429,4.029
0.541,3.901
-0.019,4.184
-0.929,3.928
-1.462,4.056
-2.2,4.208
-2.321,3.863
-2.445,4.122
2.516,2.977
2.393,1.376
1.332,3.036
-0.427,2.014
-0.812,1.346
-2.193,1.357
2.597,2.779
1.333,2.085
0.832,1.23
0.354,2.081
-0.639,2.085
-0.819,2.081
-0.957,2.817
-2.157,3.497
-2.404,2.798
-0.09,0.809
-2.096,0.587
-2.87,2.233
-0.041,-0.414
-1.149,0.15
-2.26,0.187
-0.505,-0.58
-0.478,0.036
0.126,-0.24
0.045,-0.108
-0.134,0.647
-0.205,0.116
-0.103,-1.384
-0.102,-2.036
-0.226,-3.121
-0.324,-2.958
-0.317,-1.454
-0.334,-2.157
-0.379,-0.595
-0.59,-1.743
-0.628,-1.041
-0.988,-2.562
-1.019,-3.031
-0.952,0.683
-0.956,-2.803
-1.264,-2.118
-1.42,-0.505
-1.497,-2.828
-1.608,-0.459
-1.496,-2.045
-1.505,-1.207
-1.624,-0.651
-1.86,-0.812
-1.887,-0.821
-2.05,-2.175
-2.087,-1.147
-2.318,-1.517
-2.361,-3.006
-2.453,-1.664
-2.575,-0.882
-2.63,-1.885
-2.564,-2.058
-2.712,-0.129
-2.657,-2.099
-2.858,-2.372
-3.035,-3.599
-3.076,-3.471
2.759,-3.439
2.189,-3.267
1.909,-3.538
1.783,-3.363
1.68,-3.394
1.159,-3.606
1.186,-3.487
1.154,-3.768
1.053,-3.634
1.033,-3.633
-0.269,-3.449
-1.187,-3.633
-1.775,-3.377
-2.018,-3.76
-2.222,-3.481
-2.435,-3.604
-2.453,-3.432
-2.672,-3.337
-2.655,-3.495
-2.735,-3.468
-2.879,0.945
-3.103,0.889
2.831,0.904
2.923,0.993
2.591,0.845
2.479,0.952
2.438,0.98
2.348,0.632
1.382,0.769
1.096,0.918
1.054,1.021
0.864,0.716
0.456,0.862
0.568,0.734
0.008,1.017
-0.902,0.761
-1.435,0.889
-2.173,1.041
-2.294,0.696
-2.418,0.955
2.543,-0.19
2.42,-1.791
1.359,-0.131
-0.4,-1.153
-0.785,-1.821
-2.166,-1.81
2.624,-0.388
1.36,-1.082
0.859,-1.937
0.381,-1.086
-0.612,-1.082
-0.792,-1.086
-0.93,-0.35
-2.13,0.33
-2.377,-0.369
-0.063,-2.358
-2.069,-2.58
-2.843,-0.934
-0.014,-3.581
-1.122,-3.017
-2.233,-2.98
-0.478,-3.747
-0.451,-3.131
-0.081,0.132
-0.26,0.887
-0.331,0.356
-0.229,-1.144
-0.228,-1.796
-0.352,-2.881
-0.45,-2.718
-0.443,-1.214
-0.46,-1.917
-0.505,-0.355
-0.716,-1.503
-0.754,-0.801
-1.114,-2.322
-1.145,-2.791
-1.078,0.923
-1.082,-2.563
-1.39,-1.878
-1.546,-0.265
-1.623,-2.588
-1.734,-0.219
-1.622,-1.805
-1.631,-0.967
-1.75,-0.411
-1.986,-0.572
-2.013,-0.581
-2.176,-1.935
-2.213,-0.907
-2.444,-1.277
-2.487,-2.766
-2.579,-1.424
-2.701,-0.642
-2.756,-1.645
-2.69,-1.818
-2.838,0.111
-2.783,-1.859
-2.984,-2.132
3.122,-3.359
3.081,-3.231
2.633,-3.199
2.063,-3.027
1.783,-3.298
1.657,-3.123
1.554,-3.154
1.033,-3.366
1.06,-3.247
1.028,-3.528
0.927,-3.394
0.907,-3.393
-0.395,-3.209
-1.313,-3.393
-1.901,-3.137
-2.144,-3.52
-2.348,-3.241
-2.561,-3.364
-2.579,-3.192
-2.798,-3.097
-2.781,-3.255
-2.861,-3.228
-3.005,1.185
3.054,1.129
2.705,1.144
2.797,1.233
2.465,1.085
2.353,1.192
2.312,1.22
2.222,0.872
1.256,1.009
0.97,1.158
0.928,1.261
0.738,0.956
0.33,1.102
0.442,0.974
-0.118,1.257
-1.028,1.001
-1.561,1.129
-2.299,1.281
-2.42,0.936
-2.544,1.195
2.417,0.05
2.294,-1.551
1.233,0.109
-0.526,-0.913
-0.911,-1.581
-2.292,-1.57
2.498,-0.148
1.234,-0.842
0.733,-1.697
0.255,-0.846
-0.738,-0.842
-0.918,-0.846
-1.056,-0.11
-2.256,0.57
-2.503,-0.129
-0.189,-2.118
-2.195,-2.34
-2.969,-0.694
-0.14,-3.341
-1.248,-2.777
-2.359,-2.74
-0.604,-3.507
-0.577,-2.891
-0.179,0.755
-0.25,0.224
-0.148,-1.276
-0.147,-1.928
-0.271,-3.013
-0.369,-2.85
-0.362,-1.346
-0.379,-2.049
-0.424,-0.487
-0.635,-1.635
-0.673,-0.933
-1.033,-2.454
-1.064,-2.923
-0.997,0.791
-1.001,-2.695
-1.309,-2.01
-1.465,-0.397
-1.542,-2.72
-1.653,-0.351
-1.541,-1.937
-1.55,-1.099
-1.669,-0.543
-1.905,-0.704
-1.932,-0.713
-2.095,-2.067
-2.132,-1.039
-2.363,-1.409
-2.406,-2.898
-2.498,-1.556
-2.62,-0.774
-2.675,-1.777
-2.609,-1.95
-2.757,-0.021
-2.702,-1.991
-2.903,-2.264
-3.08,-3.491
-3.121,-3.363
2.714,-3.331
2.144,-3.159
1.864,-3.43
1.738,-3.255
1.635,-3.286
1.114,-3.498
1.141,-3.379
1.109,-3.66
1.008,-3.526
0.988,-3.525
-0.314,-3.341
-1.232,-3.525
-1.82,-3.269
-2.063,-3.652
-2.267,-3.373
-2.48,-3.496
-2.498,-3.324
-2.717,-3.229
-2.7,-3.387
-2.78,-3.36
-2.924,1.053
3.135,0.997
2.786,1.012
2.878,1.101
2.546,0.953
2.434,1.06
2.393,1.088
2.303,0.74
1.337,0.877
1.051,1.026
1.009,1.129
0.819,0.824
0.411,0.97
0.523,0.842
-0.037,1.125
-0.947,0.869
-1.48,0.997
-2.218,1.149
-2.339,0.804
-2.463,1.063
2.498,-0.082
2.375,-1.683
1.314,-0.023
-0.445,-1.045
-0.83,-1.713
-2.211,-1.702
2.579,-0.28
1.315,-0.974
0.814,-1.829
0.336,-0.978
-0.657,-0.974
-0.837,-0.978
-0.975,-0.242
-2.175,0.438
-2.422,-0.261
-0.108,-2.25
-2.114,-2.472
-2.888,-0.826
-0.059,-3.473
-1.167,-2.909
-2.278,-2.872
-0.523,-3.639
-0.496,-3.023
-0.071,-0.531
0.031,-2.031
0.032,-2.683
-0.092,-3.768
-0.19,-3.605
-0.183,-2.101
-0.2,-2.804
-0.245,-1.242
-0.456,-2.39
-0.494,-1.688
-0.854,-3.209
-0.885,-3.678
-0.818,0.036
-0.822,-3.45
-1.13,-2.765
-1.286,-1.152
-1.363,-3.475
-1.474,-1.106
-1.362,-2.692
-1.371,-1.854
-1.49,-1.298
-1.726,-1.459
-1.753,-1.468
-1.916,-2.822
-1.953,-1.794
-2.184,-2.164
-2.227,-3.653
-2.319,-2.311
-2.441,-1.529
-2.496,-2.532
-2.43,-2.705
-2.578,-0.776
-2.523,-2.746
-2.724,-3.019
-2.901,-4.246
-2.942,-4.118
2.893,-4.086
2.323,-3.914
2.043,-4.185
1.917,-4.01
1.814,-4.041
1.293,-4.253
1.32,-4.134
1.288,-4.415
1.187,-4.281
1.167,-4.28
-0.135,-4.096
-1.053,-4.28
-1.641,-4.024
-1.884,-4.407
-2.088,-4.128
-2.301,-4.251
-2.319,-4.079
-2.538,-3.984
-2.521,-4.142
-2.601,-4.115
-2.745,0.298
-2.969,0.242
2.965,0.257
3.057,0.346
2.725,0.198
2.613,0.305
2.572,0.333
2.482,-0.015
1.516,0.122
1.23,0.271
1.188,0.374
0.998,0.069
0.59,0.215
0.702,0.087
0.142,0.37
-0.768,0.114
-1.301,0.242
-2.039,0.394
-2.16,0.049
-2.284,0.308
2.677,-0.837
2.554,-2.438
1.493,-0.778
-0.266,-1.8
-0.651,-2.468
-2.032,-2.457
2.758,-1.035
1.494,-1.729
0.993,-2.584
0.515,-1.733
-0.478,-1.729
-0.658,-1.733
-0.796,-0.997
-1.996,-0.317
-2.243,-1.016
0.071,-3.005
-1.935,-3.227
-2.709,-1.581
0.12,-4.228
-0.988,-3.664
-2.099,-3.627
-0.344,-4.394
-0.317,-3.778
0.102,-1.5
0.103,-2.152
-0.021,-3.237
-0.119,-3.074
-0.112,-1.57
-0.129,-2.273
-0.174,-0.711
-0.385,-1.859
-0.423,-1.157
-0.783,-2.678
-0.814,-3.147
-0.747,0.567
-0.751,-2.919
-1.059,-2.234
-1.215,-0.621
-1.292,-2.944
-1.403,-0.575
-1.291,-2.161
-1.3,-1.323
-1.419,-0.767
-1.655,-0.928
-1.682,-0.937
-1.845,-2.291
-1.882,-1.263
-2.113,-1.633
-2.156,-3.122
-2.248,-1.78
-2.37,-0.998
-2.425,-2.001
-2.359,-2.174
-2.507,-0.245
-2.452,-2.215
-2.653,-2.488
-2.83,-3.715
-2.871,-3.587
2.964,-3.555
2.394,-3.383
2.114,-3.654
1.988,-3.479
1.885,-3.51
1.364,-3.722
1.391,-3.603
1.359,-3.884
1.258,-3.75
1.238,-3.749
-0.064,-3.565
-0.982,-3.749
-1.57,-3.493
-1.813,-3.876
-2.017,-3.597
-2.23,-3.72
-2.248,-3.548
-2.467,-3.453
-2.45,-3.611
-2.53,-3.584
-2.674,0.829
-2.898,0.773
3.036,0.788
3.128,0.877
2.796,0.729
2.684,0.836
2.643,0.864
2.553,0.516
1.587,0.653
1.301,0.802
1.259,0.905
1.069,0.6
0.661,0.746
0.773,0.618
0.213,0.901
-0.697,0.645
-1.23,0.773
-1.968,0.925
-2.089,0.58
-2.213,0.839
2.748,-0.306
2.625,-1.907
1.564,-0.247
-0.195,-1.269
-0.58,-1.937
-1.961,-1.926
2.829,-0.504
1.565,-1.198
1.064,-2.053
0.586,-1.202
-0.407,-1.198
-0.587,-1.202
-0.725,-0.466
-1.925,0.214
-2.172,-0.485
0.142,-2.474
-1.864,-2.696
-2.638,-1.05
0.191,-3.697
-0.917,-3.133
-2.028,-3.096
-0.273,-3.863
-0.246,-3.247
0.001,-0.652
-0.123,-1.737
-0.221,-1.574
-0.214,-0.07
-0.231,-0.773
-0.276,0.789
-0.487,-0.359
-0.525,0.343
-0.885,-1.178
-0.916,-1.647
-0.849,2.067
-0.853,-1.419
-1.161,-0.734
-1.317,0.879
-1.394,-1.444
-1.505,0.925
-1.393,-0.661
-1.402,0.177
-1.521,0.733
-1.757,0.572
-1.784,0.563
-1.947,-0.791
-1.984,0.237
-2.215,-0.133
-2.258,-1.622
-2.35,-0.28
-2.472,0.502
-2.527,-0.501
-2.461,-0.674
-2.609,1.255
-2.554,-0.715
-2.755,-0.988
-2.932,-2.215
-2.973,-2.087
2.862,-2.055
2.292,-1.883
2.012,-2.154
1.886,-1.979
1.783,-2.01
1.262,-2.222
1.289,-2.103
1.257,-2.384
1.156,-2.25
1.136,-2.249
-0.166,-2.065
-1.084,-2.249
-1.672,-1.993
-1.915,-2.376
-2.119,-2.097
-2.332,-2.22
-2.35,-2.048
-2.569,-1.953
-2.552,-2.111
-2.632,-2.084
-2.776,2.329
-3.0,2.273
2.934,2.288
3.026,2.377
2.694,2.229
2.582,2.336
2.541,2.364
2.451,2.016
1.485,2.153
1.199,2.302
1.157,2.405
0.967,2.1
0.559,2.246
0.671,2.118
0.111,2.401
-0.799,2.145
-1.332,2.273
-2.07,2.425
-2.191,2.08
-2.315,2.339
2.646,1.194
2.523,-0.407
1.462,1.253
-0.297,0.231
-0.682,-0.437
-2.063,-0.426
2.727,0.996
1.463,0.302
0.962,-0.553
0.484,0.298
-0.509,0.302
-0.689,0.298
-0.827,1.034
-2.027,1.714
-2.274,1.015
0.04,-0.974
-1.966,-1.196
-2.74,0.45
0.089,-2.197
-1.019,-1.633
-2.13,-1.596
-0.375,-2.363
-0.348,-1.747
-0.124,-1.085
-0.222,-0.922
-0.215,0.582
-0.232,-0.121
-0.277,1.441
-0.488,0.293
-0.526,0.995
-0.886,-0.526
-0.917,-0.995
-0.85,2.719
-0.854,-0.767
-1.162,-0.082
-1.318,1.531
-1.395,-0.792
-1.506,1.577
-1.394,-0.009
-1.403,0.829
-1.522,1.385
-1.758,1.224
-1.785,1.215
-1.948,-0.139
-1.985,0.889
-2.216,0.519
-2.259,-0.97
-2.351,0.372
-2.473,1.154
-2.528,0.151
-2.462,-0.022
-2.61,1.907
-2.555,-0.063
-2.756,-0.336
-2.933,-1.563
-2.974,-1.435
2.861,-1.403
2.291,-1.231
2.011,-1.502
1.885,-1.327
1.782,-1.358
1.261,-1.57
1.288,-1.451
1.256,-1.732
1.155,-1.598
1.135,-1.597
-0.167,-1.413
-1.085,-1.597
-1.673,-1.341
-1.916,-1.724
-2.12,-1.445
-2.333,-1.568
-2.351,-1.396
-2.57,-1.301
-2.553,-1.459
-2.633,-1.432
-2.777,2.981
-3.001,2.925
2.933,2.94
3.025,3.029
2.693,2.881
2.581,2.988
2.54,3.016
2.45,2.668
1.484,2.805
1.198,2.954
1.156,3.057
0.966,2.752
0.558,2.898
0.67,2.77
0.11,3.053
-0.8,2.797
-1.333,2.925
-2.071,3.077
-2.192,2.732
-2.316,2.991
2.645,1.846
2.522,0.245
1.461,1.905
-0.298,0.883
-0.683,0.215
-2.064,0.226
2.726,1.648
1.462,0.954
0.961,0.099
0.483,0.95
-0.51,0.954
-0.69,0.95
-0.828,1.686
-2.028,2.366
-2.275,1.667
0.039,-0.322
-1.967,-0.544
-2.741,1.102
0.088,-1.545
-1.02,-0.981
-2.131,-0.944
-0.376,-1.711
-0.349,-1.095
-0.098,0.163
-0.091,1.667
-0.108,0.964
-0.153,2.526
-0.364,1.378
-0.402,2.08
-0.762,0.559
-0.793,0.09
-0.726,3.804
-0.73,0.318
-1.038,1.003
-1.194,2.616
-1.271,0.293
-1.382,2.662
-1.27,1.076
-1.279,1.914
-1.398,2.47
-1.634,2.309
-1.661,2.3
-1.824,0.946
-1.861,1.974
-2.092,1.604
-2.135,0.115
-2.227,1.457
-2.349,2.239
-2.404,1.236
-2.338,1.063
-2.486,2.992
-2.431,1.022
-2.632,0.749
-2.809,-0.478
-2.85,-0.35
2.985,-0.318
2.415,-0.146
2.135,-0.417
2.009,-0.242
1.906,-0.273
1.385,-0.485
1.412,-0.366
1.38,-0.647
1.279,-0.513
1.259,-0.512
-0.043,-0.328
-0.961,-0.512
-1.549,-0.256
-1.792,-0.639
-1.996,-0.36
-2.209,-0.483
-2.227,-0.311
-2.446,-0.216
-2.429,-0.374
-2.509,-0.347
-2.653,4.066
-2.877,4.01
3.057,4.025
-3.134,4.114
2.817,3.966
2.705,4.073
2.664,4.101
2.574,3.753
1.608,3.89
1.322,4.039
1.28,4.142
1.09,3.837
0.682,3.983
0.794,3.855
0.234,4.138
-0.676,3.882
-1.209,4.01
-1.947,4.162
-2.068,3.817
-2.192,4.076
2.769,2.931
2.646,1.33
1.585,2.99
-0.174,1.968
-0.559,1.3
-1.94,1.311
2.85,2.733
1.586,2.039
1.085,1.184
0.607,2.035
-0.386,2.039
-0.566,2.035
-0.704,2.771
-1.904,3.451
-2.151,2.752
0.163,0.763
-1.843,0.541
-2.617,2.187
0.212,-0.46
-0.896,0.104
-2.007,0.141
-0.252,-0.626
-0.225,-0.01
0.007,1.504
-0.01,0.801
-0.055,2.363
-0.266,1.215
-0.304,1.917
-0.664,0.396
-0.695,-0.073
-0.628,3.641
-0.632,0.155
-0.94,0.84
-1.096,2.453
-1.173,0.13
-1.284,2.499
-1.172,0.913
-1.181,1.751
-1.3,2.307
-1.536,2.146
-1.563,2.137
-1.726,0.783
-1.763,1.811
-1.994,1.441
-2.037,-0.048
-2.129,1.294
-2.251,2.076
-2.306,1.073
-2.24,0.9
-2.388,2.829
-2.333,0.859
-2.534,0.586
-2.711,-0.641
-2.752,-0.513
3.083,-0.481
2.513,-0.309
2.233,-0.58
2.107,-0.405
2.004,-0.436
1.483,-0.648
1.51,-0.529
1.478,-0.81
1.377,-0.676
1.357,-0.675
0.055,-0.491
-0.863,-0.675
-1.451,-0.419
-1.694,-0.802
-1.898,-0.523
-2.111,-0.646
-2.129,-0.474
-2.348,-0.379
-2.331,-0.537
-2.411,-0.51
-2.555,3.903
-2.779,3.847
-3.128,3.862
-3.036,3.951
2.915,3.803
2.803,3.91
2.762,3.938
2.672,3.59
1.706,3.727
1.42,3.876
1.378,3.979
1.188,3.674
0.78,3.82
0.892,3.692
0.332,3.975
-0.578,3.719
-1.111,3.847
-1.849,3.999
-1.97,3.654
-2.094,3.913
2.867,2.768
2.744,1.167
1.683,2.827
-0.076,1.805
-0.461,1.137
-1.842,1.148
2.948,2.57
1.684,1.876
1.183,1.021
0.705,1.872
-0.288,1.876
-0.468,1.872
-0.606,2.608
-1.806,3.288
-2.053,2.589
0.261,0.6
-1.745,0.378
-2.519,2.024
0.31,-0.623
-0.798,-0.059
-1.909,-0.022
-0.154,-0.789
-0.127,-0.173
-0.017,-0.703
-0.062,0.859
-0.273,-0.289
-0.311,0.413
-0.671,-1.108
-0.702,-1.577
-0.635,2.137
-0.639,-1.349
-0.947,-0.664
-1.103,0.949
-1.18,-1.374
-1.291,0.995
-1.179,-0.591
-1.188,0.247
-1.307,0.803
-1.543,0.642
-1.57,0.633
-1.733,-0.721
-1.77,0.307
-2.001,-0.063
-2.044,-1.552
-2.136,-0.21
-2.258,0.572
-2.313,-0.431
-2.247,-0.604
-2.395,1.325
-2.34,-0.645
-2.541,-0.918
-2.718,-2.145
-2.759,-2.017
3.076,-1.985
2.506,-1.813
2.226,-2.084
2.1,-1.909
1.997,-1.94
1.476,-2.152
1.503,-2.033
1.471,-2.314
1.37,-2.18
1.35,-2.179
0.048,-1.995
-0.87,-2.179
-1.458,-1.923
-1.701,-2.306
-1.905,-2.027
-2.118,-2.15
-2.136,-1.978
-2.355,-1.883
-2.338,-2.041
-2.418,-2.014
-2.562,2.399
-2.786,2.343
-3.135,2.358
-3.043,2.447
2.908,2.299
2.796,2.406
2.755,2.434
2.665,2.086
1.699,2.223
1.413,2.372
1.371,2.475
1.181,2.17
0.773,2.316
0.885,2.188
0.325,2.471
-0.585,2.215
-1.118,2.343
-1.856,2.495
-1.977,2.15
-2.101,2.409
2.86,1.264
2.737,-0.337
1.676,1.323
-0.083,0.301
-0.468,-0.367
-1.849,-0.356
2.941,1.066
1.677,0.372
1.176,-0.483
0.698,0.368
-0.295,0.372
-0.475,0.368
-0.613,1.104
-1.813,1.784
-2.06,1.085
0.254,-0.904
-1.752,-1.126
-2.526,0.52
0.303,-2.127
-0.805,-1.563
-1.916,-1.526
-0.161,-2.293
-0.134,-1.677
-0.045,1.562
-0.256,0.414
-0.294,1.116
-0.654,-0.405
-0.685,-0.874
-0.618,2.84
-0.622,-0.646
-0.93,0.039
-1.086,1.652
-1.163,-0.671
-1.274,1.698
-1.162,0.112
-1.171,0.95
-1.29,1.506
-1.526,1.345
-1.553,1.336
-1.716,-0.018
-1.753,1.01
-1.984,0.64
-2.027,-0.849
-2.119,0.493
-2.241,1.275
-2.296,0.272
-2.23,0.099
-2.378,2.028
-2.323,0.058
-2.524,-0.215
-2.701,-1.442
-2.742,-1.314
3.093,-1.282
2.523,-1.11
2.243,-1.381
2.117,-1.206
2.014,-1.237
1.493,-1.449
1.52,-1.33
1.488,-1.611
1.387,-1.477
1.367,-1.476
0.065,-1.292
-0.853,-1.476
-1.441,-1.22
-1.684,-1.603
-1.888,-1.324
-2.101,-1.447
-2.119,-1.275
-2.338,-1.18
-2.321,-1.338
-2.401,-1.311
-2.545,3.102
-2.769,3.046
-3.118,3.061
-3.026,3.15
2.925,3.002
2.813,3.109
2.772,3.137
2.682,2.789
1.716,2.926
1.43,3.075
1.388,3.178
1.198,2.873
0.79,3.019
0.902,2.891
0.342,3.174
-0.568,2.918
-1.101,3.046
-1.839,3.198
-1.96,2.853
-2.084,3.112
2.877,1.967
2.754,0.366
1.693,2.026
-0.066,1.004
-0.451,0.336
-1.832,0.347
2.958,1.769
1.694,1.075
1.193,0.22
0.715,1.071
-0.278,1.075
-0.458,1.071
-0.596,1.807
-1.796,2.487
-2.043,1.788
0.271,-0.201
-1.735,-0.423
-2.509,1.223
0.32,-1.424
-0.788,-0.86
-1.899,-0.823
-0.144,-1.59
-0.117,-0.974
-0.211,-1.148
-0.249,-0.446
-0.609,-1.967
-0.64,-2.436
-0.573,1.278
-0.577,-2.208
-0.885,-1.523
-1.041,0.09
-1.118,-2.233
-1.229,0.136
-1.117,-1.45
-1.126,-0.612
-1.245,-0.056
-1.481,-0.217
-1.508,-0.226
-1.671,-1.58
-1.708,-0.552
-1.939,-0.922
-1.982,-2.411
-2.074,-1.069
-2.196,-0.287
-2.251,-1.29
-2.185,-1.463
-2.333,0.466
-2.278,-1.504
-2.479,-1.777
-2.656,-3.004
-2.697,-2.876
3.138,-2.844
2.568,-2.672
2.288,-2.943
2.162,-2.768
2.059,-2.799
1.538,-3.011
1.565,-2.892
1.533,-3.173
1.432,-3.039
1.412,-3.038
0.11,-2.854
-0.808,-3.038
-1.396,-2.782
-1.639,-3.165
-1.843,-2.886
-2.056,-3.009
-2.074,-2.837
-2.293,-2.742
-2.276,-2.9
-2.356,-2.873
-2.5,1.54
-2.724,1.484
-3.073,1.499
-2.981,1.588
2.97,1.44
2.858,1.547
2.817,1.575
2.727,1.227
1.761,1.364
1.475,1.513
1.433,1.616
1.243,1.311
0.835,1.457
0.947,1.329
0.387,1.612
-0.523,1.356
-1.056,1.484
-1.794,1.636
-1.915,1.291
-2.039,1.55
2.922,0.405
2.799,-1.196
1.738,0.464
-0.021,-0.558
-0.406,-1.226
-1.787,-1.215
3.003,0.207
1.739,-0.487
1.238,-1.342
0.76,-0.491
-0.233,-0.487
-0.413,-0.491
-0.551,0.245
-1.751,0.925
-1.998,0.226
0.316,-1.763
-1.69,-1.985
-2.464,-0.339
0.365,-2.986
-0.743,-2.422
-1.854,-2.385
-0.099,-3.152
-0.072,-2.536
-0.038,0.702
-0.398,-0.819
-0.429,-1.288
-0.362,2.426
-0.366,-1.06
-0.674,-0.375
-0.83,1.238
-0.907,-1.085
-1.018,1.284
-0.906,-0.302
-0.915,0.536
-1.034,1.092
-1.27,0.931
-1.297,0.922
-1.46,-0.432
-1.497,0.596
-1.728,0.226
-1.771,-1.263
-1.863,0.079
-1.985,0.861
-2.04,-0.142
-1.974,-0.315
-2.122,1.614
-2.067,-0.356
-2.268,-0.629
-2.445,-1.856
-2.486,-1.728
-2.934,-1.696
2.779,-1.524
2.499,-1.795
2.373,-1.62
2.27,-1.651
1.749,-1.863
1.776,-1.744
1.744,-2.025
1.643,-1.891
1.623,-1.89
0.321,-1.706
-0.597,-1.89
-1.185,-1.634
-1.428,-2.017
-1.632,-1.738
-1.845,-1.861
-1.863,-1.689
-2.082,-1.594
-2.065,-1.752
-2.145,-1.725
-2.289,2.688
-2.513,2.632
-2.862,2.647
-2.77,2.736
-3.102,2.588
3.069,2.695
3.028,2.723
2.938,2.375
1.972,2.512
1.686,2.661
1.644,2.764
1.454,2.459
1.046,2.605
1.158,2.477
0.598,2.76
-0.312,2.504
-0.845,2.632
-1.583,2.784
-1.704,2.439
-1.828,2.698
3.133,1.553
3.01,-0.048
1.949,1.612
0.19,0.59
-0.195,-0.078
-1.576,-0.067
-3.069,1.355
1.95,0.661
1.449,-0.194
0.971,0.657
-0.022,0.661
-0.202,0.657
-0.34,1.393
-1.54,2.073
-1.787,1.374
0.527,-0.615
-1.479,-0.837
-2.253,0.809
0.576,-1.838
-0.532,-1.274
-1.643,-1.237
0.112,-2.004
0.139,-1.388
-0.36,-1.521
-0.391,-1.99
-0.324,1.724
-0.328,-1.762
-0.636,-1.077
-0.792,0.536
-0.869,-1.787
-0.98,0.582
-0.868,-1.004
-0.877,-0.166
-0.996,0.39
-1.232,0.229
-1.259,0.22
-1.422,-1.134
-1.459,-0.106
-1.69,-0.476
-1.733,-1.965
-1.825,-0.623
-1.947,0.159
-2.002,-0.844
-1.936,-1.017
-2.084,0.912
-2.029,-1.058
-2.23,-1.331
-2.407,-2.558
-2.448,-2.43
-2.896,-2.398
2.817,-2.226
2.537,-2.497
2.411,-2.322
2.308,-2.353
1.787,-2.565
1.814,-2.446
1.782,-2.727
1.681,-2.593
1.661,-2.592
0.359,-2.408
-0.559,-2.592
-1.147,-2.336
-1.39,-2.719
-1.594,-2.44
-1.807,-2.563
-1.825,-2.391
-2.044,-2.296
-2.027,-2.454
-2.107,-2.427
-2.251,1.986
-2.475,1.93
-2.824,1.945
-2.732,2.034
-3.064,1.886
3.107,1.993
3.066,2.021
2.976,1.673
2.01,1.81
1.724,1.959
1.682,2.062
1.492,1.757
1.084,1.903
1.196,1.775
0.636,2.058
-0.274,1.802
-0.807,1.93
-1.545,2.082
-1.666,1.737
-1.79,1.996
-3.112,0.851
3.048,-0.75
1.987,0.91
0.228,-0.112
-0.157,-0.78
-1.538,-0.769
-3.031,0.653
1.988,-0.041
1.487,-0.896
1.009,-0.045
0.016,-0.041
-0.164,-0.045
-0.302,0.691
-1.502,1.371
-1.749,0.672
0.565,-1.317
-1.441,-1.539
-2.215,0.107
0.614,-2.54
-0.494,-1.976
-1.605,-1.939
0.15,-2.706
0.177,-2.09
-0.031,-0.469
0.036,3.245
0.032,-0.241
-0.276,0.444
-0.432,2.057
-0.509,-0.266
-0.62,2.103
-0.508,0.517
-0.517,1.355
-0.636,1.911
-0.872,1.75
-0.899,1.741
-1.062,0.387
-1.099,1.415
-1.33,1.045
-1.373,-0.444
-1.465,0.898
-1.587,1.68
-1.642,0.677
-1.576,0.504
-1.724,2.433
-1.669,0.463
-1.87,0.19
-2.047,-1.037
-2.088,-0.909
-2.536,-0.877
-3.106,-0.705
2.897,-0.976
2.771,-0.801
2.668,-0.832
2.147,-1.044
2.174,-0.925
2.142,-1.206
2.041,-1.072
2.021,-1.071
0.719,-0.887
-0.199,-1.071
-0.787,-0.815
-1.03,-1.198
-1.234,-0.919
-1.447,-1.042
-1.465,-0.87
-1.684,-0.775
-1.667,-0.933
-1.747,-0.906
-1.891,3.507
-2.115,3.451
-2.464,3.466
-2.372,3.555
-2.704,3.407
-2.816,3.514
-2.857,3.542
-2.947,3.194
2.37,3.331
2.084,3.48
2.042,3.583
1.852,3.278
1.444,3.424
1.556,3.296
0.996,3.579
0.086,3.323
-0.447,3.451
-1.185,3.603
-1.306,3.258
-1.43,3.517
-2.752,2.372
-2.875,0.771
2.347,2.431
0.588,1.409
0.203,0.741
-1.178,0.752
-2.671,2.174
2.348,1.48
1.847,0.625
1.369,1.476
0.376,1.48
0.196,1.476
0.058,2.212
-1.142,2.892
-1.389,2.193
0.925,0.204
-1.081,-0.018
-1.855,1.628
0.974,-1.019
-0.134,-0.455
-1.245,-0.418
0.51,-1.185
0.537,-0.569
0.067,3.714
0.063,0.228
-0.245,0.913
-0.401,2.526
-0.478,0.203
-0.589,2.572
-0.477,0.986
-0.486,1.824
-0.605,2.38
-0.841,2.219
-0.868,2.21
-1.031,0.856
-1.068,1.884
-1.299,1.514
-1.342,0.025
-1.434,1.367
-1.556,2.149
-1.611,1.146
-1.545,0.973
-1.693,2.902
-1.638,0.932
-1.839,0.659
-2.016,-0.568
-2.057,-0.44
-2.505,-0.408
-3.075,-0.236
2.928,-0.507
2.802,-0.332
2.699,-0.363
2.178,-0.575
2.205,-0.456
2.173,-0.737
2.072,-0.603
2.052,-0.602
0.75,-0.418
-0.168,-0.602
-0.756,-0.346
-0.999,-0.729
-1.203,-0.45
-1.416,-0.573
-1.434,-0.401
-1.653,-0.306
-1.636,-0.464
-1.716,-0.437
-1.86,3.976
-2.084,3.92
-2.433,3.935
-2.341,4.024
-2.673,3.876
-2.785,3.983
-2.826,4.011
-2.916,3.663
2.401,3.8
2.115,3.949
2.073,4.052
1.883,3.747
1.475,3.893
1.587,3.765
1.027,4.048
0.117,3.792
-0.416,3.92
-1.154,4.072
-1.275,3.727
-1.399,3.986
-2.721,2.841
-2.844,1.24
2.378,2.9
0.619,1.878
0.234,1.21
-1.147,1.221
-2.64,2.643
2.379,1.949
1.878,1.094
1.4,1.945
0.407,1.949
0.227,1.945
0.089,2.681
-1.111,3.361
-1.358,2.662
0.956,0.673
-1.05,0.451
-1.824,2.097
1.005,-0.55
-0.103,0.014
-1.214,0.051
0.541,-0.716
0.568,-0.1
-0.004,-3.486
-0.312,-2.801
-0.468,-1.188
-0.545,-3.511
-0.656,-1.142
-0.544,-2.728
-0.553,-1.89
-0.672,-1.334
-0.908,-1.495
-0.935,-1.504
-1.098,-2.858
-1.135,-1.83
-1.366,-2.2
-1.409,-3.689
-1.501,-2.347
-1.623,-1.565
-1.678,-2.568
-1.612,-2.741
-1.76,-0.812
-1.705,-2.782
-1.906,-3.055
-2.083,-4.282
-2.124,-4.154
-2.572,-4.122
3.141,-3.95
2.861,-4.221
2.735,-4.046
2.632,-4.077
2.111,-4.289
2.138,-4.17
2.106,-4.451
2.005,-4.317
1.985,-4.316
0.683,-4.132
-0.235,-4.316
-0.823,-4.06
-1.066,-4.443
-1.27,-4.164
-1.483,-4.287
-1.501,-4.115
-1.72,-4.02
-1.703,-4.178
-1.783,-4.151
-1.927,0.262
-2.151,0.206
-2.5,0.221
-2.408,0.31
-2.74,0.162
-2.852,0.269
-2.893,0.297
-2.983,-0.051
2.334,0.086
2.048,0.235
2.006,0.338
1.816,0.033
1.408,0.179
1.52,0.051
0.96,0.334
0.05,0.078
-0.483,0.206
-1.221,0.358
-1.342,0.013
-1.466,0.272
-2.788,-0.873
-2.911,-2.474
2.311,-0.814
0.552,-1.836
0.167,-2.504
-1.214,-2.493
-2.707,-1.071
2.312,-1.765
1.811,-2.62
1.333,-1.769
0.34,-1.765
0.16,-1.769
0.022,-1.033
-1.178,-0.353
-1.425,-1.052
0.889,-3.041
-1.117,-3.263
-1.891,-1.617
0.938,-4.264
-0.17,-3.7
-1.281,-3.663
0.474,-4.43
0.501,-3.814
-0.308,0.685
-0.464,2.298
-0.541,-0.025
-0.652,2.344
-0.54,0.758
-0.549,1.596
-0.668,2.152
-0.904,1.991
-0.931,1.982
-1.094,0.628
-1.131,1.656
-1.362,1.286
-1.405,-0.203
-1.497,1.139
-1.619,1.921
-1.674,0.918
-1.608,0.745
-1.756,2.674
-1.701,0.704
-1.902,0.431
-2.079,-0.796
-2.12,-0.668
-2.568,-0.636
-3.138,-0.464
2.865,-0.735
2.739,-0.56
2.636,-0.591
2.115,-0.803
2.142,-0.684
2.11,-0.965
2.009,-0.831
1.989,-0.83
0.687,-0.646
-0.231,-0.83
-0.819,-0.574
-1.062,-0.957
-1.266,-0.678
-1.479,-0.801
-1.497,-0.629
-1.716,-0.534
-1.699,-0.692
-1.779,-0.665
-1.923,3.748
-2.147,3.692
-2.496,3.707
-2.404,3.796
-2.736,3.648
-2.848,3.755
-2.889,3.783
-2.979,3.435
2.338,3.572
2.052,3.721
2.01,3.824
1.82,3.519
1.412,3.665
1.524,3.537
0.964,3.82
0.054,3.564
-0.479,3.692
-1.217,3.844
-1.338,3.499
-1.462,3.758
-2.784,2.613
-2.907,1.012
2.315,2.672
0.556,1.65
0.171,0.982
-1.21,0.993
-2.703,2.415
2.316,1.721
1.815,0.866
1.337,1.717
0.344,1.721
0.164,1.717
0.026,2.453
-1.174,3.133
-1.421,2.434
0.893,0.445
-1.113,0.223
-1.887,1.869
0.942,-0.778
-0.166,-0.214
-1.277,-0.177
0.478,-0.944
0.505,-0.328
-0.156,1.613
-0.233,-0.71
-0.344,1.659
-0.232,0.073
-0.241,0.911
-0.36,1.467
-0.596,1.306
-0.623,1.297
-0.786,-0.057
-0.823,0.971
-1.054,0.601
-1.097,-0.888
-1.189,0.454
-1.311,1.236
-1.366,0.233
-1.3,0.06
-1.448,1.989
-1.393,0.019
-1.594,-0.254
-1.771,-1.481
-1.812,-1.353
-2.26,-1.321
-2.83,-1.149
-3.11,-1.42
3.047,-1.245
2.944,-1.276
2.423,-1.488
2.45,-1.369
2.418,-1.65
2.317,-1.516
2.297,-1.515
0.995,-1.331
0.077,-1.515
-0.511,-1.259
-0.754,-1.642
-0.958,-1.363
-1.171,-1.486
-1.189,-1.314
-1.408,-1.219
-1.391,-1.377
-1.471,-1.35
-1.615,3.063
-1.839,3.007
-2.188,3.022
-2.096,3.111
-2.428,2.963
-2.54,3.07
-2.581,3.098
-2.671,2.75
2.646,2.887
2.36,3.036
2.318,3.139
2.128,2.834
1.72,2.98
1.832,2.852
1.272,3.135
0.362,2.879
-0.171,3.007
-0.909,3.159
-1.03,2.814
-1.154,3.073
-2.476,1.928
-2.599,0.327
2.623,1.987
0.864,0.965
0.479,0.297
-0.902,0.308
-2.395,1.73
2.624,1.036
2.123,0.181
1.645,1.032
0.652,1.036
0.472,1.032
0.334,1.768
-0.866,2.448
-1.113,1.749
1.201,-0.24
-0.805,-0.462
-1.579,1.184
1.25,-1.463
0.142,-0.899
-0.969,-0.862
0.786,-1.629
0.813,-1.013
-0.077,-2.323
-0.188,0.046
-0.076,-1.54
-0.085,-0.702
-0.204,-0.146
-0.44,-0.307
-0.467,-0.316
-0.63,-1.67
-0.667,-0.642
-0.898,-1.012
-0.941,-2.501
-1.033,-1.159
-1.155,-0.377
-1.21,-1.38
-1.144,-1.553
-1.292,0.376
-1.237,-1.594
-1.438,-1.867
-1.615,-3.094
-1.656,-2.966
-2.104,-2.934
-2.674,-2.762
-2.954,-3.033
-3.08,-2.858
3.1,-2.889
2.579,-3.101
2.606,-2.982
2.574,-3.263
2.473,-3.129
2.453,-3.128
1.151,-2.944
0.233,-3.128
-0.355,-2.872
-0.598,-3.255
-0.802,-2.976
-1.015,-3.099
-1.033,-2.927
-1.252,-2.832
-1.235,-2.99
-1.315,-2.963
-1.459,1.45
-1.683,1.394
-2.032,1.409
-1.94,1.498
-2.272,1.35
-2.384,1.457
-2.425,1.485
-2.515,1.137
2.802,1.274
2.516,1.423
2.474,1.526
2.284,1.221
1.876,1.367
1.988,1.239
1.428,1.522
0.518,1.266
-0.015,1.394
-0.753,1.546
-0.874,1.201
-0.998,1.46
-2.32,0.315
-2.443,-1.286
2.779,0.374
1.02,-0.648
0.635,-1.316
-0.746,-1.305
-2.239,0.117
2.78,-0.577
2.279,-1.432
1.801,-0.581
0.808,-0.577
0.628,-0.581
0.49,0.155
-0.71,0.835
-0.957,0.136
1.357,-1.853
-0.649,-2.075
-1.423,-0.429
1.406,-3.076
0.298,-2.512
-0.813,-2.475
0.942,-3.242
0.969,-2.626
-0.111,2.369
0.001,0.783
-0.008,1.621
-0.127,2.177
-0.363,2.016
-0.39,2.007
-0.553,0.653
-0.59,1.681
-0.821,1.311
-0.864,-0.178
-0.956,1.164
-1.078,1.946
-1.133,0.943
-1.067,0.77
-1.215,2.699
-1.16,0.729
-1.361,0.456
-1.538,-0.771
-1.579,-0.643
-2.027,-0.611
-2.597,-0.439
-2.877,-0.71
-3.003,-0.535
-3.106,-0.566
2.656,-0.778
2.683,-0.659
2.651,-0.94
2.55,-0.806
2.53,-0.805
1.228,-0.621
0.31,-0.805
-0.278,-0.549
-0.521,-0.932
-0.725,-0.653
-0.938,-0.776
-0.956,-0.604
-1.175,-0.509
-1.158,-0.667
-1.238,-0.64
-1.382,3.773
-1.606,3.717
-1.955,3.732
-1.863,3.821
-2.195,3.673
-2.307,3.78
-2.348,3.808
-2.438,3.46
2.879,3.597
2.593,3.746
2.551,3.849
2.361,3.544
1.953,3.69
2.065,3.562
1.505,3.845
0.595,3.589
0.062,3.717
-0.676,3.869
-0.797,3.524
-0.921,3.783
-2.243,2.638
-2.366,1.037
2.856,2.697
1.097,1.675
0.712,1.007
-0.669,1.018
-2.162,2.44
2.857,1.746
2.356,0.891
1.878,1.742
0.885,1.746
0.705,1.742
0.567,2.478
-0.633,3.158
-0.88,2.459
1.434,0.47
-0.572,0.248
-1.346,1.894
1.483,-0.753
0.375,-0.189
-0.736,-0.152
1.019,-0.919
1.046,-0.303
0.112,-1.586
0.103,-0.748
-0.016,-0.192
-0.252,-0.353
-0.279,-0.362
-0.442,-1.716
-0.479,-0.688
-0.71,-1.058
-0.753,-2.547
-0.845,-1.205
-0.967,-0.423
-1.022,-1.426
-0.956,-1.599
-1.104,0.33
-1.049,-1.64
-1.25,-1.913
-1.427,-3.14
-1.468,-3.012
-1.916,-2.98
-2.486,-2.808
-2.766,-3.079
-2.892,-2.904
-2.995,-2.935
2.767,-3.147
2.794,-3.028
2.762,-3.309
2.661,-3.175
2.641,-3.174
1.339,-2.99
0.421,-3.174
-0.167,-2.918
-0.41,-3.301
-0.614,-3.022
-0.827,-3.145
-0.845,-2.973
-1.064,-2.878
-1.047,-3.036
-1.127,-3.009
-1.271,1.404
-1.495,1.348
-1.844,1.363
-1.752,1.452
-2.084,1.304
-2.196,1.411
-2.237,1.439
-2.327,1.091
2.99,1.228
2.704,1.377
2.662,1.48
2.472,1.175
2.064,1.321
2.176,1.193
1.616,1.476
0.706,1.22
0.173,1.348
-0.565,1.5
-0.686,1.155
-0.81,1.414
-2.132,0.269
-2.255,-1.332
2.967,0.328
1.208,-0.694
0.823,-1.362
-0.558,-1.351
-2.051,0.071
2.968,-0.623
2.467,-1.478
1.989,-0.627
0.996,-0.623
0.816,-0.627
0.678,0.109
-0.522,0.789
-0.769,0.09
1.545,-1.899
-0.461,-2.121
-1.235,-0.475
1.594,-3.122
0.486,-2.558
-0.625,-2.521
1.13,-3.288
1.157,-2.672
-0.009,0.838
-0.128,1.394
-0.364,1.233
-0.391,1.224
-0.554,-0.13
-0.591,0.898
-0.822,0.528
-0.865,-0.961
-0.957,0.381
-1.079,1.163
-1.134,0.16
-1.068,-0.013
-1.216,1.916
-1.161,-0.054
-1.362,-0.327
-1.539,-1.554
-1.58,-1.426
-2.028,-1.394
-2.598,-1.222
-2.878,-1.493
-3.004,-1.318
-3.107,-1.349
2.655,-1.561
2.682,-1.442
2.65,-1.723
2.549,-1.589
2.529,-1.588
1.227,-1.404
0.309,-1.588
-0.279,-1.332
-0.522,-1.715
-0.726,-1.436
-0.939,-1.559
-0.957,-1.387
-1.176,-1.292
-1.159,-1.45
-1.239,-1.423
-1.383,2.99
-1.607,2.934
-1.956,2.949
-1.864,3.038
-2.196,2.89
-2.308,2.997
-2.349,3.025
-2.439,2.677
2.878,2.814
2.592,2.963
2.55,3.066
2.36,2.761
1.952,2.907
2.064,2.779
1.504,3.062
0.594,2.806
0.061,2.934
-0.677,3.086
-0.798,2.741
-0.922,3.0
-2.244,1.855
-2.367,0.254
2.855,1.914
1.096,0.892
0.711,0.224
-0.67,0.235
-2.163,1.657
2.856,0.963
2.355,0.108
1.877,0.959
0.884,0.963
0.704,0.959
0.566,1.695
-0.634,2.375
-0.881,1.676
1.433,-0.313
-0.573,-0.535
-1.347,1.111
1.482,-1.536
0.374,-0.972
-0.737,-0.935
1.018,-1.702
1.045,-1.086
-0.119,0.556
-0.355,0.395
-0.382,0.386
-0.545,-0.968
-0.582,0.06
-0.813,-0.31
-0.856,-1.799
-0.948,-0.457
-1.07,0.325
-1.125,-0.678
-1.059,-0.851
-1.207,1.078
-1.152,-0.892
-1.353,-1.165
-1.53,-2.392
-1.571,-2.264
-2.019,-2.232
-2.589,-2.06
-2.869,-2.331
-2.995,-2.156
-3.098,-2.187
2.664,-2.399
2.691,-2.28
2.659,-2.561
2.558,-2.427
2.538,-2.426
1.236,-2.242
0.318,-2.426
-0.27,-2.17
-0.513,-2.553
-0.717,-2.274
-0.93,-2.397
-0.948,-2.225
-1.167,-2.13
-1.15,-2.288
-1.23,-2.261
-1.374,2.152
-1.598,2.096
-1.947,2.111
-1.855,2.2
-2.187,2.052
-2.299,2.159
-2.34,2.187
-2.43,1.839
2.887,1.976
2.601,2.125
2.559,2.228
2.369,1.923
1.961,2.069
2.073,1.941
1.513,2.224
0.603,1.968
0.07,2.096
-0.668,2.248
-0.789,1.903
-0.913,2.162
-2.235,1.017
-2.358,-0.584
2.864,1.076
1.105,0.054
0.72,-0.614
-0.661,-0.603
-2.154,0.819
2.865,0.125
2.364,-0.73
1.886,0.121
0.893,0.125
0.713,0.121
0.575,0.857
-0.625,1.537
-0.872,0.838
1.442,-1.151
-0.564,-1.373
-1.338,0.273
1.491,-2.374
0.383,-1.81
-0.728,-1.773
1.027,-2.54
1.054,-1.924
-0.236,-0.161
-0.263,-0.17
-0.426,-1.524
-0.463,-0.496
-0.694,-0.866
-0.737,-2.355
-0.829,-1.013
-0.951,-0.231
-1.006,-1.234
-0.94,-1.407
-1.088,0.522
-1.033,-1.448
-1.234,-1.721
-1.411,-2.948
-1.452,-2.82
-1.9,-2.788
-2.47,-2.616
-2.75,-2.887
-2.876,-2.712
-2.979,-2.743
2.783,-2.955
2.81,-2.836
2.778,-3.117
2.677,-2.983
2.657,-2.982
1.355,-2.798
0.437,-2.982
-0.151,-2.726
-0.394,-3.109
-0.598,-2.83
-0.811,-2.953
-0.829,-2.781
-1.048,-2.686
-1.031,-2.844
-1.111,-2.817
-1.255,1.596
-1.479,1.54
-1.828,1.555
-1.736,1.644
-2.068,1.496
-2.18,1.603
-2.221,1.631
-2.311,1.283
3.006,1.42
2.72,1.569
2.678,1.672
2.488,1.367
2.08,1.513
2.192,1.385
1.632,1.668
0.722,1.412
0.189,1.54
-0.549,1.692
-0.67,1.347
-0.794,1.606
-2.116,0.461
-2.239,-1.14
2.983,0.52
1.224,-0.502
0.839,-1.17
-0.542,-1.159
-2.035,0.263
2.984,-0.431
2.483,-1.286
2.005,-0.435
1.012,-0.431
0.832,-0.435
0.694,0.301
-0.506,0.981
-0.753,0.282
1.561,-1.707
-0.445,-1.929
-1.219,-0.283
1.61,-2.93
0.502,-2.366
-0.609,-2.329
1.146,-3.096
1.173,-2.48
-0.027,-0.009
-0.19,-1.363
-0.227,-0.335
-0.458,-0.705
-0.501,-2.194
-0.593,-0.852
-0.715,-0.07
-0.77,-1.073
-0.704,-1.246
-0.852,0.683
-0.797,-1.287
-0.998,-1.56
-1.175,-2.787
-1.216,-2.659
-1.664,-2.627
-2.234,-2.455
-2.514,-2.726
-2.64,-2.551
-2.743,-2.582
3.019,-2.794
3.046,-2.675
3.014,-2.956
2.913,-2.822
2.893,-2.821
1.591,-2.637
0.673,-2.821
0.085,-2.565
-0.158,-2.948
-0.362,-2.669
-0.575,-2.792
-0.593,-2.62
-0.812,-2.525
-0.795,-2.683
-0.875,-2.656
-1.019,1.757
-1.243,1.701
-1.592,1.716
-1.5,1.805
-1.832,1.657
-1.944,1.764
-1.985,1.792
-2.075,1.444
-3.041,1.581
2.956,1.73
2.914,1.833
2.724,1.528
2.316,1.674
2.428,1.546
1.868,1.829
0.958,1.573
0.425,1.701
-0.313,1.853
-0.434,1.508
-0.558,1.767
-1.88,0.622
-2.003,-0.979
-3.064,0.681
1.46,-0.341
1.075,-1.009
-0.306,-0.998
-1.799,0.424
-3.063,-0.27
2.719,-1.125
2.241,-0.274
1.248,-0.27
1.068,-0.274
0.93,0.462
-0.27,1.142
-0.517,0.443
1.797,-1.546
-0.209,-1.768
-0.983,-0.122
1.846,-2.769
0.738,-2.205
-0.373,-2.168
1.382,-2.935
1.409,-2.319
-0.163,-1.354
-0.2,-0.326
-0.431,-0.696
-0.474,-2.185
-0.566,-0.843
-0.688,-0.061
-0.743,-1.064
-0.677,-1.237
-0.825,0.692
-0.77,-1.278
-0.971,-1.551
-1.148,-2.778
-1.189,-2.65
-1.637,-2.618
-2.207,-2.446
-2.487,-2.717
-2.613,-2.542
-2.716,-2.573
3.046,-2.785
3.073,-2.666
3.041,-2.947
2.94,-2.813
2.92,-2.812
1.618,-2.628
0.7,-2.812
0.112,-2.556
-0.131,-2.939
-0.335,-2.66
-0.548,-2.783
-0.566,-2.611
-0.785,-2.516
-0.768,-2.674
-0.848,-2.647
-0.992,1.766
-1.216,1.71
-1.565,1.725
-1.473,1.814
-1.805,1.666
-1.917,1.773
-1.958,1.801
-2.048,1.453
-3.014,1.59
2.983,1.739
2.941,1.842
2.751,1.537
2.343,1.683
2.455,1.555
1.895,1.838
0.985,1.582
0.452,1.71
-0.286,1.862
-0.407,1.517
-0.531,1.776
-1.853,0.631
-1.976,-0.97
-3.037,0.69
1.487,-0.332
1.102,-1.0
-0.279,-0.989
-1.772,0.433
-3.036,-0.261
2.746,-1.116
2.268,-0.265
1.275,-0.261
1.095,-0.265
0.957,0.471
-0.243,1.151
-0.49,0.452
1.824,-1.537
-0.182,-1.759
-0.956,-0.113
1.873,-2.76
0.765,-2.196
-0.346,-2.159
1.409,-2.926
1.436,-2.31
-0.037,1.028
-0.268,0.658
-0.311,-0.831
-0.403,0.511
-0.525,1.293
-0.58,0.29
-0.514,0.117
-0.662,2.046
-0.607,0.076
-0.808,-0.197
-0.985,-1.424
-1.026,-1.296
-1.474,-1.264
-2.044,-1.092
-2.324,-1.363
-2.45,-1.188
-2.553,-1.219
-3.074,-1.431
-3.047,-1.312
-3.079,-1.593
3.103,-1.459
3.083,-1.458
1.781,-1.274
0.863,-1.458
0.275,-1.202
0.032,-1.585
-0.172,-1.306
-0.385,-1.429
-0.403,-1.257
-0.622,-1.162
-0.605,-1.32
-0.685,-1.293
-0.829,3.12
-1.053,3.064
-1.402,3.079
-1.31,3.168
-1.642,3.02
-1.754,3.127
-1.795,3.155
-1.885,2.807
-2.851,2.944
-3.137,3.093
3.104,3.196
2.914,2.891
2.506,3.037
2.618,2.909
2.058,3.192
1.148,2.936
0.615,3.064
-0.123,3.216
-0.244,2.871
-0.368,3.13
-1.69,1.985
-1.813,0.384
-2.874,2.044
1.65,1.022
1.265,0.354
-0.116,0.365
-1.609,1.787
-2.873,1.093
2.909,0.238
2.431,1.089
1.438,1.093
1.258,1.089
1.12,1.825
-0.08,2.505
-0.327,1.806
1.987,-0.183
-0.019,-0.405
-0.793,1.241
2.036,-1.406
0.928,-0.842
-0.183,-0.805
1.572,-1.572
1.599,-0.956
-0.231,-0.37
-0.274,-1.859
-0.366,-0.517
-0.488,0.265
-0.543,-0.738
-0.477,-0.911
-0.625,1.018
-0.57,-0.952
-0.771,-1.225
-0.948,-2.452
-0.989,-2.324
-1.437,-2.292
-2.007,-2.12
-2.287,-2.391
-2.413,-2.216
-2.516,-2.247
-3.037,-2.459
-3.01,-2.34
-3.042,-2.621
3.14,-2.487
3.12,-2.486
1.818,-2.302
0.9,-2.486
0.312,-2.23
0.069,-2.613
-0.135,-2.334
-0.348,-2.457
-0.366,-2.285
-0.585,-2.19
-0.568,-2.348
-0.648,-2.321
-0.792,2.092
-1.016,2.036
-1.365,2.051
-1.273,2.14
-1.605,1.992
-1.717,2.099
-1.758,2.127
-1.848,1.779
-2.814,1.916
-3.1,2.065
3.141,2.168
2.951,1.863
2.543,2.009
2.655,1.881
2.095,2.164
1.185,1.908
0.652,2.036
-0.086,2.188
-0.207,1.843
-0.331,2.102
-1.653,0.957
-1.776,-0.644
-2.837,1.016
1.687,-0.006
1.302,-0.674
-0.079,-0.663
-1.572,0.759
-2.836,0.065
2.946,-0.79
2.468,0.061
1.475,0.065
1.295,0.061
1.157,0.797
-0.043,1.477
-0.29,0.778
2.024,-1.211
0.018,-1.433
-0.756,0.213
2.073,-2.434
0.965,-1.87
-0.146,-1.833
1.609,-2.6
1.636,-1.984
-0.043,-1.489
-0.135,-0.147
-0.257,0.635
-0.312,-0.368
-0.246,-0.541
-0.394,1.388
-0.339,-0.582
-0.54,-0.855
-0.717,-2.082
-0.758,-1.954
-1.206,-1.922
-1.776,-1.75
-2.056,-2.021
-2.182,-1.846
-2.285,-1.877
-2.806,-2.089
-2.779,-1.97
-2.811,-2.251
-2.912,-2.117
-2.932,-2.116
2.049,-1.932
1.131,-2.116
0.543,-1.86
0.3,-2.243
0.096,-1.964
-0.117,-2.087
-0.135,-1.915
-0.354,-1.82
-0.337,-1.978
-0.417,-1.951
-0.561,2.462
-0.785,2.406
-1.134,2.421
-1.042,2.51
-1.374,2.362
-1.486,2.469
-1.527,2.497
-1.617,2.149
-2.583,2.286
-2.869,2.435
-2.911,2.538
-3.101,2.233
2.774,2.379
2.886,2.251
2.326,2.534
1.416,2.278
0.883,2.406
0.145,2.558
0.024,2.213
-0.1,2.472
-1.422,1.327
-1.545,-0.274
-2.606,1.386
1.918,0.364
1.533,-0.304
0.152,-0.293
-1.341,1.129
-2.605,0.435
-3.106,-0.42
2.699,0.431
1.706,0.435
1.526,0.431
1.388,1.167
0.188,1.847
-0.059,1.148
2.255,-0.841
0.249,-1.063
-0.525,0.583
2.304,-2.064
1.196,-1.5
0.085,-1.463
1.84,-2.23
1.867,-1.614
-0.092,1.342
-0.214,2.124
-0.269,1.121
-0.203,0.948
-0.351,2.877
-0.296,0.907
-0.497,0.634
-0.674,-0.593
-0.715,-0.465
-1.163,-0.433
-1.733,-0.261
-2.013,-0.532
-2.139,-0.357
-2.242,-0.388
-2.763,-0.6
-2.736,-0.481
-2.768,-0.762
-2.869,-0.628
-2.889,-0.627
2.092,-0.443
1.174,-0.627
0.586,-0.371
0.343,-0.754
0.139,-0.475
-0.074,-0.598
-0.092,-0.426
-0.311,-0.331
-0.294,-0.489
-0.374,-0.462
-0.518,3.951
-0.742,3.895
-1.091,3.91
-0.999,3.999
-1.331,3.851
-1.443,3.958
-1.484,3.986
-1.574,3.638
-2.54,3.775
-2.826,3.924
-2.868,4.027
-3.058,3.722
2.817,3.868
2.929,3.74
2.369,4.023
1.459,3.767
0.926,3.895
0.188,4.047
0.067,3.702
-0.057,3.961
-1.379,2.816
-1.502,1.215
-2.563,2.875
1.961,1.853
1.576,1.185
0.195,1.196
-1.298,2.618
-2.562,1.924
-3.063,1.069
2.742,1.92
1.749,1.924
1.569,1.92
1.431,2.656
0.231,3.336
-0.016,2.637
2.298,0.648
0.292,0.426
-0.482,2.072
2.347,-0.575
1.239,-0.011
0.128,0.026
1.883,-0.741
1.91,-0.125
-0.122,0.782
-0.177,-0.221
-0.111,-0.394
-0.259,1.535
-0.204,-0.435
-0.405,-0.708
-0.582,-1.935
-0.623,-1.807
-1.071,-1.775
-1.641,-1.603
-1.921,-1.874
-2.047,-1.699
-2.15,-1.73
-2.671,-1.942
-2.644,-1.823
-2.676,-2.104
-2.777,-1.97
-2.797,-1.969
2.184,-1.785
1.266,-1.969
0.678,-1.713
0.435,-2.096
0.231,-1.817
0.018,-1.94
0.0,-1.768
-0.219,-1.673
-0.202,-1.831
-0.282,-1.804
-0.426,2.609
-0.65,2.553
-0.999,2.568
-0.907,2.657
-1.239,2.509
-1.351,2.616
-1.392,2.644
-1.482,2.296
-2.448,2.433
-2.734,2.582
-2.776,2.685
-2.966,2.38
2.909,2.526
3.021,2.398
2.461,2.681
1.551,2.425
1.018,2.553
0.28,2.705
0.159,2.36
0.035,2.619
-1.287,1.474
-1.41,-0.127
-2.471,1.533
2.053,0.511
1.668,-0.157
0.287,-0.146
-1.206,1.276
-2.47,0.582
-2.971,-0.273
2.834,0.578
1.841,0.582
1.661,0.578
1.523,1.314
0.323,1.994
0.076,1.295
2.39,-0.694
0.384,-0.916
-0.39,0.73
2.439,-1.917
1.331,-1.353
0.22,-1.316
1.975,-2.083
2.002,-1.467
-0.055,-1.003
0.011,-1.176
-0.137,0.753
-0.082,-1.217
-0.283,-1.49
-0.46,-2.717
-0.501,-2.589
-0.949,-2.557
-1.519,-2.385
-1.799,-2.656
-1.925,-2.481
-2.028,-2.512
-2.549,-2.724
-2.522,-2.605
-2.554,-2.886
-2.655,-2.752
-2.675,-2.751
2.306,-2.567
1.388,-2.751
0.8,-2.495
0.557,-2.878
0.353,-2.599
0.14,-2.722
0.122,-2.55
-0.097,-2.455
-0.08,-2.613
-0.16,-2.586
-0.304,1.827
-0.528,1.771
-0.877,1.786
-0.785,1.875
-1.117,1.727
-1.229,1.834
-1.27,1.862
-1.36,1.514
-2.326,1.651
-2.612,1.8
-2.654,1.903
-2.844,1.598
3.031,1.744
-3.14,1.616
2.583,1.899
1.673,1.643
1.14,1.771
0.402,1.923
0.281,1.578
0.157,1.837
-1.165,0.692
-1.288,-0.909
-2.349,0.751
2.175,-0.271
1.79,-0.939
0.409,-0.928
-1.084,0.494
-2.348,-0.2
-2.849,-1.055
2.956,-0.204
1.963,-0.2
1.783,-0.204
1.645,0.532
0.445,1.212
0.198,0.513
2.512,-1.476
0.506,-1.698
-0.268,-0.052
2.561,-2.699
1.453,-2.135
0.342,-2.098
2.097,-2.865
2.124,-2.249
0.066,-0.173
-0.082,1.756
-0.027,-0.214
-0.228,-0.487
-0.405,-1.714
-0.446,-1.586
-0.894,-1.554
-1.464,-1.382
-1.744,-1.653
-1.87,-1.478
-1.973,-1.509
-2.494,-1.721
-2.467,-1.602
-2.499,-1.883
-2.6,-1.749
-2.62,-1.748
2.361,-1.564
1.443,-1.748
0.855,-1.492
0.612,-1.875
0.408,-1.596
0.195,-1.719
0.177,-1.547
-0.042,-1.452
-0.025,-1.61
-0.105,-1.583
-0.249,2.83
-0.473,2.774
-0.822,2.789
-0.73,2.878
-1.062,2.73
-1.174,2.837
-1.215,2.865
-1.305,2.517
-2.271,2.654
-2.557,2.803
-2.599,2.906
-2.789,2.601
3.086,2.747
-3.085,2.619
2.638,2.902
1.728,2.646
1.195,2.774
0.457,2.926
0.336,2.581
0.212,2.84
-1.11,1.695
-1.233,0.094
-2.294,1.754
2.23,0.732
1.845,0.064
0.464,0.075
-1.029,1.497
-2.293,0.803
-2.794,-0.052
3.011,0.799
2.018,0.803
1.838,0.799
1.7,1.535
0.5,2.215
0.253,1.516
2.567,-0.473
0.561,-0.695
-0.213,0.951
2.616,-1.696
1.508,-1.132
0.397,-1.095
2.152,-1.862
2.179,-1.246
-0.148,1.929
-0.093,-0.041
-0.294,-0.314
-0.471,-1.541
-0.512,-1.413
-0.96,-1.381
-1.53,-1.209
-1.81,-1.48
-1.936,-1.305
-2.039,-1.336
-2.56,-1.548
-2.533,-1.429
-2.565,-1.71
-2.666,-1.576
-2.686,-1.575
2.295,-1.391
1.377,-1.575
0.789,-1.319
0.546,-1.702
0.342,-1.423
0.129,-1.546
0.111,-1.374
-0.108,-1.279
-0.091,-1.437
-0.171,-1.41
-0.315,3.003
-0.539,2.947
-0.888,2.962
-0.796,3.051
-1.128,2.903
-1.24,3.01
-1.281,3.038
-1.371,2.69
-2.337,2.827
-2.623,2.976
-2.665,3.079
-2.855,2.774
3.02,2.92
3.132,2.792
2.572,3.075
1.662,2.819
1.129,2.947
0.391,3.099
0.27,2.754
0.146,3.013
-1.176,1.868
-1.299,0.267
-2.36,1.927
2.164,0.905
1.779,0.237
0.398,0.248
-1.095,1.67
-2.359,0.976
-2.86,0.121
2.945,0.972
1.952,0.976
1.772,0.972
1.634,1.708
0.434,2.388
0.187,1.689
2.501,-0.3
0.495,-0.522
-0.279,1.124
2.55,-1.523
1.442,-0.959
0.331,-0.922
2.086,-1.689
2.113,-1.073
0.055,-1.97
-0.146,-2.243
-0.323,-3.47
-0.364,-3.342
-0.812,-3.31
-1.382,-3.138
-1.662,-3.409
-1.788,-3.234
-1.891,-3.265
-2.412,-3.477
-2.385,-3.358
-2.417,-3.639
-2.518,-3.505
-2.538,-3.504
2.443,-3.32
1.525,-3.504
0.937,-3.248
0.694,-3.631
0.49,-3.352
0.277,-3.475
0.259,-3.303
0.04,-3.208
0.057,-3.366
-0.023,-3.339
-0.167,1.074
-0.391,1.018
-0.74,1.033
-0.648,1.122
-0.98,0.974
-1.092,1.081
-1.133,1.109
-1.223,0.761
-2.189,0.898
-2.475,1.047
-2.517,1.15
-2.707,0.845
-3.115,0.991
-3.003,0.863
2.72,1.146
1.81,0.89
1.277,1.018
0.539,1.17
0.418,0.825
0.294,1.084
-1.028,-0.061
-1.151,-1.662
-2.212,-0.002
2.312,-1.024
1.927,-1.692
0.546,-1.681
-0.947,-0.259
-2.211,-0.953
-2.712,-1.808
3.093,-0.957
2.1,-0.953
1.92,-0.957
1.782,-0.221
0.582,0.459
0.335,-0.24
2.649,-2.229
0.643,-2.451
-0.131,-0.805
2.698,-3.452
1.59,-2.888
0.479,-2.851
2.234,-3.618
2.261,-3.002
-0.201,-0.273
-0.378,-1.5
-0.419,-1.372
-0.867,-1.34
-1.437,-1.168
-1.717,-1.439
-1.843,-1.264
-1.946,-1.295
-2.467,-1.507
-2.44,-1.388
-2.472,-1.669
-2.573,-1.535
-2.593,-1.534
2.388,-1.35
1.47,-1.534
0.882,-1.278
0.639,-1.661
0.435,-1.382
0.222,-1.505
0.204,-1.333
-0.015,-1.238
0.002,-1.396
-0.078,-1.369
-0.222,3.044
-0.446,2.988
-0.795,3.003
-0.703,3.092
-1.035,2.944
-1.147,3.051
-1.188,3.079
-1.278,2.731
-2.244,2.868
-2.53,3.017
-2.572,3.12
-2.762,2.815
3.113,2.961
-3.058,2.833
2.665,3.116
1.755,2.86
1.222,2.988
0.484,3.14
0.363,2.795
0.239,3.054
-1.083,1.909
-1.206,0.308
-2.267,1.968
2.257,0.946
1.872,0.278
0.491,0.289
-1.002,1.711
-2.266,1.017
-2.767,0.162
3.038,1.013
2.045,1.017
1.865,1.013
1.727,1.749
0.527,2.429
0.28,1.73
2.594,-0.259
0.588,-0.481
-0.186,1.165
2.643,-1.482
1.535,-0.918
0.424,-0.881
2.179,-1.648
2.206,-1.032
-0.177,-1.227
-0.218,-1.099
-0.666,-1.067
-1.236,-0.895
-1.516,-1.166
-1.642,-0.991
-1.745,-1.022
-2.266,-1.234
-2.239,-1.115
-2.271,-1.396
-2.372,-1.262
-2.392,-1.261
2.589,-1.077
1.671,-1.261
1.083,-1.005
0.84,-1.388
0.636,-1.109
0.423,-1.232
0.405,-1.06
0.186,-0.965
0.203,-1.123
0.123,-1.096
-0.021,3.317
-0.245,3.261
-0.594,3.276
-0.502,3.365
-0.834,3.217
-0.946,3.324
-0.987,3.352
-1.077,3.004
-2.043,3.141
-2.329,3.29
-2.371,3.393
-2.561,3.088
-2.969,3.234
-2.857,3.106
2.866,3.389
1.956,3.133
1.423,3.261
0.685,3.413
0.564,3.068
0.44,3.327
-0.882,2.182
-1.005,0.581
-2.066,2.241
2.458,1.219
2.073,0.551
0.692,0.562
-0.801,1.984
-2.065,1.29
-2.566,0.435
-3.044,1.286
2.246,1.29
2.066,1.286
1.928,2.022
0.728,2.702
0.481,2.003
2.795,0.014
0.789,-0.208
0.015,1.438
2.844,-1.209
1.736,-0.645
0.625,-0.608
2.38,-1.375
2.407,-0.759
-0.041,0.128
-0.489,0.16
-1.059,0.332
-1.339,0.061
-1.465,0.236
-1.568,0.205
-2.089,-0.007
-2.062,0.112
-2.094,-0.169
-2.195,-0.035
-2.215,-0.034
2.766,0.15
1.848,-0.034
1.26,0.222
1.017,-0.161
0.813,0.118
0.6,-0.005
0.582,0.167
0.363,0.262
0.38,0.104
0.3,0.131
0.156,4.544
-0.068,4.488
-0.417,4.503
-0.325,4.592
-0.657,4.444
-0.769,4.551
-0.81,4.579
-0.9,4.231
-1.866,4.368
-2.152,4.517
-2.194,4.62
-2.384,4.315
-2.792,4.461
-2.68,4.333
3.043,4.616
2.133,4.36
1.6,4.488
0.862,4.64
0.741,4.295
0.617,4.554
-0.705,3.409
-0.828,1.808
-1.889,3.468
2.635,2.446
2.25,1.778
0.869,1.789
-0.624,3.211
-1.888,2.517
-2.389,1.662
-2.867,2.513
2.423,2.517
2.243,2.513
2.105,3.249
0.905,3.929
0.658,3.23
2.972,1.241
0.966,1.019
0.192,2.665
3.021,0.018
1.913,0.582
0.802,0.619
2.557,-0.148
2.584,0.468
-0.448,0.032
-1.018,0.204
-1.298,-0.067
-1.424,0.108
-1.527,0.077
-2.048,-0.135
-2.021,-0.016
-2.053,-0.297
-2.154,-0.163
-2.174,-0.162
2.807,0.022
1.889,-0.162
1.301,0.094
1.058,-0.289
0.854,-0.01
0.641,-0.133
0.623,0.039
0.404,0.134
0.421,-0.024
0.341,0.003
0.197,4.416
-0.027,4.36
-0.376,4.375
-0.284,4.464
-0.616,4.316
-0.728,4.423
-0.769,4.451
-0.859,4.103
-1.825,4.24
-2.111,4.389
-2.153,4.492
-2.343,4.187
-2.751,4.333
-2.639,4.205
3.084,4.488
2.174,4.232
1.641,4.36
0.903,4.512
0.782,4.167
0.658,4.426
-0.664,3.281
-0.787,1.68
-1.848,3.34
2.676,2.318
2.291,1.65
0.91,1.661
-0.583,3.083
-1.847,2.389
-2.348,1.534
-2.826,2.385
2.464,2.389
2.284,2.385
2.146,3.121
0.946,3.801
0.699,3.102
3.013,1.113
1.007,0.891
0.233,2.537
3.062,-0.11
1.954,0.454
0.843,0.491
2.598,-0.276
2.625,0.34
-0.57,0.172
-0.85,-0.099
-0.976,0.076
-1.079,0.045
-1.6,-0.167
-1.573,-0.048
-1.605,-0.329
-1.706,-0.195
-1.726,-0.194
-3.028,-0.01
2.337,-0.194
1.749,0.062
1.506,-0.321
1.302,-0.042
1.089,-0.165
1.071,0.007
0.852,0.102
0.869,-0.056
0.789,-0.029
0.645,4.384
0.421,4.328
0.072,4.343
0.164,4.432
-0.168,4.284
-0.28,4.391
-0.321,4.419
-0.411,4.071
-1.377,4.208
-1.663,4.357
-1.705,4.46
-1.895,4.155
-2.303,4.301
-2.191,4.173
-2.751,4.456
2.622,4.2
2.089,4.328
1.351,4.48
1.23,4.135
1.106,4.394
-0.216,3.249
-0.339,1.648
-1.4,3.308
3.124,2.286
2.739,1.618
1.358,1.629
-0.135,3.051
-1.399,2.357
-1.9,1.502
-2.378,2.353
2.912,2.357
2.732,2.353
2.594,3.089
1.394,3.769
1.147,3.07
-2.822,1.081
1.455,0.859
0.681,2.505
-2.773,-0.142
2.402,0.422
1.291,0.459
3.046,-0.308
3.073,0.308
-0.28,-0.271
-0.406,-0.096
-0.509,-0.127
-1.03,-0.339
-1.003,-0.22
-1.035,-0.501
-1.136,-0.367
-1.156,-0.366
-2.458,-0.182
2.907,-0.366
2.319,-0.11
2.076,-0.493
1.872,-0.214
1.659,-0.337
1.641,-0.165
1.422,-0.07
1.439,-0.228
1.359,-0.201
1.215,4.212
0.991,4.156
0.642,4.171
0.734,4.26
0.402,4.112
0.29,4.219
0.249,4.247
0.159,3.899
-0.807,4.036
-1.093,4.185
-1.135,4.288
-1.325,3.983
-1.733,4.129
-1.621,4.001
-2.181,4.284
-3.091,4.028
2.659,4.156
1.921,4.308
1.8,3.963
1.676,4.222
0.354,3.077
0.231,1.476
-0.83,3.136
-2.589,2.114
-2.974,1.446
1.928,1.457
0.435,2.879
-0.829,2.185
-1.33,1.33
-1.808,2.181
-2.801,2.185
-2.981,2.181
-3.119,2.917
1.964,3.597
1.717,2.898
-2.252,0.909
2.025,0.687
1.251,2.333
-2.203,-0.314
2.972,0.25
1.861,0.287
-2.667,-0.48
-2.64,0.136
-0.126,0.175
-0.229,0.144
-0.75,-0.068
-0.723,0.051
-0.755,-0.23
-0.856,-0.096
-0.876,-0.095
-2.178,0.089
-3.096,-0.095
2.599,0.161
2.356,-0.222
2.152,0.057
1.939,-0.066
1.921,0.106
1.702,0.201
1.719,0.043
1.639,0.07
1.495,4.483
1.271,4.427
0.922,4.442
1.014,4.531
0.682,4.383
0.57,4.49
0.529,4.518
0.439,4.17
-0.527,4.307
-0.813,4.456
-0.855,4.559
-1.045,4.254
-1.453,4.4
-1.341,4.272
-1.901,4.555
-2.811,4.299
2.939,4.427
2.201,4.579
2.08,4.234
1.956,4.493
0.634,3.348
0.511,1.747
-0.55,3.407
-2.309,2.385
-2.694,1.717
2.208,1.728
0.715,3.15
-0.549,2.456
-1.05,1.601
-1.528,2.452
-2.521,2.456
-2.701,2.452
-2.839,3.188
2.244,3.868
1.997,3.169
-1.972,1.18
2.305,0.958
1.531,2.604
-1.923,-0.043
-3.031,0.521
2.141,0.558
-2.387,-0.209
-2.36,0.407
-0.103,-0.031
-0.624,-0.243
-0.597,-0.124
-0.629,-0.405
-0.73,-0.271
-0.75,-0.27
-2.052,-0.086
-2.97,-0.27
2.725,-0.014
2.482,-0.397
2.278,-0.118
2.065,-0.241
2.047,-0.069
1.828,0.026
1.845,-0.132
1.765,-0.105
1.621,4.308
1.397,4.252
1.048,4.267
1.14,4.356
0.808,4.208
0.696,4.315
0.655,4.343
0.565,3.995
-0.401,4.132
-0.687,4.281
-0.729,4.384
-0.919,4.079
-1.327,4.225
-1.215,4.097
-1.775,4.38
-2.685,4.124
3.065,4.252
2.327,4.404
2.206,4.059
2.082,4.318
0.76,3.173
0.637,1.572
-0.424,3.232
-2.183,2.21
-2.568,1.542
2.334,1.553
0.841,2.975
-0.423,2.281
-0.924,1.426
-1.402,2.277
-2.395,2.281
-2.575,2.277
-2.713,3.013
2.37,3.693
2.123,2.994
-1.846,1.005
2.431,0.783
1.657,2.429
-1.797,-0.218
-2.905,0.346
2.267,0.383
-2.261,-0.384
-2.234,0.232
-0.521,-0.212
-0.494,-0.093
-0.526,-0.374
-0.627,-0.24
-0.647,-0.239
-1.949,-0.055
-2.867,-0.239
2.828,0.017
2.585,-0.366
2.381,-0.087
2.168,-0.21
2.15,-0.038
1.931,0.057
1.948,-0.101
1.868,-0.074
1.724,4.339
1.5,4.283
1.151,4.298
1.243,4.387
0.911,4.239
0.799,4.346
0.758,4.374
0.668,4.026
-0.298,4.163
-0.584,4.312
-0.626,4.415
-0.816,4.11
-1.224,4.256
-1.112,4.128
-1.672,4.411
-2.582,4.155
-3.115,4.283
2.43,4.435
2.309,4.09
2.185,4.349
0.863,3.204
0.74,1.603
-0.321,3.263
-2.08,2.241
-2.465,1.573
2.437,1.584
0.944,3.006
-0.32,2.312
-0.821,1.457
-1.299,2.308
-2.292,2.312
-2.472,2.308
-2.61,3.044
2.473,3.724
2.226,3.025
-1.743,1.036
2.534,0.814
1.76,2.46
-1.694,-0.187
-2.802,0.377
2.37,0.414
-2.158,-0.353
-2.131,0.263
0.027,0.119
-0.005,-0.162
-0.106,-0.028
-0.126,-0.027
-1.428,0.157
-2.346,-0.027
-2.934,0.229
3.106,-0.154
2.902,0.125
2.689,0.002
2.671,0.174
2.452,0.269
2.469,0.111
2.389,0.138
2.245,4.551
2.021,4.495
1.672,4.51
1.764,4.599
1.432,4.451
1.32,4.558
1.279,4.586
1.189,4.238
0.223,4.375
-0.063,4.524
-0.105,4.627
-0.295,4.322
-0.703,4.468
-0.591,4.34
-1.151,4.623
-2.061,4.367
-2.594,4.495
2.951,4.647
2.83,4.302
2.706,4.561
1.384,3.416
1.261,1.815
0.2,3.475
-1.559,2.453
-1.944,1.785
2.958,1.796
1.465,3.218
0.201,2.524
-0.3,1.669
-0.778,2.52
-1.771,2.524
-1.951,2.52
-2.089,3.256
2.994,3.936
2.747,3.237
-1.222,1.248
3.055,1.026
2.281,2.672
-1.173,0.025
-2.281,0.589
2.891,0.626
-1.637,-0.141
-1.61,0.475
-0.032,-0.281
-0.133,-0.147
-0.153,-0.146
-1.455,0.038
-2.373,-0.146
-2.961,0.11
3.079,-0.273
2.875,0.006
2.662,-0.117
2.644,0.055
2.425,0.15
2.442,-0.008
2.362,0.019
2.218,4.432
1.994,4.376
1.645,4.391
1.737,4.48
1.405,4.332
1.293,4.439
1.252,4.467
1.162,4.119
0.196,4.256
-0.09,4.405
-0.132,4.508
-0.322,4.203
-0.73,4.349
-0.618,4.221
-1.178,4.504
-2.088,4.248
-2.621,4.376
2.924,4.528
2.803,4.183
2.679,4.442
1.357,3.297
1.234,1.696
0.173,3.356
-1.586,2.334
-1.971,1.666
2.931,1.677
1.438,3.099
0.174,2.405
-0.327,1.55
-0.805,2.401
-1.798,2.405
-1.978,2.401
-2.116,3.137
2.967,3.817
2.72,3.118
-1.249,1.129
3.028,0.907
2.254,2.553
-1.2,-0.094
-2.308,0.47
2.864,0.507
-1.664,-0.26
-1.637,0.356
-0.101,0.134
-0.121,0.135
-1.423,0.319
-2.341,0.135
-2.929,0.391
3.111,0.008
2.907,0.287
2.694,0.164
2.676,0.336
2.457,0.431
2.474,0.273
2.394,0.3
2.25,4.713
2.026,4.657
1.677,4.672
1.769,4.761
1.437,4.613
1.325,4.72
1.284,4.748
1.194,4.4
0.228,4.537
-0.058,4.686
-0.1,4.789
-0.29,4.484
-0.698,4.63
-0.586,4.502
-1.146,4.785
-2.056,4.529
-2.589,4.657
2.956,4.809
2.835,4.464
2.711,4.723
1.389,3.578
1.266,1.977
0.205,3.637
-1.554,2.615
-1.939,1.947
2.963,1.958
1.47,3.38
0.206,2.686
-0.295,1.831
-0.773,2.682
-1.766,2.686
-1.946,2.682
-2.084,3.418
2.999,4.098
2.752,3.399
-1.217,1.41
3.06,1.188
2.286,2.834
-1.168,0.187
-2.276,0.751
2.896,0.788
-1.632,0.021
-1.605,0.637
-0.02,0.001
-1.322,0.185
-2.24,0.001
-2.828,0.257
-3.071,-0.126
3.008,0.153
2.795,0.03
2.777,0.202
2.558,0.297
2.575,0.139
2.495,0.166
2.351,4.579
2.127,4.523
1.778,4.538
1.87,4.627
1.538,4.479
1.426,4.586
1.385,4.614
1.295,4.266
0.329,4.403
0.043,4.552
0.001,4.655
-0.189,4.35
-0.597,4.496
-0.485,4.368
-1.045,4.651
-1.955,4.395
-2.488,4.523
3.057,4.675
2.936,4.33
2.812,4.589
1.49,3.444
1.367,1.843
0.306,3.503
-1.453,2.481
-1.838,1.813
3.064,1.824
1.571,3.246
0.307,2.552
-0.194,1.697
-0.672,2.548
-1.665,2.552
-1.845,2.548
-1.983,3.284
3.1,3.964
2.853,3.265
-1.116,1.276
-3.122,1.054
2.387,2.7
-1.067,0.053
-2.175,0.617
2.997,0.654
-1.531,-0.113
-1.504,0.503
-1.302,0.184
-2.22,0.0
-2.808,0.256
-3.051,-0.127
3.028,0.152
2.815,0.029
2.797,0.201
2.578,0.296
2.595,0.138
2.515,0.165
2.371,4.578
2.147,4.522
1.798,4.537
1.89,4.626
1.558,4.478
1.446,4.585
1.405,4.613
1.315,4.265
0.349,4.402
0.063,4.551
0.021,4.654
-0.169,4.349
-0.577,4.495
-0.465,4.367
-1.025,4.65
-1.935,4.394
-2.468,4.522
3.077,4.674
2.956,4.329
2.832,4.588
1.51,3.443
1.387,1.842
0.326,3.502
-1.433,2.48
-1.818,1.812
3.084,1.823
1.591,3.245
0.327,2.551
-0.174,1.696
-0.652,2.547
-1.645,2.551
-1.825,2.547
-1.963,3.283
3.12,3.963
2.873,3.264
-1.096,1.275
-3.102,1.053
2.407,2.699
-1.047,0.052
-2.155,0.616
3.017,0.653
-1.511,-0.114
-1.484,0.502
-0.918,-0.184
-1.506,0.072
-1.749,-0.311
-1.953,-0.032
-2.166,-0.155
-2.184,0.017
-2.403,0.112
-2.386,-0.046
-2.466,-0.019
-2.61,4.394
-2.834,4.338
3.1,4.353
-3.091,4.442
2.86,4.294
2.748,4.401
2.707,4.429
2.617,4.081
1.651,4.218
1.365,4.367
1.323,4.47
1.133,4.165
0.725,4.311
0.837,4.183
0.277,4.466
-0.633,4.21
-1.166,4.338
-1.904,4.49
-2.025,4.145
-2.149,4.404
2.812,3.259
2.689,1.658
1.628,3.318
-0.131,2.296
-0.516,1.628
-1.897,1.639
2.893,3.061
1.629,2.367
1.128,1.512
0.65,2.363
-0.343,2.367
-0.523,2.363
-0.661,3.099
-1.861,3.779
-2.108,3.08
0.206,1.091
-1.8,0.869
-2.574,2.515
0.255,-0.132
-0.853,0.432
-1.964,0.469
-0.209,-0.298
-0.182,0.318
-0.588,0.256
-0.831,-0.127
-1.035,0.152
-1.248,0.029
-1.266,0.201
-1.485,0.296
-1.468,0.138
-1.548,0.165
-1.692,4.578
-1.916,4.522
-2.265,4.537
-2.173,4.626
-2.505,4.478
-2.617,4.585
-2.658,4.613
-2.748,4.265
2.569,4.402
2.283,4.551
2.241,4.654
2.051,4.349
1.643,4.495
1.755,4.367
1.195,4.65
0.285,4.394
-0.248,4.522
-0.986,4.674
-1.107,4.329
-1.231,4.588
-2.553,3.443
-2.676,1.842
2.546,3.502
0.787,2.48
0.402,1.812
-0.979,1.823
-2.472,3.245
2.547,2.551
2.046,1.696
1.568,2.547
0.575,2.551
0.395,2.547
0.257,3.283
-0.943,3.963
-1.19,3.264
1.124,1.275
-0.882,1.053
-1.656,2.699
1.173,0.052
0.065,0.616
-1.046,0.653
0.709,-0.114
0.736,0.502
-0.243,-0.383
-0.447,-0.104
-0.66,-0.227
-0.678,-0.055
-0.897,0.04
-0.88,-0.118
-0.96,-0.091
-1.104,4.322
-1.328,4.266
-1.677,4.281
-1.585,4.37
-1.917,4.222
-2.029,4.329
-2.07,4.357
-2.16,4.009
-3.126,4.146
2.871,4.295
2.829,4.398
2.639,4.093
2.231,4.239
2.343,4.111
1.783,4.394
0.873,4.138
0.34,4.266
-0.398,4.418
-0.519,4.073
-0.643,4.332
-1.965,3.187
-2.088,1.586
3.134,3.246
1.375,2.224
0.99,1.556
-0.391,1.567
-1.884,2.989
3.135,2.295
2.634,1.44
2.156,2.291
1.163,2.295
0.983,2.291
0.845,3.027
-0.355,3.707
-0.602,3.008
1.712,1.019
-0.294,0.797
-1.068,2.443
1.761,-0.204
0.653,0.36
-0.458,0.397
1.297,-0.37
1.324,0.246
-0.204,0.279
-0.417,0.156
-0.435,0.328
-0.654,0.423
-0.637,0.265
-0.717,0.292
-0.861,4.705
-1.085,4.649
-1.434,4.664
-1.342,4.753
-1.674,4.605
-1.786,4.712
-1.827,4.74
-1.917,4.392
-2.883,4.529
3.114,4.678
3.072,4.781
2.882,4.476
2.474,4.622
2.586,4.494
2.026,4.777
1.116,4.521
0.583,4.649
-0.155,4.801
-0.276,4.456
-0.4,4.715
-1.722,3.57
-1.845,1.969
-2.906,3.629
1.618,2.607
1.233,1.939
-0.148,1.95
-1.641,3.372
-2.905,2.678
2.877,1.823
2.399,2.674
1.406,2.678
1.226,2.674
1.088,3.41
-0.112,4.09
-0.359,3.391
1.955,1.402
-0.051,1.18
-0.825,2.826
2.004,0.179
0.896,0.743
-0.215,0.78
1.54,0.013
1.567,0.629
-0.213,-0.123
-0.231,0.049
-0.45,0.144
-0.433,-0.014
-0.513,0.013
-0.657,4.426
-0.881,4.37
-1.23,4.385
-1.138,4.474
-1.47,4.326
-1.582,4.433
-1.623,4.461
-1.713,4.113
-2.679,4.25
-2.965,4.399
-3.007,4.502
3.086,4.197
2.678,4.343
2.79,4.215
2.23,4.498
1.32,4.242
0.787,4.37
0.049,4.522
-0.072,4.177
-0.196,4.436
-1.518,3.291
-1.641,1.69
-2.702,3.35
1.822,2.328
1.437,1.66
0.056,1.671
-1.437,3.093
-2.701,2.399
3.081,1.544
2.603,2.395
1.61,2.399
1.43,2.395
1.292,3.131
0.092,3.811
-0.155,3.112
2.159,1.123
0.153,0.901
-0.621,2.547
2.208,-0.1
1.1,0.464
-0.011,0.501
1.744,-0.266
1.771,0.35
-0.018,0.172
-0.237,0.267
-0.22,0.109
-0.3,0.136
-0.444,4.549
-0.668,4.493
-1.017,4.508
-0.925,4.597
-1.257,4.449
-1.369,4.556
-1.41,4.584
-1.5,4.236
-2.466,4.373
-2.752,4.522
-2.794,4.625
-2.984,4.32
2.891,4.466
3.003,4.338
2.443,4.621
1.533,4.365
1.0,4.493
0.262,4.645
0.141,4.3
0.017,4.559
-1.305,3.414
-1.428,1.813
-2.489,3.473
2.035,2.451
1.65,1.783
0.269,1.794
-1.224,3.216
-2.488,2.522
-2.989,1.667
2.816,2.518
1.823,2.522
1.643,2.518
1.505,3.254
0.305,3.934
0.058,3.235
2.372,1.246
0.366,1.024
-0.408,2.67
2.421,0.023
1.313,0.587
0.202,0.624
1.957,-0.143
1.984,0.473
-0.219,0.095
-0.202,-0.063
-0.282,-0.036
-0.426,4.377
-0.65,4.321
-0.999,4.336
-0.907,4.425
-1.239,4.277
-1.351,4.384
-1.392,4.412
-1.482,4.064
-2.448,4.201
-2.734,4.35
-2.776,4.453
-2.966,4.148
2.909,4.294
3.021,4.166
2.461,4.449
1.551,4.193
1.018,4.321
0.28,4.473
0.159,4.128
0.035,4.387
-1.287,3.242
-1.41,1.641
-2.471,3.301
2.053,2.279
1.668,1.611
0.287,1.622
-1.206,3.044
-2.47,2.35
-2.971,1.495
2.834,2.346
1.841,2.35
1.661,2.346
1.523,3.082
0.323,3.762
0.076,3.063
2.39,1.074
0.384,0.852
-0.39,2.498
2.439,-0.149
1.331,0.415
0.22,0.452
1.975,-0.315
2.002,0.301
0.017,-0.158
-0.063,-0.131
-0.207,4.282
-0.431,4.226
-0.78,4.241
-0.688,4.33
-1.02,4.182
-1.132,4.289
-1.173,4.317
-1.263,3.969
-2.229,4.106
-2.515,4.255
-2.557,4.358
-2.747,4.053
3.128,4.199
-3.043,4.071
2.68,4.354
1.77,4.098
1.237,4.226
0.499,4.378
0.378,4.033
0.254,4.292
-1.068,3.147
-1.191,1.546
-2.252,3.206
2.272,2.184
1.887,1.516
0.506,1.527
-0.987,2.949
-2.251,2.255
-2.752,1.4
3.053,2.251
2.06,2.255
1.88,2.251
1.742,2.987
0.542,3.667
0.295,2.968
2.609,0.979
0.603,0.757
-0.171,2.403
2.658,-0.244
1.55,0.32
0.439,0.357
2.194,-0.41
2.221,0.206
-0.08,0.027
-0.224,4.44
-0.448,4.384
-0.797,4.399
-0.705,4.488
-1.037,4.34
-1.149,4.447
-1.19,4.475
-1.28,4.127
-2.246,4.264
-2.532,4.413
-2.574,4.516
-2.764,4.211
3.111,4.357
-3.06,4.229
2.663,4.512
1.753,4.256
1.22,4.384
0.482,4.536
0.361,4.191
0.237,4.45
-1.085,3.305
-1.208,1.704
-2.269,3.364
2.255,2.342
1.87,1.674
0.489,1.685
-1.004,3.107
-2.268,2.413
-2.769,1.558
3.036,2.409
2.043,2.413
1.863,2.409
1.725,3.145
0.525,3.825
0.278,3.126
2.592,1.137
0.586,0.915
-0.188,2.561
2.641,-0.086
1.533,0.478
0.422,0.515
2.177,-0.252
2.204,0.364
-0.144,4.413
-0.368,4.357
-0.717,4.372
-0.625,4.461
-0.957,4.313
-1.069,4.42
-1.11,4.448
-1.2,4.1
-2.166,4.237
-2.452,4.386
-2.494,4.489
-2.684,4.184
-3.092,4.33
-2.98,4.202
2.743,4.485
1.833,4.229
1.3,4.357
0.562,4.509
0.441,4.164
0.317,4.423
-1.005,3.278
-1.128,1.677
-2.189,3.337
2.335,2.315
1.95,1.647
0.569,1.658
-0.924,3.08
-2.188,2.386
-2.689,1.531
3.116,2.382
2.123,2.386
1.943,2.382
1.805,3.118
0.605,3.798
0.358,3.099
2.672,1.11
0.666,0.888
-0.108,2.534
2.721,-0.113
1.613,0.451
0.502,0.488
2.257,-0.279
2.284,0.337
-0.224,-0.056
-0.573,-0.041
-0.481,0.048
-0.813,-0.1
-0.925,0.007
-0.966,0.035
-1.056,-0.313
-2.022,-0.176
-2.308,-0.027
-2.35,0.076
-2.54,-0.229
-2.948,-0.083
-2.836,-0.211
2.887,0.072
1.977,-0.184
1.444,-0.056
0.706,0.096
0.585,-0.249
0.461,0.01
-0.861,-1.135
-0.984,-2.736
-2.045,-1.076
2.479,-2.098
2.094,-2.766
0.713,-2.755
-0.78,-1.333
-2.044,-2.027
-2.545,-2.882
-3.023,-2.031
2.267,-2.027
2.087,-2.031
1.949,-1.295
0.749,-0.615
0.502,-1.314
2.816,-3.303
0.81,-3.525
0.036,-1.879
2.865,-4.526
1.757,-3.962
0.646,-3.925
2.401,-4.692
2.428,-4.076
-0.349,0.015
-0.257,0.104
-0.589,-0.044
-0.701,0.063
-0.742,0.091
-0.832,-0.257
-1.798,-0.12
-2.084,0.029
-2.126,0.132
-2.316,-0.173
-2.724,-0.027
-2.612,-0.155
3.111,0.128
2.201,-0.128
1.668,0.0
0.93,0.152
0.809,-0.193
0.685,0.066
-0.637,-1.079
-0.76,-2.68
-1.821,-1.02
2.703,-2.042
2.318,-2.71
0.937,-2.699
-0.556,-1.277
-1.82,-1.971
-2.321,-2.826
-2.799,-1.975
2.491,-1.971
2.311,-1.975
2.173,-1.239
0.973,-0.559
0.726,-1.258
3.04,-3.247
1.034,-3.469
0.26,-1.823
3.089,-4.47
1.981,-3.906
0.87,-3.869
2.625,-4.636
2.652,-4.02
0.092,0.089
-0.24,-0.059
-0.352,0.048
-0.393,0.076
-0.483,-0.272
-1.449,-0.135
-1.735,0.014
-1.777,0.117
-1.967,-0.188
-2.375,-0.042
-2.263,-0.17
-2.823,0.113
2.55,-0.143
2.017,-0.015
1.279,0.137
1.158,-0.208
1.034,0.051
-0.288,-1.094
-0.411,-2.695
-1.472,-1.035
3.052,-2.057
2.667,-2.725
1.286,-2.714
-0.207,-1.292
-1.471,-1.986
-1.972,-2.841
-2.45,-1.99
2.84,-1.986
2.66,-1.99
2.522,-1.254
1.322,-0.574
1.075,-1.273
-2.894,-3.262
1.383,-3.484
0.609,-1.838
-2.845,-4.485
2.33,-3.921
1.219,-3.884
2.974,-4.651
3.001,-4.035
-0.332,-0.148
-0.444,-0.041
-0.485,-0.013
-0.575,-0.361
-1.541,-0.224
-1.827,-0.075
-1.869,0.028
-2.059,-0.277
-2.467,-0.131
-2.355,-0.259
-2.915,0.024
2.458,-0.232
1.925,-0.104
1.187,0.048
1.066,-0.297
0.942,-0.038
-0.38,-1.183
-0.503,-2.784
-1.564,-1.124
2.96,-2.146
2.575,-2.814
1.194,-2.803
-0.299,-1.381
-1.563,-2.075
-2.064,-2.93
-2.542,-2.079
2.748,-2.075
2.568,-2.079
2.43,-1.343
1.23,-0.663
0.983,-1.362
-2.986,-3.351
1.291,-3.573
0.517,-1.927
-2.937,-4.574
2.238,-4.01
1.127,-3.973
2.882,-4.74
2.909,-4.124
-0.112,0.107
-0.153,0.135
-0.243,-0.213
-1.209,-0.076
-1.495,0.073
-1.537,0.176
-1.727,-0.129
-2.135,0.017
-2.023,-0.111
-2.583,0.172
2.79,-0.084
2.257,0.044
1.519,0.196
1.398,-0.149
1.274,0.11
-0.048,-1.035
-0.171,-2.636
-1.232,-0.976
-2.991,-1.998
2.907,-2.666
1.526,-2.655
0.033,-1.233
-1.231,-1.927
-1.732,-2.782
-2.21,-1.931
3.08,-1.927
2.9,-1.931
2.762,-1.195
1.562,-0.515
1.315,-1.214
-2.654,-3.203
1.623,-3.425
0.849,-1.779
-2.605,-4.426
2.57,-3.862
1.459,-3.825
-3.069,-4.592
-3.042,-3.976
-0.041,0.028
-0.131,-0.32
-1.097,-0.183
-1.383,-0.034
-1.425,0.069
-1.615,-0.236
-2.023,-0.09
-1.911,-0.218
-2.471,0.065
2.902,-0.191
2.369,-0.063
1.631,0.089
1.51,-0.256
1.386,0.003
0.064,-1.142
-0.059,-2.743
-1.12,-1.083
-2.879,-2.105
3.019,-2.773
1.638,-2.762
0.145,-1.34
-1.119,-2.034
-1.62,-2.889
-2.098,-2.038
-3.091,-2.034
3.012,-2.038
2.874,-1.302
1.674,-0.622
1.427,-1.321
-2.542,-3.31
1.735,-3.532
0.961,-1.886
-2.493,-4.533
2.682,-3.969
1.571,-3.932
-2.957,-4.699
-2.93,-4.083
-0.09,-0.348
-1.056,-0.211
-1.342,-0.062
-1.384,0.041
-1.574,-0.264
-1.982,-0.118
-1.87,-0.246
-2.43,0.037
2.943,-0.219
2.41,-0.091
1.672,0.061
1.551,-0.284
1.427,-0.025
0.105,-1.17
-0.018,-2.771
-1.079,-1.111
-2.838,-2.133
3.06,-2.801
1.679,-2.79
0.186,-1.368
-1.078,-2.062
-1.579,-2.917
-2.057,-2.066
-3.05,-2.062
3.053,-2.066
2.915,-1.33
1.715,-0.65
1.468,-1.349
-2.501,-3.338
1.776,-3.56
1.002,-1.914
-2.452,-4.561
2.723,-3.997
1.612,-3.96
-2.916,-4.727
-2.889,-4.111
-0.966,0.137
-1.252,0.286
-1.294,0.389
-1.484,0.084
-1.892,0.23
-1.78,0.102
-2.34,0.385
3.033,0.129
2.5,0.257
1.762,0.409
1.641,0.064
1.517,0.323
0.195,-0.822
0.072,-2.423
-0.989,-0.763
-2.748,-1.785
-3.133,-2.453
1.769,-2.442
0.276,-1.02
-0.988,-1.714
-1.489,-2.569
-1.967,-1.718
-2.96,-1.714
-3.14,-1.718
3.005,-0.982
1.805,-0.302
1.558,-1.001
-2.411,-2.99
1.866,-3.212
1.092,-1.566
-2.362,-4.213
2.813,-3.649
1.702,-3.612
-2.826,-4.379
-2.799,-3.763
-0.286,0.149
-0.328,0.252
-0.518,-0.053
-0.926,0.093
-0.814,-0.035
-1.374,0.248
-2.284,-0.008
-2.817,0.12
2.728,0.272
2.607,-0.073
2.483,0.186
1.161,-0.959
1.038,-2.56
-0.023,-0.9
-1.782,-1.922
-2.167,-2.59
2.735,-2.579
1.242,-1.157
-0.022,-1.851
-0.523,-2.706
-1.001,-1.855
-1.994,-1.851
-2.174,-1.855
-2.312,-1.119
2.771,-0.439
2.524,-1.138
-1.445,-3.127
2.832,-3.349
2.058,-1.703
-1.396,-4.35
-2.504,-3.786
2.668,-3.749
-1.86,-4.516
-1.833,-3.9
-0.042,0.103
-0.232,-0.202
-0.64,-0.056
-0.528,-0.184
-1.088,0.099
-1.998,-0.157
-2.531,-0.029
3.014,0.123
2.893,-0.222
2.769,0.037
1.447,-1.108
1.324,-2.709
0.263,-1.049
-1.496,-2.071
-1.881,-2.739
3.021,-2.728
1.528,-1.306
0.264,-2.0
-0.237,-2.855
-0.715,-2.004
-1.708,-2.0
-1.888,-2.004
-2.026,-1.268
3.057,-0.588
2.81,-1.287
-1.159,-3.276
3.118,-3.498
2.344,-1.852
-1.11,-4.499
-2.218,-3.935
2.954,-3.898
-1.574,-4.665
-1.547,-4.049
-0.19,-0.305
-0.598,-0.159
-0.486,-0.287
-1.046,-0.004
-1.956,-0.26
-2.489,-0.132
3.056,0.02
2.935,-0.325
2.811,-0.066
1.489,-1.211
1.366,-2.812
0.305,-1.152
-1.454,-2.174
-1.839,-2.842
3.063,-2.831
1.57,-1.409
0.306,-2.103
-0.195,-2.958
-0.673,-2.107
-1.666,-2.103
-1.846,-2.107
-1.984,-1.371
3.099,-0.691
2.852,-1.39
-1.117,-3.379
-3.123,-3.601
2.386,-1.955
-1.068,-4.602
-2.176,-4.038
2.996,-4.001
-1.532,-4.768
-1.505,-4.152
-0.408,0.146
-0.296,0.018
-0.856,0.301
-1.766,0.045
-2.299,0.173
-3.037,0.325
3.125,-0.02
3.001,0.239
1.679,-0.906
1.556,-2.507
0.495,-0.847
-1.264,-1.869
-1.649,-2.537
-3.03,-2.526
1.76,-1.104
0.496,-1.798
-0.005,-2.653
-0.483,-1.802
-1.476,-1.798
-1.656,-1.802
-1.794,-1.066
-2.994,-0.386
3.042,-1.085
-0.927,-3.074
-2.933,-3.296
2.576,-1.65
-0.878,-4.297
-1.986,-3.733
-3.097,-3.696
-1.342,-4.463
-1.315,-3.847
0.112,-0.128
-0.448,0.155
-1.358,-0.101
-1.891,0.027
-2.629,0.179
-2.75,-0.166
-2.874,0.093
2.087,-1.052
1.964,-2.653
0.903,-0.993
-0.856,-2.015
-1.241,-2.683
-2.622,-2.672
2.168,-1.25
0.904,-1.944
0.403,-2.799
-0.075,-1.948
-1.068,-1.944
-1.248,-1.948
-1.386,-1.212
-2.586,-0.532
-2.833,-1.231
-0.519,-3.22
-2.525,-3.442
2.984,-1.796
-0.47,-4.443
-1.578,-3.879
-2.689,-3.842
-0.934,-4.609
-0.907,-3.993
-0.56,0.283
-1.47,0.027
-2.003,0.155
-2.741,0.307
-2.862,-0.038
-2.986,0.221
1.975,-0.924
1.852,-2.525
0.791,-0.865
-0.968,-1.887
-1.353,-2.555
-2.734,-2.544
2.056,-1.122
0.792,-1.816
0.291,-2.671
-0.187,-1.82
-1.18,-1.816
-1.36,-1.82
-1.498,-1.084
-2.698,-0.404
-2.945,-1.103
-0.631,-3.092
-2.637,-3.314
2.872,-1.668
-0.582,-4.315
-1.69,-3.751
-2.801,-3.714
-1.046,-4.481
-1.019,-3.865
-0.91,-0.256
-1.443,-0.128
-2.181,0.024
-2.302,-0.321
-2.426,-0.062
2.535,-1.207
2.412,-2.808
1.351,-1.148
-0.408,-2.17
-0.793,-2.838
-2.174,-2.827
2.616,-1.405
1.352,-2.099
0.851,-2.954
0.373,-2.103
-0.62,-2.099
-0.8,-2.103
-0.938,-1.367
-2.138,-0.687
-2.385,-1.386
-0.071,-3.375
-2.077,-3.597
-2.851,-1.951
-0.022,-4.598
-1.13,-4.034
-2.241,-3.997
-0.486,-4.764
-0.459,-4.148
-0.533,0.128
-1.271,0.28
-1.392,-0.065
-1.516,0.194
-2.838,-0.951
-2.961,-2.552
2.261,-0.892
0.502,-1.914
0.117,-2.582
-1.264,-2.571
-2.757,-1.149
2.262,-1.843
1.761,-2.698
1.283,-1.847
0.29,-1.843
0.11,-1.847
-0.028,-1.111
-1.228,-0.431
-1.475,-1.13
0.839,-3.119
-1.167,-3.341
-1.941,-1.695
0.888,-4.342
-0.22,-3.778
-1.331,-3.741
0.424,-4.508
0.451,-3.892
-0.738,0.152
-0.859,-0.193
-0.983,0.066
-2.305,-1.079
-2.428,-2.68
2.794,-1.02
1.035,-2.042
0.65,-2.71
-0.731,-2.699
-2.224,-1.277
2.795,-1.971
2.294,-2.826
1.816,-1.975
0.823,-1.971
0.643,-1.975
0.505,-1.239
-0.695,-0.559
-0.942,-1.258
1.372,-3.247
-0.634,-3.469
-1.408,-1.823
1.421,-4.47
0.313,-3.906
-0.798,-3.869
0.957,-4.636
0.984,-4.02
-0.121,-0.345
-0.245,-0.086
-1.567,-1.231
-1.69,-2.832
-2.751,-1.172
1.773,-2.194
1.388,-2.862
0.007,-2.851
-1.486,-1.429
-2.75,-2.123
3.032,-2.978
2.554,-2.127
1.561,-2.123
1.381,-2.127
1.243,-1.391
0.043,-0.711
-0.204,-1.41
2.11,-3.399
0.104,-3.621
-0.67,-1.975
2.159,-4.622
1.051,-4.058
-0.06,-4.021
1.695,-4.788
1.722,-4.172
-0.124,0.259
-1.446,-0.886
-1.569,-2.487
-2.63,-0.827
1.894,-1.849
1.509,-2.517
0.128,-2.506
-1.365,-1.084
-2.629,-1.778
-3.13,-2.633
2.675,-1.782
1.682,-1.778
1.502,-1.782
1.364,-1.046
0.164,-0.366
-0.083,-1.065
2.231,-3.054
0.225,-3.276
-0.549,-1.63
2.28,-4.277
1.172,-3.713
0.061,-3.676
1.816,-4.443
1.843,-3.827
-1.322,-1.145
-1.445,-2.746
-2.506,-1.086
2.018,-2.108
1.633,-2.776
0.252,-2.765
-1.241,-1.343
-2.505,-2.037
-3.006,-2.892
2.799,-2.041
1.806,-2.037
1.626,-2.041
1.488,-1.305
0.288,-0.625
0.041,-1.324
2.355,-3.313
0.349,-3.535
-0.425,-1.889
2.404,-4.536
1.296,-3.972
0.185,-3.935
1.94,-4.702
1.967,-4.086
-0.123,-1.601
-1.184,0.059
-2.943,-0.963
2.955,-1.631
1.574,-1.62
0.081,-0.198
-1.183,-0.892
-1.684,-1.747
-2.162,-0.896
3.128,-0.892
2.948,-0.896
2.81,-0.16
1.61,0.52
1.363,-0.179
-2.606,-2.168
1.671,-2.39
0.897,-0.744
-2.557,-3.391
2.618,-2.827
1.507,-2.79
-3.021,-3.557
-2.994,-2.941
-1.061,1.66
-2.82,0.638
3.078,-0.03
1.697,-0.019
0.204,1.403
-1.06,0.709
-1.561,-0.146
-2.039,0.705
-3.032,0.709
3.071,0.705
2.933,1.441
1.733,2.121
1.486,1.422
-2.483,-0.567
1.794,-0.789
1.02,0.857
-2.434,-1.79
2.741,-1.226
1.63,-1.189
-2.898,-1.956
-2.871,-1.34
-1.759,-1.022
-2.144,-1.69
2.758,-1.679
1.265,-0.257
0.001,-0.951
-0.5,-1.806
-0.978,-0.955
-1.971,-0.951
-2.151,-0.955
-2.289,-0.219
2.794,0.461
2.547,-0.238
-1.422,-2.227
2.855,-2.449
2.081,-0.803
-1.373,-3.45
-2.481,-2.886
2.691,-2.849
-1.837,-3.616
-1.81,-3.0
-0.385,-0.668
-1.766,-0.657
3.024,0.765
1.76,0.071
1.259,-0.784
0.781,0.067
-0.212,0.071
-0.392,0.067
-0.53,0.803
-1.73,1.483
-1.977,0.784
0.337,-1.205
-1.669,-1.427
-2.443,0.219
0.386,-2.428
-0.722,-1.864
-1.833,-1.827
-0.078,-2.594
-0.051,-1.978
-1.381,0.011
-2.874,1.433
2.145,0.739
1.644,-0.116
1.166,0.735
0.173,0.739
-0.007,0.735
-0.145,1.471
-1.345,2.151
-1.592,1.452
0.722,-0.537
-1.284,-0.759
-2.058,0.887
0.771,-1.76
-0.337,-1.196
-1.448,-1.159
0.307,-1.926
0.334,-1.31
-1.493,1.422
-2.757,0.728
3.025,-0.127
2.547,0.724
1.554,0.728
1.374,0.724
1.236,1.46
0.036,2.14
-0.211,1.441
2.103,-0.548
0.097,-0.77
-0.677,0.876
2.152,-1.771
1.044,-1.207
-0.067,-1.17
1.688,-1.937
1.715,-1.321
-1.264,-0.694
-1.765,-1.549
-2.243,-0.698
3.047,-0.694
2.867,-0.698
2.729,0.038
1.529,0.718
1.282,0.019
-2.687,-1.97
1.59,-2.192
0.816,-0.546
-2.638,-3.193
2.537,-2.629
1.426,-2.592
-3.102,-3.359
-3.075,-2.743
-0.501,-0.855
-0.979,-0.004
-1.972,0.0
-2.152,-0.004
-2.29,0.732
2.793,1.412
2.546,0.713
-1.423,-1.276
2.854,-1.498
2.08,0.148
-1.374,-2.499
-2.482,-1.935
2.69,-1.898
-1.838,-2.665
-1.811,-2.049
-0.478,0.851
-1.471,0.855
-1.651,0.851
-1.789,1.587
-2.989,2.267
3.047,1.568
-0.922,-0.421
-2.928,-0.643
2.581,1.003
-0.873,-1.644
-1.981,-1.08
-3.092,-1.043
-1.337,-1.81
-1.31,-1.194
-0.993,0.004
-1.173,0.0
-1.311,0.736
-2.511,1.416
-2.758,0.717
-0.444,-1.272
-2.45,-1.494
3.059,0.152
-0.395,-2.495
-1.503,-1.931
-2.614,-1.894
-0.859,-2.661
-0.832,-2.045
-0.18,-0.004
-0.318,0.732
-1.518,1.412
-1.765,0.713
0.549,-1.276
-1.457,-1.498
-2.231,0.148
0.598,-2.499
-0.51,-1.935
-1.621,-1.898
0.134,-2.665
0.161,-2.049
-0.138,0.736
-1.338,1.416
-1.585,0.717
0.729,-1.272
-1.277,-1.494
-2.051,0.152
0.778,-2.495
-0.33,-1.931
-1.441,-1.894
0.314,-2.661
0.341,-2.045
-1.2,0.68
-1.447,-0.019
0.867,-2.008
-1.139,-2.23
-1.913,-0.584
0.916,-3.231
-0.192,-2.667
-1.303,-2.63
0.452,-3.397
0.479,-2.781
-0.247,-0.699
2.067,-2.688
0.061,-2.91
-0.713,-1.264
2.116,-3.911
1.008,-3.347
-0.103,-3.31
1.652,-4.077
1.679,-3.461
2.314,-1.989
0.308,-2.211
-0.466,-0.565
2.363,-3.212
1.255,-2.648
0.144,-2.611
1.899,-3.378
1.926,-2.762
-2.006,-0.222
-2.78,1.424
0.049,-1.223
-1.059,-0.659
-2.17,-0.622
-0.415,-1.389
-0.388,-0.773
-0.774,1.646
2.055,-1.001
0.947,-0.437
-0.164,-0.4
1.591,-1.167
1.618,-0.551
2.829,-2.647
1.721,-2.083
0.61,-2.046
2.365,-2.813
2.392,-2.197
-1.108,0.564
-2.219,0.601
-0.464,-0.166
-0.437,0.45
-1.111,0.037
0.644,-0.73
0.671,-0.114
1.755,-0.767
1.782,-0.151
0.027,0.616
