0.076,0.009
-0.083,0.671
-0.045,-0.546
-0.152,0.967
-0.083,0.581
-0.214,-1.771
-0.14,-1.621
-0.237,-2.453
-0.319,-1.528
-0.349,-1.039
-0.346,-1.547
-0.375,-0.231
-0.382,-1.267
-0.409,0.17
-0.485,-2.671
-0.574,-0.36
-0.641,-2.617
-0.639,0.993
-0.651,-2.198
-0.811,-2.536
-0.925,-1.499
-0.926,-1.675
-1.181,-0.921
-1.171,-0.598
-1.187,-2.327
-1.167,-2.64
-1.206,-2.658
-1.336,-1.105
-1.403,-1.178
-1.58,-1.538
-1.642,-0.094
-1.698,-0.687
-1.724,-0.039
-1.885,-1.578
-1.871,0.168
-2.063,-0.983
-2.068,-1.051
-2.095,0.669
-2.048,0.189
-2.05,0.92
-2.137,-0.187
-2.073,-0.794
-2.257,-1.95
-2.216,-0.518
-2.285,-0.431
-2.362,-0.473
-2.3,-2.211
-2.353,-2.388
-2.435,-0.809
-2.404,-0.134
-2.465,-1.665
-2.401,-2.47
-2.496,-1.598
-2.588,-2.398
-2.601,-2.201
-2.546,0.374
-2.621,-0.082
-2.628,1.005
-2.604,0.626
-2.681,-0.19
-2.687,-0.508
-2.67,-1.976
-2.695,1.167
-2.75,-2.12
-2.805,-1.647
-2.8,-2.483
-3.07,-1.418
-3.076,-2.682
-3.136,-2.643
3.059,-1.922
3.03,-1.327
3.016,1.262
3.058,-0.342
2.999,0.25
2.961,-1.47
2.863,-1.879
2.855,-2.034
2.873,0.626
2.856,-2.412
2.742,-1.871
2.806,-2.78
2.669,0.002
2.605,0.922
2.528,-1.491
2.362,-2.576
2.33,-0.76
2.238,1.224
2.241,-0.594
2.173,-2.231
2.146,-1.399
2.157,-0.602
2.089,-0.082
2.045,-1.27
1.909,-0.093
1.859,0.744
1.528,-2.187
1.394,-0.174
1.373,-1.799
1.425,0.193
1.388,-0.884
1.376,-2.415
1.185,0.311
1.141,-0.562
1.223,0.877
1.116,-2.221
1.079,0.82
1.119,-0.83
1.097,0.719
0.993,-0.741
0.917,-1.102
0.895,-1.162
0.85,-1.919
0.653,-2.773
0.639,-1.35
0.651,-1.724
0.594,-1.981
0.481,-2.034
0.508,-1.073
0.36,-1.537
0.401,-0.575
0.365,1.09
0.333,-1.736
0.256,0.977
0.244,0.688
0.13,-2.656
0.184,0.016
0.174,0.201
0.182,-0.327
0.09,0.182
0.083,1.132
0.056,-0.389
0.118,-0.488
0.101,-1.531
0.096,-2.597
-0.712,-3.061
-0.764,-2.792
-0.902,-3.062
-2.847,-3.026
2.511,-2.875
2.432,-3.049
2.356,-2.886
0.652,-3.003
0.579,-2.709
-0.431,1.514
-0.707,1.312
-1.326,1.38
-2.469,1.426
-2.546,1.684
-2.752,1.575
-3.038,1.425
3.01,1.732
2.9,1.63
2.507,1.408
1.871,1.779
1.802,1.731
1.111,1.482
0.988,1.784
0.548,1.515
0.619,1.404
-0.643,-2.003
-1.992,-0.539
-2.777,1.106
-2.819,-1.188
-2.964,-1.761
2.989,-1.662
2.656,1.041
1.036,-2.756
-0.55,-2.989
0.62,-2.89
-0.299,1.387
0.071,-2.238
-0.151,-2.579
-0.162,-0.519
-0.217,-0.944
-0.2,0.0
-0.451,-0.774
-0.286,-0.591
-0.44,-0.718
-0.51,-0.202
-0.433,-0.342
-0.49,-0.015
-0.664,-2.488
-0.712,-1.202
-0.792,-0.914
-0.989,-0.638
-0.865,-0.64
-1.069,-1.621
-1.189,-2.291
-1.27,0.053
-1.314,-1.233
-1.308,-2.011
-1.227,1.077
-1.253,-2.482
-1.421,-2.082
-1.565,-0.436
-1.575,-1.3
-1.606,1.072
-1.646,-0.998
-1.615,-1.158
-1.756,-2.538
-1.81,-1.169
-1.968,-0.155
-1.862,-0.644
-1.955,-0.189
-1.979,-1.32
-2.136,-2.679
-2.172,0.895
-2.122,0.306
-2.296,0.73
-2.151,0.316
-2.343,-0.834
-2.636,1.171
-2.653,0.123
-2.606,-1.184
-2.706,-0.04
-2.754,-1.509
-2.94,-2.229
-2.979,-0.15
-3.031,-1.823
-2.914,0.64
-3.128,0.429
3.118,-0.04
-3.057,1.12
-3.108,-2.753
3.1,0.752
2.965,-2.692
2.93,0.912
2.925,-2.599
2.886,-0.011
2.894,0.875
2.792,-1.011
2.857,-0.58
2.817,-1.169
2.662,-1.412
2.542,0.184
2.514,-1.323
2.443,0.248
2.138,1.22
2.141,-0.182
2.14,-1.734
1.931,-1.71
1.836,0.401
1.886,-1.418
1.841,-2.182
1.587,-1.237
1.459,-1.526
1.515,-1.197
1.274,-0.715
1.232,0.146
1.273,-0.989
1.19,-1.993
1.067,-0.528
1.045,-0.556
0.752,-1.524
0.709,-2.51
0.478,0.046
0.462,-0.621
0.326,-2.386
0.346,-0.781
0.22,0.998
0.081,-0.07
-0.059,-2.968
-0.654,-3.06
-1.362,-2.804
-2.294,-2.923
-2.496,-2.807
-2.544,-2.968
3.026,-2.975
1.461,-2.987
0.357,-2.904
0.223,-2.787
0.4,-2.905
-0.42,1.427
-0.441,1.676
-0.431,1.374
-0.915,1.609
-0.983,1.361
-1.839,1.343
-2.393,1.558
-2.61,1.324
-2.734,1.668
-2.924,1.33
2.565,1.666
2.28,1.45
1.137,1.584
0.32,1.285
0.037,0.983
-0.038,-0.891
1.894,-1.05
1.713,0.721
1.701,-0.383
0.798,-0.573
0.841,-0.713
0.426,0.33
-0.355,0.208
-1.74,-0.519
0.308,0.227
0.111,0.218
-2.844,1.257
0.643,1.067
-0.077,-2.558
-1.478,-2.567
2.043,1.394
-0.159,0.662
-0.121,-0.555
-0.228,0.958
-0.159,0.572
-0.29,-1.78
-0.216,-1.63
-0.313,-2.462
-0.395,-1.537
-0.425,-1.048
-0.422,-1.556
-0.451,-0.24
-0.458,-1.276
-0.485,0.161
-0.561,-2.68
-0.65,-0.369
-0.717,-2.626
-0.715,0.984
-0.727,-2.207
-0.887,-2.545
-1.001,-1.508
-1.002,-1.684
-1.257,-0.93
-1.247,-0.607
-1.263,-2.336
-1.243,-2.649
-1.282,-2.667
-1.412,-1.114
-1.479,-1.187
-1.656,-1.547
-1.718,-0.103
-1.774,-0.696
-1.8,-0.048
-1.961,-1.587
-1.947,0.159
-2.139,-0.992
-2.144,-1.06
-2.171,0.66
-2.124,0.18
-2.126,0.911
-2.213,-0.196
-2.149,-0.803
-2.333,-1.959
-2.292,-0.527
-2.361,-0.44
-2.438,-0.482
-2.376,-2.22
-2.429,-2.397
-2.511,-0.818
-2.48,-0.143
-2.541,-1.674
-2.477,-2.479
-2.572,-1.607
-2.664,-2.407
-2.677,-2.21
-2.622,0.365
-2.697,-0.091
-2.704,0.996
-2.68,0.617
-2.757,-0.199
-2.763,-0.517
-2.746,-1.985
-2.771,1.158
-2.826,-2.129
-2.881,-1.656
-2.876,-2.492
3.137,-1.427
3.131,-2.691
3.071,-2.652
2.983,-1.931
2.954,-1.336
2.94,1.253
2.982,-0.351
2.923,0.241
2.885,-1.479
2.787,-1.888
2.779,-2.043
2.797,0.617
2.78,-2.421
2.666,-1.88
2.73,-2.789
2.593,-0.007
2.529,0.913
2.452,-1.5
2.286,-2.585
2.254,-0.769
2.162,1.215
2.165,-0.603
2.097,-2.24
2.07,-1.408
2.081,-0.611
2.013,-0.091
1.969,-1.279
1.833,-0.102
1.783,0.735
1.452,-2.196
1.318,-0.183
1.297,-1.808
1.349,0.184
1.312,-0.893
1.3,-2.424
1.109,0.302
1.065,-0.571
1.147,0.868
1.04,-2.23
1.003,0.811
1.043,-0.839
1.021,0.71
0.917,-0.75
0.841,-1.111
0.819,-1.171
0.774,-1.928
0.577,-2.782
0.563,-1.359
0.575,-1.733
0.518,-1.99
0.405,-2.043
0.432,-1.082
0.284,-1.546
0.325,-0.584
0.289,1.081
0.257,-1.745
0.18,0.968
0.168,0.679
0.054,-2.665
0.108,0.007
0.098,0.192
0.106,-0.336
0.014,0.173
0.007,1.123
-0.02,-0.398
0.042,-0.497
0.025,-1.54
0.02,-2.606
-0.788,-3.07
-0.84,-2.801
-0.978,-3.071
-2.923,-3.035
2.435,-2.884
2.356,-3.058
2.28,-2.895
0.576,-3.012
0.503,-2.718
-0.507,1.505
-0.783,1.303
-1.402,1.371
-2.545,1.417
-2.622,1.675
-2.828,1.566
-3.114,1.416
2.934,1.723
2.824,1.621
2.431,1.399
1.795,1.77
1.726,1.722
1.035,1.473
0.912,1.775
0.472,1.506
0.543,1.395
-0.719,-2.012
-2.068,-0.548
-2.853,1.097
-2.895,-1.197
-3.04,-1.77
2.913,-1.671
2.58,1.032
0.96,-2.765
-0.626,-2.998
0.544,-2.899
-0.375,1.378
-0.005,-2.247
-0.227,-2.588
-0.238,-0.528
-0.293,-0.953
-0.276,-0.009
-0.527,-0.783
-0.362,-0.6
-0.516,-0.727
-0.586,-0.211
-0.509,-0.351
-0.566,-0.024
-0.74,-2.497
-0.788,-1.211
-0.868,-0.923
-1.065,-0.647
-0.941,-0.649
-1.145,-1.63
-1.265,-2.3
-1.346,0.044
-1.39,-1.242
-1.384,-2.02
-1.303,1.068
-1.329,-2.491
-1.497,-2.091
-1.641,-0.445
-1.651,-1.309
-1.682,1.063
-1.722,-1.007
-1.691,-1.167
-1.832,-2.547
-1.886,-1.178
-2.044,-0.164
-1.938,-0.653
-2.031,-0.198
-2.055,-1.329
-2.212,-2.688
-2.248,0.886
-2.198,0.297
-2.372,0.721
-2.227,0.307
-2.419,-0.843
-2.712,1.162
-2.729,0.114
-2.682,-1.193
-2.782,-0.049
-2.83,-1.518
-3.016,-2.238
-3.055,-0.159
-3.107,-1.832
-2.99,0.631
3.079,0.42
3.042,-0.049
-3.133,1.111
3.099,-2.762
3.024,0.743
2.889,-2.701
2.854,0.903
2.849,-2.608
2.81,-0.02
2.818,0.866
2.716,-1.02
2.781,-0.589
2.741,-1.178
2.586,-1.421
2.466,0.175
2.438,-1.332
2.367,0.239
2.062,1.211
2.065,-0.191
2.064,-1.743
1.855,-1.719
1.76,0.392
1.81,-1.427
1.765,-2.191
1.511,-1.246
1.383,-1.535
1.439,-1.206
1.198,-0.724
1.156,0.137
1.197,-0.998
1.114,-2.002
0.991,-0.537
0.969,-0.565
0.676,-1.533
0.633,-2.519
0.402,0.037
0.386,-0.63
0.25,-2.395
0.27,-0.79
0.144,0.989
0.005,-0.079
-0.135,-2.977
-0.73,-3.069
-1.438,-2.813
-2.37,-2.932
-2.572,-2.816
-2.62,-2.977
2.95,-2.984
1.385,-2.996
0.281,-2.913
0.147,-2.796
0.324,-2.914
-0.496,1.418
-0.517,1.667
-0.507,1.365
-0.991,1.6
-1.059,1.352
-1.915,1.334
-2.469,1.549
-2.686,1.315
-2.81,1.659
-3.0,1.321
2.489,1.657
2.204,1.441
1.061,1.575
0.244,1.276
-0.039,0.974
-0.114,-0.9
1.818,-1.059
1.637,0.712
1.625,-0.392
0.722,-0.582
0.765,-0.722
0.35,0.321
-0.431,0.199
-1.816,-0.528
0.232,0.218
0.035,0.209
-2.92,1.248
0.567,1.058
-0.153,-2.567
-1.554,-2.576
1.967,1.385
0.038,-1.217
-0.069,0.296
0.0,-0.09
-0.131,-2.442
-0.057,-2.292
-0.154,-3.124
-0.236,-2.199
-0.266,-1.71
-0.263,-2.218
-0.292,-0.902
-0.299,-1.938
-0.326,-0.501
-0.402,-3.342
-0.491,-1.031
-0.558,-3.288
-0.556,0.322
-0.568,-2.869
-0.728,-3.207
-0.842,-2.17
-0.843,-2.346
-1.098,-1.592
-1.088,-1.269
-1.104,-2.998
-1.084,-3.311
-1.123,-3.329
-1.253,-1.776
-1.32,-1.849
-1.497,-2.209
-1.559,-0.765
-1.615,-1.358
-1.641,-0.71
-1.802,-2.249
-1.788,-0.503
-1.98,-1.654
-1.985,-1.722
-2.012,-0.002
-1.965,-0.482
-1.967,0.249
-2.054,-0.858
-1.99,-1.465
-2.174,-2.621
-2.133,-1.189
-2.202,-1.102
-2.279,-1.144
-2.217,-2.882
-2.27,-3.059
-2.352,-1.48
-2.321,-0.805
-2.382,-2.336
-2.318,-3.141
-2.413,-2.269
-2.505,-3.069
-2.518,-2.872
-2.463,-0.297
-2.538,-0.753
-2.545,0.334
-2.521,-0.045
-2.598,-0.861
-2.604,-1.179
-2.587,-2.647
-2.612,0.496
-2.667,-2.791
-2.722,-2.318
-2.717,-3.154
-2.987,-2.089
-2.993,-3.353
-3.053,-3.314
-3.141,-2.593
3.113,-1.998
3.099,0.591
3.141,-1.013
3.082,-0.421
3.044,-2.141
2.946,-2.55
2.938,-2.705
2.956,-0.045
2.939,-3.083
2.825,-2.542
2.889,-3.451
2.752,-0.669
2.688,0.251
2.611,-2.162
2.445,-3.247
2.413,-1.431
2.321,0.553
2.324,-1.265
2.256,-2.902
2.229,-2.07
2.24,-1.273
2.172,-0.753
2.128,-1.941
1.992,-0.764
1.942,0.073
1.611,-2.858
1.477,-0.845
1.456,-2.47
1.508,-0.478
1.471,-1.555
1.459,-3.086
1.268,-0.36
1.224,-1.233
1.306,0.206
1.199,-2.892
1.162,0.149
1.202,-1.501
1.18,0.048
1.076,-1.412
1.0,-1.773
0.978,-1.833
0.933,-2.59
0.736,-3.444
0.722,-2.021
0.734,-2.395
0.677,-2.652
0.564,-2.705
0.591,-1.744
0.443,-2.208
0.484,-1.246
0.448,0.419
0.416,-2.407
0.339,0.306
0.327,0.017
0.213,-3.327
0.267,-0.655
0.257,-0.47
0.265,-0.998
0.173,-0.489
0.166,0.461
0.139,-1.06
0.201,-1.159
0.184,-2.202
0.179,-3.268
-0.629,-3.732
-0.681,-3.463
-0.819,-3.733
-2.764,-3.697
2.594,-3.546
2.515,-3.72
2.439,-3.557
0.735,-3.674
0.662,-3.38
-0.348,0.843
-0.624,0.641
-1.243,0.709
-2.386,0.755
-2.463,1.013
-2.669,0.904
-2.955,0.754
3.093,1.061
2.983,0.959
2.59,0.737
1.954,1.108
1.885,1.06
1.194,0.811
1.071,1.113
0.631,0.844
0.702,0.733
-0.56,-2.674
-1.909,-1.21
-2.694,0.435
-2.736,-1.859
-2.881,-2.432
3.072,-2.333
2.739,0.37
1.119,-3.427
-0.467,-3.66
0.703,-3.561
-0.216,0.716
0.154,-2.909
-0.068,-3.25
-0.079,-1.19
-0.134,-1.615
-0.117,-0.671
-0.368,-1.445
-0.203,-1.262
-0.357,-1.389
-0.427,-0.873
-0.35,-1.013
-0.407,-0.686
-0.581,-3.159
-0.629,-1.873
-0.709,-1.585
-0.906,-1.309
-0.782,-1.311
-0.986,-2.292
-1.106,-2.962
-1.187,-0.618
-1.231,-1.904
-1.225,-2.682
-1.144,0.406
-1.17,-3.153
-1.338,-2.753
-1.482,-1.107
-1.492,-1.971
-1.523,0.401
-1.563,-1.669
-1.532,-1.829
-1.673,-3.209
-1.727,-1.84
-1.885,-0.826
-1.779,-1.315
-1.872,-0.86
-1.896,-1.991
-2.053,-3.35
-2.089,0.224
-2.039,-0.365
-2.213,0.059
-2.068,-0.355
-2.26,-1.505
-2.553,0.5
-2.57,-0.548
-2.523,-1.855
-2.623,-0.711
-2.671,-2.18
-2.857,-2.9
-2.896,-0.821
-2.948,-2.494
-2.831,-0.031
-3.045,-0.242
-3.082,-0.711
-2.974,0.449
-3.025,-3.424
-3.1,0.081
3.048,-3.363
3.013,0.241
3.008,-3.27
2.969,-0.682
2.977,0.204
2.875,-1.682
2.94,-1.251
2.9,-1.84
2.745,-2.083
2.625,-0.487
2.597,-1.994
2.526,-0.423
2.221,0.549
2.224,-0.853
2.223,-2.405
2.014,-2.381
1.919,-0.27
1.969,-2.089
1.924,-2.853
1.67,-1.908
1.542,-2.197
1.598,-1.868
1.357,-1.386
1.315,-0.525
1.356,-1.66
1.273,-2.664
1.15,-1.199
1.128,-1.227
0.835,-2.195
0.792,-3.181
0.561,-0.625
0.545,-1.292
0.409,-3.057
0.429,-1.452
0.303,0.327
0.164,-0.741
0.024,-3.639
-0.571,-3.731
-1.279,-3.475
-2.211,-3.594
-2.413,-3.478
-2.461,-3.639
3.109,-3.646
1.544,-3.658
0.44,-3.575
0.306,-3.458
0.483,-3.576
-0.337,0.756
-0.358,1.005
-0.348,0.703
-0.832,0.938
-0.9,0.69
-1.756,0.672
-2.31,0.887
-2.527,0.653
-2.651,0.997
-2.841,0.659
2.648,0.995
2.363,0.779
1.22,0.913
0.403,0.614
0.12,0.312
0.045,-1.562
1.977,-1.721
1.796,0.05
1.784,-1.054
0.881,-1.244
0.924,-1.384
0.509,-0.341
-0.272,-0.463
-1.657,-1.19
0.391,-0.444
0.194,-0.453
-2.761,0.586
0.726,0.396
0.006,-3.229
-1.395,-3.238
2.126,0.723
-0.107,1.513
-0.038,1.127
-0.169,-1.225
-0.095,-1.075
-0.192,-1.907
-0.274,-0.982
-0.304,-0.493
-0.301,-1.001
-0.33,0.315
-0.337,-0.721
-0.364,0.716
-0.44,-2.125
-0.529,0.186
-0.596,-2.071
-0.594,1.539
-0.606,-1.652
-0.766,-1.99
-0.88,-0.953
-0.881,-1.129
-1.136,-0.375
-1.126,-0.052
-1.142,-1.781
-1.122,-2.094
-1.161,-2.112
-1.291,-0.559
-1.358,-0.632
-1.535,-0.992
-1.597,0.452
-1.653,-0.141
-1.679,0.507
-1.84,-1.032
-1.826,0.714
-2.018,-0.437
-2.023,-0.505
-2.05,1.215
-2.003,0.735
-2.005,1.466
-2.092,0.359
-2.028,-0.248
-2.212,-1.404
-2.171,0.028
-2.24,0.115
-2.317,0.073
-2.255,-1.665
-2.308,-1.842
-2.39,-0.263
-2.359,0.412
-2.42,-1.119
-2.356,-1.924
-2.451,-1.052
-2.543,-1.852
-2.556,-1.655
-2.501,0.92
-2.576,0.464
-2.583,1.551
-2.559,1.172
-2.636,0.356
-2.642,0.038
-2.625,-1.43
-2.65,1.713
-2.705,-1.574
-2.76,-1.101
-2.755,-1.937
-3.025,-0.872
-3.031,-2.136
-3.091,-2.097
3.104,-1.376
3.075,-0.781
3.061,1.808
3.103,0.204
3.044,0.796
3.006,-0.924
2.908,-1.333
2.9,-1.488
2.918,1.172
2.901,-1.866
2.787,-1.325
2.851,-2.234
2.714,0.548
2.65,1.468
2.573,-0.945
2.407,-2.03
2.375,-0.214
2.283,1.77
2.286,-0.048
2.218,-1.685
2.191,-0.853
2.202,-0.056
2.134,0.464
2.09,-0.724
1.954,0.453
1.904,1.29
1.573,-1.641
1.439,0.372
1.418,-1.253
1.47,0.739
1.433,-0.338
1.421,-1.869
1.23,0.857
1.186,-0.016
1.268,1.423
1.161,-1.675
1.124,1.366
1.164,-0.284
1.142,1.265
1.038,-0.195
0.962,-0.556
0.94,-0.616
0.895,-1.373
0.698,-2.227
0.684,-0.804
0.696,-1.178
0.639,-1.435
0.526,-1.488
0.553,-0.527
0.405,-0.991
0.446,-0.029
0.41,1.636
0.378,-1.19
0.301,1.523
0.289,1.234
0.175,-2.11
0.229,0.562
0.219,0.747
0.227,0.219
0.135,0.728
0.128,1.678
0.101,0.157
0.163,0.058
0.146,-0.985
0.141,-2.051
-0.667,-2.515
-0.719,-2.246
-0.857,-2.516
-2.802,-2.48
2.556,-2.329
2.477,-2.503
2.401,-2.34
0.697,-2.457
0.624,-2.163
-0.386,2.06
-0.662,1.858
-1.281,1.926
-2.424,1.972
-2.501,2.23
-2.707,2.121
-2.993,1.971
3.055,2.278
2.945,2.176
2.552,1.954
1.916,2.325
1.847,2.277
1.156,2.028
1.033,2.33
0.593,2.061
0.664,1.95
-0.598,-1.457
-1.947,0.007
-2.732,1.652
-2.774,-0.642
-2.919,-1.215
3.034,-1.116
2.701,1.587
1.081,-2.21
-0.505,-2.443
0.665,-2.344
-0.254,1.933
0.116,-1.692
-0.106,-2.033
-0.117,0.027
-0.172,-0.398
-0.155,0.546
-0.406,-0.228
-0.241,-0.045
-0.395,-0.172
-0.465,0.344
-0.388,0.204
-0.445,0.531
-0.619,-1.942
-0.667,-0.656
-0.747,-0.368
-0.944,-0.092
-0.82,-0.094
-1.024,-1.075
-1.144,-1.745
-1.225,0.599
-1.269,-0.687
-1.263,-1.465
-1.182,1.623
-1.208,-1.936
-1.376,-1.536
-1.52,0.11
-1.53,-0.754
-1.561,1.618
-1.601,-0.452
-1.57,-0.612
-1.711,-1.992
-1.765,-0.623
-1.923,0.391
-1.817,-0.098
-1.91,0.357
-1.934,-0.774
-2.091,-2.133
-2.127,1.441
-2.077,0.852
-2.251,1.276
-2.106,0.862
-2.298,-0.288
-2.591,1.717
-2.608,0.669
-2.561,-0.638
-2.661,0.506
-2.709,-0.963
-2.895,-1.683
-2.934,0.396
-2.986,-1.277
-2.869,1.186
-3.083,0.975
-3.12,0.506
-3.012,1.666
-3.063,-2.207
-3.138,1.298
3.01,-2.146
2.975,1.458
2.97,-2.053
2.931,0.535
2.939,1.421
2.837,-0.465
2.902,-0.034
2.862,-0.623
2.707,-0.866
2.587,0.73
2.559,-0.777
2.488,0.794
2.183,1.766
2.186,0.364
2.185,-1.188
1.976,-1.164
1.881,0.947
1.931,-0.872
1.886,-1.636
1.632,-0.691
1.504,-0.98
1.56,-0.651
1.319,-0.169
1.277,0.692
1.318,-0.443
1.235,-1.447
1.112,0.018
1.09,-0.01
0.797,-0.978
0.754,-1.964
0.523,0.592
0.507,-0.075
0.371,-1.84
0.391,-0.235
0.265,1.544
0.126,0.476
-0.014,-2.422
-0.609,-2.514
-1.317,-2.258
-2.249,-2.377
-2.451,-2.261
-2.499,-2.422
3.071,-2.429
1.506,-2.441
0.402,-2.358
0.268,-2.241
0.445,-2.359
-0.375,1.973
-0.396,2.222
-0.386,1.92
-0.87,2.155
-0.938,1.907
-1.794,1.889
-2.348,2.104
-2.565,1.87
-2.689,2.214
-2.879,1.876
2.61,2.212
2.325,1.996
1.182,2.13
0.365,1.831
0.082,1.529
0.007,-0.345
1.939,-0.504
1.758,1.267
1.746,0.163
0.843,-0.027
0.886,-0.167
0.471,0.876
-0.31,0.754
-1.695,0.027
0.353,0.773
0.156,0.764
-2.799,1.803
0.688,1.613
-0.032,-2.012
-1.433,-2.021
2.088,1.94
0.069,-0.386
-0.062,-2.738
0.012,-2.588
-0.085,-3.42
-0.167,-2.495
-0.197,-2.006
-0.194,-2.514
-0.223,-1.198
-0.23,-2.234
-0.257,-0.797
-0.333,-3.638
-0.422,-1.327
-0.489,-3.584
-0.487,0.026
-0.499,-3.165
-0.659,-3.503
-0.773,-2.466
-0.774,-2.642
-1.029,-1.888
-1.019,-1.565
-1.035,-3.294
-1.015,-3.607
-1.054,-3.625
-1.184,-2.072
-1.251,-2.145
-1.428,-2.505
-1.49,-1.061
-1.546,-1.654
-1.572,-1.006
-1.733,-2.545
-1.719,-0.799
-1.911,-1.95
-1.916,-2.018
-1.943,-0.298
-1.896,-0.778
-1.898,-0.047
-1.985,-1.154
-1.921,-1.761
-2.105,-2.917
-2.064,-1.485
-2.133,-1.398
-2.21,-1.44
-2.148,-3.178
-2.201,-3.355
-2.283,-1.776
-2.252,-1.101
-2.313,-2.632
-2.249,-3.437
-2.344,-2.565
-2.436,-3.365
-2.449,-3.168
-2.394,-0.593
-2.469,-1.049
-2.476,0.038
-2.452,-0.341
-2.529,-1.157
-2.535,-1.475
-2.518,-2.943
-2.543,0.2
-2.598,-3.087
-2.653,-2.614
-2.648,-3.45
-2.918,-2.385
-2.924,-3.649
-2.984,-3.61
-3.072,-2.889
-3.101,-2.294
-3.115,0.295
-3.073,-1.309
-3.132,-0.717
3.113,-2.437
3.015,-2.846
3.007,-3.001
3.025,-0.341
3.008,-3.379
2.894,-2.838
2.958,-3.747
2.821,-0.965
2.757,-0.045
2.68,-2.458
2.514,-3.543
2.482,-1.727
2.39,0.257
2.393,-1.561
2.325,-3.198
2.298,-2.366
2.309,-1.569
2.241,-1.049
2.197,-2.237
2.061,-1.06
2.011,-0.223
1.68,-3.154
1.546,-1.141
1.525,-2.766
1.577,-0.774
1.54,-1.851
1.528,-3.382
1.337,-0.656
1.293,-1.529
1.375,-0.09
1.268,-3.188
1.231,-0.147
1.271,-1.797
1.249,-0.248
1.145,-1.708
1.069,-2.069
1.047,-2.129
1.002,-2.886
0.805,-3.74
0.791,-2.317
0.803,-2.691
0.746,-2.948
0.633,-3.001
0.66,-2.04
0.512,-2.504
0.553,-1.542
0.517,0.123
0.485,-2.703
0.408,0.01
0.396,-0.279
0.282,-3.623
0.336,-0.951
0.326,-0.766
0.334,-1.294
0.242,-0.785
0.235,0.165
0.208,-1.356
0.27,-1.455
0.253,-2.498
0.248,-3.564
-0.56,-4.028
-0.612,-3.759
-0.75,-4.029
-2.695,-3.993
2.663,-3.842
2.584,-4.016
2.508,-3.853
0.804,-3.97
0.731,-3.676
-0.279,0.547
-0.555,0.345
-1.174,0.413
-2.317,0.459
-2.394,0.717
-2.6,0.608
-2.886,0.458
-3.121,0.765
3.052,0.663
2.659,0.441
2.023,0.812
1.954,0.764
1.263,0.515
1.14,0.817
0.7,0.548
0.771,0.437
-0.491,-2.97
-1.84,-1.506
-2.625,0.139
-2.667,-2.155
-2.812,-2.728
3.141,-2.629
2.808,0.074
1.188,-3.723
-0.398,-3.956
0.772,-3.857
-0.147,0.42
0.223,-3.205
0.001,-3.546
-0.01,-1.486
-0.065,-1.911
-0.048,-0.967
-0.299,-1.741
-0.134,-1.558
-0.288,-1.685
-0.358,-1.169
-0.281,-1.309
-0.338,-0.982
-0.512,-3.455
-0.56,-2.169
-0.64,-1.881
-0.837,-1.605
-0.713,-1.607
-0.917,-2.588
-1.037,-3.258
-1.118,-0.914
-1.162,-2.2
-1.156,-2.978
-1.075,0.11
-1.101,-3.449
-1.269,-3.049
-1.413,-1.403
-1.423,-2.267
-1.454,0.105
-1.494,-1.965
-1.463,-2.125
-1.604,-3.505
-1.658,-2.136
-1.816,-1.122
-1.71,-1.611
-1.803,-1.156
-1.827,-2.287
-1.984,-3.646
-2.02,-0.072
-1.97,-0.661
-2.144,-0.237
-1.999,-0.651
-2.191,-1.801
-2.484,0.204
-2.501,-0.844
-2.454,-2.151
-2.554,-1.007
-2.602,-2.476
-2.788,-3.196
-2.827,-1.117
-2.879,-2.79
-2.762,-0.327
-2.976,-0.538
-3.013,-1.007
-2.905,0.153
-2.956,-3.72
-3.031,-0.215
3.117,-3.659
3.082,-0.055
3.077,-3.566
3.038,-0.978
3.046,-0.092
2.944,-1.978
3.009,-1.547
2.969,-2.136
2.814,-2.379
2.694,-0.783
2.666,-2.29
2.595,-0.719
2.29,0.253
2.293,-1.149
2.292,-2.701
2.083,-2.677
1.988,-0.566
2.038,-2.385
1.993,-3.149
1.739,-2.204
1.611,-2.493
1.667,-2.164
1.426,-1.682
1.384,-0.821
1.425,-1.956
1.342,-2.96
1.219,-1.495
1.197,-1.523
0.904,-2.491
0.861,-3.477
0.63,-0.921
0.614,-1.588
0.478,-3.353
0.498,-1.748
0.372,0.031
0.233,-1.037
0.093,-3.935
-0.502,-4.027
-1.21,-3.771
-2.142,-3.89
-2.344,-3.774
-2.392,-3.935
-3.105,-3.942
1.613,-3.954
0.509,-3.871
0.375,-3.754
0.552,-3.872
-0.268,0.46
-0.289,0.709
-0.279,0.407
-0.763,0.642
-0.831,0.394
-1.687,0.376
-2.241,0.591
-2.458,0.357
-2.582,0.701
-2.772,0.363
2.717,0.699
2.432,0.483
1.289,0.617
0.472,0.318
0.189,0.016
0.114,-1.858
2.046,-2.017
1.865,-0.246
1.853,-1.35
0.95,-1.54
0.993,-1.68
0.578,-0.637
-0.203,-0.759
-1.588,-1.486
0.46,-0.74
0.263,-0.749
-2.692,0.29
0.795,0.1
0.075,-3.525
-1.326,-3.534
2.195,0.427
-0.131,-2.352
-0.057,-2.202
-0.154,-3.034
-0.236,-2.109
-0.266,-1.62
-0.263,-2.128
-0.292,-0.812
-0.299,-1.848
-0.326,-0.411
-0.402,-3.252
-0.491,-0.941
-0.558,-3.198
-0.556,0.412
-0.568,-2.779
-0.728,-3.117
-0.842,-2.08
-0.843,-2.256
-1.098,-1.502
-1.088,-1.179
-1.104,-2.908
-1.084,-3.221
-1.123,-3.239
-1.253,-1.686
-1.32,-1.759
-1.497,-2.119
-1.559,-0.675
-1.615,-1.268
-1.641,-0.62
-1.802,-2.159
-1.788,-0.413
-1.98,-1.564
-1.985,-1.632
-2.012,0.088
-1.965,-0.392
-1.967,0.339
-2.054,-0.768
-1.99,-1.375
-2.174,-2.531
-2.133,-1.099
-2.202,-1.012
-2.279,-1.054
-2.217,-2.792
-2.27,-2.969
-2.352,-1.39
-2.321,-0.715
-2.382,-2.246
-2.318,-3.051
-2.413,-2.179
-2.505,-2.979
-2.518,-2.782
-2.463,-0.207
-2.538,-0.663
-2.545,0.424
-2.521,0.045
-2.598,-0.771
-2.604,-1.089
-2.587,-2.557
-2.612,0.586
-2.667,-2.701
-2.722,-2.228
-2.717,-3.064
-2.987,-1.999
-2.993,-3.263
-3.053,-3.224
-3.141,-2.503
3.113,-1.908
3.099,0.681
3.141,-0.923
3.082,-0.331
3.044,-2.051
2.946,-2.46
2.938,-2.615
2.956,0.045
2.939,-2.993
2.825,-2.452
2.889,-3.361
2.752,-0.579
2.688,0.341
2.611,-2.072
2.445,-3.157
2.413,-1.341
2.321,0.643
2.324,-1.175
2.256,-2.812
2.229,-1.98
2.24,-1.183
2.172,-0.663
2.128,-1.851
1.992,-0.674
1.942,0.163
1.611,-2.768
1.477,-0.755
1.456,-2.38
1.508,-0.388
1.471,-1.465
1.459,-2.996
1.268,-0.27
1.224,-1.143
1.306,0.296
1.199,-2.802
1.162,0.239
1.202,-1.411
1.18,0.138
1.076,-1.322
1.0,-1.683
0.978,-1.743
0.933,-2.5
0.736,-3.354
0.722,-1.931
0.734,-2.305
0.677,-2.562
0.564,-2.615
0.591,-1.654
0.443,-2.118
0.484,-1.156
0.448,0.509
0.416,-2.317
0.339,0.396
0.327,0.107
0.213,-3.237
0.267,-0.565
0.257,-0.38
0.265,-0.908
0.173,-0.399
0.166,0.551
0.139,-0.97
0.201,-1.069
0.184,-2.112
0.179,-3.178
-0.629,-3.642
-0.681,-3.373
-0.819,-3.643
-2.764,-3.607
2.594,-3.456
2.515,-3.63
2.439,-3.467
0.735,-3.584
0.662,-3.29
-0.348,0.933
-0.624,0.731
-1.243,0.799
-2.386,0.845
-2.463,1.103
-2.669,0.994
-2.955,0.844
3.093,1.151
2.983,1.049
2.59,0.827
1.954,1.198
1.885,1.15
1.194,0.901
1.071,1.203
0.631,0.934
0.702,0.823
-0.56,-2.584
-1.909,-1.12
-2.694,0.525
-2.736,-1.769
-2.881,-2.342
3.072,-2.243
2.739,0.46
1.119,-3.337
-0.467,-3.57
0.703,-3.471
-0.216,0.806
0.154,-2.819
-0.068,-3.16
-0.079,-1.1
-0.134,-1.525
-0.117,-0.581
-0.368,-1.355
-0.203,-1.172
-0.357,-1.299
-0.427,-0.783
-0.35,-0.923
-0.407,-0.596
-0.581,-3.069
-0.629,-1.783
-0.709,-1.495
-0.906,-1.219
-0.782,-1.221
-0.986,-2.202
-1.106,-2.872
-1.187,-0.528
-1.231,-1.814
-1.225,-2.592
-1.144,0.496
-1.17,-3.063
-1.338,-2.663
-1.482,-1.017
-1.492,-1.881
-1.523,0.491
-1.563,-1.579
-1.532,-1.739
-1.673,-3.119
-1.727,-1.75
-1.885,-0.736
-1.779,-1.225
-1.872,-0.77
-1.896,-1.901
-2.053,-3.26
-2.089,0.314
-2.039,-0.275
-2.213,0.149
-2.068,-0.265
-2.26,-1.415
-2.553,0.59
-2.57,-0.458
-2.523,-1.765
-2.623,-0.621
-2.671,-2.09
-2.857,-2.81
-2.896,-0.731
-2.948,-2.404
-2.831,0.059
-3.045,-0.152
-3.082,-0.621
-2.974,0.539
-3.025,-3.334
-3.1,0.171
3.048,-3.273
3.013,0.331
3.008,-3.18
2.969,-0.592
2.977,0.294
2.875,-1.592
2.94,-1.161
2.9,-1.75
2.745,-1.993
2.625,-0.397
2.597,-1.904
2.526,-0.333
2.221,0.639
2.224,-0.763
2.223,-2.315
2.014,-2.291
1.919,-0.18
1.969,-1.999
1.924,-2.763
1.67,-1.818
1.542,-2.107
1.598,-1.778
1.357,-1.296
1.315,-0.435
1.356,-1.57
1.273,-2.574
1.15,-1.109
1.128,-1.137
0.835,-2.105
0.792,-3.091
0.561,-0.535
0.545,-1.202
0.409,-2.967
0.429,-1.362
0.303,0.417
0.164,-0.651
0.024,-3.549
-0.571,-3.641
-1.279,-3.385
-2.211,-3.504
-2.413,-3.388
-2.461,-3.549
3.109,-3.556
1.544,-3.568
0.44,-3.485
0.306,-3.368
0.483,-3.486
-0.337,0.846
-0.358,1.095
-0.348,0.793
-0.832,1.028
-0.9,0.78
-1.756,0.762
-2.31,0.977
-2.527,0.743
-2.651,1.087
-2.841,0.749
2.648,1.085
2.363,0.869
1.22,1.003
0.403,0.704
0.12,0.402
0.045,-1.472
1.977,-1.631
1.796,0.14
1.784,-0.964
0.881,-1.154
0.924,-1.294
0.509,-0.251
-0.272,-0.373
-1.657,-1.1
0.391,-0.354
0.194,-0.363
-2.761,0.676
0.726,0.486
0.006,-3.139
-1.395,-3.148
2.126,0.813
0.074,0.15
-0.023,-0.682
-0.105,0.243
-0.135,0.732
-0.132,0.224
-0.161,1.54
-0.168,0.504
-0.195,1.941
-0.271,-0.9
-0.36,1.411
-0.427,-0.846
-0.425,2.764
-0.437,-0.427
-0.597,-0.765
-0.711,0.272
-0.712,0.096
-0.967,0.85
-0.957,1.173
-0.973,-0.556
-0.953,-0.869
-0.992,-0.887
-1.122,0.666
-1.189,0.593
-1.366,0.233
-1.428,1.677
-1.484,1.084
-1.51,1.732
-1.671,0.193
-1.657,1.939
-1.849,0.788
-1.854,0.72
-1.881,2.44
-1.834,1.96
-1.836,2.691
-1.923,1.584
-1.859,0.977
-2.043,-0.179
-2.002,1.253
-2.071,1.34
-2.148,1.298
-2.086,-0.44
-2.139,-0.617
-2.221,0.962
-2.19,1.637
-2.251,0.106
-2.187,-0.699
-2.282,0.173
-2.374,-0.627
-2.387,-0.43
-2.332,2.145
-2.407,1.689
-2.414,2.776
-2.39,2.397
-2.467,1.581
-2.473,1.263
-2.456,-0.205
-2.481,2.938
-2.536,-0.349
-2.591,0.124
-2.586,-0.712
-2.856,0.353
-2.862,-0.911
-2.922,-0.872
-3.01,-0.151
-3.039,0.444
-3.053,3.033
-3.011,1.429
-3.07,2.021
-3.108,0.301
3.077,-0.108
3.069,-0.263
3.087,2.397
3.07,-0.641
2.956,-0.1
3.02,-1.009
2.883,1.773
2.819,2.693
2.742,0.28
2.576,-0.805
2.544,1.011
2.452,2.995
2.455,1.177
2.387,-0.46
2.36,0.372
2.371,1.169
2.303,1.689
2.259,0.501
2.123,1.678
2.073,2.515
1.742,-0.416
1.608,1.597
1.587,-0.028
1.639,1.964
1.602,0.887
1.59,-0.644
1.399,2.082
1.355,1.209
1.437,2.648
1.33,-0.45
1.293,2.591
1.333,0.941
1.311,2.49
1.207,1.03
1.131,0.669
1.109,0.609
1.064,-0.148
0.867,-1.002
0.853,0.421
0.865,0.047
0.808,-0.21
0.695,-0.263
0.722,0.698
0.574,0.234
0.615,1.196
0.579,2.861
0.547,0.035
0.47,2.748
0.458,2.459
0.344,-0.885
0.398,1.787
0.388,1.972
0.396,1.444
0.304,1.953
0.297,2.903
0.27,1.382
0.332,1.283
0.315,0.24
0.31,-0.826
-0.498,-1.29
-0.55,-1.021
-0.688,-1.291
-2.633,-1.255
2.725,-1.104
2.646,-1.278
2.57,-1.115
0.866,-1.232
0.793,-0.938
-0.217,3.285
-0.493,3.083
-1.112,3.151
-2.255,3.197
-2.332,3.455
-2.538,3.346
-2.824,3.196
-3.059,3.503
3.114,3.401
2.721,3.179
2.085,3.55
2.016,3.502
1.325,3.253
1.202,3.555
0.762,3.286
0.833,3.175
-0.429,-0.232
-1.778,1.232
-2.563,2.877
-2.605,0.583
-2.75,0.01
-3.08,0.109
2.87,2.812
1.25,-0.985
-0.336,-1.218
0.834,-1.119
-0.085,3.158
0.285,-0.467
0.063,-0.808
0.052,1.252
-0.003,0.827
0.014,1.771
-0.237,0.997
-0.072,1.18
-0.226,1.053
-0.296,1.569
-0.219,1.429
-0.276,1.756
-0.45,-0.717
-0.498,0.569
-0.578,0.857
-0.775,1.133
-0.651,1.131
-0.855,0.15
-0.975,-0.52
-1.056,1.824
-1.1,0.538
-1.094,-0.24
-1.013,2.848
-1.039,-0.711
-1.207,-0.311
-1.351,1.335
-1.361,0.471
-1.392,2.843
-1.432,0.773
-1.401,0.613
-1.542,-0.767
-1.596,0.602
-1.754,1.616
-1.648,1.127
-1.741,1.582
-1.765,0.451
-1.922,-0.908
-1.958,2.666
-1.908,2.077
-2.082,2.501
-1.937,2.087
-2.129,0.937
-2.422,2.942
-2.439,1.894
-2.392,0.587
-2.492,1.731
-2.54,0.262
-2.726,-0.458
-2.765,1.621
-2.817,-0.052
-2.7,2.411
-2.914,2.2
-2.951,1.731
-2.843,2.891
-2.894,-0.982
-2.969,2.523
-3.104,-0.921
-3.139,2.683
3.139,-0.828
3.1,1.76
3.108,2.646
3.006,0.76
3.071,1.191
3.031,0.602
2.876,0.359
2.756,1.955
2.728,0.448
2.657,2.019
2.352,2.991
2.355,1.589
2.354,0.037
2.145,0.061
2.05,2.172
2.1,0.353
2.055,-0.411
1.801,0.534
1.673,0.245
1.729,0.574
1.488,1.056
1.446,1.917
1.487,0.782
1.404,-0.222
1.281,1.243
1.259,1.215
0.966,0.247
0.923,-0.739
0.692,1.817
0.676,1.15
0.54,-0.615
0.56,0.99
0.434,2.769
0.295,1.701
0.155,-1.197
-0.44,-1.289
-1.148,-1.033
-2.08,-1.152
-2.282,-1.036
-2.33,-1.197
-3.043,-1.204
1.675,-1.216
0.571,-1.133
0.437,-1.016
0.614,-1.134
-0.206,3.198
-0.227,3.447
-0.217,3.145
-0.701,3.38
-0.769,3.132
-1.625,3.114
-2.179,3.329
-2.396,3.095
-2.52,3.439
-2.71,3.101
2.779,3.437
2.494,3.221
1.351,3.355
0.534,3.056
0.251,2.754
0.176,0.88
2.108,0.721
1.927,2.492
1.915,1.388
1.012,1.198
1.055,1.058
0.64,2.101
-0.141,1.979
-1.526,1.252
0.522,1.998
0.325,1.989
-2.63,3.028
0.857,2.838
0.137,-0.787
-1.264,-0.796
2.257,3.165
-0.097,-0.832
-0.179,0.093
-0.209,0.582
-0.206,0.074
-0.235,1.39
-0.242,0.354
-0.269,1.791
-0.345,-1.05
-0.434,1.261
-0.501,-0.996
-0.499,2.614
-0.511,-0.577
-0.671,-0.915
-0.785,0.122
-0.786,-0.054
-1.041,0.7
-1.031,1.023
-1.047,-0.706
-1.027,-1.019
-1.066,-1.037
-1.196,0.516
-1.263,0.443
-1.44,0.083
-1.502,1.527
-1.558,0.934
-1.584,1.582
-1.745,0.043
-1.731,1.789
-1.923,0.638
-1.928,0.57
-1.955,2.29
-1.908,1.81
-1.91,2.541
-1.997,1.434
-1.933,0.827
-2.117,-0.329
-2.076,1.103
-2.145,1.19
-2.222,1.148
-2.16,-0.59
-2.213,-0.767
-2.295,0.812
-2.264,1.487
-2.325,-0.044
-2.261,-0.849
-2.356,0.023
-2.448,-0.777
-2.461,-0.58
-2.406,1.995
-2.481,1.539
-2.488,2.626
-2.464,2.247
-2.541,1.431
-2.547,1.113
-2.53,-0.355
-2.555,2.788
-2.61,-0.499
-2.665,-0.026
-2.66,-0.862
-2.93,0.203
-2.936,-1.061
-2.996,-1.022
-3.084,-0.301
-3.113,0.294
-3.127,2.883
-3.085,1.279
3.139,1.871
3.101,0.151
3.003,-0.258
2.995,-0.413
3.013,2.247
2.996,-0.791
2.882,-0.25
2.946,-1.159
2.809,1.623
2.745,2.543
2.668,0.13
2.502,-0.955
2.47,0.861
2.378,2.845
2.381,1.027
2.313,-0.61
2.286,0.222
2.297,1.019
2.229,1.539
2.185,0.351
2.049,1.528
1.999,2.365
1.668,-0.566
1.534,1.447
1.513,-0.178
1.565,1.814
1.528,0.737
1.516,-0.794
1.325,1.932
1.281,1.059
1.363,2.498
1.256,-0.6
1.219,2.441
1.259,0.791
1.237,2.34
1.133,0.88
1.057,0.519
1.035,0.459
0.99,-0.298
0.793,-1.152
0.779,0.271
0.791,-0.103
0.734,-0.36
0.621,-0.413
0.648,0.548
0.5,0.084
0.541,1.046
0.505,2.711
0.473,-0.115
0.396,2.598
0.384,2.309
0.27,-1.035
0.324,1.637
0.314,1.822
0.322,1.294
0.23,1.803
0.223,2.753
0.196,1.232
0.258,1.133
0.241,0.09
0.236,-0.976
-0.572,-1.44
-0.624,-1.171
-0.762,-1.441
-2.707,-1.405
2.651,-1.254
2.572,-1.428
2.496,-1.265
0.792,-1.382
0.719,-1.088
-0.291,3.135
-0.567,2.933
-1.186,3.001
-2.329,3.047
-2.406,3.305
-2.612,3.196
-2.898,3.046
-3.133,3.353
3.04,3.251
2.647,3.029
2.011,3.4
1.942,3.352
1.251,3.103
1.128,3.405
0.688,3.136
0.759,3.025
-0.503,-0.382
-1.852,1.082
-2.637,2.727
-2.679,0.433
-2.824,-0.14
3.129,-0.041
2.796,2.662
1.176,-1.135
-0.41,-1.368
0.76,-1.269
-0.159,3.008
0.211,-0.617
-0.011,-0.958
-0.022,1.102
-0.077,0.677
-0.06,1.621
-0.311,0.847
-0.146,1.03
-0.3,0.903
-0.37,1.419
-0.293,1.279
-0.35,1.606
-0.524,-0.867
-0.572,0.419
-0.652,0.707
-0.849,0.983
-0.725,0.981
-0.929,0.0
-1.049,-0.67
-1.13,1.674
-1.174,0.388
-1.168,-0.39
-1.087,2.698
-1.113,-0.861
-1.281,-0.461
-1.425,1.185
-1.435,0.321
-1.466,2.693
-1.506,0.623
-1.475,0.463
-1.616,-0.917
-1.67,0.452
-1.828,1.466
-1.722,0.977
-1.815,1.432
-1.839,0.301
-1.996,-1.058
-2.032,2.516
-1.982,1.927
-2.156,2.351
-2.011,1.937
-2.203,0.787
-2.496,2.792
-2.513,1.744
-2.466,0.437
-2.566,1.581
-2.614,0.112
-2.8,-0.608
-2.839,1.471
-2.891,-0.202
-2.774,2.261
-2.988,2.05
-3.025,1.581
-2.917,2.741
-2.968,-1.132
-3.043,2.373
3.105,-1.071
3.07,2.533
3.065,-0.978
3.026,1.61
3.034,2.496
2.932,0.61
2.997,1.041
2.957,0.452
2.802,0.209
2.682,1.805
2.654,0.298
2.583,1.869
2.278,2.841
2.281,1.439
2.28,-0.113
2.071,-0.089
1.976,2.022
2.026,0.203
1.981,-0.561
1.727,0.384
1.599,0.095
1.655,0.424
1.414,0.906
1.372,1.767
1.413,0.632
1.33,-0.372
1.207,1.093
1.185,1.065
0.892,0.097
0.849,-0.889
0.618,1.667
0.602,1.0
0.466,-0.765
0.486,0.84
0.36,2.619
0.221,1.551
0.081,-1.347
-0.514,-1.439
-1.222,-1.183
-2.154,-1.302
-2.356,-1.186
-2.404,-1.347
-3.117,-1.354
1.601,-1.366
0.497,-1.283
0.363,-1.166
0.54,-1.284
-0.28,3.048
-0.301,3.297
-0.291,2.995
-0.775,3.23
-0.843,2.982
-1.699,2.964
-2.253,3.179
-2.47,2.945
-2.594,3.289
-2.784,2.951
2.705,3.287
2.42,3.071
1.277,3.205
0.46,2.906
0.177,2.604
0.102,0.73
2.034,0.571
1.853,2.342
1.841,1.238
0.938,1.048
0.981,0.908
0.566,1.951
-0.215,1.829
-1.6,1.102
0.448,1.848
0.251,1.839
-2.704,2.878
0.783,2.688
0.063,-0.937
-1.338,-0.946
2.183,3.015
-0.082,0.925
-0.112,1.414
-0.109,0.906
-0.138,2.222
-0.145,1.186
-0.172,2.623
-0.248,-0.218
-0.337,2.093
-0.404,-0.164
-0.402,3.446
-0.414,0.255
-0.574,-0.083
-0.688,0.954
-0.689,0.778
-0.944,1.532
-0.934,1.855
-0.95,0.126
-0.93,-0.187
-0.969,-0.205
-1.099,1.348
-1.166,1.275
-1.343,0.915
-1.405,2.359
-1.461,1.766
-1.487,2.414
-1.648,0.875
-1.634,2.621
-1.826,1.47
-1.831,1.402
-1.858,3.122
-1.811,2.642
-1.813,3.373
-1.9,2.266
-1.836,1.659
-2.02,0.503
-1.979,1.935
-2.048,2.022
-2.125,1.98
-2.063,0.242
-2.116,0.065
-2.198,1.644
-2.167,2.319
-2.228,0.788
-2.164,-0.017
-2.259,0.855
-2.351,0.055
-2.364,0.252
-2.309,2.827
-2.384,2.371
-2.391,3.458
-2.367,3.079
-2.444,2.263
-2.45,1.945
-2.433,0.477
-2.458,3.62
-2.513,0.333
-2.568,0.806
-2.563,-0.03
-2.833,1.035
-2.839,-0.229
-2.899,-0.19
-2.987,0.531
-3.016,1.126
-3.03,3.715
-2.988,2.111
-3.047,2.703
-3.085,0.983
3.1,0.574
3.092,0.419
3.11,3.079
3.093,0.041
2.979,0.582
3.043,-0.327
2.906,2.455
2.842,3.375
2.765,0.962
2.599,-0.123
2.567,1.693
2.475,3.677
2.478,1.859
2.41,0.222
2.383,1.054
2.394,1.851
2.326,2.371
2.282,1.183
2.146,2.36
2.096,3.197
1.765,0.266
1.631,2.279
1.61,0.654
1.662,2.646
1.625,1.569
1.613,0.038
1.422,2.764
1.378,1.891
1.46,3.33
1.353,0.232
1.316,3.273
1.356,1.623
1.334,3.172
1.23,1.712
1.154,1.351
1.132,1.291
1.087,0.534
0.89,-0.32
0.876,1.103
0.888,0.729
0.831,0.472
0.718,0.419
0.745,1.38
0.597,0.916
0.638,1.878
0.602,3.543
0.57,0.717
0.493,3.43
0.481,3.141
0.367,-0.203
0.421,2.469
0.411,2.654
0.419,2.126
0.327,2.635
0.32,3.585
0.293,2.064
0.355,1.965
0.338,0.922
0.333,-0.144
-0.475,-0.608
-0.527,-0.339
-0.665,-0.609
-2.61,-0.573
2.748,-0.422
2.669,-0.596
2.593,-0.433
0.889,-0.55
0.816,-0.256
-0.194,3.967
-0.47,3.765
-1.089,3.833
-2.232,3.879
-2.309,4.137
-2.515,4.028
-2.801,3.878
-3.036,4.185
3.137,4.083
2.744,3.861
2.108,4.232
2.039,4.184
1.348,3.935
1.225,4.237
0.785,3.968
0.856,3.857
-0.406,0.45
-1.755,1.914
-2.54,3.559
-2.582,1.265
-2.727,0.692
-3.057,0.791
2.893,3.494
1.273,-0.303
-0.313,-0.536
0.857,-0.437
-0.062,3.84
0.308,0.215
0.086,-0.126
0.075,1.934
0.02,1.509
0.037,2.453
-0.214,1.679
-0.049,1.862
-0.203,1.735
-0.273,2.251
-0.196,2.111
-0.253,2.438
-0.427,-0.035
-0.475,1.251
-0.555,1.539
-0.752,1.815
-0.628,1.813
-0.832,0.832
-0.952,0.162
-1.033,2.506
-1.077,1.22
-1.071,0.442
-0.99,3.53
-1.016,-0.029
-1.184,0.371
-1.328,2.017
-1.338,1.153
-1.369,3.525
-1.409,1.455
-1.378,1.295
-1.519,-0.085
-1.573,1.284
-1.731,2.298
-1.625,1.809
-1.718,2.264
-1.742,1.133
-1.899,-0.226
-1.935,3.348
-1.885,2.759
-2.059,3.183
-1.914,2.769
-2.106,1.619
-2.399,3.624
-2.416,2.576
-2.369,1.269
-2.469,2.413
-2.517,0.944
-2.703,0.224
-2.742,2.303
-2.794,0.63
-2.677,3.093
-2.891,2.882
-2.928,2.413
-2.82,3.573
-2.871,-0.3
-2.946,3.205
-3.081,-0.239
-3.116,3.365
-3.121,-0.146
3.123,2.442
3.131,3.328
3.029,1.442
3.094,1.873
3.054,1.284
2.899,1.041
2.779,2.637
2.751,1.13
2.68,2.701
2.375,3.673
2.378,2.271
2.377,0.719
2.168,0.743
2.073,2.854
2.123,1.035
2.078,0.271
1.824,1.216
1.696,0.927
1.752,1.256
1.511,1.738
1.469,2.599
1.51,1.464
1.427,0.46
1.304,1.925
1.282,1.897
0.989,0.929
0.946,-0.057
0.715,2.499
0.699,1.832
0.563,0.067
0.583,1.672
0.457,3.451
0.318,2.383
0.178,-0.515
-0.417,-0.607
-1.125,-0.351
-2.057,-0.47
-2.259,-0.354
-2.307,-0.515
-3.02,-0.522
1.698,-0.534
0.594,-0.451
0.46,-0.334
0.637,-0.452
-0.183,3.88
-0.204,4.129
-0.194,3.827
-0.678,4.062
-0.746,3.814
-1.602,3.796
-2.156,4.011
-2.373,3.777
-2.497,4.121
-2.687,3.783
2.802,4.119
2.517,3.903
1.374,4.037
0.557,3.738
0.274,3.436
0.199,1.562
2.131,1.403
1.95,3.174
1.938,2.07
1.035,1.88
1.078,1.74
0.663,2.783
-0.118,2.661
-1.503,1.934
0.545,2.68
0.348,2.671
-2.607,3.71
0.88,3.52
0.16,-0.105
-1.241,-0.114
2.28,3.847
-0.03,0.489
-0.027,-0.019
-0.056,1.297
-0.063,0.261
-0.09,1.698
-0.166,-1.143
-0.255,1.168
-0.322,-1.089
-0.32,2.521
-0.332,-0.67
-0.492,-1.008
-0.606,0.029
-0.607,-0.147
-0.862,0.607
-0.852,0.93
-0.868,-0.799
-0.848,-1.112
-0.887,-1.13
-1.017,0.423
-1.084,0.35
-1.261,-0.01
-1.323,1.434
-1.379,0.841
-1.405,1.489
-1.566,-0.05
-1.552,1.696
-1.744,0.545
-1.749,0.477
-1.776,2.197
-1.729,1.717
-1.731,2.448
-1.818,1.341
-1.754,0.734
-1.938,-0.422
-1.897,1.01
-1.966,1.097
-2.043,1.055
-1.981,-0.683
-2.034,-0.86
-2.116,0.719
-2.085,1.394
-2.146,-0.137
-2.082,-0.942
-2.177,-0.07
-2.269,-0.87
-2.282,-0.673
-2.227,1.902
-2.302,1.446
-2.309,2.533
-2.285,2.154
-2.362,1.338
-2.368,1.02
-2.351,-0.448
-2.376,2.695
-2.431,-0.592
-2.486,-0.119
-2.481,-0.955
-2.751,0.11
-2.757,-1.154
-2.817,-1.115
-2.905,-0.394
-2.934,0.201
-2.948,2.79
-2.906,1.186
-2.965,1.778
-3.003,0.058
-3.101,-0.351
-3.109,-0.506
-3.091,2.154
-3.108,-0.884
3.061,-0.343
3.125,-1.252
2.988,1.53
2.924,2.45
2.847,0.037
2.681,-1.048
2.649,0.768
2.557,2.752
2.56,0.934
2.492,-0.703
2.465,0.129
2.476,0.926
2.408,1.446
2.364,0.258
2.228,1.435
2.178,2.272
1.847,-0.659
1.713,1.354
1.692,-0.271
1.744,1.721
1.707,0.644
1.695,-0.887
1.504,1.839
1.46,0.966
1.542,2.405
1.435,-0.693
1.398,2.348
1.438,0.698
1.416,2.247
1.312,0.787
1.236,0.426
1.214,0.366
1.169,-0.391
0.972,-1.245
0.958,0.178
0.97,-0.196
0.913,-0.453
0.8,-0.506
0.827,0.455
0.679,-0.009
0.72,0.953
0.684,2.618
0.652,-0.208
0.575,2.505
0.563,2.216
0.449,-1.128
0.503,1.544
0.493,1.729
0.501,1.201
0.409,1.71
0.402,2.66
0.375,1.139
0.437,1.04
0.42,-0.003
0.415,-1.069
-0.393,-1.533
-0.445,-1.264
-0.583,-1.534
-2.528,-1.498
2.83,-1.347
2.751,-1.521
2.675,-1.358
0.971,-1.475
0.898,-1.181
-0.112,3.042
-0.388,2.84
-1.007,2.908
-2.15,2.954
-2.227,3.212
-2.433,3.103
-2.719,2.953
-2.954,3.26
-3.064,3.158
2.826,2.936
2.19,3.307
2.121,3.259
1.43,3.01
1.307,3.312
0.867,3.043
0.938,2.932
-0.324,-0.475
-1.673,0.989
-2.458,2.634
-2.5,0.34
-2.645,-0.233
-2.975,-0.134
2.975,2.569
1.355,-1.228
-0.231,-1.461
0.939,-1.362
0.02,2.915
0.39,-0.71
0.168,-1.051
0.157,1.009
0.102,0.584
0.119,1.528
-0.132,0.754
0.033,0.937
-0.121,0.81
-0.191,1.326
-0.114,1.186
-0.171,1.513
-0.345,-0.96
-0.393,0.326
-0.473,0.614
-0.67,0.89
-0.546,0.888
-0.75,-0.093
-0.87,-0.763
-0.951,1.581
-0.995,0.295
-0.989,-0.483
-0.908,2.605
-0.934,-0.954
-1.102,-0.554
-1.246,1.092
-1.256,0.228
-1.287,2.6
-1.327,0.53
-1.296,0.37
-1.437,-1.01
-1.491,0.359
-1.649,1.373
-1.543,0.884
-1.636,1.339
-1.66,0.208
-1.817,-1.151
-1.853,2.423
-1.803,1.834
-1.977,2.258
-1.832,1.844
-2.024,0.694
-2.317,2.699
-2.334,1.651
-2.287,0.344
-2.387,1.488
-2.435,0.019
-2.621,-0.701
-2.66,1.378
-2.712,-0.295
-2.595,2.168
-2.809,1.957
-2.846,1.488
-2.738,2.648
-2.789,-1.225
-2.864,2.28
-2.999,-1.164
-3.034,2.44
-3.039,-1.071
-3.078,1.517
-3.07,2.403
3.111,0.517
-3.107,0.948
3.136,0.359
2.981,0.116
2.861,1.712
2.833,0.205
2.762,1.776
2.457,2.748
2.46,1.346
2.459,-0.206
2.25,-0.182
2.155,1.929
2.205,0.11
2.16,-0.654
1.906,0.291
1.778,0.002
1.834,0.331
1.593,0.813
1.551,1.674
1.592,0.539
1.509,-0.465
1.386,1.0
1.364,0.972
1.071,0.004
1.028,-0.982
0.797,1.574
0.781,0.907
0.645,-0.858
0.665,0.747
0.539,2.526
0.4,1.458
0.26,-1.44
-0.335,-1.532
-1.043,-1.276
-1.975,-1.395
-2.177,-1.279
-2.225,-1.44
-2.938,-1.447
1.78,-1.459
0.676,-1.376
0.542,-1.259
0.719,-1.377
-0.101,2.955
-0.122,3.204
-0.112,2.902
-0.596,3.137
-0.664,2.889
-1.52,2.871
-2.074,3.086
-2.291,2.852
-2.415,3.196
-2.605,2.858
2.884,3.194
2.599,2.978
1.456,3.112
0.639,2.813
0.356,2.511
0.281,0.637
2.213,0.478
2.032,2.249
2.02,1.145
1.117,0.955
1.16,0.815
0.745,1.858
-0.036,1.736
-1.421,1.009
0.627,1.755
0.43,1.746
-2.525,2.785
0.962,2.595
0.242,-1.03
-1.159,-1.039
2.362,2.922
0.003,-0.508
-0.026,0.808
-0.033,-0.228
-0.06,1.209
-0.136,-1.632
-0.225,0.679
-0.292,-1.578
-0.29,2.032
-0.302,-1.159
-0.462,-1.497
-0.576,-0.46
-0.577,-0.636
-0.832,0.118
-0.822,0.441
-0.838,-1.288
-0.818,-1.601
-0.857,-1.619
-0.987,-0.066
-1.054,-0.139
-1.231,-0.499
-1.293,0.945
-1.349,0.352
-1.375,1.0
-1.536,-0.539
-1.522,1.207
-1.714,0.056
-1.719,-0.012
-1.746,1.708
-1.699,1.228
-1.701,1.959
-1.788,0.852
-1.724,0.245
-1.908,-0.911
-1.867,0.521
-1.936,0.608
-2.013,0.566
-1.951,-1.172
-2.004,-1.349
-2.086,0.23
-2.055,0.905
-2.116,-0.626
-2.052,-1.431
-2.147,-0.559
-2.239,-1.359
-2.252,-1.162
-2.197,1.413
-2.272,0.957
-2.279,2.044
-2.255,1.665
-2.332,0.849
-2.338,0.531
-2.321,-0.937
-2.346,2.206
-2.401,-1.081
-2.456,-0.608
-2.451,-1.444
-2.721,-0.379
-2.727,-1.643
-2.787,-1.604
-2.875,-0.883
-2.904,-0.288
-2.918,2.301
-2.876,0.697
-2.935,1.289
-2.973,-0.431
-3.071,-0.84
-3.079,-0.995
-3.061,1.665
-3.078,-1.373
3.091,-0.832
-3.128,-1.741
3.018,1.041
2.954,1.961
2.877,-0.452
2.711,-1.537
2.679,0.279
2.587,2.263
2.59,0.445
2.522,-1.192
2.495,-0.36
2.506,0.437
2.438,0.957
2.394,-0.231
2.258,0.946
2.208,1.783
1.877,-1.148
1.743,0.865
1.722,-0.76
1.774,1.232
1.737,0.155
1.725,-1.376
1.534,1.35
1.49,0.477
1.572,1.916
1.465,-1.182
1.428,1.859
1.468,0.209
1.446,1.758
1.342,0.298
1.266,-0.063
1.244,-0.123
1.199,-0.88
1.002,-1.734
0.988,-0.311
1.0,-0.685
0.943,-0.942
0.83,-0.995
0.857,-0.034
0.709,-0.498
0.75,0.464
0.714,2.129
0.682,-0.697
0.605,2.016
0.593,1.727
0.479,-1.617
0.533,1.055
0.523,1.24
0.531,0.712
0.439,1.221
0.432,2.171
0.405,0.65
0.467,0.551
0.45,-0.492
0.445,-1.558
-0.363,-2.022
-0.415,-1.753
-0.553,-2.023
-2.498,-1.987
2.86,-1.836
2.781,-2.01
2.705,-1.847
1.001,-1.964
0.928,-1.67
-0.082,2.553
-0.358,2.351
-0.977,2.419
-2.12,2.465
-2.197,2.723
-2.403,2.614
-2.689,2.464
-2.924,2.771
-3.034,2.669
2.856,2.447
2.22,2.818
2.151,2.77
1.46,2.521
1.337,2.823
0.897,2.554
0.968,2.443
-0.294,-0.964
-1.643,0.5
-2.428,2.145
-2.47,-0.149
-2.615,-0.722
-2.945,-0.623
3.005,2.08
1.385,-1.717
-0.201,-1.95
0.969,-1.851
0.05,2.426
0.42,-1.199
0.198,-1.54
0.187,0.52
0.132,0.095
0.149,1.039
-0.102,0.265
0.063,0.448
-0.091,0.321
-0.161,0.837
-0.084,0.697
-0.141,1.024
-0.315,-1.449
-0.363,-0.163
-0.443,0.125
-0.64,0.401
-0.516,0.399
-0.72,-0.582
-0.84,-1.252
-0.921,1.092
-0.965,-0.194
-0.959,-0.972
-0.878,2.116
-0.904,-1.443
-1.072,-1.043
-1.216,0.603
-1.226,-0.261
-1.257,2.111
-1.297,0.041
-1.266,-0.119
-1.407,-1.499
-1.461,-0.13
-1.619,0.884
-1.513,0.395
-1.606,0.85
-1.63,-0.281
-1.787,-1.64
-1.823,1.934
-1.773,1.345
-1.947,1.769
-1.802,1.355
-1.994,0.205
-2.287,2.21
-2.304,1.162
-2.257,-0.145
-2.357,0.999
-2.405,-0.47
-2.591,-1.19
-2.63,0.889
-2.682,-0.784
-2.565,1.679
-2.779,1.468
-2.816,0.999
-2.708,2.159
-2.759,-1.714
-2.834,1.791
-2.969,-1.653
-3.004,1.951
-3.009,-1.56
-3.048,1.028
-3.04,1.914
3.141,0.028
-3.077,0.459
-3.117,-0.13
3.011,-0.373
2.891,1.223
2.863,-0.284
2.792,1.287
2.487,2.259
2.49,0.857
2.489,-0.695
2.28,-0.671
2.185,1.44
2.235,-0.379
2.19,-1.143
1.936,-0.198
1.808,-0.487
1.864,-0.158
1.623,0.324
1.581,1.185
1.622,0.05
1.539,-0.954
1.416,0.511
1.394,0.483
1.101,-0.485
1.058,-1.471
0.827,1.085
0.811,0.418
0.675,-1.347
0.695,0.258
0.569,2.037
0.43,0.969
0.29,-1.929
-0.305,-2.021
-1.013,-1.765
-1.945,-1.884
-2.147,-1.768
-2.195,-1.929
-2.908,-1.936
1.81,-1.948
0.706,-1.865
0.572,-1.748
0.749,-1.866
-0.071,2.466
-0.092,2.715
-0.082,2.413
-0.566,2.648
-0.634,2.4
-1.49,2.382
-2.044,2.597
-2.261,2.363
-2.385,2.707
-2.575,2.369
2.914,2.705
2.629,2.489
1.486,2.623
0.669,2.324
0.386,2.022
0.311,0.148
2.243,-0.011
2.062,1.76
2.05,0.656
1.147,0.466
1.19,0.326
0.775,1.369
-0.006,1.247
-1.391,0.52
0.657,1.266
0.46,1.257
-2.495,2.296
0.992,2.106
0.272,-1.519
-1.129,-1.528
2.392,2.433
-0.029,1.316
-0.036,0.28
-0.063,1.717
-0.139,-1.124
-0.228,1.187
-0.295,-1.07
-0.293,2.54
-0.305,-0.651
-0.465,-0.989
-0.579,0.048
-0.58,-0.128
-0.835,0.626
-0.825,0.949
-0.841,-0.78
-0.821,-1.093
-0.86,-1.111
-0.99,0.442
-1.057,0.369
-1.234,0.009
-1.296,1.453
-1.352,0.86
-1.378,1.508
-1.539,-0.031
-1.525,1.715
-1.717,0.564
-1.722,0.496
-1.749,2.216
-1.702,1.736
-1.704,2.467
-1.791,1.36
-1.727,0.753
-1.911,-0.403
-1.87,1.029
-1.939,1.116
-2.016,1.074
-1.954,-0.664
-2.007,-0.841
-2.089,0.738
-2.058,1.413
-2.119,-0.118
-2.055,-0.923
-2.15,-0.051
-2.242,-0.851
-2.255,-0.654
-2.2,1.921
-2.275,1.465
-2.282,2.552
-2.258,2.173
-2.335,1.357
-2.341,1.039
-2.324,-0.429
-2.349,2.714
-2.404,-0.573
-2.459,-0.1
-2.454,-0.936
-2.724,0.129
-2.73,-1.135
-2.79,-1.096
-2.878,-0.375
-2.907,0.22
-2.921,2.809
-2.879,1.205
-2.938,1.797
-2.976,0.077
-3.074,-0.332
-3.082,-0.487
-3.064,2.173
-3.081,-0.865
3.088,-0.324
-3.131,-1.233
3.015,1.549
2.951,2.469
2.874,0.056
2.708,-1.029
2.676,0.787
2.584,2.771
2.587,0.953
2.519,-0.684
2.492,0.148
2.503,0.945
2.435,1.465
2.391,0.277
2.255,1.454
2.205,2.291
1.874,-0.64
1.74,1.373
1.719,-0.252
1.771,1.74
1.734,0.663
1.722,-0.868
1.531,1.858
1.487,0.985
1.569,2.424
1.462,-0.674
1.425,2.367
1.465,0.717
1.443,2.266
1.339,0.806
1.263,0.445
1.241,0.385
1.196,-0.372
0.999,-1.226
0.985,0.197
0.997,-0.177
0.94,-0.434
0.827,-0.487
0.854,0.474
0.706,0.01
0.747,0.972
0.711,2.637
0.679,-0.189
0.602,2.524
0.59,2.235
0.476,-1.109
0.53,1.563
0.52,1.748
0.528,1.22
0.436,1.729
0.429,2.679
0.402,1.158
0.464,1.059
0.447,0.016
0.442,-1.05
-0.366,-1.514
-0.418,-1.245
-0.556,-1.515
-2.501,-1.479
2.857,-1.328
2.778,-1.502
2.702,-1.339
0.998,-1.456
0.925,-1.162
-0.085,3.061
-0.361,2.859
-0.98,2.927
-2.123,2.973
-2.2,3.231
-2.406,3.122
-2.692,2.972
-2.927,3.279
-3.037,3.177
2.853,2.955
2.217,3.326
2.148,3.278
1.457,3.029
1.334,3.331
0.894,3.062
0.965,2.951
-0.297,-0.456
-1.646,1.008
-2.431,2.653
-2.473,0.359
-2.618,-0.214
-2.948,-0.115
3.002,2.588
1.382,-1.209
-0.204,-1.442
0.966,-1.343
0.047,2.934
0.417,-0.691
0.195,-1.032
0.184,1.028
0.129,0.603
0.146,1.547
-0.105,0.773
0.06,0.956
-0.094,0.829
-0.164,1.345
-0.087,1.205
-0.144,1.532
-0.318,-0.941
-0.366,0.345
-0.446,0.633
-0.643,0.909
-0.519,0.907
-0.723,-0.074
-0.843,-0.744
-0.924,1.6
-0.968,0.314
-0.962,-0.464
-0.881,2.624
-0.907,-0.935
-1.075,-0.535
-1.219,1.111
-1.229,0.247
-1.26,2.619
-1.3,0.549
-1.269,0.389
-1.41,-0.991
-1.464,0.378
-1.622,1.392
-1.516,0.903
-1.609,1.358
-1.633,0.227
-1.79,-1.132
-1.826,2.442
-1.776,1.853
-1.95,2.277
-1.805,1.863
-1.997,0.713
-2.29,2.718
-2.307,1.67
-2.26,0.363
-2.36,1.507
-2.408,0.038
-2.594,-0.682
-2.633,1.397
-2.685,-0.276
-2.568,2.187
-2.782,1.976
-2.819,1.507
-2.711,2.667
-2.762,-1.206
-2.837,2.299
-2.972,-1.145
-3.007,2.459
-3.012,-1.052
-3.051,1.536
-3.043,2.422
3.138,0.536
-3.08,0.967
-3.12,0.378
3.008,0.135
2.888,1.731
2.86,0.224
2.789,1.795
2.484,2.767
2.487,1.365
2.486,-0.187
2.277,-0.163
2.182,1.948
2.232,0.129
2.187,-0.635
1.933,0.31
1.805,0.021
1.861,0.35
1.62,0.832
1.578,1.693
1.619,0.558
1.536,-0.446
1.413,1.019
1.391,0.991
1.098,0.023
1.055,-0.963
0.824,1.593
0.808,0.926
0.672,-0.839
0.692,0.766
0.566,2.545
0.427,1.477
0.287,-1.421
-0.308,-1.513
-1.016,-1.257
-1.948,-1.376
-2.15,-1.26
-2.198,-1.421
-2.911,-1.428
1.807,-1.44
0.703,-1.357
0.569,-1.24
0.746,-1.358
-0.074,2.974
-0.095,3.223
-0.085,2.921
-0.569,3.156
-0.637,2.908
-1.493,2.89
-2.047,3.105
-2.264,2.871
-2.388,3.215
-2.578,2.877
2.911,3.213
2.626,2.997
1.483,3.131
0.666,2.832
0.383,2.53
0.308,0.656
2.24,0.497
2.059,2.268
2.047,1.164
1.144,0.974
1.187,0.834
0.772,1.877
-0.009,1.755
-1.394,1.028
0.654,1.774
0.457,1.765
-2.498,2.804
0.989,2.614
0.269,-1.011
-1.132,-1.02
2.389,2.941
-0.007,-1.036
-0.034,0.401
-0.11,-2.44
-0.199,-0.129
-0.266,-2.386
-0.264,1.224
-0.276,-1.967
-0.436,-2.305
-0.55,-1.268
-0.551,-1.444
-0.806,-0.69
-0.796,-0.367
-0.812,-2.096
-0.792,-2.409
-0.831,-2.427
-0.961,-0.874
-1.028,-0.947
-1.205,-1.307
-1.267,0.137
-1.323,-0.456
-1.349,0.192
-1.51,-1.347
-1.496,0.399
-1.688,-0.752
-1.693,-0.82
-1.72,0.9
-1.673,0.42
-1.675,1.151
-1.762,0.044
-1.698,-0.563
-1.882,-1.719
-1.841,-0.287
-1.91,-0.2
-1.987,-0.242
-1.925,-1.98
-1.978,-2.157
-2.06,-0.578
-2.029,0.097
-2.09,-1.434
-2.026,-2.239
-2.121,-1.367
-2.213,-2.167
-2.226,-1.97
-2.171,0.605
-2.246,0.149
-2.253,1.236
-2.229,0.857
-2.306,0.041
-2.312,-0.277
-2.295,-1.745
-2.32,1.398
-2.375,-1.889
-2.43,-1.416
-2.425,-2.252
-2.695,-1.187
-2.701,-2.451
-2.761,-2.412
-2.849,-1.691
-2.878,-1.096
-2.892,1.493
-2.85,-0.111
-2.909,0.481
-2.947,-1.239
-3.045,-1.648
-3.053,-1.803
-3.035,0.857
-3.052,-2.181
3.117,-1.64
-3.102,-2.549
3.044,0.233
2.98,1.153
2.903,-1.26
2.737,-2.345
2.705,-0.529
2.613,1.455
2.616,-0.363
2.548,-2.0
2.521,-1.168
2.532,-0.371
2.464,0.149
2.42,-1.039
2.284,0.138
2.234,0.975
1.903,-1.956
1.769,0.057
1.748,-1.568
1.8,0.424
1.763,-0.653
1.751,-2.184
1.56,0.542
1.516,-0.331
1.598,1.108
1.491,-1.99
1.454,1.051
1.494,-0.599
1.472,0.95
1.368,-0.51
1.292,-0.871
1.27,-0.931
1.225,-1.688
1.028,-2.542
1.014,-1.119
1.026,-1.493
0.969,-1.75
0.856,-1.803
0.883,-0.842
0.735,-1.306
0.776,-0.344
0.74,1.321
0.708,-1.505
0.631,1.208
0.619,0.919
0.505,-2.425
0.559,0.247
0.549,0.432
0.557,-0.096
0.465,0.413
0.458,1.363
0.431,-0.158
0.493,-0.257
0.476,-1.3
0.471,-2.366
-0.337,-2.83
-0.389,-2.561
-0.527,-2.831
-2.472,-2.795
2.886,-2.644
2.807,-2.818
2.731,-2.655
1.027,-2.772
0.954,-2.478
-0.056,1.745
-0.332,1.543
-0.951,1.611
-2.094,1.657
-2.171,1.915
-2.377,1.806
-2.663,1.656
-2.898,1.963
-3.008,1.861
2.882,1.639
2.246,2.01
2.177,1.962
1.486,1.713
1.363,2.015
0.923,1.746
0.994,1.635
-0.268,-1.772
-1.617,-0.308
-2.402,1.337
-2.444,-0.957
-2.589,-1.53
-2.919,-1.431
3.031,1.272
1.411,-2.525
-0.175,-2.758
0.995,-2.659
0.076,1.618
0.446,-2.007
0.224,-2.348
0.213,-0.288
0.158,-0.713
0.175,0.231
-0.076,-0.543
0.089,-0.36
-0.065,-0.487
-0.135,0.029
-0.058,-0.111
-0.115,0.216
-0.289,-2.257
-0.337,-0.971
-0.417,-0.683
-0.614,-0.407
-0.49,-0.409
-0.694,-1.39
-0.814,-2.06
-0.895,0.284
-0.939,-1.002
-0.933,-1.78
-0.852,1.308
-0.878,-2.251
-1.046,-1.851
-1.19,-0.205
-1.2,-1.069
-1.231,1.303
-1.271,-0.767
-1.24,-0.927
-1.381,-2.307
-1.435,-0.938
-1.593,0.076
-1.487,-0.413
-1.58,0.042
-1.604,-1.089
-1.761,-2.448
-1.797,1.126
-1.747,0.537
-1.921,0.961
-1.776,0.547
-1.968,-0.603
-2.261,1.402
-2.278,0.354
-2.231,-0.953
-2.331,0.191
-2.379,-1.278
-2.565,-1.998
-2.604,0.081
-2.656,-1.592
-2.539,0.871
-2.753,0.66
-2.79,0.191
-2.682,1.351
-2.733,-2.522
-2.808,0.983
-2.943,-2.461
-2.978,1.143
-2.983,-2.368
-3.022,0.22
-3.014,1.106
-3.116,-0.78
-3.051,-0.349
-3.091,-0.938
3.037,-1.181
2.917,0.415
2.889,-1.092
2.818,0.479
2.513,1.451
2.516,0.049
2.515,-1.503
2.306,-1.479
2.211,0.632
2.261,-1.187
2.216,-1.951
1.962,-1.006
1.834,-1.295
1.89,-0.966
1.649,-0.484
1.607,0.377
1.648,-0.758
1.565,-1.762
1.442,-0.297
1.42,-0.325
1.127,-1.293
1.084,-2.279
0.853,0.277
0.837,-0.39
0.701,-2.155
0.721,-0.55
0.595,1.229
0.456,0.161
0.316,-2.737
-0.279,-2.829
-0.987,-2.573
-1.919,-2.692
-2.121,-2.576
-2.169,-2.737
-2.882,-2.744
1.836,-2.756
0.732,-2.673
0.598,-2.556
0.775,-2.674
-0.045,1.658
-0.066,1.907
-0.056,1.605
-0.54,1.84
-0.608,1.592
-1.464,1.574
-2.018,1.789
-2.235,1.555
-2.359,1.899
-2.549,1.561
2.94,1.897
2.655,1.681
1.512,1.815
0.695,1.516
0.412,1.214
0.337,-0.66
2.269,-0.819
2.088,0.952
2.076,-0.152
1.173,-0.342
1.216,-0.482
0.801,0.561
0.02,0.439
-1.365,-0.288
0.683,0.458
0.486,0.449
-2.469,1.488
1.018,1.298
0.298,-2.327
-1.103,-2.336
2.418,1.625
-0.027,1.437
-0.103,-1.404
-0.192,0.907
-0.259,-1.35
-0.257,2.26
-0.269,-0.931
-0.429,-1.269
-0.543,-0.232
-0.544,-0.408
-0.799,0.346
-0.789,0.669
-0.805,-1.06
-0.785,-1.373
-0.824,-1.391
-0.954,0.162
-1.021,0.089
-1.198,-0.271
-1.26,1.173
-1.316,0.58
-1.342,1.228
-1.503,-0.311
-1.489,1.435
-1.681,0.284
-1.686,0.216
-1.713,1.936
-1.666,1.456
-1.668,2.187
-1.755,1.08
-1.691,0.473
-1.875,-0.683
-1.834,0.749
-1.903,0.836
-1.98,0.794
-1.918,-0.944
-1.971,-1.121
-2.053,0.458
-2.022,1.133
-2.083,-0.398
-2.019,-1.203
-2.114,-0.331
-2.206,-1.131
-2.219,-0.934
-2.164,1.641
-2.239,1.185
-2.246,2.272
-2.222,1.893
-2.299,1.077
-2.305,0.759
-2.288,-0.709
-2.313,2.434
-2.368,-0.853
-2.423,-0.38
-2.418,-1.216
-2.688,-0.151
-2.694,-1.415
-2.754,-1.376
-2.842,-0.655
-2.871,-0.06
-2.885,2.529
-2.843,0.925
-2.902,1.517
-2.94,-0.203
-3.038,-0.612
-3.046,-0.767
-3.028,1.893
-3.045,-1.145
3.124,-0.604
-3.095,-1.513
3.051,1.269
2.987,2.189
2.91,-0.224
2.744,-1.309
2.712,0.507
2.62,2.491
2.623,0.673
2.555,-0.964
2.528,-0.132
2.539,0.665
2.471,1.185
2.427,-0.003
2.291,1.174
2.241,2.011
1.91,-0.92
1.776,1.093
1.755,-0.532
1.807,1.46
1.77,0.383
1.758,-1.148
1.567,1.578
1.523,0.705
1.605,2.144
1.498,-0.954
1.461,2.087
1.501,0.437
1.479,1.986
1.375,0.526
1.299,0.165
1.277,0.105
1.232,-0.652
1.035,-1.506
1.021,-0.083
1.033,-0.457
0.976,-0.714
0.863,-0.767
0.89,0.194
0.742,-0.27
0.783,0.692
0.747,2.357
0.715,-0.469
0.638,2.244
0.626,1.955
0.512,-1.389
0.566,1.283
0.556,1.468
0.564,0.94
0.472,1.449
0.465,2.399
0.438,0.878
0.5,0.779
0.483,-0.264
0.478,-1.33
-0.33,-1.794
-0.382,-1.525
-0.52,-1.795
-2.465,-1.759
2.893,-1.608
2.814,-1.782
2.738,-1.619
1.034,-1.736
0.961,-1.442
-0.049,2.781
-0.325,2.579
-0.944,2.647
-2.087,2.693
-2.164,2.951
-2.37,2.842
-2.656,2.692
-2.891,2.999
-3.001,2.897
2.889,2.675
2.253,3.046
2.184,2.998
1.493,2.749
1.37,3.051
0.93,2.782
1.001,2.671
-0.261,-0.736
-1.61,0.728
-2.395,2.373
-2.437,0.079
-2.582,-0.494
-2.912,-0.395
3.038,2.308
1.418,-1.489
-0.168,-1.722
1.002,-1.623
0.083,2.654
0.453,-0.971
0.231,-1.312
0.22,0.748
0.165,0.323
0.182,1.267
-0.069,0.493
0.096,0.676
-0.058,0.549
-0.128,1.065
-0.051,0.925
-0.108,1.252
-0.282,-1.221
-0.33,0.065
-0.41,0.353
-0.607,0.629
-0.483,0.627
-0.687,-0.354
-0.807,-1.024
-0.888,1.32
-0.932,0.034
-0.926,-0.744
-0.845,2.344
-0.871,-1.215
-1.039,-0.815
-1.183,0.831
-1.193,-0.033
-1.224,2.339
-1.264,0.269
-1.233,0.109
-1.374,-1.271
-1.428,0.098
-1.586,1.112
-1.48,0.623
-1.573,1.078
-1.597,-0.053
-1.754,-1.412
-1.79,2.162
-1.74,1.573
-1.914,1.997
-1.769,1.583
-1.961,0.433
-2.254,2.438
-2.271,1.39
-2.224,0.083
-2.324,1.227
-2.372,-0.242
-2.558,-0.962
-2.597,1.117
-2.649,-0.556
-2.532,1.907
-2.746,1.696
-2.783,1.227
-2.675,2.387
-2.726,-1.486
-2.801,2.019
-2.936,-1.425
-2.971,2.179
-2.976,-1.332
-3.015,1.256
-3.007,2.142
-3.109,0.256
-3.044,0.687
-3.084,0.098
3.044,-0.145
2.924,1.451
2.896,-0.056
2.825,1.515
2.52,2.487
2.523,1.085
2.522,-0.467
2.313,-0.443
2.218,1.668
2.268,-0.151
2.223,-0.915
1.969,0.03
1.841,-0.259
1.897,0.07
1.656,0.552
1.614,1.413
1.655,0.278
1.572,-0.726
1.449,0.739
1.427,0.711
1.134,-0.257
1.091,-1.243
0.86,1.313
0.844,0.646
0.708,-1.119
0.728,0.486
0.602,2.265
0.463,1.197
0.323,-1.701
-0.272,-1.793
-0.98,-1.537
-1.912,-1.656
-2.114,-1.54
-2.162,-1.701
-2.875,-1.708
1.843,-1.72
0.739,-1.637
0.605,-1.52
0.782,-1.638
-0.038,2.694
-0.059,2.943
-0.049,2.641
-0.533,2.876
-0.601,2.628
-1.457,2.61
-2.011,2.825
-2.228,2.591
-2.352,2.935
-2.542,2.597
2.947,2.933
2.662,2.717
1.519,2.851
0.702,2.552
0.419,2.25
0.344,0.376
2.276,0.217
2.095,1.988
2.083,0.884
1.18,0.694
1.223,0.554
0.808,1.597
0.027,1.475
-1.358,0.748
0.69,1.494
0.493,1.485
-2.462,2.524
1.025,2.334
0.305,-1.291
-1.096,-1.3
2.425,2.661
-0.076,-2.841
-0.165,-0.53
-0.232,-2.787
-0.23,0.823
-0.242,-2.368
-0.402,-2.706
-0.516,-1.669
-0.517,-1.845
-0.772,-1.091
-0.762,-0.768
-0.778,-2.497
-0.758,-2.81
-0.797,-2.828
-0.927,-1.275
-0.994,-1.348
-1.171,-1.708
-1.233,-0.264
-1.289,-0.857
-1.315,-0.209
-1.476,-1.748
-1.462,-0.002
-1.654,-1.153
-1.659,-1.221
-1.686,0.499
-1.639,0.019
-1.641,0.75
-1.728,-0.357
-1.664,-0.964
-1.848,-2.12
-1.807,-0.688
-1.876,-0.601
-1.953,-0.643
-1.891,-2.381
-1.944,-2.558
-2.026,-0.979
-1.995,-0.304
-2.056,-1.835
-1.992,-2.64
-2.087,-1.768
-2.179,-2.568
-2.192,-2.371
-2.137,0.204
-2.212,-0.252
-2.219,0.835
-2.195,0.456
-2.272,-0.36
-2.278,-0.678
-2.261,-2.146
-2.286,0.997
-2.341,-2.29
-2.396,-1.817
-2.391,-2.653
-2.661,-1.588
-2.667,-2.852
-2.727,-2.813
-2.815,-2.092
-2.844,-1.497
-2.858,1.092
-2.816,-0.512
-2.875,0.08
-2.913,-1.64
-3.011,-2.049
-3.019,-2.204
-3.001,0.456
-3.018,-2.582
-3.132,-2.041
-3.068,-2.95
3.078,-0.168
3.014,0.752
2.937,-1.661
2.771,-2.746
2.739,-0.93
2.647,1.054
2.65,-0.764
2.582,-2.401
2.555,-1.569
2.566,-0.772
2.498,-0.252
2.454,-1.44
2.318,-0.263
2.268,0.574
1.937,-2.357
1.803,-0.344
1.782,-1.969
1.834,0.023
1.797,-1.054
1.785,-2.585
1.594,0.141
1.55,-0.732
1.632,0.707
1.525,-2.391
1.488,0.65
1.528,-1.0
1.506,0.549
1.402,-0.911
1.326,-1.272
1.304,-1.332
1.259,-2.089
1.062,-2.943
1.048,-1.52
1.06,-1.894
1.003,-2.151
0.89,-2.204
0.917,-1.243
0.769,-1.707
0.81,-0.745
0.774,0.92
0.742,-1.906
0.665,0.807
0.653,0.518
0.539,-2.826
0.593,-0.154
0.583,0.031
0.591,-0.497
0.499,0.012
0.492,0.962
0.465,-0.559
0.527,-0.658
0.51,-1.701
0.505,-2.767
-0.303,-3.231
-0.355,-2.962
-0.493,-3.232
-2.438,-3.196
2.92,-3.045
2.841,-3.219
2.765,-3.056
1.061,-3.173
0.988,-2.879
-0.022,1.344
-0.298,1.142
-0.917,1.21
-2.06,1.256
-2.137,1.514
-2.343,1.405
-2.629,1.255
-2.864,1.562
-2.974,1.46
2.916,1.238
2.28,1.609
2.211,1.561
1.52,1.312
1.397,1.614
0.957,1.345
1.028,1.234
-0.234,-2.173
-1.583,-0.709
-2.368,0.936
-2.41,-1.358
-2.555,-1.931
-2.885,-1.832
3.065,0.871
1.445,-2.926
-0.141,-3.159
1.029,-3.06
0.11,1.217
0.48,-2.408
0.258,-2.749
0.247,-0.689
0.192,-1.114
0.209,-0.17
-0.042,-0.944
0.123,-0.761
-0.031,-0.888
-0.101,-0.372
-0.024,-0.512
-0.081,-0.185
-0.255,-2.658
-0.303,-1.372
-0.383,-1.084
-0.58,-0.808
-0.456,-0.81
-0.66,-1.791
-0.78,-2.461
-0.861,-0.117
-0.905,-1.403
-0.899,-2.181
-0.818,0.907
-0.844,-2.652
-1.012,-2.252
-1.156,-0.606
-1.166,-1.47
-1.197,0.902
-1.237,-1.168
-1.206,-1.328
-1.347,-2.708
-1.401,-1.339
-1.559,-0.325
-1.453,-0.814
-1.546,-0.359
-1.57,-1.49
-1.727,-2.849
-1.763,0.725
-1.713,0.136
-1.887,0.56
-1.742,0.146
-1.934,-1.004
-2.227,1.001
-2.244,-0.047
-2.197,-1.354
-2.297,-0.21
-2.345,-1.679
-2.531,-2.399
-2.57,-0.32
-2.622,-1.993
-2.505,0.47
-2.719,0.259
-2.756,-0.21
-2.648,0.95
-2.699,-2.923
-2.774,0.582
-2.909,-2.862
-2.944,0.742
-2.949,-2.769
-2.988,-0.181
-2.98,0.705
-3.082,-1.181
-3.017,-0.75
-3.057,-1.339
3.071,-1.582
2.951,0.014
2.923,-1.493
2.852,0.078
2.547,1.05
2.55,-0.352
2.549,-1.904
2.34,-1.88
2.245,0.231
2.295,-1.588
2.25,-2.352
1.996,-1.407
1.868,-1.696
1.924,-1.367
1.683,-0.885
1.641,-0.024
1.682,-1.159
1.599,-2.163
1.476,-0.698
1.454,-0.726
1.161,-1.694
1.118,-2.68
0.887,-0.124
0.871,-0.791
0.735,-2.556
0.755,-0.951
0.629,0.828
0.49,-0.24
0.35,-3.138
-0.245,-3.23
-0.953,-2.974
-1.885,-3.093
-2.087,-2.977
-2.135,-3.138
-2.848,-3.145
1.87,-3.157
0.766,-3.074
0.632,-2.957
0.809,-3.075
-0.011,1.257
-0.032,1.506
-0.022,1.204
-0.506,1.439
-0.574,1.191
-1.43,1.173
-1.984,1.388
-2.201,1.154
-2.325,1.498
-2.515,1.16
2.974,1.496
2.689,1.28
1.546,1.414
0.729,1.115
0.446,0.813
0.371,-1.061
2.303,-1.22
2.122,0.551
2.11,-0.553
1.207,-0.743
1.25,-0.883
0.835,0.16
0.054,0.038
-1.331,-0.689
0.717,0.057
0.52,0.048
-2.435,1.087
1.052,0.897
0.332,-2.728
-1.069,-2.737
2.452,1.224
-0.089,2.311
-0.156,0.054
-0.154,3.664
-0.166,0.473
-0.326,0.135
-0.44,1.172
-0.441,0.996
-0.696,1.75
-0.686,2.073
-0.702,0.344
-0.682,0.031
-0.721,0.013
-0.851,1.566
-0.918,1.493
-1.095,1.133
-1.157,2.577
-1.213,1.984
-1.239,2.632
-1.4,1.093
-1.386,2.839
-1.578,1.688
-1.583,1.62
-1.61,3.34
-1.563,2.86
-1.565,3.591
-1.652,2.484
-1.588,1.877
-1.772,0.721
-1.731,2.153
-1.8,2.24
-1.877,2.198
-1.815,0.46
-1.868,0.283
-1.95,1.862
-1.919,2.537
-1.98,1.006
-1.916,0.201
-2.011,1.073
-2.103,0.273
-2.116,0.47
-2.061,3.045
-2.136,2.589
-2.143,3.676
-2.119,3.297
-2.196,2.481
-2.202,2.163
-2.185,0.695
-2.21,3.838
-2.265,0.551
-2.32,1.024
-2.315,0.188
-2.585,1.253
-2.591,-0.011
-2.651,0.028
-2.739,0.749
-2.768,1.344
-2.782,3.933
-2.74,2.329
-2.799,2.921
-2.837,1.201
-2.935,0.792
-2.943,0.637
-2.925,3.297
-2.942,0.259
-3.056,0.8
-2.992,-0.109
-3.129,2.673
3.09,3.593
3.013,1.18
2.847,0.095
2.815,1.911
2.723,3.895
2.726,2.077
2.658,0.44
2.631,1.272
2.642,2.069
2.574,2.589
2.53,1.401
2.394,2.578
2.344,3.415
2.013,0.484
1.879,2.497
1.858,0.872
1.91,2.864
1.873,1.787
1.861,0.256
1.67,2.982
1.626,2.109
1.708,3.548
1.601,0.45
1.564,3.491
1.604,1.841
1.582,3.39
1.478,1.93
1.402,1.569
1.38,1.509
1.335,0.752
1.138,-0.102
1.124,1.321
1.136,0.947
1.079,0.69
0.966,0.637
0.993,1.598
0.845,1.134
0.886,2.096
0.85,3.761
0.818,0.935
0.741,3.648
0.729,3.359
0.615,0.015
0.669,2.687
0.659,2.872
0.667,2.344
0.575,2.853
0.568,3.803
0.541,2.282
0.603,2.183
0.586,1.14
0.581,0.074
-0.227,-0.39
-0.279,-0.121
-0.417,-0.391
-2.362,-0.355
2.996,-0.204
2.917,-0.378
2.841,-0.215
1.137,-0.332
1.064,-0.038
0.054,4.185
-0.222,3.983
-0.841,4.051
-1.984,4.097
-2.061,4.355
-2.267,4.246
-2.553,4.096
-2.788,4.403
-2.898,4.301
2.992,4.079
2.356,4.45
2.287,4.402
1.596,4.153
1.473,4.455
1.033,4.186
1.104,4.075
-0.158,0.668
-1.507,2.132
-2.292,3.777
-2.334,1.483
-2.479,0.91
-2.809,1.009
3.141,3.712
1.521,-0.085
-0.065,-0.318
1.105,-0.219
0.186,4.058
0.556,0.433
0.334,0.092
0.323,2.152
0.268,1.727
0.285,2.671
0.034,1.897
0.199,2.08
0.045,1.953
-0.025,2.469
0.052,2.329
-0.005,2.656
-0.179,0.183
-0.227,1.469
-0.307,1.757
-0.504,2.033
-0.38,2.031
-0.584,1.05
-0.704,0.38
-0.785,2.724
-0.829,1.438
-0.823,0.66
-0.742,3.748
-0.768,0.189
-0.936,0.589
-1.08,2.235
-1.09,1.371
-1.121,3.743
-1.161,1.673
-1.13,1.513
-1.271,0.133
-1.325,1.502
-1.483,2.516
-1.377,2.027
-1.47,2.482
-1.494,1.351
-1.651,-0.008
-1.687,3.566
-1.637,2.977
-1.811,3.401
-1.666,2.987
-1.858,1.837
-2.151,3.842
-2.168,2.794
-2.121,1.487
-2.221,2.631
-2.269,1.162
-2.455,0.442
-2.494,2.521
-2.546,0.848
-2.429,3.311
-2.643,3.1
-2.68,2.631
-2.572,3.791
-2.623,-0.082
-2.698,3.423
-2.833,-0.021
-2.868,3.583
-2.873,0.072
-2.912,2.66
-2.904,3.546
-3.006,1.66
-2.941,2.091
-2.981,1.502
-3.136,1.259
3.027,2.855
2.999,1.348
2.928,2.919
2.623,3.891
2.626,2.489
2.625,0.937
2.416,0.961
2.321,3.072
2.371,1.253
2.326,0.489
2.072,1.434
1.944,1.145
2.0,1.474
1.759,1.956
1.717,2.817
1.758,1.682
1.675,0.678
1.552,2.143
1.53,2.115
1.237,1.147
1.194,0.161
0.963,2.717
0.947,2.05
0.811,0.285
0.831,1.89
0.705,3.669
0.566,2.601
0.426,-0.297
-0.169,-0.389
-0.877,-0.133
-1.809,-0.252
-2.011,-0.136
-2.059,-0.297
-2.772,-0.304
1.946,-0.316
0.842,-0.233
0.708,-0.116
0.885,-0.234
0.065,4.098
0.044,4.347
0.054,4.045
-0.43,4.28
-0.498,4.032
-1.354,4.014
-1.908,4.229
-2.125,3.995
-2.249,4.339
-2.439,4.001
3.05,4.337
2.765,4.121
1.622,4.255
0.805,3.956
0.522,3.654
0.447,1.78
2.379,1.621
2.198,3.392
2.186,2.288
1.283,2.098
1.326,1.958
0.911,3.001
0.13,2.879
-1.255,2.152
0.793,2.898
0.596,2.889
-2.359,3.928
1.128,3.738
0.408,0.113
-0.993,0.104
2.528,4.065
-0.067,-2.257
-0.065,1.353
-0.077,-1.838
-0.237,-2.176
-0.351,-1.139
-0.352,-1.315
-0.607,-0.561
-0.597,-0.238
-0.613,-1.967
-0.593,-2.28
-0.632,-2.298
-0.762,-0.745
-0.829,-0.818
-1.006,-1.178
-1.068,0.266
-1.124,-0.327
-1.15,0.321
-1.311,-1.218
-1.297,0.528
-1.489,-0.623
-1.494,-0.691
-1.521,1.029
-1.474,0.549
-1.476,1.28
-1.563,0.173
-1.499,-0.434
-1.683,-1.59
-1.642,-0.158
-1.711,-0.071
-1.788,-0.113
-1.726,-1.851
-1.779,-2.028
-1.861,-0.449
-1.83,0.226
-1.891,-1.305
-1.827,-2.11
-1.922,-1.238
-2.014,-2.038
-2.027,-1.841
-1.972,0.734
-2.047,0.278
-2.054,1.365
-2.03,0.986
-2.107,0.17
-2.113,-0.148
-2.096,-1.616
-2.121,1.527
-2.176,-1.76
-2.231,-1.287
-2.226,-2.123
-2.496,-1.058
-2.502,-2.322
-2.562,-2.283
-2.65,-1.562
-2.679,-0.967
-2.693,1.622
-2.651,0.018
-2.71,0.61
-2.748,-1.11
-2.846,-1.519
-2.854,-1.674
-2.836,0.986
-2.853,-2.052
-2.967,-1.511
-2.903,-2.42
-3.04,0.362
-3.104,1.282
3.102,-1.131
2.936,-2.216
2.904,-0.4
2.812,1.584
2.815,-0.234
2.747,-1.871
2.72,-1.039
2.731,-0.242
2.663,0.278
2.619,-0.91
2.483,0.267
2.433,1.104
2.102,-1.827
1.968,0.186
1.947,-1.439
1.999,0.553
1.962,-0.524
1.95,-2.055
1.759,0.671
1.715,-0.202
1.797,1.237
1.69,-1.861
1.653,1.18
1.693,-0.47
1.671,1.079
1.567,-0.381
1.491,-0.742
1.469,-0.802
1.424,-1.559
1.227,-2.413
1.213,-0.99
1.225,-1.364
1.168,-1.621
1.055,-1.674
1.082,-0.713
0.934,-1.177
0.975,-0.215
0.939,1.45
0.907,-1.376
0.83,1.337
0.818,1.048
0.704,-2.296
0.758,0.376
0.748,0.561
0.756,0.033
0.664,0.542
0.657,1.492
0.63,-0.029
0.692,-0.128
0.675,-1.171
0.67,-2.237
-0.138,-2.701
-0.19,-2.432
-0.328,-2.702
-2.273,-2.666
3.085,-2.515
3.006,-2.689
2.93,-2.526
1.226,-2.643
1.153,-2.349
0.143,1.874
-0.133,1.672
-0.752,1.74
-1.895,1.786
-1.972,2.044
-2.178,1.935
-2.464,1.785
-2.699,2.092
-2.809,1.99
3.081,1.768
2.445,2.139
2.376,2.091
1.685,1.842
1.562,2.144
1.122,1.875
1.193,1.764
-0.069,-1.643
-1.418,-0.179
-2.203,1.466
-2.245,-0.828
-2.39,-1.401
-2.72,-1.302
-3.053,1.401
1.61,-2.396
0.024,-2.629
1.194,-2.53
0.275,1.747
0.645,-1.878
0.423,-2.219
0.412,-0.159
0.357,-0.584
0.374,0.36
0.123,-0.414
0.288,-0.231
0.134,-0.358
0.064,0.158
0.141,0.018
0.084,0.345
-0.09,-2.128
-0.138,-0.842
-0.218,-0.554
-0.415,-0.278
-0.291,-0.28
-0.495,-1.261
-0.615,-1.931
-0.696,0.413
-0.74,-0.873
-0.734,-1.651
-0.653,1.437
-0.679,-2.122
-0.847,-1.722
-0.991,-0.076
-1.001,-0.94
-1.032,1.432
-1.072,-0.638
-1.041,-0.798
-1.182,-2.178
-1.236,-0.809
-1.394,0.205
-1.288,-0.284
-1.381,0.171
-1.405,-0.96
-1.562,-2.319
-1.598,1.255
-1.548,0.666
-1.722,1.09
-1.577,0.676
-1.769,-0.474
-2.062,1.531
-2.079,0.483
-2.032,-0.824
-2.132,0.32
-2.18,-1.149
-2.366,-1.869
-2.405,0.21
-2.457,-1.463
-2.34,1.0
-2.554,0.789
-2.591,0.32
-2.483,1.48
-2.534,-2.393
-2.609,1.112
-2.744,-2.332
-2.779,1.272
-2.784,-2.239
-2.823,0.349
-2.815,1.235
-2.917,-0.651
-2.852,-0.22
-2.892,-0.809
-3.047,-1.052
3.116,0.544
3.088,-0.963
3.017,0.608
2.712,1.58
2.715,0.178
2.714,-1.374
2.505,-1.35
2.41,0.761
2.46,-1.058
2.415,-1.822
2.161,-0.877
2.033,-1.166
2.089,-0.837
1.848,-0.355
1.806,0.506
1.847,-0.629
1.764,-1.633
1.641,-0.168
1.619,-0.196
1.326,-1.164
1.283,-2.15
1.052,0.406
1.036,-0.261
0.9,-2.026
0.92,-0.421
0.794,1.358
0.655,0.29
0.515,-2.608
-0.08,-2.7
-0.788,-2.444
-1.72,-2.563
-1.922,-2.447
-1.97,-2.608
-2.683,-2.615
2.035,-2.627
0.931,-2.544
0.797,-2.427
0.974,-2.545
0.154,1.787
0.133,2.036
0.143,1.734
-0.341,1.969
-0.409,1.721
-1.265,1.703
-1.819,1.918
-2.036,1.684
-2.16,2.028
-2.35,1.69
3.139,2.026
2.854,1.81
1.711,1.944
0.894,1.645
0.611,1.343
0.536,-0.531
2.468,-0.69
2.287,1.081
2.275,-0.023
1.372,-0.213
1.415,-0.353
1.0,0.69
0.219,0.568
-1.166,-0.159
0.882,0.587
0.685,0.578
-2.27,1.617
1.217,1.427
0.497,-2.198
-0.904,-2.207
2.617,1.754
0.002,3.61
-0.01,0.419
-0.17,0.081
-0.284,1.118
-0.285,0.942
-0.54,1.696
-0.53,2.019
-0.546,0.29
-0.526,-0.023
-0.565,-0.041
-0.695,1.512
-0.762,1.439
-0.939,1.079
-1.001,2.523
-1.057,1.93
-1.083,2.578
-1.244,1.039
-1.23,2.785
-1.422,1.634
-1.427,1.566
-1.454,3.286
-1.407,2.806
-1.409,3.537
-1.496,2.43
-1.432,1.823
-1.616,0.667
-1.575,2.099
-1.644,2.186
-1.721,2.144
-1.659,0.406
-1.712,0.229
-1.794,1.808
-1.763,2.483
-1.824,0.952
-1.76,0.147
-1.855,1.019
-1.947,0.219
-1.96,0.416
-1.905,2.991
-1.98,2.535
-1.987,3.622
-1.963,3.243
-2.04,2.427
-2.046,2.109
-2.029,0.641
-2.054,3.784
-2.109,0.497
-2.164,0.97
-2.159,0.134
-2.429,1.199
-2.435,-0.065
-2.495,-0.026
-2.583,0.695
-2.612,1.29
-2.626,3.879
-2.584,2.275
-2.643,2.867
-2.681,1.147
-2.779,0.738
-2.787,0.583
-2.769,3.243
-2.786,0.205
-2.9,0.746
-2.836,-0.163
-2.973,2.619
-3.037,3.539
-3.114,1.126
3.003,0.041
2.971,1.857
2.879,3.841
2.882,2.023
2.814,0.386
2.787,1.218
2.798,2.015
2.73,2.535
2.686,1.347
2.55,2.524
2.5,3.361
2.169,0.43
2.035,2.443
2.014,0.818
2.066,2.81
2.029,1.733
2.017,0.202
1.826,2.928
1.782,2.055
1.864,3.494
1.757,0.396
1.72,3.437
1.76,1.787
1.738,3.336
1.634,1.876
1.558,1.515
1.536,1.455
1.491,0.698
1.294,-0.156
1.28,1.267
1.292,0.893
1.235,0.636
1.122,0.583
1.149,1.544
1.001,1.08
1.042,2.042
1.006,3.707
0.974,0.881
0.897,3.594
0.885,3.305
0.771,-0.039
0.825,2.633
0.815,2.818
0.823,2.29
0.731,2.799
0.724,3.749
0.697,2.228
0.759,2.129
0.742,1.086
0.737,0.02
-0.071,-0.444
-0.123,-0.175
-0.261,-0.445
-2.206,-0.409
-3.131,-0.258
3.073,-0.432
2.997,-0.269
1.293,-0.386
1.22,-0.092
0.21,4.131
-0.066,3.929
-0.685,3.997
-1.828,4.043
-1.905,4.301
-2.111,4.192
-2.397,4.042
-2.632,4.349
-2.742,4.247
-3.135,4.025
2.512,4.396
2.443,4.348
1.752,4.099
1.629,4.401
1.189,4.132
1.26,4.021
-0.002,0.614
-1.351,2.078
-2.136,3.723
-2.178,1.429
-2.323,0.856
-2.653,0.955
-2.986,3.658
1.677,-0.139
0.091,-0.372
1.261,-0.273
0.342,4.004
0.712,0.379
0.49,0.038
0.479,2.098
0.424,1.673
0.441,2.617
0.19,1.843
0.355,2.026
0.201,1.899
0.131,2.415
0.208,2.275
0.151,2.602
-0.023,0.129
-0.071,1.415
-0.151,1.703
-0.348,1.979
-0.224,1.977
-0.428,0.996
-0.548,0.326
-0.629,2.67
-0.673,1.384
-0.667,0.606
-0.586,3.694
-0.612,0.135
-0.78,0.535
-0.924,2.181
-0.934,1.317
-0.965,3.689
-1.005,1.619
-0.974,1.459
-1.115,0.079
-1.169,1.448
-1.327,2.462
-1.221,1.973
-1.314,2.428
-1.338,1.297
-1.495,-0.062
-1.531,3.512
-1.481,2.923
-1.655,3.347
-1.51,2.933
-1.702,1.783
-1.995,3.788
-2.012,2.74
-1.965,1.433
-2.065,2.577
-2.113,1.108
-2.299,0.388
-2.338,2.467
-2.39,0.794
-2.273,3.257
-2.487,3.046
-2.524,2.577
-2.416,3.737
-2.467,-0.136
-2.542,3.369
-2.677,-0.075
-2.712,3.529
-2.717,0.018
-2.756,2.606
-2.748,3.492
-2.85,1.606
-2.785,2.037
-2.825,1.448
-2.98,1.205
-3.1,2.801
-3.128,1.294
3.084,2.865
2.779,3.837
2.782,2.435
2.781,0.883
2.572,0.907
2.477,3.018
2.527,1.199
2.482,0.435
2.228,1.38
2.1,1.091
2.156,1.42
1.915,1.902
1.873,2.763
1.914,1.628
1.831,0.624
1.708,2.089
1.686,2.061
1.393,1.093
1.35,0.107
1.119,2.663
1.103,1.996
0.967,0.231
0.987,1.836
0.861,3.615
0.722,2.547
0.582,-0.351
-0.013,-0.443
-0.721,-0.187
-1.653,-0.306
-1.855,-0.19
-1.903,-0.351
-2.616,-0.358
2.102,-0.37
0.998,-0.287
0.864,-0.17
1.041,-0.288
0.221,4.044
0.2,4.293
0.21,3.991
-0.274,4.226
-0.342,3.978
-1.198,3.96
-1.752,4.175
-1.969,3.941
-2.093,4.285
-2.283,3.947
-3.077,4.283
2.921,4.067
1.778,4.201
0.961,3.902
0.678,3.6
0.603,1.726
2.535,1.567
2.354,3.338
2.342,2.234
1.439,2.044
1.482,1.904
1.067,2.947
0.286,2.825
-1.099,2.098
0.949,2.844
0.752,2.835
-2.203,3.874
1.284,3.684
0.564,0.059
-0.837,0.05
2.684,4.011
-0.012,-3.191
-0.172,-3.529
-0.286,-2.492
-0.287,-2.668
-0.542,-1.914
-0.532,-1.591
-0.548,-3.32
-0.528,-3.633
-0.567,-3.651
-0.697,-2.098
-0.764,-2.171
-0.941,-2.531
-1.003,-1.087
-1.059,-1.68
-1.085,-1.032
-1.246,-2.571
-1.232,-0.825
-1.424,-1.976
-1.429,-2.044
-1.456,-0.324
-1.409,-0.804
-1.411,-0.073
-1.498,-1.18
-1.434,-1.787
-1.618,-2.943
-1.577,-1.511
-1.646,-1.424
-1.723,-1.466
-1.661,-3.204
-1.714,-3.381
-1.796,-1.802
-1.765,-1.127
-1.826,-2.658
-1.762,-3.463
-1.857,-2.591
-1.949,-3.391
-1.962,-3.194
-1.907,-0.619
-1.982,-1.075
-1.989,0.012
-1.965,-0.367
-2.042,-1.183
-2.048,-1.501
-2.031,-2.969
-2.056,0.174
-2.111,-3.113
-2.166,-2.64
-2.161,-3.476
-2.431,-2.411
-2.437,-3.675
-2.497,-3.636
-2.585,-2.915
-2.614,-2.32
-2.628,0.269
-2.586,-1.335
-2.645,-0.743
-2.683,-2.463
-2.781,-2.872
-2.789,-3.027
-2.771,-0.367
-2.788,-3.405
-2.902,-2.864
-2.838,-3.773
-2.975,-0.991
-3.039,-0.071
-3.116,-2.484
3.001,-3.569
2.969,-1.753
2.877,0.231
2.88,-1.587
2.812,-3.224
2.785,-2.392
2.796,-1.595
2.728,-1.075
2.684,-2.263
2.548,-1.086
2.498,-0.249
2.167,-3.18
2.033,-1.167
2.012,-2.792
2.064,-0.8
2.027,-1.877
2.015,-3.408
1.824,-0.682
1.78,-1.555
1.862,-0.116
1.755,-3.214
1.718,-0.173
1.758,-1.823
1.736,-0.274
1.632,-1.734
1.556,-2.095
1.534,-2.155
1.489,-2.912
1.292,-3.766
1.278,-2.343
1.29,-2.717
1.233,-2.974
1.12,-3.027
1.147,-2.066
0.999,-2.53
1.04,-1.568
1.004,0.097
0.972,-2.729
0.895,-0.016
0.883,-0.305
0.769,-3.649
0.823,-0.977
0.813,-0.792
0.821,-1.32
0.729,-0.811
0.722,0.139
0.695,-1.382
0.757,-1.481
0.74,-2.524
0.735,-3.59
-0.073,-4.054
-0.125,-3.785
-0.263,-4.055
-2.208,-4.019
-3.133,-3.868
3.071,-4.042
2.995,-3.879
1.291,-3.996
1.218,-3.702
0.208,0.521
-0.068,0.319
-0.687,0.387
-1.83,0.433
-1.907,0.691
-2.113,0.582
-2.399,0.432
-2.634,0.739
-2.744,0.637
-3.137,0.415
2.51,0.786
2.441,0.738
1.75,0.489
1.627,0.791
1.187,0.522
1.258,0.411
-0.004,-2.996
-1.353,-1.532
-2.138,0.113
-2.18,-2.181
-2.325,-2.754
-2.655,-2.655
-2.988,0.048
1.675,-3.749
0.089,-3.982
1.259,-3.883
0.34,0.394
0.71,-3.231
0.488,-3.572
0.477,-1.512
0.422,-1.937
0.439,-0.993
0.188,-1.767
0.353,-1.584
0.199,-1.711
0.129,-1.195
0.206,-1.335
0.149,-1.008
-0.025,-3.481
-0.073,-2.195
-0.153,-1.907
-0.35,-1.631
-0.226,-1.633
-0.43,-2.614
-0.55,-3.284
-0.631,-0.94
-0.675,-2.226
-0.669,-3.004
-0.588,0.084
-0.614,-3.475
-0.782,-3.075
-0.926,-1.429
-0.936,-2.293
-0.967,0.079
-1.007,-1.991
-0.976,-2.151
-1.117,-3.531
-1.171,-2.162
-1.329,-1.148
-1.223,-1.637
-1.316,-1.182
-1.34,-2.313
-1.497,-3.672
-1.533,-0.098
-1.483,-0.687
-1.657,-0.263
-1.512,-0.677
-1.704,-1.827
-1.997,0.178
-2.014,-0.87
-1.967,-2.177
-2.067,-1.033
-2.115,-2.502
-2.301,-3.222
-2.34,-1.143
-2.392,-2.816
-2.275,-0.353
-2.489,-0.564
-2.526,-1.033
-2.418,0.127
-2.469,-3.746
-2.544,-0.241
-2.679,-3.685
-2.714,-0.081
-2.719,-3.592
-2.758,-1.004
-2.75,-0.118
-2.852,-2.004
-2.787,-1.573
-2.827,-2.162
-2.982,-2.405
-3.102,-0.809
-3.13,-2.316
3.082,-0.745
2.777,0.227
2.78,-1.175
2.779,-2.727
2.57,-2.703
2.475,-0.592
2.525,-2.411
2.48,-3.175
2.226,-2.23
2.098,-2.519
2.154,-2.19
1.913,-1.708
1.871,-0.847
1.912,-1.982
1.829,-2.986
1.706,-1.521
1.684,-1.549
1.391,-2.517
1.348,-3.503
1.117,-0.947
1.101,-1.614
0.965,-3.379
0.985,-1.774
0.859,0.005
0.72,-1.063
0.58,-3.961
-0.015,-4.053
-0.723,-3.797
-1.655,-3.916
-1.857,-3.8
-1.905,-3.961
-2.618,-3.968
2.1,-3.98
0.996,-3.897
0.862,-3.78
1.039,-3.898
0.219,0.434
0.198,0.683
0.208,0.381
-0.276,0.616
-0.344,0.368
-1.2,0.35
-1.754,0.565
-1.971,0.331
-2.095,0.675
-2.285,0.337
-3.079,0.673
2.919,0.457
1.776,0.591
0.959,0.292
0.676,-0.01
0.601,-1.884
2.533,-2.043
2.352,-0.272
2.34,-1.376
1.437,-1.566
1.48,-1.706
1.065,-0.663
0.284,-0.785
-1.101,-1.512
0.947,-0.766
0.75,-0.775
-2.205,0.264
1.282,0.074
0.562,-3.551
-0.839,-3.56
2.682,0.401
-0.16,-0.338
-0.274,0.699
-0.275,0.523
-0.53,1.277
-0.52,1.6
-0.536,-0.129
-0.516,-0.442
-0.555,-0.46
-0.685,1.093
-0.752,1.02
-0.929,0.66
-0.991,2.104
-1.047,1.511
-1.073,2.159
-1.234,0.62
-1.22,2.366
-1.412,1.215
-1.417,1.147
-1.444,2.867
-1.397,2.387
-1.399,3.118
-1.486,2.011
-1.422,1.404
-1.606,0.248
-1.565,1.68
-1.634,1.767
-1.711,1.725
-1.649,-0.013
-1.702,-0.19
-1.784,1.389
-1.753,2.064
-1.814,0.533
-1.75,-0.272
-1.845,0.6
-1.937,-0.2
-1.95,-0.003
-1.895,2.572
-1.97,2.116
-1.977,3.203
-1.953,2.824
-2.03,2.008
-2.036,1.69
-2.019,0.222
-2.044,3.365
-2.099,0.078
-2.154,0.551
-2.149,-0.285
-2.419,0.78
-2.425,-0.484
-2.485,-0.445
-2.573,0.276
-2.602,0.871
-2.616,3.46
-2.574,1.856
-2.633,2.448
-2.671,0.728
-2.769,0.319
-2.777,0.164
-2.759,2.824
-2.776,-0.214
-2.89,0.327
-2.826,-0.582
-2.963,2.2
-3.027,3.12
-3.104,0.707
3.013,-0.378
2.981,1.438
2.889,3.422
2.892,1.604
2.824,-0.033
2.797,0.799
2.808,1.596
2.74,2.116
2.696,0.928
2.56,2.105
2.51,2.942
2.179,0.011
2.045,2.024
2.024,0.399
2.076,2.391
2.039,1.314
2.027,-0.217
1.836,2.509
1.792,1.636
1.874,3.075
1.767,-0.023
1.73,3.018
1.77,1.368
1.748,2.917
1.644,1.457
1.568,1.096
1.546,1.036
1.501,0.279
1.304,-0.575
1.29,0.848
1.302,0.474
1.245,0.217
1.132,0.164
1.159,1.125
1.011,0.661
1.052,1.623
1.016,3.288
0.984,0.462
0.907,3.175
0.895,2.886
0.781,-0.458
0.835,2.214
0.825,2.399
0.833,1.871
0.741,2.38
0.734,3.33
0.707,1.809
0.769,1.71
0.752,0.667
0.747,-0.399
-0.061,-0.863
-0.113,-0.594
-0.251,-0.864
-2.196,-0.828
-3.121,-0.677
3.083,-0.851
3.007,-0.688
1.303,-0.805
1.23,-0.511
0.22,3.712
-0.056,3.51
-0.675,3.578
-1.818,3.624
-1.895,3.882
-2.101,3.773
-2.387,3.623
-2.622,3.93
-2.732,3.828
-3.125,3.606
2.522,3.977
2.453,3.929
1.762,3.68
1.639,3.982
1.199,3.713
1.27,3.602
0.008,0.195
-1.341,1.659
-2.126,3.304
-2.168,1.01
-2.313,0.437
-2.643,0.536
-2.976,3.239
1.687,-0.558
0.101,-0.791
1.271,-0.692
0.352,3.585
0.722,-0.04
0.5,-0.381
0.489,1.679
0.434,1.254
0.451,2.198
0.2,1.424
0.365,1.607
0.211,1.48
0.141,1.996
0.218,1.856
0.161,2.183
-0.013,-0.29
-0.061,0.996
-0.141,1.284
-0.338,1.56
-0.214,1.558
-0.418,0.577
-0.538,-0.093
-0.619,2.251
-0.663,0.965
-0.657,0.187
-0.576,3.275
-0.602,-0.284
-0.77,0.116
-0.914,1.762
-0.924,0.898
-0.955,3.27
-0.995,1.2
-0.964,1.04
-1.105,-0.34
-1.159,1.029
-1.317,2.043
-1.211,1.554
-1.304,2.009
-1.328,0.878
-1.485,-0.481
-1.521,3.093
-1.471,2.504
-1.645,2.928
-1.5,2.514
-1.692,1.364
-1.985,3.369
-2.002,2.321
-1.955,1.014
-2.055,2.158
-2.103,0.689
-2.289,-0.031
-2.328,2.048
-2.38,0.375
-2.263,2.838
-2.477,2.627
-2.514,2.158
-2.406,3.318
-2.457,-0.555
-2.532,2.95
-2.667,-0.494
-2.702,3.11
-2.707,-0.401
-2.746,2.187
-2.738,3.073
-2.84,1.187
-2.775,1.618
-2.815,1.029
-2.97,0.786
-3.09,2.382
-3.118,0.875
3.094,2.446
2.789,3.418
2.792,2.016
2.791,0.464
2.582,0.488
2.487,2.599
2.537,0.78
2.492,0.016
2.238,0.961
2.11,0.672
2.166,1.001
1.925,1.483
1.883,2.344
1.924,1.209
1.841,0.205
1.718,1.67
1.696,1.642
1.403,0.674
1.36,-0.312
1.129,2.244
1.113,1.577
0.977,-0.188
0.997,1.417
0.871,3.196
0.732,2.128
0.592,-0.77
-0.003,-0.862
-0.711,-0.606
-1.643,-0.725
-1.845,-0.609
-1.893,-0.77
-2.606,-0.777
2.112,-0.789
1.008,-0.706
0.874,-0.589
1.051,-0.707
0.231,3.625
0.21,3.874
0.22,3.572
-0.264,3.807
-0.332,3.559
-1.188,3.541
-1.742,3.756
-1.959,3.522
-2.083,3.866
-2.273,3.528
-3.067,3.864
2.931,3.648
1.788,3.782
0.971,3.483
0.688,3.181
0.613,1.307
2.545,1.148
2.364,2.919
2.352,1.815
1.449,1.625
1.492,1.485
1.077,2.528
0.296,2.406
-1.089,1.679
0.959,2.425
0.762,2.416
-2.193,3.455
1.294,3.265
0.574,-0.36
-0.827,-0.369
2.694,3.592
-0.114,1.037
-0.115,0.861
-0.37,1.615
-0.36,1.938
-0.376,0.209
-0.356,-0.104
-0.395,-0.122
-0.525,1.431
-0.592,1.358
-0.769,0.998
-0.831,2.442
-0.887,1.849
-0.913,2.497
-1.074,0.958
-1.06,2.704
-1.252,1.553
-1.257,1.485
-1.284,3.205
-1.237,2.725
-1.239,3.456
-1.326,2.349
-1.262,1.742
-1.446,0.586
-1.405,2.018
-1.474,2.105
-1.551,2.063
-1.489,0.325
-1.542,0.148
-1.624,1.727
-1.593,2.402
-1.654,0.871
-1.59,0.066
-1.685,0.938
-1.777,0.138
-1.79,0.335
-1.735,2.91
-1.81,2.454
-1.817,3.541
-1.793,3.162
-1.87,2.346
-1.876,2.028
-1.859,0.56
-1.884,3.703
-1.939,0.416
-1.994,0.889
-1.989,0.053
-2.259,1.118
-2.265,-0.146
-2.325,-0.107
-2.413,0.614
-2.442,1.209
-2.456,3.798
-2.414,2.194
-2.473,2.786
-2.511,1.066
-2.609,0.657
-2.617,0.502
-2.599,3.162
-2.616,0.124
-2.73,0.665
-2.666,-0.244
-2.803,2.538
-2.867,3.458
-2.944,1.045
-3.11,-0.04
3.141,1.776
3.049,3.76
3.052,1.942
2.984,0.305
2.957,1.137
2.968,1.934
2.9,2.454
2.856,1.266
2.72,2.443
2.67,3.28
2.339,0.349
2.205,2.362
2.184,0.737
2.236,2.729
2.199,1.652
2.187,0.121
1.996,2.847
1.952,1.974
2.034,3.413
1.927,0.315
1.89,3.356
1.93,1.706
1.908,3.255
1.804,1.795
1.728,1.434
1.706,1.374
1.661,0.617
1.464,-0.237
1.45,1.186
1.462,0.812
1.405,0.555
1.292,0.502
1.319,1.463
1.171,0.999
1.212,1.961
1.176,3.626
1.144,0.8
1.067,3.513
1.055,3.224
0.941,-0.12
0.995,2.552
0.985,2.737
0.993,2.209
0.901,2.718
0.894,3.668
0.867,2.147
0.929,2.048
0.912,1.005
0.907,-0.061
0.099,-0.525
0.047,-0.256
-0.091,-0.526
-2.036,-0.49
-2.961,-0.339
-3.04,-0.513
-3.116,-0.35
1.463,-0.467
1.39,-0.173
0.38,4.05
0.104,3.848
-0.515,3.916
-1.658,3.962
-1.735,4.22
-1.941,4.111
-2.227,3.961
-2.462,4.268
-2.572,4.166
-2.965,3.944
2.682,4.315
2.613,4.267
1.922,4.018
1.799,4.32
1.359,4.051
1.43,3.94
0.168,0.533
-1.181,1.997
-1.966,3.642
-2.008,1.348
-2.153,0.775
-2.483,0.874
-2.816,3.577
1.847,-0.22
0.261,-0.453
1.431,-0.354
0.512,3.923
0.882,0.298
0.66,-0.043
0.649,2.017
0.594,1.592
0.611,2.536
0.36,1.762
0.525,1.945
0.371,1.818
0.301,2.334
0.378,2.194
0.321,2.521
0.147,0.048
0.099,1.334
0.019,1.622
-0.178,1.898
-0.054,1.896
-0.258,0.915
-0.378,0.245
-0.459,2.589
-0.503,1.303
-0.497,0.525
-0.416,3.613
-0.442,0.054
-0.61,0.454
-0.754,2.1
-0.764,1.236
-0.795,3.608
-0.835,1.538
-0.804,1.378
-0.945,-0.002
-0.999,1.367
-1.157,2.381
-1.051,1.892
-1.144,2.347
-1.168,1.216
-1.325,-0.143
-1.361,3.431
-1.311,2.842
-1.485,3.266
-1.34,2.852
-1.532,1.702
-1.825,3.707
-1.842,2.659
-1.795,1.352
-1.895,2.496
-1.943,1.027
-2.129,0.307
-2.168,2.386
-2.22,0.713
-2.103,3.176
-2.317,2.965
-2.354,2.496
-2.246,3.656
-2.297,-0.217
-2.372,3.288
-2.507,-0.156
-2.542,3.448
-2.547,-0.063
-2.586,2.525
-2.578,3.411
-2.68,1.525
-2.615,1.956
-2.655,1.367
-2.81,1.124
-2.93,2.72
-2.958,1.213
-3.029,2.784
2.949,3.756
2.952,2.354
2.951,0.802
2.742,0.826
2.647,2.937
2.697,1.118
2.652,0.354
2.398,1.299
2.27,1.01
2.326,1.339
2.085,1.821
2.043,2.682
2.084,1.547
2.001,0.543
1.878,2.008
1.856,1.98
1.563,1.012
1.52,0.026
1.289,2.582
1.273,1.915
1.137,0.15
1.157,1.755
1.031,3.534
0.892,2.466
0.752,-0.432
0.157,-0.524
-0.551,-0.268
-1.483,-0.387
-1.685,-0.271
-1.733,-0.432
-2.446,-0.439
2.272,-0.451
1.168,-0.368
1.034,-0.251
1.211,-0.369
0.391,3.963
0.37,4.212
0.38,3.91
-0.104,4.145
-0.172,3.897
-1.028,3.879
-1.582,4.094
-1.799,3.86
-1.923,4.204
-2.113,3.866
-2.907,4.202
3.091,3.986
1.948,4.12
1.131,3.821
0.848,3.519
0.773,1.645
2.705,1.486
2.524,3.257
2.512,2.153
1.609,1.963
1.652,1.823
1.237,2.866
0.456,2.744
-0.929,2.017
1.119,2.763
0.922,2.754
-2.033,3.793
1.454,3.603
0.734,-0.022
-0.667,-0.031
2.854,3.93
-0.001,-0.176
-0.256,0.578
-0.246,0.901
-0.262,-0.828
-0.242,-1.141
-0.281,-1.159
-0.411,0.394
-0.478,0.321
-0.655,-0.039
-0.717,1.405
-0.773,0.812
-0.799,1.46
-0.96,-0.079
-0.946,1.667
-1.138,0.516
-1.143,0.448
-1.17,2.168
-1.123,1.688
-1.125,2.419
-1.212,1.312
-1.148,0.705
-1.332,-0.451
-1.291,0.981
-1.36,1.068
-1.437,1.026
-1.375,-0.712
-1.428,-0.889
-1.51,0.69
-1.479,1.365
-1.54,-0.166
-1.476,-0.971
-1.571,-0.099
-1.663,-0.899
-1.676,-0.702
-1.621,1.873
-1.696,1.417
-1.703,2.504
-1.679,2.125
-1.756,1.309
-1.762,0.991
-1.745,-0.477
-1.77,2.666
-1.825,-0.621
-1.88,-0.148
-1.875,-0.984
-2.145,0.081
-2.151,-1.183
-2.211,-1.144
-2.299,-0.423
-2.328,0.172
-2.342,2.761
-2.3,1.157
-2.359,1.749
-2.397,0.029
-2.495,-0.38
-2.503,-0.535
-2.485,2.125
-2.502,-0.913
-2.616,-0.372
-2.552,-1.281
-2.689,1.501
-2.753,2.421
-2.83,0.008
-2.996,-1.077
-3.028,0.739
-3.12,2.723
-3.117,0.905
3.098,-0.732
3.071,0.1
3.082,0.897
3.014,1.417
2.97,0.229
2.834,1.406
2.784,2.243
2.453,-0.688
2.319,1.325
2.298,-0.3
2.35,1.692
2.313,0.615
2.301,-0.916
2.11,1.81
2.066,0.937
2.148,2.376
2.041,-0.722
2.004,2.319
2.044,0.669
2.022,2.218
1.918,0.758
1.842,0.397
1.82,0.337
1.775,-0.42
1.578,-1.274
1.564,0.149
1.576,-0.225
1.519,-0.482
1.406,-0.535
1.433,0.426
1.285,-0.038
1.326,0.924
1.29,2.589
1.258,-0.237
1.181,2.476
1.169,2.187
1.055,-1.157
1.109,1.515
1.099,1.7
1.107,1.172
1.015,1.681
1.008,2.631
0.981,1.11
1.043,1.011
1.026,-0.032
1.021,-1.098
0.213,-1.562
0.161,-1.293
0.023,-1.563
-1.922,-1.527
-2.847,-1.376
-2.926,-1.55
-3.002,-1.387
1.577,-1.504
1.504,-1.21
0.494,3.013
0.218,2.811
-0.401,2.879
-1.544,2.925
-1.621,3.183
-1.827,3.074
-2.113,2.924
-2.348,3.231
-2.458,3.129
-2.851,2.907
2.796,3.278
2.727,3.23
2.036,2.981
1.913,3.283
1.473,3.014
1.544,2.903
0.282,-0.504
-1.067,0.96
-1.852,2.605
-1.894,0.311
-2.039,-0.262
-2.369,-0.163
-2.702,2.54
1.961,-1.257
0.375,-1.49
1.545,-1.391
0.626,2.886
0.996,-0.739
0.774,-1.08
0.763,0.98
0.708,0.555
0.725,1.499
0.474,0.725
0.639,0.908
0.485,0.781
0.415,1.297
0.492,1.157
0.435,1.484
0.261,-0.989
0.213,0.297
0.133,0.585
-0.064,0.861
0.06,0.859
-0.144,-0.122
-0.264,-0.792
-0.345,1.552
-0.389,0.266
-0.383,-0.512
-0.302,2.576
-0.328,-0.983
-0.496,-0.583
-0.64,1.063
-0.65,0.199
-0.681,2.571
-0.721,0.501
-0.69,0.341
-0.831,-1.039
-0.885,0.33
-1.043,1.344
-0.937,0.855
-1.03,1.31
-1.054,0.179
-1.211,-1.18
-1.247,2.394
-1.197,1.805
-1.371,2.229
-1.226,1.815
-1.418,0.665
-1.711,2.67
-1.728,1.622
-1.681,0.315
-1.781,1.459
-1.829,-0.01
-2.015,-0.73
-2.054,1.349
-2.106,-0.324
-1.989,2.139
-2.203,1.928
-2.24,1.459
-2.132,2.619
-2.183,-1.254
-2.258,2.251
-2.393,-1.193
-2.428,2.411
-2.433,-1.1
-2.472,1.488
-2.464,2.374
-2.566,0.488
-2.501,0.919
-2.541,0.33
-2.696,0.087
-2.816,1.683
-2.844,0.176
-2.915,1.747
3.063,2.719
3.066,1.317
3.065,-0.235
2.856,-0.211
2.761,1.9
2.811,0.081
2.766,-0.683
2.512,0.262
2.384,-0.027
2.44,0.302
2.199,0.784
2.157,1.645
2.198,0.51
2.115,-0.494
1.992,0.971
1.97,0.943
1.677,-0.025
1.634,-1.011
1.403,1.545
1.387,0.878
1.251,-0.887
1.271,0.718
1.145,2.497
1.006,1.429
0.866,-1.469
0.271,-1.561
-0.437,-1.305
-1.369,-1.424
-1.571,-1.308
-1.619,-1.469
-2.332,-1.476
2.386,-1.488
1.282,-1.405
1.148,-1.288
1.325,-1.406
0.505,2.926
0.484,3.175
0.494,2.873
0.01,3.108
-0.058,2.86
-0.914,2.842
-1.468,3.057
-1.685,2.823
-1.809,3.167
-1.999,2.829
-2.793,3.165
-3.078,2.949
2.062,3.083
1.245,2.784
0.962,2.482
0.887,0.608
2.819,0.449
2.638,2.22
2.626,1.116
1.723,0.926
1.766,0.786
1.351,1.829
0.57,1.707
-0.815,0.98
1.233,1.726
1.036,1.717
-1.919,2.756
1.568,2.566
0.848,-1.059
-0.553,-1.068
2.968,2.893
-0.255,0.754
-0.245,1.077
-0.261,-0.652
-0.241,-0.965
-0.28,-0.983
-0.41,0.57
-0.477,0.497
-0.654,0.137
-0.716,1.581
-0.772,0.988
-0.798,1.636
-0.959,0.097
-0.945,1.843
-1.137,0.692
-1.142,0.624
-1.169,2.344
-1.122,1.864
-1.124,2.595
-1.211,1.488
-1.147,0.881
-1.331,-0.275
-1.29,1.157
-1.359,1.244
-1.436,1.202
-1.374,-0.536
-1.427,-0.713
-1.509,0.866
-1.478,1.541
-1.539,0.01
-1.475,-0.795
-1.57,0.077
-1.662,-0.723
-1.675,-0.526
-1.62,2.049
-1.695,1.593
-1.702,2.68
-1.678,2.301
-1.755,1.485
-1.761,1.167
-1.744,-0.301
-1.769,2.842
-1.824,-0.445
-1.879,0.028
-1.874,-0.808
-2.144,0.257
-2.15,-1.007
-2.21,-0.968
-2.298,-0.247
-2.327,0.348
-2.341,2.937
-2.299,1.333
-2.358,1.925
-2.396,0.205
-2.494,-0.204
-2.502,-0.359
-2.484,2.301
-2.501,-0.737
-2.615,-0.196
-2.551,-1.105
-2.688,1.677
-2.752,2.597
-2.829,0.184
-2.995,-0.901
-3.027,0.915
-3.119,2.899
-3.116,1.081
3.099,-0.556
3.072,0.276
3.083,1.073
3.015,1.593
2.971,0.405
2.835,1.582
2.785,2.419
2.454,-0.512
2.32,1.501
2.299,-0.124
2.351,1.868
2.314,0.791
2.302,-0.74
2.111,1.986
2.067,1.113
2.149,2.552
2.042,-0.546
2.005,2.495
2.045,0.845
2.023,2.394
1.919,0.934
1.843,0.573
1.821,0.513
1.776,-0.244
1.579,-1.098
1.565,0.325
1.577,-0.049
1.52,-0.306
1.407,-0.359
1.434,0.602
1.286,0.138
1.327,1.1
1.291,2.765
1.259,-0.061
1.182,2.652
1.17,2.363
1.056,-0.981
1.11,1.691
1.1,1.876
1.108,1.348
1.016,1.857
1.009,2.807
0.982,1.286
1.044,1.187
1.027,0.144
1.022,-0.922
0.214,-1.386
0.162,-1.117
0.024,-1.387
-1.921,-1.351
-2.846,-1.2
-2.925,-1.374
-3.001,-1.211
1.578,-1.328
1.505,-1.034
0.495,3.189
0.219,2.987
-0.4,3.055
-1.543,3.101
-1.62,3.359
-1.826,3.25
-2.112,3.1
-2.347,3.407
-2.457,3.305
-2.85,3.083
2.797,3.454
2.728,3.406
2.037,3.157
1.914,3.459
1.474,3.19
1.545,3.079
0.283,-0.328
-1.066,1.136
-1.851,2.781
-1.893,0.487
-2.038,-0.086
-2.368,0.013
-2.701,2.716
1.962,-1.081
0.376,-1.314
1.546,-1.215
0.627,3.062
0.997,-0.563
0.775,-0.904
0.764,1.156
0.709,0.731
0.726,1.675
0.475,0.901
0.64,1.084
0.486,0.957
0.416,1.473
0.493,1.333
0.436,1.66
0.262,-0.813
0.214,0.473
0.134,0.761
-0.063,1.037
0.061,1.035
-0.143,0.054
-0.263,-0.616
-0.344,1.728
-0.388,0.442
-0.382,-0.336
-0.301,2.752
-0.327,-0.807
-0.495,-0.407
-0.639,1.239
-0.649,0.375
-0.68,2.747
-0.72,0.677
-0.689,0.517
-0.83,-0.863
-0.884,0.506
-1.042,1.52
-0.936,1.031
-1.029,1.486
-1.053,0.355
-1.21,-1.004
-1.246,2.57
-1.196,1.981
-1.37,2.405
-1.225,1.991
-1.417,0.841
-1.71,2.846
-1.727,1.798
-1.68,0.491
-1.78,1.635
-1.828,0.166
-2.014,-0.554
-2.053,1.525
-2.105,-0.148
-1.988,2.315
-2.202,2.104
-2.239,1.635
-2.131,2.795
-2.182,-1.078
-2.257,2.427
-2.392,-1.017
-2.427,2.587
-2.432,-0.924
-2.471,1.664
-2.463,2.55
-2.565,0.664
-2.5,1.095
-2.54,0.506
-2.695,0.263
-2.815,1.859
-2.843,0.352
-2.914,1.923
3.064,2.895
3.067,1.493
3.066,-0.059
2.857,-0.035
2.762,2.076
2.812,0.257
2.767,-0.507
2.513,0.438
2.385,0.149
2.441,0.478
2.2,0.96
2.158,1.821
2.199,0.686
2.116,-0.318
1.993,1.147
1.971,1.119
1.678,0.151
1.635,-0.835
1.404,1.721
1.388,1.054
1.252,-0.711
1.272,0.894
1.146,2.673
1.007,1.605
0.867,-1.293
0.272,-1.385
-0.436,-1.129
-1.368,-1.248
-1.57,-1.132
-1.618,-1.293
-2.331,-1.3
2.387,-1.312
1.283,-1.229
1.149,-1.112
1.326,-1.23
0.506,3.102
0.485,3.351
0.495,3.049
0.011,3.284
-0.057,3.036
-0.913,3.018
-1.467,3.233
-1.684,2.999
-1.808,3.343
-1.998,3.005
-2.792,3.341
-3.077,3.125
2.063,3.259
1.246,2.96
0.963,2.658
0.888,0.784
2.82,0.625
2.639,2.396
2.627,1.292
1.724,1.102
1.767,0.962
1.352,2.005
0.571,1.883
-0.814,1.156
1.234,1.902
1.037,1.893
-1.918,2.932
1.569,2.742
0.849,-0.883
-0.552,-0.892
2.969,3.069
0.01,0.323
-0.006,-1.406
0.014,-1.719
-0.025,-1.737
-0.155,-0.184
-0.222,-0.257
-0.399,-0.617
-0.461,0.827
-0.517,0.234
-0.543,0.882
-0.704,-0.657
-0.69,1.089
-0.882,-0.062
-0.887,-0.13
-0.914,1.59
-0.867,1.11
-0.869,1.841
-0.956,0.734
-0.892,0.127
-1.076,-1.029
-1.035,0.403
-1.104,0.49
-1.181,0.448
-1.119,-1.29
-1.172,-1.467
-1.254,0.112
-1.223,0.787
-1.284,-0.744
-1.22,-1.549
-1.315,-0.677
-1.407,-1.477
-1.42,-1.28
-1.365,1.295
-1.44,0.839
-1.447,1.926
-1.423,1.547
-1.5,0.731
-1.506,0.413
-1.489,-1.055
-1.514,2.088
-1.569,-1.199
-1.624,-0.726
-1.619,-1.562
-1.889,-0.497
-1.895,-1.761
-1.955,-1.722
-2.043,-1.001
-2.072,-0.406
-2.086,2.183
-2.044,0.579
-2.103,1.171
-2.141,-0.549
-2.239,-0.958
-2.247,-1.113
-2.229,1.547
-2.246,-1.491
-2.36,-0.95
-2.296,-1.859
-2.433,0.923
-2.497,1.843
-2.574,-0.57
-2.74,-1.655
-2.772,0.161
-2.864,2.145
-2.861,0.327
-2.929,-1.31
-2.956,-0.478
-2.945,0.319
-3.013,0.839
-3.057,-0.349
3.09,0.828
3.04,1.665
2.709,-1.266
2.575,0.747
2.554,-0.878
2.606,1.114
2.569,0.037
2.557,-1.494
2.366,1.232
2.322,0.359
2.404,1.798
2.297,-1.3
2.26,1.741
2.3,0.091
2.278,1.64
2.174,0.18
2.098,-0.181
2.076,-0.241
2.031,-0.998
1.834,-1.852
1.82,-0.429
1.832,-0.803
1.775,-1.06
1.662,-1.113
1.689,-0.152
1.541,-0.616
1.582,0.346
1.546,2.011
1.514,-0.815
1.437,1.898
1.425,1.609
1.311,-1.735
1.365,0.937
1.355,1.122
1.363,0.594
1.271,1.103
1.264,2.053
1.237,0.532
1.299,0.433
1.282,-0.61
1.277,-1.676
0.469,-2.14
0.417,-1.871
0.279,-2.141
-1.666,-2.105
-2.591,-1.954
-2.67,-2.128
-2.746,-1.965
1.833,-2.082
1.76,-1.788
0.75,2.435
0.474,2.233
-0.145,2.301
-1.288,2.347
-1.365,2.605
-1.571,2.496
-1.857,2.346
-2.092,2.653
-2.202,2.551
-2.595,2.329
3.052,2.7
2.983,2.652
2.292,2.403
2.169,2.705
1.729,2.436
1.8,2.325
0.538,-1.082
-0.811,0.382
-1.596,2.027
-1.638,-0.267
-1.783,-0.84
-2.113,-0.741
-2.446,1.962
2.217,-1.835
0.631,-2.068
1.801,-1.969
0.882,2.308
1.252,-1.317
1.03,-1.658
1.019,0.402
0.964,-0.023
0.981,0.921
0.73,0.147
0.895,0.33
0.741,0.203
0.671,0.719
0.748,0.579
0.691,0.906
0.517,-1.567
0.469,-0.281
0.389,0.007
0.192,0.283
0.316,0.281
0.112,-0.7
-0.008,-1.37
-0.089,0.974
-0.133,-0.312
-0.127,-1.09
-0.046,1.998
-0.072,-1.561
-0.24,-1.161
-0.384,0.485
-0.394,-0.379
-0.425,1.993
-0.465,-0.077
-0.434,-0.237
-0.575,-1.617
-0.629,-0.248
-0.787,0.766
-0.681,0.277
-0.774,0.732
-0.798,-0.399
-0.955,-1.758
-0.991,1.816
-0.941,1.227
-1.115,1.651
-0.97,1.237
-1.162,0.087
-1.455,2.092
-1.472,1.044
-1.425,-0.263
-1.525,0.881
-1.573,-0.588
-1.759,-1.308
-1.798,0.771
-1.85,-0.902
-1.733,1.561
-1.947,1.35
-1.984,0.881
-1.876,2.041
-1.927,-1.832
-2.002,1.673
-2.137,-1.771
-2.172,1.833
-2.177,-1.678
-2.216,0.91
-2.208,1.796
-2.31,-0.09
-2.245,0.341
-2.285,-0.248
-2.44,-0.491
-2.56,1.105
-2.588,-0.402
-2.659,1.169
-2.964,2.141
-2.961,0.739
-2.962,-0.813
3.112,-0.789
3.017,1.322
3.067,-0.497
3.022,-1.261
2.768,-0.316
2.64,-0.605
2.696,-0.276
2.455,0.206
2.413,1.067
2.454,-0.068
2.371,-1.072
2.248,0.393
2.226,0.365
1.933,-0.603
1.89,-1.589
1.659,0.967
1.643,0.3
1.507,-1.465
1.527,0.14
1.401,1.919
1.262,0.851
1.122,-2.047
0.527,-2.139
-0.181,-1.883
-1.113,-2.002
-1.315,-1.886
-1.363,-2.047
-2.076,-2.054
2.642,-2.066
1.538,-1.983
1.404,-1.866
1.581,-1.984
0.761,2.348
0.74,2.597
0.75,2.295
0.266,2.53
0.198,2.282
-0.658,2.264
-1.212,2.479
-1.429,2.245
-1.553,2.589
-1.743,2.251
-2.537,2.587
-2.822,2.371
2.318,2.505
1.501,2.206
1.218,1.904
1.143,0.03
3.075,-0.129
2.894,1.642
2.882,0.538
1.979,0.348
2.022,0.208
1.607,1.251
0.826,1.129
-0.559,0.402
1.489,1.148
1.292,1.139
-1.663,2.178
1.824,1.988
1.104,-1.637
-0.297,-1.646
-3.059,2.315
-0.016,-1.729
0.004,-2.042
-0.035,-2.06
-0.165,-0.507
-0.232,-0.58
-0.409,-0.94
-0.471,0.504
-0.527,-0.089
-0.553,0.559
-0.714,-0.98
-0.7,0.766
-0.892,-0.385
-0.897,-0.453
-0.924,1.267
-0.877,0.787
-0.879,1.518
-0.966,0.411
-0.902,-0.196
-1.086,-1.352
-1.045,0.08
-1.114,0.167
-1.191,0.125
-1.129,-1.613
-1.182,-1.79
-1.264,-0.211
-1.233,0.464
-1.294,-1.067
-1.23,-1.872
-1.325,-1.0
-1.417,-1.8
-1.43,-1.603
-1.375,0.972
-1.45,0.516
-1.457,1.603
-1.433,1.224
-1.51,0.408
-1.516,0.09
-1.499,-1.378
-1.524,1.765
-1.579,-1.522
-1.634,-1.049
-1.629,-1.885
-1.899,-0.82
-1.905,-2.084
-1.965,-2.045
-2.053,-1.324
-2.082,-0.729
-2.096,1.86
-2.054,0.256
-2.113,0.848
-2.151,-0.872
-2.249,-1.281
-2.257,-1.436
-2.239,1.224
-2.256,-1.814
-2.37,-1.273
-2.306,-2.182
-2.443,0.6
-2.507,1.52
-2.584,-0.893
-2.75,-1.978
-2.782,-0.162
-2.874,1.822
-2.871,0.004
-2.939,-1.633
-2.966,-0.801
-2.955,-0.004
-3.023,0.516
-3.067,-0.672
3.08,0.505
3.03,1.342
2.699,-1.589
2.565,0.424
2.544,-1.201
2.596,0.791
2.559,-0.286
2.547,-1.817
2.356,0.909
2.312,0.036
2.394,1.475
2.287,-1.623
2.25,1.418
2.29,-0.232
2.268,1.317
2.164,-0.143
2.088,-0.504
2.066,-0.564
2.021,-1.321
1.824,-2.175
1.81,-0.752
1.822,-1.126
1.765,-1.383
1.652,-1.436
1.679,-0.475
1.531,-0.939
1.572,0.023
1.536,1.688
1.504,-1.138
1.427,1.575
1.415,1.286
1.301,-2.058
1.355,0.614
1.345,0.799
1.353,0.271
1.261,0.78
1.254,1.73
1.227,0.209
1.289,0.11
1.272,-0.933
1.267,-1.999
0.459,-2.463
0.407,-2.194
0.269,-2.464
-1.676,-2.428
-2.601,-2.277
-2.68,-2.451
-2.756,-2.288
1.823,-2.405
1.75,-2.111
0.74,2.112
0.464,1.91
-0.155,1.978
-1.298,2.024
-1.375,2.282
-1.581,2.173
-1.867,2.023
-2.102,2.33
-2.212,2.228
-2.605,2.006
3.042,2.377
2.973,2.329
2.282,2.08
2.159,2.382
1.719,2.113
1.79,2.002
0.528,-1.405
-0.821,0.059
-1.606,1.704
-1.648,-0.59
-1.793,-1.163
-2.123,-1.064
-2.456,1.639
2.207,-2.158
0.621,-2.391
1.791,-2.292
0.872,1.985
1.242,-1.64
1.02,-1.981
1.009,0.079
0.954,-0.346
0.971,0.598
0.72,-0.176
0.885,0.007
0.731,-0.12
0.661,0.396
0.738,0.256
0.681,0.583
0.507,-1.89
0.459,-0.604
0.379,-0.316
0.182,-0.04
0.306,-0.042
0.102,-1.023
-0.018,-1.693
-0.099,0.651
-0.143,-0.635
-0.137,-1.413
-0.056,1.675
-0.082,-1.884
-0.25,-1.484
-0.394,0.162
-0.404,-0.702
-0.435,1.67
-0.475,-0.4
-0.444,-0.56
-0.585,-1.94
-0.639,-0.571
-0.797,0.443
-0.691,-0.046
-0.784,0.409
-0.808,-0.722
-0.965,-2.081
-1.001,1.493
-0.951,0.904
-1.125,1.328
-0.98,0.914
-1.172,-0.236
-1.465,1.769
-1.482,0.721
-1.435,-0.586
-1.535,0.558
-1.583,-0.911
-1.769,-1.631
-1.808,0.448
-1.86,-1.225
-1.743,1.238
-1.957,1.027
-1.994,0.558
-1.886,1.718
-1.937,-2.155
-2.012,1.35
-2.147,-2.094
-2.182,1.51
-2.187,-2.001
-2.226,0.587
-2.218,1.473
-2.32,-0.413
-2.255,0.018
-2.295,-0.571
-2.45,-0.814
-2.57,0.782
-2.598,-0.725
-2.669,0.846
-2.974,1.818
-2.971,0.416
-2.972,-1.136
3.102,-1.112
3.007,0.999
3.057,-0.82
3.012,-1.584
2.758,-0.639
2.63,-0.928
2.686,-0.599
2.445,-0.117
2.403,0.744
2.444,-0.391
2.361,-1.395
2.238,0.07
2.216,0.042
1.923,-0.926
1.88,-1.912
1.649,0.644
1.633,-0.023
1.497,-1.788
1.517,-0.183
1.391,1.596
1.252,0.528
1.112,-2.37
0.517,-2.462
-0.191,-2.206
-1.123,-2.325
-1.325,-2.209
-1.373,-2.37
-2.086,-2.377
2.632,-2.389
1.528,-2.306
1.394,-2.189
1.571,-2.307
0.751,2.025
0.73,2.274
0.74,1.972
0.256,2.207
0.188,1.959
-0.668,1.941
-1.222,2.156
-1.439,1.922
-1.563,2.266
-1.753,1.928
-2.547,2.264
-2.832,2.048
2.308,2.182
1.491,1.883
1.208,1.581
1.133,-0.293
3.065,-0.452
2.884,1.319
2.872,0.215
1.969,0.025
2.012,-0.115
1.597,0.928
0.816,0.806
-0.569,0.079
1.479,0.825
1.282,0.816
-1.673,1.855
1.814,1.665
1.094,-1.96
-0.307,-1.969
-3.069,1.992
0.02,-0.313
-0.019,-0.331
-0.149,1.222
-0.216,1.149
-0.393,0.789
-0.455,2.233
-0.511,1.64
-0.537,2.288
-0.698,0.749
-0.684,2.495
-0.876,1.344
-0.881,1.276
-0.908,2.996
-0.861,2.516
-0.863,3.247
-0.95,2.14
-0.886,1.533
-1.07,0.377
-1.029,1.809
-1.098,1.896
-1.175,1.854
-1.113,0.116
-1.166,-0.061
-1.248,1.518
-1.217,2.193
-1.278,0.662
-1.214,-0.143
-1.309,0.729
-1.401,-0.071
-1.414,0.126
-1.359,2.701
-1.434,2.245
-1.441,3.332
-1.417,2.953
-1.494,2.137
-1.5,1.819
-1.483,0.351
-1.508,3.494
-1.563,0.207
-1.618,0.68
-1.613,-0.156
-1.883,0.909
-1.889,-0.355
-1.949,-0.316
-2.037,0.405
-2.066,1.0
-2.08,3.589
-2.038,1.985
-2.097,2.577
-2.135,0.857
-2.233,0.448
-2.241,0.293
-2.223,2.953
-2.24,-0.085
-2.354,0.456
-2.29,-0.453
-2.427,2.329
-2.491,3.249
-2.568,0.836
-2.734,-0.249
-2.766,1.567
-2.858,3.551
-2.855,1.733
-2.923,0.096
-2.95,0.928
-2.939,1.725
-3.007,2.245
-3.051,1.057
3.096,2.234
3.046,3.071
2.715,0.14
2.581,2.153
2.56,0.528
2.612,2.52
2.575,1.443
2.563,-0.088
2.372,2.638
2.328,1.765
2.41,3.204
2.303,0.106
2.266,3.147
2.306,1.497
2.284,3.046
2.18,1.586
2.104,1.225
2.082,1.165
2.037,0.408
1.84,-0.446
1.826,0.977
1.838,0.603
1.781,0.346
1.668,0.293
1.695,1.254
1.547,0.79
1.588,1.752
1.552,3.417
1.52,0.591
1.443,3.304
1.431,3.015
1.317,-0.329
1.371,2.343
1.361,2.528
1.369,2.0
1.277,2.509
1.27,3.459
1.243,1.938
1.305,1.839
1.288,0.796
1.283,-0.27
0.475,-0.734
0.423,-0.465
0.285,-0.735
-1.66,-0.699
-2.585,-0.548
-2.664,-0.722
-2.74,-0.559
1.839,-0.676
1.766,-0.382
0.756,3.841
0.48,3.639
-0.139,3.707
-1.282,3.753
-1.359,4.011
-1.565,3.902
-1.851,3.752
-2.086,4.059
-2.196,3.957
-2.589,3.735
3.058,4.106
2.989,4.058
2.298,3.809
2.175,4.111
1.735,3.842
1.806,3.731
0.544,0.324
-0.805,1.788
-1.59,3.433
-1.632,1.139
-1.777,0.566
-2.107,0.665
-2.44,3.368
2.223,-0.429
0.637,-0.662
1.807,-0.563
0.888,3.714
1.258,0.089
1.036,-0.252
1.025,1.808
0.97,1.383
0.987,2.327
0.736,1.553
0.901,1.736
0.747,1.609
0.677,2.125
0.754,1.985
0.697,2.312
0.523,-0.161
0.475,1.125
0.395,1.413
0.198,1.689
0.322,1.687
0.118,0.706
-0.002,0.036
-0.083,2.38
-0.127,1.094
-0.121,0.316
-0.04,3.404
-0.066,-0.155
-0.234,0.245
-0.378,1.891
-0.388,1.027
-0.419,3.399
-0.459,1.329
-0.428,1.169
-0.569,-0.211
-0.623,1.158
-0.781,2.172
-0.675,1.683
-0.768,2.138
-0.792,1.007
-0.949,-0.352
-0.985,3.222
-0.935,2.633
-1.109,3.057
-0.964,2.643
-1.156,1.493
-1.449,3.498
-1.466,2.45
-1.419,1.143
-1.519,2.287
-1.567,0.818
-1.753,0.098
-1.792,2.177
-1.844,0.504
-1.727,2.967
-1.941,2.756
-1.978,2.287
-1.87,3.447
-1.921,-0.426
-1.996,3.079
-2.131,-0.365
-2.166,3.239
-2.171,-0.272
-2.21,2.316
-2.202,3.202
-2.304,1.316
-2.239,1.747
-2.279,1.158
-2.434,0.915
-2.554,2.511
-2.582,1.004
-2.653,2.575
-2.958,3.547
-2.955,2.145
-2.956,0.593
3.118,0.617
3.023,2.728
3.073,0.909
3.028,0.145
2.774,1.09
2.646,0.801
2.702,1.13
2.461,1.612
2.419,2.473
2.46,1.338
2.377,0.334
2.254,1.799
2.232,1.771
1.939,0.803
1.896,-0.183
1.665,2.373
1.649,1.706
1.513,-0.059
1.533,1.546
1.407,3.325
1.268,2.257
1.128,-0.641
0.533,-0.733
-0.175,-0.477
-1.107,-0.596
-1.309,-0.48
-1.357,-0.641
-2.07,-0.648
2.648,-0.66
1.544,-0.577
1.41,-0.46
1.587,-0.578
0.767,3.754
0.746,4.003
0.756,3.701
0.272,3.936
0.204,3.688
-0.652,3.67
-1.206,3.885
-1.423,3.651
-1.547,3.995
-1.737,3.657
-2.531,3.993
-2.816,3.777
2.324,3.911
1.507,3.612
1.224,3.31
1.149,1.436
3.081,1.277
2.9,3.048
2.888,1.944
1.985,1.754
2.028,1.614
1.613,2.657
0.832,2.535
-0.553,1.808
1.495,2.554
1.298,2.545
-1.657,3.584
1.83,3.394
1.11,-0.231
-0.291,-0.24
-3.053,3.721
-0.039,-0.018
-0.169,1.535
-0.236,1.462
-0.413,1.102
-0.475,2.546
-0.531,1.953
-0.557,2.601
-0.718,1.062
-0.704,2.808
-0.896,1.657
-0.901,1.589
-0.928,3.309
-0.881,2.829
-0.883,3.56
-0.97,2.453
-0.906,1.846
-1.09,0.69
-1.049,2.122
-1.118,2.209
-1.195,2.167
-1.133,0.429
-1.186,0.252
-1.268,1.831
-1.237,2.506
-1.298,0.975
-1.234,0.17
-1.329,1.042
-1.421,0.242
-1.434,0.439
-1.379,3.014
-1.454,2.558
-1.461,3.645
-1.437,3.266
-1.514,2.45
-1.52,2.132
-1.503,0.664
-1.528,3.807
-1.583,0.52
-1.638,0.993
-1.633,0.157
-1.903,1.222
-1.909,-0.042
-1.969,-0.003
-2.057,0.718
-2.086,1.313
-2.1,3.902
-2.058,2.298
-2.117,2.89
-2.155,1.17
-2.253,0.761
-2.261,0.606
-2.243,3.266
-2.26,0.228
-2.374,0.769
-2.31,-0.14
-2.447,2.642
-2.511,3.562
-2.588,1.149
-2.754,0.064
-2.786,1.88
-2.878,3.864
-2.875,2.046
-2.943,0.409
-2.97,1.241
-2.959,2.038
-3.027,2.558
-3.071,1.37
3.076,2.547
3.026,3.384
2.695,0.453
2.561,2.466
2.54,0.841
2.592,2.833
2.555,1.756
2.543,0.225
2.352,2.951
2.308,2.078
2.39,3.517
2.283,0.419
2.246,3.46
2.286,1.81
2.264,3.359
2.16,1.899
2.084,1.538
2.062,1.478
2.017,0.721
1.82,-0.133
1.806,1.29
1.818,0.916
1.761,0.659
1.648,0.606
1.675,1.567
1.527,1.103
1.568,2.065
1.532,3.73
1.5,0.904
1.423,3.617
1.411,3.328
1.297,-0.016
1.351,2.656
1.341,2.841
1.349,2.313
1.257,2.822
1.25,3.772
1.223,2.251
1.285,2.152
1.268,1.109
1.263,0.043
0.455,-0.421
0.403,-0.152
0.265,-0.422
-1.68,-0.386
-2.605,-0.235
-2.684,-0.409
-2.76,-0.246
1.819,-0.363
1.746,-0.069
0.736,4.154
0.46,3.952
-0.159,4.02
-1.302,4.066
-1.379,4.324
-1.585,4.215
-1.871,4.065
-2.106,4.372
-2.216,4.27
-2.609,4.048
3.038,4.419
2.969,4.371
2.278,4.122
2.155,4.424
1.715,4.155
1.786,4.044
0.524,0.637
-0.825,2.101
-1.61,3.746
-1.652,1.452
-1.797,0.879
-2.127,0.978
-2.46,3.681
2.203,-0.116
0.617,-0.349
1.787,-0.25
0.868,4.027
1.238,0.402
1.016,0.061
1.005,2.121
0.95,1.696
0.967,2.64
0.716,1.866
0.881,2.049
0.727,1.922
0.657,2.438
0.734,2.298
0.677,2.625
0.503,0.152
0.455,1.438
0.375,1.726
0.178,2.002
0.302,2.0
0.098,1.019
-0.022,0.349
-0.103,2.693
-0.147,1.407
-0.141,0.629
-0.06,3.717
-0.086,0.158
-0.254,0.558
-0.398,2.204
-0.408,1.34
-0.439,3.712
-0.479,1.642
-0.448,1.482
-0.589,0.102
-0.643,1.471
-0.801,2.485
-0.695,1.996
-0.788,2.451
-0.812,1.32
-0.969,-0.039
-1.005,3.535
-0.955,2.946
-1.129,3.37
-0.984,2.956
-1.176,1.806
-1.469,3.811
-1.486,2.763
-1.439,1.456
-1.539,2.6
-1.587,1.131
-1.773,0.411
-1.812,2.49
-1.864,0.817
-1.747,3.28
-1.961,3.069
-1.998,2.6
-1.89,3.76
-1.941,-0.113
-2.016,3.392
-2.151,-0.052
-2.186,3.552
-2.191,0.041
-2.23,2.629
-2.222,3.515
-2.324,1.629
-2.259,2.06
-2.299,1.471
-2.454,1.228
-2.574,2.824
-2.602,1.317
-2.673,2.888
-2.978,3.86
-2.975,2.458
-2.976,0.906
3.098,0.93
3.003,3.041
3.053,1.222
3.008,0.458
2.754,1.403
2.626,1.114
2.682,1.443
2.441,1.925
2.399,2.786
2.44,1.651
2.357,0.647
2.234,2.112
2.212,2.084
1.919,1.116
1.876,0.13
1.645,2.686
1.629,2.019
1.493,0.254
1.513,1.859
1.387,3.638
1.248,2.57
1.108,-0.328
0.513,-0.42
-0.195,-0.164
-1.127,-0.283
-1.329,-0.167
-1.377,-0.328
-2.09,-0.335
2.628,-0.347
1.524,-0.264
1.39,-0.147
1.567,-0.265
0.747,4.067
0.726,4.316
0.736,4.014
0.252,4.249
0.184,4.001
-0.672,3.983
-1.226,4.198
-1.443,3.964
-1.567,4.308
-1.757,3.97
-2.551,4.306
-2.836,4.09
2.304,4.224
1.487,3.925
1.204,3.623
1.129,1.749
3.061,1.59
2.88,3.361
2.868,2.257
1.965,2.067
2.008,1.927
1.593,2.97
0.812,2.848
-0.573,2.121
1.475,2.867
1.278,2.858
-1.677,3.897
1.81,3.707
1.09,0.082
-0.311,0.073
-3.073,4.034
-0.13,1.553
-0.197,1.48
-0.374,1.12
-0.436,2.564
-0.492,1.971
-0.518,2.619
-0.679,1.08
-0.665,2.826
-0.857,1.675
-0.862,1.607
-0.889,3.327
-0.842,2.847
-0.844,3.578
-0.931,2.471
-0.867,1.864
-1.051,0.708
-1.01,2.14
-1.079,2.227
-1.156,2.185
-1.094,0.447
-1.147,0.27
-1.229,1.849
-1.198,2.524
-1.259,0.993
-1.195,0.188
-1.29,1.06
-1.382,0.26
-1.395,0.457
-1.34,3.032
-1.415,2.576
-1.422,3.663
-1.398,3.284
-1.475,2.468
-1.481,2.15
-1.464,0.682
-1.489,3.825
-1.544,0.538
-1.599,1.011
-1.594,0.175
-1.864,1.24
-1.87,-0.024
-1.93,0.015
-2.018,0.736
-2.047,1.331
-2.061,3.92
-2.019,2.316
-2.078,2.908
-2.116,1.188
-2.214,0.779
-2.222,0.624
-2.204,3.284
-2.221,0.246
-2.335,0.787
-2.271,-0.122
-2.408,2.66
-2.472,3.58
-2.549,1.167
-2.715,0.082
-2.747,1.898
-2.839,3.882
-2.836,2.064
-2.904,0.427
-2.931,1.259
-2.92,2.056
-2.988,2.576
-3.032,1.388
3.115,2.565
3.065,3.402
2.734,0.471
2.6,2.484
2.579,0.859
2.631,2.851
2.594,1.774
2.582,0.243
2.391,2.969
2.347,2.096
2.429,3.535
2.322,0.437
2.285,3.478
2.325,1.828
2.303,3.377
2.199,1.917
2.123,1.556
2.101,1.496
2.056,0.739
1.859,-0.115
1.845,1.308
1.857,0.934
1.8,0.677
1.687,0.624
1.714,1.585
1.566,1.121
1.607,2.083
1.571,3.748
1.539,0.922
1.462,3.635
1.45,3.346
1.336,0.002
1.39,2.674
1.38,2.859
1.388,2.331
1.296,2.84
1.289,3.79
1.262,2.269
1.324,2.17
1.307,1.127
1.302,0.061
0.494,-0.403
0.442,-0.134
0.304,-0.404
-1.641,-0.368
-2.566,-0.217
-2.645,-0.391
-2.721,-0.228
1.858,-0.345
1.785,-0.051
0.775,4.172
0.499,3.97
-0.12,4.038
-1.263,4.084
-1.34,4.342
-1.546,4.233
-1.832,4.083
-2.067,4.39
-2.177,4.288
-2.57,4.066
3.077,4.437
3.008,4.389
2.317,4.14
2.194,4.442
1.754,4.173
1.825,4.062
0.563,0.655
-0.786,2.119
-1.571,3.764
-1.613,1.47
-1.758,0.897
-2.088,0.996
-2.421,3.699
2.242,-0.098
0.656,-0.331
1.826,-0.232
0.907,4.045
1.277,0.42
1.055,0.079
1.044,2.139
0.989,1.714
1.006,2.658
0.755,1.884
0.92,2.067
0.766,1.94
0.696,2.456
0.773,2.316
0.716,2.643
0.542,0.17
0.494,1.456
0.414,1.744
0.217,2.02
0.341,2.018
0.137,1.037
0.017,0.367
-0.064,2.711
-0.108,1.425
-0.102,0.647
-0.021,3.735
-0.047,0.176
-0.215,0.576
-0.359,2.222
-0.369,1.358
-0.4,3.73
-0.44,1.66
-0.409,1.5
-0.55,0.12
-0.604,1.489
-0.762,2.503
-0.656,2.014
-0.749,2.469
-0.773,1.338
-0.93,-0.021
-0.966,3.553
-0.916,2.964
-1.09,3.388
-0.945,2.974
-1.137,1.824
-1.43,3.829
-1.447,2.781
-1.4,1.474
-1.5,2.618
-1.548,1.149
-1.734,0.429
-1.773,2.508
-1.825,0.835
-1.708,3.298
-1.922,3.087
-1.959,2.618
-1.851,3.778
-1.902,-0.095
-1.977,3.41
-2.112,-0.034
-2.147,3.57
-2.152,0.059
-2.191,2.647
-2.183,3.533
-2.285,1.647
-2.22,2.078
-2.26,1.489
-2.415,1.246
-2.535,2.842
-2.563,1.335
-2.634,2.906
-2.939,3.878
-2.936,2.476
-2.937,0.924
3.137,0.948
3.042,3.059
3.092,1.24
3.047,0.476
2.793,1.421
2.665,1.132
2.721,1.461
2.48,1.943
2.438,2.804
2.479,1.669
2.396,0.665
2.273,2.13
2.251,2.102
1.958,1.134
1.915,0.148
1.684,2.704
1.668,2.037
1.532,0.272
1.552,1.877
1.426,3.656
1.287,2.588
1.147,-0.31
0.552,-0.402
-0.156,-0.146
-1.088,-0.265
-1.29,-0.149
-1.338,-0.31
-2.051,-0.317
2.667,-0.329
1.563,-0.246
1.429,-0.129
1.606,-0.247
0.786,4.085
0.765,4.334
0.775,4.032
0.291,4.267
0.223,4.019
-0.633,4.001
-1.187,4.216
-1.404,3.982
-1.528,4.326
-1.718,3.988
-2.512,4.324
-2.797,4.108
2.343,4.242
1.526,3.943
1.243,3.641
1.168,1.767
3.1,1.608
2.919,3.379
2.907,2.275
2.004,2.085
2.047,1.945
1.632,2.988
0.851,2.866
-0.534,2.139
1.514,2.885
1.317,2.876
-1.638,3.915
1.849,3.725
1.129,0.1
-0.272,0.091
-3.034,4.052
-0.067,-0.073
-0.244,-0.433
-0.306,1.011
-0.362,0.418
-0.388,1.066
-0.549,-0.473
-0.535,1.273
-0.727,0.122
-0.732,0.054
-0.759,1.774
-0.712,1.294
-0.714,2.025
-0.801,0.918
-0.737,0.311
-0.921,-0.845
-0.88,0.587
-0.949,0.674
-1.026,0.632
-0.964,-1.106
-1.017,-1.283
-1.099,0.296
-1.068,0.971
-1.129,-0.56
-1.065,-1.365
-1.16,-0.493
-1.252,-1.293
-1.265,-1.096
-1.21,1.479
-1.285,1.023
-1.292,2.11
-1.268,1.731
-1.345,0.915
-1.351,0.597
-1.334,-0.871
-1.359,2.272
-1.414,-1.015
-1.469,-0.542
-1.464,-1.378
-1.734,-0.313
-1.74,-1.577
-1.8,-1.538
-1.888,-0.817
-1.917,-0.222
-1.931,2.367
-1.889,0.763
-1.948,1.355
-1.986,-0.365
-2.084,-0.774
-2.092,-0.929
-2.074,1.731
-2.091,-1.307
-2.205,-0.766
-2.141,-1.675
-2.278,1.107
-2.342,2.027
-2.419,-0.386
-2.585,-1.471
-2.617,0.345
-2.709,2.329
-2.706,0.511
-2.774,-1.126
-2.801,-0.294
-2.79,0.503
-2.858,1.023
-2.902,-0.165
-3.038,1.012
-3.088,1.849
2.864,-1.082
2.73,0.931
2.709,-0.694
2.761,1.298
2.724,0.221
2.712,-1.31
2.521,1.416
2.477,0.543
2.559,1.982
2.452,-1.116
2.415,1.925
2.455,0.275
2.433,1.824
2.329,0.364
2.253,0.003
2.231,-0.057
2.186,-0.814
1.989,-1.668
1.975,-0.245
1.987,-0.619
1.93,-0.876
1.817,-0.929
1.844,0.032
1.696,-0.432
1.737,0.53
1.701,2.195
1.669,-0.631
1.592,2.082
1.58,1.793
1.466,-1.551
1.52,1.121
1.51,1.306
1.518,0.778
1.426,1.287
1.419,2.237
1.392,0.716
1.454,0.617
1.437,-0.426
1.432,-1.492
0.624,-1.956
0.572,-1.687
0.434,-1.957
-1.511,-1.921
-2.436,-1.77
-2.515,-1.944
-2.591,-1.781
1.988,-1.898
1.915,-1.604
0.905,2.619
0.629,2.417
0.01,2.485
-1.133,2.531
-1.21,2.789
-1.416,2.68
-1.702,2.53
-1.937,2.837
-2.047,2.735
-2.44,2.513
-3.076,2.884
3.138,2.836
2.447,2.587
2.324,2.889
1.884,2.62
1.955,2.509
0.693,-0.898
-0.656,0.566
-1.441,2.211
-1.483,-0.083
-1.628,-0.656
-1.958,-0.557
-2.291,2.146
2.372,-1.651
0.786,-1.884
1.956,-1.785
1.037,2.492
1.407,-1.133
1.185,-1.474
1.174,0.586
1.119,0.161
1.136,1.105
0.885,0.331
1.05,0.514
0.896,0.387
0.826,0.903
0.903,0.763
0.846,1.09
0.672,-1.383
0.624,-0.097
0.544,0.191
0.347,0.467
0.471,0.465
0.267,-0.516
0.147,-1.186
0.066,1.158
0.022,-0.128
0.028,-0.906
0.109,2.182
0.083,-1.377
-0.085,-0.977
-0.229,0.669
-0.239,-0.195
-0.27,2.177
-0.31,0.107
-0.279,-0.053
-0.42,-1.433
-0.474,-0.064
-0.632,0.95
-0.526,0.461
-0.619,0.916
-0.643,-0.215
-0.8,-1.574
-0.836,2.0
-0.786,1.411
-0.96,1.835
-0.815,1.421
-1.007,0.271
-1.3,2.276
-1.317,1.228
-1.27,-0.079
-1.37,1.065
-1.418,-0.404
-1.604,-1.124
-1.643,0.955
-1.695,-0.718
-1.578,1.745
-1.792,1.534
-1.829,1.065
-1.721,2.225
-1.772,-1.648
-1.847,1.857
-1.982,-1.587
-2.017,2.017
-2.022,-1.494
-2.061,1.094
-2.053,1.98
-2.155,0.094
-2.09,0.525
-2.13,-0.064
-2.285,-0.307
-2.405,1.289
-2.433,-0.218
-2.504,1.353
-2.809,2.325
-2.806,0.923
-2.807,-0.629
-3.016,-0.605
-3.111,1.506
-3.061,-0.313
-3.106,-1.077
2.923,-0.132
2.795,-0.421
2.851,-0.092
2.61,0.39
2.568,1.251
2.609,0.116
2.526,-0.888
2.403,0.577
2.381,0.549
2.088,-0.419
2.045,-1.405
1.814,1.151
1.798,0.484
1.662,-1.281
1.682,0.324
1.556,2.103
1.417,1.035
1.277,-1.863
0.682,-1.955
-0.026,-1.699
-0.958,-1.818
-1.16,-1.702
-1.208,-1.863
-1.921,-1.87
2.797,-1.882
1.693,-1.799
1.559,-1.682
1.736,-1.8
0.916,2.532
0.895,2.781
0.905,2.479
0.421,2.714
0.353,2.466
-0.503,2.448
-1.057,2.663
-1.274,2.429
-1.398,2.773
-1.588,2.435
-2.382,2.771
-2.667,2.555
2.473,2.689
1.656,2.39
1.373,2.088
1.298,0.214
-3.053,0.055
3.049,1.826
3.037,0.722
2.134,0.532
2.177,0.392
1.762,1.435
0.981,1.313
-0.404,0.586
1.644,1.332
1.447,1.323
-1.508,2.362
1.979,2.172
1.259,-1.453
-0.142,-1.462
-2.904,2.499
-0.177,-0.36
-0.239,1.084
-0.295,0.491
-0.321,1.139
-0.482,-0.4
-0.468,1.346
-0.66,0.195
-0.665,0.127
-0.692,1.847
-0.645,1.367
-0.647,2.098
-0.734,0.991
-0.67,0.384
-0.854,-0.772
-0.813,0.66
-0.882,0.747
-0.959,0.705
-0.897,-1.033
-0.95,-1.21
-1.032,0.369
-1.001,1.044
-1.062,-0.487
-0.998,-1.292
-1.093,-0.42
-1.185,-1.22
-1.198,-1.023
-1.143,1.552
-1.218,1.096
-1.225,2.183
-1.201,1.804
-1.278,0.988
-1.284,0.67
-1.267,-0.798
-1.292,2.345
-1.347,-0.942
-1.402,-0.469
-1.397,-1.305
-1.667,-0.24
-1.673,-1.504
-1.733,-1.465
-1.821,-0.744
-1.85,-0.149
-1.864,2.44
-1.822,0.836
-1.881,1.428
-1.919,-0.292
-2.017,-0.701
-2.025,-0.856
-2.007,1.804
-2.024,-1.234
-2.138,-0.693
-2.074,-1.602
-2.211,1.18
-2.275,2.1
-2.352,-0.313
-2.518,-1.398
-2.55,0.418
-2.642,2.402
-2.639,0.584
-2.707,-1.053
-2.734,-0.221
-2.723,0.576
-2.791,1.096
-2.835,-0.092
-2.971,1.085
-3.021,1.922
2.931,-1.009
2.797,1.004
2.776,-0.621
2.828,1.371
2.791,0.294
2.779,-1.237
2.588,1.489
2.544,0.616
2.626,2.055
2.519,-1.043
2.482,1.998
2.522,0.348
2.5,1.897
2.396,0.437
2.32,0.076
2.298,0.016
2.253,-0.741
2.056,-1.595
2.042,-0.172
2.054,-0.546
1.997,-0.803
1.884,-0.856
1.911,0.105
1.763,-0.359
1.804,0.603
1.768,2.268
1.736,-0.558
1.659,2.155
1.647,1.866
1.533,-1.478
1.587,1.194
1.577,1.379
1.585,0.851
1.493,1.36
1.486,2.31
1.459,0.789
1.521,0.69
1.504,-0.353
1.499,-1.419
0.691,-1.883
0.639,-1.614
0.501,-1.884
-1.444,-1.848
-2.369,-1.697
-2.448,-1.871
-2.524,-1.708
2.055,-1.825
1.982,-1.531
0.972,2.692
0.696,2.49
0.077,2.558
-1.066,2.604
-1.143,2.862
-1.349,2.753
-1.635,2.603
-1.87,2.91
-1.98,2.808
-2.373,2.586
-3.009,2.957
-3.078,2.909
2.514,2.66
2.391,2.962
1.951,2.693
2.022,2.582
0.76,-0.825
-0.589,0.639
-1.374,2.284
-1.416,-0.01
-1.561,-0.583
-1.891,-0.484
-2.224,2.219
2.439,-1.578
0.853,-1.811
2.023,-1.712
1.104,2.565
1.474,-1.06
1.252,-1.401
1.241,0.659
1.186,0.234
1.203,1.178
0.952,0.404
1.117,0.587
0.963,0.46
0.893,0.976
0.97,0.836
0.913,1.163
0.739,-1.31
0.691,-0.024
0.611,0.264
0.414,0.54
0.538,0.538
0.334,-0.443
0.214,-1.113
0.133,1.231
0.089,-0.055
0.095,-0.833
0.176,2.255
0.15,-1.304
-0.018,-0.904
-0.162,0.742
-0.172,-0.122
-0.203,2.25
-0.243,0.18
-0.212,0.02
-0.353,-1.36
-0.407,0.009
-0.565,1.023
-0.459,0.534
-0.552,0.989
-0.576,-0.142
-0.733,-1.501
-0.769,2.073
-0.719,1.484
-0.893,1.908
-0.748,1.494
-0.94,0.344
-1.233,2.349
-1.25,1.301
-1.203,-0.006
-1.303,1.138
-1.351,-0.331
-1.537,-1.051
-1.576,1.028
-1.628,-0.645
-1.511,1.818
-1.725,1.607
-1.762,1.138
-1.654,2.298
-1.705,-1.575
-1.78,1.93
-1.915,-1.514
-1.95,2.09
-1.955,-1.421
-1.994,1.167
-1.986,2.053
-2.088,0.167
-2.023,0.598
-2.063,0.009
-2.218,-0.234
-2.338,1.362
-2.366,-0.145
-2.437,1.426
-2.742,2.398
-2.739,0.996
-2.74,-0.556
-2.949,-0.532
-3.044,1.579
-2.994,-0.24
-3.039,-1.004
2.99,-0.059
2.862,-0.348
2.918,-0.019
2.677,0.463
2.635,1.324
2.676,0.189
2.593,-0.815
2.47,0.65
2.448,0.622
2.155,-0.346
2.112,-1.332
1.881,1.224
1.865,0.557
1.729,-1.208
1.749,0.397
1.623,2.176
1.484,1.108
1.344,-1.79
0.749,-1.882
0.041,-1.626
-0.891,-1.745
-1.093,-1.629
-1.141,-1.79
-1.854,-1.797
2.864,-1.809
1.76,-1.726
1.626,-1.609
1.803,-1.727
0.983,2.605
0.962,2.854
0.972,2.552
0.488,2.787
0.42,2.539
-0.436,2.521
-0.99,2.736
-1.207,2.502
-1.331,2.846
-1.521,2.508
-2.315,2.844
-2.6,2.628
2.54,2.762
1.723,2.463
1.44,2.161
1.365,0.287
-2.986,0.128
3.116,1.899
3.104,0.795
2.201,0.605
2.244,0.465
1.829,1.508
1.048,1.386
-0.337,0.659
1.711,1.405
1.514,1.396
-1.441,2.435
2.046,2.245
1.326,-1.38
-0.075,-1.389
-2.837,2.572
-0.062,1.444
-0.118,0.851
-0.144,1.499
-0.305,-0.04
-0.291,1.706
-0.483,0.555
-0.488,0.487
-0.515,2.207
-0.468,1.727
-0.47,2.458
-0.557,1.351
-0.493,0.744
-0.677,-0.412
-0.636,1.02
-0.705,1.107
-0.782,1.065
-0.72,-0.673
-0.773,-0.85
-0.855,0.729
-0.824,1.404
-0.885,-0.127
-0.821,-0.932
-0.916,-0.06
-1.008,-0.86
-1.021,-0.663
-0.966,1.912
-1.041,1.456
-1.048,2.543
-1.024,2.164
-1.101,1.348
-1.107,1.03
-1.09,-0.438
-1.115,2.705
-1.17,-0.582
-1.225,-0.109
-1.22,-0.945
-1.49,0.12
-1.496,-1.144
-1.556,-1.105
-1.644,-0.384
-1.673,0.211
-1.687,2.8
-1.645,1.196
-1.704,1.788
-1.742,0.068
-1.84,-0.341
-1.848,-0.496
-1.83,2.164
-1.847,-0.874
-1.961,-0.333
-1.897,-1.242
-2.034,1.54
-2.098,2.46
-2.175,0.047
-2.341,-1.038
-2.373,0.778
-2.465,2.762
-2.462,0.944
-2.53,-0.693
-2.557,0.139
-2.546,0.936
-2.614,1.456
-2.658,0.268
-2.794,1.445
-2.844,2.282
3.108,-0.649
2.974,1.364
2.953,-0.261
3.005,1.731
2.968,0.654
2.956,-0.877
2.765,1.849
2.721,0.976
2.803,2.415
2.696,-0.683
2.659,2.358
2.699,0.708
2.677,2.257
2.573,0.797
2.497,0.436
2.475,0.376
2.43,-0.381
2.233,-1.235
2.219,0.188
2.231,-0.186
2.174,-0.443
2.061,-0.496
2.088,0.465
1.94,0.001
1.981,0.963
1.945,2.628
1.913,-0.198
1.836,2.515
1.824,2.226
1.71,-1.118
1.764,1.554
1.754,1.739
1.762,1.211
1.67,1.72
1.663,2.67
1.636,1.149
1.698,1.05
1.681,0.007
1.676,-1.059
0.868,-1.523
0.816,-1.254
0.678,-1.524
-1.267,-1.488
-2.192,-1.337
-2.271,-1.511
-2.347,-1.348
2.232,-1.465
2.159,-1.171
1.149,3.052
0.873,2.85
0.254,2.918
-0.889,2.964
-0.966,3.222
-1.172,3.113
-1.458,2.963
-1.693,3.27
-1.803,3.168
-2.196,2.946
-2.832,3.317
-2.901,3.269
2.691,3.02
2.568,3.322
2.128,3.053
2.199,2.942
0.937,-0.465
-0.412,0.999
-1.197,2.644
-1.239,0.35
-1.384,-0.223
-1.714,-0.124
-2.047,2.579
2.616,-1.218
1.03,-1.451
2.2,-1.352
1.281,2.925
1.651,-0.7
1.429,-1.041
1.418,1.019
1.363,0.594
1.38,1.538
1.129,0.764
1.294,0.947
1.14,0.82
1.07,1.336
1.147,1.196
1.09,1.523
0.916,-0.95
0.868,0.336
0.788,0.624
0.591,0.9
0.715,0.898
0.511,-0.083
0.391,-0.753
0.31,1.591
0.266,0.305
0.272,-0.473
0.353,2.615
0.327,-0.944
0.159,-0.544
0.015,1.102
0.005,0.238
-0.026,2.61
-0.066,0.54
-0.035,0.38
-0.176,-1.0
-0.23,0.369
-0.388,1.383
-0.282,0.894
-0.375,1.349
-0.399,0.218
-0.556,-1.141
-0.592,2.433
-0.542,1.844
-0.716,2.268
-0.571,1.854
-0.763,0.704
-1.056,2.709
-1.073,1.661
-1.026,0.354
-1.126,1.498
-1.174,0.029
-1.36,-0.691
-1.399,1.388
-1.451,-0.285
-1.334,2.178
-1.548,1.967
-1.585,1.498
-1.477,2.658
-1.528,-1.215
-1.603,2.29
-1.738,-1.154
-1.773,2.45
-1.778,-1.061
-1.817,1.527
-1.809,2.413
-1.911,0.527
-1.846,0.958
-1.886,0.369
-2.041,0.126
-2.161,1.722
-2.189,0.215
-2.26,1.786
-2.565,2.758
-2.562,1.356
-2.563,-0.196
-2.772,-0.172
-2.867,1.939
-2.817,0.12
-2.862,-0.644
-3.116,0.301
3.039,0.012
3.095,0.341
2.854,0.823
2.812,1.684
2.853,0.549
2.77,-0.455
2.647,1.01
2.625,0.982
2.332,0.014
2.289,-0.972
2.058,1.584
2.042,0.917
1.906,-0.848
1.926,0.757
1.8,2.536
1.661,1.468
1.521,-1.43
0.926,-1.522
0.218,-1.266
-0.714,-1.385
-0.916,-1.269
-0.964,-1.43
-1.677,-1.437
3.041,-1.449
1.937,-1.366
1.803,-1.249
1.98,-1.367
1.16,2.965
1.139,3.214
1.149,2.912
0.665,3.147
0.597,2.899
-0.259,2.881
-0.813,3.096
-1.03,2.862
-1.154,3.206
-1.344,2.868
-2.138,3.204
-2.423,2.988
2.717,3.122
1.9,2.823
1.617,2.521
1.542,0.647
-2.809,0.488
-2.99,2.259
-3.002,1.155
2.378,0.965
2.421,0.825
2.006,1.868
1.225,1.746
-0.16,1.019
1.888,1.765
1.691,1.756
-1.264,2.795
2.223,2.605
1.503,-1.02
0.102,-1.029
-2.66,2.932
-0.056,-0.593
-0.082,0.055
-0.243,-1.484
-0.229,0.262
-0.421,-0.889
-0.426,-0.957
-0.453,0.763
-0.406,0.283
-0.408,1.014
-0.495,-0.093
-0.431,-0.7
-0.615,-1.856
-0.574,-0.424
-0.643,-0.337
-0.72,-0.379
-0.658,-2.117
-0.711,-2.294
-0.793,-0.715
-0.762,-0.04
-0.823,-1.571
-0.759,-2.376
-0.854,-1.504
-0.946,-2.304
-0.959,-2.107
-0.904,0.468
-0.979,0.012
-0.986,1.099
-0.962,0.72
-1.039,-0.096
-1.045,-0.414
-1.028,-1.882
-1.053,1.261
-1.108,-2.026
-1.163,-1.553
-1.158,-2.389
-1.428,-1.324
-1.434,-2.588
-1.494,-2.549
-1.582,-1.828
-1.611,-1.233
-1.625,1.356
-1.583,-0.248
-1.642,0.344
-1.68,-1.376
-1.778,-1.785
-1.786,-1.94
-1.768,0.72
-1.785,-2.318
-1.899,-1.777
-1.835,-2.686
-1.972,0.096
-2.036,1.016
-2.113,-1.397
-2.279,-2.482
-2.311,-0.666
-2.403,1.318
-2.4,-0.5
-2.468,-2.137
-2.495,-1.305
-2.484,-0.508
-2.552,0.012
-2.596,-1.176
-2.732,0.001
-2.782,0.838
-3.113,-2.093
3.036,-0.08
3.015,-1.705
3.067,0.287
3.03,-0.79
3.018,-2.321
2.827,0.405
2.783,-0.468
2.865,0.971
2.758,-2.127
2.721,0.914
2.761,-0.736
2.739,0.813
2.635,-0.647
2.559,-1.008
2.537,-1.068
2.492,-1.825
2.295,-2.679
2.281,-1.256
2.293,-1.63
2.236,-1.887
2.123,-1.94
2.15,-0.979
2.002,-1.443
2.043,-0.481
2.007,1.184
1.975,-1.642
1.898,1.071
1.886,0.782
1.772,-2.562
1.826,0.11
1.816,0.295
1.824,-0.233
1.732,0.276
1.725,1.226
1.698,-0.295
1.76,-0.394
1.743,-1.437
1.738,-2.503
0.93,-2.967
0.878,-2.698
0.74,-2.968
-1.205,-2.932
-2.13,-2.781
-2.209,-2.955
-2.285,-2.792
2.294,-2.909
2.221,-2.615
1.211,1.608
0.935,1.406
0.316,1.474
-0.827,1.52
-0.904,1.778
-1.11,1.669
-1.396,1.519
-1.631,1.826
-1.741,1.724
-2.134,1.502
-2.77,1.873
-2.839,1.825
2.753,1.576
2.63,1.878
2.19,1.609
2.261,1.498
0.999,-1.909
-0.35,-0.445
-1.135,1.2
-1.177,-1.094
-1.322,-1.667
-1.652,-1.568
-1.985,1.135
2.678,-2.662
1.092,-2.895
2.262,-2.796
1.343,1.481
1.713,-2.144
1.491,-2.485
1.48,-0.425
1.425,-0.85
1.442,0.094
1.191,-0.68
1.356,-0.497
1.202,-0.624
1.132,-0.108
1.209,-0.248
1.152,0.079
0.978,-2.394
0.93,-1.108
0.85,-0.82
0.653,-0.544
0.777,-0.546
0.573,-1.527
0.453,-2.197
0.372,0.147
0.328,-1.139
0.334,-1.917
0.415,1.171
0.389,-2.388
0.221,-1.988
0.077,-0.342
0.067,-1.206
0.036,1.166
-0.004,-0.904
0.027,-1.064
-0.114,-2.444
-0.168,-1.075
-0.326,-0.061
-0.22,-0.55
-0.313,-0.095
-0.337,-1.226
-0.494,-2.585
-0.53,0.989
-0.48,0.4
-0.654,0.824
-0.509,0.41
-0.701,-0.74
-0.994,1.265
-1.011,0.217
-0.964,-1.09
-1.064,0.054
-1.112,-1.415
-1.298,-2.135
-1.337,-0.056
-1.389,-1.729
-1.272,0.734
-1.486,0.523
-1.523,0.054
-1.415,1.214
-1.466,-2.659
-1.541,0.846
-1.676,-2.598
-1.711,1.006
-1.716,-2.505
-1.755,0.083
-1.747,0.969
-1.849,-0.917
-1.784,-0.486
-1.824,-1.075
-1.979,-1.318
-2.099,0.278
-2.127,-1.229
-2.198,0.342
-2.503,1.314
-2.5,-0.088
-2.501,-1.64
-2.71,-1.616
-2.805,0.495
-2.755,-1.324
-2.8,-2.088
-3.054,-1.143
3.101,-1.432
-3.126,-1.103
2.916,-0.621
2.874,0.24
2.915,-0.895
2.832,-1.899
2.709,-0.434
2.687,-0.462
2.394,-1.43
2.351,-2.416
2.12,0.14
2.104,-0.527
1.968,-2.292
1.988,-0.687
1.862,1.092
1.723,0.024
1.583,-2.874
0.988,-2.966
0.28,-2.71
-0.652,-2.829
-0.854,-2.713
-0.902,-2.874
-1.615,-2.881
3.103,-2.893
1.999,-2.81
1.865,-2.693
2.042,-2.811
1.222,1.521
1.201,1.77
1.211,1.468
0.727,1.703
0.659,1.455
-0.197,1.437
-0.751,1.652
-0.968,1.418
-1.092,1.762
-1.282,1.424
-2.076,1.76
-2.361,1.544
2.779,1.678
1.962,1.379
1.679,1.077
1.604,-0.797
-2.747,-0.956
-2.928,0.815
-2.94,-0.289
2.44,-0.479
2.483,-0.619
2.068,0.424
1.287,0.302
-0.098,-0.425
1.95,0.321
1.753,0.312
-1.202,1.351
2.285,1.161
1.565,-2.464
0.164,-2.473
-2.598,1.488
-0.026,0.648
-0.187,-0.891
-0.173,0.855
-0.365,-0.296
-0.37,-0.364
-0.397,1.356
-0.35,0.876
-0.352,1.607
-0.439,0.5
-0.375,-0.107
-0.559,-1.263
-0.518,0.169
-0.587,0.256
-0.664,0.214
-0.602,-1.524
-0.655,-1.701
-0.737,-0.122
-0.706,0.553
-0.767,-0.978
-0.703,-1.783
-0.798,-0.911
-0.89,-1.711
-0.903,-1.514
-0.848,1.061
-0.923,0.605
-0.93,1.692
-0.906,1.313
-0.983,0.497
-0.989,0.179
-0.972,-1.289
-0.997,1.854
-1.052,-1.433
-1.107,-0.96
-1.102,-1.796
-1.372,-0.731
-1.378,-1.995
-1.438,-1.956
-1.526,-1.235
-1.555,-0.64
-1.569,1.949
-1.527,0.345
-1.586,0.937
-1.624,-0.783
-1.722,-1.192
-1.73,-1.347
-1.712,1.313
-1.729,-1.725
-1.843,-1.184
-1.779,-2.093
-1.916,0.689
-1.98,1.609
-2.057,-0.804
-2.223,-1.889
-2.255,-0.073
-2.347,1.911
-2.344,0.093
-2.412,-1.544
-2.439,-0.712
-2.428,0.085
-2.496,0.605
-2.54,-0.583
-2.676,0.594
-2.726,1.431
-3.057,-1.5
3.092,0.513
3.071,-1.112
3.123,0.88
3.086,-0.197
3.074,-1.728
2.883,0.998
2.839,0.125
2.921,1.564
2.814,-1.534
2.777,1.507
2.817,-0.143
2.795,1.406
2.691,-0.054
2.615,-0.415
2.593,-0.475
2.548,-1.232
2.351,-2.086
2.337,-0.663
2.349,-1.037
2.292,-1.294
2.179,-1.347
2.206,-0.386
2.058,-0.85
2.099,0.112
2.063,1.777
2.031,-1.049
1.954,1.664
1.942,1.375
1.828,-1.969
1.882,0.703
1.872,0.888
1.88,0.36
1.788,0.869
1.781,1.819
1.754,0.298
1.816,0.199
1.799,-0.844
1.794,-1.91
0.986,-2.374
0.934,-2.105
0.796,-2.375
-1.149,-2.339
-2.074,-2.188
-2.153,-2.362
-2.229,-2.199
2.35,-2.316
2.277,-2.022
1.267,2.201
0.991,1.999
0.372,2.067
-0.771,2.113
-0.848,2.371
-1.054,2.262
-1.34,2.112
-1.575,2.419
-1.685,2.317
-2.078,2.095
-2.714,2.466
-2.783,2.418
2.809,2.169
2.686,2.471
2.246,2.202
2.317,2.091
1.055,-1.316
-0.294,0.148
-1.079,1.793
-1.121,-0.501
-1.266,-1.074
-1.596,-0.975
-1.929,1.728
2.734,-2.069
1.148,-2.302
2.318,-2.203
1.399,2.074
1.769,-1.551
1.547,-1.892
1.536,0.168
1.481,-0.257
1.498,0.687
1.247,-0.087
1.412,0.096
1.258,-0.031
1.188,0.485
1.265,0.345
1.208,0.672
1.034,-1.801
0.986,-0.515
0.906,-0.227
0.709,0.049
0.833,0.047
0.629,-0.934
0.509,-1.604
0.428,0.74
0.384,-0.546
0.39,-1.324
0.471,1.764
0.445,-1.795
0.277,-1.395
0.133,0.251
0.123,-0.613
0.092,1.759
0.052,-0.311
0.083,-0.471
-0.058,-1.851
-0.112,-0.482
-0.27,0.532
-0.164,0.043
-0.257,0.498
-0.281,-0.633
-0.438,-1.992
-0.474,1.582
-0.424,0.993
-0.598,1.417
-0.453,1.003
-0.645,-0.147
-0.938,1.858
-0.955,0.81
-0.908,-0.497
-1.008,0.647
-1.056,-0.822
-1.242,-1.542
-1.281,0.537
-1.333,-1.136
-1.216,1.327
-1.43,1.116
-1.467,0.647
-1.359,1.807
-1.41,-2.066
-1.485,1.439
-1.62,-2.005
-1.655,1.599
-1.66,-1.912
-1.699,0.676
-1.691,1.562
-1.793,-0.324
-1.728,0.107
-1.768,-0.482
-1.923,-0.725
-2.043,0.871
-2.071,-0.636
-2.142,0.935
-2.447,1.907
-2.444,0.505
-2.445,-1.047
-2.654,-1.023
-2.749,1.088
-2.699,-0.731
-2.744,-1.495
-2.998,-0.55
-3.126,-0.839
-3.07,-0.51
2.972,-0.028
2.93,0.833
2.971,-0.302
2.888,-1.306
2.765,0.159
2.743,0.131
2.45,-0.837
2.407,-1.823
2.176,0.733
2.16,0.066
2.024,-1.699
2.044,-0.094
1.918,1.685
1.779,0.617
1.639,-2.281
1.044,-2.373
0.336,-2.117
-0.596,-2.236
-0.798,-2.12
-0.846,-2.281
-1.559,-2.288
-3.124,-2.3
2.055,-2.217
1.921,-2.1
2.098,-2.218
1.278,2.114
1.257,2.363
1.267,2.061
0.783,2.296
0.715,2.048
-0.141,2.03
-0.695,2.245
-0.912,2.011
-1.036,2.355
-1.226,2.017
-2.02,2.353
-2.305,2.137
2.835,2.271
2.018,1.972
1.735,1.67
1.66,-0.204
-2.691,-0.363
-2.872,1.408
-2.884,0.304
2.496,0.114
2.539,-0.026
2.124,1.017
1.343,0.895
-0.042,0.168
2.006,0.914
1.809,0.905
-1.146,1.944
2.341,1.754
1.621,-1.871
0.22,-1.88
-2.542,2.081
-0.161,-1.539
-0.147,0.207
-0.339,-0.944
-0.344,-1.012
-0.371,0.708
-0.324,0.228
-0.326,0.959
-0.413,-0.148
-0.349,-0.755
-0.533,-1.911
-0.492,-0.479
-0.561,-0.392
-0.638,-0.434
-0.576,-2.172
-0.629,-2.349
-0.711,-0.77
-0.68,-0.095
-0.741,-1.626
-0.677,-2.431
-0.772,-1.559
-0.864,-2.359
-0.877,-2.162
-0.822,0.413
-0.897,-0.043
-0.904,1.044
-0.88,0.665
-0.957,-0.151
-0.963,-0.469
-0.946,-1.937
-0.971,1.206
-1.026,-2.081
-1.081,-1.608
-1.076,-2.444
-1.346,-1.379
-1.352,-2.643
-1.412,-2.604
-1.5,-1.883
-1.529,-1.288
-1.543,1.301
-1.501,-0.303
-1.56,0.289
-1.598,-1.431
-1.696,-1.84
-1.704,-1.995
-1.686,0.665
-1.703,-2.373
-1.817,-1.832
-1.753,-2.741
-1.89,0.041
-1.954,0.961
-2.031,-1.452
-2.197,-2.537
-2.229,-0.721
-2.321,1.263
-2.318,-0.555
-2.386,-2.192
-2.413,-1.36
-2.402,-0.563
-2.47,-0.043
-2.514,-1.231
-2.65,-0.054
-2.7,0.783
-3.031,-2.148
3.118,-0.135
3.097,-1.76
-3.134,0.232
3.112,-0.845
3.1,-2.376
2.909,0.35
2.865,-0.523
2.947,0.916
2.84,-2.182
2.803,0.859
2.843,-0.791
2.821,0.758
2.717,-0.702
2.641,-1.063
2.619,-1.123
2.574,-1.88
2.377,-2.734
2.363,-1.311
2.375,-1.685
2.318,-1.942
2.205,-1.995
2.232,-1.034
2.084,-1.498
2.125,-0.536
2.089,1.129
2.057,-1.697
1.98,1.016
1.968,0.727
1.854,-2.617
1.908,0.055
1.898,0.24
1.906,-0.288
1.814,0.221
1.807,1.171
1.78,-0.35
1.842,-0.449
1.825,-1.492
1.82,-2.558
1.012,-3.022
0.96,-2.753
0.822,-3.023
-1.123,-2.987
-2.048,-2.836
-2.127,-3.01
-2.203,-2.847
2.376,-2.964
2.303,-2.67
1.293,1.553
1.017,1.351
0.398,1.419
-0.745,1.465
-0.822,1.723
-1.028,1.614
-1.314,1.464
-1.549,1.771
-1.659,1.669
-2.052,1.447
-2.688,1.818
-2.757,1.77
2.835,1.521
2.712,1.823
2.272,1.554
2.343,1.443
1.081,-1.964
-0.268,-0.5
-1.053,1.145
-1.095,-1.149
-1.24,-1.722
-1.57,-1.623
-1.903,1.08
2.76,-2.717
1.174,-2.95
2.344,-2.851
1.425,1.426
1.795,-2.199
1.573,-2.54
1.562,-0.48
1.507,-0.905
1.524,0.039
1.273,-0.735
1.438,-0.552
1.284,-0.679
1.214,-0.163
1.291,-0.303
1.234,0.024
1.06,-2.449
1.012,-1.163
0.932,-0.875
0.735,-0.599
0.859,-0.601
0.655,-1.582
0.535,-2.252
0.454,0.092
0.41,-1.194
0.416,-1.972
0.497,1.116
0.471,-2.443
0.303,-2.043
0.159,-0.397
0.149,-1.261
0.118,1.111
0.078,-0.959
0.109,-1.119
-0.032,-2.499
-0.086,-1.13
-0.244,-0.116
-0.138,-0.605
-0.231,-0.15
-0.255,-1.281
-0.412,-2.64
-0.448,0.934
-0.398,0.345
-0.572,0.769
-0.427,0.355
-0.619,-0.795
-0.912,1.21
-0.929,0.162
-0.882,-1.145
-0.982,-0.001
-1.03,-1.47
-1.216,-2.19
-1.255,-0.111
-1.307,-1.784
-1.19,0.679
-1.404,0.468
-1.441,-0.001
-1.333,1.159
-1.384,-2.714
-1.459,0.791
-1.594,-2.653
-1.629,0.951
-1.634,-2.56
-1.673,0.028
-1.665,0.914
-1.767,-0.972
-1.702,-0.541
-1.742,-1.13
-1.897,-1.373
-2.017,0.223
-2.045,-1.284
-2.116,0.287
-2.421,1.259
-2.418,-0.143
-2.419,-1.695
-2.628,-1.671
-2.723,0.44
-2.673,-1.379
-2.718,-2.143
-2.972,-1.198
-3.1,-1.487
-3.044,-1.158
2.998,-0.676
2.956,0.185
2.997,-0.95
2.914,-1.954
2.791,-0.489
2.769,-0.517
2.476,-1.485
2.433,-2.471
2.202,0.085
2.186,-0.582
2.05,-2.347
2.07,-0.742
1.944,1.037
1.805,-0.031
1.665,-2.929
1.07,-3.021
0.362,-2.765
-0.57,-2.884
-0.772,-2.768
-0.82,-2.929
-1.533,-2.936
-3.098,-2.948
2.081,-2.865
1.947,-2.748
2.124,-2.866
1.304,1.466
1.283,1.715
1.293,1.413
0.809,1.648
0.741,1.4
-0.115,1.382
-0.669,1.597
-0.886,1.363
-1.01,1.707
-1.2,1.369
-1.994,1.705
-2.279,1.489
2.861,1.623
2.044,1.324
1.761,1.022
1.686,-0.852
-2.665,-1.011
-2.846,0.76
-2.858,-0.344
2.522,-0.534
2.565,-0.674
2.15,0.369
1.369,0.247
-0.016,-0.48
2.032,0.266
1.835,0.257
-1.12,1.296
2.367,1.106
1.647,-2.519
0.246,-2.528
-2.516,1.433
0.014,1.746
-0.178,0.595
-0.183,0.527
-0.21,2.247
-0.163,1.767
-0.165,2.498
-0.252,1.391
-0.188,0.784
-0.372,-0.372
-0.331,1.06
-0.4,1.147
-0.477,1.105
-0.415,-0.633
-0.468,-0.81
-0.55,0.769
-0.519,1.444
-0.58,-0.087
-0.516,-0.892
-0.611,-0.02
-0.703,-0.82
-0.716,-0.623
-0.661,1.952
-0.736,1.496
-0.743,2.583
-0.719,2.204
-0.796,1.388
-0.802,1.07
-0.785,-0.398
-0.81,2.745
-0.865,-0.542
-0.92,-0.069
-0.915,-0.905
-1.185,0.16
-1.191,-1.104
-1.251,-1.065
-1.339,-0.344
-1.368,0.251
-1.382,2.84
-1.34,1.236
-1.399,1.828
-1.437,0.108
-1.535,-0.301
-1.543,-0.456
-1.525,2.204
-1.542,-0.834
-1.656,-0.293
-1.592,-1.202
-1.729,1.58
-1.793,2.5
-1.87,0.087
-2.036,-0.998
-2.068,0.818
-2.16,2.802
-2.157,0.984
-2.225,-0.653
-2.252,0.179
-2.241,0.976
-2.309,1.496
-2.353,0.308
-2.489,1.485
-2.539,2.322
-2.87,-0.609
-3.004,1.404
-3.025,-0.221
-2.973,1.771
-3.01,0.694
-3.022,-0.837
3.07,1.889
3.026,1.016
3.108,2.455
3.001,-0.643
2.964,2.398
3.004,0.748
2.982,2.297
2.878,0.837
2.802,0.476
2.78,0.416
2.735,-0.341
2.538,-1.195
2.524,0.228
2.536,-0.146
2.479,-0.403
2.366,-0.456
2.393,0.505
2.245,0.041
2.286,1.003
2.25,2.668
2.218,-0.158
2.141,2.555
2.129,2.266
2.015,-1.078
2.069,1.594
2.059,1.779
2.067,1.251
1.975,1.76
1.968,2.71
1.941,1.189
2.003,1.09
1.986,0.047
1.981,-1.019
1.173,-1.483
1.121,-1.214
0.983,-1.484
-0.962,-1.448
-1.887,-1.297
-1.966,-1.471
-2.042,-1.308
2.537,-1.425
2.464,-1.131
1.454,3.092
1.178,2.89
0.559,2.958
-0.584,3.004
-0.661,3.262
-0.867,3.153
-1.153,3.003
-1.388,3.31
-1.498,3.208
-1.891,2.986
-2.527,3.357
-2.596,3.309
2.996,3.06
2.873,3.362
2.433,3.093
2.504,2.982
1.242,-0.425
-0.107,1.039
-0.892,2.684
-0.934,0.39
-1.079,-0.183
-1.409,-0.084
-1.742,2.619
2.921,-1.178
1.335,-1.411
2.505,-1.312
1.586,2.965
1.956,-0.66
1.734,-1.001
1.723,1.059
1.668,0.634
1.685,1.578
1.434,0.804
1.599,0.987
1.445,0.86
1.375,1.376
1.452,1.236
1.395,1.563
1.221,-0.91
1.173,0.376
1.093,0.664
0.896,0.94
1.02,0.938
0.816,-0.043
0.696,-0.713
0.615,1.631
0.571,0.345
0.577,-0.433
0.658,2.655
0.632,-0.904
0.464,-0.504
0.32,1.142
0.31,0.278
0.279,2.65
0.239,0.58
0.27,0.42
0.129,-0.96
0.075,0.409
-0.083,1.423
0.023,0.934
-0.07,1.389
-0.094,0.258
-0.251,-1.101
-0.287,2.473
-0.237,1.884
-0.411,2.308
-0.266,1.894
-0.458,0.744
-0.751,2.749
-0.768,1.701
-0.721,0.394
-0.821,1.538
-0.869,0.069
-1.055,-0.651
-1.094,1.428
-1.146,-0.245
-1.029,2.218
-1.243,2.007
-1.28,1.538
-1.172,2.698
-1.223,-1.175
-1.298,2.33
-1.433,-1.114
-1.468,2.49
-1.473,-1.021
-1.512,1.567
-1.504,2.453
-1.606,0.567
-1.541,0.998
-1.581,0.409
-1.736,0.166
-1.856,1.762
-1.884,0.255
-1.955,1.826
-2.26,2.798
-2.257,1.396
-2.258,-0.156
-2.467,-0.132
-2.562,1.979
-2.512,0.16
-2.557,-0.604
-2.811,0.341
-2.939,0.052
-2.883,0.381
-3.124,0.863
3.117,1.724
-3.125,0.589
3.075,-0.415
2.952,1.05
2.93,1.022
2.637,0.054
2.594,-0.932
2.363,1.624
2.347,0.957
2.211,-0.808
2.231,0.797
2.105,2.576
1.966,1.508
1.826,-1.39
1.231,-1.482
0.523,-1.226
-0.409,-1.345
-0.611,-1.229
-0.659,-1.39
-1.372,-1.397
-2.937,-1.409
2.242,-1.326
2.108,-1.209
2.285,-1.327
1.465,3.005
1.444,3.254
1.454,2.952
0.97,3.187
0.902,2.939
0.046,2.921
-0.508,3.136
-0.725,2.902
-0.849,3.246
-1.039,2.908
-1.833,3.244
-2.118,3.028
3.022,3.162
2.205,2.863
1.922,2.561
1.847,0.687
-2.504,0.528
-2.685,2.299
-2.697,1.195
2.683,1.005
2.726,0.865
2.311,1.908
1.53,1.786
0.145,1.059
2.193,1.805
1.996,1.796
-0.959,2.835
2.528,2.645
1.808,-0.98
0.407,-0.989
-2.355,2.972
-0.192,-1.151
-0.197,-1.219
-0.224,0.501
-0.177,0.021
-0.179,0.752
-0.266,-0.355
-0.202,-0.962
-0.386,-2.118
-0.345,-0.686
-0.414,-0.599
-0.491,-0.641
-0.429,-2.379
-0.482,-2.556
-0.564,-0.977
-0.533,-0.302
-0.594,-1.833
-0.53,-2.638
-0.625,-1.766
-0.717,-2.566
-0.73,-2.369
-0.675,0.206
-0.75,-0.25
-0.757,0.837
-0.733,0.458
-0.81,-0.358
-0.816,-0.676
-0.799,-2.144
-0.824,0.999
-0.879,-2.288
-0.934,-1.815
-0.929,-2.651
-1.199,-1.586
-1.205,-2.85
-1.265,-2.811
-1.353,-2.09
-1.382,-1.495
-1.396,1.094
-1.354,-0.51
-1.413,0.082
-1.451,-1.638
-1.549,-2.047
-1.557,-2.202
-1.539,0.458
-1.556,-2.58
-1.67,-2.039
-1.606,-2.948
-1.743,-0.166
-1.807,0.754
-1.884,-1.659
-2.05,-2.744
-2.082,-0.928
-2.174,1.056
-2.171,-0.762
-2.239,-2.399
-2.266,-1.567
-2.255,-0.77
-2.323,-0.25
-2.367,-1.438
-2.503,-0.261
-2.553,0.576
-2.884,-2.355
-3.018,-0.342
-3.039,-1.967
-2.987,0.025
-3.024,-1.052
-3.036,-2.583
3.056,0.143
3.012,-0.73
3.094,0.709
2.987,-2.389
2.95,0.652
2.99,-0.998
2.968,0.551
2.864,-0.909
2.788,-1.27
2.766,-1.33
2.721,-2.087
2.524,-2.941
2.51,-1.518
2.522,-1.892
2.465,-2.149
2.352,-2.202
2.379,-1.241
2.231,-1.705
2.272,-0.743
2.236,0.922
2.204,-1.904
2.127,0.809
2.115,0.52
2.001,-2.824
2.055,-0.152
2.045,0.033
2.053,-0.495
1.961,0.014
1.954,0.964
1.927,-0.557
1.989,-0.656
1.972,-1.699
1.967,-2.765
1.159,-3.229
1.107,-2.96
0.969,-3.23
-0.976,-3.194
-1.901,-3.043
-1.98,-3.217
-2.056,-3.054
2.523,-3.171
2.45,-2.877
1.44,1.346
1.164,1.144
0.545,1.212
-0.598,1.258
-0.675,1.516
-0.881,1.407
-1.167,1.257
-1.402,1.564
-1.512,1.462
-1.905,1.24
-2.541,1.611
-2.61,1.563
2.982,1.314
2.859,1.616
2.419,1.347
2.49,1.236
1.228,-2.171
-0.121,-0.707
-0.906,0.938
-0.948,-1.356
-1.093,-1.929
-1.423,-1.83
-1.756,0.873
2.907,-2.924
1.321,-3.157
2.491,-3.058
1.572,1.219
1.942,-2.406
1.72,-2.747
1.709,-0.687
1.654,-1.112
1.671,-0.168
1.42,-0.942
1.585,-0.759
1.431,-0.886
1.361,-0.37
1.438,-0.51
1.381,-0.183
1.207,-2.656
1.159,-1.37
1.079,-1.082
0.882,-0.806
1.006,-0.808
0.802,-1.789
0.682,-2.459
0.601,-0.115
0.557,-1.401
0.563,-2.179
0.644,0.909
0.618,-2.65
0.45,-2.25
0.306,-0.604
0.296,-1.468
0.265,0.904
0.225,-1.166
0.256,-1.326
0.115,-2.706
0.061,-1.337
-0.097,-0.323
0.009,-0.812
-0.084,-0.357
-0.108,-1.488
-0.265,-2.847
-0.301,0.727
-0.251,0.138
-0.425,0.562
-0.28,0.148
-0.472,-1.002
-0.765,1.003
-0.782,-0.045
-0.735,-1.352
-0.835,-0.208
-0.883,-1.677
-1.069,-2.397
-1.108,-0.318
-1.16,-1.991
-1.043,0.472
-1.257,0.261
-1.294,-0.208
-1.186,0.952
-1.237,-2.921
-1.312,0.584
-1.447,-2.86
-1.482,0.744
-1.487,-2.767
-1.526,-0.179
-1.518,0.707
-1.62,-1.179
-1.555,-0.748
-1.595,-1.337
-1.75,-1.58
-1.87,0.016
-1.898,-1.491
-1.969,0.08
-2.274,1.052
-2.271,-0.35
-2.272,-1.902
-2.481,-1.878
-2.576,0.233
-2.526,-1.586
-2.571,-2.35
-2.825,-1.405
-2.953,-1.694
-2.897,-1.365
-3.138,-0.883
3.103,-0.022
-3.139,-1.157
3.061,-2.161
2.938,-0.696
2.916,-0.724
2.623,-1.692
2.58,-2.678
2.349,-0.122
2.333,-0.789
2.197,-2.554
2.217,-0.949
2.091,0.83
1.952,-0.238
1.812,-3.136
1.217,-3.228
0.509,-2.972
-0.423,-3.091
-0.625,-2.975
-0.673,-3.136
-1.386,-3.143
-2.951,-3.155
2.228,-3.072
2.094,-2.955
2.271,-3.073
1.451,1.259
1.43,1.508
1.44,1.206
0.956,1.441
0.888,1.193
0.032,1.175
-0.522,1.39
-0.739,1.156
-0.863,1.5
-1.053,1.162
-1.847,1.498
-2.132,1.282
3.008,1.416
2.191,1.117
1.908,0.815
1.833,-1.059
-2.518,-1.218
-2.699,0.553
-2.711,-0.551
2.669,-0.741
2.712,-0.881
2.297,0.162
1.516,0.04
0.131,-0.687
2.179,0.059
1.982,0.05
-0.973,1.089
2.514,0.899
1.794,-2.726
0.393,-2.735
-2.369,1.226
-0.005,-0.068
-0.032,1.652
0.015,1.172
0.013,1.903
-0.074,0.796
-0.01,0.189
-0.194,-0.967
-0.153,0.465
-0.222,0.552
-0.299,0.51
-0.237,-1.228
-0.29,-1.405
-0.372,0.174
-0.341,0.849
-0.402,-0.682
-0.338,-1.487
-0.433,-0.615
-0.525,-1.415
-0.538,-1.218
-0.483,1.357
-0.558,0.901
-0.565,1.988
-0.541,1.609
-0.618,0.793
-0.624,0.475
-0.607,-0.993
-0.632,2.15
-0.687,-1.137
-0.742,-0.664
-0.737,-1.5
-1.007,-0.435
-1.013,-1.699
-1.073,-1.66
-1.161,-0.939
-1.19,-0.344
-1.204,2.245
-1.162,0.641
-1.221,1.233
-1.259,-0.487
-1.357,-0.896
-1.365,-1.051
-1.347,1.609
-1.364,-1.429
-1.478,-0.888
-1.414,-1.797
-1.551,0.985
-1.615,1.905
-1.692,-0.508
-1.858,-1.593
-1.89,0.223
-1.982,2.207
-1.979,0.389
-2.047,-1.248
-2.074,-0.416
-2.063,0.381
-2.131,0.901
-2.175,-0.287
-2.311,0.89
-2.361,1.727
-2.692,-1.204
-2.826,0.809
-2.847,-0.816
-2.795,1.176
-2.832,0.099
-2.844,-1.432
-3.035,1.294
-3.079,0.421
-2.997,1.86
-3.104,-1.238
-3.141,1.803
-3.101,0.153
-3.123,1.702
3.056,0.242
2.98,-0.119
2.958,-0.179
2.913,-0.936
2.716,-1.79
2.702,-0.367
2.714,-0.741
2.657,-0.998
2.544,-1.051
2.571,-0.09
2.423,-0.554
2.464,0.408
2.428,2.073
2.396,-0.753
2.319,1.96
2.307,1.671
2.193,-1.673
2.247,0.999
2.237,1.184
2.245,0.656
2.153,1.165
2.146,2.115
2.119,0.594
2.181,0.495
2.164,-0.548
2.159,-1.614
1.351,-2.078
1.299,-1.809
1.161,-2.079
-0.784,-2.043
-1.709,-1.892
-1.788,-2.066
-1.864,-1.903
2.715,-2.02
2.642,-1.726
1.632,2.497
1.356,2.295
0.737,2.363
-0.406,2.409
-0.483,2.667
-0.689,2.558
-0.975,2.408
-1.21,2.715
-1.32,2.613
-1.713,2.391
-2.349,2.762
-2.418,2.714
-3.109,2.465
3.051,2.767
2.611,2.498
2.682,2.387
1.42,-1.02
0.071,0.444
-0.714,2.089
-0.756,-0.205
-0.901,-0.778
-1.231,-0.679
-1.564,2.024
3.099,-1.773
1.513,-2.006
2.683,-1.907
1.764,2.37
2.134,-1.255
1.912,-1.596
1.901,0.464
1.846,0.039
1.863,0.983
1.612,0.209
1.777,0.392
1.623,0.265
1.553,0.781
1.63,0.641
1.573,0.968
1.399,-1.505
1.351,-0.219
1.271,0.069
1.074,0.345
1.198,0.343
0.994,-0.638
0.874,-1.308
0.793,1.036
0.749,-0.25
0.755,-1.028
0.836,2.06
0.81,-1.499
0.642,-1.099
0.498,0.547
0.488,-0.317
0.457,2.055
0.417,-0.015
0.448,-0.175
0.307,-1.555
0.253,-0.186
0.095,0.828
0.201,0.339
0.108,0.794
0.084,-0.337
-0.073,-1.696
-0.109,1.878
-0.059,1.289
-0.233,1.713
-0.088,1.299
-0.28,0.149
-0.573,2.154
-0.59,1.106
-0.543,-0.201
-0.643,0.943
-0.691,-0.526
-0.877,-1.246
-0.916,0.833
-0.968,-0.84
-0.851,1.623
-1.065,1.412
-1.102,0.943
-0.994,2.103
-1.045,-1.77
-1.12,1.735
-1.255,-1.709
-1.29,1.895
-1.295,-1.616
-1.334,0.972
-1.326,1.858
-1.428,-0.028
-1.363,0.403
-1.403,-0.186
-1.558,-0.429
-1.678,1.167
-1.706,-0.34
-1.777,1.231
-2.082,2.203
-2.079,0.801
-2.08,-0.751
-2.289,-0.727
-2.384,1.384
-2.334,-0.435
-2.379,-1.199
-2.633,-0.254
-2.761,-0.543
-2.705,-0.214
-2.946,0.268
-2.988,1.129
-2.947,-0.006
-3.03,-1.01
3.13,0.455
3.108,0.427
2.815,-0.541
2.772,-1.527
2.541,1.029
2.525,0.362
2.389,-1.403
2.409,0.202
2.283,1.981
2.144,0.913
2.004,-1.985
1.409,-2.077
0.701,-1.821
-0.231,-1.94
-0.433,-1.824
-0.481,-1.985
-1.194,-1.992
-2.759,-2.004
2.42,-1.921
2.286,-1.804
2.463,-1.922
1.643,2.41
1.622,2.659
1.632,2.357
1.148,2.592
1.08,2.344
0.224,2.326
-0.33,2.541
-0.547,2.307
-0.671,2.651
-0.861,2.313
-1.655,2.649
-1.94,2.433
-3.083,2.567
2.383,2.268
2.1,1.966
2.025,0.092
-2.326,-0.067
-2.507,1.704
-2.519,0.6
2.861,0.41
2.904,0.27
2.489,1.313
1.708,1.191
0.323,0.464
2.371,1.21
2.174,1.201
-0.781,2.24
2.706,2.05
1.986,-1.575
0.585,-1.584
-2.177,2.377
-0.027,1.72
0.02,1.24
0.018,1.971
-0.069,0.864
-0.005,0.257
-0.189,-0.899
-0.148,0.533
-0.217,0.62
-0.294,0.578
-0.232,-1.16
-0.285,-1.337
-0.367,0.242
-0.336,0.917
-0.397,-0.614
-0.333,-1.419
-0.428,-0.547
-0.52,-1.347
-0.533,-1.15
-0.478,1.425
-0.553,0.969
-0.56,2.056
-0.536,1.677
-0.613,0.861
-0.619,0.543
-0.602,-0.925
-0.627,2.218
-0.682,-1.069
-0.737,-0.596
-0.732,-1.432
-1.002,-0.367
-1.008,-1.631
-1.068,-1.592
-1.156,-0.871
-1.185,-0.276
-1.199,2.313
-1.157,0.709
-1.216,1.301
-1.254,-0.419
-1.352,-0.828
-1.36,-0.983
-1.342,1.677
-1.359,-1.361
-1.473,-0.82
-1.409,-1.729
-1.546,1.053
-1.61,1.973
-1.687,-0.44
-1.853,-1.525
-1.885,0.291
-1.977,2.275
-1.974,0.457
-2.042,-1.18
-2.069,-0.348
-2.058,0.449
-2.126,0.969
-2.17,-0.219
-2.306,0.958
-2.356,1.795
-2.687,-1.136
-2.821,0.877
-2.842,-0.748
-2.79,1.244
-2.827,0.167
-2.839,-1.364
-3.03,1.362
-3.074,0.489
-2.992,1.928
-3.099,-1.17
-3.136,1.871
-3.096,0.221
-3.118,1.77
3.061,0.31
2.985,-0.051
2.963,-0.111
2.918,-0.868
2.721,-1.722
2.707,-0.299
2.719,-0.673
2.662,-0.93
2.549,-0.983
2.576,-0.022
2.428,-0.486
2.469,0.476
2.433,2.141
2.401,-0.685
2.324,2.028
2.312,1.739
2.198,-1.605
2.252,1.067
2.242,1.252
2.25,0.724
2.158,1.233
2.151,2.183
2.124,0.662
2.186,0.563
2.169,-0.48
2.164,-1.546
1.356,-2.01
1.304,-1.741
1.166,-2.011
-0.779,-1.975
-1.704,-1.824
-1.783,-1.998
-1.859,-1.835
2.72,-1.952
2.647,-1.658
1.637,2.565
1.361,2.363
0.742,2.431
-0.401,2.477
-0.478,2.735
-0.684,2.626
-0.97,2.476
-1.205,2.783
-1.315,2.681
-1.708,2.459
-2.344,2.83
-2.413,2.782
-3.104,2.533
3.056,2.835
2.616,2.566
2.687,2.455
1.425,-0.952
0.076,0.512
-0.709,2.157
-0.751,-0.137
-0.896,-0.71
-1.226,-0.611
-1.559,2.092
3.104,-1.705
1.518,-1.938
2.688,-1.839
1.769,2.438
2.139,-1.187
1.917,-1.528
1.906,0.532
1.851,0.107
1.868,1.051
1.617,0.277
1.782,0.46
1.628,0.333
1.558,0.849
1.635,0.709
1.578,1.036
1.404,-1.437
1.356,-0.151
1.276,0.137
1.079,0.413
1.203,0.411
0.999,-0.57
0.879,-1.24
0.798,1.104
0.754,-0.182
0.76,-0.96
0.841,2.128
0.815,-1.431
0.647,-1.031
0.503,0.615
0.493,-0.249
0.462,2.123
0.422,0.053
0.453,-0.107
0.312,-1.487
0.258,-0.118
0.1,0.896
0.206,0.407
0.113,0.862
0.089,-0.269
-0.068,-1.628
-0.104,1.946
-0.054,1.357
-0.228,1.781
-0.083,1.367
-0.275,0.217
-0.568,2.222
-0.585,1.174
-0.538,-0.133
-0.638,1.011
-0.686,-0.458
-0.872,-1.178
-0.911,0.901
-0.963,-0.772
-0.846,1.691
-1.06,1.48
-1.097,1.011
-0.989,2.171
-1.04,-1.702
-1.115,1.803
-1.25,-1.641
-1.285,1.963
-1.29,-1.548
-1.329,1.04
-1.321,1.926
-1.423,0.04
-1.358,0.471
-1.398,-0.118
-1.553,-0.361
-1.673,1.235
-1.701,-0.272
-1.772,1.299
-2.077,2.271
-2.074,0.869
-2.075,-0.683
-2.284,-0.659
-2.379,1.452
-2.329,-0.367
-2.374,-1.131
-2.628,-0.186
-2.756,-0.475
-2.7,-0.146
-2.941,0.336
-2.983,1.197
-2.942,0.062
-3.025,-0.942
3.135,0.523
3.113,0.495
2.82,-0.473
2.777,-1.459
2.546,1.097
2.53,0.43
2.394,-1.335
2.414,0.27
2.288,2.049
2.149,0.981
2.009,-1.917
1.414,-2.009
0.706,-1.753
-0.226,-1.872
-0.428,-1.756
-0.476,-1.917
-1.189,-1.924
-2.754,-1.936
2.425,-1.853
2.291,-1.736
2.468,-1.854
1.648,2.478
1.627,2.727
1.637,2.425
1.153,2.66
1.085,2.412
0.229,2.394
-0.325,2.609
-0.542,2.375
-0.666,2.719
-0.856,2.381
-1.65,2.717
-1.935,2.501
-3.078,2.635
2.388,2.336
2.105,2.034
2.03,0.16
-2.321,0.001
-2.502,1.772
-2.514,0.668
2.866,0.478
2.909,0.338
2.494,1.381
1.713,1.259
0.328,0.532
2.376,1.278
2.179,1.269
-0.776,2.308
2.711,2.118
1.991,-1.507
0.59,-1.516
-2.172,2.445
0.047,-0.48
0.045,0.251
-0.042,-0.856
0.022,-1.463
-0.162,-2.619
-0.121,-1.187
-0.19,-1.1
-0.267,-1.142
-0.205,-2.88
-0.258,-3.057
-0.34,-1.478
-0.309,-0.803
-0.37,-2.334
-0.306,-3.139
-0.401,-2.267
-0.493,-3.067
-0.506,-2.87
-0.451,-0.295
-0.526,-0.751
-0.533,0.336
-0.509,-0.043
-0.586,-0.859
-0.592,-1.177
-0.575,-2.645
-0.6,0.498
-0.655,-2.789
-0.71,-2.316
-0.705,-3.152
-0.975,-2.087
-0.981,-3.351
-1.041,-3.312
-1.129,-2.591
-1.158,-1.996
-1.172,0.593
-1.13,-1.011
-1.189,-0.419
-1.227,-2.139
-1.325,-2.548
-1.333,-2.703
-1.315,-0.043
-1.332,-3.081
-1.446,-2.54
-1.382,-3.449
-1.519,-0.667
-1.583,0.253
-1.66,-2.16
-1.826,-3.245
-1.858,-1.429
-1.95,0.555
-1.947,-1.263
-2.015,-2.9
-2.042,-2.068
-2.031,-1.271
-2.099,-0.751
-2.143,-1.939
-2.279,-0.762
-2.329,0.075
-2.66,-2.856
-2.794,-0.843
-2.815,-2.468
-2.763,-0.476
-2.8,-1.553
-2.812,-3.084
-3.003,-0.358
-3.047,-1.231
-2.965,0.208
-3.072,-2.89
-3.109,0.151
-3.069,-1.499
-3.091,0.05
3.088,-1.41
3.012,-1.771
2.99,-1.831
2.945,-2.588
2.748,-3.442
2.734,-2.019
2.746,-2.393
2.689,-2.65
2.576,-2.703
2.603,-1.742
2.455,-2.206
2.496,-1.244
2.46,0.421
2.428,-2.405
2.351,0.308
2.339,0.019
2.225,-3.325
2.279,-0.653
2.269,-0.468
2.277,-0.996
2.185,-0.487
2.178,0.463
2.151,-1.058
2.213,-1.157
2.196,-2.2
2.191,-3.266
1.383,-3.73
1.331,-3.461
1.193,-3.731
-0.752,-3.695
-1.677,-3.544
-1.756,-3.718
-1.832,-3.555
2.747,-3.672
2.674,-3.378
1.664,0.845
1.388,0.643
0.769,0.711
-0.374,0.757
-0.451,1.015
-0.657,0.906
-0.943,0.756
-1.178,1.063
-1.288,0.961
-1.681,0.739
-2.317,1.11
-2.386,1.062
-3.077,0.813
3.083,1.115
2.643,0.846
2.714,0.735
1.452,-2.672
0.103,-1.208
-0.682,0.437
-0.724,-1.857
-0.869,-2.43
-1.199,-2.331
-1.532,0.372
3.131,-3.425
1.545,-3.658
2.715,-3.559
1.796,0.718
2.166,-2.907
1.944,-3.248
1.933,-1.188
1.878,-1.613
1.895,-0.669
1.644,-1.443
1.809,-1.26
1.655,-1.387
1.585,-0.871
1.662,-1.011
1.605,-0.684
1.431,-3.157
1.383,-1.871
1.303,-1.583
1.106,-1.307
1.23,-1.309
1.026,-2.29
0.906,-2.96
0.825,-0.616
0.781,-1.902
0.787,-2.68
0.868,0.408
0.842,-3.151
0.674,-2.751
0.53,-1.105
0.52,-1.969
0.489,0.403
0.449,-1.667
0.48,-1.827
0.339,-3.207
0.285,-1.838
0.127,-0.824
0.233,-1.313
0.14,-0.858
0.116,-1.989
-0.041,-3.348
-0.077,0.226
-0.027,-0.363
-0.201,0.061
-0.056,-0.353
-0.248,-1.503
-0.541,0.502
-0.558,-0.546
-0.511,-1.853
-0.611,-0.709
-0.659,-2.178
-0.845,-2.898
-0.884,-0.819
-0.936,-2.492
-0.819,-0.029
-1.033,-0.24
-1.07,-0.709
-0.962,0.451
-1.013,-3.422
-1.088,0.083
-1.223,-3.361
-1.258,0.243
-1.263,-3.268
-1.302,-0.68
-1.294,0.206
-1.396,-1.68
-1.331,-1.249
-1.371,-1.838
-1.526,-2.081
-1.646,-0.485
-1.674,-1.992
-1.745,-0.421
-2.05,0.551
-2.047,-0.851
-2.048,-2.403
-2.257,-2.379
-2.352,-0.268
-2.302,-2.087
-2.347,-2.851
-2.601,-1.906
-2.729,-2.195
-2.673,-1.866
-2.914,-1.384
-2.956,-0.523
-2.915,-1.658
-2.998,-2.662
-3.121,-1.197
3.14,-1.225
2.847,-2.193
2.804,-3.179
2.573,-0.623
2.557,-1.29
2.421,-3.055
2.441,-1.45
2.315,0.329
2.176,-0.739
2.036,-3.637
1.441,-3.729
0.733,-3.473
-0.199,-3.592
-0.401,-3.476
-0.449,-3.637
-1.162,-3.644
-2.727,-3.656
2.452,-3.573
2.318,-3.456
2.495,-3.574
1.675,0.758
1.654,1.007
1.664,0.705
1.18,0.94
1.112,0.692
0.256,0.674
-0.298,0.889
-0.515,0.655
-0.639,0.999
-0.829,0.661
-1.623,0.997
-1.908,0.781
-3.051,0.915
2.415,0.616
2.132,0.314
2.057,-1.56
-2.294,-1.719
-2.475,0.052
-2.487,-1.052
2.893,-1.242
2.936,-1.382
2.521,-0.339
1.74,-0.461
0.355,-1.188
2.403,-0.442
2.206,-0.451
-0.749,0.588
2.738,0.398
2.018,-3.227
0.617,-3.236
-2.145,0.725
-0.002,0.731
-0.089,-0.376
-0.025,-0.983
-0.209,-2.139
-0.168,-0.707
-0.237,-0.62
-0.314,-0.662
-0.252,-2.4
-0.305,-2.577
-0.387,-0.998
-0.356,-0.323
-0.417,-1.854
-0.353,-2.659
-0.448,-1.787
-0.54,-2.587
-0.553,-2.39
-0.498,0.185
-0.573,-0.271
-0.58,0.816
-0.556,0.437
-0.633,-0.379
-0.639,-0.697
-0.622,-2.165
-0.647,0.978
-0.702,-2.309
-0.757,-1.836
-0.752,-2.672
-1.022,-1.607
-1.028,-2.871
-1.088,-2.832
-1.176,-2.111
-1.205,-1.516
-1.219,1.073
-1.177,-0.531
-1.236,0.061
-1.274,-1.659
-1.372,-2.068
-1.38,-2.223
-1.362,0.437
-1.379,-2.601
-1.493,-2.06
-1.429,-2.969
-1.566,-0.187
-1.63,0.733
-1.707,-1.68
-1.873,-2.765
-1.905,-0.949
-1.997,1.035
-1.994,-0.783
-2.062,-2.42
-2.089,-1.588
-2.078,-0.791
-2.146,-0.271
-2.19,-1.459
-2.326,-0.282
-2.376,0.555
-2.707,-2.376
-2.841,-0.363
-2.862,-1.988
-2.81,0.004
-2.847,-1.073
-2.859,-2.604
-3.05,0.122
-3.094,-0.751
-3.012,0.688
-3.119,-2.41
3.127,0.631
-3.116,-1.019
-3.138,0.53
3.041,-0.93
2.965,-1.291
2.943,-1.351
2.898,-2.108
2.701,-2.962
2.687,-1.539
2.699,-1.913
2.642,-2.17
2.529,-2.223
2.556,-1.262
2.408,-1.726
2.449,-0.764
2.413,0.901
2.381,-1.925
2.304,0.788
2.292,0.499
2.178,-2.845
2.232,-0.173
2.222,0.012
2.23,-0.516
2.138,-0.007
2.131,0.943
2.104,-0.578
2.166,-0.677
2.149,-1.72
2.144,-2.786
1.336,-3.25
1.284,-2.981
1.146,-3.251
-0.799,-3.215
-1.724,-3.064
-1.803,-3.238
-1.879,-3.075
2.7,-3.192
2.627,-2.898
1.617,1.325
1.341,1.123
0.722,1.191
-0.421,1.237
-0.498,1.495
-0.704,1.386
-0.99,1.236
-1.225,1.543
-1.335,1.441
-1.728,1.219
-2.364,1.59
-2.433,1.542
-3.124,1.293
3.036,1.595
2.596,1.326
2.667,1.215
1.405,-2.192
0.056,-0.728
-0.729,0.917
-0.771,-1.377
-0.916,-1.95
-1.246,-1.851
-1.579,0.852
3.084,-2.945
1.498,-3.178
2.668,-3.079
1.749,1.198
2.119,-2.427
1.897,-2.768
1.886,-0.708
1.831,-1.133
1.848,-0.189
1.597,-0.963
1.762,-0.78
1.608,-0.907
1.538,-0.391
1.615,-0.531
1.558,-0.204
1.384,-2.677
1.336,-1.391
1.256,-1.103
1.059,-0.827
1.183,-0.829
0.979,-1.81
0.859,-2.48
0.778,-0.136
0.734,-1.422
0.74,-2.2
0.821,0.888
0.795,-2.671
0.627,-2.271
0.483,-0.625
0.473,-1.489
0.442,0.883
0.402,-1.187
0.433,-1.347
0.292,-2.727
0.238,-1.358
0.08,-0.344
0.186,-0.833
0.093,-0.378
0.069,-1.509
-0.088,-2.868
-0.124,0.706
-0.074,0.117
-0.248,0.541
-0.103,0.127
-0.295,-1.023
-0.588,0.982
-0.605,-0.066
-0.558,-1.373
-0.658,-0.229
-0.706,-1.698
-0.892,-2.418
-0.931,-0.339
-0.983,-2.012
-0.866,0.451
-1.08,0.24
-1.117,-0.229
-1.009,0.931
-1.06,-2.942
-1.135,0.563
-1.27,-2.881
-1.305,0.723
-1.31,-2.788
-1.349,-0.2
-1.341,0.686
-1.443,-1.2
-1.378,-0.769
-1.418,-1.358
-1.573,-1.601
-1.693,-0.005
-1.721,-1.512
-1.792,0.059
-2.097,1.031
-2.094,-0.371
-2.095,-1.923
-2.304,-1.899
-2.399,0.212
-2.349,-1.607
-2.394,-2.371
-2.648,-1.426
-2.776,-1.715
-2.72,-1.386
-2.961,-0.904
-3.003,-0.043
-2.962,-1.178
-3.045,-2.182
3.115,-0.717
3.093,-0.745
2.8,-1.713
2.757,-2.699
2.526,-0.143
2.51,-0.81
2.374,-2.575
2.394,-0.97
2.268,0.809
2.129,-0.259
1.989,-3.157
1.394,-3.249
0.686,-2.993
-0.246,-3.112
-0.448,-2.996
-0.496,-3.157
-1.209,-3.164
-2.774,-3.176
2.405,-3.093
2.271,-2.976
2.448,-3.094
1.628,1.238
1.607,1.487
1.617,1.185
1.133,1.42
1.065,1.172
0.209,1.154
-0.345,1.369
-0.562,1.135
-0.686,1.479
-0.876,1.141
-1.67,1.477
-1.955,1.261
-3.098,1.395
2.368,1.096
2.085,0.794
2.01,-1.08
-2.341,-1.239
-2.522,0.532
-2.534,-0.572
2.846,-0.762
2.889,-0.902
2.474,0.141
1.693,0.019
0.308,-0.708
2.356,0.038
2.159,0.029
-0.796,1.068
2.691,0.878
1.971,-2.747
0.57,-2.756
-2.192,1.205
-0.087,-1.107
-0.023,-1.714
-0.207,-2.87
-0.166,-1.438
-0.235,-1.351
-0.312,-1.393
-0.25,-3.131
-0.303,-3.308
-0.385,-1.729
-0.354,-1.054
-0.415,-2.585
-0.351,-3.39
-0.446,-2.518
-0.538,-3.318
-0.551,-3.121
-0.496,-0.546
-0.571,-1.002
-0.578,0.085
-0.554,-0.294
-0.631,-1.11
-0.637,-1.428
-0.62,-2.896
-0.645,0.247
-0.7,-3.04
-0.755,-2.567
-0.75,-3.403
-1.02,-2.338
-1.026,-3.602
-1.086,-3.563
-1.174,-2.842
-1.203,-2.247
-1.217,0.342
-1.175,-1.262
-1.234,-0.67
-1.272,-2.39
-1.37,-2.799
-1.378,-2.954
-1.36,-0.294
-1.377,-3.332
-1.491,-2.791
-1.427,-3.7
-1.564,-0.918
-1.628,0.002
-1.705,-2.411
-1.871,-3.496
-1.903,-1.68
-1.995,0.304
-1.992,-1.514
-2.06,-3.151
-2.087,-2.319
-2.076,-1.522
-2.144,-1.002
-2.188,-2.19
-2.324,-1.013
-2.374,-0.176
-2.705,-3.107
-2.839,-1.094
-2.86,-2.719
-2.808,-0.727
-2.845,-1.804
-2.857,-3.335
-3.048,-0.609
-3.092,-1.482
-3.01,-0.043
-3.117,-3.141
3.129,-0.1
-3.114,-1.75
-3.136,-0.201
3.043,-1.661
2.967,-2.022
2.945,-2.082
2.9,-2.839
2.703,-3.693
2.689,-2.27
2.701,-2.644
2.644,-2.901
2.531,-2.954
2.558,-1.993
2.41,-2.457
2.451,-1.495
2.415,0.17
2.383,-2.656
2.306,0.057
2.294,-0.232
2.18,-3.576
2.234,-0.904
2.224,-0.719
2.232,-1.247
2.14,-0.738
2.133,0.212
2.106,-1.309
2.168,-1.408
2.151,-2.451
2.146,-3.517
1.338,-3.981
1.286,-3.712
1.148,-3.982
-0.797,-3.946
-1.722,-3.795
-1.801,-3.969
-1.877,-3.806
2.702,-3.923
2.629,-3.629
1.619,0.594
1.343,0.392
0.724,0.46
-0.419,0.506
-0.496,0.764
-0.702,0.655
-0.988,0.505
-1.223,0.812
-1.333,0.71
-1.726,0.488
-2.362,0.859
-2.431,0.811
-3.122,0.562
3.038,0.864
2.598,0.595
2.669,0.484
1.407,-2.923
0.058,-1.459
-0.727,0.186
-0.769,-2.108
-0.914,-2.681
-1.244,-2.582
-1.577,0.121
3.086,-3.676
1.5,-3.909
2.67,-3.81
1.751,0.467
2.121,-3.158
1.899,-3.499
1.888,-1.439
1.833,-1.864
1.85,-0.92
1.599,-1.694
1.764,-1.511
1.61,-1.638
1.54,-1.122
1.617,-1.262
1.56,-0.935
1.386,-3.408
1.338,-2.122
1.258,-1.834
1.061,-1.558
1.185,-1.56
0.981,-2.541
0.861,-3.211
0.78,-0.867
0.736,-2.153
0.742,-2.931
0.823,0.157
0.797,-3.402
0.629,-3.002
0.485,-1.356
0.475,-2.22
0.444,0.152
0.404,-1.918
0.435,-2.078
0.294,-3.458
0.24,-2.089
0.082,-1.075
0.188,-1.564
0.095,-1.109
0.071,-2.24
-0.086,-3.599
-0.122,-0.025
-0.072,-0.614
-0.246,-0.19
-0.101,-0.604
-0.293,-1.754
-0.586,0.251
-0.603,-0.797
-0.556,-2.104
-0.656,-0.96
-0.704,-2.429
-0.89,-3.149
-0.929,-1.07
-0.981,-2.743
-0.864,-0.28
-1.078,-0.491
-1.115,-0.96
-1.007,0.2
-1.058,-3.673
-1.133,-0.168
-1.268,-3.612
-1.303,-0.008
-1.308,-3.519
-1.347,-0.931
-1.339,-0.045
-1.441,-1.931
-1.376,-1.5
-1.416,-2.089
-1.571,-2.332
-1.691,-0.736
-1.719,-2.243
-1.79,-0.672
-2.095,0.3
-2.092,-1.102
-2.093,-2.654
-2.302,-2.63
-2.397,-0.519
-2.347,-2.338
-2.392,-3.102
-2.646,-2.157
-2.774,-2.446
-2.718,-2.117
-2.959,-1.635
-3.001,-0.774
-2.96,-1.909
-3.043,-2.913
3.117,-1.448
3.095,-1.476
2.802,-2.444
2.759,-3.43
2.528,-0.874
2.512,-1.541
2.376,-3.306
2.396,-1.701
2.27,0.078
2.131,-0.99
1.991,-3.888
1.396,-3.98
0.688,-3.724
-0.244,-3.843
-0.446,-3.727
-0.494,-3.888
-1.207,-3.895
-2.772,-3.907
2.407,-3.824
2.273,-3.707
2.45,-3.825
1.63,0.507
1.609,0.756
1.619,0.454
1.135,0.689
1.067,0.441
0.211,0.423
-0.343,0.638
-0.56,0.404
-0.684,0.748
-0.874,0.41
-1.668,0.746
-1.953,0.53
-3.096,0.664
2.37,0.365
2.087,0.063
2.012,-1.811
-2.339,-1.97
-2.52,-0.199
-2.532,-1.303
2.848,-1.493
2.891,-1.633
2.476,-0.59
1.695,-0.712
0.31,-1.439
2.358,-0.693
2.161,-0.702
-0.794,0.337
2.693,0.147
1.973,-3.478
0.572,-3.487
-2.19,0.474
0.064,-0.607
-0.12,-1.763
-0.079,-0.331
-0.148,-0.244
-0.225,-0.286
-0.163,-2.024
-0.216,-2.201
-0.298,-0.622
-0.267,0.053
-0.328,-1.478
-0.264,-2.283
-0.359,-1.411
-0.451,-2.211
-0.464,-2.014
-0.409,0.561
-0.484,0.105
-0.491,1.192
-0.467,0.813
-0.544,-0.003
-0.55,-0.321
-0.533,-1.789
-0.558,1.354
-0.613,-1.933
-0.668,-1.46
-0.663,-2.296
-0.933,-1.231
-0.939,-2.495
-0.999,-2.456
-1.087,-1.735
-1.116,-1.14
-1.13,1.449
-1.088,-0.155
-1.147,0.437
-1.185,-1.283
-1.283,-1.692
-1.291,-1.847
-1.273,0.813
-1.29,-2.225
-1.404,-1.684
-1.34,-2.593
-1.477,0.189
-1.541,1.109
-1.618,-1.304
-1.784,-2.389
-1.816,-0.573
-1.908,1.411
-1.905,-0.407
-1.973,-2.044
-2.0,-1.212
-1.989,-0.415
-2.057,0.105
-2.101,-1.083
-2.237,0.094
-2.287,0.931
-2.618,-2.0
-2.752,0.013
-2.773,-1.612
-2.721,0.38
-2.758,-0.697
-2.77,-2.228
-2.961,0.498
-3.005,-0.375
-2.923,1.064
-3.03,-2.034
-3.067,1.007
-3.027,-0.643
-3.049,0.906
3.13,-0.554
3.054,-0.915
3.032,-0.975
2.987,-1.732
2.79,-2.586
2.776,-1.163
2.788,-1.537
2.731,-1.794
2.618,-1.847
2.645,-0.886
2.497,-1.35
2.538,-0.388
2.502,1.277
2.47,-1.549
2.393,1.164
2.381,0.875
2.267,-2.469
2.321,0.203
2.311,0.388
2.319,-0.14
2.227,0.369
2.22,1.319
2.193,-0.202
2.255,-0.301
2.238,-1.344
2.233,-2.41
1.425,-2.874
1.373,-2.605
1.235,-2.875
-0.71,-2.839
-1.635,-2.688
-1.714,-2.862
-1.79,-2.699
2.789,-2.816
2.716,-2.522
1.706,1.701
1.43,1.499
0.811,1.567
-0.332,1.613
-0.409,1.871
-0.615,1.762
-0.901,1.612
-1.136,1.919
-1.246,1.817
-1.639,1.595
-2.275,1.966
-2.344,1.918
-3.035,1.669
3.125,1.971
2.685,1.702
2.756,1.591
1.494,-1.816
0.145,-0.352
-0.64,1.293
-0.682,-1.001
-0.827,-1.574
-1.157,-1.475
-1.49,1.228
-3.11,-2.569
1.587,-2.802
2.757,-2.703
1.838,1.574
2.208,-2.051
1.986,-2.392
1.975,-0.332
1.92,-0.757
1.937,0.187
1.686,-0.587
1.851,-0.404
1.697,-0.531
1.627,-0.015
1.704,-0.155
1.647,0.172
1.473,-2.301
1.425,-1.015
1.345,-0.727
1.148,-0.451
1.272,-0.453
1.068,-1.434
0.948,-2.104
0.867,0.24
0.823,-1.046
0.829,-1.824
0.91,1.264
0.884,-2.295
0.716,-1.895
0.572,-0.249
0.562,-1.113
0.531,1.259
0.491,-0.811
0.522,-0.971
0.381,-2.351
0.327,-0.982
0.169,0.032
0.275,-0.457
0.182,-0.002
0.158,-1.133
0.001,-2.492
-0.035,1.082
0.015,0.493
-0.159,0.917
-0.014,0.503
-0.206,-0.647
-0.499,1.358
-0.516,0.31
-0.469,-0.997
-0.569,0.147
-0.617,-1.322
-0.803,-2.042
-0.842,0.037
-0.894,-1.636
-0.777,0.827
-0.991,0.616
-1.028,0.147
-0.92,1.307
-0.971,-2.566
-1.046,0.939
-1.181,-2.505
-1.216,1.099
-1.221,-2.412
-1.26,0.176
-1.252,1.062
-1.354,-0.824
-1.289,-0.393
-1.329,-0.982
-1.484,-1.225
-1.604,0.371
-1.632,-1.136
-1.703,0.435
-2.008,1.407
-2.005,0.005
-2.006,-1.547
-2.215,-1.523
-2.31,0.588
-2.26,-1.231
-2.305,-1.995
-2.559,-1.05
-2.687,-1.339
-2.631,-1.01
-2.872,-0.528
-2.914,0.333
-2.873,-0.802
-2.956,-1.806
-3.079,-0.341
-3.101,-0.369
2.889,-1.337
2.846,-2.323
2.615,0.233
2.599,-0.434
2.463,-2.199
2.483,-0.594
2.357,1.185
2.218,0.117
2.078,-2.781
1.483,-2.873
0.775,-2.617
-0.157,-2.736
-0.359,-2.62
-0.407,-2.781
-1.12,-2.788
-2.685,-2.8
2.494,-2.717
2.36,-2.6
2.537,-2.718
1.717,1.614
1.696,1.863
1.706,1.561
1.222,1.796
1.154,1.548
0.298,1.53
-0.256,1.745
-0.473,1.511
-0.597,1.855
-0.787,1.517
-1.581,1.853
-1.866,1.637
-3.009,1.771
2.457,1.472
2.174,1.17
2.099,-0.704
-2.252,-0.863
-2.433,0.908
-2.445,-0.196
2.935,-0.386
2.978,-0.526
2.563,0.517
1.782,0.395
0.397,-0.332
2.445,0.414
2.248,0.405
-0.707,1.444
2.78,1.254
2.06,-2.371
0.659,-2.38
-2.103,1.581
-0.184,-1.156
-0.143,0.276
-0.212,0.363
-0.289,0.321
-0.227,-1.417
-0.28,-1.594
-0.362,-0.015
-0.331,0.66
-0.392,-0.871
-0.328,-1.676
-0.423,-0.804
-0.515,-1.604
-0.528,-1.407
-0.473,1.168
-0.548,0.712
-0.555,1.799
-0.531,1.42
-0.608,0.604
-0.614,0.286
-0.597,-1.182
-0.622,1.961
-0.677,-1.326
-0.732,-0.853
-0.727,-1.689
-0.997,-0.624
-1.003,-1.888
-1.063,-1.849
-1.151,-1.128
-1.18,-0.533
-1.194,2.056
-1.152,0.452
-1.211,1.044
-1.249,-0.676
-1.347,-1.085
-1.355,-1.24
-1.337,1.42
-1.354,-1.618
-1.468,-1.077
-1.404,-1.986
-1.541,0.796
-1.605,1.716
-1.682,-0.697
-1.848,-1.782
-1.88,0.034
-1.972,2.018
-1.969,0.2
-2.037,-1.437
-2.064,-0.605
-2.053,0.192
-2.121,0.712
-2.165,-0.476
-2.301,0.701
-2.351,1.538
-2.682,-1.393
-2.816,0.62
-2.837,-1.005
-2.785,0.987
-2.822,-0.09
-2.834,-1.621
-3.025,1.105
-3.069,0.232
-2.987,1.671
-3.094,-1.427
-3.131,1.614
-3.091,-0.036
-3.113,1.513
3.066,0.053
2.99,-0.308
2.968,-0.368
2.923,-1.125
2.726,-1.979
2.712,-0.556
2.724,-0.93
2.667,-1.187
2.554,-1.24
2.581,-0.279
2.433,-0.743
2.474,0.219
2.438,1.884
2.406,-0.942
2.329,1.771
2.317,1.482
2.203,-1.862
2.257,0.81
2.247,0.995
2.255,0.467
2.163,0.976
2.156,1.926
2.129,0.405
2.191,0.306
2.174,-0.737
2.169,-1.803
1.361,-2.267
1.309,-1.998
1.171,-2.268
-0.774,-2.232
-1.699,-2.081
-1.778,-2.255
-1.854,-2.092
2.725,-2.209
2.652,-1.915
1.642,2.308
1.366,2.106
0.747,2.174
-0.396,2.22
-0.473,2.478
-0.679,2.369
-0.965,2.219
-1.2,2.526
-1.31,2.424
-1.703,2.202
-2.339,2.573
-2.408,2.525
-3.099,2.276
3.061,2.578
2.621,2.309
2.692,2.198
1.43,-1.209
0.081,0.255
-0.704,1.9
-0.746,-0.394
-0.891,-0.967
-1.221,-0.868
-1.554,1.835
3.109,-1.962
1.523,-2.195
2.693,-2.096
1.774,2.181
2.144,-1.444
1.922,-1.785
1.911,0.275
1.856,-0.15
1.873,0.794
1.622,0.02
1.787,0.203
1.633,0.076
1.563,0.592
1.64,0.452
1.583,0.779
1.409,-1.694
1.361,-0.408
1.281,-0.12
1.084,0.156
1.208,0.154
1.004,-0.827
0.884,-1.497
0.803,0.847
0.759,-0.439
0.765,-1.217
0.846,1.871
0.82,-1.688
0.652,-1.288
0.508,0.358
0.498,-0.506
0.467,1.866
0.427,-0.204
0.458,-0.364
0.317,-1.744
0.263,-0.375
0.105,0.639
0.211,0.15
0.118,0.605
0.094,-0.526
-0.063,-1.885
-0.099,1.689
-0.049,1.1
-0.223,1.524
-0.078,1.11
-0.27,-0.04
-0.563,1.965
-0.58,0.917
-0.533,-0.39
-0.633,0.754
-0.681,-0.715
-0.867,-1.435
-0.906,0.644
-0.958,-1.029
-0.841,1.434
-1.055,1.223
-1.092,0.754
-0.984,1.914
-1.035,-1.959
-1.11,1.546
-1.245,-1.898
-1.28,1.706
-1.285,-1.805
-1.324,0.783
-1.316,1.669
-1.418,-0.217
-1.353,0.214
-1.393,-0.375
-1.548,-0.618
-1.668,0.978
-1.696,-0.529
-1.767,1.042
-2.072,2.014
-2.069,0.612
-2.07,-0.94
-2.279,-0.916
-2.374,1.195
-2.324,-0.624
-2.369,-1.388
-2.623,-0.443
-2.751,-0.732
-2.695,-0.403
-2.936,0.079
-2.978,0.94
-2.937,-0.195
-3.02,-1.199
3.14,0.266
3.118,0.238
2.825,-0.73
2.782,-1.716
2.551,0.84
2.535,0.173
2.399,-1.592
2.419,0.013
2.293,1.792
2.154,0.724
2.014,-2.174
1.419,-2.266
0.711,-2.01
-0.221,-2.129
-0.423,-2.013
-0.471,-2.174
-1.184,-2.181
-2.749,-2.193
2.43,-2.11
2.296,-1.993
2.473,-2.111
1.653,2.221
1.632,2.47
1.642,2.168
1.158,2.403
1.09,2.155
0.234,2.137
-0.32,2.352
-0.537,2.118
-0.661,2.462
-0.851,2.124
-1.645,2.46
-1.93,2.244
-3.073,2.378
2.393,2.079
2.11,1.777
2.035,-0.097
-2.316,-0.256
-2.497,1.515
-2.509,0.411
2.871,0.221
2.914,0.081
2.499,1.124
1.718,1.002
0.333,0.275
2.381,1.021
2.184,1.012
-0.771,2.051
2.716,1.861
1.996,-1.764
0.595,-1.773
-2.167,2.188
0.041,1.432
-0.028,1.519
-0.105,1.477
-0.043,-0.261
-0.096,-0.438
-0.178,1.141
-0.147,1.816
-0.208,0.285
-0.144,-0.52
-0.239,0.352
-0.331,-0.448
-0.344,-0.251
-0.289,2.324
-0.364,1.868
-0.371,2.955
-0.347,2.576
-0.424,1.76
-0.43,1.442
-0.413,-0.026
-0.438,3.117
-0.493,-0.17
-0.548,0.303
-0.543,-0.533
-0.813,0.532
-0.819,-0.732
-0.879,-0.693
-0.967,0.028
-0.996,0.623
-1.01,3.212
-0.968,1.608
-1.027,2.2
-1.065,0.48
-1.163,0.071
-1.171,-0.084
-1.153,2.576
-1.17,-0.462
-1.284,0.079
-1.22,-0.83
-1.357,1.952
-1.421,2.872
-1.498,0.459
-1.664,-0.626
-1.696,1.19
-1.788,3.174
-1.785,1.356
-1.853,-0.281
-1.88,0.551
-1.869,1.348
-1.937,1.868
-1.981,0.68
-2.117,1.857
-2.167,2.694
-2.498,-0.237
-2.632,1.776
-2.653,0.151
-2.601,2.143
-2.638,1.066
-2.65,-0.465
-2.841,2.261
-2.885,1.388
-2.803,2.827
-2.91,-0.271
-2.947,2.77
-2.907,1.12
-2.929,2.669
-3.033,1.209
-3.109,0.848
-3.131,0.788
3.107,0.031
2.91,-0.823
2.896,0.6
2.908,0.226
2.851,-0.031
2.738,-0.084
2.765,0.877
2.617,0.413
2.658,1.375
2.622,3.04
2.59,0.214
2.513,2.927
2.501,2.638
2.387,-0.706
2.441,1.966
2.431,2.151
2.439,1.623
2.347,2.132
2.34,3.082
2.313,1.561
2.375,1.462
2.358,0.419
2.353,-0.647
1.545,-1.111
1.493,-0.842
1.355,-1.112
-0.59,-1.076
-1.515,-0.925
-1.594,-1.099
-1.67,-0.936
2.909,-1.053
2.836,-0.759
1.826,3.464
1.55,3.262
0.931,3.33
-0.212,3.376
-0.289,3.634
-0.495,3.525
-0.781,3.375
-1.016,3.682
-1.126,3.58
-1.519,3.358
-2.155,3.729
-2.224,3.681
-2.915,3.432
-3.038,3.734
2.805,3.465
2.876,3.354
1.614,-0.053
0.265,1.411
-0.52,3.056
-0.562,0.762
-0.707,0.189
-1.037,0.288
-1.37,2.991
-2.99,-0.806
1.707,-1.039
2.877,-0.94
1.958,3.337
2.328,-0.288
2.106,-0.629
2.095,1.431
2.04,1.006
2.057,1.95
1.806,1.176
1.971,1.359
1.817,1.232
1.747,1.748
1.824,1.608
1.767,1.935
1.593,-0.538
1.545,0.748
1.465,1.036
1.268,1.312
1.392,1.31
1.188,0.329
1.068,-0.341
0.987,2.003
0.943,0.717
0.949,-0.061
1.03,3.027
1.004,-0.532
0.836,-0.132
0.692,1.514
0.682,0.65
0.651,3.022
0.611,0.952
0.642,0.792
0.501,-0.588
0.447,0.781
0.289,1.795
0.395,1.306
0.302,1.761
0.278,0.63
0.121,-0.729
0.085,2.845
0.135,2.256
-0.039,2.68
0.106,2.266
-0.086,1.116
-0.379,3.121
-0.396,2.073
-0.349,0.766
-0.449,1.91
-0.497,0.441
-0.683,-0.279
-0.722,1.8
-0.774,0.127
-0.657,2.59
-0.871,2.379
-0.908,1.91
-0.8,3.07
-0.851,-0.803
-0.926,2.702
-1.061,-0.742
-1.096,2.862
-1.101,-0.649
-1.14,1.939
-1.132,2.825
-1.234,0.939
-1.169,1.37
-1.209,0.781
-1.364,0.538
-1.484,2.134
-1.512,0.627
-1.583,2.198
-1.888,3.17
-1.885,1.768
-1.886,0.216
-2.095,0.24
-2.19,2.351
-2.14,0.532
-2.185,-0.232
-2.439,0.713
-2.567,0.424
-2.511,0.753
-2.752,1.235
-2.794,2.096
-2.753,0.961
-2.836,-0.043
-2.959,1.422
-2.981,1.394
3.009,0.426
2.966,-0.56
2.735,1.996
2.719,1.329
2.583,-0.436
2.603,1.169
2.477,2.948
2.338,1.88
2.198,-1.018
1.603,-1.11
0.895,-0.854
-0.037,-0.973
-0.239,-0.857
-0.287,-1.018
-1.0,-1.025
-2.565,-1.037
2.614,-0.954
2.48,-0.837
2.657,-0.955
1.837,3.377
1.816,3.626
1.826,3.324
1.342,3.559
1.274,3.311
0.418,3.293
-0.136,3.508
-0.353,3.274
-0.477,3.618
-0.667,3.28
-1.461,3.616
-1.746,3.4
-2.889,3.534
2.577,3.235
2.294,2.933
2.219,1.059
-2.132,0.9
-2.313,2.671
-2.325,1.567
3.055,1.377
3.098,1.237
2.683,2.28
1.902,2.158
0.517,1.431
2.565,2.177
2.368,2.168
-0.587,3.207
2.9,3.017
2.18,-0.608
0.779,-0.617
-1.983,3.344
-0.069,0.087
-0.146,0.045
-0.084,-1.693
-0.137,-1.87
-0.219,-0.291
-0.188,0.384
-0.249,-1.147
-0.185,-1.952
-0.28,-1.08
-0.372,-1.88
-0.385,-1.683
-0.33,0.892
-0.405,0.436
-0.412,1.523
-0.388,1.144
-0.465,0.328
-0.471,0.01
-0.454,-1.458
-0.479,1.685
-0.534,-1.602
-0.589,-1.129
-0.584,-1.965
-0.854,-0.9
-0.86,-2.164
-0.92,-2.125
-1.008,-1.404
-1.037,-0.809
-1.051,1.78
-1.009,0.176
-1.068,0.768
-1.106,-0.952
-1.204,-1.361
-1.212,-1.516
-1.194,1.144
-1.211,-1.894
-1.325,-1.353
-1.261,-2.262
-1.398,0.52
-1.462,1.44
-1.539,-0.973
-1.705,-2.058
-1.737,-0.242
-1.829,1.742
-1.826,-0.076
-1.894,-1.713
-1.921,-0.881
-1.91,-0.084
-1.978,0.436
-2.022,-0.752
-2.158,0.425
-2.208,1.262
-2.539,-1.669
-2.673,0.344
-2.694,-1.281
-2.642,0.711
-2.679,-0.366
-2.691,-1.897
-2.882,0.829
-2.926,-0.044
-2.844,1.395
-2.951,-1.703
-2.988,1.338
-2.948,-0.312
-2.97,1.237
-3.074,-0.223
3.133,-0.584
3.111,-0.644
3.066,-1.401
2.869,-2.255
2.855,-0.832
2.867,-1.206
2.81,-1.463
2.697,-1.516
2.724,-0.555
2.576,-1.019
2.617,-0.057
2.581,1.608
2.549,-1.218
2.472,1.495
2.46,1.206
2.346,-2.138
2.4,0.534
2.39,0.719
2.398,0.191
2.306,0.7
2.299,1.65
2.272,0.129
2.334,0.03
2.317,-1.013
2.312,-2.079
1.504,-2.543
1.452,-2.274
1.314,-2.544
-0.631,-2.508
-1.556,-2.357
-1.635,-2.531
-1.711,-2.368
2.868,-2.485
2.795,-2.191
1.785,2.032
1.509,1.83
0.89,1.898
-0.253,1.944
-0.33,2.202
-0.536,2.093
-0.822,1.943
-1.057,2.25
-1.167,2.148
-1.56,1.926
-2.196,2.297
-2.265,2.249
-2.956,2.0
-3.079,2.302
2.764,2.033
2.835,1.922
1.573,-1.485
0.224,-0.021
-0.561,1.624
-0.603,-0.67
-0.748,-1.243
-1.078,-1.144
-1.411,1.559
-3.031,-2.238
1.666,-2.471
2.836,-2.372
1.917,1.905
2.287,-1.72
2.065,-2.061
2.054,-0.001
1.999,-0.426
2.016,0.518
1.765,-0.256
1.93,-0.073
1.776,-0.2
1.706,0.316
1.783,0.176
1.726,0.503
1.552,-1.97
1.504,-0.684
1.424,-0.396
1.227,-0.12
1.351,-0.122
1.147,-1.103
1.027,-1.773
0.946,0.571
0.902,-0.715
0.908,-1.493
0.989,1.595
0.963,-1.964
0.795,-1.564
0.651,0.082
0.641,-0.782
0.61,1.59
0.57,-0.48
0.601,-0.64
0.46,-2.02
0.406,-0.651
0.248,0.363
0.354,-0.126
0.261,0.329
0.237,-0.802
0.08,-2.161
0.044,1.413
0.094,0.824
-0.08,1.248
0.065,0.834
-0.127,-0.316
-0.42,1.689
-0.437,0.641
-0.39,-0.666
-0.49,0.478
-0.538,-0.991
-0.724,-1.711
-0.763,0.368
-0.815,-1.305
-0.698,1.158
-0.912,0.947
-0.949,0.478
-0.841,1.638
-0.892,-2.235
-0.967,1.27
-1.102,-2.174
-1.137,1.43
-1.142,-2.081
-1.181,0.507
-1.173,1.393
-1.275,-0.493
-1.21,-0.062
-1.25,-0.651
-1.405,-0.894
-1.525,0.702
-1.553,-0.805
-1.624,0.766
-1.929,1.738
-1.926,0.336
-1.927,-1.216
-2.136,-1.192
-2.231,0.919
-2.181,-0.9
-2.226,-1.664
-2.48,-0.719
-2.608,-1.008
-2.552,-0.679
-2.793,-0.197
-2.835,0.664
-2.794,-0.471
-2.877,-1.475
-3.0,-0.01
-3.022,-0.038
2.968,-1.006
2.925,-1.992
2.694,0.564
2.678,-0.103
2.542,-1.868
2.562,-0.263
2.436,1.516
2.297,0.448
2.157,-2.45
1.562,-2.542
0.854,-2.286
-0.078,-2.405
-0.28,-2.289
-0.328,-2.45
-1.041,-2.457
-2.606,-2.469
2.573,-2.386
2.439,-2.269
2.616,-2.387
1.796,1.945
1.775,2.194
1.785,1.892
1.301,2.127
1.233,1.879
0.377,1.861
-0.177,2.076
-0.394,1.842
-0.518,2.186
-0.708,1.848
-1.502,2.184
-1.787,1.968
-2.93,2.102
2.536,1.803
2.253,1.501
2.178,-0.373
-2.173,-0.532
-2.354,1.239
-2.366,0.135
3.014,-0.055
3.057,-0.195
2.642,0.848
1.861,0.726
0.476,-0.001
2.524,0.745
2.327,0.736
-0.628,1.775
2.859,1.585
2.139,-2.04
0.738,-2.049
-2.024,1.912
-0.077,-0.042
-0.015,-1.78
-0.068,-1.957
-0.15,-0.378
-0.119,0.297
-0.18,-1.234
-0.116,-2.039
-0.211,-1.167
-0.303,-1.967
-0.316,-1.77
-0.261,0.805
-0.336,0.349
-0.343,1.436
-0.319,1.057
-0.396,0.241
-0.402,-0.077
-0.385,-1.545
-0.41,1.598
-0.465,-1.689
-0.52,-1.216
-0.515,-2.052
-0.785,-0.987
-0.791,-2.251
-0.851,-2.212
-0.939,-1.491
-0.968,-0.896
-0.982,1.693
-0.94,0.089
-0.999,0.681
-1.037,-1.039
-1.135,-1.448
-1.143,-1.603
-1.125,1.057
-1.142,-1.981
-1.256,-1.44
-1.192,-2.349
-1.329,0.433
-1.393,1.353
-1.47,-1.06
-1.636,-2.145
-1.668,-0.329
-1.76,1.655
-1.757,-0.163
-1.825,-1.8
-1.852,-0.968
-1.841,-0.171
-1.909,0.349
-1.953,-0.839
-2.089,0.338
-2.139,1.175
-2.47,-1.756
-2.604,0.257
-2.625,-1.368
-2.573,0.624
-2.61,-0.453
-2.622,-1.984
-2.813,0.742
-2.857,-0.131
-2.775,1.308
-2.882,-1.79
-2.919,1.251
-2.879,-0.399
-2.901,1.15
-3.005,-0.31
-3.081,-0.671
-3.103,-0.731
3.135,-1.488
2.938,-2.342
2.924,-0.919
2.936,-1.293
2.879,-1.55
2.766,-1.603
2.793,-0.642
2.645,-1.106
2.686,-0.144
2.65,1.521
2.618,-1.305
2.541,1.408
2.529,1.119
2.415,-2.225
2.469,0.447
2.459,0.632
2.467,0.104
2.375,0.613
2.368,1.563
2.341,0.042
2.403,-0.057
2.386,-1.1
2.381,-2.166
1.573,-2.63
1.521,-2.361
1.383,-2.631
-0.562,-2.595
-1.487,-2.444
-1.566,-2.618
-1.642,-2.455
2.937,-2.572
2.864,-2.278
1.854,1.945
1.578,1.743
0.959,1.811
-0.184,1.857
-0.261,2.115
-0.467,2.006
-0.753,1.856
-0.988,2.163
-1.098,2.061
-1.491,1.839
-2.127,2.21
-2.196,2.162
-2.887,1.913
-3.01,2.215
2.833,1.946
2.904,1.835
1.642,-1.572
0.293,-0.108
-0.492,1.537
-0.534,-0.757
-0.679,-1.33
-1.009,-1.231
-1.342,1.472
-2.962,-2.325
1.735,-2.558
2.905,-2.459
1.986,1.818
2.356,-1.807
2.134,-2.148
2.123,-0.088
2.068,-0.513
2.085,0.431
1.834,-0.343
1.999,-0.16
1.845,-0.287
1.775,0.229
1.852,0.089
1.795,0.416
1.621,-2.057
1.573,-0.771
1.493,-0.483
1.296,-0.207
1.42,-0.209
1.216,-1.19
1.096,-1.86
1.015,0.484
0.971,-0.802
0.977,-1.58
1.058,1.508
1.032,-2.051
0.864,-1.651
0.72,-0.005
0.71,-0.869
0.679,1.503
0.639,-0.567
0.67,-0.727
0.529,-2.107
0.475,-0.738
0.317,0.276
0.423,-0.213
0.33,0.242
0.306,-0.889
0.149,-2.248
0.113,1.326
0.163,0.737
-0.011,1.161
0.134,0.747
-0.058,-0.403
-0.351,1.602
-0.368,0.554
-0.321,-0.753
-0.421,0.391
-0.469,-1.078
-0.655,-1.798
-0.694,0.281
-0.746,-1.392
-0.629,1.071
-0.843,0.86
-0.88,0.391
-0.772,1.551
-0.823,-2.322
-0.898,1.183
-1.033,-2.261
-1.068,1.343
-1.073,-2.168
-1.112,0.42
-1.104,1.306
-1.206,-0.58
-1.141,-0.149
-1.181,-0.738
-1.336,-0.981
-1.456,0.615
-1.484,-0.892
-1.555,0.679
-1.86,1.651
-1.857,0.249
-1.858,-1.303
-2.067,-1.279
-2.162,0.832
-2.112,-0.987
-2.157,-1.751
-2.411,-0.806
-2.539,-1.095
-2.483,-0.766
-2.724,-0.284
-2.766,0.577
-2.725,-0.558
-2.808,-1.562
-2.931,-0.097
-2.953,-0.125
3.037,-1.093
2.994,-2.079
2.763,0.477
2.747,-0.19
2.611,-1.955
2.631,-0.35
2.505,1.429
2.366,0.361
2.226,-2.537
1.631,-2.629
0.923,-2.373
-0.009,-2.492
-0.211,-2.376
-0.259,-2.537
-0.972,-2.544
-2.537,-2.556
2.642,-2.473
2.508,-2.356
2.685,-2.474
1.865,1.858
1.844,2.107
1.854,1.805
1.37,2.04
1.302,1.792
0.446,1.774
-0.108,1.989
-0.325,1.755
-0.449,2.099
-0.639,1.761
-1.433,2.097
-1.718,1.881
-2.861,2.015
2.605,1.716
2.322,1.414
2.247,-0.46
-2.104,-0.619
-2.285,1.152
-2.297,0.048
3.083,-0.142
3.126,-0.282
2.711,0.761
1.93,0.639
0.545,-0.088
2.593,0.658
2.396,0.649
-0.559,1.688
2.928,1.498
2.208,-2.127
0.807,-2.136
-1.955,1.825
0.062,-1.738
0.009,-1.915
-0.073,-0.336
-0.042,0.339
-0.103,-1.192
-0.039,-1.997
-0.134,-1.125
-0.226,-1.925
-0.239,-1.728
-0.184,0.847
-0.259,0.391
-0.266,1.478
-0.242,1.099
-0.319,0.283
-0.325,-0.035
-0.308,-1.503
-0.333,1.64
-0.388,-1.647
-0.443,-1.174
-0.438,-2.01
-0.708,-0.945
-0.714,-2.209
-0.774,-2.17
-0.862,-1.449
-0.891,-0.854
-0.905,1.735
-0.863,0.131
-0.922,0.723
-0.96,-0.997
-1.058,-1.406
-1.066,-1.561
-1.048,1.099
-1.065,-1.939
-1.179,-1.398
-1.115,-2.307
-1.252,0.475
-1.316,1.395
-1.393,-1.018
-1.559,-2.103
-1.591,-0.287
-1.683,1.697
-1.68,-0.121
-1.748,-1.758
-1.775,-0.926
-1.764,-0.129
-1.832,0.391
-1.876,-0.797
-2.012,0.38
-2.062,1.217
-2.393,-1.714
-2.527,0.299
-2.548,-1.326
-2.496,0.666
-2.533,-0.411
-2.545,-1.942
-2.736,0.784
-2.78,-0.089
-2.698,1.35
-2.805,-1.748
-2.842,1.293
-2.802,-0.357
-2.824,1.192
-2.928,-0.268
-3.004,-0.629
-3.026,-0.689
-3.071,-1.446
3.015,-2.3
3.001,-0.877
3.013,-1.251
2.956,-1.508
2.843,-1.561
2.87,-0.6
2.722,-1.064
2.763,-0.102
2.727,1.563
2.695,-1.263
2.618,1.45
2.606,1.161
2.492,-2.183
2.546,0.489
2.536,0.674
2.544,0.146
2.452,0.655
2.445,1.605
2.418,0.084
2.48,-0.015
2.463,-1.058
2.458,-2.124
1.65,-2.588
1.598,-2.319
1.46,-2.589
-0.485,-2.553
-1.41,-2.402
-1.489,-2.576
-1.565,-2.413
3.014,-2.53
2.941,-2.236
1.931,1.987
1.655,1.785
1.036,1.853
-0.107,1.899
-0.184,2.157
-0.39,2.048
-0.676,1.898
-0.911,2.205
-1.021,2.103
-1.414,1.881
-2.05,2.252
-2.119,2.204
-2.81,1.955
-2.933,2.257
2.91,1.988
2.981,1.877
1.719,-1.53
0.37,-0.066
-0.415,1.579
-0.457,-0.715
-0.602,-1.288
-0.932,-1.189
-1.265,1.514
-2.885,-2.283
1.812,-2.516
2.982,-2.417
2.063,1.86
2.433,-1.765
2.211,-2.106
2.2,-0.046
2.145,-0.471
2.162,0.473
1.911,-0.301
2.076,-0.118
1.922,-0.245
1.852,0.271
1.929,0.131
1.872,0.458
1.698,-2.015
1.65,-0.729
1.57,-0.441
1.373,-0.165
1.497,-0.167
1.293,-1.148
1.173,-1.818
1.092,0.526
1.048,-0.76
1.054,-1.538
1.135,1.55
1.109,-2.009
0.941,-1.609
0.797,0.037
0.787,-0.827
0.756,1.545
0.716,-0.525
0.747,-0.685
0.606,-2.065
0.552,-0.696
0.394,0.318
0.5,-0.171
0.407,0.284
0.383,-0.847
0.226,-2.206
0.19,1.368
0.24,0.779
0.066,1.203
0.211,0.789
0.019,-0.361
-0.274,1.644
-0.291,0.596
-0.244,-0.711
-0.344,0.433
-0.392,-1.036
-0.578,-1.756
-0.617,0.323
-0.669,-1.35
-0.552,1.113
-0.766,0.902
-0.803,0.433
-0.695,1.593
-0.746,-2.28
-0.821,1.225
-0.956,-2.219
-0.991,1.385
-0.996,-2.126
-1.035,0.462
-1.027,1.348
-1.129,-0.538
-1.064,-0.107
-1.104,-0.696
-1.259,-0.939
-1.379,0.657
-1.407,-0.85
-1.478,0.721
-1.783,1.693
-1.78,0.291
-1.781,-1.261
-1.99,-1.237
-2.085,0.874
-2.035,-0.945
-2.08,-1.709
-2.334,-0.764
-2.462,-1.053
-2.406,-0.724
-2.647,-0.242
-2.689,0.619
-2.648,-0.516
-2.731,-1.52
-2.854,-0.055
-2.876,-0.083
3.114,-1.051
3.071,-2.037
2.84,0.519
2.824,-0.148
2.688,-1.913
2.708,-0.308
2.582,1.471
2.443,0.403
2.303,-2.495
1.708,-2.587
1.0,-2.331
0.068,-2.45
-0.134,-2.334
-0.182,-2.495
-0.895,-2.502
-2.46,-2.514
2.719,-2.431
2.585,-2.314
2.762,-2.432
1.942,1.9
1.921,2.149
1.931,1.847
1.447,2.082
1.379,1.834
0.523,1.816
-0.031,2.031
-0.248,1.797
-0.372,2.141
-0.562,1.803
-1.356,2.139
-1.641,1.923
-2.784,2.057
2.682,1.758
2.399,1.456
2.324,-0.418
-2.027,-0.577
-2.208,1.194
-2.22,0.09
-3.123,-0.1
-3.08,-0.24
2.788,0.803
2.007,0.681
0.622,-0.046
2.67,0.7
2.473,0.691
-0.482,1.73
3.005,1.54
2.285,-2.085
0.884,-2.094
-1.878,1.867
-0.053,-0.177
-0.135,1.402
-0.104,2.077
-0.165,0.546
-0.101,-0.259
-0.196,0.613
-0.288,-0.187
-0.301,0.01
-0.246,2.585
-0.321,2.129
-0.328,3.216
-0.304,2.837
-0.381,2.021
-0.387,1.703
-0.37,0.235
-0.395,3.378
-0.45,0.091
-0.505,0.564
-0.5,-0.272
-0.77,0.793
-0.776,-0.471
-0.836,-0.432
-0.924,0.289
-0.953,0.884
-0.967,3.473
-0.925,1.869
-0.984,2.461
-1.022,0.741
-1.12,0.332
-1.128,0.177
-1.11,2.837
-1.127,-0.201
-1.241,0.34
-1.177,-0.569
-1.314,2.213
-1.378,3.133
-1.455,0.72
-1.621,-0.365
-1.653,1.451
-1.745,3.435
-1.742,1.617
-1.81,-0.02
-1.837,0.812
-1.826,1.609
-1.894,2.129
-1.938,0.941
-2.074,2.118
-2.124,2.955
-2.455,0.024
-2.589,2.037
-2.61,0.412
-2.558,2.404
-2.595,1.327
-2.607,-0.204
-2.798,2.522
-2.842,1.649
-2.76,3.088
-2.867,-0.01
-2.904,3.031
-2.864,1.381
-2.886,2.93
-2.99,1.47
-3.066,1.109
-3.088,1.049
-3.133,0.292
2.953,-0.562
2.939,0.861
2.951,0.487
2.894,0.23
2.781,0.177
2.808,1.138
2.66,0.674
2.701,1.636
2.665,3.301
2.633,0.475
2.556,3.188
2.544,2.899
2.43,-0.445
2.484,2.227
2.474,2.412
2.482,1.884
2.39,2.393
2.383,3.343
2.356,1.822
2.418,1.723
2.401,0.68
2.396,-0.386
1.588,-0.85
1.536,-0.581
1.398,-0.851
-0.547,-0.815
-1.472,-0.664
-1.551,-0.838
-1.627,-0.675
2.952,-0.792
2.879,-0.498
1.869,3.725
1.593,3.523
0.974,3.591
-0.169,3.637
-0.246,3.895
-0.452,3.786
-0.738,3.636
-0.973,3.943
-1.083,3.841
-1.476,3.619
-2.112,3.99
-2.181,3.942
-2.872,3.693
-2.995,3.995
2.848,3.726
2.919,3.615
1.657,0.208
0.308,1.672
-0.477,3.317
-0.519,1.023
-0.664,0.45
-0.994,0.549
-1.327,3.252
-2.947,-0.545
1.75,-0.778
2.92,-0.679
2.001,3.598
2.371,-0.027
2.149,-0.368
2.138,1.692
2.083,1.267
2.1,2.211
1.849,1.437
2.014,1.62
1.86,1.493
1.79,2.009
1.867,1.869
1.81,2.196
1.636,-0.277
1.588,1.009
1.508,1.297
1.311,1.573
1.435,1.571
1.231,0.59
1.111,-0.08
1.03,2.264
0.986,0.978
0.992,0.2
1.073,3.288
1.047,-0.271
0.879,0.129
0.735,1.775
0.725,0.911
0.694,3.283
0.654,1.213
0.685,1.053
0.544,-0.327
0.49,1.042
0.332,2.056
0.438,1.567
0.345,2.022
0.321,0.891
0.164,-0.468
0.128,3.106
0.178,2.517
0.004,2.941
0.149,2.527
-0.043,1.377
-0.336,3.382
-0.353,2.334
-0.306,1.027
-0.406,2.171
-0.454,0.702
-0.64,-0.018
-0.679,2.061
-0.731,0.388
-0.614,2.851
-0.828,2.64
-0.865,2.171
-0.757,3.331
-0.808,-0.542
-0.883,2.963
-1.018,-0.481
-1.053,3.123
-1.058,-0.388
-1.097,2.2
-1.089,3.086
-1.191,1.2
-1.126,1.631
-1.166,1.042
-1.321,0.799
-1.441,2.395
-1.469,0.888
-1.54,2.459
-1.845,3.431
-1.842,2.029
-1.843,0.477
-2.052,0.501
-2.147,2.612
-2.097,0.793
-2.142,0.029
-2.396,0.974
-2.524,0.685
-2.468,1.014
-2.709,1.496
-2.751,2.357
-2.71,1.222
-2.793,0.218
-2.916,1.683
-2.938,1.655
3.052,0.687
3.009,-0.299
2.778,2.257
2.762,1.59
2.626,-0.175
2.646,1.43
2.52,3.209
2.381,2.141
2.241,-0.757
1.646,-0.849
0.938,-0.593
0.006,-0.712
-0.196,-0.596
-0.244,-0.757
-0.957,-0.764
-2.522,-0.776
2.657,-0.693
2.523,-0.576
2.7,-0.694
1.88,3.638
1.859,3.887
1.869,3.585
1.385,3.82
1.317,3.572
0.461,3.554
-0.093,3.769
-0.31,3.535
-0.434,3.879
-0.624,3.541
-1.418,3.877
-1.703,3.661
-2.846,3.795
2.62,3.496
2.337,3.194
2.262,1.32
-2.089,1.161
-2.27,2.932
-2.282,1.828
3.098,1.638
3.141,1.498
2.726,2.541
1.945,2.419
0.56,1.692
2.608,2.438
2.411,2.429
-0.544,3.468
2.943,3.278
2.223,-0.347
0.822,-0.356
-1.94,3.605
-0.082,1.579
-0.051,2.254
-0.112,0.723
-0.048,-0.082
-0.143,0.79
-0.235,-0.01
-0.248,0.187
-0.193,2.762
-0.268,2.306
-0.275,3.393
-0.251,3.014
-0.328,2.198
-0.334,1.88
-0.317,0.412
-0.342,3.555
-0.397,0.268
-0.452,0.741
-0.447,-0.095
-0.717,0.97
-0.723,-0.294
-0.783,-0.255
-0.871,0.466
-0.9,1.061
-0.914,3.65
-0.872,2.046
-0.931,2.638
-0.969,0.918
-1.067,0.509
-1.075,0.354
-1.057,3.014
-1.074,-0.024
-1.188,0.517
-1.124,-0.392
-1.261,2.39
-1.325,3.31
-1.402,0.897
-1.568,-0.188
-1.6,1.628
-1.692,3.612
-1.689,1.794
-1.757,0.157
-1.784,0.989
-1.773,1.786
-1.841,2.306
-1.885,1.118
-2.021,2.295
-2.071,3.132
-2.402,0.201
-2.536,2.214
-2.557,0.589
-2.505,2.581
-2.542,1.504
-2.554,-0.027
-2.745,2.699
-2.789,1.826
-2.707,3.265
-2.814,0.167
-2.851,3.208
-2.811,1.558
-2.833,3.107
-2.937,1.647
-3.013,1.286
-3.035,1.226
-3.08,0.469
3.006,-0.385
2.992,1.038
3.004,0.664
2.947,0.407
2.834,0.354
2.861,1.315
2.713,0.851
2.754,1.813
2.718,3.478
2.686,0.652
2.609,3.365
2.597,3.076
2.483,-0.268
2.537,2.404
2.527,2.589
2.535,2.061
2.443,2.57
2.436,3.52
2.409,1.999
2.471,1.9
2.454,0.857
2.449,-0.209
1.641,-0.673
1.589,-0.404
1.451,-0.674
-0.494,-0.638
-1.419,-0.487
-1.498,-0.661
-1.574,-0.498
3.005,-0.615
2.932,-0.321
1.922,3.902
1.646,3.7
1.027,3.768
-0.116,3.814
-0.193,4.072
-0.399,3.963
-0.685,3.813
-0.92,4.12
-1.03,4.018
-1.423,3.796
-2.059,4.167
-2.128,4.119
-2.819,3.87
-2.942,4.172
2.901,3.903
2.972,3.792
1.71,0.385
0.361,1.849
-0.424,3.494
-0.466,1.2
-0.611,0.627
-0.941,0.726
-1.274,3.429
-2.894,-0.368
1.803,-0.601
2.973,-0.502
2.054,3.775
2.424,0.15
2.202,-0.191
2.191,1.869
2.136,1.444
2.153,2.388
1.902,1.614
2.067,1.797
1.913,1.67
1.843,2.186
1.92,2.046
1.863,2.373
1.689,-0.1
1.641,1.186
1.561,1.474
1.364,1.75
1.488,1.748
1.284,0.767
1.164,0.097
1.083,2.441
1.039,1.155
1.045,0.377
1.126,3.465
1.1,-0.094
0.932,0.306
0.788,1.952
0.778,1.088
0.747,3.46
0.707,1.39
0.738,1.23
0.597,-0.15
0.543,1.219
0.385,2.233
0.491,1.744
0.398,2.199
0.374,1.068
0.217,-0.291
0.181,3.283
0.231,2.694
0.057,3.118
0.202,2.704
0.01,1.554
-0.283,3.559
-0.3,2.511
-0.253,1.204
-0.353,2.348
-0.401,0.879
-0.587,0.159
-0.626,2.238
-0.678,0.565
-0.561,3.028
-0.775,2.817
-0.812,2.348
-0.704,3.508
-0.755,-0.365
-0.83,3.14
-0.965,-0.304
-1.0,3.3
-1.005,-0.211
-1.044,2.377
-1.036,3.263
-1.138,1.377
-1.073,1.808
-1.113,1.219
-1.268,0.976
-1.388,2.572
-1.416,1.065
-1.487,2.636
-1.792,3.608
-1.789,2.206
-1.79,0.654
-1.999,0.678
-2.094,2.789
-2.044,0.97
-2.089,0.206
-2.343,1.151
-2.471,0.862
-2.415,1.191
-2.656,1.673
-2.698,2.534
-2.657,1.399
-2.74,0.395
-2.863,1.86
-2.885,1.832
3.105,0.864
3.062,-0.122
2.831,2.434
2.815,1.767
2.679,0.002
2.699,1.607
2.573,3.386
2.434,2.318
2.294,-0.58
1.699,-0.672
0.991,-0.416
0.059,-0.535
-0.143,-0.419
-0.191,-0.58
-0.904,-0.587
-2.469,-0.599
2.71,-0.516
2.576,-0.399
2.753,-0.517
1.933,3.815
1.912,4.064
1.922,3.762
1.438,3.997
1.37,3.749
0.514,3.731
-0.04,3.946
-0.257,3.712
-0.381,4.056
-0.571,3.718
-1.365,4.054
-1.65,3.838
-2.793,3.972
2.673,3.673
2.39,3.371
2.315,1.497
-2.036,1.338
-2.217,3.109
-2.229,2.005
-3.132,1.815
-3.089,1.675
2.779,2.718
1.998,2.596
0.613,1.869
2.661,2.615
2.464,2.606
-0.491,3.645
2.996,3.455
2.276,-0.17
0.875,-0.179
-1.887,3.782
0.031,0.675
-0.03,-0.856
0.034,-1.661
-0.061,-0.789
-0.153,-1.589
-0.166,-1.392
-0.111,1.183
-0.186,0.727
-0.193,1.814
-0.169,1.435
-0.246,0.619
-0.252,0.301
-0.235,-1.167
-0.26,1.976
-0.315,-1.311
-0.37,-0.838
-0.365,-1.674
-0.635,-0.609
-0.641,-1.873
-0.701,-1.834
-0.789,-1.113
-0.818,-0.518
-0.832,2.071
-0.79,0.467
-0.849,1.059
-0.887,-0.661
-0.985,-1.07
-0.993,-1.225
-0.975,1.435
-0.992,-1.603
-1.106,-1.062
-1.042,-1.971
-1.179,0.811
-1.243,1.731
-1.32,-0.682
-1.486,-1.767
-1.518,0.049
-1.61,2.033
-1.607,0.215
-1.675,-1.422
-1.702,-0.59
-1.691,0.207
-1.759,0.727
-1.803,-0.461
-1.939,0.716
-1.989,1.553
-2.32,-1.378
-2.454,0.635
-2.475,-0.99
-2.423,1.002
-2.46,-0.075
-2.472,-1.606
-2.663,1.12
-2.707,0.247
-2.625,1.686
-2.732,-1.412
-2.769,1.629
-2.729,-0.021
-2.751,1.528
-2.855,0.068
-2.931,-0.293
-2.953,-0.353
-2.998,-1.11
3.088,-1.964
3.074,-0.541
3.086,-0.915
3.029,-1.172
2.916,-1.225
2.943,-0.264
2.795,-0.728
2.836,0.234
2.8,1.899
2.768,-0.927
2.691,1.786
2.679,1.497
2.565,-1.847
2.619,0.825
2.609,1.01
2.617,0.482
2.525,0.991
2.518,1.941
2.491,0.42
2.553,0.321
2.536,-0.722
2.531,-1.788
1.723,-2.252
1.671,-1.983
1.533,-2.253
-0.412,-2.217
-1.337,-2.066
-1.416,-2.24
-1.492,-2.077
3.087,-2.194
3.014,-1.9
2.004,2.323
1.728,2.121
1.109,2.189
-0.034,2.235
-0.111,2.493
-0.317,2.384
-0.603,2.234
-0.838,2.541
-0.948,2.439
-1.341,2.217
-1.977,2.588
-2.046,2.54
-2.737,2.291
-2.86,2.593
2.983,2.324
3.054,2.213
1.792,-1.194
0.443,0.27
-0.342,1.915
-0.384,-0.379
-0.529,-0.952
-0.859,-0.853
-1.192,1.85
-2.812,-1.947
1.885,-2.18
3.055,-2.081
2.136,2.196
2.506,-1.429
2.284,-1.77
2.273,0.29
2.218,-0.135
2.235,0.809
1.984,0.035
2.149,0.218
1.995,0.091
1.925,0.607
2.002,0.467
1.945,0.794
1.771,-1.679
1.723,-0.393
1.643,-0.105
1.446,0.171
1.57,0.169
1.366,-0.812
1.246,-1.482
1.165,0.862
1.121,-0.424
1.127,-1.202
1.208,1.886
1.182,-1.673
1.014,-1.273
0.87,0.373
0.86,-0.491
0.829,1.881
0.789,-0.189
0.82,-0.349
0.679,-1.729
0.625,-0.36
0.467,0.654
0.573,0.165
0.48,0.62
0.456,-0.511
0.299,-1.87
0.263,1.704
0.313,1.115
0.139,1.539
0.284,1.125
0.092,-0.025
-0.201,1.98
-0.218,0.932
-0.171,-0.375
-0.271,0.769
-0.319,-0.7
-0.505,-1.42
-0.544,0.659
-0.596,-1.014
-0.479,1.449
-0.693,1.238
-0.73,0.769
-0.622,1.929
-0.673,-1.944
-0.748,1.561
-0.883,-1.883
-0.918,1.721
-0.923,-1.79
-0.962,0.798
-0.954,1.684
-1.056,-0.202
-0.991,0.229
-1.031,-0.36
-1.186,-0.603
-1.306,0.993
-1.334,-0.514
-1.405,1.057
-1.71,2.029
-1.707,0.627
-1.708,-0.925
-1.917,-0.901
-2.012,1.21
-1.962,-0.609
-2.007,-1.373
-2.261,-0.428
-2.389,-0.717
-2.333,-0.388
-2.574,0.094
-2.616,0.955
-2.575,-0.18
-2.658,-1.184
-2.781,0.281
-2.803,0.253
-3.096,-0.715
-3.139,-1.701
2.913,0.855
2.897,0.188
2.761,-1.577
2.781,0.028
2.655,1.807
2.516,0.739
2.376,-2.159
1.781,-2.251
1.073,-1.995
0.141,-2.114
-0.061,-1.998
-0.109,-2.159
-0.822,-2.166
-2.387,-2.178
2.792,-2.095
2.658,-1.978
2.835,-2.096
2.015,2.236
1.994,2.485
2.004,2.183
1.52,2.418
1.452,2.17
0.596,2.152
0.042,2.367
-0.175,2.133
-0.299,2.477
-0.489,2.139
-1.283,2.475
-1.568,2.259
-2.711,2.393
2.755,2.094
2.472,1.792
2.397,-0.082
-1.954,-0.241
-2.135,1.53
-2.147,0.426
-3.05,0.236
-3.007,0.096
2.861,1.139
2.08,1.017
0.695,0.29
2.743,1.036
2.546,1.027
-0.409,2.066
3.078,1.876
2.358,-1.749
0.957,-1.758
-1.805,2.203
-0.061,-1.531
0.003,-2.336
-0.092,-1.464
-0.184,-2.264
-0.197,-2.067
-0.142,0.508
-0.217,0.052
-0.224,1.139
-0.2,0.76
-0.277,-0.056
-0.283,-0.374
-0.266,-1.842
-0.291,1.301
-0.346,-1.986
-0.401,-1.513
-0.396,-2.349
-0.666,-1.284
-0.672,-2.548
-0.732,-2.509
-0.82,-1.788
-0.849,-1.193
-0.863,1.396
-0.821,-0.208
-0.88,0.384
-0.918,-1.336
-1.016,-1.745
-1.024,-1.9
-1.006,0.76
-1.023,-2.278
-1.137,-1.737
-1.073,-2.646
-1.21,0.136
-1.274,1.056
-1.351,-1.357
-1.517,-2.442
-1.549,-0.626
-1.641,1.358
-1.638,-0.46
-1.706,-2.097
-1.733,-1.265
-1.722,-0.468
-1.79,0.052
-1.834,-1.136
-1.97,0.041
-2.02,0.878
-2.351,-2.053
-2.485,-0.04
-2.506,-1.665
-2.454,0.327
-2.491,-0.75
-2.503,-2.281
-2.694,0.445
-2.738,-0.428
-2.656,1.011
-2.763,-2.087
-2.8,0.954
-2.76,-0.696
-2.782,0.853
-2.886,-0.607
-2.962,-0.968
-2.984,-1.028
-3.029,-1.785
3.057,-2.639
3.043,-1.216
3.055,-1.59
2.998,-1.847
2.885,-1.9
2.912,-0.939
2.764,-1.403
2.805,-0.441
2.769,1.224
2.737,-1.602
2.66,1.111
2.648,0.822
2.534,-2.522
2.588,0.15
2.578,0.335
2.586,-0.193
2.494,0.316
2.487,1.266
2.46,-0.255
2.522,-0.354
2.505,-1.397
2.5,-2.463
1.692,-2.927
1.64,-2.658
1.502,-2.928
-0.443,-2.892
-1.368,-2.741
-1.447,-2.915
-1.523,-2.752
3.056,-2.869
2.983,-2.575
1.973,1.648
1.697,1.446
1.078,1.514
-0.065,1.56
-0.142,1.818
-0.348,1.709
-0.634,1.559
-0.869,1.866
-0.979,1.764
-1.372,1.542
-2.008,1.913
-2.077,1.865
-2.768,1.616
-2.891,1.918
2.952,1.649
3.023,1.538
1.761,-1.869
0.412,-0.405
-0.373,1.24
-0.415,-1.054
-0.56,-1.627
-0.89,-1.528
-1.223,1.175
-2.843,-2.622
1.854,-2.855
3.024,-2.756
2.105,1.521
2.475,-2.104
2.253,-2.445
2.242,-0.385
2.187,-0.81
2.204,0.134
1.953,-0.64
2.118,-0.457
1.964,-0.584
1.894,-0.068
1.971,-0.208
1.914,0.119
1.74,-2.354
1.692,-1.068
1.612,-0.78
1.415,-0.504
1.539,-0.506
1.335,-1.487
1.215,-2.157
1.134,0.187
1.09,-1.099
1.096,-1.877
1.177,1.211
1.151,-2.348
0.983,-1.948
0.839,-0.302
0.829,-1.166
0.798,1.206
0.758,-0.864
0.789,-1.024
0.648,-2.404
0.594,-1.035
0.436,-0.021
0.542,-0.51
0.449,-0.055
0.425,-1.186
0.268,-2.545
0.232,1.029
0.282,0.44
0.108,0.864
0.253,0.45
0.061,-0.7
-0.232,1.305
-0.249,0.257
-0.202,-1.05
-0.302,0.094
-0.35,-1.375
-0.536,-2.095
-0.575,-0.016
-0.627,-1.689
-0.51,0.774
-0.724,0.563
-0.761,0.094
-0.653,1.254
-0.704,-2.619
-0.779,0.886
-0.914,-2.558
-0.949,1.046
-0.954,-2.465
-0.993,0.123
-0.985,1.009
-1.087,-0.877
-1.022,-0.446
-1.062,-1.035
-1.217,-1.278
-1.337,0.318
-1.365,-1.189
-1.436,0.382
-1.741,1.354
-1.738,-0.048
-1.739,-1.6
-1.948,-1.576
-2.043,0.535
-1.993,-1.284
-2.038,-2.048
-2.292,-1.103
-2.42,-1.392
-2.364,-1.063
-2.605,-0.581
-2.647,0.28
-2.606,-0.855
-2.689,-1.859
-2.812,-0.394
-2.834,-0.422
-3.127,-1.39
3.113,-2.376
2.882,0.18
2.866,-0.487
2.73,-2.252
2.75,-0.647
2.624,1.132
2.485,0.064
2.345,-2.834
1.75,-2.926
1.042,-2.67
0.11,-2.789
-0.092,-2.673
-0.14,-2.834
-0.853,-2.841
-2.418,-2.853
2.761,-2.77
2.627,-2.653
2.804,-2.771
1.984,1.561
1.963,1.81
1.973,1.508
1.489,1.743
1.421,1.495
0.565,1.477
0.011,1.692
-0.206,1.458
-0.33,1.802
-0.52,1.464
-1.314,1.8
-1.599,1.584
-2.742,1.718
2.724,1.419
2.441,1.117
2.366,-0.757
-1.985,-0.916
-2.166,0.855
-2.178,-0.249
-3.081,-0.439
-3.038,-0.579
2.83,0.464
2.049,0.342
0.664,-0.385
2.712,0.361
2.515,0.352
-0.44,1.391
3.047,1.201
2.327,-2.424
0.926,-2.433
-1.836,1.528
0.064,-0.805
-0.031,0.067
-0.123,-0.733
-0.136,-0.536
-0.081,2.039
-0.156,1.583
-0.163,2.67
-0.139,2.291
-0.216,1.475
-0.222,1.157
-0.205,-0.311
-0.23,2.832
-0.285,-0.455
-0.34,0.018
-0.335,-0.818
-0.605,0.247
-0.611,-1.017
-0.671,-0.978
-0.759,-0.257
-0.788,0.338
-0.802,2.927
-0.76,1.323
-0.819,1.915
-0.857,0.195
-0.955,-0.214
-0.963,-0.369
-0.945,2.291
-0.962,-0.747
-1.076,-0.206
-1.012,-1.115
-1.149,1.667
-1.213,2.587
-1.29,0.174
-1.456,-0.911
-1.488,0.905
-1.58,2.889
-1.577,1.071
-1.645,-0.566
-1.672,0.266
-1.661,1.063
-1.729,1.583
-1.773,0.395
-1.909,1.572
-1.959,2.409
-2.29,-0.522
-2.424,1.491
-2.445,-0.134
-2.393,1.858
-2.43,0.781
-2.442,-0.75
-2.633,1.976
-2.677,1.103
-2.595,2.542
-2.702,-0.556
-2.739,2.485
-2.699,0.835
-2.721,2.384
-2.825,0.924
-2.901,0.563
-2.923,0.503
-2.968,-0.254
3.118,-1.108
3.104,0.315
3.116,-0.059
3.059,-0.316
2.946,-0.369
2.973,0.592
2.825,0.128
2.866,1.09
2.83,2.755
2.798,-0.071
2.721,2.642
2.709,2.353
2.595,-0.991
2.649,1.681
2.639,1.866
2.647,1.338
2.555,1.847
2.548,2.797
2.521,1.276
2.583,1.177
2.566,0.134
2.561,-0.932
1.753,-1.396
1.701,-1.127
1.563,-1.397
-0.382,-1.361
-1.307,-1.21
-1.386,-1.384
-1.462,-1.221
3.117,-1.338
3.044,-1.044
2.034,3.179
1.758,2.977
1.139,3.045
-0.004,3.091
-0.081,3.349
-0.287,3.24
-0.573,3.09
-0.808,3.397
-0.918,3.295
-1.311,3.073
-1.947,3.444
-2.016,3.396
-2.707,3.147
-2.83,3.449
3.013,3.18
3.084,3.069
1.822,-0.338
0.473,1.126
-0.312,2.771
-0.354,0.477
-0.499,-0.096
-0.829,0.003
-1.162,2.706
-2.782,-1.091
1.915,-1.324
3.085,-1.225
2.166,3.052
2.536,-0.573
2.314,-0.914
2.303,1.146
2.248,0.721
2.265,1.665
2.014,0.891
2.179,1.074
2.025,0.947
1.955,1.463
2.032,1.323
1.975,1.65
1.801,-0.823
1.753,0.463
1.673,0.751
1.476,1.027
1.6,1.025
1.396,0.044
1.276,-0.626
1.195,1.718
1.151,0.432
1.157,-0.346
1.238,2.742
1.212,-0.817
1.044,-0.417
0.9,1.229
0.89,0.365
0.859,2.737
0.819,0.667
0.85,0.507
0.709,-0.873
0.655,0.496
0.497,1.51
0.603,1.021
0.51,1.476
0.486,0.345
0.329,-1.014
0.293,2.56
0.343,1.971
0.169,2.395
0.314,1.981
0.122,0.831
-0.171,2.836
-0.188,1.788
-0.141,0.481
-0.241,1.625
-0.289,0.156
-0.475,-0.564
-0.514,1.515
-0.566,-0.158
-0.449,2.305
-0.663,2.094
-0.7,1.625
-0.592,2.785
-0.643,-1.088
-0.718,2.417
-0.853,-1.027
-0.888,2.577
-0.893,-0.934
-0.932,1.654
-0.924,2.54
-1.026,0.654
-0.961,1.085
-1.001,0.496
-1.156,0.253
-1.276,1.849
-1.304,0.342
-1.375,1.913
-1.68,2.885
-1.677,1.483
-1.678,-0.069
-1.887,-0.045
-1.982,2.066
-1.932,0.247
-1.977,-0.517
-2.231,0.428
-2.359,0.139
-2.303,0.468
-2.544,0.95
-2.586,1.811
-2.545,0.676
-2.628,-0.328
-2.751,1.137
-2.773,1.109
-3.066,0.141
-3.109,-0.845
2.943,1.711
2.927,1.044
2.791,-0.721
2.811,0.884
2.685,2.663
2.546,1.595
2.406,-1.303
1.811,-1.395
1.103,-1.139
0.171,-1.258
-0.031,-1.142
-0.079,-1.303
-0.792,-1.31
-2.357,-1.322
2.822,-1.239
2.688,-1.122
2.865,-1.24
2.045,3.092
2.024,3.341
2.034,3.039
1.55,3.274
1.482,3.026
0.626,3.008
0.072,3.223
-0.145,2.989
-0.269,3.333
-0.459,2.995
-1.253,3.331
-1.538,3.115
-2.681,3.249
2.785,2.95
2.502,2.648
2.427,0.774
-1.924,0.615
-2.105,2.386
-2.117,1.282
-3.02,1.092
-2.977,0.952
2.891,1.995
2.11,1.873
0.725,1.146
2.773,1.892
2.576,1.883
-0.379,2.922
3.108,2.732
2.388,-0.893
0.987,-0.902
-1.775,3.059
-0.095,0.872
-0.187,0.072
-0.2,0.269
-0.145,2.844
-0.22,2.388
-0.227,3.475
-0.203,3.096
-0.28,2.28
-0.286,1.962
-0.269,0.494
-0.294,3.637
-0.349,0.35
-0.404,0.823
-0.399,-0.013
-0.669,1.052
-0.675,-0.212
-0.735,-0.173
-0.823,0.548
-0.852,1.143
-0.866,3.732
-0.824,2.128
-0.883,2.72
-0.921,1.0
-1.019,0.591
-1.027,0.436
-1.009,3.096
-1.026,0.058
-1.14,0.599
-1.076,-0.31
-1.213,2.472
-1.277,3.392
-1.354,0.979
-1.52,-0.106
-1.552,1.71
-1.644,3.694
-1.641,1.876
-1.709,0.239
-1.736,1.071
-1.725,1.868
-1.793,2.388
-1.837,1.2
-1.973,2.377
-2.023,3.214
-2.354,0.283
-2.488,2.296
-2.509,0.671
-2.457,2.663
-2.494,1.586
-2.506,0.055
-2.697,2.781
-2.741,1.908
-2.659,3.347
-2.766,0.249
-2.803,3.29
-2.763,1.64
-2.785,3.189
-2.889,1.729
-2.965,1.368
-2.987,1.308
-3.032,0.551
3.054,-0.303
3.04,1.12
3.052,0.746
2.995,0.489
2.882,0.436
2.909,1.397
2.761,0.933
2.802,1.895
2.766,3.56
2.734,0.734
2.657,3.447
2.645,3.158
2.531,-0.186
2.585,2.486
2.575,2.671
2.583,2.143
2.491,2.652
2.484,3.602
2.457,2.081
2.519,1.982
2.502,0.939
2.497,-0.127
1.689,-0.591
1.637,-0.322
1.499,-0.592
-0.446,-0.556
-1.371,-0.405
-1.45,-0.579
-1.526,-0.416
3.053,-0.533
2.98,-0.239
1.97,3.984
1.694,3.782
1.075,3.85
-0.068,3.896
-0.145,4.154
-0.351,4.045
-0.637,3.895
-0.872,4.202
-0.982,4.1
-1.375,3.878
-2.011,4.249
-2.08,4.201
-2.771,3.952
-2.894,4.254
2.949,3.985
3.02,3.874
1.758,0.467
0.409,1.931
-0.376,3.576
-0.418,1.282
-0.563,0.709
-0.893,0.808
-1.226,3.511
-2.846,-0.286
1.851,-0.519
3.021,-0.42
2.102,3.857
2.472,0.232
2.25,-0.109
2.239,1.951
2.184,1.526
2.201,2.47
1.95,1.696
2.115,1.879
1.961,1.752
1.891,2.268
1.968,2.128
1.911,2.455
1.737,-0.018
1.689,1.268
1.609,1.556
1.412,1.832
1.536,1.83
1.332,0.849
1.212,0.179
1.131,2.523
1.087,1.237
1.093,0.459
1.174,3.547
1.148,-0.012
0.98,0.388
0.836,2.034
0.826,1.17
0.795,3.542
0.755,1.472
0.786,1.312
0.645,-0.068
0.591,1.301
0.433,2.315
0.539,1.826
0.446,2.281
0.422,1.15
0.265,-0.209
0.229,3.365
0.279,2.776
0.105,3.2
0.25,2.786
0.058,1.636
-0.235,3.641
-0.252,2.593
-0.205,1.286
-0.305,2.43
-0.353,0.961
-0.539,0.241
-0.578,2.32
-0.63,0.647
-0.513,3.11
-0.727,2.899
-0.764,2.43
-0.656,3.59
-0.707,-0.283
-0.782,3.222
-0.917,-0.222
-0.952,3.382
-0.957,-0.129
-0.996,2.459
-0.988,3.345
-1.09,1.459
-1.025,1.89
-1.065,1.301
-1.22,1.058
-1.34,2.654
-1.368,1.147
-1.439,2.718
-1.744,3.69
-1.741,2.288
-1.742,0.736
-1.951,0.76
-2.046,2.871
-1.996,1.052
-2.041,0.288
-2.295,1.233
-2.423,0.944
-2.367,1.273
-2.608,1.755
-2.65,2.616
-2.609,1.481
-2.692,0.477
-2.815,1.942
-2.837,1.914
-3.13,0.946
3.11,-0.04
2.879,2.516
2.863,1.849
2.727,0.084
2.747,1.689
2.621,3.468
2.482,2.4
2.342,-0.498
1.747,-0.59
1.039,-0.334
0.107,-0.453
-0.095,-0.337
-0.143,-0.498
-0.856,-0.505
-2.421,-0.517
2.758,-0.434
2.624,-0.317
2.801,-0.435
1.981,3.897
1.96,4.146
1.97,3.844
1.486,4.079
1.418,3.831
0.562,3.813
0.008,4.028
-0.209,3.794
-0.333,4.138
-0.523,3.8
-1.317,4.136
-1.602,3.92
-2.745,4.054
2.721,3.755
2.438,3.453
2.363,1.579
-1.988,1.42
-2.169,3.191
-2.181,2.087
-3.084,1.897
-3.041,1.757
2.827,2.8
2.046,2.678
0.661,1.951
2.709,2.697
2.512,2.688
-0.443,3.727
3.044,3.537
2.324,-0.088
0.923,-0.097
-1.839,3.864
-0.092,-0.8
-0.105,-0.603
-0.05,1.972
-0.125,1.516
-0.132,2.603
-0.108,2.224
-0.185,1.408
-0.191,1.09
-0.174,-0.378
-0.199,2.765
-0.254,-0.522
-0.309,-0.049
-0.304,-0.885
-0.574,0.18
-0.58,-1.084
-0.64,-1.045
-0.728,-0.324
-0.757,0.271
-0.771,2.86
-0.729,1.256
-0.788,1.848
-0.826,0.128
-0.924,-0.281
-0.932,-0.436
-0.914,2.224
-0.931,-0.814
-1.045,-0.273
-0.981,-1.182
-1.118,1.6
-1.182,2.52
-1.259,0.107
-1.425,-0.978
-1.457,0.838
-1.549,2.822
-1.546,1.004
-1.614,-0.633
-1.641,0.199
-1.63,0.996
-1.698,1.516
-1.742,0.328
-1.878,1.505
-1.928,2.342
-2.259,-0.589
-2.393,1.424
-2.414,-0.201
-2.362,1.791
-2.399,0.714
-2.411,-0.817
-2.602,1.909
-2.646,1.036
-2.564,2.475
-2.671,-0.623
-2.708,2.418
-2.668,0.768
-2.69,2.317
-2.794,0.857
-2.87,0.496
-2.892,0.436
-2.937,-0.321
-3.134,-1.175
3.135,0.248
-3.136,-0.126
3.09,-0.383
2.977,-0.436
3.004,0.525
2.856,0.061
2.897,1.023
2.861,2.688
2.829,-0.138
2.752,2.575
2.74,2.286
2.626,-1.058
2.68,1.614
2.67,1.799
2.678,1.271
2.586,1.78
2.579,2.73
2.552,1.209
2.614,1.11
2.597,0.067
2.592,-0.999
1.784,-1.463
1.732,-1.194
1.594,-1.464
-0.351,-1.428
-1.276,-1.277
-1.355,-1.451
-1.431,-1.288
-3.135,-1.405
3.075,-1.111
2.065,3.112
1.789,2.91
1.17,2.978
0.027,3.024
-0.05,3.282
-0.256,3.173
-0.542,3.023
-0.777,3.33
-0.887,3.228
-1.28,3.006
-1.916,3.377
-1.985,3.329
-2.676,3.08
-2.799,3.382
3.044,3.113
3.115,3.002
1.853,-0.405
0.504,1.059
-0.281,2.704
-0.323,0.41
-0.468,-0.163
-0.798,-0.064
-1.131,2.639
-2.751,-1.158
1.946,-1.391
3.116,-1.292
2.197,2.985
2.567,-0.64
2.345,-0.981
2.334,1.079
2.279,0.654
2.296,1.598
2.045,0.824
2.21,1.007
2.056,0.88
1.986,1.396
2.063,1.256
2.006,1.583
1.832,-0.89
1.784,0.396
1.704,0.684
1.507,0.96
1.631,0.958
1.427,-0.023
1.307,-0.693
1.226,1.651
1.182,0.365
1.188,-0.413
1.269,2.675
1.243,-0.884
1.075,-0.484
0.931,1.162
0.921,0.298
0.89,2.67
0.85,0.6
0.881,0.44
0.74,-0.94
0.686,0.429
0.528,1.443
0.634,0.954
0.541,1.409
0.517,0.278
0.36,-1.081
0.324,2.493
0.374,1.904
0.2,2.328
0.345,1.914
0.153,0.764
-0.14,2.769
-0.157,1.721
-0.11,0.414
-0.21,1.558
-0.258,0.089
-0.444,-0.631
-0.483,1.448
-0.535,-0.225
-0.418,2.238
-0.632,2.027
-0.669,1.558
-0.561,2.718
-0.612,-1.155
-0.687,2.35
-0.822,-1.094
-0.857,2.51
-0.862,-1.001
-0.901,1.587
-0.893,2.473
-0.995,0.587
-0.93,1.018
-0.97,0.429
-1.125,0.186
-1.245,1.782
-1.273,0.275
-1.344,1.846
-1.649,2.818
-1.646,1.416
-1.647,-0.136
-1.856,-0.112
-1.951,1.999
-1.901,0.18
-1.946,-0.584
-2.2,0.361
-2.328,0.072
-2.272,0.401
-2.513,0.883
-2.555,1.744
-2.514,0.609
-2.597,-0.395
-2.72,1.07
-2.742,1.042
-3.035,0.074
-3.078,-0.912
2.974,1.644
2.958,0.977
2.822,-0.788
2.842,0.817
2.716,2.596
2.577,1.528
2.437,-1.37
1.842,-1.462
1.134,-1.206
0.202,-1.325
0.0,-1.209
-0.048,-1.37
-0.761,-1.377
-2.326,-1.389
2.853,-1.306
2.719,-1.189
2.896,-1.307
2.076,3.025
2.055,3.274
2.065,2.972
1.581,3.207
1.513,2.959
0.657,2.941
0.103,3.156
-0.114,2.922
-0.238,3.266
-0.428,2.928
-1.222,3.264
-1.507,3.048
-2.65,3.182
2.816,2.883
2.533,2.581
2.458,0.707
-1.893,0.548
-2.074,2.319
-2.086,1.215
-2.989,1.025
-2.946,0.885
2.922,1.928
2.141,1.806
0.756,1.079
2.804,1.825
2.607,1.816
-0.348,2.855
3.139,2.665
2.419,-0.96
1.018,-0.969
-1.744,2.992
-0.013,0.197
0.042,2.772
-0.033,2.316
-0.04,3.403
-0.016,3.024
-0.093,2.208
-0.099,1.89
-0.082,0.422
-0.107,3.565
-0.162,0.278
-0.217,0.751
-0.212,-0.085
-0.482,0.98
-0.488,-0.284
-0.548,-0.245
-0.636,0.476
-0.665,1.071
-0.679,3.66
-0.637,2.056
-0.696,2.648
-0.734,0.928
-0.832,0.519
-0.84,0.364
-0.822,3.024
-0.839,-0.014
-0.953,0.527
-0.889,-0.382
-1.026,2.4
-1.09,3.32
-1.167,0.907
-1.333,-0.178
-1.365,1.638
-1.457,3.622
-1.454,1.804
-1.522,0.167
-1.549,0.999
-1.538,1.796
-1.606,2.316
-1.65,1.128
-1.786,2.305
-1.836,3.142
-2.167,0.211
-2.301,2.224
-2.322,0.599
-2.27,2.591
-2.307,1.514
-2.319,-0.017
-2.51,2.709
-2.554,1.836
-2.472,3.275
-2.579,0.177
-2.616,3.218
-2.576,1.568
-2.598,3.117
-2.702,1.657
-2.778,1.296
-2.8,1.236
-2.845,0.479
-3.042,-0.375
-3.056,1.048
-3.044,0.674
-3.101,0.417
3.069,0.364
3.096,1.325
2.948,0.861
2.989,1.823
2.953,3.488
2.921,0.662
2.844,3.375
2.832,3.086
2.718,-0.258
2.772,2.414
2.762,2.599
2.77,2.071
2.678,2.58
2.671,3.53
2.644,2.009
2.706,1.91
2.689,0.867
2.684,-0.199
1.876,-0.663
1.824,-0.394
1.686,-0.664
-0.259,-0.628
-1.184,-0.477
-1.263,-0.651
-1.339,-0.488
-3.043,-0.605
-3.116,-0.311
2.157,3.912
1.881,3.71
1.262,3.778
0.119,3.824
0.042,4.082
-0.164,3.973
-0.45,3.823
-0.685,4.13
-0.795,4.028
-1.188,3.806
-1.824,4.177
-1.893,4.129
-2.584,3.88
-2.707,4.182
3.136,3.913
-3.076,3.802
1.945,0.395
0.596,1.859
-0.189,3.504
-0.231,1.21
-0.376,0.637
-0.706,0.736
-1.039,3.439
-2.659,-0.358
2.038,-0.591
-3.075,-0.492
2.289,3.785
2.659,0.16
2.437,-0.181
2.426,1.879
2.371,1.454
2.388,2.398
2.137,1.624
2.302,1.807
2.148,1.68
2.078,2.196
2.155,2.056
2.098,2.383
1.924,-0.09
1.876,1.196
1.796,1.484
1.599,1.76
1.723,1.758
1.519,0.777
1.399,0.107
1.318,2.451
1.274,1.165
1.28,0.387
1.361,3.475
1.335,-0.084
1.167,0.316
1.023,1.962
1.013,1.098
0.982,3.47
0.942,1.4
0.973,1.24
0.832,-0.14
0.778,1.229
0.62,2.243
0.726,1.754
0.633,2.209
0.609,1.078
0.452,-0.281
0.416,3.293
0.466,2.704
0.292,3.128
0.437,2.714
0.245,1.564
-0.048,3.569
-0.065,2.521
-0.018,1.214
-0.118,2.358
-0.166,0.889
-0.352,0.169
-0.391,2.248
-0.443,0.575
-0.326,3.038
-0.54,2.827
-0.577,2.358
-0.469,3.518
-0.52,-0.355
-0.595,3.15
-0.73,-0.294
-0.765,3.31
-0.77,-0.201
-0.809,2.387
-0.801,3.273
-0.903,1.387
-0.838,1.818
-0.878,1.229
-1.033,0.986
-1.153,2.582
-1.181,1.075
-1.252,2.646
-1.557,3.618
-1.554,2.216
-1.555,0.664
-1.764,0.688
-1.859,2.799
-1.809,0.98
-1.854,0.216
-2.108,1.161
-2.236,0.872
-2.18,1.201
-2.421,1.683
-2.463,2.544
-2.422,1.409
-2.505,0.405
-2.628,1.87
-2.65,1.842
-2.943,0.874
-2.986,-0.112
3.066,2.444
3.05,1.777
2.914,0.012
2.934,1.617
2.808,3.396
2.669,2.328
2.529,-0.57
1.934,-0.662
1.226,-0.406
0.294,-0.525
0.092,-0.409
0.044,-0.57
-0.669,-0.577
-2.234,-0.589
2.945,-0.506
2.811,-0.389
2.988,-0.507
2.168,3.825
2.147,4.074
2.157,3.772
1.673,4.007
1.605,3.759
0.749,3.741
0.195,3.956
-0.022,3.722
-0.146,4.066
-0.336,3.728
-1.13,4.064
-1.415,3.848
-2.558,3.982
2.908,3.683
2.625,3.381
2.55,1.507
-1.801,1.348
-1.982,3.119
-1.994,2.015
-2.897,1.825
-2.854,1.685
3.014,2.728
2.233,2.606
0.848,1.879
2.896,2.625
2.699,2.616
-0.256,3.655
-3.052,3.465
2.511,-0.16
1.11,-0.169
-1.652,3.792
0.055,2.575
-0.02,2.119
-0.027,3.206
-0.003,2.827
-0.08,2.011
-0.086,1.693
-0.069,0.225
-0.094,3.368
-0.149,0.081
-0.204,0.554
-0.199,-0.282
-0.469,0.783
-0.475,-0.481
-0.535,-0.442
-0.623,0.279
-0.652,0.874
-0.666,3.463
-0.624,1.859
-0.683,2.451
-0.721,0.731
-0.819,0.322
-0.827,0.167
-0.809,2.827
-0.826,-0.211
-0.94,0.33
-0.876,-0.579
-1.013,2.203
-1.077,3.123
-1.154,0.71
-1.32,-0.375
-1.352,1.441
-1.444,3.425
-1.441,1.607
-1.509,-0.03
-1.536,0.802
-1.525,1.599
-1.593,2.119
-1.637,0.931
-1.773,2.108
-1.823,2.945
-2.154,0.014
-2.288,2.027
-2.309,0.402
-2.257,2.394
-2.294,1.317
-2.306,-0.214
-2.497,2.512
-2.541,1.639
-2.459,3.078
-2.566,-0.02
-2.603,3.021
-2.563,1.371
-2.585,2.92
-2.689,1.46
-2.765,1.099
-2.787,1.039
-2.832,0.282
-3.029,-0.572
-3.043,0.851
-3.031,0.477
-3.088,0.22
3.082,0.167
3.109,1.128
2.961,0.664
3.002,1.626
2.966,3.291
2.934,0.465
2.857,3.178
2.845,2.889
2.731,-0.455
2.785,2.217
2.775,2.402
2.783,1.874
2.691,2.383
2.684,3.333
2.657,1.812
2.719,1.713
2.702,0.67
2.697,-0.396
1.889,-0.86
1.837,-0.591
1.699,-0.861
-0.246,-0.825
-1.171,-0.674
-1.25,-0.848
-1.326,-0.685
-3.03,-0.802
-3.103,-0.508
2.17,3.715
1.894,3.513
1.275,3.581
0.132,3.627
0.055,3.885
-0.151,3.776
-0.437,3.626
-0.672,3.933
-0.782,3.831
-1.175,3.609
-1.811,3.98
-1.88,3.932
-2.571,3.683
-2.694,3.985
-3.134,3.716
-3.063,3.605
1.958,0.198
0.609,1.662
-0.176,3.307
-0.218,1.013
-0.363,0.44
-0.693,0.539
-1.026,3.242
-2.646,-0.555
2.051,-0.788
-3.062,-0.689
2.302,3.588
2.672,-0.037
2.45,-0.378
2.439,1.682
2.384,1.257
2.401,2.201
2.15,1.427
2.315,1.61
2.161,1.483
2.091,1.999
2.168,1.859
2.111,2.186
1.937,-0.287
1.889,0.999
1.809,1.287
1.612,1.563
1.736,1.561
1.532,0.58
1.412,-0.09
1.331,2.254
1.287,0.968
1.293,0.19
1.374,3.278
1.348,-0.281
1.18,0.119
1.036,1.765
1.026,0.901
0.995,3.273
0.955,1.203
0.986,1.043
0.845,-0.337
0.791,1.032
0.633,2.046
0.739,1.557
0.646,2.012
0.622,0.881
0.465,-0.478
0.429,3.096
0.479,2.507
0.305,2.931
0.45,2.517
0.258,1.367
-0.035,3.372
-0.052,2.324
-0.005,1.017
-0.105,2.161
-0.153,0.692
-0.339,-0.028
-0.378,2.051
-0.43,0.378
-0.313,2.841
-0.527,2.63
-0.564,2.161
-0.456,3.321
-0.507,-0.552
-0.582,2.953
-0.717,-0.491
-0.752,3.113
-0.757,-0.398
-0.796,2.19
-0.788,3.076
-0.89,1.19
-0.825,1.621
-0.865,1.032
-1.02,0.789
-1.14,2.385
-1.168,0.878
-1.239,2.449
-1.544,3.421
-1.541,2.019
-1.542,0.467
-1.751,0.491
-1.846,2.602
-1.796,0.783
-1.841,0.019
-2.095,0.964
-2.223,0.675
-2.167,1.004
-2.408,1.486
-2.45,2.347
-2.409,1.212
-2.492,0.208
-2.615,1.673
-2.637,1.645
-2.93,0.677
-2.973,-0.309
3.079,2.247
3.063,1.58
2.927,-0.185
2.947,1.42
2.821,3.199
2.682,2.131
2.542,-0.767
1.947,-0.859
1.239,-0.603
0.307,-0.722
0.105,-0.606
0.057,-0.767
-0.656,-0.774
-2.221,-0.786
2.958,-0.703
2.824,-0.586
3.001,-0.704
2.181,3.628
2.16,3.877
2.17,3.575
1.686,3.81
1.618,3.562
0.762,3.544
0.208,3.759
-0.009,3.525
-0.133,3.869
-0.323,3.531
-1.117,3.867
-1.402,3.651
-2.545,3.785
2.921,3.486
2.638,3.184
2.563,1.31
-1.788,1.151
-1.969,2.922
-1.981,1.818
-2.884,1.628
-2.841,1.488
3.027,2.531
2.246,2.409
0.861,1.682
2.909,2.428
2.712,2.419
-0.243,3.458
-3.039,3.268
2.524,-0.357
1.123,-0.366
-1.639,3.595
-0.075,-0.456
-0.082,0.631
-0.058,0.252
-0.135,-0.564
-0.141,-0.882
-0.124,-2.35
-0.149,0.793
-0.204,-2.494
-0.259,-2.021
-0.254,-2.857
-0.524,-1.792
-0.53,-3.056
-0.59,-3.017
-0.678,-2.296
-0.707,-1.701
-0.721,0.888
-0.679,-0.716
-0.738,-0.124
-0.776,-1.844
-0.874,-2.253
-0.882,-2.408
-0.864,0.252
-0.881,-2.786
-0.995,-2.245
-0.931,-3.154
-1.068,-0.372
-1.132,0.548
-1.209,-1.865
-1.375,-2.95
-1.407,-1.134
-1.499,0.85
-1.496,-0.968
-1.564,-2.605
-1.591,-1.773
-1.58,-0.976
-1.648,-0.456
-1.692,-1.644
-1.828,-0.467
-1.878,0.37
-2.209,-2.561
-2.343,-0.548
-2.364,-2.173
-2.312,-0.181
-2.349,-1.258
-2.361,-2.789
-2.552,-0.063
-2.596,-0.936
-2.514,0.503
-2.621,-2.595
-2.658,0.446
-2.618,-1.204
-2.64,0.345
-2.744,-1.115
-2.82,-1.476
-2.842,-1.536
-2.887,-2.293
-3.084,-3.147
-3.098,-1.724
-3.086,-2.098
3.14,-2.355
3.027,-2.408
3.054,-1.447
2.906,-1.911
2.947,-0.949
2.911,0.716
2.879,-2.11
2.802,0.603
2.79,0.314
2.676,-3.03
2.73,-0.358
2.72,-0.173
2.728,-0.701
2.636,-0.192
2.629,0.758
2.602,-0.763
2.664,-0.862
2.647,-1.905
2.642,-2.971
1.834,-3.435
1.782,-3.166
1.644,-3.436
-0.301,-3.4
-1.226,-3.249
-1.305,-3.423
-1.381,-3.26
-3.085,-3.377
3.125,-3.083
2.115,1.14
1.839,0.938
1.22,1.006
0.077,1.052
0.0,1.31
-0.206,1.201
-0.492,1.051
-0.727,1.358
-0.837,1.256
-1.23,1.034
-1.866,1.405
-1.935,1.357
-2.626,1.108
-2.749,1.41
3.094,1.141
-3.118,1.03
1.903,-2.377
0.554,-0.913
-0.231,0.732
-0.273,-1.562
-0.418,-2.135
-0.748,-2.036
-1.081,0.667
-2.701,-3.13
1.996,-3.363
-3.117,-3.264
2.247,1.013
2.617,-2.612
2.395,-2.953
2.384,-0.893
2.329,-1.318
2.346,-0.374
2.095,-1.148
2.26,-0.965
2.106,-1.092
2.036,-0.576
2.113,-0.716
2.056,-0.389
1.882,-2.862
1.834,-1.576
1.754,-1.288
1.557,-1.012
1.681,-1.014
1.477,-1.995
1.357,-2.665
1.276,-0.321
1.232,-1.607
1.238,-2.385
1.319,0.703
1.293,-2.856
1.125,-2.456
0.981,-0.81
0.971,-1.674
0.94,0.698
0.9,-1.372
0.931,-1.532
0.79,-2.912
0.736,-1.543
0.578,-0.529
0.684,-1.018
0.591,-0.563
0.567,-1.694
0.41,-3.053
0.374,0.521
0.424,-0.068
0.25,0.356
0.395,-0.058
0.203,-1.208
-0.09,0.797
-0.107,-0.251
-0.06,-1.558
-0.16,-0.414
-0.208,-1.883
-0.394,-2.603
-0.433,-0.524
-0.485,-2.197
-0.368,0.266
-0.582,0.055
-0.619,-0.414
-0.511,0.746
-0.562,-3.127
-0.637,0.378
-0.772,-3.066
-0.807,0.538
-0.812,-2.973
-0.851,-0.385
-0.843,0.501
-0.945,-1.385
-0.88,-0.954
-0.92,-1.543
-1.075,-1.786
-1.195,-0.19
-1.223,-1.697
-1.294,-0.126
-1.599,0.846
-1.596,-0.556
-1.597,-2.108
-1.806,-2.084
-1.901,0.027
-1.851,-1.792
-1.896,-2.556
-2.15,-1.611
-2.278,-1.9
-2.222,-1.571
-2.463,-1.089
-2.505,-0.228
-2.464,-1.363
-2.547,-2.367
-2.67,-0.902
-2.692,-0.93
-2.985,-1.898
-3.028,-2.884
3.024,-0.328
3.008,-0.995
2.872,-2.76
2.892,-1.155
2.766,0.624
2.627,-0.444
2.487,-3.342
1.892,-3.434
1.184,-3.178
0.252,-3.297
0.05,-3.181
0.002,-3.342
-0.711,-3.349
-2.276,-3.361
2.903,-3.278
2.769,-3.161
2.946,-3.279
2.126,1.053
2.105,1.302
2.115,1.0
1.631,1.235
1.563,0.987
0.707,0.969
0.153,1.184
-0.064,0.95
-0.188,1.294
-0.378,0.956
-1.172,1.292
-1.457,1.076
-2.6,1.21
2.866,0.911
2.583,0.609
2.508,-1.265
-1.843,-1.424
-2.024,0.347
-2.036,-0.757
-2.939,-0.947
-2.896,-1.087
2.972,-0.044
2.191,-0.166
0.806,-0.893
2.854,-0.147
2.657,-0.156
-0.298,0.883
-3.094,0.693
2.469,-2.932
1.068,-2.941
-1.694,1.02
-0.007,1.087
0.017,0.708
-0.06,-0.108
-0.066,-0.426
-0.049,-1.894
-0.074,1.249
-0.129,-2.038
-0.184,-1.565
-0.179,-2.401
-0.449,-1.336
-0.455,-2.6
-0.515,-2.561
-0.603,-1.84
-0.632,-1.245
-0.646,1.344
-0.604,-0.26
-0.663,0.332
-0.701,-1.388
-0.799,-1.797
-0.807,-1.952
-0.789,0.708
-0.806,-2.33
-0.92,-1.789
-0.856,-2.698
-0.993,0.084
-1.057,1.004
-1.134,-1.409
-1.3,-2.494
-1.332,-0.678
-1.424,1.306
-1.421,-0.512
-1.489,-2.149
-1.516,-1.317
-1.505,-0.52
-1.573,0.0
-1.617,-1.188
-1.753,-0.011
-1.803,0.826
-2.134,-2.105
-2.268,-0.092
-2.289,-1.717
-2.237,0.275
-2.274,-0.802
-2.286,-2.333
-2.477,0.393
-2.521,-0.48
-2.439,0.959
-2.546,-2.139
-2.583,0.902
-2.543,-0.748
-2.565,0.801
-2.669,-0.659
-2.745,-1.02
-2.767,-1.08
-2.812,-1.837
-3.009,-2.691
-3.023,-1.268
-3.011,-1.642
-3.068,-1.899
3.102,-1.952
3.129,-0.991
2.981,-1.455
3.022,-0.493
2.986,1.172
2.954,-1.654
2.877,1.059
2.865,0.77
2.751,-2.574
2.805,0.098
2.795,0.283
2.803,-0.245
2.711,0.264
2.704,1.214
2.677,-0.307
2.739,-0.406
2.722,-1.449
2.717,-2.515
1.909,-2.979
1.857,-2.71
1.719,-2.98
-0.226,-2.944
-1.151,-2.793
-1.23,-2.967
-1.306,-2.804
-3.01,-2.921
-3.083,-2.627
2.19,1.596
1.914,1.394
1.295,1.462
0.152,1.508
0.075,1.766
-0.131,1.657
-0.417,1.507
-0.652,1.814
-0.762,1.712
-1.155,1.49
-1.791,1.861
-1.86,1.813
-2.551,1.564
-2.674,1.866
-3.114,1.597
-3.043,1.486
1.978,-1.921
0.629,-0.457
-0.156,1.188
-0.198,-1.106
-0.343,-1.679
-0.673,-1.58
-1.006,1.123
-2.626,-2.674
2.071,-2.907
-3.042,-2.808
2.322,1.469
2.692,-2.156
2.47,-2.497
2.459,-0.437
2.404,-0.862
2.421,0.082
2.17,-0.692
2.335,-0.509
2.181,-0.636
2.111,-0.12
2.188,-0.26
2.131,0.067
1.957,-2.406
1.909,-1.12
1.829,-0.832
1.632,-0.556
1.756,-0.558
1.552,-1.539
1.432,-2.209
1.351,0.135
1.307,-1.151
1.313,-1.929
1.394,1.159
1.368,-2.4
1.2,-2.0
1.056,-0.354
1.046,-1.218
1.015,1.154
0.975,-0.916
1.006,-1.076
0.865,-2.456
0.811,-1.087
0.653,-0.073
0.759,-0.562
0.666,-0.107
0.642,-1.238
0.485,-2.597
0.449,0.977
0.499,0.388
0.325,0.812
0.47,0.398
0.278,-0.752
-0.015,1.253
-0.032,0.205
0.015,-1.102
-0.085,0.042
-0.133,-1.427
-0.319,-2.147
-0.358,-0.068
-0.41,-1.741
-0.293,0.722
-0.507,0.511
-0.544,0.042
-0.436,1.202
-0.487,-2.671
-0.562,0.834
-0.697,-2.61
-0.732,0.994
-0.737,-2.517
-0.776,0.071
-0.768,0.957
-0.87,-0.929
-0.805,-0.498
-0.845,-1.087
-1.0,-1.33
-1.12,0.266
-1.148,-1.241
-1.219,0.33
-1.524,1.302
-1.521,-0.1
-1.522,-1.652
-1.731,-1.628
-1.826,0.483
-1.776,-1.336
-1.821,-2.1
-2.075,-1.155
-2.203,-1.444
-2.147,-1.115
-2.388,-0.633
-2.43,0.228
-2.389,-0.907
-2.472,-1.911
-2.595,-0.446
-2.617,-0.474
-2.91,-1.442
-2.953,-2.428
3.099,0.128
3.083,-0.539
2.947,-2.304
2.967,-0.699
2.841,1.08
2.702,0.012
2.562,-2.886
1.967,-2.978
1.259,-2.722
0.327,-2.841
0.125,-2.725
0.077,-2.886
-0.636,-2.893
-2.201,-2.905
2.978,-2.822
2.844,-2.705
3.021,-2.823
2.201,1.509
2.18,1.758
2.19,1.456
1.706,1.691
1.638,1.443
0.782,1.425
0.228,1.64
0.011,1.406
-0.113,1.75
-0.303,1.412
-1.097,1.748
-1.382,1.532
-2.525,1.666
2.941,1.367
2.658,1.065
2.583,-0.809
-1.768,-0.968
-1.949,0.803
-1.961,-0.301
-2.864,-0.491
-2.821,-0.631
3.047,0.412
2.266,0.29
0.881,-0.437
2.929,0.309
2.732,0.3
-0.223,1.339
-3.019,1.149
2.544,-2.476
1.143,-2.485
-1.619,1.476
0.024,-0.379
-0.053,-1.195
-0.059,-1.513
-0.042,-2.981
-0.067,0.162
-0.122,-3.125
-0.177,-2.652
-0.172,-3.488
-0.442,-2.423
-0.448,-3.687
-0.508,-3.648
-0.596,-2.927
-0.625,-2.332
-0.639,0.257
-0.597,-1.347
-0.656,-0.755
-0.694,-2.475
-0.792,-2.884
-0.8,-3.039
-0.782,-0.379
-0.799,-3.417
-0.913,-2.876
-0.849,-3.785
-0.986,-1.003
-1.05,-0.083
-1.127,-2.496
-1.293,-3.581
-1.325,-1.765
-1.417,0.219
-1.414,-1.599
-1.482,-3.236
-1.509,-2.404
-1.498,-1.607
-1.566,-1.087
-1.61,-2.275
-1.746,-1.098
-1.796,-0.261
-2.127,-3.192
-2.261,-1.179
-2.282,-2.804
-2.23,-0.812
-2.267,-1.889
-2.279,-3.42
-2.47,-0.694
-2.514,-1.567
-2.432,-0.128
-2.539,-3.226
-2.576,-0.185
-2.536,-1.835
-2.558,-0.286
-2.662,-1.746
-2.738,-2.107
-2.76,-2.167
-2.805,-2.924
-3.002,-3.778
-3.016,-2.355
-3.004,-2.729
-3.061,-2.986
3.109,-3.039
3.136,-2.078
2.988,-2.542
3.029,-1.58
2.993,0.085
2.961,-2.741
2.884,-0.028
2.872,-0.317
2.758,-3.661
2.812,-0.989
2.802,-0.804
2.81,-1.332
2.718,-0.823
2.711,0.127
2.684,-1.394
2.746,-1.493
2.729,-2.536
2.724,-3.602
1.916,-4.066
1.864,-3.797
1.726,-4.067
-0.219,-4.031
-1.144,-3.88
-1.223,-4.054
-1.299,-3.891
-3.003,-4.008
-3.076,-3.714
2.197,0.509
1.921,0.307
1.302,0.375
0.159,0.421
0.082,0.679
-0.124,0.57
-0.41,0.42
-0.645,0.727
-0.755,0.625
-1.148,0.403
-1.784,0.774
-1.853,0.726
-2.544,0.477
-2.667,0.779
-3.107,0.51
-3.036,0.399
1.985,-3.008
0.636,-1.544
-0.149,0.101
-0.191,-2.193
-0.336,-2.766
-0.666,-2.667
-0.999,0.036
-2.619,-3.761
2.078,-3.994
-3.035,-3.895
2.329,0.382
2.699,-3.243
2.477,-3.584
2.466,-1.524
2.411,-1.949
2.428,-1.005
2.177,-1.779
2.342,-1.596
2.188,-1.723
2.118,-1.207
2.195,-1.347
2.138,-1.02
1.964,-3.493
1.916,-2.207
1.836,-1.919
1.639,-1.643
1.763,-1.645
1.559,-2.626
1.439,-3.296
1.358,-0.952
1.314,-2.238
1.32,-3.016
1.401,0.072
1.375,-3.487
1.207,-3.087
1.063,-1.441
1.053,-2.305
1.022,0.067
0.982,-2.003
1.013,-2.163
0.872,-3.543
0.818,-2.174
0.66,-1.16
0.766,-1.649
0.673,-1.194
0.649,-2.325
0.492,-3.684
0.456,-0.11
0.506,-0.699
0.332,-0.275
0.477,-0.689
0.285,-1.839
-0.008,0.166
-0.025,-0.882
0.022,-2.189
-0.078,-1.045
-0.126,-2.514
-0.312,-3.234
-0.351,-1.155
-0.403,-2.828
-0.286,-0.365
-0.5,-0.576
-0.537,-1.045
-0.429,0.115
-0.48,-3.758
-0.555,-0.253
-0.69,-3.697
-0.725,-0.093
-0.73,-3.604
-0.769,-1.016
-0.761,-0.13
-0.863,-2.016
-0.798,-1.585
-0.838,-2.174
-0.993,-2.417
-1.113,-0.821
-1.141,-2.328
-1.212,-0.757
-1.517,0.215
-1.514,-1.187
-1.515,-2.739
-1.724,-2.715
-1.819,-0.604
-1.769,-2.423
-1.814,-3.187
-2.068,-2.242
-2.196,-2.531
-2.14,-2.202
-2.381,-1.72
-2.423,-0.859
-2.382,-1.994
-2.465,-2.998
-2.588,-1.533
-2.61,-1.561
-2.903,-2.529
-2.946,-3.515
3.106,-0.959
3.09,-1.626
2.954,-3.391
2.974,-1.786
2.848,-0.007
2.709,-1.075
2.569,-3.973
1.974,-4.065
1.266,-3.809
0.334,-3.928
0.132,-3.812
0.084,-3.973
-0.629,-3.98
-2.194,-3.992
2.985,-3.909
2.851,-3.792
3.028,-3.91
2.208,0.422
2.187,0.671
2.197,0.369
1.713,0.604
1.645,0.356
0.789,0.338
0.235,0.553
0.018,0.319
-0.106,0.663
-0.296,0.325
-1.09,0.661
-1.375,0.445
-2.518,0.579
2.948,0.28
2.665,-0.022
2.59,-1.896
-1.761,-2.055
-1.942,-0.284
-1.954,-1.388
-2.857,-1.578
-2.814,-1.718
3.054,-0.675
2.273,-0.797
0.888,-1.524
2.936,-0.778
2.739,-0.787
-0.216,0.252
-3.012,0.062
2.551,-3.563
1.15,-3.572
-1.612,0.389
-0.077,-0.816
-0.083,-1.134
-0.066,-2.602
-0.091,0.541
-0.146,-2.746
-0.201,-2.273
-0.196,-3.109
-0.466,-2.044
-0.472,-3.308
-0.532,-3.269
-0.62,-2.548
-0.649,-1.953
-0.663,0.636
-0.621,-0.968
-0.68,-0.376
-0.718,-2.096
-0.816,-2.505
-0.824,-2.66
-0.806,0.0
-0.823,-3.038
-0.937,-2.497
-0.873,-3.406
-1.01,-0.624
-1.074,0.296
-1.151,-2.117
-1.317,-3.202
-1.349,-1.386
-1.441,0.598
-1.438,-1.22
-1.506,-2.857
-1.533,-2.025
-1.522,-1.228
-1.59,-0.708
-1.634,-1.896
-1.77,-0.719
-1.82,0.118
-2.151,-2.813
-2.285,-0.8
-2.306,-2.425
-2.254,-0.433
-2.291,-1.51
-2.303,-3.041
-2.494,-0.315
-2.538,-1.188
-2.456,0.251
-2.563,-2.847
-2.6,0.194
-2.56,-1.456
-2.582,0.093
-2.686,-1.367
-2.762,-1.728
-2.784,-1.788
-2.829,-2.545
-3.026,-3.399
-3.04,-1.976
-3.028,-2.35
-3.085,-2.607
3.085,-2.66
3.112,-1.699
2.964,-2.163
3.005,-1.201
2.969,0.464
2.937,-2.362
2.86,0.351
2.848,0.062
2.734,-3.282
2.788,-0.61
2.778,-0.425
2.786,-0.953
2.694,-0.444
2.687,0.506
2.66,-1.015
2.722,-1.114
2.705,-2.157
2.7,-3.223
1.892,-3.687
1.84,-3.418
1.702,-3.688
-0.243,-3.652
-1.168,-3.501
-1.247,-3.675
-1.323,-3.512
-3.027,-3.629
-3.1,-3.335
2.173,0.888
1.897,0.686
1.278,0.754
0.135,0.8
0.058,1.058
-0.148,0.949
-0.434,0.799
-0.669,1.106
-0.779,1.004
-1.172,0.782
-1.808,1.153
-1.877,1.105
-2.568,0.856
-2.691,1.158
-3.131,0.889
-3.06,0.778
1.961,-2.629
0.612,-1.165
-0.173,0.48
-0.215,-1.814
-0.36,-2.387
-0.69,-2.288
-1.023,0.415
-2.643,-3.382
2.054,-3.615
-3.059,-3.516
2.305,0.761
2.675,-2.864
2.453,-3.205
2.442,-1.145
2.387,-1.57
2.404,-0.626
2.153,-1.4
2.318,-1.217
2.164,-1.344
2.094,-0.828
2.171,-0.968
2.114,-0.641
1.94,-3.114
1.892,-1.828
1.812,-1.54
1.615,-1.264
1.739,-1.266
1.535,-2.247
1.415,-2.917
1.334,-0.573
1.29,-1.859
1.296,-2.637
1.377,0.451
1.351,-3.108
1.183,-2.708
1.039,-1.062
1.029,-1.926
0.998,0.446
0.958,-1.624
0.989,-1.784
0.848,-3.164
0.794,-1.795
0.636,-0.781
0.742,-1.27
0.649,-0.815
0.625,-1.946
0.468,-3.305
0.432,0.269
0.482,-0.32
0.308,0.104
0.453,-0.31
0.261,-1.46
-0.032,0.545
-0.049,-0.503
-0.002,-1.81
-0.102,-0.666
-0.15,-2.135
-0.336,-2.855
-0.375,-0.776
-0.427,-2.449
-0.31,0.014
-0.524,-0.197
-0.561,-0.666
-0.453,0.494
-0.504,-3.379
-0.579,0.126
-0.714,-3.318
-0.749,0.286
-0.754,-3.225
-0.793,-0.637
-0.785,0.249
-0.887,-1.637
-0.822,-1.206
-0.862,-1.795
-1.017,-2.038
-1.137,-0.442
-1.165,-1.949
-1.236,-0.378
-1.541,0.594
-1.538,-0.808
-1.539,-2.36
-1.748,-2.336
-1.843,-0.225
-1.793,-2.044
-1.838,-2.808
-2.092,-1.863
-2.22,-2.152
-2.164,-1.823
-2.405,-1.341
-2.447,-0.48
-2.406,-1.615
-2.489,-2.619
-2.612,-1.154
-2.634,-1.182
-2.927,-2.15
-2.97,-3.136
3.082,-0.58
3.066,-1.247
2.93,-3.012
2.95,-1.407
2.824,0.372
2.685,-0.696
2.545,-3.594
1.95,-3.686
1.242,-3.43
0.31,-3.549
0.108,-3.433
0.06,-3.594
-0.653,-3.601
-2.218,-3.613
2.961,-3.53
2.827,-3.413
3.004,-3.531
2.184,0.801
2.163,1.05
2.173,0.748
1.689,0.983
1.621,0.735
0.765,0.717
0.211,0.932
-0.006,0.698
-0.13,1.042
-0.32,0.704
-1.114,1.04
-1.399,0.824
-2.542,0.958
2.924,0.659
2.641,0.357
2.566,-1.517
-1.785,-1.676
-1.966,0.095
-1.978,-1.009
-2.881,-1.199
-2.838,-1.339
3.03,-0.296
2.249,-0.418
0.864,-1.145
2.912,-0.399
2.715,-0.408
-0.24,0.631
-3.036,0.441
2.527,-3.184
1.126,-3.193
-1.636,0.768
-0.006,-0.318
0.011,-1.786
-0.014,1.357
-0.069,-1.93
-0.124,-1.457
-0.119,-2.293
-0.389,-1.228
-0.395,-2.492
-0.455,-2.453
-0.543,-1.732
-0.572,-1.137
-0.586,1.452
-0.544,-0.152
-0.603,0.44
-0.641,-1.28
-0.739,-1.689
-0.747,-1.844
-0.729,0.816
-0.746,-2.222
-0.86,-1.681
-0.796,-2.59
-0.933,0.192
-0.997,1.112
-1.074,-1.301
-1.24,-2.386
-1.272,-0.57
-1.364,1.414
-1.361,-0.404
-1.429,-2.041
-1.456,-1.209
-1.445,-0.412
-1.513,0.108
-1.557,-1.08
-1.693,0.097
-1.743,0.934
-2.074,-1.997
-2.208,0.016
-2.229,-1.609
-2.177,0.383
-2.214,-0.694
-2.226,-2.225
-2.417,0.501
-2.461,-0.372
-2.379,1.067
-2.486,-2.031
-2.523,1.01
-2.483,-0.64
-2.505,0.909
-2.609,-0.551
-2.685,-0.912
-2.707,-0.972
-2.752,-1.729
-2.949,-2.583
-2.963,-1.16
-2.951,-1.534
-3.008,-1.791
-3.121,-1.844
-3.094,-0.883
3.041,-1.347
3.082,-0.385
3.046,1.28
3.014,-1.546
2.937,1.167
2.925,0.878
2.811,-2.466
2.865,0.206
2.855,0.391
2.863,-0.137
2.771,0.372
2.764,1.322
2.737,-0.199
2.799,-0.298
2.782,-1.341
2.777,-2.407
1.969,-2.871
1.917,-2.602
1.779,-2.872
-0.166,-2.836
-1.091,-2.685
-1.17,-2.859
-1.246,-2.696
-2.95,-2.813
-3.023,-2.519
2.25,1.704
1.974,1.502
1.355,1.57
0.212,1.616
0.135,1.874
-0.071,1.765
-0.357,1.615
-0.592,1.922
-0.702,1.82
-1.095,1.598
-1.731,1.969
-1.8,1.921
-2.491,1.672
-2.614,1.974
-3.054,1.705
-2.983,1.594
2.038,-1.813
0.689,-0.349
-0.096,1.296
-0.138,-0.998
-0.283,-1.571
-0.613,-1.472
-0.946,1.231
-2.566,-2.566
2.131,-2.799
-2.982,-2.7
2.382,1.577
2.752,-2.048
2.53,-2.389
2.519,-0.329
2.464,-0.754
2.481,0.19
2.23,-0.584
2.395,-0.401
2.241,-0.528
2.171,-0.012
2.248,-0.152
2.191,0.175
2.017,-2.298
1.969,-1.012
1.889,-0.724
1.692,-0.448
1.816,-0.45
1.612,-1.431
1.492,-2.101
1.411,0.243
1.367,-1.043
1.373,-1.821
1.454,1.267
1.428,-2.292
1.26,-1.892
1.116,-0.246
1.106,-1.11
1.075,1.262
1.035,-0.808
1.066,-0.968
0.925,-2.348
0.871,-0.979
0.713,0.035
0.819,-0.454
0.726,0.001
0.702,-1.13
0.545,-2.489
0.509,1.085
0.559,0.496
0.385,0.92
0.53,0.506
0.338,-0.644
0.045,1.361
0.028,0.313
0.075,-0.994
-0.025,0.15
-0.073,-1.319
-0.259,-2.039
-0.298,0.04
-0.35,-1.633
-0.233,0.83
-0.447,0.619
-0.484,0.15
-0.376,1.31
-0.427,-2.563
-0.502,0.942
-0.637,-2.502
-0.672,1.102
-0.677,-2.409
-0.716,0.179
-0.708,1.065
-0.81,-0.821
-0.745,-0.39
-0.785,-0.979
-0.94,-1.222
-1.06,0.374
-1.088,-1.133
-1.159,0.438
-1.464,1.41
-1.461,0.008
-1.462,-1.544
-1.671,-1.52
-1.766,0.591
-1.716,-1.228
-1.761,-1.992
-2.015,-1.047
-2.143,-1.336
-2.087,-1.007
-2.328,-0.525
-2.37,0.336
-2.329,-0.799
-2.412,-1.803
-2.535,-0.338
-2.557,-0.366
-2.85,-1.334
-2.893,-2.32
-3.124,0.236
-3.14,-0.431
3.007,-2.196
3.027,-0.591
2.901,1.188
2.762,0.12
2.622,-2.778
2.027,-2.87
1.319,-2.614
0.387,-2.733
0.185,-2.617
0.137,-2.778
-0.576,-2.785
-2.141,-2.797
3.038,-2.714
2.904,-2.597
3.081,-2.715
2.261,1.617
2.24,1.866
2.25,1.564
1.766,1.799
1.698,1.551
0.842,1.533
0.288,1.748
0.071,1.514
-0.053,1.858
-0.243,1.52
-1.037,1.856
-1.322,1.64
-2.465,1.774
3.001,1.475
2.718,1.173
2.643,-0.701
-1.708,-0.86
-1.889,0.911
-1.901,-0.193
-2.804,-0.383
-2.761,-0.523
3.107,0.52
2.326,0.398
0.941,-0.329
2.989,0.417
2.792,0.408
-0.163,1.447
-2.959,1.257
2.604,-2.368
1.203,-2.377
-1.559,1.584
0.017,-1.468
-0.008,1.675
-0.063,-1.612
-0.118,-1.139
-0.113,-1.975
-0.383,-0.91
-0.389,-2.174
-0.449,-2.135
-0.537,-1.414
-0.566,-0.819
-0.58,1.77
-0.538,0.166
-0.597,0.758
-0.635,-0.962
-0.733,-1.371
-0.741,-1.526
-0.723,1.134
-0.74,-1.904
-0.854,-1.363
-0.79,-2.272
-0.927,0.51
-0.991,1.43
-1.068,-0.983
-1.234,-2.068
-1.266,-0.252
-1.358,1.732
-1.355,-0.086
-1.423,-1.723
-1.45,-0.891
-1.439,-0.094
-1.507,0.426
-1.551,-0.762
-1.687,0.415
-1.737,1.252
-2.068,-1.679
-2.202,0.334
-2.223,-1.291
-2.171,0.701
-2.208,-0.376
-2.22,-1.907
-2.411,0.819
-2.455,-0.054
-2.373,1.385
-2.48,-1.713
-2.517,1.328
-2.477,-0.322
-2.499,1.227
-2.603,-0.233
-2.679,-0.594
-2.701,-0.654
-2.746,-1.411
-2.943,-2.265
-2.957,-0.842
-2.945,-1.216
-3.002,-1.473
-3.115,-1.526
-3.088,-0.565
3.047,-1.029
3.088,-0.067
3.052,1.598
3.02,-1.228
2.943,1.485
2.931,1.196
2.817,-2.148
2.871,0.524
2.861,0.709
2.869,0.181
2.777,0.69
2.77,1.64
2.743,0.119
2.805,0.02
2.788,-1.023
2.783,-2.089
1.975,-2.553
1.923,-2.284
1.785,-2.554
-0.16,-2.518
-1.085,-2.367
-1.164,-2.541
-1.24,-2.378
-2.944,-2.495
-3.017,-2.201
2.256,2.022
1.98,1.82
1.361,1.888
0.218,1.934
0.141,2.192
-0.065,2.083
-0.351,1.933
-0.586,2.24
-0.696,2.138
-1.089,1.916
-1.725,2.287
-1.794,2.239
-2.485,1.99
-2.608,2.292
-3.048,2.023
-2.977,1.912
2.044,-1.495
0.695,-0.031
-0.09,1.614
-0.132,-0.68
-0.277,-1.253
-0.607,-1.154
-0.94,1.549
-2.56,-2.248
2.137,-2.481
-2.976,-2.382
2.388,1.895
2.758,-1.73
2.536,-2.071
2.525,-0.011
2.47,-0.436
2.487,0.508
2.236,-0.266
2.401,-0.083
2.247,-0.21
2.177,0.306
2.254,0.166
2.197,0.493
2.023,-1.98
1.975,-0.694
1.895,-0.406
1.698,-0.13
1.822,-0.132
1.618,-1.113
1.498,-1.783
1.417,0.561
1.373,-0.725
1.379,-1.503
1.46,1.585
1.434,-1.974
1.266,-1.574
1.122,0.072
1.112,-0.792
1.081,1.58
1.041,-0.49
1.072,-0.65
0.931,-2.03
0.877,-0.661
0.719,0.353
0.825,-0.136
0.732,0.319
0.708,-0.812
0.551,-2.171
0.515,1.403
0.565,0.814
0.391,1.238
0.536,0.824
0.344,-0.326
0.051,1.679
0.034,0.631
0.081,-0.676
-0.019,0.468
-0.067,-1.001
-0.253,-1.721
-0.292,0.358
-0.344,-1.315
-0.227,1.148
-0.441,0.937
-0.478,0.468
-0.37,1.628
-0.421,-2.245
-0.496,1.26
-0.631,-2.184
-0.666,1.42
-0.671,-2.091
-0.71,0.497
-0.702,1.383
-0.804,-0.503
-0.739,-0.072
-0.779,-0.661
-0.934,-0.904
-1.054,0.692
-1.082,-0.815
-1.153,0.756
-1.458,1.728
-1.455,0.326
-1.456,-1.226
-1.665,-1.202
-1.76,0.909
-1.71,-0.91
-1.755,-1.674
-2.009,-0.729
-2.137,-1.018
-2.081,-0.689
-2.322,-0.207
-2.364,0.654
-2.323,-0.481
-2.406,-1.485
-2.529,-0.02
-2.551,-0.048
-2.844,-1.016
-2.887,-2.002
-3.118,0.554
-3.134,-0.113
3.013,-1.878
3.033,-0.273
2.907,1.506
2.768,0.438
2.628,-2.46
2.033,-2.552
1.325,-2.296
0.393,-2.415
0.191,-2.299
0.143,-2.46
-0.57,-2.467
-2.135,-2.479
3.044,-2.396
2.91,-2.279
3.087,-2.397
2.267,1.935
2.246,2.184
2.256,1.882
1.772,2.117
1.704,1.869
0.848,1.851
0.294,2.066
0.077,1.832
-0.047,2.176
-0.237,1.838
-1.031,2.174
-1.316,1.958
-2.459,2.092
3.007,1.793
2.724,1.491
2.649,-0.383
-1.702,-0.542
-1.883,1.229
-1.895,0.125
-2.798,-0.065
-2.755,-0.205
3.113,0.838
2.332,0.716
0.947,-0.011
2.995,0.735
2.798,0.726
-0.157,1.765
-2.953,1.575
2.61,-2.05
1.209,-2.059
-1.553,1.902
-0.025,3.143
-0.08,-0.144
-0.135,0.329
-0.13,-0.507
-0.4,0.558
-0.406,-0.706
-0.466,-0.667
-0.554,0.054
-0.583,0.649
-0.597,3.238
-0.555,1.634
-0.614,2.226
-0.652,0.506
-0.75,0.097
-0.758,-0.058
-0.74,2.602
-0.757,-0.436
-0.871,0.105
-0.807,-0.804
-0.944,1.978
-1.008,2.898
-1.085,0.485
-1.251,-0.6
-1.283,1.216
-1.375,3.2
-1.372,1.382
-1.44,-0.255
-1.467,0.577
-1.456,1.374
-1.524,1.894
-1.568,0.706
-1.704,1.883
-1.754,2.72
-2.085,-0.211
-2.219,1.802
-2.24,0.177
-2.188,2.169
-2.225,1.092
-2.237,-0.439
-2.428,2.287
-2.472,1.414
-2.39,2.853
-2.497,-0.245
-2.534,2.796
-2.494,1.146
-2.516,2.695
-2.62,1.235
-2.696,0.874
-2.718,0.814
-2.763,0.057
-2.96,-0.797
-2.974,0.626
-2.962,0.252
-3.019,-0.005
-3.132,-0.058
-3.105,0.903
3.03,0.439
3.071,1.401
3.035,3.066
3.003,0.24
2.926,2.953
2.914,2.664
2.8,-0.68
2.854,1.992
2.844,2.177
2.852,1.649
2.76,2.158
2.753,3.108
2.726,1.587
2.788,1.488
2.771,0.445
2.766,-0.621
1.958,-1.085
1.906,-0.816
1.768,-1.086
-0.177,-1.05
-1.102,-0.899
-1.181,-1.073
-1.257,-0.91
-2.961,-1.027
-3.034,-0.733
2.239,3.49
1.963,3.288
1.344,3.356
0.201,3.402
0.124,3.66
-0.082,3.551
-0.368,3.401
-0.603,3.708
-0.713,3.606
-1.106,3.384
-1.742,3.755
-1.811,3.707
-2.502,3.458
-2.625,3.76
-3.065,3.491
-2.994,3.38
2.027,-0.027
0.678,1.437
-0.107,3.082
-0.149,0.788
-0.294,0.215
-0.624,0.314
-0.957,3.017
-2.577,-0.78
2.12,-1.013
-2.993,-0.914
2.371,3.363
2.741,-0.262
2.519,-0.603
2.508,1.457
2.453,1.032
2.47,1.976
2.219,1.202
2.384,1.385
2.23,1.258
2.16,1.774
2.237,1.634
2.18,1.961
2.006,-0.512
1.958,0.774
1.878,1.062
1.681,1.338
1.805,1.336
1.601,0.355
1.481,-0.315
1.4,2.029
1.356,0.743
1.362,-0.035
1.443,3.053
1.417,-0.506
1.249,-0.106
1.105,1.54
1.095,0.676
1.064,3.048
1.024,0.978
1.055,0.818
0.914,-0.562
0.86,0.807
0.702,1.821
0.808,1.332
0.715,1.787
0.691,0.656
0.534,-0.703
0.498,2.871
0.548,2.282
0.374,2.706
0.519,2.292
0.327,1.142
0.034,3.147
0.017,2.099
0.064,0.792
-0.036,1.936
-0.084,0.467
-0.27,-0.253
-0.309,1.826
-0.361,0.153
-0.244,2.616
-0.458,2.405
-0.495,1.936
-0.387,3.096
-0.438,-0.777
-0.513,2.728
-0.648,-0.716
-0.683,2.888
-0.688,-0.623
-0.727,1.965
-0.719,2.851
-0.821,0.965
-0.756,1.396
-0.796,0.807
-0.951,0.564
-1.071,2.16
-1.099,0.653
-1.17,2.224
-1.475,3.196
-1.472,1.794
-1.473,0.242
-1.682,0.266
-1.777,2.377
-1.727,0.558
-1.772,-0.206
-2.026,0.739
-2.154,0.45
-2.098,0.779
-2.339,1.261
-2.381,2.122
-2.34,0.987
-2.423,-0.017
-2.546,1.448
-2.568,1.42
-2.861,0.452
-2.904,-0.534
-3.135,2.022
3.132,1.355
2.996,-0.41
3.016,1.195
2.89,2.974
2.751,1.906
2.611,-0.992
2.016,-1.084
1.308,-0.828
0.376,-0.947
0.174,-0.831
0.126,-0.992
-0.587,-0.999
-2.152,-1.011
3.027,-0.928
2.893,-0.811
3.07,-0.929
2.25,3.403
2.229,3.652
2.239,3.35
1.755,3.585
1.687,3.337
0.831,3.319
0.277,3.534
0.06,3.3
-0.064,3.644
-0.254,3.306
-1.048,3.642
-1.333,3.426
-2.476,3.56
2.99,3.261
2.707,2.959
2.632,1.085
-1.719,0.926
-1.9,2.697
-1.912,1.593
-2.815,1.403
-2.772,1.263
3.096,2.306
2.315,2.184
0.93,1.457
2.978,2.203
2.781,2.194
-0.174,3.233
-2.97,3.043
2.593,-0.582
1.192,-0.591
-1.57,3.37
-0.055,-3.287
-0.11,-2.814
-0.105,-3.65
-0.375,-2.585
-0.381,-3.849
-0.441,-3.81
-0.529,-3.089
-0.558,-2.494
-0.572,0.095
-0.53,-1.509
-0.589,-0.917
-0.627,-2.637
-0.725,-3.046
-0.733,-3.201
-0.715,-0.541
-0.732,-3.579
-0.846,-3.038
-0.782,-3.947
-0.919,-1.165
-0.983,-0.245
-1.06,-2.658
-1.226,-3.743
-1.258,-1.927
-1.35,0.057
-1.347,-1.761
-1.415,-3.398
-1.442,-2.566
-1.431,-1.769
-1.499,-1.249
-1.543,-2.437
-1.679,-1.26
-1.729,-0.423
-2.06,-3.354
-2.194,-1.341
-2.215,-2.966
-2.163,-0.974
-2.2,-2.051
-2.212,-3.582
-2.403,-0.856
-2.447,-1.729
-2.365,-0.29
-2.472,-3.388
-2.509,-0.347
-2.469,-1.997
-2.491,-0.448
-2.595,-1.908
-2.671,-2.269
-2.693,-2.329
-2.738,-3.086
-2.935,-3.94
-2.949,-2.517
-2.937,-2.891
-2.994,-3.148
-3.107,-3.201
-3.08,-2.24
3.055,-2.704
3.096,-1.742
3.06,-0.077
3.028,-2.903
2.951,-0.19
2.939,-0.479
2.825,-3.823
2.879,-1.151
2.869,-0.966
2.877,-1.494
2.785,-0.985
2.778,-0.035
2.751,-1.556
2.813,-1.655
2.796,-2.698
2.791,-3.764
1.983,-4.228
1.931,-3.959
1.793,-4.229
-0.152,-4.193
-1.077,-4.042
-1.156,-4.216
-1.232,-4.053
-2.936,-4.17
-3.009,-3.876
2.264,0.347
1.988,0.145
1.369,0.213
0.226,0.259
0.149,0.517
-0.057,0.408
-0.343,0.258
-0.578,0.565
-0.688,0.463
-1.081,0.241
-1.717,0.612
-1.786,0.564
-2.477,0.315
-2.6,0.617
-3.04,0.348
-2.969,0.237
2.052,-3.17
0.703,-1.706
-0.082,-0.061
-0.124,-2.355
-0.269,-2.928
-0.599,-2.829
-0.932,-0.126
-2.552,-3.923
2.145,-4.156
-2.968,-4.057
2.396,0.22
2.766,-3.405
2.544,-3.746
2.533,-1.686
2.478,-2.111
2.495,-1.167
2.244,-1.941
2.409,-1.758
2.255,-1.885
2.185,-1.369
2.262,-1.509
2.205,-1.182
2.031,-3.655
1.983,-2.369
1.903,-2.081
1.706,-1.805
1.83,-1.807
1.626,-2.788
1.506,-3.458
1.425,-1.114
1.381,-2.4
1.387,-3.178
1.468,-0.09
1.442,-3.649
1.274,-3.249
1.13,-1.603
1.12,-2.467
1.089,-0.095
1.049,-2.165
1.08,-2.325
0.939,-3.705
0.885,-2.336
0.727,-1.322
0.833,-1.811
0.74,-1.356
0.716,-2.487
0.559,-3.846
0.523,-0.272
0.573,-0.861
0.399,-0.437
0.544,-0.851
0.352,-2.001
0.059,0.004
0.042,-1.044
0.089,-2.351
-0.011,-1.207
-0.059,-2.676
-0.245,-3.396
-0.284,-1.317
-0.336,-2.99
-0.219,-0.527
-0.433,-0.738
-0.47,-1.207
-0.362,-0.047
-0.413,-3.92
-0.488,-0.415
-0.623,-3.859
-0.658,-0.255
-0.663,-3.766
-0.702,-1.178
-0.694,-0.292
-0.796,-2.178
-0.731,-1.747
-0.771,-2.336
-0.926,-2.579
-1.046,-0.983
-1.074,-2.49
-1.145,-0.919
-1.45,0.053
-1.447,-1.349
-1.448,-2.901
-1.657,-2.877
-1.752,-0.766
-1.702,-2.585
-1.747,-3.349
-2.001,-2.404
-2.129,-2.693
-2.073,-2.364
-2.314,-1.882
-2.356,-1.021
-2.315,-2.156
-2.398,-3.16
-2.521,-1.695
-2.543,-1.723
-2.836,-2.691
-2.879,-3.677
-3.11,-1.121
-3.126,-1.788
3.021,-3.553
3.041,-1.948
2.915,-0.169
2.776,-1.237
2.636,-4.135
2.041,-4.227
1.333,-3.971
0.401,-4.09
0.199,-3.974
0.151,-4.135
-0.562,-4.142
-2.127,-4.154
3.052,-4.071
2.918,-3.954
3.095,-4.072
2.275,0.26
2.254,0.509
2.264,0.207
1.78,0.442
1.712,0.194
0.856,0.176
0.302,0.391
0.085,0.157
-0.039,0.501
-0.229,0.163
-1.023,0.499
-1.308,0.283
-2.451,0.417
3.015,0.118
2.732,-0.184
2.657,-2.058
-1.694,-2.217
-1.875,-0.446
-1.887,-1.55
-2.79,-1.74
-2.747,-1.88
3.121,-0.837
2.34,-0.959
0.955,-1.686
3.003,-0.94
2.806,-0.949
-0.149,0.09
-2.945,-0.1
2.618,-3.725
1.217,-3.734
-1.545,0.227
-0.055,0.473
-0.05,-0.363
-0.32,0.702
-0.326,-0.562
-0.386,-0.523
-0.474,0.198
-0.503,0.793
-0.517,3.382
-0.475,1.778
-0.534,2.37
-0.572,0.65
-0.67,0.241
-0.678,0.086
-0.66,2.746
-0.677,-0.292
-0.791,0.249
-0.727,-0.66
-0.864,2.122
-0.928,3.042
-1.005,0.629
-1.171,-0.456
-1.203,1.36
-1.295,3.344
-1.292,1.526
-1.36,-0.111
-1.387,0.721
-1.376,1.518
-1.444,2.038
-1.488,0.85
-1.624,2.027
-1.674,2.864
-2.005,-0.067
-2.139,1.946
-2.16,0.321
-2.108,2.313
-2.145,1.236
-2.157,-0.295
-2.348,2.431
-2.392,1.558
-2.31,2.997
-2.417,-0.101
-2.454,2.94
-2.414,1.29
-2.436,2.839
-2.54,1.379
-2.616,1.018
-2.638,0.958
-2.683,0.201
-2.88,-0.653
-2.894,0.77
-2.882,0.396
-2.939,0.139
-3.052,0.086
-3.025,1.047
3.11,0.583
-3.132,1.545
3.115,3.21
3.083,0.384
3.006,3.097
2.994,2.808
2.88,-0.536
2.934,2.136
2.924,2.321
2.932,1.793
2.84,2.302
2.833,3.252
2.806,1.731
2.868,1.632
2.851,0.589
2.846,-0.477
2.038,-0.941
1.986,-0.672
1.848,-0.942
-0.097,-0.906
-1.022,-0.755
-1.101,-0.929
-1.177,-0.766
-2.881,-0.883
-2.954,-0.589
2.319,3.634
2.043,3.432
1.424,3.5
0.281,3.546
0.204,3.804
-0.002,3.695
-0.288,3.545
-0.523,3.852
-0.633,3.75
-1.026,3.528
-1.662,3.899
-1.731,3.851
-2.422,3.602
-2.545,3.904
-2.985,3.635
-2.914,3.524
2.107,0.117
0.758,1.581
-0.027,3.226
-0.069,0.932
-0.214,0.359
-0.544,0.458
-0.877,3.161
-2.497,-0.636
2.2,-0.869
-2.913,-0.77
2.451,3.507
2.821,-0.118
2.599,-0.459
2.588,1.601
2.533,1.176
2.55,2.12
2.299,1.346
2.464,1.529
2.31,1.402
2.24,1.918
2.317,1.778
2.26,2.105
2.086,-0.368
2.038,0.918
1.958,1.206
1.761,1.482
1.885,1.48
1.681,0.499
1.561,-0.171
1.48,2.173
1.436,0.887
1.442,0.109
1.523,3.197
1.497,-0.362
1.329,0.038
1.185,1.684
1.175,0.82
1.144,3.192
1.104,1.122
1.135,0.962
0.994,-0.418
0.94,0.951
0.782,1.965
0.888,1.476
0.795,1.931
0.771,0.8
0.614,-0.559
0.578,3.015
0.628,2.426
0.454,2.85
0.599,2.436
0.407,1.286
0.114,3.291
0.097,2.243
0.144,0.936
0.044,2.08
-0.004,0.611
-0.19,-0.109
-0.229,1.97
-0.281,0.297
-0.164,2.76
-0.378,2.549
-0.415,2.08
-0.307,3.24
-0.358,-0.633
-0.433,2.872
-0.568,-0.572
-0.603,3.032
-0.608,-0.479
-0.647,2.109
-0.639,2.995
-0.741,1.109
-0.676,1.54
-0.716,0.951
-0.871,0.708
-0.991,2.304
-1.019,0.797
-1.09,2.368
-1.395,3.34
-1.392,1.938
-1.393,0.386
-1.602,0.41
-1.697,2.521
-1.647,0.702
-1.692,-0.062
-1.946,0.883
-2.074,0.594
-2.018,0.923
-2.259,1.405
-2.301,2.266
-2.26,1.131
-2.343,0.127
-2.466,1.592
-2.488,1.564
-2.781,0.596
-2.824,-0.39
-3.055,2.166
-3.071,1.499
3.076,-0.266
3.096,1.339
2.97,3.118
2.831,2.05
2.691,-0.848
2.096,-0.94
1.388,-0.684
0.456,-0.803
0.254,-0.687
0.206,-0.848
-0.507,-0.855
-2.072,-0.867
3.107,-0.784
2.973,-0.667
-3.133,-0.785
2.33,3.547
2.309,3.796
2.319,3.494
1.835,3.729
1.767,3.481
0.911,3.463
0.357,3.678
0.14,3.444
0.016,3.788
-0.174,3.45
-0.968,3.786
-1.253,3.57
-2.396,3.704
3.07,3.405
2.787,3.103
2.712,1.229
-1.639,1.07
-1.82,2.841
-1.832,1.737
-2.735,1.547
-2.692,1.407
-3.107,2.45
2.395,2.328
1.01,1.601
3.058,2.347
2.861,2.338
-0.094,3.377
-2.89,3.187
2.673,-0.438
1.272,-0.447
-1.49,3.514
0.005,-0.836
-0.265,0.229
-0.271,-1.035
-0.331,-0.996
-0.419,-0.275
-0.448,0.32
-0.462,2.909
-0.42,1.305
-0.479,1.897
-0.517,0.177
-0.615,-0.232
-0.623,-0.387
-0.605,2.273
-0.622,-0.765
-0.736,-0.224
-0.672,-1.133
-0.809,1.649
-0.873,2.569
-0.95,0.156
-1.116,-0.929
-1.148,0.887
-1.24,2.871
-1.237,1.053
-1.305,-0.584
-1.332,0.248
-1.321,1.045
-1.389,1.565
-1.433,0.377
-1.569,1.554
-1.619,2.391
-1.95,-0.54
-2.084,1.473
-2.105,-0.152
-2.053,1.84
-2.09,0.763
-2.102,-0.768
-2.293,1.958
-2.337,1.085
-2.255,2.524
-2.362,-0.574
-2.399,2.467
-2.359,0.817
-2.381,2.366
-2.485,0.906
-2.561,0.545
-2.583,0.485
-2.628,-0.272
-2.825,-1.126
-2.839,0.297
-2.827,-0.077
-2.884,-0.334
-2.997,-0.387
-2.97,0.574
-3.118,0.11
-3.077,1.072
-3.113,2.737
3.138,-0.089
3.061,2.624
3.049,2.335
2.935,-1.009
2.989,1.663
2.979,1.848
2.987,1.32
2.895,1.829
2.888,2.779
2.861,1.258
2.923,1.159
2.906,0.116
2.901,-0.95
2.093,-1.414
2.041,-1.145
1.903,-1.415
-0.042,-1.379
-0.967,-1.228
-1.046,-1.402
-1.122,-1.239
-2.826,-1.356
-2.899,-1.062
2.374,3.161
2.098,2.959
1.479,3.027
0.336,3.073
0.259,3.331
0.053,3.222
-0.233,3.072
-0.468,3.379
-0.578,3.277
-0.971,3.055
-1.607,3.426
-1.676,3.378
-2.367,3.129
-2.49,3.431
-2.93,3.162
-2.859,3.051
2.162,-0.356
0.813,1.108
0.028,2.753
-0.014,0.459
-0.159,-0.114
-0.489,-0.015
-0.822,2.688
-2.442,-1.109
2.255,-1.342
-2.858,-1.243
2.506,3.034
2.876,-0.591
2.654,-0.932
2.643,1.128
2.588,0.703
2.605,1.647
2.354,0.873
2.519,1.056
2.365,0.929
2.295,1.445
2.372,1.305
2.315,1.632
2.141,-0.841
2.093,0.445
2.013,0.733
1.816,1.009
1.94,1.007
1.736,0.026
1.616,-0.644
1.535,1.7
1.491,0.414
1.497,-0.364
1.578,2.724
1.552,-0.835
1.384,-0.435
1.24,1.211
1.23,0.347
1.199,2.719
1.159,0.649
1.19,0.489
1.049,-0.891
0.995,0.478
0.837,1.492
0.943,1.003
0.85,1.458
0.826,0.327
0.669,-1.032
0.633,2.542
0.683,1.953
0.509,2.377
0.654,1.963
0.462,0.813
0.169,2.818
0.152,1.77
0.199,0.463
0.099,1.607
0.051,0.138
-0.135,-0.582
-0.174,1.497
-0.226,-0.176
-0.109,2.287
-0.323,2.076
-0.36,1.607
-0.252,2.767
-0.303,-1.106
-0.378,2.399
-0.513,-1.045
-0.548,2.559
-0.553,-0.952
-0.592,1.636
-0.584,2.522
-0.686,0.636
-0.621,1.067
-0.661,0.478
-0.816,0.235
-0.936,1.831
-0.964,0.324
-1.035,1.895
-1.34,2.867
-1.337,1.465
-1.338,-0.087
-1.547,-0.063
-1.642,2.048
-1.592,0.229
-1.637,-0.535
-1.891,0.41
-2.019,0.121
-1.963,0.45
-2.204,0.932
-2.246,1.793
-2.205,0.658
-2.288,-0.346
-2.411,1.119
-2.433,1.091
-2.726,0.123
-2.769,-0.863
-3.0,1.693
-3.016,1.026
3.131,-0.739
-3.132,0.866
3.025,2.645
2.886,1.577
2.746,-1.321
2.151,-1.413
1.443,-1.157
0.511,-1.276
0.309,-1.16
0.261,-1.321
-0.452,-1.328
-2.017,-1.34
-3.121,-1.257
3.028,-1.14
-3.078,-1.258
2.385,3.074
2.364,3.323
2.374,3.021
1.89,3.256
1.822,3.008
0.966,2.99
0.412,3.205
0.195,2.971
0.071,3.315
-0.119,2.977
-0.913,3.313
-1.198,3.097
-2.341,3.231
3.125,2.932
2.842,2.63
2.767,0.756
-1.584,0.597
-1.765,2.368
-1.777,1.264
-2.68,1.074
-2.637,0.934
-3.052,1.977
2.45,1.855
1.065,1.128
3.113,1.874
2.916,1.865
-0.039,2.904
-2.835,2.714
2.728,-0.911
1.327,-0.92
-1.435,3.041
-0.27,1.065
-0.276,-0.199
-0.336,-0.16
-0.424,0.561
-0.453,1.156
-0.467,3.745
-0.425,2.141
-0.484,2.733
-0.522,1.013
-0.62,0.604
-0.628,0.449
-0.61,3.109
-0.627,0.071
-0.741,0.612
-0.677,-0.297
-0.814,2.485
-0.878,3.405
-0.955,0.992
-1.121,-0.093
-1.153,1.723
-1.245,3.707
-1.242,1.889
-1.31,0.252
-1.337,1.084
-1.326,1.881
-1.394,2.401
-1.438,1.213
-1.574,2.39
-1.624,3.227
-1.955,0.296
-2.089,2.309
-2.11,0.684
-2.058,2.676
-2.095,1.599
-2.107,0.068
-2.298,2.794
-2.342,1.921
-2.26,3.36
-2.367,0.262
-2.404,3.303
-2.364,1.653
-2.386,3.202
-2.49,1.742
-2.566,1.381
-2.588,1.321
-2.633,0.564
-2.83,-0.29
-2.844,1.133
-2.832,0.759
-2.889,0.502
-3.002,0.449
-2.975,1.41
-3.123,0.946
-3.082,1.908
-3.118,3.573
3.133,0.747
3.056,3.46
3.044,3.171
2.93,-0.173
2.984,2.499
2.974,2.684
2.982,2.156
2.89,2.665
2.883,3.615
2.856,2.094
2.918,1.995
2.901,0.952
2.896,-0.114
2.088,-0.578
2.036,-0.309
1.898,-0.579
-0.047,-0.543
-0.972,-0.392
-1.051,-0.566
-1.127,-0.403
-2.831,-0.52
-2.904,-0.226
2.369,3.997
2.093,3.795
1.474,3.863
0.331,3.909
0.254,4.167
0.048,4.058
-0.238,3.908
-0.473,4.215
-0.583,4.113
-0.976,3.891
-1.612,4.262
-1.681,4.214
-2.372,3.965
-2.495,4.267
-2.935,3.998
-2.864,3.887
2.157,0.48
0.808,1.944
0.023,3.589
-0.019,1.295
-0.164,0.722
-0.494,0.821
-0.827,3.524
-2.447,-0.273
2.25,-0.506
-2.863,-0.407
2.501,3.87
2.871,0.245
2.649,-0.096
2.638,1.964
2.583,1.539
2.6,2.483
2.349,1.709
2.514,1.892
2.36,1.765
2.29,2.281
2.367,2.141
2.31,2.468
2.136,-0.005
2.088,1.281
2.008,1.569
1.811,1.845
1.935,1.843
1.731,0.862
1.611,0.192
1.53,2.536
1.486,1.25
1.492,0.472
1.573,3.56
1.547,0.001
1.379,0.401
1.235,2.047
1.225,1.183
1.194,3.555
1.154,1.485
1.185,1.325
1.044,-0.055
0.99,1.314
0.832,2.328
0.938,1.839
0.845,2.294
0.821,1.163
0.664,-0.196
0.628,3.378
0.678,2.789
0.504,3.213
0.649,2.799
0.457,1.649
0.164,3.654
0.147,2.606
0.194,1.299
0.094,2.443
0.046,0.974
-0.14,0.254
-0.179,2.333
-0.231,0.66
-0.114,3.123
-0.328,2.912
-0.365,2.443
-0.257,3.603
-0.308,-0.27
-0.383,3.235
-0.518,-0.209
-0.553,3.395
-0.558,-0.116
-0.597,2.472
-0.589,3.358
-0.691,1.472
-0.626,1.903
-0.666,1.314
-0.821,1.071
-0.941,2.667
-0.969,1.16
-1.04,2.731
-1.345,3.703
-1.342,2.301
-1.343,0.749
-1.552,0.773
-1.647,2.884
-1.597,1.065
-1.642,0.301
-1.896,1.246
-2.024,0.957
-1.968,1.286
-2.209,1.768
-2.251,2.629
-2.21,1.494
-2.293,0.49
-2.416,1.955
-2.438,1.927
-2.731,0.959
-2.774,-0.027
-3.005,2.529
-3.021,1.862
3.126,0.097
-3.137,1.702
3.02,3.481
2.881,2.413
2.741,-0.485
2.146,-0.577
1.438,-0.321
0.506,-0.44
0.304,-0.324
0.256,-0.485
-0.457,-0.492
-2.022,-0.504
-3.126,-0.421
3.023,-0.304
-3.083,-0.422
2.38,3.91
2.359,4.159
2.369,3.857
1.885,4.092
1.817,3.844
0.961,3.826
0.407,4.041
0.19,3.807
0.066,4.151
-0.124,3.813
-0.918,4.149
-1.203,3.933
-2.346,4.067
3.12,3.768
2.837,3.466
2.762,1.592
-1.589,1.433
-1.77,3.204
-1.782,2.1
-2.685,1.91
-2.642,1.77
-3.057,2.813
2.445,2.691
1.06,1.964
3.108,2.71
2.911,2.701
-0.044,3.74
-2.84,3.55
2.723,-0.075
1.322,-0.084
-1.44,3.877
-0.006,-1.264
-0.066,-1.225
-0.154,-0.504
-0.183,0.091
-0.197,2.68
-0.155,1.076
-0.214,1.668
-0.252,-0.052
-0.35,-0.461
-0.358,-0.616
-0.34,2.044
-0.357,-0.994
-0.471,-0.453
-0.407,-1.362
-0.544,1.42
-0.608,2.34
-0.685,-0.073
-0.851,-1.158
-0.883,0.658
-0.975,2.642
-0.972,0.824
-1.04,-0.813
-1.067,0.019
-1.056,0.816
-1.124,1.336
-1.168,0.148
-1.304,1.325
-1.354,2.162
-1.685,-0.769
-1.819,1.244
-1.84,-0.381
-1.788,1.611
-1.825,0.534
-1.837,-0.997
-2.028,1.729
-2.072,0.856
-1.99,2.295
-2.097,-0.803
-2.134,2.238
-2.094,0.588
-2.116,2.137
-2.22,0.677
-2.296,0.316
-2.318,0.256
-2.363,-0.501
-2.56,-1.355
-2.574,0.068
-2.562,-0.306
-2.619,-0.563
-2.732,-0.616
-2.705,0.345
-2.853,-0.119
-2.812,0.843
-2.848,2.508
-2.88,-0.318
-2.957,2.395
-2.969,2.106
-3.083,-1.238
-3.029,1.434
-3.039,1.619
-3.031,1.091
-3.123,1.6
-3.13,2.55
3.126,1.029
-3.095,0.93
-3.112,-0.113
-3.117,-1.179
2.358,-1.643
2.306,-1.374
2.168,-1.644
0.223,-1.608
-0.702,-1.457
-0.781,-1.631
-0.857,-1.468
-2.561,-1.585
-2.634,-1.291
2.639,2.932
2.363,2.73
1.744,2.798
0.601,2.844
0.524,3.102
0.318,2.993
0.032,2.843
-0.203,3.15
-0.313,3.048
-0.706,2.826
-1.342,3.197
-1.411,3.149
-2.102,2.9
-2.225,3.202
-2.665,2.933
-2.594,2.822
2.427,-0.585
1.078,0.879
0.293,2.524
0.251,0.23
0.106,-0.343
-0.224,-0.244
-0.557,2.459
-2.177,-1.338
2.52,-1.571
-2.593,-1.472
2.771,2.805
3.141,-0.82
2.919,-1.161
2.908,0.899
2.853,0.474
2.87,1.418
2.619,0.644
2.784,0.827
2.63,0.7
2.56,1.216
2.637,1.076
2.58,1.403
2.406,-1.07
2.358,0.216
2.278,0.504
2.081,0.78
2.205,0.778
2.001,-0.203
1.881,-0.873
1.8,1.471
1.756,0.185
1.762,-0.593
1.843,2.495
1.817,-1.064
1.649,-0.664
1.505,0.982
1.495,0.118
1.464,2.49
1.424,0.42
1.455,0.26
1.314,-1.12
1.26,0.249
1.102,1.263
1.208,0.774
1.115,1.229
1.091,0.098
0.934,-1.261
0.898,2.313
0.948,1.724
0.774,2.148
0.919,1.734
0.727,0.584
0.434,2.589
0.417,1.541
0.464,0.234
0.364,1.378
0.316,-0.091
0.13,-0.811
0.091,1.268
0.039,-0.405
0.156,2.058
-0.058,1.847
-0.095,1.378
0.013,2.538
-0.038,-1.335
-0.113,2.17
-0.248,-1.274
-0.283,2.33
-0.288,-1.181
-0.327,1.407
-0.319,2.293
-0.421,0.407
-0.356,0.838
-0.396,0.249
-0.551,0.006
-0.671,1.602
-0.699,0.095
-0.77,1.666
-1.075,2.638
-1.072,1.236
-1.073,-0.316
-1.282,-0.292
-1.377,1.819
-1.327,0.0
-1.372,-0.764
-1.626,0.181
-1.754,-0.108
-1.698,0.221
-1.939,0.703
-1.981,1.564
-1.94,0.429
-2.023,-0.575
-2.146,0.89
-2.168,0.862
-2.461,-0.106
-2.504,-1.092
-2.735,1.464
-2.751,0.797
-2.887,-0.968
-2.867,0.637
-2.993,2.416
-3.132,1.348
3.011,-1.55
2.416,-1.642
1.708,-1.386
0.776,-1.505
0.574,-1.389
0.526,-1.55
-0.187,-1.557
-1.752,-1.569
-2.856,-1.486
-2.99,-1.369
-2.813,-1.487
2.65,2.845
2.629,3.094
2.639,2.792
2.155,3.027
2.087,2.779
1.231,2.761
0.677,2.976
0.46,2.742
0.336,3.086
0.146,2.748
-0.648,3.084
-0.933,2.868
-2.076,3.002
-2.893,2.703
3.107,2.401
3.032,0.527
-1.319,0.368
-1.5,2.139
-1.512,1.035
-2.415,0.845
-2.372,0.705
-2.787,1.748
2.715,1.626
1.33,0.899
-2.905,1.645
-3.102,1.636
0.226,2.675
-2.57,2.485
2.993,-1.14
1.592,-1.149
-1.17,2.812
-0.06,0.039
-0.148,0.76
-0.177,1.355
-0.191,3.944
-0.149,2.34
-0.208,2.932
-0.246,1.212
-0.344,0.803
-0.352,0.648
-0.334,3.308
-0.351,0.27
-0.465,0.811
-0.401,-0.098
-0.538,2.684
-0.602,3.604
-0.679,1.191
-0.845,0.106
-0.877,1.922
-0.969,3.906
-0.966,2.088
-1.034,0.451
-1.061,1.283
-1.05,2.08
-1.118,2.6
-1.162,1.412
-1.298,2.589
-1.348,3.426
-1.679,0.495
-1.813,2.508
-1.834,0.883
-1.782,2.875
-1.819,1.798
-1.831,0.267
-2.022,2.993
-2.066,2.12
-1.984,3.559
-2.091,0.461
-2.128,3.502
-2.088,1.852
-2.11,3.401
-2.214,1.941
-2.29,1.58
-2.312,1.52
-2.357,0.763
-2.554,-0.091
-2.568,1.332
-2.556,0.958
-2.613,0.701
-2.726,0.648
-2.699,1.609
-2.847,1.145
-2.806,2.107
-2.842,3.772
-2.874,0.946
-2.951,3.659
-2.963,3.37
-3.077,0.026
-3.023,2.698
-3.033,2.883
-3.025,2.355
-3.117,2.864
-3.124,3.814
3.132,2.293
-3.089,2.194
-3.106,1.151
-3.111,0.085
2.364,-0.379
2.312,-0.11
2.174,-0.38
0.229,-0.344
-0.696,-0.193
-0.775,-0.367
-0.851,-0.204
-2.555,-0.321
-2.628,-0.027
2.645,4.196
2.369,3.994
1.75,4.062
0.607,4.108
0.53,4.366
0.324,4.257
0.038,4.107
-0.197,4.414
-0.307,4.312
-0.7,4.09
-1.336,4.461
-1.405,4.413
-2.096,4.164
-2.219,4.466
-2.659,4.197
-2.588,4.086
2.433,0.679
1.084,2.143
0.299,3.788
0.257,1.494
0.112,0.921
-0.218,1.02
-0.551,3.723
-2.171,-0.074
2.526,-0.307
-2.587,-0.208
2.777,4.069
-3.136,0.444
2.925,0.103
2.914,2.163
2.859,1.738
2.876,2.682
2.625,1.908
2.79,2.091
2.636,1.964
2.566,2.48
2.643,2.34
2.586,2.667
2.412,0.194
2.364,1.48
2.284,1.768
2.087,2.044
2.211,2.042
2.007,1.061
1.887,0.391
1.806,2.735
1.762,1.449
1.768,0.671
1.849,3.759
1.823,0.2
1.655,0.6
1.511,2.246
1.501,1.382
1.47,3.754
1.43,1.684
1.461,1.524
1.32,0.144
1.266,1.513
1.108,2.527
1.214,2.038
1.121,2.493
1.097,1.362
0.94,0.003
0.904,3.577
0.954,2.988
0.78,3.412
0.925,2.998
0.733,1.848
0.44,3.853
0.423,2.805
0.47,1.498
0.37,2.642
0.322,1.173
0.136,0.453
0.097,2.532
0.045,0.859
0.162,3.322
-0.052,3.111
-0.089,2.642
0.019,3.802
-0.032,-0.071
-0.107,3.434
-0.242,-0.01
-0.277,3.594
-0.282,0.083
-0.321,2.671
-0.313,3.557
-0.415,1.671
-0.35,2.102
-0.39,1.513
-0.545,1.27
-0.665,2.866
-0.693,1.359
-0.764,2.93
-1.069,3.902
-1.066,2.5
-1.067,0.948
-1.276,0.972
-1.371,3.083
-1.321,1.264
-1.366,0.5
-1.62,1.445
-1.748,1.156
-1.692,1.485
-1.933,1.967
-1.975,2.828
-1.934,1.693
-2.017,0.689
-2.14,2.154
-2.162,2.126
-2.455,1.158
-2.498,0.172
-2.729,2.728
-2.745,2.061
-2.881,0.296
-2.861,1.901
-2.987,3.68
-3.126,2.612
3.017,-0.286
2.422,-0.378
1.714,-0.122
0.782,-0.241
0.58,-0.125
0.532,-0.286
-0.181,-0.293
-1.746,-0.305
-2.85,-0.222
-2.984,-0.105
-2.807,-0.223
2.656,4.109
2.635,4.358
2.645,4.056
2.161,4.291
2.093,4.043
1.237,4.025
0.683,4.24
0.466,4.006
0.342,4.35
0.152,4.012
-0.642,4.348
-0.927,4.132
-2.07,4.266
-2.887,3.967
3.113,3.665
3.038,1.791
-1.313,1.632
-1.494,3.403
-1.506,2.299
-2.409,2.109
-2.366,1.969
-2.781,3.012
2.721,2.89
1.336,2.163
-2.899,2.909
-3.096,2.9
0.232,3.939
-2.564,3.749
2.999,0.124
1.598,0.115
-1.164,4.076
-0.088,0.721
-0.117,1.316
-0.131,3.905
-0.089,2.301
-0.148,2.893
-0.186,1.173
-0.284,0.764
-0.292,0.609
-0.274,3.269
-0.291,0.231
-0.405,0.772
-0.341,-0.137
-0.478,2.645
-0.542,3.565
-0.619,1.152
-0.785,0.067
-0.817,1.883
-0.909,3.867
-0.906,2.049
-0.974,0.412
-1.001,1.244
-0.99,2.041
-1.058,2.561
-1.102,1.373
-1.238,2.55
-1.288,3.387
-1.619,0.456
-1.753,2.469
-1.774,0.844
-1.722,2.836
-1.759,1.759
-1.771,0.228
-1.962,2.954
-2.006,2.081
-1.924,3.52
-2.031,0.422
-2.068,3.463
-2.028,1.813
-2.05,3.362
-2.154,1.902
-2.23,1.541
-2.252,1.481
-2.297,0.724
-2.494,-0.13
-2.508,1.293
-2.496,0.919
-2.553,0.662
-2.666,0.609
-2.639,1.57
-2.787,1.106
-2.746,2.068
-2.782,3.733
-2.814,0.907
-2.891,3.62
-2.903,3.331
-3.017,-0.013
-2.963,2.659
-2.973,2.844
-2.965,2.316
-3.057,2.825
-3.064,3.775
-3.091,2.254
-3.029,2.155
-3.046,1.112
-3.051,0.046
2.424,-0.418
2.372,-0.149
2.234,-0.419
0.289,-0.383
-0.636,-0.232
-0.715,-0.406
-0.791,-0.243
-2.495,-0.36
-2.568,-0.066
2.705,4.157
2.429,3.955
1.81,4.023
0.667,4.069
0.59,4.327
0.384,4.218
0.098,4.068
-0.137,4.375
-0.247,4.273
-0.64,4.051
-1.276,4.422
-1.345,4.374
-2.036,4.125
-2.159,4.427
-2.599,4.158
-2.528,4.047
2.493,0.64
1.144,2.104
0.359,3.749
0.317,1.455
0.172,0.882
-0.158,0.981
-0.491,3.684
-2.111,-0.113
2.586,-0.346
-2.527,-0.247
2.837,4.03
-3.076,0.405
2.985,0.064
2.974,2.124
2.919,1.699
2.936,2.643
2.685,1.869
2.85,2.052
2.696,1.925
2.626,2.441
2.703,2.301
2.646,2.628
2.472,0.155
2.424,1.441
2.344,1.729
2.147,2.005
2.271,2.003
2.067,1.022
1.947,0.352
1.866,2.696
1.822,1.41
1.828,0.632
1.909,3.72
1.883,0.161
1.715,0.561
1.571,2.207
1.561,1.343
1.53,3.715
1.49,1.645
1.521,1.485
1.38,0.105
1.326,1.474
1.168,2.488
1.274,1.999
1.181,2.454
1.157,1.323
1.0,-0.036
0.964,3.538
1.014,2.949
0.84,3.373
0.985,2.959
0.793,1.809
0.5,3.814
0.483,2.766
0.53,1.459
0.43,2.603
0.382,1.134
0.196,0.414
0.157,2.493
0.105,0.82
0.222,3.283
0.008,3.072
-0.029,2.603
0.079,3.763
0.028,-0.11
-0.047,3.395
-0.182,-0.049
-0.217,3.555
-0.222,0.044
-0.261,2.632
-0.253,3.518
-0.355,1.632
-0.29,2.063
-0.33,1.474
-0.485,1.231
-0.605,2.827
-0.633,1.32
-0.704,2.891
-1.009,3.863
-1.006,2.461
-1.007,0.909
-1.216,0.933
-1.311,3.044
-1.261,1.225
-1.306,0.461
-1.56,1.406
-1.688,1.117
-1.632,1.446
-1.873,1.928
-1.915,2.789
-1.874,1.654
-1.957,0.65
-2.08,2.115
-2.102,2.087
-2.395,1.119
-2.438,0.133
-2.669,2.689
-2.685,2.022
-2.821,0.257
-2.801,1.862
-2.927,3.641
-3.066,2.573
3.077,-0.325
2.482,-0.417
1.774,-0.161
0.842,-0.28
0.64,-0.164
0.592,-0.325
-0.121,-0.332
-1.686,-0.344
-2.79,-0.261
-2.924,-0.144
-2.747,-0.262
2.716,4.07
2.695,4.319
2.705,4.017
2.221,4.252
2.153,4.004
1.297,3.986
0.743,4.201
0.526,3.967
0.402,4.311
0.212,3.973
-0.582,4.309
-0.867,4.093
-2.01,4.227
-2.827,3.928
-3.11,3.626
3.098,1.752
-1.253,1.593
-1.434,3.364
-1.446,2.26
-2.349,2.07
-2.306,1.93
-2.721,2.973
2.781,2.851
1.396,2.124
-2.839,2.87
-3.036,2.861
0.292,3.9
-2.504,3.71
3.059,0.085
1.658,0.076
-1.104,4.037
-0.029,0.595
-0.043,3.184
-0.001,1.58
-0.06,2.172
-0.098,0.452
-0.196,0.043
-0.204,-0.112
-0.186,2.548
-0.203,-0.49
-0.317,0.051
-0.253,-0.858
-0.39,1.924
-0.454,2.844
-0.531,0.431
-0.697,-0.654
-0.729,1.162
-0.821,3.146
-0.818,1.328
-0.886,-0.309
-0.913,0.523
-0.902,1.32
-0.97,1.84
-1.014,0.652
-1.15,1.829
-1.2,2.666
-1.531,-0.265
-1.665,1.748
-1.686,0.123
-1.634,2.115
-1.671,1.038
-1.683,-0.493
-1.874,2.233
-1.918,1.36
-1.836,2.799
-1.943,-0.299
-1.98,2.742
-1.94,1.092
-1.962,2.641
-2.066,1.181
-2.142,0.82
-2.164,0.76
-2.209,0.003
-2.406,-0.851
-2.42,0.572
-2.408,0.198
-2.465,-0.059
-2.578,-0.112
-2.551,0.849
-2.699,0.385
-2.658,1.347
-2.694,3.012
-2.726,0.186
-2.803,2.899
-2.815,2.61
-2.929,-0.734
-2.875,1.938
-2.885,2.123
-2.877,1.595
-2.969,2.104
-2.976,3.054
-3.003,1.533
-2.941,1.434
-2.958,0.391
-2.963,-0.675
2.512,-1.139
2.46,-0.87
2.322,-1.14
0.377,-1.104
-0.548,-0.953
-0.627,-1.127
-0.703,-0.964
-2.407,-1.081
-2.48,-0.787
2.793,3.436
2.517,3.234
1.898,3.302
0.755,3.348
0.678,3.606
0.472,3.497
0.186,3.347
-0.049,3.654
-0.159,3.552
-0.552,3.33
-1.188,3.701
-1.257,3.653
-1.948,3.404
-2.071,3.706
-2.511,3.437
-2.44,3.326
2.581,-0.081
1.232,1.383
0.447,3.028
0.405,0.734
0.26,0.161
-0.07,0.26
-0.403,2.963
-2.023,-0.834
2.674,-1.067
-2.439,-0.968
2.925,3.309
-2.988,-0.316
3.073,-0.657
3.062,1.403
3.007,0.978
3.024,1.922
2.773,1.148
2.938,1.331
2.784,1.204
2.714,1.72
2.791,1.58
2.734,1.907
2.56,-0.566
2.512,0.72
2.432,1.008
2.235,1.284
2.359,1.282
2.155,0.301
2.035,-0.369
1.954,1.975
1.91,0.689
1.916,-0.089
1.997,2.999
1.971,-0.56
1.803,-0.16
1.659,1.486
1.649,0.622
1.618,2.994
1.578,0.924
1.609,0.764
1.468,-0.616
1.414,0.753
1.256,1.767
1.362,1.278
1.269,1.733
1.245,0.602
1.088,-0.757
1.052,2.817
1.102,2.228
0.928,2.652
1.073,2.238
0.881,1.088
0.588,3.093
0.571,2.045
0.618,0.738
0.518,1.882
0.47,0.413
0.284,-0.307
0.245,1.772
0.193,0.099
0.31,2.562
0.096,2.351
0.059,1.882
0.167,3.042
0.116,-0.831
0.041,2.674
-0.094,-0.77
-0.129,2.834
-0.134,-0.677
-0.173,1.911
-0.165,2.797
-0.267,0.911
-0.202,1.342
-0.242,0.753
-0.397,0.51
-0.517,2.106
-0.545,0.599
-0.616,2.17
-0.921,3.142
-0.918,1.74
-0.919,0.188
-1.128,0.212
-1.223,2.323
-1.173,0.504
-1.218,-0.26
-1.472,0.685
-1.6,0.396
-1.544,0.725
-1.785,1.207
-1.827,2.068
-1.786,0.933
-1.869,-0.071
-1.992,1.394
-2.014,1.366
-2.307,0.398
-2.35,-0.588
-2.581,1.968
-2.597,1.301
-2.733,-0.464
-2.713,1.141
-2.839,2.92
-2.978,1.852
-3.118,-1.046
2.57,-1.138
1.862,-0.882
0.93,-1.001
0.728,-0.885
0.68,-1.046
-0.033,-1.053
-1.598,-1.065
-2.702,-0.982
-2.836,-0.865
-2.659,-0.983
2.804,3.349
2.783,3.598
2.793,3.296
2.309,3.531
2.241,3.283
1.385,3.265
0.831,3.48
0.614,3.246
0.49,3.59
0.3,3.252
-0.494,3.588
-0.779,3.372
-1.922,3.506
-2.739,3.207
-3.022,2.905
-3.097,1.031
-1.165,0.872
-1.346,2.643
-1.358,1.539
-2.261,1.349
-2.218,1.209
-2.633,2.252
2.869,2.13
1.484,1.403
-2.751,2.149
-2.948,2.14
0.38,3.179
-2.416,2.989
-3.136,-0.636
1.746,-0.645
-1.016,3.316
-0.014,2.589
0.028,0.985
-0.031,1.577
-0.069,-0.143
-0.167,-0.552
-0.175,-0.707
-0.157,1.953
-0.174,-1.085
-0.288,-0.544
-0.224,-1.453
-0.361,1.329
-0.425,2.249
-0.502,-0.164
-0.668,-1.249
-0.7,0.567
-0.792,2.551
-0.789,0.733
-0.857,-0.904
-0.884,-0.072
-0.873,0.725
-0.941,1.245
-0.985,0.057
-1.121,1.234
-1.171,2.071
-1.502,-0.86
-1.636,1.153
-1.657,-0.472
-1.605,1.52
-1.642,0.443
-1.654,-1.088
-1.845,1.638
-1.889,0.765
-1.807,2.204
-1.914,-0.894
-1.951,2.147
-1.911,0.497
-1.933,2.046
-2.037,0.586
-2.113,0.225
-2.135,0.165
-2.18,-0.592
-2.377,-1.446
-2.391,-0.023
-2.379,-0.397
-2.436,-0.654
-2.549,-0.707
-2.522,0.254
-2.67,-0.21
-2.629,0.752
-2.665,2.417
-2.697,-0.409
-2.774,2.304
-2.786,2.015
-2.9,-1.329
-2.846,1.343
-2.856,1.528
-2.848,1.0
-2.94,1.509
-2.947,2.459
-2.974,0.938
-2.912,0.839
-2.929,-0.204
-2.934,-1.27
2.541,-1.734
2.489,-1.465
2.351,-1.735
0.406,-1.699
-0.519,-1.548
-0.598,-1.722
-0.674,-1.559
-2.378,-1.676
-2.451,-1.382
2.822,2.841
2.546,2.639
1.927,2.707
0.784,2.753
0.707,3.011
0.501,2.902
0.215,2.752
-0.02,3.059
-0.13,2.957
-0.523,2.735
-1.159,3.106
-1.228,3.058
-1.919,2.809
-2.042,3.111
-2.482,2.842
-2.411,2.731
2.61,-0.676
1.261,0.788
0.476,2.433
0.434,0.139
0.289,-0.434
-0.041,-0.335
-0.374,2.368
-1.994,-1.429
2.703,-1.662
-2.41,-1.563
2.954,2.714
-2.959,-0.911
3.102,-1.252
3.091,0.808
3.036,0.383
3.053,1.327
2.802,0.553
2.967,0.736
2.813,0.609
2.743,1.125
2.82,0.985
2.763,1.312
2.589,-1.161
2.541,0.125
2.461,0.413
2.264,0.689
2.388,0.687
2.184,-0.294
2.064,-0.964
1.983,1.38
1.939,0.094
1.945,-0.684
2.026,2.404
2.0,-1.155
1.832,-0.755
1.688,0.891
1.678,0.027
1.647,2.399
1.607,0.329
1.638,0.169
1.497,-1.211
1.443,0.158
1.285,1.172
1.391,0.683
1.298,1.138
1.274,0.007
1.117,-1.352
1.081,2.222
1.131,1.633
0.957,2.057
1.102,1.643
0.91,0.493
0.617,2.498
0.6,1.45
0.647,0.143
0.547,1.287
0.499,-0.182
0.313,-0.902
0.274,1.177
0.222,-0.496
0.339,1.967
0.125,1.756
0.088,1.287
0.196,2.447
0.145,-1.426
0.07,2.079
-0.065,-1.365
-0.1,2.239
-0.105,-1.272
-0.144,1.316
-0.136,2.202
-0.238,0.316
-0.173,0.747
-0.213,0.158
-0.368,-0.085
-0.488,1.511
-0.516,0.004
-0.587,1.575
-0.892,2.547
-0.889,1.145
-0.89,-0.407
-1.099,-0.383
-1.194,1.728
-1.144,-0.091
-1.189,-0.855
-1.443,0.09
-1.571,-0.199
-1.515,0.13
-1.756,0.612
-1.798,1.473
-1.757,0.338
-1.84,-0.666
-1.963,0.799
-1.985,0.771
-2.278,-0.197
-2.321,-1.183
-2.552,1.373
-2.568,0.706
-2.704,-1.059
-2.684,0.546
-2.81,2.325
-2.949,1.257
-3.089,-1.641
2.599,-1.733
1.891,-1.477
0.959,-1.596
0.757,-1.48
0.709,-1.641
-0.004,-1.648
-1.569,-1.66
-2.673,-1.577
-2.807,-1.46
-2.63,-1.578
2.833,2.754
2.812,3.003
2.822,2.701
2.338,2.936
2.27,2.688
1.414,2.67
0.86,2.885
0.643,2.651
0.519,2.995
0.329,2.657
-0.465,2.993
-0.75,2.777
-1.893,2.911
-2.71,2.612
-2.993,2.31
-3.068,0.436
-1.136,0.277
-1.317,2.048
-1.329,0.944
-2.232,0.754
-2.189,0.614
-2.604,1.657
2.898,1.535
1.513,0.808
-2.722,1.554
-2.919,1.545
0.409,2.584
-2.387,2.394
-3.107,-1.231
1.775,-1.24
-0.987,2.721
0.042,-1.604
-0.017,-1.012
-0.055,-2.732
-0.153,-3.141
-0.161,-3.296
-0.143,-0.636
-0.16,-3.674
-0.274,-3.133
-0.21,-4.042
-0.347,-1.26
-0.411,-0.34
-0.488,-2.753
-0.654,-3.838
-0.686,-2.022
-0.778,-0.038
-0.775,-1.856
-0.843,-3.493
-0.87,-2.661
-0.859,-1.864
-0.927,-1.344
-0.971,-2.532
-1.107,-1.355
-1.157,-0.518
-1.488,-3.449
-1.622,-1.436
-1.643,-3.061
-1.591,-1.069
-1.628,-2.146
-1.64,-3.677
-1.831,-0.951
-1.875,-1.824
-1.793,-0.385
-1.9,-3.483
-1.937,-0.442
-1.897,-2.092
-1.919,-0.543
-2.023,-2.003
-2.099,-2.364
-2.121,-2.424
-2.166,-3.181
-2.363,-4.035
-2.377,-2.612
-2.365,-2.986
-2.422,-3.243
-2.535,-3.296
-2.508,-2.335
-2.656,-2.799
-2.615,-1.837
-2.651,-0.172
-2.683,-2.998
-2.76,-0.285
-2.772,-0.574
-2.886,-3.918
-2.832,-1.246
-2.842,-1.061
-2.834,-1.589
-2.926,-1.08
-2.933,-0.13
-2.96,-1.651
-2.898,-1.75
-2.915,-2.793
-2.92,-3.859
2.555,-4.323
2.503,-4.054
2.365,-4.324
0.42,-4.288
-0.505,-4.137
-0.584,-4.311
-0.66,-4.148
-2.364,-4.265
-2.437,-3.971
2.836,0.252
2.56,0.05
1.941,0.118
0.798,0.164
0.721,0.422
0.515,0.313
0.229,0.163
-0.006,0.47
-0.116,0.368
-0.509,0.146
-1.145,0.517
-1.214,0.469
-1.905,0.22
-2.028,0.522
-2.468,0.253
-2.397,0.142
2.624,-3.265
1.275,-1.801
0.49,-0.156
0.448,-2.45
0.303,-3.023
-0.027,-2.924
-0.36,-0.221
-1.98,-4.018
2.717,-4.251
-2.396,-4.152
2.968,0.125
-2.945,-3.5
3.116,-3.841
3.105,-1.781
3.05,-2.206
3.067,-1.262
2.816,-2.036
2.981,-1.853
2.827,-1.98
2.757,-1.464
2.834,-1.604
2.777,-1.277
2.603,-3.75
2.555,-2.464
2.475,-2.176
2.278,-1.9
2.402,-1.902
2.198,-2.883
2.078,-3.553
1.997,-1.209
1.953,-2.495
1.959,-3.273
2.04,-0.185
2.014,-3.744
1.846,-3.344
1.702,-1.698
1.692,-2.562
1.661,-0.19
1.621,-2.26
1.652,-2.42
1.511,-3.8
1.457,-2.431
1.299,-1.417
1.405,-1.906
1.312,-1.451
1.288,-2.582
1.131,-3.941
1.095,-0.367
1.145,-0.956
0.971,-0.532
1.116,-0.946
0.924,-2.096
0.631,-0.091
0.614,-1.139
0.661,-2.446
0.561,-1.302
0.513,-2.771
0.327,-3.491
0.288,-1.412
0.236,-3.085
0.353,-0.622
0.139,-0.833
0.102,-1.302
0.21,-0.142
0.159,-4.015
0.084,-0.51
-0.051,-3.954
-0.086,-0.35
-0.091,-3.861
-0.13,-1.273
-0.122,-0.387
-0.224,-2.273
-0.159,-1.842
-0.199,-2.431
-0.354,-2.674
-0.474,-1.078
-0.502,-2.585
-0.573,-1.014
-0.878,-0.042
-0.875,-1.444
-0.876,-2.996
-1.085,-2.972
-1.18,-0.861
-1.13,-2.68
-1.175,-3.444
-1.429,-2.499
-1.557,-2.788
-1.501,-2.459
-1.742,-1.977
-1.784,-1.116
-1.743,-2.251
-1.826,-3.255
-1.949,-1.79
-1.971,-1.818
-2.264,-2.786
-2.307,-3.772
-2.538,-1.216
-2.554,-1.883
-2.69,-3.648
-2.67,-2.043
-2.796,-0.264
-2.935,-1.332
-3.075,-4.23
2.613,-4.322
1.905,-4.066
0.973,-4.185
0.771,-4.069
0.723,-4.23
0.01,-4.237
-1.555,-4.249
-2.659,-4.166
-2.793,-4.049
-2.616,-4.167
2.847,0.165
2.826,0.414
2.836,0.112
2.352,0.347
2.284,0.099
1.428,0.081
0.874,0.296
0.657,0.062
0.533,0.406
0.343,0.068
-0.451,0.404
-0.736,0.188
-1.879,0.322
-2.696,0.023
-2.979,-0.279
-3.054,-2.153
-1.122,-2.312
-1.303,-0.541
-1.315,-1.645
-2.218,-1.835
-2.175,-1.975
-2.59,-0.932
2.912,-1.054
1.527,-1.781
-2.708,-1.035
-2.905,-1.044
0.423,-0.005
-2.373,-0.195
-3.093,-3.82
1.789,-3.829
-0.973,0.132
-0.059,0.592
-0.097,-1.128
-0.195,-1.537
-0.203,-1.692
-0.185,0.968
-0.202,-2.07
-0.316,-1.529
-0.252,-2.438
-0.389,0.344
-0.453,1.264
-0.53,-1.149
-0.696,-2.234
-0.728,-0.418
-0.82,1.566
-0.817,-0.252
-0.885,-1.889
-0.912,-1.057
-0.901,-0.26
-0.969,0.26
-1.013,-0.928
-1.149,0.249
-1.199,1.086
-1.53,-1.845
-1.664,0.168
-1.685,-1.457
-1.633,0.535
-1.67,-0.542
-1.682,-2.073
-1.873,0.653
-1.917,-0.22
-1.835,1.219
-1.942,-1.879
-1.979,1.162
-1.939,-0.488
-1.961,1.061
-2.065,-0.399
-2.141,-0.76
-2.163,-0.82
-2.208,-1.577
-2.405,-2.431
-2.419,-1.008
-2.407,-1.382
-2.464,-1.639
-2.577,-1.692
-2.55,-0.731
-2.698,-1.195
-2.657,-0.233
-2.693,1.432
-2.725,-1.394
-2.802,1.319
-2.814,1.03
-2.928,-2.314
-2.874,0.358
-2.884,0.543
-2.876,0.015
-2.968,0.524
-2.975,1.474
-3.002,-0.047
-2.94,-0.146
-2.957,-1.189
-2.962,-2.255
2.513,-2.719
2.461,-2.45
2.323,-2.72
0.378,-2.684
-0.547,-2.533
-0.626,-2.707
-0.702,-2.544
-2.406,-2.661
-2.479,-2.367
2.794,1.856
2.518,1.654
1.899,1.722
0.756,1.768
0.679,2.026
0.473,1.917
0.187,1.767
-0.048,2.074
-0.158,1.972
-0.551,1.75
-1.187,2.121
-1.256,2.073
-1.947,1.824
-2.07,2.126
-2.51,1.857
-2.439,1.746
2.582,-1.661
1.233,-0.197
0.448,1.448
0.406,-0.846
0.261,-1.419
-0.069,-1.32
-0.402,1.383
-2.022,-2.414
2.675,-2.647
-2.438,-2.548
2.926,1.729
-2.987,-1.896
3.074,-2.237
3.063,-0.177
3.008,-0.602
3.025,0.342
2.774,-0.432
2.939,-0.249
2.785,-0.376
2.715,0.14
2.792,0.0
2.735,0.327
2.561,-2.146
2.513,-0.86
2.433,-0.572
2.236,-0.296
2.36,-0.298
2.156,-1.279
2.036,-1.949
1.955,0.395
1.911,-0.891
1.917,-1.669
1.998,1.419
1.972,-2.14
1.804,-1.74
1.66,-0.094
1.65,-0.958
1.619,1.414
1.579,-0.656
1.61,-0.816
1.469,-2.196
1.415,-0.827
1.257,0.187
1.363,-0.302
1.27,0.153
1.246,-0.978
1.089,-2.337
1.053,1.237
1.103,0.648
0.929,1.072
1.074,0.658
0.882,-0.492
0.589,1.513
0.572,0.465
0.619,-0.842
0.519,0.302
0.471,-1.167
0.285,-1.887
0.246,0.192
0.194,-1.481
0.311,0.982
0.097,0.771
0.06,0.302
0.168,1.462
0.117,-2.411
0.042,1.094
-0.093,-2.35
-0.128,1.254
-0.133,-2.257
-0.172,0.331
-0.164,1.217
-0.266,-0.669
-0.201,-0.238
-0.241,-0.827
-0.396,-1.07
-0.516,0.526
-0.544,-0.981
-0.615,0.59
-0.92,1.562
-0.917,0.16
-0.918,-1.392
-1.127,-1.368
-1.222,0.743
-1.172,-1.076
-1.217,-1.84
-1.471,-0.895
-1.599,-1.184
-1.543,-0.855
-1.784,-0.373
-1.826,0.488
-1.785,-0.647
-1.868,-1.651
-1.991,-0.186
-2.013,-0.214
-2.306,-1.182
-2.349,-2.168
-2.58,0.388
-2.596,-0.279
-2.732,-2.044
-2.712,-0.439
-2.838,1.34
-2.977,0.272
-3.117,-2.626
2.571,-2.718
1.863,-2.462
0.931,-2.581
0.729,-2.465
0.681,-2.626
-0.032,-2.633
-1.597,-2.645
-2.701,-2.562
-2.835,-2.445
-2.658,-2.563
2.805,1.769
2.784,2.018
2.794,1.716
2.31,1.951
2.242,1.703
1.386,1.685
0.832,1.9
0.615,1.666
0.491,2.01
0.301,1.672
-0.493,2.008
-0.778,1.792
-1.921,1.926
-2.738,1.627
-3.021,1.325
-3.096,-0.549
-1.164,-0.708
-1.345,1.063
-1.357,-0.041
-2.26,-0.231
-2.217,-0.371
-2.632,0.672
2.87,0.55
1.485,-0.177
-2.75,0.569
-2.947,0.56
0.381,1.599
-2.415,1.409
-3.135,-2.216
1.747,-2.225
-1.015,1.736
-0.038,-1.72
-0.136,-2.129
-0.144,-2.284
-0.126,0.376
-0.143,-2.662
-0.257,-2.121
-0.193,-3.03
-0.33,-0.248
-0.394,0.672
-0.471,-1.741
-0.637,-2.826
-0.669,-1.01
-0.761,0.974
-0.758,-0.844
-0.826,-2.481
-0.853,-1.649
-0.842,-0.852
-0.91,-0.332
-0.954,-1.52
-1.09,-0.343
-1.14,0.494
-1.471,-2.437
-1.605,-0.424
-1.626,-2.049
-1.574,-0.057
-1.611,-1.134
-1.623,-2.665
-1.814,0.061
-1.858,-0.812
-1.776,0.627
-1.883,-2.471
-1.92,0.57
-1.88,-1.08
-1.902,0.469
-2.006,-0.991
-2.082,-1.352
-2.104,-1.412
-2.149,-2.169
-2.346,-3.023
-2.36,-1.6
-2.348,-1.974
-2.405,-2.231
-2.518,-2.284
-2.491,-1.323
-2.639,-1.787
-2.598,-0.825
-2.634,0.84
-2.666,-1.986
-2.743,0.727
-2.755,0.438
-2.869,-2.906
-2.815,-0.234
-2.825,-0.049
-2.817,-0.577
-2.909,-0.068
-2.916,0.882
-2.943,-0.639
-2.881,-0.738
-2.898,-1.781
-2.903,-2.847
2.572,-3.311
2.52,-3.042
2.382,-3.312
0.437,-3.276
-0.488,-3.125
-0.567,-3.299
-0.643,-3.136
-2.347,-3.253
-2.42,-2.959
2.853,1.264
2.577,1.062
1.958,1.13
0.815,1.176
0.738,1.434
0.532,1.325
0.246,1.175
0.011,1.482
-0.099,1.38
-0.492,1.158
-1.128,1.529
-1.197,1.481
-1.888,1.232
-2.011,1.534
-2.451,1.265
-2.38,1.154
2.641,-2.253
1.292,-0.789
0.507,0.856
0.465,-1.438
0.32,-2.011
-0.01,-1.912
-0.343,0.791
-1.963,-3.006
2.734,-3.239
-2.379,-3.14
2.985,1.137
-2.928,-2.488
3.133,-2.829
3.122,-0.769
3.067,-1.194
3.084,-0.25
2.833,-1.024
2.998,-0.841
2.844,-0.968
2.774,-0.452
2.851,-0.592
2.794,-0.265
2.62,-2.738
2.572,-1.452
2.492,-1.164
2.295,-0.888
2.419,-0.89
2.215,-1.871
2.095,-2.541
2.014,-0.197
1.97,-1.483
1.976,-2.261
2.057,0.827
2.031,-2.732
1.863,-2.332
1.719,-0.686
1.709,-1.55
1.678,0.822
1.638,-1.248
1.669,-1.408
1.528,-2.788
1.474,-1.419
1.316,-0.405
1.422,-0.894
1.329,-0.439
1.305,-1.57
1.148,-2.929
1.112,0.645
1.162,0.056
0.988,0.48
1.133,0.066
0.941,-1.084
0.648,0.921
0.631,-0.127
0.678,-1.434
0.578,-0.29
0.53,-1.759
0.344,-2.479
0.305,-0.4
0.253,-2.073
0.37,0.39
0.156,0.179
0.119,-0.29
0.227,0.87
0.176,-3.003
0.101,0.502
-0.034,-2.942
-0.069,0.662
-0.074,-2.849
-0.113,-0.261
-0.105,0.625
-0.207,-1.261
-0.142,-0.83
-0.182,-1.419
-0.337,-1.662
-0.457,-0.066
-0.485,-1.573
-0.556,-0.002
-0.861,0.97
-0.858,-0.432
-0.859,-1.984
-1.068,-1.96
-1.163,0.151
-1.113,-1.668
-1.158,-2.432
-1.412,-1.487
-1.54,-1.776
-1.484,-1.447
-1.725,-0.965
-1.767,-0.104
-1.726,-1.239
-1.809,-2.243
-1.932,-0.778
-1.954,-0.806
-2.247,-1.774
-2.29,-2.76
-2.521,-0.204
-2.537,-0.871
-2.673,-2.636
-2.653,-1.031
-2.779,0.748
-2.918,-0.32
-3.058,-3.218
2.63,-3.31
1.922,-3.054
0.99,-3.173
0.788,-3.057
0.74,-3.218
0.027,-3.225
-1.538,-3.237
-2.642,-3.154
-2.776,-3.037
-2.599,-3.155
2.864,1.177
2.843,1.426
2.853,1.124
2.369,1.359
2.301,1.111
1.445,1.093
0.891,1.308
0.674,1.074
0.55,1.418
0.36,1.08
-0.434,1.416
-0.719,1.2
-1.862,1.334
-2.679,1.035
-2.962,0.733
-3.037,-1.141
-1.105,-1.3
-1.286,0.471
-1.298,-0.633
-2.201,-0.823
-2.158,-0.963
-2.573,0.08
2.929,-0.042
1.544,-0.769
-2.691,-0.023
-2.888,-0.032
0.44,1.007
-2.356,0.817
-3.076,-2.808
1.806,-2.817
-0.956,1.144
-0.098,-0.409
-0.106,-0.564
-0.088,2.096
-0.105,-0.942
-0.219,-0.401
-0.155,-1.31
-0.292,1.472
-0.356,2.392
-0.433,-0.021
-0.599,-1.106
-0.631,0.71
-0.723,2.694
-0.72,0.876
-0.788,-0.761
-0.815,0.071
-0.804,0.868
-0.872,1.388
-0.916,0.2
-1.052,1.377
-1.102,2.214
-1.433,-0.717
-1.567,1.296
-1.588,-0.329
-1.536,1.663
-1.573,0.586
-1.585,-0.945
-1.776,1.781
-1.82,0.908
-1.738,2.347
-1.845,-0.751
-1.882,2.29
-1.842,0.64
-1.864,2.189
-1.968,0.729
-2.044,0.368
-2.066,0.308
-2.111,-0.449
-2.308,-1.303
-2.322,0.12
-2.31,-0.254
-2.367,-0.511
-2.48,-0.564
-2.453,0.397
-2.601,-0.067
-2.56,0.895
-2.596,2.56
-2.628,-0.266
-2.705,2.447
-2.717,2.158
-2.831,-1.186
-2.777,1.486
-2.787,1.671
-2.779,1.143
-2.871,1.652
-2.878,2.602
-2.905,1.081
-2.843,0.982
-2.86,-0.061
-2.865,-1.127
2.61,-1.591
2.558,-1.322
2.42,-1.592
0.475,-1.556
-0.45,-1.405
-0.529,-1.579
-0.605,-1.416
-2.309,-1.533
-2.382,-1.239
2.891,2.984
2.615,2.782
1.996,2.85
0.853,2.896
0.776,3.154
0.57,3.045
0.284,2.895
0.049,3.202
-0.061,3.1
-0.454,2.878
-1.09,3.249
-1.159,3.201
-1.85,2.952
-1.973,3.254
-2.413,2.985
-2.342,2.874
2.679,-0.533
1.33,0.931
0.545,2.576
0.503,0.282
0.358,-0.291
0.028,-0.192
-0.305,2.511
-1.925,-1.286
2.772,-1.519
-2.341,-1.42
3.023,2.857
-2.89,-0.768
-3.112,-1.109
-3.123,0.951
3.105,0.526
3.122,1.47
2.871,0.696
3.036,0.879
2.882,0.752
2.812,1.268
2.889,1.128
2.832,1.455
2.658,-1.018
2.61,0.268
2.53,0.556
2.333,0.832
2.457,0.83
2.253,-0.151
2.133,-0.821
2.052,1.523
2.008,0.237
2.014,-0.541
2.095,2.547
2.069,-1.012
1.901,-0.612
1.757,1.034
1.747,0.17
1.716,2.542
1.676,0.472
1.707,0.312
1.566,-1.068
1.512,0.301
1.354,1.315
1.46,0.826
1.367,1.281
1.343,0.15
1.186,-1.209
1.15,2.365
1.2,1.776
1.026,2.2
1.171,1.786
0.979,0.636
0.686,2.641
0.669,1.593
0.716,0.286
0.616,1.43
0.568,-0.039
0.382,-0.759
0.343,1.32
0.291,-0.353
0.408,2.11
0.194,1.899
0.157,1.43
0.265,2.59
0.214,-1.283
0.139,2.222
0.004,-1.222
-0.031,2.382
-0.036,-1.129
-0.075,1.459
-0.067,2.345
-0.169,0.459
-0.104,0.89
-0.144,0.301
-0.299,0.058
-0.419,1.654
-0.447,0.147
-0.518,1.718
-0.823,2.69
-0.82,1.288
-0.821,-0.264
-1.03,-0.24
-1.125,1.871
-1.075,0.052
-1.12,-0.712
-1.374,0.233
-1.502,-0.056
-1.446,0.273
-1.687,0.755
-1.729,1.616
-1.688,0.481
-1.771,-0.523
-1.894,0.942
-1.916,0.914
-2.209,-0.054
-2.252,-1.04
-2.483,1.516
-2.499,0.849
-2.635,-0.916
-2.615,0.689
-2.741,2.468
-2.88,1.4
-3.02,-1.498
2.668,-1.59
1.96,-1.334
1.028,-1.453
0.826,-1.337
0.778,-1.498
0.065,-1.505
-1.5,-1.517
-2.604,-1.434
-2.738,-1.317
-2.561,-1.435
2.902,2.897
2.881,3.146
2.891,2.844
2.407,3.079
2.339,2.831
1.483,2.813
0.929,3.028
0.712,2.794
0.588,3.138
0.398,2.8
-0.396,3.136
-0.681,2.92
-1.824,3.054
-2.641,2.755
-2.924,2.453
-2.999,0.579
-1.067,0.42
-1.248,2.191
-1.26,1.087
-2.163,0.897
-2.12,0.757
-2.535,1.8
2.967,1.678
1.582,0.951
-2.653,1.697
-2.85,1.688
0.478,2.727
-2.318,2.537
-3.038,-1.088
1.844,-1.097
-0.918,2.864
-0.008,-0.155
0.01,2.505
-0.007,-0.533
-0.121,0.008
-0.057,-0.901
-0.194,1.881
-0.258,2.801
-0.335,0.388
-0.501,-0.697
-0.533,1.119
-0.625,3.103
-0.622,1.285
-0.69,-0.352
-0.717,0.48
-0.706,1.277
-0.774,1.797
-0.818,0.609
-0.954,1.786
-1.004,2.623
-1.335,-0.308
-1.469,1.705
-1.49,0.08
-1.438,2.072
-1.475,0.995
-1.487,-0.536
-1.678,2.19
-1.722,1.317
-1.64,2.756
-1.747,-0.342
-1.784,2.699
-1.744,1.049
-1.766,2.598
-1.87,1.138
-1.946,0.777
-1.968,0.717
-2.013,-0.04
-2.21,-0.894
-2.224,0.529
-2.212,0.155
-2.269,-0.102
-2.382,-0.155
-2.355,0.806
-2.503,0.342
-2.462,1.304
-2.498,2.969
-2.53,0.143
-2.607,2.856
-2.619,2.567
-2.733,-0.777
-2.679,1.895
-2.689,2.08
-2.681,1.552
-2.773,2.061
-2.78,3.011
-2.807,1.49
-2.745,1.391
-2.762,0.348
-2.767,-0.718
2.708,-1.182
2.656,-0.913
2.518,-1.183
0.573,-1.147
-0.352,-0.996
-0.431,-1.17
-0.507,-1.007
-2.211,-1.124
-2.284,-0.83
2.989,3.393
2.713,3.191
2.094,3.259
0.951,3.305
0.874,3.563
0.668,3.454
0.382,3.304
0.147,3.611
0.037,3.509
-0.356,3.287
-0.992,3.658
-1.061,3.61
-1.752,3.361
-1.875,3.663
-2.315,3.394
-2.244,3.283
2.777,-0.124
1.428,1.34
0.643,2.985
0.601,0.691
0.456,0.118
0.126,0.217
-0.207,2.92
-1.827,-0.877
2.87,-1.11
-2.243,-1.011
3.121,3.266
-2.792,-0.359
-3.014,-0.7
-3.025,1.36
-3.08,0.935
-3.063,1.879
2.969,1.105
3.134,1.288
2.98,1.161
2.91,1.677
2.987,1.537
2.93,1.864
2.756,-0.609
2.708,0.677
2.628,0.965
2.431,1.241
2.555,1.239
2.351,0.258
2.231,-0.412
2.15,1.932
2.106,0.646
2.112,-0.132
2.193,2.956
2.167,-0.603
1.999,-0.203
1.855,1.443
1.845,0.579
1.814,2.951
1.774,0.881
1.805,0.721
1.664,-0.659
1.61,0.71
1.452,1.724
1.558,1.235
1.465,1.69
1.441,0.559
1.284,-0.8
1.248,2.774
1.298,2.185
1.124,2.609
1.269,2.195
1.077,1.045
0.784,3.05
0.767,2.002
0.814,0.695
0.714,1.839
0.666,0.37
0.48,-0.35
0.441,1.729
0.389,0.056
0.506,2.519
0.292,2.308
0.255,1.839
0.363,2.999
0.312,-0.874
0.237,2.631
0.102,-0.813
0.067,2.791
0.062,-0.72
0.023,1.868
0.031,2.754
-0.071,0.868
-0.006,1.299
-0.046,0.71
-0.201,0.467
-0.321,2.063
-0.349,0.556
-0.42,2.127
-0.725,3.099
-0.722,1.697
-0.723,0.145
-0.932,0.169
-1.027,2.28
-0.977,0.461
-1.022,-0.303
-1.276,0.642
-1.404,0.353
-1.348,0.682
-1.589,1.164
-1.631,2.025
-1.59,0.89
-1.673,-0.114
-1.796,1.351
-1.818,1.323
-2.111,0.355
-2.154,-0.631
-2.385,1.925
-2.401,1.258
-2.537,-0.507
-2.517,1.098
-2.643,2.877
-2.782,1.809
-2.922,-1.089
2.766,-1.181
2.058,-0.925
1.126,-1.044
0.924,-0.928
0.876,-1.089
0.163,-1.096
-1.402,-1.108
-2.506,-1.025
-2.64,-0.908
-2.463,-1.026
3.0,3.306
2.979,3.555
2.989,3.253
2.505,3.488
2.437,3.24
1.581,3.222
1.027,3.437
0.81,3.203
0.686,3.547
0.496,3.209
-0.298,3.545
-0.583,3.329
-1.726,3.463
-2.543,3.164
-2.826,2.862
-2.901,0.988
-0.969,0.829
-1.15,2.6
-1.162,1.496
-2.065,1.306
-2.022,1.166
-2.437,2.209
3.065,2.087
1.68,1.36
-2.555,2.106
-2.752,2.097
0.576,3.136
-2.22,2.946
-2.94,-0.679
1.942,-0.688
-0.82,3.273
0.018,2.66
0.001,-0.378
-0.113,0.163
-0.049,-0.746
-0.186,2.036
-0.25,2.956
-0.327,0.543
-0.493,-0.542
-0.525,1.274
-0.617,3.258
-0.614,1.44
-0.682,-0.197
-0.709,0.635
-0.698,1.432
-0.766,1.952
-0.81,0.764
-0.946,1.941
-0.996,2.778
-1.327,-0.153
-1.461,1.86
-1.482,0.235
-1.43,2.227
-1.467,1.15
-1.479,-0.381
-1.67,2.345
-1.714,1.472
-1.632,2.911
-1.739,-0.187
-1.776,2.854
-1.736,1.204
-1.758,2.753
-1.862,1.293
-1.938,0.932
-1.96,0.872
-2.005,0.115
-2.202,-0.739
-2.216,0.684
-2.204,0.31
-2.261,0.053
-2.374,0.0
-2.347,0.961
-2.495,0.497
-2.454,1.459
-2.49,3.124
-2.522,0.298
-2.599,3.011
-2.611,2.722
-2.725,-0.622
-2.671,2.05
-2.681,2.235
-2.673,1.707
-2.765,2.216
-2.772,3.166
-2.799,1.645
-2.737,1.546
-2.754,0.503
-2.759,-0.563
2.716,-1.027
2.664,-0.758
2.526,-1.028
0.581,-0.992
-0.344,-0.841
-0.423,-1.015
-0.499,-0.852
-2.203,-0.969
-2.276,-0.675
2.997,3.548
2.721,3.346
2.102,3.414
0.959,3.46
0.882,3.718
0.676,3.609
0.39,3.459
0.155,3.766
0.045,3.664
-0.348,3.442
-0.984,3.813
-1.053,3.765
-1.744,3.516
-1.867,3.818
-2.307,3.549
-2.236,3.438
2.785,0.031
1.436,1.495
0.651,3.14
0.609,0.846
0.464,0.273
0.134,0.372
-0.199,3.075
-1.819,-0.722
2.878,-0.955
-2.235,-0.856
3.129,3.421
-2.784,-0.204
-3.006,-0.545
-3.017,1.515
-3.072,1.09
-3.055,2.034
2.977,1.26
-3.141,1.443
2.988,1.316
2.918,1.832
2.995,1.692
2.938,2.019
2.764,-0.454
2.716,0.832
2.636,1.12
2.439,1.396
2.563,1.394
2.359,0.413
2.239,-0.257
2.158,2.087
2.114,0.801
2.12,0.023
2.201,3.111
2.175,-0.448
2.007,-0.048
1.863,1.598
1.853,0.734
1.822,3.106
1.782,1.036
1.813,0.876
1.672,-0.504
1.618,0.865
1.46,1.879
1.566,1.39
1.473,1.845
1.449,0.714
1.292,-0.645
1.256,2.929
1.306,2.34
1.132,2.764
1.277,2.35
1.085,1.2
0.792,3.205
0.775,2.157
0.822,0.85
0.722,1.994
0.674,0.525
0.488,-0.195
0.449,1.884
0.397,0.211
0.514,2.674
0.3,2.463
0.263,1.994
0.371,3.154
0.32,-0.719
0.245,2.786
0.11,-0.658
0.075,2.946
0.07,-0.565
0.031,2.023
0.039,2.909
-0.063,1.023
0.002,1.454
-0.038,0.865
-0.193,0.622
-0.313,2.218
-0.341,0.711
-0.412,2.282
-0.717,3.254
-0.714,1.852
-0.715,0.3
-0.924,0.324
-1.019,2.435
-0.969,0.616
-1.014,-0.148
-1.268,0.797
-1.396,0.508
-1.34,0.837
-1.581,1.319
-1.623,2.18
-1.582,1.045
-1.665,0.041
-1.788,1.506
-1.81,1.478
-2.103,0.51
-2.146,-0.476
-2.377,2.08
-2.393,1.413
-2.529,-0.352
-2.509,1.253
-2.635,3.032
-2.774,1.964
-2.914,-0.934
2.774,-1.026
2.066,-0.77
1.134,-0.889
0.932,-0.773
0.884,-0.934
0.171,-0.941
-1.394,-0.953
-2.498,-0.87
-2.632,-0.753
-2.455,-0.871
3.008,3.461
2.987,3.71
2.997,3.408
2.513,3.643
2.445,3.395
1.589,3.377
1.035,3.592
0.818,3.358
0.694,3.702
0.504,3.364
-0.29,3.7
-0.575,3.484
-1.718,3.618
-2.535,3.319
-2.818,3.017
-2.893,1.143
-0.961,0.984
-1.142,2.755
-1.154,1.651
-2.057,1.461
-2.014,1.321
-2.429,2.364
3.073,2.242
1.688,1.515
-2.547,2.261
-2.744,2.252
0.584,3.291
-2.212,3.101
-2.932,-0.524
1.95,-0.533
-0.812,3.428
-0.017,-3.038
-0.131,-2.497
-0.067,-3.406
-0.204,-0.624
-0.268,0.296
-0.345,-2.117
-0.511,-3.202
-0.543,-1.386
-0.635,0.598
-0.632,-1.22
-0.7,-2.857
-0.727,-2.025
-0.716,-1.228
-0.784,-0.708
-0.828,-1.896
-0.964,-0.719
-1.014,0.118
-1.345,-2.813
-1.479,-0.8
-1.5,-2.425
-1.448,-0.433
-1.485,-1.51
-1.497,-3.041
-1.688,-0.315
-1.732,-1.188
-1.65,0.251
-1.757,-2.847
-1.794,0.194
-1.754,-1.456
-1.776,0.093
-1.88,-1.367
-1.956,-1.728
-1.978,-1.788
-2.023,-2.545
-2.22,-3.399
-2.234,-1.976
-2.222,-2.35
-2.279,-2.607
-2.392,-2.66
-2.365,-1.699
-2.513,-2.163
-2.472,-1.201
-2.508,0.464
-2.54,-2.362
-2.617,0.351
-2.629,0.062
-2.743,-3.282
-2.689,-0.61
-2.699,-0.425
-2.691,-0.953
-2.783,-0.444
-2.79,0.506
-2.817,-1.015
-2.755,-1.114
-2.772,-2.157
-2.777,-3.223
2.698,-3.687
2.646,-3.418
2.508,-3.688
0.563,-3.652
-0.362,-3.501
-0.441,-3.675
-0.517,-3.512
-2.221,-3.629
-2.294,-3.335
2.979,0.888
2.703,0.686
2.084,0.754
0.941,0.8
0.864,1.058
0.658,0.949
0.372,0.799
0.137,1.106
0.027,1.004
-0.366,0.782
-1.002,1.153
-1.071,1.105
-1.762,0.856
-1.885,1.158
-2.325,0.889
-2.254,0.778
2.767,-2.629
1.418,-1.165
0.633,0.48
0.591,-1.814
0.446,-2.387
0.116,-2.288
-0.217,0.415
-1.837,-3.382
2.86,-3.615
-2.253,-3.516
3.111,0.761
-2.802,-2.864
-3.024,-3.205
-3.035,-1.145
-3.09,-1.57
-3.073,-0.626
2.959,-1.4
3.124,-1.217
2.97,-1.344
2.9,-0.828
2.977,-0.968
2.92,-0.641
2.746,-3.114
2.698,-1.828
2.618,-1.54
2.421,-1.264
2.545,-1.266
2.341,-2.247
2.221,-2.917
2.14,-0.573
2.096,-1.859
2.102,-2.637
2.183,0.451
2.157,-3.108
1.989,-2.708
1.845,-1.062
1.835,-1.926
1.804,0.446
1.764,-1.624
1.795,-1.784
1.654,-3.164
1.6,-1.795
1.442,-0.781
1.548,-1.27
1.455,-0.815
1.431,-1.946
1.274,-3.305
1.238,0.269
1.288,-0.32
1.114,0.104
1.259,-0.31
1.067,-1.46
0.774,0.545
0.757,-0.503
0.804,-1.81
0.704,-0.666
0.656,-2.135
0.47,-2.855
0.431,-0.776
0.379,-2.449
0.496,0.014
0.282,-0.197
0.245,-0.666
0.353,0.494
0.302,-3.379
0.227,0.126
0.092,-3.318
0.057,0.286
0.052,-3.225
0.013,-0.637
0.021,0.249
-0.081,-1.637
-0.016,-1.206
-0.056,-1.795
-0.211,-2.038
-0.331,-0.442
-0.359,-1.949
-0.43,-0.378
-0.735,0.594
-0.732,-0.808
-0.733,-2.36
-0.942,-2.336
-1.037,-0.225
-0.987,-2.044
-1.032,-2.808
-1.286,-1.863
-1.414,-2.152
-1.358,-1.823
-1.599,-1.341
-1.641,-0.48
-1.6,-1.615
-1.683,-2.619
-1.806,-1.154
-1.828,-1.182
-2.121,-2.15
-2.164,-3.136
-2.395,-0.58
-2.411,-1.247
-2.547,-3.012
-2.527,-1.407
-2.653,0.372
-2.792,-0.696
-2.932,-3.594
2.756,-3.686
2.048,-3.43
1.116,-3.549
0.914,-3.433
0.866,-3.594
0.153,-3.601
-1.412,-3.613
-2.516,-3.53
-2.65,-3.413
-2.473,-3.531
2.99,0.801
2.969,1.05
2.979,0.748
2.495,0.983
2.427,0.735
1.571,0.717
1.017,0.932
0.8,0.698
0.676,1.042
0.486,0.704
-0.308,1.04
-0.593,0.824
-1.736,0.958
-2.553,0.659
-2.836,0.357
-2.911,-1.517
-0.979,-1.676
-1.16,0.095
-1.172,-1.009
-2.075,-1.199
-2.032,-1.339
-2.447,-0.296
3.055,-0.418
1.67,-1.145
-2.565,-0.399
-2.762,-0.408
0.566,0.631
-2.23,0.441
-2.95,-3.184
1.932,-3.193
-0.83,0.768
-0.114,0.541
-0.05,-0.368
-0.187,2.414
-0.251,3.334
-0.328,0.921
-0.494,-0.164
-0.526,1.652
-0.618,3.636
-0.615,1.818
-0.683,0.181
-0.71,1.013
-0.699,1.81
-0.767,2.33
-0.811,1.142
-0.947,2.319
-0.997,3.156
-1.328,0.225
-1.462,2.238
-1.483,0.613
-1.431,2.605
-1.468,1.528
-1.48,-0.003
-1.671,2.723
-1.715,1.85
-1.633,3.289
-1.74,0.191
-1.777,3.232
-1.737,1.582
-1.759,3.131
-1.863,1.671
-1.939,1.31
-1.961,1.25
-2.006,0.493
-2.203,-0.361
-2.217,1.062
-2.205,0.688
-2.262,0.431
-2.375,0.378
-2.348,1.339
-2.496,0.875
-2.455,1.837
-2.491,3.502
-2.523,0.676
-2.6,3.389
-2.612,3.1
-2.726,-0.244
-2.672,2.428
-2.682,2.613
-2.674,2.085
-2.766,2.594
-2.773,3.544
-2.8,2.023
-2.738,1.924
-2.755,0.881
-2.76,-0.185
2.715,-0.649
2.663,-0.38
2.525,-0.65
0.58,-0.614
-0.345,-0.463
-0.424,-0.637
-0.5,-0.474
-2.204,-0.591
-2.277,-0.297
2.996,3.926
2.72,3.724
2.101,3.792
0.958,3.838
0.881,4.096
0.675,3.987
0.389,3.837
0.154,4.144
0.044,4.042
-0.349,3.82
-0.985,4.191
-1.054,4.143
-1.745,3.894
-1.868,4.196
-2.308,3.927
-2.237,3.816
2.784,0.409
1.435,1.873
0.65,3.518
0.608,1.224
0.463,0.651
0.133,0.75
-0.2,3.453
-1.82,-0.344
2.877,-0.577
-2.236,-0.478
3.128,3.799
-2.785,0.174
-3.007,-0.167
-3.018,1.893
-3.073,1.468
-3.056,2.412
2.976,1.638
3.141,1.821
2.987,1.694
2.917,2.21
2.994,2.07
2.937,2.397
2.763,-0.076
2.715,1.21
2.635,1.498
2.438,1.774
2.562,1.772
2.358,0.791
2.238,0.121
2.157,2.465
2.113,1.179
2.119,0.401
2.2,3.489
2.174,-0.07
2.006,0.33
1.862,1.976
1.852,1.112
1.821,3.484
1.781,1.414
1.812,1.254
1.671,-0.126
1.617,1.243
1.459,2.257
1.565,1.768
1.472,2.223
1.448,1.092
1.291,-0.267
1.255,3.307
1.305,2.718
1.131,3.142
1.276,2.728
1.084,1.578
0.791,3.583
0.774,2.535
0.821,1.228
0.721,2.372
0.673,0.903
0.487,0.183
0.448,2.262
0.396,0.589
0.513,3.052
0.299,2.841
0.262,2.372
0.37,3.532
0.319,-0.341
0.244,3.164
0.109,-0.28
0.074,3.324
0.069,-0.187
0.03,2.401
0.038,3.287
-0.064,1.401
0.001,1.832
-0.039,1.243
-0.194,1.0
-0.314,2.596
-0.342,1.089
-0.413,2.66
-0.718,3.632
-0.715,2.23
-0.716,0.678
-0.925,0.702
-1.02,2.813
-0.97,0.994
-1.015,0.23
-1.269,1.175
-1.397,0.886
-1.341,1.215
-1.582,1.697
-1.624,2.558
-1.583,1.423
-1.666,0.419
-1.789,1.884
-1.811,1.856
-2.104,0.888
-2.147,-0.098
-2.378,2.458
-2.394,1.791
-2.53,0.026
-2.51,1.631
-2.636,3.41
-2.775,2.342
-2.915,-0.556
2.773,-0.648
2.065,-0.392
1.133,-0.511
0.931,-0.395
0.883,-0.556
0.17,-0.563
-1.395,-0.575
-2.499,-0.492
-2.633,-0.375
-2.456,-0.493
3.007,3.839
2.986,4.088
2.996,3.786
2.512,4.021
2.444,3.773
1.588,3.755
1.034,3.97
0.817,3.736
0.693,4.08
0.503,3.742
-0.291,4.078
-0.576,3.862
-1.719,3.996
-2.536,3.697
-2.819,3.395
-2.894,1.521
-0.962,1.362
-1.143,3.133
-1.155,2.029
-2.058,1.839
-2.015,1.699
-2.43,2.742
3.072,2.62
1.687,1.893
-2.548,2.639
-2.745,2.63
0.583,3.669
-2.213,3.479
-2.933,-0.146
1.949,-0.155
-0.813,3.806
0.064,-0.909
-0.073,1.873
-0.137,2.793
-0.214,0.38
-0.38,-0.705
-0.412,1.111
-0.504,3.095
-0.501,1.277
-0.569,-0.36
-0.596,0.472
-0.585,1.269
-0.653,1.789
-0.697,0.601
-0.833,1.778
-0.883,2.615
-1.214,-0.316
-1.348,1.697
-1.369,0.072
-1.317,2.064
-1.354,0.987
-1.366,-0.544
-1.557,2.182
-1.601,1.309
-1.519,2.748
-1.626,-0.35
-1.663,2.691
-1.623,1.041
-1.645,2.59
-1.749,1.13
-1.825,0.769
-1.847,0.709
-1.892,-0.048
-2.089,-0.902
-2.103,0.521
-2.091,0.147
-2.148,-0.11
-2.261,-0.163
-2.234,0.798
-2.382,0.334
-2.341,1.296
-2.377,2.961
-2.409,0.135
-2.486,2.848
-2.498,2.559
-2.612,-0.785
-2.558,1.887
-2.568,2.072
-2.56,1.544
-2.652,2.053
-2.659,3.003
-2.686,1.482
-2.624,1.383
-2.641,0.34
-2.646,-0.726
2.829,-1.19
2.777,-0.921
2.639,-1.191
0.694,-1.155
-0.231,-1.004
-0.31,-1.178
-0.386,-1.015
-2.09,-1.132
-2.163,-0.838
3.11,3.385
2.834,3.183
2.215,3.251
1.072,3.297
0.995,3.555
0.789,3.446
0.503,3.296
0.268,3.603
0.158,3.501
-0.235,3.279
-0.871,3.65
-0.94,3.602
-1.631,3.353
-1.754,3.655
-2.194,3.386
-2.123,3.275
2.898,-0.132
1.549,1.332
0.764,2.977
0.722,0.683
0.577,0.11
0.247,0.209
-0.086,2.912
-1.706,-0.885
2.991,-1.118
-2.122,-1.019
-3.041,3.258
-2.671,-0.367
-2.893,-0.708
-2.904,1.352
-2.959,0.927
-2.942,1.871
3.09,1.097
-3.028,1.28
3.101,1.153
3.031,1.669
3.108,1.529
3.051,1.856
2.877,-0.617
2.829,0.669
2.749,0.957
2.552,1.233
2.676,1.231
2.472,0.25
2.352,-0.42
2.271,1.924
2.227,0.638
2.233,-0.14
2.314,2.948
2.288,-0.611
2.12,-0.211
1.976,1.435
1.966,0.571
1.935,2.943
1.895,0.873
1.926,0.713
1.785,-0.667
1.731,0.702
1.573,1.716
1.679,1.227
1.586,1.682
1.562,0.551
1.405,-0.808
1.369,2.766
1.419,2.177
1.245,2.601
1.39,2.187
1.198,1.037
0.905,3.042
0.888,1.994
0.935,0.687
0.835,1.831
0.787,0.362
0.601,-0.358
0.562,1.721
0.51,0.048
0.627,2.511
0.413,2.3
0.376,1.831
0.484,2.991
0.433,-0.882
0.358,2.623
0.223,-0.821
0.188,2.783
0.183,-0.728
0.144,1.86
0.152,2.746
0.05,0.86
0.115,1.291
0.075,0.702
-0.08,0.459
-0.2,2.055
-0.228,0.548
-0.299,2.119
-0.604,3.091
-0.601,1.689
-0.602,0.137
-0.811,0.161
-0.906,2.272
-0.856,0.453
-0.901,-0.311
-1.155,0.634
-1.283,0.345
-1.227,0.674
-1.468,1.156
-1.51,2.017
-1.469,0.882
-1.552,-0.122
-1.675,1.343
-1.697,1.315
-1.99,0.347
-2.033,-0.639
-2.264,1.917
-2.28,1.25
-2.416,-0.515
-2.396,1.09
-2.522,2.869
-2.661,1.801
-2.801,-1.097
2.887,-1.189
2.179,-0.933
1.247,-1.052
1.045,-0.936
0.997,-1.097
0.284,-1.104
-1.281,-1.116
-2.385,-1.033
-2.519,-0.916
-2.342,-1.034
3.121,3.298
3.1,3.547
3.11,3.245
2.626,3.48
2.558,3.232
1.702,3.214
1.148,3.429
0.931,3.195
0.807,3.539
0.617,3.201
-0.177,3.537
-0.462,3.321
-1.605,3.455
-2.422,3.156
-2.705,2.854
-2.78,0.98
-0.848,0.821
-1.029,2.592
-1.041,1.488
-1.944,1.298
-1.901,1.158
-2.316,2.201
-3.097,2.079
1.801,1.352
-2.434,2.098
-2.631,2.089
0.697,3.128
-2.099,2.938
-2.819,-0.687
2.063,-0.696
-0.699,3.265
-0.137,2.782
-0.201,3.702
-0.278,1.289
-0.444,0.204
-0.476,2.02
-0.568,4.004
-0.565,2.186
-0.633,0.549
-0.66,1.381
-0.649,2.178
-0.717,2.698
-0.761,1.51
-0.897,2.687
-0.947,3.524
-1.278,0.593
-1.412,2.606
-1.433,0.981
-1.381,2.973
-1.418,1.896
-1.43,0.365
-1.621,3.091
-1.665,2.218
-1.583,3.657
-1.69,0.559
-1.727,3.6
-1.687,1.95
-1.709,3.499
-1.813,2.039
-1.889,1.678
-1.911,1.618
-1.956,0.861
-2.153,0.007
-2.167,1.43
-2.155,1.056
-2.212,0.799
-2.325,0.746
-2.298,1.707
-2.446,1.243
-2.405,2.205
-2.441,3.87
-2.473,1.044
-2.55,3.757
-2.562,3.468
-2.676,0.124
-2.622,2.796
-2.632,2.981
-2.624,2.453
-2.716,2.962
-2.723,3.912
-2.75,2.391
-2.688,2.292
-2.705,1.249
-2.71,0.183
2.765,-0.281
2.713,-0.012
2.575,-0.282
0.63,-0.246
-0.295,-0.095
-0.374,-0.269
-0.45,-0.106
-2.154,-0.223
-2.227,0.071
3.046,4.294
2.77,4.092
2.151,4.16
1.008,4.206
0.931,4.464
0.725,4.355
0.439,4.205
0.204,4.512
0.094,4.41
-0.299,4.188
-0.935,4.559
-1.004,4.511
-1.695,4.262
-1.818,4.564
-2.258,4.295
-2.187,4.184
2.834,0.777
1.485,2.241
0.7,3.886
0.658,1.592
0.513,1.019
0.183,1.118
-0.15,3.821
-1.77,0.024
2.927,-0.209
-2.186,-0.11
-3.105,4.167
-2.735,0.542
-2.957,0.201
-2.968,2.261
-3.023,1.836
-3.006,2.78
3.026,2.006
-3.092,2.189
3.037,2.062
2.967,2.578
3.044,2.438
2.987,2.765
2.813,0.292
2.765,1.578
2.685,1.866
2.488,2.142
2.612,2.14
2.408,1.159
2.288,0.489
2.207,2.833
2.163,1.547
2.169,0.769
2.25,3.857
2.224,0.298
2.056,0.698
1.912,2.344
1.902,1.48
1.871,3.852
1.831,1.782
1.862,1.622
1.721,0.242
1.667,1.611
1.509,2.625
1.615,2.136
1.522,2.591
1.498,1.46
1.341,0.101
1.305,3.675
1.355,3.086
1.181,3.51
1.326,3.096
1.134,1.946
0.841,3.951
0.824,2.903
0.871,1.596
0.771,2.74
0.723,1.271
0.537,0.551
0.498,2.63
0.446,0.957
0.563,3.42
0.349,3.209
0.312,2.74
0.42,3.9
0.369,0.027
0.294,3.532
0.159,0.088
0.124,3.692
0.119,0.181
0.08,2.769
0.088,3.655
-0.014,1.769
0.051,2.2
0.011,1.611
-0.144,1.368
-0.264,2.964
-0.292,1.457
-0.363,3.028
-0.668,4.0
-0.665,2.598
-0.666,1.046
-0.875,1.07
-0.97,3.181
-0.92,1.362
-0.965,0.598
-1.219,1.543
-1.347,1.254
-1.291,1.583
-1.532,2.065
-1.574,2.926
-1.533,1.791
-1.616,0.787
-1.739,2.252
-1.761,2.224
-2.054,1.256
-2.097,0.27
-2.328,2.826
-2.344,2.159
-2.48,0.394
-2.46,1.999
-2.586,3.778
-2.725,2.71
-2.865,-0.188
2.823,-0.28
2.115,-0.024
1.183,-0.143
0.981,-0.027
0.933,-0.188
0.22,-0.195
-1.345,-0.207
-2.449,-0.124
-2.583,-0.007
-2.406,-0.125
3.057,4.207
3.036,4.456
3.046,4.154
2.562,4.389
2.494,4.141
1.638,4.123
1.084,4.338
0.867,4.104
0.743,4.448
0.553,4.11
-0.241,4.446
-0.526,4.23
-1.669,4.364
-2.486,4.065
-2.769,3.763
-2.844,1.889
-0.912,1.73
-1.093,3.501
-1.105,2.397
-2.008,2.207
-1.965,2.067
-2.38,3.11
3.122,2.988
1.737,2.261
-2.498,3.007
-2.695,2.998
0.633,4.037
-2.163,3.847
-2.883,0.222
1.999,0.213
-0.763,4.174
-0.064,0.92
-0.141,-1.493
-0.307,-2.578
-0.339,-0.762
-0.431,1.222
-0.428,-0.596
-0.496,-2.233
-0.523,-1.401
-0.512,-0.604
-0.58,-0.084
-0.624,-1.272
-0.76,-0.095
-0.81,0.742
-1.141,-2.189
-1.275,-0.176
-1.296,-1.801
-1.244,0.191
-1.281,-0.886
-1.293,-2.417
-1.484,0.309
-1.528,-0.564
-1.446,0.875
-1.553,-2.223
-1.59,0.818
-1.55,-0.832
-1.572,0.717
-1.676,-0.743
-1.752,-1.104
-1.774,-1.164
-1.819,-1.921
-2.016,-2.775
-2.03,-1.352
-2.018,-1.726
-2.075,-1.983
-2.188,-2.036
-2.161,-1.075
-2.309,-1.539
-2.268,-0.577
-2.304,1.088
-2.336,-1.738
-2.413,0.975
-2.425,0.686
-2.539,-2.658
-2.485,0.014
-2.495,0.199
-2.487,-0.329
-2.579,0.18
-2.586,1.13
-2.613,-0.391
-2.551,-0.49
-2.568,-1.533
-2.573,-2.599
2.902,-3.063
2.85,-2.794
2.712,-3.064
0.767,-3.028
-0.158,-2.877
-0.237,-3.051
-0.313,-2.888
-2.017,-3.005
-2.09,-2.711
-3.1,1.512
2.907,1.31
2.288,1.378
1.145,1.424
1.068,1.682
0.862,1.573
0.576,1.423
0.341,1.73
0.231,1.628
-0.162,1.406
-0.798,1.777
-0.867,1.729
-1.558,1.48
-1.681,1.782
-2.121,1.513
-2.05,1.402
2.971,-2.005
1.622,-0.541
0.837,1.104
0.795,-1.19
0.65,-1.763
0.32,-1.664
-0.013,1.039
-1.633,-2.758
3.064,-2.991
-2.049,-2.892
-2.968,1.385
-2.598,-2.24
-2.82,-2.581
-2.831,-0.521
-2.886,-0.946
-2.869,-0.002
-3.12,-0.776
-2.955,-0.593
-3.109,-0.72
3.104,-0.204
-3.102,-0.344
3.124,-0.017
2.95,-2.49
2.902,-1.204
2.822,-0.916
2.625,-0.64
2.749,-0.642
2.545,-1.623
2.425,-2.293
2.344,0.051
2.3,-1.235
2.306,-2.013
2.387,1.075
2.361,-2.484
2.193,-2.084
2.049,-0.438
2.039,-1.302
2.008,1.07
1.968,-1.0
1.999,-1.16
1.858,-2.54
1.804,-1.171
1.646,-0.157
1.752,-0.646
1.659,-0.191
1.635,-1.322
1.478,-2.681
1.442,0.893
1.492,0.304
1.318,0.728
1.463,0.314
1.271,-0.836
0.978,1.169
0.961,0.121
1.008,-1.186
0.908,-0.042
0.86,-1.511
0.674,-2.231
0.635,-0.152
0.583,-1.825
0.7,0.638
0.486,0.427
0.449,-0.042
0.557,1.118
0.506,-2.755
0.431,0.75
0.296,-2.694
0.261,0.91
0.256,-2.601
0.217,-0.013
0.225,0.873
0.123,-1.013
0.188,-0.582
0.148,-1.171
-0.007,-1.414
-0.127,0.182
-0.155,-1.325
-0.226,0.246
-0.531,1.218
-0.528,-0.184
-0.529,-1.736
-0.738,-1.712
-0.833,0.399
-0.783,-1.42
-0.828,-2.184
-1.082,-1.239
-1.21,-1.528
-1.154,-1.199
-1.395,-0.717
-1.437,0.144
-1.396,-0.991
-1.479,-1.995
-1.602,-0.53
-1.624,-0.558
-1.917,-1.526
-1.96,-2.512
-2.191,0.044
-2.207,-0.623
-2.343,-2.388
-2.323,-0.783
-2.449,0.996
-2.588,-0.072
-2.728,-2.97
2.96,-3.062
2.252,-2.806
1.32,-2.925
1.118,-2.809
1.07,-2.97
0.357,-2.977
-1.208,-2.989
-2.312,-2.906
-2.446,-2.789
-2.269,-2.907
-3.089,1.425
-3.11,1.674
-3.1,1.372
2.699,1.607
2.631,1.359
1.775,1.341
1.221,1.556
1.004,1.322
0.88,1.666
0.69,1.328
-0.104,1.664
-0.389,1.448
-1.532,1.582
-2.349,1.283
-2.632,0.981
-2.707,-0.893
-0.775,-1.052
-0.956,0.719
-0.968,-0.385
-1.871,-0.575
-1.828,-0.715
-2.243,0.328
-3.024,0.206
1.874,-0.521
-2.361,0.225
-2.558,0.216
0.77,1.255
-2.026,1.065
-2.746,-2.56
2.136,-2.569
-0.626,1.392
-0.077,-2.413
-0.243,-3.498
-0.275,-1.682
-0.367,0.302
-0.364,-1.516
-0.432,-3.153
-0.459,-2.321
-0.448,-1.524
-0.516,-1.004
-0.56,-2.192
-0.696,-1.015
-0.746,-0.178
-1.077,-3.109
-1.211,-1.096
-1.232,-2.721
-1.18,-0.729
-1.217,-1.806
-1.229,-3.337
-1.42,-0.611
-1.464,-1.484
-1.382,-0.045
-1.489,-3.143
-1.526,-0.102
-1.486,-1.752
-1.508,-0.203
-1.612,-1.663
-1.688,-2.024
-1.71,-2.084
-1.755,-2.841
-1.952,-3.695
-1.966,-2.272
-1.954,-2.646
-2.011,-2.903
-2.124,-2.956
-2.097,-1.995
-2.245,-2.459
-2.204,-1.497
-2.24,0.168
-2.272,-2.658
-2.349,0.055
-2.361,-0.234
-2.475,-3.578
-2.421,-0.906
-2.431,-0.721
-2.423,-1.249
-2.515,-0.74
-2.522,0.21
-2.549,-1.311
-2.487,-1.41
-2.504,-2.453
-2.509,-3.519
2.966,-3.983
2.914,-3.714
2.776,-3.984
0.831,-3.948
-0.094,-3.797
-0.173,-3.971
-0.249,-3.808
-1.953,-3.925
-2.026,-3.631
-3.036,0.592
2.971,0.39
2.352,0.458
1.209,0.504
1.132,0.762
0.926,0.653
0.64,0.503
0.405,0.81
0.295,0.708
-0.098,0.486
-0.734,0.857
-0.803,0.809
-1.494,0.56
-1.617,0.862
-2.057,0.593
-1.986,0.482
3.035,-2.925
1.686,-1.461
0.901,0.184
0.859,-2.11
0.714,-2.683
0.384,-2.584
0.051,0.119
-1.569,-3.678
3.128,-3.911
-1.985,-3.812
-2.904,0.465
-2.534,-3.16
-2.756,-3.501
-2.767,-1.441
-2.822,-1.866
-2.805,-0.922
-3.056,-1.696
-2.891,-1.513
-3.045,-1.64
-3.115,-1.124
-3.038,-1.264
-3.095,-0.937
3.014,-3.41
2.966,-2.124
2.886,-1.836
2.689,-1.56
2.813,-1.562
2.609,-2.543
2.489,-3.213
2.408,-0.869
2.364,-2.155
2.37,-2.933
2.451,0.155
2.425,-3.404
2.257,-3.004
2.113,-1.358
2.103,-2.222
2.072,0.15
2.032,-1.92
2.063,-2.08
1.922,-3.46
1.868,-2.091
1.71,-1.077
1.816,-1.566
1.723,-1.111
1.699,-2.242
1.542,-3.601
1.506,-0.027
1.556,-0.616
1.382,-0.192
1.527,-0.606
1.335,-1.756
1.042,0.249
1.025,-0.799
1.072,-2.106
0.972,-0.962
0.924,-2.431
0.738,-3.151
0.699,-1.072
0.647,-2.745
0.764,-0.282
0.55,-0.493
0.513,-0.962
0.621,0.198
0.57,-3.675
0.495,-0.17
0.36,-3.614
0.325,-0.01
0.32,-3.521
0.281,-0.933
0.289,-0.047
0.187,-1.933
0.252,-1.502
0.212,-2.091
0.057,-2.334
-0.063,-0.738
-0.091,-2.245
-0.162,-0.674
-0.467,0.298
-0.464,-1.104
-0.465,-2.656
-0.674,-2.632
-0.769,-0.521
-0.719,-2.34
-0.764,-3.104
-1.018,-2.159
-1.146,-2.448
-1.09,-2.119
-1.331,-1.637
-1.373,-0.776
-1.332,-1.911
-1.415,-2.915
-1.538,-1.45
-1.56,-1.478
-1.853,-2.446
-1.896,-3.432
-2.127,-0.876
-2.143,-1.543
-2.279,-3.308
-2.259,-1.703
-2.385,0.076
-2.524,-0.992
-2.664,-3.89
3.024,-3.982
2.316,-3.726
1.384,-3.845
1.182,-3.729
1.134,-3.89
0.421,-3.897
-1.144,-3.909
-2.248,-3.826
-2.382,-3.709
-2.205,-3.827
-3.025,0.505
-3.046,0.754
-3.036,0.452
2.763,0.687
2.695,0.439
1.839,0.421
1.285,0.636
1.068,0.402
0.944,0.746
0.754,0.408
-0.04,0.744
-0.325,0.528
-1.468,0.662
-2.285,0.363
-2.568,0.061
-2.643,-1.813
-0.711,-1.972
-0.892,-0.201
-0.904,-1.305
-1.807,-1.495
-1.764,-1.635
-2.179,-0.592
-2.96,-0.714
1.938,-1.441
-2.297,-0.695
-2.494,-0.704
0.834,0.335
-1.962,0.145
-2.682,-3.48
2.2,-3.489
-0.562,0.472
-0.166,-1.085
-0.198,0.731
-0.29,2.715
-0.287,0.897
-0.355,-0.74
-0.382,0.092
-0.371,0.889
-0.439,1.409
-0.483,0.221
-0.619,1.398
-0.669,2.235
-1.0,-0.696
-1.134,1.317
-1.155,-0.308
-1.103,1.684
-1.14,0.607
-1.152,-0.924
-1.343,1.802
-1.387,0.929
-1.305,2.368
-1.412,-0.73
-1.449,2.311
-1.409,0.661
-1.431,2.21
-1.535,0.75
-1.611,0.389
-1.633,0.329
-1.678,-0.428
-1.875,-1.282
-1.889,0.141
-1.877,-0.233
-1.934,-0.49
-2.047,-0.543
-2.02,0.418
-2.168,-0.046
-2.127,0.916
-2.163,2.581
-2.195,-0.245
-2.272,2.468
-2.284,2.179
-2.398,-1.165
-2.344,1.507
-2.354,1.692
-2.346,1.164
-2.438,1.673
-2.445,2.623
-2.472,1.102
-2.41,1.003
-2.427,-0.04
-2.432,-1.106
3.043,-1.57
2.991,-1.301
2.853,-1.571
0.908,-1.535
-0.017,-1.384
-0.096,-1.558
-0.172,-1.395
-1.876,-1.512
-1.949,-1.218
-2.959,3.005
3.048,2.803
2.429,2.871
1.286,2.917
1.209,3.175
1.003,3.066
0.717,2.916
0.482,3.223
0.372,3.121
-0.021,2.899
-0.657,3.27
-0.726,3.222
-1.417,2.973
-1.54,3.275
-1.98,3.006
-1.909,2.895
3.112,-0.512
1.763,0.952
0.978,2.597
0.936,0.303
0.791,-0.27
0.461,-0.171
0.128,2.532
-1.492,-1.265
-3.078,-1.498
-1.908,-1.399
-2.827,2.878
-2.457,-0.747
-2.679,-1.088
-2.69,0.972
-2.745,0.547
-2.728,1.491
-2.979,0.717
-2.814,0.9
-2.968,0.773
-3.038,1.289
-2.961,1.149
-3.018,1.476
3.091,-0.997
3.043,0.289
2.963,0.577
2.766,0.853
2.89,0.851
2.686,-0.13
2.566,-0.8
2.485,1.544
2.441,0.258
2.447,-0.52
2.528,2.568
2.502,-0.991
2.334,-0.591
2.19,1.055
2.18,0.191
2.149,2.563
2.109,0.493
2.14,0.333
1.999,-1.047
1.945,0.322
1.787,1.336
1.893,0.847
1.8,1.302
1.776,0.171
1.619,-1.188
1.583,2.386
1.633,1.797
1.459,2.221
1.604,1.807
1.412,0.657
1.119,2.662
1.102,1.614
1.149,0.307
1.049,1.451
1.001,-0.018
0.815,-0.738
0.776,1.341
0.724,-0.332
0.841,2.131
0.627,1.92
0.59,1.451
0.698,2.611
0.647,-1.262
0.572,2.243
0.437,-1.201
0.402,2.403
0.397,-1.108
0.358,1.48
0.366,2.366
0.264,0.48
0.329,0.911
0.289,0.322
0.134,0.079
0.014,1.675
-0.014,0.168
-0.085,1.739
-0.39,2.711
-0.387,1.309
-0.388,-0.243
-0.597,-0.219
-0.692,1.892
-0.642,0.073
-0.687,-0.691
-0.941,0.254
-1.069,-0.035
-1.013,0.294
-1.254,0.776
-1.296,1.637
-1.255,0.502
-1.338,-0.502
-1.461,0.963
-1.483,0.935
-1.776,-0.033
-1.819,-1.019
-2.05,1.537
-2.066,0.87
-2.202,-0.895
-2.182,0.71
-2.308,2.489
-2.447,1.421
-2.587,-1.477
3.101,-1.569
2.393,-1.313
1.461,-1.432
1.259,-1.316
1.211,-1.477
0.498,-1.484
-1.067,-1.496
-2.171,-1.413
-2.305,-1.296
-2.128,-1.414
-2.948,2.918
-2.969,3.167
-2.959,2.865
2.84,3.1
2.772,2.852
1.916,2.834
1.362,3.049
1.145,2.815
1.021,3.159
0.831,2.821
0.037,3.157
-0.248,2.941
-1.391,3.075
-2.208,2.776
-2.491,2.474
-2.566,0.6
-0.634,0.441
-0.815,2.212
-0.827,1.108
-1.73,0.918
-1.687,0.778
-2.102,1.821
-2.883,1.699
2.015,0.972
-2.22,1.718
-2.417,1.709
0.911,2.748
-1.885,2.558
-2.605,-1.067
2.277,-1.076
-0.485,2.885
-0.032,1.816
-0.124,3.8
-0.121,1.982
-0.189,0.345
-0.216,1.177
-0.205,1.974
-0.273,2.494
-0.317,1.306
-0.453,2.483
-0.503,3.32
-0.834,0.389
-0.968,2.402
-0.989,0.777
-0.937,2.769
-0.974,1.692
-0.986,0.161
-1.177,2.887
-1.221,2.014
-1.139,3.453
-1.246,0.355
-1.283,3.396
-1.243,1.746
-1.265,3.295
-1.369,1.835
-1.445,1.474
-1.467,1.414
-1.512,0.657
-1.709,-0.197
-1.723,1.226
-1.711,0.852
-1.768,0.595
-1.881,0.542
-1.854,1.503
-2.002,1.039
-1.961,2.001
-1.997,3.666
-2.029,0.84
-2.106,3.553
-2.118,3.264
-2.232,-0.08
-2.178,2.592
-2.188,2.777
-2.18,2.249
-2.272,2.758
-2.279,3.708
-2.306,2.187
-2.244,2.088
-2.261,1.045
-2.266,-0.021
-3.074,-0.485
-3.126,-0.216
3.019,-0.486
1.074,-0.45
0.149,-0.299
0.07,-0.473
-0.006,-0.31
-1.71,-0.427
-1.783,-0.133
-2.793,4.09
-3.069,3.888
2.595,3.956
1.452,4.002
1.375,4.26
1.169,4.151
0.883,4.001
0.648,4.308
0.538,4.206
0.145,3.984
-0.491,4.355
-0.56,4.307
-1.251,4.058
-1.374,4.36
-1.814,4.091
-1.743,3.98
-3.005,0.573
1.929,2.037
1.144,3.682
1.102,1.388
0.957,0.815
0.627,0.914
0.294,3.617
-1.326,-0.18
-2.912,-0.413
-1.742,-0.314
-2.661,3.963
-2.291,0.338
-2.513,-0.003
-2.524,2.057
-2.579,1.632
-2.562,2.576
-2.813,1.802
-2.648,1.985
-2.802,1.858
-2.872,2.374
-2.795,2.234
-2.852,2.561
-3.026,0.088
-3.074,1.374
3.129,1.662
2.932,1.938
3.056,1.936
2.852,0.955
2.732,0.285
2.651,2.629
2.607,1.343
2.613,0.565
2.694,3.653
2.668,0.094
2.5,0.494
2.356,2.14
2.346,1.276
2.315,3.648
2.275,1.578
2.306,1.418
2.165,0.038
2.111,1.407
1.953,2.421
2.059,1.932
1.966,2.387
1.942,1.256
1.785,-0.103
1.749,3.471
1.799,2.882
1.625,3.306
1.77,2.892
1.578,1.742
1.285,3.747
1.268,2.699
1.315,1.392
1.215,2.536
1.167,1.067
0.981,0.347
0.942,2.426
0.89,0.753
1.007,3.216
0.793,3.005
0.756,2.536
0.864,3.696
0.813,-0.177
0.738,3.328
0.603,-0.116
0.568,3.488
0.563,-0.023
0.524,2.565
0.532,3.451
0.43,1.565
0.495,1.996
0.455,1.407
0.3,1.164
0.18,2.76
0.152,1.253
0.081,2.824
-0.224,3.796
-0.221,2.394
-0.222,0.842
-0.431,0.866
-0.526,2.977
-0.476,1.158
-0.521,0.394
-0.775,1.339
-0.903,1.05
-0.847,1.379
-1.088,1.861
-1.13,2.722
-1.089,1.587
-1.172,0.583
-1.295,2.048
-1.317,2.02
-1.61,1.052
-1.653,0.066
-1.884,2.622
-1.9,1.955
-2.036,0.19
-2.016,1.795
-2.142,3.574
-2.281,2.506
-2.421,-0.392
-3.016,-0.484
2.559,-0.228
1.627,-0.347
1.425,-0.231
1.377,-0.392
0.664,-0.399
-0.901,-0.411
-2.005,-0.328
-2.139,-0.211
-1.962,-0.329
-2.782,4.003
-2.803,4.252
-2.793,3.95
3.006,4.185
2.938,3.937
2.082,3.919
1.528,4.134
1.311,3.9
1.187,4.244
0.997,3.906
0.203,4.242
-0.082,4.026
-1.225,4.16
-2.042,3.861
-2.325,3.559
-2.4,1.685
-0.468,1.526
-0.649,3.297
-0.661,2.193
-1.564,2.003
-1.521,1.863
-1.936,2.906
-2.717,2.784
2.181,2.057
-2.054,2.803
-2.251,2.794
1.077,3.833
-1.719,3.643
-2.439,0.018
2.443,0.009
-0.319,3.97
-0.092,1.984
-0.089,0.166
-0.157,-1.471
-0.184,-0.639
-0.173,0.158
-0.241,0.678
-0.285,-0.51
-0.421,0.667
-0.471,1.504
-0.802,-1.427
-0.936,0.586
-0.957,-1.039
-0.905,0.953
-0.942,-0.124
-0.954,-1.655
-1.145,1.071
-1.189,0.198
-1.107,1.637
-1.214,-1.461
-1.251,1.58
-1.211,-0.07
-1.233,1.479
-1.337,0.019
-1.413,-0.342
-1.435,-0.402
-1.48,-1.159
-1.677,-2.013
-1.691,-0.59
-1.679,-0.964
-1.736,-1.221
-1.849,-1.274
-1.822,-0.313
-1.97,-0.777
-1.929,0.185
-1.965,1.85
-1.997,-0.976
-2.074,1.737
-2.086,1.448
-2.2,-1.896
-2.146,0.776
-2.156,0.961
-2.148,0.433
-2.24,0.942
-2.247,1.892
-2.274,0.371
-2.212,0.272
-2.229,-0.771
-2.234,-1.837
-3.042,-2.301
-3.094,-2.032
3.051,-2.302
1.106,-2.266
0.181,-2.115
0.102,-2.289
0.026,-2.126
-1.678,-2.243
-1.751,-1.949
-2.761,2.274
-3.037,2.072
2.627,2.14
1.484,2.186
1.407,2.444
1.201,2.335
0.915,2.185
0.68,2.492
0.57,2.39
0.177,2.168
-0.459,2.539
-0.528,2.491
-1.219,2.242
-1.342,2.544
-1.782,2.275
-1.711,2.164
-2.973,-1.243
1.961,0.221
1.176,1.866
1.134,-0.428
0.989,-1.001
0.659,-0.902
0.326,1.801
-1.294,-1.996
-2.88,-2.229
-1.71,-2.13
-2.629,2.147
-2.259,-1.478
-2.481,-1.819
-2.492,0.241
-2.547,-0.184
-2.53,0.76
-2.781,-0.014
-2.616,0.169
-2.77,0.042
-2.84,0.558
-2.763,0.418
-2.82,0.745
-2.994,-1.728
-3.042,-0.442
-3.122,-0.154
2.964,0.122
3.088,0.12
2.884,-0.861
2.764,-1.531
2.683,0.813
2.639,-0.473
2.645,-1.251
2.726,1.837
2.7,-1.722
2.532,-1.322
2.388,0.324
2.378,-0.54
2.347,1.832
2.307,-0.238
2.338,-0.398
2.197,-1.778
2.143,-0.409
1.985,0.605
2.091,0.116
1.998,0.571
1.974,-0.56
1.817,-1.919
1.781,1.655
1.831,1.066
1.657,1.49
1.802,1.076
1.61,-0.074
1.317,1.931
1.3,0.883
1.347,-0.424
1.247,0.72
1.199,-0.749
1.013,-1.469
0.974,0.61
0.922,-1.063
1.039,1.4
0.825,1.189
0.788,0.72
0.896,1.88
0.845,-1.993
0.77,1.512
0.635,-1.932
0.6,1.672
0.595,-1.839
0.556,0.749
0.564,1.635
0.462,-0.251
0.527,0.18
0.487,-0.409
0.332,-0.652
0.212,0.944
0.184,-0.563
0.113,1.008
-0.192,1.98
-0.189,0.578
-0.19,-0.974
-0.399,-0.95
-0.494,1.161
-0.444,-0.658
-0.489,-1.422
-0.743,-0.477
-0.871,-0.766
-0.815,-0.437
-1.056,0.045
-1.098,0.906
-1.057,-0.229
-1.14,-1.233
-1.263,0.232
-1.285,0.204
-1.578,-0.764
-1.621,-1.75
-1.852,0.806
-1.868,0.139
-2.004,-1.626
-1.984,-0.021
-2.11,1.758
-2.249,0.69
-2.389,-2.208
-2.984,-2.3
2.591,-2.044
1.659,-2.163
1.457,-2.047
1.409,-2.208
0.696,-2.215
-0.869,-2.227
-1.973,-2.144
-2.107,-2.027
-1.93,-2.145
-2.75,2.187
-2.771,2.436
-2.761,2.134
3.038,2.369
2.97,2.121
2.114,2.103
1.56,2.318
1.343,2.084
1.219,2.428
1.029,2.09
0.235,2.426
-0.05,2.21
-1.193,2.344
-2.01,2.045
-2.293,1.743
-2.368,-0.131
-0.436,-0.29
-0.617,1.481
-0.629,0.377
-1.532,0.187
-1.489,0.047
-1.904,1.09
-2.685,0.968
2.213,0.241
-2.022,0.987
-2.219,0.978
1.109,2.017
-1.687,1.827
-2.407,-1.798
2.475,-1.807
-0.287,2.154
0.003,-1.818
-0.065,-3.455
-0.092,-2.623
-0.081,-1.826
-0.149,-1.306
-0.193,-2.494
-0.329,-1.317
-0.379,-0.48
-0.71,-3.411
-0.844,-1.398
-0.865,-3.023
-0.813,-1.031
-0.85,-2.108
-0.862,-3.639
-1.053,-0.913
-1.097,-1.786
-1.015,-0.347
-1.122,-3.445
-1.159,-0.404
-1.119,-2.054
-1.141,-0.505
-1.245,-1.965
-1.321,-2.326
-1.343,-2.386
-1.388,-3.143
-1.585,-3.997
-1.599,-2.574
-1.587,-2.948
-1.644,-3.205
-1.757,-3.258
-1.73,-2.297
-1.878,-2.761
-1.837,-1.799
-1.873,-0.134
-1.905,-2.96
-1.982,-0.247
-1.994,-0.536
-2.108,-3.88
-2.054,-1.208
-2.064,-1.023
-2.056,-1.551
-2.148,-1.042
-2.155,-0.092
-2.182,-1.613
-2.12,-1.712
-2.137,-2.755
-2.142,-3.821
-2.95,-4.285
-3.002,-4.016
-3.14,-4.286
1.198,-4.25
0.273,-4.099
0.194,-4.273
0.118,-4.11
-1.586,-4.227
-1.659,-3.933
-2.669,0.29
-2.945,0.088
2.719,0.156
1.576,0.202
1.499,0.46
1.293,0.351
1.007,0.201
0.772,0.508
0.662,0.406
0.269,0.184
-0.367,0.555
-0.436,0.507
-1.127,0.258
-1.25,0.56
-1.69,0.291
-1.619,0.18
-2.881,-3.227
2.053,-1.763
1.268,-0.118
1.226,-2.412
1.081,-2.985
0.751,-2.886
0.418,-0.183
-1.202,-3.98
-2.788,-4.213
-1.618,-4.114
-2.537,0.163
-2.167,-3.462
-2.389,-3.803
-2.4,-1.743
-2.455,-2.168
-2.438,-1.224
-2.689,-1.998
-2.524,-1.815
-2.678,-1.942
-2.748,-1.426
-2.671,-1.566
-2.728,-1.239
-2.902,-3.712
-2.95,-2.426
-3.03,-2.138
3.056,-1.862
-3.103,-1.864
2.976,-2.845
2.856,-3.515
2.775,-1.171
2.731,-2.457
2.737,-3.235
2.818,-0.147
2.792,-3.706
2.624,-3.306
2.48,-1.66
2.47,-2.524
2.439,-0.152
2.399,-2.222
2.43,-2.382
2.289,-3.762
2.235,-2.393
2.077,-1.379
2.183,-1.868
2.09,-1.413
2.066,-2.544
1.909,-3.903
1.873,-0.329
1.923,-0.918
1.749,-0.494
1.894,-0.908
1.702,-2.058
1.409,-0.053
1.392,-1.101
1.439,-2.408
1.339,-1.264
1.291,-2.733
1.105,-3.453
1.066,-1.374
1.014,-3.047
1.131,-0.584
0.917,-0.795
0.88,-1.264
0.988,-0.104
0.937,-3.977
0.862,-0.472
0.727,-3.916
0.692,-0.312
0.687,-3.823
0.648,-1.235
0.656,-0.349
0.554,-2.235
0.619,-1.804
0.579,-2.393
0.424,-2.636
0.304,-1.04
0.276,-2.547
0.205,-0.976
-0.1,-0.004
-0.097,-1.406
-0.098,-2.958
-0.307,-2.934
-0.402,-0.823
-0.352,-2.642
-0.397,-3.406
-0.651,-2.461
-0.779,-2.75
-0.723,-2.421
-0.964,-1.939
-1.006,-1.078
-0.965,-2.213
-1.048,-3.217
-1.171,-1.752
-1.193,-1.78
-1.486,-2.748
-1.529,-3.734
-1.76,-1.178
-1.776,-1.845
-1.912,-3.61
-1.892,-2.005
-2.018,-0.226
-2.157,-1.294
-2.297,-4.192
-2.892,-4.284
2.683,-4.028
1.751,-4.147
1.549,-4.031
1.501,-4.192
0.788,-4.199
-0.777,-4.211
-1.881,-4.128
-2.015,-4.011
-1.838,-4.129
-2.658,0.203
-2.679,0.452
-2.669,0.15
3.13,0.385
3.062,0.137
2.206,0.119
1.652,0.334
1.435,0.1
1.311,0.444
1.121,0.106
0.327,0.442
0.042,0.226
-1.101,0.36
-1.918,0.061
-2.201,-0.241
-2.276,-2.115
-0.344,-2.274
-0.525,-0.503
-0.537,-1.607
-1.44,-1.797
-1.397,-1.937
-1.812,-0.894
-2.593,-1.016
2.305,-1.743
-1.93,-0.997
-2.127,-1.006
1.201,0.033
-1.595,-0.157
-2.315,-3.782
2.567,-3.791
-0.195,0.17
-0.068,-1.637
-0.095,-0.805
-0.084,-0.008
-0.152,0.512
-0.196,-0.676
-0.332,0.501
-0.382,1.338
-0.713,-1.593
-0.847,0.42
-0.868,-1.205
-0.816,0.787
-0.853,-0.29
-0.865,-1.821
-1.056,0.905
-1.1,0.032
-1.018,1.471
-1.125,-1.627
-1.162,1.414
-1.122,-0.236
-1.144,1.313
-1.248,-0.147
-1.324,-0.508
-1.346,-0.568
-1.391,-1.325
-1.588,-2.179
-1.602,-0.756
-1.59,-1.13
-1.647,-1.387
-1.76,-1.44
-1.733,-0.479
-1.881,-0.943
-1.84,0.019
-1.876,1.684
-1.908,-1.142
-1.985,1.571
-1.997,1.282
-2.111,-2.062
-2.057,0.61
-2.067,0.795
-2.059,0.267
-2.151,0.776
-2.158,1.726
-2.185,0.205
-2.123,0.106
-2.14,-0.937
-2.145,-2.003
-2.953,-2.467
-3.005,-2.198
3.14,-2.468
1.195,-2.432
0.27,-2.281
0.191,-2.455
0.115,-2.292
-1.589,-2.409
-1.662,-2.115
-2.672,2.108
-2.948,1.906
2.716,1.974
1.573,2.02
1.496,2.278
1.29,2.169
1.004,2.019
0.769,2.326
0.659,2.224
0.266,2.002
-0.37,2.373
-0.439,2.325
-1.13,2.076
-1.253,2.378
-1.693,2.109
-1.622,1.998
-2.884,-1.409
2.05,0.055
1.265,1.7
1.223,-0.594
1.078,-1.167
0.748,-1.068
0.415,1.635
-1.205,-2.162
-2.791,-2.395
-1.621,-2.296
-2.54,1.981
-2.17,-1.644
-2.392,-1.985
-2.403,0.075
-2.458,-0.35
-2.441,0.594
-2.692,-0.18
-2.527,0.003
-2.681,-0.124
-2.751,0.392
-2.674,0.252
-2.731,0.579
-2.905,-1.894
-2.953,-0.608
-3.033,-0.32
3.053,-0.044
-3.106,-0.046
2.973,-1.027
2.853,-1.697
2.772,0.647
2.728,-0.639
2.734,-1.417
2.815,1.671
2.789,-1.888
2.621,-1.488
2.477,0.158
2.467,-0.706
2.436,1.666
2.396,-0.404
2.427,-0.564
2.286,-1.944
2.232,-0.575
2.074,0.439
2.18,-0.05
2.087,0.405
2.063,-0.726
1.906,-2.085
1.87,1.489
1.92,0.9
1.746,1.324
1.891,0.91
1.699,-0.24
1.406,1.765
1.389,0.717
1.436,-0.59
1.336,0.554
1.288,-0.915
1.102,-1.635
1.063,0.444
1.011,-1.229
1.128,1.234
0.914,1.023
0.877,0.554
0.985,1.714
0.934,-2.159
0.859,1.346
0.724,-2.098
0.689,1.506
0.684,-2.005
0.645,0.583
0.653,1.469
0.551,-0.417
0.616,0.014
0.576,-0.575
0.421,-0.818
0.301,0.778
0.273,-0.729
0.202,0.842
-0.103,1.814
-0.1,0.412
-0.101,-1.14
-0.31,-1.116
-0.405,0.995
-0.355,-0.824
-0.4,-1.588
-0.654,-0.643
-0.782,-0.932
-0.726,-0.603
-0.967,-0.121
-1.009,0.74
-0.968,-0.395
-1.051,-1.399
-1.174,0.066
-1.196,0.038
-1.489,-0.93
-1.532,-1.916
-1.763,0.64
-1.779,-0.027
-1.915,-1.792
-1.895,-0.187
-2.021,1.592
-2.16,0.524
-2.3,-2.374
-2.895,-2.466
2.68,-2.21
1.748,-2.329
1.546,-2.213
1.498,-2.374
0.785,-2.381
-0.78,-2.393
-1.884,-2.31
-2.018,-2.193
-1.841,-2.311
-2.661,2.021
-2.682,2.27
-2.672,1.968
3.127,2.203
3.059,1.955
2.203,1.937
1.649,2.152
1.432,1.918
1.308,2.262
1.118,1.924
0.324,2.26
0.039,2.044
-1.104,2.178
-1.921,1.879
-2.204,1.577
-2.279,-0.297
-0.347,-0.456
-0.528,1.315
-0.54,0.211
-1.443,0.021
-1.4,-0.119
-1.815,0.924
-2.596,0.802
2.302,0.075
-1.933,0.821
-2.13,0.812
1.198,1.851
-1.598,1.661
-2.318,-1.964
2.564,-1.973
-0.198,1.988
-0.027,0.832
-0.016,1.629
-0.084,2.149
-0.128,0.961
-0.264,2.138
-0.314,2.975
-0.645,0.044
-0.779,2.057
-0.8,0.432
-0.748,2.424
-0.785,1.347
-0.797,-0.184
-0.988,2.542
-1.032,1.669
-0.95,3.108
-1.057,0.01
-1.094,3.051
-1.054,1.401
-1.076,2.95
-1.18,1.49
-1.256,1.129
-1.278,1.069
-1.323,0.312
-1.52,-0.542
-1.534,0.881
-1.522,0.507
-1.579,0.25
-1.692,0.197
-1.665,1.158
-1.813,0.694
-1.772,1.656
-1.808,3.321
-1.84,0.495
-1.917,3.208
-1.929,2.919
-2.043,-0.425
-1.989,2.247
-1.999,2.432
-1.991,1.904
-2.083,2.413
-2.09,3.363
-2.117,1.842
-2.055,1.743
-2.072,0.7
-2.077,-0.366
-2.885,-0.83
-2.937,-0.561
-3.075,-0.831
1.263,-0.795
0.338,-0.644
0.259,-0.818
0.183,-0.655
-1.521,-0.772
-1.594,-0.478
-2.604,3.745
-2.88,3.543
2.784,3.611
1.641,3.657
1.564,3.915
1.358,3.806
1.072,3.656
0.837,3.963
0.727,3.861
0.334,3.639
-0.302,4.01
-0.371,3.962
-1.062,3.713
-1.185,4.015
-1.625,3.746
-1.554,3.635
-2.816,0.228
2.118,1.692
1.333,3.337
1.291,1.043
1.146,0.47
0.816,0.569
0.483,3.272
-1.137,-0.525
-2.723,-0.758
-1.553,-0.659
-2.472,3.618
-2.102,-0.007
-2.324,-0.348
-2.335,1.712
-2.39,1.287
-2.373,2.231
-2.624,1.457
-2.459,1.64
-2.613,1.513
-2.683,2.029
-2.606,1.889
-2.663,2.216
-2.837,-0.257
-2.885,1.029
-2.965,1.317
3.121,1.593
-3.038,1.591
3.041,0.61
2.921,-0.06
2.84,2.284
2.796,0.998
2.802,0.22
2.883,3.308
2.857,-0.251
2.689,0.149
2.545,1.795
2.535,0.931
2.504,3.303
2.464,1.233
2.495,1.073
2.354,-0.307
2.3,1.062
2.142,2.076
2.248,1.587
2.155,2.042
2.131,0.911
1.974,-0.448
1.938,3.126
1.988,2.537
1.814,2.961
1.959,2.547
1.767,1.397
1.474,3.402
1.457,2.354
1.504,1.047
1.404,2.191
1.356,0.722
1.17,0.002
1.131,2.081
1.079,0.408
1.196,2.871
0.982,2.66
0.945,2.191
1.053,3.351
1.002,-0.522
0.927,2.983
0.792,-0.461
0.757,3.143
0.752,-0.368
0.713,2.22
0.721,3.106
0.619,1.22
0.684,1.651
0.644,1.062
0.489,0.819
0.369,2.415
0.341,0.908
0.27,2.479
-0.035,3.451
-0.032,2.049
-0.033,0.497
-0.242,0.521
-0.337,2.632
-0.287,0.813
-0.332,0.049
-0.586,0.994
-0.714,0.705
-0.658,1.034
-0.899,1.516
-0.941,2.377
-0.9,1.242
-0.983,0.238
-1.106,1.703
-1.128,1.675
-1.421,0.707
-1.464,-0.279
-1.695,2.277
-1.711,1.61
-1.847,-0.155
-1.827,1.45
-1.953,3.229
-2.092,2.161
-2.232,-0.737
-2.827,-0.829
2.748,-0.573
1.816,-0.692
1.614,-0.576
1.566,-0.737
0.853,-0.744
-0.712,-0.756
-1.816,-0.673
-1.95,-0.556
-1.773,-0.674
-2.593,3.658
-2.614,3.907
-2.604,3.605
-3.088,3.84
3.127,3.592
2.271,3.574
1.717,3.789
1.5,3.555
1.376,3.899
1.186,3.561
0.392,3.897
0.107,3.681
-1.036,3.815
-1.853,3.516
-2.136,3.214
-2.211,1.34
-0.279,1.181
-0.46,2.952
-0.472,1.848
-1.375,1.658
-1.332,1.518
-1.747,2.561
-2.528,2.439
2.37,1.712
-1.865,2.458
-2.062,2.449
1.266,3.488
-1.53,3.298
-2.25,-0.327
2.632,-0.336
-0.13,3.625
0.011,0.797
-0.057,1.317
-0.101,0.129
-0.237,1.306
-0.287,2.143
-0.618,-0.788
-0.752,1.225
-0.773,-0.4
-0.721,1.592
-0.758,0.515
-0.77,-1.016
-0.961,1.71
-1.005,0.837
-0.923,2.276
-1.03,-0.822
-1.067,2.219
-1.027,0.569
-1.049,2.118
-1.153,0.658
-1.229,0.297
-1.251,0.237
-1.296,-0.52
-1.493,-1.374
-1.507,0.049
-1.495,-0.325
-1.552,-0.582
-1.665,-0.635
-1.638,0.326
-1.786,-0.138
-1.745,0.824
-1.781,2.489
-1.813,-0.337
-1.89,2.376
-1.902,2.087
-2.016,-1.257
-1.962,1.415
-1.972,1.6
-1.964,1.072
-2.056,1.581
-2.063,2.531
-2.09,1.01
-2.028,0.911
-2.045,-0.132
-2.05,-1.198
-2.858,-1.662
-2.91,-1.393
-3.048,-1.663
1.29,-1.627
0.365,-1.476
0.286,-1.65
0.21,-1.487
-1.494,-1.604
-1.567,-1.31
-2.577,2.913
-2.853,2.711
2.811,2.779
1.668,2.825
1.591,3.083
1.385,2.974
1.099,2.824
0.864,3.131
0.754,3.029
0.361,2.807
-0.275,3.178
-0.344,3.13
-1.035,2.881
-1.158,3.183
-1.598,2.914
-1.527,2.803
-2.789,-0.604
2.145,0.86
1.36,2.505
1.318,0.211
1.173,-0.362
0.843,-0.263
0.51,2.44
-1.11,-1.357
-2.696,-1.59
-1.526,-1.491
-2.445,2.786
-2.075,-0.839
-2.297,-1.18
-2.308,0.88
-2.363,0.455
-2.346,1.399
-2.597,0.625
-2.432,0.808
-2.586,0.681
-2.656,1.197
-2.579,1.057
-2.636,1.384
-2.81,-1.089
-2.858,0.197
-2.938,0.485
-3.135,0.761
-3.011,0.759
3.068,-0.222
2.948,-0.892
2.867,1.452
2.823,0.166
2.829,-0.612
2.91,2.476
2.884,-1.083
2.716,-0.683
2.572,0.963
2.562,0.099
2.531,2.471
2.491,0.401
2.522,0.241
2.381,-1.139
2.327,0.23
2.169,1.244
2.275,0.755
2.182,1.21
2.158,0.079
2.001,-1.28
1.965,2.294
2.015,1.705
1.841,2.129
1.986,1.715
1.794,0.565
1.501,2.57
1.484,1.522
1.531,0.215
1.431,1.359
1.383,-0.11
1.197,-0.83
1.158,1.249
1.106,-0.424
1.223,2.039
1.009,1.828
0.972,1.359
1.08,2.519
1.029,-1.354
0.954,2.151
0.819,-1.293
0.784,2.311
0.779,-1.2
0.74,1.388
0.748,2.274
0.646,0.388
0.711,0.819
0.671,0.23
0.516,-0.013
0.396,1.583
0.368,0.076
0.297,1.647
-0.008,2.619
-0.005,1.217
-0.006,-0.335
-0.215,-0.311
-0.31,1.8
-0.26,-0.019
-0.305,-0.783
-0.559,0.162
-0.687,-0.127
-0.631,0.202
-0.872,0.684
-0.914,1.545
-0.873,0.41
-0.956,-0.594
-1.079,0.871
-1.101,0.843
-1.394,-0.125
-1.437,-1.111
-1.668,1.445
-1.684,0.778
-1.82,-0.987
-1.8,0.618
-1.926,2.397
-2.065,1.329
-2.205,-1.569
-2.8,-1.661
2.775,-1.405
1.843,-1.524
1.641,-1.408
1.593,-1.569
0.88,-1.576
-0.685,-1.588
-1.789,-1.505
-1.923,-1.388
-1.746,-1.506
-2.566,2.826
-2.587,3.075
-2.577,2.773
-3.061,3.008
-3.129,2.76
2.298,2.742
1.744,2.957
1.527,2.723
1.403,3.067
1.213,2.729
0.419,3.065
0.134,2.849
-1.009,2.983
-1.826,2.684
-2.109,2.382
-2.184,0.508
-0.252,0.349
-0.433,2.12
-0.445,1.016
-1.348,0.826
-1.305,0.686
-1.72,1.729
-2.501,1.607
2.397,0.88
-1.838,1.626
-2.035,1.617
1.293,2.656
-1.503,2.466
-2.223,-1.159
2.659,-1.168
-0.103,2.793
-0.068,0.52
-0.112,-0.668
-0.248,0.509
-0.298,1.346
-0.629,-1.585
-0.763,0.428
-0.784,-1.197
-0.732,0.795
-0.769,-0.282
-0.781,-1.813
-0.972,0.913
-1.016,0.04
-0.934,1.479
-1.041,-1.619
-1.078,1.422
-1.038,-0.228
-1.06,1.321
-1.164,-0.139
-1.24,-0.5
-1.262,-0.56
-1.307,-1.317
-1.504,-2.171
-1.518,-0.748
-1.506,-1.122
-1.563,-1.379
-1.676,-1.432
-1.649,-0.471
-1.797,-0.935
-1.756,0.027
-1.792,1.692
-1.824,-1.134
-1.901,1.579
-1.913,1.29
-2.027,-2.054
-1.973,0.618
-1.983,0.803
-1.975,0.275
-2.067,0.784
-2.074,1.734
-2.101,0.213
-2.039,0.114
-2.056,-0.929
-2.061,-1.995
-2.869,-2.459
-2.921,-2.19
-3.059,-2.46
1.279,-2.424
0.354,-2.273
0.275,-2.447
0.199,-2.284
-1.505,-2.401
-1.578,-2.107
-2.588,2.116
-2.864,1.914
2.8,1.982
1.657,2.028
1.58,2.286
1.374,2.177
1.088,2.027
0.853,2.334
0.743,2.232
0.35,2.01
-0.286,2.381
-0.355,2.333
-1.046,2.084
-1.169,2.386
-1.609,2.117
-1.538,2.006
-2.8,-1.401
2.134,0.063
1.349,1.708
1.307,-0.586
1.162,-1.159
0.832,-1.06
0.499,1.643
-1.121,-2.154
-2.707,-2.387
-1.537,-2.288
-2.456,1.989
-2.086,-1.636
-2.308,-1.977
-2.319,0.083
-2.374,-0.342
-2.357,0.602
-2.608,-0.172
-2.443,0.011
-2.597,-0.116
-2.667,0.4
-2.59,0.26
-2.647,0.587
-2.821,-1.886
-2.869,-0.6
-2.949,-0.312
3.137,-0.036
-3.022,-0.038
3.057,-1.019
2.937,-1.689
2.856,0.655
2.812,-0.631
2.818,-1.409
2.899,1.679
2.873,-1.88
2.705,-1.48
2.561,0.166
2.551,-0.698
2.52,1.674
2.48,-0.396
2.511,-0.556
2.37,-1.936
2.316,-0.567
2.158,0.447
2.264,-0.042
2.171,0.413
2.147,-0.718
1.99,-2.077
1.954,1.497
2.004,0.908
1.83,1.332
1.975,0.918
1.783,-0.232
1.49,1.773
1.473,0.725
1.52,-0.582
1.42,0.562
1.372,-0.907
1.186,-1.627
1.147,0.452
1.095,-1.221
1.212,1.242
0.998,1.031
0.961,0.562
1.069,1.722
1.018,-2.151
0.943,1.354
0.808,-2.09
0.773,1.514
0.768,-1.997
0.729,0.591
0.737,1.477
0.635,-0.409
0.7,0.022
0.66,-0.567
0.505,-0.81
0.385,0.786
0.357,-0.721
0.286,0.85
-0.019,1.822
-0.016,0.42
-0.017,-1.132
-0.226,-1.108
-0.321,1.003
-0.271,-0.816
-0.316,-1.58
-0.57,-0.635
-0.698,-0.924
-0.642,-0.595
-0.883,-0.113
-0.925,0.748
-0.884,-0.387
-0.967,-1.391
-1.09,0.074
-1.112,0.046
-1.405,-0.922
-1.448,-1.908
-1.679,0.648
-1.695,-0.019
-1.831,-1.784
-1.811,-0.179
-1.937,1.6
-2.076,0.532
-2.216,-2.366
-2.811,-2.458
2.764,-2.202
1.832,-2.321
1.63,-2.205
1.582,-2.366
0.869,-2.373
-0.696,-2.385
-1.8,-2.302
-1.934,-2.185
-1.757,-2.303
-2.577,2.029
-2.598,2.278
-2.588,1.976
-3.072,2.211
-3.14,1.963
2.287,1.945
1.733,2.16
1.516,1.926
1.392,2.27
1.202,1.932
0.408,2.268
0.123,2.052
-1.02,2.186
-1.837,1.887
-2.12,1.585
-2.195,-0.289
-0.263,-0.448
-0.444,1.323
-0.456,0.219
-1.359,0.029
-1.316,-0.111
-1.731,0.932
-2.512,0.81
2.386,0.083
-1.849,0.829
-2.046,0.82
1.282,1.859
-1.514,1.669
-2.234,-1.956
2.648,-1.965
-0.114,1.996
-0.044,-1.188
-0.18,-0.011
-0.23,0.826
-0.561,-2.105
-0.695,-0.092
-0.716,-1.717
-0.664,0.275
-0.701,-0.802
-0.713,-2.333
-0.904,0.393
-0.948,-0.48
-0.866,0.959
-0.973,-2.139
-1.01,0.902
-0.97,-0.748
-0.992,0.801
-1.096,-0.659
-1.172,-1.02
-1.194,-1.08
-1.239,-1.837
-1.436,-2.691
-1.45,-1.268
-1.438,-1.642
-1.495,-1.899
-1.608,-1.952
-1.581,-0.991
-1.729,-1.455
-1.688,-0.493
-1.724,1.172
-1.756,-1.654
-1.833,1.059
-1.845,0.77
-1.959,-2.574
-1.905,0.098
-1.915,0.283
-1.907,-0.245
-1.999,0.264
-2.006,1.214
-2.033,-0.307
-1.971,-0.406
-1.988,-1.449
-1.993,-2.515
-2.801,-2.979
-2.853,-2.71
-2.991,-2.98
1.347,-2.944
0.422,-2.793
0.343,-2.967
0.267,-2.804
-1.437,-2.921
-1.51,-2.627
-2.52,1.596
-2.796,1.394
2.868,1.462
1.725,1.508
1.648,1.766
1.442,1.657
1.156,1.507
0.921,1.814
0.811,1.712
0.418,1.49
-0.218,1.861
-0.287,1.813
-0.978,1.564
-1.101,1.866
-1.541,1.597
-1.47,1.486
-2.732,-1.921
2.202,-0.457
1.417,1.188
1.375,-1.106
1.23,-1.679
0.9,-1.58
0.567,1.123
-1.053,-2.674
-2.639,-2.907
-1.469,-2.808
-2.388,1.469
-2.018,-2.156
-2.24,-2.497
-2.251,-0.437
-2.306,-0.862
-2.289,0.082
-2.54,-0.692
-2.375,-0.509
-2.529,-0.636
-2.599,-0.12
-2.522,-0.26
-2.579,0.067
-2.753,-2.406
-2.801,-1.12
-2.881,-0.832
-3.078,-0.556
-2.954,-0.558
3.125,-1.539
3.005,-2.209
2.924,0.135
2.88,-1.151
2.886,-1.929
2.967,1.159
2.941,-2.4
2.773,-2.0
2.629,-0.354
2.619,-1.218
2.588,1.154
2.548,-0.916
2.579,-1.076
2.438,-2.456
2.384,-1.087
2.226,-0.073
2.332,-0.562
2.239,-0.107
2.215,-1.238
2.058,-2.597
2.022,0.977
2.072,0.388
1.898,0.812
2.043,0.398
1.851,-0.752
1.558,1.253
1.541,0.205
1.588,-1.102
1.488,0.042
1.44,-1.427
1.254,-2.147
1.215,-0.068
1.163,-1.741
1.28,0.722
1.066,0.511
1.029,0.042
1.137,1.202
1.086,-2.671
1.011,0.834
0.876,-2.61
0.841,0.994
0.836,-2.517
0.797,0.071
0.805,0.957
0.703,-0.929
0.768,-0.498
0.728,-1.087
0.573,-1.33
0.453,0.266
0.425,-1.241
0.354,0.33
0.049,1.302
0.052,-0.1
0.051,-1.652
-0.158,-1.628
-0.253,0.483
-0.203,-1.336
-0.248,-2.1
-0.502,-1.155
-0.63,-1.444
-0.574,-1.115
-0.815,-0.633
-0.857,0.228
-0.816,-0.907
-0.899,-1.911
-1.022,-0.446
-1.044,-0.474
-1.337,-1.442
-1.38,-2.428
-1.611,0.128
-1.627,-0.539
-1.763,-2.304
-1.743,-0.699
-1.869,1.08
-2.008,0.012
-2.148,-2.886
-2.743,-2.978
2.832,-2.722
1.9,-2.841
1.698,-2.725
1.65,-2.886
0.937,-2.893
-0.628,-2.905
-1.732,-2.822
-1.866,-2.705
-1.689,-2.823
-2.509,1.509
-2.53,1.758
-2.52,1.456
-3.004,1.691
-3.072,1.443
2.355,1.425
1.801,1.64
1.584,1.406
1.46,1.75
1.27,1.412
0.476,1.748
0.191,1.532
-0.952,1.666
-1.769,1.367
-2.052,1.065
-2.127,-0.809
-0.195,-0.968
-0.376,0.803
-0.388,-0.301
-1.291,-0.491
-1.248,-0.631
-1.663,0.412
-2.444,0.29
2.454,-0.437
-1.781,0.309
-1.978,0.3
1.35,1.339
-1.446,1.149
-2.166,-2.476
2.716,-2.485
-0.046,1.476
-0.136,1.177
-0.186,2.014
-0.517,-0.917
-0.651,1.096
-0.672,-0.529
-0.62,1.463
-0.657,0.386
-0.669,-1.145
-0.86,1.581
-0.904,0.708
-0.822,2.147
-0.929,-0.951
-0.966,2.09
-0.926,0.44
-0.948,1.989
-1.052,0.529
-1.128,0.168
-1.15,0.108
-1.195,-0.649
-1.392,-1.503
-1.406,-0.08
-1.394,-0.454
-1.451,-0.711
-1.564,-0.764
-1.537,0.197
-1.685,-0.267
-1.644,0.695
-1.68,2.36
-1.712,-0.466
-1.789,2.247
-1.801,1.958
-1.915,-1.386
-1.861,1.286
-1.871,1.471
-1.863,0.943
-1.955,1.452
-1.962,2.402
-1.989,0.881
-1.927,0.782
-1.944,-0.261
-1.949,-1.327
-2.757,-1.791
-2.809,-1.522
-2.947,-1.792
1.391,-1.756
0.466,-1.605
0.387,-1.779
0.311,-1.616
-1.393,-1.733
-1.466,-1.439
-2.476,2.784
-2.752,2.582
2.912,2.65
1.769,2.696
1.692,2.954
1.486,2.845
1.2,2.695
0.965,3.002
0.855,2.9
0.462,2.678
-0.174,3.049
-0.243,3.001
-0.934,2.752
-1.057,3.054
-1.497,2.785
-1.426,2.674
-2.688,-0.733
2.246,0.731
1.461,2.376
1.419,0.082
1.274,-0.491
0.944,-0.392
0.611,2.311
-1.009,-1.486
-2.595,-1.719
-1.425,-1.62
-2.344,2.657
-1.974,-0.968
-2.196,-1.309
-2.207,0.751
-2.262,0.326
-2.245,1.27
-2.496,0.496
-2.331,0.679
-2.485,0.552
-2.555,1.068
-2.478,0.928
-2.535,1.255
-2.709,-1.218
-2.757,0.068
-2.837,0.356
-3.034,0.632
-2.91,0.63
-3.114,-0.351
3.049,-1.021
2.968,1.323
2.924,0.037
2.93,-0.741
3.011,2.347
2.985,-1.212
2.817,-0.812
2.673,0.834
2.663,-0.03
2.632,2.342
2.592,0.272
2.623,0.112
2.482,-1.268
2.428,0.101
2.27,1.115
2.376,0.626
2.283,1.081
2.259,-0.05
2.102,-1.409
2.066,2.165
2.116,1.576
1.942,2.0
2.087,1.586
1.895,0.436
1.602,2.441
1.585,1.393
1.632,0.086
1.532,1.23
1.484,-0.239
1.298,-0.959
1.259,1.12
1.207,-0.553
1.324,1.91
1.11,1.699
1.073,1.23
1.181,2.39
1.13,-1.483
1.055,2.022
0.92,-1.422
0.885,2.182
0.88,-1.329
0.841,1.259
0.849,2.145
0.747,0.259
0.812,0.69
0.772,0.101
0.617,-0.142
0.497,1.454
0.469,-0.053
0.398,1.518
0.093,2.49
0.096,1.088
0.095,-0.464
-0.114,-0.44
-0.209,1.671
-0.159,-0.148
-0.204,-0.912
-0.458,0.033
-0.586,-0.256
-0.53,0.073
-0.771,0.555
-0.813,1.416
-0.772,0.281
-0.855,-0.723
-0.978,0.742
-1.0,0.714
-1.293,-0.254
-1.336,-1.24
-1.567,1.316
-1.583,0.649
-1.719,-1.116
-1.699,0.489
-1.825,2.268
-1.964,1.2
-2.104,-1.698
-2.699,-1.79
2.876,-1.534
1.944,-1.653
1.742,-1.537
1.694,-1.698
0.981,-1.705
-0.584,-1.717
-1.688,-1.634
-1.822,-1.517
-1.645,-1.635
-2.465,2.697
-2.486,2.946
-2.476,2.644
-2.96,2.879
-3.028,2.631
2.399,2.613
1.845,2.828
1.628,2.594
1.504,2.938
1.314,2.6
0.52,2.936
0.235,2.72
-0.908,2.854
-1.725,2.555
-2.008,2.253
-2.083,0.379
-0.151,0.22
-0.332,1.991
-0.344,0.887
-1.247,0.697
-1.204,0.557
-1.619,1.6
-2.4,1.478
2.498,0.751
-1.737,1.497
-1.934,1.488
1.394,2.527
-1.402,2.337
-2.122,-1.288
2.76,-1.297
-0.002,2.664
-0.05,0.837
-0.381,-2.094
-0.515,-0.081
-0.536,-1.706
-0.484,0.286
-0.521,-0.791
-0.533,-2.322
-0.724,0.404
-0.768,-0.469
-0.686,0.97
-0.793,-2.128
-0.83,0.913
-0.79,-0.737
-0.812,0.812
-0.916,-0.648
-0.992,-1.009
-1.014,-1.069
-1.059,-1.826
-1.256,-2.68
-1.27,-1.257
-1.258,-1.631
-1.315,-1.888
-1.428,-1.941
-1.401,-0.98
-1.549,-1.444
-1.508,-0.482
-1.544,1.183
-1.576,-1.643
-1.653,1.07
-1.665,0.781
-1.779,-2.563
-1.725,0.109
-1.735,0.294
-1.727,-0.234
-1.819,0.275
-1.826,1.225
-1.853,-0.296
-1.791,-0.395
-1.808,-1.438
-1.813,-2.504
-2.621,-2.968
-2.673,-2.699
-2.811,-2.969
1.527,-2.933
0.602,-2.782
0.523,-2.956
0.447,-2.793
-1.257,-2.91
-1.33,-2.616
-2.34,1.607
-2.616,1.405
3.048,1.473
1.905,1.519
1.828,1.777
1.622,1.668
1.336,1.518
1.101,1.825
0.991,1.723
0.598,1.501
-0.038,1.872
-0.107,1.824
-0.798,1.575
-0.921,1.877
-1.361,1.608
-1.29,1.497
-2.552,-1.91
2.382,-0.446
1.597,1.199
1.555,-1.095
1.41,-1.668
1.08,-1.569
0.747,1.134
-0.873,-2.663
-2.459,-2.896
-1.289,-2.797
-2.208,1.48
-1.838,-2.145
-2.06,-2.486
-2.071,-0.426
-2.126,-0.851
-2.109,0.093
-2.36,-0.681
-2.195,-0.498
-2.349,-0.625
-2.419,-0.109
-2.342,-0.249
-2.399,0.078
-2.573,-2.395
-2.621,-1.109
-2.701,-0.821
-2.898,-0.545
-2.774,-0.547
-2.978,-1.528
-3.098,-2.198
3.104,0.146
3.06,-1.14
3.066,-1.918
-3.136,1.17
3.121,-2.389
2.953,-1.989
2.809,-0.343
2.799,-1.207
2.768,1.165
2.728,-0.905
2.759,-1.065
2.618,-2.445
2.564,-1.076
2.406,-0.062
2.512,-0.551
2.419,-0.096
2.395,-1.227
2.238,-2.586
2.202,0.988
2.252,0.399
2.078,0.823
2.223,0.409
2.031,-0.741
1.738,1.264
1.721,0.216
1.768,-1.091
1.668,0.053
1.62,-1.416
1.434,-2.136
1.395,-0.057
1.343,-1.73
1.46,0.733
1.246,0.522
1.209,0.053
1.317,1.213
1.266,-2.66
1.191,0.845
1.056,-2.599
1.021,1.005
1.016,-2.506
0.977,0.082
0.985,0.968
0.883,-0.918
0.948,-0.487
0.908,-1.076
0.753,-1.319
0.633,0.277
0.605,-1.23
0.534,0.341
0.229,1.313
0.232,-0.089
0.231,-1.641
0.022,-1.617
-0.073,0.494
-0.023,-1.325
-0.068,-2.089
-0.322,-1.144
-0.45,-1.433
-0.394,-1.104
-0.635,-0.622
-0.677,0.239
-0.636,-0.896
-0.719,-1.9
-0.842,-0.435
-0.864,-0.463
-1.157,-1.431
-1.2,-2.417
-1.431,0.139
-1.447,-0.528
-1.583,-2.293
-1.563,-0.688
-1.689,1.091
-1.828,0.023
-1.968,-2.875
-2.563,-2.967
3.012,-2.711
2.08,-2.83
1.878,-2.714
1.83,-2.875
1.117,-2.882
-0.448,-2.894
-1.552,-2.811
-1.686,-2.694
-1.509,-2.812
-2.329,1.52
-2.35,1.769
-2.34,1.467
-2.824,1.702
-2.892,1.454
2.535,1.436
1.981,1.651
1.764,1.417
1.64,1.761
1.45,1.423
0.656,1.759
0.371,1.543
-0.772,1.677
-1.589,1.378
-1.872,1.076
-1.947,-0.798
-0.015,-0.957
-0.196,0.814
-0.208,-0.29
-1.111,-0.48
-1.068,-0.62
-1.483,0.423
-2.264,0.301
2.634,-0.426
-1.601,0.32
-1.798,0.311
1.53,1.35
-1.266,1.16
-1.986,-2.465
2.896,-2.474
0.134,1.487
-0.331,-2.931
-0.465,-0.918
-0.486,-2.543
-0.434,-0.551
-0.471,-1.628
-0.483,-3.159
-0.674,-0.433
-0.718,-1.306
-0.636,0.133
-0.743,-2.965
-0.78,0.076
-0.74,-1.574
-0.762,-0.025
-0.866,-1.485
-0.942,-1.846
-0.964,-1.906
-1.009,-2.663
-1.206,-3.517
-1.22,-2.094
-1.208,-2.468
-1.265,-2.725
-1.378,-2.778
-1.351,-1.817
-1.499,-2.281
-1.458,-1.319
-1.494,0.346
-1.526,-2.48
-1.603,0.233
-1.615,-0.056
-1.729,-3.4
-1.675,-0.728
-1.685,-0.543
-1.677,-1.071
-1.769,-0.562
-1.776,0.388
-1.803,-1.133
-1.741,-1.232
-1.758,-2.275
-1.763,-3.341
-2.571,-3.805
-2.623,-3.536
-2.761,-3.806
1.577,-3.77
0.652,-3.619
0.573,-3.793
0.497,-3.63
-1.207,-3.747
-1.28,-3.453
-2.29,0.77
-2.566,0.568
3.098,0.636
1.955,0.682
1.878,0.94
1.672,0.831
1.386,0.681
1.151,0.988
1.041,0.886
0.648,0.664
0.012,1.035
-0.057,0.987
-0.748,0.738
-0.871,1.04
-1.311,0.771
-1.24,0.66
-2.502,-2.747
2.432,-1.283
1.647,0.362
1.605,-1.932
1.46,-2.505
1.13,-2.406
0.797,0.297
-0.823,-3.5
-2.409,-3.733
-1.239,-3.634
-2.158,0.643
-1.788,-2.982
-2.01,-3.323
-2.021,-1.263
-2.076,-1.688
-2.059,-0.744
-2.31,-1.518
-2.145,-1.335
-2.299,-1.462
-2.369,-0.946
-2.292,-1.086
-2.349,-0.759
-2.523,-3.232
-2.571,-1.946
-2.651,-1.658
-2.848,-1.382
-2.724,-1.384
-2.928,-2.365
-3.048,-3.035
-3.129,-0.691
3.11,-1.977
3.116,-2.755
-3.086,0.333
-3.112,-3.226
3.003,-2.826
2.859,-1.18
2.849,-2.044
2.818,0.328
2.778,-1.742
2.809,-1.902
2.668,-3.282
2.614,-1.913
2.456,-0.899
2.562,-1.388
2.469,-0.933
2.445,-2.064
2.288,-3.423
2.252,0.151
2.302,-0.438
2.128,-0.014
2.273,-0.428
2.081,-1.578
1.788,0.427
1.771,-0.621
1.818,-1.928
1.718,-0.784
1.67,-2.253
1.484,-2.973
1.445,-0.894
1.393,-2.567
1.51,-0.104
1.296,-0.315
1.259,-0.784
1.367,0.376
1.316,-3.497
1.241,0.008
1.106,-3.436
1.071,0.168
1.066,-3.343
1.027,-0.755
1.035,0.131
0.933,-1.755
0.998,-1.324
0.958,-1.913
0.803,-2.156
0.683,-0.56
0.655,-2.067
0.584,-0.496
0.279,0.476
0.282,-0.926
0.281,-2.478
0.072,-2.454
-0.023,-0.343
0.027,-2.162
-0.018,-2.926
-0.272,-1.981
-0.4,-2.27
-0.344,-1.941
-0.585,-1.459
-0.627,-0.598
-0.586,-1.733
-0.669,-2.737
-0.792,-1.272
-0.814,-1.3
-1.107,-2.268
-1.15,-3.254
-1.381,-0.698
-1.397,-1.365
-1.533,-3.13
-1.513,-1.525
-1.639,0.254
-1.778,-0.814
-1.918,-3.712
-2.513,-3.804
3.062,-3.548
2.13,-3.667
1.928,-3.551
1.88,-3.712
1.167,-3.719
-0.398,-3.731
-1.502,-3.648
-1.636,-3.531
-1.459,-3.649
-2.279,0.683
-2.3,0.932
-2.29,0.63
-2.774,0.865
-2.842,0.617
2.585,0.599
2.031,0.814
1.814,0.58
1.69,0.924
1.5,0.586
0.706,0.922
0.421,0.706
-0.722,0.84
-1.539,0.541
-1.822,0.239
-1.897,-1.635
0.035,-1.794
-0.146,-0.023
-0.158,-1.127
-1.061,-1.317
-1.018,-1.457
-1.433,-0.414
-2.214,-0.536
2.684,-1.263
-1.551,-0.517
-1.748,-0.526
1.58,0.513
-1.216,0.323
-1.936,-3.302
2.946,-3.311
0.184,0.65
-0.134,2.013
-0.155,0.388
-0.103,2.38
-0.14,1.303
-0.152,-0.228
-0.343,2.498
-0.387,1.625
-0.305,3.064
-0.412,-0.034
-0.449,3.007
-0.409,1.357
-0.431,2.906
-0.535,1.446
-0.611,1.085
-0.633,1.025
-0.678,0.268
-0.875,-0.586
-0.889,0.837
-0.877,0.463
-0.934,0.206
-1.047,0.153
-1.02,1.114
-1.168,0.65
-1.127,1.612
-1.163,3.277
-1.195,0.451
-1.272,3.164
-1.284,2.875
-1.398,-0.469
-1.344,2.203
-1.354,2.388
-1.346,1.86
-1.438,2.369
-1.445,3.319
-1.472,1.798
-1.41,1.699
-1.427,0.656
-1.432,-0.41
-2.24,-0.874
-2.292,-0.605
-2.43,-0.875
1.908,-0.839
0.983,-0.688
0.904,-0.862
0.828,-0.699
-0.876,-0.816
-0.949,-0.522
-1.959,3.701
-2.235,3.499
-2.854,3.567
2.286,3.613
2.209,3.871
2.003,3.762
1.717,3.612
1.482,3.919
1.372,3.817
0.979,3.595
0.343,3.966
0.274,3.918
-0.417,3.669
-0.54,3.971
-0.98,3.702
-0.909,3.591
-2.171,0.184
2.763,1.648
1.978,3.293
1.936,0.999
1.791,0.426
1.461,0.525
1.128,3.228
-0.492,-0.569
-2.078,-0.802
-0.908,-0.703
-1.827,3.574
-1.457,-0.051
-1.679,-0.392
-1.69,1.668
-1.745,1.243
-1.728,2.187
-1.979,1.413
-1.814,1.596
-1.968,1.469
-2.038,1.985
-1.961,1.845
-2.018,2.172
-2.192,-0.301
-2.24,0.985
-2.32,1.273
-2.517,1.549
-2.393,1.547
-2.597,0.566
-2.717,-0.104
-2.798,2.24
-2.842,0.954
-2.836,0.176
-2.755,3.264
-2.781,-0.295
-2.949,0.105
-3.093,1.751
-3.103,0.887
-3.134,3.259
3.109,1.189
3.14,1.029
2.999,-0.351
2.945,1.018
2.787,2.032
2.893,1.543
2.8,1.998
2.776,0.867
2.619,-0.492
2.583,3.082
2.633,2.493
2.459,2.917
2.604,2.503
2.412,1.353
2.119,3.358
2.102,2.31
2.149,1.003
2.049,2.147
2.001,0.678
1.815,-0.042
1.776,2.037
1.724,0.364
1.841,2.827
1.627,2.616
1.59,2.147
1.698,3.307
1.647,-0.566
1.572,2.939
1.437,-0.505
1.402,3.099
1.397,-0.412
1.358,2.176
1.366,3.062
1.264,1.176
1.329,1.607
1.289,1.018
1.134,0.775
1.014,2.371
0.986,0.864
0.915,2.435
0.61,3.407
0.613,2.005
0.612,0.453
0.403,0.477
0.308,2.588
0.358,0.769
0.313,0.005
0.059,0.95
-0.069,0.661
-0.013,0.99
-0.254,1.472
-0.296,2.333
-0.255,1.198
-0.338,0.194
-0.461,1.659
-0.483,1.631
-0.776,0.663
-0.819,-0.323
-1.05,2.233
-1.066,1.566
-1.202,-0.199
-1.182,1.406
-1.308,3.185
-1.447,2.117
-1.587,-0.781
-2.182,-0.873
-2.89,-0.617
2.461,-0.736
2.259,-0.62
2.211,-0.781
1.498,-0.788
-0.067,-0.8
-1.171,-0.717
-1.305,-0.6
-1.128,-0.718
-1.948,3.614
-1.969,3.863
-1.959,3.561
-2.443,3.796
-2.511,3.548
2.916,3.53
2.362,3.745
2.145,3.511
2.021,3.855
1.831,3.517
1.037,3.853
0.752,3.637
-0.391,3.771
-1.208,3.472
-1.491,3.17
-1.566,1.296
0.366,1.137
0.185,2.908
0.173,1.804
-0.73,1.614
-0.687,1.474
-1.102,2.517
-1.883,2.395
3.015,1.668
-1.22,2.414
-1.417,2.405
1.911,3.444
-0.885,3.254
-1.605,-0.371
-3.006,-0.38
0.515,3.581
-0.021,-1.625
0.031,0.367
-0.006,-0.71
-0.018,-2.241
-0.209,0.485
-0.253,-0.388
-0.171,1.051
-0.278,-2.047
-0.315,0.994
-0.275,-0.656
-0.297,0.893
-0.401,-0.567
-0.477,-0.928
-0.499,-0.988
-0.544,-1.745
-0.741,-2.599
-0.755,-1.176
-0.743,-1.55
-0.8,-1.807
-0.913,-1.86
-0.886,-0.899
-1.034,-1.363
-0.993,-0.401
-1.029,1.264
-1.061,-1.562
-1.138,1.151
-1.15,0.862
-1.264,-2.482
-1.21,0.19
-1.22,0.375
-1.212,-0.153
-1.304,0.356
-1.311,1.306
-1.338,-0.215
-1.276,-0.314
-1.293,-1.357
-1.298,-2.423
-2.106,-2.887
-2.158,-2.618
-2.296,-2.888
2.042,-2.852
1.117,-2.701
1.038,-2.875
0.962,-2.712
-0.742,-2.829
-0.815,-2.535
-1.825,1.688
-2.101,1.486
-2.72,1.554
2.42,1.6
2.343,1.858
2.137,1.749
1.851,1.599
1.616,1.906
1.506,1.804
1.113,1.582
0.477,1.953
0.408,1.905
-0.283,1.656
-0.406,1.958
-0.846,1.689
-0.775,1.578
-2.037,-1.829
2.897,-0.365
2.112,1.28
2.07,-1.014
1.925,-1.587
1.595,-1.488
1.262,1.215
-0.358,-2.582
-1.944,-2.815
-0.774,-2.716
-1.693,1.561
-1.323,-2.064
-1.545,-2.405
-1.556,-0.345
-1.611,-0.77
-1.594,0.174
-1.845,-0.6
-1.68,-0.417
-1.834,-0.544
-1.904,-0.028
-1.827,-0.168
-1.884,0.159
-2.058,-2.314
-2.106,-1.028
-2.186,-0.74
-2.383,-0.464
-2.259,-0.466
-2.463,-1.447
-2.583,-2.117
-2.664,0.227
-2.708,-1.059
-2.702,-1.837
-2.621,1.251
-2.647,-2.308
-2.815,-1.908
-2.959,-0.262
-2.969,-1.126
-3.0,1.246
-3.04,-0.824
-3.009,-0.984
3.133,-2.364
3.079,-0.995
2.921,0.019
3.027,-0.47
2.934,-0.015
2.91,-1.146
2.753,-2.505
2.717,1.069
2.767,0.48
2.593,0.904
2.738,0.49
2.546,-0.66
2.253,1.345
2.236,0.297
2.283,-1.01
2.183,0.134
2.135,-1.335
1.949,-2.055
1.91,0.024
1.858,-1.649
1.975,0.814
1.761,0.603
1.724,0.134
1.832,1.294
1.781,-2.579
1.706,0.926
1.571,-2.518
1.536,1.086
1.531,-2.425
1.492,0.163
1.5,1.049
1.398,-0.837
1.463,-0.406
1.423,-0.995
1.268,-1.238
1.148,0.358
1.12,-1.149
1.049,0.422
0.744,1.394
0.747,-0.008
0.746,-1.56
0.537,-1.536
0.442,0.575
0.492,-1.244
0.447,-2.008
0.193,-1.063
0.065,-1.352
0.121,-1.023
-0.12,-0.541
-0.162,0.32
-0.121,-0.815
-0.204,-1.819
-0.327,-0.354
-0.349,-0.382
-0.642,-1.35
-0.685,-2.336
-0.916,0.22
-0.932,-0.447
-1.068,-2.212
-1.048,-0.607
-1.174,1.172
-1.313,0.104
-1.453,-2.794
-2.048,-2.886
-2.756,-2.63
2.595,-2.749
2.393,-2.633
2.345,-2.794
1.632,-2.801
0.067,-2.813
-1.037,-2.73
-1.171,-2.613
-0.994,-2.731
-1.814,1.601
-1.835,1.85
-1.825,1.548
-2.309,1.783
-2.377,1.535
3.05,1.517
2.496,1.732
2.279,1.498
2.155,1.842
1.965,1.504
1.171,1.84
0.886,1.624
-0.257,1.758
-1.074,1.459
-1.357,1.157
-1.432,-0.717
0.5,-0.876
0.319,0.895
0.307,-0.209
-0.596,-0.399
-0.553,-0.539
-0.968,0.504
-1.749,0.382
-3.134,-0.345
-1.086,0.401
-1.283,0.392
2.045,1.431
-0.751,1.241
-1.471,-2.384
-2.872,-2.393
0.649,1.568
0.052,1.992
0.015,0.915
0.003,-0.616
-0.188,2.11
-0.232,1.237
-0.15,2.676
-0.257,-0.422
-0.294,2.619
-0.254,0.969
-0.276,2.518
-0.38,1.058
-0.456,0.697
-0.478,0.637
-0.523,-0.12
-0.72,-0.974
-0.734,0.449
-0.722,0.075
-0.779,-0.182
-0.892,-0.235
-0.865,0.726
-1.013,0.262
-0.972,1.224
-1.008,2.889
-1.04,0.063
-1.117,2.776
-1.129,2.487
-1.243,-0.857
-1.189,1.815
-1.199,2.0
-1.191,1.472
-1.283,1.981
-1.29,2.931
-1.317,1.41
-1.255,1.311
-1.272,0.268
-1.277,-0.798
-2.085,-1.262
-2.137,-0.993
-2.275,-1.263
2.063,-1.227
1.138,-1.076
1.059,-1.25
0.983,-1.087
-0.721,-1.204
-0.794,-0.91
-1.804,3.313
-2.08,3.111
-2.699,3.179
2.441,3.225
2.364,3.483
2.158,3.374
1.872,3.224
1.637,3.531
1.527,3.429
1.134,3.207
0.498,3.578
0.429,3.53
-0.262,3.281
-0.385,3.583
-0.825,3.314
-0.754,3.203
-2.016,-0.204
2.918,1.26
2.133,2.905
2.091,0.611
1.946,0.038
1.616,0.137
1.283,2.84
-0.337,-0.957
-1.923,-1.19
-0.753,-1.091
-1.672,3.186
-1.302,-0.439
-1.524,-0.78
-1.535,1.28
-1.59,0.855
-1.573,1.799
-1.824,1.025
-1.659,1.208
-1.813,1.081
-1.883,1.597
-1.806,1.457
-1.863,1.784
-2.037,-0.689
-2.085,0.597
-2.165,0.885
-2.362,1.161
-2.238,1.159
-2.442,0.178
-2.562,-0.492
-2.643,1.852
-2.687,0.566
-2.681,-0.212
-2.6,2.876
-2.626,-0.683
-2.794,-0.283
-2.938,1.363
-2.948,0.499
-2.979,2.871
-3.019,0.801
-2.988,0.641
-3.129,-0.739
3.1,0.63
2.942,1.644
3.048,1.155
2.955,1.61
2.931,0.479
2.774,-0.88
2.738,2.694
2.788,2.105
2.614,2.529
2.759,2.115
2.567,0.965
2.274,2.97
2.257,1.922
2.304,0.615
2.204,1.759
2.156,0.29
1.97,-0.43
1.931,1.649
1.879,-0.024
1.996,2.439
1.782,2.228
1.745,1.759
1.853,2.919
1.802,-0.954
1.727,2.551
1.592,-0.893
1.557,2.711
1.552,-0.8
1.513,1.788
1.521,2.674
1.419,0.788
1.484,1.219
1.444,0.63
1.289,0.387
1.169,1.983
1.141,0.476
1.07,2.047
0.765,3.019
0.768,1.617
0.767,0.065
0.558,0.089
0.463,2.2
0.513,0.381
0.468,-0.383
0.214,0.562
0.086,0.273
0.142,0.602
-0.099,1.084
-0.141,1.945
-0.1,0.81
-0.183,-0.194
-0.306,1.271
-0.328,1.243
-0.621,0.275
-0.664,-0.711
-0.895,1.845
-0.911,1.178
-1.047,-0.587
-1.027,1.018
-1.153,2.797
-1.292,1.729
-1.432,-1.169
-2.027,-1.261
-2.735,-1.005
2.616,-1.124
2.414,-1.008
2.366,-1.169
1.653,-1.176
0.088,-1.188
-1.016,-1.105
-1.15,-0.988
-0.973,-1.106
-1.793,3.226
-1.814,3.475
-1.804,3.173
-2.288,3.408
-2.356,3.16
3.071,3.142
2.517,3.357
2.3,3.123
2.176,3.467
1.986,3.129
1.192,3.465
0.907,3.249
-0.236,3.383
-1.053,3.084
-1.336,2.782
-1.411,0.908
0.521,0.749
0.34,2.52
0.328,1.416
-0.575,1.226
-0.532,1.086
-0.947,2.129
-1.728,2.007
-3.113,1.28
-1.065,2.026
-1.262,2.017
2.066,3.056
-0.73,2.866
-1.45,-0.759
-2.851,-0.768
0.67,3.193
-0.037,-1.077
-0.049,-2.608
-0.24,0.118
-0.284,-0.755
-0.202,0.684
-0.309,-2.414
-0.346,0.627
-0.306,-1.023
-0.328,0.526
-0.432,-0.934
-0.508,-1.295
-0.53,-1.355
-0.575,-2.112
-0.772,-2.966
-0.786,-1.543
-0.774,-1.917
-0.831,-2.174
-0.944,-2.227
-0.917,-1.266
-1.065,-1.73
-1.024,-0.768
-1.06,0.897
-1.092,-1.929
-1.169,0.784
-1.181,0.495
-1.295,-2.849
-1.241,-0.177
-1.251,0.008
-1.243,-0.52
-1.335,-0.011
-1.342,0.939
-1.369,-0.582
-1.307,-0.681
-1.324,-1.724
-1.329,-2.79
-2.137,-3.254
-2.189,-2.985
-2.327,-3.255
2.011,-3.219
1.086,-3.068
1.007,-3.242
0.931,-3.079
-0.773,-3.196
-0.846,-2.902
-1.856,1.321
-2.132,1.119
-2.751,1.187
2.389,1.233
2.312,1.491
2.106,1.382
1.82,1.232
1.585,1.539
1.475,1.437
1.082,1.215
0.446,1.586
0.377,1.538
-0.314,1.289
-0.437,1.591
-0.877,1.322
-0.806,1.211
-2.068,-2.196
2.866,-0.732
2.081,0.913
2.039,-1.381
1.894,-1.954
1.564,-1.855
1.231,0.848
-0.389,-2.949
-1.975,-3.182
-0.805,-3.083
-1.724,1.194
-1.354,-2.431
-1.576,-2.772
-1.587,-0.712
-1.642,-1.137
-1.625,-0.193
-1.876,-0.967
-1.711,-0.784
-1.865,-0.911
-1.935,-0.395
-1.858,-0.535
-1.915,-0.208
-2.089,-2.681
-2.137,-1.395
-2.217,-1.107
-2.414,-0.831
-2.29,-0.833
-2.494,-1.814
-2.614,-2.484
-2.695,-0.14
-2.739,-1.426
-2.733,-2.204
-2.652,0.884
-2.678,-2.675
-2.846,-2.275
-2.99,-0.629
-3.0,-1.493
-3.031,0.879
-3.071,-1.191
-3.04,-1.351
3.102,-2.731
3.048,-1.362
2.89,-0.348
2.996,-0.837
2.903,-0.382
2.879,-1.513
2.722,-2.872
2.686,0.702
2.736,0.113
2.562,0.537
2.707,0.123
2.515,-1.027
2.222,0.978
2.205,-0.07
2.252,-1.377
2.152,-0.233
2.104,-1.702
1.918,-2.422
1.879,-0.343
1.827,-2.016
1.944,0.447
1.73,0.236
1.693,-0.233
1.801,0.927
1.75,-2.946
1.675,0.559
1.54,-2.885
1.505,0.719
1.5,-2.792
1.461,-0.204
1.469,0.682
1.367,-1.204
1.432,-0.773
1.392,-1.362
1.237,-1.605
1.117,-0.009
1.089,-1.516
1.018,0.055
0.713,1.027
0.716,-0.375
0.715,-1.927
0.506,-1.903
0.411,0.208
0.461,-1.611
0.416,-2.375
0.162,-1.43
0.034,-1.719
0.09,-1.39
-0.151,-0.908
-0.193,-0.047
-0.152,-1.182
-0.235,-2.186
-0.358,-0.721
-0.38,-0.749
-0.673,-1.717
-0.716,-2.703
-0.947,-0.147
-0.963,-0.814
-1.099,-2.579
-1.079,-0.974
-1.205,0.805
-1.344,-0.263
-1.484,-3.161
-2.079,-3.253
-2.787,-2.997
2.564,-3.116
2.362,-3.0
2.314,-3.161
1.601,-3.168
0.036,-3.18
-1.068,-3.097
-1.202,-2.98
-1.025,-3.098
-1.845,1.234
-1.866,1.483
-1.856,1.181
-2.34,1.416
-2.408,1.168
3.019,1.15
2.465,1.365
2.248,1.131
2.124,1.475
1.934,1.137
1.14,1.473
0.855,1.257
-0.288,1.391
-1.105,1.092
-1.388,0.79
-1.463,-1.084
0.469,-1.243
0.288,0.528
0.276,-0.576
-0.627,-0.766
-0.584,-0.906
-0.999,0.137
-1.78,0.015
3.118,-0.712
-1.117,0.034
-1.314,0.025
2.014,1.064
-0.782,0.874
-1.502,-2.751
-2.903,-2.76
0.618,1.201
-0.012,-1.531
-0.203,1.195
-0.247,0.322
-0.165,1.761
-0.272,-1.337
-0.309,1.704
-0.269,0.054
-0.291,1.603
-0.395,0.143
-0.471,-0.218
-0.493,-0.278
-0.538,-1.035
-0.735,-1.889
-0.749,-0.466
-0.737,-0.84
-0.794,-1.097
-0.907,-1.15
-0.88,-0.189
-1.028,-0.653
-0.987,0.309
-1.023,1.974
-1.055,-0.852
-1.132,1.861
-1.144,1.572
-1.258,-1.772
-1.204,0.9
-1.214,1.085
-1.206,0.557
-1.298,1.066
-1.305,2.016
-1.332,0.495
-1.27,0.396
-1.287,-0.647
-1.292,-1.713
-2.1,-2.177
-2.152,-1.908
-2.29,-2.178
2.048,-2.142
1.123,-1.991
1.044,-2.165
0.968,-2.002
-0.736,-2.119
-0.809,-1.825
-1.819,2.398
-2.095,2.196
-2.714,2.264
2.426,2.31
2.349,2.568
2.143,2.459
1.857,2.309
1.622,2.616
1.512,2.514
1.119,2.292
0.483,2.663
0.414,2.615
-0.277,2.366
-0.4,2.668
-0.84,2.399
-0.769,2.288
-2.031,-1.119
2.903,0.345
2.118,1.99
2.076,-0.304
1.931,-0.877
1.601,-0.778
1.268,1.925
-0.352,-1.872
-1.938,-2.105
-0.768,-2.006
-1.687,2.271
-1.317,-1.354
-1.539,-1.695
-1.55,0.365
-1.605,-0.06
-1.588,0.884
-1.839,0.11
-1.674,0.293
-1.828,0.166
-1.898,0.682
-1.821,0.542
-1.878,0.869
-2.052,-1.604
-2.1,-0.318
-2.18,-0.03
-2.377,0.246
-2.253,0.244
-2.457,-0.737
-2.577,-1.407
-2.658,0.937
-2.702,-0.349
-2.696,-1.127
-2.615,1.961
-2.641,-1.598
-2.809,-1.198
-2.953,0.448
-2.963,-0.416
-2.994,1.956
-3.034,-0.114
-3.003,-0.274
3.139,-1.654
3.085,-0.285
2.927,0.729
3.033,0.24
2.94,0.695
2.916,-0.436
2.759,-1.795
2.723,1.779
2.773,1.19
2.599,1.614
2.744,1.2
2.552,0.05
2.259,2.055
2.242,1.007
2.289,-0.3
2.189,0.844
2.141,-0.625
1.955,-1.345
1.916,0.734
1.864,-0.939
1.981,1.524
1.767,1.313
1.73,0.844
1.838,2.004
1.787,-1.869
1.712,1.636
1.577,-1.808
1.542,1.796
1.537,-1.715
1.498,0.873
1.506,1.759
1.404,-0.127
1.469,0.304
1.429,-0.285
1.274,-0.528
1.154,1.068
1.126,-0.439
1.055,1.132
0.75,2.104
0.753,0.702
0.752,-0.85
0.543,-0.826
0.448,1.285
0.498,-0.534
0.453,-1.298
0.199,-0.353
0.071,-0.642
0.127,-0.313
-0.114,0.169
-0.156,1.03
-0.115,-0.105
-0.198,-1.109
-0.321,0.356
-0.343,0.328
-0.636,-0.64
-0.679,-1.626
-0.91,0.93
-0.926,0.263
-1.062,-1.502
-1.042,0.103
-1.168,1.882
-1.307,0.814
-1.447,-2.084
-2.042,-2.176
-2.75,-1.92
2.601,-2.039
2.399,-1.923
2.351,-2.084
1.638,-2.091
0.073,-2.103
-1.031,-2.02
-1.165,-1.903
-0.988,-2.021
-1.808,2.311
-1.829,2.56
-1.819,2.258
-2.303,2.493
-2.371,2.245
3.056,2.227
2.502,2.442
2.285,2.208
2.161,2.552
1.971,2.214
1.177,2.55
0.892,2.334
-0.251,2.468
-1.068,2.169
-1.351,1.867
-1.426,-0.007
0.506,-0.166
0.325,1.605
0.313,0.501
-0.59,0.311
-0.547,0.171
-0.962,1.214
-1.743,1.092
-3.128,0.365
-1.08,1.111
-1.277,1.102
2.051,2.141
-0.745,1.951
-1.465,-1.674
-2.866,-1.683
0.655,2.278
-0.191,2.726
-0.235,1.853
-0.153,3.292
-0.26,0.194
-0.297,3.235
-0.257,1.585
-0.279,3.134
-0.383,1.674
-0.459,1.313
-0.481,1.253
-0.526,0.496
-0.723,-0.358
-0.737,1.065
-0.725,0.691
-0.782,0.434
-0.895,0.381
-0.868,1.342
-1.016,0.878
-0.975,1.84
-1.011,3.505
-1.043,0.679
-1.12,3.392
-1.132,3.103
-1.246,-0.241
-1.192,2.431
-1.202,2.616
-1.194,2.088
-1.286,2.597
-1.293,3.547
-1.32,2.026
-1.258,1.927
-1.275,0.884
-1.28,-0.182
-2.088,-0.646
-2.14,-0.377
-2.278,-0.647
2.06,-0.611
1.135,-0.46
1.056,-0.634
0.98,-0.471
-0.724,-0.588
-0.797,-0.294
-1.807,3.929
-2.083,3.727
-2.702,3.795
2.438,3.841
2.361,4.099
2.155,3.99
1.869,3.84
1.634,4.147
1.524,4.045
1.131,3.823
0.495,4.194
0.426,4.146
-0.265,3.897
-0.388,4.199
-0.828,3.93
-0.757,3.819
-2.019,0.412
2.915,1.876
2.13,3.521
2.088,1.227
1.943,0.654
1.613,0.753
1.28,3.456
-0.34,-0.341
-1.926,-0.574
-0.756,-0.475
-1.675,3.802
-1.305,0.177
-1.527,-0.164
-1.538,1.896
-1.593,1.471
-1.576,2.415
-1.827,1.641
-1.662,1.824
-1.816,1.697
-1.886,2.213
-1.809,2.073
-1.866,2.4
-2.04,-0.073
-2.088,1.213
-2.168,1.501
-2.365,1.777
-2.241,1.775
-2.445,0.794
-2.565,0.124
-2.646,2.468
-2.69,1.182
-2.684,0.404
-2.603,3.492
-2.629,-0.067
-2.797,0.333
-2.941,1.979
-2.951,1.115
-2.982,3.487
-3.022,1.417
-2.991,1.257
-3.132,-0.123
3.097,1.246
2.939,2.26
3.045,1.771
2.952,2.226
2.928,1.095
2.771,-0.264
2.735,3.31
2.785,2.721
2.611,3.145
2.756,2.731
2.564,1.581
2.271,3.586
2.254,2.538
2.301,1.231
2.201,2.375
2.153,0.906
1.967,0.186
1.928,2.265
1.876,0.592
1.993,3.055
1.779,2.844
1.742,2.375
1.85,3.535
1.799,-0.338
1.724,3.167
1.589,-0.277
1.554,3.327
1.549,-0.184
1.51,2.404
1.518,3.29
1.416,1.404
1.481,1.835
1.441,1.246
1.286,1.003
1.166,2.599
1.138,1.092
1.067,2.663
0.762,3.635
0.765,2.233
0.764,0.681
0.555,0.705
0.46,2.816
0.51,0.997
0.465,0.233
0.211,1.178
0.083,0.889
0.139,1.218
-0.102,1.7
-0.144,2.561
-0.103,1.426
-0.186,0.422
-0.309,1.887
-0.331,1.859
-0.624,0.891
-0.667,-0.095
-0.898,2.461
-0.914,1.794
-1.05,0.029
-1.03,1.634
-1.156,3.413
-1.295,2.345
-1.435,-0.553
-2.03,-0.645
-2.738,-0.389
2.613,-0.508
2.411,-0.392
2.363,-0.553
1.65,-0.56
0.085,-0.572
-1.019,-0.489
-1.153,-0.372
-0.976,-0.49
-1.796,3.842
-1.817,4.091
-1.807,3.789
-2.291,4.024
-2.359,3.776
3.068,3.758
2.514,3.973
2.297,3.739
2.173,4.083
1.983,3.745
1.189,4.081
0.904,3.865
-0.239,3.999
-1.056,3.7
-1.339,3.398
-1.414,1.524
0.518,1.365
0.337,3.136
0.325,2.032
-0.578,1.842
-0.535,1.702
-0.95,2.745
-1.731,2.623
-3.116,1.896
-1.068,2.642
-1.265,2.633
2.063,3.672
-0.733,3.482
-1.453,-0.143
-2.854,-0.152
0.667,3.809
-0.044,-0.873
0.038,0.566
-0.069,-2.532
-0.106,0.509
-0.066,-1.141
-0.088,0.408
-0.192,-1.052
-0.268,-1.413
-0.29,-1.473
-0.335,-2.23
-0.532,-3.084
-0.546,-1.661
-0.534,-2.035
-0.591,-2.292
-0.704,-2.345
-0.677,-1.384
-0.825,-1.848
-0.784,-0.886
-0.82,0.779
-0.852,-2.047
-0.929,0.666
-0.941,0.377
-1.055,-2.967
-1.001,-0.295
-1.011,-0.11
-1.003,-0.638
-1.095,-0.129
-1.102,0.821
-1.129,-0.7
-1.067,-0.799
-1.084,-1.842
-1.089,-2.908
-1.897,-3.372
-1.949,-3.103
-2.087,-3.373
2.251,-3.337
1.326,-3.186
1.247,-3.36
1.171,-3.197
-0.533,-3.314
-0.606,-3.02
-1.616,1.203
-1.892,1.001
-2.511,1.069
2.629,1.115
2.552,1.373
2.346,1.264
2.06,1.114
1.825,1.421
1.715,1.319
1.322,1.097
0.686,1.468
0.617,1.42
-0.074,1.171
-0.197,1.473
-0.637,1.204
-0.566,1.093
-1.828,-2.314
3.106,-0.85
2.321,0.795
2.279,-1.499
2.134,-2.072
1.804,-1.973
1.471,0.73
-0.149,-3.067
-1.735,-3.3
-0.565,-3.201
-1.484,1.076
-1.114,-2.549
-1.336,-2.89
-1.347,-0.83
-1.402,-1.255
-1.385,-0.311
-1.636,-1.085
-1.471,-0.902
-1.625,-1.029
-1.695,-0.513
-1.618,-0.653
-1.675,-0.326
-1.849,-2.799
-1.897,-1.513
-1.977,-1.225
-2.174,-0.949
-2.05,-0.951
-2.254,-1.932
-2.374,-2.602
-2.455,-0.258
-2.499,-1.544
-2.493,-2.322
-2.412,0.766
-2.438,-2.793
-2.606,-2.393
-2.75,-0.747
-2.76,-1.611
-2.791,0.761
-2.831,-1.309
-2.8,-1.469
-2.941,-2.849
-2.995,-1.48
3.13,-0.466
-3.047,-0.955
-3.14,-0.5
3.119,-1.631
2.962,-2.99
2.926,0.584
2.976,-0.005
2.802,0.419
2.947,0.005
2.755,-1.145
2.462,0.86
2.445,-0.188
2.492,-1.495
2.392,-0.351
2.344,-1.82
2.158,-2.54
2.119,-0.461
2.067,-2.134
2.184,0.329
1.97,0.118
1.933,-0.351
2.041,0.809
1.99,-3.064
1.915,0.441
1.78,-3.003
1.745,0.601
1.74,-2.91
1.701,-0.322
1.709,0.564
1.607,-1.322
1.672,-0.891
1.632,-1.48
1.477,-1.723
1.357,-0.127
1.329,-1.634
1.258,-0.063
0.953,0.909
0.956,-0.493
0.955,-2.045
0.746,-2.021
0.651,0.09
0.701,-1.729
0.656,-2.493
0.402,-1.548
0.274,-1.837
0.33,-1.508
0.089,-1.026
0.047,-0.165
0.088,-1.3
0.005,-2.304
-0.118,-0.839
-0.14,-0.867
-0.433,-1.835
-0.476,-2.821
-0.707,-0.265
-0.723,-0.932
-0.859,-2.697
-0.839,-1.092
-0.965,0.687
-1.104,-0.381
-1.244,-3.279
-1.839,-3.371
-2.547,-3.115
2.804,-3.234
2.602,-3.118
2.554,-3.279
1.841,-3.286
0.276,-3.298
-0.828,-3.215
-0.962,-3.098
-0.785,-3.216
-1.605,1.116
-1.626,1.365
-1.616,1.063
-2.1,1.298
-2.168,1.05
-3.024,1.032
2.705,1.247
2.488,1.013
2.364,1.357
2.174,1.019
1.38,1.355
1.095,1.139
-0.048,1.273
-0.865,0.974
-1.148,0.672
-1.223,-1.202
0.709,-1.361
0.528,0.41
0.516,-0.694
-0.387,-0.884
-0.344,-1.024
-0.759,0.019
-1.54,-0.103
-2.925,-0.83
-0.877,-0.084
-1.074,-0.093
2.254,0.946
-0.542,0.756
-1.262,-2.869
-2.663,-2.878
0.858,1.083
0.082,1.439
-0.025,-1.659
-0.062,1.382
-0.022,-0.268
-0.044,1.281
-0.148,-0.179
-0.224,-0.54
-0.246,-0.6
-0.291,-1.357
-0.488,-2.211
-0.502,-0.788
-0.49,-1.162
-0.547,-1.419
-0.66,-1.472
-0.633,-0.511
-0.781,-0.975
-0.74,-0.013
-0.776,1.652
-0.808,-1.174
-0.885,1.539
-0.897,1.25
-1.011,-2.094
-0.957,0.578
-0.967,0.763
-0.959,0.235
-1.051,0.744
-1.058,1.694
-1.085,0.173
-1.023,0.074
-1.04,-0.969
-1.045,-2.035
-1.853,-2.499
-1.905,-2.23
-2.043,-2.5
2.295,-2.464
1.37,-2.313
1.291,-2.487
1.215,-2.324
-0.489,-2.441
-0.562,-2.147
-1.572,2.076
-1.848,1.874
-2.467,1.942
2.673,1.988
2.596,2.246
2.39,2.137
2.104,1.987
1.869,2.294
1.759,2.192
1.366,1.97
0.73,2.341
0.661,2.293
-0.03,2.044
-0.153,2.346
-0.593,2.077
-0.522,1.966
-1.784,-1.441
-3.133,0.023
2.365,1.668
2.323,-0.626
2.178,-1.199
1.848,-1.1
1.515,1.603
-0.105,-2.194
-1.691,-2.427
-0.521,-2.328
-1.44,1.949
-1.07,-1.676
-1.292,-2.017
-1.303,0.043
-1.358,-0.382
-1.341,0.562
-1.592,-0.212
-1.427,-0.029
-1.581,-0.156
-1.651,0.36
-1.574,0.22
-1.631,0.547
-1.805,-1.926
-1.853,-0.64
-1.933,-0.352
-2.13,-0.076
-2.006,-0.078
-2.21,-1.059
-2.33,-1.729
-2.411,0.615
-2.455,-0.671
-2.449,-1.449
-2.368,1.639
-2.394,-1.92
-2.562,-1.52
-2.706,0.126
-2.716,-0.738
-2.747,1.634
-2.787,-0.436
-2.756,-0.596
-2.897,-1.976
-2.951,-0.607
-3.109,0.407
-3.003,-0.082
-3.096,0.373
-3.12,-0.758
3.006,-2.117
2.97,1.457
3.02,0.868
2.846,1.292
2.991,0.878
2.799,-0.272
2.506,1.733
2.489,0.685
2.536,-0.622
2.436,0.522
2.388,-0.947
2.202,-1.667
2.163,0.412
2.111,-1.261
2.228,1.202
2.014,0.991
1.977,0.522
2.085,1.682
2.034,-2.191
1.959,1.314
1.824,-2.13
1.789,1.474
1.784,-2.037
1.745,0.551
1.753,1.437
1.651,-0.449
1.716,-0.018
1.676,-0.607
1.521,-0.85
1.401,0.746
1.373,-0.761
1.302,0.81
0.997,1.782
1.0,0.38
0.999,-1.172
0.79,-1.148
0.695,0.963
0.745,-0.856
0.7,-1.62
0.446,-0.675
0.318,-0.964
0.374,-0.635
0.133,-0.153
0.091,0.708
0.132,-0.427
0.049,-1.431
-0.074,0.034
-0.096,0.006
-0.389,-0.962
-0.432,-1.948
-0.663,0.608
-0.679,-0.059
-0.815,-1.824
-0.795,-0.219
-0.921,1.56
-1.06,0.492
-1.2,-2.406
-1.795,-2.498
-2.503,-2.242
2.848,-2.361
2.646,-2.245
2.598,-2.406
1.885,-2.413
0.32,-2.425
-0.784,-2.342
-0.918,-2.225
-0.741,-2.343
-1.561,1.989
-1.582,2.238
-1.572,1.936
-2.056,2.171
-2.124,1.923
-2.98,1.905
2.749,2.12
2.532,1.886
2.408,2.23
2.218,1.892
1.424,2.228
1.139,2.012
-0.004,2.146
-0.821,1.847
-1.104,1.545
-1.179,-0.329
0.753,-0.488
0.572,1.283
0.56,0.179
-0.343,-0.011
-0.3,-0.151
-0.715,0.892
-1.496,0.77
-2.881,0.043
-0.833,0.789
-1.03,0.78
2.298,1.819
-0.498,1.629
-1.218,-1.996
-2.619,-2.005
0.902,1.956
-0.107,-3.098
-0.144,-0.057
-0.104,-1.707
-0.126,-0.158
-0.23,-1.618
-0.306,-1.979
-0.328,-2.039
-0.373,-2.796
-0.57,-3.65
-0.584,-2.227
-0.572,-2.601
-0.629,-2.858
-0.742,-2.911
-0.715,-1.95
-0.863,-2.414
-0.822,-1.452
-0.858,0.213
-0.89,-2.613
-0.967,0.1
-0.979,-0.189
-1.093,-3.533
-1.039,-0.861
-1.049,-0.676
-1.041,-1.204
-1.133,-0.695
-1.14,0.255
-1.167,-1.266
-1.105,-1.365
-1.122,-2.408
-1.127,-3.474
-1.935,-3.938
-1.987,-3.669
-2.125,-3.939
2.213,-3.903
1.288,-3.752
1.209,-3.926
1.133,-3.763
-0.571,-3.88
-0.644,-3.586
-1.654,0.637
-1.93,0.435
-2.549,0.503
2.591,0.549
2.514,0.807
2.308,0.698
2.022,0.548
1.787,0.855
1.677,0.753
1.284,0.531
0.648,0.902
0.579,0.854
-0.112,0.605
-0.235,0.907
-0.675,0.638
-0.604,0.527
-1.866,-2.88
3.068,-1.416
2.283,0.229
2.241,-2.065
2.096,-2.638
1.766,-2.539
1.433,0.164
-0.187,-3.633
-1.773,-3.866
-0.603,-3.767
-1.522,0.51
-1.152,-3.115
-1.374,-3.456
-1.385,-1.396
-1.44,-1.821
-1.423,-0.877
-1.674,-1.651
-1.509,-1.468
-1.663,-1.595
-1.733,-1.079
-1.656,-1.219
-1.713,-0.892
-1.887,-3.365
-1.935,-2.079
-2.015,-1.791
-2.212,-1.515
-2.088,-1.517
-2.292,-2.498
-2.412,-3.168
-2.493,-0.824
-2.537,-2.11
-2.531,-2.888
-2.45,0.2
-2.476,-3.359
-2.644,-2.959
-2.788,-1.313
-2.798,-2.177
-2.829,0.195
-2.869,-1.875
-2.838,-2.035
-2.979,-3.415
-3.033,-2.046
3.092,-1.032
-3.085,-1.521
3.105,-1.066
3.081,-2.197
2.924,-3.556
2.888,0.018
2.938,-0.571
2.764,-0.147
2.909,-0.561
2.717,-1.711
2.424,0.294
2.407,-0.754
2.454,-2.061
2.354,-0.917
2.306,-2.386
2.12,-3.106
2.081,-1.027
2.029,-2.7
2.146,-0.237
1.932,-0.448
1.895,-0.917
2.003,0.243
1.952,-3.63
1.877,-0.125
1.742,-3.569
1.707,0.035
1.702,-3.476
1.663,-0.888
1.671,-0.002
1.569,-1.888
1.634,-1.457
1.594,-2.046
1.439,-2.289
1.319,-0.693
1.291,-2.2
1.22,-0.629
0.915,0.343
0.918,-1.059
0.917,-2.611
0.708,-2.587
0.613,-0.476
0.663,-2.295
0.618,-3.059
0.364,-2.114
0.236,-2.403
0.292,-2.074
0.051,-1.592
0.009,-0.731
0.05,-1.866
-0.033,-2.87
-0.156,-1.405
-0.178,-1.433
-0.471,-2.401
-0.514,-3.387
-0.745,-0.831
-0.761,-1.498
-0.897,-3.263
-0.877,-1.658
-1.003,0.121
-1.142,-0.947
-1.282,-3.845
-1.877,-3.937
-2.585,-3.681
2.766,-3.8
2.564,-3.684
2.516,-3.845
1.803,-3.852
0.238,-3.864
-0.866,-3.781
-1.0,-3.664
-0.823,-3.782
-1.643,0.55
-1.664,0.799
-1.654,0.497
-2.138,0.732
-2.206,0.484
-3.062,0.466
2.667,0.681
2.45,0.447
2.326,0.791
2.136,0.453
1.342,0.789
1.057,0.573
-0.086,0.707
-0.903,0.408
-1.186,0.106
-1.261,-1.768
0.671,-1.927
0.49,-0.156
0.478,-1.26
-0.425,-1.45
-0.382,-1.59
-0.797,-0.547
-1.578,-0.669
-2.963,-1.396
-0.915,-0.65
-1.112,-0.659
2.216,0.38
-0.58,0.19
-1.3,-3.435
-2.701,-3.444
0.82,0.517
-0.037,3.041
0.003,1.391
-0.019,2.94
-0.123,1.48
-0.199,1.119
-0.221,1.059
-0.266,0.302
-0.463,-0.552
-0.477,0.871
-0.465,0.497
-0.522,0.24
-0.635,0.187
-0.608,1.148
-0.756,0.684
-0.715,1.646
-0.751,3.311
-0.783,0.485
-0.86,3.198
-0.872,2.909
-0.986,-0.435
-0.932,2.237
-0.942,2.422
-0.934,1.894
-1.026,2.403
-1.033,3.353
-1.06,1.832
-0.998,1.733
-1.015,0.69
-1.02,-0.376
-1.828,-0.84
-1.88,-0.571
-2.018,-0.841
2.32,-0.805
1.395,-0.654
1.316,-0.828
1.24,-0.665
-0.464,-0.782
-0.537,-0.488
-1.547,3.735
-1.823,3.533
-2.442,3.601
2.698,3.647
2.621,3.905
2.415,3.796
2.129,3.646
1.894,3.953
1.784,3.851
1.391,3.629
0.755,4.0
0.686,3.952
-0.005,3.703
-0.128,4.005
-0.568,3.736
-0.497,3.625
-1.759,0.218
-3.108,1.682
2.39,3.327
2.348,1.033
2.203,0.46
1.873,0.559
1.54,3.262
-0.08,-0.535
-1.666,-0.768
-0.496,-0.669
-1.415,3.608
-1.045,-0.017
-1.267,-0.358
-1.278,1.702
-1.333,1.277
-1.316,2.221
-1.567,1.447
-1.402,1.63
-1.556,1.503
-1.626,2.019
-1.549,1.879
-1.606,2.206
-1.78,-0.267
-1.828,1.019
-1.908,1.307
-2.105,1.583
-1.981,1.581
-2.185,0.6
-2.305,-0.07
-2.386,2.274
-2.43,0.988
-2.424,0.21
-2.343,3.298
-2.369,-0.261
-2.537,0.139
-2.681,1.785
-2.691,0.921
-2.722,3.293
-2.762,1.223
-2.731,1.063
-2.872,-0.317
-2.926,1.052
-3.084,2.066
-2.978,1.577
-3.071,2.032
-3.095,0.901
3.031,-0.458
2.995,3.116
3.045,2.527
2.871,2.951
3.016,2.537
2.824,1.387
2.531,3.392
2.514,2.344
2.561,1.037
2.461,2.181
2.413,0.712
2.227,-0.008
2.188,2.071
2.136,0.398
2.253,2.861
2.039,2.65
2.002,2.181
2.11,3.341
2.059,-0.532
1.984,2.973
1.849,-0.471
1.814,3.133
1.809,-0.378
1.77,2.21
1.778,3.096
1.676,1.21
1.741,1.641
1.701,1.052
1.546,0.809
1.426,2.405
1.398,0.898
1.327,2.469
1.022,3.441
1.025,2.039
1.024,0.487
0.815,0.511
0.72,2.622
0.77,0.803
0.725,0.039
0.471,0.984
0.343,0.695
0.399,1.024
0.158,1.506
0.116,2.367
0.157,1.232
0.074,0.228
-0.049,1.693
-0.071,1.665
-0.364,0.697
-0.407,-0.289
-0.638,2.267
-0.654,1.6
-0.79,-0.165
-0.77,1.44
-0.896,3.219
-1.035,2.151
-1.175,-0.747
-1.77,-0.839
-2.478,-0.583
2.873,-0.702
2.671,-0.586
2.623,-0.747
1.91,-0.754
0.345,-0.766
-0.759,-0.683
-0.893,-0.566
-0.716,-0.684
-1.536,3.648
-1.557,3.897
-1.547,3.595
-2.031,3.83
-2.099,3.582
-2.955,3.564
2.774,3.779
2.557,3.545
2.433,3.889
2.243,3.551
1.449,3.887
1.164,3.671
0.021,3.805
-0.796,3.506
-1.079,3.204
-1.154,1.33
0.778,1.171
0.597,2.942
0.585,1.838
-0.318,1.648
-0.275,1.508
-0.69,2.551
-1.471,2.429
-2.856,1.702
-0.808,2.448
-1.005,2.439
2.323,3.478
-0.473,3.288
-1.193,-0.337
-2.594,-0.346
0.927,3.615
0.04,-1.65
0.018,-0.101
-0.086,-1.561
-0.162,-1.922
-0.184,-1.982
-0.229,-2.739
-0.426,-3.593
-0.44,-2.17
-0.428,-2.544
-0.485,-2.801
-0.598,-2.854
-0.571,-1.893
-0.719,-2.357
-0.678,-1.395
-0.714,0.27
-0.746,-2.556
-0.823,0.157
-0.835,-0.132
-0.949,-3.476
-0.895,-0.804
-0.905,-0.619
-0.897,-1.147
-0.989,-0.638
-0.996,0.312
-1.023,-1.209
-0.961,-1.308
-0.978,-2.351
-0.983,-3.417
-1.791,-3.881
-1.843,-3.612
-1.981,-3.882
2.357,-3.846
1.432,-3.695
1.353,-3.869
1.277,-3.706
-0.427,-3.823
-0.5,-3.529
-1.51,0.694
-1.786,0.492
-2.405,0.56
2.735,0.606
2.658,0.864
2.452,0.755
2.166,0.605
1.931,0.912
1.821,0.81
1.428,0.588
0.792,0.959
0.723,0.911
0.032,0.662
-0.091,0.964
-0.531,0.695
-0.46,0.584
-1.722,-2.823
-3.071,-1.359
2.427,0.286
2.385,-2.008
2.24,-2.581
1.91,-2.482
1.577,0.221
-0.043,-3.576
-1.629,-3.809
-0.459,-3.71
-1.378,0.567
-1.008,-3.058
-1.23,-3.399
-1.241,-1.339
-1.296,-1.764
-1.279,-0.82
-1.53,-1.594
-1.365,-1.411
-1.519,-1.538
-1.589,-1.022
-1.512,-1.162
-1.569,-0.835
-1.743,-3.308
-1.791,-2.022
-1.871,-1.734
-2.068,-1.458
-1.944,-1.46
-2.148,-2.441
-2.268,-3.111
-2.349,-0.767
-2.393,-2.053
-2.387,-2.831
-2.306,0.257
-2.332,-3.302
-2.5,-2.902
-2.644,-1.256
-2.654,-2.12
-2.685,0.252
-2.725,-1.818
-2.694,-1.978
-2.835,-3.358
-2.889,-1.989
-3.047,-0.975
-2.941,-1.464
-3.034,-1.009
-3.058,-2.14
3.068,-3.499
3.032,0.075
3.082,-0.514
2.908,-0.09
3.053,-0.504
2.861,-1.654
2.568,0.351
2.551,-0.697
2.598,-2.004
2.498,-0.86
2.45,-2.329
2.264,-3.049
2.225,-0.97
2.173,-2.643
2.29,-0.18
2.076,-0.391
2.039,-0.86
2.147,0.3
2.096,-3.573
2.021,-0.068
1.886,-3.512
1.851,0.092
1.846,-3.419
1.807,-0.831
1.815,0.055
1.713,-1.831
1.778,-1.4
1.738,-1.989
1.583,-2.232
1.463,-0.636
1.435,-2.143
1.364,-0.572
1.059,0.4
1.062,-1.002
1.061,-2.554
0.852,-2.53
0.757,-0.419
0.807,-2.238
0.762,-3.002
0.508,-2.057
0.38,-2.346
0.436,-2.017
0.195,-1.535
0.153,-0.674
0.194,-1.809
0.111,-2.813
-0.012,-1.348
-0.034,-1.376
-0.327,-2.344
-0.37,-3.33
-0.601,-0.774
-0.617,-1.441
-0.753,-3.206
-0.733,-1.601
-0.859,0.178
-0.998,-0.89
-1.138,-3.788
-1.733,-3.88
-2.441,-3.624
2.91,-3.743
2.708,-3.627
2.66,-3.788
1.947,-3.795
0.382,-3.807
-0.722,-3.724
-0.856,-3.607
-0.679,-3.725
-1.499,0.607
-1.52,0.856
-1.51,0.554
-1.994,0.789
-2.062,0.541
-2.918,0.523
2.811,0.738
2.594,0.504
2.47,0.848
2.28,0.51
1.486,0.846
1.201,0.63
0.058,0.764
-0.759,0.465
-1.042,0.163
-1.117,-1.711
0.815,-1.87
0.634,-0.099
0.622,-1.203
-0.281,-1.393
-0.238,-1.533
-0.653,-0.49
-1.434,-0.612
-2.819,-1.339
-0.771,-0.593
-0.968,-0.602
2.36,0.437
-0.436,0.247
-1.156,-3.378
-2.557,-3.387
0.964,0.574
-0.022,1.549
-0.126,0.089
-0.202,-0.272
-0.224,-0.332
-0.269,-1.089
-0.466,-1.943
-0.48,-0.52
-0.468,-0.894
-0.525,-1.151
-0.638,-1.204
-0.611,-0.243
-0.759,-0.707
-0.718,0.255
-0.754,1.92
-0.786,-0.906
-0.863,1.807
-0.875,1.518
-0.989,-1.826
-0.935,0.846
-0.945,1.031
-0.937,0.503
-1.029,1.012
-1.036,1.962
-1.063,0.441
-1.001,0.342
-1.018,-0.701
-1.023,-1.767
-1.831,-2.231
-1.883,-1.962
-2.021,-2.232
2.317,-2.196
1.392,-2.045
1.313,-2.219
1.237,-2.056
-0.467,-2.173
-0.54,-1.879
-1.55,2.344
-1.826,2.142
-2.445,2.21
2.695,2.256
2.618,2.514
2.412,2.405
2.126,2.255
1.891,2.562
1.781,2.46
1.388,2.238
0.752,2.609
0.683,2.561
-0.008,2.312
-0.131,2.614
-0.571,2.345
-0.5,2.234
-1.762,-1.173
-3.111,0.291
2.387,1.936
2.345,-0.358
2.2,-0.931
1.87,-0.832
1.537,1.871
-0.083,-1.926
-1.669,-2.159
-0.499,-2.06
-1.418,2.217
-1.048,-1.408
-1.27,-1.749
-1.281,0.311
-1.336,-0.114
-1.319,0.83
-1.57,0.056
-1.405,0.239
-1.559,0.112
-1.629,0.628
-1.552,0.488
-1.609,0.815
-1.783,-1.658
-1.831,-0.372
-1.911,-0.084
-2.108,0.192
-1.984,0.19
-2.188,-0.791
-2.308,-1.461
-2.389,0.883
-2.433,-0.403
-2.427,-1.181
-2.346,1.907
-2.372,-1.652
-2.54,-1.252
-2.684,0.394
-2.694,-0.47
-2.725,1.902
-2.765,-0.168
-2.734,-0.328
-2.875,-1.708
-2.929,-0.339
-3.087,0.675
-2.981,0.186
-3.074,0.641
-3.098,-0.49
3.028,-1.849
2.992,1.725
3.042,1.136
2.868,1.56
3.013,1.146
2.821,-0.004
2.528,2.001
2.511,0.953
2.558,-0.354
2.458,0.79
2.41,-0.679
2.224,-1.399
2.185,0.68
2.133,-0.993
2.25,1.47
2.036,1.259
1.999,0.79
2.107,1.95
2.056,-1.923
1.981,1.582
1.846,-1.862
1.811,1.742
1.806,-1.769
1.767,0.819
1.775,1.705
1.673,-0.181
1.738,0.25
1.698,-0.339
1.543,-0.582
1.423,1.014
1.395,-0.493
1.324,1.078
1.019,2.05
1.022,0.648
1.021,-0.904
0.812,-0.88
0.717,1.231
0.767,-0.588
0.722,-1.352
0.468,-0.407
0.34,-0.696
0.396,-0.367
0.155,0.115
0.113,0.976
0.154,-0.159
0.071,-1.163
-0.052,0.302
-0.074,0.274
-0.367,-0.694
-0.41,-1.68
-0.641,0.876
-0.657,0.209
-0.793,-1.556
-0.773,0.049
-0.899,1.828
-1.038,0.76
-1.178,-2.138
-1.773,-2.23
-2.481,-1.974
2.87,-2.093
2.668,-1.977
2.62,-2.138
1.907,-2.145
0.342,-2.157
-0.762,-2.074
-0.896,-1.957
-0.719,-2.075
-1.539,2.257
-1.56,2.506
-1.55,2.204
-2.034,2.439
-2.102,2.191
-2.958,2.173
2.771,2.388
2.554,2.154
2.43,2.498
2.24,2.16
1.446,2.496
1.161,2.28
0.018,2.414
-0.799,2.115
-1.082,1.813
-1.157,-0.061
0.775,-0.22
0.594,1.551
0.582,0.447
-0.321,0.257
-0.278,0.117
-0.693,1.16
-1.474,1.038
-2.859,0.311
-0.811,1.057
-1.008,1.048
2.32,2.087
-0.476,1.897
-1.196,-1.728
-2.597,-1.737
0.924,2.224
-0.104,-1.46
-0.18,-1.821
-0.202,-1.881
-0.247,-2.638
-0.444,-3.492
-0.458,-2.069
-0.446,-2.443
-0.503,-2.7
-0.616,-2.753
-0.589,-1.792
-0.737,-2.256
-0.696,-1.294
-0.732,0.371
-0.764,-2.455
-0.841,0.258
-0.853,-0.031
-0.967,-3.375
-0.913,-0.703
-0.923,-0.518
-0.915,-1.046
-1.007,-0.537
-1.014,0.413
-1.041,-1.108
-0.979,-1.207
-0.996,-2.25
-1.001,-3.316
-1.809,-3.78
-1.861,-3.511
-1.999,-3.781
2.339,-3.745
1.414,-3.594
1.335,-3.768
1.259,-3.605
-0.445,-3.722
-0.518,-3.428
-1.528,0.795
-1.804,0.593
-2.423,0.661
2.717,0.707
2.64,0.965
2.434,0.856
2.148,0.706
1.913,1.013
1.803,0.911
1.41,0.689
0.774,1.06
0.705,1.012
0.014,0.763
-0.109,1.065
-0.549,0.796
-0.478,0.685
-1.74,-2.722
-3.089,-1.258
2.409,0.387
2.367,-1.907
2.222,-2.48
1.892,-2.381
1.559,0.322
-0.061,-3.475
-1.647,-3.708
-0.477,-3.609
-1.396,0.668
-1.026,-2.957
-1.248,-3.298
-1.259,-1.238
-1.314,-1.663
-1.297,-0.719
-1.548,-1.493
-1.383,-1.31
-1.537,-1.437
-1.607,-0.921
-1.53,-1.061
-1.587,-0.734
-1.761,-3.207
-1.809,-1.921
-1.889,-1.633
-2.086,-1.357
-1.962,-1.359
-2.166,-2.34
-2.286,-3.01
-2.367,-0.666
-2.411,-1.952
-2.405,-2.73
-2.324,0.358
-2.35,-3.201
-2.518,-2.801
-2.662,-1.155
-2.672,-2.019
-2.703,0.353
-2.743,-1.717
-2.712,-1.877
-2.853,-3.257
-2.907,-1.888
-3.065,-0.874
-2.959,-1.363
-3.052,-0.908
-3.076,-2.039
3.05,-3.398
3.014,0.176
3.064,-0.413
2.89,0.011
3.035,-0.403
2.843,-1.553
2.55,0.452
2.533,-0.596
2.58,-1.903
2.48,-0.759
2.432,-2.228
2.246,-2.948
2.207,-0.869
2.155,-2.542
2.272,-0.079
2.058,-0.29
2.021,-0.759
2.129,0.401
2.078,-3.472
2.003,0.033
1.868,-3.411
1.833,0.193
1.828,-3.318
1.789,-0.73
1.797,0.156
1.695,-1.73
1.76,-1.299
1.72,-1.888
1.565,-2.131
1.445,-0.535
1.417,-2.042
1.346,-0.471
1.041,0.501
1.044,-0.901
1.043,-2.453
0.834,-2.429
0.739,-0.318
0.789,-2.137
0.744,-2.901
0.49,-1.956
0.362,-2.245
0.418,-1.916
0.177,-1.434
0.135,-0.573
0.176,-1.708
0.093,-2.712
-0.03,-1.247
-0.052,-1.275
-0.345,-2.243
-0.388,-3.229
-0.619,-0.673
-0.635,-1.34
-0.771,-3.105
-0.751,-1.5
-0.877,0.279
-1.016,-0.789
-1.156,-3.687
-1.751,-3.779
-2.459,-3.523
2.892,-3.642
2.69,-3.526
2.642,-3.687
1.929,-3.694
0.364,-3.706
-0.74,-3.623
-0.874,-3.506
-0.697,-3.624
-1.517,0.708
-1.538,0.957
-1.528,0.655
-2.012,0.89
-2.08,0.642
-2.936,0.624
2.793,0.839
2.576,0.605
2.452,0.949
2.262,0.611
1.468,0.947
1.183,0.731
0.04,0.865
-0.777,0.566
-1.06,0.264
-1.135,-1.61
0.797,-1.769
0.616,0.002
0.604,-1.102
-0.299,-1.292
-0.256,-1.432
-0.671,-0.389
-1.452,-0.511
-2.837,-1.238
-0.789,-0.492
-0.986,-0.501
2.342,0.538
-0.454,0.348
-1.174,-3.277
-2.575,-3.286
0.946,0.675
-0.076,-0.361
-0.098,-0.421
-0.143,-1.178
-0.34,-2.032
-0.354,-0.609
-0.342,-0.983
-0.399,-1.24
-0.512,-1.293
-0.485,-0.332
-0.633,-0.796
-0.592,0.166
-0.628,1.831
-0.66,-0.995
-0.737,1.718
-0.749,1.429
-0.863,-1.915
-0.809,0.757
-0.819,0.942
-0.811,0.414
-0.903,0.923
-0.91,1.873
-0.937,0.352
-0.875,0.253
-0.892,-0.79
-0.897,-1.856
-1.705,-2.32
-1.757,-2.051
-1.895,-2.321
2.443,-2.285
1.518,-2.134
1.439,-2.308
1.363,-2.145
-0.341,-2.262
-0.414,-1.968
-1.424,2.255
-1.7,2.053
-2.319,2.121
2.821,2.167
2.744,2.425
2.538,2.316
2.252,2.166
2.017,2.473
1.907,2.371
1.514,2.149
0.878,2.52
0.809,2.472
0.118,2.223
-0.005,2.525
-0.445,2.256
-0.374,2.145
-1.636,-1.262
-2.985,0.202
2.513,1.847
2.471,-0.447
2.326,-1.02
1.996,-0.921
1.663,1.782
0.043,-2.015
-1.543,-2.248
-0.373,-2.149
-1.292,2.128
-0.922,-1.497
-1.144,-1.838
-1.155,0.222
-1.21,-0.203
-1.193,0.741
-1.444,-0.033
-1.279,0.15
-1.433,0.023
-1.503,0.539
-1.426,0.399
-1.483,0.726
-1.657,-1.747
-1.705,-0.461
-1.785,-0.173
-1.982,0.103
-1.858,0.101
-2.062,-0.88
-2.182,-1.55
-2.263,0.794
-2.307,-0.492
-2.301,-1.27
-2.22,1.818
-2.246,-1.741
-2.414,-1.341
-2.558,0.305
-2.568,-0.559
-2.599,1.813
-2.639,-0.257
-2.608,-0.417
-2.749,-1.797
-2.803,-0.428
-2.961,0.586
-2.855,0.097
-2.948,0.552
-2.972,-0.579
-3.129,-1.938
3.118,1.636
-3.115,1.047
2.994,1.471
3.139,1.057
2.947,-0.093
2.654,1.912
2.637,0.864
2.684,-0.443
2.584,0.701
2.536,-0.768
2.35,-1.488
2.311,0.591
2.259,-1.082
2.376,1.381
2.162,1.17
2.125,0.701
2.233,1.861
2.182,-2.012
2.107,1.493
1.972,-1.951
1.937,1.653
1.932,-1.858
1.893,0.73
1.901,1.616
1.799,-0.27
1.864,0.161
1.824,-0.428
1.669,-0.671
1.549,0.925
1.521,-0.582
1.45,0.989
1.145,1.961
1.148,0.559
1.147,-0.993
0.938,-0.969
0.843,1.142
0.893,-0.677
0.848,-1.441
0.594,-0.496
0.466,-0.785
0.522,-0.456
0.281,0.026
0.239,0.887
0.28,-0.248
0.197,-1.252
0.074,0.213
0.052,0.185
-0.241,-0.783
-0.284,-1.769
-0.515,0.787
-0.531,0.12
-0.667,-1.645
-0.647,-0.04
-0.773,1.739
-0.912,0.671
-1.052,-2.227
-1.647,-2.319
-2.355,-2.063
2.996,-2.182
2.794,-2.066
2.746,-2.227
2.033,-2.234
0.468,-2.246
-0.636,-2.163
-0.77,-2.046
-0.593,-2.164
-1.413,2.168
-1.434,2.417
-1.424,2.115
-1.908,2.35
-1.976,2.102
-2.832,2.084
2.897,2.299
2.68,2.065
2.556,2.409
2.366,2.071
1.572,2.407
1.287,2.191
0.144,2.325
-0.673,2.026
-0.956,1.724
-1.031,-0.15
0.901,-0.309
0.72,1.462
0.708,0.358
-0.195,0.168
-0.152,0.028
-0.567,1.071
-1.348,0.949
-2.733,0.222
-0.685,0.968
-0.882,0.959
2.446,1.998
-0.35,1.808
-1.07,-1.817
-2.471,-1.826
1.05,2.135
-0.022,-0.06
-0.067,-0.817
-0.264,-1.671
-0.278,-0.248
-0.266,-0.622
-0.323,-0.879
-0.436,-0.932
-0.409,0.029
-0.557,-0.435
-0.516,0.527
-0.552,2.192
-0.584,-0.634
-0.661,2.079
-0.673,1.79
-0.787,-1.554
-0.733,1.118
-0.743,1.303
-0.735,0.775
-0.827,1.284
-0.834,2.234
-0.861,0.713
-0.799,0.614
-0.816,-0.429
-0.821,-1.495
-1.629,-1.959
-1.681,-1.69
-1.819,-1.96
2.519,-1.924
1.594,-1.773
1.515,-1.947
1.439,-1.784
-0.265,-1.901
-0.338,-1.607
-1.348,2.616
-1.624,2.414
-2.243,2.482
2.897,2.528
2.82,2.786
2.614,2.677
2.328,2.527
2.093,2.834
1.983,2.732
1.59,2.51
0.954,2.881
0.885,2.833
0.194,2.584
0.071,2.886
-0.369,2.617
-0.298,2.506
-1.56,-0.901
-2.909,0.563
2.589,2.208
2.547,-0.086
2.402,-0.659
2.072,-0.56
1.739,2.143
0.119,-1.654
-1.467,-1.887
-0.297,-1.788
-1.216,2.489
-0.846,-1.136
-1.068,-1.477
-1.079,0.583
-1.134,0.158
-1.117,1.102
-1.368,0.328
-1.203,0.511
-1.357,0.384
-1.427,0.9
-1.35,0.76
-1.407,1.087
-1.581,-1.386
-1.629,-0.1
-1.709,0.188
-1.906,0.464
-1.782,0.462
-1.986,-0.519
-2.106,-1.189
-2.187,1.155
-2.231,-0.131
-2.225,-0.909
-2.144,2.179
-2.17,-1.38
-2.338,-0.98
-2.482,0.666
-2.492,-0.198
-2.523,2.174
-2.563,0.104
-2.532,-0.056
-2.673,-1.436
-2.727,-0.067
-2.885,0.947
-2.779,0.458
-2.872,0.913
-2.896,-0.218
-3.053,-1.577
-3.089,1.997
-3.039,1.408
3.07,1.832
-3.068,1.418
3.023,0.268
2.73,2.273
2.713,1.225
2.76,-0.082
2.66,1.062
2.612,-0.407
2.426,-1.127
2.387,0.952
2.335,-0.721
2.452,1.742
2.238,1.531
2.201,1.062
2.309,2.222
2.258,-1.651
2.183,1.854
2.048,-1.59
2.013,2.014
2.008,-1.497
1.969,1.091
1.977,1.977
1.875,0.091
1.94,0.522
1.9,-0.067
1.745,-0.31
1.625,1.286
1.597,-0.221
1.526,1.35
1.221,2.322
1.224,0.92
1.223,-0.632
1.014,-0.608
0.919,1.503
0.969,-0.316
0.924,-1.08
0.67,-0.135
0.542,-0.424
0.598,-0.095
0.357,0.387
0.315,1.248
0.356,0.113
0.273,-0.891
0.15,0.574
0.128,0.546
-0.165,-0.422
-0.208,-1.408
-0.439,1.148
-0.455,0.481
-0.591,-1.284
-0.571,0.321
-0.697,2.1
-0.836,1.032
-0.976,-1.866
-1.571,-1.958
-2.279,-1.702
3.072,-1.821
2.87,-1.705
2.822,-1.866
2.109,-1.873
0.544,-1.885
-0.56,-1.802
-0.694,-1.685
-0.517,-1.803
-1.337,2.529
-1.358,2.778
-1.348,2.476
-1.832,2.711
-1.9,2.463
-2.756,2.445
2.973,2.66
2.756,2.426
2.632,2.77
2.442,2.432
1.648,2.768
1.363,2.552
0.22,2.686
-0.597,2.387
-0.88,2.085
-0.955,0.211
0.977,0.052
0.796,1.823
0.784,0.719
-0.119,0.529
-0.076,0.389
-0.491,1.432
-1.272,1.31
-2.657,0.583
-0.609,1.329
-0.806,1.32
2.522,2.359
-0.274,2.169
-0.994,-1.456
-2.395,-1.465
1.126,2.496
-0.045,-0.757
-0.242,-1.611
-0.256,-0.188
-0.244,-0.562
-0.301,-0.819
-0.414,-0.872
-0.387,0.089
-0.535,-0.375
-0.494,0.587
-0.53,2.252
-0.562,-0.574
-0.639,2.139
-0.651,1.85
-0.765,-1.494
-0.711,1.178
-0.721,1.363
-0.713,0.835
-0.805,1.344
-0.812,2.294
-0.839,0.773
-0.777,0.674
-0.794,-0.369
-0.799,-1.435
-1.607,-1.899
-1.659,-1.63
-1.797,-1.9
2.541,-1.864
1.616,-1.713
1.537,-1.887
1.461,-1.724
-0.243,-1.841
-0.316,-1.547
-1.326,2.676
-1.602,2.474
-2.221,2.542
2.919,2.588
2.842,2.846
2.636,2.737
2.35,2.587
2.115,2.894
2.005,2.792
1.612,2.57
0.976,2.941
0.907,2.893
0.216,2.644
0.093,2.946
-0.347,2.677
-0.276,2.566
-1.538,-0.841
-2.887,0.623
2.611,2.268
2.569,-0.026
2.424,-0.599
2.094,-0.5
1.761,2.203
0.141,-1.594
-1.445,-1.827
-0.275,-1.728
-1.194,2.549
-0.824,-1.076
-1.046,-1.417
-1.057,0.643
-1.112,0.218
-1.095,1.162
-1.346,0.388
-1.181,0.571
-1.335,0.444
-1.405,0.96
-1.328,0.82
-1.385,1.147
-1.559,-1.326
-1.607,-0.04
-1.687,0.248
-1.884,0.524
-1.76,0.522
-1.964,-0.459
-2.084,-1.129
-2.165,1.215
-2.209,-0.071
-2.203,-0.849
-2.122,2.239
-2.148,-1.32
-2.316,-0.92
-2.46,0.726
-2.47,-0.138
-2.501,2.234
-2.541,0.164
-2.51,0.004
-2.651,-1.376
-2.705,-0.007
-2.863,1.007
-2.757,0.518
-2.85,0.973
-2.874,-0.158
-3.031,-1.517
-3.067,2.057
-3.017,1.468
3.092,1.892
-3.046,1.478
3.045,0.328
2.752,2.333
2.735,1.285
2.782,-0.022
2.682,1.122
2.634,-0.347
2.448,-1.067
2.409,1.012
2.357,-0.661
2.474,1.802
2.26,1.591
2.223,1.122
2.331,2.282
2.28,-1.591
2.205,1.914
2.07,-1.53
2.035,2.074
2.03,-1.437
1.991,1.151
1.999,2.037
1.897,0.151
1.962,0.582
1.922,-0.007
1.767,-0.25
1.647,1.346
1.619,-0.161
1.548,1.41
1.243,2.382
1.246,0.98
1.245,-0.572
1.036,-0.548
0.941,1.563
0.991,-0.256
0.946,-1.02
0.692,-0.075
0.564,-0.364
0.62,-0.035
0.379,0.447
0.337,1.308
0.378,0.173
0.295,-0.831
0.172,0.634
0.15,0.606
-0.143,-0.362
-0.186,-1.348
-0.417,1.208
-0.433,0.541
-0.569,-1.224
-0.549,0.381
-0.675,2.16
-0.814,1.092
-0.954,-1.806
-1.549,-1.898
-2.257,-1.642
3.094,-1.761
2.892,-1.645
2.844,-1.806
2.131,-1.813
0.566,-1.825
-0.538,-1.742
-0.672,-1.625
-0.495,-1.743
-1.315,2.589
-1.336,2.838
-1.326,2.536
-1.81,2.771
-1.878,2.523
-2.734,2.505
2.995,2.72
2.778,2.486
2.654,2.83
2.464,2.492
1.67,2.828
1.385,2.612
0.242,2.746
-0.575,2.447
-0.858,2.145
-0.933,0.271
0.999,0.112
0.818,1.883
0.806,0.779
-0.097,0.589
-0.054,0.449
-0.469,1.492
-1.25,1.37
-2.635,0.643
-0.587,1.389
-0.784,1.38
2.544,2.419
-0.252,2.229
-0.972,-1.396
-2.373,-1.405
1.148,2.556
-0.197,-0.854
-0.211,0.569
-0.199,0.195
-0.256,-0.062
-0.369,-0.115
-0.342,0.846
-0.49,0.382
-0.449,1.344
-0.485,3.009
-0.517,0.183
-0.594,2.896
-0.606,2.607
-0.72,-0.737
-0.666,1.935
-0.676,2.12
-0.668,1.592
-0.76,2.101
-0.767,3.051
-0.794,1.53
-0.732,1.431
-0.749,0.388
-0.754,-0.678
-1.562,-1.142
-1.614,-0.873
-1.752,-1.143
2.586,-1.107
1.661,-0.956
1.582,-1.13
1.506,-0.967
-0.198,-1.084
-0.271,-0.79
-1.281,3.433
-1.557,3.231
-2.176,3.299
2.964,3.345
2.887,3.603
2.681,3.494
2.395,3.344
2.16,3.651
2.05,3.549
1.657,3.327
1.021,3.698
0.952,3.65
0.261,3.401
0.138,3.703
-0.302,3.434
-0.231,3.323
-1.493,-0.084
-2.842,1.38
2.656,3.025
2.614,0.731
2.469,0.158
2.139,0.257
1.806,2.96
0.186,-0.837
-1.4,-1.07
-0.23,-0.971
-1.149,3.306
-0.779,-0.319
-1.001,-0.66
-1.012,1.4
-1.067,0.975
-1.05,1.919
-1.301,1.145
-1.136,1.328
-1.29,1.201
-1.36,1.717
-1.283,1.577
-1.34,1.904
-1.514,-0.569
-1.562,0.717
-1.642,1.005
-1.839,1.281
-1.715,1.279
-1.919,0.298
-2.039,-0.372
-2.12,1.972
-2.164,0.686
-2.158,-0.092
-2.077,2.996
-2.103,-0.563
-2.271,-0.163
-2.415,1.483
-2.425,0.619
-2.456,2.991
-2.496,0.921
-2.465,0.761
-2.606,-0.619
-2.66,0.75
-2.818,1.764
-2.712,1.275
-2.805,1.73
-2.829,0.599
-2.986,-0.76
-3.022,2.814
-2.972,2.225
3.137,2.649
-3.001,2.235
3.09,1.085
2.797,3.09
2.78,2.042
2.827,0.735
2.727,1.879
2.679,0.41
2.493,-0.31
2.454,1.769
2.402,0.096
2.519,2.559
2.305,2.348
2.268,1.879
2.376,3.039
2.325,-0.834
2.25,2.671
2.115,-0.773
2.08,2.831
2.075,-0.68
2.036,1.908
2.044,2.794
1.942,0.908
2.007,1.339
1.967,0.75
1.812,0.507
1.692,2.103
1.664,0.596
1.593,2.167
1.288,3.139
1.291,1.737
1.29,0.185
1.081,0.209
0.986,2.32
1.036,0.501
0.991,-0.263
0.737,0.682
0.609,0.393
0.665,0.722
0.424,1.204
0.382,2.065
0.423,0.93
0.34,-0.074
0.217,1.391
0.195,1.363
-0.098,0.395
-0.141,-0.591
-0.372,1.965
-0.388,1.298
-0.524,-0.467
-0.504,1.138
-0.63,2.917
-0.769,1.849
-0.909,-1.049
-1.504,-1.141
-2.212,-0.885
3.139,-1.004
2.937,-0.888
2.889,-1.049
2.176,-1.056
0.611,-1.068
-0.493,-0.985
-0.627,-0.868
-0.45,-0.986
-1.27,3.346
-1.291,3.595
-1.281,3.293
-1.765,3.528
-1.833,3.28
-2.689,3.262
3.04,3.477
2.823,3.243
2.699,3.587
2.509,3.249
1.715,3.585
1.43,3.369
0.287,3.503
-0.53,3.204
-0.813,2.902
-0.888,1.028
1.044,0.869
0.863,2.64
0.851,1.536
-0.052,1.346
-0.009,1.206
-0.424,2.249
-1.205,2.127
-2.59,1.4
-0.542,2.146
-0.739,2.137
2.589,3.176
-0.207,2.986
-0.927,-0.639
-2.328,-0.648
1.193,3.313
-0.014,1.423
-0.002,1.049
-0.059,0.792
-0.172,0.739
-0.145,1.7
-0.293,1.236
-0.252,2.198
-0.288,3.863
-0.32,1.037
-0.397,3.75
-0.409,3.461
-0.523,0.117
-0.469,2.789
-0.479,2.974
-0.471,2.446
-0.563,2.955
-0.57,3.905
-0.597,2.384
-0.535,2.285
-0.552,1.242
-0.557,0.176
-1.365,-0.288
-1.417,-0.019
-1.555,-0.289
2.783,-0.253
1.858,-0.102
1.779,-0.276
1.703,-0.113
-0.001,-0.23
-0.074,0.064
-1.084,4.287
-1.36,4.085
-1.979,4.153
-3.122,4.199
3.084,4.457
2.878,4.348
2.592,4.198
2.357,4.505
2.247,4.403
1.854,4.181
1.218,4.552
1.149,4.504
0.458,4.255
0.335,4.557
-0.105,4.288
-0.034,4.177
-1.296,0.77
-2.645,2.234
2.853,3.879
2.811,1.585
2.666,1.012
2.336,1.111
2.003,3.814
0.383,0.017
-1.203,-0.216
-0.033,-0.117
-0.952,4.16
-0.582,0.535
-0.804,0.194
-0.815,2.254
-0.87,1.829
-0.853,2.773
-1.104,1.999
-0.939,2.182
-1.093,2.055
-1.163,2.571
-1.086,2.431
-1.143,2.758
-1.317,0.285
-1.365,1.571
-1.445,1.859
-1.642,2.135
-1.518,2.133
-1.722,1.152
-1.842,0.482
-1.923,2.826
-1.967,1.54
-1.961,0.762
-1.88,3.85
-1.906,0.291
-2.074,0.691
-2.218,2.337
-2.228,1.473
-2.259,3.845
-2.299,1.775
-2.268,1.615
-2.409,0.235
-2.463,1.604
-2.621,2.618
-2.515,2.129
-2.608,2.584
-2.632,1.453
-2.789,0.094
-2.825,3.668
-2.775,3.079
-2.949,3.503
-2.804,3.089
-2.996,1.939
2.994,3.944
2.977,2.896
3.024,1.589
2.924,2.733
2.876,1.264
2.69,0.544
2.651,2.623
2.599,0.95
2.716,3.413
2.502,3.202
2.465,2.733
2.573,3.893
2.522,0.02
2.447,3.525
2.312,0.081
2.277,3.685
2.272,0.174
2.233,2.762
2.241,3.648
2.139,1.762
2.204,2.193
2.164,1.604
2.009,1.361
1.889,2.957
1.861,1.45
1.79,3.021
1.485,3.993
1.488,2.591
1.487,1.039
1.278,1.063
1.183,3.174
1.233,1.355
1.188,0.591
0.934,1.536
0.806,1.247
0.862,1.576
0.621,2.058
0.579,2.919
0.62,1.784
0.537,0.78
0.414,2.245
0.392,2.217
0.099,1.249
0.056,0.263
-0.175,2.819
-0.191,2.152
-0.327,0.387
-0.307,1.992
-0.433,3.771
-0.572,2.703
-0.712,-0.195
-1.307,-0.287
-2.015,-0.031
-2.947,-0.15
3.134,-0.034
3.086,-0.195
2.373,-0.202
0.808,-0.214
-0.296,-0.131
-0.43,-0.014
-0.253,-0.132
-1.073,4.2
-1.094,4.449
-1.084,4.147
-1.568,4.382
-1.636,4.134
-2.492,4.116
-3.046,4.331
3.02,4.097
2.896,4.441
2.706,4.103
1.912,4.439
1.627,4.223
0.484,4.357
-0.333,4.058
-0.616,3.756
-0.691,1.882
1.241,1.723
1.06,3.494
1.048,2.39
0.145,2.2
0.188,2.06
-0.227,3.103
-1.008,2.981
-2.393,2.254
-0.345,3.0
-0.542,2.991
2.786,4.03
-0.01,3.84
-0.73,0.215
-2.131,0.206
1.39,4.167
0.012,-0.374
-0.045,-0.631
-0.158,-0.684
-0.131,0.277
-0.279,-0.187
-0.238,0.775
-0.274,2.44
-0.306,-0.386
-0.383,2.327
-0.395,2.038
-0.509,-1.306
-0.455,1.366
-0.465,1.551
-0.457,1.023
-0.549,1.532
-0.556,2.482
-0.583,0.961
-0.521,0.862
-0.538,-0.181
-0.543,-1.247
-1.351,-1.711
-1.403,-1.442
-1.541,-1.712
2.797,-1.676
1.872,-1.525
1.793,-1.699
1.717,-1.536
0.013,-1.653
-0.06,-1.359
-1.07,2.864
-1.346,2.662
-1.965,2.73
-3.108,2.776
3.098,3.034
2.892,2.925
2.606,2.775
2.371,3.082
2.261,2.98
1.868,2.758
1.232,3.129
1.163,3.081
0.472,2.832
0.349,3.134
-0.091,2.865
-0.02,2.754
-1.282,-0.653
-2.631,0.811
2.867,2.456
2.825,0.162
2.68,-0.411
2.35,-0.312
2.017,2.391
0.397,-1.406
-1.189,-1.639
-0.019,-1.54
-0.938,2.737
-0.568,-0.888
-0.79,-1.229
-0.801,0.831
-0.856,0.406
-0.839,1.35
-1.09,0.576
-0.925,0.759
-1.079,0.632
-1.149,1.148
-1.072,1.008
-1.129,1.335
-1.303,-1.138
-1.351,0.148
-1.431,0.436
-1.628,0.712
-1.504,0.71
-1.708,-0.271
-1.828,-0.941
-1.909,1.403
-1.953,0.117
-1.947,-0.661
-1.866,2.427
-1.892,-1.132
-2.06,-0.732
-2.204,0.914
-2.214,0.05
-2.245,2.422
-2.285,0.352
-2.254,0.192
-2.395,-1.188
-2.449,0.181
-2.607,1.195
-2.501,0.706
-2.594,1.161
-2.618,0.03
-2.775,-1.329
-2.811,2.245
-2.761,1.656
-2.935,2.08
-2.79,1.666
-2.982,0.516
3.008,2.521
2.991,1.473
3.038,0.166
2.938,1.31
2.89,-0.159
2.704,-0.879
2.665,1.2
2.613,-0.473
2.73,1.99
2.516,1.779
2.479,1.31
2.587,2.47
2.536,-1.403
2.461,2.102
2.326,-1.342
2.291,2.262
2.286,-1.249
2.247,1.339
2.255,2.225
2.153,0.339
2.218,0.77
2.178,0.181
2.023,-0.062
1.903,1.534
1.875,0.027
1.804,1.598
1.499,2.57
1.502,1.168
1.501,-0.384
1.292,-0.36
1.197,1.751
1.247,-0.068
1.202,-0.832
0.948,0.113
0.82,-0.176
0.876,0.153
0.635,0.635
0.593,1.496
0.634,0.361
0.551,-0.643
0.428,0.822
0.406,0.794
0.113,-0.174
0.07,-1.16
-0.161,1.396
-0.177,0.729
-0.313,-1.036
-0.293,0.569
-0.419,2.348
-0.558,1.28
-0.698,-1.618
-1.293,-1.71
-2.001,-1.454
-2.933,-1.573
-3.135,-1.457
3.1,-1.618
2.387,-1.625
0.822,-1.637
-0.282,-1.554
-0.416,-1.437
-0.239,-1.555
-1.059,2.777
-1.08,3.026
-1.07,2.724
-1.554,2.959
-1.622,2.711
-2.478,2.693
-3.032,2.908
3.034,2.674
2.91,3.018
2.72,2.68
1.926,3.016
1.641,2.8
0.498,2.934
-0.319,2.635
-0.602,2.333
-0.677,0.459
1.255,0.3
1.074,2.071
1.062,0.967
0.159,0.777
0.202,0.637
-0.213,1.68
-0.994,1.558
-2.379,0.831
-0.331,1.577
-0.528,1.568
2.8,2.607
0.004,2.417
-0.716,-1.208
-2.117,-1.217
1.404,2.744
-0.057,-0.257
-0.17,-0.31
-0.143,0.651
-0.291,0.187
-0.25,1.149
-0.286,2.814
-0.318,-0.012
-0.395,2.701
-0.407,2.412
-0.521,-0.932
-0.467,1.74
-0.477,1.925
-0.469,1.397
-0.561,1.906
-0.568,2.856
-0.595,1.335
-0.533,1.236
-0.55,0.193
-0.555,-0.873
-1.363,-1.337
-1.415,-1.068
-1.553,-1.338
2.785,-1.302
1.86,-1.151
1.781,-1.325
1.705,-1.162
0.001,-1.279
-0.072,-0.985
-1.082,3.238
-1.358,3.036
-1.977,3.104
-3.12,3.15
3.086,3.408
2.88,3.299
2.594,3.149
2.359,3.456
2.249,3.354
1.856,3.132
1.22,3.503
1.151,3.455
0.46,3.206
0.337,3.508
-0.103,3.239
-0.032,3.128
-1.294,-0.279
-2.643,1.185
2.855,2.83
2.813,0.536
2.668,-0.037
2.338,0.062
2.005,2.765
0.385,-1.032
-1.201,-1.265
-0.031,-1.166
-0.95,3.111
-0.58,-0.514
-0.802,-0.855
-0.813,1.205
-0.868,0.78
-0.851,1.724
-1.102,0.95
-0.937,1.133
-1.091,1.006
-1.161,1.522
-1.084,1.382
-1.141,1.709
-1.315,-0.764
-1.363,0.522
-1.443,0.81
-1.64,1.086
-1.516,1.084
-1.72,0.103
-1.84,-0.567
-1.921,1.777
-1.965,0.491
-1.959,-0.287
-1.878,2.801
-1.904,-0.758
-2.072,-0.358
-2.216,1.288
-2.226,0.424
-2.257,2.796
-2.297,0.726
-2.266,0.566
-2.407,-0.814
-2.461,0.555
-2.619,1.569
-2.513,1.08
-2.606,1.535
-2.63,0.404
-2.787,-0.955
-2.823,2.619
-2.773,2.03
-2.947,2.454
-2.802,2.04
-2.994,0.89
2.996,2.895
2.979,1.847
3.026,0.54
2.926,1.684
2.878,0.215
2.692,-0.505
2.653,1.574
2.601,-0.099
2.718,2.364
2.504,2.153
2.467,1.684
2.575,2.844
2.524,-1.029
2.449,2.476
2.314,-0.968
2.279,2.636
2.274,-0.875
2.235,1.713
2.243,2.599
2.141,0.713
2.206,1.144
2.166,0.555
2.011,0.312
1.891,1.908
1.863,0.401
1.792,1.972
1.487,2.944
1.49,1.542
1.489,-0.01
1.28,0.014
1.185,2.125
1.235,0.306
1.19,-0.458
0.936,0.487
0.808,0.198
0.864,0.527
0.623,1.009
0.581,1.87
0.622,0.735
0.539,-0.269
0.416,1.196
0.394,1.168
0.101,0.2
0.058,-0.786
-0.173,1.77
-0.189,1.103
-0.325,-0.662
-0.305,0.943
-0.431,2.722
-0.57,1.654
-0.71,-1.244
-1.305,-1.336
-2.013,-1.08
-2.945,-1.199
3.136,-1.083
3.088,-1.244
2.375,-1.251
0.81,-1.263
-0.294,-1.18
-0.428,-1.063
-0.251,-1.181
-1.071,3.151
-1.092,3.4
-1.082,3.098
-1.566,3.333
-1.634,3.085
-2.49,3.067
-3.044,3.282
3.022,3.048
2.898,3.392
2.708,3.054
1.914,3.39
1.629,3.174
0.486,3.308
-0.331,3.009
-0.614,2.707
-0.689,0.833
1.243,0.674
1.062,2.445
1.05,1.341
0.147,1.151
0.19,1.011
-0.225,2.054
-1.006,1.932
-2.391,1.205
-0.343,1.951
-0.54,1.942
2.788,2.981
-0.008,2.791
-0.728,-0.834
-2.129,-0.843
1.392,3.118
-0.113,-0.053
-0.086,0.908
-0.234,0.444
-0.193,1.406
-0.229,3.071
-0.261,0.245
-0.338,2.958
-0.35,2.669
-0.464,-0.675
-0.41,1.997
-0.42,2.182
-0.412,1.654
-0.504,2.163
-0.511,3.113
-0.538,1.592
-0.476,1.493
-0.493,0.45
-0.498,-0.616
-1.306,-1.08
-1.358,-0.811
-1.496,-1.081
2.842,-1.045
1.917,-0.894
1.838,-1.068
1.762,-0.905
0.058,-1.022
-0.015,-0.728
-1.025,3.495
-1.301,3.293
-1.92,3.361
-3.063,3.407
-3.14,3.665
2.937,3.556
2.651,3.406
2.416,3.713
2.306,3.611
1.913,3.389
1.277,3.76
1.208,3.712
0.517,3.463
0.394,3.765
-0.046,3.496
0.025,3.385
-1.237,-0.022
-2.586,1.442
2.912,3.087
2.87,0.793
2.725,0.22
2.395,0.319
2.062,3.022
0.442,-0.775
-1.144,-1.008
0.026,-0.909
-0.893,3.368
-0.523,-0.257
-0.745,-0.598
-0.756,1.462
-0.811,1.037
-0.794,1.981
-1.045,1.207
-0.88,1.39
-1.034,1.263
-1.104,1.779
-1.027,1.639
-1.084,1.966
-1.258,-0.507
-1.306,0.779
-1.386,1.067
-1.583,1.343
-1.459,1.341
-1.663,0.36
-1.783,-0.31
-1.864,2.034
-1.908,0.748
-1.902,-0.03
-1.821,3.058
-1.847,-0.501
-2.015,-0.101
-2.159,1.545
-2.169,0.681
-2.2,3.053
-2.24,0.983
-2.209,0.823
-2.35,-0.557
-2.404,0.812
-2.562,1.826
-2.456,1.337
-2.549,1.792
-2.573,0.661
-2.73,-0.698
-2.766,2.876
-2.716,2.287
-2.89,2.711
-2.745,2.297
-2.937,1.147
3.053,3.152
3.036,2.104
3.083,0.797
2.983,1.941
2.935,0.472
2.749,-0.248
2.71,1.831
2.658,0.158
2.775,2.621
2.561,2.41
2.524,1.941
2.632,3.101
2.581,-0.772
2.506,2.733
2.371,-0.711
2.336,2.893
2.331,-0.618
2.292,1.97
2.3,2.856
2.198,0.97
2.263,1.401
2.223,0.812
2.068,0.569
1.948,2.165
1.92,0.658
1.849,2.229
1.544,3.201
1.547,1.799
1.546,0.247
1.337,0.271
1.242,2.382
1.292,0.563
1.247,-0.201
0.993,0.744
0.865,0.455
0.921,0.784
0.68,1.266
0.638,2.127
0.679,0.992
0.596,-0.012
0.473,1.453
0.451,1.425
0.158,0.457
0.115,-0.529
-0.116,2.027
-0.132,1.36
-0.268,-0.405
-0.248,1.2
-0.374,2.979
-0.513,1.911
-0.653,-0.987
-1.248,-1.079
-1.956,-0.823
-2.888,-0.942
-3.09,-0.826
-3.138,-0.987
2.432,-0.994
0.867,-1.006
-0.237,-0.923
-0.371,-0.806
-0.194,-0.924
-1.014,3.408
-1.035,3.657
-1.025,3.355
-1.509,3.59
-1.577,3.342
-2.433,3.324
-2.987,3.539
3.079,3.305
2.955,3.649
2.765,3.311
1.971,3.647
1.686,3.431
0.543,3.565
-0.274,3.266
-0.557,2.964
-0.632,1.09
1.3,0.931
1.119,2.702
1.107,1.598
0.204,1.408
0.247,1.268
-0.168,2.311
-0.949,2.189
-2.334,1.462
-0.286,2.208
-0.483,2.199
2.845,3.238
0.049,3.048
-0.671,-0.577
-2.072,-0.586
1.449,3.375
0.027,0.961
-0.121,0.497
-0.08,1.459
-0.116,3.124
-0.148,0.298
-0.225,3.011
-0.237,2.722
-0.351,-0.622
-0.297,2.05
-0.307,2.235
-0.299,1.707
-0.391,2.216
-0.398,3.166
-0.425,1.645
-0.363,1.546
-0.38,0.503
-0.385,-0.563
-1.193,-1.027
-1.245,-0.758
-1.383,-1.028
2.955,-0.992
2.03,-0.841
1.951,-1.015
1.875,-0.852
0.171,-0.969
0.098,-0.675
-0.912,3.548
-1.188,3.346
-1.807,3.414
-2.95,3.46
-3.027,3.718
3.05,3.609
2.764,3.459
2.529,3.766
2.419,3.664
2.026,3.442
1.39,3.813
1.321,3.765
0.63,3.516
0.507,3.818
0.067,3.549
0.138,3.438
-1.124,0.031
-2.473,1.495
3.025,3.14
2.983,0.846
2.838,0.273
2.508,0.372
2.175,3.075
0.555,-0.722
-1.031,-0.955
0.139,-0.856
-0.78,3.421
-0.41,-0.204
-0.632,-0.545
-0.643,1.515
-0.698,1.09
-0.681,2.034
-0.932,1.26
-0.767,1.443
-0.921,1.316
-0.991,1.832
-0.914,1.692
-0.971,2.019
-1.145,-0.454
-1.193,0.832
-1.273,1.12
-1.47,1.396
-1.346,1.394
-1.55,0.413
-1.67,-0.257
-1.751,2.087
-1.795,0.801
-1.789,0.023
-1.708,3.111
-1.734,-0.448
-1.902,-0.048
-2.046,1.598
-2.056,0.734
-2.087,3.106
-2.127,1.036
-2.096,0.876
-2.237,-0.504
-2.291,0.865
-2.449,1.879
-2.343,1.39
-2.436,1.845
-2.46,0.714
-2.617,-0.645
-2.653,2.929
-2.603,2.34
-2.777,2.764
-2.632,2.35
-2.824,1.2
-3.117,3.205
-3.134,2.157
-3.087,0.85
3.096,1.994
3.048,0.525
2.862,-0.195
2.823,1.884
2.771,0.211
2.888,2.674
2.674,2.463
2.637,1.994
2.745,3.154
2.694,-0.719
2.619,2.786
2.484,-0.658
2.449,2.946
2.444,-0.565
2.405,2.023
2.413,2.909
2.311,1.023
2.376,1.454
2.336,0.865
2.181,0.622
2.061,2.218
2.033,0.711
1.962,2.282
1.657,3.254
1.66,1.852
1.659,0.3
1.45,0.324
1.355,2.435
1.405,0.616
1.36,-0.148
1.106,0.797
0.978,0.508
1.034,0.837
0.793,1.319
0.751,2.18
0.792,1.045
0.709,0.041
0.586,1.506
0.564,1.478
0.271,0.51
0.228,-0.476
-0.003,2.08
-0.019,1.413
-0.155,-0.352
-0.135,1.253
-0.261,3.032
-0.4,1.964
-0.54,-0.934
-1.135,-1.026
-1.843,-0.77
-2.775,-0.889
-2.977,-0.773
-3.025,-0.934
2.545,-0.941
0.98,-0.953
-0.124,-0.87
-0.258,-0.753
-0.081,-0.871
-0.901,3.461
-0.922,3.71
-0.912,3.408
-1.396,3.643
-1.464,3.395
-2.32,3.377
-2.874,3.592
-3.091,3.358
3.068,3.702
2.878,3.364
2.084,3.7
1.799,3.484
0.656,3.618
-0.161,3.319
-0.444,3.017
-0.519,1.143
1.413,0.984
1.232,2.755
1.22,1.651
0.317,1.461
0.36,1.321
-0.055,2.364
-0.836,2.242
-2.221,1.515
-0.173,2.261
-0.37,2.252
2.958,3.291
0.162,3.101
-0.558,-0.524
-1.959,-0.533
1.562,3.428
-0.148,-0.464
-0.107,0.498
-0.143,2.163
-0.175,-0.663
-0.252,2.05
-0.264,1.761
-0.378,-1.583
-0.324,1.089
-0.334,1.274
-0.326,0.746
-0.418,1.255
-0.425,2.205
-0.452,0.684
-0.39,0.585
-0.407,-0.458
-0.412,-1.524
-1.22,-1.988
-1.272,-1.719
-1.41,-1.989
2.928,-1.953
2.003,-1.802
1.924,-1.976
1.848,-1.813
0.144,-1.93
0.071,-1.636
-0.939,2.587
-1.215,2.385
-1.834,2.453
-2.977,2.499
-3.054,2.757
3.023,2.648
2.737,2.498
2.502,2.805
2.392,2.703
1.999,2.481
1.363,2.852
1.294,2.804
0.603,2.555
0.48,2.857
0.04,2.588
0.111,2.477
-1.151,-0.93
-2.5,0.534
2.998,2.179
2.956,-0.115
2.811,-0.688
2.481,-0.589
2.148,2.114
0.528,-1.683
-1.058,-1.916
0.112,-1.817
-0.807,2.46
-0.437,-1.165
-0.659,-1.506
-0.67,0.554
-0.725,0.129
-0.708,1.073
-0.959,0.299
-0.794,0.482
-0.948,0.355
-1.018,0.871
-0.941,0.731
-0.998,1.058
-1.172,-1.415
-1.22,-0.129
-1.3,0.159
-1.497,0.435
-1.373,0.433
-1.577,-0.548
-1.697,-1.218
-1.778,1.126
-1.822,-0.16
-1.816,-0.938
-1.735,2.15
-1.761,-1.409
-1.929,-1.009
-2.073,0.637
-2.083,-0.227
-2.114,2.145
-2.154,0.075
-2.123,-0.085
-2.264,-1.465
-2.318,-0.096
-2.476,0.918
-2.37,0.429
-2.463,0.884
-2.487,-0.247
-2.644,-1.606
-2.68,1.968
-2.63,1.379
-2.804,1.803
-2.659,1.389
-2.851,0.239
3.139,2.244
3.122,1.196
-3.114,-0.111
3.069,1.033
3.021,-0.436
2.835,-1.156
2.796,0.923
2.744,-0.75
2.861,1.713
2.647,1.502
2.61,1.033
2.718,2.193
2.667,-1.68
2.592,1.825
2.457,-1.619
2.422,1.985
2.417,-1.526
2.378,1.062
2.386,1.948
2.284,0.062
2.349,0.493
2.309,-0.096
2.154,-0.339
2.034,1.257
2.006,-0.25
1.935,1.321
1.63,2.293
1.633,0.891
1.632,-0.661
1.423,-0.637
1.328,1.474
1.378,-0.345
1.333,-1.109
1.079,-0.164
0.951,-0.453
1.007,-0.124
0.766,0.358
0.724,1.219
0.765,0.084
0.682,-0.92
0.559,0.545
0.537,0.517
0.244,-0.451
0.201,-1.437
-0.03,1.119
-0.046,0.452
-0.182,-1.313
-0.162,0.292
-0.288,2.071
-0.427,1.003
-0.567,-1.895
-1.162,-1.987
-1.87,-1.731
-2.802,-1.85
-3.004,-1.734
-3.052,-1.895
2.518,-1.902
0.953,-1.914
-0.151,-1.831
-0.285,-1.714
-0.108,-1.832
-0.928,2.5
-0.949,2.749
-0.939,2.447
-1.423,2.682
-1.491,2.434
-2.347,2.416
-2.901,2.631
-3.118,2.397
3.041,2.741
2.851,2.403
2.057,2.739
1.772,2.523
0.629,2.657
-0.188,2.358
-0.471,2.056
-0.546,0.182
1.386,0.023
1.205,1.794
1.193,0.69
0.29,0.5
0.333,0.36
-0.082,1.403
-0.863,1.281
-2.248,0.554
-0.2,1.3
-0.397,1.291
2.931,2.33
0.135,2.14
-0.585,-1.485
-1.986,-1.494
1.535,2.467
0.041,0.962
0.005,2.627
-0.027,-0.199
-0.104,2.514
-0.116,2.225
-0.23,-1.119
-0.176,1.553
-0.186,1.738
-0.178,1.21
-0.27,1.719
-0.277,2.669
-0.304,1.148
-0.242,1.049
-0.259,0.006
-0.264,-1.06
-1.072,-1.524
-1.124,-1.255
-1.262,-1.525
3.076,-1.489
2.151,-1.338
2.072,-1.512
1.996,-1.349
0.292,-1.466
0.219,-1.172
-0.791,3.051
-1.067,2.849
-1.686,2.917
-2.829,2.963
-2.906,3.221
-3.112,3.112
2.885,2.962
2.65,3.269
2.54,3.167
2.147,2.945
1.511,3.316
1.442,3.268
0.751,3.019
0.628,3.321
0.188,3.052
0.259,2.941
-1.003,-0.466
-2.352,0.998
-3.137,2.643
3.104,0.349
2.959,-0.224
2.629,-0.125
2.296,2.578
0.676,-1.219
-0.91,-1.452
0.26,-1.353
-0.659,2.924
-0.289,-0.701
-0.511,-1.042
-0.522,1.018
-0.577,0.593
-0.56,1.537
-0.811,0.763
-0.646,0.946
-0.8,0.819
-0.87,1.335
-0.793,1.195
-0.85,1.522
-1.024,-0.951
-1.072,0.335
-1.152,0.623
-1.349,0.899
-1.225,0.897
-1.429,-0.084
-1.549,-0.754
-1.63,1.59
-1.674,0.304
-1.668,-0.474
-1.587,2.614
-1.613,-0.945
-1.781,-0.545
-1.925,1.101
-1.935,0.237
-1.966,2.609
-2.006,0.539
-1.975,0.379
-2.116,-1.001
-2.17,0.368
-2.328,1.382
-2.222,0.893
-2.315,1.348
-2.339,0.217
-2.496,-1.142
-2.532,2.432
-2.482,1.843
-2.656,2.267
-2.511,1.853
-2.703,0.703
-2.996,2.708
-3.013,1.66
-2.966,0.353
-3.066,1.497
-3.114,0.028
2.983,-0.692
2.944,1.387
2.892,-0.286
3.009,2.177
2.795,1.966
2.758,1.497
2.866,2.657
2.815,-1.216
2.74,2.289
2.605,-1.155
2.57,2.449
2.565,-1.062
2.526,1.526
2.534,2.412
2.432,0.526
2.497,0.957
2.457,0.368
2.302,0.125
2.182,1.721
2.154,0.214
2.083,1.785
1.778,2.757
1.781,1.355
1.78,-0.197
1.571,-0.173
1.476,1.938
1.526,0.119
1.481,-0.645
1.227,0.3
1.099,0.011
1.155,0.34
0.914,0.822
0.872,1.683
0.913,0.548
0.83,-0.456
0.707,1.009
0.685,0.981
0.392,0.013
0.349,-0.973
0.118,1.583
0.102,0.916
-0.034,-0.849
-0.014,0.756
-0.14,2.535
-0.279,1.467
-0.419,-1.431
-1.014,-1.523
-1.722,-1.267
-2.654,-1.386
-2.856,-1.27
-2.904,-1.431
2.666,-1.438
1.101,-1.45
-0.003,-1.367
-0.137,-1.25
0.04,-1.368
-0.78,2.964
-0.801,3.213
-0.791,2.911
-1.275,3.146
-1.343,2.898
-2.199,2.88
-2.753,3.095
-2.97,2.861
-3.094,3.205
2.999,2.867
2.205,3.203
1.92,2.987
0.777,3.121
-0.04,2.822
-0.323,2.52
-0.398,0.646
1.534,0.487
1.353,2.258
1.341,1.154
0.438,0.964
0.481,0.824
0.066,1.867
-0.715,1.745
-2.1,1.018
-0.052,1.764
-0.249,1.755
3.079,2.794
0.283,2.604
-0.437,-1.021
-1.838,-1.03
1.683,2.931
-0.036,1.665
-0.068,-1.161
-0.145,1.552
-0.157,1.263
-0.271,-2.081
-0.217,0.591
-0.227,0.776
-0.219,0.248
-0.311,0.757
-0.318,1.707
-0.345,0.186
-0.283,0.087
-0.3,-0.956
-0.305,-2.022
-1.113,-2.486
-1.165,-2.217
-1.303,-2.487
3.035,-2.451
2.11,-2.3
2.031,-2.474
1.955,-2.311
0.251,-2.428
0.178,-2.134
-0.832,2.089
-1.108,1.887
-1.727,1.955
-2.87,2.001
-2.947,2.259
3.13,2.15
2.844,2.0
2.609,2.307
2.499,2.205
2.106,1.983
1.47,2.354
1.401,2.306
0.71,2.057
0.587,2.359
0.147,2.09
0.218,1.979
-1.044,-1.428
-2.393,0.036
3.105,1.681
3.063,-0.613
2.918,-1.186
2.588,-1.087
2.255,1.616
0.635,-2.181
-0.951,-2.414
0.219,-2.315
-0.7,1.962
-0.33,-1.663
-0.552,-2.004
-0.563,0.056
-0.618,-0.369
-0.601,0.575
-0.852,-0.199
-0.687,-0.016
-0.841,-0.143
-0.911,0.373
-0.834,0.233
-0.891,0.56
-1.065,-1.913
-1.113,-0.627
-1.193,-0.339
-1.39,-0.063
-1.266,-0.065
-1.47,-1.046
-1.59,-1.716
-1.671,0.628
-1.715,-0.658
-1.709,-1.436
-1.628,1.652
-1.654,-1.907
-1.822,-1.507
-1.966,0.139
-1.976,-0.725
-2.007,1.647
-2.047,-0.423
-2.016,-0.583
-2.157,-1.963
-2.211,-0.594
-2.369,0.42
-2.263,-0.069
-2.356,0.386
-2.38,-0.745
-2.537,-2.104
-2.573,1.47
-2.523,0.881
-2.697,1.305
-2.552,0.891
-2.744,-0.259
-3.037,1.746
-3.054,0.698
-3.007,-0.609
-3.107,0.535
3.128,-0.934
2.942,-1.654
2.903,0.425
2.851,-1.248
2.968,1.215
2.754,1.004
2.717,0.535
2.825,1.695
2.774,-2.178
2.699,1.327
2.564,-2.117
2.529,1.487
2.524,-2.024
2.485,0.564
2.493,1.45
2.391,-0.436
2.456,-0.005
2.416,-0.594
2.261,-0.837
2.141,0.759
2.113,-0.748
2.042,0.823
1.737,1.795
1.74,0.393
1.739,-1.159
1.53,-1.135
1.435,0.976
1.485,-0.843
1.44,-1.607
1.186,-0.662
1.058,-0.951
1.114,-0.622
0.873,-0.14
0.831,0.721
0.872,-0.414
0.789,-1.418
0.666,0.047
0.644,0.019
0.351,-0.949
0.308,-1.935
0.077,0.621
0.061,-0.046
-0.075,-1.811
-0.055,-0.206
-0.181,1.573
-0.32,0.505
-0.46,-2.393
-1.055,-2.485
-1.763,-2.229
-2.695,-2.348
-2.897,-2.232
-2.945,-2.393
2.625,-2.4
1.06,-2.412
-0.044,-2.329
-0.178,-2.212
-0.001,-2.33
-0.821,2.002
-0.842,2.251
-0.832,1.949
-1.316,2.184
-1.384,1.936
-2.24,1.918
-2.794,2.133
-3.011,1.899
-3.135,2.243
2.958,1.905
2.164,2.241
1.879,2.025
0.736,2.159
-0.081,1.86
-0.364,1.558
-0.439,-0.316
1.493,-0.475
1.312,1.296
1.3,0.192
0.397,0.002
0.44,-0.138
0.025,0.905
-0.756,0.783
-2.141,0.056
-0.093,0.802
-0.29,0.793
3.038,1.832
0.242,1.642
-0.478,-1.983
-1.879,-1.992
1.642,1.969
-0.032,-2.826
-0.109,-0.113
-0.121,-0.402
-0.235,-3.746
-0.181,-1.074
-0.191,-0.889
-0.183,-1.417
-0.275,-0.908
-0.282,0.042
-0.309,-1.479
-0.247,-1.578
-0.264,-2.621
-0.269,-3.687
-1.077,-4.151
-1.129,-3.882
-1.267,-4.152
3.071,-4.116
2.146,-3.965
2.067,-4.139
1.991,-3.976
0.287,-4.093
0.214,-3.799
-0.796,0.424
-1.072,0.222
-1.691,0.29
-2.834,0.336
-2.911,0.594
-3.117,0.485
2.88,0.335
2.645,0.642
2.535,0.54
2.142,0.318
1.506,0.689
1.437,0.641
0.746,0.392
0.623,0.694
0.183,0.425
0.254,0.314
-1.008,-3.093
-2.357,-1.629
3.141,0.016
3.099,-2.278
2.954,-2.851
2.624,-2.752
2.291,-0.049
0.671,-3.846
-0.915,-4.079
0.255,-3.98
-0.664,0.297
-0.294,-3.328
-0.516,-3.669
-0.527,-1.609
-0.582,-2.034
-0.565,-1.09
-0.816,-1.864
-0.651,-1.681
-0.805,-1.808
-0.875,-1.292
-0.798,-1.432
-0.855,-1.105
-1.029,-3.578
-1.077,-2.292
-1.157,-2.004
-1.354,-1.728
-1.23,-1.73
-1.434,-2.711
-1.554,-3.381
-1.635,-1.037
-1.679,-2.323
-1.673,-3.101
-1.592,-0.013
-1.618,-3.572
-1.786,-3.172
-1.93,-1.526
-1.94,-2.39
-1.971,-0.018
-2.011,-2.088
-1.98,-2.248
-2.121,-3.628
-2.175,-2.259
-2.333,-1.245
-2.227,-1.734
-2.32,-1.279
-2.344,-2.41
-2.501,-3.769
-2.537,-0.195
-2.487,-0.784
-2.661,-0.36
-2.516,-0.774
-2.708,-1.924
-3.001,0.081
-3.018,-0.967
-2.971,-2.274
-3.071,-1.13
-3.119,-2.599
2.978,-3.319
2.939,-1.24
2.887,-2.913
3.004,-0.45
2.79,-0.661
2.753,-1.13
2.861,0.03
2.81,-3.843
2.735,-0.338
2.6,-3.782
2.565,-0.178
2.56,-3.689
2.521,-1.101
2.529,-0.215
2.427,-2.101
2.492,-1.67
2.452,-2.259
2.297,-2.502
2.177,-0.906
2.149,-2.413
2.078,-0.842
1.773,0.13
1.776,-1.272
1.775,-2.824
1.566,-2.8
1.471,-0.689
1.521,-2.508
1.476,-3.272
1.222,-2.327
1.094,-2.616
1.15,-2.287
0.909,-1.805
0.867,-0.944
0.908,-2.079
0.825,-3.083
0.702,-1.618
0.68,-1.646
0.387,-2.614
0.344,-3.6
0.113,-1.044
0.097,-1.711
-0.039,-3.476
-0.019,-1.871
-0.145,-0.092
-0.284,-1.16
-0.424,-4.058
-1.019,-4.15
-1.727,-3.894
-2.659,-4.013
-2.861,-3.897
-2.909,-4.058
2.661,-4.065
1.096,-4.077
-0.008,-3.994
-0.142,-3.877
0.035,-3.995
-0.785,0.337
-0.806,0.586
-0.796,0.284
-1.28,0.519
-1.348,0.271
-2.204,0.253
-2.758,0.468
-2.975,0.234
-3.099,0.578
2.994,0.24
2.2,0.576
1.915,0.36
0.772,0.494
-0.045,0.195
-0.328,-0.107
-0.403,-1.981
1.529,-2.14
1.348,-0.369
1.336,-1.473
0.433,-1.663
0.476,-1.803
0.061,-0.76
-0.72,-0.882
-2.105,-1.609
-0.057,-0.863
-0.254,-0.872
3.074,0.167
0.278,-0.023
-0.442,-3.648
-1.843,-3.657
1.678,0.304
-0.077,2.713
-0.089,2.424
-0.203,-0.92
-0.149,1.752
-0.159,1.937
-0.151,1.409
-0.243,1.918
-0.25,2.868
-0.277,1.347
-0.215,1.248
-0.232,0.205
-0.237,-0.861
-1.045,-1.325
-1.097,-1.056
-1.235,-1.326
3.103,-1.29
2.178,-1.139
2.099,-1.313
2.023,-1.15
0.319,-1.267
0.246,-0.973
-0.764,3.25
-1.04,3.048
-1.659,3.116
-2.802,3.162
-2.879,3.42
-3.085,3.311
2.912,3.161
2.677,3.468
2.567,3.366
2.174,3.144
1.538,3.515
1.469,3.467
0.778,3.218
0.655,3.52
0.215,3.251
0.286,3.14
-0.976,-0.267
-2.325,1.197
-3.11,2.842
3.131,0.548
2.986,-0.025
2.656,0.074
2.323,2.777
0.703,-1.02
-0.883,-1.253
0.287,-1.154
-0.632,3.123
-0.262,-0.502
-0.484,-0.843
-0.495,1.217
-0.55,0.792
-0.533,1.736
-0.784,0.962
-0.619,1.145
-0.773,1.018
-0.843,1.534
-0.766,1.394
-0.823,1.721
-0.997,-0.752
-1.045,0.534
-1.125,0.822
-1.322,1.098
-1.198,1.096
-1.402,0.115
-1.522,-0.555
-1.603,1.789
-1.647,0.503
-1.641,-0.275
-1.56,2.813
-1.586,-0.746
-1.754,-0.346
-1.898,1.3
-1.908,0.436
-1.939,2.808
-1.979,0.738
-1.948,0.578
-2.089,-0.802
-2.143,0.567
-2.301,1.581
-2.195,1.092
-2.288,1.547
-2.312,0.416
-2.469,-0.943
-2.505,2.631
-2.455,2.042
-2.629,2.466
-2.484,2.052
-2.676,0.902
-2.969,2.907
-2.986,1.859
-2.939,0.552
-3.039,1.696
-3.087,0.227
3.01,-0.493
2.971,1.586
2.919,-0.087
3.036,2.376
2.822,2.165
2.785,1.696
2.893,2.856
2.842,-1.017
2.767,2.488
2.632,-0.956
2.597,2.648
2.592,-0.863
2.553,1.725
2.561,2.611
2.459,0.725
2.524,1.156
2.484,0.567
2.329,0.324
2.209,1.92
2.181,0.413
2.11,1.984
1.805,2.956
1.808,1.554
1.807,0.002
1.598,0.026
1.503,2.137
1.553,0.318
1.508,-0.446
1.254,0.499
1.126,0.21
1.182,0.539
0.941,1.021
0.899,1.882
0.94,0.747
0.857,-0.257
0.734,1.208
0.712,1.18
0.419,0.212
0.376,-0.774
0.145,1.782
0.129,1.115
-0.007,-0.65
0.013,0.955
-0.113,2.734
-0.252,1.666
-0.392,-1.232
-0.987,-1.324
-1.695,-1.068
-2.627,-1.187
-2.829,-1.071
-2.877,-1.232
2.693,-1.239
1.128,-1.251
0.024,-1.168
-0.11,-1.051
0.067,-1.169
-0.753,3.163
-0.774,3.412
-0.764,3.11
-1.248,3.345
-1.316,3.097
-2.172,3.079
-2.726,3.294
-2.943,3.06
-3.067,3.404
3.026,3.066
2.232,3.402
1.947,3.186
0.804,3.32
-0.013,3.021
-0.296,2.719
-0.371,0.845
1.561,0.686
1.38,2.457
1.368,1.353
0.465,1.163
0.508,1.023
0.093,2.066
-0.688,1.944
-2.073,1.217
-0.025,1.963
-0.222,1.954
3.106,2.993
0.31,2.803
-0.41,-0.822
-1.811,-0.831
1.71,3.13
-0.012,-0.289
-0.126,-3.633
-0.072,-0.961
-0.082,-0.776
-0.074,-1.304
-0.166,-0.795
-0.173,0.155
-0.2,-1.366
-0.138,-1.465
-0.155,-2.508
-0.16,-3.574
-0.968,-4.038
-1.02,-3.769
-1.158,-4.039
-3.103,-4.003
2.255,-3.852
2.176,-4.026
2.1,-3.863
0.396,-3.98
0.323,-3.686
-0.687,0.537
-0.963,0.335
-1.582,0.403
-2.725,0.449
-2.802,0.707
-3.008,0.598
2.989,0.448
2.754,0.755
2.644,0.653
2.251,0.431
1.615,0.802
1.546,0.754
0.855,0.505
0.732,0.807
0.292,0.538
0.363,0.427
-0.899,-2.98
-2.248,-1.516
-3.033,0.129
-3.075,-2.165
3.063,-2.738
2.733,-2.639
2.4,0.064
0.78,-3.733
-0.806,-3.966
0.364,-3.867
-0.555,0.41
-0.185,-3.215
-0.407,-3.556
-0.418,-1.496
-0.473,-1.921
-0.456,-0.977
-0.707,-1.751
-0.542,-1.568
-0.696,-1.695
-0.766,-1.179
-0.689,-1.319
-0.746,-0.992
-0.92,-3.465
-0.968,-2.179
-1.048,-1.891
-1.245,-1.615
-1.121,-1.617
-1.325,-2.598
-1.445,-3.268
-1.526,-0.924
-1.57,-2.21
-1.564,-2.988
-1.483,0.1
-1.509,-3.459
-1.677,-3.059
-1.821,-1.413
-1.831,-2.277
-1.862,0.095
-1.902,-1.975
-1.871,-2.135
-2.012,-3.515
-2.066,-2.146
-2.224,-1.132
-2.118,-1.621
-2.211,-1.166
-2.235,-2.297
-2.392,-3.656
-2.428,-0.082
-2.378,-0.671
-2.552,-0.247
-2.407,-0.661
-2.599,-1.811
-2.892,0.194
-2.909,-0.854
-2.862,-2.161
-2.962,-1.017
-3.01,-2.486
3.087,-3.206
3.048,-1.127
2.996,-2.8
3.113,-0.337
2.899,-0.548
2.862,-1.017
2.97,0.143
2.919,-3.73
2.844,-0.225
2.709,-3.669
2.674,-0.065
2.669,-3.576
2.63,-0.988
2.638,-0.102
2.536,-1.988
2.601,-1.557
2.561,-2.146
2.406,-2.389
2.286,-0.793
2.258,-2.3
2.187,-0.729
1.882,0.243
1.885,-1.159
1.884,-2.711
1.675,-2.687
1.58,-0.576
1.63,-2.395
1.585,-3.159
1.331,-2.214
1.203,-2.503
1.259,-2.174
1.018,-1.692
0.976,-0.831
1.017,-1.966
0.934,-2.97
0.811,-1.505
0.789,-1.533
0.496,-2.501
0.453,-3.487
0.222,-0.931
0.206,-1.598
0.07,-3.363
0.09,-1.758
-0.036,0.021
-0.175,-1.047
-0.315,-3.945
-0.91,-4.037
-1.618,-3.781
-2.55,-3.9
-2.752,-3.784
-2.8,-3.945
2.77,-3.952
1.205,-3.964
0.101,-3.881
-0.033,-3.764
0.144,-3.882
-0.676,0.45
-0.697,0.699
-0.687,0.397
-1.171,0.632
-1.239,0.384
-2.095,0.366
-2.649,0.581
-2.866,0.347
-2.99,0.691
3.103,0.353
2.309,0.689
2.024,0.473
0.881,0.607
0.064,0.308
-0.219,0.006
-0.294,-1.868
1.638,-2.027
1.457,-0.256
1.445,-1.36
0.542,-1.55
0.585,-1.69
0.17,-0.647
-0.611,-0.769
-1.996,-1.496
0.052,-0.75
-0.145,-0.759
-3.1,0.28
0.387,0.09
-0.333,-3.535
-1.734,-3.544
1.787,0.417
-0.114,-3.344
-0.06,-0.672
-0.07,-0.487
-0.062,-1.015
-0.154,-0.506
-0.161,0.444
-0.188,-1.077
-0.126,-1.176
-0.143,-2.219
-0.148,-3.285
-0.956,-3.749
-1.008,-3.48
-1.146,-3.75
-3.091,-3.714
2.267,-3.563
2.188,-3.737
2.112,-3.574
0.408,-3.691
0.335,-3.397
-0.675,0.826
-0.951,0.624
-1.57,0.692
-2.713,0.738
-2.79,0.996
-2.996,0.887
3.001,0.737
2.766,1.044
2.656,0.942
2.263,0.72
1.627,1.091
1.558,1.043
0.867,0.794
0.744,1.096
0.304,0.827
0.375,0.716
-0.887,-2.691
-2.236,-1.227
-3.021,0.418
-3.063,-1.876
3.075,-2.449
2.745,-2.35
2.412,0.353
0.792,-3.444
-0.794,-3.677
0.376,-3.578
-0.543,0.699
-0.173,-2.926
-0.395,-3.267
-0.406,-1.207
-0.461,-1.632
-0.444,-0.688
-0.695,-1.462
-0.53,-1.279
-0.684,-1.406
-0.754,-0.89
-0.677,-1.03
-0.734,-0.703
-0.908,-3.176
-0.956,-1.89
-1.036,-1.602
-1.233,-1.326
-1.109,-1.328
-1.313,-2.309
-1.433,-2.979
-1.514,-0.635
-1.558,-1.921
-1.552,-2.699
-1.471,0.389
-1.497,-3.17
-1.665,-2.77
-1.809,-1.124
-1.819,-1.988
-1.85,0.384
-1.89,-1.686
-1.859,-1.846
-2.0,-3.226
-2.054,-1.857
-2.212,-0.843
-2.106,-1.332
-2.199,-0.877
-2.223,-2.008
-2.38,-3.367
-2.416,0.207
-2.366,-0.382
-2.54,0.042
-2.395,-0.372
-2.587,-1.522
-2.88,0.483
-2.897,-0.565
-2.85,-1.872
-2.95,-0.728
-2.998,-2.197
3.099,-2.917
3.06,-0.838
3.008,-2.511
3.125,-0.048
2.911,-0.259
2.874,-0.728
2.982,0.432
2.931,-3.441
2.856,0.064
2.721,-3.38
2.686,0.224
2.681,-3.287
2.642,-0.699
2.65,0.187
2.548,-1.699
2.613,-1.268
2.573,-1.857
2.418,-2.1
2.298,-0.504
2.27,-2.011
2.199,-0.44
1.894,0.532
1.897,-0.87
1.896,-2.422
1.687,-2.398
1.592,-0.287
1.642,-2.106
1.597,-2.87
1.343,-1.925
1.215,-2.214
1.271,-1.885
1.03,-1.403
0.988,-0.542
1.029,-1.677
0.946,-2.681
0.823,-1.216
0.801,-1.244
0.508,-2.212
0.465,-3.198
0.234,-0.642
0.218,-1.309
0.082,-3.074
0.102,-1.469
-0.024,0.31
-0.163,-0.758
-0.303,-3.656
-0.898,-3.748
-1.606,-3.492
-2.538,-3.611
-2.74,-3.495
-2.788,-3.656
2.782,-3.663
1.217,-3.675
0.113,-3.592
-0.021,-3.475
0.156,-3.593
-0.664,0.739
-0.685,0.988
-0.675,0.686
-1.159,0.921
-1.227,0.673
-2.083,0.655
-2.637,0.87
-2.854,0.636
-2.978,0.98
3.115,0.642
2.321,0.978
2.036,0.762
0.893,0.896
0.076,0.597
-0.207,0.295
-0.282,-1.579
1.65,-1.738
1.469,0.033
1.457,-1.071
0.554,-1.261
0.597,-1.401
0.182,-0.358
-0.599,-0.48
-1.984,-1.207
0.064,-0.461
-0.133,-0.47
-3.088,0.569
0.399,0.379
-0.321,-3.246
-1.722,-3.255
1.799,0.706
0.054,2.672
0.044,2.857
0.052,2.329
-0.04,2.838
-0.047,3.788
-0.074,2.267
-0.012,2.168
-0.029,1.125
-0.034,0.059
-0.842,-0.405
-0.894,-0.136
-1.032,-0.406
-2.977,-0.37
2.381,-0.219
2.302,-0.393
2.226,-0.23
0.522,-0.347
0.449,-0.053
-0.561,4.17
-0.837,3.968
-1.456,4.036
-2.599,4.082
-2.676,4.34
-2.882,4.231
3.115,4.081
2.88,4.388
2.77,4.286
2.377,4.064
1.741,4.435
1.672,4.387
0.981,4.138
0.858,4.44
0.418,4.171
0.489,4.06
-0.773,0.653
-2.122,2.117
-2.907,3.762
-2.949,1.468
-3.094,0.895
2.859,0.994
2.526,3.697
0.906,-0.1
-0.68,-0.333
0.49,-0.234
-0.429,4.043
-0.059,0.418
-0.281,0.077
-0.292,2.137
-0.347,1.712
-0.33,2.656
-0.581,1.882
-0.416,2.065
-0.57,1.938
-0.64,2.454
-0.563,2.314
-0.62,2.641
-0.794,0.168
-0.842,1.454
-0.922,1.742
-1.119,2.018
-0.995,2.016
-1.199,1.035
-1.319,0.365
-1.4,2.709
-1.444,1.423
-1.438,0.645
-1.357,3.733
-1.383,0.174
-1.551,0.574
-1.695,2.22
-1.705,1.356
-1.736,3.728
-1.776,1.658
-1.745,1.498
-1.886,0.118
-1.94,1.487
-2.098,2.501
-1.992,2.012
-2.085,2.467
-2.109,1.336
-2.266,-0.023
-2.302,3.551
-2.252,2.962
-2.426,3.386
-2.281,2.972
-2.473,1.822
-2.766,3.827
-2.783,2.779
-2.736,1.472
-2.836,2.616
-2.884,1.147
-3.07,0.427
-3.109,2.506
3.122,0.833
-3.044,3.296
3.025,3.085
2.988,2.616
3.096,3.776
3.045,-0.097
2.97,3.408
2.835,-0.036
2.8,3.568
2.795,0.057
2.756,2.645
2.764,3.531
2.662,1.645
2.727,2.076
2.687,1.487
2.532,1.244
2.412,2.84
2.384,1.333
2.313,2.904
2.008,3.876
2.011,2.474
2.01,0.922
1.801,0.946
1.706,3.057
1.756,1.238
1.711,0.474
1.457,1.419
1.329,1.13
1.385,1.459
1.144,1.941
1.102,2.802
1.143,1.667
1.06,0.663
0.937,2.128
0.915,2.1
0.622,1.132
0.579,0.146
0.348,2.702
0.332,2.035
0.196,0.27
0.216,1.875
0.09,3.654
-0.049,2.586
-0.189,-0.312
-0.784,-0.404
-1.492,-0.148
-2.424,-0.267
-2.626,-0.151
-2.674,-0.312
2.896,-0.319
1.331,-0.331
0.227,-0.248
0.093,-0.131
0.27,-0.249
-0.55,4.083
-0.571,4.332
-0.561,4.03
-1.045,4.265
-1.113,4.017
-1.969,3.999
-2.523,4.214
-2.74,3.98
-2.864,4.324
-3.054,3.986
2.435,4.322
2.15,4.106
1.007,4.24
0.19,3.941
-0.093,3.639
-0.168,1.765
1.764,1.606
1.583,3.377
1.571,2.273
0.668,2.083
0.711,1.943
0.296,2.986
-0.485,2.864
-1.87,2.137
0.178,2.883
-0.019,2.874
-2.974,3.913
0.513,3.723
-0.207,0.098
-1.608,0.089
1.913,4.05
-0.01,0.185
-0.002,-0.343
-0.094,0.166
-0.101,1.116
-0.128,-0.405
-0.066,-0.504
-0.083,-1.547
-0.088,-2.613
-0.896,-3.077
-0.948,-2.808
-1.086,-3.078
-3.031,-3.042
2.327,-2.891
2.248,-3.065
2.172,-2.902
0.468,-3.019
0.395,-2.725
-0.615,1.498
-0.891,1.296
-1.51,1.364
-2.653,1.41
-2.73,1.668
-2.936,1.559
3.061,1.409
2.826,1.716
2.716,1.614
2.323,1.392
1.687,1.763
1.618,1.715
0.927,1.466
0.804,1.768
0.364,1.499
0.435,1.388
-0.827,-2.019
-2.176,-0.555
-2.961,1.09
-3.003,-1.204
3.135,-1.777
2.805,-1.678
2.472,1.025
0.852,-2.772
-0.734,-3.005
0.436,-2.906
-0.483,1.371
-0.113,-2.254
-0.335,-2.595
-0.346,-0.535
-0.401,-0.96
-0.384,-0.016
-0.635,-0.79
-0.47,-0.607
-0.624,-0.734
-0.694,-0.218
-0.617,-0.358
-0.674,-0.031
-0.848,-2.504
-0.896,-1.218
-0.976,-0.93
-1.173,-0.654
-1.049,-0.656
-1.253,-1.637
-1.373,-2.307
-1.454,0.037
-1.498,-1.249
-1.492,-2.027
-1.411,1.061
-1.437,-2.498
-1.605,-2.098
-1.749,-0.452
-1.759,-1.316
-1.79,1.056
-1.83,-1.014
-1.799,-1.174
-1.94,-2.554
-1.994,-1.185
-2.152,-0.171
-2.046,-0.66
-2.139,-0.205
-2.163,-1.336
-2.32,-2.695
-2.356,0.879
-2.306,0.29
-2.48,0.714
-2.335,0.3
-2.527,-0.85
-2.82,1.155
-2.837,0.107
-2.79,-1.2
-2.89,-0.056
-2.938,-1.525
-3.124,-2.245
3.12,-0.166
3.068,-1.839
-3.098,0.624
2.971,0.413
2.934,-0.056
3.042,1.104
2.991,-2.769
2.916,0.736
2.781,-2.708
2.746,0.896
2.741,-2.615
2.702,-0.027
2.71,0.859
2.608,-1.027
2.673,-0.596
2.633,-1.185
2.478,-1.428
2.358,0.168
2.33,-1.339
2.259,0.232
1.954,1.204
1.957,-0.198
1.956,-1.75
1.747,-1.726
1.652,0.385
1.702,-1.434
1.657,-2.198
1.403,-1.253
1.275,-1.542
1.331,-1.213
1.09,-0.731
1.048,0.13
1.089,-1.005
1.006,-2.009
0.883,-0.544
0.861,-0.572
0.568,-1.54
0.525,-2.526
0.294,0.03
0.278,-0.637
0.142,-2.402
0.162,-0.797
0.036,0.982
-0.103,-0.086
-0.243,-2.984
-0.838,-3.076
-1.546,-2.82
-2.478,-2.939
-2.68,-2.823
-2.728,-2.984
2.842,-2.991
1.277,-3.003
0.173,-2.92
0.039,-2.803
0.216,-2.921
-0.604,1.411
-0.625,1.66
-0.615,1.358
-1.099,1.593
-1.167,1.345
-2.023,1.327
-2.577,1.542
-2.794,1.308
-2.918,1.652
-3.108,1.314
2.381,1.65
2.096,1.434
0.953,1.568
0.136,1.269
-0.147,0.967
-0.222,-0.907
1.71,-1.066
1.529,0.705
1.517,-0.399
0.614,-0.589
0.657,-0.729
0.242,0.314
-0.539,0.192
-1.924,-0.535
0.124,0.211
-0.073,0.202
-3.028,1.241
0.459,1.051
-0.261,-2.574
-1.662,-2.583
1.859,1.378
0.008,-0.528
-0.084,-0.019
-0.091,0.931
-0.118,-0.59
-0.056,-0.689
-0.073,-1.732
-0.078,-2.798
-0.886,-3.262
-0.938,-2.993
-1.076,-3.263
-3.021,-3.227
2.337,-3.076
2.258,-3.25
2.182,-3.087
0.478,-3.204
0.405,-2.91
-0.605,1.313
-0.881,1.111
-1.5,1.179
-2.643,1.225
-2.72,1.483
-2.926,1.374
3.071,1.224
2.836,1.531
2.726,1.429
2.333,1.207
1.697,1.578
1.628,1.53
0.937,1.281
0.814,1.583
0.374,1.314
0.445,1.203
-0.817,-2.204
-2.166,-0.74
-2.951,0.905
-2.993,-1.389
-3.138,-1.962
2.815,-1.863
2.482,0.84
0.862,-2.957
-0.724,-3.19
0.446,-3.091
-0.473,1.186
-0.103,-2.439
-0.325,-2.78
-0.336,-0.72
-0.391,-1.145
-0.374,-0.201
-0.625,-0.975
-0.46,-0.792
-0.614,-0.919
-0.684,-0.403
-0.607,-0.543
-0.664,-0.216
-0.838,-2.689
-0.886,-1.403
-0.966,-1.115
-1.163,-0.839
-1.039,-0.841
-1.243,-1.822
-1.363,-2.492
-1.444,-0.148
-1.488,-1.434
-1.482,-2.212
-1.401,0.876
-1.427,-2.683
-1.595,-2.283
-1.739,-0.637
-1.749,-1.501
-1.78,0.871
-1.82,-1.199
-1.789,-1.359
-1.93,-2.739
-1.984,-1.37
-2.142,-0.356
-2.036,-0.845
-2.129,-0.39
-2.153,-1.521
-2.31,-2.88
-2.346,0.694
-2.296,0.105
-2.47,0.529
-2.325,0.115
-2.517,-1.035
-2.81,0.97
-2.827,-0.078
-2.78,-1.385
-2.88,-0.241
-2.928,-1.71
-3.114,-2.43
3.13,-0.351
3.078,-2.024
-3.088,0.439
2.981,0.228
2.944,-0.241
3.052,0.919
3.001,-2.954
2.926,0.551
2.791,-2.893
2.756,0.711
2.751,-2.8
2.712,-0.212
2.72,0.674
2.618,-1.212
2.683,-0.781
2.643,-1.37
2.488,-1.613
2.368,-0.017
2.34,-1.524
2.269,0.047
1.964,1.019
1.967,-0.383
1.966,-1.935
1.757,-1.911
1.662,0.2
1.712,-1.619
1.667,-2.383
1.413,-1.438
1.285,-1.727
1.341,-1.398
1.1,-0.916
1.058,-0.055
1.099,-1.19
1.016,-2.194
0.893,-0.729
0.871,-0.757
0.578,-1.725
0.535,-2.711
0.304,-0.155
0.288,-0.822
0.152,-2.587
0.172,-0.982
0.046,0.797
-0.093,-0.271
-0.233,-3.169
-0.828,-3.261
-1.536,-3.005
-2.468,-3.124
-2.67,-3.008
-2.718,-3.169
2.852,-3.176
1.287,-3.188
0.183,-3.105
0.049,-2.988
0.226,-3.106
-0.594,1.226
-0.615,1.475
-0.605,1.173
-1.089,1.408
-1.157,1.16
-2.013,1.142
-2.567,1.357
-2.784,1.123
-2.908,1.467
-3.098,1.129
2.391,1.465
2.106,1.249
0.963,1.383
0.146,1.084
-0.137,0.782
-0.212,-1.092
1.72,-1.251
1.539,0.52
1.527,-0.584
0.624,-0.774
0.667,-0.914
0.252,0.129
-0.529,0.007
-1.914,-0.72
0.134,0.026
-0.063,0.017
-3.018,1.056
0.469,0.866
-0.251,-2.759
-1.652,-2.768
1.869,1.193
-0.092,0.509
-0.099,1.459
-0.126,-0.062
-0.064,-0.161
-0.081,-1.204
-0.086,-2.27
-0.894,-2.734
-0.946,-2.465
-1.084,-2.735
-3.029,-2.699
2.329,-2.548
2.25,-2.722
2.174,-2.559
0.47,-2.676
0.397,-2.382
-0.613,1.841
-0.889,1.639
-1.508,1.707
-2.651,1.753
-2.728,2.011
-2.934,1.902
3.063,1.752
2.828,2.059
2.718,1.957
2.325,1.735
1.689,2.106
1.62,2.058
0.929,1.809
0.806,2.111
0.366,1.842
0.437,1.731
-0.825,-1.676
-2.174,-0.212
-2.959,1.433
-3.001,-0.861
3.137,-1.434
2.807,-1.335
2.474,1.368
0.854,-2.429
-0.732,-2.662
0.438,-2.563
-0.481,1.714
-0.111,-1.911
-0.333,-2.252
-0.344,-0.192
-0.399,-0.617
-0.382,0.327
-0.633,-0.447
-0.468,-0.264
-0.622,-0.391
-0.692,0.125
-0.615,-0.015
-0.672,0.312
-0.846,-2.161
-0.894,-0.875
-0.974,-0.587
-1.171,-0.311
-1.047,-0.313
-1.251,-1.294
-1.371,-1.964
-1.452,0.38
-1.496,-0.906
-1.49,-1.684
-1.409,1.404
-1.435,-2.155
-1.603,-1.755
-1.747,-0.109
-1.757,-0.973
-1.788,1.399
-1.828,-0.671
-1.797,-0.831
-1.938,-2.211
-1.992,-0.842
-2.15,0.172
-2.044,-0.317
-2.137,0.138
-2.161,-0.993
-2.318,-2.352
-2.354,1.222
-2.304,0.633
-2.478,1.057
-2.333,0.643
-2.525,-0.507
-2.818,1.498
-2.835,0.45
-2.788,-0.857
-2.888,0.287
-2.936,-1.182
-3.122,-1.902
3.122,0.177
3.07,-1.496
-3.096,0.967
2.973,0.756
2.936,0.287
3.044,1.447
2.993,-2.426
2.918,1.079
2.783,-2.365
2.748,1.239
2.743,-2.272
2.704,0.316
2.712,1.202
2.61,-0.684
2.675,-0.253
2.635,-0.842
2.48,-1.085
2.36,0.511
2.332,-0.996
2.261,0.575
1.956,1.547
1.959,0.145
1.958,-1.407
1.749,-1.383
1.654,0.728
1.704,-1.091
1.659,-1.855
1.405,-0.91
1.277,-1.199
1.333,-0.87
1.092,-0.388
1.05,0.473
1.091,-0.662
1.008,-1.666
0.885,-0.201
0.863,-0.229
0.57,-1.197
0.527,-2.183
0.296,0.373
0.28,-0.294
0.144,-2.059
0.164,-0.454
0.038,1.325
-0.101,0.257
-0.241,-2.641
-0.836,-2.733
-1.544,-2.477
-2.476,-2.596
-2.678,-2.48
-2.726,-2.641
2.844,-2.648
1.279,-2.66
0.175,-2.577
0.041,-2.46
0.218,-2.578
-0.602,1.754
-0.623,2.003
-0.613,1.701
-1.097,1.936
-1.165,1.688
-2.021,1.67
-2.575,1.885
-2.792,1.651
-2.916,1.995
-3.106,1.657
2.383,1.993
2.098,1.777
0.955,1.911
0.138,1.612
-0.145,1.31
-0.22,-0.564
1.712,-0.723
1.531,1.048
1.519,-0.056
0.616,-0.246
0.659,-0.386
0.244,0.657
-0.537,0.535
-1.922,-0.192
0.126,0.554
-0.071,0.545
-3.026,1.584
0.461,1.394
-0.259,-2.231
-1.66,-2.24
1.861,1.721
-0.007,0.95
-0.034,-0.571
0.028,-0.67
0.011,-1.713
0.006,-2.779
-0.802,-3.243
-0.854,-2.974
-0.992,-3.244
-2.937,-3.208
2.421,-3.057
2.342,-3.231
2.266,-3.068
0.562,-3.185
0.489,-2.891
-0.521,1.332
-0.797,1.13
-1.416,1.198
-2.559,1.244
-2.636,1.502
-2.842,1.393
-3.128,1.243
2.92,1.55
2.81,1.448
2.417,1.226
1.781,1.597
1.712,1.549
1.021,1.3
0.898,1.602
0.458,1.333
0.529,1.222
-0.733,-2.185
-2.082,-0.721
-2.867,0.924
-2.909,-1.37
-3.054,-1.943
2.899,-1.844
2.566,0.859
0.946,-2.938
-0.64,-3.171
0.53,-3.072
-0.389,1.205
-0.019,-2.42
-0.241,-2.761
-0.252,-0.701
-0.307,-1.126
-0.29,-0.182
-0.541,-0.956
-0.376,-0.773
-0.53,-0.9
-0.6,-0.384
-0.523,-0.524
-0.58,-0.197
-0.754,-2.67
-0.802,-1.384
-0.882,-1.096
-1.079,-0.82
-0.955,-0.822
-1.159,-1.803
-1.279,-2.473
-1.36,-0.129
-1.404,-1.415
-1.398,-2.193
-1.317,0.895
-1.343,-2.664
-1.511,-2.264
-1.655,-0.618
-1.665,-1.482
-1.696,0.89
-1.736,-1.18
-1.705,-1.34
-1.846,-2.72
-1.9,-1.351
-2.058,-0.337
-1.952,-0.826
-2.045,-0.371
-2.069,-1.502
-2.226,-2.861
-2.262,0.713
-2.212,0.124
-2.386,0.548
-2.241,0.134
-2.433,-1.016
-2.726,0.989
-2.743,-0.059
-2.696,-1.366
-2.796,-0.222
-2.844,-1.691
-3.03,-2.411
-3.069,-0.332
-3.121,-2.005
-3.004,0.458
3.065,0.247
3.028,-0.222
3.136,0.938
3.085,-2.935
3.01,0.57
2.875,-2.874
2.84,0.73
2.835,-2.781
2.796,-0.193
2.804,0.693
2.702,-1.193
2.767,-0.762
2.727,-1.351
2.572,-1.594
2.452,0.002
2.424,-1.505
2.353,0.066
2.048,1.038
2.051,-0.364
2.05,-1.916
1.841,-1.892
1.746,0.219
1.796,-1.6
1.751,-2.364
1.497,-1.419
1.369,-1.708
1.425,-1.379
1.184,-0.897
1.142,-0.036
1.183,-1.171
1.1,-2.175
0.977,-0.71
0.955,-0.738
0.662,-1.706
0.619,-2.692
0.388,-0.136
0.372,-0.803
0.236,-2.568
0.256,-0.963
0.13,0.816
-0.009,-0.252
-0.149,-3.15
-0.744,-3.242
-1.452,-2.986
-2.384,-3.105
-2.586,-2.989
-2.634,-3.15
2.936,-3.157
1.371,-3.169
0.267,-3.086
0.133,-2.969
0.31,-3.087
-0.51,1.245
-0.531,1.494
-0.521,1.192
-1.005,1.427
-1.073,1.179
-1.929,1.161
-2.483,1.376
-2.7,1.142
-2.824,1.486
-3.014,1.148
2.475,1.484
2.19,1.268
1.047,1.402
0.23,1.103
-0.053,0.801
-0.128,-1.073
1.804,-1.232
1.623,0.539
1.611,-0.565
0.708,-0.755
0.751,-0.895
0.336,0.148
-0.445,0.026
-1.83,-0.701
0.218,0.045
0.021,0.036
-2.934,1.075
0.553,0.885
-0.167,-2.74
-1.568,-2.749
1.953,1.212
-0.027,-1.521
0.035,-1.62
0.018,-2.663
0.013,-3.729
-0.795,-4.193
-0.847,-3.924
-0.985,-4.194
-2.93,-4.158
2.428,-4.007
2.349,-4.181
2.273,-4.018
0.569,-4.135
0.496,-3.841
-0.514,0.382
-0.79,0.18
-1.409,0.248
-2.552,0.294
-2.629,0.552
-2.835,0.443
-3.121,0.293
2.927,0.6
2.817,0.498
2.424,0.276
1.788,0.647
1.719,0.599
1.028,0.35
0.905,0.652
0.465,0.383
0.536,0.272
-0.726,-3.135
-2.075,-1.671
-2.86,-0.026
-2.902,-2.32
-3.047,-2.893
2.906,-2.794
2.573,-0.091
0.953,-3.888
-0.633,-4.121
0.537,-4.022
-0.382,0.255
-0.012,-3.37
-0.234,-3.711
-0.245,-1.651
-0.3,-2.076
-0.283,-1.132
-0.534,-1.906
-0.369,-1.723
-0.523,-1.85
-0.593,-1.334
-0.516,-1.474
-0.573,-1.147
-0.747,-3.62
-0.795,-2.334
-0.875,-2.046
-1.072,-1.77
-0.948,-1.772
-1.152,-2.753
-1.272,-3.423
-1.353,-1.079
-1.397,-2.365
-1.391,-3.143
-1.31,-0.055
-1.336,-3.614
-1.504,-3.214
-1.648,-1.568
-1.658,-2.432
-1.689,-0.06
-1.729,-2.13
-1.698,-2.29
-1.839,-3.67
-1.893,-2.301
-2.051,-1.287
-1.945,-1.776
-2.038,-1.321
-2.062,-2.452
-2.219,-3.811
-2.255,-0.237
-2.205,-0.826
-2.379,-0.402
-2.234,-0.816
-2.426,-1.966
-2.719,0.039
-2.736,-1.009
-2.689,-2.316
-2.789,-1.172
-2.837,-2.641
-3.023,-3.361
-3.062,-1.282
-3.114,-2.955
-2.997,-0.492
3.072,-0.703
3.035,-1.172
-3.14,-0.012
3.092,-3.885
3.017,-0.38
2.882,-3.824
2.847,-0.22
2.842,-3.731
2.803,-1.143
2.811,-0.257
2.709,-2.143
2.774,-1.712
2.734,-2.301
2.579,-2.544
2.459,-0.948
2.431,-2.455
2.36,-0.884
2.055,0.088
2.058,-1.314
2.057,-2.866
1.848,-2.842
1.753,-0.731
1.803,-2.55
1.758,-3.314
1.504,-2.369
1.376,-2.658
1.432,-2.329
1.191,-1.847
1.149,-0.986
1.19,-2.121
1.107,-3.125
0.984,-1.66
0.962,-1.688
0.669,-2.656
0.626,-3.642
0.395,-1.086
0.379,-1.753
0.243,-3.518
0.263,-1.913
0.137,-0.134
-0.002,-1.202
-0.142,-4.1
-0.737,-4.192
-1.445,-3.936
-2.377,-4.055
-2.579,-3.939
-2.627,-4.1
2.943,-4.107
1.378,-4.119
0.274,-4.036
0.14,-3.919
0.317,-4.037
-0.503,0.295
-0.524,0.544
-0.514,0.242
-0.998,0.477
-1.066,0.229
-1.922,0.211
-2.476,0.426
-2.693,0.192
-2.817,0.536
-3.007,0.198
2.482,0.534
2.197,0.318
1.054,0.452
0.237,0.153
-0.046,-0.149
-0.121,-2.023
1.811,-2.182
1.63,-0.411
1.618,-1.515
0.715,-1.705
0.758,-1.845
0.343,-0.802
-0.438,-0.924
-1.823,-1.651
0.225,-0.905
0.028,-0.914
-2.927,0.125
0.56,-0.065
-0.16,-3.69
-1.561,-3.699
1.96,0.262
0.062,-0.099
0.045,-1.142
0.04,-2.208
-0.768,-2.672
-0.82,-2.403
-0.958,-2.673
-2.903,-2.637
2.455,-2.486
2.376,-2.66
2.3,-2.497
0.596,-2.614
0.523,-2.32
-0.487,1.903
-0.763,1.701
-1.382,1.769
-2.525,1.815
-2.602,2.073
-2.808,1.964
-3.094,1.814
2.954,2.121
2.844,2.019
2.451,1.797
1.815,2.168
1.746,2.12
1.055,1.871
0.932,2.173
0.492,1.904
0.563,1.793
-0.699,-1.614
-2.048,-0.15
-2.833,1.495
-2.875,-0.799
-3.02,-1.372
2.933,-1.273
2.6,1.43
0.98,-2.367
-0.606,-2.6
0.564,-2.501
-0.355,1.776
0.015,-1.849
-0.207,-2.19
-0.218,-0.13
-0.273,-0.555
-0.256,0.389
-0.507,-0.385
-0.342,-0.202
-0.496,-0.329
-0.566,0.187
-0.489,0.047
-0.546,0.374
-0.72,-2.099
-0.768,-0.813
-0.848,-0.525
-1.045,-0.249
-0.921,-0.251
-1.125,-1.232
-1.245,-1.902
-1.326,0.442
-1.37,-0.844
-1.364,-1.622
-1.283,1.466
-1.309,-2.093
-1.477,-1.693
-1.621,-0.047
-1.631,-0.911
-1.662,1.461
-1.702,-0.609
-1.671,-0.769
-1.812,-2.149
-1.866,-0.78
-2.024,0.234
-1.918,-0.255
-2.011,0.2
-2.035,-0.931
-2.192,-2.29
-2.228,1.284
-2.178,0.695
-2.352,1.119
-2.207,0.705
-2.399,-0.445
-2.692,1.56
-2.709,0.512
-2.662,-0.795
-2.762,0.349
-2.81,-1.12
-2.996,-1.84
-3.035,0.239
-3.087,-1.434
-2.97,1.029
3.099,0.818
3.062,0.349
-3.113,1.509
3.119,-2.364
3.044,1.141
2.909,-2.303
2.874,1.301
2.869,-2.21
2.83,0.378
2.838,1.264
2.736,-0.622
2.801,-0.191
2.761,-0.78
2.606,-1.023
2.486,0.573
2.458,-0.934
2.387,0.637
2.082,1.609
2.085,0.207
2.084,-1.345
1.875,-1.321
1.78,0.79
1.83,-1.029
1.785,-1.793
1.531,-0.848
1.403,-1.137
1.459,-0.808
1.218,-0.326
1.176,0.535
1.217,-0.6
1.134,-1.604
1.011,-0.139
0.989,-0.167
0.696,-1.135
0.653,-2.121
0.422,0.435
0.406,-0.232
0.27,-1.997
0.29,-0.392
0.164,1.387
0.025,0.319
-0.115,-2.579
-0.71,-2.671
-1.418,-2.415
-2.35,-2.534
-2.552,-2.418
-2.6,-2.579
2.97,-2.586
1.405,-2.598
0.301,-2.515
0.167,-2.398
0.344,-2.516
-0.476,1.816
-0.497,2.065
-0.487,1.763
-0.971,1.998
-1.039,1.75
-1.895,1.732
-2.449,1.947
-2.666,1.713
-2.79,2.057
-2.98,1.719
2.509,2.055
2.224,1.839
1.081,1.973
0.264,1.674
-0.019,1.372
-0.094,-0.502
1.838,-0.661
1.657,1.11
1.645,0.006
0.742,-0.184
0.785,-0.324
0.37,0.719
-0.411,0.597
-1.796,-0.13
0.252,0.616
0.055,0.607
-2.9,1.646
0.587,1.456
-0.133,-2.169
-1.534,-2.178
1.987,1.783
-0.017,-1.043
-0.022,-2.109
-0.83,-2.573
-0.882,-2.304
-1.02,-2.574
-2.965,-2.538
2.393,-2.387
2.314,-2.561
2.238,-2.398
0.534,-2.515
0.461,-2.221
-0.549,2.002
-0.825,1.8
-1.444,1.868
-2.587,1.914
-2.664,2.172
-2.87,2.063
3.127,1.913
2.892,2.22
2.782,2.118
2.389,1.896
1.753,2.267
1.684,2.219
0.993,1.97
0.87,2.272
0.43,2.003
0.501,1.892
-0.761,-1.515
-2.11,-0.051
-2.895,1.594
-2.937,-0.7
-3.082,-1.273
2.871,-1.174
2.538,1.529
0.918,-2.268
-0.668,-2.501
0.502,-2.402
-0.417,1.875
-0.047,-1.75
-0.269,-2.091
-0.28,-0.031
-0.335,-0.456
-0.318,0.488
-0.569,-0.286
-0.404,-0.103
-0.558,-0.23
-0.628,0.286
-0.551,0.146
-0.608,0.473
-0.782,-2.0
-0.83,-0.714
-0.91,-0.426
-1.107,-0.15
-0.983,-0.152
-1.187,-1.133
-1.307,-1.803
-1.388,0.541
-1.432,-0.745
-1.426,-1.523
-1.345,1.565
-1.371,-1.994
-1.539,-1.594
-1.683,0.052
-1.693,-0.812
-1.724,1.56
-1.764,-0.51
-1.733,-0.67
-1.874,-2.05
-1.928,-0.681
-2.086,0.333
-1.98,-0.156
-2.073,0.299
-2.097,-0.832
-2.254,-2.191
-2.29,1.383
-2.24,0.794
-2.414,1.218
-2.269,0.804
-2.461,-0.346
-2.754,1.659
-2.771,0.611
-2.724,-0.696
-2.824,0.448
-2.872,-1.021
-3.058,-1.741
-3.097,0.338
3.134,-1.335
-3.032,1.128
3.037,0.917
3.0,0.448
3.108,1.608
3.057,-2.265
2.982,1.24
2.847,-2.204
2.812,1.4
2.807,-2.111
2.768,0.477
2.776,1.363
2.674,-0.523
2.739,-0.092
2.699,-0.681
2.544,-0.924
2.424,0.672
2.396,-0.835
2.325,0.736
2.02,1.708
2.023,0.306
2.022,-1.246
1.813,-1.222
1.718,0.889
1.768,-0.93
1.723,-1.694
1.469,-0.749
1.341,-1.038
1.397,-0.709
1.156,-0.227
1.114,0.634
1.155,-0.501
1.072,-1.505
0.949,-0.04
0.927,-0.068
0.634,-1.036
0.591,-2.022
0.36,0.534
0.344,-0.133
0.208,-1.898
0.228,-0.293
0.102,1.486
-0.037,0.418
-0.177,-2.48
-0.772,-2.572
-1.48,-2.316
-2.412,-2.435
-2.614,-2.319
-2.662,-2.48
2.908,-2.487
1.343,-2.499
0.239,-2.416
0.105,-2.299
0.282,-2.417
-0.538,1.915
-0.559,2.164
-0.549,1.862
-1.033,2.097
-1.101,1.849
-1.957,1.831
-2.511,2.046
-2.728,1.812
-2.852,2.156
-3.042,1.818
2.447,2.154
2.162,1.938
1.019,2.072
0.202,1.773
-0.081,1.471
-0.156,-0.403
1.776,-0.562
1.595,1.209
1.583,0.105
0.68,-0.085
0.723,-0.225
0.308,0.818
-0.473,0.696
-1.858,-0.031
0.19,0.715
-0.007,0.706
-2.962,1.745
0.525,1.555
-0.195,-2.07
-1.596,-2.079
1.925,1.882
-0.005,-1.066
-0.813,-1.53
-0.865,-1.261
-1.003,-1.531
-2.948,-1.495
2.41,-1.344
2.331,-1.518
2.255,-1.355
0.551,-1.472
0.478,-1.178
-0.532,3.045
-0.808,2.843
-1.427,2.911
-2.57,2.957
-2.647,3.215
-2.853,3.106
-3.139,2.956
2.909,3.263
2.799,3.161
2.406,2.939
1.77,3.31
1.701,3.262
1.01,3.013
0.887,3.315
0.447,3.046
0.518,2.935
-0.744,-0.472
-2.093,0.992
-2.878,2.637
-2.92,0.343
-3.065,-0.23
2.888,-0.131
2.555,2.572
0.935,-1.225
-0.651,-1.458
0.519,-1.359
-0.4,2.918
-0.03,-0.707
-0.252,-1.048
-0.263,1.012
-0.318,0.587
-0.301,1.531
-0.552,0.757
-0.387,0.94
-0.541,0.813
-0.611,1.329
-0.534,1.189
-0.591,1.516
-0.765,-0.957
-0.813,0.329
-0.893,0.617
-1.09,0.893
-0.966,0.891
-1.17,-0.09
-1.29,-0.76
-1.371,1.584
-1.415,0.298
-1.409,-0.48
-1.328,2.608
-1.354,-0.951
-1.522,-0.551
-1.666,1.095
-1.676,0.231
-1.707,2.603
-1.747,0.533
-1.716,0.373
-1.857,-1.007
-1.911,0.362
-2.069,1.376
-1.963,0.887
-2.056,1.342
-2.08,0.211
-2.237,-1.148
-2.273,2.426
-2.223,1.837
-2.397,2.261
-2.252,1.847
-2.444,0.697
-2.737,2.702
-2.754,1.654
-2.707,0.347
-2.807,1.491
-2.855,0.022
-3.041,-0.698
-3.08,1.381
-3.132,-0.292
-3.015,2.171
3.054,1.96
3.017,1.491
3.125,2.651
3.074,-1.222
2.999,2.283
2.864,-1.161
2.829,2.443
2.824,-1.068
2.785,1.52
2.793,2.406
2.691,0.52
2.756,0.951
2.716,0.362
2.561,0.119
2.441,1.715
2.413,0.208
2.342,1.779
2.037,2.751
2.04,1.349
2.039,-0.203
1.83,-0.179
1.735,1.932
1.785,0.113
1.74,-0.651
1.486,0.294
1.358,0.005
1.414,0.334
1.173,0.816
1.131,1.677
1.172,0.542
1.089,-0.462
0.966,1.003
0.944,0.975
0.651,0.007
0.608,-0.979
0.377,1.577
0.361,0.91
0.225,-0.855
0.245,0.75
0.119,2.529
-0.02,1.461
-0.16,-1.437
-0.755,-1.529
-1.463,-1.273
-2.395,-1.392
-2.597,-1.276
-2.645,-1.437
2.925,-1.444
1.36,-1.456
0.256,-1.373
0.122,-1.256
0.299,-1.374
-0.521,2.958
-0.542,3.207
-0.532,2.905
-1.016,3.14
-1.084,2.892
-1.94,2.874
-2.494,3.089
-2.711,2.855
-2.835,3.199
-3.025,2.861
2.464,3.197
2.179,2.981
1.036,3.115
0.219,2.816
-0.064,2.514
-0.139,0.64
1.793,0.481
1.612,2.252
1.6,1.148
0.697,0.958
0.74,0.818
0.325,1.861
-0.456,1.739
-1.841,1.012
0.207,1.758
0.01,1.749
-2.945,2.788
0.542,2.598
-0.178,-1.027
-1.579,-1.036
1.942,2.925
-0.808,-0.464
-0.86,-0.195
-0.998,-0.465
-2.943,-0.429
2.415,-0.278
2.336,-0.452
2.26,-0.289
0.556,-0.406
0.483,-0.112
-0.527,4.111
-0.803,3.909
-1.422,3.977
-2.565,4.023
-2.642,4.281
-2.848,4.172
-3.134,4.022
2.914,4.329
2.804,4.227
2.411,4.005
1.775,4.376
1.706,4.328
1.015,4.079
0.892,4.381
0.452,4.112
0.523,4.001
-0.739,0.594
-2.088,2.058
-2.873,3.703
-2.915,1.409
-3.06,0.836
2.893,0.935
2.56,3.638
0.94,-0.159
-0.646,-0.392
0.524,-0.293
-0.395,3.984
-0.025,0.359
-0.247,0.018
-0.258,2.078
-0.313,1.653
-0.296,2.597
-0.547,1.823
-0.382,2.006
-0.536,1.879
-0.606,2.395
-0.529,2.255
-0.586,2.582
-0.76,0.109
-0.808,1.395
-0.888,1.683
-1.085,1.959
-0.961,1.957
-1.165,0.976
-1.285,0.306
-1.366,2.65
-1.41,1.364
-1.404,0.586
-1.323,3.674
-1.349,0.115
-1.517,0.515
-1.661,2.161
-1.671,1.297
-1.702,3.669
-1.742,1.599
-1.711,1.439
-1.852,0.059
-1.906,1.428
-2.064,2.442
-1.958,1.953
-2.051,2.408
-2.075,1.277
-2.232,-0.082
-2.268,3.492
-2.218,2.903
-2.392,3.327
-2.247,2.913
-2.439,1.763
-2.732,3.768
-2.749,2.72
-2.702,1.413
-2.802,2.557
-2.85,1.088
-3.036,0.368
-3.075,2.447
-3.127,0.774
-3.01,3.237
3.059,3.026
3.022,2.557
3.13,3.717
3.079,-0.156
3.004,3.349
2.869,-0.095
2.834,3.509
2.829,-0.002
2.79,2.586
2.798,3.472
2.696,1.586
2.761,2.017
2.721,1.428
2.566,1.185
2.446,2.781
2.418,1.274
2.347,2.845
2.042,3.817
2.045,2.415
2.044,0.863
1.835,0.887
1.74,2.998
1.79,1.179
1.745,0.415
1.491,1.36
1.363,1.071
1.419,1.4
1.178,1.882
1.136,2.743
1.177,1.608
1.094,0.604
0.971,2.069
0.949,2.041
0.656,1.073
0.613,0.087
0.382,2.643
0.366,1.976
0.23,0.211
0.25,1.816
0.124,3.595
-0.015,2.527
-0.155,-0.371
-0.75,-0.463
-1.458,-0.207
-2.39,-0.326
-2.592,-0.21
-2.64,-0.371
2.93,-0.378
1.365,-0.39
0.261,-0.307
0.127,-0.19
0.304,-0.308
-0.516,4.024
-0.537,4.273
-0.527,3.971
-1.011,4.206
-1.079,3.958
-1.935,3.94
-2.489,4.155
-2.706,3.921
-2.83,4.265
-3.02,3.927
2.469,4.263
2.184,4.047
1.041,4.181
0.224,3.882
-0.059,3.58
-0.134,1.706
1.798,1.547
1.617,3.318
1.605,2.214
0.702,2.024
0.745,1.884
0.33,2.927
-0.451,2.805
-1.836,2.078
0.212,2.824
0.015,2.815
-2.94,3.854
0.547,3.664
-0.173,0.039
-1.574,0.03
1.947,3.991
-0.052,0.269
-0.19,-0.001
-2.135,0.035
-3.06,0.186
-3.139,0.012
3.068,0.175
1.364,0.058
1.291,0.352
0.281,4.575
0.005,4.373
-0.614,4.441
-1.757,4.487
-1.834,4.745
-2.04,4.636
-2.326,4.486
-2.561,4.793
-2.671,4.691
-3.064,4.469
2.583,4.84
2.514,4.792
1.823,4.543
1.7,4.845
1.26,4.576
1.331,4.465
0.069,1.058
-1.28,2.522
-2.065,4.167
-2.107,1.873
-2.252,1.3
-2.582,1.399
-2.915,4.102
1.748,0.305
0.162,0.072
1.332,0.171
0.413,4.448
0.783,0.823
0.561,0.482
0.55,2.542
0.495,2.117
0.512,3.061
0.261,2.287
0.426,2.47
0.272,2.343
0.202,2.859
0.279,2.719
0.222,3.046
0.048,0.573
0.0,1.859
-0.08,2.147
-0.277,2.423
-0.153,2.421
-0.357,1.44
-0.477,0.77
-0.558,3.114
-0.602,1.828
-0.596,1.05
-0.515,4.138
-0.541,0.579
-0.709,0.979
-0.853,2.625
-0.863,1.761
-0.894,4.133
-0.934,2.063
-0.903,1.903
-1.044,0.523
-1.098,1.892
-1.256,2.906
-1.15,2.417
-1.243,2.872
-1.267,1.741
-1.424,0.382
-1.46,3.956
-1.41,3.367
-1.584,3.791
-1.439,3.377
-1.631,2.227
-1.924,4.232
-1.941,3.184
-1.894,1.877
-1.994,3.021
-2.042,1.552
-2.228,0.832
-2.267,2.911
-2.319,1.238
-2.202,3.701
-2.416,3.49
-2.453,3.021
-2.345,4.181
-2.396,0.308
-2.471,3.813
-2.606,0.369
-2.641,3.973
-2.646,0.462
-2.685,3.05
-2.677,3.936
-2.779,2.05
-2.714,2.481
-2.754,1.892
-2.909,1.649
-3.029,3.245
-3.057,1.738
-3.128,3.309
2.85,4.281
2.853,2.879
2.852,1.327
2.643,1.351
2.548,3.462
2.598,1.643
2.553,0.879
2.299,1.824
2.171,1.535
2.227,1.864
1.986,2.346
1.944,3.207
1.985,2.072
1.902,1.068
1.779,2.533
1.757,2.505
1.464,1.537
1.421,0.551
1.19,3.107
1.174,2.44
1.038,0.675
1.058,2.28
0.932,4.059
0.793,2.991
0.653,0.093
0.058,0.001
-0.65,0.257
-1.582,0.138
-1.784,0.254
-1.832,0.093
-2.545,0.086
2.173,0.074
1.069,0.157
0.935,0.274
1.112,0.156
0.292,4.488
0.271,4.737
0.281,4.435
-0.203,4.67
-0.271,4.422
-1.127,4.404
-1.681,4.619
-1.898,4.385
-2.022,4.729
-2.212,4.391
-3.006,4.727
2.992,4.511
1.849,4.645
1.032,4.346
0.749,4.044
0.674,2.17
2.606,2.011
2.425,3.782
2.413,2.678
1.51,2.488
1.553,2.348
1.138,3.391
0.357,3.269
-1.028,2.542
1.02,3.288
0.823,3.279
-2.132,4.318
1.355,4.128
0.635,0.503
-0.766,0.494
2.755,4.455
-0.138,-0.27
-2.083,-0.234
-3.008,-0.083
-3.087,-0.257
3.12,-0.094
1.416,-0.211
1.343,0.083
0.333,4.306
0.057,4.104
-0.562,4.172
-1.705,4.218
-1.782,4.476
-1.988,4.367
-2.274,4.217
-2.509,4.524
-2.619,4.422
-3.012,4.2
2.635,4.571
2.566,4.523
1.875,4.274
1.752,4.576
1.312,4.307
1.383,4.196
0.121,0.789
-1.228,2.253
-2.013,3.898
-2.055,1.604
-2.2,1.031
-2.53,1.13
-2.863,3.833
1.8,0.036
0.214,-0.197
1.384,-0.098
0.465,4.179
0.835,0.554
0.613,0.213
0.602,2.273
0.547,1.848
0.564,2.792
0.313,2.018
0.478,2.201
0.324,2.074
0.254,2.59
0.331,2.45
0.274,2.777
0.1,0.304
0.052,1.59
-0.028,1.878
-0.225,2.154
-0.101,2.152
-0.305,1.171
-0.425,0.501
-0.506,2.845
-0.55,1.559
-0.544,0.781
-0.463,3.869
-0.489,0.31
-0.657,0.71
-0.801,2.356
-0.811,1.492
-0.842,3.864
-0.882,1.794
-0.851,1.634
-0.992,0.254
-1.046,1.623
-1.204,2.637
-1.098,2.148
-1.191,2.603
-1.215,1.472
-1.372,0.113
-1.408,3.687
-1.358,3.098
-1.532,3.522
-1.387,3.108
-1.579,1.958
-1.872,3.963
-1.889,2.915
-1.842,1.608
-1.942,2.752
-1.99,1.283
-2.176,0.563
-2.215,2.642
-2.267,0.969
-2.15,3.432
-2.364,3.221
-2.401,2.752
-2.293,3.912
-2.344,0.039
-2.419,3.544
-2.554,0.1
-2.589,3.704
-2.594,0.193
-2.633,2.781
-2.625,3.667
-2.727,1.781
-2.662,2.212
-2.702,1.623
-2.857,1.38
-2.977,2.976
-3.005,1.469
-3.076,3.04
2.902,4.012
2.905,2.61
2.904,1.058
2.695,1.082
2.6,3.193
2.65,1.374
2.605,0.61
2.351,1.555
2.223,1.266
2.279,1.595
2.038,2.077
1.996,2.938
2.037,1.803
1.954,0.799
1.831,2.264
1.809,2.236
1.516,1.268
1.473,0.282
1.242,2.838
1.226,2.171
1.09,0.406
1.11,2.011
0.984,3.79
0.845,2.722
0.705,-0.176
0.11,-0.268
-0.598,-0.012
-1.53,-0.131
-1.732,-0.015
-1.78,-0.176
-2.493,-0.183
2.225,-0.195
1.121,-0.112
0.987,0.005
1.164,-0.113
0.344,4.219
0.323,4.468
0.333,4.166
-0.151,4.401
-0.219,4.153
-1.075,4.135
-1.629,4.35
-1.846,4.116
-1.97,4.46
-2.16,4.122
-2.954,4.458
3.044,4.242
1.901,4.376
1.084,4.077
0.801,3.775
0.726,1.901
2.658,1.742
2.477,3.513
2.465,2.409
1.562,2.219
1.605,2.079
1.19,3.122
0.409,3.0
-0.976,2.273
1.072,3.019
0.875,3.01
-2.08,4.049
1.407,3.859
0.687,0.234
-0.714,0.225
2.807,4.186
-1.945,0.036
-2.87,0.187
-2.949,0.013
-3.025,0.176
1.554,0.059
1.481,0.353
0.471,4.576
0.195,4.374
-0.424,4.442
-1.567,4.488
-1.644,4.746
-1.85,4.637
-2.136,4.487
-2.371,4.794
-2.481,4.692
-2.874,4.47
2.773,4.841
2.704,4.793
2.013,4.544
1.89,4.846
1.45,4.577
1.521,4.466
0.259,1.059
-1.09,2.523
-1.875,4.168
-1.917,1.874
-2.062,1.301
-2.392,1.4
-2.725,4.103
1.938,0.306
0.352,0.073
1.522,0.172
0.603,4.449
0.973,0.824
0.751,0.483
0.74,2.543
0.685,2.118
0.702,3.062
0.451,2.288
0.616,2.471
0.462,2.344
0.392,2.86
0.469,2.72
0.412,3.047
0.238,0.574
0.19,1.86
0.11,2.148
-0.087,2.424
0.037,2.422
-0.167,1.441
-0.287,0.771
-0.368,3.115
-0.412,1.829
-0.406,1.051
-0.325,4.139
-0.351,0.58
-0.519,0.98
-0.663,2.626
-0.673,1.762
-0.704,4.134
-0.744,2.064
-0.713,1.904
-0.854,0.524
-0.908,1.893
-1.066,2.907
-0.96,2.418
-1.053,2.873
-1.077,1.742
-1.234,0.383
-1.27,3.957
-1.22,3.368
-1.394,3.792
-1.249,3.378
-1.441,2.228
-1.734,4.233
-1.751,3.185
-1.704,1.878
-1.804,3.022
-1.852,1.553
-2.038,0.833
-2.077,2.912
-2.129,1.239
-2.012,3.702
-2.226,3.491
-2.263,3.022
-2.155,4.182
-2.206,0.309
-2.281,3.814
-2.416,0.37
-2.451,3.974
-2.456,0.463
-2.495,3.051
-2.487,3.937
-2.589,2.051
-2.524,2.482
-2.564,1.893
-2.719,1.65
-2.839,3.246
-2.867,1.739
-2.938,3.31
3.04,4.282
3.043,2.88
3.042,1.328
2.833,1.352
2.738,3.463
2.788,1.644
2.743,0.88
2.489,1.825
2.361,1.536
2.417,1.865
2.176,2.347
2.134,3.208
2.175,2.073
2.092,1.069
1.969,2.534
1.947,2.506
1.654,1.538
1.611,0.552
1.38,3.108
1.364,2.441
1.228,0.676
1.248,2.281
1.122,4.06
0.983,2.992
0.843,0.094
0.248,0.002
-0.46,0.258
-1.392,0.139
-1.594,0.255
-1.642,0.094
-2.355,0.087
2.363,0.075
1.259,0.158
1.125,0.275
1.302,0.157
0.482,4.489
0.461,4.738
0.471,4.436
-0.013,4.671
-0.081,4.423
-0.937,4.405
-1.491,4.62
-1.708,4.386
-1.832,4.73
-2.022,4.392
-2.816,4.728
-3.101,4.512
2.039,4.646
1.222,4.347
0.939,4.045
0.864,2.171
2.796,2.012
2.615,3.783
2.603,2.679
1.7,2.489
1.743,2.349
1.328,3.392
0.547,3.27
-0.838,2.543
1.21,3.289
1.013,3.28
-1.942,4.319
1.545,4.129
0.825,0.504
-0.576,0.495
2.945,4.456
-0.925,0.151
-1.004,-0.023
-1.08,0.14
-2.784,0.023
-2.857,0.317
2.416,4.54
2.14,4.338
1.521,4.406
0.378,4.452
0.301,4.71
0.095,4.601
-0.191,4.451
-0.426,4.758
-0.536,4.656
-0.929,4.434
-1.565,4.805
-1.634,4.757
-2.325,4.508
-2.448,4.81
-2.888,4.541
-2.817,4.43
2.204,1.023
0.855,2.487
0.07,4.132
0.028,1.838
-0.117,1.265
-0.447,1.364
-0.78,4.067
-2.4,0.27
2.297,0.037
-2.816,0.136
2.548,4.413
2.918,0.788
2.696,0.447
2.685,2.507
2.63,2.082
2.647,3.026
2.396,2.252
2.561,2.435
2.407,2.308
2.337,2.824
2.414,2.684
2.357,3.011
2.183,0.538
2.135,1.824
2.055,2.112
1.858,2.388
1.982,2.386
1.778,1.405
1.658,0.735
1.577,3.079
1.533,1.793
1.539,1.015
1.62,4.103
1.594,0.544
1.426,0.944
1.282,2.59
1.272,1.726
1.241,4.098
1.201,2.028
1.232,1.868
1.091,0.488
1.037,1.857
0.879,2.871
0.985,2.382
0.892,2.837
0.868,1.706
0.711,0.347
0.675,3.921
0.725,3.332
0.551,3.756
0.696,3.342
0.504,2.192
0.211,4.197
0.194,3.149
0.241,1.842
0.141,2.986
0.093,1.517
-0.093,0.797
-0.132,2.876
-0.184,1.203
-0.067,3.666
-0.281,3.455
-0.318,2.986
-0.21,4.146
-0.261,0.273
-0.336,3.778
-0.471,0.334
-0.506,3.938
-0.511,0.427
-0.55,3.015
-0.542,3.901
-0.644,2.015
-0.579,2.446
-0.619,1.857
-0.774,1.614
-0.894,3.21
-0.922,1.703
-0.993,3.274
-1.298,4.246
-1.295,2.844
-1.296,1.292
-1.505,1.316
-1.6,3.427
-1.55,1.608
-1.595,0.844
-1.849,1.789
-1.977,1.5
-1.921,1.829
-2.162,2.311
-2.204,3.172
-2.163,2.037
-2.246,1.033
-2.369,2.498
-2.391,2.47
-2.684,1.502
-2.727,0.516
-2.958,3.072
-2.974,2.405
-3.11,0.64
-3.09,2.245
3.067,4.024
2.928,2.956
2.788,0.058
2.193,-0.034
1.485,0.222
0.553,0.103
0.351,0.219
0.303,0.058
-0.41,0.051
-1.975,0.039
-3.079,0.122
3.07,0.239
-3.036,0.121
2.427,4.453
2.406,4.702
2.416,4.4
1.932,4.635
1.864,4.387
1.008,4.369
0.454,4.584
0.237,4.35
0.113,4.694
-0.077,4.356
-0.871,4.692
-1.156,4.476
-2.299,4.61
-3.116,4.311
2.884,4.009
2.809,2.135
-1.542,1.976
-1.723,3.747
-1.735,2.643
-2.638,2.453
-2.595,2.313
-3.01,3.356
2.492,3.234
1.107,2.507
-3.128,3.253
2.958,3.244
0.003,4.283
-2.793,4.093
2.77,0.468
1.369,0.459
-1.393,4.42
-0.079,-0.174
-0.155,-0.011
-1.859,-0.128
-1.932,0.166
-2.942,4.389
3.065,4.187
2.446,4.255
1.303,4.301
1.226,4.559
1.02,4.45
0.734,4.3
0.499,4.607
0.389,4.505
-0.004,4.283
-0.64,4.654
-0.709,4.606
-1.4,4.357
-1.523,4.659
-1.963,4.39
-1.892,4.279
3.129,0.872
1.78,2.336
0.995,3.981
0.953,1.687
0.808,1.114
0.478,1.213
0.145,3.916
-1.475,0.119
-3.061,-0.114
-1.891,-0.015
-2.81,4.262
-2.44,0.637
-2.662,0.296
-2.673,2.356
-2.728,1.931
-2.711,2.875
-2.962,2.101
-2.797,2.284
-2.951,2.157
-3.021,2.673
-2.944,2.533
-3.001,2.86
3.108,0.387
3.06,1.673
2.98,1.961
2.783,2.237
2.907,2.235
2.703,1.254
2.583,0.584
2.502,2.928
2.458,1.642
2.464,0.864
2.545,3.952
2.519,0.393
2.351,0.793
2.207,2.439
2.197,1.575
2.166,3.947
2.126,1.877
2.157,1.717
2.016,0.337
1.962,1.706
1.804,2.72
1.91,2.231
1.817,2.686
1.793,1.555
1.636,0.196
1.6,3.77
1.65,3.181
1.476,3.605
1.621,3.191
1.429,2.041
1.136,4.046
1.119,2.998
1.166,1.691
1.066,2.835
1.018,1.366
0.832,0.646
0.793,2.725
0.741,1.052
0.858,3.515
0.644,3.304
0.607,2.835
0.715,3.995
0.664,0.122
0.589,3.627
0.454,0.183
0.419,3.787
0.414,0.276
0.375,2.864
0.383,3.75
0.281,1.864
0.346,2.295
0.306,1.706
0.151,1.463
0.031,3.059
0.003,1.552
-0.068,3.123
-0.373,4.095
-0.37,2.693
-0.371,1.141
-0.58,1.165
-0.675,3.276
-0.625,1.457
-0.67,0.693
-0.924,1.638
-1.052,1.349
-0.996,1.678
-1.237,2.16
-1.279,3.021
-1.238,1.886
-1.321,0.882
-1.444,2.347
-1.466,2.319
-1.759,1.351
-1.802,0.365
-2.033,2.921
-2.049,2.254
-2.185,0.489
-2.165,2.094
-2.291,3.873
-2.43,2.805
-2.57,-0.093
3.118,-0.185
2.41,0.071
1.478,-0.048
1.276,0.068
1.228,-0.093
0.515,-0.1
-1.05,-0.112
-2.154,-0.029
-2.288,0.088
-2.111,-0.03
-2.931,4.302
-2.952,4.551
-2.942,4.249
2.857,4.484
2.789,4.236
1.933,4.218
1.379,4.433
1.162,4.199
1.038,4.543
0.848,4.205
0.054,4.541
-0.231,4.325
-1.374,4.459
-2.191,4.16
-2.474,3.858
-2.549,1.984
-0.617,1.825
-0.798,3.596
-0.81,2.492
-1.713,2.302
-1.67,2.162
-2.085,3.205
-2.866,3.083
2.032,2.356
-2.203,3.102
-2.4,3.093
0.928,4.132
-1.868,3.942
-2.588,0.317
2.294,0.308
-0.468,4.269
-0.076,0.163
-1.78,0.046
-1.853,0.34
-2.863,4.563
-3.139,4.361
2.525,4.429
1.382,4.475
1.305,4.733
1.099,4.624
0.813,4.474
0.578,4.781
0.468,4.679
0.075,4.457
-0.561,4.828
-0.63,4.78
-1.321,4.531
-1.444,4.833
-1.884,4.564
-1.813,4.453
-3.075,1.046
1.859,2.51
1.074,4.155
1.032,1.861
0.887,1.288
0.557,1.387
0.224,4.09
-1.396,0.293
-2.982,0.06
-1.812,0.159
-2.731,4.436
-2.361,0.811
-2.583,0.47
-2.594,2.53
-2.649,2.105
-2.632,3.049
-2.883,2.275
-2.718,2.458
-2.872,2.331
-2.942,2.847
-2.865,2.707
-2.922,3.034
-3.096,0.561
3.139,1.847
3.059,2.135
2.862,2.411
2.986,2.409
2.782,1.428
2.662,0.758
2.581,3.102
2.537,1.816
2.543,1.038
2.624,4.126
2.598,0.567
2.43,0.967
2.286,2.613
2.276,1.749
2.245,4.121
2.205,2.051
2.236,1.891
2.095,0.511
2.041,1.88
1.883,2.894
1.989,2.405
1.896,2.86
1.872,1.729
1.715,0.37
1.679,3.944
1.729,3.355
1.555,3.779
1.7,3.365
1.508,2.215
1.215,4.22
1.198,3.172
1.245,1.865
1.145,3.009
1.097,1.54
0.911,0.82
0.872,2.899
0.82,1.226
0.937,3.689
0.723,3.478
0.686,3.009
0.794,4.169
0.743,0.296
0.668,3.801
0.533,0.357
0.498,3.961
0.493,0.45
0.454,3.038
0.462,3.924
0.36,2.038
0.425,2.469
0.385,1.88
0.23,1.637
0.11,3.233
0.082,1.726
0.011,3.297
-0.294,4.269
-0.291,2.867
-0.292,1.315
-0.501,1.339
-0.596,3.45
-0.546,1.631
-0.591,0.867
-0.845,1.812
-0.973,1.523
-0.917,1.852
-1.158,2.334
-1.2,3.195
-1.159,2.06
-1.242,1.056
-1.365,2.521
-1.387,2.493
-1.68,1.525
-1.723,0.539
-1.954,3.095
-1.97,2.428
-2.106,0.663
-2.086,2.268
-2.212,4.047
-2.351,2.979
-2.491,0.081
-3.086,-0.011
2.489,0.245
1.557,0.126
1.355,0.242
1.307,0.081
0.594,0.074
-0.971,0.062
-2.075,0.145
-2.209,0.262
-2.032,0.144
-2.852,4.476
-2.873,4.725
-2.863,4.423
2.936,4.658
2.868,4.41
2.012,4.392
1.458,4.607
1.241,4.373
1.117,4.717
0.927,4.379
0.133,4.715
-0.152,4.499
-1.295,4.633
-2.112,4.334
-2.395,4.032
-2.47,2.158
-0.538,1.999
-0.719,3.77
-0.731,2.666
-1.634,2.476
-1.591,2.336
-2.006,3.379
-2.787,3.257
2.111,2.53
-2.124,3.276
-2.321,3.267
1.007,4.306
-1.789,4.116
-2.509,0.491
2.373,0.482
-0.389,4.443
-1.704,-0.117
-1.777,0.177
-2.787,4.4
-3.063,4.198
2.601,4.266
1.458,4.312
1.381,4.57
1.175,4.461
0.889,4.311
0.654,4.618
0.544,4.516
0.151,4.294
-0.485,4.665
-0.554,4.617
-1.245,4.368
-1.368,4.67
-1.808,4.401
-1.737,4.29
-2.999,0.883
1.935,2.347
1.15,3.992
1.108,1.698
0.963,1.125
0.633,1.224
0.3,3.927
-1.32,0.13
-2.906,-0.103
-1.736,-0.004
-2.655,4.273
-2.285,0.648
-2.507,0.307
-2.518,2.367
-2.573,1.942
-2.556,2.886
-2.807,2.112
-2.642,2.295
-2.796,2.168
-2.866,2.684
-2.789,2.544
-2.846,2.871
-3.02,0.398
-3.068,1.684
3.135,1.972
2.938,2.248
3.062,2.246
2.858,1.265
2.738,0.595
2.657,2.939
2.613,1.653
2.619,0.875
2.7,3.963
2.674,0.404
2.506,0.804
2.362,2.45
2.352,1.586
2.321,3.958
2.281,1.888
2.312,1.728
2.171,0.348
2.117,1.717
1.959,2.731
2.065,2.242
1.972,2.697
1.948,1.566
1.791,0.207
1.755,3.781
1.805,3.192
1.631,3.616
1.776,3.202
1.584,2.052
1.291,4.057
1.274,3.009
1.321,1.702
1.221,2.846
1.173,1.377
0.987,0.657
0.948,2.736
0.896,1.063
1.013,3.526
0.799,3.315
0.762,2.846
0.87,4.006
0.819,0.133
0.744,3.638
0.609,0.194
0.574,3.798
0.569,0.287
0.53,2.875
0.538,3.761
0.436,1.875
0.501,2.306
0.461,1.717
0.306,1.474
0.186,3.07
0.158,1.563
0.087,3.134
-0.218,4.106
-0.215,2.704
-0.216,1.152
-0.425,1.176
-0.52,3.287
-0.47,1.468
-0.515,0.704
-0.769,1.649
-0.897,1.36
-0.841,1.689
-1.082,2.171
-1.124,3.032
-1.083,1.897
-1.166,0.893
-1.289,2.358
-1.311,2.33
-1.604,1.362
-1.647,0.376
-1.878,2.932
-1.894,2.265
-2.03,0.5
-2.01,2.105
-2.136,3.884
-2.275,2.816
-2.415,-0.082
-3.01,-0.174
2.565,0.082
1.633,-0.037
1.431,0.079
1.383,-0.082
0.67,-0.089
-0.895,-0.101
-1.999,-0.018
-2.133,0.099
-1.956,-0.019
-2.776,4.313
-2.797,4.562
-2.787,4.26
3.012,4.495
2.944,4.247
2.088,4.229
1.534,4.444
1.317,4.21
1.193,4.554
1.003,4.216
0.209,4.552
-0.076,4.336
-1.219,4.47
-2.036,4.171
-2.319,3.869
-2.394,1.995
-0.462,1.836
-0.643,3.607
-0.655,2.503
-1.558,2.313
-1.515,2.173
-1.93,3.216
-2.711,3.094
2.187,2.367
-2.048,3.113
-2.245,3.104
1.083,4.143
-1.713,3.953
-2.433,0.328
2.449,0.319
-0.313,4.28
-0.073,0.294
-1.083,4.517
-1.359,4.315
-1.978,4.383
-3.121,4.429
3.085,4.687
2.879,4.578
2.593,4.428
2.358,4.735
2.248,4.633
1.855,4.411
1.219,4.782
1.15,4.734
0.459,4.485
0.336,4.787
-0.104,4.518
-0.033,4.407
-1.295,1.0
-2.644,2.464
2.854,4.109
2.812,1.815
2.667,1.242
2.337,1.341
2.004,4.044
0.384,0.247
-1.202,0.014
-0.032,0.113
-0.951,4.39
-0.581,0.765
-0.803,0.424
-0.814,2.484
-0.869,2.059
-0.852,3.003
-1.103,2.229
-0.938,2.412
-1.092,2.285
-1.162,2.801
-1.085,2.661
-1.142,2.988
-1.316,0.515
-1.364,1.801
-1.444,2.089
-1.641,2.365
-1.517,2.363
-1.721,1.382
-1.841,0.712
-1.922,3.056
-1.966,1.77
-1.96,0.992
-1.879,4.08
-1.905,0.521
-2.073,0.921
-2.217,2.567
-2.227,1.703
-2.258,4.075
-2.298,2.005
-2.267,1.845
-2.408,0.465
-2.462,1.834
-2.62,2.848
-2.514,2.359
-2.607,2.814
-2.631,1.683
-2.788,0.324
-2.824,3.898
-2.774,3.309
-2.948,3.733
-2.803,3.319
-2.995,2.169
2.995,4.174
2.978,3.126
3.025,1.819
2.925,2.963
2.877,1.494
2.691,0.774
2.652,2.853
2.6,1.18
2.717,3.643
2.503,3.432
2.466,2.963
2.574,4.123
2.523,0.25
2.448,3.755
2.313,0.311
2.278,3.915
2.273,0.404
2.234,2.992
2.242,3.878
2.14,1.992
2.205,2.423
2.165,1.834
2.01,1.591
1.89,3.187
1.862,1.68
1.791,3.251
1.486,4.223
1.489,2.821
1.488,1.269
1.279,1.293
1.184,3.404
1.234,1.585
1.189,0.821
0.935,1.766
0.807,1.477
0.863,1.806
0.622,2.288
0.58,3.149
0.621,2.014
0.538,1.01
0.415,2.475
0.393,2.447
0.1,1.479
0.057,0.493
-0.174,3.049
-0.19,2.382
-0.326,0.617
-0.306,2.222
-0.432,4.001
-0.571,2.933
-0.711,0.035
-1.306,-0.057
-2.014,0.199
-2.946,0.08
3.135,0.196
3.087,0.035
2.374,0.028
0.809,0.016
-0.295,0.099
-0.429,0.216
-0.252,0.098
-1.072,4.43
-1.093,4.679
-1.083,4.377
-1.567,4.612
-1.635,4.364
-2.491,4.346
-3.045,4.561
3.021,4.327
2.897,4.671
2.707,4.333
1.913,4.669
1.628,4.453
0.485,4.587
-0.332,4.288
-0.615,3.986
-0.69,2.112
1.242,1.953
1.061,3.724
1.049,2.62
0.146,2.43
0.189,2.29
-0.226,3.333
-1.007,3.211
-2.392,2.484
-0.344,3.23
-0.541,3.221
2.787,4.26
-0.009,4.07
-0.729,0.445
-2.13,0.436
1.391,4.397
-1.01,4.223
-1.286,4.021
-1.905,4.089
-3.048,4.135
-3.125,4.393
2.952,4.284
2.666,4.134
2.431,4.441
2.321,4.339
1.928,4.117
1.292,4.488
1.223,4.44
0.532,4.191
0.409,4.493
-0.031,4.224
0.04,4.113
-1.222,0.706
-2.571,2.17
2.927,3.815
2.885,1.521
2.74,0.948
2.41,1.047
2.077,3.75
0.457,-0.047
-1.129,-0.28
0.041,-0.181
-0.878,4.096
-0.508,0.471
-0.73,0.13
-0.741,2.19
-0.796,1.765
-0.779,2.709
-1.03,1.935
-0.865,2.118
-1.019,1.991
-1.089,2.507
-1.012,2.367
-1.069,2.694
-1.243,0.221
-1.291,1.507
-1.371,1.795
-1.568,2.071
-1.444,2.069
-1.648,1.088
-1.768,0.418
-1.849,2.762
-1.893,1.476
-1.887,0.698
-1.806,3.786
-1.832,0.227
-2.0,0.627
-2.144,2.273
-2.154,1.409
-2.185,3.781
-2.225,1.711
-2.194,1.551
-2.335,0.171
-2.389,1.54
-2.547,2.554
-2.441,2.065
-2.534,2.52
-2.558,1.389
-2.715,0.03
-2.751,3.604
-2.701,3.015
-2.875,3.439
-2.73,3.025
-2.922,1.875
3.068,3.88
3.051,2.832
3.098,1.525
2.998,2.669
2.95,1.2
2.764,0.48
2.725,2.559
2.673,0.886
2.79,3.349
2.576,3.138
2.539,2.669
2.647,3.829
2.596,-0.044
2.521,3.461
2.386,0.017
2.351,3.621
2.346,0.11
2.307,2.698
2.315,3.584
2.213,1.698
2.278,2.129
2.238,1.54
2.083,1.297
1.963,2.893
1.935,1.386
1.864,2.957
1.559,3.929
1.562,2.527
1.561,0.975
1.352,0.999
1.257,3.11
1.307,1.291
1.262,0.527
1.008,1.472
0.88,1.183
0.936,1.512
0.695,1.994
0.653,2.855
0.694,1.72
0.611,0.716
0.488,2.181
0.466,2.153
0.173,1.185
0.13,0.199
-0.101,2.755
-0.117,2.088
-0.253,0.323
-0.233,1.928
-0.359,3.707
-0.498,2.639
-0.638,-0.259
-1.233,-0.351
-1.941,-0.095
-2.873,-0.214
-3.075,-0.098
-3.123,-0.259
2.447,-0.266
0.882,-0.278
-0.222,-0.195
-0.356,-0.078
-0.179,-0.196
-0.999,4.136
-1.02,4.385
-1.01,4.083
-1.494,4.318
-1.562,4.07
-2.418,4.052
-2.972,4.267
3.094,4.033
2.97,4.377
2.78,4.039
1.986,4.375
1.701,4.159
0.558,4.293
-0.259,3.994
-0.542,3.692
-0.617,1.818
1.315,1.659
1.134,3.43
1.122,2.326
0.219,2.136
0.262,1.996
-0.153,3.039
-0.934,2.917
-2.319,2.19
-0.271,2.936
-0.468,2.927
2.86,3.966
0.064,3.776
-0.656,0.151
-2.057,0.142
1.464,4.103
-0.276,-0.202
-0.895,-0.134
-2.038,-0.088
-2.115,0.17
-2.321,0.061
-2.607,-0.089
-2.842,0.218
-2.952,0.116
2.938,-0.106
2.302,0.265
2.233,0.217
1.542,-0.032
1.419,0.27
0.979,0.001
1.05,-0.11
-0.212,-3.517
-1.561,-2.053
-2.346,-0.408
-2.388,-2.702
-2.533,-3.275
-2.863,-3.176
3.087,-0.473
1.467,-4.27
-0.119,-4.503
1.051,-4.404
0.132,-0.127
0.502,-3.752
0.28,-4.093
0.269,-2.033
0.214,-2.458
0.231,-1.514
-0.02,-2.288
0.145,-2.105
-0.009,-2.232
-0.079,-1.716
-0.002,-1.856
-0.059,-1.529
-0.233,-4.002
-0.281,-2.716
-0.361,-2.428
-0.558,-2.152
-0.434,-2.154
-0.638,-3.135
-0.758,-3.805
-0.839,-1.461
-0.883,-2.747
-0.877,-3.525
-0.796,-0.437
-0.822,-3.996
-0.99,-3.596
-1.134,-1.95
-1.144,-2.814
-1.175,-0.442
-1.215,-2.512
-1.184,-2.672
-1.325,-4.052
-1.379,-2.683
-1.537,-1.669
-1.431,-2.158
-1.524,-1.703
-1.548,-2.834
-1.705,-4.193
-1.741,-0.619
-1.691,-1.208
-1.865,-0.784
-1.72,-1.198
-1.912,-2.348
-2.205,-0.343
-2.222,-1.391
-2.175,-2.698
-2.275,-1.554
-2.323,-3.023
-2.509,-3.743
-2.548,-1.664
-2.6,-3.337
-2.483,-0.874
-2.697,-1.085
-2.734,-1.554
-2.626,-0.394
-2.677,-4.267
-2.752,-0.762
-2.887,-4.206
-2.922,-0.602
-2.927,-4.113
-2.966,-1.525
-2.958,-0.639
-3.06,-2.525
-2.995,-2.094
-3.035,-2.683
3.093,-2.926
2.973,-1.33
2.945,-2.837
2.874,-1.266
2.569,-0.294
2.572,-1.696
2.571,-3.248
2.362,-3.224
2.267,-1.113
2.317,-2.932
2.272,-3.696
2.018,-2.751
1.89,-3.04
1.946,-2.711
1.705,-2.229
1.663,-1.368
1.704,-2.503
1.621,-3.507
1.498,-2.042
1.476,-2.07
1.183,-3.038
1.14,-4.024
0.909,-1.468
0.893,-2.135
0.757,-3.9
0.777,-2.295
0.651,-0.516
0.512,-1.584
0.372,-4.482
-0.223,-4.574
-0.931,-4.318
-1.863,-4.437
-2.065,-4.321
-2.113,-4.482
-2.826,-4.489
1.892,-4.501
0.788,-4.418
0.654,-4.301
0.831,-4.419
0.011,-0.087
-0.01,0.162
0.0,-0.14
-0.484,0.095
-0.552,-0.153
-1.408,-0.171
-1.962,0.044
-2.179,-0.19
-2.303,0.154
-2.493,-0.184
2.996,0.152
2.711,-0.064
1.568,0.07
0.751,-0.229
0.468,-0.531
0.393,-2.405
2.325,-2.564
2.144,-0.793
2.132,-1.897
1.229,-2.087
1.272,-2.227
0.857,-1.184
0.076,-1.306
-1.309,-2.033
0.739,-1.287
0.542,-1.296
-2.413,-0.257
1.074,-0.447
0.354,-4.072
-1.047,-4.081
2.474,-0.12
-0.619,0.068
-1.762,0.114
-1.839,0.372
-2.045,0.263
-2.331,0.113
-2.566,0.42
-2.676,0.318
-3.069,0.096
2.578,0.467
2.509,0.419
1.818,0.17
1.695,0.472
1.255,0.203
1.326,0.092
0.064,-3.315
-1.285,-1.851
-2.07,-0.206
-2.112,-2.5
-2.257,-3.073
-2.587,-2.974
-2.92,-0.271
1.743,-4.068
0.157,-4.301
1.327,-4.202
0.408,0.075
0.778,-3.55
0.556,-3.891
0.545,-1.831
0.49,-2.256
0.507,-1.312
0.256,-2.086
0.421,-1.903
0.267,-2.03
0.197,-1.514
0.274,-1.654
0.217,-1.327
0.043,-3.8
-0.005,-2.514
-0.085,-2.226
-0.282,-1.95
-0.158,-1.952
-0.362,-2.933
-0.482,-3.603
-0.563,-1.259
-0.607,-2.545
-0.601,-3.323
-0.52,-0.235
-0.546,-3.794
-0.714,-3.394
-0.858,-1.748
-0.868,-2.612
-0.899,-0.24
-0.939,-2.31
-0.908,-2.47
-1.049,-3.85
-1.103,-2.481
-1.261,-1.467
-1.155,-1.956
-1.248,-1.501
-1.272,-2.632
-1.429,-3.991
-1.465,-0.417
-1.415,-1.006
-1.589,-0.582
-1.444,-0.996
-1.636,-2.146
-1.929,-0.141
-1.946,-1.189
-1.899,-2.496
-1.999,-1.352
-2.047,-2.821
-2.233,-3.541
-2.272,-1.462
-2.324,-3.135
-2.207,-0.672
-2.421,-0.883
-2.458,-1.352
-2.35,-0.192
-2.401,-4.065
-2.476,-0.56
-2.611,-4.004
-2.646,-0.4
-2.651,-3.911
-2.69,-1.323
-2.682,-0.437
-2.784,-2.323
-2.719,-1.892
-2.759,-2.481
-2.914,-2.724
-3.034,-1.128
-3.062,-2.635
-3.133,-1.064
2.845,-0.092
2.848,-1.494
2.847,-3.046
2.638,-3.022
2.543,-0.911
2.593,-2.73
2.548,-3.494
2.294,-2.549
2.166,-2.838
2.222,-2.509
1.981,-2.027
1.939,-1.166
1.98,-2.301
1.897,-3.305
1.774,-1.84
1.752,-1.868
1.459,-2.836
1.416,-3.822
1.185,-1.266
1.169,-1.933
1.033,-3.698
1.053,-2.093
0.927,-0.314
0.788,-1.382
0.648,-4.28
0.053,-4.372
-0.655,-4.116
-1.587,-4.235
-1.789,-4.119
-1.837,-4.28
-2.55,-4.287
2.168,-4.299
1.064,-4.216
0.93,-4.099
1.107,-4.217
0.287,0.115
0.266,0.364
0.276,0.062
-0.208,0.297
-0.276,0.049
-1.132,0.031
-1.686,0.246
-1.903,0.012
-2.027,0.356
-2.217,0.018
-3.011,0.354
2.987,0.138
1.844,0.272
1.027,-0.027
0.744,-0.329
0.669,-2.203
2.601,-2.362
2.42,-0.591
2.408,-1.695
1.505,-1.885
1.548,-2.025
1.133,-0.982
0.352,-1.104
-1.033,-1.831
1.015,-1.085
0.818,-1.094
-2.137,-0.055
1.35,-0.245
0.63,-3.87
-0.771,-3.879
2.75,0.082
-1.143,0.046
-1.22,0.304
-1.426,0.195
-1.712,0.045
-1.947,0.352
-2.057,0.25
-2.45,0.028
-3.086,0.399
3.128,0.351
2.437,0.102
2.314,0.404
1.874,0.135
1.945,0.024
0.683,-3.383
-0.666,-1.919
-1.451,-0.274
-1.493,-2.568
-1.638,-3.141
-1.968,-3.042
-2.301,-0.339
2.362,-4.136
0.776,-4.369
1.946,-4.27
1.027,0.007
1.397,-3.618
1.175,-3.959
1.164,-1.899
1.109,-2.324
1.126,-1.38
0.875,-2.154
1.04,-1.971
0.886,-2.098
0.816,-1.582
0.893,-1.722
0.836,-1.395
0.662,-3.868
0.614,-2.582
0.534,-2.294
0.337,-2.018
0.461,-2.02
0.257,-3.001
0.137,-3.671
0.056,-1.327
0.012,-2.613
0.018,-3.391
0.099,-0.303
0.073,-3.862
-0.095,-3.462
-0.239,-1.816
-0.249,-2.68
-0.28,-0.308
-0.32,-2.378
-0.289,-2.538
-0.43,-3.918
-0.484,-2.549
-0.642,-1.535
-0.536,-2.024
-0.629,-1.569
-0.653,-2.7
-0.81,-4.059
-0.846,-0.485
-0.796,-1.074
-0.97,-0.65
-0.825,-1.064
-1.017,-2.214
-1.31,-0.209
-1.327,-1.257
-1.28,-2.564
-1.38,-1.42
-1.428,-2.889
-1.614,-3.609
-1.653,-1.53
-1.705,-3.203
-1.588,-0.74
-1.802,-0.951
-1.839,-1.42
-1.731,-0.26
-1.782,-4.133
-1.857,-0.628
-1.992,-4.072
-2.027,-0.468
-2.032,-3.979
-2.071,-1.391
-2.063,-0.505
-2.165,-2.391
-2.1,-1.96
-2.14,-2.549
-2.295,-2.792
-2.415,-1.196
-2.443,-2.703
-2.514,-1.132
-2.819,-0.16
-2.816,-1.562
-2.817,-3.114
-3.026,-3.09
-3.121,-0.979
-3.071,-2.798
-3.116,-3.562
2.913,-2.617
2.785,-2.906
2.841,-2.577
2.6,-2.095
2.558,-1.234
2.599,-2.369
2.516,-3.373
2.393,-1.908
2.371,-1.936
2.078,-2.904
2.035,-3.89
1.804,-1.334
1.788,-2.001
1.652,-3.766
1.672,-2.161
1.546,-0.382
1.407,-1.45
1.267,-4.348
0.672,-4.44
-0.036,-4.184
-0.968,-4.303
-1.17,-4.187
-1.218,-4.348
-1.931,-4.355
2.787,-4.367
1.683,-4.284
1.549,-4.167
1.726,-4.285
0.906,0.047
0.885,0.296
0.895,-0.006
0.411,0.229
0.343,-0.019
-0.513,-0.037
-1.067,0.178
-1.284,-0.056
-1.408,0.288
-1.598,-0.05
-2.392,0.286
-2.677,0.07
2.463,0.204
1.646,-0.095
1.363,-0.397
1.288,-2.271
-3.063,-2.43
3.039,-0.659
3.027,-1.763
2.124,-1.953
2.167,-2.093
1.752,-1.05
0.971,-1.172
-0.414,-1.899
1.634,-1.153
1.437,-1.162
-1.518,-0.123
1.969,-0.313
1.249,-3.938
-0.152,-3.947
-2.914,0.014
-0.077,0.258
-0.283,0.149
-0.569,-0.001
-0.804,0.306
-0.914,0.204
-1.307,-0.018
-1.943,0.353
-2.012,0.305
-2.703,0.056
-2.826,0.358
3.017,0.089
3.088,-0.022
1.826,-3.429
0.477,-1.965
-0.308,-0.32
-0.35,-2.614
-0.495,-3.187
-0.825,-3.088
-1.158,-0.385
-2.778,-4.182
1.919,-4.415
3.089,-4.316
2.17,-0.039
2.54,-3.664
2.318,-4.005
2.307,-1.945
2.252,-2.37
2.269,-1.426
2.018,-2.2
2.183,-2.017
2.029,-2.144
1.959,-1.628
2.036,-1.768
1.979,-1.441
1.805,-3.914
1.757,-2.628
1.677,-2.34
1.48,-2.064
1.604,-2.066
1.4,-3.047
1.28,-3.717
1.199,-1.373
1.155,-2.659
1.161,-3.437
1.242,-0.349
1.216,-3.908
1.048,-3.508
0.904,-1.862
0.894,-2.726
0.863,-0.354
0.823,-2.424
0.854,-2.584
0.713,-3.964
0.659,-2.595
0.501,-1.581
0.607,-2.07
0.514,-1.615
0.49,-2.746
0.333,-4.105
0.297,-0.531
0.347,-1.12
0.173,-0.696
0.318,-1.11
0.126,-2.26
-0.167,-0.255
-0.184,-1.303
-0.137,-2.61
-0.237,-1.466
-0.285,-2.935
-0.471,-3.655
-0.51,-1.576
-0.562,-3.249
-0.445,-0.786
-0.659,-0.997
-0.696,-1.466
-0.588,-0.306
-0.639,-4.179
-0.714,-0.674
-0.849,-4.118
-0.884,-0.514
-0.889,-4.025
-0.928,-1.437
-0.92,-0.551
-1.022,-2.437
-0.957,-2.006
-0.997,-2.595
-1.152,-2.838
-1.272,-1.242
-1.3,-2.749
-1.371,-1.178
-1.676,-0.206
-1.673,-1.608
-1.674,-3.16
-1.883,-3.136
-1.978,-1.025
-1.928,-2.844
-1.973,-3.608
-2.227,-2.663
-2.355,-2.952
-2.299,-2.623
-2.54,-2.141
-2.582,-1.28
-2.541,-2.415
-2.624,-3.419
-2.747,-1.954
-2.769,-1.982
-3.062,-2.95
-3.105,-3.936
2.947,-1.38
2.931,-2.047
2.795,-3.812
2.815,-2.207
2.689,-0.428
2.55,-1.496
2.41,-4.394
1.815,-4.486
1.107,-4.23
0.175,-4.349
-0.027,-4.233
-0.075,-4.394
-0.788,-4.401
-2.353,-4.413
2.826,-4.33
2.692,-4.213
2.869,-4.331
2.049,0.001
2.028,0.25
2.038,-0.052
1.554,0.183
1.486,-0.065
0.63,-0.083
0.076,0.132
-0.141,-0.102
-0.265,0.242
-0.455,-0.096
-1.249,0.24
-1.534,0.024
-2.677,0.158
2.789,-0.141
2.506,-0.443
2.431,-2.317
-1.92,-2.476
-2.101,-0.705
-2.113,-1.809
-3.016,-1.999
-2.973,-2.139
2.895,-1.096
2.114,-1.218
0.729,-1.945
2.777,-1.199
2.58,-1.208
-0.375,-0.169
3.112,-0.359
2.392,-3.984
0.991,-3.993
-1.771,-0.032
-0.206,-0.109
-0.492,-0.259
-0.727,0.048
-0.837,-0.054
-1.23,-0.276
-1.866,0.095
-1.935,0.047
-2.626,-0.202
-2.749,0.1
3.094,-0.169
-3.118,-0.28
1.903,-3.687
0.554,-2.223
-0.231,-0.578
-0.273,-2.872
-0.418,-3.445
-0.748,-3.346
-1.081,-0.643
-2.701,-4.44
1.996,-4.673
-3.117,-4.574
2.247,-0.297
2.617,-3.922
2.395,-4.263
2.384,-2.203
2.329,-2.628
2.346,-1.684
2.095,-2.458
2.26,-2.275
2.106,-2.402
2.036,-1.886
2.113,-2.026
2.056,-1.699
1.882,-4.172
1.834,-2.886
1.754,-2.598
1.557,-2.322
1.681,-2.324
1.477,-3.305
1.357,-3.975
1.276,-1.631
1.232,-2.917
1.238,-3.695
1.319,-0.607
1.293,-4.166
1.125,-3.766
0.981,-2.12
0.971,-2.984
0.94,-0.612
0.9,-2.682
0.931,-2.842
0.79,-4.222
0.736,-2.853
0.578,-1.839
0.684,-2.328
0.591,-1.873
0.567,-3.004
0.41,-4.363
0.374,-0.789
0.424,-1.378
0.25,-0.954
0.395,-1.368
0.203,-2.518
-0.09,-0.513
-0.107,-1.561
-0.06,-2.868
-0.16,-1.724
-0.208,-3.193
-0.394,-3.913
-0.433,-1.834
-0.485,-3.507
-0.368,-1.044
-0.582,-1.255
-0.619,-1.724
-0.511,-0.564
-0.562,-4.437
-0.637,-0.932
-0.772,-4.376
-0.807,-0.772
-0.812,-4.283
-0.851,-1.695
-0.843,-0.809
-0.945,-2.695
-0.88,-2.264
-0.92,-2.853
-1.075,-3.096
-1.195,-1.5
-1.223,-3.007
-1.294,-1.436
-1.599,-0.464
-1.596,-1.866
-1.597,-3.418
-1.806,-3.394
-1.901,-1.283
-1.851,-3.102
-1.896,-3.866
-2.15,-2.921
-2.278,-3.21
-2.222,-2.881
-2.463,-2.399
-2.505,-1.538
-2.464,-2.673
-2.547,-3.677
-2.67,-2.212
-2.692,-2.24
-2.985,-3.208
-3.028,-4.194
3.024,-1.638
3.008,-2.305
2.872,-4.07
2.892,-2.465
2.766,-0.686
2.627,-1.754
2.487,-4.652
1.892,-4.744
1.184,-4.488
0.252,-4.607
0.05,-4.491
0.002,-4.652
-0.711,-4.659
-2.276,-4.671
2.903,-4.588
2.769,-4.471
2.946,-4.589
2.126,-0.257
2.105,-0.008
2.115,-0.31
1.631,-0.075
1.563,-0.323
0.707,-0.341
0.153,-0.126
-0.064,-0.36
-0.188,-0.016
-0.378,-0.354
-1.172,-0.018
-1.457,-0.234
-2.6,-0.1
2.866,-0.399
2.583,-0.701
2.508,-2.575
-1.843,-2.734
-2.024,-0.963
-2.036,-2.067
-2.939,-2.257
-2.896,-2.397
2.972,-1.354
2.191,-1.476
0.806,-2.203
2.854,-1.457
2.657,-1.466
-0.298,-0.427
-3.094,-0.617
2.469,-4.242
1.068,-4.251
-1.694,-0.29
-0.286,-0.15
-0.521,0.157
-0.631,0.055
-1.024,-0.167
-1.66,0.204
-1.729,0.156
-2.42,-0.093
-2.543,0.209
-2.983,-0.06
-2.912,-0.171
2.109,-3.578
0.76,-2.114
-0.025,-0.469
-0.067,-2.763
-0.212,-3.336
-0.542,-3.237
-0.875,-0.534
-2.495,-4.331
2.202,-4.564
-2.911,-4.465
2.453,-0.188
2.823,-3.813
2.601,-4.154
2.59,-2.094
2.535,-2.519
2.552,-1.575
2.301,-2.349
2.466,-2.166
2.312,-2.293
2.242,-1.777
2.319,-1.917
2.262,-1.59
2.088,-4.063
2.04,-2.777
1.96,-2.489
1.763,-2.213
1.887,-2.215
1.683,-3.196
1.563,-3.866
1.482,-1.522
1.438,-2.808
1.444,-3.586
1.525,-0.498
1.499,-4.057
1.331,-3.657
1.187,-2.011
1.177,-2.875
1.146,-0.503
1.106,-2.573
1.137,-2.733
0.996,-4.113
0.942,-2.744
0.784,-1.73
0.89,-2.219
0.797,-1.764
0.773,-2.895
0.616,-4.254
0.58,-0.68
0.63,-1.269
0.456,-0.845
0.601,-1.259
0.409,-2.409
0.116,-0.404
0.099,-1.452
0.146,-2.759
0.046,-1.615
-0.002,-3.084
-0.188,-3.804
-0.227,-1.725
-0.279,-3.398
-0.162,-0.935
-0.376,-1.146
-0.413,-1.615
-0.305,-0.455
-0.356,-4.328
-0.431,-0.823
-0.566,-4.267
-0.601,-0.663
-0.606,-4.174
-0.645,-1.586
-0.637,-0.7
-0.739,-2.586
-0.674,-2.155
-0.714,-2.744
-0.869,-2.987
-0.989,-1.391
-1.017,-2.898
-1.088,-1.327
-1.393,-0.355
-1.39,-1.757
-1.391,-3.309
-1.6,-3.285
-1.695,-1.174
-1.645,-2.993
-1.69,-3.757
-1.944,-2.812
-2.072,-3.101
-2.016,-2.772
-2.257,-2.29
-2.299,-1.429
-2.258,-2.564
-2.341,-3.568
-2.464,-2.103
-2.486,-2.131
-2.779,-3.099
-2.822,-4.085
-3.053,-1.529
-3.069,-2.196
3.078,-3.961
3.098,-2.356
2.972,-0.577
2.833,-1.645
2.693,-4.543
2.098,-4.635
1.39,-4.379
0.458,-4.498
0.256,-4.382
0.208,-4.543
-0.505,-4.55
-2.07,-4.562
3.109,-4.479
2.975,-4.362
-3.131,-4.48
2.332,-0.148
2.311,0.101
2.321,-0.201
1.837,0.034
1.769,-0.214
0.913,-0.232
0.359,-0.017
0.142,-0.251
0.018,0.093
-0.172,-0.245
-0.966,0.091
-1.251,-0.125
-2.394,0.009
3.072,-0.29
2.789,-0.592
2.714,-2.466
-1.637,-2.625
-1.818,-0.854
-1.83,-1.958
-2.733,-2.148
-2.69,-2.288
-3.105,-1.245
2.397,-1.367
1.012,-2.094
3.06,-1.348
2.863,-1.357
-0.092,-0.318
-2.888,-0.508
2.675,-4.133
1.274,-4.142
-1.488,-0.181
-0.235,0.307
-0.345,0.205
-0.738,-0.017
-1.374,0.354
-1.443,0.306
-2.134,0.057
-2.257,0.359
-2.697,0.09
-2.626,-0.021
2.395,-3.428
1.046,-1.964
0.261,-0.319
0.219,-2.613
0.074,-3.186
-0.256,-3.087
-0.589,-0.384
-2.209,-4.181
2.488,-4.414
-2.625,-4.315
2.739,-0.038
3.109,-3.663
2.887,-4.004
2.876,-1.944
2.821,-2.369
2.838,-1.425
2.587,-2.199
2.752,-2.016
2.598,-2.143
2.528,-1.627
2.605,-1.767
2.548,-1.44
2.374,-3.913
2.326,-2.627
2.246,-2.339
2.049,-2.063
2.173,-2.065
1.969,-3.046
1.849,-3.716
1.768,-1.372
1.724,-2.658
1.73,-3.436
1.811,-0.348
1.785,-3.907
1.617,-3.507
1.473,-1.861
1.463,-2.725
1.432,-0.353
1.392,-2.423
1.423,-2.583
1.282,-3.963
1.228,-2.594
1.07,-1.58
1.176,-2.069
1.083,-1.614
1.059,-2.745
0.902,-4.104
0.866,-0.53
0.916,-1.119
0.742,-0.695
0.887,-1.109
0.695,-2.259
0.402,-0.254
0.385,-1.302
0.432,-2.609
0.332,-1.465
0.284,-2.934
0.098,-3.654
0.059,-1.575
0.007,-3.248
0.124,-0.785
-0.09,-0.996
-0.127,-1.465
-0.019,-0.305
-0.07,-4.178
-0.145,-0.673
-0.28,-4.117
-0.315,-0.513
-0.32,-4.024
-0.359,-1.436
-0.351,-0.55
-0.453,-2.436
-0.388,-2.005
-0.428,-2.594
-0.583,-2.837
-0.703,-1.241
-0.731,-2.748
-0.802,-1.177
-1.107,-0.205
-1.104,-1.607
-1.105,-3.159
-1.314,-3.135
-1.409,-1.024
-1.359,-2.843
-1.404,-3.607
-1.658,-2.662
-1.786,-2.951
-1.73,-2.622
-1.971,-2.14
-2.013,-1.279
-1.972,-2.414
-2.055,-3.418
-2.178,-1.953
-2.2,-1.981
-2.493,-2.949
-2.536,-3.935
-2.767,-1.379
-2.783,-2.046
-2.919,-3.811
-2.899,-2.206
-3.025,-0.427
3.119,-1.495
2.979,-4.393
2.384,-4.485
1.676,-4.229
0.744,-4.348
0.542,-4.232
0.494,-4.393
-0.219,-4.4
-1.784,-4.412
-2.888,-4.329
-3.022,-4.212
-2.845,-4.33
2.618,0.002
2.597,0.251
2.607,-0.051
2.123,0.184
2.055,-0.064
1.199,-0.082
0.645,0.133
0.428,-0.101
0.304,0.243
0.114,-0.095
-0.68,0.241
-0.965,0.025
-2.108,0.159
-2.925,-0.14
3.075,-0.442
3.0,-2.316
-1.351,-2.475
-1.532,-0.704
-1.544,-1.808
-2.447,-1.998
-2.404,-2.138
-2.819,-1.095
2.683,-1.217
1.298,-1.944
-2.937,-1.198
-3.134,-1.207
0.194,-0.168
-2.602,-0.358
2.961,-3.983
1.56,-3.992
-1.202,-0.031
-0.11,-0.102
-0.503,-0.324
-1.139,0.047
-1.208,-0.001
-1.899,-0.25
-2.022,0.052
-2.462,-0.217
-2.391,-0.328
2.63,-3.735
1.281,-2.271
0.496,-0.626
0.454,-2.92
0.309,-3.493
-0.021,-3.394
-0.354,-0.691
-1.974,-4.488
2.723,-4.721
-2.39,-4.622
2.974,-0.345
-2.939,-3.97
3.122,-4.311
3.111,-2.251
3.056,-2.676
3.073,-1.732
2.822,-2.506
2.987,-2.323
2.833,-2.45
2.763,-1.934
2.84,-2.074
2.783,-1.747
2.609,-4.22
2.561,-2.934
2.481,-2.646
2.284,-2.37
2.408,-2.372
2.204,-3.353
2.084,-4.023
2.003,-1.679
1.959,-2.965
1.965,-3.743
2.046,-0.655
2.02,-4.214
1.852,-3.814
1.708,-2.168
1.698,-3.032
1.667,-0.66
1.627,-2.73
1.658,-2.89
1.517,-4.27
1.463,-2.901
1.305,-1.887
1.411,-2.376
1.318,-1.921
1.294,-3.052
1.137,-4.411
1.101,-0.837
1.151,-1.426
0.977,-1.002
1.122,-1.416
0.93,-2.566
0.637,-0.561
0.62,-1.609
0.667,-2.916
0.567,-1.772
0.519,-3.241
0.333,-3.961
0.294,-1.882
0.242,-3.555
0.359,-1.092
0.145,-1.303
0.108,-1.772
0.216,-0.612
0.165,-4.485
0.09,-0.98
-0.045,-4.424
-0.08,-0.82
-0.085,-4.331
-0.124,-1.743
-0.116,-0.857
-0.218,-2.743
-0.153,-2.312
-0.193,-2.901
-0.348,-3.144
-0.468,-1.548
-0.496,-3.055
-0.567,-1.484
-0.872,-0.512
-0.869,-1.914
-0.87,-3.466
-1.079,-3.442
-1.174,-1.331
-1.124,-3.15
-1.169,-3.914
-1.423,-2.969
-1.551,-3.258
-1.495,-2.929
-1.736,-2.447
-1.778,-1.586
-1.737,-2.721
-1.82,-3.725
-1.943,-2.26
-1.965,-2.288
-2.258,-3.256
-2.301,-4.242
-2.532,-1.686
-2.548,-2.353
-2.684,-4.118
-2.664,-2.513
-2.79,-0.734
-2.929,-1.802
-3.069,-4.7
2.619,-4.792
1.911,-4.536
0.979,-4.655
0.777,-4.539
0.729,-4.7
0.016,-4.707
-1.549,-4.719
-2.653,-4.636
-2.787,-4.519
-2.61,-4.637
2.853,-0.305
2.832,-0.056
2.842,-0.358
2.358,-0.123
2.29,-0.371
1.434,-0.389
0.88,-0.174
0.663,-0.408
0.539,-0.064
0.349,-0.402
-0.445,-0.066
-0.73,-0.282
-1.873,-0.148
-2.69,-0.447
-2.973,-0.749
-3.048,-2.623
-1.116,-2.782
-1.297,-1.011
-1.309,-2.115
-2.212,-2.305
-2.169,-2.445
-2.584,-1.402
2.918,-1.524
1.533,-2.251
-2.702,-1.505
-2.899,-1.514
0.429,-0.475
-2.367,-0.665
-3.087,-4.29
1.795,-4.299
-0.967,-0.338
-0.393,-0.222
-1.029,0.149
-1.098,0.101
-1.789,-0.148
-1.912,0.154
-2.352,-0.115
-2.281,-0.226
2.74,-3.633
1.391,-2.169
0.606,-0.524
0.564,-2.818
0.419,-3.391
0.089,-3.292
-0.244,-0.589
-1.864,-4.386
2.833,-4.619
-2.28,-4.52
3.084,-0.243
-2.829,-3.868
-3.051,-4.209
-3.062,-2.149
-3.117,-2.574
-3.1,-1.63
2.932,-2.404
3.097,-2.221
2.943,-2.348
2.873,-1.832
2.95,-1.972
2.893,-1.645
2.719,-4.118
2.671,-2.832
2.591,-2.544
2.394,-2.268
2.518,-2.27
2.314,-3.251
2.194,-3.921
2.113,-1.577
2.069,-2.863
2.075,-3.641
2.156,-0.553
2.13,-4.112
1.962,-3.712
1.818,-2.066
1.808,-2.93
1.777,-0.558
1.737,-2.628
1.768,-2.788
1.627,-4.168
1.573,-2.799
1.415,-1.785
1.521,-2.274
1.428,-1.819
1.404,-2.95
1.247,-4.309
1.211,-0.735
1.261,-1.324
1.087,-0.9
1.232,-1.314
1.04,-2.464
0.747,-0.459
0.73,-1.507
0.777,-2.814
0.677,-1.67
0.629,-3.139
0.443,-3.859
0.404,-1.78
0.352,-3.453
0.469,-0.99
0.255,-1.201
0.218,-1.67
0.326,-0.51
0.275,-4.383
0.2,-0.878
0.065,-4.322
0.03,-0.718
0.025,-4.229
-0.014,-1.641
-0.006,-0.755
-0.108,-2.641
-0.043,-2.21
-0.083,-2.799
-0.238,-3.042
-0.358,-1.446
-0.386,-2.953
-0.457,-1.382
-0.762,-0.41
-0.759,-1.812
-0.76,-3.364
-0.969,-3.34
-1.064,-1.229
-1.014,-3.048
-1.059,-3.812
-1.313,-2.867
-1.441,-3.156
-1.385,-2.827
-1.626,-2.345
-1.668,-1.484
-1.627,-2.619
-1.71,-3.623
-1.833,-2.158
-1.855,-2.186
-2.148,-3.154
-2.191,-4.14
-2.422,-1.584
-2.438,-2.251
-2.574,-4.016
-2.554,-2.411
-2.68,-0.632
-2.819,-1.7
-2.959,-4.598
2.729,-4.69
2.021,-4.434
1.089,-4.553
0.887,-4.437
0.839,-4.598
0.126,-4.605
-1.439,-4.617
-2.543,-4.534
-2.677,-4.417
-2.5,-4.535
2.963,-0.203
2.942,0.046
2.952,-0.256
2.468,-0.021
2.4,-0.269
1.544,-0.287
0.99,-0.072
0.773,-0.306
0.649,0.038
0.459,-0.3
-0.335,0.036
-0.62,-0.18
-1.763,-0.046
-2.58,-0.345
-2.863,-0.647
-2.938,-2.521
-1.006,-2.68
-1.187,-0.909
-1.199,-2.013
-2.102,-2.203
-2.059,-2.343
-2.474,-1.3
3.028,-1.422
1.643,-2.149
-2.592,-1.403
-2.789,-1.412
0.539,-0.373
-2.257,-0.563
-2.977,-4.188
1.905,-4.197
-0.857,-0.236
-0.636,0.371
-0.705,0.323
-1.396,0.074
-1.519,0.376
-1.959,0.107
-1.888,-0.004
3.133,-3.411
1.784,-1.947
0.999,-0.302
0.957,-2.596
0.812,-3.169
0.482,-3.07
0.149,-0.367
-1.471,-4.164
-3.057,-4.397
-1.887,-4.298
-2.806,-0.021
-2.436,-3.646
-2.658,-3.987
-2.669,-1.927
-2.724,-2.352
-2.707,-1.408
-2.958,-2.182
-2.793,-1.999
-2.947,-2.126
-3.017,-1.61
-2.94,-1.75
-2.997,-1.423
3.112,-3.896
3.064,-2.61
2.984,-2.322
2.787,-2.046
2.911,-2.048
2.707,-3.029
2.587,-3.699
2.506,-1.355
2.462,-2.641
2.468,-3.419
2.549,-0.331
2.523,-3.89
2.355,-3.49
2.211,-1.844
2.201,-2.708
2.17,-0.336
2.13,-2.406
2.161,-2.566
2.02,-3.946
1.966,-2.577
1.808,-1.563
1.914,-2.052
1.821,-1.597
1.797,-2.728
1.64,-4.087
1.604,-0.513
1.654,-1.102
1.48,-0.678
1.625,-1.092
1.433,-2.242
1.14,-0.237
1.123,-1.285
1.17,-2.592
1.07,-1.448
1.022,-2.917
0.836,-3.637
0.797,-1.558
0.745,-3.231
0.862,-0.768
0.648,-0.979
0.611,-1.448
0.719,-0.288
0.668,-4.161
0.593,-0.656
0.458,-4.1
0.423,-0.496
0.418,-4.007
0.379,-1.419
0.387,-0.533
0.285,-2.419
0.35,-1.988
0.31,-2.577
0.155,-2.82
0.035,-1.224
0.007,-2.731
-0.064,-1.16
-0.369,-0.188
-0.366,-1.59
-0.367,-3.142
-0.576,-3.118
-0.671,-1.007
-0.621,-2.826
-0.666,-3.59
-0.92,-2.645
-1.048,-2.934
-0.992,-2.605
-1.233,-2.123
-1.275,-1.262
-1.234,-2.397
-1.317,-3.401
-1.44,-1.936
-1.462,-1.964
-1.755,-2.932
-1.798,-3.918
-2.029,-1.362
-2.045,-2.029
-2.181,-3.794
-2.161,-2.189
-2.287,-0.41
-2.426,-1.478
-2.566,-4.376
3.122,-4.468
2.414,-4.212
1.482,-4.331
1.28,-4.215
1.232,-4.376
0.519,-4.383
-1.046,-4.395
-2.15,-4.312
-2.284,-4.195
-2.107,-4.313
-2.927,0.019
-2.948,0.268
-2.938,-0.034
2.861,0.201
2.793,-0.047
1.937,-0.065
1.383,0.15
1.166,-0.084
1.042,0.26
0.852,-0.078
0.058,0.258
-0.227,0.042
-1.37,0.176
-2.187,-0.123
-2.47,-0.425
-2.545,-2.299
-0.613,-2.458
-0.794,-0.687
-0.806,-1.791
-1.709,-1.981
-1.666,-2.121
-2.081,-1.078
-2.862,-1.2
2.036,-1.927
-2.199,-1.181
-2.396,-1.19
0.932,-0.151
-1.864,-0.341
-2.584,-3.966
2.298,-3.975
-0.464,-0.014
-0.069,-0.048
-0.76,-0.297
-0.883,0.005
-1.323,-0.264
-1.252,-0.375
-2.514,-3.782
2.42,-2.318
1.635,-0.673
1.593,-2.967
1.448,-3.54
1.118,-3.441
0.785,-0.738
-0.835,-4.535
-2.421,-4.768
-1.251,-4.669
-2.17,-0.392
-1.8,-4.017
-2.022,-4.358
-2.033,-2.298
-2.088,-2.723
-2.071,-1.779
-2.322,-2.553
-2.157,-2.37
-2.311,-2.497
-2.381,-1.981
-2.304,-2.121
-2.361,-1.794
-2.535,-4.267
-2.583,-2.981
-2.663,-2.693
-2.86,-2.417
-2.736,-2.419
-2.94,-3.4
-3.06,-4.07
-3.141,-1.726
3.098,-3.012
3.104,-3.79
-3.098,-0.702
-3.124,-4.261
2.991,-3.861
2.847,-2.215
2.837,-3.079
2.806,-0.707
2.766,-2.777
2.797,-2.937
2.656,-4.317
2.602,-2.948
2.444,-1.934
2.55,-2.423
2.457,-1.968
2.433,-3.099
2.276,-4.458
2.24,-0.884
2.29,-1.473
2.116,-1.049
2.261,-1.463
2.069,-2.613
1.776,-0.608
1.759,-1.656
1.806,-2.963
1.706,-1.819
1.658,-3.288
1.472,-4.008
1.433,-1.929
1.381,-3.602
1.498,-1.139
1.284,-1.35
1.247,-1.819
1.355,-0.659
1.304,-4.532
1.229,-1.027
1.094,-4.471
1.059,-0.867
1.054,-4.378
1.015,-1.79
1.023,-0.904
0.921,-2.79
0.986,-2.359
0.946,-2.948
0.791,-3.191
0.671,-1.595
0.643,-3.102
0.572,-1.531
0.267,-0.559
0.27,-1.961
0.269,-3.513
0.06,-3.489
-0.035,-1.378
0.015,-3.197
-0.03,-3.961
-0.284,-3.016
-0.412,-3.305
-0.356,-2.976
-0.597,-2.494
-0.639,-1.633
-0.598,-2.768
-0.681,-3.772
-0.804,-2.307
-0.826,-2.335
-1.119,-3.303
-1.162,-4.289
-1.393,-1.733
-1.409,-2.4
-1.545,-4.165
-1.525,-2.56
-1.651,-0.781
-1.79,-1.849
-1.93,-4.747
-2.525,-4.839
3.05,-4.583
2.118,-4.702
1.916,-4.586
1.868,-4.747
1.155,-4.754
-0.41,-4.766
-1.514,-4.683
-1.648,-4.566
-1.471,-4.684
-2.291,-0.352
-2.312,-0.103
-2.302,-0.405
-2.786,-0.17
-2.854,-0.418
2.573,-0.436
2.019,-0.221
1.802,-0.455
1.678,-0.111
1.488,-0.449
0.694,-0.113
0.409,-0.329
-0.734,-0.195
-1.551,-0.494
-1.834,-0.796
-1.909,-2.67
0.023,-2.829
-0.158,-1.058
-0.17,-2.162
-1.073,-2.352
-1.03,-2.492
-1.445,-1.449
-2.226,-1.571
2.672,-2.298
-1.563,-1.552
-1.76,-1.561
1.568,-0.522
-1.228,-0.712
-1.948,-4.337
2.934,-4.346
0.172,-0.385
-0.691,-0.249
-0.814,0.053
-1.254,-0.216
-1.183,-0.327
-2.445,-3.734
2.489,-2.27
1.704,-0.625
1.662,-2.919
1.517,-3.492
1.187,-3.393
0.854,-0.69
-0.766,-4.487
-2.352,-4.72
-1.182,-4.621
-2.101,-0.344
-1.731,-3.969
-1.953,-4.31
-1.964,-2.25
-2.019,-2.675
-2.002,-1.731
-2.253,-2.505
-2.088,-2.322
-2.242,-2.449
-2.312,-1.933
-2.235,-2.073
-2.292,-1.746
-2.466,-4.219
-2.514,-2.933
-2.594,-2.645
-2.791,-2.369
-2.667,-2.371
-2.871,-3.352
-2.991,-4.022
-3.072,-1.678
-3.116,-2.964
-3.11,-3.742
-3.029,-0.654
-3.055,-4.213
3.06,-3.813
2.916,-2.167
2.906,-3.031
2.875,-0.659
2.835,-2.729
2.866,-2.889
2.725,-4.269
2.671,-2.9
2.513,-1.886
2.619,-2.375
2.526,-1.92
2.502,-3.051
2.345,-4.41
2.309,-0.836
2.359,-1.425
2.185,-1.001
2.33,-1.415
2.138,-2.565
1.845,-0.56
1.828,-1.608
1.875,-2.915
1.775,-1.771
1.727,-3.24
1.541,-3.96
1.502,-1.881
1.45,-3.554
1.567,-1.091
1.353,-1.302
1.316,-1.771
1.424,-0.611
1.373,-4.484
1.298,-0.979
1.163,-4.423
1.128,-0.819
1.123,-4.33
1.084,-1.742
1.092,-0.856
0.99,-2.742
1.055,-2.311
1.015,-2.9
0.86,-3.143
0.74,-1.547
0.712,-3.054
0.641,-1.483
0.336,-0.511
0.339,-1.913
0.338,-3.465
0.129,-3.441
0.034,-1.33
0.084,-3.149
0.039,-3.913
-0.215,-2.968
-0.343,-3.257
-0.287,-2.928
-0.528,-2.446
-0.57,-1.585
-0.529,-2.72
-0.612,-3.724
-0.735,-2.259
-0.757,-2.287
-1.05,-3.255
-1.093,-4.241
-1.324,-1.685
-1.34,-2.352
-1.476,-4.117
-1.456,-2.512
-1.582,-0.733
-1.721,-1.801
-1.861,-4.699
-2.456,-4.791
3.119,-4.535
2.187,-4.654
1.985,-4.538
1.937,-4.699
1.224,-4.706
-0.341,-4.718
-1.445,-4.635
-1.579,-4.518
-1.402,-4.636
-2.222,-0.304
-2.243,-0.055
-2.233,-0.357
-2.717,-0.122
-2.785,-0.37
2.642,-0.388
2.088,-0.173
1.871,-0.407
1.747,-0.063
1.557,-0.401
0.763,-0.065
0.478,-0.281
-0.665,-0.147
-1.482,-0.446
-1.765,-0.748
-1.84,-2.622
0.092,-2.781
-0.089,-1.01
-0.101,-2.114
-1.004,-2.304
-0.961,-2.444
-1.376,-1.401
-2.157,-1.523
2.741,-2.25
-1.494,-1.504
-1.691,-1.513
1.637,-0.474
-1.159,-0.664
-1.879,-4.289
3.003,-4.298
0.241,-0.337
-0.123,0.302
-0.563,0.033
-0.492,-0.078
-1.754,-3.485
-3.103,-2.021
2.395,-0.376
2.353,-2.67
2.208,-3.243
1.878,-3.144
1.545,-0.441
-0.075,-4.238
-1.661,-4.471
-0.491,-4.372
-1.41,-0.095
-1.04,-3.72
-1.262,-4.061
-1.273,-2.001
-1.328,-2.426
-1.311,-1.482
-1.562,-2.256
-1.397,-2.073
-1.551,-2.2
-1.621,-1.684
-1.544,-1.824
-1.601,-1.497
-1.775,-3.97
-1.823,-2.684
-1.903,-2.396
-2.1,-2.12
-1.976,-2.122
-2.18,-3.103
-2.3,-3.773
-2.381,-1.429
-2.425,-2.715
-2.419,-3.493
-2.338,-0.405
-2.364,-3.964
-2.532,-3.564
-2.676,-1.918
-2.686,-2.782
-2.717,-0.41
-2.757,-2.48
-2.726,-2.64
-2.867,-4.02
-2.921,-2.651
-3.079,-1.637
-2.973,-2.126
-3.066,-1.671
-3.09,-2.802
3.036,-4.161
3.0,-0.587
3.05,-1.176
2.876,-0.752
3.021,-1.166
2.829,-2.316
2.536,-0.311
2.519,-1.359
2.566,-2.666
2.466,-1.522
2.418,-2.991
2.232,-3.711
2.193,-1.632
2.141,-3.305
2.258,-0.842
2.044,-1.053
2.007,-1.522
2.115,-0.362
2.064,-4.235
1.989,-0.73
1.854,-4.174
1.819,-0.57
1.814,-4.081
1.775,-1.493
1.783,-0.607
1.681,-2.493
1.746,-2.062
1.706,-2.651
1.551,-2.894
1.431,-1.298
1.403,-2.805
1.332,-1.234
1.027,-0.262
1.03,-1.664
1.029,-3.216
0.82,-3.192
0.725,-1.081
0.775,-2.9
0.73,-3.664
0.476,-2.719
0.348,-3.008
0.404,-2.679
0.163,-2.197
0.121,-1.336
0.162,-2.471
0.079,-3.475
-0.044,-2.01
-0.066,-2.038
-0.359,-3.006
-0.402,-3.992
-0.633,-1.436
-0.649,-2.103
-0.785,-3.868
-0.765,-2.263
-0.891,-0.484
-1.03,-1.552
-1.17,-4.45
-1.765,-4.542
-2.473,-4.286
2.878,-4.405
2.676,-4.289
2.628,-4.45
1.915,-4.457
0.35,-4.469
-0.754,-4.386
-0.888,-4.269
-0.711,-4.387
-1.531,-0.055
-1.552,0.194
-1.542,-0.108
-2.026,0.127
-2.094,-0.121
-2.95,-0.139
2.779,0.076
2.562,-0.158
2.438,0.186
2.248,-0.152
1.454,0.184
1.169,-0.032
0.026,0.102
-0.791,-0.197
-1.074,-0.499
-1.149,-2.373
0.783,-2.532
0.602,-0.761
0.59,-1.865
-0.313,-2.055
-0.27,-2.195
-0.685,-1.152
-1.466,-1.274
-2.851,-2.001
-0.803,-1.255
-1.0,-1.264
2.328,-0.225
-0.468,-0.415
-1.188,-4.04
-2.589,-4.049
0.932,-0.088
-0.44,-0.269
-0.369,-0.38
-1.631,-3.787
-2.98,-2.323
2.518,-0.678
2.476,-2.972
2.331,-3.545
2.001,-3.446
1.668,-0.743
0.048,-4.54
-1.538,-4.773
-0.368,-4.674
-1.287,-0.397
-0.917,-4.022
-1.139,-4.363
-1.15,-2.303
-1.205,-2.728
-1.188,-1.784
-1.439,-2.558
-1.274,-2.375
-1.428,-2.502
-1.498,-1.986
-1.421,-2.126
-1.478,-1.799
-1.652,-4.272
-1.7,-2.986
-1.78,-2.698
-1.977,-2.422
-1.853,-2.424
-2.057,-3.405
-2.177,-4.075
-2.258,-1.731
-2.302,-3.017
-2.296,-3.795
-2.215,-0.707
-2.241,-4.266
-2.409,-3.866
-2.553,-2.22
-2.563,-3.084
-2.594,-0.712
-2.634,-2.782
-2.603,-2.942
-2.744,-4.322
-2.798,-2.953
-2.956,-1.939
-2.85,-2.428
-2.943,-1.973
-2.967,-3.104
-3.124,-4.463
3.123,-0.889
-3.11,-1.478
2.999,-1.054
-3.139,-1.468
2.952,-2.618
2.659,-0.613
2.642,-1.661
2.689,-2.968
2.589,-1.824
2.541,-3.293
2.355,-4.013
2.316,-1.934
2.264,-3.607
2.381,-1.144
2.167,-1.355
2.13,-1.824
2.238,-0.664
2.187,-4.537
2.112,-1.032
1.977,-4.476
1.942,-0.872
1.937,-4.383
1.898,-1.795
1.906,-0.909
1.804,-2.795
1.869,-2.364
1.829,-2.953
1.674,-3.196
1.554,-1.6
1.526,-3.107
1.455,-1.536
1.15,-0.564
1.153,-1.966
1.152,-3.518
0.943,-3.494
0.848,-1.383
0.898,-3.202
0.853,-3.966
0.599,-3.021
0.471,-3.31
0.527,-2.981
0.286,-2.499
0.244,-1.638
0.285,-2.773
0.202,-3.777
0.079,-2.312
0.057,-2.34
-0.236,-3.308
-0.279,-4.294
-0.51,-1.738
-0.526,-2.405
-0.662,-4.17
-0.642,-2.565
-0.768,-0.786
-0.907,-1.854
-1.047,-4.752
-1.642,-4.844
-2.35,-4.588
3.001,-4.707
2.799,-4.591
2.751,-4.752
2.038,-4.759
0.473,-4.771
-0.631,-4.688
-0.765,-4.571
-0.588,-4.689
-1.408,-0.357
-1.429,-0.108
-1.419,-0.41
-1.903,-0.175
-1.971,-0.423
-2.827,-0.441
2.902,-0.226
2.685,-0.46
2.561,-0.116
2.371,-0.454
1.577,-0.118
1.292,-0.334
0.149,-0.2
-0.668,-0.499
-0.951,-0.801
-1.026,-2.675
0.906,-2.834
0.725,-1.063
0.713,-2.167
-0.19,-2.357
-0.147,-2.497
-0.562,-1.454
-1.343,-1.576
-2.728,-2.303
-0.68,-1.557
-0.877,-1.566
2.451,-0.527
-0.345,-0.717
-1.065,-4.342
-2.466,-4.351
1.055,-0.39
0.071,-0.111
-1.191,-3.518
-2.54,-2.054
2.958,-0.409
2.916,-2.703
2.771,-3.276
2.441,-3.177
2.108,-0.474
0.488,-4.271
-1.098,-4.504
0.072,-4.405
-0.847,-0.128
-0.477,-3.753
-0.699,-4.094
-0.71,-2.034
-0.765,-2.459
-0.748,-1.515
-0.999,-2.289
-0.834,-2.106
-0.988,-2.233
-1.058,-1.717
-0.981,-1.857
-1.038,-1.53
-1.212,-4.003
-1.26,-2.717
-1.34,-2.429
-1.537,-2.153
-1.413,-2.155
-1.617,-3.136
-1.737,-3.806
-1.818,-1.462
-1.862,-2.748
-1.856,-3.526
-1.775,-0.438
-1.801,-3.997
-1.969,-3.597
-2.113,-1.951
-2.123,-2.815
-2.154,-0.443
-2.194,-2.513
-2.163,-2.673
-2.304,-4.053
-2.358,-2.684
-2.516,-1.67
-2.41,-2.159
-2.503,-1.704
-2.527,-2.835
-2.684,-4.194
-2.72,-0.62
-2.67,-1.209
-2.844,-0.785
-2.699,-1.199
-2.891,-2.349
3.099,-0.344
3.082,-1.392
3.129,-2.699
3.029,-1.555
2.981,-3.024
2.795,-3.744
2.756,-1.665
2.704,-3.338
2.821,-0.875
2.607,-1.086
2.57,-1.555
2.678,-0.395
2.627,-4.268
2.552,-0.763
2.417,-4.207
2.382,-0.603
2.377,-4.114
2.338,-1.526
2.346,-0.64
2.244,-2.526
2.309,-2.095
2.269,-2.684
2.114,-2.927
1.994,-1.331
1.966,-2.838
1.895,-1.267
1.59,-0.295
1.593,-1.697
1.592,-3.249
1.383,-3.225
1.288,-1.114
1.338,-2.933
1.293,-3.697
1.039,-2.752
0.911,-3.041
0.967,-2.712
0.726,-2.23
0.684,-1.369
0.725,-2.504
0.642,-3.508
0.519,-2.043
0.497,-2.071
0.204,-3.039
0.161,-4.025
-0.07,-1.469
-0.086,-2.136
-0.222,-3.901
-0.202,-2.296
-0.328,-0.517
-0.467,-1.585
-0.607,-4.483
-1.202,-4.575
-1.91,-4.319
-2.842,-4.438
-3.044,-4.322
-3.092,-4.483
2.478,-4.49
0.913,-4.502
-0.191,-4.419
-0.325,-4.302
-0.148,-4.42
-0.968,-0.088
-0.989,0.161
-0.979,-0.141
-1.463,0.094
-1.531,-0.154
-2.387,-0.172
-2.941,0.043
3.125,-0.191
3.001,0.153
2.811,-0.185
2.017,0.151
1.732,-0.065
0.589,0.069
-0.228,-0.23
-0.511,-0.532
-0.586,-2.406
1.346,-2.565
1.165,-0.794
1.153,-1.898
0.25,-2.088
0.293,-2.228
-0.122,-1.185
-0.903,-1.307
-2.288,-2.034
-0.24,-1.288
-0.437,-1.297
2.891,-0.258
0.095,-0.448
-0.625,-4.073
-2.026,-4.082
1.495,-0.121
-1.262,-3.407
-2.611,-1.943
2.887,-0.298
2.845,-2.592
2.7,-3.165
2.37,-3.066
2.037,-0.363
0.417,-4.16
-1.169,-4.393
0.001,-4.294
-0.918,-0.017
-0.548,-3.642
-0.77,-3.983
-0.781,-1.923
-0.836,-2.348
-0.819,-1.404
-1.07,-2.178
-0.905,-1.995
-1.059,-2.122
-1.129,-1.606
-1.052,-1.746
-1.109,-1.419
-1.283,-3.892
-1.331,-2.606
-1.411,-2.318
-1.608,-2.042
-1.484,-2.044
-1.688,-3.025
-1.808,-3.695
-1.889,-1.351
-1.933,-2.637
-1.927,-3.415
-1.846,-0.327
-1.872,-3.886
-2.04,-3.486
-2.184,-1.84
-2.194,-2.704
-2.225,-0.332
-2.265,-2.402
-2.234,-2.562
-2.375,-3.942
-2.429,-2.573
-2.587,-1.559
-2.481,-2.048
-2.574,-1.593
-2.598,-2.724
-2.755,-4.083
-2.791,-0.509
-2.741,-1.098
-2.915,-0.674
-2.77,-1.088
-2.962,-2.238
3.028,-0.233
3.011,-1.281
3.058,-2.588
2.958,-1.444
2.91,-2.913
2.724,-3.633
2.685,-1.554
2.633,-3.227
2.75,-0.764
2.536,-0.975
2.499,-1.444
2.607,-0.284
2.556,-4.157
2.481,-0.652
2.346,-4.096
2.311,-0.492
2.306,-4.003
2.267,-1.415
2.275,-0.529
2.173,-2.415
2.238,-1.984
2.198,-2.573
2.043,-2.816
1.923,-1.22
1.895,-2.727
1.824,-1.156
1.519,-0.184
1.522,-1.586
1.521,-3.138
1.312,-3.114
1.217,-1.003
1.267,-2.822
1.222,-3.586
0.968,-2.641
0.84,-2.93
0.896,-2.601
0.655,-2.119
0.613,-1.258
0.654,-2.393
0.571,-3.397
0.448,-1.932
0.426,-1.96
0.133,-2.928
0.09,-3.914
-0.141,-1.358
-0.157,-2.025
-0.293,-3.79
-0.273,-2.185
-0.399,-0.406
-0.538,-1.474
-0.678,-4.372
-1.273,-4.464
-1.981,-4.208
-2.913,-4.327
-3.115,-4.211
3.12,-4.372
2.407,-4.379
0.842,-4.391
-0.262,-4.308
-0.396,-4.191
-0.219,-4.309
-1.039,0.023
-1.06,0.272
-1.05,-0.03
-1.534,0.205
-1.602,-0.043
-2.458,-0.061
-3.012,0.154
3.054,-0.08
2.93,0.264
2.74,-0.074
1.946,0.262
1.661,0.046
0.518,0.18
-0.299,-0.119
-0.582,-0.421
-0.657,-2.295
1.275,-2.454
1.094,-0.683
1.082,-1.787
0.179,-1.977
0.222,-2.117
-0.193,-1.074
-0.974,-1.196
-2.359,-1.923
-0.311,-1.177
-0.508,-1.186
2.82,-0.147
0.024,-0.337
-0.696,-3.962
-2.097,-3.971
1.424,-0.01
-1.349,1.464
-2.134,3.109
-2.176,0.815
-2.321,0.242
-2.651,0.341
-2.984,3.044
1.679,-0.753
0.093,-0.986
1.263,-0.887
0.344,3.39
0.714,-0.235
0.492,-0.576
0.481,1.484
0.426,1.059
0.443,2.003
0.192,1.229
0.357,1.412
0.203,1.285
0.133,1.801
0.21,1.661
0.153,1.988
-0.021,-0.485
-0.069,0.801
-0.149,1.089
-0.346,1.365
-0.222,1.363
-0.426,0.382
-0.546,-0.288
-0.627,2.056
-0.671,0.77
-0.665,-0.008
-0.584,3.08
-0.61,-0.479
-0.778,-0.079
-0.922,1.567
-0.932,0.703
-0.963,3.075
-1.003,1.005
-0.972,0.845
-1.113,-0.535
-1.167,0.834
-1.325,1.848
-1.219,1.359
-1.312,1.814
-1.336,0.683
-1.493,-0.676
-1.529,2.898
-1.479,2.309
-1.653,2.733
-1.508,2.319
-1.7,1.169
-1.993,3.174
-2.01,2.126
-1.963,0.819
-2.063,1.963
-2.111,0.494
-2.297,-0.226
-2.336,1.853
-2.388,0.18
-2.271,2.643
-2.485,2.432
-2.522,1.963
-2.414,3.123
-2.465,-0.75
-2.54,2.755
-2.675,-0.689
-2.71,2.915
-2.715,-0.596
-2.754,1.992
-2.746,2.878
-2.848,0.992
-2.783,1.423
-2.823,0.834
-2.978,0.591
-3.098,2.187
-3.126,0.68
3.086,2.251
2.781,3.223
2.784,1.821
2.783,0.269
2.574,0.293
2.479,2.404
2.529,0.585
2.484,-0.179
2.23,0.766
2.102,0.477
2.158,0.806
1.917,1.288
1.875,2.149
1.916,1.014
1.833,0.01
1.71,1.475
1.688,1.447
1.395,0.479
1.352,-0.507
1.121,2.049
1.105,1.382
0.969,-0.383
0.989,1.222
0.863,3.001
0.724,1.933
0.584,-0.965
-0.011,-1.057
-0.719,-0.801
-1.651,-0.92
-1.853,-0.804
-1.901,-0.965
-2.614,-0.972
2.104,-0.984
1.0,-0.901
0.866,-0.784
1.043,-0.902
0.223,3.43
0.202,3.679
0.212,3.377
-0.272,3.612
-0.34,3.364
-1.196,3.346
-1.75,3.561
-1.967,3.327
-2.091,3.671
-2.281,3.333
-3.075,3.669
2.923,3.453
1.78,3.587
0.963,3.288
0.68,2.986
0.605,1.112
2.537,0.953
2.356,2.724
2.344,1.62
1.441,1.43
1.484,1.29
1.069,2.333
0.288,2.211
-1.097,1.484
0.951,2.23
0.754,2.221
-2.201,3.26
1.286,3.07
0.566,-0.555
-0.835,-0.564
2.686,3.397
-0.785,1.645
-0.827,-0.649
-0.972,-1.222
-1.302,-1.123
-1.635,1.58
3.028,-2.217
1.442,-2.45
2.612,-2.351
1.693,1.926
2.063,-1.699
1.841,-2.04
1.83,0.02
1.775,-0.405
1.792,0.539
1.541,-0.235
1.706,-0.052
1.552,-0.179
1.482,0.337
1.559,0.197
1.502,0.524
1.328,-1.949
1.28,-0.663
1.2,-0.375
1.003,-0.099
1.127,-0.101
0.923,-1.082
0.803,-1.752
0.722,0.592
0.678,-0.694
0.684,-1.472
0.765,1.616
0.739,-1.943
0.571,-1.543
0.427,0.103
0.417,-0.761
0.386,1.611
0.346,-0.459
0.377,-0.619
0.236,-1.999
0.182,-0.63
0.024,0.384
0.13,-0.105
0.037,0.35
0.013,-0.781
-0.144,-2.14
-0.18,1.434
-0.13,0.845
-0.304,1.269
-0.159,0.855
-0.351,-0.295
-0.644,1.71
-0.661,0.662
-0.614,-0.645
-0.714,0.499
-0.762,-0.97
-0.948,-1.69
-0.987,0.389
-1.039,-1.284
-0.922,1.179
-1.136,0.968
-1.173,0.499
-1.065,1.659
-1.116,-2.214
-1.191,1.291
-1.326,-2.153
-1.361,1.451
-1.366,-2.06
-1.405,0.528
-1.397,1.414
-1.499,-0.472
-1.434,-0.041
-1.474,-0.63
-1.629,-0.873
-1.749,0.723
-1.777,-0.784
-1.848,0.787
-2.153,1.759
-2.15,0.357
-2.151,-1.195
-2.36,-1.171
-2.455,0.94
-2.405,-0.879
-2.45,-1.643
-2.704,-0.698
-2.832,-0.987
-2.776,-0.658
-3.017,-0.176
-3.059,0.685
-3.018,-0.45
-3.101,-1.454
3.059,0.011
3.037,-0.017
2.744,-0.985
2.701,-1.971
2.47,0.585
2.454,-0.082
2.318,-1.847
2.338,-0.242
2.212,1.537
2.073,0.469
1.933,-2.429
1.338,-2.521
0.63,-2.265
-0.302,-2.384
-0.504,-2.268
-0.552,-2.429
-1.265,-2.436
-2.83,-2.448
2.349,-2.365
2.215,-2.248
2.392,-2.366
1.572,1.966
1.551,2.215
1.561,1.913
1.077,2.148
1.009,1.9
0.153,1.882
-0.401,2.097
-0.618,1.863
-0.742,2.207
-0.932,1.869
-1.726,2.205
-2.011,1.989
3.129,2.123
2.312,1.824
2.029,1.522
1.954,-0.352
-2.397,-0.511
-2.578,1.26
-2.59,0.156
2.79,-0.034
2.833,-0.174
2.418,0.869
1.637,0.747
0.252,0.02
2.3,0.766
2.103,0.757
-0.852,1.796
2.635,1.606
1.915,-2.019
0.514,-2.028
-2.248,1.933
-0.042,-2.294
-0.187,-2.867
-0.517,-2.768
-0.85,-0.065
-2.47,-3.862
2.227,-4.095
-2.886,-3.996
2.478,0.281
2.848,-3.344
2.626,-3.685
2.615,-1.625
2.56,-2.05
2.577,-1.106
2.326,-1.88
2.491,-1.697
2.337,-1.824
2.267,-1.308
2.344,-1.448
2.287,-1.121
2.113,-3.594
2.065,-2.308
1.985,-2.02
1.788,-1.744
1.912,-1.746
1.708,-2.727
1.588,-3.397
1.507,-1.053
1.463,-2.339
1.469,-3.117
1.55,-0.029
1.524,-3.588
1.356,-3.188
1.212,-1.542
1.202,-2.406
1.171,-0.034
1.131,-2.104
1.162,-2.264
1.021,-3.644
0.967,-2.275
0.809,-1.261
0.915,-1.75
0.822,-1.295
0.798,-2.426
0.641,-3.785
0.605,-0.211
0.655,-0.8
0.481,-0.376
0.626,-0.79
0.434,-1.94
0.141,0.065
0.124,-0.983
0.171,-2.29
0.071,-1.146
0.023,-2.615
-0.163,-3.335
-0.202,-1.256
-0.254,-2.929
-0.137,-0.466
-0.351,-0.677
-0.388,-1.146
-0.28,0.014
-0.331,-3.859
-0.406,-0.354
-0.541,-3.798
-0.576,-0.194
-0.581,-3.705
-0.62,-1.117
-0.612,-0.231
-0.714,-2.117
-0.649,-1.686
-0.689,-2.275
-0.844,-2.518
-0.964,-0.922
-0.992,-2.429
-1.063,-0.858
-1.368,0.114
-1.365,-1.288
-1.366,-2.84
-1.575,-2.816
-1.67,-0.705
-1.62,-2.524
-1.665,-3.288
-1.919,-2.343
-2.047,-2.632
-1.991,-2.303
-2.232,-1.821
-2.274,-0.96
-2.233,-2.095
-2.316,-3.099
-2.439,-1.634
-2.461,-1.662
-2.754,-2.63
-2.797,-3.616
-3.028,-1.06
-3.044,-1.727
3.103,-3.492
3.123,-1.887
2.997,-0.108
2.858,-1.176
2.718,-4.074
2.123,-4.166
1.415,-3.91
0.483,-4.029
0.281,-3.913
0.233,-4.074
-0.48,-4.081
-2.045,-4.093
3.134,-4.01
3.0,-3.893
-3.106,-4.011
2.357,0.321
2.336,0.57
2.346,0.268
1.862,0.503
1.794,0.255
0.938,0.237
0.384,0.452
0.167,0.218
0.043,0.562
-0.147,0.224
-0.941,0.56
-1.226,0.344
-2.369,0.478
3.097,0.179
2.814,-0.123
2.739,-1.997
-1.612,-2.156
-1.793,-0.385
-1.805,-1.489
-2.708,-1.679
-2.665,-1.819
-3.08,-0.776
2.422,-0.898
1.037,-1.625
3.085,-0.879
2.888,-0.888
-0.067,0.151
-2.863,-0.039
2.7,-3.664
1.299,-3.673
-1.463,0.288
-0.145,-0.573
-0.475,-0.474
-0.808,2.229
-2.428,-1.568
2.269,-1.801
-2.844,-1.702
2.52,2.575
2.89,-1.05
2.668,-1.391
2.657,0.669
2.602,0.244
2.619,1.188
2.368,0.414
2.533,0.597
2.379,0.47
2.309,0.986
2.386,0.846
2.329,1.173
2.155,-1.3
2.107,-0.014
2.027,0.274
1.83,0.55
1.954,0.548
1.75,-0.433
1.63,-1.103
1.549,1.241
1.505,-0.045
1.511,-0.823
1.592,2.265
1.566,-1.294
1.398,-0.894
1.254,0.752
1.244,-0.112
1.213,2.26
1.173,0.19
1.204,0.03
1.063,-1.35
1.009,0.019
0.851,1.033
0.957,0.544
0.864,0.999
0.84,-0.132
0.683,-1.491
0.647,2.083
0.697,1.494
0.523,1.918
0.668,1.504
0.476,0.354
0.183,2.359
0.166,1.311
0.213,0.004
0.113,1.148
0.065,-0.321
-0.121,-1.041
-0.16,1.038
-0.212,-0.635
-0.095,1.828
-0.309,1.617
-0.346,1.148
-0.238,2.308
-0.289,-1.565
-0.364,1.94
-0.499,-1.504
-0.534,2.1
-0.539,-1.411
-0.578,1.177
-0.57,2.063
-0.672,0.177
-0.607,0.608
-0.647,0.019
-0.802,-0.224
-0.922,1.372
-0.95,-0.135
-1.021,1.436
-1.326,2.408
-1.323,1.006
-1.324,-0.546
-1.533,-0.522
-1.628,1.589
-1.578,-0.23
-1.623,-0.994
-1.877,-0.049
-2.005,-0.338
-1.949,-0.009
-2.19,0.473
-2.232,1.334
-2.191,0.199
-2.274,-0.805
-2.397,0.66
-2.419,0.632
-2.712,-0.336
-2.755,-1.322
-2.986,1.234
-3.002,0.567
-3.138,-1.198
-3.118,0.407
3.039,2.186
2.9,1.118
2.76,-1.78
2.165,-1.872
1.457,-1.616
0.525,-1.735
0.323,-1.619
0.275,-1.78
-0.438,-1.787
-2.003,-1.799
-3.107,-1.716
3.042,-1.599
-3.064,-1.717
2.399,2.615
2.378,2.864
2.388,2.562
1.904,2.797
1.836,2.549
0.98,2.531
0.426,2.746
0.209,2.512
0.085,2.856
-0.105,2.518
-0.899,2.854
-1.184,2.638
-2.327,2.772
3.139,2.473
2.856,2.171
2.781,0.297
-1.57,0.138
-1.751,1.909
-1.763,0.805
-2.666,0.615
-2.623,0.475
-3.038,1.518
2.464,1.396
1.079,0.669
3.127,1.415
2.93,1.406
-0.025,2.445
-2.821,2.255
2.742,-1.37
1.341,-1.379
-1.421,2.582
-0.33,0.099
-0.663,2.802
-2.283,-0.995
2.414,-1.228
-2.699,-1.129
2.665,3.148
3.035,-0.477
2.813,-0.818
2.802,1.242
2.747,0.817
2.764,1.761
2.513,0.987
2.678,1.17
2.524,1.043
2.454,1.559
2.531,1.419
2.474,1.746
2.3,-0.727
2.252,0.559
2.172,0.847
1.975,1.123
2.099,1.121
1.895,0.14
1.775,-0.53
1.694,1.814
1.65,0.528
1.656,-0.25
1.737,2.838
1.711,-0.721
1.543,-0.321
1.399,1.325
1.389,0.461
1.358,2.833
1.318,0.763
1.349,0.603
1.208,-0.777
1.154,0.592
0.996,1.606
1.102,1.117
1.009,1.572
0.985,0.441
0.828,-0.918
0.792,2.656
0.842,2.067
0.668,2.491
0.813,2.077
0.621,0.927
0.328,2.932
0.311,1.884
0.358,0.577
0.258,1.721
0.21,0.252
0.024,-0.468
-0.015,1.611
-0.067,-0.062
0.05,2.401
-0.164,2.19
-0.201,1.721
-0.093,2.881
-0.144,-0.992
-0.219,2.513
-0.354,-0.931
-0.389,2.673
-0.394,-0.838
-0.433,1.75
-0.425,2.636
-0.527,0.75
-0.462,1.181
-0.502,0.592
-0.657,0.349
-0.777,1.945
-0.805,0.438
-0.876,2.009
-1.181,2.981
-1.178,1.579
-1.179,0.027
-1.388,0.051
-1.483,2.162
-1.433,0.343
-1.478,-0.421
-1.732,0.524
-1.86,0.235
-1.804,0.564
-2.045,1.046
-2.087,1.907
-2.046,0.772
-2.129,-0.232
-2.252,1.233
-2.274,1.205
-2.567,0.237
-2.61,-0.749
-2.841,1.807
-2.857,1.14
-2.993,-0.625
-2.973,0.98
-3.099,2.759
3.045,1.691
2.905,-1.207
2.31,-1.299
1.602,-1.043
0.67,-1.162
0.468,-1.046
0.42,-1.207
-0.293,-1.214
-1.858,-1.226
-2.962,-1.143
-3.096,-1.026
-2.919,-1.144
2.544,3.188
2.523,3.437
2.533,3.135
2.049,3.37
1.981,3.122
1.125,3.104
0.571,3.319
0.354,3.085
0.23,3.429
0.04,3.091
-0.754,3.427
-1.039,3.211
-2.182,3.345
-2.999,3.046
3.001,2.744
2.926,0.87
-1.425,0.711
-1.606,2.482
-1.618,1.378
-2.521,1.188
-2.478,1.048
-2.893,2.091
2.609,1.969
1.224,1.242
-3.011,1.988
3.075,1.979
0.12,3.018
-2.676,2.828
2.887,-0.797
1.486,-0.806
-1.276,3.155
-0.333,2.703
-1.953,-1.094
2.744,-1.327
-2.369,-1.228
2.995,3.049
-2.918,-0.576
-3.14,-0.917
3.132,1.143
3.077,0.718
3.094,1.662
2.843,0.888
3.008,1.071
2.854,0.944
2.784,1.46
2.861,1.32
2.804,1.647
2.63,-0.826
2.582,0.46
2.502,0.748
2.305,1.024
2.429,1.022
2.225,0.041
2.105,-0.629
2.024,1.715
1.98,0.429
1.986,-0.349
2.067,2.739
2.041,-0.82
1.873,-0.42
1.729,1.226
1.719,0.362
1.688,2.734
1.648,0.664
1.679,0.504
1.538,-0.876
1.484,0.493
1.326,1.507
1.432,1.018
1.339,1.473
1.315,0.342
1.158,-1.017
1.122,2.557
1.172,1.968
0.998,2.392
1.143,1.978
0.951,0.828
0.658,2.833
0.641,1.785
0.688,0.478
0.588,1.622
0.54,0.153
0.354,-0.567
0.315,1.512
0.263,-0.161
0.38,2.302
0.166,2.091
0.129,1.622
0.237,2.782
0.186,-1.091
0.111,2.414
-0.024,-1.03
-0.059,2.574
-0.064,-0.937
-0.103,1.651
-0.095,2.537
-0.197,0.651
-0.132,1.082
-0.172,0.493
-0.327,0.25
-0.447,1.846
-0.475,0.339
-0.546,1.91
-0.851,2.882
-0.848,1.48
-0.849,-0.072
-1.058,-0.048
-1.153,2.063
-1.103,0.244
-1.148,-0.52
-1.402,0.425
-1.53,0.136
-1.474,0.465
-1.715,0.947
-1.757,1.808
-1.716,0.673
-1.799,-0.331
-1.922,1.134
-1.944,1.106
-2.237,0.138
-2.28,-0.848
-2.511,1.708
-2.527,1.041
-2.663,-0.724
-2.643,0.881
-2.769,2.66
-2.908,1.592
-3.048,-1.306
2.64,-1.398
1.932,-1.142
1.0,-1.261
0.798,-1.145
0.75,-1.306
0.037,-1.313
-1.528,-1.325
-2.632,-1.242
-2.766,-1.125
-2.589,-1.243
2.874,3.089
2.853,3.338
2.863,3.036
2.379,3.271
2.311,3.023
1.455,3.005
0.901,3.22
0.684,2.986
0.56,3.33
0.37,2.992
-0.424,3.328
-0.709,3.112
-1.852,3.246
-2.669,2.947
-2.952,2.645
-3.027,0.771
-1.095,0.612
-1.276,2.383
-1.288,1.279
-2.191,1.089
-2.148,0.949
-2.563,1.992
2.939,1.87
1.554,1.143
-2.681,1.889
-2.878,1.88
0.45,2.919
-2.346,2.729
-3.066,-0.896
1.816,-0.905
-0.946,3.056
-1.62,-3.797
3.077,-4.03
-2.036,-3.931
-2.955,0.346
-2.585,-3.279
-2.807,-3.62
-2.818,-1.56
-2.873,-1.985
-2.856,-1.041
-3.107,-1.815
-2.942,-1.632
-3.096,-1.759
3.117,-1.243
-3.089,-1.383
3.137,-1.056
2.963,-3.529
2.915,-2.243
2.835,-1.955
2.638,-1.679
2.762,-1.681
2.558,-2.662
2.438,-3.332
2.357,-0.988
2.313,-2.274
2.319,-3.052
2.4,0.036
2.374,-3.523
2.206,-3.123
2.062,-1.477
2.052,-2.341
2.021,0.031
1.981,-2.039
2.012,-2.199
1.871,-3.579
1.817,-2.21
1.659,-1.196
1.765,-1.685
1.672,-1.23
1.648,-2.361
1.491,-3.72
1.455,-0.146
1.505,-0.735
1.331,-0.311
1.476,-0.725
1.284,-1.875
0.991,0.13
0.974,-0.918
1.021,-2.225
0.921,-1.081
0.873,-2.55
0.687,-3.27
0.648,-1.191
0.596,-2.864
0.713,-0.401
0.499,-0.612
0.462,-1.081
0.57,0.079
0.519,-3.794
0.444,-0.289
0.309,-3.733
0.274,-0.129
0.269,-3.64
0.23,-1.052
0.238,-0.166
0.136,-2.052
0.201,-1.621
0.161,-2.21
0.006,-2.453
-0.114,-0.857
-0.142,-2.364
-0.213,-0.793
-0.518,0.179
-0.515,-1.223
-0.516,-2.775
-0.725,-2.751
-0.82,-0.64
-0.77,-2.459
-0.815,-3.223
-1.069,-2.278
-1.197,-2.567
-1.141,-2.238
-1.382,-1.756
-1.424,-0.895
-1.383,-2.03
-1.466,-3.034
-1.589,-1.569
-1.611,-1.597
-1.904,-2.565
-1.947,-3.551
-2.178,-0.995
-2.194,-1.662
-2.33,-3.427
-2.31,-1.822
-2.436,-0.043
-2.575,-1.111
-2.715,-4.009
2.973,-4.101
2.265,-3.845
1.333,-3.964
1.131,-3.848
1.083,-4.009
0.37,-4.016
-1.195,-4.028
-2.299,-3.945
-2.433,-3.828
-2.256,-3.946
-3.076,0.386
-3.097,0.635
-3.087,0.333
2.712,0.568
2.644,0.32
1.788,0.302
1.234,0.517
1.017,0.283
0.893,0.627
0.703,0.289
-0.091,0.625
-0.376,0.409
-1.519,0.543
-2.336,0.244
-2.619,-0.058
-2.694,-1.932
-0.762,-2.091
-0.943,-0.32
-0.955,-1.424
-1.858,-1.614
-1.815,-1.754
-2.23,-0.711
-3.011,-0.833
1.887,-1.56
-2.348,-0.814
-2.545,-0.823
0.783,0.216
-2.013,0.026
-2.733,-3.599
2.149,-3.608
-0.613,0.353
-1.586,-0.233
-0.416,-0.134
-1.335,4.143
-0.965,0.518
-1.187,0.177
-1.198,2.237
-1.253,1.812
-1.236,2.756
-1.487,1.982
-1.322,2.165
-1.476,2.038
-1.546,2.554
-1.469,2.414
-1.526,2.741
-1.7,0.268
-1.748,1.554
-1.828,1.842
-2.025,2.118
-1.901,2.116
-2.105,1.135
-2.225,0.465
-2.306,2.809
-2.35,1.523
-2.344,0.745
-2.263,3.833
-2.289,0.274
-2.457,0.674
-2.601,2.32
-2.611,1.456
-2.642,3.828
-2.682,1.758
-2.651,1.598
-2.792,0.218
-2.846,1.587
-3.004,2.601
-2.898,2.112
-2.991,2.567
-3.015,1.436
3.111,0.077
3.075,3.651
3.125,3.062
2.951,3.486
3.096,3.072
2.904,1.922
2.611,3.927
2.594,2.879
2.641,1.572
2.541,2.716
2.493,1.247
2.307,0.527
2.268,2.606
2.216,0.933
2.333,3.396
2.119,3.185
2.082,2.716
2.19,3.876
2.139,0.003
2.064,3.508
1.929,0.064
1.894,3.668
1.889,0.157
1.85,2.745
1.858,3.631
1.756,1.745
1.821,2.176
1.781,1.587
1.626,1.344
1.506,2.94
1.478,1.433
1.407,3.004
1.102,3.976
1.105,2.574
1.104,1.022
0.895,1.046
0.8,3.157
0.85,1.338
0.805,0.574
0.551,1.519
0.423,1.23
0.479,1.559
0.238,2.041
0.196,2.902
0.237,1.767
0.154,0.763
0.031,2.228
0.009,2.2
-0.284,1.232
-0.327,0.246
-0.558,2.802
-0.574,2.135
-0.71,0.37
-0.69,1.975
-0.816,3.754
-0.955,2.686
-1.095,-0.212
-1.69,-0.304
-2.398,-0.048
2.953,-0.167
2.751,-0.051
2.703,-0.212
1.99,-0.219
0.425,-0.231
-0.679,-0.148
-0.813,-0.031
-0.636,-0.149
-1.456,4.183
-1.477,4.432
-1.467,4.13
-1.951,4.365
-2.019,4.117
-2.875,4.099
2.854,4.314
2.637,4.08
2.513,4.424
2.323,4.086
1.529,4.422
1.244,4.206
0.101,4.34
-0.716,4.041
-0.999,3.739
-1.074,1.865
0.858,1.706
0.677,3.477
0.665,2.373
-0.238,2.183
-0.195,2.043
-0.61,3.086
-1.391,2.964
-2.776,2.237
-0.728,2.983
-0.925,2.974
2.403,4.013
-0.393,3.823
-1.113,0.198
-2.514,0.189
1.007,4.15
1.17,0.099
0.251,4.376
0.621,0.751
0.399,0.41
0.388,2.47
0.333,2.045
0.35,2.989
0.099,2.215
0.264,2.398
0.11,2.271
0.04,2.787
0.117,2.647
0.06,2.974
-0.114,0.501
-0.162,1.787
-0.242,2.075
-0.439,2.351
-0.315,2.349
-0.519,1.368
-0.639,0.698
-0.72,3.042
-0.764,1.756
-0.758,0.978
-0.677,4.066
-0.703,0.507
-0.871,0.907
-1.015,2.553
-1.025,1.689
-1.056,4.061
-1.096,1.991
-1.065,1.831
-1.206,0.451
-1.26,1.82
-1.418,2.834
-1.312,2.345
-1.405,2.8
-1.429,1.669
-1.586,0.31
-1.622,3.884
-1.572,3.295
-1.746,3.719
-1.601,3.305
-1.793,2.155
-2.086,4.16
-2.103,3.112
-2.056,1.805
-2.156,2.949
-2.204,1.48
-2.39,0.76
-2.429,2.839
-2.481,1.166
-2.364,3.629
-2.578,3.418
-2.615,2.949
-2.507,4.109
-2.558,0.236
-2.633,3.741
-2.768,0.297
-2.803,3.901
-2.808,0.39
-2.847,2.978
-2.839,3.864
-2.941,1.978
-2.876,2.409
-2.916,1.82
-3.071,1.577
3.092,3.173
3.064,1.666
2.993,3.237
2.688,4.209
2.691,2.807
2.69,1.255
2.481,1.279
2.386,3.39
2.436,1.571
2.391,0.807
2.137,1.752
2.009,1.463
2.065,1.792
1.824,2.274
1.782,3.135
1.823,2.0
1.74,0.996
1.617,2.461
1.595,2.433
1.302,1.465
1.259,0.479
1.028,3.035
1.012,2.368
0.876,0.603
0.896,2.208
0.77,3.987
0.631,2.919
0.491,0.021
-0.104,-0.071
-0.812,0.185
-1.744,0.066
-1.946,0.182
-1.994,0.021
-2.707,0.014
2.011,0.002
0.907,0.085
0.773,0.202
0.95,0.084
0.13,4.416
0.109,4.665
0.119,4.363
-0.365,4.598
-0.433,4.35
-1.289,4.332
-1.843,4.547
-2.06,4.313
-2.184,4.657
-2.374,4.319
3.115,4.655
2.83,4.439
1.687,4.573
0.87,4.274
0.587,3.972
0.512,2.098
2.444,1.939
2.263,3.71
2.251,2.606
1.348,2.416
1.391,2.276
0.976,3.319
0.195,3.197
-1.19,2.47
0.858,3.216
0.661,3.207
-2.294,4.246
1.193,4.056
0.473,0.431
-0.928,0.422
2.593,4.383
-0.919,4.277
-0.549,0.652
-0.771,0.311
-0.782,2.371
-0.837,1.946
-0.82,2.89
-1.071,2.116
-0.906,2.299
-1.06,2.172
-1.13,2.688
-1.053,2.548
-1.11,2.875
-1.284,0.402
-1.332,1.688
-1.412,1.976
-1.609,2.252
-1.485,2.25
-1.689,1.269
-1.809,0.599
-1.89,2.943
-1.934,1.657
-1.928,0.879
-1.847,3.967
-1.873,0.408
-2.041,0.808
-2.185,2.454
-2.195,1.59
-2.226,3.962
-2.266,1.892
-2.235,1.732
-2.376,0.352
-2.43,1.721
-2.588,2.735
-2.482,2.246
-2.575,2.701
-2.599,1.57
-2.756,0.211
-2.792,3.785
-2.742,3.196
-2.916,3.62
-2.771,3.206
-2.963,2.056
3.027,4.061
3.01,3.013
3.057,1.706
2.957,2.85
2.909,1.381
2.723,0.661
2.684,2.74
2.632,1.067
2.749,3.53
2.535,3.319
2.498,2.85
2.606,4.01
2.555,0.137
2.48,3.642
2.345,0.198
2.31,3.802
2.305,0.291
2.266,2.879
2.274,3.765
2.172,1.879
2.237,2.31
2.197,1.721
2.042,1.478
1.922,3.074
1.894,1.567
1.823,3.138
1.518,4.11
1.521,2.708
1.52,1.156
1.311,1.18
1.216,3.291
1.266,1.472
1.221,0.708
0.967,1.653
0.839,1.364
0.895,1.693
0.654,2.175
0.612,3.036
0.653,1.901
0.57,0.897
0.447,2.362
0.425,2.334
0.132,1.366
0.089,0.38
-0.142,2.936
-0.158,2.269
-0.294,0.504
-0.274,2.109
-0.4,3.888
-0.539,2.82
-0.679,-0.078
-1.274,-0.17
-1.982,0.086
-2.914,-0.033
-3.116,0.083
3.119,-0.078
2.406,-0.085
0.841,-0.097
-0.263,-0.014
-0.397,0.103
-0.22,-0.015
-1.04,4.317
-1.061,4.566
-1.051,4.264
-1.535,4.499
-1.603,4.251
-2.459,4.233
-3.013,4.448
3.053,4.214
2.929,4.558
2.739,4.22
1.945,4.556
1.66,4.34
0.517,4.474
-0.3,4.175
-0.583,3.873
-0.658,1.999
1.274,1.84
1.093,3.611
1.081,2.507
0.178,2.317
0.221,2.177
-0.194,3.22
-0.975,3.098
-2.36,2.371
-0.312,3.117
-0.509,3.108
2.819,4.147
0.023,3.957
-0.697,0.332
-2.098,0.323
1.423,4.284
0.37,-3.625
0.148,-3.966
0.137,-1.906
0.082,-2.331
0.099,-1.387
-0.152,-2.161
0.013,-1.978
-0.141,-2.105
-0.211,-1.589
-0.134,-1.729
-0.191,-1.402
-0.365,-3.875
-0.413,-2.589
-0.493,-2.301
-0.69,-2.025
-0.566,-2.027
-0.77,-3.008
-0.89,-3.678
-0.971,-1.334
-1.015,-2.62
-1.009,-3.398
-0.928,-0.31
-0.954,-3.869
-1.122,-3.469
-1.266,-1.823
-1.276,-2.687
-1.307,-0.315
-1.347,-2.385
-1.316,-2.545
-1.457,-3.925
-1.511,-2.556
-1.669,-1.542
-1.563,-2.031
-1.656,-1.576
-1.68,-2.707
-1.837,-4.066
-1.873,-0.492
-1.823,-1.081
-1.997,-0.657
-1.852,-1.071
-2.044,-2.221
-2.337,-0.216
-2.354,-1.264
-2.307,-2.571
-2.407,-1.427
-2.455,-2.896
-2.641,-3.616
-2.68,-1.537
-2.732,-3.21
-2.615,-0.747
-2.829,-0.958
-2.866,-1.427
-2.758,-0.267
-2.809,-4.14
-2.884,-0.635
-3.019,-4.079
-3.054,-0.475
-3.059,-3.986
-3.098,-1.398
-3.09,-0.512
3.091,-2.398
-3.127,-1.967
3.116,-2.556
2.961,-2.799
2.841,-1.203
2.813,-2.71
2.742,-1.139
2.437,-0.167
2.44,-1.569
2.439,-3.121
2.23,-3.097
2.135,-0.986
2.185,-2.805
2.14,-3.569
1.886,-2.624
1.758,-2.913
1.814,-2.584
1.573,-2.102
1.531,-1.241
1.572,-2.376
1.489,-3.38
1.366,-1.915
1.344,-1.943
1.051,-2.911
1.008,-3.897
0.777,-1.341
0.761,-2.008
0.625,-3.773
0.645,-2.168
0.519,-0.389
0.38,-1.457
0.24,-4.355
-0.355,-4.447
-1.063,-4.191
-1.995,-4.31
-2.197,-4.194
-2.245,-4.355
-2.958,-4.362
1.76,-4.374
0.656,-4.291
0.522,-4.174
0.699,-4.292
-0.121,0.04
-0.142,0.289
-0.132,-0.013
-0.616,0.222
-0.684,-0.026
-1.54,-0.044
-2.094,0.171
-2.311,-0.063
-2.435,0.281
-2.625,-0.057
2.864,0.279
2.579,0.063
1.436,0.197
0.619,-0.102
0.336,-0.404
0.261,-2.278
2.193,-2.437
2.012,-0.666
2.0,-1.77
1.097,-1.96
1.14,-2.1
0.725,-1.057
-0.056,-1.179
-1.441,-1.906
0.607,-1.16
0.41,-1.169
-2.545,-0.13
0.942,-0.32
0.222,-3.945
-1.179,-3.954
2.342,0.007
-0.222,-0.341
-0.233,1.719
-0.288,1.294
-0.271,2.238
-0.522,1.464
-0.357,1.647
-0.511,1.52
-0.581,2.036
-0.504,1.896
-0.561,2.223
-0.735,-0.25
-0.783,1.036
-0.863,1.324
-1.06,1.6
-0.936,1.598
-1.14,0.617
-1.26,-0.053
-1.341,2.291
-1.385,1.005
-1.379,0.227
-1.298,3.315
-1.324,-0.244
-1.492,0.156
-1.636,1.802
-1.646,0.938
-1.677,3.31
-1.717,1.24
-1.686,1.08
-1.827,-0.3
-1.881,1.069
-2.039,2.083
-1.933,1.594
-2.026,2.049
-2.05,0.918
-2.207,-0.441
-2.243,3.133
-2.193,2.544
-2.367,2.968
-2.222,2.554
-2.414,1.404
-2.707,3.409
-2.724,2.361
-2.677,1.054
-2.777,2.198
-2.825,0.729
-3.011,0.009
-3.05,2.088
-3.102,0.415
-2.985,2.878
3.084,2.667
3.047,2.198
-3.128,3.358
3.104,-0.515
3.029,2.99
2.894,-0.454
2.859,3.15
2.854,-0.361
2.815,2.227
2.823,3.113
2.721,1.227
2.786,1.658
2.746,1.069
2.591,0.826
2.471,2.422
2.443,0.915
2.372,2.486
2.067,3.458
2.07,2.056
2.069,0.504
1.86,0.528
1.765,2.639
1.815,0.82
1.77,0.056
1.516,1.001
1.388,0.712
1.444,1.041
1.203,1.523
1.161,2.384
1.202,1.249
1.119,0.245
0.996,1.71
0.974,1.682
0.681,0.714
0.638,-0.272
0.407,2.284
0.391,1.617
0.255,-0.148
0.275,1.457
0.149,3.236
0.01,2.168
-0.13,-0.73
-0.725,-0.822
-1.433,-0.566
-2.365,-0.685
-2.567,-0.569
-2.615,-0.73
2.955,-0.737
1.39,-0.749
0.286,-0.666
0.152,-0.549
0.329,-0.667
-0.491,3.665
-0.512,3.914
-0.502,3.612
-0.986,3.847
-1.054,3.599
-1.91,3.581
-2.464,3.796
-2.681,3.562
-2.805,3.906
-2.995,3.568
2.494,3.904
2.209,3.688
1.066,3.822
0.249,3.523
-0.034,3.221
-0.109,1.347
1.823,1.188
1.642,2.959
1.63,1.855
0.727,1.665
0.77,1.525
0.355,2.568
-0.426,2.446
-1.811,1.719
0.237,2.465
0.04,2.456
-2.915,3.495
0.572,3.305
-0.148,-0.32
-1.549,-0.329
1.972,3.632
-0.011,2.06
-0.066,1.635
-0.049,2.579
-0.3,1.805
-0.135,1.988
-0.289,1.861
-0.359,2.377
-0.282,2.237
-0.339,2.564
-0.513,0.091
-0.561,1.377
-0.641,1.665
-0.838,1.941
-0.714,1.939
-0.918,0.958
-1.038,0.288
-1.119,2.632
-1.163,1.346
-1.157,0.568
-1.076,3.656
-1.102,0.097
-1.27,0.497
-1.414,2.143
-1.424,1.279
-1.455,3.651
-1.495,1.581
-1.464,1.421
-1.605,0.041
-1.659,1.41
-1.817,2.424
-1.711,1.935
-1.804,2.39
-1.828,1.259
-1.985,-0.1
-2.021,3.474
-1.971,2.885
-2.145,3.309
-2.0,2.895
-2.192,1.745
-2.485,3.75
-2.502,2.702
-2.455,1.395
-2.555,2.539
-2.603,1.07
-2.789,0.35
-2.828,2.429
-2.88,0.756
-2.763,3.219
-2.977,3.008
-3.014,2.539
-2.906,3.699
-2.957,-0.174
-3.032,3.331
3.116,-0.113
3.081,3.491
3.076,-0.02
3.037,2.568
3.045,3.454
2.943,1.568
3.008,1.999
2.968,1.41
2.813,1.167
2.693,2.763
2.665,1.256
2.594,2.827
2.289,3.799
2.292,2.397
2.291,0.845
2.082,0.869
1.987,2.98
2.037,1.161
1.992,0.397
1.738,1.342
1.61,1.053
1.666,1.382
1.425,1.864
1.383,2.725
1.424,1.59
1.341,0.586
1.218,2.051
1.196,2.023
0.903,1.055
0.86,0.069
0.629,2.625
0.613,1.958
0.477,0.193
0.497,1.798
0.371,3.577
0.232,2.509
0.092,-0.389
-0.503,-0.481
-1.211,-0.225
-2.143,-0.344
-2.345,-0.228
-2.393,-0.389
-3.106,-0.396
1.612,-0.408
0.508,-0.325
0.374,-0.208
0.551,-0.326
-0.269,4.006
-0.29,4.255
-0.28,3.953
-0.764,4.188
-0.832,3.94
-1.688,3.922
-2.242,4.137
-2.459,3.903
-2.583,4.247
-2.773,3.909
2.716,4.245
2.431,4.029
1.288,4.163
0.471,3.864
0.188,3.562
0.113,1.688
2.045,1.529
1.864,3.3
1.852,2.196
0.949,2.006
0.992,1.866
0.577,2.909
-0.204,2.787
-1.589,2.06
0.459,2.806
0.262,2.797
-2.693,3.836
0.794,3.646
0.074,0.021
-1.327,0.012
2.194,3.973
-0.055,-0.425
-0.038,0.519
-0.289,-0.255
-0.124,-0.072
-0.278,-0.199
-0.348,0.317
-0.271,0.177
-0.328,0.504
-0.502,-1.969
-0.55,-0.683
-0.63,-0.395
-0.827,-0.119
-0.703,-0.121
-0.907,-1.102
-1.027,-1.772
-1.108,0.572
-1.152,-0.714
-1.146,-1.492
-1.065,1.596
-1.091,-1.963
-1.259,-1.563
-1.403,0.083
-1.413,-0.781
-1.444,1.591
-1.484,-0.479
-1.453,-0.639
-1.594,-2.019
-1.648,-0.65
-1.806,0.364
-1.7,-0.125
-1.793,0.33
-1.817,-0.801
-1.974,-2.16
-2.01,1.414
-1.96,0.825
-2.134,1.249
-1.989,0.835
-2.181,-0.315
-2.474,1.69
-2.491,0.642
-2.444,-0.665
-2.544,0.479
-2.592,-0.99
-2.778,-1.71
-2.817,0.369
-2.869,-1.304
-2.752,1.159
-2.966,0.948
-3.003,0.479
-2.895,1.639
-2.946,-2.234
-3.021,1.271
3.127,-2.173
3.092,1.431
3.087,-2.08
3.048,0.508
3.056,1.394
2.954,-0.492
3.019,-0.061
2.979,-0.65
2.824,-0.893
2.704,0.703
2.676,-0.804
2.605,0.767
2.3,1.739
2.303,0.337
2.302,-1.215
2.093,-1.191
1.998,0.92
2.048,-0.899
2.003,-1.663
1.749,-0.718
1.621,-1.007
1.677,-0.678
1.436,-0.196
1.394,0.665
1.435,-0.47
1.352,-1.474
1.229,-0.009
1.207,-0.037
0.914,-1.005
0.871,-1.991
0.64,0.565
0.624,-0.102
0.488,-1.867
0.508,-0.262
0.382,1.517
0.243,0.449
0.103,-2.449
-0.492,-2.541
-1.2,-2.285
-2.132,-2.404
-2.334,-2.288
-2.382,-2.449
-3.095,-2.456
1.623,-2.468
0.519,-2.385
0.385,-2.268
0.562,-2.386
-0.258,1.946
-0.279,2.195
-0.269,1.893
-0.753,2.128
-0.821,1.88
-1.677,1.862
-2.231,2.077
-2.448,1.843
-2.572,2.187
-2.762,1.849
2.727,2.185
2.442,1.969
1.299,2.103
0.482,1.804
0.199,1.502
0.124,-0.372
2.056,-0.531
1.875,1.24
1.863,0.136
0.96,-0.054
1.003,-0.194
0.588,0.849
-0.193,0.727
-1.578,0.0
0.47,0.746
0.273,0.737
-2.682,1.776
0.805,1.586
0.085,-2.039
-1.316,-2.048
2.205,1.913
0.017,0.944
-0.234,0.17
-0.069,0.353
-0.223,0.226
-0.293,0.742
-0.216,0.602
-0.273,0.929
-0.447,-1.544
-0.495,-0.258
-0.575,0.03
-0.772,0.306
-0.648,0.304
-0.852,-0.677
-0.972,-1.347
-1.053,0.997
-1.097,-0.289
-1.091,-1.067
-1.01,2.021
-1.036,-1.538
-1.204,-1.138
-1.348,0.508
-1.358,-0.356
-1.389,2.016
-1.429,-0.054
-1.398,-0.214
-1.539,-1.594
-1.593,-0.225
-1.751,0.789
-1.645,0.3
-1.738,0.755
-1.762,-0.376
-1.919,-1.735
-1.955,1.839
-1.905,1.25
-2.079,1.674
-1.934,1.26
-2.126,0.11
-2.419,2.115
-2.436,1.067
-2.389,-0.24
-2.489,0.904
-2.537,-0.565
-2.723,-1.285
-2.762,0.794
-2.814,-0.879
-2.697,1.584
-2.911,1.373
-2.948,0.904
-2.84,2.064
-2.891,-1.809
-2.966,1.696
-3.101,-1.748
-3.136,1.856
-3.141,-1.655
3.103,0.933
3.111,1.819
3.009,-0.067
3.074,0.364
3.034,-0.225
2.879,-0.468
2.759,1.128
2.731,-0.379
2.66,1.192
2.355,2.164
2.358,0.762
2.357,-0.79
2.148,-0.766
2.053,1.345
2.103,-0.474
2.058,-1.238
1.804,-0.293
1.676,-0.582
1.732,-0.253
1.491,0.229
1.449,1.09
1.49,-0.045
1.407,-1.049
1.284,0.416
1.262,0.388
0.969,-0.58
0.926,-1.566
0.695,0.99
0.679,0.323
0.543,-1.442
0.563,0.163
0.437,1.942
0.298,0.874
0.158,-2.024
-0.437,-2.116
-1.145,-1.86
-2.077,-1.979
-2.279,-1.863
-2.327,-2.024
-3.04,-2.031
1.678,-2.043
0.574,-1.96
0.44,-1.843
0.617,-1.961
-0.203,2.371
-0.224,2.62
-0.214,2.318
-0.698,2.553
-0.766,2.305
-1.622,2.287
-2.176,2.502
-2.393,2.268
-2.517,2.612
-2.707,2.274
2.782,2.61
2.497,2.394
1.354,2.528
0.537,2.229
0.254,1.927
0.179,0.053
2.111,-0.106
1.93,1.665
1.918,0.561
1.015,0.371
1.058,0.231
0.643,1.274
-0.138,1.152
-1.523,0.425
0.525,1.171
0.328,1.162
-2.627,2.201
0.86,2.011
0.14,-1.614
-1.261,-1.623
2.26,2.338
-0.251,-0.774
-0.086,-0.591
-0.24,-0.718
-0.31,-0.202
-0.233,-0.342
-0.29,-0.015
-0.464,-2.488
-0.512,-1.202
-0.592,-0.914
-0.789,-0.638
-0.665,-0.64
-0.869,-1.621
-0.989,-2.291
-1.07,0.053
-1.114,-1.233
-1.108,-2.011
-1.027,1.077
-1.053,-2.482
-1.221,-2.082
-1.365,-0.436
-1.375,-1.3
-1.406,1.072
-1.446,-0.998
-1.415,-1.158
-1.556,-2.538
-1.61,-1.169
-1.768,-0.155
-1.662,-0.644
-1.755,-0.189
-1.779,-1.32
-1.936,-2.679
-1.972,0.895
-1.922,0.306
-2.096,0.73
-1.951,0.316
-2.143,-0.834
-2.436,1.171
-2.453,0.123
-2.406,-1.184
-2.506,-0.04
-2.554,-1.509
-2.74,-2.229
-2.779,-0.15
-2.831,-1.823
-2.714,0.64
-2.928,0.429
-2.965,-0.04
-2.857,1.12
-2.908,-2.753
-2.983,0.752
-3.118,-2.692
3.13,0.912
3.125,-2.599
3.086,-0.011
3.094,0.875
2.992,-1.011
3.057,-0.58
3.017,-1.169
2.862,-1.412
2.742,0.184
2.714,-1.323
2.643,0.248
2.338,1.22
2.341,-0.182
2.34,-1.734
2.131,-1.71
2.036,0.401
2.086,-1.418
2.041,-2.182
1.787,-1.237
1.659,-1.526
1.715,-1.197
1.474,-0.715
1.432,0.146
1.473,-0.989
1.39,-1.993
1.267,-0.528
1.245,-0.556
0.952,-1.524
0.909,-2.51
0.678,0.046
0.662,-0.621
0.526,-2.386
0.546,-0.781
0.42,0.998
0.281,-0.07
0.141,-2.968
-0.454,-3.06
-1.162,-2.804
-2.094,-2.923
-2.296,-2.807
-2.344,-2.968
-3.057,-2.975
1.661,-2.987
0.557,-2.904
0.423,-2.787
0.6,-2.905
-0.22,1.427
-0.241,1.676
-0.231,1.374
-0.715,1.609
-0.783,1.361
-1.639,1.343
-2.193,1.558
-2.41,1.324
-2.534,1.668
-2.724,1.33
2.765,1.666
2.48,1.45
1.337,1.584
0.52,1.285
0.237,0.983
0.162,-0.891
2.094,-1.05
1.913,0.721
1.901,-0.383
0.998,-0.573
1.041,-0.713
0.626,0.33
-0.155,0.208
-1.54,-0.519
0.508,0.227
0.311,0.218
-2.644,1.257
0.843,1.067
0.123,-2.558
-1.278,-2.567
2.243,1.394
0.165,0.183
0.011,0.056
-0.059,0.572
0.018,0.432
-0.039,0.759
-0.213,-1.714
-0.261,-0.428
-0.341,-0.14
-0.538,0.136
-0.414,0.134
-0.618,-0.847
-0.738,-1.517
-0.819,0.827
-0.863,-0.459
-0.857,-1.237
-0.776,1.851
-0.802,-1.708
-0.97,-1.308
-1.114,0.338
-1.124,-0.526
-1.155,1.846
-1.195,-0.224
-1.164,-0.384
-1.305,-1.764
-1.359,-0.395
-1.517,0.619
-1.411,0.13
-1.504,0.585
-1.528,-0.546
-1.685,-1.905
-1.721,1.669
-1.671,1.08
-1.845,1.504
-1.7,1.09
-1.892,-0.06
-2.185,1.945
-2.202,0.897
-2.155,-0.41
-2.255,0.734
-2.303,-0.735
-2.489,-1.455
-2.528,0.624
-2.58,-1.049
-2.463,1.414
-2.677,1.203
-2.714,0.734
-2.606,1.894
-2.657,-1.979
-2.732,1.526
-2.867,-1.918
-2.902,1.686
-2.907,-1.825
-2.946,0.763
-2.938,1.649
-3.04,-0.237
-2.975,0.194
-3.015,-0.395
3.113,-0.638
2.993,0.958
2.965,-0.549
2.894,1.022
2.589,1.994
2.592,0.592
2.591,-0.96
2.382,-0.936
2.287,1.175
2.337,-0.644
2.292,-1.408
2.038,-0.463
1.91,-0.752
1.966,-0.423
1.725,0.059
1.683,0.92
1.724,-0.215
1.641,-1.219
1.518,0.246
1.496,0.218
1.203,-0.75
1.16,-1.736
0.929,0.82
0.913,0.153
0.777,-1.612
0.797,-0.007
0.671,1.772
0.532,0.704
0.392,-2.194
-0.203,-2.286
-0.911,-2.03
-1.843,-2.149
-2.045,-2.033
-2.093,-2.194
-2.806,-2.201
1.912,-2.213
0.808,-2.13
0.674,-2.013
0.851,-2.131
0.031,2.201
0.01,2.45
0.02,2.148
-0.464,2.383
-0.532,2.135
-1.388,2.117
-1.942,2.332
-2.159,2.098
-2.283,2.442
-2.473,2.104
3.016,2.44
2.731,2.224
1.588,2.358
0.771,2.059
0.488,1.757
0.413,-0.117
2.345,-0.276
2.164,1.495
2.152,0.391
1.249,0.201
1.292,0.061
0.877,1.104
0.096,0.982
-1.289,0.255
0.759,1.001
0.562,0.992
-2.393,2.031
1.094,1.841
0.374,-1.784
-1.027,-1.793
2.494,2.168
-0.154,-0.127
-0.224,0.389
-0.147,0.249
-0.204,0.576
-0.378,-1.897
-0.426,-0.611
-0.506,-0.323
-0.703,-0.047
-0.579,-0.049
-0.783,-1.03
-0.903,-1.7
-0.984,0.644
-1.028,-0.642
-1.022,-1.42
-0.941,1.668
-0.967,-1.891
-1.135,-1.491
-1.279,0.155
-1.289,-0.709
-1.32,1.663
-1.36,-0.407
-1.329,-0.567
-1.47,-1.947
-1.524,-0.578
-1.682,0.436
-1.576,-0.053
-1.669,0.402
-1.693,-0.729
-1.85,-2.088
-1.886,1.486
-1.836,0.897
-2.01,1.321
-1.865,0.907
-2.057,-0.243
-2.35,1.762
-2.367,0.714
-2.32,-0.593
-2.42,0.551
-2.468,-0.918
-2.654,-1.638
-2.693,0.441
-2.745,-1.232
-2.628,1.231
-2.842,1.02
-2.879,0.551
-2.771,1.711
-2.822,-2.162
-2.897,1.343
-3.032,-2.101
-3.067,1.503
-3.072,-2.008
-3.111,0.58
-3.103,1.466
3.078,-0.42
-3.14,0.011
3.103,-0.578
2.948,-0.821
2.828,0.775
2.8,-0.732
2.729,0.839
2.424,1.811
2.427,0.409
2.426,-1.143
2.217,-1.119
2.122,0.992
2.172,-0.827
2.127,-1.591
1.873,-0.646
1.745,-0.935
1.801,-0.606
1.56,-0.124
1.518,0.737
1.559,-0.398
1.476,-1.402
1.353,0.063
1.331,0.035
1.038,-0.933
0.995,-1.919
0.764,0.637
0.748,-0.03
0.612,-1.795
0.632,-0.19
0.506,1.589
0.367,0.521
0.227,-2.377
-0.368,-2.469
-1.076,-2.213
-2.008,-2.332
-2.21,-2.216
-2.258,-2.377
-2.971,-2.384
1.747,-2.396
0.643,-2.313
0.509,-2.196
0.686,-2.314
-0.134,2.018
-0.155,2.267
-0.145,1.965
-0.629,2.2
-0.697,1.952
-1.553,1.934
-2.107,2.149
-2.324,1.915
-2.448,2.259
-2.638,1.921
2.851,2.257
2.566,2.041
1.423,2.175
0.606,1.876
0.323,1.574
0.248,-0.3
2.18,-0.459
1.999,1.312
1.987,0.208
1.084,0.018
1.127,-0.122
0.712,0.921
-0.069,0.799
-1.454,0.072
0.594,0.818
0.397,0.809
-2.558,1.848
0.929,1.658
0.209,-1.967
-1.192,-1.976
2.329,1.985
-0.07,0.516
0.007,0.376
-0.05,0.703
-0.224,-1.77
-0.272,-0.484
-0.352,-0.196
-0.549,0.08
-0.425,0.078
-0.629,-0.903
-0.749,-1.573
-0.83,0.771
-0.874,-0.515
-0.868,-1.293
-0.787,1.795
-0.813,-1.764
-0.981,-1.364
-1.125,0.282
-1.135,-0.582
-1.166,1.79
-1.206,-0.28
-1.175,-0.44
-1.316,-1.82
-1.37,-0.451
-1.528,0.563
-1.422,0.074
-1.515,0.529
-1.539,-0.602
-1.696,-1.961
-1.732,1.613
-1.682,1.024
-1.856,1.448
-1.711,1.034
-1.903,-0.116
-2.196,1.889
-2.213,0.841
-2.166,-0.466
-2.266,0.678
-2.314,-0.791
-2.5,-1.511
-2.539,0.568
-2.591,-1.105
-2.474,1.358
-2.688,1.147
-2.725,0.678
-2.617,1.838
-2.668,-2.035
-2.743,1.47
-2.878,-1.974
-2.913,1.63
-2.918,-1.881
-2.957,0.707
-2.949,1.593
-3.051,-0.293
-2.986,0.138
-3.026,-0.451
3.102,-0.694
2.982,0.902
2.954,-0.605
2.883,0.966
2.578,1.938
2.581,0.536
2.58,-1.016
2.371,-0.992
2.276,1.119
2.326,-0.7
2.281,-1.464
2.027,-0.519
1.899,-0.808
1.955,-0.479
1.714,0.003
1.672,0.864
1.713,-0.271
1.63,-1.275
1.507,0.19
1.485,0.162
1.192,-0.806
1.149,-1.792
0.918,0.764
0.902,0.097
0.766,-1.668
0.786,-0.063
0.66,1.716
0.521,0.648
0.381,-2.25
-0.214,-2.342
-0.922,-2.086
-1.854,-2.205
-2.056,-2.089
-2.104,-2.25
-2.817,-2.257
1.901,-2.269
0.797,-2.186
0.663,-2.069
0.84,-2.187
0.02,2.145
-0.001,2.394
0.009,2.092
-0.475,2.327
-0.543,2.079
-1.399,2.061
-1.953,2.276
-2.17,2.042
-2.294,2.386
-2.484,2.048
3.005,2.384
2.72,2.168
1.577,2.302
0.76,2.003
0.477,1.701
0.402,-0.173
2.334,-0.332
2.153,1.439
2.141,0.335
1.238,0.145
1.281,0.005
0.866,1.048
0.085,0.926
-1.3,0.199
0.748,0.945
0.551,0.936
-2.404,1.975
1.083,1.785
0.363,-1.84
-1.038,-1.849
2.483,2.112
0.077,-0.14
0.02,0.187
-0.154,-2.286
-0.202,-1.0
-0.282,-0.712
-0.479,-0.436
-0.355,-0.438
-0.559,-1.419
-0.679,-2.089
-0.76,0.255
-0.804,-1.031
-0.798,-1.809
-0.717,1.279
-0.743,-2.28
-0.911,-1.88
-1.055,-0.234
-1.065,-1.098
-1.096,1.274
-1.136,-0.796
-1.105,-0.956
-1.246,-2.336
-1.3,-0.967
-1.458,0.047
-1.352,-0.442
-1.445,0.013
-1.469,-1.118
-1.626,-2.477
-1.662,1.097
-1.612,0.508
-1.786,0.932
-1.641,0.518
-1.833,-0.632
-2.126,1.373
-2.143,0.325
-2.096,-0.982
-2.196,0.162
-2.244,-1.307
-2.43,-2.027
-2.469,0.052
-2.521,-1.621
-2.404,0.842
-2.618,0.631
-2.655,0.162
-2.547,1.322
-2.598,-2.551
-2.673,0.954
-2.808,-2.49
-2.843,1.114
-2.848,-2.397
-2.887,0.191
-2.879,1.077
-2.981,-0.809
-2.916,-0.378
-2.956,-0.967
-3.111,-1.21
3.052,0.386
3.024,-1.121
2.953,0.45
2.648,1.422
2.651,0.02
2.65,-1.532
2.441,-1.508
2.346,0.603
2.396,-1.216
2.351,-1.98
2.097,-1.035
1.969,-1.324
2.025,-0.995
1.784,-0.513
1.742,0.348
1.783,-0.787
1.7,-1.791
1.577,-0.326
1.555,-0.354
1.262,-1.322
1.219,-2.308
0.988,0.248
0.972,-0.419
0.836,-2.184
0.856,-0.579
0.73,1.2
0.591,0.132
0.451,-2.766
-0.144,-2.858
-0.852,-2.602
-1.784,-2.721
-1.986,-2.605
-2.034,-2.766
-2.747,-2.773
1.971,-2.785
0.867,-2.702
0.733,-2.585
0.91,-2.703
0.09,1.629
0.069,1.878
0.079,1.576
-0.405,1.811
-0.473,1.563
-1.329,1.545
-1.883,1.76
-2.1,1.526
-2.224,1.87
-2.414,1.532
3.075,1.868
2.79,1.652
1.647,1.786
0.83,1.487
0.547,1.185
0.472,-0.689
2.404,-0.848
2.223,0.923
2.211,-0.181
1.308,-0.371
1.351,-0.511
0.936,0.532
0.155,0.41
-1.23,-0.317
0.818,0.429
0.621,0.42
-2.334,1.459
1.153,1.269
0.433,-2.356
-0.968,-2.365
2.553,1.596
-0.057,0.327
-0.231,-2.146
-0.279,-0.86
-0.359,-0.572
-0.556,-0.296
-0.432,-0.298
-0.636,-1.279
-0.756,-1.949
-0.837,0.395
-0.881,-0.891
-0.875,-1.669
-0.794,1.419
-0.82,-2.14
-0.988,-1.74
-1.132,-0.094
-1.142,-0.958
-1.173,1.414
-1.213,-0.656
-1.182,-0.816
-1.323,-2.196
-1.377,-0.827
-1.535,0.187
-1.429,-0.302
-1.522,0.153
-1.546,-0.978
-1.703,-2.337
-1.739,1.237
-1.689,0.648
-1.863,1.072
-1.718,0.658
-1.91,-0.492
-2.203,1.513
-2.22,0.465
-2.173,-0.842
-2.273,0.302
-2.321,-1.167
-2.507,-1.887
-2.546,0.192
-2.598,-1.481
-2.481,0.982
-2.695,0.771
-2.732,0.302
-2.624,1.462
-2.675,-2.411
-2.75,1.094
-2.885,-2.35
-2.92,1.254
-2.925,-2.257
-2.964,0.331
-2.956,1.217
-3.058,-0.669
-2.993,-0.238
-3.033,-0.827
3.095,-1.07
2.975,0.526
2.947,-0.981
2.876,0.59
2.571,1.562
2.574,0.16
2.573,-1.392
2.364,-1.368
2.269,0.743
2.319,-1.076
2.274,-1.84
2.02,-0.895
1.892,-1.184
1.948,-0.855
1.707,-0.373
1.665,0.488
1.706,-0.647
1.623,-1.651
1.5,-0.186
1.478,-0.214
1.185,-1.182
1.142,-2.168
0.911,0.388
0.895,-0.279
0.759,-2.044
0.779,-0.439
0.653,1.34
0.514,0.272
0.374,-2.626
-0.221,-2.718
-0.929,-2.462
-1.861,-2.581
-2.063,-2.465
-2.111,-2.626
-2.824,-2.633
1.894,-2.645
0.79,-2.562
0.656,-2.445
0.833,-2.563
0.013,1.769
-0.008,2.018
0.002,1.716
-0.482,1.951
-0.55,1.703
-1.406,1.685
-1.96,1.9
-2.177,1.666
-2.301,2.01
-2.491,1.672
2.998,2.008
2.713,1.792
1.57,1.926
0.753,1.627
0.47,1.325
0.395,-0.549
2.327,-0.708
2.146,1.063
2.134,-0.041
1.231,-0.231
1.274,-0.371
0.859,0.672
0.078,0.55
-1.307,-0.177
0.741,0.569
0.544,0.56
-2.411,1.599
1.076,1.409
0.356,-2.216
-1.045,-2.225
2.476,1.736
-0.174,-2.473
-0.222,-1.187
-0.302,-0.899
-0.499,-0.623
-0.375,-0.625
-0.579,-1.606
-0.699,-2.276
-0.78,0.068
-0.824,-1.218
-0.818,-1.996
-0.737,1.092
-0.763,-2.467
-0.931,-2.067
-1.075,-0.421
-1.085,-1.285
-1.116,1.087
-1.156,-0.983
-1.125,-1.143
-1.266,-2.523
-1.32,-1.154
-1.478,-0.14
-1.372,-0.629
-1.465,-0.174
-1.489,-1.305
-1.646,-2.664
-1.682,0.91
-1.632,0.321
-1.806,0.745
-1.661,0.331
-1.853,-0.819
-2.146,1.186
-2.163,0.138
-2.116,-1.169
-2.216,-0.025
-2.264,-1.494
-2.45,-2.214
-2.489,-0.135
-2.541,-1.808
-2.424,0.655
-2.638,0.444
-2.675,-0.025
-2.567,1.135
-2.618,-2.738
-2.693,0.767
-2.828,-2.677
-2.863,0.927
-2.868,-2.584
-2.907,0.004
-2.899,0.89
-3.001,-0.996
-2.936,-0.565
-2.976,-1.154
-3.131,-1.397
3.032,0.199
3.004,-1.308
2.933,0.263
2.628,1.235
2.631,-0.167
2.63,-1.719
2.421,-1.695
2.326,0.416
2.376,-1.403
2.331,-2.167
2.077,-1.222
1.949,-1.511
2.005,-1.182
1.764,-0.7
1.722,0.161
1.763,-0.974
1.68,-1.978
1.557,-0.513
1.535,-0.541
1.242,-1.509
1.199,-2.495
0.968,0.061
0.952,-0.606
0.816,-2.371
0.836,-0.766
0.71,1.013
0.571,-0.055
0.431,-2.953
-0.164,-3.045
-0.872,-2.789
-1.804,-2.908
-2.006,-2.792
-2.054,-2.953
-2.767,-2.96
1.951,-2.972
0.847,-2.889
0.713,-2.772
0.89,-2.89
0.07,1.442
0.049,1.691
0.059,1.389
-0.425,1.624
-0.493,1.376
-1.349,1.358
-1.903,1.573
-2.12,1.339
-2.244,1.683
-2.434,1.345
3.055,1.681
2.77,1.465
1.627,1.599
0.81,1.3
0.527,0.998
0.452,-0.876
2.384,-1.035
2.203,0.736
2.191,-0.368
1.288,-0.558
1.331,-0.698
0.916,0.345
0.135,0.223
-1.25,-0.504
0.798,0.242
0.601,0.233
-2.354,1.272
1.133,1.082
0.413,-2.543
-0.988,-2.552
2.533,1.409
-0.048,1.286
-0.128,1.574
-0.325,1.85
-0.201,1.848
-0.405,0.867
-0.525,0.197
-0.606,2.541
-0.65,1.255
-0.644,0.477
-0.563,3.565
-0.589,0.006
-0.757,0.406
-0.901,2.052
-0.911,1.188
-0.942,3.56
-0.982,1.49
-0.951,1.33
-1.092,-0.05
-1.146,1.319
-1.304,2.333
-1.198,1.844
-1.291,2.299
-1.315,1.168
-1.472,-0.191
-1.508,3.383
-1.458,2.794
-1.632,3.218
-1.487,2.804
-1.679,1.654
-1.972,3.659
-1.989,2.611
-1.942,1.304
-2.042,2.448
-2.09,0.979
-2.276,0.259
-2.315,2.338
-2.367,0.665
-2.25,3.128
-2.464,2.917
-2.501,2.448
-2.393,3.608
-2.444,-0.265
-2.519,3.24
-2.654,-0.204
-2.689,3.4
-2.694,-0.111
-2.733,2.477
-2.725,3.363
-2.827,1.477
-2.762,1.908
-2.802,1.319
-2.957,1.076
-3.077,2.672
-3.105,1.165
3.107,2.736
2.802,3.708
2.805,2.306
2.804,0.754
2.595,0.778
2.5,2.889
2.55,1.07
2.505,0.306
2.251,1.251
2.123,0.962
2.179,1.291
1.938,1.773
1.896,2.634
1.937,1.499
1.854,0.495
1.731,1.96
1.709,1.932
1.416,0.964
1.373,-0.022
1.142,2.534
1.126,1.867
0.99,0.102
1.01,1.707
0.884,3.486
0.745,2.418
0.605,-0.48
0.01,-0.572
-0.698,-0.316
-1.63,-0.435
-1.832,-0.319
-1.88,-0.48
-2.593,-0.487
2.125,-0.499
1.021,-0.416
0.887,-0.299
1.064,-0.417
0.244,3.915
0.223,4.164
0.233,3.862
-0.251,4.097
-0.319,3.849
-1.175,3.831
-1.729,4.046
-1.946,3.812
-2.07,4.156
-2.26,3.818
-3.054,4.154
2.944,3.938
1.801,4.072
0.984,3.773
0.701,3.471
0.626,1.597
2.558,1.438
2.377,3.209
2.365,2.105
1.462,1.915
1.505,1.775
1.09,2.818
0.309,2.696
-1.076,1.969
0.972,2.715
0.775,2.706
-2.18,3.745
1.307,3.555
0.587,-0.07
-0.814,-0.079
2.707,3.882
-0.08,0.288
-0.277,0.564
-0.153,0.562
-0.357,-0.419
-0.477,-1.089
-0.558,1.255
-0.602,-0.031
-0.596,-0.809
-0.515,2.279
-0.541,-1.28
-0.709,-0.88
-0.853,0.766
-0.863,-0.098
-0.894,2.274
-0.934,0.204
-0.903,0.044
-1.044,-1.336
-1.098,0.033
-1.256,1.047
-1.15,0.558
-1.243,1.013
-1.267,-0.118
-1.424,-1.477
-1.46,2.097
-1.41,1.508
-1.584,1.932
-1.439,1.518
-1.631,0.368
-1.924,2.373
-1.941,1.325
-1.894,0.018
-1.994,1.162
-2.042,-0.307
-2.228,-1.027
-2.267,1.052
-2.319,-0.621
-2.202,1.842
-2.416,1.631
-2.453,1.162
-2.345,2.322
-2.396,-1.551
-2.471,1.954
-2.606,-1.49
-2.641,2.114
-2.646,-1.397
-2.685,1.191
-2.677,2.077
-2.779,0.191
-2.714,0.622
-2.754,0.033
-2.909,-0.21
-3.029,1.386
-3.057,-0.121
-3.128,1.45
2.85,2.422
2.853,1.02
2.852,-0.532
2.643,-0.508
2.548,1.603
2.598,-0.216
2.553,-0.98
2.299,-0.035
2.171,-0.324
2.227,0.005
1.986,0.487
1.944,1.348
1.985,0.213
1.902,-0.791
1.779,0.674
1.757,0.646
1.464,-0.322
1.421,-1.308
1.19,1.248
1.174,0.581
1.038,-1.184
1.058,0.421
0.932,2.2
0.793,1.132
0.653,-1.766
0.058,-1.858
-0.65,-1.602
-1.582,-1.721
-1.784,-1.605
-1.832,-1.766
-2.545,-1.773
2.173,-1.785
1.069,-1.702
0.935,-1.585
1.112,-1.703
0.292,2.629
0.271,2.878
0.281,2.576
-0.203,2.811
-0.271,2.563
-1.127,2.545
-1.681,2.76
-1.898,2.526
-2.022,2.87
-2.212,2.532
-3.006,2.868
2.992,2.652
1.849,2.786
1.032,2.487
0.749,2.185
0.674,0.311
2.606,0.152
2.425,1.923
2.413,0.819
1.51,0.629
1.553,0.489
1.138,1.532
0.357,1.41
-1.028,0.683
1.02,1.429
0.823,1.42
-2.132,2.459
1.355,2.269
0.635,-1.356
-0.766,-1.365
2.755,2.596
-0.197,0.276
-0.073,0.274
-0.277,-0.707
-0.397,-1.377
-0.478,0.967
-0.522,-0.319
-0.516,-1.097
-0.435,1.991
-0.461,-1.568
-0.629,-1.168
-0.773,0.478
-0.783,-0.386
-0.814,1.986
-0.854,-0.084
-0.823,-0.244
-0.964,-1.624
-1.018,-0.255
-1.176,0.759
-1.07,0.27
-1.163,0.725
-1.187,-0.406
-1.344,-1.765
-1.38,1.809
-1.33,1.22
-1.504,1.644
-1.359,1.23
-1.551,0.08
-1.844,2.085
-1.861,1.037
-1.814,-0.27
-1.914,0.874
-1.962,-0.595
-2.148,-1.315
-2.187,0.764
-2.239,-0.909
-2.122,1.554
-2.336,1.343
-2.373,0.874
-2.265,2.034
-2.316,-1.839
-2.391,1.666
-2.526,-1.778
-2.561,1.826
-2.566,-1.685
-2.605,0.903
-2.597,1.789
-2.699,-0.097
-2.634,0.334
-2.674,-0.255
-2.829,-0.498
-2.949,1.098
-2.977,-0.409
-3.048,1.162
2.93,2.134
2.933,0.732
2.932,-0.82
2.723,-0.796
2.628,1.315
2.678,-0.504
2.633,-1.268
2.379,-0.323
2.251,-0.612
2.307,-0.283
2.066,0.199
2.024,1.06
2.065,-0.075
1.982,-1.079
1.859,0.386
1.837,0.358
1.544,-0.61
1.501,-1.596
1.27,0.96
1.254,0.293
1.118,-1.472
1.138,0.133
1.012,1.912
0.873,0.844
0.733,-2.054
0.138,-2.146
-0.57,-1.89
-1.502,-2.009
-1.704,-1.893
-1.752,-2.054
-2.465,-2.061
2.253,-2.073
1.149,-1.99
1.015,-1.873
1.192,-1.991
0.372,2.341
0.351,2.59
0.361,2.288
-0.123,2.523
-0.191,2.275
-1.047,2.257
-1.601,2.472
-1.818,2.238
-1.942,2.582
-2.132,2.244
-2.926,2.58
3.072,2.364
1.929,2.498
1.112,2.199
0.829,1.897
0.754,0.023
2.686,-0.136
2.505,1.635
2.493,0.531
1.59,0.341
1.633,0.201
1.218,1.244
0.437,1.122
-0.948,0.395
1.1,1.141
0.903,1.132
-2.052,2.171
1.435,1.981
0.715,-1.644
-0.686,-1.653
2.835,2.308
0.124,-0.002
-0.08,-0.983
-0.2,-1.653
-0.281,0.691
-0.325,-0.595
-0.319,-1.373
-0.238,1.715
-0.264,-1.844
-0.432,-1.444
-0.576,0.202
-0.586,-0.662
-0.617,1.71
-0.657,-0.36
-0.626,-0.52
-0.767,-1.9
-0.821,-0.531
-0.979,0.483
-0.873,-0.006
-0.966,0.449
-0.99,-0.682
-1.147,-2.041
-1.183,1.533
-1.133,0.944
-1.307,1.368
-1.162,0.954
-1.354,-0.196
-1.647,1.809
-1.664,0.761
-1.617,-0.546
-1.717,0.598
-1.765,-0.871
-1.951,-1.591
-1.99,0.488
-2.042,-1.185
-1.925,1.278
-2.139,1.067
-2.176,0.598
-2.068,1.758
-2.119,-2.115
-2.194,1.39
-2.329,-2.054
-2.364,1.55
-2.369,-1.961
-2.408,0.627
-2.4,1.513
-2.502,-0.373
-2.437,0.058
-2.477,-0.531
-2.632,-0.774
-2.752,0.822
-2.78,-0.685
-2.851,0.886
3.127,1.858
3.13,0.456
3.129,-1.096
2.92,-1.072
2.825,1.039
2.875,-0.78
2.83,-1.544
2.576,-0.599
2.448,-0.888
2.504,-0.559
2.263,-0.077
2.221,0.784
2.262,-0.351
2.179,-1.355
2.056,0.11
2.034,0.082
1.741,-0.886
1.698,-1.872
1.467,0.684
1.451,0.017
1.315,-1.748
1.335,-0.143
1.209,1.636
1.07,0.568
0.93,-2.33
0.335,-2.422
-0.373,-2.166
-1.305,-2.285
-1.507,-2.169
-1.555,-2.33
-2.268,-2.337
2.45,-2.349
1.346,-2.266
1.212,-2.149
1.389,-2.267
0.569,2.065
0.548,2.314
0.558,2.012
0.074,2.247
0.006,1.999
-0.85,1.981
-1.404,2.196
-1.621,1.962
-1.745,2.306
-1.935,1.968
-2.729,2.304
-3.014,2.088
2.126,2.222
1.309,1.923
1.026,1.621
0.951,-0.253
2.883,-0.412
2.702,1.359
2.69,0.255
1.787,0.065
1.83,-0.075
1.415,0.968
0.634,0.846
-0.751,0.119
1.297,0.865
1.1,0.856
-1.855,1.895
1.632,1.705
0.912,-1.92
-0.489,-1.929
3.032,2.032
-0.204,-0.981
-0.324,-1.651
-0.405,0.693
-0.449,-0.593
-0.443,-1.371
-0.362,1.717
-0.388,-1.842
-0.556,-1.442
-0.7,0.204
-0.71,-0.66
-0.741,1.712
-0.781,-0.358
-0.75,-0.518
-0.891,-1.898
-0.945,-0.529
-1.103,0.485
-0.997,-0.004
-1.09,0.451
-1.114,-0.68
-1.271,-2.039
-1.307,1.535
-1.257,0.946
-1.431,1.37
-1.286,0.956
-1.478,-0.194
-1.771,1.811
-1.788,0.763
-1.741,-0.544
-1.841,0.6
-1.889,-0.869
-2.075,-1.589
-2.114,0.49
-2.166,-1.183
-2.049,1.28
-2.263,1.069
-2.3,0.6
-2.192,1.76
-2.243,-2.113
-2.318,1.392
-2.453,-2.052
-2.488,1.552
-2.493,-1.959
-2.532,0.629
-2.524,1.515
-2.626,-0.371
-2.561,0.06
-2.601,-0.529
-2.756,-0.772
-2.876,0.824
-2.904,-0.683
-2.975,0.888
3.003,1.86
3.006,0.458
3.005,-1.094
2.796,-1.07
2.701,1.041
2.751,-0.778
2.706,-1.542
2.452,-0.597
2.324,-0.886
2.38,-0.557
2.139,-0.075
2.097,0.786
2.138,-0.349
2.055,-1.353
1.932,0.112
1.91,0.084
1.617,-0.884
1.574,-1.87
1.343,0.686
1.327,0.019
1.191,-1.746
1.211,-0.141
1.085,1.638
0.946,0.57
0.806,-2.328
0.211,-2.42
-0.497,-2.164
-1.429,-2.283
-1.631,-2.167
-1.679,-2.328
-2.392,-2.335
2.326,-2.347
1.222,-2.264
1.088,-2.147
1.265,-2.265
0.445,2.067
0.424,2.316
0.434,2.014
-0.05,2.249
-0.118,2.001
-0.974,1.983
-1.528,2.198
-1.745,1.964
-1.869,2.308
-2.059,1.97
-2.853,2.306
-3.138,2.09
2.002,2.224
1.185,1.925
0.902,1.623
0.827,-0.251
2.759,-0.41
2.578,1.361
2.566,0.257
1.663,0.067
1.706,-0.073
1.291,0.97
0.51,0.848
-0.875,0.121
1.173,0.867
0.976,0.858
-1.979,1.897
1.508,1.707
0.788,-1.918
-0.613,-1.927
2.908,2.034
-0.12,-0.67
-0.201,1.674
-0.245,0.388
-0.239,-0.39
-0.158,2.698
-0.184,-0.861
-0.352,-0.461
-0.496,1.185
-0.506,0.321
-0.537,2.693
-0.577,0.623
-0.546,0.463
-0.687,-0.917
-0.741,0.452
-0.899,1.466
-0.793,0.977
-0.886,1.432
-0.91,0.301
-1.067,-1.058
-1.103,2.516
-1.053,1.927
-1.227,2.351
-1.082,1.937
-1.274,0.787
-1.567,2.792
-1.584,1.744
-1.537,0.437
-1.637,1.581
-1.685,0.112
-1.871,-0.608
-1.91,1.471
-1.962,-0.202
-1.845,2.261
-2.059,2.05
-2.096,1.581
-1.988,2.741
-2.039,-1.132
-2.114,2.373
-2.249,-1.071
-2.284,2.533
-2.289,-0.978
-2.328,1.61
-2.32,2.496
-2.422,0.61
-2.357,1.041
-2.397,0.452
-2.552,0.209
-2.672,1.805
-2.7,0.298
-2.771,1.869
-3.076,2.841
-3.073,1.439
-3.074,-0.113
3.0,-0.089
2.905,2.022
2.955,0.203
2.91,-0.561
2.656,0.384
2.528,0.095
2.584,0.424
2.343,0.906
2.301,1.767
2.342,0.632
2.259,-0.372
2.136,1.093
2.114,1.065
1.821,0.097
1.778,-0.889
1.547,1.667
1.531,1.0
1.395,-0.765
1.415,0.84
1.289,2.619
1.15,1.551
1.01,-1.347
0.415,-1.439
-0.293,-1.183
-1.225,-1.302
-1.427,-1.186
-1.475,-1.347
-2.188,-1.354
2.53,-1.366
1.426,-1.283
1.292,-1.166
1.469,-1.284
0.649,3.048
0.628,3.297
0.638,2.995
0.154,3.23
0.086,2.982
-0.77,2.964
-1.324,3.179
-1.541,2.945
-1.665,3.289
-1.855,2.951
-2.649,3.287
-2.934,3.071
2.206,3.205
1.389,2.906
1.106,2.604
1.031,0.73
2.963,0.571
2.782,2.342
2.77,1.238
1.867,1.048
1.91,0.908
1.495,1.951
0.714,1.829
-0.671,1.102
1.377,1.848
1.18,1.839
-1.775,2.878
1.712,2.688
0.992,-0.937
-0.409,-0.946
3.112,3.015
-0.081,2.344
-0.125,1.058
-0.119,0.28
-0.038,3.368
-0.064,-0.191
-0.232,0.209
-0.376,1.855
-0.386,0.991
-0.417,3.363
-0.457,1.293
-0.426,1.133
-0.567,-0.247
-0.621,1.122
-0.779,2.136
-0.673,1.647
-0.766,2.102
-0.79,0.971
-0.947,-0.388
-0.983,3.186
-0.933,2.597
-1.107,3.021
-0.962,2.607
-1.154,1.457
-1.447,3.462
-1.464,2.414
-1.417,1.107
-1.517,2.251
-1.565,0.782
-1.751,0.062
-1.79,2.141
-1.842,0.468
-1.725,2.931
-1.939,2.72
-1.976,2.251
-1.868,3.411
-1.919,-0.462
-1.994,3.043
-2.129,-0.401
-2.164,3.203
-2.169,-0.308
-2.208,2.28
-2.2,3.166
-2.302,1.28
-2.237,1.711
-2.277,1.122
-2.432,0.879
-2.552,2.475
-2.58,0.968
-2.651,2.539
-2.956,3.511
-2.953,2.109
-2.954,0.557
3.12,0.581
3.025,2.692
3.075,0.873
3.03,0.109
2.776,1.054
2.648,0.765
2.704,1.094
2.463,1.576
2.421,2.437
2.462,1.302
2.379,0.298
2.256,1.763
2.234,1.735
1.941,0.767
1.898,-0.219
1.667,2.337
1.651,1.67
1.515,-0.095
1.535,1.51
1.409,3.289
1.27,2.221
1.13,-0.677
0.535,-0.769
-0.173,-0.513
-1.105,-0.632
-1.307,-0.516
-1.355,-0.677
-2.068,-0.684
2.65,-0.696
1.546,-0.613
1.412,-0.496
1.589,-0.614
0.769,3.718
0.748,3.967
0.758,3.665
0.274,3.9
0.206,3.652
-0.65,3.634
-1.204,3.849
-1.421,3.615
-1.545,3.959
-1.735,3.621
-2.529,3.957
-2.814,3.741
2.326,3.875
1.509,3.576
1.226,3.274
1.151,1.4
3.083,1.241
2.902,3.012
2.89,1.908
1.987,1.718
2.03,1.578
1.615,2.621
0.834,2.499
-0.551,1.772
1.497,2.518
1.3,2.509
-1.655,3.548
1.832,3.358
1.112,-0.267
-0.289,-0.276
-3.051,3.685
-0.044,-1.286
-0.038,-2.064
0.043,1.024
0.017,-2.535
-0.151,-2.135
-0.295,-0.489
-0.305,-1.353
-0.336,1.019
-0.376,-1.051
-0.345,-1.211
-0.486,-2.591
-0.54,-1.222
-0.698,-0.208
-0.592,-0.697
-0.685,-0.242
-0.709,-1.373
-0.866,-2.732
-0.902,0.842
-0.852,0.253
-1.026,0.677
-0.881,0.263
-1.073,-0.887
-1.366,1.118
-1.383,0.07
-1.336,-1.237
-1.436,-0.093
-1.484,-1.562
-1.67,-2.282
-1.709,-0.203
-1.761,-1.876
-1.644,0.587
-1.858,0.376
-1.895,-0.093
-1.787,1.067
-1.838,-2.806
-1.913,0.699
-2.048,-2.745
-2.083,0.859
-2.088,-2.652
-2.127,-0.064
-2.119,0.822
-2.221,-1.064
-2.156,-0.633
-2.196,-1.222
-2.351,-1.465
-2.471,0.131
-2.499,-1.376
-2.57,0.195
-2.875,1.167
-2.872,-0.235
-2.873,-1.787
-3.082,-1.763
3.106,0.348
-3.127,-1.471
3.111,-2.235
2.857,-1.29
2.729,-1.579
2.785,-1.25
2.544,-0.768
2.502,0.093
2.543,-1.042
2.46,-2.046
2.337,-0.581
2.315,-0.609
2.022,-1.577
1.979,-2.563
1.748,-0.007
1.732,-0.674
1.596,-2.439
1.616,-0.834
1.49,0.945
1.351,-0.123
1.211,-3.021
0.616,-3.113
-0.092,-2.857
-1.024,-2.976
-1.226,-2.86
-1.274,-3.021
-1.987,-3.028
2.731,-3.04
1.627,-2.957
1.493,-2.84
1.67,-2.958
0.85,1.374
0.829,1.623
0.839,1.321
0.355,1.556
0.287,1.308
-0.569,1.29
-1.123,1.505
-1.34,1.271
-1.464,1.615
-1.654,1.277
-2.448,1.613
-2.733,1.397
2.407,1.531
1.59,1.232
1.307,0.93
1.232,-0.944
-3.119,-1.103
2.983,0.668
2.971,-0.436
2.068,-0.626
2.111,-0.766
1.696,0.277
0.915,0.155
-0.47,-0.572
1.578,0.174
1.381,0.165
-1.574,1.204
1.913,1.014
1.193,-2.611
-0.208,-2.62
-2.97,1.341
0.006,-0.778
0.087,2.31
0.061,-1.249
-0.107,-0.849
-0.251,0.797
-0.261,-0.067
-0.292,2.305
-0.332,0.235
-0.301,0.075
-0.442,-1.305
-0.496,0.064
-0.654,1.078
-0.548,0.589
-0.641,1.044
-0.665,-0.087
-0.822,-1.446
-0.858,2.128
-0.808,1.539
-0.982,1.963
-0.837,1.549
-1.029,0.399
-1.322,2.404
-1.339,1.356
-1.292,0.049
-1.392,1.193
-1.44,-0.276
-1.626,-0.996
-1.665,1.083
-1.717,-0.59
-1.6,1.873
-1.814,1.662
-1.851,1.193
-1.743,2.353
-1.794,-1.52
-1.869,1.985
-2.004,-1.459
-2.039,2.145
-2.044,-1.366
-2.083,1.222
-2.075,2.108
-2.177,0.222
-2.112,0.653
-2.152,0.064
-2.307,-0.179
-2.427,1.417
-2.455,-0.09
-2.526,1.481
-2.831,2.453
-2.828,1.051
-2.829,-0.501
-3.038,-0.477
-3.133,1.634
-3.083,-0.185
-3.128,-0.949
2.901,-0.004
2.773,-0.293
2.829,0.036
2.588,0.518
2.546,1.379
2.587,0.244
2.504,-0.76
2.381,0.705
2.359,0.677
2.066,-0.291
2.023,-1.277
1.792,1.279
1.776,0.612
1.64,-1.153
1.66,0.452
1.534,2.231
1.395,1.163
1.255,-1.735
0.66,-1.827
-0.048,-1.571
-0.98,-1.69
-1.182,-1.574
-1.23,-1.735
-1.943,-1.742
2.775,-1.754
1.671,-1.671
1.537,-1.554
1.714,-1.672
0.894,2.66
0.873,2.909
0.883,2.607
0.399,2.842
0.331,2.594
-0.525,2.576
-1.079,2.791
-1.296,2.557
-1.42,2.901
-1.61,2.563
-2.404,2.899
-2.689,2.683
2.451,2.817
1.634,2.518
1.351,2.216
1.276,0.342
-3.075,0.183
3.027,1.954
3.015,0.85
2.112,0.66
2.155,0.52
1.74,1.563
0.959,1.441
-0.426,0.714
1.622,1.46
1.425,1.451
-1.53,2.49
1.957,2.3
1.237,-1.325
-0.164,-1.334
-2.926,2.627
0.081,3.088
0.055,-0.471
-0.113,-0.071
-0.257,1.575
-0.267,0.711
-0.298,3.083
-0.338,1.013
-0.307,0.853
-0.448,-0.527
-0.502,0.842
-0.66,1.856
-0.554,1.367
-0.647,1.822
-0.671,0.691
-0.828,-0.668
-0.864,2.906
-0.814,2.317
-0.988,2.741
-0.843,2.327
-1.035,1.177
-1.328,3.182
-1.345,2.134
-1.298,0.827
-1.398,1.971
-1.446,0.502
-1.632,-0.218
-1.671,1.861
-1.723,0.188
-1.606,2.651
-1.82,2.44
-1.857,1.971
-1.749,3.131
-1.8,-0.742
-1.875,2.763
-2.01,-0.681
-2.045,2.923
-2.05,-0.588
-2.089,2.0
-2.081,2.886
-2.183,1.0
-2.118,1.431
-2.158,0.842
-2.313,0.599
-2.433,2.195
-2.461,0.688
-2.532,2.259
-2.837,3.231
-2.834,1.829
-2.835,0.277
-3.044,0.301
-3.139,2.412
-3.089,0.593
-3.134,-0.171
2.895,0.774
2.767,0.485
2.823,0.814
2.582,1.296
2.54,2.157
2.581,1.022
2.498,0.018
2.375,1.483
2.353,1.455
2.06,0.487
2.017,-0.499
1.786,2.057
1.77,1.39
1.634,-0.375
1.654,1.23
1.528,3.009
1.389,1.941
1.249,-0.957
0.654,-1.049
-0.054,-0.793
-0.986,-0.912
-1.188,-0.796
-1.236,-0.957
-1.949,-0.964
2.769,-0.976
1.665,-0.893
1.531,-0.776
1.708,-0.894
0.888,3.438
0.867,3.687
0.877,3.385
0.393,3.62
0.325,3.372
-0.531,3.354
-1.085,3.569
-1.302,3.335
-1.426,3.679
-1.616,3.341
-2.41,3.677
-2.695,3.461
2.445,3.595
1.628,3.296
1.345,2.994
1.27,1.12
-3.081,0.961
3.021,2.732
3.009,1.628
2.106,1.438
2.149,1.298
1.734,2.341
0.953,2.219
-0.432,1.492
1.616,2.238
1.419,2.229
-1.536,3.268
1.951,3.078
1.231,-0.547
-0.17,-0.556
-2.932,3.405
-0.026,-3.559
-0.194,-3.159
-0.338,-1.513
-0.348,-2.377
-0.379,-0.005
-0.419,-2.075
-0.388,-2.235
-0.529,-3.615
-0.583,-2.246
-0.741,-1.232
-0.635,-1.721
-0.728,-1.266
-0.752,-2.397
-0.909,-3.756
-0.945,-0.182
-0.895,-0.771
-1.069,-0.347
-0.924,-0.761
-1.116,-1.911
-1.409,0.094
-1.426,-0.954
-1.379,-2.261
-1.479,-1.117
-1.527,-2.586
-1.713,-3.306
-1.752,-1.227
-1.804,-2.9
-1.687,-0.437
-1.901,-0.648
-1.938,-1.117
-1.83,0.043
-1.881,-3.83
-1.956,-0.325
-2.091,-3.769
-2.126,-0.165
-2.131,-3.676
-2.17,-1.088
-2.162,-0.202
-2.264,-2.088
-2.199,-1.657
-2.239,-2.246
-2.394,-2.489
-2.514,-0.893
-2.542,-2.4
-2.613,-0.829
-2.918,0.143
-2.915,-1.259
-2.916,-2.811
-3.125,-2.787
3.063,-0.676
3.113,-2.495
3.068,-3.259
2.814,-2.314
2.686,-2.603
2.742,-2.274
2.501,-1.792
2.459,-0.931
2.5,-2.066
2.417,-3.07
2.294,-1.605
2.272,-1.633
1.979,-2.601
1.936,-3.587
1.705,-1.031
1.689,-1.698
1.553,-3.463
1.573,-1.858
1.447,-0.079
1.308,-1.147
1.168,-4.045
0.573,-4.137
-0.135,-3.881
-1.067,-4.0
-1.269,-3.884
-1.317,-4.045
-2.03,-4.052
2.688,-4.064
1.584,-3.981
1.45,-3.864
1.627,-3.982
0.807,0.35
0.786,0.599
0.796,0.297
0.312,0.532
0.244,0.284
-0.612,0.266
-1.166,0.481
-1.383,0.247
-1.507,0.591
-1.697,0.253
-2.491,0.589
-2.776,0.373
2.364,0.507
1.547,0.208
1.264,-0.094
1.189,-1.968
3.121,-2.127
2.94,-0.356
2.928,-1.46
2.025,-1.65
2.068,-1.79
1.653,-0.747
0.872,-0.869
-0.513,-1.596
1.535,-0.85
1.338,-0.859
-1.617,0.18
1.87,-0.01
1.15,-3.635
-0.251,-3.644
-3.013,0.317
-0.168,0.4
-0.312,2.046
-0.322,1.182
-0.353,3.554
-0.393,1.484
-0.362,1.324
-0.503,-0.056
-0.557,1.313
-0.715,2.327
-0.609,1.838
-0.702,2.293
-0.726,1.162
-0.883,-0.197
-0.919,3.377
-0.869,2.788
-1.043,3.212
-0.898,2.798
-1.09,1.648
-1.383,3.653
-1.4,2.605
-1.353,1.298
-1.453,2.442
-1.501,0.973
-1.687,0.253
-1.726,2.332
-1.778,0.659
-1.661,3.122
-1.875,2.911
-1.912,2.442
-1.804,3.602
-1.855,-0.271
-1.93,3.234
-2.065,-0.21
-2.1,3.394
-2.105,-0.117
-2.144,2.471
-2.136,3.357
-2.238,1.471
-2.173,1.902
-2.213,1.313
-2.368,1.07
-2.488,2.666
-2.516,1.159
-2.587,2.73
-2.892,3.702
-2.889,2.3
-2.89,0.748
-3.099,0.772
3.089,2.883
3.139,1.064
3.094,0.3
2.84,1.245
2.712,0.956
2.768,1.285
2.527,1.767
2.485,2.628
2.526,1.493
2.443,0.489
2.32,1.954
2.298,1.926
2.005,0.958
1.962,-0.028
1.731,2.528
1.715,1.861
1.579,0.096
1.599,1.701
1.473,3.48
1.334,2.412
1.194,-0.486
0.599,-0.578
-0.109,-0.322
-1.041,-0.441
-1.243,-0.325
-1.291,-0.486
-2.004,-0.493
2.714,-0.505
1.61,-0.422
1.476,-0.305
1.653,-0.423
0.833,3.909
0.812,4.158
0.822,3.856
0.338,4.091
0.27,3.843
-0.586,3.825
-1.14,4.04
-1.357,3.806
-1.481,4.15
-1.671,3.812
-2.465,4.148
-2.75,3.932
2.39,4.066
1.573,3.767
1.29,3.465
1.215,1.591
-3.136,1.432
2.966,3.203
2.954,2.099
2.051,1.909
2.094,1.769
1.679,2.812
0.898,2.69
-0.487,1.963
1.561,2.709
1.364,2.7
-1.591,3.739
1.896,3.549
1.176,-0.076
-0.225,-0.085
-2.987,3.876
-0.144,1.646
-0.154,0.782
-0.185,3.154
-0.225,1.084
-0.194,0.924
-0.335,-0.456
-0.389,0.913
-0.547,1.927
-0.441,1.438
-0.534,1.893
-0.558,0.762
-0.715,-0.597
-0.751,2.977
-0.701,2.388
-0.875,2.812
-0.73,2.398
-0.922,1.248
-1.215,3.253
-1.232,2.205
-1.185,0.898
-1.285,2.042
-1.333,0.573
-1.519,-0.147
-1.558,1.932
-1.61,0.259
-1.493,2.722
-1.707,2.511
-1.744,2.042
-1.636,3.202
-1.687,-0.671
-1.762,2.834
-1.897,-0.61
-1.932,2.994
-1.937,-0.517
-1.976,2.071
-1.968,2.957
-2.07,1.071
-2.005,1.502
-2.045,0.913
-2.2,0.67
-2.32,2.266
-2.348,0.759
-2.419,2.33
-2.724,3.302
-2.721,1.9
-2.722,0.348
-2.931,0.372
-3.026,2.483
-2.976,0.664
-3.021,-0.1
3.008,0.845
2.88,0.556
2.936,0.885
2.695,1.367
2.653,2.228
2.694,1.093
2.611,0.089
2.488,1.554
2.466,1.526
2.173,0.558
2.13,-0.428
1.899,2.128
1.883,1.461
1.747,-0.304
1.767,1.301
1.641,3.08
1.502,2.012
1.362,-0.886
0.767,-0.978
0.059,-0.722
-0.873,-0.841
-1.075,-0.725
-1.123,-0.886
-1.836,-0.893
2.882,-0.905
1.778,-0.822
1.644,-0.705
1.821,-0.823
1.001,3.509
0.98,3.758
0.99,3.456
0.506,3.691
0.438,3.443
-0.418,3.425
-0.972,3.64
-1.189,3.406
-1.313,3.75
-1.503,3.412
-2.297,3.748
-2.582,3.532
2.558,3.666
1.741,3.367
1.458,3.065
1.383,1.191
-2.968,1.032
3.134,2.803
3.122,1.699
2.219,1.509
2.262,1.369
1.847,2.412
1.066,2.29
-0.319,1.563
1.729,2.309
1.532,2.3
-1.423,3.339
2.064,3.149
1.344,-0.476
-0.057,-0.485
-2.819,3.476
-0.01,-0.864
-0.041,1.508
-0.081,-0.562
-0.05,-0.722
-0.191,-2.102
-0.245,-0.733
-0.403,0.281
-0.297,-0.208
-0.39,0.247
-0.414,-0.884
-0.571,-2.243
-0.607,1.331
-0.557,0.742
-0.731,1.166
-0.586,0.752
-0.778,-0.398
-1.071,1.607
-1.088,0.559
-1.041,-0.748
-1.141,0.396
-1.189,-1.073
-1.375,-1.793
-1.414,0.286
-1.466,-1.387
-1.349,1.076
-1.563,0.865
-1.6,0.396
-1.492,1.556
-1.543,-2.317
-1.618,1.188
-1.753,-2.256
-1.788,1.348
-1.793,-2.163
-1.832,0.425
-1.824,1.311
-1.926,-0.575
-1.861,-0.144
-1.901,-0.733
-2.056,-0.976
-2.176,0.62
-2.204,-0.887
-2.275,0.684
-2.58,1.656
-2.577,0.254
-2.578,-1.298
-2.787,-1.274
-2.882,0.837
-2.832,-0.982
-2.877,-1.746
-3.131,-0.801
3.024,-1.09
3.08,-0.761
2.839,-0.279
2.797,0.582
2.838,-0.553
2.755,-1.557
2.632,-0.092
2.61,-0.12
2.317,-1.088
2.274,-2.074
2.043,0.482
2.027,-0.185
1.891,-1.95
1.911,-0.345
1.785,1.434
1.646,0.366
1.506,-2.532
0.911,-2.624
0.203,-2.368
-0.729,-2.487
-0.931,-2.371
-0.979,-2.532
-1.692,-2.539
3.026,-2.551
1.922,-2.468
1.788,-2.351
1.965,-2.469
1.145,1.863
1.124,2.112
1.134,1.81
0.65,2.045
0.582,1.797
-0.274,1.779
-0.828,1.994
-1.045,1.76
-1.169,2.104
-1.359,1.766
-2.153,2.102
-2.438,1.886
2.702,2.02
1.885,1.721
1.602,1.419
1.527,-0.455
-2.824,-0.614
-3.005,1.157
-3.017,0.053
2.363,-0.137
2.406,-0.277
1.991,0.766
1.21,0.644
-0.175,-0.083
1.873,0.663
1.676,0.654
-1.279,1.693
2.208,1.503
1.488,-2.122
0.087,-2.131
-2.675,1.83
-0.031,2.372
-0.071,0.302
-0.04,0.142
-0.181,-1.238
-0.235,0.131
-0.393,1.145
-0.287,0.656
-0.38,1.111
-0.404,-0.02
-0.561,-1.379
-0.597,2.195
-0.547,1.606
-0.721,2.03
-0.576,1.616
-0.768,0.466
-1.061,2.471
-1.078,1.423
-1.031,0.116
-1.131,1.26
-1.179,-0.209
-1.365,-0.929
-1.404,1.15
-1.456,-0.523
-1.339,1.94
-1.553,1.729
-1.59,1.26
-1.482,2.42
-1.533,-1.453
-1.608,2.052
-1.743,-1.392
-1.778,2.212
-1.783,-1.299
-1.822,1.289
-1.814,2.175
-1.916,0.289
-1.851,0.72
-1.891,0.131
-2.046,-0.112
-2.166,1.484
-2.194,-0.023
-2.265,1.548
-2.57,2.52
-2.567,1.118
-2.568,-0.434
-2.777,-0.41
-2.872,1.701
-2.822,-0.118
-2.867,-0.882
-3.121,0.063
3.034,-0.226
3.09,0.103
2.849,0.585
2.807,1.446
2.848,0.311
2.765,-0.693
2.642,0.772
2.62,0.744
2.327,-0.224
2.284,-1.21
2.053,1.346
2.037,0.679
1.901,-1.086
1.921,0.519
1.795,2.298
1.656,1.23
1.516,-1.668
0.921,-1.76
0.213,-1.504
-0.719,-1.623
-0.921,-1.507
-0.969,-1.668
-1.682,-1.675
3.036,-1.687
1.932,-1.604
1.798,-1.487
1.975,-1.605
1.155,2.727
1.134,2.976
1.144,2.674
0.66,2.909
0.592,2.661
-0.264,2.643
-0.818,2.858
-1.035,2.624
-1.159,2.968
-1.349,2.63
-2.143,2.966
-2.428,2.75
2.712,2.884
1.895,2.585
1.612,2.283
1.537,0.409
-2.814,0.25
-2.995,2.021
-3.007,0.917
2.373,0.727
2.416,0.587
2.001,1.63
1.22,1.508
-0.165,0.781
1.883,1.527
1.686,1.518
-1.269,2.557
2.218,2.367
1.498,-1.258
0.097,-1.267
-2.665,2.694
-0.04,-2.07
-0.009,-2.23
-0.15,-3.61
-0.204,-2.241
-0.362,-1.227
-0.256,-1.716
-0.349,-1.261
-0.373,-2.392
-0.53,-3.751
-0.566,-0.177
-0.516,-0.766
-0.69,-0.342
-0.545,-0.756
-0.737,-1.906
-1.03,0.099
-1.047,-0.949
-1.0,-2.256
-1.1,-1.112
-1.148,-2.581
-1.334,-3.301
-1.373,-1.222
-1.425,-2.895
-1.308,-0.432
-1.522,-0.643
-1.559,-1.112
-1.451,0.048
-1.502,-3.825
-1.577,-0.32
-1.712,-3.764
-1.747,-0.16
-1.752,-3.671
-1.791,-1.083
-1.783,-0.197
-1.885,-2.083
-1.82,-1.652
-1.86,-2.241
-2.015,-2.484
-2.135,-0.888
-2.163,-2.395
-2.234,-0.824
-2.539,0.148
-2.536,-1.254
-2.537,-2.806
-2.746,-2.782
-2.841,-0.671
-2.791,-2.49
-2.836,-3.254
-3.09,-2.309
3.065,-2.598
3.121,-2.269
2.88,-1.787
2.838,-0.926
2.879,-2.061
2.796,-3.065
2.673,-1.6
2.651,-1.628
2.358,-2.596
2.315,-3.582
2.084,-1.026
2.068,-1.693
1.932,-3.458
1.952,-1.853
1.826,-0.074
1.687,-1.142
1.547,-4.04
0.952,-4.132
0.244,-3.876
-0.688,-3.995
-0.89,-3.879
-0.938,-4.04
-1.651,-4.047
3.067,-4.059
1.963,-3.976
1.829,-3.859
2.006,-3.977
1.186,0.355
1.165,0.604
1.175,0.302
0.691,0.537
0.623,0.289
-0.233,0.271
-0.787,0.486
-1.004,0.252
-1.128,0.596
-1.318,0.258
-2.112,0.594
-2.397,0.378
2.743,0.512
1.926,0.213
1.643,-0.089
1.568,-1.963
-2.783,-2.122
-2.964,-0.351
-2.976,-1.455
2.404,-1.645
2.447,-1.785
2.032,-0.742
1.251,-0.864
-0.134,-1.591
1.914,-0.845
1.717,-0.854
-1.238,0.185
2.249,-0.005
1.529,-3.63
0.128,-3.639
-2.634,0.322
0.031,-0.16
-0.11,-1.54
-0.164,-0.171
-0.322,0.843
-0.216,0.354
-0.309,0.809
-0.333,-0.322
-0.49,-1.681
-0.526,1.893
-0.476,1.304
-0.65,1.728
-0.505,1.314
-0.697,0.164
-0.99,2.169
-1.007,1.121
-0.96,-0.186
-1.06,0.958
-1.108,-0.511
-1.294,-1.231
-1.333,0.848
-1.385,-0.825
-1.268,1.638
-1.482,1.427
-1.519,0.958
-1.411,2.118
-1.462,-1.755
-1.537,1.75
-1.672,-1.694
-1.707,1.91
-1.712,-1.601
-1.751,0.987
-1.743,1.873
-1.845,-0.013
-1.78,0.418
-1.82,-0.171
-1.975,-0.414
-2.095,1.182
-2.123,-0.325
-2.194,1.246
-2.499,2.218
-2.496,0.816
-2.497,-0.736
-2.706,-0.712
-2.801,1.399
-2.751,-0.42
-2.796,-1.184
-3.05,-0.239
3.105,-0.528
-3.122,-0.199
2.92,0.283
2.878,1.144
2.919,0.009
2.836,-0.995
2.713,0.47
2.691,0.442
2.398,-0.526
2.355,-1.512
2.124,1.044
2.108,0.377
1.972,-1.388
1.992,0.217
1.866,1.996
1.727,0.928
1.587,-1.97
0.992,-2.062
0.284,-1.806
-0.648,-1.925
-0.85,-1.809
-0.898,-1.97
-1.611,-1.977
3.107,-1.989
2.003,-1.906
1.869,-1.789
2.046,-1.907
1.226,2.425
1.205,2.674
1.215,2.372
0.731,2.607
0.663,2.359
-0.193,2.341
-0.747,2.556
-0.964,2.322
-1.088,2.666
-1.278,2.328
-2.072,2.664
-2.357,2.448
2.783,2.582
1.966,2.283
1.683,1.981
1.608,0.107
-2.743,-0.052
-2.924,1.719
-2.936,0.615
2.444,0.425
2.487,0.285
2.072,1.328
1.291,1.206
-0.094,0.479
1.954,1.225
1.757,1.216
-1.198,2.255
2.289,2.065
1.569,-1.56
0.168,-1.569
-2.594,2.392
-0.141,-1.38
-0.195,-0.011
-0.353,1.003
-0.247,0.514
-0.34,0.969
-0.364,-0.162
-0.521,-1.521
-0.557,2.053
-0.507,1.464
-0.681,1.888
-0.536,1.474
-0.728,0.324
-1.021,2.329
-1.038,1.281
-0.991,-0.026
-1.091,1.118
-1.139,-0.351
-1.325,-1.071
-1.364,1.008
-1.416,-0.665
-1.299,1.798
-1.513,1.587
-1.55,1.118
-1.442,2.278
-1.493,-1.595
-1.568,1.91
-1.703,-1.534
-1.738,2.07
-1.743,-1.441
-1.782,1.147
-1.774,2.033
-1.876,0.147
-1.811,0.578
-1.851,-0.011
-2.006,-0.254
-2.126,1.342
-2.154,-0.165
-2.225,1.406
-2.53,2.378
-2.527,0.976
-2.528,-0.576
-2.737,-0.552
-2.832,1.559
-2.782,-0.26
-2.827,-1.024
-3.081,-0.079
3.074,-0.368
3.13,-0.039
2.889,0.443
2.847,1.304
2.888,0.169
2.805,-0.835
2.682,0.63
2.66,0.602
2.367,-0.366
2.324,-1.352
2.093,1.204
2.077,0.537
1.941,-1.228
1.961,0.377
1.835,2.156
1.696,1.088
1.556,-1.81
0.961,-1.902
0.253,-1.646
-0.679,-1.765
-0.881,-1.649
-0.929,-1.81
-1.642,-1.817
3.076,-1.829
1.972,-1.746
1.838,-1.629
2.015,-1.747
1.195,2.585
1.174,2.834
1.184,2.532
0.7,2.767
0.632,2.519
-0.224,2.501
-0.778,2.716
-0.995,2.482
-1.119,2.826
-1.309,2.488
-2.103,2.824
-2.388,2.608
2.752,2.742
1.935,2.443
1.652,2.141
1.577,0.267
-2.774,0.108
-2.955,1.879
-2.967,0.775
2.413,0.585
2.456,0.445
2.041,1.488
1.26,1.366
-0.125,0.639
1.923,1.385
1.726,1.376
-1.229,2.415
2.258,2.225
1.538,-1.4
0.137,-1.409
-2.625,2.552
-0.054,1.369
-0.212,2.383
-0.106,1.894
-0.199,2.349
-0.223,1.218
-0.38,-0.141
-0.416,3.433
-0.366,2.844
-0.54,3.268
-0.395,2.854
-0.587,1.704
-0.88,3.709
-0.897,2.661
-0.85,1.354
-0.95,2.498
-0.998,1.029
-1.184,0.309
-1.223,2.388
-1.275,0.715
-1.158,3.178
-1.372,2.967
-1.409,2.498
-1.301,3.658
-1.352,-0.215
-1.427,3.29
-1.562,-0.154
-1.597,3.45
-1.602,-0.061
-1.641,2.527
-1.633,3.413
-1.735,1.527
-1.67,1.958
-1.71,1.369
-1.865,1.126
-1.985,2.722
-2.013,1.215
-2.084,2.786
-2.389,3.758
-2.386,2.356
-2.387,0.804
-2.596,0.828
-2.691,2.939
-2.641,1.12
-2.686,0.356
-2.94,1.301
-3.068,1.012
-3.012,1.341
3.03,1.823
2.988,2.684
3.029,1.549
2.946,0.545
2.823,2.01
2.801,1.982
2.508,1.014
2.465,0.028
2.234,2.584
2.218,1.917
2.082,0.152
2.102,1.757
1.976,3.536
1.837,2.468
1.697,-0.43
1.102,-0.522
0.394,-0.266
-0.538,-0.385
-0.74,-0.269
-0.788,-0.43
-1.501,-0.437
-3.066,-0.449
2.113,-0.366
1.979,-0.249
2.156,-0.367
1.336,3.965
1.315,4.214
1.325,3.912
0.841,4.147
0.773,3.899
-0.083,3.881
-0.637,4.096
-0.854,3.862
-0.978,4.206
-1.168,3.868
-1.962,4.204
-2.247,3.988
2.893,4.122
2.076,3.823
1.793,3.521
1.718,1.647
-2.633,1.488
-2.814,3.259
-2.826,2.155
2.554,1.965
2.597,1.825
2.182,2.868
1.401,2.746
0.016,2.019
2.064,2.765
1.867,2.756
-1.088,3.795
2.399,3.605
1.679,-0.02
0.278,-0.029
-2.484,3.932
-0.158,1.014
-0.052,0.525
-0.145,0.98
-0.169,-0.151
-0.326,-1.51
-0.362,2.064
-0.312,1.475
-0.486,1.899
-0.341,1.485
-0.533,0.335
-0.826,2.34
-0.843,1.292
-0.796,-0.015
-0.896,1.129
-0.944,-0.34
-1.13,-1.06
-1.169,1.019
-1.221,-0.654
-1.104,1.809
-1.318,1.598
-1.355,1.129
-1.247,2.289
-1.298,-1.584
-1.373,1.921
-1.508,-1.523
-1.543,2.081
-1.548,-1.43
-1.587,1.158
-1.579,2.044
-1.681,0.158
-1.616,0.589
-1.656,0.0
-1.811,-0.243
-1.931,1.353
-1.959,-0.154
-2.03,1.417
-2.335,2.389
-2.332,0.987
-2.333,-0.565
-2.542,-0.541
-2.637,1.57
-2.587,-0.249
-2.632,-1.013
-2.886,-0.068
-3.014,-0.357
-2.958,-0.028
3.084,0.454
3.042,1.315
3.083,0.18
3.0,-0.824
2.877,0.641
2.855,0.613
2.562,-0.355
2.519,-1.341
2.288,1.215
2.272,0.548
2.136,-1.217
2.156,0.388
2.03,2.167
1.891,1.099
1.751,-1.799
1.156,-1.891
0.448,-1.635
-0.484,-1.754
-0.686,-1.638
-0.734,-1.799
-1.447,-1.806
-3.012,-1.818
2.167,-1.735
2.033,-1.618
2.21,-1.736
1.39,2.596
1.369,2.845
1.379,2.543
0.895,2.778
0.827,2.53
-0.029,2.512
-0.583,2.727
-0.8,2.493
-0.924,2.837
-1.114,2.499
-1.908,2.835
-2.193,2.619
2.947,2.753
2.13,2.454
1.847,2.152
1.772,0.278
-2.579,0.119
-2.76,1.89
-2.772,0.786
2.608,0.596
2.651,0.456
2.236,1.499
1.455,1.377
0.07,0.65
2.118,1.396
1.921,1.387
-1.034,2.426
2.453,2.236
1.733,-1.389
0.332,-1.398
-2.43,2.563
0.106,-0.489
0.013,-0.034
-0.011,-1.165
-0.168,-2.524
-0.204,1.05
-0.154,0.461
-0.328,0.885
-0.183,0.471
-0.375,-0.679
-0.668,1.326
-0.685,0.278
-0.638,-1.029
-0.738,0.115
-0.786,-1.354
-0.972,-2.074
-1.011,0.005
-1.063,-1.668
-0.946,0.795
-1.16,0.584
-1.197,0.115
-1.089,1.275
-1.14,-2.598
-1.215,0.907
-1.35,-2.537
-1.385,1.067
-1.39,-2.444
-1.429,0.144
-1.421,1.03
-1.523,-0.856
-1.458,-0.425
-1.498,-1.014
-1.653,-1.257
-1.773,0.339
-1.801,-1.168
-1.872,0.403
-2.177,1.375
-2.174,-0.027
-2.175,-1.579
-2.384,-1.555
-2.479,0.556
-2.429,-1.263
-2.474,-2.027
-2.728,-1.082
-2.856,-1.371
-2.8,-1.042
-3.041,-0.56
-3.083,0.301
-3.042,-0.834
-3.125,-1.838
3.035,-0.373
3.013,-0.401
2.72,-1.369
2.677,-2.355
2.446,0.201
2.43,-0.466
2.294,-2.231
2.314,-0.626
2.188,1.153
2.049,0.085
1.909,-2.813
1.314,-2.905
0.606,-2.649
-0.326,-2.768
-0.528,-2.652
-0.576,-2.813
-1.289,-2.82
-2.854,-2.832
2.325,-2.749
2.191,-2.632
2.368,-2.75
1.548,1.582
1.527,1.831
1.537,1.529
1.053,1.764
0.985,1.516
0.129,1.498
-0.425,1.713
-0.642,1.479
-0.766,1.823
-0.956,1.485
-1.75,1.821
-2.035,1.605
3.105,1.739
2.288,1.44
2.005,1.138
1.93,-0.736
-2.421,-0.895
-2.602,0.876
-2.614,-0.228
2.766,-0.418
2.809,-0.558
2.394,0.485
1.613,0.363
0.228,-0.364
2.276,0.382
2.079,0.373
-0.876,1.412
2.611,1.222
1.891,-2.403
0.49,-2.412
-2.272,1.549
-0.093,0.455
-0.117,-0.676
-0.274,-2.035
-0.31,1.539
-0.26,0.95
-0.434,1.374
-0.289,0.96
-0.481,-0.19
-0.774,1.815
-0.791,0.767
-0.744,-0.54
-0.844,0.604
-0.892,-0.865
-1.078,-1.585
-1.117,0.494
-1.169,-1.179
-1.052,1.284
-1.266,1.073
-1.303,0.604
-1.195,1.764
-1.246,-2.109
-1.321,1.396
-1.456,-2.048
-1.491,1.556
-1.496,-1.955
-1.535,0.633
-1.527,1.519
-1.629,-0.367
-1.564,0.064
-1.604,-0.525
-1.759,-0.768
-1.879,0.828
-1.907,-0.679
-1.978,0.892
-2.283,1.864
-2.28,0.462
-2.281,-1.09
-2.49,-1.066
-2.585,1.045
-2.535,-0.774
-2.58,-1.538
-2.834,-0.593
-2.962,-0.882
-2.906,-0.553
3.136,-0.071
3.094,0.79
3.135,-0.345
3.052,-1.349
2.929,0.116
2.907,0.088
2.614,-0.88
2.571,-1.866
2.34,0.69
2.324,0.023
2.188,-1.742
2.208,-0.137
2.082,1.642
1.943,0.574
1.803,-2.324
1.208,-2.416
0.5,-2.16
-0.432,-2.279
-0.634,-2.163
-0.682,-2.324
-1.395,-2.331
-2.96,-2.343
2.219,-2.26
2.085,-2.143
2.262,-2.261
1.442,2.071
1.421,2.32
1.431,2.018
0.947,2.253
0.879,2.005
0.023,1.987
-0.531,2.202
-0.748,1.968
-0.872,2.312
-1.062,1.974
-1.856,2.31
-2.141,2.094
2.999,2.228
2.182,1.929
1.899,1.627
1.824,-0.247
-2.527,-0.406
-2.708,1.365
-2.72,0.261
2.66,0.071
2.703,-0.069
2.288,0.974
1.507,0.852
0.122,0.125
2.17,0.871
1.973,0.862
-0.982,1.901
2.505,1.711
1.785,-1.914
0.384,-1.923
-2.378,2.038
-0.024,-1.131
-0.181,-2.49
-0.217,1.084
-0.167,0.495
-0.341,0.919
-0.196,0.505
-0.388,-0.645
-0.681,1.36
-0.698,0.312
-0.651,-0.995
-0.751,0.149
-0.799,-1.32
-0.985,-2.04
-1.024,0.039
-1.076,-1.634
-0.959,0.829
-1.173,0.618
-1.21,0.149
-1.102,1.309
-1.153,-2.564
-1.228,0.941
-1.363,-2.503
-1.398,1.101
-1.403,-2.41
-1.442,0.178
-1.434,1.064
-1.536,-0.822
-1.471,-0.391
-1.511,-0.98
-1.666,-1.223
-1.786,0.373
-1.814,-1.134
-1.885,0.437
-2.19,1.409
-2.187,0.007
-2.188,-1.545
-2.397,-1.521
-2.492,0.59
-2.442,-1.229
-2.487,-1.993
-2.741,-1.048
-2.869,-1.337
-2.813,-1.008
-3.054,-0.526
-3.096,0.335
-3.055,-0.8
-3.138,-1.804
3.022,-0.339
3.0,-0.367
2.707,-1.335
2.664,-2.321
2.433,0.235
2.417,-0.432
2.281,-2.197
2.301,-0.592
2.175,1.187
2.036,0.119
1.896,-2.779
1.301,-2.871
0.593,-2.615
-0.339,-2.734
-0.541,-2.618
-0.589,-2.779
-1.302,-2.786
-2.867,-2.798
2.312,-2.715
2.178,-2.598
2.355,-2.716
1.535,1.616
1.514,1.865
1.524,1.563
1.04,1.798
0.972,1.55
0.116,1.532
-0.438,1.747
-0.655,1.513
-0.779,1.857
-0.969,1.519
-1.763,1.855
-2.048,1.639
3.092,1.773
2.275,1.474
1.992,1.172
1.917,-0.702
-2.434,-0.861
-2.615,0.91
-2.627,-0.194
2.753,-0.384
2.796,-0.524
2.381,0.519
1.6,0.397
0.215,-0.33
2.263,0.416
2.066,0.407
-0.889,1.446
2.598,1.256
1.878,-2.369
0.477,-2.378
-2.285,1.583
-0.157,-1.359
-0.193,2.215
-0.143,1.626
-0.317,2.05
-0.172,1.636
-0.364,0.486
-0.657,2.491
-0.674,1.443
-0.627,0.136
-0.727,1.28
-0.775,-0.189
-0.961,-0.909
-1.0,1.17
-1.052,-0.503
-0.935,1.96
-1.149,1.749
-1.186,1.28
-1.078,2.44
-1.129,-1.433
-1.204,2.072
-1.339,-1.372
-1.374,2.232
-1.379,-1.279
-1.418,1.309
-1.41,2.195
-1.512,0.309
-1.447,0.74
-1.487,0.151
-1.642,-0.092
-1.762,1.504
-1.79,-0.003
-1.861,1.568
-2.166,2.54
-2.163,1.138
-2.164,-0.414
-2.373,-0.39
-2.468,1.721
-2.418,-0.098
-2.463,-0.862
-2.717,0.083
-2.845,-0.206
-2.789,0.123
-3.03,0.605
-3.072,1.466
-3.031,0.331
-3.114,-0.673
3.046,0.792
3.024,0.764
2.731,-0.204
2.688,-1.19
2.457,1.366
2.441,0.699
2.305,-1.066
2.325,0.539
2.199,2.318
2.06,1.25
1.92,-1.648
1.325,-1.74
0.617,-1.484
-0.315,-1.603
-0.517,-1.487
-0.565,-1.648
-1.278,-1.655
-2.843,-1.667
2.336,-1.584
2.202,-1.467
2.379,-1.585
1.559,2.747
1.538,2.996
1.548,2.694
1.064,2.929
0.996,2.681
0.14,2.663
-0.414,2.878
-0.631,2.644
-0.755,2.988
-0.945,2.65
-1.739,2.986
-2.024,2.77
3.116,2.904
2.299,2.605
2.016,2.303
1.941,0.429
-2.41,0.27
-2.591,2.041
-2.603,0.937
2.777,0.747
2.82,0.607
2.405,1.65
1.624,1.528
0.239,0.801
2.287,1.547
2.09,1.538
-0.865,2.577
2.622,2.387
1.902,-1.238
0.501,-1.247
-2.261,2.714
-0.036,3.574
0.014,2.985
-0.16,3.409
-0.015,2.995
-0.207,1.845
-0.5,3.85
-0.517,2.802
-0.47,1.495
-0.57,2.639
-0.618,1.17
-0.804,0.45
-0.843,2.529
-0.895,0.856
-0.778,3.319
-0.992,3.108
-1.029,2.639
-0.921,3.799
-0.972,-0.074
-1.047,3.431
-1.182,-0.013
-1.217,3.591
-1.222,0.08
-1.261,2.668
-1.253,3.554
-1.355,1.668
-1.29,2.099
-1.33,1.51
-1.485,1.267
-1.605,2.863
-1.633,1.356
-1.704,2.927
-2.009,3.899
-2.006,2.497
-2.007,0.945
-2.216,0.969
-2.311,3.08
-2.261,1.261
-2.306,0.497
-2.56,1.442
-2.688,1.153
-2.632,1.482
-2.873,1.964
-2.915,2.825
-2.874,1.69
-2.957,0.686
-3.08,2.151
-3.102,2.123
2.888,1.155
2.845,0.169
2.614,2.725
2.598,2.058
2.462,0.293
2.482,1.898
2.356,3.677
2.217,2.609
2.077,-0.289
1.482,-0.381
0.774,-0.125
-0.158,-0.244
-0.36,-0.128
-0.408,-0.289
-1.121,-0.296
-2.686,-0.308
2.493,-0.225
2.359,-0.108
2.536,-0.226
1.716,4.106
1.695,4.355
1.705,4.053
1.221,4.288
1.153,4.04
0.297,4.022
-0.257,4.237
-0.474,4.003
-0.598,4.347
-0.788,4.009
-1.582,4.345
-1.867,4.129
-3.01,4.263
2.456,3.964
2.173,3.662
2.098,1.788
-2.253,1.629
-2.434,3.4
-2.446,2.296
2.934,2.106
2.977,1.966
2.562,3.009
1.781,2.887
0.396,2.16
2.444,2.906
2.247,2.897
-0.708,3.936
2.779,3.746
2.059,0.121
0.658,0.112
-2.104,4.073
0.05,-0.589
-0.124,-0.165
0.021,-0.579
-0.171,-1.729
-0.464,0.276
-0.481,-0.772
-0.434,-2.079
-0.534,-0.935
-0.582,-2.404
-0.768,-3.124
-0.807,-1.045
-0.859,-2.718
-0.742,-0.255
-0.956,-0.466
-0.993,-0.935
-0.885,0.225
-0.936,-3.648
-1.011,-0.143
-1.146,-3.587
-1.181,0.017
-1.186,-3.494
-1.225,-0.906
-1.217,-0.02
-1.319,-1.906
-1.254,-1.475
-1.294,-2.064
-1.449,-2.307
-1.569,-0.711
-1.597,-2.218
-1.668,-0.647
-1.973,0.325
-1.97,-1.077
-1.971,-2.629
-2.18,-2.605
-2.275,-0.494
-2.225,-2.313
-2.27,-3.077
-2.524,-2.132
-2.652,-2.421
-2.596,-2.092
-2.837,-1.61
-2.879,-0.749
-2.838,-1.884
-2.921,-2.888
-3.044,-1.423
-3.066,-1.451
2.924,-2.419
2.881,-3.405
2.65,-0.849
2.634,-1.516
2.498,-3.281
2.518,-1.676
2.392,0.103
2.253,-0.965
2.113,-3.863
1.518,-3.955
0.81,-3.699
-0.122,-3.818
-0.324,-3.702
-0.372,-3.863
-1.085,-3.87
-2.65,-3.882
2.529,-3.799
2.395,-3.682
2.572,-3.8
1.752,0.532
1.731,0.781
1.741,0.479
1.257,0.714
1.189,0.466
0.333,0.448
-0.221,0.663
-0.438,0.429
-0.562,0.773
-0.752,0.435
-1.546,0.771
-1.831,0.555
-2.974,0.689
2.492,0.39
2.209,0.088
2.134,-1.786
-2.217,-1.945
-2.398,-0.174
-2.41,-1.278
2.97,-1.468
3.013,-1.608
2.598,-0.565
1.817,-0.687
0.432,-1.414
2.48,-0.668
2.283,-0.677
-0.672,0.362
2.815,0.172
2.095,-3.453
0.694,-3.462
-2.068,0.499
-0.174,0.424
-0.029,0.01
-0.221,-1.14
-0.514,0.865
-0.531,-0.183
-0.484,-1.49
-0.584,-0.346
-0.632,-1.815
-0.818,-2.535
-0.857,-0.456
-0.909,-2.129
-0.792,0.334
-1.006,0.123
-1.043,-0.346
-0.935,0.814
-0.986,-3.059
-1.061,0.446
-1.196,-2.998
-1.231,0.606
-1.236,-2.905
-1.275,-0.317
-1.267,0.569
-1.369,-1.317
-1.304,-0.886
-1.344,-1.475
-1.499,-1.718
-1.619,-0.122
-1.647,-1.629
-1.718,-0.058
-2.023,0.914
-2.02,-0.488
-2.021,-2.04
-2.23,-2.016
-2.325,0.095
-2.275,-1.724
-2.32,-2.488
-2.574,-1.543
-2.702,-1.832
-2.646,-1.503
-2.887,-1.021
-2.929,-0.16
-2.888,-1.295
-2.971,-2.299
-3.094,-0.834
-3.116,-0.862
2.874,-1.83
2.831,-2.816
2.6,-0.26
2.584,-0.927
2.448,-2.692
2.468,-1.087
2.342,0.692
2.203,-0.376
2.063,-3.274
1.468,-3.366
0.76,-3.11
-0.172,-3.229
-0.374,-3.113
-0.422,-3.274
-1.135,-3.281
-2.7,-3.293
2.479,-3.21
2.345,-3.093
2.522,-3.211
1.702,1.121
1.681,1.37
1.691,1.068
1.207,1.303
1.139,1.055
0.283,1.037
-0.271,1.252
-0.488,1.018
-0.612,1.362
-0.802,1.024
-1.596,1.36
-1.881,1.144
-3.024,1.278
2.442,0.979
2.159,0.677
2.084,-1.197
-2.267,-1.356
-2.448,0.415
-2.46,-0.689
2.92,-0.879
2.963,-1.019
2.548,0.024
1.767,-0.098
0.382,-0.825
2.43,-0.079
2.233,-0.088
-0.722,0.951
2.765,0.761
2.045,-2.864
0.644,-2.873
-2.118,1.088
0.145,-0.414
-0.047,-1.564
-0.34,0.441
-0.357,-0.607
-0.31,-1.914
-0.41,-0.77
-0.458,-2.239
-0.644,-2.959
-0.683,-0.88
-0.735,-2.553
-0.618,-0.09
-0.832,-0.301
-0.869,-0.77
-0.761,0.39
-0.812,-3.483
-0.887,0.022
-1.022,-3.422
-1.057,0.182
-1.062,-3.329
-1.101,-0.741
-1.093,0.145
-1.195,-1.741
-1.13,-1.31
-1.17,-1.899
-1.325,-2.142
-1.445,-0.546
-1.473,-2.053
-1.544,-0.482
-1.849,0.49
-1.846,-0.912
-1.847,-2.464
-2.056,-2.44
-2.151,-0.329
-2.101,-2.148
-2.146,-2.912
-2.4,-1.967
-2.528,-2.256
-2.472,-1.927
-2.713,-1.445
-2.755,-0.584
-2.714,-1.719
-2.797,-2.723
-2.92,-1.258
-2.942,-1.286
3.048,-2.254
3.005,-3.24
2.774,-0.684
2.758,-1.351
2.622,-3.116
2.642,-1.511
2.516,0.268
2.377,-0.8
2.237,-3.698
1.642,-3.79
0.934,-3.534
0.002,-3.653
-0.2,-3.537
-0.248,-3.698
-0.961,-3.705
-2.526,-3.717
2.653,-3.634
2.519,-3.517
2.696,-3.635
1.876,0.697
1.855,0.946
1.865,0.644
1.381,0.879
1.313,0.631
0.457,0.613
-0.097,0.828
-0.314,0.594
-0.438,0.938
-0.628,0.6
-1.422,0.936
-1.707,0.72
-2.85,0.854
2.616,0.555
2.333,0.253
2.258,-1.621
-2.093,-1.78
-2.274,-0.009
-2.286,-1.113
3.094,-1.303
3.137,-1.443
2.722,-0.4
1.941,-0.522
0.556,-1.249
2.604,-0.503
2.407,-0.512
-0.548,0.527
2.939,0.337
2.219,-3.288
0.818,-3.297
-1.944,0.664
-0.192,-1.15
-0.485,0.855
-0.502,-0.193
-0.455,-1.5
-0.555,-0.356
-0.603,-1.825
-0.789,-2.545
-0.828,-0.466
-0.88,-2.139
-0.763,0.324
-0.977,0.113
-1.014,-0.356
-0.906,0.804
-0.957,-3.069
-1.032,0.436
-1.167,-3.008
-1.202,0.596
-1.207,-2.915
-1.246,-0.327
-1.238,0.559
-1.34,-1.327
-1.275,-0.896
-1.315,-1.485
-1.47,-1.728
-1.59,-0.132
-1.618,-1.639
-1.689,-0.068
-1.994,0.904
-1.991,-0.498
-1.992,-2.05
-2.201,-2.026
-2.296,0.085
-2.246,-1.734
-2.291,-2.498
-2.545,-1.553
-2.673,-1.842
-2.617,-1.513
-2.858,-1.031
-2.9,-0.17
-2.859,-1.305
-2.942,-2.309
-3.065,-0.844
-3.087,-0.872
2.903,-1.84
2.86,-2.826
2.629,-0.27
2.613,-0.937
2.477,-2.702
2.497,-1.097
2.371,0.682
2.232,-0.386
2.092,-3.284
1.497,-3.376
0.789,-3.12
-0.143,-3.239
-0.345,-3.123
-0.393,-3.284
-1.106,-3.291
-2.671,-3.303
2.508,-3.22
2.374,-3.103
2.551,-3.221
1.731,1.111
1.71,1.36
1.72,1.058
1.236,1.293
1.168,1.045
0.312,1.027
-0.242,1.242
-0.459,1.008
-0.583,1.352
-0.773,1.014
-1.567,1.35
-1.852,1.134
-2.995,1.268
2.471,0.969
2.188,0.667
2.113,-1.207
-2.238,-1.366
-2.419,0.405
-2.431,-0.699
2.949,-0.889
2.992,-1.029
2.577,0.014
1.796,-0.108
0.411,-0.835
2.459,-0.089
2.262,-0.098
-0.693,0.941
2.794,0.751
2.074,-2.874
0.673,-2.883
-2.089,1.078
-0.293,2.005
-0.31,0.957
-0.263,-0.35
-0.363,0.794
-0.411,-0.675
-0.597,-1.395
-0.636,0.684
-0.688,-0.989
-0.571,1.474
-0.785,1.263
-0.822,0.794
-0.714,1.954
-0.765,-1.919
-0.84,1.586
-0.975,-1.858
-1.01,1.746
-1.015,-1.765
-1.054,0.823
-1.046,1.709
-1.148,-0.177
-1.083,0.254
-1.123,-0.335
-1.278,-0.578
-1.398,1.018
-1.426,-0.489
-1.497,1.082
-1.802,2.054
-1.799,0.652
-1.8,-0.9
-2.009,-0.876
-2.104,1.235
-2.054,-0.584
-2.099,-1.348
-2.353,-0.403
-2.481,-0.692
-2.425,-0.363
-2.666,0.119
-2.708,0.98
-2.667,-0.155
-2.75,-1.159
-2.873,0.306
-2.895,0.278
3.095,-0.69
3.052,-1.676
2.821,0.88
2.805,0.213
2.669,-1.552
2.689,0.053
2.563,1.832
2.424,0.764
2.284,-2.134
1.689,-2.226
0.981,-1.97
0.049,-2.089
-0.153,-1.973
-0.201,-2.134
-0.914,-2.141
-2.479,-2.153
2.7,-2.07
2.566,-1.953
2.743,-2.071
1.923,2.261
1.902,2.51
1.912,2.208
1.428,2.443
1.36,2.195
0.504,2.177
-0.05,2.392
-0.267,2.158
-0.391,2.502
-0.581,2.164
-1.375,2.5
-1.66,2.284
-2.803,2.418
2.663,2.119
2.38,1.817
2.305,-0.057
-2.046,-0.216
-2.227,1.555
-2.239,0.451
3.141,0.261
-3.099,0.121
2.769,1.164
1.988,1.042
0.603,0.315
2.651,1.061
2.454,1.052
-0.501,2.091
2.986,1.901
2.266,-1.724
0.865,-1.733
-1.897,2.228
-0.017,-1.048
0.03,-2.355
-0.07,-1.211
-0.118,-2.68
-0.304,-3.4
-0.343,-1.321
-0.395,-2.994
-0.278,-0.531
-0.492,-0.742
-0.529,-1.211
-0.421,-0.051
-0.472,-3.924
-0.547,-0.419
-0.682,-3.863
-0.717,-0.259
-0.722,-3.77
-0.761,-1.182
-0.753,-0.296
-0.855,-2.182
-0.79,-1.751
-0.83,-2.34
-0.985,-2.583
-1.105,-0.987
-1.133,-2.494
-1.204,-0.923
-1.509,0.049
-1.506,-1.353
-1.507,-2.905
-1.716,-2.881
-1.811,-0.77
-1.761,-2.589
-1.806,-3.353
-2.06,-2.408
-2.188,-2.697
-2.132,-2.368
-2.373,-1.886
-2.415,-1.025
-2.374,-2.16
-2.457,-3.164
-2.58,-1.699
-2.602,-1.727
-2.895,-2.695
-2.938,-3.681
3.114,-1.125
3.098,-1.792
2.962,-3.557
2.982,-1.952
2.856,-0.173
2.717,-1.241
2.577,-4.139
1.982,-4.231
1.274,-3.975
0.342,-4.094
0.14,-3.978
0.092,-4.139
-0.621,-4.146
-2.186,-4.158
2.993,-4.075
2.859,-3.958
3.036,-4.076
2.216,0.256
2.195,0.505
2.205,0.203
1.721,0.438
1.653,0.19
0.797,0.172
0.243,0.387
0.026,0.153
-0.098,0.497
-0.288,0.159
-1.082,0.495
-1.367,0.279
-2.51,0.413
2.956,0.114
2.673,-0.188
2.598,-2.062
-1.753,-2.221
-1.934,-0.45
-1.946,-1.554
-2.849,-1.744
-2.806,-1.884
3.062,-0.841
2.281,-0.963
0.896,-1.69
2.944,-0.944
2.747,-0.953
-0.208,0.086
-3.004,-0.104
2.559,-3.729
1.158,-3.738
-1.604,0.223
0.047,-1.307
-0.053,-0.163
-0.101,-1.632
-0.287,-2.352
-0.326,-0.273
-0.378,-1.946
-0.261,0.517
-0.475,0.306
-0.512,-0.163
-0.404,0.997
-0.455,-2.876
-0.53,0.629
-0.665,-2.815
-0.7,0.789
-0.705,-2.722
-0.744,-0.134
-0.736,0.752
-0.838,-1.134
-0.773,-0.703
-0.813,-1.292
-0.968,-1.535
-1.088,0.061
-1.116,-1.446
-1.187,0.125
-1.492,1.097
-1.489,-0.305
-1.49,-1.857
-1.699,-1.833
-1.794,0.278
-1.744,-1.541
-1.789,-2.305
-2.043,-1.36
-2.171,-1.649
-2.115,-1.32
-2.356,-0.838
-2.398,0.023
-2.357,-1.112
-2.44,-2.116
-2.563,-0.651
-2.585,-0.679
-2.878,-1.647
-2.921,-2.633
3.131,-0.077
3.115,-0.744
2.979,-2.509
2.999,-0.904
2.873,0.875
2.734,-0.193
2.594,-3.091
1.999,-3.183
1.291,-2.927
0.359,-3.046
0.157,-2.93
0.109,-3.091
-0.604,-3.098
-2.169,-3.11
3.01,-3.027
2.876,-2.91
3.053,-3.028
2.233,1.304
2.212,1.553
2.222,1.251
1.738,1.486
1.67,1.238
0.814,1.22
0.26,1.435
0.043,1.201
-0.081,1.545
-0.271,1.207
-1.065,1.543
-1.35,1.327
-2.493,1.461
2.973,1.162
2.69,0.86
2.615,-1.014
-1.736,-1.173
-1.917,0.598
-1.929,-0.506
-2.832,-0.696
-2.789,-0.836
3.079,0.207
2.298,0.085
0.913,-0.642
2.961,0.104
2.764,0.095
-0.191,1.134
-2.987,0.944
2.576,-2.681
1.175,-2.69
-1.587,1.271
-0.1,1.144
-0.148,-0.325
-0.334,-1.045
-0.373,1.034
-0.425,-0.639
-0.308,1.824
-0.522,1.613
-0.559,1.144
-0.451,2.304
-0.502,-1.569
-0.577,1.936
-0.712,-1.508
-0.747,2.096
-0.752,-1.415
-0.791,1.173
-0.783,2.059
-0.885,0.173
-0.82,0.604
-0.86,0.015
-1.015,-0.228
-1.135,1.368
-1.163,-0.139
-1.234,1.432
-1.539,2.404
-1.536,1.002
-1.537,-0.55
-1.746,-0.526
-1.841,1.585
-1.791,-0.234
-1.836,-0.998
-2.09,-0.053
-2.218,-0.342
-2.162,-0.013
-2.403,0.469
-2.445,1.33
-2.404,0.195
-2.487,-0.809
-2.61,0.656
-2.632,0.628
-2.925,-0.34
-2.968,-1.326
3.084,1.23
3.068,0.563
2.932,-1.202
2.952,0.403
2.826,2.182
2.687,1.114
2.547,-1.784
1.952,-1.876
1.244,-1.62
0.312,-1.739
0.11,-1.623
0.062,-1.784
-0.651,-1.791
-2.216,-1.803
2.963,-1.72
2.829,-1.603
3.006,-1.721
2.186,2.611
2.165,2.86
2.175,2.558
1.691,2.793
1.623,2.545
0.767,2.527
0.213,2.742
-0.004,2.508
-0.128,2.852
-0.318,2.514
-1.112,2.85
-1.397,2.634
-2.54,2.768
2.926,2.469
2.643,2.167
2.568,0.293
-1.783,0.134
-1.964,1.905
-1.976,0.801
-2.879,0.611
-2.836,0.471
3.032,1.514
2.251,1.392
0.866,0.665
2.914,1.411
2.717,1.402
-0.238,2.441
-3.034,2.251
2.529,-1.374
1.128,-1.383
-1.634,2.578
-0.048,-1.469
-0.234,-2.189
-0.273,-0.11
-0.325,-1.783
-0.208,0.68
-0.422,0.469
-0.459,0.0
-0.351,1.16
-0.402,-2.713
-0.477,0.792
-0.612,-2.652
-0.647,0.952
-0.652,-2.559
-0.691,0.029
-0.683,0.915
-0.785,-0.971
-0.72,-0.54
-0.76,-1.129
-0.915,-1.372
-1.035,0.224
-1.063,-1.283
-1.134,0.288
-1.439,1.26
-1.436,-0.142
-1.437,-1.694
-1.646,-1.67
-1.741,0.441
-1.691,-1.378
-1.736,-2.142
-1.99,-1.197
-2.118,-1.486
-2.062,-1.157
-2.303,-0.675
-2.345,0.186
-2.304,-0.949
-2.387,-1.953
-2.51,-0.488
-2.532,-0.516
-2.825,-1.484
-2.868,-2.47
-3.099,0.086
-3.115,-0.581
3.032,-2.346
3.052,-0.741
2.926,1.038
2.787,-0.03
2.647,-2.928
2.052,-3.02
1.344,-2.764
0.412,-2.883
0.21,-2.767
0.162,-2.928
-0.551,-2.935
-2.116,-2.947
3.063,-2.864
2.929,-2.747
3.106,-2.865
2.286,1.467
2.265,1.716
2.275,1.414
1.791,1.649
1.723,1.401
0.867,1.383
0.313,1.598
0.096,1.364
-0.028,1.708
-0.218,1.37
-1.012,1.706
-1.297,1.49
-2.44,1.624
3.026,1.325
2.743,1.023
2.668,-0.851
-1.683,-1.01
-1.864,0.761
-1.876,-0.343
-2.779,-0.533
-2.736,-0.673
3.132,0.37
2.351,0.248
0.966,-0.479
3.014,0.267
2.817,0.258
-0.138,1.297
-2.934,1.107
2.629,-2.518
1.228,-2.527
-1.534,1.434
-0.186,-0.72
-0.225,1.359
-0.277,-0.314
-0.16,2.149
-0.374,1.938
-0.411,1.469
-0.303,2.629
-0.354,-1.244
-0.429,2.261
-0.564,-1.183
-0.599,2.421
-0.604,-1.09
-0.643,1.498
-0.635,2.384
-0.737,0.498
-0.672,0.929
-0.712,0.34
-0.867,0.097
-0.987,1.693
-1.015,0.186
-1.086,1.757
-1.391,2.729
-1.388,1.327
-1.389,-0.225
-1.598,-0.201
-1.693,1.91
-1.643,0.091
-1.688,-0.673
-1.942,0.272
-2.07,-0.017
-2.014,0.312
-2.255,0.794
-2.297,1.655
-2.256,0.52
-2.339,-0.484
-2.462,0.981
-2.484,0.953
-2.777,-0.015
-2.82,-1.001
-3.051,1.555
-3.067,0.888
3.08,-0.877
3.1,0.728
2.974,2.507
2.835,1.439
2.695,-1.459
2.1,-1.551
1.392,-1.295
0.46,-1.414
0.258,-1.298
0.21,-1.459
-0.503,-1.466
-2.068,-1.478
3.111,-1.395
2.977,-1.278
-3.129,-1.396
2.334,2.936
2.313,3.185
2.323,2.883
1.839,3.118
1.771,2.87
0.915,2.852
0.361,3.067
0.144,2.833
0.02,3.177
-0.17,2.839
-0.964,3.175
-1.249,2.959
-2.392,3.093
3.074,2.794
2.791,2.492
2.716,0.618
-1.635,0.459
-1.816,2.23
-1.828,1.126
-2.731,0.936
-2.688,0.796
-3.103,1.839
2.399,1.717
1.014,0.99
3.062,1.736
2.865,1.727
-0.09,2.766
-2.886,2.576
2.677,-1.049
1.276,-1.058
-1.486,2.903
-0.039,2.079
-0.091,0.406
0.026,2.869
-0.188,2.658
-0.225,2.189
-0.117,3.349
-0.168,-0.524
-0.243,2.981
-0.378,-0.463
-0.413,3.141
-0.418,-0.37
-0.457,2.218
-0.449,3.104
-0.551,1.218
-0.486,1.649
-0.526,1.06
-0.681,0.817
-0.801,2.413
-0.829,0.906
-0.9,2.477
-1.205,3.449
-1.202,2.047
-1.203,0.495
-1.412,0.519
-1.507,2.63
-1.457,0.811
-1.502,0.047
-1.756,0.992
-1.884,0.703
-1.828,1.032
-2.069,1.514
-2.111,2.375
-2.07,1.24
-2.153,0.236
-2.276,1.701
-2.298,1.673
-2.591,0.705
-2.634,-0.281
-2.865,2.275
-2.881,1.608
-3.017,-0.157
-2.997,1.448
-3.123,3.227
3.021,2.159
2.881,-0.739
2.286,-0.831
1.578,-0.575
0.646,-0.694
0.444,-0.578
0.396,-0.739
-0.317,-0.746
-1.882,-0.758
-2.986,-0.675
-3.12,-0.558
-2.943,-0.676
2.52,3.656
2.499,3.905
2.509,3.603
2.025,3.838
1.957,3.59
1.101,3.572
0.547,3.787
0.33,3.553
0.206,3.897
0.016,3.559
-0.778,3.895
-1.063,3.679
-2.206,3.813
-3.023,3.514
2.977,3.212
2.902,1.338
-1.449,1.179
-1.63,2.95
-1.642,1.846
-2.545,1.656
-2.502,1.516
-2.917,2.559
2.585,2.437
1.2,1.71
-3.035,2.456
3.051,2.447
0.096,3.486
-2.7,3.296
2.863,-0.329
1.462,-0.338
-1.3,3.623
-0.052,-1.673
0.065,0.79
-0.149,0.579
-0.186,0.11
-0.078,1.27
-0.129,-2.603
-0.204,0.902
-0.339,-2.542
-0.374,1.062
-0.379,-2.449
-0.418,0.139
-0.41,1.025
-0.512,-0.861
-0.447,-0.43
-0.487,-1.019
-0.642,-1.262
-0.762,0.334
-0.79,-1.173
-0.861,0.398
-1.166,1.37
-1.163,-0.032
-1.164,-1.584
-1.373,-1.56
-1.468,0.551
-1.418,-1.268
-1.463,-2.032
-1.717,-1.087
-1.845,-1.376
-1.789,-1.047
-2.03,-0.565
-2.072,0.296
-2.031,-0.839
-2.114,-1.843
-2.237,-0.378
-2.259,-0.406
-2.552,-1.374
-2.595,-2.36
-2.826,0.196
-2.842,-0.471
-2.978,-2.236
-2.958,-0.631
-3.084,1.148
3.06,0.08
2.92,-2.818
2.325,-2.91
1.617,-2.654
0.685,-2.773
0.483,-2.657
0.435,-2.818
-0.278,-2.825
-1.843,-2.837
-2.947,-2.754
-3.081,-2.637
-2.904,-2.755
2.559,1.577
2.538,1.826
2.548,1.524
2.064,1.759
1.996,1.511
1.14,1.493
0.586,1.708
0.369,1.474
0.245,1.818
0.055,1.48
-0.739,1.816
-1.024,1.6
-2.167,1.734
-2.984,1.435
3.016,1.133
2.941,-0.741
-1.41,-0.9
-1.591,0.871
-1.603,-0.233
-2.506,-0.423
-2.463,-0.563
-2.878,0.48
2.624,0.358
1.239,-0.369
-2.996,0.377
3.09,0.368
0.135,1.407
-2.661,1.217
2.902,-2.408
1.501,-2.417
-1.261,1.544
0.117,2.463
-0.097,2.252
-0.134,1.783
-0.026,2.943
-0.077,-0.93
-0.152,2.575
-0.287,-0.869
-0.322,2.735
-0.327,-0.776
-0.366,1.812
-0.358,2.698
-0.46,0.812
-0.395,1.243
-0.435,0.654
-0.59,0.411
-0.71,2.007
-0.738,0.5
-0.809,2.071
-1.114,3.043
-1.111,1.641
-1.112,0.089
-1.321,0.113
-1.416,2.224
-1.366,0.405
-1.411,-0.359
-1.665,0.586
-1.793,0.297
-1.737,0.626
-1.978,1.108
-2.02,1.969
-1.979,0.834
-2.062,-0.17
-2.185,1.295
-2.207,1.267
-2.5,0.299
-2.543,-0.687
-2.774,1.869
-2.79,1.202
-2.926,-0.563
-2.906,1.042
-3.032,2.821
3.112,1.753
2.972,-1.145
2.377,-1.237
1.669,-0.981
0.737,-1.1
0.535,-0.984
0.487,-1.145
-0.226,-1.152
-1.791,-1.164
-2.895,-1.081
-3.029,-0.964
-2.852,-1.082
2.611,3.25
2.59,3.499
2.6,3.197
2.116,3.432
2.048,3.184
1.192,3.166
0.638,3.381
0.421,3.147
0.297,3.491
0.107,3.153
-0.687,3.489
-0.972,3.273
-2.115,3.407
-2.932,3.108
3.068,2.806
2.993,0.932
-1.358,0.773
-1.539,2.544
-1.551,1.44
-2.454,1.25
-2.411,1.11
-2.826,2.153
2.676,2.031
1.291,1.304
-2.944,2.05
-3.141,2.041
0.187,3.08
-2.609,2.89
2.954,-0.735
1.553,-0.744
-1.209,3.217
-0.214,-0.211
-0.251,-0.68
-0.143,0.48
-0.194,-3.393
-0.269,0.112
-0.404,-3.332
-0.439,0.272
-0.444,-3.239
-0.483,-0.651
-0.475,0.235
-0.577,-1.651
-0.512,-1.22
-0.552,-1.809
-0.707,-2.052
-0.827,-0.456
-0.855,-1.963
-0.926,-0.392
-1.231,0.58
-1.228,-0.822
-1.229,-2.374
-1.438,-2.35
-1.533,-0.239
-1.483,-2.058
-1.528,-2.822
-1.782,-1.877
-1.91,-2.166
-1.854,-1.837
-2.095,-1.355
-2.137,-0.494
-2.096,-1.629
-2.179,-2.633
-2.302,-1.168
-2.324,-1.196
-2.617,-2.164
-2.66,-3.15
-2.891,-0.594
-2.907,-1.261
-3.043,-3.026
-3.023,-1.421
3.134,0.358
2.995,-0.71
2.855,-3.608
2.26,-3.7
1.552,-3.444
0.62,-3.563
0.418,-3.447
0.37,-3.608
-0.343,-3.615
-1.908,-3.627
-3.012,-3.544
3.137,-3.427
-2.969,-3.545
2.494,0.787
2.473,1.036
2.483,0.734
1.999,0.969
1.931,0.721
1.075,0.703
0.521,0.918
0.304,0.684
0.18,1.028
-0.01,0.69
-0.804,1.026
-1.089,0.81
-2.232,0.944
-3.049,0.645
2.951,0.343
2.876,-1.531
-1.475,-1.69
-1.656,0.081
-1.668,-1.023
-2.571,-1.213
-2.528,-1.353
-2.943,-0.31
2.559,-0.432
1.174,-1.159
-3.061,-0.413
3.025,-0.422
0.07,0.617
-2.726,0.427
2.837,-3.198
1.436,-3.207
-1.326,0.754
-0.037,-0.469
0.071,0.691
0.02,-3.182
-0.055,0.323
-0.19,-3.121
-0.225,0.483
-0.23,-3.028
-0.269,-0.44
-0.261,0.446
-0.363,-1.44
-0.298,-1.009
-0.338,-1.598
-0.493,-1.841
-0.613,-0.245
-0.641,-1.752
-0.712,-0.181
-1.017,0.791
-1.014,-0.611
-1.015,-2.163
-1.224,-2.139
-1.319,-0.028
-1.269,-1.847
-1.314,-2.611
-1.568,-1.666
-1.696,-1.955
-1.64,-1.626
-1.881,-1.144
-1.923,-0.283
-1.882,-1.418
-1.965,-2.422
-2.088,-0.957
-2.11,-0.985
-2.403,-1.953
-2.446,-2.939
-2.677,-0.383
-2.693,-1.05
-2.829,-2.815
-2.809,-1.21
-2.935,0.569
-3.074,-0.499
3.069,-3.397
2.474,-3.489
1.766,-3.233
0.834,-3.352
0.632,-3.236
0.584,-3.397
-0.129,-3.404
-1.694,-3.416
-2.798,-3.333
-2.932,-3.216
-2.755,-3.334
2.708,0.998
2.687,1.247
2.697,0.945
2.213,1.18
2.145,0.932
1.289,0.914
0.735,1.129
0.518,0.895
0.394,1.239
0.204,0.901
-0.59,1.237
-0.875,1.021
-2.018,1.155
-2.835,0.856
-3.118,0.554
3.09,-1.32
-1.261,-1.479
-1.442,0.292
-1.454,-0.812
-2.357,-1.002
-2.314,-1.142
-2.729,-0.099
2.773,-0.221
1.388,-0.948
-2.847,-0.202
-3.044,-0.211
0.284,0.828
-2.512,0.638
3.051,-2.987
1.65,-2.996
-1.112,0.965
0.108,1.16
0.057,-2.713
-0.018,0.792
-0.153,-2.652
-0.188,0.952
-0.193,-2.559
-0.232,0.029
-0.224,0.915
-0.326,-0.971
-0.261,-0.54
-0.301,-1.129
-0.456,-1.372
-0.576,0.224
-0.604,-1.283
-0.675,0.288
-0.98,1.26
-0.977,-0.142
-0.978,-1.694
-1.187,-1.67
-1.282,0.441
-1.232,-1.378
-1.277,-2.142
-1.531,-1.197
-1.659,-1.486
-1.603,-1.157
-1.844,-0.675
-1.886,0.186
-1.845,-0.949
-1.928,-1.953
-2.051,-0.488
-2.073,-0.516
-2.366,-1.484
-2.409,-2.47
-2.64,0.086
-2.656,-0.581
-2.792,-2.346
-2.772,-0.741
-2.898,1.038
-3.037,-0.03
3.106,-2.928
2.511,-3.02
1.803,-2.764
0.871,-2.883
0.669,-2.767
0.621,-2.928
-0.092,-2.935
-1.657,-2.947
-2.761,-2.864
-2.895,-2.747
-2.718,-2.865
2.745,1.467
2.724,1.716
2.734,1.414
2.25,1.649
2.182,1.401
1.326,1.383
0.772,1.598
0.555,1.364
0.431,1.708
0.241,1.37
-0.553,1.706
-0.838,1.49
-1.981,1.624
-2.798,1.325
-3.081,1.023
3.127,-0.851
-1.224,-1.01
-1.405,0.761
-1.417,-0.343
-2.32,-0.533
-2.277,-0.673
-2.692,0.37
2.81,0.248
1.425,-0.479
-2.81,0.267
-3.007,0.258
0.321,1.297
-2.475,1.107
3.088,-2.518
1.687,-2.527
-1.075,1.434
-0.051,-3.873
-0.126,-0.368
-0.261,-3.812
-0.296,-0.208
-0.301,-3.719
-0.34,-1.131
-0.332,-0.245
-0.434,-2.131
-0.369,-1.7
-0.409,-2.289
-0.564,-2.532
-0.684,-0.936
-0.712,-2.443
-0.783,-0.872
-1.088,0.1
-1.085,-1.302
-1.086,-2.854
-1.295,-2.83
-1.39,-0.719
-1.34,-2.538
-1.385,-3.302
-1.639,-2.357
-1.767,-2.646
-1.711,-2.317
-1.952,-1.835
-1.994,-0.974
-1.953,-2.109
-2.036,-3.113
-2.159,-1.648
-2.181,-1.676
-2.474,-2.644
-2.517,-3.63
-2.748,-1.074
-2.764,-1.741
-2.9,-3.506
-2.88,-1.901
-3.006,-0.122
3.138,-1.19
2.998,-4.088
2.403,-4.18
1.695,-3.924
0.763,-4.043
0.561,-3.927
0.513,-4.088
-0.2,-4.095
-1.765,-4.107
-2.869,-4.024
-3.003,-3.907
-2.826,-4.025
2.637,0.307
2.616,0.556
2.626,0.254
2.142,0.489
2.074,0.241
1.218,0.223
0.664,0.438
0.447,0.204
0.323,0.548
0.133,0.21
-0.661,0.546
-0.946,0.33
-2.089,0.464
-2.906,0.165
3.094,-0.137
3.019,-2.011
-1.332,-2.17
-1.513,-0.399
-1.525,-1.503
-2.428,-1.693
-2.385,-1.833
-2.8,-0.79
2.702,-0.912
1.317,-1.639
-2.918,-0.893
-3.115,-0.902
0.213,0.137
-2.583,-0.053
2.98,-3.678
1.579,-3.687
-1.183,0.274
-0.075,3.505
-0.21,0.061
-0.245,3.665
-0.25,0.154
-0.289,2.742
-0.281,3.628
-0.383,1.742
-0.318,2.173
-0.358,1.584
-0.513,1.341
-0.633,2.937
-0.661,1.43
-0.732,3.001
-1.037,3.973
-1.034,2.571
-1.035,1.019
-1.244,1.043
-1.339,3.154
-1.289,1.335
-1.334,0.571
-1.588,1.516
-1.716,1.227
-1.66,1.556
-1.901,2.038
-1.943,2.899
-1.902,1.764
-1.985,0.76
-2.108,2.225
-2.13,2.197
-2.423,1.229
-2.466,0.243
-2.697,2.799
-2.713,2.132
-2.849,0.367
-2.829,1.972
-2.955,3.751
-3.094,2.683
3.049,-0.215
2.454,-0.307
1.746,-0.051
0.814,-0.17
0.612,-0.054
0.564,-0.215
-0.149,-0.222
-1.714,-0.234
-2.818,-0.151
-2.952,-0.034
-2.775,-0.152
2.688,4.18
2.667,4.429
2.677,4.127
2.193,4.362
2.125,4.114
1.269,4.096
0.715,4.311
0.498,4.077
0.374,4.421
0.184,4.083
-0.61,4.419
-0.895,4.203
-2.038,4.337
-2.855,4.038
-3.138,3.736
3.07,1.862
-1.281,1.703
-1.462,3.474
-1.474,2.37
-2.377,2.18
-2.334,2.04
-2.749,3.083
2.753,2.961
1.368,2.234
-2.867,2.98
-3.064,2.971
0.264,4.01
-2.532,3.82
3.031,0.195
1.63,0.186
-1.132,4.147
-0.135,-3.444
-0.17,0.16
-0.175,-3.351
-0.214,-0.763
-0.206,0.123
-0.308,-1.763
-0.243,-1.332
-0.283,-1.921
-0.438,-2.164
-0.558,-0.568
-0.586,-2.075
-0.657,-0.504
-0.962,0.468
-0.959,-0.934
-0.96,-2.486
-1.169,-2.462
-1.264,-0.351
-1.214,-2.17
-1.259,-2.934
-1.513,-1.989
-1.641,-2.278
-1.585,-1.949
-1.826,-1.467
-1.868,-0.606
-1.827,-1.741
-1.91,-2.745
-2.033,-1.28
-2.055,-1.308
-2.348,-2.276
-2.391,-3.262
-2.622,-0.706
-2.638,-1.373
-2.774,-3.138
-2.754,-1.533
-2.88,0.246
-3.019,-0.822
3.124,-3.72
2.529,-3.812
1.821,-3.556
0.889,-3.675
0.687,-3.559
0.639,-3.72
-0.074,-3.727
-1.639,-3.739
-2.743,-3.656
-2.877,-3.539
-2.7,-3.657
2.763,0.675
2.742,0.924
2.752,0.622
2.268,0.857
2.2,0.609
1.344,0.591
0.79,0.806
0.573,0.572
0.449,0.916
0.259,0.578
-0.535,0.914
-0.82,0.698
-1.963,0.832
-2.78,0.533
-3.063,0.231
-3.138,-1.643
-1.206,-1.802
-1.387,-0.031
-1.399,-1.135
-2.302,-1.325
-2.259,-1.465
-2.674,-0.422
2.828,-0.544
1.443,-1.271
-2.792,-0.525
-2.989,-0.534
0.339,0.505
-2.457,0.315
3.106,-3.31
1.705,-3.319
-1.057,0.642
-0.035,3.604
-0.04,0.093
-0.079,2.681
-0.071,3.567
-0.173,1.681
-0.108,2.112
-0.148,1.523
-0.303,1.28
-0.423,2.876
-0.451,1.369
-0.522,2.94
-0.827,3.912
-0.824,2.51
-0.825,0.958
-1.034,0.982
-1.129,3.093
-1.079,1.274
-1.124,0.51
-1.378,1.455
-1.506,1.166
-1.45,1.495
-1.691,1.977
-1.733,2.838
-1.692,1.703
-1.775,0.699
-1.898,2.164
-1.92,2.136
-2.213,1.168
-2.256,0.182
-2.487,2.738
-2.503,2.071
-2.639,0.306
-2.619,1.911
-2.745,3.69
-2.884,2.622
-3.024,-0.276
2.664,-0.368
1.956,-0.112
1.024,-0.231
0.822,-0.115
0.774,-0.276
0.061,-0.283
-1.504,-0.295
-2.608,-0.212
-2.742,-0.095
-2.565,-0.213
2.898,4.119
2.877,4.368
2.887,4.066
2.403,4.301
2.335,4.053
1.479,4.035
0.925,4.25
0.708,4.016
0.584,4.36
0.394,4.022
-0.4,4.358
-0.685,4.142
-1.828,4.276
-2.645,3.977
-2.928,3.675
-3.003,1.801
-1.071,1.642
-1.252,3.413
-1.264,2.309
-2.167,2.119
-2.124,1.979
-2.539,3.022
2.963,2.9
1.578,2.173
-2.657,2.919
-2.854,2.91
0.474,3.949
-2.322,3.759
-3.042,0.134
1.84,0.125
-0.922,4.086
-0.005,-3.511
-0.044,-0.923
-0.036,-0.037
-0.138,-1.923
-0.073,-1.492
-0.113,-2.081
-0.268,-2.324
-0.388,-0.728
-0.416,-2.235
-0.487,-0.664
-0.792,0.308
-0.789,-1.094
-0.79,-2.646
-0.999,-2.622
-1.094,-0.511
-1.044,-2.33
-1.089,-3.094
-1.343,-2.149
-1.471,-2.438
-1.415,-2.109
-1.656,-1.627
-1.698,-0.766
-1.657,-1.901
-1.74,-2.905
-1.863,-1.44
-1.885,-1.468
-2.178,-2.436
-2.221,-3.422
-2.452,-0.866
-2.468,-1.533
-2.604,-3.298
-2.584,-1.693
-2.71,0.086
-2.849,-0.982
-2.989,-3.88
2.699,-3.972
1.991,-3.716
1.059,-3.835
0.857,-3.719
0.809,-3.88
0.096,-3.887
-1.469,-3.899
-2.573,-3.816
-2.707,-3.699
-2.53,-3.817
2.933,0.515
2.912,0.764
2.922,0.462
2.438,0.697
2.37,0.449
1.514,0.431
0.96,0.646
0.743,0.412
0.619,0.756
0.429,0.418
-0.365,0.754
-0.65,0.538
-1.793,0.672
-2.61,0.373
-2.893,0.071
-2.968,-1.803
-1.036,-1.962
-1.217,-0.191
-1.229,-1.295
-2.132,-1.485
-2.089,-1.625
-2.504,-0.582
2.998,-0.704
1.613,-1.431
-2.622,-0.685
-2.819,-0.694
0.509,0.345
-2.287,0.155
-3.007,-3.47
1.875,-3.479
-0.887,0.482
-0.039,2.588
-0.031,3.474
-0.133,1.588
-0.068,2.019
-0.108,1.43
-0.263,1.187
-0.383,2.783
-0.411,1.276
-0.482,2.847
-0.787,3.819
-0.784,2.417
-0.785,0.865
-0.994,0.889
-1.089,3.0
-1.039,1.181
-1.084,0.417
-1.338,1.362
-1.466,1.073
-1.41,1.402
-1.651,1.884
-1.693,2.745
-1.652,1.61
-1.735,0.606
-1.858,2.071
-1.88,2.043
-2.173,1.075
-2.216,0.089
-2.447,2.645
-2.463,1.978
-2.599,0.213
-2.579,1.818
-2.705,3.597
-2.844,2.529
-2.984,-0.369
2.704,-0.461
1.996,-0.205
1.064,-0.324
0.862,-0.208
0.814,-0.369
0.101,-0.376
-1.464,-0.388
-2.568,-0.305
-2.702,-0.188
-2.525,-0.306
2.938,4.026
2.917,4.275
2.927,3.973
2.443,4.208
2.375,3.96
1.519,3.942
0.965,4.157
0.748,3.923
0.624,4.267
0.434,3.929
-0.36,4.265
-0.645,4.049
-1.788,4.183
-2.605,3.884
-2.888,3.582
-2.963,1.708
-1.031,1.549
-1.212,3.32
-1.224,2.216
-2.127,2.026
-2.084,1.886
-2.499,2.929
3.003,2.807
1.618,2.08
-2.617,2.826
-2.814,2.817
0.514,3.856
-2.282,3.666
-3.002,0.041
1.88,0.032
-0.882,3.993
0.008,0.886
-0.094,-1.0
-0.029,-0.569
-0.069,-1.158
-0.224,-1.401
-0.344,0.195
-0.372,-1.312
-0.443,0.259
-0.748,1.231
-0.745,-0.171
-0.746,-1.723
-0.955,-1.699
-1.05,0.412
-1.0,-1.407
-1.045,-2.171
-1.299,-1.226
-1.427,-1.515
-1.371,-1.186
-1.612,-0.704
-1.654,0.157
-1.613,-0.978
-1.696,-1.982
-1.819,-0.517
-1.841,-0.545
-2.134,-1.513
-2.177,-2.499
-2.408,0.057
-2.424,-0.61
-2.56,-2.375
-2.54,-0.77
-2.666,1.009
-2.805,-0.059
-2.945,-2.957
2.743,-3.049
2.035,-2.793
1.103,-2.912
0.901,-2.796
0.853,-2.957
0.14,-2.964
-1.425,-2.976
-2.529,-2.893
-2.663,-2.776
-2.486,-2.894
2.977,1.438
2.956,1.687
2.966,1.385
2.482,1.62
2.414,1.372
1.558,1.354
1.004,1.569
0.787,1.335
0.663,1.679
0.473,1.341
-0.321,1.677
-0.606,1.461
-1.749,1.595
-2.566,1.296
-2.849,0.994
-2.924,-0.88
-0.992,-1.039
-1.173,0.732
-1.185,-0.372
-2.088,-0.562
-2.045,-0.702
-2.46,0.341
3.042,0.219
1.657,-0.508
-2.578,0.238
-2.775,0.229
0.553,1.268
-2.243,1.078
-2.963,-2.547
1.919,-2.556
-0.843,1.405
-0.102,-1.886
-0.037,-1.455
-0.077,-2.044
-0.232,-2.287
-0.352,-0.691
-0.38,-2.198
-0.451,-0.627
-0.756,0.345
-0.753,-1.057
-0.754,-2.609
-0.963,-2.585
-1.058,-0.474
-1.008,-2.293
-1.053,-3.057
-1.307,-2.112
-1.435,-2.401
-1.379,-2.072
-1.62,-1.59
-1.662,-0.729
-1.621,-1.864
-1.704,-2.868
-1.827,-1.403
-1.849,-1.431
-2.142,-2.399
-2.185,-3.385
-2.416,-0.829
-2.432,-1.496
-2.568,-3.261
-2.548,-1.656
-2.674,0.123
-2.813,-0.945
-2.953,-3.843
2.735,-3.935
2.027,-3.679
1.095,-3.798
0.893,-3.682
0.845,-3.843
0.132,-3.85
-1.433,-3.862
-2.537,-3.779
-2.671,-3.662
-2.494,-3.78
2.969,0.552
2.948,0.801
2.958,0.499
2.474,0.734
2.406,0.486
1.55,0.468
0.996,0.683
0.779,0.449
0.655,0.793
0.465,0.455
-0.329,0.791
-0.614,0.575
-1.757,0.709
-2.574,0.41
-2.857,0.108
-2.932,-1.766
-1.0,-1.925
-1.181,-0.154
-1.193,-1.258
-2.096,-1.448
-2.053,-1.588
-2.468,-0.545
3.034,-0.667
1.649,-1.394
-2.586,-0.648
-2.783,-0.657
0.545,0.382
-2.251,0.192
-2.971,-3.433
1.911,-3.442
-0.851,0.519
0.065,0.431
0.025,-0.158
-0.13,-0.401
-0.25,1.195
-0.278,-0.312
-0.349,1.259
-0.654,2.231
-0.651,0.829
-0.652,-0.723
-0.861,-0.699
-0.956,1.412
-0.906,-0.407
-0.951,-1.171
-1.205,-0.226
-1.333,-0.515
-1.277,-0.186
-1.518,0.296
-1.56,1.157
-1.519,0.022
-1.602,-0.982
-1.725,0.483
-1.747,0.455
-2.04,-0.513
-2.083,-1.499
-2.314,1.057
-2.33,0.39
-2.466,-1.375
-2.446,0.23
-2.572,2.009
-2.711,0.941
-2.851,-1.957
2.837,-2.049
2.129,-1.793
1.197,-1.912
0.995,-1.796
0.947,-1.957
0.234,-1.964
-1.331,-1.976
-2.435,-1.893
-2.569,-1.776
-2.392,-1.894
3.071,2.438
3.05,2.687
3.06,2.385
2.576,2.62
2.508,2.372
1.652,2.354
1.098,2.569
0.881,2.335
0.757,2.679
0.567,2.341
-0.227,2.677
-0.512,2.461
-1.655,2.595
-2.472,2.296
-2.755,1.994
-2.83,0.12
-0.898,-0.039
-1.079,1.732
-1.091,0.628
-1.994,0.438
-1.951,0.298
-2.366,1.341
3.136,1.219
1.751,0.492
-2.484,1.238
-2.681,1.229
0.647,2.268
-2.149,2.078
-2.869,-1.547
2.013,-1.556
-0.749,2.405
-0.04,-0.589
-0.195,-0.832
-0.315,0.764
-0.343,-0.743
-0.414,0.828
-0.719,1.8
-0.716,0.398
-0.717,-1.154
-0.926,-1.13
-1.021,0.981
-0.971,-0.838
-1.016,-1.602
-1.27,-0.657
-1.398,-0.946
-1.342,-0.617
-1.583,-0.135
-1.625,0.726
-1.584,-0.409
-1.667,-1.413
-1.79,0.052
-1.812,0.024
-2.105,-0.944
-2.148,-1.93
-2.379,0.626
-2.395,-0.041
-2.531,-1.806
-2.511,-0.201
-2.637,1.578
-2.776,0.51
-2.916,-2.388
2.772,-2.48
2.064,-2.224
1.132,-2.343
0.93,-2.227
0.882,-2.388
0.169,-2.395
-1.396,-2.407
-2.5,-2.324
-2.634,-2.207
-2.457,-2.325
3.006,2.007
2.985,2.256
2.995,1.954
2.511,2.189
2.443,1.941
1.587,1.923
1.033,2.138
0.816,1.904
0.692,2.248
0.502,1.91
-0.292,2.246
-0.577,2.03
-1.72,2.164
-2.537,1.865
-2.82,1.563
-2.895,-0.311
-0.963,-0.47
-1.144,1.301
-1.156,0.197
-2.059,0.007
-2.016,-0.133
-2.431,0.91
3.071,0.788
1.686,0.061
-2.549,0.807
-2.746,0.798
0.582,1.837
-2.214,1.647
-2.934,-1.978
1.948,-1.987
-0.814,1.974
-0.155,-0.243
-0.275,1.353
-0.303,-0.154
-0.374,1.417
-0.679,2.389
-0.676,0.987
-0.677,-0.565
-0.886,-0.541
-0.981,1.57
-0.931,-0.249
-0.976,-1.013
-1.23,-0.068
-1.358,-0.357
-1.302,-0.028
-1.543,0.454
-1.585,1.315
-1.544,0.18
-1.627,-0.824
-1.75,0.641
-1.772,0.613
-2.065,-0.355
-2.108,-1.341
-2.339,1.215
-2.355,0.548
-2.491,-1.217
-2.471,0.388
-2.597,2.167
-2.736,1.099
-2.876,-1.799
2.812,-1.891
2.104,-1.635
1.172,-1.754
0.97,-1.638
0.922,-1.799
0.209,-1.806
-1.356,-1.818
-2.46,-1.735
-2.594,-1.618
-2.417,-1.736
3.046,2.596
3.025,2.845
3.035,2.543
2.551,2.778
2.483,2.53
1.627,2.512
1.073,2.727
0.856,2.493
0.732,2.837
0.542,2.499
-0.252,2.835
-0.537,2.619
-1.68,2.753
-2.497,2.454
-2.78,2.152
-2.855,0.278
-0.923,0.119
-1.104,1.89
-1.116,0.786
-2.019,0.596
-1.976,0.456
-2.391,1.499
3.111,1.377
1.726,0.65
-2.509,1.396
-2.706,1.387
0.622,2.426
-2.174,2.236
-2.894,-1.389
1.988,-1.398
-0.774,2.563
-0.12,1.596
-0.148,0.089
-0.219,1.66
-0.524,2.632
-0.521,1.23
-0.522,-0.322
-0.731,-0.298
-0.826,1.813
-0.776,-0.006
-0.821,-0.77
-1.075,0.175
-1.203,-0.114
-1.147,0.215
-1.388,0.697
-1.43,1.558
-1.389,0.423
-1.472,-0.581
-1.595,0.884
-1.617,0.856
-1.91,-0.112
-1.953,-1.098
-2.184,1.458
-2.2,0.791
-2.336,-0.974
-2.316,0.631
-2.442,2.41
-2.581,1.342
-2.721,-1.556
2.967,-1.648
2.259,-1.392
1.327,-1.511
1.125,-1.395
1.077,-1.556
0.364,-1.563
-1.201,-1.575
-2.305,-1.492
-2.439,-1.375
-2.262,-1.493
-3.082,2.839
-3.103,3.088
-3.093,2.786
2.706,3.021
2.638,2.773
1.782,2.755
1.228,2.97
1.011,2.736
0.887,3.08
0.697,2.742
-0.097,3.078
-0.382,2.862
-1.525,2.996
-2.342,2.697
-2.625,2.395
-2.7,0.521
-0.768,0.362
-0.949,2.133
-0.961,1.029
-1.864,0.839
-1.821,0.699
-2.236,1.742
-3.017,1.62
1.881,0.893
-2.354,1.639
-2.551,1.63
0.777,2.669
-2.019,2.479
-2.739,-1.146
2.143,-1.155
-0.619,2.806
-0.028,-1.507
-0.099,0.064
-0.404,1.036
-0.401,-0.366
-0.402,-1.918
-0.611,-1.894
-0.706,0.217
-0.656,-1.602
-0.701,-2.366
-0.955,-1.421
-1.083,-1.71
-1.027,-1.381
-1.268,-0.899
-1.31,-0.038
-1.269,-1.173
-1.352,-2.177
-1.475,-0.712
-1.497,-0.74
-1.79,-1.708
-1.833,-2.694
-2.064,-0.138
-2.08,-0.805
-2.216,-2.57
-2.196,-0.965
-2.322,0.814
-2.461,-0.254
-2.601,-3.152
3.087,-3.244
2.379,-2.988
1.447,-3.107
1.245,-2.991
1.197,-3.152
0.484,-3.159
-1.081,-3.171
-2.185,-3.088
-2.319,-2.971
-2.142,-3.089
-2.962,1.243
-2.983,1.492
-2.973,1.19
2.826,1.425
2.758,1.177
1.902,1.159
1.348,1.374
1.131,1.14
1.007,1.484
0.817,1.146
0.023,1.482
-0.262,1.266
-1.405,1.4
-2.222,1.101
-2.505,0.799
-2.58,-1.075
-0.648,-1.234
-0.829,0.537
-0.841,-0.567
-1.744,-0.757
-1.701,-0.897
-2.116,0.146
-2.897,0.024
2.001,-0.703
-2.234,0.043
-2.431,0.034
0.897,1.073
-1.899,0.883
-2.619,-2.742
2.263,-2.751
-0.499,1.21
-0.071,1.571
-0.376,2.543
-0.373,1.141
-0.374,-0.411
-0.583,-0.387
-0.678,1.724
-0.628,-0.095
-0.673,-0.859
-0.927,0.086
-1.055,-0.203
-0.999,0.126
-1.24,0.608
-1.282,1.469
-1.241,0.334
-1.324,-0.67
-1.447,0.795
-1.469,0.767
-1.762,-0.201
-1.805,-1.187
-2.036,1.369
-2.052,0.702
-2.188,-1.063
-2.168,0.542
-2.294,2.321
-2.433,1.253
-2.573,-1.645
3.115,-1.737
2.407,-1.481
1.475,-1.6
1.273,-1.484
1.225,-1.645
0.512,-1.652
-1.053,-1.664
-2.157,-1.581
-2.291,-1.464
-2.114,-1.582
-2.934,2.75
-2.955,2.999
-2.945,2.697
2.854,2.932
2.786,2.684
1.93,2.666
1.376,2.881
1.159,2.647
1.035,2.991
0.845,2.653
0.051,2.989
-0.234,2.773
-1.377,2.907
-2.194,2.608
-2.477,2.306
-2.552,0.432
-0.62,0.273
-0.801,2.044
-0.813,0.94
-1.716,0.75
-1.673,0.61
-2.088,1.653
-2.869,1.531
2.029,0.804
-2.206,1.55
-2.403,1.541
0.925,2.58
-1.871,2.39
-2.591,-1.235
2.291,-1.244
-0.471,2.717
-0.305,0.972
-0.302,-0.43
-0.303,-1.982
-0.512,-1.958
-0.607,0.153
-0.557,-1.666
-0.602,-2.43
-0.856,-1.485
-0.984,-1.774
-0.928,-1.445
-1.169,-0.963
-1.211,-0.102
-1.17,-1.237
-1.253,-2.241
-1.376,-0.776
-1.398,-0.804
-1.691,-1.772
-1.734,-2.758
-1.965,-0.202
-1.981,-0.869
-2.117,-2.634
-2.097,-1.029
-2.223,0.75
-2.362,-0.318
-2.502,-3.216
-3.097,-3.308
2.478,-3.052
1.546,-3.171
1.344,-3.055
1.296,-3.216
0.583,-3.223
-0.982,-3.235
-2.086,-3.152
-2.22,-3.035
-2.043,-3.153
-2.863,1.179
-2.884,1.428
-2.874,1.126
2.925,1.361
2.857,1.113
2.001,1.095
1.447,1.31
1.23,1.076
1.106,1.42
0.916,1.082
0.122,1.418
-0.163,1.202
-1.306,1.336
-2.123,1.037
-2.406,0.735
-2.481,-1.139
-0.549,-1.298
-0.73,0.473
-0.742,-0.631
-1.645,-0.821
-1.602,-0.961
-2.017,0.082
-2.798,-0.04
2.1,-0.767
-2.135,-0.021
-2.332,-0.03
0.996,1.009
-1.8,0.819
-2.52,-2.806
2.362,-2.815
-0.4,1.146
0.003,-1.402
0.002,-2.954
-0.207,-2.93
-0.302,-0.819
-0.252,-2.638
-0.297,-3.402
-0.551,-2.457
-0.679,-2.746
-0.623,-2.417
-0.864,-1.935
-0.906,-1.074
-0.865,-2.209
-0.948,-3.213
-1.071,-1.748
-1.093,-1.776
-1.386,-2.744
-1.429,-3.73
-1.66,-1.174
-1.676,-1.841
-1.812,-3.606
-1.792,-2.001
-1.918,-0.222
-2.057,-1.29
-2.197,-4.188
-2.792,-4.28
2.783,-4.024
1.851,-4.143
1.649,-4.027
1.601,-4.188
0.888,-4.195
-0.677,-4.207
-1.781,-4.124
-1.915,-4.007
-1.738,-4.125
-2.558,0.207
-2.579,0.456
-2.569,0.154
-3.053,0.389
-3.121,0.141
2.306,0.123
1.752,0.338
1.535,0.104
1.411,0.448
1.221,0.11
0.427,0.446
0.142,0.23
-1.001,0.364
-1.818,0.065
-2.101,-0.237
-2.176,-2.111
-0.244,-2.27
-0.425,-0.499
-0.437,-1.603
-1.34,-1.793
-1.297,-1.933
-1.712,-0.89
-2.493,-1.012
2.405,-1.739
-1.83,-0.993
-2.027,-1.002
1.301,0.037
-1.495,-0.153
-2.215,-3.778
2.667,-3.787
-0.095,0.174
-0.001,-1.552
-0.21,-1.528
-0.305,0.583
-0.255,-1.236
-0.3,-2.0
-0.554,-1.055
-0.682,-1.344
-0.626,-1.015
-0.867,-0.533
-0.909,0.328
-0.868,-0.807
-0.951,-1.811
-1.074,-0.346
-1.096,-0.374
-1.389,-1.342
-1.432,-2.328
-1.663,0.228
-1.679,-0.439
-1.815,-2.204
-1.795,-0.599
-1.921,1.18
-2.06,0.112
-2.2,-2.786
-2.795,-2.878
2.78,-2.622
1.848,-2.741
1.646,-2.625
1.598,-2.786
0.885,-2.793
-0.68,-2.805
-1.784,-2.722
-1.918,-2.605
-1.741,-2.723
-2.561,1.609
-2.582,1.858
-2.572,1.556
-3.056,1.791
-3.124,1.543
2.303,1.525
1.749,1.74
1.532,1.506
1.408,1.85
1.218,1.512
0.424,1.848
0.139,1.632
-1.004,1.766
-1.821,1.467
-2.104,1.165
-2.179,-0.709
-0.247,-0.868
-0.428,0.903
-0.44,-0.201
-1.343,-0.391
-1.3,-0.531
-1.715,0.512
-2.496,0.39
2.402,-0.337
-1.833,0.409
-2.03,0.4
1.298,1.439
-1.498,1.249
-2.218,-2.376
2.664,-2.385
-0.098,1.576
-0.209,0.024
-0.304,2.135
-0.254,0.316
-0.299,-0.448
-0.553,0.497
-0.681,0.208
-0.625,0.537
-0.866,1.019
-0.908,1.88
-0.867,0.745
-0.95,-0.259
-1.073,1.206
-1.095,1.178
-1.388,0.21
-1.431,-0.776
-1.662,1.78
-1.678,1.113
-1.814,-0.652
-1.794,0.953
-1.92,2.732
-2.059,1.664
-2.199,-1.234
-2.794,-1.326
2.781,-1.07
1.849,-1.189
1.647,-1.073
1.599,-1.234
0.886,-1.241
-0.679,-1.253
-1.783,-1.17
-1.917,-1.053
-1.74,-1.171
-2.56,3.161
-2.581,3.41
-2.571,3.108
-3.055,3.343
-3.123,3.095
2.304,3.077
1.75,3.292
1.533,3.058
1.409,3.402
1.219,3.064
0.425,3.4
0.14,3.184
-1.003,3.318
-1.82,3.019
-2.103,2.717
-2.178,0.843
-0.246,0.684
-0.427,2.455
-0.439,1.351
-1.342,1.161
-1.299,1.021
-1.714,2.064
-2.495,1.942
2.403,1.215
-1.832,1.961
-2.029,1.952
1.299,2.991
-1.497,2.801
-2.217,-0.824
2.665,-0.833
-0.097,3.128
-0.095,2.111
-0.045,0.292
-0.09,-0.472
-0.344,0.473
-0.472,0.184
-0.416,0.513
-0.657,0.995
-0.699,1.856
-0.658,0.721
-0.741,-0.283
-0.864,1.182
-0.886,1.154
-1.179,0.186
-1.222,-0.8
-1.453,1.756
-1.469,1.089
-1.605,-0.676
-1.585,0.929
-1.711,2.708
-1.85,1.64
-1.99,-1.258
-2.585,-1.35
2.99,-1.094
2.058,-1.213
1.856,-1.097
1.808,-1.258
1.095,-1.265
-0.47,-1.277
-1.574,-1.194
-1.708,-1.077
-1.531,-1.195
-2.351,3.137
-2.372,3.386
-2.362,3.084
-2.846,3.319
-2.914,3.071
2.513,3.053
1.959,3.268
1.742,3.034
1.618,3.378
1.428,3.04
0.634,3.376
0.349,3.16
-0.794,3.294
-1.611,2.995
-1.894,2.693
-1.969,0.819
-0.037,0.66
-0.218,2.431
-0.23,1.327
-1.133,1.137
-1.09,0.997
-1.505,2.04
-2.286,1.918
2.612,1.191
-1.623,1.937
-1.82,1.928
1.508,2.967
-1.288,2.777
-2.008,-0.848
2.874,-0.857
0.112,3.104
0.05,-1.819
0.005,-2.583
-0.249,-1.638
-0.377,-1.927
-0.321,-1.598
-0.562,-1.116
-0.604,-0.255
-0.563,-1.39
-0.646,-2.394
-0.769,-0.929
-0.791,-0.957
-1.084,-1.925
-1.127,-2.911
-1.358,-0.355
-1.374,-1.022
-1.51,-2.787
-1.49,-1.182
-1.616,0.597
-1.755,-0.471
-1.895,-3.369
-2.49,-3.461
3.085,-3.205
2.153,-3.324
1.951,-3.208
1.903,-3.369
1.19,-3.376
-0.375,-3.388
-1.479,-3.305
-1.613,-3.188
-1.436,-3.306
-2.256,1.026
-2.277,1.275
-2.267,0.973
-2.751,1.208
-2.819,0.96
2.608,0.942
2.054,1.157
1.837,0.923
1.713,1.267
1.523,0.929
0.729,1.265
0.444,1.049
-0.699,1.183
-1.516,0.884
-1.799,0.582
-1.874,-1.292
0.058,-1.451
-0.123,0.32
-0.135,-0.784
-1.038,-0.974
-0.995,-1.114
-1.41,-0.071
-2.191,-0.193
2.707,-0.92
-1.528,-0.174
-1.725,-0.183
1.603,0.856
-1.193,0.666
-1.913,-2.959
2.969,-2.968
0.207,0.993
-0.045,-0.764
-0.299,0.181
-0.427,-0.108
-0.371,0.221
-0.612,0.703
-0.654,1.564
-0.613,0.429
-0.696,-0.575
-0.819,0.89
-0.841,0.862
-1.134,-0.106
-1.177,-1.092
-1.408,1.464
-1.424,0.797
-1.56,-0.968
-1.54,0.637
-1.666,2.416
-1.805,1.348
-1.945,-1.55
-2.54,-1.642
3.035,-1.386
2.103,-1.505
1.901,-1.389
1.853,-1.55
1.14,-1.557
-0.425,-1.569
-1.529,-1.486
-1.663,-1.369
-1.486,-1.487
-2.306,2.845
-2.327,3.094
-2.317,2.792
-2.801,3.027
-2.869,2.779
2.558,2.761
2.004,2.976
1.787,2.742
1.663,3.086
1.473,2.748
0.679,3.084
0.394,2.868
-0.749,3.002
-1.566,2.703
-1.849,2.401
-1.924,0.527
0.008,0.368
-0.173,2.139
-0.185,1.035
-1.088,0.845
-1.045,0.705
-1.46,1.748
-2.241,1.626
2.657,0.899
-1.578,1.645
-1.775,1.636
1.553,2.675
-1.243,2.485
-1.963,-1.14
2.919,-1.149
0.157,2.812
-0.254,0.945
-0.382,0.656
-0.326,0.985
-0.567,1.467
-0.609,2.328
-0.568,1.193
-0.651,0.189
-0.774,1.654
-0.796,1.626
-1.089,0.658
-1.132,-0.328
-1.363,2.228
-1.379,1.561
-1.515,-0.204
-1.495,1.401
-1.621,3.18
-1.76,2.112
-1.9,-0.786
-2.495,-0.878
3.08,-0.622
2.148,-0.741
1.946,-0.625
1.898,-0.786
1.185,-0.793
-0.38,-0.805
-1.484,-0.722
-1.618,-0.605
-1.441,-0.723
-2.261,3.609
-2.282,3.858
-2.272,3.556
-2.756,3.791
-2.824,3.543
2.603,3.525
2.049,3.74
1.832,3.506
1.708,3.85
1.518,3.512
0.724,3.848
0.439,3.632
-0.704,3.766
-1.521,3.467
-1.804,3.165
-1.879,1.291
0.053,1.132
-0.128,2.903
-0.14,1.799
-1.043,1.609
-1.0,1.469
-1.415,2.512
-2.196,2.39
2.702,1.663
-1.533,2.409
-1.73,2.4
1.598,3.439
-1.198,3.249
-1.918,-0.376
2.964,-0.385
0.202,3.576
-0.128,-0.289
-0.072,0.04
-0.313,0.522
-0.355,1.383
-0.314,0.248
-0.397,-0.756
-0.52,0.709
-0.542,0.681
-0.835,-0.287
-0.878,-1.273
-1.109,1.283
-1.125,0.616
-1.261,-1.149
-1.241,0.456
-1.367,2.235
-1.506,1.167
-1.646,-1.731
-2.241,-1.823
-2.949,-1.567
2.402,-1.686
2.2,-1.57
2.152,-1.731
1.439,-1.738
-0.126,-1.75
-1.23,-1.667
-1.364,-1.55
-1.187,-1.668
-2.007,2.664
-2.028,2.913
-2.018,2.611
-2.502,2.846
-2.57,2.598
2.857,2.58
2.303,2.795
2.086,2.561
1.962,2.905
1.772,2.567
0.978,2.903
0.693,2.687
-0.45,2.821
-1.267,2.522
-1.55,2.22
-1.625,0.346
0.307,0.187
0.126,1.958
0.114,0.854
-0.789,0.664
-0.746,0.524
-1.161,1.567
-1.942,1.445
2.956,0.718
-1.279,1.464
-1.476,1.455
1.852,2.494
-0.944,2.304
-1.664,-1.321
-3.065,-1.33
0.456,2.631
0.056,0.329
-0.185,0.811
-0.227,1.672
-0.186,0.537
-0.269,-0.467
-0.392,0.998
-0.414,0.97
-0.707,0.002
-0.75,-0.984
-0.981,1.572
-0.997,0.905
-1.133,-0.86
-1.113,0.745
-1.239,2.524
-1.378,1.456
-1.518,-1.442
-2.113,-1.534
-2.821,-1.278
2.53,-1.397
2.328,-1.281
2.28,-1.442
1.567,-1.449
0.002,-1.461
-1.102,-1.378
-1.236,-1.261
-1.059,-1.379
-1.879,2.953
-1.9,3.202
-1.89,2.9
-2.374,3.135
-2.442,2.887
2.985,2.869
2.431,3.084
2.214,2.85
2.09,3.194
1.9,2.856
1.106,3.192
0.821,2.976
-0.322,3.11
-1.139,2.811
-1.422,2.509
-1.497,0.635
0.435,0.476
0.254,2.247
0.242,1.143
-0.661,0.953
-0.618,0.813
-1.033,1.856
-1.814,1.734
3.084,1.007
-1.151,1.753
-1.348,1.744
1.98,2.783
-0.816,2.593
-1.536,-1.032
-2.937,-1.041
0.584,2.92
-0.241,0.482
-0.283,1.343
-0.242,0.208
-0.325,-0.796
-0.448,0.669
-0.47,0.641
-0.763,-0.327
-0.806,-1.313
-1.037,1.243
-1.053,0.576
-1.189,-1.189
-1.169,0.416
-1.295,2.195
-1.434,1.127
-1.574,-1.771
-2.169,-1.863
-2.877,-1.607
2.474,-1.726
2.272,-1.61
2.224,-1.771
1.511,-1.778
-0.054,-1.79
-1.158,-1.707
-1.292,-1.59
-1.115,-1.708
-1.935,2.624
-1.956,2.873
-1.946,2.571
-2.43,2.806
-2.498,2.558
2.929,2.54
2.375,2.755
2.158,2.521
2.034,2.865
1.844,2.527
1.05,2.863
0.765,2.647
-0.378,2.781
-1.195,2.482
-1.478,2.18
-1.553,0.306
0.379,0.147
0.198,1.918
0.186,0.814
-0.717,0.624
-0.674,0.484
-1.089,1.527
-1.87,1.405
3.028,0.678
-1.207,1.424
-1.404,1.415
1.924,2.454
-0.872,2.264
-1.592,-1.361
-2.993,-1.37
0.528,2.591
-0.042,0.861
-0.001,-0.274
-0.084,-1.278
-0.207,0.187
-0.229,0.159
-0.522,-0.809
-0.565,-1.795
-0.796,0.761
-0.812,0.094
-0.948,-1.671
-0.928,-0.066
-1.054,1.713
-1.193,0.645
-1.333,-2.253
-1.928,-2.345
-2.636,-2.089
2.715,-2.208
2.513,-2.092
2.465,-2.253
1.752,-2.26
0.187,-2.272
-0.917,-2.189
-1.051,-2.072
-0.874,-2.19
-1.694,2.142
-1.715,2.391
-1.705,2.089
-2.189,2.324
-2.257,2.076
-3.113,2.058
2.616,2.273
2.399,2.039
2.275,2.383
2.085,2.045
1.291,2.381
1.006,2.165
-0.137,2.299
-0.954,2.0
-1.237,1.698
-1.312,-0.176
0.62,-0.335
0.439,1.436
0.427,0.332
-0.476,0.142
-0.433,0.002
-0.848,1.045
-1.629,0.923
-3.014,0.196
-0.966,0.942
-1.163,0.933
2.165,1.972
-0.631,1.782
-1.351,-1.843
-2.752,-1.852
0.769,2.109
0.041,-1.135
-0.042,-2.139
-0.165,-0.674
-0.187,-0.702
-0.48,-1.67
-0.523,-2.656
-0.754,-0.1
-0.77,-0.767
-0.906,-2.532
-0.886,-0.927
-1.012,0.852
-1.151,-0.216
-1.291,-3.114
-1.886,-3.206
-2.594,-2.95
2.757,-3.069
2.555,-2.953
2.507,-3.114
1.794,-3.121
0.229,-3.133
-0.875,-3.05
-1.009,-2.933
-0.832,-3.051
-1.652,1.281
-1.673,1.53
-1.663,1.228
-2.147,1.463
-2.215,1.215
-3.071,1.197
2.658,1.412
2.441,1.178
2.317,1.522
2.127,1.184
1.333,1.52
1.048,1.304
-0.095,1.438
-0.912,1.139
-1.195,0.837
-1.27,-1.037
0.662,-1.196
0.481,0.575
0.469,-0.529
-0.434,-0.719
-0.391,-0.859
-0.806,0.184
-1.587,0.062
-2.972,-0.665
-0.924,0.081
-1.121,0.072
2.207,1.111
-0.589,0.921
-1.309,-2.704
-2.71,-2.713
0.811,1.248
-0.083,-1.004
-0.206,0.461
-0.228,0.433
-0.521,-0.535
-0.564,-1.521
-0.795,1.035
-0.811,0.368
-0.947,-1.397
-0.927,0.208
-1.053,1.987
-1.192,0.919
-1.332,-1.979
-1.927,-2.071
-2.635,-1.815
2.716,-1.934
2.514,-1.818
2.466,-1.979
1.753,-1.986
0.188,-1.998
-0.916,-1.915
-1.05,-1.798
-0.873,-1.916
-1.693,2.416
-1.714,2.665
-1.704,2.363
-2.188,2.598
-2.256,2.35
-3.112,2.332
2.617,2.547
2.4,2.313
2.276,2.657
2.086,2.319
1.292,2.655
1.007,2.439
-0.136,2.573
-0.953,2.274
-1.236,1.972
-1.311,0.098
0.621,-0.061
0.44,1.71
0.428,0.606
-0.475,0.416
-0.432,0.276
-0.847,1.319
-1.628,1.197
-3.013,0.47
-0.965,1.216
-1.162,1.207
2.166,2.246
-0.63,2.056
-1.35,-1.569
-2.751,-1.578
0.77,2.383
-0.123,1.465
-0.145,1.437
-0.438,0.469
-0.481,-0.517
-0.712,2.039
-0.728,1.372
-0.864,-0.393
-0.844,1.212
-0.97,2.991
-1.109,1.923
-1.249,-0.975
-1.844,-1.067
-2.552,-0.811
2.799,-0.93
2.597,-0.814
2.549,-0.975
1.836,-0.982
0.271,-0.994
-0.833,-0.911
-0.967,-0.794
-0.79,-0.912
-1.61,3.42
-1.631,3.669
-1.621,3.367
-2.105,3.602
-2.173,3.354
-3.029,3.336
2.7,3.551
2.483,3.317
2.359,3.661
2.169,3.323
1.375,3.659
1.09,3.443
-0.053,3.577
-0.87,3.278
-1.153,2.976
-1.228,1.102
0.704,0.943
0.523,2.714
0.511,1.61
-0.392,1.42
-0.349,1.28
-0.764,2.323
-1.545,2.201
-2.93,1.474
-0.882,2.22
-1.079,2.211
2.249,3.25
-0.547,3.06
-1.267,-0.565
-2.668,-0.574
0.853,3.387
-0.022,-0.028
-0.315,-0.996
-0.358,-1.982
-0.589,0.574
-0.605,-0.093
-0.741,-1.858
-0.721,-0.253
-0.847,1.526
-0.986,0.458
-1.126,-2.44
-1.721,-2.532
-2.429,-2.276
2.922,-2.395
2.72,-2.279
2.672,-2.44
1.959,-2.447
0.394,-2.459
-0.71,-2.376
-0.844,-2.259
-0.667,-2.377
-1.487,1.955
-1.508,2.204
-1.498,1.902
-1.982,2.137
-2.05,1.889
-2.906,1.871
2.823,2.086
2.606,1.852
2.482,2.196
2.292,1.858
1.498,2.194
1.213,1.978
0.07,2.112
-0.747,1.813
-1.03,1.511
-1.105,-0.363
0.827,-0.522
0.646,1.249
0.634,0.145
-0.269,-0.045
-0.226,-0.185
-0.641,0.858
-1.422,0.736
-2.807,0.009
-0.759,0.755
-0.956,0.746
2.372,1.785
-0.424,1.595
-1.144,-2.03
-2.545,-2.039
0.976,1.922
-0.293,-0.968
-0.336,-1.954
-0.567,0.602
-0.583,-0.065
-0.719,-1.83
-0.699,-0.225
-0.825,1.554
-0.964,0.486
-1.104,-2.412
-1.699,-2.504
-2.407,-2.248
2.944,-2.367
2.742,-2.251
2.694,-2.412
1.981,-2.419
0.416,-2.431
-0.688,-2.348
-0.822,-2.231
-0.645,-2.349
-1.465,1.983
-1.486,2.232
-1.476,1.93
-1.96,2.165
-2.028,1.917
-2.884,1.899
2.845,2.114
2.628,1.88
2.504,2.224
2.314,1.886
1.52,2.222
1.235,2.006
0.092,2.14
-0.725,1.841
-1.008,1.539
-1.083,-0.335
0.849,-0.494
0.668,1.277
0.656,0.173
-0.247,-0.017
-0.204,-0.157
-0.619,0.886
-1.4,0.764
-2.785,0.037
-0.737,0.783
-0.934,0.774
2.394,1.813
-0.402,1.623
-1.122,-2.002
-2.523,-2.011
0.998,1.95
-0.043,-0.986
-0.274,1.57
-0.29,0.903
-0.426,-0.862
-0.406,0.743
-0.532,2.522
-0.671,1.454
-0.811,-1.444
-1.406,-1.536
-2.114,-1.28
-3.046,-1.399
3.035,-1.283
2.987,-1.444
2.274,-1.451
0.709,-1.463
-0.395,-1.38
-0.529,-1.263
-0.352,-1.381
-1.172,2.951
-1.193,3.2
-1.183,2.898
-1.667,3.133
-1.735,2.885
-2.591,2.867
3.138,3.082
2.921,2.848
2.797,3.192
2.607,2.854
1.813,3.19
1.528,2.974
0.385,3.108
-0.432,2.809
-0.715,2.507
-0.79,0.633
1.142,0.474
0.961,2.245
0.949,1.141
0.046,0.951
0.089,0.811
-0.326,1.854
-1.107,1.732
-2.492,1.005
-0.444,1.751
-0.641,1.742
2.687,2.781
-0.109,2.591
-0.829,-1.034
-2.23,-1.043
1.291,2.918
-0.231,2.556
-0.247,1.889
-0.383,0.124
-0.363,1.729
-0.489,3.508
-0.628,2.44
-0.768,-0.458
-1.363,-0.55
-2.071,-0.294
-3.003,-0.413
3.078,-0.297
3.03,-0.458
2.317,-0.465
0.752,-0.477
-0.352,-0.394
-0.486,-0.277
-0.309,-0.395
-1.129,3.937
-1.15,4.186
-1.14,3.884
-1.624,4.119
-1.692,3.871
-2.548,3.853
-3.102,4.068
2.964,3.834
2.84,4.178
2.65,3.84
1.856,4.176
1.571,3.96
0.428,4.094
-0.389,3.795
-0.672,3.493
-0.747,1.619
1.185,1.46
1.004,3.231
0.992,2.127
0.089,1.937
0.132,1.797
-0.283,2.84
-1.064,2.718
-2.449,1.991
-0.401,2.737
-0.598,2.728
2.73,3.767
-0.066,3.577
-0.786,-0.048
-2.187,-0.057
1.334,3.904
-0.016,-0.667
-0.152,-2.432
-0.132,-0.827
-0.258,0.952
-0.397,-0.116
-0.537,-3.014
-1.132,-3.106
-1.84,-2.85
-2.772,-2.969
-2.974,-2.853
-3.022,-3.014
2.548,-3.021
0.983,-3.033
-0.121,-2.95
-0.255,-2.833
-0.078,-2.951
-0.898,1.381
-0.919,1.63
-0.909,1.328
-1.393,1.563
-1.461,1.315
-2.317,1.297
-2.871,1.512
-3.088,1.278
3.071,1.622
2.881,1.284
2.087,1.62
1.802,1.404
0.659,1.538
-0.158,1.239
-0.441,0.937
-0.516,-0.937
1.416,-1.096
1.235,0.675
1.223,-0.429
0.32,-0.619
0.363,-0.759
-0.052,0.284
-0.833,0.162
-2.218,-0.565
-0.17,0.181
-0.367,0.172
2.961,1.211
0.165,1.021
-0.555,-2.604
-1.956,-2.613
1.565,1.348
-0.136,-1.765
-0.116,-0.16
-0.242,1.619
-0.381,0.551
-0.521,-2.347
-1.116,-2.439
-1.824,-2.183
-2.756,-2.302
-2.958,-2.186
-3.006,-2.347
2.564,-2.354
0.999,-2.366
-0.105,-2.283
-0.239,-2.166
-0.062,-2.284
-0.882,2.048
-0.903,2.297
-0.893,1.995
-1.377,2.23
-1.445,1.982
-2.301,1.964
-2.855,2.179
-3.072,1.945
3.087,2.289
2.897,1.951
2.103,2.287
1.818,2.071
0.675,2.205
-0.142,1.906
-0.425,1.604
-0.5,-0.27
1.432,-0.429
1.251,1.342
1.239,0.238
0.336,0.048
0.379,-0.092
-0.036,0.951
-0.817,0.829
-2.202,0.102
-0.154,0.848
-0.351,0.839
2.977,1.878
0.181,1.688
-0.539,-1.937
-1.94,-1.946
1.581,2.015
0.02,1.605
-0.106,3.384
-0.245,2.316
-0.385,-0.582
-0.98,-0.674
-1.688,-0.418
-2.62,-0.537
-2.822,-0.421
-2.87,-0.582
2.7,-0.589
1.135,-0.601
0.031,-0.518
-0.103,-0.401
0.074,-0.519
-0.746,3.813
-0.767,4.062
-0.757,3.76
-1.241,3.995
-1.309,3.747
-2.165,3.729
-2.719,3.944
-2.936,3.71
-3.06,4.054
3.033,3.716
2.239,4.052
1.954,3.836
0.811,3.97
-0.006,3.671
-0.289,3.369
-0.364,1.495
1.568,1.336
1.387,3.107
1.375,2.003
0.472,1.813
0.515,1.673
0.1,2.716
-0.681,2.594
-2.066,1.867
-0.018,2.613
-0.215,2.604
3.113,3.643
0.317,3.453
-0.403,-0.172
-1.804,-0.181
1.717,3.78
-0.126,1.779
-0.265,0.711
-0.405,-2.187
-1.0,-2.279
-1.708,-2.023
-2.64,-2.142
-2.842,-2.026
-2.89,-2.187
2.68,-2.194
1.115,-2.206
0.011,-2.123
-0.123,-2.006
0.054,-2.124
-0.766,2.208
-0.787,2.457
-0.777,2.155
-1.261,2.39
-1.329,2.142
-2.185,2.124
-2.739,2.339
-2.956,2.105
-3.08,2.449
3.013,2.111
2.219,2.447
1.934,2.231
0.791,2.365
-0.026,2.066
-0.309,1.764
-0.384,-0.11
1.548,-0.269
1.367,1.502
1.355,0.398
0.452,0.208
0.495,0.068
0.08,1.111
-0.701,0.989
-2.086,0.262
-0.038,1.008
-0.235,0.999
3.093,2.038
0.297,1.848
-0.423,-1.777
-1.824,-1.786
1.697,2.175
-0.139,-1.068
-0.279,-3.966
-0.874,-4.058
-1.582,-3.802
-2.514,-3.921
-2.716,-3.805
-2.764,-3.966
2.806,-3.973
1.241,-3.985
0.137,-3.902
0.003,-3.785
0.18,-3.903
-0.64,0.429
-0.661,0.678
-0.651,0.376
-1.135,0.611
-1.203,0.363
-2.059,0.345
-2.613,0.56
-2.83,0.326
-2.954,0.67
3.139,0.332
2.345,0.668
2.06,0.452
0.917,0.586
0.1,0.287
-0.183,-0.015
-0.258,-1.889
1.674,-2.048
1.493,-0.277
1.481,-1.381
0.578,-1.571
0.621,-1.711
0.206,-0.668
-0.575,-0.79
-1.96,-1.517
0.088,-0.771
-0.109,-0.78
-3.064,0.259
0.423,0.069
-0.297,-3.556
-1.698,-3.565
1.823,0.396
-0.14,-2.898
-0.735,-2.99
-1.443,-2.734
-2.375,-2.853
-2.577,-2.737
-2.625,-2.898
2.945,-2.905
1.38,-2.917
0.276,-2.834
0.142,-2.717
0.319,-2.835
-0.501,1.497
-0.522,1.746
-0.512,1.444
-0.996,1.679
-1.064,1.431
-1.92,1.413
-2.474,1.628
-2.691,1.394
-2.815,1.738
-3.005,1.4
2.484,1.736
2.199,1.52
1.056,1.654
0.239,1.355
-0.044,1.053
-0.119,-0.821
1.813,-0.98
1.632,0.791
1.62,-0.313
0.717,-0.503
0.76,-0.643
0.345,0.4
-0.436,0.278
-1.821,-0.449
0.227,0.297
0.03,0.288
-2.925,1.327
0.562,1.137
-0.158,-2.488
-1.559,-2.497
1.962,1.464
-0.595,-0.092
-1.303,0.164
-2.235,0.045
-2.437,0.161
-2.485,0.0
3.085,-0.007
1.52,-0.019
0.416,0.064
0.282,0.181
0.459,0.063
-0.361,4.395
-0.382,4.644
-0.372,4.342
-0.856,4.577
-0.924,4.329
-1.78,4.311
-2.334,4.526
-2.551,4.292
-2.675,4.636
-2.865,4.298
2.624,4.634
2.339,4.418
1.196,4.552
0.379,4.253
0.096,3.951
0.021,2.077
1.953,1.918
1.772,3.689
1.76,2.585
0.857,2.395
0.9,2.255
0.485,3.298
-0.296,3.176
-1.681,2.449
0.367,3.195
0.17,3.186
-2.785,4.225
0.702,4.035
-0.018,0.41
-1.419,0.401
2.102,4.362
-0.708,0.256
-1.64,0.137
-1.842,0.253
-1.89,0.092
-2.603,0.085
2.115,0.073
1.011,0.156
0.877,0.273
1.054,0.155
0.234,4.487
0.213,4.736
0.223,4.434
-0.261,4.669
-0.329,4.421
-1.185,4.403
-1.739,4.618
-1.956,4.384
-2.08,4.728
-2.27,4.39
-3.064,4.726
2.934,4.51
1.791,4.644
0.974,4.345
0.691,4.043
0.616,2.169
2.548,2.01
2.367,3.781
2.355,2.677
1.452,2.487
1.495,2.347
1.08,3.39
0.299,3.268
-1.086,2.541
0.962,3.287
0.765,3.278
-2.19,4.317
1.297,4.127
0.577,0.502
-0.824,0.493
2.697,4.454
-0.932,-0.119
-1.134,-0.003
-1.182,-0.164
-1.895,-0.171
2.823,-0.183
1.719,-0.1
1.585,0.017
1.762,-0.101
0.942,4.231
0.921,4.48
0.931,4.178
0.447,4.413
0.379,4.165
-0.477,4.147
-1.031,4.362
-1.248,4.128
-1.372,4.472
-1.562,4.134
-2.356,4.47
-2.641,4.254
2.499,4.388
1.682,4.089
1.399,3.787
1.324,1.913
-3.027,1.754
3.075,3.525
3.063,2.421
2.16,2.231
2.203,2.091
1.788,3.134
1.007,3.012
-0.378,2.285
1.67,3.031
1.473,3.022
-1.482,4.061
2.005,3.871
1.285,0.246
-0.116,0.237
-2.878,4.198
-0.202,0.116
-0.25,-0.045
-0.963,-0.052
-2.528,-0.064
2.651,0.019
2.517,0.136
2.694,0.018
1.874,4.35
1.853,4.599
1.863,4.297
1.379,4.532
1.311,4.284
0.455,4.266
-0.099,4.481
-0.316,4.247
-0.44,4.591
-0.63,4.253
-1.424,4.589
-1.709,4.373
-2.852,4.507
2.614,4.208
2.331,3.906
2.256,2.032
-2.095,1.873
-2.276,3.644
-2.288,2.54
3.092,2.35
3.135,2.21
2.72,3.253
1.939,3.131
0.554,2.404
2.602,3.15
2.405,3.141
-0.55,4.18
2.937,3.99
2.217,0.365
0.816,0.356
-1.946,4.317
-0.048,-0.161
-0.761,-0.168
-2.326,-0.18
2.853,-0.097
2.719,0.02
2.896,-0.098
2.076,4.234
2.055,4.483
2.065,4.181
1.581,4.416
1.513,4.168
0.657,4.15
0.103,4.365
-0.114,4.131
-0.238,4.475
-0.428,4.137
-1.222,4.473
-1.507,4.257
-2.65,4.391
2.816,4.092
2.533,3.79
2.458,1.916
-1.893,1.757
-2.074,3.528
-2.086,2.424
-2.989,2.234
-2.946,2.094
2.922,3.137
2.141,3.015
0.756,2.288
2.804,3.034
2.607,3.025
-0.348,4.064
3.139,3.874
2.419,0.249
1.018,0.24
-1.744,4.201
-0.713,-0.007
-2.278,-0.019
2.901,0.064
2.767,0.181
2.944,0.063
2.124,4.395
2.103,4.644
2.113,4.342
1.629,4.577
1.561,4.329
0.705,4.311
0.151,4.526
-0.066,4.292
-0.19,4.636
-0.38,4.298
-1.174,4.634
-1.459,4.418
-2.602,4.552
2.864,4.253
2.581,3.951
2.506,2.077
-1.845,1.918
-2.026,3.689
-2.038,2.585
-2.941,2.395
-2.898,2.255
2.97,3.298
2.189,3.176
0.804,2.449
2.852,3.195
2.655,3.186
-0.3,4.225
-3.096,4.035
2.467,0.41
1.066,0.401
-1.696,4.362
-1.565,-0.012
-2.669,0.071
-2.803,0.188
-2.626,0.07
2.837,4.402
2.816,4.651
2.826,4.349
2.342,4.584
2.274,4.336
1.418,4.318
0.864,4.533
0.647,4.299
0.523,4.643
0.333,4.305
-0.461,4.641
-0.746,4.425
-1.889,4.559
-2.706,4.26
-2.989,3.958
-3.064,2.084
-1.132,1.925
-1.313,3.696
-1.325,2.592
-2.228,2.402
-2.185,2.262
-2.6,3.305
2.902,3.183
1.517,2.456
-2.718,3.202
-2.915,3.193
0.413,4.232
-2.383,4.042
-3.103,0.417
1.779,0.408
-0.983,4.369
-1.104,0.083
-1.238,0.2
-1.061,0.082
-1.881,4.414
-1.902,4.663
-1.892,4.361
-2.376,4.596
-2.444,4.348
2.983,4.33
2.429,4.545
2.212,4.311
2.088,4.655
1.898,4.317
1.104,4.653
0.819,4.437
-0.324,4.571
-1.141,4.272
-1.424,3.97
-1.499,2.096
0.433,1.937
0.252,3.708
0.24,2.604
-0.663,2.414
-0.62,2.274
-1.035,3.317
-1.816,3.195
3.082,2.468
-1.153,3.214
-1.35,3.205
1.978,4.244
-0.818,4.054
-1.538,0.429
-2.939,0.42
0.582,4.381
-0.134,0.117
0.043,-0.001
-0.777,4.331
-0.798,4.58
-0.788,4.278
-1.272,4.513
-1.34,4.265
-2.196,4.247
-2.75,4.462
-2.967,4.228
-3.091,4.572
3.002,4.234
2.208,4.57
1.923,4.354
0.78,4.488
-0.037,4.189
-0.32,3.887
-0.395,2.013
1.537,1.854
1.356,3.625
1.344,2.521
0.441,2.331
0.484,2.191
0.069,3.234
-0.712,3.112
-2.097,2.385
-0.049,3.131
-0.246,3.122
3.082,4.161
0.286,3.971
-0.434,0.346
-1.835,0.337
1.686,4.298
0.177,-0.118
-0.643,4.214
-0.664,4.463
-0.654,4.161
-1.138,4.396
-1.206,4.148
-2.062,4.13
-2.616,4.345
-2.833,4.111
-2.957,4.455
3.136,4.117
2.342,4.453
2.057,4.237
0.914,4.371
0.097,4.072
-0.186,3.77
-0.261,1.896
1.671,1.737
1.49,3.508
1.478,2.404
0.575,2.214
0.618,2.074
0.203,3.117
-0.578,2.995
-1.963,2.268
0.085,3.014
-0.112,3.005
-3.067,4.044
0.42,3.854
-0.3,0.229
-1.701,0.22
1.82,4.181
-0.82,4.332
-0.841,4.581
-0.831,4.279
-1.315,4.514
-1.383,4.266
-2.239,4.248
-2.793,4.463
-3.01,4.229
-3.134,4.573
2.959,4.235
2.165,4.571
1.88,4.355
0.737,4.489
-0.08,4.19
-0.363,3.888
-0.438,2.014
1.494,1.855
1.313,3.626
1.301,2.522
0.398,2.332
0.441,2.192
0.026,3.235
-0.755,3.113
-2.14,2.386
-0.092,3.132
-0.289,3.123
3.039,4.162
0.243,3.972
-0.477,0.347
-1.878,0.338
1.643,4.299
-0.021,0.249
-0.011,-0.053
-0.495,0.182
-0.563,-0.066
-1.419,-0.084
-1.973,0.131
-2.19,-0.103
-2.314,0.241
-2.504,-0.097
2.985,0.239
2.7,0.023
1.557,0.157
0.74,-0.142
0.457,-0.444
0.382,-2.318
2.314,-2.477
2.133,-0.706
2.121,-1.81
1.218,-2.0
1.261,-2.14
0.846,-1.097
0.065,-1.219
-1.32,-1.946
0.728,-1.2
0.531,-1.209
-2.424,-0.17
1.063,-0.36
0.343,-3.985
-1.058,-3.994
2.463,-0.033
0.01,-0.302
-0.474,-0.067
-0.542,-0.315
-1.398,-0.333
-1.952,-0.118
-2.169,-0.352
-2.293,-0.008
-2.483,-0.346
3.006,-0.01
2.721,-0.226
1.578,-0.092
0.761,-0.391
0.478,-0.693
0.403,-2.567
2.335,-2.726
2.154,-0.955
2.142,-2.059
1.239,-2.249
1.282,-2.389
0.867,-1.346
0.086,-1.468
-1.299,-2.195
0.749,-1.449
0.552,-1.458
-2.403,-0.419
1.084,-0.609
0.364,-4.234
-1.037,-4.243
2.484,-0.282
-0.484,0.235
-0.552,-0.013
-1.408,-0.031
-1.962,0.184
-2.179,-0.05
-2.303,0.294
-2.493,-0.044
2.996,0.292
2.711,0.076
1.568,0.21
0.751,-0.089
0.468,-0.391
0.393,-2.265
2.325,-2.424
2.144,-0.653
2.132,-1.757
1.229,-1.947
1.272,-2.087
0.857,-1.044
0.076,-1.166
-1.309,-1.893
0.739,-1.147
0.542,-1.156
-2.413,-0.117
1.074,-0.307
0.354,-3.932
-1.047,-3.941
2.474,0.02
-0.068,-0.248
-0.924,-0.266
-1.478,-0.051
-1.695,-0.285
-1.819,0.059
-2.009,-0.279
-2.803,0.057
-3.088,-0.159
2.052,-0.025
1.235,-0.324
0.952,-0.626
0.877,-2.5
2.809,-2.659
2.628,-0.888
2.616,-1.992
1.713,-2.182
1.756,-2.322
1.341,-1.279
0.56,-1.401
-0.825,-2.128
1.223,-1.382
1.026,-1.391
-1.929,-0.352
1.558,-0.542
0.838,-4.167
-0.563,-4.176
2.958,-0.215
-0.856,-0.018
-1.41,0.197
-1.627,-0.037
-1.751,0.307
-1.941,-0.031
-2.735,0.305
-3.02,0.089
2.12,0.223
1.303,-0.076
1.02,-0.378
0.945,-2.252
2.877,-2.411
2.696,-0.64
2.684,-1.744
1.781,-1.934
1.824,-2.074
1.409,-1.031
0.628,-1.153
-0.757,-1.88
1.291,-1.134
1.094,-1.143
-1.861,-0.104
1.626,-0.294
0.906,-3.919
-0.495,-3.928
3.026,0.033
-0.554,0.215
-0.771,-0.019
-0.895,0.325
-1.085,-0.013
-1.879,0.323
-2.164,0.107
2.976,0.241
2.159,-0.058
1.876,-0.36
1.801,-2.234
-2.55,-2.393
-2.731,-0.622
-2.743,-1.726
2.637,-1.916
2.68,-2.056
2.265,-1.013
1.484,-1.135
0.099,-1.862
2.147,-1.116
1.95,-1.125
-1.005,-0.086
2.482,-0.276
1.762,-3.901
0.361,-3.91
-2.401,0.051
-0.217,-0.234
-0.341,0.11
-0.531,-0.228
-1.325,0.108
-1.61,-0.108
-2.753,0.026
2.713,-0.273
2.43,-0.575
2.355,-2.449
-1.996,-2.608
-2.177,-0.837
-2.189,-1.941
-3.092,-2.131
-3.049,-2.271
2.819,-1.228
2.038,-1.35
0.653,-2.077
2.701,-1.331
2.504,-1.34
-0.451,-0.301
3.036,-0.491
2.316,-4.116
0.915,-4.125
-1.847,-0.164
-0.124,0.344
-0.314,0.006
-1.108,0.342
-1.393,0.126
-2.536,0.26
2.93,-0.039
2.647,-0.341
2.572,-2.215
-1.779,-2.374
-1.96,-0.603
-1.972,-1.707
-2.875,-1.897
-2.832,-2.037
3.036,-0.994
2.255,-1.116
0.87,-1.843
2.918,-1.097
2.721,-1.106
-0.234,-0.067
-3.03,-0.257
2.533,-3.882
1.132,-3.891
-1.63,0.07
-0.19,-0.338
-0.984,-0.002
-1.269,-0.218
-2.412,-0.084
3.054,-0.383
2.771,-0.685
2.696,-2.559
-1.655,-2.718
-1.836,-0.947
-1.848,-2.051
-2.751,-2.241
-2.708,-2.381
-3.123,-1.338
2.379,-1.46
0.994,-2.187
3.042,-1.441
2.845,-1.45
-0.11,-0.411
-2.906,-0.601
2.657,-4.226
1.256,-4.235
-1.506,-0.274
-0.794,0.336
-1.079,0.12
-2.222,0.254
-3.039,-0.045
2.961,-0.347
2.886,-2.221
-1.465,-2.38
-1.646,-0.609
-1.658,-1.713
-2.561,-1.903
-2.518,-2.043
-2.933,-1.0
2.569,-1.122
1.184,-1.849
-3.051,-1.103
3.035,-1.112
0.08,-0.073
-2.716,-0.263
2.847,-3.888
1.446,-3.897
-1.316,0.064
-0.285,-0.216
-1.428,-0.082
-2.245,-0.381
-2.528,-0.683
-2.603,-2.557
-0.671,-2.716
-0.852,-0.945
-0.864,-2.049
-1.767,-2.239
-1.724,-2.379
-2.139,-1.336
-2.92,-1.458
1.978,-2.185
-2.257,-1.439
-2.454,-1.448
0.874,-0.409
-1.922,-0.599
-2.642,-4.224
2.24,-4.233
-0.522,-0.272
-1.143,0.134
-1.96,-0.165
-2.243,-0.467
-2.318,-2.341
-0.386,-2.5
-0.567,-0.729
-0.579,-1.833
-1.482,-2.023
-1.439,-2.163
-1.854,-1.12
-2.635,-1.242
2.263,-1.969
-1.972,-1.223
-2.169,-1.232
1.159,-0.193
-1.637,-0.383
-2.357,-4.008
2.525,-4.017
-0.237,-0.056
-0.817,-0.299
-1.1,-0.601
-1.175,-2.475
0.757,-2.634
0.576,-0.863
0.564,-1.967
-0.339,-2.157
-0.296,-2.297
-0.711,-1.254
-1.492,-1.376
-2.877,-2.103
-0.829,-1.357
-1.026,-1.366
2.302,-0.327
-0.494,-0.517
-1.214,-4.142
-2.615,-4.151
0.906,-0.19
-0.283,-0.302
-0.358,-2.176
1.574,-2.335
1.393,-0.564
1.381,-1.668
0.478,-1.858
0.521,-1.998
0.106,-0.955
-0.675,-1.077
-2.06,-1.804
-0.012,-1.058
-0.209,-1.067
3.119,-0.028
0.323,-0.218
-0.397,-3.843
-1.798,-3.852
1.723,0.109
-0.075,-1.874
1.857,-2.033
1.676,-0.262
1.664,-1.366
0.761,-1.556
0.804,-1.696
0.389,-0.653
-0.392,-0.775
-1.777,-1.502
0.271,-0.756
0.074,-0.765
-2.881,0.274
0.606,0.084
-0.114,-3.541
-1.515,-3.55
2.006,0.411
1.932,-0.159
1.751,1.612
1.739,0.508
0.836,0.318
0.879,0.178
0.464,1.221
-0.317,1.099
-1.702,0.372
0.346,1.118
0.149,1.109
-2.806,2.148
0.681,1.958
-0.039,-1.667
-1.44,-1.676
2.081,2.285
-0.181,1.771
-0.193,0.667
-1.096,0.477
-1.053,0.337
-1.468,1.38
-2.249,1.258
2.649,0.531
-1.586,1.277
-1.783,1.268
1.545,2.307
-1.251,2.117
-1.971,-1.508
2.911,-1.517
0.149,2.444
-0.012,-1.104
-0.915,-1.294
-0.872,-1.434
-1.287,-0.391
-2.068,-0.513
2.83,-1.24
-1.405,-0.494
-1.602,-0.503
1.726,0.536
-1.07,0.346
-1.79,-3.279
3.092,-3.288
0.33,0.673
-0.903,-0.19
-0.86,-0.33
-1.275,0.713
-2.056,0.591
2.842,-0.136
-1.393,0.61
-1.59,0.601
1.738,1.64
-1.058,1.45
-1.778,-2.175
3.104,-2.184
0.342,1.777
0.043,-0.14
-0.372,0.903
-1.153,0.781
-2.538,0.054
-0.49,0.8
-0.687,0.791
2.641,1.83
-0.155,1.64
-0.875,-1.985
-2.276,-1.994
1.245,1.967
-0.415,1.043
-1.196,0.921
-2.581,0.194
-0.533,0.94
-0.73,0.931
2.598,1.97
-0.198,1.78
-0.918,-1.845
-2.319,-1.854
1.202,2.107
-0.781,-0.122
-2.166,-0.849
-0.118,-0.103
-0.315,-0.112
3.013,0.927
0.217,0.737
-0.503,-2.888
-1.904,-2.897
1.617,1.064
-1.385,-0.727
0.663,0.019
0.466,0.01
-2.489,1.049
0.998,0.859
0.278,-2.766
-1.123,-2.775
2.398,1.186
2.048,0.746
1.851,0.737
-1.104,1.776
2.383,1.586
1.663,-2.039
0.262,-2.048
-2.5,1.913
-0.197,-0.009
3.131,1.03
0.335,0.84
-0.385,-2.785
-1.786,-2.794
1.735,1.167
-2.955,1.039
0.532,0.849
-0.188,-2.776
-1.589,-2.785
1.932,1.176
-2.796,-0.19
2.767,-3.815
1.366,-3.824
-1.396,0.137
-0.72,-3.625
-2.121,-3.634
1.4,0.327
-1.401,-0.009
2.12,3.952
-2.762,3.961
