0.028,-1.836
-0.029,-1.808
-0.043,1.771
-0.017,0.768
-0.052,-1.354
-0.066,0.445
-0.091,-0.941
-0.168,-2.203
-0.184,1.042
-0.145,-0.774
-0.236,-1.708
-0.186,0.197
-0.222,0.974
-0.3,-1.076
-0.231,-1.697
-0.317,1.666
-0.244,-1.513
-0.264,-0.204
-0.382,-0.646
-0.415,-0.992
-0.373,-1.636
-0.427,-1.193
-0.495,-1.781
-0.501,0.812
-0.51,0.825
-0.458,-0.411
-0.543,-0.632
-0.602,1.355
-0.646,0.374
-0.627,0.836
-0.677,1.486
-0.763,1.636
-0.687,1.494
-0.854,-2.021
-0.808,0.744
-0.834,0.64
-0.876,-0.548
-0.878,1.007
-0.92,-0.525
-1.016,1.389
-1.1,-0.006
-1.061,-0.162
-1.116,-0.111
-1.223,-1.455
-1.28,0.873
-1.245,-0.632
-1.225,-0.395
-1.227,1.025
-1.371,0.323
-1.345,0.913
-1.392,-0.821
-1.467,-0.871
-1.432,1.361
-1.459,1.071
-1.588,-0.136
-1.574,-0.189
-1.666,-0.894
-1.711,-1.601
-1.76,-0.872
-2.052,-1.835
-2.051,0.105
-2.192,-0.4
-2.183,-0.024
-2.169,0.261
-2.327,-1.854
-2.426,-1.104
-2.489,0.212
-2.506,0.937
-2.523,-0.854
-2.604,1.503
-2.675,0.227
-2.637,-1.268
-2.645,-2.075
-2.789,0.692
-2.805,0.825
-2.862,-1.449
-2.855,-0.51
-2.824,-1.24
-2.886,-0.019
-2.878,0.894
-2.883,-1.609
-2.925,-0.568
-2.967,-0.912
-2.996,-1.841
-3.022,-0.909
-3.055,-1.197
-3.058,-1.166
-2.982,-2.149
-3.032,-1.137
-3.094,0.693
-3.141,-1.995
3.112,-2.23
-3.133,-0.588
3.099,-0.364
3.075,-0.448
3.14,-1.69
3.109,0.155
3.114,-2.056
3.105,1.403
3.007,1.193
2.994,1.64
3.007,-2.024
2.91,-0.427
2.951,1.536
2.917,0.124
2.862,1.341
2.861,0.94
2.836,-2.048
2.841,0.145
2.886,-0.161
2.798,-0.514
2.737,-1.036
2.794,-0.91
2.733,1.014
2.636,0.589
2.693,-1.313
2.614,-0.389
2.566,0.46
2.472,-0.09
2.54,-2.132
2.49,-0.985
2.449,1.153
2.373,-0.379
2.331,-1.897
2.33,-0.212
2.36,-1.681
2.367,-1.714
2.195,0.468
2.224,-0.107
2.139,-0.013
2.132,-1.725
2.142,-0.642
2.087,-1.002
1.918,1.599
1.976,-1.832
1.914,-1.952
1.844,-2.198
1.909,1.543
1.798,-1.296
1.766,1.683
1.767,-0.767
1.737,-0.94
1.572,1.708
1.467,-0.731
1.528,-1.779
1.496,-1.018
1.463,-1.243
1.319,-1.962
1.262,-0.405
1.177,1.428
1.141,1.727
1.136,-0.794
1.026,0.441
1.058,-1.714
0.995,-1.442
1.005,-2.163
1.001,1.099
0.943,1.314
0.956,1.675
0.768,-2.156
0.51,-1.55
0.418,-1.266
0.413,0.32
0.428,-0.106
0.405,1.591
0.396,0.368
0.331,1.575
0.367,-1.354
0.368,0.51
0.297,0.311
0.212,-0.383
0.211,0.997
0.157,-0.355
0.159,-1.863
0.139,1.226
0.152,-0.576
0.089,-0.588
0.062,-0.135
-0.256,-2.596
-0.804,-2.248
-0.833,-2.353
-0.821,-2.267
-0.995,-2.65
-2.512,-2.171
-2.838,-2.393
-3.056,-2.32
2.945,-2.312
2.679,-2.631
2.471,-2.549
2.402,-2.609
2.059,-2.373
1.956,-2.419
1.86,-2.721
1.306,-2.403
0.955,-2.447
0.829,-2.477
0.626,-2.58
0.679,-2.35
0.558,-2.609
0.132,-2.592
-0.052,1.762
-0.057,1.928
-0.561,2.127
-1.0,2.057
-1.179,1.877
-2.074,2.201
-2.376,1.904
-2.367,2.101
-2.449,2.177
-2.576,2.217
-2.726,1.819
-2.655,1.882
-2.909,2.116
-2.981,2.246
-3.094,2.141
3.103,1.825
2.816,2.234
2.471,2.015
2.186,2.163
1.551,1.9
1.226,1.972
1.165,2.007
0.81,1.863
0.44,2.188
0.451,2.129
0.188,2.06
-0.699,-1.177
-1.194,-0.669
-1.836,1.352
-2.817,-1.576
2.148,0.408
1.44,1.391
-2.594,-2.595
-0.132,2.089
0.083,1.661
-0.07,-0.116
-0.157,1.673
-0.284,1.333
-0.204,-1.772
-0.192,0.076
-0.434,-0.149
-0.451,1.234
-0.504,1.786
-0.634,-1.141
-0.744,0.112
-0.658,-0.384
-0.662,0.225
-0.71,0.548
-0.778,-0.162
-0.805,0.223
-0.864,0.73
-0.958,0.874
-1.154,1.64
-1.178,1.353
-1.098,1.532
-1.162,-1.352
-1.369,1.282
-1.517,0.142
-1.602,-0.937
-1.646,-1.985
-1.519,-1.76
-1.736,-2.11
-1.744,-1.173
-1.757,-1.12
-1.65,0.827
-1.689,-0.233
-1.793,-0.588
-1.868,-0.749
-1.86,0.843
-1.869,-2.201
-2.068,-0.946
-1.956,-0.732
-1.995,-1.246
-2.179,1.673
-2.125,-0.563
-2.193,1.763
-2.44,1.502
-2.599,-0.188
-2.639,-0.955
-2.785,-1.981
-2.706,-0.743
-2.898,-0.134
-2.816,-2.063
-2.837,-0.921
-2.998,-0.668
-2.926,-0.576
-3.034,1.34
-3.043,-1.726
-3.056,1.065
-3.085,-0.117
3.132,-0.679
-3.14,-1.193
-3.109,-0.038
3.097,0.657
2.704,-0.442
2.732,-0.472
2.628,-1.088
2.694,-1.781
2.67,1.137
2.454,1.254
2.549,-2.181
2.413,-1.708
2.403,-1.888
2.473,0.489
2.475,1.512
2.285,1.368
2.367,1.053
2.194,-0.599
2.176,-1.871
2.195,-0.763
2.168,0.011
2.039,1.725
1.99,1.251
2.109,-0.161
1.972,-0.963
1.947,-1.168
1.866,1.542
1.485,1.817
1.492,-1.238
1.185,-0.959
1.256,0.323
1.167,-0.124
0.95,1.31
1.059,-1.246
0.854,-0.956
0.834,-0.999
0.383,-0.106
0.455,0.275
0.277,0.773
0.266,1.171
0.313,-0.686
0.105,0.71
0.268,-1.533
0.026,-1.443
0.024,-2.108
-0.454,-2.319
-1.029,-2.468
-1.157,-2.361
-1.664,-2.393
-2.244,-2.534
-2.254,-2.497
-2.617,-2.22
2.957,-2.428
2.797,-2.567
2.857,-2.466
2.633,-2.404
2.454,-2.553
2.165,-2.578
1.861,-2.365
1.486,-2.527
1.239,-2.33
0.851,-2.436
0.46,-2.505
0.037,1.974
-0.119,2.153
-0.192,2.151
-0.096,2.149
-0.134,2.074
-1.042,2.103
-2.839,1.957
-2.939,1.933
-3.096,2.04
2.504,1.762
1.882,2.056
1.347,1.865
-1.109,1.209
-1.259,1.432
-1.259,-1.286
-1.426,1.574
2.025,0.445
1.477,1.228
1.342,1.232
-2.83,-1.08
2.936,-1.049
1.78,0.453
1.784,0.558
0.757,0.075
0.77,0.879
0.613,0.042
0.618,1.045
-0.443,-1.307
-0.442,-0.3
-2.81,-0.148
-0.341,1.856
1.728,-2.055
1.6,1.958
-0.057,0.028
-0.071,3.607
-0.045,2.604
-0.08,0.482
-0.094,2.281
-0.119,0.895
-0.196,-0.367
-0.212,2.878
-0.173,1.062
-0.264,0.128
-0.214,2.033
-0.25,2.81
-0.328,0.76
-0.259,0.139
-0.345,3.502
-0.272,0.323
-0.292,1.632
-0.41,1.19
-0.443,0.844
-0.401,0.2
-0.455,0.643
-0.523,0.055
-0.529,2.648
-0.538,2.661
-0.486,1.425
-0.571,1.204
-0.63,3.191
-0.674,2.21
-0.655,2.672
-0.705,3.322
-0.791,3.472
-0.715,3.33
-0.882,-0.185
-0.836,2.58
-0.862,2.476
-0.904,1.288
-0.906,2.843
-0.948,1.311
-1.044,3.225
-1.128,1.83
-1.089,1.674
-1.144,1.725
-1.251,0.381
-1.308,2.709
-1.273,1.204
-1.253,1.441
-1.255,2.861
-1.399,2.159
-1.373,2.749
-1.42,1.015
-1.495,0.965
-1.46,3.197
-1.487,2.907
-1.616,1.7
-1.602,1.647
-1.694,0.942
-1.739,0.235
-1.788,0.964
-2.08,0.001
-2.079,1.941
-2.22,1.436
-2.211,1.812
-2.197,2.097
-2.355,-0.018
-2.454,0.732
-2.517,2.048
-2.534,2.773
-2.551,0.982
-2.632,3.339
-2.703,2.063
-2.665,0.568
-2.673,-0.239
-2.817,2.528
-2.833,2.661
-2.89,0.387
-2.883,1.326
-2.852,0.596
-2.914,1.817
-2.906,2.73
-2.911,0.227
-2.953,1.268
-2.995,0.924
-3.024,-0.005
-3.05,0.927
-3.083,0.639
-3.086,0.67
-3.01,-0.313
-3.06,0.699
-3.122,2.529
3.114,-0.159
3.084,-0.394
3.122,1.248
3.071,1.472
3.047,1.388
3.112,0.146
3.081,1.991
3.086,-0.22
3.077,3.239
2.979,3.029
2.966,3.476
2.979,-0.188
2.882,1.409
2.923,3.372
2.889,1.96
2.834,3.177
2.833,2.776
2.808,-0.212
2.813,1.981
2.858,1.675
2.77,1.322
2.709,0.8
2.766,0.926
2.705,2.85
2.608,2.425
2.665,0.523
2.586,1.447
2.538,2.296
2.444,1.746
2.512,-0.296
2.462,0.851
2.421,2.989
2.345,1.457
2.303,-0.061
2.302,1.624
2.332,0.155
2.339,0.122
2.167,2.304
2.196,1.729
2.111,1.823
2.104,0.111
2.114,1.194
2.059,0.834
1.89,3.435
1.948,0.004
1.886,-0.116
1.816,-0.362
1.881,3.379
1.77,0.54
1.738,3.519
1.739,1.069
1.709,0.896
1.544,3.544
1.439,1.105
1.5,0.057
1.468,0.818
1.435,0.593
1.291,-0.126
1.234,1.431
1.149,3.264
1.113,3.563
1.108,1.042
0.998,2.277
1.03,0.122
0.967,0.394
0.977,-0.327
0.973,2.935
0.915,3.15
0.928,3.511
0.74,-0.32
0.482,0.286
0.39,0.57
0.385,2.156
0.4,1.73
0.377,3.427
0.368,2.204
0.303,3.411
0.339,0.482
0.34,2.346
0.269,2.147
0.184,1.453
0.183,2.833
0.129,1.481
0.131,-0.027
0.111,3.062
0.124,1.26
0.061,1.248
0.034,1.701
-0.284,-0.76
-0.832,-0.412
-0.861,-0.517
-0.849,-0.431
-1.023,-0.814
-2.54,-0.335
-2.866,-0.557
-3.084,-0.484
2.917,-0.476
2.651,-0.795
2.443,-0.713
2.374,-0.773
2.031,-0.537
1.928,-0.583
1.832,-0.885
1.278,-0.567
0.927,-0.611
0.801,-0.641
0.598,-0.744
0.651,-0.514
0.53,-0.773
0.104,-0.756
-0.08,3.598
-0.085,3.764
-0.589,3.963
-1.028,3.893
-1.207,3.713
-2.102,4.037
-2.404,3.74
-2.395,3.937
-2.477,4.013
-2.604,4.053
-2.754,3.655
-2.683,3.718
-2.937,3.952
-3.009,4.082
-3.122,3.977
3.075,3.661
2.788,4.07
2.443,3.851
2.158,3.999
1.523,3.736
1.198,3.808
1.137,3.843
0.782,3.699
0.412,4.024
0.423,3.965
0.16,3.896
-0.727,0.659
-1.222,1.167
-1.864,3.188
-2.845,0.26
2.12,2.244
1.412,3.227
-2.622,-0.759
-0.16,3.925
0.055,3.497
-0.098,1.72
-0.185,3.509
-0.312,3.169
-0.232,0.064
-0.22,1.912
-0.462,1.687
-0.479,3.07
-0.532,3.622
-0.662,0.695
-0.772,1.948
-0.686,1.452
-0.69,2.061
-0.738,2.384
-0.806,1.674
-0.833,2.059
-0.892,2.566
-0.986,2.71
-1.182,3.476
-1.206,3.189
-1.126,3.368
-1.19,0.484
-1.397,3.118
-1.545,1.978
-1.63,0.899
-1.674,-0.149
-1.547,0.076
-1.764,-0.274
-1.772,0.663
-1.785,0.716
-1.678,2.663
-1.717,1.603
-1.821,1.248
-1.896,1.087
-1.888,2.679
-1.897,-0.365
-2.096,0.89
-1.984,1.104
-2.023,0.59
-2.207,3.509
-2.153,1.273
-2.221,3.599
-2.468,3.338
-2.627,1.648
-2.667,0.881
-2.813,-0.145
-2.734,1.093
-2.926,1.702
-2.844,-0.227
-2.865,0.915
-3.026,1.168
-2.954,1.26
-3.062,3.176
-3.071,0.11
-3.084,2.901
-3.113,1.719
3.104,1.157
3.115,0.643
-3.137,1.798
3.069,2.493
2.676,1.394
2.704,1.364
2.6,0.748
2.666,0.055
2.642,2.973
2.426,3.09
2.521,-0.345
2.385,0.128
2.375,-0.052
2.445,2.325
2.447,3.348
2.257,3.204
2.339,2.889
2.166,1.237
2.148,-0.035
2.167,1.073
2.14,1.847
2.011,3.561
1.962,3.087
2.081,1.675
1.944,0.873
1.919,0.668
1.838,3.378
1.457,3.653
1.464,0.598
1.157,0.877
1.228,2.159
1.139,1.712
0.922,3.146
1.031,0.59
0.826,0.88
0.806,0.837
0.355,1.73
0.427,2.111
0.249,2.609
0.238,3.007
0.285,1.15
0.077,2.546
0.24,0.303
-0.002,0.393
-0.004,-0.272
-0.482,-0.483
-1.057,-0.632
-1.185,-0.525
-1.692,-0.557
-2.272,-0.698
-2.282,-0.661
-2.645,-0.384
2.929,-0.592
2.769,-0.731
2.829,-0.63
2.605,-0.568
2.426,-0.717
2.137,-0.742
1.833,-0.529
1.458,-0.691
1.211,-0.494
0.823,-0.6
0.432,-0.669
0.009,3.81
-0.147,3.989
-0.22,3.987
-0.124,3.985
-0.162,3.91
-1.07,3.939
-2.867,3.793
-2.967,3.769
-3.124,3.876
2.476,3.598
1.854,3.892
1.319,3.701
-1.137,3.045
-1.287,3.268
-1.287,0.55
-1.454,3.41
1.997,2.281
1.449,3.064
1.314,3.068
-2.858,0.756
2.908,0.787
1.752,2.289
1.756,2.394
0.729,1.911
0.742,2.715
0.585,1.878
0.59,2.881
-0.471,0.529
-0.47,1.536
-2.838,1.688
-0.369,3.692
1.7,-0.219
1.572,3.794
-0.014,3.579
0.012,2.576
-0.023,0.454
-0.037,2.253
-0.062,0.867
-0.139,-0.395
-0.155,2.85
-0.116,1.034
-0.207,0.1
-0.157,2.005
-0.193,2.782
-0.271,0.732
-0.202,0.111
-0.288,3.474
-0.215,0.295
-0.235,1.604
-0.353,1.162
-0.386,0.816
-0.344,0.172
-0.398,0.615
-0.466,0.027
-0.472,2.62
-0.481,2.633
-0.429,1.397
-0.514,1.176
-0.573,3.163
-0.617,2.182
-0.598,2.644
-0.648,3.294
-0.734,3.444
-0.658,3.302
-0.825,-0.213
-0.779,2.552
-0.805,2.448
-0.847,1.26
-0.849,2.815
-0.891,1.283
-0.987,3.197
-1.071,1.802
-1.032,1.646
-1.087,1.697
-1.194,0.353
-1.251,2.681
-1.216,1.176
-1.196,1.413
-1.198,2.833
-1.342,2.131
-1.316,2.721
-1.363,0.987
-1.438,0.937
-1.403,3.169
-1.43,2.879
-1.559,1.672
-1.545,1.619
-1.637,0.914
-1.682,0.207
-1.731,0.936
-2.023,-0.027
-2.022,1.913
-2.163,1.408
-2.154,1.784
-2.14,2.069
-2.298,-0.046
-2.397,0.704
-2.46,2.02
-2.477,2.745
-2.494,0.954
-2.575,3.311
-2.646,2.035
-2.608,0.54
-2.616,-0.267
-2.76,2.5
-2.776,2.633
-2.833,0.359
-2.826,1.298
-2.795,0.568
-2.857,1.789
-2.849,2.702
-2.854,0.199
-2.896,1.24
-2.938,0.896
-2.967,-0.033
-2.993,0.899
-3.026,0.611
-3.029,0.642
-2.953,-0.341
-3.003,0.671
-3.065,2.501
-3.112,-0.187
3.141,-0.422
-3.104,1.22
3.128,1.444
3.104,1.36
-3.114,0.118
3.138,1.963
-3.14,-0.248
3.134,3.211
3.036,3.001
3.023,3.448
3.036,-0.216
2.939,1.381
2.98,3.344
2.946,1.932
2.891,3.149
2.89,2.748
2.865,-0.24
2.87,1.953
2.915,1.647
2.827,1.294
2.766,0.772
2.823,0.898
2.762,2.822
2.665,2.397
2.722,0.495
2.643,1.419
2.595,2.268
2.501,1.718
2.569,-0.324
2.519,0.823
2.478,2.961
2.402,1.429
2.36,-0.089
2.359,1.596
2.389,0.127
2.396,0.094
2.224,2.276
2.253,1.701
2.168,1.795
2.161,0.083
2.171,1.166
2.116,0.806
1.947,3.407
2.005,-0.024
1.943,-0.144
1.873,-0.39
1.938,3.351
1.827,0.512
1.795,3.491
1.796,1.041
1.766,0.868
1.601,3.516
1.496,1.077
1.557,0.029
1.525,0.79
1.492,0.565
1.348,-0.154
1.291,1.403
1.206,3.236
1.17,3.535
1.165,1.014
1.055,2.249
1.087,0.094
1.024,0.366
1.034,-0.355
1.03,2.907
0.972,3.122
0.985,3.483
0.797,-0.348
0.539,0.258
0.447,0.542
0.442,2.128
0.457,1.702
0.434,3.399
0.425,2.176
0.36,3.383
0.396,0.454
0.397,2.318
0.326,2.119
0.241,1.425
0.24,2.805
0.186,1.453
0.188,-0.055
0.168,3.034
0.181,1.232
0.118,1.22
0.091,1.673
-0.227,-0.788
-0.775,-0.44
-0.804,-0.545
-0.792,-0.459
-0.966,-0.842
-2.483,-0.363
-2.809,-0.585
-3.027,-0.512
2.974,-0.504
2.708,-0.823
2.5,-0.741
2.431,-0.801
2.088,-0.565
1.985,-0.611
1.889,-0.913
1.335,-0.595
0.984,-0.639
0.858,-0.669
0.655,-0.772
0.708,-0.542
0.587,-0.801
0.161,-0.784
-0.023,3.57
-0.028,3.736
-0.532,3.935
-0.971,3.865
-1.15,3.685
-2.045,4.009
-2.347,3.712
-2.338,3.909
-2.42,3.985
-2.547,4.025
-2.697,3.627
-2.626,3.69
-2.88,3.924
-2.952,4.054
-3.065,3.949
3.132,3.633
2.845,4.042
2.5,3.823
2.215,3.971
1.58,3.708
1.255,3.78
1.194,3.815
0.839,3.671
0.469,3.996
0.48,3.937
0.217,3.868
-0.67,0.631
-1.165,1.139
-1.807,3.16
-2.788,0.232
2.177,2.216
1.469,3.199
-2.565,-0.787
-0.103,3.897
0.112,3.469
-0.041,1.692
-0.128,3.481
-0.255,3.141
-0.175,0.036
-0.163,1.884
-0.405,1.659
-0.422,3.042
-0.475,3.594
-0.605,0.667
-0.715,1.92
-0.629,1.424
-0.633,2.033
-0.681,2.356
-0.749,1.646
-0.776,2.031
-0.835,2.538
-0.929,2.682
-1.125,3.448
-1.149,3.161
-1.069,3.34
-1.133,0.456
-1.34,3.09
-1.488,1.95
-1.573,0.871
-1.617,-0.177
-1.49,0.048
-1.707,-0.302
-1.715,0.635
-1.728,0.688
-1.621,2.635
-1.66,1.575
-1.764,1.22
-1.839,1.059
-1.831,2.651
-1.84,-0.393
-2.039,0.862
-1.927,1.076
-1.966,0.562
-2.15,3.481
-2.096,1.245
-2.164,3.571
-2.411,3.31
-2.57,1.62
-2.61,0.853
-2.756,-0.173
-2.677,1.065
-2.869,1.674
-2.787,-0.255
-2.808,0.887
-2.969,1.14
-2.897,1.232
-3.005,3.148
-3.014,0.082
-3.027,2.873
-3.056,1.691
-3.122,1.129
-3.111,0.615
-3.08,1.77
3.126,2.465
2.733,1.366
2.761,1.336
2.657,0.72
2.723,0.027
2.699,2.945
2.483,3.062
2.578,-0.373
2.442,0.1
2.432,-0.08
2.502,2.297
2.504,3.32
2.314,3.176
2.396,2.861
2.223,1.209
2.205,-0.063
2.224,1.045
2.197,1.819
2.068,3.533
2.019,3.059
2.138,1.647
2.001,0.845
1.976,0.64
1.895,3.35
1.514,3.625
1.521,0.57
1.214,0.849
1.285,2.131
1.196,1.684
0.979,3.118
1.088,0.562
0.883,0.852
0.863,0.809
0.412,1.702
0.484,2.083
0.306,2.581
0.295,2.979
0.342,1.122
0.134,2.518
0.297,0.275
0.055,0.365
0.053,-0.3
-0.425,-0.511
-1.0,-0.66
-1.128,-0.553
-1.635,-0.585
-2.215,-0.726
-2.225,-0.689
-2.588,-0.412
2.986,-0.62
2.826,-0.759
2.886,-0.658
2.662,-0.596
2.483,-0.745
2.194,-0.77
1.89,-0.557
1.515,-0.719
1.268,-0.522
0.88,-0.628
0.489,-0.697
0.066,3.782
-0.09,3.961
-0.163,3.959
-0.067,3.957
-0.105,3.882
-1.013,3.911
-2.81,3.765
-2.91,3.741
-3.067,3.848
2.533,3.57
1.911,3.864
1.376,3.673
-1.08,3.017
-1.23,3.24
-1.23,0.522
-1.397,3.382
2.054,2.253
1.506,3.036
1.371,3.04
-2.801,0.728
2.965,0.759
1.809,2.261
1.813,2.366
0.786,1.883
0.799,2.687
0.642,1.85
0.647,2.853
-0.414,0.501
-0.413,1.508
-2.781,1.66
-0.312,3.664
1.757,-0.247
1.629,3.766
0.026,-1.003
-0.009,-3.125
-0.023,-1.326
-0.048,-2.712
-0.125,-3.974
-0.141,-0.729
-0.102,-2.545
-0.193,-3.479
-0.143,-1.574
-0.179,-0.797
-0.257,-2.847
-0.188,-3.468
-0.274,-0.105
-0.201,-3.284
-0.221,-1.975
-0.339,-2.417
-0.372,-2.763
-0.33,-3.407
-0.384,-2.964
-0.452,-3.552
-0.458,-0.959
-0.467,-0.946
-0.415,-2.182
-0.5,-2.403
-0.559,-0.416
-0.603,-1.397
-0.584,-0.935
-0.634,-0.285
-0.72,-0.135
-0.644,-0.277
-0.811,-3.792
-0.765,-1.027
-0.791,-1.131
-0.833,-2.319
-0.835,-0.764
-0.877,-2.296
-0.973,-0.382
-1.057,-1.777
-1.018,-1.933
-1.073,-1.882
-1.18,-3.226
-1.237,-0.898
-1.202,-2.403
-1.182,-2.166
-1.184,-0.746
-1.328,-1.448
-1.302,-0.858
-1.349,-2.592
-1.424,-2.642
-1.389,-0.41
-1.416,-0.7
-1.545,-1.907
-1.531,-1.96
-1.623,-2.665
-1.668,-3.372
-1.717,-2.643
-2.009,-3.606
-2.008,-1.666
-2.149,-2.171
-2.14,-1.795
-2.126,-1.51
-2.284,-3.625
-2.383,-2.875
-2.446,-1.559
-2.463,-0.834
-2.48,-2.625
-2.561,-0.268
-2.632,-1.544
-2.594,-3.039
-2.602,-3.846
-2.746,-1.079
-2.762,-0.946
-2.819,-3.22
-2.812,-2.281
-2.781,-3.011
-2.843,-1.79
-2.835,-0.877
-2.84,-3.38
-2.882,-2.339
-2.924,-2.683
-2.953,-3.612
-2.979,-2.68
-3.012,-2.968
-3.015,-2.937
-2.939,-3.92
-2.989,-2.908
-3.051,-1.078
-3.098,-3.766
-3.128,-4.001
-3.09,-2.359
-3.141,-2.135
3.118,-2.219
-3.1,-3.461
-3.131,-1.616
-3.126,-3.827
-3.135,-0.368
3.05,-0.578
3.037,-0.131
3.05,-3.795
2.953,-2.198
2.994,-0.235
2.96,-1.647
2.905,-0.43
2.904,-0.831
2.879,-3.819
2.884,-1.626
2.929,-1.932
2.841,-2.285
2.78,-2.807
2.837,-2.681
2.776,-0.757
2.679,-1.182
2.736,-3.084
2.657,-2.16
2.609,-1.311
2.515,-1.861
2.583,-3.903
2.533,-2.756
2.492,-0.618
2.416,-2.15
2.374,-3.668
2.373,-1.983
2.403,-3.452
2.41,-3.485
2.238,-1.303
2.267,-1.878
2.182,-1.784
2.175,-3.496
2.185,-2.413
2.13,-2.773
1.961,-0.172
2.019,-3.603
1.957,-3.723
1.887,-3.969
1.952,-0.228
1.841,-3.067
1.809,-0.088
1.81,-2.538
1.78,-2.711
1.615,-0.063
1.51,-2.502
1.571,-3.55
1.539,-2.789
1.506,-3.014
1.362,-3.733
1.305,-2.176
1.22,-0.343
1.184,-0.044
1.179,-2.565
1.069,-1.33
1.101,-3.485
1.038,-3.213
1.048,-3.934
1.044,-0.672
0.986,-0.457
0.999,-0.096
0.811,-3.927
0.553,-3.321
0.461,-3.037
0.456,-1.451
0.471,-1.877
0.448,-0.18
0.439,-1.403
0.374,-0.196
0.41,-3.125
0.411,-1.261
0.34,-1.46
0.255,-2.154
0.254,-0.774
0.2,-2.126
0.202,-3.634
0.182,-0.545
0.195,-2.347
0.132,-2.359
0.105,-1.906
-0.213,-4.367
-0.761,-4.019
-0.79,-4.124
-0.778,-4.038
-0.952,-4.421
-2.469,-3.942
-2.795,-4.164
-3.013,-4.091
2.988,-4.083
2.722,-4.402
2.514,-4.32
2.445,-4.38
2.102,-4.144
1.999,-4.19
1.903,-4.492
1.349,-4.174
0.998,-4.218
0.872,-4.248
0.669,-4.351
0.722,-4.121
0.601,-4.38
0.175,-4.363
-0.009,-0.009
-0.014,0.157
-0.518,0.356
-0.957,0.286
-1.136,0.106
-2.031,0.43
-2.333,0.133
-2.324,0.33
-2.406,0.406
-2.533,0.446
-2.683,0.048
-2.612,0.111
-2.866,0.345
-2.938,0.475
-3.051,0.37
-3.137,0.054
2.859,0.463
2.514,0.244
2.229,0.392
1.594,0.129
1.269,0.201
1.208,0.236
0.853,0.092
0.483,0.417
0.494,0.358
0.231,0.289
-0.656,-2.948
-1.151,-2.44
-1.793,-0.419
-2.774,-3.347
2.191,-1.363
1.483,-0.38
-2.551,-4.366
-0.089,0.318
0.126,-0.11
-0.027,-1.887
-0.114,-0.098
-0.241,-0.438
-0.161,-3.543
-0.149,-1.695
-0.391,-1.92
-0.408,-0.537
-0.461,0.015
-0.591,-2.912
-0.701,-1.659
-0.615,-2.155
-0.619,-1.546
-0.667,-1.223
-0.735,-1.933
-0.762,-1.548
-0.821,-1.041
-0.915,-0.897
-1.111,-0.131
-1.135,-0.418
-1.055,-0.239
-1.119,-3.123
-1.326,-0.489
-1.474,-1.629
-1.559,-2.708
-1.603,-3.756
-1.476,-3.531
-1.693,-3.881
-1.701,-2.944
-1.714,-2.891
-1.607,-0.944
-1.646,-2.004
-1.75,-2.359
-1.825,-2.52
-1.817,-0.928
-1.826,-3.972
-2.025,-2.717
-1.913,-2.503
-1.952,-3.017
-2.136,-0.098
-2.082,-2.334
-2.15,-0.008
-2.397,-0.269
-2.556,-1.959
-2.596,-2.726
-2.742,-3.752
-2.663,-2.514
-2.855,-1.905
-2.773,-3.834
-2.794,-2.692
-2.955,-2.439
-2.883,-2.347
-2.991,-0.431
-3.0,-3.497
-3.013,-0.706
-3.042,-1.888
-3.108,-2.45
-3.097,-2.964
-3.066,-1.809
3.14,-1.114
2.747,-2.213
2.775,-2.243
2.671,-2.859
2.737,-3.552
2.713,-0.634
2.497,-0.517
2.592,-3.952
2.456,-3.479
2.446,-3.659
2.516,-1.282
2.518,-0.259
2.328,-0.403
2.41,-0.718
2.237,-2.37
2.219,-3.642
2.238,-2.534
2.211,-1.76
2.082,-0.046
2.033,-0.52
2.152,-1.932
2.015,-2.734
1.99,-2.939
1.909,-0.229
1.528,0.046
1.535,-3.009
1.228,-2.73
1.299,-1.448
1.21,-1.895
0.993,-0.461
1.102,-3.017
0.897,-2.727
0.877,-2.77
0.426,-1.877
0.498,-1.496
0.32,-0.998
0.309,-0.6
0.356,-2.457
0.148,-1.061
0.311,-3.304
0.069,-3.214
0.067,-3.879
-0.411,-4.09
-0.986,-4.239
-1.114,-4.132
-1.621,-4.164
-2.201,-4.305
-2.211,-4.268
-2.574,-3.991
3.0,-4.199
2.84,-4.338
2.9,-4.237
2.676,-4.175
2.497,-4.324
2.208,-4.349
1.904,-4.136
1.529,-4.298
1.282,-4.101
0.894,-4.207
0.503,-4.276
0.08,0.203
-0.076,0.382
-0.149,0.38
-0.053,0.378
-0.091,0.303
-0.999,0.332
-2.796,0.186
-2.896,0.162
-3.053,0.269
2.547,-0.009
1.925,0.285
1.39,0.094
-1.066,-0.562
-1.216,-0.339
-1.216,-3.057
-1.383,-0.197
2.068,-1.326
1.52,-0.543
1.385,-0.539
-2.787,-2.851
2.979,-2.82
1.823,-1.318
1.827,-1.213
0.8,-1.696
0.813,-0.892
0.656,-1.729
0.661,-0.726
-0.4,-3.078
-0.399,-2.071
-2.767,-1.919
-0.298,0.085
1.771,-3.826
1.643,0.187
-0.035,-2.122
-0.049,-0.323
-0.074,-1.709
-0.151,-2.971
-0.167,0.274
-0.128,-1.542
-0.219,-2.476
-0.169,-0.571
-0.205,0.206
-0.283,-1.844
-0.214,-2.465
-0.3,0.898
-0.227,-2.281
-0.247,-0.972
-0.365,-1.414
-0.398,-1.76
-0.356,-2.404
-0.41,-1.961
-0.478,-2.549
-0.484,0.044
-0.493,0.057
-0.441,-1.179
-0.526,-1.4
-0.585,0.587
-0.629,-0.394
-0.61,0.068
-0.66,0.718
-0.746,0.868
-0.67,0.726
-0.837,-2.789
-0.791,-0.024
-0.817,-0.128
-0.859,-1.316
-0.861,0.239
-0.903,-1.293
-0.999,0.621
-1.083,-0.774
-1.044,-0.93
-1.099,-0.879
-1.206,-2.223
-1.263,0.105
-1.228,-1.4
-1.208,-1.163
-1.21,0.257
-1.354,-0.445
-1.328,0.145
-1.375,-1.589
-1.45,-1.639
-1.415,0.593
-1.442,0.303
-1.571,-0.904
-1.557,-0.957
-1.649,-1.662
-1.694,-2.369
-1.743,-1.64
-2.035,-2.603
-2.034,-0.663
-2.175,-1.168
-2.166,-0.792
-2.152,-0.507
-2.31,-2.622
-2.409,-1.872
-2.472,-0.556
-2.489,0.169
-2.506,-1.622
-2.587,0.735
-2.658,-0.541
-2.62,-2.036
-2.628,-2.843
-2.772,-0.076
-2.788,0.057
-2.845,-2.217
-2.838,-1.278
-2.807,-2.008
-2.869,-0.787
-2.861,0.126
-2.866,-2.377
-2.908,-1.336
-2.95,-1.68
-2.979,-2.609
-3.005,-1.677
-3.038,-1.965
-3.041,-1.934
-2.965,-2.917
-3.015,-1.905
-3.077,-0.075
-3.124,-2.763
3.129,-2.998
-3.116,-1.356
3.116,-1.132
3.092,-1.216
-3.126,-2.458
3.126,-0.613
3.131,-2.824
3.122,0.635
3.024,0.425
3.011,0.872
3.024,-2.792
2.927,-1.195
2.968,0.768
2.934,-0.644
2.879,0.573
2.878,0.172
2.853,-2.816
2.858,-0.623
2.903,-0.929
2.815,-1.282
2.754,-1.804
2.811,-1.678
2.75,0.246
2.653,-0.179
2.71,-2.081
2.631,-1.157
2.583,-0.308
2.489,-0.858
2.557,-2.9
2.507,-1.753
2.466,0.385
2.39,-1.147
2.348,-2.665
2.347,-0.98
2.377,-2.449
2.384,-2.482
2.212,-0.3
2.241,-0.875
2.156,-0.781
2.149,-2.493
2.159,-1.41
2.104,-1.77
1.935,0.831
1.993,-2.6
1.931,-2.72
1.861,-2.966
1.926,0.775
1.815,-2.064
1.783,0.915
1.784,-1.535
1.754,-1.708
1.589,0.94
1.484,-1.499
1.545,-2.547
1.513,-1.786
1.48,-2.011
1.336,-2.73
1.279,-1.173
1.194,0.66
1.158,0.959
1.153,-1.562
1.043,-0.327
1.075,-2.482
1.012,-2.21
1.022,-2.931
1.018,0.331
0.96,0.546
0.973,0.907
0.785,-2.924
0.527,-2.318
0.435,-2.034
0.43,-0.448
0.445,-0.874
0.422,0.823
0.413,-0.4
0.348,0.807
0.384,-2.122
0.385,-0.258
0.314,-0.457
0.229,-1.151
0.228,0.229
0.174,-1.123
0.176,-2.631
0.156,0.458
0.169,-1.344
0.106,-1.356
0.079,-0.903
-0.239,-3.364
-0.787,-3.016
-0.816,-3.121
-0.804,-3.035
-0.978,-3.418
-2.495,-2.939
-2.821,-3.161
-3.039,-3.088
2.962,-3.08
2.696,-3.399
2.488,-3.317
2.419,-3.377
2.076,-3.141
1.973,-3.187
1.877,-3.489
1.323,-3.171
0.972,-3.215
0.846,-3.245
0.643,-3.348
0.696,-3.118
0.575,-3.377
0.149,-3.36
-0.035,0.994
-0.04,1.16
-0.544,1.359
-0.983,1.289
-1.162,1.109
-2.057,1.433
-2.359,1.136
-2.35,1.333
-2.432,1.409
-2.559,1.449
-2.709,1.051
-2.638,1.114
-2.892,1.348
-2.964,1.478
-3.077,1.373
3.12,1.057
2.833,1.466
2.488,1.247
2.203,1.395
1.568,1.132
1.243,1.204
1.182,1.239
0.827,1.095
0.457,1.42
0.468,1.361
0.205,1.292
-0.682,-1.945
-1.177,-1.437
-1.819,0.584
-2.8,-2.344
2.165,-0.36
1.457,0.623
-2.577,-3.363
-0.115,1.321
0.1,0.893
-0.053,-0.884
-0.14,0.905
-0.267,0.565
-0.187,-2.54
-0.175,-0.692
-0.417,-0.917
-0.434,0.466
-0.487,1.018
-0.617,-1.909
-0.727,-0.656
-0.641,-1.152
-0.645,-0.543
-0.693,-0.22
-0.761,-0.93
-0.788,-0.545
-0.847,-0.038
-0.941,0.106
-1.137,0.872
-1.161,0.585
-1.081,0.764
-1.145,-2.12
-1.352,0.514
-1.5,-0.626
-1.585,-1.705
-1.629,-2.753
-1.502,-2.528
-1.719,-2.878
-1.727,-1.941
-1.74,-1.888
-1.633,0.059
-1.672,-1.001
-1.776,-1.356
-1.851,-1.517
-1.843,0.075
-1.852,-2.969
-2.051,-1.714
-1.939,-1.5
-1.978,-2.014
-2.162,0.905
-2.108,-1.331
-2.176,0.995
-2.423,0.734
-2.582,-0.956
-2.622,-1.723
-2.768,-2.749
-2.689,-1.511
-2.881,-0.902
-2.799,-2.831
-2.82,-1.689
-2.981,-1.436
-2.909,-1.344
-3.017,0.572
-3.026,-2.494
-3.039,0.297
-3.068,-0.885
-3.134,-1.447
-3.123,-1.961
-3.092,-0.806
3.114,-0.111
2.721,-1.21
2.749,-1.24
2.645,-1.856
2.711,-2.549
2.687,0.369
2.471,0.486
2.566,-2.949
2.43,-2.476
2.42,-2.656
2.49,-0.279
2.492,0.744
2.302,0.6
2.384,0.285
2.211,-1.367
2.193,-2.639
2.212,-1.531
2.185,-0.757
2.056,0.957
2.007,0.483
2.126,-0.929
1.989,-1.731
1.964,-1.936
1.883,0.774
1.502,1.049
1.509,-2.006
1.202,-1.727
1.273,-0.445
1.184,-0.892
0.967,0.542
1.076,-2.014
0.871,-1.724
0.851,-1.767
0.4,-0.874
0.472,-0.493
0.294,0.005
0.283,0.403
0.33,-1.454
0.122,-0.058
0.285,-2.301
0.043,-2.211
0.041,-2.876
-0.437,-3.087
-1.012,-3.236
-1.14,-3.129
-1.647,-3.161
-2.227,-3.302
-2.237,-3.265
-2.6,-2.988
2.974,-3.196
2.814,-3.335
2.874,-3.234
2.65,-3.172
2.471,-3.321
2.182,-3.346
1.878,-3.133
1.503,-3.295
1.256,-3.098
0.868,-3.204
0.477,-3.273
0.054,1.206
-0.102,1.385
-0.175,1.383
-0.079,1.381
-0.117,1.306
-1.025,1.335
-2.822,1.189
-2.922,1.165
-3.079,1.272
2.521,0.994
1.899,1.288
1.364,1.097
-1.092,0.441
-1.242,0.664
-1.242,-2.054
-1.409,0.806
2.042,-0.323
1.494,0.46
1.359,0.464
-2.813,-1.848
2.953,-1.817
1.797,-0.315
1.801,-0.21
0.774,-0.693
0.787,0.111
0.63,-0.726
0.635,0.277
-0.426,-2.075
-0.425,-1.068
-2.793,-0.916
-0.324,1.088
1.745,-2.823
1.617,1.19
-0.014,1.799
-0.039,0.413
-0.116,-0.849
-0.132,2.396
-0.093,0.58
-0.184,-0.354
-0.134,1.551
-0.17,2.328
-0.248,0.278
-0.179,-0.343
-0.265,3.02
-0.192,-0.159
-0.212,1.15
-0.33,0.708
-0.363,0.362
-0.321,-0.282
-0.375,0.161
-0.443,-0.427
-0.449,2.166
-0.458,2.179
-0.406,0.943
-0.491,0.722
-0.55,2.709
-0.594,1.728
-0.575,2.19
-0.625,2.84
-0.711,2.99
-0.635,2.848
-0.802,-0.667
-0.756,2.098
-0.782,1.994
-0.824,0.806
-0.826,2.361
-0.868,0.829
-0.964,2.743
-1.048,1.348
-1.009,1.192
-1.064,1.243
-1.171,-0.101
-1.228,2.227
-1.193,0.722
-1.173,0.959
-1.175,2.379
-1.319,1.677
-1.293,2.267
-1.34,0.533
-1.415,0.483
-1.38,2.715
-1.407,2.425
-1.536,1.218
-1.522,1.165
-1.614,0.46
-1.659,-0.247
-1.708,0.482
-2.0,-0.481
-1.999,1.459
-2.14,0.954
-2.131,1.33
-2.117,1.615
-2.275,-0.5
-2.374,0.25
-2.437,1.566
-2.454,2.291
-2.471,0.5
-2.552,2.857
-2.623,1.581
-2.585,0.086
-2.593,-0.721
-2.737,2.046
-2.753,2.179
-2.81,-0.095
-2.803,0.844
-2.772,0.114
-2.834,1.335
-2.826,2.248
-2.831,-0.255
-2.873,0.786
-2.915,0.442
-2.944,-0.487
-2.97,0.445
-3.003,0.157
-3.006,0.188
-2.93,-0.795
-2.98,0.217
-3.042,2.047
-3.089,-0.641
-3.119,-0.876
-3.081,0.766
-3.132,0.99
3.127,0.906
-3.091,-0.336
-3.122,1.509
-3.117,-0.702
-3.126,2.757
3.059,2.547
3.046,2.994
3.059,-0.67
2.962,0.927
3.003,2.89
2.969,1.478
2.914,2.695
2.913,2.294
2.888,-0.694
2.893,1.499
2.938,1.193
2.85,0.84
2.789,0.318
2.846,0.444
2.785,2.368
2.688,1.943
2.745,0.041
2.666,0.965
2.618,1.814
2.524,1.264
2.592,-0.778
2.542,0.369
2.501,2.507
2.425,0.975
2.383,-0.543
2.382,1.142
2.412,-0.327
2.419,-0.36
2.247,1.822
2.276,1.247
2.191,1.341
2.184,-0.371
2.194,0.712
2.139,0.352
1.97,2.953
2.028,-0.478
1.966,-0.598
1.896,-0.844
1.961,2.897
1.85,0.058
1.818,3.037
1.819,0.587
1.789,0.414
1.624,3.062
1.519,0.623
1.58,-0.425
1.548,0.336
1.515,0.111
1.371,-0.608
1.314,0.949
1.229,2.782
1.193,3.081
1.188,0.56
1.078,1.795
1.11,-0.36
1.047,-0.088
1.057,-0.809
1.053,2.453
0.995,2.668
1.008,3.029
0.82,-0.802
0.562,-0.196
0.47,0.088
0.465,1.674
0.48,1.248
0.457,2.945
0.448,1.722
0.383,2.929
0.419,0.0
0.42,1.864
0.349,1.665
0.264,0.971
0.263,2.351
0.209,0.999
0.211,-0.509
0.191,2.58
0.204,0.778
0.141,0.766
0.114,1.219
-0.204,-1.242
-0.752,-0.894
-0.781,-0.999
-0.769,-0.913
-0.943,-1.296
-2.46,-0.817
-2.786,-1.039
-3.004,-0.966
2.997,-0.958
2.731,-1.277
2.523,-1.195
2.454,-1.255
2.111,-1.019
2.008,-1.065
1.912,-1.367
1.358,-1.049
1.007,-1.093
0.881,-1.123
0.678,-1.226
0.731,-0.996
0.61,-1.255
0.184,-1.238
0.0,3.116
-0.005,3.282
-0.509,3.481
-0.948,3.411
-1.127,3.231
-2.022,3.555
-2.324,3.258
-2.315,3.455
-2.397,3.531
-2.524,3.571
-2.674,3.173
-2.603,3.236
-2.857,3.47
-2.929,3.6
-3.042,3.495
-3.128,3.179
2.868,3.588
2.523,3.369
2.238,3.517
1.603,3.254
1.278,3.326
1.217,3.361
0.862,3.217
0.492,3.542
0.503,3.483
0.24,3.414
-0.647,0.177
-1.142,0.685
-1.784,2.706
-2.765,-0.222
2.2,1.762
1.492,2.745
-2.542,-1.241
-0.08,3.443
0.135,3.015
-0.018,1.238
-0.105,3.027
-0.232,2.687
-0.152,-0.418
-0.14,1.43
-0.382,1.205
-0.399,2.588
-0.452,3.14
-0.582,0.213
-0.692,1.466
-0.606,0.97
-0.61,1.579
-0.658,1.902
-0.726,1.192
-0.753,1.577
-0.812,2.084
-0.906,2.228
-1.102,2.994
-1.126,2.707
-1.046,2.886
-1.11,0.002
-1.317,2.636
-1.465,1.496
-1.55,0.417
-1.594,-0.631
-1.467,-0.406
-1.684,-0.756
-1.692,0.181
-1.705,0.234
-1.598,2.181
-1.637,1.121
-1.741,0.766
-1.816,0.605
-1.808,2.197
-1.817,-0.847
-2.016,0.408
-1.904,0.622
-1.943,0.108
-2.127,3.027
-2.073,0.791
-2.141,3.117
-2.388,2.856
-2.547,1.166
-2.587,0.399
-2.733,-0.627
-2.654,0.611
-2.846,1.22
-2.764,-0.709
-2.785,0.433
-2.946,0.686
-2.874,0.778
-2.982,2.694
-2.991,-0.372
-3.004,2.419
-3.033,1.237
-3.099,0.675
-3.088,0.161
-3.057,1.316
-3.134,2.011
2.756,0.912
2.784,0.882
2.68,0.266
2.746,-0.427
2.722,2.491
2.506,2.608
2.601,-0.827
2.465,-0.354
2.455,-0.534
2.525,1.843
2.527,2.866
2.337,2.722
2.419,2.407
2.246,0.755
2.228,-0.517
2.247,0.591
2.22,1.365
2.091,3.079
2.042,2.605
2.161,1.193
2.024,0.391
1.999,0.186
1.918,2.896
1.537,3.171
1.544,0.116
1.237,0.395
1.308,1.677
1.219,1.23
1.002,2.664
1.111,0.108
0.906,0.398
0.886,0.355
0.435,1.248
0.507,1.629
0.329,2.127
0.318,2.525
0.365,0.668
0.157,2.064
0.32,-0.179
0.078,-0.089
0.076,-0.754
-0.402,-0.965
-0.977,-1.114
-1.105,-1.007
-1.612,-1.039
-2.192,-1.18
-2.202,-1.143
-2.565,-0.866
3.009,-1.074
2.849,-1.213
2.909,-1.112
2.685,-1.05
2.506,-1.199
2.217,-1.224
1.913,-1.011
1.538,-1.173
1.291,-0.976
0.903,-1.082
0.512,-1.151
0.089,3.328
-0.067,3.507
-0.14,3.505
-0.044,3.503
-0.082,3.428
-0.99,3.457
-2.787,3.311
-2.887,3.287
-3.044,3.394
2.556,3.116
1.934,3.41
1.399,3.219
-1.057,2.563
-1.207,2.786
-1.207,0.068
-1.374,2.928
2.077,1.799
1.529,2.582
1.394,2.586
-2.778,0.274
2.988,0.305
1.832,1.807
1.836,1.912
0.809,1.429
0.822,2.233
0.665,1.396
0.67,2.399
-0.391,0.047
-0.39,1.054
-2.758,1.206
-0.289,3.21
1.78,-0.701
1.652,3.312
-0.025,-1.386
-0.102,-2.648
-0.118,0.597
-0.079,-1.219
-0.17,-2.153
-0.12,-0.248
-0.156,0.529
-0.234,-1.521
-0.165,-2.142
-0.251,1.221
-0.178,-1.958
-0.198,-0.649
-0.316,-1.091
-0.349,-1.437
-0.307,-2.081
-0.361,-1.638
-0.429,-2.226
-0.435,0.367
-0.444,0.38
-0.392,-0.856
-0.477,-1.077
-0.536,0.91
-0.58,-0.071
-0.561,0.391
-0.611,1.041
-0.697,1.191
-0.621,1.049
-0.788,-2.466
-0.742,0.299
-0.768,0.195
-0.81,-0.993
-0.812,0.562
-0.854,-0.97
-0.95,0.944
-1.034,-0.451
-0.995,-0.607
-1.05,-0.556
-1.157,-1.9
-1.214,0.428
-1.179,-1.077
-1.159,-0.84
-1.161,0.58
-1.305,-0.122
-1.279,0.468
-1.326,-1.266
-1.401,-1.316
-1.366,0.916
-1.393,0.626
-1.522,-0.581
-1.508,-0.634
-1.6,-1.339
-1.645,-2.046
-1.694,-1.317
-1.986,-2.28
-1.985,-0.34
-2.126,-0.845
-2.117,-0.469
-2.103,-0.184
-2.261,-2.299
-2.36,-1.549
-2.423,-0.233
-2.44,0.492
-2.457,-1.299
-2.538,1.058
-2.609,-0.218
-2.571,-1.713
-2.579,-2.52
-2.723,0.247
-2.739,0.38
-2.796,-1.894
-2.789,-0.955
-2.758,-1.685
-2.82,-0.464
-2.812,0.449
-2.817,-2.054
-2.859,-1.013
-2.901,-1.357
-2.93,-2.286
-2.956,-1.354
-2.989,-1.642
-2.992,-1.611
-2.916,-2.594
-2.966,-1.582
-3.028,0.248
-3.075,-2.44
-3.105,-2.675
-3.067,-1.033
-3.118,-0.809
3.141,-0.893
-3.077,-2.135
-3.108,-0.29
-3.103,-2.501
-3.112,0.958
3.073,0.748
3.06,1.195
3.073,-2.469
2.976,-0.872
3.017,1.091
2.983,-0.321
2.928,0.896
2.927,0.495
2.902,-2.493
2.907,-0.3
2.952,-0.606
2.864,-0.959
2.803,-1.481
2.86,-1.355
2.799,0.569
2.702,0.144
2.759,-1.758
2.68,-0.834
2.632,0.015
2.538,-0.535
2.606,-2.577
2.556,-1.43
2.515,0.708
2.439,-0.824
2.397,-2.342
2.396,-0.657
2.426,-2.126
2.433,-2.159
2.261,0.023
2.29,-0.552
2.205,-0.458
2.198,-2.17
2.208,-1.087
2.153,-1.447
1.984,1.154
2.042,-2.277
1.98,-2.397
1.91,-2.643
1.975,1.098
1.864,-1.741
1.832,1.238
1.833,-1.212
1.803,-1.385
1.638,1.263
1.533,-1.176
1.594,-2.224
1.562,-1.463
1.529,-1.688
1.385,-2.407
1.328,-0.85
1.243,0.983
1.207,1.282
1.202,-1.239
1.092,-0.004
1.124,-2.159
1.061,-1.887
1.071,-2.608
1.067,0.654
1.009,0.869
1.022,1.23
0.834,-2.601
0.576,-1.995
0.484,-1.711
0.479,-0.125
0.494,-0.551
0.471,1.146
0.462,-0.077
0.397,1.13
0.433,-1.799
0.434,0.065
0.363,-0.134
0.278,-0.828
0.277,0.552
0.223,-0.8
0.225,-2.308
0.205,0.781
0.218,-1.021
0.155,-1.033
0.128,-0.58
-0.19,-3.041
-0.738,-2.693
-0.767,-2.798
-0.755,-2.712
-0.929,-3.095
-2.446,-2.616
-2.772,-2.838
-2.99,-2.765
3.011,-2.757
2.745,-3.076
2.537,-2.994
2.468,-3.054
2.125,-2.818
2.022,-2.864
1.926,-3.166
1.372,-2.848
1.021,-2.892
0.895,-2.922
0.692,-3.025
0.745,-2.795
0.624,-3.054
0.198,-3.037
0.014,1.317
0.009,1.483
-0.495,1.682
-0.934,1.612
-1.113,1.432
-2.008,1.756
-2.31,1.459
-2.301,1.656
-2.383,1.732
-2.51,1.772
-2.66,1.374
-2.589,1.437
-2.843,1.671
-2.915,1.801
-3.028,1.696
-3.114,1.38
2.882,1.789
2.537,1.57
2.252,1.718
1.617,1.455
1.292,1.527
1.231,1.562
0.876,1.418
0.506,1.743
0.517,1.684
0.254,1.615
-0.633,-1.622
-1.128,-1.114
-1.77,0.907
-2.751,-2.021
2.214,-0.037
1.506,0.946
-2.528,-3.04
-0.066,1.644
0.149,1.216
-0.004,-0.561
-0.091,1.228
-0.218,0.888
-0.138,-2.217
-0.126,-0.369
-0.368,-0.594
-0.385,0.789
-0.438,1.341
-0.568,-1.586
-0.678,-0.333
-0.592,-0.829
-0.596,-0.22
-0.644,0.103
-0.712,-0.607
-0.739,-0.222
-0.798,0.285
-0.892,0.429
-1.088,1.195
-1.112,0.908
-1.032,1.087
-1.096,-1.797
-1.303,0.837
-1.451,-0.303
-1.536,-1.382
-1.58,-2.43
-1.453,-2.205
-1.67,-2.555
-1.678,-1.618
-1.691,-1.565
-1.584,0.382
-1.623,-0.678
-1.727,-1.033
-1.802,-1.194
-1.794,0.398
-1.803,-2.646
-2.002,-1.391
-1.89,-1.177
-1.929,-1.691
-2.113,1.228
-2.059,-1.008
-2.127,1.318
-2.374,1.057
-2.533,-0.633
-2.573,-1.4
-2.719,-2.426
-2.64,-1.188
-2.832,-0.579
-2.75,-2.508
-2.771,-1.366
-2.932,-1.113
-2.86,-1.021
-2.968,0.895
-2.977,-2.171
-2.99,0.62
-3.019,-0.562
-3.085,-1.124
-3.074,-1.638
-3.043,-0.483
-3.12,0.212
2.77,-0.887
2.798,-0.917
2.694,-1.533
2.76,-2.226
2.736,0.692
2.52,0.809
2.615,-2.626
2.479,-2.153
2.469,-2.333
2.539,0.044
2.541,1.067
2.351,0.923
2.433,0.608
2.26,-1.044
2.242,-2.316
2.261,-1.208
2.234,-0.434
2.105,1.28
2.056,0.806
2.175,-0.606
2.038,-1.408
2.013,-1.613
1.932,1.097
1.551,1.372
1.558,-1.683
1.251,-1.404
1.322,-0.122
1.233,-0.569
1.016,0.865
1.125,-1.691
0.92,-1.401
0.9,-1.444
0.449,-0.551
0.521,-0.17
0.343,0.328
0.332,0.726
0.379,-1.131
0.171,0.265
0.334,-1.978
0.092,-1.888
0.09,-2.553
-0.388,-2.764
-0.963,-2.913
-1.091,-2.806
-1.598,-2.838
-2.178,-2.979
-2.188,-2.942
-2.551,-2.665
3.023,-2.873
2.863,-3.012
2.923,-2.911
2.699,-2.849
2.52,-2.998
2.231,-3.023
1.927,-2.81
1.552,-2.972
1.305,-2.775
0.917,-2.881
0.526,-2.95
0.103,1.529
-0.053,1.708
-0.126,1.706
-0.03,1.704
-0.068,1.629
-0.976,1.658
-2.773,1.512
-2.873,1.488
-3.03,1.595
2.57,1.317
1.948,1.611
1.413,1.42
-1.043,0.764
-1.193,0.987
-1.193,-1.731
-1.36,1.129
2.091,0.0
1.543,0.783
1.408,0.787
-2.764,-1.525
3.002,-1.494
1.846,0.008
1.85,0.113
0.823,-0.37
0.836,0.434
0.679,-0.403
0.684,0.6
-0.377,-1.752
-0.376,-0.745
-2.744,-0.593
-0.275,1.411
1.794,-2.5
1.666,1.513
-0.077,-1.262
-0.093,1.983
-0.054,0.167
-0.145,-0.767
-0.095,1.138
-0.131,1.915
-0.209,-0.135
-0.14,-0.756
-0.226,2.607
-0.153,-0.572
-0.173,0.737
-0.291,0.295
-0.324,-0.051
-0.282,-0.695
-0.336,-0.252
-0.404,-0.84
-0.41,1.753
-0.419,1.766
-0.367,0.53
-0.452,0.309
-0.511,2.296
-0.555,1.315
-0.536,1.777
-0.586,2.427
-0.672,2.577
-0.596,2.435
-0.763,-1.08
-0.717,1.685
-0.743,1.581
-0.785,0.393
-0.787,1.948
-0.829,0.416
-0.925,2.33
-1.009,0.935
-0.97,0.779
-1.025,0.83
-1.132,-0.514
-1.189,1.814
-1.154,0.309
-1.134,0.546
-1.136,1.966
-1.28,1.264
-1.254,1.854
-1.301,0.12
-1.376,0.07
-1.341,2.302
-1.368,2.012
-1.497,0.805
-1.483,0.752
-1.575,0.047
-1.62,-0.66
-1.669,0.069
-1.961,-0.894
-1.96,1.046
-2.101,0.541
-2.092,0.917
-2.078,1.202
-2.236,-0.913
-2.335,-0.163
-2.398,1.153
-2.415,1.878
-2.432,0.087
-2.513,2.444
-2.584,1.168
-2.546,-0.327
-2.554,-1.134
-2.698,1.633
-2.714,1.766
-2.771,-0.508
-2.764,0.431
-2.733,-0.299
-2.795,0.922
-2.787,1.835
-2.792,-0.668
-2.834,0.373
-2.876,0.029
-2.905,-0.9
-2.931,0.032
-2.964,-0.256
-2.967,-0.225
-2.891,-1.208
-2.941,-0.196
-3.003,1.634
-3.05,-1.054
-3.08,-1.289
-3.042,0.353
-3.093,0.577
-3.117,0.493
-3.052,-0.749
-3.083,1.096
-3.078,-1.115
-3.087,2.344
3.098,2.134
3.085,2.581
3.098,-1.083
3.001,0.514
3.042,2.477
3.008,1.065
2.953,2.282
2.952,1.881
2.927,-1.107
2.932,1.086
2.977,0.78
2.889,0.427
2.828,-0.095
2.885,0.031
2.824,1.955
2.727,1.53
2.784,-0.372
2.705,0.552
2.657,1.401
2.563,0.851
2.631,-1.191
2.581,-0.044
2.54,2.094
2.464,0.562
2.422,-0.956
2.421,0.729
2.451,-0.74
2.458,-0.773
2.286,1.409
2.315,0.834
2.23,0.928
2.223,-0.784
2.233,0.299
2.178,-0.061
2.009,2.54
2.067,-0.891
2.005,-1.011
1.935,-1.257
2.0,2.484
1.889,-0.355
1.857,2.624
1.858,0.174
1.828,0.001
1.663,2.649
1.558,0.21
1.619,-0.838
1.587,-0.077
1.554,-0.302
1.41,-1.021
1.353,0.536
1.268,2.369
1.232,2.668
1.227,0.147
1.117,1.382
1.149,-0.773
1.086,-0.501
1.096,-1.222
1.092,2.04
1.034,2.255
1.047,2.616
0.859,-1.215
0.601,-0.609
0.509,-0.325
0.504,1.261
0.519,0.835
0.496,2.532
0.487,1.309
0.422,2.516
0.458,-0.413
0.459,1.451
0.388,1.252
0.303,0.558
0.302,1.938
0.248,0.586
0.25,-0.922
0.23,2.167
0.243,0.365
0.18,0.353
0.153,0.806
-0.165,-1.655
-0.713,-1.307
-0.742,-1.412
-0.73,-1.326
-0.904,-1.709
-2.421,-1.23
-2.747,-1.452
-2.965,-1.379
3.036,-1.371
2.77,-1.69
2.562,-1.608
2.493,-1.668
2.15,-1.432
2.047,-1.478
1.951,-1.78
1.397,-1.462
1.046,-1.506
0.92,-1.536
0.717,-1.639
0.77,-1.409
0.649,-1.668
0.223,-1.651
0.039,2.703
0.034,2.869
-0.47,3.068
-0.909,2.998
-1.088,2.818
-1.983,3.142
-2.285,2.845
-2.276,3.042
-2.358,3.118
-2.485,3.158
-2.635,2.76
-2.564,2.823
-2.818,3.057
-2.89,3.187
-3.003,3.082
-3.089,2.766
2.907,3.175
2.562,2.956
2.277,3.104
1.642,2.841
1.317,2.913
1.256,2.948
0.901,2.804
0.531,3.129
0.542,3.07
0.279,3.001
-0.608,-0.236
-1.103,0.272
-1.745,2.293
-2.726,-0.635
2.239,1.349
1.531,2.332
-2.503,-1.654
-0.041,3.03
0.174,2.602
0.021,0.825
-0.066,2.614
-0.193,2.274
-0.113,-0.831
-0.101,1.017
-0.343,0.792
-0.36,2.175
-0.413,2.727
-0.543,-0.2
-0.653,1.053
-0.567,0.557
-0.571,1.166
-0.619,1.489
-0.687,0.779
-0.714,1.164
-0.773,1.671
-0.867,1.815
-1.063,2.581
-1.087,2.294
-1.007,2.473
-1.071,-0.411
-1.278,2.223
-1.426,1.083
-1.511,0.004
-1.555,-1.044
-1.428,-0.819
-1.645,-1.169
-1.653,-0.232
-1.666,-0.179
-1.559,1.768
-1.598,0.708
-1.702,0.353
-1.777,0.192
-1.769,1.784
-1.778,-1.26
-1.977,-0.005
-1.865,0.209
-1.904,-0.305
-2.088,2.614
-2.034,0.378
-2.102,2.704
-2.349,2.443
-2.508,0.753
-2.548,-0.014
-2.694,-1.04
-2.615,0.198
-2.807,0.807
-2.725,-1.122
-2.746,0.02
-2.907,0.273
-2.835,0.365
-2.943,2.281
-2.952,-0.785
-2.965,2.006
-2.994,0.824
-3.06,0.262
-3.049,-0.252
-3.018,0.903
-3.095,1.598
2.795,0.499
2.823,0.469
2.719,-0.147
2.785,-0.84
2.761,2.078
2.545,2.195
2.64,-1.24
2.504,-0.767
2.494,-0.947
2.564,1.43
2.566,2.453
2.376,2.309
2.458,1.994
2.285,0.342
2.267,-0.93
2.286,0.178
2.259,0.952
2.13,2.666
2.081,2.192
2.2,0.78
2.063,-0.022
2.038,-0.227
1.957,2.483
1.576,2.758
1.583,-0.297
1.276,-0.018
1.347,1.264
1.258,0.817
1.041,2.251
1.15,-0.305
0.945,-0.015
0.925,-0.058
0.474,0.835
0.546,1.216
0.368,1.714
0.357,2.112
0.404,0.255
0.196,1.651
0.359,-0.592
0.117,-0.502
0.115,-1.167
-0.363,-1.378
-0.938,-1.527
-1.066,-1.42
-1.573,-1.452
-2.153,-1.593
-2.163,-1.556
-2.526,-1.279
3.048,-1.487
2.888,-1.626
2.948,-1.525
2.724,-1.463
2.545,-1.612
2.256,-1.637
1.952,-1.424
1.577,-1.586
1.33,-1.389
0.942,-1.495
0.551,-1.564
0.128,2.915
-0.028,3.094
-0.101,3.092
-0.005,3.09
-0.043,3.015
-0.951,3.044
-2.748,2.898
-2.848,2.874
-3.005,2.981
2.595,2.703
1.973,2.997
1.438,2.806
-1.018,2.15
-1.168,2.373
-1.168,-0.345
-1.335,2.515
2.116,1.386
1.568,2.169
1.433,2.173
-2.739,-0.139
3.027,-0.108
1.871,1.394
1.875,1.499
0.848,1.016
0.861,1.82
0.704,0.983
0.709,1.986
-0.352,-0.366
-0.351,0.641
-2.719,0.793
-0.25,2.797
1.819,-1.114
1.691,2.899
-0.016,3.245
0.023,1.429
-0.068,0.495
-0.018,2.4
-0.054,3.177
-0.132,1.127
-0.063,0.506
-0.149,3.869
-0.076,0.69
-0.096,1.999
-0.214,1.557
-0.247,1.211
-0.205,0.567
-0.259,1.01
-0.327,0.422
-0.333,3.015
-0.342,3.028
-0.29,1.792
-0.375,1.571
-0.434,3.558
-0.478,2.577
-0.459,3.039
-0.509,3.689
-0.595,3.839
-0.519,3.697
-0.686,0.182
-0.64,2.947
-0.666,2.843
-0.708,1.655
-0.71,3.21
-0.752,1.678
-0.848,3.592
-0.932,2.197
-0.893,2.041
-0.948,2.092
-1.055,0.748
-1.112,3.076
-1.077,1.571
-1.057,1.808
-1.059,3.228
-1.203,2.526
-1.177,3.116
-1.224,1.382
-1.299,1.332
-1.264,3.564
-1.291,3.274
-1.42,2.067
-1.406,2.014
-1.498,1.309
-1.543,0.602
-1.592,1.331
-1.884,0.368
-1.883,2.308
-2.024,1.803
-2.015,2.179
-2.001,2.464
-2.159,0.349
-2.258,1.099
-2.321,2.415
-2.338,3.14
-2.355,1.349
-2.436,3.706
-2.507,2.43
-2.469,0.935
-2.477,0.128
-2.621,2.895
-2.637,3.028
-2.694,0.754
-2.687,1.693
-2.656,0.963
-2.718,2.184
-2.71,3.097
-2.715,0.594
-2.757,1.635
-2.799,1.291
-2.828,0.362
-2.854,1.294
-2.887,1.006
-2.89,1.037
-2.814,0.054
-2.864,1.066
-2.926,2.896
-2.973,0.208
-3.003,-0.027
-2.965,1.615
-3.016,1.839
-3.04,1.755
-2.975,0.513
-3.006,2.358
-3.001,0.147
-3.01,3.606
-3.108,3.396
-3.121,3.843
-3.108,0.179
3.078,1.776
3.119,3.739
3.085,2.327
3.03,3.544
3.029,3.143
3.004,0.155
3.009,2.348
3.054,2.042
2.966,1.689
2.905,1.167
2.962,1.293
2.901,3.217
2.804,2.792
2.861,0.89
2.782,1.814
2.734,2.663
2.64,2.113
2.708,0.071
2.658,1.218
2.617,3.356
2.541,1.824
2.499,0.306
2.498,1.991
2.528,0.522
2.535,0.489
2.363,2.671
2.392,2.096
2.307,2.19
2.3,0.478
2.31,1.561
2.255,1.201
2.086,3.802
2.144,0.371
2.082,0.251
2.012,0.005
2.077,3.746
1.966,0.907
1.934,3.886
1.935,1.436
1.905,1.263
1.74,3.911
1.635,1.472
1.696,0.424
1.664,1.185
1.631,0.96
1.487,0.241
1.43,1.798
1.345,3.631
1.309,3.93
1.304,1.409
1.194,2.644
1.226,0.489
1.163,0.761
1.173,0.04
1.169,3.302
1.111,3.517
1.124,3.878
0.936,0.047
0.678,0.653
0.586,0.937
0.581,2.523
0.596,2.097
0.573,3.794
0.564,2.571
0.499,3.778
0.535,0.849
0.536,2.713
0.465,2.514
0.38,1.82
0.379,3.2
0.325,1.848
0.327,0.34
0.307,3.429
0.32,1.627
0.257,1.615
0.23,2.068
-0.088,-0.393
-0.636,-0.045
-0.665,-0.15
-0.653,-0.064
-0.827,-0.447
-2.344,0.032
-2.67,-0.19
-2.888,-0.117
3.113,-0.109
2.847,-0.428
2.639,-0.346
2.57,-0.406
2.227,-0.17
2.124,-0.216
2.028,-0.518
1.474,-0.2
1.123,-0.244
0.997,-0.274
0.794,-0.377
0.847,-0.147
0.726,-0.406
0.3,-0.389
0.116,3.965
0.111,4.131
-0.393,4.33
-0.832,4.26
-1.011,4.08
-1.906,4.404
-2.208,4.107
-2.199,4.304
-2.281,4.38
-2.408,4.42
-2.558,4.022
-2.487,4.085
-2.741,4.319
-2.813,4.449
-2.926,4.344
-3.012,4.028
2.984,4.437
2.639,4.218
2.354,4.366
1.719,4.103
1.394,4.175
1.333,4.21
0.978,4.066
0.608,4.391
0.619,4.332
0.356,4.263
-0.531,1.026
-1.026,1.534
-1.668,3.555
-2.649,0.627
2.316,2.611
1.608,3.594
-2.426,-0.392
0.036,4.292
0.251,3.864
0.098,2.087
0.011,3.876
-0.116,3.536
-0.036,0.431
-0.024,2.279
-0.266,2.054
-0.283,3.437
-0.336,3.989
-0.466,1.062
-0.576,2.315
-0.49,1.819
-0.494,2.428
-0.542,2.751
-0.61,2.041
-0.637,2.426
-0.696,2.933
-0.79,3.077
-0.986,3.843
-1.01,3.556
-0.93,3.735
-0.994,0.851
-1.201,3.485
-1.349,2.345
-1.434,1.266
-1.478,0.218
-1.351,0.443
-1.568,0.093
-1.576,1.03
-1.589,1.083
-1.482,3.03
-1.521,1.97
-1.625,1.615
-1.7,1.454
-1.692,3.046
-1.701,0.002
-1.9,1.257
-1.788,1.471
-1.827,0.957
-2.011,3.876
-1.957,1.64
-2.025,3.966
-2.272,3.705
-2.431,2.015
-2.471,1.248
-2.617,0.222
-2.538,1.46
-2.73,2.069
-2.648,0.14
-2.669,1.282
-2.83,1.535
-2.758,1.627
-2.866,3.543
-2.875,0.477
-2.888,3.268
-2.917,2.086
-2.983,1.524
-2.972,1.01
-2.941,2.165
-3.018,2.86
2.872,1.761
2.9,1.731
2.796,1.115
2.862,0.422
2.838,3.34
2.622,3.457
2.717,0.022
2.581,0.495
2.571,0.315
2.641,2.692
2.643,3.715
2.453,3.571
2.535,3.256
2.362,1.604
2.344,0.332
2.363,1.44
2.336,2.214
2.207,3.928
2.158,3.454
2.277,2.042
2.14,1.24
2.115,1.035
2.034,3.745
1.653,4.02
1.66,0.965
1.353,1.244
1.424,2.526
1.335,2.079
1.118,3.513
1.227,0.957
1.022,1.247
1.002,1.204
0.551,2.097
0.623,2.478
0.445,2.976
0.434,3.374
0.481,1.517
0.273,2.913
0.436,0.67
0.194,0.76
0.192,0.095
-0.286,-0.116
-0.861,-0.265
-0.989,-0.158
-1.496,-0.19
-2.076,-0.331
-2.086,-0.294
-2.449,-0.017
3.125,-0.225
2.965,-0.364
3.025,-0.263
2.801,-0.201
2.622,-0.35
2.333,-0.375
2.029,-0.162
1.654,-0.324
1.407,-0.127
1.019,-0.233
0.628,-0.302
0.205,4.177
0.049,4.356
-0.024,4.354
0.072,4.352
0.034,4.277
-0.874,4.306
-2.671,4.16
-2.771,4.136
-2.928,4.243
2.672,3.965
2.05,4.259
1.515,4.068
-0.941,3.412
-1.091,3.635
-1.091,0.917
-1.258,3.777
2.193,2.648
1.645,3.431
1.51,3.435
-2.662,1.123
3.104,1.154
1.948,2.656
1.952,2.761
0.925,2.278
0.938,3.082
0.781,2.245
0.786,3.248
-0.275,0.896
-0.274,1.903
-2.642,2.055
-0.173,4.059
1.896,0.148
1.768,4.161
0.039,-1.816
-0.052,-2.75
-0.002,-0.845
-0.038,-0.068
-0.116,-2.118
-0.047,-2.739
-0.133,0.624
-0.06,-2.555
-0.08,-1.246
-0.198,-1.688
-0.231,-2.034
-0.189,-2.678
-0.243,-2.235
-0.311,-2.823
-0.317,-0.23
-0.326,-0.217
-0.274,-1.453
-0.359,-1.674
-0.418,0.313
-0.462,-0.668
-0.443,-0.206
-0.493,0.444
-0.579,0.594
-0.503,0.452
-0.67,-3.063
-0.624,-0.298
-0.65,-0.402
-0.692,-1.59
-0.694,-0.035
-0.736,-1.567
-0.832,0.347
-0.916,-1.048
-0.877,-1.204
-0.932,-1.153
-1.039,-2.497
-1.096,-0.169
-1.061,-1.674
-1.041,-1.437
-1.043,-0.017
-1.187,-0.719
-1.161,-0.129
-1.208,-1.863
-1.283,-1.913
-1.248,0.319
-1.275,0.029
-1.404,-1.178
-1.39,-1.231
-1.482,-1.936
-1.527,-2.643
-1.576,-1.914
-1.868,-2.877
-1.867,-0.937
-2.008,-1.442
-1.999,-1.066
-1.985,-0.781
-2.143,-2.896
-2.242,-2.146
-2.305,-0.83
-2.322,-0.105
-2.339,-1.896
-2.42,0.461
-2.491,-0.815
-2.453,-2.31
-2.461,-3.117
-2.605,-0.35
-2.621,-0.217
-2.678,-2.491
-2.671,-1.552
-2.64,-2.282
-2.702,-1.061
-2.694,-0.148
-2.699,-2.651
-2.741,-1.61
-2.783,-1.954
-2.812,-2.883
-2.838,-1.951
-2.871,-2.239
-2.874,-2.208
-2.798,-3.191
-2.848,-2.179
-2.91,-0.349
-2.957,-3.037
-2.987,-3.272
-2.949,-1.63
-3.0,-1.406
-3.024,-1.49
-2.959,-2.732
-2.99,-0.887
-2.985,-3.098
-2.994,0.361
-3.092,0.151
-3.105,0.598
-3.092,-3.066
3.094,-1.469
3.135,0.494
3.101,-0.918
3.046,0.299
3.045,-0.102
3.02,-3.09
3.025,-0.897
3.07,-1.203
2.982,-1.556
2.921,-2.078
2.978,-1.952
2.917,-0.028
2.82,-0.453
2.877,-2.355
2.798,-1.431
2.75,-0.582
2.656,-1.132
2.724,-3.174
2.674,-2.027
2.633,0.111
2.557,-1.421
2.515,-2.939
2.514,-1.254
2.544,-2.723
2.551,-2.756
2.379,-0.574
2.408,-1.149
2.323,-1.055
2.316,-2.767
2.326,-1.684
2.271,-2.044
2.102,0.557
2.16,-2.874
2.098,-2.994
2.028,-3.24
2.093,0.501
1.982,-2.338
1.95,0.641
1.951,-1.809
1.921,-1.982
1.756,0.666
1.651,-1.773
1.712,-2.821
1.68,-2.06
1.647,-2.285
1.503,-3.004
1.446,-1.447
1.361,0.386
1.325,0.685
1.32,-1.836
1.21,-0.601
1.242,-2.756
1.179,-2.484
1.189,-3.205
1.185,0.057
1.127,0.272
1.14,0.633
0.952,-3.198
0.694,-2.592
0.602,-2.308
0.597,-0.722
0.612,-1.148
0.589,0.549
0.58,-0.674
0.515,0.533
0.551,-2.396
0.552,-0.532
0.481,-0.731
0.396,-1.425
0.395,-0.045
0.341,-1.397
0.343,-2.905
0.323,0.184
0.336,-1.618
0.273,-1.63
0.246,-1.177
-0.072,-3.638
-0.62,-3.29
-0.649,-3.395
-0.637,-3.309
-0.811,-3.692
-2.328,-3.213
-2.654,-3.435
-2.872,-3.362
3.129,-3.354
2.863,-3.673
2.655,-3.591
2.586,-3.651
2.243,-3.415
2.14,-3.461
2.044,-3.763
1.49,-3.445
1.139,-3.489
1.013,-3.519
0.81,-3.622
0.863,-3.392
0.742,-3.651
0.316,-3.634
0.132,0.72
0.127,0.886
-0.377,1.085
-0.816,1.015
-0.995,0.835
-1.89,1.159
-2.192,0.862
-2.183,1.059
-2.265,1.135
-2.392,1.175
-2.542,0.777
-2.471,0.84
-2.725,1.074
-2.797,1.204
-2.91,1.099
-2.996,0.783
3.0,1.192
2.655,0.973
2.37,1.121
1.735,0.858
1.41,0.93
1.349,0.965
0.994,0.821
0.624,1.146
0.635,1.087
0.372,1.018
-0.515,-2.219
-1.01,-1.711
-1.652,0.31
-2.633,-2.618
2.332,-0.634
1.624,0.349
-2.41,-3.637
0.052,1.047
0.267,0.619
0.114,-1.158
0.027,0.631
-0.1,0.291
-0.02,-2.814
-0.008,-0.966
-0.25,-1.191
-0.267,0.192
-0.32,0.744
-0.45,-2.183
-0.56,-0.93
-0.474,-1.426
-0.478,-0.817
-0.526,-0.494
-0.594,-1.204
-0.621,-0.819
-0.68,-0.312
-0.774,-0.168
-0.97,0.598
-0.994,0.311
-0.914,0.49
-0.978,-2.394
-1.185,0.24
-1.333,-0.9
-1.418,-1.979
-1.462,-3.027
-1.335,-2.802
-1.552,-3.152
-1.56,-2.215
-1.573,-2.162
-1.466,-0.215
-1.505,-1.275
-1.609,-1.63
-1.684,-1.791
-1.676,-0.199
-1.685,-3.243
-1.884,-1.988
-1.772,-1.774
-1.811,-2.288
-1.995,0.631
-1.941,-1.605
-2.009,0.721
-2.256,0.46
-2.415,-1.23
-2.455,-1.997
-2.601,-3.023
-2.522,-1.785
-2.714,-1.176
-2.632,-3.105
-2.653,-1.963
-2.814,-1.71
-2.742,-1.618
-2.85,0.298
-2.859,-2.768
-2.872,0.023
-2.901,-1.159
-2.967,-1.721
-2.956,-2.235
-2.925,-1.08
-3.002,-0.385
2.888,-1.484
2.916,-1.514
2.812,-2.13
2.878,-2.823
2.854,0.095
2.638,0.212
2.733,-3.223
2.597,-2.75
2.587,-2.93
2.657,-0.553
2.659,0.47
2.469,0.326
2.551,0.011
2.378,-1.641
2.36,-2.913
2.379,-1.805
2.352,-1.031
2.223,0.683
2.174,0.209
2.293,-1.203
2.156,-2.005
2.131,-2.21
2.05,0.5
1.669,0.775
1.676,-2.28
1.369,-2.001
1.44,-0.719
1.351,-1.166
1.134,0.268
1.243,-2.288
1.038,-1.998
1.018,-2.041
0.567,-1.148
0.639,-0.767
0.461,-0.269
0.45,0.129
0.497,-1.728
0.289,-0.332
0.452,-2.575
0.21,-2.485
0.208,-3.15
-0.27,-3.361
-0.845,-3.51
-0.973,-3.403
-1.48,-3.435
-2.06,-3.576
-2.07,-3.539
-2.433,-3.262
3.141,-3.47
2.981,-3.609
3.041,-3.508
2.817,-3.446
2.638,-3.595
2.349,-3.62
2.045,-3.407
1.67,-3.569
1.423,-3.372
1.035,-3.478
0.644,-3.547
0.221,0.932
0.065,1.111
-0.008,1.109
0.088,1.107
0.05,1.032
-0.858,1.061
-2.655,0.915
-2.755,0.891
-2.912,0.998
2.688,0.72
2.066,1.014
1.531,0.823
-0.925,0.167
-1.075,0.39
-1.075,-2.328
-1.242,0.532
2.209,-0.597
1.661,0.186
1.526,0.19
-2.646,-2.122
3.12,-2.091
1.964,-0.589
1.968,-0.484
0.941,-0.967
0.954,-0.163
0.797,-1.0
0.802,0.003
-0.259,-2.349
-0.258,-1.342
-2.626,-1.19
-0.157,0.814
1.912,-3.097
1.784,0.916
-0.091,-0.934
-0.041,0.971
-0.077,1.748
-0.155,-0.302
-0.086,-0.923
-0.172,2.44
-0.099,-0.739
-0.119,0.57
-0.237,0.128
-0.27,-0.218
-0.228,-0.862
-0.282,-0.419
-0.35,-1.007
-0.356,1.586
-0.365,1.599
-0.313,0.363
-0.398,0.142
-0.457,2.129
-0.501,1.148
-0.482,1.61
-0.532,2.26
-0.618,2.41
-0.542,2.268
-0.709,-1.247
-0.663,1.518
-0.689,1.414
-0.731,0.226
-0.733,1.781
-0.775,0.249
-0.871,2.163
-0.955,0.768
-0.916,0.612
-0.971,0.663
-1.078,-0.681
-1.135,1.647
-1.1,0.142
-1.08,0.379
-1.082,1.799
-1.226,1.097
-1.2,1.687
-1.247,-0.047
-1.322,-0.097
-1.287,2.135
-1.314,1.845
-1.443,0.638
-1.429,0.585
-1.521,-0.12
-1.566,-0.827
-1.615,-0.098
-1.907,-1.061
-1.906,0.879
-2.047,0.374
-2.038,0.75
-2.024,1.035
-2.182,-1.08
-2.281,-0.33
-2.344,0.986
-2.361,1.711
-2.378,-0.08
-2.459,2.277
-2.53,1.001
-2.492,-0.494
-2.5,-1.301
-2.644,1.466
-2.66,1.599
-2.717,-0.675
-2.71,0.264
-2.679,-0.466
-2.741,0.755
-2.733,1.668
-2.738,-0.835
-2.78,0.206
-2.822,-0.138
-2.851,-1.067
-2.877,-0.135
-2.91,-0.423
-2.913,-0.392
-2.837,-1.375
-2.887,-0.363
-2.949,1.467
-2.996,-1.221
-3.026,-1.456
-2.988,0.186
-3.039,0.41
-3.063,0.326
-2.998,-0.916
-3.029,0.929
-3.024,-1.282
-3.033,2.177
-3.131,1.967
3.139,2.414
-3.131,-1.25
3.055,0.347
3.096,2.31
3.062,0.898
3.007,2.115
3.006,1.714
2.981,-1.274
2.986,0.919
3.031,0.613
2.943,0.26
2.882,-0.262
2.939,-0.136
2.878,1.788
2.781,1.363
2.838,-0.539
2.759,0.385
2.711,1.234
2.617,0.684
2.685,-1.358
2.635,-0.211
2.594,1.927
2.518,0.395
2.476,-1.123
2.475,0.562
2.505,-0.907
2.512,-0.94
2.34,1.242
2.369,0.667
2.284,0.761
2.277,-0.951
2.287,0.132
2.232,-0.228
2.063,2.373
2.121,-1.058
2.059,-1.178
1.989,-1.424
2.054,2.317
1.943,-0.522
1.911,2.457
1.912,0.007
1.882,-0.166
1.717,2.482
1.612,0.043
1.673,-1.005
1.641,-0.244
1.608,-0.469
1.464,-1.188
1.407,0.369
1.322,2.202
1.286,2.501
1.281,-0.02
1.171,1.215
1.203,-0.94
1.14,-0.668
1.15,-1.389
1.146,1.873
1.088,2.088
1.101,2.449
0.913,-1.382
0.655,-0.776
0.563,-0.492
0.558,1.094
0.573,0.668
0.55,2.365
0.541,1.142
0.476,2.349
0.512,-0.58
0.513,1.284
0.442,1.085
0.357,0.391
0.356,1.771
0.302,0.419
0.304,-1.089
0.284,2.0
0.297,0.198
0.234,0.186
0.207,0.639
-0.111,-1.822
-0.659,-1.474
-0.688,-1.579
-0.676,-1.493
-0.85,-1.876
-2.367,-1.397
-2.693,-1.619
-2.911,-1.546
3.09,-1.538
2.824,-1.857
2.616,-1.775
2.547,-1.835
2.204,-1.599
2.101,-1.645
2.005,-1.947
1.451,-1.629
1.1,-1.673
0.974,-1.703
0.771,-1.806
0.824,-1.576
0.703,-1.835
0.277,-1.818
0.093,2.536
0.088,2.702
-0.416,2.901
-0.855,2.831
-1.034,2.651
-1.929,2.975
-2.231,2.678
-2.222,2.875
-2.304,2.951
-2.431,2.991
-2.581,2.593
-2.51,2.656
-2.764,2.89
-2.836,3.02
-2.949,2.915
-3.035,2.599
2.961,3.008
2.616,2.789
2.331,2.937
1.696,2.674
1.371,2.746
1.31,2.781
0.955,2.637
0.585,2.962
0.596,2.903
0.333,2.834
-0.554,-0.403
-1.049,0.105
-1.691,2.126
-2.672,-0.802
2.293,1.182
1.585,2.165
-2.449,-1.821
0.013,2.863
0.228,2.435
0.075,0.658
-0.012,2.447
-0.139,2.107
-0.059,-0.998
-0.047,0.85
-0.289,0.625
-0.306,2.008
-0.359,2.56
-0.489,-0.367
-0.599,0.886
-0.513,0.39
-0.517,0.999
-0.565,1.322
-0.633,0.612
-0.66,0.997
-0.719,1.504
-0.813,1.648
-1.009,2.414
-1.033,2.127
-0.953,2.306
-1.017,-0.578
-1.224,2.056
-1.372,0.916
-1.457,-0.163
-1.501,-1.211
-1.374,-0.986
-1.591,-1.336
-1.599,-0.399
-1.612,-0.346
-1.505,1.601
-1.544,0.541
-1.648,0.186
-1.723,0.025
-1.715,1.617
-1.724,-1.427
-1.923,-0.172
-1.811,0.042
-1.85,-0.472
-2.034,2.447
-1.98,0.211
-2.048,2.537
-2.295,2.276
-2.454,0.586
-2.494,-0.181
-2.64,-1.207
-2.561,0.031
-2.753,0.64
-2.671,-1.289
-2.692,-0.147
-2.853,0.106
-2.781,0.198
-2.889,2.114
-2.898,-0.952
-2.911,1.839
-2.94,0.657
-3.006,0.095
-2.995,-0.419
-2.964,0.736
-3.041,1.431
2.849,0.332
2.877,0.302
2.773,-0.314
2.839,-1.007
2.815,1.911
2.599,2.028
2.694,-1.407
2.558,-0.934
2.548,-1.114
2.618,1.263
2.62,2.286
2.43,2.142
2.512,1.827
2.339,0.175
2.321,-1.097
2.34,0.011
2.313,0.785
2.184,2.499
2.135,2.025
2.254,0.613
2.117,-0.189
2.092,-0.394
2.011,2.316
1.63,2.591
1.637,-0.464
1.33,-0.185
1.401,1.097
1.312,0.65
1.095,2.084
1.204,-0.472
0.999,-0.182
0.979,-0.225
0.528,0.668
0.6,1.049
0.422,1.547
0.411,1.945
0.458,0.088
0.25,1.484
0.413,-0.759
0.171,-0.669
0.169,-1.334
-0.309,-1.545
-0.884,-1.694
-1.012,-1.587
-1.519,-1.619
-2.099,-1.76
-2.109,-1.723
-2.472,-1.446
3.102,-1.654
2.942,-1.793
3.002,-1.692
2.778,-1.63
2.599,-1.779
2.31,-1.804
2.006,-1.591
1.631,-1.753
1.384,-1.556
0.996,-1.662
0.605,-1.731
0.182,2.748
0.026,2.927
-0.047,2.925
0.049,2.923
0.011,2.848
-0.897,2.877
-2.694,2.731
-2.794,2.707
-2.951,2.814
2.649,2.536
2.027,2.83
1.492,2.639
-0.964,1.983
-1.114,2.206
-1.114,-0.512
-1.281,2.348
2.17,1.219
1.622,2.002
1.487,2.006
-2.685,-0.306
3.081,-0.275
1.925,1.227
1.929,1.332
0.902,0.849
0.915,1.653
0.758,0.816
0.763,1.819
-0.298,-0.533
-0.297,0.474
-2.665,0.626
-0.196,2.63
1.873,-1.281
1.745,2.732
0.05,1.905
0.014,2.682
-0.064,0.632
0.005,0.011
-0.081,3.374
-0.008,0.195
-0.028,1.504
-0.146,1.062
-0.179,0.716
-0.137,0.072
-0.191,0.515
-0.259,-0.073
-0.265,2.52
-0.274,2.533
-0.222,1.297
-0.307,1.076
-0.366,3.063
-0.41,2.082
-0.391,2.544
-0.441,3.194
-0.527,3.344
-0.451,3.202
-0.618,-0.313
-0.572,2.452
-0.598,2.348
-0.64,1.16
-0.642,2.715
-0.684,1.183
-0.78,3.097
-0.864,1.702
-0.825,1.546
-0.88,1.597
-0.987,0.253
-1.044,2.581
-1.009,1.076
-0.989,1.313
-0.991,2.733
-1.135,2.031
-1.109,2.621
-1.156,0.887
-1.231,0.837
-1.196,3.069
-1.223,2.779
-1.352,1.572
-1.338,1.519
-1.43,0.814
-1.475,0.107
-1.524,0.836
-1.816,-0.127
-1.815,1.813
-1.956,1.308
-1.947,1.684
-1.933,1.969
-2.091,-0.146
-2.19,0.604
-2.253,1.92
-2.27,2.645
-2.287,0.854
-2.368,3.211
-2.439,1.935
-2.401,0.44
-2.409,-0.367
-2.553,2.4
-2.569,2.533
-2.626,0.259
-2.619,1.198
-2.588,0.468
-2.65,1.689
-2.642,2.602
-2.647,0.099
-2.689,1.14
-2.731,0.796
-2.76,-0.133
-2.786,0.799
-2.819,0.511
-2.822,0.542
-2.746,-0.441
-2.796,0.571
-2.858,2.401
-2.905,-0.287
-2.935,-0.522
-2.897,1.12
-2.948,1.344
-2.972,1.26
-2.907,0.018
-2.938,1.863
-2.933,-0.348
-2.942,3.111
-3.04,2.901
-3.053,3.348
-3.04,-0.316
-3.137,1.281
-3.096,3.244
-3.13,1.832
3.098,3.049
3.097,2.648
3.072,-0.34
3.077,1.853
3.122,1.547
3.034,1.194
2.973,0.672
3.03,0.798
2.969,2.722
2.872,2.297
2.929,0.395
2.85,1.319
2.802,2.168
2.708,1.618
2.776,-0.424
2.726,0.723
2.685,2.861
2.609,1.329
2.567,-0.189
2.566,1.496
2.596,0.027
2.603,-0.006
2.431,2.176
2.46,1.601
2.375,1.695
2.368,-0.017
2.378,1.066
2.323,0.706
2.154,3.307
2.212,-0.124
2.15,-0.244
2.08,-0.49
2.145,3.251
2.034,0.412
2.002,3.391
2.003,0.941
1.973,0.768
1.808,3.416
1.703,0.977
1.764,-0.071
1.732,0.69
1.699,0.465
1.555,-0.254
1.498,1.303
1.413,3.136
1.377,3.435
1.372,0.914
1.262,2.149
1.294,-0.006
1.231,0.266
1.241,-0.455
1.237,2.807
1.179,3.022
1.192,3.383
1.004,-0.448
0.746,0.158
0.654,0.442
0.649,2.028
0.664,1.602
0.641,3.299
0.632,2.076
0.567,3.283
0.603,0.354
0.604,2.218
0.533,2.019
0.448,1.325
0.447,2.705
0.393,1.353
0.395,-0.155
0.375,2.934
0.388,1.132
0.325,1.12
0.298,1.573
-0.02,-0.888
-0.568,-0.54
-0.597,-0.645
-0.585,-0.559
-0.759,-0.942
-2.276,-0.463
-2.602,-0.685
-2.82,-0.612
-3.102,-0.604
2.915,-0.923
2.707,-0.841
2.638,-0.901
2.295,-0.665
2.192,-0.711
2.096,-1.013
1.542,-0.695
1.191,-0.739
1.065,-0.769
0.862,-0.872
0.915,-0.642
0.794,-0.901
0.368,-0.884
0.184,3.47
0.179,3.636
-0.325,3.835
-0.764,3.765
-0.943,3.585
-1.838,3.909
-2.14,3.612
-2.131,3.809
-2.213,3.885
-2.34,3.925
-2.49,3.527
-2.419,3.59
-2.673,3.824
-2.745,3.954
-2.858,3.849
-2.944,3.533
3.052,3.942
2.707,3.723
2.422,3.871
1.787,3.608
1.462,3.68
1.401,3.715
1.046,3.571
0.676,3.896
0.687,3.837
0.424,3.768
-0.463,0.531
-0.958,1.039
-1.6,3.06
-2.581,0.132
2.384,2.116
1.676,3.099
-2.358,-0.887
0.104,3.797
0.319,3.369
0.166,1.592
0.079,3.381
-0.048,3.041
0.032,-0.064
0.044,1.784
-0.198,1.559
-0.215,2.942
-0.268,3.494
-0.398,0.567
-0.508,1.82
-0.422,1.324
-0.426,1.933
-0.474,2.256
-0.542,1.546
-0.569,1.931
-0.628,2.438
-0.722,2.582
-0.918,3.348
-0.942,3.061
-0.862,3.24
-0.926,0.356
-1.133,2.99
-1.281,1.85
-1.366,0.771
-1.41,-0.277
-1.283,-0.052
-1.5,-0.402
-1.508,0.535
-1.521,0.588
-1.414,2.535
-1.453,1.475
-1.557,1.12
-1.632,0.959
-1.624,2.551
-1.633,-0.493
-1.832,0.762
-1.72,0.976
-1.759,0.462
-1.943,3.381
-1.889,1.145
-1.957,3.471
-2.204,3.21
-2.363,1.52
-2.403,0.753
-2.549,-0.273
-2.47,0.965
-2.662,1.574
-2.58,-0.355
-2.601,0.787
-2.762,1.04
-2.69,1.132
-2.798,3.048
-2.807,-0.018
-2.82,2.773
-2.849,1.591
-2.915,1.029
-2.904,0.515
-2.873,1.67
-2.95,2.365
2.94,1.266
2.968,1.236
2.864,0.62
2.93,-0.073
2.906,2.845
2.69,2.962
2.785,-0.473
2.649,0.0
2.639,-0.18
2.709,2.197
2.711,3.22
2.521,3.076
2.603,2.761
2.43,1.109
2.412,-0.163
2.431,0.945
2.404,1.719
2.275,3.433
2.226,2.959
2.345,1.547
2.208,0.745
2.183,0.54
2.102,3.25
1.721,3.525
1.728,0.47
1.421,0.749
1.492,2.031
1.403,1.584
1.186,3.018
1.295,0.462
1.09,0.752
1.07,0.709
0.619,1.602
0.691,1.983
0.513,2.481
0.502,2.879
0.549,1.022
0.341,2.418
0.504,0.175
0.262,0.265
0.26,-0.4
-0.218,-0.611
-0.793,-0.76
-0.921,-0.653
-1.428,-0.685
-2.008,-0.826
-2.018,-0.789
-2.381,-0.512
-3.09,-0.72
3.033,-0.859
3.093,-0.758
2.869,-0.696
2.69,-0.845
2.401,-0.87
2.097,-0.657
1.722,-0.819
1.475,-0.622
1.087,-0.728
0.696,-0.797
0.273,3.682
0.117,3.861
0.044,3.859
0.14,3.857
0.102,3.782
-0.806,3.811
-2.603,3.665
-2.703,3.641
-2.86,3.748
2.74,3.47
2.118,3.764
1.583,3.573
-0.873,2.917
-1.023,3.14
-1.023,0.422
-1.19,3.282
2.261,2.153
1.713,2.936
1.578,2.94
-2.594,0.628
-3.111,0.659
2.016,2.161
2.02,2.266
0.993,1.783
1.006,2.587
0.849,1.75
0.854,2.753
-0.207,0.401
-0.206,1.408
-2.574,1.56
-0.105,3.564
1.964,-0.347
1.836,3.666
-0.036,0.777
-0.114,-1.273
-0.045,-1.894
-0.131,1.469
-0.058,-1.71
-0.078,-0.401
-0.196,-0.843
-0.229,-1.189
-0.187,-1.833
-0.241,-1.39
-0.309,-1.978
-0.315,0.615
-0.324,0.628
-0.272,-0.608
-0.357,-0.829
-0.416,1.158
-0.46,0.177
-0.441,0.639
-0.491,1.289
-0.577,1.439
-0.501,1.297
-0.668,-2.218
-0.622,0.547
-0.648,0.443
-0.69,-0.745
-0.692,0.81
-0.734,-0.722
-0.83,1.192
-0.914,-0.203
-0.875,-0.359
-0.93,-0.308
-1.037,-1.652
-1.094,0.676
-1.059,-0.829
-1.039,-0.592
-1.041,0.828
-1.185,0.126
-1.159,0.716
-1.206,-1.018
-1.281,-1.068
-1.246,1.164
-1.273,0.874
-1.402,-0.333
-1.388,-0.386
-1.48,-1.091
-1.525,-1.798
-1.574,-1.069
-1.866,-2.032
-1.865,-0.092
-2.006,-0.597
-1.997,-0.221
-1.983,0.064
-2.141,-2.051
-2.24,-1.301
-2.303,0.015
-2.32,0.74
-2.337,-1.051
-2.418,1.306
-2.489,0.03
-2.451,-1.465
-2.459,-2.272
-2.603,0.495
-2.619,0.628
-2.676,-1.646
-2.669,-0.707
-2.638,-1.437
-2.7,-0.216
-2.692,0.697
-2.697,-1.806
-2.739,-0.765
-2.781,-1.109
-2.81,-2.038
-2.836,-1.106
-2.869,-1.394
-2.872,-1.363
-2.796,-2.346
-2.846,-1.334
-2.908,0.496
-2.955,-2.192
-2.985,-2.427
-2.947,-0.785
-2.998,-0.561
-3.022,-0.645
-2.957,-1.887
-2.988,-0.042
-2.983,-2.253
-2.992,1.206
-3.09,0.996
-3.103,1.443
-3.09,-2.221
3.096,-0.624
3.137,1.339
3.103,-0.073
3.048,1.144
3.047,0.743
3.022,-2.245
3.027,-0.052
3.072,-0.358
2.984,-0.711
2.923,-1.233
2.98,-1.107
2.919,0.817
2.822,0.392
2.879,-1.51
2.8,-0.586
2.752,0.263
2.658,-0.287
2.726,-2.329
2.676,-1.182
2.635,0.956
2.559,-0.576
2.517,-2.094
2.516,-0.409
2.546,-1.878
2.553,-1.911
2.381,0.271
2.41,-0.304
2.325,-0.21
2.318,-1.922
2.328,-0.839
2.273,-1.199
2.104,1.402
2.162,-2.029
2.1,-2.149
2.03,-2.395
2.095,1.346
1.984,-1.493
1.952,1.486
1.953,-0.964
1.923,-1.137
1.758,1.511
1.653,-0.928
1.714,-1.976
1.682,-1.215
1.649,-1.44
1.505,-2.159
1.448,-0.602
1.363,1.231
1.327,1.53
1.322,-0.991
1.212,0.244
1.244,-1.911
1.181,-1.639
1.191,-2.36
1.187,0.902
1.129,1.117
1.142,1.478
0.954,-2.353
0.696,-1.747
0.604,-1.463
0.599,0.123
0.614,-0.303
0.591,1.394
0.582,0.171
0.517,1.378
0.553,-1.551
0.554,0.313
0.483,0.114
0.398,-0.58
0.397,0.8
0.343,-0.552
0.345,-2.06
0.325,1.029
0.338,-0.773
0.275,-0.785
0.248,-0.332
-0.07,-2.793
-0.618,-2.445
-0.647,-2.55
-0.635,-2.464
-0.809,-2.847
-2.326,-2.368
-2.652,-2.59
-2.87,-2.517
3.131,-2.509
2.865,-2.828
2.657,-2.746
2.588,-2.806
2.245,-2.57
2.142,-2.616
2.046,-2.918
1.492,-2.6
1.141,-2.644
1.015,-2.674
0.812,-2.777
0.865,-2.547
0.744,-2.806
0.318,-2.789
0.134,1.565
0.129,1.731
-0.375,1.93
-0.814,1.86
-0.993,1.68
-1.888,2.004
-2.19,1.707
-2.181,1.904
-2.263,1.98
-2.39,2.02
-2.54,1.622
-2.469,1.685
-2.723,1.919
-2.795,2.049
-2.908,1.944
-2.994,1.628
3.002,2.037
2.657,1.818
2.372,1.966
1.737,1.703
1.412,1.775
1.351,1.81
0.996,1.666
0.626,1.991
0.637,1.932
0.374,1.863
-0.513,-1.374
-1.008,-0.866
-1.65,1.155
-2.631,-1.773
2.334,0.211
1.626,1.194
-2.408,-2.792
0.054,1.892
0.269,1.464
0.116,-0.313
0.029,1.476
-0.098,1.136
-0.018,-1.969
-0.006,-0.121
-0.248,-0.346
-0.265,1.037
-0.318,1.589
-0.448,-1.338
-0.558,-0.085
-0.472,-0.581
-0.476,0.028
-0.524,0.351
-0.592,-0.359
-0.619,0.026
-0.678,0.533
-0.772,0.677
-0.968,1.443
-0.992,1.156
-0.912,1.335
-0.976,-1.549
-1.183,1.085
-1.331,-0.055
-1.416,-1.134
-1.46,-2.182
-1.333,-1.957
-1.55,-2.307
-1.558,-1.37
-1.571,-1.317
-1.464,0.63
-1.503,-0.43
-1.607,-0.785
-1.682,-0.946
-1.674,0.646
-1.683,-2.398
-1.882,-1.143
-1.77,-0.929
-1.809,-1.443
-1.993,1.476
-1.939,-0.76
-2.007,1.566
-2.254,1.305
-2.413,-0.385
-2.453,-1.152
-2.599,-2.178
-2.52,-0.94
-2.712,-0.331
-2.63,-2.26
-2.651,-1.118
-2.812,-0.865
-2.74,-0.773
-2.848,1.143
-2.857,-1.923
-2.87,0.868
-2.899,-0.314
-2.965,-0.876
-2.954,-1.39
-2.923,-0.235
-3.0,0.46
2.89,-0.639
2.918,-0.669
2.814,-1.285
2.88,-1.978
2.856,0.94
2.64,1.057
2.735,-2.378
2.599,-1.905
2.589,-2.085
2.659,0.292
2.661,1.315
2.471,1.171
2.553,0.856
2.38,-0.796
2.362,-2.068
2.381,-0.96
2.354,-0.186
2.225,1.528
2.176,1.054
2.295,-0.358
2.158,-1.16
2.133,-1.365
2.052,1.345
1.671,1.62
1.678,-1.435
1.371,-1.156
1.442,0.126
1.353,-0.321
1.136,1.113
1.245,-1.443
1.04,-1.153
1.02,-1.196
0.569,-0.303
0.641,0.078
0.463,0.576
0.452,0.974
0.499,-0.883
0.291,0.513
0.454,-1.73
0.212,-1.64
0.21,-2.305
-0.268,-2.516
-0.843,-2.665
-0.971,-2.558
-1.478,-2.59
-2.058,-2.731
-2.068,-2.694
-2.431,-2.417
-3.14,-2.625
2.983,-2.764
3.043,-2.663
2.819,-2.601
2.64,-2.75
2.351,-2.775
2.047,-2.562
1.672,-2.724
1.425,-2.527
1.037,-2.633
0.646,-2.702
0.223,1.777
0.067,1.956
-0.006,1.954
0.09,1.952
0.052,1.877
-0.856,1.906
-2.653,1.76
-2.753,1.736
-2.91,1.843
2.69,1.565
2.068,1.859
1.533,1.668
-0.923,1.012
-1.073,1.235
-1.073,-1.483
-1.24,1.377
2.211,0.248
1.663,1.031
1.528,1.035
-2.644,-1.277
3.122,-1.246
1.966,0.256
1.97,0.361
0.943,-0.122
0.956,0.682
0.799,-0.155
0.804,0.848
-0.257,-1.504
-0.256,-0.497
-2.624,-0.345
-0.155,1.659
1.914,-2.252
1.786,1.761
-0.078,-2.05
-0.009,-2.671
-0.095,0.692
-0.022,-2.487
-0.042,-1.178
-0.16,-1.62
-0.193,-1.966
-0.151,-2.61
-0.205,-2.167
-0.273,-2.755
-0.279,-0.162
-0.288,-0.149
-0.236,-1.385
-0.321,-1.606
-0.38,0.381
-0.424,-0.6
-0.405,-0.138
-0.455,0.512
-0.541,0.662
-0.465,0.52
-0.632,-2.995
-0.586,-0.23
-0.612,-0.334
-0.654,-1.522
-0.656,0.033
-0.698,-1.499
-0.794,0.415
-0.878,-0.98
-0.839,-1.136
-0.894,-1.085
-1.001,-2.429
-1.058,-0.101
-1.023,-1.606
-1.003,-1.369
-1.005,0.051
-1.149,-0.651
-1.123,-0.061
-1.17,-1.795
-1.245,-1.845
-1.21,0.387
-1.237,0.097
-1.366,-1.11
-1.352,-1.163
-1.444,-1.868
-1.489,-2.575
-1.538,-1.846
-1.83,-2.809
-1.829,-0.869
-1.97,-1.374
-1.961,-0.998
-1.947,-0.713
-2.105,-2.828
-2.204,-2.078
-2.267,-0.762
-2.284,-0.037
-2.301,-1.828
-2.382,0.529
-2.453,-0.747
-2.415,-2.242
-2.423,-3.049
-2.567,-0.282
-2.583,-0.149
-2.64,-2.423
-2.633,-1.484
-2.602,-2.214
-2.664,-0.993
-2.656,-0.08
-2.661,-2.583
-2.703,-1.542
-2.745,-1.886
-2.774,-2.815
-2.8,-1.883
-2.833,-2.171
-2.836,-2.14
-2.76,-3.123
-2.81,-2.111
-2.872,-0.281
-2.919,-2.969
-2.949,-3.204
-2.911,-1.562
-2.962,-1.338
-2.986,-1.422
-2.921,-2.664
-2.952,-0.819
-2.947,-3.03
-2.956,0.429
-3.054,0.219
-3.067,0.666
-3.054,-2.998
3.132,-1.401
-3.11,0.562
3.139,-0.85
3.084,0.367
3.083,-0.034
3.058,-3.022
3.063,-0.829
3.108,-1.135
3.02,-1.488
2.959,-2.01
3.016,-1.884
2.955,0.04
2.858,-0.385
2.915,-2.287
2.836,-1.363
2.788,-0.514
2.694,-1.064
2.762,-3.106
2.712,-1.959
2.671,0.179
2.595,-1.353
2.553,-2.871
2.552,-1.186
2.582,-2.655
2.589,-2.688
2.417,-0.506
2.446,-1.081
2.361,-0.987
2.354,-2.699
2.364,-1.616
2.309,-1.976
2.14,0.625
2.198,-2.806
2.136,-2.926
2.066,-3.172
2.131,0.569
2.02,-2.27
1.988,0.709
1.989,-1.741
1.959,-1.914
1.794,0.734
1.689,-1.705
1.75,-2.753
1.718,-1.992
1.685,-2.217
1.541,-2.936
1.484,-1.379
1.399,0.454
1.363,0.753
1.358,-1.768
1.248,-0.533
1.28,-2.688
1.217,-2.416
1.227,-3.137
1.223,0.125
1.165,0.34
1.178,0.701
0.99,-3.13
0.732,-2.524
0.64,-2.24
0.635,-0.654
0.65,-1.08
0.627,0.617
0.618,-0.606
0.553,0.601
0.589,-2.328
0.59,-0.464
0.519,-0.663
0.434,-1.357
0.433,0.023
0.379,-1.329
0.381,-2.837
0.361,0.252
0.374,-1.55
0.311,-1.562
0.284,-1.109
-0.034,-3.57
-0.582,-3.222
-0.611,-3.327
-0.599,-3.241
-0.773,-3.624
-2.29,-3.145
-2.616,-3.367
-2.834,-3.294
-3.116,-3.286
2.901,-3.605
2.693,-3.523
2.624,-3.583
2.281,-3.347
2.178,-3.393
2.082,-3.695
1.528,-3.377
1.177,-3.421
1.051,-3.451
0.848,-3.554
0.901,-3.324
0.78,-3.583
0.354,-3.566
0.17,0.788
0.165,0.954
-0.339,1.153
-0.778,1.083
-0.957,0.903
-1.852,1.227
-2.154,0.93
-2.145,1.127
-2.227,1.203
-2.354,1.243
-2.504,0.845
-2.433,0.908
-2.687,1.142
-2.759,1.272
-2.872,1.167
-2.958,0.851
3.038,1.26
2.693,1.041
2.408,1.189
1.773,0.926
1.448,0.998
1.387,1.033
1.032,0.889
0.662,1.214
0.673,1.155
0.41,1.086
-0.477,-2.151
-0.972,-1.643
-1.614,0.378
-2.595,-2.55
2.37,-0.566
1.662,0.417
-2.372,-3.569
0.09,1.115
0.305,0.687
0.152,-1.09
0.065,0.699
-0.062,0.359
0.018,-2.746
0.03,-0.898
-0.212,-1.123
-0.229,0.26
-0.282,0.812
-0.412,-2.115
-0.522,-0.862
-0.436,-1.358
-0.44,-0.749
-0.488,-0.426
-0.556,-1.136
-0.583,-0.751
-0.642,-0.244
-0.736,-0.1
-0.932,0.666
-0.956,0.379
-0.876,0.558
-0.94,-2.326
-1.147,0.308
-1.295,-0.832
-1.38,-1.911
-1.424,-2.959
-1.297,-2.734
-1.514,-3.084
-1.522,-2.147
-1.535,-2.094
-1.428,-0.147
-1.467,-1.207
-1.571,-1.562
-1.646,-1.723
-1.638,-0.131
-1.647,-3.175
-1.846,-1.92
-1.734,-1.706
-1.773,-2.22
-1.957,0.699
-1.903,-1.537
-1.971,0.789
-2.218,0.528
-2.377,-1.162
-2.417,-1.929
-2.563,-2.955
-2.484,-1.717
-2.676,-1.108
-2.594,-3.037
-2.615,-1.895
-2.776,-1.642
-2.704,-1.55
-2.812,0.366
-2.821,-2.7
-2.834,0.091
-2.863,-1.091
-2.929,-1.653
-2.918,-2.167
-2.887,-1.012
-2.964,-0.317
2.926,-1.416
2.954,-1.446
2.85,-2.062
2.916,-2.755
2.892,0.163
2.676,0.28
2.771,-3.155
2.635,-2.682
2.625,-2.862
2.695,-0.485
2.697,0.538
2.507,0.394
2.589,0.079
2.416,-1.573
2.398,-2.845
2.417,-1.737
2.39,-0.963
2.261,0.751
2.212,0.277
2.331,-1.135
2.194,-1.937
2.169,-2.142
2.088,0.568
1.707,0.843
1.714,-2.212
1.407,-1.933
1.478,-0.651
1.389,-1.098
1.172,0.336
1.281,-2.22
1.076,-1.93
1.056,-1.973
0.605,-1.08
0.677,-0.699
0.499,-0.201
0.488,0.197
0.535,-1.66
0.327,-0.264
0.49,-2.507
0.248,-2.417
0.246,-3.082
-0.232,-3.293
-0.807,-3.442
-0.935,-3.335
-1.442,-3.367
-2.022,-3.508
-2.032,-3.471
-2.395,-3.194
-3.104,-3.402
3.019,-3.541
3.079,-3.44
2.855,-3.378
2.676,-3.527
2.387,-3.552
2.083,-3.339
1.708,-3.501
1.461,-3.304
1.073,-3.41
0.682,-3.479
0.259,1.0
0.103,1.179
0.03,1.177
0.126,1.175
0.088,1.1
-0.82,1.129
-2.617,0.983
-2.717,0.959
-2.874,1.066
2.726,0.788
2.104,1.082
1.569,0.891
-0.887,0.235
-1.037,0.458
-1.037,-2.26
-1.204,0.6
2.247,-0.529
1.699,0.254
1.564,0.258
-2.608,-2.054
-3.125,-2.023
2.002,-0.521
2.006,-0.416
0.979,-0.899
0.992,-0.095
0.835,-0.932
0.84,0.071
-0.221,-2.281
-0.22,-1.274
-2.588,-1.122
-0.119,0.882
1.95,-3.029
1.822,0.984
0.069,-0.621
-0.017,2.742
0.056,-0.437
0.036,0.872
-0.082,0.43
-0.115,0.084
-0.073,-0.56
-0.127,-0.117
-0.195,-0.705
-0.201,1.888
-0.21,1.901
-0.158,0.665
-0.243,0.444
-0.302,2.431
-0.346,1.45
-0.327,1.912
-0.377,2.562
-0.463,2.712
-0.387,2.57
-0.554,-0.945
-0.508,1.82
-0.534,1.716
-0.576,0.528
-0.578,2.083
-0.62,0.551
-0.716,2.465
-0.8,1.07
-0.761,0.914
-0.816,0.965
-0.923,-0.379
-0.98,1.949
-0.945,0.444
-0.925,0.681
-0.927,2.101
-1.071,1.399
-1.045,1.989
-1.092,0.255
-1.167,0.205
-1.132,2.437
-1.159,2.147
-1.288,0.94
-1.274,0.887
-1.366,0.182
-1.411,-0.525
-1.46,0.204
-1.752,-0.759
-1.751,1.181
-1.892,0.676
-1.883,1.052
-1.869,1.337
-2.027,-0.778
-2.126,-0.028
-2.189,1.288
-2.206,2.013
-2.223,0.222
-2.304,2.579
-2.375,1.303
-2.337,-0.192
-2.345,-0.999
-2.489,1.768
-2.505,1.901
-2.562,-0.373
-2.555,0.566
-2.524,-0.164
-2.586,1.057
-2.578,1.97
-2.583,-0.533
-2.625,0.508
-2.667,0.164
-2.696,-0.765
-2.722,0.167
-2.755,-0.121
-2.758,-0.09
-2.682,-1.073
-2.732,-0.061
-2.794,1.769
-2.841,-0.919
-2.871,-1.154
-2.833,0.488
-2.884,0.712
-2.908,0.628
-2.843,-0.614
-2.874,1.231
-2.869,-0.98
-2.878,2.479
-2.976,2.269
-2.989,2.716
-2.976,-0.948
-3.073,0.649
-3.032,2.612
-3.066,1.2
-3.121,2.417
-3.122,2.016
3.136,-0.972
3.141,1.221
-3.097,0.915
3.098,0.562
3.037,0.04
3.094,0.166
3.033,2.09
2.936,1.665
2.993,-0.237
2.914,0.687
2.866,1.536
2.772,0.986
2.84,-1.056
2.79,0.091
2.749,2.229
2.673,0.697
2.631,-0.821
2.63,0.864
2.66,-0.605
2.667,-0.638
2.495,1.544
2.524,0.969
2.439,1.063
2.432,-0.649
2.442,0.434
2.387,0.074
2.218,2.675
2.276,-0.756
2.214,-0.876
2.144,-1.122
2.209,2.619
2.098,-0.22
2.066,2.759
2.067,0.309
2.037,0.136
1.872,2.784
1.767,0.345
1.828,-0.703
1.796,0.058
1.763,-0.167
1.619,-0.886
1.562,0.671
1.477,2.504
1.441,2.803
1.436,0.282
1.326,1.517
1.358,-0.638
1.295,-0.366
1.305,-1.087
1.301,2.175
1.243,2.39
1.256,2.751
1.068,-1.08
0.81,-0.474
0.718,-0.19
0.713,1.396
0.728,0.97
0.705,2.667
0.696,1.444
0.631,2.651
0.667,-0.278
0.668,1.586
0.597,1.387
0.512,0.693
0.511,2.073
0.457,0.721
0.459,-0.787
0.439,2.302
0.452,0.5
0.389,0.488
0.362,0.941
0.044,-1.52
-0.504,-1.172
-0.533,-1.277
-0.521,-1.191
-0.695,-1.574
-2.212,-1.095
-2.538,-1.317
-2.756,-1.244
-3.038,-1.236
2.979,-1.555
2.771,-1.473
2.702,-1.533
2.359,-1.297
2.256,-1.343
2.16,-1.645
1.606,-1.327
1.255,-1.371
1.129,-1.401
0.926,-1.504
0.979,-1.274
0.858,-1.533
0.432,-1.516
0.248,2.838
0.243,3.004
-0.261,3.203
-0.7,3.133
-0.879,2.953
-1.774,3.277
-2.076,2.98
-2.067,3.177
-2.149,3.253
-2.276,3.293
-2.426,2.895
-2.355,2.958
-2.609,3.192
-2.681,3.322
-2.794,3.217
-2.88,2.901
3.116,3.31
2.771,3.091
2.486,3.239
1.851,2.976
1.526,3.048
1.465,3.083
1.11,2.939
0.74,3.264
0.751,3.205
0.488,3.136
-0.399,-0.101
-0.894,0.407
-1.536,2.428
-2.517,-0.5
2.448,1.484
1.74,2.467
-2.294,-1.519
0.168,3.165
0.383,2.737
0.23,0.96
0.143,2.749
0.016,2.409
0.096,-0.696
0.108,1.152
-0.134,0.927
-0.151,2.31
-0.204,2.862
-0.334,-0.065
-0.444,1.188
-0.358,0.692
-0.362,1.301
-0.41,1.624
-0.478,0.914
-0.505,1.299
-0.564,1.806
-0.658,1.95
-0.854,2.716
-0.878,2.429
-0.798,2.608
-0.862,-0.276
-1.069,2.358
-1.217,1.218
-1.302,0.139
-1.346,-0.909
-1.219,-0.684
-1.436,-1.034
-1.444,-0.097
-1.457,-0.044
-1.35,1.903
-1.389,0.843
-1.493,0.488
-1.568,0.327
-1.56,1.919
-1.569,-1.125
-1.768,0.13
-1.656,0.344
-1.695,-0.17
-1.879,2.749
-1.825,0.513
-1.893,2.839
-2.14,2.578
-2.299,0.888
-2.339,0.121
-2.485,-0.905
-2.406,0.333
-2.598,0.942
-2.516,-0.987
-2.537,0.155
-2.698,0.408
-2.626,0.5
-2.734,2.416
-2.743,-0.65
-2.756,2.141
-2.785,0.959
-2.851,0.397
-2.84,-0.117
-2.809,1.038
-2.886,1.733
3.004,0.634
3.032,0.604
2.928,-0.012
2.994,-0.705
2.97,2.213
2.754,2.33
2.849,-1.105
2.713,-0.632
2.703,-0.812
2.773,1.565
2.775,2.588
2.585,2.444
2.667,2.129
2.494,0.477
2.476,-0.795
2.495,0.313
2.468,1.087
2.339,2.801
2.29,2.327
2.409,0.915
2.272,0.113
2.247,-0.092
2.166,2.618
1.785,2.893
1.792,-0.162
1.485,0.117
1.556,1.399
1.467,0.952
1.25,2.386
1.359,-0.17
1.154,0.12
1.134,0.077
0.683,0.97
0.755,1.351
0.577,1.849
0.566,2.247
0.613,0.39
0.405,1.786
0.568,-0.457
0.326,-0.367
0.324,-1.032
-0.154,-1.243
-0.729,-1.392
-0.857,-1.285
-1.364,-1.317
-1.944,-1.458
-1.954,-1.421
-2.317,-1.144
-3.026,-1.352
3.097,-1.491
-3.126,-1.39
2.933,-1.328
2.754,-1.477
2.465,-1.502
2.161,-1.289
1.786,-1.451
1.539,-1.254
1.151,-1.36
0.76,-1.429
0.337,3.05
0.181,3.229
0.108,3.227
0.204,3.225
0.166,3.15
-0.742,3.179
-2.539,3.033
-2.639,3.009
-2.796,3.116
2.804,2.838
2.182,3.132
1.647,2.941
-0.809,2.285
-0.959,2.508
-0.959,-0.21
-1.126,2.65
2.325,1.521
1.777,2.304
1.642,2.308
-2.53,-0.004
-3.047,0.027
2.08,1.529
2.084,1.634
1.057,1.151
1.07,1.955
0.913,1.118
0.918,2.121
-0.143,-0.231
-0.142,0.776
-2.51,0.928
-0.041,2.932
2.028,-0.979
1.9,3.034
-0.086,3.363
-0.013,0.184
-0.033,1.493
-0.151,1.051
-0.184,0.705
-0.142,0.061
-0.196,0.504
-0.264,-0.084
-0.27,2.509
-0.279,2.522
-0.227,1.286
-0.312,1.065
-0.371,3.052
-0.415,2.071
-0.396,2.533
-0.446,3.183
-0.532,3.333
-0.456,3.191
-0.623,-0.324
-0.577,2.441
-0.603,2.337
-0.645,1.149
-0.647,2.704
-0.689,1.172
-0.785,3.086
-0.869,1.691
-0.83,1.535
-0.885,1.586
-0.992,0.242
-1.049,2.57
-1.014,1.065
-0.994,1.302
-0.996,2.722
-1.14,2.02
-1.114,2.61
-1.161,0.876
-1.236,0.826
-1.201,3.058
-1.228,2.768
-1.357,1.561
-1.343,1.508
-1.435,0.803
-1.48,0.096
-1.529,0.825
-1.821,-0.138
-1.82,1.802
-1.961,1.297
-1.952,1.673
-1.938,1.958
-2.096,-0.157
-2.195,0.593
-2.258,1.909
-2.275,2.634
-2.292,0.843
-2.373,3.2
-2.444,1.924
-2.406,0.429
-2.414,-0.378
-2.558,2.389
-2.574,2.522
-2.631,0.248
-2.624,1.187
-2.593,0.457
-2.655,1.678
-2.647,2.591
-2.652,0.088
-2.694,1.129
-2.736,0.785
-2.765,-0.144
-2.791,0.788
-2.824,0.5
-2.827,0.531
-2.751,-0.452
-2.801,0.56
-2.863,2.39
-2.91,-0.298
-2.94,-0.533
-2.902,1.109
-2.953,1.333
-2.977,1.249
-2.912,0.007
-2.943,1.852
-2.938,-0.359
-2.947,3.1
-3.045,2.89
-3.058,3.337
-3.045,-0.327
3.141,1.27
-3.101,3.233
-3.135,1.821
3.093,3.038
3.092,2.637
3.067,-0.351
3.072,1.842
3.117,1.536
3.029,1.183
2.968,0.661
3.025,0.787
2.964,2.711
2.867,2.286
2.924,0.384
2.845,1.308
2.797,2.157
2.703,1.607
2.771,-0.435
2.721,0.712
2.68,2.85
2.604,1.318
2.562,-0.2
2.561,1.485
2.591,0.016
2.598,-0.017
2.426,2.165
2.455,1.59
2.37,1.684
2.363,-0.028
2.373,1.055
2.318,0.695
2.149,3.296
2.207,-0.135
2.145,-0.255
2.075,-0.501
2.14,3.24
2.029,0.401
1.997,3.38
1.998,0.93
1.968,0.757
1.803,3.405
1.698,0.966
1.759,-0.082
1.727,0.679
1.694,0.454
1.55,-0.265
1.493,1.292
1.408,3.125
1.372,3.424
1.367,0.903
1.257,2.138
1.289,-0.017
1.226,0.255
1.236,-0.466
1.232,2.796
1.174,3.011
1.187,3.372
0.999,-0.459
0.741,0.147
0.649,0.431
0.644,2.017
0.659,1.591
0.636,3.288
0.627,2.065
0.562,3.272
0.598,0.343
0.599,2.207
0.528,2.008
0.443,1.314
0.442,2.694
0.388,1.342
0.39,-0.166
0.37,2.923
0.383,1.121
0.32,1.109
0.293,1.562
-0.025,-0.899
-0.573,-0.551
-0.602,-0.656
-0.59,-0.57
-0.764,-0.953
-2.281,-0.474
-2.607,-0.696
-2.825,-0.623
-3.107,-0.615
2.91,-0.934
2.702,-0.852
2.633,-0.912
2.29,-0.676
2.187,-0.722
2.091,-1.024
1.537,-0.706
1.186,-0.75
1.06,-0.78
0.857,-0.883
0.91,-0.653
0.789,-0.912
0.363,-0.895
0.179,3.459
0.174,3.625
-0.33,3.824
-0.769,3.754
-0.948,3.574
-1.843,3.898
-2.145,3.601
-2.136,3.798
-2.218,3.874
-2.345,3.914
-2.495,3.516
-2.424,3.579
-2.678,3.813
-2.75,3.943
-2.863,3.838
-2.949,3.522
3.047,3.931
2.702,3.712
2.417,3.86
1.782,3.597
1.457,3.669
1.396,3.704
1.041,3.56
0.671,3.885
0.682,3.826
0.419,3.757
-0.468,0.52
-0.963,1.028
-1.605,3.049
-2.586,0.121
2.379,2.105
1.671,3.088
-2.363,-0.898
0.099,3.786
0.314,3.358
0.161,1.581
0.074,3.37
-0.053,3.03
0.027,-0.075
0.039,1.773
-0.203,1.548
-0.22,2.931
-0.273,3.483
-0.403,0.556
-0.513,1.809
-0.427,1.313
-0.431,1.922
-0.479,2.245
-0.547,1.535
-0.574,1.92
-0.633,2.427
-0.727,2.571
-0.923,3.337
-0.947,3.05
-0.867,3.229
-0.931,0.345
-1.138,2.979
-1.286,1.839
-1.371,0.76
-1.415,-0.288
-1.288,-0.063
-1.505,-0.413
-1.513,0.524
-1.526,0.577
-1.419,2.524
-1.458,1.464
-1.562,1.109
-1.637,0.948
-1.629,2.54
-1.638,-0.504
-1.837,0.751
-1.725,0.965
-1.764,0.451
-1.948,3.37
-1.894,1.134
-1.962,3.46
-2.209,3.199
-2.368,1.509
-2.408,0.742
-2.554,-0.284
-2.475,0.954
-2.667,1.563
-2.585,-0.366
-2.606,0.776
-2.767,1.029
-2.695,1.121
-2.803,3.037
-2.812,-0.029
-2.825,2.762
-2.854,1.58
-2.92,1.018
-2.909,0.504
-2.878,1.659
-2.955,2.354
2.935,1.255
2.963,1.225
2.859,0.609
2.925,-0.084
2.901,2.834
2.685,2.951
2.78,-0.484
2.644,-0.011
2.634,-0.191
2.704,2.186
2.706,3.209
2.516,3.065
2.598,2.75
2.425,1.098
2.407,-0.174
2.426,0.934
2.399,1.708
2.27,3.422
2.221,2.948
2.34,1.536
2.203,0.734
2.178,0.529
2.097,3.239
1.716,3.514
1.723,0.459
1.416,0.738
1.487,2.02
1.398,1.573
1.181,3.007
1.29,0.451
1.085,0.741
1.065,0.698
0.614,1.591
0.686,1.972
0.508,2.47
0.497,2.868
0.544,1.011
0.336,2.407
0.499,0.164
0.257,0.254
0.255,-0.411
-0.223,-0.622
-0.798,-0.771
-0.926,-0.664
-1.433,-0.696
-2.013,-0.837
-2.023,-0.8
-2.386,-0.523
-3.095,-0.731
3.028,-0.87
3.088,-0.769
2.864,-0.707
2.685,-0.856
2.396,-0.881
2.092,-0.668
1.717,-0.83
1.47,-0.633
1.082,-0.739
0.691,-0.808
0.268,3.671
0.112,3.85
0.039,3.848
0.135,3.846
0.097,3.771
-0.811,3.8
-2.608,3.654
-2.708,3.63
-2.865,3.737
2.735,3.459
2.113,3.753
1.578,3.562
-0.878,2.906
-1.028,3.129
-1.028,0.411
-1.195,3.271
2.256,2.142
1.708,2.925
1.573,2.929
-2.599,0.617
-3.116,0.648
2.011,2.15
2.015,2.255
0.988,1.772
1.001,2.576
0.844,1.739
0.849,2.742
-0.212,0.39
-0.211,1.397
-2.579,1.549
-0.11,3.553
1.959,-0.358
1.831,3.655
0.073,-3.179
0.053,-1.87
-0.065,-2.312
-0.098,-2.658
-0.056,-3.302
-0.11,-2.859
-0.178,-3.447
-0.184,-0.854
-0.193,-0.841
-0.141,-2.077
-0.226,-2.298
-0.285,-0.311
-0.329,-1.292
-0.31,-0.83
-0.36,-0.18
-0.446,-0.03
-0.37,-0.172
-0.537,-3.687
-0.491,-0.922
-0.517,-1.026
-0.559,-2.214
-0.561,-0.659
-0.603,-2.191
-0.699,-0.277
-0.783,-1.672
-0.744,-1.828
-0.799,-1.777
-0.906,-3.121
-0.963,-0.793
-0.928,-2.298
-0.908,-2.061
-0.91,-0.641
-1.054,-1.343
-1.028,-0.753
-1.075,-2.487
-1.15,-2.537
-1.115,-0.305
-1.142,-0.595
-1.271,-1.802
-1.257,-1.855
-1.349,-2.56
-1.394,-3.267
-1.443,-2.538
-1.735,-3.501
-1.734,-1.561
-1.875,-2.066
-1.866,-1.69
-1.852,-1.405
-2.01,-3.52
-2.109,-2.77
-2.172,-1.454
-2.189,-0.729
-2.206,-2.52
-2.287,-0.163
-2.358,-1.439
-2.32,-2.934
-2.328,-3.741
-2.472,-0.974
-2.488,-0.841
-2.545,-3.115
-2.538,-2.176
-2.507,-2.906
-2.569,-1.685
-2.561,-0.772
-2.566,-3.275
-2.608,-2.234
-2.65,-2.578
-2.679,-3.507
-2.705,-2.575
-2.738,-2.863
-2.741,-2.832
-2.665,-3.815
-2.715,-2.803
-2.777,-0.973
-2.824,-3.661
-2.854,-3.896
-2.816,-2.254
-2.867,-2.03
-2.891,-2.114
-2.826,-3.356
-2.857,-1.511
-2.852,-3.722
-2.861,-0.263
-2.959,-0.473
-2.972,-0.026
-2.959,-3.69
-3.056,-2.093
-3.015,-0.13
-3.049,-1.542
-3.104,-0.325
-3.105,-0.726
-3.13,-3.714
-3.125,-1.521
-3.08,-1.827
3.115,-2.18
3.054,-2.702
3.111,-2.576
3.05,-0.652
2.953,-1.077
3.01,-2.979
2.931,-2.055
2.883,-1.206
2.789,-1.756
2.857,-3.798
2.807,-2.651
2.766,-0.513
2.69,-2.045
2.648,-3.563
2.647,-1.878
2.677,-3.347
2.684,-3.38
2.512,-1.198
2.541,-1.773
2.456,-1.679
2.449,-3.391
2.459,-2.308
2.404,-2.668
2.235,-0.067
2.293,-3.498
2.231,-3.618
2.161,-3.864
2.226,-0.123
2.115,-2.962
2.083,0.017
2.084,-2.433
2.054,-2.606
1.889,0.042
1.784,-2.397
1.845,-3.445
1.813,-2.684
1.78,-2.909
1.636,-3.628
1.579,-2.071
1.494,-0.238
1.458,0.061
1.453,-2.46
1.343,-1.225
1.375,-3.38
1.312,-3.108
1.322,-3.829
1.318,-0.567
1.26,-0.352
1.273,0.009
1.085,-3.822
0.827,-3.216
0.735,-2.932
0.73,-1.346
0.745,-1.772
0.722,-0.075
0.713,-1.298
0.648,-0.091
0.684,-3.02
0.685,-1.156
0.614,-1.355
0.529,-2.049
0.528,-0.669
0.474,-2.021
0.476,-3.529
0.456,-0.44
0.469,-2.242
0.406,-2.254
0.379,-1.801
0.061,-4.262
-0.487,-3.914
-0.516,-4.019
-0.504,-3.933
-0.678,-4.316
-2.195,-3.837
-2.521,-4.059
-2.739,-3.986
-3.021,-3.978
2.996,-4.297
2.788,-4.215
2.719,-4.275
2.376,-4.039
2.273,-4.085
2.177,-4.387
1.623,-4.069
1.272,-4.113
1.146,-4.143
0.943,-4.246
0.996,-4.016
0.875,-4.275
0.449,-4.258
0.265,0.096
0.26,0.262
-0.244,0.461
-0.683,0.391
-0.862,0.211
-1.757,0.535
-2.059,0.238
-2.05,0.435
-2.132,0.511
-2.259,0.551
-2.409,0.153
-2.338,0.216
-2.592,0.45
-2.664,0.58
-2.777,0.475
-2.863,0.159
3.133,0.568
2.788,0.349
2.503,0.497
1.868,0.234
1.543,0.306
1.482,0.341
1.127,0.197
0.757,0.522
0.768,0.463
0.505,0.394
-0.382,-2.843
-0.877,-2.335
-1.519,-0.314
-2.5,-3.242
2.465,-1.258
1.757,-0.275
-2.277,-4.261
0.185,0.423
0.4,-0.005
0.247,-1.782
0.16,0.007
0.033,-0.333
0.113,-3.438
0.125,-1.59
-0.117,-1.815
-0.134,-0.432
-0.187,0.12
-0.317,-2.807
-0.427,-1.554
-0.341,-2.05
-0.345,-1.441
-0.393,-1.118
-0.461,-1.828
-0.488,-1.443
-0.547,-0.936
-0.641,-0.792
-0.837,-0.026
-0.861,-0.313
-0.781,-0.134
-0.845,-3.018
-1.052,-0.384
-1.2,-1.524
-1.285,-2.603
-1.329,-3.651
-1.202,-3.426
-1.419,-3.776
-1.427,-2.839
-1.44,-2.786
-1.333,-0.839
-1.372,-1.899
-1.476,-2.254
-1.551,-2.415
-1.543,-0.823
-1.552,-3.867
-1.751,-2.612
-1.639,-2.398
-1.678,-2.912
-1.862,0.007
-1.808,-2.229
-1.876,0.097
-2.123,-0.164
-2.282,-1.854
-2.322,-2.621
-2.468,-3.647
-2.389,-2.409
-2.581,-1.8
-2.499,-3.729
-2.52,-2.587
-2.681,-2.334
-2.609,-2.242
-2.717,-0.326
-2.726,-3.392
-2.739,-0.601
-2.768,-1.783
-2.834,-2.345
-2.823,-2.859
-2.792,-1.704
-2.869,-1.009
3.021,-2.108
3.049,-2.138
2.945,-2.754
3.011,-3.447
2.987,-0.529
2.771,-0.412
2.866,-3.847
2.73,-3.374
2.72,-3.554
2.79,-1.177
2.792,-0.154
2.602,-0.298
2.684,-0.613
2.511,-2.265
2.493,-3.537
2.512,-2.429
2.485,-1.655
2.356,0.059
2.307,-0.415
2.426,-1.827
2.289,-2.629
2.264,-2.834
2.183,-0.124
1.802,0.151
1.809,-2.904
1.502,-2.625
1.573,-1.343
1.484,-1.79
1.267,-0.356
1.376,-2.912
1.171,-2.622
1.151,-2.665
0.7,-1.772
0.772,-1.391
0.594,-0.893
0.583,-0.495
0.63,-2.352
0.422,-0.956
0.585,-3.199
0.343,-3.109
0.341,-3.774
-0.137,-3.985
-0.712,-4.134
-0.84,-4.027
-1.347,-4.059
-1.927,-4.2
-1.937,-4.163
-2.3,-3.886
-3.009,-4.094
3.114,-4.233
-3.109,-4.132
2.95,-4.07
2.771,-4.219
2.482,-4.244
2.178,-4.031
1.803,-4.193
1.556,-3.996
1.168,-4.102
0.777,-4.171
0.354,0.308
0.198,0.487
0.125,0.485
0.221,0.483
0.183,0.408
-0.725,0.437
-2.522,0.291
-2.622,0.267
-2.779,0.374
2.821,0.096
2.199,0.39
1.664,0.199
-0.792,-0.457
-0.942,-0.234
-0.942,-2.952
-1.109,-0.092
2.342,-1.221
1.794,-0.438
1.659,-0.434
-2.513,-2.746
-3.03,-2.715
2.097,-1.213
2.101,-1.108
1.074,-1.591
1.087,-0.787
0.93,-1.624
0.935,-0.621
-0.126,-2.973
-0.125,-1.966
-2.493,-1.814
-0.024,0.19
2.045,-3.721
1.917,0.292
-0.02,1.309
-0.138,0.867
-0.171,0.521
-0.129,-0.123
-0.183,0.32
-0.251,-0.268
-0.257,2.325
-0.266,2.338
-0.214,1.102
-0.299,0.881
-0.358,2.868
-0.402,1.887
-0.383,2.349
-0.433,2.999
-0.519,3.149
-0.443,3.007
-0.61,-0.508
-0.564,2.257
-0.59,2.153
-0.632,0.965
-0.634,2.52
-0.676,0.988
-0.772,2.902
-0.856,1.507
-0.817,1.351
-0.872,1.402
-0.979,0.058
-1.036,2.386
-1.001,0.881
-0.981,1.118
-0.983,2.538
-1.127,1.836
-1.101,2.426
-1.148,0.692
-1.223,0.642
-1.188,2.874
-1.215,2.584
-1.344,1.377
-1.33,1.324
-1.422,0.619
-1.467,-0.088
-1.516,0.641
-1.808,-0.322
-1.807,1.618
-1.948,1.113
-1.939,1.489
-1.925,1.774
-2.083,-0.341
-2.182,0.409
-2.245,1.725
-2.262,2.45
-2.279,0.659
-2.36,3.016
-2.431,1.74
-2.393,0.245
-2.401,-0.562
-2.545,2.205
-2.561,2.338
-2.618,0.064
-2.611,1.003
-2.58,0.273
-2.642,1.494
-2.634,2.407
-2.639,-0.096
-2.681,0.945
-2.723,0.601
-2.752,-0.328
-2.778,0.604
-2.811,0.316
-2.814,0.347
-2.738,-0.636
-2.788,0.376
-2.85,2.206
-2.897,-0.482
-2.927,-0.717
-2.889,0.925
-2.94,1.149
-2.964,1.065
-2.899,-0.177
-2.93,1.668
-2.925,-0.543
-2.934,2.916
-3.032,2.706
-3.045,3.153
-3.032,-0.511
-3.129,1.086
-3.088,3.049
-3.122,1.637
3.106,2.854
3.105,2.453
3.08,-0.535
3.085,1.658
3.13,1.352
3.042,0.999
2.981,0.477
3.038,0.603
2.977,2.527
2.88,2.102
2.937,0.2
2.858,1.124
2.81,1.973
2.716,1.423
2.784,-0.619
2.734,0.528
2.693,2.666
2.617,1.134
2.575,-0.384
2.574,1.301
2.604,-0.168
2.611,-0.201
2.439,1.981
2.468,1.406
2.383,1.5
2.376,-0.212
2.386,0.871
2.331,0.511
2.162,3.112
2.22,-0.319
2.158,-0.439
2.088,-0.685
2.153,3.056
2.042,0.217
2.01,3.196
2.011,0.746
1.981,0.573
1.816,3.221
1.711,0.782
1.772,-0.266
1.74,0.495
1.707,0.27
1.563,-0.449
1.506,1.108
1.421,2.941
1.385,3.24
1.38,0.719
1.27,1.954
1.302,-0.201
1.239,0.071
1.249,-0.65
1.245,2.612
1.187,2.827
1.2,3.188
1.012,-0.643
0.754,-0.037
0.662,0.247
0.657,1.833
0.672,1.407
0.649,3.104
0.64,1.881
0.575,3.088
0.611,0.159
0.612,2.023
0.541,1.824
0.456,1.13
0.455,2.51
0.401,1.158
0.403,-0.35
0.383,2.739
0.396,0.937
0.333,0.925
0.306,1.378
-0.012,-1.083
-0.56,-0.735
-0.589,-0.84
-0.577,-0.754
-0.751,-1.137
-2.268,-0.658
-2.594,-0.88
-2.812,-0.807
-3.094,-0.799
2.923,-1.118
2.715,-1.036
2.646,-1.096
2.303,-0.86
2.2,-0.906
2.104,-1.208
1.55,-0.89
1.199,-0.934
1.073,-0.964
0.87,-1.067
0.923,-0.837
0.802,-1.096
0.376,-1.079
0.192,3.275
0.187,3.441
-0.317,3.64
-0.756,3.57
-0.935,3.39
-1.83,3.714
-2.132,3.417
-2.123,3.614
-2.205,3.69
-2.332,3.73
-2.482,3.332
-2.411,3.395
-2.665,3.629
-2.737,3.759
-2.85,3.654
-2.936,3.338
3.06,3.747
2.715,3.528
2.43,3.676
1.795,3.413
1.47,3.485
1.409,3.52
1.054,3.376
0.684,3.701
0.695,3.642
0.432,3.573
-0.455,0.336
-0.95,0.844
-1.592,2.865
-2.573,-0.063
2.392,1.921
1.684,2.904
-2.35,-1.082
0.112,3.602
0.327,3.174
0.174,1.397
0.087,3.186
-0.04,2.846
0.04,-0.259
0.052,1.589
-0.19,1.364
-0.207,2.747
-0.26,3.299
-0.39,0.372
-0.5,1.625
-0.414,1.129
-0.418,1.738
-0.466,2.061
-0.534,1.351
-0.561,1.736
-0.62,2.243
-0.714,2.387
-0.91,3.153
-0.934,2.866
-0.854,3.045
-0.918,0.161
-1.125,2.795
-1.273,1.655
-1.358,0.576
-1.402,-0.472
-1.275,-0.247
-1.492,-0.597
-1.5,0.34
-1.513,0.393
-1.406,2.34
-1.445,1.28
-1.549,0.925
-1.624,0.764
-1.616,2.356
-1.625,-0.688
-1.824,0.567
-1.712,0.781
-1.751,0.267
-1.935,3.186
-1.881,0.95
-1.949,3.276
-2.196,3.015
-2.355,1.325
-2.395,0.558
-2.541,-0.468
-2.462,0.77
-2.654,1.379
-2.572,-0.55
-2.593,0.592
-2.754,0.845
-2.682,0.937
-2.79,2.853
-2.799,-0.213
-2.812,2.578
-2.841,1.396
-2.907,0.834
-2.896,0.32
-2.865,1.475
-2.942,2.17
2.948,1.071
2.976,1.041
2.872,0.425
2.938,-0.268
2.914,2.65
2.698,2.767
2.793,-0.668
2.657,-0.195
2.647,-0.375
2.717,2.002
2.719,3.025
2.529,2.881
2.611,2.566
2.438,0.914
2.42,-0.358
2.439,0.75
2.412,1.524
2.283,3.238
2.234,2.764
2.353,1.352
2.216,0.55
2.191,0.345
2.11,3.055
1.729,3.33
1.736,0.275
1.429,0.554
1.5,1.836
1.411,1.389
1.194,2.823
1.303,0.267
1.098,0.557
1.078,0.514
0.627,1.407
0.699,1.788
0.521,2.286
0.51,2.684
0.557,0.827
0.349,2.223
0.512,-0.02
0.27,0.07
0.268,-0.595
-0.21,-0.806
-0.785,-0.955
-0.913,-0.848
-1.42,-0.88
-2.0,-1.021
-2.01,-0.984
-2.373,-0.707
-3.082,-0.915
3.041,-1.054
3.101,-0.953
2.877,-0.891
2.698,-1.04
2.409,-1.065
2.105,-0.852
1.73,-1.014
1.483,-0.817
1.095,-0.923
0.704,-0.992
0.281,3.487
0.125,3.666
0.052,3.664
0.148,3.662
0.11,3.587
-0.798,3.616
-2.595,3.47
-2.695,3.446
-2.852,3.553
2.748,3.275
2.126,3.569
1.591,3.378
-0.865,2.722
-1.015,2.945
-1.015,0.227
-1.182,3.087
2.269,1.958
1.721,2.741
1.586,2.745
-2.586,0.433
-3.103,0.464
2.024,1.966
2.028,2.071
1.001,1.588
1.014,2.392
0.857,1.555
0.862,2.558
-0.199,0.206
-0.198,1.213
-2.566,1.365
-0.097,3.369
1.972,-0.542
1.844,3.471
-0.118,-0.442
-0.151,-0.788
-0.109,-1.432
-0.163,-0.989
-0.231,-1.577
-0.237,1.016
-0.246,1.029
-0.194,-0.207
-0.279,-0.428
-0.338,1.559
-0.382,0.578
-0.363,1.04
-0.413,1.69
-0.499,1.84
-0.423,1.698
-0.59,-1.817
-0.544,0.948
-0.57,0.844
-0.612,-0.344
-0.614,1.211
-0.656,-0.321
-0.752,1.593
-0.836,0.198
-0.797,0.042
-0.852,0.093
-0.959,-1.251
-1.016,1.077
-0.981,-0.428
-0.961,-0.191
-0.963,1.229
-1.107,0.527
-1.081,1.117
-1.128,-0.617
-1.203,-0.667
-1.168,1.565
-1.195,1.275
-1.324,0.068
-1.31,0.015
-1.402,-0.69
-1.447,-1.397
-1.496,-0.668
-1.788,-1.631
-1.787,0.309
-1.928,-0.196
-1.919,0.18
-1.905,0.465
-2.063,-1.65
-2.162,-0.9
-2.225,0.416
-2.242,1.141
-2.259,-0.65
-2.34,1.707
-2.411,0.431
-2.373,-1.064
-2.381,-1.871
-2.525,0.896
-2.541,1.029
-2.598,-1.245
-2.591,-0.306
-2.56,-1.036
-2.622,0.185
-2.614,1.098
-2.619,-1.405
-2.661,-0.364
-2.703,-0.708
-2.732,-1.637
-2.758,-0.705
-2.791,-0.993
-2.794,-0.962
-2.718,-1.945
-2.768,-0.933
-2.83,0.897
-2.877,-1.791
-2.907,-2.026
-2.869,-0.384
-2.92,-0.16
-2.944,-0.244
-2.879,-1.486
-2.91,0.359
-2.905,-1.852
-2.914,1.607
-3.012,1.397
-3.025,1.844
-3.012,-1.82
-3.109,-0.223
-3.068,1.74
-3.102,0.328
3.126,1.545
3.125,1.144
3.1,-1.844
3.105,0.349
-3.133,0.043
3.062,-0.31
3.001,-0.832
3.058,-0.706
2.997,1.218
2.9,0.793
2.957,-1.109
2.878,-0.185
2.83,0.664
2.736,0.114
2.804,-1.928
2.754,-0.781
2.713,1.357
2.637,-0.175
2.595,-1.693
2.594,-0.008
2.624,-1.477
2.631,-1.51
2.459,0.672
2.488,0.097
2.403,0.191
2.396,-1.521
2.406,-0.438
2.351,-0.798
2.182,1.803
2.24,-1.628
2.178,-1.748
2.108,-1.994
2.173,1.747
2.062,-1.092
2.03,1.887
2.031,-0.563
2.001,-0.736
1.836,1.912
1.731,-0.527
1.792,-1.575
1.76,-0.814
1.727,-1.039
1.583,-1.758
1.526,-0.201
1.441,1.632
1.405,1.931
1.4,-0.59
1.29,0.645
1.322,-1.51
1.259,-1.238
1.269,-1.959
1.265,1.303
1.207,1.518
1.22,1.879
1.032,-1.952
0.774,-1.346
0.682,-1.062
0.677,0.524
0.692,0.098
0.669,1.795
0.66,0.572
0.595,1.779
0.631,-1.15
0.632,0.714
0.561,0.515
0.476,-0.179
0.475,1.201
0.421,-0.151
0.423,-1.659
0.403,1.43
0.416,-0.372
0.353,-0.384
0.326,0.069
0.008,-2.392
-0.54,-2.044
-0.569,-2.149
-0.557,-2.063
-0.731,-2.446
-2.248,-1.967
-2.574,-2.189
-2.792,-2.116
-3.074,-2.108
2.943,-2.427
2.735,-2.345
2.666,-2.405
2.323,-2.169
2.22,-2.215
2.124,-2.517
1.57,-2.199
1.219,-2.243
1.093,-2.273
0.89,-2.376
0.943,-2.146
0.822,-2.405
0.396,-2.388
0.212,1.966
0.207,2.132
-0.297,2.331
-0.736,2.261
-0.915,2.081
-1.81,2.405
-2.112,2.108
-2.103,2.305
-2.185,2.381
-2.312,2.421
-2.462,2.023
-2.391,2.086
-2.645,2.32
-2.717,2.45
-2.83,2.345
-2.916,2.029
3.08,2.438
2.735,2.219
2.45,2.367
1.815,2.104
1.49,2.176
1.429,2.211
1.074,2.067
0.704,2.392
0.715,2.333
0.452,2.264
-0.435,-0.973
-0.93,-0.465
-1.572,1.556
-2.553,-1.372
2.412,0.612
1.704,1.595
-2.33,-2.391
0.132,2.293
0.347,1.865
0.194,0.088
0.107,1.877
-0.02,1.537
0.06,-1.568
0.072,0.28
-0.17,0.055
-0.187,1.438
-0.24,1.99
-0.37,-0.937
-0.48,0.316
-0.394,-0.18
-0.398,0.429
-0.446,0.752
-0.514,0.042
-0.541,0.427
-0.6,0.934
-0.694,1.078
-0.89,1.844
-0.914,1.557
-0.834,1.736
-0.898,-1.148
-1.105,1.486
-1.253,0.346
-1.338,-0.733
-1.382,-1.781
-1.255,-1.556
-1.472,-1.906
-1.48,-0.969
-1.493,-0.916
-1.386,1.031
-1.425,-0.029
-1.529,-0.384
-1.604,-0.545
-1.596,1.047
-1.605,-1.997
-1.804,-0.742
-1.692,-0.528
-1.731,-1.042
-1.915,1.877
-1.861,-0.359
-1.929,1.967
-2.176,1.706
-2.335,0.016
-2.375,-0.751
-2.521,-1.777
-2.442,-0.539
-2.634,0.07
-2.552,-1.859
-2.573,-0.717
-2.734,-0.464
-2.662,-0.372
-2.77,1.544
-2.779,-1.522
-2.792,1.269
-2.821,0.087
-2.887,-0.475
-2.876,-0.989
-2.845,0.166
-2.922,0.861
2.968,-0.238
2.996,-0.268
2.892,-0.884
2.958,-1.577
2.934,1.341
2.718,1.458
2.813,-1.977
2.677,-1.504
2.667,-1.684
2.737,0.693
2.739,1.716
2.549,1.572
2.631,1.257
2.458,-0.395
2.44,-1.667
2.459,-0.559
2.432,0.215
2.303,1.929
2.254,1.455
2.373,0.043
2.236,-0.759
2.211,-0.964
2.13,1.746
1.749,2.021
1.756,-1.034
1.449,-0.755
1.52,0.527
1.431,0.08
1.214,1.514
1.323,-1.042
1.118,-0.752
1.098,-0.795
0.647,0.098
0.719,0.479
0.541,0.977
0.53,1.375
0.577,-0.482
0.369,0.914
0.532,-1.329
0.29,-1.239
0.288,-1.904
-0.19,-2.115
-0.765,-2.264
-0.893,-2.157
-1.4,-2.189
-1.98,-2.33
-1.99,-2.293
-2.353,-2.016
-3.062,-2.224
3.061,-2.363
3.121,-2.262
2.897,-2.2
2.718,-2.349
2.429,-2.374
2.125,-2.161
1.75,-2.323
1.503,-2.126
1.115,-2.232
0.724,-2.301
0.301,2.178
0.145,2.357
0.072,2.355
0.168,2.353
0.13,2.278
-0.778,2.307
-2.575,2.161
-2.675,2.137
-2.832,2.244
2.768,1.966
2.146,2.26
1.611,2.069
-0.845,1.413
-0.995,1.636
-0.995,-1.082
-1.162,1.778
2.289,0.649
1.741,1.432
1.606,1.436
-2.566,-0.876
-3.083,-0.845
2.044,0.657
2.048,0.762
1.021,0.279
1.034,1.083
0.877,0.246
0.882,1.249
-0.179,-1.103
-0.178,-0.096
-2.546,0.056
-0.077,2.06
1.992,-1.851
1.864,2.162
-0.033,-0.346
0.009,-0.99
-0.045,-0.547
-0.113,-1.135
-0.119,1.458
-0.128,1.471
-0.076,0.235
-0.161,0.014
-0.22,2.001
-0.264,1.02
-0.245,1.482
-0.295,2.132
-0.381,2.282
-0.305,2.14
-0.472,-1.375
-0.426,1.39
-0.452,1.286
-0.494,0.098
-0.496,1.653
-0.538,0.121
-0.634,2.035
-0.718,0.64
-0.679,0.484
-0.734,0.535
-0.841,-0.809
-0.898,1.519
-0.863,0.014
-0.843,0.251
-0.845,1.671
-0.989,0.969
-0.963,1.559
-1.01,-0.175
-1.085,-0.225
-1.05,2.007
-1.077,1.717
-1.206,0.51
-1.192,0.457
-1.284,-0.248
-1.329,-0.955
-1.378,-0.226
-1.67,-1.189
-1.669,0.751
-1.81,0.246
-1.801,0.622
-1.787,0.907
-1.945,-1.208
-2.044,-0.458
-2.107,0.858
-2.124,1.583
-2.141,-0.208
-2.222,2.149
-2.293,0.873
-2.255,-0.622
-2.263,-1.429
-2.407,1.338
-2.423,1.471
-2.48,-0.803
-2.473,0.136
-2.442,-0.594
-2.504,0.627
-2.496,1.54
-2.501,-0.963
-2.543,0.078
-2.585,-0.266
-2.614,-1.195
-2.64,-0.263
-2.673,-0.551
-2.676,-0.52
-2.6,-1.503
-2.65,-0.491
-2.712,1.339
-2.759,-1.349
-2.789,-1.584
-2.751,0.058
-2.802,0.282
-2.826,0.198
-2.761,-1.044
-2.792,0.801
-2.787,-1.41
-2.796,2.049
-2.894,1.839
-2.907,2.286
-2.894,-1.378
-2.991,0.219
-2.95,2.182
-2.984,0.77
-3.039,1.987
-3.04,1.586
-3.065,-1.402
-3.06,0.791
-3.015,0.485
-3.103,0.132
3.119,-0.39
-3.107,-0.264
3.115,1.66
3.018,1.235
3.075,-0.667
2.996,0.257
2.948,1.106
2.854,0.556
2.922,-1.486
2.872,-0.339
2.831,1.799
2.755,0.267
2.713,-1.251
2.712,0.434
2.742,-1.035
2.749,-1.068
2.577,1.114
2.606,0.539
2.521,0.633
2.514,-1.079
2.524,0.004
2.469,-0.356
2.3,2.245
2.358,-1.186
2.296,-1.306
2.226,-1.552
2.291,2.189
2.18,-0.65
2.148,2.329
2.149,-0.121
2.119,-0.294
1.954,2.354
1.849,-0.085
1.91,-1.133
1.878,-0.372
1.845,-0.597
1.701,-1.316
1.644,0.241
1.559,2.074
1.523,2.373
1.518,-0.148
1.408,1.087
1.44,-1.068
1.377,-0.796
1.387,-1.517
1.383,1.745
1.325,1.96
1.338,2.321
1.15,-1.51
0.892,-0.904
0.8,-0.62
0.795,0.966
0.81,0.54
0.787,2.237
0.778,1.014
0.713,2.221
0.749,-0.708
0.75,1.156
0.679,0.957
0.594,0.263
0.593,1.643
0.539,0.291
0.541,-1.217
0.521,1.872
0.534,0.07
0.471,0.058
0.444,0.511
0.126,-1.95
-0.422,-1.602
-0.451,-1.707
-0.439,-1.621
-0.613,-2.004
-2.13,-1.525
-2.456,-1.747
-2.674,-1.674
-2.956,-1.666
3.061,-1.985
2.853,-1.903
2.784,-1.963
2.441,-1.727
2.338,-1.773
2.242,-2.075
1.688,-1.757
1.337,-1.801
1.211,-1.831
1.008,-1.934
1.061,-1.704
0.94,-1.963
0.514,-1.946
0.33,2.408
0.325,2.574
-0.179,2.773
-0.618,2.703
-0.797,2.523
-1.692,2.847
-1.994,2.55
-1.985,2.747
-2.067,2.823
-2.194,2.863
-2.344,2.465
-2.273,2.528
-2.527,2.762
-2.599,2.892
-2.712,2.787
-2.798,2.471
-3.085,2.88
2.853,2.661
2.568,2.809
1.933,2.546
1.608,2.618
1.547,2.653
1.192,2.509
0.822,2.834
0.833,2.775
0.57,2.706
-0.317,-0.531
-0.812,-0.023
-1.454,1.998
-2.435,-0.93
2.53,1.054
1.822,2.037
-2.212,-1.949
0.25,2.735
0.465,2.307
0.312,0.53
0.225,2.319
0.098,1.979
0.178,-1.126
0.19,0.722
-0.052,0.497
-0.069,1.88
-0.122,2.432
-0.252,-0.495
-0.362,0.758
-0.276,0.262
-0.28,0.871
-0.328,1.194
-0.396,0.484
-0.423,0.869
-0.482,1.376
-0.576,1.52
-0.772,2.286
-0.796,1.999
-0.716,2.178
-0.78,-0.706
-0.987,1.928
-1.135,0.788
-1.22,-0.291
-1.264,-1.339
-1.137,-1.114
-1.354,-1.464
-1.362,-0.527
-1.375,-0.474
-1.268,1.473
-1.307,0.413
-1.411,0.058
-1.486,-0.103
-1.478,1.489
-1.487,-1.555
-1.686,-0.3
-1.574,-0.086
-1.613,-0.6
-1.797,2.319
-1.743,0.083
-1.811,2.409
-2.058,2.148
-2.217,0.458
-2.257,-0.309
-2.403,-1.335
-2.324,-0.097
-2.516,0.512
-2.434,-1.417
-2.455,-0.275
-2.616,-0.022
-2.544,0.07
-2.652,1.986
-2.661,-1.08
-2.674,1.711
-2.703,0.529
-2.769,-0.033
-2.758,-0.547
-2.727,0.608
-2.804,1.303
3.086,0.204
3.114,0.174
3.01,-0.442
3.076,-1.135
3.052,1.783
2.836,1.9
2.931,-1.535
2.795,-1.062
2.785,-1.242
2.855,1.135
2.857,2.158
2.667,2.014
2.749,1.699
2.576,0.047
2.558,-1.225
2.577,-0.117
2.55,0.657
2.421,2.371
2.372,1.897
2.491,0.485
2.354,-0.317
2.329,-0.522
2.248,2.188
1.867,2.463
1.874,-0.592
1.567,-0.313
1.638,0.969
1.549,0.522
1.332,1.956
1.441,-0.6
1.236,-0.31
1.216,-0.353
0.765,0.54
0.837,0.921
0.659,1.419
0.648,1.817
0.695,-0.04
0.487,1.356
0.65,-0.887
0.408,-0.797
0.406,-1.462
-0.072,-1.673
-0.647,-1.822
-0.775,-1.715
-1.282,-1.747
-1.862,-1.888
-1.872,-1.851
-2.235,-1.574
-2.944,-1.782
-3.104,-1.921
-3.044,-1.82
3.015,-1.758
2.836,-1.907
2.547,-1.932
2.243,-1.719
1.868,-1.881
1.621,-1.684
1.233,-1.79
0.842,-1.859
0.419,2.62
0.263,2.799
0.19,2.797
0.286,2.795
0.248,2.72
-0.66,2.749
-2.457,2.603
-2.557,2.579
-2.714,2.686
2.886,2.408
2.264,2.702
1.729,2.511
-0.727,1.855
-0.877,2.078
-0.877,-0.64
-1.044,2.22
2.407,1.091
1.859,1.874
1.724,1.878
-2.448,-0.434
-2.965,-0.403
2.162,1.099
2.166,1.204
1.139,0.721
1.152,1.525
0.995,0.688
1.0,1.691
-0.061,-0.661
-0.06,0.346
-2.428,0.498
0.041,2.502
2.11,-1.409
1.982,2.604
0.042,-0.644
-0.012,-0.201
-0.08,-0.789
-0.086,1.804
-0.095,1.817
-0.043,0.581
-0.128,0.36
-0.187,2.347
-0.231,1.366
-0.212,1.828
-0.262,2.478
-0.348,2.628
-0.272,2.486
-0.439,-1.029
-0.393,1.736
-0.419,1.632
-0.461,0.444
-0.463,1.999
-0.505,0.467
-0.601,2.381
-0.685,0.986
-0.646,0.83
-0.701,0.881
-0.808,-0.463
-0.865,1.865
-0.83,0.36
-0.81,0.597
-0.812,2.017
-0.956,1.315
-0.93,1.905
-0.977,0.171
-1.052,0.121
-1.017,2.353
-1.044,2.063
-1.173,0.856
-1.159,0.803
-1.251,0.098
-1.296,-0.609
-1.345,0.12
-1.637,-0.843
-1.636,1.097
-1.777,0.592
-1.768,0.968
-1.754,1.253
-1.912,-0.862
-2.011,-0.112
-2.074,1.204
-2.091,1.929
-2.108,0.138
-2.189,2.495
-2.26,1.219
-2.222,-0.276
-2.23,-1.083
-2.374,1.684
-2.39,1.817
-2.447,-0.457
-2.44,0.482
-2.409,-0.248
-2.471,0.973
-2.463,1.886
-2.468,-0.617
-2.51,0.424
-2.552,0.08
-2.581,-0.849
-2.607,0.083
-2.64,-0.205
-2.643,-0.174
-2.567,-1.157
-2.617,-0.145
-2.679,1.685
-2.726,-1.003
-2.756,-1.238
-2.718,0.404
-2.769,0.628
-2.793,0.544
-2.728,-0.698
-2.759,1.147
-2.754,-1.064
-2.763,2.395
-2.861,2.185
-2.874,2.632
-2.861,-1.032
-2.958,0.565
-2.917,2.528
-2.951,1.116
-3.006,2.333
-3.007,1.932
-3.032,-1.056
-3.027,1.137
-2.982,0.831
-3.07,0.478
-3.131,-0.044
-3.074,0.082
-3.135,2.006
3.051,1.581
3.108,-0.321
3.029,0.603
2.981,1.452
2.887,0.902
2.955,-1.14
2.905,0.007
2.864,2.145
2.788,0.613
2.746,-0.905
2.745,0.78
2.775,-0.689
2.782,-0.722
2.61,1.46
2.639,0.885
2.554,0.979
2.547,-0.733
2.557,0.35
2.502,-0.01
2.333,2.591
2.391,-0.84
2.329,-0.96
2.259,-1.206
2.324,2.535
2.213,-0.304
2.181,2.675
2.182,0.225
2.152,0.052
1.987,2.7
1.882,0.261
1.943,-0.787
1.911,-0.026
1.878,-0.251
1.734,-0.97
1.677,0.587
1.592,2.42
1.556,2.719
1.551,0.198
1.441,1.433
1.473,-0.722
1.41,-0.45
1.42,-1.171
1.416,2.091
1.358,2.306
1.371,2.667
1.183,-1.164
0.925,-0.558
0.833,-0.274
0.828,1.312
0.843,0.886
0.82,2.583
0.811,1.36
0.746,2.567
0.782,-0.362
0.783,1.502
0.712,1.303
0.627,0.609
0.626,1.989
0.572,0.637
0.574,-0.871
0.554,2.218
0.567,0.416
0.504,0.404
0.477,0.857
0.159,-1.604
-0.389,-1.256
-0.418,-1.361
-0.406,-1.275
-0.58,-1.658
-2.097,-1.179
-2.423,-1.401
-2.641,-1.328
-2.923,-1.32
3.094,-1.639
2.886,-1.557
2.817,-1.617
2.474,-1.381
2.371,-1.427
2.275,-1.729
1.721,-1.411
1.37,-1.455
1.244,-1.485
1.041,-1.588
1.094,-1.358
0.973,-1.617
0.547,-1.6
0.363,2.754
0.358,2.92
-0.146,3.119
-0.585,3.049
-0.764,2.869
-1.659,3.193
-1.961,2.896
-1.952,3.093
-2.034,3.169
-2.161,3.209
-2.311,2.811
-2.24,2.874
-2.494,3.108
-2.566,3.238
-2.679,3.133
-2.765,2.817
-3.052,3.226
2.886,3.007
2.601,3.155
1.966,2.892
1.641,2.964
1.58,2.999
1.225,2.855
0.855,3.18
0.866,3.121
0.603,3.052
-0.284,-0.185
-0.779,0.323
-1.421,2.344
-2.402,-0.584
2.563,1.4
1.855,2.383
-2.179,-1.603
0.283,3.081
0.498,2.653
0.345,0.876
0.258,2.665
0.131,2.325
0.211,-0.78
0.223,1.068
-0.019,0.843
-0.036,2.226
-0.089,2.778
-0.219,-0.149
-0.329,1.104
-0.243,0.608
-0.247,1.217
-0.295,1.54
-0.363,0.83
-0.39,1.215
-0.449,1.722
-0.543,1.866
-0.739,2.632
-0.763,2.345
-0.683,2.524
-0.747,-0.36
-0.954,2.274
-1.102,1.134
-1.187,0.055
-1.231,-0.993
-1.104,-0.768
-1.321,-1.118
-1.329,-0.181
-1.342,-0.128
-1.235,1.819
-1.274,0.759
-1.378,0.404
-1.453,0.243
-1.445,1.835
-1.454,-1.209
-1.653,0.046
-1.541,0.26
-1.58,-0.254
-1.764,2.665
-1.71,0.429
-1.778,2.755
-2.025,2.494
-2.184,0.804
-2.224,0.037
-2.37,-0.989
-2.291,0.249
-2.483,0.858
-2.401,-1.071
-2.422,0.071
-2.583,0.324
-2.511,0.416
-2.619,2.332
-2.628,-0.734
-2.641,2.057
-2.67,0.875
-2.736,0.313
-2.725,-0.201
-2.694,0.954
-2.771,1.649
3.119,0.55
-3.136,0.52
3.043,-0.096
3.109,-0.789
3.085,2.129
2.869,2.246
2.964,-1.189
2.828,-0.716
2.818,-0.896
2.888,1.481
2.89,2.504
2.7,2.36
2.782,2.045
2.609,0.393
2.591,-0.879
2.61,0.229
2.583,1.003
2.454,2.717
2.405,2.243
2.524,0.831
2.387,0.029
2.362,-0.176
2.281,2.534
1.9,2.809
1.907,-0.246
1.6,0.033
1.671,1.315
1.582,0.868
1.365,2.302
1.474,-0.254
1.269,0.036
1.249,-0.007
0.798,0.886
0.87,1.267
0.692,1.765
0.681,2.163
0.728,0.306
0.52,1.702
0.683,-0.541
0.441,-0.451
0.439,-1.116
-0.039,-1.327
-0.614,-1.476
-0.742,-1.369
-1.249,-1.401
-1.829,-1.542
-1.839,-1.505
-2.202,-1.228
-2.911,-1.436
-3.071,-1.575
-3.011,-1.474
3.048,-1.412
2.869,-1.561
2.58,-1.586
2.276,-1.373
1.901,-1.535
1.654,-1.338
1.266,-1.444
0.875,-1.513
0.452,2.966
0.296,3.145
0.223,3.143
0.319,3.141
0.281,3.066
-0.627,3.095
-2.424,2.949
-2.524,2.925
-2.681,3.032
2.919,2.754
2.297,3.048
1.762,2.857
-0.694,2.201
-0.844,2.424
-0.844,-0.294
-1.011,2.566
2.44,1.437
1.892,2.22
1.757,2.224
-2.415,-0.088
-2.932,-0.057
2.195,1.445
2.199,1.55
1.172,1.067
1.185,1.871
1.028,1.034
1.033,2.037
-0.028,-0.315
-0.027,0.692
-2.395,0.844
0.074,2.848
2.143,-1.063
2.015,2.95
-0.054,0.443
-0.122,-0.145
-0.128,2.448
-0.137,2.461
-0.085,1.225
-0.17,1.004
-0.229,2.991
-0.273,2.01
-0.254,2.472
-0.304,3.122
-0.39,3.272
-0.314,3.13
-0.481,-0.385
-0.435,2.38
-0.461,2.276
-0.503,1.088
-0.505,2.643
-0.547,1.111
-0.643,3.025
-0.727,1.63
-0.688,1.474
-0.743,1.525
-0.85,0.181
-0.907,2.509
-0.872,1.004
-0.852,1.241
-0.854,2.661
-0.998,1.959
-0.972,2.549
-1.019,0.815
-1.094,0.765
-1.059,2.997
-1.086,2.707
-1.215,1.5
-1.201,1.447
-1.293,0.742
-1.338,0.035
-1.387,0.764
-1.679,-0.199
-1.678,1.741
-1.819,1.236
-1.81,1.612
-1.796,1.897
-1.954,-0.218
-2.053,0.532
-2.116,1.848
-2.133,2.573
-2.15,0.782
-2.231,3.139
-2.302,1.863
-2.264,0.368
-2.272,-0.439
-2.416,2.328
-2.432,2.461
-2.489,0.187
-2.482,1.126
-2.451,0.396
-2.513,1.617
-2.505,2.53
-2.51,0.027
-2.552,1.068
-2.594,0.724
-2.623,-0.205
-2.649,0.727
-2.682,0.439
-2.685,0.47
-2.609,-0.513
-2.659,0.499
-2.721,2.329
-2.768,-0.359
-2.798,-0.594
-2.76,1.048
-2.811,1.272
-2.835,1.188
-2.77,-0.054
-2.801,1.791
-2.796,-0.42
-2.805,3.039
-2.903,2.829
-2.916,3.276
-2.903,-0.388
-3.0,1.209
-2.959,3.172
-2.993,1.76
-3.048,2.977
-3.049,2.576
-3.074,-0.412
-3.069,1.781
-3.024,1.475
-3.112,1.122
3.11,0.6
-3.116,0.726
3.106,2.65
3.009,2.225
3.066,0.323
2.987,1.247
2.939,2.096
2.845,1.546
2.913,-0.496
2.863,0.651
2.822,2.789
2.746,1.257
2.704,-0.261
2.703,1.424
2.733,-0.045
2.74,-0.078
2.568,2.104
2.597,1.529
2.512,1.623
2.505,-0.089
2.515,0.994
2.46,0.634
2.291,3.235
2.349,-0.196
2.287,-0.316
2.217,-0.562
2.282,3.179
2.171,0.34
2.139,3.319
2.14,0.869
2.11,0.696
1.945,3.344
1.84,0.905
1.901,-0.143
1.869,0.618
1.836,0.393
1.692,-0.326
1.635,1.231
1.55,3.064
1.514,3.363
1.509,0.842
1.399,2.077
1.431,-0.078
1.368,0.194
1.378,-0.527
1.374,2.735
1.316,2.95
1.329,3.311
1.141,-0.52
0.883,0.086
0.791,0.37
0.786,1.956
0.801,1.53
0.778,3.227
0.769,2.004
0.704,3.211
0.74,0.282
0.741,2.146
0.67,1.947
0.585,1.253
0.584,2.633
0.53,1.281
0.532,-0.227
0.512,2.862
0.525,1.06
0.462,1.048
0.435,1.501
0.117,-0.96
-0.431,-0.612
-0.46,-0.717
-0.448,-0.631
-0.622,-1.014
-2.139,-0.535
-2.465,-0.757
-2.683,-0.684
-2.965,-0.676
3.052,-0.995
2.844,-0.913
2.775,-0.973
2.432,-0.737
2.329,-0.783
2.233,-1.085
1.679,-0.767
1.328,-0.811
1.202,-0.841
0.999,-0.944
1.052,-0.714
0.931,-0.973
0.505,-0.956
0.321,3.398
0.316,3.564
-0.188,3.763
-0.627,3.693
-0.806,3.513
-1.701,3.837
-2.003,3.54
-1.994,3.737
-2.076,3.813
-2.203,3.853
-2.353,3.455
-2.282,3.518
-2.536,3.752
-2.608,3.882
-2.721,3.777
-2.807,3.461
-3.094,3.87
2.844,3.651
2.559,3.799
1.924,3.536
1.599,3.608
1.538,3.643
1.183,3.499
0.813,3.824
0.824,3.765
0.561,3.696
-0.326,0.459
-0.821,0.967
-1.463,2.988
-2.444,0.06
2.521,2.044
1.813,3.027
-2.221,-0.959
0.241,3.725
0.456,3.297
0.303,1.52
0.216,3.309
0.089,2.969
0.169,-0.136
0.181,1.712
-0.061,1.487
-0.078,2.87
-0.131,3.422
-0.261,0.495
-0.371,1.748
-0.285,1.252
-0.289,1.861
-0.337,2.184
-0.405,1.474
-0.432,1.859
-0.491,2.366
-0.585,2.51
-0.781,3.276
-0.805,2.989
-0.725,3.168
-0.789,0.284
-0.996,2.918
-1.144,1.778
-1.229,0.699
-1.273,-0.349
-1.146,-0.124
-1.363,-0.474
-1.371,0.463
-1.384,0.516
-1.277,2.463
-1.316,1.403
-1.42,1.048
-1.495,0.887
-1.487,2.479
-1.496,-0.565
-1.695,0.69
-1.583,0.904
-1.622,0.39
-1.806,3.309
-1.752,1.073
-1.82,3.399
-2.067,3.138
-2.226,1.448
-2.266,0.681
-2.412,-0.345
-2.333,0.893
-2.525,1.502
-2.443,-0.427
-2.464,0.715
-2.625,0.968
-2.553,1.06
-2.661,2.976
-2.67,-0.09
-2.683,2.701
-2.712,1.519
-2.778,0.957
-2.767,0.443
-2.736,1.598
-2.813,2.293
3.077,1.194
3.105,1.164
3.001,0.548
3.067,-0.145
3.043,2.773
2.827,2.89
2.922,-0.545
2.786,-0.072
2.776,-0.252
2.846,2.125
2.848,3.148
2.658,3.004
2.74,2.689
2.567,1.037
2.549,-0.235
2.568,0.873
2.541,1.647
2.412,3.361
2.363,2.887
2.482,1.475
2.345,0.673
2.32,0.468
2.239,3.178
1.858,3.453
1.865,0.398
1.558,0.677
1.629,1.959
1.54,1.512
1.323,2.946
1.432,0.39
1.227,0.68
1.207,0.637
0.756,1.53
0.828,1.911
0.65,2.409
0.639,2.807
0.686,0.95
0.478,2.346
0.641,0.103
0.399,0.193
0.397,-0.472
-0.081,-0.683
-0.656,-0.832
-0.784,-0.725
-1.291,-0.757
-1.871,-0.898
-1.881,-0.861
-2.244,-0.584
-2.953,-0.792
-3.113,-0.931
-3.053,-0.83
3.006,-0.768
2.827,-0.917
2.538,-0.942
2.234,-0.729
1.859,-0.891
1.612,-0.694
1.224,-0.8
0.833,-0.869
0.41,3.61
0.254,3.789
0.181,3.787
0.277,3.785
0.239,3.71
-0.669,3.739
-2.466,3.593
-2.566,3.569
-2.723,3.676
2.877,3.398
2.255,3.692
1.72,3.501
-0.736,2.845
-0.886,3.068
-0.886,0.35
-1.053,3.21
2.398,2.081
1.85,2.864
1.715,2.868
-2.457,0.556
-2.974,0.587
2.153,2.089
2.157,2.194
1.13,1.711
1.143,2.515
0.986,1.678
0.991,2.681
-0.07,0.329
-0.069,1.336
-2.437,1.488
0.032,3.492
2.101,-0.419
1.973,3.594
-0.068,-0.588
-0.074,2.005
-0.083,2.018
-0.031,0.782
-0.116,0.561
-0.175,2.548
-0.219,1.567
-0.2,2.029
-0.25,2.679
-0.336,2.829
-0.26,2.687
-0.427,-0.828
-0.381,1.937
-0.407,1.833
-0.449,0.645
-0.451,2.2
-0.493,0.668
-0.589,2.582
-0.673,1.187
-0.634,1.031
-0.689,1.082
-0.796,-0.262
-0.853,2.066
-0.818,0.561
-0.798,0.798
-0.8,2.218
-0.944,1.516
-0.918,2.106
-0.965,0.372
-1.04,0.322
-1.005,2.554
-1.032,2.264
-1.161,1.057
-1.147,1.004
-1.239,0.299
-1.284,-0.408
-1.333,0.321
-1.625,-0.642
-1.624,1.298
-1.765,0.793
-1.756,1.169
-1.742,1.454
-1.9,-0.661
-1.999,0.089
-2.062,1.405
-2.079,2.13
-2.096,0.339
-2.177,2.696
-2.248,1.42
-2.21,-0.075
-2.218,-0.882
-2.362,1.885
-2.378,2.018
-2.435,-0.256
-2.428,0.683
-2.397,-0.047
-2.459,1.174
-2.451,2.087
-2.456,-0.416
-2.498,0.625
-2.54,0.281
-2.569,-0.648
-2.595,0.284
-2.628,-0.004
-2.631,0.027
-2.555,-0.956
-2.605,0.056
-2.667,1.886
-2.714,-0.802
-2.744,-1.037
-2.706,0.605
-2.757,0.829
-2.781,0.745
-2.716,-0.497
-2.747,1.348
-2.742,-0.863
-2.751,2.596
-2.849,2.386
-2.862,2.833
-2.849,-0.831
-2.946,0.766
-2.905,2.729
-2.939,1.317
-2.994,2.534
-2.995,2.133
-3.02,-0.855
-3.015,1.338
-2.97,1.032
-3.058,0.679
-3.119,0.157
-3.062,0.283
-3.123,2.207
3.063,1.782
3.12,-0.12
3.041,0.804
2.993,1.653
2.899,1.103
2.967,-0.939
2.917,0.208
2.876,2.346
2.8,0.814
2.758,-0.704
2.757,0.981
2.787,-0.488
2.794,-0.521
2.622,1.661
2.651,1.086
2.566,1.18
2.559,-0.532
2.569,0.551
2.514,0.191
2.345,2.792
2.403,-0.639
2.341,-0.759
2.271,-1.005
2.336,2.736
2.225,-0.103
2.193,2.876
2.194,0.426
2.164,0.253
1.999,2.901
1.894,0.462
1.955,-0.586
1.923,0.175
1.89,-0.05
1.746,-0.769
1.689,0.788
1.604,2.621
1.568,2.92
1.563,0.399
1.453,1.634
1.485,-0.521
1.422,-0.249
1.432,-0.97
1.428,2.292
1.37,2.507
1.383,2.868
1.195,-0.963
0.937,-0.357
0.845,-0.073
0.84,1.513
0.855,1.087
0.832,2.784
0.823,1.561
0.758,2.768
0.794,-0.161
0.795,1.703
0.724,1.504
0.639,0.81
0.638,2.19
0.584,0.838
0.586,-0.67
0.566,2.419
0.579,0.617
0.516,0.605
0.489,1.058
0.171,-1.403
-0.377,-1.055
-0.406,-1.16
-0.394,-1.074
-0.568,-1.457
-2.085,-0.978
-2.411,-1.2
-2.629,-1.127
-2.911,-1.119
3.106,-1.438
2.898,-1.356
2.829,-1.416
2.486,-1.18
2.383,-1.226
2.287,-1.528
1.733,-1.21
1.382,-1.254
1.256,-1.284
1.053,-1.387
1.106,-1.157
0.985,-1.416
0.559,-1.399
0.375,2.955
0.37,3.121
-0.134,3.32
-0.573,3.25
-0.752,3.07
-1.647,3.394
-1.949,3.097
-1.94,3.294
-2.022,3.37
-2.149,3.41
-2.299,3.012
-2.228,3.075
-2.482,3.309
-2.554,3.439
-2.667,3.334
-2.753,3.018
-3.04,3.427
2.898,3.208
2.613,3.356
1.978,3.093
1.653,3.165
1.592,3.2
1.237,3.056
0.867,3.381
0.878,3.322
0.615,3.253
-0.272,0.016
-0.767,0.524
-1.409,2.545
-2.39,-0.383
2.575,1.601
1.867,2.584
-2.167,-1.402
0.295,3.282
0.51,2.854
0.357,1.077
0.27,2.866
0.143,2.526
0.223,-0.579
0.235,1.269
-0.007,1.044
-0.024,2.427
-0.077,2.979
-0.207,0.052
-0.317,1.305
-0.231,0.809
-0.235,1.418
-0.283,1.741
-0.351,1.031
-0.378,1.416
-0.437,1.923
-0.531,2.067
-0.727,2.833
-0.751,2.546
-0.671,2.725
-0.735,-0.159
-0.942,2.475
-1.09,1.335
-1.175,0.256
-1.219,-0.792
-1.092,-0.567
-1.309,-0.917
-1.317,0.02
-1.33,0.073
-1.223,2.02
-1.262,0.96
-1.366,0.605
-1.441,0.444
-1.433,2.036
-1.442,-1.008
-1.641,0.247
-1.529,0.461
-1.568,-0.053
-1.752,2.866
-1.698,0.63
-1.766,2.956
-2.013,2.695
-2.172,1.005
-2.212,0.238
-2.358,-0.788
-2.279,0.45
-2.471,1.059
-2.389,-0.87
-2.41,0.272
-2.571,0.525
-2.499,0.617
-2.607,2.533
-2.616,-0.533
-2.629,2.258
-2.658,1.076
-2.724,0.514
-2.713,0.0
-2.682,1.155
-2.759,1.85
3.131,0.751
-3.124,0.721
3.055,0.105
3.121,-0.588
3.097,2.33
2.881,2.447
2.976,-0.988
2.84,-0.515
2.83,-0.695
2.9,1.682
2.902,2.705
2.712,2.561
2.794,2.246
2.621,0.594
2.603,-0.678
2.622,0.43
2.595,1.204
2.466,2.918
2.417,2.444
2.536,1.032
2.399,0.23
2.374,0.025
2.293,2.735
1.912,3.01
1.919,-0.045
1.612,0.234
1.683,1.516
1.594,1.069
1.377,2.503
1.486,-0.053
1.281,0.237
1.261,0.194
0.81,1.087
0.882,1.468
0.704,1.966
0.693,2.364
0.74,0.507
0.532,1.903
0.695,-0.34
0.453,-0.25
0.451,-0.915
-0.027,-1.126
-0.602,-1.275
-0.73,-1.168
-1.237,-1.2
-1.817,-1.341
-1.827,-1.304
-2.19,-1.027
-2.899,-1.235
-3.059,-1.374
-2.999,-1.273
3.06,-1.211
2.881,-1.36
2.592,-1.385
2.288,-1.172
1.913,-1.334
1.666,-1.137
1.278,-1.243
0.887,-1.312
0.464,3.167
0.308,3.346
0.235,3.344
0.331,3.342
0.293,3.267
-0.615,3.296
-2.412,3.15
-2.512,3.126
-2.669,3.233
2.931,2.955
2.309,3.249
1.774,3.058
-0.682,2.402
-0.832,2.625
-0.832,-0.093
-0.999,2.767
2.452,1.638
1.904,2.421
1.769,2.425
-2.403,0.113
-2.92,0.144
2.207,1.646
2.211,1.751
1.184,1.268
1.197,2.072
1.04,1.235
1.045,2.238
-0.016,-0.114
-0.015,0.893
-2.383,1.045
0.086,3.049
2.155,-0.862
2.027,3.151
-0.006,2.593
-0.015,2.606
0.037,1.37
-0.048,1.149
-0.107,3.136
-0.151,2.155
-0.132,2.617
-0.182,3.267
-0.268,3.417
-0.192,3.275
-0.359,-0.24
-0.313,2.525
-0.339,2.421
-0.381,1.233
-0.383,2.788
-0.425,1.256
-0.521,3.17
-0.605,1.775
-0.566,1.619
-0.621,1.67
-0.728,0.326
-0.785,2.654
-0.75,1.149
-0.73,1.386
-0.732,2.806
-0.876,2.104
-0.85,2.694
-0.897,0.96
-0.972,0.91
-0.937,3.142
-0.964,2.852
-1.093,1.645
-1.079,1.592
-1.171,0.887
-1.216,0.18
-1.265,0.909
-1.557,-0.054
-1.556,1.886
-1.697,1.381
-1.688,1.757
-1.674,2.042
-1.832,-0.073
-1.931,0.677
-1.994,1.993
-2.011,2.718
-2.028,0.927
-2.109,3.284
-2.18,2.008
-2.142,0.513
-2.15,-0.294
-2.294,2.473
-2.31,2.606
-2.367,0.332
-2.36,1.271
-2.329,0.541
-2.391,1.762
-2.383,2.675
-2.388,0.172
-2.43,1.213
-2.472,0.869
-2.501,-0.06
-2.527,0.872
-2.56,0.584
-2.563,0.615
-2.487,-0.368
-2.537,0.644
-2.599,2.474
-2.646,-0.214
-2.676,-0.449
-2.638,1.193
-2.689,1.417
-2.713,1.333
-2.648,0.091
-2.679,1.936
-2.674,-0.275
-2.683,3.184
-2.781,2.974
-2.794,3.421
-2.781,-0.243
-2.878,1.354
-2.837,3.317
-2.871,1.905
-2.926,3.122
-2.927,2.721
-2.952,-0.267
-2.947,1.926
-2.902,1.62
-2.99,1.267
-3.051,0.745
-2.994,0.871
-3.055,2.795
3.131,2.37
-3.095,0.468
3.109,1.392
3.061,2.241
2.967,1.691
3.035,-0.351
2.985,0.796
2.944,2.934
2.868,1.402
2.826,-0.116
2.825,1.569
2.855,0.1
2.862,0.067
2.69,2.249
2.719,1.674
2.634,1.768
2.627,0.056
2.637,1.139
2.582,0.779
2.413,3.38
2.471,-0.051
2.409,-0.171
2.339,-0.417
2.404,3.324
2.293,0.485
2.261,3.464
2.262,1.014
2.232,0.841
2.067,3.489
1.962,1.05
2.023,0.002
1.991,0.763
1.958,0.538
1.814,-0.181
1.757,1.376
1.672,3.209
1.636,3.508
1.631,0.987
1.521,2.222
1.553,0.067
1.49,0.339
1.5,-0.382
1.496,2.88
1.438,3.095
1.451,3.456
1.263,-0.375
1.005,0.231
0.913,0.515
0.908,2.101
0.923,1.675
0.9,3.372
0.891,2.149
0.826,3.356
0.862,0.427
0.863,2.291
0.792,2.092
0.707,1.398
0.706,2.778
0.652,1.426
0.654,-0.082
0.634,3.007
0.647,1.205
0.584,1.193
0.557,1.646
0.239,-0.815
-0.309,-0.467
-0.338,-0.572
-0.326,-0.486
-0.5,-0.869
-2.017,-0.39
-2.343,-0.612
-2.561,-0.539
-2.843,-0.531
-3.109,-0.85
2.966,-0.768
2.897,-0.828
2.554,-0.592
2.451,-0.638
2.355,-0.94
1.801,-0.622
1.45,-0.666
1.324,-0.696
1.121,-0.799
1.174,-0.569
1.053,-0.828
0.627,-0.811
0.443,3.543
0.438,3.709
-0.066,3.908
-0.505,3.838
-0.684,3.658
-1.579,3.982
-1.881,3.685
-1.872,3.882
-1.954,3.958
-2.081,3.998
-2.231,3.6
-2.16,3.663
-2.414,3.897
-2.486,4.027
-2.599,3.922
-2.685,3.606
-2.972,4.015
2.966,3.796
2.681,3.944
2.046,3.681
1.721,3.753
1.66,3.788
1.305,3.644
0.935,3.969
0.946,3.91
0.683,3.841
-0.204,0.604
-0.699,1.112
-1.341,3.133
-2.322,0.205
2.643,2.189
1.935,3.172
-2.099,-0.814
0.363,3.87
0.578,3.442
0.425,1.665
0.338,3.454
0.211,3.114
0.291,0.009
0.303,1.857
0.061,1.632
0.044,3.015
-0.009,3.567
-0.139,0.64
-0.249,1.893
-0.163,1.397
-0.167,2.006
-0.215,2.329
-0.283,1.619
-0.31,2.004
-0.369,2.511
-0.463,2.655
-0.659,3.421
-0.683,3.134
-0.603,3.313
-0.667,0.429
-0.874,3.063
-1.022,1.923
-1.107,0.844
-1.151,-0.204
-1.024,0.021
-1.241,-0.329
-1.249,0.608
-1.262,0.661
-1.155,2.608
-1.194,1.548
-1.298,1.193
-1.373,1.032
-1.365,2.624
-1.374,-0.42
-1.573,0.835
-1.461,1.049
-1.5,0.535
-1.684,3.454
-1.63,1.218
-1.698,3.544
-1.945,3.283
-2.104,1.593
-2.144,0.826
-2.29,-0.2
-2.211,1.038
-2.403,1.647
-2.321,-0.282
-2.342,0.86
-2.503,1.113
-2.431,1.205
-2.539,3.121
-2.548,0.055
-2.561,2.846
-2.59,1.664
-2.656,1.102
-2.645,0.588
-2.614,1.743
-2.691,2.438
-3.084,1.339
-3.056,1.309
3.123,0.693
-3.094,0.0
-3.118,2.918
2.949,3.035
3.044,-0.4
2.908,0.073
2.898,-0.107
2.968,2.27
2.97,3.293
2.78,3.149
2.862,2.834
2.689,1.182
2.671,-0.09
2.69,1.018
2.663,1.792
2.534,3.506
2.485,3.032
2.604,1.62
2.467,0.818
2.442,0.613
2.361,3.323
1.98,3.598
1.987,0.543
1.68,0.822
1.751,2.104
1.662,1.657
1.445,3.091
1.554,0.535
1.349,0.825
1.329,0.782
0.878,1.675
0.95,2.056
0.772,2.554
0.761,2.952
0.808,1.095
0.6,2.491
0.763,0.248
0.521,0.338
0.519,-0.327
0.041,-0.538
-0.534,-0.687
-0.662,-0.58
-1.169,-0.612
-1.749,-0.753
-1.759,-0.716
-2.122,-0.439
-2.831,-0.647
-2.991,-0.786
-2.931,-0.685
3.128,-0.623
2.949,-0.772
2.66,-0.797
2.356,-0.584
1.981,-0.746
1.734,-0.549
1.346,-0.655
0.955,-0.724
0.532,3.755
0.376,3.934
0.303,3.932
0.399,3.93
0.361,3.855
-0.547,3.884
-2.344,3.738
-2.444,3.714
-2.601,3.821
2.999,3.543
2.377,3.837
1.842,3.646
-0.614,2.99
-0.764,3.213
-0.764,0.495
-0.931,3.355
2.52,2.226
1.972,3.009
1.837,3.013
-2.335,0.701
-2.852,0.732
2.275,2.234
2.279,2.339
1.252,1.856
1.265,2.66
1.108,1.823
1.113,2.826
0.052,0.474
0.053,1.481
-2.315,1.633
0.154,3.637
2.223,-0.274
2.095,3.739
-0.009,0.013
0.043,-1.223
-0.042,-1.444
-0.101,0.543
-0.145,-0.438
-0.126,0.024
-0.176,0.674
-0.262,0.824
-0.186,0.682
-0.353,-2.833
-0.307,-0.068
-0.333,-0.172
-0.375,-1.36
-0.377,0.195
-0.419,-1.337
-0.515,0.577
-0.599,-0.818
-0.56,-0.974
-0.615,-0.923
-0.722,-2.267
-0.779,0.061
-0.744,-1.444
-0.724,-1.207
-0.726,0.213
-0.87,-0.489
-0.844,0.101
-0.891,-1.633
-0.966,-1.683
-0.931,0.549
-0.958,0.259
-1.087,-0.948
-1.073,-1.001
-1.165,-1.706
-1.21,-2.413
-1.259,-1.684
-1.551,-2.647
-1.55,-0.707
-1.691,-1.212
-1.682,-0.836
-1.668,-0.551
-1.826,-2.666
-1.925,-1.916
-1.988,-0.6
-2.005,0.125
-2.022,-1.666
-2.103,0.691
-2.174,-0.585
-2.136,-2.08
-2.144,-2.887
-2.288,-0.12
-2.304,0.013
-2.361,-2.261
-2.354,-1.322
-2.323,-2.052
-2.385,-0.831
-2.377,0.082
-2.382,-2.421
-2.424,-1.38
-2.466,-1.724
-2.495,-2.653
-2.521,-1.721
-2.554,-2.009
-2.557,-1.978
-2.481,-2.961
-2.531,-1.949
-2.593,-0.119
-2.64,-2.807
-2.67,-3.042
-2.632,-1.4
-2.683,-1.176
-2.707,-1.26
-2.642,-2.502
-2.673,-0.657
-2.668,-2.868
-2.677,0.591
-2.775,0.381
-2.788,0.828
-2.775,-2.836
-2.872,-1.239
-2.831,0.724
-2.865,-0.688
-2.92,0.529
-2.921,0.128
-2.946,-2.86
-2.941,-0.667
-2.896,-0.973
-2.984,-1.326
-3.045,-1.848
-2.988,-1.722
-3.049,0.202
3.137,-0.223
-3.089,-2.125
3.115,-1.201
3.067,-0.352
2.973,-0.902
3.041,-2.944
2.991,-1.797
2.95,0.341
2.874,-1.191
2.832,-2.709
2.831,-1.024
2.861,-2.493
2.868,-2.526
2.696,-0.344
2.725,-0.919
2.64,-0.825
2.633,-2.537
2.643,-1.454
2.588,-1.814
2.419,0.787
2.477,-2.644
2.415,-2.764
2.345,-3.01
2.41,0.731
2.299,-2.108
2.267,0.871
2.268,-1.579
2.238,-1.752
2.073,0.896
1.968,-1.543
2.029,-2.591
1.997,-1.83
1.964,-2.055
1.82,-2.774
1.763,-1.217
1.678,0.616
1.642,0.915
1.637,-1.606
1.527,-0.371
1.559,-2.526
1.496,-2.254
1.506,-2.975
1.502,0.287
1.444,0.502
1.457,0.863
1.269,-2.968
1.011,-2.362
0.919,-2.078
0.914,-0.492
0.929,-0.918
0.906,0.779
0.897,-0.444
0.832,0.763
0.868,-2.166
0.869,-0.302
0.798,-0.501
0.713,-1.195
0.712,0.185
0.658,-1.167
0.66,-2.675
0.64,0.414
0.653,-1.388
0.59,-1.4
0.563,-0.947
0.245,-3.408
-0.303,-3.06
-0.332,-3.165
-0.32,-3.079
-0.494,-3.462
-2.011,-2.983
-2.337,-3.205
-2.555,-3.132
-2.837,-3.124
-3.103,-3.443
2.972,-3.361
2.903,-3.421
2.56,-3.185
2.457,-3.231
2.361,-3.533
1.807,-3.215
1.456,-3.259
1.33,-3.289
1.127,-3.392
1.18,-3.162
1.059,-3.421
0.633,-3.404
0.449,0.95
0.444,1.116
-0.06,1.315
-0.499,1.245
-0.678,1.065
-1.573,1.389
-1.875,1.092
-1.866,1.289
-1.948,1.365
-2.075,1.405
-2.225,1.007
-2.154,1.07
-2.408,1.304
-2.48,1.434
-2.593,1.329
-2.679,1.013
-2.966,1.422
2.972,1.203
2.687,1.351
2.052,1.088
1.727,1.16
1.666,1.195
1.311,1.051
0.941,1.376
0.952,1.317
0.689,1.248
-0.198,-1.989
-0.693,-1.481
-1.335,0.54
-2.316,-2.388
2.649,-0.404
1.941,0.579
-2.093,-3.407
0.369,1.277
0.584,0.849
0.431,-0.928
0.344,0.861
0.217,0.521
0.297,-2.584
0.309,-0.736
0.067,-0.961
0.05,0.422
-0.003,0.974
-0.133,-1.953
-0.243,-0.7
-0.157,-1.196
-0.161,-0.587
-0.209,-0.264
-0.277,-0.974
-0.304,-0.589
-0.363,-0.082
-0.457,0.062
-0.653,0.828
-0.677,0.541
-0.597,0.72
-0.661,-2.164
-0.868,0.47
-1.016,-0.67
-1.101,-1.749
-1.145,-2.797
-1.018,-2.572
-1.235,-2.922
-1.243,-1.985
-1.256,-1.932
-1.149,0.015
-1.188,-1.045
-1.292,-1.4
-1.367,-1.561
-1.359,0.031
-1.368,-3.013
-1.567,-1.758
-1.455,-1.544
-1.494,-2.058
-1.678,0.861
-1.624,-1.375
-1.692,0.951
-1.939,0.69
-2.098,-1.0
-2.138,-1.767
-2.284,-2.793
-2.205,-1.555
-2.397,-0.946
-2.315,-2.875
-2.336,-1.733
-2.497,-1.48
-2.425,-1.388
-2.533,0.528
-2.542,-2.538
-2.555,0.253
-2.584,-0.929
-2.65,-1.491
-2.639,-2.005
-2.608,-0.85
-2.685,-0.155
-3.078,-1.254
-3.05,-1.284
3.129,-1.9
-3.088,-2.593
-3.112,0.325
2.955,0.442
3.05,-2.993
2.914,-2.52
2.904,-2.7
2.974,-0.323
2.976,0.7
2.786,0.556
2.868,0.241
2.695,-1.411
2.677,-2.683
2.696,-1.575
2.669,-0.801
2.54,0.913
2.491,0.439
2.61,-0.973
2.473,-1.775
2.448,-1.98
2.367,0.73
1.986,1.005
1.993,-2.05
1.686,-1.771
1.757,-0.489
1.668,-0.936
1.451,0.498
1.56,-2.058
1.355,-1.768
1.335,-1.811
0.884,-0.918
0.956,-0.537
0.778,-0.039
0.767,0.359
0.814,-1.498
0.606,-0.102
0.769,-2.345
0.527,-2.255
0.525,-2.92
0.047,-3.131
-0.528,-3.28
-0.656,-3.173
-1.163,-3.205
-1.743,-3.346
-1.753,-3.309
-2.116,-3.032
-2.825,-3.24
-2.985,-3.379
-2.925,-3.278
3.134,-3.216
2.955,-3.365
2.666,-3.39
2.362,-3.177
1.987,-3.339
1.74,-3.142
1.352,-3.248
0.961,-3.317
0.538,1.162
0.382,1.341
0.309,1.339
0.405,1.337
0.367,1.262
-0.541,1.291
-2.338,1.145
-2.438,1.121
-2.595,1.228
3.005,0.95
2.383,1.244
1.848,1.053
-0.608,0.397
-0.758,0.62
-0.758,-2.098
-0.925,0.762
2.526,-0.367
1.978,0.416
1.843,0.42
-2.329,-1.892
-2.846,-1.861
2.281,-0.359
2.285,-0.254
1.258,-0.737
1.271,0.067
1.114,-0.77
1.119,0.233
0.058,-2.119
0.059,-1.112
-2.309,-0.96
0.16,1.044
2.229,-2.867
2.101,1.146
0.052,-1.236
-0.033,-1.457
-0.092,0.53
-0.136,-0.451
-0.117,0.011
-0.167,0.661
-0.253,0.811
-0.177,0.669
-0.344,-2.846
-0.298,-0.081
-0.324,-0.185
-0.366,-1.373
-0.368,0.182
-0.41,-1.35
-0.506,0.564
-0.59,-0.831
-0.551,-0.987
-0.606,-0.936
-0.713,-2.28
-0.77,0.048
-0.735,-1.457
-0.715,-1.22
-0.717,0.2
-0.861,-0.502
-0.835,0.088
-0.882,-1.646
-0.957,-1.696
-0.922,0.536
-0.949,0.246
-1.078,-0.961
-1.064,-1.014
-1.156,-1.719
-1.201,-2.426
-1.25,-1.697
-1.542,-2.66
-1.541,-0.72
-1.682,-1.225
-1.673,-0.849
-1.659,-0.564
-1.817,-2.679
-1.916,-1.929
-1.979,-0.613
-1.996,0.112
-2.013,-1.679
-2.094,0.678
-2.165,-0.598
-2.127,-2.093
-2.135,-2.9
-2.279,-0.133
-2.295,0.0
-2.352,-2.274
-2.345,-1.335
-2.314,-2.065
-2.376,-0.844
-2.368,0.069
-2.373,-2.434
-2.415,-1.393
-2.457,-1.737
-2.486,-2.666
-2.512,-1.734
-2.545,-2.022
-2.548,-1.991
-2.472,-2.974
-2.522,-1.962
-2.584,-0.132
-2.631,-2.82
-2.661,-3.055
-2.623,-1.413
-2.674,-1.189
-2.698,-1.273
-2.633,-2.515
-2.664,-0.67
-2.659,-2.881
-2.668,0.578
-2.766,0.368
-2.779,0.815
-2.766,-2.849
-2.863,-1.252
-2.822,0.711
-2.856,-0.701
-2.911,0.516
-2.912,0.115
-2.937,-2.873
-2.932,-0.68
-2.887,-0.986
-2.975,-1.339
-3.036,-1.861
-2.979,-1.735
-3.04,0.189
-3.137,-0.236
-3.08,-2.138
3.124,-1.214
3.076,-0.365
2.982,-0.915
3.05,-2.957
3.0,-1.81
2.959,0.328
2.883,-1.204
2.841,-2.722
2.84,-1.037
2.87,-2.506
2.877,-2.539
2.705,-0.357
2.734,-0.932
2.649,-0.838
2.642,-2.55
2.652,-1.467
2.597,-1.827
2.428,0.774
2.486,-2.657
2.424,-2.777
2.354,-3.023
2.419,0.718
2.308,-2.121
2.276,0.858
2.277,-1.592
2.247,-1.765
2.082,0.883
1.977,-1.556
2.038,-2.604
2.006,-1.843
1.973,-2.068
1.829,-2.787
1.772,-1.23
1.687,0.603
1.651,0.902
1.646,-1.619
1.536,-0.384
1.568,-2.539
1.505,-2.267
1.515,-2.988
1.511,0.274
1.453,0.489
1.466,0.85
1.278,-2.981
1.02,-2.375
0.928,-2.091
0.923,-0.505
0.938,-0.931
0.915,0.766
0.906,-0.457
0.841,0.75
0.877,-2.179
0.878,-0.315
0.807,-0.514
0.722,-1.208
0.721,0.172
0.667,-1.18
0.669,-2.688
0.649,0.401
0.662,-1.401
0.599,-1.413
0.572,-0.96
0.254,-3.421
-0.294,-3.073
-0.323,-3.178
-0.311,-3.092
-0.485,-3.475
-2.002,-2.996
-2.328,-3.218
-2.546,-3.145
-2.828,-3.137
-3.094,-3.456
2.981,-3.374
2.912,-3.434
2.569,-3.198
2.466,-3.244
2.37,-3.546
1.816,-3.228
1.465,-3.272
1.339,-3.302
1.136,-3.405
1.189,-3.175
1.068,-3.434
0.642,-3.417
0.458,0.937
0.453,1.103
-0.051,1.302
-0.49,1.232
-0.669,1.052
-1.564,1.376
-1.866,1.079
-1.857,1.276
-1.939,1.352
-2.066,1.392
-2.216,0.994
-2.145,1.057
-2.399,1.291
-2.471,1.421
-2.584,1.316
-2.67,1.0
-2.957,1.409
2.981,1.19
2.696,1.338
2.061,1.075
1.736,1.147
1.675,1.182
1.32,1.038
0.95,1.363
0.961,1.304
0.698,1.235
-0.189,-2.002
-0.684,-1.494
-1.326,0.527
-2.307,-2.401
2.658,-0.417
1.95,0.566
-2.084,-3.42
0.378,1.264
0.593,0.836
0.44,-0.941
0.353,0.848
0.226,0.508
0.306,-2.597
0.318,-0.749
0.076,-0.974
0.059,0.409
0.006,0.961
-0.124,-1.966
-0.234,-0.713
-0.148,-1.209
-0.152,-0.6
-0.2,-0.277
-0.268,-0.987
-0.295,-0.602
-0.354,-0.095
-0.448,0.049
-0.644,0.815
-0.668,0.528
-0.588,0.707
-0.652,-2.177
-0.859,0.457
-1.007,-0.683
-1.092,-1.762
-1.136,-2.81
-1.009,-2.585
-1.226,-2.935
-1.234,-1.998
-1.247,-1.945
-1.14,0.002
-1.179,-1.058
-1.283,-1.413
-1.358,-1.574
-1.35,0.018
-1.359,-3.026
-1.558,-1.771
-1.446,-1.557
-1.485,-2.071
-1.669,0.848
-1.615,-1.388
-1.683,0.938
-1.93,0.677
-2.089,-1.013
-2.129,-1.78
-2.275,-2.806
-2.196,-1.568
-2.388,-0.959
-2.306,-2.888
-2.327,-1.746
-2.488,-1.493
-2.416,-1.401
-2.524,0.515
-2.533,-2.551
-2.546,0.24
-2.575,-0.942
-2.641,-1.504
-2.63,-2.018
-2.599,-0.863
-2.676,-0.168
-3.069,-1.267
-3.041,-1.297
3.138,-1.913
-3.079,-2.606
-3.103,0.312
2.964,0.429
3.059,-3.006
2.923,-2.533
2.913,-2.713
2.983,-0.336
2.985,0.687
2.795,0.543
2.877,0.228
2.704,-1.424
2.686,-2.696
2.705,-1.588
2.678,-0.814
2.549,0.9
2.5,0.426
2.619,-0.986
2.482,-1.788
2.457,-1.993
2.376,0.717
1.995,0.992
2.002,-2.063
1.695,-1.784
1.766,-0.502
1.677,-0.949
1.46,0.485
1.569,-2.071
1.364,-1.781
1.344,-1.824
0.893,-0.931
0.965,-0.55
0.787,-0.052
0.776,0.346
0.823,-1.511
0.615,-0.115
0.778,-2.358
0.536,-2.268
0.534,-2.933
0.056,-3.144
-0.519,-3.293
-0.647,-3.186
-1.154,-3.218
-1.734,-3.359
-1.744,-3.322
-2.107,-3.045
-2.816,-3.253
-2.976,-3.392
-2.916,-3.291
-3.14,-3.229
2.964,-3.378
2.675,-3.403
2.371,-3.19
1.996,-3.352
1.749,-3.155
1.361,-3.261
0.97,-3.33
0.547,1.149
0.391,1.328
0.318,1.326
0.414,1.324
0.376,1.249
-0.532,1.278
-2.329,1.132
-2.429,1.108
-2.586,1.215
3.014,0.937
2.392,1.231
1.857,1.04
-0.599,0.384
-0.749,0.607
-0.749,-2.111
-0.916,0.749
2.535,-0.38
1.987,0.403
1.852,0.407
-2.32,-1.905
-2.837,-1.874
2.29,-0.372
2.294,-0.267
1.267,-0.75
1.28,0.054
1.123,-0.783
1.128,0.22
0.067,-2.132
0.068,-1.125
-2.3,-0.973
0.169,1.031
2.238,-2.88
2.11,1.133
-0.085,-0.221
-0.144,1.766
-0.188,0.785
-0.169,1.247
-0.219,1.897
-0.305,2.047
-0.229,1.905
-0.396,-1.61
-0.35,1.155
-0.376,1.051
-0.418,-0.137
-0.42,1.418
-0.462,-0.114
-0.558,1.8
-0.642,0.405
-0.603,0.249
-0.658,0.3
-0.765,-1.044
-0.822,1.284
-0.787,-0.221
-0.767,0.016
-0.769,1.436
-0.913,0.734
-0.887,1.324
-0.934,-0.41
-1.009,-0.46
-0.974,1.772
-1.001,1.482
-1.13,0.275
-1.116,0.222
-1.208,-0.483
-1.253,-1.19
-1.302,-0.461
-1.594,-1.424
-1.593,0.516
-1.734,0.011
-1.725,0.387
-1.711,0.672
-1.869,-1.443
-1.968,-0.693
-2.031,0.623
-2.048,1.348
-2.065,-0.443
-2.146,1.914
-2.217,0.638
-2.179,-0.857
-2.187,-1.664
-2.331,1.103
-2.347,1.236
-2.404,-1.038
-2.397,-0.099
-2.366,-0.829
-2.428,0.392
-2.42,1.305
-2.425,-1.198
-2.467,-0.157
-2.509,-0.501
-2.538,-1.43
-2.564,-0.498
-2.597,-0.786
-2.6,-0.755
-2.524,-1.738
-2.574,-0.726
-2.636,1.104
-2.683,-1.584
-2.713,-1.819
-2.675,-0.177
-2.726,0.047
-2.75,-0.037
-2.685,-1.279
-2.716,0.566
-2.711,-1.645
-2.72,1.814
-2.818,1.604
-2.831,2.051
-2.818,-1.613
-2.915,-0.016
-2.874,1.947
-2.908,0.535
-2.963,1.752
-2.964,1.351
-2.989,-1.637
-2.984,0.556
-2.939,0.25
-3.027,-0.103
-3.088,-0.625
-3.031,-0.499
-3.092,1.425
3.094,1.0
-3.132,-0.902
3.072,0.022
3.024,0.871
2.93,0.321
2.998,-1.721
2.948,-0.574
2.907,1.564
2.831,0.032
2.789,-1.486
2.788,0.199
2.818,-1.27
2.825,-1.303
2.653,0.879
2.682,0.304
2.597,0.398
2.59,-1.314
2.6,-0.231
2.545,-0.591
2.376,2.01
2.434,-1.421
2.372,-1.541
2.302,-1.787
2.367,1.954
2.256,-0.885
2.224,2.094
2.225,-0.356
2.195,-0.529
2.03,2.119
1.925,-0.32
1.986,-1.368
1.954,-0.607
1.921,-0.832
1.777,-1.551
1.72,0.006
1.635,1.839
1.599,2.138
1.594,-0.383
1.484,0.852
1.516,-1.303
1.453,-1.031
1.463,-1.752
1.459,1.51
1.401,1.725
1.414,2.086
1.226,-1.745
0.968,-1.139
0.876,-0.855
0.871,0.731
0.886,0.305
0.863,2.002
0.854,0.779
0.789,1.986
0.825,-0.943
0.826,0.921
0.755,0.722
0.67,0.028
0.669,1.408
0.615,0.056
0.617,-1.452
0.597,1.637
0.61,-0.165
0.547,-0.177
0.52,0.276
0.202,-2.185
-0.346,-1.837
-0.375,-1.942
-0.363,-1.856
-0.537,-2.239
-2.054,-1.76
-2.38,-1.982
-2.598,-1.909
-2.88,-1.901
3.137,-2.22
2.929,-2.138
2.86,-2.198
2.517,-1.962
2.414,-2.008
2.318,-2.31
1.764,-1.992
1.413,-2.036
1.287,-2.066
1.084,-2.169
1.137,-1.939
1.016,-2.198
0.59,-2.181
0.406,2.173
0.401,2.339
-0.103,2.538
-0.542,2.468
-0.721,2.288
-1.616,2.612
-1.918,2.315
-1.909,2.512
-1.991,2.588
-2.118,2.628
-2.268,2.23
-2.197,2.293
-2.451,2.527
-2.523,2.657
-2.636,2.552
-2.722,2.236
-3.009,2.645
2.929,2.426
2.644,2.574
2.009,2.311
1.684,2.383
1.623,2.418
1.268,2.274
0.898,2.599
0.909,2.54
0.646,2.471
-0.241,-0.766
-0.736,-0.258
-1.378,1.763
-2.359,-1.165
2.606,0.819
1.898,1.802
-2.136,-2.184
0.326,2.5
0.541,2.072
0.388,0.295
0.301,2.084
0.174,1.744
0.254,-1.361
0.266,0.487
0.024,0.262
0.007,1.645
-0.046,2.197
-0.176,-0.73
-0.286,0.523
-0.2,0.027
-0.204,0.636
-0.252,0.959
-0.32,0.249
-0.347,0.634
-0.406,1.141
-0.5,1.285
-0.696,2.051
-0.72,1.764
-0.64,1.943
-0.704,-0.941
-0.911,1.693
-1.059,0.553
-1.144,-0.526
-1.188,-1.574
-1.061,-1.349
-1.278,-1.699
-1.286,-0.762
-1.299,-0.709
-1.192,1.238
-1.231,0.178
-1.335,-0.177
-1.41,-0.338
-1.402,1.254
-1.411,-1.79
-1.61,-0.535
-1.498,-0.321
-1.537,-0.835
-1.721,2.084
-1.667,-0.152
-1.735,2.174
-1.982,1.913
-2.141,0.223
-2.181,-0.544
-2.327,-1.57
-2.248,-0.332
-2.44,0.277
-2.358,-1.652
-2.379,-0.51
-2.54,-0.257
-2.468,-0.165
-2.576,1.751
-2.585,-1.315
-2.598,1.476
-2.627,0.294
-2.693,-0.268
-2.682,-0.782
-2.651,0.373
-2.728,1.068
-3.121,-0.031
-3.093,-0.061
3.086,-0.677
-3.131,-1.37
3.128,1.548
2.912,1.665
3.007,-1.77
2.871,-1.297
2.861,-1.477
2.931,0.9
2.933,1.923
2.743,1.779
2.825,1.464
2.652,-0.188
2.634,-1.46
2.653,-0.352
2.626,0.422
2.497,2.136
2.448,1.662
2.567,0.25
2.43,-0.552
2.405,-0.757
2.324,1.953
1.943,2.228
1.95,-0.827
1.643,-0.548
1.714,0.734
1.625,0.287
1.408,1.721
1.517,-0.835
1.312,-0.545
1.292,-0.588
0.841,0.305
0.913,0.686
0.735,1.184
0.724,1.582
0.771,-0.275
0.563,1.121
0.726,-1.122
0.484,-1.032
0.482,-1.697
0.004,-1.908
-0.571,-2.057
-0.699,-1.95
-1.206,-1.982
-1.786,-2.123
-1.796,-2.086
-2.159,-1.809
-2.868,-2.017
-3.028,-2.156
-2.968,-2.055
3.091,-1.993
2.912,-2.142
2.623,-2.167
2.319,-1.954
1.944,-2.116
1.697,-1.919
1.309,-2.025
0.918,-2.094
0.495,2.385
0.339,2.564
0.266,2.562
0.362,2.56
0.324,2.485
-0.584,2.514
-2.381,2.368
-2.481,2.344
-2.638,2.451
2.962,2.173
2.34,2.467
1.805,2.276
-0.651,1.62
-0.801,1.843
-0.801,-0.875
-0.968,1.985
2.483,0.856
1.935,1.639
1.8,1.643
-2.372,-0.669
-2.889,-0.638
2.238,0.864
2.242,0.969
1.215,0.486
1.228,1.29
1.071,0.453
1.076,1.456
0.015,-0.896
0.016,0.111
-2.352,0.263
0.117,2.267
2.186,-1.644
2.058,2.369
-0.059,1.987
-0.103,1.006
-0.084,1.468
-0.134,2.118
-0.22,2.268
-0.144,2.126
-0.311,-1.389
-0.265,1.376
-0.291,1.272
-0.333,0.084
-0.335,1.639
-0.377,0.107
-0.473,2.021
-0.557,0.626
-0.518,0.47
-0.573,0.521
-0.68,-0.823
-0.737,1.505
-0.702,0.0
-0.682,0.237
-0.684,1.657
-0.828,0.955
-0.802,1.545
-0.849,-0.189
-0.924,-0.239
-0.889,1.993
-0.916,1.703
-1.045,0.496
-1.031,0.443
-1.123,-0.262
-1.168,-0.969
-1.217,-0.24
-1.509,-1.203
-1.508,0.737
-1.649,0.232
-1.64,0.608
-1.626,0.893
-1.784,-1.222
-1.883,-0.472
-1.946,0.844
-1.963,1.569
-1.98,-0.222
-2.061,2.135
-2.132,0.859
-2.094,-0.636
-2.102,-1.443
-2.246,1.324
-2.262,1.457
-2.319,-0.817
-2.312,0.122
-2.281,-0.608
-2.343,0.613
-2.335,1.526
-2.34,-0.977
-2.382,0.064
-2.424,-0.28
-2.453,-1.209
-2.479,-0.277
-2.512,-0.565
-2.515,-0.534
-2.439,-1.517
-2.489,-0.505
-2.551,1.325
-2.598,-1.363
-2.628,-1.598
-2.59,0.044
-2.641,0.268
-2.665,0.184
-2.6,-1.058
-2.631,0.787
-2.626,-1.424
-2.635,2.035
-2.733,1.825
-2.746,2.272
-2.733,-1.392
-2.83,0.205
-2.789,2.168
-2.823,0.756
-2.878,1.973
-2.879,1.572
-2.904,-1.416
-2.899,0.777
-2.854,0.471
-2.942,0.118
-3.003,-0.404
-2.946,-0.278
-3.007,1.646
-3.104,1.221
-3.047,-0.681
-3.126,0.243
3.109,1.092
3.015,0.542
3.083,-1.5
3.033,-0.353
2.992,1.785
2.916,0.253
2.874,-1.265
2.873,0.42
2.903,-1.049
2.91,-1.082
2.738,1.1
2.767,0.525
2.682,0.619
2.675,-1.093
2.685,-0.01
2.63,-0.37
2.461,2.231
2.519,-1.2
2.457,-1.32
2.387,-1.566
2.452,2.175
2.341,-0.664
2.309,2.315
2.31,-0.135
2.28,-0.308
2.115,2.34
2.01,-0.099
2.071,-1.147
2.039,-0.386
2.006,-0.611
1.862,-1.33
1.805,0.227
1.72,2.06
1.684,2.359
1.679,-0.162
1.569,1.073
1.601,-1.082
1.538,-0.81
1.548,-1.531
1.544,1.731
1.486,1.946
1.499,2.307
1.311,-1.524
1.053,-0.918
0.961,-0.634
0.956,0.952
0.971,0.526
0.948,2.223
0.939,1.0
0.874,2.207
0.91,-0.722
0.911,1.142
0.84,0.943
0.755,0.249
0.754,1.629
0.7,0.277
0.702,-1.231
0.682,1.858
0.695,0.056
0.632,0.044
0.605,0.497
0.287,-1.964
-0.261,-1.616
-0.29,-1.721
-0.278,-1.635
-0.452,-2.018
-1.969,-1.539
-2.295,-1.761
-2.513,-1.688
-2.795,-1.68
-3.061,-1.999
3.014,-1.917
2.945,-1.977
2.602,-1.741
2.499,-1.787
2.403,-2.089
1.849,-1.771
1.498,-1.815
1.372,-1.845
1.169,-1.948
1.222,-1.718
1.101,-1.977
0.675,-1.96
0.491,2.394
0.486,2.56
-0.018,2.759
-0.457,2.689
-0.636,2.509
-1.531,2.833
-1.833,2.536
-1.824,2.733
-1.906,2.809
-2.033,2.849
-2.183,2.451
-2.112,2.514
-2.366,2.748
-2.438,2.878
-2.551,2.773
-2.637,2.457
-2.924,2.866
3.014,2.647
2.729,2.795
2.094,2.532
1.769,2.604
1.708,2.639
1.353,2.495
0.983,2.82
0.994,2.761
0.731,2.692
-0.156,-0.545
-0.651,-0.037
-1.293,1.984
-2.274,-0.944
2.691,1.04
1.983,2.023
-2.051,-1.963
0.411,2.721
0.626,2.293
0.473,0.516
0.386,2.305
0.259,1.965
0.339,-1.14
0.351,0.708
0.109,0.483
0.092,1.866
0.039,2.418
-0.091,-0.509
-0.201,0.744
-0.115,0.248
-0.119,0.857
-0.167,1.18
-0.235,0.47
-0.262,0.855
-0.321,1.362
-0.415,1.506
-0.611,2.272
-0.635,1.985
-0.555,2.164
-0.619,-0.72
-0.826,1.914
-0.974,0.774
-1.059,-0.305
-1.103,-1.353
-0.976,-1.128
-1.193,-1.478
-1.201,-0.541
-1.214,-0.488
-1.107,1.459
-1.146,0.399
-1.25,0.044
-1.325,-0.117
-1.317,1.475
-1.326,-1.569
-1.525,-0.314
-1.413,-0.1
-1.452,-0.614
-1.636,2.305
-1.582,0.069
-1.65,2.395
-1.897,2.134
-2.056,0.444
-2.096,-0.323
-2.242,-1.349
-2.163,-0.111
-2.355,0.498
-2.273,-1.431
-2.294,-0.289
-2.455,-0.036
-2.383,0.056
-2.491,1.972
-2.5,-1.094
-2.513,1.697
-2.542,0.515
-2.608,-0.047
-2.597,-0.561
-2.566,0.594
-2.643,1.289
-3.036,0.19
-3.008,0.16
-3.112,-0.456
-3.046,-1.149
-3.07,1.769
2.997,1.886
3.092,-1.549
2.956,-1.076
2.946,-1.256
3.016,1.121
3.018,2.144
2.828,2.0
2.91,1.685
2.737,0.033
2.719,-1.239
2.738,-0.131
2.711,0.643
2.582,2.357
2.533,1.883
2.652,0.471
2.515,-0.331
2.49,-0.536
2.409,2.174
2.028,2.449
2.035,-0.606
1.728,-0.327
1.799,0.955
1.71,0.508
1.493,1.942
1.602,-0.614
1.397,-0.324
1.377,-0.367
0.926,0.526
0.998,0.907
0.82,1.405
0.809,1.803
0.856,-0.054
0.648,1.342
0.811,-0.901
0.569,-0.811
0.567,-1.476
0.089,-1.687
-0.486,-1.836
-0.614,-1.729
-1.121,-1.761
-1.701,-1.902
-1.711,-1.865
-2.074,-1.588
-2.783,-1.796
-2.943,-1.935
-2.883,-1.834
-3.107,-1.772
2.997,-1.921
2.708,-1.946
2.404,-1.733
2.029,-1.895
1.782,-1.698
1.394,-1.804
1.003,-1.873
0.58,2.606
0.424,2.785
0.351,2.783
0.447,2.781
0.409,2.706
-0.499,2.735
-2.296,2.589
-2.396,2.565
-2.553,2.672
3.047,2.394
2.425,2.688
1.89,2.497
-0.566,1.841
-0.716,2.064
-0.716,-0.654
-0.883,2.206
2.568,1.077
2.02,1.86
1.885,1.864
-2.287,-0.448
-2.804,-0.417
2.323,1.085
2.327,1.19
1.3,0.707
1.313,1.511
1.156,0.674
1.161,1.677
0.1,-0.675
0.101,0.332
-2.267,0.484
0.202,2.488
2.271,-1.423
2.143,2.59
-0.044,-0.981
-0.025,-0.519
-0.075,0.131
-0.161,0.281
-0.085,0.139
-0.252,-3.376
-0.206,-0.611
-0.232,-0.715
-0.274,-1.903
-0.276,-0.348
-0.318,-1.88
-0.414,0.034
-0.498,-1.361
-0.459,-1.517
-0.514,-1.466
-0.621,-2.81
-0.678,-0.482
-0.643,-1.987
-0.623,-1.75
-0.625,-0.33
-0.769,-1.032
-0.743,-0.442
-0.79,-2.176
-0.865,-2.226
-0.83,0.006
-0.857,-0.284
-0.986,-1.491
-0.972,-1.544
-1.064,-2.249
-1.109,-2.956
-1.158,-2.227
-1.45,-3.19
-1.449,-1.25
-1.59,-1.755
-1.581,-1.379
-1.567,-1.094
-1.725,-3.209
-1.824,-2.459
-1.887,-1.143
-1.904,-0.418
-1.921,-2.209
-2.002,0.148
-2.073,-1.128
-2.035,-2.623
-2.043,-3.43
-2.187,-0.663
-2.203,-0.53
-2.26,-2.804
-2.253,-1.865
-2.222,-2.595
-2.284,-1.374
-2.276,-0.461
-2.281,-2.964
-2.323,-1.923
-2.365,-2.267
-2.394,-3.196
-2.42,-2.264
-2.453,-2.552
-2.456,-2.521
-2.38,-3.504
-2.43,-2.492
-2.492,-0.662
-2.539,-3.35
-2.569,-3.585
-2.531,-1.943
-2.582,-1.719
-2.606,-1.803
-2.541,-3.045
-2.572,-1.2
-2.567,-3.411
-2.576,0.048
-2.674,-0.162
-2.687,0.285
-2.674,-3.379
-2.771,-1.782
-2.73,0.181
-2.764,-1.231
-2.819,-0.014
-2.82,-0.415
-2.845,-3.403
-2.84,-1.21
-2.795,-1.516
-2.883,-1.869
-2.944,-2.391
-2.887,-2.265
-2.948,-0.341
-3.045,-0.766
-2.988,-2.668
-3.067,-1.744
-3.115,-0.895
3.074,-1.445
-3.141,-3.487
3.092,-2.34
3.051,-0.202
2.975,-1.734
2.933,-3.252
2.932,-1.567
2.962,-3.036
2.969,-3.069
2.797,-0.887
2.826,-1.462
2.741,-1.368
2.734,-3.08
2.744,-1.997
2.689,-2.357
2.52,0.244
2.578,-3.187
2.516,-3.307
2.446,-3.553
2.511,0.188
2.4,-2.651
2.368,0.328
2.369,-2.122
2.339,-2.295
2.174,0.353
2.069,-2.086
2.13,-3.134
2.098,-2.373
2.065,-2.598
1.921,-3.317
1.864,-1.76
1.779,0.073
1.743,0.372
1.738,-2.149
1.628,-0.914
1.66,-3.069
1.597,-2.797
1.607,-3.518
1.603,-0.256
1.545,-0.041
1.558,0.32
1.37,-3.511
1.112,-2.905
1.02,-2.621
1.015,-1.035
1.03,-1.461
1.007,0.236
0.998,-0.987
0.933,0.22
0.969,-2.709
0.97,-0.845
0.899,-1.044
0.814,-1.738
0.813,-0.358
0.759,-1.71
0.761,-3.218
0.741,-0.129
0.754,-1.931
0.691,-1.943
0.664,-1.49
0.346,-3.951
-0.202,-3.603
-0.231,-3.708
-0.219,-3.622
-0.393,-4.005
-1.91,-3.526
-2.236,-3.748
-2.454,-3.675
-2.736,-3.667
-3.002,-3.986
3.073,-3.904
3.004,-3.964
2.661,-3.728
2.558,-3.774
2.462,-4.076
1.908,-3.758
1.557,-3.802
1.431,-3.832
1.228,-3.935
1.281,-3.705
1.16,-3.964
0.734,-3.947
0.55,0.407
0.545,0.573
0.041,0.772
-0.398,0.702
-0.577,0.522
-1.472,0.846
-1.774,0.549
-1.765,0.746
-1.847,0.822
-1.974,0.862
-2.124,0.464
-2.053,0.527
-2.307,0.761
-2.379,0.891
-2.492,0.786
-2.578,0.47
-2.865,0.879
3.073,0.66
2.788,0.808
2.153,0.545
1.828,0.617
1.767,0.652
1.412,0.508
1.042,0.833
1.053,0.774
0.79,0.705
-0.097,-2.532
-0.592,-2.024
-1.234,-0.003
-2.215,-2.931
2.75,-0.947
2.042,0.036
-1.992,-3.95
0.47,0.734
0.685,0.306
0.532,-1.471
0.445,0.318
0.318,-0.022
0.398,-3.127
0.41,-1.279
0.168,-1.504
0.151,-0.121
0.098,0.431
-0.032,-2.496
-0.142,-1.243
-0.056,-1.739
-0.06,-1.13
-0.108,-0.807
-0.176,-1.517
-0.203,-1.132
-0.262,-0.625
-0.356,-0.481
-0.552,0.285
-0.576,-0.002
-0.496,0.177
-0.56,-2.707
-0.767,-0.073
-0.915,-1.213
-1.0,-2.292
-1.044,-3.34
-0.917,-3.115
-1.134,-3.465
-1.142,-2.528
-1.155,-2.475
-1.048,-0.528
-1.087,-1.588
-1.191,-1.943
-1.266,-2.104
-1.258,-0.512
-1.267,-3.556
-1.466,-2.301
-1.354,-2.087
-1.393,-2.601
-1.577,0.318
-1.523,-1.918
-1.591,0.408
-1.838,0.147
-1.997,-1.543
-2.037,-2.31
-2.183,-3.336
-2.104,-2.098
-2.296,-1.489
-2.214,-3.418
-2.235,-2.276
-2.396,-2.023
-2.324,-1.931
-2.432,-0.015
-2.441,-3.081
-2.454,-0.29
-2.483,-1.472
-2.549,-2.034
-2.538,-2.548
-2.507,-1.393
-2.584,-0.698
-2.977,-1.797
-2.949,-1.827
-3.053,-2.443
-2.987,-3.136
-3.011,-0.218
3.056,-0.101
-3.132,-3.536
3.015,-3.063
3.005,-3.243
3.075,-0.866
3.077,0.157
2.887,0.013
2.969,-0.302
2.796,-1.954
2.778,-3.226
2.797,-2.118
2.77,-1.344
2.641,0.37
2.592,-0.104
2.711,-1.516
2.574,-2.318
2.549,-2.523
2.468,0.187
2.087,0.462
2.094,-2.593
1.787,-2.314
1.858,-1.032
1.769,-1.479
1.552,-0.045
1.661,-2.601
1.456,-2.311
1.436,-2.354
0.985,-1.461
1.057,-1.08
0.879,-0.582
0.868,-0.184
0.915,-2.041
0.707,-0.645
0.87,-2.888
0.628,-2.798
0.626,-3.463
0.148,-3.674
-0.427,-3.823
-0.555,-3.716
-1.062,-3.748
-1.642,-3.889
-1.652,-3.852
-2.015,-3.575
-2.724,-3.783
-2.884,-3.922
-2.824,-3.821
-3.048,-3.759
3.056,-3.908
2.767,-3.933
2.463,-3.72
2.088,-3.882
1.841,-3.685
1.453,-3.791
1.062,-3.86
0.639,0.619
0.483,0.798
0.41,0.796
0.506,0.794
0.468,0.719
-0.44,0.748
-2.237,0.602
-2.337,0.578
-2.494,0.685
3.106,0.407
2.484,0.701
1.949,0.51
-0.507,-0.146
-0.657,0.077
-0.657,-2.641
-0.824,0.219
2.627,-0.91
2.079,-0.127
1.944,-0.123
-2.228,-2.435
-2.745,-2.404
2.382,-0.902
2.386,-0.797
1.359,-1.28
1.372,-0.476
1.215,-1.313
1.22,-0.31
0.159,-2.662
0.16,-1.655
-2.208,-1.503
0.261,0.501
2.33,-3.41
2.202,0.603
0.019,0.462
-0.031,1.112
-0.117,1.262
-0.041,1.12
-0.208,-2.395
-0.162,0.37
-0.188,0.266
-0.23,-0.922
-0.232,0.633
-0.274,-0.899
-0.37,1.015
-0.454,-0.38
-0.415,-0.536
-0.47,-0.485
-0.577,-1.829
-0.634,0.499
-0.599,-1.006
-0.579,-0.769
-0.581,0.651
-0.725,-0.051
-0.699,0.539
-0.746,-1.195
-0.821,-1.245
-0.786,0.987
-0.813,0.697
-0.942,-0.51
-0.928,-0.563
-1.02,-1.268
-1.065,-1.975
-1.114,-1.246
-1.406,-2.209
-1.405,-0.269
-1.546,-0.774
-1.537,-0.398
-1.523,-0.113
-1.681,-2.228
-1.78,-1.478
-1.843,-0.162
-1.86,0.563
-1.877,-1.228
-1.958,1.129
-2.029,-0.147
-1.991,-1.642
-1.999,-2.449
-2.143,0.318
-2.159,0.451
-2.216,-1.823
-2.209,-0.884
-2.178,-1.614
-2.24,-0.393
-2.232,0.52
-2.237,-1.983
-2.279,-0.942
-2.321,-1.286
-2.35,-2.215
-2.376,-1.283
-2.409,-1.571
-2.412,-1.54
-2.336,-2.523
-2.386,-1.511
-2.448,0.319
-2.495,-2.369
-2.525,-2.604
-2.487,-0.962
-2.538,-0.738
-2.562,-0.822
-2.497,-2.064
-2.528,-0.219
-2.523,-2.43
-2.532,1.029
-2.63,0.819
-2.643,1.266
-2.63,-2.398
-2.727,-0.801
-2.686,1.162
-2.72,-0.25
-2.775,0.967
-2.776,0.566
-2.801,-2.422
-2.796,-0.229
-2.751,-0.535
-2.839,-0.888
-2.9,-1.41
-2.843,-1.284
-2.904,0.64
-3.001,0.215
-2.944,-1.687
-3.023,-0.763
-3.071,0.086
3.118,-0.464
-3.097,-2.506
3.136,-1.359
3.095,0.779
3.019,-0.753
2.977,-2.271
2.976,-0.586
3.006,-2.055
3.013,-2.088
2.841,0.094
2.87,-0.481
2.785,-0.387
2.778,-2.099
2.788,-1.016
2.733,-1.376
2.564,1.225
2.622,-2.206
2.56,-2.326
2.49,-2.572
2.555,1.169
2.444,-1.67
2.412,1.309
2.413,-1.141
2.383,-1.314
2.218,1.334
2.113,-1.105
2.174,-2.153
2.142,-1.392
2.109,-1.617
1.965,-2.336
1.908,-0.779
1.823,1.054
1.787,1.353
1.782,-1.168
1.672,0.067
1.704,-2.088
1.641,-1.816
1.651,-2.537
1.647,0.725
1.589,0.94
1.602,1.301
1.414,-2.53
1.156,-1.924
1.064,-1.64
1.059,-0.054
1.074,-0.48
1.051,1.217
1.042,-0.006
0.977,1.201
1.013,-1.728
1.014,0.136
0.943,-0.063
0.858,-0.757
0.857,0.623
0.803,-0.729
0.805,-2.237
0.785,0.852
0.798,-0.95
0.735,-0.962
0.708,-0.509
0.39,-2.97
-0.158,-2.622
-0.187,-2.727
-0.175,-2.641
-0.349,-3.024
-1.866,-2.545
-2.192,-2.767
-2.41,-2.694
-2.692,-2.686
-2.958,-3.005
3.117,-2.923
3.048,-2.983
2.705,-2.747
2.602,-2.793
2.506,-3.095
1.952,-2.777
1.601,-2.821
1.475,-2.851
1.272,-2.954
1.325,-2.724
1.204,-2.983
0.778,-2.966
0.594,1.388
0.589,1.554
0.085,1.753
-0.354,1.683
-0.533,1.503
-1.428,1.827
-1.73,1.53
-1.721,1.727
-1.803,1.803
-1.93,1.843
-2.08,1.445
-2.009,1.508
-2.263,1.742
-2.335,1.872
-2.448,1.767
-2.534,1.451
-2.821,1.86
3.117,1.641
2.832,1.789
2.197,1.526
1.872,1.598
1.811,1.633
1.456,1.489
1.086,1.814
1.097,1.755
0.834,1.686
-0.053,-1.551
-0.548,-1.043
-1.19,0.978
-2.171,-1.95
2.794,0.034
2.086,1.017
-1.948,-2.969
0.514,1.715
0.729,1.287
0.576,-0.49
0.489,1.299
0.362,0.959
0.442,-2.146
0.454,-0.298
0.212,-0.523
0.195,0.86
0.142,1.412
0.012,-1.515
-0.098,-0.262
-0.012,-0.758
-0.016,-0.149
-0.064,0.174
-0.132,-0.536
-0.159,-0.151
-0.218,0.356
-0.312,0.5
-0.508,1.266
-0.532,0.979
-0.452,1.158
-0.516,-1.726
-0.723,0.908
-0.871,-0.232
-0.956,-1.311
-1.0,-2.359
-0.873,-2.134
-1.09,-2.484
-1.098,-1.547
-1.111,-1.494
-1.004,0.453
-1.043,-0.607
-1.147,-0.962
-1.222,-1.123
-1.214,0.469
-1.223,-2.575
-1.422,-1.32
-1.31,-1.106
-1.349,-1.62
-1.533,1.299
-1.479,-0.937
-1.547,1.389
-1.794,1.128
-1.953,-0.562
-1.993,-1.329
-2.139,-2.355
-2.06,-1.117
-2.252,-0.508
-2.17,-2.437
-2.191,-1.295
-2.352,-1.042
-2.28,-0.95
-2.388,0.966
-2.397,-2.1
-2.41,0.691
-2.439,-0.491
-2.505,-1.053
-2.494,-1.567
-2.463,-0.412
-2.54,0.283
-2.933,-0.816
-2.905,-0.846
-3.009,-1.462
-2.943,-2.155
-2.967,0.763
3.1,0.88
-3.088,-2.555
3.059,-2.082
3.049,-2.262
3.119,0.115
3.121,1.138
2.931,0.994
3.013,0.679
2.84,-0.973
2.822,-2.245
2.841,-1.137
2.814,-0.363
2.685,1.351
2.636,0.877
2.755,-0.535
2.618,-1.337
2.593,-1.542
2.512,1.168
2.131,1.443
2.138,-1.612
1.831,-1.333
1.902,-0.051
1.813,-0.498
1.596,0.936
1.705,-1.62
1.5,-1.33
1.48,-1.373
1.029,-0.48
1.101,-0.099
0.923,0.399
0.912,0.797
0.959,-1.06
0.751,0.336
0.914,-1.907
0.672,-1.817
0.67,-2.482
0.192,-2.693
-0.383,-2.842
-0.511,-2.735
-1.018,-2.767
-1.598,-2.908
-1.608,-2.871
-1.971,-2.594
-2.68,-2.802
-2.84,-2.941
-2.78,-2.84
-3.004,-2.778
3.1,-2.927
2.811,-2.952
2.507,-2.739
2.132,-2.901
1.885,-2.704
1.497,-2.81
1.106,-2.879
0.683,1.6
0.527,1.779
0.454,1.777
0.55,1.775
0.512,1.7
-0.396,1.729
-2.193,1.583
-2.293,1.559
-2.45,1.666
-3.133,1.388
2.528,1.682
1.993,1.491
-0.463,0.835
-0.613,1.058
-0.613,-1.66
-0.78,1.2
2.671,0.071
2.123,0.854
1.988,0.858
-2.184,-1.454
-2.701,-1.423
2.426,0.079
2.43,0.184
1.403,-0.299
1.416,0.505
1.259,-0.332
1.264,0.671
0.203,-1.681
0.204,-0.674
-2.164,-0.522
0.305,1.482
2.374,-2.429
2.246,1.584
-0.05,0.65
-0.136,0.8
-0.06,0.658
-0.227,-2.857
-0.181,-0.092
-0.207,-0.196
-0.249,-1.384
-0.251,0.171
-0.293,-1.361
-0.389,0.553
-0.473,-0.842
-0.434,-0.998
-0.489,-0.947
-0.596,-2.291
-0.653,0.037
-0.618,-1.468
-0.598,-1.231
-0.6,0.189
-0.744,-0.513
-0.718,0.077
-0.765,-1.657
-0.84,-1.707
-0.805,0.525
-0.832,0.235
-0.961,-0.972
-0.947,-1.025
-1.039,-1.73
-1.084,-2.437
-1.133,-1.708
-1.425,-2.671
-1.424,-0.731
-1.565,-1.236
-1.556,-0.86
-1.542,-0.575
-1.7,-2.69
-1.799,-1.94
-1.862,-0.624
-1.879,0.101
-1.896,-1.69
-1.977,0.667
-2.048,-0.609
-2.01,-2.104
-2.018,-2.911
-2.162,-0.144
-2.178,-0.011
-2.235,-2.285
-2.228,-1.346
-2.197,-2.076
-2.259,-0.855
-2.251,0.058
-2.256,-2.445
-2.298,-1.404
-2.34,-1.748
-2.369,-2.677
-2.395,-1.745
-2.428,-2.033
-2.431,-2.002
-2.355,-2.985
-2.405,-1.973
-2.467,-0.143
-2.514,-2.831
-2.544,-3.066
-2.506,-1.424
-2.557,-1.2
-2.581,-1.284
-2.516,-2.526
-2.547,-0.681
-2.542,-2.892
-2.551,0.567
-2.649,0.357
-2.662,0.804
-2.649,-2.86
-2.746,-1.263
-2.705,0.7
-2.739,-0.712
-2.794,0.505
-2.795,0.104
-2.82,-2.884
-2.815,-0.691
-2.77,-0.997
-2.858,-1.35
-2.919,-1.872
-2.862,-1.746
-2.923,0.178
-3.02,-0.247
-2.963,-2.149
-3.042,-1.225
-3.09,-0.376
3.099,-0.926
-3.116,-2.968
3.117,-1.821
3.076,0.317
3.0,-1.215
2.958,-2.733
2.957,-1.048
2.987,-2.517
2.994,-2.55
2.822,-0.368
2.851,-0.943
2.766,-0.849
2.759,-2.561
2.769,-1.478
2.714,-1.838
2.545,0.763
2.603,-2.668
2.541,-2.788
2.471,-3.034
2.536,0.707
2.425,-2.132
2.393,0.847
2.394,-1.603
2.364,-1.776
2.199,0.872
2.094,-1.567
2.155,-2.615
2.123,-1.854
2.09,-2.079
1.946,-2.798
1.889,-1.241
1.804,0.592
1.768,0.891
1.763,-1.63
1.653,-0.395
1.685,-2.55
1.622,-2.278
1.632,-2.999
1.628,0.263
1.57,0.478
1.583,0.839
1.395,-2.992
1.137,-2.386
1.045,-2.102
1.04,-0.516
1.055,-0.942
1.032,0.755
1.023,-0.468
0.958,0.739
0.994,-2.19
0.995,-0.326
0.924,-0.525
0.839,-1.219
0.838,0.161
0.784,-1.191
0.786,-2.699
0.766,0.39
0.779,-1.412
0.716,-1.424
0.689,-0.971
0.371,-3.432
-0.177,-3.084
-0.206,-3.189
-0.194,-3.103
-0.368,-3.486
-1.885,-3.007
-2.211,-3.229
-2.429,-3.156
-2.711,-3.148
-2.977,-3.467
3.098,-3.385
3.029,-3.445
2.686,-3.209
2.583,-3.255
2.487,-3.557
1.933,-3.239
1.582,-3.283
1.456,-3.313
1.253,-3.416
1.306,-3.186
1.185,-3.445
0.759,-3.428
0.575,0.926
0.57,1.092
0.066,1.291
-0.373,1.221
-0.552,1.041
-1.447,1.365
-1.749,1.068
-1.74,1.265
-1.822,1.341
-1.949,1.381
-2.099,0.983
-2.028,1.046
-2.282,1.28
-2.354,1.41
-2.467,1.305
-2.553,0.989
-2.84,1.398
3.098,1.179
2.813,1.327
2.178,1.064
1.853,1.136
1.792,1.171
1.437,1.027
1.067,1.352
1.078,1.293
0.815,1.224
-0.072,-2.013
-0.567,-1.505
-1.209,0.516
-2.19,-2.412
2.775,-0.428
2.067,0.555
-1.967,-3.431
0.495,1.253
0.71,0.825
0.557,-0.952
0.47,0.837
0.343,0.497
0.423,-2.608
0.435,-0.76
0.193,-0.985
0.176,0.398
0.123,0.95
-0.007,-1.977
-0.117,-0.724
-0.031,-1.22
-0.035,-0.611
-0.083,-0.288
-0.151,-0.998
-0.178,-0.613
-0.237,-0.106
-0.331,0.038
-0.527,0.804
-0.551,0.517
-0.471,0.696
-0.535,-2.188
-0.742,0.446
-0.89,-0.694
-0.975,-1.773
-1.019,-2.821
-0.892,-2.596
-1.109,-2.946
-1.117,-2.009
-1.13,-1.956
-1.023,-0.009
-1.062,-1.069
-1.166,-1.424
-1.241,-1.585
-1.233,0.007
-1.242,-3.037
-1.441,-1.782
-1.329,-1.568
-1.368,-2.082
-1.552,0.837
-1.498,-1.399
-1.566,0.927
-1.813,0.666
-1.972,-1.024
-2.012,-1.791
-2.158,-2.817
-2.079,-1.579
-2.271,-0.97
-2.189,-2.899
-2.21,-1.757
-2.371,-1.504
-2.299,-1.412
-2.407,0.504
-2.416,-2.562
-2.429,0.229
-2.458,-0.953
-2.524,-1.515
-2.513,-2.029
-2.482,-0.874
-2.559,-0.179
-2.952,-1.278
-2.924,-1.308
-3.028,-1.924
-2.962,-2.617
-2.986,0.301
3.081,0.418
-3.107,-3.017
3.04,-2.544
3.03,-2.724
3.1,-0.347
3.102,0.676
2.912,0.532
2.994,0.217
2.821,-1.435
2.803,-2.707
2.822,-1.599
2.795,-0.825
2.666,0.889
2.617,0.415
2.736,-0.997
2.599,-1.799
2.574,-2.004
2.493,0.706
2.112,0.981
2.119,-2.074
1.812,-1.795
1.883,-0.513
1.794,-0.96
1.577,0.474
1.686,-2.082
1.481,-1.792
1.461,-1.835
1.01,-0.942
1.082,-0.561
0.904,-0.063
0.893,0.335
0.94,-1.522
0.732,-0.126
0.895,-2.369
0.653,-2.279
0.651,-2.944
0.173,-3.155
-0.402,-3.304
-0.53,-3.197
-1.037,-3.229
-1.617,-3.37
-1.627,-3.333
-1.99,-3.056
-2.699,-3.264
-2.859,-3.403
-2.799,-3.302
-3.023,-3.24
3.081,-3.389
2.792,-3.414
2.488,-3.201
2.113,-3.363
1.866,-3.166
1.478,-3.272
1.087,-3.341
0.664,1.138
0.508,1.317
0.435,1.315
0.531,1.313
0.493,1.238
-0.415,1.267
-2.212,1.121
-2.312,1.097
-2.469,1.204
3.131,0.926
2.509,1.22
1.974,1.029
-0.482,0.373
-0.632,0.596
-0.632,-2.122
-0.799,0.738
2.652,-0.391
2.104,0.392
1.969,0.396
-2.203,-1.916
-2.72,-1.885
2.407,-0.383
2.411,-0.278
1.384,-0.761
1.397,0.043
1.24,-0.794
1.245,0.209
0.184,-2.143
0.185,-1.136
-2.183,-0.984
0.286,1.02
2.355,-2.891
2.227,1.122
-0.086,0.15
-0.01,0.008
-0.177,-3.507
-0.131,-0.742
-0.157,-0.846
-0.199,-2.034
-0.201,-0.479
-0.243,-2.011
-0.339,-0.097
-0.423,-1.492
-0.384,-1.648
-0.439,-1.597
-0.546,-2.941
-0.603,-0.613
-0.568,-2.118
-0.548,-1.881
-0.55,-0.461
-0.694,-1.163
-0.668,-0.573
-0.715,-2.307
-0.79,-2.357
-0.755,-0.125
-0.782,-0.415
-0.911,-1.622
-0.897,-1.675
-0.989,-2.38
-1.034,-3.087
-1.083,-2.358
-1.375,-3.321
-1.374,-1.381
-1.515,-1.886
-1.506,-1.51
-1.492,-1.225
-1.65,-3.34
-1.749,-2.59
-1.812,-1.274
-1.829,-0.549
-1.846,-2.34
-1.927,0.017
-1.998,-1.259
-1.96,-2.754
-1.968,-3.561
-2.112,-0.794
-2.128,-0.661
-2.185,-2.935
-2.178,-1.996
-2.147,-2.726
-2.209,-1.505
-2.201,-0.592
-2.206,-3.095
-2.248,-2.054
-2.29,-2.398
-2.319,-3.327
-2.345,-2.395
-2.378,-2.683
-2.381,-2.652
-2.305,-3.635
-2.355,-2.623
-2.417,-0.793
-2.464,-3.481
-2.494,-3.716
-2.456,-2.074
-2.507,-1.85
-2.531,-1.934
-2.466,-3.176
-2.497,-1.331
-2.492,-3.542
-2.501,-0.083
-2.599,-0.293
-2.612,0.154
-2.599,-3.51
-2.696,-1.913
-2.655,0.05
-2.689,-1.362
-2.744,-0.145
-2.745,-0.546
-2.77,-3.534
-2.765,-1.341
-2.72,-1.647
-2.808,-2.0
-2.869,-2.522
-2.812,-2.396
-2.873,-0.472
-2.97,-0.897
-2.913,-2.799
-2.992,-1.875
-3.04,-1.026
-3.134,-1.576
-3.066,-3.618
-3.116,-2.471
3.126,-0.333
3.05,-1.865
3.008,-3.383
3.007,-1.698
3.037,-3.167
3.044,-3.2
2.872,-1.018
2.901,-1.593
2.816,-1.499
2.809,-3.211
2.819,-2.128
2.764,-2.488
2.595,0.113
2.653,-3.318
2.591,-3.438
2.521,-3.684
2.586,0.057
2.475,-2.782
2.443,0.197
2.444,-2.253
2.414,-2.426
2.249,0.222
2.144,-2.217
2.205,-3.265
2.173,-2.504
2.14,-2.729
1.996,-3.448
1.939,-1.891
1.854,-0.058
1.818,0.241
1.813,-2.28
1.703,-1.045
1.735,-3.2
1.672,-2.928
1.682,-3.649
1.678,-0.387
1.62,-0.172
1.633,0.189
1.445,-3.642
1.187,-3.036
1.095,-2.752
1.09,-1.166
1.105,-1.592
1.082,0.105
1.073,-1.118
1.008,0.089
1.044,-2.84
1.045,-0.976
0.974,-1.175
0.889,-1.869
0.888,-0.489
0.834,-1.841
0.836,-3.349
0.816,-0.26
0.829,-2.062
0.766,-2.074
0.739,-1.621
0.421,-4.082
-0.127,-3.734
-0.156,-3.839
-0.144,-3.753
-0.318,-4.136
-1.835,-3.657
-2.161,-3.879
-2.379,-3.806
-2.661,-3.798
-2.927,-4.117
-3.135,-4.035
3.079,-4.095
2.736,-3.859
2.633,-3.905
2.537,-4.207
1.983,-3.889
1.632,-3.933
1.506,-3.963
1.303,-4.066
1.356,-3.836
1.235,-4.095
0.809,-4.078
0.625,0.276
0.62,0.442
0.116,0.641
-0.323,0.571
-0.502,0.391
-1.397,0.715
-1.699,0.418
-1.69,0.615
-1.772,0.691
-1.899,0.731
-2.049,0.333
-1.978,0.396
-2.232,0.63
-2.304,0.76
-2.417,0.655
-2.503,0.339
-2.79,0.748
-3.135,0.529
2.863,0.677
2.228,0.414
1.903,0.486
1.842,0.521
1.487,0.377
1.117,0.702
1.128,0.643
0.865,0.574
-0.022,-2.663
-0.517,-2.155
-1.159,-0.134
-2.14,-3.062
2.825,-1.078
2.117,-0.095
-1.917,-4.081
0.545,0.603
0.76,0.175
0.607,-1.602
0.52,0.187
0.393,-0.153
0.473,-3.258
0.485,-1.41
0.243,-1.635
0.226,-0.252
0.173,0.3
0.043,-2.627
-0.067,-1.374
0.019,-1.87
0.015,-1.261
-0.033,-0.938
-0.101,-1.648
-0.128,-1.263
-0.187,-0.756
-0.281,-0.612
-0.477,0.154
-0.501,-0.133
-0.421,0.046
-0.485,-2.838
-0.692,-0.204
-0.84,-1.344
-0.925,-2.423
-0.969,-3.471
-0.842,-3.246
-1.059,-3.596
-1.067,-2.659
-1.08,-2.606
-0.973,-0.659
-1.012,-1.719
-1.116,-2.074
-1.191,-2.235
-1.183,-0.643
-1.192,-3.687
-1.391,-2.432
-1.279,-2.218
-1.318,-2.732
-1.502,0.187
-1.448,-2.049
-1.516,0.277
-1.763,0.016
-1.922,-1.674
-1.962,-2.441
-2.108,-3.467
-2.029,-2.229
-2.221,-1.62
-2.139,-3.549
-2.16,-2.407
-2.321,-2.154
-2.249,-2.062
-2.357,-0.146
-2.366,-3.212
-2.379,-0.421
-2.408,-1.603
-2.474,-2.165
-2.463,-2.679
-2.432,-1.524
-2.509,-0.829
-2.902,-1.928
-2.874,-1.958
-2.978,-2.574
-2.912,-3.267
-2.936,-0.349
3.131,-0.232
-3.057,-3.667
3.09,-3.194
3.08,-3.374
-3.133,-0.997
-3.131,0.026
2.962,-0.118
3.044,-0.433
2.871,-2.085
2.853,-3.357
2.872,-2.249
2.845,-1.475
2.716,0.239
2.667,-0.235
2.786,-1.647
2.649,-2.449
2.624,-2.654
2.543,0.056
2.162,0.331
2.169,-2.724
1.862,-2.445
1.933,-1.163
1.844,-1.61
1.627,-0.176
1.736,-2.732
1.531,-2.442
1.511,-2.485
1.06,-1.592
1.132,-1.211
0.954,-0.713
0.943,-0.315
0.99,-2.172
0.782,-0.776
0.945,-3.019
0.703,-2.929
0.701,-3.594
0.223,-3.805
-0.352,-3.954
-0.48,-3.847
-0.987,-3.879
-1.567,-4.02
-1.577,-3.983
-1.94,-3.706
-2.649,-3.914
-2.809,-4.053
-2.749,-3.952
-2.973,-3.89
3.131,-4.039
2.842,-4.064
2.538,-3.851
2.163,-4.013
1.916,-3.816
1.528,-3.922
1.137,-3.991
0.714,0.488
0.558,0.667
0.485,0.665
0.581,0.663
0.543,0.588
-0.365,0.617
-2.162,0.471
-2.262,0.447
-2.419,0.554
-3.102,0.276
2.559,0.57
2.024,0.379
-0.432,-0.277
-0.582,-0.054
-0.582,-2.772
-0.749,0.088
2.702,-1.041
2.154,-0.258
2.019,-0.254
-2.153,-2.566
-2.67,-2.535
2.457,-1.033
2.461,-0.928
1.434,-1.411
1.447,-0.607
1.29,-1.444
1.295,-0.441
0.234,-2.793
0.235,-1.786
-2.133,-1.634
0.336,0.37
2.405,-3.541
2.277,0.472
0.076,-0.142
-0.091,-3.657
-0.045,-0.892
-0.071,-0.996
-0.113,-2.184
-0.115,-0.629
-0.157,-2.161
-0.253,-0.247
-0.337,-1.642
-0.298,-1.798
-0.353,-1.747
-0.46,-3.091
-0.517,-0.763
-0.482,-2.268
-0.462,-2.031
-0.464,-0.611
-0.608,-1.313
-0.582,-0.723
-0.629,-2.457
-0.704,-2.507
-0.669,-0.275
-0.696,-0.565
-0.825,-1.772
-0.811,-1.825
-0.903,-2.53
-0.948,-3.237
-0.997,-2.508
-1.289,-3.471
-1.288,-1.531
-1.429,-2.036
-1.42,-1.66
-1.406,-1.375
-1.564,-3.49
-1.663,-2.74
-1.726,-1.424
-1.743,-0.699
-1.76,-2.49
-1.841,-0.133
-1.912,-1.409
-1.874,-2.904
-1.882,-3.711
-2.026,-0.944
-2.042,-0.811
-2.099,-3.085
-2.092,-2.146
-2.061,-2.876
-2.123,-1.655
-2.115,-0.742
-2.12,-3.245
-2.162,-2.204
-2.204,-2.548
-2.233,-3.477
-2.259,-2.545
-2.292,-2.833
-2.295,-2.802
-2.219,-3.785
-2.269,-2.773
-2.331,-0.943
-2.378,-3.631
-2.408,-3.866
-2.37,-2.224
-2.421,-2.0
-2.445,-2.084
-2.38,-3.326
-2.411,-1.481
-2.406,-3.692
-2.415,-0.233
-2.513,-0.443
-2.526,0.004
-2.513,-3.66
-2.61,-2.063
-2.569,-0.1
-2.603,-1.512
-2.658,-0.295
-2.659,-0.696
-2.684,-3.684
-2.679,-1.491
-2.634,-1.797
-2.722,-2.15
-2.783,-2.672
-2.726,-2.546
-2.787,-0.622
-2.884,-1.047
-2.827,-2.949
-2.906,-2.025
-2.954,-1.176
-3.048,-1.726
-2.98,-3.768
-3.03,-2.621
-3.071,-0.483
3.136,-2.015
3.094,-3.533
3.093,-1.848
3.123,-3.317
3.13,-3.35
2.958,-1.168
2.987,-1.743
2.902,-1.649
2.895,-3.361
2.905,-2.278
2.85,-2.638
2.681,-0.037
2.739,-3.468
2.677,-3.588
2.607,-3.834
2.672,-0.093
2.561,-2.932
2.529,0.047
2.53,-2.403
2.5,-2.576
2.335,0.072
2.23,-2.367
2.291,-3.415
2.259,-2.654
2.226,-2.879
2.082,-3.598
2.025,-2.041
1.94,-0.208
1.904,0.091
1.899,-2.43
1.789,-1.195
1.821,-3.35
1.758,-3.078
1.768,-3.799
1.764,-0.537
1.706,-0.322
1.719,0.039
1.531,-3.792
1.273,-3.186
1.181,-2.902
1.176,-1.316
1.191,-1.742
1.168,-0.045
1.159,-1.268
1.094,-0.061
1.13,-2.99
1.131,-1.126
1.06,-1.325
0.975,-2.019
0.974,-0.639
0.92,-1.991
0.922,-3.499
0.902,-0.41
0.915,-2.212
0.852,-2.224
0.825,-1.771
0.507,-4.232
-0.041,-3.884
-0.07,-3.989
-0.058,-3.903
-0.232,-4.286
-1.749,-3.807
-2.075,-4.029
-2.293,-3.956
-2.575,-3.948
-2.841,-4.267
-3.049,-4.185
-3.118,-4.245
2.822,-4.009
2.719,-4.055
2.623,-4.357
2.069,-4.039
1.718,-4.083
1.592,-4.113
1.389,-4.216
1.442,-3.986
1.321,-4.245
0.895,-4.228
0.711,0.126
0.706,0.292
0.202,0.491
-0.237,0.421
-0.416,0.241
-1.311,0.565
-1.613,0.268
-1.604,0.465
-1.686,0.541
-1.813,0.581
-1.963,0.183
-1.892,0.246
-2.146,0.48
-2.218,0.61
-2.331,0.505
-2.417,0.189
-2.704,0.598
-3.049,0.379
2.949,0.527
2.314,0.264
1.989,0.336
1.928,0.371
1.573,0.227
1.203,0.552
1.214,0.493
0.951,0.424
0.064,-2.813
-0.431,-2.305
-1.073,-0.284
-2.054,-3.212
2.911,-1.228
2.203,-0.245
-1.831,-4.231
0.631,0.453
0.846,0.025
0.693,-1.752
0.606,0.037
0.479,-0.303
0.559,-3.408
0.571,-1.56
0.329,-1.785
0.312,-0.402
0.259,0.15
0.129,-2.777
0.019,-1.524
0.105,-2.02
0.101,-1.411
0.053,-1.088
-0.015,-1.798
-0.042,-1.413
-0.101,-0.906
-0.195,-0.762
-0.391,0.004
-0.415,-0.283
-0.335,-0.104
-0.399,-2.988
-0.606,-0.354
-0.754,-1.494
-0.839,-2.573
-0.883,-3.621
-0.756,-3.396
-0.973,-3.746
-0.981,-2.809
-0.994,-2.756
-0.887,-0.809
-0.926,-1.869
-1.03,-2.224
-1.105,-2.385
-1.097,-0.793
-1.106,-3.837
-1.305,-2.582
-1.193,-2.368
-1.232,-2.882
-1.416,0.037
-1.362,-2.199
-1.43,0.127
-1.677,-0.134
-1.836,-1.824
-1.876,-2.591
-2.022,-3.617
-1.943,-2.379
-2.135,-1.77
-2.053,-3.699
-2.074,-2.557
-2.235,-2.304
-2.163,-2.212
-2.271,-0.296
-2.28,-3.362
-2.293,-0.571
-2.322,-1.753
-2.388,-2.315
-2.377,-2.829
-2.346,-1.674
-2.423,-0.979
-2.816,-2.078
-2.788,-2.108
-2.892,-2.724
-2.826,-3.417
-2.85,-0.499
-3.066,-0.382
-2.971,-3.817
-3.107,-3.344
-3.117,-3.524
-3.047,-1.147
-3.045,-0.124
3.048,-0.268
3.13,-0.583
2.957,-2.235
2.939,-3.507
2.958,-2.399
2.931,-1.625
2.802,0.089
2.753,-0.385
2.872,-1.797
2.735,-2.599
2.71,-2.804
2.629,-0.094
2.248,0.181
2.255,-2.874
1.948,-2.595
2.019,-1.313
1.93,-1.76
1.713,-0.326
1.822,-2.882
1.617,-2.592
1.597,-2.635
1.146,-1.742
1.218,-1.361
1.04,-0.863
1.029,-0.465
1.076,-2.322
0.868,-0.926
1.031,-3.169
0.789,-3.079
0.787,-3.744
0.309,-3.955
-0.266,-4.104
-0.394,-3.997
-0.901,-4.029
-1.481,-4.17
-1.491,-4.133
-1.854,-3.856
-2.563,-4.064
-2.723,-4.203
-2.663,-4.102
-2.887,-4.04
-3.066,-4.189
2.928,-4.214
2.624,-4.001
2.249,-4.163
2.002,-3.966
1.614,-4.072
1.223,-4.141
0.8,0.338
0.644,0.517
0.571,0.515
0.667,0.513
0.629,0.438
-0.279,0.467
-2.076,0.321
-2.176,0.297
-2.333,0.404
-3.016,0.126
2.645,0.42
2.11,0.229
-0.346,-0.427
-0.496,-0.204
-0.496,-2.922
-0.663,-0.062
2.788,-1.191
2.24,-0.408
2.105,-0.404
-2.067,-2.716
-2.584,-2.685
2.543,-1.183
2.547,-1.078
1.52,-1.561
1.533,-0.757
1.376,-1.594
1.381,-0.591
0.32,-2.943
0.321,-1.936
-2.047,-1.784
0.422,0.22
2.491,-3.691
2.363,0.322
-0.167,-3.515
-0.121,-0.75
-0.147,-0.854
-0.189,-2.042
-0.191,-0.487
-0.233,-2.019
-0.329,-0.105
-0.413,-1.5
-0.374,-1.656
-0.429,-1.605
-0.536,-2.949
-0.593,-0.621
-0.558,-2.126
-0.538,-1.889
-0.54,-0.469
-0.684,-1.171
-0.658,-0.581
-0.705,-2.315
-0.78,-2.365
-0.745,-0.133
-0.772,-0.423
-0.901,-1.63
-0.887,-1.683
-0.979,-2.388
-1.024,-3.095
-1.073,-2.366
-1.365,-3.329
-1.364,-1.389
-1.505,-1.894
-1.496,-1.518
-1.482,-1.233
-1.64,-3.348
-1.739,-2.598
-1.802,-1.282
-1.819,-0.557
-1.836,-2.348
-1.917,0.009
-1.988,-1.267
-1.95,-2.762
-1.958,-3.569
-2.102,-0.802
-2.118,-0.669
-2.175,-2.943
-2.168,-2.004
-2.137,-2.734
-2.199,-1.513
-2.191,-0.6
-2.196,-3.103
-2.238,-2.062
-2.28,-2.406
-2.309,-3.335
-2.335,-2.403
-2.368,-2.691
-2.371,-2.66
-2.295,-3.643
-2.345,-2.631
-2.407,-0.801
-2.454,-3.489
-2.484,-3.724
-2.446,-2.082
-2.497,-1.858
-2.521,-1.942
-2.456,-3.184
-2.487,-1.339
-2.482,-3.55
-2.491,-0.091
-2.589,-0.301
-2.602,0.146
-2.589,-3.518
-2.686,-1.921
-2.645,0.042
-2.679,-1.37
-2.734,-0.153
-2.735,-0.554
-2.76,-3.542
-2.755,-1.349
-2.71,-1.655
-2.798,-2.008
-2.859,-2.53
-2.802,-2.404
-2.863,-0.48
-2.96,-0.905
-2.903,-2.807
-2.982,-1.883
-3.03,-1.034
-3.124,-1.584
-3.056,-3.626
-3.106,-2.479
3.136,-0.341
3.06,-1.873
3.018,-3.391
3.017,-1.706
3.047,-3.175
3.054,-3.208
2.882,-1.026
2.911,-1.601
2.826,-1.507
2.819,-3.219
2.829,-2.136
2.774,-2.496
2.605,0.105
2.663,-3.326
2.601,-3.446
2.531,-3.692
2.596,0.049
2.485,-2.79
2.453,0.189
2.454,-2.261
2.424,-2.434
2.259,0.214
2.154,-2.225
2.215,-3.273
2.183,-2.512
2.15,-2.737
2.006,-3.456
1.949,-1.899
1.864,-0.066
1.828,0.233
1.823,-2.288
1.713,-1.053
1.745,-3.208
1.682,-2.936
1.692,-3.657
1.688,-0.395
1.63,-0.18
1.643,0.181
1.455,-3.65
1.197,-3.044
1.105,-2.76
1.1,-1.174
1.115,-1.6
1.092,0.097
1.083,-1.126
1.018,0.081
1.054,-2.848
1.055,-0.984
0.984,-1.183
0.899,-1.877
0.898,-0.497
0.844,-1.849
0.846,-3.357
0.826,-0.268
0.839,-2.07
0.776,-2.082
0.749,-1.629
0.431,-4.09
-0.117,-3.742
-0.146,-3.847
-0.134,-3.761
-0.308,-4.144
-1.825,-3.665
-2.151,-3.887
-2.369,-3.814
-2.651,-3.806
-2.917,-4.125
-3.125,-4.043
3.089,-4.103
2.746,-3.867
2.643,-3.913
2.547,-4.215
1.993,-3.897
1.642,-3.941
1.516,-3.971
1.313,-4.074
1.366,-3.844
1.245,-4.103
0.819,-4.086
0.635,0.268
0.63,0.434
0.126,0.633
-0.313,0.563
-0.492,0.383
-1.387,0.707
-1.689,0.41
-1.68,0.607
-1.762,0.683
-1.889,0.723
-2.039,0.325
-1.968,0.388
-2.222,0.622
-2.294,0.752
-2.407,0.647
-2.493,0.331
-2.78,0.74
-3.125,0.521
2.873,0.669
2.238,0.406
1.913,0.478
1.852,0.513
1.497,0.369
1.127,0.694
1.138,0.635
0.875,0.566
-0.012,-2.671
-0.507,-2.163
-1.149,-0.142
-2.13,-3.07
2.835,-1.086
2.127,-0.103
-1.907,-4.089
0.555,0.595
0.77,0.167
0.617,-1.61
0.53,0.179
0.403,-0.161
0.483,-3.266
0.495,-1.418
0.253,-1.643
0.236,-0.26
0.183,0.292
0.053,-2.635
-0.057,-1.382
0.029,-1.878
0.025,-1.269
-0.023,-0.946
-0.091,-1.656
-0.118,-1.271
-0.177,-0.764
-0.271,-0.62
-0.467,0.146
-0.491,-0.141
-0.411,0.038
-0.475,-2.846
-0.682,-0.212
-0.83,-1.352
-0.915,-2.431
-0.959,-3.479
-0.832,-3.254
-1.049,-3.604
-1.057,-2.667
-1.07,-2.614
-0.963,-0.667
-1.002,-1.727
-1.106,-2.082
-1.181,-2.243
-1.173,-0.651
-1.182,-3.695
-1.381,-2.44
-1.269,-2.226
-1.308,-2.74
-1.492,0.179
-1.438,-2.057
-1.506,0.269
-1.753,0.008
-1.912,-1.682
-1.952,-2.449
-2.098,-3.475
-2.019,-2.237
-2.211,-1.628
-2.129,-3.557
-2.15,-2.415
-2.311,-2.162
-2.239,-2.07
-2.347,-0.154
-2.356,-3.22
-2.369,-0.429
-2.398,-1.611
-2.464,-2.173
-2.453,-2.687
-2.422,-1.532
-2.499,-0.837
-2.892,-1.936
-2.864,-1.966
-2.968,-2.582
-2.902,-3.275
-2.926,-0.357
3.141,-0.24
-3.047,-3.675
3.1,-3.202
3.09,-3.382
-3.123,-1.005
-3.121,0.018
2.972,-0.126
3.054,-0.441
2.881,-2.093
2.863,-3.365
2.882,-2.257
2.855,-1.483
2.726,0.231
2.677,-0.243
2.796,-1.655
2.659,-2.457
2.634,-2.662
2.553,0.048
2.172,0.323
2.179,-2.732
1.872,-2.453
1.943,-1.171
1.854,-1.618
1.637,-0.184
1.746,-2.74
1.541,-2.45
1.521,-2.493
1.07,-1.6
1.142,-1.219
0.964,-0.721
0.953,-0.323
1.0,-2.18
0.792,-0.784
0.955,-3.027
0.713,-2.937
0.711,-3.602
0.233,-3.813
-0.342,-3.962
-0.47,-3.855
-0.977,-3.887
-1.557,-4.028
-1.567,-3.991
-1.93,-3.714
-2.639,-3.922
-2.799,-4.061
-2.739,-3.96
-2.963,-3.898
3.141,-4.047
2.852,-4.072
2.548,-3.859
2.173,-4.021
1.926,-3.824
1.538,-3.93
1.147,-3.999
0.724,0.48
0.568,0.659
0.495,0.657
0.591,0.655
0.553,0.58
-0.355,0.609
-2.152,0.463
-2.252,0.439
-2.409,0.546
-3.092,0.268
2.569,0.562
2.034,0.371
-0.422,-0.285
-0.572,-0.062
-0.572,-2.78
-0.739,0.08
2.712,-1.049
2.164,-0.266
2.029,-0.262
-2.143,-2.574
-2.66,-2.543
2.467,-1.041
2.471,-0.936
1.444,-1.419
1.457,-0.615
1.3,-1.452
1.305,-0.449
0.244,-2.801
0.245,-1.794
-2.123,-1.642
0.346,0.362
2.415,-3.549
2.287,0.464
0.046,2.765
0.02,2.661
-0.022,1.473
-0.024,3.028
-0.066,1.496
-0.162,3.41
-0.246,2.015
-0.207,1.859
-0.262,1.91
-0.369,0.566
-0.426,2.894
-0.391,1.389
-0.371,1.626
-0.373,3.046
-0.517,2.344
-0.491,2.934
-0.538,1.2
-0.613,1.15
-0.578,3.382
-0.605,3.092
-0.734,1.885
-0.72,1.832
-0.812,1.127
-0.857,0.42
-0.906,1.149
-1.198,0.186
-1.197,2.126
-1.338,1.621
-1.329,1.997
-1.315,2.282
-1.473,0.167
-1.572,0.917
-1.635,2.233
-1.652,2.958
-1.669,1.167
-1.75,3.524
-1.821,2.248
-1.783,0.753
-1.791,-0.054
-1.935,2.713
-1.951,2.846
-2.008,0.572
-2.001,1.511
-1.97,0.781
-2.032,2.002
-2.024,2.915
-2.029,0.412
-2.071,1.453
-2.113,1.109
-2.142,0.18
-2.168,1.112
-2.201,0.824
-2.204,0.855
-2.128,-0.128
-2.178,0.884
-2.24,2.714
-2.287,0.026
-2.317,-0.209
-2.279,1.433
-2.33,1.657
-2.354,1.573
-2.289,0.331
-2.32,2.176
-2.315,-0.035
-2.324,3.424
-2.422,3.214
-2.435,3.661
-2.422,-0.003
-2.519,1.594
-2.478,3.557
-2.512,2.145
-2.567,3.362
-2.568,2.961
-2.593,-0.027
-2.588,2.166
-2.543,1.86
-2.631,1.507
-2.692,0.985
-2.635,1.111
-2.696,3.035
-2.793,2.61
-2.736,0.708
-2.815,1.632
-2.863,2.481
-2.957,1.931
-2.889,-0.111
-2.939,1.036
-2.98,3.174
-3.056,1.642
-3.098,0.124
-3.099,1.809
-3.069,0.34
-3.062,0.307
3.049,2.489
3.078,1.914
2.993,2.008
2.986,0.296
2.996,1.379
2.941,1.019
2.772,3.62
2.83,0.189
2.768,0.069
2.698,-0.177
2.763,3.564
2.652,0.725
2.62,3.704
2.621,1.254
2.591,1.081
2.426,3.729
2.321,1.29
2.382,0.242
2.35,1.003
2.317,0.778
2.173,0.059
2.116,1.616
2.031,3.449
1.995,3.748
1.99,1.227
1.88,2.462
1.912,0.307
1.849,0.579
1.859,-0.142
1.855,3.12
1.797,3.335
1.81,3.696
1.622,-0.135
1.364,0.471
1.272,0.755
1.267,2.341
1.282,1.915
1.259,3.612
1.25,2.389
1.185,3.596
1.221,0.667
1.222,2.531
1.151,2.332
1.066,1.638
1.065,3.018
1.011,1.666
1.013,0.158
0.993,3.247
1.006,1.445
0.943,1.433
0.916,1.886
0.598,-0.575
0.05,-0.227
0.021,-0.332
0.033,-0.246
-0.141,-0.629
-1.658,-0.15
-1.984,-0.372
-2.202,-0.299
-2.484,-0.291
-2.75,-0.61
-2.958,-0.528
-3.027,-0.588
2.913,-0.352
2.81,-0.398
2.714,-0.7
2.16,-0.382
1.809,-0.426
1.683,-0.456
1.48,-0.559
1.533,-0.329
1.412,-0.588
0.986,-0.571
0.802,3.783
0.797,3.949
0.293,4.148
-0.146,4.078
-0.325,3.898
-1.22,4.222
-1.522,3.925
-1.513,4.122
-1.595,4.198
-1.722,4.238
-1.872,3.84
-1.801,3.903
-2.055,4.137
-2.127,4.267
-2.24,4.162
-2.326,3.846
-2.613,4.255
-2.958,4.036
3.04,4.184
2.405,3.921
2.08,3.993
2.019,4.028
1.664,3.884
1.294,4.209
1.305,4.15
1.042,4.081
0.155,0.844
-0.34,1.352
-0.982,3.373
-1.963,0.445
3.002,2.429
2.294,3.412
-1.74,-0.574
0.722,4.11
0.937,3.682
0.784,1.905
0.697,3.694
0.57,3.354
0.65,0.249
0.662,2.097
0.42,1.872
0.403,3.255
0.35,3.807
0.22,0.88
0.11,2.133
0.196,1.637
0.192,2.246
0.144,2.569
0.076,1.859
0.049,2.244
-0.01,2.751
-0.104,2.895
-0.3,3.661
-0.324,3.374
-0.244,3.553
-0.308,0.669
-0.515,3.303
-0.663,2.163
-0.748,1.084
-0.792,0.036
-0.665,0.261
-0.882,-0.089
-0.89,0.848
-0.903,0.901
-0.796,2.848
-0.835,1.788
-0.939,1.433
-1.014,1.272
-1.006,2.864
-1.015,-0.18
-1.214,1.075
-1.102,1.289
-1.141,0.775
-1.325,3.694
-1.271,1.458
-1.339,3.784
-1.586,3.523
-1.745,1.833
-1.785,1.066
-1.931,0.04
-1.852,1.278
-2.044,1.887
-1.962,-0.042
-1.983,1.1
-2.144,1.353
-2.072,1.445
-2.18,3.361
-2.189,0.295
-2.202,3.086
-2.231,1.904
-2.297,1.342
-2.286,0.828
-2.255,1.983
-2.332,2.678
-2.725,1.579
-2.697,1.549
-2.801,0.933
-2.735,0.24
-2.759,3.158
-2.975,3.275
-2.88,-0.16
-3.016,0.313
-3.026,0.133
-2.956,2.51
-2.954,3.533
3.139,3.389
-3.062,3.074
3.048,1.422
3.03,0.15
3.049,1.258
3.022,2.032
2.893,3.746
2.844,3.272
2.963,1.86
2.826,1.058
2.801,0.853
2.72,3.563
2.339,3.838
2.346,0.783
2.039,1.062
2.11,2.344
2.021,1.897
1.804,3.331
1.913,0.775
1.708,1.065
1.688,1.022
1.237,1.915
1.309,2.296
1.131,2.794
1.12,3.192
1.167,1.335
0.959,2.731
1.122,0.488
0.88,0.578
0.878,-0.087
0.4,-0.298
-0.175,-0.447
-0.303,-0.34
-0.81,-0.372
-1.39,-0.513
-1.4,-0.476
-1.763,-0.199
-2.472,-0.407
-2.632,-0.546
-2.572,-0.445
-2.796,-0.383
-2.975,-0.532
3.019,-0.557
2.715,-0.344
2.34,-0.506
2.093,-0.309
1.705,-0.415
1.314,-0.484
0.891,3.995
0.735,4.174
0.662,4.172
0.758,4.17
0.72,4.095
-0.188,4.124
-1.985,3.978
-2.085,3.954
-2.242,4.061
-2.925,3.783
2.736,4.077
2.201,3.886
-0.255,3.23
-0.405,3.453
-0.405,0.735
-0.572,3.595
2.879,2.466
2.331,3.249
2.196,3.253
-1.976,0.941
-2.493,0.972
2.634,2.474
2.638,2.579
1.611,2.096
1.624,2.9
1.467,2.063
1.472,3.066
0.411,0.714
0.412,1.721
-1.956,1.873
0.513,3.877
2.582,-0.034
2.454,3.979
-0.026,-0.104
-0.068,-1.292
-0.07,0.263
-0.112,-1.269
-0.208,0.645
-0.292,-0.75
-0.253,-0.906
-0.308,-0.855
-0.415,-2.199
-0.472,0.129
-0.437,-1.376
-0.417,-1.139
-0.419,0.281
-0.563,-0.421
-0.537,0.169
-0.584,-1.565
-0.659,-1.615
-0.624,0.617
-0.651,0.327
-0.78,-0.88
-0.766,-0.933
-0.858,-1.638
-0.903,-2.345
-0.952,-1.616
-1.244,-2.579
-1.243,-0.639
-1.384,-1.144
-1.375,-0.768
-1.361,-0.483
-1.519,-2.598
-1.618,-1.848
-1.681,-0.532
-1.698,0.193
-1.715,-1.598
-1.796,0.759
-1.867,-0.517
-1.829,-2.012
-1.837,-2.819
-1.981,-0.052
-1.997,0.081
-2.054,-2.193
-2.047,-1.254
-2.016,-1.984
-2.078,-0.763
-2.07,0.15
-2.075,-2.353
-2.117,-1.312
-2.159,-1.656
-2.188,-2.585
-2.214,-1.653
-2.247,-1.941
-2.25,-1.91
-2.174,-2.893
-2.224,-1.881
-2.286,-0.051
-2.333,-2.739
-2.363,-2.974
-2.325,-1.332
-2.376,-1.108
-2.4,-1.192
-2.335,-2.434
-2.366,-0.589
-2.361,-2.8
-2.37,0.659
-2.468,0.449
-2.481,0.896
-2.468,-2.768
-2.565,-1.171
-2.524,0.792
-2.558,-0.62
-2.613,0.597
-2.614,0.196
-2.639,-2.792
-2.634,-0.599
-2.589,-0.905
-2.677,-1.258
-2.738,-1.78
-2.681,-1.654
-2.742,0.27
-2.839,-0.155
-2.782,-2.057
-2.861,-1.133
-2.909,-0.284
-3.003,-0.834
-2.935,-2.876
-2.985,-1.729
-3.026,0.409
-3.102,-1.123
3.139,-2.641
3.138,-0.956
-3.115,-2.425
-3.108,-2.458
3.003,-0.276
3.032,-0.851
2.947,-0.757
2.94,-2.469
2.95,-1.386
2.895,-1.746
2.726,0.855
2.784,-2.576
2.722,-2.696
2.652,-2.942
2.717,0.799
2.606,-2.04
2.574,0.939
2.575,-1.511
2.545,-1.684
2.38,0.964
2.275,-1.475
2.336,-2.523
2.304,-1.762
2.271,-1.987
2.127,-2.706
2.07,-1.149
1.985,0.684
1.949,0.983
1.944,-1.538
1.834,-0.303
1.866,-2.458
1.803,-2.186
1.813,-2.907
1.809,0.355
1.751,0.57
1.764,0.931
1.576,-2.9
1.318,-2.294
1.226,-2.01
1.221,-0.424
1.236,-0.85
1.213,0.847
1.204,-0.376
1.139,0.831
1.175,-2.098
1.176,-0.234
1.105,-0.433
1.02,-1.127
1.019,0.253
0.965,-1.099
0.967,-2.607
0.947,0.482
0.96,-1.32
0.897,-1.332
0.87,-0.879
0.552,-3.34
0.004,-2.992
-0.025,-3.097
-0.013,-3.011
-0.187,-3.394
-1.704,-2.915
-2.03,-3.137
-2.248,-3.064
-2.53,-3.056
-2.796,-3.375
-3.004,-3.293
-3.073,-3.353
2.867,-3.117
2.764,-3.163
2.668,-3.465
2.114,-3.147
1.763,-3.191
1.637,-3.221
1.434,-3.324
1.487,-3.094
1.366,-3.353
0.94,-3.336
0.756,1.018
0.751,1.184
0.247,1.383
-0.192,1.313
-0.371,1.133
-1.266,1.457
-1.568,1.16
-1.559,1.357
-1.641,1.433
-1.768,1.473
-1.918,1.075
-1.847,1.138
-2.101,1.372
-2.173,1.502
-2.286,1.397
-2.372,1.081
-2.659,1.49
-3.004,1.271
2.994,1.419
2.359,1.156
2.034,1.228
1.973,1.263
1.618,1.119
1.248,1.444
1.259,1.385
0.996,1.316
0.109,-1.921
-0.386,-1.413
-1.028,0.608
-2.009,-2.32
2.956,-0.336
2.248,0.647
-1.786,-3.339
0.676,1.345
0.891,0.917
0.738,-0.86
0.651,0.929
0.524,0.589
0.604,-2.516
0.616,-0.668
0.374,-0.893
0.357,0.49
0.304,1.042
0.174,-1.885
0.064,-0.632
0.15,-1.128
0.146,-0.519
0.098,-0.196
0.03,-0.906
0.003,-0.521
-0.056,-0.014
-0.15,0.13
-0.346,0.896
-0.37,0.609
-0.29,0.788
-0.354,-2.096
-0.561,0.538
-0.709,-0.602
-0.794,-1.681
-0.838,-2.729
-0.711,-2.504
-0.928,-2.854
-0.936,-1.917
-0.949,-1.864
-0.842,0.083
-0.881,-0.977
-0.985,-1.332
-1.06,-1.493
-1.052,0.099
-1.061,-2.945
-1.26,-1.69
-1.148,-1.476
-1.187,-1.99
-1.371,0.929
-1.317,-1.307
-1.385,1.019
-1.632,0.758
-1.791,-0.932
-1.831,-1.699
-1.977,-2.725
-1.898,-1.487
-2.09,-0.878
-2.008,-2.807
-2.029,-1.665
-2.19,-1.412
-2.118,-1.32
-2.226,0.596
-2.235,-2.47
-2.248,0.321
-2.277,-0.861
-2.343,-1.423
-2.332,-1.937
-2.301,-0.782
-2.378,-0.087
-2.771,-1.186
-2.743,-1.216
-2.847,-1.832
-2.781,-2.525
-2.805,0.393
-3.021,0.51
-2.926,-2.925
-3.062,-2.452
-3.072,-2.632
-3.002,-0.255
-3.0,0.768
3.093,0.624
-3.108,0.309
3.002,-1.343
2.984,-2.615
3.003,-1.507
2.976,-0.733
2.847,0.981
2.798,0.507
2.917,-0.905
2.78,-1.707
2.755,-1.912
2.674,0.798
2.293,1.073
2.3,-1.982
1.993,-1.703
2.064,-0.421
1.975,-0.868
1.758,0.566
1.867,-1.99
1.662,-1.7
1.642,-1.743
1.191,-0.85
1.263,-0.469
1.085,0.029
1.074,0.427
1.121,-1.43
0.913,-0.034
1.076,-2.277
0.834,-2.187
0.832,-2.852
0.354,-3.063
-0.221,-3.212
-0.349,-3.105
-0.856,-3.137
-1.436,-3.278
-1.446,-3.241
-1.809,-2.964
-2.518,-3.172
-2.678,-3.311
-2.618,-3.21
-2.842,-3.148
-3.021,-3.297
2.973,-3.322
2.669,-3.109
2.294,-3.271
2.047,-3.074
1.659,-3.18
1.268,-3.249
0.845,1.23
0.689,1.409
0.616,1.407
0.712,1.405
0.674,1.33
-0.234,1.359
-2.031,1.213
-2.131,1.189
-2.288,1.296
-2.971,1.018
2.69,1.312
2.155,1.121
-0.301,0.465
-0.451,0.688
-0.451,-2.03
-0.618,0.83
2.833,-0.299
2.285,0.484
2.15,0.488
-2.022,-1.824
-2.539,-1.793
2.588,-0.291
2.592,-0.186
1.565,-0.669
1.578,0.135
1.421,-0.702
1.426,0.301
0.365,-2.051
0.366,-1.044
-2.002,-0.892
0.467,1.112
2.536,-2.799
2.408,1.214
-0.042,-1.188
-0.044,0.367
-0.086,-1.165
-0.182,0.749
-0.266,-0.646
-0.227,-0.802
-0.282,-0.751
-0.389,-2.095
-0.446,0.233
-0.411,-1.272
-0.391,-1.035
-0.393,0.385
-0.537,-0.317
-0.511,0.273
-0.558,-1.461
-0.633,-1.511
-0.598,0.721
-0.625,0.431
-0.754,-0.776
-0.74,-0.829
-0.832,-1.534
-0.877,-2.241
-0.926,-1.512
-1.218,-2.475
-1.217,-0.535
-1.358,-1.04
-1.349,-0.664
-1.335,-0.379
-1.493,-2.494
-1.592,-1.744
-1.655,-0.428
-1.672,0.297
-1.689,-1.494
-1.77,0.863
-1.841,-0.413
-1.803,-1.908
-1.811,-2.715
-1.955,0.052
-1.971,0.185
-2.028,-2.089
-2.021,-1.15
-1.99,-1.88
-2.052,-0.659
-2.044,0.254
-2.049,-2.249
-2.091,-1.208
-2.133,-1.552
-2.162,-2.481
-2.188,-1.549
-2.221,-1.837
-2.224,-1.806
-2.148,-2.789
-2.198,-1.777
-2.26,0.053
-2.307,-2.635
-2.337,-2.87
-2.299,-1.228
-2.35,-1.004
-2.374,-1.088
-2.309,-2.33
-2.34,-0.485
-2.335,-2.696
-2.344,0.763
-2.442,0.553
-2.455,1.0
-2.442,-2.664
-2.539,-1.067
-2.498,0.896
-2.532,-0.516
-2.587,0.701
-2.588,0.3
-2.613,-2.688
-2.608,-0.495
-2.563,-0.801
-2.651,-1.154
-2.712,-1.676
-2.655,-1.55
-2.716,0.374
-2.813,-0.051
-2.756,-1.953
-2.835,-1.029
-2.883,-0.18
-2.977,-0.73
-2.909,-2.772
-2.959,-1.625
-3.0,0.513
-3.076,-1.019
-3.118,-2.537
-3.119,-0.852
-3.089,-2.321
-3.082,-2.354
3.029,-0.172
3.058,-0.747
2.973,-0.653
2.966,-2.365
2.976,-1.282
2.921,-1.642
2.752,0.959
2.81,-2.472
2.748,-2.592
2.678,-2.838
2.743,0.903
2.632,-1.936
2.6,1.043
2.601,-1.407
2.571,-1.58
2.406,1.068
2.301,-1.371
2.362,-2.419
2.33,-1.658
2.297,-1.883
2.153,-2.602
2.096,-1.045
2.011,0.788
1.975,1.087
1.97,-1.434
1.86,-0.199
1.892,-2.354
1.829,-2.082
1.839,-2.803
1.835,0.459
1.777,0.674
1.79,1.035
1.602,-2.796
1.344,-2.19
1.252,-1.906
1.247,-0.32
1.262,-0.746
1.239,0.951
1.23,-0.272
1.165,0.935
1.201,-1.994
1.202,-0.13
1.131,-0.329
1.046,-1.023
1.045,0.357
0.991,-0.995
0.993,-2.503
0.973,0.586
0.986,-1.216
0.923,-1.228
0.896,-0.775
0.578,-3.236
0.03,-2.888
0.001,-2.993
0.013,-2.907
-0.161,-3.29
-1.678,-2.811
-2.004,-3.033
-2.222,-2.96
-2.504,-2.952
-2.77,-3.271
-2.978,-3.189
-3.047,-3.249
2.893,-3.013
2.79,-3.059
2.694,-3.361
2.14,-3.043
1.789,-3.087
1.663,-3.117
1.46,-3.22
1.513,-2.99
1.392,-3.249
0.966,-3.232
0.782,1.122
0.777,1.288
0.273,1.487
-0.166,1.417
-0.345,1.237
-1.24,1.561
-1.542,1.264
-1.533,1.461
-1.615,1.537
-1.742,1.577
-1.892,1.179
-1.821,1.242
-2.075,1.476
-2.147,1.606
-2.26,1.501
-2.346,1.185
-2.633,1.594
-2.978,1.375
3.02,1.523
2.385,1.26
2.06,1.332
1.999,1.367
1.644,1.223
1.274,1.548
1.285,1.489
1.022,1.42
0.135,-1.817
-0.36,-1.309
-1.002,0.712
-1.983,-2.216
2.982,-0.232
2.274,0.751
-1.76,-3.235
0.702,1.449
0.917,1.021
0.764,-0.756
0.677,1.033
0.55,0.693
0.63,-2.412
0.642,-0.564
0.4,-0.789
0.383,0.594
0.33,1.146
0.2,-1.781
0.09,-0.528
0.176,-1.024
0.172,-0.415
0.124,-0.092
0.056,-0.802
0.029,-0.417
-0.03,0.09
-0.124,0.234
-0.32,1.0
-0.344,0.713
-0.264,0.892
-0.328,-1.992
-0.535,0.642
-0.683,-0.498
-0.768,-1.577
-0.812,-2.625
-0.685,-2.4
-0.902,-2.75
-0.91,-1.813
-0.923,-1.76
-0.816,0.187
-0.855,-0.873
-0.959,-1.228
-1.034,-1.389
-1.026,0.203
-1.035,-2.841
-1.234,-1.586
-1.122,-1.372
-1.161,-1.886
-1.345,1.033
-1.291,-1.203
-1.359,1.123
-1.606,0.862
-1.765,-0.828
-1.805,-1.595
-1.951,-2.621
-1.872,-1.383
-2.064,-0.774
-1.982,-2.703
-2.003,-1.561
-2.164,-1.308
-2.092,-1.216
-2.2,0.7
-2.209,-2.366
-2.222,0.425
-2.251,-0.757
-2.317,-1.319
-2.306,-1.833
-2.275,-0.678
-2.352,0.017
-2.745,-1.082
-2.717,-1.112
-2.821,-1.728
-2.755,-2.421
-2.779,0.497
-2.995,0.614
-2.9,-2.821
-3.036,-2.348
-3.046,-2.528
-2.976,-0.151
-2.974,0.872
3.119,0.728
-3.082,0.413
3.028,-1.239
3.01,-2.511
3.029,-1.403
3.002,-0.629
2.873,1.085
2.824,0.611
2.943,-0.801
2.806,-1.603
2.781,-1.808
2.7,0.902
2.319,1.177
2.326,-1.878
2.019,-1.599
2.09,-0.317
2.001,-0.764
1.784,0.67
1.893,-1.886
1.688,-1.596
1.668,-1.639
1.217,-0.746
1.289,-0.365
1.111,0.133
1.1,0.531
1.147,-1.326
0.939,0.07
1.102,-2.173
0.86,-2.083
0.858,-2.748
0.38,-2.959
-0.195,-3.108
-0.323,-3.001
-0.83,-3.033
-1.41,-3.174
-1.42,-3.137
-1.783,-2.86
-2.492,-3.068
-2.652,-3.207
-2.592,-3.106
-2.816,-3.044
-2.995,-3.193
2.999,-3.218
2.695,-3.005
2.32,-3.167
2.073,-2.97
1.685,-3.076
1.294,-3.145
0.871,1.334
0.715,1.513
0.642,1.511
0.738,1.509
0.7,1.434
-0.208,1.463
-2.005,1.317
-2.105,1.293
-2.262,1.4
-2.945,1.122
2.716,1.416
2.181,1.225
-0.275,0.569
-0.425,0.792
-0.425,-1.926
-0.592,0.934
2.859,-0.195
2.311,0.588
2.176,0.592
-1.996,-1.72
-2.513,-1.689
2.614,-0.187
2.618,-0.082
1.591,-0.565
1.604,0.239
1.447,-0.598
1.452,0.405
0.391,-1.947
0.392,-0.94
-1.976,-0.788
0.493,1.216
2.562,-2.695
2.434,1.318
-0.002,1.555
-0.044,0.023
-0.14,1.937
-0.224,0.542
-0.185,0.386
-0.24,0.437
-0.347,-0.907
-0.404,1.421
-0.369,-0.084
-0.349,0.153
-0.351,1.573
-0.495,0.871
-0.469,1.461
-0.516,-0.273
-0.591,-0.323
-0.556,1.909
-0.583,1.619
-0.712,0.412
-0.698,0.359
-0.79,-0.346
-0.835,-1.053
-0.884,-0.324
-1.176,-1.287
-1.175,0.653
-1.316,0.148
-1.307,0.524
-1.293,0.809
-1.451,-1.306
-1.55,-0.556
-1.613,0.76
-1.63,1.485
-1.647,-0.306
-1.728,2.051
-1.799,0.775
-1.761,-0.72
-1.769,-1.527
-1.913,1.24
-1.929,1.373
-1.986,-0.901
-1.979,0.038
-1.948,-0.692
-2.01,0.529
-2.002,1.442
-2.007,-1.061
-2.049,-0.02
-2.091,-0.364
-2.12,-1.293
-2.146,-0.361
-2.179,-0.649
-2.182,-0.618
-2.106,-1.601
-2.156,-0.589
-2.218,1.241
-2.265,-1.447
-2.295,-1.682
-2.257,-0.04
-2.308,0.184
-2.332,0.1
-2.267,-1.142
-2.298,0.703
-2.293,-1.508
-2.302,1.951
-2.4,1.741
-2.413,2.188
-2.4,-1.476
-2.497,0.121
-2.456,2.084
-2.49,0.672
-2.545,1.889
-2.546,1.488
-2.571,-1.5
-2.566,0.693
-2.521,0.387
-2.609,0.034
-2.67,-0.488
-2.613,-0.362
-2.674,1.562
-2.771,1.137
-2.714,-0.765
-2.793,0.159
-2.841,1.008
-2.935,0.458
-2.867,-1.584
-2.917,-0.437
-2.958,1.701
-3.034,0.169
-3.076,-1.349
-3.077,0.336
-3.047,-1.133
-3.04,-1.166
3.071,1.016
3.1,0.441
3.015,0.535
3.008,-1.177
3.018,-0.094
2.963,-0.454
2.794,2.147
2.852,-1.284
2.79,-1.404
2.72,-1.65
2.785,2.091
2.674,-0.748
2.642,2.231
2.643,-0.219
2.613,-0.392
2.448,2.256
2.343,-0.183
2.404,-1.231
2.372,-0.47
2.339,-0.695
2.195,-1.414
2.138,0.143
2.053,1.976
2.017,2.275
2.012,-0.246
1.902,0.989
1.934,-1.166
1.871,-0.894
1.881,-1.615
1.877,1.647
1.819,1.862
1.832,2.223
1.644,-1.608
1.386,-1.002
1.294,-0.718
1.289,0.868
1.304,0.442
1.281,2.139
1.272,0.916
1.207,2.123
1.243,-0.806
1.244,1.058
1.173,0.859
1.088,0.165
1.087,1.545
1.033,0.193
1.035,-1.315
1.015,1.774
1.028,-0.028
0.965,-0.04
0.938,0.413
0.62,-2.048
0.072,-1.7
0.043,-1.805
0.055,-1.719
-0.119,-2.102
-1.636,-1.623
-1.962,-1.845
-2.18,-1.772
-2.462,-1.764
-2.728,-2.083
-2.936,-2.001
-3.005,-2.061
2.935,-1.825
2.832,-1.871
2.736,-2.173
2.182,-1.855
1.831,-1.899
1.705,-1.929
1.502,-2.032
1.555,-1.802
1.434,-2.061
1.008,-2.044
0.824,2.31
0.819,2.476
0.315,2.675
-0.124,2.605
-0.303,2.425
-1.198,2.749
-1.5,2.452
-1.491,2.649
-1.573,2.725
-1.7,2.765
-1.85,2.367
-1.779,2.43
-2.033,2.664
-2.105,2.794
-2.218,2.689
-2.304,2.373
-2.591,2.782
-2.936,2.563
3.062,2.711
2.427,2.448
2.102,2.52
2.041,2.555
1.686,2.411
1.316,2.736
1.327,2.677
1.064,2.608
0.177,-0.629
-0.318,-0.121
-0.96,1.9
-1.941,-1.028
3.024,0.956
2.316,1.939
-1.718,-2.047
0.744,2.637
0.959,2.209
0.806,0.432
0.719,2.221
0.592,1.881
0.672,-1.224
0.684,0.624
0.442,0.399
0.425,1.782
0.372,2.334
0.242,-0.593
0.132,0.66
0.218,0.164
0.214,0.773
0.166,1.096
0.098,0.386
0.071,0.771
0.012,1.278
-0.082,1.422
-0.278,2.188
-0.302,1.901
-0.222,2.08
-0.286,-0.804
-0.493,1.83
-0.641,0.69
-0.726,-0.389
-0.77,-1.437
-0.643,-1.212
-0.86,-1.562
-0.868,-0.625
-0.881,-0.572
-0.774,1.375
-0.813,0.315
-0.917,-0.04
-0.992,-0.201
-0.984,1.391
-0.993,-1.653
-1.192,-0.398
-1.08,-0.184
-1.119,-0.698
-1.303,2.221
-1.249,-0.015
-1.317,2.311
-1.564,2.05
-1.723,0.36
-1.763,-0.407
-1.909,-1.433
-1.83,-0.195
-2.022,0.414
-1.94,-1.515
-1.961,-0.373
-2.122,-0.12
-2.05,-0.028
-2.158,1.888
-2.167,-1.178
-2.18,1.613
-2.209,0.431
-2.275,-0.131
-2.264,-0.645
-2.233,0.51
-2.31,1.205
-2.703,0.106
-2.675,0.076
-2.779,-0.54
-2.713,-1.233
-2.737,1.685
-2.953,1.802
-2.858,-1.633
-2.994,-1.16
-3.004,-1.34
-2.934,1.037
-2.932,2.06
-3.122,1.916
-3.04,1.601
3.07,-0.051
3.052,-1.323
3.071,-0.215
3.044,0.559
2.915,2.273
2.866,1.799
2.985,0.387
2.848,-0.415
2.823,-0.62
2.742,2.09
2.361,2.365
2.368,-0.69
2.061,-0.411
2.132,0.871
2.043,0.424
1.826,1.858
1.935,-0.698
1.73,-0.408
1.71,-0.451
1.259,0.442
1.331,0.823
1.153,1.321
1.142,1.719
1.189,-0.138
0.981,1.258
1.144,-0.985
0.902,-0.895
0.9,-1.56
0.422,-1.771
-0.153,-1.92
-0.281,-1.813
-0.788,-1.845
-1.368,-1.986
-1.378,-1.949
-1.741,-1.672
-2.45,-1.88
-2.61,-2.019
-2.55,-1.918
-2.774,-1.856
-2.953,-2.005
3.041,-2.03
2.737,-1.817
2.362,-1.979
2.115,-1.782
1.727,-1.888
1.336,-1.957
0.913,2.522
0.757,2.701
0.684,2.699
0.78,2.697
0.742,2.622
-0.166,2.651
-1.963,2.505
-2.063,2.481
-2.22,2.588
-2.903,2.31
2.758,2.604
2.223,2.413
-0.233,1.757
-0.383,1.98
-0.383,-0.738
-0.55,2.122
2.901,0.993
2.353,1.776
2.218,1.78
-1.954,-0.532
-2.471,-0.501
2.656,1.001
2.66,1.106
1.633,0.623
1.646,1.427
1.489,0.59
1.494,1.593
0.433,-0.759
0.434,0.248
-1.934,0.4
0.535,2.404
2.604,-1.507
2.476,2.506
-0.042,-1.532
-0.138,0.382
-0.222,-1.013
-0.183,-1.169
-0.238,-1.118
-0.345,-2.462
-0.402,-0.134
-0.367,-1.639
-0.347,-1.402
-0.349,0.018
-0.493,-0.684
-0.467,-0.094
-0.514,-1.828
-0.589,-1.878
-0.554,0.354
-0.581,0.064
-0.71,-1.143
-0.696,-1.196
-0.788,-1.901
-0.833,-2.608
-0.882,-1.879
-1.174,-2.842
-1.173,-0.902
-1.314,-1.407
-1.305,-1.031
-1.291,-0.746
-1.449,-2.861
-1.548,-2.111
-1.611,-0.795
-1.628,-0.07
-1.645,-1.861
-1.726,0.496
-1.797,-0.78
-1.759,-2.275
-1.767,-3.082
-1.911,-0.315
-1.927,-0.182
-1.984,-2.456
-1.977,-1.517
-1.946,-2.247
-2.008,-1.026
-2.0,-0.113
-2.005,-2.616
-2.047,-1.575
-2.089,-1.919
-2.118,-2.848
-2.144,-1.916
-2.177,-2.204
-2.18,-2.173
-2.104,-3.156
-2.154,-2.144
-2.216,-0.314
-2.263,-3.002
-2.293,-3.237
-2.255,-1.595
-2.306,-1.371
-2.33,-1.455
-2.265,-2.697
-2.296,-0.852
-2.291,-3.063
-2.3,0.396
-2.398,0.186
-2.411,0.633
-2.398,-3.031
-2.495,-1.434
-2.454,0.529
-2.488,-0.883
-2.543,0.334
-2.544,-0.067
-2.569,-3.055
-2.564,-0.862
-2.519,-1.168
-2.607,-1.521
-2.668,-2.043
-2.611,-1.917
-2.672,0.007
-2.769,-0.418
-2.712,-2.32
-2.791,-1.396
-2.839,-0.547
-2.933,-1.097
-2.865,-3.139
-2.915,-1.992
-2.956,0.146
-3.032,-1.386
-3.074,-2.904
-3.075,-1.219
-3.045,-2.688
-3.038,-2.721
3.073,-0.539
3.102,-1.114
3.017,-1.02
3.01,-2.732
3.02,-1.649
2.965,-2.009
2.796,0.592
2.854,-2.839
2.792,-2.959
2.722,-3.205
2.787,0.536
2.676,-2.303
2.644,0.676
2.645,-1.774
2.615,-1.947
2.45,0.701
2.345,-1.738
2.406,-2.786
2.374,-2.025
2.341,-2.25
2.197,-2.969
2.14,-1.412
2.055,0.421
2.019,0.72
2.014,-1.801
1.904,-0.566
1.936,-2.721
1.873,-2.449
1.883,-3.17
1.879,0.092
1.821,0.307
1.834,0.668
1.646,-3.163
1.388,-2.557
1.296,-2.273
1.291,-0.687
1.306,-1.113
1.283,0.584
1.274,-0.639
1.209,0.568
1.245,-2.361
1.246,-0.497
1.175,-0.696
1.09,-1.39
1.089,-0.01
1.035,-1.362
1.037,-2.87
1.017,0.219
1.03,-1.583
0.967,-1.595
0.94,-1.142
0.622,-3.603
0.074,-3.255
0.045,-3.36
0.057,-3.274
-0.117,-3.657
-1.634,-3.178
-1.96,-3.4
-2.178,-3.327
-2.46,-3.319
-2.726,-3.638
-2.934,-3.556
-3.003,-3.616
2.937,-3.38
2.834,-3.426
2.738,-3.728
2.184,-3.41
1.833,-3.454
1.707,-3.484
1.504,-3.587
1.557,-3.357
1.436,-3.616
1.01,-3.599
0.826,0.755
0.821,0.921
0.317,1.12
-0.122,1.05
-0.301,0.87
-1.196,1.194
-1.498,0.897
-1.489,1.094
-1.571,1.17
-1.698,1.21
-1.848,0.812
-1.777,0.875
-2.031,1.109
-2.103,1.239
-2.216,1.134
-2.302,0.818
-2.589,1.227
-2.934,1.008
3.064,1.156
2.429,0.893
2.104,0.965
2.043,1.0
1.688,0.856
1.318,1.181
1.329,1.122
1.066,1.053
0.179,-2.184
-0.316,-1.676
-0.958,0.345
-1.939,-2.583
3.026,-0.599
2.318,0.384
-1.716,-3.602
0.746,1.082
0.961,0.654
0.808,-1.123
0.721,0.666
0.594,0.326
0.674,-2.779
0.686,-0.931
0.444,-1.156
0.427,0.227
0.374,0.779
0.244,-2.148
0.134,-0.895
0.22,-1.391
0.216,-0.782
0.168,-0.459
0.1,-1.169
0.073,-0.784
0.014,-0.277
-0.08,-0.133
-0.276,0.633
-0.3,0.346
-0.22,0.525
-0.284,-2.359
-0.491,0.275
-0.639,-0.865
-0.724,-1.944
-0.768,-2.992
-0.641,-2.767
-0.858,-3.117
-0.866,-2.18
-0.879,-2.127
-0.772,-0.18
-0.811,-1.24
-0.915,-1.595
-0.99,-1.756
-0.982,-0.164
-0.991,-3.208
-1.19,-1.953
-1.078,-1.739
-1.117,-2.253
-1.301,0.666
-1.247,-1.57
-1.315,0.756
-1.562,0.495
-1.721,-1.195
-1.761,-1.962
-1.907,-2.988
-1.828,-1.75
-2.02,-1.141
-1.938,-3.07
-1.959,-1.928
-2.12,-1.675
-2.048,-1.583
-2.156,0.333
-2.165,-2.733
-2.178,0.058
-2.207,-1.124
-2.273,-1.686
-2.262,-2.2
-2.231,-1.045
-2.308,-0.35
-2.701,-1.449
-2.673,-1.479
-2.777,-2.095
-2.711,-2.788
-2.735,0.13
-2.951,0.247
-2.856,-3.188
-2.992,-2.715
-3.002,-2.895
-2.932,-0.518
-2.93,0.505
-3.12,0.361
-3.038,0.046
3.072,-1.606
3.054,-2.878
3.073,-1.77
3.046,-0.996
2.917,0.718
2.868,0.244
2.987,-1.168
2.85,-1.97
2.825,-2.175
2.744,0.535
2.363,0.81
2.37,-2.245
2.063,-1.966
2.134,-0.684
2.045,-1.131
1.828,0.303
1.937,-2.253
1.732,-1.963
1.712,-2.006
1.261,-1.113
1.333,-0.732
1.155,-0.234
1.144,0.164
1.191,-1.693
0.983,-0.297
1.146,-2.54
0.904,-2.45
0.902,-3.115
0.424,-3.326
-0.151,-3.475
-0.279,-3.368
-0.786,-3.4
-1.366,-3.541
-1.376,-3.504
-1.739,-3.227
-2.448,-3.435
-2.608,-3.574
-2.548,-3.473
-2.772,-3.411
-2.951,-3.56
3.043,-3.585
2.739,-3.372
2.364,-3.534
2.117,-3.337
1.729,-3.443
1.338,-3.512
0.915,0.967
0.759,1.146
0.686,1.144
0.782,1.142
0.744,1.067
-0.164,1.096
-1.961,0.95
-2.061,0.926
-2.218,1.033
-2.901,0.755
2.76,1.049
2.225,0.858
-0.231,0.202
-0.381,0.425
-0.381,-2.293
-0.548,0.567
2.903,-0.562
2.355,0.221
2.22,0.225
-1.952,-2.087
-2.469,-2.056
2.658,-0.554
2.662,-0.449
1.635,-0.932
1.648,-0.128
1.491,-0.965
1.496,0.038
0.435,-2.314
0.436,-1.307
-1.932,-1.155
0.537,0.849
2.606,-3.062
2.478,0.951
-0.096,1.914
-0.18,0.519
-0.141,0.363
-0.196,0.414
-0.303,-0.93
-0.36,1.398
-0.325,-0.107
-0.305,0.13
-0.307,1.55
-0.451,0.848
-0.425,1.438
-0.472,-0.296
-0.547,-0.346
-0.512,1.886
-0.539,1.596
-0.668,0.389
-0.654,0.336
-0.746,-0.369
-0.791,-1.076
-0.84,-0.347
-1.132,-1.31
-1.131,0.63
-1.272,0.125
-1.263,0.501
-1.249,0.786
-1.407,-1.329
-1.506,-0.579
-1.569,0.737
-1.586,1.462
-1.603,-0.329
-1.684,2.028
-1.755,0.752
-1.717,-0.743
-1.725,-1.55
-1.869,1.217
-1.885,1.35
-1.942,-0.924
-1.935,0.015
-1.904,-0.715
-1.966,0.506
-1.958,1.419
-1.963,-1.084
-2.005,-0.043
-2.047,-0.387
-2.076,-1.316
-2.102,-0.384
-2.135,-0.672
-2.138,-0.641
-2.062,-1.624
-2.112,-0.612
-2.174,1.218
-2.221,-1.47
-2.251,-1.705
-2.213,-0.063
-2.264,0.161
-2.288,0.077
-2.223,-1.165
-2.254,0.68
-2.249,-1.531
-2.258,1.928
-2.356,1.718
-2.369,2.165
-2.356,-1.499
-2.453,0.098
-2.412,2.061
-2.446,0.649
-2.501,1.866
-2.502,1.465
-2.527,-1.523
-2.522,0.67
-2.477,0.364
-2.565,0.011
-2.626,-0.511
-2.569,-0.385
-2.63,1.539
-2.727,1.114
-2.67,-0.788
-2.749,0.136
-2.797,0.985
-2.891,0.435
-2.823,-1.607
-2.873,-0.46
-2.914,1.678
-2.99,0.146
-3.032,-1.372
-3.033,0.313
-3.003,-1.156
-2.996,-1.189
3.115,0.993
-3.139,0.418
3.059,0.512
3.052,-1.2
3.062,-0.117
3.007,-0.477
2.838,2.124
2.896,-1.307
2.834,-1.427
2.764,-1.673
2.829,2.068
2.718,-0.771
2.686,2.208
2.687,-0.242
2.657,-0.415
2.492,2.233
2.387,-0.206
2.448,-1.254
2.416,-0.493
2.383,-0.718
2.239,-1.437
2.182,0.12
2.097,1.953
2.061,2.252
2.056,-0.269
1.946,0.966
1.978,-1.189
1.915,-0.917
1.925,-1.638
1.921,1.624
1.863,1.839
1.876,2.2
1.688,-1.631
1.43,-1.025
1.338,-0.741
1.333,0.845
1.348,0.419
1.325,2.116
1.316,0.893
1.251,2.1
1.287,-0.829
1.288,1.035
1.217,0.836
1.132,0.142
1.131,1.522
1.077,0.17
1.079,-1.338
1.059,1.751
1.072,-0.051
1.009,-0.063
0.982,0.39
0.664,-2.071
0.116,-1.723
0.087,-1.828
0.099,-1.742
-0.075,-2.125
-1.592,-1.646
-1.918,-1.868
-2.136,-1.795
-2.418,-1.787
-2.684,-2.106
-2.892,-2.024
-2.961,-2.084
2.979,-1.848
2.876,-1.894
2.78,-2.196
2.226,-1.878
1.875,-1.922
1.749,-1.952
1.546,-2.055
1.599,-1.825
1.478,-2.084
1.052,-2.067
0.868,2.287
0.863,2.453
0.359,2.652
-0.08,2.582
-0.259,2.402
-1.154,2.726
-1.456,2.429
-1.447,2.626
-1.529,2.702
-1.656,2.742
-1.806,2.344
-1.735,2.407
-1.989,2.641
-2.061,2.771
-2.174,2.666
-2.26,2.35
-2.547,2.759
-2.892,2.54
3.106,2.688
2.471,2.425
2.146,2.497
2.085,2.532
1.73,2.388
1.36,2.713
1.371,2.654
1.108,2.585
0.221,-0.652
-0.274,-0.144
-0.916,1.877
-1.897,-1.051
3.068,0.933
2.36,1.916
-1.674,-2.07
0.788,2.614
1.003,2.186
0.85,0.409
0.763,2.198
0.636,1.858
0.716,-1.247
0.728,0.601
0.486,0.376
0.469,1.759
0.416,2.311
0.286,-0.616
0.176,0.637
0.262,0.141
0.258,0.75
0.21,1.073
0.142,0.363
0.115,0.748
0.056,1.255
-0.038,1.399
-0.234,2.165
-0.258,1.878
-0.178,2.057
-0.242,-0.827
-0.449,1.807
-0.597,0.667
-0.682,-0.412
-0.726,-1.46
-0.599,-1.235
-0.816,-1.585
-0.824,-0.648
-0.837,-0.595
-0.73,1.352
-0.769,0.292
-0.873,-0.063
-0.948,-0.224
-0.94,1.368
-0.949,-1.676
-1.148,-0.421
-1.036,-0.207
-1.075,-0.721
-1.259,2.198
-1.205,-0.038
-1.273,2.288
-1.52,2.027
-1.679,0.337
-1.719,-0.43
-1.865,-1.456
-1.786,-0.218
-1.978,0.391
-1.896,-1.538
-1.917,-0.396
-2.078,-0.143
-2.006,-0.051
-2.114,1.865
-2.123,-1.201
-2.136,1.59
-2.165,0.408
-2.231,-0.154
-2.22,-0.668
-2.189,0.487
-2.266,1.182
-2.659,0.083
-2.631,0.053
-2.735,-0.563
-2.669,-1.256
-2.693,1.662
-2.909,1.779
-2.814,-1.656
-2.95,-1.183
-2.96,-1.363
-2.89,1.014
-2.888,2.037
-3.078,1.893
-2.996,1.578
3.114,-0.074
3.096,-1.346
3.115,-0.238
3.088,0.536
2.959,2.25
2.91,1.776
3.029,0.364
2.892,-0.438
2.867,-0.643
2.786,2.067
2.405,2.342
2.412,-0.713
2.105,-0.434
2.176,0.848
2.087,0.401
1.87,1.835
1.979,-0.721
1.774,-0.431
1.754,-0.474
1.303,0.419
1.375,0.8
1.197,1.298
1.186,1.696
1.233,-0.161
1.025,1.235
1.188,-1.008
0.946,-0.918
0.944,-1.583
0.466,-1.794
-0.109,-1.943
-0.237,-1.836
-0.744,-1.868
-1.324,-2.009
-1.334,-1.972
-1.697,-1.695
-2.406,-1.903
-2.566,-2.042
-2.506,-1.941
-2.73,-1.879
-2.909,-2.028
3.085,-2.053
2.781,-1.84
2.406,-2.002
2.159,-1.805
1.771,-1.911
1.38,-1.98
0.957,2.499
0.801,2.678
0.728,2.676
0.824,2.674
0.786,2.599
-0.122,2.628
-1.919,2.482
-2.019,2.458
-2.176,2.565
-2.859,2.287
2.802,2.581
2.267,2.39
-0.189,1.734
-0.339,1.957
-0.339,-0.761
-0.506,2.099
2.945,0.97
2.397,1.753
2.262,1.757
-1.91,-0.555
-2.427,-0.524
2.7,0.978
2.704,1.083
1.677,0.6
1.69,1.404
1.533,0.567
1.538,1.57
0.477,-0.782
0.478,0.225
-1.89,0.377
0.579,2.381
2.648,-1.53
2.52,2.483
-0.084,-1.395
-0.045,-1.551
-0.1,-1.5
-0.207,-2.844
-0.264,-0.516
-0.229,-2.021
-0.209,-1.784
-0.211,-0.364
-0.355,-1.066
-0.329,-0.476
-0.376,-2.21
-0.451,-2.26
-0.416,-0.028
-0.443,-0.318
-0.572,-1.525
-0.558,-1.578
-0.65,-2.283
-0.695,-2.99
-0.744,-2.261
-1.036,-3.224
-1.035,-1.284
-1.176,-1.789
-1.167,-1.413
-1.153,-1.128
-1.311,-3.243
-1.41,-2.493
-1.473,-1.177
-1.49,-0.452
-1.507,-2.243
-1.588,0.114
-1.659,-1.162
-1.621,-2.657
-1.629,-3.464
-1.773,-0.697
-1.789,-0.564
-1.846,-2.838
-1.839,-1.899
-1.808,-2.629
-1.87,-1.408
-1.862,-0.495
-1.867,-2.998
-1.909,-1.957
-1.951,-2.301
-1.98,-3.23
-2.006,-2.298
-2.039,-2.586
-2.042,-2.555
-1.966,-3.538
-2.016,-2.526
-2.078,-0.696
-2.125,-3.384
-2.155,-3.619
-2.117,-1.977
-2.168,-1.753
-2.192,-1.837
-2.127,-3.079
-2.158,-1.234
-2.153,-3.445
-2.162,0.014
-2.26,-0.196
-2.273,0.251
-2.26,-3.413
-2.357,-1.816
-2.316,0.147
-2.35,-1.265
-2.405,-0.048
-2.406,-0.449
-2.431,-3.437
-2.426,-1.244
-2.381,-1.55
-2.469,-1.903
-2.53,-2.425
-2.473,-2.299
-2.534,-0.375
-2.631,-0.8
-2.574,-2.702
-2.653,-1.778
-2.701,-0.929
-2.795,-1.479
-2.727,-3.521
-2.777,-2.374
-2.818,-0.236
-2.894,-1.768
-2.936,-3.286
-2.937,-1.601
-2.907,-3.07
-2.9,-3.103
-3.072,-0.921
-3.043,-1.496
-3.128,-1.402
-3.135,-3.114
-3.125,-2.031
3.103,-2.391
2.934,0.21
2.992,-3.221
2.93,-3.341
2.86,-3.587
2.925,0.154
2.814,-2.685
2.782,0.294
2.783,-2.156
2.753,-2.329
2.588,0.319
2.483,-2.12
2.544,-3.168
2.512,-2.407
2.479,-2.632
2.335,-3.351
2.278,-1.794
2.193,0.039
2.157,0.338
2.152,-2.183
2.042,-0.948
2.074,-3.103
2.011,-2.831
2.021,-3.552
2.017,-0.29
1.959,-0.075
1.972,0.286
1.784,-3.545
1.526,-2.939
1.434,-2.655
1.429,-1.069
1.444,-1.495
1.421,0.202
1.412,-1.021
1.347,0.186
1.383,-2.743
1.384,-0.879
1.313,-1.078
1.228,-1.772
1.227,-0.392
1.173,-1.744
1.175,-3.252
1.155,-0.163
1.168,-1.965
1.105,-1.977
1.078,-1.524
0.76,-3.985
0.212,-3.637
0.183,-3.742
0.195,-3.656
0.021,-4.039
-1.496,-3.56
-1.822,-3.782
-2.04,-3.709
-2.322,-3.701
-2.588,-4.02
-2.796,-3.938
-2.865,-3.998
3.075,-3.762
2.972,-3.808
2.876,-4.11
2.322,-3.792
1.971,-3.836
1.845,-3.866
1.642,-3.969
1.695,-3.739
1.574,-3.998
1.148,-3.981
0.964,0.373
0.959,0.539
0.455,0.738
0.016,0.668
-0.163,0.488
-1.058,0.812
-1.36,0.515
-1.351,0.712
-1.433,0.788
-1.56,0.828
-1.71,0.43
-1.639,0.493
-1.893,0.727
-1.965,0.857
-2.078,0.752
-2.164,0.436
-2.451,0.845
-2.796,0.626
-3.081,0.774
2.567,0.511
2.242,0.583
2.181,0.618
1.826,0.474
1.456,0.799
1.467,0.74
1.204,0.671
0.317,-2.566
-0.178,-2.058
-0.82,-0.037
-1.801,-2.965
-3.119,-0.981
2.456,0.002
-1.578,-3.984
0.884,0.7
1.099,0.272
0.946,-1.505
0.859,0.284
0.732,-0.056
0.812,-3.161
0.824,-1.313
0.582,-1.538
0.565,-0.155
0.512,0.397
0.382,-2.53
0.272,-1.277
0.358,-1.773
0.354,-1.164
0.306,-0.841
0.238,-1.551
0.211,-1.166
0.152,-0.659
0.058,-0.515
-0.138,0.251
-0.162,-0.036
-0.082,0.143
-0.146,-2.741
-0.353,-0.107
-0.501,-1.247
-0.586,-2.326
-0.63,-3.374
-0.503,-3.149
-0.72,-3.499
-0.728,-2.562
-0.741,-2.509
-0.634,-0.562
-0.673,-1.622
-0.777,-1.977
-0.852,-2.138
-0.844,-0.546
-0.853,-3.59
-1.052,-2.335
-0.94,-2.121
-0.979,-2.635
-1.163,0.284
-1.109,-1.952
-1.177,0.374
-1.424,0.113
-1.583,-1.577
-1.623,-2.344
-1.769,-3.37
-1.69,-2.132
-1.882,-1.523
-1.8,-3.452
-1.821,-2.31
-1.982,-2.057
-1.91,-1.965
-2.018,-0.049
-2.027,-3.115
-2.04,-0.324
-2.069,-1.506
-2.135,-2.068
-2.124,-2.582
-2.093,-1.427
-2.17,-0.732
-2.563,-1.831
-2.535,-1.861
-2.639,-2.477
-2.573,-3.17
-2.597,-0.252
-2.813,-0.135
-2.718,-3.57
-2.854,-3.097
-2.864,-3.277
-2.794,-0.9
-2.792,0.123
-2.982,-0.021
-2.9,-0.336
-3.073,-1.988
-3.091,-3.26
-3.072,-2.152
-3.099,-1.378
3.055,0.336
3.006,-0.138
3.125,-1.55
2.988,-2.352
2.963,-2.557
2.882,0.153
2.501,0.428
2.508,-2.627
2.201,-2.348
2.272,-1.066
2.183,-1.513
1.966,-0.079
2.075,-2.635
1.87,-2.345
1.85,-2.388
1.399,-1.495
1.471,-1.114
1.293,-0.616
1.282,-0.218
1.329,-2.075
1.121,-0.679
1.284,-2.922
1.042,-2.832
1.04,-3.497
0.562,-3.708
-0.013,-3.857
-0.141,-3.75
-0.648,-3.782
-1.228,-3.923
-1.238,-3.886
-1.601,-3.609
-2.31,-3.817
-2.47,-3.956
-2.41,-3.855
-2.634,-3.793
-2.813,-3.942
-3.102,-3.967
2.877,-3.754
2.502,-3.916
2.255,-3.719
1.867,-3.825
1.476,-3.894
1.053,0.585
0.897,0.764
0.824,0.762
0.92,0.76
0.882,0.685
-0.026,0.714
-1.823,0.568
-1.923,0.544
-2.08,0.651
-2.763,0.373
2.898,0.667
2.363,0.476
-0.093,-0.18
-0.243,0.043
-0.243,-2.675
-0.41,0.185
3.041,-0.944
2.493,-0.161
2.358,-0.157
-1.814,-2.469
-2.331,-2.438
2.796,-0.936
2.8,-0.831
1.773,-1.314
1.786,-0.51
1.629,-1.347
1.634,-0.344
0.573,-2.696
0.574,-1.689
-1.794,-1.537
0.675,0.467
2.744,-3.444
2.616,0.569
0.039,-0.156
-0.016,-0.105
-0.123,-1.449
-0.18,0.879
-0.145,-0.626
-0.125,-0.389
-0.127,1.031
-0.271,0.329
-0.245,0.919
-0.292,-0.815
-0.367,-0.865
-0.332,1.367
-0.359,1.077
-0.488,-0.13
-0.474,-0.183
-0.566,-0.888
-0.611,-1.595
-0.66,-0.866
-0.952,-1.829
-0.951,0.111
-1.092,-0.394
-1.083,-0.018
-1.069,0.267
-1.227,-1.848
-1.326,-1.098
-1.389,0.218
-1.406,0.943
-1.423,-0.848
-1.504,1.509
-1.575,0.233
-1.537,-1.262
-1.545,-2.069
-1.689,0.698
-1.705,0.831
-1.762,-1.443
-1.755,-0.504
-1.724,-1.234
-1.786,-0.013
-1.778,0.9
-1.783,-1.603
-1.825,-0.562
-1.867,-0.906
-1.896,-1.835
-1.922,-0.903
-1.955,-1.191
-1.958,-1.16
-1.882,-2.143
-1.932,-1.131
-1.994,0.699
-2.041,-1.989
-2.071,-2.224
-2.033,-0.582
-2.084,-0.358
-2.108,-0.442
-2.043,-1.684
-2.074,0.161
-2.069,-2.05
-2.078,1.409
-2.176,1.199
-2.189,1.646
-2.176,-2.018
-2.273,-0.421
-2.232,1.542
-2.266,0.13
-2.321,1.347
-2.322,0.946
-2.347,-2.042
-2.342,0.151
-2.297,-0.155
-2.385,-0.508
-2.446,-1.03
-2.389,-0.904
-2.45,1.02
-2.547,0.595
-2.49,-1.307
-2.569,-0.383
-2.617,0.466
-2.711,-0.084
-2.643,-2.126
-2.693,-0.979
-2.734,1.159
-2.81,-0.373
-2.852,-1.891
-2.853,-0.206
-2.823,-1.675
-2.816,-1.708
-2.988,0.474
-2.959,-0.101
-3.044,-0.007
-3.051,-1.719
-3.041,-0.636
-3.096,-0.996
3.018,1.605
3.076,-1.826
3.014,-1.946
2.944,-2.192
3.009,1.549
2.898,-1.29
2.866,1.689
2.867,-0.761
2.837,-0.934
2.672,1.714
2.567,-0.725
2.628,-1.773
2.596,-1.012
2.563,-1.237
2.419,-1.956
2.362,-0.399
2.277,1.434
2.241,1.733
2.236,-0.788
2.126,0.447
2.158,-1.708
2.095,-1.436
2.105,-2.157
2.101,1.105
2.043,1.32
2.056,1.681
1.868,-2.15
1.61,-1.544
1.518,-1.26
1.513,0.326
1.528,-0.1
1.505,1.597
1.496,0.374
1.431,1.581
1.467,-1.348
1.468,0.516
1.397,0.317
1.312,-0.377
1.311,1.003
1.257,-0.349
1.259,-1.857
1.239,1.232
1.252,-0.57
1.189,-0.582
1.162,-0.129
0.844,-2.59
0.296,-2.242
0.267,-2.347
0.279,-2.261
0.105,-2.644
-1.412,-2.165
-1.738,-2.387
-1.956,-2.314
-2.238,-2.306
-2.504,-2.625
-2.712,-2.543
-2.781,-2.603
-3.124,-2.367
3.056,-2.413
2.96,-2.715
2.406,-2.397
2.055,-2.441
1.929,-2.471
1.726,-2.574
1.779,-2.344
1.658,-2.603
1.232,-2.586
1.048,1.768
1.043,1.934
0.539,2.133
0.1,2.063
-0.079,1.883
-0.974,2.207
-1.276,1.91
-1.267,2.107
-1.349,2.183
-1.476,2.223
-1.626,1.825
-1.555,1.888
-1.809,2.122
-1.881,2.252
-1.994,2.147
-2.08,1.831
-2.367,2.24
-2.712,2.021
-2.997,2.169
2.651,1.906
2.326,1.978
2.265,2.013
1.91,1.869
1.54,2.194
1.551,2.135
1.288,2.066
0.401,-1.171
-0.094,-0.663
-0.736,1.358
-1.717,-1.57
-3.035,0.414
2.54,1.397
-1.494,-2.589
0.968,2.095
1.183,1.667
1.03,-0.11
0.943,1.679
0.816,1.339
0.896,-1.766
0.908,0.082
0.666,-0.143
0.649,1.24
0.596,1.792
0.466,-1.135
0.356,0.118
0.442,-0.378
0.438,0.231
0.39,0.554
0.322,-0.156
0.295,0.229
0.236,0.736
0.142,0.88
-0.054,1.646
-0.078,1.359
0.002,1.538
-0.062,-1.346
-0.269,1.288
-0.417,0.148
-0.502,-0.931
-0.546,-1.979
-0.419,-1.754
-0.636,-2.104
-0.644,-1.167
-0.657,-1.114
-0.55,0.833
-0.589,-0.227
-0.693,-0.582
-0.768,-0.743
-0.76,0.849
-0.769,-2.195
-0.968,-0.94
-0.856,-0.726
-0.895,-1.24
-1.079,1.679
-1.025,-0.557
-1.093,1.769
-1.34,1.508
-1.499,-0.182
-1.539,-0.949
-1.685,-1.975
-1.606,-0.737
-1.798,-0.128
-1.716,-2.057
-1.737,-0.915
-1.898,-0.662
-1.826,-0.57
-1.934,1.346
-1.943,-1.72
-1.956,1.071
-1.985,-0.111
-2.051,-0.673
-2.04,-1.187
-2.009,-0.032
-2.086,0.663
-2.479,-0.436
-2.451,-0.466
-2.555,-1.082
-2.489,-1.775
-2.513,1.143
-2.729,1.26
-2.634,-2.175
-2.77,-1.702
-2.78,-1.882
-2.71,0.495
-2.708,1.518
-2.898,1.374
-2.816,1.059
-2.989,-0.593
-3.007,-1.865
-2.988,-0.757
-3.015,0.017
3.139,1.731
3.09,1.257
-3.074,-0.155
3.072,-0.957
3.047,-1.162
2.966,1.548
2.585,1.823
2.592,-1.232
2.285,-0.953
2.356,0.329
2.267,-0.118
2.05,1.316
2.159,-1.24
1.954,-0.95
1.934,-0.993
1.483,-0.1
1.555,0.281
1.377,0.779
1.366,1.177
1.413,-0.68
1.205,0.716
1.368,-1.527
1.126,-1.437
1.124,-2.102
0.646,-2.313
0.071,-2.462
-0.057,-2.355
-0.564,-2.387
-1.144,-2.528
-1.154,-2.491
-1.517,-2.214
-2.226,-2.422
-2.386,-2.561
-2.326,-2.46
-2.55,-2.398
-2.729,-2.547
-3.018,-2.572
2.961,-2.359
2.586,-2.521
2.339,-2.324
1.951,-2.43
1.56,-2.499
1.137,1.98
0.981,2.159
0.908,2.157
1.004,2.155
0.966,2.08
0.058,2.109
-1.739,1.963
-1.839,1.939
-1.996,2.046
-2.679,1.768
2.982,2.062
2.447,1.871
-0.009,1.215
-0.159,1.438
-0.159,-1.28
-0.326,1.58
3.125,0.451
2.577,1.234
2.442,1.238
-1.73,-1.074
-2.247,-1.043
2.88,0.459
2.884,0.564
1.857,0.081
1.87,0.885
1.713,0.048
1.718,1.051
0.657,-1.301
0.658,-0.294
-1.71,-0.142
0.759,1.862
2.828,-2.049
2.7,1.964
-0.055,0.051
-0.162,-1.293
-0.219,1.035
-0.184,-0.47
-0.164,-0.233
-0.166,1.187
-0.31,0.485
-0.284,1.075
-0.331,-0.659
-0.406,-0.709
-0.371,1.523
-0.398,1.233
-0.527,0.026
-0.513,-0.027
-0.605,-0.732
-0.65,-1.439
-0.699,-0.71
-0.991,-1.673
-0.99,0.267
-1.131,-0.238
-1.122,0.138
-1.108,0.423
-1.266,-1.692
-1.365,-0.942
-1.428,0.374
-1.445,1.099
-1.462,-0.692
-1.543,1.665
-1.614,0.389
-1.576,-1.106
-1.584,-1.913
-1.728,0.854
-1.744,0.987
-1.801,-1.287
-1.794,-0.348
-1.763,-1.078
-1.825,0.143
-1.817,1.056
-1.822,-1.447
-1.864,-0.406
-1.906,-0.75
-1.935,-1.679
-1.961,-0.747
-1.994,-1.035
-1.997,-1.004
-1.921,-1.987
-1.971,-0.975
-2.033,0.855
-2.08,-1.833
-2.11,-2.068
-2.072,-0.426
-2.123,-0.202
-2.147,-0.286
-2.082,-1.528
-2.113,0.317
-2.108,-1.894
-2.117,1.565
-2.215,1.355
-2.228,1.802
-2.215,-1.862
-2.312,-0.265
-2.271,1.698
-2.305,0.286
-2.36,1.503
-2.361,1.102
-2.386,-1.886
-2.381,0.307
-2.336,0.001
-2.424,-0.352
-2.485,-0.874
-2.428,-0.748
-2.489,1.176
-2.586,0.751
-2.529,-1.151
-2.608,-0.227
-2.656,0.622
-2.75,0.072
-2.682,-1.97
-2.732,-0.823
-2.773,1.315
-2.849,-0.217
-2.891,-1.735
-2.892,-0.05
-2.862,-1.519
-2.855,-1.552
-3.027,0.63
-2.998,0.055
-3.083,0.149
-3.09,-1.563
-3.08,-0.48
-3.135,-0.84
2.979,1.761
3.037,-1.67
2.975,-1.79
2.905,-2.036
2.97,1.705
2.859,-1.134
2.827,1.845
2.828,-0.605
2.798,-0.778
2.633,1.87
2.528,-0.569
2.589,-1.617
2.557,-0.856
2.524,-1.081
2.38,-1.8
2.323,-0.243
2.238,1.59
2.202,1.889
2.197,-0.632
2.087,0.603
2.119,-1.552
2.056,-1.28
2.066,-2.001
2.062,1.261
2.004,1.476
2.017,1.837
1.829,-1.994
1.571,-1.388
1.479,-1.104
1.474,0.482
1.489,0.056
1.466,1.753
1.457,0.53
1.392,1.737
1.428,-1.192
1.429,0.672
1.358,0.473
1.273,-0.221
1.272,1.159
1.218,-0.193
1.22,-1.701
1.2,1.388
1.213,-0.414
1.15,-0.426
1.123,0.027
0.805,-2.434
0.257,-2.086
0.228,-2.191
0.24,-2.105
0.066,-2.488
-1.451,-2.009
-1.777,-2.231
-1.995,-2.158
-2.277,-2.15
-2.543,-2.469
-2.751,-2.387
-2.82,-2.447
3.12,-2.211
3.017,-2.257
2.921,-2.559
2.367,-2.241
2.016,-2.285
1.89,-2.315
1.687,-2.418
1.74,-2.188
1.619,-2.447
1.193,-2.43
1.009,1.924
1.004,2.09
0.5,2.289
0.061,2.219
-0.118,2.039
-1.013,2.363
-1.315,2.066
-1.306,2.263
-1.388,2.339
-1.515,2.379
-1.665,1.981
-1.594,2.044
-1.848,2.278
-1.92,2.408
-2.033,2.303
-2.119,1.987
-2.406,2.396
-2.751,2.177
-3.036,2.325
2.612,2.062
2.287,2.134
2.226,2.169
1.871,2.025
1.501,2.35
1.512,2.291
1.249,2.222
0.362,-1.015
-0.133,-0.507
-0.775,1.514
-1.756,-1.414
-3.074,0.57
2.501,1.553
-1.533,-2.433
0.929,2.251
1.144,1.823
0.991,0.046
0.904,1.835
0.777,1.495
0.857,-1.61
0.869,0.238
0.627,0.013
0.61,1.396
0.557,1.948
0.427,-0.979
0.317,0.274
0.403,-0.222
0.399,0.387
0.351,0.71
0.283,0.0
0.256,0.385
0.197,0.892
0.103,1.036
-0.093,1.802
-0.117,1.515
-0.037,1.694
-0.101,-1.19
-0.308,1.444
-0.456,0.304
-0.541,-0.775
-0.585,-1.823
-0.458,-1.598
-0.675,-1.948
-0.683,-1.011
-0.696,-0.958
-0.589,0.989
-0.628,-0.071
-0.732,-0.426
-0.807,-0.587
-0.799,1.005
-0.808,-2.039
-1.007,-0.784
-0.895,-0.57
-0.934,-1.084
-1.118,1.835
-1.064,-0.401
-1.132,1.925
-1.379,1.664
-1.538,-0.026
-1.578,-0.793
-1.724,-1.819
-1.645,-0.581
-1.837,0.028
-1.755,-1.901
-1.776,-0.759
-1.937,-0.506
-1.865,-0.414
-1.973,1.502
-1.982,-1.564
-1.995,1.227
-2.024,0.045
-2.09,-0.517
-2.079,-1.031
-2.048,0.124
-2.125,0.819
-2.518,-0.28
-2.49,-0.31
-2.594,-0.926
-2.528,-1.619
-2.552,1.299
-2.768,1.416
-2.673,-2.019
-2.809,-1.546
-2.819,-1.726
-2.749,0.651
-2.747,1.674
-2.937,1.53
-2.855,1.215
-3.028,-0.437
-3.046,-1.709
-3.027,-0.601
-3.054,0.173
3.1,1.887
3.051,1.413
-3.113,0.001
3.033,-0.801
3.008,-1.006
2.927,1.704
2.546,1.979
2.553,-1.076
2.246,-0.797
2.317,0.485
2.228,0.038
2.011,1.472
2.12,-1.084
1.915,-0.794
1.895,-0.837
1.444,0.056
1.516,0.437
1.338,0.935
1.327,1.333
1.374,-0.524
1.166,0.872
1.329,-1.371
1.087,-1.281
1.085,-1.946
0.607,-2.157
0.032,-2.306
-0.096,-2.199
-0.603,-2.231
-1.183,-2.372
-1.193,-2.335
-1.556,-2.058
-2.265,-2.266
-2.425,-2.405
-2.365,-2.304
-2.589,-2.242
-2.768,-2.391
-3.057,-2.416
2.922,-2.203
2.547,-2.365
2.3,-2.168
1.912,-2.274
1.521,-2.343
1.098,2.136
0.942,2.315
0.869,2.313
0.965,2.311
0.927,2.236
0.019,2.265
-1.778,2.119
-1.878,2.095
-2.035,2.202
-2.718,1.924
2.943,2.218
2.408,2.027
-0.048,1.371
-0.198,1.594
-0.198,-1.124
-0.365,1.736
3.086,0.607
2.538,1.39
2.403,1.394
-1.769,-0.918
-2.286,-0.887
2.841,0.615
2.845,0.72
1.818,0.237
1.831,1.041
1.674,0.204
1.679,1.207
0.618,-1.145
0.619,-0.138
-1.749,0.014
0.72,2.018
2.789,-1.893
2.661,2.12
-0.107,-1.344
-0.164,0.984
-0.129,-0.521
-0.109,-0.284
-0.111,1.136
-0.255,0.434
-0.229,1.024
-0.276,-0.71
-0.351,-0.76
-0.316,1.472
-0.343,1.182
-0.472,-0.025
-0.458,-0.078
-0.55,-0.783
-0.595,-1.49
-0.644,-0.761
-0.936,-1.724
-0.935,0.216
-1.076,-0.289
-1.067,0.087
-1.053,0.372
-1.211,-1.743
-1.31,-0.993
-1.373,0.323
-1.39,1.048
-1.407,-0.743
-1.488,1.614
-1.559,0.338
-1.521,-1.157
-1.529,-1.964
-1.673,0.803
-1.689,0.936
-1.746,-1.338
-1.739,-0.399
-1.708,-1.129
-1.77,0.092
-1.762,1.005
-1.767,-1.498
-1.809,-0.457
-1.851,-0.801
-1.88,-1.73
-1.906,-0.798
-1.939,-1.086
-1.942,-1.055
-1.866,-2.038
-1.916,-1.026
-1.978,0.804
-2.025,-1.884
-2.055,-2.119
-2.017,-0.477
-2.068,-0.253
-2.092,-0.337
-2.027,-1.579
-2.058,0.266
-2.053,-1.945
-2.062,1.514
-2.16,1.304
-2.173,1.751
-2.16,-1.913
-2.257,-0.316
-2.216,1.647
-2.25,0.235
-2.305,1.452
-2.306,1.051
-2.331,-1.937
-2.326,0.256
-2.281,-0.05
-2.369,-0.403
-2.43,-0.925
-2.373,-0.799
-2.434,1.125
-2.531,0.7
-2.474,-1.202
-2.553,-0.278
-2.601,0.571
-2.695,0.021
-2.627,-2.021
-2.677,-0.874
-2.718,1.264
-2.794,-0.268
-2.836,-1.786
-2.837,-0.101
-2.807,-1.57
-2.8,-1.603
-2.972,0.579
-2.943,0.004
-3.028,0.098
-3.035,-1.614
-3.025,-0.531
-3.08,-0.891
3.034,1.71
3.092,-1.721
3.03,-1.841
2.96,-2.087
3.025,1.654
2.914,-1.185
2.882,1.794
2.883,-0.656
2.853,-0.829
2.688,1.819
2.583,-0.62
2.644,-1.668
2.612,-0.907
2.579,-1.132
2.435,-1.851
2.378,-0.294
2.293,1.539
2.257,1.838
2.252,-0.683
2.142,0.552
2.174,-1.603
2.111,-1.331
2.121,-2.052
2.117,1.21
2.059,1.425
2.072,1.786
1.884,-2.045
1.626,-1.439
1.534,-1.155
1.529,0.431
1.544,0.005
1.521,1.702
1.512,0.479
1.447,1.686
1.483,-1.243
1.484,0.621
1.413,0.422
1.328,-0.272
1.327,1.108
1.273,-0.244
1.275,-1.752
1.255,1.337
1.268,-0.465
1.205,-0.477
1.178,-0.024
0.86,-2.485
0.312,-2.137
0.283,-2.242
0.295,-2.156
0.121,-2.539
-1.396,-2.06
-1.722,-2.282
-1.94,-2.209
-2.222,-2.201
-2.488,-2.52
-2.696,-2.438
-2.765,-2.498
-3.108,-2.262
3.072,-2.308
2.976,-2.61
2.422,-2.292
2.071,-2.336
1.945,-2.366
1.742,-2.469
1.795,-2.239
1.674,-2.498
1.248,-2.481
1.064,1.873
1.059,2.039
0.555,2.238
0.116,2.168
-0.063,1.988
-0.958,2.312
-1.26,2.015
-1.251,2.212
-1.333,2.288
-1.46,2.328
-1.61,1.93
-1.539,1.993
-1.793,2.227
-1.865,2.357
-1.978,2.252
-2.064,1.936
-2.351,2.345
-2.696,2.126
-2.981,2.274
2.667,2.011
2.342,2.083
2.281,2.118
1.926,1.974
1.556,2.299
1.567,2.24
1.304,2.171
0.417,-1.066
-0.078,-0.558
-0.72,1.463
-1.701,-1.465
-3.019,0.519
2.556,1.502
-1.478,-2.484
0.984,2.2
1.199,1.772
1.046,-0.005
0.959,1.784
0.832,1.444
0.912,-1.661
0.924,0.187
0.682,-0.038
0.665,1.345
0.612,1.897
0.482,-1.03
0.372,0.223
0.458,-0.273
0.454,0.336
0.406,0.659
0.338,-0.051
0.311,0.334
0.252,0.841
0.158,0.985
-0.038,1.751
-0.062,1.464
0.018,1.643
-0.046,-1.241
-0.253,1.393
-0.401,0.253
-0.486,-0.826
-0.53,-1.874
-0.403,-1.649
-0.62,-1.999
-0.628,-1.062
-0.641,-1.009
-0.534,0.938
-0.573,-0.122
-0.677,-0.477
-0.752,-0.638
-0.744,0.954
-0.753,-2.09
-0.952,-0.835
-0.84,-0.621
-0.879,-1.135
-1.063,1.784
-1.009,-0.452
-1.077,1.874
-1.324,1.613
-1.483,-0.077
-1.523,-0.844
-1.669,-1.87
-1.59,-0.632
-1.782,-0.023
-1.7,-1.952
-1.721,-0.81
-1.882,-0.557
-1.81,-0.465
-1.918,1.451
-1.927,-1.615
-1.94,1.176
-1.969,-0.006
-2.035,-0.568
-2.024,-1.082
-1.993,0.073
-2.07,0.768
-2.463,-0.331
-2.435,-0.361
-2.539,-0.977
-2.473,-1.67
-2.497,1.248
-2.713,1.365
-2.618,-2.07
-2.754,-1.597
-2.764,-1.777
-2.694,0.6
-2.692,1.623
-2.882,1.479
-2.8,1.164
-2.973,-0.488
-2.991,-1.76
-2.972,-0.652
-2.999,0.122
-3.128,1.836
3.106,1.362
-3.058,-0.05
3.088,-0.852
3.063,-1.057
2.982,1.653
2.601,1.928
2.608,-1.127
2.301,-0.848
2.372,0.434
2.283,-0.013
2.066,1.421
2.175,-1.135
1.97,-0.845
1.95,-0.888
1.499,0.005
1.571,0.386
1.393,0.884
1.382,1.282
1.429,-0.575
1.221,0.821
1.384,-1.422
1.142,-1.332
1.14,-1.997
0.662,-2.208
0.087,-2.357
-0.041,-2.25
-0.548,-2.282
-1.128,-2.423
-1.138,-2.386
-1.501,-2.109
-2.21,-2.317
-2.37,-2.456
-2.31,-2.355
-2.534,-2.293
-2.713,-2.442
-3.002,-2.467
2.977,-2.254
2.602,-2.416
2.355,-2.219
1.967,-2.325
1.576,-2.394
1.153,2.085
0.997,2.264
0.924,2.262
1.02,2.26
0.982,2.185
0.074,2.214
-1.723,2.068
-1.823,2.044
-1.98,2.151
-2.663,1.873
2.998,2.167
2.463,1.976
0.007,1.32
-0.143,1.543
-0.143,-1.175
-0.31,1.685
3.141,0.556
2.593,1.339
2.458,1.343
-1.714,-0.969
-2.231,-0.938
2.896,0.564
2.9,0.669
1.873,0.186
1.886,0.99
1.729,0.153
1.734,1.156
0.673,-1.196
0.674,-0.189
-1.694,-0.037
0.775,1.967
2.844,-1.944
2.716,2.069
-0.057,2.328
-0.022,0.823
-0.002,1.06
-0.004,2.48
-0.148,1.778
-0.122,2.368
-0.169,0.634
-0.244,0.584
-0.209,2.816
-0.236,2.526
-0.365,1.319
-0.351,1.266
-0.443,0.561
-0.488,-0.146
-0.537,0.583
-0.829,-0.38
-0.828,1.56
-0.969,1.055
-0.96,1.431
-0.946,1.716
-1.104,-0.399
-1.203,0.351
-1.266,1.667
-1.283,2.392
-1.3,0.601
-1.381,2.958
-1.452,1.682
-1.414,0.187
-1.422,-0.62
-1.566,2.147
-1.582,2.28
-1.639,0.006
-1.632,0.945
-1.601,0.215
-1.663,1.436
-1.655,2.349
-1.66,-0.154
-1.702,0.887
-1.744,0.543
-1.773,-0.386
-1.799,0.546
-1.832,0.258
-1.835,0.289
-1.759,-0.694
-1.809,0.318
-1.871,2.148
-1.918,-0.54
-1.948,-0.775
-1.91,0.867
-1.961,1.091
-1.985,1.007
-1.92,-0.235
-1.951,1.61
-1.946,-0.601
-1.955,2.858
-2.053,2.648
-2.066,3.095
-2.053,-0.569
-2.15,1.028
-2.109,2.991
-2.143,1.579
-2.198,2.796
-2.199,2.395
-2.224,-0.593
-2.219,1.6
-2.174,1.294
-2.262,0.941
-2.323,0.419
-2.266,0.545
-2.327,2.469
-2.424,2.044
-2.367,0.142
-2.446,1.066
-2.494,1.915
-2.588,1.365
-2.52,-0.677
-2.57,0.47
-2.611,2.608
-2.687,1.076
-2.729,-0.442
-2.73,1.243
-2.7,-0.226
-2.693,-0.259
-2.865,1.923
-2.836,1.348
-2.921,1.442
-2.928,-0.27
-2.918,0.813
-2.973,0.453
3.141,3.054
-3.084,-0.377
3.137,-0.497
3.067,-0.743
3.132,2.998
3.021,0.159
2.989,3.138
2.99,0.688
2.96,0.515
2.795,3.163
2.69,0.724
2.751,-0.324
2.719,0.437
2.686,0.212
2.542,-0.507
2.485,1.05
2.4,2.883
2.364,3.182
2.359,0.661
2.249,1.896
2.281,-0.259
2.218,0.013
2.228,-0.708
2.224,2.554
2.166,2.769
2.179,3.13
1.991,-0.701
1.733,-0.095
1.641,0.189
1.636,1.775
1.651,1.349
1.628,3.046
1.619,1.823
1.554,3.03
1.59,0.101
1.591,1.965
1.52,1.766
1.435,1.072
1.434,2.452
1.38,1.1
1.382,-0.408
1.362,2.681
1.375,0.879
1.312,0.867
1.285,1.32
0.967,-1.141
0.419,-0.793
0.39,-0.898
0.402,-0.812
0.228,-1.195
-1.289,-0.716
-1.615,-0.938
-1.833,-0.865
-2.115,-0.857
-2.381,-1.176
-2.589,-1.094
-2.658,-1.154
-3.001,-0.918
-3.104,-0.964
3.083,-1.266
2.529,-0.948
2.178,-0.992
2.052,-1.022
1.849,-1.125
1.902,-0.895
1.781,-1.154
1.355,-1.137
1.171,3.217
1.166,3.383
0.662,3.582
0.223,3.512
0.044,3.332
-0.851,3.656
-1.153,3.359
-1.144,3.556
-1.226,3.632
-1.353,3.672
-1.503,3.274
-1.432,3.337
-1.686,3.571
-1.758,3.701
-1.871,3.596
-1.957,3.28
-2.244,3.689
-2.589,3.47
-2.874,3.618
2.774,3.355
2.449,3.427
2.388,3.462
2.033,3.318
1.663,3.643
1.674,3.584
1.411,3.515
0.524,0.278
0.029,0.786
-0.613,2.807
-1.594,-0.121
-2.912,1.863
2.663,2.846
-1.371,-1.14
1.091,3.544
1.306,3.116
1.153,1.339
1.066,3.128
0.939,2.788
1.019,-0.317
1.031,1.531
0.789,1.306
0.772,2.689
0.719,3.241
0.589,0.314
0.479,1.567
0.565,1.071
0.561,1.68
0.513,2.003
0.445,1.293
0.418,1.678
0.359,2.185
0.265,2.329
0.069,3.095
0.045,2.808
0.125,2.987
0.061,0.103
-0.146,2.737
-0.294,1.597
-0.379,0.518
-0.423,-0.53
-0.296,-0.305
-0.513,-0.655
-0.521,0.282
-0.534,0.335
-0.427,2.282
-0.466,1.222
-0.57,0.867
-0.645,0.706
-0.637,2.298
-0.646,-0.746
-0.845,0.509
-0.733,0.723
-0.772,0.209
-0.956,3.128
-0.902,0.892
-0.97,3.218
-1.217,2.957
-1.376,1.267
-1.416,0.5
-1.562,-0.526
-1.483,0.712
-1.675,1.321
-1.593,-0.608
-1.614,0.534
-1.775,0.787
-1.703,0.879
-1.811,2.795
-1.82,-0.271
-1.833,2.52
-1.862,1.338
-1.928,0.776
-1.917,0.262
-1.886,1.417
-1.963,2.112
-2.356,1.013
-2.328,0.983
-2.432,0.367
-2.366,-0.326
-2.39,2.592
-2.606,2.709
-2.511,-0.726
-2.647,-0.253
-2.657,-0.433
-2.587,1.944
-2.585,2.967
-2.775,2.823
-2.693,2.508
-2.866,0.856
-2.884,-0.416
-2.865,0.692
-2.892,1.466
-3.021,3.18
-3.07,2.706
-2.951,1.294
-3.088,0.492
-3.113,0.287
3.089,2.997
2.708,3.272
2.715,0.217
2.408,0.496
2.479,1.778
2.39,1.331
2.173,2.765
2.282,0.209
2.077,0.499
2.057,0.456
1.606,1.349
1.678,1.73
1.5,2.228
1.489,2.626
1.536,0.769
1.328,2.165
1.491,-0.078
1.249,0.012
1.247,-0.653
0.769,-0.864
0.194,-1.013
0.066,-0.906
-0.441,-0.938
-1.021,-1.079
-1.031,-1.042
-1.394,-0.765
-2.103,-0.973
-2.263,-1.112
-2.203,-1.011
-2.427,-0.949
-2.606,-1.098
-2.895,-1.123
3.084,-0.91
2.709,-1.072
2.462,-0.875
2.074,-0.981
1.683,-1.05
1.26,3.429
1.104,3.608
1.031,3.606
1.127,3.604
1.089,3.529
0.181,3.558
-1.616,3.412
-1.716,3.388
-1.873,3.495
-2.556,3.217
3.105,3.511
2.57,3.32
0.114,2.664
-0.036,2.887
-0.036,0.169
-0.203,3.029
-3.035,1.9
2.7,2.683
2.565,2.687
-1.607,0.375
-2.124,0.406
3.003,1.908
3.007,2.013
1.98,1.53
1.993,2.334
1.836,1.497
1.841,2.5
0.78,0.148
0.781,1.155
-1.587,1.307
0.882,3.311
2.951,-0.6
2.823,3.413
0.035,-1.505
0.055,-1.268
0.053,0.152
-0.091,-0.55
-0.065,0.04
-0.112,-1.694
-0.187,-1.744
-0.152,0.488
-0.179,0.198
-0.308,-1.009
-0.294,-1.062
-0.386,-1.767
-0.431,-2.474
-0.48,-1.745
-0.772,-2.708
-0.771,-0.768
-0.912,-1.273
-0.903,-0.897
-0.889,-0.612
-1.047,-2.727
-1.146,-1.977
-1.209,-0.661
-1.226,0.064
-1.243,-1.727
-1.324,0.63
-1.395,-0.646
-1.357,-2.141
-1.365,-2.948
-1.509,-0.181
-1.525,-0.048
-1.582,-2.322
-1.575,-1.383
-1.544,-2.113
-1.606,-0.892
-1.598,0.021
-1.603,-2.482
-1.645,-1.441
-1.687,-1.785
-1.716,-2.714
-1.742,-1.782
-1.775,-2.07
-1.778,-2.039
-1.702,-3.022
-1.752,-2.01
-1.814,-0.18
-1.861,-2.868
-1.891,-3.103
-1.853,-1.461
-1.904,-1.237
-1.928,-1.321
-1.863,-2.563
-1.894,-0.718
-1.889,-2.929
-1.898,0.53
-1.996,0.32
-2.009,0.767
-1.996,-2.897
-2.093,-1.3
-2.052,0.663
-2.086,-0.749
-2.141,0.468
-2.142,0.067
-2.167,-2.921
-2.162,-0.728
-2.117,-1.034
-2.205,-1.387
-2.266,-1.909
-2.209,-1.783
-2.27,0.141
-2.367,-0.284
-2.31,-2.186
-2.389,-1.262
-2.437,-0.413
-2.531,-0.963
-2.463,-3.005
-2.513,-1.858
-2.554,0.28
-2.63,-1.252
-2.672,-2.77
-2.673,-1.085
-2.643,-2.554
-2.636,-2.587
-2.808,-0.405
-2.779,-0.98
-2.864,-0.886
-2.871,-2.598
-2.861,-1.515
-2.916,-1.875
-3.085,0.726
-3.027,-2.705
-3.089,-2.825
3.124,-3.071
-3.094,0.67
3.078,-2.169
3.046,0.81
3.047,-1.64
3.017,-1.813
2.852,0.835
2.747,-1.604
2.808,-2.652
2.776,-1.891
2.743,-2.116
2.599,-2.835
2.542,-1.278
2.457,0.555
2.421,0.854
2.416,-1.667
2.306,-0.432
2.338,-2.587
2.275,-2.315
2.285,-3.036
2.281,0.226
2.223,0.441
2.236,0.802
2.048,-3.029
1.79,-2.423
1.698,-2.139
1.693,-0.553
1.708,-0.979
1.685,0.718
1.676,-0.505
1.611,0.702
1.647,-2.227
1.648,-0.363
1.577,-0.562
1.492,-1.256
1.491,0.124
1.437,-1.228
1.439,-2.736
1.419,0.353
1.432,-1.449
1.369,-1.461
1.342,-1.008
1.024,-3.469
0.476,-3.121
0.447,-3.226
0.459,-3.14
0.285,-3.523
-1.232,-3.044
-1.558,-3.266
-1.776,-3.193
-2.058,-3.185
-2.324,-3.504
-2.532,-3.422
-2.601,-3.482
-2.944,-3.246
-3.047,-3.292
3.14,-3.594
2.586,-3.276
2.235,-3.32
2.109,-3.35
1.906,-3.453
1.959,-3.223
1.838,-3.482
1.412,-3.465
1.228,0.889
1.223,1.055
0.719,1.254
0.28,1.184
0.101,1.004
-0.794,1.328
-1.096,1.031
-1.087,1.228
-1.169,1.304
-1.296,1.344
-1.446,0.946
-1.375,1.009
-1.629,1.243
-1.701,1.373
-1.814,1.268
-1.9,0.952
-2.187,1.361
-2.532,1.142
-2.817,1.29
2.831,1.027
2.506,1.099
2.445,1.134
2.09,0.99
1.72,1.315
1.731,1.256
1.468,1.187
0.581,-2.05
0.086,-1.542
-0.556,0.479
-1.537,-2.449
-2.855,-0.465
2.72,0.518
-1.314,-3.468
1.148,1.216
1.363,0.788
1.21,-0.989
1.123,0.8
0.996,0.46
1.076,-2.645
1.088,-0.797
0.846,-1.022
0.829,0.361
0.776,0.913
0.646,-2.014
0.536,-0.761
0.622,-1.257
0.618,-0.648
0.57,-0.325
0.502,-1.035
0.475,-0.65
0.416,-0.143
0.322,0.001
0.126,0.767
0.102,0.48
0.182,0.659
0.118,-2.225
-0.089,0.409
-0.237,-0.731
-0.322,-1.81
-0.366,-2.858
-0.239,-2.633
-0.456,-2.983
-0.464,-2.046
-0.477,-1.993
-0.37,-0.046
-0.409,-1.106
-0.513,-1.461
-0.588,-1.622
-0.58,-0.03
-0.589,-3.074
-0.788,-1.819
-0.676,-1.605
-0.715,-2.119
-0.899,0.8
-0.845,-1.436
-0.913,0.89
-1.16,0.629
-1.319,-1.061
-1.359,-1.828
-1.505,-2.854
-1.426,-1.616
-1.618,-1.007
-1.536,-2.936
-1.557,-1.794
-1.718,-1.541
-1.646,-1.449
-1.754,0.467
-1.763,-2.599
-1.776,0.192
-1.805,-0.99
-1.871,-1.552
-1.86,-2.066
-1.829,-0.911
-1.906,-0.216
-2.299,-1.315
-2.271,-1.345
-2.375,-1.961
-2.309,-2.654
-2.333,0.264
-2.549,0.381
-2.454,-3.054
-2.59,-2.581
-2.6,-2.761
-2.53,-0.384
-2.528,0.639
-2.718,0.495
-2.636,0.18
-2.809,-1.472
-2.827,-2.744
-2.808,-1.636
-2.835,-0.862
-2.964,0.852
-3.013,0.378
-2.894,-1.034
-3.031,-1.836
-3.056,-2.041
-3.137,0.669
2.765,0.944
2.772,-2.111
2.465,-1.832
2.536,-0.55
2.447,-0.997
2.23,0.437
2.339,-2.119
2.134,-1.829
2.114,-1.872
1.663,-0.979
1.735,-0.598
1.557,-0.1
1.546,0.298
1.593,-1.559
1.385,-0.163
1.548,-2.406
1.306,-2.316
1.304,-2.981
0.826,-3.192
0.251,-3.341
0.123,-3.234
-0.384,-3.266
-0.964,-3.407
-0.974,-3.37
-1.337,-3.093
-2.046,-3.301
-2.206,-3.44
-2.146,-3.339
-2.37,-3.277
-2.549,-3.426
-2.838,-3.451
3.141,-3.238
2.766,-3.4
2.519,-3.203
2.131,-3.309
1.74,-3.378
1.317,1.101
1.161,1.28
1.088,1.278
1.184,1.276
1.146,1.201
0.238,1.23
-1.559,1.084
-1.659,1.06
-1.816,1.167
-2.499,0.889
-3.121,1.183
2.627,0.992
0.171,0.336
0.021,0.559
0.021,-2.159
-0.146,0.701
-2.978,-0.428
2.757,0.355
2.622,0.359
-1.55,-1.953
-2.067,-1.922
3.06,-0.42
3.064,-0.315
2.037,-0.798
2.05,0.006
1.893,-0.831
1.898,0.172
0.837,-2.18
0.838,-1.173
-1.53,-1.021
0.939,0.983
3.008,-2.928
2.88,1.085
0.02,0.237
0.018,1.657
-0.126,0.955
-0.1,1.545
-0.147,-0.189
-0.222,-0.239
-0.187,1.993
-0.214,1.703
-0.343,0.496
-0.329,0.443
-0.421,-0.262
-0.466,-0.969
-0.515,-0.24
-0.807,-1.203
-0.806,0.737
-0.947,0.232
-0.938,0.608
-0.924,0.893
-1.082,-1.222
-1.181,-0.472
-1.244,0.844
-1.261,1.569
-1.278,-0.222
-1.359,2.135
-1.43,0.859
-1.392,-0.636
-1.4,-1.443
-1.544,1.324
-1.56,1.457
-1.617,-0.817
-1.61,0.122
-1.579,-0.608
-1.641,0.613
-1.633,1.526
-1.638,-0.977
-1.68,0.064
-1.722,-0.28
-1.751,-1.209
-1.777,-0.277
-1.81,-0.565
-1.813,-0.534
-1.737,-1.517
-1.787,-0.505
-1.849,1.325
-1.896,-1.363
-1.926,-1.598
-1.888,0.044
-1.939,0.268
-1.963,0.184
-1.898,-1.058
-1.929,0.787
-1.924,-1.424
-1.933,2.035
-2.031,1.825
-2.044,2.272
-2.031,-1.392
-2.128,0.205
-2.087,2.168
-2.121,0.756
-2.176,1.973
-2.177,1.572
-2.202,-1.416
-2.197,0.777
-2.152,0.471
-2.24,0.118
-2.301,-0.404
-2.244,-0.278
-2.305,1.646
-2.402,1.221
-2.345,-0.681
-2.424,0.243
-2.472,1.092
-2.566,0.542
-2.498,-1.5
-2.548,-0.353
-2.589,1.785
-2.665,0.253
-2.707,-1.265
-2.708,0.42
-2.678,-1.049
-2.671,-1.082
-2.843,1.1
-2.814,0.525
-2.899,0.619
-2.906,-1.093
-2.896,-0.01
-2.951,-0.37
-3.12,2.231
-3.062,-1.2
-3.124,-1.32
3.089,-1.566
-3.129,2.175
3.043,-0.664
3.011,2.315
3.012,-0.135
2.982,-0.308
2.817,2.34
2.712,-0.099
2.773,-1.147
2.741,-0.386
2.708,-0.611
2.564,-1.33
2.507,0.227
2.422,2.06
2.386,2.359
2.381,-0.162
2.271,1.073
2.303,-1.082
2.24,-0.81
2.25,-1.531
2.246,1.731
2.188,1.946
2.201,2.307
2.013,-1.524
1.755,-0.918
1.663,-0.634
1.658,0.952
1.673,0.526
1.65,2.223
1.641,1.0
1.576,2.207
1.612,-0.722
1.613,1.142
1.542,0.943
1.457,0.249
1.456,1.629
1.402,0.277
1.404,-1.231
1.384,1.858
1.397,0.056
1.334,0.044
1.307,0.497
0.989,-1.964
0.441,-1.616
0.412,-1.721
0.424,-1.635
0.25,-2.018
-1.267,-1.539
-1.593,-1.761
-1.811,-1.688
-2.093,-1.68
-2.359,-1.999
-2.567,-1.917
-2.636,-1.977
-2.979,-1.741
-3.082,-1.787
3.105,-2.089
2.551,-1.771
2.2,-1.815
2.074,-1.845
1.871,-1.948
1.924,-1.718
1.803,-1.977
1.377,-1.96
1.193,2.394
1.188,2.56
0.684,2.759
0.245,2.689
0.066,2.509
-0.829,2.833
-1.131,2.536
-1.122,2.733
-1.204,2.809
-1.331,2.849
-1.481,2.451
-1.41,2.514
-1.664,2.748
-1.736,2.878
-1.849,2.773
-1.935,2.457
-2.222,2.866
-2.567,2.647
-2.852,2.795
2.796,2.532
2.471,2.604
2.41,2.639
2.055,2.495
1.685,2.82
1.696,2.761
1.433,2.692
0.546,-0.545
0.051,-0.037
-0.591,1.984
-1.572,-0.944
-2.89,1.04
2.685,2.023
-1.349,-1.963
1.113,2.721
1.328,2.293
1.175,0.516
1.088,2.305
0.961,1.965
1.041,-1.14
1.053,0.708
0.811,0.483
0.794,1.866
0.741,2.418
0.611,-0.509
0.501,0.744
0.587,0.248
0.583,0.857
0.535,1.18
0.467,0.47
0.44,0.855
0.381,1.362
0.287,1.506
0.091,2.272
0.067,1.985
0.147,2.164
0.083,-0.72
-0.124,1.914
-0.272,0.774
-0.357,-0.305
-0.401,-1.353
-0.274,-1.128
-0.491,-1.478
-0.499,-0.541
-0.512,-0.488
-0.405,1.459
-0.444,0.399
-0.548,0.044
-0.623,-0.117
-0.615,1.475
-0.624,-1.569
-0.823,-0.314
-0.711,-0.1
-0.75,-0.614
-0.934,2.305
-0.88,0.069
-0.948,2.395
-1.195,2.134
-1.354,0.444
-1.394,-0.323
-1.54,-1.349
-1.461,-0.111
-1.653,0.498
-1.571,-1.431
-1.592,-0.289
-1.753,-0.036
-1.681,0.056
-1.789,1.972
-1.798,-1.094
-1.811,1.697
-1.84,0.515
-1.906,-0.047
-1.895,-0.561
-1.864,0.594
-1.941,1.289
-2.334,0.19
-2.306,0.16
-2.41,-0.456
-2.344,-1.149
-2.368,1.769
-2.584,1.886
-2.489,-1.549
-2.625,-1.076
-2.635,-1.256
-2.565,1.121
-2.563,2.144
-2.753,2.0
-2.671,1.685
-2.844,0.033
-2.862,-1.239
-2.843,-0.131
-2.87,0.643
-2.999,2.357
-3.048,1.883
-2.929,0.471
-3.066,-0.331
-3.091,-0.536
3.111,2.174
2.73,2.449
2.737,-0.606
2.43,-0.327
2.501,0.955
2.412,0.508
2.195,1.942
2.304,-0.614
2.099,-0.324
2.079,-0.367
1.628,0.526
1.7,0.907
1.522,1.405
1.511,1.803
1.558,-0.054
1.35,1.342
1.513,-0.901
1.271,-0.811
1.269,-1.476
0.791,-1.687
0.216,-1.836
0.088,-1.729
-0.419,-1.761
-0.999,-1.902
-1.009,-1.865
-1.372,-1.588
-2.081,-1.796
-2.241,-1.935
-2.181,-1.834
-2.405,-1.772
-2.584,-1.921
-2.873,-1.946
3.106,-1.733
2.731,-1.895
2.484,-1.698
2.096,-1.804
1.705,-1.873
1.282,2.606
1.126,2.785
1.053,2.783
1.149,2.781
1.111,2.706
0.203,2.735
-1.594,2.589
-1.694,2.565
-1.851,2.672
-2.534,2.394
3.127,2.688
2.592,2.497
0.136,1.841
-0.014,2.064
-0.014,-0.654
-0.181,2.206
-3.013,1.077
2.722,1.86
2.587,1.864
-1.585,-0.448
-2.102,-0.417
3.025,1.085
3.029,1.19
2.002,0.707
2.015,1.511
1.858,0.674
1.863,1.677
0.802,-0.675
0.803,0.332
-1.565,0.484
0.904,2.488
2.973,-1.423
2.845,2.59
-0.002,1.42
-0.146,0.718
-0.12,1.308
-0.167,-0.426
-0.242,-0.476
-0.207,1.756
-0.234,1.466
-0.363,0.259
-0.349,0.206
-0.441,-0.499
-0.486,-1.206
-0.535,-0.477
-0.827,-1.44
-0.826,0.5
-0.967,-0.005
-0.958,0.371
-0.944,0.656
-1.102,-1.459
-1.201,-0.709
-1.264,0.607
-1.281,1.332
-1.298,-0.459
-1.379,1.898
-1.45,0.622
-1.412,-0.873
-1.42,-1.68
-1.564,1.087
-1.58,1.22
-1.637,-1.054
-1.63,-0.115
-1.599,-0.845
-1.661,0.376
-1.653,1.289
-1.658,-1.214
-1.7,-0.173
-1.742,-0.517
-1.771,-1.446
-1.797,-0.514
-1.83,-0.802
-1.833,-0.771
-1.757,-1.754
-1.807,-0.742
-1.869,1.088
-1.916,-1.6
-1.946,-1.835
-1.908,-0.193
-1.959,0.031
-1.983,-0.053
-1.918,-1.295
-1.949,0.55
-1.944,-1.661
-1.953,1.798
-2.051,1.588
-2.064,2.035
-2.051,-1.629
-2.148,-0.032
-2.107,1.931
-2.141,0.519
-2.196,1.736
-2.197,1.335
-2.222,-1.653
-2.217,0.54
-2.172,0.234
-2.26,-0.119
-2.321,-0.641
-2.264,-0.515
-2.325,1.409
-2.422,0.984
-2.365,-0.918
-2.444,0.006
-2.492,0.855
-2.586,0.305
-2.518,-1.737
-2.568,-0.59
-2.609,1.548
-2.685,0.016
-2.727,-1.502
-2.728,0.183
-2.698,-1.286
-2.691,-1.319
-2.863,0.863
-2.834,0.288
-2.919,0.382
-2.926,-1.33
-2.916,-0.247
-2.971,-0.607
-3.14,1.994
-3.082,-1.437
3.139,-1.557
3.069,-1.803
3.134,1.938
3.023,-0.901
2.991,2.078
2.992,-0.372
2.962,-0.545
2.797,2.103
2.692,-0.336
2.753,-1.384
2.721,-0.623
2.688,-0.848
2.544,-1.567
2.487,-0.01
2.402,1.823
2.366,2.122
2.361,-0.399
2.251,0.836
2.283,-1.319
2.22,-1.047
2.23,-1.768
2.226,1.494
2.168,1.709
2.181,2.07
1.993,-1.761
1.735,-1.155
1.643,-0.871
1.638,0.715
1.653,0.289
1.63,1.986
1.621,0.763
1.556,1.97
1.592,-0.959
1.593,0.905
1.522,0.706
1.437,0.012
1.436,1.392
1.382,0.04
1.384,-1.468
1.364,1.621
1.377,-0.181
1.314,-0.193
1.287,0.26
0.969,-2.201
0.421,-1.853
0.392,-1.958
0.404,-1.872
0.23,-2.255
-1.287,-1.776
-1.613,-1.998
-1.831,-1.925
-2.113,-1.917
-2.379,-2.236
-2.587,-2.154
-2.656,-2.214
-2.999,-1.978
-3.102,-2.024
3.085,-2.326
2.531,-2.008
2.18,-2.052
2.054,-2.082
1.851,-2.185
1.904,-1.955
1.783,-2.214
1.357,-2.197
1.173,2.157
1.168,2.323
0.664,2.522
0.225,2.452
0.046,2.272
-0.849,2.596
-1.151,2.299
-1.142,2.496
-1.224,2.572
-1.351,2.612
-1.501,2.214
-1.43,2.277
-1.684,2.511
-1.756,2.641
-1.869,2.536
-1.955,2.22
-2.242,2.629
-2.587,2.41
-2.872,2.558
2.776,2.295
2.451,2.367
2.39,2.402
2.035,2.258
1.665,2.583
1.676,2.524
1.413,2.455
0.526,-0.782
0.031,-0.274
-0.611,1.747
-1.592,-1.181
-2.91,0.803
2.665,1.786
-1.369,-2.2
1.093,2.484
1.308,2.056
1.155,0.279
1.068,2.068
0.941,1.728
1.021,-1.377
1.033,0.471
0.791,0.246
0.774,1.629
0.721,2.181
0.591,-0.746
0.481,0.507
0.567,0.011
0.563,0.62
0.515,0.943
0.447,0.233
0.42,0.618
0.361,1.125
0.267,1.269
0.071,2.035
0.047,1.748
0.127,1.927
0.063,-0.957
-0.144,1.677
-0.292,0.537
-0.377,-0.542
-0.421,-1.59
-0.294,-1.365
-0.511,-1.715
-0.519,-0.778
-0.532,-0.725
-0.425,1.222
-0.464,0.162
-0.568,-0.193
-0.643,-0.354
-0.635,1.238
-0.644,-1.806
-0.843,-0.551
-0.731,-0.337
-0.77,-0.851
-0.954,2.068
-0.9,-0.168
-0.968,2.158
-1.215,1.897
-1.374,0.207
-1.414,-0.56
-1.56,-1.586
-1.481,-0.348
-1.673,0.261
-1.591,-1.668
-1.612,-0.526
-1.773,-0.273
-1.701,-0.181
-1.809,1.735
-1.818,-1.331
-1.831,1.46
-1.86,0.278
-1.926,-0.284
-1.915,-0.798
-1.884,0.357
-1.961,1.052
-2.354,-0.047
-2.326,-0.077
-2.43,-0.693
-2.364,-1.386
-2.388,1.532
-2.604,1.649
-2.509,-1.786
-2.645,-1.313
-2.655,-1.493
-2.585,0.884
-2.583,1.907
-2.773,1.763
-2.691,1.448
-2.864,-0.204
-2.882,-1.476
-2.863,-0.368
-2.89,0.406
-3.019,2.12
-3.068,1.646
-2.949,0.234
-3.086,-0.568
-3.111,-0.773
3.091,1.937
2.71,2.212
2.717,-0.843
2.41,-0.564
2.481,0.718
2.392,0.271
2.175,1.705
2.284,-0.851
2.079,-0.561
2.059,-0.604
1.608,0.289
1.68,0.67
1.502,1.168
1.491,1.566
1.538,-0.291
1.33,1.105
1.493,-1.138
1.251,-1.048
1.249,-1.713
0.771,-1.924
0.196,-2.073
0.068,-1.966
-0.439,-1.998
-1.019,-2.139
-1.029,-2.102
-1.392,-1.825
-2.101,-2.033
-2.261,-2.172
-2.201,-2.071
-2.425,-2.009
-2.604,-2.158
-2.893,-2.183
3.086,-1.97
2.711,-2.132
2.464,-1.935
2.076,-2.041
1.685,-2.11
1.262,2.369
1.106,2.548
1.033,2.546
1.129,2.544
1.091,2.469
0.183,2.498
-1.614,2.352
-1.714,2.328
-1.871,2.435
-2.554,2.157
3.107,2.451
2.572,2.26
0.116,1.604
-0.034,1.827
-0.034,-0.891
-0.201,1.969
-3.033,0.84
2.702,1.623
2.567,1.627
-1.605,-0.685
-2.122,-0.654
3.005,0.848
3.009,0.953
1.982,0.47
1.995,1.274
1.838,0.437
1.843,1.44
0.782,-0.912
0.783,0.095
-1.585,0.247
0.884,2.251
2.953,-1.66
2.825,2.353
-0.144,-0.702
-0.118,-0.112
-0.165,-1.846
-0.24,-1.896
-0.205,0.336
-0.232,0.046
-0.361,-1.161
-0.347,-1.214
-0.439,-1.919
-0.484,-2.626
-0.533,-1.897
-0.825,-2.86
-0.824,-0.92
-0.965,-1.425
-0.956,-1.049
-0.942,-0.764
-1.1,-2.879
-1.199,-2.129
-1.262,-0.813
-1.279,-0.088
-1.296,-1.879
-1.377,0.478
-1.448,-0.798
-1.41,-2.293
-1.418,-3.1
-1.562,-0.333
-1.578,-0.2
-1.635,-2.474
-1.628,-1.535
-1.597,-2.265
-1.659,-1.044
-1.651,-0.131
-1.656,-2.634
-1.698,-1.593
-1.74,-1.937
-1.769,-2.866
-1.795,-1.934
-1.828,-2.222
-1.831,-2.191
-1.755,-3.174
-1.805,-2.162
-1.867,-0.332
-1.914,-3.02
-1.944,-3.255
-1.906,-1.613
-1.957,-1.389
-1.981,-1.473
-1.916,-2.715
-1.947,-0.87
-1.942,-3.081
-1.951,0.378
-2.049,0.168
-2.062,0.615
-2.049,-3.049
-2.146,-1.452
-2.105,0.511
-2.139,-0.901
-2.194,0.316
-2.195,-0.085
-2.22,-3.073
-2.215,-0.88
-2.17,-1.186
-2.258,-1.539
-2.319,-2.061
-2.262,-1.935
-2.323,-0.011
-2.42,-0.436
-2.363,-2.338
-2.442,-1.414
-2.49,-0.565
-2.584,-1.115
-2.516,-3.157
-2.566,-2.01
-2.607,0.128
-2.683,-1.404
-2.725,-2.922
-2.726,-1.237
-2.696,-2.706
-2.689,-2.739
-2.861,-0.557
-2.832,-1.132
-2.917,-1.038
-2.924,-2.75
-2.914,-1.667
-2.969,-2.027
-3.138,0.574
-3.08,-2.857
3.141,-2.977
3.071,-3.223
3.136,0.518
3.025,-2.321
2.993,0.658
2.994,-1.792
2.964,-1.965
2.799,0.683
2.694,-1.756
2.755,-2.804
2.723,-2.043
2.69,-2.268
2.546,-2.987
2.489,-1.43
2.404,0.403
2.368,0.702
2.363,-1.819
2.253,-0.584
2.285,-2.739
2.222,-2.467
2.232,-3.188
2.228,0.074
2.17,0.289
2.183,0.65
1.995,-3.181
1.737,-2.575
1.645,-2.291
1.64,-0.705
1.655,-1.131
1.632,0.566
1.623,-0.657
1.558,0.55
1.594,-2.379
1.595,-0.515
1.524,-0.714
1.439,-1.408
1.438,-0.028
1.384,-1.38
1.386,-2.888
1.366,0.201
1.379,-1.601
1.316,-1.613
1.289,-1.16
0.971,-3.621
0.423,-3.273
0.394,-3.378
0.406,-3.292
0.232,-3.675
-1.285,-3.196
-1.611,-3.418
-1.829,-3.345
-2.111,-3.337
-2.377,-3.656
-2.585,-3.574
-2.654,-3.634
-2.997,-3.398
-3.1,-3.444
3.087,-3.746
2.533,-3.428
2.182,-3.472
2.056,-3.502
1.853,-3.605
1.906,-3.375
1.785,-3.634
1.359,-3.617
1.175,0.737
1.17,0.903
0.666,1.102
0.227,1.032
0.048,0.852
-0.847,1.176
-1.149,0.879
-1.14,1.076
-1.222,1.152
-1.349,1.192
-1.499,0.794
-1.428,0.857
-1.682,1.091
-1.754,1.221
-1.867,1.116
-1.953,0.8
-2.24,1.209
-2.585,0.99
-2.87,1.138
2.778,0.875
2.453,0.947
2.392,0.982
2.037,0.838
1.667,1.163
1.678,1.104
1.415,1.035
0.528,-2.202
0.033,-1.694
-0.609,0.327
-1.59,-2.601
-2.908,-0.617
2.667,0.366
-1.367,-3.62
1.095,1.064
1.31,0.636
1.157,-1.141
1.07,0.648
0.943,0.308
1.023,-2.797
1.035,-0.949
0.793,-1.174
0.776,0.209
0.723,0.761
0.593,-2.166
0.483,-0.913
0.569,-1.409
0.565,-0.8
0.517,-0.477
0.449,-1.187
0.422,-0.802
0.363,-0.295
0.269,-0.151
0.073,0.615
0.049,0.328
0.129,0.507
0.065,-2.377
-0.142,0.257
-0.29,-0.883
-0.375,-1.962
-0.419,-3.01
-0.292,-2.785
-0.509,-3.135
-0.517,-2.198
-0.53,-2.145
-0.423,-0.198
-0.462,-1.258
-0.566,-1.613
-0.641,-1.774
-0.633,-0.182
-0.642,-3.226
-0.841,-1.971
-0.729,-1.757
-0.768,-2.271
-0.952,0.648
-0.898,-1.588
-0.966,0.738
-1.213,0.477
-1.372,-1.213
-1.412,-1.98
-1.558,-3.006
-1.479,-1.768
-1.671,-1.159
-1.589,-3.088
-1.61,-1.946
-1.771,-1.693
-1.699,-1.601
-1.807,0.315
-1.816,-2.751
-1.829,0.04
-1.858,-1.142
-1.924,-1.704
-1.913,-2.218
-1.882,-1.063
-1.959,-0.368
-2.352,-1.467
-2.324,-1.497
-2.428,-2.113
-2.362,-2.806
-2.386,0.112
-2.602,0.229
-2.507,-3.206
-2.643,-2.733
-2.653,-2.913
-2.583,-0.536
-2.581,0.487
-2.771,0.343
-2.689,0.028
-2.862,-1.624
-2.88,-2.896
-2.861,-1.788
-2.888,-1.014
-3.017,0.7
-3.066,0.226
-2.947,-1.186
-3.084,-1.988
-3.109,-2.193
3.093,0.517
2.712,0.792
2.719,-2.263
2.412,-1.984
2.483,-0.702
2.394,-1.149
2.177,0.285
2.286,-2.271
2.081,-1.981
2.061,-2.024
1.61,-1.131
1.682,-0.75
1.504,-0.252
1.493,0.146
1.54,-1.711
1.332,-0.315
1.495,-2.558
1.253,-2.468
1.251,-3.133
0.773,-3.344
0.198,-3.493
0.07,-3.386
-0.437,-3.418
-1.017,-3.559
-1.027,-3.522
-1.39,-3.245
-2.099,-3.453
-2.259,-3.592
-2.199,-3.491
-2.423,-3.429
-2.602,-3.578
-2.891,-3.603
3.088,-3.39
2.713,-3.552
2.466,-3.355
2.078,-3.461
1.687,-3.53
1.264,0.949
1.108,1.128
1.035,1.126
1.131,1.124
1.093,1.049
0.185,1.078
-1.612,0.932
-1.712,0.908
-1.869,1.015
-2.552,0.737
3.109,1.031
2.574,0.84
0.118,0.184
-0.032,0.407
-0.032,-2.311
-0.199,0.549
-3.031,-0.58
2.704,0.203
2.569,0.207
-1.603,-2.105
-2.12,-2.074
3.007,-0.572
3.011,-0.467
1.984,-0.95
1.997,-0.146
1.84,-0.983
1.845,0.02
0.784,-2.332
0.785,-1.325
-1.583,-1.173
0.886,0.831
2.955,-3.08
2.827,0.933
0.026,0.59
-0.021,-1.144
-0.096,-1.194
-0.061,1.038
-0.088,0.748
-0.217,-0.459
-0.203,-0.512
-0.295,-1.217
-0.34,-1.924
-0.389,-1.195
-0.681,-2.158
-0.68,-0.218
-0.821,-0.723
-0.812,-0.347
-0.798,-0.062
-0.956,-2.177
-1.055,-1.427
-1.118,-0.111
-1.135,0.614
-1.152,-1.177
-1.233,1.18
-1.304,-0.096
-1.266,-1.591
-1.274,-2.398
-1.418,0.369
-1.434,0.502
-1.491,-1.772
-1.484,-0.833
-1.453,-1.563
-1.515,-0.342
-1.507,0.571
-1.512,-1.932
-1.554,-0.891
-1.596,-1.235
-1.625,-2.164
-1.651,-1.232
-1.684,-1.52
-1.687,-1.489
-1.611,-2.472
-1.661,-1.46
-1.723,0.37
-1.77,-2.318
-1.8,-2.553
-1.762,-0.911
-1.813,-0.687
-1.837,-0.771
-1.772,-2.013
-1.803,-0.168
-1.798,-2.379
-1.807,1.08
-1.905,0.87
-1.918,1.317
-1.905,-2.347
-2.002,-0.75
-1.961,1.213
-1.995,-0.199
-2.05,1.018
-2.051,0.617
-2.076,-2.371
-2.071,-0.178
-2.026,-0.484
-2.114,-0.837
-2.175,-1.359
-2.118,-1.233
-2.179,0.691
-2.276,0.266
-2.219,-1.636
-2.298,-0.712
-2.346,0.137
-2.44,-0.413
-2.372,-2.455
-2.422,-1.308
-2.463,0.83
-2.539,-0.702
-2.581,-2.22
-2.582,-0.535
-2.552,-2.004
-2.545,-2.037
-2.717,0.145
-2.688,-0.43
-2.773,-0.336
-2.78,-2.048
-2.77,-0.965
-2.825,-1.325
-2.994,1.276
-2.936,-2.155
-2.998,-2.275
-3.068,-2.521
-3.003,1.22
-3.114,-1.619
3.137,1.36
3.138,-1.09
3.108,-1.263
2.943,1.385
2.838,-1.054
2.899,-2.102
2.867,-1.341
2.834,-1.566
2.69,-2.285
2.633,-0.728
2.548,1.105
2.512,1.404
2.507,-1.117
2.397,0.118
2.429,-2.037
2.366,-1.765
2.376,-2.486
2.372,0.776
2.314,0.991
2.327,1.352
2.139,-2.479
1.881,-1.873
1.789,-1.589
1.784,-0.003
1.799,-0.429
1.776,1.268
1.767,0.045
1.702,1.252
1.738,-1.677
1.739,0.187
1.668,-0.012
1.583,-0.706
1.582,0.674
1.528,-0.678
1.53,-2.186
1.51,0.903
1.523,-0.899
1.46,-0.911
1.433,-0.458
1.115,-2.919
0.567,-2.571
0.538,-2.676
0.55,-2.59
0.376,-2.973
-1.141,-2.494
-1.467,-2.716
-1.685,-2.643
-1.967,-2.635
-2.233,-2.954
-2.441,-2.872
-2.51,-2.932
-2.853,-2.696
-2.956,-2.742
-3.052,-3.044
2.677,-2.726
2.326,-2.77
2.2,-2.8
1.997,-2.903
2.05,-2.673
1.929,-2.932
1.503,-2.915
1.319,1.439
1.314,1.605
0.81,1.804
0.371,1.734
0.192,1.554
-0.703,1.878
-1.005,1.581
-0.996,1.778
-1.078,1.854
-1.205,1.894
-1.355,1.496
-1.284,1.559
-1.538,1.793
-1.61,1.923
-1.723,1.818
-1.809,1.502
-2.096,1.911
-2.441,1.692
-2.726,1.84
2.922,1.577
2.597,1.649
2.536,1.684
2.181,1.54
1.811,1.865
1.822,1.806
1.559,1.737
0.672,-1.5
0.177,-0.992
-0.465,1.029
-1.446,-1.899
-2.764,0.085
2.811,1.068
-1.223,-2.918
1.239,1.766
1.454,1.338
1.301,-0.439
1.214,1.35
1.087,1.01
1.167,-2.095
1.179,-0.247
0.937,-0.472
0.92,0.911
0.867,1.463
0.737,-1.464
0.627,-0.211
0.713,-0.707
0.709,-0.098
0.661,0.225
0.593,-0.485
0.566,-0.1
0.507,0.407
0.413,0.551
0.217,1.317
0.193,1.03
0.273,1.209
0.209,-1.675
0.002,0.959
-0.146,-0.181
-0.231,-1.26
-0.275,-2.308
-0.148,-2.083
-0.365,-2.433
-0.373,-1.496
-0.386,-1.443
-0.279,0.504
-0.318,-0.556
-0.422,-0.911
-0.497,-1.072
-0.489,0.52
-0.498,-2.524
-0.697,-1.269
-0.585,-1.055
-0.624,-1.569
-0.808,1.35
-0.754,-0.886
-0.822,1.44
-1.069,1.179
-1.228,-0.511
-1.268,-1.278
-1.414,-2.304
-1.335,-1.066
-1.527,-0.457
-1.445,-2.386
-1.466,-1.244
-1.627,-0.991
-1.555,-0.899
-1.663,1.017
-1.672,-2.049
-1.685,0.742
-1.714,-0.44
-1.78,-1.002
-1.769,-1.516
-1.738,-0.361
-1.815,0.334
-2.208,-0.765
-2.18,-0.795
-2.284,-1.411
-2.218,-2.104
-2.242,0.814
-2.458,0.931
-2.363,-2.504
-2.499,-2.031
-2.509,-2.211
-2.439,0.166
-2.437,1.189
-2.627,1.045
-2.545,0.73
-2.718,-0.922
-2.736,-2.194
-2.717,-1.086
-2.744,-0.312
-2.873,1.402
-2.922,0.928
-2.803,-0.484
-2.94,-1.286
-2.965,-1.491
-3.046,1.219
2.856,1.494
2.863,-1.561
2.556,-1.282
2.627,0.0
2.538,-0.447
2.321,0.987
2.43,-1.569
2.225,-1.279
2.205,-1.322
1.754,-0.429
1.826,-0.048
1.648,0.45
1.637,0.848
1.684,-1.009
1.476,0.387
1.639,-1.856
1.397,-1.766
1.395,-2.431
0.917,-2.642
0.342,-2.791
0.214,-2.684
-0.293,-2.716
-0.873,-2.857
-0.883,-2.82
-1.246,-2.543
-1.955,-2.751
-2.115,-2.89
-2.055,-2.789
-2.279,-2.727
-2.458,-2.876
-2.747,-2.901
-3.051,-2.688
2.857,-2.85
2.61,-2.653
2.222,-2.759
1.831,-2.828
1.408,1.651
1.252,1.83
1.179,1.828
1.275,1.826
1.237,1.751
0.329,1.78
-1.468,1.634
-1.568,1.61
-1.725,1.717
-2.408,1.439
-3.03,1.733
2.718,1.542
0.262,0.886
0.112,1.109
0.112,-1.609
-0.055,1.251
-2.887,0.122
2.848,0.905
2.713,0.909
-1.459,-1.403
-1.976,-1.372
-3.132,0.13
-3.128,0.235
2.128,-0.248
2.141,0.556
1.984,-0.281
1.989,0.722
0.928,-1.63
0.929,-0.623
-1.439,-0.471
1.03,1.533
3.099,-2.378
2.971,1.635
-0.047,-1.734
-0.122,-1.784
-0.087,0.448
-0.114,0.158
-0.243,-1.049
-0.229,-1.102
-0.321,-1.807
-0.366,-2.514
-0.415,-1.785
-0.707,-2.748
-0.706,-0.808
-0.847,-1.313
-0.838,-0.937
-0.824,-0.652
-0.982,-2.767
-1.081,-2.017
-1.144,-0.701
-1.161,0.024
-1.178,-1.767
-1.259,0.59
-1.33,-0.686
-1.292,-2.181
-1.3,-2.988
-1.444,-0.221
-1.46,-0.088
-1.517,-2.362
-1.51,-1.423
-1.479,-2.153
-1.541,-0.932
-1.533,-0.019
-1.538,-2.522
-1.58,-1.481
-1.622,-1.825
-1.651,-2.754
-1.677,-1.822
-1.71,-2.11
-1.713,-2.079
-1.637,-3.062
-1.687,-2.05
-1.749,-0.22
-1.796,-2.908
-1.826,-3.143
-1.788,-1.501
-1.839,-1.277
-1.863,-1.361
-1.798,-2.603
-1.829,-0.758
-1.824,-2.969
-1.833,0.49
-1.931,0.28
-1.944,0.727
-1.931,-2.937
-2.028,-1.34
-1.987,0.623
-2.021,-0.789
-2.076,0.428
-2.077,0.027
-2.102,-2.961
-2.097,-0.768
-2.052,-1.074
-2.14,-1.427
-2.201,-1.949
-2.144,-1.823
-2.205,0.101
-2.302,-0.324
-2.245,-2.226
-2.324,-1.302
-2.372,-0.453
-2.466,-1.003
-2.398,-3.045
-2.448,-1.898
-2.489,0.24
-2.565,-1.292
-2.607,-2.81
-2.608,-1.125
-2.578,-2.594
-2.571,-2.627
-2.743,-0.445
-2.714,-1.02
-2.799,-0.926
-2.806,-2.638
-2.796,-1.555
-2.851,-1.915
-3.02,0.686
-2.962,-2.745
-3.024,-2.865
-3.094,-3.111
-3.029,0.63
-3.14,-2.209
3.111,0.77
3.112,-1.68
3.082,-1.853
2.917,0.795
2.812,-1.644
2.873,-2.692
2.841,-1.931
2.808,-2.156
2.664,-2.875
2.607,-1.318
2.522,0.515
2.486,0.814
2.481,-1.707
2.371,-0.472
2.403,-2.627
2.34,-2.355
2.35,-3.076
2.346,0.186
2.288,0.401
2.301,0.762
2.113,-3.069
1.855,-2.463
1.763,-2.179
1.758,-0.593
1.773,-1.019
1.75,0.678
1.741,-0.545
1.676,0.662
1.712,-2.267
1.713,-0.403
1.642,-0.602
1.557,-1.296
1.556,0.084
1.502,-1.268
1.504,-2.776
1.484,0.313
1.497,-1.489
1.434,-1.501
1.407,-1.048
1.089,-3.509
0.541,-3.161
0.512,-3.266
0.524,-3.18
0.35,-3.563
-1.167,-3.084
-1.493,-3.306
-1.711,-3.233
-1.993,-3.225
-2.259,-3.544
-2.467,-3.462
-2.536,-3.522
-2.879,-3.286
-2.982,-3.332
-3.078,-3.634
2.651,-3.316
2.3,-3.36
2.174,-3.39
1.971,-3.493
2.024,-3.263
1.903,-3.522
1.477,-3.505
1.293,0.849
1.288,1.015
0.784,1.214
0.345,1.144
0.166,0.964
-0.729,1.288
-1.031,0.991
-1.022,1.188
-1.104,1.264
-1.231,1.304
-1.381,0.906
-1.31,0.969
-1.564,1.203
-1.636,1.333
-1.749,1.228
-1.835,0.912
-2.122,1.321
-2.467,1.102
-2.752,1.25
2.896,0.987
2.571,1.059
2.51,1.094
2.155,0.95
1.785,1.275
1.796,1.216
1.533,1.147
0.646,-2.09
0.151,-1.582
-0.491,0.439
-1.472,-2.489
-2.79,-0.505
2.785,0.478
-1.249,-3.508
1.213,1.176
1.428,0.748
1.275,-1.029
1.188,0.76
1.061,0.42
1.141,-2.685
1.153,-0.837
0.911,-1.062
0.894,0.321
0.841,0.873
0.711,-2.054
0.601,-0.801
0.687,-1.297
0.683,-0.688
0.635,-0.365
0.567,-1.075
0.54,-0.69
0.481,-0.183
0.387,-0.039
0.191,0.727
0.167,0.44
0.247,0.619
0.183,-2.265
-0.024,0.369
-0.172,-0.771
-0.257,-1.85
-0.301,-2.898
-0.174,-2.673
-0.391,-3.023
-0.399,-2.086
-0.412,-2.033
-0.305,-0.086
-0.344,-1.146
-0.448,-1.501
-0.523,-1.662
-0.515,-0.07
-0.524,-3.114
-0.723,-1.859
-0.611,-1.645
-0.65,-2.159
-0.834,0.76
-0.78,-1.476
-0.848,0.85
-1.095,0.589
-1.254,-1.101
-1.294,-1.868
-1.44,-2.894
-1.361,-1.656
-1.553,-1.047
-1.471,-2.976
-1.492,-1.834
-1.653,-1.581
-1.581,-1.489
-1.689,0.427
-1.698,-2.639
-1.711,0.152
-1.74,-1.03
-1.806,-1.592
-1.795,-2.106
-1.764,-0.951
-1.841,-0.256
-2.234,-1.355
-2.206,-1.385
-2.31,-2.001
-2.244,-2.694
-2.268,0.224
-2.484,0.341
-2.389,-3.094
-2.525,-2.621
-2.535,-2.801
-2.465,-0.424
-2.463,0.599
-2.653,0.455
-2.571,0.14
-2.744,-1.512
-2.762,-2.784
-2.743,-1.676
-2.77,-0.902
-2.899,0.812
-2.948,0.338
-2.829,-1.074
-2.966,-1.876
-2.991,-2.081
-3.072,0.629
2.83,0.904
2.837,-2.151
2.53,-1.872
2.601,-0.59
2.512,-1.037
2.295,0.397
2.404,-2.159
2.199,-1.869
2.179,-1.912
1.728,-1.019
1.8,-0.638
1.622,-0.14
1.611,0.258
1.658,-1.599
1.45,-0.203
1.613,-2.446
1.371,-2.356
1.369,-3.021
0.891,-3.232
0.316,-3.381
0.188,-3.274
-0.319,-3.306
-0.899,-3.447
-0.909,-3.41
-1.272,-3.133
-1.981,-3.341
-2.141,-3.48
-2.081,-3.379
-2.305,-3.317
-2.484,-3.466
-2.773,-3.491
-3.077,-3.278
2.831,-3.44
2.584,-3.243
2.196,-3.349
1.805,-3.418
1.382,1.061
1.226,1.24
1.153,1.238
1.249,1.236
1.211,1.161
0.303,1.19
-1.494,1.044
-1.594,1.02
-1.751,1.127
-2.434,0.849
-3.056,1.143
2.692,0.952
0.236,0.296
0.086,0.519
0.086,-2.199
-0.081,0.661
-2.913,-0.468
2.822,0.315
2.687,0.319
-1.485,-1.993
-2.002,-1.962
3.125,-0.46
3.129,-0.355
2.102,-0.838
2.115,-0.034
1.958,-0.871
1.963,0.132
0.902,-2.22
0.903,-1.213
-1.465,-1.061
1.004,0.943
3.073,-2.968
2.945,1.045
-0.075,-0.05
-0.04,2.182
-0.067,1.892
-0.196,0.685
-0.182,0.632
-0.274,-0.073
-0.319,-0.78
-0.368,-0.051
-0.66,-1.014
-0.659,0.926
-0.8,0.421
-0.791,0.797
-0.777,1.082
-0.935,-1.033
-1.034,-0.283
-1.097,1.033
-1.114,1.758
-1.131,-0.033
-1.212,2.324
-1.283,1.048
-1.245,-0.447
-1.253,-1.254
-1.397,1.513
-1.413,1.646
-1.47,-0.628
-1.463,0.311
-1.432,-0.419
-1.494,0.802
-1.486,1.715
-1.491,-0.788
-1.533,0.253
-1.575,-0.091
-1.604,-1.02
-1.63,-0.088
-1.663,-0.376
-1.666,-0.345
-1.59,-1.328
-1.64,-0.316
-1.702,1.514
-1.749,-1.174
-1.779,-1.409
-1.741,0.233
-1.792,0.457
-1.816,0.373
-1.751,-0.869
-1.782,0.976
-1.777,-1.235
-1.786,2.224
-1.884,2.014
-1.897,2.461
-1.884,-1.203
-1.981,0.394
-1.94,2.357
-1.974,0.945
-2.029,2.162
-2.03,1.761
-2.055,-1.227
-2.05,0.966
-2.005,0.66
-2.093,0.307
-2.154,-0.215
-2.097,-0.089
-2.158,1.835
-2.255,1.41
-2.198,-0.492
-2.277,0.432
-2.325,1.281
-2.419,0.731
-2.351,-1.311
-2.401,-0.164
-2.442,1.974
-2.518,0.442
-2.56,-1.076
-2.561,0.609
-2.531,-0.86
-2.524,-0.893
-2.696,1.289
-2.667,0.714
-2.752,0.808
-2.759,-0.904
-2.749,0.179
-2.804,-0.181
-2.973,2.42
-2.915,-1.011
-2.977,-1.131
-3.047,-1.377
-2.982,2.364
-3.093,-0.475
-3.125,2.504
-3.124,0.054
3.129,-0.119
2.964,2.529
2.859,0.09
2.92,-0.958
2.888,-0.197
2.855,-0.422
2.711,-1.141
2.654,0.416
2.569,2.249
2.533,2.548
2.528,0.027
2.418,1.262
2.45,-0.893
2.387,-0.621
2.397,-1.342
2.393,1.92
2.335,2.135
2.348,2.496
2.16,-1.335
1.902,-0.729
1.81,-0.445
1.805,1.141
1.82,0.715
1.797,2.412
1.788,1.189
1.723,2.396
1.759,-0.533
1.76,1.331
1.689,1.132
1.604,0.438
1.603,1.818
1.549,0.466
1.551,-1.042
1.531,2.047
1.544,0.245
1.481,0.233
1.454,0.686
1.136,-1.775
0.588,-1.427
0.559,-1.532
0.571,-1.446
0.397,-1.829
-1.12,-1.35
-1.446,-1.572
-1.664,-1.499
-1.946,-1.491
-2.212,-1.81
-2.42,-1.728
-2.489,-1.788
-2.832,-1.552
-2.935,-1.598
-3.031,-1.9
2.698,-1.582
2.347,-1.626
2.221,-1.656
2.018,-1.759
2.071,-1.529
1.95,-1.788
1.524,-1.771
1.34,2.583
1.335,2.749
0.831,2.948
0.392,2.878
0.213,2.698
-0.682,3.022
-0.984,2.725
-0.975,2.922
-1.057,2.998
-1.184,3.038
-1.334,2.64
-1.263,2.703
-1.517,2.937
-1.589,3.067
-1.702,2.962
-1.788,2.646
-2.075,3.055
-2.42,2.836
-2.705,2.984
2.943,2.721
2.618,2.793
2.557,2.828
2.202,2.684
1.832,3.009
1.843,2.95
1.58,2.881
0.693,-0.356
0.198,0.152
-0.444,2.173
-1.425,-0.755
-2.743,1.229
2.832,2.212
-1.202,-1.774
1.26,2.91
1.475,2.482
1.322,0.705
1.235,2.494
1.108,2.154
1.188,-0.951
1.2,0.897
0.958,0.672
0.941,2.055
0.888,2.607
0.758,-0.32
0.648,0.933
0.734,0.437
0.73,1.046
0.682,1.369
0.614,0.659
0.587,1.044
0.528,1.551
0.434,1.695
0.238,2.461
0.214,2.174
0.294,2.353
0.23,-0.531
0.023,2.103
-0.125,0.963
-0.21,-0.116
-0.254,-1.164
-0.127,-0.939
-0.344,-1.289
-0.352,-0.352
-0.365,-0.299
-0.258,1.648
-0.297,0.588
-0.401,0.233
-0.476,0.072
-0.468,1.664
-0.477,-1.38
-0.676,-0.125
-0.564,0.089
-0.603,-0.425
-0.787,2.494
-0.733,0.258
-0.801,2.584
-1.048,2.323
-1.207,0.633
-1.247,-0.134
-1.393,-1.16
-1.314,0.078
-1.506,0.687
-1.424,-1.242
-1.445,-0.1
-1.606,0.153
-1.534,0.245
-1.642,2.161
-1.651,-0.905
-1.664,1.886
-1.693,0.704
-1.759,0.142
-1.748,-0.372
-1.717,0.783
-1.794,1.478
-2.187,0.379
-2.159,0.349
-2.263,-0.267
-2.197,-0.96
-2.221,1.958
-2.437,2.075
-2.342,-1.36
-2.478,-0.887
-2.488,-1.067
-2.418,1.31
-2.416,2.333
-2.606,2.189
-2.524,1.874
-2.697,0.222
-2.715,-1.05
-2.696,0.058
-2.723,0.832
-2.852,2.546
-2.901,2.072
-2.782,0.66
-2.919,-0.142
-2.944,-0.347
-3.025,2.363
2.877,2.638
2.884,-0.417
2.577,-0.138
2.648,1.144
2.559,0.697
2.342,2.131
2.451,-0.425
2.246,-0.135
2.226,-0.178
1.775,0.715
1.847,1.096
1.669,1.594
1.658,1.992
1.705,0.135
1.497,1.531
1.66,-0.712
1.418,-0.622
1.416,-1.287
0.938,-1.498
0.363,-1.647
0.235,-1.54
-0.272,-1.572
-0.852,-1.713
-0.862,-1.676
-1.225,-1.399
-1.934,-1.607
-2.094,-1.746
-2.034,-1.645
-2.258,-1.583
-2.437,-1.732
-2.726,-1.757
-3.03,-1.544
2.878,-1.706
2.631,-1.509
2.243,-1.615
1.852,-1.684
1.429,2.795
1.273,2.974
1.2,2.972
1.296,2.97
1.258,2.895
0.35,2.924
-1.447,2.778
-1.547,2.754
-1.704,2.861
-2.387,2.583
-3.009,2.877
2.739,2.686
0.283,2.03
0.133,2.253
0.133,-0.465
-0.034,2.395
-2.866,1.266
2.869,2.049
2.734,2.053
-1.438,-0.259
-1.955,-0.228
-3.111,1.274
-3.107,1.379
2.149,0.896
2.162,1.7
2.005,0.863
2.01,1.866
0.949,-0.486
0.95,0.521
-1.418,0.673
1.051,2.677
3.12,-1.234
2.992,2.779
0.035,2.232
0.008,1.942
-0.121,0.735
-0.107,0.682
-0.199,-0.023
-0.244,-0.73
-0.293,-0.001
-0.585,-0.964
-0.584,0.976
-0.725,0.471
-0.716,0.847
-0.702,1.132
-0.86,-0.983
-0.959,-0.233
-1.022,1.083
-1.039,1.808
-1.056,0.017
-1.137,2.374
-1.208,1.098
-1.17,-0.397
-1.178,-1.204
-1.322,1.563
-1.338,1.696
-1.395,-0.578
-1.388,0.361
-1.357,-0.369
-1.419,0.852
-1.411,1.765
-1.416,-0.738
-1.458,0.303
-1.5,-0.041
-1.529,-0.97
-1.555,-0.038
-1.588,-0.326
-1.591,-0.295
-1.515,-1.278
-1.565,-0.266
-1.627,1.564
-1.674,-1.124
-1.704,-1.359
-1.666,0.283
-1.717,0.507
-1.741,0.423
-1.676,-0.819
-1.707,1.026
-1.702,-1.185
-1.711,2.274
-1.809,2.064
-1.822,2.511
-1.809,-1.153
-1.906,0.444
-1.865,2.407
-1.899,0.995
-1.954,2.212
-1.955,1.811
-1.98,-1.177
-1.975,1.016
-1.93,0.71
-2.018,0.357
-2.079,-0.165
-2.022,-0.039
-2.083,1.885
-2.18,1.46
-2.123,-0.442
-2.202,0.482
-2.25,1.331
-2.344,0.781
-2.276,-1.261
-2.326,-0.114
-2.367,2.024
-2.443,0.492
-2.485,-1.026
-2.486,0.659
-2.456,-0.81
-2.449,-0.843
-2.621,1.339
-2.592,0.764
-2.677,0.858
-2.684,-0.854
-2.674,0.229
-2.729,-0.131
-2.898,2.47
-2.84,-0.961
-2.902,-1.081
-2.972,-1.327
-2.907,2.414
-3.018,-0.425
-3.05,2.554
-3.049,0.104
-3.079,-0.069
3.039,2.579
2.934,0.14
2.995,-0.908
2.963,-0.147
2.93,-0.372
2.786,-1.091
2.729,0.466
2.644,2.299
2.608,2.598
2.603,0.077
2.493,1.312
2.525,-0.843
2.462,-0.571
2.472,-1.292
2.468,1.97
2.41,2.185
2.423,2.546
2.235,-1.285
1.977,-0.679
1.885,-0.395
1.88,1.191
1.895,0.765
1.872,2.462
1.863,1.239
1.798,2.446
1.834,-0.483
1.835,1.381
1.764,1.182
1.679,0.488
1.678,1.868
1.624,0.516
1.626,-0.992
1.606,2.097
1.619,0.295
1.556,0.283
1.529,0.736
1.211,-1.725
0.663,-1.377
0.634,-1.482
0.646,-1.396
0.472,-1.779
-1.045,-1.3
-1.371,-1.522
-1.589,-1.449
-1.871,-1.441
-2.137,-1.76
-2.345,-1.678
-2.414,-1.738
-2.757,-1.502
-2.86,-1.548
-2.956,-1.85
2.773,-1.532
2.422,-1.576
2.296,-1.606
2.093,-1.709
2.146,-1.479
2.025,-1.738
1.599,-1.721
1.415,2.633
1.41,2.799
0.906,2.998
0.467,2.928
0.288,2.748
-0.607,3.072
-0.909,2.775
-0.9,2.972
-0.982,3.048
-1.109,3.088
-1.259,2.69
-1.188,2.753
-1.442,2.987
-1.514,3.117
-1.627,3.012
-1.713,2.696
-2.0,3.105
-2.345,2.886
-2.63,3.034
3.018,2.771
2.693,2.843
2.632,2.878
2.277,2.734
1.907,3.059
1.918,3.0
1.655,2.931
0.768,-0.306
0.273,0.202
-0.369,2.223
-1.35,-0.705
-2.668,1.279
2.907,2.262
-1.127,-1.724
1.335,2.96
1.55,2.532
1.397,0.755
1.31,2.544
1.183,2.204
1.263,-0.901
1.275,0.947
1.033,0.722
1.016,2.105
0.963,2.657
0.833,-0.27
0.723,0.983
0.809,0.487
0.805,1.096
0.757,1.419
0.689,0.709
0.662,1.094
0.603,1.601
0.509,1.745
0.313,2.511
0.289,2.224
0.369,2.403
0.305,-0.481
0.098,2.153
-0.05,1.013
-0.135,-0.066
-0.179,-1.114
-0.052,-0.889
-0.269,-1.239
-0.277,-0.302
-0.29,-0.249
-0.183,1.698
-0.222,0.638
-0.326,0.283
-0.401,0.122
-0.393,1.714
-0.402,-1.33
-0.601,-0.075
-0.489,0.139
-0.528,-0.375
-0.712,2.544
-0.658,0.308
-0.726,2.634
-0.973,2.373
-1.132,0.683
-1.172,-0.084
-1.318,-1.11
-1.239,0.128
-1.431,0.737
-1.349,-1.192
-1.37,-0.05
-1.531,0.203
-1.459,0.295
-1.567,2.211
-1.576,-0.855
-1.589,1.936
-1.618,0.754
-1.684,0.192
-1.673,-0.322
-1.642,0.833
-1.719,1.528
-2.112,0.429
-2.084,0.399
-2.188,-0.217
-2.122,-0.91
-2.146,2.008
-2.362,2.125
-2.267,-1.31
-2.403,-0.837
-2.413,-1.017
-2.343,1.36
-2.341,2.383
-2.531,2.239
-2.449,1.924
-2.622,0.272
-2.64,-1.0
-2.621,0.108
-2.648,0.882
-2.777,2.596
-2.826,2.122
-2.707,0.71
-2.844,-0.092
-2.869,-0.297
-2.95,2.413
2.952,2.688
2.959,-0.367
2.652,-0.088
2.723,1.194
2.634,0.747
2.417,2.181
2.526,-0.375
2.321,-0.085
2.301,-0.128
1.85,0.765
1.922,1.146
1.744,1.644
1.733,2.042
1.78,0.185
1.572,1.581
1.735,-0.662
1.493,-0.572
1.491,-1.237
1.013,-1.448
0.438,-1.597
0.31,-1.49
-0.197,-1.522
-0.777,-1.663
-0.787,-1.626
-1.15,-1.349
-1.859,-1.557
-2.019,-1.696
-1.959,-1.595
-2.183,-1.533
-2.362,-1.682
-2.651,-1.707
-2.955,-1.494
2.953,-1.656
2.706,-1.459
2.318,-1.565
1.927,-1.634
1.504,2.845
1.348,3.024
1.275,3.022
1.371,3.02
1.333,2.945
0.425,2.974
-1.372,2.828
-1.472,2.804
-1.629,2.911
-2.312,2.633
-2.934,2.927
2.814,2.736
0.358,2.08
0.208,2.303
0.208,-0.415
0.041,2.445
-2.791,1.316
2.944,2.099
2.809,2.103
-1.363,-0.209
-1.88,-0.178
-3.036,1.324
-3.032,1.429
2.224,0.946
2.237,1.75
2.08,0.913
2.085,1.916
1.024,-0.436
1.025,0.571
-1.343,0.723
1.126,2.727
-3.088,-1.184
3.067,2.829
-0.027,-0.29
-0.156,-1.497
-0.142,-1.55
-0.234,-2.255
-0.279,-2.962
-0.328,-2.233
-0.62,-3.196
-0.619,-1.256
-0.76,-1.761
-0.751,-1.385
-0.737,-1.1
-0.895,-3.215
-0.994,-2.465
-1.057,-1.149
-1.074,-0.424
-1.091,-2.215
-1.172,0.142
-1.243,-1.134
-1.205,-2.629
-1.213,-3.436
-1.357,-0.669
-1.373,-0.536
-1.43,-2.81
-1.423,-1.871
-1.392,-2.601
-1.454,-1.38
-1.446,-0.467
-1.451,-2.97
-1.493,-1.929
-1.535,-2.273
-1.564,-3.202
-1.59,-2.27
-1.623,-2.558
-1.626,-2.527
-1.55,-3.51
-1.6,-2.498
-1.662,-0.668
-1.709,-3.356
-1.739,-3.591
-1.701,-1.949
-1.752,-1.725
-1.776,-1.809
-1.711,-3.051
-1.742,-1.206
-1.737,-3.417
-1.746,0.042
-1.844,-0.168
-1.857,0.279
-1.844,-3.385
-1.941,-1.788
-1.9,0.175
-1.934,-1.237
-1.989,-0.02
-1.99,-0.421
-2.015,-3.409
-2.01,-1.216
-1.965,-1.522
-2.053,-1.875
-2.114,-2.397
-2.057,-2.271
-2.118,-0.347
-2.215,-0.772
-2.158,-2.674
-2.237,-1.75
-2.285,-0.901
-2.379,-1.451
-2.311,-3.493
-2.361,-2.346
-2.402,-0.208
-2.478,-1.74
-2.52,-3.258
-2.521,-1.573
-2.491,-3.042
-2.484,-3.075
-2.656,-0.893
-2.627,-1.468
-2.712,-1.374
-2.719,-3.086
-2.709,-2.003
-2.764,-2.363
-2.933,0.238
-2.875,-3.193
-2.937,-3.313
-3.007,-3.559
-2.942,0.182
-3.053,-2.657
-3.085,0.322
-3.084,-2.128
-3.114,-2.301
3.004,0.347
2.899,-2.092
2.96,-3.14
2.928,-2.379
2.895,-2.604
2.751,-3.323
2.694,-1.766
2.609,0.067
2.573,0.366
2.568,-2.155
2.458,-0.92
2.49,-3.075
2.427,-2.803
2.437,-3.524
2.433,-0.262
2.375,-0.047
2.388,0.314
2.2,-3.517
1.942,-2.911
1.85,-2.627
1.845,-1.041
1.86,-1.467
1.837,0.23
1.828,-0.993
1.763,0.214
1.799,-2.715
1.8,-0.851
1.729,-1.05
1.644,-1.744
1.643,-0.364
1.589,-1.716
1.591,-3.224
1.571,-0.135
1.584,-1.937
1.521,-1.949
1.494,-1.496
1.176,-3.957
0.628,-3.609
0.599,-3.714
0.611,-3.628
0.437,-4.011
-1.08,-3.532
-1.406,-3.754
-1.624,-3.681
-1.906,-3.673
-2.172,-3.992
-2.38,-3.91
-2.449,-3.97
-2.792,-3.734
-2.895,-3.78
-2.991,-4.082
2.738,-3.764
2.387,-3.808
2.261,-3.838
2.058,-3.941
2.111,-3.711
1.99,-3.97
1.564,-3.953
1.38,0.401
1.375,0.567
0.871,0.766
0.432,0.696
0.253,0.516
-0.642,0.84
-0.944,0.543
-0.935,0.74
-1.017,0.816
-1.144,0.856
-1.294,0.458
-1.223,0.521
-1.477,0.755
-1.549,0.885
-1.662,0.78
-1.748,0.464
-2.035,0.873
-2.38,0.654
-2.665,0.802
2.983,0.539
2.658,0.611
2.597,0.646
2.242,0.502
1.872,0.827
1.883,0.768
1.62,0.699
0.733,-2.538
0.238,-2.03
-0.404,-0.009
-1.385,-2.937
-2.703,-0.953
2.872,0.03
-1.162,-3.956
1.3,0.728
1.515,0.3
1.362,-1.477
1.275,0.312
1.148,-0.028
1.228,-3.133
1.24,-1.285
0.998,-1.51
0.981,-0.127
0.928,0.425
0.798,-2.502
0.688,-1.249
0.774,-1.745
0.77,-1.136
0.722,-0.813
0.654,-1.523
0.627,-1.138
0.568,-0.631
0.474,-0.487
0.278,0.279
0.254,-0.008
0.334,0.171
0.27,-2.713
0.063,-0.079
-0.085,-1.219
-0.17,-2.298
-0.214,-3.346
-0.087,-3.121
-0.304,-3.471
-0.312,-2.534
-0.325,-2.481
-0.218,-0.534
-0.257,-1.594
-0.361,-1.949
-0.436,-2.11
-0.428,-0.518
-0.437,-3.562
-0.636,-2.307
-0.524,-2.093
-0.563,-2.607
-0.747,0.312
-0.693,-1.924
-0.761,0.402
-1.008,0.141
-1.167,-1.549
-1.207,-2.316
-1.353,-3.342
-1.274,-2.104
-1.466,-1.495
-1.384,-3.424
-1.405,-2.282
-1.566,-2.029
-1.494,-1.937
-1.602,-0.021
-1.611,-3.087
-1.624,-0.296
-1.653,-1.478
-1.719,-2.04
-1.708,-2.554
-1.677,-1.399
-1.754,-0.704
-2.147,-1.803
-2.119,-1.833
-2.223,-2.449
-2.157,-3.142
-2.181,-0.224
-2.397,-0.107
-2.302,-3.542
-2.438,-3.069
-2.448,-3.249
-2.378,-0.872
-2.376,0.151
-2.566,0.007
-2.484,-0.308
-2.657,-1.96
-2.675,-3.232
-2.656,-2.124
-2.683,-1.35
-2.812,0.364
-2.861,-0.11
-2.742,-1.522
-2.879,-2.324
-2.904,-2.529
-2.985,0.181
2.917,0.456
2.924,-2.599
2.617,-2.32
2.688,-1.038
2.599,-1.485
2.382,-0.051
2.491,-2.607
2.286,-2.317
2.266,-2.36
1.815,-1.467
1.887,-1.086
1.709,-0.588
1.698,-0.19
1.745,-2.047
1.537,-0.651
1.7,-2.894
1.458,-2.804
1.456,-3.469
0.978,-3.68
0.403,-3.829
0.275,-3.722
-0.232,-3.754
-0.812,-3.895
-0.822,-3.858
-1.185,-3.581
-1.894,-3.789
-2.054,-3.928
-1.994,-3.827
-2.218,-3.765
-2.397,-3.914
-2.686,-3.939
-2.99,-3.726
2.918,-3.888
2.671,-3.691
2.283,-3.797
1.892,-3.866
1.469,0.613
1.313,0.792
1.24,0.79
1.336,0.788
1.298,0.713
0.39,0.742
-1.407,0.596
-1.507,0.572
-1.664,0.679
-2.347,0.401
-2.969,0.695
2.779,0.504
0.323,-0.152
0.173,0.071
0.173,-2.647
0.006,0.213
-2.826,-0.916
2.909,-0.133
2.774,-0.129
-1.398,-2.441
-1.915,-2.41
-3.071,-0.908
-3.067,-0.803
2.189,-1.286
2.202,-0.482
2.045,-1.319
2.05,-0.316
0.989,-2.668
0.99,-1.661
-1.378,-1.509
1.091,0.495
-3.123,-3.416
3.032,0.597
-0.129,-1.207
-0.115,-1.26
-0.207,-1.965
-0.252,-2.672
-0.301,-1.943
-0.593,-2.906
-0.592,-0.966
-0.733,-1.471
-0.724,-1.095
-0.71,-0.81
-0.868,-2.925
-0.967,-2.175
-1.03,-0.859
-1.047,-0.134
-1.064,-1.925
-1.145,0.432
-1.216,-0.844
-1.178,-2.339
-1.186,-3.146
-1.33,-0.379
-1.346,-0.246
-1.403,-2.52
-1.396,-1.581
-1.365,-2.311
-1.427,-1.09
-1.419,-0.177
-1.424,-2.68
-1.466,-1.639
-1.508,-1.983
-1.537,-2.912
-1.563,-1.98
-1.596,-2.268
-1.599,-2.237
-1.523,-3.22
-1.573,-2.208
-1.635,-0.378
-1.682,-3.066
-1.712,-3.301
-1.674,-1.659
-1.725,-1.435
-1.749,-1.519
-1.684,-2.761
-1.715,-0.916
-1.71,-3.127
-1.719,0.332
-1.817,0.122
-1.83,0.569
-1.817,-3.095
-1.914,-1.498
-1.873,0.465
-1.907,-0.947
-1.962,0.27
-1.963,-0.131
-1.988,-3.119
-1.983,-0.926
-1.938,-1.232
-2.026,-1.585
-2.087,-2.107
-2.03,-1.981
-2.091,-0.057
-2.188,-0.482
-2.131,-2.384
-2.21,-1.46
-2.258,-0.611
-2.352,-1.161
-2.284,-3.203
-2.334,-2.056
-2.375,0.082
-2.451,-1.45
-2.493,-2.968
-2.494,-1.283
-2.464,-2.752
-2.457,-2.785
-2.629,-0.603
-2.6,-1.178
-2.685,-1.084
-2.692,-2.796
-2.682,-1.713
-2.737,-2.073
-2.906,0.528
-2.848,-2.903
-2.91,-3.023
-2.98,-3.269
-2.915,0.472
-3.026,-2.367
-3.058,0.612
-3.057,-1.838
-3.087,-2.011
3.031,0.637
2.926,-1.802
2.987,-2.85
2.955,-2.089
2.922,-2.314
2.778,-3.033
2.721,-1.476
2.636,0.357
2.6,0.656
2.595,-1.865
2.485,-0.63
2.517,-2.785
2.454,-2.513
2.464,-3.234
2.46,0.028
2.402,0.243
2.415,0.604
2.227,-3.227
1.969,-2.621
1.877,-2.337
1.872,-0.751
1.887,-1.177
1.864,0.52
1.855,-0.703
1.79,0.504
1.826,-2.425
1.827,-0.561
1.756,-0.76
1.671,-1.454
1.67,-0.074
1.616,-1.426
1.618,-2.934
1.598,0.155
1.611,-1.647
1.548,-1.659
1.521,-1.206
1.203,-3.667
0.655,-3.319
0.626,-3.424
0.638,-3.338
0.464,-3.721
-1.053,-3.242
-1.379,-3.464
-1.597,-3.391
-1.879,-3.383
-2.145,-3.702
-2.353,-3.62
-2.422,-3.68
-2.765,-3.444
-2.868,-3.49
-2.964,-3.792
2.765,-3.474
2.414,-3.518
2.288,-3.548
2.085,-3.651
2.138,-3.421
2.017,-3.68
1.591,-3.663
1.407,0.691
1.402,0.857
0.898,1.056
0.459,0.986
0.28,0.806
-0.615,1.13
-0.917,0.833
-0.908,1.03
-0.99,1.106
-1.117,1.146
-1.267,0.748
-1.196,0.811
-1.45,1.045
-1.522,1.175
-1.635,1.07
-1.721,0.754
-2.008,1.163
-2.353,0.944
-2.638,1.092
3.01,0.829
2.685,0.901
2.624,0.936
2.269,0.792
1.899,1.117
1.91,1.058
1.647,0.989
0.76,-2.248
0.265,-1.74
-0.377,0.281
-1.358,-2.647
-2.676,-0.663
2.899,0.32
-1.135,-3.666
1.327,1.018
1.542,0.59
1.389,-1.187
1.302,0.602
1.175,0.262
1.255,-2.843
1.267,-0.995
1.025,-1.22
1.008,0.163
0.955,0.715
0.825,-2.212
0.715,-0.959
0.801,-1.455
0.797,-0.846
0.749,-0.523
0.681,-1.233
0.654,-0.848
0.595,-0.341
0.501,-0.197
0.305,0.569
0.281,0.282
0.361,0.461
0.297,-2.423
0.09,0.211
-0.058,-0.929
-0.143,-2.008
-0.187,-3.056
-0.06,-2.831
-0.277,-3.181
-0.285,-2.244
-0.298,-2.191
-0.191,-0.244
-0.23,-1.304
-0.334,-1.659
-0.409,-1.82
-0.401,-0.228
-0.41,-3.272
-0.609,-2.017
-0.497,-1.803
-0.536,-2.317
-0.72,0.602
-0.666,-1.634
-0.734,0.692
-0.981,0.431
-1.14,-1.259
-1.18,-2.026
-1.326,-3.052
-1.247,-1.814
-1.439,-1.205
-1.357,-3.134
-1.378,-1.992
-1.539,-1.739
-1.467,-1.647
-1.575,0.269
-1.584,-2.797
-1.597,-0.006
-1.626,-1.188
-1.692,-1.75
-1.681,-2.264
-1.65,-1.109
-1.727,-0.414
-2.12,-1.513
-2.092,-1.543
-2.196,-2.159
-2.13,-2.852
-2.154,0.066
-2.37,0.183
-2.275,-3.252
-2.411,-2.779
-2.421,-2.959
-2.351,-0.582
-2.349,0.441
-2.539,0.297
-2.457,-0.018
-2.63,-1.67
-2.648,-2.942
-2.629,-1.834
-2.656,-1.06
-2.785,0.654
-2.834,0.18
-2.715,-1.232
-2.852,-2.034
-2.877,-2.239
-2.958,0.471
2.944,0.746
2.951,-2.309
2.644,-2.03
2.715,-0.748
2.626,-1.195
2.409,0.239
2.518,-2.317
2.313,-2.027
2.293,-2.07
1.842,-1.177
1.914,-0.796
1.736,-0.298
1.725,0.1
1.772,-1.757
1.564,-0.361
1.727,-2.604
1.485,-2.514
1.483,-3.179
1.005,-3.39
0.43,-3.539
0.302,-3.432
-0.205,-3.464
-0.785,-3.605
-0.795,-3.568
-1.158,-3.291
-1.867,-3.499
-2.027,-3.638
-1.967,-3.537
-2.191,-3.475
-2.37,-3.624
-2.659,-3.649
-2.963,-3.436
2.945,-3.598
2.698,-3.401
2.31,-3.507
1.919,-3.576
1.496,0.903
1.34,1.082
1.267,1.08
1.363,1.078
1.325,1.003
0.417,1.032
-1.38,0.886
-1.48,0.862
-1.637,0.969
-2.32,0.691
-2.942,0.985
2.806,0.794
0.35,0.138
0.2,0.361
0.2,-2.357
0.033,0.503
-2.799,-0.626
2.936,0.157
2.801,0.161
-1.371,-2.151
-1.888,-2.12
-3.044,-0.618
-3.04,-0.513
2.216,-0.996
2.229,-0.192
2.072,-1.029
2.077,-0.026
1.016,-2.378
1.017,-1.371
-1.351,-1.219
1.118,0.785
-3.096,-3.126
3.059,0.887
0.014,-0.053
-0.078,-0.758
-0.123,-1.465
-0.172,-0.736
-0.464,-1.699
-0.463,0.241
-0.604,-0.264
-0.595,0.112
-0.581,0.397
-0.739,-1.718
-0.838,-0.968
-0.901,0.348
-0.918,1.073
-0.935,-0.718
-1.016,1.639
-1.087,0.363
-1.049,-1.132
-1.057,-1.939
-1.201,0.828
-1.217,0.961
-1.274,-1.313
-1.267,-0.374
-1.236,-1.104
-1.298,0.117
-1.29,1.03
-1.295,-1.473
-1.337,-0.432
-1.379,-0.776
-1.408,-1.705
-1.434,-0.773
-1.467,-1.061
-1.47,-1.03
-1.394,-2.013
-1.444,-1.001
-1.506,0.829
-1.553,-1.859
-1.583,-2.094
-1.545,-0.452
-1.596,-0.228
-1.62,-0.312
-1.555,-1.554
-1.586,0.291
-1.581,-1.92
-1.59,1.539
-1.688,1.329
-1.701,1.776
-1.688,-1.888
-1.785,-0.291
-1.744,1.672
-1.778,0.26
-1.833,1.477
-1.834,1.076
-1.859,-1.912
-1.854,0.281
-1.809,-0.025
-1.897,-0.378
-1.958,-0.9
-1.901,-0.774
-1.962,1.15
-2.059,0.725
-2.002,-1.177
-2.081,-0.253
-2.129,0.596
-2.223,0.046
-2.155,-1.996
-2.205,-0.849
-2.246,1.289
-2.322,-0.243
-2.364,-1.761
-2.365,-0.076
-2.335,-1.545
-2.328,-1.578
-2.5,0.604
-2.471,0.029
-2.556,0.123
-2.563,-1.589
-2.553,-0.506
-2.608,-0.866
-2.777,1.735
-2.719,-1.696
-2.781,-1.816
-2.851,-2.062
-2.786,1.679
-2.897,-1.16
-2.929,1.819
-2.928,-0.631
-2.958,-0.804
-3.123,1.844
3.055,-0.595
3.116,-1.643
3.084,-0.882
3.051,-1.107
2.907,-1.826
2.85,-0.269
2.765,1.564
2.729,1.863
2.724,-0.658
2.614,0.577
2.646,-1.578
2.583,-1.306
2.593,-2.027
2.589,1.235
2.531,1.45
2.544,1.811
2.356,-2.02
2.098,-1.414
2.006,-1.13
2.001,0.456
2.016,0.03
1.993,1.727
1.984,0.504
1.919,1.711
1.955,-1.218
1.956,0.646
1.885,0.447
1.8,-0.247
1.799,1.133
1.745,-0.219
1.747,-1.727
1.727,1.362
1.74,-0.44
1.677,-0.452
1.65,0.001
1.332,-2.46
0.784,-2.112
0.755,-2.217
0.767,-2.131
0.593,-2.514
-0.924,-2.035
-1.25,-2.257
-1.468,-2.184
-1.75,-2.176
-2.016,-2.495
-2.224,-2.413
-2.293,-2.473
-2.636,-2.237
-2.739,-2.283
-2.835,-2.585
2.894,-2.267
2.543,-2.311
2.417,-2.341
2.214,-2.444
2.267,-2.214
2.146,-2.473
1.72,-2.456
1.536,1.898
1.531,2.064
1.027,2.263
0.588,2.193
0.409,2.013
-0.486,2.337
-0.788,2.04
-0.779,2.237
-0.861,2.313
-0.988,2.353
-1.138,1.955
-1.067,2.018
-1.321,2.252
-1.393,2.382
-1.506,2.277
-1.592,1.961
-1.879,2.37
-2.224,2.151
-2.509,2.299
3.139,2.036
2.814,2.108
2.753,2.143
2.398,1.999
2.028,2.324
2.039,2.265
1.776,2.196
0.889,-1.041
0.394,-0.533
-0.248,1.488
-1.229,-1.44
-2.547,0.544
3.028,1.527
-1.006,-2.459
1.456,2.225
1.671,1.797
1.518,0.02
1.431,1.809
1.304,1.469
1.384,-1.636
1.396,0.212
1.154,-0.013
1.137,1.37
1.084,1.922
0.954,-1.005
0.844,0.248
0.93,-0.248
0.926,0.361
0.878,0.684
0.81,-0.026
0.783,0.359
0.724,0.866
0.63,1.01
0.434,1.776
0.41,1.489
0.49,1.668
0.426,-1.216
0.219,1.418
0.071,0.278
-0.014,-0.801
-0.058,-1.849
0.069,-1.624
-0.148,-1.974
-0.156,-1.037
-0.169,-0.984
-0.062,0.963
-0.101,-0.097
-0.205,-0.452
-0.28,-0.613
-0.272,0.979
-0.281,-2.065
-0.48,-0.81
-0.368,-0.596
-0.407,-1.11
-0.591,1.809
-0.537,-0.427
-0.605,1.899
-0.852,1.638
-1.011,-0.052
-1.051,-0.819
-1.197,-1.845
-1.118,-0.607
-1.31,0.002
-1.228,-1.927
-1.249,-0.785
-1.41,-0.532
-1.338,-0.44
-1.446,1.476
-1.455,-1.59
-1.468,1.201
-1.497,0.019
-1.563,-0.543
-1.552,-1.057
-1.521,0.098
-1.598,0.793
-1.991,-0.306
-1.963,-0.336
-2.067,-0.952
-2.001,-1.645
-2.025,1.273
-2.241,1.39
-2.146,-2.045
-2.282,-1.572
-2.292,-1.752
-2.222,0.625
-2.22,1.648
-2.41,1.504
-2.328,1.189
-2.501,-0.463
-2.519,-1.735
-2.5,-0.627
-2.527,0.147
-2.656,1.861
-2.705,1.387
-2.586,-0.025
-2.723,-0.827
-2.748,-1.032
-2.829,1.678
3.073,1.953
3.08,-1.102
2.773,-0.823
2.844,0.459
2.755,0.012
2.538,1.446
2.647,-1.11
2.442,-0.82
2.422,-0.863
1.971,0.03
2.043,0.411
1.865,0.909
1.854,1.307
1.901,-0.55
1.693,0.846
1.856,-1.397
1.614,-1.307
1.612,-1.972
1.134,-2.183
0.559,-2.332
0.431,-2.225
-0.076,-2.257
-0.656,-2.398
-0.666,-2.361
-1.029,-2.084
-1.738,-2.292
-1.898,-2.431
-1.838,-2.33
-2.062,-2.268
-2.241,-2.417
-2.53,-2.442
-2.834,-2.229
3.074,-2.391
2.827,-2.194
2.439,-2.3
2.048,-2.369
1.625,2.11
1.469,2.289
1.396,2.287
1.492,2.285
1.454,2.21
0.546,2.239
-1.251,2.093
-1.351,2.069
-1.508,2.176
-2.191,1.898
-2.813,2.192
2.935,2.001
0.479,1.345
0.329,1.568
0.329,-1.15
0.162,1.71
-2.67,0.581
3.065,1.364
2.93,1.368
-1.242,-0.944
-1.759,-0.913
-2.915,0.589
-2.911,0.694
2.345,0.211
2.358,1.015
2.201,0.178
2.206,1.181
1.145,-1.171
1.146,-0.164
-1.222,-0.012
1.247,1.992
-2.967,-1.919
-3.095,2.094
-0.092,-0.705
-0.137,-1.412
-0.186,-0.683
-0.478,-1.646
-0.477,0.294
-0.618,-0.211
-0.609,0.165
-0.595,0.45
-0.753,-1.665
-0.852,-0.915
-0.915,0.401
-0.932,1.126
-0.949,-0.665
-1.03,1.692
-1.101,0.416
-1.063,-1.079
-1.071,-1.886
-1.215,0.881
-1.231,1.014
-1.288,-1.26
-1.281,-0.321
-1.25,-1.051
-1.312,0.17
-1.304,1.083
-1.309,-1.42
-1.351,-0.379
-1.393,-0.723
-1.422,-1.652
-1.448,-0.72
-1.481,-1.008
-1.484,-0.977
-1.408,-1.96
-1.458,-0.948
-1.52,0.882
-1.567,-1.806
-1.597,-2.041
-1.559,-0.399
-1.61,-0.175
-1.634,-0.259
-1.569,-1.501
-1.6,0.344
-1.595,-1.867
-1.604,1.592
-1.702,1.382
-1.715,1.829
-1.702,-1.835
-1.799,-0.238
-1.758,1.725
-1.792,0.313
-1.847,1.53
-1.848,1.129
-1.873,-1.859
-1.868,0.334
-1.823,0.028
-1.911,-0.325
-1.972,-0.847
-1.915,-0.721
-1.976,1.203
-2.073,0.778
-2.016,-1.124
-2.095,-0.2
-2.143,0.649
-2.237,0.099
-2.169,-1.943
-2.219,-0.796
-2.26,1.342
-2.336,-0.19
-2.378,-1.708
-2.379,-0.023
-2.349,-1.492
-2.342,-1.525
-2.514,0.657
-2.485,0.082
-2.57,0.176
-2.577,-1.536
-2.567,-0.453
-2.622,-0.813
-2.791,1.788
-2.733,-1.643
-2.795,-1.763
-2.865,-2.009
-2.8,1.732
-2.911,-1.107
-2.943,1.872
-2.942,-0.578
-2.972,-0.751
-3.137,1.897
3.041,-0.542
3.102,-1.59
3.07,-0.829
3.037,-1.054
2.893,-1.773
2.836,-0.216
2.751,1.617
2.715,1.916
2.71,-0.605
2.6,0.63
2.632,-1.525
2.569,-1.253
2.579,-1.974
2.575,1.288
2.517,1.503
2.53,1.864
2.342,-1.967
2.084,-1.361
1.992,-1.077
1.987,0.509
2.002,0.083
1.979,1.78
1.97,0.557
1.905,1.764
1.941,-1.165
1.942,0.699
1.871,0.5
1.786,-0.194
1.785,1.186
1.731,-0.166
1.733,-1.674
1.713,1.415
1.726,-0.387
1.663,-0.399
1.636,0.054
1.318,-2.407
0.77,-2.059
0.741,-2.164
0.753,-2.078
0.579,-2.461
-0.938,-1.982
-1.264,-2.204
-1.482,-2.131
-1.764,-2.123
-2.03,-2.442
-2.238,-2.36
-2.307,-2.42
-2.65,-2.184
-2.753,-2.23
-2.849,-2.532
2.88,-2.214
2.529,-2.258
2.403,-2.288
2.2,-2.391
2.253,-2.161
2.132,-2.42
1.706,-2.403
1.522,1.951
1.517,2.117
1.013,2.316
0.574,2.246
0.395,2.066
-0.5,2.39
-0.802,2.093
-0.793,2.29
-0.875,2.366
-1.002,2.406
-1.152,2.008
-1.081,2.071
-1.335,2.305
-1.407,2.435
-1.52,2.33
-1.606,2.014
-1.893,2.423
-2.238,2.204
-2.523,2.352
3.125,2.089
2.8,2.161
2.739,2.196
2.384,2.052
2.014,2.377
2.025,2.318
1.762,2.249
0.875,-0.988
0.38,-0.48
-0.262,1.541
-1.243,-1.387
-2.561,0.597
3.014,1.58
-1.02,-2.406
1.442,2.278
1.657,1.85
1.504,0.073
1.417,1.862
1.29,1.522
1.37,-1.583
1.382,0.265
1.14,0.04
1.123,1.423
1.07,1.975
0.94,-0.952
0.83,0.301
0.916,-0.195
0.912,0.414
0.864,0.737
0.796,0.027
0.769,0.412
0.71,0.919
0.616,1.063
0.42,1.829
0.396,1.542
0.476,1.721
0.412,-1.163
0.205,1.471
0.057,0.331
-0.028,-0.748
-0.072,-1.796
0.055,-1.571
-0.162,-1.921
-0.17,-0.984
-0.183,-0.931
-0.076,1.016
-0.115,-0.044
-0.219,-0.399
-0.294,-0.56
-0.286,1.032
-0.295,-2.012
-0.494,-0.757
-0.382,-0.543
-0.421,-1.057
-0.605,1.862
-0.551,-0.374
-0.619,1.952
-0.866,1.691
-1.025,0.001
-1.065,-0.766
-1.211,-1.792
-1.132,-0.554
-1.324,0.055
-1.242,-1.874
-1.263,-0.732
-1.424,-0.479
-1.352,-0.387
-1.46,1.529
-1.469,-1.537
-1.482,1.254
-1.511,0.072
-1.577,-0.49
-1.566,-1.004
-1.535,0.151
-1.612,0.846
-2.005,-0.253
-1.977,-0.283
-2.081,-0.899
-2.015,-1.592
-2.039,1.326
-2.255,1.443
-2.16,-1.992
-2.296,-1.519
-2.306,-1.699
-2.236,0.678
-2.234,1.701
-2.424,1.557
-2.342,1.242
-2.515,-0.41
-2.533,-1.682
-2.514,-0.574
-2.541,0.2
-2.67,1.914
-2.719,1.44
-2.6,0.028
-2.737,-0.774
-2.762,-0.979
-2.843,1.731
3.059,2.006
3.066,-1.049
2.759,-0.77
2.83,0.512
2.741,0.065
2.524,1.499
2.633,-1.057
2.428,-0.767
2.408,-0.81
1.957,0.083
2.029,0.464
1.851,0.962
1.84,1.36
1.887,-0.497
1.679,0.899
1.842,-1.344
1.6,-1.254
1.598,-1.919
1.12,-2.13
0.545,-2.279
0.417,-2.172
-0.09,-2.204
-0.67,-2.345
-0.68,-2.308
-1.043,-2.031
-1.752,-2.239
-1.912,-2.378
-1.852,-2.277
-2.076,-2.215
-2.255,-2.364
-2.544,-2.389
-2.848,-2.176
3.06,-2.338
2.813,-2.141
2.425,-2.247
2.034,-2.316
1.611,2.163
1.455,2.342
1.382,2.34
1.478,2.338
1.44,2.263
0.532,2.292
-1.265,2.146
-1.365,2.122
-1.522,2.229
-2.205,1.951
-2.827,2.245
2.921,2.054
0.465,1.398
0.315,1.621
0.315,-1.097
0.148,1.763
-2.684,0.634
3.051,1.417
2.916,1.421
-1.256,-0.891
-1.773,-0.86
-2.929,0.642
-2.925,0.747
2.331,0.264
2.344,1.068
2.187,0.231
2.192,1.234
1.131,-1.118
1.132,-0.111
-1.236,0.041
1.233,2.045
-2.981,-1.866
-3.109,2.147
-0.045,-0.707
-0.094,0.022
-0.386,-0.941
-0.385,0.999
-0.526,0.494
-0.517,0.87
-0.503,1.155
-0.661,-0.96
-0.76,-0.21
-0.823,1.106
-0.84,1.831
-0.857,0.04
-0.938,2.397
-1.009,1.121
-0.971,-0.374
-0.979,-1.181
-1.123,1.586
-1.139,1.719
-1.196,-0.555
-1.189,0.384
-1.158,-0.346
-1.22,0.875
-1.212,1.788
-1.217,-0.715
-1.259,0.326
-1.301,-0.018
-1.33,-0.947
-1.356,-0.015
-1.389,-0.303
-1.392,-0.272
-1.316,-1.255
-1.366,-0.243
-1.428,1.587
-1.475,-1.101
-1.505,-1.336
-1.467,0.306
-1.518,0.53
-1.542,0.446
-1.477,-0.796
-1.508,1.049
-1.503,-1.162
-1.512,2.297
-1.61,2.087
-1.623,2.534
-1.61,-1.13
-1.707,0.467
-1.666,2.43
-1.7,1.018
-1.755,2.235
-1.756,1.834
-1.781,-1.154
-1.776,1.039
-1.731,0.733
-1.819,0.38
-1.88,-0.142
-1.823,-0.016
-1.884,1.908
-1.981,1.483
-1.924,-0.419
-2.003,0.505
-2.051,1.354
-2.145,0.804
-2.077,-1.238
-2.127,-0.091
-2.168,2.047
-2.244,0.515
-2.286,-1.003
-2.287,0.682
-2.257,-0.787
-2.25,-0.82
-2.422,1.362
-2.393,0.787
-2.478,0.881
-2.485,-0.831
-2.475,0.252
-2.53,-0.108
-2.699,2.493
-2.641,-0.938
-2.703,-1.058
-2.773,-1.304
-2.708,2.437
-2.819,-0.402
-2.851,2.577
-2.85,0.127
-2.88,-0.046
-3.045,2.602
3.133,0.163
-3.089,-0.885
-3.121,-0.124
3.129,-0.349
2.985,-1.068
2.928,0.489
2.843,2.322
2.807,2.621
2.802,0.1
2.692,1.335
2.724,-0.82
2.661,-0.548
2.671,-1.269
2.667,1.993
2.609,2.208
2.622,2.569
2.434,-1.262
2.176,-0.656
2.084,-0.372
2.079,1.214
2.094,0.788
2.071,2.485
2.062,1.262
1.997,2.469
2.033,-0.46
2.034,1.404
1.963,1.205
1.878,0.511
1.877,1.891
1.823,0.539
1.825,-0.969
1.805,2.12
1.818,0.318
1.755,0.306
1.728,0.759
1.41,-1.702
0.862,-1.354
0.833,-1.459
0.845,-1.373
0.671,-1.756
-0.846,-1.277
-1.172,-1.499
-1.39,-1.426
-1.672,-1.418
-1.938,-1.737
-2.146,-1.655
-2.215,-1.715
-2.558,-1.479
-2.661,-1.525
-2.757,-1.827
2.972,-1.509
2.621,-1.553
2.495,-1.583
2.292,-1.686
2.345,-1.456
2.224,-1.715
1.798,-1.698
1.614,2.656
1.609,2.822
1.105,3.021
0.666,2.951
0.487,2.771
-0.408,3.095
-0.71,2.798
-0.701,2.995
-0.783,3.071
-0.91,3.111
-1.06,2.713
-0.989,2.776
-1.243,3.01
-1.315,3.14
-1.428,3.035
-1.514,2.719
-1.801,3.128
-2.146,2.909
-2.431,3.057
-3.066,2.794
2.892,2.866
2.831,2.901
2.476,2.757
2.106,3.082
2.117,3.023
1.854,2.954
0.967,-0.283
0.472,0.225
-0.17,2.246
-1.151,-0.682
-2.469,1.302
3.106,2.285
-0.928,-1.701
1.534,2.983
1.749,2.555
1.596,0.778
1.509,2.567
1.382,2.227
1.462,-0.878
1.474,0.97
1.232,0.745
1.215,2.128
1.162,2.68
1.032,-0.247
0.922,1.006
1.008,0.51
1.004,1.119
0.956,1.442
0.888,0.732
0.861,1.117
0.802,1.624
0.708,1.768
0.512,2.534
0.488,2.247
0.568,2.426
0.504,-0.458
0.297,2.176
0.149,1.036
0.064,-0.043
0.02,-1.091
0.147,-0.866
-0.07,-1.216
-0.078,-0.279
-0.091,-0.226
0.016,1.721
-0.023,0.661
-0.127,0.306
-0.202,0.145
-0.194,1.737
-0.203,-1.307
-0.402,-0.052
-0.29,0.162
-0.329,-0.352
-0.513,2.567
-0.459,0.331
-0.527,2.657
-0.774,2.396
-0.933,0.706
-0.973,-0.061
-1.119,-1.087
-1.04,0.151
-1.232,0.76
-1.15,-1.169
-1.171,-0.027
-1.332,0.226
-1.26,0.318
-1.368,2.234
-1.377,-0.832
-1.39,1.959
-1.419,0.777
-1.485,0.215
-1.474,-0.299
-1.443,0.856
-1.52,1.551
-1.913,0.452
-1.885,0.422
-1.989,-0.194
-1.923,-0.887
-1.947,2.031
-2.163,2.148
-2.068,-1.287
-2.204,-0.814
-2.214,-0.994
-2.144,1.383
-2.142,2.406
-2.332,2.262
-2.25,1.947
-2.423,0.295
-2.441,-0.977
-2.422,0.131
-2.449,0.905
-2.578,2.619
-2.627,2.145
-2.508,0.733
-2.645,-0.069
-2.67,-0.274
-2.751,2.436
-3.132,2.711
-3.125,-0.344
2.851,-0.065
2.922,1.217
2.833,0.77
2.616,2.204
2.725,-0.352
2.52,-0.062
2.5,-0.105
2.049,0.788
2.121,1.169
1.943,1.667
1.932,2.065
1.979,0.208
1.771,1.604
1.934,-0.639
1.692,-0.549
1.69,-1.214
1.212,-1.425
0.637,-1.574
0.509,-1.467
0.002,-1.499
-0.578,-1.64
-0.588,-1.603
-0.951,-1.326
-1.66,-1.534
-1.82,-1.673
-1.76,-1.572
-1.984,-1.51
-2.163,-1.659
-2.452,-1.684
-2.756,-1.471
-3.131,-1.633
2.905,-1.436
2.517,-1.542
2.126,-1.611
1.703,2.868
1.547,3.047
1.474,3.045
1.57,3.043
1.532,2.968
0.624,2.997
-1.173,2.851
-1.273,2.827
-1.43,2.934
-2.113,2.656
-2.735,2.95
3.013,2.759
0.557,2.103
0.407,2.326
0.407,-0.392
0.24,2.468
-2.592,1.339
-3.14,2.122
3.008,2.126
-1.164,-0.186
-1.681,-0.155
-2.837,1.347
-2.833,1.452
2.423,0.969
2.436,1.773
2.279,0.936
2.284,1.939
1.223,-0.413
1.224,0.594
-1.144,0.746
1.325,2.75
-2.889,-1.161
-3.017,2.852
-0.049,0.729
-0.341,-0.234
-0.34,1.706
-0.481,1.201
-0.472,1.577
-0.458,1.862
-0.616,-0.253
-0.715,0.497
-0.778,1.813
-0.795,2.538
-0.812,0.747
-0.893,3.104
-0.964,1.828
-0.926,0.333
-0.934,-0.474
-1.078,2.293
-1.094,2.426
-1.151,0.152
-1.144,1.091
-1.113,0.361
-1.175,1.582
-1.167,2.495
-1.172,-0.008
-1.214,1.033
-1.256,0.689
-1.285,-0.24
-1.311,0.692
-1.344,0.404
-1.347,0.435
-1.271,-0.548
-1.321,0.464
-1.383,2.294
-1.43,-0.394
-1.46,-0.629
-1.422,1.013
-1.473,1.237
-1.497,1.153
-1.432,-0.089
-1.463,1.756
-1.458,-0.455
-1.467,3.004
-1.565,2.794
-1.578,3.241
-1.565,-0.423
-1.662,1.174
-1.621,3.137
-1.655,1.725
-1.71,2.942
-1.711,2.541
-1.736,-0.447
-1.731,1.746
-1.686,1.44
-1.774,1.087
-1.835,0.565
-1.778,0.691
-1.839,2.615
-1.936,2.19
-1.879,0.288
-1.958,1.212
-2.006,2.061
-2.1,1.511
-2.032,-0.531
-2.082,0.616
-2.123,2.754
-2.199,1.222
-2.241,-0.296
-2.242,1.389
-2.212,-0.08
-2.205,-0.113
-2.377,2.069
-2.348,1.494
-2.433,1.588
-2.44,-0.124
-2.43,0.959
-2.485,0.599
-2.654,3.2
-2.596,-0.231
-2.658,-0.351
-2.728,-0.597
-2.663,3.144
-2.774,0.305
-2.806,3.284
-2.805,0.834
-2.835,0.661
-3.0,3.309
-3.105,0.87
-3.044,-0.178
-3.076,0.583
-3.109,0.358
3.03,-0.361
2.973,1.196
2.888,3.029
2.852,3.328
2.847,0.807
2.737,2.042
2.769,-0.113
2.706,0.159
2.716,-0.562
2.712,2.7
2.654,2.915
2.667,3.276
2.479,-0.555
2.221,0.051
2.129,0.335
2.124,1.921
2.139,1.495
2.116,3.192
2.107,1.969
2.042,3.176
2.078,0.247
2.079,2.111
2.008,1.912
1.923,1.218
1.922,2.598
1.868,1.246
1.87,-0.262
1.85,2.827
1.863,1.025
1.8,1.013
1.773,1.466
1.455,-0.995
0.907,-0.647
0.878,-0.752
0.89,-0.666
0.716,-1.049
-0.801,-0.57
-1.127,-0.792
-1.345,-0.719
-1.627,-0.711
-1.893,-1.03
-2.101,-0.948
-2.17,-1.008
-2.513,-0.772
-2.616,-0.818
-2.712,-1.12
3.017,-0.802
2.666,-0.846
2.54,-0.876
2.337,-0.979
2.39,-0.749
2.269,-1.008
1.843,-0.991
1.659,3.363
1.654,3.529
1.15,3.728
0.711,3.658
0.532,3.478
-0.363,3.802
-0.665,3.505
-0.656,3.702
-0.738,3.778
-0.865,3.818
-1.015,3.42
-0.944,3.483
-1.198,3.717
-1.27,3.847
-1.383,3.742
-1.469,3.426
-1.756,3.835
-2.101,3.616
-2.386,3.764
-3.021,3.501
2.937,3.573
2.876,3.608
2.521,3.464
2.151,3.789
2.162,3.73
1.899,3.661
1.012,0.424
0.517,0.932
-0.125,2.953
-1.106,0.025
-2.424,2.009
-3.132,2.992
-0.883,-0.994
1.579,3.69
1.794,3.262
1.641,1.485
1.554,3.274
1.427,2.934
1.507,-0.171
1.519,1.677
1.277,1.452
1.26,2.835
1.207,3.387
1.077,0.46
0.967,1.713
1.053,1.217
1.049,1.826
1.001,2.149
0.933,1.439
0.906,1.824
0.847,2.331
0.753,2.475
0.557,3.241
0.533,2.954
0.613,3.133
0.549,0.249
0.342,2.883
0.194,1.743
0.109,0.664
0.065,-0.384
0.192,-0.159
-0.025,-0.509
-0.033,0.428
-0.046,0.481
0.061,2.428
0.022,1.368
-0.082,1.013
-0.157,0.852
-0.149,2.444
-0.158,-0.6
-0.357,0.655
-0.245,0.869
-0.284,0.355
-0.468,3.274
-0.414,1.038
-0.482,3.364
-0.729,3.103
-0.888,1.413
-0.928,0.646
-1.074,-0.38
-0.995,0.858
-1.187,1.467
-1.105,-0.462
-1.126,0.68
-1.287,0.933
-1.215,1.025
-1.323,2.941
-1.332,-0.125
-1.345,2.666
-1.374,1.484
-1.44,0.922
-1.429,0.408
-1.398,1.563
-1.475,2.258
-1.868,1.159
-1.84,1.129
-1.944,0.513
-1.878,-0.18
-1.902,2.738
-2.118,2.855
-2.023,-0.58
-2.159,-0.107
-2.169,-0.287
-2.099,2.09
-2.097,3.113
-2.287,2.969
-2.205,2.654
-2.378,1.002
-2.396,-0.27
-2.377,0.838
-2.404,1.612
-2.533,3.326
-2.582,2.852
-2.463,1.44
-2.6,0.638
-2.625,0.433
-2.706,3.143
-3.087,3.418
-3.08,0.363
2.896,0.642
2.967,1.924
2.878,1.477
2.661,2.911
2.77,0.355
2.565,0.645
2.545,0.602
2.094,1.495
2.166,1.876
1.988,2.374
1.977,2.772
2.024,0.915
1.816,2.311
1.979,0.068
1.737,0.158
1.735,-0.507
1.257,-0.718
0.682,-0.867
0.554,-0.76
0.047,-0.792
-0.533,-0.933
-0.543,-0.896
-0.906,-0.619
-1.615,-0.827
-1.775,-0.966
-1.715,-0.865
-1.939,-0.803
-2.118,-0.952
-2.407,-0.977
-2.711,-0.764
-3.086,-0.926
2.95,-0.729
2.562,-0.835
2.171,-0.904
1.748,3.575
1.592,3.754
1.519,3.752
1.615,3.75
1.577,3.675
0.669,3.704
-1.128,3.558
-1.228,3.534
-1.385,3.641
-2.068,3.363
-2.69,3.657
3.058,3.466
0.602,2.81
0.452,3.033
0.452,0.315
0.285,3.175
-2.547,2.046
-3.095,2.829
3.053,2.833
-1.119,0.521
-1.636,0.552
-2.792,2.054
-2.788,2.159
2.468,1.676
2.481,2.48
2.324,1.643
2.329,2.646
1.268,0.294
1.269,1.301
-1.099,1.453
1.37,3.457
-2.844,-0.454
-2.972,3.559
-0.292,-0.963
-0.291,0.977
-0.432,0.472
-0.423,0.848
-0.409,1.133
-0.567,-0.982
-0.666,-0.232
-0.729,1.084
-0.746,1.809
-0.763,0.018
-0.844,2.375
-0.915,1.099
-0.877,-0.396
-0.885,-1.203
-1.029,1.564
-1.045,1.697
-1.102,-0.577
-1.095,0.362
-1.064,-0.368
-1.126,0.853
-1.118,1.766
-1.123,-0.737
-1.165,0.304
-1.207,-0.04
-1.236,-0.969
-1.262,-0.037
-1.295,-0.325
-1.298,-0.294
-1.222,-1.277
-1.272,-0.265
-1.334,1.565
-1.381,-1.123
-1.411,-1.358
-1.373,0.284
-1.424,0.508
-1.448,0.424
-1.383,-0.818
-1.414,1.027
-1.409,-1.184
-1.418,2.275
-1.516,2.065
-1.529,2.512
-1.516,-1.152
-1.613,0.445
-1.572,2.408
-1.606,0.996
-1.661,2.213
-1.662,1.812
-1.687,-1.176
-1.682,1.017
-1.637,0.711
-1.725,0.358
-1.786,-0.164
-1.729,-0.038
-1.79,1.886
-1.887,1.461
-1.83,-0.441
-1.909,0.483
-1.957,1.332
-2.051,0.782
-1.983,-1.26
-2.033,-0.113
-2.074,2.025
-2.15,0.493
-2.192,-1.025
-2.193,0.66
-2.163,-0.809
-2.156,-0.842
-2.328,1.34
-2.299,0.765
-2.384,0.859
-2.391,-0.853
-2.381,0.23
-2.436,-0.13
-2.605,2.471
-2.547,-0.96
-2.609,-1.08
-2.679,-1.326
-2.614,2.415
-2.725,-0.424
-2.757,2.555
-2.756,0.105
-2.786,-0.068
-2.951,2.58
-3.056,0.141
-2.995,-0.907
-3.027,-0.146
-3.06,-0.371
3.079,-1.09
3.022,0.467
2.937,2.3
2.901,2.599
2.896,0.078
2.786,1.313
2.818,-0.842
2.755,-0.57
2.765,-1.291
2.761,1.971
2.703,2.186
2.716,2.547
2.528,-1.284
2.27,-0.678
2.178,-0.394
2.173,1.192
2.188,0.766
2.165,2.463
2.156,1.24
2.091,2.447
2.127,-0.482
2.128,1.382
2.057,1.183
1.972,0.489
1.971,1.869
1.917,0.517
1.919,-0.991
1.899,2.098
1.912,0.296
1.849,0.284
1.822,0.737
1.504,-1.724
0.956,-1.376
0.927,-1.481
0.939,-1.395
0.765,-1.778
-0.752,-1.299
-1.078,-1.521
-1.296,-1.448
-1.578,-1.44
-1.844,-1.759
-2.052,-1.677
-2.121,-1.737
-2.464,-1.501
-2.567,-1.547
-2.663,-1.849
3.066,-1.531
2.715,-1.575
2.589,-1.605
2.386,-1.708
2.439,-1.478
2.318,-1.737
1.892,-1.72
1.708,2.634
1.703,2.8
1.199,2.999
0.76,2.929
0.581,2.749
-0.314,3.073
-0.616,2.776
-0.607,2.973
-0.689,3.049
-0.816,3.089
-0.966,2.691
-0.895,2.754
-1.149,2.988
-1.221,3.118
-1.334,3.013
-1.42,2.697
-1.707,3.106
-2.052,2.887
-2.337,3.035
-2.972,2.772
2.986,2.844
2.925,2.879
2.57,2.735
2.2,3.06
2.211,3.001
1.948,2.932
1.061,-0.305
0.566,0.203
-0.076,2.224
-1.057,-0.704
-2.375,1.28
-3.083,2.263
-0.834,-1.723
1.628,2.961
1.843,2.533
1.69,0.756
1.603,2.545
1.476,2.205
1.556,-0.9
1.568,0.948
1.326,0.723
1.309,2.106
1.256,2.658
1.126,-0.269
1.016,0.984
1.102,0.488
1.098,1.097
1.05,1.42
0.982,0.71
0.955,1.095
0.896,1.602
0.802,1.746
0.606,2.512
0.582,2.225
0.662,2.404
0.598,-0.48
0.391,2.154
0.243,1.014
0.158,-0.065
0.114,-1.113
0.241,-0.888
0.024,-1.238
0.016,-0.301
0.003,-0.248
0.11,1.699
0.071,0.639
-0.033,0.284
-0.108,0.123
-0.1,1.715
-0.109,-1.329
-0.308,-0.074
-0.196,0.14
-0.235,-0.374
-0.419,2.545
-0.365,0.309
-0.433,2.635
-0.68,2.374
-0.839,0.684
-0.879,-0.083
-1.025,-1.109
-0.946,0.129
-1.138,0.738
-1.056,-1.191
-1.077,-0.049
-1.238,0.204
-1.166,0.296
-1.274,2.212
-1.283,-0.854
-1.296,1.937
-1.325,0.755
-1.391,0.193
-1.38,-0.321
-1.349,0.834
-1.426,1.529
-1.819,0.43
-1.791,0.4
-1.895,-0.216
-1.829,-0.909
-1.853,2.009
-2.069,2.126
-1.974,-1.309
-2.11,-0.836
-2.12,-1.016
-2.05,1.361
-2.048,2.384
-2.238,2.24
-2.156,1.925
-2.329,0.273
-2.347,-0.999
-2.328,0.109
-2.355,0.883
-2.484,2.597
-2.533,2.123
-2.414,0.711
-2.551,-0.091
-2.576,-0.296
-2.657,2.414
-3.038,2.689
-3.031,-0.366
2.945,-0.087
3.016,1.195
2.927,0.748
2.71,2.182
2.819,-0.374
2.614,-0.084
2.594,-0.127
2.143,0.766
2.215,1.147
2.037,1.645
2.026,2.043
2.073,0.186
1.865,1.582
2.028,-0.661
1.786,-0.571
1.784,-1.236
1.306,-1.447
0.731,-1.596
0.603,-1.489
0.096,-1.521
-0.484,-1.662
-0.494,-1.625
-0.857,-1.348
-1.566,-1.556
-1.726,-1.695
-1.666,-1.594
-1.89,-1.532
-2.069,-1.681
-2.358,-1.706
-2.662,-1.493
-3.037,-1.655
2.999,-1.458
2.611,-1.564
2.22,-1.633
1.797,2.846
1.641,3.025
1.568,3.023
1.664,3.021
1.626,2.946
0.718,2.975
-1.079,2.829
-1.179,2.805
-1.336,2.912
-2.019,2.634
-2.641,2.928
3.107,2.737
0.651,2.081
0.501,2.304
0.501,-0.414
0.334,2.446
-2.498,1.317
-3.046,2.1
3.102,2.104
-1.07,-0.208
-1.587,-0.177
-2.743,1.325
-2.739,1.43
2.517,0.947
2.53,1.751
2.373,0.914
2.378,1.917
1.317,-0.435
1.318,0.572
-1.05,0.724
1.419,2.728
-2.795,-1.183
-2.923,2.83
0.001,1.94
-0.14,1.435
-0.131,1.811
-0.117,2.096
-0.275,-0.019
-0.374,0.731
-0.437,2.047
-0.454,2.772
-0.471,0.981
-0.552,3.338
-0.623,2.062
-0.585,0.567
-0.593,-0.24
-0.737,2.527
-0.753,2.66
-0.81,0.386
-0.803,1.325
-0.772,0.595
-0.834,1.816
-0.826,2.729
-0.831,0.226
-0.873,1.267
-0.915,0.923
-0.944,-0.006
-0.97,0.926
-1.003,0.638
-1.006,0.669
-0.93,-0.314
-0.98,0.698
-1.042,2.528
-1.089,-0.16
-1.119,-0.395
-1.081,1.247
-1.132,1.471
-1.156,1.387
-1.091,0.145
-1.122,1.99
-1.117,-0.221
-1.126,3.238
-1.224,3.028
-1.237,3.475
-1.224,-0.189
-1.321,1.408
-1.28,3.371
-1.314,1.959
-1.369,3.176
-1.37,2.775
-1.395,-0.213
-1.39,1.98
-1.345,1.674
-1.433,1.321
-1.494,0.799
-1.437,0.925
-1.498,2.849
-1.595,2.424
-1.538,0.522
-1.617,1.446
-1.665,2.295
-1.759,1.745
-1.691,-0.297
-1.741,0.85
-1.782,2.988
-1.858,1.456
-1.9,-0.062
-1.901,1.623
-1.871,0.154
-1.864,0.121
-2.036,2.303
-2.007,1.728
-2.092,1.822
-2.099,0.11
-2.089,1.193
-2.144,0.833
-2.313,3.434
-2.255,0.003
-2.317,-0.117
-2.387,-0.363
-2.322,3.378
-2.433,0.539
-2.465,3.518
-2.464,1.068
-2.494,0.895
-2.659,3.543
-2.764,1.104
-2.703,0.056
-2.735,0.817
-2.768,0.592
-2.912,-0.127
-2.969,1.43
-3.054,3.263
-3.09,3.562
-3.095,1.041
3.078,2.276
3.11,0.121
3.047,0.393
3.057,-0.328
3.053,2.934
2.995,3.149
3.008,3.51
2.82,-0.321
2.562,0.285
2.47,0.569
2.465,2.155
2.48,1.729
2.457,3.426
2.448,2.203
2.383,3.41
2.419,0.481
2.42,2.345
2.349,2.146
2.264,1.452
2.263,2.832
2.209,1.48
2.211,-0.028
2.191,3.061
2.204,1.259
2.141,1.247
2.114,1.7
1.796,-0.761
1.248,-0.413
1.219,-0.518
1.231,-0.432
1.057,-0.815
-0.46,-0.336
-0.786,-0.558
-1.004,-0.485
-1.286,-0.477
-1.552,-0.796
-1.76,-0.714
-1.829,-0.774
-2.172,-0.538
-2.275,-0.584
-2.371,-0.886
-2.925,-0.568
3.007,-0.612
2.881,-0.642
2.678,-0.745
2.731,-0.515
2.61,-0.774
2.184,-0.757
2.0,3.597
1.995,3.763
1.491,3.962
1.052,3.892
0.873,3.712
-0.022,4.036
-0.324,3.739
-0.315,3.936
-0.397,4.012
-0.524,4.052
-0.674,3.654
-0.603,3.717
-0.857,3.951
-0.929,4.081
-1.042,3.976
-1.128,3.66
-1.415,4.069
-1.76,3.85
-2.045,3.998
-2.68,3.735
-3.005,3.807
-3.066,3.842
2.862,3.698
2.492,4.023
2.503,3.964
2.24,3.895
1.353,0.658
0.858,1.166
0.216,3.187
-0.765,0.259
-2.083,2.243
-2.791,3.226
-0.542,-0.76
1.92,3.924
2.135,3.496
1.982,1.719
1.895,3.508
1.768,3.168
1.848,0.063
1.86,1.911
1.618,1.686
1.601,3.069
1.548,3.621
1.418,0.694
1.308,1.947
1.394,1.451
1.39,2.06
1.342,2.383
1.274,1.673
1.247,2.058
1.188,2.565
1.094,2.709
0.898,3.475
0.874,3.188
0.954,3.367
0.89,0.483
0.683,3.117
0.535,1.977
0.45,0.898
0.406,-0.15
0.533,0.075
0.316,-0.275
0.308,0.662
0.295,0.715
0.402,2.662
0.363,1.602
0.259,1.247
0.184,1.086
0.192,2.678
0.183,-0.366
-0.016,0.889
0.096,1.103
0.057,0.589
-0.127,3.508
-0.073,1.272
-0.141,3.598
-0.388,3.337
-0.547,1.647
-0.587,0.88
-0.733,-0.146
-0.654,1.092
-0.846,1.701
-0.764,-0.228
-0.785,0.914
-0.946,1.167
-0.874,1.259
-0.982,3.175
-0.991,0.109
-1.004,2.9
-1.033,1.718
-1.099,1.156
-1.088,0.642
-1.057,1.797
-1.134,2.492
-1.527,1.393
-1.499,1.363
-1.603,0.747
-1.537,0.054
-1.561,2.972
-1.777,3.089
-1.682,-0.346
-1.818,0.127
-1.828,-0.053
-1.758,2.324
-1.756,3.347
-1.946,3.203
-1.864,2.888
-2.037,1.236
-2.055,-0.036
-2.036,1.072
-2.063,1.846
-2.192,3.56
-2.241,3.086
-2.122,1.674
-2.259,0.872
-2.284,0.667
-2.365,3.377
-2.746,3.652
-2.739,0.597
-3.046,0.876
-2.975,2.158
-3.064,1.711
3.002,3.145
3.111,0.589
2.906,0.879
2.886,0.836
2.435,1.729
2.507,2.11
2.329,2.608
2.318,3.006
2.365,1.149
2.157,2.545
2.32,0.302
2.078,0.392
2.076,-0.273
1.598,-0.484
1.023,-0.633
0.895,-0.526
0.388,-0.558
-0.192,-0.699
-0.202,-0.662
-0.565,-0.385
-1.274,-0.593
-1.434,-0.732
-1.374,-0.631
-1.598,-0.569
-1.777,-0.718
-2.066,-0.743
-2.37,-0.53
-2.745,-0.692
-2.992,-0.495
2.903,-0.601
2.512,-0.67
2.089,3.809
1.933,3.988
1.86,3.986
1.956,3.984
1.918,3.909
1.01,3.938
-0.787,3.792
-0.887,3.768
-1.044,3.875
-1.727,3.597
-2.349,3.891
-2.884,3.7
0.943,3.044
0.793,3.267
0.793,0.549
0.626,3.409
-2.206,2.28
-2.754,3.063
-2.889,3.067
-0.778,0.755
-1.295,0.786
-2.451,2.288
-2.447,2.393
2.809,1.91
2.822,2.714
2.665,1.877
2.67,2.88
1.609,0.528
1.61,1.535
-0.758,1.687
1.711,3.691
-2.503,-0.22
-2.631,3.793
-0.141,-0.505
-0.132,-0.129
-0.118,0.156
-0.276,-1.959
-0.375,-1.209
-0.438,0.107
-0.455,0.832
-0.472,-0.959
-0.553,1.398
-0.624,0.122
-0.586,-1.373
-0.594,-2.18
-0.738,0.587
-0.754,0.72
-0.811,-1.554
-0.804,-0.615
-0.773,-1.345
-0.835,-0.124
-0.827,0.789
-0.832,-1.714
-0.874,-0.673
-0.916,-1.017
-0.945,-1.946
-0.971,-1.014
-1.004,-1.302
-1.007,-1.271
-0.931,-2.254
-0.981,-1.242
-1.043,0.588
-1.09,-2.1
-1.12,-2.335
-1.082,-0.693
-1.133,-0.469
-1.157,-0.553
-1.092,-1.795
-1.123,0.05
-1.118,-2.161
-1.127,1.298
-1.225,1.088
-1.238,1.535
-1.225,-2.129
-1.322,-0.532
-1.281,1.431
-1.315,0.019
-1.37,1.236
-1.371,0.835
-1.396,-2.153
-1.391,0.04
-1.346,-0.266
-1.434,-0.619
-1.495,-1.141
-1.438,-1.015
-1.499,0.909
-1.596,0.484
-1.539,-1.418
-1.618,-0.494
-1.666,0.355
-1.76,-0.195
-1.692,-2.237
-1.742,-1.09
-1.783,1.048
-1.859,-0.484
-1.901,-2.002
-1.902,-0.317
-1.872,-1.786
-1.865,-1.819
-2.037,0.363
-2.008,-0.212
-2.093,-0.118
-2.1,-1.83
-2.09,-0.747
-2.145,-1.107
-2.314,1.494
-2.256,-1.937
-2.318,-2.057
-2.388,-2.303
-2.323,1.438
-2.434,-1.401
-2.466,1.578
-2.465,-0.872
-2.495,-1.045
-2.66,1.603
-2.765,-0.836
-2.704,-1.884
-2.736,-1.123
-2.769,-1.348
-2.913,-2.067
-2.97,-0.51
-3.055,1.323
-3.091,1.622
-3.096,-0.899
3.077,0.336
3.109,-1.819
3.046,-1.547
3.056,-2.268
3.052,0.994
2.994,1.209
3.007,1.57
2.819,-2.261
2.561,-1.655
2.469,-1.371
2.464,0.215
2.479,-0.211
2.456,1.486
2.447,0.263
2.382,1.47
2.418,-1.459
2.419,0.405
2.348,0.206
2.263,-0.488
2.262,0.892
2.208,-0.46
2.21,-1.968
2.19,1.121
2.203,-0.681
2.14,-0.693
2.113,-0.24
1.795,-2.701
1.247,-2.353
1.218,-2.458
1.23,-2.372
1.056,-2.755
-0.461,-2.276
-0.787,-2.498
-1.005,-2.425
-1.287,-2.417
-1.553,-2.736
-1.761,-2.654
-1.83,-2.714
-2.173,-2.478
-2.276,-2.524
-2.372,-2.826
-2.926,-2.508
3.006,-2.552
2.88,-2.582
2.677,-2.685
2.73,-2.455
2.609,-2.714
2.183,-2.697
1.999,1.657
1.994,1.823
1.49,2.022
1.051,1.952
0.872,1.772
-0.023,2.096
-0.325,1.799
-0.316,1.996
-0.398,2.072
-0.525,2.112
-0.675,1.714
-0.604,1.777
-0.858,2.011
-0.93,2.141
-1.043,2.036
-1.129,1.72
-1.416,2.129
-1.761,1.91
-2.046,2.058
-2.681,1.795
-3.006,1.867
-3.067,1.902
2.861,1.758
2.491,2.083
2.502,2.024
2.239,1.955
1.352,-1.282
0.857,-0.774
0.215,1.247
-0.766,-1.681
-2.084,0.303
-2.792,1.286
-0.543,-2.7
1.919,1.984
2.134,1.556
1.981,-0.221
1.894,1.568
1.767,1.228
1.847,-1.877
1.859,-0.029
1.617,-0.254
1.6,1.129
1.547,1.681
1.417,-1.246
1.307,0.007
1.393,-0.489
1.389,0.12
1.341,0.443
1.273,-0.267
1.246,0.118
1.187,0.625
1.093,0.769
0.897,1.535
0.873,1.248
0.953,1.427
0.889,-1.457
0.682,1.177
0.534,0.037
0.449,-1.042
0.405,-2.09
0.532,-1.865
0.315,-2.215
0.307,-1.278
0.294,-1.225
0.401,0.722
0.362,-0.338
0.258,-0.693
0.183,-0.854
0.191,0.738
0.182,-2.306
-0.017,-1.051
0.095,-0.837
0.056,-1.351
-0.128,1.568
-0.074,-0.668
-0.142,1.658
-0.389,1.397
-0.548,-0.293
-0.588,-1.06
-0.734,-2.086
-0.655,-0.848
-0.847,-0.239
-0.765,-2.168
-0.786,-1.026
-0.947,-0.773
-0.875,-0.681
-0.983,1.235
-0.992,-1.831
-1.005,0.96
-1.034,-0.222
-1.1,-0.784
-1.089,-1.298
-1.058,-0.143
-1.135,0.552
-1.528,-0.547
-1.5,-0.577
-1.604,-1.193
-1.538,-1.886
-1.562,1.032
-1.778,1.149
-1.683,-2.286
-1.819,-1.813
-1.829,-1.993
-1.759,0.384
-1.757,1.407
-1.947,1.263
-1.865,0.948
-2.038,-0.704
-2.056,-1.976
-2.037,-0.868
-2.064,-0.094
-2.193,1.62
-2.242,1.146
-2.123,-0.266
-2.26,-1.068
-2.285,-1.273
-2.366,1.437
-2.747,1.712
-2.74,-1.343
-3.047,-1.064
-2.976,0.218
-3.065,-0.229
3.001,1.205
3.11,-1.351
2.905,-1.061
2.885,-1.104
2.434,-0.211
2.506,0.17
2.328,0.668
2.317,1.066
2.364,-0.791
2.156,0.605
2.319,-1.638
2.077,-1.548
2.075,-2.213
1.597,-2.424
1.022,-2.573
0.894,-2.466
0.387,-2.498
-0.193,-2.639
-0.203,-2.602
-0.566,-2.325
-1.275,-2.533
-1.435,-2.672
-1.375,-2.571
-1.599,-2.509
-1.778,-2.658
-2.067,-2.683
-2.371,-2.47
-2.746,-2.632
-2.993,-2.435
2.902,-2.541
2.511,-2.61
2.088,1.869
1.932,2.048
1.859,2.046
1.955,2.044
1.917,1.969
1.009,1.998
-0.788,1.852
-0.888,1.828
-1.045,1.935
-1.728,1.657
-2.35,1.951
-2.885,1.76
0.942,1.104
0.792,1.327
0.792,-1.391
0.625,1.469
-2.207,0.34
-2.755,1.123
-2.89,1.127
-0.779,-1.185
-1.296,-1.154
-2.452,0.348
-2.448,0.453
2.808,-0.03
2.821,0.774
2.664,-0.063
2.669,0.94
1.608,-1.412
1.609,-0.405
-0.759,-0.253
1.71,1.751
-2.504,-2.16
-2.632,1.853
0.009,0.376
0.023,0.661
-0.135,-1.454
-0.234,-0.704
-0.297,0.612
-0.314,1.337
-0.331,-0.454
-0.412,1.903
-0.483,0.627
-0.445,-0.868
-0.453,-1.675
-0.597,1.092
-0.613,1.225
-0.67,-1.049
-0.663,-0.11
-0.632,-0.84
-0.694,0.381
-0.686,1.294
-0.691,-1.209
-0.733,-0.168
-0.775,-0.512
-0.804,-1.441
-0.83,-0.509
-0.863,-0.797
-0.866,-0.766
-0.79,-1.749
-0.84,-0.737
-0.902,1.093
-0.949,-1.595
-0.979,-1.83
-0.941,-0.188
-0.992,0.036
-1.016,-0.048
-0.951,-1.29
-0.982,0.555
-0.977,-1.656
-0.986,1.803
-1.084,1.593
-1.097,2.04
-1.084,-1.624
-1.181,-0.027
-1.14,1.936
-1.174,0.524
-1.229,1.741
-1.23,1.34
-1.255,-1.648
-1.25,0.545
-1.205,0.239
-1.293,-0.114
-1.354,-0.636
-1.297,-0.51
-1.358,1.414
-1.455,0.989
-1.398,-0.913
-1.477,0.011
-1.525,0.86
-1.619,0.31
-1.551,-1.732
-1.601,-0.585
-1.642,1.553
-1.718,0.021
-1.76,-1.497
-1.761,0.188
-1.731,-1.281
-1.724,-1.314
-1.896,0.868
-1.867,0.293
-1.952,0.387
-1.959,-1.325
-1.949,-0.242
-2.004,-0.602
-2.173,1.999
-2.115,-1.432
-2.177,-1.552
-2.247,-1.798
-2.182,1.943
-2.293,-0.896
-2.325,2.083
-2.324,-0.367
-2.354,-0.54
-2.519,2.108
-2.624,-0.331
-2.563,-1.379
-2.595,-0.618
-2.628,-0.843
-2.772,-1.562
-2.829,-0.005
-2.914,1.828
-2.95,2.127
-2.955,-0.394
-3.065,0.841
-3.033,-1.314
-3.096,-1.042
-3.086,-1.763
-3.09,1.499
3.135,1.714
-3.135,2.075
2.96,-1.756
2.702,-1.15
2.61,-0.866
2.605,0.72
2.62,0.294
2.597,1.991
2.588,0.768
2.523,1.975
2.559,-0.954
2.56,0.91
2.489,0.711
2.404,0.017
2.403,1.397
2.349,0.045
2.351,-1.463
2.331,1.626
2.344,-0.176
2.281,-0.188
2.254,0.265
1.936,-2.196
1.388,-1.848
1.359,-1.953
1.371,-1.867
1.197,-2.25
-0.32,-1.771
-0.646,-1.993
-0.864,-1.92
-1.146,-1.912
-1.412,-2.231
-1.62,-2.149
-1.689,-2.209
-2.032,-1.973
-2.135,-2.019
-2.231,-2.321
-2.785,-2.003
-3.136,-2.047
3.021,-2.077
2.818,-2.18
2.871,-1.95
2.75,-2.209
2.324,-2.192
2.14,2.162
2.135,2.328
1.631,2.527
1.192,2.457
1.013,2.277
0.118,2.601
-0.184,2.304
-0.175,2.501
-0.257,2.577
-0.384,2.617
-0.534,2.219
-0.463,2.282
-0.717,2.516
-0.789,2.646
-0.902,2.541
-0.988,2.225
-1.275,2.634
-1.62,2.415
-1.905,2.563
-2.54,2.3
-2.865,2.372
-2.926,2.407
3.002,2.263
2.632,2.588
2.643,2.529
2.38,2.46
1.493,-0.777
0.998,-0.269
0.356,1.752
-0.625,-1.176
-1.943,0.808
-2.651,1.791
-0.402,-2.195
2.06,2.489
2.275,2.061
2.122,0.284
2.035,2.073
1.908,1.733
1.988,-1.372
2.0,0.476
1.758,0.251
1.741,1.634
1.688,2.186
1.558,-0.741
1.448,0.512
1.534,0.016
1.53,0.625
1.482,0.948
1.414,0.238
1.387,0.623
1.328,1.13
1.234,1.274
1.038,2.04
1.014,1.753
1.094,1.932
1.03,-0.952
0.823,1.682
0.675,0.542
0.59,-0.537
0.546,-1.585
0.673,-1.36
0.456,-1.71
0.448,-0.773
0.435,-0.72
0.542,1.227
0.503,0.167
0.399,-0.188
0.324,-0.349
0.332,1.243
0.323,-1.801
0.124,-0.546
0.236,-0.332
0.197,-0.846
0.013,2.073
0.067,-0.163
-0.001,2.163
-0.248,1.902
-0.407,0.212
-0.447,-0.555
-0.593,-1.581
-0.514,-0.343
-0.706,0.266
-0.624,-1.663
-0.645,-0.521
-0.806,-0.268
-0.734,-0.176
-0.842,1.74
-0.851,-1.326
-0.864,1.465
-0.893,0.283
-0.959,-0.279
-0.948,-0.793
-0.917,0.362
-0.994,1.057
-1.387,-0.042
-1.359,-0.072
-1.463,-0.688
-1.397,-1.381
-1.421,1.537
-1.637,1.654
-1.542,-1.781
-1.678,-1.308
-1.688,-1.488
-1.618,0.889
-1.616,1.912
-1.806,1.768
-1.724,1.453
-1.897,-0.199
-1.915,-1.471
-1.896,-0.363
-1.923,0.411
-2.052,2.125
-2.101,1.651
-1.982,0.239
-2.119,-0.563
-2.144,-0.768
-2.225,1.942
-2.606,2.217
-2.599,-0.838
-2.906,-0.559
-2.835,0.723
-2.924,0.276
-3.141,1.71
-3.032,-0.846
3.046,-0.556
3.026,-0.599
2.575,0.294
2.647,0.675
2.469,1.173
2.458,1.571
2.505,-0.286
2.297,1.11
2.46,-1.133
2.218,-1.043
2.216,-1.708
1.738,-1.919
1.163,-2.068
1.035,-1.961
0.528,-1.993
-0.052,-2.134
-0.062,-2.097
-0.425,-1.82
-1.134,-2.028
-1.294,-2.167
-1.234,-2.066
-1.458,-2.004
-1.637,-2.153
-1.926,-2.178
-2.23,-1.965
-2.605,-2.127
-2.852,-1.93
3.043,-2.036
2.652,-2.105
2.229,2.374
2.073,2.553
2.0,2.551
2.096,2.549
2.058,2.474
1.15,2.503
-0.647,2.357
-0.747,2.333
-0.904,2.44
-1.587,2.162
-2.209,2.456
-2.744,2.265
1.083,1.609
0.933,1.832
0.933,-0.886
0.766,1.974
-2.066,0.845
-2.614,1.628
-2.749,1.632
-0.638,-0.68
-1.155,-0.649
-2.311,0.853
-2.307,0.958
2.949,0.475
2.962,1.279
2.805,0.442
2.81,1.445
1.749,-0.907
1.75,0.1
-0.618,0.252
1.851,2.256
-2.363,-1.655
-2.491,2.358
0.014,0.285
-0.144,-1.83
-0.243,-1.08
-0.306,0.236
-0.323,0.961
-0.34,-0.83
-0.421,1.527
-0.492,0.251
-0.454,-1.244
-0.462,-2.051
-0.606,0.716
-0.622,0.849
-0.679,-1.425
-0.672,-0.486
-0.641,-1.216
-0.703,0.005
-0.695,0.918
-0.7,-1.585
-0.742,-0.544
-0.784,-0.888
-0.813,-1.817
-0.839,-0.885
-0.872,-1.173
-0.875,-1.142
-0.799,-2.125
-0.849,-1.113
-0.911,0.717
-0.958,-1.971
-0.988,-2.206
-0.95,-0.564
-1.001,-0.34
-1.025,-0.424
-0.96,-1.666
-0.991,0.179
-0.986,-2.032
-0.995,1.427
-1.093,1.217
-1.106,1.664
-1.093,-2.0
-1.19,-0.403
-1.149,1.56
-1.183,0.148
-1.238,1.365
-1.239,0.964
-1.264,-2.024
-1.259,0.169
-1.214,-0.137
-1.302,-0.49
-1.363,-1.012
-1.306,-0.886
-1.367,1.038
-1.464,0.613
-1.407,-1.289
-1.486,-0.365
-1.534,0.484
-1.628,-0.066
-1.56,-2.108
-1.61,-0.961
-1.651,1.177
-1.727,-0.355
-1.769,-1.873
-1.77,-0.188
-1.74,-1.657
-1.733,-1.69
-1.905,0.492
-1.876,-0.083
-1.961,0.011
-1.968,-1.701
-1.958,-0.618
-2.013,-0.978
-2.182,1.623
-2.124,-1.808
-2.186,-1.928
-2.256,-2.174
-2.191,1.567
-2.302,-1.272
-2.334,1.707
-2.333,-0.743
-2.363,-0.916
-2.528,1.732
-2.633,-0.707
-2.572,-1.755
-2.604,-0.994
-2.637,-1.219
-2.781,-1.938
-2.838,-0.381
-2.923,1.452
-2.959,1.751
-2.964,-0.77
-3.074,0.465
-3.042,-1.69
-3.105,-1.418
-3.095,-2.139
-3.099,1.123
3.126,1.338
3.139,1.699
2.951,-2.132
2.693,-1.526
2.601,-1.242
2.596,0.344
2.611,-0.082
2.588,1.615
2.579,0.392
2.514,1.599
2.55,-1.33
2.551,0.534
2.48,0.335
2.395,-0.359
2.394,1.021
2.34,-0.331
2.342,-1.839
2.322,1.25
2.335,-0.552
2.272,-0.564
2.245,-0.111
1.927,-2.572
1.379,-2.224
1.35,-2.329
1.362,-2.243
1.188,-2.626
-0.329,-2.147
-0.655,-2.369
-0.873,-2.296
-1.155,-2.288
-1.421,-2.607
-1.629,-2.525
-1.698,-2.585
-2.041,-2.349
-2.144,-2.395
-2.24,-2.697
-2.794,-2.379
3.138,-2.423
3.012,-2.453
2.809,-2.556
2.862,-2.326
2.741,-2.585
2.315,-2.568
2.131,1.786
2.126,1.952
1.622,2.151
1.183,2.081
1.004,1.901
0.109,2.225
-0.193,1.928
-0.184,2.125
-0.266,2.201
-0.393,2.241
-0.543,1.843
-0.472,1.906
-0.726,2.14
-0.798,2.27
-0.911,2.165
-0.997,1.849
-1.284,2.258
-1.629,2.039
-1.914,2.187
-2.549,1.924
-2.874,1.996
-2.935,2.031
2.993,1.887
2.623,2.212
2.634,2.153
2.371,2.084
1.484,-1.153
0.989,-0.645
0.347,1.376
-0.634,-1.552
-1.952,0.432
-2.66,1.415
-0.411,-2.571
2.051,2.113
2.266,1.685
2.113,-0.092
2.026,1.697
1.899,1.357
1.979,-1.748
1.991,0.1
1.749,-0.125
1.732,1.258
1.679,1.81
1.549,-1.117
1.439,0.136
1.525,-0.36
1.521,0.249
1.473,0.572
1.405,-0.138
1.378,0.247
1.319,0.754
1.225,0.898
1.029,1.664
1.005,1.377
1.085,1.556
1.021,-1.328
0.814,1.306
0.666,0.166
0.581,-0.913
0.537,-1.961
0.664,-1.736
0.447,-2.086
0.439,-1.149
0.426,-1.096
0.533,0.851
0.494,-0.209
0.39,-0.564
0.315,-0.725
0.323,0.867
0.314,-2.177
0.115,-0.922
0.227,-0.708
0.188,-1.222
0.004,1.697
0.058,-0.539
-0.01,1.787
-0.257,1.526
-0.416,-0.164
-0.456,-0.931
-0.602,-1.957
-0.523,-0.719
-0.715,-0.11
-0.633,-2.039
-0.654,-0.897
-0.815,-0.644
-0.743,-0.552
-0.851,1.364
-0.86,-1.702
-0.873,1.089
-0.902,-0.093
-0.968,-0.655
-0.957,-1.169
-0.926,-0.014
-1.003,0.681
-1.396,-0.418
-1.368,-0.448
-1.472,-1.064
-1.406,-1.757
-1.43,1.161
-1.646,1.278
-1.551,-2.157
-1.687,-1.684
-1.697,-1.864
-1.627,0.513
-1.625,1.536
-1.815,1.392
-1.733,1.077
-1.906,-0.575
-1.924,-1.847
-1.905,-0.739
-1.932,0.035
-2.061,1.749
-2.11,1.275
-1.991,-0.137
-2.128,-0.939
-2.153,-1.144
-2.234,1.566
-2.615,1.841
-2.608,-1.214
-2.915,-0.935
-2.844,0.347
-2.933,-0.1
3.133,1.334
-3.041,-1.222
3.037,-0.932
3.017,-0.975
2.566,-0.082
2.638,0.299
2.46,0.797
2.449,1.195
2.496,-0.662
2.288,0.734
2.451,-1.509
2.209,-1.419
2.207,-2.084
1.729,-2.295
1.154,-2.444
1.026,-2.337
0.519,-2.369
-0.061,-2.51
-0.071,-2.473
-0.434,-2.196
-1.143,-2.404
-1.303,-2.543
-1.243,-2.442
-1.467,-2.38
-1.646,-2.529
-1.935,-2.554
-2.239,-2.341
-2.614,-2.503
-2.861,-2.306
3.034,-2.412
2.643,-2.481
2.22,1.998
2.064,2.177
1.991,2.175
2.087,2.173
2.049,2.098
1.141,2.127
-0.656,1.981
-0.756,1.957
-0.913,2.064
-1.596,1.786
-2.218,2.08
-2.753,1.889
1.074,1.233
0.924,1.456
0.924,-1.262
0.757,1.598
-2.075,0.469
-2.623,1.252
-2.758,1.256
-0.647,-1.056
-1.164,-1.025
-2.32,0.477
-2.316,0.582
2.94,0.099
2.953,0.903
2.796,0.066
2.801,1.069
1.74,-1.283
1.741,-0.276
-0.627,-0.124
1.842,1.88
-2.372,-2.031
-2.5,1.982
-0.158,-2.115
-0.257,-1.365
-0.32,-0.049
-0.337,0.676
-0.354,-1.115
-0.435,1.242
-0.506,-0.034
-0.468,-1.529
-0.476,-2.336
-0.62,0.431
-0.636,0.564
-0.693,-1.71
-0.686,-0.771
-0.655,-1.501
-0.717,-0.28
-0.709,0.633
-0.714,-1.87
-0.756,-0.829
-0.798,-1.173
-0.827,-2.102
-0.853,-1.17
-0.886,-1.458
-0.889,-1.427
-0.813,-2.41
-0.863,-1.398
-0.925,0.432
-0.972,-2.256
-1.002,-2.491
-0.964,-0.849
-1.015,-0.625
-1.039,-0.709
-0.974,-1.951
-1.005,-0.106
-1.0,-2.317
-1.009,1.142
-1.107,0.932
-1.12,1.379
-1.107,-2.285
-1.204,-0.688
-1.163,1.275
-1.197,-0.137
-1.252,1.08
-1.253,0.679
-1.278,-2.309
-1.273,-0.116
-1.228,-0.422
-1.316,-0.775
-1.377,-1.297
-1.32,-1.171
-1.381,0.753
-1.478,0.328
-1.421,-1.574
-1.5,-0.65
-1.548,0.199
-1.642,-0.351
-1.574,-2.393
-1.624,-1.246
-1.665,0.892
-1.741,-0.64
-1.783,-2.158
-1.784,-0.473
-1.754,-1.942
-1.747,-1.975
-1.919,0.207
-1.89,-0.368
-1.975,-0.274
-1.982,-1.986
-1.972,-0.903
-2.027,-1.263
-2.196,1.338
-2.138,-2.093
-2.2,-2.213
-2.27,-2.459
-2.205,1.282
-2.316,-1.557
-2.348,1.422
-2.347,-1.028
-2.377,-1.201
-2.542,1.447
-2.647,-0.992
-2.586,-2.04
-2.618,-1.279
-2.651,-1.504
-2.795,-2.223
-2.852,-0.666
-2.937,1.167
-2.973,1.466
-2.978,-1.055
-3.088,0.18
-3.056,-1.975
-3.119,-1.703
-3.109,-2.424
-3.113,0.838
3.112,1.053
3.125,1.414
2.937,-2.417
2.679,-1.811
2.587,-1.527
2.582,0.059
2.597,-0.367
2.574,1.33
2.565,0.107
2.5,1.314
2.536,-1.615
2.537,0.249
2.466,0.05
2.381,-0.644
2.38,0.736
2.326,-0.616
2.328,-2.124
2.308,0.965
2.321,-0.837
2.258,-0.849
2.231,-0.396
1.913,-2.857
1.365,-2.509
1.336,-2.614
1.348,-2.528
1.174,-2.911
-0.343,-2.432
-0.669,-2.654
-0.887,-2.581
-1.169,-2.573
-1.435,-2.892
-1.643,-2.81
-1.712,-2.87
-2.055,-2.634
-2.158,-2.68
-2.254,-2.982
-2.808,-2.664
3.124,-2.708
2.998,-2.738
2.795,-2.841
2.848,-2.611
2.727,-2.87
2.301,-2.853
2.117,1.501
2.112,1.667
1.608,1.866
1.169,1.796
0.99,1.616
0.095,1.94
-0.207,1.643
-0.198,1.84
-0.28,1.916
-0.407,1.956
-0.557,1.558
-0.486,1.621
-0.74,1.855
-0.812,1.985
-0.925,1.88
-1.011,1.564
-1.298,1.973
-1.643,1.754
-1.928,1.902
-2.563,1.639
-2.888,1.711
-2.949,1.746
2.979,1.602
2.609,1.927
2.62,1.868
2.357,1.799
1.47,-1.438
0.975,-0.93
0.333,1.091
-0.648,-1.837
-1.966,0.147
-2.674,1.13
-0.425,-2.856
2.037,1.828
2.252,1.4
2.099,-0.377
2.012,1.412
1.885,1.072
1.965,-2.033
1.977,-0.185
1.735,-0.41
1.718,0.973
1.665,1.525
1.535,-1.402
1.425,-0.149
1.511,-0.645
1.507,-0.036
1.459,0.287
1.391,-0.423
1.364,-0.038
1.305,0.469
1.211,0.613
1.015,1.379
0.991,1.092
1.071,1.271
1.007,-1.613
0.8,1.021
0.652,-0.119
0.567,-1.198
0.523,-2.246
0.65,-2.021
0.433,-2.371
0.425,-1.434
0.412,-1.381
0.519,0.566
0.48,-0.494
0.376,-0.849
0.301,-1.01
0.309,0.582
0.3,-2.462
0.101,-1.207
0.213,-0.993
0.174,-1.507
-0.01,1.412
0.044,-0.824
-0.024,1.502
-0.271,1.241
-0.43,-0.449
-0.47,-1.216
-0.616,-2.242
-0.537,-1.004
-0.729,-0.395
-0.647,-2.324
-0.668,-1.182
-0.829,-0.929
-0.757,-0.837
-0.865,1.079
-0.874,-1.987
-0.887,0.804
-0.916,-0.378
-0.982,-0.94
-0.971,-1.454
-0.94,-0.299
-1.017,0.396
-1.41,-0.703
-1.382,-0.733
-1.486,-1.349
-1.42,-2.042
-1.444,0.876
-1.66,0.993
-1.565,-2.442
-1.701,-1.969
-1.711,-2.149
-1.641,0.228
-1.639,1.251
-1.829,1.107
-1.747,0.792
-1.92,-0.86
-1.938,-2.132
-1.919,-1.024
-1.946,-0.25
-2.075,1.464
-2.124,0.99
-2.005,-0.422
-2.142,-1.224
-2.167,-1.429
-2.248,1.281
-2.629,1.556
-2.622,-1.499
-2.929,-1.22
-2.858,0.062
-2.947,-0.385
3.119,1.049
-3.055,-1.507
3.023,-1.217
3.003,-1.26
2.552,-0.367
2.624,0.014
2.446,0.512
2.435,0.91
2.482,-0.947
2.274,0.449
2.437,-1.794
2.195,-1.704
2.193,-2.369
1.715,-2.58
1.14,-2.729
1.012,-2.622
0.505,-2.654
-0.075,-2.795
-0.085,-2.758
-0.448,-2.481
-1.157,-2.689
-1.317,-2.828
-1.257,-2.727
-1.481,-2.665
-1.66,-2.814
-1.949,-2.839
-2.253,-2.626
-2.628,-2.788
-2.875,-2.591
3.02,-2.697
2.629,-2.766
2.206,1.713
2.05,1.892
1.977,1.89
2.073,1.888
2.035,1.813
1.127,1.842
-0.67,1.696
-0.77,1.672
-0.927,1.779
-1.61,1.501
-2.232,1.795
-2.767,1.604
1.06,0.948
0.91,1.171
0.91,-1.547
0.743,1.313
-2.089,0.184
-2.637,0.967
-2.772,0.971
-0.661,-1.341
-1.178,-1.31
-2.334,0.192
-2.33,0.297
2.926,-0.186
2.939,0.618
2.782,-0.219
2.787,0.784
1.726,-1.568
1.727,-0.561
-0.641,-0.409
1.828,1.595
-2.386,-2.316
-2.514,1.697
-0.099,0.75
-0.162,2.066
-0.179,2.791
-0.196,1.0
-0.277,3.357
-0.348,2.081
-0.31,0.586
-0.318,-0.221
-0.462,2.546
-0.478,2.679
-0.535,0.405
-0.528,1.344
-0.497,0.614
-0.559,1.835
-0.551,2.748
-0.556,0.245
-0.598,1.286
-0.64,0.942
-0.669,0.013
-0.695,0.945
-0.728,0.657
-0.731,0.688
-0.655,-0.295
-0.705,0.717
-0.767,2.547
-0.814,-0.141
-0.844,-0.376
-0.806,1.266
-0.857,1.49
-0.881,1.406
-0.816,0.164
-0.847,2.009
-0.842,-0.202
-0.851,3.257
-0.949,3.047
-0.962,3.494
-0.949,-0.17
-1.046,1.427
-1.005,3.39
-1.039,1.978
-1.094,3.195
-1.095,2.794
-1.12,-0.194
-1.115,1.999
-1.07,1.693
-1.158,1.34
-1.219,0.818
-1.162,0.944
-1.223,2.868
-1.32,2.443
-1.263,0.541
-1.342,1.465
-1.39,2.314
-1.484,1.764
-1.416,-0.278
-1.466,0.869
-1.507,3.007
-1.583,1.475
-1.625,-0.043
-1.626,1.642
-1.596,0.173
-1.589,0.14
-1.761,2.322
-1.732,1.747
-1.817,1.841
-1.824,0.129
-1.814,1.212
-1.869,0.852
-2.038,3.453
-1.98,0.022
-2.042,-0.098
-2.112,-0.344
-2.047,3.397
-2.158,0.558
-2.19,3.537
-2.189,1.087
-2.219,0.914
-2.384,3.562
-2.489,1.123
-2.428,0.075
-2.46,0.836
-2.493,0.611
-2.637,-0.108
-2.694,1.449
-2.779,3.282
-2.815,3.581
-2.82,1.06
-2.93,2.295
-2.898,0.14
-2.961,0.412
-2.951,-0.309
-2.955,2.953
-3.013,3.168
-3.0,3.529
3.095,-0.302
2.837,0.304
2.745,0.588
2.74,2.174
2.755,1.748
2.732,3.445
2.723,2.222
2.658,3.429
2.694,0.5
2.695,2.364
2.624,2.165
2.539,1.471
2.538,2.851
2.484,1.499
2.486,-0.009
2.466,3.08
2.479,1.278
2.416,1.266
2.389,1.719
2.071,-0.742
1.523,-0.394
1.494,-0.499
1.506,-0.413
1.332,-0.796
-0.185,-0.317
-0.511,-0.539
-0.729,-0.466
-1.011,-0.458
-1.277,-0.777
-1.485,-0.695
-1.554,-0.755
-1.897,-0.519
-2.0,-0.565
-2.096,-0.867
-2.65,-0.549
-3.001,-0.593
-3.127,-0.623
2.953,-0.726
3.006,-0.496
2.885,-0.755
2.459,-0.738
2.275,3.616
2.27,3.782
1.766,3.981
1.327,3.911
1.148,3.731
0.253,4.055
-0.049,3.758
-0.04,3.955
-0.122,4.031
-0.249,4.071
-0.399,3.673
-0.328,3.736
-0.582,3.97
-0.654,4.1
-0.767,3.995
-0.853,3.679
-1.14,4.088
-1.485,3.869
-1.77,4.017
-2.405,3.754
-2.73,3.826
-2.791,3.861
3.137,3.717
2.767,4.042
2.778,3.983
2.515,3.914
1.628,0.677
1.133,1.185
0.491,3.206
-0.49,0.278
-1.808,2.262
-2.516,3.245
-0.267,-0.741
2.195,3.943
2.41,3.515
2.257,1.738
2.17,3.527
2.043,3.187
2.123,0.082
2.135,1.93
1.893,1.705
1.876,3.088
1.823,3.64
1.693,0.713
1.583,1.966
1.669,1.47
1.665,2.079
1.617,2.402
1.549,1.692
1.522,2.077
1.463,2.584
1.369,2.728
1.173,3.494
1.149,3.207
1.229,3.386
1.165,0.502
0.958,3.136
0.81,1.996
0.725,0.917
0.681,-0.131
0.808,0.094
0.591,-0.256
0.583,0.681
0.57,0.734
0.677,2.681
0.638,1.621
0.534,1.266
0.459,1.105
0.467,2.697
0.458,-0.347
0.259,0.908
0.371,1.122
0.332,0.608
0.148,3.527
0.202,1.291
0.134,3.617
-0.113,3.356
-0.272,1.666
-0.312,0.899
-0.458,-0.127
-0.379,1.111
-0.571,1.72
-0.489,-0.209
-0.51,0.933
-0.671,1.186
-0.599,1.278
-0.707,3.194
-0.716,0.128
-0.729,2.919
-0.758,1.737
-0.824,1.175
-0.813,0.661
-0.782,1.816
-0.859,2.511
-1.252,1.412
-1.224,1.382
-1.328,0.766
-1.262,0.073
-1.286,2.991
-1.502,3.108
-1.407,-0.327
-1.543,0.146
-1.553,-0.034
-1.483,2.343
-1.481,3.366
-1.671,3.222
-1.589,2.907
-1.762,1.255
-1.78,-0.017
-1.761,1.091
-1.788,1.865
-1.917,3.579
-1.966,3.105
-1.847,1.693
-1.984,0.891
-2.009,0.686
-2.09,3.396
-2.471,3.671
-2.464,0.616
-2.771,0.895
-2.7,2.177
-2.789,1.73
-3.006,3.164
-2.897,0.608
-3.102,0.898
-3.122,0.855
2.71,1.748
2.782,2.129
2.604,2.627
2.593,3.025
2.64,1.168
2.432,2.564
2.595,0.321
2.353,0.411
2.351,-0.254
1.873,-0.465
1.298,-0.614
1.17,-0.507
0.663,-0.539
0.083,-0.68
0.073,-0.643
-0.29,-0.366
-0.999,-0.574
-1.159,-0.713
-1.099,-0.612
-1.323,-0.55
-1.502,-0.699
-1.791,-0.724
-2.095,-0.511
-2.47,-0.673
-2.717,-0.476
-3.105,-0.582
2.787,-0.651
2.364,3.828
2.208,4.007
2.135,4.005
2.231,4.003
2.193,3.928
1.285,3.957
-0.512,3.811
-0.612,3.787
-0.769,3.894
-1.452,3.616
-2.074,3.91
-2.609,3.719
1.218,3.063
1.068,3.286
1.068,0.568
0.901,3.428
-1.931,2.299
-2.479,3.082
-2.614,3.086
-0.503,0.774
-1.02,0.805
-2.176,2.307
-2.172,2.412
3.084,1.929
3.097,2.733
2.94,1.896
2.945,2.899
1.884,0.547
1.885,1.554
-0.483,1.706
1.986,3.71
-2.228,-0.201
-2.356,3.812
-0.063,1.316
-0.08,2.041
-0.097,0.25
-0.178,2.607
-0.249,1.331
-0.211,-0.164
-0.219,-0.971
-0.363,1.796
-0.379,1.929
-0.436,-0.345
-0.429,0.594
-0.398,-0.136
-0.46,1.085
-0.452,1.998
-0.457,-0.505
-0.499,0.536
-0.541,0.192
-0.57,-0.737
-0.596,0.195
-0.629,-0.093
-0.632,-0.062
-0.556,-1.045
-0.606,-0.033
-0.668,1.797
-0.715,-0.891
-0.745,-1.126
-0.707,0.516
-0.758,0.74
-0.782,0.656
-0.717,-0.586
-0.748,1.259
-0.743,-0.952
-0.752,2.507
-0.85,2.297
-0.863,2.744
-0.85,-0.92
-0.947,0.677
-0.906,2.64
-0.94,1.228
-0.995,2.445
-0.996,2.044
-1.021,-0.944
-1.016,1.249
-0.971,0.943
-1.059,0.59
-1.12,0.068
-1.063,0.194
-1.124,2.118
-1.221,1.693
-1.164,-0.209
-1.243,0.715
-1.291,1.564
-1.385,1.014
-1.317,-1.028
-1.367,0.119
-1.408,2.257
-1.484,0.725
-1.526,-0.793
-1.527,0.892
-1.497,-0.577
-1.49,-0.61
-1.662,1.572
-1.633,0.997
-1.718,1.091
-1.725,-0.621
-1.715,0.462
-1.77,0.102
-1.939,2.703
-1.881,-0.728
-1.943,-0.848
-2.013,-1.094
-1.948,2.647
-2.059,-0.192
-2.091,2.787
-2.09,0.337
-2.12,0.164
-2.285,2.812
-2.39,0.373
-2.329,-0.675
-2.361,0.086
-2.394,-0.139
-2.538,-0.858
-2.595,0.699
-2.68,2.532
-2.716,2.831
-2.721,0.31
-2.831,1.545
-2.799,-0.61
-2.862,-0.338
-2.852,-1.059
-2.856,2.203
-2.914,2.418
-2.901,2.779
-3.089,-1.052
2.936,-0.446
2.844,-0.162
2.839,1.424
2.854,0.998
2.831,2.695
2.822,1.472
2.757,2.679
2.793,-0.25
2.794,1.614
2.723,1.415
2.638,0.721
2.637,2.101
2.583,0.749
2.585,-0.759
2.565,2.33
2.578,0.528
2.515,0.516
2.488,0.969
2.17,-1.492
1.622,-1.144
1.593,-1.249
1.605,-1.163
1.431,-1.546
-0.086,-1.067
-0.412,-1.289
-0.63,-1.216
-0.912,-1.208
-1.178,-1.527
-1.386,-1.445
-1.455,-1.505
-1.798,-1.269
-1.901,-1.315
-1.997,-1.617
-2.551,-1.299
-2.902,-1.343
-3.028,-1.373
3.052,-1.476
3.105,-1.246
2.984,-1.505
2.558,-1.488
2.374,2.866
2.369,3.032
1.865,3.231
1.426,3.161
1.247,2.981
0.352,3.305
0.05,3.008
0.059,3.205
-0.023,3.281
-0.15,3.321
-0.3,2.923
-0.229,2.986
-0.483,3.22
-0.555,3.35
-0.668,3.245
-0.754,2.929
-1.041,3.338
-1.386,3.119
-1.671,3.267
-2.306,3.004
-2.631,3.076
-2.692,3.111
-3.047,2.967
2.866,3.292
2.877,3.233
2.614,3.164
1.727,-0.073
1.232,0.435
0.59,2.456
-0.391,-0.472
-1.709,1.512
-2.417,2.495
-0.168,-1.491
2.294,3.193
2.509,2.765
2.356,0.988
2.269,2.777
2.142,2.437
2.222,-0.668
2.234,1.18
1.992,0.955
1.975,2.338
1.922,2.89
1.792,-0.037
1.682,1.216
1.768,0.72
1.764,1.329
1.716,1.652
1.648,0.942
1.621,1.327
1.562,1.834
1.468,1.978
1.272,2.744
1.248,2.457
1.328,2.636
1.264,-0.248
1.057,2.386
0.909,1.246
0.824,0.167
0.78,-0.881
0.907,-0.656
0.69,-1.006
0.682,-0.069
0.669,-0.016
0.776,1.931
0.737,0.871
0.633,0.516
0.558,0.355
0.566,1.947
0.557,-1.097
0.358,0.158
0.47,0.372
0.431,-0.142
0.247,2.777
0.301,0.541
0.233,2.867
-0.014,2.606
-0.173,0.916
-0.213,0.149
-0.359,-0.877
-0.28,0.361
-0.472,0.97
-0.39,-0.959
-0.411,0.183
-0.572,0.436
-0.5,0.528
-0.608,2.444
-0.617,-0.622
-0.63,2.169
-0.659,0.987
-0.725,0.425
-0.714,-0.089
-0.683,1.066
-0.76,1.761
-1.153,0.662
-1.125,0.632
-1.229,0.016
-1.163,-0.677
-1.187,2.241
-1.403,2.358
-1.308,-1.077
-1.444,-0.604
-1.454,-0.784
-1.384,1.593
-1.382,2.616
-1.572,2.472
-1.49,2.157
-1.663,0.505
-1.681,-0.767
-1.662,0.341
-1.689,1.115
-1.818,2.829
-1.867,2.355
-1.748,0.943
-1.885,0.141
-1.91,-0.064
-1.991,2.646
-2.372,2.921
-2.365,-0.134
-2.672,0.145
-2.601,1.427
-2.69,0.98
-2.907,2.414
-2.798,-0.142
-3.003,0.148
-3.023,0.105
2.809,0.998
2.881,1.379
2.703,1.877
2.692,2.275
2.739,0.418
2.531,1.814
2.694,-0.429
2.452,-0.339
2.45,-1.004
1.972,-1.215
1.397,-1.364
1.269,-1.257
0.762,-1.289
0.182,-1.43
0.172,-1.393
-0.191,-1.116
-0.9,-1.324
-1.06,-1.463
-1.0,-1.362
-1.224,-1.3
-1.403,-1.449
-1.692,-1.474
-1.996,-1.261
-2.371,-1.423
-2.618,-1.226
-3.006,-1.332
2.886,-1.401
2.463,3.078
2.307,3.257
2.234,3.255
2.33,3.253
2.292,3.178
1.384,3.207
-0.413,3.061
-0.513,3.037
-0.67,3.144
-1.353,2.866
-1.975,3.16
-2.51,2.969
1.317,2.313
1.167,2.536
1.167,-0.182
1.0,2.678
-1.832,1.549
-2.38,2.332
-2.515,2.336
-0.404,0.024
-0.921,0.055
-2.077,1.557
-2.073,1.662
-3.1,1.179
-3.087,1.983
3.039,1.146
3.044,2.149
1.983,-0.203
1.984,0.804
-0.384,0.956
2.085,2.96
-2.129,-0.951
-2.257,3.062
-0.017,0.725
-0.034,-1.066
-0.115,1.291
-0.186,0.015
-0.148,-1.48
-0.156,-2.287
-0.3,0.48
-0.316,0.613
-0.373,-1.661
-0.366,-0.722
-0.335,-1.452
-0.397,-0.231
-0.389,0.682
-0.394,-1.821
-0.436,-0.78
-0.478,-1.124
-0.507,-2.053
-0.533,-1.121
-0.566,-1.409
-0.569,-1.378
-0.493,-2.361
-0.543,-1.349
-0.605,0.481
-0.652,-2.207
-0.682,-2.442
-0.644,-0.8
-0.695,-0.576
-0.719,-0.66
-0.654,-1.902
-0.685,-0.057
-0.68,-2.268
-0.689,1.191
-0.787,0.981
-0.8,1.428
-0.787,-2.236
-0.884,-0.639
-0.843,1.324
-0.877,-0.088
-0.932,1.129
-0.933,0.728
-0.958,-2.26
-0.953,-0.067
-0.908,-0.373
-0.996,-0.726
-1.057,-1.248
-1.0,-1.122
-1.061,0.802
-1.158,0.377
-1.101,-1.525
-1.18,-0.601
-1.228,0.248
-1.322,-0.302
-1.254,-2.344
-1.304,-1.197
-1.345,0.941
-1.421,-0.591
-1.463,-2.109
-1.464,-0.424
-1.434,-1.893
-1.427,-1.926
-1.599,0.256
-1.57,-0.319
-1.655,-0.225
-1.662,-1.937
-1.652,-0.854
-1.707,-1.214
-1.876,1.387
-1.818,-2.044
-1.88,-2.164
-1.95,-2.41
-1.885,1.331
-1.996,-1.508
-2.028,1.471
-2.027,-0.979
-2.057,-1.152
-2.222,1.496
-2.327,-0.943
-2.266,-1.991
-2.298,-1.23
-2.331,-1.455
-2.475,-2.174
-2.532,-0.617
-2.617,1.216
-2.653,1.515
-2.658,-1.006
-2.768,0.229
-2.736,-1.926
-2.799,-1.654
-2.789,-2.375
-2.793,0.887
-2.851,1.102
-2.838,1.463
-3.026,-2.368
2.999,-1.762
2.907,-1.478
2.902,0.108
2.917,-0.318
2.894,1.379
2.885,0.156
2.82,1.363
2.856,-1.566
2.857,0.298
2.786,0.099
2.701,-0.595
2.7,0.785
2.646,-0.567
2.648,-2.075
2.628,1.014
2.641,-0.788
2.578,-0.8
2.551,-0.347
2.233,-2.808
1.685,-2.46
1.656,-2.565
1.668,-2.479
1.494,-2.862
-0.023,-2.383
-0.349,-2.605
-0.567,-2.532
-0.849,-2.524
-1.115,-2.843
-1.323,-2.761
-1.392,-2.821
-1.735,-2.585
-1.838,-2.631
-1.934,-2.933
-2.488,-2.615
-2.839,-2.659
-2.965,-2.689
3.115,-2.792
-3.115,-2.562
3.047,-2.821
2.621,-2.804
2.437,1.55
2.432,1.716
1.928,1.915
1.489,1.845
1.31,1.665
0.415,1.989
0.113,1.692
0.122,1.889
0.04,1.965
-0.087,2.005
-0.237,1.607
-0.166,1.67
-0.42,1.904
-0.492,2.034
-0.605,1.929
-0.691,1.613
-0.978,2.022
-1.323,1.803
-1.608,1.951
-2.243,1.688
-2.568,1.76
-2.629,1.795
-2.984,1.651
2.929,1.976
2.94,1.917
2.677,1.848
1.79,-1.389
1.295,-0.881
0.653,1.14
-0.328,-1.788
-1.646,0.196
-2.354,1.179
-0.105,-2.807
2.357,1.877
2.572,1.449
2.419,-0.328
2.332,1.461
2.205,1.121
2.285,-1.984
2.297,-0.136
2.055,-0.361
2.038,1.022
1.985,1.574
1.855,-1.353
1.745,-0.1
1.831,-0.596
1.827,0.013
1.779,0.336
1.711,-0.374
1.684,0.011
1.625,0.518
1.531,0.662
1.335,1.428
1.311,1.141
1.391,1.32
1.327,-1.564
1.12,1.07
0.972,-0.07
0.887,-1.149
0.843,-2.197
0.97,-1.972
0.753,-2.322
0.745,-1.385
0.732,-1.332
0.839,0.615
0.8,-0.445
0.696,-0.8
0.621,-0.961
0.629,0.631
0.62,-2.413
0.421,-1.158
0.533,-0.944
0.494,-1.458
0.31,1.461
0.364,-0.775
0.296,1.551
0.049,1.29
-0.11,-0.4
-0.15,-1.167
-0.296,-2.193
-0.217,-0.955
-0.409,-0.346
-0.327,-2.275
-0.348,-1.133
-0.509,-0.88
-0.437,-0.788
-0.545,1.128
-0.554,-1.938
-0.567,0.853
-0.596,-0.329
-0.662,-0.891
-0.651,-1.405
-0.62,-0.25
-0.697,0.445
-1.09,-0.654
-1.062,-0.684
-1.166,-1.3
-1.1,-1.993
-1.124,0.925
-1.34,1.042
-1.245,-2.393
-1.381,-1.92
-1.391,-2.1
-1.321,0.277
-1.319,1.3
-1.509,1.156
-1.427,0.841
-1.6,-0.811
-1.618,-2.083
-1.599,-0.975
-1.626,-0.201
-1.755,1.513
-1.804,1.039
-1.685,-0.373
-1.822,-1.175
-1.847,-1.38
-1.928,1.33
-2.309,1.605
-2.302,-1.45
-2.609,-1.171
-2.538,0.111
-2.627,-0.336
-2.844,1.098
-2.735,-1.458
-2.94,-1.168
-2.96,-1.211
2.872,-0.318
2.944,0.063
2.766,0.561
2.755,0.959
2.802,-0.898
2.594,0.498
2.757,-1.745
2.515,-1.655
2.513,-2.32
2.035,-2.531
1.46,-2.68
1.332,-2.573
0.825,-2.605
0.245,-2.746
0.235,-2.709
-0.128,-2.432
-0.837,-2.64
-0.997,-2.779
-0.937,-2.678
-1.161,-2.616
-1.34,-2.765
-1.629,-2.79
-1.933,-2.577
-2.308,-2.739
-2.555,-2.542
-2.943,-2.648
2.949,-2.717
2.526,1.762
2.37,1.941
2.297,1.939
2.393,1.937
2.355,1.862
1.447,1.891
-0.35,1.745
-0.45,1.721
-0.607,1.828
-1.29,1.55
-1.912,1.844
-2.447,1.653
1.38,0.997
1.23,1.22
1.23,-1.498
1.063,1.362
-1.769,0.233
-2.317,1.016
-2.452,1.02
-0.341,-1.292
-0.858,-1.261
-2.014,0.241
-2.01,0.346
-3.037,-0.137
-3.024,0.667
3.102,-0.17
3.107,0.833
2.046,-1.519
2.047,-0.512
-0.321,-0.36
2.148,1.644
-2.066,-2.267
-2.194,1.746
-0.017,-1.791
-0.098,0.566
-0.169,-0.71
-0.131,-2.205
-0.139,-3.012
-0.283,-0.245
-0.299,-0.112
-0.356,-2.386
-0.349,-1.447
-0.318,-2.177
-0.38,-0.956
-0.372,-0.043
-0.377,-2.546
-0.419,-1.505
-0.461,-1.849
-0.49,-2.778
-0.516,-1.846
-0.549,-2.134
-0.552,-2.103
-0.476,-3.086
-0.526,-2.074
-0.588,-0.244
-0.635,-2.932
-0.665,-3.167
-0.627,-1.525
-0.678,-1.301
-0.702,-1.385
-0.637,-2.627
-0.668,-0.782
-0.663,-2.993
-0.672,0.466
-0.77,0.256
-0.783,0.703
-0.77,-2.961
-0.867,-1.364
-0.826,0.599
-0.86,-0.813
-0.915,0.404
-0.916,0.003
-0.941,-2.985
-0.936,-0.792
-0.891,-1.098
-0.979,-1.451
-1.04,-1.973
-0.983,-1.847
-1.044,0.077
-1.141,-0.348
-1.084,-2.25
-1.163,-1.326
-1.211,-0.477
-1.305,-1.027
-1.237,-3.069
-1.287,-1.922
-1.328,0.216
-1.404,-1.316
-1.446,-2.834
-1.447,-1.149
-1.417,-2.618
-1.41,-2.651
-1.582,-0.469
-1.553,-1.044
-1.638,-0.95
-1.645,-2.662
-1.635,-1.579
-1.69,-1.939
-1.859,0.662
-1.801,-2.769
-1.863,-2.889
-1.933,-3.135
-1.868,0.606
-1.979,-2.233
-2.011,0.746
-2.01,-1.704
-2.04,-1.877
-2.205,0.771
-2.31,-1.668
-2.249,-2.716
-2.281,-1.955
-2.314,-2.18
-2.458,-2.899
-2.515,-1.342
-2.6,0.491
-2.636,0.79
-2.641,-1.731
-2.751,-0.496
-2.719,-2.651
-2.782,-2.379
-2.772,-3.1
-2.776,0.162
-2.834,0.377
-2.821,0.738
-3.009,-3.093
3.016,-2.487
2.924,-2.203
2.919,-0.617
2.934,-1.043
2.911,0.654
2.902,-0.569
2.837,0.638
2.873,-2.291
2.874,-0.427
2.803,-0.626
2.718,-1.32
2.717,0.06
2.663,-1.292
2.665,-2.8
2.645,0.289
2.658,-1.513
2.595,-1.525
2.568,-1.072
2.25,-3.533
1.702,-3.185
1.673,-3.29
1.685,-3.204
1.511,-3.587
-0.006,-3.108
-0.332,-3.33
-0.55,-3.257
-0.832,-3.249
-1.098,-3.568
-1.306,-3.486
-1.375,-3.546
-1.718,-3.31
-1.821,-3.356
-1.917,-3.658
-2.471,-3.34
-2.822,-3.384
-2.948,-3.414
3.132,-3.517
-3.098,-3.287
3.064,-3.546
2.638,-3.529
2.454,0.825
2.449,0.991
1.945,1.19
1.506,1.12
1.327,0.94
0.432,1.264
0.13,0.967
0.139,1.164
0.057,1.24
-0.07,1.28
-0.22,0.882
-0.149,0.945
-0.403,1.179
-0.475,1.309
-0.588,1.204
-0.674,0.888
-0.961,1.297
-1.306,1.078
-1.591,1.226
-2.226,0.963
-2.551,1.035
-2.612,1.07
-2.967,0.926
2.946,1.251
2.957,1.192
2.694,1.123
1.807,-2.114
1.312,-1.606
0.67,0.415
-0.311,-2.513
-1.629,-0.529
-2.337,0.454
-0.088,-3.532
2.374,1.152
2.589,0.724
2.436,-1.053
2.349,0.736
2.222,0.396
2.302,-2.709
2.314,-0.861
2.072,-1.086
2.055,0.297
2.002,0.849
1.872,-2.078
1.762,-0.825
1.848,-1.321
1.844,-0.712
1.796,-0.389
1.728,-1.099
1.701,-0.714
1.642,-0.207
1.548,-0.063
1.352,0.703
1.328,0.416
1.408,0.595
1.344,-2.289
1.137,0.345
0.989,-0.795
0.904,-1.874
0.86,-2.922
0.987,-2.697
0.77,-3.047
0.762,-2.11
0.749,-2.057
0.856,-0.11
0.817,-1.17
0.713,-1.525
0.638,-1.686
0.646,-0.094
0.637,-3.138
0.438,-1.883
0.55,-1.669
0.511,-2.183
0.327,0.736
0.381,-1.5
0.313,0.826
0.066,0.565
-0.093,-1.125
-0.133,-1.892
-0.279,-2.918
-0.2,-1.68
-0.392,-1.071
-0.31,-3.0
-0.331,-1.858
-0.492,-1.605
-0.42,-1.513
-0.528,0.403
-0.537,-2.663
-0.55,0.128
-0.579,-1.054
-0.645,-1.616
-0.634,-2.13
-0.603,-0.975
-0.68,-0.28
-1.073,-1.379
-1.045,-1.409
-1.149,-2.025
-1.083,-2.718
-1.107,0.2
-1.323,0.317
-1.228,-3.118
-1.364,-2.645
-1.374,-2.825
-1.304,-0.448
-1.302,0.575
-1.492,0.431
-1.41,0.116
-1.583,-1.536
-1.601,-2.808
-1.582,-1.7
-1.609,-0.926
-1.738,0.788
-1.787,0.314
-1.668,-1.098
-1.805,-1.9
-1.83,-2.105
-1.911,0.605
-2.292,0.88
-2.285,-2.175
-2.592,-1.896
-2.521,-0.614
-2.61,-1.061
-2.827,0.373
-2.718,-2.183
-2.923,-1.893
-2.943,-1.936
2.889,-1.043
2.961,-0.662
2.783,-0.164
2.772,0.234
2.819,-1.623
2.611,-0.227
2.774,-2.47
2.532,-2.38
2.53,-3.045
2.052,-3.256
1.477,-3.405
1.349,-3.298
0.842,-3.33
0.262,-3.471
0.252,-3.434
-0.111,-3.157
-0.82,-3.365
-0.98,-3.504
-0.92,-3.403
-1.144,-3.341
-1.323,-3.49
-1.612,-3.515
-1.916,-3.302
-2.291,-3.464
-2.538,-3.267
-2.926,-3.373
2.966,-3.442
2.543,1.037
2.387,1.216
2.314,1.214
2.41,1.212
2.372,1.137
1.464,1.166
-0.333,1.02
-0.433,0.996
-0.59,1.103
-1.273,0.825
-1.895,1.119
-2.43,0.928
1.397,0.272
1.247,0.495
1.247,-2.223
1.08,0.637
-1.752,-0.492
-2.3,0.291
-2.435,0.295
-0.324,-2.017
-0.841,-1.986
-1.997,-0.484
-1.993,-0.379
-3.02,-0.862
-3.007,-0.058
3.119,-0.895
3.124,0.108
2.063,-2.244
2.064,-1.237
-0.304,-1.085
2.165,0.919
-2.049,-2.992
-2.177,1.021
-0.081,2.357
-0.152,1.081
-0.114,-0.414
-0.122,-1.221
-0.266,1.546
-0.282,1.679
-0.339,-0.595
-0.332,0.344
-0.301,-0.386
-0.363,0.835
-0.355,1.748
-0.36,-0.755
-0.402,0.286
-0.444,-0.058
-0.473,-0.987
-0.499,-0.055
-0.532,-0.343
-0.535,-0.312
-0.459,-1.295
-0.509,-0.283
-0.571,1.547
-0.618,-1.141
-0.648,-1.376
-0.61,0.266
-0.661,0.49
-0.685,0.406
-0.62,-0.836
-0.651,1.009
-0.646,-1.202
-0.655,2.257
-0.753,2.047
-0.766,2.494
-0.753,-1.17
-0.85,0.427
-0.809,2.39
-0.843,0.978
-0.898,2.195
-0.899,1.794
-0.924,-1.194
-0.919,0.999
-0.874,0.693
-0.962,0.34
-1.023,-0.182
-0.966,-0.056
-1.027,1.868
-1.124,1.443
-1.067,-0.459
-1.146,0.465
-1.194,1.314
-1.288,0.764
-1.22,-1.278
-1.27,-0.131
-1.311,2.007
-1.387,0.475
-1.429,-1.043
-1.43,0.642
-1.4,-0.827
-1.393,-0.86
-1.565,1.322
-1.536,0.747
-1.621,0.841
-1.628,-0.871
-1.618,0.212
-1.673,-0.148
-1.842,2.453
-1.784,-0.978
-1.846,-1.098
-1.916,-1.344
-1.851,2.397
-1.962,-0.442
-1.994,2.537
-1.993,0.087
-2.023,-0.086
-2.188,2.562
-2.293,0.123
-2.232,-0.925
-2.264,-0.164
-2.297,-0.389
-2.441,-1.108
-2.498,0.449
-2.583,2.282
-2.619,2.581
-2.624,0.06
-2.734,1.295
-2.702,-0.86
-2.765,-0.588
-2.755,-1.309
-2.759,1.953
-2.817,2.168
-2.804,2.529
-2.992,-1.302
3.033,-0.696
2.941,-0.412
2.936,1.174
2.951,0.748
2.928,2.445
2.919,1.222
2.854,2.429
2.89,-0.5
2.891,1.364
2.82,1.165
2.735,0.471
2.734,1.851
2.68,0.499
2.682,-1.009
2.662,2.08
2.675,0.278
2.612,0.266
2.585,0.719
2.267,-1.742
1.719,-1.394
1.69,-1.499
1.702,-1.413
1.528,-1.796
0.011,-1.317
-0.315,-1.539
-0.533,-1.466
-0.815,-1.458
-1.081,-1.777
-1.289,-1.695
-1.358,-1.755
-1.701,-1.519
-1.804,-1.565
-1.9,-1.867
-2.454,-1.549
-2.805,-1.593
-2.931,-1.623
-3.134,-1.726
-3.081,-1.496
3.081,-1.755
2.655,-1.738
2.471,2.616
2.466,2.782
1.962,2.981
1.523,2.911
1.344,2.731
0.449,3.055
0.147,2.758
0.156,2.955
0.074,3.031
-0.053,3.071
-0.203,2.673
-0.132,2.736
-0.386,2.97
-0.458,3.1
-0.571,2.995
-0.657,2.679
-0.944,3.088
-1.289,2.869
-1.574,3.017
-2.209,2.754
-2.534,2.826
-2.595,2.861
-2.95,2.717
2.963,3.042
2.974,2.983
2.711,2.914
1.824,-0.323
1.329,0.185
0.687,2.206
-0.294,-0.722
-1.612,1.262
-2.32,2.245
-0.071,-1.741
2.391,2.943
2.606,2.515
2.453,0.738
2.366,2.527
2.239,2.187
2.319,-0.918
2.331,0.93
2.089,0.705
2.072,2.088
2.019,2.64
1.889,-0.287
1.779,0.966
1.865,0.47
1.861,1.079
1.813,1.402
1.745,0.692
1.718,1.077
1.659,1.584
1.565,1.728
1.369,2.494
1.345,2.207
1.425,2.386
1.361,-0.498
1.154,2.136
1.006,0.996
0.921,-0.083
0.877,-1.131
1.004,-0.906
0.787,-1.256
0.779,-0.319
0.766,-0.266
0.873,1.681
0.834,0.621
0.73,0.266
0.655,0.105
0.663,1.697
0.654,-1.347
0.455,-0.092
0.567,0.122
0.528,-0.392
0.344,2.527
0.398,0.291
0.33,2.617
0.083,2.356
-0.076,0.666
-0.116,-0.101
-0.262,-1.127
-0.183,0.111
-0.375,0.72
-0.293,-1.209
-0.314,-0.067
-0.475,0.186
-0.403,0.278
-0.511,2.194
-0.52,-0.872
-0.533,1.919
-0.562,0.737
-0.628,0.175
-0.617,-0.339
-0.586,0.816
-0.663,1.511
-1.056,0.412
-1.028,0.382
-1.132,-0.234
-1.066,-0.927
-1.09,1.991
-1.306,2.108
-1.211,-1.327
-1.347,-0.854
-1.357,-1.034
-1.287,1.343
-1.285,2.366
-1.475,2.222
-1.393,1.907
-1.566,0.255
-1.584,-1.017
-1.565,0.091
-1.592,0.865
-1.721,2.579
-1.77,2.105
-1.651,0.693
-1.788,-0.109
-1.813,-0.314
-1.894,2.396
-2.275,2.671
-2.268,-0.384
-2.575,-0.105
-2.504,1.177
-2.593,0.73
-2.81,2.164
-2.701,-0.392
-2.906,-0.102
-2.926,-0.145
2.906,0.748
2.978,1.129
2.8,1.627
2.789,2.025
2.836,0.168
2.628,1.564
2.791,-0.679
2.549,-0.589
2.547,-1.254
2.069,-1.465
1.494,-1.614
1.366,-1.507
0.859,-1.539
0.279,-1.68
0.269,-1.643
-0.094,-1.366
-0.803,-1.574
-0.963,-1.713
-0.903,-1.612
-1.127,-1.55
-1.306,-1.699
-1.595,-1.724
-1.899,-1.511
-2.274,-1.673
-2.521,-1.476
-2.909,-1.582
2.983,-1.651
2.56,2.828
2.404,3.007
2.331,3.005
2.427,3.003
2.389,2.928
1.481,2.957
-0.316,2.811
-0.416,2.787
-0.573,2.894
-1.256,2.616
-1.878,2.91
-2.413,2.719
1.414,2.063
1.264,2.286
1.264,-0.432
1.097,2.428
-1.735,1.299
-2.283,2.082
-2.418,2.086
-0.307,-0.226
-0.824,-0.195
-1.98,1.307
-1.976,1.412
-3.003,0.929
-2.99,1.733
3.136,0.896
3.141,1.899
2.08,-0.453
2.081,0.554
-0.287,0.706
2.182,2.71
-2.032,-1.201
-2.16,2.812
-0.071,-1.276
-0.033,-2.771
-0.041,-3.578
-0.185,-0.811
-0.201,-0.678
-0.258,-2.952
-0.251,-2.013
-0.22,-2.743
-0.282,-1.522
-0.274,-0.609
-0.279,-3.112
-0.321,-2.071
-0.363,-2.415
-0.392,-3.344
-0.418,-2.412
-0.451,-2.7
-0.454,-2.669
-0.378,-3.652
-0.428,-2.64
-0.49,-0.81
-0.537,-3.498
-0.567,-3.733
-0.529,-2.091
-0.58,-1.867
-0.604,-1.951
-0.539,-3.193
-0.57,-1.348
-0.565,-3.559
-0.574,-0.1
-0.672,-0.31
-0.685,0.137
-0.672,-3.527
-0.769,-1.93
-0.728,0.033
-0.762,-1.379
-0.817,-0.162
-0.818,-0.563
-0.843,-3.551
-0.838,-1.358
-0.793,-1.664
-0.881,-2.017
-0.942,-2.539
-0.885,-2.413
-0.946,-0.489
-1.043,-0.914
-0.986,-2.816
-1.065,-1.892
-1.113,-1.043
-1.207,-1.593
-1.139,-3.635
-1.189,-2.488
-1.23,-0.35
-1.306,-1.882
-1.348,-3.4
-1.349,-1.715
-1.319,-3.184
-1.312,-3.217
-1.484,-1.035
-1.455,-1.61
-1.54,-1.516
-1.547,-3.228
-1.537,-2.145
-1.592,-2.505
-1.761,0.096
-1.703,-3.335
-1.765,-3.455
-1.835,-3.701
-1.77,0.04
-1.881,-2.799
-1.913,0.18
-1.912,-2.27
-1.942,-2.443
-2.107,0.205
-2.212,-2.234
-2.151,-3.282
-2.183,-2.521
-2.216,-2.746
-2.36,-3.465
-2.417,-1.908
-2.502,-0.075
-2.538,0.224
-2.543,-2.297
-2.653,-1.062
-2.621,-3.217
-2.684,-2.945
-2.674,-3.666
-2.678,-0.404
-2.736,-0.189
-2.723,0.172
-2.911,-3.659
3.114,-3.053
3.022,-2.769
3.017,-1.183
3.032,-1.609
3.009,0.088
3.0,-1.135
2.935,0.072
2.971,-2.857
2.972,-0.993
2.901,-1.192
2.816,-1.886
2.815,-0.506
2.761,-1.858
2.763,-3.366
2.743,-0.277
2.756,-2.079
2.693,-2.091
2.666,-1.638
2.348,-4.099
1.8,-3.751
1.771,-3.856
1.783,-3.77
1.609,-4.153
0.092,-3.674
-0.234,-3.896
-0.452,-3.823
-0.734,-3.815
-1.0,-4.134
-1.208,-4.052
-1.277,-4.112
-1.62,-3.876
-1.723,-3.922
-1.819,-4.224
-2.373,-3.906
-2.724,-3.95
-2.85,-3.98
-3.053,-4.083
-3.0,-3.853
-3.121,-4.112
2.736,-4.095
2.552,0.259
2.547,0.425
2.043,0.624
1.604,0.554
1.425,0.374
0.53,0.698
0.228,0.401
0.237,0.598
0.155,0.674
0.028,0.714
-0.122,0.316
-0.051,0.379
-0.305,0.613
-0.377,0.743
-0.49,0.638
-0.576,0.322
-0.863,0.731
-1.208,0.512
-1.493,0.66
-2.128,0.397
-2.453,0.469
-2.514,0.504
-2.869,0.36
3.044,0.685
3.055,0.626
2.792,0.557
1.905,-2.68
1.41,-2.172
0.768,-0.151
-0.213,-3.079
-1.531,-1.095
-2.239,-0.112
0.01,-4.098
2.472,0.586
2.687,0.158
2.534,-1.619
2.447,0.17
2.32,-0.17
2.4,-3.275
2.412,-1.427
2.17,-1.652
2.153,-0.269
2.1,0.283
1.97,-2.644
1.86,-1.391
1.946,-1.887
1.942,-1.278
1.894,-0.955
1.826,-1.665
1.799,-1.28
1.74,-0.773
1.646,-0.629
1.45,0.137
1.426,-0.15
1.506,0.029
1.442,-2.855
1.235,-0.221
1.087,-1.361
1.002,-2.44
0.958,-3.488
1.085,-3.263
0.868,-3.613
0.86,-2.676
0.847,-2.623
0.954,-0.676
0.915,-1.736
0.811,-2.091
0.736,-2.252
0.744,-0.66
0.735,-3.704
0.536,-2.449
0.648,-2.235
0.609,-2.749
0.425,0.17
0.479,-2.066
0.411,0.26
0.164,-0.001
0.005,-1.691
-0.035,-2.458
-0.181,-3.484
-0.102,-2.246
-0.294,-1.637
-0.212,-3.566
-0.233,-2.424
-0.394,-2.171
-0.322,-2.079
-0.43,-0.163
-0.439,-3.229
-0.452,-0.438
-0.481,-1.62
-0.547,-2.182
-0.536,-2.696
-0.505,-1.541
-0.582,-0.846
-0.975,-1.945
-0.947,-1.975
-1.051,-2.591
-0.985,-3.284
-1.009,-0.366
-1.225,-0.249
-1.13,-3.684
-1.266,-3.211
-1.276,-3.391
-1.206,-1.014
-1.204,0.009
-1.394,-0.135
-1.312,-0.45
-1.485,-2.102
-1.503,-3.374
-1.484,-2.266
-1.511,-1.492
-1.64,0.222
-1.689,-0.252
-1.57,-1.664
-1.707,-2.466
-1.732,-2.671
-1.813,0.039
-2.194,0.314
-2.187,-2.741
-2.494,-2.462
-2.423,-1.18
-2.512,-1.627
-2.729,-0.193
-2.62,-2.749
-2.825,-2.459
-2.845,-2.502
2.987,-1.609
3.059,-1.228
2.881,-0.73
2.87,-0.332
2.917,-2.189
2.709,-0.793
2.872,-3.036
2.63,-2.946
2.628,-3.611
2.15,-3.822
1.575,-3.971
1.447,-3.864
0.94,-3.896
0.36,-4.037
0.35,-4.0
-0.013,-3.723
-0.722,-3.931
-0.882,-4.07
-0.822,-3.969
-1.046,-3.907
-1.225,-4.056
-1.514,-4.081
-1.818,-3.868
-2.193,-4.03
-2.44,-3.833
-2.828,-3.939
3.064,-4.008
2.641,0.471
2.485,0.65
2.412,0.648
2.508,0.646
2.47,0.571
1.562,0.6
-0.235,0.454
-0.335,0.43
-0.492,0.537
-1.175,0.259
-1.797,0.553
-2.332,0.362
1.495,-0.294
1.345,-0.071
1.345,-2.789
1.178,0.071
-1.654,-1.058
-2.202,-0.275
-2.337,-0.271
-0.226,-2.583
-0.743,-2.552
-1.899,-1.05
-1.895,-0.945
-2.922,-1.428
-2.909,-0.624
-3.066,-1.461
-3.061,-0.458
2.161,-2.81
2.162,-1.803
-0.206,-1.651
2.263,0.353
-1.951,-3.558
-2.079,0.455
0.038,-1.495
0.03,-2.302
-0.114,0.465
-0.13,0.598
-0.187,-1.676
-0.18,-0.737
-0.149,-1.467
-0.211,-0.246
-0.203,0.667
-0.208,-1.836
-0.25,-0.795
-0.292,-1.139
-0.321,-2.068
-0.347,-1.136
-0.38,-1.424
-0.383,-1.393
-0.307,-2.376
-0.357,-1.364
-0.419,0.466
-0.466,-2.222
-0.496,-2.457
-0.458,-0.815
-0.509,-0.591
-0.533,-0.675
-0.468,-1.917
-0.499,-0.072
-0.494,-2.283
-0.503,1.176
-0.601,0.966
-0.614,1.413
-0.601,-2.251
-0.698,-0.654
-0.657,1.309
-0.691,-0.103
-0.746,1.114
-0.747,0.713
-0.772,-2.275
-0.767,-0.082
-0.722,-0.388
-0.81,-0.741
-0.871,-1.263
-0.814,-1.137
-0.875,0.787
-0.972,0.362
-0.915,-1.54
-0.994,-0.616
-1.042,0.233
-1.136,-0.317
-1.068,-2.359
-1.118,-1.212
-1.159,0.926
-1.235,-0.606
-1.277,-2.124
-1.278,-0.439
-1.248,-1.908
-1.241,-1.941
-1.413,0.241
-1.384,-0.334
-1.469,-0.24
-1.476,-1.952
-1.466,-0.869
-1.521,-1.229
-1.69,1.372
-1.632,-2.059
-1.694,-2.179
-1.764,-2.425
-1.699,1.316
-1.81,-1.523
-1.842,1.456
-1.841,-0.994
-1.871,-1.167
-2.036,1.481
-2.141,-0.958
-2.08,-2.006
-2.112,-1.245
-2.145,-1.47
-2.289,-2.189
-2.346,-0.632
-2.431,1.201
-2.467,1.5
-2.472,-1.021
-2.582,0.214
-2.55,-1.941
-2.613,-1.669
-2.603,-2.39
-2.607,0.872
-2.665,1.087
-2.652,1.448
-2.84,-2.383
-3.098,-1.777
3.093,-1.493
3.088,0.093
3.103,-0.333
3.08,1.364
3.071,0.141
3.006,1.348
3.042,-1.581
3.043,0.283
2.972,0.084
2.887,-0.61
2.886,0.77
2.832,-0.582
2.834,-2.09
2.814,0.999
2.827,-0.803
2.764,-0.815
2.737,-0.362
2.419,-2.823
1.871,-2.475
1.842,-2.58
1.854,-2.494
1.68,-2.877
0.163,-2.398
-0.163,-2.62
-0.381,-2.547
-0.663,-2.539
-0.929,-2.858
-1.137,-2.776
-1.206,-2.836
-1.549,-2.6
-1.652,-2.646
-1.748,-2.948
-2.302,-2.63
-2.653,-2.674
-2.779,-2.704
-2.982,-2.807
-2.929,-2.577
-3.05,-2.836
2.807,-2.819
2.623,1.535
2.618,1.701
2.114,1.9
1.675,1.83
1.496,1.65
0.601,1.974
0.299,1.677
0.308,1.874
0.226,1.95
0.099,1.99
-0.051,1.592
0.02,1.655
-0.234,1.889
-0.306,2.019
-0.419,1.914
-0.505,1.598
-0.792,2.007
-1.137,1.788
-1.422,1.936
-2.057,1.673
-2.382,1.745
-2.443,1.78
-2.798,1.636
3.115,1.961
3.126,1.902
2.863,1.833
1.976,-1.404
1.481,-0.896
0.839,1.125
-0.142,-1.803
-1.46,0.181
-2.168,1.164
0.081,-2.822
2.543,1.862
2.758,1.434
2.605,-0.343
2.518,1.446
2.391,1.106
2.471,-1.999
2.483,-0.151
2.241,-0.376
2.224,1.007
2.171,1.559
2.041,-1.368
1.931,-0.115
2.017,-0.611
2.013,-0.002
1.965,0.321
1.897,-0.389
1.87,-0.004
1.811,0.503
1.717,0.647
1.521,1.413
1.497,1.126
1.577,1.305
1.513,-1.579
1.306,1.055
1.158,-0.085
1.073,-1.164
1.029,-2.212
1.156,-1.987
0.939,-2.337
0.931,-1.4
0.918,-1.347
1.025,0.6
0.986,-0.46
0.882,-0.815
0.807,-0.976
0.815,0.616
0.806,-2.428
0.607,-1.173
0.719,-0.959
0.68,-1.473
0.496,1.446
0.55,-0.79
0.482,1.536
0.235,1.275
0.076,-0.415
0.036,-1.182
-0.11,-2.208
-0.031,-0.97
-0.223,-0.361
-0.141,-2.29
-0.162,-1.148
-0.323,-0.895
-0.251,-0.803
-0.359,1.113
-0.368,-1.953
-0.381,0.838
-0.41,-0.344
-0.476,-0.906
-0.465,-1.42
-0.434,-0.265
-0.511,0.43
-0.904,-0.669
-0.876,-0.699
-0.98,-1.315
-0.914,-2.008
-0.938,0.91
-1.154,1.027
-1.059,-2.408
-1.195,-1.935
-1.205,-2.115
-1.135,0.262
-1.133,1.285
-1.323,1.141
-1.241,0.826
-1.414,-0.826
-1.432,-2.098
-1.413,-0.99
-1.44,-0.216
-1.569,1.498
-1.618,1.024
-1.499,-0.388
-1.636,-1.19
-1.661,-1.395
-1.742,1.315
-2.123,1.59
-2.116,-1.465
-2.423,-1.186
-2.352,0.096
-2.441,-0.351
-2.658,1.083
-2.549,-1.473
-2.754,-1.183
-2.774,-1.226
3.058,-0.333
3.13,0.048
2.952,0.546
2.941,0.944
2.988,-0.913
2.78,0.483
2.943,-1.76
2.701,-1.67
2.699,-2.335
2.221,-2.546
1.646,-2.695
1.518,-2.588
1.011,-2.62
0.431,-2.761
0.421,-2.724
0.058,-2.447
-0.651,-2.655
-0.811,-2.794
-0.751,-2.693
-0.975,-2.631
-1.154,-2.78
-1.443,-2.805
-1.747,-2.592
-2.122,-2.754
-2.369,-2.557
-2.757,-2.663
3.135,-2.732
2.712,1.747
2.556,1.926
2.483,1.924
2.579,1.922
2.541,1.847
1.633,1.876
-0.164,1.73
-0.264,1.706
-0.421,1.813
-1.104,1.535
-1.726,1.829
-2.261,1.638
1.566,0.982
1.416,1.205
1.416,-1.513
1.249,1.347
-1.583,0.218
-2.131,1.001
-2.266,1.005
-0.155,-1.307
-0.672,-1.276
-1.828,0.226
-1.824,0.331
-2.851,-0.152
-2.838,0.652
-2.995,-0.185
-2.99,0.818
2.232,-1.534
2.233,-0.527
-0.135,-0.375
2.334,1.629
-1.88,-2.282
-2.008,1.731
-0.008,-0.807
-0.152,1.96
-0.168,2.093
-0.225,-0.181
-0.218,0.758
-0.187,0.028
-0.249,1.249
-0.241,2.162
-0.246,-0.341
-0.288,0.7
-0.33,0.356
-0.359,-0.573
-0.385,0.359
-0.418,0.071
-0.421,0.102
-0.345,-0.881
-0.395,0.131
-0.457,1.961
-0.504,-0.727
-0.534,-0.962
-0.496,0.68
-0.547,0.904
-0.571,0.82
-0.506,-0.422
-0.537,1.423
-0.532,-0.788
-0.541,2.671
-0.639,2.461
-0.652,2.908
-0.639,-0.756
-0.736,0.841
-0.695,2.804
-0.729,1.392
-0.784,2.609
-0.785,2.208
-0.81,-0.78
-0.805,1.413
-0.76,1.107
-0.848,0.754
-0.909,0.232
-0.852,0.358
-0.913,2.282
-1.01,1.857
-0.953,-0.045
-1.032,0.879
-1.08,1.728
-1.174,1.178
-1.106,-0.864
-1.156,0.283
-1.197,2.421
-1.273,0.889
-1.315,-0.629
-1.316,1.056
-1.286,-0.413
-1.279,-0.446
-1.451,1.736
-1.422,1.161
-1.507,1.255
-1.514,-0.457
-1.504,0.626
-1.559,0.266
-1.728,2.867
-1.67,-0.564
-1.732,-0.684
-1.802,-0.93
-1.737,2.811
-1.848,-0.028
-1.88,2.951
-1.879,0.501
-1.909,0.328
-2.074,2.976
-2.179,0.537
-2.118,-0.511
-2.15,0.25
-2.183,0.025
-2.327,-0.694
-2.384,0.863
-2.469,2.696
-2.505,2.995
-2.51,0.474
-2.62,1.709
-2.588,-0.446
-2.651,-0.174
-2.641,-0.895
-2.645,2.367
-2.703,2.582
-2.69,2.943
-2.878,-0.888
-3.136,-0.282
3.055,0.002
3.05,1.588
3.065,1.162
3.042,2.859
3.033,1.636
2.968,2.843
3.004,-0.086
3.005,1.778
2.934,1.579
2.849,0.885
2.848,2.265
2.794,0.913
2.796,-0.595
2.776,2.494
2.789,0.692
2.726,0.68
2.699,1.133
2.381,-1.328
1.833,-0.98
1.804,-1.085
1.816,-0.999
1.642,-1.382
0.125,-0.903
-0.201,-1.125
-0.419,-1.052
-0.701,-1.044
-0.967,-1.363
-1.175,-1.281
-1.244,-1.341
-1.587,-1.105
-1.69,-1.151
-1.786,-1.453
-2.34,-1.135
-2.691,-1.179
-2.817,-1.209
-3.02,-1.312
-2.967,-1.082
-3.088,-1.341
2.769,-1.324
2.585,3.03
2.58,3.196
2.076,3.395
1.637,3.325
1.458,3.145
0.563,3.469
0.261,3.172
0.27,3.369
0.188,3.445
0.061,3.485
-0.089,3.087
-0.018,3.15
-0.272,3.384
-0.344,3.514
-0.457,3.409
-0.543,3.093
-0.83,3.502
-1.175,3.283
-1.46,3.431
-2.095,3.168
-2.42,3.24
-2.481,3.275
-2.836,3.131
3.077,3.456
3.088,3.397
2.825,3.328
1.938,0.091
1.443,0.599
0.801,2.62
-0.18,-0.308
-1.498,1.676
-2.206,2.659
0.043,-1.327
2.505,3.357
2.72,2.929
2.567,1.152
2.48,2.941
2.353,2.601
2.433,-0.504
2.445,1.344
2.203,1.119
2.186,2.502
2.133,3.054
2.003,0.127
1.893,1.38
1.979,0.884
1.975,1.493
1.927,1.816
1.859,1.106
1.832,1.491
1.773,1.998
1.679,2.142
1.483,2.908
1.459,2.621
1.539,2.8
1.475,-0.084
1.268,2.55
1.12,1.41
1.035,0.331
0.991,-0.717
1.118,-0.492
0.901,-0.842
0.893,0.095
0.88,0.148
0.987,2.095
0.948,1.035
0.844,0.68
0.769,0.519
0.777,2.111
0.768,-0.933
0.569,0.322
0.681,0.536
0.642,0.022
0.458,2.941
0.512,0.705
0.444,3.031
0.197,2.77
0.038,1.08
-0.002,0.313
-0.148,-0.713
-0.069,0.525
-0.261,1.134
-0.179,-0.795
-0.2,0.347
-0.361,0.6
-0.289,0.692
-0.397,2.608
-0.406,-0.458
-0.419,2.333
-0.448,1.151
-0.514,0.589
-0.503,0.075
-0.472,1.23
-0.549,1.925
-0.942,0.826
-0.914,0.796
-1.018,0.18
-0.952,-0.513
-0.976,2.405
-1.192,2.522
-1.097,-0.913
-1.233,-0.44
-1.243,-0.62
-1.173,1.757
-1.171,2.78
-1.361,2.636
-1.279,2.321
-1.452,0.669
-1.47,-0.603
-1.451,0.505
-1.478,1.279
-1.607,2.993
-1.656,2.519
-1.537,1.107
-1.674,0.305
-1.699,0.1
-1.78,2.81
-2.161,3.085
-2.154,0.03
-2.461,0.309
-2.39,1.591
-2.479,1.144
-2.696,2.578
-2.587,0.022
-2.792,0.312
-2.812,0.269
3.02,1.162
3.092,1.543
2.914,2.041
2.903,2.439
2.95,0.582
2.742,1.978
2.905,-0.265
2.663,-0.175
2.661,-0.84
2.183,-1.051
1.608,-1.2
1.48,-1.093
0.973,-1.125
0.393,-1.266
0.383,-1.229
0.02,-0.952
-0.689,-1.16
-0.849,-1.299
-0.789,-1.198
-1.013,-1.136
-1.192,-1.285
-1.481,-1.31
-1.785,-1.097
-2.16,-1.259
-2.407,-1.062
-2.795,-1.168
3.097,-1.237
2.674,3.242
2.518,3.421
2.445,3.419
2.541,3.417
2.503,3.342
1.595,3.371
-0.202,3.225
-0.302,3.201
-0.459,3.308
-1.142,3.03
-1.764,3.324
-2.299,3.133
1.528,2.477
1.378,2.7
1.378,-0.018
1.211,2.842
-1.621,1.713
-2.169,2.496
-2.304,2.5
-0.193,0.188
-0.71,0.219
-1.866,1.721
-1.862,1.826
-2.889,1.343
-2.876,2.147
-3.033,1.31
-3.028,2.313
2.194,-0.039
2.195,0.968
-0.173,1.12
2.296,3.124
-1.918,-0.787
-2.046,3.226
-0.144,2.767
-0.16,2.9
-0.217,0.626
-0.21,1.565
-0.179,0.835
-0.241,2.056
-0.233,2.969
-0.238,0.466
-0.28,1.507
-0.322,1.163
-0.351,0.234
-0.377,1.166
-0.41,0.878
-0.413,0.909
-0.337,-0.074
-0.387,0.938
-0.449,2.768
-0.496,0.08
-0.526,-0.155
-0.488,1.487
-0.539,1.711
-0.563,1.627
-0.498,0.385
-0.529,2.23
-0.524,0.019
-0.533,3.478
-0.631,3.268
-0.644,3.715
-0.631,0.051
-0.728,1.648
-0.687,3.611
-0.721,2.199
-0.776,3.416
-0.777,3.015
-0.802,0.027
-0.797,2.22
-0.752,1.914
-0.84,1.561
-0.901,1.039
-0.844,1.165
-0.905,3.089
-1.002,2.664
-0.945,0.762
-1.024,1.686
-1.072,2.535
-1.166,1.985
-1.098,-0.057
-1.148,1.09
-1.189,3.228
-1.265,1.696
-1.307,0.178
-1.308,1.863
-1.278,0.394
-1.271,0.361
-1.443,2.543
-1.414,1.968
-1.499,2.062
-1.506,0.35
-1.496,1.433
-1.551,1.073
-1.72,3.674
-1.662,0.243
-1.724,0.123
-1.794,-0.123
-1.729,3.618
-1.84,0.779
-1.872,3.758
-1.871,1.308
-1.901,1.135
-2.066,3.783
-2.171,1.344
-2.11,0.296
-2.142,1.057
-2.175,0.832
-2.319,0.113
-2.376,1.67
-2.461,3.503
-2.497,3.802
-2.502,1.281
-2.612,2.516
-2.58,0.361
-2.643,0.633
-2.633,-0.088
-2.637,3.174
-2.695,3.389
-2.682,3.75
-2.87,-0.081
-3.128,0.525
3.063,0.809
3.058,2.395
3.073,1.969
3.05,3.666
3.041,2.443
2.976,3.65
3.012,0.721
3.013,2.585
2.942,2.386
2.857,1.692
2.856,3.072
2.802,1.72
2.804,0.212
2.784,3.301
2.797,1.499
2.734,1.487
2.707,1.94
2.389,-0.521
1.841,-0.173
1.812,-0.278
1.824,-0.192
1.65,-0.575
0.133,-0.096
-0.193,-0.318
-0.411,-0.245
-0.693,-0.237
-0.959,-0.556
-1.167,-0.474
-1.236,-0.534
-1.579,-0.298
-1.682,-0.344
-1.778,-0.646
-2.332,-0.328
-2.683,-0.372
-2.809,-0.402
-3.012,-0.505
-2.959,-0.275
-3.08,-0.534
2.777,-0.517
2.593,3.837
2.588,4.003
2.084,4.202
1.645,4.132
1.466,3.952
0.571,4.276
0.269,3.979
0.278,4.176
0.196,4.252
0.069,4.292
-0.081,3.894
-0.01,3.957
-0.264,4.191
-0.336,4.321
-0.449,4.216
-0.535,3.9
-0.822,4.309
-1.167,4.09
-1.452,4.238
-2.087,3.975
-2.412,4.047
-2.473,4.082
-2.828,3.938
3.085,4.263
3.096,4.204
2.833,4.135
1.946,0.898
1.451,1.406
0.809,3.427
-0.172,0.499
-1.49,2.483
-2.198,3.466
0.051,-0.52
2.513,4.164
2.728,3.736
2.575,1.959
2.488,3.748
2.361,3.408
2.441,0.303
2.453,2.151
2.211,1.926
2.194,3.309
2.141,3.861
2.011,0.934
1.901,2.187
1.987,1.691
1.983,2.3
1.935,2.623
1.867,1.913
1.84,2.298
1.781,2.805
1.687,2.949
1.491,3.715
1.467,3.428
1.547,3.607
1.483,0.723
1.276,3.357
1.128,2.217
1.043,1.138
0.999,0.09
1.126,0.315
0.909,-0.035
0.901,0.902
0.888,0.955
0.995,2.902
0.956,1.842
0.852,1.487
0.777,1.326
0.785,2.918
0.776,-0.126
0.577,1.129
0.689,1.343
0.65,0.829
0.466,3.748
0.52,1.512
0.452,3.838
0.205,3.577
0.046,1.887
0.006,1.12
-0.14,0.094
-0.061,1.332
-0.253,1.941
-0.171,0.012
-0.192,1.154
-0.353,1.407
-0.281,1.499
-0.389,3.415
-0.398,0.349
-0.411,3.14
-0.44,1.958
-0.506,1.396
-0.495,0.882
-0.464,2.037
-0.541,2.732
-0.934,1.633
-0.906,1.603
-1.01,0.987
-0.944,0.294
-0.968,3.212
-1.184,3.329
-1.089,-0.106
-1.225,0.367
-1.235,0.187
-1.165,2.564
-1.163,3.587
-1.353,3.443
-1.271,3.128
-1.444,1.476
-1.462,0.204
-1.443,1.312
-1.47,2.086
-1.599,3.8
-1.648,3.326
-1.529,1.914
-1.666,1.112
-1.691,0.907
-1.772,3.617
-2.153,3.892
-2.146,0.837
-2.453,1.116
-2.382,2.398
-2.471,1.951
-2.688,3.385
-2.579,0.829
-2.784,1.119
-2.804,1.076
3.028,1.969
3.1,2.35
2.922,2.848
2.911,3.246
2.958,1.389
2.75,2.785
2.913,0.542
2.671,0.632
2.669,-0.033
2.191,-0.244
1.616,-0.393
1.488,-0.286
0.981,-0.318
0.401,-0.459
0.391,-0.422
0.028,-0.145
-0.681,-0.353
-0.841,-0.492
-0.781,-0.391
-1.005,-0.329
-1.184,-0.478
-1.473,-0.503
-1.777,-0.29
-2.152,-0.452
-2.399,-0.255
-2.787,-0.361
3.105,-0.43
2.682,4.049
2.526,4.228
2.453,4.226
2.549,4.224
2.511,4.149
1.603,4.178
-0.194,4.032
-0.294,4.008
-0.451,4.115
-1.134,3.837
-1.756,4.131
-2.291,3.94
1.536,3.284
1.386,3.507
1.386,0.789
1.219,3.649
-1.613,2.52
-2.161,3.303
-2.296,3.307
-0.185,0.995
-0.702,1.026
-1.858,2.528
-1.854,2.633
-2.881,2.15
-2.868,2.954
-3.025,2.117
-3.02,3.12
2.202,0.768
2.203,1.775
-0.165,1.927
2.304,3.931
-1.91,0.02
-2.038,4.033
-0.016,0.133
-0.073,-2.141
-0.066,-1.202
-0.035,-1.932
-0.097,-0.711
-0.089,0.202
-0.094,-2.301
-0.136,-1.26
-0.178,-1.604
-0.207,-2.533
-0.233,-1.601
-0.266,-1.889
-0.269,-1.858
-0.193,-2.841
-0.243,-1.829
-0.305,0.001
-0.352,-2.687
-0.382,-2.922
-0.344,-1.28
-0.395,-1.056
-0.419,-1.14
-0.354,-2.382
-0.385,-0.537
-0.38,-2.748
-0.389,0.711
-0.487,0.501
-0.5,0.948
-0.487,-2.716
-0.584,-1.119
-0.543,0.844
-0.577,-0.568
-0.632,0.649
-0.633,0.248
-0.658,-2.74
-0.653,-0.547
-0.608,-0.853
-0.696,-1.206
-0.757,-1.728
-0.7,-1.602
-0.761,0.322
-0.858,-0.103
-0.801,-2.005
-0.88,-1.081
-0.928,-0.232
-1.022,-0.782
-0.954,-2.824
-1.004,-1.677
-1.045,0.461
-1.121,-1.071
-1.163,-2.589
-1.164,-0.904
-1.134,-2.373
-1.127,-2.406
-1.299,-0.224
-1.27,-0.799
-1.355,-0.705
-1.362,-2.417
-1.352,-1.334
-1.407,-1.694
-1.576,0.907
-1.518,-2.524
-1.58,-2.644
-1.65,-2.89
-1.585,0.851
-1.696,-1.988
-1.728,0.991
-1.727,-1.459
-1.757,-1.632
-1.922,1.016
-2.027,-1.423
-1.966,-2.471
-1.998,-1.71
-2.031,-1.935
-2.175,-2.654
-2.232,-1.097
-2.317,0.736
-2.353,1.035
-2.358,-1.486
-2.468,-0.251
-2.436,-2.406
-2.499,-2.134
-2.489,-2.855
-2.493,0.407
-2.551,0.622
-2.538,0.983
-2.726,-2.848
-2.984,-2.242
-3.076,-1.958
-3.081,-0.372
-3.066,-0.798
-3.089,0.899
-3.098,-0.324
3.12,0.883
-3.127,-2.046
-3.126,-0.182
3.086,-0.381
3.001,-1.075
3.0,0.305
2.946,-1.047
2.948,-2.555
2.928,0.534
2.941,-1.268
2.878,-1.28
2.851,-0.827
2.533,-3.288
1.985,-2.94
1.956,-3.045
1.968,-2.959
1.794,-3.342
0.277,-2.863
-0.049,-3.085
-0.267,-3.012
-0.549,-3.004
-0.815,-3.323
-1.023,-3.241
-1.092,-3.301
-1.435,-3.065
-1.538,-3.111
-1.634,-3.413
-2.188,-3.095
-2.539,-3.139
-2.665,-3.169
-2.868,-3.272
-2.815,-3.042
-2.936,-3.301
2.921,-3.284
2.737,1.07
2.732,1.236
2.228,1.435
1.789,1.365
1.61,1.185
0.715,1.509
0.413,1.212
0.422,1.409
0.34,1.485
0.213,1.525
0.063,1.127
0.134,1.19
-0.12,1.424
-0.192,1.554
-0.305,1.449
-0.391,1.133
-0.678,1.542
-1.023,1.323
-1.308,1.471
-1.943,1.208
-2.268,1.28
-2.329,1.315
-2.684,1.171
-3.054,1.496
-3.043,1.437
2.977,1.368
2.09,-1.869
1.595,-1.361
0.953,0.66
-0.028,-2.268
-1.346,-0.284
-2.054,0.699
0.195,-3.287
2.657,1.397
2.872,0.969
2.719,-0.808
2.632,0.981
2.505,0.641
2.585,-2.464
2.597,-0.616
2.355,-0.841
2.338,0.542
2.285,1.094
2.155,-1.833
2.045,-0.58
2.131,-1.076
2.127,-0.467
2.079,-0.144
2.011,-0.854
1.984,-0.469
1.925,0.038
1.831,0.182
1.635,0.948
1.611,0.661
1.691,0.84
1.627,-2.044
1.42,0.59
1.272,-0.55
1.187,-1.629
1.143,-2.677
1.27,-2.452
1.053,-2.802
1.045,-1.865
1.032,-1.812
1.139,0.135
1.1,-0.925
0.996,-1.28
0.921,-1.441
0.929,0.151
0.92,-2.893
0.721,-1.638
0.833,-1.424
0.794,-1.938
0.61,0.981
0.664,-1.255
0.596,1.071
0.349,0.81
0.19,-0.88
0.15,-1.647
0.004,-2.673
0.083,-1.435
-0.109,-0.826
-0.027,-2.755
-0.048,-1.613
-0.209,-1.36
-0.137,-1.268
-0.245,0.648
-0.254,-2.418
-0.267,0.373
-0.296,-0.809
-0.362,-1.371
-0.351,-1.885
-0.32,-0.73
-0.397,-0.035
-0.79,-1.134
-0.762,-1.164
-0.866,-1.78
-0.8,-2.473
-0.824,0.445
-1.04,0.562
-0.945,-2.873
-1.081,-2.4
-1.091,-2.58
-1.021,-0.203
-1.019,0.82
-1.209,0.676
-1.127,0.361
-1.3,-1.291
-1.318,-2.563
-1.299,-1.455
-1.326,-0.681
-1.455,1.033
-1.504,0.559
-1.385,-0.853
-1.522,-1.655
-1.547,-1.86
-1.628,0.85
-2.009,1.125
-2.002,-1.93
-2.309,-1.651
-2.238,-0.369
-2.327,-0.816
-2.544,0.618
-2.435,-1.938
-2.64,-1.648
-2.66,-1.691
-3.111,-0.798
-3.039,-0.417
3.066,0.081
3.055,0.479
3.102,-1.378
2.894,0.018
3.057,-2.225
2.815,-2.135
2.813,-2.8
2.335,-3.011
1.76,-3.16
1.632,-3.053
1.125,-3.085
0.545,-3.226
0.535,-3.189
0.172,-2.912
-0.537,-3.12
-0.697,-3.259
-0.637,-3.158
-0.861,-3.096
-1.04,-3.245
-1.329,-3.27
-1.633,-3.057
-2.008,-3.219
-2.255,-3.022
-2.643,-3.128
-3.034,-3.197
2.826,1.282
2.67,1.461
2.597,1.459
2.693,1.457
2.655,1.382
1.747,1.411
-0.05,1.265
-0.15,1.241
-0.307,1.348
-0.99,1.07
-1.612,1.364
-2.147,1.173
1.68,0.517
1.53,0.74
1.53,-1.978
1.363,0.882
-1.469,-0.247
-2.017,0.536
-2.152,0.54
-0.041,-1.772
-0.558,-1.741
-1.714,-0.239
-1.71,-0.134
-2.737,-0.617
-2.724,0.187
-2.881,-0.65
-2.876,0.353
2.346,-1.999
2.347,-0.992
-0.021,-0.84
2.448,1.164
-1.766,-2.747
-1.894,1.266
-0.057,-2.274
-0.05,-1.335
-0.019,-2.065
-0.081,-0.844
-0.073,0.069
-0.078,-2.434
-0.12,-1.393
-0.162,-1.737
-0.191,-2.666
-0.217,-1.734
-0.25,-2.022
-0.253,-1.991
-0.177,-2.974
-0.227,-1.962
-0.289,-0.132
-0.336,-2.82
-0.366,-3.055
-0.328,-1.413
-0.379,-1.189
-0.403,-1.273
-0.338,-2.515
-0.369,-0.67
-0.364,-2.881
-0.373,0.578
-0.471,0.368
-0.484,0.815
-0.471,-2.849
-0.568,-1.252
-0.527,0.711
-0.561,-0.701
-0.616,0.516
-0.617,0.115
-0.642,-2.873
-0.637,-0.68
-0.592,-0.986
-0.68,-1.339
-0.741,-1.861
-0.684,-1.735
-0.745,0.189
-0.842,-0.236
-0.785,-2.138
-0.864,-1.214
-0.912,-0.365
-1.006,-0.915
-0.938,-2.957
-0.988,-1.81
-1.029,0.328
-1.105,-1.204
-1.147,-2.722
-1.148,-1.037
-1.118,-2.506
-1.111,-2.539
-1.283,-0.357
-1.254,-0.932
-1.339,-0.838
-1.346,-2.55
-1.336,-1.467
-1.391,-1.827
-1.56,0.774
-1.502,-2.657
-1.564,-2.777
-1.634,-3.023
-1.569,0.718
-1.68,-2.121
-1.712,0.858
-1.711,-1.592
-1.741,-1.765
-1.906,0.883
-2.011,-1.556
-1.95,-2.604
-1.982,-1.843
-2.015,-2.068
-2.159,-2.787
-2.216,-1.23
-2.301,0.603
-2.337,0.902
-2.342,-1.619
-2.452,-0.384
-2.42,-2.539
-2.483,-2.267
-2.473,-2.988
-2.477,0.274
-2.535,0.489
-2.522,0.85
-2.71,-2.981
-2.968,-2.375
-3.06,-2.091
-3.065,-0.505
-3.05,-0.931
-3.073,0.766
-3.082,-0.457
3.136,0.75
-3.111,-2.179
-3.11,-0.315
3.102,-0.514
3.017,-1.208
3.016,0.172
2.962,-1.18
2.964,-2.688
2.944,0.401
2.957,-1.401
2.894,-1.413
2.867,-0.96
2.549,-3.421
2.001,-3.073
1.972,-3.178
1.984,-3.092
1.81,-3.475
0.293,-2.996
-0.033,-3.218
-0.251,-3.145
-0.533,-3.137
-0.799,-3.456
-1.007,-3.374
-1.076,-3.434
-1.419,-3.198
-1.522,-3.244
-1.618,-3.546
-2.172,-3.228
-2.523,-3.272
-2.649,-3.302
-2.852,-3.405
-2.799,-3.175
-2.92,-3.434
2.937,-3.417
2.753,0.937
2.748,1.103
2.244,1.302
1.805,1.232
1.626,1.052
0.731,1.376
0.429,1.079
0.438,1.276
0.356,1.352
0.229,1.392
0.079,0.994
0.15,1.057
-0.104,1.291
-0.176,1.421
-0.289,1.316
-0.375,1.0
-0.662,1.409
-1.007,1.19
-1.292,1.338
-1.927,1.075
-2.252,1.147
-2.313,1.182
-2.668,1.038
-3.038,1.363
-3.027,1.304
2.993,1.235
2.106,-2.002
1.611,-1.494
0.969,0.527
-0.012,-2.401
-1.33,-0.417
-2.038,0.566
0.211,-3.42
2.673,1.264
2.888,0.836
2.735,-0.941
2.648,0.848
2.521,0.508
2.601,-2.597
2.613,-0.749
2.371,-0.974
2.354,0.409
2.301,0.961
2.171,-1.966
2.061,-0.713
2.147,-1.209
2.143,-0.6
2.095,-0.277
2.027,-0.987
2.0,-0.602
1.941,-0.095
1.847,0.049
1.651,0.815
1.627,0.528
1.707,0.707
1.643,-2.177
1.436,0.457
1.288,-0.683
1.203,-1.762
1.159,-2.81
1.286,-2.585
1.069,-2.935
1.061,-1.998
1.048,-1.945
1.155,0.002
1.116,-1.058
1.012,-1.413
0.937,-1.574
0.945,0.018
0.936,-3.026
0.737,-1.771
0.849,-1.557
0.81,-2.071
0.626,0.848
0.68,-1.388
0.612,0.938
0.365,0.677
0.206,-1.013
0.166,-1.78
0.02,-2.806
0.099,-1.568
-0.093,-0.959
-0.011,-2.888
-0.032,-1.746
-0.193,-1.493
-0.121,-1.401
-0.229,0.515
-0.238,-2.551
-0.251,0.24
-0.28,-0.942
-0.346,-1.504
-0.335,-2.018
-0.304,-0.863
-0.381,-0.168
-0.774,-1.267
-0.746,-1.297
-0.85,-1.913
-0.784,-2.606
-0.808,0.312
-1.024,0.429
-0.929,-3.006
-1.065,-2.533
-1.075,-2.713
-1.005,-0.336
-1.003,0.687
-1.193,0.543
-1.111,0.228
-1.284,-1.424
-1.302,-2.696
-1.283,-1.588
-1.31,-0.814
-1.439,0.9
-1.488,0.426
-1.369,-0.986
-1.506,-1.788
-1.531,-1.993
-1.612,0.717
-1.993,0.992
-1.986,-2.063
-2.293,-1.784
-2.222,-0.502
-2.311,-0.949
-2.528,0.485
-2.419,-2.071
-2.624,-1.781
-2.644,-1.824
-3.095,-0.931
-3.023,-0.55
3.082,-0.052
3.071,0.346
3.118,-1.511
2.91,-0.115
3.073,-2.358
2.831,-2.268
2.829,-2.933
2.351,-3.144
1.776,-3.293
1.648,-3.186
1.141,-3.218
0.561,-3.359
0.551,-3.322
0.188,-3.045
-0.521,-3.253
-0.681,-3.392
-0.621,-3.291
-0.845,-3.229
-1.024,-3.378
-1.313,-3.403
-1.617,-3.19
-1.992,-3.352
-2.239,-3.155
-2.627,-3.261
-3.018,-3.33
2.842,1.149
2.686,1.328
2.613,1.326
2.709,1.324
2.671,1.249
1.763,1.278
-0.034,1.132
-0.134,1.108
-0.291,1.215
-0.974,0.937
-1.596,1.231
-2.131,1.04
1.696,0.384
1.546,0.607
1.546,-2.111
1.379,0.749
-1.453,-0.38
-2.001,0.403
-2.136,0.407
-0.025,-1.905
-0.542,-1.874
-1.698,-0.372
-1.694,-0.267
-2.721,-0.75
-2.708,0.054
-2.865,-0.783
-2.86,0.22
2.362,-2.132
2.363,-1.125
-0.005,-0.973
2.464,1.031
-1.75,-2.88
-1.878,1.133
0.007,0.939
0.038,0.209
-0.024,1.43
-0.016,2.343
-0.021,-0.16
-0.063,0.881
-0.105,0.537
-0.134,-0.392
-0.16,0.54
-0.193,0.252
-0.196,0.283
-0.12,-0.7
-0.17,0.312
-0.232,2.142
-0.279,-0.546
-0.309,-0.781
-0.271,0.861
-0.322,1.085
-0.346,1.001
-0.281,-0.241
-0.312,1.604
-0.307,-0.607
-0.316,2.852
-0.414,2.642
-0.427,3.089
-0.414,-0.575
-0.511,1.022
-0.47,2.985
-0.504,1.573
-0.559,2.79
-0.56,2.389
-0.585,-0.599
-0.58,1.594
-0.535,1.288
-0.623,0.935
-0.684,0.413
-0.627,0.539
-0.688,2.463
-0.785,2.038
-0.728,0.136
-0.807,1.06
-0.855,1.909
-0.949,1.359
-0.881,-0.683
-0.931,0.464
-0.972,2.602
-1.048,1.07
-1.09,-0.448
-1.091,1.237
-1.061,-0.232
-1.054,-0.265
-1.226,1.917
-1.197,1.342
-1.282,1.436
-1.289,-0.276
-1.279,0.807
-1.334,0.447
-1.503,3.048
-1.445,-0.383
-1.507,-0.503
-1.577,-0.749
-1.512,2.992
-1.623,0.153
-1.655,3.132
-1.654,0.682
-1.684,0.509
-1.849,3.157
-1.954,0.718
-1.893,-0.33
-1.925,0.431
-1.958,0.206
-2.102,-0.513
-2.159,1.044
-2.244,2.877
-2.28,3.176
-2.285,0.655
-2.395,1.89
-2.363,-0.265
-2.426,0.007
-2.416,-0.714
-2.42,2.548
-2.478,2.763
-2.465,3.124
-2.653,-0.707
-2.911,-0.101
-3.003,0.183
-3.008,1.769
-2.993,1.343
-3.016,3.04
-3.025,1.817
-3.09,3.024
-3.054,0.095
-3.053,1.959
-3.124,1.76
3.074,1.066
3.073,2.446
3.019,1.094
3.021,-0.414
3.001,2.675
3.014,0.873
2.951,0.861
2.924,1.314
2.606,-1.147
2.058,-0.799
2.029,-0.904
2.041,-0.818
1.867,-1.201
0.35,-0.722
0.024,-0.944
-0.194,-0.871
-0.476,-0.863
-0.742,-1.182
-0.95,-1.1
-1.019,-1.16
-1.362,-0.924
-1.465,-0.97
-1.561,-1.272
-2.115,-0.954
-2.466,-0.998
-2.592,-1.028
-2.795,-1.131
-2.742,-0.901
-2.863,-1.16
2.994,-1.143
2.81,3.211
2.805,3.377
2.301,3.576
1.862,3.506
1.683,3.326
0.788,3.65
0.486,3.353
0.495,3.55
0.413,3.626
0.286,3.666
0.136,3.268
0.207,3.331
-0.047,3.565
-0.119,3.695
-0.232,3.59
-0.318,3.274
-0.605,3.683
-0.95,3.464
-1.235,3.612
-1.87,3.349
-2.195,3.421
-2.256,3.456
-2.611,3.312
-2.981,3.637
-2.97,3.578
3.05,3.509
2.163,0.272
1.668,0.78
1.026,2.801
0.045,-0.127
-1.273,1.857
-1.981,2.84
0.268,-1.146
2.73,3.538
2.945,3.11
2.792,1.333
2.705,3.122
2.578,2.782
2.658,-0.323
2.67,1.525
2.428,1.3
2.411,2.683
2.358,3.235
2.228,0.308
2.118,1.561
2.204,1.065
2.2,1.674
2.152,1.997
2.084,1.287
2.057,1.672
1.998,2.179
1.904,2.323
1.708,3.089
1.684,2.802
1.764,2.981
1.7,0.097
1.493,2.731
1.345,1.591
1.26,0.512
1.216,-0.536
1.343,-0.311
1.126,-0.661
1.118,0.276
1.105,0.329
1.212,2.276
1.173,1.216
1.069,0.861
0.994,0.7
1.002,2.292
0.993,-0.752
0.794,0.503
0.906,0.717
0.867,0.203
0.683,3.122
0.737,0.886
0.669,3.212
0.422,2.951
0.263,1.261
0.223,0.494
0.077,-0.532
0.156,0.706
-0.036,1.315
0.046,-0.614
0.025,0.528
-0.136,0.781
-0.064,0.873
-0.172,2.789
-0.181,-0.277
-0.194,2.514
-0.223,1.332
-0.289,0.77
-0.278,0.256
-0.247,1.411
-0.324,2.106
-0.717,1.007
-0.689,0.977
-0.793,0.361
-0.727,-0.332
-0.751,2.586
-0.967,2.703
-0.872,-0.732
-1.008,-0.259
-1.018,-0.439
-0.948,1.938
-0.946,2.961
-1.136,2.817
-1.054,2.502
-1.227,0.85
-1.245,-0.422
-1.226,0.686
-1.253,1.46
-1.382,3.174
-1.431,2.7
-1.312,1.288
-1.449,0.486
-1.474,0.281
-1.555,2.991
-1.936,3.266
-1.929,0.211
-2.236,0.49
-2.165,1.772
-2.254,1.325
-2.471,2.759
-2.362,0.203
-2.567,0.493
-2.587,0.45
-3.038,1.343
-2.966,1.724
3.139,2.222
3.128,2.62
-3.108,0.763
2.967,2.159
3.13,-0.084
2.888,0.006
2.886,-0.659
2.408,-0.87
1.833,-1.019
1.705,-0.912
1.198,-0.944
0.618,-1.085
0.608,-1.048
0.245,-0.771
-0.464,-0.979
-0.624,-1.118
-0.564,-1.017
-0.788,-0.955
-0.967,-1.104
-1.256,-1.129
-1.56,-0.916
-1.935,-1.078
-2.182,-0.881
-2.57,-0.987
-2.961,-1.056
2.899,3.423
2.743,3.602
2.67,3.6
2.766,3.598
2.728,3.523
1.82,3.552
0.023,3.406
-0.077,3.382
-0.234,3.489
-0.917,3.211
-1.539,3.505
-2.074,3.314
1.753,2.658
1.603,2.881
1.603,0.163
1.436,3.023
-1.396,1.894
-1.944,2.677
-2.079,2.681
0.032,0.369
-0.485,0.4
-1.641,1.902
-1.637,2.007
-2.664,1.524
-2.651,2.328
-2.808,1.491
-2.803,2.494
2.419,0.142
2.42,1.149
0.052,1.301
2.521,3.305
-1.693,-0.606
-1.821,3.407
0.031,-0.73
-0.031,0.491
-0.023,1.404
-0.028,-1.099
-0.07,-0.058
-0.112,-0.402
-0.141,-1.331
-0.167,-0.399
-0.2,-0.687
-0.203,-0.656
-0.127,-1.639
-0.177,-0.627
-0.239,1.203
-0.286,-1.485
-0.316,-1.72
-0.278,-0.078
-0.329,0.146
-0.353,0.062
-0.288,-1.18
-0.319,0.665
-0.314,-1.546
-0.323,1.913
-0.421,1.703
-0.434,2.15
-0.421,-1.514
-0.518,0.083
-0.477,2.046
-0.511,0.634
-0.566,1.851
-0.567,1.45
-0.592,-1.538
-0.587,0.655
-0.542,0.349
-0.63,-0.004
-0.691,-0.526
-0.634,-0.4
-0.695,1.524
-0.792,1.099
-0.735,-0.803
-0.814,0.121
-0.862,0.97
-0.956,0.42
-0.888,-1.622
-0.938,-0.475
-0.979,1.663
-1.055,0.131
-1.097,-1.387
-1.098,0.298
-1.068,-1.171
-1.061,-1.204
-1.233,0.978
-1.204,0.403
-1.289,0.497
-1.296,-1.215
-1.286,-0.132
-1.341,-0.492
-1.51,2.109
-1.452,-1.322
-1.514,-1.442
-1.584,-1.688
-1.519,2.053
-1.63,-0.786
-1.662,2.193
-1.661,-0.257
-1.691,-0.43
-1.856,2.218
-1.961,-0.221
-1.9,-1.269
-1.932,-0.508
-1.965,-0.733
-2.109,-1.452
-2.166,0.105
-2.251,1.938
-2.287,2.237
-2.292,-0.284
-2.402,0.951
-2.37,-1.204
-2.433,-0.932
-2.423,-1.653
-2.427,1.609
-2.485,1.824
-2.472,2.185
-2.66,-1.646
-2.918,-1.04
-3.01,-0.756
-3.015,0.83
-3.0,0.404
-3.023,2.101
-3.032,0.878
-3.097,2.085
-3.061,-0.844
-3.06,1.02
-3.131,0.821
3.067,0.127
3.066,1.507
3.012,0.155
3.014,-1.353
2.994,1.736
3.007,-0.066
2.944,-0.078
2.917,0.375
2.599,-2.086
2.051,-1.738
2.022,-1.843
2.034,-1.757
1.86,-2.14
0.343,-1.661
0.017,-1.883
-0.201,-1.81
-0.483,-1.802
-0.749,-2.121
-0.957,-2.039
-1.026,-2.099
-1.369,-1.863
-1.472,-1.909
-1.568,-2.211
-2.122,-1.893
-2.473,-1.937
-2.599,-1.967
-2.802,-2.07
-2.749,-1.84
-2.87,-2.099
2.987,-2.082
2.803,2.272
2.798,2.438
2.294,2.637
1.855,2.567
1.676,2.387
0.781,2.711
0.479,2.414
0.488,2.611
0.406,2.687
0.279,2.727
0.129,2.329
0.2,2.392
-0.054,2.626
-0.126,2.756
-0.239,2.651
-0.325,2.335
-0.612,2.744
-0.957,2.525
-1.242,2.673
-1.877,2.41
-2.202,2.482
-2.263,2.517
-2.618,2.373
-2.988,2.698
-2.977,2.639
3.043,2.57
2.156,-0.667
1.661,-0.159
1.019,1.862
0.038,-1.066
-1.28,0.918
-1.988,1.901
0.261,-2.085
2.723,2.599
2.938,2.171
2.785,0.394
2.698,2.183
2.571,1.843
2.651,-1.262
2.663,0.586
2.421,0.361
2.404,1.744
2.351,2.296
2.221,-0.631
2.111,0.622
2.197,0.126
2.193,0.735
2.145,1.058
2.077,0.348
2.05,0.733
1.991,1.24
1.897,1.384
1.701,2.15
1.677,1.863
1.757,2.042
1.693,-0.842
1.486,1.792
1.338,0.652
1.253,-0.427
1.209,-1.475
1.336,-1.25
1.119,-1.6
1.111,-0.663
1.098,-0.61
1.205,1.337
1.166,0.277
1.062,-0.078
0.987,-0.239
0.995,1.353
0.986,-1.691
0.787,-0.436
0.899,-0.222
0.86,-0.736
0.676,2.183
0.73,-0.053
0.662,2.273
0.415,2.012
0.256,0.322
0.216,-0.445
0.07,-1.471
0.149,-0.233
-0.043,0.376
0.039,-1.553
0.018,-0.411
-0.143,-0.158
-0.071,-0.066
-0.179,1.85
-0.188,-1.216
-0.201,1.575
-0.23,0.393
-0.296,-0.169
-0.285,-0.683
-0.254,0.472
-0.331,1.167
-0.724,0.068
-0.696,0.038
-0.8,-0.578
-0.734,-1.271
-0.758,1.647
-0.974,1.764
-0.879,-1.671
-1.015,-1.198
-1.025,-1.378
-0.955,0.999
-0.953,2.022
-1.143,1.878
-1.061,1.563
-1.234,-0.089
-1.252,-1.361
-1.233,-0.253
-1.26,0.521
-1.389,2.235
-1.438,1.761
-1.319,0.349
-1.456,-0.453
-1.481,-0.658
-1.562,2.052
-1.943,2.327
-1.936,-0.728
-2.243,-0.449
-2.172,0.833
-2.261,0.386
-2.478,1.82
-2.369,-0.736
-2.574,-0.446
-2.594,-0.489
-3.045,0.404
-2.973,0.785
3.132,1.283
3.121,1.681
-3.115,-0.176
2.96,1.22
3.123,-1.023
2.881,-0.933
2.879,-1.598
2.401,-1.809
1.826,-1.958
1.698,-1.851
1.191,-1.883
0.611,-2.024
0.601,-1.987
0.238,-1.71
-0.471,-1.918
-0.631,-2.057
-0.571,-1.956
-0.795,-1.894
-0.974,-2.043
-1.263,-2.068
-1.567,-1.855
-1.942,-2.017
-2.189,-1.82
-2.577,-1.926
-2.968,-1.995
2.892,2.484
2.736,2.663
2.663,2.661
2.759,2.659
2.721,2.584
1.813,2.613
0.016,2.467
-0.084,2.443
-0.241,2.55
-0.924,2.272
-1.546,2.566
-2.081,2.375
1.746,1.719
1.596,1.942
1.596,-0.776
1.429,2.084
-1.403,0.955
-1.951,1.738
-2.086,1.742
0.025,-0.57
-0.492,-0.539
-1.648,0.963
-1.644,1.068
-2.671,0.585
-2.658,1.389
-2.815,0.552
-2.81,1.555
2.412,-0.797
2.413,0.21
0.045,0.362
2.514,2.366
-1.7,-1.545
-1.828,2.468
-0.062,1.221
-0.054,2.134
-0.059,-0.369
-0.101,0.672
-0.143,0.328
-0.172,-0.601
-0.198,0.331
-0.231,0.043
-0.234,0.074
-0.158,-0.909
-0.208,0.103
-0.27,1.933
-0.317,-0.755
-0.347,-0.99
-0.309,0.652
-0.36,0.876
-0.384,0.792
-0.319,-0.45
-0.35,1.395
-0.345,-0.816
-0.354,2.643
-0.452,2.433
-0.465,2.88
-0.452,-0.784
-0.549,0.813
-0.508,2.776
-0.542,1.364
-0.597,2.581
-0.598,2.18
-0.623,-0.808
-0.618,1.385
-0.573,1.079
-0.661,0.726
-0.722,0.204
-0.665,0.33
-0.726,2.254
-0.823,1.829
-0.766,-0.073
-0.845,0.851
-0.893,1.7
-0.987,1.15
-0.919,-0.892
-0.969,0.255
-1.01,2.393
-1.086,0.861
-1.128,-0.657
-1.129,1.028
-1.099,-0.441
-1.092,-0.474
-1.264,1.708
-1.235,1.133
-1.32,1.227
-1.327,-0.485
-1.317,0.598
-1.372,0.238
-1.541,2.839
-1.483,-0.592
-1.545,-0.712
-1.615,-0.958
-1.55,2.783
-1.661,-0.056
-1.693,2.923
-1.692,0.473
-1.722,0.3
-1.887,2.948
-1.992,0.509
-1.931,-0.539
-1.963,0.222
-1.996,-0.003
-2.14,-0.722
-2.197,0.835
-2.282,2.668
-2.318,2.967
-2.323,0.446
-2.433,1.681
-2.401,-0.474
-2.464,-0.202
-2.454,-0.923
-2.458,2.339
-2.516,2.554
-2.503,2.915
-2.691,-0.916
-2.949,-0.31
-3.041,-0.026
-3.046,1.56
-3.031,1.134
-3.054,2.831
-3.063,1.608
-3.128,2.815
-3.092,-0.114
-3.091,1.75
3.121,1.551
3.036,0.857
3.035,2.237
2.981,0.885
2.983,-0.623
2.963,2.466
2.976,0.664
2.913,0.652
2.886,1.105
2.568,-1.356
2.02,-1.008
1.991,-1.113
2.003,-1.027
1.829,-1.41
0.312,-0.931
-0.014,-1.153
-0.232,-1.08
-0.514,-1.072
-0.78,-1.391
-0.988,-1.309
-1.057,-1.369
-1.4,-1.133
-1.503,-1.179
-1.599,-1.481
-2.153,-1.163
-2.504,-1.207
-2.63,-1.237
-2.833,-1.34
-2.78,-1.11
-2.901,-1.369
2.956,-1.352
2.772,3.002
2.767,3.168
2.263,3.367
1.824,3.297
1.645,3.117
0.75,3.441
0.448,3.144
0.457,3.341
0.375,3.417
0.248,3.457
0.098,3.059
0.169,3.122
-0.085,3.356
-0.157,3.486
-0.27,3.381
-0.356,3.065
-0.643,3.474
-0.988,3.255
-1.273,3.403
-1.908,3.14
-2.233,3.212
-2.294,3.247
-2.649,3.103
-3.019,3.428
-3.008,3.369
3.012,3.3
2.125,0.063
1.63,0.571
0.988,2.592
0.007,-0.336
-1.311,1.648
-2.019,2.631
0.23,-1.355
2.692,3.329
2.907,2.901
2.754,1.124
2.667,2.913
2.54,2.573
2.62,-0.532
2.632,1.316
2.39,1.091
2.373,2.474
2.32,3.026
2.19,0.099
2.08,1.352
2.166,0.856
2.162,1.465
2.114,1.788
2.046,1.078
2.019,1.463
1.96,1.97
1.866,2.114
1.67,2.88
1.646,2.593
1.726,2.772
1.662,-0.112
1.455,2.522
1.307,1.382
1.222,0.303
1.178,-0.745
1.305,-0.52
1.088,-0.87
1.08,0.067
1.067,0.12
1.174,2.067
1.135,1.007
1.031,0.652
0.956,0.491
0.964,2.083
0.955,-0.961
0.756,0.294
0.868,0.508
0.829,-0.006
0.645,2.913
0.699,0.677
0.631,3.003
0.384,2.742
0.225,1.052
0.185,0.285
0.039,-0.741
0.118,0.497
-0.074,1.106
0.008,-0.823
-0.013,0.319
-0.174,0.572
-0.102,0.664
-0.21,2.58
-0.219,-0.486
-0.232,2.305
-0.261,1.123
-0.327,0.561
-0.316,0.047
-0.285,1.202
-0.362,1.897
-0.755,0.798
-0.727,0.768
-0.831,0.152
-0.765,-0.541
-0.789,2.377
-1.005,2.494
-0.91,-0.941
-1.046,-0.468
-1.056,-0.648
-0.986,1.729
-0.984,2.752
-1.174,2.608
-1.092,2.293
-1.265,0.641
-1.283,-0.631
-1.264,0.477
-1.291,1.251
-1.42,2.965
-1.469,2.491
-1.35,1.079
-1.487,0.277
-1.512,0.072
-1.593,2.782
-1.974,3.057
-1.967,0.002
-2.274,0.281
-2.203,1.563
-2.292,1.116
-2.509,2.55
-2.4,-0.006
-2.605,0.284
-2.625,0.241
-3.076,1.134
-3.004,1.515
3.101,2.013
3.09,2.411
3.137,0.554
2.929,1.95
3.092,-0.293
2.85,-0.203
2.848,-0.868
2.37,-1.079
1.795,-1.228
1.667,-1.121
1.16,-1.153
0.58,-1.294
0.57,-1.257
0.207,-0.98
-0.502,-1.188
-0.662,-1.327
-0.602,-1.226
-0.826,-1.164
-1.005,-1.313
-1.294,-1.338
-1.598,-1.125
-1.973,-1.287
-2.22,-1.09
-2.608,-1.196
-2.999,-1.265
2.861,3.214
2.705,3.393
2.632,3.391
2.728,3.389
2.69,3.314
1.782,3.343
-0.015,3.197
-0.115,3.173
-0.272,3.28
-0.955,3.002
-1.577,3.296
-2.112,3.105
1.715,2.449
1.565,2.672
1.565,-0.046
1.398,2.814
-1.434,1.685
-1.982,2.468
-2.117,2.472
-0.006,0.16
-0.523,0.191
-1.679,1.693
-1.675,1.798
-2.702,1.315
-2.689,2.119
-2.846,1.282
-2.841,2.285
2.381,-0.067
2.382,0.94
0.014,1.092
2.483,3.096
-1.731,-0.815
-1.859,3.198
0.008,0.913
0.003,-1.59
-0.039,-0.549
-0.081,-0.893
-0.11,-1.822
-0.136,-0.89
-0.169,-1.178
-0.172,-1.147
-0.096,-2.13
-0.146,-1.118
-0.208,0.712
-0.255,-1.976
-0.285,-2.211
-0.247,-0.569
-0.298,-0.345
-0.322,-0.429
-0.257,-1.671
-0.288,0.174
-0.283,-2.037
-0.292,1.422
-0.39,1.212
-0.403,1.659
-0.39,-2.005
-0.487,-0.408
-0.446,1.555
-0.48,0.143
-0.535,1.36
-0.536,0.959
-0.561,-2.029
-0.556,0.164
-0.511,-0.142
-0.599,-0.495
-0.66,-1.017
-0.603,-0.891
-0.664,1.033
-0.761,0.608
-0.704,-1.294
-0.783,-0.37
-0.831,0.479
-0.925,-0.071
-0.857,-2.113
-0.907,-0.966
-0.948,1.172
-1.024,-0.36
-1.066,-1.878
-1.067,-0.193
-1.037,-1.662
-1.03,-1.695
-1.202,0.487
-1.173,-0.088
-1.258,0.006
-1.265,-1.706
-1.255,-0.623
-1.31,-0.983
-1.479,1.618
-1.421,-1.813
-1.483,-1.933
-1.553,-2.179
-1.488,1.562
-1.599,-1.277
-1.631,1.702
-1.63,-0.748
-1.66,-0.921
-1.825,1.727
-1.93,-0.712
-1.869,-1.76
-1.901,-0.999
-1.934,-1.224
-2.078,-1.943
-2.135,-0.386
-2.22,1.447
-2.256,1.746
-2.261,-0.775
-2.371,0.46
-2.339,-1.695
-2.402,-1.423
-2.392,-2.144
-2.396,1.118
-2.454,1.333
-2.441,1.694
-2.629,-2.137
-2.887,-1.531
-2.979,-1.247
-2.984,0.339
-2.969,-0.087
-2.992,1.61
-3.001,0.387
-3.066,1.594
-3.03,-1.335
-3.029,0.529
-3.1,0.33
3.098,-0.364
3.097,1.016
3.043,-0.336
3.045,-1.844
3.025,1.245
3.038,-0.557
2.975,-0.569
2.948,-0.116
2.63,-2.577
2.082,-2.229
2.053,-2.334
2.065,-2.248
1.891,-2.631
0.374,-2.152
0.048,-2.374
-0.17,-2.301
-0.452,-2.293
-0.718,-2.612
-0.926,-2.53
-0.995,-2.59
-1.338,-2.354
-1.441,-2.4
-1.537,-2.702
-2.091,-2.384
-2.442,-2.428
-2.568,-2.458
-2.771,-2.561
-2.718,-2.331
-2.839,-2.59
3.018,-2.573
2.834,1.781
2.829,1.947
2.325,2.146
1.886,2.076
1.707,1.896
0.812,2.22
0.51,1.923
0.519,2.12
0.437,2.196
0.31,2.236
0.16,1.838
0.231,1.901
-0.023,2.135
-0.095,2.265
-0.208,2.16
-0.294,1.844
-0.581,2.253
-0.926,2.034
-1.211,2.182
-1.846,1.919
-2.171,1.991
-2.232,2.026
-2.587,1.882
-2.957,2.207
-2.946,2.148
3.074,2.079
2.187,-1.158
1.692,-0.65
1.05,1.371
0.069,-1.557
-1.249,0.427
-1.957,1.41
0.292,-2.576
2.754,2.108
2.969,1.68
2.816,-0.097
2.729,1.692
2.602,1.352
2.682,-1.753
2.694,0.095
2.452,-0.13
2.435,1.253
2.382,1.805
2.252,-1.122
2.142,0.131
2.228,-0.365
2.224,0.244
2.176,0.567
2.108,-0.143
2.081,0.242
2.022,0.749
1.928,0.893
1.732,1.659
1.708,1.372
1.788,1.551
1.724,-1.333
1.517,1.301
1.369,0.161
1.284,-0.918
1.24,-1.966
1.367,-1.741
1.15,-2.091
1.142,-1.154
1.129,-1.101
1.236,0.846
1.197,-0.214
1.093,-0.569
1.018,-0.73
1.026,0.862
1.017,-2.182
0.818,-0.927
0.93,-0.713
0.891,-1.227
0.707,1.692
0.761,-0.544
0.693,1.782
0.446,1.521
0.287,-0.169
0.247,-0.936
0.101,-1.962
0.18,-0.724
-0.012,-0.115
0.07,-2.044
0.049,-0.902
-0.112,-0.649
-0.04,-0.557
-0.148,1.359
-0.157,-1.707
-0.17,1.084
-0.199,-0.098
-0.265,-0.66
-0.254,-1.174
-0.223,-0.019
-0.3,0.676
-0.693,-0.423
-0.665,-0.453
-0.769,-1.069
-0.703,-1.762
-0.727,1.156
-0.943,1.273
-0.848,-2.162
-0.984,-1.689
-0.994,-1.869
-0.924,0.508
-0.922,1.531
-1.112,1.387
-1.03,1.072
-1.203,-0.58
-1.221,-1.852
-1.202,-0.744
-1.229,0.03
-1.358,1.744
-1.407,1.27
-1.288,-0.142
-1.425,-0.944
-1.45,-1.149
-1.531,1.561
-1.912,1.836
-1.905,-1.219
-2.212,-0.94
-2.141,0.342
-2.23,-0.105
-2.447,1.329
-2.338,-1.227
-2.543,-0.937
-2.563,-0.98
-3.014,-0.087
-2.942,0.294
-3.12,0.792
-3.131,1.19
-3.084,-0.667
2.991,0.729
-3.129,-1.514
2.912,-1.424
2.91,-2.089
2.432,-2.3
1.857,-2.449
1.729,-2.342
1.222,-2.374
0.642,-2.515
0.632,-2.478
0.269,-2.201
-0.44,-2.409
-0.6,-2.548
-0.54,-2.447
-0.764,-2.385
-0.943,-2.534
-1.232,-2.559
-1.536,-2.346
-1.911,-2.508
-2.158,-2.311
-2.546,-2.417
-2.937,-2.486
2.923,1.993
2.767,2.172
2.694,2.17
2.79,2.168
2.752,2.093
1.844,2.122
0.047,1.976
-0.053,1.952
-0.21,2.059
-0.893,1.781
-1.515,2.075
-2.05,1.884
1.777,1.228
1.627,1.451
1.627,-1.267
1.46,1.593
-1.372,0.464
-1.92,1.247
-2.055,1.251
0.056,-1.061
-0.461,-1.03
-1.617,0.472
-1.613,0.577
-2.64,0.094
-2.627,0.898
-2.784,0.061
-2.779,1.064
2.443,-1.288
2.444,-0.281
0.076,-0.129
2.545,1.875
-1.669,-2.036
-1.797,1.977
-0.005,-2.503
-0.047,-1.462
-0.089,-1.806
-0.118,-2.735
-0.144,-1.803
-0.177,-2.091
-0.18,-2.06
-0.104,-3.043
-0.154,-2.031
-0.216,-0.201
-0.263,-2.889
-0.293,-3.124
-0.255,-1.482
-0.306,-1.258
-0.33,-1.342
-0.265,-2.584
-0.296,-0.739
-0.291,-2.95
-0.3,0.509
-0.398,0.299
-0.411,0.746
-0.398,-2.918
-0.495,-1.321
-0.454,0.642
-0.488,-0.77
-0.543,0.447
-0.544,0.046
-0.569,-2.942
-0.564,-0.749
-0.519,-1.055
-0.607,-1.408
-0.668,-1.93
-0.611,-1.804
-0.672,0.12
-0.769,-0.305
-0.712,-2.207
-0.791,-1.283
-0.839,-0.434
-0.933,-0.984
-0.865,-3.026
-0.915,-1.879
-0.956,0.259
-1.032,-1.273
-1.074,-2.791
-1.075,-1.106
-1.045,-2.575
-1.038,-2.608
-1.21,-0.426
-1.181,-1.001
-1.266,-0.907
-1.273,-2.619
-1.263,-1.536
-1.318,-1.896
-1.487,0.705
-1.429,-2.726
-1.491,-2.846
-1.561,-3.092
-1.496,0.649
-1.607,-2.19
-1.639,0.789
-1.638,-1.661
-1.668,-1.834
-1.833,0.814
-1.938,-1.625
-1.877,-2.673
-1.909,-1.912
-1.942,-2.137
-2.086,-2.856
-2.143,-1.299
-2.228,0.534
-2.264,0.833
-2.269,-1.688
-2.379,-0.453
-2.347,-2.608
-2.41,-2.336
-2.4,-3.057
-2.404,0.205
-2.462,0.42
-2.449,0.781
-2.637,-3.05
-2.895,-2.444
-2.987,-2.16
-2.992,-0.574
-2.977,-1.0
-3.0,0.697
-3.009,-0.526
-3.074,0.681
-3.038,-2.248
-3.037,-0.384
-3.108,-0.583
3.09,-1.277
3.089,0.103
3.035,-1.249
3.037,-2.757
3.017,0.332
3.03,-1.47
2.967,-1.482
2.94,-1.029
2.622,-3.49
2.074,-3.142
2.045,-3.247
2.057,-3.161
1.883,-3.544
0.366,-3.065
0.04,-3.287
-0.178,-3.214
-0.46,-3.206
-0.726,-3.525
-0.934,-3.443
-1.003,-3.503
-1.346,-3.267
-1.449,-3.313
-1.545,-3.615
-2.099,-3.297
-2.45,-3.341
-2.576,-3.371
-2.779,-3.474
-2.726,-3.244
-2.847,-3.503
3.01,-3.486
2.826,0.868
2.821,1.034
2.317,1.233
1.878,1.163
1.699,0.983
0.804,1.307
0.502,1.01
0.511,1.207
0.429,1.283
0.302,1.323
0.152,0.925
0.223,0.988
-0.031,1.222
-0.103,1.352
-0.216,1.247
-0.302,0.931
-0.589,1.34
-0.934,1.121
-1.219,1.269
-1.854,1.006
-2.179,1.078
-2.24,1.113
-2.595,0.969
-2.965,1.294
-2.954,1.235
3.066,1.166
2.179,-2.071
1.684,-1.563
1.042,0.458
0.061,-2.47
-1.257,-0.486
-1.965,0.497
0.284,-3.489
2.746,1.195
2.961,0.767
2.808,-1.01
2.721,0.779
2.594,0.439
2.674,-2.666
2.686,-0.818
2.444,-1.043
2.427,0.34
2.374,0.892
2.244,-2.035
2.134,-0.782
2.22,-1.278
2.216,-0.669
2.168,-0.346
2.1,-1.056
2.073,-0.671
2.014,-0.164
1.92,-0.02
1.724,0.746
1.7,0.459
1.78,0.638
1.716,-2.246
1.509,0.388
1.361,-0.752
1.276,-1.831
1.232,-2.879
1.359,-2.654
1.142,-3.004
1.134,-2.067
1.121,-2.014
1.228,-0.067
1.189,-1.127
1.085,-1.482
1.01,-1.643
1.018,-0.051
1.009,-3.095
0.81,-1.84
0.922,-1.626
0.883,-2.14
0.699,0.779
0.753,-1.457
0.685,0.869
0.438,0.608
0.279,-1.082
0.239,-1.849
0.093,-2.875
0.172,-1.637
-0.02,-1.028
0.062,-2.957
0.041,-1.815
-0.12,-1.562
-0.048,-1.47
-0.156,0.446
-0.165,-2.62
-0.178,0.171
-0.207,-1.011
-0.273,-1.573
-0.262,-2.087
-0.231,-0.932
-0.308,-0.237
-0.701,-1.336
-0.673,-1.366
-0.777,-1.982
-0.711,-2.675
-0.735,0.243
-0.951,0.36
-0.856,-3.075
-0.992,-2.602
-1.002,-2.782
-0.932,-0.405
-0.93,0.618
-1.12,0.474
-1.038,0.159
-1.211,-1.493
-1.229,-2.765
-1.21,-1.657
-1.237,-0.883
-1.366,0.831
-1.415,0.357
-1.296,-1.055
-1.433,-1.857
-1.458,-2.062
-1.539,0.648
-1.92,0.923
-1.913,-2.132
-2.22,-1.853
-2.149,-0.571
-2.238,-1.018
-2.455,0.416
-2.346,-2.14
-2.551,-1.85
-2.571,-1.893
-3.022,-1.0
-2.95,-0.619
-3.128,-0.121
-3.139,0.277
-3.092,-1.58
2.983,-0.184
-3.137,-2.427
2.904,-2.337
2.902,-3.002
2.424,-3.213
1.849,-3.362
1.721,-3.255
1.214,-3.287
0.634,-3.428
0.624,-3.391
0.261,-3.114
-0.448,-3.322
-0.608,-3.461
-0.548,-3.36
-0.772,-3.298
-0.951,-3.447
-1.24,-3.472
-1.544,-3.259
-1.919,-3.421
-2.166,-3.224
-2.554,-3.33
-2.945,-3.399
2.915,1.08
2.759,1.259
2.686,1.257
2.782,1.255
2.744,1.18
1.836,1.209
0.039,1.063
-0.061,1.039
-0.218,1.146
-0.901,0.868
-1.523,1.162
-2.058,0.971
1.769,0.315
1.619,0.538
1.619,-2.18
1.452,0.68
-1.38,-0.449
-1.928,0.334
-2.063,0.338
0.048,-1.974
-0.469,-1.943
-1.625,-0.441
-1.621,-0.336
-2.648,-0.819
-2.635,-0.015
-2.792,-0.852
-2.787,0.151
2.435,-2.201
2.436,-1.194
0.068,-1.042
2.537,0.962
-1.677,-2.949
-1.805,1.064
-0.042,1.041
-0.084,0.697
-0.113,-0.232
-0.139,0.7
-0.172,0.412
-0.175,0.443
-0.099,-0.54
-0.149,0.472
-0.211,2.302
-0.258,-0.386
-0.288,-0.621
-0.25,1.021
-0.301,1.245
-0.325,1.161
-0.26,-0.081
-0.291,1.764
-0.286,-0.447
-0.295,3.012
-0.393,2.802
-0.406,3.249
-0.393,-0.415
-0.49,1.182
-0.449,3.145
-0.483,1.733
-0.538,2.95
-0.539,2.549
-0.564,-0.439
-0.559,1.754
-0.514,1.448
-0.602,1.095
-0.663,0.573
-0.606,0.699
-0.667,2.623
-0.764,2.198
-0.707,0.296
-0.786,1.22
-0.834,2.069
-0.928,1.519
-0.86,-0.523
-0.91,0.624
-0.951,2.762
-1.027,1.23
-1.069,-0.288
-1.07,1.397
-1.04,-0.072
-1.033,-0.105
-1.205,2.077
-1.176,1.502
-1.261,1.596
-1.268,-0.116
-1.258,0.967
-1.313,0.607
-1.482,3.208
-1.424,-0.223
-1.486,-0.343
-1.556,-0.589
-1.491,3.152
-1.602,0.313
-1.634,3.292
-1.633,0.842
-1.663,0.669
-1.828,3.317
-1.933,0.878
-1.872,-0.17
-1.904,0.591
-1.937,0.366
-2.081,-0.353
-2.138,1.204
-2.223,3.037
-2.259,3.336
-2.264,0.815
-2.374,2.05
-2.342,-0.105
-2.405,0.167
-2.395,-0.554
-2.399,2.708
-2.457,2.923
-2.444,3.284
-2.632,-0.547
-2.89,0.059
-2.982,0.343
-2.987,1.929
-2.972,1.503
-2.995,3.2
-3.004,1.977
-3.069,3.184
-3.033,0.255
-3.032,2.119
-3.103,1.92
3.095,1.226
3.094,2.606
3.04,1.254
3.042,-0.254
3.022,2.835
3.035,1.033
2.972,1.021
2.945,1.474
2.627,-0.987
2.079,-0.639
2.05,-0.744
2.062,-0.658
1.888,-1.041
0.371,-0.562
0.045,-0.784
-0.173,-0.711
-0.455,-0.703
-0.721,-1.022
-0.929,-0.94
-0.998,-1.0
-1.341,-0.764
-1.444,-0.81
-1.54,-1.112
-2.094,-0.794
-2.445,-0.838
-2.571,-0.868
-2.774,-0.971
-2.721,-0.741
-2.842,-1.0
3.015,-0.983
2.831,3.371
2.826,3.537
2.322,3.736
1.883,3.666
1.704,3.486
0.809,3.81
0.507,3.513
0.516,3.71
0.434,3.786
0.307,3.826
0.157,3.428
0.228,3.491
-0.026,3.725
-0.098,3.855
-0.211,3.75
-0.297,3.434
-0.584,3.843
-0.929,3.624
-1.214,3.772
-1.849,3.509
-2.174,3.581
-2.235,3.616
-2.59,3.472
-2.96,3.797
-2.949,3.738
3.071,3.669
2.184,0.432
1.689,0.94
1.047,2.961
0.066,0.033
-1.252,2.017
-1.96,3.0
0.289,-0.986
2.751,3.698
2.966,3.27
2.813,1.493
2.726,3.282
2.599,2.942
2.679,-0.163
2.691,1.685
2.449,1.46
2.432,2.843
2.379,3.395
2.249,0.468
2.139,1.721
2.225,1.225
2.221,1.834
2.173,2.157
2.105,1.447
2.078,1.832
2.019,2.339
1.925,2.483
1.729,3.249
1.705,2.962
1.785,3.141
1.721,0.257
1.514,2.891
1.366,1.751
1.281,0.672
1.237,-0.376
1.364,-0.151
1.147,-0.501
1.139,0.436
1.126,0.489
1.233,2.436
1.194,1.376
1.09,1.021
1.015,0.86
1.023,2.452
1.014,-0.592
0.815,0.663
0.927,0.877
0.888,0.363
0.704,3.282
0.758,1.046
0.69,3.372
0.443,3.111
0.284,1.421
0.244,0.654
0.098,-0.372
0.177,0.866
-0.015,1.475
0.067,-0.454
0.046,0.688
-0.115,0.941
-0.043,1.033
-0.151,2.949
-0.16,-0.117
-0.173,2.674
-0.202,1.492
-0.268,0.93
-0.257,0.416
-0.226,1.571
-0.303,2.266
-0.696,1.167
-0.668,1.137
-0.772,0.521
-0.706,-0.172
-0.73,2.746
-0.946,2.863
-0.851,-0.572
-0.987,-0.099
-0.997,-0.279
-0.927,2.098
-0.925,3.121
-1.115,2.977
-1.033,2.662
-1.206,1.01
-1.224,-0.262
-1.205,0.846
-1.232,1.62
-1.361,3.334
-1.41,2.86
-1.291,1.448
-1.428,0.646
-1.453,0.441
-1.534,3.151
-1.915,3.426
-1.908,0.371
-2.215,0.65
-2.144,1.932
-2.233,1.485
-2.45,2.919
-2.341,0.363
-2.546,0.653
-2.566,0.61
-3.017,1.503
-2.945,1.884
-3.123,2.382
-3.134,2.78
-3.087,0.923
2.988,2.319
-3.132,0.076
2.909,0.166
2.907,-0.499
2.429,-0.71
1.854,-0.859
1.726,-0.752
1.219,-0.784
0.639,-0.925
0.629,-0.888
0.266,-0.611
-0.443,-0.819
-0.603,-0.958
-0.543,-0.857
-0.767,-0.795
-0.946,-0.944
-1.235,-0.969
-1.539,-0.756
-1.914,-0.918
-2.161,-0.721
-2.549,-0.827
-2.94,-0.896
2.92,3.583
2.764,3.762
2.691,3.76
2.787,3.758
2.749,3.683
1.841,3.712
0.044,3.566
-0.056,3.542
-0.213,3.649
-0.896,3.371
-1.518,3.665
-2.053,3.474
1.774,2.818
1.624,3.041
1.624,0.323
1.457,3.183
-1.375,2.054
-1.923,2.837
-2.058,2.841
0.053,0.529
-0.464,0.56
-1.62,2.062
-1.616,2.167
-2.643,1.684
-2.63,2.488
-2.787,1.651
-2.782,2.654
2.44,0.302
2.441,1.309
0.073,1.461
2.542,3.465
-1.672,-0.446
-1.8,3.567
-0.042,-0.344
-0.071,-1.273
-0.097,-0.341
-0.13,-0.629
-0.133,-0.598
-0.057,-1.581
-0.107,-0.569
-0.169,1.261
-0.216,-1.427
-0.246,-1.662
-0.208,-0.02
-0.259,0.204
-0.283,0.12
-0.218,-1.122
-0.249,0.723
-0.244,-1.488
-0.253,1.971
-0.351,1.761
-0.364,2.208
-0.351,-1.456
-0.448,0.141
-0.407,2.104
-0.441,0.692
-0.496,1.909
-0.497,1.508
-0.522,-1.48
-0.517,0.713
-0.472,0.407
-0.56,0.054
-0.621,-0.468
-0.564,-0.342
-0.625,1.582
-0.722,1.157
-0.665,-0.745
-0.744,0.179
-0.792,1.028
-0.886,0.478
-0.818,-1.564
-0.868,-0.417
-0.909,1.721
-0.985,0.189
-1.027,-1.329
-1.028,0.356
-0.998,-1.113
-0.991,-1.146
-1.163,1.036
-1.134,0.461
-1.219,0.555
-1.226,-1.157
-1.216,-0.074
-1.271,-0.434
-1.44,2.167
-1.382,-1.264
-1.444,-1.384
-1.514,-1.63
-1.449,2.111
-1.56,-0.728
-1.592,2.251
-1.591,-0.199
-1.621,-0.372
-1.786,2.276
-1.891,-0.163
-1.83,-1.211
-1.862,-0.45
-1.895,-0.675
-2.039,-1.394
-2.096,0.163
-2.181,1.996
-2.217,2.295
-2.222,-0.226
-2.332,1.009
-2.3,-1.146
-2.363,-0.874
-2.353,-1.595
-2.357,1.667
-2.415,1.882
-2.402,2.243
-2.59,-1.588
-2.848,-0.982
-2.94,-0.698
-2.945,0.888
-2.93,0.462
-2.953,2.159
-2.962,0.936
-3.027,2.143
-2.991,-0.786
-2.99,1.078
-3.061,0.879
3.137,0.185
3.136,1.565
3.082,0.213
3.084,-1.295
3.064,1.794
3.077,-0.008
3.014,-0.02
2.987,0.433
2.669,-2.028
2.121,-1.68
2.092,-1.785
2.104,-1.699
1.93,-2.082
0.413,-1.603
0.087,-1.825
-0.131,-1.752
-0.413,-1.744
-0.679,-2.063
-0.887,-1.981
-0.956,-2.041
-1.299,-1.805
-1.402,-1.851
-1.498,-2.153
-2.052,-1.835
-2.403,-1.879
-2.529,-1.909
-2.732,-2.012
-2.679,-1.782
-2.8,-2.041
3.057,-2.024
2.873,2.33
2.868,2.496
2.364,2.695
1.925,2.625
1.746,2.445
0.851,2.769
0.549,2.472
0.558,2.669
0.476,2.745
0.349,2.785
0.199,2.387
0.27,2.45
0.016,2.684
-0.056,2.814
-0.169,2.709
-0.255,2.393
-0.542,2.802
-0.887,2.583
-1.172,2.731
-1.807,2.468
-2.132,2.54
-2.193,2.575
-2.548,2.431
-2.918,2.756
-2.907,2.697
3.113,2.628
2.226,-0.609
1.731,-0.101
1.089,1.92
0.108,-1.008
-1.21,0.976
-1.918,1.959
0.331,-2.027
2.793,2.657
3.008,2.229
2.855,0.452
2.768,2.241
2.641,1.901
2.721,-1.204
2.733,0.644
2.491,0.419
2.474,1.802
2.421,2.354
2.291,-0.573
2.181,0.68
2.267,0.184
2.263,0.793
2.215,1.116
2.147,0.406
2.12,0.791
2.061,1.298
1.967,1.442
1.771,2.208
1.747,1.921
1.827,2.1
1.763,-0.784
1.556,1.85
1.408,0.71
1.323,-0.369
1.279,-1.417
1.406,-1.192
1.189,-1.542
1.181,-0.605
1.168,-0.552
1.275,1.395
1.236,0.335
1.132,-0.02
1.057,-0.181
1.065,1.411
1.056,-1.633
0.857,-0.378
0.969,-0.164
0.93,-0.678
0.746,2.241
0.8,0.005
0.732,2.331
0.485,2.07
0.326,0.38
0.286,-0.387
0.14,-1.413
0.219,-0.175
0.027,0.434
0.109,-1.495
0.088,-0.353
-0.073,-0.1
-0.001,-0.008
-0.109,1.908
-0.118,-1.158
-0.131,1.633
-0.16,0.451
-0.226,-0.111
-0.215,-0.625
-0.184,0.53
-0.261,1.225
-0.654,0.126
-0.626,0.096
-0.73,-0.52
-0.664,-1.213
-0.688,1.705
-0.904,1.822
-0.809,-1.613
-0.945,-1.14
-0.955,-1.32
-0.885,1.057
-0.883,2.08
-1.073,1.936
-0.991,1.621
-1.164,-0.031
-1.182,-1.303
-1.163,-0.195
-1.19,0.579
-1.319,2.293
-1.368,1.819
-1.249,0.407
-1.386,-0.395
-1.411,-0.6
-1.492,2.11
-1.873,2.385
-1.866,-0.67
-2.173,-0.391
-2.102,0.891
-2.191,0.444
-2.408,1.878
-2.299,-0.678
-2.504,-0.388
-2.524,-0.431
-2.975,0.462
-2.903,0.843
-3.081,1.341
-3.092,1.739
-3.045,-0.118
3.03,1.278
-3.09,-0.965
2.951,-0.875
2.949,-1.54
2.471,-1.751
1.896,-1.9
1.768,-1.793
1.261,-1.825
0.681,-1.966
0.671,-1.929
0.308,-1.652
-0.401,-1.86
-0.561,-1.999
-0.501,-1.898
-0.725,-1.836
-0.904,-1.985
-1.193,-2.01
-1.497,-1.797
-1.872,-1.959
-2.119,-1.762
-2.507,-1.868
-2.898,-1.937
2.962,2.542
2.806,2.721
2.733,2.719
2.829,2.717
2.791,2.642
1.883,2.671
0.086,2.525
-0.014,2.501
-0.171,2.608
-0.854,2.33
-1.476,2.624
-2.011,2.433
1.816,1.777
1.666,2.0
1.666,-0.718
1.499,2.142
-1.333,1.013
-1.881,1.796
-2.016,1.8
0.095,-0.512
-0.422,-0.481
-1.578,1.021
-1.574,1.126
-2.601,0.643
-2.588,1.447
-2.745,0.61
-2.74,1.613
2.482,-0.739
2.483,0.268
0.115,0.42
2.584,2.424
-1.63,-1.487
-1.758,2.526
-0.029,-0.929
-0.055,0.003
-0.088,-0.285
-0.091,-0.254
-0.015,-1.237
-0.065,-0.225
-0.127,1.605
-0.174,-1.083
-0.204,-1.318
-0.166,0.324
-0.217,0.548
-0.241,0.464
-0.176,-0.778
-0.207,1.067
-0.202,-1.144
-0.211,2.315
-0.309,2.105
-0.322,2.552
-0.309,-1.112
-0.406,0.485
-0.365,2.448
-0.399,1.036
-0.454,2.253
-0.455,1.852
-0.48,-1.136
-0.475,1.057
-0.43,0.751
-0.518,0.398
-0.579,-0.124
-0.522,0.002
-0.583,1.926
-0.68,1.501
-0.623,-0.401
-0.702,0.523
-0.75,1.372
-0.844,0.822
-0.776,-1.22
-0.826,-0.073
-0.867,2.065
-0.943,0.533
-0.985,-0.985
-0.986,0.7
-0.956,-0.769
-0.949,-0.802
-1.121,1.38
-1.092,0.805
-1.177,0.899
-1.184,-0.813
-1.174,0.27
-1.229,-0.09
-1.398,2.511
-1.34,-0.92
-1.402,-1.04
-1.472,-1.286
-1.407,2.455
-1.518,-0.384
-1.55,2.595
-1.549,0.145
-1.579,-0.028
-1.744,2.62
-1.849,0.181
-1.788,-0.867
-1.82,-0.106
-1.853,-0.331
-1.997,-1.05
-2.054,0.507
-2.139,2.34
-2.175,2.639
-2.18,0.118
-2.29,1.353
-2.258,-0.802
-2.321,-0.53
-2.311,-1.251
-2.315,2.011
-2.373,2.226
-2.36,2.587
-2.548,-1.244
-2.806,-0.638
-2.898,-0.354
-2.903,1.232
-2.888,0.806
-2.911,2.503
-2.92,1.28
-2.985,2.487
-2.949,-0.442
-2.948,1.422
-3.019,1.223
-3.104,0.529
-3.105,1.909
3.124,0.557
3.126,-0.951
3.106,2.138
3.119,0.336
3.056,0.324
3.029,0.777
2.711,-1.684
2.163,-1.336
2.134,-1.441
2.146,-1.355
1.972,-1.738
0.455,-1.259
0.129,-1.481
-0.089,-1.408
-0.371,-1.4
-0.637,-1.719
-0.845,-1.637
-0.914,-1.697
-1.257,-1.461
-1.36,-1.507
-1.456,-1.809
-2.01,-1.491
-2.361,-1.535
-2.487,-1.565
-2.69,-1.668
-2.637,-1.438
-2.758,-1.697
3.099,-1.68
2.915,2.674
2.91,2.84
2.406,3.039
1.967,2.969
1.788,2.789
0.893,3.113
0.591,2.816
0.6,3.013
0.518,3.089
0.391,3.129
0.241,2.731
0.312,2.794
0.058,3.028
-0.014,3.158
-0.127,3.053
-0.213,2.737
-0.5,3.146
-0.845,2.927
-1.13,3.075
-1.765,2.812
-2.09,2.884
-2.151,2.919
-2.506,2.775
-2.876,3.1
-2.865,3.041
-3.128,2.972
2.268,-0.265
1.773,0.243
1.131,2.264
0.15,-0.664
-1.168,1.32
-1.876,2.303
0.373,-1.683
2.835,3.001
3.05,2.573
2.897,0.796
2.81,2.585
2.683,2.245
2.763,-0.86
2.775,0.988
2.533,0.763
2.516,2.146
2.463,2.698
2.333,-0.229
2.223,1.024
2.309,0.528
2.305,1.137
2.257,1.46
2.189,0.75
2.162,1.135
2.103,1.642
2.009,1.786
1.813,2.552
1.789,2.265
1.869,2.444
1.805,-0.44
1.598,2.194
1.45,1.054
1.365,-0.025
1.321,-1.073
1.448,-0.848
1.231,-1.198
1.223,-0.261
1.21,-0.208
1.317,1.739
1.278,0.679
1.174,0.324
1.099,0.163
1.107,1.755
1.098,-1.289
0.899,-0.034
1.011,0.18
0.972,-0.334
0.788,2.585
0.842,0.349
0.774,2.675
0.527,2.414
0.368,0.724
0.328,-0.043
0.182,-1.069
0.261,0.169
0.069,0.778
0.151,-1.151
0.13,-0.009
-0.031,0.244
0.041,0.336
-0.067,2.252
-0.076,-0.814
-0.089,1.977
-0.118,0.795
-0.184,0.233
-0.173,-0.281
-0.142,0.874
-0.219,1.569
-0.612,0.47
-0.584,0.44
-0.688,-0.176
-0.622,-0.869
-0.646,2.049
-0.862,2.166
-0.767,-1.269
-0.903,-0.796
-0.913,-0.976
-0.843,1.401
-0.841,2.424
-1.031,2.28
-0.949,1.965
-1.122,0.313
-1.14,-0.959
-1.121,0.149
-1.148,0.923
-1.277,2.637
-1.326,2.163
-1.207,0.751
-1.344,-0.051
-1.369,-0.256
-1.45,2.454
-1.831,2.729
-1.824,-0.326
-2.131,-0.047
-2.06,1.235
-2.149,0.788
-2.366,2.222
-2.257,-0.334
-2.462,-0.044
-2.482,-0.087
-2.933,0.806
-2.861,1.187
-3.039,1.685
-3.05,2.083
-3.003,0.226
3.072,1.622
-3.048,-0.621
2.993,-0.531
2.991,-1.196
2.513,-1.407
1.938,-1.556
1.81,-1.449
1.303,-1.481
0.723,-1.622
0.713,-1.585
0.35,-1.308
-0.359,-1.516
-0.519,-1.655
-0.459,-1.554
-0.683,-1.492
-0.862,-1.641
-1.151,-1.666
-1.455,-1.453
-1.83,-1.615
-2.077,-1.418
-2.465,-1.524
-2.856,-1.593
3.004,2.886
2.848,3.065
2.775,3.063
2.871,3.061
2.833,2.986
1.925,3.015
0.128,2.869
0.028,2.845
-0.129,2.952
-0.812,2.674
-1.434,2.968
-1.969,2.777
1.858,2.121
1.708,2.344
1.708,-0.374
1.541,2.486
-1.291,1.357
-1.839,2.14
-1.974,2.144
0.137,-0.168
-0.38,-0.137
-1.536,1.365
-1.532,1.47
-2.559,0.987
-2.546,1.791
-2.703,0.954
-2.698,1.957
2.524,-0.395
2.525,0.612
0.157,0.764
2.626,2.768
-1.588,-1.143
-1.716,2.87
-0.026,0.932
-0.059,0.644
-0.062,0.675
0.014,-0.308
-0.036,0.704
-0.098,2.534
-0.145,-0.154
-0.175,-0.389
-0.137,1.253
-0.188,1.477
-0.212,1.393
-0.147,0.151
-0.178,1.996
-0.173,-0.215
-0.182,3.244
-0.28,3.034
-0.293,3.481
-0.28,-0.183
-0.377,1.414
-0.336,3.377
-0.37,1.965
-0.425,3.182
-0.426,2.781
-0.451,-0.207
-0.446,1.986
-0.401,1.68
-0.489,1.327
-0.55,0.805
-0.493,0.931
-0.554,2.855
-0.651,2.43
-0.594,0.528
-0.673,1.452
-0.721,2.301
-0.815,1.751
-0.747,-0.291
-0.797,0.856
-0.838,2.994
-0.914,1.462
-0.956,-0.056
-0.957,1.629
-0.927,0.16
-0.92,0.127
-1.092,2.309
-1.063,1.734
-1.148,1.828
-1.155,0.116
-1.145,1.199
-1.2,0.839
-1.369,3.44
-1.311,0.009
-1.373,-0.111
-1.443,-0.357
-1.378,3.384
-1.489,0.545
-1.521,3.524
-1.52,1.074
-1.55,0.901
-1.715,3.549
-1.82,1.11
-1.759,0.062
-1.791,0.823
-1.824,0.598
-1.968,-0.121
-2.025,1.436
-2.11,3.269
-2.146,3.568
-2.151,1.047
-2.261,2.282
-2.229,0.127
-2.292,0.399
-2.282,-0.322
-2.286,2.94
-2.344,3.155
-2.331,3.516
-2.519,-0.315
-2.777,0.291
-2.869,0.575
-2.874,2.161
-2.859,1.735
-2.882,3.432
-2.891,2.209
-2.956,3.416
-2.92,0.487
-2.919,2.351
-2.99,2.152
-3.075,1.458
-3.076,2.838
-3.13,1.486
-3.128,-0.022
3.135,3.067
-3.135,1.265
3.085,1.253
3.058,1.706
2.74,-0.755
2.192,-0.407
2.163,-0.512
2.175,-0.426
2.001,-0.809
0.484,-0.33
0.158,-0.552
-0.06,-0.479
-0.342,-0.471
-0.608,-0.79
-0.816,-0.708
-0.885,-0.768
-1.228,-0.532
-1.331,-0.578
-1.427,-0.88
-1.981,-0.562
-2.332,-0.606
-2.458,-0.636
-2.661,-0.739
-2.608,-0.509
-2.729,-0.768
3.128,-0.751
2.944,3.603
2.939,3.769
2.435,3.968
1.996,3.898
1.817,3.718
0.922,4.042
0.62,3.745
0.629,3.942
0.547,4.018
0.42,4.058
0.27,3.66
0.341,3.723
0.087,3.957
0.015,4.087
-0.098,3.982
-0.184,3.666
-0.471,4.075
-0.816,3.856
-1.101,4.004
-1.736,3.741
-2.061,3.813
-2.122,3.848
-2.477,3.704
-2.847,4.029
-2.836,3.97
-3.099,3.901
2.297,0.664
1.802,1.172
1.16,3.193
0.179,0.265
-1.139,2.249
-1.847,3.232
0.402,-0.754
2.864,3.93
3.079,3.502
2.926,1.725
2.839,3.514
2.712,3.174
2.792,0.069
2.804,1.917
2.562,1.692
2.545,3.075
2.492,3.627
2.362,0.7
2.252,1.953
2.338,1.457
2.334,2.066
2.286,2.389
2.218,1.679
2.191,2.064
2.132,2.571
2.038,2.715
1.842,3.481
1.818,3.194
1.898,3.373
1.834,0.489
1.627,3.123
1.479,1.983
1.394,0.904
1.35,-0.144
1.477,0.081
1.26,-0.269
1.252,0.668
1.239,0.721
1.346,2.668
1.307,1.608
1.203,1.253
1.128,1.092
1.136,2.684
1.127,-0.36
0.928,0.895
1.04,1.109
1.001,0.595
0.817,3.514
0.871,1.278
0.803,3.604
0.556,3.343
0.397,1.653
0.357,0.886
0.211,-0.14
0.29,1.098
0.098,1.707
0.18,-0.222
0.159,0.92
-0.002,1.173
0.07,1.265
-0.038,3.181
-0.047,0.115
-0.06,2.906
-0.089,1.724
-0.155,1.162
-0.144,0.648
-0.113,1.803
-0.19,2.498
-0.583,1.399
-0.555,1.369
-0.659,0.753
-0.593,0.06
-0.617,2.978
-0.833,3.095
-0.738,-0.34
-0.874,0.133
-0.884,-0.047
-0.814,2.33
-0.812,3.353
-1.002,3.209
-0.92,2.894
-1.093,1.242
-1.111,-0.03
-1.092,1.078
-1.119,1.852
-1.248,3.566
-1.297,3.092
-1.178,1.68
-1.315,0.878
-1.34,0.673
-1.421,3.383
-1.802,3.658
-1.795,0.603
-2.102,0.882
-2.031,2.164
-2.12,1.717
-2.337,3.151
-2.228,0.595
-2.433,0.885
-2.453,0.842
-2.904,1.735
-2.832,2.116
-3.01,2.614
-3.021,3.012
-2.974,1.155
3.101,2.551
-3.019,0.308
3.022,0.398
3.02,-0.267
2.542,-0.478
1.967,-0.627
1.839,-0.52
1.332,-0.552
0.752,-0.693
0.742,-0.656
0.379,-0.379
-0.33,-0.587
-0.49,-0.726
-0.43,-0.625
-0.654,-0.563
-0.833,-0.712
-1.122,-0.737
-1.426,-0.524
-1.801,-0.686
-2.048,-0.489
-2.436,-0.595
-2.827,-0.664
3.033,3.815
2.877,3.994
2.804,3.992
2.9,3.99
2.862,3.915
1.954,3.944
0.157,3.798
0.057,3.774
-0.1,3.881
-0.783,3.603
-1.405,3.897
-1.94,3.706
1.887,3.05
1.737,3.273
1.737,0.555
1.57,3.415
-1.262,2.286
-1.81,3.069
-1.945,3.073
0.166,0.761
-0.351,0.792
-1.507,2.294
-1.503,2.399
-2.53,1.916
-2.517,2.72
-2.674,1.883
-2.669,2.886
2.553,0.534
2.554,1.541
0.186,1.693
2.655,3.697
-1.559,-0.214
-1.687,3.799
-0.033,-0.288
-0.036,-0.257
0.04,-1.24
-0.01,-0.228
-0.072,1.602
-0.119,-1.086
-0.149,-1.321
-0.111,0.321
-0.162,0.545
-0.186,0.461
-0.121,-0.781
-0.152,1.064
-0.147,-1.147
-0.156,2.312
-0.254,2.102
-0.267,2.549
-0.254,-1.115
-0.351,0.482
-0.31,2.445
-0.344,1.033
-0.399,2.25
-0.4,1.849
-0.425,-1.139
-0.42,1.054
-0.375,0.748
-0.463,0.395
-0.524,-0.127
-0.467,-0.001
-0.528,1.923
-0.625,1.498
-0.568,-0.404
-0.647,0.52
-0.695,1.369
-0.789,0.819
-0.721,-1.223
-0.771,-0.076
-0.812,2.062
-0.888,0.53
-0.93,-0.988
-0.931,0.697
-0.901,-0.772
-0.894,-0.805
-1.066,1.377
-1.037,0.802
-1.122,0.896
-1.129,-0.816
-1.119,0.267
-1.174,-0.093
-1.343,2.508
-1.285,-0.923
-1.347,-1.043
-1.417,-1.289
-1.352,2.452
-1.463,-0.387
-1.495,2.592
-1.494,0.142
-1.524,-0.031
-1.689,2.617
-1.794,0.178
-1.733,-0.87
-1.765,-0.109
-1.798,-0.334
-1.942,-1.053
-1.999,0.504
-2.084,2.337
-2.12,2.636
-2.125,0.115
-2.235,1.35
-2.203,-0.805
-2.266,-0.533
-2.256,-1.254
-2.26,2.008
-2.318,2.223
-2.305,2.584
-2.493,-1.247
-2.751,-0.641
-2.843,-0.357
-2.848,1.229
-2.833,0.803
-2.856,2.5
-2.865,1.277
-2.93,2.484
-2.894,-0.445
-2.893,1.419
-2.964,1.22
-3.049,0.526
-3.05,1.906
-3.104,0.554
-3.102,-0.954
-3.122,2.135
-3.109,0.333
3.111,0.321
3.084,0.774
2.766,-1.687
2.218,-1.339
2.189,-1.444
2.201,-1.358
2.027,-1.741
0.51,-1.262
0.184,-1.484
-0.034,-1.411
-0.316,-1.403
-0.582,-1.722
-0.79,-1.64
-0.859,-1.7
-1.202,-1.464
-1.305,-1.51
-1.401,-1.812
-1.955,-1.494
-2.306,-1.538
-2.432,-1.568
-2.635,-1.671
-2.582,-1.441
-2.703,-1.7
-3.129,-1.683
2.97,2.671
2.965,2.837
2.461,3.036
2.022,2.966
1.843,2.786
0.948,3.11
0.646,2.813
0.655,3.01
0.573,3.086
0.446,3.126
0.296,2.728
0.367,2.791
0.113,3.025
0.041,3.155
-0.072,3.05
-0.158,2.734
-0.445,3.143
-0.79,2.924
-1.075,3.072
-1.71,2.809
-2.035,2.881
-2.096,2.916
-2.451,2.772
-2.821,3.097
-2.81,3.038
-3.073,2.969
2.323,-0.268
1.828,0.24
1.186,2.261
0.205,-0.667
-1.113,1.317
-1.821,2.3
0.428,-1.686
2.89,2.998
3.105,2.57
2.952,0.793
2.865,2.582
2.738,2.242
2.818,-0.863
2.83,0.985
2.588,0.76
2.571,2.143
2.518,2.695
2.388,-0.232
2.278,1.021
2.364,0.525
2.36,1.134
2.312,1.457
2.244,0.747
2.217,1.132
2.158,1.639
2.064,1.783
1.868,2.549
1.844,2.262
1.924,2.441
1.86,-0.443
1.653,2.191
1.505,1.051
1.42,-0.028
1.376,-1.076
1.503,-0.851
1.286,-1.201
1.278,-0.264
1.265,-0.211
1.372,1.736
1.333,0.676
1.229,0.321
1.154,0.16
1.162,1.752
1.153,-1.292
0.954,-0.037
1.066,0.177
1.027,-0.337
0.843,2.582
0.897,0.346
0.829,2.672
0.582,2.411
0.423,0.721
0.383,-0.046
0.237,-1.072
0.316,0.166
0.124,0.775
0.206,-1.154
0.185,-0.012
0.024,0.241
0.096,0.333
-0.012,2.249
-0.021,-0.817
-0.034,1.974
-0.063,0.792
-0.129,0.23
-0.118,-0.284
-0.087,0.871
-0.164,1.566
-0.557,0.467
-0.529,0.437
-0.633,-0.179
-0.567,-0.872
-0.591,2.046
-0.807,2.163
-0.712,-1.272
-0.848,-0.799
-0.858,-0.979
-0.788,1.398
-0.786,2.421
-0.976,2.277
-0.894,1.962
-1.067,0.31
-1.085,-0.962
-1.066,0.146
-1.093,0.92
-1.222,2.634
-1.271,2.16
-1.152,0.748
-1.289,-0.054
-1.314,-0.259
-1.395,2.451
-1.776,2.726
-1.769,-0.329
-2.076,-0.05
-2.005,1.232
-2.094,0.785
-2.311,2.219
-2.202,-0.337
-2.407,-0.047
-2.427,-0.09
-2.878,0.803
-2.806,1.184
-2.984,1.682
-2.995,2.08
-2.948,0.223
3.127,1.619
-2.993,-0.624
3.048,-0.534
3.046,-1.199
2.568,-1.41
1.993,-1.559
1.865,-1.452
1.358,-1.484
0.778,-1.625
0.768,-1.588
0.405,-1.311
-0.304,-1.519
-0.464,-1.658
-0.404,-1.557
-0.628,-1.495
-0.807,-1.644
-1.096,-1.669
-1.4,-1.456
-1.775,-1.618
-2.022,-1.421
-2.41,-1.527
-2.801,-1.596
3.059,2.883
2.903,3.062
2.83,3.06
2.926,3.058
2.888,2.983
1.98,3.012
0.183,2.866
0.083,2.842
-0.074,2.949
-0.757,2.671
-1.379,2.965
-1.914,2.774
1.913,2.118
1.763,2.341
1.763,-0.377
1.596,2.483
-1.236,1.354
-1.784,2.137
-1.919,2.141
0.192,-0.171
-0.325,-0.14
-1.481,1.362
-1.477,1.467
-2.504,0.984
-2.491,1.788
-2.648,0.951
-2.643,1.954
2.579,-0.398
2.58,0.609
0.212,0.761
2.681,2.765
-1.533,-1.146
-1.661,2.867
-0.003,0.031
0.073,-0.952
0.023,0.06
-0.039,1.89
-0.086,-0.798
-0.116,-1.033
-0.078,0.609
-0.129,0.833
-0.153,0.749
-0.088,-0.493
-0.119,1.352
-0.114,-0.859
-0.123,2.6
-0.221,2.39
-0.234,2.837
-0.221,-0.827
-0.318,0.77
-0.277,2.733
-0.311,1.321
-0.366,2.538
-0.367,2.137
-0.392,-0.851
-0.387,1.342
-0.342,1.036
-0.43,0.683
-0.491,0.161
-0.434,0.287
-0.495,2.211
-0.592,1.786
-0.535,-0.116
-0.614,0.808
-0.662,1.657
-0.756,1.107
-0.688,-0.935
-0.738,0.212
-0.779,2.35
-0.855,0.818
-0.897,-0.7
-0.898,0.985
-0.868,-0.484
-0.861,-0.517
-1.033,1.665
-1.004,1.09
-1.089,1.184
-1.096,-0.528
-1.086,0.555
-1.141,0.195
-1.31,2.796
-1.252,-0.635
-1.314,-0.755
-1.384,-1.001
-1.319,2.74
-1.43,-0.099
-1.462,2.88
-1.461,0.43
-1.491,0.257
-1.656,2.905
-1.761,0.466
-1.7,-0.582
-1.732,0.179
-1.765,-0.046
-1.909,-0.765
-1.966,0.792
-2.051,2.625
-2.087,2.924
-2.092,0.403
-2.202,1.638
-2.17,-0.517
-2.233,-0.245
-2.223,-0.966
-2.227,2.296
-2.285,2.511
-2.272,2.872
-2.46,-0.959
-2.718,-0.353
-2.81,-0.069
-2.815,1.517
-2.8,1.091
-2.823,2.788
-2.832,1.565
-2.897,2.772
-2.861,-0.157
-2.86,1.707
-2.931,1.508
-3.016,0.814
-3.017,2.194
-3.071,0.842
-3.069,-0.666
-3.089,2.423
-3.076,0.621
-3.139,0.609
3.117,1.062
2.799,-1.399
2.251,-1.051
2.222,-1.156
2.234,-1.07
2.06,-1.453
0.543,-0.974
0.217,-1.196
-0.001,-1.123
-0.283,-1.115
-0.549,-1.434
-0.757,-1.352
-0.826,-1.412
-1.169,-1.176
-1.272,-1.222
-1.368,-1.524
-1.922,-1.206
-2.273,-1.25
-2.399,-1.28
-2.602,-1.383
-2.549,-1.153
-2.67,-1.412
-3.096,-1.395
3.003,2.959
2.998,3.125
2.494,3.324
2.055,3.254
1.876,3.074
0.981,3.398
0.679,3.101
0.688,3.298
0.606,3.374
0.479,3.414
0.329,3.016
0.4,3.079
0.146,3.313
0.074,3.443
-0.039,3.338
-0.125,3.022
-0.412,3.431
-0.757,3.212
-1.042,3.36
-1.677,3.097
-2.002,3.169
-2.063,3.204
-2.418,3.06
-2.788,3.385
-2.777,3.326
-3.04,3.257
2.356,0.02
1.861,0.528
1.219,2.549
0.238,-0.379
-1.08,1.605
-1.788,2.588
0.461,-1.398
2.923,3.286
3.138,2.858
2.985,1.081
2.898,2.87
2.771,2.53
2.851,-0.575
2.863,1.273
2.621,1.048
2.604,2.431
2.551,2.983
2.421,0.056
2.311,1.309
2.397,0.813
2.393,1.422
2.345,1.745
2.277,1.035
2.25,1.42
2.191,1.927
2.097,2.071
1.901,2.837
1.877,2.55
1.957,2.729
1.893,-0.155
1.686,2.479
1.538,1.339
1.453,0.26
1.409,-0.788
1.536,-0.563
1.319,-0.913
1.311,0.024
1.298,0.077
1.405,2.024
1.366,0.964
1.262,0.609
1.187,0.448
1.195,2.04
1.186,-1.004
0.987,0.251
1.099,0.465
1.06,-0.049
0.876,2.87
0.93,0.634
0.862,2.96
0.615,2.699
0.456,1.009
0.416,0.242
0.27,-0.784
0.349,0.454
0.157,1.063
0.239,-0.866
0.218,0.276
0.057,0.529
0.129,0.621
0.021,2.537
0.012,-0.529
-0.001,2.262
-0.03,1.08
-0.096,0.518
-0.085,0.004
-0.054,1.159
-0.131,1.854
-0.524,0.755
-0.496,0.725
-0.6,0.109
-0.534,-0.584
-0.558,2.334
-0.774,2.451
-0.679,-0.984
-0.815,-0.511
-0.825,-0.691
-0.755,1.686
-0.753,2.709
-0.943,2.565
-0.861,2.25
-1.034,0.598
-1.052,-0.674
-1.033,0.434
-1.06,1.208
-1.189,2.922
-1.238,2.448
-1.119,1.036
-1.256,0.234
-1.281,0.029
-1.362,2.739
-1.743,3.014
-1.736,-0.041
-2.043,0.238
-1.972,1.52
-2.061,1.073
-2.278,2.507
-2.169,-0.049
-2.374,0.241
-2.394,0.198
-2.845,1.091
-2.773,1.472
-2.951,1.97
-2.962,2.368
-2.915,0.511
-3.123,1.907
-2.96,-0.336
3.081,-0.246
3.079,-0.911
2.601,-1.122
2.026,-1.271
1.898,-1.164
1.391,-1.196
0.811,-1.337
0.801,-1.3
0.438,-1.023
-0.271,-1.231
-0.431,-1.37
-0.371,-1.269
-0.595,-1.207
-0.774,-1.356
-1.063,-1.381
-1.367,-1.168
-1.742,-1.33
-1.989,-1.133
-2.377,-1.239
-2.768,-1.308
3.092,3.171
2.936,3.35
2.863,3.348
2.959,3.346
2.921,3.271
2.013,3.3
0.216,3.154
0.116,3.13
-0.041,3.237
-0.724,2.959
-1.346,3.253
-1.881,3.062
1.946,2.406
1.796,2.629
1.796,-0.089
1.629,2.771
-1.203,1.642
-1.751,2.425
-1.886,2.429
0.225,0.117
-0.292,0.148
-1.448,1.65
-1.444,1.755
-2.471,1.272
-2.458,2.076
-2.615,1.239
-2.61,2.242
2.612,-0.11
2.613,0.897
0.245,1.049
2.714,3.053
-1.5,-0.858
-1.628,3.155
0.076,-0.983
0.026,0.029
-0.036,1.859
-0.083,-0.829
-0.113,-1.064
-0.075,0.578
-0.126,0.802
-0.15,0.718
-0.085,-0.524
-0.116,1.321
-0.111,-0.89
-0.12,2.569
-0.218,2.359
-0.231,2.806
-0.218,-0.858
-0.315,0.739
-0.274,2.702
-0.308,1.29
-0.363,2.507
-0.364,2.106
-0.389,-0.882
-0.384,1.311
-0.339,1.005
-0.427,0.652
-0.488,0.13
-0.431,0.256
-0.492,2.18
-0.589,1.755
-0.532,-0.147
-0.611,0.777
-0.659,1.626
-0.753,1.076
-0.685,-0.966
-0.735,0.181
-0.776,2.319
-0.852,0.787
-0.894,-0.731
-0.895,0.954
-0.865,-0.515
-0.858,-0.548
-1.03,1.634
-1.001,1.059
-1.086,1.153
-1.093,-0.559
-1.083,0.524
-1.138,0.164
-1.307,2.765
-1.249,-0.666
-1.311,-0.786
-1.381,-1.032
-1.316,2.709
-1.427,-0.13
-1.459,2.849
-1.458,0.399
-1.488,0.226
-1.653,2.874
-1.758,0.435
-1.697,-0.613
-1.729,0.148
-1.762,-0.077
-1.906,-0.796
-1.963,0.761
-2.048,2.594
-2.084,2.893
-2.089,0.372
-2.199,1.607
-2.167,-0.548
-2.23,-0.276
-2.22,-0.997
-2.224,2.265
-2.282,2.48
-2.269,2.841
-2.457,-0.99
-2.715,-0.384
-2.807,-0.1
-2.812,1.486
-2.797,1.06
-2.82,2.757
-2.829,1.534
-2.894,2.741
-2.858,-0.188
-2.857,1.676
-2.928,1.477
-3.013,0.783
-3.014,2.163
-3.068,0.811
-3.066,-0.697
-3.086,2.392
-3.073,0.59
-3.136,0.578
3.12,1.031
2.802,-1.43
2.254,-1.082
2.225,-1.187
2.237,-1.101
2.063,-1.484
0.546,-1.005
0.22,-1.227
0.002,-1.154
-0.28,-1.146
-0.546,-1.465
-0.754,-1.383
-0.823,-1.443
-1.166,-1.207
-1.269,-1.253
-1.365,-1.555
-1.919,-1.237
-2.27,-1.281
-2.396,-1.311
-2.599,-1.414
-2.546,-1.184
-2.667,-1.443
-3.093,-1.426
3.006,2.928
3.001,3.094
2.497,3.293
2.058,3.223
1.879,3.043
0.984,3.367
0.682,3.07
0.691,3.267
0.609,3.343
0.482,3.383
0.332,2.985
0.403,3.048
0.149,3.282
0.077,3.412
-0.036,3.307
-0.122,2.991
-0.409,3.4
-0.754,3.181
-1.039,3.329
-1.674,3.066
-1.999,3.138
-2.06,3.173
-2.415,3.029
-2.785,3.354
-2.774,3.295
-3.037,3.226
2.359,-0.011
1.864,0.497
1.222,2.518
0.241,-0.41
-1.077,1.574
-1.785,2.557
0.464,-1.429
2.926,3.255
3.141,2.827
2.988,1.05
2.901,2.839
2.774,2.499
2.854,-0.606
2.866,1.242
2.624,1.017
2.607,2.4
2.554,2.952
2.424,0.025
2.314,1.278
2.4,0.782
2.396,1.391
2.348,1.714
2.28,1.004
2.253,1.389
2.194,1.896
2.1,2.04
1.904,2.806
1.88,2.519
1.96,2.698
1.896,-0.186
1.689,2.448
1.541,1.308
1.456,0.229
1.412,-0.819
1.539,-0.594
1.322,-0.944
1.314,-0.007
1.301,0.046
1.408,1.993
1.369,0.933
1.265,0.578
1.19,0.417
1.198,2.009
1.189,-1.035
0.99,0.22
1.102,0.434
1.063,-0.08
0.879,2.839
0.933,0.603
0.865,2.929
0.618,2.668
0.459,0.978
0.419,0.211
0.273,-0.815
0.352,0.423
0.16,1.032
0.242,-0.897
0.221,0.245
0.06,0.498
0.132,0.59
0.024,2.506
0.015,-0.56
0.002,2.231
-0.027,1.049
-0.093,0.487
-0.082,-0.027
-0.051,1.128
-0.128,1.823
-0.521,0.724
-0.493,0.694
-0.597,0.078
-0.531,-0.615
-0.555,2.303
-0.771,2.42
-0.676,-1.015
-0.812,-0.542
-0.822,-0.722
-0.752,1.655
-0.75,2.678
-0.94,2.534
-0.858,2.219
-1.031,0.567
-1.049,-0.705
-1.03,0.403
-1.057,1.177
-1.186,2.891
-1.235,2.417
-1.116,1.005
-1.253,0.203
-1.278,-0.002
-1.359,2.708
-1.74,2.983
-1.733,-0.072
-2.04,0.207
-1.969,1.489
-2.058,1.042
-2.275,2.476
-2.166,-0.08
-2.371,0.21
-2.391,0.167
-2.842,1.06
-2.77,1.441
-2.948,1.939
-2.959,2.337
-2.912,0.48
-3.12,1.876
-2.957,-0.367
3.084,-0.277
3.082,-0.942
2.604,-1.153
2.029,-1.302
1.901,-1.195
1.394,-1.227
0.814,-1.368
0.804,-1.331
0.441,-1.054
-0.268,-1.262
-0.428,-1.401
-0.368,-1.3
-0.592,-1.238
-0.771,-1.387
-1.06,-1.412
-1.364,-1.199
-1.739,-1.361
-1.986,-1.164
-2.374,-1.27
-2.765,-1.339
3.095,3.14
2.939,3.319
2.866,3.317
2.962,3.315
2.924,3.24
2.016,3.269
0.219,3.123
0.119,3.099
-0.038,3.206
-0.721,2.928
-1.343,3.222
-1.878,3.031
1.949,2.375
1.799,2.598
1.799,-0.12
1.632,2.74
-1.2,1.611
-1.748,2.394
-1.883,2.398
0.228,0.086
-0.289,0.117
-1.445,1.619
-1.441,1.724
-2.468,1.241
-2.455,2.045
-2.612,1.208
-2.607,2.211
2.615,-0.141
2.616,0.866
0.248,1.018
2.717,3.022
-1.497,-0.889
-1.625,3.124
-0.05,1.012
-0.112,2.842
-0.159,0.154
-0.189,-0.081
-0.151,1.561
-0.202,1.785
-0.226,1.701
-0.161,0.459
-0.192,2.304
-0.187,0.093
-0.196,3.552
-0.294,3.342
-0.307,3.789
-0.294,0.125
-0.391,1.722
-0.35,3.685
-0.384,2.273
-0.439,3.49
-0.44,3.089
-0.465,0.101
-0.46,2.294
-0.415,1.988
-0.503,1.635
-0.564,1.113
-0.507,1.239
-0.568,3.163
-0.665,2.738
-0.608,0.836
-0.687,1.76
-0.735,2.609
-0.829,2.059
-0.761,0.017
-0.811,1.164
-0.852,3.302
-0.928,1.77
-0.97,0.252
-0.971,1.937
-0.941,0.468
-0.934,0.435
-1.106,2.617
-1.077,2.042
-1.162,2.136
-1.169,0.424
-1.159,1.507
-1.214,1.147
-1.383,3.748
-1.325,0.317
-1.387,0.197
-1.457,-0.049
-1.392,3.692
-1.503,0.853
-1.535,3.832
-1.534,1.382
-1.564,1.209
-1.729,3.857
-1.834,1.418
-1.773,0.37
-1.805,1.131
-1.838,0.906
-1.982,0.187
-2.039,1.744
-2.124,3.577
-2.16,3.876
-2.165,1.355
-2.275,2.59
-2.243,0.435
-2.306,0.707
-2.296,-0.014
-2.3,3.248
-2.358,3.463
-2.345,3.824
-2.533,-0.007
-2.791,0.599
-2.883,0.883
-2.888,2.469
-2.873,2.043
-2.896,3.74
-2.905,2.517
-2.97,3.724
-2.934,0.795
-2.933,2.659
-3.004,2.46
-3.089,1.766
-3.09,3.146
3.139,1.794
3.141,0.286
3.121,3.375
3.134,1.573
3.071,1.561
3.044,2.014
2.726,-0.447
2.178,-0.099
2.149,-0.204
2.161,-0.118
1.987,-0.501
0.47,-0.022
0.144,-0.244
-0.074,-0.171
-0.356,-0.163
-0.622,-0.482
-0.83,-0.4
-0.899,-0.46
-1.242,-0.224
-1.345,-0.27
-1.441,-0.572
-1.995,-0.254
-2.346,-0.298
-2.472,-0.328
-2.675,-0.431
-2.622,-0.201
-2.743,-0.46
3.114,-0.443
2.93,3.911
2.925,4.077
2.421,4.276
1.982,4.206
1.803,4.026
0.908,4.35
0.606,4.053
0.615,4.25
0.533,4.326
0.406,4.366
0.256,3.968
0.327,4.031
0.073,4.265
0.001,4.395
-0.112,4.29
-0.198,3.974
-0.485,4.383
-0.83,4.164
-1.115,4.312
-1.75,4.049
-2.075,4.121
-2.136,4.156
-2.491,4.012
-2.861,4.337
-2.85,4.278
-3.113,4.209
2.283,0.972
1.788,1.48
1.146,3.501
0.165,0.573
-1.153,2.557
-1.861,3.54
0.388,-0.446
2.85,4.238
3.065,3.81
2.912,2.033
2.825,3.822
2.698,3.482
2.778,0.377
2.79,2.225
2.548,2.0
2.531,3.383
2.478,3.935
2.348,1.008
2.238,2.261
2.324,1.765
2.32,2.374
2.272,2.697
2.204,1.987
2.177,2.372
2.118,2.879
2.024,3.023
1.828,3.789
1.804,3.502
1.884,3.681
1.82,0.797
1.613,3.431
1.465,2.291
1.38,1.212
1.336,0.164
1.463,0.389
1.246,0.039
1.238,0.976
1.225,1.029
1.332,2.976
1.293,1.916
1.189,1.561
1.114,1.4
1.122,2.992
1.113,-0.052
0.914,1.203
1.026,1.417
0.987,0.903
0.803,3.822
0.857,1.586
0.789,3.912
0.542,3.651
0.383,1.961
0.343,1.194
0.197,0.168
0.276,1.406
0.084,2.015
0.166,0.086
0.145,1.228
-0.016,1.481
0.056,1.573
-0.052,3.489
-0.061,0.423
-0.074,3.214
-0.103,2.032
-0.169,1.47
-0.158,0.956
-0.127,2.111
-0.204,2.806
-0.597,1.707
-0.569,1.677
-0.673,1.061
-0.607,0.368
-0.631,3.286
-0.847,3.403
-0.752,-0.032
-0.888,0.441
-0.898,0.261
-0.828,2.638
-0.826,3.661
-1.016,3.517
-0.934,3.202
-1.107,1.55
-1.125,0.278
-1.106,1.386
-1.133,2.16
-1.262,3.874
-1.311,3.4
-1.192,1.988
-1.329,1.186
-1.354,0.981
-1.435,3.691
-1.816,3.966
-1.809,0.911
-2.116,1.19
-2.045,2.472
-2.134,2.025
-2.351,3.459
-2.242,0.903
-2.447,1.193
-2.467,1.15
-2.918,2.043
-2.846,2.424
-3.024,2.922
-3.035,3.32
-2.988,1.463
3.087,2.859
-3.033,0.616
3.008,0.706
3.006,0.041
2.528,-0.17
1.953,-0.319
1.825,-0.212
1.318,-0.244
0.738,-0.385
0.728,-0.348
0.365,-0.071
-0.344,-0.279
-0.504,-0.418
-0.444,-0.317
-0.668,-0.255
-0.847,-0.404
-1.136,-0.429
-1.44,-0.216
-1.815,-0.378
-2.062,-0.181
-2.45,-0.287
-2.841,-0.356
3.019,4.123
2.863,4.302
2.79,4.3
2.886,4.298
2.848,4.223
1.94,4.252
0.143,4.106
0.043,4.082
-0.114,4.189
-0.797,3.911
-1.419,4.205
-1.954,4.014
1.873,3.358
1.723,3.581
1.723,0.863
1.556,3.723
-1.276,2.594
-1.824,3.377
-1.959,3.381
0.152,1.069
-0.365,1.1
-1.521,2.602
-1.517,2.707
-2.544,2.224
-2.531,3.028
-2.688,2.191
-2.683,3.194
2.539,0.842
2.54,1.849
0.172,2.001
2.641,4.005
-1.573,0.094
-1.701,4.107
-0.062,1.83
-0.109,-0.858
-0.139,-1.093
-0.101,0.549
-0.152,0.773
-0.176,0.689
-0.111,-0.553
-0.142,1.292
-0.137,-0.919
-0.146,2.54
-0.244,2.33
-0.257,2.777
-0.244,-0.887
-0.341,0.71
-0.3,2.673
-0.334,1.261
-0.389,2.478
-0.39,2.077
-0.415,-0.911
-0.41,1.282
-0.365,0.976
-0.453,0.623
-0.514,0.101
-0.457,0.227
-0.518,2.151
-0.615,1.726
-0.558,-0.176
-0.637,0.748
-0.685,1.597
-0.779,1.047
-0.711,-0.995
-0.761,0.152
-0.802,2.29
-0.878,0.758
-0.92,-0.76
-0.921,0.925
-0.891,-0.544
-0.884,-0.577
-1.056,1.605
-1.027,1.03
-1.112,1.124
-1.119,-0.588
-1.109,0.495
-1.164,0.135
-1.333,2.736
-1.275,-0.695
-1.337,-0.815
-1.407,-1.061
-1.342,2.68
-1.453,-0.159
-1.485,2.82
-1.484,0.37
-1.514,0.197
-1.679,2.845
-1.784,0.406
-1.723,-0.642
-1.755,0.119
-1.788,-0.106
-1.932,-0.825
-1.989,0.732
-2.074,2.565
-2.11,2.864
-2.115,0.343
-2.225,1.578
-2.193,-0.577
-2.256,-0.305
-2.246,-1.026
-2.25,2.236
-2.308,2.451
-2.295,2.812
-2.483,-1.019
-2.741,-0.413
-2.833,-0.129
-2.838,1.457
-2.823,1.031
-2.846,2.728
-2.855,1.505
-2.92,2.712
-2.884,-0.217
-2.883,1.647
-2.954,1.448
-3.039,0.754
-3.04,2.134
-3.094,0.782
-3.092,-0.726
-3.112,2.363
-3.099,0.561
3.121,0.549
3.094,1.002
2.776,-1.459
2.228,-1.111
2.199,-1.216
2.211,-1.13
2.037,-1.513
0.52,-1.034
0.194,-1.256
-0.024,-1.183
-0.306,-1.175
-0.572,-1.494
-0.78,-1.412
-0.849,-1.472
-1.192,-1.236
-1.295,-1.282
-1.391,-1.584
-1.945,-1.266
-2.296,-1.31
-2.422,-1.34
-2.625,-1.443
-2.572,-1.213
-2.693,-1.472
-3.119,-1.455
2.98,2.899
2.975,3.065
2.471,3.264
2.032,3.194
1.853,3.014
0.958,3.338
0.656,3.041
0.665,3.238
0.583,3.314
0.456,3.354
0.306,2.956
0.377,3.019
0.123,3.253
0.051,3.383
-0.062,3.278
-0.148,2.962
-0.435,3.371
-0.78,3.152
-1.065,3.3
-1.7,3.037
-2.025,3.109
-2.086,3.144
-2.441,3.0
-2.811,3.325
-2.8,3.266
-3.063,3.197
2.333,-0.04
1.838,0.468
1.196,2.489
0.215,-0.439
-1.103,1.545
-1.811,2.528
0.438,-1.458
2.9,3.226
3.115,2.798
2.962,1.021
2.875,2.81
2.748,2.47
2.828,-0.635
2.84,1.213
2.598,0.988
2.581,2.371
2.528,2.923
2.398,-0.004
2.288,1.249
2.374,0.753
2.37,1.362
2.322,1.685
2.254,0.975
2.227,1.36
2.168,1.867
2.074,2.011
1.878,2.777
1.854,2.49
1.934,2.669
1.87,-0.215
1.663,2.419
1.515,1.279
1.43,0.2
1.386,-0.848
1.513,-0.623
1.296,-0.973
1.288,-0.036
1.275,0.017
1.382,1.964
1.343,0.904
1.239,0.549
1.164,0.388
1.172,1.98
1.163,-1.064
0.964,0.191
1.076,0.405
1.037,-0.109
0.853,2.81
0.907,0.574
0.839,2.9
0.592,2.639
0.433,0.949
0.393,0.182
0.247,-0.844
0.326,0.394
0.134,1.003
0.216,-0.926
0.195,0.216
0.034,0.469
0.106,0.561
-0.002,2.477
-0.011,-0.589
-0.024,2.202
-0.053,1.02
-0.119,0.458
-0.108,-0.056
-0.077,1.099
-0.154,1.794
-0.547,0.695
-0.519,0.665
-0.623,0.049
-0.557,-0.644
-0.581,2.274
-0.797,2.391
-0.702,-1.044
-0.838,-0.571
-0.848,-0.751
-0.778,1.626
-0.776,2.649
-0.966,2.505
-0.884,2.19
-1.057,0.538
-1.075,-0.734
-1.056,0.374
-1.083,1.148
-1.212,2.862
-1.261,2.388
-1.142,0.976
-1.279,0.174
-1.304,-0.031
-1.385,2.679
-1.766,2.954
-1.759,-0.101
-2.066,0.178
-1.995,1.46
-2.084,1.013
-2.301,2.447
-2.192,-0.109
-2.397,0.181
-2.417,0.138
-2.868,1.031
-2.796,1.412
-2.974,1.91
-2.985,2.308
-2.938,0.451
3.137,1.847
-2.983,-0.396
3.058,-0.306
3.056,-0.971
2.578,-1.182
2.003,-1.331
1.875,-1.224
1.368,-1.256
0.788,-1.397
0.778,-1.36
0.415,-1.083
-0.294,-1.291
-0.454,-1.43
-0.394,-1.329
-0.618,-1.267
-0.797,-1.416
-1.086,-1.441
-1.39,-1.228
-1.765,-1.39
-2.012,-1.193
-2.4,-1.299
-2.791,-1.368
3.069,3.111
2.913,3.29
2.84,3.288
2.936,3.286
2.898,3.211
1.99,3.24
0.193,3.094
0.093,3.07
-0.064,3.177
-0.747,2.899
-1.369,3.193
-1.904,3.002
1.923,2.346
1.773,2.569
1.773,-0.149
1.606,2.711
-1.226,1.582
-1.774,2.365
-1.909,2.369
0.202,0.057
-0.315,0.088
-1.471,1.59
-1.467,1.695
-2.494,1.212
-2.481,2.016
-2.638,1.179
-2.633,2.182
2.589,-0.17
2.59,0.837
0.222,0.989
2.691,2.993
-1.523,-0.918
-1.651,3.095
-0.047,-2.688
-0.077,-2.923
-0.039,-1.281
-0.09,-1.057
-0.114,-1.141
-0.049,-2.383
-0.08,-0.538
-0.075,-2.749
-0.084,0.71
-0.182,0.5
-0.195,0.947
-0.182,-2.717
-0.279,-1.12
-0.238,0.843
-0.272,-0.569
-0.327,0.648
-0.328,0.247
-0.353,-2.741
-0.348,-0.548
-0.303,-0.854
-0.391,-1.207
-0.452,-1.729
-0.395,-1.603
-0.456,0.321
-0.553,-0.104
-0.496,-2.006
-0.575,-1.082
-0.623,-0.233
-0.717,-0.783
-0.649,-2.825
-0.699,-1.678
-0.74,0.46
-0.816,-1.072
-0.858,-2.59
-0.859,-0.905
-0.829,-2.374
-0.822,-2.407
-0.994,-0.225
-0.965,-0.8
-1.05,-0.706
-1.057,-2.418
-1.047,-1.335
-1.102,-1.695
-1.271,0.906
-1.213,-2.525
-1.275,-2.645
-1.345,-2.891
-1.28,0.85
-1.391,-1.989
-1.423,0.99
-1.422,-1.46
-1.452,-1.633
-1.617,1.015
-1.722,-1.424
-1.661,-2.472
-1.693,-1.711
-1.726,-1.936
-1.87,-2.655
-1.927,-1.098
-2.012,0.735
-2.048,1.034
-2.053,-1.487
-2.163,-0.252
-2.131,-2.407
-2.194,-2.135
-2.184,-2.856
-2.188,0.406
-2.246,0.621
-2.233,0.982
-2.421,-2.849
-2.679,-2.243
-2.771,-1.959
-2.776,-0.373
-2.761,-0.799
-2.784,0.898
-2.793,-0.325
-2.858,0.882
-2.822,-2.047
-2.821,-0.183
-2.892,-0.382
-2.977,-1.076
-2.978,0.304
-3.032,-1.048
-3.03,-2.556
-3.05,0.533
-3.037,-1.269
-3.1,-1.281
-3.127,-0.828
2.838,-3.289
2.29,-2.941
2.261,-3.046
2.273,-2.96
2.099,-3.343
0.582,-2.864
0.256,-3.086
0.038,-3.013
-0.244,-3.005
-0.51,-3.324
-0.718,-3.242
-0.787,-3.302
-1.13,-3.066
-1.233,-3.112
-1.329,-3.414
-1.883,-3.096
-2.234,-3.14
-2.36,-3.17
-2.563,-3.273
-2.51,-3.043
-2.631,-3.302
-3.057,-3.285
3.042,1.069
3.037,1.235
2.533,1.434
2.094,1.364
1.915,1.184
1.02,1.508
0.718,1.211
0.727,1.408
0.645,1.484
0.518,1.524
0.368,1.126
0.439,1.189
0.185,1.423
0.113,1.553
0.0,1.448
-0.086,1.132
-0.373,1.541
-0.718,1.322
-1.003,1.47
-1.638,1.207
-1.963,1.279
-2.024,1.314
-2.379,1.17
-2.749,1.495
-2.738,1.436
-3.001,1.367
2.395,-1.87
1.9,-1.362
1.258,0.659
0.277,-2.269
-1.041,-0.285
-1.749,0.698
0.5,-3.288
2.962,1.396
-3.106,0.968
3.024,-0.809
2.937,0.98
2.81,0.64
2.89,-2.465
2.902,-0.617
2.66,-0.842
2.643,0.541
2.59,1.093
2.46,-1.834
2.35,-0.581
2.436,-1.077
2.432,-0.468
2.384,-0.145
2.316,-0.855
2.289,-0.47
2.23,0.037
2.136,0.181
1.94,0.947
1.916,0.66
1.996,0.839
1.932,-2.045
1.725,0.589
1.577,-0.551
1.492,-1.63
1.448,-2.678
1.575,-2.453
1.358,-2.803
1.35,-1.866
1.337,-1.813
1.444,0.134
1.405,-0.926
1.301,-1.281
1.226,-1.442
1.234,0.15
1.225,-2.894
1.026,-1.639
1.138,-1.425
1.099,-1.939
0.915,0.98
0.969,-1.256
0.901,1.07
0.654,0.809
0.495,-0.881
0.455,-1.648
0.309,-2.674
0.388,-1.436
0.196,-0.827
0.278,-2.756
0.257,-1.614
0.096,-1.361
0.168,-1.269
0.06,0.647
0.051,-2.419
0.038,0.372
0.009,-0.81
-0.057,-1.372
-0.046,-1.886
-0.015,-0.731
-0.092,-0.036
-0.485,-1.135
-0.457,-1.165
-0.561,-1.781
-0.495,-2.474
-0.519,0.444
-0.735,0.561
-0.64,-2.874
-0.776,-2.401
-0.786,-2.581
-0.716,-0.204
-0.714,0.819
-0.904,0.675
-0.822,0.36
-0.995,-1.292
-1.013,-2.564
-0.994,-1.456
-1.021,-0.682
-1.15,1.032
-1.199,0.558
-1.08,-0.854
-1.217,-1.656
-1.242,-1.861
-1.323,0.849
-1.704,1.124
-1.697,-1.931
-2.004,-1.652
-1.933,-0.37
-2.022,-0.817
-2.239,0.617
-2.13,-1.939
-2.335,-1.649
-2.355,-1.692
-2.806,-0.799
-2.734,-0.418
-2.912,0.08
-2.923,0.478
-2.876,-1.379
-3.084,0.017
-2.921,-2.226
3.12,-2.136
3.118,-2.801
2.64,-3.012
2.065,-3.161
1.937,-3.054
1.43,-3.086
0.85,-3.227
0.84,-3.19
0.477,-2.913
-0.232,-3.121
-0.392,-3.26
-0.332,-3.159
-0.556,-3.097
-0.735,-3.246
-1.024,-3.271
-1.328,-3.058
-1.703,-3.22
-1.95,-3.023
-2.338,-3.129
-2.729,-3.198
3.131,1.281
2.975,1.46
2.902,1.458
2.998,1.456
2.96,1.381
2.052,1.41
0.255,1.264
0.155,1.24
-0.002,1.347
-0.685,1.069
-1.307,1.363
-1.842,1.172
1.985,0.516
1.835,0.739
1.835,-1.979
1.668,0.881
-1.164,-0.248
-1.712,0.535
-1.847,0.539
0.264,-1.773
-0.253,-1.742
-1.409,-0.24
-1.405,-0.135
-2.432,-0.618
-2.419,0.186
-2.576,-0.651
-2.571,0.352
2.651,-2.0
2.652,-0.993
0.284,-0.841
2.753,1.163
-1.461,-2.748
-1.589,1.265
-0.03,-0.235
0.008,1.407
-0.043,1.631
-0.067,1.547
-0.002,0.305
-0.033,2.15
-0.028,-0.061
-0.037,3.398
-0.135,3.188
-0.148,3.635
-0.135,-0.029
-0.232,1.568
-0.191,3.531
-0.225,2.119
-0.28,3.336
-0.281,2.935
-0.306,-0.053
-0.301,2.14
-0.256,1.834
-0.344,1.481
-0.405,0.959
-0.348,1.085
-0.409,3.009
-0.506,2.584
-0.449,0.682
-0.528,1.606
-0.576,2.455
-0.67,1.905
-0.602,-0.137
-0.652,1.01
-0.693,3.148
-0.769,1.616
-0.811,0.098
-0.812,1.783
-0.782,0.314
-0.775,0.281
-0.947,2.463
-0.918,1.888
-1.003,1.982
-1.01,0.27
-1.0,1.353
-1.055,0.993
-1.224,3.594
-1.166,0.163
-1.228,0.043
-1.298,-0.203
-1.233,3.538
-1.344,0.699
-1.376,3.678
-1.375,1.228
-1.405,1.055
-1.57,3.703
-1.675,1.264
-1.614,0.216
-1.646,0.977
-1.679,0.752
-1.823,0.033
-1.88,1.59
-1.965,3.423
-2.001,3.722
-2.006,1.201
-2.116,2.436
-2.084,0.281
-2.147,0.553
-2.137,-0.168
-2.141,3.094
-2.199,3.309
-2.186,3.67
-2.374,-0.161
-2.632,0.445
-2.724,0.729
-2.729,2.315
-2.714,1.889
-2.737,3.586
-2.746,2.363
-2.811,3.57
-2.775,0.641
-2.774,2.505
-2.845,2.306
-2.93,1.612
-2.931,2.992
-2.985,1.64
-2.983,0.132
-3.003,3.221
-2.99,1.419
-3.053,1.407
-3.08,1.86
2.885,-0.601
2.337,-0.253
2.308,-0.358
2.32,-0.272
2.146,-0.655
0.629,-0.176
0.303,-0.398
0.085,-0.325
-0.197,-0.317
-0.463,-0.636
-0.671,-0.554
-0.74,-0.614
-1.083,-0.378
-1.186,-0.424
-1.282,-0.726
-1.836,-0.408
-2.187,-0.452
-2.313,-0.482
-2.516,-0.585
-2.463,-0.355
-2.584,-0.614
-3.01,-0.597
3.089,3.757
3.084,3.923
2.58,4.122
2.141,4.052
1.962,3.872
1.067,4.196
0.765,3.899
0.774,4.096
0.692,4.172
0.565,4.212
0.415,3.814
0.486,3.877
0.232,4.111
0.16,4.241
0.047,4.136
-0.039,3.82
-0.326,4.229
-0.671,4.01
-0.956,4.158
-1.591,3.895
-1.916,3.967
-1.977,4.002
-2.332,3.858
-2.702,4.183
-2.691,4.124
-2.954,4.055
2.442,0.818
1.947,1.326
1.305,3.347
0.324,0.419
-0.994,2.403
-1.702,3.386
0.547,-0.6
3.009,4.084
-3.059,3.656
3.071,1.879
2.984,3.668
2.857,3.328
2.937,0.223
2.949,2.071
2.707,1.846
2.69,3.229
2.637,3.781
2.507,0.854
2.397,2.107
2.483,1.611
2.479,2.22
2.431,2.543
2.363,1.833
2.336,2.218
2.277,2.725
2.183,2.869
1.987,3.635
1.963,3.348
2.043,3.527
1.979,0.643
1.772,3.277
1.624,2.137
1.539,1.058
1.495,0.01
1.622,0.235
1.405,-0.115
1.397,0.822
1.384,0.875
1.491,2.822
1.452,1.762
1.348,1.407
1.273,1.246
1.281,2.838
1.272,-0.206
1.073,1.049
1.185,1.263
1.146,0.749
0.962,3.668
1.016,1.432
0.948,3.758
0.701,3.497
0.542,1.807
0.502,1.04
0.356,0.014
0.435,1.252
0.243,1.861
0.325,-0.068
0.304,1.074
0.143,1.327
0.215,1.419
0.107,3.335
0.098,0.269
0.085,3.06
0.056,1.878
-0.01,1.316
0.001,0.802
0.032,1.957
-0.045,2.652
-0.438,1.553
-0.41,1.523
-0.514,0.907
-0.448,0.214
-0.472,3.132
-0.688,3.249
-0.593,-0.186
-0.729,0.287
-0.739,0.107
-0.669,2.484
-0.667,3.507
-0.857,3.363
-0.775,3.048
-0.948,1.396
-0.966,0.124
-0.947,1.232
-0.974,2.006
-1.103,3.72
-1.152,3.246
-1.033,1.834
-1.17,1.032
-1.195,0.827
-1.276,3.537
-1.657,3.812
-1.65,0.757
-1.957,1.036
-1.886,2.318
-1.975,1.871
-2.192,3.305
-2.083,0.749
-2.288,1.039
-2.308,0.996
-2.759,1.889
-2.687,2.27
-2.865,2.768
-2.876,3.166
-2.829,1.309
-3.037,2.705
-2.874,0.462
-3.116,0.552
-3.118,-0.113
2.687,-0.324
2.112,-0.473
1.984,-0.366
1.477,-0.398
0.897,-0.539
0.887,-0.502
0.524,-0.225
-0.185,-0.433
-0.345,-0.572
-0.285,-0.471
-0.509,-0.409
-0.688,-0.558
-0.977,-0.583
-1.281,-0.37
-1.656,-0.532
-1.903,-0.335
-2.291,-0.441
-2.682,-0.51
-3.105,3.969
3.022,4.148
2.949,4.146
3.045,4.144
3.007,4.069
2.099,4.098
0.302,3.952
0.202,3.928
0.045,4.035
-0.638,3.757
-1.26,4.051
-1.795,3.86
2.032,3.204
1.882,3.427
1.882,0.709
1.715,3.569
-1.117,2.44
-1.665,3.223
-1.8,3.227
0.311,0.915
-0.206,0.946
-1.362,2.448
-1.358,2.553
-2.385,2.07
-2.372,2.874
-2.529,2.037
-2.524,3.04
2.698,0.688
2.699,1.695
0.331,1.847
2.8,3.851
-1.414,-0.06
-1.542,3.953
0.038,1.642
-0.013,1.866
-0.037,1.782
0.028,0.54
-0.003,2.385
0.002,0.174
-0.007,3.633
-0.105,3.423
-0.118,3.87
-0.105,0.206
-0.202,1.803
-0.161,3.766
-0.195,2.354
-0.25,3.571
-0.251,3.17
-0.276,0.182
-0.271,2.375
-0.226,2.069
-0.314,1.716
-0.375,1.194
-0.318,1.32
-0.379,3.244
-0.476,2.819
-0.419,0.917
-0.498,1.841
-0.546,2.69
-0.64,2.14
-0.572,0.098
-0.622,1.245
-0.663,3.383
-0.739,1.851
-0.781,0.333
-0.782,2.018
-0.752,0.549
-0.745,0.516
-0.917,2.698
-0.888,2.123
-0.973,2.217
-0.98,0.505
-0.97,1.588
-1.025,1.228
-1.194,3.829
-1.136,0.398
-1.198,0.278
-1.268,0.032
-1.203,3.773
-1.314,0.934
-1.346,3.913
-1.345,1.463
-1.375,1.29
-1.54,3.938
-1.645,1.499
-1.584,0.451
-1.616,1.212
-1.649,0.987
-1.793,0.268
-1.85,1.825
-1.935,3.658
-1.971,3.957
-1.976,1.436
-2.086,2.671
-2.054,0.516
-2.117,0.788
-2.107,0.067
-2.111,3.329
-2.169,3.544
-2.156,3.905
-2.344,0.074
-2.602,0.68
-2.694,0.964
-2.699,2.55
-2.684,2.124
-2.707,3.821
-2.716,2.598
-2.781,3.805
-2.745,0.876
-2.744,2.74
-2.815,2.541
-2.9,1.847
-2.901,3.227
-2.955,1.875
-2.953,0.367
-2.973,3.456
-2.96,1.654
-3.023,1.642
-3.05,2.095
2.915,-0.366
2.367,-0.018
2.338,-0.123
2.35,-0.037
2.176,-0.42
0.659,0.059
0.333,-0.163
0.115,-0.09
-0.167,-0.082
-0.433,-0.401
-0.641,-0.319
-0.71,-0.379
-1.053,-0.143
-1.156,-0.189
-1.252,-0.491
-1.806,-0.173
-2.157,-0.217
-2.283,-0.247
-2.486,-0.35
-2.433,-0.12
-2.554,-0.379
-2.98,-0.362
3.119,3.992
3.114,4.158
2.61,4.357
2.171,4.287
1.992,4.107
1.097,4.431
0.795,4.134
0.804,4.331
0.722,4.407
0.595,4.447
0.445,4.049
0.516,4.112
0.262,4.346
0.19,4.476
0.077,4.371
-0.009,4.055
-0.296,4.464
-0.641,4.245
-0.926,4.393
-1.561,4.13
-1.886,4.202
-1.947,4.237
-2.302,4.093
-2.672,4.418
-2.661,4.359
-2.924,4.29
2.472,1.053
1.977,1.561
1.335,3.582
0.354,0.654
-0.964,2.638
-1.672,3.621
0.577,-0.365
3.039,4.319
-3.029,3.891
3.101,2.114
3.014,3.903
2.887,3.563
2.967,0.458
2.979,2.306
2.737,2.081
2.72,3.464
2.667,4.016
2.537,1.089
2.427,2.342
2.513,1.846
2.509,2.455
2.461,2.778
2.393,2.068
2.366,2.453
2.307,2.96
2.213,3.104
2.017,3.87
1.993,3.583
2.073,3.762
2.009,0.878
1.802,3.512
1.654,2.372
1.569,1.293
1.525,0.245
1.652,0.47
1.435,0.12
1.427,1.057
1.414,1.11
1.521,3.057
1.482,1.997
1.378,1.642
1.303,1.481
1.311,3.073
1.302,0.029
1.103,1.284
1.215,1.498
1.176,0.984
0.992,3.903
1.046,1.667
0.978,3.993
0.731,3.732
0.572,2.042
0.532,1.275
0.386,0.249
0.465,1.487
0.273,2.096
0.355,0.167
0.334,1.309
0.173,1.562
0.245,1.654
0.137,3.57
0.128,0.504
0.115,3.295
0.086,2.113
0.02,1.551
0.031,1.037
0.062,2.192
-0.015,2.887
-0.408,1.788
-0.38,1.758
-0.484,1.142
-0.418,0.449
-0.442,3.367
-0.658,3.484
-0.563,0.049
-0.699,0.522
-0.709,0.342
-0.639,2.719
-0.637,3.742
-0.827,3.598
-0.745,3.283
-0.918,1.631
-0.936,0.359
-0.917,1.467
-0.944,2.241
-1.073,3.955
-1.122,3.481
-1.003,2.069
-1.14,1.267
-1.165,1.062
-1.246,3.772
-1.627,4.047
-1.62,0.992
-1.927,1.271
-1.856,2.553
-1.945,2.106
-2.162,3.54
-2.053,0.984
-2.258,1.274
-2.278,1.231
-2.729,2.124
-2.657,2.505
-2.835,3.003
-2.846,3.401
-2.799,1.544
-3.007,2.94
-2.844,0.697
-3.086,0.787
-3.088,0.122
2.717,-0.089
2.142,-0.238
2.014,-0.131
1.507,-0.163
0.927,-0.304
0.917,-0.267
0.554,0.01
-0.155,-0.198
-0.315,-0.337
-0.255,-0.236
-0.479,-0.174
-0.658,-0.323
-0.947,-0.348
-1.251,-0.135
-1.626,-0.297
-1.873,-0.1
-2.261,-0.206
-2.652,-0.275
-3.075,4.204
3.052,4.383
2.979,4.381
3.075,4.379
3.037,4.304
2.129,4.333
0.332,4.187
0.232,4.163
0.075,4.27
-0.608,3.992
-1.23,4.286
-1.765,4.095
2.062,3.439
1.912,3.662
1.912,0.944
1.745,3.804
-1.087,2.675
-1.635,3.458
-1.77,3.462
0.341,1.15
-0.176,1.181
-1.332,2.683
-1.328,2.788
-2.355,2.305
-2.342,3.109
-2.499,2.272
-2.494,3.275
2.728,0.923
2.729,1.93
0.361,2.082
2.83,4.086
-1.384,0.175
-1.512,4.188
-0.051,0.224
-0.075,0.14
-0.01,-1.102
-0.041,0.743
-0.036,-1.468
-0.045,1.991
-0.143,1.781
-0.156,2.228
-0.143,-1.436
-0.24,0.161
-0.199,2.124
-0.233,0.712
-0.288,1.929
-0.289,1.528
-0.314,-1.46
-0.309,0.733
-0.264,0.427
-0.352,0.074
-0.413,-0.448
-0.356,-0.322
-0.417,1.602
-0.514,1.177
-0.457,-0.725
-0.536,0.199
-0.584,1.048
-0.678,0.498
-0.61,-1.544
-0.66,-0.397
-0.701,1.741
-0.777,0.209
-0.819,-1.309
-0.82,0.376
-0.79,-1.093
-0.783,-1.126
-0.955,1.056
-0.926,0.481
-1.011,0.575
-1.018,-1.137
-1.008,-0.054
-1.063,-0.414
-1.232,2.187
-1.174,-1.244
-1.236,-1.364
-1.306,-1.61
-1.241,2.131
-1.352,-0.708
-1.384,2.271
-1.383,-0.179
-1.413,-0.352
-1.578,2.296
-1.683,-0.143
-1.622,-1.191
-1.654,-0.43
-1.687,-0.655
-1.831,-1.374
-1.888,0.183
-1.973,2.016
-2.009,2.315
-2.014,-0.206
-2.124,1.029
-2.092,-1.126
-2.155,-0.854
-2.145,-1.575
-2.149,1.687
-2.207,1.902
-2.194,2.263
-2.382,-1.568
-2.64,-0.962
-2.732,-0.678
-2.737,0.908
-2.722,0.482
-2.745,2.179
-2.754,0.956
-2.819,2.163
-2.783,-0.766
-2.782,1.098
-2.853,0.899
-2.938,0.205
-2.939,1.585
-2.993,0.233
-2.991,-1.275
-3.011,1.814
-2.998,0.012
-3.061,0.0
-3.088,0.453
2.877,-2.008
2.329,-1.66
2.3,-1.765
2.312,-1.679
2.138,-2.062
0.621,-1.583
0.295,-1.805
0.077,-1.732
-0.205,-1.724
-0.471,-2.043
-0.679,-1.961
-0.748,-2.021
-1.091,-1.785
-1.194,-1.831
-1.29,-2.133
-1.844,-1.815
-2.195,-1.859
-2.321,-1.889
-2.524,-1.992
-2.471,-1.762
-2.592,-2.021
-3.018,-2.004
3.081,2.35
3.076,2.516
2.572,2.715
2.133,2.645
1.954,2.465
1.059,2.789
0.757,2.492
0.766,2.689
0.684,2.765
0.557,2.805
0.407,2.407
0.478,2.47
0.224,2.704
0.152,2.834
0.039,2.729
-0.047,2.413
-0.334,2.822
-0.679,2.603
-0.964,2.751
-1.599,2.488
-1.924,2.56
-1.985,2.595
-2.34,2.451
-2.71,2.776
-2.699,2.717
-2.962,2.648
2.434,-0.589
1.939,-0.081
1.297,1.94
0.316,-0.988
-1.002,0.996
-1.71,1.979
0.539,-2.007
3.001,2.677
-3.067,2.249
3.063,0.472
2.976,2.261
2.849,1.921
2.929,-1.184
2.941,0.664
2.699,0.439
2.682,1.822
2.629,2.374
2.499,-0.553
2.389,0.7
2.475,0.204
2.471,0.813
2.423,1.136
2.355,0.426
2.328,0.811
2.269,1.318
2.175,1.462
1.979,2.228
1.955,1.941
2.035,2.12
1.971,-0.764
1.764,1.87
1.616,0.73
1.531,-0.349
1.487,-1.397
1.614,-1.172
1.397,-1.522
1.389,-0.585
1.376,-0.532
1.483,1.415
1.444,0.355
1.34,0.0
1.265,-0.161
1.273,1.431
1.264,-1.613
1.065,-0.358
1.177,-0.144
1.138,-0.658
0.954,2.261
1.008,0.025
0.94,2.351
0.693,2.09
0.534,0.4
0.494,-0.367
0.348,-1.393
0.427,-0.155
0.235,0.454
0.317,-1.475
0.296,-0.333
0.135,-0.08
0.207,0.012
0.099,1.928
0.09,-1.138
0.077,1.653
0.048,0.471
-0.018,-0.091
-0.007,-0.605
0.024,0.55
-0.053,1.245
-0.446,0.146
-0.418,0.116
-0.522,-0.5
-0.456,-1.193
-0.48,1.725
-0.696,1.842
-0.601,-1.593
-0.737,-1.12
-0.747,-1.3
-0.677,1.077
-0.675,2.1
-0.865,1.956
-0.783,1.641
-0.956,-0.011
-0.974,-1.283
-0.955,-0.175
-0.982,0.599
-1.111,2.313
-1.16,1.839
-1.041,0.427
-1.178,-0.375
-1.203,-0.58
-1.284,2.13
-1.665,2.405
-1.658,-0.65
-1.965,-0.371
-1.894,0.911
-1.983,0.464
-2.2,1.898
-2.091,-0.658
-2.296,-0.368
-2.316,-0.411
-2.767,0.482
-2.695,0.863
-2.873,1.361
-2.884,1.759
-2.837,-0.098
-3.045,1.298
-2.882,-0.945
-3.124,-0.855
-3.126,-1.52
2.679,-1.731
2.104,-1.88
1.976,-1.773
1.469,-1.805
0.889,-1.946
0.879,-1.909
0.516,-1.632
-0.193,-1.84
-0.353,-1.979
-0.293,-1.878
-0.517,-1.816
-0.696,-1.965
-0.985,-1.99
-1.289,-1.777
-1.664,-1.939
-1.911,-1.742
-2.299,-1.848
-2.69,-1.917
-3.113,2.562
3.014,2.741
2.941,2.739
3.037,2.737
2.999,2.662
2.091,2.691
0.294,2.545
0.194,2.521
0.037,2.628
-0.646,2.35
-1.268,2.644
-1.803,2.453
2.024,1.797
1.874,2.02
1.874,-0.698
1.707,2.162
-1.125,1.033
-1.673,1.816
-1.808,1.82
0.303,-0.492
-0.214,-0.461
-1.37,1.041
-1.366,1.146
-2.393,0.663
-2.38,1.467
-2.537,0.63
-2.532,1.633
2.69,-0.719
2.691,0.288
0.323,0.44
2.792,2.444
-1.422,-1.467
-1.55,2.546
-0.024,-0.084
0.041,-1.326
0.01,0.519
0.015,-1.692
0.006,1.767
-0.092,1.557
-0.105,2.004
-0.092,-1.66
-0.189,-0.063
-0.148,1.9
-0.182,0.488
-0.237,1.705
-0.238,1.304
-0.263,-1.684
-0.258,0.509
-0.213,0.203
-0.301,-0.15
-0.362,-0.672
-0.305,-0.546
-0.366,1.378
-0.463,0.953
-0.406,-0.949
-0.485,-0.025
-0.533,0.824
-0.627,0.274
-0.559,-1.768
-0.609,-0.621
-0.65,1.517
-0.726,-0.015
-0.768,-1.533
-0.769,0.152
-0.739,-1.317
-0.732,-1.35
-0.904,0.832
-0.875,0.257
-0.96,0.351
-0.967,-1.361
-0.957,-0.278
-1.012,-0.638
-1.181,1.963
-1.123,-1.468
-1.185,-1.588
-1.255,-1.834
-1.19,1.907
-1.301,-0.932
-1.333,2.047
-1.332,-0.403
-1.362,-0.576
-1.527,2.072
-1.632,-0.367
-1.571,-1.415
-1.603,-0.654
-1.636,-0.879
-1.78,-1.598
-1.837,-0.041
-1.922,1.792
-1.958,2.091
-1.963,-0.43
-2.073,0.805
-2.041,-1.35
-2.104,-1.078
-2.094,-1.799
-2.098,1.463
-2.156,1.678
-2.143,2.039
-2.331,-1.792
-2.589,-1.186
-2.681,-0.902
-2.686,0.684
-2.671,0.258
-2.694,1.955
-2.703,0.732
-2.768,1.939
-2.732,-0.99
-2.731,0.874
-2.802,0.675
-2.887,-0.019
-2.888,1.361
-2.942,0.009
-2.94,-1.499
-2.96,1.59
-2.947,-0.212
-3.01,-0.224
-3.037,0.229
2.928,-2.232
2.38,-1.884
2.351,-1.989
2.363,-1.903
2.189,-2.286
0.672,-1.807
0.346,-2.029
0.128,-1.956
-0.154,-1.948
-0.42,-2.267
-0.628,-2.185
-0.697,-2.245
-1.04,-2.009
-1.143,-2.055
-1.239,-2.357
-1.793,-2.039
-2.144,-2.083
-2.27,-2.113
-2.473,-2.216
-2.42,-1.986
-2.541,-2.245
-2.967,-2.228
3.132,2.126
3.127,2.292
2.623,2.491
2.184,2.421
2.005,2.241
1.11,2.565
0.808,2.268
0.817,2.465
0.735,2.541
0.608,2.581
0.458,2.183
0.529,2.246
0.275,2.48
0.203,2.61
0.09,2.505
0.004,2.189
-0.283,2.598
-0.628,2.379
-0.913,2.527
-1.548,2.264
-1.873,2.336
-1.934,2.371
-2.289,2.227
-2.659,2.552
-2.648,2.493
-2.911,2.424
2.485,-0.813
1.99,-0.305
1.348,1.716
0.367,-1.212
-0.951,0.772
-1.659,1.755
0.59,-2.231
3.052,2.453
-3.016,2.025
3.114,0.248
3.027,2.037
2.9,1.697
2.98,-1.408
2.992,0.44
2.75,0.215
2.733,1.598
2.68,2.15
2.55,-0.777
2.44,0.476
2.526,-0.02
2.522,0.589
2.474,0.912
2.406,0.202
2.379,0.587
2.32,1.094
2.226,1.238
2.03,2.004
2.006,1.717
2.086,1.896
2.022,-0.988
1.815,1.646
1.667,0.506
1.582,-0.573
1.538,-1.621
1.665,-1.396
1.448,-1.746
1.44,-0.809
1.427,-0.756
1.534,1.191
1.495,0.131
1.391,-0.224
1.316,-0.385
1.324,1.207
1.315,-1.837
1.116,-0.582
1.228,-0.368
1.189,-0.882
1.005,2.037
1.059,-0.199
0.991,2.127
0.744,1.866
0.585,0.176
0.545,-0.591
0.399,-1.617
0.478,-0.379
0.286,0.23
0.368,-1.699
0.347,-0.557
0.186,-0.304
0.258,-0.212
0.15,1.704
0.141,-1.362
0.128,1.429
0.099,0.247
0.033,-0.315
0.044,-0.829
0.075,0.326
-0.002,1.021
-0.395,-0.078
-0.367,-0.108
-0.471,-0.724
-0.405,-1.417
-0.429,1.501
-0.645,1.618
-0.55,-1.817
-0.686,-1.344
-0.696,-1.524
-0.626,0.853
-0.624,1.876
-0.814,1.732
-0.732,1.417
-0.905,-0.235
-0.923,-1.507
-0.904,-0.399
-0.931,0.375
-1.06,2.089
-1.109,1.615
-0.99,0.203
-1.127,-0.599
-1.152,-0.804
-1.233,1.906
-1.614,2.181
-1.607,-0.874
-1.914,-0.595
-1.843,0.687
-1.932,0.24
-2.149,1.674
-2.04,-0.882
-2.245,-0.592
-2.265,-0.635
-2.716,0.258
-2.644,0.639
-2.822,1.137
-2.833,1.535
-2.786,-0.322
-2.994,1.074
-2.831,-1.169
-3.073,-1.079
-3.075,-1.744
2.73,-1.955
2.155,-2.104
2.027,-1.997
1.52,-2.029
0.94,-2.17
0.93,-2.133
0.567,-1.856
-0.142,-2.064
-0.302,-2.203
-0.242,-2.102
-0.466,-2.04
-0.645,-2.189
-0.934,-2.214
-1.238,-2.001
-1.613,-2.163
-1.86,-1.966
-2.248,-2.072
-2.639,-2.141
-3.062,2.338
3.065,2.517
2.992,2.515
3.088,2.513
3.05,2.438
2.142,2.467
0.345,2.321
0.245,2.297
0.088,2.404
-0.595,2.126
-1.217,2.42
-1.752,2.229
2.075,1.573
1.925,1.796
1.925,-0.922
1.758,1.938
-1.074,0.809
-1.622,1.592
-1.757,1.596
0.354,-0.716
-0.163,-0.685
-1.319,0.817
-1.315,0.922
-2.342,0.439
-2.329,1.243
-2.486,0.406
-2.481,1.409
2.741,-0.943
2.742,0.064
0.374,0.216
2.843,2.22
-1.371,-1.691
-1.499,2.322
0.065,-1.242
0.034,0.603
0.039,-1.608
0.03,1.851
-0.068,1.641
-0.081,2.088
-0.068,-1.576
-0.165,0.021
-0.124,1.984
-0.158,0.572
-0.213,1.789
-0.214,1.388
-0.239,-1.6
-0.234,0.593
-0.189,0.287
-0.277,-0.066
-0.338,-0.588
-0.281,-0.462
-0.342,1.462
-0.439,1.037
-0.382,-0.865
-0.461,0.059
-0.509,0.908
-0.603,0.358
-0.535,-1.684
-0.585,-0.537
-0.626,1.601
-0.702,0.069
-0.744,-1.449
-0.745,0.236
-0.715,-1.233
-0.708,-1.266
-0.88,0.916
-0.851,0.341
-0.936,0.435
-0.943,-1.277
-0.933,-0.194
-0.988,-0.554
-1.157,2.047
-1.099,-1.384
-1.161,-1.504
-1.231,-1.75
-1.166,1.991
-1.277,-0.848
-1.309,2.131
-1.308,-0.319
-1.338,-0.492
-1.503,2.156
-1.608,-0.283
-1.547,-1.331
-1.579,-0.57
-1.612,-0.795
-1.756,-1.514
-1.813,0.043
-1.898,1.876
-1.934,2.175
-1.939,-0.346
-2.049,0.889
-2.017,-1.266
-2.08,-0.994
-2.07,-1.715
-2.074,1.547
-2.132,1.762
-2.119,2.123
-2.307,-1.708
-2.565,-1.102
-2.657,-0.818
-2.662,0.768
-2.647,0.342
-2.67,2.039
-2.679,0.816
-2.744,2.023
-2.708,-0.906
-2.707,0.958
-2.778,0.759
-2.863,0.065
-2.864,1.445
-2.918,0.093
-2.916,-1.415
-2.936,1.674
-2.923,-0.128
-2.986,-0.14
-3.013,0.313
2.952,-2.148
2.404,-1.8
2.375,-1.905
2.387,-1.819
2.213,-2.202
0.696,-1.723
0.37,-1.945
0.152,-1.872
-0.13,-1.864
-0.396,-2.183
-0.604,-2.101
-0.673,-2.161
-1.016,-1.925
-1.119,-1.971
-1.215,-2.273
-1.769,-1.955
-2.12,-1.999
-2.246,-2.029
-2.449,-2.132
-2.396,-1.902
-2.517,-2.161
-2.943,-2.144
-3.127,2.21
-3.132,2.376
2.647,2.575
2.208,2.505
2.029,2.325
1.134,2.649
0.832,2.352
0.841,2.549
0.759,2.625
0.632,2.665
0.482,2.267
0.553,2.33
0.299,2.564
0.227,2.694
0.114,2.589
0.028,2.273
-0.259,2.682
-0.604,2.463
-0.889,2.611
-1.524,2.348
-1.849,2.42
-1.91,2.455
-2.265,2.311
-2.635,2.636
-2.624,2.577
-2.887,2.508
2.509,-0.729
2.014,-0.221
1.372,1.8
0.391,-1.128
-0.927,0.856
-1.635,1.839
0.614,-2.147
3.076,2.537
-2.992,2.109
3.138,0.332
3.051,2.121
2.924,1.781
3.004,-1.324
3.016,0.524
2.774,0.299
2.757,1.682
2.704,2.234
2.574,-0.693
2.464,0.56
2.55,0.064
2.546,0.673
2.498,0.996
2.43,0.286
2.403,0.671
2.344,1.178
2.25,1.322
2.054,2.088
2.03,1.801
2.11,1.98
2.046,-0.904
1.839,1.73
1.691,0.59
1.606,-0.489
1.562,-1.537
1.689,-1.312
1.472,-1.662
1.464,-0.725
1.451,-0.672
1.558,1.275
1.519,0.215
1.415,-0.14
1.34,-0.301
1.348,1.291
1.339,-1.753
1.14,-0.498
1.252,-0.284
1.213,-0.798
1.029,2.121
1.083,-0.115
1.015,2.211
0.768,1.95
0.609,0.26
0.569,-0.507
0.423,-1.533
0.502,-0.295
0.31,0.314
0.392,-1.615
0.371,-0.473
0.21,-0.22
0.282,-0.128
0.174,1.788
0.165,-1.278
0.152,1.513
0.123,0.331
0.057,-0.231
0.068,-0.745
0.099,0.41
0.022,1.105
-0.371,0.006
-0.343,-0.024
-0.447,-0.64
-0.381,-1.333
-0.405,1.585
-0.621,1.702
-0.526,-1.733
-0.662,-1.26
-0.672,-1.44
-0.602,0.937
-0.6,1.96
-0.79,1.816
-0.708,1.501
-0.881,-0.151
-0.899,-1.423
-0.88,-0.315
-0.907,0.459
-1.036,2.173
-1.085,1.699
-0.966,0.287
-1.103,-0.515
-1.128,-0.72
-1.209,1.99
-1.59,2.265
-1.583,-0.79
-1.89,-0.511
-1.819,0.771
-1.908,0.324
-2.125,1.758
-2.016,-0.798
-2.221,-0.508
-2.241,-0.551
-2.692,0.342
-2.62,0.723
-2.798,1.221
-2.809,1.619
-2.762,-0.238
-2.97,1.158
-2.807,-1.085
-3.049,-0.995
-3.051,-1.66
2.754,-1.871
2.179,-2.02
2.051,-1.913
1.544,-1.945
0.964,-2.086
0.954,-2.049
0.591,-1.772
-0.118,-1.98
-0.278,-2.119
-0.218,-2.018
-0.442,-1.956
-0.621,-2.105
-0.91,-2.13
-1.214,-1.917
-1.589,-2.079
-1.836,-1.882
-2.224,-1.988
-2.615,-2.057
-3.038,2.422
3.089,2.601
3.016,2.599
3.112,2.597
3.074,2.522
2.166,2.551
0.369,2.405
0.269,2.381
0.112,2.488
-0.571,2.21
-1.193,2.504
-1.728,2.313
2.099,1.657
1.949,1.88
1.949,-0.838
1.782,2.022
-1.05,0.893
-1.598,1.676
-1.733,1.68
0.378,-0.632
-0.139,-0.601
-1.295,0.901
-1.291,1.006
-2.318,0.523
-2.305,1.327
-2.462,0.49
-2.457,1.493
2.765,-0.859
2.766,0.148
0.398,0.3
2.867,2.304
-1.347,-1.607
-1.475,2.406
-0.031,1.845
-0.026,-0.366
-0.035,3.093
-0.133,2.883
-0.146,3.33
-0.133,-0.334
-0.23,1.263
-0.189,3.226
-0.223,1.814
-0.278,3.031
-0.279,2.63
-0.304,-0.358
-0.299,1.835
-0.254,1.529
-0.342,1.176
-0.403,0.654
-0.346,0.78
-0.407,2.704
-0.504,2.279
-0.447,0.377
-0.526,1.301
-0.574,2.15
-0.668,1.6
-0.6,-0.442
-0.65,0.705
-0.691,2.843
-0.767,1.311
-0.809,-0.207
-0.81,1.478
-0.78,0.009
-0.773,-0.024
-0.945,2.158
-0.916,1.583
-1.001,1.677
-1.008,-0.035
-0.998,1.048
-1.053,0.688
-1.222,3.289
-1.164,-0.142
-1.226,-0.262
-1.296,-0.508
-1.231,3.233
-1.342,0.394
-1.374,3.373
-1.373,0.923
-1.403,0.75
-1.568,3.398
-1.673,0.959
-1.612,-0.089
-1.644,0.672
-1.677,0.447
-1.821,-0.272
-1.878,1.285
-1.963,3.118
-1.999,3.417
-2.004,0.896
-2.114,2.131
-2.082,-0.024
-2.145,0.248
-2.135,-0.473
-2.139,2.789
-2.197,3.004
-2.184,3.365
-2.372,-0.466
-2.63,0.14
-2.722,0.424
-2.727,2.01
-2.712,1.584
-2.735,3.281
-2.744,2.058
-2.809,3.265
-2.773,0.336
-2.772,2.2
-2.843,2.001
-2.928,1.307
-2.929,2.687
-2.983,1.335
-2.981,-0.173
-3.001,2.916
-2.988,1.114
-3.051,1.102
-3.078,1.555
2.887,-0.906
2.339,-0.558
2.31,-0.663
2.322,-0.577
2.148,-0.96
0.631,-0.481
0.305,-0.703
0.087,-0.63
-0.195,-0.622
-0.461,-0.941
-0.669,-0.859
-0.738,-0.919
-1.081,-0.683
-1.184,-0.729
-1.28,-1.031
-1.834,-0.713
-2.185,-0.757
-2.311,-0.787
-2.514,-0.89
-2.461,-0.66
-2.582,-0.919
-3.008,-0.902
3.091,3.452
3.086,3.618
2.582,3.817
2.143,3.747
1.964,3.567
1.069,3.891
0.767,3.594
0.776,3.791
0.694,3.867
0.567,3.907
0.417,3.509
0.488,3.572
0.234,3.806
0.162,3.936
0.049,3.831
-0.037,3.515
-0.324,3.924
-0.669,3.705
-0.954,3.853
-1.589,3.59
-1.914,3.662
-1.975,3.697
-2.33,3.553
-2.7,3.878
-2.689,3.819
-2.952,3.75
2.444,0.513
1.949,1.021
1.307,3.042
0.326,0.114
-0.992,2.098
-1.7,3.081
0.549,-0.905
3.011,3.779
-3.057,3.351
3.073,1.574
2.986,3.363
2.859,3.023
2.939,-0.082
2.951,1.766
2.709,1.541
2.692,2.924
2.639,3.476
2.509,0.549
2.399,1.802
2.485,1.306
2.481,1.915
2.433,2.238
2.365,1.528
2.338,1.913
2.279,2.42
2.185,2.564
1.989,3.33
1.965,3.043
2.045,3.222
1.981,0.338
1.774,2.972
1.626,1.832
1.541,0.753
1.497,-0.295
1.624,-0.07
1.407,-0.42
1.399,0.517
1.386,0.57
1.493,2.517
1.454,1.457
1.35,1.102
1.275,0.941
1.283,2.533
1.274,-0.511
1.075,0.744
1.187,0.958
1.148,0.444
0.964,3.363
1.018,1.127
0.95,3.453
0.703,3.192
0.544,1.502
0.504,0.735
0.358,-0.291
0.437,0.947
0.245,1.556
0.327,-0.373
0.306,0.769
0.145,1.022
0.217,1.114
0.109,3.03
0.1,-0.036
0.087,2.755
0.058,1.573
-0.008,1.011
0.003,0.497
0.034,1.652
-0.043,2.347
-0.436,1.248
-0.408,1.218
-0.512,0.602
-0.446,-0.091
-0.47,2.827
-0.686,2.944
-0.591,-0.491
-0.727,-0.018
-0.737,-0.198
-0.667,2.179
-0.665,3.202
-0.855,3.058
-0.773,2.743
-0.946,1.091
-0.964,-0.181
-0.945,0.927
-0.972,1.701
-1.101,3.415
-1.15,2.941
-1.031,1.529
-1.168,0.727
-1.193,0.522
-1.274,3.232
-1.655,3.507
-1.648,0.452
-1.955,0.731
-1.884,2.013
-1.973,1.566
-2.19,3.0
-2.081,0.444
-2.286,0.734
-2.306,0.691
-2.757,1.584
-2.685,1.965
-2.863,2.463
-2.874,2.861
-2.827,1.004
-3.035,2.4
-2.872,0.157
-3.114,0.247
-3.116,-0.418
2.689,-0.629
2.114,-0.778
1.986,-0.671
1.479,-0.703
0.899,-0.844
0.889,-0.807
0.526,-0.53
-0.183,-0.738
-0.343,-0.877
-0.283,-0.776
-0.507,-0.714
-0.686,-0.863
-0.975,-0.888
-1.279,-0.675
-1.654,-0.837
-1.901,-0.64
-2.289,-0.746
-2.68,-0.815
-3.103,3.664
3.024,3.843
2.951,3.841
3.047,3.839
3.009,3.764
2.101,3.793
0.304,3.647
0.204,3.623
0.047,3.73
-0.636,3.452
-1.258,3.746
-1.793,3.555
2.034,2.899
1.884,3.122
1.884,0.404
1.717,3.264
-1.115,2.135
-1.663,2.918
-1.798,2.922
0.313,0.61
-0.204,0.641
-1.36,2.143
-1.356,2.248
-2.383,1.765
-2.37,2.569
-2.527,1.732
-2.522,2.735
2.7,0.383
2.701,1.39
0.333,1.542
2.802,3.546
-1.412,-0.365
-1.54,3.648
0.005,-2.211
-0.004,1.248
-0.102,1.038
-0.115,1.485
-0.102,-2.179
-0.199,-0.582
-0.158,1.381
-0.192,-0.031
-0.247,1.186
-0.248,0.785
-0.273,-2.203
-0.268,-0.01
-0.223,-0.316
-0.311,-0.669
-0.372,-1.191
-0.315,-1.065
-0.376,0.859
-0.473,0.434
-0.416,-1.468
-0.495,-0.544
-0.543,0.305
-0.637,-0.245
-0.569,-2.287
-0.619,-1.14
-0.66,0.998
-0.736,-0.534
-0.778,-2.052
-0.779,-0.367
-0.749,-1.836
-0.742,-1.869
-0.914,0.313
-0.885,-0.262
-0.97,-0.168
-0.977,-1.88
-0.967,-0.797
-1.022,-1.157
-1.191,1.444
-1.133,-1.987
-1.195,-2.107
-1.265,-2.353
-1.2,1.388
-1.311,-1.451
-1.343,1.528
-1.342,-0.922
-1.372,-1.095
-1.537,1.553
-1.642,-0.886
-1.581,-1.934
-1.613,-1.173
-1.646,-1.398
-1.79,-2.117
-1.847,-0.56
-1.932,1.273
-1.968,1.572
-1.973,-0.949
-2.083,0.286
-2.051,-1.869
-2.114,-1.597
-2.104,-2.318
-2.108,0.944
-2.166,1.159
-2.153,1.52
-2.341,-2.311
-2.599,-1.705
-2.691,-1.421
-2.696,0.165
-2.681,-0.261
-2.704,1.436
-2.713,0.213
-2.778,1.42
-2.742,-1.509
-2.741,0.355
-2.812,0.156
-2.897,-0.538
-2.898,0.842
-2.952,-0.51
-2.95,-2.018
-2.97,1.071
-2.957,-0.731
-3.02,-0.743
-3.047,-0.29
2.918,-2.751
2.37,-2.403
2.341,-2.508
2.353,-2.422
2.179,-2.805
0.662,-2.326
0.336,-2.548
0.118,-2.475
-0.164,-2.467
-0.43,-2.786
-0.638,-2.704
-0.707,-2.764
-1.05,-2.528
-1.153,-2.574
-1.249,-2.876
-1.803,-2.558
-2.154,-2.602
-2.28,-2.632
-2.483,-2.735
-2.43,-2.505
-2.551,-2.764
-2.977,-2.747
3.122,1.607
3.117,1.773
2.613,1.972
2.174,1.902
1.995,1.722
1.1,2.046
0.798,1.749
0.807,1.946
0.725,2.022
0.598,2.062
0.448,1.664
0.519,1.727
0.265,1.961
0.193,2.091
0.08,1.986
-0.006,1.67
-0.293,2.079
-0.638,1.86
-0.923,2.008
-1.558,1.745
-1.883,1.817
-1.944,1.852
-2.299,1.708
-2.669,2.033
-2.658,1.974
-2.921,1.905
2.475,-1.332
1.98,-0.824
1.338,1.197
0.357,-1.731
-0.961,0.253
-1.669,1.236
0.58,-2.75
3.042,1.934
-3.026,1.506
3.104,-0.271
3.017,1.518
2.89,1.178
2.97,-1.927
2.982,-0.079
2.74,-0.304
2.723,1.079
2.67,1.631
2.54,-1.296
2.43,-0.043
2.516,-0.539
2.512,0.07
2.464,0.393
2.396,-0.317
2.369,0.068
2.31,0.575
2.216,0.719
2.02,1.485
1.996,1.198
2.076,1.377
2.012,-1.507
1.805,1.127
1.657,-0.013
1.572,-1.092
1.528,-2.14
1.655,-1.915
1.438,-2.265
1.43,-1.328
1.417,-1.275
1.524,0.672
1.485,-0.388
1.381,-0.743
1.306,-0.904
1.314,0.688
1.305,-2.356
1.106,-1.101
1.218,-0.887
1.179,-1.401
0.995,1.518
1.049,-0.718
0.981,1.608
0.734,1.347
0.575,-0.343
0.535,-1.11
0.389,-2.136
0.468,-0.898
0.276,-0.289
0.358,-2.218
0.337,-1.076
0.176,-0.823
0.248,-0.731
0.14,1.185
0.131,-1.881
0.118,0.91
0.089,-0.272
0.023,-0.834
0.034,-1.348
0.065,-0.193
-0.012,0.502
-0.405,-0.597
-0.377,-0.627
-0.481,-1.243
-0.415,-1.936
-0.439,0.982
-0.655,1.099
-0.56,-2.336
-0.696,-1.863
-0.706,-2.043
-0.636,0.334
-0.634,1.357
-0.824,1.213
-0.742,0.898
-0.915,-0.754
-0.933,-2.026
-0.914,-0.918
-0.941,-0.144
-1.07,1.57
-1.119,1.096
-1.0,-0.316
-1.137,-1.118
-1.162,-1.323
-1.243,1.387
-1.624,1.662
-1.617,-1.393
-1.924,-1.114
-1.853,0.168
-1.942,-0.279
-2.159,1.155
-2.05,-1.401
-2.255,-1.111
-2.275,-1.154
-2.726,-0.261
-2.654,0.12
-2.832,0.618
-2.843,1.016
-2.796,-0.841
-3.004,0.555
-2.841,-1.688
-3.083,-1.598
-3.085,-2.263
2.72,-2.474
2.145,-2.623
2.017,-2.516
1.51,-2.548
0.93,-2.689
0.92,-2.652
0.557,-2.375
-0.152,-2.583
-0.312,-2.722
-0.252,-2.621
-0.476,-2.559
-0.655,-2.708
-0.944,-2.733
-1.248,-2.52
-1.623,-2.682
-1.87,-2.485
-2.258,-2.591
-2.649,-2.66
-3.072,1.819
3.055,1.998
2.982,1.996
3.078,1.994
3.04,1.919
2.132,1.948
0.335,1.802
0.235,1.778
0.078,1.885
-0.605,1.607
-1.227,1.901
-1.762,1.71
2.065,1.054
1.915,1.277
1.915,-1.441
1.748,1.419
-1.084,0.29
-1.632,1.073
-1.767,1.077
0.344,-1.235
-0.173,-1.204
-1.329,0.298
-1.325,0.403
-2.352,-0.08
-2.339,0.724
-2.496,-0.113
-2.491,0.89
2.731,-1.462
2.732,-0.455
0.364,-0.303
2.833,1.701
-1.381,-2.21
-1.509,1.803
-0.009,3.459
-0.107,3.249
-0.12,3.696
-0.107,0.032
-0.204,1.629
-0.163,3.592
-0.197,2.18
-0.252,3.397
-0.253,2.996
-0.278,0.008
-0.273,2.201
-0.228,1.895
-0.316,1.542
-0.377,1.02
-0.32,1.146
-0.381,3.07
-0.478,2.645
-0.421,0.743
-0.5,1.667
-0.548,2.516
-0.642,1.966
-0.574,-0.076
-0.624,1.071
-0.665,3.209
-0.741,1.677
-0.783,0.159
-0.784,1.844
-0.754,0.375
-0.747,0.342
-0.919,2.524
-0.89,1.949
-0.975,2.043
-0.982,0.331
-0.972,1.414
-1.027,1.054
-1.196,3.655
-1.138,0.224
-1.2,0.104
-1.27,-0.142
-1.205,3.599
-1.316,0.76
-1.348,3.739
-1.347,1.289
-1.377,1.116
-1.542,3.764
-1.647,1.325
-1.586,0.277
-1.618,1.038
-1.651,0.813
-1.795,0.094
-1.852,1.651
-1.937,3.484
-1.973,3.783
-1.978,1.262
-2.088,2.497
-2.056,0.342
-2.119,0.614
-2.109,-0.107
-2.113,3.155
-2.171,3.37
-2.158,3.731
-2.346,-0.1
-2.604,0.506
-2.696,0.79
-2.701,2.376
-2.686,1.95
-2.709,3.647
-2.718,2.424
-2.783,3.631
-2.747,0.702
-2.746,2.566
-2.817,2.367
-2.902,1.673
-2.903,3.053
-2.957,1.701
-2.955,0.193
-2.975,3.282
-2.962,1.48
-3.025,1.468
-3.052,1.921
2.913,-0.54
2.365,-0.192
2.336,-0.297
2.348,-0.211
2.174,-0.594
0.657,-0.115
0.331,-0.337
0.113,-0.264
-0.169,-0.256
-0.435,-0.575
-0.643,-0.493
-0.712,-0.553
-1.055,-0.317
-1.158,-0.363
-1.254,-0.665
-1.808,-0.347
-2.159,-0.391
-2.285,-0.421
-2.488,-0.524
-2.435,-0.294
-2.556,-0.553
-2.982,-0.536
3.117,3.818
3.112,3.984
2.608,4.183
2.169,4.113
1.99,3.933
1.095,4.257
0.793,3.96
0.802,4.157
0.72,4.233
0.593,4.273
0.443,3.875
0.514,3.938
0.26,4.172
0.188,4.302
0.075,4.197
-0.011,3.881
-0.298,4.29
-0.643,4.071
-0.928,4.219
-1.563,3.956
-1.888,4.028
-1.949,4.063
-2.304,3.919
-2.674,4.244
-2.663,4.185
-2.926,4.116
2.47,0.879
1.975,1.387
1.333,3.408
0.352,0.48
-0.966,2.464
-1.674,3.447
0.575,-0.539
3.037,4.145
-3.031,3.717
3.099,1.94
3.012,3.729
2.885,3.389
2.965,0.284
2.977,2.132
2.735,1.907
2.718,3.29
2.665,3.842
2.535,0.915
2.425,2.168
2.511,1.672
2.507,2.281
2.459,2.604
2.391,1.894
2.364,2.279
2.305,2.786
2.211,2.93
2.015,3.696
1.991,3.409
2.071,3.588
2.007,0.704
1.8,3.338
1.652,2.198
1.567,1.119
1.523,0.071
1.65,0.296
1.433,-0.054
1.425,0.883
1.412,0.936
1.519,2.883
1.48,1.823
1.376,1.468
1.301,1.307
1.309,2.899
1.3,-0.145
1.101,1.11
1.213,1.324
1.174,0.81
0.99,3.729
1.044,1.493
0.976,3.819
0.729,3.558
0.57,1.868
0.53,1.101
0.384,0.075
0.463,1.313
0.271,1.922
0.353,-0.007
0.332,1.135
0.171,1.388
0.243,1.48
0.135,3.396
0.126,0.33
0.113,3.121
0.084,1.939
0.018,1.377
0.029,0.863
0.06,2.018
-0.017,2.713
-0.41,1.614
-0.382,1.584
-0.486,0.968
-0.42,0.275
-0.444,3.193
-0.66,3.31
-0.565,-0.125
-0.701,0.348
-0.711,0.168
-0.641,2.545
-0.639,3.568
-0.829,3.424
-0.747,3.109
-0.92,1.457
-0.938,0.185
-0.919,1.293
-0.946,2.067
-1.075,3.781
-1.124,3.307
-1.005,1.895
-1.142,1.093
-1.167,0.888
-1.248,3.598
-1.629,3.873
-1.622,0.818
-1.929,1.097
-1.858,2.379
-1.947,1.932
-2.164,3.366
-2.055,0.81
-2.26,1.1
-2.28,1.057
-2.731,1.95
-2.659,2.331
-2.837,2.829
-2.848,3.227
-2.801,1.37
-3.009,2.766
-2.846,0.523
-3.088,0.613
-3.09,-0.052
2.715,-0.263
2.14,-0.412
2.012,-0.305
1.505,-0.337
0.925,-0.478
0.915,-0.441
0.552,-0.164
-0.157,-0.372
-0.317,-0.511
-0.257,-0.41
-0.481,-0.348
-0.66,-0.497
-0.949,-0.522
-1.253,-0.309
-1.628,-0.471
-1.875,-0.274
-2.263,-0.38
-2.654,-0.449
-3.077,4.03
3.05,4.209
2.977,4.207
3.073,4.205
3.035,4.13
2.127,4.159
0.33,4.013
0.23,3.989
0.073,4.096
-0.61,3.818
-1.232,4.112
-1.767,3.921
2.06,3.265
1.91,3.488
1.91,0.77
1.743,3.63
-1.089,2.501
-1.637,3.284
-1.772,3.288
0.339,0.976
-0.178,1.007
-1.334,2.509
-1.33,2.614
-2.357,2.131
-2.344,2.935
-2.501,2.098
-2.496,3.101
2.726,0.749
2.727,1.756
0.359,1.908
2.828,3.912
-1.386,0.001
-1.514,4.014
-0.098,-0.21
-0.111,0.237
-0.098,-3.427
-0.195,-1.83
-0.154,0.133
-0.188,-1.279
-0.243,-0.062
-0.244,-0.463
-0.269,-3.451
-0.264,-1.258
-0.219,-1.564
-0.307,-1.917
-0.368,-2.439
-0.311,-2.313
-0.372,-0.389
-0.469,-0.814
-0.412,-2.716
-0.491,-1.792
-0.539,-0.943
-0.633,-1.493
-0.565,-3.535
-0.615,-2.388
-0.656,-0.25
-0.732,-1.782
-0.774,-3.3
-0.775,-1.615
-0.745,-3.084
-0.738,-3.117
-0.91,-0.935
-0.881,-1.51
-0.966,-1.416
-0.973,-3.128
-0.963,-2.045
-1.018,-2.405
-1.187,0.196
-1.129,-3.235
-1.191,-3.355
-1.261,-3.601
-1.196,0.14
-1.307,-2.699
-1.339,0.28
-1.338,-2.17
-1.368,-2.343
-1.533,0.305
-1.638,-2.134
-1.577,-3.182
-1.609,-2.421
-1.642,-2.646
-1.786,-3.365
-1.843,-1.808
-1.928,0.025
-1.964,0.324
-1.969,-2.197
-2.079,-0.962
-2.047,-3.117
-2.11,-2.845
-2.1,-3.566
-2.104,-0.304
-2.162,-0.089
-2.149,0.272
-2.337,-3.559
-2.595,-2.953
-2.687,-2.669
-2.692,-1.083
-2.677,-1.509
-2.7,0.188
-2.709,-1.035
-2.774,0.172
-2.738,-2.757
-2.737,-0.893
-2.808,-1.092
-2.893,-1.786
-2.894,-0.406
-2.948,-1.758
-2.946,-3.266
-2.966,-0.177
-2.953,-1.979
-3.016,-1.991
-3.043,-1.538
2.922,-3.999
2.374,-3.651
2.345,-3.756
2.357,-3.67
2.183,-4.053
0.666,-3.574
0.34,-3.796
0.122,-3.723
-0.16,-3.715
-0.426,-4.034
-0.634,-3.952
-0.703,-4.012
-1.046,-3.776
-1.149,-3.822
-1.245,-4.124
-1.799,-3.806
-2.15,-3.85
-2.276,-3.88
-2.479,-3.983
-2.426,-3.753
-2.547,-4.012
-2.973,-3.995
3.126,0.359
3.121,0.525
2.617,0.724
2.178,0.654
1.999,0.474
1.104,0.798
0.802,0.501
0.811,0.698
0.729,0.774
0.602,0.814
0.452,0.416
0.523,0.479
0.269,0.713
0.197,0.843
0.084,0.738
-0.002,0.422
-0.289,0.831
-0.634,0.612
-0.919,0.76
-1.554,0.497
-1.879,0.569
-1.94,0.604
-2.295,0.46
-2.665,0.785
-2.654,0.726
-2.917,0.657
2.479,-2.58
1.984,-2.072
1.342,-0.051
0.361,-2.979
-0.957,-0.995
-1.665,-0.012
0.584,-3.998
3.046,0.686
-3.022,0.258
3.108,-1.519
3.021,0.27
2.894,-0.07
2.974,-3.175
2.986,-1.327
2.744,-1.552
2.727,-0.169
2.674,0.383
2.544,-2.544
2.434,-1.291
2.52,-1.787
2.516,-1.178
2.468,-0.855
2.4,-1.565
2.373,-1.18
2.314,-0.673
2.22,-0.529
2.024,0.237
2.0,-0.05
2.08,0.129
2.016,-2.755
1.809,-0.121
1.661,-1.261
1.576,-2.34
1.532,-3.388
1.659,-3.163
1.442,-3.513
1.434,-2.576
1.421,-2.523
1.528,-0.576
1.489,-1.636
1.385,-1.991
1.31,-2.152
1.318,-0.56
1.309,-3.604
1.11,-2.349
1.222,-2.135
1.183,-2.649
0.999,0.27
1.053,-1.966
0.985,0.36
0.738,0.099
0.579,-1.591
0.539,-2.358
0.393,-3.384
0.472,-2.146
0.28,-1.537
0.362,-3.466
0.341,-2.324
0.18,-2.071
0.252,-1.979
0.144,-0.063
0.135,-3.129
0.122,-0.338
0.093,-1.52
0.027,-2.082
0.038,-2.596
0.069,-1.441
-0.008,-0.746
-0.401,-1.845
-0.373,-1.875
-0.477,-2.491
-0.411,-3.184
-0.435,-0.266
-0.651,-0.149
-0.556,-3.584
-0.692,-3.111
-0.702,-3.291
-0.632,-0.914
-0.63,0.109
-0.82,-0.035
-0.738,-0.35
-0.911,-2.002
-0.929,-3.274
-0.91,-2.166
-0.937,-1.392
-1.066,0.322
-1.115,-0.152
-0.996,-1.564
-1.133,-2.366
-1.158,-2.571
-1.239,0.139
-1.62,0.414
-1.613,-2.641
-1.92,-2.362
-1.849,-1.08
-1.938,-1.527
-2.155,-0.093
-2.046,-2.649
-2.251,-2.359
-2.271,-2.402
-2.722,-1.509
-2.65,-1.128
-2.828,-0.63
-2.839,-0.232
-2.792,-2.089
-3.0,-0.693
-2.837,-2.936
-3.079,-2.846
-3.081,-3.511
2.724,-3.722
2.149,-3.871
2.021,-3.764
1.514,-3.796
0.934,-3.937
0.924,-3.9
0.561,-3.623
-0.148,-3.831
-0.308,-3.97
-0.248,-3.869
-0.472,-3.807
-0.651,-3.956
-0.94,-3.981
-1.244,-3.768
-1.619,-3.93
-1.866,-3.733
-2.254,-3.839
-2.645,-3.908
-3.068,0.571
3.059,0.75
2.986,0.748
3.082,0.746
3.044,0.671
2.136,0.7
0.339,0.554
0.239,0.53
0.082,0.637
-0.601,0.359
-1.223,0.653
-1.758,0.462
2.069,-0.194
1.919,0.029
1.919,-2.689
1.752,0.171
-1.08,-0.958
-1.628,-0.175
-1.763,-0.171
0.348,-2.483
-0.169,-2.452
-1.325,-0.95
-1.321,-0.845
-2.348,-1.328
-2.335,-0.524
-2.492,-1.361
-2.487,-0.358
2.735,-2.71
2.736,-1.703
0.368,-1.551
2.837,0.453
-1.377,-3.458
-1.505,0.555
-0.013,0.447
0.0,-3.217
-0.097,-1.62
-0.056,0.343
-0.09,-1.069
-0.145,0.148
-0.146,-0.253
-0.171,-3.241
-0.166,-1.048
-0.121,-1.354
-0.209,-1.707
-0.27,-2.229
-0.213,-2.103
-0.274,-0.179
-0.371,-0.604
-0.314,-2.506
-0.393,-1.582
-0.441,-0.733
-0.535,-1.283
-0.467,-3.325
-0.517,-2.178
-0.558,-0.04
-0.634,-1.572
-0.676,-3.09
-0.677,-1.405
-0.647,-2.874
-0.64,-2.907
-0.812,-0.725
-0.783,-1.3
-0.868,-1.206
-0.875,-2.918
-0.865,-1.835
-0.92,-2.195
-1.089,0.406
-1.031,-3.025
-1.093,-3.145
-1.163,-3.391
-1.098,0.35
-1.209,-2.489
-1.241,0.49
-1.24,-1.96
-1.27,-2.133
-1.435,0.515
-1.54,-1.924
-1.479,-2.972
-1.511,-2.211
-1.544,-2.436
-1.688,-3.155
-1.745,-1.598
-1.83,0.235
-1.866,0.534
-1.871,-1.987
-1.981,-0.752
-1.949,-2.907
-2.012,-2.635
-2.002,-3.356
-2.006,-0.094
-2.064,0.121
-2.051,0.482
-2.239,-3.349
-2.497,-2.743
-2.589,-2.459
-2.594,-0.873
-2.579,-1.299
-2.602,0.398
-2.611,-0.825
-2.676,0.382
-2.64,-2.547
-2.639,-0.683
-2.71,-0.882
-2.795,-1.576
-2.796,-0.196
-2.85,-1.548
-2.848,-3.056
-2.868,0.033
-2.855,-1.769
-2.918,-1.781
-2.945,-1.328
3.02,-3.789
2.472,-3.441
2.443,-3.546
2.455,-3.46
2.281,-3.843
0.764,-3.364
0.438,-3.586
0.22,-3.513
-0.062,-3.505
-0.328,-3.824
-0.536,-3.742
-0.605,-3.802
-0.948,-3.566
-1.051,-3.612
-1.147,-3.914
-1.701,-3.596
-2.052,-3.64
-2.178,-3.67
-2.381,-3.773
-2.328,-3.543
-2.449,-3.802
-2.875,-3.785
-3.059,0.569
-3.064,0.735
2.715,0.934
2.276,0.864
2.097,0.684
1.202,1.008
0.9,0.711
0.909,0.908
0.827,0.984
0.7,1.024
0.55,0.626
0.621,0.689
0.367,0.923
0.295,1.053
0.182,0.948
0.096,0.632
-0.191,1.041
-0.536,0.822
-0.821,0.97
-1.456,0.707
-1.781,0.779
-1.842,0.814
-2.197,0.67
-2.567,0.995
-2.556,0.936
-2.819,0.867
2.577,-2.37
2.082,-1.862
1.44,0.159
0.459,-2.769
-0.859,-0.785
-1.567,0.198
0.682,-3.788
-3.139,0.896
-2.924,0.468
-3.077,-1.309
3.119,0.48
2.992,0.14
3.072,-2.965
3.084,-1.117
2.842,-1.342
2.825,0.041
2.772,0.593
2.642,-2.334
2.532,-1.081
2.618,-1.577
2.614,-0.968
2.566,-0.645
2.498,-1.355
2.471,-0.97
2.412,-0.463
2.318,-0.319
2.122,0.447
2.098,0.16
2.178,0.339
2.114,-2.545
1.907,0.089
1.759,-1.051
1.674,-2.13
1.63,-3.178
1.757,-2.953
1.54,-3.303
1.532,-2.366
1.519,-2.313
1.626,-0.366
1.587,-1.426
1.483,-1.781
1.408,-1.942
1.416,-0.35
1.407,-3.394
1.208,-2.139
1.32,-1.925
1.281,-2.439
1.097,0.48
1.151,-1.756
1.083,0.57
0.836,0.309
0.677,-1.381
0.637,-2.148
0.491,-3.174
0.57,-1.936
0.378,-1.327
0.46,-3.256
0.439,-2.114
0.278,-1.861
0.35,-1.769
0.242,0.147
0.233,-2.919
0.22,-0.128
0.191,-1.31
0.125,-1.872
0.136,-2.386
0.167,-1.231
0.09,-0.536
-0.303,-1.635
-0.275,-1.665
-0.379,-2.281
-0.313,-2.974
-0.337,-0.056
-0.553,0.061
-0.458,-3.374
-0.594,-2.901
-0.604,-3.081
-0.534,-0.704
-0.532,0.319
-0.722,0.175
-0.64,-0.14
-0.813,-1.792
-0.831,-3.064
-0.812,-1.956
-0.839,-1.182
-0.968,0.532
-1.017,0.058
-0.898,-1.354
-1.035,-2.156
-1.06,-2.361
-1.141,0.349
-1.522,0.624
-1.515,-2.431
-1.822,-2.152
-1.751,-0.87
-1.84,-1.317
-2.057,0.117
-1.948,-2.439
-2.153,-2.149
-2.173,-2.192
-2.624,-1.299
-2.552,-0.918
-2.73,-0.42
-2.741,-0.022
-2.694,-1.879
-2.902,-0.483
-2.739,-2.726
-2.981,-2.636
-2.983,-3.301
2.822,-3.512
2.247,-3.661
2.119,-3.554
1.612,-3.586
1.032,-3.727
1.022,-3.69
0.659,-3.413
-0.05,-3.621
-0.21,-3.76
-0.15,-3.659
-0.374,-3.597
-0.553,-3.746
-0.842,-3.771
-1.146,-3.558
-1.521,-3.72
-1.768,-3.523
-2.156,-3.629
-2.547,-3.698
-2.97,0.781
-3.126,0.96
3.084,0.958
-3.103,0.956
-3.141,0.881
2.234,0.91
0.437,0.764
0.337,0.74
0.18,0.847
-0.503,0.569
-1.125,0.863
-1.66,0.672
2.167,0.016
2.017,0.239
2.017,-2.479
1.85,0.381
-0.982,-0.748
-1.53,0.035
-1.665,0.039
0.446,-2.273
-0.071,-2.242
-1.227,-0.74
-1.223,-0.635
-2.25,-1.118
-2.237,-0.314
-2.394,-1.151
-2.389,-0.148
2.833,-2.5
2.834,-1.493
0.466,-1.341
2.935,0.663
-1.279,-3.248
-1.407,0.765
0.013,-3.664
-0.084,-2.067
-0.043,-0.104
-0.077,-1.516
-0.132,-0.299
-0.133,-0.7
-0.158,-3.688
-0.153,-1.495
-0.108,-1.801
-0.196,-2.154
-0.257,-2.676
-0.2,-2.55
-0.261,-0.626
-0.358,-1.051
-0.301,-2.953
-0.38,-2.029
-0.428,-1.18
-0.522,-1.73
-0.454,-3.772
-0.504,-2.625
-0.545,-0.487
-0.621,-2.019
-0.663,-3.537
-0.664,-1.852
-0.634,-3.321
-0.627,-3.354
-0.799,-1.172
-0.77,-1.747
-0.855,-1.653
-0.862,-3.365
-0.852,-2.282
-0.907,-2.642
-1.076,-0.041
-1.018,-3.472
-1.08,-3.592
-1.15,-3.838
-1.085,-0.097
-1.196,-2.936
-1.228,0.043
-1.227,-2.407
-1.257,-2.58
-1.422,0.068
-1.527,-2.371
-1.466,-3.419
-1.498,-2.658
-1.531,-2.883
-1.675,-3.602
-1.732,-2.045
-1.817,-0.212
-1.853,0.087
-1.858,-2.434
-1.968,-1.199
-1.936,-3.354
-1.999,-3.082
-1.989,-3.803
-1.993,-0.541
-2.051,-0.326
-2.038,0.035
-2.226,-3.796
-2.484,-3.19
-2.576,-2.906
-2.581,-1.32
-2.566,-1.746
-2.589,-0.049
-2.598,-1.272
-2.663,-0.065
-2.627,-2.994
-2.626,-1.13
-2.697,-1.329
-2.782,-2.023
-2.783,-0.643
-2.837,-1.995
-2.835,-3.503
-2.855,-0.414
-2.842,-2.216
-2.905,-2.228
-2.932,-1.775
3.033,-4.236
2.485,-3.888
2.456,-3.993
2.468,-3.907
2.294,-4.29
0.777,-3.811
0.451,-4.033
0.233,-3.96
-0.049,-3.952
-0.315,-4.271
-0.523,-4.189
-0.592,-4.249
-0.935,-4.013
-1.038,-4.059
-1.134,-4.361
-1.688,-4.043
-2.039,-4.087
-2.165,-4.117
-2.368,-4.22
-2.315,-3.99
-2.436,-4.249
-2.862,-4.232
-3.046,0.122
-3.051,0.288
2.728,0.487
2.289,0.417
2.11,0.237
1.215,0.561
0.913,0.264
0.922,0.461
0.84,0.537
0.713,0.577
0.563,0.179
0.634,0.242
0.38,0.476
0.308,0.606
0.195,0.501
0.109,0.185
-0.178,0.594
-0.523,0.375
-0.808,0.523
-1.443,0.26
-1.768,0.332
-1.829,0.367
-2.184,0.223
-2.554,0.548
-2.543,0.489
-2.806,0.42
2.59,-2.817
2.095,-2.309
1.453,-0.288
0.472,-3.216
-0.846,-1.232
-1.554,-0.249
0.695,-4.235
-3.126,0.449
-2.911,0.021
-3.064,-1.756
3.132,0.033
3.005,-0.307
3.085,-3.412
3.097,-1.564
2.855,-1.789
2.838,-0.406
2.785,0.146
2.655,-2.781
2.545,-1.528
2.631,-2.024
2.627,-1.415
2.579,-1.092
2.511,-1.802
2.484,-1.417
2.425,-0.91
2.331,-0.766
2.135,0.0
2.111,-0.287
2.191,-0.108
2.127,-2.992
1.92,-0.358
1.772,-1.498
1.687,-2.577
1.643,-3.625
1.77,-3.4
1.553,-3.75
1.545,-2.813
1.532,-2.76
1.639,-0.813
1.6,-1.873
1.496,-2.228
1.421,-2.389
1.429,-0.797
1.42,-3.841
1.221,-2.586
1.333,-2.372
1.294,-2.886
1.11,0.033
1.164,-2.203
1.096,0.123
0.849,-0.138
0.69,-1.828
0.65,-2.595
0.504,-3.621
0.583,-2.383
0.391,-1.774
0.473,-3.703
0.452,-2.561
0.291,-2.308
0.363,-2.216
0.255,-0.3
0.246,-3.366
0.233,-0.575
0.204,-1.757
0.138,-2.319
0.149,-2.833
0.18,-1.678
0.103,-0.983
-0.29,-2.082
-0.262,-2.112
-0.366,-2.728
-0.3,-3.421
-0.324,-0.503
-0.54,-0.386
-0.445,-3.821
-0.581,-3.348
-0.591,-3.528
-0.521,-1.151
-0.519,-0.128
-0.709,-0.272
-0.627,-0.587
-0.8,-2.239
-0.818,-3.511
-0.799,-2.403
-0.826,-1.629
-0.955,0.085
-1.004,-0.389
-0.885,-1.801
-1.022,-2.603
-1.047,-2.808
-1.128,-0.098
-1.509,0.177
-1.502,-2.878
-1.809,-2.599
-1.738,-1.317
-1.827,-1.764
-2.044,-0.33
-1.935,-2.886
-2.14,-2.596
-2.16,-2.639
-2.611,-1.746
-2.539,-1.365
-2.717,-0.867
-2.728,-0.469
-2.681,-2.326
-2.889,-0.93
-2.726,-3.173
-2.968,-3.083
-2.97,-3.748
2.835,-3.959
2.26,-4.108
2.132,-4.001
1.625,-4.033
1.045,-4.174
1.035,-4.137
0.672,-3.86
-0.037,-4.068
-0.197,-4.207
-0.137,-4.106
-0.361,-4.044
-0.54,-4.193
-0.829,-4.218
-1.133,-4.005
-1.508,-4.167
-1.755,-3.97
-2.143,-4.076
-2.534,-4.145
-2.957,0.334
-3.113,0.513
3.097,0.511
-3.09,0.509
-3.128,0.434
2.247,0.463
0.45,0.317
0.35,0.293
0.193,0.4
-0.49,0.122
-1.112,0.416
-1.647,0.225
2.18,-0.431
2.03,-0.208
2.03,-2.926
1.863,-0.066
-0.969,-1.195
-1.517,-0.412
-1.652,-0.408
0.459,-2.72
-0.058,-2.689
-1.214,-1.187
-1.21,-1.082
-2.237,-1.565
-2.224,-0.761
-2.381,-1.598
-2.376,-0.595
2.846,-2.947
2.847,-1.94
0.479,-1.788
2.948,0.216
-1.266,-3.695
-1.394,0.318
-0.097,1.597
-0.056,3.56
-0.09,2.148
-0.145,3.365
-0.146,2.964
-0.171,-0.024
-0.166,2.169
-0.121,1.863
-0.209,1.51
-0.27,0.988
-0.213,1.114
-0.274,3.038
-0.371,2.613
-0.314,0.711
-0.393,1.635
-0.441,2.484
-0.535,1.934
-0.467,-0.108
-0.517,1.039
-0.558,3.177
-0.634,1.645
-0.676,0.127
-0.677,1.812
-0.647,0.343
-0.64,0.31
-0.812,2.492
-0.783,1.917
-0.868,2.011
-0.875,0.299
-0.865,1.382
-0.92,1.022
-1.089,3.623
-1.031,0.192
-1.093,0.072
-1.163,-0.174
-1.098,3.567
-1.209,0.728
-1.241,3.707
-1.24,1.257
-1.27,1.084
-1.435,3.732
-1.54,1.293
-1.479,0.245
-1.511,1.006
-1.544,0.781
-1.688,0.062
-1.745,1.619
-1.83,3.452
-1.866,3.751
-1.871,1.23
-1.981,2.465
-1.949,0.31
-2.012,0.582
-2.002,-0.139
-2.006,3.123
-2.064,3.338
-2.051,3.699
-2.239,-0.132
-2.497,0.474
-2.589,0.758
-2.594,2.344
-2.579,1.918
-2.602,3.615
-2.611,2.392
-2.676,3.599
-2.64,0.67
-2.639,2.534
-2.71,2.335
-2.795,1.641
-2.796,3.021
-2.85,1.669
-2.848,0.161
-2.868,3.25
-2.855,1.448
-2.918,1.436
-2.945,1.889
3.02,-0.572
2.472,-0.224
2.443,-0.329
2.455,-0.243
2.281,-0.626
0.764,-0.147
0.438,-0.369
0.22,-0.296
-0.062,-0.288
-0.328,-0.607
-0.536,-0.525
-0.605,-0.585
-0.948,-0.349
-1.051,-0.395
-1.147,-0.697
-1.701,-0.379
-2.052,-0.423
-2.178,-0.453
-2.381,-0.556
-2.328,-0.326
-2.449,-0.585
-2.875,-0.568
-3.059,3.786
-3.064,3.952
2.715,4.151
2.276,4.081
2.097,3.901
1.202,4.225
0.9,3.928
0.909,4.125
0.827,4.201
0.7,4.241
0.55,3.843
0.621,3.906
0.367,4.14
0.295,4.27
0.182,4.165
0.096,3.849
-0.191,4.258
-0.536,4.039
-0.821,4.187
-1.456,3.924
-1.781,3.996
-1.842,4.031
-2.197,3.887
-2.567,4.212
-2.556,4.153
-2.819,4.084
2.577,0.847
2.082,1.355
1.44,3.376
0.459,0.448
-0.859,2.432
-1.567,3.415
0.682,-0.571
-3.139,4.113
-2.924,3.685
-3.077,1.908
3.119,3.697
2.992,3.357
3.072,0.252
3.084,2.1
2.842,1.875
2.825,3.258
2.772,3.81
2.642,0.883
2.532,2.136
2.618,1.64
2.614,2.249
2.566,2.572
2.498,1.862
2.471,2.247
2.412,2.754
2.318,2.898
2.122,3.664
2.098,3.377
2.178,3.556
2.114,0.672
1.907,3.306
1.759,2.166
1.674,1.087
1.63,0.039
1.757,0.264
1.54,-0.086
1.532,0.851
1.519,0.904
1.626,2.851
1.587,1.791
1.483,1.436
1.408,1.275
1.416,2.867
1.407,-0.177
1.208,1.078
1.32,1.292
1.281,0.778
1.097,3.697
1.151,1.461
1.083,3.787
0.836,3.526
0.677,1.836
0.637,1.069
0.491,0.043
0.57,1.281
0.378,1.89
0.46,-0.039
0.439,1.103
0.278,1.356
0.35,1.448
0.242,3.364
0.233,0.298
0.22,3.089
0.191,1.907
0.125,1.345
0.136,0.831
0.167,1.986
0.09,2.681
-0.303,1.582
-0.275,1.552
-0.379,0.936
-0.313,0.243
-0.337,3.161
-0.553,3.278
-0.458,-0.157
-0.594,0.316
-0.604,0.136
-0.534,2.513
-0.532,3.536
-0.722,3.392
-0.64,3.077
-0.813,1.425
-0.831,0.153
-0.812,1.261
-0.839,2.035
-0.968,3.749
-1.017,3.275
-0.898,1.863
-1.035,1.061
-1.06,0.856
-1.141,3.566
-1.522,3.841
-1.515,0.786
-1.822,1.065
-1.751,2.347
-1.84,1.9
-2.057,3.334
-1.948,0.778
-2.153,1.068
-2.173,1.025
-2.624,1.918
-2.552,2.299
-2.73,2.797
-2.741,3.195
-2.694,1.338
-2.902,2.734
-2.739,0.491
-2.981,0.581
-2.983,-0.084
2.822,-0.295
2.247,-0.444
2.119,-0.337
1.612,-0.369
1.032,-0.51
1.022,-0.473
0.659,-0.196
-0.05,-0.404
-0.21,-0.543
-0.15,-0.442
-0.374,-0.38
-0.553,-0.529
-0.842,-0.554
-1.146,-0.341
-1.521,-0.503
-1.768,-0.306
-2.156,-0.412
-2.547,-0.481
-2.97,3.998
-3.126,4.177
3.084,4.175
-3.103,4.173
-3.141,4.098
2.234,4.127
0.437,3.981
0.337,3.957
0.18,4.064
-0.503,3.786
-1.125,4.08
-1.66,3.889
2.167,3.233
2.017,3.456
2.017,0.738
1.85,3.598
-0.982,2.469
-1.53,3.252
-1.665,3.256
0.446,0.944
-0.071,0.975
-1.227,2.477
-1.223,2.582
-2.25,2.099
-2.237,2.903
-2.394,2.066
-2.389,3.069
2.833,0.717
2.834,1.724
0.466,1.876
2.935,3.88
-1.279,-0.031
-1.407,3.982
0.041,1.963
0.007,0.551
-0.048,1.768
-0.049,1.367
-0.074,-1.621
-0.069,0.572
-0.024,0.266
-0.112,-0.087
-0.173,-0.609
-0.116,-0.483
-0.177,1.441
-0.274,1.016
-0.217,-0.886
-0.296,0.038
-0.344,0.887
-0.438,0.337
-0.37,-1.705
-0.42,-0.558
-0.461,1.58
-0.537,0.048
-0.579,-1.47
-0.58,0.215
-0.55,-1.254
-0.543,-1.287
-0.715,0.895
-0.686,0.32
-0.771,0.414
-0.778,-1.298
-0.768,-0.215
-0.823,-0.575
-0.992,2.026
-0.934,-1.405
-0.996,-1.525
-1.066,-1.771
-1.001,1.97
-1.112,-0.869
-1.144,2.11
-1.143,-0.34
-1.173,-0.513
-1.338,2.135
-1.443,-0.304
-1.382,-1.352
-1.414,-0.591
-1.447,-0.816
-1.591,-1.535
-1.648,0.022
-1.733,1.855
-1.769,2.154
-1.774,-0.367
-1.884,0.868
-1.852,-1.287
-1.915,-1.015
-1.905,-1.736
-1.909,1.526
-1.967,1.741
-1.954,2.102
-2.142,-1.729
-2.4,-1.123
-2.492,-0.839
-2.497,0.747
-2.482,0.321
-2.505,2.018
-2.514,0.795
-2.579,2.002
-2.543,-0.927
-2.542,0.937
-2.613,0.738
-2.698,0.044
-2.699,1.424
-2.753,0.072
-2.751,-1.436
-2.771,1.653
-2.758,-0.149
-2.821,-0.161
-2.848,0.292
3.117,-2.169
2.569,-1.821
2.54,-1.926
2.552,-1.84
2.378,-2.223
0.861,-1.744
0.535,-1.966
0.317,-1.893
0.035,-1.885
-0.231,-2.204
-0.439,-2.122
-0.508,-2.182
-0.851,-1.946
-0.954,-1.992
-1.05,-2.294
-1.604,-1.976
-1.955,-2.02
-2.081,-2.05
-2.284,-2.153
-2.231,-1.923
-2.352,-2.182
-2.778,-2.165
-2.962,2.189
-2.967,2.355
2.812,2.554
2.373,2.484
2.194,2.304
1.299,2.628
0.997,2.331
1.006,2.528
0.924,2.604
0.797,2.644
0.647,2.246
0.718,2.309
0.464,2.543
0.392,2.673
0.279,2.568
0.193,2.252
-0.094,2.661
-0.439,2.442
-0.724,2.59
-1.359,2.327
-1.684,2.399
-1.745,2.434
-2.1,2.29
-2.47,2.615
-2.459,2.556
-2.722,2.487
2.674,-0.75
2.179,-0.242
1.537,1.779
0.556,-1.149
-0.762,0.835
-1.47,1.818
0.779,-2.168
-3.042,2.516
-2.827,2.088
-2.98,0.311
-3.067,2.1
3.089,1.76
-3.114,-1.345
-3.102,0.503
2.939,0.278
2.922,1.661
2.869,2.213
2.739,-0.714
2.629,0.539
2.715,0.043
2.711,0.652
2.663,0.975
2.595,0.265
2.568,0.65
2.509,1.157
2.415,1.301
2.219,2.067
2.195,1.78
2.275,1.959
2.211,-0.925
2.004,1.709
1.856,0.569
1.771,-0.51
1.727,-1.558
1.854,-1.333
1.637,-1.683
1.629,-0.746
1.616,-0.693
1.723,1.254
1.684,0.194
1.58,-0.161
1.505,-0.322
1.513,1.27
1.504,-1.774
1.305,-0.519
1.417,-0.305
1.378,-0.819
1.194,2.1
1.248,-0.136
1.18,2.19
0.933,1.929
0.774,0.239
0.734,-0.528
0.588,-1.554
0.667,-0.316
0.475,0.293
0.557,-1.636
0.536,-0.494
0.375,-0.241
0.447,-0.149
0.339,1.767
0.33,-1.299
0.317,1.492
0.288,0.31
0.222,-0.252
0.233,-0.766
0.264,0.389
0.187,1.084
-0.206,-0.015
-0.178,-0.045
-0.282,-0.661
-0.216,-1.354
-0.24,1.564
-0.456,1.681
-0.361,-1.754
-0.497,-1.281
-0.507,-1.461
-0.437,0.916
-0.435,1.939
-0.625,1.795
-0.543,1.48
-0.716,-0.172
-0.734,-1.444
-0.715,-0.336
-0.742,0.438
-0.871,2.152
-0.92,1.678
-0.801,0.266
-0.938,-0.536
-0.963,-0.741
-1.044,1.969
-1.425,2.244
-1.418,-0.811
-1.725,-0.532
-1.654,0.75
-1.743,0.303
-1.96,1.737
-1.851,-0.819
-2.056,-0.529
-2.076,-0.572
-2.527,0.321
-2.455,0.702
-2.633,1.2
-2.644,1.598
-2.597,-0.259
-2.805,1.137
-2.642,-1.106
-2.884,-1.016
-2.886,-1.681
2.919,-1.892
2.344,-2.041
2.216,-1.934
1.709,-1.966
1.129,-2.107
1.119,-2.07
0.756,-1.793
0.047,-2.001
-0.113,-2.14
-0.053,-2.039
-0.277,-1.977
-0.456,-2.126
-0.745,-2.151
-1.049,-1.938
-1.424,-2.1
-1.671,-1.903
-2.059,-2.009
-2.45,-2.078
-2.873,2.401
-3.029,2.58
-3.102,2.578
-3.006,2.576
-3.044,2.501
2.331,2.53
0.534,2.384
0.434,2.36
0.277,2.467
-0.406,2.189
-1.028,2.483
-1.563,2.292
2.264,1.636
2.114,1.859
2.114,-0.859
1.947,2.001
-0.885,0.872
-1.433,1.655
-1.568,1.659
0.543,-0.653
0.026,-0.622
-1.13,0.88
-1.126,0.985
-2.153,0.502
-2.14,1.306
-2.297,0.469
-2.292,1.472
2.93,-0.88
2.931,0.127
0.563,0.279
3.032,2.283
-1.182,-1.628
-1.31,2.385
-0.034,-1.412
-0.089,-0.195
-0.09,-0.596
-0.115,-3.584
-0.11,-1.391
-0.065,-1.697
-0.153,-2.05
-0.214,-2.572
-0.157,-2.446
-0.218,-0.522
-0.315,-0.947
-0.258,-2.849
-0.337,-1.925
-0.385,-1.076
-0.479,-1.626
-0.411,-3.668
-0.461,-2.521
-0.502,-0.383
-0.578,-1.915
-0.62,-3.433
-0.621,-1.748
-0.591,-3.217
-0.584,-3.25
-0.756,-1.068
-0.727,-1.643
-0.812,-1.549
-0.819,-3.261
-0.809,-2.178
-0.864,-2.538
-1.033,0.063
-0.975,-3.368
-1.037,-3.488
-1.107,-3.734
-1.042,0.007
-1.153,-2.832
-1.185,0.147
-1.184,-2.303
-1.214,-2.476
-1.379,0.172
-1.484,-2.267
-1.423,-3.315
-1.455,-2.554
-1.488,-2.779
-1.632,-3.498
-1.689,-1.941
-1.774,-0.108
-1.81,0.191
-1.815,-2.33
-1.925,-1.095
-1.893,-3.25
-1.956,-2.978
-1.946,-3.699
-1.95,-0.437
-2.008,-0.222
-1.995,0.139
-2.183,-3.692
-2.441,-3.086
-2.533,-2.802
-2.538,-1.216
-2.523,-1.642
-2.546,0.055
-2.555,-1.168
-2.62,0.039
-2.584,-2.89
-2.583,-1.026
-2.654,-1.225
-2.739,-1.919
-2.74,-0.539
-2.794,-1.891
-2.792,-3.399
-2.812,-0.31
-2.799,-2.112
-2.862,-2.124
-2.889,-1.671
3.076,-4.132
2.528,-3.784
2.499,-3.889
2.511,-3.803
2.337,-4.186
0.82,-3.707
0.494,-3.929
0.276,-3.856
-0.006,-3.848
-0.272,-4.167
-0.48,-4.085
-0.549,-4.145
-0.892,-3.909
-0.995,-3.955
-1.091,-4.257
-1.645,-3.939
-1.996,-3.983
-2.122,-4.013
-2.325,-4.116
-2.272,-3.886
-2.393,-4.145
-2.819,-4.128
-3.003,0.226
-3.008,0.392
2.771,0.591
2.332,0.521
2.153,0.341
1.258,0.665
0.956,0.368
0.965,0.565
0.883,0.641
0.756,0.681
0.606,0.283
0.677,0.346
0.423,0.58
0.351,0.71
0.238,0.605
0.152,0.289
-0.135,0.698
-0.48,0.479
-0.765,0.627
-1.4,0.364
-1.725,0.436
-1.786,0.471
-2.141,0.327
-2.511,0.652
-2.5,0.593
-2.763,0.524
2.633,-2.713
2.138,-2.205
1.496,-0.184
0.515,-3.112
-0.803,-1.128
-1.511,-0.145
0.738,-4.131
-3.083,0.553
-2.868,0.125
-3.021,-1.652
-3.108,0.137
3.048,-0.203
3.128,-3.308
3.14,-1.46
2.898,-1.685
2.881,-0.302
2.828,0.25
2.698,-2.677
2.588,-1.424
2.674,-1.92
2.67,-1.311
2.622,-0.988
2.554,-1.698
2.527,-1.313
2.468,-0.806
2.374,-0.662
2.178,0.104
2.154,-0.183
2.234,-0.004
2.17,-2.888
1.963,-0.254
1.815,-1.394
1.73,-2.473
1.686,-3.521
1.813,-3.296
1.596,-3.646
1.588,-2.709
1.575,-2.656
1.682,-0.709
1.643,-1.769
1.539,-2.124
1.464,-2.285
1.472,-0.693
1.463,-3.737
1.264,-2.482
1.376,-2.268
1.337,-2.782
1.153,0.137
1.207,-2.099
1.139,0.227
0.892,-0.034
0.733,-1.724
0.693,-2.491
0.547,-3.517
0.626,-2.279
0.434,-1.67
0.516,-3.599
0.495,-2.457
0.334,-2.204
0.406,-2.112
0.298,-0.196
0.289,-3.262
0.276,-0.471
0.247,-1.653
0.181,-2.215
0.192,-2.729
0.223,-1.574
0.146,-0.879
-0.247,-1.978
-0.219,-2.008
-0.323,-2.624
-0.257,-3.317
-0.281,-0.399
-0.497,-0.282
-0.402,-3.717
-0.538,-3.244
-0.548,-3.424
-0.478,-1.047
-0.476,-0.024
-0.666,-0.168
-0.584,-0.483
-0.757,-2.135
-0.775,-3.407
-0.756,-2.299
-0.783,-1.525
-0.912,0.189
-0.961,-0.285
-0.842,-1.697
-0.979,-2.499
-1.004,-2.704
-1.085,0.006
-1.466,0.281
-1.459,-2.774
-1.766,-2.495
-1.695,-1.213
-1.784,-1.66
-2.001,-0.226
-1.892,-2.782
-2.097,-2.492
-2.117,-2.535
-2.568,-1.642
-2.496,-1.261
-2.674,-0.763
-2.685,-0.365
-2.638,-2.222
-2.846,-0.826
-2.683,-3.069
-2.925,-2.979
-2.927,-3.644
2.878,-3.855
2.303,-4.004
2.175,-3.897
1.668,-3.929
1.088,-4.07
1.078,-4.033
0.715,-3.756
0.006,-3.964
-0.154,-4.103
-0.094,-4.002
-0.318,-3.94
-0.497,-4.089
-0.786,-4.114
-1.09,-3.901
-1.465,-4.063
-1.712,-3.866
-2.1,-3.972
-2.491,-4.041
-2.914,0.438
-3.07,0.617
3.14,0.615
-3.047,0.613
-3.085,0.538
2.29,0.567
0.493,0.421
0.393,0.397
0.236,0.504
-0.447,0.226
-1.069,0.52
-1.604,0.329
2.223,-0.327
2.073,-0.104
2.073,-2.822
1.906,0.038
-0.926,-1.091
-1.474,-0.308
-1.609,-0.304
0.502,-2.616
-0.015,-2.585
-1.171,-1.083
-1.167,-0.978
-2.194,-1.461
-2.181,-0.657
-2.338,-1.494
-2.333,-0.491
2.889,-2.843
2.89,-1.836
0.522,-1.684
2.991,0.32
-1.223,-3.591
-1.351,0.422
-0.055,1.217
-0.056,0.816
-0.081,-2.172
-0.076,0.021
-0.031,-0.285
-0.119,-0.638
-0.18,-1.16
-0.123,-1.034
-0.184,0.89
-0.281,0.465
-0.224,-1.437
-0.303,-0.513
-0.351,0.336
-0.445,-0.214
-0.377,-2.256
-0.427,-1.109
-0.468,1.029
-0.544,-0.503
-0.586,-2.021
-0.587,-0.336
-0.557,-1.805
-0.55,-1.838
-0.722,0.344
-0.693,-0.231
-0.778,-0.137
-0.785,-1.849
-0.775,-0.766
-0.83,-1.126
-0.999,1.475
-0.941,-1.956
-1.003,-2.076
-1.073,-2.322
-1.008,1.419
-1.119,-1.42
-1.151,1.559
-1.15,-0.891
-1.18,-1.064
-1.345,1.584
-1.45,-0.855
-1.389,-1.903
-1.421,-1.142
-1.454,-1.367
-1.598,-2.086
-1.655,-0.529
-1.74,1.304
-1.776,1.603
-1.781,-0.918
-1.891,0.317
-1.859,-1.838
-1.922,-1.566
-1.912,-2.287
-1.916,0.975
-1.974,1.19
-1.961,1.551
-2.149,-2.28
-2.407,-1.674
-2.499,-1.39
-2.504,0.196
-2.489,-0.23
-2.512,1.467
-2.521,0.244
-2.586,1.451
-2.55,-1.478
-2.549,0.386
-2.62,0.187
-2.705,-0.507
-2.706,0.873
-2.76,-0.479
-2.758,-1.987
-2.778,1.102
-2.765,-0.7
-2.828,-0.712
-2.855,-0.259
3.11,-2.72
2.562,-2.372
2.533,-2.477
2.545,-2.391
2.371,-2.774
0.854,-2.295
0.528,-2.517
0.31,-2.444
0.028,-2.436
-0.238,-2.755
-0.446,-2.673
-0.515,-2.733
-0.858,-2.497
-0.961,-2.543
-1.057,-2.845
-1.611,-2.527
-1.962,-2.571
-2.088,-2.601
-2.291,-2.704
-2.238,-2.474
-2.359,-2.733
-2.785,-2.716
-2.969,1.638
-2.974,1.804
2.805,2.003
2.366,1.933
2.187,1.753
1.292,2.077
0.99,1.78
0.999,1.977
0.917,2.053
0.79,2.093
0.64,1.695
0.711,1.758
0.457,1.992
0.385,2.122
0.272,2.017
0.186,1.701
-0.101,2.11
-0.446,1.891
-0.731,2.039
-1.366,1.776
-1.691,1.848
-1.752,1.883
-2.107,1.739
-2.477,2.064
-2.466,2.005
-2.729,1.936
2.667,-1.301
2.172,-0.793
1.53,1.228
0.549,-1.7
-0.769,0.284
-1.477,1.267
0.772,-2.719
-3.049,1.965
-2.834,1.537
-2.987,-0.24
-3.074,1.549
3.082,1.209
-3.121,-1.896
-3.109,-0.048
2.932,-0.273
2.915,1.11
2.862,1.662
2.732,-1.265
2.622,-0.012
2.708,-0.508
2.704,0.101
2.656,0.424
2.588,-0.286
2.561,0.099
2.502,0.606
2.408,0.75
2.212,1.516
2.188,1.229
2.268,1.408
2.204,-1.476
1.997,1.158
1.849,0.018
1.764,-1.061
1.72,-2.109
1.847,-1.884
1.63,-2.234
1.622,-1.297
1.609,-1.244
1.716,0.703
1.677,-0.357
1.573,-0.712
1.498,-0.873
1.506,0.719
1.497,-2.325
1.298,-1.07
1.41,-0.856
1.371,-1.37
1.187,1.549
1.241,-0.687
1.173,1.639
0.926,1.378
0.767,-0.312
0.727,-1.079
0.581,-2.105
0.66,-0.867
0.468,-0.258
0.55,-2.187
0.529,-1.045
0.368,-0.792
0.44,-0.7
0.332,1.216
0.323,-1.85
0.31,0.941
0.281,-0.241
0.215,-0.803
0.226,-1.317
0.257,-0.162
0.18,0.533
-0.213,-0.566
-0.185,-0.596
-0.289,-1.212
-0.223,-1.905
-0.247,1.013
-0.463,1.13
-0.368,-2.305
-0.504,-1.832
-0.514,-2.012
-0.444,0.365
-0.442,1.388
-0.632,1.244
-0.55,0.929
-0.723,-0.723
-0.741,-1.995
-0.722,-0.887
-0.749,-0.113
-0.878,1.601
-0.927,1.127
-0.808,-0.285
-0.945,-1.087
-0.97,-1.292
-1.051,1.418
-1.432,1.693
-1.425,-1.362
-1.732,-1.083
-1.661,0.199
-1.75,-0.248
-1.967,1.186
-1.858,-1.37
-2.063,-1.08
-2.083,-1.123
-2.534,-0.23
-2.462,0.151
-2.64,0.649
-2.651,1.047
-2.604,-0.81
-2.812,0.586
-2.649,-1.657
-2.891,-1.567
-2.893,-2.232
2.912,-2.443
2.337,-2.592
2.209,-2.485
1.702,-2.517
1.122,-2.658
1.112,-2.621
0.749,-2.344
0.04,-2.552
-0.12,-2.691
-0.06,-2.59
-0.284,-2.528
-0.463,-2.677
-0.752,-2.702
-1.056,-2.489
-1.431,-2.651
-1.678,-2.454
-2.066,-2.56
-2.457,-2.629
-2.88,1.85
-3.036,2.029
-3.109,2.027
-3.013,2.025
-3.051,1.95
2.324,1.979
0.527,1.833
0.427,1.809
0.27,1.916
-0.413,1.638
-1.035,1.932
-1.57,1.741
2.257,1.085
2.107,1.308
2.107,-1.41
1.94,1.45
-0.892,0.321
-1.44,1.104
-1.575,1.108
0.536,-1.204
0.019,-1.173
-1.137,0.329
-1.133,0.434
-2.16,-0.049
-2.147,0.755
-2.304,-0.082
-2.299,0.921
2.923,-1.431
2.924,-0.424
0.556,-0.272
3.025,1.732
-1.189,-2.179
-1.317,1.834
-0.001,-0.401
-0.026,-3.389
-0.021,-1.196
0.024,-1.502
-0.064,-1.855
-0.125,-2.377
-0.068,-2.251
-0.129,-0.327
-0.226,-0.752
-0.169,-2.654
-0.248,-1.73
-0.296,-0.881
-0.39,-1.431
-0.322,-3.473
-0.372,-2.326
-0.413,-0.188
-0.489,-1.72
-0.531,-3.238
-0.532,-1.553
-0.502,-3.022
-0.495,-3.055
-0.667,-0.873
-0.638,-1.448
-0.723,-1.354
-0.73,-3.066
-0.72,-1.983
-0.775,-2.343
-0.944,0.258
-0.886,-3.173
-0.948,-3.293
-1.018,-3.539
-0.953,0.202
-1.064,-2.637
-1.096,0.342
-1.095,-2.108
-1.125,-2.281
-1.29,0.367
-1.395,-2.072
-1.334,-3.12
-1.366,-2.359
-1.399,-2.584
-1.543,-3.303
-1.6,-1.746
-1.685,0.087
-1.721,0.386
-1.726,-2.135
-1.836,-0.9
-1.804,-3.055
-1.867,-2.783
-1.857,-3.504
-1.861,-0.242
-1.919,-0.027
-1.906,0.334
-2.094,-3.497
-2.352,-2.891
-2.444,-2.607
-2.449,-1.021
-2.434,-1.447
-2.457,0.25
-2.466,-0.973
-2.531,0.234
-2.495,-2.695
-2.494,-0.831
-2.565,-1.03
-2.65,-1.724
-2.651,-0.344
-2.705,-1.696
-2.703,-3.204
-2.723,-0.115
-2.71,-1.917
-2.773,-1.929
-2.8,-1.476
-3.118,-3.937
2.617,-3.589
2.588,-3.694
2.6,-3.608
2.426,-3.991
0.909,-3.512
0.583,-3.734
0.365,-3.661
0.083,-3.653
-0.183,-3.972
-0.391,-3.89
-0.46,-3.95
-0.803,-3.714
-0.906,-3.76
-1.002,-4.062
-1.556,-3.744
-1.907,-3.788
-2.033,-3.818
-2.236,-3.921
-2.183,-3.691
-2.304,-3.95
-2.73,-3.933
-2.914,0.421
-2.919,0.587
2.86,0.786
2.421,0.716
2.242,0.536
1.347,0.86
1.045,0.563
1.054,0.76
0.972,0.836
0.845,0.876
0.695,0.478
0.766,0.541
0.512,0.775
0.44,0.905
0.327,0.8
0.241,0.484
-0.046,0.893
-0.391,0.674
-0.676,0.822
-1.311,0.559
-1.636,0.631
-1.697,0.666
-2.052,0.522
-2.422,0.847
-2.411,0.788
-2.674,0.719
2.722,-2.518
2.227,-2.01
1.585,0.011
0.604,-2.917
-0.714,-0.933
-1.422,0.05
0.827,-3.936
-2.994,0.748
-2.779,0.32
-2.932,-1.457
-3.019,0.332
3.137,-0.008
-3.066,-3.113
-3.054,-1.265
2.987,-1.49
2.97,-0.107
2.917,0.445
2.787,-2.482
2.677,-1.229
2.763,-1.725
2.759,-1.116
2.711,-0.793
2.643,-1.503
2.616,-1.118
2.557,-0.611
2.463,-0.467
2.267,0.299
2.243,0.012
2.323,0.191
2.259,-2.693
2.052,-0.059
1.904,-1.199
1.819,-2.278
1.775,-3.326
1.902,-3.101
1.685,-3.451
1.677,-2.514
1.664,-2.461
1.771,-0.514
1.732,-1.574
1.628,-1.929
1.553,-2.09
1.561,-0.498
1.552,-3.542
1.353,-2.287
1.465,-2.073
1.426,-2.587
1.242,0.332
1.296,-1.904
1.228,0.422
0.981,0.161
0.822,-1.529
0.782,-2.296
0.636,-3.322
0.715,-2.084
0.523,-1.475
0.605,-3.404
0.584,-2.262
0.423,-2.009
0.495,-1.917
0.387,-0.001
0.378,-3.067
0.365,-0.276
0.336,-1.458
0.27,-2.02
0.281,-2.534
0.312,-1.379
0.235,-0.684
-0.158,-1.783
-0.13,-1.813
-0.234,-2.429
-0.168,-3.122
-0.192,-0.204
-0.408,-0.087
-0.313,-3.522
-0.449,-3.049
-0.459,-3.229
-0.389,-0.852
-0.387,0.171
-0.577,0.027
-0.495,-0.288
-0.668,-1.94
-0.686,-3.212
-0.667,-2.104
-0.694,-1.33
-0.823,0.384
-0.872,-0.09
-0.753,-1.502
-0.89,-2.304
-0.915,-2.509
-0.996,0.201
-1.377,0.476
-1.37,-2.579
-1.677,-2.3
-1.606,-1.018
-1.695,-1.465
-1.912,-0.031
-1.803,-2.587
-2.008,-2.297
-2.028,-2.34
-2.479,-1.447
-2.407,-1.066
-2.585,-0.568
-2.596,-0.17
-2.549,-2.027
-2.757,-0.631
-2.594,-2.874
-2.836,-2.784
-2.838,-3.449
2.967,-3.66
2.392,-3.809
2.264,-3.702
1.757,-3.734
1.177,-3.875
1.167,-3.838
0.804,-3.561
0.095,-3.769
-0.065,-3.908
-0.005,-3.807
-0.229,-3.745
-0.408,-3.894
-0.697,-3.919
-1.001,-3.706
-1.376,-3.868
-1.623,-3.671
-2.011,-3.777
-2.402,-3.846
-2.825,0.633
-2.981,0.812
-3.054,0.81
-2.958,0.808
-2.996,0.733
2.379,0.762
0.582,0.616
0.482,0.592
0.325,0.699
-0.358,0.421
-0.98,0.715
-1.515,0.524
2.312,-0.132
2.162,0.091
2.162,-2.627
1.995,0.233
-0.837,-0.896
-1.385,-0.113
-1.52,-0.109
0.591,-2.421
0.074,-2.39
-1.082,-0.888
-1.078,-0.783
-2.105,-1.266
-2.092,-0.462
-2.249,-1.299
-2.244,-0.296
2.978,-2.648
2.979,-1.641
0.611,-1.489
3.08,0.515
-1.134,-3.396
-1.262,0.617
-0.025,-2.988
-0.02,-0.795
0.025,-1.101
-0.063,-1.454
-0.124,-1.976
-0.067,-1.85
-0.128,0.074
-0.225,-0.351
-0.168,-2.253
-0.247,-1.329
-0.295,-0.48
-0.389,-1.03
-0.321,-3.072
-0.371,-1.925
-0.412,0.213
-0.488,-1.319
-0.53,-2.837
-0.531,-1.152
-0.501,-2.621
-0.494,-2.654
-0.666,-0.472
-0.637,-1.047
-0.722,-0.953
-0.729,-2.665
-0.719,-1.582
-0.774,-1.942
-0.943,0.659
-0.885,-2.772
-0.947,-2.892
-1.017,-3.138
-0.952,0.603
-1.063,-2.236
-1.095,0.743
-1.094,-1.707
-1.124,-1.88
-1.289,0.768
-1.394,-1.671
-1.333,-2.719
-1.365,-1.958
-1.398,-2.183
-1.542,-2.902
-1.599,-1.345
-1.684,0.488
-1.72,0.787
-1.725,-1.734
-1.835,-0.499
-1.803,-2.654
-1.866,-2.382
-1.856,-3.103
-1.86,0.159
-1.918,0.374
-1.905,0.735
-2.093,-3.096
-2.351,-2.49
-2.443,-2.206
-2.448,-0.62
-2.433,-1.046
-2.456,0.651
-2.465,-0.572
-2.53,0.635
-2.494,-2.294
-2.493,-0.43
-2.564,-0.629
-2.649,-1.323
-2.65,0.057
-2.704,-1.295
-2.702,-2.803
-2.722,0.286
-2.709,-1.516
-2.772,-1.528
-2.799,-1.075
-3.117,-3.536
2.618,-3.188
2.589,-3.293
2.601,-3.207
2.427,-3.59
0.91,-3.111
0.584,-3.333
0.366,-3.26
0.084,-3.252
-0.182,-3.571
-0.39,-3.489
-0.459,-3.549
-0.802,-3.313
-0.905,-3.359
-1.001,-3.661
-1.555,-3.343
-1.906,-3.387
-2.032,-3.417
-2.235,-3.52
-2.182,-3.29
-2.303,-3.549
-2.729,-3.532
-2.913,0.822
-2.918,0.988
2.861,1.187
2.422,1.117
2.243,0.937
1.348,1.261
1.046,0.964
1.055,1.161
0.973,1.237
0.846,1.277
0.696,0.879
0.767,0.942
0.513,1.176
0.441,1.306
0.328,1.201
0.242,0.885
-0.045,1.294
-0.39,1.075
-0.675,1.223
-1.31,0.96
-1.635,1.032
-1.696,1.067
-2.051,0.923
-2.421,1.248
-2.41,1.189
-2.673,1.12
2.723,-2.117
2.228,-1.609
1.586,0.412
0.605,-2.516
-0.713,-0.532
-1.421,0.451
0.828,-3.535
-2.993,1.149
-2.778,0.721
-2.931,-1.056
-3.018,0.733
3.138,0.393
-3.065,-2.712
-3.053,-0.864
2.988,-1.089
2.971,0.294
2.918,0.846
2.788,-2.081
2.678,-0.828
2.764,-1.324
2.76,-0.715
2.712,-0.392
2.644,-1.102
2.617,-0.717
2.558,-0.21
2.464,-0.066
2.268,0.7
2.244,0.413
2.324,0.592
2.26,-2.292
2.053,0.342
1.905,-0.798
1.82,-1.877
1.776,-2.925
1.903,-2.7
1.686,-3.05
1.678,-2.113
1.665,-2.06
1.772,-0.113
1.733,-1.173
1.629,-1.528
1.554,-1.689
1.562,-0.097
1.553,-3.141
1.354,-1.886
1.466,-1.672
1.427,-2.186
1.243,0.733
1.297,-1.503
1.229,0.823
0.982,0.562
0.823,-1.128
0.783,-1.895
0.637,-2.921
0.716,-1.683
0.524,-1.074
0.606,-3.003
0.585,-1.861
0.424,-1.608
0.496,-1.516
0.388,0.4
0.379,-2.666
0.366,0.125
0.337,-1.057
0.271,-1.619
0.282,-2.133
0.313,-0.978
0.236,-0.283
-0.157,-1.382
-0.129,-1.412
-0.233,-2.028
-0.167,-2.721
-0.191,0.197
-0.407,0.314
-0.312,-3.121
-0.448,-2.648
-0.458,-2.828
-0.388,-0.451
-0.386,0.572
-0.576,0.428
-0.494,0.113
-0.667,-1.539
-0.685,-2.811
-0.666,-1.703
-0.693,-0.929
-0.822,0.785
-0.871,0.311
-0.752,-1.101
-0.889,-1.903
-0.914,-2.108
-0.995,0.602
-1.376,0.877
-1.369,-2.178
-1.676,-1.899
-1.605,-0.617
-1.694,-1.064
-1.911,0.37
-1.802,-2.186
-2.007,-1.896
-2.027,-1.939
-2.478,-1.046
-2.406,-0.665
-2.584,-0.167
-2.595,0.231
-2.548,-1.626
-2.756,-0.23
-2.593,-2.473
-2.835,-2.383
-2.837,-3.048
2.968,-3.259
2.393,-3.408
2.265,-3.301
1.758,-3.333
1.178,-3.474
1.168,-3.437
0.805,-3.16
0.096,-3.368
-0.064,-3.507
-0.004,-3.406
-0.228,-3.344
-0.407,-3.493
-0.696,-3.518
-1.0,-3.305
-1.375,-3.467
-1.622,-3.27
-2.01,-3.376
-2.401,-3.445
-2.824,1.034
-2.98,1.213
-3.053,1.211
-2.957,1.209
-2.995,1.134
2.38,1.163
0.583,1.017
0.483,0.993
0.326,1.1
-0.357,0.822
-0.979,1.116
-1.514,0.925
2.313,0.269
2.163,0.492
2.163,-2.226
1.996,0.634
-0.836,-0.495
-1.384,0.288
-1.519,0.292
0.592,-2.02
0.075,-1.989
-1.081,-0.487
-1.077,-0.382
-2.104,-0.865
-2.091,-0.061
-2.248,-0.898
-2.243,0.105
2.979,-2.247
2.98,-1.24
0.612,-1.088
3.081,0.916
-1.133,-2.995
-1.261,1.018
0.005,2.193
0.05,1.887
-0.038,1.534
-0.099,1.012
-0.042,1.138
-0.103,3.062
-0.2,2.637
-0.143,0.735
-0.222,1.659
-0.27,2.508
-0.364,1.958
-0.296,-0.084
-0.346,1.063
-0.387,3.201
-0.463,1.669
-0.505,0.151
-0.506,1.836
-0.476,0.367
-0.469,0.334
-0.641,2.516
-0.612,1.941
-0.697,2.035
-0.704,0.323
-0.694,1.406
-0.749,1.046
-0.918,3.647
-0.86,0.216
-0.922,0.096
-0.992,-0.15
-0.927,3.591
-1.038,0.752
-1.07,3.731
-1.069,1.281
-1.099,1.108
-1.264,3.756
-1.369,1.317
-1.308,0.269
-1.34,1.03
-1.373,0.805
-1.517,0.086
-1.574,1.643
-1.659,3.476
-1.695,3.775
-1.7,1.254
-1.81,2.489
-1.778,0.334
-1.841,0.606
-1.831,-0.115
-1.835,3.147
-1.893,3.362
-1.88,3.723
-2.068,-0.108
-2.326,0.498
-2.418,0.782
-2.423,2.368
-2.408,1.942
-2.431,3.639
-2.44,2.416
-2.505,3.623
-2.469,0.694
-2.468,2.558
-2.539,2.359
-2.624,1.665
-2.625,3.045
-2.679,1.693
-2.677,0.185
-2.697,3.274
-2.684,1.472
-2.747,1.46
-2.774,1.913
-3.092,-0.548
2.643,-0.2
2.614,-0.305
2.626,-0.219
2.452,-0.602
0.935,-0.123
0.609,-0.345
0.391,-0.272
0.109,-0.264
-0.157,-0.583
-0.365,-0.501
-0.434,-0.561
-0.777,-0.325
-0.88,-0.371
-0.976,-0.673
-1.53,-0.355
-1.881,-0.399
-2.007,-0.429
-2.21,-0.532
-2.157,-0.302
-2.278,-0.561
-2.704,-0.544
-2.888,3.81
-2.893,3.976
2.886,4.175
2.447,4.105
2.268,3.925
1.373,4.249
1.071,3.952
1.08,4.149
0.998,4.225
0.871,4.265
0.721,3.867
0.792,3.93
0.538,4.164
0.466,4.294
0.353,4.189
0.267,3.873
-0.02,4.282
-0.365,4.063
-0.65,4.211
-1.285,3.948
-1.61,4.02
-1.671,4.055
-2.026,3.911
-2.396,4.236
-2.385,4.177
-2.648,4.108
2.748,0.871
2.253,1.379
1.611,3.4
0.63,0.472
-0.688,2.456
-1.396,3.439
0.853,-0.547
-2.968,4.137
-2.753,3.709
-2.906,1.932
-2.993,3.721
-3.12,3.381
-3.04,0.276
-3.028,2.124
3.013,1.899
2.996,3.282
2.943,3.834
2.813,0.907
2.703,2.16
2.789,1.664
2.785,2.273
2.737,2.596
2.669,1.886
2.642,2.271
2.583,2.778
2.489,2.922
2.293,3.688
2.269,3.401
2.349,3.58
2.285,0.696
2.078,3.33
1.93,2.19
1.845,1.111
1.801,0.063
1.928,0.288
1.711,-0.062
1.703,0.875
1.69,0.928
1.797,2.875
1.758,1.815
1.654,1.46
1.579,1.299
1.587,2.891
1.578,-0.153
1.379,1.102
1.491,1.316
1.452,0.802
1.268,3.721
1.322,1.485
1.254,3.811
1.007,3.55
0.848,1.86
0.808,1.093
0.662,0.067
0.741,1.305
0.549,1.914
0.631,-0.015
0.61,1.127
0.449,1.38
0.521,1.472
0.413,3.388
0.404,0.322
0.391,3.113
0.362,1.931
0.296,1.369
0.307,0.855
0.338,2.01
0.261,2.705
-0.132,1.606
-0.104,1.576
-0.208,0.96
-0.142,0.267
-0.166,3.185
-0.382,3.302
-0.287,-0.133
-0.423,0.34
-0.433,0.16
-0.363,2.537
-0.361,3.56
-0.551,3.416
-0.469,3.101
-0.642,1.449
-0.66,0.177
-0.641,1.285
-0.668,2.059
-0.797,3.773
-0.846,3.299
-0.727,1.887
-0.864,1.085
-0.889,0.88
-0.97,3.59
-1.351,3.865
-1.344,0.81
-1.651,1.089
-1.58,2.371
-1.669,1.924
-1.886,3.358
-1.777,0.802
-1.982,1.092
-2.002,1.049
-2.453,1.942
-2.381,2.323
-2.559,2.821
-2.57,3.219
-2.523,1.362
-2.731,2.758
-2.568,0.515
-2.81,0.605
-2.812,-0.06
2.993,-0.271
2.418,-0.42
2.29,-0.313
1.783,-0.345
1.203,-0.486
1.193,-0.449
0.83,-0.172
0.121,-0.38
-0.039,-0.519
0.021,-0.418
-0.203,-0.356
-0.382,-0.505
-0.671,-0.53
-0.975,-0.317
-1.35,-0.479
-1.597,-0.282
-1.985,-0.388
-2.376,-0.457
-2.799,4.022
-2.955,4.201
-3.028,4.199
-2.932,4.197
-2.97,4.122
2.405,4.151
0.608,4.005
0.508,3.981
0.351,4.088
-0.332,3.81
-0.954,4.104
-1.489,3.913
2.338,3.257
2.188,3.48
2.188,0.762
2.021,3.622
-0.811,2.493
-1.359,3.276
-1.494,3.28
0.617,0.968
0.1,0.999
-1.056,2.501
-1.052,2.606
-2.079,2.123
-2.066,2.927
-2.223,2.09
-2.218,3.093
3.004,0.741
3.005,1.748
0.637,1.9
3.106,3.904
-1.108,-0.007
-1.236,4.006
0.045,-0.306
-0.043,-0.659
-0.104,-1.181
-0.047,-1.055
-0.108,0.869
-0.205,0.444
-0.148,-1.458
-0.227,-0.534
-0.275,0.315
-0.369,-0.235
-0.301,-2.277
-0.351,-1.13
-0.392,1.008
-0.468,-0.524
-0.51,-2.042
-0.511,-0.357
-0.481,-1.826
-0.474,-1.859
-0.646,0.323
-0.617,-0.252
-0.702,-0.158
-0.709,-1.87
-0.699,-0.787
-0.754,-1.147
-0.923,1.454
-0.865,-1.977
-0.927,-2.097
-0.997,-2.343
-0.932,1.398
-1.043,-1.441
-1.075,1.538
-1.074,-0.912
-1.104,-1.085
-1.269,1.563
-1.374,-0.876
-1.313,-1.924
-1.345,-1.163
-1.378,-1.388
-1.522,-2.107
-1.579,-0.55
-1.664,1.283
-1.7,1.582
-1.705,-0.939
-1.815,0.296
-1.783,-1.859
-1.846,-1.587
-1.836,-2.308
-1.84,0.954
-1.898,1.169
-1.885,1.53
-2.073,-2.301
-2.331,-1.695
-2.423,-1.411
-2.428,0.175
-2.413,-0.251
-2.436,1.446
-2.445,0.223
-2.51,1.43
-2.474,-1.499
-2.473,0.365
-2.544,0.166
-2.629,-0.528
-2.63,0.852
-2.684,-0.5
-2.682,-2.008
-2.702,1.081
-2.689,-0.721
-2.752,-0.733
-2.779,-0.28
-3.097,-2.741
2.638,-2.393
2.609,-2.498
2.621,-2.412
2.447,-2.795
0.93,-2.316
0.604,-2.538
0.386,-2.465
0.104,-2.457
-0.162,-2.776
-0.37,-2.694
-0.439,-2.754
-0.782,-2.518
-0.885,-2.564
-0.981,-2.866
-1.535,-2.548
-1.886,-2.592
-2.012,-2.622
-2.215,-2.725
-2.162,-2.495
-2.283,-2.754
-2.709,-2.737
-2.893,1.617
-2.898,1.783
2.881,1.982
2.442,1.912
2.263,1.732
1.368,2.056
1.066,1.759
1.075,1.956
0.993,2.032
0.866,2.072
0.716,1.674
0.787,1.737
0.533,1.971
0.461,2.101
0.348,1.996
0.262,1.68
-0.025,2.089
-0.37,1.87
-0.655,2.018
-1.29,1.755
-1.615,1.827
-1.676,1.862
-2.031,1.718
-2.401,2.043
-2.39,1.984
-2.653,1.915
2.743,-1.322
2.248,-0.814
1.606,1.207
0.625,-1.721
-0.693,0.263
-1.401,1.246
0.848,-2.74
-2.973,1.944
-2.758,1.516
-2.911,-0.261
-2.998,1.528
-3.125,1.188
-3.045,-1.917
-3.033,-0.069
3.008,-0.294
2.991,1.089
2.938,1.641
2.808,-1.286
2.698,-0.033
2.784,-0.529
2.78,0.08
2.732,0.403
2.664,-0.307
2.637,0.078
2.578,0.585
2.484,0.729
2.288,1.495
2.264,1.208
2.344,1.387
2.28,-1.497
2.073,1.137
1.925,-0.003
1.84,-1.082
1.796,-2.13
1.923,-1.905
1.706,-2.255
1.698,-1.318
1.685,-1.265
1.792,0.682
1.753,-0.378
1.649,-0.733
1.574,-0.894
1.582,0.698
1.573,-2.346
1.374,-1.091
1.486,-0.877
1.447,-1.391
1.263,1.528
1.317,-0.708
1.249,1.618
1.002,1.357
0.843,-0.333
0.803,-1.1
0.657,-2.126
0.736,-0.888
0.544,-0.279
0.626,-2.208
0.605,-1.066
0.444,-0.813
0.516,-0.721
0.408,1.195
0.399,-1.871
0.386,0.92
0.357,-0.262
0.291,-0.824
0.302,-1.338
0.333,-0.183
0.256,0.512
-0.137,-0.587
-0.109,-0.617
-0.213,-1.233
-0.147,-1.926
-0.171,0.992
-0.387,1.109
-0.292,-2.326
-0.428,-1.853
-0.438,-2.033
-0.368,0.344
-0.366,1.367
-0.556,1.223
-0.474,0.908
-0.647,-0.744
-0.665,-2.016
-0.646,-0.908
-0.673,-0.134
-0.802,1.58
-0.851,1.106
-0.732,-0.306
-0.869,-1.108
-0.894,-1.313
-0.975,1.397
-1.356,1.672
-1.349,-1.383
-1.656,-1.104
-1.585,0.178
-1.674,-0.269
-1.891,1.165
-1.782,-1.391
-1.987,-1.101
-2.007,-1.144
-2.458,-0.251
-2.386,0.13
-2.564,0.628
-2.575,1.026
-2.528,-0.831
-2.736,0.565
-2.573,-1.678
-2.815,-1.588
-2.817,-2.253
2.988,-2.464
2.413,-2.613
2.285,-2.506
1.778,-2.538
1.198,-2.679
1.188,-2.642
0.825,-2.365
0.116,-2.573
-0.044,-2.712
0.016,-2.611
-0.208,-2.549
-0.387,-2.698
-0.676,-2.723
-0.98,-2.51
-1.355,-2.672
-1.602,-2.475
-1.99,-2.581
-2.381,-2.65
-2.804,1.829
-2.96,2.008
-3.033,2.006
-2.937,2.004
-2.975,1.929
2.4,1.958
0.603,1.812
0.503,1.788
0.346,1.895
-0.337,1.617
-0.959,1.911
-1.494,1.72
2.333,1.064
2.183,1.287
2.183,-1.431
2.016,1.429
-0.816,0.3
-1.364,1.083
-1.499,1.087
0.612,-1.225
0.095,-1.194
-1.061,0.308
-1.057,0.413
-2.084,-0.07
-2.071,0.734
-2.228,-0.103
-2.223,0.9
2.999,-1.452
3.0,-0.445
0.632,-0.293
3.101,1.711
-1.113,-2.2
-1.241,1.813
-0.088,-0.353
-0.149,-0.875
-0.092,-0.749
-0.153,1.175
-0.25,0.75
-0.193,-1.152
-0.272,-0.228
-0.32,0.621
-0.414,0.071
-0.346,-1.971
-0.396,-0.824
-0.437,1.314
-0.513,-0.218
-0.555,-1.736
-0.556,-0.051
-0.526,-1.52
-0.519,-1.553
-0.691,0.629
-0.662,0.054
-0.747,0.148
-0.754,-1.564
-0.744,-0.481
-0.799,-0.841
-0.968,1.76
-0.91,-1.671
-0.972,-1.791
-1.042,-2.037
-0.977,1.704
-1.088,-1.135
-1.12,1.844
-1.119,-0.606
-1.149,-0.779
-1.314,1.869
-1.419,-0.57
-1.358,-1.618
-1.39,-0.857
-1.423,-1.082
-1.567,-1.801
-1.624,-0.244
-1.709,1.589
-1.745,1.888
-1.75,-0.633
-1.86,0.602
-1.828,-1.553
-1.891,-1.281
-1.881,-2.002
-1.885,1.26
-1.943,1.475
-1.93,1.836
-2.118,-1.995
-2.376,-1.389
-2.468,-1.105
-2.473,0.481
-2.458,0.055
-2.481,1.752
-2.49,0.529
-2.555,1.736
-2.519,-1.193
-2.518,0.671
-2.589,0.472
-2.674,-0.222
-2.675,1.158
-2.729,-0.194
-2.727,-1.702
-2.747,1.387
-2.734,-0.415
-2.797,-0.427
-2.824,0.026
3.141,-2.435
2.593,-2.087
2.564,-2.192
2.576,-2.106
2.402,-2.489
0.885,-2.01
0.559,-2.232
0.341,-2.159
0.059,-2.151
-0.207,-2.47
-0.415,-2.388
-0.484,-2.448
-0.827,-2.212
-0.93,-2.258
-1.026,-2.56
-1.58,-2.242
-1.931,-2.286
-2.057,-2.316
-2.26,-2.419
-2.207,-2.189
-2.328,-2.448
-2.754,-2.431
-2.938,1.923
-2.943,2.089
2.836,2.288
2.397,2.218
2.218,2.038
1.323,2.362
1.021,2.065
1.03,2.262
0.948,2.338
0.821,2.378
0.671,1.98
0.742,2.043
0.488,2.277
0.416,2.407
0.303,2.302
0.217,1.986
-0.07,2.395
-0.415,2.176
-0.7,2.324
-1.335,2.061
-1.66,2.133
-1.721,2.168
-2.076,2.024
-2.446,2.349
-2.435,2.29
-2.698,2.221
2.698,-1.016
2.203,-0.508
1.561,1.513
0.58,-1.415
-0.738,0.569
-1.446,1.552
0.803,-2.434
-3.018,2.25
-2.803,1.822
-2.956,0.045
-3.043,1.834
3.113,1.494
-3.09,-1.611
-3.078,0.237
2.963,0.012
2.946,1.395
2.893,1.947
2.763,-0.98
2.653,0.273
2.739,-0.223
2.735,0.386
2.687,0.709
2.619,-0.001
2.592,0.384
2.533,0.891
2.439,1.035
2.243,1.801
2.219,1.514
2.299,1.693
2.235,-1.191
2.028,1.443
1.88,0.303
1.795,-0.776
1.751,-1.824
1.878,-1.599
1.661,-1.949
1.653,-1.012
1.64,-0.959
1.747,0.988
1.708,-0.072
1.604,-0.427
1.529,-0.588
1.537,1.004
1.528,-2.04
1.329,-0.785
1.441,-0.571
1.402,-1.085
1.218,1.834
1.272,-0.402
1.204,1.924
0.957,1.663
0.798,-0.027
0.758,-0.794
0.612,-1.82
0.691,-0.582
0.499,0.027
0.581,-1.902
0.56,-0.76
0.399,-0.507
0.471,-0.415
0.363,1.501
0.354,-1.565
0.341,1.226
0.312,0.044
0.246,-0.518
0.257,-1.032
0.288,0.123
0.211,0.818
-0.182,-0.281
-0.154,-0.311
-0.258,-0.927
-0.192,-1.62
-0.216,1.298
-0.432,1.415
-0.337,-2.02
-0.473,-1.547
-0.483,-1.727
-0.413,0.65
-0.411,1.673
-0.601,1.529
-0.519,1.214
-0.692,-0.438
-0.71,-1.71
-0.691,-0.602
-0.718,0.172
-0.847,1.886
-0.896,1.412
-0.777,0.0
-0.914,-0.802
-0.939,-1.007
-1.02,1.703
-1.401,1.978
-1.394,-1.077
-1.701,-0.798
-1.63,0.484
-1.719,0.037
-1.936,1.471
-1.827,-1.085
-2.032,-0.795
-2.052,-0.838
-2.503,0.055
-2.431,0.436
-2.609,0.934
-2.62,1.332
-2.573,-0.525
-2.781,0.871
-2.618,-1.372
-2.86,-1.282
-2.862,-1.947
2.943,-2.158
2.368,-2.307
2.24,-2.2
1.733,-2.232
1.153,-2.373
1.143,-2.336
0.78,-2.059
0.071,-2.267
-0.089,-2.406
-0.029,-2.305
-0.253,-2.243
-0.432,-2.392
-0.721,-2.417
-1.025,-2.204
-1.4,-2.366
-1.647,-2.169
-2.035,-2.275
-2.426,-2.344
-2.849,2.135
-3.005,2.314
-3.078,2.312
-2.982,2.31
-3.02,2.235
2.355,2.264
0.558,2.118
0.458,2.094
0.301,2.201
-0.382,1.923
-1.004,2.217
-1.539,2.026
2.288,1.37
2.138,1.593
2.138,-1.125
1.971,1.735
-0.861,0.606
-1.409,1.389
-1.544,1.393
0.567,-0.919
0.05,-0.888
-1.106,0.614
-1.102,0.719
-2.129,0.236
-2.116,1.04
-2.273,0.203
-2.268,1.206
2.954,-1.146
2.955,-0.139
0.587,0.013
3.056,2.017
-1.158,-1.894
-1.286,2.119
-0.061,-0.522
-0.004,-0.396
-0.065,1.528
-0.162,1.103
-0.105,-0.799
-0.184,0.125
-0.232,0.974
-0.326,0.424
-0.258,-1.618
-0.308,-0.471
-0.349,1.667
-0.425,0.135
-0.467,-1.383
-0.468,0.302
-0.438,-1.167
-0.431,-1.2
-0.603,0.982
-0.574,0.407
-0.659,0.501
-0.666,-1.211
-0.656,-0.128
-0.711,-0.488
-0.88,2.113
-0.822,-1.318
-0.884,-1.438
-0.954,-1.684
-0.889,2.057
-1.0,-0.782
-1.032,2.197
-1.031,-0.253
-1.061,-0.426
-1.226,2.222
-1.331,-0.217
-1.27,-1.265
-1.302,-0.504
-1.335,-0.729
-1.479,-1.448
-1.536,0.109
-1.621,1.942
-1.657,2.241
-1.662,-0.28
-1.772,0.955
-1.74,-1.2
-1.803,-0.928
-1.793,-1.649
-1.797,1.613
-1.855,1.828
-1.842,2.189
-2.03,-1.642
-2.288,-1.036
-2.38,-0.752
-2.385,0.834
-2.37,0.408
-2.393,2.105
-2.402,0.882
-2.467,2.089
-2.431,-0.84
-2.43,1.024
-2.501,0.825
-2.586,0.131
-2.587,1.511
-2.641,0.159
-2.639,-1.349
-2.659,1.74
-2.646,-0.062
-2.709,-0.074
-2.736,0.379
-3.054,-2.082
2.681,-1.734
2.652,-1.839
2.664,-1.753
2.49,-2.136
0.973,-1.657
0.647,-1.879
0.429,-1.806
0.147,-1.798
-0.119,-2.117
-0.327,-2.035
-0.396,-2.095
-0.739,-1.859
-0.842,-1.905
-0.938,-2.207
-1.492,-1.889
-1.843,-1.933
-1.969,-1.963
-2.172,-2.066
-2.119,-1.836
-2.24,-2.095
-2.666,-2.078
-2.85,2.276
-2.855,2.442
2.924,2.641
2.485,2.571
2.306,2.391
1.411,2.715
1.109,2.418
1.118,2.615
1.036,2.691
0.909,2.731
0.759,2.333
0.83,2.396
0.576,2.63
0.504,2.76
0.391,2.655
0.305,2.339
0.018,2.748
-0.327,2.529
-0.612,2.677
-1.247,2.414
-1.572,2.486
-1.633,2.521
-1.988,2.377
-2.358,2.702
-2.347,2.643
-2.61,2.574
2.786,-0.663
2.291,-0.155
1.649,1.866
0.668,-1.062
-0.65,0.922
-1.358,1.905
0.891,-2.081
-2.93,2.603
-2.715,2.175
-2.868,0.398
-2.955,2.187
-3.082,1.847
-3.002,-1.258
-2.99,0.59
3.051,0.365
3.034,1.748
2.981,2.3
2.851,-0.627
2.741,0.626
2.827,0.13
2.823,0.739
2.775,1.062
2.707,0.352
2.68,0.737
2.621,1.244
2.527,1.388
2.331,2.154
2.307,1.867
2.387,2.046
2.323,-0.838
2.116,1.796
1.968,0.656
1.883,-0.423
1.839,-1.471
1.966,-1.246
1.749,-1.596
1.741,-0.659
1.728,-0.606
1.835,1.341
1.796,0.281
1.692,-0.074
1.617,-0.235
1.625,1.357
1.616,-1.687
1.417,-0.432
1.529,-0.218
1.49,-0.732
1.306,2.187
1.36,-0.049
1.292,2.277
1.045,2.016
0.886,0.326
0.846,-0.441
0.7,-1.467
0.779,-0.229
0.587,0.38
0.669,-1.549
0.648,-0.407
0.487,-0.154
0.559,-0.062
0.451,1.854
0.442,-1.212
0.429,1.579
0.4,0.397
0.334,-0.165
0.345,-0.679
0.376,0.476
0.299,1.171
-0.094,0.072
-0.066,0.042
-0.17,-0.574
-0.104,-1.267
-0.128,1.651
-0.344,1.768
-0.249,-1.667
-0.385,-1.194
-0.395,-1.374
-0.325,1.003
-0.323,2.026
-0.513,1.882
-0.431,1.567
-0.604,-0.085
-0.622,-1.357
-0.603,-0.249
-0.63,0.525
-0.759,2.239
-0.808,1.765
-0.689,0.353
-0.826,-0.449
-0.851,-0.654
-0.932,2.056
-1.313,2.331
-1.306,-0.724
-1.613,-0.445
-1.542,0.837
-1.631,0.39
-1.848,1.824
-1.739,-0.732
-1.944,-0.442
-1.964,-0.485
-2.415,0.408
-2.343,0.789
-2.521,1.287
-2.532,1.685
-2.485,-0.172
-2.693,1.224
-2.53,-1.019
-2.772,-0.929
-2.774,-1.594
3.031,-1.805
2.456,-1.954
2.328,-1.847
1.821,-1.879
1.241,-2.02
1.231,-1.983
0.868,-1.706
0.159,-1.914
-0.001,-2.053
0.059,-1.952
-0.165,-1.89
-0.344,-2.039
-0.633,-2.064
-0.937,-1.851
-1.312,-2.013
-1.559,-1.816
-1.947,-1.922
-2.338,-1.991
-2.761,2.488
-2.917,2.667
-2.99,2.665
-2.894,2.663
-2.932,2.588
2.443,2.617
0.646,2.471
0.546,2.447
0.389,2.554
-0.294,2.276
-0.916,2.57
-1.451,2.379
2.376,1.723
2.226,1.946
2.226,-0.772
2.059,2.088
-0.773,0.959
-1.321,1.742
-1.456,1.746
0.655,-0.566
0.138,-0.535
-1.018,0.967
-1.014,1.072
-2.041,0.589
-2.028,1.393
-2.185,0.556
-2.18,1.559
3.042,-0.793
3.043,0.214
0.675,0.366
-3.139,2.37
-1.07,-1.541
-1.198,2.472
0.057,0.126
-0.004,2.05
-0.101,1.625
-0.044,-0.277
-0.123,0.647
-0.171,1.496
-0.265,0.946
-0.197,-1.096
-0.247,0.051
-0.288,2.189
-0.364,0.657
-0.406,-0.861
-0.407,0.824
-0.377,-0.645
-0.37,-0.678
-0.542,1.504
-0.513,0.929
-0.598,1.023
-0.605,-0.689
-0.595,0.394
-0.65,0.034
-0.819,2.635
-0.761,-0.796
-0.823,-0.916
-0.893,-1.162
-0.828,2.579
-0.939,-0.26
-0.971,2.719
-0.97,0.269
-1.0,0.096
-1.165,2.744
-1.27,0.305
-1.209,-0.743
-1.241,0.018
-1.274,-0.207
-1.418,-0.926
-1.475,0.631
-1.56,2.464
-1.596,2.763
-1.601,0.242
-1.711,1.477
-1.679,-0.678
-1.742,-0.406
-1.732,-1.127
-1.736,2.135
-1.794,2.35
-1.781,2.711
-1.969,-1.12
-2.227,-0.514
-2.319,-0.23
-2.324,1.356
-2.309,0.93
-2.332,2.627
-2.341,1.404
-2.406,2.611
-2.37,-0.318
-2.369,1.546
-2.44,1.347
-2.525,0.653
-2.526,2.033
-2.58,0.681
-2.578,-0.827
-2.598,2.262
-2.585,0.46
-2.648,0.448
-2.675,0.901
-2.993,-1.56
2.742,-1.212
2.713,-1.317
2.725,-1.231
2.551,-1.614
1.034,-1.135
0.708,-1.357
0.49,-1.284
0.208,-1.276
-0.058,-1.595
-0.266,-1.513
-0.335,-1.573
-0.678,-1.337
-0.781,-1.383
-0.877,-1.685
-1.431,-1.367
-1.782,-1.411
-1.908,-1.441
-2.111,-1.544
-2.058,-1.314
-2.179,-1.573
-2.605,-1.556
-2.789,2.798
-2.794,2.964
2.985,3.163
2.546,3.093
2.367,2.913
1.472,3.237
1.17,2.94
1.179,3.137
1.097,3.213
0.97,3.253
0.82,2.855
0.891,2.918
0.637,3.152
0.565,3.282
0.452,3.177
0.366,2.861
0.079,3.27
-0.266,3.051
-0.551,3.199
-1.186,2.936
-1.511,3.008
-1.572,3.043
-1.927,2.899
-2.297,3.224
-2.286,3.165
-2.549,3.096
2.847,-0.141
2.352,0.367
1.71,2.388
0.729,-0.54
-0.589,1.444
-1.297,2.427
0.952,-1.559
-2.869,3.125
-2.654,2.697
-2.807,0.92
-2.894,2.709
-3.021,2.369
-2.941,-0.736
-2.929,1.112
3.112,0.887
3.095,2.27
3.042,2.822
2.912,-0.105
2.802,1.148
2.888,0.652
2.884,1.261
2.836,1.584
2.768,0.874
2.741,1.259
2.682,1.766
2.588,1.91
2.392,2.676
2.368,2.389
2.448,2.568
2.384,-0.316
2.177,2.318
2.029,1.178
1.944,0.099
1.9,-0.949
2.027,-0.724
1.81,-1.074
1.802,-0.137
1.789,-0.084
1.896,1.863
1.857,0.803
1.753,0.448
1.678,0.287
1.686,1.879
1.677,-1.165
1.478,0.09
1.59,0.304
1.551,-0.21
1.367,2.709
1.421,0.473
1.353,2.799
1.106,2.538
0.947,0.848
0.907,0.081
0.761,-0.945
0.84,0.293
0.648,0.902
0.73,-1.027
0.709,0.115
0.548,0.368
0.62,0.46
0.512,2.376
0.503,-0.69
0.49,2.101
0.461,0.919
0.395,0.357
0.406,-0.157
0.437,0.998
0.36,1.693
-0.033,0.594
-0.005,0.564
-0.109,-0.052
-0.043,-0.745
-0.067,2.173
-0.283,2.29
-0.188,-1.145
-0.324,-0.672
-0.334,-0.852
-0.264,1.525
-0.262,2.548
-0.452,2.404
-0.37,2.089
-0.543,0.437
-0.561,-0.835
-0.542,0.273
-0.569,1.047
-0.698,2.761
-0.747,2.287
-0.628,0.875
-0.765,0.073
-0.79,-0.132
-0.871,2.578
-1.252,2.853
-1.245,-0.202
-1.552,0.077
-1.481,1.359
-1.57,0.912
-1.787,2.346
-1.678,-0.21
-1.883,0.08
-1.903,0.037
-2.354,0.93
-2.282,1.311
-2.46,1.809
-2.471,2.207
-2.424,0.35
-2.632,1.746
-2.469,-0.497
-2.711,-0.407
-2.713,-1.072
3.092,-1.283
2.517,-1.432
2.389,-1.325
1.882,-1.357
1.302,-1.498
1.292,-1.461
0.929,-1.184
0.22,-1.392
0.06,-1.531
0.12,-1.43
-0.104,-1.368
-0.283,-1.517
-0.572,-1.542
-0.876,-1.329
-1.251,-1.491
-1.498,-1.294
-1.886,-1.4
-2.277,-1.469
-2.7,3.01
-2.856,3.189
-2.929,3.187
-2.833,3.185
-2.871,3.11
2.504,3.139
0.707,2.993
0.607,2.969
0.45,3.076
-0.233,2.798
-0.855,3.092
-1.39,2.901
2.437,2.245
2.287,2.468
2.287,-0.25
2.12,2.61
-0.712,1.481
-1.26,2.264
-1.395,2.268
0.716,-0.044
0.199,-0.013
-0.957,1.489
-0.953,1.594
-1.98,1.111
-1.967,1.915
-2.124,1.078
-2.119,2.081
3.103,-0.271
3.104,0.736
0.736,0.888
-3.078,2.892
-1.009,-1.019
-1.137,2.994
-0.061,1.924
-0.158,1.499
-0.101,-0.403
-0.18,0.521
-0.228,1.37
-0.322,0.82
-0.254,-1.222
-0.304,-0.075
-0.345,2.063
-0.421,0.531
-0.463,-0.987
-0.464,0.698
-0.434,-0.771
-0.427,-0.804
-0.599,1.378
-0.57,0.803
-0.655,0.897
-0.662,-0.815
-0.652,0.268
-0.707,-0.092
-0.876,2.509
-0.818,-0.922
-0.88,-1.042
-0.95,-1.288
-0.885,2.453
-0.996,-0.386
-1.028,2.593
-1.027,0.143
-1.057,-0.03
-1.222,2.618
-1.327,0.179
-1.266,-0.869
-1.298,-0.108
-1.331,-0.333
-1.475,-1.052
-1.532,0.505
-1.617,2.338
-1.653,2.637
-1.658,0.116
-1.768,1.351
-1.736,-0.804
-1.799,-0.532
-1.789,-1.253
-1.793,2.009
-1.851,2.224
-1.838,2.585
-2.026,-1.246
-2.284,-0.64
-2.376,-0.356
-2.381,1.23
-2.366,0.804
-2.389,2.501
-2.398,1.278
-2.463,2.485
-2.427,-0.444
-2.426,1.42
-2.497,1.221
-2.582,0.527
-2.583,1.907
-2.637,0.555
-2.635,-0.953
-2.655,2.136
-2.642,0.334
-2.705,0.322
-2.732,0.775
-3.05,-1.686
2.685,-1.338
2.656,-1.443
2.668,-1.357
2.494,-1.74
0.977,-1.261
0.651,-1.483
0.433,-1.41
0.151,-1.402
-0.115,-1.721
-0.323,-1.639
-0.392,-1.699
-0.735,-1.463
-0.838,-1.509
-0.934,-1.811
-1.488,-1.493
-1.839,-1.537
-1.965,-1.567
-2.168,-1.67
-2.115,-1.44
-2.236,-1.699
-2.662,-1.682
-2.846,2.672
-2.851,2.838
2.928,3.037
2.489,2.967
2.31,2.787
1.415,3.111
1.113,2.814
1.122,3.011
1.04,3.087
0.913,3.127
0.763,2.729
0.834,2.792
0.58,3.026
0.508,3.156
0.395,3.051
0.309,2.735
0.022,3.144
-0.323,2.925
-0.608,3.073
-1.243,2.81
-1.568,2.882
-1.629,2.917
-1.984,2.773
-2.354,3.098
-2.343,3.039
-2.606,2.97
2.79,-0.267
2.295,0.241
1.653,2.262
0.672,-0.666
-0.646,1.318
-1.354,2.301
0.895,-1.685
-2.926,2.999
-2.711,2.571
-2.864,0.794
-2.951,2.583
-3.078,2.243
-2.998,-0.862
-2.986,0.986
3.055,0.761
3.038,2.144
2.985,2.696
2.855,-0.231
2.745,1.022
2.831,0.526
2.827,1.135
2.779,1.458
2.711,0.748
2.684,1.133
2.625,1.64
2.531,1.784
2.335,2.55
2.311,2.263
2.391,2.442
2.327,-0.442
2.12,2.192
1.972,1.052
1.887,-0.027
1.843,-1.075
1.97,-0.85
1.753,-1.2
1.745,-0.263
1.732,-0.21
1.839,1.737
1.8,0.677
1.696,0.322
1.621,0.161
1.629,1.753
1.62,-1.291
1.421,-0.036
1.533,0.178
1.494,-0.336
1.31,2.583
1.364,0.347
1.296,2.673
1.049,2.412
0.89,0.722
0.85,-0.045
0.704,-1.071
0.783,0.167
0.591,0.776
0.673,-1.153
0.652,-0.011
0.491,0.242
0.563,0.334
0.455,2.25
0.446,-0.816
0.433,1.975
0.404,0.793
0.338,0.231
0.349,-0.283
0.38,0.872
0.303,1.567
-0.09,0.468
-0.062,0.438
-0.166,-0.178
-0.1,-0.871
-0.124,2.047
-0.34,2.164
-0.245,-1.271
-0.381,-0.798
-0.391,-0.978
-0.321,1.399
-0.319,2.422
-0.509,2.278
-0.427,1.963
-0.6,0.311
-0.618,-0.961
-0.599,0.147
-0.626,0.921
-0.755,2.635
-0.804,2.161
-0.685,0.749
-0.822,-0.053
-0.847,-0.258
-0.928,2.452
-1.309,2.727
-1.302,-0.328
-1.609,-0.049
-1.538,1.233
-1.627,0.786
-1.844,2.22
-1.735,-0.336
-1.94,-0.046
-1.96,-0.089
-2.411,0.804
-2.339,1.185
-2.517,1.683
-2.528,2.081
-2.481,0.224
-2.689,1.62
-2.526,-0.623
-2.768,-0.533
-2.77,-1.198
3.035,-1.409
2.46,-1.558
2.332,-1.451
1.825,-1.483
1.245,-1.624
1.235,-1.587
0.872,-1.31
0.163,-1.518
0.003,-1.657
0.063,-1.556
-0.161,-1.494
-0.34,-1.643
-0.629,-1.668
-0.933,-1.455
-1.308,-1.617
-1.555,-1.42
-1.943,-1.526
-2.334,-1.595
-2.757,2.884
-2.913,3.063
-2.986,3.061
-2.89,3.059
-2.928,2.984
2.447,3.013
0.65,2.867
0.55,2.843
0.393,2.95
-0.29,2.672
-0.912,2.966
-1.447,2.775
2.38,2.119
2.23,2.342
2.23,-0.376
2.063,2.484
-0.769,1.355
-1.317,2.138
-1.452,2.142
0.659,-0.17
0.142,-0.139
-1.014,1.363
-1.01,1.468
-2.037,0.985
-2.024,1.789
-2.181,0.952
-2.176,1.955
3.046,-0.397
3.047,0.61
0.679,0.762
-3.135,2.766
-1.066,-1.145
-1.194,2.868
-0.097,-0.425
-0.04,-2.327
-0.119,-1.403
-0.167,-0.554
-0.261,-1.104
-0.193,-3.146
-0.243,-1.999
-0.284,0.139
-0.36,-1.393
-0.402,-2.911
-0.403,-1.226
-0.373,-2.695
-0.366,-2.728
-0.538,-0.546
-0.509,-1.121
-0.594,-1.027
-0.601,-2.739
-0.591,-1.656
-0.646,-2.016
-0.815,0.585
-0.757,-2.846
-0.819,-2.966
-0.889,-3.212
-0.824,0.529
-0.935,-2.31
-0.967,0.669
-0.966,-1.781
-0.996,-1.954
-1.161,0.694
-1.266,-1.745
-1.205,-2.793
-1.237,-2.032
-1.27,-2.257
-1.414,-2.976
-1.471,-1.419
-1.556,0.414
-1.592,0.713
-1.597,-1.808
-1.707,-0.573
-1.675,-2.728
-1.738,-2.456
-1.728,-3.177
-1.732,0.085
-1.79,0.3
-1.777,0.661
-1.965,-3.17
-2.223,-2.564
-2.315,-2.28
-2.32,-0.694
-2.305,-1.12
-2.328,0.577
-2.337,-0.646
-2.402,0.561
-2.366,-2.368
-2.365,-0.504
-2.436,-0.703
-2.521,-1.397
-2.522,-0.017
-2.576,-1.369
-2.574,-2.877
-2.594,0.212
-2.581,-1.59
-2.644,-1.602
-2.671,-1.149
-2.989,-3.61
2.746,-3.262
2.717,-3.367
2.729,-3.281
2.555,-3.664
1.038,-3.185
0.712,-3.407
0.494,-3.334
0.212,-3.326
-0.054,-3.645
-0.262,-3.563
-0.331,-3.623
-0.674,-3.387
-0.777,-3.433
-0.873,-3.735
-1.427,-3.417
-1.778,-3.461
-1.904,-3.491
-2.107,-3.594
-2.054,-3.364
-2.175,-3.623
-2.601,-3.606
-2.785,0.748
-2.79,0.914
2.989,1.113
2.55,1.043
2.371,0.863
1.476,1.187
1.174,0.89
1.183,1.087
1.101,1.163
0.974,1.203
0.824,0.805
0.895,0.868
0.641,1.102
0.569,1.232
0.456,1.127
0.37,0.811
0.083,1.22
-0.262,1.001
-0.547,1.149
-1.182,0.886
-1.507,0.958
-1.568,0.993
-1.923,0.849
-2.293,1.174
-2.282,1.115
-2.545,1.046
2.851,-2.191
2.356,-1.683
1.714,0.338
0.733,-2.59
-0.585,-0.606
-1.293,0.377
0.956,-3.609
-2.865,1.075
-2.65,0.647
-2.803,-1.13
-2.89,0.659
-3.017,0.319
-2.937,-2.786
-2.925,-0.938
3.116,-1.163
3.099,0.22
3.046,0.772
2.916,-2.155
2.806,-0.902
2.892,-1.398
2.888,-0.789
2.84,-0.466
2.772,-1.176
2.745,-0.791
2.686,-0.284
2.592,-0.14
2.396,0.626
2.372,0.339
2.452,0.518
2.388,-2.366
2.181,0.268
2.033,-0.872
1.948,-1.951
1.904,-2.999
2.031,-2.774
1.814,-3.124
1.806,-2.187
1.793,-2.134
1.9,-0.187
1.861,-1.247
1.757,-1.602
1.682,-1.763
1.69,-0.171
1.681,-3.215
1.482,-1.96
1.594,-1.746
1.555,-2.26
1.371,0.659
1.425,-1.577
1.357,0.749
1.11,0.488
0.951,-1.202
0.911,-1.969
0.765,-2.995
0.844,-1.757
0.652,-1.148
0.734,-3.077
0.713,-1.935
0.552,-1.682
0.624,-1.59
0.516,0.326
0.507,-2.74
0.494,0.051
0.465,-1.131
0.399,-1.693
0.41,-2.207
0.441,-1.052
0.364,-0.357
-0.029,-1.456
-0.001,-1.486
-0.105,-2.102
-0.039,-2.795
-0.063,0.123
-0.279,0.24
-0.184,-3.195
-0.32,-2.722
-0.33,-2.902
-0.26,-0.525
-0.258,0.498
-0.448,0.354
-0.366,0.039
-0.539,-1.613
-0.557,-2.885
-0.538,-1.777
-0.565,-1.003
-0.694,0.711
-0.743,0.237
-0.624,-1.175
-0.761,-1.977
-0.786,-2.182
-0.867,0.528
-1.248,0.803
-1.241,-2.252
-1.548,-1.973
-1.477,-0.691
-1.566,-1.138
-1.783,0.296
-1.674,-2.26
-1.879,-1.97
-1.899,-2.013
-2.35,-1.12
-2.278,-0.739
-2.456,-0.241
-2.467,0.157
-2.42,-1.7
-2.628,-0.304
-2.465,-2.547
-2.707,-2.457
-2.709,-3.122
3.096,-3.333
2.521,-3.482
2.393,-3.375
1.886,-3.407
1.306,-3.548
1.296,-3.511
0.933,-3.234
0.224,-3.442
0.064,-3.581
0.124,-3.48
-0.1,-3.418
-0.279,-3.567
-0.568,-3.592
-0.872,-3.379
-1.247,-3.541
-1.494,-3.344
-1.882,-3.45
-2.273,-3.519
-2.696,0.96
-2.852,1.139
-2.925,1.137
-2.829,1.135
-2.867,1.06
2.508,1.089
0.711,0.943
0.611,0.919
0.454,1.026
-0.229,0.748
-0.851,1.042
-1.386,0.851
2.441,0.195
2.291,0.418
2.291,-2.3
2.124,0.56
-0.708,-0.569
-1.256,0.214
-1.391,0.218
0.72,-2.094
0.203,-2.063
-0.953,-0.561
-0.949,-0.456
-1.976,-0.939
-1.963,-0.135
-2.12,-0.972
-2.115,0.031
3.107,-2.321
3.108,-1.314
0.74,-1.162
-3.074,0.842
-1.005,-3.069
-1.133,0.944
0.057,-1.902
-0.022,-0.978
-0.07,-0.129
-0.164,-0.679
-0.096,-2.721
-0.146,-1.574
-0.187,0.564
-0.263,-0.968
-0.305,-2.486
-0.306,-0.801
-0.276,-2.27
-0.269,-2.303
-0.441,-0.121
-0.412,-0.696
-0.497,-0.602
-0.504,-2.314
-0.494,-1.231
-0.549,-1.591
-0.718,1.01
-0.66,-2.421
-0.722,-2.541
-0.792,-2.787
-0.727,0.954
-0.838,-1.885
-0.87,1.094
-0.869,-1.356
-0.899,-1.529
-1.064,1.119
-1.169,-1.32
-1.108,-2.368
-1.14,-1.607
-1.173,-1.832
-1.317,-2.551
-1.374,-0.994
-1.459,0.839
-1.495,1.138
-1.5,-1.383
-1.61,-0.148
-1.578,-2.303
-1.641,-2.031
-1.631,-2.752
-1.635,0.51
-1.693,0.725
-1.68,1.086
-1.868,-2.745
-2.126,-2.139
-2.218,-1.855
-2.223,-0.269
-2.208,-0.695
-2.231,1.002
-2.24,-0.221
-2.305,0.986
-2.269,-1.943
-2.268,-0.079
-2.339,-0.278
-2.424,-0.972
-2.425,0.408
-2.479,-0.944
-2.477,-2.452
-2.497,0.637
-2.484,-1.165
-2.547,-1.177
-2.574,-0.724
-2.892,-3.185
2.843,-2.837
2.814,-2.942
2.826,-2.856
2.652,-3.239
1.135,-2.76
0.809,-2.982
0.591,-2.909
0.309,-2.901
0.043,-3.22
-0.165,-3.138
-0.234,-3.198
-0.577,-2.962
-0.68,-3.008
-0.776,-3.31
-1.33,-2.992
-1.681,-3.036
-1.807,-3.066
-2.01,-3.169
-1.957,-2.939
-2.078,-3.198
-2.504,-3.181
-2.688,1.173
-2.693,1.339
3.086,1.538
2.647,1.468
2.468,1.288
1.573,1.612
1.271,1.315
1.28,1.512
1.198,1.588
1.071,1.628
0.921,1.23
0.992,1.293
0.738,1.527
0.666,1.657
0.553,1.552
0.467,1.236
0.18,1.645
-0.165,1.426
-0.45,1.574
-1.085,1.311
-1.41,1.383
-1.471,1.418
-1.826,1.274
-2.196,1.599
-2.185,1.54
-2.448,1.471
2.948,-1.766
2.453,-1.258
1.811,0.763
0.83,-2.165
-0.488,-0.181
-1.196,0.802
1.053,-3.184
-2.768,1.5
-2.553,1.072
-2.706,-0.705
-2.793,1.084
-2.92,0.744
-2.84,-2.361
-2.828,-0.513
-3.07,-0.738
-3.087,0.645
-3.14,1.197
3.013,-1.73
2.903,-0.477
2.989,-0.973
2.985,-0.364
2.937,-0.041
2.869,-0.751
2.842,-0.366
2.783,0.141
2.689,0.285
2.493,1.051
2.469,0.764
2.549,0.943
2.485,-1.941
2.278,0.693
2.13,-0.447
2.045,-1.526
2.001,-2.574
2.128,-2.349
1.911,-2.699
1.903,-1.762
1.89,-1.709
1.997,0.238
1.958,-0.822
1.854,-1.177
1.779,-1.338
1.787,0.254
1.778,-2.79
1.579,-1.535
1.691,-1.321
1.652,-1.835
1.468,1.084
1.522,-1.152
1.454,1.174
1.207,0.913
1.048,-0.777
1.008,-1.544
0.862,-2.57
0.941,-1.332
0.749,-0.723
0.831,-2.652
0.81,-1.51
0.649,-1.257
0.721,-1.165
0.613,0.751
0.604,-2.315
0.591,0.476
0.562,-0.706
0.496,-1.268
0.507,-1.782
0.538,-0.627
0.461,0.068
0.068,-1.031
0.096,-1.061
-0.008,-1.677
0.058,-2.37
0.034,0.548
-0.182,0.665
-0.087,-2.77
-0.223,-2.297
-0.233,-2.477
-0.163,-0.1
-0.161,0.923
-0.351,0.779
-0.269,0.464
-0.442,-1.188
-0.46,-2.46
-0.441,-1.352
-0.468,-0.578
-0.597,1.136
-0.646,0.662
-0.527,-0.75
-0.664,-1.552
-0.689,-1.757
-0.77,0.953
-1.151,1.228
-1.144,-1.827
-1.451,-1.548
-1.38,-0.266
-1.469,-0.713
-1.686,0.721
-1.577,-1.835
-1.782,-1.545
-1.802,-1.588
-2.253,-0.695
-2.181,-0.314
-2.359,0.184
-2.37,0.582
-2.323,-1.275
-2.531,0.121
-2.368,-2.122
-2.61,-2.032
-2.612,-2.697
-3.09,-2.908
2.618,-3.057
2.49,-2.95
1.983,-2.982
1.403,-3.123
1.393,-3.086
1.03,-2.809
0.321,-3.017
0.161,-3.156
0.221,-3.055
-0.003,-2.993
-0.182,-3.142
-0.471,-3.167
-0.775,-2.954
-1.15,-3.116
-1.397,-2.919
-1.785,-3.025
-2.176,-3.094
-2.599,1.385
-2.755,1.564
-2.828,1.562
-2.732,1.56
-2.77,1.485
2.605,1.514
0.808,1.368
0.708,1.344
0.551,1.451
-0.132,1.173
-0.754,1.467
-1.289,1.276
2.538,0.62
2.388,0.843
2.388,-1.875
2.221,0.985
-0.611,-0.144
-1.159,0.639
-1.294,0.643
0.817,-1.669
0.3,-1.638
-0.856,-0.136
-0.852,-0.031
-1.879,-0.514
-1.866,0.29
-2.023,-0.547
-2.018,0.456
-3.079,-1.896
-3.078,-0.889
0.837,-0.737
-2.977,1.267
-0.908,-2.644
-1.036,1.369
-0.079,0.924
-0.127,1.773
-0.221,1.223
-0.153,-0.819
-0.203,0.328
-0.244,2.466
-0.32,0.934
-0.362,-0.584
-0.363,1.101
-0.333,-0.368
-0.326,-0.401
-0.498,1.781
-0.469,1.206
-0.554,1.3
-0.561,-0.412
-0.551,0.671
-0.606,0.311
-0.775,2.912
-0.717,-0.519
-0.779,-0.639
-0.849,-0.885
-0.784,2.856
-0.895,0.017
-0.927,2.996
-0.926,0.546
-0.956,0.373
-1.121,3.021
-1.226,0.582
-1.165,-0.466
-1.197,0.295
-1.23,0.07
-1.374,-0.649
-1.431,0.908
-1.516,2.741
-1.552,3.04
-1.557,0.519
-1.667,1.754
-1.635,-0.401
-1.698,-0.129
-1.688,-0.85
-1.692,2.412
-1.75,2.627
-1.737,2.988
-1.925,-0.843
-2.183,-0.237
-2.275,0.047
-2.28,1.633
-2.265,1.207
-2.288,2.904
-2.297,1.681
-2.362,2.888
-2.326,-0.041
-2.325,1.823
-2.396,1.624
-2.481,0.93
-2.482,2.31
-2.536,0.958
-2.534,-0.55
-2.554,2.539
-2.541,0.737
-2.604,0.725
-2.631,1.178
-2.949,-1.283
2.786,-0.935
2.757,-1.04
2.769,-0.954
2.595,-1.337
1.078,-0.858
0.752,-1.08
0.534,-1.007
0.252,-0.999
-0.014,-1.318
-0.222,-1.236
-0.291,-1.296
-0.634,-1.06
-0.737,-1.106
-0.833,-1.408
-1.387,-1.09
-1.738,-1.134
-1.864,-1.164
-2.067,-1.267
-2.014,-1.037
-2.135,-1.296
-2.561,-1.279
-2.745,3.075
-2.75,3.241
3.029,3.44
2.59,3.37
2.411,3.19
1.516,3.514
1.214,3.217
1.223,3.414
1.141,3.49
1.014,3.53
0.864,3.132
0.935,3.195
0.681,3.429
0.609,3.559
0.496,3.454
0.41,3.138
0.123,3.547
-0.222,3.328
-0.507,3.476
-1.142,3.213
-1.467,3.285
-1.528,3.32
-1.883,3.176
-2.253,3.501
-2.242,3.442
-2.505,3.373
2.891,0.136
2.396,0.644
1.754,2.665
0.773,-0.263
-0.545,1.721
-1.253,2.704
0.996,-1.282
-2.825,3.402
-2.61,2.974
-2.763,1.197
-2.85,2.986
-2.977,2.646
-2.897,-0.459
-2.885,1.389
-3.127,1.164
3.139,2.547
3.086,3.099
2.956,0.172
2.846,1.425
2.932,0.929
2.928,1.538
2.88,1.861
2.812,1.151
2.785,1.536
2.726,2.043
2.632,2.187
2.436,2.953
2.412,2.666
2.492,2.845
2.428,-0.039
2.221,2.595
2.073,1.455
1.988,0.376
1.944,-0.672
2.071,-0.447
1.854,-0.797
1.846,0.14
1.833,0.193
1.94,2.14
1.901,1.08
1.797,0.725
1.722,0.564
1.73,2.156
1.721,-0.888
1.522,0.367
1.634,0.581
1.595,0.067
1.411,2.986
1.465,0.75
1.397,3.076
1.15,2.815
0.991,1.125
0.951,0.358
0.805,-0.668
0.884,0.57
0.692,1.179
0.774,-0.75
0.753,0.392
0.592,0.645
0.664,0.737
0.556,2.653
0.547,-0.413
0.534,2.378
0.505,1.196
0.439,0.634
0.45,0.12
0.481,1.275
0.404,1.97
0.011,0.871
0.039,0.841
-0.065,0.225
0.001,-0.468
-0.023,2.45
-0.239,2.567
-0.144,-0.868
-0.28,-0.395
-0.29,-0.575
-0.22,1.802
-0.218,2.825
-0.408,2.681
-0.326,2.366
-0.499,0.714
-0.517,-0.558
-0.498,0.55
-0.525,1.324
-0.654,3.038
-0.703,2.564
-0.584,1.152
-0.721,0.35
-0.746,0.145
-0.827,2.855
-1.208,3.13
-1.201,0.075
-1.508,0.354
-1.437,1.636
-1.526,1.189
-1.743,2.623
-1.634,0.067
-1.839,0.357
-1.859,0.314
-2.31,1.207
-2.238,1.588
-2.416,2.086
-2.427,2.484
-2.38,0.627
-2.588,2.023
-2.425,-0.22
-2.667,-0.13
-2.669,-0.795
3.136,-1.006
2.561,-1.155
2.433,-1.048
1.926,-1.08
1.346,-1.221
1.336,-1.184
0.973,-0.907
0.264,-1.115
0.104,-1.254
0.164,-1.153
-0.06,-1.091
-0.239,-1.24
-0.528,-1.265
-0.832,-1.052
-1.207,-1.214
-1.454,-1.017
-1.842,-1.123
-2.233,-1.192
-2.656,3.287
-2.812,3.466
-2.885,3.464
-2.789,3.462
-2.827,3.387
2.548,3.416
0.751,3.27
0.651,3.246
0.494,3.353
-0.189,3.075
-0.811,3.369
-1.346,3.178
2.481,2.522
2.331,2.745
2.331,0.027
2.164,2.887
-0.668,1.758
-1.216,2.541
-1.351,2.545
0.76,0.233
0.243,0.264
-0.913,1.766
-0.909,1.871
-1.936,1.388
-1.923,2.192
-2.08,1.355
-2.075,2.358
-3.136,0.006
-3.135,1.013
0.78,1.165
-3.034,3.169
-0.965,-0.742
-1.093,3.271
-0.048,0.849
-0.142,0.299
-0.074,-1.743
-0.124,-0.596
-0.165,1.542
-0.241,0.01
-0.283,-1.508
-0.284,0.177
-0.254,-1.292
-0.247,-1.325
-0.419,0.857
-0.39,0.282
-0.475,0.376
-0.482,-1.336
-0.472,-0.253
-0.527,-0.613
-0.696,1.988
-0.638,-1.443
-0.7,-1.563
-0.77,-1.809
-0.705,1.932
-0.816,-0.907
-0.848,2.072
-0.847,-0.378
-0.877,-0.551
-1.042,2.097
-1.147,-0.342
-1.086,-1.39
-1.118,-0.629
-1.151,-0.854
-1.295,-1.573
-1.352,-0.016
-1.437,1.817
-1.473,2.116
-1.478,-0.405
-1.588,0.83
-1.556,-1.325
-1.619,-1.053
-1.609,-1.774
-1.613,1.488
-1.671,1.703
-1.658,2.064
-1.846,-1.767
-2.104,-1.161
-2.196,-0.877
-2.201,0.709
-2.186,0.283
-2.209,1.98
-2.218,0.757
-2.283,1.964
-2.247,-0.965
-2.246,0.899
-2.317,0.7
-2.402,0.006
-2.403,1.386
-2.457,0.034
-2.455,-1.474
-2.475,1.615
-2.462,-0.187
-2.525,-0.199
-2.552,0.254
-2.87,-2.207
2.865,-1.859
2.836,-1.964
2.848,-1.878
2.674,-2.261
1.157,-1.782
0.831,-2.004
0.613,-1.931
0.331,-1.923
0.065,-2.242
-0.143,-2.16
-0.212,-2.22
-0.555,-1.984
-0.658,-2.03
-0.754,-2.332
-1.308,-2.014
-1.659,-2.058
-1.785,-2.088
-1.988,-2.191
-1.935,-1.961
-2.056,-2.22
-2.482,-2.203
-2.666,2.151
-2.671,2.317
3.108,2.516
2.669,2.446
2.49,2.266
1.595,2.59
1.293,2.293
1.302,2.49
1.22,2.566
1.093,2.606
0.943,2.208
1.014,2.271
0.76,2.505
0.688,2.635
0.575,2.53
0.489,2.214
0.202,2.623
-0.143,2.404
-0.428,2.552
-1.063,2.289
-1.388,2.361
-1.449,2.396
-1.804,2.252
-2.174,2.577
-2.163,2.518
-2.426,2.449
2.97,-0.788
2.475,-0.28
1.833,1.741
0.852,-1.187
-0.466,0.797
-1.174,1.78
1.075,-2.206
-2.746,2.478
-2.531,2.05
-2.684,0.273
-2.771,2.062
-2.898,1.722
-2.818,-1.383
-2.806,0.465
-3.048,0.24
-3.065,1.623
-3.118,2.175
3.035,-0.752
2.925,0.501
3.011,0.005
3.007,0.614
2.959,0.937
2.891,0.227
2.864,0.612
2.805,1.119
2.711,1.263
2.515,2.029
2.491,1.742
2.571,1.921
2.507,-0.963
2.3,1.671
2.152,0.531
2.067,-0.548
2.023,-1.596
2.15,-1.371
1.933,-1.721
1.925,-0.784
1.912,-0.731
2.019,1.216
1.98,0.156
1.876,-0.199
1.801,-0.36
1.809,1.232
1.8,-1.812
1.601,-0.557
1.713,-0.343
1.674,-0.857
1.49,2.062
1.544,-0.174
1.476,2.152
1.229,1.891
1.07,0.201
1.03,-0.566
0.884,-1.592
0.963,-0.354
0.771,0.255
0.853,-1.674
0.832,-0.532
0.671,-0.279
0.743,-0.187
0.635,1.729
0.626,-1.337
0.613,1.454
0.584,0.272
0.518,-0.29
0.529,-0.804
0.56,0.351
0.483,1.046
0.09,-0.053
0.118,-0.083
0.014,-0.699
0.08,-1.392
0.056,1.526
-0.16,1.643
-0.065,-1.792
-0.201,-1.319
-0.211,-1.499
-0.141,0.878
-0.139,1.901
-0.329,1.757
-0.247,1.442
-0.42,-0.21
-0.438,-1.482
-0.419,-0.374
-0.446,0.4
-0.575,2.114
-0.624,1.64
-0.505,0.228
-0.642,-0.574
-0.667,-0.779
-0.748,1.931
-1.129,2.206
-1.122,-0.849
-1.429,-0.57
-1.358,0.712
-1.447,0.265
-1.664,1.699
-1.555,-0.857
-1.76,-0.567
-1.78,-0.61
-2.231,0.283
-2.159,0.664
-2.337,1.162
-2.348,1.56
-2.301,-0.297
-2.509,1.099
-2.346,-1.144
-2.588,-1.054
-2.59,-1.719
-3.068,-1.93
2.64,-2.079
2.512,-1.972
2.005,-2.004
1.425,-2.145
1.415,-2.108
1.052,-1.831
0.343,-2.039
0.183,-2.178
0.243,-2.077
0.019,-2.015
-0.16,-2.164
-0.449,-2.189
-0.753,-1.976
-1.128,-2.138
-1.375,-1.941
-1.763,-2.047
-2.154,-2.116
-2.577,2.363
-2.733,2.542
-2.806,2.54
-2.71,2.538
-2.748,2.463
2.627,2.492
0.83,2.346
0.73,2.322
0.573,2.429
-0.11,2.151
-0.732,2.445
-1.267,2.254
2.56,1.598
2.41,1.821
2.41,-0.897
2.243,1.963
-0.589,0.834
-1.137,1.617
-1.272,1.621
0.839,-0.691
0.322,-0.66
-0.834,0.842
-0.83,0.947
-1.857,0.464
-1.844,1.268
-2.001,0.431
-1.996,1.434
-3.057,-0.918
-3.056,0.089
0.859,0.241
-2.955,2.245
-0.886,-1.666
-1.014,2.347
-0.094,-0.55
-0.026,-2.592
-0.076,-1.445
-0.117,0.693
-0.193,-0.839
-0.235,-2.357
-0.236,-0.672
-0.206,-2.141
-0.199,-2.174
-0.371,0.008
-0.342,-0.567
-0.427,-0.473
-0.434,-2.185
-0.424,-1.102
-0.479,-1.462
-0.648,1.139
-0.59,-2.292
-0.652,-2.412
-0.722,-2.658
-0.657,1.083
-0.768,-1.756
-0.8,1.223
-0.799,-1.227
-0.829,-1.4
-0.994,1.248
-1.099,-1.191
-1.038,-2.239
-1.07,-1.478
-1.103,-1.703
-1.247,-2.422
-1.304,-0.865
-1.389,0.968
-1.425,1.267
-1.43,-1.254
-1.54,-0.019
-1.508,-2.174
-1.571,-1.902
-1.561,-2.623
-1.565,0.639
-1.623,0.854
-1.61,1.215
-1.798,-2.616
-2.056,-2.01
-2.148,-1.726
-2.153,-0.14
-2.138,-0.566
-2.161,1.131
-2.17,-0.092
-2.235,1.115
-2.199,-1.814
-2.198,0.05
-2.269,-0.149
-2.354,-0.843
-2.355,0.537
-2.409,-0.815
-2.407,-2.323
-2.427,0.766
-2.414,-1.036
-2.477,-1.048
-2.504,-0.595
-2.822,-3.056
2.913,-2.708
2.884,-2.813
2.896,-2.727
2.722,-3.11
1.205,-2.631
0.879,-2.853
0.661,-2.78
0.379,-2.772
0.113,-3.091
-0.095,-3.009
-0.164,-3.069
-0.507,-2.833
-0.61,-2.879
-0.706,-3.181
-1.26,-2.863
-1.611,-2.907
-1.737,-2.937
-1.94,-3.04
-1.887,-2.81
-2.008,-3.069
-2.434,-3.052
-2.618,1.302
-2.623,1.468
-3.127,1.667
2.717,1.597
2.538,1.417
1.643,1.741
1.341,1.444
1.35,1.641
1.268,1.717
1.141,1.757
0.991,1.359
1.062,1.422
0.808,1.656
0.736,1.786
0.623,1.681
0.537,1.365
0.25,1.774
-0.095,1.555
-0.38,1.703
-1.015,1.44
-1.34,1.512
-1.401,1.547
-1.756,1.403
-2.126,1.728
-2.115,1.669
-2.378,1.6
3.018,-1.637
2.523,-1.129
1.881,0.892
0.9,-2.036
-0.418,-0.052
-1.126,0.931
1.123,-3.055
-2.698,1.629
-2.483,1.201
-2.636,-0.576
-2.723,1.213
-2.85,0.873
-2.77,-2.232
-2.758,-0.384
-3.0,-0.609
-3.017,0.774
-3.07,1.326
3.083,-1.601
2.973,-0.348
3.059,-0.844
3.055,-0.235
3.007,0.088
2.939,-0.622
2.912,-0.237
2.853,0.27
2.759,0.414
2.563,1.18
2.539,0.893
2.619,1.072
2.555,-1.812
2.348,0.822
2.2,-0.318
2.115,-1.397
2.071,-2.445
2.198,-2.22
1.981,-2.57
1.973,-1.633
1.96,-1.58
2.067,0.367
2.028,-0.693
1.924,-1.048
1.849,-1.209
1.857,0.383
1.848,-2.661
1.649,-1.406
1.761,-1.192
1.722,-1.706
1.538,1.213
1.592,-1.023
1.524,1.303
1.277,1.042
1.118,-0.648
1.078,-1.415
0.932,-2.441
1.011,-1.203
0.819,-0.594
0.901,-2.523
0.88,-1.381
0.719,-1.128
0.791,-1.036
0.683,0.88
0.674,-2.186
0.661,0.605
0.632,-0.577
0.566,-1.139
0.577,-1.653
0.608,-0.498
0.531,0.197
0.138,-0.902
0.166,-0.932
0.062,-1.548
0.128,-2.241
0.104,0.677
-0.112,0.794
-0.017,-2.641
-0.153,-2.168
-0.163,-2.348
-0.093,0.029
-0.091,1.052
-0.281,0.908
-0.199,0.593
-0.372,-1.059
-0.39,-2.331
-0.371,-1.223
-0.398,-0.449
-0.527,1.265
-0.576,0.791
-0.457,-0.621
-0.594,-1.423
-0.619,-1.628
-0.7,1.082
-1.081,1.357
-1.074,-1.698
-1.381,-1.419
-1.31,-0.137
-1.399,-0.584
-1.616,0.85
-1.507,-1.706
-1.712,-1.416
-1.732,-1.459
-2.183,-0.566
-2.111,-0.185
-2.289,0.313
-2.3,0.711
-2.253,-1.146
-2.461,0.25
-2.298,-1.993
-2.54,-1.903
-2.542,-2.568
-3.02,-2.779
2.688,-2.928
2.56,-2.821
2.053,-2.853
1.473,-2.994
1.463,-2.957
1.1,-2.68
0.391,-2.888
0.231,-3.027
0.291,-2.926
0.067,-2.864
-0.112,-3.013
-0.401,-3.038
-0.705,-2.825
-1.08,-2.987
-1.327,-2.79
-1.715,-2.896
-2.106,-2.965
-2.529,1.514
-2.685,1.693
-2.758,1.691
-2.662,1.689
-2.7,1.614
2.675,1.643
0.878,1.497
0.778,1.473
0.621,1.58
-0.062,1.302
-0.684,1.596
-1.219,1.405
2.608,0.749
2.458,0.972
2.458,-1.746
2.291,1.114
-0.541,-0.015
-1.089,0.768
-1.224,0.772
0.887,-1.54
0.37,-1.509
-0.786,-0.007
-0.782,0.098
-1.809,-0.385
-1.796,0.419
-1.953,-0.418
-1.948,0.585
-3.009,-1.767
-3.008,-0.76
0.907,-0.608
-2.907,1.396
-0.838,-2.515
-0.966,1.498
0.068,-2.042
0.018,-0.895
-0.023,1.243
-0.099,-0.289
-0.141,-1.807
-0.142,-0.122
-0.112,-1.591
-0.105,-1.624
-0.277,0.558
-0.248,-0.017
-0.333,0.077
-0.34,-1.635
-0.33,-0.552
-0.385,-0.912
-0.554,1.689
-0.496,-1.742
-0.558,-1.862
-0.628,-2.108
-0.563,1.633
-0.674,-1.206
-0.706,1.773
-0.705,-0.677
-0.735,-0.85
-0.9,1.798
-1.005,-0.641
-0.944,-1.689
-0.976,-0.928
-1.009,-1.153
-1.153,-1.872
-1.21,-0.315
-1.295,1.518
-1.331,1.817
-1.336,-0.704
-1.446,0.531
-1.414,-1.624
-1.477,-1.352
-1.467,-2.073
-1.471,1.189
-1.529,1.404
-1.516,1.765
-1.704,-2.066
-1.962,-1.46
-2.054,-1.176
-2.059,0.41
-2.044,-0.016
-2.067,1.681
-2.076,0.458
-2.141,1.665
-2.105,-1.264
-2.104,0.6
-2.175,0.401
-2.26,-0.293
-2.261,1.087
-2.315,-0.265
-2.313,-1.773
-2.333,1.316
-2.32,-0.486
-2.383,-0.498
-2.41,-0.045
-2.728,-2.506
3.007,-2.158
2.978,-2.263
2.99,-2.177
2.816,-2.56
1.299,-2.081
0.973,-2.303
0.755,-2.23
0.473,-2.222
0.207,-2.541
-0.001,-2.459
-0.07,-2.519
-0.413,-2.283
-0.516,-2.329
-0.612,-2.631
-1.166,-2.313
-1.517,-2.357
-1.643,-2.387
-1.846,-2.49
-1.793,-2.26
-1.914,-2.519
-2.34,-2.502
-2.524,1.852
-2.529,2.018
-3.033,2.217
2.811,2.147
2.632,1.967
1.737,2.291
1.435,1.994
1.444,2.191
1.362,2.267
1.235,2.307
1.085,1.909
1.156,1.972
0.902,2.206
0.83,2.336
0.717,2.231
0.631,1.915
0.344,2.324
-0.001,2.105
-0.286,2.253
-0.921,1.99
-1.246,2.062
-1.307,2.097
-1.662,1.953
-2.032,2.278
-2.021,2.219
-2.284,2.15
3.112,-1.087
2.617,-0.579
1.975,1.442
0.994,-1.486
-0.324,0.498
-1.032,1.481
1.217,-2.505
-2.604,2.179
-2.389,1.751
-2.542,-0.026
-2.629,1.763
-2.756,1.423
-2.676,-1.682
-2.664,0.166
-2.906,-0.059
-2.923,1.324
-2.976,1.876
-3.106,-1.051
3.067,0.202
-3.13,-0.294
-3.134,0.315
3.101,0.638
3.033,-0.072
3.006,0.313
2.947,0.82
2.853,0.964
2.657,1.73
2.633,1.443
2.713,1.622
2.649,-1.262
2.442,1.372
2.294,0.232
2.209,-0.847
2.165,-1.895
2.292,-1.67
2.075,-2.02
2.067,-1.083
2.054,-1.03
2.161,0.917
2.122,-0.143
2.018,-0.498
1.943,-0.659
1.951,0.933
1.942,-2.111
1.743,-0.856
1.855,-0.642
1.816,-1.156
1.632,1.763
1.686,-0.473
1.618,1.853
1.371,1.592
1.212,-0.098
1.172,-0.865
1.026,-1.891
1.105,-0.653
0.913,-0.044
0.995,-1.973
0.974,-0.831
0.813,-0.578
0.885,-0.486
0.777,1.43
0.768,-1.636
0.755,1.155
0.726,-0.027
0.66,-0.589
0.671,-1.103
0.702,0.052
0.625,0.747
0.232,-0.352
0.26,-0.382
0.156,-0.998
0.222,-1.691
0.198,1.227
-0.018,1.344
0.077,-2.091
-0.059,-1.618
-0.069,-1.798
0.001,0.579
0.003,1.602
-0.187,1.458
-0.105,1.143
-0.278,-0.509
-0.296,-1.781
-0.277,-0.673
-0.304,0.101
-0.433,1.815
-0.482,1.341
-0.363,-0.071
-0.5,-0.873
-0.525,-1.078
-0.606,1.632
-0.987,1.907
-0.98,-1.148
-1.287,-0.869
-1.216,0.413
-1.305,-0.034
-1.522,1.4
-1.413,-1.156
-1.618,-0.866
-1.638,-0.909
-2.089,-0.016
-2.017,0.365
-2.195,0.863
-2.206,1.261
-2.159,-0.596
-2.367,0.8
-2.204,-1.443
-2.446,-1.353
-2.448,-2.018
-2.926,-2.229
2.782,-2.378
2.654,-2.271
2.147,-2.303
1.567,-2.444
1.557,-2.407
1.194,-2.13
0.485,-2.338
0.325,-2.477
0.385,-2.376
0.161,-2.314
-0.018,-2.463
-0.307,-2.488
-0.611,-2.275
-0.986,-2.437
-1.233,-2.24
-1.621,-2.346
-2.012,-2.415
-2.435,2.064
-2.591,2.243
-2.664,2.241
-2.568,2.239
-2.606,2.164
2.769,2.193
0.972,2.047
0.872,2.023
0.715,2.13
0.032,1.852
-0.59,2.146
-1.125,1.955
2.702,1.299
2.552,1.522
2.552,-1.196
2.385,1.664
-0.447,0.535
-0.995,1.318
-1.13,1.322
0.981,-0.99
0.464,-0.959
-0.692,0.543
-0.688,0.648
-1.715,0.165
-1.702,0.969
-1.859,0.132
-1.854,1.135
-2.915,-1.217
-2.914,-0.21
1.001,-0.058
-2.813,1.946
-0.744,-1.965
-0.872,2.048
-0.05,1.147
-0.091,3.285
-0.167,1.753
-0.209,0.235
-0.21,1.92
-0.18,0.451
-0.173,0.418
-0.345,2.6
-0.316,2.025
-0.401,2.119
-0.408,0.407
-0.398,1.49
-0.453,1.13
-0.622,3.731
-0.564,0.3
-0.626,0.18
-0.696,-0.066
-0.631,3.675
-0.742,0.836
-0.774,3.815
-0.773,1.365
-0.803,1.192
-0.968,3.84
-1.073,1.401
-1.012,0.353
-1.044,1.114
-1.077,0.889
-1.221,0.17
-1.278,1.727
-1.363,3.56
-1.399,3.859
-1.404,1.338
-1.514,2.573
-1.482,0.418
-1.545,0.69
-1.535,-0.031
-1.539,3.231
-1.597,3.446
-1.584,3.807
-1.772,-0.024
-2.03,0.582
-2.122,0.866
-2.127,2.452
-2.112,2.026
-2.135,3.723
-2.144,2.5
-2.209,3.707
-2.173,0.778
-2.172,2.642
-2.243,2.443
-2.328,1.749
-2.329,3.129
-2.383,1.777
-2.381,0.269
-2.401,3.358
-2.388,1.556
-2.451,1.544
-2.478,1.997
-2.796,-0.464
2.939,-0.116
2.91,-0.221
2.922,-0.135
2.748,-0.518
1.231,-0.039
0.905,-0.261
0.687,-0.188
0.405,-0.18
0.139,-0.499
-0.069,-0.417
-0.138,-0.477
-0.481,-0.241
-0.584,-0.287
-0.68,-0.589
-1.234,-0.271
-1.585,-0.315
-1.711,-0.345
-1.914,-0.448
-1.861,-0.218
-1.982,-0.477
-2.408,-0.46
-2.592,3.894
-2.597,4.06
-3.101,4.259
2.743,4.189
2.564,4.009
1.669,4.333
1.367,4.036
1.376,4.233
1.294,4.309
1.167,4.349
1.017,3.951
1.088,4.014
0.834,4.248
0.762,4.378
0.649,4.273
0.563,3.957
0.276,4.366
-0.069,4.147
-0.354,4.295
-0.989,4.032
-1.314,4.104
-1.375,4.139
-1.73,3.995
-2.1,4.32
-2.089,4.261
-2.352,4.192
3.044,0.955
2.549,1.463
1.907,3.484
0.926,0.556
-0.392,2.54
-1.1,3.523
1.149,-0.463
-2.672,4.221
-2.457,3.793
-2.61,2.016
-2.697,3.805
-2.824,3.465
-2.744,0.36
-2.732,2.208
-2.974,1.983
-2.991,3.366
-3.044,3.918
3.109,0.991
2.999,2.244
3.085,1.748
3.081,2.357
3.033,2.68
2.965,1.97
2.938,2.355
2.879,2.862
2.785,3.006
2.589,3.772
2.565,3.485
2.645,3.664
2.581,0.78
2.374,3.414
2.226,2.274
2.141,1.195
2.097,0.147
2.224,0.372
2.007,0.022
1.999,0.959
1.986,1.012
2.093,2.959
2.054,1.899
1.95,1.544
1.875,1.383
1.883,2.975
1.874,-0.069
1.675,1.186
1.787,1.4
1.748,0.886
1.564,3.805
1.618,1.569
1.55,3.895
1.303,3.634
1.144,1.944
1.104,1.177
0.958,0.151
1.037,1.389
0.845,1.998
0.927,0.069
0.906,1.211
0.745,1.464
0.817,1.556
0.709,3.472
0.7,0.406
0.687,3.197
0.658,2.015
0.592,1.453
0.603,0.939
0.634,2.094
0.557,2.789
0.164,1.69
0.192,1.66
0.088,1.044
0.154,0.351
0.13,3.269
-0.086,3.386
0.009,-0.049
-0.127,0.424
-0.137,0.244
-0.067,2.621
-0.065,3.644
-0.255,3.5
-0.173,3.185
-0.346,1.533
-0.364,0.261
-0.345,1.369
-0.372,2.143
-0.501,3.857
-0.55,3.383
-0.431,1.971
-0.568,1.169
-0.593,0.964
-0.674,3.674
-1.055,3.949
-1.048,0.894
-1.355,1.173
-1.284,2.455
-1.373,2.008
-1.59,3.442
-1.481,0.886
-1.686,1.176
-1.706,1.133
-2.157,2.026
-2.085,2.407
-2.263,2.905
-2.274,3.303
-2.227,1.446
-2.435,2.842
-2.272,0.599
-2.514,0.689
-2.516,0.024
-2.994,-0.187
2.714,-0.336
2.586,-0.229
2.079,-0.261
1.499,-0.402
1.489,-0.365
1.126,-0.088
0.417,-0.296
0.257,-0.435
0.317,-0.334
0.093,-0.272
-0.086,-0.421
-0.375,-0.446
-0.679,-0.233
-1.054,-0.395
-1.301,-0.198
-1.689,-0.304
-2.08,-0.373
-2.503,4.106
-2.659,4.285
-2.732,4.283
-2.636,4.281
-2.674,4.206
2.701,4.235
0.904,4.089
0.804,4.065
0.647,4.172
-0.036,3.894
-0.658,4.188
-1.193,3.997
2.634,3.341
2.484,3.564
2.484,0.846
2.317,3.706
-0.515,2.577
-1.063,3.36
-1.198,3.364
0.913,1.052
0.396,1.083
-0.76,2.585
-0.756,2.69
-1.783,2.207
-1.77,3.011
-1.927,2.174
-1.922,3.177
-2.983,0.825
-2.982,1.832
0.933,1.984
-2.881,3.988
-0.812,0.077
-0.94,4.09
-0.041,2.138
-0.117,0.606
-0.159,-0.912
-0.16,0.773
-0.13,-0.696
-0.123,-0.729
-0.295,1.453
-0.266,0.878
-0.351,0.972
-0.358,-0.74
-0.348,0.343
-0.403,-0.017
-0.572,2.584
-0.514,-0.847
-0.576,-0.967
-0.646,-1.213
-0.581,2.528
-0.692,-0.311
-0.724,2.668
-0.723,0.218
-0.753,0.045
-0.918,2.693
-1.023,0.254
-0.962,-0.794
-0.994,-0.033
-1.027,-0.258
-1.171,-0.977
-1.228,0.58
-1.313,2.413
-1.349,2.712
-1.354,0.191
-1.464,1.426
-1.432,-0.729
-1.495,-0.457
-1.485,-1.178
-1.489,2.084
-1.547,2.299
-1.534,2.66
-1.722,-1.171
-1.98,-0.565
-2.072,-0.281
-2.077,1.305
-2.062,0.879
-2.085,2.576
-2.094,1.353
-2.159,2.56
-2.123,-0.369
-2.122,1.495
-2.193,1.296
-2.278,0.602
-2.279,1.982
-2.333,0.63
-2.331,-0.878
-2.351,2.211
-2.338,0.409
-2.401,0.397
-2.428,0.85
-2.746,-1.611
2.989,-1.263
2.96,-1.368
2.972,-1.282
2.798,-1.665
1.281,-1.186
0.955,-1.408
0.737,-1.335
0.455,-1.327
0.189,-1.646
-0.019,-1.564
-0.088,-1.624
-0.431,-1.388
-0.534,-1.434
-0.63,-1.736
-1.184,-1.418
-1.535,-1.462
-1.661,-1.492
-1.864,-1.595
-1.811,-1.365
-1.932,-1.624
-2.358,-1.607
-2.542,2.747
-2.547,2.913
-3.051,3.112
2.793,3.042
2.614,2.862
1.719,3.186
1.417,2.889
1.426,3.086
1.344,3.162
1.217,3.202
1.067,2.804
1.138,2.867
0.884,3.101
0.812,3.231
0.699,3.126
0.613,2.81
0.326,3.219
-0.019,3.0
-0.304,3.148
-0.939,2.885
-1.264,2.957
-1.325,2.992
-1.68,2.848
-2.05,3.173
-2.039,3.114
-2.302,3.045
3.094,-0.192
2.599,0.316
1.957,2.337
0.976,-0.591
-0.342,1.393
-1.05,2.376
1.199,-1.61
-2.622,3.074
-2.407,2.646
-2.56,0.869
-2.647,2.658
-2.774,2.318
-2.694,-0.787
-2.682,1.061
-2.924,0.836
-2.941,2.219
-2.994,2.771
-3.124,-0.156
3.049,1.097
3.135,0.601
3.131,1.21
3.083,1.533
3.015,0.823
2.988,1.208
2.929,1.715
2.835,1.859
2.639,2.625
2.615,2.338
2.695,2.517
2.631,-0.367
2.424,2.267
2.276,1.127
2.191,0.048
2.147,-1.0
2.274,-0.775
2.057,-1.125
2.049,-0.188
2.036,-0.135
2.143,1.812
2.104,0.752
2.0,0.397
1.925,0.236
1.933,1.828
1.924,-1.216
1.725,0.039
1.837,0.253
1.798,-0.261
1.614,2.658
1.668,0.422
1.6,2.748
1.353,2.487
1.194,0.797
1.154,0.03
1.008,-0.996
1.087,0.242
0.895,0.851
0.977,-1.078
0.956,0.064
0.795,0.317
0.867,0.409
0.759,2.325
0.75,-0.741
0.737,2.05
0.708,0.868
0.642,0.306
0.653,-0.208
0.684,0.947
0.607,1.642
0.214,0.543
0.242,0.513
0.138,-0.103
0.204,-0.796
0.18,2.122
-0.036,2.239
0.059,-1.196
-0.077,-0.723
-0.087,-0.903
-0.017,1.474
-0.015,2.497
-0.205,2.353
-0.123,2.038
-0.296,0.386
-0.314,-0.886
-0.295,0.222
-0.322,0.996
-0.451,2.71
-0.5,2.236
-0.381,0.824
-0.518,0.022
-0.543,-0.183
-0.624,2.527
-1.005,2.802
-0.998,-0.253
-1.305,0.026
-1.234,1.308
-1.323,0.861
-1.54,2.295
-1.431,-0.261
-1.636,0.029
-1.656,-0.014
-2.107,0.879
-2.035,1.26
-2.213,1.758
-2.224,2.156
-2.177,0.299
-2.385,1.695
-2.222,-0.548
-2.464,-0.458
-2.466,-1.123
-2.944,-1.334
2.764,-1.483
2.636,-1.376
2.129,-1.408
1.549,-1.549
1.539,-1.512
1.176,-1.235
0.467,-1.443
0.307,-1.582
0.367,-1.481
0.143,-1.419
-0.036,-1.568
-0.325,-1.593
-0.629,-1.38
-1.004,-1.542
-1.251,-1.345
-1.639,-1.451
-2.03,-1.52
-2.453,2.959
-2.609,3.138
-2.682,3.136
-2.586,3.134
-2.624,3.059
2.751,3.088
0.954,2.942
0.854,2.918
0.697,3.025
0.014,2.747
-0.608,3.041
-1.143,2.85
2.684,2.194
2.534,2.417
2.534,-0.301
2.367,2.559
-0.465,1.43
-1.013,2.213
-1.148,2.217
0.963,-0.095
0.446,-0.064
-0.71,1.438
-0.706,1.543
-1.733,1.06
-1.72,1.864
-1.877,1.027
-1.872,2.03
-2.933,-0.322
-2.932,0.685
0.983,0.837
-2.831,2.841
-0.762,-1.07
-0.89,2.943
-0.076,-1.532
-0.118,-3.05
-0.119,-1.365
-0.089,-2.834
-0.082,-2.867
-0.254,-0.685
-0.225,-1.26
-0.31,-1.166
-0.317,-2.878
-0.307,-1.795
-0.362,-2.155
-0.531,0.446
-0.473,-2.985
-0.535,-3.105
-0.605,-3.351
-0.54,0.39
-0.651,-2.449
-0.683,0.53
-0.682,-1.92
-0.712,-2.093
-0.877,0.555
-0.982,-1.884
-0.921,-2.932
-0.953,-2.171
-0.986,-2.396
-1.13,-3.115
-1.187,-1.558
-1.272,0.275
-1.308,0.574
-1.313,-1.947
-1.423,-0.712
-1.391,-2.867
-1.454,-2.595
-1.444,-3.316
-1.448,-0.054
-1.506,0.161
-1.493,0.522
-1.681,-3.309
-1.939,-2.703
-2.031,-2.419
-2.036,-0.833
-2.021,-1.259
-2.044,0.438
-2.053,-0.785
-2.118,0.422
-2.082,-2.507
-2.081,-0.643
-2.152,-0.842
-2.237,-1.536
-2.238,-0.156
-2.292,-1.508
-2.29,-3.016
-2.31,0.073
-2.297,-1.729
-2.36,-1.741
-2.387,-1.288
-2.705,-3.749
3.03,-3.401
3.001,-3.506
3.013,-3.42
2.839,-3.803
1.322,-3.324
0.996,-3.546
0.778,-3.473
0.496,-3.465
0.23,-3.784
0.022,-3.702
-0.047,-3.762
-0.39,-3.526
-0.493,-3.572
-0.589,-3.874
-1.143,-3.556
-1.494,-3.6
-1.62,-3.63
-1.823,-3.733
-1.77,-3.503
-1.891,-3.762
-2.317,-3.745
-2.501,0.609
-2.506,0.775
-3.01,0.974
2.834,0.904
2.655,0.724
1.76,1.048
1.458,0.751
1.467,0.948
1.385,1.024
1.258,1.064
1.108,0.666
1.179,0.729
0.925,0.963
0.853,1.093
0.74,0.988
0.654,0.672
0.367,1.081
0.022,0.862
-0.263,1.01
-0.898,0.747
-1.223,0.819
-1.284,0.854
-1.639,0.71
-2.009,1.035
-1.998,0.976
-2.261,0.907
3.135,-2.33
2.64,-1.822
1.998,0.199
1.017,-2.729
-0.301,-0.745
-1.009,0.238
1.24,-3.748
-2.581,0.936
-2.366,0.508
-2.519,-1.269
-2.606,0.52
-2.733,0.18
-2.653,-2.925
-2.641,-1.077
-2.883,-1.302
-2.9,0.081
-2.953,0.633
-3.083,-2.294
3.09,-1.041
-3.107,-1.537
-3.111,-0.928
3.124,-0.605
3.056,-1.315
3.029,-0.93
2.97,-0.423
2.876,-0.279
2.68,0.487
2.656,0.2
2.736,0.379
2.672,-2.505
2.465,0.129
2.317,-1.011
2.232,-2.09
2.188,-3.138
2.315,-2.913
2.098,-3.263
2.09,-2.326
2.077,-2.273
2.184,-0.326
2.145,-1.386
2.041,-1.741
1.966,-1.902
1.974,-0.31
1.965,-3.354
1.766,-2.099
1.878,-1.885
1.839,-2.399
1.655,0.52
1.709,-1.716
1.641,0.61
1.394,0.349
1.235,-1.341
1.195,-2.108
1.049,-3.134
1.128,-1.896
0.936,-1.287
1.018,-3.216
0.997,-2.074
0.836,-1.821
0.908,-1.729
0.8,0.187
0.791,-2.879
0.778,-0.088
0.749,-1.27
0.683,-1.832
0.694,-2.346
0.725,-1.191
0.648,-0.496
0.255,-1.595
0.283,-1.625
0.179,-2.241
0.245,-2.934
0.221,-0.016
0.005,0.101
0.1,-3.334
-0.036,-2.861
-0.046,-3.041
0.024,-0.664
0.026,0.359
-0.164,0.215
-0.082,-0.1
-0.255,-1.752
-0.273,-3.024
-0.254,-1.916
-0.281,-1.142
-0.41,0.572
-0.459,0.098
-0.34,-1.314
-0.477,-2.116
-0.502,-2.321
-0.583,0.389
-0.964,0.664
-0.957,-2.391
-1.264,-2.112
-1.193,-0.83
-1.282,-1.277
-1.499,0.157
-1.39,-2.399
-1.595,-2.109
-1.615,-2.152
-2.066,-1.259
-1.994,-0.878
-2.172,-0.38
-2.183,0.018
-2.136,-1.839
-2.344,-0.443
-2.181,-2.686
-2.423,-2.596
-2.425,-3.261
-2.903,-3.472
2.805,-3.621
2.677,-3.514
2.17,-3.546
1.59,-3.687
1.58,-3.65
1.217,-3.373
0.508,-3.581
0.348,-3.72
0.408,-3.619
0.184,-3.557
0.005,-3.706
-0.284,-3.731
-0.588,-3.518
-0.963,-3.68
-1.21,-3.483
-1.598,-3.589
-1.989,-3.658
-2.412,0.821
-2.568,1.0
-2.641,0.998
-2.545,0.996
-2.583,0.921
2.792,0.95
0.995,0.804
0.895,0.78
0.738,0.887
0.055,0.609
-0.567,0.903
-1.102,0.712
2.725,0.056
2.575,0.279
2.575,-2.439
2.408,0.421
-0.424,-0.708
-0.972,0.075
-1.107,0.079
1.004,-2.233
0.487,-2.202
-0.669,-0.7
-0.665,-0.595
-1.692,-1.078
-1.679,-0.274
-1.836,-1.111
-1.831,-0.108
-2.892,-2.46
-2.891,-1.453
1.024,-1.301
-2.79,0.703
-0.721,-3.208
-0.849,0.805
-0.042,-1.518
-0.043,0.167
-0.013,-1.302
-0.006,-1.335
-0.178,0.847
-0.149,0.272
-0.234,0.366
-0.241,-1.346
-0.231,-0.263
-0.286,-0.623
-0.455,1.978
-0.397,-1.453
-0.459,-1.573
-0.529,-1.819
-0.464,1.922
-0.575,-0.917
-0.607,2.062
-0.606,-0.388
-0.636,-0.561
-0.801,2.087
-0.906,-0.352
-0.845,-1.4
-0.877,-0.639
-0.91,-0.864
-1.054,-1.583
-1.111,-0.026
-1.196,1.807
-1.232,2.106
-1.237,-0.415
-1.347,0.82
-1.315,-1.335
-1.378,-1.063
-1.368,-1.784
-1.372,1.478
-1.43,1.693
-1.417,2.054
-1.605,-1.777
-1.863,-1.171
-1.955,-0.887
-1.96,0.699
-1.945,0.273
-1.968,1.97
-1.977,0.747
-2.042,1.954
-2.006,-0.975
-2.005,0.889
-2.076,0.69
-2.161,-0.004
-2.162,1.376
-2.216,0.024
-2.214,-1.484
-2.234,1.605
-2.221,-0.197
-2.284,-0.209
-2.311,0.244
-2.629,-2.217
3.106,-1.869
3.077,-1.974
3.089,-1.888
2.915,-2.271
1.398,-1.792
1.072,-2.014
0.854,-1.941
0.572,-1.933
0.306,-2.252
0.098,-2.17
0.029,-2.23
-0.314,-1.994
-0.417,-2.04
-0.513,-2.342
-1.067,-2.024
-1.418,-2.068
-1.544,-2.098
-1.747,-2.201
-1.694,-1.971
-1.815,-2.23
-2.241,-2.213
-2.425,2.141
-2.43,2.307
-2.934,2.506
2.91,2.436
2.731,2.256
1.836,2.58
1.534,2.283
1.543,2.48
1.461,2.556
1.334,2.596
1.184,2.198
1.255,2.261
1.001,2.495
0.929,2.625
0.816,2.52
0.73,2.204
0.443,2.613
0.098,2.394
-0.187,2.542
-0.822,2.279
-1.147,2.351
-1.208,2.386
-1.563,2.242
-1.933,2.567
-1.922,2.508
-2.185,2.439
-3.072,-0.798
2.716,-0.29
2.074,1.731
1.093,-1.197
-0.225,0.787
-0.933,1.77
1.316,-2.216
-2.505,2.468
-2.29,2.04
-2.443,0.263
-2.53,2.052
-2.657,1.712
-2.577,-1.393
-2.565,0.455
-2.807,0.23
-2.824,1.613
-2.877,2.165
-3.007,-0.762
-3.117,0.491
-3.031,-0.005
-3.035,0.604
-3.083,0.927
3.132,0.217
3.105,0.602
3.046,1.109
2.952,1.253
2.756,2.019
2.732,1.732
2.812,1.911
2.748,-0.973
2.541,1.661
2.393,0.521
2.308,-0.558
2.264,-1.606
2.391,-1.381
2.174,-1.731
2.166,-0.794
2.153,-0.741
2.26,1.206
2.221,0.146
2.117,-0.209
2.042,-0.37
2.05,1.222
2.041,-1.822
1.842,-0.567
1.954,-0.353
1.915,-0.867
1.731,2.052
1.785,-0.184
1.717,2.142
1.47,1.881
1.311,0.191
1.271,-0.576
1.125,-1.602
1.204,-0.364
1.012,0.245
1.094,-1.684
1.073,-0.542
0.912,-0.289
0.984,-0.197
0.876,1.719
0.867,-1.347
0.854,1.444
0.825,0.262
0.759,-0.3
0.77,-0.814
0.801,0.341
0.724,1.036
0.331,-0.063
0.359,-0.093
0.255,-0.709
0.321,-1.402
0.297,1.516
0.081,1.633
0.176,-1.802
0.04,-1.329
0.03,-1.509
0.1,0.868
0.102,1.891
-0.088,1.747
-0.006,1.432
-0.179,-0.22
-0.197,-1.492
-0.178,-0.384
-0.205,0.39
-0.334,2.104
-0.383,1.63
-0.264,0.218
-0.401,-0.584
-0.426,-0.789
-0.507,1.921
-0.888,2.196
-0.881,-0.859
-1.188,-0.58
-1.117,0.702
-1.206,0.255
-1.423,1.689
-1.314,-0.867
-1.519,-0.577
-1.539,-0.62
-1.99,0.273
-1.918,0.654
-2.096,1.152
-2.107,1.55
-2.06,-0.307
-2.268,1.089
-2.105,-1.154
-2.347,-1.064
-2.349,-1.729
-2.827,-1.94
2.881,-2.089
2.753,-1.982
2.246,-2.014
1.666,-2.155
1.656,-2.118
1.293,-1.841
0.584,-2.049
0.424,-2.188
0.484,-2.087
0.26,-2.025
0.081,-2.174
-0.208,-2.199
-0.512,-1.986
-0.887,-2.148
-1.134,-1.951
-1.522,-2.057
-1.913,-2.126
-2.336,2.353
-2.492,2.532
-2.565,2.53
-2.469,2.528
-2.507,2.453
2.868,2.482
1.071,2.336
0.971,2.312
0.814,2.419
0.131,2.141
-0.491,2.435
-1.026,2.244
2.801,1.588
2.651,1.811
2.651,-0.907
2.484,1.953
-0.348,0.824
-0.896,1.607
-1.031,1.611
1.08,-0.701
0.563,-0.67
-0.593,0.832
-0.589,0.937
-1.616,0.454
-1.603,1.258
-1.76,0.421
-1.755,1.424
-2.816,-0.928
-2.815,0.079
1.1,0.231
-2.714,2.235
-0.645,-1.676
-0.773,2.337
-0.001,1.685
0.029,0.216
0.036,0.183
-0.136,2.365
-0.107,1.79
-0.192,1.884
-0.199,0.172
-0.189,1.255
-0.244,0.895
-0.413,3.496
-0.355,0.065
-0.417,-0.055
-0.487,-0.301
-0.422,3.44
-0.533,0.601
-0.565,3.58
-0.564,1.13
-0.594,0.957
-0.759,3.605
-0.864,1.166
-0.803,0.118
-0.835,0.879
-0.868,0.654
-1.012,-0.065
-1.069,1.492
-1.154,3.325
-1.19,3.624
-1.195,1.103
-1.305,2.338
-1.273,0.183
-1.336,0.455
-1.326,-0.266
-1.33,2.996
-1.388,3.211
-1.375,3.572
-1.563,-0.259
-1.821,0.347
-1.913,0.631
-1.918,2.217
-1.903,1.791
-1.926,3.488
-1.935,2.265
-2.0,3.472
-1.964,0.543
-1.963,2.407
-2.034,2.208
-2.119,1.514
-2.12,2.894
-2.174,1.542
-2.172,0.034
-2.192,3.123
-2.179,1.321
-2.242,1.309
-2.269,1.762
-2.587,-0.699
-3.135,-0.351
3.119,-0.456
3.131,-0.37
2.957,-0.753
1.44,-0.274
1.114,-0.496
0.896,-0.423
0.614,-0.415
0.348,-0.734
0.14,-0.652
0.071,-0.712
-0.272,-0.476
-0.375,-0.522
-0.471,-0.824
-1.025,-0.506
-1.376,-0.55
-1.502,-0.58
-1.705,-0.683
-1.652,-0.453
-1.773,-0.712
-2.199,-0.695
-2.383,3.659
-2.388,3.825
-2.892,4.024
2.952,3.954
2.773,3.774
1.878,4.098
1.576,3.801
1.585,3.998
1.503,4.074
1.376,4.114
1.226,3.716
1.297,3.779
1.043,4.013
0.971,4.143
0.858,4.038
0.772,3.722
0.485,4.131
0.14,3.912
-0.145,4.06
-0.78,3.797
-1.105,3.869
-1.166,3.904
-1.521,3.76
-1.891,4.085
-1.88,4.026
-2.143,3.957
-3.03,0.72
2.758,1.228
2.116,3.249
1.135,0.321
-0.183,2.305
-0.891,3.288
1.358,-0.698
-2.463,3.986
-2.248,3.558
-2.401,1.781
-2.488,3.57
-2.615,3.23
-2.535,0.125
-2.523,1.973
-2.765,1.748
-2.782,3.131
-2.835,3.683
-2.965,0.756
-3.075,2.009
-2.989,1.513
-2.993,2.122
-3.041,2.445
-3.109,1.735
-3.136,2.12
3.088,2.627
2.994,2.771
2.798,3.537
2.774,3.25
2.854,3.429
2.79,0.545
2.583,3.179
2.435,2.039
2.35,0.96
2.306,-0.088
2.433,0.137
2.216,-0.213
2.208,0.724
2.195,0.777
2.302,2.724
2.263,1.664
2.159,1.309
2.084,1.148
2.092,2.74
2.083,-0.304
1.884,0.951
1.996,1.165
1.957,0.651
1.773,3.57
1.827,1.334
1.759,3.66
1.512,3.399
1.353,1.709
1.313,0.942
1.167,-0.084
1.246,1.154
1.054,1.763
1.136,-0.166
1.115,0.976
0.954,1.229
1.026,1.321
0.918,3.237
0.909,0.171
0.896,2.962
0.867,1.78
0.801,1.218
0.812,0.704
0.843,1.859
0.766,2.554
0.373,1.455
0.401,1.425
0.297,0.809
0.363,0.116
0.339,3.034
0.123,3.151
0.218,-0.284
0.082,0.189
0.072,0.009
0.142,2.386
0.144,3.409
-0.046,3.265
0.036,2.95
-0.137,1.298
-0.155,0.026
-0.136,1.134
-0.163,1.908
-0.292,3.622
-0.341,3.148
-0.222,1.736
-0.359,0.934
-0.384,0.729
-0.465,3.439
-0.846,3.714
-0.839,0.659
-1.146,0.938
-1.075,2.22
-1.164,1.773
-1.381,3.207
-1.272,0.651
-1.477,0.941
-1.497,0.898
-1.948,1.791
-1.876,2.172
-2.054,2.67
-2.065,3.068
-2.018,1.211
-2.226,2.607
-2.063,0.364
-2.305,0.454
-2.307,-0.211
-2.785,-0.422
2.923,-0.571
2.795,-0.464
2.288,-0.496
1.708,-0.637
1.698,-0.6
1.335,-0.323
0.626,-0.531
0.466,-0.67
0.526,-0.569
0.302,-0.507
0.123,-0.656
-0.166,-0.681
-0.47,-0.468
-0.845,-0.63
-1.092,-0.433
-1.48,-0.539
-1.871,-0.608
-2.294,3.871
-2.45,4.05
-2.523,4.048
-2.427,4.046
-2.465,3.971
2.91,4.0
1.113,3.854
1.013,3.83
0.856,3.937
0.173,3.659
-0.449,3.953
-0.984,3.762
2.843,3.106
2.693,3.329
2.693,0.611
2.526,3.471
-0.306,2.342
-0.854,3.125
-0.989,3.129
1.122,0.817
0.605,0.848
-0.551,2.35
-0.547,2.455
-1.574,1.972
-1.561,2.776
-1.718,1.939
-1.713,2.942
-2.774,0.59
-2.773,1.597
1.142,1.749
-2.672,3.753
-0.603,-0.158
-0.731,3.855
0.03,-1.469
0.037,-1.502
-0.135,0.68
-0.106,0.105
-0.191,0.199
-0.198,-1.513
-0.188,-0.43
-0.243,-0.79
-0.412,1.811
-0.354,-1.62
-0.416,-1.74
-0.486,-1.986
-0.421,1.755
-0.532,-1.084
-0.564,1.895
-0.563,-0.555
-0.593,-0.728
-0.758,1.92
-0.863,-0.519
-0.802,-1.567
-0.834,-0.806
-0.867,-1.031
-1.011,-1.75
-1.068,-0.193
-1.153,1.64
-1.189,1.939
-1.194,-0.582
-1.304,0.653
-1.272,-1.502
-1.335,-1.23
-1.325,-1.951
-1.329,1.311
-1.387,1.526
-1.374,1.887
-1.562,-1.944
-1.82,-1.338
-1.912,-1.054
-1.917,0.532
-1.902,0.106
-1.925,1.803
-1.934,0.58
-1.999,1.787
-1.963,-1.142
-1.962,0.722
-2.033,0.523
-2.118,-0.171
-2.119,1.209
-2.173,-0.143
-2.171,-1.651
-2.191,1.438
-2.178,-0.364
-2.241,-0.376
-2.268,0.077
-2.586,-2.384
-3.134,-2.036
3.12,-2.141
3.132,-2.055
2.958,-2.438
1.441,-1.959
1.115,-2.181
0.897,-2.108
0.615,-2.1
0.349,-2.419
0.141,-2.337
0.072,-2.397
-0.271,-2.161
-0.374,-2.207
-0.47,-2.509
-1.024,-2.191
-1.375,-2.235
-1.501,-2.265
-1.704,-2.368
-1.651,-2.138
-1.772,-2.397
-2.198,-2.38
-2.382,1.974
-2.387,2.14
-2.891,2.339
2.953,2.269
2.774,2.089
1.879,2.413
1.577,2.116
1.586,2.313
1.504,2.389
1.377,2.429
1.227,2.031
1.298,2.094
1.044,2.328
0.972,2.458
0.859,2.353
0.773,2.037
0.486,2.446
0.141,2.227
-0.144,2.375
-0.779,2.112
-1.104,2.184
-1.165,2.219
-1.52,2.075
-1.89,2.4
-1.879,2.341
-2.142,2.272
-3.029,-0.965
2.759,-0.457
2.117,1.564
1.136,-1.364
-0.182,0.62
-0.89,1.603
1.359,-2.383
-2.462,2.301
-2.247,1.873
-2.4,0.096
-2.487,1.885
-2.614,1.545
-2.534,-1.56
-2.522,0.288
-2.764,0.063
-2.781,1.446
-2.834,1.998
-2.964,-0.929
-3.074,0.324
-2.988,-0.172
-2.992,0.437
-3.04,0.76
-3.108,0.05
-3.135,0.435
3.089,0.942
2.995,1.086
2.799,1.852
2.775,1.565
2.855,1.744
2.791,-1.14
2.584,1.494
2.436,0.354
2.351,-0.725
2.307,-1.773
2.434,-1.548
2.217,-1.898
2.209,-0.961
2.196,-0.908
2.303,1.039
2.264,-0.021
2.16,-0.376
2.085,-0.537
2.093,1.055
2.084,-1.989
1.885,-0.734
1.997,-0.52
1.958,-1.034
1.774,1.885
1.828,-0.351
1.76,1.975
1.513,1.714
1.354,0.024
1.314,-0.743
1.168,-1.769
1.247,-0.531
1.055,0.078
1.137,-1.851
1.116,-0.709
0.955,-0.456
1.027,-0.364
0.919,1.552
0.91,-1.514
0.897,1.277
0.868,0.095
0.802,-0.467
0.813,-0.981
0.844,0.174
0.767,0.869
0.374,-0.23
0.402,-0.26
0.298,-0.876
0.364,-1.569
0.34,1.349
0.124,1.466
0.219,-1.969
0.083,-1.496
0.073,-1.676
0.143,0.701
0.145,1.724
-0.045,1.58
0.037,1.265
-0.136,-0.387
-0.154,-1.659
-0.135,-0.551
-0.162,0.223
-0.291,1.937
-0.34,1.463
-0.221,0.051
-0.358,-0.751
-0.383,-0.956
-0.464,1.754
-0.845,2.029
-0.838,-1.026
-1.145,-0.747
-1.074,0.535
-1.163,0.088
-1.38,1.522
-1.271,-1.034
-1.476,-0.744
-1.496,-0.787
-1.947,0.106
-1.875,0.487
-2.053,0.985
-2.064,1.383
-2.017,-0.474
-2.225,0.922
-2.062,-1.321
-2.304,-1.231
-2.306,-1.896
-2.784,-2.107
2.924,-2.256
2.796,-2.149
2.289,-2.181
1.709,-2.322
1.699,-2.285
1.336,-2.008
0.627,-2.216
0.467,-2.355
0.527,-2.254
0.303,-2.192
0.124,-2.341
-0.165,-2.366
-0.469,-2.153
-0.844,-2.315
-1.091,-2.118
-1.479,-2.224
-1.87,-2.293
-2.293,2.186
-2.449,2.365
-2.522,2.363
-2.426,2.361
-2.464,2.286
2.911,2.315
1.114,2.169
1.014,2.145
0.857,2.252
0.174,1.974
-0.448,2.268
-0.983,2.077
2.844,1.421
2.694,1.644
2.694,-1.074
2.527,1.786
-0.305,0.657
-0.853,1.44
-0.988,1.444
1.123,-0.868
0.606,-0.837
-0.55,0.665
-0.546,0.77
-1.573,0.287
-1.56,1.091
-1.717,0.254
-1.712,1.257
-2.773,-1.095
-2.772,-0.088
1.143,0.064
-2.671,2.068
-0.602,-1.843
-0.73,2.17
0.007,-0.033
-0.165,2.149
-0.136,1.574
-0.221,1.668
-0.228,-0.044
-0.218,1.039
-0.273,0.679
-0.442,3.28
-0.384,-0.151
-0.446,-0.271
-0.516,-0.517
-0.451,3.224
-0.562,0.385
-0.594,3.364
-0.593,0.914
-0.623,0.741
-0.788,3.389
-0.893,0.95
-0.832,-0.098
-0.864,0.663
-0.897,0.438
-1.041,-0.281
-1.098,1.276
-1.183,3.109
-1.219,3.408
-1.224,0.887
-1.334,2.122
-1.302,-0.033
-1.365,0.239
-1.355,-0.482
-1.359,2.78
-1.417,2.995
-1.404,3.356
-1.592,-0.475
-1.85,0.131
-1.942,0.415
-1.947,2.001
-1.932,1.575
-1.955,3.272
-1.964,2.049
-2.029,3.256
-1.993,0.327
-1.992,2.191
-2.063,1.992
-2.148,1.298
-2.149,2.678
-2.203,1.326
-2.201,-0.182
-2.221,2.907
-2.208,1.105
-2.271,1.093
-2.298,1.546
-2.616,-0.915
3.119,-0.567
3.09,-0.672
3.102,-0.586
2.928,-0.969
1.411,-0.49
1.085,-0.712
0.867,-0.639
0.585,-0.631
0.319,-0.95
0.111,-0.868
0.042,-0.928
-0.301,-0.692
-0.404,-0.738
-0.5,-1.04
-1.054,-0.722
-1.405,-0.766
-1.531,-0.796
-1.734,-0.899
-1.681,-0.669
-1.802,-0.928
-2.228,-0.911
-2.412,3.443
-2.417,3.609
-2.921,3.808
2.923,3.738
2.744,3.558
1.849,3.882
1.547,3.585
1.556,3.782
1.474,3.858
1.347,3.898
1.197,3.5
1.268,3.563
1.014,3.797
0.942,3.927
0.829,3.822
0.743,3.506
0.456,3.915
0.111,3.696
-0.174,3.844
-0.809,3.581
-1.134,3.653
-1.195,3.688
-1.55,3.544
-1.92,3.869
-1.909,3.81
-2.172,3.741
-3.059,0.504
2.729,1.012
2.087,3.033
1.106,0.105
-0.212,2.089
-0.92,3.072
1.329,-0.914
-2.492,3.77
-2.277,3.342
-2.43,1.565
-2.517,3.354
-2.644,3.014
-2.564,-0.091
-2.552,1.757
-2.794,1.532
-2.811,2.915
-2.864,3.467
-2.994,0.54
-3.104,1.793
-3.018,1.297
-3.022,1.906
-3.07,2.229
-3.138,1.519
3.118,1.904
3.059,2.411
2.965,2.555
2.769,3.321
2.745,3.034
2.825,3.213
2.761,0.329
2.554,2.963
2.406,1.823
2.321,0.744
2.277,-0.304
2.404,-0.079
2.187,-0.429
2.179,0.508
2.166,0.561
2.273,2.508
2.234,1.448
2.13,1.093
2.055,0.932
2.063,2.524
2.054,-0.52
1.855,0.735
1.967,0.949
1.928,0.435
1.744,3.354
1.798,1.118
1.73,3.444
1.483,3.183
1.324,1.493
1.284,0.726
1.138,-0.3
1.217,0.938
1.025,1.547
1.107,-0.382
1.086,0.76
0.925,1.013
0.997,1.105
0.889,3.021
0.88,-0.045
0.867,2.746
0.838,1.564
0.772,1.002
0.783,0.488
0.814,1.643
0.737,2.338
0.344,1.239
0.372,1.209
0.268,0.593
0.334,-0.1
0.31,2.818
0.094,2.935
0.189,-0.5
0.053,-0.027
0.043,-0.207
0.113,2.17
0.115,3.193
-0.075,3.049
0.007,2.734
-0.166,1.082
-0.184,-0.19
-0.165,0.918
-0.192,1.692
-0.321,3.406
-0.37,2.932
-0.251,1.52
-0.388,0.718
-0.413,0.513
-0.494,3.223
-0.875,3.498
-0.868,0.443
-1.175,0.722
-1.104,2.004
-1.193,1.557
-1.41,2.991
-1.301,0.435
-1.506,0.725
-1.526,0.682
-1.977,1.575
-1.905,1.956
-2.083,2.454
-2.094,2.852
-2.047,0.995
-2.255,2.391
-2.092,0.148
-2.334,0.238
-2.336,-0.427
-2.814,-0.638
2.894,-0.787
2.766,-0.68
2.259,-0.712
1.679,-0.853
1.669,-0.816
1.306,-0.539
0.597,-0.747
0.437,-0.886
0.497,-0.785
0.273,-0.723
0.094,-0.872
-0.195,-0.897
-0.499,-0.684
-0.874,-0.846
-1.121,-0.649
-1.509,-0.755
-1.9,-0.824
-2.323,3.655
-2.479,3.834
-2.552,3.832
-2.456,3.83
-2.494,3.755
2.881,3.784
1.084,3.638
0.984,3.614
0.827,3.721
0.144,3.443
-0.478,3.737
-1.013,3.546
2.814,2.89
2.664,3.113
2.664,0.395
2.497,3.255
-0.335,2.126
-0.883,2.909
-1.018,2.913
1.093,0.601
0.576,0.632
-0.58,2.134
-0.576,2.239
-1.603,1.756
-1.59,2.56
-1.747,1.723
-1.742,2.726
-2.803,0.374
-2.802,1.381
1.113,1.533
-2.701,3.537
-0.632,-0.374
-0.76,3.639
-0.172,2.182
-0.143,1.607
-0.228,1.701
-0.235,-0.011
-0.225,1.072
-0.28,0.712
-0.449,3.313
-0.391,-0.118
-0.453,-0.238
-0.523,-0.484
-0.458,3.257
-0.569,0.418
-0.601,3.397
-0.6,0.947
-0.63,0.774
-0.795,3.422
-0.9,0.983
-0.839,-0.065
-0.871,0.696
-0.904,0.471
-1.048,-0.248
-1.105,1.309
-1.19,3.142
-1.226,3.441
-1.231,0.92
-1.341,2.155
-1.309,0.0
-1.372,0.272
-1.362,-0.449
-1.366,2.813
-1.424,3.028
-1.411,3.389
-1.599,-0.442
-1.857,0.164
-1.949,0.448
-1.954,2.034
-1.939,1.608
-1.962,3.305
-1.971,2.082
-2.036,3.289
-2.0,0.36
-1.999,2.224
-2.07,2.025
-2.155,1.331
-2.156,2.711
-2.21,1.359
-2.208,-0.149
-2.228,2.94
-2.215,1.138
-2.278,1.126
-2.305,1.579
-2.623,-0.882
3.112,-0.534
3.083,-0.639
3.095,-0.553
2.921,-0.936
1.404,-0.457
1.078,-0.679
0.86,-0.606
0.578,-0.598
0.312,-0.917
0.104,-0.835
0.035,-0.895
-0.308,-0.659
-0.411,-0.705
-0.507,-1.007
-1.061,-0.689
-1.412,-0.733
-1.538,-0.763
-1.741,-0.866
-1.688,-0.636
-1.809,-0.895
-2.235,-0.878
-2.419,3.476
-2.424,3.642
-2.928,3.841
2.916,3.771
2.737,3.591
1.842,3.915
1.54,3.618
1.549,3.815
1.467,3.891
1.34,3.931
1.19,3.533
1.261,3.596
1.007,3.83
0.935,3.96
0.822,3.855
0.736,3.539
0.449,3.948
0.104,3.729
-0.181,3.877
-0.816,3.614
-1.141,3.686
-1.202,3.721
-1.557,3.577
-1.927,3.902
-1.916,3.843
-2.179,3.774
-3.066,0.537
2.722,1.045
2.08,3.066
1.099,0.138
-0.219,2.122
-0.927,3.105
1.322,-0.881
-2.499,3.803
-2.284,3.375
-2.437,1.598
-2.524,3.387
-2.651,3.047
-2.571,-0.058
-2.559,1.79
-2.801,1.565
-2.818,2.948
-2.871,3.5
-3.001,0.573
-3.111,1.826
-3.025,1.33
-3.029,1.939
-3.077,2.262
3.138,1.552
3.111,1.937
3.052,2.444
2.958,2.588
2.762,3.354
2.738,3.067
2.818,3.246
2.754,0.362
2.547,2.996
2.399,1.856
2.314,0.777
2.27,-0.271
2.397,-0.046
2.18,-0.396
2.172,0.541
2.159,0.594
2.266,2.541
2.227,1.481
2.123,1.126
2.048,0.965
2.056,2.557
2.047,-0.487
1.848,0.768
1.96,0.982
1.921,0.468
1.737,3.387
1.791,1.151
1.723,3.477
1.476,3.216
1.317,1.526
1.277,0.759
1.131,-0.267
1.21,0.971
1.018,1.58
1.1,-0.349
1.079,0.793
0.918,1.046
0.99,1.138
0.882,3.054
0.873,-0.012
0.86,2.779
0.831,1.597
0.765,1.035
0.776,0.521
0.807,1.676
0.73,2.371
0.337,1.272
0.365,1.242
0.261,0.626
0.327,-0.067
0.303,2.851
0.087,2.968
0.182,-0.467
0.046,0.006
0.036,-0.174
0.106,2.203
0.108,3.226
-0.082,3.082
0.0,2.767
-0.173,1.115
-0.191,-0.157
-0.172,0.951
-0.199,1.725
-0.328,3.439
-0.377,2.965
-0.258,1.553
-0.395,0.751
-0.42,0.546
-0.501,3.256
-0.882,3.531
-0.875,0.476
-1.182,0.755
-1.111,2.037
-1.2,1.59
-1.417,3.024
-1.308,0.468
-1.513,0.758
-1.533,0.715
-1.984,1.608
-1.912,1.989
-2.09,2.487
-2.101,2.885
-2.054,1.028
-2.262,2.424
-2.099,0.181
-2.341,0.271
-2.343,-0.394
-2.821,-0.605
2.887,-0.754
2.759,-0.647
2.252,-0.679
1.672,-0.82
1.662,-0.783
1.299,-0.506
0.59,-0.714
0.43,-0.853
0.49,-0.752
0.266,-0.69
0.087,-0.839
-0.202,-0.864
-0.506,-0.651
-0.881,-0.813
-1.128,-0.616
-1.516,-0.722
-1.907,-0.791
-2.33,3.688
-2.486,3.867
-2.559,3.865
-2.463,3.863
-2.501,3.788
2.874,3.817
1.077,3.671
0.977,3.647
0.82,3.754
0.137,3.476
-0.485,3.77
-1.02,3.579
2.807,2.923
2.657,3.146
2.657,0.428
2.49,3.288
-0.342,2.159
-0.89,2.942
-1.025,2.946
1.086,0.634
0.569,0.665
-0.587,2.167
-0.583,2.272
-1.61,1.789
-1.597,2.593
-1.754,1.756
-1.749,2.759
-2.81,0.407
-2.809,1.414
1.106,1.566
-2.708,3.57
-0.639,-0.341
-0.767,3.672
0.029,-0.575
-0.056,-0.481
-0.063,-2.193
-0.053,-1.11
-0.108,-1.47
-0.277,1.131
-0.219,-2.3
-0.281,-2.42
-0.351,-2.666
-0.286,1.075
-0.397,-1.764
-0.429,1.215
-0.428,-1.235
-0.458,-1.408
-0.623,1.24
-0.728,-1.199
-0.667,-2.247
-0.699,-1.486
-0.732,-1.711
-0.876,-2.43
-0.933,-0.873
-1.018,0.96
-1.054,1.259
-1.059,-1.262
-1.169,-0.027
-1.137,-2.182
-1.2,-1.91
-1.19,-2.631
-1.194,0.631
-1.252,0.846
-1.239,1.207
-1.427,-2.624
-1.685,-2.018
-1.777,-1.734
-1.782,-0.148
-1.767,-0.574
-1.79,1.123
-1.799,-0.1
-1.864,1.107
-1.828,-1.822
-1.827,0.042
-1.898,-0.157
-1.983,-0.851
-1.984,0.529
-2.038,-0.823
-2.036,-2.331
-2.056,0.758
-2.043,-1.044
-2.106,-1.056
-2.133,-0.603
-2.451,-3.064
-2.999,-2.716
-3.028,-2.821
-3.016,-2.735
3.093,-3.118
1.576,-2.639
1.25,-2.861
1.032,-2.788
0.75,-2.78
0.484,-3.099
0.276,-3.017
0.207,-3.077
-0.136,-2.841
-0.239,-2.887
-0.335,-3.189
-0.889,-2.871
-1.24,-2.915
-1.366,-2.945
-1.569,-3.048
-1.516,-2.818
-1.637,-3.077
-2.063,-3.06
-2.247,1.294
-2.252,1.46
-2.756,1.659
3.088,1.589
2.909,1.409
2.014,1.733
1.712,1.436
1.721,1.633
1.639,1.709
1.512,1.749
1.362,1.351
1.433,1.414
1.179,1.648
1.107,1.778
0.994,1.673
0.908,1.357
0.621,1.766
0.276,1.547
-0.009,1.695
-0.644,1.432
-0.969,1.504
-1.03,1.539
-1.385,1.395
-1.755,1.72
-1.744,1.661
-2.007,1.592
-2.894,-1.645
2.894,-1.137
2.252,0.884
1.271,-2.044
-0.047,-0.06
-0.755,0.923
1.494,-3.063
-2.327,1.621
-2.112,1.193
-2.265,-0.584
-2.352,1.205
-2.479,0.865
-2.399,-2.24
-2.387,-0.392
-2.629,-0.617
-2.646,0.766
-2.699,1.318
-2.829,-1.609
-2.939,-0.356
-2.853,-0.852
-2.857,-0.243
-2.905,0.08
-2.973,-0.63
-3.0,-0.245
-3.059,0.262
3.13,0.406
2.934,1.172
2.91,0.885
2.99,1.064
2.926,-1.82
2.719,0.814
2.571,-0.326
2.486,-1.405
2.442,-2.453
2.569,-2.228
2.352,-2.578
2.344,-1.641
2.331,-1.588
2.438,0.359
2.399,-0.701
2.295,-1.056
2.22,-1.217
2.228,0.375
2.219,-2.669
2.02,-1.414
2.132,-1.2
2.093,-1.714
1.909,1.205
1.963,-1.031
1.895,1.295
1.648,1.034
1.489,-0.656
1.449,-1.423
1.303,-2.449
1.382,-1.211
1.19,-0.602
1.272,-2.531
1.251,-1.389
1.09,-1.136
1.162,-1.044
1.054,0.872
1.045,-2.194
1.032,0.597
1.003,-0.585
0.937,-1.147
0.948,-1.661
0.979,-0.506
0.902,0.189
0.509,-0.91
0.537,-0.94
0.433,-1.556
0.499,-2.249
0.475,0.669
0.259,0.786
0.354,-2.649
0.218,-2.176
0.208,-2.356
0.278,0.021
0.28,1.044
0.09,0.9
0.172,0.585
-0.001,-1.067
-0.019,-2.339
0.0,-1.231
-0.027,-0.457
-0.156,1.257
-0.205,0.783
-0.086,-0.629
-0.223,-1.431
-0.248,-1.636
-0.329,1.074
-0.71,1.349
-0.703,-1.706
-1.01,-1.427
-0.939,-0.145
-1.028,-0.592
-1.245,0.842
-1.136,-1.714
-1.341,-1.424
-1.361,-1.467
-1.812,-0.574
-1.74,-0.193
-1.918,0.305
-1.929,0.703
-1.882,-1.154
-2.09,0.242
-1.927,-2.001
-2.169,-1.911
-2.171,-2.576
-2.649,-2.787
3.059,-2.936
2.931,-2.829
2.424,-2.861
1.844,-3.002
1.834,-2.965
1.471,-2.688
0.762,-2.896
0.602,-3.035
0.662,-2.934
0.438,-2.872
0.259,-3.021
-0.03,-3.046
-0.334,-2.833
-0.709,-2.995
-0.956,-2.798
-1.344,-2.904
-1.735,-2.973
-2.158,1.506
-2.314,1.685
-2.387,1.683
-2.291,1.681
-2.329,1.606
3.046,1.635
1.249,1.489
1.149,1.465
0.992,1.572
0.309,1.294
-0.313,1.588
-0.848,1.397
2.979,0.741
2.829,0.964
2.829,-1.754
2.662,1.106
-0.17,-0.023
-0.718,0.76
-0.853,0.764
1.258,-1.548
0.741,-1.517
-0.415,-0.015
-0.411,0.09
-1.438,-0.393
-1.425,0.411
-1.582,-0.426
-1.577,0.577
-2.638,-1.775
-2.637,-0.768
1.278,-0.616
-2.536,1.388
-0.467,-2.523
-0.595,1.49
-0.085,0.094
-0.092,-1.618
-0.082,-0.535
-0.137,-0.895
-0.306,1.706
-0.248,-1.725
-0.31,-1.845
-0.38,-2.091
-0.315,1.65
-0.426,-1.189
-0.458,1.79
-0.457,-0.66
-0.487,-0.833
-0.652,1.815
-0.757,-0.624
-0.696,-1.672
-0.728,-0.911
-0.761,-1.136
-0.905,-1.855
-0.962,-0.298
-1.047,1.535
-1.083,1.834
-1.088,-0.687
-1.198,0.548
-1.166,-1.607
-1.229,-1.335
-1.219,-2.056
-1.223,1.206
-1.281,1.421
-1.268,1.782
-1.456,-2.049
-1.714,-1.443
-1.806,-1.159
-1.811,0.427
-1.796,0.001
-1.819,1.698
-1.828,0.475
-1.893,1.682
-1.857,-1.247
-1.856,0.617
-1.927,0.418
-2.012,-0.276
-2.013,1.104
-2.067,-0.248
-2.065,-1.756
-2.085,1.333
-2.072,-0.469
-2.135,-0.481
-2.162,-0.028
-2.48,-2.489
-3.028,-2.141
-3.057,-2.246
-3.045,-2.16
3.064,-2.543
1.547,-2.064
1.221,-2.286
1.003,-2.213
0.721,-2.205
0.455,-2.524
0.247,-2.442
0.178,-2.502
-0.165,-2.266
-0.268,-2.312
-0.364,-2.614
-0.918,-2.296
-1.269,-2.34
-1.395,-2.37
-1.598,-2.473
-1.545,-2.243
-1.666,-2.502
-2.092,-2.485
-2.276,1.869
-2.281,2.035
-2.785,2.234
3.059,2.164
2.88,1.984
1.985,2.308
1.683,2.011
1.692,2.208
1.61,2.284
1.483,2.324
1.333,1.926
1.404,1.989
1.15,2.223
1.078,2.353
0.965,2.248
0.879,1.932
0.592,2.341
0.247,2.122
-0.038,2.27
-0.673,2.007
-0.998,2.079
-1.059,2.114
-1.414,1.97
-1.784,2.295
-1.773,2.236
-2.036,2.167
-2.923,-1.07
2.865,-0.562
2.223,1.459
1.242,-1.469
-0.076,0.515
-0.784,1.498
1.465,-2.488
-2.356,2.196
-2.141,1.768
-2.294,-0.009
-2.381,1.78
-2.508,1.44
-2.428,-1.665
-2.416,0.183
-2.658,-0.042
-2.675,1.341
-2.728,1.893
-2.858,-1.034
-2.968,0.219
-2.882,-0.277
-2.886,0.332
-2.934,0.655
-3.002,-0.055
-3.029,0.33
-3.088,0.837
3.101,0.981
2.905,1.747
2.881,1.46
2.961,1.639
2.897,-1.245
2.69,1.389
2.542,0.249
2.457,-0.83
2.413,-1.878
2.54,-1.653
2.323,-2.003
2.315,-1.066
2.302,-1.013
2.409,0.934
2.37,-0.126
2.266,-0.481
2.191,-0.642
2.199,0.95
2.19,-2.094
1.991,-0.839
2.103,-0.625
2.064,-1.139
1.88,1.78
1.934,-0.456
1.866,1.87
1.619,1.609
1.46,-0.081
1.42,-0.848
1.274,-1.874
1.353,-0.636
1.161,-0.027
1.243,-1.956
1.222,-0.814
1.061,-0.561
1.133,-0.469
1.025,1.447
1.016,-1.619
1.003,1.172
0.974,-0.01
0.908,-0.572
0.919,-1.086
0.95,0.069
0.873,0.764
0.48,-0.335
0.508,-0.365
0.404,-0.981
0.47,-1.674
0.446,1.244
0.23,1.361
0.325,-2.074
0.189,-1.601
0.179,-1.781
0.249,0.596
0.251,1.619
0.061,1.475
0.143,1.16
-0.03,-0.492
-0.048,-1.764
-0.029,-0.656
-0.056,0.118
-0.185,1.832
-0.234,1.358
-0.115,-0.054
-0.252,-0.856
-0.277,-1.061
-0.358,1.649
-0.739,1.924
-0.732,-1.131
-1.039,-0.852
-0.968,0.43
-1.057,-0.017
-1.274,1.417
-1.165,-1.139
-1.37,-0.849
-1.39,-0.892
-1.841,0.001
-1.769,0.382
-1.947,0.88
-1.958,1.278
-1.911,-0.579
-2.119,0.817
-1.956,-1.426
-2.198,-1.336
-2.2,-2.001
-2.678,-2.212
3.03,-2.361
2.902,-2.254
2.395,-2.286
1.815,-2.427
1.805,-2.39
1.442,-2.113
0.733,-2.321
0.573,-2.46
0.633,-2.359
0.409,-2.297
0.23,-2.446
-0.059,-2.471
-0.363,-2.258
-0.738,-2.42
-0.985,-2.223
-1.373,-2.329
-1.764,-2.398
-2.187,2.081
-2.343,2.26
-2.416,2.258
-2.32,2.256
-2.358,2.181
3.017,2.21
1.22,2.064
1.12,2.04
0.963,2.147
0.28,1.869
-0.342,2.163
-0.877,1.972
2.95,1.316
2.8,1.539
2.8,-1.179
2.633,1.681
-0.199,0.552
-0.747,1.335
-0.882,1.339
1.229,-0.973
0.712,-0.942
-0.444,0.56
-0.44,0.665
-1.467,0.182
-1.454,0.986
-1.611,0.149
-1.606,1.152
-2.667,-1.2
-2.666,-0.193
1.249,-0.041
-2.565,1.963
-0.496,-1.948
-0.624,2.065
-0.007,-1.712
0.003,-0.629
-0.052,-0.989
-0.221,1.612
-0.163,-1.819
-0.225,-1.939
-0.295,-2.185
-0.23,1.556
-0.341,-1.283
-0.373,1.696
-0.372,-0.754
-0.402,-0.927
-0.567,1.721
-0.672,-0.718
-0.611,-1.766
-0.643,-1.005
-0.676,-1.23
-0.82,-1.949
-0.877,-0.392
-0.962,1.441
-0.998,1.74
-1.003,-0.781
-1.113,0.454
-1.081,-1.701
-1.144,-1.429
-1.134,-2.15
-1.138,1.112
-1.196,1.327
-1.183,1.688
-1.371,-2.143
-1.629,-1.537
-1.721,-1.253
-1.726,0.333
-1.711,-0.093
-1.734,1.604
-1.743,0.381
-1.808,1.588
-1.772,-1.341
-1.771,0.523
-1.842,0.324
-1.927,-0.37
-1.928,1.01
-1.982,-0.342
-1.98,-1.85
-2.0,1.239
-1.987,-0.563
-2.05,-0.575
-2.077,-0.122
-2.395,-2.583
-2.943,-2.235
-2.972,-2.34
-2.96,-2.254
-3.134,-2.637
1.632,-2.158
1.306,-2.38
1.088,-2.307
0.806,-2.299
0.54,-2.618
0.332,-2.536
0.263,-2.596
-0.08,-2.36
-0.183,-2.406
-0.279,-2.708
-0.833,-2.39
-1.184,-2.434
-1.31,-2.464
-1.513,-2.567
-1.46,-2.337
-1.581,-2.596
-2.007,-2.579
-2.191,1.775
-2.196,1.941
-2.7,2.14
-3.139,2.07
2.965,1.89
2.07,2.214
1.768,1.917
1.777,2.114
1.695,2.19
1.568,2.23
1.418,1.832
1.489,1.895
1.235,2.129
1.163,2.259
1.05,2.154
0.964,1.838
0.677,2.247
0.332,2.028
0.047,2.176
-0.588,1.913
-0.913,1.985
-0.974,2.02
-1.329,1.876
-1.699,2.201
-1.688,2.142
-1.951,2.073
-2.838,-1.164
2.95,-0.656
2.308,1.365
1.327,-1.563
0.009,0.421
-0.699,1.404
1.55,-2.582
-2.271,2.102
-2.056,1.674
-2.209,-0.103
-2.296,1.686
-2.423,1.346
-2.343,-1.759
-2.331,0.089
-2.573,-0.136
-2.59,1.247
-2.643,1.799
-2.773,-1.128
-2.883,0.125
-2.797,-0.371
-2.801,0.238
-2.849,0.561
-2.917,-0.149
-2.944,0.236
-3.003,0.743
-3.097,0.887
2.99,1.653
2.966,1.366
3.046,1.545
2.982,-1.339
2.775,1.295
2.627,0.155
2.542,-0.924
2.498,-1.972
2.625,-1.747
2.408,-2.097
2.4,-1.16
2.387,-1.107
2.494,0.84
2.455,-0.22
2.351,-0.575
2.276,-0.736
2.284,0.856
2.275,-2.188
2.076,-0.933
2.188,-0.719
2.149,-1.233
1.965,1.686
2.019,-0.55
1.951,1.776
1.704,1.515
1.545,-0.175
1.505,-0.942
1.359,-1.968
1.438,-0.73
1.246,-0.121
1.328,-2.05
1.307,-0.908
1.146,-0.655
1.218,-0.563
1.11,1.353
1.101,-1.713
1.088,1.078
1.059,-0.104
0.993,-0.666
1.004,-1.18
1.035,-0.025
0.958,0.67
0.565,-0.429
0.593,-0.459
0.489,-1.075
0.555,-1.768
0.531,1.15
0.315,1.267
0.41,-2.168
0.274,-1.695
0.264,-1.875
0.334,0.502
0.336,1.525
0.146,1.381
0.228,1.066
0.055,-0.586
0.037,-1.858
0.056,-0.75
0.029,0.024
-0.1,1.738
-0.149,1.264
-0.03,-0.148
-0.167,-0.95
-0.192,-1.155
-0.273,1.555
-0.654,1.83
-0.647,-1.225
-0.954,-0.946
-0.883,0.336
-0.972,-0.111
-1.189,1.323
-1.08,-1.233
-1.285,-0.943
-1.305,-0.986
-1.756,-0.093
-1.684,0.288
-1.862,0.786
-1.873,1.184
-1.826,-0.673
-2.034,0.723
-1.871,-1.52
-2.113,-1.43
-2.115,-2.095
-2.593,-2.306
3.115,-2.455
2.987,-2.348
2.48,-2.38
1.9,-2.521
1.89,-2.484
1.527,-2.207
0.818,-2.415
0.658,-2.554
0.718,-2.453
0.494,-2.391
0.315,-2.54
0.026,-2.565
-0.278,-2.352
-0.653,-2.514
-0.9,-2.317
-1.288,-2.423
-1.679,-2.492
-2.102,1.987
-2.258,2.166
-2.331,2.164
-2.235,2.162
-2.273,2.087
3.102,2.116
1.305,1.97
1.205,1.946
1.048,2.053
0.365,1.775
-0.257,2.069
-0.792,1.878
3.035,1.222
2.885,1.445
2.885,-1.273
2.718,1.587
-0.114,0.458
-0.662,1.241
-0.797,1.245
1.314,-1.067
0.797,-1.036
-0.359,0.466
-0.355,0.571
-1.382,0.088
-1.369,0.892
-1.526,0.055
-1.521,1.058
-2.582,-1.294
-2.581,-0.287
1.334,-0.135
-2.48,1.869
-0.411,-2.042
-0.539,1.971
0.01,1.083
-0.045,0.723
-0.214,3.324
-0.156,-0.107
-0.218,-0.227
-0.288,-0.473
-0.223,3.268
-0.334,0.429
-0.366,3.408
-0.365,0.958
-0.395,0.785
-0.56,3.433
-0.665,0.994
-0.604,-0.054
-0.636,0.707
-0.669,0.482
-0.813,-0.237
-0.87,1.32
-0.955,3.153
-0.991,3.452
-0.996,0.931
-1.106,2.166
-1.074,0.011
-1.137,0.283
-1.127,-0.438
-1.131,2.824
-1.189,3.039
-1.176,3.4
-1.364,-0.431
-1.622,0.175
-1.714,0.459
-1.719,2.045
-1.704,1.619
-1.727,3.316
-1.736,2.093
-1.801,3.3
-1.765,0.371
-1.764,2.235
-1.835,2.036
-1.92,1.342
-1.921,2.722
-1.975,1.37
-1.973,-0.138
-1.993,2.951
-1.98,1.149
-2.043,1.137
-2.07,1.59
-2.388,-0.871
-2.936,-0.523
-2.965,-0.628
-2.953,-0.542
-3.127,-0.925
1.639,-0.446
1.313,-0.668
1.095,-0.595
0.813,-0.587
0.547,-0.906
0.339,-0.824
0.27,-0.884
-0.073,-0.648
-0.176,-0.694
-0.272,-0.996
-0.826,-0.678
-1.177,-0.722
-1.303,-0.752
-1.506,-0.855
-1.453,-0.625
-1.574,-0.884
-2.0,-0.867
-2.184,3.487
-2.189,3.653
-2.693,3.852
-3.132,3.782
2.972,3.602
2.077,3.926
1.775,3.629
1.784,3.826
1.702,3.902
1.575,3.942
1.425,3.544
1.496,3.607
1.242,3.841
1.17,3.971
1.057,3.866
0.971,3.55
0.684,3.959
0.339,3.74
0.054,3.888
-0.581,3.625
-0.906,3.697
-0.967,3.732
-1.322,3.588
-1.692,3.913
-1.681,3.854
-1.944,3.785
-2.831,0.548
2.957,1.056
2.315,3.077
1.334,0.149
0.016,2.133
-0.692,3.116
1.557,-0.87
-2.264,3.814
-2.049,3.386
-2.202,1.609
-2.289,3.398
-2.416,3.058
-2.336,-0.047
-2.324,1.801
-2.566,1.576
-2.583,2.959
-2.636,3.511
-2.766,0.584
-2.876,1.837
-2.79,1.341
-2.794,1.95
-2.842,2.273
-2.91,1.563
-2.937,1.948
-2.996,2.455
-3.09,2.599
2.997,3.365
2.973,3.078
3.053,3.257
2.989,0.373
2.782,3.007
2.634,1.867
2.549,0.788
2.505,-0.26
2.632,-0.035
2.415,-0.385
2.407,0.552
2.394,0.605
2.501,2.552
2.462,1.492
2.358,1.137
2.283,0.976
2.291,2.568
2.282,-0.476
2.083,0.779
2.195,0.993
2.156,0.479
1.972,3.398
2.026,1.162
1.958,3.488
1.711,3.227
1.552,1.537
1.512,0.77
1.366,-0.256
1.445,0.982
1.253,1.591
1.335,-0.338
1.314,0.804
1.153,1.057
1.225,1.149
1.117,3.065
1.108,-0.001
1.095,2.79
1.066,1.608
1.0,1.046
1.011,0.532
1.042,1.687
0.965,2.382
0.572,1.283
0.6,1.253
0.496,0.637
0.562,-0.056
0.538,2.862
0.322,2.979
0.417,-0.456
0.281,0.017
0.271,-0.163
0.341,2.214
0.343,3.237
0.153,3.093
0.235,2.778
0.062,1.126
0.044,-0.146
0.063,0.962
0.036,1.736
-0.093,3.45
-0.142,2.976
-0.023,1.564
-0.16,0.762
-0.185,0.557
-0.266,3.267
-0.647,3.542
-0.64,0.487
-0.947,0.766
-0.876,2.048
-0.965,1.601
-1.182,3.035
-1.073,0.479
-1.278,0.769
-1.298,0.726
-1.749,1.619
-1.677,2.0
-1.855,2.498
-1.866,2.896
-1.819,1.039
-2.027,2.435
-1.864,0.192
-2.106,0.282
-2.108,-0.383
-2.586,-0.594
3.122,-0.743
2.994,-0.636
2.487,-0.668
1.907,-0.809
1.897,-0.772
1.534,-0.495
0.825,-0.703
0.665,-0.842
0.725,-0.741
0.501,-0.679
0.322,-0.828
0.033,-0.853
-0.271,-0.64
-0.646,-0.802
-0.893,-0.605
-1.281,-0.711
-1.672,-0.78
-2.095,3.699
-2.251,3.878
-2.324,3.876
-2.228,3.874
-2.266,3.799
3.109,3.828
1.312,3.682
1.212,3.658
1.055,3.765
0.372,3.487
-0.25,3.781
-0.785,3.59
3.042,2.934
2.892,3.157
2.892,0.439
2.725,3.299
-0.107,2.17
-0.655,2.953
-0.79,2.957
1.321,0.645
0.804,0.676
-0.352,2.178
-0.348,2.283
-1.375,1.8
-1.362,2.604
-1.519,1.767
-1.514,2.77
-2.575,0.418
-2.574,1.425
1.341,1.577
-2.473,3.581
-0.404,-0.33
-0.532,3.683
-0.055,-0.36
-0.224,2.241
-0.166,-1.19
-0.228,-1.31
-0.298,-1.556
-0.233,2.185
-0.344,-0.654
-0.376,2.325
-0.375,-0.125
-0.405,-0.298
-0.57,2.35
-0.675,-0.089
-0.614,-1.137
-0.646,-0.376
-0.679,-0.601
-0.823,-1.32
-0.88,0.237
-0.965,2.07
-1.001,2.369
-1.006,-0.152
-1.116,1.083
-1.084,-1.072
-1.147,-0.8
-1.137,-1.521
-1.141,1.741
-1.199,1.956
-1.186,2.317
-1.374,-1.514
-1.632,-0.908
-1.724,-0.624
-1.729,0.962
-1.714,0.536
-1.737,2.233
-1.746,1.01
-1.811,2.217
-1.775,-0.712
-1.774,1.152
-1.845,0.953
-1.93,0.259
-1.931,1.639
-1.985,0.287
-1.983,-1.221
-2.003,1.868
-1.99,0.066
-2.053,0.054
-2.08,0.507
-2.398,-1.954
-2.946,-1.606
-2.975,-1.711
-2.963,-1.625
-3.137,-2.008
1.629,-1.529
1.303,-1.751
1.085,-1.678
0.803,-1.67
0.537,-1.989
0.329,-1.907
0.26,-1.967
-0.083,-1.731
-0.186,-1.777
-0.282,-2.079
-0.836,-1.761
-1.187,-1.805
-1.313,-1.835
-1.516,-1.938
-1.463,-1.708
-1.584,-1.967
-2.01,-1.95
-2.194,2.404
-2.199,2.57
-2.703,2.769
3.141,2.699
2.962,2.519
2.067,2.843
1.765,2.546
1.774,2.743
1.692,2.819
1.565,2.859
1.415,2.461
1.486,2.524
1.232,2.758
1.16,2.888
1.047,2.783
0.961,2.467
0.674,2.876
0.329,2.657
0.044,2.805
-0.591,2.542
-0.916,2.614
-0.977,2.649
-1.332,2.505
-1.702,2.83
-1.691,2.771
-1.954,2.702
-2.841,-0.535
2.947,-0.027
2.305,1.994
1.324,-0.934
0.006,1.05
-0.702,2.033
1.547,-1.953
-2.274,2.731
-2.059,2.303
-2.212,0.526
-2.299,2.315
-2.426,1.975
-2.346,-1.13
-2.334,0.718
-2.576,0.493
-2.593,1.876
-2.646,2.428
-2.776,-0.499
-2.886,0.754
-2.8,0.258
-2.804,0.867
-2.852,1.19
-2.92,0.48
-2.947,0.865
-3.006,1.372
-3.1,1.516
2.987,2.282
2.963,1.995
3.043,2.174
2.979,-0.71
2.772,1.924
2.624,0.784
2.539,-0.295
2.495,-1.343
2.622,-1.118
2.405,-1.468
2.397,-0.531
2.384,-0.478
2.491,1.469
2.452,0.409
2.348,0.054
2.273,-0.107
2.281,1.485
2.272,-1.559
2.073,-0.304
2.185,-0.09
2.146,-0.604
1.962,2.315
2.016,0.079
1.948,2.405
1.701,2.144
1.542,0.454
1.502,-0.313
1.356,-1.339
1.435,-0.101
1.243,0.508
1.325,-1.421
1.304,-0.279
1.143,-0.026
1.215,0.066
1.107,1.982
1.098,-1.084
1.085,1.707
1.056,0.525
0.99,-0.037
1.001,-0.551
1.032,0.604
0.955,1.299
0.562,0.2
0.59,0.17
0.486,-0.446
0.552,-1.139
0.528,1.779
0.312,1.896
0.407,-1.539
0.271,-1.066
0.261,-1.246
0.331,1.131
0.333,2.154
0.143,2.01
0.225,1.695
0.052,0.043
0.034,-1.229
0.053,-0.121
0.026,0.653
-0.103,2.367
-0.152,1.893
-0.033,0.481
-0.17,-0.321
-0.195,-0.526
-0.276,2.184
-0.657,2.459
-0.65,-0.596
-0.957,-0.317
-0.886,0.965
-0.975,0.518
-1.192,1.952
-1.083,-0.604
-1.288,-0.314
-1.308,-0.357
-1.759,0.536
-1.687,0.917
-1.865,1.415
-1.876,1.813
-1.829,-0.044
-2.037,1.352
-1.874,-0.891
-2.116,-0.801
-2.118,-1.466
-2.596,-1.677
3.112,-1.826
2.984,-1.719
2.477,-1.751
1.897,-1.892
1.887,-1.855
1.524,-1.578
0.815,-1.786
0.655,-1.925
0.715,-1.824
0.491,-1.762
0.312,-1.911
0.023,-1.936
-0.281,-1.723
-0.656,-1.885
-0.903,-1.688
-1.291,-1.794
-1.682,-1.863
-2.105,2.616
-2.261,2.795
-2.334,2.793
-2.238,2.791
-2.276,2.716
3.099,2.745
1.302,2.599
1.202,2.575
1.045,2.682
0.362,2.404
-0.26,2.698
-0.795,2.507
3.032,1.851
2.882,2.074
2.882,-0.644
2.715,2.216
-0.117,1.087
-0.665,1.87
-0.8,1.874
1.311,-0.438
0.794,-0.407
-0.362,1.095
-0.358,1.2
-1.385,0.717
-1.372,1.521
-1.529,0.684
-1.524,1.687
-2.585,-0.665
-2.584,0.342
1.331,0.494
-2.483,2.498
-0.414,-1.413
-0.542,2.6
-0.169,2.601
-0.111,-0.83
-0.173,-0.95
-0.243,-1.196
-0.178,2.545
-0.289,-0.294
-0.321,2.685
-0.32,0.235
-0.35,0.062
-0.515,2.71
-0.62,0.271
-0.559,-0.777
-0.591,-0.016
-0.624,-0.241
-0.768,-0.96
-0.825,0.597
-0.91,2.43
-0.946,2.729
-0.951,0.208
-1.061,1.443
-1.029,-0.712
-1.092,-0.44
-1.082,-1.161
-1.086,2.101
-1.144,2.316
-1.131,2.677
-1.319,-1.154
-1.577,-0.548
-1.669,-0.264
-1.674,1.322
-1.659,0.896
-1.682,2.593
-1.691,1.37
-1.756,2.577
-1.72,-0.352
-1.719,1.512
-1.79,1.313
-1.875,0.619
-1.876,1.999
-1.93,0.647
-1.928,-0.861
-1.948,2.228
-1.935,0.426
-1.998,0.414
-2.025,0.867
-2.343,-1.594
-2.891,-1.246
-2.92,-1.351
-2.908,-1.265
-3.082,-1.648
1.684,-1.169
1.358,-1.391
1.14,-1.318
0.858,-1.31
0.592,-1.629
0.384,-1.547
0.315,-1.607
-0.028,-1.371
-0.131,-1.417
-0.227,-1.719
-0.781,-1.401
-1.132,-1.445
-1.258,-1.475
-1.461,-1.578
-1.408,-1.348
-1.529,-1.607
-1.955,-1.59
-2.139,2.764
-2.144,2.93
-2.648,3.129
-3.087,3.059
3.017,2.879
2.122,3.203
1.82,2.906
1.829,3.103
1.747,3.179
1.62,3.219
1.47,2.821
1.541,2.884
1.287,3.118
1.215,3.248
1.102,3.143
1.016,2.827
0.729,3.236
0.384,3.017
0.099,3.165
-0.536,2.902
-0.861,2.974
-0.922,3.009
-1.277,2.865
-1.647,3.19
-1.636,3.131
-1.899,3.062
-2.786,-0.175
3.002,0.333
2.36,2.354
1.379,-0.574
0.061,1.41
-0.647,2.393
1.602,-1.593
-2.219,3.091
-2.004,2.663
-2.157,0.886
-2.244,2.675
-2.371,2.335
-2.291,-0.77
-2.279,1.078
-2.521,0.853
-2.538,2.236
-2.591,2.788
-2.721,-0.139
-2.831,1.114
-2.745,0.618
-2.749,1.227
-2.797,1.55
-2.865,0.84
-2.892,1.225
-2.951,1.732
-3.045,1.876
3.042,2.642
3.018,2.355
3.098,2.534
3.034,-0.35
2.827,2.284
2.679,1.144
2.594,0.065
2.55,-0.983
2.677,-0.758
2.46,-1.108
2.452,-0.171
2.439,-0.118
2.546,1.829
2.507,0.769
2.403,0.414
2.328,0.253
2.336,1.845
2.327,-1.199
2.128,0.056
2.24,0.27
2.201,-0.244
2.017,2.675
2.071,0.439
2.003,2.765
1.756,2.504
1.597,0.814
1.557,0.047
1.411,-0.979
1.49,0.259
1.298,0.868
1.38,-1.061
1.359,0.081
1.198,0.334
1.27,0.426
1.162,2.342
1.153,-0.724
1.14,2.067
1.111,0.885
1.045,0.323
1.056,-0.191
1.087,0.964
1.01,1.659
0.617,0.56
0.645,0.53
0.541,-0.086
0.607,-0.779
0.583,2.139
0.367,2.256
0.462,-1.179
0.326,-0.706
0.316,-0.886
0.386,1.491
0.388,2.514
0.198,2.37
0.28,2.055
0.107,0.403
0.089,-0.869
0.108,0.239
0.081,1.013
-0.048,2.727
-0.097,2.253
0.022,0.841
-0.115,0.039
-0.14,-0.166
-0.221,2.544
-0.602,2.819
-0.595,-0.236
-0.902,0.043
-0.831,1.325
-0.92,0.878
-1.137,2.312
-1.028,-0.244
-1.233,0.046
-1.253,0.003
-1.704,0.896
-1.632,1.277
-1.81,1.775
-1.821,2.173
-1.774,0.316
-1.982,1.712
-1.819,-0.531
-2.061,-0.441
-2.063,-1.106
-2.541,-1.317
-3.116,-1.466
3.039,-1.359
2.532,-1.391
1.952,-1.532
1.942,-1.495
1.579,-1.218
0.87,-1.426
0.71,-1.565
0.77,-1.464
0.546,-1.402
0.367,-1.551
0.078,-1.576
-0.226,-1.363
-0.601,-1.525
-0.848,-1.328
-1.236,-1.434
-1.627,-1.503
-2.05,2.976
-2.206,3.155
-2.279,3.153
-2.183,3.151
-2.221,3.076
-3.129,3.105
1.357,2.959
1.257,2.935
1.1,3.042
0.417,2.764
-0.205,3.058
-0.74,2.867
3.087,2.211
2.937,2.434
2.937,-0.284
2.77,2.576
-0.062,1.447
-0.61,2.23
-0.745,2.234
1.366,-0.078
0.849,-0.047
-0.307,1.455
-0.303,1.56
-1.33,1.077
-1.317,1.881
-1.474,1.044
-1.469,2.047
-2.53,-0.305
-2.529,0.702
1.386,0.854
-2.428,2.858
-0.359,-1.053
-0.487,2.96
0.058,-3.431
-0.004,-3.551
-0.074,-3.797
-0.009,-0.056
-0.12,-2.895
-0.152,0.084
-0.151,-2.366
-0.181,-2.539
-0.346,0.109
-0.451,-2.33
-0.39,-3.378
-0.422,-2.617
-0.455,-2.842
-0.599,-3.561
-0.656,-2.004
-0.741,-0.171
-0.777,0.128
-0.782,-2.393
-0.892,-1.158
-0.86,-3.313
-0.923,-3.041
-0.913,-3.762
-0.917,-0.5
-0.975,-0.285
-0.962,0.076
-1.15,-3.755
-1.408,-3.149
-1.5,-2.865
-1.505,-1.279
-1.49,-1.705
-1.513,-0.008
-1.522,-1.231
-1.587,-0.024
-1.551,-2.953
-1.55,-1.089
-1.621,-1.288
-1.706,-1.982
-1.707,-0.602
-1.761,-1.954
-1.759,-3.462
-1.779,-0.373
-1.766,-2.175
-1.829,-2.187
-1.856,-1.734
-2.174,-4.195
-2.722,-3.847
-2.751,-3.952
-2.739,-3.866
-2.913,-4.249
1.853,-3.77
1.527,-3.992
1.309,-3.919
1.027,-3.911
0.761,-4.23
0.553,-4.148
0.484,-4.208
0.141,-3.972
0.038,-4.018
-0.058,-4.32
-0.612,-4.002
-0.963,-4.046
-1.089,-4.076
-1.292,-4.179
-1.239,-3.949
-1.36,-4.208
-1.786,-4.191
-1.97,0.163
-1.975,0.329
-2.479,0.528
-2.918,0.458
-3.097,0.278
2.291,0.602
1.989,0.305
1.998,0.502
1.916,0.578
1.789,0.618
1.639,0.22
1.71,0.283
1.456,0.517
1.384,0.647
1.271,0.542
1.185,0.226
0.898,0.635
0.553,0.416
0.268,0.564
-0.367,0.301
-0.692,0.373
-0.753,0.408
-1.108,0.264
-1.478,0.589
-1.467,0.53
-1.73,0.461
-2.617,-2.776
-3.112,-2.268
2.529,-0.247
1.548,-3.175
0.23,-1.191
-0.478,-0.208
1.771,-4.194
-2.05,0.49
-1.835,0.062
-1.988,-1.715
-2.075,0.074
-2.202,-0.266
-2.122,-3.371
-2.11,-1.523
-2.352,-1.748
-2.369,-0.365
-2.422,0.187
-2.552,-2.74
-2.662,-1.487
-2.576,-1.983
-2.58,-1.374
-2.628,-1.051
-2.696,-1.761
-2.723,-1.376
-2.782,-0.869
-2.876,-0.725
-3.072,0.041
-3.096,-0.246
-3.016,-0.067
-3.08,-2.951
2.996,-0.317
2.848,-1.457
2.763,-2.536
2.719,-3.584
2.846,-3.359
2.629,-3.709
2.621,-2.772
2.608,-2.719
2.715,-0.772
2.676,-1.832
2.572,-2.187
2.497,-2.348
2.505,-0.756
2.496,-3.8
2.297,-2.545
2.409,-2.331
2.37,-2.845
2.186,0.074
2.24,-2.162
2.172,0.164
1.925,-0.097
1.766,-1.787
1.726,-2.554
1.58,-3.58
1.659,-2.342
1.467,-1.733
1.549,-3.662
1.528,-2.52
1.367,-2.267
1.439,-2.175
1.331,-0.259
1.322,-3.325
1.309,-0.534
1.28,-1.716
1.214,-2.278
1.225,-2.792
1.256,-1.637
1.179,-0.942
0.786,-2.041
0.814,-2.071
0.71,-2.687
0.776,-3.38
0.752,-0.462
0.536,-0.345
0.631,-3.78
0.495,-3.307
0.485,-3.487
0.555,-1.11
0.557,-0.087
0.367,-0.231
0.449,-0.546
0.276,-2.198
0.258,-3.47
0.277,-2.362
0.25,-1.588
0.121,0.126
0.072,-0.348
0.191,-1.76
0.054,-2.562
0.029,-2.767
-0.052,-0.057
-0.433,0.218
-0.426,-2.837
-0.733,-2.558
-0.662,-1.276
-0.751,-1.723
-0.968,-0.289
-0.859,-2.845
-1.064,-2.555
-1.084,-2.598
-1.535,-1.705
-1.463,-1.324
-1.641,-0.826
-1.652,-0.428
-1.605,-2.285
-1.813,-0.889
-1.65,-3.132
-1.892,-3.042
-1.894,-3.707
-2.372,-3.918
-2.947,-4.067
-3.075,-3.96
2.701,-3.992
2.121,-4.133
2.111,-4.096
1.748,-3.819
1.039,-4.027
0.879,-4.166
0.939,-4.065
0.715,-4.003
0.536,-4.152
0.247,-4.177
-0.057,-3.964
-0.432,-4.126
-0.679,-3.929
-1.067,-4.035
-1.458,-4.104
-1.881,0.375
-2.037,0.554
-2.11,0.552
-2.014,0.55
-2.052,0.475
-2.96,0.504
1.526,0.358
1.426,0.334
1.269,0.441
0.586,0.163
-0.036,0.457
-0.571,0.266
-3.027,-0.39
3.106,-0.167
3.106,-2.885
2.939,-0.025
0.107,-1.154
-0.441,-0.371
-0.576,-0.367
1.535,-2.679
1.018,-2.648
-0.138,-1.146
-0.134,-1.041
-1.161,-1.524
-1.148,-0.72
-1.305,-1.557
-1.3,-0.554
-2.361,-2.906
-2.36,-1.899
1.555,-1.747
-2.259,0.257
-0.19,-3.654
-0.318,0.359
-0.062,-0.12
-0.132,-0.366
-0.067,3.375
-0.178,0.536
-0.21,3.515
-0.209,1.065
-0.239,0.892
-0.404,3.54
-0.509,1.101
-0.448,0.053
-0.48,0.814
-0.513,0.589
-0.657,-0.13
-0.714,1.427
-0.799,3.26
-0.835,3.559
-0.84,1.038
-0.95,2.273
-0.918,0.118
-0.981,0.39
-0.971,-0.331
-0.975,2.931
-1.033,3.146
-1.02,3.507
-1.208,-0.324
-1.466,0.282
-1.558,0.566
-1.563,2.152
-1.548,1.726
-1.571,3.423
-1.58,2.2
-1.645,3.407
-1.609,0.478
-1.608,2.342
-1.679,2.143
-1.764,1.449
-1.765,2.829
-1.819,1.477
-1.817,-0.031
-1.837,3.058
-1.824,1.256
-1.887,1.244
-1.914,1.697
-2.232,-0.764
-2.78,-0.416
-2.809,-0.521
-2.797,-0.435
-2.971,-0.818
1.795,-0.339
1.469,-0.561
1.251,-0.488
0.969,-0.48
0.703,-0.799
0.495,-0.717
0.426,-0.777
0.083,-0.541
-0.02,-0.587
-0.116,-0.889
-0.67,-0.571
-1.021,-0.615
-1.147,-0.645
-1.35,-0.748
-1.297,-0.518
-1.418,-0.777
-1.844,-0.76
-2.028,3.594
-2.033,3.76
-2.537,3.959
-2.976,3.889
3.128,3.709
2.233,4.033
1.931,3.736
1.94,3.933
1.858,4.009
1.731,4.049
1.581,3.651
1.652,3.714
1.398,3.948
1.326,4.078
1.213,3.973
1.127,3.657
0.84,4.066
0.495,3.847
0.21,3.995
-0.425,3.732
-0.75,3.804
-0.811,3.839
-1.166,3.695
-1.536,4.02
-1.525,3.961
-1.788,3.892
-2.675,0.655
3.113,1.163
2.471,3.184
1.49,0.256
0.172,2.24
-0.536,3.223
1.713,-0.763
-2.108,3.921
-1.893,3.493
-2.046,1.716
-2.133,3.505
-2.26,3.165
-2.18,0.06
-2.168,1.908
-2.41,1.683
-2.427,3.066
-2.48,3.618
-2.61,0.691
-2.72,1.944
-2.634,1.448
-2.638,2.057
-2.686,2.38
-2.754,1.67
-2.781,2.055
-2.84,2.562
-2.934,2.706
-3.13,3.472
3.129,3.185
-3.074,3.364
-3.138,0.48
2.938,3.114
2.79,1.974
2.705,0.895
2.661,-0.153
2.788,0.072
2.571,-0.278
2.563,0.659
2.55,0.712
2.657,2.659
2.618,1.599
2.514,1.244
2.439,1.083
2.447,2.675
2.438,-0.369
2.239,0.886
2.351,1.1
2.312,0.586
2.128,3.505
2.182,1.269
2.114,3.595
1.867,3.334
1.708,1.644
1.668,0.877
1.522,-0.149
1.601,1.089
1.409,1.698
1.491,-0.231
1.47,0.911
1.309,1.164
1.381,1.256
1.273,3.172
1.264,0.106
1.251,2.897
1.222,1.715
1.156,1.153
1.167,0.639
1.198,1.794
1.121,2.489
0.728,1.39
0.756,1.36
0.652,0.744
0.718,0.051
0.694,2.969
0.478,3.086
0.573,-0.349
0.437,0.124
0.427,-0.056
0.497,2.321
0.499,3.344
0.309,3.2
0.391,2.885
0.218,1.233
0.2,-0.039
0.219,1.069
0.192,1.843
0.063,3.557
0.014,3.083
0.133,1.671
-0.004,0.869
-0.029,0.664
-0.11,3.374
-0.491,3.649
-0.484,0.594
-0.791,0.873
-0.72,2.155
-0.809,1.708
-1.026,3.142
-0.917,0.586
-1.122,0.876
-1.142,0.833
-1.593,1.726
-1.521,2.107
-1.699,2.605
-1.71,3.003
-1.663,1.146
-1.871,2.542
-1.708,0.299
-1.95,0.389
-1.952,-0.276
-2.43,-0.487
-3.005,-0.636
-3.133,-0.529
2.643,-0.561
2.063,-0.702
2.053,-0.665
1.69,-0.388
0.981,-0.596
0.821,-0.735
0.881,-0.634
0.657,-0.572
0.478,-0.721
0.189,-0.746
-0.115,-0.533
-0.49,-0.695
-0.737,-0.498
-1.125,-0.604
-1.516,-0.673
-1.939,3.806
-2.095,3.985
-2.168,3.983
-2.072,3.981
-2.11,3.906
-3.018,3.935
1.468,3.789
1.368,3.765
1.211,3.872
0.528,3.594
-0.094,3.888
-0.629,3.697
-3.085,3.041
3.048,3.264
3.048,0.546
2.881,3.406
0.049,2.277
-0.499,3.06
-0.634,3.064
1.477,0.752
0.96,0.783
-0.196,2.285
-0.192,2.39
-1.219,1.907
-1.206,2.711
-1.363,1.874
-1.358,2.877
-2.419,0.525
-2.418,1.532
1.497,1.684
-2.317,3.688
-0.248,-0.223
-0.376,3.79
-0.07,-0.246
-0.005,3.495
-0.116,0.656
-0.148,3.635
-0.147,1.185
-0.177,1.012
-0.342,3.66
-0.447,1.221
-0.386,0.173
-0.418,0.934
-0.451,0.709
-0.595,-0.01
-0.652,1.547
-0.737,3.38
-0.773,3.679
-0.778,1.158
-0.888,2.393
-0.856,0.238
-0.919,0.51
-0.909,-0.211
-0.913,3.051
-0.971,3.266
-0.958,3.627
-1.146,-0.204
-1.404,0.402
-1.496,0.686
-1.501,2.272
-1.486,1.846
-1.509,3.543
-1.518,2.32
-1.583,3.527
-1.547,0.598
-1.546,2.462
-1.617,2.263
-1.702,1.569
-1.703,2.949
-1.757,1.597
-1.755,0.089
-1.775,3.178
-1.762,1.376
-1.825,1.364
-1.852,1.817
-2.17,-0.644
-2.718,-0.296
-2.747,-0.401
-2.735,-0.315
-2.909,-0.698
1.857,-0.219
1.531,-0.441
1.313,-0.368
1.031,-0.36
0.765,-0.679
0.557,-0.597
0.488,-0.657
0.145,-0.421
0.042,-0.467
-0.054,-0.769
-0.608,-0.451
-0.959,-0.495
-1.085,-0.525
-1.288,-0.628
-1.235,-0.398
-1.356,-0.657
-1.782,-0.64
-1.966,3.714
-1.971,3.88
-2.475,4.079
-2.914,4.009
-3.093,3.829
2.295,4.153
1.993,3.856
2.002,4.053
1.92,4.129
1.793,4.169
1.643,3.771
1.714,3.834
1.46,4.068
1.388,4.198
1.275,4.093
1.189,3.777
0.902,4.186
0.557,3.967
0.272,4.115
-0.363,3.852
-0.688,3.924
-0.749,3.959
-1.104,3.815
-1.474,4.14
-1.463,4.081
-1.726,4.012
-2.613,0.775
-3.108,1.283
2.533,3.304
1.552,0.376
0.234,2.36
-0.474,3.343
1.775,-0.643
-2.046,4.041
-1.831,3.613
-1.984,1.836
-2.071,3.625
-2.198,3.285
-2.118,0.18
-2.106,2.028
-2.348,1.803
-2.365,3.186
-2.418,3.738
-2.548,0.811
-2.658,2.064
-2.572,1.568
-2.576,2.177
-2.624,2.5
-2.692,1.79
-2.719,2.175
-2.778,2.682
-2.872,2.826
-3.068,3.592
-3.092,3.305
-3.012,3.484
-3.076,0.6
3.0,3.234
2.852,2.094
2.767,1.015
2.723,-0.033
2.85,0.192
2.633,-0.158
2.625,0.779
2.612,0.832
2.719,2.779
2.68,1.719
2.576,1.364
2.501,1.203
2.509,2.795
2.5,-0.249
2.301,1.006
2.413,1.22
2.374,0.706
2.19,3.625
2.244,1.389
2.176,3.715
1.929,3.454
1.77,1.764
1.73,0.997
1.584,-0.029
1.663,1.209
1.471,1.818
1.553,-0.111
1.532,1.031
1.371,1.284
1.443,1.376
1.335,3.292
1.326,0.226
1.313,3.017
1.284,1.835
1.218,1.273
1.229,0.759
1.26,1.914
1.183,2.609
0.79,1.51
0.818,1.48
0.714,0.864
0.78,0.171
0.756,3.089
0.54,3.206
0.635,-0.229
0.499,0.244
0.489,0.064
0.559,2.441
0.561,3.464
0.371,3.32
0.453,3.005
0.28,1.353
0.262,0.081
0.281,1.189
0.254,1.963
0.125,3.677
0.076,3.203
0.195,1.791
0.058,0.989
0.033,0.784
-0.048,3.494
-0.429,3.769
-0.422,0.714
-0.729,0.993
-0.658,2.275
-0.747,1.828
-0.964,3.262
-0.855,0.706
-1.06,0.996
-1.08,0.953
-1.531,1.846
-1.459,2.227
-1.637,2.725
-1.648,3.123
-1.601,1.266
-1.809,2.662
-1.646,0.419
-1.888,0.509
-1.89,-0.156
-2.368,-0.367
-2.943,-0.516
-3.071,-0.409
2.705,-0.441
2.125,-0.582
2.115,-0.545
1.752,-0.268
1.043,-0.476
0.883,-0.615
0.943,-0.514
0.719,-0.452
0.54,-0.601
0.251,-0.626
-0.053,-0.413
-0.428,-0.575
-0.675,-0.378
-1.063,-0.484
-1.454,-0.553
-1.877,3.926
-2.033,4.105
-2.106,4.103
-2.01,4.101
-2.048,4.026
-2.956,4.055
1.53,3.909
1.43,3.885
1.273,3.992
0.59,3.714
-0.032,4.008
-0.567,3.817
-3.023,3.161
3.11,3.384
3.11,0.666
2.943,3.526
0.111,2.397
-0.437,3.18
-0.572,3.184
1.539,0.872
1.022,0.903
-0.134,2.405
-0.13,2.51
-1.157,2.027
-1.144,2.831
-1.301,1.994
-1.296,2.997
-2.357,0.645
-2.356,1.652
1.559,1.804
-2.255,3.808
-0.186,-0.103
-0.314,3.91
0.065,3.741
-0.046,0.902
-0.078,3.881
-0.077,1.431
-0.107,1.258
-0.272,3.906
-0.377,1.467
-0.316,0.419
-0.348,1.18
-0.381,0.955
-0.525,0.236
-0.582,1.793
-0.667,3.626
-0.703,3.925
-0.708,1.404
-0.818,2.639
-0.786,0.484
-0.849,0.756
-0.839,0.035
-0.843,3.297
-0.901,3.512
-0.888,3.873
-1.076,0.042
-1.334,0.648
-1.426,0.932
-1.431,2.518
-1.416,2.092
-1.439,3.789
-1.448,2.566
-1.513,3.773
-1.477,0.844
-1.476,2.708
-1.547,2.509
-1.632,1.815
-1.633,3.195
-1.687,1.843
-1.685,0.335
-1.705,3.424
-1.692,1.622
-1.755,1.61
-1.782,2.063
-2.1,-0.398
-2.648,-0.05
-2.677,-0.155
-2.665,-0.069
-2.839,-0.452
1.927,0.027
1.601,-0.195
1.383,-0.122
1.101,-0.114
0.835,-0.433
0.627,-0.351
0.558,-0.411
0.215,-0.175
0.112,-0.221
0.016,-0.523
-0.538,-0.205
-0.889,-0.249
-1.015,-0.279
-1.218,-0.382
-1.165,-0.152
-1.286,-0.411
-1.712,-0.394
-1.896,3.96
-1.901,4.126
-2.405,4.325
-2.844,4.255
-3.023,4.075
2.365,4.399
2.063,4.102
2.072,4.299
1.99,4.375
1.863,4.415
1.713,4.017
1.784,4.08
1.53,4.314
1.458,4.444
1.345,4.339
1.259,4.023
0.972,4.432
0.627,4.213
0.342,4.361
-0.293,4.098
-0.618,4.17
-0.679,4.205
-1.034,4.061
-1.404,4.386
-1.393,4.327
-1.656,4.258
-2.543,1.021
-3.038,1.529
2.603,3.55
1.622,0.622
0.304,2.606
-0.404,3.589
1.845,-0.397
-1.976,4.287
-1.761,3.859
-1.914,2.082
-2.001,3.871
-2.128,3.531
-2.048,0.426
-2.036,2.274
-2.278,2.049
-2.295,3.432
-2.348,3.984
-2.478,1.057
-2.588,2.31
-2.502,1.814
-2.506,2.423
-2.554,2.746
-2.622,2.036
-2.649,2.421
-2.708,2.928
-2.802,3.072
-2.998,3.838
-3.022,3.551
-2.942,3.73
-3.006,0.846
3.07,3.48
2.922,2.34
2.837,1.261
2.793,0.213
2.92,0.438
2.703,0.088
2.695,1.025
2.682,1.078
2.789,3.025
2.75,1.965
2.646,1.61
2.571,1.449
2.579,3.041
2.57,-0.003
2.371,1.252
2.483,1.466
2.444,0.952
2.26,3.871
2.314,1.635
2.246,3.961
1.999,3.7
1.84,2.01
1.8,1.243
1.654,0.217
1.733,1.455
1.541,2.064
1.623,0.135
1.602,1.277
1.441,1.53
1.513,1.622
1.405,3.538
1.396,0.472
1.383,3.263
1.354,2.081
1.288,1.519
1.299,1.005
1.33,2.16
1.253,2.855
0.86,1.756
0.888,1.726
0.784,1.11
0.85,0.417
0.826,3.335
0.61,3.452
0.705,0.017
0.569,0.49
0.559,0.31
0.629,2.687
0.631,3.71
0.441,3.566
0.523,3.251
0.35,1.599
0.332,0.327
0.351,1.435
0.324,2.209
0.195,3.923
0.146,3.449
0.265,2.037
0.128,1.235
0.103,1.03
0.022,3.74
-0.359,4.015
-0.352,0.96
-0.659,1.239
-0.588,2.521
-0.677,2.074
-0.894,3.508
-0.785,0.952
-0.99,1.242
-1.01,1.199
-1.461,2.092
-1.389,2.473
-1.567,2.971
-1.578,3.369
-1.531,1.512
-1.739,2.908
-1.576,0.665
-1.818,0.755
-1.82,0.09
-2.298,-0.121
-2.873,-0.27
-3.001,-0.163
2.775,-0.195
2.195,-0.336
2.185,-0.299
1.822,-0.022
1.113,-0.23
0.953,-0.369
1.013,-0.268
0.789,-0.206
0.61,-0.355
0.321,-0.38
0.017,-0.167
-0.358,-0.329
-0.605,-0.132
-0.993,-0.238
-1.384,-0.307
-1.807,4.172
-1.963,4.351
-2.036,4.349
-1.94,4.347
-1.978,4.272
-2.886,4.301
1.6,4.155
1.5,4.131
1.343,4.238
0.66,3.96
0.038,4.254
-0.497,4.063
-2.953,3.407
-3.103,3.63
-3.103,0.912
3.013,3.772
0.181,2.643
-0.367,3.426
-0.502,3.43
1.609,1.118
1.092,1.149
-0.064,2.651
-0.06,2.756
-1.087,2.273
-1.074,3.077
-1.231,2.24
-1.226,3.243
-2.287,0.891
-2.286,1.898
1.629,2.05
-2.185,4.054
-0.116,0.143
-0.244,4.156
-0.111,-2.839
-0.143,0.14
-0.142,-2.31
-0.172,-2.483
-0.337,0.165
-0.442,-2.274
-0.381,-3.322
-0.413,-2.561
-0.446,-2.786
-0.59,-3.505
-0.647,-1.948
-0.732,-0.115
-0.768,0.184
-0.773,-2.337
-0.883,-1.102
-0.851,-3.257
-0.914,-2.985
-0.904,-3.706
-0.908,-0.444
-0.966,-0.229
-0.953,0.132
-1.141,-3.699
-1.399,-3.093
-1.491,-2.809
-1.496,-1.223
-1.481,-1.649
-1.504,0.048
-1.513,-1.175
-1.578,0.032
-1.542,-2.897
-1.541,-1.033
-1.612,-1.232
-1.697,-1.926
-1.698,-0.546
-1.752,-1.898
-1.75,-3.406
-1.77,-0.317
-1.757,-2.119
-1.82,-2.131
-1.847,-1.678
-2.165,-4.139
-2.713,-3.791
-2.742,-3.896
-2.73,-3.81
-2.904,-4.193
1.862,-3.714
1.536,-3.936
1.318,-3.863
1.036,-3.855
0.77,-4.174
0.562,-4.092
0.493,-4.152
0.15,-3.916
0.047,-3.962
-0.049,-4.264
-0.603,-3.946
-0.954,-3.99
-1.08,-4.02
-1.283,-4.123
-1.23,-3.893
-1.351,-4.152
-1.777,-4.135
-1.961,0.219
-1.966,0.385
-2.47,0.584
-2.909,0.514
-3.088,0.334
2.3,0.658
1.998,0.361
2.007,0.558
1.925,0.634
1.798,0.674
1.648,0.276
1.719,0.339
1.465,0.573
1.393,0.703
1.28,0.598
1.194,0.282
0.907,0.691
0.562,0.472
0.277,0.62
-0.358,0.357
-0.683,0.429
-0.744,0.464
-1.099,0.32
-1.469,0.645
-1.458,0.586
-1.721,0.517
-2.608,-2.72
-3.103,-2.212
2.538,-0.191
1.557,-3.119
0.239,-1.135
-0.469,-0.152
1.78,-4.138
-2.041,0.546
-1.826,0.118
-1.979,-1.659
-2.066,0.13
-2.193,-0.21
-2.113,-3.315
-2.101,-1.467
-2.343,-1.692
-2.36,-0.309
-2.413,0.243
-2.543,-2.684
-2.653,-1.431
-2.567,-1.927
-2.571,-1.318
-2.619,-0.995
-2.687,-1.705
-2.714,-1.32
-2.773,-0.813
-2.867,-0.669
-3.063,0.097
-3.087,-0.19
-3.007,-0.011
-3.071,-2.895
3.005,-0.261
2.857,-1.401
2.772,-2.48
2.728,-3.528
2.855,-3.303
2.638,-3.653
2.63,-2.716
2.617,-2.663
2.724,-0.716
2.685,-1.776
2.581,-2.131
2.506,-2.292
2.514,-0.7
2.505,-3.744
2.306,-2.489
2.418,-2.275
2.379,-2.789
2.195,0.13
2.249,-2.106
2.181,0.22
1.934,-0.041
1.775,-1.731
1.735,-2.498
1.589,-3.524
1.668,-2.286
1.476,-1.677
1.558,-3.606
1.537,-2.464
1.376,-2.211
1.448,-2.119
1.34,-0.203
1.331,-3.269
1.318,-0.478
1.289,-1.66
1.223,-2.222
1.234,-2.736
1.265,-1.581
1.188,-0.886
0.795,-1.985
0.823,-2.015
0.719,-2.631
0.785,-3.324
0.761,-0.406
0.545,-0.289
0.64,-3.724
0.504,-3.251
0.494,-3.431
0.564,-1.054
0.566,-0.031
0.376,-0.175
0.458,-0.49
0.285,-2.142
0.267,-3.414
0.286,-2.306
0.259,-1.532
0.13,0.182
0.081,-0.292
0.2,-1.704
0.063,-2.506
0.038,-2.711
-0.043,-0.001
-0.424,0.274
-0.417,-2.781
-0.724,-2.502
-0.653,-1.22
-0.742,-1.667
-0.959,-0.233
-0.85,-2.789
-1.055,-2.499
-1.075,-2.542
-1.526,-1.649
-1.454,-1.268
-1.632,-0.77
-1.643,-0.372
-1.596,-2.229
-1.804,-0.833
-1.641,-3.076
-1.883,-2.986
-1.885,-3.651
-2.363,-3.862
-2.938,-4.011
-3.066,-3.904
2.71,-3.936
2.13,-4.077
2.12,-4.04
1.757,-3.763
1.048,-3.971
0.888,-4.11
0.948,-4.009
0.724,-3.947
0.545,-4.096
0.256,-4.121
-0.048,-3.908
-0.423,-4.07
-0.67,-3.873
-1.058,-3.979
-1.449,-4.048
-1.872,0.431
-2.028,0.61
-2.101,0.608
-2.005,0.606
-2.043,0.531
-2.951,0.56
1.535,0.414
1.435,0.39
1.278,0.497
0.595,0.219
-0.027,0.513
-0.562,0.322
-3.018,-0.334
3.115,-0.111
3.115,-2.829
2.948,0.031
0.116,-1.098
-0.432,-0.315
-0.567,-0.311
1.544,-2.623
1.027,-2.592
-0.129,-1.09
-0.125,-0.985
-1.152,-1.468
-1.139,-0.664
-1.296,-1.501
-1.291,-0.498
-2.352,-2.85
-2.351,-1.843
1.564,-1.691
-2.25,0.313
-0.181,-3.598
-0.309,0.415
-0.032,2.979
-0.031,0.529
-0.061,0.356
-0.226,3.004
-0.331,0.565
-0.27,-0.483
-0.302,0.278
-0.335,0.053
-0.479,-0.666
-0.536,0.891
-0.621,2.724
-0.657,3.023
-0.662,0.502
-0.772,1.737
-0.74,-0.418
-0.803,-0.146
-0.793,-0.867
-0.797,2.395
-0.855,2.61
-0.842,2.971
-1.03,-0.86
-1.288,-0.254
-1.38,0.03
-1.385,1.616
-1.37,1.19
-1.393,2.887
-1.402,1.664
-1.467,2.871
-1.431,-0.058
-1.43,1.806
-1.501,1.607
-1.586,0.913
-1.587,2.293
-1.641,0.941
-1.639,-0.567
-1.659,2.522
-1.646,0.72
-1.709,0.708
-1.736,1.161
-2.054,-1.3
-2.602,-0.952
-2.631,-1.057
-2.619,-0.971
-2.793,-1.354
1.973,-0.875
1.647,-1.097
1.429,-1.024
1.147,-1.016
0.881,-1.335
0.673,-1.253
0.604,-1.313
0.261,-1.077
0.158,-1.123
0.062,-1.425
-0.492,-1.107
-0.843,-1.151
-0.969,-1.181
-1.172,-1.284
-1.119,-1.054
-1.24,-1.313
-1.666,-1.296
-1.85,3.058
-1.855,3.224
-2.359,3.423
-2.798,3.353
-2.977,3.173
2.411,3.497
2.109,3.2
2.118,3.397
2.036,3.473
1.909,3.513
1.759,3.115
1.83,3.178
1.576,3.412
1.504,3.542
1.391,3.437
1.305,3.121
1.018,3.53
0.673,3.311
0.388,3.459
-0.247,3.196
-0.572,3.268
-0.633,3.303
-0.988,3.159
-1.358,3.484
-1.347,3.425
-1.61,3.356
-2.497,0.119
-2.992,0.627
2.649,2.648
1.668,-0.28
0.35,1.704
-0.358,2.687
1.891,-1.299
-1.93,3.385
-1.715,2.957
-1.868,1.18
-1.955,2.969
-2.082,2.629
-2.002,-0.476
-1.99,1.372
-2.232,1.147
-2.249,2.53
-2.302,3.082
-2.432,0.155
-2.542,1.408
-2.456,0.912
-2.46,1.521
-2.508,1.844
-2.576,1.134
-2.603,1.519
-2.662,2.026
-2.756,2.17
-2.952,2.936
-2.976,2.649
-2.896,2.828
-2.96,-0.056
3.116,2.578
2.968,1.438
2.883,0.359
2.839,-0.689
2.966,-0.464
2.749,-0.814
2.741,0.123
2.728,0.176
2.835,2.123
2.796,1.063
2.692,0.708
2.617,0.547
2.625,2.139
2.616,-0.905
2.417,0.35
2.529,0.564
2.49,0.05
2.306,2.969
2.36,0.733
2.292,3.059
2.045,2.798
1.886,1.108
1.846,0.341
1.7,-0.685
1.779,0.553
1.587,1.162
1.669,-0.767
1.648,0.375
1.487,0.628
1.559,0.72
1.451,2.636
1.442,-0.43
1.429,2.361
1.4,1.179
1.334,0.617
1.345,0.103
1.376,1.258
1.299,1.953
0.906,0.854
0.934,0.824
0.83,0.208
0.896,-0.485
0.872,2.433
0.656,2.55
0.751,-0.885
0.615,-0.412
0.605,-0.592
0.675,1.785
0.677,2.808
0.487,2.664
0.569,2.349
0.396,0.697
0.378,-0.575
0.397,0.533
0.37,1.307
0.241,3.021
0.192,2.547
0.311,1.135
0.174,0.333
0.149,0.128
0.068,2.838
-0.313,3.113
-0.306,0.058
-0.613,0.337
-0.542,1.619
-0.631,1.172
-0.848,2.606
-0.739,0.05
-0.944,0.34
-0.964,0.297
-1.415,1.19
-1.343,1.571
-1.521,2.069
-1.532,2.467
-1.485,0.61
-1.693,2.006
-1.53,-0.237
-1.772,-0.147
-1.774,-0.812
-2.252,-1.023
-2.827,-1.172
-2.955,-1.065
2.821,-1.097
2.241,-1.238
2.231,-1.201
1.868,-0.924
1.159,-1.132
0.999,-1.271
1.059,-1.17
0.835,-1.108
0.656,-1.257
0.367,-1.282
0.063,-1.069
-0.312,-1.231
-0.559,-1.034
-0.947,-1.14
-1.338,-1.209
-1.761,3.27
-1.917,3.449
-1.99,3.447
-1.894,3.445
-1.932,3.37
-2.84,3.399
1.646,3.253
1.546,3.229
1.389,3.336
0.706,3.058
0.084,3.352
-0.451,3.161
-2.907,2.505
-3.057,2.728
-3.057,0.01
3.059,2.87
0.227,1.741
-0.321,2.524
-0.456,2.528
1.655,0.216
1.138,0.247
-0.018,1.749
-0.014,1.854
-1.041,1.371
-1.028,2.175
-1.185,1.338
-1.18,2.341
-2.241,-0.011
-2.24,0.996
1.675,1.148
-2.139,3.152
-0.07,-0.759
-0.198,3.254
0.001,-2.45
-0.029,-2.623
-0.194,0.025
-0.299,-2.414
-0.238,-3.462
-0.27,-2.701
-0.303,-2.926
-0.447,-3.645
-0.504,-2.088
-0.589,-0.255
-0.625,0.044
-0.63,-2.477
-0.74,-1.242
-0.708,-3.397
-0.771,-3.125
-0.761,-3.846
-0.765,-0.584
-0.823,-0.369
-0.81,-0.008
-0.998,-3.839
-1.256,-3.233
-1.348,-2.949
-1.353,-1.363
-1.338,-1.789
-1.361,-0.092
-1.37,-1.315
-1.435,-0.108
-1.399,-3.037
-1.398,-1.173
-1.469,-1.372
-1.554,-2.066
-1.555,-0.686
-1.609,-2.038
-1.607,-3.546
-1.627,-0.457
-1.614,-2.259
-1.677,-2.271
-1.704,-1.818
-2.022,-4.279
-2.57,-3.931
-2.599,-4.036
-2.587,-3.95
-2.761,-4.333
2.005,-3.854
1.679,-4.076
1.461,-4.003
1.179,-3.995
0.913,-4.314
0.705,-4.232
0.636,-4.292
0.293,-4.056
0.19,-4.102
0.094,-4.404
-0.46,-4.086
-0.811,-4.13
-0.937,-4.16
-1.14,-4.263
-1.087,-4.033
-1.208,-4.292
-1.634,-4.275
-1.818,0.079
-1.823,0.245
-2.327,0.444
-2.766,0.374
-2.945,0.194
2.443,0.518
2.141,0.221
2.15,0.418
2.068,0.494
1.941,0.534
1.791,0.136
1.862,0.199
1.608,0.433
1.536,0.563
1.423,0.458
1.337,0.142
1.05,0.551
0.705,0.332
0.42,0.48
-0.215,0.217
-0.54,0.289
-0.601,0.324
-0.956,0.18
-1.326,0.505
-1.315,0.446
-1.578,0.377
-2.465,-2.86
-2.96,-2.352
2.681,-0.331
1.7,-3.259
0.382,-1.275
-0.326,-0.292
1.923,-4.278
-1.898,0.406
-1.683,-0.022
-1.836,-1.799
-1.923,-0.01
-2.05,-0.35
-1.97,-3.455
-1.958,-1.607
-2.2,-1.832
-2.217,-0.449
-2.27,0.103
-2.4,-2.824
-2.51,-1.571
-2.424,-2.067
-2.428,-1.458
-2.476,-1.135
-2.544,-1.845
-2.571,-1.46
-2.63,-0.953
-2.724,-0.809
-2.92,-0.043
-2.944,-0.33
-2.864,-0.151
-2.928,-3.035
-3.135,-0.401
3.0,-1.541
2.915,-2.62
2.871,-3.668
2.998,-3.443
2.781,-3.793
2.773,-2.856
2.76,-2.803
2.867,-0.856
2.828,-1.916
2.724,-2.271
2.649,-2.432
2.657,-0.84
2.648,-3.884
2.449,-2.629
2.561,-2.415
2.522,-2.929
2.338,-0.01
2.392,-2.246
2.324,0.08
2.077,-0.181
1.918,-1.871
1.878,-2.638
1.732,-3.664
1.811,-2.426
1.619,-1.817
1.701,-3.746
1.68,-2.604
1.519,-2.351
1.591,-2.259
1.483,-0.343
1.474,-3.409
1.461,-0.618
1.432,-1.8
1.366,-2.362
1.377,-2.876
1.408,-1.721
1.331,-1.026
0.938,-2.125
0.966,-2.155
0.862,-2.771
0.928,-3.464
0.904,-0.546
0.688,-0.429
0.783,-3.864
0.647,-3.391
0.637,-3.571
0.707,-1.194
0.709,-0.171
0.519,-0.315
0.601,-0.63
0.428,-2.282
0.41,-3.554
0.429,-2.446
0.402,-1.672
0.273,0.042
0.224,-0.432
0.343,-1.844
0.206,-2.646
0.181,-2.851
0.1,-0.141
-0.281,0.134
-0.274,-2.921
-0.581,-2.642
-0.51,-1.36
-0.599,-1.807
-0.816,-0.373
-0.707,-2.929
-0.912,-2.639
-0.932,-2.682
-1.383,-1.789
-1.311,-1.408
-1.489,-0.91
-1.5,-0.512
-1.453,-2.369
-1.661,-0.973
-1.498,-3.216
-1.74,-3.126
-1.742,-3.791
-2.22,-4.002
-2.795,-4.151
-2.923,-4.044
2.853,-4.076
2.273,-4.217
2.263,-4.18
1.9,-3.903
1.191,-4.111
1.031,-4.25
1.091,-4.149
0.867,-4.087
0.688,-4.236
0.399,-4.261
0.095,-4.048
-0.28,-4.21
-0.527,-4.013
-0.915,-4.119
-1.306,-4.188
-1.729,0.291
-1.885,0.47
-1.958,0.468
-1.862,0.466
-1.9,0.391
-2.808,0.42
1.678,0.274
1.578,0.25
1.421,0.357
0.738,0.079
0.116,0.373
-0.419,0.182
-2.875,-0.474
-3.025,-0.251
-3.025,-2.969
3.091,-0.109
0.259,-1.238
-0.289,-0.455
-0.424,-0.451
1.687,-2.763
1.17,-2.732
0.014,-1.23
0.018,-1.125
-1.009,-1.608
-0.996,-0.804
-1.153,-1.641
-1.148,-0.638
-2.209,-2.99
-2.208,-1.983
1.707,-1.831
-2.107,0.173
-0.038,-3.738
-0.166,0.275
-0.03,-0.173
-0.195,2.475
-0.3,0.036
-0.239,-1.012
-0.271,-0.251
-0.304,-0.476
-0.448,-1.195
-0.505,0.362
-0.59,2.195
-0.626,2.494
-0.631,-0.027
-0.741,1.208
-0.709,-0.947
-0.772,-0.675
-0.762,-1.396
-0.766,1.866
-0.824,2.081
-0.811,2.442
-0.999,-1.389
-1.257,-0.783
-1.349,-0.499
-1.354,1.087
-1.339,0.661
-1.362,2.358
-1.371,1.135
-1.436,2.342
-1.4,-0.587
-1.399,1.277
-1.47,1.078
-1.555,0.384
-1.556,1.764
-1.61,0.412
-1.608,-1.096
-1.628,1.993
-1.615,0.191
-1.678,0.179
-1.705,0.632
-2.023,-1.829
-2.571,-1.481
-2.6,-1.586
-2.588,-1.5
-2.762,-1.883
2.004,-1.404
1.678,-1.626
1.46,-1.553
1.178,-1.545
0.912,-1.864
0.704,-1.782
0.635,-1.842
0.292,-1.606
0.189,-1.652
0.093,-1.954
-0.461,-1.636
-0.812,-1.68
-0.938,-1.71
-1.141,-1.813
-1.088,-1.583
-1.209,-1.842
-1.635,-1.825
-1.819,2.529
-1.824,2.695
-2.328,2.894
-2.767,2.824
-2.946,2.644
2.442,2.968
2.14,2.671
2.149,2.868
2.067,2.944
1.94,2.984
1.79,2.586
1.861,2.649
1.607,2.883
1.535,3.013
1.422,2.908
1.336,2.592
1.049,3.001
0.704,2.782
0.419,2.93
-0.216,2.667
-0.541,2.739
-0.602,2.774
-0.957,2.63
-1.327,2.955
-1.316,2.896
-1.579,2.827
-2.466,-0.41
-2.961,0.098
2.68,2.119
1.699,-0.809
0.381,1.175
-0.327,2.158
1.922,-1.828
-1.899,2.856
-1.684,2.428
-1.837,0.651
-1.924,2.44
-2.051,2.1
-1.971,-1.005
-1.959,0.843
-2.201,0.618
-2.218,2.001
-2.271,2.553
-2.401,-0.374
-2.511,0.879
-2.425,0.383
-2.429,0.992
-2.477,1.315
-2.545,0.605
-2.572,0.99
-2.631,1.497
-2.725,1.641
-2.921,2.407
-2.945,2.12
-2.865,2.299
-2.929,-0.585
-3.136,2.049
2.999,0.909
2.914,-0.17
2.87,-1.218
2.997,-0.993
2.78,-1.343
2.772,-0.406
2.759,-0.353
2.866,1.594
2.827,0.534
2.723,0.179
2.648,0.018
2.656,1.61
2.647,-1.434
2.448,-0.179
2.56,0.035
2.521,-0.479
2.337,2.44
2.391,0.204
2.323,2.53
2.076,2.269
1.917,0.579
1.877,-0.188
1.731,-1.214
1.81,0.024
1.618,0.633
1.7,-1.296
1.679,-0.154
1.518,0.099
1.59,0.191
1.482,2.107
1.473,-0.959
1.46,1.832
1.431,0.65
1.365,0.088
1.376,-0.426
1.407,0.729
1.33,1.424
0.937,0.325
0.965,0.295
0.861,-0.321
0.927,-1.014
0.903,1.904
0.687,2.021
0.782,-1.414
0.646,-0.941
0.636,-1.121
0.706,1.256
0.708,2.279
0.518,2.135
0.6,1.82
0.427,0.168
0.409,-1.104
0.428,0.004
0.401,0.778
0.272,2.492
0.223,2.018
0.342,0.606
0.205,-0.196
0.18,-0.401
0.099,2.309
-0.282,2.584
-0.275,-0.471
-0.582,-0.192
-0.511,1.09
-0.6,0.643
-0.817,2.077
-0.708,-0.479
-0.913,-0.189
-0.933,-0.232
-1.384,0.661
-1.312,1.042
-1.49,1.54
-1.501,1.938
-1.454,0.081
-1.662,1.477
-1.499,-0.766
-1.741,-0.676
-1.743,-1.341
-2.221,-1.552
-2.796,-1.701
-2.924,-1.594
2.852,-1.626
2.272,-1.767
2.262,-1.73
1.899,-1.453
1.19,-1.661
1.03,-1.8
1.09,-1.699
0.866,-1.637
0.687,-1.786
0.398,-1.811
0.094,-1.598
-0.281,-1.76
-0.528,-1.563
-0.916,-1.669
-1.307,-1.738
-1.73,2.741
-1.886,2.92
-1.959,2.918
-1.863,2.916
-1.901,2.841
-2.809,2.87
1.677,2.724
1.577,2.7
1.42,2.807
0.737,2.529
0.115,2.823
-0.42,2.632
-2.876,1.976
-3.026,2.199
-3.026,-0.519
3.09,2.341
0.258,1.212
-0.29,1.995
-0.425,1.999
1.686,-0.313
1.169,-0.282
0.013,1.22
0.017,1.325
-1.01,0.842
-0.997,1.646
-1.154,0.809
-1.149,1.812
-2.21,-0.54
-2.209,0.467
1.706,0.619
-2.108,2.623
-0.039,-1.288
-0.167,2.725
-0.165,2.648
-0.27,0.209
-0.209,-0.839
-0.241,-0.078
-0.274,-0.303
-0.418,-1.022
-0.475,0.535
-0.56,2.368
-0.596,2.667
-0.601,0.146
-0.711,1.381
-0.679,-0.774
-0.742,-0.502
-0.732,-1.223
-0.736,2.039
-0.794,2.254
-0.781,2.615
-0.969,-1.216
-1.227,-0.61
-1.319,-0.326
-1.324,1.26
-1.309,0.834
-1.332,2.531
-1.341,1.308
-1.406,2.515
-1.37,-0.414
-1.369,1.45
-1.44,1.251
-1.525,0.557
-1.526,1.937
-1.58,0.585
-1.578,-0.923
-1.598,2.166
-1.585,0.364
-1.648,0.352
-1.675,0.805
-1.993,-1.656
-2.541,-1.308
-2.57,-1.413
-2.558,-1.327
-2.732,-1.71
2.034,-1.231
1.708,-1.453
1.49,-1.38
1.208,-1.372
0.942,-1.691
0.734,-1.609
0.665,-1.669
0.322,-1.433
0.219,-1.479
0.123,-1.781
-0.431,-1.463
-0.782,-1.507
-0.908,-1.537
-1.111,-1.64
-1.058,-1.41
-1.179,-1.669
-1.605,-1.652
-1.789,2.702
-1.794,2.868
-2.298,3.067
-2.737,2.997
-2.916,2.817
2.472,3.141
2.17,2.844
2.179,3.041
2.097,3.117
1.97,3.157
1.82,2.759
1.891,2.822
1.637,3.056
1.565,3.186
1.452,3.081
1.366,2.765
1.079,3.174
0.734,2.955
0.449,3.103
-0.186,2.84
-0.511,2.912
-0.572,2.947
-0.927,2.803
-1.297,3.128
-1.286,3.069
-1.549,3.0
-2.436,-0.237
-2.931,0.271
2.71,2.292
1.729,-0.636
0.411,1.348
-0.297,2.331
1.952,-1.655
-1.869,3.029
-1.654,2.601
-1.807,0.824
-1.894,2.613
-2.021,2.273
-1.941,-0.832
-1.929,1.016
-2.171,0.791
-2.188,2.174
-2.241,2.726
-2.371,-0.201
-2.481,1.052
-2.395,0.556
-2.399,1.165
-2.447,1.488
-2.515,0.778
-2.542,1.163
-2.601,1.67
-2.695,1.814
-2.891,2.58
-2.915,2.293
-2.835,2.472
-2.899,-0.412
-3.106,2.222
3.029,1.082
2.944,0.003
2.9,-1.045
3.027,-0.82
2.81,-1.17
2.802,-0.233
2.789,-0.18
2.896,1.767
2.857,0.707
2.753,0.352
2.678,0.191
2.686,1.783
2.677,-1.261
2.478,-0.006
2.59,0.208
2.551,-0.306
2.367,2.613
2.421,0.377
2.353,2.703
2.106,2.442
1.947,0.752
1.907,-0.015
1.761,-1.041
1.84,0.197
1.648,0.806
1.73,-1.123
1.709,0.019
1.548,0.272
1.62,0.364
1.512,2.28
1.503,-0.786
1.49,2.005
1.461,0.823
1.395,0.261
1.406,-0.253
1.437,0.902
1.36,1.597
0.967,0.498
0.995,0.468
0.891,-0.148
0.957,-0.841
0.933,2.077
0.717,2.194
0.812,-1.241
0.676,-0.768
0.666,-0.948
0.736,1.429
0.738,2.452
0.548,2.308
0.63,1.993
0.457,0.341
0.439,-0.931
0.458,0.177
0.431,0.951
0.302,2.665
0.253,2.191
0.372,0.779
0.235,-0.023
0.21,-0.228
0.129,2.482
-0.252,2.757
-0.245,-0.298
-0.552,-0.019
-0.481,1.263
-0.57,0.816
-0.787,2.25
-0.678,-0.306
-0.883,-0.016
-0.903,-0.059
-1.354,0.834
-1.282,1.215
-1.46,1.713
-1.471,2.111
-1.424,0.254
-1.632,1.65
-1.469,-0.593
-1.711,-0.503
-1.713,-1.168
-2.191,-1.379
-2.766,-1.528
-2.894,-1.421
2.882,-1.453
2.302,-1.594
2.292,-1.557
1.929,-1.28
1.22,-1.488
1.06,-1.627
1.12,-1.526
0.896,-1.464
0.717,-1.613
0.428,-1.638
0.124,-1.425
-0.251,-1.587
-0.498,-1.39
-0.886,-1.496
-1.277,-1.565
-1.7,2.914
-1.856,3.093
-1.929,3.091
-1.833,3.089
-1.871,3.014
-2.779,3.043
1.707,2.897
1.607,2.873
1.45,2.98
0.767,2.702
0.145,2.996
-0.39,2.805
-2.846,2.149
-2.996,2.372
-2.996,-0.346
3.12,2.514
0.288,1.385
-0.26,2.168
-0.395,2.172
1.716,-0.14
1.199,-0.109
0.043,1.393
0.047,1.498
-0.98,1.015
-0.967,1.819
-1.124,0.982
-1.119,1.985
-2.18,-0.367
-2.179,0.64
1.736,0.792
-2.078,2.796
-0.009,-1.115
-0.137,2.898
-0.105,-2.439
-0.044,-3.487
-0.076,-2.726
-0.109,-2.951
-0.253,-3.67
-0.31,-2.113
-0.395,-0.28
-0.431,0.019
-0.436,-2.502
-0.546,-1.267
-0.514,-3.422
-0.577,-3.15
-0.567,-3.871
-0.571,-0.609
-0.629,-0.394
-0.616,-0.033
-0.804,-3.864
-1.062,-3.258
-1.154,-2.974
-1.159,-1.388
-1.144,-1.814
-1.167,-0.117
-1.176,-1.34
-1.241,-0.133
-1.205,-3.062
-1.204,-1.198
-1.275,-1.397
-1.36,-2.091
-1.361,-0.711
-1.415,-2.063
-1.413,-3.571
-1.433,-0.482
-1.42,-2.284
-1.483,-2.296
-1.51,-1.843
-1.828,-4.304
-2.376,-3.956
-2.405,-4.061
-2.393,-3.975
-2.567,-4.358
2.199,-3.879
1.873,-4.101
1.655,-4.028
1.373,-4.02
1.107,-4.339
0.899,-4.257
0.83,-4.317
0.487,-4.081
0.384,-4.127
0.288,-4.429
-0.266,-4.111
-0.617,-4.155
-0.743,-4.185
-0.946,-4.288
-0.893,-4.058
-1.014,-4.317
-1.44,-4.3
-1.624,0.054
-1.629,0.22
-2.133,0.419
-2.572,0.349
-2.751,0.169
2.637,0.493
2.335,0.196
2.344,0.393
2.262,0.469
2.135,0.509
1.985,0.111
2.056,0.174
1.802,0.408
1.73,0.538
1.617,0.433
1.531,0.117
1.244,0.526
0.899,0.307
0.614,0.455
-0.021,0.192
-0.346,0.264
-0.407,0.299
-0.762,0.155
-1.132,0.48
-1.121,0.421
-1.384,0.352
-2.271,-2.885
-2.766,-2.377
2.875,-0.356
1.894,-3.284
0.576,-1.3
-0.132,-0.317
2.117,-4.303
-1.704,0.381
-1.489,-0.047
-1.642,-1.824
-1.729,-0.035
-1.856,-0.375
-1.776,-3.48
-1.764,-1.632
-2.006,-1.857
-2.023,-0.474
-2.076,0.078
-2.206,-2.849
-2.316,-1.596
-2.23,-2.092
-2.234,-1.483
-2.282,-1.16
-2.35,-1.87
-2.377,-1.485
-2.436,-0.978
-2.53,-0.834
-2.726,-0.068
-2.75,-0.355
-2.67,-0.176
-2.734,-3.06
-2.941,-0.426
-3.089,-1.566
3.109,-2.645
3.065,-3.693
-3.091,-3.468
2.975,-3.818
2.967,-2.881
2.954,-2.828
3.061,-0.881
3.022,-1.941
2.918,-2.296
2.843,-2.457
2.851,-0.865
2.842,-3.909
2.643,-2.654
2.755,-2.44
2.716,-2.954
2.532,-0.035
2.586,-2.271
2.518,0.055
2.271,-0.206
2.112,-1.896
2.072,-2.663
1.926,-3.689
2.005,-2.451
1.813,-1.842
1.895,-3.771
1.874,-2.629
1.713,-2.376
1.785,-2.284
1.677,-0.368
1.668,-3.434
1.655,-0.643
1.626,-1.825
1.56,-2.387
1.571,-2.901
1.602,-1.746
1.525,-1.051
1.132,-2.15
1.16,-2.18
1.056,-2.796
1.122,-3.489
1.098,-0.571
0.882,-0.454
0.977,-3.889
0.841,-3.416
0.831,-3.596
0.901,-1.219
0.903,-0.196
0.713,-0.34
0.795,-0.655
0.622,-2.307
0.604,-3.579
0.623,-2.471
0.596,-1.697
0.467,0.017
0.418,-0.457
0.537,-1.869
0.4,-2.671
0.375,-2.876
0.294,-0.166
-0.087,0.109
-0.08,-2.946
-0.387,-2.667
-0.316,-1.385
-0.405,-1.832
-0.622,-0.398
-0.513,-2.954
-0.718,-2.664
-0.738,-2.707
-1.189,-1.814
-1.117,-1.433
-1.295,-0.935
-1.306,-0.537
-1.259,-2.394
-1.467,-0.998
-1.304,-3.241
-1.546,-3.151
-1.548,-3.816
-2.026,-4.027
-2.601,-4.176
-2.729,-4.069
3.047,-4.101
2.467,-4.242
2.457,-4.205
2.094,-3.928
1.385,-4.136
1.225,-4.275
1.285,-4.174
1.061,-4.112
0.882,-4.261
0.593,-4.286
0.289,-4.073
-0.086,-4.235
-0.333,-4.038
-0.721,-4.144
-1.112,-4.213
-1.535,0.266
-1.691,0.445
-1.764,0.443
-1.668,0.441
-1.706,0.366
-2.614,0.395
1.872,0.249
1.772,0.225
1.615,0.332
0.932,0.054
0.31,0.348
-0.225,0.157
-2.681,-0.499
-2.831,-0.276
-2.831,-2.994
-2.998,-0.134
0.453,-1.263
-0.095,-0.48
-0.23,-0.476
1.881,-2.788
1.364,-2.757
0.208,-1.255
0.212,-1.15
-0.815,-1.633
-0.802,-0.829
-0.959,-1.666
-0.954,-0.663
-2.015,-3.015
-2.014,-2.008
1.901,-1.856
-1.913,0.148
0.156,-3.763
0.028,0.25
0.061,-1.048
0.029,-0.287
-0.004,-0.512
-0.148,-1.231
-0.205,0.326
-0.29,2.159
-0.326,2.458
-0.331,-0.063
-0.441,1.172
-0.409,-0.983
-0.472,-0.711
-0.462,-1.432
-0.466,1.83
-0.524,2.045
-0.511,2.406
-0.699,-1.425
-0.957,-0.819
-1.049,-0.535
-1.054,1.051
-1.039,0.625
-1.062,2.322
-1.071,1.099
-1.136,2.306
-1.1,-0.623
-1.099,1.241
-1.17,1.042
-1.255,0.348
-1.256,1.728
-1.31,0.376
-1.308,-1.132
-1.328,1.957
-1.315,0.155
-1.378,0.143
-1.405,0.596
-1.723,-1.865
-2.271,-1.517
-2.3,-1.622
-2.288,-1.536
-2.462,-1.919
2.304,-1.44
1.978,-1.662
1.76,-1.589
1.478,-1.581
1.212,-1.9
1.004,-1.818
0.935,-1.878
0.592,-1.642
0.489,-1.688
0.393,-1.99
-0.161,-1.672
-0.512,-1.716
-0.638,-1.746
-0.841,-1.849
-0.788,-1.619
-0.909,-1.878
-1.335,-1.861
-1.519,2.493
-1.524,2.659
-2.028,2.858
-2.467,2.788
-2.646,2.608
2.742,2.932
2.44,2.635
2.449,2.832
2.367,2.908
2.24,2.948
2.09,2.55
2.161,2.613
1.907,2.847
1.835,2.977
1.722,2.872
1.636,2.556
1.349,2.965
1.004,2.746
0.719,2.894
0.084,2.631
-0.241,2.703
-0.302,2.738
-0.657,2.594
-1.027,2.919
-1.016,2.86
-1.279,2.791
-2.166,-0.446
-2.661,0.062
2.98,2.083
1.999,-0.845
0.681,1.139
-0.027,2.122
2.222,-1.864
-1.599,2.82
-1.384,2.392
-1.537,0.615
-1.624,2.404
-1.751,2.064
-1.671,-1.041
-1.659,0.807
-1.901,0.582
-1.918,1.965
-1.971,2.517
-2.101,-0.41
-2.211,0.843
-2.125,0.347
-2.129,0.956
-2.177,1.279
-2.245,0.569
-2.272,0.954
-2.331,1.461
-2.425,1.605
-2.621,2.371
-2.645,2.084
-2.565,2.263
-2.629,-0.621
-2.836,2.013
-2.984,0.873
-3.069,-0.206
-3.113,-1.254
-2.986,-1.029
3.08,-1.379
3.072,-0.442
3.059,-0.389
-3.117,1.558
3.127,0.498
3.023,0.143
2.948,-0.018
2.956,1.574
2.947,-1.47
2.748,-0.215
2.86,-0.001
2.821,-0.515
2.637,2.404
2.691,0.168
2.623,2.494
2.376,2.233
2.217,0.543
2.177,-0.224
2.031,-1.25
2.11,-0.012
1.918,0.597
2.0,-1.332
1.979,-0.19
1.818,0.063
1.89,0.155
1.782,2.071
1.773,-0.995
1.76,1.796
1.731,0.614
1.665,0.052
1.676,-0.462
1.707,0.693
1.63,1.388
1.237,0.289
1.265,0.259
1.161,-0.357
1.227,-1.05
1.203,1.868
0.987,1.985
1.082,-1.45
0.946,-0.977
0.936,-1.157
1.006,1.22
1.008,2.243
0.818,2.099
0.9,1.784
0.727,0.132
0.709,-1.14
0.728,-0.032
0.701,0.742
0.572,2.456
0.523,1.982
0.642,0.57
0.505,-0.232
0.48,-0.437
0.399,2.273
0.018,2.548
0.025,-0.507
-0.282,-0.228
-0.211,1.054
-0.3,0.607
-0.517,2.041
-0.408,-0.515
-0.613,-0.225
-0.633,-0.268
-1.084,0.625
-1.012,1.006
-1.19,1.504
-1.201,1.902
-1.154,0.045
-1.362,1.441
-1.199,-0.802
-1.441,-0.712
-1.443,-1.377
-1.921,-1.588
-2.496,-1.737
-2.624,-1.63
-3.131,-1.662
2.572,-1.803
2.562,-1.766
2.199,-1.489
1.49,-1.697
1.33,-1.836
1.39,-1.735
1.166,-1.673
0.987,-1.822
0.698,-1.847
0.394,-1.634
0.019,-1.796
-0.228,-1.599
-0.616,-1.705
-1.007,-1.774
-1.43,2.705
-1.586,2.884
-1.659,2.882
-1.563,2.88
-1.601,2.805
-2.509,2.834
1.977,2.688
1.877,2.664
1.72,2.771
1.037,2.493
0.415,2.787
-0.12,2.596
-2.576,1.94
-2.726,2.163
-2.726,-0.555
-2.893,2.305
0.558,1.176
0.01,1.959
-0.125,1.963
1.986,-0.349
1.469,-0.318
0.313,1.184
0.317,1.289
-0.71,0.806
-0.697,1.61
-0.854,0.773
-0.849,1.776
-1.91,-0.576
-1.909,0.431
2.006,0.583
-1.808,2.587
0.261,-1.324
0.133,2.689
-0.032,0.761
-0.065,0.536
-0.209,-0.183
-0.266,1.374
-0.351,3.207
-0.387,3.506
-0.392,0.985
-0.502,2.22
-0.47,0.065
-0.533,0.337
-0.523,-0.384
-0.527,2.878
-0.585,3.093
-0.572,3.454
-0.76,-0.377
-1.018,0.229
-1.11,0.513
-1.115,2.099
-1.1,1.673
-1.123,3.37
-1.132,2.147
-1.197,3.354
-1.161,0.425
-1.16,2.289
-1.231,2.09
-1.316,1.396
-1.317,2.776
-1.371,1.424
-1.369,-0.084
-1.389,3.005
-1.376,1.203
-1.439,1.191
-1.466,1.644
-1.784,-0.817
-2.332,-0.469
-2.361,-0.574
-2.349,-0.488
-2.523,-0.871
2.243,-0.392
1.917,-0.614
1.699,-0.541
1.417,-0.533
1.151,-0.852
0.943,-0.77
0.874,-0.83
0.531,-0.594
0.428,-0.64
0.332,-0.942
-0.222,-0.624
-0.573,-0.668
-0.699,-0.698
-0.902,-0.801
-0.849,-0.571
-0.97,-0.83
-1.396,-0.813
-1.58,3.541
-1.585,3.707
-2.089,3.906
-2.528,3.836
-2.707,3.656
2.681,3.98
2.379,3.683
2.388,3.88
2.306,3.956
2.179,3.996
2.029,3.598
2.1,3.661
1.846,3.895
1.774,4.025
1.661,3.92
1.575,3.604
1.288,4.013
0.943,3.794
0.658,3.942
0.023,3.679
-0.302,3.751
-0.363,3.786
-0.718,3.642
-1.088,3.967
-1.077,3.908
-1.34,3.839
-2.227,0.602
-2.722,1.11
2.919,3.131
1.938,0.203
0.62,2.187
-0.088,3.17
2.161,-0.816
-1.66,3.868
-1.445,3.44
-1.598,1.663
-1.685,3.452
-1.812,3.112
-1.732,0.007
-1.72,1.855
-1.962,1.63
-1.979,3.013
-2.032,3.565
-2.162,0.638
-2.272,1.891
-2.186,1.395
-2.19,2.004
-2.238,2.327
-2.306,1.617
-2.333,2.002
-2.392,2.509
-2.486,2.653
-2.682,3.419
-2.706,3.132
-2.626,3.311
-2.69,0.427
-2.897,3.061
-3.045,1.921
-3.13,0.842
3.109,-0.206
-3.047,0.019
3.019,-0.331
3.011,0.606
2.998,0.659
3.105,2.606
3.066,1.546
2.962,1.191
2.887,1.03
2.895,2.622
2.886,-0.422
2.687,0.833
2.799,1.047
2.76,0.533
2.576,3.452
2.63,1.216
2.562,3.542
2.315,3.281
2.156,1.591
2.116,0.824
1.97,-0.202
2.049,1.036
1.857,1.645
1.939,-0.284
1.918,0.858
1.757,1.111
1.829,1.203
1.721,3.119
1.712,0.053
1.699,2.844
1.67,1.662
1.604,1.1
1.615,0.586
1.646,1.741
1.569,2.436
1.176,1.337
1.204,1.307
1.1,0.691
1.166,-0.002
1.142,2.916
0.926,3.033
1.021,-0.402
0.885,0.071
0.875,-0.109
0.945,2.268
0.947,3.291
0.757,3.147
0.839,2.832
0.666,1.18
0.648,-0.092
0.667,1.016
0.64,1.79
0.511,3.504
0.462,3.03
0.581,1.618
0.444,0.816
0.419,0.611
0.338,3.321
-0.043,3.596
-0.036,0.541
-0.343,0.82
-0.272,2.102
-0.361,1.655
-0.578,3.089
-0.469,0.533
-0.674,0.823
-0.694,0.78
-1.145,1.673
-1.073,2.054
-1.251,2.552
-1.262,2.95
-1.215,1.093
-1.423,2.489
-1.26,0.246
-1.502,0.336
-1.504,-0.329
-1.982,-0.54
-2.557,-0.689
-2.685,-0.582
3.091,-0.614
2.511,-0.755
2.501,-0.718
2.138,-0.441
1.429,-0.649
1.269,-0.788
1.329,-0.687
1.105,-0.625
0.926,-0.774
0.637,-0.799
0.333,-0.586
-0.042,-0.748
-0.289,-0.551
-0.677,-0.657
-1.068,-0.726
-1.491,3.753
-1.647,3.932
-1.72,3.93
-1.624,3.928
-1.662,3.853
-2.57,3.882
1.916,3.736
1.816,3.712
1.659,3.819
0.976,3.541
0.354,3.835
-0.181,3.644
-2.637,2.988
-2.787,3.211
-2.787,0.493
-2.954,3.353
0.497,2.224
-0.051,3.007
-0.186,3.011
1.925,0.699
1.408,0.73
0.252,2.232
0.256,2.337
-0.771,1.854
-0.758,2.658
-0.915,1.821
-0.91,2.824
-1.971,0.472
-1.97,1.479
1.945,1.631
-1.869,3.635
0.2,-0.276
0.072,3.737
-0.033,-0.225
-0.177,-0.944
-0.234,0.613
-0.319,2.446
-0.355,2.745
-0.36,0.224
-0.47,1.459
-0.438,-0.696
-0.501,-0.424
-0.491,-1.145
-0.495,2.117
-0.553,2.332
-0.54,2.693
-0.728,-1.138
-0.986,-0.532
-1.078,-0.248
-1.083,1.338
-1.068,0.912
-1.091,2.609
-1.1,1.386
-1.165,2.593
-1.129,-0.336
-1.128,1.528
-1.199,1.329
-1.284,0.635
-1.285,2.015
-1.339,0.663
-1.337,-0.845
-1.357,2.244
-1.344,0.442
-1.407,0.43
-1.434,0.883
-1.752,-1.578
-2.3,-1.23
-2.329,-1.335
-2.317,-1.249
-2.491,-1.632
2.275,-1.153
1.949,-1.375
1.731,-1.302
1.449,-1.294
1.183,-1.613
0.975,-1.531
0.906,-1.591
0.563,-1.355
0.46,-1.401
0.364,-1.703
-0.19,-1.385
-0.541,-1.429
-0.667,-1.459
-0.87,-1.562
-0.817,-1.332
-0.938,-1.591
-1.364,-1.574
-1.548,2.78
-1.553,2.946
-2.057,3.145
-2.496,3.075
-2.675,2.895
2.713,3.219
2.411,2.922
2.42,3.119
2.338,3.195
2.211,3.235
2.061,2.837
2.132,2.9
1.878,3.134
1.806,3.264
1.693,3.159
1.607,2.843
1.32,3.252
0.975,3.033
0.69,3.181
0.055,2.918
-0.27,2.99
-0.331,3.025
-0.686,2.881
-1.056,3.206
-1.045,3.147
-1.308,3.078
-2.195,-0.159
-2.69,0.349
2.951,2.37
1.97,-0.558
0.652,1.426
-0.056,2.409
2.193,-1.577
-1.628,3.107
-1.413,2.679
-1.566,0.902
-1.653,2.691
-1.78,2.351
-1.7,-0.754
-1.688,1.094
-1.93,0.869
-1.947,2.252
-2.0,2.804
-2.13,-0.123
-2.24,1.13
-2.154,0.634
-2.158,1.243
-2.206,1.566
-2.274,0.856
-2.301,1.241
-2.36,1.748
-2.454,1.892
-2.65,2.658
-2.674,2.371
-2.594,2.55
-2.658,-0.334
-2.865,2.3
-3.013,1.16
-3.098,0.081
3.141,-0.967
-3.015,-0.742
3.051,-1.092
3.043,-0.155
3.03,-0.102
3.137,1.845
3.098,0.785
2.994,0.43
2.919,0.269
2.927,1.861
2.918,-1.183
2.719,0.072
2.831,0.286
2.792,-0.228
2.608,2.691
2.662,0.455
2.594,2.781
2.347,2.52
2.188,0.83
2.148,0.063
2.002,-0.963
2.081,0.275
1.889,0.884
1.971,-1.045
1.95,0.097
1.789,0.35
1.861,0.442
1.753,2.358
1.744,-0.708
1.731,2.083
1.702,0.901
1.636,0.339
1.647,-0.175
1.678,0.98
1.601,1.675
1.208,0.576
1.236,0.546
1.132,-0.07
1.198,-0.763
1.174,2.155
0.958,2.272
1.053,-1.163
0.917,-0.69
0.907,-0.87
0.977,1.507
0.979,2.53
0.789,2.386
0.871,2.071
0.698,0.419
0.68,-0.853
0.699,0.255
0.672,1.029
0.543,2.743
0.494,2.269
0.613,0.857
0.476,0.055
0.451,-0.15
0.37,2.56
-0.011,2.835
-0.004,-0.22
-0.311,0.059
-0.24,1.341
-0.329,0.894
-0.546,2.328
-0.437,-0.228
-0.642,0.062
-0.662,0.019
-1.113,0.912
-1.041,1.293
-1.219,1.791
-1.23,2.189
-1.183,0.332
-1.391,1.728
-1.228,-0.515
-1.47,-0.425
-1.472,-1.09
-1.95,-1.301
-2.525,-1.45
-2.653,-1.343
3.123,-1.375
2.543,-1.516
2.533,-1.479
2.17,-1.202
1.461,-1.41
1.301,-1.549
1.361,-1.448
1.137,-1.386
0.958,-1.535
0.669,-1.56
0.365,-1.347
-0.01,-1.509
-0.257,-1.312
-0.645,-1.418
-1.036,-1.487
-1.459,2.992
-1.615,3.171
-1.688,3.169
-1.592,3.167
-1.63,3.092
-2.538,3.121
1.948,2.975
1.848,2.951
1.691,3.058
1.008,2.78
0.386,3.074
-0.149,2.883
-2.605,2.227
-2.755,2.45
-2.755,-0.268
-2.922,2.592
0.529,1.463
-0.019,2.246
-0.154,2.25
1.957,-0.062
1.44,-0.031
0.284,1.471
0.288,1.576
-0.739,1.093
-0.726,1.897
-0.883,1.06
-0.878,2.063
-1.939,-0.289
-1.938,0.718
1.977,0.87
-1.837,2.874
0.232,-1.037
0.104,2.976
-0.144,-0.719
-0.201,0.838
-0.286,2.671
-0.322,2.97
-0.327,0.449
-0.437,1.684
-0.405,-0.471
-0.468,-0.199
-0.458,-0.92
-0.462,2.342
-0.52,2.557
-0.507,2.918
-0.695,-0.913
-0.953,-0.307
-1.045,-0.023
-1.05,1.563
-1.035,1.137
-1.058,2.834
-1.067,1.611
-1.132,2.818
-1.096,-0.111
-1.095,1.753
-1.166,1.554
-1.251,0.86
-1.252,2.24
-1.306,0.888
-1.304,-0.62
-1.324,2.469
-1.311,0.667
-1.374,0.655
-1.401,1.108
-1.719,-1.353
-2.267,-1.005
-2.296,-1.11
-2.284,-1.024
-2.458,-1.407
2.308,-0.928
1.982,-1.15
1.764,-1.077
1.482,-1.069
1.216,-1.388
1.008,-1.306
0.939,-1.366
0.596,-1.13
0.493,-1.176
0.397,-1.478
-0.157,-1.16
-0.508,-1.204
-0.634,-1.234
-0.837,-1.337
-0.784,-1.107
-0.905,-1.366
-1.331,-1.349
-1.515,3.005
-1.52,3.171
-2.024,3.37
-2.463,3.3
-2.642,3.12
2.746,3.444
2.444,3.147
2.453,3.344
2.371,3.42
2.244,3.46
2.094,3.062
2.165,3.125
1.911,3.359
1.839,3.489
1.726,3.384
1.64,3.068
1.353,3.477
1.008,3.258
0.723,3.406
0.088,3.143
-0.237,3.215
-0.298,3.25
-0.653,3.106
-1.023,3.431
-1.012,3.372
-1.275,3.303
-2.162,0.066
-2.657,0.574
2.984,2.595
2.003,-0.333
0.685,1.651
-0.023,2.634
2.226,-1.352
-1.595,3.332
-1.38,2.904
-1.533,1.127
-1.62,2.916
-1.747,2.576
-1.667,-0.529
-1.655,1.319
-1.897,1.094
-1.914,2.477
-1.967,3.029
-2.097,0.102
-2.207,1.355
-2.121,0.859
-2.125,1.468
-2.173,1.791
-2.241,1.081
-2.268,1.466
-2.327,1.973
-2.421,2.117
-2.617,2.883
-2.641,2.596
-2.561,2.775
-2.625,-0.109
-2.832,2.525
-2.98,1.385
-3.065,0.306
-3.109,-0.742
-2.982,-0.517
3.084,-0.867
3.076,0.07
3.063,0.123
-3.113,2.07
3.131,1.01
3.027,0.655
2.952,0.494
2.96,2.086
2.951,-0.958
2.752,0.297
2.864,0.511
2.825,-0.003
2.641,2.916
2.695,0.68
2.627,3.006
2.38,2.745
2.221,1.055
2.181,0.288
2.035,-0.738
2.114,0.5
1.922,1.109
2.004,-0.82
1.983,0.322
1.822,0.575
1.894,0.667
1.786,2.583
1.777,-0.483
1.764,2.308
1.735,1.126
1.669,0.564
1.68,0.05
1.711,1.205
1.634,1.9
1.241,0.801
1.269,0.771
1.165,0.155
1.231,-0.538
1.207,2.38
0.991,2.497
1.086,-0.938
0.95,-0.465
0.94,-0.645
1.01,1.732
1.012,2.755
0.822,2.611
0.904,2.296
0.731,0.644
0.713,-0.628
0.732,0.48
0.705,1.254
0.576,2.968
0.527,2.494
0.646,1.082
0.509,0.28
0.484,0.075
0.403,2.785
0.022,3.06
0.029,0.005
-0.278,0.284
-0.207,1.566
-0.296,1.119
-0.513,2.553
-0.404,-0.003
-0.609,0.287
-0.629,0.244
-1.08,1.137
-1.008,1.518
-1.186,2.016
-1.197,2.414
-1.15,0.557
-1.358,1.953
-1.195,-0.29
-1.437,-0.2
-1.439,-0.865
-1.917,-1.076
-2.492,-1.225
-2.62,-1.118
-3.127,-1.15
2.576,-1.291
2.566,-1.254
2.203,-0.977
1.494,-1.185
1.334,-1.324
1.394,-1.223
1.17,-1.161
0.991,-1.31
0.702,-1.335
0.398,-1.122
0.023,-1.284
-0.224,-1.087
-0.612,-1.193
-1.003,-1.262
-1.426,3.217
-1.582,3.396
-1.655,3.394
-1.559,3.392
-1.597,3.317
-2.505,3.346
1.981,3.2
1.881,3.176
1.724,3.283
1.041,3.005
0.419,3.299
-0.116,3.108
-2.572,2.452
-2.722,2.675
-2.722,-0.043
-2.889,2.817
0.562,1.688
0.014,2.471
-0.121,2.475
1.99,0.163
1.473,0.194
0.317,1.696
0.321,1.801
-0.706,1.318
-0.693,2.122
-0.85,1.285
-0.845,2.288
-1.906,-0.064
-1.905,0.943
2.01,1.095
-1.804,3.099
0.265,-0.812
0.137,3.201
-0.057,1.557
-0.142,3.39
-0.178,3.689
-0.183,1.168
-0.293,2.403
-0.261,0.248
-0.324,0.52
-0.314,-0.201
-0.318,3.061
-0.376,3.276
-0.363,3.637
-0.551,-0.194
-0.809,0.412
-0.901,0.696
-0.906,2.282
-0.891,1.856
-0.914,3.553
-0.923,2.33
-0.988,3.537
-0.952,0.608
-0.951,2.472
-1.022,2.273
-1.107,1.579
-1.108,2.959
-1.162,1.607
-1.16,0.099
-1.18,3.188
-1.167,1.386
-1.23,1.374
-1.257,1.827
-1.575,-0.634
-2.123,-0.286
-2.152,-0.391
-2.14,-0.305
-2.314,-0.688
2.452,-0.209
2.126,-0.431
1.908,-0.358
1.626,-0.35
1.36,-0.669
1.152,-0.587
1.083,-0.647
0.74,-0.411
0.637,-0.457
0.541,-0.759
-0.013,-0.441
-0.364,-0.485
-0.49,-0.515
-0.693,-0.618
-0.64,-0.388
-0.761,-0.647
-1.187,-0.63
-1.371,3.724
-1.376,3.89
-1.88,4.089
-2.319,4.019
-2.498,3.839
2.89,4.163
2.588,3.866
2.597,4.063
2.515,4.139
2.388,4.179
2.238,3.781
2.309,3.844
2.055,4.078
1.983,4.208
1.87,4.103
1.784,3.787
1.497,4.196
1.152,3.977
0.867,4.125
0.232,3.862
-0.093,3.934
-0.154,3.969
-0.509,3.825
-0.879,4.15
-0.868,4.091
-1.131,4.022
-2.018,0.785
-2.513,1.293
3.128,3.314
2.147,0.386
0.829,2.37
0.121,3.353
2.37,-0.633
-1.451,4.051
-1.236,3.623
-1.389,1.846
-1.476,3.635
-1.603,3.295
-1.523,0.19
-1.511,2.038
-1.753,1.813
-1.77,3.196
-1.823,3.748
-1.953,0.821
-2.063,2.074
-1.977,1.578
-1.981,2.187
-2.029,2.51
-2.097,1.8
-2.124,2.185
-2.183,2.692
-2.277,2.836
-2.473,3.602
-2.497,3.315
-2.417,3.494
-2.481,0.61
-2.688,3.244
-2.836,2.104
-2.921,1.025
-2.965,-0.023
-2.838,0.202
-3.055,-0.148
-3.063,0.789
-3.076,0.842
-2.969,2.789
-3.008,1.729
-3.112,1.374
3.096,1.213
3.104,2.805
3.095,-0.239
2.896,1.016
3.008,1.23
2.969,0.716
2.785,3.635
2.839,1.399
2.771,3.725
2.524,3.464
2.365,1.774
2.325,1.007
2.179,-0.019
2.258,1.219
2.066,1.828
2.148,-0.101
2.127,1.041
1.966,1.294
2.038,1.386
1.93,3.302
1.921,0.236
1.908,3.027
1.879,1.845
1.813,1.283
1.824,0.769
1.855,1.924
1.778,2.619
1.385,1.52
1.413,1.49
1.309,0.874
1.375,0.181
1.351,3.099
1.135,3.216
1.23,-0.219
1.094,0.254
1.084,0.074
1.154,2.451
1.156,3.474
0.966,3.33
1.048,3.015
0.875,1.363
0.857,0.091
0.876,1.199
0.849,1.973
0.72,3.687
0.671,3.213
0.79,1.801
0.653,0.999
0.628,0.794
0.547,3.504
0.166,3.779
0.173,0.724
-0.134,1.003
-0.063,2.285
-0.152,1.838
-0.369,3.272
-0.26,0.716
-0.465,1.006
-0.485,0.963
-0.936,1.856
-0.864,2.237
-1.042,2.735
-1.053,3.133
-1.006,1.276
-1.214,2.672
-1.051,0.429
-1.293,0.519
-1.295,-0.146
-1.773,-0.357
-2.348,-0.506
-2.476,-0.399
-2.983,-0.431
2.72,-0.572
2.71,-0.535
2.347,-0.258
1.638,-0.466
1.478,-0.605
1.538,-0.504
1.314,-0.442
1.135,-0.591
0.846,-0.616
0.542,-0.403
0.167,-0.565
-0.08,-0.368
-0.468,-0.474
-0.859,-0.543
-1.282,3.936
-1.438,4.115
-1.511,4.113
-1.415,4.111
-1.453,4.036
-2.361,4.065
2.125,3.919
2.025,3.895
1.868,4.002
1.185,3.724
0.563,4.018
0.028,3.827
-2.428,3.171
-2.578,3.394
-2.578,0.676
-2.745,3.536
0.706,2.407
0.158,3.19
0.023,3.194
2.134,0.882
1.617,0.913
0.461,2.415
0.465,2.52
-0.562,2.037
-0.549,2.841
-0.706,2.004
-0.701,3.007
-1.762,0.655
-1.761,1.662
2.154,1.814
-1.66,3.818
0.409,-0.093
0.281,3.92
-0.085,1.833
-0.121,2.132
-0.126,-0.389
-0.236,0.846
-0.204,-1.309
-0.267,-1.037
-0.257,-1.758
-0.261,1.504
-0.319,1.719
-0.306,2.08
-0.494,-1.751
-0.752,-1.145
-0.844,-0.861
-0.849,0.725
-0.834,0.299
-0.857,1.996
-0.866,0.773
-0.931,1.98
-0.895,-0.949
-0.894,0.915
-0.965,0.716
-1.05,0.022
-1.051,1.402
-1.105,0.05
-1.103,-1.458
-1.123,1.631
-1.11,-0.171
-1.173,-0.183
-1.2,0.27
-1.518,-2.191
-2.066,-1.843
-2.095,-1.948
-2.083,-1.862
-2.257,-2.245
2.509,-1.766
2.183,-1.988
1.965,-1.915
1.683,-1.907
1.417,-2.226
1.209,-2.144
1.14,-2.204
0.797,-1.968
0.694,-2.014
0.598,-2.316
0.044,-1.998
-0.307,-2.042
-0.433,-2.072
-0.636,-2.175
-0.583,-1.945
-0.704,-2.204
-1.13,-2.187
-1.314,2.167
-1.319,2.333
-1.823,2.532
-2.262,2.462
-2.441,2.282
2.947,2.606
2.645,2.309
2.654,2.506
2.572,2.582
2.445,2.622
2.295,2.224
2.366,2.287
2.112,2.521
2.04,2.651
1.927,2.546
1.841,2.23
1.554,2.639
1.209,2.42
0.924,2.568
0.289,2.305
-0.036,2.377
-0.097,2.412
-0.452,2.268
-0.822,2.593
-0.811,2.534
-1.074,2.465
-1.961,-0.772
-2.456,-0.264
-3.098,1.757
2.204,-1.171
0.886,0.813
0.178,1.796
2.427,-2.19
-1.394,2.494
-1.179,2.066
-1.332,0.289
-1.419,2.078
-1.546,1.738
-1.466,-1.367
-1.454,0.481
-1.696,0.256
-1.713,1.639
-1.766,2.191
-1.896,-0.736
-2.006,0.517
-1.92,0.021
-1.924,0.63
-1.972,0.953
-2.04,0.243
-2.067,0.628
-2.126,1.135
-2.22,1.279
-2.416,2.045
-2.44,1.758
-2.36,1.937
-2.424,-0.947
-2.631,1.687
-2.779,0.547
-2.864,-0.532
-2.908,-1.58
-2.781,-1.355
-2.998,-1.705
-3.006,-0.768
-3.019,-0.715
-2.912,1.232
-2.951,0.172
-3.055,-0.183
-3.13,-0.344
-3.122,1.248
-3.131,-1.796
2.953,-0.541
3.065,-0.327
3.026,-0.841
2.842,2.078
2.896,-0.158
2.828,2.168
2.581,1.907
2.422,0.217
2.382,-0.55
2.236,-1.576
2.315,-0.338
2.123,0.271
2.205,-1.658
2.184,-0.516
2.023,-0.263
2.095,-0.171
1.987,1.745
1.978,-1.321
1.965,1.47
1.936,0.288
1.87,-0.274
1.881,-0.788
1.912,0.367
1.835,1.062
1.442,-0.037
1.47,-0.067
1.366,-0.683
1.432,-1.376
1.408,1.542
1.192,1.659
1.287,-1.776
1.151,-1.303
1.141,-1.483
1.211,0.894
1.213,1.917
1.023,1.773
1.105,1.458
0.932,-0.194
0.914,-1.466
0.933,-0.358
0.906,0.416
0.777,2.13
0.728,1.656
0.847,0.244
0.71,-0.558
0.685,-0.763
0.604,1.947
0.223,2.222
0.23,-0.833
-0.077,-0.554
-0.006,0.728
-0.095,0.281
-0.312,1.715
-0.203,-0.841
-0.408,-0.551
-0.428,-0.594
-0.879,0.299
-0.807,0.68
-0.985,1.178
-0.996,1.576
-0.949,-0.281
-1.157,1.115
-0.994,-1.128
-1.236,-1.038
-1.238,-1.703
-1.716,-1.914
-2.291,-2.063
-2.419,-1.956
-2.926,-1.988
2.777,-2.129
2.767,-2.092
2.404,-1.815
1.695,-2.023
1.535,-2.162
1.595,-2.061
1.371,-1.999
1.192,-2.148
0.903,-2.173
0.599,-1.96
0.224,-2.122
-0.023,-1.925
-0.411,-2.031
-0.802,-2.1
-1.225,2.379
-1.381,2.558
-1.454,2.556
-1.358,2.554
-1.396,2.479
-2.304,2.508
2.182,2.362
2.082,2.338
1.925,2.445
1.242,2.167
0.62,2.461
0.085,2.27
-2.371,1.614
-2.521,1.837
-2.521,-0.881
-2.688,1.979
0.763,0.85
0.215,1.633
0.08,1.637
2.191,-0.675
1.674,-0.644
0.518,0.858
0.522,0.963
-0.505,0.48
-0.492,1.284
-0.649,0.447
-0.644,1.45
-1.705,-0.902
-1.704,0.105
2.211,0.257
-1.603,2.261
0.466,-1.65
0.338,2.363
-0.036,0.299
-0.041,-2.222
-0.151,-0.987
-0.119,-3.142
-0.182,-2.87
-0.172,-3.591
-0.176,-0.329
-0.234,-0.114
-0.221,0.247
-0.409,-3.584
-0.667,-2.978
-0.759,-2.694
-0.764,-1.108
-0.749,-1.534
-0.772,0.163
-0.781,-1.06
-0.846,0.147
-0.81,-2.782
-0.809,-0.918
-0.88,-1.117
-0.965,-1.811
-0.966,-0.431
-1.02,-1.783
-1.018,-3.291
-1.038,-0.202
-1.025,-2.004
-1.088,-2.016
-1.115,-1.563
-1.433,-4.024
-1.981,-3.676
-2.01,-3.781
-1.998,-3.695
-2.172,-4.078
2.594,-3.599
2.268,-3.821
2.05,-3.748
1.768,-3.74
1.502,-4.059
1.294,-3.977
1.225,-4.037
0.882,-3.801
0.779,-3.847
0.683,-4.149
0.129,-3.831
-0.222,-3.875
-0.348,-3.905
-0.551,-4.008
-0.498,-3.778
-0.619,-4.037
-1.045,-4.02
-1.229,0.334
-1.234,0.5
-1.738,0.699
-2.177,0.629
-2.356,0.449
3.032,0.773
2.73,0.476
2.739,0.673
2.657,0.749
2.53,0.789
2.38,0.391
2.451,0.454
2.197,0.688
2.125,0.818
2.012,0.713
1.926,0.397
1.639,0.806
1.294,0.587
1.009,0.735
0.374,0.472
0.049,0.544
-0.012,0.579
-0.367,0.435
-0.737,0.76
-0.726,0.701
-0.989,0.632
-1.876,-2.605
-2.371,-2.097
-3.013,-0.076
2.289,-3.004
0.971,-1.02
0.263,-0.037
2.512,-4.023
-1.309,0.661
-1.094,0.233
-1.247,-1.544
-1.334,0.245
-1.461,-0.095
-1.381,-3.2
-1.369,-1.352
-1.611,-1.577
-1.628,-0.194
-1.681,0.358
-1.811,-2.569
-1.921,-1.316
-1.835,-1.812
-1.839,-1.203
-1.887,-0.88
-1.955,-1.59
-1.982,-1.205
-2.041,-0.698
-2.135,-0.554
-2.331,0.212
-2.355,-0.075
-2.275,0.104
-2.339,-2.78
-2.546,-0.146
-2.694,-1.286
-2.779,-2.365
-2.823,-3.413
-2.696,-3.188
-2.913,-3.538
-2.921,-2.601
-2.934,-2.548
-2.827,-0.601
-2.866,-1.661
-2.97,-2.016
-3.045,-2.177
-3.037,-0.585
-3.046,-3.629
3.038,-2.374
-3.133,-2.16
3.111,-2.674
2.927,0.245
2.981,-1.991
2.913,0.335
2.666,0.074
2.507,-1.616
2.467,-2.383
2.321,-3.409
2.4,-2.171
2.208,-1.562
2.29,-3.491
2.269,-2.349
2.108,-2.096
2.18,-2.004
2.072,-0.088
2.063,-3.154
2.05,-0.363
2.021,-1.545
1.955,-2.107
1.966,-2.621
1.997,-1.466
1.92,-0.771
1.527,-1.87
1.555,-1.9
1.451,-2.516
1.517,-3.209
1.493,-0.291
1.277,-0.174
1.372,-3.609
1.236,-3.136
1.226,-3.316
1.296,-0.939
1.298,0.084
1.108,-0.06
1.19,-0.375
1.017,-2.027
0.999,-3.299
1.018,-2.191
0.991,-1.417
0.862,0.297
0.813,-0.177
0.932,-1.589
0.795,-2.391
0.77,-2.596
0.689,0.114
0.308,0.389
0.315,-2.666
0.008,-2.387
0.079,-1.105
-0.01,-1.552
-0.227,-0.118
-0.118,-2.674
-0.323,-2.384
-0.343,-2.427
-0.794,-1.534
-0.722,-1.153
-0.9,-0.655
-0.911,-0.257
-0.864,-2.114
-1.072,-0.718
-0.909,-2.961
-1.151,-2.871
-1.153,-3.536
-1.631,-3.747
-2.206,-3.896
-2.334,-3.789
-2.841,-3.821
2.862,-3.962
2.852,-3.925
2.489,-3.648
1.78,-3.856
1.62,-3.995
1.68,-3.894
1.456,-3.832
1.277,-3.981
0.988,-4.006
0.684,-3.793
0.309,-3.955
0.062,-3.758
-0.326,-3.864
-0.717,-3.933
-1.14,0.546
-1.296,0.725
-1.369,0.723
-1.273,0.721
-1.311,0.646
-2.219,0.675
2.267,0.529
2.167,0.505
2.01,0.612
1.327,0.334
0.705,0.628
0.17,0.437
-2.286,-0.219
-2.436,0.004
-2.436,-2.714
-2.603,0.146
0.848,-0.983
0.3,-0.2
0.165,-0.196
2.276,-2.508
1.759,-2.477
0.603,-0.975
0.607,-0.87
-0.42,-1.353
-0.407,-0.549
-0.564,-1.386
-0.559,-0.383
-1.62,-2.735
-1.619,-1.728
2.296,-1.576
-1.518,0.428
0.551,-3.483
0.423,0.53
-0.005,-2.521
-0.115,-1.286
-0.083,-3.441
-0.146,-3.169
-0.136,-3.89
-0.14,-0.628
-0.198,-0.413
-0.185,-0.052
-0.373,-3.883
-0.631,-3.277
-0.723,-2.993
-0.728,-1.407
-0.713,-1.833
-0.736,-0.136
-0.745,-1.359
-0.81,-0.152
-0.774,-3.081
-0.773,-1.217
-0.844,-1.416
-0.929,-2.11
-0.93,-0.73
-0.984,-2.082
-0.982,-3.59
-1.002,-0.501
-0.989,-2.303
-1.052,-2.315
-1.079,-1.862
-1.397,-4.323
-1.945,-3.975
-1.974,-4.08
-1.962,-3.994
-2.136,-4.377
2.63,-3.898
2.304,-4.12
2.086,-4.047
1.804,-4.039
1.538,-4.358
1.33,-4.276
1.261,-4.336
0.918,-4.1
0.815,-4.146
0.719,-4.448
0.165,-4.13
-0.186,-4.174
-0.312,-4.204
-0.515,-4.307
-0.462,-4.077
-0.583,-4.336
-1.009,-4.319
-1.193,0.035
-1.198,0.201
-1.702,0.4
-2.141,0.33
-2.32,0.15
3.068,0.474
2.766,0.177
2.775,0.374
2.693,0.45
2.566,0.49
2.416,0.092
2.487,0.155
2.233,0.389
2.161,0.519
2.048,0.414
1.962,0.098
1.675,0.507
1.33,0.288
1.045,0.436
0.41,0.173
0.085,0.245
0.024,0.28
-0.331,0.136
-0.701,0.461
-0.69,0.402
-0.953,0.333
-1.84,-2.904
-2.335,-2.396
-2.977,-0.375
2.325,-3.303
1.007,-1.319
0.299,-0.336
2.548,-4.322
-1.273,0.362
-1.058,-0.066
-1.211,-1.843
-1.298,-0.054
-1.425,-0.394
-1.345,-3.499
-1.333,-1.651
-1.575,-1.876
-1.592,-0.493
-1.645,0.059
-1.775,-2.868
-1.885,-1.615
-1.799,-2.111
-1.803,-1.502
-1.851,-1.179
-1.919,-1.889
-1.946,-1.504
-2.005,-0.997
-2.099,-0.853
-2.295,-0.087
-2.319,-0.374
-2.239,-0.195
-2.303,-3.079
-2.51,-0.445
-2.658,-1.585
-2.743,-2.664
-2.787,-3.712
-2.66,-3.487
-2.877,-3.837
-2.885,-2.9
-2.898,-2.847
-2.791,-0.9
-2.83,-1.96
-2.934,-2.315
-3.009,-2.476
-3.001,-0.884
-3.01,-3.928
3.074,-2.673
-3.097,-2.459
-3.136,-2.973
2.963,-0.054
3.017,-2.29
2.949,0.036
2.702,-0.225
2.543,-1.915
2.503,-2.682
2.357,-3.708
2.436,-2.47
2.244,-1.861
2.326,-3.79
2.305,-2.648
2.144,-2.395
2.216,-2.303
2.108,-0.387
2.099,-3.453
2.086,-0.662
2.057,-1.844
1.991,-2.406
2.002,-2.92
2.033,-1.765
1.956,-1.07
1.563,-2.169
1.591,-2.199
1.487,-2.815
1.553,-3.508
1.529,-0.59
1.313,-0.473
1.408,-3.908
1.272,-3.435
1.262,-3.615
1.332,-1.238
1.334,-0.215
1.144,-0.359
1.226,-0.674
1.053,-2.326
1.035,-3.598
1.054,-2.49
1.027,-1.716
0.898,-0.002
0.849,-0.476
0.968,-1.888
0.831,-2.69
0.806,-2.895
0.725,-0.185
0.344,0.09
0.351,-2.965
0.044,-2.686
0.115,-1.404
0.026,-1.851
-0.191,-0.417
-0.082,-2.973
-0.287,-2.683
-0.307,-2.726
-0.758,-1.833
-0.686,-1.452
-0.864,-0.954
-0.875,-0.556
-0.828,-2.413
-1.036,-1.017
-0.873,-3.26
-1.115,-3.17
-1.117,-3.835
-1.595,-4.046
-2.17,-4.195
-2.298,-4.088
-2.805,-4.12
2.898,-4.261
2.888,-4.224
2.525,-3.947
1.816,-4.155
1.656,-4.294
1.716,-4.193
1.492,-4.131
1.313,-4.28
1.024,-4.305
0.72,-4.092
0.345,-4.254
0.098,-4.057
-0.29,-4.163
-0.681,-4.232
-1.104,0.247
-1.26,0.426
-1.333,0.424
-1.237,0.422
-1.275,0.347
-2.183,0.376
2.303,0.23
2.203,0.206
2.046,0.313
1.363,0.035
0.741,0.329
0.206,0.138
-2.25,-0.518
-2.4,-0.295
-2.4,-3.013
-2.567,-0.153
0.884,-1.282
0.336,-0.499
0.201,-0.495
2.312,-2.807
1.795,-2.776
0.639,-1.274
0.643,-1.169
-0.384,-1.652
-0.371,-0.848
-0.528,-1.685
-0.523,-0.682
-1.584,-3.034
-1.583,-2.027
2.332,-1.875
-1.482,0.129
0.587,-3.782
0.459,0.231
-0.11,1.235
-0.078,-0.92
-0.141,-0.648
-0.131,-1.369
-0.135,1.893
-0.193,2.108
-0.18,2.469
-0.368,-1.362
-0.626,-0.756
-0.718,-0.472
-0.723,1.114
-0.708,0.688
-0.731,2.385
-0.74,1.162
-0.805,2.369
-0.769,-0.56
-0.768,1.304
-0.839,1.105
-0.924,0.411
-0.925,1.791
-0.979,0.439
-0.977,-1.069
-0.997,2.02
-0.984,0.218
-1.047,0.206
-1.074,0.659
-1.392,-1.802
-1.94,-1.454
-1.969,-1.559
-1.957,-1.473
-2.131,-1.856
2.635,-1.377
2.309,-1.599
2.091,-1.526
1.809,-1.518
1.543,-1.837
1.335,-1.755
1.266,-1.815
0.923,-1.579
0.82,-1.625
0.724,-1.927
0.17,-1.609
-0.181,-1.653
-0.307,-1.683
-0.51,-1.786
-0.457,-1.556
-0.578,-1.815
-1.004,-1.798
-1.188,2.556
-1.193,2.722
-1.697,2.921
-2.136,2.851
-2.315,2.671
3.073,2.995
2.771,2.698
2.78,2.895
2.698,2.971
2.571,3.011
2.421,2.613
2.492,2.676
2.238,2.91
2.166,3.04
2.053,2.935
1.967,2.619
1.68,3.028
1.335,2.809
1.05,2.957
0.415,2.694
0.09,2.766
0.029,2.801
-0.326,2.657
-0.696,2.982
-0.685,2.923
-0.948,2.854
-1.835,-0.383
-2.33,0.125
-2.972,2.146
2.33,-0.782
1.012,1.202
0.304,2.185
2.553,-1.801
-1.268,2.883
-1.053,2.455
-1.206,0.678
-1.293,2.467
-1.42,2.127
-1.34,-0.978
-1.328,0.87
-1.57,0.645
-1.587,2.028
-1.64,2.58
-1.77,-0.347
-1.88,0.906
-1.794,0.41
-1.798,1.019
-1.846,1.342
-1.914,0.632
-1.941,1.017
-2.0,1.524
-2.094,1.668
-2.29,2.434
-2.314,2.147
-2.234,2.326
-2.298,-0.558
-2.505,2.076
-2.653,0.936
-2.738,-0.143
-2.782,-1.191
-2.655,-0.966
-2.872,-1.316
-2.88,-0.379
-2.893,-0.326
-2.786,1.621
-2.825,0.561
-2.929,0.206
-3.004,0.045
-2.996,1.637
-3.005,-1.407
3.079,-0.152
-3.092,0.062
-3.131,-0.452
2.968,2.467
3.022,0.231
2.954,2.557
2.707,2.296
2.548,0.606
2.508,-0.161
2.362,-1.187
2.441,0.051
2.249,0.66
2.331,-1.269
2.31,-0.127
2.149,0.126
2.221,0.218
2.113,2.134
2.104,-0.932
2.091,1.859
2.062,0.677
1.996,0.115
2.007,-0.399
2.038,0.756
1.961,1.451
1.568,0.352
1.596,0.322
1.492,-0.294
1.558,-0.987
1.534,1.931
1.318,2.048
1.413,-1.387
1.277,-0.914
1.267,-1.094
1.337,1.283
1.339,2.306
1.149,2.162
1.231,1.847
1.058,0.195
1.04,-1.077
1.059,0.031
1.032,0.805
0.903,2.519
0.854,2.045
0.973,0.633
0.836,-0.169
0.811,-0.374
0.73,2.336
0.349,2.611
0.356,-0.444
0.049,-0.165
0.12,1.117
0.031,0.67
-0.186,2.104
-0.077,-0.452
-0.282,-0.162
-0.302,-0.205
-0.753,0.688
-0.681,1.069
-0.859,1.567
-0.87,1.965
-0.823,0.108
-1.031,1.504
-0.868,-0.739
-1.11,-0.649
-1.112,-1.314
-1.59,-1.525
-2.165,-1.674
-2.293,-1.567
-2.8,-1.599
2.903,-1.74
2.893,-1.703
2.53,-1.426
1.821,-1.634
1.661,-1.773
1.721,-1.672
1.497,-1.61
1.318,-1.759
1.029,-1.784
0.725,-1.571
0.35,-1.733
0.103,-1.536
-0.285,-1.642
-0.676,-1.711
-1.099,2.768
-1.255,2.947
-1.328,2.945
-1.232,2.943
-1.27,2.868
-2.178,2.897
2.308,2.751
2.208,2.727
2.051,2.834
1.368,2.556
0.746,2.85
0.211,2.659
-2.245,2.003
-2.395,2.226
-2.395,-0.492
-2.562,2.368
0.889,1.239
0.341,2.022
0.206,2.026
2.317,-0.286
1.8,-0.255
0.644,1.247
0.648,1.352
-0.379,0.869
-0.366,1.673
-0.523,0.836
-0.518,1.839
-1.579,-0.513
-1.578,0.494
2.337,0.646
-1.477,2.65
0.592,-1.261
0.464,2.752
0.032,-2.155
-0.031,-1.883
-0.021,-2.604
-0.025,0.658
-0.083,0.873
-0.07,1.234
-0.258,-2.597
-0.516,-1.991
-0.608,-1.707
-0.613,-0.121
-0.598,-0.547
-0.621,1.15
-0.63,-0.073
-0.695,1.134
-0.659,-1.795
-0.658,0.069
-0.729,-0.13
-0.814,-0.824
-0.815,0.556
-0.869,-0.796
-0.867,-2.304
-0.887,0.785
-0.874,-1.017
-0.937,-1.029
-0.964,-0.576
-1.282,-3.037
-1.83,-2.689
-1.859,-2.794
-1.847,-2.708
-2.021,-3.091
2.745,-2.612
2.419,-2.834
2.201,-2.761
1.919,-2.753
1.653,-3.072
1.445,-2.99
1.376,-3.05
1.033,-2.814
0.93,-2.86
0.834,-3.162
0.28,-2.844
-0.071,-2.888
-0.197,-2.918
-0.4,-3.021
-0.347,-2.791
-0.468,-3.05
-0.894,-3.033
-1.078,1.321
-1.083,1.487
-1.587,1.686
-2.026,1.616
-2.205,1.436
-3.1,1.76
2.881,1.463
2.89,1.66
2.808,1.736
2.681,1.776
2.531,1.378
2.602,1.441
2.348,1.675
2.276,1.805
2.163,1.7
2.077,1.384
1.79,1.793
1.445,1.574
1.16,1.722
0.525,1.459
0.2,1.531
0.139,1.566
-0.216,1.422
-0.586,1.747
-0.575,1.688
-0.838,1.619
-1.725,-1.618
-2.22,-1.11
-2.862,0.911
2.44,-2.017
1.122,-0.033
0.414,0.95
2.663,-3.036
-1.158,1.648
-0.943,1.22
-1.096,-0.557
-1.183,1.232
-1.31,0.892
-1.23,-2.213
-1.218,-0.365
-1.46,-0.59
-1.477,0.793
-1.53,1.345
-1.66,-1.582
-1.77,-0.329
-1.684,-0.825
-1.688,-0.216
-1.736,0.107
-1.804,-0.603
-1.831,-0.218
-1.89,0.289
-1.984,0.433
-2.18,1.199
-2.204,0.912
-2.124,1.091
-2.188,-1.793
-2.395,0.841
-2.543,-0.299
-2.628,-1.378
-2.672,-2.426
-2.545,-2.201
-2.762,-2.551
-2.77,-1.614
-2.783,-1.561
-2.676,0.386
-2.715,-0.674
-2.819,-1.029
-2.894,-1.19
-2.886,0.402
-2.895,-2.642
-3.094,-1.387
-2.982,-1.173
-3.021,-1.687
3.078,1.232
3.132,-1.004
3.064,1.322
2.817,1.061
2.658,-0.629
2.618,-1.396
2.472,-2.422
2.551,-1.184
2.359,-0.575
2.441,-2.504
2.42,-1.362
2.259,-1.109
2.331,-1.017
2.223,0.899
2.214,-2.167
2.201,0.624
2.172,-0.558
2.106,-1.12
2.117,-1.634
2.148,-0.479
2.071,0.216
1.678,-0.883
1.706,-0.913
1.602,-1.529
1.668,-2.222
1.644,0.696
1.428,0.813
1.523,-2.622
1.387,-2.149
1.377,-2.329
1.447,0.048
1.449,1.071
1.259,0.927
1.341,0.612
1.168,-1.04
1.15,-2.312
1.169,-1.204
1.142,-0.43
1.013,1.284
0.964,0.81
1.083,-0.602
0.946,-1.404
0.921,-1.609
0.84,1.101
0.459,1.376
0.466,-1.679
0.159,-1.4
0.23,-0.118
0.141,-0.565
-0.076,0.869
0.033,-1.687
-0.172,-1.397
-0.192,-1.44
-0.643,-0.547
-0.571,-0.166
-0.749,0.332
-0.76,0.73
-0.713,-1.127
-0.921,0.269
-0.758,-1.974
-1.0,-1.884
-1.002,-2.549
-1.48,-2.76
-2.055,-2.909
-2.183,-2.802
-2.69,-2.834
3.013,-2.975
3.003,-2.938
2.64,-2.661
1.931,-2.869
1.771,-3.008
1.831,-2.907
1.607,-2.845
1.428,-2.994
1.139,-3.019
0.835,-2.806
0.46,-2.968
0.213,-2.771
-0.175,-2.877
-0.566,-2.946
-0.989,1.533
-1.145,1.712
-1.218,1.71
-1.122,1.708
-1.16,1.633
-2.068,1.662
2.418,1.516
2.318,1.492
2.161,1.599
1.478,1.321
0.856,1.615
0.321,1.424
-2.135,0.768
-2.285,0.991
-2.285,-1.727
-2.452,1.133
0.999,0.004
0.451,0.787
0.316,0.791
2.427,-1.521
1.91,-1.49
0.754,0.012
0.758,0.117
-0.269,-0.366
-0.256,0.438
-0.413,-0.399
-0.408,0.604
-1.469,-1.748
-1.468,-0.741
2.447,-0.589
-1.367,1.415
0.702,-2.496
0.574,1.517
-0.063,0.272
-0.053,-0.449
-0.057,2.813
-0.115,3.028
-0.102,3.389
-0.29,-0.442
-0.548,0.164
-0.64,0.448
-0.645,2.034
-0.63,1.608
-0.653,3.305
-0.662,2.082
-0.727,3.289
-0.691,0.36
-0.69,2.224
-0.761,2.025
-0.846,1.331
-0.847,2.711
-0.901,1.359
-0.899,-0.149
-0.919,2.94
-0.906,1.138
-0.969,1.126
-0.996,1.579
-1.314,-0.882
-1.862,-0.534
-1.891,-0.639
-1.879,-0.553
-2.053,-0.936
2.713,-0.457
2.387,-0.679
2.169,-0.606
1.887,-0.598
1.621,-0.917
1.413,-0.835
1.344,-0.895
1.001,-0.659
0.898,-0.705
0.802,-1.007
0.248,-0.689
-0.103,-0.733
-0.229,-0.763
-0.432,-0.866
-0.379,-0.636
-0.5,-0.895
-0.926,-0.878
-1.11,3.476
-1.115,3.642
-1.619,3.841
-2.058,3.771
-2.237,3.591
-3.132,3.915
2.849,3.618
2.858,3.815
2.776,3.891
2.649,3.931
2.499,3.533
2.57,3.596
2.316,3.83
2.244,3.96
2.131,3.855
2.045,3.539
1.758,3.948
1.413,3.729
1.128,3.877
0.493,3.614
0.168,3.686
0.107,3.721
-0.248,3.577
-0.618,3.902
-0.607,3.843
-0.87,3.774
-1.757,0.537
-2.252,1.045
-2.894,3.066
2.408,0.138
1.09,2.122
0.382,3.105
2.631,-0.881
-1.19,3.803
-0.975,3.375
-1.128,1.598
-1.215,3.387
-1.342,3.047
-1.262,-0.058
-1.25,1.79
-1.492,1.565
-1.509,2.948
-1.562,3.5
-1.692,0.573
-1.802,1.826
-1.716,1.33
-1.72,1.939
-1.768,2.262
-1.836,1.552
-1.863,1.937
-1.922,2.444
-2.016,2.588
-2.212,3.354
-2.236,3.067
-2.156,3.246
-2.22,0.362
-2.427,2.996
-2.575,1.856
-2.66,0.777
-2.704,-0.271
-2.577,-0.046
-2.794,-0.396
-2.802,0.541
-2.815,0.594
-2.708,2.541
-2.747,1.481
-2.851,1.126
-2.926,0.965
-2.918,2.557
-2.927,-0.487
-3.126,0.768
-3.014,0.982
-3.053,0.468
3.046,3.387
3.1,1.151
3.032,3.477
2.785,3.216
2.626,1.526
2.586,0.759
2.44,-0.267
2.519,0.971
2.327,1.58
2.409,-0.349
2.388,0.793
2.227,1.046
2.299,1.138
2.191,3.054
2.182,-0.012
2.169,2.779
2.14,1.597
2.074,1.035
2.085,0.521
2.116,1.676
2.039,2.371
1.646,1.272
1.674,1.242
1.57,0.626
1.636,-0.067
1.612,2.851
1.396,2.968
1.491,-0.467
1.355,0.006
1.345,-0.174
1.415,2.203
1.417,3.226
1.227,3.082
1.309,2.767
1.136,1.115
1.118,-0.157
1.137,0.951
1.11,1.725
0.981,3.439
0.932,2.965
1.051,1.553
0.914,0.751
0.889,0.546
0.808,3.256
0.427,3.531
0.434,0.476
0.127,0.755
0.198,2.037
0.109,1.59
-0.108,3.024
0.001,0.468
-0.204,0.758
-0.224,0.715
-0.675,1.608
-0.603,1.989
-0.781,2.487
-0.792,2.885
-0.745,1.028
-0.953,2.424
-0.79,0.181
-1.032,0.271
-1.034,-0.394
-1.512,-0.605
-2.087,-0.754
-2.215,-0.647
-2.722,-0.679
2.981,-0.82
2.971,-0.783
2.608,-0.506
1.899,-0.714
1.739,-0.853
1.799,-0.752
1.575,-0.69
1.396,-0.839
1.107,-0.864
0.803,-0.651
0.428,-0.813
0.181,-0.616
-0.207,-0.722
-0.598,-0.791
-1.021,3.688
-1.177,3.867
-1.25,3.865
-1.154,3.863
-1.192,3.788
-2.1,3.817
2.386,3.671
2.286,3.647
2.129,3.754
1.446,3.476
0.824,3.77
0.289,3.579
-2.167,2.923
-2.317,3.146
-2.317,0.428
-2.484,3.288
0.967,2.159
0.419,2.942
0.284,2.946
2.395,0.634
1.878,0.665
0.722,2.167
0.726,2.272
-0.301,1.789
-0.288,2.593
-0.445,1.756
-0.44,2.759
-1.501,0.407
-1.5,1.414
2.415,1.566
-1.399,3.57
0.67,-0.341
0.542,3.672
0.01,-0.721
0.006,2.541
-0.052,2.756
-0.039,3.117
-0.227,-0.714
-0.485,-0.108
-0.577,0.176
-0.582,1.762
-0.567,1.336
-0.59,3.033
-0.599,1.81
-0.664,3.017
-0.628,0.088
-0.627,1.952
-0.698,1.753
-0.783,1.059
-0.784,2.439
-0.838,1.087
-0.836,-0.421
-0.856,2.668
-0.843,0.866
-0.906,0.854
-0.933,1.307
-1.251,-1.154
-1.799,-0.806
-1.828,-0.911
-1.816,-0.825
-1.99,-1.208
2.776,-0.729
2.45,-0.951
2.232,-0.878
1.95,-0.87
1.684,-1.189
1.476,-1.107
1.407,-1.167
1.064,-0.931
0.961,-0.977
0.865,-1.279
0.311,-0.961
-0.04,-1.005
-0.166,-1.035
-0.369,-1.138
-0.316,-0.908
-0.437,-1.167
-0.863,-1.15
-1.047,3.204
-1.052,3.37
-1.556,3.569
-1.995,3.499
-2.174,3.319
-3.069,3.643
2.912,3.346
2.921,3.543
2.839,3.619
2.712,3.659
2.562,3.261
2.633,3.324
2.379,3.558
2.307,3.688
2.194,3.583
2.108,3.267
1.821,3.676
1.476,3.457
1.191,3.605
0.556,3.342
0.231,3.414
0.17,3.449
-0.185,3.305
-0.555,3.63
-0.544,3.571
-0.807,3.502
-1.694,0.265
-2.189,0.773
-2.831,2.794
2.471,-0.134
1.153,1.85
0.445,2.833
2.694,-1.153
-1.127,3.531
-0.912,3.103
-1.065,1.326
-1.152,3.115
-1.279,2.775
-1.199,-0.33
-1.187,1.518
-1.429,1.293
-1.446,2.676
-1.499,3.228
-1.629,0.301
-1.739,1.554
-1.653,1.058
-1.657,1.667
-1.705,1.99
-1.773,1.28
-1.8,1.665
-1.859,2.172
-1.953,2.316
-2.149,3.082
-2.173,2.795
-2.093,2.974
-2.157,0.09
-2.364,2.724
-2.512,1.584
-2.597,0.505
-2.641,-0.543
-2.514,-0.318
-2.731,-0.668
-2.739,0.269
-2.752,0.322
-2.645,2.269
-2.684,1.209
-2.788,0.854
-2.863,0.693
-2.855,2.285
-2.864,-0.759
-3.063,0.496
-2.951,0.71
-2.99,0.196
3.109,3.115
-3.12,0.879
3.095,3.205
2.848,2.944
2.689,1.254
2.649,0.487
2.503,-0.539
2.582,0.699
2.39,1.308
2.472,-0.621
2.451,0.521
2.29,0.774
2.362,0.866
2.254,2.782
2.245,-0.284
2.232,2.507
2.203,1.325
2.137,0.763
2.148,0.249
2.179,1.404
2.102,2.099
1.709,1.0
1.737,0.97
1.633,0.354
1.699,-0.339
1.675,2.579
1.459,2.696
1.554,-0.739
1.418,-0.266
1.408,-0.446
1.478,1.931
1.48,2.954
1.29,2.81
1.372,2.495
1.199,0.843
1.181,-0.429
1.2,0.679
1.173,1.453
1.044,3.167
0.995,2.693
1.114,1.281
0.977,0.479
0.952,0.274
0.871,2.984
0.49,3.259
0.497,0.204
0.19,0.483
0.261,1.765
0.172,1.318
-0.045,2.752
0.064,0.196
-0.141,0.486
-0.161,0.443
-0.612,1.336
-0.54,1.717
-0.718,2.215
-0.729,2.613
-0.682,0.756
-0.89,2.152
-0.727,-0.091
-0.969,-0.001
-0.971,-0.666
-1.449,-0.877
-2.024,-1.026
-2.152,-0.919
-2.659,-0.951
3.044,-1.092
3.034,-1.055
2.671,-0.778
1.962,-0.986
1.802,-1.125
1.862,-1.024
1.638,-0.962
1.459,-1.111
1.17,-1.136
0.866,-0.923
0.491,-1.085
0.244,-0.888
-0.144,-0.994
-0.535,-1.063
-0.958,3.416
-1.114,3.595
-1.187,3.593
-1.091,3.591
-1.129,3.516
-2.037,3.545
2.449,3.399
2.349,3.375
2.192,3.482
1.509,3.204
0.887,3.498
0.352,3.307
-2.104,2.651
-2.254,2.874
-2.254,0.156
-2.421,3.016
1.03,1.887
0.482,2.67
0.347,2.674
2.458,0.362
1.941,0.393
0.785,1.895
0.789,2.0
-0.238,1.517
-0.225,2.321
-0.382,1.484
-0.377,2.487
-1.438,0.135
-1.437,1.142
2.478,1.294
-1.336,3.298
0.733,-0.613
0.605,3.4
-0.004,3.262
-0.062,3.477
-0.049,3.838
-0.237,0.007
-0.495,0.613
-0.587,0.897
-0.592,2.483
-0.577,2.057
-0.6,3.754
-0.609,2.531
-0.674,3.738
-0.638,0.809
-0.637,2.673
-0.708,2.474
-0.793,1.78
-0.794,3.16
-0.848,1.808
-0.846,0.3
-0.866,3.389
-0.853,1.587
-0.916,1.575
-0.943,2.028
-1.261,-0.433
-1.809,-0.085
-1.838,-0.19
-1.826,-0.104
-2.0,-0.487
2.766,-0.008
2.44,-0.23
2.222,-0.157
1.94,-0.149
1.674,-0.468
1.466,-0.386
1.397,-0.446
1.054,-0.21
0.951,-0.256
0.855,-0.558
0.301,-0.24
-0.05,-0.284
-0.176,-0.314
-0.379,-0.417
-0.326,-0.187
-0.447,-0.446
-0.873,-0.429
-1.057,3.925
-1.062,4.091
-1.566,4.29
-2.005,4.22
-2.184,4.04
-3.079,4.364
2.902,4.067
2.911,4.264
2.829,4.34
2.702,4.38
2.552,3.982
2.623,4.045
2.369,4.279
2.297,4.409
2.184,4.304
2.098,3.988
1.811,4.397
1.466,4.178
1.181,4.326
0.546,4.063
0.221,4.135
0.16,4.17
-0.195,4.026
-0.565,4.351
-0.554,4.292
-0.817,4.223
-1.704,0.986
-2.199,1.494
-2.841,3.515
2.461,0.587
1.143,2.571
0.435,3.554
2.684,-0.432
-1.137,4.252
-0.922,3.824
-1.075,2.047
-1.162,3.836
-1.289,3.496
-1.209,0.391
-1.197,2.239
-1.439,2.014
-1.456,3.397
-1.509,3.949
-1.639,1.022
-1.749,2.275
-1.663,1.779
-1.667,2.388
-1.715,2.711
-1.783,2.001
-1.81,2.386
-1.869,2.893
-1.963,3.037
-2.159,3.803
-2.183,3.516
-2.103,3.695
-2.167,0.811
-2.374,3.445
-2.522,2.305
-2.607,1.226
-2.651,0.178
-2.524,0.403
-2.741,0.053
-2.749,0.99
-2.762,1.043
-2.655,2.99
-2.694,1.93
-2.798,1.575
-2.873,1.414
-2.865,3.006
-2.874,-0.038
-3.073,1.217
-2.961,1.431
-3.0,0.917
3.099,3.836
-3.13,1.6
3.085,3.926
2.838,3.665
2.679,1.975
2.639,1.208
2.493,0.182
2.572,1.42
2.38,2.029
2.462,0.1
2.441,1.242
2.28,1.495
2.352,1.587
2.244,3.503
2.235,0.437
2.222,3.228
2.193,2.046
2.127,1.484
2.138,0.97
2.169,2.125
2.092,2.82
1.699,1.721
1.727,1.691
1.623,1.075
1.689,0.382
1.665,3.3
1.449,3.417
1.544,-0.018
1.408,0.455
1.398,0.275
1.468,2.652
1.47,3.675
1.28,3.531
1.362,3.216
1.189,1.564
1.171,0.292
1.19,1.4
1.163,2.174
1.034,3.888
0.985,3.414
1.104,2.002
0.967,1.2
0.942,0.995
0.861,3.705
0.48,3.98
0.487,0.925
0.18,1.204
0.251,2.486
0.162,2.039
-0.055,3.473
0.054,0.917
-0.151,1.207
-0.171,1.164
-0.622,2.057
-0.55,2.438
-0.728,2.936
-0.739,3.334
-0.692,1.477
-0.9,2.873
-0.737,0.63
-0.979,0.72
-0.981,0.055
-1.459,-0.156
-2.034,-0.305
-2.162,-0.198
-2.669,-0.23
3.034,-0.371
3.024,-0.334
2.661,-0.057
1.952,-0.265
1.792,-0.404
1.852,-0.303
1.628,-0.241
1.449,-0.39
1.16,-0.415
0.856,-0.202
0.481,-0.364
0.234,-0.167
-0.154,-0.273
-0.545,-0.342
-0.968,4.137
-1.124,4.316
-1.197,4.314
-1.101,4.312
-1.139,4.237
-2.047,4.266
2.439,4.12
2.339,4.096
2.182,4.203
1.499,3.925
0.877,4.219
0.342,4.028
-2.114,3.372
-2.264,3.595
-2.264,0.877
-2.431,3.737
1.02,2.608
0.472,3.391
0.337,3.395
2.448,1.083
1.931,1.114
0.775,2.616
0.779,2.721
-0.248,2.238
-0.235,3.042
-0.392,2.205
-0.387,3.208
-1.448,0.856
-1.447,1.863
2.468,2.015
-1.346,4.019
0.723,0.108
0.595,4.121
-0.058,0.215
-0.045,0.576
-0.233,-3.255
-0.491,-2.649
-0.583,-2.365
-0.588,-0.779
-0.573,-1.205
-0.596,0.492
-0.605,-0.731
-0.67,0.476
-0.634,-2.453
-0.633,-0.589
-0.704,-0.788
-0.789,-1.482
-0.79,-0.102
-0.844,-1.454
-0.842,-2.962
-0.862,0.127
-0.849,-1.675
-0.912,-1.687
-0.939,-1.234
-1.257,-3.695
-1.805,-3.347
-1.834,-3.452
-1.822,-3.366
-1.996,-3.749
2.77,-3.27
2.444,-3.492
2.226,-3.419
1.944,-3.411
1.678,-3.73
1.47,-3.648
1.401,-3.708
1.058,-3.472
0.955,-3.518
0.859,-3.82
0.305,-3.502
-0.046,-3.546
-0.172,-3.576
-0.375,-3.679
-0.322,-3.449
-0.443,-3.708
-0.869,-3.691
-1.053,0.663
-1.058,0.829
-1.562,1.028
-2.001,0.958
-2.18,0.778
-3.075,1.102
2.906,0.805
2.915,1.002
2.833,1.078
2.706,1.118
2.556,0.72
2.627,0.783
2.373,1.017
2.301,1.147
2.188,1.042
2.102,0.726
1.815,1.135
1.47,0.916
1.185,1.064
0.55,0.801
0.225,0.873
0.164,0.908
-0.191,0.764
-0.561,1.089
-0.55,1.03
-0.813,0.961
-1.7,-2.276
-2.195,-1.768
-2.837,0.253
2.465,-2.675
1.147,-0.691
0.439,0.292
2.688,-3.694
-1.133,0.99
-0.918,0.562
-1.071,-1.215
-1.158,0.574
-1.285,0.234
-1.205,-2.871
-1.193,-1.023
-1.435,-1.248
-1.452,0.135
-1.505,0.687
-1.635,-2.24
-1.745,-0.987
-1.659,-1.483
-1.663,-0.874
-1.711,-0.551
-1.779,-1.261
-1.806,-0.876
-1.865,-0.369
-1.959,-0.225
-2.155,0.541
-2.179,0.254
-2.099,0.433
-2.163,-2.451
-2.37,0.183
-2.518,-0.957
-2.603,-2.036
-2.647,-3.084
-2.52,-2.859
-2.737,-3.209
-2.745,-2.272
-2.758,-2.219
-2.651,-0.272
-2.69,-1.332
-2.794,-1.687
-2.869,-1.848
-2.861,-0.256
-2.87,-3.3
-3.069,-2.045
-2.957,-1.831
-2.996,-2.345
3.103,0.574
-3.126,-1.662
3.089,0.664
2.842,0.403
2.683,-1.287
2.643,-2.054
2.497,-3.08
2.576,-1.842
2.384,-1.233
2.466,-3.162
2.445,-2.02
2.284,-1.767
2.356,-1.675
2.248,0.241
2.239,-2.825
2.226,-0.034
2.197,-1.216
2.131,-1.778
2.142,-2.292
2.173,-1.137
2.096,-0.442
1.703,-1.541
1.731,-1.571
1.627,-2.187
1.693,-2.88
1.669,0.038
1.453,0.155
1.548,-3.28
1.412,-2.807
1.402,-2.987
1.472,-0.61
1.474,0.413
1.284,0.269
1.366,-0.046
1.193,-1.698
1.175,-2.97
1.194,-1.862
1.167,-1.088
1.038,0.626
0.989,0.152
1.108,-1.26
0.971,-2.062
0.946,-2.267
0.865,0.443
0.484,0.718
0.491,-2.337
0.184,-2.058
0.255,-0.776
0.166,-1.223
-0.051,0.211
0.058,-2.345
-0.147,-2.055
-0.167,-2.098
-0.618,-1.205
-0.546,-0.824
-0.724,-0.326
-0.735,0.072
-0.688,-1.785
-0.896,-0.389
-0.733,-2.632
-0.975,-2.542
-0.977,-3.207
-1.455,-3.418
-2.03,-3.567
-2.158,-3.46
-2.665,-3.492
3.038,-3.633
3.028,-3.596
2.665,-3.319
1.956,-3.527
1.796,-3.666
1.856,-3.565
1.632,-3.503
1.453,-3.652
1.164,-3.677
0.86,-3.464
0.485,-3.626
0.238,-3.429
-0.15,-3.535
-0.541,-3.604
-0.964,0.875
-1.12,1.054
-1.193,1.052
-1.097,1.05
-1.135,0.975
-2.043,1.004
2.443,0.858
2.343,0.834
2.186,0.941
1.503,0.663
0.881,0.957
0.346,0.766
-2.11,0.11
-2.26,0.333
-2.26,-2.385
-2.427,0.475
1.024,-0.654
0.476,0.129
0.341,0.133
2.452,-2.179
1.935,-2.148
0.779,-0.646
0.783,-0.541
-0.244,-1.024
-0.231,-0.22
-0.388,-1.057
-0.383,-0.054
-1.444,-2.406
-1.443,-1.399
2.472,-1.247
-1.342,0.757
0.727,-3.154
0.599,0.859
0.013,0.361
-0.175,-3.47
-0.433,-2.864
-0.525,-2.58
-0.53,-0.994
-0.515,-1.42
-0.538,0.277
-0.547,-0.946
-0.612,0.261
-0.576,-2.668
-0.575,-0.804
-0.646,-1.003
-0.731,-1.697
-0.732,-0.317
-0.786,-1.669
-0.784,-3.177
-0.804,-0.088
-0.791,-1.89
-0.854,-1.902
-0.881,-1.449
-1.199,-3.91
-1.747,-3.562
-1.776,-3.667
-1.764,-3.581
-1.938,-3.964
2.828,-3.485
2.502,-3.707
2.284,-3.634
2.002,-3.626
1.736,-3.945
1.528,-3.863
1.459,-3.923
1.116,-3.687
1.013,-3.733
0.917,-4.035
0.363,-3.717
0.012,-3.761
-0.114,-3.791
-0.317,-3.894
-0.264,-3.664
-0.385,-3.923
-0.811,-3.906
-0.995,0.448
-1.0,0.614
-1.504,0.813
-1.943,0.743
-2.122,0.563
-3.017,0.887
2.964,0.59
2.973,0.787
2.891,0.863
2.764,0.903
2.614,0.505
2.685,0.568
2.431,0.802
2.359,0.932
2.246,0.827
2.16,0.511
1.873,0.92
1.528,0.701
1.243,0.849
0.608,0.586
0.283,0.658
0.222,0.693
-0.133,0.549
-0.503,0.874
-0.492,0.815
-0.755,0.746
-1.642,-2.491
-2.137,-1.983
-2.779,0.038
2.523,-2.89
1.205,-0.906
0.497,0.077
2.746,-3.909
-1.075,0.775
-0.86,0.347
-1.013,-1.43
-1.1,0.359
-1.227,0.019
-1.147,-3.086
-1.135,-1.238
-1.377,-1.463
-1.394,-0.08
-1.447,0.472
-1.577,-2.455
-1.687,-1.202
-1.601,-1.698
-1.605,-1.089
-1.653,-0.766
-1.721,-1.476
-1.748,-1.091
-1.807,-0.584
-1.901,-0.44
-2.097,0.326
-2.121,0.039
-2.041,0.218
-2.105,-2.666
-2.312,-0.032
-2.46,-1.172
-2.545,-2.251
-2.589,-3.299
-2.462,-3.074
-2.679,-3.424
-2.687,-2.487
-2.7,-2.434
-2.593,-0.487
-2.632,-1.547
-2.736,-1.902
-2.811,-2.063
-2.803,-0.471
-2.812,-3.515
-3.011,-2.26
-2.899,-2.046
-2.938,-2.56
-3.122,0.359
-3.068,-1.877
-3.136,0.449
2.9,0.188
2.741,-1.502
2.701,-2.269
2.555,-3.295
2.634,-2.057
2.442,-1.448
2.524,-3.377
2.503,-2.235
2.342,-1.982
2.414,-1.89
2.306,0.026
2.297,-3.04
2.284,-0.249
2.255,-1.431
2.189,-1.993
2.2,-2.507
2.231,-1.352
2.154,-0.657
1.761,-1.756
1.789,-1.786
1.685,-2.402
1.751,-3.095
1.727,-0.177
1.511,-0.06
1.606,-3.495
1.47,-3.022
1.46,-3.202
1.53,-0.825
1.532,0.198
1.342,0.054
1.424,-0.261
1.251,-1.913
1.233,-3.185
1.252,-2.077
1.225,-1.303
1.096,0.411
1.047,-0.063
1.166,-1.475
1.029,-2.277
1.004,-2.482
0.923,0.228
0.542,0.503
0.549,-2.552
0.242,-2.273
0.313,-0.991
0.224,-1.438
0.007,-0.004
0.116,-2.56
-0.089,-2.27
-0.109,-2.313
-0.56,-1.42
-0.488,-1.039
-0.666,-0.541
-0.677,-0.143
-0.63,-2.0
-0.838,-0.604
-0.675,-2.847
-0.917,-2.757
-0.919,-3.422
-1.397,-3.633
-1.972,-3.782
-2.1,-3.675
-2.607,-3.707
3.096,-3.848
3.086,-3.811
2.723,-3.534
2.014,-3.742
1.854,-3.881
1.914,-3.78
1.69,-3.718
1.511,-3.867
1.222,-3.892
0.918,-3.679
0.543,-3.841
0.296,-3.644
-0.092,-3.75
-0.483,-3.819
-0.906,0.66
-1.062,0.839
-1.135,0.837
-1.039,0.835
-1.077,0.76
-1.985,0.789
2.501,0.643
2.401,0.619
2.244,0.726
1.561,0.448
0.939,0.742
0.404,0.551
-2.052,-0.105
-2.202,0.118
-2.202,-2.6
-2.369,0.26
1.082,-0.869
0.534,-0.086
0.399,-0.082
2.51,-2.394
1.993,-2.363
0.837,-0.861
0.841,-0.756
-0.186,-1.239
-0.173,-0.435
-0.33,-1.272
-0.325,-0.269
-1.386,-2.621
-1.385,-1.614
2.53,-1.462
-1.284,0.542
0.785,-3.369
0.657,0.644
-0.188,-3.831
-0.446,-3.225
-0.538,-2.941
-0.543,-1.355
-0.528,-1.781
-0.551,-0.084
-0.56,-1.307
-0.625,-0.1
-0.589,-3.029
-0.588,-1.165
-0.659,-1.364
-0.744,-2.058
-0.745,-0.678
-0.799,-2.03
-0.797,-3.538
-0.817,-0.449
-0.804,-2.251
-0.867,-2.263
-0.894,-1.81
-1.212,-4.271
-1.76,-3.923
-1.789,-4.028
-1.777,-3.942
-1.951,-4.325
2.815,-3.846
2.489,-4.068
2.271,-3.995
1.989,-3.987
1.723,-4.306
1.515,-4.224
1.446,-4.284
1.103,-4.048
1.0,-4.094
0.904,-4.396
0.35,-4.078
-0.001,-4.122
-0.127,-4.152
-0.33,-4.255
-0.277,-4.025
-0.398,-4.284
-0.824,-4.267
-1.008,0.087
-1.013,0.253
-1.517,0.452
-1.956,0.382
-2.135,0.202
-3.03,0.526
2.951,0.229
2.96,0.426
2.878,0.502
2.751,0.542
2.601,0.144
2.672,0.207
2.418,0.441
2.346,0.571
2.233,0.466
2.147,0.15
1.86,0.559
1.515,0.34
1.23,0.488
0.595,0.225
0.27,0.297
0.209,0.332
-0.146,0.188
-0.516,0.513
-0.505,0.454
-0.768,0.385
-1.655,-2.852
-2.15,-2.344
-2.792,-0.323
2.51,-3.251
1.192,-1.267
0.484,-0.284
2.733,-4.27
-1.088,0.414
-0.873,-0.014
-1.026,-1.791
-1.113,-0.002
-1.24,-0.342
-1.16,-3.447
-1.148,-1.599
-1.39,-1.824
-1.407,-0.441
-1.46,0.111
-1.59,-2.816
-1.7,-1.563
-1.614,-2.059
-1.618,-1.45
-1.666,-1.127
-1.734,-1.837
-1.761,-1.452
-1.82,-0.945
-1.914,-0.801
-2.11,-0.035
-2.134,-0.322
-2.054,-0.143
-2.118,-3.027
-2.325,-0.393
-2.473,-1.533
-2.558,-2.612
-2.602,-3.66
-2.475,-3.435
-2.692,-3.785
-2.7,-2.848
-2.713,-2.795
-2.606,-0.848
-2.645,-1.908
-2.749,-2.263
-2.824,-2.424
-2.816,-0.832
-2.825,-3.876
-3.024,-2.621
-2.912,-2.407
-2.951,-2.921
-3.135,-0.002
-3.081,-2.238
3.134,0.088
2.887,-0.173
2.728,-1.863
2.688,-2.63
2.542,-3.656
2.621,-2.418
2.429,-1.809
2.511,-3.738
2.49,-2.596
2.329,-2.343
2.401,-2.251
2.293,-0.335
2.284,-3.401
2.271,-0.61
2.242,-1.792
2.176,-2.354
2.187,-2.868
2.218,-1.713
2.141,-1.018
1.748,-2.117
1.776,-2.147
1.672,-2.763
1.738,-3.456
1.714,-0.538
1.498,-0.421
1.593,-3.856
1.457,-3.383
1.447,-3.563
1.517,-1.186
1.519,-0.163
1.329,-0.307
1.411,-0.622
1.238,-2.274
1.22,-3.546
1.239,-2.438
1.212,-1.664
1.083,0.05
1.034,-0.424
1.153,-1.836
1.016,-2.638
0.991,-2.843
0.91,-0.133
0.529,0.142
0.536,-2.913
0.229,-2.634
0.3,-1.352
0.211,-1.799
-0.006,-0.365
0.103,-2.921
-0.102,-2.631
-0.122,-2.674
-0.573,-1.781
-0.501,-1.4
-0.679,-0.902
-0.69,-0.504
-0.643,-2.361
-0.851,-0.965
-0.688,-3.208
-0.93,-3.118
-0.932,-3.783
-1.41,-3.994
-1.985,-4.143
-2.113,-4.036
-2.62,-4.068
3.083,-4.209
3.073,-4.172
2.71,-3.895
2.001,-4.103
1.841,-4.242
1.901,-4.141
1.677,-4.079
1.498,-4.228
1.209,-4.253
0.905,-4.04
0.53,-4.202
0.283,-4.005
-0.105,-4.111
-0.496,-4.18
-0.919,0.299
-1.075,0.478
-1.148,0.476
-1.052,0.474
-1.09,0.399
-1.998,0.428
2.488,0.282
2.388,0.258
2.231,0.365
1.548,0.087
0.926,0.381
0.391,0.19
-2.065,-0.466
-2.215,-0.243
-2.215,-2.961
-2.382,-0.101
1.069,-1.23
0.521,-0.447
0.386,-0.443
2.497,-2.755
1.98,-2.724
0.824,-1.222
0.828,-1.117
-0.199,-1.6
-0.186,-0.796
-0.343,-1.633
-0.338,-0.63
-1.399,-2.982
-1.398,-1.975
2.517,-1.823
-1.297,0.181
0.772,-3.73
0.644,0.283
-0.258,0.606
-0.35,0.89
-0.355,2.476
-0.34,2.05
-0.363,3.747
-0.372,2.524
-0.437,3.731
-0.401,0.802
-0.4,2.666
-0.471,2.467
-0.556,1.773
-0.557,3.153
-0.611,1.801
-0.609,0.293
-0.629,3.382
-0.616,1.58
-0.679,1.568
-0.706,2.021
-1.024,-0.44
-1.572,-0.092
-1.601,-0.197
-1.589,-0.111
-1.763,-0.494
3.003,-0.015
2.677,-0.237
2.459,-0.164
2.177,-0.156
1.911,-0.475
1.703,-0.393
1.634,-0.453
1.291,-0.217
1.188,-0.263
1.092,-0.565
0.538,-0.247
0.187,-0.291
0.061,-0.321
-0.142,-0.424
-0.089,-0.194
-0.21,-0.453
-0.636,-0.436
-0.82,3.918
-0.825,4.084
-1.329,4.283
-1.768,4.213
-1.947,4.033
-2.842,4.357
3.139,4.06
-3.135,4.257
3.066,4.333
2.939,4.373
2.789,3.975
2.86,4.038
2.606,4.272
2.534,4.402
2.421,4.297
2.335,3.981
2.048,4.39
1.703,4.171
1.418,4.319
0.783,4.056
0.458,4.128
0.397,4.163
0.042,4.019
-0.328,4.344
-0.317,4.285
-0.58,4.216
-1.467,0.979
-1.962,1.487
-2.604,3.508
2.698,0.58
1.38,2.564
0.672,3.547
2.921,-0.439
-0.9,4.245
-0.685,3.817
-0.838,2.04
-0.925,3.829
-1.052,3.489
-0.972,0.384
-0.96,2.232
-1.202,2.007
-1.219,3.39
-1.272,3.942
-1.402,1.015
-1.512,2.268
-1.426,1.772
-1.43,2.381
-1.478,2.704
-1.546,1.994
-1.573,2.379
-1.632,2.886
-1.726,3.03
-1.922,3.796
-1.946,3.509
-1.866,3.688
-1.93,0.804
-2.137,3.438
-2.285,2.298
-2.37,1.219
-2.414,0.171
-2.287,0.396
-2.504,0.046
-2.512,0.983
-2.525,1.036
-2.418,2.983
-2.457,1.923
-2.561,1.568
-2.636,1.407
-2.628,2.999
-2.637,-0.045
-2.836,1.21
-2.724,1.424
-2.763,0.91
-2.947,3.829
-2.893,1.593
-2.961,3.919
3.075,3.658
2.916,1.968
2.876,1.201
2.73,0.175
2.809,1.413
2.617,2.022
2.699,0.093
2.678,1.235
2.517,1.488
2.589,1.58
2.481,3.496
2.472,0.43
2.459,3.221
2.43,2.039
2.364,1.477
2.375,0.963
2.406,2.118
2.329,2.813
1.936,1.714
1.964,1.684
1.86,1.068
1.926,0.375
1.902,3.293
1.686,3.41
1.781,-0.025
1.645,0.448
1.635,0.268
1.705,2.645
1.707,3.668
1.517,3.524
1.599,3.209
1.426,1.557
1.408,0.285
1.427,1.393
1.4,2.167
1.271,3.881
1.222,3.407
1.341,1.995
1.204,1.193
1.179,0.988
1.098,3.698
0.717,3.973
0.724,0.918
0.417,1.197
0.488,2.479
0.399,2.032
0.182,3.466
0.291,0.91
0.086,1.2
0.066,1.157
-0.385,2.05
-0.313,2.431
-0.491,2.929
-0.502,3.327
-0.455,1.47
-0.663,2.866
-0.5,0.623
-0.742,0.713
-0.744,0.048
-1.222,-0.163
-1.797,-0.312
-1.925,-0.205
-2.432,-0.237
-3.012,-0.378
-3.022,-0.341
2.898,-0.064
2.189,-0.272
2.029,-0.411
2.089,-0.31
1.865,-0.248
1.686,-0.397
1.397,-0.422
1.093,-0.209
0.718,-0.371
0.471,-0.174
0.083,-0.28
-0.308,-0.349
-0.731,4.13
-0.887,4.309
-0.96,4.307
-0.864,4.305
-0.902,4.23
-1.81,4.259
2.676,4.113
2.576,4.089
2.419,4.196
1.736,3.918
1.114,4.212
0.579,4.021
-1.877,3.365
-2.027,3.588
-2.027,0.87
-2.194,3.73
1.257,2.601
0.709,3.384
0.574,3.388
2.685,1.076
2.168,1.107
1.012,2.609
1.016,2.714
-0.011,2.231
0.002,3.035
-0.155,2.198
-0.15,3.201
-1.211,0.849
-1.21,1.856
2.705,2.008
-1.109,4.012
0.96,0.101
0.832,4.114
-0.092,0.284
-0.097,1.87
-0.082,1.444
-0.105,3.141
-0.114,1.918
-0.179,3.125
-0.143,0.196
-0.142,2.06
-0.213,1.861
-0.298,1.167
-0.299,2.547
-0.353,1.195
-0.351,-0.313
-0.371,2.776
-0.358,0.974
-0.421,0.962
-0.448,1.415
-0.766,-1.046
-1.314,-0.698
-1.343,-0.803
-1.331,-0.717
-1.505,-1.1
-3.022,-0.621
2.935,-0.843
2.717,-0.77
2.435,-0.762
2.169,-1.081
1.961,-0.999
1.892,-1.059
1.549,-0.823
1.446,-0.869
1.35,-1.171
0.796,-0.853
0.445,-0.897
0.319,-0.927
0.116,-1.03
0.169,-0.8
0.048,-1.059
-0.378,-1.042
-0.562,3.312
-0.567,3.478
-1.071,3.677
-1.51,3.607
-1.689,3.427
-2.584,3.751
-2.886,3.454
-2.877,3.651
-2.959,3.727
-3.086,3.767
3.047,3.369
3.118,3.432
2.864,3.666
2.792,3.796
2.679,3.691
2.593,3.375
2.306,3.784
1.961,3.565
1.676,3.713
1.041,3.45
0.716,3.522
0.655,3.557
0.3,3.413
-0.07,3.738
-0.059,3.679
-0.322,3.61
-1.209,0.373
-1.704,0.881
-2.346,2.902
2.956,-0.026
1.638,1.958
0.93,2.941
-3.104,-1.045
-0.642,3.639
-0.427,3.211
-0.58,1.434
-0.667,3.223
-0.794,2.883
-0.714,-0.222
-0.702,1.626
-0.944,1.401
-0.961,2.784
-1.014,3.336
-1.144,0.409
-1.254,1.662
-1.168,1.166
-1.172,1.775
-1.22,2.098
-1.288,1.388
-1.315,1.773
-1.374,2.28
-1.468,2.424
-1.664,3.19
-1.688,2.903
-1.608,3.082
-1.672,0.198
-1.879,2.832
-2.027,1.692
-2.112,0.613
-2.156,-0.435
-2.029,-0.21
-2.246,-0.56
-2.254,0.377
-2.267,0.43
-2.16,2.377
-2.199,1.317
-2.303,0.962
-2.378,0.801
-2.37,2.393
-2.379,-0.651
-2.578,0.604
-2.466,0.818
-2.505,0.304
-2.689,3.223
-2.635,0.987
-2.703,3.313
-2.95,3.052
-3.109,1.362
3.134,0.595
2.988,-0.431
3.067,0.807
2.875,1.416
2.957,-0.513
2.936,0.629
2.775,0.882
2.847,0.974
2.739,2.89
2.73,-0.176
2.717,2.615
2.688,1.433
2.622,0.871
2.633,0.357
2.664,1.512
2.587,2.207
2.194,1.108
2.222,1.078
2.118,0.462
2.184,-0.231
2.16,2.687
1.944,2.804
2.039,-0.631
1.903,-0.158
1.893,-0.338
1.963,2.039
1.965,3.062
1.775,2.918
1.857,2.603
1.684,0.951
1.666,-0.321
1.685,0.787
1.658,1.561
1.529,3.275
1.48,2.801
1.599,1.389
1.462,0.587
1.437,0.382
1.356,3.092
0.975,3.367
0.982,0.312
0.675,0.591
0.746,1.873
0.657,1.426
0.44,2.86
0.549,0.304
0.344,0.594
0.324,0.551
-0.127,1.444
-0.055,1.825
-0.233,2.323
-0.244,2.721
-0.197,0.864
-0.405,2.26
-0.242,0.017
-0.484,0.107
-0.486,-0.558
-0.964,-0.769
-1.539,-0.918
-1.667,-0.811
-2.174,-0.843
-2.754,-0.984
-2.764,-0.947
-3.127,-0.67
2.447,-0.878
2.287,-1.017
2.347,-0.916
2.123,-0.854
1.944,-1.003
1.655,-1.028
1.351,-0.815
0.976,-0.977
0.729,-0.78
0.341,-0.886
-0.05,-0.955
-0.473,3.524
-0.629,3.703
-0.702,3.701
-0.606,3.699
-0.644,3.624
-1.552,3.653
2.934,3.507
2.834,3.483
2.677,3.59
1.994,3.312
1.372,3.606
0.837,3.415
-1.619,2.759
-1.769,2.982
-1.769,0.264
-1.936,3.124
1.515,1.995
0.967,2.778
0.832,2.782
2.943,0.47
2.426,0.501
1.27,2.003
1.274,2.108
0.247,1.625
0.26,2.429
0.103,1.592
0.108,2.595
-0.953,0.243
-0.952,1.25
2.963,1.402
-0.851,3.406
1.218,-0.505
1.09,3.508
-0.005,1.586
0.01,1.16
-0.013,2.857
-0.022,1.634
-0.087,2.841
-0.051,-0.088
-0.05,1.776
-0.121,1.577
-0.206,0.883
-0.207,2.263
-0.261,0.911
-0.259,-0.597
-0.279,2.492
-0.266,0.69
-0.329,0.678
-0.356,1.131
-0.674,-1.33
-1.222,-0.982
-1.251,-1.087
-1.239,-1.001
-1.413,-1.384
-2.93,-0.905
3.027,-1.127
2.809,-1.054
2.527,-1.046
2.261,-1.365
2.053,-1.283
1.984,-1.343
1.641,-1.107
1.538,-1.153
1.442,-1.455
0.888,-1.137
0.537,-1.181
0.411,-1.211
0.208,-1.314
0.261,-1.084
0.14,-1.343
-0.286,-1.326
-0.47,3.028
-0.475,3.194
-0.979,3.393
-1.418,3.323
-1.597,3.143
-2.492,3.467
-2.794,3.17
-2.785,3.367
-2.867,3.443
-2.994,3.483
3.139,3.085
-3.073,3.148
2.956,3.382
2.884,3.512
2.771,3.407
2.685,3.091
2.398,3.5
2.053,3.281
1.768,3.429
1.133,3.166
0.808,3.238
0.747,3.273
0.392,3.129
0.022,3.454
0.033,3.395
-0.23,3.326
-1.117,0.089
-1.612,0.597
-2.254,2.618
3.048,-0.31
1.73,1.674
1.022,2.657
-3.012,-1.329
-0.55,3.355
-0.335,2.927
-0.488,1.15
-0.575,2.939
-0.702,2.599
-0.622,-0.506
-0.61,1.342
-0.852,1.117
-0.869,2.5
-0.922,3.052
-1.052,0.125
-1.162,1.378
-1.076,0.882
-1.08,1.491
-1.128,1.814
-1.196,1.104
-1.223,1.489
-1.282,1.996
-1.376,2.14
-1.572,2.906
-1.596,2.619
-1.516,2.798
-1.58,-0.086
-1.787,2.548
-1.935,1.408
-2.02,0.329
-2.064,-0.719
-1.937,-0.494
-2.154,-0.844
-2.162,0.093
-2.175,0.146
-2.068,2.093
-2.107,1.033
-2.211,0.678
-2.286,0.517
-2.278,2.109
-2.287,-0.935
-2.486,0.32
-2.374,0.534
-2.413,0.02
-2.597,2.939
-2.543,0.703
-2.611,3.029
-2.858,2.768
-3.017,1.078
-3.057,0.311
3.08,-0.715
-3.124,0.523
2.967,1.132
3.049,-0.797
3.028,0.345
2.867,0.598
2.939,0.69
2.831,2.606
2.822,-0.46
2.809,2.331
2.78,1.149
2.714,0.587
2.725,0.073
2.756,1.228
2.679,1.923
2.286,0.824
2.314,0.794
2.21,0.178
2.276,-0.515
2.252,2.403
2.036,2.52
2.131,-0.915
1.995,-0.442
1.985,-0.622
2.055,1.755
2.057,2.778
1.867,2.634
1.949,2.319
1.776,0.667
1.758,-0.605
1.777,0.503
1.75,1.277
1.621,2.991
1.572,2.517
1.691,1.105
1.554,0.303
1.529,0.098
1.448,2.808
1.067,3.083
1.074,0.028
0.767,0.307
0.838,1.589
0.749,1.142
0.532,2.576
0.641,0.02
0.436,0.31
0.416,0.267
-0.035,1.16
0.037,1.541
-0.141,2.039
-0.152,2.437
-0.105,0.58
-0.313,1.976
-0.15,-0.267
-0.392,-0.177
-0.394,-0.842
-0.872,-1.053
-1.447,-1.202
-1.575,-1.095
-2.082,-1.127
-2.662,-1.268
-2.672,-1.231
-3.035,-0.954
2.539,-1.162
2.379,-1.301
2.439,-1.2
2.215,-1.138
2.036,-1.287
1.747,-1.312
1.443,-1.099
1.068,-1.261
0.821,-1.064
0.433,-1.17
0.042,-1.239
-0.381,3.24
-0.537,3.419
-0.61,3.417
-0.514,3.415
-0.552,3.34
-1.46,3.369
3.026,3.223
2.926,3.199
2.769,3.306
2.086,3.028
1.464,3.322
0.929,3.131
-1.527,2.475
-1.677,2.698
-1.677,-0.02
-1.844,2.84
1.607,1.711
1.059,2.494
0.924,2.498
3.035,0.186
2.518,0.217
1.362,1.719
1.366,1.824
0.339,1.341
0.352,2.145
0.195,1.308
0.2,2.311
-0.861,-0.041
-0.86,0.966
3.055,1.118
-0.759,3.122
1.31,-0.789
1.182,3.224
0.015,-0.426
-0.008,1.271
-0.017,0.048
-0.082,1.255
-0.046,-1.674
-0.045,0.19
-0.116,-0.009
-0.201,-0.703
-0.202,0.677
-0.256,-0.675
-0.254,-2.183
-0.274,0.906
-0.261,-0.896
-0.324,-0.908
-0.351,-0.455
-0.669,-2.916
-1.217,-2.568
-1.246,-2.673
-1.234,-2.587
-1.408,-2.97
-2.925,-2.491
3.032,-2.713
2.814,-2.64
2.532,-2.632
2.266,-2.951
2.058,-2.869
1.989,-2.929
1.646,-2.693
1.543,-2.739
1.447,-3.041
0.893,-2.723
0.542,-2.767
0.416,-2.797
0.213,-2.9
0.266,-2.67
0.145,-2.929
-0.281,-2.912
-0.465,1.442
-0.47,1.608
-0.974,1.807
-1.413,1.737
-1.592,1.557
-2.487,1.881
-2.789,1.584
-2.78,1.781
-2.862,1.857
-2.989,1.897
-3.139,1.499
-3.068,1.562
2.961,1.796
2.889,1.926
2.776,1.821
2.69,1.505
2.403,1.914
2.058,1.695
1.773,1.843
1.138,1.58
0.813,1.652
0.752,1.687
0.397,1.543
0.027,1.868
0.038,1.809
-0.225,1.74
-1.112,-1.497
-1.607,-0.989
-2.249,1.032
3.053,-1.896
1.735,0.088
1.027,1.071
-3.007,-2.915
-0.545,1.769
-0.33,1.341
-0.483,-0.436
-0.57,1.353
-0.697,1.013
-0.617,-2.092
-0.605,-0.244
-0.847,-0.469
-0.864,0.914
-0.917,1.466
-1.047,-1.461
-1.157,-0.208
-1.071,-0.704
-1.075,-0.095
-1.123,0.228
-1.191,-0.482
-1.218,-0.097
-1.277,0.41
-1.371,0.554
-1.567,1.32
-1.591,1.033
-1.511,1.212
-1.575,-1.672
-1.782,0.962
-1.93,-0.178
-2.015,-1.257
-2.059,-2.305
-1.932,-2.08
-2.149,-2.43
-2.157,-1.493
-2.17,-1.44
-2.063,0.507
-2.102,-0.553
-2.206,-0.908
-2.281,-1.069
-2.273,0.523
-2.282,-2.521
-2.481,-1.266
-2.369,-1.052
-2.408,-1.566
-2.592,1.353
-2.538,-0.883
-2.606,1.443
-2.853,1.182
-3.012,-0.508
-3.052,-1.275
3.085,-2.301
-3.119,-1.063
2.972,-0.454
3.054,-2.383
3.033,-1.241
2.872,-0.988
2.944,-0.896
2.836,1.02
2.827,-2.046
2.814,0.745
2.785,-0.437
2.719,-0.999
2.73,-1.513
2.761,-0.358
2.684,0.337
2.291,-0.762
2.319,-0.792
2.215,-1.408
2.281,-2.101
2.257,0.817
2.041,0.934
2.136,-2.501
2.0,-2.028
1.99,-2.208
2.06,0.169
2.062,1.192
1.872,1.048
1.954,0.733
1.781,-0.919
1.763,-2.191
1.782,-1.083
1.755,-0.309
1.626,1.405
1.577,0.931
1.696,-0.481
1.559,-1.283
1.534,-1.488
1.453,1.222
1.072,1.497
1.079,-1.558
0.772,-1.279
0.843,0.003
0.754,-0.444
0.537,0.99
0.646,-1.566
0.441,-1.276
0.421,-1.319
-0.03,-0.426
0.042,-0.045
-0.136,0.453
-0.147,0.851
-0.1,-1.006
-0.308,0.39
-0.145,-1.853
-0.387,-1.763
-0.389,-2.428
-0.867,-2.639
-1.442,-2.788
-1.57,-2.681
-2.077,-2.713
-2.657,-2.854
-2.667,-2.817
-3.03,-2.54
2.544,-2.748
2.384,-2.887
2.444,-2.786
2.22,-2.724
2.041,-2.873
1.752,-2.898
1.448,-2.685
1.073,-2.847
0.826,-2.65
0.438,-2.756
0.047,-2.825
-0.376,1.654
-0.532,1.833
-0.605,1.831
-0.509,1.829
-0.547,1.754
-1.455,1.783
3.031,1.637
2.931,1.613
2.774,1.72
2.091,1.442
1.469,1.736
0.934,1.545
-1.522,0.889
-1.672,1.112
-1.672,-1.606
-1.839,1.254
1.612,0.125
1.064,0.908
0.929,0.912
3.04,-1.4
2.523,-1.369
1.367,0.133
1.371,0.238
0.344,-0.245
0.357,0.559
0.2,-0.278
0.205,0.725
-0.856,-1.627
-0.855,-0.62
3.06,-0.468
-0.754,1.536
1.315,-2.375
1.187,1.638
-0.023,1.697
-0.032,0.474
-0.097,1.681
-0.061,-1.248
-0.06,0.616
-0.131,0.417
-0.216,-0.277
-0.217,1.103
-0.271,-0.249
-0.269,-1.757
-0.289,1.332
-0.276,-0.47
-0.339,-0.482
-0.366,-0.029
-0.684,-2.49
-1.232,-2.142
-1.261,-2.247
-1.249,-2.161
-1.423,-2.544
-2.94,-2.065
3.017,-2.287
2.799,-2.214
2.517,-2.206
2.251,-2.525
2.043,-2.443
1.974,-2.503
1.631,-2.267
1.528,-2.313
1.432,-2.615
0.878,-2.297
0.527,-2.341
0.401,-2.371
0.198,-2.474
0.251,-2.244
0.13,-2.503
-0.296,-2.486
-0.48,1.868
-0.485,2.034
-0.989,2.233
-1.428,2.163
-1.607,1.983
-2.502,2.307
-2.804,2.01
-2.795,2.207
-2.877,2.283
-3.004,2.323
3.129,1.925
-3.083,1.988
2.946,2.222
2.874,2.352
2.761,2.247
2.675,1.931
2.388,2.34
2.043,2.121
1.758,2.269
1.123,2.006
0.798,2.078
0.737,2.113
0.382,1.969
0.012,2.294
0.023,2.235
-0.24,2.166
-1.127,-1.071
-1.622,-0.563
-2.264,1.458
3.038,-1.47
1.72,0.514
1.012,1.497
-3.022,-2.489
-0.56,2.195
-0.345,1.767
-0.498,-0.01
-0.585,1.779
-0.712,1.439
-0.632,-1.666
-0.62,0.182
-0.862,-0.043
-0.879,1.34
-0.932,1.892
-1.062,-1.035
-1.172,0.218
-1.086,-0.278
-1.09,0.331
-1.138,0.654
-1.206,-0.056
-1.233,0.329
-1.292,0.836
-1.386,0.98
-1.582,1.746
-1.606,1.459
-1.526,1.638
-1.59,-1.246
-1.797,1.388
-1.945,0.248
-2.03,-0.831
-2.074,-1.879
-1.947,-1.654
-2.164,-2.004
-2.172,-1.067
-2.185,-1.014
-2.078,0.933
-2.117,-0.127
-2.221,-0.482
-2.296,-0.643
-2.288,0.949
-2.297,-2.095
-2.496,-0.84
-2.384,-0.626
-2.423,-1.14
-2.607,1.779
-2.553,-0.457
-2.621,1.869
-2.868,1.608
-3.027,-0.082
-3.067,-0.849
3.07,-1.875
-3.134,-0.637
2.957,-0.028
3.039,-1.957
3.018,-0.815
2.857,-0.562
2.929,-0.47
2.821,1.446
2.812,-1.62
2.799,1.171
2.77,-0.011
2.704,-0.573
2.715,-1.087
2.746,0.068
2.669,0.763
2.276,-0.336
2.304,-0.366
2.2,-0.982
2.266,-1.675
2.242,1.243
2.026,1.36
2.121,-2.075
1.985,-1.602
1.975,-1.782
2.045,0.595
2.047,1.618
1.857,1.474
1.939,1.159
1.766,-0.493
1.748,-1.765
1.767,-0.657
1.74,0.117
1.611,1.831
1.562,1.357
1.681,-0.055
1.544,-0.857
1.519,-1.062
1.438,1.648
1.057,1.923
1.064,-1.132
0.757,-0.853
0.828,0.429
0.739,-0.018
0.522,1.416
0.631,-1.14
0.426,-0.85
0.406,-0.893
-0.045,0.0
0.027,0.381
-0.151,0.879
-0.162,1.277
-0.115,-0.58
-0.323,0.816
-0.16,-1.427
-0.402,-1.337
-0.404,-2.002
-0.882,-2.213
-1.457,-2.362
-1.585,-2.255
-2.092,-2.287
-2.672,-2.428
-2.682,-2.391
-3.045,-2.114
2.529,-2.322
2.369,-2.461
2.429,-2.36
2.205,-2.298
2.026,-2.447
1.737,-2.472
1.433,-2.259
1.058,-2.421
0.811,-2.224
0.423,-2.33
0.032,-2.399
-0.391,2.08
-0.547,2.259
-0.62,2.257
-0.524,2.255
-0.562,2.18
-1.47,2.209
3.016,2.063
2.916,2.039
2.759,2.146
2.076,1.868
1.454,2.162
0.919,1.971
-1.537,1.315
-1.687,1.538
-1.687,-1.18
-1.854,1.68
1.597,0.551
1.049,1.334
0.914,1.338
3.025,-0.974
2.508,-0.943
1.352,0.559
1.356,0.664
0.329,0.181
0.342,0.985
0.185,0.148
0.19,1.151
-0.871,-1.201
-0.87,-0.194
3.045,-0.042
-0.769,1.962
1.3,-1.949
1.172,2.064
-0.009,-1.223
-0.074,-0.016
-0.038,-2.945
-0.037,-1.081
-0.108,-1.28
-0.193,-1.974
-0.194,-0.594
-0.248,-1.946
-0.246,-3.454
-0.266,-0.365
-0.253,-2.167
-0.316,-2.179
-0.343,-1.726
-0.661,-4.187
-1.209,-3.839
-1.238,-3.944
-1.226,-3.858
-1.4,-4.241
-2.917,-3.762
3.04,-3.984
2.822,-3.911
2.54,-3.903
2.274,-4.222
2.066,-4.14
1.997,-4.2
1.654,-3.964
1.551,-4.01
1.455,-4.312
0.901,-3.994
0.55,-4.038
0.424,-4.068
0.221,-4.171
0.274,-3.941
0.153,-4.2
-0.273,-4.183
-0.457,0.171
-0.462,0.337
-0.966,0.536
-1.405,0.466
-1.584,0.286
-2.479,0.61
-2.781,0.313
-2.772,0.51
-2.854,0.586
-2.981,0.626
-3.131,0.228
-3.06,0.291
2.969,0.525
2.897,0.655
2.784,0.55
2.698,0.234
2.411,0.643
2.066,0.424
1.781,0.572
1.146,0.309
0.821,0.381
0.76,0.416
0.405,0.272
0.035,0.597
0.046,0.538
-0.217,0.469
-1.104,-2.768
-1.599,-2.26
-2.241,-0.239
3.061,-3.167
1.743,-1.183
1.035,-0.2
-2.999,-4.186
-0.537,0.498
-0.322,0.07
-0.475,-1.707
-0.562,0.082
-0.689,-0.258
-0.609,-3.363
-0.597,-1.515
-0.839,-1.74
-0.856,-0.357
-0.909,0.195
-1.039,-2.732
-1.149,-1.479
-1.063,-1.975
-1.067,-1.366
-1.115,-1.043
-1.183,-1.753
-1.21,-1.368
-1.269,-0.861
-1.363,-0.717
-1.559,0.049
-1.583,-0.238
-1.503,-0.059
-1.567,-2.943
-1.774,-0.309
-1.922,-1.449
-2.007,-2.528
-2.051,-3.576
-1.924,-3.351
-2.141,-3.701
-2.149,-2.764
-2.162,-2.711
-2.055,-0.764
-2.094,-1.824
-2.198,-2.179
-2.273,-2.34
-2.265,-0.748
-2.274,-3.792
-2.473,-2.537
-2.361,-2.323
-2.4,-2.837
-2.584,0.082
-2.53,-2.154
-2.598,0.172
-2.845,-0.089
-3.004,-1.779
-3.044,-2.546
3.093,-3.572
-3.111,-2.334
2.98,-1.725
3.062,-3.654
3.041,-2.512
2.88,-2.259
2.952,-2.167
2.844,-0.251
2.835,-3.317
2.822,-0.526
2.793,-1.708
2.727,-2.27
2.738,-2.784
2.769,-1.629
2.692,-0.934
2.299,-2.033
2.327,-2.063
2.223,-2.679
2.289,-3.372
2.265,-0.454
2.049,-0.337
2.144,-3.772
2.008,-3.299
1.998,-3.479
2.068,-1.102
2.07,-0.079
1.88,-0.223
1.962,-0.538
1.789,-2.19
1.771,-3.462
1.79,-2.354
1.763,-1.58
1.634,0.134
1.585,-0.34
1.704,-1.752
1.567,-2.554
1.542,-2.759
1.461,-0.049
1.08,0.226
1.087,-2.829
0.78,-2.55
0.851,-1.268
0.762,-1.715
0.545,-0.281
0.654,-2.837
0.449,-2.547
0.429,-2.59
-0.022,-1.697
0.05,-1.316
-0.128,-0.818
-0.139,-0.42
-0.092,-2.277
-0.3,-0.881
-0.137,-3.124
-0.379,-3.034
-0.381,-3.699
-0.859,-3.91
-1.434,-4.059
-1.562,-3.952
-2.069,-3.984
-2.649,-4.125
-2.659,-4.088
-3.022,-3.811
2.552,-4.019
2.392,-4.158
2.452,-4.057
2.228,-3.995
2.049,-4.144
1.76,-4.169
1.456,-3.956
1.081,-4.118
0.834,-3.921
0.446,-4.027
0.055,-4.096
-0.368,0.383
-0.524,0.562
-0.597,0.56
-0.501,0.558
-0.539,0.483
-1.447,0.512
3.039,0.366
2.939,0.342
2.782,0.449
2.099,0.171
1.477,0.465
0.942,0.274
-1.514,-0.382
-1.664,-0.159
-1.664,-2.877
-1.831,-0.017
1.62,-1.146
1.072,-0.363
0.937,-0.359
3.048,-2.671
2.531,-2.64
1.375,-1.138
1.379,-1.033
0.352,-1.516
0.365,-0.712
0.208,-1.549
0.213,-0.546
-0.848,-2.898
-0.847,-1.891
3.068,-1.739
-0.746,0.265
1.323,-3.646
1.195,0.367
-0.065,1.207
-0.029,-1.722
-0.028,0.142
-0.099,-0.057
-0.184,-0.751
-0.185,0.629
-0.239,-0.723
-0.237,-2.231
-0.257,0.858
-0.244,-0.944
-0.307,-0.956
-0.334,-0.503
-0.652,-2.964
-1.2,-2.616
-1.229,-2.721
-1.217,-2.635
-1.391,-3.018
-2.908,-2.539
3.049,-2.761
2.831,-2.688
2.549,-2.68
2.283,-2.999
2.075,-2.917
2.006,-2.977
1.663,-2.741
1.56,-2.787
1.464,-3.089
0.91,-2.771
0.559,-2.815
0.433,-2.845
0.23,-2.948
0.283,-2.718
0.162,-2.977
-0.264,-2.96
-0.448,1.394
-0.453,1.56
-0.957,1.759
-1.396,1.689
-1.575,1.509
-2.47,1.833
-2.772,1.536
-2.763,1.733
-2.845,1.809
-2.972,1.849
-3.122,1.451
-3.051,1.514
2.978,1.748
2.906,1.878
2.793,1.773
2.707,1.457
2.42,1.866
2.075,1.647
1.79,1.795
1.155,1.532
0.83,1.604
0.769,1.639
0.414,1.495
0.044,1.82
0.055,1.761
-0.208,1.692
-1.095,-1.545
-1.59,-1.037
-2.232,0.984
3.07,-1.944
1.752,0.04
1.044,1.023
-2.99,-2.963
-0.528,1.721
-0.313,1.293
-0.466,-0.484
-0.553,1.305
-0.68,0.965
-0.6,-2.14
-0.588,-0.292
-0.83,-0.517
-0.847,0.866
-0.9,1.418
-1.03,-1.509
-1.14,-0.256
-1.054,-0.752
-1.058,-0.143
-1.106,0.18
-1.174,-0.53
-1.201,-0.145
-1.26,0.362
-1.354,0.506
-1.55,1.272
-1.574,0.985
-1.494,1.164
-1.558,-1.72
-1.765,0.914
-1.913,-0.226
-1.998,-1.305
-2.042,-2.353
-1.915,-2.128
-2.132,-2.478
-2.14,-1.541
-2.153,-1.488
-2.046,0.459
-2.085,-0.601
-2.189,-0.956
-2.264,-1.117
-2.256,0.475
-2.265,-2.569
-2.464,-1.314
-2.352,-1.1
-2.391,-1.614
-2.575,1.305
-2.521,-0.931
-2.589,1.395
-2.836,1.134
-2.995,-0.556
-3.035,-1.323
3.102,-2.349
-3.102,-1.111
2.989,-0.502
3.071,-2.431
3.05,-1.289
2.889,-1.036
2.961,-0.944
2.853,0.972
2.844,-2.094
2.831,0.697
2.802,-0.485
2.736,-1.047
2.747,-1.561
2.778,-0.406
2.701,0.289
2.308,-0.81
2.336,-0.84
2.232,-1.456
2.298,-2.149
2.274,0.769
2.058,0.886
2.153,-2.549
2.017,-2.076
2.007,-2.256
2.077,0.121
2.079,1.144
1.889,1.0
1.971,0.685
1.798,-0.967
1.78,-2.239
1.799,-1.131
1.772,-0.357
1.643,1.357
1.594,0.883
1.713,-0.529
1.576,-1.331
1.551,-1.536
1.47,1.174
1.089,1.449
1.096,-1.606
0.789,-1.327
0.86,-0.045
0.771,-0.492
0.554,0.942
0.663,-1.614
0.458,-1.324
0.438,-1.367
-0.013,-0.474
0.059,-0.093
-0.119,0.405
-0.13,0.803
-0.083,-1.054
-0.291,0.342
-0.128,-1.901
-0.37,-1.811
-0.372,-2.476
-0.85,-2.687
-1.425,-2.836
-1.553,-2.729
-2.06,-2.761
-2.64,-2.902
-2.65,-2.865
-3.013,-2.588
2.561,-2.796
2.401,-2.935
2.461,-2.834
2.237,-2.772
2.058,-2.921
1.769,-2.946
1.465,-2.733
1.09,-2.895
0.843,-2.698
0.455,-2.804
0.064,-2.873
-0.359,1.606
-0.515,1.785
-0.588,1.783
-0.492,1.781
-0.53,1.706
-1.438,1.735
3.048,1.589
2.948,1.565
2.791,1.672
2.108,1.394
1.486,1.688
0.951,1.497
-1.505,0.841
-1.655,1.064
-1.655,-1.654
-1.822,1.206
1.629,0.077
1.081,0.86
0.946,0.864
3.057,-1.448
2.54,-1.417
1.384,0.085
1.388,0.19
0.361,-0.293
0.374,0.511
0.217,-0.326
0.222,0.677
-0.839,-1.675
-0.838,-0.668
3.077,-0.516
-0.737,1.488
1.332,-2.423
1.204,1.59
0.036,-2.929
0.037,-1.065
-0.034,-1.264
-0.119,-1.958
-0.12,-0.578
-0.174,-1.93
-0.172,-3.438
-0.192,-0.349
-0.179,-2.151
-0.242,-2.163
-0.269,-1.71
-0.587,-4.171
-1.135,-3.823
-1.164,-3.928
-1.152,-3.842
-1.326,-4.225
-2.843,-3.746
3.114,-3.968
2.896,-3.895
2.614,-3.887
2.348,-4.206
2.14,-4.124
2.071,-4.184
1.728,-3.948
1.625,-3.994
1.529,-4.296
0.975,-3.978
0.624,-4.022
0.498,-4.052
0.295,-4.155
0.348,-3.925
0.227,-4.184
-0.199,-4.167
-0.383,0.187
-0.388,0.353
-0.892,0.552
-1.331,0.482
-1.51,0.302
-2.405,0.626
-2.707,0.329
-2.698,0.526
-2.78,0.602
-2.907,0.642
-3.057,0.244
-2.986,0.307
3.043,0.541
2.971,0.671
2.858,0.566
2.772,0.25
2.485,0.659
2.14,0.44
1.855,0.588
1.22,0.325
0.895,0.397
0.834,0.432
0.479,0.288
0.109,0.613
0.12,0.554
-0.143,0.485
-1.03,-2.752
-1.525,-2.244
-2.167,-0.223
3.135,-3.151
1.817,-1.167
1.109,-0.184
-2.925,-4.17
-0.463,0.514
-0.248,0.086
-0.401,-1.691
-0.488,0.098
-0.615,-0.242
-0.535,-3.347
-0.523,-1.499
-0.765,-1.724
-0.782,-0.341
-0.835,0.211
-0.965,-2.716
-1.075,-1.463
-0.989,-1.959
-0.993,-1.35
-1.041,-1.027
-1.109,-1.737
-1.136,-1.352
-1.195,-0.845
-1.289,-0.701
-1.485,0.065
-1.509,-0.222
-1.429,-0.043
-1.493,-2.927
-1.7,-0.293
-1.848,-1.433
-1.933,-2.512
-1.977,-3.56
-1.85,-3.335
-2.067,-3.685
-2.075,-2.748
-2.088,-2.695
-1.981,-0.748
-2.02,-1.808
-2.124,-2.163
-2.199,-2.324
-2.191,-0.732
-2.2,-3.776
-2.399,-2.521
-2.287,-2.307
-2.326,-2.821
-2.51,0.098
-2.456,-2.138
-2.524,0.188
-2.771,-0.073
-2.93,-1.763
-2.97,-2.53
-3.116,-3.556
-3.037,-2.318
3.054,-1.709
3.136,-3.638
3.115,-2.496
2.954,-2.243
3.026,-2.151
2.918,-0.235
2.909,-3.301
2.896,-0.51
2.867,-1.692
2.801,-2.254
2.812,-2.768
2.843,-1.613
2.766,-0.918
2.373,-2.017
2.401,-2.047
2.297,-2.663
2.363,-3.356
2.339,-0.438
2.123,-0.321
2.218,-3.756
2.082,-3.283
2.072,-3.463
2.142,-1.086
2.144,-0.063
1.954,-0.207
2.036,-0.522
1.863,-2.174
1.845,-3.446
1.864,-2.338
1.837,-1.564
1.708,0.15
1.659,-0.324
1.778,-1.736
1.641,-2.538
1.616,-2.743
1.535,-0.033
1.154,0.242
1.161,-2.813
0.854,-2.534
0.925,-1.252
0.836,-1.699
0.619,-0.265
0.728,-2.821
0.523,-2.531
0.503,-2.574
0.052,-1.681
0.124,-1.3
-0.054,-0.802
-0.065,-0.404
-0.018,-2.261
-0.226,-0.865
-0.063,-3.108
-0.305,-3.018
-0.307,-3.683
-0.785,-3.894
-1.36,-4.043
-1.488,-3.936
-1.995,-3.968
-2.575,-4.109
-2.585,-4.072
-2.948,-3.795
2.626,-4.003
2.466,-4.142
2.526,-4.041
2.302,-3.979
2.123,-4.128
1.834,-4.153
1.53,-3.94
1.155,-4.102
0.908,-3.905
0.52,-4.011
0.129,-4.08
-0.294,0.399
-0.45,0.578
-0.523,0.576
-0.427,0.574
-0.465,0.499
-1.373,0.528
3.113,0.382
3.013,0.358
2.856,0.465
2.173,0.187
1.551,0.481
1.016,0.29
-1.44,-0.366
-1.59,-0.143
-1.59,-2.861
-1.757,-0.001
1.694,-1.13
1.146,-0.347
1.011,-0.343
3.122,-2.655
2.605,-2.624
1.449,-1.122
1.453,-1.017
0.426,-1.5
0.439,-0.696
0.282,-1.533
0.287,-0.53
-0.774,-2.882
-0.773,-1.875
-3.141,-1.723
-0.672,0.281
1.397,-3.63
1.269,0.383
0.001,1.864
-0.07,1.665
-0.155,0.971
-0.156,2.351
-0.21,0.999
-0.208,-0.509
-0.228,2.58
-0.215,0.778
-0.278,0.766
-0.305,1.219
-0.623,-1.242
-1.171,-0.894
-1.2,-0.999
-1.188,-0.913
-1.362,-1.296
-2.879,-0.817
3.078,-1.039
2.86,-0.966
2.578,-0.958
2.312,-1.277
2.104,-1.195
2.035,-1.255
1.692,-1.019
1.589,-1.065
1.493,-1.367
0.939,-1.049
0.588,-1.093
0.462,-1.123
0.259,-1.226
0.312,-0.996
0.191,-1.255
-0.235,-1.238
-0.419,3.116
-0.424,3.282
-0.928,3.481
-1.367,3.411
-1.546,3.231
-2.441,3.555
-2.743,3.258
-2.734,3.455
-2.816,3.531
-2.943,3.571
-3.093,3.173
-3.022,3.236
3.007,3.47
2.935,3.6
2.822,3.495
2.736,3.179
2.449,3.588
2.104,3.369
1.819,3.517
1.184,3.254
0.859,3.326
0.798,3.361
0.443,3.217
0.073,3.542
0.084,3.483
-0.179,3.414
-1.066,0.177
-1.561,0.685
-2.203,2.706
3.099,-0.222
1.781,1.762
1.073,2.745
-2.961,-1.241
-0.499,3.443
-0.284,3.015
-0.437,1.238
-0.524,3.027
-0.651,2.687
-0.571,-0.418
-0.559,1.43
-0.801,1.205
-0.818,2.588
-0.871,3.14
-1.001,0.213
-1.111,1.466
-1.025,0.97
-1.029,1.579
-1.077,1.902
-1.145,1.192
-1.172,1.577
-1.231,2.084
-1.325,2.228
-1.521,2.994
-1.545,2.707
-1.465,2.886
-1.529,0.002
-1.736,2.636
-1.884,1.496
-1.969,0.417
-2.013,-0.631
-1.886,-0.406
-2.103,-0.756
-2.111,0.181
-2.124,0.234
-2.017,2.181
-2.056,1.121
-2.16,0.766
-2.235,0.605
-2.227,2.197
-2.236,-0.847
-2.435,0.408
-2.323,0.622
-2.362,0.108
-2.546,3.027
-2.492,0.791
-2.56,3.117
-2.807,2.856
-2.966,1.166
-3.006,0.399
3.131,-0.627
-3.073,0.611
3.018,1.22
3.1,-0.709
3.079,0.433
2.918,0.686
2.99,0.778
2.882,2.694
2.873,-0.372
2.86,2.419
2.831,1.237
2.765,0.675
2.776,0.161
2.807,1.316
2.73,2.011
2.337,0.912
2.365,0.882
2.261,0.266
2.327,-0.427
2.303,2.491
2.087,2.608
2.182,-0.827
2.046,-0.354
2.036,-0.534
2.106,1.843
2.108,2.866
1.918,2.722
2.0,2.407
1.827,0.755
1.809,-0.517
1.828,0.591
1.801,1.365
1.672,3.079
1.623,2.605
1.742,1.193
1.605,0.391
1.58,0.186
1.499,2.896
1.118,3.171
1.125,0.116
0.818,0.395
0.889,1.677
0.8,1.23
0.583,2.664
0.692,0.108
0.487,0.398
0.467,0.355
0.016,1.248
0.088,1.629
-0.09,2.127
-0.101,2.525
-0.054,0.668
-0.262,2.064
-0.099,-0.179
-0.341,-0.089
-0.343,-0.754
-0.821,-0.965
-1.396,-1.114
-1.524,-1.007
-2.031,-1.039
-2.611,-1.18
-2.621,-1.143
-2.984,-0.866
2.59,-1.074
2.43,-1.213
2.49,-1.112
2.266,-1.05
2.087,-1.199
1.798,-1.224
1.494,-1.011
1.119,-1.173
0.872,-0.976
0.484,-1.082
0.093,-1.151
-0.33,3.328
-0.486,3.507
-0.559,3.505
-0.463,3.503
-0.501,3.428
-1.409,3.457
3.077,3.311
2.977,3.287
2.82,3.394
2.137,3.116
1.515,3.41
0.98,3.219
-1.476,2.563
-1.626,2.786
-1.626,0.068
-1.793,2.928
1.658,1.799
1.11,2.582
0.975,2.586
3.086,0.274
2.569,0.305
1.413,1.807
1.417,1.912
0.39,1.429
0.403,2.233
0.246,1.396
0.251,2.399
-0.81,0.047
-0.809,1.054
3.106,1.206
-0.708,3.21
1.361,-0.701
1.233,3.312
-0.071,-0.199
-0.156,-0.893
-0.157,0.487
-0.211,-0.865
-0.209,-2.373
-0.229,0.716
-0.216,-1.086
-0.279,-1.098
-0.306,-0.645
-0.624,-3.106
-1.172,-2.758
-1.201,-2.863
-1.189,-2.777
-1.363,-3.16
-2.88,-2.681
3.077,-2.903
2.859,-2.83
2.577,-2.822
2.311,-3.141
2.103,-3.059
2.034,-3.119
1.691,-2.883
1.588,-2.929
1.492,-3.231
0.938,-2.913
0.587,-2.957
0.461,-2.987
0.258,-3.09
0.311,-2.86
0.19,-3.119
-0.236,-3.102
-0.42,1.252
-0.425,1.418
-0.929,1.617
-1.368,1.547
-1.547,1.367
-2.442,1.691
-2.744,1.394
-2.735,1.591
-2.817,1.667
-2.944,1.707
-3.094,1.309
-3.023,1.372
3.006,1.606
2.934,1.736
2.821,1.631
2.735,1.315
2.448,1.724
2.103,1.505
1.818,1.653
1.183,1.39
0.858,1.462
0.797,1.497
0.442,1.353
0.072,1.678
0.083,1.619
-0.18,1.55
-1.067,-1.687
-1.562,-1.179
-2.204,0.842
3.098,-2.086
1.78,-0.102
1.072,0.881
-2.962,-3.105
-0.5,1.579
-0.285,1.151
-0.438,-0.626
-0.525,1.163
-0.652,0.823
-0.572,-2.282
-0.56,-0.434
-0.802,-0.659
-0.819,0.724
-0.872,1.276
-1.002,-1.651
-1.112,-0.398
-1.026,-0.894
-1.03,-0.285
-1.078,0.038
-1.146,-0.672
-1.173,-0.287
-1.232,0.22
-1.326,0.364
-1.522,1.13
-1.546,0.843
-1.466,1.022
-1.53,-1.862
-1.737,0.772
-1.885,-0.368
-1.97,-1.447
-2.014,-2.495
-1.887,-2.27
-2.104,-2.62
-2.112,-1.683
-2.125,-1.63
-2.018,0.317
-2.057,-0.743
-2.161,-1.098
-2.236,-1.259
-2.228,0.333
-2.237,-2.711
-2.436,-1.456
-2.324,-1.242
-2.363,-1.756
-2.547,1.163
-2.493,-1.073
-2.561,1.253
-2.808,0.992
-2.967,-0.698
-3.007,-1.465
3.13,-2.491
-3.074,-1.253
3.017,-0.644
3.099,-2.573
3.078,-1.431
2.917,-1.178
2.989,-1.086
2.881,0.83
2.872,-2.236
2.859,0.555
2.83,-0.627
2.764,-1.189
2.775,-1.703
2.806,-0.548
2.729,0.147
2.336,-0.952
2.364,-0.982
2.26,-1.598
2.326,-2.291
2.302,0.627
2.086,0.744
2.181,-2.691
2.045,-2.218
2.035,-2.398
2.105,-0.021
2.107,1.002
1.917,0.858
1.999,0.543
1.826,-1.109
1.808,-2.381
1.827,-1.273
1.8,-0.499
1.671,1.215
1.622,0.741
1.741,-0.671
1.604,-1.473
1.579,-1.678
1.498,1.032
1.117,1.307
1.124,-1.748
0.817,-1.469
0.888,-0.187
0.799,-0.634
0.582,0.8
0.691,-1.756
0.486,-1.466
0.466,-1.509
0.015,-0.616
0.087,-0.235
-0.091,0.263
-0.102,0.661
-0.055,-1.196
-0.263,0.2
-0.1,-2.043
-0.342,-1.953
-0.344,-2.618
-0.822,-2.829
-1.397,-2.978
-1.525,-2.871
-2.032,-2.903
-2.612,-3.044
-2.622,-3.007
-2.985,-2.73
2.589,-2.938
2.429,-3.077
2.489,-2.976
2.265,-2.914
2.086,-3.063
1.797,-3.088
1.493,-2.875
1.118,-3.037
0.871,-2.84
0.483,-2.946
0.092,-3.015
-0.331,1.464
-0.487,1.643
-0.56,1.641
-0.464,1.639
-0.502,1.564
-1.41,1.593
3.076,1.447
2.976,1.423
2.819,1.53
2.136,1.252
1.514,1.546
0.979,1.355
-1.477,0.699
-1.627,0.922
-1.627,-1.796
-1.794,1.064
1.657,-0.065
1.109,0.718
0.974,0.722
3.085,-1.59
2.568,-1.559
1.412,-0.057
1.416,0.048
0.389,-0.435
0.402,0.369
0.245,-0.468
0.25,0.535
-0.811,-1.817
-0.81,-0.81
3.105,-0.658
-0.709,1.346
1.36,-2.565
1.232,1.448
-0.085,-0.694
-0.086,0.686
-0.14,-0.666
-0.138,-2.174
-0.158,0.915
-0.145,-0.887
-0.208,-0.899
-0.235,-0.446
-0.553,-2.907
-1.101,-2.559
-1.13,-2.664
-1.118,-2.578
-1.292,-2.961
-2.809,-2.482
-3.135,-2.704
2.93,-2.631
2.648,-2.623
2.382,-2.942
2.174,-2.86
2.105,-2.92
1.762,-2.684
1.659,-2.73
1.563,-3.032
1.009,-2.714
0.658,-2.758
0.532,-2.788
0.329,-2.891
0.382,-2.661
0.261,-2.92
-0.165,-2.903
-0.349,1.451
-0.354,1.617
-0.858,1.816
-1.297,1.746
-1.476,1.566
-2.371,1.89
-2.673,1.593
-2.664,1.79
-2.746,1.866
-2.873,1.906
-3.023,1.508
-2.952,1.571
3.077,1.805
3.005,1.935
2.892,1.83
2.806,1.514
2.519,1.923
2.174,1.704
1.889,1.852
1.254,1.589
0.929,1.661
0.868,1.696
0.513,1.552
0.143,1.877
0.154,1.818
-0.109,1.749
-0.996,-1.488
-1.491,-0.98
-2.133,1.041
-3.114,-1.887
1.851,0.097
1.143,1.08
-2.891,-2.906
-0.429,1.778
-0.214,1.35
-0.367,-0.427
-0.454,1.362
-0.581,1.022
-0.501,-2.083
-0.489,-0.235
-0.731,-0.46
-0.748,0.923
-0.801,1.475
-0.931,-1.452
-1.041,-0.199
-0.955,-0.695
-0.959,-0.086
-1.007,0.237
-1.075,-0.473
-1.102,-0.088
-1.161,0.419
-1.255,0.563
-1.451,1.329
-1.475,1.042
-1.395,1.221
-1.459,-1.663
-1.666,0.971
-1.814,-0.169
-1.899,-1.248
-1.943,-2.296
-1.816,-2.071
-2.033,-2.421
-2.041,-1.484
-2.054,-1.431
-1.947,0.516
-1.986,-0.544
-2.09,-0.899
-2.165,-1.06
-2.157,0.532
-2.166,-2.512
-2.365,-1.257
-2.253,-1.043
-2.292,-1.557
-2.476,1.362
-2.422,-0.874
-2.49,1.452
-2.737,1.191
-2.896,-0.499
-2.936,-1.266
-3.082,-2.292
-3.003,-1.054
3.088,-0.445
-3.113,-2.374
-3.134,-1.232
2.988,-0.979
3.06,-0.887
2.952,1.029
2.943,-2.037
2.93,0.754
2.901,-0.428
2.835,-0.99
2.846,-1.504
2.877,-0.349
2.8,0.346
2.407,-0.753
2.435,-0.783
2.331,-1.399
2.397,-2.092
2.373,0.826
2.157,0.943
2.252,-2.492
2.116,-2.019
2.106,-2.199
2.176,0.178
2.178,1.201
1.988,1.057
2.07,0.742
1.897,-0.91
1.879,-2.182
1.898,-1.074
1.871,-0.3
1.742,1.414
1.693,0.94
1.812,-0.472
1.675,-1.274
1.65,-1.479
1.569,1.231
1.188,1.506
1.195,-1.549
0.888,-1.27
0.959,0.012
0.87,-0.435
0.653,0.999
0.762,-1.557
0.557,-1.267
0.537,-1.31
0.086,-0.417
0.158,-0.036
-0.02,0.462
-0.031,0.86
0.016,-0.997
-0.192,0.399
-0.029,-1.844
-0.271,-1.754
-0.273,-2.419
-0.751,-2.63
-1.326,-2.779
-1.454,-2.672
-1.961,-2.704
-2.541,-2.845
-2.551,-2.808
-2.914,-2.531
2.66,-2.739
2.5,-2.878
2.56,-2.777
2.336,-2.715
2.157,-2.864
1.868,-2.889
1.564,-2.676
1.189,-2.838
0.942,-2.641
0.554,-2.747
0.163,-2.816
-0.26,1.663
-0.416,1.842
-0.489,1.84
-0.393,1.838
-0.431,1.763
-1.339,1.792
-3.136,1.646
3.047,1.622
2.89,1.729
2.207,1.451
1.585,1.745
1.05,1.554
-1.406,0.898
-1.556,1.121
-1.556,-1.597
-1.723,1.263
1.728,0.134
1.18,0.917
1.045,0.921
-3.127,-1.391
2.639,-1.36
1.483,0.142
1.487,0.247
0.46,-0.236
0.473,0.568
0.316,-0.269
0.321,0.734
-0.74,-1.618
-0.739,-0.611
-3.107,-0.459
-0.638,1.545
1.431,-2.366
1.303,1.647
-0.001,1.38
-0.055,0.028
-0.053,-1.48
-0.073,1.609
-0.06,-0.193
-0.123,-0.205
-0.15,0.248
-0.468,-2.213
-1.016,-1.865
-1.045,-1.97
-1.033,-1.884
-1.207,-2.267
-2.724,-1.788
-3.05,-2.01
3.015,-1.937
2.733,-1.929
2.467,-2.248
2.259,-2.166
2.19,-2.226
1.847,-1.99
1.744,-2.036
1.648,-2.338
1.094,-2.02
0.743,-2.064
0.617,-2.094
0.414,-2.197
0.467,-1.967
0.346,-2.226
-0.08,-2.209
-0.264,2.145
-0.269,2.311
-0.773,2.51
-1.212,2.44
-1.391,2.26
-2.286,2.584
-2.588,2.287
-2.579,2.484
-2.661,2.56
-2.788,2.6
-2.938,2.202
-2.867,2.265
-3.121,2.499
3.09,2.629
2.977,2.524
2.891,2.208
2.604,2.617
2.259,2.398
1.974,2.546
1.339,2.283
1.014,2.355
0.953,2.39
0.598,2.246
0.228,2.571
0.239,2.512
-0.024,2.443
-0.911,-0.794
-1.406,-0.286
-2.048,1.735
-3.029,-1.193
1.936,0.791
1.228,1.774
-2.806,-2.212
-0.344,2.472
-0.129,2.044
-0.282,0.267
-0.369,2.056
-0.496,1.716
-0.416,-1.389
-0.404,0.459
-0.646,0.234
-0.663,1.617
-0.716,2.169
-0.846,-0.758
-0.956,0.495
-0.87,-0.001
-0.874,0.608
-0.922,0.931
-0.99,0.221
-1.017,0.606
-1.076,1.113
-1.17,1.257
-1.366,2.023
-1.39,1.736
-1.31,1.915
-1.374,-0.969
-1.581,1.665
-1.729,0.525
-1.814,-0.554
-1.858,-1.602
-1.731,-1.377
-1.948,-1.727
-1.956,-0.79
-1.969,-0.737
-1.862,1.21
-1.901,0.15
-2.005,-0.205
-2.08,-0.366
-2.072,1.226
-2.081,-1.818
-2.28,-0.563
-2.168,-0.349
-2.207,-0.863
-2.391,2.056
-2.337,-0.18
-2.405,2.146
-2.652,1.885
-2.811,0.195
-2.851,-0.572
-2.997,-1.598
-2.918,-0.36
-3.11,0.249
-3.028,-1.68
-3.049,-0.538
3.073,-0.285
-3.138,-0.193
3.037,1.723
3.028,-1.343
3.015,1.448
2.986,0.266
2.92,-0.296
2.931,-0.81
2.962,0.345
2.885,1.04
2.492,-0.059
2.52,-0.089
2.416,-0.705
2.482,-1.398
2.458,1.52
2.242,1.637
2.337,-1.798
2.201,-1.325
2.191,-1.505
2.261,0.872
2.263,1.895
2.073,1.751
2.155,1.436
1.982,-0.216
1.964,-1.488
1.983,-0.38
1.956,0.394
1.827,2.108
1.778,1.634
1.897,0.222
1.76,-0.58
1.735,-0.785
1.654,1.925
1.273,2.2
1.28,-0.855
0.973,-0.576
1.044,0.706
0.955,0.259
0.738,1.693
0.847,-0.863
0.642,-0.573
0.622,-0.616
0.171,0.277
0.243,0.658
0.065,1.156
0.054,1.554
0.101,-0.303
-0.107,1.093
0.056,-1.15
-0.186,-1.06
-0.188,-1.725
-0.666,-1.936
-1.241,-2.085
-1.369,-1.978
-1.876,-2.01
-2.456,-2.151
-2.466,-2.114
-2.829,-1.837
2.745,-2.045
2.585,-2.184
2.645,-2.083
2.421,-2.021
2.242,-2.17
1.953,-2.195
1.649,-1.982
1.274,-2.144
1.027,-1.947
0.639,-2.053
0.248,-2.122
-0.175,2.357
-0.331,2.536
-0.404,2.534
-0.308,2.532
-0.346,2.457
-1.254,2.486
-3.051,2.34
3.132,2.316
2.975,2.423
2.292,2.145
1.67,2.439
1.135,2.248
-1.321,1.592
-1.471,1.815
-1.471,-0.903
-1.638,1.957
1.813,0.828
1.265,1.611
1.13,1.615
-3.042,-0.697
2.724,-0.666
1.568,0.836
1.572,0.941
0.545,0.458
0.558,1.262
0.401,0.425
0.406,1.428
-0.655,-0.924
-0.654,0.083
-3.022,0.235
-0.553,2.239
1.516,-1.672
1.388,2.341
-0.054,-1.352
-0.052,-2.86
-0.072,0.229
-0.059,-1.573
-0.122,-1.585
-0.149,-1.132
-0.467,-3.593
-1.015,-3.245
-1.044,-3.35
-1.032,-3.264
-1.206,-3.647
-2.723,-3.168
-3.049,-3.39
3.016,-3.317
2.734,-3.309
2.468,-3.628
2.26,-3.546
2.191,-3.606
1.848,-3.37
1.745,-3.416
1.649,-3.718
1.095,-3.4
0.744,-3.444
0.618,-3.474
0.415,-3.577
0.468,-3.347
0.347,-3.606
-0.079,-3.589
-0.263,0.765
-0.268,0.931
-0.772,1.13
-1.211,1.06
-1.39,0.88
-2.285,1.204
-2.587,0.907
-2.578,1.104
-2.66,1.18
-2.787,1.22
-2.937,0.822
-2.866,0.885
-3.12,1.119
3.091,1.249
2.978,1.144
2.892,0.828
2.605,1.237
2.26,1.018
1.975,1.166
1.34,0.903
1.015,0.975
0.954,1.01
0.599,0.866
0.229,1.191
0.24,1.132
-0.023,1.063
-0.91,-2.174
-1.405,-1.666
-2.047,0.355
-3.028,-2.573
1.937,-0.589
1.229,0.394
-2.805,-3.592
-0.343,1.092
-0.128,0.664
-0.281,-1.113
-0.368,0.676
-0.495,0.336
-0.415,-2.769
-0.403,-0.921
-0.645,-1.146
-0.662,0.237
-0.715,0.789
-0.845,-2.138
-0.955,-0.885
-0.869,-1.381
-0.873,-0.772
-0.921,-0.449
-0.989,-1.159
-1.016,-0.774
-1.075,-0.267
-1.169,-0.123
-1.365,0.643
-1.389,0.356
-1.309,0.535
-1.373,-2.349
-1.58,0.285
-1.728,-0.855
-1.813,-1.934
-1.857,-2.982
-1.73,-2.757
-1.947,-3.107
-1.955,-2.17
-1.968,-2.117
-1.861,-0.17
-1.9,-1.23
-2.004,-1.585
-2.079,-1.746
-2.071,-0.154
-2.08,-3.198
-2.279,-1.943
-2.167,-1.729
-2.206,-2.243
-2.39,0.676
-2.336,-1.56
-2.404,0.766
-2.651,0.505
-2.81,-1.185
-2.85,-1.952
-2.996,-2.978
-2.917,-1.74
-3.109,-1.131
-3.027,-3.06
-3.048,-1.918
3.074,-1.665
-3.137,-1.573
3.038,0.343
3.029,-2.723
3.016,0.068
2.987,-1.114
2.921,-1.676
2.932,-2.19
2.963,-1.035
2.886,-0.34
2.493,-1.439
2.521,-1.469
2.417,-2.085
2.483,-2.778
2.459,0.14
2.243,0.257
2.338,-3.178
2.202,-2.705
2.192,-2.885
2.262,-0.508
2.264,0.515
2.074,0.371
2.156,0.056
1.983,-1.596
1.965,-2.868
1.984,-1.76
1.957,-0.986
1.828,0.728
1.779,0.254
1.898,-1.158
1.761,-1.96
1.736,-2.165
1.655,0.545
1.274,0.82
1.281,-2.235
0.974,-1.956
1.045,-0.674
0.956,-1.121
0.739,0.313
0.848,-2.243
0.643,-1.953
0.623,-1.996
0.172,-1.103
0.244,-0.722
0.066,-0.224
0.055,0.174
0.102,-1.683
-0.106,-0.287
0.057,-2.53
-0.185,-2.44
-0.187,-3.105
-0.665,-3.316
-1.24,-3.465
-1.368,-3.358
-1.875,-3.39
-2.455,-3.531
-2.465,-3.494
-2.828,-3.217
2.746,-3.425
2.586,-3.564
2.646,-3.463
2.422,-3.401
2.243,-3.55
1.954,-3.575
1.65,-3.362
1.275,-3.524
1.028,-3.327
0.64,-3.433
0.249,-3.502
-0.174,0.977
-0.33,1.156
-0.403,1.154
-0.307,1.152
-0.345,1.077
-1.253,1.106
-3.05,0.96
3.133,0.936
2.976,1.043
2.293,0.765
1.671,1.059
1.136,0.868
-1.32,0.212
-1.47,0.435
-1.47,-2.283
-1.637,0.577
1.814,-0.552
1.266,0.231
1.131,0.235
-3.041,-2.077
2.725,-2.046
1.569,-0.544
1.573,-0.439
0.546,-0.922
0.559,-0.118
0.402,-0.955
0.407,0.048
-0.654,-2.304
-0.653,-1.297
-3.021,-1.145
-0.552,0.859
1.517,-3.052
1.389,0.961
0.002,-1.508
-0.018,1.581
-0.005,-0.221
-0.068,-0.233
-0.095,0.22
-0.413,-2.241
-0.961,-1.893
-0.99,-1.998
-0.978,-1.912
-1.152,-2.295
-2.669,-1.816
-2.995,-2.038
3.07,-1.965
2.788,-1.957
2.522,-2.276
2.314,-2.194
2.245,-2.254
1.902,-2.018
1.799,-2.064
1.703,-2.366
1.149,-2.048
0.798,-2.092
0.672,-2.122
0.469,-2.225
0.522,-1.995
0.401,-2.254
-0.025,-2.237
-0.209,2.117
-0.214,2.283
-0.718,2.482
-1.157,2.412
-1.336,2.232
-2.231,2.556
-2.533,2.259
-2.524,2.456
-2.606,2.532
-2.733,2.572
-2.883,2.174
-2.812,2.237
-3.066,2.471
-3.138,2.601
3.032,2.496
2.946,2.18
2.659,2.589
2.314,2.37
2.029,2.518
1.394,2.255
1.069,2.327
1.008,2.362
0.653,2.218
0.283,2.543
0.294,2.484
0.031,2.415
-0.856,-0.822
-1.351,-0.314
-1.993,1.707
-2.974,-1.221
1.991,0.763
1.283,1.746
-2.751,-2.24
-0.289,2.444
-0.074,2.016
-0.227,0.239
-0.314,2.028
-0.441,1.688
-0.361,-1.417
-0.349,0.431
-0.591,0.206
-0.608,1.589
-0.661,2.141
-0.791,-0.786
-0.901,0.467
-0.815,-0.029
-0.819,0.58
-0.867,0.903
-0.935,0.193
-0.962,0.578
-1.021,1.085
-1.115,1.229
-1.311,1.995
-1.335,1.708
-1.255,1.887
-1.319,-0.997
-1.526,1.637
-1.674,0.497
-1.759,-0.582
-1.803,-1.63
-1.676,-1.405
-1.893,-1.755
-1.901,-0.818
-1.914,-0.765
-1.807,1.182
-1.846,0.122
-1.95,-0.233
-2.025,-0.394
-2.017,1.198
-2.026,-1.846
-2.225,-0.591
-2.113,-0.377
-2.152,-0.891
-2.336,2.028
-2.282,-0.208
-2.35,2.118
-2.597,1.857
-2.756,0.167
-2.796,-0.6
-2.942,-1.626
-2.863,-0.388
-3.055,0.221
-2.973,-1.708
-2.994,-0.566
3.128,-0.313
-3.083,-0.221
3.092,1.695
3.083,-1.371
3.07,1.42
3.041,0.238
2.975,-0.324
2.986,-0.838
3.017,0.317
2.94,1.012
2.547,-0.087
2.575,-0.117
2.471,-0.733
2.537,-1.426
2.513,1.492
2.297,1.609
2.392,-1.826
2.256,-1.353
2.246,-1.533
2.316,0.844
2.318,1.867
2.128,1.723
2.21,1.408
2.037,-0.244
2.019,-1.516
2.038,-0.408
2.011,0.366
1.882,2.08
1.833,1.606
1.952,0.194
1.815,-0.608
1.79,-0.813
1.709,1.897
1.328,2.172
1.335,-0.883
1.028,-0.604
1.099,0.678
1.01,0.231
0.793,1.665
0.902,-0.891
0.697,-0.601
0.677,-0.644
0.226,0.249
0.298,0.63
0.12,1.128
0.109,1.526
0.156,-0.331
-0.052,1.065
0.111,-1.178
-0.131,-1.088
-0.133,-1.753
-0.611,-1.964
-1.186,-2.113
-1.314,-2.006
-1.821,-2.038
-2.401,-2.179
-2.411,-2.142
-2.774,-1.865
2.8,-2.073
2.64,-2.212
2.7,-2.111
2.476,-2.049
2.297,-2.198
2.008,-2.223
1.704,-2.01
1.329,-2.172
1.082,-1.975
0.694,-2.081
0.303,-2.15
-0.12,2.329
-0.276,2.508
-0.349,2.506
-0.253,2.504
-0.291,2.429
-1.199,2.458
-2.996,2.312
-3.096,2.288
3.03,2.395
2.347,2.117
1.725,2.411
1.19,2.22
-1.266,1.564
-1.416,1.787
-1.416,-0.931
-1.583,1.929
1.868,0.8
1.32,1.583
1.185,1.587
-2.987,-0.725
2.779,-0.694
1.623,0.808
1.627,0.913
0.6,0.43
0.613,1.234
0.456,0.397
0.461,1.4
-0.6,-0.952
-0.599,0.055
-2.967,0.207
-0.498,2.211
1.571,-1.7
1.443,2.313
-0.02,3.089
-0.007,1.287
-0.07,1.275
-0.097,1.728
-0.415,-0.733
-0.963,-0.385
-0.992,-0.49
-0.98,-0.404
-1.154,-0.787
-2.671,-0.308
-2.997,-0.53
3.068,-0.457
2.786,-0.449
2.52,-0.768
2.312,-0.686
2.243,-0.746
1.9,-0.51
1.797,-0.556
1.701,-0.858
1.147,-0.54
0.796,-0.584
0.67,-0.614
0.467,-0.717
0.52,-0.487
0.399,-0.746
-0.027,-0.729
-0.211,3.625
-0.216,3.791
-0.72,3.99
-1.159,3.92
-1.338,3.74
-2.233,4.064
-2.535,3.767
-2.526,3.964
-2.608,4.04
-2.735,4.08
-2.885,3.682
-2.814,3.745
-3.068,3.979
-3.14,4.109
3.03,4.004
2.944,3.688
2.657,4.097
2.312,3.878
2.027,4.026
1.392,3.763
1.067,3.835
1.006,3.87
0.651,3.726
0.281,4.051
0.292,3.992
0.029,3.923
-0.858,0.686
-1.353,1.194
-1.995,3.215
-2.976,0.287
1.989,2.271
1.281,3.254
-2.753,-0.732
-0.291,3.952
-0.076,3.524
-0.229,1.747
-0.316,3.536
-0.443,3.196
-0.363,0.091
-0.351,1.939
-0.593,1.714
-0.61,3.097
-0.663,3.649
-0.793,0.722
-0.903,1.975
-0.817,1.479
-0.821,2.088
-0.869,2.411
-0.937,1.701
-0.964,2.086
-1.023,2.593
-1.117,2.737
-1.313,3.503
-1.337,3.216
-1.257,3.395
-1.321,0.511
-1.528,3.145
-1.676,2.005
-1.761,0.926
-1.805,-0.122
-1.678,0.103
-1.895,-0.247
-1.903,0.69
-1.916,0.743
-1.809,2.69
-1.848,1.63
-1.952,1.275
-2.027,1.114
-2.019,2.706
-2.028,-0.338
-2.227,0.917
-2.115,1.131
-2.154,0.617
-2.338,3.536
-2.284,1.3
-2.352,3.626
-2.599,3.365
-2.758,1.675
-2.798,0.908
-2.944,-0.118
-2.865,1.12
-3.057,1.729
-2.975,-0.2
-2.996,0.942
3.126,1.195
-3.085,1.287
3.09,3.203
3.081,0.137
3.068,2.928
3.039,1.746
2.973,1.184
2.984,0.67
3.015,1.825
2.938,2.52
2.545,1.421
2.573,1.391
2.469,0.775
2.535,0.082
2.511,3.0
2.295,3.117
2.39,-0.318
2.254,0.155
2.244,-0.025
2.314,2.352
2.316,3.375
2.126,3.231
2.208,2.916
2.035,1.264
2.017,-0.008
2.036,1.1
2.009,1.874
1.88,3.588
1.831,3.114
1.95,1.702
1.813,0.9
1.788,0.695
1.707,3.405
1.326,3.68
1.333,0.625
1.026,0.904
1.097,2.186
1.008,1.739
0.791,3.173
0.9,0.617
0.695,0.907
0.675,0.864
0.224,1.757
0.296,2.138
0.118,2.636
0.107,3.034
0.154,1.177
-0.054,2.573
0.109,0.33
-0.133,0.42
-0.135,-0.245
-0.613,-0.456
-1.188,-0.605
-1.316,-0.498
-1.823,-0.53
-2.403,-0.671
-2.413,-0.634
-2.776,-0.357
2.798,-0.565
2.638,-0.704
2.698,-0.603
2.474,-0.541
2.295,-0.69
2.006,-0.715
1.702,-0.502
1.327,-0.664
1.08,-0.467
0.692,-0.573
0.301,-0.642
-0.122,3.837
-0.278,4.016
-0.351,4.014
-0.255,4.012
-0.293,3.937
-1.201,3.966
-2.998,3.82
-3.098,3.796
3.028,3.903
2.345,3.625
1.723,3.919
1.188,3.728
-1.268,3.072
-1.418,3.295
-1.418,0.577
-1.585,3.437
1.866,2.308
1.318,3.091
1.183,3.095
-2.989,0.783
2.777,0.814
1.621,2.316
1.625,2.421
0.598,1.938
0.611,2.742
0.454,1.905
0.459,2.908
-0.602,0.556
-0.601,1.563
-2.969,1.715
-0.5,3.719
1.569,-0.192
1.441,3.821
0.013,-1.802
-0.05,-1.814
-0.077,-1.361
-0.395,-3.822
-0.943,-3.474
-0.972,-3.579
-0.96,-3.493
-1.134,-3.876
-2.651,-3.397
-2.977,-3.619
3.088,-3.546
2.806,-3.538
2.54,-3.857
2.332,-3.775
2.263,-3.835
1.92,-3.599
1.817,-3.645
1.721,-3.947
1.167,-3.629
0.816,-3.673
0.69,-3.703
0.487,-3.806
0.54,-3.576
0.419,-3.835
-0.007,-3.818
-0.191,0.536
-0.196,0.702
-0.7,0.901
-1.139,0.831
-1.318,0.651
-2.213,0.975
-2.515,0.678
-2.506,0.875
-2.588,0.951
-2.715,0.991
-2.865,0.593
-2.794,0.656
-3.048,0.89
-3.12,1.02
3.05,0.915
2.964,0.599
2.677,1.008
2.332,0.789
2.047,0.937
1.412,0.674
1.087,0.746
1.026,0.781
0.671,0.637
0.301,0.962
0.312,0.903
0.049,0.834
-0.838,-2.403
-1.333,-1.895
-1.975,0.126
-2.956,-2.802
2.009,-0.818
1.301,0.165
-2.733,-3.821
-0.271,0.863
-0.056,0.435
-0.209,-1.342
-0.296,0.447
-0.423,0.107
-0.343,-2.998
-0.331,-1.15
-0.573,-1.375
-0.59,0.008
-0.643,0.56
-0.773,-2.367
-0.883,-1.114
-0.797,-1.61
-0.801,-1.001
-0.849,-0.678
-0.917,-1.388
-0.944,-1.003
-1.003,-0.496
-1.097,-0.352
-1.293,0.414
-1.317,0.127
-1.237,0.306
-1.301,-2.578
-1.508,0.056
-1.656,-1.084
-1.741,-2.163
-1.785,-3.211
-1.658,-2.986
-1.875,-3.336
-1.883,-2.399
-1.896,-2.346
-1.789,-0.399
-1.828,-1.459
-1.932,-1.814
-2.007,-1.975
-1.999,-0.383
-2.008,-3.427
-2.207,-2.172
-2.095,-1.958
-2.134,-2.472
-2.318,0.447
-2.264,-1.789
-2.332,0.537
-2.579,0.276
-2.738,-1.414
-2.778,-2.181
-2.924,-3.207
-2.845,-1.969
-3.037,-1.36
-2.955,-3.289
-2.976,-2.147
-3.137,-1.894
-3.065,-1.802
3.11,0.114
3.101,-2.952
3.088,-0.161
3.059,-1.343
2.993,-1.905
3.004,-2.419
3.035,-1.264
2.958,-0.569
2.565,-1.668
2.593,-1.698
2.489,-2.314
2.555,-3.007
2.531,-0.089
2.315,0.028
2.41,-3.407
2.274,-2.934
2.264,-3.114
2.334,-0.737
2.336,0.286
2.146,0.142
2.228,-0.173
2.055,-1.825
2.037,-3.097
2.056,-1.989
2.029,-1.215
1.9,0.499
1.851,0.025
1.97,-1.387
1.833,-2.189
1.808,-2.394
1.727,0.316
1.346,0.591
1.353,-2.464
1.046,-2.185
1.117,-0.903
1.028,-1.35
0.811,0.084
0.92,-2.472
0.715,-2.182
0.695,-2.225
0.244,-1.332
0.316,-0.951
0.138,-0.453
0.127,-0.055
0.174,-1.912
-0.034,-0.516
0.129,-2.759
-0.113,-2.669
-0.115,-3.334
-0.593,-3.545
-1.168,-3.694
-1.296,-3.587
-1.803,-3.619
-2.383,-3.76
-2.393,-3.723
-2.756,-3.446
2.818,-3.654
2.658,-3.793
2.718,-3.692
2.494,-3.63
2.315,-3.779
2.026,-3.804
1.722,-3.591
1.347,-3.753
1.1,-3.556
0.712,-3.662
0.321,-3.731
-0.102,0.748
-0.258,0.927
-0.331,0.925
-0.235,0.923
-0.273,0.848
-1.181,0.877
-2.978,0.731
-3.078,0.707
3.048,0.814
2.365,0.536
1.743,0.83
1.208,0.639
-1.248,-0.017
-1.398,0.206
-1.398,-2.512
-1.565,0.348
1.886,-0.781
1.338,0.002
1.203,0.006
-2.969,-2.306
2.797,-2.275
1.641,-0.773
1.645,-0.668
0.618,-1.151
0.631,-0.347
0.474,-1.184
0.479,-0.181
-0.582,-2.533
-0.581,-1.526
-2.949,-1.374
-0.48,0.63
1.589,-3.281
1.461,0.732
-0.063,-0.012
-0.09,0.441
-0.408,-2.02
-0.956,-1.672
-0.985,-1.777
-0.973,-1.691
-1.147,-2.074
-2.664,-1.595
-2.99,-1.817
3.075,-1.744
2.793,-1.736
2.527,-2.055
2.319,-1.973
2.25,-2.033
1.907,-1.797
1.804,-1.843
1.708,-2.145
1.154,-1.827
0.803,-1.871
0.677,-1.901
0.474,-2.004
0.527,-1.774
0.406,-2.033
-0.02,-2.016
-0.204,2.338
-0.209,2.504
-0.713,2.703
-1.152,2.633
-1.331,2.453
-2.226,2.777
-2.528,2.48
-2.519,2.677
-2.601,2.753
-2.728,2.793
-2.878,2.395
-2.807,2.458
-3.061,2.692
-3.133,2.822
3.037,2.717
2.951,2.401
2.664,2.81
2.319,2.591
2.034,2.739
1.399,2.476
1.074,2.548
1.013,2.583
0.658,2.439
0.288,2.764
0.299,2.705
0.036,2.636
-0.851,-0.601
-1.346,-0.093
-1.988,1.928
-2.969,-1.0
1.996,0.984
1.288,1.967
-2.746,-2.019
-0.284,2.665
-0.069,2.237
-0.222,0.46
-0.309,2.249
-0.436,1.909
-0.356,-1.196
-0.344,0.652
-0.586,0.427
-0.603,1.81
-0.656,2.362
-0.786,-0.565
-0.896,0.688
-0.81,0.192
-0.814,0.801
-0.862,1.124
-0.93,0.414
-0.957,0.799
-1.016,1.306
-1.11,1.45
-1.306,2.216
-1.33,1.929
-1.25,2.108
-1.314,-0.776
-1.521,1.858
-1.669,0.718
-1.754,-0.361
-1.798,-1.409
-1.671,-1.184
-1.888,-1.534
-1.896,-0.597
-1.909,-0.544
-1.802,1.403
-1.841,0.343
-1.945,-0.012
-2.02,-0.173
-2.012,1.419
-2.021,-1.625
-2.22,-0.37
-2.108,-0.156
-2.147,-0.67
-2.331,2.249
-2.277,0.013
-2.345,2.339
-2.592,2.078
-2.751,0.388
-2.791,-0.379
-2.937,-1.405
-2.858,-0.167
-3.05,0.442
-2.968,-1.487
-2.989,-0.345
3.133,-0.092
-3.078,0.0
3.097,1.916
3.088,-1.15
3.075,1.641
3.046,0.459
2.98,-0.103
2.991,-0.617
3.022,0.538
2.945,1.233
2.552,0.134
2.58,0.104
2.476,-0.512
2.542,-1.205
2.518,1.713
2.302,1.83
2.397,-1.605
2.261,-1.132
2.251,-1.312
2.321,1.065
2.323,2.088
2.133,1.944
2.215,1.629
2.042,-0.023
2.024,-1.295
2.043,-0.187
2.016,0.587
1.887,2.301
1.838,1.827
1.957,0.415
1.82,-0.387
1.795,-0.592
1.714,2.118
1.333,2.393
1.34,-0.662
1.033,-0.383
1.104,0.899
1.015,0.452
0.798,1.886
0.907,-0.67
0.702,-0.38
0.682,-0.423
0.231,0.47
0.303,0.851
0.125,1.349
0.114,1.747
0.161,-0.11
-0.047,1.286
0.116,-0.957
-0.126,-0.867
-0.128,-1.532
-0.606,-1.743
-1.181,-1.892
-1.309,-1.785
-1.816,-1.817
-2.396,-1.958
-2.406,-1.921
-2.769,-1.644
2.805,-1.852
2.645,-1.991
2.705,-1.89
2.481,-1.828
2.302,-1.977
2.013,-2.002
1.709,-1.789
1.334,-1.951
1.087,-1.754
0.699,-1.86
0.308,-1.929
-0.115,2.55
-0.271,2.729
-0.344,2.727
-0.248,2.725
-0.286,2.65
-1.194,2.679
-2.991,2.533
-3.091,2.509
3.035,2.616
2.352,2.338
1.73,2.632
1.195,2.441
-1.261,1.785
-1.411,2.008
-1.411,-0.71
-1.578,2.15
1.873,1.021
1.325,1.804
1.19,1.808
-2.982,-0.504
2.784,-0.473
1.628,1.029
1.632,1.134
0.605,0.651
0.618,1.455
0.461,0.618
0.466,1.621
-0.595,-0.731
-0.594,0.276
-2.962,0.428
-0.493,2.432
1.576,-1.479
1.448,2.534
-0.027,0.453
-0.345,-2.008
-0.893,-1.66
-0.922,-1.765
-0.91,-1.679
-1.084,-2.062
-2.601,-1.583
-2.927,-1.805
3.138,-1.732
2.856,-1.724
2.59,-2.043
2.382,-1.961
2.313,-2.021
1.97,-1.785
1.867,-1.831
1.771,-2.133
1.217,-1.815
0.866,-1.859
0.74,-1.889
0.537,-1.992
0.59,-1.762
0.469,-2.021
0.043,-2.004
-0.141,2.35
-0.146,2.516
-0.65,2.715
-1.089,2.645
-1.268,2.465
-2.163,2.789
-2.465,2.492
-2.456,2.689
-2.538,2.765
-2.665,2.805
-2.815,2.407
-2.744,2.47
-2.998,2.704
-3.07,2.834
3.1,2.729
3.014,2.413
2.727,2.822
2.382,2.603
2.097,2.751
1.462,2.488
1.137,2.56
1.076,2.595
0.721,2.451
0.351,2.776
0.362,2.717
0.099,2.648
-0.788,-0.589
-1.283,-0.081
-1.925,1.94
-2.906,-0.988
2.059,0.996
1.351,1.979
-2.683,-2.007
-0.221,2.677
-0.006,2.249
-0.159,0.472
-0.246,2.261
-0.373,1.921
-0.293,-1.184
-0.281,0.664
-0.523,0.439
-0.54,1.822
-0.593,2.374
-0.723,-0.553
-0.833,0.7
-0.747,0.204
-0.751,0.813
-0.799,1.136
-0.867,0.426
-0.894,0.811
-0.953,1.318
-1.047,1.462
-1.243,2.228
-1.267,1.941
-1.187,2.12
-1.251,-0.764
-1.458,1.87
-1.606,0.73
-1.691,-0.349
-1.735,-1.397
-1.608,-1.172
-1.825,-1.522
-1.833,-0.585
-1.846,-0.532
-1.739,1.415
-1.778,0.355
-1.882,0.0
-1.957,-0.161
-1.949,1.431
-1.958,-1.613
-2.157,-0.358
-2.045,-0.144
-2.084,-0.658
-2.268,2.261
-2.214,0.025
-2.282,2.351
-2.529,2.09
-2.688,0.4
-2.728,-0.367
-2.874,-1.393
-2.795,-0.155
-2.987,0.454
-2.905,-1.475
-2.926,-0.333
-3.087,-0.08
-3.015,0.012
-3.123,1.928
-3.132,-1.138
3.138,1.653
3.109,0.471
3.043,-0.091
3.054,-0.605
3.085,0.55
3.008,1.245
2.615,0.146
2.643,0.116
2.539,-0.5
2.605,-1.193
2.581,1.725
2.365,1.842
2.46,-1.593
2.324,-1.12
2.314,-1.3
2.384,1.077
2.386,2.1
2.196,1.956
2.278,1.641
2.105,-0.011
2.087,-1.283
2.106,-0.175
2.079,0.599
1.95,2.313
1.901,1.839
2.02,0.427
1.883,-0.375
1.858,-0.58
1.777,2.13
1.396,2.405
1.403,-0.65
1.096,-0.371
1.167,0.911
1.078,0.464
0.861,1.898
0.97,-0.658
0.765,-0.368
0.745,-0.411
0.294,0.482
0.366,0.863
0.188,1.361
0.177,1.759
0.224,-0.098
0.016,1.298
0.179,-0.945
-0.063,-0.855
-0.065,-1.52
-0.543,-1.731
-1.118,-1.88
-1.246,-1.773
-1.753,-1.805
-2.333,-1.946
-2.343,-1.909
-2.706,-1.632
2.868,-1.84
2.708,-1.979
2.768,-1.878
2.544,-1.816
2.365,-1.965
2.076,-1.99
1.772,-1.777
1.397,-1.939
1.15,-1.742
0.762,-1.848
0.371,-1.917
-0.052,2.562
-0.208,2.741
-0.281,2.739
-0.185,2.737
-0.223,2.662
-1.131,2.691
-2.928,2.545
-3.028,2.521
3.098,2.628
2.415,2.35
1.793,2.644
1.258,2.453
-1.198,1.797
-1.348,2.02
-1.348,-0.698
-1.515,2.162
1.936,1.033
1.388,1.816
1.253,1.82
-2.919,-0.492
2.847,-0.461
1.691,1.041
1.695,1.146
0.668,0.663
0.681,1.467
0.524,0.63
0.529,1.633
-0.532,-0.719
-0.531,0.288
-2.899,0.44
-0.43,2.444
1.639,-1.467
1.511,2.546
-0.318,-2.461
-0.866,-2.113
-0.895,-2.218
-0.883,-2.132
-1.057,-2.515
-2.574,-2.036
-2.9,-2.258
-3.118,-2.185
2.883,-2.177
2.617,-2.496
2.409,-2.414
2.34,-2.474
1.997,-2.238
1.894,-2.284
1.798,-2.586
1.244,-2.268
0.893,-2.312
0.767,-2.342
0.564,-2.445
0.617,-2.215
0.496,-2.474
0.07,-2.457
-0.114,1.897
-0.119,2.063
-0.623,2.262
-1.062,2.192
-1.241,2.012
-2.136,2.336
-2.438,2.039
-2.429,2.236
-2.511,2.312
-2.638,2.352
-2.788,1.954
-2.717,2.017
-2.971,2.251
-3.043,2.381
3.127,2.276
3.041,1.96
2.754,2.369
2.409,2.15
2.124,2.298
1.489,2.035
1.164,2.107
1.103,2.142
0.748,1.998
0.378,2.323
0.389,2.264
0.126,2.195
-0.761,-1.042
-1.256,-0.534
-1.898,1.487
-2.879,-1.441
2.086,0.543
1.378,1.526
-2.656,-2.46
-0.194,2.224
0.021,1.796
-0.132,0.019
-0.219,1.808
-0.346,1.468
-0.266,-1.637
-0.254,0.211
-0.496,-0.014
-0.513,1.369
-0.566,1.921
-0.696,-1.006
-0.806,0.247
-0.72,-0.249
-0.724,0.36
-0.772,0.683
-0.84,-0.027
-0.867,0.358
-0.926,0.865
-1.02,1.009
-1.216,1.775
-1.24,1.488
-1.16,1.667
-1.224,-1.217
-1.431,1.417
-1.579,0.277
-1.664,-0.802
-1.708,-1.85
-1.581,-1.625
-1.798,-1.975
-1.806,-1.038
-1.819,-0.985
-1.712,0.962
-1.751,-0.098
-1.855,-0.453
-1.93,-0.614
-1.922,0.978
-1.931,-2.066
-2.13,-0.811
-2.018,-0.597
-2.057,-1.111
-2.241,1.808
-2.187,-0.428
-2.255,1.898
-2.502,1.637
-2.661,-0.053
-2.701,-0.82
-2.847,-1.846
-2.768,-0.608
-2.96,0.001
-2.878,-1.928
-2.899,-0.786
-3.06,-0.533
-2.988,-0.441
-3.096,1.475
-3.105,-1.591
-3.118,1.2
3.136,0.018
3.07,-0.544
3.081,-1.058
3.112,0.097
3.035,0.792
2.642,-0.307
2.67,-0.337
2.566,-0.953
2.632,-1.646
2.608,1.272
2.392,1.389
2.487,-2.046
2.351,-1.573
2.341,-1.753
2.411,0.624
2.413,1.647
2.223,1.503
2.305,1.188
2.132,-0.464
2.114,-1.736
2.133,-0.628
2.106,0.146
1.977,1.86
1.928,1.386
2.047,-0.026
1.91,-0.828
1.885,-1.033
1.804,1.677
1.423,1.952
1.43,-1.103
1.123,-0.824
1.194,0.458
1.105,0.011
0.888,1.445
0.997,-1.111
0.792,-0.821
0.772,-0.864
0.321,0.029
0.393,0.41
0.215,0.908
0.204,1.306
0.251,-0.551
0.043,0.845
0.206,-1.398
-0.036,-1.308
-0.038,-1.973
-0.516,-2.184
-1.091,-2.333
-1.219,-2.226
-1.726,-2.258
-2.306,-2.399
-2.316,-2.362
-2.679,-2.085
2.895,-2.293
2.735,-2.432
2.795,-2.331
2.571,-2.269
2.392,-2.418
2.103,-2.443
1.799,-2.23
1.424,-2.392
1.177,-2.195
0.789,-2.301
0.398,-2.37
-0.025,2.109
-0.181,2.288
-0.254,2.286
-0.158,2.284
-0.196,2.209
-1.104,2.238
-2.901,2.092
-3.001,2.068
3.125,2.175
2.442,1.897
1.82,2.191
1.285,2.0
-1.171,1.344
-1.321,1.567
-1.321,-1.151
-1.488,1.709
1.963,0.58
1.415,1.363
1.28,1.367
-2.892,-0.945
2.874,-0.914
1.718,0.588
1.722,0.693
0.695,0.21
0.708,1.014
0.551,0.177
0.556,1.18
-0.505,-1.172
-0.504,-0.165
-2.872,-0.013
-0.403,1.991
1.666,-1.92
1.538,2.093
-0.548,0.348
-0.577,0.243
-0.565,0.329
-0.739,-0.054
-2.256,0.425
-2.582,0.203
-2.8,0.276
-3.082,0.284
2.935,-0.035
2.727,0.047
2.658,-0.013
2.315,0.223
2.212,0.177
2.116,-0.125
1.562,0.193
1.211,0.149
1.085,0.119
0.882,0.016
0.935,0.246
0.814,-0.013
0.388,0.004
0.204,4.358
0.199,4.524
-0.305,4.723
-0.744,4.653
-0.923,4.473
-1.818,4.797
-2.12,4.5
-2.111,4.697
-2.193,4.773
-2.32,4.813
-2.47,4.415
-2.399,4.478
-2.653,4.712
-2.725,4.842
-2.838,4.737
-2.924,4.421
3.072,4.83
2.727,4.611
2.442,4.759
1.807,4.496
1.482,4.568
1.421,4.603
1.066,4.459
0.696,4.784
0.707,4.725
0.444,4.656
-0.443,1.419
-0.938,1.927
-1.58,3.948
-2.561,1.02
2.404,3.004
1.696,3.987
-2.338,0.001
0.124,4.685
0.339,4.257
0.186,2.48
0.099,4.269
-0.028,3.929
0.052,0.824
0.064,2.672
-0.178,2.447
-0.195,3.83
-0.248,4.382
-0.378,1.455
-0.488,2.708
-0.402,2.212
-0.406,2.821
-0.454,3.144
-0.522,2.434
-0.549,2.819
-0.608,3.326
-0.702,3.47
-0.898,4.236
-0.922,3.949
-0.842,4.128
-0.906,1.244
-1.113,3.878
-1.261,2.738
-1.346,1.659
-1.39,0.611
-1.263,0.836
-1.48,0.486
-1.488,1.423
-1.501,1.476
-1.394,3.423
-1.433,2.363
-1.537,2.008
-1.612,1.847
-1.604,3.439
-1.613,0.395
-1.812,1.65
-1.7,1.864
-1.739,1.35
-1.923,4.269
-1.869,2.033
-1.937,4.359
-2.184,4.098
-2.343,2.408
-2.383,1.641
-2.529,0.615
-2.45,1.853
-2.642,2.462
-2.56,0.533
-2.581,1.675
-2.742,1.928
-2.67,2.02
-2.778,3.936
-2.787,0.87
-2.8,3.661
-2.829,2.479
-2.895,1.917
-2.884,1.403
-2.853,2.558
-2.93,3.253
2.96,2.154
2.988,2.124
2.884,1.508
2.95,0.815
2.926,3.733
2.71,3.85
2.805,0.415
2.669,0.888
2.659,0.708
2.729,3.085
2.731,4.108
2.541,3.964
2.623,3.649
2.45,1.997
2.432,0.725
2.451,1.833
2.424,2.607
2.295,4.321
2.246,3.847
2.365,2.435
2.228,1.633
2.203,1.428
2.122,4.138
1.741,4.413
1.748,1.358
1.441,1.637
1.512,2.919
1.423,2.472
1.206,3.906
1.315,1.35
1.11,1.64
1.09,1.597
0.639,2.49
0.711,2.871
0.533,3.369
0.522,3.767
0.569,1.91
0.361,3.306
0.524,1.063
0.282,1.153
0.28,0.488
-0.198,0.277
-0.773,0.128
-0.901,0.235
-1.408,0.203
-1.988,0.062
-1.998,0.099
-2.361,0.376
-3.07,0.168
3.053,0.029
3.113,0.13
2.889,0.192
2.71,0.043
2.421,0.018
2.117,0.231
1.742,0.069
1.495,0.266
1.107,0.16
0.716,0.091
0.293,4.57
0.137,4.749
0.064,4.747
0.16,4.745
0.122,4.67
-0.786,4.699
-2.583,4.553
-2.683,4.529
-2.84,4.636
2.76,4.358
2.138,4.652
1.603,4.461
-0.853,3.805
-1.003,4.028
-1.003,1.31
-1.17,4.17
2.281,3.041
1.733,3.824
1.598,3.828
-2.574,1.516
-3.091,1.547
2.036,3.049
2.04,3.154
1.013,2.671
1.026,3.475
0.869,2.638
0.874,3.641
-0.187,1.289
-0.186,2.296
-2.554,2.448
-0.085,4.452
1.984,0.541
1.856,4.554
-0.029,-0.105
-0.017,-0.019
-0.191,-0.402
-1.708,0.077
-2.034,-0.145
-2.252,-0.072
-2.534,-0.064
-2.8,-0.383
-3.008,-0.301
-3.077,-0.361
2.863,-0.125
2.76,-0.171
2.664,-0.473
2.11,-0.155
1.759,-0.199
1.633,-0.229
1.43,-0.332
1.483,-0.102
1.362,-0.361
0.936,-0.344
0.752,4.01
0.747,4.176
0.243,4.375
-0.196,4.305
-0.375,4.125
-1.27,4.449
-1.572,4.152
-1.563,4.349
-1.645,4.425
-1.772,4.465
-1.922,4.067
-1.851,4.13
-2.105,4.364
-2.177,4.494
-2.29,4.389
-2.376,4.073
-2.663,4.482
-3.008,4.263
2.99,4.411
2.355,4.148
2.03,4.22
1.969,4.255
1.614,4.111
1.244,4.436
1.255,4.377
0.992,4.308
0.105,1.071
-0.39,1.579
-1.032,3.6
-2.013,0.672
2.952,2.656
2.244,3.639
-1.79,-0.347
0.672,4.337
0.887,3.909
0.734,2.132
0.647,3.921
0.52,3.581
0.6,0.476
0.612,2.324
0.37,2.099
0.353,3.482
0.3,4.034
0.17,1.107
0.06,2.36
0.146,1.864
0.142,2.473
0.094,2.796
0.026,2.086
-0.001,2.471
-0.06,2.978
-0.154,3.122
-0.35,3.888
-0.374,3.601
-0.294,3.78
-0.358,0.896
-0.565,3.53
-0.713,2.39
-0.798,1.311
-0.842,0.263
-0.715,0.488
-0.932,0.138
-0.94,1.075
-0.953,1.128
-0.846,3.075
-0.885,2.015
-0.989,1.66
-1.064,1.499
-1.056,3.091
-1.065,0.047
-1.264,1.302
-1.152,1.516
-1.191,1.002
-1.375,3.921
-1.321,1.685
-1.389,4.011
-1.636,3.75
-1.795,2.06
-1.835,1.293
-1.981,0.267
-1.902,1.505
-2.094,2.114
-2.012,0.185
-2.033,1.327
-2.194,1.58
-2.122,1.672
-2.23,3.588
-2.239,0.522
-2.252,3.313
-2.281,2.131
-2.347,1.569
-2.336,1.055
-2.305,2.21
-2.382,2.905
-2.775,1.806
-2.747,1.776
-2.851,1.16
-2.785,0.467
-2.809,3.385
-3.025,3.502
-2.93,0.067
-3.066,0.54
-3.076,0.36
-3.006,2.737
-3.004,3.76
3.089,3.616
-3.112,3.301
2.998,1.649
2.98,0.377
2.999,1.485
2.972,2.259
2.843,3.973
2.794,3.499
2.913,2.087
2.776,1.285
2.751,1.08
2.67,3.79
2.289,4.065
2.296,1.01
1.989,1.289
2.06,2.571
1.971,2.124
1.754,3.558
1.863,1.002
1.658,1.292
1.638,1.249
1.187,2.142
1.259,2.523
1.081,3.021
1.07,3.419
1.117,1.562
0.909,2.958
1.072,0.715
0.83,0.805
0.828,0.14
0.35,-0.071
-0.225,-0.22
-0.353,-0.113
-0.86,-0.145
-1.44,-0.286
-1.45,-0.249
-1.813,0.028
-2.522,-0.18
-2.682,-0.319
-2.622,-0.218
-2.846,-0.156
-3.025,-0.305
2.969,-0.33
2.665,-0.117
2.29,-0.279
2.043,-0.082
1.655,-0.188
1.264,-0.257
0.841,4.222
0.685,4.401
0.612,4.399
0.708,4.397
0.67,4.322
-0.238,4.351
-2.035,4.205
-2.135,4.181
-2.292,4.288
-2.975,4.01
2.686,4.304
2.151,4.113
-0.305,3.457
-0.455,3.68
-0.455,0.962
-0.622,3.822
2.829,2.693
2.281,3.476
2.146,3.48
-2.026,1.168
-2.543,1.199
2.584,2.701
2.588,2.806
1.561,2.323
1.574,3.127
1.417,2.29
1.422,3.293
0.361,0.941
0.362,1.948
-2.006,2.1
0.463,4.104
2.532,0.193
2.404,4.206
0.012,0.086
-0.162,-0.297
-1.679,0.182
-2.005,-0.04
-2.223,0.033
-2.505,0.041
-2.771,-0.278
-2.979,-0.196
-3.048,-0.256
2.892,-0.02
2.789,-0.066
2.693,-0.368
2.139,-0.05
1.788,-0.094
1.662,-0.124
1.459,-0.227
1.512,0.003
1.391,-0.256
0.965,-0.239
0.781,4.115
0.776,4.281
0.272,4.48
-0.167,4.41
-0.346,4.23
-1.241,4.554
-1.543,4.257
-1.534,4.454
-1.616,4.53
-1.743,4.57
-1.893,4.172
-1.822,4.235
-2.076,4.469
-2.148,4.599
-2.261,4.494
-2.347,4.178
-2.634,4.587
-2.979,4.368
3.019,4.516
2.384,4.253
2.059,4.325
1.998,4.36
1.643,4.216
1.273,4.541
1.284,4.482
1.021,4.413
0.134,1.176
-0.361,1.684
-1.003,3.705
-1.984,0.777
2.981,2.761
2.273,3.744
-1.761,-0.242
0.701,4.442
0.916,4.014
0.763,2.237
0.676,4.026
0.549,3.686
0.629,0.581
0.641,2.429
0.399,2.204
0.382,3.587
0.329,4.139
0.199,1.212
0.089,2.465
0.175,1.969
0.171,2.578
0.123,2.901
0.055,2.191
0.028,2.576
-0.031,3.083
-0.125,3.227
-0.321,3.993
-0.345,3.706
-0.265,3.885
-0.329,1.001
-0.536,3.635
-0.684,2.495
-0.769,1.416
-0.813,0.368
-0.686,0.593
-0.903,0.243
-0.911,1.18
-0.924,1.233
-0.817,3.18
-0.856,2.12
-0.96,1.765
-1.035,1.604
-1.027,3.196
-1.036,0.152
-1.235,1.407
-1.123,1.621
-1.162,1.107
-1.346,4.026
-1.292,1.79
-1.36,4.116
-1.607,3.855
-1.766,2.165
-1.806,1.398
-1.952,0.372
-1.873,1.61
-2.065,2.219
-1.983,0.29
-2.004,1.432
-2.165,1.685
-2.093,1.777
-2.201,3.693
-2.21,0.627
-2.223,3.418
-2.252,2.236
-2.318,1.674
-2.307,1.16
-2.276,2.315
-2.353,3.01
-2.746,1.911
-2.718,1.881
-2.822,1.265
-2.756,0.572
-2.78,3.49
-2.996,3.607
-2.901,0.172
-3.037,0.645
-3.047,0.465
-2.977,2.842
-2.975,3.865
3.118,3.721
-3.083,3.406
3.027,1.754
3.009,0.482
3.028,1.59
3.001,2.364
2.872,4.078
2.823,3.604
2.942,2.192
2.805,1.39
2.78,1.185
2.699,3.895
2.318,4.17
2.325,1.115
2.018,1.394
2.089,2.676
2.0,2.229
1.783,3.663
1.892,1.107
1.687,1.397
1.667,1.354
1.216,2.247
1.288,2.628
1.11,3.126
1.099,3.524
1.146,1.667
0.938,3.063
1.101,0.82
0.859,0.91
0.857,0.245
0.379,0.034
-0.196,-0.115
-0.324,-0.008
-0.831,-0.04
-1.411,-0.181
-1.421,-0.144
-1.784,0.133
-2.493,-0.075
-2.653,-0.214
-2.593,-0.113
-2.817,-0.051
-2.996,-0.2
2.998,-0.225
2.694,-0.012
2.319,-0.174
2.072,0.023
1.684,-0.083
1.293,-0.152
0.87,4.327
0.714,4.506
0.641,4.504
0.737,4.502
0.699,4.427
-0.209,4.456
-2.006,4.31
-2.106,4.286
-2.263,4.393
-2.946,4.115
2.715,4.409
2.18,4.218
-0.276,3.562
-0.426,3.785
-0.426,1.067
-0.593,3.927
2.858,2.798
2.31,3.581
2.175,3.585
-1.997,1.273
-2.514,1.304
2.613,2.806
2.617,2.911
1.59,2.428
1.603,3.232
1.446,2.395
1.451,3.398
0.39,1.046
0.391,2.053
-1.977,2.205
0.492,4.209
2.561,0.298
2.433,4.311
-0.174,-0.383
-1.691,0.096
-2.017,-0.126
-2.235,-0.053
-2.517,-0.045
-2.783,-0.364
-2.991,-0.282
-3.06,-0.342
2.88,-0.106
2.777,-0.152
2.681,-0.454
2.127,-0.136
1.776,-0.18
1.65,-0.21
1.447,-0.313
1.5,-0.083
1.379,-0.342
0.953,-0.325
0.769,4.029
0.764,4.195
0.26,4.394
-0.179,4.324
-0.358,4.144
-1.253,4.468
-1.555,4.171
-1.546,4.368
-1.628,4.444
-1.755,4.484
-1.905,4.086
-1.834,4.149
-2.088,4.383
-2.16,4.513
-2.273,4.408
-2.359,4.092
-2.646,4.501
-2.991,4.282
3.007,4.43
2.372,4.167
2.047,4.239
1.986,4.274
1.631,4.13
1.261,4.455
1.272,4.396
1.009,4.327
0.122,1.09
-0.373,1.598
-1.015,3.619
-1.996,0.691
2.969,2.675
2.261,3.658
-1.773,-0.328
0.689,4.356
0.904,3.928
0.751,2.151
0.664,3.94
0.537,3.6
0.617,0.495
0.629,2.343
0.387,2.118
0.37,3.501
0.317,4.053
0.187,1.126
0.077,2.379
0.163,1.883
0.159,2.492
0.111,2.815
0.043,2.105
0.016,2.49
-0.043,2.997
-0.137,3.141
-0.333,3.907
-0.357,3.62
-0.277,3.799
-0.341,0.915
-0.548,3.549
-0.696,2.409
-0.781,1.33
-0.825,0.282
-0.698,0.507
-0.915,0.157
-0.923,1.094
-0.936,1.147
-0.829,3.094
-0.868,2.034
-0.972,1.679
-1.047,1.518
-1.039,3.11
-1.048,0.066
-1.247,1.321
-1.135,1.535
-1.174,1.021
-1.358,3.94
-1.304,1.704
-1.372,4.03
-1.619,3.769
-1.778,2.079
-1.818,1.312
-1.964,0.286
-1.885,1.524
-2.077,2.133
-1.995,0.204
-2.016,1.346
-2.177,1.599
-2.105,1.691
-2.213,3.607
-2.222,0.541
-2.235,3.332
-2.264,2.15
-2.33,1.588
-2.319,1.074
-2.288,2.229
-2.365,2.924
-2.758,1.825
-2.73,1.795
-2.834,1.179
-2.768,0.486
-2.792,3.404
-3.008,3.521
-2.913,0.086
-3.049,0.559
-3.059,0.379
-2.989,2.756
-2.987,3.779
3.106,3.635
-3.095,3.32
3.015,1.668
2.997,0.396
3.016,1.504
2.989,2.278
2.86,3.992
2.811,3.518
2.93,2.106
2.793,1.304
2.768,1.099
2.687,3.809
2.306,4.084
2.313,1.029
2.006,1.308
2.077,2.59
1.988,2.143
1.771,3.577
1.88,1.021
1.675,1.311
1.655,1.268
1.204,2.161
1.276,2.542
1.098,3.04
1.087,3.438
1.134,1.581
0.926,2.977
1.089,0.734
0.847,0.824
0.845,0.159
0.367,-0.052
-0.208,-0.201
-0.336,-0.094
-0.843,-0.126
-1.423,-0.267
-1.433,-0.23
-1.796,0.047
-2.505,-0.161
-2.665,-0.3
-2.605,-0.199
-2.829,-0.137
-3.008,-0.286
2.986,-0.311
2.682,-0.098
2.307,-0.26
2.06,-0.063
1.672,-0.169
1.281,-0.238
0.858,4.241
0.702,4.42
0.629,4.418
0.725,4.416
0.687,4.341
-0.221,4.37
-2.018,4.224
-2.118,4.2
-2.275,4.307
-2.958,4.029
2.703,4.323
2.168,4.132
-0.288,3.476
-0.438,3.699
-0.438,0.981
-0.605,3.841
2.846,2.712
2.298,3.495
2.163,3.499
-2.009,1.187
-2.526,1.218
2.601,2.72
2.605,2.825
1.578,2.342
1.591,3.146
1.434,2.309
1.439,3.312
0.378,0.96
0.379,1.967
-1.989,2.119
0.48,4.123
2.549,0.212
2.421,4.225
-1.517,0.479
-1.843,0.257
-2.061,0.33
-2.343,0.338
-2.609,0.019
-2.817,0.101
-2.886,0.041
3.054,0.277
2.951,0.231
2.855,-0.071
2.301,0.247
1.95,0.203
1.824,0.173
1.621,0.07
1.674,0.3
1.553,0.041
1.127,0.058
0.943,4.412
0.938,4.578
0.434,4.777
-0.005,4.707
-0.184,4.527
-1.079,4.851
-1.381,4.554
-1.372,4.751
-1.454,4.827
-1.581,4.867
-1.731,4.469
-1.66,4.532
-1.914,4.766
-1.986,4.896
-2.099,4.791
-2.185,4.475
-2.472,4.884
-2.817,4.665
-3.102,4.813
2.546,4.55
2.221,4.622
2.16,4.657
1.805,4.513
1.435,4.838
1.446,4.779
1.183,4.71
0.296,1.473
-0.199,1.981
-0.841,4.002
-1.822,1.074
-3.14,3.058
2.435,4.041
-1.599,0.055
0.863,4.739
1.078,4.311
0.925,2.534
0.838,4.323
0.711,3.983
0.791,0.878
0.803,2.726
0.561,2.501
0.544,3.884
0.491,4.436
0.361,1.509
0.251,2.762
0.337,2.266
0.333,2.875
0.285,3.198
0.217,2.488
0.19,2.873
0.131,3.38
0.037,3.524
-0.159,4.29
-0.183,4.003
-0.103,4.182
-0.167,1.298
-0.374,3.932
-0.522,2.792
-0.607,1.713
-0.651,0.665
-0.524,0.89
-0.741,0.54
-0.749,1.477
-0.762,1.53
-0.655,3.477
-0.694,2.417
-0.798,2.062
-0.873,1.901
-0.865,3.493
-0.874,0.449
-1.073,1.704
-0.961,1.918
-1.0,1.404
-1.184,4.323
-1.13,2.087
-1.198,4.413
-1.445,4.152
-1.604,2.462
-1.644,1.695
-1.79,0.669
-1.711,1.907
-1.903,2.516
-1.821,0.587
-1.842,1.729
-2.003,1.982
-1.931,2.074
-2.039,3.99
-2.048,0.924
-2.061,3.715
-2.09,2.533
-2.156,1.971
-2.145,1.457
-2.114,2.612
-2.191,3.307
-2.584,2.208
-2.556,2.178
-2.66,1.562
-2.594,0.869
-2.618,3.787
-2.834,3.904
-2.739,0.469
-2.875,0.942
-2.885,0.762
-2.815,3.139
-2.813,4.162
-3.003,4.018
-2.921,3.703
-3.094,2.051
-3.112,0.779
-3.093,1.887
-3.12,2.661
3.034,4.375
2.985,3.901
3.104,2.489
2.967,1.687
2.942,1.482
2.861,4.192
2.48,4.467
2.487,1.412
2.18,1.691
2.251,2.973
2.162,2.526
1.945,3.96
2.054,1.404
1.849,1.694
1.829,1.651
1.378,2.544
1.45,2.925
1.272,3.423
1.261,3.821
1.308,1.964
1.1,3.36
1.263,1.117
1.021,1.207
1.019,0.542
0.541,0.331
-0.034,0.182
-0.162,0.289
-0.669,0.257
-1.249,0.116
-1.259,0.153
-1.622,0.43
-2.331,0.222
-2.491,0.083
-2.431,0.184
-2.655,0.246
-2.834,0.097
-3.123,0.072
2.856,0.285
2.481,0.123
2.234,0.32
1.846,0.214
1.455,0.145
1.032,4.624
0.876,4.803
0.803,4.801
0.899,4.799
0.861,4.724
-0.047,4.753
-1.844,4.607
-1.944,4.583
-2.101,4.69
-2.784,4.412
2.877,4.706
2.342,4.515
-0.114,3.859
-0.264,4.082
-0.264,1.364
-0.431,4.224
3.02,3.095
2.472,3.878
2.337,3.882
-1.835,1.57
-2.352,1.601
2.775,3.103
2.779,3.208
1.752,2.725
1.765,3.529
1.608,2.692
1.613,3.695
0.552,1.343
0.553,2.35
-1.815,2.502
0.654,4.506
2.723,0.595
2.595,4.608
-0.326,-0.222
-0.544,-0.149
-0.826,-0.141
-1.092,-0.46
-1.3,-0.378
-1.369,-0.438
-1.712,-0.202
-1.815,-0.248
-1.911,-0.55
-2.465,-0.232
-2.816,-0.276
-2.942,-0.306
3.138,-0.409
-3.092,-0.179
3.07,-0.438
2.644,-0.421
2.46,3.933
2.455,4.099
1.951,4.298
1.512,4.228
1.333,4.048
0.438,4.372
0.136,4.075
0.145,4.272
0.063,4.348
-0.064,4.388
-0.214,3.99
-0.143,4.053
-0.397,4.287
-0.469,4.417
-0.582,4.312
-0.668,3.996
-0.955,4.405
-1.3,4.186
-1.585,4.334
-2.22,4.071
-2.545,4.143
-2.606,4.178
-2.961,4.034
2.952,4.359
2.963,4.3
2.7,4.231
1.813,0.994
1.318,1.502
0.676,3.523
-0.305,0.595
-1.623,2.579
-2.331,3.562
-0.082,-0.424
2.38,4.26
2.595,3.832
2.442,2.055
2.355,3.844
2.228,3.504
2.308,0.399
2.32,2.247
2.078,2.022
2.061,3.405
2.008,3.957
1.878,1.03
1.768,2.283
1.854,1.787
1.85,2.396
1.802,2.719
1.734,2.009
1.707,2.394
1.648,2.901
1.554,3.045
1.358,3.811
1.334,3.524
1.414,3.703
1.35,0.819
1.143,3.453
0.995,2.313
0.91,1.234
0.866,0.186
0.993,0.411
0.776,0.061
0.768,0.998
0.755,1.051
0.862,2.998
0.823,1.938
0.719,1.583
0.644,1.422
0.652,3.014
0.643,-0.03
0.444,1.225
0.556,1.439
0.517,0.925
0.333,3.844
0.387,1.608
0.319,3.934
0.072,3.673
-0.087,1.983
-0.127,1.216
-0.273,0.19
-0.194,1.428
-0.386,2.037
-0.304,0.108
-0.325,1.25
-0.486,1.503
-0.414,1.595
-0.522,3.511
-0.531,0.445
-0.544,3.236
-0.573,2.054
-0.639,1.492
-0.628,0.978
-0.597,2.133
-0.674,2.828
-1.067,1.729
-1.039,1.699
-1.143,1.083
-1.077,0.39
-1.101,3.308
-1.317,3.425
-1.222,-0.01
-1.358,0.463
-1.368,0.283
-1.298,2.66
-1.296,3.683
-1.486,3.539
-1.404,3.224
-1.577,1.572
-1.595,0.3
-1.576,1.408
-1.603,2.182
-1.732,3.896
-1.781,3.422
-1.662,2.01
-1.799,1.208
-1.824,1.003
-1.905,3.713
-2.286,3.988
-2.279,0.933
-2.586,1.212
-2.515,2.494
-2.604,2.047
-2.821,3.481
-2.712,0.925
-2.917,1.215
-2.937,1.172
2.895,2.065
2.967,2.446
2.789,2.944
2.778,3.342
2.825,1.485
2.617,2.881
2.78,0.638
2.538,0.728
2.536,0.063
2.058,-0.148
1.483,-0.297
1.355,-0.19
0.848,-0.222
0.268,-0.363
0.258,-0.326
-0.105,-0.049
-0.814,-0.257
-0.974,-0.396
-0.914,-0.295
-1.138,-0.233
-1.317,-0.382
-1.606,-0.407
-1.91,-0.194
-2.285,-0.356
-2.532,-0.159
-2.92,-0.265
2.972,-0.334
2.549,4.145
2.393,4.324
2.32,4.322
2.416,4.32
2.378,4.245
1.47,4.274
-0.327,4.128
-0.427,4.104
-0.584,4.211
-1.267,3.933
-1.889,4.227
-2.424,4.036
1.403,3.38
1.253,3.603
1.253,0.885
1.086,3.745
-1.746,2.616
-2.294,3.399
-2.429,3.403
-0.318,1.091
-0.835,1.122
-1.991,2.624
-1.987,2.729
-3.014,2.246
-3.001,3.05
3.125,2.213
3.13,3.216
2.069,0.864
2.07,1.871
-0.298,2.023
2.171,4.027
-2.043,0.116
-2.171,4.129
-0.218,0.073
-0.5,0.081
-0.766,-0.238
-0.974,-0.156
-1.043,-0.216
-1.386,0.02
-1.489,-0.026
-1.585,-0.328
-2.139,-0.01
-2.49,-0.054
-2.616,-0.084
-2.819,-0.187
-2.766,0.043
-2.887,-0.216
2.97,-0.199
2.786,4.155
2.781,4.321
2.277,4.52
1.838,4.45
1.659,4.27
0.764,4.594
0.462,4.297
0.471,4.494
0.389,4.57
0.262,4.61
0.112,4.212
0.183,4.275
-0.071,4.509
-0.143,4.639
-0.256,4.534
-0.342,4.218
-0.629,4.627
-0.974,4.408
-1.259,4.556
-1.894,4.293
-2.219,4.365
-2.28,4.4
-2.635,4.256
-3.005,4.581
-2.994,4.522
3.026,4.453
2.139,1.216
1.644,1.724
1.002,3.745
0.021,0.817
-1.297,2.801
-2.005,3.784
0.244,-0.202
2.706,4.482
2.921,4.054
2.768,2.277
2.681,4.066
2.554,3.726
2.634,0.621
2.646,2.469
2.404,2.244
2.387,3.627
2.334,4.179
2.204,1.252
2.094,2.505
2.18,2.009
2.176,2.618
2.128,2.941
2.06,2.231
2.033,2.616
1.974,3.123
1.88,3.267
1.684,4.033
1.66,3.746
1.74,3.925
1.676,1.041
1.469,3.675
1.321,2.535
1.236,1.456
1.192,0.408
1.319,0.633
1.102,0.283
1.094,1.22
1.081,1.273
1.188,3.22
1.149,2.16
1.045,1.805
0.97,1.644
0.978,3.236
0.969,0.192
0.77,1.447
0.882,1.661
0.843,1.147
0.659,4.066
0.713,1.83
0.645,4.156
0.398,3.895
0.239,2.205
0.199,1.438
0.053,0.412
0.132,1.65
-0.06,2.259
0.022,0.33
0.001,1.472
-0.16,1.725
-0.088,1.817
-0.196,3.733
-0.205,0.667
-0.218,3.458
-0.247,2.276
-0.313,1.714
-0.302,1.2
-0.271,2.355
-0.348,3.05
-0.741,1.951
-0.713,1.921
-0.817,1.305
-0.751,0.612
-0.775,3.53
-0.991,3.647
-0.896,0.212
-1.032,0.685
-1.042,0.505
-0.972,2.882
-0.97,3.905
-1.16,3.761
-1.078,3.446
-1.251,1.794
-1.269,0.522
-1.25,1.63
-1.277,2.404
-1.406,4.118
-1.455,3.644
-1.336,2.232
-1.473,1.43
-1.498,1.225
-1.579,3.935
-1.96,4.21
-1.953,1.155
-2.26,1.434
-2.189,2.716
-2.278,2.269
-2.495,3.703
-2.386,1.147
-2.591,1.437
-2.611,1.394
-3.062,2.287
-2.99,2.668
3.115,3.166
3.104,3.564
-3.132,1.707
2.943,3.103
3.106,0.86
2.864,0.95
2.862,0.285
2.384,0.074
1.809,-0.075
1.681,0.032
1.174,0.0
0.594,-0.141
0.584,-0.104
0.221,0.173
-0.488,-0.035
-0.648,-0.174
-0.588,-0.073
-0.812,-0.011
-0.991,-0.16
-1.28,-0.185
-1.584,0.028
-1.959,-0.134
-2.206,0.063
-2.594,-0.043
-2.985,-0.112
2.875,4.367
2.719,4.546
2.646,4.544
2.742,4.542
2.704,4.467
1.796,4.496
-0.001,4.35
-0.101,4.326
-0.258,4.433
-0.941,4.155
-1.563,4.449
-2.098,4.258
1.729,3.602
1.579,3.825
1.579,1.107
1.412,3.967
-1.42,2.838
-1.968,3.621
-2.103,3.625
0.008,1.313
-0.509,1.344
-1.665,2.846
-1.661,2.951
-2.688,2.468
-2.675,3.272
-2.832,2.435
-2.827,3.438
2.395,1.086
2.396,2.093
0.028,2.245
2.497,4.249
-1.717,0.338
-1.845,4.351
-0.282,0.008
-0.548,-0.311
-0.756,-0.229
-0.825,-0.289
-1.168,-0.053
-1.271,-0.099
-1.367,-0.401
-1.921,-0.083
-2.272,-0.127
-2.398,-0.157
-2.601,-0.26
-2.548,-0.03
-2.669,-0.289
-3.095,-0.272
3.004,4.082
2.999,4.248
2.495,4.447
2.056,4.377
1.877,4.197
0.982,4.521
0.68,4.224
0.689,4.421
0.607,4.497
0.48,4.537
0.33,4.139
0.401,4.202
0.147,4.436
0.075,4.566
-0.038,4.461
-0.124,4.145
-0.411,4.554
-0.756,4.335
-1.041,4.483
-1.676,4.22
-2.001,4.292
-2.062,4.327
-2.417,4.183
-2.787,4.508
-2.776,4.449
-3.039,4.38
2.357,1.143
1.862,1.651
1.22,3.672
0.239,0.744
-1.079,2.728
-1.787,3.711
0.462,-0.275
2.924,4.409
3.139,3.981
2.986,2.204
2.899,3.993
2.772,3.653
2.852,0.548
2.864,2.396
2.622,2.171
2.605,3.554
2.552,4.106
2.422,1.179
2.312,2.432
2.398,1.936
2.394,2.545
2.346,2.868
2.278,2.158
2.251,2.543
2.192,3.05
2.098,3.194
1.902,3.96
1.878,3.673
1.958,3.852
1.894,0.968
1.687,3.602
1.539,2.462
1.454,1.383
1.41,0.335
1.537,0.56
1.32,0.21
1.312,1.147
1.299,1.2
1.406,3.147
1.367,2.087
1.263,1.732
1.188,1.571
1.196,3.163
1.187,0.119
0.988,1.374
1.1,1.588
1.061,1.074
0.877,3.993
0.931,1.757
0.863,4.083
0.616,3.822
0.457,2.132
0.417,1.365
0.271,0.339
0.35,1.577
0.158,2.186
0.24,0.257
0.219,1.399
0.058,1.652
0.13,1.744
0.022,3.66
0.013,0.594
0.0,3.385
-0.029,2.203
-0.095,1.641
-0.084,1.127
-0.053,2.282
-0.13,2.977
-0.523,1.878
-0.495,1.848
-0.599,1.232
-0.533,0.539
-0.557,3.457
-0.773,3.574
-0.678,0.139
-0.814,0.612
-0.824,0.432
-0.754,2.809
-0.752,3.832
-0.942,3.688
-0.86,3.373
-1.033,1.721
-1.051,0.449
-1.032,1.557
-1.059,2.331
-1.188,4.045
-1.237,3.571
-1.118,2.159
-1.255,1.357
-1.28,1.152
-1.361,3.862
-1.742,4.137
-1.735,1.082
-2.042,1.361
-1.971,2.643
-2.06,2.196
-2.277,3.63
-2.168,1.074
-2.373,1.364
-2.393,1.321
-2.844,2.214
-2.772,2.595
-2.95,3.093
-2.961,3.491
-2.914,1.634
-3.122,3.03
-2.959,0.787
3.082,0.877
3.08,0.212
2.602,0.001
2.027,-0.148
1.899,-0.041
1.392,-0.073
0.812,-0.214
0.802,-0.177
0.439,0.1
-0.27,-0.108
-0.43,-0.247
-0.37,-0.146
-0.594,-0.084
-0.773,-0.233
-1.062,-0.258
-1.366,-0.045
-1.741,-0.207
-1.988,-0.01
-2.376,-0.116
-2.767,-0.185
3.093,4.294
2.937,4.473
2.864,4.471
2.96,4.469
2.922,4.394
2.014,4.423
0.217,4.277
0.117,4.253
-0.04,4.36
-0.723,4.082
-1.345,4.376
-1.88,4.185
1.947,3.529
1.797,3.752
1.797,1.034
1.63,3.894
-1.202,2.765
-1.75,3.548
-1.885,3.552
0.226,1.24
-0.291,1.271
-1.447,2.773
-1.443,2.878
-2.47,2.395
-2.457,3.199
-2.614,2.362
-2.609,3.365
2.613,1.013
2.614,2.02
0.246,2.172
2.715,4.176
-1.499,0.265
-1.627,4.278
-0.266,-0.319
-0.474,-0.237
-0.543,-0.297
-0.886,-0.061
-0.989,-0.107
-1.085,-0.409
-1.639,-0.091
-1.99,-0.135
-2.116,-0.165
-2.319,-0.268
-2.266,-0.038
-2.387,-0.297
-2.813,-0.28
-2.997,4.074
-3.002,4.24
2.777,4.439
2.338,4.369
2.159,4.189
1.264,4.513
0.962,4.216
0.971,4.413
0.889,4.489
0.762,4.529
0.612,4.131
0.683,4.194
0.429,4.428
0.357,4.558
0.244,4.453
0.158,4.137
-0.129,4.546
-0.474,4.327
-0.759,4.475
-1.394,4.212
-1.719,4.284
-1.78,4.319
-2.135,4.175
-2.505,4.5
-2.494,4.441
-2.757,4.372
2.639,1.135
2.144,1.643
1.502,3.664
0.521,0.736
-0.797,2.72
-1.505,3.703
0.744,-0.283
-3.077,4.401
-2.862,3.973
-3.015,2.196
-3.102,3.985
3.054,3.645
3.134,0.54
-3.137,2.388
2.904,2.163
2.887,3.546
2.834,4.098
2.704,1.171
2.594,2.424
2.68,1.928
2.676,2.537
2.628,2.86
2.56,2.15
2.533,2.535
2.474,3.042
2.38,3.186
2.184,3.952
2.16,3.665
2.24,3.844
2.176,0.96
1.969,3.594
1.821,2.454
1.736,1.375
1.692,0.327
1.819,0.552
1.602,0.202
1.594,1.139
1.581,1.192
1.688,3.139
1.649,2.079
1.545,1.724
1.47,1.563
1.478,3.155
1.469,0.111
1.27,1.366
1.382,1.58
1.343,1.066
1.159,3.985
1.213,1.749
1.145,4.075
0.898,3.814
0.739,2.124
0.699,1.357
0.553,0.331
0.632,1.569
0.44,2.178
0.522,0.249
0.501,1.391
0.34,1.644
0.412,1.736
0.304,3.652
0.295,0.586
0.282,3.377
0.253,2.195
0.187,1.633
0.198,1.119
0.229,2.274
0.152,2.969
-0.241,1.87
-0.213,1.84
-0.317,1.224
-0.251,0.531
-0.275,3.449
-0.491,3.566
-0.396,0.131
-0.532,0.604
-0.542,0.424
-0.472,2.801
-0.47,3.824
-0.66,3.68
-0.578,3.365
-0.751,1.713
-0.769,0.441
-0.75,1.549
-0.777,2.323
-0.906,4.037
-0.955,3.563
-0.836,2.151
-0.973,1.349
-0.998,1.144
-1.079,3.854
-1.46,4.129
-1.453,1.074
-1.76,1.353
-1.689,2.635
-1.778,2.188
-1.995,3.622
-1.886,1.066
-2.091,1.356
-2.111,1.313
-2.562,2.206
-2.49,2.587
-2.668,3.085
-2.679,3.483
-2.632,1.626
-2.84,3.022
-2.677,0.779
-2.919,0.869
-2.921,0.204
2.884,-0.007
2.309,-0.156
2.181,-0.049
1.674,-0.081
1.094,-0.222
1.084,-0.185
0.721,0.092
0.012,-0.116
-0.148,-0.255
-0.088,-0.154
-0.312,-0.092
-0.491,-0.241
-0.78,-0.266
-1.084,-0.053
-1.459,-0.215
-1.706,-0.018
-2.094,-0.124
-2.485,-0.193
-2.908,4.286
-3.064,4.465
-3.137,4.463
-3.041,4.461
-3.079,4.386
2.296,4.415
0.499,4.269
0.399,4.245
0.242,4.352
-0.441,4.074
-1.063,4.368
-1.598,4.177
2.229,3.521
2.079,3.744
2.079,1.026
1.912,3.886
-0.92,2.757
-1.468,3.54
-1.603,3.544
0.508,1.232
-0.009,1.263
-1.165,2.765
-1.161,2.87
-2.188,2.387
-2.175,3.191
-2.332,2.354
-2.327,3.357
2.895,1.005
2.896,2.012
0.528,2.164
2.997,4.168
-1.217,0.257
-1.345,4.27
-0.208,0.082
-0.277,0.022
-0.62,0.258
-0.723,0.212
-0.819,-0.09
-1.373,0.228
-1.724,0.184
-1.85,0.154
-2.053,0.051
-2.0,0.281
-2.121,0.022
-2.547,0.039
-2.731,4.393
-2.736,4.559
3.043,4.758
2.604,4.688
2.425,4.508
1.53,4.832
1.228,4.535
1.237,4.732
1.155,4.808
1.028,4.848
0.878,4.45
0.949,4.513
0.695,4.747
0.623,4.877
0.51,4.772
0.424,4.456
0.137,4.865
-0.208,4.646
-0.493,4.794
-1.128,4.531
-1.453,4.603
-1.514,4.638
-1.869,4.494
-2.239,4.819
-2.228,4.76
-2.491,4.691
2.905,1.454
2.41,1.962
1.768,3.983
0.787,1.055
-0.531,3.039
-1.239,4.022
1.01,0.036
-2.811,4.72
-2.596,4.292
-2.749,2.515
-2.836,4.304
-2.963,3.964
-2.883,0.859
-2.871,2.707
-3.113,2.482
-3.13,3.865
3.1,4.417
2.97,1.49
2.86,2.743
2.946,2.247
2.942,2.856
2.894,3.179
2.826,2.469
2.799,2.854
2.74,3.361
2.646,3.505
2.45,4.271
2.426,3.984
2.506,4.163
2.442,1.279
2.235,3.913
2.087,2.773
2.002,1.694
1.958,0.646
2.085,0.871
1.868,0.521
1.86,1.458
1.847,1.511
1.954,3.458
1.915,2.398
1.811,2.043
1.736,1.882
1.744,3.474
1.735,0.43
1.536,1.685
1.648,1.899
1.609,1.385
1.425,4.304
1.479,2.068
1.411,4.394
1.164,4.133
1.005,2.443
0.965,1.676
0.819,0.65
0.898,1.888
0.706,2.497
0.788,0.568
0.767,1.71
0.606,1.963
0.678,2.055
0.57,3.971
0.561,0.905
0.548,3.696
0.519,2.514
0.453,1.952
0.464,1.438
0.495,2.593
0.418,3.288
0.025,2.189
0.053,2.159
-0.051,1.543
0.015,0.85
-0.009,3.768
-0.225,3.885
-0.13,0.45
-0.266,0.923
-0.276,0.743
-0.206,3.12
-0.204,4.143
-0.394,3.999
-0.312,3.684
-0.485,2.032
-0.503,0.76
-0.484,1.868
-0.511,2.642
-0.64,4.356
-0.689,3.882
-0.57,2.47
-0.707,1.668
-0.732,1.463
-0.813,4.173
-1.194,4.448
-1.187,1.393
-1.494,1.672
-1.423,2.954
-1.512,2.507
-1.729,3.941
-1.62,1.385
-1.825,1.675
-1.845,1.632
-2.296,2.525
-2.224,2.906
-2.402,3.404
-2.413,3.802
-2.366,1.945
-2.574,3.341
-2.411,1.098
-2.653,1.188
-2.655,0.523
-3.133,0.312
2.575,0.163
2.447,0.27
1.94,0.238
1.36,0.097
1.35,0.134
0.987,0.411
0.278,0.203
0.118,0.064
0.178,0.165
-0.046,0.227
-0.225,0.078
-0.514,0.053
-0.818,0.266
-1.193,0.104
-1.44,0.301
-1.828,0.195
-2.219,0.126
-2.642,4.605
-2.798,4.784
-2.871,4.782
-2.775,4.78
-2.813,4.705
2.562,4.734
0.765,4.588
0.665,4.564
0.508,4.671
-0.175,4.393
-0.797,4.687
-1.332,4.496
2.495,3.84
2.345,4.063
2.345,1.345
2.178,4.205
-0.654,3.076
-1.202,3.859
-1.337,3.863
0.774,1.551
0.257,1.582
-0.899,3.084
-0.895,3.189
-1.922,2.706
-1.909,3.51
-2.066,2.673
-2.061,3.676
-3.122,1.324
-3.121,2.331
0.794,2.483
-3.02,4.487
-0.951,0.576
-1.079,4.589
-0.069,-0.06
-0.412,0.176
-0.515,0.13
-0.611,-0.172
-1.165,0.146
-1.516,0.102
-1.642,0.072
-1.845,-0.031
-1.792,0.199
-1.913,-0.06
-2.339,-0.043
-2.523,4.311
-2.528,4.477
-3.032,4.676
2.812,4.606
2.633,4.426
1.738,4.75
1.436,4.453
1.445,4.65
1.363,4.726
1.236,4.766
1.086,4.368
1.157,4.431
0.903,4.665
0.831,4.795
0.718,4.69
0.632,4.374
0.345,4.783
0.0,4.564
-0.285,4.712
-0.92,4.449
-1.245,4.521
-1.306,4.556
-1.661,4.412
-2.031,4.737
-2.02,4.678
-2.283,4.609
3.113,1.372
2.618,1.88
1.976,3.901
0.995,0.973
-0.323,2.957
-1.031,3.94
1.218,-0.046
-2.603,4.638
-2.388,4.21
-2.541,2.433
-2.628,4.222
-2.755,3.882
-2.675,0.777
-2.663,2.625
-2.905,2.4
-2.922,3.783
-2.975,4.335
-3.105,1.408
3.068,2.661
-3.129,2.165
-3.133,2.774
3.102,3.097
3.034,2.387
3.007,2.772
2.948,3.279
2.854,3.423
2.658,4.189
2.634,3.902
2.714,4.081
2.65,1.197
2.443,3.831
2.295,2.691
2.21,1.612
2.166,0.564
2.293,0.789
2.076,0.439
2.068,1.376
2.055,1.429
2.162,3.376
2.123,2.316
2.019,1.961
1.944,1.8
1.952,3.392
1.943,0.348
1.744,1.603
1.856,1.817
1.817,1.303
1.633,4.222
1.687,1.986
1.619,4.312
1.372,4.051
1.213,2.361
1.173,1.594
1.027,0.568
1.106,1.806
0.914,2.415
0.996,0.486
0.975,1.628
0.814,1.881
0.886,1.973
0.778,3.889
0.769,0.823
0.756,3.614
0.727,2.432
0.661,1.87
0.672,1.356
0.703,2.511
0.626,3.206
0.233,2.107
0.261,2.077
0.157,1.461
0.223,0.768
0.199,3.686
-0.017,3.803
0.078,0.368
-0.058,0.841
-0.068,0.661
0.002,3.038
0.004,4.061
-0.186,3.917
-0.104,3.602
-0.277,1.95
-0.295,0.678
-0.276,1.786
-0.303,2.56
-0.432,4.274
-0.481,3.8
-0.362,2.388
-0.499,1.586
-0.524,1.381
-0.605,4.091
-0.986,4.366
-0.979,1.311
-1.286,1.59
-1.215,2.872
-1.304,2.425
-1.521,3.859
-1.412,1.303
-1.617,1.593
-1.637,1.55
-2.088,2.443
-2.016,2.824
-2.194,3.322
-2.205,3.72
-2.158,1.863
-2.366,3.259
-2.203,1.016
-2.445,1.106
-2.447,0.441
-2.925,0.23
2.783,0.081
2.655,0.188
2.148,0.156
1.568,0.015
1.558,0.052
1.195,0.329
0.486,0.121
0.326,-0.018
0.386,0.083
0.162,0.145
-0.017,-0.004
-0.306,-0.029
-0.61,0.184
-0.985,0.022
-1.232,0.219
-1.62,0.113
-2.011,0.044
-2.434,4.523
-2.59,4.702
-2.663,4.7
-2.567,4.698
-2.605,4.623
2.77,4.652
0.973,4.506
0.873,4.482
0.716,4.589
0.033,4.311
-0.589,4.605
-1.124,4.414
2.703,3.758
2.553,3.981
2.553,1.263
2.386,4.123
-0.446,2.994
-0.994,3.777
-1.129,3.781
0.982,1.469
0.465,1.5
-0.691,3.002
-0.687,3.107
-1.714,2.624
-1.701,3.428
-1.858,2.591
-1.853,3.594
-2.914,1.242
-2.913,2.249
1.002,2.401
-2.812,4.405
-0.743,0.494
-0.871,4.507
-0.343,0.236
-0.446,0.19
-0.542,-0.112
-1.096,0.206
-1.447,0.162
-1.573,0.132
-1.776,0.029
-1.723,0.259
-1.844,0.0
-2.27,0.017
-2.454,4.371
-2.459,4.537
-2.963,4.736
2.881,4.666
2.702,4.486
1.807,4.81
1.505,4.513
1.514,4.71
1.432,4.786
1.305,4.826
1.155,4.428
1.226,4.491
0.972,4.725
0.9,4.855
0.787,4.75
0.701,4.434
0.414,4.843
0.069,4.624
-0.216,4.772
-0.851,4.509
-1.176,4.581
-1.237,4.616
-1.592,4.472
-1.962,4.797
-1.951,4.738
-2.214,4.669
-3.101,1.432
2.687,1.94
2.045,3.961
1.064,1.033
-0.254,3.017
-0.962,4.0
1.287,0.014
-2.534,4.698
-2.319,4.27
-2.472,2.493
-2.559,4.282
-2.686,3.942
-2.606,0.837
-2.594,2.685
-2.836,2.46
-2.853,3.843
-2.906,4.395
-3.036,1.468
3.137,2.721
-3.06,2.225
-3.064,2.834
-3.112,3.157
3.103,2.447
3.076,2.832
3.017,3.339
2.923,3.483
2.727,4.249
2.703,3.962
2.783,4.141
2.719,1.257
2.512,3.891
2.364,2.751
2.279,1.672
2.235,0.624
2.362,0.849
2.145,0.499
2.137,1.436
2.124,1.489
2.231,3.436
2.192,2.376
2.088,2.021
2.013,1.86
2.021,3.452
2.012,0.408
1.813,1.663
1.925,1.877
1.886,1.363
1.702,4.282
1.756,2.046
1.688,4.372
1.441,4.111
1.282,2.421
1.242,1.654
1.096,0.628
1.175,1.866
0.983,2.475
1.065,0.546
1.044,1.688
0.883,1.941
0.955,2.033
0.847,3.949
0.838,0.883
0.825,3.674
0.796,2.492
0.73,1.93
0.741,1.416
0.772,2.571
0.695,3.266
0.302,2.167
0.33,2.137
0.226,1.521
0.292,0.828
0.268,3.746
0.052,3.863
0.147,0.428
0.011,0.901
0.001,0.721
0.071,3.098
0.073,4.121
-0.117,3.977
-0.035,3.662
-0.208,2.01
-0.226,0.738
-0.207,1.846
-0.234,2.62
-0.363,4.334
-0.412,3.86
-0.293,2.448
-0.43,1.646
-0.455,1.441
-0.536,4.151
-0.917,4.426
-0.91,1.371
-1.217,1.65
-1.146,2.932
-1.235,2.485
-1.452,3.919
-1.343,1.363
-1.548,1.653
-1.568,1.61
-2.019,2.503
-1.947,2.884
-2.125,3.382
-2.136,3.78
-2.089,1.923
-2.297,3.319
-2.134,1.076
-2.376,1.166
-2.378,0.501
-2.856,0.29
2.852,0.141
2.724,0.248
2.217,0.216
1.637,0.075
1.627,0.112
1.264,0.389
0.555,0.181
0.395,0.042
0.455,0.143
0.231,0.205
0.052,0.056
-0.237,0.031
-0.541,0.244
-0.916,0.082
-1.163,0.279
-1.551,0.173
-1.942,0.104
-2.365,4.583
-2.521,4.762
-2.594,4.76
-2.498,4.758
-2.536,4.683
2.839,4.712
1.042,4.566
0.942,4.542
0.785,4.649
0.102,4.371
-0.52,4.665
-1.055,4.474
2.772,3.818
2.622,4.041
2.622,1.323
2.455,4.183
-0.377,3.054
-0.925,3.837
-1.06,3.841
1.051,1.529
0.534,1.56
-0.622,3.062
-0.618,3.167
-1.645,2.684
-1.632,3.488
-1.789,2.651
-1.784,3.654
-2.845,1.302
-2.844,2.309
1.071,2.461
-2.743,4.465
-0.674,0.554
-0.802,4.567
-0.103,-0.046
-0.199,-0.348
-0.753,-0.03
-1.104,-0.074
-1.23,-0.104
-1.433,-0.207
-1.38,0.023
-1.501,-0.236
-1.927,-0.219
-2.111,4.135
-2.116,4.301
-2.62,4.5
-3.059,4.43
3.045,4.25
2.15,4.574
1.848,4.277
1.857,4.474
1.775,4.55
1.648,4.59
1.498,4.192
1.569,4.255
1.315,4.489
1.243,4.619
1.13,4.514
1.044,4.198
0.757,4.607
0.412,4.388
0.127,4.536
-0.508,4.273
-0.833,4.345
-0.894,4.38
-1.249,4.236
-1.619,4.561
-1.608,4.502
-1.871,4.433
-2.758,1.196
3.03,1.704
2.388,3.725
1.407,0.797
0.089,2.781
-0.619,3.764
1.63,-0.222
-2.191,4.462
-1.976,4.034
-2.129,2.257
-2.216,4.046
-2.343,3.706
-2.263,0.601
-2.251,2.449
-2.493,2.224
-2.51,3.607
-2.563,4.159
-2.693,1.232
-2.803,2.485
-2.717,1.989
-2.721,2.598
-2.769,2.921
-2.837,2.211
-2.864,2.596
-2.923,3.103
-3.017,3.247
3.07,4.013
3.046,3.726
3.126,3.905
3.062,1.021
2.855,3.655
2.707,2.515
2.622,1.436
2.578,0.388
2.705,0.613
2.488,0.263
2.48,1.2
2.467,1.253
2.574,3.2
2.535,2.14
2.431,1.785
2.356,1.624
2.364,3.216
2.355,0.172
2.156,1.427
2.268,1.641
2.229,1.127
2.045,4.046
2.099,1.81
2.031,4.136
1.784,3.875
1.625,2.185
1.585,1.418
1.439,0.392
1.518,1.63
1.326,2.239
1.408,0.31
1.387,1.452
1.226,1.705
1.298,1.797
1.19,3.713
1.181,0.647
1.168,3.438
1.139,2.256
1.073,1.694
1.084,1.18
1.115,2.335
1.038,3.03
0.645,1.931
0.673,1.901
0.569,1.285
0.635,0.592
0.611,3.51
0.395,3.627
0.49,0.192
0.354,0.665
0.344,0.485
0.414,2.862
0.416,3.885
0.226,3.741
0.308,3.426
0.135,1.774
0.117,0.502
0.136,1.61
0.109,2.384
-0.02,4.098
-0.069,3.624
0.05,2.212
-0.087,1.41
-0.112,1.205
-0.193,3.915
-0.574,4.19
-0.567,1.135
-0.874,1.414
-0.803,2.696
-0.892,2.249
-1.109,3.683
-1.0,1.127
-1.205,1.417
-1.225,1.374
-1.676,2.267
-1.604,2.648
-1.782,3.146
-1.793,3.544
-1.746,1.687
-1.954,3.083
-1.791,0.84
-2.033,0.93
-2.035,0.265
-2.513,0.054
-3.088,-0.095
3.067,0.012
2.56,-0.02
1.98,-0.161
1.97,-0.124
1.607,0.153
0.898,-0.055
0.738,-0.194
0.798,-0.093
0.574,-0.031
0.395,-0.18
0.106,-0.205
-0.198,0.008
-0.573,-0.154
-0.82,0.043
-1.208,-0.063
-1.599,-0.132
-2.022,4.347
-2.178,4.526
-2.251,4.524
-2.155,4.522
-2.193,4.447
-3.101,4.476
1.385,4.33
1.285,4.306
1.128,4.413
0.445,4.135
-0.177,4.429
-0.712,4.238
3.115,3.582
2.965,3.805
2.965,1.087
2.798,3.947
-0.034,2.818
-0.582,3.601
-0.717,3.605
1.394,1.293
0.877,1.324
-0.279,2.826
-0.275,2.931
-1.302,2.448
-1.289,3.252
-1.446,2.415
-1.441,3.418
-2.502,1.066
-2.501,2.073
1.414,2.225
-2.4,4.229
-0.331,0.318
-0.459,4.331
-0.096,-0.302
-0.65,0.016
-1.001,-0.028
-1.127,-0.058
-1.33,-0.161
-1.277,0.069
-1.398,-0.19
-1.824,-0.173
-2.008,4.181
-2.013,4.347
-2.517,4.546
-2.956,4.476
-3.135,4.296
2.253,4.62
1.951,4.323
1.96,4.52
1.878,4.596
1.751,4.636
1.601,4.238
1.672,4.301
1.418,4.535
1.346,4.665
1.233,4.56
1.147,4.244
0.86,4.653
0.515,4.434
0.23,4.582
-0.405,4.319
-0.73,4.391
-0.791,4.426
-1.146,4.282
-1.516,4.607
-1.505,4.548
-1.768,4.479
-2.655,1.242
3.133,1.75
2.491,3.771
1.51,0.843
0.192,2.827
-0.516,3.81
1.733,-0.176
-2.088,4.508
-1.873,4.08
-2.026,2.303
-2.113,4.092
-2.24,3.752
-2.16,0.647
-2.148,2.495
-2.39,2.27
-2.407,3.653
-2.46,4.205
-2.59,1.278
-2.7,2.531
-2.614,2.035
-2.618,2.644
-2.666,2.967
-2.734,2.257
-2.761,2.642
-2.82,3.149
-2.914,3.293
-3.11,4.059
-3.134,3.772
-3.054,3.951
-3.118,1.067
2.958,3.701
2.81,2.561
2.725,1.482
2.681,0.434
2.808,0.659
2.591,0.309
2.583,1.246
2.57,1.299
2.677,3.246
2.638,2.186
2.534,1.831
2.459,1.67
2.467,3.262
2.458,0.218
2.259,1.473
2.371,1.687
2.332,1.173
2.148,4.092
2.202,1.856
2.134,4.182
1.887,3.921
1.728,2.231
1.688,1.464
1.542,0.438
1.621,1.676
1.429,2.285
1.511,0.356
1.49,1.498
1.329,1.751
1.401,1.843
1.293,3.759
1.284,0.693
1.271,3.484
1.242,2.302
1.176,1.74
1.187,1.226
1.218,2.381
1.141,3.076
0.748,1.977
0.776,1.947
0.672,1.331
0.738,0.638
0.714,3.556
0.498,3.673
0.593,0.238
0.457,0.711
0.447,0.531
0.517,2.908
0.519,3.931
0.329,3.787
0.411,3.472
0.238,1.82
0.22,0.548
0.239,1.656
0.212,2.43
0.083,4.144
0.034,3.67
0.153,2.258
0.016,1.456
-0.009,1.251
-0.09,3.961
-0.471,4.236
-0.464,1.181
-0.771,1.46
-0.7,2.742
-0.789,2.295
-1.006,3.729
-0.897,1.173
-1.102,1.463
-1.122,1.42
-1.573,2.313
-1.501,2.694
-1.679,3.192
-1.69,3.59
-1.643,1.733
-1.851,3.129
-1.688,0.886
-1.93,0.976
-1.932,0.311
-2.41,0.1
-2.985,-0.049
-3.113,0.058
2.663,0.026
2.083,-0.115
2.073,-0.078
1.71,0.199
1.001,-0.009
0.841,-0.148
0.901,-0.047
0.677,0.015
0.498,-0.134
0.209,-0.159
-0.095,0.054
-0.47,-0.108
-0.717,0.089
-1.105,-0.017
-1.496,-0.086
-1.919,4.393
-2.075,4.572
-2.148,4.57
-2.052,4.568
-2.09,4.493
-2.998,4.522
1.488,4.376
1.388,4.352
1.231,4.459
0.548,4.181
-0.074,4.475
-0.609,4.284
-3.065,3.628
3.068,3.851
3.068,1.133
2.901,3.993
0.069,2.864
-0.479,3.647
-0.614,3.651
1.497,1.339
0.98,1.37
-0.176,2.872
-0.172,2.977
-1.199,2.494
-1.186,3.298
-1.343,2.461
-1.338,3.464
-2.399,1.112
-2.398,2.119
1.517,2.271
-2.297,4.275
-0.228,0.364
-0.356,4.377
-0.554,0.318
-0.905,0.274
-1.031,0.244
-1.234,0.141
-1.181,0.371
-1.302,0.112
-1.728,0.129
-1.912,4.483
-1.917,4.649
-2.421,4.848
-2.86,4.778
-3.039,4.598
2.349,4.922
2.047,4.625
2.056,4.822
1.974,4.898
1.847,4.938
1.697,4.54
1.768,4.603
1.514,4.837
1.442,4.967
1.329,4.862
1.243,4.546
0.956,4.955
0.611,4.736
0.326,4.884
-0.309,4.621
-0.634,4.693
-0.695,4.728
-1.05,4.584
-1.42,4.909
-1.409,4.85
-1.672,4.781
-2.559,1.544
-3.054,2.052
2.587,4.073
1.606,1.145
0.288,3.129
-0.42,4.112
1.829,0.126
-1.992,4.81
-1.777,4.382
-1.93,2.605
-2.017,4.394
-2.144,4.054
-2.064,0.949
-2.052,2.797
-2.294,2.572
-2.311,3.955
-2.364,4.507
-2.494,1.58
-2.604,2.833
-2.518,2.337
-2.522,2.946
-2.57,3.269
-2.638,2.559
-2.665,2.944
-2.724,3.451
-2.818,3.595
-3.014,4.361
-3.038,4.074
-2.958,4.253
-3.022,1.369
3.054,4.003
2.906,2.863
2.821,1.784
2.777,0.736
2.904,0.961
2.687,0.611
2.679,1.548
2.666,1.601
2.773,3.548
2.734,2.488
2.63,2.133
2.555,1.972
2.563,3.564
2.554,0.52
2.355,1.775
2.467,1.989
2.428,1.475
2.244,4.394
2.298,2.158
2.23,4.484
1.983,4.223
1.824,2.533
1.784,1.766
1.638,0.74
1.717,1.978
1.525,2.587
1.607,0.658
1.586,1.8
1.425,2.053
1.497,2.145
1.389,4.061
1.38,0.995
1.367,3.786
1.338,2.604
1.272,2.042
1.283,1.528
1.314,2.683
1.237,3.378
0.844,2.279
0.872,2.249
0.768,1.633
0.834,0.94
0.81,3.858
0.594,3.975
0.689,0.54
0.553,1.013
0.543,0.833
0.613,3.21
0.615,4.233
0.425,4.089
0.507,3.774
0.334,2.122
0.316,0.85
0.335,1.958
0.308,2.732
0.179,4.446
0.13,3.972
0.249,2.56
0.112,1.758
0.087,1.553
0.006,4.263
-0.375,4.538
-0.368,1.483
-0.675,1.762
-0.604,3.044
-0.693,2.597
-0.91,4.031
-0.801,1.475
-1.006,1.765
-1.026,1.722
-1.477,2.615
-1.405,2.996
-1.583,3.494
-1.594,3.892
-1.547,2.035
-1.755,3.431
-1.592,1.188
-1.834,1.278
-1.836,0.613
-2.314,0.402
-2.889,0.253
-3.017,0.36
2.759,0.328
2.179,0.187
2.169,0.224
1.806,0.501
1.097,0.293
0.937,0.154
0.997,0.255
0.773,0.317
0.594,0.168
0.305,0.143
0.001,0.356
-0.374,0.194
-0.621,0.391
-1.009,0.285
-1.4,0.216
-1.823,4.695
-1.979,4.874
-2.052,4.872
-1.956,4.87
-1.994,4.795
-2.902,4.824
1.584,4.678
1.484,4.654
1.327,4.761
0.644,4.483
0.022,4.777
-0.513,4.586
-2.969,3.93
-3.119,4.153
-3.119,1.435
2.997,4.295
0.165,3.166
-0.383,3.949
-0.518,3.953
1.593,1.641
1.076,1.672
-0.08,3.174
-0.076,3.279
-1.103,2.796
-1.09,3.6
-1.247,2.763
-1.242,3.766
-2.303,1.414
-2.302,2.421
1.613,2.573
-2.201,4.577
-0.132,0.666
-0.26,4.679
-0.351,-0.044
-0.477,-0.074
-0.68,-0.177
-0.627,0.053
-0.748,-0.206
-1.174,-0.189
-1.358,4.165
-1.363,4.331
-1.867,4.53
-2.306,4.46
-2.485,4.28
2.903,4.604
2.601,4.307
2.61,4.504
2.528,4.58
2.401,4.62
2.251,4.222
2.322,4.285
2.068,4.519
1.996,4.649
1.883,4.544
1.797,4.228
1.51,4.637
1.165,4.418
0.88,4.566
0.245,4.303
-0.08,4.375
-0.141,4.41
-0.496,4.266
-0.866,4.591
-0.855,4.532
-1.118,4.463
-2.005,1.226
-2.5,1.734
3.141,3.755
2.16,0.827
0.842,2.811
0.134,3.794
2.383,-0.192
-1.438,4.492
-1.223,4.064
-1.376,2.287
-1.463,4.076
-1.59,3.736
-1.51,0.631
-1.498,2.479
-1.74,2.254
-1.757,3.637
-1.81,4.189
-1.94,1.262
-2.05,2.515
-1.964,2.019
-1.968,2.628
-2.016,2.951
-2.084,2.241
-2.111,2.626
-2.17,3.133
-2.264,3.277
-2.46,4.043
-2.484,3.756
-2.404,3.935
-2.468,1.051
-2.675,3.685
-2.823,2.545
-2.908,1.466
-2.952,0.418
-2.825,0.643
-3.042,0.293
-3.05,1.23
-3.063,1.283
-2.956,3.23
-2.995,2.17
-3.099,1.815
3.109,1.654
3.117,3.246
3.108,0.202
2.909,1.457
3.021,1.671
2.982,1.157
2.798,4.076
2.852,1.84
2.784,4.166
2.537,3.905
2.378,2.215
2.338,1.448
2.192,0.422
2.271,1.66
2.079,2.269
2.161,0.34
2.14,1.482
1.979,1.735
2.051,1.827
1.943,3.743
1.934,0.677
1.921,3.468
1.892,2.286
1.826,1.724
1.837,1.21
1.868,2.365
1.791,3.06
1.398,1.961
1.426,1.931
1.322,1.315
1.388,0.622
1.364,3.54
1.148,3.657
1.243,0.222
1.107,0.695
1.097,0.515
1.167,2.892
1.169,3.915
0.979,3.771
1.061,3.456
0.888,1.804
0.87,0.532
0.889,1.64
0.862,2.414
0.733,4.128
0.684,3.654
0.803,2.242
0.666,1.44
0.641,1.235
0.56,3.945
0.179,4.22
0.186,1.165
-0.121,1.444
-0.05,2.726
-0.139,2.279
-0.356,3.713
-0.247,1.157
-0.452,1.447
-0.472,1.404
-0.923,2.297
-0.851,2.678
-1.029,3.176
-1.04,3.574
-0.993,1.717
-1.201,3.113
-1.038,0.87
-1.28,0.96
-1.282,0.295
-1.76,0.084
-2.335,-0.065
-2.463,0.042
-2.97,0.01
2.733,-0.131
2.723,-0.094
2.36,0.183
1.651,-0.025
1.491,-0.164
1.551,-0.063
1.327,-0.001
1.148,-0.15
0.859,-0.175
0.555,0.038
0.18,-0.124
-0.067,0.073
-0.455,-0.033
-0.846,-0.102
-1.269,4.377
-1.425,4.556
-1.498,4.554
-1.402,4.552
-1.44,4.477
-2.348,4.506
2.138,4.36
2.038,4.336
1.881,4.443
1.198,4.165
0.576,4.459
0.041,4.268
-2.415,3.612
-2.565,3.835
-2.565,1.117
-2.732,3.977
0.719,2.848
0.171,3.631
0.036,3.635
2.147,1.323
1.63,1.354
0.474,2.856
0.478,2.961
-0.549,2.478
-0.536,3.282
-0.693,2.445
-0.688,3.448
-1.749,1.096
-1.748,2.103
2.167,2.255
-1.647,4.259
0.422,0.348
0.294,4.361
-0.126,-0.03
-0.329,-0.133
-0.276,0.097
-0.397,-0.162
-0.823,-0.145
-1.007,4.209
-1.012,4.375
-1.516,4.574
-1.955,4.504
-2.134,4.324
-3.029,4.648
2.952,4.351
2.961,4.548
2.879,4.624
2.752,4.664
2.602,4.266
2.673,4.329
2.419,4.563
2.347,4.693
2.234,4.588
2.148,4.272
1.861,4.681
1.516,4.462
1.231,4.61
0.596,4.347
0.271,4.419
0.21,4.454
-0.145,4.31
-0.515,4.635
-0.504,4.576
-0.767,4.507
-1.654,1.27
-2.149,1.778
-2.791,3.799
2.511,0.871
1.193,2.855
0.485,3.838
2.734,-0.148
-1.087,4.536
-0.872,4.108
-1.025,2.331
-1.112,4.12
-1.239,3.78
-1.159,0.675
-1.147,2.523
-1.389,2.298
-1.406,3.681
-1.459,4.233
-1.589,1.306
-1.699,2.559
-1.613,2.063
-1.617,2.672
-1.665,2.995
-1.733,2.285
-1.76,2.67
-1.819,3.177
-1.913,3.321
-2.109,4.087
-2.133,3.8
-2.053,3.979
-2.117,1.095
-2.324,3.729
-2.472,2.589
-2.557,1.51
-2.601,0.462
-2.474,0.687
-2.691,0.337
-2.699,1.274
-2.712,1.327
-2.605,3.274
-2.644,2.214
-2.748,1.859
-2.823,1.698
-2.815,3.29
-2.824,0.246
-3.023,1.501
-2.911,1.715
-2.95,1.201
-3.134,4.12
-3.08,1.884
3.135,4.21
2.888,3.949
2.729,2.259
2.689,1.492
2.543,0.466
2.622,1.704
2.43,2.313
2.512,0.384
2.491,1.526
2.33,1.779
2.402,1.871
2.294,3.787
2.285,0.721
2.272,3.512
2.243,2.33
2.177,1.768
2.188,1.254
2.219,2.409
2.142,3.104
1.749,2.005
1.777,1.975
1.673,1.359
1.739,0.666
1.715,3.584
1.499,3.701
1.594,0.266
1.458,0.739
1.448,0.559
1.518,2.936
1.52,3.959
1.33,3.815
1.412,3.5
1.239,1.848
1.221,0.576
1.24,1.684
1.213,2.458
1.084,4.172
1.035,3.698
1.154,2.286
1.017,1.484
0.992,1.279
0.911,3.989
0.53,4.264
0.537,1.209
0.23,1.488
0.301,2.77
0.212,2.323
-0.005,3.757
0.104,1.201
-0.101,1.491
-0.121,1.448
-0.572,2.341
-0.5,2.722
-0.678,3.22
-0.689,3.618
-0.642,1.761
-0.85,3.157
-0.687,0.914
-0.929,1.004
-0.931,0.339
-1.409,0.128
-1.984,-0.021
-2.112,0.086
-2.619,0.054
3.084,-0.087
3.074,-0.05
2.711,0.227
2.002,0.019
1.842,-0.12
1.902,-0.019
1.678,0.043
1.499,-0.106
1.21,-0.131
0.906,0.082
0.531,-0.08
0.284,0.117
-0.104,0.011
-0.495,-0.058
-0.918,4.421
-1.074,4.6
-1.147,4.598
-1.051,4.596
-1.089,4.521
-1.997,4.55
2.489,4.404
2.389,4.38
2.232,4.487
1.549,4.209
0.927,4.503
0.392,4.312
-2.064,3.656
-2.214,3.879
-2.214,1.161
-2.381,4.021
1.07,2.892
0.522,3.675
0.387,3.679
2.498,1.367
1.981,1.398
0.825,2.9
0.829,3.005
-0.198,2.522
-0.185,3.326
-0.342,2.489
-0.337,3.492
-1.398,1.14
-1.397,2.147
2.518,2.299
-1.296,4.303
0.773,0.392
0.645,4.405
-0.203,-0.103
-0.15,0.127
-0.271,-0.132
-0.697,-0.115
-0.881,4.239
-0.886,4.405
-1.39,4.604
-1.829,4.534
-2.008,4.354
-2.903,4.678
3.078,4.381
3.087,4.578
3.005,4.654
2.878,4.694
2.728,4.296
2.799,4.359
2.545,4.593
2.473,4.723
2.36,4.618
2.274,4.302
1.987,4.711
1.642,4.492
1.357,4.64
0.722,4.377
0.397,4.449
0.336,4.484
-0.019,4.34
-0.389,4.665
-0.378,4.606
-0.641,4.537
-1.528,1.3
-2.023,1.808
-2.665,3.829
2.637,0.901
1.319,2.885
0.611,3.868
2.86,-0.118
-0.961,4.566
-0.746,4.138
-0.899,2.361
-0.986,4.15
-1.113,3.81
-1.033,0.705
-1.021,2.553
-1.263,2.328
-1.28,3.711
-1.333,4.263
-1.463,1.336
-1.573,2.589
-1.487,2.093
-1.491,2.702
-1.539,3.025
-1.607,2.315
-1.634,2.7
-1.693,3.207
-1.787,3.351
-1.983,4.117
-2.007,3.83
-1.927,4.009
-1.991,1.125
-2.198,3.759
-2.346,2.619
-2.431,1.54
-2.475,0.492
-2.348,0.717
-2.565,0.367
-2.573,1.304
-2.586,1.357
-2.479,3.304
-2.518,2.244
-2.622,1.889
-2.697,1.728
-2.689,3.32
-2.698,0.276
-2.897,1.531
-2.785,1.745
-2.824,1.231
-3.008,4.15
-2.954,1.914
-3.022,4.24
3.014,3.979
2.855,2.289
2.815,1.522
2.669,0.496
2.748,1.734
2.556,2.343
2.638,0.414
2.617,1.556
2.456,1.809
2.528,1.901
2.42,3.817
2.411,0.751
2.398,3.542
2.369,2.36
2.303,1.798
2.314,1.284
2.345,2.439
2.268,3.134
1.875,2.035
1.903,2.005
1.799,1.389
1.865,0.696
1.841,3.614
1.625,3.731
1.72,0.296
1.584,0.769
1.574,0.589
1.644,2.966
1.646,3.989
1.456,3.845
1.538,3.53
1.365,1.878
1.347,0.606
1.366,1.714
1.339,2.488
1.21,4.202
1.161,3.728
1.28,2.316
1.143,1.514
1.118,1.309
1.037,4.019
0.656,4.294
0.663,1.239
0.356,1.518
0.427,2.8
0.338,2.353
0.121,3.787
0.23,1.231
0.025,1.521
0.005,1.478
-0.446,2.371
-0.374,2.752
-0.552,3.25
-0.563,3.648
-0.516,1.791
-0.724,3.187
-0.561,0.944
-0.803,1.034
-0.805,0.369
-1.283,0.158
-1.858,0.009
-1.986,0.116
-2.493,0.084
-3.073,-0.057
-3.083,-0.02
2.837,0.257
2.128,0.049
1.968,-0.09
2.028,0.011
1.804,0.073
1.625,-0.076
1.336,-0.101
1.032,0.112
0.657,-0.05
0.41,0.147
0.022,0.041
-0.369,-0.028
-0.792,4.451
-0.948,4.63
-1.021,4.628
-0.925,4.626
-0.963,4.551
-1.871,4.58
2.615,4.434
2.515,4.41
2.358,4.517
1.675,4.239
1.053,4.533
0.518,4.342
-1.938,3.686
-2.088,3.909
-2.088,1.191
-2.255,4.051
1.196,2.922
0.648,3.705
0.513,3.709
2.624,1.397
2.107,1.428
0.951,2.93
0.955,3.035
-0.072,2.552
-0.059,3.356
-0.216,2.519
-0.211,3.522
-1.272,1.17
-1.271,2.177
2.644,2.329
-1.17,4.333
0.899,0.422
0.771,4.435
0.053,0.23
-0.068,-0.029
-0.494,-0.012
-0.678,4.342
-0.683,4.508
-1.187,4.707
-1.626,4.637
-1.805,4.457
-2.7,4.781
-3.002,4.484
-2.993,4.681
-3.075,4.757
3.081,4.797
2.931,4.399
3.002,4.462
2.748,4.696
2.676,4.826
2.563,4.721
2.477,4.405
2.19,4.814
1.845,4.595
1.56,4.743
0.925,4.48
0.6,4.552
0.539,4.587
0.184,4.443
-0.186,4.768
-0.175,4.709
-0.438,4.64
-1.325,1.403
-1.82,1.911
-2.462,3.932
2.84,1.004
1.522,2.988
0.814,3.971
3.063,-0.015
-0.758,4.669
-0.543,4.241
-0.696,2.464
-0.783,4.253
-0.91,3.913
-0.83,0.808
-0.818,2.656
-1.06,2.431
-1.077,3.814
-1.13,4.366
-1.26,1.439
-1.37,2.692
-1.284,2.196
-1.288,2.805
-1.336,3.128
-1.404,2.418
-1.431,2.803
-1.49,3.31
-1.584,3.454
-1.78,4.22
-1.804,3.933
-1.724,4.112
-1.788,1.228
-1.995,3.862
-2.143,2.722
-2.228,1.643
-2.272,0.595
-2.145,0.82
-2.362,0.47
-2.37,1.407
-2.383,1.46
-2.276,3.407
-2.315,2.347
-2.419,1.992
-2.494,1.831
-2.486,3.423
-2.495,0.379
-2.694,1.634
-2.582,1.848
-2.621,1.334
-2.805,4.253
-2.751,2.017
-2.819,4.343
-3.066,4.082
3.058,2.392
3.018,1.625
2.872,0.599
2.951,1.837
2.759,2.446
2.841,0.517
2.82,1.659
2.659,1.912
2.731,2.004
2.623,3.92
2.614,0.854
2.601,3.645
2.572,2.463
2.506,1.901
2.517,1.387
2.548,2.542
2.471,3.237
2.078,2.138
2.106,2.108
2.002,1.492
2.068,0.799
2.044,3.717
1.828,3.834
1.923,0.399
1.787,0.872
1.777,0.692
1.847,3.069
1.849,4.092
1.659,3.948
1.741,3.633
1.568,1.981
1.55,0.709
1.569,1.817
1.542,2.591
1.413,4.305
1.364,3.831
1.483,2.419
1.346,1.617
1.321,1.412
1.24,4.122
0.859,4.397
0.866,1.342
0.559,1.621
0.63,2.903
0.541,2.456
0.324,3.89
0.433,1.334
0.228,1.624
0.208,1.581
-0.243,2.474
-0.171,2.855
-0.349,3.353
-0.36,3.751
-0.313,1.894
-0.521,3.29
-0.358,1.047
-0.6,1.137
-0.602,0.472
-1.08,0.261
-1.655,0.112
-1.783,0.219
-2.29,0.187
-2.87,0.046
-2.88,0.083
3.04,0.36
2.331,0.152
2.171,0.013
2.231,0.114
2.007,0.176
1.828,0.027
1.539,0.002
1.235,0.215
0.86,0.053
0.613,0.25
0.225,0.144
-0.166,0.075
-0.589,4.554
-0.745,4.733
-0.818,4.731
-0.722,4.729
-0.76,4.654
-1.668,4.683
2.818,4.537
2.718,4.513
2.561,4.62
1.878,4.342
1.256,4.636
0.721,4.445
-1.735,3.789
-1.885,4.012
-1.885,1.294
-2.052,4.154
1.399,3.025
0.851,3.808
0.716,3.812
2.827,1.5
2.31,1.531
1.154,3.033
1.158,3.138
0.131,2.655
0.144,3.459
-0.013,2.622
-0.008,3.625
-1.069,1.273
-1.068,2.28
2.847,2.432
-0.967,4.436
1.102,0.525
0.974,4.538
-0.121,-0.259
-0.547,-0.242
-0.731,4.112
-0.736,4.278
-1.24,4.477
-1.679,4.407
-1.858,4.227
-2.753,4.551
-3.055,4.254
-3.046,4.451
-3.128,4.527
3.028,4.567
2.878,4.169
2.949,4.232
2.695,4.466
2.623,4.596
2.51,4.491
2.424,4.175
2.137,4.584
1.792,4.365
1.507,4.513
0.872,4.25
0.547,4.322
0.486,4.357
0.131,4.213
-0.239,4.538
-0.228,4.479
-0.491,4.41
-1.378,1.173
-1.873,1.681
-2.515,3.702
2.787,0.774
1.469,2.758
0.761,3.741
3.01,-0.245
-0.811,4.439
-0.596,4.011
-0.749,2.234
-0.836,4.023
-0.963,3.683
-0.883,0.578
-0.871,2.426
-1.113,2.201
-1.13,3.584
-1.183,4.136
-1.313,1.209
-1.423,2.462
-1.337,1.966
-1.341,2.575
-1.389,2.898
-1.457,2.188
-1.484,2.573
-1.543,3.08
-1.637,3.224
-1.833,3.99
-1.857,3.703
-1.777,3.882
-1.841,0.998
-2.048,3.632
-2.196,2.492
-2.281,1.413
-2.325,0.365
-2.198,0.59
-2.415,0.24
-2.423,1.177
-2.436,1.23
-2.329,3.177
-2.368,2.117
-2.472,1.762
-2.547,1.601
-2.539,3.193
-2.548,0.149
-2.747,1.404
-2.635,1.618
-2.674,1.104
-2.858,4.023
-2.804,1.787
-2.872,4.113
-3.119,3.852
3.005,2.162
2.965,1.395
2.819,0.369
2.898,1.607
2.706,2.216
2.788,0.287
2.767,1.429
2.606,1.682
2.678,1.774
2.57,3.69
2.561,0.624
2.548,3.415
2.519,2.233
2.453,1.671
2.464,1.157
2.495,2.312
2.418,3.007
2.025,1.908
2.053,1.878
1.949,1.262
2.015,0.569
1.991,3.487
1.775,3.604
1.87,0.169
1.734,0.642
1.724,0.462
1.794,2.839
1.796,3.862
1.606,3.718
1.688,3.403
1.515,1.751
1.497,0.479
1.516,1.587
1.489,2.361
1.36,4.075
1.311,3.601
1.43,2.189
1.293,1.387
1.268,1.182
1.187,3.892
0.806,4.167
0.813,1.112
0.506,1.391
0.577,2.673
0.488,2.226
0.271,3.66
0.38,1.104
0.175,1.394
0.155,1.351
-0.296,2.244
-0.224,2.625
-0.402,3.123
-0.413,3.521
-0.366,1.664
-0.574,3.06
-0.411,0.817
-0.653,0.907
-0.655,0.242
-1.133,0.031
-1.708,-0.118
-1.836,-0.011
-2.343,-0.043
-2.923,-0.184
-2.933,-0.147
2.987,0.13
2.278,-0.078
2.118,-0.217
2.178,-0.116
1.954,-0.054
1.775,-0.203
1.486,-0.228
1.182,-0.015
0.807,-0.177
0.56,0.02
0.172,-0.086
-0.219,-0.155
-0.642,4.324
-0.798,4.503
-0.871,4.501
-0.775,4.499
-0.813,4.424
-1.721,4.453
2.765,4.307
2.665,4.283
2.508,4.39
1.825,4.112
1.203,4.406
0.668,4.215
-1.788,3.559
-1.938,3.782
-1.938,1.064
-2.105,3.924
1.346,2.795
0.798,3.578
0.663,3.582
2.774,1.27
2.257,1.301
1.101,2.803
1.105,2.908
0.078,2.425
0.091,3.229
-0.066,2.392
-0.061,3.395
-1.122,1.043
-1.121,2.05
2.794,2.202
-1.02,4.206
1.049,0.295
0.921,4.308
-0.426,0.017
-0.61,4.371
-0.615,4.537
-1.119,4.736
-1.558,4.666
-1.737,4.486
-2.632,4.81
-2.934,4.513
-2.925,4.71
-3.007,4.786
-3.134,4.826
2.999,4.428
3.07,4.491
2.816,4.725
2.744,4.855
2.631,4.75
2.545,4.434
2.258,4.843
1.913,4.624
1.628,4.772
0.993,4.509
0.668,4.581
0.607,4.616
0.252,4.472
-0.118,4.797
-0.107,4.738
-0.37,4.669
-1.257,1.432
-1.752,1.94
-2.394,3.961
2.908,1.033
1.59,3.017
0.882,4.0
3.131,0.014
-0.69,4.698
-0.475,4.27
-0.628,2.493
-0.715,4.282
-0.842,3.942
-0.762,0.837
-0.75,2.685
-0.992,2.46
-1.009,3.843
-1.062,4.395
-1.192,1.468
-1.302,2.721
-1.216,2.225
-1.22,2.834
-1.268,3.157
-1.336,2.447
-1.363,2.832
-1.422,3.339
-1.516,3.483
-1.712,4.249
-1.736,3.962
-1.656,4.141
-1.72,1.257
-1.927,3.891
-2.075,2.751
-2.16,1.672
-2.204,0.624
-2.077,0.849
-2.294,0.499
-2.302,1.436
-2.315,1.489
-2.208,3.436
-2.247,2.376
-2.351,2.021
-2.426,1.86
-2.418,3.452
-2.427,0.408
-2.626,1.663
-2.514,1.877
-2.553,1.363
-2.737,4.282
-2.683,2.046
-2.751,4.372
-2.998,4.111
3.126,2.421
3.086,1.654
2.94,0.628
3.019,1.866
2.827,2.475
2.909,0.546
2.888,1.688
2.727,1.941
2.799,2.033
2.691,3.949
2.682,0.883
2.669,3.674
2.64,2.492
2.574,1.93
2.585,1.416
2.616,2.571
2.539,3.266
2.146,2.167
2.174,2.137
2.07,1.521
2.136,0.828
2.112,3.746
1.896,3.863
1.991,0.428
1.855,0.901
1.845,0.721
1.915,3.098
1.917,4.121
1.727,3.977
1.809,3.662
1.636,2.01
1.618,0.738
1.637,1.846
1.61,2.62
1.481,4.334
1.432,3.86
1.551,2.448
1.414,1.646
1.389,1.441
1.308,4.151
0.927,4.426
0.934,1.371
0.627,1.65
0.698,2.932
0.609,2.485
0.392,3.919
0.501,1.363
0.296,1.653
0.276,1.61
-0.175,2.503
-0.103,2.884
-0.281,3.382
-0.292,3.78
-0.245,1.923
-0.453,3.319
-0.29,1.076
-0.532,1.166
-0.534,0.501
-1.012,0.29
-1.587,0.141
-1.715,0.248
-2.222,0.216
-2.802,0.075
-2.812,0.112
3.108,0.389
2.399,0.181
2.239,0.042
2.299,0.143
2.075,0.205
1.896,0.056
1.607,0.031
1.303,0.244
0.928,0.082
0.681,0.279
0.293,0.173
-0.098,0.104
-0.521,4.583
-0.677,4.762
-0.75,4.76
-0.654,4.758
-0.692,4.683
-1.6,4.712
2.886,4.566
2.786,4.542
2.629,4.649
1.946,4.371
1.324,4.665
0.789,4.474
-1.667,3.818
-1.817,4.041
-1.817,1.323
-1.984,4.183
1.467,3.054
0.919,3.837
0.784,3.841
2.895,1.529
2.378,1.56
1.222,3.062
1.226,3.167
0.199,2.684
0.212,3.488
0.055,2.651
0.06,3.654
-1.001,1.302
-1.0,2.309
2.915,2.461
-0.899,4.465
1.17,0.554
1.042,4.567
-0.184,4.354
-0.189,4.52
-0.693,4.719
-1.132,4.649
-1.311,4.469
-2.206,4.793
-2.508,4.496
-2.499,4.693
-2.581,4.769
-2.708,4.809
-2.858,4.411
-2.787,4.474
-3.041,4.708
-3.113,4.838
3.057,4.733
2.971,4.417
2.684,4.826
2.339,4.607
2.054,4.755
1.419,4.492
1.094,4.564
1.033,4.599
0.678,4.455
0.308,4.78
0.319,4.721
0.056,4.652
-0.831,1.415
-1.326,1.923
-1.968,3.944
-2.949,1.016
2.016,3.0
1.308,3.983
-2.726,-0.003
-0.264,4.681
-0.049,4.253
-0.202,2.476
-0.289,4.265
-0.416,3.925
-0.336,0.82
-0.324,2.668
-0.566,2.443
-0.583,3.826
-0.636,4.378
-0.766,1.451
-0.876,2.704
-0.79,2.208
-0.794,2.817
-0.842,3.14
-0.91,2.43
-0.937,2.815
-0.996,3.322
-1.09,3.466
-1.286,4.232
-1.31,3.945
-1.23,4.124
-1.294,1.24
-1.501,3.874
-1.649,2.734
-1.734,1.655
-1.778,0.607
-1.651,0.832
-1.868,0.482
-1.876,1.419
-1.889,1.472
-1.782,3.419
-1.821,2.359
-1.925,2.004
-2.0,1.843
-1.992,3.435
-2.001,0.391
-2.2,1.646
-2.088,1.86
-2.127,1.346
-2.311,4.265
-2.257,2.029
-2.325,4.355
-2.572,4.094
-2.731,2.404
-2.771,1.637
-2.917,0.611
-2.838,1.849
-3.03,2.458
-2.948,0.529
-2.969,1.671
-3.13,1.924
-3.058,2.016
3.117,3.932
3.108,0.866
3.095,3.657
3.066,2.475
3.0,1.913
3.011,1.399
3.042,2.554
2.965,3.249
2.572,2.15
2.6,2.12
2.496,1.504
2.562,0.811
2.538,3.729
2.322,3.846
2.417,0.411
2.281,0.884
2.271,0.704
2.341,3.081
2.343,4.104
2.153,3.96
2.235,3.645
2.062,1.993
2.044,0.721
2.063,1.829
2.036,2.603
1.907,4.317
1.858,3.843
1.977,2.431
1.84,1.629
1.815,1.424
1.734,4.134
1.353,4.409
1.36,1.354
1.053,1.633
1.124,2.915
1.035,2.468
0.818,3.902
0.927,1.346
0.722,1.636
0.702,1.593
0.251,2.486
0.323,2.867
0.145,3.365
0.134,3.763
0.181,1.906
-0.027,3.302
0.136,1.059
-0.106,1.149
-0.108,0.484
-0.586,0.273
-1.161,0.124
-1.289,0.231
-1.796,0.199
-2.376,0.058
-2.386,0.095
-2.749,0.372
2.825,0.164
2.665,0.025
2.725,0.126
2.501,0.188
2.322,0.039
2.033,0.014
1.729,0.227
1.354,0.065
1.107,0.262
0.719,0.156
0.328,0.087
-0.095,4.566
-0.251,4.745
-0.324,4.743
-0.228,4.741
-0.266,4.666
-1.174,4.695
-2.971,4.549
-3.071,4.525
3.055,4.632
2.372,4.354
1.75,4.648
1.215,4.457
-1.241,3.801
-1.391,4.024
-1.391,1.306
-1.558,4.166
1.893,3.037
1.345,3.82
1.21,3.824
-2.962,1.512
2.804,1.543
1.648,3.045
1.652,3.15
0.625,2.667
0.638,3.471
0.481,2.634
0.486,3.637
-0.575,1.285
-0.574,2.292
-2.942,2.444
-0.473,4.448
1.596,0.537
1.468,4.55
-0.005,0.166
-0.509,0.365
-0.948,0.295
-1.127,0.115
-2.022,0.439
-2.324,0.142
-2.315,0.339
-2.397,0.415
-2.524,0.455
-2.674,0.057
-2.603,0.12
-2.857,0.354
-2.929,0.484
-3.042,0.379
-3.128,0.063
2.868,0.472
2.523,0.253
2.238,0.401
1.603,0.138
1.278,0.21
1.217,0.245
0.862,0.101
0.492,0.426
0.503,0.367
0.24,0.298
-0.647,-2.939
-1.142,-2.431
-1.784,-0.41
-2.765,-3.338
2.2,-1.354
1.492,-0.371
-2.542,-4.357
-0.08,0.327
0.135,-0.101
-0.018,-1.878
-0.105,-0.089
-0.232,-0.429
-0.152,-3.534
-0.14,-1.686
-0.382,-1.911
-0.399,-0.528
-0.452,0.024
-0.582,-2.903
-0.692,-1.65
-0.606,-2.146
-0.61,-1.537
-0.658,-1.214
-0.726,-1.924
-0.753,-1.539
-0.812,-1.032
-0.906,-0.888
-1.102,-0.122
-1.126,-0.409
-1.046,-0.23
-1.11,-3.114
-1.317,-0.48
-1.465,-1.62
-1.55,-2.699
-1.594,-3.747
-1.467,-3.522
-1.684,-3.872
-1.692,-2.935
-1.705,-2.882
-1.598,-0.935
-1.637,-1.995
-1.741,-2.35
-1.816,-2.511
-1.808,-0.919
-1.817,-3.963
-2.016,-2.708
-1.904,-2.494
-1.943,-3.008
-2.127,-0.089
-2.073,-2.325
-2.141,0.001
-2.388,-0.26
-2.547,-1.95
-2.587,-2.717
-2.733,-3.743
-2.654,-2.505
-2.846,-1.896
-2.764,-3.825
-2.785,-2.683
-2.946,-2.43
-2.874,-2.338
-2.982,-0.422
-2.991,-3.488
-3.004,-0.697
-3.033,-1.879
-3.099,-2.441
-3.088,-2.955
-3.057,-1.8
-3.134,-1.105
2.756,-2.204
2.784,-2.234
2.68,-2.85
2.746,-3.543
2.722,-0.625
2.506,-0.508
2.601,-3.943
2.465,-3.47
2.455,-3.65
2.525,-1.273
2.527,-0.25
2.337,-0.394
2.419,-0.709
2.246,-2.361
2.228,-3.633
2.247,-2.525
2.22,-1.751
2.091,-0.037
2.042,-0.511
2.161,-1.923
2.024,-2.725
1.999,-2.93
1.918,-0.22
1.537,0.055
1.544,-3.0
1.237,-2.721
1.308,-1.439
1.219,-1.886
1.002,-0.452
1.111,-3.008
0.906,-2.718
0.886,-2.761
0.435,-1.868
0.507,-1.487
0.329,-0.989
0.318,-0.591
0.365,-2.448
0.157,-1.052
0.32,-3.295
0.078,-3.205
0.076,-3.87
-0.402,-4.081
-0.977,-4.23
-1.105,-4.123
-1.612,-4.155
-2.192,-4.296
-2.202,-4.259
-2.565,-3.982
3.009,-4.19
2.849,-4.329
2.909,-4.228
2.685,-4.166
2.506,-4.315
2.217,-4.34
1.913,-4.127
1.538,-4.289
1.291,-4.092
0.903,-4.198
0.512,-4.267
0.089,0.212
-0.067,0.391
-0.14,0.389
-0.044,0.387
-0.082,0.312
-0.99,0.341
-2.787,0.195
-2.887,0.171
-3.044,0.278
2.556,0.0
1.934,0.294
1.399,0.103
-1.057,-0.553
-1.207,-0.33
-1.207,-3.048
-1.374,-0.188
2.077,-1.317
1.529,-0.534
1.394,-0.53
-2.778,-2.842
2.988,-2.811
1.832,-1.309
1.836,-1.204
0.809,-1.687
0.822,-0.883
0.665,-1.72
0.67,-0.717
-0.391,-3.069
-0.39,-2.062
-2.758,-1.91
-0.289,0.094
1.78,-3.817
1.652,0.196
-0.504,0.199
-0.943,0.129
-1.122,-0.051
-2.017,0.273
-2.319,-0.024
-2.31,0.173
-2.392,0.249
-2.519,0.289
-2.669,-0.109
-2.598,-0.046
-2.852,0.188
-2.924,0.318
-3.037,0.213
-3.123,-0.103
2.873,0.306
2.528,0.087
2.243,0.235
1.608,-0.028
1.283,0.044
1.222,0.079
0.867,-0.065
0.497,0.26
0.508,0.201
0.245,0.132
-0.642,-3.105
-1.137,-2.597
-1.779,-0.576
-2.76,-3.504
2.205,-1.52
1.497,-0.537
-2.537,-4.523
-0.075,0.161
0.14,-0.267
-0.013,-2.044
-0.1,-0.255
-0.227,-0.595
-0.147,-3.7
-0.135,-1.852
-0.377,-2.077
-0.394,-0.694
-0.447,-0.142
-0.577,-3.069
-0.687,-1.816
-0.601,-2.312
-0.605,-1.703
-0.653,-1.38
-0.721,-2.09
-0.748,-1.705
-0.807,-1.198
-0.901,-1.054
-1.097,-0.288
-1.121,-0.575
-1.041,-0.396
-1.105,-3.28
-1.312,-0.646
-1.46,-1.786
-1.545,-2.865
-1.589,-3.913
-1.462,-3.688
-1.679,-4.038
-1.687,-3.101
-1.7,-3.048
-1.593,-1.101
-1.632,-2.161
-1.736,-2.516
-1.811,-2.677
-1.803,-1.085
-1.812,-4.129
-2.011,-2.874
-1.899,-2.66
-1.938,-3.174
-2.122,-0.255
-2.068,-2.491
-2.136,-0.165
-2.383,-0.426
-2.542,-2.116
-2.582,-2.883
-2.728,-3.909
-2.649,-2.671
-2.841,-2.062
-2.759,-3.991
-2.78,-2.849
-2.941,-2.596
-2.869,-2.504
-2.977,-0.588
-2.986,-3.654
-2.999,-0.863
-3.028,-2.045
-3.094,-2.607
-3.083,-3.121
-3.052,-1.966
-3.129,-1.271
2.761,-2.37
2.789,-2.4
2.685,-3.016
2.751,-3.709
2.727,-0.791
2.511,-0.674
2.606,-4.109
2.47,-3.636
2.46,-3.816
2.53,-1.439
2.532,-0.416
2.342,-0.56
2.424,-0.875
2.251,-2.527
2.233,-3.799
2.252,-2.691
2.225,-1.917
2.096,-0.203
2.047,-0.677
2.166,-2.089
2.029,-2.891
2.004,-3.096
1.923,-0.386
1.542,-0.111
1.549,-3.166
1.242,-2.887
1.313,-1.605
1.224,-2.052
1.007,-0.618
1.116,-3.174
0.911,-2.884
0.891,-2.927
0.44,-2.034
0.512,-1.653
0.334,-1.155
0.323,-0.757
0.37,-2.614
0.162,-1.218
0.325,-3.461
0.083,-3.371
0.081,-4.036
-0.397,-4.247
-0.972,-4.396
-1.1,-4.289
-1.607,-4.321
-2.187,-4.462
-2.197,-4.425
-2.56,-4.148
3.014,-4.356
2.854,-4.495
2.914,-4.394
2.69,-4.332
2.511,-4.481
2.222,-4.506
1.918,-4.293
1.543,-4.455
1.296,-4.258
0.908,-4.364
0.517,-4.433
0.094,0.046
-0.062,0.225
-0.135,0.223
-0.039,0.221
-0.077,0.146
-0.985,0.175
-2.782,0.029
-2.882,0.005
-3.039,0.112
2.561,-0.166
1.939,0.128
1.404,-0.063
-1.052,-0.719
-1.202,-0.496
-1.202,-3.214
-1.369,-0.354
2.082,-1.483
1.534,-0.7
1.399,-0.696
-2.773,-3.008
2.993,-2.977
1.837,-1.475
1.841,-1.37
0.814,-1.853
0.827,-1.049
0.67,-1.886
0.675,-0.883
-0.386,-3.235
-0.385,-2.228
-2.753,-2.076
-0.284,-0.072
1.785,-3.983
1.657,0.03
-0.439,-0.07
-0.618,-0.25
-1.513,0.074
-1.815,-0.223
-1.806,-0.026
-1.888,0.05
-2.015,0.09
-2.165,-0.308
-2.094,-0.245
-2.348,-0.011
-2.42,0.119
-2.533,0.014
-2.619,-0.302
-2.906,0.107
3.032,-0.112
2.747,0.036
2.112,-0.227
1.787,-0.155
1.726,-0.12
1.371,-0.264
1.001,0.061
1.012,0.002
0.749,-0.067
-0.138,-3.304
-0.633,-2.796
-1.275,-0.775
-2.256,-3.703
2.709,-1.719
2.001,-0.736
-2.033,-4.722
0.429,-0.038
0.644,-0.466
0.491,-2.243
0.404,-0.454
0.277,-0.794
0.357,-3.899
0.369,-2.051
0.127,-2.276
0.11,-0.893
0.057,-0.341
-0.073,-3.268
-0.183,-2.015
-0.097,-2.511
-0.101,-1.902
-0.149,-1.579
-0.217,-2.289
-0.244,-1.904
-0.303,-1.397
-0.397,-1.253
-0.593,-0.487
-0.617,-0.774
-0.537,-0.595
-0.601,-3.479
-0.808,-0.845
-0.956,-1.985
-1.041,-3.064
-1.085,-4.112
-0.958,-3.887
-1.175,-4.237
-1.183,-3.3
-1.196,-3.247
-1.089,-1.3
-1.128,-2.36
-1.232,-2.715
-1.307,-2.876
-1.299,-1.284
-1.308,-4.328
-1.507,-3.073
-1.395,-2.859
-1.434,-3.373
-1.618,-0.454
-1.564,-2.69
-1.632,-0.364
-1.879,-0.625
-2.038,-2.315
-2.078,-3.082
-2.224,-4.108
-2.145,-2.87
-2.337,-2.261
-2.255,-4.19
-2.276,-3.048
-2.437,-2.795
-2.365,-2.703
-2.473,-0.787
-2.482,-3.853
-2.495,-1.062
-2.524,-2.244
-2.59,-2.806
-2.579,-3.32
-2.548,-2.165
-2.625,-1.47
-3.018,-2.569
-2.99,-2.599
-3.094,-3.215
-3.028,-3.908
-3.052,-0.99
3.015,-0.873
3.11,-4.308
2.974,-3.835
2.964,-4.015
3.034,-1.638
3.036,-0.615
2.846,-0.759
2.928,-1.074
2.755,-2.726
2.737,-3.998
2.756,-2.89
2.729,-2.116
2.6,-0.402
2.551,-0.876
2.67,-2.288
2.533,-3.09
2.508,-3.295
2.427,-0.585
2.046,-0.31
2.053,-3.365
1.746,-3.086
1.817,-1.804
1.728,-2.251
1.511,-0.817
1.62,-3.373
1.415,-3.083
1.395,-3.126
0.944,-2.233
1.016,-1.852
0.838,-1.354
0.827,-0.956
0.874,-2.813
0.666,-1.417
0.829,-3.66
0.587,-3.57
0.585,-4.235
0.107,-4.446
-0.468,-4.595
-0.596,-4.488
-1.103,-4.52
-1.683,-4.661
-1.693,-4.624
-2.056,-4.347
-2.765,-4.555
-2.925,-4.694
-2.865,-4.593
-3.089,-4.531
3.015,-4.68
2.726,-4.705
2.422,-4.492
2.047,-4.654
1.8,-4.457
1.412,-4.563
1.021,-4.632
0.598,-0.153
0.442,0.026
0.369,0.024
0.465,0.022
0.427,-0.053
-0.481,-0.024
-2.278,-0.17
-2.378,-0.194
-2.535,-0.087
3.065,-0.365
2.443,-0.071
1.908,-0.262
-0.548,-0.918
-0.698,-0.695
-0.698,-3.413
-0.865,-0.553
2.586,-1.682
2.038,-0.899
1.903,-0.895
-2.269,-3.207
-2.786,-3.176
2.341,-1.674
2.345,-1.569
1.318,-2.052
1.331,-1.248
1.174,-2.085
1.179,-1.082
0.118,-3.434
0.119,-2.427
-2.249,-2.275
0.22,-0.271
2.289,-4.182
2.161,-0.169
-0.179,-0.18
-1.074,0.144
-1.376,-0.153
-1.367,0.044
-1.449,0.12
-1.576,0.16
-1.726,-0.238
-1.655,-0.175
-1.909,0.059
-1.981,0.189
-2.094,0.084
-2.18,-0.232
-2.467,0.177
-2.812,-0.042
-3.097,0.106
2.551,-0.157
2.226,-0.085
2.165,-0.05
1.81,-0.194
1.44,0.131
1.451,0.072
1.188,0.003
0.301,-3.234
-0.194,-2.726
-0.836,-0.705
-1.817,-3.633
-3.135,-1.649
2.44,-0.666
-1.594,-4.652
0.868,0.032
1.083,-0.396
0.93,-2.173
0.843,-0.384
0.716,-0.724
0.796,-3.829
0.808,-1.981
0.566,-2.206
0.549,-0.823
0.496,-0.271
0.366,-3.198
0.256,-1.945
0.342,-2.441
0.338,-1.832
0.29,-1.509
0.222,-2.219
0.195,-1.834
0.136,-1.327
0.042,-1.183
-0.154,-0.417
-0.178,-0.704
-0.098,-0.525
-0.162,-3.409
-0.369,-0.775
-0.517,-1.915
-0.602,-2.994
-0.646,-4.042
-0.519,-3.817
-0.736,-4.167
-0.744,-3.23
-0.757,-3.177
-0.65,-1.23
-0.689,-2.29
-0.793,-2.645
-0.868,-2.806
-0.86,-1.214
-0.869,-4.258
-1.068,-3.003
-0.956,-2.789
-0.995,-3.303
-1.179,-0.384
-1.125,-2.62
-1.193,-0.294
-1.44,-0.555
-1.599,-2.245
-1.639,-3.012
-1.785,-4.038
-1.706,-2.8
-1.898,-2.191
-1.816,-4.12
-1.837,-2.978
-1.998,-2.725
-1.926,-2.633
-2.034,-0.717
-2.043,-3.783
-2.056,-0.992
-2.085,-2.174
-2.151,-2.736
-2.14,-3.25
-2.109,-2.095
-2.186,-1.4
-2.579,-2.499
-2.551,-2.529
-2.655,-3.145
-2.589,-3.838
-2.613,-0.92
-2.829,-0.803
-2.734,-4.238
-2.87,-3.765
-2.88,-3.945
-2.81,-1.568
-2.808,-0.545
-2.998,-0.689
-2.916,-1.004
-3.089,-2.656
-3.107,-3.928
-3.088,-2.82
-3.115,-2.046
3.039,-0.332
2.99,-0.806
3.109,-2.218
2.972,-3.02
2.947,-3.225
2.866,-0.515
2.485,-0.24
2.492,-3.295
2.185,-3.016
2.256,-1.734
2.167,-2.181
1.95,-0.747
2.059,-3.303
1.854,-3.013
1.834,-3.056
1.383,-2.163
1.455,-1.782
1.277,-1.284
1.266,-0.886
1.313,-2.743
1.105,-1.347
1.268,-3.59
1.026,-3.5
1.024,-4.165
0.546,-4.376
-0.029,-4.525
-0.157,-4.418
-0.664,-4.45
-1.244,-4.591
-1.254,-4.554
-1.617,-4.277
-2.326,-4.485
-2.486,-4.624
-2.426,-4.523
-2.65,-4.461
-2.829,-4.61
-3.118,-4.635
2.861,-4.422
2.486,-4.584
2.239,-4.387
1.851,-4.493
1.46,-4.562
1.037,-0.083
0.881,0.096
0.808,0.094
0.904,0.092
0.866,0.017
-0.042,0.046
-1.839,-0.1
-1.939,-0.124
-2.096,-0.017
-2.779,-0.295
2.882,-0.001
2.347,-0.192
-0.109,-0.848
-0.259,-0.625
-0.259,-3.343
-0.426,-0.483
3.025,-1.612
2.477,-0.829
2.342,-0.825
-1.83,-3.137
-2.347,-3.106
2.78,-1.604
2.784,-1.499
1.757,-1.982
1.77,-1.178
1.613,-2.015
1.618,-1.012
0.557,-3.364
0.558,-2.357
-1.81,-2.205
0.659,-0.201
2.728,-4.112
2.6,-0.099
-0.895,0.324
-1.197,0.027
-1.188,0.224
-1.27,0.3
-1.397,0.34
-1.547,-0.058
-1.476,0.005
-1.73,0.239
-1.802,0.369
-1.915,0.264
-2.001,-0.052
-2.288,0.357
-2.633,0.138
-2.918,0.286
2.73,0.023
2.405,0.095
2.344,0.13
1.989,-0.014
1.619,0.311
1.63,0.252
1.367,0.183
0.48,-3.054
-0.015,-2.546
-0.657,-0.525
-1.638,-3.453
-2.956,-1.469
2.619,-0.486
-1.415,-4.472
1.047,0.212
1.262,-0.216
1.109,-1.993
1.022,-0.204
0.895,-0.544
0.975,-3.649
0.987,-1.801
0.745,-2.026
0.728,-0.643
0.675,-0.091
0.545,-3.018
0.435,-1.765
0.521,-2.261
0.517,-1.652
0.469,-1.329
0.401,-2.039
0.374,-1.654
0.315,-1.147
0.221,-1.003
0.025,-0.237
0.001,-0.524
0.081,-0.345
0.017,-3.229
-0.19,-0.595
-0.338,-1.735
-0.423,-2.814
-0.467,-3.862
-0.34,-3.637
-0.557,-3.987
-0.565,-3.05
-0.578,-2.997
-0.471,-1.05
-0.51,-2.11
-0.614,-2.465
-0.689,-2.626
-0.681,-1.034
-0.69,-4.078
-0.889,-2.823
-0.777,-2.609
-0.816,-3.123
-1.0,-0.204
-0.946,-2.44
-1.014,-0.114
-1.261,-0.375
-1.42,-2.065
-1.46,-2.832
-1.606,-3.858
-1.527,-2.62
-1.719,-2.011
-1.637,-3.94
-1.658,-2.798
-1.819,-2.545
-1.747,-2.453
-1.855,-0.537
-1.864,-3.603
-1.877,-0.812
-1.906,-1.994
-1.972,-2.556
-1.961,-3.07
-1.93,-1.915
-2.007,-1.22
-2.4,-2.319
-2.372,-2.349
-2.476,-2.965
-2.41,-3.658
-2.434,-0.74
-2.65,-0.623
-2.555,-4.058
-2.691,-3.585
-2.701,-3.765
-2.631,-1.388
-2.629,-0.365
-2.819,-0.509
-2.737,-0.824
-2.91,-2.476
-2.928,-3.748
-2.909,-2.64
-2.936,-1.866
-3.065,-0.152
-3.114,-0.626
-2.995,-2.038
-3.132,-2.84
3.126,-3.045
3.045,-0.335
2.664,-0.06
2.671,-3.115
2.364,-2.836
2.435,-1.554
2.346,-2.001
2.129,-0.567
2.238,-3.123
2.033,-2.833
2.013,-2.876
1.562,-1.983
1.634,-1.602
1.456,-1.104
1.445,-0.706
1.492,-2.563
1.284,-1.167
1.447,-3.41
1.205,-3.32
1.203,-3.985
0.725,-4.196
0.15,-4.345
0.022,-4.238
-0.485,-4.27
-1.065,-4.411
-1.075,-4.374
-1.438,-4.097
-2.147,-4.305
-2.307,-4.444
-2.247,-4.343
-2.471,-4.281
-2.65,-4.43
-2.939,-4.455
3.04,-4.242
2.665,-4.404
2.418,-4.207
2.03,-4.313
1.639,-4.382
1.216,0.097
1.06,0.276
0.987,0.274
1.083,0.272
1.045,0.197
0.137,0.226
-1.66,0.08
-1.76,0.056
-1.917,0.163
-2.6,-0.115
3.061,0.179
2.526,-0.012
0.07,-0.668
-0.08,-0.445
-0.08,-3.163
-0.247,-0.303
-3.079,-1.432
2.656,-0.649
2.521,-0.645
-1.651,-2.957
-2.168,-2.926
2.959,-1.424
2.963,-1.319
1.936,-1.802
1.949,-0.998
1.792,-1.835
1.797,-0.832
0.736,-3.184
0.737,-2.177
-1.631,-2.025
0.838,-0.021
2.907,-3.932
2.779,0.081
-0.302,-0.297
-0.293,-0.1
-0.375,-0.024
-0.502,0.016
-0.652,-0.382
-0.581,-0.319
-0.835,-0.085
-0.907,0.045
-1.02,-0.06
-1.106,-0.376
-1.393,0.033
-1.738,-0.186
-2.023,-0.038
-2.658,-0.301
-2.983,-0.229
-3.044,-0.194
2.884,-0.338
2.514,-0.013
2.525,-0.072
2.262,-0.141
1.375,-3.378
0.88,-2.87
0.238,-0.849
-0.743,-3.777
-2.061,-1.793
-2.769,-0.81
-0.52,-4.796
1.942,-0.112
2.157,-0.54
2.004,-2.317
1.917,-0.528
1.79,-0.868
1.87,-3.973
1.882,-2.125
1.64,-2.35
1.623,-0.967
1.57,-0.415
1.44,-3.342
1.33,-2.089
1.416,-2.585
1.412,-1.976
1.364,-1.653
1.296,-2.363
1.269,-1.978
1.21,-1.471
1.116,-1.327
0.92,-0.561
0.896,-0.848
0.976,-0.669
0.912,-3.553
0.705,-0.919
0.557,-2.059
0.472,-3.138
0.428,-4.186
0.555,-3.961
0.338,-4.311
0.33,-3.374
0.317,-3.321
0.424,-1.374
0.385,-2.434
0.281,-2.789
0.206,-2.95
0.214,-1.358
0.205,-4.402
0.006,-3.147
0.118,-2.933
0.079,-3.447
-0.105,-0.528
-0.051,-2.764
-0.119,-0.438
-0.366,-0.699
-0.525,-2.389
-0.565,-3.156
-0.711,-4.182
-0.632,-2.944
-0.824,-2.335
-0.742,-4.264
-0.763,-3.122
-0.924,-2.869
-0.852,-2.777
-0.96,-0.861
-0.969,-3.927
-0.982,-1.136
-1.011,-2.318
-1.077,-2.88
-1.066,-3.394
-1.035,-2.239
-1.112,-1.544
-1.505,-2.643
-1.477,-2.673
-1.581,-3.289
-1.515,-3.982
-1.539,-1.064
-1.755,-0.947
-1.66,-4.382
-1.796,-3.909
-1.806,-4.089
-1.736,-1.712
-1.734,-0.689
-1.924,-0.833
-1.842,-1.148
-2.015,-2.8
-2.033,-4.072
-2.014,-2.964
-2.041,-2.19
-2.17,-0.476
-2.219,-0.95
-2.1,-2.362
-2.237,-3.164
-2.262,-3.369
-2.343,-0.659
-2.724,-0.384
-2.717,-3.439
-3.024,-3.16
-2.953,-1.878
-3.042,-2.325
3.024,-0.891
3.133,-3.447
2.928,-3.157
2.908,-3.2
2.457,-2.307
2.529,-1.926
2.351,-1.428
2.34,-1.03
2.387,-2.887
2.179,-1.491
2.342,-3.734
2.1,-3.644
2.098,-4.309
1.62,-4.52
1.045,-4.669
0.917,-4.562
0.41,-4.594
-0.17,-4.735
-0.18,-4.698
-0.543,-4.421
-1.252,-4.629
-1.412,-4.768
-1.352,-4.667
-1.576,-4.605
-1.755,-4.754
-2.044,-4.779
-2.348,-4.566
-2.723,-4.728
-2.97,-4.531
2.925,-4.637
2.534,-4.706
2.111,-0.227
1.955,-0.048
1.882,-0.05
1.978,-0.052
1.94,-0.127
1.032,-0.098
-0.765,-0.244
-0.865,-0.268
-1.022,-0.161
-1.705,-0.439
-2.327,-0.145
-2.862,-0.336
0.965,-0.992
0.815,-0.769
0.815,-3.487
0.648,-0.627
-2.184,-1.756
-2.732,-0.973
-2.867,-0.969
-0.756,-3.281
-1.273,-3.25
-2.429,-1.748
-2.425,-1.643
2.831,-2.126
2.844,-1.322
2.687,-2.159
2.692,-1.156
1.631,-3.508
1.632,-2.501
-0.736,-2.349
1.733,-0.345
-2.481,-4.256
-2.609,-0.243
0.009,0.197
-0.073,0.273
-0.2,0.313
-0.35,-0.085
-0.279,-0.022
-0.533,0.212
-0.605,0.342
-0.718,0.237
-0.804,-0.079
-1.091,0.33
-1.436,0.111
-1.721,0.259
-2.356,-0.004
-2.681,0.068
-2.742,0.103
-3.097,-0.041
2.816,0.284
2.827,0.225
2.564,0.156
1.677,-3.081
1.182,-2.573
0.54,-0.552
-0.441,-3.48
-1.759,-1.496
-2.467,-0.513
-0.218,-4.499
2.244,0.185
2.459,-0.243
2.306,-2.02
2.219,-0.231
2.092,-0.571
2.172,-3.676
2.184,-1.828
1.942,-2.053
1.925,-0.67
1.872,-0.118
1.742,-3.045
1.632,-1.792
1.718,-2.288
1.714,-1.679
1.666,-1.356
1.598,-2.066
1.571,-1.681
1.512,-1.174
1.418,-1.03
1.222,-0.264
1.198,-0.551
1.278,-0.372
1.214,-3.256
1.007,-0.622
0.859,-1.762
0.774,-2.841
0.73,-3.889
0.857,-3.664
0.64,-4.014
0.632,-3.077
0.619,-3.024
0.726,-1.077
0.687,-2.137
0.583,-2.492
0.508,-2.653
0.516,-1.061
0.507,-4.105
0.308,-2.85
0.42,-2.636
0.381,-3.15
0.197,-0.231
0.251,-2.467
0.183,-0.141
-0.064,-0.402
-0.223,-2.092
-0.263,-2.859
-0.409,-3.885
-0.33,-2.647
-0.522,-2.038
-0.44,-3.967
-0.461,-2.825
-0.622,-2.572
-0.55,-2.48
-0.658,-0.564
-0.667,-3.63
-0.68,-0.839
-0.709,-2.021
-0.775,-2.583
-0.764,-3.097
-0.733,-1.942
-0.81,-1.247
-1.203,-2.346
-1.175,-2.376
-1.279,-2.992
-1.213,-3.685
-1.237,-0.767
-1.453,-0.65
-1.358,-4.085
-1.494,-3.612
-1.504,-3.792
-1.434,-1.415
-1.432,-0.392
-1.622,-0.536
-1.54,-0.851
-1.713,-2.503
-1.731,-3.775
-1.712,-2.667
-1.739,-1.893
-1.868,-0.179
-1.917,-0.653
-1.798,-2.065
-1.935,-2.867
-1.96,-3.072
-2.041,-0.362
-2.422,-0.087
-2.415,-3.142
-2.722,-2.863
-2.651,-1.581
-2.74,-2.028
-2.957,-0.594
-2.848,-3.15
-3.053,-2.86
-3.073,-2.903
2.759,-2.01
2.831,-1.629
2.653,-1.131
2.642,-0.733
2.689,-2.59
2.481,-1.194
2.644,-3.437
2.402,-3.347
2.4,-4.012
1.922,-4.223
1.347,-4.372
1.219,-4.265
0.712,-4.297
0.132,-4.438
0.122,-4.401
-0.241,-4.124
-0.95,-4.332
-1.11,-4.471
-1.05,-4.37
-1.274,-4.308
-1.453,-4.457
-1.742,-4.482
-2.046,-4.269
-2.421,-4.431
-2.668,-4.234
-3.056,-4.34
2.836,-4.409
2.413,0.07
2.257,0.249
2.184,0.247
2.28,0.245
2.242,0.17
1.334,0.199
-0.463,0.053
-0.563,0.029
-0.72,0.136
-1.403,-0.142
-2.025,0.152
-2.56,-0.039
1.267,-0.695
1.117,-0.472
1.117,-3.19
0.95,-0.33
-1.882,-1.459
-2.43,-0.676
-2.565,-0.672
-0.454,-2.984
-0.971,-2.953
-2.127,-1.451
-2.123,-1.346
3.133,-1.829
-3.137,-1.025
2.989,-1.862
2.994,-0.859
1.933,-3.211
1.934,-2.204
-0.434,-2.052
2.035,-0.048
-2.179,-3.959
-2.307,0.054
-0.082,0.076
-0.209,0.116
-0.359,-0.282
-0.288,-0.219
-0.542,0.015
-0.614,0.145
-0.727,0.04
-0.813,-0.276
-1.1,0.133
-1.445,-0.086
-1.73,0.062
-2.365,-0.201
-2.69,-0.129
-2.751,-0.094
-3.106,-0.238
2.807,0.087
2.818,0.028
2.555,-0.041
1.668,-3.278
1.173,-2.77
0.531,-0.749
-0.45,-3.677
-1.768,-1.693
-2.476,-0.71
-0.227,-4.696
2.235,-0.012
2.45,-0.44
2.297,-2.217
2.21,-0.428
2.083,-0.768
2.163,-3.873
2.175,-2.025
1.933,-2.25
1.916,-0.867
1.863,-0.315
1.733,-3.242
1.623,-1.989
1.709,-2.485
1.705,-1.876
1.657,-1.553
1.589,-2.263
1.562,-1.878
1.503,-1.371
1.409,-1.227
1.213,-0.461
1.189,-0.748
1.269,-0.569
1.205,-3.453
0.998,-0.819
0.85,-1.959
0.765,-3.038
0.721,-4.086
0.848,-3.861
0.631,-4.211
0.623,-3.274
0.61,-3.221
0.717,-1.274
0.678,-2.334
0.574,-2.689
0.499,-2.85
0.507,-1.258
0.498,-4.302
0.299,-3.047
0.411,-2.833
0.372,-3.347
0.188,-0.428
0.242,-2.664
0.174,-0.338
-0.073,-0.599
-0.232,-2.289
-0.272,-3.056
-0.418,-4.082
-0.339,-2.844
-0.531,-2.235
-0.449,-4.164
-0.47,-3.022
-0.631,-2.769
-0.559,-2.677
-0.667,-0.761
-0.676,-3.827
-0.689,-1.036
-0.718,-2.218
-0.784,-2.78
-0.773,-3.294
-0.742,-2.139
-0.819,-1.444
-1.212,-2.543
-1.184,-2.573
-1.288,-3.189
-1.222,-3.882
-1.246,-0.964
-1.462,-0.847
-1.367,-4.282
-1.503,-3.809
-1.513,-3.989
-1.443,-1.612
-1.441,-0.589
-1.631,-0.733
-1.549,-1.048
-1.722,-2.7
-1.74,-3.972
-1.721,-2.864
-1.748,-2.09
-1.877,-0.376
-1.926,-0.85
-1.807,-2.262
-1.944,-3.064
-1.969,-3.269
-2.05,-0.559
-2.431,-0.284
-2.424,-3.339
-2.731,-3.06
-2.66,-1.778
-2.749,-2.225
-2.966,-0.791
-2.857,-3.347
-3.062,-3.057
-3.082,-3.1
2.75,-2.207
2.822,-1.826
2.644,-1.328
2.633,-0.93
2.68,-2.787
2.472,-1.391
2.635,-3.634
2.393,-3.544
2.391,-4.209
1.913,-4.42
1.338,-4.569
1.21,-4.462
0.703,-4.494
0.123,-4.635
0.113,-4.598
-0.25,-4.321
-0.959,-4.529
-1.119,-4.668
-1.059,-4.567
-1.283,-4.505
-1.462,-4.654
-1.751,-4.679
-2.055,-4.466
-2.43,-4.628
-2.677,-4.431
-3.065,-4.537
2.827,-4.606
2.404,-0.127
2.248,0.052
2.175,0.05
2.271,0.048
2.233,-0.027
1.325,0.002
-0.472,-0.144
-0.572,-0.168
-0.729,-0.061
-1.412,-0.339
-2.034,-0.045
-2.569,-0.236
1.258,-0.892
1.108,-0.669
1.108,-3.387
0.941,-0.527
-1.891,-1.656
-2.439,-0.873
-2.574,-0.869
-0.463,-3.181
-0.98,-3.15
-2.136,-1.648
-2.132,-1.543
3.124,-2.026
3.137,-1.222
2.98,-2.059
2.985,-1.056
1.924,-3.408
1.925,-2.401
-0.443,-2.249
2.026,-0.245
-2.188,-4.156
-2.316,-0.143
-0.127,0.04
-0.277,-0.358
-0.206,-0.295
-0.46,-0.061
-0.532,0.069
-0.645,-0.036
-0.731,-0.352
-1.018,0.057
-1.363,-0.162
-1.648,-0.014
-2.283,-0.277
-2.608,-0.205
-2.669,-0.17
-3.024,-0.314
2.889,0.011
2.9,-0.048
2.637,-0.117
1.75,-3.354
1.255,-2.846
0.613,-0.825
-0.368,-3.753
-1.686,-1.769
-2.394,-0.786
-0.145,-4.772
2.317,-0.088
2.532,-0.516
2.379,-2.293
2.292,-0.504
2.165,-0.844
2.245,-3.949
2.257,-2.101
2.015,-2.326
1.998,-0.943
1.945,-0.391
1.815,-3.318
1.705,-2.065
1.791,-2.561
1.787,-1.952
1.739,-1.629
1.671,-2.339
1.644,-1.954
1.585,-1.447
1.491,-1.303
1.295,-0.537
1.271,-0.824
1.351,-0.645
1.287,-3.529
1.08,-0.895
0.932,-2.035
0.847,-3.114
0.803,-4.162
0.93,-3.937
0.713,-4.287
0.705,-3.35
0.692,-3.297
0.799,-1.35
0.76,-2.41
0.656,-2.765
0.581,-2.926
0.589,-1.334
0.58,-4.378
0.381,-3.123
0.493,-2.909
0.454,-3.423
0.27,-0.504
0.324,-2.74
0.256,-0.414
0.009,-0.675
-0.15,-2.365
-0.19,-3.132
-0.336,-4.158
-0.257,-2.92
-0.449,-2.311
-0.367,-4.24
-0.388,-3.098
-0.549,-2.845
-0.477,-2.753
-0.585,-0.837
-0.594,-3.903
-0.607,-1.112
-0.636,-2.294
-0.702,-2.856
-0.691,-3.37
-0.66,-2.215
-0.737,-1.52
-1.13,-2.619
-1.102,-2.649
-1.206,-3.265
-1.14,-3.958
-1.164,-1.04
-1.38,-0.923
-1.285,-4.358
-1.421,-3.885
-1.431,-4.065
-1.361,-1.688
-1.359,-0.665
-1.549,-0.809
-1.467,-1.124
-1.64,-2.776
-1.658,-4.048
-1.639,-2.94
-1.666,-2.166
-1.795,-0.452
-1.844,-0.926
-1.725,-2.338
-1.862,-3.14
-1.887,-3.345
-1.968,-0.635
-2.349,-0.36
-2.342,-3.415
-2.649,-3.136
-2.578,-1.854
-2.667,-2.301
-2.884,-0.867
-2.775,-3.423
-2.98,-3.133
-3.0,-3.176
2.832,-2.283
2.904,-1.902
2.726,-1.404
2.715,-1.006
2.762,-2.863
2.554,-1.467
2.717,-3.71
2.475,-3.62
2.473,-4.285
1.995,-4.496
1.42,-4.645
1.292,-4.538
0.785,-4.57
0.205,-4.711
0.195,-4.674
-0.168,-4.397
-0.877,-4.605
-1.037,-4.744
-0.977,-4.643
-1.201,-4.581
-1.38,-4.73
-1.669,-4.755
-1.973,-4.542
-2.348,-4.704
-2.595,-4.507
-2.983,-4.613
2.909,-4.682
2.486,-0.203
2.33,-0.024
2.257,-0.026
2.353,-0.028
2.315,-0.103
1.407,-0.074
-0.39,-0.22
-0.49,-0.244
-0.647,-0.137
-1.33,-0.415
-1.952,-0.121
-2.487,-0.312
1.34,-0.968
1.19,-0.745
1.19,-3.463
1.023,-0.603
-1.809,-1.732
-2.357,-0.949
-2.492,-0.945
-0.381,-3.257
-0.898,-3.226
-2.054,-1.724
-2.05,-1.619
-3.077,-2.102
-3.064,-1.298
3.062,-2.135
3.067,-1.132
2.006,-3.484
2.007,-2.477
-0.361,-2.325
2.108,-0.321
-2.106,-4.232
-2.234,-0.219
-0.15,-0.398
-0.079,-0.335
-0.333,-0.101
-0.405,0.029
-0.518,-0.076
-0.604,-0.392
-0.891,0.017
-1.236,-0.202
-1.521,-0.054
-2.156,-0.317
-2.481,-0.245
-2.542,-0.21
-2.897,-0.354
3.016,-0.029
3.027,-0.088
2.764,-0.157
1.877,-3.394
1.382,-2.886
0.74,-0.865
-0.241,-3.793
-1.559,-1.809
-2.267,-0.826
-0.018,-4.812
2.444,-0.128
2.659,-0.556
2.506,-2.333
2.419,-0.544
2.292,-0.884
2.372,-3.989
2.384,-2.141
2.142,-2.366
2.125,-0.983
2.072,-0.431
1.942,-3.358
1.832,-2.105
1.918,-2.601
1.914,-1.992
1.866,-1.669
1.798,-2.379
1.771,-1.994
1.712,-1.487
1.618,-1.343
1.422,-0.577
1.398,-0.864
1.478,-0.685
1.414,-3.569
1.207,-0.935
1.059,-2.075
0.974,-3.154
0.93,-4.202
1.057,-3.977
0.84,-4.327
0.832,-3.39
0.819,-3.337
0.926,-1.39
0.887,-2.45
0.783,-2.805
0.708,-2.966
0.716,-1.374
0.707,-4.418
0.508,-3.163
0.62,-2.949
0.581,-3.463
0.397,-0.544
0.451,-2.78
0.383,-0.454
0.136,-0.715
-0.023,-2.405
-0.063,-3.172
-0.209,-4.198
-0.13,-2.96
-0.322,-2.351
-0.24,-4.28
-0.261,-3.138
-0.422,-2.885
-0.35,-2.793
-0.458,-0.877
-0.467,-3.943
-0.48,-1.152
-0.509,-2.334
-0.575,-2.896
-0.564,-3.41
-0.533,-2.255
-0.61,-1.56
-1.003,-2.659
-0.975,-2.689
-1.079,-3.305
-1.013,-3.998
-1.037,-1.08
-1.253,-0.963
-1.158,-4.398
-1.294,-3.925
-1.304,-4.105
-1.234,-1.728
-1.232,-0.705
-1.422,-0.849
-1.34,-1.164
-1.513,-2.816
-1.531,-4.088
-1.512,-2.98
-1.539,-2.206
-1.668,-0.492
-1.717,-0.966
-1.598,-2.378
-1.735,-3.18
-1.76,-3.385
-1.841,-0.675
-2.222,-0.4
-2.215,-3.455
-2.522,-3.176
-2.451,-1.894
-2.54,-2.341
-2.757,-0.907
-2.648,-3.463
-2.853,-3.173
-2.873,-3.216
2.959,-2.323
3.031,-1.942
2.853,-1.444
2.842,-1.046
2.889,-2.903
2.681,-1.507
2.844,-3.75
2.602,-3.66
2.6,-4.325
2.122,-4.536
1.547,-4.685
1.419,-4.578
0.912,-4.61
0.332,-4.751
0.322,-4.714
-0.041,-4.437
-0.75,-4.645
-0.91,-4.784
-0.85,-4.683
-1.074,-4.621
-1.253,-4.77
-1.542,-4.795
-1.846,-4.582
-2.221,-4.744
-2.468,-4.547
-2.856,-4.653
3.036,-4.722
2.613,-0.243
2.457,-0.064
2.384,-0.066
2.48,-0.068
2.442,-0.143
1.534,-0.114
-0.263,-0.26
-0.363,-0.284
-0.52,-0.177
-1.203,-0.455
-1.825,-0.161
-2.36,-0.352
1.467,-1.008
1.317,-0.785
1.317,-3.503
1.15,-0.643
-1.682,-1.772
-2.23,-0.989
-2.365,-0.985
-0.254,-3.297
-0.771,-3.266
-1.927,-1.764
-1.923,-1.659
-2.95,-2.142
-2.937,-1.338
-3.094,-2.175
-3.089,-1.172
2.133,-3.524
2.134,-2.517
-0.234,-2.365
2.235,-0.361
-1.979,-4.272
-2.107,-0.259
0.071,0.063
-0.183,0.297
-0.255,0.427
-0.368,0.322
-0.454,0.006
-0.741,0.415
-1.086,0.196
-1.371,0.344
-2.006,0.081
-2.331,0.153
-2.392,0.188
-2.747,0.044
-3.117,0.369
-3.106,0.31
2.914,0.241
2.027,-2.996
1.532,-2.488
0.89,-0.467
-0.091,-3.395
-1.409,-1.411
-2.117,-0.428
0.132,-4.414
2.594,0.27
2.809,-0.158
2.656,-1.935
2.569,-0.146
2.442,-0.486
2.522,-3.591
2.534,-1.743
2.292,-1.968
2.275,-0.585
2.222,-0.033
2.092,-2.96
1.982,-1.707
2.068,-2.203
2.064,-1.594
2.016,-1.271
1.948,-1.981
1.921,-1.596
1.862,-1.089
1.768,-0.945
1.572,-0.179
1.548,-0.466
1.628,-0.287
1.564,-3.171
1.357,-0.537
1.209,-1.677
1.124,-2.756
1.08,-3.804
1.207,-3.579
0.99,-3.929
0.982,-2.992
0.969,-2.939
1.076,-0.992
1.037,-2.052
0.933,-2.407
0.858,-2.568
0.866,-0.976
0.857,-4.02
0.658,-2.765
0.77,-2.551
0.731,-3.065
0.547,-0.146
0.601,-2.382
0.533,-0.056
0.286,-0.317
0.127,-2.007
0.087,-2.774
-0.059,-3.8
0.02,-2.562
-0.172,-1.953
-0.09,-3.882
-0.111,-2.74
-0.272,-2.487
-0.2,-2.395
-0.308,-0.479
-0.317,-3.545
-0.33,-0.754
-0.359,-1.936
-0.425,-2.498
-0.414,-3.012
-0.383,-1.857
-0.46,-1.162
-0.853,-2.261
-0.825,-2.291
-0.929,-2.907
-0.863,-3.6
-0.887,-0.682
-1.103,-0.565
-1.008,-4.0
-1.144,-3.527
-1.154,-3.707
-1.084,-1.33
-1.082,-0.307
-1.272,-0.451
-1.19,-0.766
-1.363,-2.418
-1.381,-3.69
-1.362,-2.582
-1.389,-1.808
-1.518,-0.094
-1.567,-0.568
-1.448,-1.98
-1.585,-2.782
-1.61,-2.987
-1.691,-0.277
-2.072,-0.002
-2.065,-3.057
-2.372,-2.778
-2.301,-1.496
-2.39,-1.943
-2.607,-0.509
-2.498,-3.065
-2.703,-2.775
-2.723,-2.818
3.109,-1.925
-3.102,-1.544
3.003,-1.046
2.992,-0.648
3.039,-2.505
2.831,-1.109
2.994,-3.352
2.752,-3.262
2.75,-3.927
2.272,-4.138
1.697,-4.287
1.569,-4.18
1.062,-4.212
0.482,-4.353
0.472,-4.316
0.109,-4.039
-0.6,-4.247
-0.76,-4.386
-0.7,-4.285
-0.924,-4.223
-1.103,-4.372
-1.392,-4.397
-1.696,-4.184
-2.071,-4.346
-2.318,-4.149
-2.706,-4.255
-3.097,-4.324
2.763,0.155
2.607,0.334
2.534,0.332
2.63,0.33
2.592,0.255
1.684,0.284
-0.113,0.138
-0.213,0.114
-0.37,0.221
-1.053,-0.057
-1.675,0.237
-2.21,0.046
1.617,-0.61
1.467,-0.387
1.467,-3.105
1.3,-0.245
-1.532,-1.374
-2.08,-0.591
-2.215,-0.587
-0.104,-2.899
-0.621,-2.868
-1.777,-1.366
-1.773,-1.261
-2.8,-1.744
-2.787,-0.94
-2.944,-1.777
-2.939,-0.774
2.283,-3.126
2.284,-2.119
-0.084,-1.967
2.385,0.037
-1.829,-3.874
-1.957,0.139
-0.254,0.234
-0.326,0.364
-0.439,0.259
-0.525,-0.057
-0.812,0.352
-1.157,0.133
-1.442,0.281
-2.077,0.018
-2.402,0.09
-2.463,0.125
-2.818,-0.019
3.095,0.306
3.106,0.247
2.843,0.178
1.956,-3.059
1.461,-2.551
0.819,-0.53
-0.162,-3.458
-1.48,-1.474
-2.188,-0.491
0.061,-4.477
2.523,0.207
2.738,-0.221
2.585,-1.998
2.498,-0.209
2.371,-0.549
2.451,-3.654
2.463,-1.806
2.221,-2.031
2.204,-0.648
2.151,-0.096
2.021,-3.023
1.911,-1.77
1.997,-2.266
1.993,-1.657
1.945,-1.334
1.877,-2.044
1.85,-1.659
1.791,-1.152
1.697,-1.008
1.501,-0.242
1.477,-0.529
1.557,-0.35
1.493,-3.234
1.286,-0.6
1.138,-1.74
1.053,-2.819
1.009,-3.867
1.136,-3.642
0.919,-3.992
0.911,-3.055
0.898,-3.002
1.005,-1.055
0.966,-2.115
0.862,-2.47
0.787,-2.631
0.795,-1.039
0.786,-4.083
0.587,-2.828
0.699,-2.614
0.66,-3.128
0.476,-0.209
0.53,-2.445
0.462,-0.119
0.215,-0.38
0.056,-2.07
0.016,-2.837
-0.13,-3.863
-0.051,-2.625
-0.243,-2.016
-0.161,-3.945
-0.182,-2.803
-0.343,-2.55
-0.271,-2.458
-0.379,-0.542
-0.388,-3.608
-0.401,-0.817
-0.43,-1.999
-0.496,-2.561
-0.485,-3.075
-0.454,-1.92
-0.531,-1.225
-0.924,-2.324
-0.896,-2.354
-1.0,-2.97
-0.934,-3.663
-0.958,-0.745
-1.174,-0.628
-1.079,-4.063
-1.215,-3.59
-1.225,-3.77
-1.155,-1.393
-1.153,-0.37
-1.343,-0.514
-1.261,-0.829
-1.434,-2.481
-1.452,-3.753
-1.433,-2.645
-1.46,-1.871
-1.589,-0.157
-1.638,-0.631
-1.519,-2.043
-1.656,-2.845
-1.681,-3.05
-1.762,-0.34
-2.143,-0.065
-2.136,-3.12
-2.443,-2.841
-2.372,-1.559
-2.461,-2.006
-2.678,-0.572
-2.569,-3.128
-2.774,-2.838
-2.794,-2.881
3.038,-1.988
3.11,-1.607
2.932,-1.109
2.921,-0.711
2.968,-2.568
2.76,-1.172
2.923,-3.415
2.681,-3.325
2.679,-3.99
2.201,-4.201
1.626,-4.35
1.498,-4.243
0.991,-4.275
0.411,-4.416
0.401,-4.379
0.038,-4.102
-0.671,-4.31
-0.831,-4.449
-0.771,-4.348
-0.995,-4.286
-1.174,-4.435
-1.463,-4.46
-1.767,-4.247
-2.142,-4.409
-2.389,-4.212
-2.777,-4.318
3.115,-4.387
2.692,0.092
2.536,0.271
2.463,0.269
2.559,0.267
2.521,0.192
1.613,0.221
-0.184,0.075
-0.284,0.051
-0.441,0.158
-1.124,-0.12
-1.746,0.174
-2.281,-0.017
1.546,-0.673
1.396,-0.45
1.396,-3.168
1.229,-0.308
-1.603,-1.437
-2.151,-0.654
-2.286,-0.65
-0.175,-2.962
-0.692,-2.931
-1.848,-1.429
-1.844,-1.324
-2.871,-1.807
-2.858,-1.003
-3.015,-1.84
-3.01,-0.837
2.212,-3.189
2.213,-2.182
-0.155,-2.03
2.314,-0.026
-1.9,-3.937
-2.028,0.076
-0.072,0.13
-0.185,0.025
-0.271,-0.291
-0.558,0.118
-0.903,-0.101
-1.188,0.047
-1.823,-0.216
-2.148,-0.144
-2.209,-0.109
-2.564,-0.253
-2.934,0.072
-2.923,0.013
3.097,-0.056
2.21,-3.293
1.715,-2.785
1.073,-0.764
0.092,-3.692
-1.226,-1.708
-1.934,-0.725
0.315,-4.711
2.777,-0.027
2.992,-0.455
2.839,-2.232
2.752,-0.443
2.625,-0.783
2.705,-3.888
2.717,-2.04
2.475,-2.265
2.458,-0.882
2.405,-0.33
2.275,-3.257
2.165,-2.004
2.251,-2.5
2.247,-1.891
2.199,-1.568
2.131,-2.278
2.104,-1.893
2.045,-1.386
1.951,-1.242
1.755,-0.476
1.731,-0.763
1.811,-0.584
1.747,-3.468
1.54,-0.834
1.392,-1.974
1.307,-3.053
1.263,-4.101
1.39,-3.876
1.173,-4.226
1.165,-3.289
1.152,-3.236
1.259,-1.289
1.22,-2.349
1.116,-2.704
1.041,-2.865
1.049,-1.273
1.04,-4.317
0.841,-3.062
0.953,-2.848
0.914,-3.362
0.73,-0.443
0.784,-2.679
0.716,-0.353
0.469,-0.614
0.31,-2.304
0.27,-3.071
0.124,-4.097
0.203,-2.859
0.011,-2.25
0.093,-4.179
0.072,-3.037
-0.089,-2.784
-0.017,-2.692
-0.125,-0.776
-0.134,-3.842
-0.147,-1.051
-0.176,-2.233
-0.242,-2.795
-0.231,-3.309
-0.2,-2.154
-0.277,-1.459
-0.67,-2.558
-0.642,-2.588
-0.746,-3.204
-0.68,-3.897
-0.704,-0.979
-0.92,-0.862
-0.825,-4.297
-0.961,-3.824
-0.971,-4.004
-0.901,-1.627
-0.899,-0.604
-1.089,-0.748
-1.007,-1.063
-1.18,-2.715
-1.198,-3.987
-1.179,-2.879
-1.206,-2.105
-1.335,-0.391
-1.384,-0.865
-1.265,-2.277
-1.402,-3.079
-1.427,-3.284
-1.508,-0.574
-1.889,-0.299
-1.882,-3.354
-2.189,-3.075
-2.118,-1.793
-2.207,-2.24
-2.424,-0.806
-2.315,-3.362
-2.52,-3.072
-2.54,-3.115
-2.991,-2.222
-2.919,-1.841
-3.097,-1.343
-3.108,-0.945
-3.061,-2.802
3.014,-1.406
-3.106,-3.649
2.935,-3.559
2.933,-4.224
2.455,-4.435
1.88,-4.584
1.752,-4.477
1.245,-4.509
0.665,-4.65
0.655,-4.613
0.292,-4.336
-0.417,-4.544
-0.577,-4.683
-0.517,-4.582
-0.741,-4.52
-0.92,-4.669
-1.209,-4.694
-1.513,-4.481
-1.888,-4.643
-2.135,-4.446
-2.523,-4.552
-2.914,-4.621
2.946,-0.142
2.79,0.037
2.717,0.035
2.813,0.033
2.775,-0.042
1.867,-0.013
0.07,-0.159
-0.03,-0.183
-0.187,-0.076
-0.87,-0.354
-1.492,-0.06
-2.027,-0.251
1.8,-0.907
1.65,-0.684
1.65,-3.402
1.483,-0.542
-1.349,-1.671
-1.897,-0.888
-2.032,-0.884
0.079,-3.196
-0.438,-3.165
-1.594,-1.663
-1.59,-1.558
-2.617,-2.041
-2.604,-1.237
-2.761,-2.074
-2.756,-1.071
2.466,-3.423
2.467,-2.416
0.099,-2.264
2.568,-0.26
-1.646,-4.171
-1.774,-0.158
-0.113,-0.105
-0.199,-0.421
-0.486,-0.012
-0.831,-0.231
-1.116,-0.083
-1.751,-0.346
-2.076,-0.274
-2.137,-0.239
-2.492,-0.383
-2.862,-0.058
-2.851,-0.117
-3.114,-0.186
2.282,-3.423
1.787,-2.915
1.145,-0.894
0.164,-3.822
-1.154,-1.838
-1.862,-0.855
0.387,-4.841
2.849,-0.157
3.064,-0.585
2.911,-2.362
2.824,-0.573
2.697,-0.913
2.777,-4.018
2.789,-2.17
2.547,-2.395
2.53,-1.012
2.477,-0.46
2.347,-3.387
2.237,-2.134
2.323,-2.63
2.319,-2.021
2.271,-1.698
2.203,-2.408
2.176,-2.023
2.117,-1.516
2.023,-1.372
1.827,-0.606
1.803,-0.893
1.883,-0.714
1.819,-3.598
1.612,-0.964
1.464,-2.104
1.379,-3.183
1.335,-4.231
1.462,-4.006
1.245,-4.356
1.237,-3.419
1.224,-3.366
1.331,-1.419
1.292,-2.479
1.188,-2.834
1.113,-2.995
1.121,-1.403
1.112,-4.447
0.913,-3.192
1.025,-2.978
0.986,-3.492
0.802,-0.573
0.856,-2.809
0.788,-0.483
0.541,-0.744
0.382,-2.434
0.342,-3.201
0.196,-4.227
0.275,-2.989
0.083,-2.38
0.165,-4.309
0.144,-3.167
-0.017,-2.914
0.055,-2.822
-0.053,-0.906
-0.062,-3.972
-0.075,-1.181
-0.104,-2.363
-0.17,-2.925
-0.159,-3.439
-0.128,-2.284
-0.205,-1.589
-0.598,-2.688
-0.57,-2.718
-0.674,-3.334
-0.608,-4.027
-0.632,-1.109
-0.848,-0.992
-0.753,-4.427
-0.889,-3.954
-0.899,-4.134
-0.829,-1.757
-0.827,-0.734
-1.017,-0.878
-0.935,-1.193
-1.108,-2.845
-1.126,-4.117
-1.107,-3.009
-1.134,-2.235
-1.263,-0.521
-1.312,-0.995
-1.193,-2.407
-1.33,-3.209
-1.355,-3.414
-1.436,-0.704
-1.817,-0.429
-1.81,-3.484
-2.117,-3.205
-2.046,-1.923
-2.135,-2.37
-2.352,-0.936
-2.243,-3.492
-2.448,-3.202
-2.468,-3.245
-2.919,-2.352
-2.847,-1.971
-3.025,-1.473
-3.036,-1.075
-2.989,-2.932
3.086,-1.536
-3.034,-3.779
3.007,-3.689
3.005,-4.354
2.527,-4.565
1.952,-4.714
1.824,-4.607
1.317,-4.639
0.737,-4.78
0.727,-4.743
0.364,-4.466
-0.345,-4.674
-0.505,-4.813
-0.445,-4.712
-0.669,-4.65
-0.848,-4.799
-1.137,-4.824
-1.441,-4.611
-1.816,-4.773
-2.063,-4.576
-2.451,-4.682
-2.842,-4.751
3.018,-0.272
2.862,-0.093
2.789,-0.095
2.885,-0.097
2.847,-0.172
1.939,-0.143
0.142,-0.289
0.042,-0.313
-0.115,-0.206
-0.798,-0.484
-1.42,-0.19
-1.955,-0.381
1.872,-1.037
1.722,-0.814
1.722,-3.532
1.555,-0.672
-1.277,-1.801
-1.825,-1.018
-1.96,-1.014
0.151,-3.326
-0.366,-3.295
-1.522,-1.793
-1.518,-1.688
-2.545,-2.171
-2.532,-1.367
-2.689,-2.204
-2.684,-1.201
2.538,-3.553
2.539,-2.546
0.171,-2.394
2.64,-0.39
-1.574,-4.301
-1.702,-0.288
-0.086,-0.316
-0.373,0.093
-0.718,-0.126
-1.003,0.022
-1.638,-0.241
-1.963,-0.169
-2.024,-0.134
-2.379,-0.278
-2.749,0.047
-2.738,-0.012
-3.001,-0.081
2.395,-3.318
1.9,-2.81
1.258,-0.789
0.277,-3.717
-1.041,-1.733
-1.749,-0.75
0.5,-4.736
2.962,-0.052
-3.106,-0.48
3.024,-2.257
2.937,-0.468
2.81,-0.808
2.89,-3.913
2.902,-2.065
2.66,-2.29
2.643,-0.907
2.59,-0.355
2.46,-3.282
2.35,-2.029
2.436,-2.525
2.432,-1.916
2.384,-1.593
2.316,-2.303
2.289,-1.918
2.23,-1.411
2.136,-1.267
1.94,-0.501
1.916,-0.788
1.996,-0.609
1.932,-3.493
1.725,-0.859
1.577,-1.999
1.492,-3.078
1.448,-4.126
1.575,-3.901
1.358,-4.251
1.35,-3.314
1.337,-3.261
1.444,-1.314
1.405,-2.374
1.301,-2.729
1.226,-2.89
1.234,-1.298
1.225,-4.342
1.026,-3.087
1.138,-2.873
1.099,-3.387
0.915,-0.468
0.969,-2.704
0.901,-0.378
0.654,-0.639
0.495,-2.329
0.455,-3.096
0.309,-4.122
0.388,-2.884
0.196,-2.275
0.278,-4.204
0.257,-3.062
0.096,-2.809
0.168,-2.717
0.06,-0.801
0.051,-3.867
0.038,-1.076
0.009,-2.258
-0.057,-2.82
-0.046,-3.334
-0.015,-2.179
-0.092,-1.484
-0.485,-2.583
-0.457,-2.613
-0.561,-3.229
-0.495,-3.922
-0.519,-1.004
-0.735,-0.887
-0.64,-4.322
-0.776,-3.849
-0.786,-4.029
-0.716,-1.652
-0.714,-0.629
-0.904,-0.773
-0.822,-1.088
-0.995,-2.74
-1.013,-4.012
-0.994,-2.904
-1.021,-2.13
-1.15,-0.416
-1.199,-0.89
-1.08,-2.302
-1.217,-3.104
-1.242,-3.309
-1.323,-0.599
-1.704,-0.324
-1.697,-3.379
-2.004,-3.1
-1.933,-1.818
-2.022,-2.265
-2.239,-0.831
-2.13,-3.387
-2.335,-3.097
-2.355,-3.14
-2.806,-2.247
-2.734,-1.866
-2.912,-1.368
-2.923,-0.97
-2.876,-2.827
-3.084,-1.431
-2.921,-3.674
3.12,-3.584
3.118,-4.249
2.64,-4.46
2.065,-4.609
1.937,-4.502
1.43,-4.534
0.85,-4.675
0.84,-4.638
0.477,-4.361
-0.232,-4.569
-0.392,-4.708
-0.332,-4.607
-0.556,-4.545
-0.735,-4.694
-1.024,-4.719
-1.328,-4.506
-1.703,-4.668
-1.95,-4.471
-2.338,-4.577
-2.729,-4.646
3.131,-0.167
2.975,0.012
2.902,0.01
2.998,0.008
2.96,-0.067
2.052,-0.038
0.255,-0.184
0.155,-0.208
-0.002,-0.101
-0.685,-0.379
-1.307,-0.085
-1.842,-0.276
1.985,-0.932
1.835,-0.709
1.835,-3.427
1.668,-0.567
-1.164,-1.696
-1.712,-0.913
-1.847,-0.909
0.264,-3.221
-0.253,-3.19
-1.409,-1.688
-1.405,-1.583
-2.432,-2.066
-2.419,-1.262
-2.576,-2.099
-2.571,-1.096
2.651,-3.448
2.652,-2.441
0.284,-2.289
2.753,-0.285
-1.461,-4.196
-1.589,-0.183
-0.287,0.409
-0.632,0.19
-0.917,0.338
-1.552,0.075
-1.877,0.147
-1.938,0.182
-2.293,0.038
-2.663,0.363
-2.652,0.304
-2.915,0.235
2.481,-3.002
1.986,-2.494
1.344,-0.473
0.363,-3.401
-0.955,-1.417
-1.663,-0.434
0.586,-4.42
3.048,0.264
-3.02,-0.164
3.11,-1.941
3.023,-0.152
2.896,-0.492
2.976,-3.597
2.988,-1.749
2.746,-1.974
2.729,-0.591
2.676,-0.039
2.546,-2.966
2.436,-1.713
2.522,-2.209
2.518,-1.6
2.47,-1.277
2.402,-1.987
2.375,-1.602
2.316,-1.095
2.222,-0.951
2.026,-0.185
2.002,-0.472
2.082,-0.293
2.018,-3.177
1.811,-0.543
1.663,-1.683
1.578,-2.762
1.534,-3.81
1.661,-3.585
1.444,-3.935
1.436,-2.998
1.423,-2.945
1.53,-0.998
1.491,-2.058
1.387,-2.413
1.312,-2.574
1.32,-0.982
1.311,-4.026
1.112,-2.771
1.224,-2.557
1.185,-3.071
1.001,-0.152
1.055,-2.388
0.987,-0.062
0.74,-0.323
0.581,-2.013
0.541,-2.78
0.395,-3.806
0.474,-2.568
0.282,-1.959
0.364,-3.888
0.343,-2.746
0.182,-2.493
0.254,-2.401
0.146,-0.485
0.137,-3.551
0.124,-0.76
0.095,-1.942
0.029,-2.504
0.04,-3.018
0.071,-1.863
-0.006,-1.168
-0.399,-2.267
-0.371,-2.297
-0.475,-2.913
-0.409,-3.606
-0.433,-0.688
-0.649,-0.571
-0.554,-4.006
-0.69,-3.533
-0.7,-3.713
-0.63,-1.336
-0.628,-0.313
-0.818,-0.457
-0.736,-0.772
-0.909,-2.424
-0.927,-3.696
-0.908,-2.588
-0.935,-1.814
-1.064,-0.1
-1.113,-0.574
-0.994,-1.986
-1.131,-2.788
-1.156,-2.993
-1.237,-0.283
-1.618,-0.008
-1.611,-3.063
-1.918,-2.784
-1.847,-1.502
-1.936,-1.949
-2.153,-0.515
-2.044,-3.071
-2.249,-2.781
-2.269,-2.824
-2.72,-1.931
-2.648,-1.55
-2.826,-1.052
-2.837,-0.654
-2.79,-2.511
-2.998,-1.115
-2.835,-3.358
-3.077,-3.268
-3.079,-3.933
2.726,-4.144
2.151,-4.293
2.023,-4.186
1.516,-4.218
0.936,-4.359
0.926,-4.322
0.563,-4.045
-0.146,-4.253
-0.306,-4.392
-0.246,-4.291
-0.47,-4.229
-0.649,-4.378
-0.938,-4.403
-1.242,-4.19
-1.617,-4.352
-1.864,-4.155
-2.252,-4.261
-2.643,-4.33
-3.066,0.149
3.061,0.328
2.988,0.326
3.084,0.324
3.046,0.249
2.138,0.278
0.341,0.132
0.241,0.108
0.084,0.215
-0.599,-0.063
-1.221,0.231
-1.756,0.04
2.071,-0.616
1.921,-0.393
1.921,-3.111
1.754,-0.251
-1.078,-1.38
-1.626,-0.597
-1.761,-0.593
0.35,-2.905
-0.167,-2.874
-1.323,-1.372
-1.319,-1.267
-2.346,-1.75
-2.333,-0.946
-2.49,-1.783
-2.485,-0.78
2.737,-3.132
2.738,-2.125
0.37,-1.973
2.839,0.031
-1.375,-3.88
-1.503,0.133
-0.345,-0.219
-0.63,-0.071
-1.265,-0.334
-1.59,-0.262
-1.651,-0.227
-2.006,-0.371
-2.376,-0.046
-2.365,-0.105
-2.628,-0.174
2.768,-3.411
2.273,-2.903
1.631,-0.882
0.65,-3.81
-0.668,-1.826
-1.376,-0.843
0.873,-4.829
-2.948,-0.145
-2.733,-0.573
-2.886,-2.35
-2.973,-0.561
-3.1,-0.901
-3.02,-4.006
-3.008,-2.158
3.033,-2.383
3.016,-1.0
2.963,-0.448
2.833,-3.375
2.723,-2.122
2.809,-2.618
2.805,-2.009
2.757,-1.686
2.689,-2.396
2.662,-2.011
2.603,-1.504
2.509,-1.36
2.313,-0.594
2.289,-0.881
2.369,-0.702
2.305,-3.586
2.098,-0.952
1.95,-2.092
1.865,-3.171
1.821,-4.219
1.948,-3.994
1.731,-4.344
1.723,-3.407
1.71,-3.354
1.817,-1.407
1.778,-2.467
1.674,-2.822
1.599,-2.983
1.607,-1.391
1.598,-4.435
1.399,-3.18
1.511,-2.966
1.472,-3.48
1.288,-0.561
1.342,-2.797
1.274,-0.471
1.027,-0.732
0.868,-2.422
0.828,-3.189
0.682,-4.215
0.761,-2.977
0.569,-2.368
0.651,-4.297
0.63,-3.155
0.469,-2.902
0.541,-2.81
0.433,-0.894
0.424,-3.96
0.411,-1.169
0.382,-2.351
0.316,-2.913
0.327,-3.427
0.358,-2.272
0.281,-1.577
-0.112,-2.676
-0.084,-2.706
-0.188,-3.322
-0.122,-4.015
-0.146,-1.097
-0.362,-0.98
-0.267,-4.415
-0.403,-3.942
-0.413,-4.122
-0.343,-1.745
-0.341,-0.722
-0.531,-0.866
-0.449,-1.181
-0.622,-2.833
-0.64,-4.105
-0.621,-2.997
-0.648,-2.223
-0.777,-0.509
-0.826,-0.983
-0.707,-2.395
-0.844,-3.197
-0.869,-3.402
-0.95,-0.692
-1.331,-0.417
-1.324,-3.472
-1.631,-3.193
-1.56,-1.911
-1.649,-2.358
-1.866,-0.924
-1.757,-3.48
-1.962,-3.19
-1.982,-3.233
-2.433,-2.34
-2.361,-1.959
-2.539,-1.461
-2.55,-1.063
-2.503,-2.92
-2.711,-1.524
-2.548,-3.767
-2.79,-3.677
-2.792,-4.342
3.013,-4.553
2.438,-4.702
2.31,-4.595
1.803,-4.627
1.223,-4.768
1.213,-4.731
0.85,-4.454
0.141,-4.662
-0.019,-4.801
0.041,-4.7
-0.183,-4.638
-0.362,-4.787
-0.651,-4.812
-0.955,-4.599
-1.33,-4.761
-1.577,-4.564
-1.965,-4.67
-2.356,-4.739
-2.779,-0.26
-2.935,-0.081
-3.008,-0.083
-2.912,-0.085
-2.95,-0.16
2.425,-0.131
0.628,-0.277
0.528,-0.301
0.371,-0.194
-0.312,-0.472
-0.934,-0.178
-1.469,-0.369
2.358,-1.025
2.208,-0.802
2.208,-3.52
2.041,-0.66
-0.791,-1.789
-1.339,-1.006
-1.474,-1.002
0.637,-3.314
0.12,-3.283
-1.036,-1.781
-1.032,-1.676
-2.059,-2.159
-2.046,-1.355
-2.203,-2.192
-2.198,-1.189
3.024,-3.541
3.025,-2.534
0.657,-2.382
3.126,-0.378
-1.088,-4.289
-1.216,-0.276
-0.285,0.148
-0.92,-0.115
-1.245,-0.043
-1.306,-0.008
-1.661,-0.152
-2.031,0.173
-2.02,0.114
-2.283,0.045
3.113,-3.192
2.618,-2.684
1.976,-0.663
0.995,-3.591
-0.323,-1.607
-1.031,-0.624
1.218,-4.61
-2.603,0.074
-2.388,-0.354
-2.541,-2.131
-2.628,-0.342
-2.755,-0.682
-2.675,-3.787
-2.663,-1.939
-2.905,-2.164
-2.922,-0.781
-2.975,-0.229
-3.105,-3.156
3.068,-1.903
-3.129,-2.399
-3.133,-1.79
3.102,-1.467
3.034,-2.177
3.007,-1.792
2.948,-1.285
2.854,-1.141
2.658,-0.375
2.634,-0.662
2.714,-0.483
2.65,-3.367
2.443,-0.733
2.295,-1.873
2.21,-2.952
2.166,-4.0
2.293,-3.775
2.076,-4.125
2.068,-3.188
2.055,-3.135
2.162,-1.188
2.123,-2.248
2.019,-2.603
1.944,-2.764
1.952,-1.172
1.943,-4.216
1.744,-2.961
1.856,-2.747
1.817,-3.261
1.633,-0.342
1.687,-2.578
1.619,-0.252
1.372,-0.513
1.213,-2.203
1.173,-2.97
1.027,-3.996
1.106,-2.758
0.914,-2.149
0.996,-4.078
0.975,-2.936
0.814,-2.683
0.886,-2.591
0.778,-0.675
0.769,-3.741
0.756,-0.95
0.727,-2.132
0.661,-2.694
0.672,-3.208
0.703,-2.053
0.626,-1.358
0.233,-2.457
0.261,-2.487
0.157,-3.103
0.223,-3.796
0.199,-0.878
-0.017,-0.761
0.078,-4.196
-0.058,-3.723
-0.068,-3.903
0.002,-1.526
0.004,-0.503
-0.186,-0.647
-0.104,-0.962
-0.277,-2.614
-0.295,-3.886
-0.276,-2.778
-0.303,-2.004
-0.432,-0.29
-0.481,-0.764
-0.362,-2.176
-0.499,-2.978
-0.524,-3.183
-0.605,-0.473
-0.986,-0.198
-0.979,-3.253
-1.286,-2.974
-1.215,-1.692
-1.304,-2.139
-1.521,-0.705
-1.412,-3.261
-1.617,-2.971
-1.637,-3.014
-2.088,-2.121
-2.016,-1.74
-2.194,-1.242
-2.205,-0.844
-2.158,-2.701
-2.366,-1.305
-2.203,-3.548
-2.445,-3.458
-2.447,-4.123
-2.925,-4.334
2.783,-4.483
2.655,-4.376
2.148,-4.408
1.568,-4.549
1.558,-4.512
1.195,-4.235
0.486,-4.443
0.326,-4.582
0.386,-4.481
0.162,-4.419
-0.017,-4.568
-0.306,-4.593
-0.61,-4.38
-0.985,-4.542
-1.232,-4.345
-1.62,-4.451
-2.011,-4.52
-2.434,-0.041
-2.59,0.138
-2.663,0.136
-2.567,0.134
-2.605,0.059
2.77,0.088
0.973,-0.058
0.873,-0.082
0.716,0.025
0.033,-0.253
-0.589,0.041
-1.124,-0.15
2.703,-0.806
2.553,-0.583
2.553,-3.301
2.386,-0.441
-0.446,-1.57
-0.994,-0.787
-1.129,-0.783
0.982,-3.095
0.465,-3.064
-0.691,-1.562
-0.687,-1.457
-1.714,-1.94
-1.701,-1.136
-1.858,-1.973
-1.853,-0.97
-2.914,-3.322
-2.913,-2.315
1.002,-2.163
-2.812,-0.159
-0.743,-4.07
-0.871,-0.057
-0.635,-0.263
-0.96,-0.191
-1.021,-0.156
-1.376,-0.3
-1.746,0.025
-1.735,-0.034
-1.998,-0.103
-2.885,-3.34
2.903,-2.832
2.261,-0.811
1.28,-3.739
-0.038,-1.755
-0.746,-0.772
1.503,-4.758
-2.318,-0.074
-2.103,-0.502
-2.256,-2.279
-2.343,-0.49
-2.47,-0.83
-2.39,-3.935
-2.378,-2.087
-2.62,-2.312
-2.637,-0.929
-2.69,-0.377
-2.82,-3.304
-2.93,-2.051
-2.844,-2.547
-2.848,-1.938
-2.896,-1.615
-2.964,-2.325
-2.991,-1.94
-3.05,-1.433
3.139,-1.289
2.943,-0.523
2.919,-0.81
2.999,-0.631
2.935,-3.515
2.728,-0.881
2.58,-2.021
2.495,-3.1
2.451,-4.148
2.578,-3.923
2.361,-4.273
2.353,-3.336
2.34,-3.283
2.447,-1.336
2.408,-2.396
2.304,-2.751
2.229,-2.912
2.237,-1.32
2.228,-4.364
2.029,-3.109
2.141,-2.895
2.102,-3.409
1.918,-0.49
1.972,-2.726
1.904,-0.4
1.657,-0.661
1.498,-2.351
1.458,-3.118
1.312,-4.144
1.391,-2.906
1.199,-2.297
1.281,-4.226
1.26,-3.084
1.099,-2.831
1.171,-2.739
1.063,-0.823
1.054,-3.889
1.041,-1.098
1.012,-2.28
0.946,-2.842
0.957,-3.356
0.988,-2.201
0.911,-1.506
0.518,-2.605
0.546,-2.635
0.442,-3.251
0.508,-3.944
0.484,-1.026
0.268,-0.909
0.363,-4.344
0.227,-3.871
0.217,-4.051
0.287,-1.674
0.289,-0.651
0.099,-0.795
0.181,-1.11
0.008,-2.762
-0.01,-4.034
0.009,-2.926
-0.018,-2.152
-0.147,-0.438
-0.196,-0.912
-0.077,-2.324
-0.214,-3.126
-0.239,-3.331
-0.32,-0.621
-0.701,-0.346
-0.694,-3.401
-1.001,-3.122
-0.93,-1.84
-1.019,-2.287
-1.236,-0.853
-1.127,-3.409
-1.332,-3.119
-1.352,-3.162
-1.803,-2.269
-1.731,-1.888
-1.909,-1.39
-1.92,-0.992
-1.873,-2.849
-2.081,-1.453
-1.918,-3.696
-2.16,-3.606
-2.162,-4.271
-2.64,-4.482
3.068,-4.631
2.94,-4.524
2.433,-4.556
1.853,-4.697
1.843,-4.66
1.48,-4.383
0.771,-4.591
0.611,-4.73
0.671,-4.629
0.447,-4.567
0.268,-4.716
-0.021,-4.741
-0.325,-4.528
-0.7,-4.69
-0.947,-4.493
-1.335,-4.599
-1.726,-4.668
-2.149,-0.189
-2.305,-0.01
-2.378,-0.012
-2.282,-0.014
-2.32,-0.089
3.055,-0.06
1.258,-0.206
1.158,-0.23
1.001,-0.123
0.318,-0.401
-0.304,-0.107
-0.839,-0.298
2.988,-0.954
2.838,-0.731
2.838,-3.449
2.671,-0.589
-0.161,-1.718
-0.709,-0.935
-0.844,-0.931
1.267,-3.243
0.75,-3.212
-0.406,-1.71
-0.402,-1.605
-1.429,-2.088
-1.416,-1.284
-1.573,-2.121
-1.568,-1.118
-2.629,-3.47
-2.628,-2.463
1.287,-2.311
-2.527,-0.307
-0.458,-4.218
-0.586,-0.205
-0.325,0.072
-0.386,0.107
-0.741,-0.037
-1.111,0.288
-1.1,0.229
-1.363,0.16
-2.25,-3.077
-2.745,-2.569
2.896,-0.548
1.915,-3.476
0.597,-1.492
-0.111,-0.509
2.138,-4.495
-1.683,0.189
-1.468,-0.239
-1.621,-2.016
-1.708,-0.227
-1.835,-0.567
-1.755,-3.672
-1.743,-1.824
-1.985,-2.049
-2.002,-0.666
-2.055,-0.114
-2.185,-3.041
-2.295,-1.788
-2.209,-2.284
-2.213,-1.675
-2.261,-1.352
-2.329,-2.062
-2.356,-1.677
-2.415,-1.17
-2.509,-1.026
-2.705,-0.26
-2.729,-0.547
-2.649,-0.368
-2.713,-3.252
-2.92,-0.618
-3.068,-1.758
3.13,-2.837
3.086,-3.885
-3.07,-3.66
2.996,-4.01
2.988,-3.073
2.975,-3.02
3.082,-1.073
3.043,-2.133
2.939,-2.488
2.864,-2.649
2.872,-1.057
2.863,-4.101
2.664,-2.846
2.776,-2.632
2.737,-3.146
2.553,-0.227
2.607,-2.463
2.539,-0.137
2.292,-0.398
2.133,-2.088
2.093,-2.855
1.947,-3.881
2.026,-2.643
1.834,-2.034
1.916,-3.963
1.895,-2.821
1.734,-2.568
1.806,-2.476
1.698,-0.56
1.689,-3.626
1.676,-0.835
1.647,-2.017
1.581,-2.579
1.592,-3.093
1.623,-1.938
1.546,-1.243
1.153,-2.342
1.181,-2.372
1.077,-2.988
1.143,-3.681
1.119,-0.763
0.903,-0.646
0.998,-4.081
0.862,-3.608
0.852,-3.788
0.922,-1.411
0.924,-0.388
0.734,-0.532
0.816,-0.847
0.643,-2.499
0.625,-3.771
0.644,-2.663
0.617,-1.889
0.488,-0.175
0.439,-0.649
0.558,-2.061
0.421,-2.863
0.396,-3.068
0.315,-0.358
-0.066,-0.083
-0.059,-3.138
-0.366,-2.859
-0.295,-1.577
-0.384,-2.024
-0.601,-0.59
-0.492,-3.146
-0.697,-2.856
-0.717,-2.899
-1.168,-2.006
-1.096,-1.625
-1.274,-1.127
-1.285,-0.729
-1.238,-2.586
-1.446,-1.19
-1.283,-3.433
-1.525,-3.343
-1.527,-4.008
-2.005,-4.219
-2.58,-4.368
-2.708,-4.261
3.068,-4.293
2.488,-4.434
2.478,-4.397
2.115,-4.12
1.406,-4.328
1.246,-4.467
1.306,-4.366
1.082,-4.304
0.903,-4.453
0.614,-4.478
0.31,-4.265
-0.065,-4.427
-0.312,-4.23
-0.7,-4.336
-1.091,-4.405
-1.514,0.074
-1.67,0.253
-1.743,0.251
-1.647,0.249
-1.685,0.174
-2.593,0.203
1.893,0.057
1.793,0.033
1.636,0.14
0.953,-0.138
0.331,0.156
-0.204,-0.035
-2.66,-0.691
-2.81,-0.468
-2.81,-3.186
-2.977,-0.326
0.474,-1.455
-0.074,-0.672
-0.209,-0.668
1.902,-2.98
1.385,-2.949
0.229,-1.447
0.233,-1.342
-0.794,-1.825
-0.781,-1.021
-0.938,-1.858
-0.933,-0.855
-1.994,-3.207
-1.993,-2.2
1.922,-2.048
-1.892,-0.044
0.177,-3.955
0.049,0.058
-0.061,0.035
-0.416,-0.109
-0.786,0.216
-0.775,0.157
-1.038,0.088
-1.925,-3.149
-2.42,-2.641
-3.062,-0.62
2.24,-3.548
0.922,-1.564
0.214,-0.581
2.463,-4.567
-1.358,0.117
-1.143,-0.311
-1.296,-2.088
-1.383,-0.299
-1.51,-0.639
-1.43,-3.744
-1.418,-1.896
-1.66,-2.121
-1.677,-0.738
-1.73,-0.186
-1.86,-3.113
-1.97,-1.86
-1.884,-2.356
-1.888,-1.747
-1.936,-1.424
-2.004,-2.134
-2.031,-1.749
-2.09,-1.242
-2.184,-1.098
-2.38,-0.332
-2.404,-0.619
-2.324,-0.44
-2.388,-3.324
-2.595,-0.69
-2.743,-1.83
-2.828,-2.909
-2.872,-3.957
-2.745,-3.732
-2.962,-4.082
-2.97,-3.145
-2.983,-3.092
-2.876,-1.145
-2.915,-2.205
-3.019,-2.56
-3.094,-2.721
-3.086,-1.129
-3.095,-4.173
2.989,-2.918
3.101,-2.704
3.062,-3.218
2.878,-0.299
2.932,-2.535
2.864,-0.209
2.617,-0.47
2.458,-2.16
2.418,-2.927
2.272,-3.953
2.351,-2.715
2.159,-2.106
2.241,-4.035
2.22,-2.893
2.059,-2.64
2.131,-2.548
2.023,-0.632
2.014,-3.698
2.001,-0.907
1.972,-2.089
1.906,-2.651
1.917,-3.165
1.948,-2.01
1.871,-1.315
1.478,-2.414
1.506,-2.444
1.402,-3.06
1.468,-3.753
1.444,-0.835
1.228,-0.718
1.323,-4.153
1.187,-3.68
1.177,-3.86
1.247,-1.483
1.249,-0.46
1.059,-0.604
1.141,-0.919
0.968,-2.571
0.95,-3.843
0.969,-2.735
0.942,-1.961
0.813,-0.247
0.764,-0.721
0.883,-2.133
0.746,-2.935
0.721,-3.14
0.64,-0.43
0.259,-0.155
0.266,-3.21
-0.041,-2.931
0.03,-1.649
-0.059,-2.096
-0.276,-0.662
-0.167,-3.218
-0.372,-2.928
-0.392,-2.971
-0.843,-2.078
-0.771,-1.697
-0.949,-1.199
-0.96,-0.801
-0.913,-2.658
-1.121,-1.262
-0.958,-3.505
-1.2,-3.415
-1.202,-4.08
-1.68,-4.291
-2.255,-4.44
-2.383,-4.333
-2.89,-4.365
2.813,-4.506
2.803,-4.469
2.44,-4.192
1.731,-4.4
1.571,-4.539
1.631,-4.438
1.407,-4.376
1.228,-4.525
0.939,-4.55
0.635,-4.337
0.26,-4.499
0.013,-4.302
-0.375,-4.408
-0.766,-4.477
-1.189,0.002
-1.345,0.181
-1.418,0.179
-1.322,0.177
-1.36,0.102
-2.268,0.131
2.218,-0.015
2.118,-0.039
1.961,0.068
1.278,-0.21
0.656,0.084
0.121,-0.107
-2.335,-0.763
-2.485,-0.54
-2.485,-3.258
-2.652,-0.398
0.799,-1.527
0.251,-0.744
0.116,-0.74
2.227,-3.052
1.71,-3.021
0.554,-1.519
0.558,-1.414
-0.469,-1.897
-0.456,-1.093
-0.613,-1.93
-0.608,-0.927
-1.669,-3.279
-1.668,-2.272
2.247,-2.12
-1.567,-0.116
0.502,-4.027
0.374,-0.014
-0.355,-0.144
-0.725,0.181
-0.714,0.122
-0.977,0.053
-1.864,-3.184
-2.359,-2.676
-3.001,-0.655
2.301,-3.583
0.983,-1.599
0.275,-0.616
2.524,-4.602
-1.297,0.082
-1.082,-0.346
-1.235,-2.123
-1.322,-0.334
-1.449,-0.674
-1.369,-3.779
-1.357,-1.931
-1.599,-2.156
-1.616,-0.773
-1.669,-0.221
-1.799,-3.148
-1.909,-1.895
-1.823,-2.391
-1.827,-1.782
-1.875,-1.459
-1.943,-2.169
-1.97,-1.784
-2.029,-1.277
-2.123,-1.133
-2.319,-0.367
-2.343,-0.654
-2.263,-0.475
-2.327,-3.359
-2.534,-0.725
-2.682,-1.865
-2.767,-2.944
-2.811,-3.992
-2.684,-3.767
-2.901,-4.117
-2.909,-3.18
-2.922,-3.127
-2.815,-1.18
-2.854,-2.24
-2.958,-2.595
-3.033,-2.756
-3.025,-1.164
-3.034,-4.208
3.05,-2.953
-3.121,-2.739
3.123,-3.253
2.939,-0.334
2.993,-2.57
2.925,-0.244
2.678,-0.505
2.519,-2.195
2.479,-2.962
2.333,-3.988
2.412,-2.75
2.22,-2.141
2.302,-4.07
2.281,-2.928
2.12,-2.675
2.192,-2.583
2.084,-0.667
2.075,-3.733
2.062,-0.942
2.033,-2.124
1.967,-2.686
1.978,-3.2
2.009,-2.045
1.932,-1.35
1.539,-2.449
1.567,-2.479
1.463,-3.095
1.529,-3.788
1.505,-0.87
1.289,-0.753
1.384,-4.188
1.248,-3.715
1.238,-3.895
1.308,-1.518
1.31,-0.495
1.12,-0.639
1.202,-0.954
1.029,-2.606
1.011,-3.878
1.03,-2.77
1.003,-1.996
0.874,-0.282
0.825,-0.756
0.944,-2.168
0.807,-2.97
0.782,-3.175
0.701,-0.465
0.32,-0.19
0.327,-3.245
0.02,-2.966
0.091,-1.684
0.002,-2.131
-0.215,-0.697
-0.106,-3.253
-0.311,-2.963
-0.331,-3.006
-0.782,-2.113
-0.71,-1.732
-0.888,-1.234
-0.899,-0.836
-0.852,-2.693
-1.06,-1.297
-0.897,-3.54
-1.139,-3.45
-1.141,-4.115
-1.619,-4.326
-2.194,-4.475
-2.322,-4.368
-2.829,-4.4
2.874,-4.541
2.864,-4.504
2.501,-4.227
1.792,-4.435
1.632,-4.574
1.692,-4.473
1.468,-4.411
1.289,-4.56
1.0,-4.585
0.696,-4.372
0.321,-4.534
0.074,-4.337
-0.314,-4.443
-0.705,-4.512
-1.128,-0.033
-1.284,0.146
-1.357,0.144
-1.261,0.142
-1.299,0.067
-2.207,0.096
2.279,-0.05
2.179,-0.074
2.022,0.033
1.339,-0.245
0.717,0.049
0.182,-0.142
-2.274,-0.798
-2.424,-0.575
-2.424,-3.293
-2.591,-0.433
0.86,-1.562
0.312,-0.779
0.177,-0.775
2.288,-3.087
1.771,-3.056
0.615,-1.554
0.619,-1.449
-0.408,-1.932
-0.395,-1.128
-0.552,-1.965
-0.547,-0.962
-1.608,-3.314
-1.607,-2.307
2.308,-2.155
-1.506,-0.151
0.563,-4.062
0.435,-0.049
-0.37,0.325
-0.359,0.266
-0.622,0.197
-1.509,-3.04
-2.004,-2.532
-2.646,-0.511
2.656,-3.439
1.338,-1.455
0.63,-0.472
2.879,-4.458
-0.942,0.226
-0.727,-0.202
-0.88,-1.979
-0.967,-0.19
-1.094,-0.53
-1.014,-3.635
-1.002,-1.787
-1.244,-2.012
-1.261,-0.629
-1.314,-0.077
-1.444,-3.004
-1.554,-1.751
-1.468,-2.247
-1.472,-1.638
-1.52,-1.315
-1.588,-2.025
-1.615,-1.64
-1.674,-1.133
-1.768,-0.989
-1.964,-0.223
-1.988,-0.51
-1.908,-0.331
-1.972,-3.215
-2.179,-0.581
-2.327,-1.721
-2.412,-2.8
-2.456,-3.848
-2.329,-3.623
-2.546,-3.973
-2.554,-3.036
-2.567,-2.983
-2.46,-1.036
-2.499,-2.096
-2.603,-2.451
-2.678,-2.612
-2.67,-1.02
-2.679,-4.064
-2.878,-2.809
-2.766,-2.595
-2.805,-3.109
-2.989,-0.19
-2.935,-2.426
-3.003,-0.1
3.033,-0.361
2.874,-2.051
2.834,-2.818
2.688,-3.844
2.767,-2.606
2.575,-1.997
2.657,-3.926
2.636,-2.784
2.475,-2.531
2.547,-2.439
2.439,-0.523
2.43,-3.589
2.417,-0.798
2.388,-1.98
2.322,-2.542
2.333,-3.056
2.364,-1.901
2.287,-1.206
1.894,-2.305
1.922,-2.335
1.818,-2.951
1.884,-3.644
1.86,-0.726
1.644,-0.609
1.739,-4.044
1.603,-3.571
1.593,-3.751
1.663,-1.374
1.665,-0.351
1.475,-0.495
1.557,-0.81
1.384,-2.462
1.366,-3.734
1.385,-2.626
1.358,-1.852
1.229,-0.138
1.18,-0.612
1.299,-2.024
1.162,-2.826
1.137,-3.031
1.056,-0.321
0.675,-0.046
0.682,-3.101
0.375,-2.822
0.446,-1.54
0.357,-1.987
0.14,-0.553
0.249,-3.109
0.044,-2.819
0.024,-2.862
-0.427,-1.969
-0.355,-1.588
-0.533,-1.09
-0.544,-0.692
-0.497,-2.549
-0.705,-1.153
-0.542,-3.396
-0.784,-3.306
-0.786,-3.971
-1.264,-4.182
-1.839,-4.331
-1.967,-4.224
-2.474,-4.256
-3.054,-4.397
-3.064,-4.36
2.856,-4.083
2.147,-4.291
1.987,-4.43
2.047,-4.329
1.823,-4.267
1.644,-4.416
1.355,-4.441
1.051,-4.228
0.676,-4.39
0.429,-4.193
0.041,-4.299
-0.35,-4.368
-0.773,0.111
-0.929,0.29
-1.002,0.288
-0.906,0.286
-0.944,0.211
-1.852,0.24
2.634,0.094
2.534,0.07
2.377,0.177
1.694,-0.101
1.072,0.193
0.537,0.002
-1.919,-0.654
-2.069,-0.431
-2.069,-3.149
-2.236,-0.289
1.215,-1.418
0.667,-0.635
0.532,-0.631
2.643,-2.943
2.126,-2.912
0.97,-1.41
0.974,-1.305
-0.053,-1.788
-0.04,-0.984
-0.197,-1.821
-0.192,-0.818
-1.253,-3.17
-1.252,-2.163
2.663,-2.011
-1.151,-0.007
0.918,-3.918
0.79,0.095
0.011,-0.059
-0.252,-0.128
-1.139,-3.365
-1.634,-2.857
-2.276,-0.836
3.026,-3.764
1.708,-1.78
1.0,-0.797
-3.034,-4.783
-0.572,-0.099
-0.357,-0.527
-0.51,-2.304
-0.597,-0.515
-0.724,-0.855
-0.644,-3.96
-0.632,-2.112
-0.874,-2.337
-0.891,-0.954
-0.944,-0.402
-1.074,-3.329
-1.184,-2.076
-1.098,-2.572
-1.102,-1.963
-1.15,-1.64
-1.218,-2.35
-1.245,-1.965
-1.304,-1.458
-1.398,-1.314
-1.594,-0.548
-1.618,-0.835
-1.538,-0.656
-1.602,-3.54
-1.809,-0.906
-1.957,-2.046
-2.042,-3.125
-2.086,-4.173
-1.959,-3.948
-2.176,-4.298
-2.184,-3.361
-2.197,-3.308
-2.09,-1.361
-2.129,-2.421
-2.233,-2.776
-2.308,-2.937
-2.3,-1.345
-2.309,-4.389
-2.508,-3.134
-2.396,-2.92
-2.435,-3.434
-2.619,-0.515
-2.565,-2.751
-2.633,-0.425
-2.88,-0.686
-3.039,-2.376
-3.079,-3.143
3.058,-4.169
3.137,-2.931
2.945,-2.322
3.027,-4.251
3.006,-3.109
2.845,-2.856
2.917,-2.764
2.809,-0.848
2.8,-3.914
2.787,-1.123
2.758,-2.305
2.692,-2.867
2.703,-3.381
2.734,-2.226
2.657,-1.531
2.264,-2.63
2.292,-2.66
2.188,-3.276
2.254,-3.969
2.23,-1.051
2.014,-0.934
2.109,-4.369
1.973,-3.896
1.963,-4.076
2.033,-1.699
2.035,-0.676
1.845,-0.82
1.927,-1.135
1.754,-2.787
1.736,-4.059
1.755,-2.951
1.728,-2.177
1.599,-0.463
1.55,-0.937
1.669,-2.349
1.532,-3.151
1.507,-3.356
1.426,-0.646
1.045,-0.371
1.052,-3.426
0.745,-3.147
0.816,-1.865
0.727,-2.312
0.51,-0.878
0.619,-3.434
0.414,-3.144
0.394,-3.187
-0.057,-2.294
0.015,-1.913
-0.163,-1.415
-0.174,-1.017
-0.127,-2.874
-0.335,-1.478
-0.172,-3.721
-0.414,-3.631
-0.416,-4.296
-0.894,-4.507
-1.469,-4.656
-1.597,-4.549
-2.104,-4.581
-2.684,-4.722
-2.694,-4.685
-3.057,-4.408
2.517,-4.616
2.357,-4.755
2.417,-4.654
2.193,-4.592
2.014,-4.741
1.725,-4.766
1.421,-4.553
1.046,-4.715
0.799,-4.518
0.411,-4.624
0.02,-4.693
-0.403,-0.214
-0.559,-0.035
-0.632,-0.037
-0.536,-0.039
-0.574,-0.114
-1.482,-0.085
3.004,-0.231
2.904,-0.255
2.747,-0.148
2.064,-0.426
1.442,-0.132
0.907,-0.323
-1.549,-0.979
-1.699,-0.756
-1.699,-3.474
-1.866,-0.614
1.585,-1.743
1.037,-0.96
0.902,-0.956
3.013,-3.268
2.496,-3.237
1.34,-1.735
1.344,-1.63
0.317,-2.113
0.33,-1.309
0.173,-2.146
0.178,-1.143
-0.883,-3.495
-0.882,-2.488
3.033,-2.336
-0.781,-0.332
1.288,-4.243
1.16,-0.23
-0.263,-0.069
-1.15,-3.306
-1.645,-2.798
-2.287,-0.777
3.015,-3.705
1.697,-1.721
0.989,-0.738
-3.045,-4.724
-0.583,-0.04
-0.368,-0.468
-0.521,-2.245
-0.608,-0.456
-0.735,-0.796
-0.655,-3.901
-0.643,-2.053
-0.885,-2.278
-0.902,-0.895
-0.955,-0.343
-1.085,-3.27
-1.195,-2.017
-1.109,-2.513
-1.113,-1.904
-1.161,-1.581
-1.229,-2.291
-1.256,-1.906
-1.315,-1.399
-1.409,-1.255
-1.605,-0.489
-1.629,-0.776
-1.549,-0.597
-1.613,-3.481
-1.82,-0.847
-1.968,-1.987
-2.053,-3.066
-2.097,-4.114
-1.97,-3.889
-2.187,-4.239
-2.195,-3.302
-2.208,-3.249
-2.101,-1.302
-2.14,-2.362
-2.244,-2.717
-2.319,-2.878
-2.311,-1.286
-2.32,-4.33
-2.519,-3.075
-2.407,-2.861
-2.446,-3.375
-2.63,-0.456
-2.576,-2.692
-2.644,-0.366
-2.891,-0.627
-3.05,-2.317
-3.09,-3.084
3.047,-4.11
3.126,-2.872
2.934,-2.263
3.016,-4.192
2.995,-3.05
2.834,-2.797
2.906,-2.705
2.798,-0.789
2.789,-3.855
2.776,-1.064
2.747,-2.246
2.681,-2.808
2.692,-3.322
2.723,-2.167
2.646,-1.472
2.253,-2.571
2.281,-2.601
2.177,-3.217
2.243,-3.91
2.219,-0.992
2.003,-0.875
2.098,-4.31
1.962,-3.837
1.952,-4.017
2.022,-1.64
2.024,-0.617
1.834,-0.761
1.916,-1.076
1.743,-2.728
1.725,-4.0
1.744,-2.892
1.717,-2.118
1.588,-0.404
1.539,-0.878
1.658,-2.29
1.521,-3.092
1.496,-3.297
1.415,-0.587
1.034,-0.312
1.041,-3.367
0.734,-3.088
0.805,-1.806
0.716,-2.253
0.499,-0.819
0.608,-3.375
0.403,-3.085
0.383,-3.128
-0.068,-2.235
0.004,-1.854
-0.174,-1.356
-0.185,-0.958
-0.138,-2.815
-0.346,-1.419
-0.183,-3.662
-0.425,-3.572
-0.427,-4.237
-0.905,-4.448
-1.48,-4.597
-1.608,-4.49
-2.115,-4.522
-2.695,-4.663
-2.705,-4.626
-3.068,-4.349
2.506,-4.557
2.346,-4.696
2.406,-4.595
2.182,-4.533
2.003,-4.682
1.714,-4.707
1.41,-4.494
1.035,-4.656
0.788,-4.459
0.4,-4.565
0.009,-4.634
-0.414,-0.155
-0.57,0.024
-0.643,0.022
-0.547,0.02
-0.585,-0.055
-1.493,-0.026
2.993,-0.172
2.893,-0.196
2.736,-0.089
2.053,-0.367
1.431,-0.073
0.896,-0.264
-1.56,-0.92
-1.71,-0.697
-1.71,-3.415
-1.877,-0.555
1.574,-1.684
1.026,-0.901
0.891,-0.897
3.002,-3.209
2.485,-3.178
1.329,-1.676
1.333,-1.571
0.306,-2.054
0.319,-1.25
0.162,-2.087
0.167,-1.084
-0.894,-3.436
-0.893,-2.429
3.022,-2.277
-0.792,-0.273
1.277,-4.184
1.149,-0.171
-0.887,-3.237
-1.382,-2.729
-2.024,-0.708
-3.005,-3.636
1.96,-1.652
1.252,-0.669
-2.782,-4.655
-0.32,0.029
-0.105,-0.399
-0.258,-2.176
-0.345,-0.387
-0.472,-0.727
-0.392,-3.832
-0.38,-1.984
-0.622,-2.209
-0.639,-0.826
-0.692,-0.274
-0.822,-3.201
-0.932,-1.948
-0.846,-2.444
-0.85,-1.835
-0.898,-1.512
-0.966,-2.222
-0.993,-1.837
-1.052,-1.33
-1.146,-1.186
-1.342,-0.42
-1.366,-0.707
-1.286,-0.528
-1.35,-3.412
-1.557,-0.778
-1.705,-1.918
-1.79,-2.997
-1.834,-4.045
-1.707,-3.82
-1.924,-4.17
-1.932,-3.233
-1.945,-3.18
-1.838,-1.233
-1.877,-2.293
-1.981,-2.648
-2.056,-2.809
-2.048,-1.217
-2.057,-4.261
-2.256,-3.006
-2.144,-2.792
-2.183,-3.306
-2.367,-0.387
-2.313,-2.623
-2.381,-0.297
-2.628,-0.558
-2.787,-2.248
-2.827,-3.015
-2.973,-4.041
-2.894,-2.803
-3.086,-2.194
-3.004,-4.123
-3.025,-2.981
3.097,-2.728
-3.114,-2.636
3.061,-0.72
3.052,-3.786
3.039,-0.995
3.01,-2.177
2.944,-2.739
2.955,-3.253
2.986,-2.098
2.909,-1.403
2.516,-2.502
2.544,-2.532
2.44,-3.148
2.506,-3.841
2.482,-0.923
2.266,-0.806
2.361,-4.241
2.225,-3.768
2.215,-3.948
2.285,-1.571
2.287,-0.548
2.097,-0.692
2.179,-1.007
2.006,-2.659
1.988,-3.931
2.007,-2.823
1.98,-2.049
1.851,-0.335
1.802,-0.809
1.921,-2.221
1.784,-3.023
1.759,-3.228
1.678,-0.518
1.297,-0.243
1.304,-3.298
0.997,-3.019
1.068,-1.737
0.979,-2.184
0.762,-0.75
0.871,-3.306
0.666,-3.016
0.646,-3.059
0.195,-2.166
0.267,-1.785
0.089,-1.287
0.078,-0.889
0.125,-2.746
-0.083,-1.35
0.08,-3.593
-0.162,-3.503
-0.164,-4.168
-0.642,-4.379
-1.217,-4.528
-1.345,-4.421
-1.852,-4.453
-2.432,-4.594
-2.442,-4.557
-2.805,-4.28
2.769,-4.488
2.609,-4.627
2.669,-4.526
2.445,-4.464
2.266,-4.613
1.977,-4.638
1.673,-4.425
1.298,-4.587
1.051,-4.39
0.663,-4.496
0.272,-4.565
-0.151,-0.086
-0.307,0.093
-0.38,0.091
-0.284,0.089
-0.322,0.014
-1.23,0.043
-3.027,-0.103
-3.127,-0.127
2.999,-0.02
2.316,-0.298
1.694,-0.004
1.159,-0.195
-1.297,-0.851
-1.447,-0.628
-1.447,-3.346
-1.614,-0.486
1.837,-1.615
1.289,-0.832
1.154,-0.828
-3.018,-3.14
2.748,-3.109
1.592,-1.607
1.596,-1.502
0.569,-1.985
0.582,-1.181
0.425,-2.018
0.43,-1.015
-0.631,-3.367
-0.63,-2.36
-2.998,-2.208
-0.529,-0.204
1.54,-4.115
1.412,-0.102
-0.495,0.508
-1.137,2.529
-2.118,-0.399
2.847,1.585
2.139,2.568
-1.895,-1.418
0.567,3.266
0.782,2.838
0.629,1.061
0.542,2.85
0.415,2.51
0.495,-0.595
0.507,1.253
0.265,1.028
0.248,2.411
0.195,2.963
0.065,0.036
-0.045,1.289
0.041,0.793
0.037,1.402
-0.011,1.725
-0.079,1.015
-0.106,1.4
-0.165,1.907
-0.259,2.051
-0.455,2.817
-0.479,2.53
-0.399,2.709
-0.463,-0.175
-0.67,2.459
-0.818,1.319
-0.903,0.24
-0.947,-0.808
-0.82,-0.583
-1.037,-0.933
-1.045,0.004
-1.058,0.057
-0.951,2.004
-0.99,0.944
-1.094,0.589
-1.169,0.428
-1.161,2.02
-1.17,-1.024
-1.369,0.231
-1.257,0.445
-1.296,-0.069
-1.48,2.85
-1.426,0.614
-1.494,2.94
-1.741,2.679
-1.9,0.989
-1.94,0.222
-2.086,-0.804
-2.007,0.434
-2.199,1.043
-2.117,-0.886
-2.138,0.256
-2.299,0.509
-2.227,0.601
-2.335,2.517
-2.344,-0.549
-2.357,2.242
-2.386,1.06
-2.452,0.498
-2.441,-0.016
-2.41,1.139
-2.487,1.834
-2.88,0.735
-2.852,0.705
-2.956,0.089
-2.89,-0.604
-2.914,2.314
-3.13,2.431
-3.035,-1.004
3.112,-0.531
3.102,-0.711
-3.111,1.666
-3.109,2.689
2.984,2.545
3.066,2.23
2.893,0.578
2.875,-0.694
2.894,0.414
2.867,1.188
2.738,2.902
2.689,2.428
2.808,1.016
2.671,0.214
2.646,0.009
2.565,2.719
2.184,2.994
2.191,-0.061
1.884,0.218
1.955,1.5
1.866,1.053
1.649,2.487
1.758,-0.069
1.553,0.221
1.533,0.178
1.082,1.071
1.154,1.452
0.976,1.95
0.965,2.348
1.012,0.491
0.804,1.887
0.967,-0.356
0.725,-0.266
0.723,-0.931
0.245,-1.142
-0.33,-1.291
-0.458,-1.184
-0.965,-1.216
-1.545,-1.357
-1.555,-1.32
-1.918,-1.043
-2.627,-1.251
-2.787,-1.39
-2.727,-1.289
-2.951,-1.227
-3.13,-1.376
2.864,-1.401
2.56,-1.188
2.185,-1.35
1.938,-1.153
1.55,-1.259
1.159,-1.328
0.736,3.151
0.58,3.33
0.507,3.328
0.603,3.326
0.565,3.251
-0.343,3.28
-2.14,3.134
-2.24,3.11
-2.397,3.217
-3.08,2.939
2.581,3.233
2.046,3.042
-0.41,2.386
-0.56,2.609
-0.56,-0.109
-0.727,2.751
2.724,1.622
2.176,2.405
2.041,2.409
-2.131,0.097
-2.648,0.128
2.479,1.63
2.483,1.735
1.456,1.252
1.469,2.056
1.312,1.219
1.317,2.222
0.256,-0.13
0.257,0.877
-2.111,1.029
0.358,3.033
2.427,-0.878
2.299,3.135
-0.642,2.021
-1.623,-0.907
-2.941,1.077
2.634,2.06
-1.4,-1.926
1.062,2.758
1.277,2.33
1.124,0.553
1.037,2.342
0.91,2.002
0.99,-1.103
1.002,0.745
0.76,0.52
0.743,1.903
0.69,2.455
0.56,-0.472
0.45,0.781
0.536,0.285
0.532,0.894
0.484,1.217
0.416,0.507
0.389,0.892
0.33,1.399
0.236,1.543
0.04,2.309
0.016,2.022
0.096,2.201
0.032,-0.683
-0.175,1.951
-0.323,0.811
-0.408,-0.268
-0.452,-1.316
-0.325,-1.091
-0.542,-1.441
-0.55,-0.504
-0.563,-0.451
-0.456,1.496
-0.495,0.436
-0.599,0.081
-0.674,-0.08
-0.666,1.512
-0.675,-1.532
-0.874,-0.277
-0.762,-0.063
-0.801,-0.577
-0.985,2.342
-0.931,0.106
-0.999,2.432
-1.246,2.171
-1.405,0.481
-1.445,-0.286
-1.591,-1.312
-1.512,-0.074
-1.704,0.535
-1.622,-1.394
-1.643,-0.252
-1.804,0.001
-1.732,0.093
-1.84,2.009
-1.849,-1.057
-1.862,1.734
-1.891,0.552
-1.957,-0.01
-1.946,-0.524
-1.915,0.631
-1.992,1.326
-2.385,0.227
-2.357,0.197
-2.461,-0.419
-2.395,-1.112
-2.419,1.806
-2.635,1.923
-2.54,-1.512
-2.676,-1.039
-2.686,-1.219
-2.616,1.158
-2.614,2.181
-2.804,2.037
-2.722,1.722
-2.895,0.07
-2.913,-1.202
-2.894,-0.094
-2.921,0.68
-3.05,2.394
-3.099,1.92
-2.98,0.508
-3.117,-0.294
3.141,-0.499
3.06,2.211
2.679,2.486
2.686,-0.569
2.379,-0.29
2.45,0.992
2.361,0.545
2.144,1.979
2.253,-0.577
2.048,-0.287
2.028,-0.33
1.577,0.563
1.649,0.944
1.471,1.442
1.46,1.84
1.507,-0.017
1.299,1.379
1.462,-0.864
1.22,-0.774
1.218,-1.439
0.74,-1.65
0.165,-1.799
0.037,-1.692
-0.47,-1.724
-1.05,-1.865
-1.06,-1.828
-1.423,-1.551
-2.132,-1.759
-2.292,-1.898
-2.232,-1.797
-2.456,-1.735
-2.635,-1.884
-2.924,-1.909
3.055,-1.696
2.68,-1.858
2.433,-1.661
2.045,-1.767
1.654,-1.836
1.231,2.643
1.075,2.822
1.002,2.82
1.098,2.818
1.06,2.743
0.152,2.772
-1.645,2.626
-1.745,2.602
-1.902,2.709
-2.585,2.431
3.076,2.725
2.541,2.534
0.085,1.878
-0.065,2.101
-0.065,-0.617
-0.232,2.243
-3.064,1.114
2.671,1.897
2.536,1.901
-1.636,-0.411
-2.153,-0.38
2.974,1.122
2.978,1.227
1.951,0.744
1.964,1.548
1.807,0.711
1.812,1.714
0.751,-0.638
0.752,0.369
-1.616,0.521
0.853,2.525
2.922,-1.386
2.794,2.627
-0.981,-2.928
-2.299,-0.944
-3.007,0.039
-0.758,-3.947
1.704,0.737
1.919,0.309
1.766,-1.468
1.679,0.321
1.552,-0.019
1.632,-3.124
1.644,-1.276
1.402,-1.501
1.385,-0.118
1.332,0.434
1.202,-2.493
1.092,-1.24
1.178,-1.736
1.174,-1.127
1.126,-0.804
1.058,-1.514
1.031,-1.129
0.972,-0.622
0.878,-0.478
0.682,0.288
0.658,0.001
0.738,0.18
0.674,-2.704
0.467,-0.07
0.319,-1.21
0.234,-2.289
0.19,-3.337
0.317,-3.112
0.1,-3.462
0.092,-2.525
0.079,-2.472
0.186,-0.525
0.147,-1.585
0.043,-1.94
-0.032,-2.101
-0.024,-0.509
-0.033,-3.553
-0.232,-2.298
-0.12,-2.084
-0.159,-2.598
-0.343,0.321
-0.289,-1.915
-0.357,0.411
-0.604,0.15
-0.763,-1.54
-0.803,-2.307
-0.949,-3.333
-0.87,-2.095
-1.062,-1.486
-0.98,-3.415
-1.001,-2.273
-1.162,-2.02
-1.09,-1.928
-1.198,-0.012
-1.207,-3.078
-1.22,-0.287
-1.249,-1.469
-1.315,-2.031
-1.304,-2.545
-1.273,-1.39
-1.35,-0.695
-1.743,-1.794
-1.715,-1.824
-1.819,-2.44
-1.753,-3.133
-1.777,-0.215
-1.993,-0.098
-1.898,-3.533
-2.034,-3.06
-2.044,-3.24
-1.974,-0.863
-1.972,0.16
-2.162,0.016
-2.08,-0.299
-2.253,-1.951
-2.271,-3.223
-2.252,-2.115
-2.279,-1.341
-2.408,0.373
-2.457,-0.101
-2.338,-1.513
-2.475,-2.315
-2.5,-2.52
-2.581,0.19
-2.962,0.465
-2.955,-2.59
3.021,-2.311
3.092,-1.029
3.003,-1.476
2.786,-0.042
2.895,-2.598
2.69,-2.308
2.67,-2.351
2.219,-1.458
2.291,-1.077
2.113,-0.579
2.102,-0.181
2.149,-2.038
1.941,-0.642
2.104,-2.885
1.862,-2.795
1.86,-3.46
1.382,-3.671
0.807,-3.82
0.679,-3.713
0.172,-3.745
-0.408,-3.886
-0.418,-3.849
-0.781,-3.572
-1.49,-3.78
-1.65,-3.919
-1.59,-3.818
-1.814,-3.756
-1.993,-3.905
-2.282,-3.93
-2.586,-3.717
-2.961,-3.879
3.075,-3.682
2.687,-3.788
2.296,-3.857
1.873,0.622
1.717,0.801
1.644,0.799
1.74,0.797
1.702,0.722
0.794,0.751
-1.003,0.605
-1.103,0.581
-1.26,0.688
-1.943,0.41
-2.565,0.704
-3.1,0.513
0.727,-0.143
0.577,0.08
0.577,-2.638
0.41,0.222
-2.422,-0.907
-2.97,-0.124
-3.105,-0.12
-0.994,-2.432
-1.511,-2.401
-2.667,-0.899
-2.663,-0.794
2.593,-1.277
2.606,-0.473
2.449,-1.31
2.454,-0.307
1.393,-2.659
1.394,-1.652
-0.974,-1.5
1.495,0.504
-2.719,-3.407
-2.847,0.606
-1.318,1.984
-2.026,2.967
0.223,-1.019
2.685,3.665
2.9,3.237
2.747,1.46
2.66,3.249
2.533,2.909
2.613,-0.196
2.625,1.652
2.383,1.427
2.366,2.81
2.313,3.362
2.183,0.435
2.073,1.688
2.159,1.192
2.155,1.801
2.107,2.124
2.039,1.414
2.012,1.799
1.953,2.306
1.859,2.45
1.663,3.216
1.639,2.929
1.719,3.108
1.655,0.224
1.448,2.858
1.3,1.718
1.215,0.639
1.171,-0.409
1.298,-0.184
1.081,-0.534
1.073,0.403
1.06,0.456
1.167,2.403
1.128,1.343
1.024,0.988
0.949,0.827
0.957,2.419
0.948,-0.625
0.749,0.63
0.861,0.844
0.822,0.33
0.638,3.249
0.692,1.013
0.624,3.339
0.377,3.078
0.218,1.388
0.178,0.621
0.032,-0.405
0.111,0.833
-0.081,1.442
0.001,-0.487
-0.02,0.655
-0.181,0.908
-0.109,1.0
-0.217,2.916
-0.226,-0.15
-0.239,2.641
-0.268,1.459
-0.334,0.897
-0.323,0.383
-0.292,1.538
-0.369,2.233
-0.762,1.134
-0.734,1.104
-0.838,0.488
-0.772,-0.205
-0.796,2.713
-1.012,2.83
-0.917,-0.605
-1.053,-0.132
-1.063,-0.312
-0.993,2.065
-0.991,3.088
-1.181,2.944
-1.099,2.629
-1.272,0.977
-1.29,-0.295
-1.271,0.813
-1.298,1.587
-1.427,3.301
-1.476,2.827
-1.357,1.415
-1.494,0.613
-1.519,0.408
-1.6,3.118
-1.981,3.393
-1.974,0.338
-2.281,0.617
-2.21,1.899
-2.299,1.452
-2.516,2.886
-2.407,0.33
-2.612,0.62
-2.632,0.577
-3.083,1.47
-3.011,1.851
3.094,2.349
3.083,2.747
3.13,0.89
2.922,2.286
3.085,0.043
2.843,0.133
2.841,-0.532
2.363,-0.743
1.788,-0.892
1.66,-0.785
1.153,-0.817
0.573,-0.958
0.563,-0.921
0.2,-0.644
-0.509,-0.852
-0.669,-0.991
-0.609,-0.89
-0.833,-0.828
-1.012,-0.977
-1.301,-1.002
-1.605,-0.789
-1.98,-0.951
-2.227,-0.754
-2.615,-0.86
-3.006,-0.929
2.854,3.55
2.698,3.729
2.625,3.727
2.721,3.725
2.683,3.65
1.775,3.679
-0.022,3.533
-0.122,3.509
-0.279,3.616
-0.962,3.338
-1.584,3.632
-2.119,3.441
1.708,2.785
1.558,3.008
1.558,0.29
1.391,3.15
-1.441,2.021
-1.989,2.804
-2.124,2.808
-0.013,0.496
-0.53,0.527
-1.686,2.029
-1.682,2.134
-2.709,1.651
-2.696,2.455
-2.853,1.618
-2.848,2.621
2.374,0.269
2.375,1.276
0.007,1.428
2.476,3.432
-1.738,-0.479
-1.866,3.534
-0.708,0.983
1.541,-3.003
-2.28,1.681
-2.065,1.253
-2.218,-0.524
-2.305,1.265
-2.432,0.925
-2.352,-2.18
-2.34,-0.332
-2.582,-0.557
-2.599,0.826
-2.652,1.378
-2.782,-1.549
-2.892,-0.296
-2.806,-0.792
-2.81,-0.183
-2.858,0.14
-2.926,-0.57
-2.953,-0.185
-3.012,0.322
-3.106,0.466
2.981,1.232
2.957,0.945
3.037,1.124
2.973,-1.76
2.766,0.874
2.618,-0.266
2.533,-1.345
2.489,-2.393
2.616,-2.168
2.399,-2.518
2.391,-1.581
2.378,-1.528
2.485,0.419
2.446,-0.641
2.342,-0.996
2.267,-1.157
2.275,0.435
2.266,-2.609
2.067,-1.354
2.179,-1.14
2.14,-1.654
1.956,1.265
2.01,-0.971
1.942,1.355
1.695,1.094
1.536,-0.596
1.496,-1.363
1.35,-2.389
1.429,-1.151
1.237,-0.542
1.319,-2.471
1.298,-1.329
1.137,-1.076
1.209,-0.984
1.101,0.932
1.092,-2.134
1.079,0.657
1.05,-0.525
0.984,-1.087
0.995,-1.601
1.026,-0.446
0.949,0.249
0.556,-0.85
0.584,-0.88
0.48,-1.496
0.546,-2.189
0.522,0.729
0.306,0.846
0.401,-2.589
0.265,-2.116
0.255,-2.296
0.325,0.081
0.327,1.104
0.137,0.96
0.219,0.645
0.046,-1.007
0.028,-2.279
0.047,-1.171
0.02,-0.397
-0.109,1.317
-0.158,0.843
-0.039,-0.569
-0.176,-1.371
-0.201,-1.576
-0.282,1.134
-0.663,1.409
-0.656,-1.646
-0.963,-1.367
-0.892,-0.085
-0.981,-0.532
-1.198,0.902
-1.089,-1.654
-1.294,-1.364
-1.314,-1.407
-1.765,-0.514
-1.693,-0.133
-1.871,0.365
-1.882,0.763
-1.835,-1.094
-2.043,0.302
-1.88,-1.941
-2.122,-1.851
-2.124,-2.516
-2.602,-2.727
3.106,-2.876
2.978,-2.769
2.471,-2.801
1.891,-2.942
1.881,-2.905
1.518,-2.628
0.809,-2.836
0.649,-2.975
0.709,-2.874
0.485,-2.812
0.306,-2.961
0.017,-2.986
-0.287,-2.773
-0.662,-2.935
-0.909,-2.738
-1.297,-2.844
-1.688,-2.913
-2.111,1.566
-2.267,1.745
-2.34,1.743
-2.244,1.741
-2.282,1.666
3.093,1.695
1.296,1.549
1.196,1.525
1.039,1.632
0.356,1.354
-0.266,1.648
-0.801,1.457
3.026,0.801
2.876,1.024
2.876,-1.694
2.709,1.166
-0.123,0.037
-0.671,0.82
-0.806,0.824
1.305,-1.488
0.788,-1.457
-0.368,0.045
-0.364,0.15
-1.391,-0.333
-1.378,0.471
-1.535,-0.366
-1.53,0.637
-2.591,-1.715
-2.59,-0.708
1.325,-0.556
-2.489,1.448
-0.42,-2.463
-0.548,1.55
2.249,-3.986
-1.572,0.698
-1.357,0.27
-1.51,-1.507
-1.597,0.282
-1.724,-0.058
-1.644,-3.163
-1.632,-1.315
-1.874,-1.54
-1.891,-0.157
-1.944,0.395
-2.074,-2.532
-2.184,-1.279
-2.098,-1.775
-2.102,-1.166
-2.15,-0.843
-2.218,-1.553
-2.245,-1.168
-2.304,-0.661
-2.398,-0.517
-2.594,0.249
-2.618,-0.038
-2.538,0.141
-2.602,-2.743
-2.809,-0.109
-2.957,-1.249
-3.042,-2.328
-3.086,-3.376
-2.959,-3.151
3.107,-3.501
3.099,-2.564
3.086,-2.511
-3.09,-0.564
-3.129,-1.624
3.05,-1.979
2.975,-2.14
2.983,-0.548
2.974,-3.592
2.775,-2.337
2.887,-2.123
2.848,-2.637
2.664,0.282
2.718,-1.954
2.65,0.372
2.403,0.111
2.244,-1.579
2.204,-2.346
2.058,-3.372
2.137,-2.134
1.945,-1.525
2.027,-3.454
2.006,-2.312
1.845,-2.059
1.917,-1.967
1.809,-0.051
1.8,-3.117
1.787,-0.326
1.758,-1.508
1.692,-2.07
1.703,-2.584
1.734,-1.429
1.657,-0.734
1.264,-1.833
1.292,-1.863
1.188,-2.479
1.254,-3.172
1.23,-0.254
1.014,-0.137
1.109,-3.572
0.973,-3.099
0.963,-3.279
1.033,-0.902
1.035,0.121
0.845,-0.023
0.927,-0.338
0.754,-1.99
0.736,-3.262
0.755,-2.154
0.728,-1.38
0.599,0.334
0.55,-0.14
0.669,-1.552
0.532,-2.354
0.507,-2.559
0.426,0.151
0.045,0.426
0.052,-2.629
-0.255,-2.35
-0.184,-1.068
-0.273,-1.515
-0.49,-0.081
-0.381,-2.637
-0.586,-2.347
-0.606,-2.39
-1.057,-1.497
-0.985,-1.116
-1.163,-0.618
-1.174,-0.22
-1.127,-2.077
-1.335,-0.681
-1.172,-2.924
-1.414,-2.834
-1.416,-3.499
-1.894,-3.71
-2.469,-3.859
-2.597,-3.752
-3.104,-3.784
2.599,-3.925
2.589,-3.888
2.226,-3.611
1.517,-3.819
1.357,-3.958
1.417,-3.857
1.193,-3.795
1.014,-3.944
0.725,-3.969
0.421,-3.756
0.046,-3.918
-0.201,-3.721
-0.589,-3.827
-0.98,-3.896
-1.403,0.583
-1.559,0.762
-1.632,0.76
-1.536,0.758
-1.574,0.683
-2.482,0.712
2.004,0.566
1.904,0.542
1.747,0.649
1.064,0.371
0.442,0.665
-0.093,0.474
-2.549,-0.182
-2.699,0.041
-2.699,-2.677
-2.866,0.183
0.585,-0.946
0.037,-0.163
-0.098,-0.159
2.013,-2.471
1.496,-2.44
0.34,-0.938
0.344,-0.833
-0.683,-1.316
-0.67,-0.512
-0.827,-1.349
-0.822,-0.346
-1.883,-2.698
-1.882,-1.691
2.033,-1.539
-1.781,0.465
0.288,-3.446
0.16,0.567
2.462,4.684
2.677,4.256
2.524,2.479
2.437,4.268
2.31,3.928
2.39,0.823
2.402,2.671
2.16,2.446
2.143,3.829
2.09,4.381
1.96,1.454
1.85,2.707
1.936,2.211
1.932,2.82
1.884,3.143
1.816,2.433
1.789,2.818
1.73,3.325
1.636,3.469
1.44,4.235
1.416,3.948
1.496,4.127
1.432,1.243
1.225,3.877
1.077,2.737
0.992,1.658
0.948,0.61
1.075,0.835
0.858,0.485
0.85,1.422
0.837,1.475
0.944,3.422
0.905,2.362
0.801,2.007
0.726,1.846
0.734,3.438
0.725,0.394
0.526,1.649
0.638,1.863
0.599,1.349
0.415,4.268
0.469,2.032
0.401,4.358
0.154,4.097
-0.005,2.407
-0.045,1.64
-0.191,0.614
-0.112,1.852
-0.304,2.461
-0.222,0.532
-0.243,1.674
-0.404,1.927
-0.332,2.019
-0.44,3.935
-0.449,0.869
-0.462,3.66
-0.491,2.478
-0.557,1.916
-0.546,1.402
-0.515,2.557
-0.592,3.252
-0.985,2.153
-0.957,2.123
-1.061,1.507
-0.995,0.814
-1.019,3.732
-1.235,3.849
-1.14,0.414
-1.276,0.887
-1.286,0.707
-1.216,3.084
-1.214,4.107
-1.404,3.963
-1.322,3.648
-1.495,1.996
-1.513,0.724
-1.494,1.832
-1.521,2.606
-1.65,4.32
-1.699,3.846
-1.58,2.434
-1.717,1.632
-1.742,1.427
-1.823,4.137
-2.204,4.412
-2.197,1.357
-2.504,1.636
-2.433,2.918
-2.522,2.471
-2.739,3.905
-2.63,1.349
-2.835,1.639
-2.855,1.596
2.977,2.489
3.049,2.87
2.871,3.368
2.86,3.766
2.907,1.909
2.699,3.305
2.862,1.062
2.62,1.152
2.618,0.487
2.14,0.276
1.565,0.127
1.437,0.234
0.93,0.202
0.35,0.061
0.34,0.098
-0.023,0.375
-0.732,0.167
-0.892,0.028
-0.832,0.129
-1.056,0.191
-1.235,0.042
-1.524,0.017
-1.828,0.23
-2.203,0.068
-2.45,0.265
-2.838,0.159
3.054,0.09
2.631,4.569
2.475,4.748
2.402,4.746
2.498,4.744
2.46,4.669
1.552,4.698
-0.245,4.552
-0.345,4.528
-0.502,4.635
-1.185,4.357
-1.807,4.651
-2.342,4.46
1.485,3.804
1.335,4.027
1.335,1.309
1.168,4.169
-1.664,3.04
-2.212,3.823
-2.347,3.827
-0.236,1.515
-0.753,1.546
-1.909,3.048
-1.905,3.153
-2.932,2.67
-2.919,3.474
-3.076,2.637
-3.071,3.64
2.151,1.288
2.152,2.295
-0.216,2.447
2.253,4.451
-1.961,0.54
-2.089,4.553
0.215,-0.428
0.062,-2.205
-0.025,-0.416
-0.152,-0.756
-0.072,-3.861
-0.06,-2.013
-0.302,-2.238
-0.319,-0.855
-0.372,-0.303
-0.502,-3.23
-0.612,-1.977
-0.526,-2.473
-0.53,-1.864
-0.578,-1.541
-0.646,-2.251
-0.673,-1.866
-0.732,-1.359
-0.826,-1.215
-1.022,-0.449
-1.046,-0.736
-0.966,-0.557
-1.03,-3.441
-1.237,-0.807
-1.385,-1.947
-1.47,-3.026
-1.514,-4.074
-1.387,-3.849
-1.604,-4.199
-1.612,-3.262
-1.625,-3.209
-1.518,-1.262
-1.557,-2.322
-1.661,-2.677
-1.736,-2.838
-1.728,-1.246
-1.737,-4.29
-1.936,-3.035
-1.824,-2.821
-1.863,-3.335
-2.047,-0.416
-1.993,-2.652
-2.061,-0.326
-2.308,-0.587
-2.467,-2.277
-2.507,-3.044
-2.653,-4.07
-2.574,-2.832
-2.766,-2.223
-2.684,-4.152
-2.705,-3.01
-2.866,-2.757
-2.794,-2.665
-2.902,-0.749
-2.911,-3.815
-2.924,-1.024
-2.953,-2.206
-3.019,-2.768
-3.008,-3.282
-2.977,-2.127
-3.054,-1.432
2.836,-2.531
2.864,-2.561
2.76,-3.177
2.826,-3.87
2.802,-0.952
2.586,-0.835
2.681,-4.27
2.545,-3.797
2.535,-3.977
2.605,-1.6
2.607,-0.577
2.417,-0.721
2.499,-1.036
2.326,-2.688
2.308,-3.96
2.327,-2.852
2.3,-2.078
2.171,-0.364
2.122,-0.838
2.241,-2.25
2.104,-3.052
2.079,-3.257
1.998,-0.547
1.617,-0.272
1.624,-3.327
1.317,-3.048
1.388,-1.766
1.299,-2.213
1.082,-0.779
1.191,-3.335
0.986,-3.045
0.966,-3.088
0.515,-2.195
0.587,-1.814
0.409,-1.316
0.398,-0.918
0.445,-2.775
0.237,-1.379
0.4,-3.622
0.158,-3.532
0.156,-4.197
-0.322,-4.408
-0.897,-4.557
-1.025,-4.45
-1.532,-4.482
-2.112,-4.623
-2.122,-4.586
-2.485,-4.309
3.089,-4.517
2.929,-4.656
2.989,-4.555
2.765,-4.493
2.586,-4.642
2.297,-4.667
1.993,-4.454
1.618,-4.616
1.371,-4.419
0.983,-4.525
0.592,-4.594
0.169,-0.115
0.013,0.064
-0.06,0.062
0.036,0.06
-0.002,-0.015
-0.91,0.014
-2.707,-0.132
-2.807,-0.156
-2.964,-0.049
2.636,-0.327
2.014,-0.033
1.479,-0.224
-0.977,-0.88
-1.127,-0.657
-1.127,-3.375
-1.294,-0.515
2.157,-1.644
1.609,-0.861
1.474,-0.857
-2.698,-3.169
3.068,-3.138
1.912,-1.636
1.916,-1.531
0.889,-2.014
0.902,-1.21
0.745,-2.047
0.75,-1.044
-0.311,-3.396
-0.31,-2.389
-2.678,-2.237
-0.209,-0.233
1.86,-4.144
1.732,-0.131
-0.153,-1.777
-0.24,0.012
-0.367,-0.328
-0.287,-3.433
-0.275,-1.585
-0.517,-1.81
-0.534,-0.427
-0.587,0.125
-0.717,-2.802
-0.827,-1.549
-0.741,-2.045
-0.745,-1.436
-0.793,-1.113
-0.861,-1.823
-0.888,-1.438
-0.947,-0.931
-1.041,-0.787
-1.237,-0.021
-1.261,-0.308
-1.181,-0.129
-1.245,-3.013
-1.452,-0.379
-1.6,-1.519
-1.685,-2.598
-1.729,-3.646
-1.602,-3.421
-1.819,-3.771
-1.827,-2.834
-1.84,-2.781
-1.733,-0.834
-1.772,-1.894
-1.876,-2.249
-1.951,-2.41
-1.943,-0.818
-1.952,-3.862
-2.151,-2.607
-2.039,-2.393
-2.078,-2.907
-2.262,0.012
-2.208,-2.224
-2.276,0.102
-2.523,-0.159
-2.682,-1.849
-2.722,-2.616
-2.868,-3.642
-2.789,-2.404
-2.981,-1.795
-2.899,-3.724
-2.92,-2.582
-3.081,-2.329
-3.009,-2.237
-3.117,-0.321
-3.126,-3.387
-3.139,-0.596
3.115,-1.778
3.049,-2.34
3.06,-2.854
3.091,-1.699
3.014,-1.004
2.621,-2.103
2.649,-2.133
2.545,-2.749
2.611,-3.442
2.587,-0.524
2.371,-0.407
2.466,-3.842
2.33,-3.369
2.32,-3.549
2.39,-1.172
2.392,-0.149
2.202,-0.293
2.284,-0.608
2.111,-2.26
2.093,-3.532
2.112,-2.424
2.085,-1.65
1.956,0.064
1.907,-0.41
2.026,-1.822
1.889,-2.624
1.864,-2.829
1.783,-0.119
1.402,0.156
1.409,-2.899
1.102,-2.62
1.173,-1.338
1.084,-1.785
0.867,-0.351
0.976,-2.907
0.771,-2.617
0.751,-2.66
0.3,-1.767
0.372,-1.386
0.194,-0.888
0.183,-0.49
0.23,-2.347
0.022,-0.951
0.185,-3.194
-0.057,-3.104
-0.059,-3.769
-0.537,-3.98
-1.112,-4.129
-1.24,-4.022
-1.747,-4.054
-2.327,-4.195
-2.337,-4.158
-2.7,-3.881
2.874,-4.089
2.714,-4.228
2.774,-4.127
2.55,-4.065
2.371,-4.214
2.082,-4.239
1.778,-4.026
1.403,-4.188
1.156,-3.991
0.768,-4.097
0.377,-4.166
-0.046,0.313
-0.202,0.492
-0.275,0.49
-0.179,0.488
-0.217,0.413
-1.125,0.442
-2.922,0.296
-3.022,0.272
3.104,0.379
2.421,0.101
1.799,0.395
1.264,0.204
-1.192,-0.452
-1.342,-0.229
-1.342,-2.947
-1.509,-0.087
1.942,-1.216
1.394,-0.433
1.259,-0.429
-2.913,-2.741
2.853,-2.71
1.697,-1.208
1.701,-1.103
0.674,-1.586
0.687,-0.782
0.53,-1.619
0.535,-0.616
-0.526,-2.968
-0.525,-1.961
-2.893,-1.809
-0.424,0.195
1.645,-3.716
1.517,0.297
-0.087,1.789
-0.214,1.449
-0.134,-1.656
-0.122,0.192
-0.364,-0.033
-0.381,1.35
-0.434,1.902
-0.564,-1.025
-0.674,0.228
-0.588,-0.268
-0.592,0.341
-0.64,0.664
-0.708,-0.046
-0.735,0.339
-0.794,0.846
-0.888,0.99
-1.084,1.756
-1.108,1.469
-1.028,1.648
-1.092,-1.236
-1.299,1.398
-1.447,0.258
-1.532,-0.821
-1.576,-1.869
-1.449,-1.644
-1.666,-1.994
-1.674,-1.057
-1.687,-1.004
-1.58,0.943
-1.619,-0.117
-1.723,-0.472
-1.798,-0.633
-1.79,0.959
-1.799,-2.085
-1.998,-0.83
-1.886,-0.616
-1.925,-1.13
-2.109,1.789
-2.055,-0.447
-2.123,1.879
-2.37,1.618
-2.529,-0.072
-2.569,-0.839
-2.715,-1.865
-2.636,-0.627
-2.828,-0.018
-2.746,-1.947
-2.767,-0.805
-2.928,-0.552
-2.856,-0.46
-2.964,1.456
-2.973,-1.61
-2.986,1.181
-3.015,-0.001
-3.081,-0.563
-3.07,-1.077
-3.039,0.078
-3.116,0.773
2.774,-0.326
2.802,-0.356
2.698,-0.972
2.764,-1.665
2.74,1.253
2.524,1.37
2.619,-2.065
2.483,-1.592
2.473,-1.772
2.543,0.605
2.545,1.628
2.355,1.484
2.437,1.169
2.264,-0.483
2.246,-1.755
2.265,-0.647
2.238,0.127
2.109,1.841
2.06,1.367
2.179,-0.045
2.042,-0.847
2.017,-1.052
1.936,1.658
1.555,1.933
1.562,-1.122
1.255,-0.843
1.326,0.439
1.237,-0.008
1.02,1.426
1.129,-1.13
0.924,-0.84
0.904,-0.883
0.453,0.01
0.525,0.391
0.347,0.889
0.336,1.287
0.383,-0.57
0.175,0.826
0.338,-1.417
0.096,-1.327
0.094,-1.992
-0.384,-2.203
-0.959,-2.352
-1.087,-2.245
-1.594,-2.277
-2.174,-2.418
-2.184,-2.381
-2.547,-2.104
3.027,-2.312
2.867,-2.451
2.927,-2.35
2.703,-2.288
2.524,-2.437
2.235,-2.462
1.931,-2.249
1.556,-2.411
1.309,-2.214
0.921,-2.32
0.53,-2.389
0.107,2.09
-0.049,2.269
-0.122,2.267
-0.026,2.265
-0.064,2.19
-0.972,2.219
-2.769,2.073
-2.869,2.049
-3.026,2.156
2.574,1.878
1.952,2.172
1.417,1.981
-1.039,1.325
-1.189,1.548
-1.189,-1.17
-1.356,1.69
2.095,0.561
1.547,1.344
1.412,1.348
-2.76,-0.964
3.006,-0.933
1.85,0.569
1.854,0.674
0.827,0.191
0.84,0.995
0.683,0.158
0.688,1.161
-0.373,-1.191
-0.372,-0.184
-2.74,-0.032
-0.271,1.972
1.798,-1.939
1.67,2.074
-0.127,-0.34
-0.047,-3.445
-0.035,-1.597
-0.277,-1.822
-0.294,-0.439
-0.347,0.113
-0.477,-2.814
-0.587,-1.561
-0.501,-2.057
-0.505,-1.448
-0.553,-1.125
-0.621,-1.835
-0.648,-1.45
-0.707,-0.943
-0.801,-0.799
-0.997,-0.033
-1.021,-0.32
-0.941,-0.141
-1.005,-3.025
-1.212,-0.391
-1.36,-1.531
-1.445,-2.61
-1.489,-3.658
-1.362,-3.433
-1.579,-3.783
-1.587,-2.846
-1.6,-2.793
-1.493,-0.846
-1.532,-1.906
-1.636,-2.261
-1.711,-2.422
-1.703,-0.83
-1.712,-3.874
-1.911,-2.619
-1.799,-2.405
-1.838,-2.919
-2.022,0.0
-1.968,-2.236
-2.036,0.09
-2.283,-0.171
-2.442,-1.861
-2.482,-2.628
-2.628,-3.654
-2.549,-2.416
-2.741,-1.807
-2.659,-3.736
-2.68,-2.594
-2.841,-2.341
-2.769,-2.249
-2.877,-0.333
-2.886,-3.399
-2.899,-0.608
-2.928,-1.79
-2.994,-2.352
-2.983,-2.866
-2.952,-1.711
-3.029,-1.016
2.861,-2.115
2.889,-2.145
2.785,-2.761
2.851,-3.454
2.827,-0.536
2.611,-0.419
2.706,-3.854
2.57,-3.381
2.56,-3.561
2.63,-1.184
2.632,-0.161
2.442,-0.305
2.524,-0.62
2.351,-2.272
2.333,-3.544
2.352,-2.436
2.325,-1.662
2.196,0.052
2.147,-0.422
2.266,-1.834
2.129,-2.636
2.104,-2.841
2.023,-0.131
1.642,0.144
1.649,-2.911
1.342,-2.632
1.413,-1.35
1.324,-1.797
1.107,-0.363
1.216,-2.919
1.011,-2.629
0.991,-2.672
0.54,-1.779
0.612,-1.398
0.434,-0.9
0.423,-0.502
0.47,-2.359
0.262,-0.963
0.425,-3.206
0.183,-3.116
0.181,-3.781
-0.297,-3.992
-0.872,-4.141
-1.0,-4.034
-1.507,-4.066
-2.087,-4.207
-2.097,-4.17
-2.46,-3.893
3.114,-4.101
2.954,-4.24
3.014,-4.139
2.79,-4.077
2.611,-4.226
2.322,-4.251
2.018,-4.038
1.643,-4.2
1.396,-4.003
1.008,-4.109
0.617,-4.178
0.194,0.301
0.038,0.48
-0.035,0.478
0.061,0.476
0.023,0.401
-0.885,0.43
-2.682,0.284
-2.782,0.26
-2.939,0.367
2.661,0.089
2.039,0.383
1.504,0.192
-0.952,-0.464
-1.102,-0.241
-1.102,-2.959
-1.269,-0.099
2.182,-1.228
1.634,-0.445
1.499,-0.441
-2.673,-2.753
3.093,-2.722
1.937,-1.22
1.941,-1.115
0.914,-1.598
0.927,-0.794
0.77,-1.631
0.775,-0.628
-0.286,-2.98
-0.285,-1.973
-2.653,-1.821
-0.184,0.183
1.885,-3.728
1.757,0.285
0.08,-3.105
0.092,-1.257
-0.15,-1.482
-0.167,-0.099
-0.22,0.453
-0.35,-2.474
-0.46,-1.221
-0.374,-1.717
-0.378,-1.108
-0.426,-0.785
-0.494,-1.495
-0.521,-1.11
-0.58,-0.603
-0.674,-0.459
-0.87,0.307
-0.894,0.02
-0.814,0.199
-0.878,-2.685
-1.085,-0.051
-1.233,-1.191
-1.318,-2.27
-1.362,-3.318
-1.235,-3.093
-1.452,-3.443
-1.46,-2.506
-1.473,-2.453
-1.366,-0.506
-1.405,-1.566
-1.509,-1.921
-1.584,-2.082
-1.576,-0.49
-1.585,-3.534
-1.784,-2.279
-1.672,-2.065
-1.711,-2.579
-1.895,0.34
-1.841,-1.896
-1.909,0.43
-2.156,0.169
-2.315,-1.521
-2.355,-2.288
-2.501,-3.314
-2.422,-2.076
-2.614,-1.467
-2.532,-3.396
-2.553,-2.254
-2.714,-2.001
-2.642,-1.909
-2.75,0.007
-2.759,-3.059
-2.772,-0.268
-2.801,-1.45
-2.867,-2.012
-2.856,-2.526
-2.825,-1.371
-2.902,-0.676
2.988,-1.775
3.016,-1.805
2.912,-2.421
2.978,-3.114
2.954,-0.196
2.738,-0.079
2.833,-3.514
2.697,-3.041
2.687,-3.221
2.757,-0.844
2.759,0.179
2.569,0.035
2.651,-0.28
2.478,-1.932
2.46,-3.204
2.479,-2.096
2.452,-1.322
2.323,0.392
2.274,-0.082
2.393,-1.494
2.256,-2.296
2.231,-2.501
2.15,0.209
1.769,0.484
1.776,-2.571
1.469,-2.292
1.54,-1.01
1.451,-1.457
1.234,-0.023
1.343,-2.579
1.138,-2.289
1.118,-2.332
0.667,-1.439
0.739,-1.058
0.561,-0.56
0.55,-0.162
0.597,-2.019
0.389,-0.623
0.552,-2.866
0.31,-2.776
0.308,-3.441
-0.17,-3.652
-0.745,-3.801
-0.873,-3.694
-1.38,-3.726
-1.96,-3.867
-1.97,-3.83
-2.333,-3.553
-3.042,-3.761
3.081,-3.9
3.141,-3.799
2.917,-3.737
2.738,-3.886
2.449,-3.911
2.145,-3.698
1.77,-3.86
1.523,-3.663
1.135,-3.769
0.744,-3.838
0.321,0.641
0.165,0.82
0.092,0.818
0.188,0.816
0.15,0.741
-0.758,0.77
-2.555,0.624
-2.655,0.6
-2.812,0.707
2.788,0.429
2.166,0.723
1.631,0.532
-0.825,-0.124
-0.975,0.099
-0.975,-2.619
-1.142,0.241
2.309,-0.888
1.761,-0.105
1.626,-0.101
-2.546,-2.413
-3.063,-2.382
2.064,-0.88
2.068,-0.775
1.041,-1.258
1.054,-0.454
0.897,-1.291
0.902,-0.288
-0.159,-2.64
-0.158,-1.633
-2.526,-1.481
-0.057,0.523
2.012,-3.388
1.884,0.625
0.012,1.848
-0.23,1.623
-0.247,3.006
-0.3,3.558
-0.43,0.631
-0.54,1.884
-0.454,1.388
-0.458,1.997
-0.506,2.32
-0.574,1.61
-0.601,1.995
-0.66,2.502
-0.754,2.646
-0.95,3.412
-0.974,3.125
-0.894,3.304
-0.958,0.42
-1.165,3.054
-1.313,1.914
-1.398,0.835
-1.442,-0.213
-1.315,0.012
-1.532,-0.338
-1.54,0.599
-1.553,0.652
-1.446,2.599
-1.485,1.539
-1.589,1.184
-1.664,1.023
-1.656,2.615
-1.665,-0.429
-1.864,0.826
-1.752,1.04
-1.791,0.526
-1.975,3.445
-1.921,1.209
-1.989,3.535
-2.236,3.274
-2.395,1.584
-2.435,0.817
-2.581,-0.209
-2.502,1.029
-2.694,1.638
-2.612,-0.291
-2.633,0.851
-2.794,1.104
-2.722,1.196
-2.83,3.112
-2.839,0.046
-2.852,2.837
-2.881,1.655
-2.947,1.093
-2.936,0.579
-2.905,1.734
-2.982,2.429
2.908,1.33
2.936,1.3
2.832,0.684
2.898,-0.009
2.874,2.909
2.658,3.026
2.753,-0.409
2.617,0.064
2.607,-0.116
2.677,2.261
2.679,3.284
2.489,3.14
2.571,2.825
2.398,1.173
2.38,-0.099
2.399,1.009
2.372,1.783
2.243,3.497
2.194,3.023
2.313,1.611
2.176,0.809
2.151,0.604
2.07,3.314
1.689,3.589
1.696,0.534
1.389,0.813
1.46,2.095
1.371,1.648
1.154,3.082
1.263,0.526
1.058,0.816
1.038,0.773
0.587,1.666
0.659,2.047
0.481,2.545
0.47,2.943
0.517,1.086
0.309,2.482
0.472,0.239
0.23,0.329
0.228,-0.336
-0.25,-0.547
-0.825,-0.696
-0.953,-0.589
-1.46,-0.621
-2.04,-0.762
-2.05,-0.725
-2.413,-0.448
-3.122,-0.656
3.001,-0.795
3.061,-0.694
2.837,-0.632
2.658,-0.781
2.369,-0.806
2.065,-0.593
1.69,-0.755
1.443,-0.558
1.055,-0.664
0.664,-0.733
0.241,3.746
0.085,3.925
0.012,3.923
0.108,3.921
0.07,3.846
-0.838,3.875
-2.635,3.729
-2.735,3.705
-2.892,3.812
2.708,3.534
2.086,3.828
1.551,3.637
-0.905,2.981
-1.055,3.204
-1.055,0.486
-1.222,3.346
2.229,2.217
1.681,3.0
1.546,3.004
-2.626,0.692
3.14,0.723
1.984,2.225
1.988,2.33
0.961,1.847
0.974,2.651
0.817,1.814
0.822,2.817
-0.239,0.465
-0.238,1.472
-2.606,1.624
-0.137,3.628
1.932,-0.283
1.804,3.73
-0.242,-0.225
-0.259,1.158
-0.312,1.71
-0.442,-1.217
-0.552,0.036
-0.466,-0.46
-0.47,0.149
-0.518,0.472
-0.586,-0.238
-0.613,0.147
-0.672,0.654
-0.766,0.798
-0.962,1.564
-0.986,1.277
-0.906,1.456
-0.97,-1.428
-1.177,1.206
-1.325,0.066
-1.41,-1.013
-1.454,-2.061
-1.327,-1.836
-1.544,-2.186
-1.552,-1.249
-1.565,-1.196
-1.458,0.751
-1.497,-0.309
-1.601,-0.664
-1.676,-0.825
-1.668,0.767
-1.677,-2.277
-1.876,-1.022
-1.764,-0.808
-1.803,-1.322
-1.987,1.597
-1.933,-0.639
-2.001,1.687
-2.248,1.426
-2.407,-0.264
-2.447,-1.031
-2.593,-2.057
-2.514,-0.819
-2.706,-0.21
-2.624,-2.139
-2.645,-0.997
-2.806,-0.744
-2.734,-0.652
-2.842,1.264
-2.851,-1.802
-2.864,0.989
-2.893,-0.193
-2.959,-0.755
-2.948,-1.269
-2.917,-0.114
-2.994,0.581
2.896,-0.518
2.924,-0.548
2.82,-1.164
2.886,-1.857
2.862,1.061
2.646,1.178
2.741,-2.257
2.605,-1.784
2.595,-1.964
2.665,0.413
2.667,1.436
2.477,1.292
2.559,0.977
2.386,-0.675
2.368,-1.947
2.387,-0.839
2.36,-0.065
2.231,1.649
2.182,1.175
2.301,-0.237
2.164,-1.039
2.139,-1.244
2.058,1.466
1.677,1.741
1.684,-1.314
1.377,-1.035
1.448,0.247
1.359,-0.2
1.142,1.234
1.251,-1.322
1.046,-1.032
1.026,-1.075
0.575,-0.182
0.647,0.199
0.469,0.697
0.458,1.095
0.505,-0.762
0.297,0.634
0.46,-1.609
0.218,-1.519
0.216,-2.184
-0.262,-2.395
-0.837,-2.544
-0.965,-2.437
-1.472,-2.469
-2.052,-2.61
-2.062,-2.573
-2.425,-2.296
-3.134,-2.504
2.989,-2.643
3.049,-2.542
2.825,-2.48
2.646,-2.629
2.357,-2.654
2.053,-2.441
1.678,-2.603
1.431,-2.406
1.043,-2.512
0.652,-2.581
0.229,1.898
0.073,2.077
0.0,2.075
0.096,2.073
0.058,1.998
-0.85,2.027
-2.647,1.881
-2.747,1.857
-2.904,1.964
2.696,1.686
2.074,1.98
1.539,1.789
-0.917,1.133
-1.067,1.356
-1.067,-1.362
-1.234,1.498
2.217,0.369
1.669,1.152
1.534,1.156
-2.638,-1.156
3.128,-1.125
1.972,0.377
1.976,0.482
0.949,-0.001
0.962,0.803
0.805,-0.034
0.81,0.969
-0.251,-1.383
-0.25,-0.376
-2.618,-0.224
-0.149,1.78
1.92,-2.131
1.792,1.882
-0.017,1.383
-0.07,1.935
-0.2,-0.992
-0.31,0.261
-0.224,-0.235
-0.228,0.374
-0.276,0.697
-0.344,-0.013
-0.371,0.372
-0.43,0.879
-0.524,1.023
-0.72,1.789
-0.744,1.502
-0.664,1.681
-0.728,-1.203
-0.935,1.431
-1.083,0.291
-1.168,-0.788
-1.212,-1.836
-1.085,-1.611
-1.302,-1.961
-1.31,-1.024
-1.323,-0.971
-1.216,0.976
-1.255,-0.084
-1.359,-0.439
-1.434,-0.6
-1.426,0.992
-1.435,-2.052
-1.634,-0.797
-1.522,-0.583
-1.561,-1.097
-1.745,1.822
-1.691,-0.414
-1.759,1.912
-2.006,1.651
-2.165,-0.039
-2.205,-0.806
-2.351,-1.832
-2.272,-0.594
-2.464,0.015
-2.382,-1.914
-2.403,-0.772
-2.564,-0.519
-2.492,-0.427
-2.6,1.489
-2.609,-1.577
-2.622,1.214
-2.651,0.032
-2.717,-0.53
-2.706,-1.044
-2.675,0.111
-2.752,0.806
3.138,-0.293
-3.117,-0.323
3.062,-0.939
3.128,-1.632
3.104,1.286
2.888,1.403
2.983,-2.032
2.847,-1.559
2.837,-1.739
2.907,0.638
2.909,1.661
2.719,1.517
2.801,1.202
2.628,-0.45
2.61,-1.722
2.629,-0.614
2.602,0.16
2.473,1.874
2.424,1.4
2.543,-0.012
2.406,-0.814
2.381,-1.019
2.3,1.691
1.919,1.966
1.926,-1.089
1.619,-0.81
1.69,0.472
1.601,0.025
1.384,1.459
1.493,-1.097
1.288,-0.807
1.268,-0.85
0.817,0.043
0.889,0.424
0.711,0.922
0.7,1.32
0.747,-0.537
0.539,0.859
0.702,-1.384
0.46,-1.294
0.458,-1.959
-0.02,-2.17
-0.595,-2.319
-0.723,-2.212
-1.23,-2.244
-1.81,-2.385
-1.82,-2.348
-2.183,-2.071
-2.892,-2.279
-3.052,-2.418
-2.992,-2.317
3.067,-2.255
2.888,-2.404
2.599,-2.429
2.295,-2.216
1.92,-2.378
1.673,-2.181
1.285,-2.287
0.894,-2.356
0.471,2.123
0.315,2.302
0.242,2.3
0.338,2.298
0.3,2.223
-0.608,2.252
-2.405,2.106
-2.505,2.082
-2.662,2.189
2.938,1.911
2.316,2.205
1.781,2.014
-0.675,1.358
-0.825,1.581
-0.825,-1.137
-0.992,1.723
2.459,0.594
1.911,1.377
1.776,1.381
-2.396,-0.931
-2.913,-0.9
2.214,0.602
2.218,0.707
1.191,0.224
1.204,1.028
1.047,0.191
1.052,1.194
-0.009,-1.158
-0.008,-0.151
-2.376,0.001
0.093,2.005
2.162,-1.906
2.034,2.107
-0.053,0.552
-0.183,-2.375
-0.293,-1.122
-0.207,-1.618
-0.211,-1.009
-0.259,-0.686
-0.327,-1.396
-0.354,-1.011
-0.413,-0.504
-0.507,-0.36
-0.703,0.406
-0.727,0.119
-0.647,0.298
-0.711,-2.586
-0.918,0.048
-1.066,-1.092
-1.151,-2.171
-1.195,-3.219
-1.068,-2.994
-1.285,-3.344
-1.293,-2.407
-1.306,-2.354
-1.199,-0.407
-1.238,-1.467
-1.342,-1.822
-1.417,-1.983
-1.409,-0.391
-1.418,-3.435
-1.617,-2.18
-1.505,-1.966
-1.544,-2.48
-1.728,0.439
-1.674,-1.797
-1.742,0.529
-1.989,0.268
-2.148,-1.422
-2.188,-2.189
-2.334,-3.215
-2.255,-1.977
-2.447,-1.368
-2.365,-3.297
-2.386,-2.155
-2.547,-1.902
-2.475,-1.81
-2.583,0.106
-2.592,-2.96
-2.605,-0.169
-2.634,-1.351
-2.7,-1.913
-2.689,-2.427
-2.658,-1.272
-2.735,-0.577
-3.128,-1.676
-3.1,-1.706
3.079,-2.322
-3.138,-3.015
3.121,-0.097
2.905,0.02
3.0,-3.415
2.864,-2.942
2.854,-3.122
2.924,-0.745
2.926,0.278
2.736,0.134
2.818,-0.181
2.645,-1.833
2.627,-3.105
2.646,-1.997
2.619,-1.223
2.49,0.491
2.441,0.017
2.56,-1.395
2.423,-2.197
2.398,-2.402
2.317,0.308
1.936,0.583
1.943,-2.472
1.636,-2.193
1.707,-0.911
1.618,-1.358
1.401,0.076
1.51,-2.48
1.305,-2.19
1.285,-2.233
0.834,-1.34
0.906,-0.959
0.728,-0.461
0.717,-0.063
0.764,-1.92
0.556,-0.524
0.719,-2.767
0.477,-2.677
0.475,-3.342
-0.003,-3.553
-0.578,-3.702
-0.706,-3.595
-1.213,-3.627
-1.793,-3.768
-1.803,-3.731
-2.166,-3.454
-2.875,-3.662
-3.035,-3.801
-2.975,-3.7
3.084,-3.638
2.905,-3.787
2.616,-3.812
2.312,-3.599
1.937,-3.761
1.69,-3.564
1.302,-3.67
0.911,-3.739
0.488,0.74
0.332,0.919
0.259,0.917
0.355,0.915
0.317,0.84
-0.591,0.869
-2.388,0.723
-2.488,0.699
-2.645,0.806
2.955,0.528
2.333,0.822
1.798,0.631
-0.658,-0.025
-0.808,0.198
-0.808,-2.52
-0.975,0.34
2.476,-0.789
1.928,-0.006
1.793,-0.002
-2.379,-2.314
-2.896,-2.283
2.231,-0.781
2.235,-0.676
1.208,-1.159
1.221,-0.355
1.064,-1.192
1.069,-0.189
0.008,-2.541
0.009,-1.534
-2.359,-1.382
0.11,0.622
2.179,-3.289
2.051,0.724
-0.13,-2.927
-0.24,-1.674
-0.154,-2.17
-0.158,-1.561
-0.206,-1.238
-0.274,-1.948
-0.301,-1.563
-0.36,-1.056
-0.454,-0.912
-0.65,-0.146
-0.674,-0.433
-0.594,-0.254
-0.658,-3.138
-0.865,-0.504
-1.013,-1.644
-1.098,-2.723
-1.142,-3.771
-1.015,-3.546
-1.232,-3.896
-1.24,-2.959
-1.253,-2.906
-1.146,-0.959
-1.185,-2.019
-1.289,-2.374
-1.364,-2.535
-1.356,-0.943
-1.365,-3.987
-1.564,-2.732
-1.452,-2.518
-1.491,-3.032
-1.675,-0.113
-1.621,-2.349
-1.689,-0.023
-1.936,-0.284
-2.095,-1.974
-2.135,-2.741
-2.281,-3.767
-2.202,-2.529
-2.394,-1.92
-2.312,-3.849
-2.333,-2.707
-2.494,-2.454
-2.422,-2.362
-2.53,-0.446
-2.539,-3.512
-2.552,-0.721
-2.581,-1.903
-2.647,-2.465
-2.636,-2.979
-2.605,-1.824
-2.682,-1.129
-3.075,-2.228
-3.047,-2.258
3.132,-2.874
-3.085,-3.567
-3.109,-0.649
2.958,-0.532
3.053,-3.967
2.917,-3.494
2.907,-3.674
2.977,-1.297
2.979,-0.274
2.789,-0.418
2.871,-0.733
2.698,-2.385
2.68,-3.657
2.699,-2.549
2.672,-1.775
2.543,-0.061
2.494,-0.535
2.613,-1.947
2.476,-2.749
2.451,-2.954
2.37,-0.244
1.989,0.031
1.996,-3.024
1.689,-2.745
1.76,-1.463
1.671,-1.91
1.454,-0.476
1.563,-3.032
1.358,-2.742
1.338,-2.785
0.887,-1.892
0.959,-1.511
0.781,-1.013
0.77,-0.615
0.817,-2.472
0.609,-1.076
0.772,-3.319
0.53,-3.229
0.528,-3.894
0.05,-4.105
-0.525,-4.254
-0.653,-4.147
-1.16,-4.179
-1.74,-4.32
-1.75,-4.283
-2.113,-4.006
-2.822,-4.214
-2.982,-4.353
-2.922,-4.252
3.137,-4.19
2.958,-4.339
2.669,-4.364
2.365,-4.151
1.99,-4.313
1.743,-4.116
1.355,-4.222
0.964,-4.291
0.541,0.188
0.385,0.367
0.312,0.365
0.408,0.363
0.37,0.288
-0.538,0.317
-2.335,0.171
-2.435,0.147
-2.592,0.254
3.008,-0.024
2.386,0.27
1.851,0.079
-0.605,-0.577
-0.755,-0.354
-0.755,-3.072
-0.922,-0.212
2.529,-1.341
1.981,-0.558
1.846,-0.554
-2.326,-2.866
-2.843,-2.835
2.284,-1.333
2.288,-1.228
1.261,-1.711
1.274,-0.907
1.117,-1.744
1.122,-0.741
0.061,-3.093
0.062,-2.086
-2.306,-1.934
0.163,0.07
2.232,-3.841
2.104,0.172
-0.11,1.253
-0.024,0.757
-0.028,1.366
-0.076,1.689
-0.144,0.979
-0.171,1.364
-0.23,1.871
-0.324,2.015
-0.52,2.781
-0.544,2.494
-0.464,2.673
-0.528,-0.211
-0.735,2.423
-0.883,1.283
-0.968,0.204
-1.012,-0.844
-0.885,-0.619
-1.102,-0.969
-1.11,-0.032
-1.123,0.021
-1.016,1.968
-1.055,0.908
-1.159,0.553
-1.234,0.392
-1.226,1.984
-1.235,-1.06
-1.434,0.195
-1.322,0.409
-1.361,-0.105
-1.545,2.814
-1.491,0.578
-1.559,2.904
-1.806,2.643
-1.965,0.953
-2.005,0.186
-2.151,-0.84
-2.072,0.398
-2.264,1.007
-2.182,-0.922
-2.203,0.22
-2.364,0.473
-2.292,0.565
-2.4,2.481
-2.409,-0.585
-2.422,2.206
-2.451,1.024
-2.517,0.462
-2.506,-0.052
-2.475,1.103
-2.552,1.798
-2.945,0.699
-2.917,0.669
-3.021,0.053
-2.955,-0.64
-2.979,2.278
3.088,2.395
-3.1,-1.04
3.047,-0.567
3.037,-0.747
3.107,1.63
3.109,2.653
2.919,2.509
3.001,2.194
2.828,0.542
2.81,-0.73
2.829,0.378
2.802,1.152
2.673,2.866
2.624,2.392
2.743,0.98
2.606,0.178
2.581,-0.027
2.5,2.683
2.119,2.958
2.126,-0.097
1.819,0.182
1.89,1.464
1.801,1.017
1.584,2.451
1.693,-0.105
1.488,0.185
1.468,0.142
1.017,1.035
1.089,1.416
0.911,1.914
0.9,2.312
0.947,0.455
0.739,1.851
0.902,-0.392
0.66,-0.302
0.658,-0.967
0.18,-1.178
-0.395,-1.327
-0.523,-1.22
-1.03,-1.252
-1.61,-1.393
-1.62,-1.356
-1.983,-1.079
-2.692,-1.287
-2.852,-1.426
-2.792,-1.325
-3.016,-1.263
3.088,-1.412
2.799,-1.437
2.495,-1.224
2.12,-1.386
1.873,-1.189
1.485,-1.295
1.094,-1.364
0.671,3.115
0.515,3.294
0.442,3.292
0.538,3.29
0.5,3.215
-0.408,3.244
-2.205,3.098
-2.305,3.074
-2.462,3.181
3.138,2.903
2.516,3.197
1.981,3.006
-0.475,2.35
-0.625,2.573
-0.625,-0.145
-0.792,2.715
2.659,1.586
2.111,2.369
1.976,2.373
-2.196,0.061
-2.713,0.092
2.414,1.594
2.418,1.699
1.391,1.216
1.404,2.02
1.247,1.183
1.252,2.186
0.191,-0.166
0.192,0.841
-2.176,0.993
0.293,2.997
2.362,-0.914
2.234,3.099
0.086,-0.496
0.082,0.113
0.034,0.436
-0.034,-0.274
-0.061,0.111
-0.12,0.618
-0.214,0.762
-0.41,1.528
-0.434,1.241
-0.354,1.42
-0.418,-1.464
-0.625,1.17
-0.773,0.03
-0.858,-1.049
-0.902,-2.097
-0.775,-1.872
-0.992,-2.222
-1.0,-1.285
-1.013,-1.232
-0.906,0.715
-0.945,-0.345
-1.049,-0.7
-1.124,-0.861
-1.116,0.731
-1.125,-2.313
-1.324,-1.058
-1.212,-0.844
-1.251,-1.358
-1.435,1.561
-1.381,-0.675
-1.449,1.651
-1.696,1.39
-1.855,-0.3
-1.895,-1.067
-2.041,-2.093
-1.962,-0.855
-2.154,-0.246
-2.072,-2.175
-2.093,-1.033
-2.254,-0.78
-2.182,-0.688
-2.29,1.228
-2.299,-1.838
-2.312,0.953
-2.341,-0.229
-2.407,-0.791
-2.396,-1.305
-2.365,-0.15
-2.442,0.545
-2.835,-0.554
-2.807,-0.584
-2.911,-1.2
-2.845,-1.893
-2.869,1.025
-3.085,1.142
-2.99,-2.293
-3.126,-1.82
-3.136,-2.0
-3.066,0.377
-3.064,1.4
3.029,1.256
3.111,0.941
2.938,-0.711
2.92,-1.983
2.939,-0.875
2.912,-0.101
2.783,1.613
2.734,1.139
2.853,-0.273
2.716,-1.075
2.691,-1.28
2.61,1.43
2.229,1.705
2.236,-1.35
1.929,-1.071
2.0,0.211
1.911,-0.236
1.694,1.198
1.803,-1.358
1.598,-1.068
1.578,-1.111
1.127,-0.218
1.199,0.163
1.021,0.661
1.01,1.059
1.057,-0.798
0.849,0.598
1.012,-1.645
0.77,-1.555
0.768,-2.22
0.29,-2.431
-0.285,-2.58
-0.413,-2.473
-0.92,-2.505
-1.5,-2.646
-1.51,-2.609
-1.873,-2.332
-2.582,-2.54
-2.742,-2.679
-2.682,-2.578
-2.906,-2.516
-3.085,-2.665
2.909,-2.69
2.605,-2.477
2.23,-2.639
1.983,-2.442
1.595,-2.548
1.204,-2.617
0.781,1.862
0.625,2.041
0.552,2.039
0.648,2.037
0.61,1.962
-0.298,1.991
-2.095,1.845
-2.195,1.821
-2.352,1.928
-3.035,1.65
2.626,1.944
2.091,1.753
-0.365,1.097
-0.515,1.32
-0.515,-1.398
-0.682,1.462
2.769,0.333
2.221,1.116
2.086,1.12
-2.086,-1.192
-2.603,-1.161
2.524,0.341
2.528,0.446
1.501,-0.037
1.514,0.767
1.357,-0.07
1.362,0.933
0.301,-1.419
0.302,-0.412
-2.066,-0.26
0.403,1.744
2.472,-2.167
2.344,1.846
-0.004,0.609
-0.052,0.932
-0.12,0.222
-0.147,0.607
-0.206,1.114
-0.3,1.258
-0.496,2.024
-0.52,1.737
-0.44,1.916
-0.504,-0.968
-0.711,1.666
-0.859,0.526
-0.944,-0.553
-0.988,-1.601
-0.861,-1.376
-1.078,-1.726
-1.086,-0.789
-1.099,-0.736
-0.992,1.211
-1.031,0.151
-1.135,-0.204
-1.21,-0.365
-1.202,1.227
-1.211,-1.817
-1.41,-0.562
-1.298,-0.348
-1.337,-0.862
-1.521,2.057
-1.467,-0.179
-1.535,2.147
-1.782,1.886
-1.941,0.196
-1.981,-0.571
-2.127,-1.597
-2.048,-0.359
-2.24,0.25
-2.158,-1.679
-2.179,-0.537
-2.34,-0.284
-2.268,-0.192
-2.376,1.724
-2.385,-1.342
-2.398,1.449
-2.427,0.267
-2.493,-0.295
-2.482,-0.809
-2.451,0.346
-2.528,1.041
-2.921,-0.058
-2.893,-0.088
-2.997,-0.704
-2.931,-1.397
-2.955,1.521
3.112,1.638
-3.076,-1.797
3.071,-1.324
3.061,-1.504
3.131,0.873
3.133,1.896
2.943,1.752
3.025,1.437
2.852,-0.215
2.834,-1.487
2.853,-0.379
2.826,0.395
2.697,2.109
2.648,1.635
2.767,0.223
2.63,-0.579
2.605,-0.784
2.524,1.926
2.143,2.201
2.15,-0.854
1.843,-0.575
1.914,0.707
1.825,0.26
1.608,1.694
1.717,-0.862
1.512,-0.572
1.492,-0.615
1.041,0.278
1.113,0.659
0.935,1.157
0.924,1.555
0.971,-0.302
0.763,1.094
0.926,-1.149
0.684,-1.059
0.682,-1.724
0.204,-1.935
-0.371,-2.084
-0.499,-1.977
-1.006,-2.009
-1.586,-2.15
-1.596,-2.113
-1.959,-1.836
-2.668,-2.044
-2.828,-2.183
-2.768,-2.082
-2.992,-2.02
3.112,-2.169
2.823,-2.194
2.519,-1.981
2.144,-2.143
1.897,-1.946
1.509,-2.052
1.118,-2.121
0.695,2.358
0.539,2.537
0.466,2.535
0.562,2.533
0.524,2.458
-0.384,2.487
-2.181,2.341
-2.281,2.317
-2.438,2.424
-3.121,2.146
2.54,2.44
2.005,2.249
-0.451,1.593
-0.601,1.816
-0.601,-0.902
-0.768,1.958
2.683,0.829
2.135,1.612
2.0,1.616
-2.172,-0.696
-2.689,-0.665
2.438,0.837
2.442,0.942
1.415,0.459
1.428,1.263
1.271,0.426
1.276,1.429
0.215,-0.923
0.216,0.084
-2.152,0.236
0.317,2.24
2.386,-1.671
2.258,2.342
-0.048,0.323
-0.116,-0.387
-0.143,-0.002
-0.202,0.505
-0.296,0.649
-0.492,1.415
-0.516,1.128
-0.436,1.307
-0.5,-1.577
-0.707,1.057
-0.855,-0.083
-0.94,-1.162
-0.984,-2.21
-0.857,-1.985
-1.074,-2.335
-1.082,-1.398
-1.095,-1.345
-0.988,0.602
-1.027,-0.458
-1.131,-0.813
-1.206,-0.974
-1.198,0.618
-1.207,-2.426
-1.406,-1.171
-1.294,-0.957
-1.333,-1.471
-1.517,1.448
-1.463,-0.788
-1.531,1.538
-1.778,1.277
-1.937,-0.413
-1.977,-1.18
-2.123,-2.206
-2.044,-0.968
-2.236,-0.359
-2.154,-2.288
-2.175,-1.146
-2.336,-0.893
-2.264,-0.801
-2.372,1.115
-2.381,-1.951
-2.394,0.84
-2.423,-0.342
-2.489,-0.904
-2.478,-1.418
-2.447,-0.263
-2.524,0.432
-2.917,-0.667
-2.889,-0.697
-2.993,-1.313
-2.927,-2.006
-2.951,0.912
3.116,1.029
-3.072,-2.406
3.075,-1.933
3.065,-2.113
3.135,0.264
3.137,1.287
2.947,1.143
3.029,0.828
2.856,-0.824
2.838,-2.096
2.857,-0.988
2.83,-0.214
2.701,1.5
2.652,1.026
2.771,-0.386
2.634,-1.188
2.609,-1.393
2.528,1.317
2.147,1.592
2.154,-1.463
1.847,-1.184
1.918,0.098
1.829,-0.349
1.612,1.085
1.721,-1.471
1.516,-1.181
1.496,-1.224
1.045,-0.331
1.117,0.05
0.939,0.548
0.928,0.946
0.975,-0.911
0.767,0.485
0.93,-1.758
0.688,-1.668
0.686,-2.333
0.208,-2.544
-0.367,-2.693
-0.495,-2.586
-1.002,-2.618
-1.582,-2.759
-1.592,-2.722
-1.955,-2.445
-2.664,-2.653
-2.824,-2.792
-2.764,-2.691
-2.988,-2.629
3.116,-2.778
2.827,-2.803
2.523,-2.59
2.148,-2.752
1.901,-2.555
1.513,-2.661
1.122,-2.73
0.699,1.749
0.543,1.928
0.47,1.926
0.566,1.924
0.528,1.849
-0.38,1.878
-2.177,1.732
-2.277,1.708
-2.434,1.815
-3.117,1.537
2.544,1.831
2.009,1.64
-0.447,0.984
-0.597,1.207
-0.597,-1.511
-0.764,1.349
2.687,0.22
2.139,1.003
2.004,1.007
-2.168,-1.305
-2.685,-1.274
2.442,0.228
2.446,0.333
1.419,-0.15
1.432,0.654
1.275,-0.183
1.28,0.82
0.219,-1.532
0.22,-0.525
-2.148,-0.373
0.321,1.631
2.39,-2.28
2.262,1.733
-0.068,-0.71
-0.095,-0.325
-0.154,0.182
-0.248,0.326
-0.444,1.092
-0.468,0.805
-0.388,0.984
-0.452,-1.9
-0.659,0.734
-0.807,-0.406
-0.892,-1.485
-0.936,-2.533
-0.809,-2.308
-1.026,-2.658
-1.034,-1.721
-1.047,-1.668
-0.94,0.279
-0.979,-0.781
-1.083,-1.136
-1.158,-1.297
-1.15,0.295
-1.159,-2.749
-1.358,-1.494
-1.246,-1.28
-1.285,-1.794
-1.469,1.125
-1.415,-1.111
-1.483,1.215
-1.73,0.954
-1.889,-0.736
-1.929,-1.503
-2.075,-2.529
-1.996,-1.291
-2.188,-0.682
-2.106,-2.611
-2.127,-1.469
-2.288,-1.216
-2.216,-1.124
-2.324,0.792
-2.333,-2.274
-2.346,0.517
-2.375,-0.665
-2.441,-1.227
-2.43,-1.741
-2.399,-0.586
-2.476,0.109
-2.869,-0.99
-2.841,-1.02
-2.945,-1.636
-2.879,-2.329
-2.903,0.589
-3.119,0.706
-3.024,-2.729
3.123,-2.256
3.113,-2.436
-3.1,-0.059
-3.098,0.964
2.995,0.82
3.077,0.505
2.904,-1.147
2.886,-2.419
2.905,-1.311
2.878,-0.537
2.749,1.177
2.7,0.703
2.819,-0.709
2.682,-1.511
2.657,-1.716
2.576,0.994
2.195,1.269
2.202,-1.786
1.895,-1.507
1.966,-0.225
1.877,-0.672
1.66,0.762
1.769,-1.794
1.564,-1.504
1.544,-1.547
1.093,-0.654
1.165,-0.273
0.987,0.225
0.976,0.623
1.023,-1.234
0.815,0.162
0.978,-2.081
0.736,-1.991
0.734,-2.656
0.256,-2.867
-0.319,-3.016
-0.447,-2.909
-0.954,-2.941
-1.534,-3.082
-1.544,-3.045
-1.907,-2.768
-2.616,-2.976
-2.776,-3.115
-2.716,-3.014
-2.94,-2.952
-3.119,-3.101
2.875,-3.126
2.571,-2.913
2.196,-3.075
1.949,-2.878
1.561,-2.984
1.17,-3.053
0.747,1.426
0.591,1.605
0.518,1.603
0.614,1.601
0.576,1.526
-0.332,1.555
-2.129,1.409
-2.229,1.385
-2.386,1.492
-3.069,1.214
2.592,1.508
2.057,1.317
-0.399,0.661
-0.549,0.884
-0.549,-1.834
-0.716,1.026
2.735,-0.103
2.187,0.68
2.052,0.684
-2.12,-1.628
-2.637,-1.597
2.49,-0.095
2.494,0.01
1.467,-0.473
1.48,0.331
1.323,-0.506
1.328,0.497
0.267,-1.855
0.268,-0.848
-2.1,-0.696
0.369,1.308
2.438,-2.603
2.31,1.41
-0.027,0.385
-0.086,0.892
-0.18,1.036
-0.376,1.802
-0.4,1.515
-0.32,1.694
-0.384,-1.19
-0.591,1.444
-0.739,0.304
-0.824,-0.775
-0.868,-1.823
-0.741,-1.598
-0.958,-1.948
-0.966,-1.011
-0.979,-0.958
-0.872,0.989
-0.911,-0.071
-1.015,-0.426
-1.09,-0.587
-1.082,1.005
-1.091,-2.039
-1.29,-0.784
-1.178,-0.57
-1.217,-1.084
-1.401,1.835
-1.347,-0.401
-1.415,1.925
-1.662,1.664
-1.821,-0.026
-1.861,-0.793
-2.007,-1.819
-1.928,-0.581
-2.12,0.028
-2.038,-1.901
-2.059,-0.759
-2.22,-0.506
-2.148,-0.414
-2.256,1.502
-2.265,-1.564
-2.278,1.227
-2.307,0.045
-2.373,-0.517
-2.362,-1.031
-2.331,0.124
-2.408,0.819
-2.801,-0.28
-2.773,-0.31
-2.877,-0.926
-2.811,-1.619
-2.835,1.299
-3.051,1.416
-2.956,-2.019
-3.092,-1.546
-3.102,-1.726
-3.032,0.651
-3.03,1.674
3.063,1.53
-3.138,1.215
2.972,-0.437
2.954,-1.709
2.973,-0.601
2.946,0.173
2.817,1.887
2.768,1.413
2.887,0.001
2.75,-0.801
2.725,-1.006
2.644,1.704
2.263,1.979
2.27,-1.076
1.963,-0.797
2.034,0.485
1.945,0.038
1.728,1.472
1.837,-1.084
1.632,-0.794
1.612,-0.837
1.161,0.056
1.233,0.437
1.055,0.935
1.044,1.333
1.091,-0.524
0.883,0.872
1.046,-1.371
0.804,-1.281
0.802,-1.946
0.324,-2.157
-0.251,-2.306
-0.379,-2.199
-0.886,-2.231
-1.466,-2.372
-1.476,-2.335
-1.839,-2.058
-2.548,-2.266
-2.708,-2.405
-2.648,-2.304
-2.872,-2.242
-3.051,-2.391
2.943,-2.416
2.639,-2.203
2.264,-2.365
2.017,-2.168
1.629,-2.274
1.238,-2.343
0.815,2.136
0.659,2.315
0.586,2.313
0.682,2.311
0.644,2.236
-0.264,2.265
-2.061,2.119
-2.161,2.095
-2.318,2.202
-3.001,1.924
2.66,2.218
2.125,2.027
-0.331,1.371
-0.481,1.594
-0.481,-1.124
-0.648,1.736
2.803,0.607
2.255,1.39
2.12,1.394
-2.052,-0.918
-2.569,-0.887
2.558,0.615
2.562,0.72
1.535,0.237
1.548,1.041
1.391,0.204
1.396,1.207
0.335,-1.145
0.336,-0.138
-2.032,0.014
0.437,2.018
2.506,-1.893
2.378,2.12
-0.059,0.507
-0.153,0.651
-0.349,1.417
-0.373,1.13
-0.293,1.309
-0.357,-1.575
-0.564,1.059
-0.712,-0.081
-0.797,-1.16
-0.841,-2.208
-0.714,-1.983
-0.931,-2.333
-0.939,-1.396
-0.952,-1.343
-0.845,0.604
-0.884,-0.456
-0.988,-0.811
-1.063,-0.972
-1.055,0.62
-1.064,-2.424
-1.263,-1.169
-1.151,-0.955
-1.19,-1.469
-1.374,1.45
-1.32,-0.786
-1.388,1.54
-1.635,1.279
-1.794,-0.411
-1.834,-1.178
-1.98,-2.204
-1.901,-0.966
-2.093,-0.357
-2.011,-2.286
-2.032,-1.144
-2.193,-0.891
-2.121,-0.799
-2.229,1.117
-2.238,-1.949
-2.251,0.842
-2.28,-0.34
-2.346,-0.902
-2.335,-1.416
-2.304,-0.261
-2.381,0.434
-2.774,-0.665
-2.746,-0.695
-2.85,-1.311
-2.784,-2.004
-2.808,0.914
-3.024,1.031
-2.929,-2.404
-3.065,-1.931
-3.075,-2.111
-3.005,0.266
-3.003,1.289
3.09,1.145
-3.111,0.83
2.999,-0.822
2.981,-2.094
3.0,-0.986
2.973,-0.212
2.844,1.502
2.795,1.028
2.914,-0.384
2.777,-1.186
2.752,-1.391
2.671,1.319
2.29,1.594
2.297,-1.461
1.99,-1.182
2.061,0.1
1.972,-0.347
1.755,1.087
1.864,-1.469
1.659,-1.179
1.639,-1.222
1.188,-0.329
1.26,0.052
1.082,0.55
1.071,0.948
1.118,-0.909
0.91,0.487
1.073,-1.756
0.831,-1.666
0.829,-2.331
0.351,-2.542
-0.224,-2.691
-0.352,-2.584
-0.859,-2.616
-1.439,-2.757
-1.449,-2.72
-1.812,-2.443
-2.521,-2.651
-2.681,-2.79
-2.621,-2.689
-2.845,-2.627
-3.024,-2.776
2.97,-2.801
2.666,-2.588
2.291,-2.75
2.044,-2.553
1.656,-2.659
1.265,-2.728
0.842,1.751
0.686,1.93
0.613,1.928
0.709,1.926
0.671,1.851
-0.237,1.88
-2.034,1.734
-2.134,1.71
-2.291,1.817
-2.974,1.539
2.687,1.833
2.152,1.642
-0.304,0.986
-0.454,1.209
-0.454,-1.509
-0.621,1.351
2.83,0.222
2.282,1.005
2.147,1.009
-2.025,-1.303
-2.542,-1.272
2.585,0.23
2.589,0.335
1.562,-0.148
1.575,0.656
1.418,-0.181
1.423,0.822
0.362,-1.53
0.363,-0.523
-2.005,-0.371
0.464,1.633
2.533,-2.278
2.405,1.735
-0.094,0.144
-0.29,0.91
-0.314,0.623
-0.234,0.802
-0.298,-2.082
-0.505,0.552
-0.653,-0.588
-0.738,-1.667
-0.782,-2.715
-0.655,-2.49
-0.872,-2.84
-0.88,-1.903
-0.893,-1.85
-0.786,0.097
-0.825,-0.963
-0.929,-1.318
-1.004,-1.479
-0.996,0.113
-1.005,-2.931
-1.204,-1.676
-1.092,-1.462
-1.131,-1.976
-1.315,0.943
-1.261,-1.293
-1.329,1.033
-1.576,0.772
-1.735,-0.918
-1.775,-1.685
-1.921,-2.711
-1.842,-1.473
-2.034,-0.864
-1.952,-2.793
-1.973,-1.651
-2.134,-1.398
-2.062,-1.306
-2.17,0.61
-2.179,-2.456
-2.192,0.335
-2.221,-0.847
-2.287,-1.409
-2.276,-1.923
-2.245,-0.768
-2.322,-0.073
-2.715,-1.172
-2.687,-1.202
-2.791,-1.818
-2.725,-2.511
-2.749,0.407
-2.965,0.524
-2.87,-2.911
-3.006,-2.438
-3.016,-2.618
-2.946,-0.241
-2.944,0.782
-3.134,0.638
-3.052,0.323
3.058,-1.329
3.04,-2.601
3.059,-1.493
3.032,-0.719
2.903,0.995
2.854,0.521
2.973,-0.891
2.836,-1.693
2.811,-1.898
2.73,0.812
2.349,1.087
2.356,-1.968
2.049,-1.689
2.12,-0.407
2.031,-0.854
1.814,0.58
1.923,-1.976
1.718,-1.686
1.698,-1.729
1.247,-0.836
1.319,-0.455
1.141,0.043
1.13,0.441
1.177,-1.416
0.969,-0.02
1.132,-2.263
0.89,-2.173
0.888,-2.838
0.41,-3.049
-0.165,-3.198
-0.293,-3.091
-0.8,-3.123
-1.38,-3.264
-1.39,-3.227
-1.753,-2.95
-2.462,-3.158
-2.622,-3.297
-2.562,-3.196
-2.786,-3.134
-2.965,-3.283
3.029,-3.308
2.725,-3.095
2.35,-3.257
2.103,-3.06
1.715,-3.166
1.324,-3.235
0.901,1.244
0.745,1.423
0.672,1.421
0.768,1.419
0.73,1.344
-0.178,1.373
-1.975,1.227
-2.075,1.203
-2.232,1.31
-2.915,1.032
2.746,1.326
2.211,1.135
-0.245,0.479
-0.395,0.702
-0.395,-2.016
-0.562,0.844
2.889,-0.285
2.341,0.498
2.206,0.502
-1.966,-1.81
-2.483,-1.779
2.644,-0.277
2.648,-0.172
1.621,-0.655
1.634,0.149
1.477,-0.688
1.482,0.315
0.421,-2.037
0.422,-1.03
-1.946,-0.878
0.523,1.126
2.592,-2.785
2.464,1.228
-0.196,0.766
-0.22,0.479
-0.14,0.658
-0.204,-2.226
-0.411,0.408
-0.559,-0.732
-0.644,-1.811
-0.688,-2.859
-0.561,-2.634
-0.778,-2.984
-0.786,-2.047
-0.799,-1.994
-0.692,-0.047
-0.731,-1.107
-0.835,-1.462
-0.91,-1.623
-0.902,-0.031
-0.911,-3.075
-1.11,-1.82
-0.998,-1.606
-1.037,-2.12
-1.221,0.799
-1.167,-1.437
-1.235,0.889
-1.482,0.628
-1.641,-1.062
-1.681,-1.829
-1.827,-2.855
-1.748,-1.617
-1.94,-1.008
-1.858,-2.937
-1.879,-1.795
-2.04,-1.542
-1.968,-1.45
-2.076,0.466
-2.085,-2.6
-2.098,0.191
-2.127,-0.991
-2.193,-1.553
-2.182,-2.067
-2.151,-0.912
-2.228,-0.217
-2.621,-1.316
-2.593,-1.346
-2.697,-1.962
-2.631,-2.655
-2.655,0.263
-2.871,0.38
-2.776,-3.055
-2.912,-2.582
-2.922,-2.762
-2.852,-0.385
-2.85,0.638
-3.04,0.494
-2.958,0.179
-3.131,-1.473
3.134,-2.745
-3.13,-1.637
3.126,-0.863
2.997,0.851
2.948,0.377
3.067,-1.035
2.93,-1.837
2.905,-2.042
2.824,0.668
2.443,0.943
2.45,-2.112
2.143,-1.833
2.214,-0.551
2.125,-0.998
1.908,0.436
2.017,-2.12
1.812,-1.83
1.792,-1.873
1.341,-0.98
1.413,-0.599
1.235,-0.101
1.224,0.297
1.271,-1.56
1.063,-0.164
1.226,-2.407
0.984,-2.317
0.982,-2.982
0.504,-3.193
-0.071,-3.342
-0.199,-3.235
-0.706,-3.267
-1.286,-3.408
-1.296,-3.371
-1.659,-3.094
-2.368,-3.302
-2.528,-3.441
-2.468,-3.34
-2.692,-3.278
-2.871,-3.427
3.123,-3.452
2.819,-3.239
2.444,-3.401
2.197,-3.204
1.809,-3.31
1.418,-3.379
0.995,1.1
0.839,1.279
0.766,1.277
0.862,1.275
0.824,1.2
-0.084,1.229
-1.881,1.083
-1.981,1.059
-2.138,1.166
-2.821,0.888
2.84,1.182
2.305,0.991
-0.151,0.335
-0.301,0.558
-0.301,-2.16
-0.468,0.7
2.983,-0.429
2.435,0.354
2.3,0.358
-1.872,-1.954
-2.389,-1.923
2.738,-0.421
2.742,-0.316
1.715,-0.799
1.728,0.005
1.571,-0.832
1.576,0.171
0.515,-2.181
0.516,-1.174
-1.852,-1.022
0.617,0.982
2.686,-2.929
2.558,1.084
-0.024,-0.287
0.056,-0.108
-0.008,-2.992
-0.215,-0.358
-0.363,-1.498
-0.448,-2.577
-0.492,-3.625
-0.365,-3.4
-0.582,-3.75
-0.59,-2.813
-0.603,-2.76
-0.496,-0.813
-0.535,-1.873
-0.639,-2.228
-0.714,-2.389
-0.706,-0.797
-0.715,-3.841
-0.914,-2.586
-0.802,-2.372
-0.841,-2.886
-1.025,0.033
-0.971,-2.203
-1.039,0.123
-1.286,-0.138
-1.445,-1.828
-1.485,-2.595
-1.631,-3.621
-1.552,-2.383
-1.744,-1.774
-1.662,-3.703
-1.683,-2.561
-1.844,-2.308
-1.772,-2.216
-1.88,-0.3
-1.889,-3.366
-1.902,-0.575
-1.931,-1.757
-1.997,-2.319
-1.986,-2.833
-1.955,-1.678
-2.032,-0.983
-2.425,-2.082
-2.397,-2.112
-2.501,-2.728
-2.435,-3.421
-2.459,-0.503
-2.675,-0.386
-2.58,-3.821
-2.716,-3.348
-2.726,-3.528
-2.656,-1.151
-2.654,-0.128
-2.844,-0.272
-2.762,-0.587
-2.935,-2.239
-2.953,-3.511
-2.934,-2.403
-2.961,-1.629
-3.09,0.085
-3.139,-0.389
-3.02,-1.801
3.126,-2.603
3.101,-2.808
3.02,-0.098
2.639,0.177
2.646,-2.878
2.339,-2.599
2.41,-1.317
2.321,-1.764
2.104,-0.33
2.213,-2.886
2.008,-2.596
1.988,-2.639
1.537,-1.746
1.609,-1.365
1.431,-0.867
1.42,-0.469
1.467,-2.326
1.259,-0.93
1.422,-3.173
1.18,-3.083
1.178,-3.748
0.7,-3.959
0.125,-4.108
-0.003,-4.001
-0.51,-4.033
-1.09,-4.174
-1.1,-4.137
-1.463,-3.86
-2.172,-4.068
-2.332,-4.207
-2.272,-4.106
-2.496,-4.044
-2.675,-4.193
-2.964,-4.218
3.015,-4.005
2.64,-4.167
2.393,-3.97
2.005,-4.076
1.614,-4.145
1.191,0.334
1.035,0.513
0.962,0.511
1.058,0.509
1.02,0.434
0.112,0.463
-1.685,0.317
-1.785,0.293
-1.942,0.4
-2.625,0.122
3.036,0.416
2.501,0.225
0.045,-0.431
-0.105,-0.208
-0.105,-2.926
-0.272,-0.066
-3.104,-1.195
2.631,-0.412
2.496,-0.408
-1.676,-2.72
-2.193,-2.689
2.934,-1.187
2.938,-1.082
1.911,-1.565
1.924,-0.761
1.767,-1.598
1.772,-0.595
0.711,-2.947
0.712,-1.94
-1.656,-1.788
0.813,0.216
2.882,-3.695
2.754,0.318
0.08,0.179
0.016,-2.705
-0.191,-0.071
-0.339,-1.211
-0.424,-2.29
-0.468,-3.338
-0.341,-3.113
-0.558,-3.463
-0.566,-2.526
-0.579,-2.473
-0.472,-0.526
-0.511,-1.586
-0.615,-1.941
-0.69,-2.102
-0.682,-0.51
-0.691,-3.554
-0.89,-2.299
-0.778,-2.085
-0.817,-2.599
-1.001,0.32
-0.947,-1.916
-1.015,0.41
-1.262,0.149
-1.421,-1.541
-1.461,-2.308
-1.607,-3.334
-1.528,-2.096
-1.72,-1.487
-1.638,-3.416
-1.659,-2.274
-1.82,-2.021
-1.748,-1.929
-1.856,-0.013
-1.865,-3.079
-1.878,-0.288
-1.907,-1.47
-1.973,-2.032
-1.962,-2.546
-1.931,-1.391
-2.008,-0.696
-2.401,-1.795
-2.373,-1.825
-2.477,-2.441
-2.411,-3.134
-2.435,-0.216
-2.651,-0.099
-2.556,-3.534
-2.692,-3.061
-2.702,-3.241
-2.632,-0.864
-2.63,0.159
-2.82,0.015
-2.738,-0.3
-2.911,-1.952
-2.929,-3.224
-2.91,-2.116
-2.937,-1.342
-3.066,0.372
-3.115,-0.102
-2.996,-1.514
-3.133,-2.316
3.125,-2.521
3.044,0.189
2.663,0.464
2.67,-2.591
2.363,-2.312
2.434,-1.03
2.345,-1.477
2.128,-0.043
2.237,-2.599
2.032,-2.309
2.012,-2.352
1.561,-1.459
1.633,-1.078
1.455,-0.58
1.444,-0.182
1.491,-2.039
1.283,-0.643
1.446,-2.886
1.204,-2.796
1.202,-3.461
0.724,-3.672
0.149,-3.821
0.021,-3.714
-0.486,-3.746
-1.066,-3.887
-1.076,-3.85
-1.439,-3.573
-2.148,-3.781
-2.308,-3.92
-2.248,-3.819
-2.472,-3.757
-2.651,-3.906
-2.94,-3.931
3.039,-3.718
2.664,-3.88
2.417,-3.683
2.029,-3.789
1.638,-3.858
1.215,0.621
1.059,0.8
0.986,0.798
1.082,0.796
1.044,0.721
0.136,0.75
-1.661,0.604
-1.761,0.58
-1.918,0.687
-2.601,0.409
3.06,0.703
2.525,0.512
0.069,-0.144
-0.081,0.079
-0.081,-2.639
-0.248,0.221
-3.08,-0.908
2.655,-0.125
2.52,-0.121
-1.652,-2.433
-2.169,-2.402
2.958,-0.9
2.962,-0.795
1.935,-1.278
1.948,-0.474
1.791,-1.311
1.796,-0.308
0.735,-2.66
0.736,-1.653
-1.632,-1.501
0.837,0.503
2.906,-3.408
2.778,0.605
-0.064,-2.884
-0.271,-0.25
-0.419,-1.39
-0.504,-2.469
-0.548,-3.517
-0.421,-3.292
-0.638,-3.642
-0.646,-2.705
-0.659,-2.652
-0.552,-0.705
-0.591,-1.765
-0.695,-2.12
-0.77,-2.281
-0.762,-0.689
-0.771,-3.733
-0.97,-2.478
-0.858,-2.264
-0.897,-2.778
-1.081,0.141
-1.027,-2.095
-1.095,0.231
-1.342,-0.03
-1.501,-1.72
-1.541,-2.487
-1.687,-3.513
-1.608,-2.275
-1.8,-1.666
-1.718,-3.595
-1.739,-2.453
-1.9,-2.2
-1.828,-2.108
-1.936,-0.192
-1.945,-3.258
-1.958,-0.467
-1.987,-1.649
-2.053,-2.211
-2.042,-2.725
-2.011,-1.57
-2.088,-0.875
-2.481,-1.974
-2.453,-2.004
-2.557,-2.62
-2.491,-3.313
-2.515,-0.395
-2.731,-0.278
-2.636,-3.713
-2.772,-3.24
-2.782,-3.42
-2.712,-1.043
-2.71,-0.02
-2.9,-0.164
-2.818,-0.479
-2.991,-2.131
-3.009,-3.403
-2.99,-2.295
-3.017,-1.521
3.137,0.193
3.088,-0.281
-3.076,-1.693
3.07,-2.495
3.045,-2.7
2.964,0.01
2.583,0.285
2.59,-2.77
2.283,-2.491
2.354,-1.209
2.265,-1.656
2.048,-0.222
2.157,-2.778
1.952,-2.488
1.932,-2.531
1.481,-1.638
1.553,-1.257
1.375,-0.759
1.364,-0.361
1.411,-2.218
1.203,-0.822
1.366,-3.065
1.124,-2.975
1.122,-3.64
0.644,-3.851
0.069,-4.0
-0.059,-3.893
-0.566,-3.925
-1.146,-4.066
-1.156,-4.029
-1.519,-3.752
-2.228,-3.96
-2.388,-4.099
-2.328,-3.998
-2.552,-3.936
-2.731,-4.085
-3.02,-4.11
2.959,-3.897
2.584,-4.059
2.337,-3.862
1.949,-3.968
1.558,-4.037
1.135,0.442
0.979,0.621
0.906,0.619
1.002,0.617
0.964,0.542
0.056,0.571
-1.741,0.425
-1.841,0.401
-1.998,0.508
-2.681,0.23
2.98,0.524
2.445,0.333
-0.011,-0.323
-0.161,-0.1
-0.161,-2.818
-0.328,0.042
3.123,-1.087
2.575,-0.304
2.44,-0.3
-1.732,-2.612
-2.249,-2.581
2.878,-1.079
2.882,-0.974
1.855,-1.457
1.868,-0.653
1.711,-1.49
1.716,-0.487
0.655,-2.839
0.656,-1.832
-1.712,-1.68
0.757,0.324
2.826,-3.587
2.698,0.426
-0.207,2.634
-0.355,1.494
-0.44,0.415
-0.484,-0.633
-0.357,-0.408
-0.574,-0.758
-0.582,0.179
-0.595,0.232
-0.488,2.179
-0.527,1.119
-0.631,0.764
-0.706,0.603
-0.698,2.195
-0.707,-0.849
-0.906,0.406
-0.794,0.62
-0.833,0.106
-1.017,3.025
-0.963,0.789
-1.031,3.115
-1.278,2.854
-1.437,1.164
-1.477,0.397
-1.623,-0.629
-1.544,0.609
-1.736,1.218
-1.654,-0.711
-1.675,0.431
-1.836,0.684
-1.764,0.776
-1.872,2.692
-1.881,-0.374
-1.894,2.417
-1.923,1.235
-1.989,0.673
-1.978,0.159
-1.947,1.314
-2.024,2.009
-2.417,0.91
-2.389,0.88
-2.493,0.264
-2.427,-0.429
-2.451,2.489
-2.667,2.606
-2.572,-0.829
-2.708,-0.356
-2.718,-0.536
-2.648,1.841
-2.646,2.864
-2.836,2.72
-2.754,2.405
-2.927,0.753
-2.945,-0.519
-2.926,0.589
-2.953,1.363
-3.082,3.077
-3.131,2.603
-3.012,1.191
3.134,0.389
3.109,0.184
3.028,2.894
2.647,3.169
2.654,0.114
2.347,0.393
2.418,1.675
2.329,1.228
2.112,2.662
2.221,0.106
2.016,0.396
1.996,0.353
1.545,1.246
1.617,1.627
1.439,2.125
1.428,2.523
1.475,0.666
1.267,2.062
1.43,-0.181
1.188,-0.091
1.186,-0.756
0.708,-0.967
0.133,-1.116
0.005,-1.009
-0.502,-1.041
-1.082,-1.182
-1.092,-1.145
-1.455,-0.868
-2.164,-1.076
-2.324,-1.215
-2.264,-1.114
-2.488,-1.052
-2.667,-1.201
-2.956,-1.226
3.023,-1.013
2.648,-1.175
2.401,-0.978
2.013,-1.084
1.622,-1.153
1.199,3.326
1.043,3.505
0.97,3.503
1.066,3.501
1.028,3.426
0.12,3.455
-1.677,3.309
-1.777,3.285
-1.934,3.392
-2.617,3.114
3.044,3.408
2.509,3.217
0.053,2.561
-0.097,2.784
-0.097,0.066
-0.264,2.926
-3.096,1.797
2.639,2.58
2.504,2.584
-1.668,0.272
-2.185,0.303
2.942,1.805
2.946,1.91
1.919,1.427
1.932,2.231
1.775,1.394
1.78,2.397
0.719,0.045
0.72,1.052
-1.648,1.204
0.821,3.208
2.89,-0.703
2.762,3.31
-0.148,-1.14
-0.233,-2.219
-0.277,-3.267
-0.15,-3.042
-0.367,-3.392
-0.375,-2.455
-0.388,-2.402
-0.281,-0.455
-0.32,-1.515
-0.424,-1.87
-0.499,-2.031
-0.491,-0.439
-0.5,-3.483
-0.699,-2.228
-0.587,-2.014
-0.626,-2.528
-0.81,0.391
-0.756,-1.845
-0.824,0.481
-1.071,0.22
-1.23,-1.47
-1.27,-2.237
-1.416,-3.263
-1.337,-2.025
-1.529,-1.416
-1.447,-3.345
-1.468,-2.203
-1.629,-1.95
-1.557,-1.858
-1.665,0.058
-1.674,-3.008
-1.687,-0.217
-1.716,-1.399
-1.782,-1.961
-1.771,-2.475
-1.74,-1.32
-1.817,-0.625
-2.21,-1.724
-2.182,-1.754
-2.286,-2.37
-2.22,-3.063
-2.244,-0.145
-2.46,-0.028
-2.365,-3.463
-2.501,-2.99
-2.511,-3.17
-2.441,-0.793
-2.439,0.23
-2.629,0.086
-2.547,-0.229
-2.72,-1.881
-2.738,-3.153
-2.719,-2.045
-2.746,-1.271
-2.875,0.443
-2.924,-0.031
-2.805,-1.443
-2.942,-2.245
-2.967,-2.45
-3.048,0.26
2.854,0.535
2.861,-2.52
2.554,-2.241
2.625,-0.959
2.536,-1.406
2.319,0.028
2.428,-2.528
2.223,-2.238
2.203,-2.281
1.752,-1.388
1.824,-1.007
1.646,-0.509
1.635,-0.111
1.682,-1.968
1.474,-0.572
1.637,-2.815
1.395,-2.725
1.393,-3.39
0.915,-3.601
0.34,-3.75
0.212,-3.643
-0.295,-3.675
-0.875,-3.816
-0.885,-3.779
-1.248,-3.502
-1.957,-3.71
-2.117,-3.849
-2.057,-3.748
-2.281,-3.686
-2.46,-3.835
-2.749,-3.86
-3.053,-3.647
2.855,-3.809
2.608,-3.612
2.22,-3.718
1.829,-3.787
1.406,0.692
1.25,0.871
1.177,0.869
1.273,0.867
1.235,0.792
0.327,0.821
-1.47,0.675
-1.57,0.651
-1.727,0.758
-2.41,0.48
-3.032,0.774
2.716,0.583
0.26,-0.073
0.11,0.15
0.11,-2.568
-0.057,0.292
-2.889,-0.837
2.846,-0.054
2.711,-0.05
-1.461,-2.362
-1.978,-2.331
-3.134,-0.829
-3.13,-0.724
2.126,-1.207
2.139,-0.403
1.982,-1.24
1.987,-0.237
0.926,-2.589
0.927,-1.582
-1.441,-1.43
1.028,0.574
3.097,-3.337
2.969,0.676
-0.085,-1.079
-0.129,-2.127
-0.002,-1.902
-0.219,-2.252
-0.227,-1.315
-0.24,-1.262
-0.133,0.685
-0.172,-0.375
-0.276,-0.73
-0.351,-0.891
-0.343,0.701
-0.352,-2.343
-0.551,-1.088
-0.439,-0.874
-0.478,-1.388
-0.662,1.531
-0.608,-0.705
-0.676,1.621
-0.923,1.36
-1.082,-0.33
-1.122,-1.097
-1.268,-2.123
-1.189,-0.885
-1.381,-0.276
-1.299,-2.205
-1.32,-1.063
-1.481,-0.81
-1.409,-0.718
-1.517,1.198
-1.526,-1.868
-1.539,0.923
-1.568,-0.259
-1.634,-0.821
-1.623,-1.335
-1.592,-0.18
-1.669,0.515
-2.062,-0.584
-2.034,-0.614
-2.138,-1.23
-2.072,-1.923
-2.096,0.995
-2.312,1.112
-2.217,-2.323
-2.353,-1.85
-2.363,-2.03
-2.293,0.347
-2.291,1.37
-2.481,1.226
-2.399,0.911
-2.572,-0.741
-2.59,-2.013
-2.571,-0.905
-2.598,-0.131
-2.727,1.583
-2.776,1.109
-2.657,-0.303
-2.794,-1.105
-2.819,-1.31
-2.9,1.4
3.002,1.675
3.009,-1.38
2.702,-1.101
2.773,0.181
2.684,-0.266
2.467,1.168
2.576,-1.388
2.371,-1.098
2.351,-1.141
1.9,-0.248
1.972,0.133
1.794,0.631
1.783,1.029
1.83,-0.828
1.622,0.568
1.785,-1.675
1.543,-1.585
1.541,-2.25
1.063,-2.461
0.488,-2.61
0.36,-2.503
-0.147,-2.535
-0.727,-2.676
-0.737,-2.639
-1.1,-2.362
-1.809,-2.57
-1.969,-2.709
-1.909,-2.608
-2.133,-2.546
-2.312,-2.695
-2.601,-2.72
-2.905,-2.507
3.003,-2.669
2.756,-2.472
2.368,-2.578
1.977,-2.647
1.554,1.832
1.398,2.011
1.325,2.009
1.421,2.007
1.383,1.932
0.475,1.961
-1.322,1.815
-1.422,1.791
-1.579,1.898
-2.262,1.62
-2.884,1.914
2.864,1.723
0.408,1.067
0.258,1.29
0.258,-1.428
0.091,1.432
-2.741,0.303
2.994,1.086
2.859,1.09
-1.313,-1.222
-1.83,-1.191
-2.986,0.311
-2.982,0.416
2.274,-0.067
2.287,0.737
2.13,-0.1
2.135,0.903
1.074,-1.449
1.075,-0.442
-1.293,-0.29
1.176,1.714
-3.038,-2.197
3.117,1.816
-0.044,-1.048
0.083,-0.823
-0.134,-1.173
-0.142,-0.236
-0.155,-0.183
-0.048,1.764
-0.087,0.704
-0.191,0.349
-0.266,0.188
-0.258,1.78
-0.267,-1.264
-0.466,-0.009
-0.354,0.205
-0.393,-0.309
-0.577,2.61
-0.523,0.374
-0.591,2.7
-0.838,2.439
-0.997,0.749
-1.037,-0.018
-1.183,-1.044
-1.104,0.194
-1.296,0.803
-1.214,-1.126
-1.235,0.016
-1.396,0.269
-1.324,0.361
-1.432,2.277
-1.441,-0.789
-1.454,2.002
-1.483,0.82
-1.549,0.258
-1.538,-0.256
-1.507,0.899
-1.584,1.594
-1.977,0.495
-1.949,0.465
-2.053,-0.151
-1.987,-0.844
-2.011,2.074
-2.227,2.191
-2.132,-1.244
-2.268,-0.771
-2.278,-0.951
-2.208,1.426
-2.206,2.449
-2.396,2.305
-2.314,1.99
-2.487,0.338
-2.505,-0.934
-2.486,0.174
-2.513,0.948
-2.642,2.662
-2.691,2.188
-2.572,0.776
-2.709,-0.026
-2.734,-0.231
-2.815,2.479
3.087,2.754
3.094,-0.301
2.787,-0.022
2.858,1.26
2.769,0.813
2.552,2.247
2.661,-0.309
2.456,-0.019
2.436,-0.062
1.985,0.831
2.057,1.212
1.879,1.71
1.868,2.108
1.915,0.251
1.707,1.647
1.87,-0.596
1.628,-0.506
1.626,-1.171
1.148,-1.382
0.573,-1.531
0.445,-1.424
-0.062,-1.456
-0.642,-1.597
-0.652,-1.56
-1.015,-1.283
-1.724,-1.491
-1.884,-1.63
-1.824,-1.529
-2.048,-1.467
-2.227,-1.616
-2.516,-1.641
-2.82,-1.428
3.088,-1.59
2.841,-1.393
2.453,-1.499
2.062,-1.568
1.639,2.911
1.483,3.09
1.41,3.088
1.506,3.086
1.468,3.011
0.56,3.04
-1.237,2.894
-1.337,2.87
-1.494,2.977
-2.177,2.699
-2.799,2.993
2.949,2.802
0.493,2.146
0.343,2.369
0.343,-0.349
0.176,2.511
-2.656,1.382
3.079,2.165
2.944,2.169
-1.228,-0.143
-1.745,-0.112
-2.901,1.39
-2.897,1.495
2.359,1.012
2.372,1.816
2.215,0.979
2.22,1.982
1.159,-0.37
1.16,0.637
-1.208,0.789
1.261,2.793
-2.953,-1.118
-3.081,2.895
0.127,0.225
-0.09,-0.125
-0.098,0.812
-0.111,0.865
-0.004,2.812
-0.043,1.752
-0.147,1.397
-0.222,1.236
-0.214,2.828
-0.223,-0.216
-0.422,1.039
-0.31,1.253
-0.349,0.739
-0.533,3.658
-0.479,1.422
-0.547,3.748
-0.794,3.487
-0.953,1.797
-0.993,1.03
-1.139,0.004
-1.06,1.242
-1.252,1.851
-1.17,-0.078
-1.191,1.064
-1.352,1.317
-1.28,1.409
-1.388,3.325
-1.397,0.259
-1.41,3.05
-1.439,1.868
-1.505,1.306
-1.494,0.792
-1.463,1.947
-1.54,2.642
-1.933,1.543
-1.905,1.513
-2.009,0.897
-1.943,0.204
-1.967,3.122
-2.183,3.239
-2.088,-0.196
-2.224,0.277
-2.234,0.097
-2.164,2.474
-2.162,3.497
-2.352,3.353
-2.27,3.038
-2.443,1.386
-2.461,0.114
-2.442,1.222
-2.469,1.996
-2.598,3.71
-2.647,3.236
-2.528,1.824
-2.665,1.022
-2.69,0.817
-2.771,3.527
3.131,3.802
3.138,0.747
2.831,1.026
2.902,2.308
2.813,1.861
2.596,3.295
2.705,0.739
2.5,1.029
2.48,0.986
2.029,1.879
2.101,2.26
1.923,2.758
1.912,3.156
1.959,1.299
1.751,2.695
1.914,0.452
1.672,0.542
1.67,-0.123
1.192,-0.334
0.617,-0.483
0.489,-0.376
-0.018,-0.408
-0.598,-0.549
-0.608,-0.512
-0.971,-0.235
-1.68,-0.443
-1.84,-0.582
-1.78,-0.481
-2.004,-0.419
-2.183,-0.568
-2.472,-0.593
-2.776,-0.38
3.132,-0.542
2.885,-0.345
2.497,-0.451
2.106,-0.52
1.683,3.959
1.527,4.138
1.454,4.136
1.55,4.134
1.512,4.059
0.604,4.088
-1.193,3.942
-1.293,3.918
-1.45,4.025
-2.133,3.747
-2.755,4.041
2.993,3.85
0.537,3.194
0.387,3.417
0.387,0.699
0.22,3.559
-2.612,2.43
3.123,3.213
2.988,3.217
-1.184,0.905
-1.701,0.936
-2.857,2.438
-2.853,2.543
2.403,2.06
2.416,2.864
2.259,2.027
2.264,3.03
1.203,0.678
1.204,1.685
-1.164,1.837
1.305,3.841
-2.909,-0.07
-3.037,3.943
-0.217,-0.35
-0.225,0.587
-0.238,0.64
-0.131,2.587
-0.17,1.527
-0.274,1.172
-0.349,1.011
-0.341,2.603
-0.35,-0.441
-0.549,0.814
-0.437,1.028
-0.476,0.514
-0.66,3.433
-0.606,1.197
-0.674,3.523
-0.921,3.262
-1.08,1.572
-1.12,0.805
-1.266,-0.221
-1.187,1.017
-1.379,1.626
-1.297,-0.303
-1.318,0.839
-1.479,1.092
-1.407,1.184
-1.515,3.1
-1.524,0.034
-1.537,2.825
-1.566,1.643
-1.632,1.081
-1.621,0.567
-1.59,1.722
-1.667,2.417
-2.06,1.318
-2.032,1.288
-2.136,0.672
-2.07,-0.021
-2.094,2.897
-2.31,3.014
-2.215,-0.421
-2.351,0.052
-2.361,-0.128
-2.291,2.249
-2.289,3.272
-2.479,3.128
-2.397,2.813
-2.57,1.161
-2.588,-0.111
-2.569,0.997
-2.596,1.771
-2.725,3.485
-2.774,3.011
-2.655,1.599
-2.792,0.797
-2.817,0.592
-2.898,3.302
3.004,3.577
3.011,0.522
2.704,0.801
2.775,2.083
2.686,1.636
2.469,3.07
2.578,0.514
2.373,0.804
2.353,0.761
1.902,1.654
1.974,2.035
1.796,2.533
1.785,2.931
1.832,1.074
1.624,2.47
1.787,0.227
1.545,0.317
1.543,-0.348
1.065,-0.559
0.49,-0.708
0.362,-0.601
-0.145,-0.633
-0.725,-0.774
-0.735,-0.737
-1.098,-0.46
-1.807,-0.668
-1.967,-0.807
-1.907,-0.706
-2.131,-0.644
-2.31,-0.793
-2.599,-0.818
-2.903,-0.605
3.005,-0.767
2.758,-0.57
2.37,-0.676
1.979,-0.745
1.556,3.734
1.4,3.913
1.327,3.911
1.423,3.909
1.385,3.834
0.477,3.863
-1.32,3.717
-1.42,3.693
-1.577,3.8
-2.26,3.522
-2.882,3.816
2.866,3.625
0.41,2.969
0.26,3.192
0.26,0.474
0.093,3.334
-2.739,2.205
2.996,2.988
2.861,2.992
-1.311,0.68
-1.828,0.711
-2.984,2.213
-2.98,2.318
2.276,1.835
2.289,2.639
2.132,1.802
2.137,2.805
1.076,0.453
1.077,1.46
-1.291,1.612
1.178,3.616
-3.036,-0.295
3.119,3.718
-0.008,0.937
-0.021,0.99
0.086,2.937
0.047,1.877
-0.057,1.522
-0.132,1.361
-0.124,2.953
-0.133,-0.091
-0.332,1.164
-0.22,1.378
-0.259,0.864
-0.443,3.783
-0.389,1.547
-0.457,3.873
-0.704,3.612
-0.863,1.922
-0.903,1.155
-1.049,0.129
-0.97,1.367
-1.162,1.976
-1.08,0.047
-1.101,1.189
-1.262,1.442
-1.19,1.534
-1.298,3.45
-1.307,0.384
-1.32,3.175
-1.349,1.993
-1.415,1.431
-1.404,0.917
-1.373,2.072
-1.45,2.767
-1.843,1.668
-1.815,1.638
-1.919,1.022
-1.853,0.329
-1.877,3.247
-2.093,3.364
-1.998,-0.071
-2.134,0.402
-2.144,0.222
-2.074,2.599
-2.072,3.622
-2.262,3.478
-2.18,3.163
-2.353,1.511
-2.371,0.239
-2.352,1.347
-2.379,2.121
-2.508,3.835
-2.557,3.361
-2.438,1.949
-2.575,1.147
-2.6,0.942
-2.681,3.652
-3.062,3.927
-3.055,0.872
2.921,1.151
2.992,2.433
2.903,1.986
2.686,3.42
2.795,0.864
2.59,1.154
2.57,1.111
2.119,2.004
2.191,2.385
2.013,2.883
2.002,3.281
2.049,1.424
1.841,2.82
2.004,0.577
1.762,0.667
1.76,0.002
1.282,-0.209
0.707,-0.358
0.579,-0.251
0.072,-0.283
-0.508,-0.424
-0.518,-0.387
-0.881,-0.11
-1.59,-0.318
-1.75,-0.457
-1.69,-0.356
-1.914,-0.294
-2.093,-0.443
-2.382,-0.468
-2.686,-0.255
-3.061,-0.417
2.975,-0.22
2.587,-0.326
2.196,-0.395
1.773,4.084
1.617,4.263
1.544,4.261
1.64,4.259
1.602,4.184
0.694,4.213
-1.103,4.067
-1.203,4.043
-1.36,4.15
-2.043,3.872
-2.665,4.166
3.083,3.975
0.627,3.319
0.477,3.542
0.477,0.824
0.31,3.684
-2.522,2.555
-3.07,3.338
3.078,3.342
-1.094,1.03
-1.611,1.061
-2.767,2.563
-2.763,2.668
2.493,2.185
2.506,2.989
2.349,2.152
2.354,3.155
1.293,0.803
1.294,1.81
-1.074,1.962
1.395,3.966
-2.819,0.055
-2.947,4.068
-0.013,0.053
0.094,2.0
0.055,0.94
-0.049,0.585
-0.124,0.424
-0.116,2.016
-0.125,-1.028
-0.324,0.227
-0.212,0.441
-0.251,-0.073
-0.435,2.846
-0.381,0.61
-0.449,2.936
-0.696,2.675
-0.855,0.985
-0.895,0.218
-1.041,-0.808
-0.962,0.43
-1.154,1.039
-1.072,-0.89
-1.093,0.252
-1.254,0.505
-1.182,0.597
-1.29,2.513
-1.299,-0.553
-1.312,2.238
-1.341,1.056
-1.407,0.494
-1.396,-0.02
-1.365,1.135
-1.442,1.83
-1.835,0.731
-1.807,0.701
-1.911,0.085
-1.845,-0.608
-1.869,2.31
-2.085,2.427
-1.99,-1.008
-2.126,-0.535
-2.136,-0.715
-2.066,1.662
-2.064,2.685
-2.254,2.541
-2.172,2.226
-2.345,0.574
-2.363,-0.698
-2.344,0.41
-2.371,1.184
-2.5,2.898
-2.549,2.424
-2.43,1.012
-2.567,0.21
-2.592,0.005
-2.673,2.715
-3.054,2.99
-3.047,-0.065
2.929,0.214
3.0,1.496
2.911,1.049
2.694,2.483
2.803,-0.073
2.598,0.217
2.578,0.174
2.127,1.067
2.199,1.448
2.021,1.946
2.01,2.344
2.057,0.487
1.849,1.883
2.012,-0.36
1.77,-0.27
1.768,-0.935
1.29,-1.146
0.715,-1.295
0.587,-1.188
0.08,-1.22
-0.5,-1.361
-0.51,-1.324
-0.873,-1.047
-1.582,-1.255
-1.742,-1.394
-1.682,-1.293
-1.906,-1.231
-2.085,-1.38
-2.374,-1.405
-2.678,-1.192
-3.053,-1.354
2.983,-1.157
2.595,-1.263
2.204,-1.332
1.781,3.147
1.625,3.326
1.552,3.324
1.648,3.322
1.61,3.247
0.702,3.276
-1.095,3.13
-1.195,3.106
-1.352,3.213
-2.035,2.935
-2.657,3.229
3.091,3.038
0.635,2.382
0.485,2.605
0.485,-0.113
0.318,2.747
-2.514,1.618
-3.062,2.401
3.086,2.405
-1.086,0.093
-1.603,0.124
-2.759,1.626
-2.755,1.731
2.501,1.248
2.514,2.052
2.357,1.215
2.362,2.218
1.301,-0.134
1.302,0.873
-1.066,1.025
1.403,3.029
-2.811,-0.882
-2.939,3.131
0.107,1.947
0.068,0.887
-0.036,0.532
-0.111,0.371
-0.103,1.963
-0.112,-1.081
-0.311,0.174
-0.199,0.388
-0.238,-0.126
-0.422,2.793
-0.368,0.557
-0.436,2.883
-0.683,2.622
-0.842,0.932
-0.882,0.165
-1.028,-0.861
-0.949,0.377
-1.141,0.986
-1.059,-0.943
-1.08,0.199
-1.241,0.452
-1.169,0.544
-1.277,2.46
-1.286,-0.606
-1.299,2.185
-1.328,1.003
-1.394,0.441
-1.383,-0.073
-1.352,1.082
-1.429,1.777
-1.822,0.678
-1.794,0.648
-1.898,0.032
-1.832,-0.661
-1.856,2.257
-2.072,2.374
-1.977,-1.061
-2.113,-0.588
-2.123,-0.768
-2.053,1.609
-2.051,2.632
-2.241,2.488
-2.159,2.173
-2.332,0.521
-2.35,-0.751
-2.331,0.357
-2.358,1.131
-2.487,2.845
-2.536,2.371
-2.417,0.959
-2.554,0.157
-2.579,-0.048
-2.66,2.662
-3.041,2.937
-3.034,-0.118
2.942,0.161
3.013,1.443
2.924,0.996
2.707,2.43
2.816,-0.126
2.611,0.164
2.591,0.121
2.14,1.014
2.212,1.395
2.034,1.893
2.023,2.291
2.07,0.434
1.862,1.83
2.025,-0.413
1.783,-0.323
1.781,-0.988
1.303,-1.199
0.728,-1.348
0.6,-1.241
0.093,-1.273
-0.487,-1.414
-0.497,-1.377
-0.86,-1.1
-1.569,-1.308
-1.729,-1.447
-1.669,-1.346
-1.893,-1.284
-2.072,-1.433
-2.361,-1.458
-2.665,-1.245
-3.04,-1.407
2.996,-1.21
2.608,-1.316
2.217,-1.385
1.794,3.094
1.638,3.273
1.565,3.271
1.661,3.269
1.623,3.194
0.715,3.223
-1.082,3.077
-1.182,3.053
-1.339,3.16
-2.022,2.882
-2.644,3.176
3.104,2.985
0.648,2.329
0.498,2.552
0.498,-0.166
0.331,2.694
-2.501,1.565
-3.049,2.348
3.099,2.352
-1.073,0.04
-1.59,0.071
-2.746,1.573
-2.742,1.678
2.514,1.195
2.527,1.999
2.37,1.162
2.375,2.165
1.314,-0.187
1.315,0.82
-1.053,0.972
1.416,2.976
-2.798,-0.935
-2.926,3.078
-0.039,-1.06
-0.143,-1.415
-0.218,-1.576
-0.21,0.016
-0.219,-3.028
-0.418,-1.773
-0.306,-1.559
-0.345,-2.073
-0.529,0.846
-0.475,-1.39
-0.543,0.936
-0.79,0.675
-0.949,-1.015
-0.989,-1.782
-1.135,-2.808
-1.056,-1.57
-1.248,-0.961
-1.166,-2.89
-1.187,-1.748
-1.348,-1.495
-1.276,-1.403
-1.384,0.513
-1.393,-2.553
-1.406,0.238
-1.435,-0.944
-1.501,-1.506
-1.49,-2.02
-1.459,-0.865
-1.536,-0.17
-1.929,-1.269
-1.901,-1.299
-2.005,-1.915
-1.939,-2.608
-1.963,0.31
-2.179,0.427
-2.084,-3.008
-2.22,-2.535
-2.23,-2.715
-2.16,-0.338
-2.158,0.685
-2.348,0.541
-2.266,0.226
-2.439,-1.426
-2.457,-2.698
-2.438,-1.59
-2.465,-0.816
-2.594,0.898
-2.643,0.424
-2.524,-0.988
-2.661,-1.79
-2.686,-1.995
-2.767,0.715
3.135,0.99
-3.141,-2.065
2.835,-1.786
2.906,-0.504
2.817,-0.951
2.6,0.483
2.709,-2.073
2.504,-1.783
2.484,-1.826
2.033,-0.933
2.105,-0.552
1.927,-0.054
1.916,0.344
1.963,-1.513
1.755,-0.117
1.918,-2.36
1.676,-2.27
1.674,-2.935
1.196,-3.146
0.621,-3.295
0.493,-3.188
-0.014,-3.22
-0.594,-3.361
-0.604,-3.324
-0.967,-3.047
-1.676,-3.255
-1.836,-3.394
-1.776,-3.293
-2.0,-3.231
-2.179,-3.38
-2.468,-3.405
-2.772,-3.192
3.136,-3.354
2.889,-3.157
2.501,-3.263
2.11,-3.332
1.687,1.147
1.531,1.326
1.458,1.324
1.554,1.322
1.516,1.247
0.608,1.276
-1.189,1.13
-1.289,1.106
-1.446,1.213
-2.129,0.935
-2.751,1.229
2.997,1.038
0.541,0.382
0.391,0.605
0.391,-2.113
0.224,0.747
-2.608,-0.382
3.127,0.401
2.992,0.405
-1.18,-1.907
-1.697,-1.876
-2.853,-0.374
-2.849,-0.269
2.407,-0.752
2.42,0.052
2.263,-0.785
2.268,0.218
1.207,-2.134
1.208,-1.127
-1.16,-0.975
1.309,1.029
-2.905,-2.882
-3.033,1.131
-0.104,-0.355
-0.179,-0.516
-0.171,1.076
-0.18,-1.968
-0.379,-0.713
-0.267,-0.499
-0.306,-1.013
-0.49,1.906
-0.436,-0.33
-0.504,1.996
-0.751,1.735
-0.91,0.045
-0.95,-0.722
-1.096,-1.748
-1.017,-0.51
-1.209,0.099
-1.127,-1.83
-1.148,-0.688
-1.309,-0.435
-1.237,-0.343
-1.345,1.573
-1.354,-1.493
-1.367,1.298
-1.396,0.116
-1.462,-0.446
-1.451,-0.96
-1.42,0.195
-1.497,0.89
-1.89,-0.209
-1.862,-0.239
-1.966,-0.855
-1.9,-1.548
-1.924,1.37
-2.14,1.487
-2.045,-1.948
-2.181,-1.475
-2.191,-1.655
-2.121,0.722
-2.119,1.745
-2.309,1.601
-2.227,1.286
-2.4,-0.366
-2.418,-1.638
-2.399,-0.53
-2.426,0.244
-2.555,1.958
-2.604,1.484
-2.485,0.072
-2.622,-0.73
-2.647,-0.935
-2.728,1.775
-3.109,2.05
-3.102,-1.005
2.874,-0.726
2.945,0.556
2.856,0.109
2.639,1.543
2.748,-1.013
2.543,-0.723
2.523,-0.766
2.072,0.127
2.144,0.508
1.966,1.006
1.955,1.404
2.002,-0.453
1.794,0.943
1.957,-1.3
1.715,-1.21
1.713,-1.875
1.235,-2.086
0.66,-2.235
0.532,-2.128
0.025,-2.16
-0.555,-2.301
-0.565,-2.264
-0.928,-1.987
-1.637,-2.195
-1.797,-2.334
-1.737,-2.233
-1.961,-2.171
-2.14,-2.32
-2.429,-2.345
-2.733,-2.132
-3.108,-2.294
2.928,-2.097
2.54,-2.203
2.149,-2.272
1.726,2.207
1.57,2.386
1.497,2.384
1.593,2.382
1.555,2.307
0.647,2.336
-1.15,2.19
-1.25,2.166
-1.407,2.273
-2.09,1.995
-2.712,2.289
3.036,2.098
0.58,1.442
0.43,1.665
0.43,-1.053
0.263,1.807
-2.569,0.678
-3.117,1.461
3.031,1.465
-1.141,-0.847
-1.658,-0.816
-2.814,0.686
-2.81,0.791
2.446,0.308
2.459,1.112
2.302,0.275
2.307,1.278
1.246,-1.074
1.247,-0.067
-1.121,0.085
1.348,2.089
-2.866,-1.822
-2.994,2.191
-0.075,-0.161
-0.067,1.431
-0.076,-1.613
-0.275,-0.358
-0.163,-0.144
-0.202,-0.658
-0.386,2.261
-0.332,0.025
-0.4,2.351
-0.647,2.09
-0.806,0.4
-0.846,-0.367
-0.992,-1.393
-0.913,-0.155
-1.105,0.454
-1.023,-1.475
-1.044,-0.333
-1.205,-0.08
-1.133,0.012
-1.241,1.928
-1.25,-1.138
-1.263,1.653
-1.292,0.471
-1.358,-0.091
-1.347,-0.605
-1.316,0.55
-1.393,1.245
-1.786,0.146
-1.758,0.116
-1.862,-0.5
-1.796,-1.193
-1.82,1.725
-2.036,1.842
-1.941,-1.593
-2.077,-1.12
-2.087,-1.3
-2.017,1.077
-2.015,2.1
-2.205,1.956
-2.123,1.641
-2.296,-0.011
-2.314,-1.283
-2.295,-0.175
-2.322,0.599
-2.451,2.313
-2.5,1.839
-2.381,0.427
-2.518,-0.375
-2.543,-0.58
-2.624,2.13
-3.005,2.405
-2.998,-0.65
2.978,-0.371
3.049,0.911
2.96,0.464
2.743,1.898
2.852,-0.658
2.647,-0.368
2.627,-0.411
2.176,0.482
2.248,0.863
2.07,1.361
2.059,1.759
2.106,-0.098
1.898,1.298
2.061,-0.945
1.819,-0.855
1.817,-1.52
1.339,-1.731
0.764,-1.88
0.636,-1.773
0.129,-1.805
-0.451,-1.946
-0.461,-1.909
-0.824,-1.632
-1.533,-1.84
-1.693,-1.979
-1.633,-1.878
-1.857,-1.816
-2.036,-1.965
-2.325,-1.99
-2.629,-1.777
-3.004,-1.939
3.032,-1.742
2.644,-1.848
2.253,-1.917
1.83,2.562
1.674,2.741
1.601,2.739
1.697,2.737
1.659,2.662
0.751,2.691
-1.046,2.545
-1.146,2.521
-1.303,2.628
-1.986,2.35
-2.608,2.644
3.14,2.453
0.684,1.797
0.534,2.02
0.534,-0.698
0.367,2.162
-2.465,1.033
-3.013,1.816
3.135,1.82
-1.037,-0.492
-1.554,-0.461
-2.71,1.041
-2.706,1.146
2.55,0.663
2.563,1.467
2.406,0.63
2.411,1.633
1.35,-0.719
1.351,0.288
-1.017,0.44
1.452,2.444
-2.762,-1.467
-2.89,2.546
0.008,1.592
-0.001,-1.452
-0.2,-0.197
-0.088,0.017
-0.127,-0.497
-0.311,2.422
-0.257,0.186
-0.325,2.512
-0.572,2.251
-0.731,0.561
-0.771,-0.206
-0.917,-1.232
-0.838,0.006
-1.03,0.615
-0.948,-1.314
-0.969,-0.172
-1.13,0.081
-1.058,0.173
-1.166,2.089
-1.175,-0.977
-1.188,1.814
-1.217,0.632
-1.283,0.07
-1.272,-0.444
-1.241,0.711
-1.318,1.406
-1.711,0.307
-1.683,0.277
-1.787,-0.339
-1.721,-1.032
-1.745,1.886
-1.961,2.003
-1.866,-1.432
-2.002,-0.959
-2.012,-1.139
-1.942,1.238
-1.94,2.261
-2.13,2.117
-2.048,1.802
-2.221,0.15
-2.239,-1.122
-2.22,-0.014
-2.247,0.76
-2.376,2.474
-2.425,2.0
-2.306,0.588
-2.443,-0.214
-2.468,-0.419
-2.549,2.291
-2.93,2.566
-2.923,-0.489
3.053,-0.21
3.124,1.072
3.035,0.625
2.818,2.059
2.927,-0.497
2.722,-0.207
2.702,-0.25
2.251,0.643
2.323,1.024
2.145,1.522
2.134,1.92
2.181,0.063
1.973,1.459
2.136,-0.784
1.894,-0.694
1.892,-1.359
1.414,-1.57
0.839,-1.719
0.711,-1.612
0.204,-1.644
-0.376,-1.785
-0.386,-1.748
-0.749,-1.471
-1.458,-1.679
-1.618,-1.818
-1.558,-1.717
-1.782,-1.655
-1.961,-1.804
-2.25,-1.829
-2.554,-1.616
-2.929,-1.778
3.107,-1.581
2.719,-1.687
2.328,-1.756
1.905,2.723
1.749,2.902
1.676,2.9
1.772,2.898
1.734,2.823
0.826,2.852
-0.971,2.706
-1.071,2.682
-1.228,2.789
-1.911,2.511
-2.533,2.805
-3.068,2.614
0.759,1.958
0.609,2.181
0.609,-0.537
0.442,2.323
-2.39,1.194
-2.938,1.977
-3.073,1.981
-0.962,-0.331
-1.479,-0.3
-2.635,1.202
-2.631,1.307
2.625,0.824
2.638,1.628
2.481,0.791
2.486,1.794
1.425,-0.558
1.426,0.449
-0.942,0.601
1.527,2.605
-2.687,-1.306
-2.815,2.707
-0.009,-3.044
-0.208,-1.789
-0.096,-1.575
-0.135,-2.089
-0.319,0.83
-0.265,-1.406
-0.333,0.92
-0.58,0.659
-0.739,-1.031
-0.779,-1.798
-0.925,-2.824
-0.846,-1.586
-1.038,-0.977
-0.956,-2.906
-0.977,-1.764
-1.138,-1.511
-1.066,-1.419
-1.174,0.497
-1.183,-2.569
-1.196,0.222
-1.225,-0.96
-1.291,-1.522
-1.28,-2.036
-1.249,-0.881
-1.326,-0.186
-1.719,-1.285
-1.691,-1.315
-1.795,-1.931
-1.729,-2.624
-1.753,0.294
-1.969,0.411
-1.874,-3.024
-2.01,-2.551
-2.02,-2.731
-1.95,-0.354
-1.948,0.669
-2.138,0.525
-2.056,0.21
-2.229,-1.442
-2.247,-2.714
-2.228,-1.606
-2.255,-0.832
-2.384,0.882
-2.433,0.408
-2.314,-1.004
-2.451,-1.806
-2.476,-2.011
-2.557,0.699
-2.938,0.974
-2.931,-2.081
3.045,-1.802
3.116,-0.52
3.027,-0.967
2.81,0.467
2.919,-2.089
2.714,-1.799
2.694,-1.842
2.243,-0.949
2.315,-0.568
2.137,-0.07
2.126,0.328
2.173,-1.529
1.965,-0.133
2.128,-2.376
1.886,-2.286
1.884,-2.951
1.406,-3.162
0.831,-3.311
0.703,-3.204
0.196,-3.236
-0.384,-3.377
-0.394,-3.34
-0.757,-3.063
-1.466,-3.271
-1.626,-3.41
-1.566,-3.309
-1.79,-3.247
-1.969,-3.396
-2.258,-3.421
-2.562,-3.208
-2.937,-3.37
3.099,-3.173
2.711,-3.279
2.32,-3.348
1.897,1.131
1.741,1.31
1.668,1.308
1.764,1.306
1.726,1.231
0.818,1.26
-0.979,1.114
-1.079,1.09
-1.236,1.197
-1.919,0.919
-2.541,1.213
-3.076,1.022
0.751,0.366
0.601,0.589
0.601,-2.129
0.434,0.731
-2.398,-0.398
-2.946,0.385
-3.081,0.389
-0.97,-1.923
-1.487,-1.892
-2.643,-0.39
-2.639,-0.285
2.617,-0.768
2.63,0.036
2.473,-0.801
2.478,0.202
1.417,-2.15
1.418,-1.143
-0.95,-0.991
1.519,1.013
-2.695,-2.898
-2.823,1.115
-0.199,1.255
-0.087,1.469
-0.126,0.955
-0.31,3.874
-0.256,1.638
-0.324,3.964
-0.571,3.703
-0.73,2.013
-0.77,1.246
-0.916,0.22
-0.837,1.458
-1.029,2.067
-0.947,0.138
-0.968,1.28
-1.129,1.533
-1.057,1.625
-1.165,3.541
-1.174,0.475
-1.187,3.266
-1.216,2.084
-1.282,1.522
-1.271,1.008
-1.24,2.163
-1.317,2.858
-1.71,1.759
-1.682,1.729
-1.786,1.113
-1.72,0.42
-1.744,3.338
-1.96,3.455
-1.865,0.02
-2.001,0.493
-2.011,0.313
-1.941,2.69
-1.939,3.713
-2.129,3.569
-2.047,3.254
-2.22,1.602
-2.238,0.33
-2.219,1.438
-2.246,2.212
-2.375,3.926
-2.424,3.452
-2.305,2.04
-2.442,1.238
-2.467,1.033
-2.548,3.743
-2.929,4.018
-2.922,0.963
3.054,1.242
3.125,2.524
3.036,2.077
2.819,3.511
2.928,0.955
2.723,1.245
2.703,1.202
2.252,2.095
2.324,2.476
2.146,2.974
2.135,3.372
2.182,1.515
1.974,2.911
2.137,0.668
1.895,0.758
1.893,0.093
1.415,-0.118
0.84,-0.267
0.712,-0.16
0.205,-0.192
-0.375,-0.333
-0.385,-0.296
-0.748,-0.019
-1.457,-0.227
-1.617,-0.366
-1.557,-0.265
-1.781,-0.203
-1.96,-0.352
-2.249,-0.377
-2.553,-0.164
-2.928,-0.326
3.108,-0.129
2.72,-0.235
2.329,-0.304
1.906,4.175
1.75,4.354
1.677,4.352
1.773,4.35
1.735,4.275
0.827,4.304
-0.97,4.158
-1.07,4.134
-1.227,4.241
-1.91,3.963
-2.532,4.257
-3.067,4.066
0.76,3.41
0.61,3.633
0.61,0.915
0.443,3.775
-2.389,2.646
-2.937,3.429
-3.072,3.433
-0.961,1.121
-1.478,1.152
-2.634,2.654
-2.63,2.759
2.626,2.276
2.639,3.08
2.482,2.243
2.487,3.246
1.426,0.894
1.427,1.901
-0.941,2.053
1.528,4.057
-2.686,0.146
-2.814,4.159
0.112,0.214
0.073,-0.3
-0.111,2.619
-0.057,0.383
-0.125,2.709
-0.372,2.448
-0.531,0.758
-0.571,-0.009
-0.717,-1.035
-0.638,0.203
-0.83,0.812
-0.748,-1.117
-0.769,0.025
-0.93,0.278
-0.858,0.37
-0.966,2.286
-0.975,-0.78
-0.988,2.011
-1.017,0.829
-1.083,0.267
-1.072,-0.247
-1.041,0.908
-1.118,1.603
-1.511,0.504
-1.483,0.474
-1.587,-0.142
-1.521,-0.835
-1.545,2.083
-1.761,2.2
-1.666,-1.235
-1.802,-0.762
-1.812,-0.942
-1.742,1.435
-1.74,2.458
-1.93,2.314
-1.848,1.999
-2.021,0.347
-2.039,-0.925
-2.02,0.183
-2.047,0.957
-2.176,2.671
-2.225,2.197
-2.106,0.785
-2.243,-0.017
-2.268,-0.222
-2.349,2.488
-2.73,2.763
-2.723,-0.292
-3.03,-0.013
-2.959,1.269
-3.048,0.822
3.018,2.256
3.127,-0.3
2.922,-0.01
2.902,-0.053
2.451,0.84
2.523,1.221
2.345,1.719
2.334,2.117
2.381,0.26
2.173,1.656
2.336,-0.587
2.094,-0.497
2.092,-1.162
1.614,-1.373
1.039,-1.522
0.911,-1.415
0.404,-1.447
-0.176,-1.588
-0.186,-1.551
-0.549,-1.274
-1.258,-1.482
-1.418,-1.621
-1.358,-1.52
-1.582,-1.458
-1.761,-1.607
-2.05,-1.632
-2.354,-1.419
-2.729,-1.581
-2.976,-1.384
2.919,-1.49
2.528,-1.559
2.105,2.92
1.949,3.099
1.876,3.097
1.972,3.095
1.934,3.02
1.026,3.049
-0.771,2.903
-0.871,2.879
-1.028,2.986
-1.711,2.708
-2.333,3.002
-2.868,2.811
0.959,2.155
0.809,2.378
0.809,-0.34
0.642,2.52
-2.19,1.391
-2.738,2.174
-2.873,2.178
-0.762,-0.134
-1.279,-0.103
-2.435,1.399
-2.431,1.504
2.825,1.021
2.838,1.825
2.681,0.988
2.686,1.991
1.625,-0.361
1.626,0.646
-0.742,0.798
1.727,2.802
-2.487,-1.109
-2.615,2.904
-0.039,-0.514
-0.223,2.405
-0.169,0.169
-0.237,2.495
-0.484,2.234
-0.643,0.544
-0.683,-0.223
-0.829,-1.249
-0.75,-0.011
-0.942,0.598
-0.86,-1.331
-0.881,-0.189
-1.042,0.064
-0.97,0.156
-1.078,2.072
-1.087,-0.994
-1.1,1.797
-1.129,0.615
-1.195,0.053
-1.184,-0.461
-1.153,0.694
-1.23,1.389
-1.623,0.29
-1.595,0.26
-1.699,-0.356
-1.633,-1.049
-1.657,1.869
-1.873,1.986
-1.778,-1.449
-1.914,-0.976
-1.924,-1.156
-1.854,1.221
-1.852,2.244
-2.042,2.1
-1.96,1.785
-2.133,0.133
-2.151,-1.139
-2.132,-0.031
-2.159,0.743
-2.288,2.457
-2.337,1.983
-2.218,0.571
-2.355,-0.231
-2.38,-0.436
-2.461,2.274
-2.842,2.549
-2.835,-0.506
3.141,-0.227
-3.071,1.055
3.123,0.608
2.906,2.042
3.015,-0.514
2.81,-0.224
2.79,-0.267
2.339,0.626
2.411,1.007
2.233,1.505
2.222,1.903
2.269,0.046
2.061,1.442
2.224,-0.801
1.982,-0.711
1.98,-1.376
1.502,-1.587
0.927,-1.736
0.799,-1.629
0.292,-1.661
-0.288,-1.802
-0.298,-1.765
-0.661,-1.488
-1.37,-1.696
-1.53,-1.835
-1.47,-1.734
-1.694,-1.672
-1.873,-1.821
-2.162,-1.846
-2.466,-1.633
-2.841,-1.795
-3.088,-1.598
2.807,-1.704
2.416,-1.773
1.993,2.706
1.837,2.885
1.764,2.883
1.86,2.881
1.822,2.806
0.914,2.835
-0.883,2.689
-0.983,2.665
-1.14,2.772
-1.823,2.494
-2.445,2.788
-2.98,2.597
0.847,1.941
0.697,2.164
0.697,-0.554
0.53,2.306
-2.302,1.177
-2.85,1.96
-2.985,1.964
-0.874,-0.348
-1.391,-0.317
-2.547,1.185
-2.543,1.29
2.713,0.807
2.726,1.611
2.569,0.774
2.574,1.777
1.513,-0.575
1.514,0.432
-0.854,0.584
1.615,2.588
-2.599,-1.323
-2.727,2.69
-0.184,2.919
-0.13,0.683
-0.198,3.009
-0.445,2.748
-0.604,1.058
-0.644,0.291
-0.79,-0.735
-0.711,0.503
-0.903,1.112
-0.821,-0.817
-0.842,0.325
-1.003,0.578
-0.931,0.67
-1.039,2.586
-1.048,-0.48
-1.061,2.311
-1.09,1.129
-1.156,0.567
-1.145,0.053
-1.114,1.208
-1.191,1.903
-1.584,0.804
-1.556,0.774
-1.66,0.158
-1.594,-0.535
-1.618,2.383
-1.834,2.5
-1.739,-0.935
-1.875,-0.462
-1.885,-0.642
-1.815,1.735
-1.813,2.758
-2.003,2.614
-1.921,2.299
-2.094,0.647
-2.112,-0.625
-2.093,0.483
-2.12,1.257
-2.249,2.971
-2.298,2.497
-2.179,1.085
-2.316,0.283
-2.341,0.078
-2.422,2.788
-2.803,3.063
-2.796,0.008
-3.103,0.287
-3.032,1.569
-3.121,1.122
2.945,2.556
3.054,0.0
2.849,0.29
2.829,0.247
2.378,1.14
2.45,1.521
2.272,2.019
2.261,2.417
2.308,0.56
2.1,1.956
2.263,-0.287
2.021,-0.197
2.019,-0.862
1.541,-1.073
0.966,-1.222
0.838,-1.115
0.331,-1.147
-0.249,-1.288
-0.259,-1.251
-0.622,-0.974
-1.331,-1.182
-1.491,-1.321
-1.431,-1.22
-1.655,-1.158
-1.834,-1.307
-2.123,-1.332
-2.427,-1.119
-2.802,-1.281
-3.049,-1.084
2.846,-1.19
2.455,-1.259
2.032,3.22
1.876,3.399
1.803,3.397
1.899,3.395
1.861,3.32
0.953,3.349
-0.844,3.203
-0.944,3.179
-1.101,3.286
-1.784,3.008
-2.406,3.302
-2.941,3.111
0.886,2.455
0.736,2.678
0.736,-0.04
0.569,2.82
-2.263,1.691
-2.811,2.474
-2.946,2.478
-0.835,0.166
-1.352,0.197
-2.508,1.699
-2.504,1.804
2.752,1.321
2.765,2.125
2.608,1.288
2.613,2.291
1.552,-0.061
1.553,0.946
-0.815,1.098
1.654,3.102
-2.56,-0.809
-2.688,3.204
0.054,-2.236
-0.014,0.09
-0.261,-0.171
-0.42,-1.861
-0.46,-2.628
-0.606,-3.654
-0.527,-2.416
-0.719,-1.807
-0.637,-3.736
-0.658,-2.594
-0.819,-2.341
-0.747,-2.249
-0.855,-0.333
-0.864,-3.399
-0.877,-0.608
-0.906,-1.79
-0.972,-2.352
-0.961,-2.866
-0.93,-1.711
-1.007,-1.016
-1.4,-2.115
-1.372,-2.145
-1.476,-2.761
-1.41,-3.454
-1.434,-0.536
-1.65,-0.419
-1.555,-3.854
-1.691,-3.381
-1.701,-3.561
-1.631,-1.184
-1.629,-0.161
-1.819,-0.305
-1.737,-0.62
-1.91,-2.272
-1.928,-3.544
-1.909,-2.436
-1.936,-1.662
-2.065,0.052
-2.114,-0.422
-1.995,-1.834
-2.132,-2.636
-2.157,-2.841
-2.238,-0.131
-2.619,0.144
-2.612,-2.911
-2.919,-2.632
-2.848,-1.35
-2.937,-1.797
3.129,-0.363
-3.045,-2.919
3.033,-2.629
3.013,-2.672
2.562,-1.779
2.634,-1.398
2.456,-0.9
2.445,-0.502
2.492,-2.359
2.284,-0.963
2.447,-3.206
2.205,-3.116
2.203,-3.781
1.725,-3.992
1.15,-4.141
1.022,-4.034
0.515,-4.066
-0.065,-4.207
-0.075,-4.17
-0.438,-3.893
-1.147,-4.101
-1.307,-4.24
-1.247,-4.139
-1.471,-4.077
-1.65,-4.226
-1.939,-4.251
-2.243,-4.038
-2.618,-4.2
-2.865,-4.003
3.03,-4.109
2.639,-4.178
2.216,0.301
2.06,0.48
1.987,0.478
2.083,0.476
2.045,0.401
1.137,0.43
-0.66,0.284
-0.76,0.26
-0.917,0.367
-1.6,0.089
-2.222,0.383
-2.757,0.192
1.07,-0.464
0.92,-0.241
0.92,-2.959
0.753,-0.099
-2.079,-1.228
-2.627,-0.445
-2.762,-0.441
-0.651,-2.753
-1.168,-2.722
-2.324,-1.22
-2.32,-1.115
2.936,-1.598
2.949,-0.794
2.792,-1.631
2.797,-0.628
1.736,-2.98
1.737,-1.973
-0.631,-1.821
1.838,0.183
-2.376,-3.728
-2.504,0.285
-0.068,2.326
-0.315,2.065
-0.474,0.375
-0.514,-0.392
-0.66,-1.418
-0.581,-0.18
-0.773,0.429
-0.691,-1.5
-0.712,-0.358
-0.873,-0.105
-0.801,-0.013
-0.909,1.903
-0.918,-1.163
-0.931,1.628
-0.96,0.446
-1.026,-0.116
-1.015,-0.63
-0.984,0.525
-1.061,1.22
-1.454,0.121
-1.426,0.091
-1.53,-0.525
-1.464,-1.218
-1.488,1.7
-1.704,1.817
-1.609,-1.618
-1.745,-1.145
-1.755,-1.325
-1.685,1.052
-1.683,2.075
-1.873,1.931
-1.791,1.616
-1.964,-0.036
-1.982,-1.308
-1.963,-0.2
-1.99,0.574
-2.119,2.288
-2.168,1.814
-2.049,0.402
-2.186,-0.4
-2.211,-0.605
-2.292,2.105
-2.673,2.38
-2.666,-0.675
-2.973,-0.396
-2.902,0.886
-2.991,0.439
3.075,1.873
-3.099,-0.683
2.979,-0.393
2.959,-0.436
2.508,0.457
2.58,0.838
2.402,1.336
2.391,1.734
2.438,-0.123
2.23,1.273
2.393,-0.97
2.151,-0.88
2.149,-1.545
1.671,-1.756
1.096,-1.905
0.968,-1.798
0.461,-1.83
-0.119,-1.971
-0.129,-1.934
-0.492,-1.657
-1.201,-1.865
-1.361,-2.004
-1.301,-1.903
-1.525,-1.841
-1.704,-1.99
-1.993,-2.015
-2.297,-1.802
-2.672,-1.964
-2.919,-1.767
2.976,-1.873
2.585,-1.942
2.162,2.537
2.006,2.716
1.933,2.714
2.029,2.712
1.991,2.637
1.083,2.666
-0.714,2.52
-0.814,2.496
-0.971,2.603
-1.654,2.325
-2.276,2.619
-2.811,2.428
1.016,1.772
0.866,1.995
0.866,-0.723
0.699,2.137
-2.133,1.008
-2.681,1.791
-2.816,1.795
-0.705,-0.517
-1.222,-0.486
-2.378,1.016
-2.374,1.121
2.882,0.638
2.895,1.442
2.738,0.605
2.743,1.608
1.682,-0.744
1.683,0.263
-0.685,0.415
1.784,2.419
-2.43,-1.492
-2.558,2.521
-0.247,-0.261
-0.406,-1.951
-0.446,-2.718
-0.592,-3.744
-0.513,-2.506
-0.705,-1.897
-0.623,-3.826
-0.644,-2.684
-0.805,-2.431
-0.733,-2.339
-0.841,-0.423
-0.85,-3.489
-0.863,-0.698
-0.892,-1.88
-0.958,-2.442
-0.947,-2.956
-0.916,-1.801
-0.993,-1.106
-1.386,-2.205
-1.358,-2.235
-1.462,-2.851
-1.396,-3.544
-1.42,-0.626
-1.636,-0.509
-1.541,-3.944
-1.677,-3.471
-1.687,-3.651
-1.617,-1.274
-1.615,-0.251
-1.805,-0.395
-1.723,-0.71
-1.896,-2.362
-1.914,-3.634
-1.895,-2.526
-1.922,-1.752
-2.051,-0.038
-2.1,-0.512
-1.981,-1.924
-2.118,-2.726
-2.143,-2.931
-2.224,-0.221
-2.605,0.054
-2.598,-3.001
-2.905,-2.722
-2.834,-1.44
-2.923,-1.887
-3.14,-0.453
-3.031,-3.009
3.047,-2.719
3.027,-2.762
2.576,-1.869
2.648,-1.488
2.47,-0.99
2.459,-0.592
2.506,-2.449
2.298,-1.053
2.461,-3.296
2.219,-3.206
2.217,-3.871
1.739,-4.082
1.164,-4.231
1.036,-4.124
0.529,-4.156
-0.051,-4.297
-0.061,-4.26
-0.424,-3.983
-1.133,-4.191
-1.293,-4.33
-1.233,-4.229
-1.457,-4.167
-1.636,-4.316
-1.925,-4.341
-2.229,-4.128
-2.604,-4.29
-2.851,-4.093
3.044,-4.199
2.653,-4.268
2.23,0.211
2.074,0.39
2.001,0.388
2.097,0.386
2.059,0.311
1.151,0.34
-0.646,0.194
-0.746,0.17
-0.903,0.277
-1.586,-0.001
-2.208,0.293
-2.743,0.102
1.084,-0.554
0.934,-0.331
0.934,-3.049
0.767,-0.189
-2.065,-1.318
-2.613,-0.535
-2.748,-0.531
-0.637,-2.843
-1.154,-2.812
-2.31,-1.31
-2.306,-1.205
2.95,-1.688
2.963,-0.884
2.806,-1.721
2.811,-0.718
1.75,-3.07
1.751,-2.063
-0.617,-1.911
1.852,0.093
-2.362,-3.818
-2.49,0.195
-0.159,-1.69
-0.199,-2.457
-0.345,-3.483
-0.266,-2.245
-0.458,-1.636
-0.376,-3.565
-0.397,-2.423
-0.558,-2.17
-0.486,-2.078
-0.594,-0.162
-0.603,-3.228
-0.616,-0.437
-0.645,-1.619
-0.711,-2.181
-0.7,-2.695
-0.669,-1.54
-0.746,-0.845
-1.139,-1.944
-1.111,-1.974
-1.215,-2.59
-1.149,-3.283
-1.173,-0.365
-1.389,-0.248
-1.294,-3.683
-1.43,-3.21
-1.44,-3.39
-1.37,-1.013
-1.368,0.01
-1.558,-0.134
-1.476,-0.449
-1.649,-2.101
-1.667,-3.373
-1.648,-2.265
-1.675,-1.491
-1.804,0.223
-1.853,-0.251
-1.734,-1.663
-1.871,-2.465
-1.896,-2.67
-1.977,0.04
-2.358,0.315
-2.351,-2.74
-2.658,-2.461
-2.587,-1.179
-2.676,-1.626
-2.893,-0.192
-2.784,-2.748
-2.989,-2.458
-3.009,-2.501
2.823,-1.608
2.895,-1.227
2.717,-0.729
2.706,-0.331
2.753,-2.188
2.545,-0.792
2.708,-3.035
2.466,-2.945
2.464,-3.61
1.986,-3.821
1.411,-3.97
1.283,-3.863
0.776,-3.895
0.196,-4.036
0.186,-3.999
-0.177,-3.722
-0.886,-3.93
-1.046,-4.069
-0.986,-3.968
-1.21,-3.906
-1.389,-4.055
-1.678,-4.08
-1.982,-3.867
-2.357,-4.029
-2.604,-3.832
-2.992,-3.938
2.9,-4.007
2.477,0.472
2.321,0.651
2.248,0.649
2.344,0.647
2.306,0.572
1.398,0.601
-0.399,0.455
-0.499,0.431
-0.656,0.538
-1.339,0.26
-1.961,0.554
-2.496,0.363
1.331,-0.293
1.181,-0.07
1.181,-2.788
1.014,0.072
-1.818,-1.057
-2.366,-0.274
-2.501,-0.27
-0.39,-2.582
-0.907,-2.551
-2.063,-1.049
-2.059,-0.944
-3.086,-1.427
-3.073,-0.623
3.053,-1.46
3.058,-0.457
1.997,-2.809
1.998,-1.802
-0.37,-1.65
2.099,0.354
-2.115,-3.557
-2.243,0.456
-0.04,-0.767
-0.186,-1.793
-0.107,-0.555
-0.299,0.054
-0.217,-1.875
-0.238,-0.733
-0.399,-0.48
-0.327,-0.388
-0.435,1.528
-0.444,-1.538
-0.457,1.253
-0.486,0.071
-0.552,-0.491
-0.541,-1.005
-0.51,0.15
-0.587,0.845
-0.98,-0.254
-0.952,-0.284
-1.056,-0.9
-0.99,-1.593
-1.014,1.325
-1.23,1.442
-1.135,-1.993
-1.271,-1.52
-1.281,-1.7
-1.211,0.677
-1.209,1.7
-1.399,1.556
-1.317,1.241
-1.49,-0.411
-1.508,-1.683
-1.489,-0.575
-1.516,0.199
-1.645,1.913
-1.694,1.439
-1.575,0.027
-1.712,-0.775
-1.737,-0.98
-1.818,1.73
-2.199,2.005
-2.192,-1.05
-2.499,-0.771
-2.428,0.511
-2.517,0.064
-2.734,1.498
-2.625,-1.058
-2.83,-0.768
-2.85,-0.811
2.982,0.082
3.054,0.463
2.876,0.961
2.865,1.359
2.912,-0.498
2.704,0.898
2.867,-1.345
2.625,-1.255
2.623,-1.92
2.145,-2.131
1.57,-2.28
1.442,-2.173
0.935,-2.205
0.355,-2.346
0.345,-2.309
-0.018,-2.032
-0.727,-2.24
-0.887,-2.379
-0.827,-2.278
-1.051,-2.216
-1.23,-2.365
-1.519,-2.39
-1.823,-2.177
-2.198,-2.339
-2.445,-2.142
-2.833,-2.248
3.059,-2.317
2.636,2.162
2.48,2.341
2.407,2.339
2.503,2.337
2.465,2.262
1.557,2.291
-0.24,2.145
-0.34,2.121
-0.497,2.228
-1.18,1.95
-1.802,2.244
-2.337,2.053
1.49,1.397
1.34,1.62
1.34,-1.098
1.173,1.762
-1.659,0.633
-2.207,1.416
-2.342,1.42
-0.231,-0.892
-0.748,-0.861
-1.904,0.641
-1.9,0.746
-2.927,0.263
-2.914,1.067
-3.071,0.23
-3.066,1.233
2.156,-1.119
2.157,-0.112
-0.211,0.04
2.258,2.044
-1.956,-1.867
-2.084,2.146
-0.146,-1.026
-0.067,0.212
-0.259,0.821
-0.177,-1.108
-0.198,0.034
-0.359,0.287
-0.287,0.379
-0.395,2.295
-0.404,-0.771
-0.417,2.02
-0.446,0.838
-0.512,0.276
-0.501,-0.238
-0.47,0.917
-0.547,1.612
-0.94,0.513
-0.912,0.483
-1.016,-0.133
-0.95,-0.826
-0.974,2.092
-1.19,2.209
-1.095,-1.226
-1.231,-0.753
-1.241,-0.933
-1.171,1.444
-1.169,2.467
-1.359,2.323
-1.277,2.008
-1.45,0.356
-1.468,-0.916
-1.449,0.192
-1.476,0.966
-1.605,2.68
-1.654,2.206
-1.535,0.794
-1.672,-0.008
-1.697,-0.213
-1.778,2.497
-2.159,2.772
-2.152,-0.283
-2.459,-0.004
-2.388,1.278
-2.477,0.831
-2.694,2.265
-2.585,-0.291
-2.79,-0.001
-2.81,-0.044
3.022,0.849
3.094,1.23
2.916,1.728
2.905,2.126
2.952,0.269
2.744,1.665
2.907,-0.578
2.665,-0.488
2.663,-1.153
2.185,-1.364
1.61,-1.513
1.482,-1.406
0.975,-1.438
0.395,-1.579
0.385,-1.542
0.022,-1.265
-0.687,-1.473
-0.847,-1.612
-0.787,-1.511
-1.011,-1.449
-1.19,-1.598
-1.479,-1.623
-1.783,-1.41
-2.158,-1.572
-2.405,-1.375
-2.793,-1.481
3.099,-1.55
2.676,2.929
2.52,3.108
2.447,3.106
2.543,3.104
2.505,3.029
1.597,3.058
-0.2,2.912
-0.3,2.888
-0.457,2.995
-1.14,2.717
-1.762,3.011
-2.297,2.82
1.53,2.164
1.38,2.387
1.38,-0.331
1.213,2.529
-1.619,1.4
-2.167,2.183
-2.302,2.187
-0.191,-0.125
-0.708,-0.094
-1.864,1.408
-1.86,1.513
-2.887,1.03
-2.874,1.834
-3.031,0.997
-3.026,2.0
2.196,-0.352
2.197,0.655
-0.171,0.807
2.298,2.811
-1.916,-1.1
-2.044,2.913
0.079,1.238
-0.113,1.847
-0.031,-0.082
-0.052,1.06
-0.213,1.313
-0.141,1.405
-0.249,3.321
-0.258,0.255
-0.271,3.046
-0.3,1.864
-0.366,1.302
-0.355,0.788
-0.324,1.943
-0.401,2.638
-0.794,1.539
-0.766,1.509
-0.87,0.893
-0.804,0.2
-0.828,3.118
-1.044,3.235
-0.949,-0.2
-1.085,0.273
-1.095,0.093
-1.025,2.47
-1.023,3.493
-1.213,3.349
-1.131,3.034
-1.304,1.382
-1.322,0.11
-1.303,1.218
-1.33,1.992
-1.459,3.706
-1.508,3.232
-1.389,1.82
-1.526,1.018
-1.551,0.813
-1.632,3.523
-2.013,3.798
-2.006,0.743
-2.313,1.022
-2.242,2.304
-2.331,1.857
-2.548,3.291
-2.439,0.735
-2.644,1.025
-2.664,0.982
-3.115,1.875
-3.043,2.256
3.062,2.754
3.051,3.152
3.098,1.295
2.89,2.691
3.053,0.448
2.811,0.538
2.809,-0.127
2.331,-0.338
1.756,-0.487
1.628,-0.38
1.121,-0.412
0.541,-0.553
0.531,-0.516
0.168,-0.239
-0.541,-0.447
-0.701,-0.586
-0.641,-0.485
-0.865,-0.423
-1.044,-0.572
-1.333,-0.597
-1.637,-0.384
-2.012,-0.546
-2.259,-0.349
-2.647,-0.455
-3.038,-0.524
2.822,3.955
2.666,4.134
2.593,4.132
2.689,4.13
2.651,4.055
1.743,4.084
-0.054,3.938
-0.154,3.914
-0.311,4.021
-0.994,3.743
-1.616,4.037
-2.151,3.846
1.676,3.19
1.526,3.413
1.526,0.695
1.359,3.555
-1.473,2.426
-2.021,3.209
-2.156,3.213
-0.045,0.901
-0.562,0.932
-1.718,2.434
-1.714,2.539
-2.741,2.056
-2.728,2.86
-2.885,2.023
-2.88,3.026
2.342,0.674
2.343,1.681
-0.025,1.833
2.444,3.837
-1.77,-0.074
-1.898,3.939
-0.192,0.609
-0.11,-1.32
-0.131,-0.178
-0.292,0.075
-0.22,0.167
-0.328,2.083
-0.337,-0.983
-0.35,1.808
-0.379,0.626
-0.445,0.064
-0.434,-0.45
-0.403,0.705
-0.48,1.4
-0.873,0.301
-0.845,0.271
-0.949,-0.345
-0.883,-1.038
-0.907,1.88
-1.123,1.997
-1.028,-1.438
-1.164,-0.965
-1.174,-1.145
-1.104,1.232
-1.102,2.255
-1.292,2.111
-1.21,1.796
-1.383,0.144
-1.401,-1.128
-1.382,-0.02
-1.409,0.754
-1.538,2.468
-1.587,1.994
-1.468,0.582
-1.605,-0.22
-1.63,-0.425
-1.711,2.285
-2.092,2.56
-2.085,-0.495
-2.392,-0.216
-2.321,1.066
-2.41,0.619
-2.627,2.053
-2.518,-0.503
-2.723,-0.213
-2.743,-0.256
3.089,0.637
-3.122,1.018
2.983,1.516
2.972,1.914
3.019,0.057
2.811,1.453
2.974,-0.79
2.732,-0.7
2.73,-1.365
2.252,-1.576
1.677,-1.725
1.549,-1.618
1.042,-1.65
0.462,-1.791
0.452,-1.754
0.089,-1.477
-0.62,-1.685
-0.78,-1.824
-0.72,-1.723
-0.944,-1.661
-1.123,-1.81
-1.412,-1.835
-1.716,-1.622
-2.091,-1.784
-2.338,-1.587
-2.726,-1.693
-3.117,-1.762
2.743,2.717
2.587,2.896
2.514,2.894
2.61,2.892
2.572,2.817
1.664,2.846
-0.133,2.7
-0.233,2.676
-0.39,2.783
-1.073,2.505
-1.695,2.799
-2.23,2.608
1.597,1.952
1.447,2.175
1.447,-0.543
1.28,2.317
-1.552,1.188
-2.1,1.971
-2.235,1.975
-0.124,-0.337
-0.641,-0.306
-1.797,1.196
-1.793,1.301
-2.82,0.818
-2.807,1.622
-2.964,0.785
-2.959,1.788
2.263,-0.564
2.264,0.443
-0.104,0.595
2.365,2.599
-1.849,-1.312
-1.977,2.701
0.082,-1.929
0.061,-0.787
-0.1,-0.534
-0.028,-0.442
-0.136,1.474
-0.145,-1.592
-0.158,1.199
-0.187,0.017
-0.253,-0.545
-0.242,-1.059
-0.211,0.096
-0.288,0.791
-0.681,-0.308
-0.653,-0.338
-0.757,-0.954
-0.691,-1.647
-0.715,1.271
-0.931,1.388
-0.836,-2.047
-0.972,-1.574
-0.982,-1.754
-0.912,0.623
-0.91,1.646
-1.1,1.502
-1.018,1.187
-1.191,-0.465
-1.209,-1.737
-1.19,-0.629
-1.217,0.145
-1.346,1.859
-1.395,1.385
-1.276,-0.027
-1.413,-0.829
-1.438,-1.034
-1.519,1.676
-1.9,1.951
-1.893,-1.104
-2.2,-0.825
-2.129,0.457
-2.218,0.01
-2.435,1.444
-2.326,-1.112
-2.531,-0.822
-2.551,-0.865
-3.002,0.028
-2.93,0.409
-3.108,0.907
-3.119,1.305
-3.072,-0.552
3.003,0.844
-3.117,-1.399
2.924,-1.309
2.922,-1.974
2.444,-2.185
1.869,-2.334
1.741,-2.227
1.234,-2.259
0.654,-2.4
0.644,-2.363
0.281,-2.086
-0.428,-2.294
-0.588,-2.433
-0.528,-2.332
-0.752,-2.27
-0.931,-2.419
-1.22,-2.444
-1.524,-2.231
-1.899,-2.393
-2.146,-2.196
-2.534,-2.302
-2.925,-2.371
2.935,2.108
2.779,2.287
2.706,2.285
2.802,2.283
2.764,2.208
1.856,2.237
0.059,2.091
-0.041,2.067
-0.198,2.174
-0.881,1.896
-1.503,2.19
-2.038,1.999
1.789,1.343
1.639,1.566
1.639,-1.152
1.472,1.708
-1.36,0.579
-1.908,1.362
-2.043,1.366
0.068,-0.946
-0.449,-0.915
-1.605,0.587
-1.601,0.692
-2.628,0.209
-2.615,1.013
-2.772,0.176
-2.767,1.179
2.455,-1.173
2.456,-0.166
0.088,-0.014
2.557,1.99
-1.657,-1.921
-1.785,2.092
-0.021,1.142
-0.182,1.395
-0.11,1.487
-0.218,3.403
-0.227,0.337
-0.24,3.128
-0.269,1.946
-0.335,1.384
-0.324,0.87
-0.293,2.025
-0.37,2.72
-0.763,1.621
-0.735,1.591
-0.839,0.975
-0.773,0.282
-0.797,3.2
-1.013,3.317
-0.918,-0.118
-1.054,0.355
-1.064,0.175
-0.994,2.552
-0.992,3.575
-1.182,3.431
-1.1,3.116
-1.273,1.464
-1.291,0.192
-1.272,1.3
-1.299,2.074
-1.428,3.788
-1.477,3.314
-1.358,1.902
-1.495,1.1
-1.52,0.895
-1.601,3.605
-1.982,3.88
-1.975,0.825
-2.282,1.104
-2.211,2.386
-2.3,1.939
-2.517,3.373
-2.408,0.817
-2.613,1.107
-2.633,1.064
-3.084,1.957
-3.012,2.338
3.093,2.836
3.082,3.234
3.129,1.377
2.921,2.773
3.084,0.53
2.842,0.62
2.84,-0.045
2.362,-0.256
1.787,-0.405
1.659,-0.298
1.152,-0.33
0.572,-0.471
0.562,-0.434
0.199,-0.157
-0.51,-0.365
-0.67,-0.504
-0.61,-0.403
-0.834,-0.341
-1.013,-0.49
-1.302,-0.515
-1.606,-0.302
-1.981,-0.464
-2.228,-0.267
-2.616,-0.373
-3.007,-0.442
2.853,4.037
2.697,4.216
2.624,4.214
2.72,4.212
2.682,4.137
1.774,4.166
-0.023,4.02
-0.123,3.996
-0.28,4.103
-0.963,3.825
-1.585,4.119
-2.12,3.928
1.707,3.272
1.557,3.495
1.557,0.777
1.39,3.637
-1.442,2.508
-1.99,3.291
-2.125,3.295
-0.014,0.983
-0.531,1.014
-1.687,2.516
-1.683,2.621
-2.71,2.138
-2.697,2.942
-2.854,2.105
-2.849,3.108
2.373,0.756
2.374,1.763
0.006,1.915
2.475,3.919
-1.739,0.008
-1.867,4.021
-0.161,0.253
-0.089,0.345
-0.197,2.261
-0.206,-0.805
-0.219,1.986
-0.248,0.804
-0.314,0.242
-0.303,-0.272
-0.272,0.883
-0.349,1.578
-0.742,0.479
-0.714,0.449
-0.818,-0.167
-0.752,-0.86
-0.776,2.058
-0.992,2.175
-0.897,-1.26
-1.033,-0.787
-1.043,-0.967
-0.973,1.41
-0.971,2.433
-1.161,2.289
-1.079,1.974
-1.252,0.322
-1.27,-0.95
-1.251,0.158
-1.278,0.932
-1.407,2.646
-1.456,2.172
-1.337,0.76
-1.474,-0.042
-1.499,-0.247
-1.58,2.463
-1.961,2.738
-1.954,-0.317
-2.261,-0.038
-2.19,1.244
-2.279,0.797
-2.496,2.231
-2.387,-0.325
-2.592,-0.035
-2.612,-0.078
-3.063,0.815
-2.991,1.196
3.114,1.694
3.103,2.092
-3.133,0.235
2.942,1.631
3.105,-0.612
2.863,-0.522
2.861,-1.187
2.383,-1.398
1.808,-1.547
1.68,-1.44
1.173,-1.472
0.593,-1.613
0.583,-1.576
0.22,-1.299
-0.489,-1.507
-0.649,-1.646
-0.589,-1.545
-0.813,-1.483
-0.992,-1.632
-1.281,-1.657
-1.585,-1.444
-1.96,-1.606
-2.207,-1.409
-2.595,-1.515
-2.986,-1.584
2.874,2.895
2.718,3.074
2.645,3.072
2.741,3.07
2.703,2.995
1.795,3.024
-0.002,2.878
-0.102,2.854
-0.259,2.961
-0.942,2.683
-1.564,2.977
-2.099,2.786
1.728,2.13
1.578,2.353
1.578,-0.365
1.411,2.495
-1.421,1.366
-1.969,2.149
-2.104,2.153
0.007,-0.159
-0.51,-0.128
-1.666,1.374
-1.662,1.479
-2.689,0.996
-2.676,1.8
-2.833,0.963
-2.828,1.966
2.394,-0.386
2.395,0.621
0.027,0.773
2.496,2.777
-1.718,-1.134
-1.846,2.879
0.072,0.092
-0.036,2.008
-0.045,-1.058
-0.058,1.733
-0.087,0.551
-0.153,-0.011
-0.142,-0.525
-0.111,0.63
-0.188,1.325
-0.581,0.226
-0.553,0.196
-0.657,-0.42
-0.591,-1.113
-0.615,1.805
-0.831,1.922
-0.736,-1.513
-0.872,-1.04
-0.882,-1.22
-0.812,1.157
-0.81,2.18
-1.0,2.036
-0.918,1.721
-1.091,0.069
-1.109,-1.203
-1.09,-0.095
-1.117,0.679
-1.246,2.393
-1.295,1.919
-1.176,0.507
-1.313,-0.295
-1.338,-0.5
-1.419,2.21
-1.8,2.485
-1.793,-0.57
-2.1,-0.291
-2.029,0.991
-2.118,0.544
-2.335,1.978
-2.226,-0.578
-2.431,-0.288
-2.451,-0.331
-2.902,0.562
-2.83,0.943
-3.008,1.441
-3.019,1.839
-2.972,-0.018
3.103,1.378
-3.017,-0.865
3.024,-0.775
3.022,-1.44
2.544,-1.651
1.969,-1.8
1.841,-1.693
1.334,-1.725
0.754,-1.866
0.744,-1.829
0.381,-1.552
-0.328,-1.76
-0.488,-1.899
-0.428,-1.798
-0.652,-1.736
-0.831,-1.885
-1.12,-1.91
-1.424,-1.697
-1.799,-1.859
-2.046,-1.662
-2.434,-1.768
-2.825,-1.837
3.035,2.642
2.879,2.821
2.806,2.819
2.902,2.817
2.864,2.742
1.956,2.771
0.159,2.625
0.059,2.601
-0.098,2.708
-0.781,2.43
-1.403,2.724
-1.938,2.533
1.889,1.877
1.739,2.1
1.739,-0.618
1.572,2.242
-1.26,1.113
-1.808,1.896
-1.943,1.9
0.168,-0.412
-0.349,-0.381
-1.505,1.121
-1.501,1.226
-2.528,0.743
-2.515,1.547
-2.672,0.71
-2.667,1.713
2.555,-0.639
2.556,0.368
0.188,0.52
2.657,2.524
-1.557,-1.387
-1.685,2.626
-0.108,1.916
-0.117,-1.15
-0.13,1.641
-0.159,0.459
-0.225,-0.103
-0.214,-0.617
-0.183,0.538
-0.26,1.233
-0.653,0.134
-0.625,0.104
-0.729,-0.512
-0.663,-1.205
-0.687,1.713
-0.903,1.83
-0.808,-1.605
-0.944,-1.132
-0.954,-1.312
-0.884,1.065
-0.882,2.088
-1.072,1.944
-0.99,1.629
-1.163,-0.023
-1.181,-1.295
-1.162,-0.187
-1.189,0.587
-1.318,2.301
-1.367,1.827
-1.248,0.415
-1.385,-0.387
-1.41,-0.592
-1.491,2.118
-1.872,2.393
-1.865,-0.662
-2.172,-0.383
-2.101,0.899
-2.19,0.452
-2.407,1.886
-2.298,-0.67
-2.503,-0.38
-2.523,-0.423
-2.974,0.47
-2.902,0.851
-3.08,1.349
-3.091,1.747
-3.044,-0.11
3.031,1.286
-3.089,-0.957
2.952,-0.867
2.95,-1.532
2.472,-1.743
1.897,-1.892
1.769,-1.785
1.262,-1.817
0.682,-1.958
0.672,-1.921
0.309,-1.644
-0.4,-1.852
-0.56,-1.991
-0.5,-1.89
-0.724,-1.828
-0.903,-1.977
-1.192,-2.002
-1.496,-1.789
-1.871,-1.951
-2.118,-1.754
-2.506,-1.86
-2.897,-1.929
2.963,2.55
2.807,2.729
2.734,2.727
2.83,2.725
2.792,2.65
1.884,2.679
0.087,2.533
-0.013,2.509
-0.17,2.616
-0.853,2.338
-1.475,2.632
-2.01,2.441
1.817,1.785
1.667,2.008
1.667,-0.71
1.5,2.15
-1.332,1.021
-1.88,1.804
-2.015,1.808
0.096,-0.504
-0.421,-0.473
-1.577,1.029
-1.573,1.134
-2.6,0.651
-2.587,1.455
-2.744,0.618
-2.739,1.621
2.483,-0.731
2.484,0.276
0.116,0.428
2.585,2.432
-1.629,-1.479
-1.757,2.534
-0.009,-3.066
-0.022,-0.275
-0.051,-1.457
-0.117,-2.019
-0.106,-2.533
-0.075,-1.378
-0.152,-0.683
-0.545,-1.782
-0.517,-1.812
-0.621,-2.428
-0.555,-3.121
-0.579,-0.203
-0.795,-0.086
-0.7,-3.521
-0.836,-3.048
-0.846,-3.228
-0.776,-0.851
-0.774,0.172
-0.964,0.028
-0.882,-0.287
-1.055,-1.939
-1.073,-3.211
-1.054,-2.103
-1.081,-1.329
-1.21,0.385
-1.259,-0.089
-1.14,-1.501
-1.277,-2.303
-1.302,-2.508
-1.383,0.202
-1.764,0.477
-1.757,-2.578
-2.064,-2.299
-1.993,-1.017
-2.082,-1.464
-2.299,-0.03
-2.19,-2.586
-2.395,-2.296
-2.415,-2.339
-2.866,-1.446
-2.794,-1.065
-2.972,-0.567
-2.983,-0.169
-2.936,-2.026
3.139,-0.63
-2.981,-2.873
3.06,-2.783
3.058,-3.448
2.58,-3.659
2.005,-3.808
1.877,-3.701
1.37,-3.733
0.79,-3.874
0.78,-3.837
0.417,-3.56
-0.292,-3.768
-0.452,-3.907
-0.392,-3.806
-0.616,-3.744
-0.795,-3.893
-1.084,-3.918
-1.388,-3.705
-1.763,-3.867
-2.01,-3.67
-2.398,-3.776
-2.789,-3.845
3.071,0.634
2.915,0.813
2.842,0.811
2.938,0.809
2.9,0.734
1.992,0.763
0.195,0.617
0.095,0.593
-0.062,0.7
-0.745,0.422
-1.367,0.716
-1.902,0.525
1.925,-0.131
1.775,0.092
1.775,-2.626
1.608,0.234
-1.224,-0.895
-1.772,-0.112
-1.907,-0.108
0.204,-2.42
-0.313,-2.389
-1.469,-0.887
-1.465,-0.782
-2.492,-1.265
-2.479,-0.461
-2.636,-1.298
-2.631,-0.295
2.591,-2.647
2.592,-1.64
0.224,-1.488
2.693,0.516
-1.521,-3.395
-1.649,0.618
-0.013,2.791
-0.042,1.609
-0.108,1.047
-0.097,0.533
-0.066,1.688
-0.143,2.383
-0.536,1.284
-0.508,1.254
-0.612,0.638
-0.546,-0.055
-0.57,2.863
-0.786,2.98
-0.691,-0.455
-0.827,0.018
-0.837,-0.162
-0.767,2.215
-0.765,3.238
-0.955,3.094
-0.873,2.779
-1.046,1.127
-1.064,-0.145
-1.045,0.963
-1.072,1.737
-1.201,3.451
-1.25,2.977
-1.131,1.565
-1.268,0.763
-1.293,0.558
-1.374,3.268
-1.755,3.543
-1.748,0.488
-2.055,0.767
-1.984,2.049
-2.073,1.602
-2.29,3.036
-2.181,0.48
-2.386,0.77
-2.406,0.727
-2.857,1.62
-2.785,2.001
-2.963,2.499
-2.974,2.897
-2.927,1.04
-3.135,2.436
-2.972,0.193
3.069,0.283
3.067,-0.382
2.589,-0.593
2.014,-0.742
1.886,-0.635
1.379,-0.667
0.799,-0.808
0.789,-0.771
0.426,-0.494
-0.283,-0.702
-0.443,-0.841
-0.383,-0.74
-0.607,-0.678
-0.786,-0.827
-1.075,-0.852
-1.379,-0.639
-1.754,-0.801
-2.001,-0.604
-2.389,-0.71
-2.78,-0.779
3.08,3.7
2.924,3.879
2.851,3.877
2.947,3.875
2.909,3.8
2.001,3.829
0.204,3.683
0.104,3.659
-0.053,3.766
-0.736,3.488
-1.358,3.782
-1.893,3.591
1.934,2.935
1.784,3.158
1.784,0.44
1.617,3.3
-1.215,2.171
-1.763,2.954
-1.898,2.958
0.213,0.646
-0.304,0.677
-1.46,2.179
-1.456,2.284
-2.483,1.801
-2.47,2.605
-2.627,1.768
-2.622,2.771
2.6,0.419
2.601,1.426
0.233,1.578
2.702,3.582
-1.512,-0.329
-1.64,3.684
-0.029,-1.182
-0.095,-1.744
-0.084,-2.258
-0.053,-1.103
-0.13,-0.408
-0.523,-1.507
-0.495,-1.537
-0.599,-2.153
-0.533,-2.846
-0.557,0.072
-0.773,0.189
-0.678,-3.246
-0.814,-2.773
-0.824,-2.953
-0.754,-0.576
-0.752,0.447
-0.942,0.303
-0.86,-0.012
-1.033,-1.664
-1.051,-2.936
-1.032,-1.828
-1.059,-1.054
-1.188,0.66
-1.237,0.186
-1.118,-1.226
-1.255,-2.028
-1.28,-2.233
-1.361,0.477
-1.742,0.752
-1.735,-2.303
-2.042,-2.024
-1.971,-0.742
-2.06,-1.189
-2.277,0.245
-2.168,-2.311
-2.373,-2.021
-2.393,-2.064
-2.844,-1.171
-2.772,-0.79
-2.95,-0.292
-2.961,0.106
-2.914,-1.751
-3.122,-0.355
-2.959,-2.598
3.082,-2.508
3.08,-3.173
2.602,-3.384
2.027,-3.533
1.899,-3.426
1.392,-3.458
0.812,-3.599
0.802,-3.562
0.439,-3.285
-0.27,-3.493
-0.43,-3.632
-0.37,-3.531
-0.594,-3.469
-0.773,-3.618
-1.062,-3.643
-1.366,-3.43
-1.741,-3.592
-1.988,-3.395
-2.376,-3.501
-2.767,-3.57
3.093,0.909
2.937,1.088
2.864,1.086
2.96,1.084
2.922,1.009
2.014,1.038
0.217,0.892
0.117,0.868
-0.04,0.975
-0.723,0.697
-1.345,0.991
-1.88,0.8
1.947,0.144
1.797,0.367
1.797,-2.351
1.63,0.509
-1.202,-0.62
-1.75,0.163
-1.885,0.167
0.226,-2.145
-0.291,-2.114
-1.447,-0.612
-1.443,-0.507
-2.47,-0.99
-2.457,-0.186
-2.614,-1.023
-2.609,-0.02
2.613,-2.372
2.614,-1.365
0.246,-1.213
2.715,0.791
-1.499,-3.12
-1.627,0.893
-0.066,-0.562
-0.055,-1.076
-0.024,0.079
-0.101,0.774
-0.494,-0.325
-0.466,-0.355
-0.57,-0.971
-0.504,-1.664
-0.528,1.254
-0.744,1.371
-0.649,-2.064
-0.785,-1.591
-0.795,-1.771
-0.725,0.606
-0.723,1.629
-0.913,1.485
-0.831,1.17
-1.004,-0.482
-1.022,-1.754
-1.003,-0.646
-1.03,0.128
-1.159,1.842
-1.208,1.368
-1.089,-0.044
-1.226,-0.846
-1.251,-1.051
-1.332,1.659
-1.713,1.934
-1.706,-1.121
-2.013,-0.842
-1.942,0.44
-2.031,-0.007
-2.248,1.427
-2.139,-1.129
-2.344,-0.839
-2.364,-0.882
-2.815,0.011
-2.743,0.392
-2.921,0.89
-2.932,1.288
-2.885,-0.569
-3.093,0.827
-2.93,-1.416
3.111,-1.326
3.109,-1.991
2.631,-2.202
2.056,-2.351
1.928,-2.244
1.421,-2.276
0.841,-2.417
0.831,-2.38
0.468,-2.103
-0.241,-2.311
-0.401,-2.45
-0.341,-2.349
-0.565,-2.287
-0.744,-2.436
-1.033,-2.461
-1.337,-2.248
-1.712,-2.41
-1.959,-2.213
-2.347,-2.319
-2.738,-2.388
3.122,2.091
2.966,2.27
2.893,2.268
2.989,2.266
2.951,2.191
2.043,2.22
0.246,2.074
0.146,2.05
-0.011,2.157
-0.694,1.879
-1.316,2.173
-1.851,1.982
1.976,1.326
1.826,1.549
1.826,-1.169
1.659,1.691
-1.173,0.562
-1.721,1.345
-1.856,1.349
0.255,-0.963
-0.262,-0.932
-1.418,0.57
-1.414,0.675
-2.441,0.192
-2.428,0.996
-2.585,0.159
-2.58,1.162
2.642,-1.19
2.643,-0.183
0.275,-0.031
2.744,1.973
-1.47,-1.938
-1.598,2.075
0.011,-0.514
0.042,0.641
-0.035,1.336
-0.428,0.237
-0.4,0.207
-0.504,-0.409
-0.438,-1.102
-0.462,1.816
-0.678,1.933
-0.583,-1.502
-0.719,-1.029
-0.729,-1.209
-0.659,1.168
-0.657,2.191
-0.847,2.047
-0.765,1.732
-0.938,0.08
-0.956,-1.192
-0.937,-0.084
-0.964,0.69
-1.093,2.404
-1.142,1.93
-1.023,0.518
-1.16,-0.284
-1.185,-0.489
-1.266,2.221
-1.647,2.496
-1.64,-0.559
-1.947,-0.28
-1.876,1.002
-1.965,0.555
-2.182,1.989
-2.073,-0.567
-2.278,-0.277
-2.298,-0.32
-2.749,0.573
-2.677,0.954
-2.855,1.452
-2.866,1.85
-2.819,-0.007
-3.027,1.389
-2.864,-0.854
-3.106,-0.764
-3.108,-1.429
2.697,-1.64
2.122,-1.789
1.994,-1.682
1.487,-1.714
0.907,-1.855
0.897,-1.818
0.534,-1.541
-0.175,-1.749
-0.335,-1.888
-0.275,-1.787
-0.499,-1.725
-0.678,-1.874
-0.967,-1.899
-1.271,-1.686
-1.646,-1.848
-1.893,-1.651
-2.281,-1.757
-2.672,-1.826
-3.095,2.653
3.032,2.832
2.959,2.83
3.055,2.828
3.017,2.753
2.109,2.782
0.312,2.636
0.212,2.612
0.055,2.719
-0.628,2.441
-1.25,2.735
-1.785,2.544
2.042,1.888
1.892,2.111
1.892,-0.607
1.725,2.253
-1.107,1.124
-1.655,1.907
-1.79,1.911
0.321,-0.401
-0.196,-0.37
-1.352,1.132
-1.348,1.237
-2.375,0.754
-2.362,1.558
-2.519,0.721
-2.514,1.724
2.708,-0.628
2.709,0.379
0.341,0.531
2.81,2.535
-1.404,-1.376
-1.532,2.637
0.031,1.155
-0.046,1.85
-0.439,0.751
-0.411,0.721
-0.515,0.105
-0.449,-0.588
-0.473,2.33
-0.689,2.447
-0.594,-0.988
-0.73,-0.515
-0.74,-0.695
-0.67,1.682
-0.668,2.705
-0.858,2.561
-0.776,2.246
-0.949,0.594
-0.967,-0.678
-0.948,0.43
-0.975,1.204
-1.104,2.918
-1.153,2.444
-1.034,1.032
-1.171,0.23
-1.196,0.025
-1.277,2.735
-1.658,3.01
-1.651,-0.045
-1.958,0.234
-1.887,1.516
-1.976,1.069
-2.193,2.503
-2.084,-0.053
-2.289,0.237
-2.309,0.194
-2.76,1.087
-2.688,1.468
-2.866,1.966
-2.877,2.364
-2.83,0.507
-3.038,1.903
-2.875,-0.34
-3.117,-0.25
-3.119,-0.915
2.686,-1.126
2.111,-1.275
1.983,-1.168
1.476,-1.2
0.896,-1.341
0.886,-1.304
0.523,-1.027
-0.186,-1.235
-0.346,-1.374
-0.286,-1.273
-0.51,-1.211
-0.689,-1.36
-0.978,-1.385
-1.282,-1.172
-1.657,-1.334
-1.904,-1.137
-2.292,-1.243
-2.683,-1.312
-3.106,3.167
3.021,3.346
2.948,3.344
3.044,3.342
3.006,3.267
2.098,3.296
0.301,3.15
0.201,3.126
0.044,3.233
-0.639,2.955
-1.261,3.249
-1.796,3.058
2.031,2.402
1.881,2.625
1.881,-0.093
1.714,2.767
-1.118,1.638
-1.666,2.421
-1.801,2.425
0.31,0.113
-0.207,0.144
-1.363,1.646
-1.359,1.751
-2.386,1.268
-2.373,2.072
-2.53,1.235
-2.525,2.238
2.697,-0.114
2.698,0.893
0.33,1.045
2.799,3.049
-1.415,-0.862
-1.543,3.151
-0.077,0.695
-0.47,-0.404
-0.442,-0.434
-0.546,-1.05
-0.48,-1.743
-0.504,1.175
-0.72,1.292
-0.625,-2.143
-0.761,-1.67
-0.771,-1.85
-0.701,0.527
-0.699,1.55
-0.889,1.406
-0.807,1.091
-0.98,-0.561
-0.998,-1.833
-0.979,-0.725
-1.006,0.049
-1.135,1.763
-1.184,1.289
-1.065,-0.123
-1.202,-0.925
-1.227,-1.13
-1.308,1.58
-1.689,1.855
-1.682,-1.2
-1.989,-0.921
-1.918,0.361
-2.007,-0.086
-2.224,1.348
-2.115,-1.208
-2.32,-0.918
-2.34,-0.961
-2.791,-0.068
-2.719,0.313
-2.897,0.811
-2.908,1.209
-2.861,-0.648
-3.069,0.748
-2.906,-1.495
3.135,-1.405
3.133,-2.07
2.655,-2.281
2.08,-2.43
1.952,-2.323
1.445,-2.355
0.865,-2.496
0.855,-2.459
0.492,-2.182
-0.217,-2.39
-0.377,-2.529
-0.317,-2.428
-0.541,-2.366
-0.72,-2.515
-1.009,-2.54
-1.313,-2.327
-1.688,-2.489
-1.935,-2.292
-2.323,-2.398
-2.714,-2.467
-3.137,2.012
2.99,2.191
2.917,2.189
3.013,2.187
2.975,2.112
2.067,2.141
0.27,1.995
0.17,1.971
0.013,2.078
-0.67,1.8
-1.292,2.094
-1.827,1.903
2.0,1.247
1.85,1.47
1.85,-1.248
1.683,1.612
-1.149,0.483
-1.697,1.266
-1.832,1.27
0.279,-1.042
-0.238,-1.011
-1.394,0.491
-1.39,0.596
-2.417,0.113
-2.404,0.917
-2.561,0.08
-2.556,1.083
2.666,-1.269
2.667,-0.262
0.299,-0.11
2.768,1.894
-1.446,-2.017
-1.574,1.996
-0.393,-1.099
-0.365,-1.129
-0.469,-1.745
-0.403,-2.438
-0.427,0.48
-0.643,0.597
-0.548,-2.838
-0.684,-2.365
-0.694,-2.545
-0.624,-0.168
-0.622,0.855
-0.812,0.711
-0.73,0.396
-0.903,-1.256
-0.921,-2.528
-0.902,-1.42
-0.929,-0.646
-1.058,1.068
-1.107,0.594
-0.988,-0.818
-1.125,-1.62
-1.15,-1.825
-1.231,0.885
-1.612,1.16
-1.605,-1.895
-1.912,-1.616
-1.841,-0.334
-1.93,-0.781
-2.147,0.653
-2.038,-1.903
-2.243,-1.613
-2.263,-1.656
-2.714,-0.763
-2.642,-0.382
-2.82,0.116
-2.831,0.514
-2.784,-1.343
-2.992,0.053
-2.829,-2.19
-3.071,-2.1
-3.073,-2.765
2.732,-2.976
2.157,-3.125
2.029,-3.018
1.522,-3.05
0.942,-3.191
0.932,-3.154
0.569,-2.877
-0.14,-3.085
-0.3,-3.224
-0.24,-3.123
-0.464,-3.061
-0.643,-3.21
-0.932,-3.235
-1.236,-3.022
-1.611,-3.184
-1.858,-2.987
-2.246,-3.093
-2.637,-3.162
-3.06,1.317
3.067,1.496
2.994,1.494
3.09,1.492
3.052,1.417
2.144,1.446
0.347,1.3
0.247,1.276
0.09,1.383
-0.593,1.105
-1.215,1.399
-1.75,1.208
2.077,0.552
1.927,0.775
1.927,-1.943
1.76,0.917
-1.072,-0.212
-1.62,0.571
-1.755,0.575
0.356,-1.737
-0.161,-1.706
-1.317,-0.204
-1.313,-0.099
-2.34,-0.582
-2.327,0.222
-2.484,-0.615
-2.479,0.388
2.743,-1.964
2.744,-0.957
0.376,-0.805
2.845,1.199
-1.369,-2.712
-1.497,1.301
0.028,-0.03
-0.076,-0.646
-0.01,-1.339
-0.034,1.579
-0.25,1.696
-0.155,-1.739
-0.291,-1.266
-0.301,-1.446
-0.231,0.931
-0.229,1.954
-0.419,1.81
-0.337,1.495
-0.51,-0.157
-0.528,-1.429
-0.509,-0.321
-0.536,0.453
-0.665,2.167
-0.714,1.693
-0.595,0.281
-0.732,-0.521
-0.757,-0.726
-0.838,1.984
-1.219,2.259
-1.212,-0.796
-1.519,-0.517
-1.448,0.765
-1.537,0.318
-1.754,1.752
-1.645,-0.804
-1.85,-0.514
-1.87,-0.557
-2.321,0.336
-2.249,0.717
-2.427,1.215
-2.438,1.613
-2.391,-0.244
-2.599,1.152
-2.436,-1.091
-2.678,-1.001
-2.68,-1.666
3.125,-1.877
2.55,-2.026
2.422,-1.919
1.915,-1.951
1.335,-2.092
1.325,-2.055
0.962,-1.778
0.253,-1.986
0.093,-2.125
0.153,-2.024
-0.071,-1.962
-0.25,-2.111
-0.539,-2.136
-0.843,-1.923
-1.218,-2.085
-1.465,-1.888
-1.853,-1.994
-2.244,-2.063
-2.667,2.416
-2.823,2.595
-2.896,2.593
-2.8,2.591
-2.838,2.516
2.537,2.545
0.74,2.399
0.64,2.375
0.483,2.482
-0.2,2.204
-0.822,2.498
-1.357,2.307
2.47,1.651
2.32,1.874
2.32,-0.844
2.153,2.016
-0.679,0.887
-1.227,1.67
-1.362,1.674
0.749,-0.638
0.232,-0.607
-0.924,0.895
-0.92,1.0
-1.947,0.517
-1.934,1.321
-2.091,0.484
-2.086,1.487
3.136,-0.865
3.137,0.142
0.769,0.294
-3.045,2.298
-0.976,-1.613
-1.104,2.4
-0.104,-0.616
-0.038,-1.309
-0.062,1.609
-0.278,1.726
-0.183,-1.709
-0.319,-1.236
-0.329,-1.416
-0.259,0.961
-0.257,1.984
-0.447,1.84
-0.365,1.525
-0.538,-0.127
-0.556,-1.399
-0.537,-0.291
-0.564,0.483
-0.693,2.197
-0.742,1.723
-0.623,0.311
-0.76,-0.491
-0.785,-0.696
-0.866,2.014
-1.247,2.289
-1.24,-0.766
-1.547,-0.487
-1.476,0.795
-1.565,0.348
-1.782,1.782
-1.673,-0.774
-1.878,-0.484
-1.898,-0.527
-2.349,0.366
-2.277,0.747
-2.455,1.245
-2.466,1.643
-2.419,-0.214
-2.627,1.182
-2.464,-1.061
-2.706,-0.971
-2.708,-1.636
3.097,-1.847
2.522,-1.996
2.394,-1.889
1.887,-1.921
1.307,-2.062
1.297,-2.025
0.934,-1.748
0.225,-1.956
0.065,-2.095
0.125,-1.994
-0.099,-1.932
-0.278,-2.081
-0.567,-2.106
-0.871,-1.893
-1.246,-2.055
-1.493,-1.858
-1.881,-1.964
-2.272,-2.033
-2.695,2.446
-2.851,2.625
-2.924,2.623
-2.828,2.621
-2.866,2.546
2.509,2.575
0.712,2.429
0.612,2.405
0.455,2.512
-0.228,2.234
-0.85,2.528
-1.385,2.337
2.442,1.681
2.292,1.904
2.292,-0.814
2.125,2.046
-0.707,0.917
-1.255,1.7
-1.39,1.704
0.721,-0.608
0.204,-0.577
-0.952,0.925
-0.948,1.03
-1.975,0.547
-1.962,1.351
-2.119,0.514
-2.114,1.517
3.108,-0.835
3.109,0.172
0.741,0.324
-3.073,2.328
-1.004,-1.583
-1.132,2.43
0.066,-0.693
0.042,2.225
-0.174,2.342
-0.079,-1.093
-0.215,-0.62
-0.225,-0.8
-0.155,1.577
-0.153,2.6
-0.343,2.456
-0.261,2.141
-0.434,0.489
-0.452,-0.783
-0.433,0.325
-0.46,1.099
-0.589,2.813
-0.638,2.339
-0.519,0.927
-0.656,0.125
-0.681,-0.08
-0.762,2.63
-1.143,2.905
-1.136,-0.15
-1.443,0.129
-1.372,1.411
-1.461,0.964
-1.678,2.398
-1.569,-0.158
-1.774,0.132
-1.794,0.089
-2.245,0.982
-2.173,1.363
-2.351,1.861
-2.362,2.259
-2.315,0.402
-2.523,1.798
-2.36,-0.445
-2.602,-0.355
-2.604,-1.02
-3.082,-1.231
2.626,-1.38
2.498,-1.273
1.991,-1.305
1.411,-1.446
1.401,-1.409
1.038,-1.132
0.329,-1.34
0.169,-1.479
0.229,-1.378
0.005,-1.316
-0.174,-1.465
-0.463,-1.49
-0.767,-1.277
-1.142,-1.439
-1.389,-1.242
-1.777,-1.348
-2.168,-1.417
-2.591,3.062
-2.747,3.241
-2.82,3.239
-2.724,3.237
-2.762,3.162
2.613,3.191
0.816,3.045
0.716,3.021
0.559,3.128
-0.124,2.85
-0.746,3.144
-1.281,2.953
2.546,2.297
2.396,2.52
2.396,-0.198
2.229,2.662
-0.603,1.533
-1.151,2.316
-1.286,2.32
0.825,0.008
0.308,0.039
-0.848,1.541
-0.844,1.646
-1.871,1.163
-1.858,1.967
-2.015,1.13
-2.01,2.133
-3.071,-0.219
-3.07,0.788
0.845,0.94
-2.969,2.944
-0.9,-0.967
-1.028,3.046
-0.024,2.918
-0.24,3.035
-0.145,-0.4
-0.281,0.073
-0.291,-0.107
-0.221,2.27
-0.219,3.293
-0.409,3.149
-0.327,2.834
-0.5,1.182
-0.518,-0.09
-0.499,1.018
-0.526,1.792
-0.655,3.506
-0.704,3.032
-0.585,1.62
-0.722,0.818
-0.747,0.613
-0.828,3.323
-1.209,3.598
-1.202,0.543
-1.509,0.822
-1.438,2.104
-1.527,1.657
-1.744,3.091
-1.635,0.535
-1.84,0.825
-1.86,0.782
-2.311,1.675
-2.239,2.056
-2.417,2.554
-2.428,2.952
-2.381,1.095
-2.589,2.491
-2.426,0.248
-2.668,0.338
-2.67,-0.327
3.135,-0.538
2.56,-0.687
2.432,-0.58
1.925,-0.612
1.345,-0.753
1.335,-0.716
0.972,-0.439
0.263,-0.647
0.103,-0.786
0.163,-0.685
-0.061,-0.623
-0.24,-0.772
-0.529,-0.797
-0.833,-0.584
-1.208,-0.746
-1.455,-0.549
-1.843,-0.655
-2.234,-0.724
-2.657,3.755
-2.813,3.934
-2.886,3.932
-2.79,3.93
-2.828,3.855
2.547,3.884
0.75,3.738
0.65,3.714
0.493,3.821
-0.19,3.543
-0.812,3.837
-1.347,3.646
2.48,2.99
2.33,3.213
2.33,0.495
2.163,3.355
-0.669,2.226
-1.217,3.009
-1.352,3.013
0.759,0.701
0.242,0.732
-0.914,2.234
-0.91,2.339
-1.937,1.856
-1.924,2.66
-2.081,1.823
-2.076,2.826
-3.137,0.474
-3.136,1.481
0.779,1.633
-3.035,3.637
-0.966,-0.274
-1.094,3.739
-0.216,0.117
-0.121,-3.318
-0.257,-2.845
-0.267,-3.025
-0.197,-0.648
-0.195,0.375
-0.385,0.231
-0.303,-0.084
-0.476,-1.736
-0.494,-3.008
-0.475,-1.9
-0.502,-1.126
-0.631,0.588
-0.68,0.114
-0.561,-1.298
-0.698,-2.1
-0.723,-2.305
-0.804,0.405
-1.185,0.68
-1.178,-2.375
-1.485,-2.096
-1.414,-0.814
-1.503,-1.261
-1.72,0.173
-1.611,-2.383
-1.816,-2.093
-1.836,-2.136
-2.287,-1.243
-2.215,-0.862
-2.393,-0.364
-2.404,0.034
-2.357,-1.823
-2.565,-0.427
-2.402,-2.67
-2.644,-2.58
-2.646,-3.245
-3.124,-3.456
2.584,-3.605
2.456,-3.498
1.949,-3.53
1.369,-3.671
1.359,-3.634
0.996,-3.357
0.287,-3.565
0.127,-3.704
0.187,-3.603
-0.037,-3.541
-0.216,-3.69
-0.505,-3.715
-0.809,-3.502
-1.184,-3.664
-1.431,-3.467
-1.819,-3.573
-2.21,-3.642
-2.633,0.837
-2.789,1.016
-2.862,1.014
-2.766,1.012
-2.804,0.937
2.571,0.966
0.774,0.82
0.674,0.796
0.517,0.903
-0.166,0.625
-0.788,0.919
-1.323,0.728
2.504,0.072
2.354,0.295
2.354,-2.423
2.187,0.437
-0.645,-0.692
-1.193,0.091
-1.328,0.095
0.783,-2.217
0.266,-2.186
-0.89,-0.684
-0.886,-0.579
-1.913,-1.062
-1.9,-0.258
-2.057,-1.095
-2.052,-0.092
-3.113,-2.444
-3.112,-1.437
0.803,-1.285
-3.011,0.719
-0.942,-3.192
-1.07,0.821
0.095,-3.435
-0.041,-2.962
-0.051,-3.142
0.019,-0.765
0.021,0.258
-0.169,0.114
-0.087,-0.201
-0.26,-1.853
-0.278,-3.125
-0.259,-2.017
-0.286,-1.243
-0.415,0.471
-0.464,-0.003
-0.345,-1.415
-0.482,-2.217
-0.507,-2.422
-0.588,0.288
-0.969,0.563
-0.962,-2.492
-1.269,-2.213
-1.198,-0.931
-1.287,-1.378
-1.504,0.056
-1.395,-2.5
-1.6,-2.21
-1.62,-2.253
-2.071,-1.36
-1.999,-0.979
-2.177,-0.481
-2.188,-0.083
-2.141,-1.94
-2.349,-0.544
-2.186,-2.787
-2.428,-2.697
-2.43,-3.362
-2.908,-3.573
2.8,-3.722
2.672,-3.615
2.165,-3.647
1.585,-3.788
1.575,-3.751
1.212,-3.474
0.503,-3.682
0.343,-3.821
0.403,-3.72
0.179,-3.658
0.0,-3.807
-0.289,-3.832
-0.593,-3.619
-0.968,-3.781
-1.215,-3.584
-1.603,-3.69
-1.994,-3.759
-2.417,0.72
-2.573,0.899
-2.646,0.897
-2.55,0.895
-2.588,0.82
2.787,0.849
0.99,0.703
0.89,0.679
0.733,0.786
0.05,0.508
-0.572,0.802
-1.107,0.611
2.72,-0.045
2.57,0.178
2.57,-2.54
2.403,0.32
-0.429,-0.809
-0.977,-0.026
-1.112,-0.022
0.999,-2.334
0.482,-2.303
-0.674,-0.801
-0.67,-0.696
-1.697,-1.179
-1.684,-0.375
-1.841,-1.212
-1.836,-0.209
-2.897,-2.561
-2.896,-1.554
1.019,-1.402
-2.795,0.602
-0.726,-3.309
-0.854,0.704
-0.136,0.473
-0.146,0.293
-0.076,2.67
-0.074,3.693
-0.264,3.549
-0.182,3.234
-0.355,1.582
-0.373,0.31
-0.354,1.418
-0.381,2.192
-0.51,3.906
-0.559,3.432
-0.44,2.02
-0.577,1.218
-0.602,1.013
-0.683,3.723
-1.064,3.998
-1.057,0.943
-1.364,1.222
-1.293,2.504
-1.382,2.057
-1.599,3.491
-1.49,0.935
-1.695,1.225
-1.715,1.182
-2.166,2.075
-2.094,2.456
-2.272,2.954
-2.283,3.352
-2.236,1.495
-2.444,2.891
-2.281,0.648
-2.523,0.738
-2.525,0.073
-3.003,-0.138
2.705,-0.287
2.577,-0.18
2.07,-0.212
1.49,-0.353
1.48,-0.316
1.117,-0.039
0.408,-0.247
0.248,-0.386
0.308,-0.285
0.084,-0.223
-0.095,-0.372
-0.384,-0.397
-0.688,-0.184
-1.063,-0.346
-1.31,-0.149
-1.698,-0.255
-2.089,-0.324
-2.512,4.155
-2.668,4.334
-2.741,4.332
-2.645,4.33
-2.683,4.255
2.692,4.284
0.895,4.138
0.795,4.114
0.638,4.221
-0.045,3.943
-0.667,4.237
-1.202,4.046
2.625,3.39
2.475,3.613
2.475,0.895
2.308,3.755
-0.524,2.626
-1.072,3.409
-1.207,3.413
0.904,1.101
0.387,1.132
-0.769,2.634
-0.765,2.739
-1.792,2.256
-1.779,3.06
-1.936,2.223
-1.931,3.226
-2.992,0.874
-2.991,1.881
0.924,2.033
-2.89,4.037
-0.821,0.126
-0.949,4.139
-0.01,-0.18
0.06,2.197
0.062,3.22
-0.128,3.076
-0.046,2.761
-0.219,1.109
-0.237,-0.163
-0.218,0.945
-0.245,1.719
-0.374,3.433
-0.423,2.959
-0.304,1.547
-0.441,0.745
-0.466,0.54
-0.547,3.25
-0.928,3.525
-0.921,0.47
-1.228,0.749
-1.157,2.031
-1.246,1.584
-1.463,3.018
-1.354,0.462
-1.559,0.752
-1.579,0.709
-2.03,1.602
-1.958,1.983
-2.136,2.481
-2.147,2.879
-2.1,1.022
-2.308,2.418
-2.145,0.175
-2.387,0.265
-2.389,-0.4
-2.867,-0.611
2.841,-0.76
2.713,-0.653
2.206,-0.685
1.626,-0.826
1.616,-0.789
1.253,-0.512
0.544,-0.72
0.384,-0.859
0.444,-0.758
0.22,-0.696
0.041,-0.845
-0.248,-0.87
-0.552,-0.657
-0.927,-0.819
-1.174,-0.622
-1.562,-0.728
-1.953,-0.797
-2.376,3.682
-2.532,3.861
-2.605,3.859
-2.509,3.857
-2.547,3.782
2.828,3.811
1.031,3.665
0.931,3.641
0.774,3.748
0.091,3.47
-0.531,3.764
-1.066,3.573
2.761,2.917
2.611,3.14
2.611,0.422
2.444,3.282
-0.388,2.153
-0.936,2.936
-1.071,2.94
1.04,0.628
0.523,0.659
-0.633,2.161
-0.629,2.266
-1.656,1.783
-1.643,2.587
-1.8,1.75
-1.795,2.753
-2.856,0.401
-2.855,1.408
1.06,1.56
-2.754,3.564
-0.685,-0.347
-0.813,3.666
0.07,2.377
0.072,3.4
-0.118,3.256
-0.036,2.941
-0.209,1.289
-0.227,0.017
-0.208,1.125
-0.235,1.899
-0.364,3.613
-0.413,3.139
-0.294,1.727
-0.431,0.925
-0.456,0.72
-0.537,3.43
-0.918,3.705
-0.911,0.65
-1.218,0.929
-1.147,2.211
-1.236,1.764
-1.453,3.198
-1.344,0.642
-1.549,0.932
-1.569,0.889
-2.02,1.782
-1.948,2.163
-2.126,2.661
-2.137,3.059
-2.09,1.202
-2.298,2.598
-2.135,0.355
-2.377,0.445
-2.379,-0.22
-2.857,-0.431
2.851,-0.58
2.723,-0.473
2.216,-0.505
1.636,-0.646
1.626,-0.609
1.263,-0.332
0.554,-0.54
0.394,-0.679
0.454,-0.578
0.23,-0.516
0.051,-0.665
-0.238,-0.69
-0.542,-0.477
-0.917,-0.639
-1.164,-0.442
-1.552,-0.548
-1.943,-0.617
-2.366,3.862
-2.522,4.041
-2.595,4.039
-2.499,4.037
-2.537,3.962
2.838,3.991
1.041,3.845
0.941,3.821
0.784,3.928
0.101,3.65
-0.521,3.944
-1.056,3.753
2.771,3.097
2.621,3.32
2.621,0.602
2.454,3.462
-0.378,2.333
-0.926,3.116
-1.061,3.12
1.05,0.808
0.533,0.839
-0.623,2.341
-0.619,2.446
-1.646,1.963
-1.633,2.767
-1.79,1.93
-1.785,2.933
-2.846,0.581
-2.845,1.588
1.07,1.74
-2.744,3.744
-0.675,-0.167
-0.803,3.846
0.002,1.023
-0.188,0.879
-0.106,0.564
-0.279,-1.088
-0.297,-2.36
-0.278,-1.252
-0.305,-0.478
-0.434,1.236
-0.483,0.762
-0.364,-0.65
-0.501,-1.452
-0.526,-1.657
-0.607,1.053
-0.988,1.328
-0.981,-1.727
-1.288,-1.448
-1.217,-0.166
-1.306,-0.613
-1.523,0.821
-1.414,-1.735
-1.619,-1.445
-1.639,-1.488
-2.09,-0.595
-2.018,-0.214
-2.196,0.284
-2.207,0.682
-2.16,-1.175
-2.368,0.221
-2.205,-2.022
-2.447,-1.932
-2.449,-2.597
-2.927,-2.808
2.781,-2.957
2.653,-2.85
2.146,-2.882
1.566,-3.023
1.556,-2.986
1.193,-2.709
0.484,-2.917
0.324,-3.056
0.384,-2.955
0.16,-2.893
-0.019,-3.042
-0.308,-3.067
-0.612,-2.854
-0.987,-3.016
-1.234,-2.819
-1.622,-2.925
-2.013,-2.994
-2.436,1.485
-2.592,1.664
-2.665,1.662
-2.569,1.66
-2.607,1.585
2.768,1.614
0.971,1.468
0.871,1.444
0.714,1.551
0.031,1.273
-0.591,1.567
-1.126,1.376
2.701,0.72
2.551,0.943
2.551,-1.775
2.384,1.085
-0.448,-0.044
-0.996,0.739
-1.131,0.743
0.98,-1.569
0.463,-1.538
-0.693,-0.036
-0.689,0.069
-1.716,-0.414
-1.703,0.39
-1.86,-0.447
-1.855,0.556
-2.916,-1.796
-2.915,-0.789
1.0,-0.637
-2.814,1.367
-0.745,-2.544
-0.873,1.469
-0.19,-0.144
-0.108,-0.459
-0.281,-2.111
-0.299,-3.383
-0.28,-2.275
-0.307,-1.501
-0.436,0.213
-0.485,-0.261
-0.366,-1.673
-0.503,-2.475
-0.528,-2.68
-0.609,0.03
-0.99,0.305
-0.983,-2.75
-1.29,-2.471
-1.219,-1.189
-1.308,-1.636
-1.525,-0.202
-1.416,-2.758
-1.621,-2.468
-1.641,-2.511
-2.092,-1.618
-2.02,-1.237
-2.198,-0.739
-2.209,-0.341
-2.162,-2.198
-2.37,-0.802
-2.207,-3.045
-2.449,-2.955
-2.451,-3.62
-2.929,-3.831
2.779,-3.98
2.651,-3.873
2.144,-3.905
1.564,-4.046
1.554,-4.009
1.191,-3.732
0.482,-3.94
0.322,-4.079
0.382,-3.978
0.158,-3.916
-0.021,-4.065
-0.31,-4.09
-0.614,-3.877
-0.989,-4.039
-1.236,-3.842
-1.624,-3.948
-2.015,-4.017
-2.438,0.462
-2.594,0.641
-2.667,0.639
-2.571,0.637
-2.609,0.562
2.766,0.591
0.969,0.445
0.869,0.421
0.712,0.528
0.029,0.25
-0.593,0.544
-1.128,0.353
2.699,-0.303
2.549,-0.08
2.549,-2.798
2.382,0.062
-0.45,-1.067
-0.998,-0.284
-1.133,-0.28
0.978,-2.592
0.461,-2.561
-0.695,-1.059
-0.691,-0.954
-1.718,-1.437
-1.705,-0.633
-1.862,-1.47
-1.857,-0.467
-2.918,-2.819
-2.917,-1.812
0.998,-1.66
-2.816,0.344
-0.747,-3.567
-0.875,0.446
0.082,-0.315
-0.091,-1.967
-0.109,-3.239
-0.09,-2.131
-0.117,-1.357
-0.246,0.357
-0.295,-0.117
-0.176,-1.529
-0.313,-2.331
-0.338,-2.536
-0.419,0.174
-0.8,0.449
-0.793,-2.606
-1.1,-2.327
-1.029,-1.045
-1.118,-1.492
-1.335,-0.058
-1.226,-2.614
-1.431,-2.324
-1.451,-2.367
-1.902,-1.474
-1.83,-1.093
-2.008,-0.595
-2.019,-0.197
-1.972,-2.054
-2.18,-0.658
-2.017,-2.901
-2.259,-2.811
-2.261,-3.476
-2.739,-3.687
2.969,-3.836
2.841,-3.729
2.334,-3.761
1.754,-3.902
1.744,-3.865
1.381,-3.588
0.672,-3.796
0.512,-3.935
0.572,-3.834
0.348,-3.772
0.169,-3.921
-0.12,-3.946
-0.424,-3.733
-0.799,-3.895
-1.046,-3.698
-1.434,-3.804
-1.825,-3.873
-2.248,0.606
-2.404,0.785
-2.477,0.783
-2.381,0.781
-2.419,0.706
2.956,0.735
1.159,0.589
1.059,0.565
0.902,0.672
0.219,0.394
-0.403,0.688
-0.938,0.497
2.889,-0.159
2.739,0.064
2.739,-2.654
2.572,0.206
-0.26,-0.923
-0.808,-0.14
-0.943,-0.136
1.168,-2.448
0.651,-2.417
-0.505,-0.915
-0.501,-0.81
-1.528,-1.293
-1.515,-0.489
-1.672,-1.326
-1.667,-0.323
-2.728,-2.675
-2.727,-1.668
1.188,-1.516
-2.626,0.488
-0.557,-3.423
-0.685,0.59
-0.173,-1.652
-0.191,-2.924
-0.172,-1.816
-0.199,-1.042
-0.328,0.672
-0.377,0.198
-0.258,-1.214
-0.395,-2.016
-0.42,-2.221
-0.501,0.489
-0.882,0.764
-0.875,-2.291
-1.182,-2.012
-1.111,-0.73
-1.2,-1.177
-1.417,0.257
-1.308,-2.299
-1.513,-2.009
-1.533,-2.052
-1.984,-1.159
-1.912,-0.778
-2.09,-0.28
-2.101,0.118
-2.054,-1.739
-2.262,-0.343
-2.099,-2.586
-2.341,-2.496
-2.343,-3.161
-2.821,-3.372
2.887,-3.521
2.759,-3.414
2.252,-3.446
1.672,-3.587
1.662,-3.55
1.299,-3.273
0.59,-3.481
0.43,-3.62
0.49,-3.519
0.266,-3.457
0.087,-3.606
-0.202,-3.631
-0.506,-3.418
-0.881,-3.58
-1.128,-3.383
-1.516,-3.489
-1.907,-3.558
-2.33,0.921
-2.486,1.1
-2.559,1.098
-2.463,1.096
-2.501,1.021
2.874,1.05
1.077,0.904
0.977,0.88
0.82,0.987
0.137,0.709
-0.485,1.003
-1.02,0.812
2.807,0.156
2.657,0.379
2.657,-2.339
2.49,0.521
-0.342,-0.608
-0.89,0.175
-1.025,0.179
1.086,-2.133
0.569,-2.102
-0.587,-0.6
-0.583,-0.495
-1.61,-0.978
-1.597,-0.174
-1.754,-1.011
-1.749,-0.008
-2.81,-2.36
-2.809,-1.353
1.106,-1.201
-2.708,0.803
-0.639,-3.108
-0.767,0.905
-0.018,-1.272
0.001,-0.164
-0.026,0.61
-0.155,2.324
-0.204,1.85
-0.085,0.438
-0.222,-0.364
-0.247,-0.569
-0.328,2.141
-0.709,2.416
-0.702,-0.639
-1.009,-0.36
-0.938,0.922
-1.027,0.475
-1.244,1.909
-1.135,-0.647
-1.34,-0.357
-1.36,-0.4
-1.811,0.493
-1.739,0.874
-1.917,1.372
-1.928,1.77
-1.881,-0.087
-2.089,1.309
-1.926,-0.934
-2.168,-0.844
-2.17,-1.509
-2.648,-1.72
3.06,-1.869
2.932,-1.762
2.425,-1.794
1.845,-1.935
1.835,-1.898
1.472,-1.621
0.763,-1.829
0.603,-1.968
0.663,-1.867
0.439,-1.805
0.26,-1.954
-0.029,-1.979
-0.333,-1.766
-0.708,-1.928
-0.955,-1.731
-1.343,-1.837
-1.734,-1.906
-2.157,2.573
-2.313,2.752
-2.386,2.75
-2.29,2.748
-2.328,2.673
3.047,2.702
1.25,2.556
1.15,2.532
0.993,2.639
0.31,2.361
-0.312,2.655
-0.847,2.464
2.98,1.808
2.83,2.031
2.83,-0.687
2.663,2.173
-0.169,1.044
-0.717,1.827
-0.852,1.831
1.259,-0.481
0.742,-0.45
-0.414,1.052
-0.41,1.157
-1.437,0.674
-1.424,1.478
-1.581,0.641
-1.576,1.644
-2.637,-0.708
-2.636,0.299
1.279,0.451
-2.535,2.455
-0.466,-1.456
-0.594,2.557
0.019,1.108
-0.008,1.882
-0.137,3.596
-0.186,3.122
-0.067,1.71
-0.204,0.908
-0.229,0.703
-0.31,3.413
-0.691,3.688
-0.684,0.633
-0.991,0.912
-0.92,2.194
-1.009,1.747
-1.226,3.181
-1.117,0.625
-1.322,0.915
-1.342,0.872
-1.793,1.765
-1.721,2.146
-1.899,2.644
-1.91,3.042
-1.863,1.185
-2.071,2.581
-1.908,0.338
-2.15,0.428
-2.152,-0.237
-2.63,-0.448
3.078,-0.597
2.95,-0.49
2.443,-0.522
1.863,-0.663
1.853,-0.626
1.49,-0.349
0.781,-0.557
0.621,-0.696
0.681,-0.595
0.457,-0.533
0.278,-0.682
-0.011,-0.707
-0.315,-0.494
-0.69,-0.656
-0.937,-0.459
-1.325,-0.565
-1.716,-0.634
-2.139,3.845
-2.295,4.024
-2.368,4.022
-2.272,4.02
-2.31,3.945
3.065,3.974
1.268,3.828
1.168,3.804
1.011,3.911
0.328,3.633
-0.294,3.927
-0.829,3.736
2.998,3.08
2.848,3.303
2.848,0.585
2.681,3.445
-0.151,2.316
-0.699,3.099
-0.834,3.103
1.277,0.791
0.76,0.822
-0.396,2.324
-0.392,2.429
-1.419,1.946
-1.406,2.75
-1.563,1.913
-1.558,2.916
-2.619,0.564
-2.618,1.571
1.297,1.723
-2.517,3.727
-0.448,-0.184
-0.576,3.829
-0.027,0.774
-0.156,2.488
-0.205,2.014
-0.086,0.602
-0.223,-0.2
-0.248,-0.405
-0.329,2.305
-0.71,2.58
-0.703,-0.475
-1.01,-0.196
-0.939,1.086
-1.028,0.639
-1.245,2.073
-1.136,-0.483
-1.341,-0.193
-1.361,-0.236
-1.812,0.657
-1.74,1.038
-1.918,1.536
-1.929,1.934
-1.882,0.077
-2.09,1.473
-1.927,-0.77
-2.169,-0.68
-2.171,-1.345
-2.649,-1.556
3.059,-1.705
2.931,-1.598
2.424,-1.63
1.844,-1.771
1.834,-1.734
1.471,-1.457
0.762,-1.665
0.602,-1.804
0.662,-1.703
0.438,-1.641
0.259,-1.79
-0.03,-1.815
-0.334,-1.602
-0.709,-1.764
-0.956,-1.567
-1.344,-1.673
-1.735,-1.742
-2.158,2.737
-2.314,2.916
-2.387,2.914
-2.291,2.912
-2.329,2.837
3.046,2.866
1.249,2.72
1.149,2.696
0.992,2.803
0.309,2.525
-0.313,2.819
-0.848,2.628
2.979,1.972
2.829,2.195
2.829,-0.523
2.662,2.337
-0.17,1.208
-0.718,1.991
-0.853,1.995
1.258,-0.317
0.741,-0.286
-0.415,1.216
-0.411,1.321
-1.438,0.838
-1.425,1.642
-1.582,0.805
-1.577,1.808
-2.638,-0.544
-2.637,0.463
1.278,0.615
-2.536,2.619
-0.467,-1.292
-0.595,2.721
-0.129,1.714
-0.178,1.24
-0.059,-0.172
-0.196,-0.974
-0.221,-1.179
-0.302,1.531
-0.683,1.806
-0.676,-1.249
-0.983,-0.97
-0.912,0.312
-1.001,-0.135
-1.218,1.299
-1.109,-1.257
-1.314,-0.967
-1.334,-1.01
-1.785,-0.117
-1.713,0.264
-1.891,0.762
-1.902,1.16
-1.855,-0.697
-2.063,0.699
-1.9,-1.544
-2.142,-1.454
-2.144,-2.119
-2.622,-2.33
3.086,-2.479
2.958,-2.372
2.451,-2.404
1.871,-2.545
1.861,-2.508
1.498,-2.231
0.789,-2.439
0.629,-2.578
0.689,-2.477
0.465,-2.415
0.286,-2.564
-0.003,-2.589
-0.307,-2.376
-0.682,-2.538
-0.929,-2.341
-1.317,-2.447
-1.708,-2.516
-2.131,1.963
-2.287,2.142
-2.36,2.14
-2.264,2.138
-2.302,2.063
3.073,2.092
1.276,1.946
1.176,1.922
1.019,2.029
0.336,1.751
-0.286,2.045
-0.821,1.854
3.006,1.198
2.856,1.421
2.856,-1.297
2.689,1.563
-0.143,0.434
-0.691,1.217
-0.826,1.221
1.285,-1.091
0.768,-1.06
-0.388,0.442
-0.384,0.547
-1.411,0.064
-1.398,0.868
-1.555,0.031
-1.55,1.034
-2.611,-1.318
-2.61,-0.311
1.305,-0.159
-2.509,1.845
-0.44,-2.066
-0.568,1.947
-0.049,-0.474
0.07,-1.886
-0.067,-2.688
-0.092,-2.893
-0.173,-0.183
-0.554,0.092
-0.547,-2.963
-0.854,-2.684
-0.783,-1.402
-0.872,-1.849
-1.089,-0.415
-0.98,-2.971
-1.185,-2.681
-1.205,-2.724
-1.656,-1.831
-1.584,-1.45
-1.762,-0.952
-1.773,-0.554
-1.726,-2.411
-1.934,-1.015
-1.771,-3.258
-2.013,-3.168
-2.015,-3.833
-2.493,-4.044
-3.068,-4.193
3.087,-4.086
2.58,-4.118
2.0,-4.259
1.99,-4.222
1.627,-3.945
0.918,-4.153
0.758,-4.292
0.818,-4.191
0.594,-4.129
0.415,-4.278
0.126,-4.303
-0.178,-4.09
-0.553,-4.252
-0.8,-4.055
-1.188,-4.161
-1.579,-4.23
-2.002,0.249
-2.158,0.428
-2.231,0.426
-2.135,0.424
-2.173,0.349
-3.081,0.378
1.405,0.232
1.305,0.208
1.148,0.315
0.465,0.037
-0.157,0.331
-0.692,0.14
3.135,-0.516
2.985,-0.293
2.985,-3.011
2.818,-0.151
-0.014,-1.28
-0.562,-0.497
-0.697,-0.493
1.414,-2.805
0.897,-2.774
-0.259,-1.272
-0.255,-1.167
-1.282,-1.65
-1.269,-0.846
-1.426,-1.683
-1.421,-0.68
-2.482,-3.032
-2.481,-2.025
1.434,-1.873
-2.38,0.131
-0.311,-3.78
-0.439,0.233
0.119,-1.412
-0.018,-2.214
-0.043,-2.419
-0.124,0.291
-0.505,0.566
-0.498,-2.489
-0.805,-2.21
-0.734,-0.928
-0.823,-1.375
-1.04,0.059
-0.931,-2.497
-1.136,-2.207
-1.156,-2.25
-1.607,-1.357
-1.535,-0.976
-1.713,-0.478
-1.724,-0.08
-1.677,-1.937
-1.885,-0.541
-1.722,-2.784
-1.964,-2.694
-1.966,-3.359
-2.444,-3.57
-3.019,-3.719
3.136,-3.612
2.629,-3.644
2.049,-3.785
2.039,-3.748
1.676,-3.471
0.967,-3.679
0.807,-3.818
0.867,-3.717
0.643,-3.655
0.464,-3.804
0.175,-3.829
-0.129,-3.616
-0.504,-3.778
-0.751,-3.581
-1.139,-3.687
-1.53,-3.756
-1.953,0.723
-2.109,0.902
-2.182,0.9
-2.086,0.898
-2.124,0.823
-3.032,0.852
1.454,0.706
1.354,0.682
1.197,0.789
0.514,0.511
-0.108,0.805
-0.643,0.614
-3.099,-0.042
3.034,0.181
3.034,-2.537
2.867,0.323
0.035,-0.806
-0.513,-0.023
-0.648,-0.019
1.463,-2.331
0.946,-2.3
-0.21,-0.798
-0.206,-0.693
-1.233,-1.176
-1.22,-0.372
-1.377,-1.209
-1.372,-0.206
-2.433,-2.558
-2.432,-1.551
1.483,-1.399
-2.331,0.605
-0.262,-3.306
-0.39,0.707
-0.137,-0.802
-0.162,-1.007
-0.243,1.703
-0.624,1.978
-0.617,-1.077
-0.924,-0.798
-0.853,0.484
-0.942,0.037
-1.159,1.471
-1.05,-1.085
-1.255,-0.795
-1.275,-0.838
-1.726,0.055
-1.654,0.436
-1.832,0.934
-1.843,1.332
-1.796,-0.525
-2.004,0.871
-1.841,-1.372
-2.083,-1.282
-2.085,-1.947
-2.563,-2.158
-3.138,-2.307
3.017,-2.2
2.51,-2.232
1.93,-2.373
1.92,-2.336
1.557,-2.059
0.848,-2.267
0.688,-2.406
0.748,-2.305
0.524,-2.243
0.345,-2.392
0.056,-2.417
-0.248,-2.204
-0.623,-2.366
-0.87,-2.169
-1.258,-2.275
-1.649,-2.344
-2.072,2.135
-2.228,2.314
-2.301,2.312
-2.205,2.31
-2.243,2.235
3.132,2.264
1.335,2.118
1.235,2.094
1.078,2.201
0.395,1.923
-0.227,2.217
-0.762,2.026
3.065,1.37
2.915,1.593
2.915,-1.125
2.748,1.735
-0.084,0.606
-0.632,1.389
-0.767,1.393
1.344,-0.919
0.827,-0.888
-0.329,0.614
-0.325,0.719
-1.352,0.236
-1.339,1.04
-1.496,0.203
-1.491,1.206
-2.552,-1.146
-2.551,-0.139
1.364,0.013
-2.45,2.017
-0.381,-1.894
-0.509,2.119
-0.025,-0.205
-0.106,2.505
-0.487,2.78
-0.48,-0.275
-0.787,0.004
-0.716,1.286
-0.805,0.839
-1.022,2.273
-0.913,-0.283
-1.118,0.007
-1.138,-0.036
-1.589,0.857
-1.517,1.238
-1.695,1.736
-1.706,2.134
-1.659,0.277
-1.867,1.673
-1.704,-0.57
-1.946,-0.48
-1.948,-1.145
-2.426,-1.356
-3.001,-1.505
-3.129,-1.398
2.647,-1.43
2.067,-1.571
2.057,-1.534
1.694,-1.257
0.985,-1.465
0.825,-1.604
0.885,-1.503
0.661,-1.441
0.482,-1.59
0.193,-1.615
-0.111,-1.402
-0.486,-1.564
-0.733,-1.367
-1.121,-1.473
-1.512,-1.542
-1.935,2.937
-2.091,3.116
-2.164,3.114
-2.068,3.112
-2.106,3.037
-3.014,3.066
1.472,2.92
1.372,2.896
1.215,3.003
0.532,2.725
-0.09,3.019
-0.625,2.828
-3.081,2.172
3.052,2.395
3.052,-0.323
2.885,2.537
0.053,1.408
-0.495,2.191
-0.63,2.195
1.481,-0.117
0.964,-0.086
-0.192,1.416
-0.188,1.521
-1.215,1.038
-1.202,1.842
-1.359,1.005
-1.354,2.008
-2.415,-0.344
-2.414,0.663
1.501,0.815
-2.313,2.819
-0.244,-1.092
-0.372,2.921
-0.081,2.71
-0.462,2.985
-0.455,-0.07
-0.762,0.209
-0.691,1.491
-0.78,1.044
-0.997,2.478
-0.888,-0.078
-1.093,0.212
-1.113,0.169
-1.564,1.062
-1.492,1.443
-1.67,1.941
-1.681,2.339
-1.634,0.482
-1.842,1.878
-1.679,-0.365
-1.921,-0.275
-1.923,-0.94
-2.401,-1.151
-2.976,-1.3
-3.104,-1.193
2.672,-1.225
2.092,-1.366
2.082,-1.329
1.719,-1.052
1.01,-1.26
0.85,-1.399
0.91,-1.298
0.686,-1.236
0.507,-1.385
0.218,-1.41
-0.086,-1.197
-0.461,-1.359
-0.708,-1.162
-1.096,-1.268
-1.487,-1.337
-1.91,3.142
-2.066,3.321
-2.139,3.319
-2.043,3.317
-2.081,3.242
-2.989,3.271
1.497,3.125
1.397,3.101
1.24,3.208
0.557,2.93
-0.065,3.224
-0.6,3.033
-3.056,2.377
3.077,2.6
3.077,-0.118
2.91,2.742
0.078,1.613
-0.47,2.396
-0.605,2.4
1.506,0.088
0.989,0.119
-0.167,1.621
-0.163,1.726
-1.19,1.243
-1.177,2.047
-1.334,1.21
-1.329,2.213
-2.39,-0.139
-2.389,0.868
1.526,1.02
-2.288,3.024
-0.219,-0.887
-0.347,3.126
-0.381,0.275
-0.374,-2.78
-0.681,-2.501
-0.61,-1.219
-0.699,-1.666
-0.916,-0.232
-0.807,-2.788
-1.012,-2.498
-1.032,-2.541
-1.483,-1.648
-1.411,-1.267
-1.589,-0.769
-1.6,-0.371
-1.553,-2.228
-1.761,-0.832
-1.598,-3.075
-1.84,-2.985
-1.842,-3.65
-2.32,-3.861
-2.895,-4.01
-3.023,-3.903
2.753,-3.935
2.173,-4.076
2.163,-4.039
1.8,-3.762
1.091,-3.97
0.931,-4.109
0.991,-4.008
0.767,-3.946
0.588,-4.095
0.299,-4.12
-0.005,-3.907
-0.38,-4.069
-0.627,-3.872
-1.015,-3.978
-1.406,-4.047
-1.829,0.432
-1.985,0.611
-2.058,0.609
-1.962,0.607
-2.0,0.532
-2.908,0.561
1.578,0.415
1.478,0.391
1.321,0.498
0.638,0.22
0.016,0.514
-0.519,0.323
-2.975,-0.333
-3.125,-0.11
-3.125,-2.828
2.991,0.032
0.159,-1.097
-0.389,-0.314
-0.524,-0.31
1.587,-2.622
1.07,-2.591
-0.086,-1.089
-0.082,-0.984
-1.109,-1.467
-1.096,-0.663
-1.253,-1.5
-1.248,-0.497
-2.309,-2.849
-2.308,-1.842
1.607,-1.69
-2.207,0.314
-0.138,-3.597
-0.266,0.416
0.007,-3.055
-0.3,-2.776
-0.229,-1.494
-0.318,-1.941
-0.535,-0.507
-0.426,-3.063
-0.631,-2.773
-0.651,-2.816
-1.102,-1.923
-1.03,-1.542
-1.208,-1.044
-1.219,-0.646
-1.172,-2.503
-1.38,-1.107
-1.217,-3.35
-1.459,-3.26
-1.461,-3.925
-1.939,-4.136
-2.514,-4.285
-2.642,-4.178
3.134,-4.21
2.554,-4.351
2.544,-4.314
2.181,-4.037
1.472,-4.245
1.312,-4.384
1.372,-4.283
1.148,-4.221
0.969,-4.37
0.68,-4.395
0.376,-4.182
0.001,-4.344
-0.246,-4.147
-0.634,-4.253
-1.025,-4.322
-1.448,0.157
-1.604,0.336
-1.677,0.334
-1.581,0.332
-1.619,0.257
-2.527,0.286
1.959,0.14
1.859,0.116
1.702,0.223
1.019,-0.055
0.397,0.239
-0.138,0.048
-2.594,-0.608
-2.744,-0.385
-2.744,-3.103
-2.911,-0.243
0.54,-1.372
-0.008,-0.589
-0.143,-0.585
1.968,-2.897
1.451,-2.866
0.295,-1.364
0.299,-1.259
-0.728,-1.742
-0.715,-0.938
-0.872,-1.775
-0.867,-0.772
-1.928,-3.124
-1.927,-2.117
1.988,-1.965
-1.826,0.039
0.243,-3.872
0.115,0.141
-0.307,0.279
-0.236,1.561
-0.325,1.114
-0.542,2.548
-0.433,-0.008
-0.638,0.282
-0.658,0.239
-1.109,1.132
-1.037,1.513
-1.215,2.011
-1.226,2.409
-1.179,0.552
-1.387,1.948
-1.224,-0.295
-1.466,-0.205
-1.468,-0.87
-1.946,-1.081
-2.521,-1.23
-2.649,-1.123
3.127,-1.155
2.547,-1.296
2.537,-1.259
2.174,-0.982
1.465,-1.19
1.305,-1.329
1.365,-1.228
1.141,-1.166
0.962,-1.315
0.673,-1.34
0.369,-1.127
-0.006,-1.289
-0.253,-1.092
-0.641,-1.198
-1.032,-1.267
-1.455,3.212
-1.611,3.391
-1.684,3.389
-1.588,3.387
-1.626,3.312
-2.534,3.341
1.952,3.195
1.852,3.171
1.695,3.278
1.012,3.0
0.39,3.294
-0.145,3.103
-2.601,2.447
-2.751,2.67
-2.751,-0.048
-2.918,2.812
0.533,1.683
-0.015,2.466
-0.15,2.47
1.961,0.158
1.444,0.189
0.288,1.691
0.292,1.796
-0.735,1.313
-0.722,2.117
-0.879,1.28
-0.874,2.283
-1.935,-0.069
-1.934,0.938
1.981,1.09
-1.833,3.094
0.236,-0.817
0.108,3.196
0.071,1.282
-0.018,0.835
-0.235,2.269
-0.126,-0.287
-0.331,0.003
-0.351,-0.04
-0.802,0.853
-0.73,1.234
-0.908,1.732
-0.919,2.13
-0.872,0.273
-1.08,1.669
-0.917,-0.574
-1.159,-0.484
-1.161,-1.149
-1.639,-1.36
-2.214,-1.509
-2.342,-1.402
-2.849,-1.434
2.854,-1.575
2.844,-1.538
2.481,-1.261
1.772,-1.469
1.612,-1.608
1.672,-1.507
1.448,-1.445
1.269,-1.594
0.98,-1.619
0.676,-1.406
0.301,-1.568
0.054,-1.371
-0.334,-1.477
-0.725,-1.546
-1.148,2.933
-1.304,3.112
-1.377,3.11
-1.281,3.108
-1.319,3.033
-2.227,3.062
2.259,2.916
2.159,2.892
2.002,2.999
1.319,2.721
0.697,3.015
0.162,2.824
-2.294,2.168
-2.444,2.391
-2.444,-0.327
-2.611,2.533
0.84,1.404
0.292,2.187
0.157,2.191
2.268,-0.121
1.751,-0.09
0.595,1.412
0.599,1.517
-0.428,1.034
-0.415,1.838
-0.572,1.001
-0.567,2.004
-1.628,-0.348
-1.627,0.659
2.288,0.811
-1.526,2.815
0.543,-1.096
0.415,2.917
-0.089,-0.447
-0.306,0.987
-0.197,-1.569
-0.402,-1.279
-0.422,-1.322
-0.873,-0.429
-0.801,-0.048
-0.979,0.45
-0.99,0.848
-0.943,-1.009
-1.151,0.387
-0.988,-1.856
-1.23,-1.766
-1.232,-2.431
-1.71,-2.642
-2.285,-2.791
-2.413,-2.684
-2.92,-2.716
2.783,-2.857
2.773,-2.82
2.41,-2.543
1.701,-2.751
1.541,-2.89
1.601,-2.789
1.377,-2.727
1.198,-2.876
0.909,-2.901
0.605,-2.688
0.23,-2.85
-0.017,-2.653
-0.405,-2.759
-0.796,-2.828
-1.219,1.651
-1.375,1.83
-1.448,1.828
-1.352,1.826
-1.39,1.751
-2.298,1.78
2.188,1.634
2.088,1.61
1.931,1.717
1.248,1.439
0.626,1.733
0.091,1.542
-2.365,0.886
-2.515,1.109
-2.515,-1.609
-2.682,1.251
0.769,0.122
0.221,0.905
0.086,0.909
2.197,-1.403
1.68,-1.372
0.524,0.13
0.528,0.235
-0.499,-0.248
-0.486,0.556
-0.643,-0.281
-0.638,0.722
-1.699,-1.63
-1.698,-0.623
2.217,-0.471
-1.597,1.533
0.472,-2.378
0.344,1.635
-0.217,1.434
-0.108,-1.122
-0.313,-0.832
-0.333,-0.875
-0.784,0.018
-0.712,0.399
-0.89,0.897
-0.901,1.295
-0.854,-0.562
-1.062,0.834
-0.899,-1.409
-1.141,-1.319
-1.143,-1.984
-1.621,-2.195
-2.196,-2.344
-2.324,-2.237
-2.831,-2.269
2.872,-2.41
2.862,-2.373
2.499,-2.096
1.79,-2.304
1.63,-2.443
1.69,-2.342
1.466,-2.28
1.287,-2.429
0.998,-2.454
0.694,-2.241
0.319,-2.403
0.072,-2.206
-0.316,-2.312
-0.707,-2.381
-1.13,2.098
-1.286,2.277
-1.359,2.275
-1.263,2.273
-1.301,2.198
-2.209,2.227
2.277,2.081
2.177,2.057
2.02,2.164
1.337,1.886
0.715,2.18
0.18,1.989
-2.276,1.333
-2.426,1.556
-2.426,-1.162
-2.593,1.698
0.858,0.569
0.31,1.352
0.175,1.356
2.286,-0.956
1.769,-0.925
0.613,0.577
0.617,0.682
-0.41,0.199
-0.397,1.003
-0.554,0.166
-0.549,1.169
-1.61,-1.183
-1.609,-0.176
2.306,-0.024
-1.508,1.98
0.561,-1.931
0.433,2.082
0.109,-2.556
-0.096,-2.266
-0.116,-2.309
-0.567,-1.416
-0.495,-1.035
-0.673,-0.537
-0.684,-0.139
-0.637,-1.996
-0.845,-0.6
-0.682,-2.843
-0.924,-2.753
-0.926,-3.418
-1.404,-3.629
-1.979,-3.778
-2.107,-3.671
-2.614,-3.703
3.089,-3.844
3.079,-3.807
2.716,-3.53
2.007,-3.738
1.847,-3.877
1.907,-3.776
1.683,-3.714
1.504,-3.863
1.215,-3.888
0.911,-3.675
0.536,-3.837
0.289,-3.64
-0.099,-3.746
-0.49,-3.815
-0.913,0.664
-1.069,0.843
-1.142,0.841
-1.046,0.839
-1.084,0.764
-1.992,0.793
2.494,0.647
2.394,0.623
2.237,0.73
1.554,0.452
0.932,0.746
0.397,0.555
-2.059,-0.101
-2.209,0.122
-2.209,-2.596
-2.376,0.264
1.075,-0.865
0.527,-0.082
0.392,-0.078
2.503,-2.39
1.986,-2.359
0.83,-0.857
0.834,-0.752
-0.193,-1.235
-0.18,-0.431
-0.337,-1.268
-0.332,-0.265
-1.393,-2.617
-1.392,-1.61
2.523,-1.458
-1.291,0.546
0.778,-3.365
0.65,0.648
-0.205,0.29
-0.225,0.247
-0.676,1.14
-0.604,1.521
-0.782,2.019
-0.793,2.417
-0.746,0.56
-0.954,1.956
-0.791,-0.287
-1.033,-0.197
-1.035,-0.862
-1.513,-1.073
-2.088,-1.222
-2.216,-1.115
-2.723,-1.147
2.98,-1.288
2.97,-1.251
2.607,-0.974
1.898,-1.182
1.738,-1.321
1.798,-1.22
1.574,-1.158
1.395,-1.307
1.106,-1.332
0.802,-1.119
0.427,-1.281
0.18,-1.084
-0.208,-1.19
-0.599,-1.259
-1.022,3.22
-1.178,3.399
-1.251,3.397
-1.155,3.395
-1.193,3.32
-2.101,3.349
2.385,3.203
2.285,3.179
2.128,3.286
1.445,3.008
0.823,3.302
0.288,3.111
-2.168,2.455
-2.318,2.678
-2.318,-0.04
-2.485,2.82
0.966,1.691
0.418,2.474
0.283,2.478
2.394,0.166
1.877,0.197
0.721,1.699
0.725,1.804
-0.302,1.321
-0.289,2.125
-0.446,1.288
-0.441,2.291
-1.502,-0.061
-1.501,0.946
2.414,1.098
-1.4,3.102
0.669,-0.809
0.541,3.204
-0.02,-0.043
-0.471,0.85
-0.399,1.231
-0.577,1.729
-0.588,2.127
-0.541,0.27
-0.749,1.666
-0.586,-0.577
-0.828,-0.487
-0.83,-1.152
-1.308,-1.363
-1.883,-1.512
-2.011,-1.405
-2.518,-1.437
-3.098,-1.578
-3.108,-1.541
2.812,-1.264
2.103,-1.472
1.943,-1.611
2.003,-1.51
1.779,-1.448
1.6,-1.597
1.311,-1.622
1.007,-1.409
0.632,-1.571
0.385,-1.374
-0.003,-1.48
-0.394,-1.549
-0.817,2.93
-0.973,3.109
-1.046,3.107
-0.95,3.105
-0.988,3.03
-1.896,3.059
2.59,2.913
2.49,2.889
2.333,2.996
1.65,2.718
1.028,3.012
0.493,2.821
-1.963,2.165
-2.113,2.388
-2.113,-0.33
-2.28,2.53
1.171,1.401
0.623,2.184
0.488,2.188
2.599,-0.124
2.082,-0.093
0.926,1.409
0.93,1.514
-0.097,1.031
-0.084,1.835
-0.241,0.998
-0.236,2.001
-1.297,-0.351
-1.296,0.656
2.619,0.808
-1.195,2.812
0.874,-1.099
0.746,2.914
-0.451,0.893
-0.379,1.274
-0.557,1.772
-0.568,2.17
-0.521,0.313
-0.729,1.709
-0.566,-0.534
-0.808,-0.444
-0.81,-1.109
-1.288,-1.32
-1.863,-1.469
-1.991,-1.362
-2.498,-1.394
-3.078,-1.535
-3.088,-1.498
2.832,-1.221
2.123,-1.429
1.963,-1.568
2.023,-1.467
1.799,-1.405
1.62,-1.554
1.331,-1.579
1.027,-1.366
0.652,-1.528
0.405,-1.331
0.017,-1.437
-0.374,-1.506
-0.797,2.973
-0.953,3.152
-1.026,3.15
-0.93,3.148
-0.968,3.073
-1.876,3.102
2.61,2.956
2.51,2.932
2.353,3.039
1.67,2.761
1.048,3.055
0.513,2.864
-1.943,2.208
-2.093,2.431
-2.093,-0.287
-2.26,2.573
1.191,1.444
0.643,2.227
0.508,2.231
2.619,-0.081
2.102,-0.05
0.946,1.452
0.95,1.557
-0.077,1.074
-0.064,1.878
-0.221,1.041
-0.216,2.044
-1.277,-0.308
-1.276,0.699
2.639,0.851
-1.175,2.855
0.894,-1.056
0.766,2.957
0.072,0.381
-0.106,0.879
-0.117,1.277
-0.07,-0.58
-0.278,0.816
-0.115,-1.427
-0.357,-1.337
-0.359,-2.002
-0.837,-2.213
-1.412,-2.362
-1.54,-2.255
-2.047,-2.287
-2.627,-2.428
-2.637,-2.391
-3.0,-2.114
2.574,-2.322
2.414,-2.461
2.474,-2.36
2.25,-2.298
2.071,-2.447
1.782,-2.472
1.478,-2.259
1.103,-2.421
0.856,-2.224
0.468,-2.33
0.077,-2.399
-0.346,2.08
-0.502,2.259
-0.575,2.257
-0.479,2.255
-0.517,2.18
-1.425,2.209
3.061,2.063
2.961,2.039
2.804,2.146
2.121,1.868
1.499,2.162
0.964,1.971
-1.492,1.315
-1.642,1.538
-1.642,-1.18
-1.809,1.68
1.642,0.551
1.094,1.334
0.959,1.338
3.07,-0.974
2.553,-0.943
1.397,0.559
1.401,0.664
0.374,0.181
0.387,0.985
0.23,0.148
0.235,1.151
-0.826,-1.201
-0.825,-0.194
3.09,-0.042
-0.724,1.962
1.345,-1.949
1.217,2.064
-0.178,0.498
-0.189,0.896
-0.142,-0.961
-0.35,0.435
-0.187,-1.808
-0.429,-1.718
-0.431,-2.383
-0.909,-2.594
-1.484,-2.743
-1.612,-2.636
-2.119,-2.668
-2.699,-2.809
-2.709,-2.772
-3.072,-2.495
2.502,-2.703
2.342,-2.842
2.402,-2.741
2.178,-2.679
1.999,-2.828
1.71,-2.853
1.406,-2.64
1.031,-2.802
0.784,-2.605
0.396,-2.711
0.005,-2.78
-0.418,1.699
-0.574,1.878
-0.647,1.876
-0.551,1.874
-0.589,1.799
-1.497,1.828
2.989,1.682
2.889,1.658
2.732,1.765
2.049,1.487
1.427,1.781
0.892,1.59
-1.564,0.934
-1.714,1.157
-1.714,-1.561
-1.881,1.299
1.57,0.17
1.022,0.953
0.887,0.957
2.998,-1.355
2.481,-1.324
1.325,0.178
1.329,0.283
0.302,-0.2
0.315,0.604
0.158,-0.233
0.163,0.77
-0.898,-1.582
-0.897,-0.575
3.018,-0.423
-0.796,1.581
1.273,-2.33
1.145,1.683
-0.011,0.398
0.036,-1.459
-0.172,-0.063
-0.009,-2.306
-0.251,-2.216
-0.253,-2.881
-0.731,-3.092
-1.306,-3.241
-1.434,-3.134
-1.941,-3.166
-2.521,-3.307
-2.531,-3.27
-2.894,-2.993
2.68,-3.201
2.52,-3.34
2.58,-3.239
2.356,-3.177
2.177,-3.326
1.888,-3.351
1.584,-3.138
1.209,-3.3
0.962,-3.103
0.574,-3.209
0.183,-3.278
-0.24,1.201
-0.396,1.38
-0.469,1.378
-0.373,1.376
-0.411,1.301
-1.319,1.33
-3.116,1.184
3.067,1.16
2.91,1.267
2.227,0.989
1.605,1.283
1.07,1.092
-1.386,0.436
-1.536,0.659
-1.536,-2.059
-1.703,0.801
1.748,-0.328
1.2,0.455
1.065,0.459
-3.107,-1.853
2.659,-1.822
1.503,-0.32
1.507,-0.215
0.48,-0.698
0.493,0.106
0.336,-0.731
0.341,0.272
-0.72,-2.08
-0.719,-1.073
-3.087,-0.921
-0.618,1.083
1.451,-2.828
1.323,1.185
0.047,-1.857
-0.161,-0.461
0.002,-2.704
-0.24,-2.614
-0.242,-3.279
-0.72,-3.49
-1.295,-3.639
-1.423,-3.532
-1.93,-3.564
-2.51,-3.705
-2.52,-3.668
-2.883,-3.391
2.691,-3.599
2.531,-3.738
2.591,-3.637
2.367,-3.575
2.188,-3.724
1.899,-3.749
1.595,-3.536
1.22,-3.698
0.973,-3.501
0.585,-3.607
0.194,-3.676
-0.229,0.803
-0.385,0.982
-0.458,0.98
-0.362,0.978
-0.4,0.903
-1.308,0.932
-3.105,0.786
3.078,0.762
2.921,0.869
2.238,0.591
1.616,0.885
1.081,0.694
-1.375,0.038
-1.525,0.261
-1.525,-2.457
-1.692,0.403
1.759,-0.726
1.211,0.057
1.076,0.061
-3.096,-2.251
2.67,-2.22
1.514,-0.718
1.518,-0.613
0.491,-1.096
0.504,-0.292
0.347,-1.129
0.352,-0.126
-0.709,-2.478
-0.708,-1.471
-3.076,-1.319
-0.607,0.685
1.462,-3.226
1.334,0.787
-0.208,1.396
-0.045,-0.847
-0.287,-0.757
-0.289,-1.422
-0.767,-1.633
-1.342,-1.782
-1.47,-1.675
-1.977,-1.707
-2.557,-1.848
-2.567,-1.811
-2.93,-1.534
2.644,-1.742
2.484,-1.881
2.544,-1.78
2.32,-1.718
2.141,-1.867
1.852,-1.892
1.548,-1.679
1.173,-1.841
0.926,-1.644
0.538,-1.75
0.147,-1.819
-0.276,2.66
-0.432,2.839
-0.505,2.837
-0.409,2.835
-0.447,2.76
-1.355,2.789
3.131,2.643
3.031,2.619
2.874,2.726
2.191,2.448
1.569,2.742
1.034,2.551
-1.422,1.895
-1.572,2.118
-1.572,-0.6
-1.739,2.26
1.712,1.131
1.164,1.914
1.029,1.918
3.14,-0.394
2.623,-0.363
1.467,1.139
1.471,1.244
0.444,0.761
0.457,1.565
0.3,0.728
0.305,1.731
-0.756,-0.621
-0.755,0.386
-3.123,0.538
-0.654,2.542
1.415,-1.369
1.287,2.644
0.163,-2.243
-0.079,-2.153
-0.081,-2.818
-0.559,-3.029
-1.134,-3.178
-1.262,-3.071
-1.769,-3.103
-2.349,-3.244
-2.359,-3.207
-2.722,-2.93
2.852,-3.138
2.692,-3.277
2.752,-3.176
2.528,-3.114
2.349,-3.263
2.06,-3.288
1.756,-3.075
1.381,-3.237
1.134,-3.04
0.746,-3.146
0.355,-3.215
-0.068,1.264
-0.224,1.443
-0.297,1.441
-0.201,1.439
-0.239,1.364
-1.147,1.393
-2.944,1.247
-3.044,1.223
3.082,1.33
2.399,1.052
1.777,1.346
1.242,1.155
-1.214,0.499
-1.364,0.722
-1.364,-1.996
-1.531,0.864
1.92,-0.265
1.372,0.518
1.237,0.522
-2.935,-1.79
2.831,-1.759
1.675,-0.257
1.679,-0.152
0.652,-0.635
0.665,0.169
0.508,-0.668
0.513,0.335
-0.548,-2.017
-0.547,-1.01
-2.915,-0.858
-0.446,1.146
1.623,-2.765
1.495,1.248
-0.242,0.09
-0.244,-0.575
-0.722,-0.786
-1.297,-0.935
-1.425,-0.828
-1.932,-0.86
-2.512,-1.001
-2.522,-0.964
-2.885,-0.687
2.689,-0.895
2.529,-1.034
2.589,-0.933
2.365,-0.871
2.186,-1.02
1.897,-1.045
1.593,-0.832
1.218,-0.994
0.971,-0.797
0.583,-0.903
0.192,-0.972
-0.231,3.507
-0.387,3.686
-0.46,3.684
-0.364,3.682
-0.402,3.607
-1.31,3.636
-3.107,3.49
3.076,3.466
2.919,3.573
2.236,3.295
1.614,3.589
1.079,3.398
-1.377,2.742
-1.527,2.965
-1.527,0.247
-1.694,3.107
1.757,1.978
1.209,2.761
1.074,2.765
-3.098,0.453
2.668,0.484
1.512,1.986
1.516,2.091
0.489,1.608
0.502,2.412
0.345,1.575
0.35,2.578
-0.711,0.226
-0.71,1.233
-3.078,1.385
-0.609,3.389
1.46,-0.522
1.332,3.491
-0.002,-0.665
-0.48,-0.876
-1.055,-1.025
-1.183,-0.918
-1.69,-0.95
-2.27,-1.091
-2.28,-1.054
-2.643,-0.777
2.931,-0.985
2.771,-1.124
2.831,-1.023
2.607,-0.961
2.428,-1.11
2.139,-1.135
1.835,-0.922
1.46,-1.084
1.213,-0.887
0.825,-0.993
0.434,-1.062
0.011,3.417
-0.145,3.596
-0.218,3.594
-0.122,3.592
-0.16,3.517
-1.068,3.546
-2.865,3.4
-2.965,3.376
-3.122,3.483
2.478,3.205
1.856,3.499
1.321,3.308
-1.135,2.652
-1.285,2.875
-1.285,0.157
-1.452,3.017
1.999,1.888
1.451,2.671
1.316,2.675
-2.856,0.363
2.91,0.394
1.754,1.896
1.758,2.001
0.731,1.518
0.744,2.322
0.587,1.485
0.592,2.488
-0.469,0.136
-0.468,1.143
-2.836,1.295
-0.367,3.299
1.702,-0.612
1.574,3.401
-0.478,-0.211
-1.053,-0.36
-1.181,-0.253
-1.688,-0.285
-2.268,-0.426
-2.278,-0.389
-2.641,-0.112
2.933,-0.32
2.773,-0.459
2.833,-0.358
2.609,-0.296
2.43,-0.445
2.141,-0.47
1.837,-0.257
1.462,-0.419
1.215,-0.222
0.827,-0.328
0.436,-0.397
0.013,4.082
-0.143,4.261
-0.216,4.259
-0.12,4.257
-0.158,4.182
-1.066,4.211
-2.863,4.065
-2.963,4.041
-3.12,4.148
2.48,3.87
1.858,4.164
1.323,3.973
-1.133,3.317
-1.283,3.54
-1.283,0.822
-1.45,3.682
2.001,2.553
1.453,3.336
1.318,3.34
-2.854,1.028
2.912,1.059
1.756,2.561
1.76,2.666
0.733,2.183
0.746,2.987
0.589,2.15
0.594,3.153
-0.467,0.801
-0.466,1.808
-2.834,1.96
-0.365,3.964
1.704,0.053
1.576,4.066
-0.575,-0.149
-0.703,-0.042
-1.21,-0.074
-1.79,-0.215
-1.8,-0.178
-2.163,0.099
-2.872,-0.109
-3.032,-0.248
-2.972,-0.147
3.087,-0.085
2.908,-0.234
2.619,-0.259
2.315,-0.046
1.94,-0.208
1.693,-0.011
1.305,-0.117
0.914,-0.186
0.491,4.293
0.335,4.472
0.262,4.47
0.358,4.468
0.32,4.393
-0.588,4.422
-2.385,4.276
-2.485,4.252
-2.642,4.359
2.958,4.081
2.336,4.375
1.801,4.184
-0.655,3.528
-0.805,3.751
-0.805,1.033
-0.972,3.893
2.479,2.764
1.931,3.547
1.796,3.551
-2.376,1.239
-2.893,1.27
2.234,2.772
2.238,2.877
1.211,2.394
1.224,3.198
1.067,2.361
1.072,3.364
0.011,1.012
0.012,2.019
-2.356,2.171
0.113,4.175
2.182,0.264
2.054,4.277
-0.128,0.107
-0.635,0.075
-1.215,-0.066
-1.225,-0.029
-1.588,0.248
-2.297,0.04
-2.457,-0.099
-2.397,0.002
-2.621,0.064
-2.8,-0.085
-3.089,-0.11
2.89,0.103
2.515,-0.059
2.268,0.138
1.88,0.032
1.489,-0.037
1.066,4.442
0.91,4.621
0.837,4.619
0.933,4.617
0.895,4.542
-0.013,4.571
-1.81,4.425
-1.91,4.401
-2.067,4.508
-2.75,4.23
2.911,4.524
2.376,4.333
-0.08,3.677
-0.23,3.9
-0.23,1.182
-0.397,4.042
3.054,2.913
2.506,3.696
2.371,3.7
-1.801,1.388
-2.318,1.419
2.809,2.921
2.813,3.026
1.786,2.543
1.799,3.347
1.642,2.51
1.647,3.513
0.586,1.161
0.587,2.168
-1.781,2.32
0.688,4.324
2.757,0.413
2.629,4.426
-0.507,-0.032
-1.087,-0.173
-1.097,-0.136
-1.46,0.141
-2.169,-0.067
-2.329,-0.206
-2.269,-0.105
-2.493,-0.043
-2.672,-0.192
-2.961,-0.217
3.018,-0.004
2.643,-0.166
2.396,0.031
2.008,-0.075
1.617,-0.144
1.194,4.335
1.038,4.514
0.965,4.512
1.061,4.51
1.023,4.435
0.115,4.464
-1.682,4.318
-1.782,4.294
-1.939,4.401
-2.622,4.123
3.039,4.417
2.504,4.226
0.048,3.57
-0.102,3.793
-0.102,1.075
-0.269,3.935
-3.101,2.806
2.634,3.589
2.499,3.593
-1.673,1.281
-2.19,1.312
2.937,2.814
2.941,2.919
1.914,2.436
1.927,3.24
1.77,2.403
1.775,3.406
0.714,1.054
0.715,2.061
-1.653,2.213
0.816,4.217
2.885,0.306
2.757,4.319
-0.58,-0.141
-0.59,-0.104
-0.953,0.173
-1.662,-0.035
-1.822,-0.174
-1.762,-0.073
-1.986,-0.011
-2.165,-0.16
-2.454,-0.185
-2.758,0.028
-3.133,-0.134
2.903,0.063
2.515,-0.043
2.124,-0.112
1.701,4.367
1.545,4.546
1.472,4.544
1.568,4.542
1.53,4.467
0.622,4.496
-1.175,4.35
-1.275,4.326
-1.432,4.433
-2.115,4.155
-2.737,4.449
3.011,4.258
0.555,3.602
0.405,3.825
0.405,1.107
0.238,3.967
-2.594,2.838
3.141,3.621
3.006,3.625
-1.166,1.313
-1.683,1.344
-2.839,2.846
-2.835,2.951
2.421,2.468
2.434,3.272
2.277,2.435
2.282,3.438
1.221,1.086
1.222,2.093
-1.146,2.245
1.323,4.249
-2.891,0.338
-3.019,4.351
-0.01,0.037
-0.373,0.314
-1.082,0.106
-1.242,-0.033
-1.182,0.068
-1.406,0.13
-1.585,-0.019
-1.874,-0.044
-2.178,0.169
-2.553,0.007
-2.8,0.204
3.095,0.098
2.704,0.029
2.281,4.508
2.125,4.687
2.052,4.685
2.148,4.683
2.11,4.608
1.202,4.637
-0.595,4.491
-0.695,4.467
-0.852,4.574
-1.535,4.296
-2.157,4.59
-2.692,4.399
1.135,3.743
0.985,3.966
0.985,1.248
0.818,4.108
-2.014,2.979
-2.562,3.762
-2.697,3.766
-0.586,1.454
-1.103,1.485
-2.259,2.987
-2.255,3.092
3.001,2.609
3.014,3.413
2.857,2.576
2.862,3.579
1.801,1.227
1.802,2.234
-0.566,2.386
1.903,4.39
-2.311,0.479
-2.439,4.492
-0.363,0.277
-1.072,0.069
-1.232,-0.07
-1.172,0.031
-1.396,0.093
-1.575,-0.056
-1.864,-0.081
-2.168,0.132
-2.543,-0.03
-2.79,0.167
3.105,0.061
2.714,-0.008
2.291,4.471
2.135,4.65
2.062,4.648
2.158,4.646
2.12,4.571
1.212,4.6
-0.585,4.454
-0.685,4.43
-0.842,4.537
-1.525,4.259
-2.147,4.553
-2.682,4.362
1.145,3.706
0.995,3.929
0.995,1.211
0.828,4.071
-2.004,2.942
-2.552,3.725
-2.687,3.729
-0.576,1.417
-1.093,1.448
-2.249,2.95
-2.245,3.055
3.011,2.572
3.024,3.376
2.867,2.539
2.872,3.542
1.811,1.19
1.812,2.197
-0.556,2.349
1.913,4.353
-2.301,0.442
-2.429,4.455
-0.709,-0.208
-0.869,-0.347
-0.809,-0.246
-1.033,-0.184
-1.212,-0.333
-1.501,-0.358
-1.805,-0.145
-2.18,-0.307
-2.427,-0.11
-2.815,-0.216
3.077,-0.285
2.654,4.194
2.498,4.373
2.425,4.371
2.521,4.369
2.483,4.294
1.575,4.323
-0.222,4.177
-0.322,4.153
-0.479,4.26
-1.162,3.982
-1.784,4.276
-2.319,4.085
1.508,3.429
1.358,3.652
1.358,0.934
1.191,3.794
-1.641,2.665
-2.189,3.448
-2.324,3.452
-0.213,1.14
-0.73,1.171
-1.886,2.673
-1.882,2.778
-2.909,2.295
-2.896,3.099
-3.053,2.262
-3.048,3.265
2.174,0.913
2.175,1.92
-0.193,2.072
2.276,4.076
-1.938,0.165
-2.066,4.178
-0.16,-0.139
-0.1,-0.038
-0.324,0.024
-0.503,-0.125
-0.792,-0.15
-1.096,0.063
-1.471,-0.099
-1.718,0.098
-2.106,-0.008
-2.497,-0.077
-2.92,4.402
-3.076,4.581
3.134,4.579
-3.053,4.577
-3.091,4.502
2.284,4.531
0.487,4.385
0.387,4.361
0.23,4.468
-0.453,4.19
-1.075,4.484
-1.61,4.293
2.217,3.637
2.067,3.86
2.067,1.142
1.9,4.002
-0.932,2.873
-1.48,3.656
-1.615,3.66
0.496,1.348
-0.021,1.379
-1.177,2.881
-1.173,2.986
-2.2,2.503
-2.187,3.307
-2.344,2.47
-2.339,3.473
2.883,1.121
2.884,2.128
0.516,2.28
2.985,4.284
-1.229,0.373
-1.357,4.386
0.06,0.101
-0.164,0.163
-0.343,0.014
-0.632,-0.011
-0.936,0.202
-1.311,0.04
-1.558,0.237
-1.946,0.131
-2.337,0.062
-2.76,4.541
-2.916,4.72
-2.989,4.718
-2.893,4.716
-2.931,4.641
2.444,4.67
0.647,4.524
0.547,4.5
0.39,4.607
-0.293,4.329
-0.915,4.623
-1.45,4.432
2.377,3.776
2.227,3.999
2.227,1.281
2.06,4.141
-0.772,3.012
-1.32,3.795
-1.455,3.799
0.656,1.487
0.139,1.518
-1.017,3.02
-1.013,3.125
-2.04,2.642
-2.027,3.446
-2.184,2.609
-2.179,3.612
3.043,1.26
3.044,2.267
0.676,2.419
-3.138,4.423
-1.069,0.512
-1.197,4.525
-0.224,0.062
-0.403,-0.087
-0.692,-0.112
-0.996,0.101
-1.371,-0.061
-1.618,0.136
-2.006,0.03
-2.397,-0.039
-2.82,4.44
-2.976,4.619
-3.049,4.617
-2.953,4.615
-2.991,4.54
2.384,4.569
0.587,4.423
0.487,4.399
0.33,4.506
-0.353,4.228
-0.975,4.522
-1.51,4.331
2.317,3.675
2.167,3.898
2.167,1.18
2.0,4.04
-0.832,2.911
-1.38,3.694
-1.515,3.698
0.596,1.386
0.079,1.417
-1.077,2.919
-1.073,3.024
-2.1,2.541
-2.087,3.345
-2.244,2.508
-2.239,3.511
2.983,1.159
2.984,2.166
0.616,2.318
3.085,4.322
-1.129,0.411
-1.257,4.424
-0.179,-0.149
-0.468,-0.174
-0.772,0.039
-1.147,-0.123
-1.394,0.074
-1.782,-0.032
-2.173,-0.101
-2.596,4.378
-2.752,4.557
-2.825,4.555
-2.729,4.553
-2.767,4.478
2.608,4.507
0.811,4.361
0.711,4.337
0.554,4.444
-0.129,4.166
-0.751,4.46
-1.286,4.269
2.541,3.613
2.391,3.836
2.391,1.118
2.224,3.978
-0.608,2.849
-1.156,3.632
-1.291,3.636
0.82,1.324
0.303,1.355
-0.853,2.857
-0.849,2.962
-1.876,2.479
-1.863,3.283
-2.02,2.446
-2.015,3.449
-3.076,1.097
-3.075,2.104
0.84,2.256
-2.974,4.26
-0.905,0.349
-1.033,4.362
-0.289,-0.025
-0.593,0.188
-0.968,0.026
-1.215,0.223
-1.603,0.117
-1.994,0.048
-2.417,4.527
-2.573,4.706
-2.646,4.704
-2.55,4.702
-2.588,4.627
2.787,4.656
0.99,4.51
0.89,4.486
0.733,4.593
0.05,4.315
-0.572,4.609
-1.107,4.418
2.72,3.762
2.57,3.985
2.57,1.267
2.403,4.127
-0.429,2.998
-0.977,3.781
-1.112,3.785
0.999,1.473
0.482,1.504
-0.674,3.006
-0.67,3.111
-1.697,2.628
-1.684,3.432
-1.841,2.595
-1.836,3.598
-2.897,1.246
-2.896,2.253
1.019,2.405
-2.795,4.409
-0.726,0.498
-0.854,4.511
-0.304,0.213
-0.679,0.051
-0.926,0.248
-1.314,0.142
-1.705,0.073
-2.128,4.552
-2.284,4.731
-2.357,4.729
-2.261,4.727
-2.299,4.652
3.076,4.681
1.279,4.535
1.179,4.511
1.022,4.618
0.339,4.34
-0.283,4.634
-0.818,4.443
3.009,3.787
2.859,4.01
2.859,1.292
2.692,4.152
-0.14,3.023
-0.688,3.806
-0.823,3.81
1.288,1.498
0.771,1.529
-0.385,3.031
-0.381,3.136
-1.408,2.653
-1.395,3.457
-1.552,2.62
-1.547,3.623
-2.608,1.271
-2.607,2.278
1.308,2.43
-2.506,4.434
-0.437,0.523
-0.565,4.536
-0.375,-0.162
-0.622,0.035
-1.01,-0.071
-1.401,-0.14
-1.824,4.339
-1.98,4.518
-2.053,4.516
-1.957,4.514
-1.995,4.439
-2.903,4.468
1.583,4.322
1.483,4.298
1.326,4.405
0.643,4.127
0.021,4.421
-0.514,4.23
-2.97,3.574
-3.12,3.797
-3.12,1.079
2.996,3.939
0.164,2.81
-0.384,3.593
-0.519,3.597
1.592,1.285
1.075,1.316
-0.081,2.818
-0.077,2.923
-1.104,2.44
-1.091,3.244
-1.248,2.407
-1.243,3.41
-2.304,1.058
-2.303,2.065
1.612,2.217
-2.202,4.221
-0.133,0.31
-0.261,4.323
-0.247,0.197
-0.635,0.091
-1.026,0.022
-1.449,4.501
-1.605,4.68
-1.678,4.678
-1.582,4.676
-1.62,4.601
-2.528,4.63
1.958,4.484
1.858,4.46
1.701,4.567
1.018,4.289
0.396,4.583
-0.139,4.392
-2.595,3.736
-2.745,3.959
-2.745,1.241
-2.912,4.101
0.539,2.972
-0.009,3.755
-0.144,3.759
1.967,1.447
1.45,1.478
0.294,2.98
0.298,3.085
-0.729,2.602
-0.716,3.406
-0.873,2.569
-0.868,3.572
-1.929,1.22
-1.928,2.227
1.987,2.379
-1.827,4.383
0.242,0.472
0.114,4.485
-0.388,-0.106
-0.779,-0.175
-1.202,4.304
-1.358,4.483
-1.431,4.481
-1.335,4.479
-1.373,4.404
-2.281,4.433
2.205,4.287
2.105,4.263
1.948,4.37
1.265,4.092
0.643,4.386
0.108,4.195
-2.348,3.539
-2.498,3.762
-2.498,1.044
-2.665,3.904
0.786,2.775
0.238,3.558
0.103,3.562
2.214,1.25
1.697,1.281
0.541,2.783
0.545,2.888
-0.482,2.405
-0.469,3.209
-0.626,2.372
-0.621,3.375
-1.682,1.023
-1.681,2.03
2.234,2.182
-1.58,4.186
0.489,0.275
0.361,4.288
-0.391,-0.069
-0.814,4.41
-0.97,4.589
-1.043,4.587
-0.947,4.585
-0.985,4.51
-1.893,4.539
2.593,4.393
2.493,4.369
2.336,4.476
1.653,4.198
1.031,4.492
0.496,4.301
-1.96,3.645
-2.11,3.868
-2.11,1.15
-2.277,4.01
1.174,2.881
0.626,3.664
0.491,3.668
2.602,1.356
2.085,1.387
0.929,2.889
0.933,2.994
-0.094,2.511
-0.081,3.315
-0.238,2.478
-0.233,3.481
-1.294,1.129
-1.293,2.136
2.622,2.288
-1.192,4.292
0.877,0.381
0.749,4.394
-0.423,4.479
-0.579,4.658
-0.652,4.656
-0.556,4.654
-0.594,4.579
-1.502,4.608
2.984,4.462
2.884,4.438
2.727,4.545
2.044,4.267
1.422,4.561
0.887,4.37
-1.569,3.714
-1.719,3.937
-1.719,1.219
-1.886,4.079
1.565,2.95
1.017,3.733
0.882,3.737
2.993,1.425
2.476,1.456
1.32,2.958
1.324,3.063
0.297,2.58
0.31,3.384
0.153,2.547
0.158,3.55
-0.903,1.198
-0.902,2.205
3.013,2.357
-0.801,4.361
1.268,0.45
1.14,4.463
-0.156,0.179
-0.229,0.177
-0.133,0.175
-0.171,0.1
-1.079,0.129
-2.876,-0.017
-2.976,-0.041
-3.133,0.066
2.467,-0.212
1.845,0.082
1.31,-0.109
-1.146,-0.765
-1.296,-0.542
-1.296,-3.26
-1.463,-0.4
1.988,-1.529
1.44,-0.746
1.305,-0.742
-2.867,-3.054
2.899,-3.023
1.743,-1.521
1.747,-1.416
0.72,-1.899
0.733,-1.095
0.576,-1.932
0.581,-0.929
-0.48,-3.281
-0.479,-2.274
-2.847,-2.122
-0.378,-0.118
1.691,-4.029
1.563,-0.016
-0.073,-0.002
0.023,-0.004
-0.015,-0.079
-0.923,-0.05
-2.72,-0.196
-2.82,-0.22
-2.977,-0.113
2.623,-0.391
2.001,-0.097
1.466,-0.288
-0.99,-0.944
-1.14,-0.721
-1.14,-3.439
-1.307,-0.579
2.144,-1.708
1.596,-0.925
1.461,-0.921
-2.711,-3.233
3.055,-3.202
1.899,-1.7
1.903,-1.595
0.876,-2.078
0.889,-1.274
0.732,-2.111
0.737,-1.108
-0.324,-3.46
-0.323,-2.453
-2.691,-2.301
-0.222,-0.297
1.847,-4.208
1.719,-0.195
0.096,-0.002
0.058,-0.077
-0.85,-0.048
-2.647,-0.194
-2.747,-0.218
-2.904,-0.111
2.696,-0.389
2.074,-0.095
1.539,-0.286
-0.917,-0.942
-1.067,-0.719
-1.067,-3.437
-1.234,-0.577
2.217,-1.706
1.669,-0.923
1.534,-0.919
-2.638,-3.231
3.128,-3.2
1.972,-1.698
1.976,-1.593
0.949,-2.076
0.962,-1.272
0.805,-2.109
0.81,-1.106
-0.251,-3.458
-0.25,-2.451
-2.618,-2.299
-0.149,-0.295
1.92,-4.206
1.792,-0.193
-0.038,-0.075
-0.946,-0.046
-2.743,-0.192
-2.843,-0.216
-3.0,-0.109
2.6,-0.387
1.978,-0.093
1.443,-0.284
-1.013,-0.94
-1.163,-0.717
-1.163,-3.435
-1.33,-0.575
2.121,-1.704
1.573,-0.921
1.438,-0.917
-2.734,-3.229
3.032,-3.198
1.876,-1.696
1.88,-1.591
0.853,-2.074
0.866,-1.27
0.709,-2.107
0.714,-1.104
-0.347,-3.456
-0.346,-2.449
-2.714,-2.297
-0.245,-0.293
1.824,-4.204
1.696,-0.191
-0.908,0.029
-2.705,-0.117
-2.805,-0.141
-2.962,-0.034
2.638,-0.312
2.016,-0.018
1.481,-0.209
-0.975,-0.865
-1.125,-0.642
-1.125,-3.36
-1.292,-0.5
2.159,-1.629
1.611,-0.846
1.476,-0.842
-2.696,-3.154
3.07,-3.123
1.914,-1.621
1.918,-1.516
0.891,-1.999
0.904,-1.195
0.747,-2.032
0.752,-1.029
-0.309,-3.381
-0.308,-2.374
-2.676,-2.222
-0.207,-0.218
1.862,-4.129
1.734,-0.116
-1.797,-0.146
-1.897,-0.17
-2.054,-0.063
-2.737,-0.341
2.924,-0.047
2.389,-0.238
-0.067,-0.894
-0.217,-0.671
-0.217,-3.389
-0.384,-0.529
3.067,-1.658
2.519,-0.875
2.384,-0.871
-1.788,-3.183
-2.305,-3.152
2.822,-1.65
2.826,-1.545
1.799,-2.028
1.812,-1.224
1.655,-2.061
1.66,-1.058
0.599,-3.41
0.6,-2.403
-1.768,-2.251
0.701,-0.247
2.77,-4.158
2.642,-0.145
-0.1,-0.024
-0.257,0.083
-0.94,-0.195
-1.562,0.099
-2.097,-0.092
1.73,-0.748
1.58,-0.525
1.58,-3.243
1.413,-0.383
-1.419,-1.512
-1.967,-0.729
-2.102,-0.725
0.009,-3.037
-0.508,-3.006
-1.664,-1.504
-1.66,-1.399
-2.687,-1.882
-2.674,-1.078
-2.831,-1.915
-2.826,-0.912
2.396,-3.264
2.397,-2.257
0.029,-2.105
2.498,-0.101
-1.716,-4.012
-1.844,0.001
-0.157,0.107
-0.84,-0.171
-1.462,0.123
-1.997,-0.068
1.83,-0.724
1.68,-0.501
1.68,-3.219
1.513,-0.359
-1.319,-1.488
-1.867,-0.705
-2.002,-0.701
0.109,-3.013
-0.408,-2.982
-1.564,-1.48
-1.56,-1.375
-2.587,-1.858
-2.574,-1.054
-2.731,-1.891
-2.726,-0.888
2.496,-3.24
2.497,-2.233
0.129,-2.081
2.598,-0.077
-1.616,-3.988
-1.744,0.025
-0.683,-0.278
-1.305,0.016
-1.84,-0.175
1.987,-0.831
1.837,-0.608
1.837,-3.326
1.67,-0.466
-1.162,-1.595
-1.71,-0.812
-1.845,-0.808
0.266,-3.12
-0.251,-3.089
-1.407,-1.587
-1.403,-1.482
-2.43,-1.965
-2.417,-1.161
-2.574,-1.998
-2.569,-0.995
2.653,-3.347
2.654,-2.34
0.286,-2.188
2.755,-0.184
-1.459,-4.095
-1.587,-0.082
-0.622,0.294
-1.157,0.103
2.67,-0.553
2.52,-0.33
2.52,-3.048
2.353,-0.188
-0.479,-1.317
-1.027,-0.534
-1.162,-0.53
0.949,-2.842
0.432,-2.811
-0.724,-1.309
-0.72,-1.204
-1.747,-1.687
-1.734,-0.883
-1.891,-1.72
-1.886,-0.717
-2.947,-3.069
-2.946,-2.062
0.969,-1.91
-2.845,0.094
-0.776,-3.817
-0.904,0.196
-0.535,-0.191
-2.991,-0.847
-3.141,-0.624
-3.141,-3.342
2.975,-0.482
0.143,-1.611
-0.405,-0.828
-0.54,-0.824
1.571,-3.136
1.054,-3.105
-0.102,-1.603
-0.098,-1.498
-1.125,-1.981
-1.112,-1.177
-1.269,-2.014
-1.264,-1.011
-2.325,-3.363
-2.324,-2.356
1.591,-2.204
-2.223,-0.2
-0.154,-4.111
-0.282,-0.098
-2.456,-0.656
-2.606,-0.433
-2.606,-3.151
-2.773,-0.291
0.678,-1.42
0.13,-0.637
-0.005,-0.633
2.106,-2.945
1.589,-2.914
0.433,-1.412
0.437,-1.307
-0.59,-1.79
-0.577,-0.986
-0.734,-1.823
-0.729,-0.82
-1.79,-3.172
-1.789,-2.165
2.126,-2.013
-1.688,-0.009
0.381,-3.92
0.253,0.093
-0.15,0.223
-0.15,-2.495
-0.317,0.365
3.134,-0.764
2.586,0.019
2.451,0.023
-1.721,-2.289
-2.238,-2.258
2.889,-0.756
2.893,-0.651
1.866,-1.134
1.879,-0.33
1.722,-1.167
1.727,-0.164
0.666,-2.516
0.667,-1.509
-1.701,-1.357
0.768,0.647
2.837,-3.264
2.709,0.749
0.0,-2.718
-0.167,0.142
-2.999,-0.987
2.736,-0.204
2.601,-0.2
-1.571,-2.512
-2.088,-2.481
3.039,-0.979
3.043,-0.874
2.016,-1.357
2.029,-0.553
1.872,-1.39
1.877,-0.387
0.816,-2.739
0.817,-1.732
-1.551,-1.58
0.918,0.424
2.987,-3.487
2.859,0.526
-0.167,2.86
-2.999,1.731
2.736,2.514
2.601,2.518
-1.571,0.206
-2.088,0.237
3.039,1.739
3.043,1.844
2.016,1.361
2.029,2.165
1.872,1.328
1.877,2.331
0.816,-0.021
0.817,0.986
-1.551,1.138
0.918,3.142
2.987,-0.769
2.859,3.244
-2.832,-1.129
2.903,-0.346
2.768,-0.342
-1.404,-2.654
-1.921,-2.623
-3.077,-1.121
-3.073,-1.016
2.183,-1.499
2.196,-0.695
2.039,-1.532
2.044,-0.529
0.983,-2.881
0.984,-1.874
-1.384,-1.722
1.085,0.282
-3.129,-3.629
3.026,0.384
-0.548,0.783
-0.683,0.787
1.428,-1.525
0.911,-1.494
-0.245,0.008
-0.241,0.113
-1.268,-0.37
-1.255,0.434
-1.412,-0.403
-1.407,0.6
-2.468,-1.752
-2.467,-0.745
1.448,-0.593
-2.366,1.411
-0.297,-2.5
-0.425,1.513
-0.135,0.004
1.976,-2.308
1.459,-2.277
0.303,-0.775
0.307,-0.67
-0.72,-1.153
-0.707,-0.349
-0.864,-1.186
-0.859,-0.183
-1.92,-2.535
-1.919,-1.528
1.996,-1.376
-1.818,0.628
0.251,-3.283
0.123,0.73
2.111,-2.312
1.594,-2.281
0.438,-0.779
0.442,-0.674
-0.585,-1.157
-0.572,-0.353
-0.729,-1.19
-0.724,-0.187
-1.785,-2.539
-1.784,-1.532
2.131,-1.38
-1.683,0.624
0.386,-3.287
0.258,0.726
-0.517,0.031
-1.673,1.533
-1.669,1.638
-2.696,1.155
-2.683,1.959
-2.84,1.122
-2.835,2.125
2.387,-0.227
2.388,0.78
0.02,0.932
2.489,2.936
-1.725,-0.975
-1.853,3.038
-1.156,1.502
-1.152,1.607
-2.179,1.124
-2.166,1.928
-2.323,1.091
-2.318,2.094
2.904,-0.258
2.905,0.749
0.537,0.901
3.006,2.905
-1.208,-1.006
-1.336,3.007
0.004,0.105
-1.023,-0.378
-1.01,0.426
-1.167,-0.411
-1.162,0.592
-2.223,-1.76
-2.222,-0.753
1.693,-0.601
-2.121,1.403
-0.052,-2.508
-0.18,1.505
-1.027,-0.483
-1.014,0.321
-1.171,-0.516
-1.166,0.487
-2.227,-1.865
-2.226,-0.858
1.689,-0.706
-2.125,1.298
-0.056,-2.613
-0.184,1.4
0.013,0.804
-0.144,-0.033
-0.139,0.97
-1.2,-1.382
-1.199,-0.375
2.716,-0.223
-1.098,1.781
0.971,-2.13
0.843,1.883
-0.157,-0.837
-0.152,0.166
-1.213,-2.186
-1.212,-1.179
2.703,-1.027
-1.111,0.977
0.958,-2.934
0.83,1.079
0.005,1.003
-1.056,-1.349
-1.055,-0.342
2.86,-0.19
-0.954,1.814
1.115,-2.097
0.987,1.916
-1.061,-2.352
-1.06,-1.345
2.855,-1.193
-0.959,0.811
1.11,-3.1
0.982,0.913
0.001,1.007
-2.367,1.159
0.102,3.163
2.171,-0.748
2.043,3.265
-2.368,0.152
0.101,2.156
2.17,-1.755
2.042,2.258
2.469,2.004
-1.745,-1.907
-1.873,2.106
2.069,-3.911
1.941,0.102
-0.128,4.013
