-0.223,0.406
-0.154,-2.025
-0.226,-1.588
-0.3,-2.818
-0.278,-2.29
-0.495,-2.662
-0.452,-1.281
-0.525,-2.522
-0.62,-0.891
-0.733,-3.139
-0.794,0.012
-0.799,-0.333
-0.829,-2.564
-0.87,-0.635
-0.982,-2.256
-0.99,-0.157
-1.015,-0.348
-1.099,-1.43
-1.103,-1.02
-1.139,-1.394
-1.116,-2.639
-1.109,-2.952
-1.247,-1.865
-1.283,-2.622
-1.368,-0.496
-1.499,-0.99
-1.537,-2.193
-1.685,-1.308
-1.8,-1.356
-1.912,-2.893
-1.94,-3.023
-2.038,-0.65
-2.017,-0.284
-2.004,-3.41
-2.033,-2.355
-2.222,-1.181
-2.175,-0.916
-2.277,-0.412
-2.36,-0.022
-2.289,0.056
-2.286,-2.344
-2.405,-1.361
-2.496,-1.243
-2.52,-1.724
-2.59,-1.409
-2.626,-3.327
-2.717,-3.145
-2.843,-1.369
-2.769,-1.854
-2.796,-1.161
-2.855,-1.374
-2.926,-1.554
-3.031,-1.938
-3.0,-1.138
-3.014,-2.49
3.044,-2.47
3.044,-2.352
2.942,-3.51
2.98,-3.475
2.873,-0.632
2.896,-3.405
2.799,-1.184
2.8,-1.555
2.861,-0.207
2.772,-0.993
2.799,-3.119
2.669,-3.464
2.736,-0.881
2.653,-3.439
2.657,-2.99
2.71,-2.804
2.658,-2.492
2.619,-1.561
2.578,0.12
2.436,-0.041
2.486,0.005
2.445,-2.468
2.415,-2.452
2.316,-1.03
2.33,-1.207
2.25,-1.051
2.319,-1.816
2.228,-0.708
2.21,0.413
2.27,0.168
2.165,-0.921
2.049,-1.247
2.084,-3.22
1.976,-2.002
2.035,-2.877
2.012,0.408
1.933,0.184
1.892,-0.684
1.93,-0.697
1.923,-1.775
1.864,-0.179
1.874,-2.212
1.912,0.428
1.833,-0.251
1.833,-1.864
1.678,-2.591
1.743,-2.464
1.665,-3.54
1.641,-1.855
1.603,-1.252
1.681,-0.771
1.555,-0.197
1.53,-1.407
1.461,-0.757
1.453,-1.862
1.429,-2.234
1.45,-1.291
1.437,-2.945
1.329,0.485
1.339,-1.955
1.331,-0.57
1.309,-0.925
1.103,-0.492
1.115,-1.413
1.001,-3.55
0.853,-2.133
0.41,0.058
0.4,-0.77
0.13,-3.807
-0.234,-3.902
-1.602,-3.764
-2.04,-3.723
-2.179,-3.51
-2.621,-3.615
-2.848,-3.674
2.95,-3.92
2.615,-3.865
2.122,-3.771
1.727,-3.63
1.435,-3.793
1.125,-3.68
0.402,-3.573
0.021,0.42
-0.435,0.723
-1.2,0.705
-1.352,0.318
-2.748,0.524
-2.847,0.709
3.019,0.603
2.603,0.682
1.61,0.607
-0.073,-0.505
-0.233,-2.271
-1.363,-1.906
-2.031,0.443
-2.796,-2.532
1.671,-1.877
0.196,-1.209
0.299,-1.815
0.275,-2.19
0.201,-1.968
-0.027,-1.097
-0.056,-3.052
0.034,-1.634
0.054,-2.863
-0.175,-3.408
-0.098,-3.385
-0.489,-2.162
-0.39,-1.545
-0.428,-0.081
-0.516,-1.975
-0.519,-2.086
-0.687,-1.484
-0.62,0.046
-0.602,-1.064
-0.827,-0.821
-0.934,0.23
-0.997,-2.308
-1.118,-3.523
-1.076,0.048
-1.08,-2.177
-1.152,-2.935
-1.239,-2.022
-1.417,-1.369
-1.565,-1.084
-1.573,-2.085
-1.599,-2.099
-1.6,-0.102
-1.732,-0.976
-1.657,-3.382
-1.64,-0.5
-1.886,-3.251
-1.808,-3.344
-1.956,-0.88
-2.044,-3.507
-2.038,-2.546
-2.066,-3.288
-2.003,0.137
-2.046,0.165
-2.187,-0.75
-2.47,-3.347
-2.698,-1.957
-2.741,0.469
-2.8,-1.027
-2.949,-2.009
-3.058,0.289
3.126,-1.901
-3.078,-1.067
3.112,-1.829
3.085,-3.454
2.847,-1.172
2.725,-2.511
2.626,-3.59
2.606,-2.238
2.163,-2.38
2.178,-2.344
2.043,-3.399
1.947,-1.688
1.769,-1.323
1.617,-2.694
1.66,-2.998
1.657,-3.464
1.538,-1.457
1.659,-3.385
1.625,-3.18
1.485,0.303
1.472,0.338
1.467,-2.523
1.305,-2.006
1.373,-0.69
1.278,-0.257
1.371,-1.198
1.299,-1.482
1.188,-2.346
1.026,0.005
0.908,-3.17
0.597,-3.17
0.526,-0.856
0.498,0.283
0.435,-0.472
0.438,-0.736
0.403,0.257
0.491,-3.507
0.379,-1.699
0.378,-3.443
0.375,-2.263
0.348,-2.232
-0.195,-3.758
-0.322,-3.781
-0.489,-3.782
-0.567,-3.607
-1.379,-3.689
-1.554,-3.947
-1.595,-3.627
-2.658,-3.703
-2.654,-3.921
-3.072,-3.69
2.785,-3.737
2.394,-3.914
1.725,-3.66
1.635,-3.636
1.595,-3.857
0.79,-3.802
-0.256,0.81
-0.356,0.636
-1.069,0.596
-1.059,0.648
-1.232,0.627
3.036,0.743
2.013,0.529
1.572,0.509
1.5,0.6
0.724,0.778
-0.303,-0.867
-1.053,-0.015
-2.748,-3.377
2.585,-2.109
2.162,-2.181
1.905,-0.707
1.776,-1.629
0.513,-1.631
-0.745,0.106
2.008,-1.566
1.999,-1.24
1.702,-1.657
0.713,-1.121
-0.319,-1.79
-3.085,-1.74
2.15,-0.368
1.819,-1.881
1.633,-3.814
2.943,-3.522
1.819,-3.552
1.664,-3.212
0.069,-2.431
-0.003,-1.994
-0.077,-3.224
-0.055,-2.696
-0.272,-3.068
-0.229,-1.687
-0.302,-2.928
-0.397,-1.297
-0.51,-3.545
-0.571,-0.394
-0.576,-0.739
-0.606,-2.97
-0.647,-1.041
-0.759,-2.662
-0.767,-0.563
-0.792,-0.754
-0.876,-1.836
-0.88,-1.426
-0.916,-1.8
-0.893,-3.045
-0.886,-3.358
-1.024,-2.271
-1.06,-3.028
-1.145,-0.902
-1.276,-1.396
-1.314,-2.599
-1.462,-1.714
-1.577,-1.762
-1.689,-3.299
-1.717,-3.429
-1.815,-1.056
-1.794,-0.69
-1.781,-3.816
-1.81,-2.761
-1.999,-1.587
-1.952,-1.322
-2.054,-0.818
-2.137,-0.428
-2.066,-0.35
-2.063,-2.75
-2.182,-1.767
-2.273,-1.649
-2.297,-2.13
-2.367,-1.815
-2.403,-3.733
-2.494,-3.551
-2.62,-1.775
-2.546,-2.26
-2.573,-1.567
-2.632,-1.78
-2.703,-1.96
-2.808,-2.344
-2.777,-1.544
-2.791,-2.896
-3.016,-2.876
-3.016,-2.758
-3.118,-3.916
-3.08,-3.881
3.096,-1.038
3.119,-3.811
3.022,-1.59
3.023,-1.961
3.084,-0.613
2.995,-1.399
3.022,-3.525
2.892,-3.87
2.959,-1.287
2.876,-3.845
2.88,-3.396
2.933,-3.21
2.881,-2.898
2.842,-1.967
2.801,-0.286
2.659,-0.447
2.709,-0.401
2.668,-2.874
2.638,-2.858
2.539,-1.436
2.553,-1.613
2.473,-1.457
2.542,-2.222
2.451,-1.114
2.433,0.007
2.493,-0.238
2.388,-1.327
2.272,-1.653
2.307,-3.626
2.199,-2.408
2.258,-3.283
2.235,0.002
2.156,-0.222
2.115,-1.09
2.153,-1.103
2.146,-2.181
2.087,-0.585
2.097,-2.618
2.135,0.022
2.056,-0.657
2.056,-2.27
1.901,-2.997
1.966,-2.87
1.888,-3.946
1.864,-2.261
1.826,-1.658
1.904,-1.177
1.778,-0.603
1.753,-1.813
1.684,-1.163
1.676,-2.268
1.652,-2.64
1.673,-1.697
1.66,-3.351
1.552,0.079
1.562,-2.361
1.554,-0.976
1.532,-1.331
1.326,-0.898
1.338,-1.819
1.224,-3.956
1.076,-2.539
0.633,-0.348
0.623,-1.176
0.353,-4.213
-0.011,-4.308
-1.379,-4.17
-1.817,-4.129
-1.956,-3.916
-2.398,-4.021
-2.625,-4.08
-3.11,-4.326
2.838,-4.271
2.345,-4.177
1.95,-4.036
1.658,-4.199
1.348,-4.086
0.625,-3.979
0.244,0.014
-0.212,0.317
-0.977,0.299
-1.129,-0.088
-2.525,0.118
-2.624,0.303
-3.041,0.197
2.826,0.276
1.833,0.201
0.15,-0.911
-0.01,-2.677
-1.14,-2.312
-1.808,0.037
-2.573,-2.938
1.894,-2.283
0.419,-1.615
0.522,-2.221
0.498,-2.596
0.424,-2.374
0.196,-1.503
0.167,-3.458
0.257,-2.04
0.277,-3.269
0.048,-3.814
0.125,-3.791
-0.266,-2.568
-0.167,-1.951
-0.205,-0.487
-0.293,-2.381
-0.296,-2.492
-0.464,-1.89
-0.397,-0.36
-0.379,-1.47
-0.604,-1.227
-0.711,-0.176
-0.774,-2.714
-0.895,-3.929
-0.853,-0.358
-0.857,-2.583
-0.929,-3.341
-1.016,-2.428
-1.194,-1.775
-1.342,-1.49
-1.35,-2.491
-1.376,-2.505
-1.377,-0.508
-1.509,-1.382
-1.434,-3.788
-1.417,-0.906
-1.663,-3.657
-1.585,-3.75
-1.733,-1.286
-1.821,-3.913
-1.815,-2.952
-1.843,-3.694
-1.78,-0.269
-1.823,-0.241
-1.964,-1.156
-2.247,-3.753
-2.475,-2.363
-2.518,0.063
-2.577,-1.433
-2.726,-2.415
-2.835,-0.117
-2.934,-2.307
-2.855,-1.473
-2.948,-2.235
-2.975,-3.86
3.07,-1.578
2.948,-2.917
2.849,-3.996
2.829,-2.644
2.386,-2.786
2.401,-2.75
2.266,-3.805
2.17,-2.094
1.992,-1.729
1.84,-3.1
1.883,-3.404
1.88,-3.87
1.761,-1.863
1.882,-3.791
1.848,-3.586
1.708,-0.103
1.695,-0.068
1.69,-2.929
1.528,-2.412
1.596,-1.096
1.501,-0.663
1.594,-1.604
1.522,-1.888
1.411,-2.752
1.249,-0.401
1.131,-3.576
0.82,-3.576
0.749,-1.262
0.721,-0.123
0.658,-0.878
0.661,-1.142
0.626,-0.149
0.714,-3.913
0.602,-2.105
0.601,-3.849
0.598,-2.669
0.571,-2.638
0.028,-4.164
-0.099,-4.187
-0.266,-4.188
-0.344,-4.013
-1.156,-4.095
-1.331,-4.353
-1.372,-4.033
-2.435,-4.109
-2.431,-4.327
-2.849,-4.096
3.008,-4.143
2.617,-4.32
1.948,-4.066
1.858,-4.042
1.818,-4.263
1.013,-4.208
-0.033,0.404
-0.133,0.23
-0.846,0.19
-0.836,0.242
-1.009,0.221
-3.024,0.337
2.236,0.123
1.795,0.103
1.723,0.194
0.947,0.372
-0.08,-1.273
-0.83,-0.421
-2.525,-3.783
2.808,-2.515
2.385,-2.587
2.128,-1.113
1.999,-2.035
0.736,-2.037
-0.522,-0.3
2.231,-1.972
2.222,-1.646
1.925,-2.063
0.936,-1.527
-0.096,-2.196
-2.862,-2.146
2.373,-0.774
2.042,-2.287
1.856,-4.22
-3.117,-3.928
2.042,-3.958
1.887,-3.618
-0.072,0.437
-0.146,-0.793
-0.124,-0.265
-0.341,-0.637
-0.298,0.744
-0.371,-0.497
-0.466,1.134
-0.579,-1.114
-0.64,2.037
-0.645,1.692
-0.675,-0.539
-0.716,1.39
-0.828,-0.231
-0.836,1.868
-0.861,1.677
-0.945,0.595
-0.949,1.005
-0.985,0.631
-0.962,-0.614
-0.955,-0.927
-1.093,0.16
-1.129,-0.597
-1.214,1.529
-1.345,1.035
-1.383,-0.168
-1.531,0.717
-1.646,0.669
-1.758,-0.868
-1.786,-0.998
-1.884,1.375
-1.863,1.741
-1.85,-1.385
-1.879,-0.33
-2.068,0.844
-2.021,1.109
-2.123,1.613
-2.206,2.003
-2.135,2.081
-2.132,-0.319
-2.251,0.664
-2.342,0.782
-2.366,0.301
-2.436,0.616
-2.472,-1.302
-2.563,-1.12
-2.689,0.656
-2.615,0.171
-2.642,0.864
-2.701,0.651
-2.772,0.471
-2.877,0.087
-2.846,0.887
-2.86,-0.465
-3.085,-0.445
-3.085,-0.327
3.096,-1.485
3.134,-1.45
3.027,1.393
3.05,-1.38
2.953,0.841
2.954,0.47
3.015,1.818
2.926,1.032
2.953,-1.094
2.823,-1.439
2.89,1.144
2.807,-1.414
2.811,-0.965
2.864,-0.779
2.812,-0.467
2.773,0.464
2.732,2.145
2.59,1.984
2.64,2.03
2.599,-0.443
2.569,-0.427
2.47,0.995
2.484,0.818
2.404,0.974
2.473,0.209
2.382,1.317
2.364,2.438
2.424,2.193
2.319,1.104
2.203,0.778
2.238,-1.195
2.13,0.023
2.189,-0.852
2.166,2.433
2.087,2.209
2.046,1.341
2.084,1.328
2.077,0.25
2.018,1.846
2.028,-0.187
2.066,2.453
1.987,1.774
1.987,0.161
1.832,-0.566
1.897,-0.439
1.819,-1.515
1.795,0.17
1.757,0.773
1.835,1.254
1.709,1.828
1.684,0.618
1.615,1.268
1.607,0.163
1.583,-0.209
1.604,0.734
1.591,-0.92
1.483,2.51
1.493,0.07
1.485,1.455
1.463,1.1
1.257,1.533
1.269,0.612
1.155,-1.525
1.007,-0.108
0.564,2.083
0.554,1.255
0.284,-1.782
-0.08,-1.877
-1.448,-1.739
-1.886,-1.698
-2.025,-1.485
-2.467,-1.59
-2.694,-1.649
3.104,-1.895
2.769,-1.84
2.276,-1.746
1.881,-1.605
1.589,-1.768
1.279,-1.655
0.556,-1.548
0.175,2.445
-0.281,2.748
-1.046,2.73
-1.198,2.343
-2.594,2.549
-2.693,2.734
-3.11,2.628
2.757,2.707
1.764,2.632
0.081,1.52
-0.079,-0.246
-1.209,0.119
-1.877,2.468
-2.642,-0.507
1.825,0.148
0.35,0.816
0.453,0.21
0.429,-0.165
0.355,0.057
0.127,0.928
0.098,-1.027
0.188,0.391
0.208,-0.838
-0.021,-1.383
0.056,-1.36
-0.335,-0.137
-0.236,0.48
-0.274,1.944
-0.362,0.05
-0.365,-0.061
-0.533,0.541
-0.466,2.071
-0.448,0.961
-0.673,1.204
-0.78,2.255
-0.843,-0.283
-0.964,-1.498
-0.922,2.073
-0.926,-0.152
-0.998,-0.91
-1.085,0.003
-1.263,0.656
-1.411,0.941
-1.419,-0.06
-1.445,-0.074
-1.446,1.923
-1.578,1.049
-1.503,-1.357
-1.486,1.525
-1.732,-1.226
-1.654,-1.319
-1.802,1.145
-1.89,-1.482
-1.884,-0.521
-1.912,-1.263
-1.849,2.162
-1.892,2.19
-2.033,1.275
-2.316,-1.322
-2.544,0.068
-2.587,2.494
-2.646,0.998
-2.795,0.016
-2.904,2.314
-3.003,0.124
-2.924,0.958
-3.017,0.196
-3.044,-1.429
3.001,0.853
2.879,-0.486
2.78,-1.565
2.76,-0.213
2.317,-0.355
2.332,-0.319
2.197,-1.374
2.101,0.337
1.923,0.702
1.771,-0.669
1.814,-0.973
1.811,-1.439
1.692,0.568
1.813,-1.36
1.779,-1.155
1.639,2.328
1.626,2.363
1.621,-0.498
1.459,0.019
1.527,1.335
1.432,1.768
1.525,0.827
1.453,0.543
1.342,-0.321
1.18,2.03
1.062,-1.145
0.751,-1.145
0.68,1.169
0.652,2.308
0.589,1.553
0.592,1.289
0.557,2.282
0.645,-1.482
0.533,0.326
0.532,-1.418
0.529,-0.238
0.502,-0.207
-0.041,-1.733
-0.168,-1.756
-0.335,-1.757
-0.413,-1.582
-1.225,-1.664
-1.4,-1.922
-1.441,-1.602
-2.504,-1.678
-2.5,-1.896
-2.918,-1.665
2.939,-1.712
2.548,-1.889
1.879,-1.635
1.789,-1.611
1.749,-1.832
0.944,-1.777
-0.102,2.835
-0.202,2.661
-0.915,2.621
-0.905,2.673
-1.078,2.652
-3.093,2.768
2.167,2.554
1.726,2.534
1.654,2.625
0.878,2.803
-0.149,1.158
-0.899,2.01
-2.594,-1.352
2.739,-0.084
2.316,-0.156
2.059,1.318
1.93,0.396
0.667,0.394
-0.591,2.131
2.162,0.459
2.153,0.785
1.856,0.368
0.867,0.904
-0.165,0.235
-2.931,0.285
2.304,1.657
1.973,0.144
1.787,-1.789
3.097,-1.497
1.973,-1.527
1.818,-1.187
-0.074,-1.23
-0.052,-0.702
-0.269,-1.074
-0.226,0.307
-0.299,-0.934
-0.394,0.697
-0.507,-1.551
-0.568,1.6
-0.573,1.255
-0.603,-0.976
-0.644,0.953
-0.756,-0.668
-0.764,1.431
-0.789,1.24
-0.873,0.158
-0.877,0.568
-0.913,0.194
-0.89,-1.051
-0.883,-1.364
-1.021,-0.277
-1.057,-1.034
-1.142,1.092
-1.273,0.598
-1.311,-0.605
-1.459,0.28
-1.574,0.232
-1.686,-1.305
-1.714,-1.435
-1.812,0.938
-1.791,1.304
-1.778,-1.822
-1.807,-0.767
-1.996,0.407
-1.949,0.672
-2.051,1.176
-2.134,1.566
-2.063,1.644
-2.06,-0.756
-2.179,0.227
-2.27,0.345
-2.294,-0.136
-2.364,0.179
-2.4,-1.739
-2.491,-1.557
-2.617,0.219
-2.543,-0.266
-2.57,0.427
-2.629,0.214
-2.7,0.034
-2.805,-0.35
-2.774,0.45
-2.788,-0.902
-3.013,-0.882
-3.013,-0.764
-3.115,-1.922
-3.077,-1.887
3.099,0.956
3.122,-1.817
3.025,0.404
3.026,0.033
3.087,1.381
2.998,0.595
3.025,-1.531
2.895,-1.876
2.962,0.707
2.879,-1.851
2.883,-1.402
2.936,-1.216
2.884,-0.904
2.845,0.027
2.804,1.708
2.662,1.547
2.712,1.593
2.671,-0.88
2.641,-0.864
2.542,0.558
2.556,0.381
2.476,0.537
2.545,-0.228
2.454,0.88
2.436,2.001
2.496,1.756
2.391,0.667
2.275,0.341
2.31,-1.632
2.202,-0.414
2.261,-1.289
2.238,1.996
2.159,1.772
2.118,0.904
2.156,0.891
2.149,-0.187
2.09,1.409
2.1,-0.624
2.138,2.016
2.059,1.337
2.059,-0.276
1.904,-1.003
1.969,-0.876
1.891,-1.952
1.867,-0.267
1.829,0.336
1.907,0.817
1.781,1.391
1.756,0.181
1.687,0.831
1.679,-0.274
1.655,-0.646
1.676,0.297
1.663,-1.357
1.555,2.073
1.565,-0.367
1.557,1.018
1.535,0.663
1.329,1.096
1.341,0.175
1.227,-1.962
1.079,-0.545
0.636,1.646
0.626,0.818
0.356,-2.219
-0.008,-2.314
-1.376,-2.176
-1.814,-2.135
-1.953,-1.922
-2.395,-2.027
-2.622,-2.086
-3.107,-2.332
2.841,-2.277
2.348,-2.183
1.953,-2.042
1.661,-2.205
1.351,-2.092
0.628,-1.985
0.247,2.008
-0.209,2.311
-0.974,2.293
-1.126,1.906
-2.522,2.112
-2.621,2.297
-3.038,2.191
2.829,2.27
1.836,2.195
0.153,1.083
-0.007,-0.683
-1.137,-0.318
-1.805,2.031
-2.57,-0.944
1.897,-0.289
0.422,0.379
0.525,-0.227
0.501,-0.602
0.427,-0.38
0.199,0.491
0.17,-1.464
0.26,-0.046
0.28,-1.275
0.051,-1.82
0.128,-1.797
-0.263,-0.574
-0.164,0.043
-0.202,1.507
-0.29,-0.387
-0.293,-0.498
-0.461,0.104
-0.394,1.634
-0.376,0.524
-0.601,0.767
-0.708,1.818
-0.771,-0.72
-0.892,-1.935
-0.85,1.636
-0.854,-0.589
-0.926,-1.347
-1.013,-0.434
-1.191,0.219
-1.339,0.504
-1.347,-0.497
-1.373,-0.511
-1.374,1.486
-1.506,0.612
-1.431,-1.794
-1.414,1.088
-1.66,-1.663
-1.582,-1.756
-1.73,0.708
-1.818,-1.919
-1.812,-0.958
-1.84,-1.7
-1.777,1.725
-1.82,1.753
-1.961,0.838
-2.244,-1.759
-2.472,-0.369
-2.515,2.057
-2.574,0.561
-2.723,-0.421
-2.832,1.877
-2.931,-0.313
-2.852,0.521
-2.945,-0.241
-2.972,-1.866
3.073,0.416
2.951,-0.923
2.852,-2.002
2.832,-0.65
2.389,-0.792
2.404,-0.756
2.269,-1.811
2.173,-0.1
1.995,0.265
1.843,-1.106
1.886,-1.41
1.883,-1.876
1.764,0.131
1.885,-1.797
1.851,-1.592
1.711,1.891
1.698,1.926
1.693,-0.935
1.531,-0.418
1.599,0.898
1.504,1.331
1.597,0.39
1.525,0.106
1.414,-0.758
1.252,1.593
1.134,-1.582
0.823,-1.582
0.752,0.732
0.724,1.871
0.661,1.116
0.664,0.852
0.629,1.845
0.717,-1.919
0.605,-0.111
0.604,-1.855
0.601,-0.675
0.574,-0.644
0.031,-2.17
-0.096,-2.193
-0.263,-2.194
-0.341,-2.019
-1.153,-2.101
-1.328,-2.359
-1.369,-2.039
-2.432,-2.115
-2.428,-2.333
-2.846,-2.102
3.011,-2.149
2.62,-2.326
1.951,-2.072
1.861,-2.048
1.821,-2.269
1.016,-2.214
-0.03,2.398
-0.13,2.224
-0.843,2.184
-0.833,2.236
-1.006,2.215
-3.021,2.331
2.239,2.117
1.798,2.097
1.726,2.188
0.95,2.366
-0.077,0.721
-0.827,1.573
-2.522,-1.789
2.811,-0.521
2.388,-0.593
2.131,0.881
2.002,-0.041
0.739,-0.043
-0.519,1.694
2.234,0.022
2.225,0.348
1.928,-0.069
0.939,0.467
-0.093,-0.202
-2.859,-0.152
2.376,1.22
2.045,-0.293
1.859,-2.226
-3.114,-1.934
2.045,-1.964
1.89,-1.624
0.022,0.528
-0.195,0.156
-0.152,1.537
-0.225,0.296
-0.32,1.927
-0.433,-0.321
-0.494,2.83
-0.499,2.485
-0.529,0.254
-0.57,2.183
-0.682,0.562
-0.69,2.661
-0.715,2.47
-0.799,1.388
-0.803,1.798
-0.839,1.424
-0.816,0.179
-0.809,-0.134
-0.947,0.953
-0.983,0.196
-1.068,2.322
-1.199,1.828
-1.237,0.625
-1.385,1.51
-1.5,1.462
-1.612,-0.075
-1.64,-0.205
-1.738,2.168
-1.717,2.534
-1.704,-0.592
-1.733,0.463
-1.922,1.637
-1.875,1.902
-1.977,2.406
-2.06,2.796
-1.989,2.874
-1.986,0.474
-2.105,1.457
-2.196,1.575
-2.22,1.094
-2.29,1.409
-2.326,-0.509
-2.417,-0.327
-2.543,1.449
-2.469,0.964
-2.496,1.657
-2.555,1.444
-2.626,1.264
-2.731,0.88
-2.7,1.68
-2.714,0.328
-2.939,0.348
-2.939,0.466
-3.041,-0.692
-3.003,-0.657
-3.11,2.186
-3.087,-0.587
3.099,1.634
3.1,1.263
-3.122,2.611
3.072,1.825
3.099,-0.301
2.969,-0.646
3.036,1.937
2.953,-0.621
2.957,-0.172
3.01,0.014
2.958,0.326
2.919,1.257
2.878,2.938
2.736,2.777
2.786,2.823
2.745,0.35
2.715,0.366
2.616,1.788
2.63,1.611
2.55,1.767
2.619,1.002
2.528,2.11
2.51,3.231
2.57,2.986
2.465,1.897
2.349,1.571
2.384,-0.402
2.276,0.816
2.335,-0.059
2.312,3.226
2.233,3.002
2.192,2.134
2.23,2.121
2.223,1.043
2.164,2.639
2.174,0.606
2.212,3.246
2.133,2.567
2.133,0.954
1.978,0.227
2.043,0.354
1.965,-0.722
1.941,0.963
1.903,1.566
1.981,2.047
1.855,2.621
1.83,1.411
1.761,2.061
1.753,0.956
1.729,0.584
1.75,1.527
1.737,-0.127
1.629,3.303
1.639,0.863
1.631,2.248
1.609,1.893
1.403,2.326
1.415,1.405
1.301,-0.732
1.153,0.685
0.71,2.876
0.7,2.048
0.43,-0.989
0.066,-1.084
-1.302,-0.946
-1.74,-0.905
-1.879,-0.692
-2.321,-0.797
-2.548,-0.856
-3.033,-1.102
2.915,-1.047
2.422,-0.953
2.027,-0.812
1.735,-0.975
1.425,-0.862
0.702,-0.755
0.321,3.238
-0.135,3.541
-0.9,3.523
-1.052,3.136
-2.448,3.342
-2.547,3.527
-2.964,3.421
2.903,3.5
1.91,3.425
0.227,2.313
0.067,0.547
-1.063,0.912
-1.731,3.261
-2.496,0.286
1.971,0.941
0.496,1.609
0.599,1.003
0.575,0.628
0.501,0.85
0.273,1.721
0.244,-0.234
0.334,1.184
0.354,-0.045
0.125,-0.59
0.202,-0.567
-0.189,0.656
-0.09,1.273
-0.128,2.737
-0.216,0.843
-0.219,0.732
-0.387,1.334
-0.32,2.864
-0.302,1.754
-0.527,1.997
-0.634,3.048
-0.697,0.51
-0.818,-0.705
-0.776,2.866
-0.78,0.641
-0.852,-0.117
-0.939,0.796
-1.117,1.449
-1.265,1.734
-1.273,0.733
-1.299,0.719
-1.3,2.716
-1.432,1.842
-1.357,-0.564
-1.34,2.318
-1.586,-0.433
-1.508,-0.526
-1.656,1.938
-1.744,-0.689
-1.738,0.272
-1.766,-0.47
-1.703,2.955
-1.746,2.983
-1.887,2.068
-2.17,-0.529
-2.398,0.861
-2.441,3.287
-2.5,1.791
-2.649,0.809
-2.758,3.107
-2.857,0.917
-2.778,1.751
-2.871,0.989
-2.898,-0.636
-3.136,1.646
3.025,0.307
2.926,-0.772
2.906,0.58
2.463,0.438
2.478,0.474
2.343,-0.581
2.247,1.13
2.069,1.495
1.917,0.124
1.96,-0.18
1.957,-0.646
1.838,1.361
1.959,-0.567
1.925,-0.362
1.785,3.121
1.772,3.156
1.767,0.295
1.605,0.812
1.673,2.128
1.578,2.561
1.671,1.62
1.599,1.336
1.488,0.472
1.326,2.823
1.208,-0.352
0.897,-0.352
0.826,1.962
0.798,3.101
0.735,2.346
0.738,2.082
0.703,3.075
0.791,-0.689
0.679,1.119
0.678,-0.625
0.675,0.555
0.648,0.586
0.105,-0.94
-0.022,-0.963
-0.189,-0.964
-0.267,-0.789
-1.079,-0.871
-1.254,-1.129
-1.295,-0.809
-2.358,-0.885
-2.354,-1.103
-2.772,-0.872
3.085,-0.919
2.694,-1.096
2.025,-0.842
1.935,-0.818
1.895,-1.039
1.09,-0.984
0.044,3.628
-0.056,3.454
-0.769,3.414
-0.759,3.466
-0.932,3.445
-2.947,3.561
2.313,3.347
1.872,3.327
1.8,3.418
1.024,3.596
-0.003,1.951
-0.753,2.803
-2.448,-0.559
2.885,0.709
2.462,0.637
2.205,2.111
2.076,1.189
0.813,1.187
-0.445,2.924
2.308,1.252
2.299,1.578
2.002,1.161
1.013,1.697
-0.019,1.028
-2.785,1.078
2.45,2.45
2.119,0.937
1.933,-0.996
-3.04,-0.704
2.119,-0.734
1.964,-0.394
-0.217,-0.372
-0.174,1.009
-0.247,-0.232
-0.342,1.399
-0.455,-0.849
-0.516,2.302
-0.521,1.957
-0.551,-0.274
-0.592,1.655
-0.704,0.034
-0.712,2.133
-0.737,1.942
-0.821,0.86
-0.825,1.27
-0.861,0.896
-0.838,-0.349
-0.831,-0.662
-0.969,0.425
-1.005,-0.332
-1.09,1.794
-1.221,1.3
-1.259,0.097
-1.407,0.982
-1.522,0.934
-1.634,-0.603
-1.662,-0.733
-1.76,1.64
-1.739,2.006
-1.726,-1.12
-1.755,-0.065
-1.944,1.109
-1.897,1.374
-1.999,1.878
-2.082,2.268
-2.011,2.346
-2.008,-0.054
-2.127,0.929
-2.218,1.047
-2.242,0.566
-2.312,0.881
-2.348,-1.037
-2.439,-0.855
-2.565,0.921
-2.491,0.436
-2.518,1.129
-2.577,0.916
-2.648,0.736
-2.753,0.352
-2.722,1.152
-2.736,-0.2
-2.961,-0.18
-2.961,-0.062
-3.063,-1.22
-3.025,-1.185
-3.132,1.658
-3.109,-1.115
3.077,1.106
3.078,0.735
3.139,2.083
3.05,1.297
3.077,-0.829
2.947,-1.174
3.014,1.409
2.931,-1.149
2.935,-0.7
2.988,-0.514
2.936,-0.202
2.897,0.729
2.856,2.41
2.714,2.249
2.764,2.295
2.723,-0.178
2.693,-0.162
2.594,1.26
2.608,1.083
2.528,1.239
2.597,0.474
2.506,1.582
2.488,2.703
2.548,2.458
2.443,1.369
2.327,1.043
2.362,-0.93
2.254,0.288
2.313,-0.587
2.29,2.698
2.211,2.474
2.17,1.606
2.208,1.593
2.201,0.515
2.142,2.111
2.152,0.078
2.19,2.718
2.111,2.039
2.111,0.426
1.956,-0.301
2.021,-0.174
1.943,-1.25
1.919,0.435
1.881,1.038
1.959,1.519
1.833,2.093
1.808,0.883
1.739,1.533
1.731,0.428
1.707,0.056
1.728,0.999
1.715,-0.655
1.607,2.775
1.617,0.335
1.609,1.72
1.587,1.365
1.381,1.798
1.393,0.877
1.279,-1.26
1.131,0.157
0.688,2.348
0.678,1.52
0.408,-1.517
0.044,-1.612
-1.324,-1.474
-1.762,-1.433
-1.901,-1.22
-2.343,-1.325
-2.57,-1.384
-3.055,-1.63
2.893,-1.575
2.4,-1.481
2.005,-1.34
1.713,-1.503
1.403,-1.39
0.68,-1.283
0.299,2.71
-0.157,3.013
-0.922,2.995
-1.074,2.608
-2.47,2.814
-2.569,2.999
-2.986,2.893
2.881,2.972
1.888,2.897
0.205,1.785
0.045,0.019
-1.085,0.384
-1.753,2.733
-2.518,-0.242
1.949,0.413
0.474,1.081
0.577,0.475
0.553,0.1
0.479,0.322
0.251,1.193
0.222,-0.762
0.312,0.656
0.332,-0.573
0.103,-1.118
0.18,-1.095
-0.211,0.128
-0.112,0.745
-0.15,2.209
-0.238,0.315
-0.241,0.204
-0.409,0.806
-0.342,2.336
-0.324,1.226
-0.549,1.469
-0.656,2.52
-0.719,-0.018
-0.84,-1.233
-0.798,2.338
-0.802,0.113
-0.874,-0.645
-0.961,0.268
-1.139,0.921
-1.287,1.206
-1.295,0.205
-1.321,0.191
-1.322,2.188
-1.454,1.314
-1.379,-1.092
-1.362,1.79
-1.608,-0.961
-1.53,-1.054
-1.678,1.41
-1.766,-1.217
-1.76,-0.256
-1.788,-0.998
-1.725,2.427
-1.768,2.455
-1.909,1.54
-2.192,-1.057
-2.42,0.333
-2.463,2.759
-2.522,1.263
-2.671,0.281
-2.78,2.579
-2.879,0.389
-2.8,1.223
-2.893,0.461
-2.92,-1.164
3.125,1.118
3.003,-0.221
2.904,-1.3
2.884,0.052
2.441,-0.09
2.456,-0.054
2.321,-1.109
2.225,0.602
2.047,0.967
1.895,-0.404
1.938,-0.708
1.935,-1.174
1.816,0.833
1.937,-1.095
1.903,-0.89
1.763,2.593
1.75,2.628
1.745,-0.233
1.583,0.284
1.651,1.6
1.556,2.033
1.649,1.092
1.577,0.808
1.466,-0.056
1.304,2.295
1.186,-0.88
0.875,-0.88
0.804,1.434
0.776,2.573
0.713,1.818
0.716,1.554
0.681,2.547
0.769,-1.217
0.657,0.591
0.656,-1.153
0.653,0.027
0.626,0.058
0.083,-1.468
-0.044,-1.491
-0.211,-1.492
-0.289,-1.317
-1.101,-1.399
-1.276,-1.657
-1.317,-1.337
-2.38,-1.413
-2.376,-1.631
-2.794,-1.4
3.063,-1.447
2.672,-1.624
2.003,-1.37
1.913,-1.346
1.873,-1.567
1.068,-1.512
0.022,3.1
-0.078,2.926
-0.791,2.886
-0.781,2.938
-0.954,2.917
-2.969,3.033
2.291,2.819
1.85,2.799
1.778,2.89
1.002,3.068
-0.025,1.423
-0.775,2.275
-2.47,-1.087
2.863,0.181
2.44,0.109
2.183,1.583
2.054,0.661
0.791,0.659
-0.467,2.396
2.286,0.724
2.277,1.05
1.98,0.633
0.991,1.169
-0.041,0.5
-2.807,0.55
2.428,1.922
2.097,0.409
1.911,-1.524
-3.062,-1.232
2.097,-1.262
1.942,-0.922
0.043,1.381
-0.03,0.14
-0.125,1.771
-0.238,-0.477
-0.299,2.674
-0.304,2.329
-0.334,0.098
-0.375,2.027
-0.487,0.406
-0.495,2.505
-0.52,2.314
-0.604,1.232
-0.608,1.642
-0.644,1.268
-0.621,0.023
-0.614,-0.29
-0.752,0.797
-0.788,0.04
-0.873,2.166
-1.004,1.672
-1.042,0.469
-1.19,1.354
-1.305,1.306
-1.417,-0.231
-1.445,-0.361
-1.543,2.012
-1.522,2.378
-1.509,-0.748
-1.538,0.307
-1.727,1.481
-1.68,1.746
-1.782,2.25
-1.865,2.64
-1.794,2.718
-1.791,0.318
-1.91,1.301
-2.001,1.419
-2.025,0.938
-2.095,1.253
-2.131,-0.665
-2.222,-0.483
-2.348,1.293
-2.274,0.808
-2.301,1.501
-2.36,1.288
-2.431,1.108
-2.536,0.724
-2.505,1.524
-2.519,0.172
-2.744,0.192
-2.744,0.31
-2.846,-0.848
-2.808,-0.813
-2.915,2.03
-2.892,-0.743
-2.989,1.478
-2.988,1.107
-2.927,2.455
-3.016,1.669
-2.989,-0.457
-3.119,-0.802
-3.052,1.781
-3.135,-0.777
-3.131,-0.328
-3.078,-0.142
-3.13,0.17
3.114,1.101
3.073,2.782
2.931,2.621
2.981,2.667
2.94,0.194
2.91,0.21
2.811,1.632
2.825,1.455
2.745,1.611
2.814,0.846
2.723,1.954
2.705,3.075
2.765,2.83
2.66,1.741
2.544,1.415
2.579,-0.558
2.471,0.66
2.53,-0.215
2.507,3.07
2.428,2.846
2.387,1.978
2.425,1.965
2.418,0.887
2.359,2.483
2.369,0.45
2.407,3.09
2.328,2.411
2.328,0.798
2.173,0.071
2.238,0.198
2.16,-0.878
2.136,0.807
2.098,1.41
2.176,1.891
2.05,2.465
2.025,1.255
1.956,1.905
1.948,0.8
1.924,0.428
1.945,1.371
1.932,-0.283
1.824,3.147
1.834,0.707
1.826,2.092
1.804,1.737
1.598,2.17
1.61,1.249
1.496,-0.888
1.348,0.529
0.905,2.72
0.895,1.892
0.625,-1.145
0.261,-1.24
-1.107,-1.102
-1.545,-1.061
-1.684,-0.848
-2.126,-0.953
-2.353,-1.012
-2.838,-1.258
3.11,-1.203
2.617,-1.109
2.222,-0.968
1.93,-1.131
1.62,-1.018
0.897,-0.911
0.516,3.082
0.06,3.385
-0.705,3.367
-0.857,2.98
-2.253,3.186
-2.352,3.371
-2.769,3.265
3.098,3.344
2.105,3.269
0.422,2.157
0.262,0.391
-0.868,0.756
-1.536,3.105
-2.301,0.13
2.166,0.785
0.691,1.453
0.794,0.847
0.77,0.472
0.696,0.694
0.468,1.565
0.439,-0.39
0.529,1.028
0.549,-0.201
0.32,-0.746
0.397,-0.723
0.006,0.5
0.105,1.117
0.067,2.581
-0.021,0.687
-0.024,0.576
-0.192,1.178
-0.125,2.708
-0.107,1.598
-0.332,1.841
-0.439,2.892
-0.502,0.354
-0.623,-0.861
-0.581,2.71
-0.585,0.485
-0.657,-0.273
-0.744,0.64
-0.922,1.293
-1.07,1.578
-1.078,0.577
-1.104,0.563
-1.105,2.56
-1.237,1.686
-1.162,-0.72
-1.145,2.162
-1.391,-0.589
-1.313,-0.682
-1.461,1.782
-1.549,-0.845
-1.543,0.116
-1.571,-0.626
-1.508,2.799
-1.551,2.827
-1.692,1.912
-1.975,-0.685
-2.203,0.705
-2.246,3.131
-2.305,1.635
-2.454,0.653
-2.563,2.951
-2.662,0.761
-2.583,1.595
-2.676,0.833
-2.703,-0.792
-2.941,1.49
-3.063,0.151
3.121,-0.928
3.101,0.424
2.658,0.282
2.673,0.318
2.538,-0.737
2.442,0.974
2.264,1.339
2.112,-0.032
2.155,-0.336
2.152,-0.802
2.033,1.205
2.154,-0.723
2.12,-0.518
1.98,2.965
1.967,3.0
1.962,0.139
1.8,0.656
1.868,1.972
1.773,2.405
1.866,1.464
1.794,1.18
1.683,0.316
1.521,2.667
1.403,-0.508
1.092,-0.508
1.021,1.806
0.993,2.945
0.93,2.19
0.933,1.926
0.898,2.919
0.986,-0.845
0.874,0.963
0.873,-0.781
0.87,0.399
0.843,0.43
0.3,-1.096
0.173,-1.119
0.006,-1.12
-0.072,-0.945
-0.884,-1.027
-1.059,-1.285
-1.1,-0.965
-2.163,-1.041
-2.159,-1.259
-2.577,-1.028
-3.003,-1.075
2.889,-1.252
2.22,-0.998
2.13,-0.974
2.09,-1.195
1.285,-1.14
0.239,3.472
0.139,3.298
-0.574,3.258
-0.564,3.31
-0.737,3.289
-2.752,3.405
2.508,3.191
2.067,3.171
1.995,3.262
1.219,3.44
0.192,1.795
-0.558,2.647
-2.253,-0.715
3.08,0.553
2.657,0.481
2.4,1.955
2.271,1.033
1.008,1.031
-0.25,2.768
2.503,1.096
2.494,1.422
2.197,1.005
1.208,1.541
0.176,0.872
-2.59,0.922
2.645,2.294
2.314,0.781
2.128,-1.152
-2.845,-0.86
2.314,-0.89
2.159,-0.55
-0.073,-1.241
-0.168,0.39
-0.281,-1.858
-0.342,1.293
-0.347,0.948
-0.377,-1.283
-0.418,0.646
-0.53,-0.975
-0.538,1.124
-0.563,0.933
-0.647,-0.149
-0.651,0.261
-0.687,-0.113
-0.664,-1.358
-0.657,-1.671
-0.795,-0.584
-0.831,-1.341
-0.916,0.785
-1.047,0.291
-1.085,-0.912
-1.233,-0.027
-1.348,-0.075
-1.46,-1.612
-1.488,-1.742
-1.586,0.631
-1.565,0.997
-1.552,-2.129
-1.581,-1.074
-1.77,0.1
-1.723,0.365
-1.825,0.869
-1.908,1.259
-1.837,1.337
-1.834,-1.063
-1.953,-0.08
-2.044,0.038
-2.068,-0.443
-2.138,-0.128
-2.174,-2.046
-2.265,-1.864
-2.391,-0.088
-2.317,-0.573
-2.344,0.12
-2.403,-0.093
-2.474,-0.273
-2.579,-0.657
-2.548,0.143
-2.562,-1.209
-2.787,-1.189
-2.787,-1.071
-2.889,-2.229
-2.851,-2.194
-2.958,0.649
-2.935,-2.124
-3.032,0.097
-3.031,-0.274
-2.97,1.074
-3.059,0.288
-3.032,-1.838
3.121,-2.183
-3.095,0.4
3.105,-2.158
3.109,-1.709
-3.121,-1.523
3.11,-1.211
3.071,-0.28
3.03,1.401
2.888,1.24
2.938,1.286
2.897,-1.187
2.867,-1.171
2.768,0.251
2.782,0.074
2.702,0.23
2.771,-0.535
2.68,0.573
2.662,1.694
2.722,1.449
2.617,0.36
2.501,0.034
2.536,-1.939
2.428,-0.721
2.487,-1.596
2.464,1.689
2.385,1.465
2.344,0.597
2.382,0.584
2.375,-0.494
2.316,1.102
2.326,-0.931
2.364,1.709
2.285,1.03
2.285,-0.583
2.13,-1.31
2.195,-1.183
2.117,-2.259
2.093,-0.574
2.055,0.029
2.133,0.51
2.007,1.084
1.982,-0.126
1.913,0.524
1.905,-0.581
1.881,-0.953
1.902,-0.01
1.889,-1.664
1.781,1.766
1.791,-0.674
1.783,0.711
1.761,0.356
1.555,0.789
1.567,-0.132
1.453,-2.269
1.305,-0.852
0.862,1.339
0.852,0.511
0.582,-2.526
0.218,-2.621
-1.15,-2.483
-1.588,-2.442
-1.727,-2.229
-2.169,-2.334
-2.396,-2.393
-2.881,-2.639
3.067,-2.584
2.574,-2.49
2.179,-2.349
1.887,-2.512
1.577,-2.399
0.854,-2.292
0.473,1.701
0.017,2.004
-0.748,1.986
-0.9,1.599
-2.296,1.805
-2.395,1.99
-2.812,1.884
3.055,1.963
2.062,1.888
0.379,0.776
0.219,-0.99
-0.911,-0.625
-1.579,1.724
-2.344,-1.251
2.123,-0.596
0.648,0.072
0.751,-0.534
0.727,-0.909
0.653,-0.687
0.425,0.184
0.396,-1.771
0.486,-0.353
0.506,-1.582
0.277,-2.127
0.354,-2.104
-0.037,-0.881
0.062,-0.264
0.024,1.2
-0.064,-0.694
-0.067,-0.805
-0.235,-0.203
-0.168,1.327
-0.15,0.217
-0.375,0.46
-0.482,1.511
-0.545,-1.027
-0.666,-2.242
-0.624,1.329
-0.628,-0.896
-0.7,-1.654
-0.787,-0.741
-0.965,-0.088
-1.113,0.197
-1.121,-0.804
-1.147,-0.818
-1.148,1.179
-1.28,0.305
-1.205,-2.101
-1.188,0.781
-1.434,-1.97
-1.356,-2.063
-1.504,0.401
-1.592,-2.226
-1.586,-1.265
-1.614,-2.007
-1.551,1.418
-1.594,1.446
-1.735,0.531
-2.018,-2.066
-2.246,-0.676
-2.289,1.75
-2.348,0.254
-2.497,-0.728
-2.606,1.57
-2.705,-0.62
-2.626,0.214
-2.719,-0.548
-2.746,-2.173
-2.984,0.109
-3.106,-1.23
3.078,-2.309
3.058,-0.957
2.615,-1.099
2.63,-1.063
2.495,-2.118
2.399,-0.407
2.221,-0.042
2.069,-1.413
2.112,-1.717
2.109,-2.183
1.99,-0.176
2.111,-2.104
2.077,-1.899
1.937,1.584
1.924,1.619
1.919,-1.242
1.757,-0.725
1.825,0.591
1.73,1.024
1.823,0.083
1.751,-0.201
1.64,-1.065
1.478,1.286
1.36,-1.889
1.049,-1.889
0.978,0.425
0.95,1.564
0.887,0.809
0.89,0.545
0.855,1.538
0.943,-2.226
0.831,-0.418
0.83,-2.162
0.827,-0.982
0.8,-0.951
0.257,-2.477
0.13,-2.5
-0.037,-2.501
-0.115,-2.326
-0.927,-2.408
-1.102,-2.666
-1.143,-2.346
-2.206,-2.422
-2.202,-2.64
-2.62,-2.409
-3.046,-2.456
2.846,-2.633
2.177,-2.379
2.087,-2.355
2.047,-2.576
1.242,-2.521
0.196,2.091
0.096,1.917
-0.617,1.877
-0.607,1.929
-0.78,1.908
-2.795,2.024
2.465,1.81
2.024,1.79
1.952,1.881
1.176,2.059
0.149,0.414
-0.601,1.266
-2.296,-2.096
3.037,-0.828
2.614,-0.9
2.357,0.574
2.228,-0.348
0.965,-0.35
-0.293,1.387
2.46,-0.285
2.451,0.041
2.154,-0.376
1.165,0.16
0.133,-0.509
-2.633,-0.459
2.602,0.913
2.271,-0.6
2.085,-2.533
-2.888,-2.241
2.271,-2.271
2.116,-1.931
-0.095,1.631
-0.208,-0.617
-0.269,2.534
-0.274,2.189
-0.304,-0.042
-0.345,1.887
-0.457,0.266
-0.465,2.365
-0.49,2.174
-0.574,1.092
-0.578,1.502
-0.614,1.128
-0.591,-0.117
-0.584,-0.43
-0.722,0.657
-0.758,-0.1
-0.843,2.026
-0.974,1.532
-1.012,0.329
-1.16,1.214
-1.275,1.166
-1.387,-0.371
-1.415,-0.501
-1.513,1.872
-1.492,2.238
-1.479,-0.888
-1.508,0.167
-1.697,1.341
-1.65,1.606
-1.752,2.11
-1.835,2.5
-1.764,2.578
-1.761,0.178
-1.88,1.161
-1.971,1.279
-1.995,0.798
-2.065,1.113
-2.101,-0.805
-2.192,-0.623
-2.318,1.153
-2.244,0.668
-2.271,1.361
-2.33,1.148
-2.401,0.968
-2.506,0.584
-2.475,1.384
-2.489,0.032
-2.714,0.052
-2.714,0.17
-2.816,-0.988
-2.778,-0.953
-2.885,1.89
-2.862,-0.883
-2.959,1.338
-2.958,0.967
-2.897,2.315
-2.986,1.529
-2.959,-0.597
-3.089,-0.942
-3.022,1.641
-3.105,-0.917
-3.101,-0.468
-3.048,-0.282
-3.1,0.03
-3.139,0.961
3.103,2.642
2.961,2.481
3.011,2.527
2.97,0.054
2.94,0.07
2.841,1.492
2.855,1.315
2.775,1.471
2.844,0.706
2.753,1.814
2.735,2.935
2.795,2.69
2.69,1.601
2.574,1.275
2.609,-0.698
2.501,0.52
2.56,-0.355
2.537,2.93
2.458,2.706
2.417,1.838
2.455,1.825
2.448,0.747
2.389,2.343
2.399,0.31
2.437,2.95
2.358,2.271
2.358,0.658
2.203,-0.069
2.268,0.058
2.19,-1.018
2.166,0.667
2.128,1.27
2.206,1.751
2.08,2.325
2.055,1.115
1.986,1.765
1.978,0.66
1.954,0.288
1.975,1.231
1.962,-0.423
1.854,3.007
1.864,0.567
1.856,1.952
1.834,1.597
1.628,2.03
1.64,1.109
1.526,-1.028
1.378,0.389
0.935,2.58
0.925,1.752
0.655,-1.285
0.291,-1.38
-1.077,-1.242
-1.515,-1.201
-1.654,-0.988
-2.096,-1.093
-2.323,-1.152
-2.808,-1.398
3.14,-1.343
2.647,-1.249
2.252,-1.108
1.96,-1.271
1.65,-1.158
0.927,-1.051
0.546,2.942
0.09,3.245
-0.675,3.227
-0.827,2.84
-2.223,3.046
-2.322,3.231
-2.739,3.125
3.128,3.204
2.135,3.129
0.452,2.017
0.292,0.251
-0.838,0.616
-1.506,2.965
-2.271,-0.01
2.196,0.645
0.721,1.313
0.824,0.707
0.8,0.332
0.726,0.554
0.498,1.425
0.469,-0.53
0.559,0.888
0.579,-0.341
0.35,-0.886
0.427,-0.863
0.036,0.36
0.135,0.977
0.097,2.441
0.009,0.547
0.006,0.436
-0.162,1.038
-0.095,2.568
-0.077,1.458
-0.302,1.701
-0.409,2.752
-0.472,0.214
-0.593,-1.001
-0.551,2.57
-0.555,0.345
-0.627,-0.413
-0.714,0.5
-0.892,1.153
-1.04,1.438
-1.048,0.437
-1.074,0.423
-1.075,2.42
-1.207,1.546
-1.132,-0.86
-1.115,2.022
-1.361,-0.729
-1.283,-0.822
-1.431,1.642
-1.519,-0.985
-1.513,-0.024
-1.541,-0.766
-1.478,2.659
-1.521,2.687
-1.662,1.772
-1.945,-0.825
-2.173,0.565
-2.216,2.991
-2.275,1.495
-2.424,0.513
-2.533,2.811
-2.632,0.621
-2.553,1.455
-2.646,0.693
-2.673,-0.932
-2.911,1.35
-3.033,0.011
-3.132,-1.068
3.131,0.284
2.688,0.142
2.703,0.178
2.568,-0.877
2.472,0.834
2.294,1.199
2.142,-0.172
2.185,-0.476
2.182,-0.942
2.063,1.065
2.184,-0.863
2.15,-0.658
2.01,2.825
1.997,2.86
1.992,-0.001
1.83,0.516
1.898,1.832
1.803,2.265
1.896,1.324
1.824,1.04
1.713,0.176
1.551,2.527
1.433,-0.648
1.122,-0.648
1.051,1.666
1.023,2.805
0.96,2.05
0.963,1.786
0.928,2.779
1.016,-0.985
0.904,0.823
0.903,-0.921
0.9,0.259
0.873,0.29
0.33,-1.236
0.203,-1.259
0.036,-1.26
-0.042,-1.085
-0.854,-1.167
-1.029,-1.425
-1.07,-1.105
-2.133,-1.181
-2.129,-1.399
-2.547,-1.168
-2.973,-1.215
2.919,-1.392
2.25,-1.138
2.16,-1.114
2.12,-1.335
1.315,-1.28
0.269,3.332
0.169,3.158
-0.544,3.118
-0.534,3.17
-0.707,3.149
-2.722,3.265
2.538,3.051
2.097,3.031
2.025,3.122
1.249,3.3
0.222,1.655
-0.528,2.507
-2.223,-0.855
3.11,0.413
2.687,0.341
2.43,1.815
2.301,0.893
1.038,0.891
-0.22,2.628
2.533,0.956
2.524,1.282
2.227,0.865
1.238,1.401
0.206,0.732
-2.56,0.782
2.675,2.154
2.344,0.641
2.158,-1.292
-2.815,-1.0
2.344,-1.03
2.189,-0.69
-0.113,-2.248
-0.174,0.903
-0.179,0.558
-0.209,-1.673
-0.25,0.256
-0.362,-1.365
-0.37,0.734
-0.395,0.543
-0.479,-0.539
-0.483,-0.129
-0.519,-0.503
-0.496,-1.748
-0.489,-2.061
-0.627,-0.974
-0.663,-1.731
-0.748,0.395
-0.879,-0.099
-0.917,-1.302
-1.065,-0.417
-1.18,-0.465
-1.292,-2.002
-1.32,-2.132
-1.418,0.241
-1.397,0.607
-1.384,-2.519
-1.413,-1.464
-1.602,-0.29
-1.555,-0.025
-1.657,0.479
-1.74,0.869
-1.669,0.947
-1.666,-1.453
-1.785,-0.47
-1.876,-0.352
-1.9,-0.833
-1.97,-0.518
-2.006,-2.436
-2.097,-2.254
-2.223,-0.478
-2.149,-0.963
-2.176,-0.27
-2.235,-0.483
-2.306,-0.663
-2.411,-1.047
-2.38,-0.247
-2.394,-1.599
-2.619,-1.579
-2.619,-1.461
-2.721,-2.619
-2.683,-2.584
-2.79,0.259
-2.767,-2.514
-2.864,-0.293
-2.863,-0.664
-2.802,0.684
-2.891,-0.102
-2.864,-2.228
-2.994,-2.573
-2.927,0.01
-3.01,-2.548
-3.006,-2.099
-2.953,-1.913
-3.005,-1.601
-3.044,-0.67
-3.085,1.011
3.056,0.85
3.106,0.896
3.065,-1.577
3.035,-1.561
2.936,-0.139
2.95,-0.316
2.87,-0.16
2.939,-0.925
2.848,0.183
2.83,1.304
2.89,1.059
2.785,-0.03
2.669,-0.356
2.704,-2.329
2.596,-1.111
2.655,-1.986
2.632,1.299
2.553,1.075
2.512,0.207
2.55,0.194
2.543,-0.884
2.484,0.712
2.494,-1.321
2.532,1.319
2.453,0.64
2.453,-0.973
2.298,-1.7
2.363,-1.573
2.285,-2.649
2.261,-0.964
2.223,-0.361
2.301,0.12
2.175,0.694
2.15,-0.516
2.081,0.134
2.073,-0.971
2.049,-1.343
2.07,-0.4
2.057,-2.054
1.949,1.376
1.959,-1.064
1.951,0.321
1.929,-0.034
1.723,0.399
1.735,-0.522
1.621,-2.659
1.473,-1.242
1.03,0.949
1.02,0.121
0.75,-2.916
0.386,-3.011
-0.982,-2.873
-1.42,-2.832
-1.559,-2.619
-2.001,-2.724
-2.228,-2.783
-2.713,-3.029
-3.048,-2.974
2.742,-2.88
2.347,-2.739
2.055,-2.902
1.745,-2.789
1.022,-2.682
0.641,1.311
0.185,1.614
-0.58,1.596
-0.732,1.209
-2.128,1.415
-2.227,1.6
-2.644,1.494
-3.06,1.573
2.23,1.498
0.547,0.386
0.387,-1.38
-0.743,-1.015
-1.411,1.334
-2.176,-1.641
2.291,-0.986
0.816,-0.318
0.919,-0.924
0.895,-1.299
0.821,-1.077
0.593,-0.206
0.564,-2.161
0.654,-0.743
0.674,-1.972
0.445,-2.517
0.522,-2.494
0.131,-1.271
0.23,-0.654
0.192,0.81
0.104,-1.084
0.101,-1.195
-0.067,-0.593
0.0,0.937
0.018,-0.173
-0.207,0.07
-0.314,1.121
-0.377,-1.417
-0.498,-2.632
-0.456,0.939
-0.46,-1.286
-0.532,-2.044
-0.619,-1.131
-0.797,-0.478
-0.945,-0.193
-0.953,-1.194
-0.979,-1.208
-0.98,0.789
-1.112,-0.085
-1.037,-2.491
-1.02,0.391
-1.266,-2.36
-1.188,-2.453
-1.336,0.011
-1.424,-2.616
-1.418,-1.655
-1.446,-2.397
-1.383,1.028
-1.426,1.056
-1.567,0.141
-1.85,-2.456
-2.078,-1.066
-2.121,1.36
-2.18,-0.136
-2.329,-1.118
-2.438,1.18
-2.537,-1.01
-2.458,-0.176
-2.551,-0.938
-2.578,-2.563
-2.816,-0.281
-2.938,-1.62
-3.037,-2.699
-3.057,-1.347
2.783,-1.489
2.798,-1.453
2.663,-2.508
2.567,-0.797
2.389,-0.432
2.237,-1.803
2.28,-2.107
2.277,-2.573
2.158,-0.566
2.279,-2.494
2.245,-2.289
2.105,1.194
2.092,1.229
2.087,-1.632
1.925,-1.115
1.993,0.201
1.898,0.634
1.991,-0.307
1.919,-0.591
1.808,-1.455
1.646,0.896
1.528,-2.279
1.217,-2.279
1.146,0.035
1.118,1.174
1.055,0.419
1.058,0.155
1.023,1.148
1.111,-2.616
0.999,-0.808
0.998,-2.552
0.995,-1.372
0.968,-1.341
0.425,-2.867
0.298,-2.89
0.131,-2.891
0.053,-2.716
-0.759,-2.798
-0.934,-3.056
-0.975,-2.736
-2.038,-2.812
-2.034,-3.03
-2.452,-2.799
-2.878,-2.846
3.014,-3.023
2.345,-2.769
2.255,-2.745
2.215,-2.966
1.41,-2.911
0.364,1.701
0.264,1.527
-0.449,1.487
-0.439,1.539
-0.612,1.518
-2.627,1.634
2.633,1.42
2.192,1.4
2.12,1.491
1.344,1.669
0.317,0.024
-0.433,0.876
-2.128,-2.486
-3.078,-1.218
2.782,-1.29
2.525,0.184
2.396,-0.738
1.133,-0.74
-0.125,0.997
2.628,-0.675
2.619,-0.349
2.322,-0.766
1.333,-0.23
0.301,-0.899
-2.465,-0.849
2.77,0.523
2.439,-0.99
2.253,-2.923
-2.72,-2.631
2.439,-2.661
2.284,-2.321
-0.061,3.151
-0.066,2.806
-0.096,0.575
-0.137,2.504
-0.249,0.883
-0.257,2.982
-0.282,2.791
-0.366,1.709
-0.37,2.119
-0.406,1.745
-0.383,0.5
-0.376,0.187
-0.514,1.274
-0.55,0.517
-0.635,2.643
-0.766,2.149
-0.804,0.946
-0.952,1.831
-1.067,1.783
-1.179,0.246
-1.207,0.116
-1.305,2.489
-1.284,2.855
-1.271,-0.271
-1.3,0.784
-1.489,1.958
-1.442,2.223
-1.544,2.727
-1.627,3.117
-1.556,3.195
-1.553,0.795
-1.672,1.778
-1.763,1.896
-1.787,1.415
-1.857,1.73
-1.893,-0.188
-1.984,-0.006
-2.11,1.77
-2.036,1.285
-2.063,1.978
-2.122,1.765
-2.193,1.585
-2.298,1.201
-2.267,2.001
-2.281,0.649
-2.506,0.669
-2.506,0.787
-2.608,-0.371
-2.57,-0.336
-2.677,2.507
-2.654,-0.266
-2.751,1.955
-2.75,1.584
-2.689,2.932
-2.778,2.146
-2.751,0.02
-2.881,-0.325
-2.814,2.258
-2.897,-0.3
-2.893,0.149
-2.84,0.335
-2.892,0.647
-2.931,1.578
-2.972,3.259
-3.114,3.098
-3.064,3.144
-3.105,0.671
-3.135,0.687
3.049,2.109
3.063,1.932
2.983,2.088
3.052,1.323
2.961,2.431
2.943,3.552
3.003,3.307
2.898,2.218
2.782,1.892
2.817,-0.081
2.709,1.137
2.768,0.262
2.745,3.547
2.666,3.323
2.625,2.455
2.663,2.442
2.656,1.364
2.597,2.96
2.607,0.927
2.645,3.567
2.566,2.888
2.566,1.275
2.411,0.548
2.476,0.675
2.398,-0.401
2.374,1.284
2.336,1.887
2.414,2.368
2.288,2.942
2.263,1.732
2.194,2.382
2.186,1.277
2.162,0.905
2.183,1.848
2.17,0.194
2.062,3.624
2.072,1.184
2.064,2.569
2.042,2.214
1.836,2.647
1.848,1.726
1.734,-0.411
1.586,1.006
1.143,3.197
1.133,2.369
0.863,-0.668
0.499,-0.763
-0.869,-0.625
-1.307,-0.584
-1.446,-0.371
-1.888,-0.476
-2.115,-0.535
-2.6,-0.781
-2.935,-0.726
2.855,-0.632
2.46,-0.491
2.168,-0.654
1.858,-0.541
1.135,-0.434
0.754,3.559
0.298,3.862
-0.467,3.844
-0.619,3.457
-2.015,3.663
-2.114,3.848
-2.531,3.742
-2.947,3.821
2.343,3.746
0.66,2.634
0.5,0.868
-0.63,1.233
-1.298,3.582
-2.063,0.607
2.404,1.262
0.929,1.93
1.032,1.324
1.008,0.949
0.934,1.171
0.706,2.042
0.677,0.087
0.767,1.505
0.787,0.276
0.558,-0.269
0.635,-0.246
0.244,0.977
0.343,1.594
0.305,3.058
0.217,1.164
0.214,1.053
0.046,1.655
0.113,3.185
0.131,2.075
-0.094,2.318
-0.201,3.369
-0.264,0.831
-0.385,-0.384
-0.343,3.187
-0.347,0.962
-0.419,0.204
-0.506,1.117
-0.684,1.77
-0.832,2.055
-0.84,1.054
-0.866,1.04
-0.867,3.037
-0.999,2.163
-0.924,-0.243
-0.907,2.639
-1.153,-0.112
-1.075,-0.205
-1.223,2.259
-1.311,-0.368
-1.305,0.593
-1.333,-0.149
-1.27,3.276
-1.313,3.304
-1.454,2.389
-1.737,-0.208
-1.965,1.182
-2.008,3.608
-2.067,2.112
-2.216,1.13
-2.325,3.428
-2.424,1.238
-2.345,2.072
-2.438,1.31
-2.465,-0.315
-2.703,1.967
-2.825,0.628
-2.924,-0.451
-2.944,0.901
2.896,0.759
2.911,0.795
2.776,-0.26
2.68,1.451
2.502,1.816
2.35,0.445
2.393,0.141
2.39,-0.325
2.271,1.682
2.392,-0.246
2.358,-0.041
2.218,3.442
2.205,3.477
2.2,0.616
2.038,1.133
2.106,2.449
2.011,2.882
2.104,1.941
2.032,1.657
1.921,0.793
1.759,3.144
1.641,-0.031
1.33,-0.031
1.259,2.283
1.231,3.422
1.168,2.667
1.171,2.403
1.136,3.396
1.224,-0.368
1.112,1.44
1.111,-0.304
1.108,0.876
1.081,0.907
0.538,-0.619
0.411,-0.642
0.244,-0.643
0.166,-0.468
-0.646,-0.55
-0.821,-0.808
-0.862,-0.488
-1.925,-0.564
-1.921,-0.782
-2.339,-0.551
-2.765,-0.598
3.127,-0.775
2.458,-0.521
2.368,-0.497
2.328,-0.718
1.523,-0.663
0.477,3.949
0.377,3.775
-0.336,3.735
-0.326,3.787
-0.499,3.766
-2.514,3.882
2.746,3.668
2.305,3.648
2.233,3.739
1.457,3.917
0.43,2.272
-0.32,3.124
-2.015,-0.238
-2.965,1.03
2.895,0.958
2.638,2.432
2.509,1.51
1.246,1.508
-0.012,3.245
2.741,1.573
2.732,1.899
2.435,1.482
1.446,2.018
0.414,1.349
-2.352,1.399
2.883,2.771
2.552,1.258
2.366,-0.675
-2.607,-0.383
2.552,-0.413
2.397,-0.073
-0.005,-0.345
-0.035,-2.576
-0.076,-0.647
-0.188,-2.268
-0.196,-0.169
-0.221,-0.36
-0.305,-1.442
-0.309,-1.032
-0.345,-1.406
-0.322,-2.651
-0.315,-2.964
-0.453,-1.877
-0.489,-2.634
-0.574,-0.508
-0.705,-1.002
-0.743,-2.205
-0.891,-1.32
-1.006,-1.368
-1.118,-2.905
-1.146,-3.035
-1.244,-0.662
-1.223,-0.296
-1.21,-3.422
-1.239,-2.367
-1.428,-1.193
-1.381,-0.928
-1.483,-0.424
-1.566,-0.034
-1.495,0.044
-1.492,-2.356
-1.611,-1.373
-1.702,-1.255
-1.726,-1.736
-1.796,-1.421
-1.832,-3.339
-1.923,-3.157
-2.049,-1.381
-1.975,-1.866
-2.002,-1.173
-2.061,-1.386
-2.132,-1.566
-2.237,-1.95
-2.206,-1.15
-2.22,-2.502
-2.445,-2.482
-2.445,-2.364
-2.547,-3.522
-2.509,-3.487
-2.616,-0.644
-2.593,-3.417
-2.69,-1.196
-2.689,-1.567
-2.628,-0.219
-2.717,-1.005
-2.69,-3.131
-2.82,-3.476
-2.753,-0.893
-2.836,-3.451
-2.832,-3.002
-2.779,-2.816
-2.831,-2.504
-2.87,-1.573
-2.911,0.108
-3.053,-0.053
-3.003,-0.007
-3.044,-2.48
-3.074,-2.464
3.11,-1.042
3.124,-1.219
3.044,-1.063
3.113,-1.828
3.022,-0.72
3.004,0.401
3.064,0.156
2.959,-0.933
2.843,-1.259
2.878,-3.232
2.77,-2.014
2.829,-2.889
2.806,0.396
2.727,0.172
2.686,-0.696
2.724,-0.709
2.717,-1.787
2.658,-0.191
2.668,-2.224
2.706,0.416
2.627,-0.263
2.627,-1.876
2.472,-2.603
2.537,-2.476
2.459,-3.552
2.435,-1.867
2.397,-1.264
2.475,-0.783
2.349,-0.209
2.324,-1.419
2.255,-0.769
2.247,-1.874
2.223,-2.246
2.244,-1.303
2.231,-2.957
2.123,0.473
2.133,-1.967
2.125,-0.582
2.103,-0.937
1.897,-0.504
1.909,-1.425
1.795,-3.562
1.647,-2.145
1.204,0.046
1.194,-0.782
0.924,-3.819
0.56,-3.914
-0.808,-3.776
-1.246,-3.735
-1.385,-3.522
-1.827,-3.627
-2.054,-3.686
-2.539,-3.932
-2.874,-3.877
2.916,-3.783
2.521,-3.642
2.229,-3.805
1.919,-3.692
1.196,-3.585
0.815,0.408
0.359,0.711
-0.406,0.693
-0.558,0.306
-1.954,0.512
-2.053,0.697
-2.47,0.591
-2.886,0.67
2.404,0.595
0.721,-0.517
0.561,-2.283
-0.569,-1.918
-1.237,0.431
-2.002,-2.544
2.465,-1.889
0.99,-1.221
1.093,-1.827
1.069,-2.202
0.995,-1.98
0.767,-1.109
0.738,-3.064
0.828,-1.646
0.848,-2.875
0.619,-3.42
0.696,-3.397
0.305,-2.174
0.404,-1.557
0.366,-0.093
0.278,-1.987
0.275,-2.098
0.107,-1.496
0.174,0.034
0.192,-1.076
-0.033,-0.833
-0.14,0.218
-0.203,-2.32
-0.324,-3.535
-0.282,0.036
-0.286,-2.189
-0.358,-2.947
-0.445,-2.034
-0.623,-1.381
-0.771,-1.096
-0.779,-2.097
-0.805,-2.111
-0.806,-0.114
-0.938,-0.988
-0.863,-3.394
-0.846,-0.512
-1.092,-3.263
-1.014,-3.356
-1.162,-0.892
-1.25,-3.519
-1.244,-2.558
-1.272,-3.3
-1.209,0.125
-1.252,0.153
-1.393,-0.762
-1.676,-3.359
-1.904,-1.969
-1.947,0.457
-2.006,-1.039
-2.155,-2.021
-2.264,0.277
-2.363,-1.913
-2.284,-1.079
-2.377,-1.841
-2.404,-3.466
-2.642,-1.184
-2.764,-2.523
-2.863,-3.602
-2.883,-2.25
2.957,-2.392
2.972,-2.356
2.837,-3.411
2.741,-1.7
2.563,-1.335
2.411,-2.706
2.454,-3.01
2.451,-3.476
2.332,-1.469
2.453,-3.397
2.419,-3.192
2.279,0.291
2.266,0.326
2.261,-2.535
2.099,-2.018
2.167,-0.702
2.072,-0.269
2.165,-1.21
2.093,-1.494
1.982,-2.358
1.82,-0.007
1.702,-3.182
1.391,-3.182
1.32,-0.868
1.292,0.271
1.229,-0.484
1.232,-0.748
1.197,0.245
1.285,-3.519
1.173,-1.711
1.172,-3.455
1.169,-2.275
1.142,-2.244
0.599,-3.77
0.472,-3.793
0.305,-3.794
0.227,-3.619
-0.585,-3.701
-0.76,-3.959
-0.801,-3.639
-1.864,-3.715
-1.86,-3.933
-2.278,-3.702
-2.704,-3.749
-3.095,-3.926
2.519,-3.672
2.429,-3.648
2.389,-3.869
1.584,-3.814
0.538,0.798
0.438,0.624
-0.275,0.584
-0.265,0.636
-0.438,0.615
-2.453,0.731
2.807,0.517
2.366,0.497
2.294,0.588
1.518,0.766
0.491,-0.879
-0.259,-0.027
-1.954,-3.389
-2.904,-2.121
2.956,-2.193
2.699,-0.719
2.57,-1.641
1.307,-1.643
0.049,0.094
2.802,-1.578
2.793,-1.252
2.496,-1.669
1.507,-1.133
0.475,-1.802
-2.291,-1.752
2.944,-0.38
2.613,-1.893
2.427,-3.826
-2.546,-3.534
2.613,-3.564
2.458,-3.224
-0.03,-2.231
-0.071,-0.302
-0.183,-1.923
-0.191,0.176
-0.216,-0.015
-0.3,-1.097
-0.304,-0.687
-0.34,-1.061
-0.317,-2.306
-0.31,-2.619
-0.448,-1.532
-0.484,-2.289
-0.569,-0.163
-0.7,-0.657
-0.738,-1.86
-0.886,-0.975
-1.001,-1.023
-1.113,-2.56
-1.141,-2.69
-1.239,-0.317
-1.218,0.049
-1.205,-3.077
-1.234,-2.022
-1.423,-0.848
-1.376,-0.583
-1.478,-0.079
-1.561,0.311
-1.49,0.389
-1.487,-2.011
-1.606,-1.028
-1.697,-0.91
-1.721,-1.391
-1.791,-1.076
-1.827,-2.994
-1.918,-2.812
-2.044,-1.036
-1.97,-1.521
-1.997,-0.828
-2.056,-1.041
-2.127,-1.221
-2.232,-1.605
-2.201,-0.805
-2.215,-2.157
-2.44,-2.137
-2.44,-2.019
-2.542,-3.177
-2.504,-3.142
-2.611,-0.299
-2.588,-3.072
-2.685,-0.851
-2.684,-1.222
-2.623,0.126
-2.712,-0.66
-2.685,-2.786
-2.815,-3.131
-2.748,-0.548
-2.831,-3.106
-2.827,-2.657
-2.774,-2.471
-2.826,-2.159
-2.865,-1.228
-2.906,0.453
-3.048,0.292
-2.998,0.338
-3.039,-2.135
-3.069,-2.119
3.115,-0.697
3.129,-0.874
3.049,-0.718
3.118,-1.483
3.027,-0.375
3.009,0.746
3.069,0.501
2.964,-0.588
2.848,-0.914
2.883,-2.887
2.775,-1.669
2.834,-2.544
2.811,0.741
2.732,0.517
2.691,-0.351
2.729,-0.364
2.722,-1.442
2.663,0.154
2.673,-1.879
2.711,0.761
2.632,0.082
2.632,-1.531
2.477,-2.258
2.542,-2.131
2.464,-3.207
2.44,-1.522
2.402,-0.919
2.48,-0.438
2.354,0.136
2.329,-1.074
2.26,-0.424
2.252,-1.529
2.228,-1.901
2.249,-0.958
2.236,-2.612
2.128,0.818
2.138,-1.622
2.13,-0.237
2.108,-0.592
1.902,-0.159
1.914,-1.08
1.8,-3.217
1.652,-1.8
1.209,0.391
1.199,-0.437
0.929,-3.474
0.565,-3.569
-0.803,-3.431
-1.241,-3.39
-1.38,-3.177
-1.822,-3.282
-2.049,-3.341
-2.534,-3.587
-2.869,-3.532
2.921,-3.438
2.526,-3.297
2.234,-3.46
1.924,-3.347
1.201,-3.24
0.82,0.753
0.364,1.056
-0.401,1.038
-0.553,0.651
-1.949,0.857
-2.048,1.042
-2.465,0.936
-2.881,1.015
2.409,0.94
0.726,-0.172
0.566,-1.938
-0.564,-1.573
-1.232,0.776
-1.997,-2.199
2.47,-1.544
0.995,-0.876
1.098,-1.482
1.074,-1.857
1.0,-1.635
0.772,-0.764
0.743,-2.719
0.833,-1.301
0.853,-2.53
0.624,-3.075
0.701,-3.052
0.31,-1.829
0.409,-1.212
0.371,0.252
0.283,-1.642
0.28,-1.753
0.112,-1.151
0.179,0.379
0.197,-0.731
-0.028,-0.488
-0.135,0.563
-0.198,-1.975
-0.319,-3.19
-0.277,0.381
-0.281,-1.844
-0.353,-2.602
-0.44,-1.689
-0.618,-1.036
-0.766,-0.751
-0.774,-1.752
-0.8,-1.766
-0.801,0.231
-0.933,-0.643
-0.858,-3.049
-0.841,-0.167
-1.087,-2.918
-1.009,-3.011
-1.157,-0.547
-1.245,-3.174
-1.239,-2.213
-1.267,-2.955
-1.204,0.47
-1.247,0.498
-1.388,-0.417
-1.671,-3.014
-1.899,-1.624
-1.942,0.802
-2.001,-0.694
-2.15,-1.676
-2.259,0.622
-2.358,-1.568
-2.279,-0.734
-2.372,-1.496
-2.399,-3.121
-2.637,-0.839
-2.759,-2.178
-2.858,-3.257
-2.878,-1.905
2.962,-2.047
2.977,-2.011
2.842,-3.066
2.746,-1.355
2.568,-0.99
2.416,-2.361
2.459,-2.665
2.456,-3.131
2.337,-1.124
2.458,-3.052
2.424,-2.847
2.284,0.636
2.271,0.671
2.266,-2.19
2.104,-1.673
2.172,-0.357
2.077,0.076
2.17,-0.865
2.098,-1.149
1.987,-2.013
1.825,0.338
1.707,-2.837
1.396,-2.837
1.325,-0.523
1.297,0.616
1.234,-0.139
1.237,-0.403
1.202,0.59
1.29,-3.174
1.178,-1.366
1.177,-3.11
1.174,-1.93
1.147,-1.899
0.604,-3.425
0.477,-3.448
0.31,-3.449
0.232,-3.274
-0.58,-3.356
-0.755,-3.614
-0.796,-3.294
-1.859,-3.37
-1.855,-3.588
-2.273,-3.357
-2.699,-3.404
-3.09,-3.581
2.524,-3.327
2.434,-3.303
2.394,-3.524
1.589,-3.469
0.543,1.143
0.443,0.969
-0.27,0.929
-0.26,0.981
-0.433,0.96
-2.448,1.076
2.812,0.862
2.371,0.842
2.299,0.933
1.523,1.111
0.496,-0.534
-0.254,0.318
-1.949,-3.044
-2.899,-1.776
2.961,-1.848
2.704,-0.374
2.575,-1.296
1.312,-1.298
0.054,0.439
2.807,-1.233
2.798,-0.907
2.501,-1.324
1.512,-0.788
0.48,-1.457
-2.286,-1.407
2.949,-0.035
2.618,-1.548
2.432,-3.481
-2.541,-3.189
2.618,-3.219
2.463,-2.879
-0.041,1.929
-0.153,0.308
-0.161,2.407
-0.186,2.216
-0.27,1.134
-0.274,1.544
-0.31,1.17
-0.287,-0.075
-0.28,-0.388
-0.418,0.699
-0.454,-0.058
-0.539,2.068
-0.67,1.574
-0.708,0.371
-0.856,1.256
-0.971,1.208
-1.083,-0.329
-1.111,-0.459
-1.209,1.914
-1.188,2.28
-1.175,-0.846
-1.204,0.209
-1.393,1.383
-1.346,1.648
-1.448,2.152
-1.531,2.542
-1.46,2.62
-1.457,0.22
-1.576,1.203
-1.667,1.321
-1.691,0.84
-1.761,1.155
-1.797,-0.763
-1.888,-0.581
-2.014,1.195
-1.94,0.71
-1.967,1.403
-2.026,1.19
-2.097,1.01
-2.202,0.626
-2.171,1.426
-2.185,0.074
-2.41,0.094
-2.41,0.212
-2.512,-0.946
-2.474,-0.911
-2.581,1.932
-2.558,-0.841
-2.655,1.38
-2.654,1.009
-2.593,2.357
-2.682,1.571
-2.655,-0.555
-2.785,-0.9
-2.718,1.683
-2.801,-0.875
-2.797,-0.426
-2.744,-0.24
-2.796,0.072
-2.835,1.003
-2.876,2.684
-3.018,2.523
-2.968,2.569
-3.009,0.096
-3.039,0.112
-3.138,1.534
-3.124,1.357
3.079,1.513
-3.135,0.748
3.057,1.856
3.039,2.977
3.099,2.732
2.994,1.643
2.878,1.317
2.913,-0.656
2.805,0.562
2.864,-0.313
2.841,2.972
2.762,2.748
2.721,1.88
2.759,1.867
2.752,0.789
2.693,2.385
2.703,0.352
2.741,2.992
2.662,2.313
2.662,0.7
2.507,-0.027
2.572,0.1
2.494,-0.976
2.47,0.709
2.432,1.312
2.51,1.793
2.384,2.367
2.359,1.157
2.29,1.807
2.282,0.702
2.258,0.33
2.279,1.273
2.266,-0.381
2.158,3.049
2.168,0.609
2.16,1.994
2.138,1.639
1.932,2.072
1.944,1.151
1.83,-0.986
1.682,0.431
1.239,2.622
1.229,1.794
0.959,-1.243
0.595,-1.338
-0.773,-1.2
-1.211,-1.159
-1.35,-0.946
-1.792,-1.051
-2.019,-1.11
-2.504,-1.356
-2.839,-1.301
2.951,-1.207
2.556,-1.066
2.264,-1.229
1.954,-1.116
1.231,-1.009
0.85,2.984
0.394,3.287
-0.371,3.269
-0.523,2.882
-1.919,3.088
-2.018,3.273
-2.435,3.167
-2.851,3.246
2.439,3.171
0.756,2.059
0.596,0.293
-0.534,0.658
-1.202,3.007
-1.967,0.032
2.5,0.687
1.025,1.355
1.128,0.749
1.104,0.374
1.03,0.596
0.802,1.467
0.773,-0.488
0.863,0.93
0.883,-0.299
0.654,-0.844
0.731,-0.821
0.34,0.402
0.439,1.019
0.401,2.483
0.313,0.589
0.31,0.478
0.142,1.08
0.209,2.61
0.227,1.5
0.002,1.743
-0.105,2.794
-0.168,0.256
-0.289,-0.959
-0.247,2.612
-0.251,0.387
-0.323,-0.371
-0.41,0.542
-0.588,1.195
-0.736,1.48
-0.744,0.479
-0.77,0.465
-0.771,2.462
-0.903,1.588
-0.828,-0.818
-0.811,2.064
-1.057,-0.687
-0.979,-0.78
-1.127,1.684
-1.215,-0.943
-1.209,0.018
-1.237,-0.724
-1.174,2.701
-1.217,2.729
-1.358,1.814
-1.641,-0.783
-1.869,0.607
-1.912,3.033
-1.971,1.537
-2.12,0.555
-2.229,2.853
-2.328,0.663
-2.249,1.497
-2.342,0.735
-2.369,-0.89
-2.607,1.392
-2.729,0.053
-2.828,-1.026
-2.848,0.326
2.992,0.184
3.007,0.22
2.872,-0.835
2.776,0.876
2.598,1.241
2.446,-0.13
2.489,-0.434
2.486,-0.9
2.367,1.107
2.488,-0.821
2.454,-0.616
2.314,2.867
2.301,2.902
2.296,0.041
2.134,0.558
2.202,1.874
2.107,2.307
2.2,1.366
2.128,1.082
2.017,0.218
1.855,2.569
1.737,-0.606
1.426,-0.606
1.355,1.708
1.327,2.847
1.264,2.092
1.267,1.828
1.232,2.821
1.32,-0.943
1.208,0.865
1.207,-0.879
1.204,0.301
1.177,0.332
0.634,-1.194
0.507,-1.217
0.34,-1.218
0.262,-1.043
-0.55,-1.125
-0.725,-1.383
-0.766,-1.063
-1.829,-1.139
-1.825,-1.357
-2.243,-1.126
-2.669,-1.173
-3.06,-1.35
2.554,-1.096
2.464,-1.072
2.424,-1.293
1.619,-1.238
0.573,3.374
0.473,3.2
-0.24,3.16
-0.23,3.212
-0.403,3.191
-2.418,3.307
2.842,3.093
2.401,3.073
2.329,3.164
1.553,3.342
0.526,1.697
-0.224,2.549
-1.919,-0.813
-2.869,0.455
2.991,0.383
2.734,1.857
2.605,0.935
1.342,0.933
0.084,2.67
2.837,0.998
2.828,1.324
2.531,0.907
1.542,1.443
0.51,0.774
-2.256,0.824
2.979,2.196
2.648,0.683
2.462,-1.25
-2.511,-0.958
2.648,-0.988
2.493,-0.648
-0.112,-1.621
-0.12,0.478
-0.145,0.287
-0.229,-0.795
-0.233,-0.385
-0.269,-0.759
-0.246,-2.004
-0.239,-2.317
-0.377,-1.23
-0.413,-1.987
-0.498,0.139
-0.629,-0.355
-0.667,-1.558
-0.815,-0.673
-0.93,-0.721
-1.042,-2.258
-1.07,-2.388
-1.168,-0.015
-1.147,0.351
-1.134,-2.775
-1.163,-1.72
-1.352,-0.546
-1.305,-0.281
-1.407,0.223
-1.49,0.613
-1.419,0.691
-1.416,-1.709
-1.535,-0.726
-1.626,-0.608
-1.65,-1.089
-1.72,-0.774
-1.756,-2.692
-1.847,-2.51
-1.973,-0.734
-1.899,-1.219
-1.926,-0.526
-1.985,-0.739
-2.056,-0.919
-2.161,-1.303
-2.13,-0.503
-2.144,-1.855
-2.369,-1.835
-2.369,-1.717
-2.471,-2.875
-2.433,-2.84
-2.54,0.003
-2.517,-2.77
-2.614,-0.549
-2.613,-0.92
-2.552,0.428
-2.641,-0.358
-2.614,-2.484
-2.744,-2.829
-2.677,-0.246
-2.76,-2.804
-2.756,-2.355
-2.703,-2.169
-2.755,-1.857
-2.794,-0.926
-2.835,0.755
-2.977,0.594
-2.927,0.64
-2.968,-1.833
-2.998,-1.817
-3.097,-0.395
-3.083,-0.572
3.12,-0.416
-3.094,-1.181
3.098,-0.073
3.08,1.048
3.14,0.803
3.035,-0.286
2.919,-0.612
2.954,-2.585
2.846,-1.367
2.905,-2.242
2.882,1.043
2.803,0.819
2.762,-0.049
2.8,-0.062
2.793,-1.14
2.734,0.456
2.744,-1.577
2.782,1.063
2.703,0.384
2.703,-1.229
2.548,-1.956
2.613,-1.829
2.535,-2.905
2.511,-1.22
2.473,-0.617
2.551,-0.136
2.425,0.438
2.4,-0.772
2.331,-0.122
2.323,-1.227
2.299,-1.599
2.32,-0.656
2.307,-2.31
2.199,1.12
2.209,-1.32
2.201,0.065
2.179,-0.29
1.973,0.143
1.985,-0.778
1.871,-2.915
1.723,-1.498
1.28,0.693
1.27,-0.135
1.0,-3.172
0.636,-3.267
-0.732,-3.129
-1.17,-3.088
-1.309,-2.875
-1.751,-2.98
-1.978,-3.039
-2.463,-3.285
-2.798,-3.23
2.992,-3.136
2.597,-2.995
2.305,-3.158
1.995,-3.045
1.272,-2.938
0.891,1.055
0.435,1.358
-0.33,1.34
-0.482,0.953
-1.878,1.159
-1.977,1.344
-2.394,1.238
-2.81,1.317
2.48,1.242
0.797,0.13
0.637,-1.636
-0.493,-1.271
-1.161,1.078
-1.926,-1.897
2.541,-1.242
1.066,-0.574
1.169,-1.18
1.145,-1.555
1.071,-1.333
0.843,-0.462
0.814,-2.417
0.904,-0.999
0.924,-2.228
0.695,-2.773
0.772,-2.75
0.381,-1.527
0.48,-0.91
0.442,0.554
0.354,-1.34
0.351,-1.451
0.183,-0.849
0.25,0.681
0.268,-0.429
0.043,-0.186
-0.064,0.865
-0.127,-1.673
-0.248,-2.888
-0.206,0.683
-0.21,-1.542
-0.282,-2.3
-0.369,-1.387
-0.547,-0.734
-0.695,-0.449
-0.703,-1.45
-0.729,-1.464
-0.73,0.533
-0.862,-0.341
-0.787,-2.747
-0.77,0.135
-1.016,-2.616
-0.938,-2.709
-1.086,-0.245
-1.174,-2.872
-1.168,-1.911
-1.196,-2.653
-1.133,0.772
-1.176,0.8
-1.317,-0.115
-1.6,-2.712
-1.828,-1.322
-1.871,1.104
-1.93,-0.392
-2.079,-1.374
-2.188,0.924
-2.287,-1.266
-2.208,-0.432
-2.301,-1.194
-2.328,-2.819
-2.566,-0.537
-2.688,-1.876
-2.787,-2.955
-2.807,-1.603
3.033,-1.745
3.048,-1.709
2.913,-2.764
2.817,-1.053
2.639,-0.688
2.487,-2.059
2.53,-2.363
2.527,-2.829
2.408,-0.822
2.529,-2.75
2.495,-2.545
2.355,0.938
2.342,0.973
2.337,-1.888
2.175,-1.371
2.243,-0.055
2.148,0.378
2.241,-0.563
2.169,-0.847
2.058,-1.711
1.896,0.64
1.778,-2.535
1.467,-2.535
1.396,-0.221
1.368,0.918
1.305,0.163
1.308,-0.101
1.273,0.892
1.361,-2.872
1.249,-1.064
1.248,-2.808
1.245,-1.628
1.218,-1.597
0.675,-3.123
0.548,-3.146
0.381,-3.147
0.303,-2.972
-0.509,-3.054
-0.684,-3.312
-0.725,-2.992
-1.788,-3.068
-1.784,-3.286
-2.202,-3.055
-2.628,-3.102
-3.019,-3.279
2.595,-3.025
2.505,-3.001
2.465,-3.222
1.66,-3.167
0.614,1.445
0.514,1.271
-0.199,1.231
-0.189,1.283
-0.362,1.262
-2.377,1.378
2.883,1.164
2.442,1.144
2.37,1.235
1.594,1.413
0.567,-0.232
-0.183,0.62
-1.878,-2.742
-2.828,-1.474
3.032,-1.546
2.775,-0.072
2.646,-0.994
1.383,-0.996
0.125,0.741
2.878,-0.931
2.869,-0.605
2.572,-1.022
1.583,-0.486
0.551,-1.155
-2.215,-1.105
3.02,0.267
2.689,-1.246
2.503,-3.179
-2.47,-2.887
2.689,-2.917
2.534,-2.577
-0.008,2.099
-0.033,1.908
-0.117,0.826
-0.121,1.236
-0.157,0.862
-0.134,-0.383
-0.127,-0.696
-0.265,0.391
-0.301,-0.366
-0.386,1.76
-0.517,1.266
-0.555,0.063
-0.703,0.948
-0.818,0.9
-0.93,-0.637
-0.958,-0.767
-1.056,1.606
-1.035,1.972
-1.022,-1.154
-1.051,-0.099
-1.24,1.075
-1.193,1.34
-1.295,1.844
-1.378,2.234
-1.307,2.312
-1.304,-0.088
-1.423,0.895
-1.514,1.013
-1.538,0.532
-1.608,0.847
-1.644,-1.071
-1.735,-0.889
-1.861,0.887
-1.787,0.402
-1.814,1.095
-1.873,0.882
-1.944,0.702
-2.049,0.318
-2.018,1.118
-2.032,-0.234
-2.257,-0.214
-2.257,-0.096
-2.359,-1.254
-2.321,-1.219
-2.428,1.624
-2.405,-1.149
-2.502,1.072
-2.501,0.701
-2.44,2.049
-2.529,1.263
-2.502,-0.863
-2.632,-1.208
-2.565,1.375
-2.648,-1.183
-2.644,-0.734
-2.591,-0.548
-2.643,-0.236
-2.682,0.695
-2.723,2.376
-2.865,2.215
-2.815,2.261
-2.856,-0.212
-2.886,-0.196
-2.985,1.226
-2.971,1.049
-3.051,1.205
-2.982,0.44
-3.073,1.548
-3.091,2.669
-3.031,2.424
-3.136,1.335
3.031,1.009
3.066,-0.964
2.958,0.254
3.017,-0.621
2.994,2.664
2.915,2.44
2.874,1.572
2.912,1.559
2.905,0.481
2.846,2.077
2.856,0.044
2.894,2.684
2.815,2.005
2.815,0.392
2.66,-0.335
2.725,-0.208
2.647,-1.284
2.623,0.401
2.585,1.004
2.663,1.485
2.537,2.059
2.512,0.849
2.443,1.499
2.435,0.394
2.411,0.022
2.432,0.965
2.419,-0.689
2.311,2.741
2.321,0.301
2.313,1.686
2.291,1.331
2.085,1.764
2.097,0.843
1.983,-1.294
1.835,0.123
1.392,2.314
1.382,1.486
1.112,-1.551
0.748,-1.646
-0.62,-1.508
-1.058,-1.467
-1.197,-1.254
-1.639,-1.359
-1.866,-1.418
-2.351,-1.664
-2.686,-1.609
3.104,-1.515
2.709,-1.374
2.417,-1.537
2.107,-1.424
1.384,-1.317
1.003,2.676
0.547,2.979
-0.218,2.961
-0.37,2.574
-1.766,2.78
-1.865,2.965
-2.282,2.859
-2.698,2.938
2.592,2.863
0.909,1.751
0.749,-0.015
-0.381,0.35
-1.049,2.699
-1.814,-0.276
2.653,0.379
1.178,1.047
1.281,0.441
1.257,0.066
1.183,0.288
0.955,1.159
0.926,-0.796
1.016,0.622
1.036,-0.607
0.807,-1.152
0.884,-1.129
0.493,0.094
0.592,0.711
0.554,2.175
0.466,0.281
0.463,0.17
0.295,0.772
0.362,2.302
0.38,1.192
0.155,1.435
0.048,2.486
-0.015,-0.052
-0.136,-1.267
-0.094,2.304
-0.098,0.079
-0.17,-0.679
-0.257,0.234
-0.435,0.887
-0.583,1.172
-0.591,0.171
-0.617,0.157
-0.618,2.154
-0.75,1.28
-0.675,-1.126
-0.658,1.756
-0.904,-0.995
-0.826,-1.088
-0.974,1.376
-1.062,-1.251
-1.056,-0.29
-1.084,-1.032
-1.021,2.393
-1.064,2.421
-1.205,1.506
-1.488,-1.091
-1.716,0.299
-1.759,2.725
-1.818,1.229
-1.967,0.247
-2.076,2.545
-2.175,0.355
-2.096,1.189
-2.189,0.427
-2.216,-1.198
-2.454,1.084
-2.576,-0.255
-2.675,-1.334
-2.695,0.018
-3.138,-0.124
-3.123,-0.088
3.025,-1.143
2.929,0.568
2.751,0.933
2.599,-0.438
2.642,-0.742
2.639,-1.208
2.52,0.799
2.641,-1.129
2.607,-0.924
2.467,2.559
2.454,2.594
2.449,-0.267
2.287,0.25
2.355,1.566
2.26,1.999
2.353,1.058
2.281,0.774
2.17,-0.09
2.008,2.261
1.89,-0.914
1.579,-0.914
1.508,1.4
1.48,2.539
1.417,1.784
1.42,1.52
1.385,2.513
1.473,-1.251
1.361,0.557
1.36,-1.187
1.357,-0.007
1.33,0.024
0.787,-1.502
0.66,-1.525
0.493,-1.526
0.415,-1.351
-0.397,-1.433
-0.572,-1.691
-0.613,-1.371
-1.676,-1.447
-1.672,-1.665
-2.09,-1.434
-2.516,-1.481
-2.907,-1.658
2.707,-1.404
2.617,-1.38
2.577,-1.601
1.772,-1.546
0.726,3.066
0.626,2.892
-0.087,2.852
-0.077,2.904
-0.25,2.883
-2.265,2.999
2.995,2.785
2.554,2.765
2.482,2.856
1.706,3.034
0.679,1.389
-0.071,2.241
-1.766,-1.121
-2.716,0.147
-3.139,0.075
2.887,1.549
2.758,0.627
1.495,0.625
0.237,2.362
2.99,0.69
2.981,1.016
2.684,0.599
1.695,1.135
0.663,0.466
-2.103,0.516
3.132,1.888
2.801,0.375
2.615,-1.558
-2.358,-1.266
2.801,-1.296
2.646,-0.956
-0.025,-0.191
-0.109,-1.273
-0.113,-0.863
-0.149,-1.237
-0.126,-2.482
-0.119,-2.795
-0.257,-1.708
-0.293,-2.465
-0.378,-0.339
-0.509,-0.833
-0.547,-2.036
-0.695,-1.151
-0.81,-1.199
-0.922,-2.736
-0.95,-2.866
-1.048,-0.493
-1.027,-0.127
-1.014,-3.253
-1.043,-2.198
-1.232,-1.024
-1.185,-0.759
-1.287,-0.255
-1.37,0.135
-1.299,0.213
-1.296,-2.187
-1.415,-1.204
-1.506,-1.086
-1.53,-1.567
-1.6,-1.252
-1.636,-3.17
-1.727,-2.988
-1.853,-1.212
-1.779,-1.697
-1.806,-1.004
-1.865,-1.217
-1.936,-1.397
-2.041,-1.781
-2.01,-0.981
-2.024,-2.333
-2.249,-2.313
-2.249,-2.195
-2.351,-3.353
-2.313,-3.318
-2.42,-0.475
-2.397,-3.248
-2.494,-1.027
-2.493,-1.398
-2.432,-0.05
-2.521,-0.836
-2.494,-2.962
-2.624,-3.307
-2.557,-0.724
-2.64,-3.282
-2.636,-2.833
-2.583,-2.647
-2.635,-2.335
-2.674,-1.404
-2.715,0.277
-2.857,0.116
-2.807,0.162
-2.848,-2.311
-2.878,-2.295
-2.977,-0.873
-2.963,-1.05
-3.043,-0.894
-2.974,-1.659
-3.065,-0.551
-3.083,0.57
-3.023,0.325
-3.128,-0.764
3.039,-1.09
3.074,-3.063
2.966,-1.845
3.025,-2.72
3.002,0.565
2.923,0.341
2.882,-0.527
2.92,-0.54
2.913,-1.618
2.854,-0.022
2.864,-2.055
2.902,0.585
2.823,-0.094
2.823,-1.707
2.668,-2.434
2.733,-2.307
2.655,-3.383
2.631,-1.698
2.593,-1.095
2.671,-0.614
2.545,-0.04
2.52,-1.25
2.451,-0.6
2.443,-1.705
2.419,-2.077
2.44,-1.134
2.427,-2.788
2.319,0.642
2.329,-1.798
2.321,-0.413
2.299,-0.768
2.093,-0.335
2.105,-1.256
1.991,-3.393
1.843,-1.976
1.4,0.215
1.39,-0.613
1.12,-3.65
0.756,-3.745
-0.612,-3.607
-1.05,-3.566
-1.189,-3.353
-1.631,-3.458
-1.858,-3.517
-2.343,-3.763
-2.678,-3.708
3.112,-3.614
2.717,-3.473
2.425,-3.636
2.115,-3.523
1.392,-3.416
1.011,0.577
0.555,0.88
-0.21,0.862
-0.362,0.475
-1.758,0.681
-1.857,0.866
-2.274,0.76
-2.69,0.839
2.6,0.764
0.917,-0.348
0.757,-2.114
-0.373,-1.749
-1.041,0.6
-1.806,-2.375
2.661,-1.72
1.186,-1.052
1.289,-1.658
1.265,-2.033
1.191,-1.811
0.963,-0.94
0.934,-2.895
1.024,-1.477
1.044,-2.706
0.815,-3.251
0.892,-3.228
0.501,-2.005
0.6,-1.388
0.562,0.076
0.474,-1.818
0.471,-1.929
0.303,-1.327
0.37,0.203
0.388,-0.907
0.163,-0.664
0.056,0.387
-0.007,-2.151
-0.128,-3.366
-0.086,0.205
-0.09,-2.02
-0.162,-2.778
-0.249,-1.865
-0.427,-1.212
-0.575,-0.927
-0.583,-1.928
-0.609,-1.942
-0.61,0.055
-0.742,-0.819
-0.667,-3.225
-0.65,-0.343
-0.896,-3.094
-0.818,-3.187
-0.966,-0.723
-1.054,-3.35
-1.048,-2.389
-1.076,-3.131
-1.013,0.294
-1.056,0.322
-1.197,-0.593
-1.48,-3.19
-1.708,-1.8
-1.751,0.626
-1.81,-0.87
-1.959,-1.852
-2.068,0.446
-2.167,-1.744
-2.088,-0.91
-2.181,-1.672
-2.208,-3.297
-2.446,-1.015
-2.568,-2.354
-2.667,-3.433
-2.687,-2.081
-3.13,-2.223
-3.115,-2.187
3.033,-3.242
2.937,-1.531
2.759,-1.166
2.607,-2.537
2.65,-2.841
2.647,-3.307
2.528,-1.3
2.649,-3.228
2.615,-3.023
2.475,0.46
2.462,0.495
2.457,-2.366
2.295,-1.849
2.363,-0.533
2.268,-0.1
2.361,-1.041
2.289,-1.325
2.178,-2.189
2.016,0.162
1.898,-3.013
1.587,-3.013
1.516,-0.699
1.488,0.44
1.425,-0.315
1.428,-0.579
1.393,0.414
1.481,-3.35
1.369,-1.542
1.368,-3.286
1.365,-2.106
1.338,-2.075
0.795,-3.601
0.668,-3.624
0.501,-3.625
0.423,-3.45
-0.389,-3.532
-0.564,-3.79
-0.605,-3.47
-1.668,-3.546
-1.664,-3.764
-2.082,-3.533
-2.508,-3.58
-2.899,-3.757
2.715,-3.503
2.625,-3.479
2.585,-3.7
1.78,-3.645
0.734,0.967
0.634,0.793
-0.079,0.753
-0.069,0.805
-0.242,0.784
-2.257,0.9
3.003,0.686
2.562,0.666
2.49,0.757
1.714,0.935
0.687,-0.71
-0.063,0.142
-1.758,-3.22
-2.708,-1.952
-3.131,-2.024
2.895,-0.55
2.766,-1.472
1.503,-1.474
0.245,0.263
2.998,-1.409
2.989,-1.083
2.692,-1.5
1.703,-0.964
0.671,-1.633
-2.095,-1.583
3.14,-0.211
2.809,-1.724
2.623,-3.657
-2.35,-3.365
2.809,-3.395
2.654,-3.055
-0.084,-1.082
-0.088,-0.672
-0.124,-1.046
-0.101,-2.291
-0.094,-2.604
-0.232,-1.517
-0.268,-2.274
-0.353,-0.148
-0.484,-0.642
-0.522,-1.845
-0.67,-0.96
-0.785,-1.008
-0.897,-2.545
-0.925,-2.675
-1.023,-0.302
-1.002,0.064
-0.989,-3.062
-1.018,-2.007
-1.207,-0.833
-1.16,-0.568
-1.262,-0.064
-1.345,0.326
-1.274,0.404
-1.271,-1.996
-1.39,-1.013
-1.481,-0.895
-1.505,-1.376
-1.575,-1.061
-1.611,-2.979
-1.702,-2.797
-1.828,-1.021
-1.754,-1.506
-1.781,-0.813
-1.84,-1.026
-1.911,-1.206
-2.016,-1.59
-1.985,-0.79
-1.999,-2.142
-2.224,-2.122
-2.224,-2.004
-2.326,-3.162
-2.288,-3.127
-2.395,-0.284
-2.372,-3.057
-2.469,-0.836
-2.468,-1.207
-2.407,0.141
-2.496,-0.645
-2.469,-2.771
-2.599,-3.116
-2.532,-0.533
-2.615,-3.091
-2.611,-2.642
-2.558,-2.456
-2.61,-2.144
-2.649,-1.213
-2.69,0.468
-2.832,0.307
-2.782,0.353
-2.823,-2.12
-2.853,-2.104
-2.952,-0.682
-2.938,-0.859
-3.018,-0.703
-2.949,-1.468
-3.04,-0.36
-3.058,0.761
-2.998,0.516
-3.103,-0.573
3.064,-0.899
3.099,-2.872
2.991,-1.654
3.05,-2.529
3.027,0.756
2.948,0.532
2.907,-0.336
2.945,-0.349
2.938,-1.427
2.879,0.169
2.889,-1.864
2.927,0.776
2.848,0.097
2.848,-1.516
2.693,-2.243
2.758,-2.116
2.68,-3.192
2.656,-1.507
2.618,-0.904
2.696,-0.423
2.57,0.151
2.545,-1.059
2.476,-0.409
2.468,-1.514
2.444,-1.886
2.465,-0.943
2.452,-2.597
2.344,0.833
2.354,-1.607
2.346,-0.222
2.324,-0.577
2.118,-0.144
2.13,-1.065
2.016,-3.202
1.868,-1.785
1.425,0.406
1.415,-0.422
1.145,-3.459
0.781,-3.554
-0.587,-3.416
-1.025,-3.375
-1.164,-3.162
-1.606,-3.267
-1.833,-3.326
-2.318,-3.572
-2.653,-3.517
3.137,-3.423
2.742,-3.282
2.45,-3.445
2.14,-3.332
1.417,-3.225
1.036,0.768
0.58,1.071
-0.185,1.053
-0.337,0.666
-1.733,0.872
-1.832,1.057
-2.249,0.951
-2.665,1.03
2.625,0.955
0.942,-0.157
0.782,-1.923
-0.348,-1.558
-1.016,0.791
-1.781,-2.184
2.686,-1.529
1.211,-0.861
1.314,-1.467
1.29,-1.842
1.216,-1.62
0.988,-0.749
0.959,-2.704
1.049,-1.286
1.069,-2.515
0.84,-3.06
0.917,-3.037
0.526,-1.814
0.625,-1.197
0.587,0.267
0.499,-1.627
0.496,-1.738
0.328,-1.136
0.395,0.394
0.413,-0.716
0.188,-0.473
0.081,0.578
0.018,-1.96
-0.103,-3.175
-0.061,0.396
-0.065,-1.829
-0.137,-2.587
-0.224,-1.674
-0.402,-1.021
-0.55,-0.736
-0.558,-1.737
-0.584,-1.751
-0.585,0.246
-0.717,-0.628
-0.642,-3.034
-0.625,-0.152
-0.871,-2.903
-0.793,-2.996
-0.941,-0.532
-1.029,-3.159
-1.023,-2.198
-1.051,-2.94
-0.988,0.485
-1.031,0.513
-1.172,-0.402
-1.455,-2.999
-1.683,-1.609
-1.726,0.817
-1.785,-0.679
-1.934,-1.661
-2.043,0.637
-2.142,-1.553
-2.063,-0.719
-2.156,-1.481
-2.183,-3.106
-2.421,-0.824
-2.543,-2.163
-2.642,-3.242
-2.662,-1.89
-3.105,-2.032
-3.09,-1.996
3.058,-3.051
2.962,-1.34
2.784,-0.975
2.632,-2.346
2.675,-2.65
2.672,-3.116
2.553,-1.109
2.674,-3.037
2.64,-2.832
2.5,0.651
2.487,0.686
2.482,-2.175
2.32,-1.658
2.388,-0.342
2.293,0.091
2.386,-0.85
2.314,-1.134
2.203,-1.998
2.041,0.353
1.923,-2.822
1.612,-2.822
1.541,-0.508
1.513,0.631
1.45,-0.124
1.453,-0.388
1.418,0.605
1.506,-3.159
1.394,-1.351
1.393,-3.095
1.39,-1.915
1.363,-1.884
0.82,-3.41
0.693,-3.433
0.526,-3.434
0.448,-3.259
-0.364,-3.341
-0.539,-3.599
-0.58,-3.279
-1.643,-3.355
-1.639,-3.573
-2.057,-3.342
-2.483,-3.389
-2.874,-3.566
2.74,-3.312
2.65,-3.288
2.61,-3.509
1.805,-3.454
0.759,1.158
0.659,0.984
-0.054,0.944
-0.044,0.996
-0.217,0.975
-2.232,1.091
3.028,0.877
2.587,0.857
2.515,0.948
1.739,1.126
0.712,-0.519
-0.038,0.333
-1.733,-3.029
-2.683,-1.761
-3.106,-1.833
2.92,-0.359
2.791,-1.281
1.528,-1.283
0.27,0.454
3.023,-1.218
3.014,-0.892
2.717,-1.309
1.728,-0.773
0.696,-1.442
-2.07,-1.392
-3.118,-0.02
2.834,-1.533
2.648,-3.466
-2.325,-3.174
2.834,-3.204
2.679,-2.864
-0.004,0.41
-0.04,0.036
-0.017,-1.209
-0.01,-1.522
-0.148,-0.435
-0.184,-1.192
-0.269,0.934
-0.4,0.44
-0.438,-0.763
-0.586,0.122
-0.701,0.074
-0.813,-1.463
-0.841,-1.593
-0.939,0.78
-0.918,1.146
-0.905,-1.98
-0.934,-0.925
-1.123,0.249
-1.076,0.514
-1.178,1.018
-1.261,1.408
-1.19,1.486
-1.187,-0.914
-1.306,0.069
-1.397,0.187
-1.421,-0.294
-1.491,0.021
-1.527,-1.897
-1.618,-1.715
-1.744,0.061
-1.67,-0.424
-1.697,0.269
-1.756,0.056
-1.827,-0.124
-1.932,-0.508
-1.901,0.292
-1.915,-1.06
-2.14,-1.04
-2.14,-0.922
-2.242,-2.08
-2.204,-2.045
-2.311,0.798
-2.288,-1.975
-2.385,0.246
-2.384,-0.125
-2.323,1.223
-2.412,0.437
-2.385,-1.689
-2.515,-2.034
-2.448,0.549
-2.531,-2.009
-2.527,-1.56
-2.474,-1.374
-2.526,-1.062
-2.565,-0.131
-2.606,1.55
-2.748,1.389
-2.698,1.435
-2.739,-1.038
-2.769,-1.022
-2.868,0.4
-2.854,0.223
-2.934,0.379
-2.865,-0.386
-2.956,0.722
-2.974,1.843
-2.914,1.598
-3.019,0.509
-3.135,0.183
-3.1,-1.79
3.075,-0.572
3.134,-1.447
3.111,1.838
3.032,1.614
2.991,0.746
3.029,0.733
3.022,-0.345
2.963,1.251
2.973,-0.782
3.011,1.858
2.932,1.179
2.932,-0.434
2.777,-1.161
2.842,-1.034
2.764,-2.11
2.74,-0.425
2.702,0.178
2.78,0.659
2.654,1.233
2.629,0.023
2.56,0.673
2.552,-0.432
2.528,-0.804
2.549,0.139
2.536,-1.515
2.428,1.915
2.438,-0.525
2.43,0.86
2.408,0.505
2.202,0.938
2.214,0.017
2.1,-2.12
1.952,-0.703
1.509,1.488
1.499,0.66
1.229,-2.377
0.865,-2.472
-0.503,-2.334
-0.941,-2.293
-1.08,-2.08
-1.522,-2.185
-1.749,-2.244
-2.234,-2.49
-2.569,-2.435
-3.062,-2.341
2.826,-2.2
2.534,-2.363
2.224,-2.25
1.501,-2.143
1.12,1.85
0.664,2.153
-0.101,2.135
-0.253,1.748
-1.649,1.954
-1.748,2.139
-2.165,2.033
-2.581,2.112
2.709,2.037
1.026,0.925
0.866,-0.841
-0.264,-0.476
-0.932,1.873
-1.697,-1.102
2.77,-0.447
1.295,0.221
1.398,-0.385
1.374,-0.76
1.3,-0.538
1.072,0.333
1.043,-1.622
1.133,-0.204
1.153,-1.433
0.924,-1.978
1.001,-1.955
0.61,-0.732
0.709,-0.115
0.671,1.349
0.583,-0.545
0.58,-0.656
0.412,-0.054
0.479,1.476
0.497,0.366
0.272,0.609
0.165,1.66
0.102,-0.878
-0.019,-2.093
0.023,1.478
0.019,-0.747
-0.053,-1.505
-0.14,-0.592
-0.318,0.061
-0.466,0.346
-0.474,-0.655
-0.5,-0.669
-0.501,1.328
-0.633,0.454
-0.558,-1.952
-0.541,0.93
-0.787,-1.821
-0.709,-1.914
-0.857,0.55
-0.945,-2.077
-0.939,-1.116
-0.967,-1.858
-0.904,1.567
-0.947,1.595
-1.088,0.68
-1.371,-1.917
-1.599,-0.527
-1.642,1.899
-1.701,0.403
-1.85,-0.579
-1.959,1.719
-2.058,-0.471
-1.979,0.363
-2.072,-0.399
-2.099,-2.024
-2.337,0.258
-2.459,-1.081
-2.558,-2.16
-2.578,-0.808
-3.021,-0.95
-3.006,-0.914
-3.141,-1.969
3.046,-0.258
2.868,0.107
2.716,-1.264
2.759,-1.568
2.756,-2.034
2.637,-0.027
2.758,-1.955
2.724,-1.75
2.584,1.733
2.571,1.768
2.566,-1.093
2.404,-0.576
2.472,0.74
2.377,1.173
2.47,0.232
2.398,-0.052
2.287,-0.916
2.125,1.435
2.007,-1.74
1.696,-1.74
1.625,0.574
1.597,1.713
1.534,0.958
1.537,0.694
1.502,1.687
1.59,-2.077
1.478,-0.269
1.477,-2.013
1.474,-0.833
1.447,-0.802
0.904,-2.328
0.777,-2.351
0.61,-2.352
0.532,-2.177
-0.28,-2.259
-0.455,-2.517
-0.496,-2.197
-1.559,-2.273
-1.555,-2.491
-1.973,-2.26
-2.399,-2.307
-2.79,-2.484
2.824,-2.23
2.734,-2.206
2.694,-2.427
1.889,-2.372
0.843,2.24
0.743,2.066
0.03,2.026
0.04,2.078
-0.133,2.057
-2.148,2.173
3.112,1.959
2.671,1.939
2.599,2.03
1.823,2.208
0.796,0.563
0.046,1.415
-1.649,-1.947
-2.599,-0.679
-3.022,-0.751
3.004,0.723
2.875,-0.199
1.612,-0.201
0.354,1.536
3.107,-0.136
3.098,0.19
2.801,-0.227
1.812,0.309
0.78,-0.36
-1.986,-0.31
-3.034,1.062
2.918,-0.451
2.732,-2.384
-2.241,-2.092
2.918,-2.122
2.763,-1.782
-0.036,-0.374
-0.013,-1.619
-0.006,-1.932
-0.144,-0.845
-0.18,-1.602
-0.265,0.524
-0.396,0.03
-0.434,-1.173
-0.582,-0.288
-0.697,-0.336
-0.809,-1.873
-0.837,-2.003
-0.935,0.37
-0.914,0.736
-0.901,-2.39
-0.93,-1.335
-1.119,-0.161
-1.072,0.104
-1.174,0.608
-1.257,0.998
-1.186,1.076
-1.183,-1.324
-1.302,-0.341
-1.393,-0.223
-1.417,-0.704
-1.487,-0.389
-1.523,-2.307
-1.614,-2.125
-1.74,-0.349
-1.666,-0.834
-1.693,-0.141
-1.752,-0.354
-1.823,-0.534
-1.928,-0.918
-1.897,-0.118
-1.911,-1.47
-2.136,-1.45
-2.136,-1.332
-2.238,-2.49
-2.2,-2.455
-2.307,0.388
-2.284,-2.385
-2.381,-0.164
-2.38,-0.535
-2.319,0.813
-2.408,0.027
-2.381,-2.099
-2.511,-2.444
-2.444,0.139
-2.527,-2.419
-2.523,-1.97
-2.47,-1.784
-2.522,-1.472
-2.561,-0.541
-2.602,1.14
-2.744,0.979
-2.694,1.025
-2.735,-1.448
-2.765,-1.432
-2.864,-0.01
-2.85,-0.187
-2.93,-0.031
-2.861,-0.796
-2.952,0.312
-2.97,1.433
-2.91,1.188
-3.015,0.099
-3.131,-0.227
-3.096,-2.2
3.079,-0.982
3.138,-1.857
3.115,1.428
3.036,1.204
2.995,0.336
3.033,0.323
3.026,-0.755
2.967,0.841
2.977,-1.192
3.015,1.448
2.936,0.769
2.936,-0.844
2.781,-1.571
2.846,-1.444
2.768,-2.52
2.744,-0.835
2.706,-0.232
2.784,0.249
2.658,0.823
2.633,-0.387
2.564,0.263
2.556,-0.842
2.532,-1.214
2.553,-0.271
2.54,-1.925
2.432,1.505
2.442,-0.935
2.434,0.45
2.412,0.095
2.206,0.528
2.218,-0.393
2.104,-2.53
1.956,-1.113
1.513,1.078
1.503,0.25
1.233,-2.787
0.869,-2.882
-0.499,-2.744
-0.937,-2.703
-1.076,-2.49
-1.518,-2.595
-1.745,-2.654
-2.23,-2.9
-2.565,-2.845
-3.058,-2.751
2.83,-2.61
2.538,-2.773
2.228,-2.66
1.505,-2.553
1.124,1.44
0.668,1.743
-0.097,1.725
-0.249,1.338
-1.645,1.544
-1.744,1.729
-2.161,1.623
-2.577,1.702
2.713,1.627
1.03,0.515
0.87,-1.251
-0.26,-0.886
-0.928,1.463
-1.693,-1.512
2.774,-0.857
1.299,-0.189
1.402,-0.795
1.378,-1.17
1.304,-0.948
1.076,-0.077
1.047,-2.032
1.137,-0.614
1.157,-1.843
0.928,-2.388
1.005,-2.365
0.614,-1.142
0.713,-0.525
0.675,0.939
0.587,-0.955
0.584,-1.066
0.416,-0.464
0.483,1.066
0.501,-0.044
0.276,0.199
0.169,1.25
0.106,-1.288
-0.015,-2.503
0.027,1.068
0.023,-1.157
-0.049,-1.915
-0.136,-1.002
-0.314,-0.349
-0.462,-0.064
-0.47,-1.065
-0.496,-1.079
-0.497,0.918
-0.629,0.044
-0.554,-2.362
-0.537,0.52
-0.783,-2.231
-0.705,-2.324
-0.853,0.14
-0.941,-2.487
-0.935,-1.526
-0.963,-2.268
-0.9,1.157
-0.943,1.185
-1.084,0.27
-1.367,-2.327
-1.595,-0.937
-1.638,1.489
-1.697,-0.007
-1.846,-0.989
-1.955,1.309
-2.054,-0.881
-1.975,-0.047
-2.068,-0.809
-2.095,-2.434
-2.333,-0.152
-2.455,-1.491
-2.554,-2.57
-2.574,-1.218
-3.017,-1.36
-3.002,-1.324
-3.137,-2.379
3.05,-0.668
2.872,-0.303
2.72,-1.674
2.763,-1.978
2.76,-2.444
2.641,-0.437
2.762,-2.365
2.728,-2.16
2.588,1.323
2.575,1.358
2.57,-1.503
2.408,-0.986
2.476,0.33
2.381,0.763
2.474,-0.178
2.402,-0.462
2.291,-1.326
2.129,1.025
2.011,-2.15
1.7,-2.15
1.629,0.164
1.601,1.303
1.538,0.548
1.541,0.284
1.506,1.277
1.594,-2.487
1.482,-0.679
1.481,-2.423
1.478,-1.243
1.451,-1.212
0.908,-2.738
0.781,-2.761
0.614,-2.762
0.536,-2.587
-0.276,-2.669
-0.451,-2.927
-0.492,-2.607
-1.555,-2.683
-1.551,-2.901
-1.969,-2.67
-2.395,-2.717
-2.786,-2.894
2.828,-2.64
2.738,-2.616
2.698,-2.837
1.893,-2.782
0.847,1.83
0.747,1.656
0.034,1.616
0.044,1.668
-0.129,1.647
-2.144,1.763
3.116,1.549
2.675,1.529
2.603,1.62
1.827,1.798
0.8,0.153
0.05,1.005
-1.645,-2.357
-2.595,-1.089
-3.018,-1.161
3.008,0.313
2.879,-0.609
1.616,-0.611
0.358,1.126
3.111,-0.546
3.102,-0.22
2.805,-0.637
1.816,-0.101
0.784,-0.77
-1.982,-0.72
-3.03,0.652
2.922,-0.861
2.736,-2.794
-2.237,-2.502
2.922,-2.532
2.767,-2.192
0.023,-1.245
0.03,-1.558
-0.108,-0.471
-0.144,-1.228
-0.229,0.898
-0.36,0.404
-0.398,-0.799
-0.546,0.086
-0.661,0.038
-0.773,-1.499
-0.801,-1.629
-0.899,0.744
-0.878,1.11
-0.865,-2.016
-0.894,-0.961
-1.083,0.213
-1.036,0.478
-1.138,0.982
-1.221,1.372
-1.15,1.45
-1.147,-0.95
-1.266,0.033
-1.357,0.151
-1.381,-0.33
-1.451,-0.015
-1.487,-1.933
-1.578,-1.751
-1.704,0.025
-1.63,-0.46
-1.657,0.233
-1.716,0.02
-1.787,-0.16
-1.892,-0.544
-1.861,0.256
-1.875,-1.096
-2.1,-1.076
-2.1,-0.958
-2.202,-2.116
-2.164,-2.081
-2.271,0.762
-2.248,-2.011
-2.345,0.21
-2.344,-0.161
-2.283,1.187
-2.372,0.401
-2.345,-1.725
-2.475,-2.07
-2.408,0.513
-2.491,-2.045
-2.487,-1.596
-2.434,-1.41
-2.486,-1.098
-2.525,-0.167
-2.566,1.514
-2.708,1.353
-2.658,1.399
-2.699,-1.074
-2.729,-1.058
-2.828,0.364
-2.814,0.187
-2.894,0.343
-2.825,-0.422
-2.916,0.686
-2.934,1.807
-2.874,1.562
-2.979,0.473
-3.095,0.147
-3.06,-1.826
3.115,-0.608
-3.109,-1.483
-3.132,1.802
3.072,1.578
3.031,0.71
3.069,0.697
3.062,-0.381
3.003,1.215
3.013,-0.818
3.051,1.822
2.972,1.143
2.972,-0.47
2.817,-1.197
2.882,-1.07
2.804,-2.146
2.78,-0.461
2.742,0.142
2.82,0.623
2.694,1.197
2.669,-0.013
2.6,0.637
2.592,-0.468
2.568,-0.84
2.589,0.103
2.576,-1.551
2.468,1.879
2.478,-0.561
2.47,0.824
2.448,0.469
2.242,0.902
2.254,-0.019
2.14,-2.156
1.992,-0.739
1.549,1.452
1.539,0.624
1.269,-2.413
0.905,-2.508
-0.463,-2.37
-0.901,-2.329
-1.04,-2.116
-1.482,-2.221
-1.709,-2.28
-2.194,-2.526
-2.529,-2.471
-3.022,-2.377
2.866,-2.236
2.574,-2.399
2.264,-2.286
1.541,-2.179
1.16,1.814
0.704,2.117
-0.061,2.099
-0.213,1.712
-1.609,1.918
-1.708,2.103
-2.125,1.997
-2.541,2.076
2.749,2.001
1.066,0.889
0.906,-0.877
-0.224,-0.512
-0.892,1.837
-1.657,-1.138
2.81,-0.483
1.335,0.185
1.438,-0.421
1.414,-0.796
1.34,-0.574
1.112,0.297
1.083,-1.658
1.173,-0.24
1.193,-1.469
0.964,-2.014
1.041,-1.991
0.65,-0.768
0.749,-0.151
0.711,1.313
0.623,-0.581
0.62,-0.692
0.452,-0.09
0.519,1.44
0.537,0.33
0.312,0.573
0.205,1.624
0.142,-0.914
0.021,-2.129
0.063,1.442
0.059,-0.783
-0.013,-1.541
-0.1,-0.628
-0.278,0.025
-0.426,0.31
-0.434,-0.691
-0.46,-0.705
-0.461,1.292
-0.593,0.418
-0.518,-1.988
-0.501,0.894
-0.747,-1.857
-0.669,-1.95
-0.817,0.514
-0.905,-2.113
-0.899,-1.152
-0.927,-1.894
-0.864,1.531
-0.907,1.559
-1.048,0.644
-1.331,-1.953
-1.559,-0.563
-1.602,1.863
-1.661,0.367
-1.81,-0.615
-1.919,1.683
-2.018,-0.507
-1.939,0.327
-2.032,-0.435
-2.059,-2.06
-2.297,0.222
-2.419,-1.117
-2.518,-2.196
-2.538,-0.844
-2.981,-0.986
-2.966,-0.95
-3.101,-2.005
3.086,-0.294
2.908,0.071
2.756,-1.3
2.799,-1.604
2.796,-2.07
2.677,-0.063
2.798,-1.991
2.764,-1.786
2.624,1.697
2.611,1.732
2.606,-1.129
2.444,-0.612
2.512,0.704
2.417,1.137
2.51,0.196
2.438,-0.088
2.327,-0.952
2.165,1.399
2.047,-1.776
1.736,-1.776
1.665,0.538
1.637,1.677
1.574,0.922
1.577,0.658
1.542,1.651
1.63,-2.113
1.518,-0.305
1.517,-2.049
1.514,-0.869
1.487,-0.838
0.944,-2.364
0.817,-2.387
0.65,-2.388
0.572,-2.213
-0.24,-2.295
-0.415,-2.553
-0.456,-2.233
-1.519,-2.309
-1.515,-2.527
-1.933,-2.296
-2.359,-2.343
-2.75,-2.52
2.864,-2.266
2.774,-2.242
2.734,-2.463
1.929,-2.408
0.883,2.204
0.783,2.03
0.07,1.99
0.08,2.042
-0.093,2.021
-2.108,2.137
-3.131,1.923
2.711,1.903
2.639,1.994
1.863,2.172
0.836,0.527
0.086,1.379
-1.609,-1.983
-2.559,-0.715
-2.982,-0.787
3.044,0.687
2.915,-0.235
1.652,-0.237
0.394,1.5
-3.136,-0.172
3.138,0.154
2.841,-0.263
1.852,0.273
0.82,-0.396
-1.946,-0.346
-2.994,1.026
2.958,-0.487
2.772,-2.42
-2.201,-2.128
2.958,-2.158
2.803,-1.818
0.007,-0.313
-0.131,0.774
-0.167,0.017
-0.252,2.143
-0.383,1.649
-0.421,0.446
-0.569,1.331
-0.684,1.283
-0.796,-0.254
-0.824,-0.384
-0.922,1.989
-0.901,2.355
-0.888,-0.771
-0.917,0.284
-1.106,1.458
-1.059,1.723
-1.161,2.227
-1.244,2.617
-1.173,2.695
-1.17,0.295
-1.289,1.278
-1.38,1.396
-1.404,0.915
-1.474,1.23
-1.51,-0.688
-1.601,-0.506
-1.727,1.27
-1.653,0.785
-1.68,1.478
-1.739,1.265
-1.81,1.085
-1.915,0.701
-1.884,1.501
-1.898,0.149
-2.123,0.169
-2.123,0.287
-2.225,-0.871
-2.187,-0.836
-2.294,2.007
-2.271,-0.766
-2.368,1.455
-2.367,1.084
-2.306,2.432
-2.395,1.646
-2.368,-0.48
-2.498,-0.825
-2.431,1.758
-2.514,-0.8
-2.51,-0.351
-2.457,-0.165
-2.509,0.147
-2.548,1.078
-2.589,2.759
-2.731,2.598
-2.681,2.644
-2.722,0.171
-2.752,0.187
-2.851,1.609
-2.837,1.432
-2.917,1.588
-2.848,0.823
-2.939,1.931
-2.957,3.052
-2.897,2.807
-3.002,1.718
-3.118,1.392
-3.083,-0.581
3.092,0.637
-3.132,-0.238
3.128,3.047
3.049,2.823
3.008,1.955
3.046,1.942
3.039,0.864
2.98,2.46
2.99,0.427
3.028,3.067
2.949,2.388
2.949,0.775
2.794,0.048
2.859,0.175
2.781,-0.901
2.757,0.784
2.719,1.387
2.797,1.868
2.671,2.442
2.646,1.232
2.577,1.882
2.569,0.777
2.545,0.405
2.566,1.348
2.553,-0.306
2.445,3.124
2.455,0.684
2.447,2.069
2.425,1.714
2.219,2.147
2.231,1.226
2.117,-0.911
1.969,0.506
1.526,2.697
1.516,1.869
1.246,-1.168
0.882,-1.263
-0.486,-1.125
-0.924,-1.084
-1.063,-0.871
-1.505,-0.976
-1.732,-1.035
-2.217,-1.281
-2.552,-1.226
-3.045,-1.132
2.843,-0.991
2.551,-1.154
2.241,-1.041
1.518,-0.934
1.137,3.059
0.681,3.362
-0.084,3.344
-0.236,2.957
-1.632,3.163
-1.731,3.348
-2.148,3.242
-2.564,3.321
2.726,3.246
1.043,2.134
0.883,0.368
-0.247,0.733
-0.915,3.082
-1.68,0.107
2.787,0.762
1.312,1.43
1.415,0.824
1.391,0.449
1.317,0.671
1.089,1.542
1.06,-0.413
1.15,1.005
1.17,-0.224
0.941,-0.769
1.018,-0.746
0.627,0.477
0.726,1.094
0.688,2.558
0.6,0.664
0.597,0.553
0.429,1.155
0.496,2.685
0.514,1.575
0.289,1.818
0.182,2.869
0.119,0.331
-0.002,-0.884
0.04,2.687
0.036,0.462
-0.036,-0.296
-0.123,0.617
-0.301,1.27
-0.449,1.555
-0.457,0.554
-0.483,0.54
-0.484,2.537
-0.616,1.663
-0.541,-0.743
-0.524,2.139
-0.77,-0.612
-0.692,-0.705
-0.84,1.759
-0.928,-0.868
-0.922,0.093
-0.95,-0.649
-0.887,2.776
-0.93,2.804
-1.071,1.889
-1.354,-0.708
-1.582,0.682
-1.625,3.108
-1.684,1.612
-1.833,0.63
-1.942,2.928
-2.041,0.738
-1.962,1.572
-2.055,0.81
-2.082,-0.815
-2.32,1.467
-2.442,0.128
-2.541,-0.951
-2.561,0.401
-3.004,0.259
-2.989,0.295
-3.124,-0.76
3.063,0.951
2.885,1.316
2.733,-0.055
2.776,-0.359
2.773,-0.825
2.654,1.182
2.775,-0.746
2.741,-0.541
2.601,2.942
2.588,2.977
2.583,0.116
2.421,0.633
2.489,1.949
2.394,2.382
2.487,1.441
2.415,1.157
2.304,0.293
2.142,2.644
2.024,-0.531
1.713,-0.531
1.642,1.783
1.614,2.922
1.551,2.167
1.554,1.903
1.519,2.896
1.607,-0.868
1.495,0.94
1.494,-0.804
1.491,0.376
1.464,0.407
0.921,-1.119
0.794,-1.142
0.627,-1.143
0.549,-0.968
-0.263,-1.05
-0.438,-1.308
-0.479,-0.988
-1.542,-1.064
-1.538,-1.282
-1.956,-1.051
-2.382,-1.098
-2.773,-1.275
2.841,-1.021
2.751,-0.997
2.711,-1.218
1.906,-1.163
0.86,3.449
0.76,3.275
0.047,3.235
0.057,3.287
-0.116,3.266
-2.131,3.382
3.129,3.168
2.688,3.148
2.616,3.239
1.84,3.417
0.813,1.772
0.063,2.624
-1.632,-0.738
-2.582,0.53
-3.005,0.458
3.021,1.932
2.892,1.01
1.629,1.008
0.371,2.745
3.124,1.073
3.115,1.399
2.818,0.982
1.829,1.518
0.797,0.849
-1.969,0.899
-3.017,2.271
2.935,0.758
2.749,-1.175
-2.224,-0.883
2.935,-0.913
2.78,-0.573
-0.138,1.087
-0.174,0.33
-0.259,2.456
-0.39,1.962
-0.428,0.759
-0.576,1.644
-0.691,1.596
-0.803,0.059
-0.831,-0.071
-0.929,2.302
-0.908,2.668
-0.895,-0.458
-0.924,0.597
-1.113,1.771
-1.066,2.036
-1.168,2.54
-1.251,2.93
-1.18,3.008
-1.177,0.608
-1.296,1.591
-1.387,1.709
-1.411,1.228
-1.481,1.543
-1.517,-0.375
-1.608,-0.193
-1.734,1.583
-1.66,1.098
-1.687,1.791
-1.746,1.578
-1.817,1.398
-1.922,1.014
-1.891,1.814
-1.905,0.462
-2.13,0.482
-2.13,0.6
-2.232,-0.558
-2.194,-0.523
-2.301,2.32
-2.278,-0.453
-2.375,1.768
-2.374,1.397
-2.313,2.745
-2.402,1.959
-2.375,-0.167
-2.505,-0.512
-2.438,2.071
-2.521,-0.487
-2.517,-0.038
-2.464,0.148
-2.516,0.46
-2.555,1.391
-2.596,3.072
-2.738,2.911
-2.688,2.957
-2.729,0.484
-2.759,0.5
-2.858,1.922
-2.844,1.745
-2.924,1.901
-2.855,1.136
-2.946,2.244
-2.964,3.365
-2.904,3.12
-3.009,2.031
-3.125,1.705
-3.09,-0.268
3.085,0.95
-3.139,0.075
3.121,3.36
3.042,3.136
3.001,2.268
3.039,2.255
3.032,1.177
2.973,2.773
2.983,0.74
3.021,3.38
2.942,2.701
2.942,1.088
2.787,0.361
2.852,0.488
2.774,-0.588
2.75,1.097
2.712,1.7
2.79,2.181
2.664,2.755
2.639,1.545
2.57,2.195
2.562,1.09
2.538,0.718
2.559,1.661
2.546,0.007
2.438,3.437
2.448,0.997
2.44,2.382
2.418,2.027
2.212,2.46
2.224,1.539
2.11,-0.598
1.962,0.819
1.519,3.01
1.509,2.182
1.239,-0.855
0.875,-0.95
-0.493,-0.812
-0.931,-0.771
-1.07,-0.558
-1.512,-0.663
-1.739,-0.722
-2.224,-0.968
-2.559,-0.913
-3.052,-0.819
2.836,-0.678
2.544,-0.841
2.234,-0.728
1.511,-0.621
1.13,3.372
0.674,3.675
-0.091,3.657
-0.243,3.27
-1.639,3.476
-1.738,3.661
-2.155,3.555
-2.571,3.634
2.719,3.559
1.036,2.447
0.876,0.681
-0.254,1.046
-0.922,3.395
-1.687,0.42
2.78,1.075
1.305,1.743
1.408,1.137
1.384,0.762
1.31,0.984
1.082,1.855
1.053,-0.1
1.143,1.318
1.163,0.089
0.934,-0.456
1.011,-0.433
0.62,0.79
0.719,1.407
0.681,2.871
0.593,0.977
0.59,0.866
0.422,1.468
0.489,2.998
0.507,1.888
0.282,2.131
0.175,3.182
0.112,0.644
-0.009,-0.571
0.033,3.0
0.029,0.775
-0.043,0.017
-0.13,0.93
-0.308,1.583
-0.456,1.868
-0.464,0.867
-0.49,0.853
-0.491,2.85
-0.623,1.976
-0.548,-0.43
-0.531,2.452
-0.777,-0.299
-0.699,-0.392
-0.847,2.072
-0.935,-0.555
-0.929,0.406
-0.957,-0.336
-0.894,3.089
-0.937,3.117
-1.078,2.202
-1.361,-0.395
-1.589,0.995
-1.632,3.421
-1.691,1.925
-1.84,0.943
-1.949,3.241
-2.048,1.051
-1.969,1.885
-2.062,1.123
-2.089,-0.502
-2.327,1.78
-2.449,0.441
-2.548,-0.638
-2.568,0.714
-3.011,0.572
-2.996,0.608
-3.131,-0.447
3.056,1.264
2.878,1.629
2.726,0.258
2.769,-0.046
2.766,-0.512
2.647,1.495
2.768,-0.433
2.734,-0.228
2.594,3.255
2.581,3.29
2.576,0.429
2.414,0.946
2.482,2.262
2.387,2.695
2.48,1.754
2.408,1.47
2.297,0.606
2.135,2.957
2.017,-0.218
1.706,-0.218
1.635,2.096
1.607,3.235
1.544,2.48
1.547,2.216
1.512,3.209
1.6,-0.555
1.488,1.253
1.487,-0.491
1.484,0.689
1.457,0.72
0.914,-0.806
0.787,-0.829
0.62,-0.83
0.542,-0.655
-0.27,-0.737
-0.445,-0.995
-0.486,-0.675
-1.549,-0.751
-1.545,-0.969
-1.963,-0.738
-2.389,-0.785
-2.78,-0.962
2.834,-0.708
2.744,-0.684
2.704,-0.905
1.899,-0.85
0.853,3.762
0.753,3.588
0.04,3.548
0.05,3.6
-0.123,3.579
-2.138,3.695
3.122,3.481
2.681,3.461
2.609,3.552
1.833,3.73
0.806,2.085
0.056,2.937
-1.639,-0.425
-2.589,0.843
-3.012,0.771
3.014,2.245
2.885,1.323
1.622,1.321
0.364,3.058
3.117,1.386
3.108,1.712
2.811,1.295
1.822,1.831
0.79,1.162
-1.976,1.212
-3.024,2.584
2.928,1.071
2.742,-0.862
-2.231,-0.57
2.928,-0.6
2.773,-0.26
-0.036,-0.757
-0.121,1.369
-0.252,0.875
-0.29,-0.328
-0.438,0.557
-0.553,0.509
-0.665,-1.028
-0.693,-1.158
-0.791,1.215
-0.77,1.581
-0.757,-1.545
-0.786,-0.49
-0.975,0.684
-0.928,0.949
-1.03,1.453
-1.113,1.843
-1.042,1.921
-1.039,-0.479
-1.158,0.504
-1.249,0.622
-1.273,0.141
-1.343,0.456
-1.379,-1.462
-1.47,-1.28
-1.596,0.496
-1.522,0.011
-1.549,0.704
-1.608,0.491
-1.679,0.311
-1.784,-0.073
-1.753,0.727
-1.767,-0.625
-1.992,-0.605
-1.992,-0.487
-2.094,-1.645
-2.056,-1.61
-2.163,1.233
-2.14,-1.54
-2.237,0.681
-2.236,0.31
-2.175,1.658
-2.264,0.872
-2.237,-1.254
-2.367,-1.599
-2.3,0.984
-2.383,-1.574
-2.379,-1.125
-2.326,-0.939
-2.378,-0.627
-2.417,0.304
-2.458,1.985
-2.6,1.824
-2.55,1.87
-2.591,-0.603
-2.621,-0.587
-2.72,0.835
-2.706,0.658
-2.786,0.814
-2.717,0.049
-2.808,1.157
-2.826,2.278
-2.766,2.033
-2.871,0.944
-2.987,0.618
-2.952,-1.355
-3.06,-0.137
-3.001,-1.012
-3.024,2.273
-3.103,2.049
3.139,1.181
-3.106,1.168
-3.113,0.09
3.111,1.686
3.121,-0.347
-3.124,2.293
3.08,1.614
3.08,0.001
2.925,-0.726
2.99,-0.599
2.912,-1.675
2.888,0.01
2.85,0.613
2.928,1.094
2.802,1.668
2.777,0.458
2.708,1.108
2.7,0.003
2.676,-0.369
2.697,0.574
2.684,-1.08
2.576,2.35
2.586,-0.09
2.578,1.295
2.556,0.94
2.35,1.373
2.362,0.452
2.248,-1.685
2.1,-0.268
1.657,1.923
1.647,1.095
1.377,-1.942
1.013,-2.037
-0.355,-1.899
-0.793,-1.858
-0.932,-1.645
-1.374,-1.75
-1.601,-1.809
-2.086,-2.055
-2.421,-2.0
-2.914,-1.906
2.974,-1.765
2.682,-1.928
2.372,-1.815
1.649,-1.708
1.268,2.285
0.812,2.588
0.047,2.57
-0.105,2.183
-1.501,2.389
-1.6,2.574
-2.017,2.468
-2.433,2.547
2.857,2.472
1.174,1.36
1.014,-0.406
-0.116,-0.041
-0.784,2.308
-1.549,-0.667
2.918,-0.012
1.443,0.656
1.546,0.05
1.522,-0.325
1.448,-0.103
1.22,0.768
1.191,-1.187
1.281,0.231
1.301,-0.998
1.072,-1.543
1.149,-1.52
0.758,-0.297
0.857,0.32
0.819,1.784
0.731,-0.11
0.728,-0.221
0.56,0.381
0.627,1.911
0.645,0.801
0.42,1.044
0.313,2.095
0.25,-0.443
0.129,-1.658
0.171,1.913
0.167,-0.312
0.095,-1.07
0.008,-0.157
-0.17,0.496
-0.318,0.781
-0.326,-0.22
-0.352,-0.234
-0.353,1.763
-0.485,0.889
-0.41,-1.517
-0.393,1.365
-0.639,-1.386
-0.561,-1.479
-0.709,0.985
-0.797,-1.642
-0.791,-0.681
-0.819,-1.423
-0.756,2.002
-0.799,2.03
-0.94,1.115
-1.223,-1.482
-1.451,-0.092
-1.494,2.334
-1.553,0.838
-1.702,-0.144
-1.811,2.154
-1.91,-0.036
-1.831,0.798
-1.924,0.036
-1.951,-1.589
-2.189,0.693
-2.311,-0.646
-2.41,-1.725
-2.43,-0.373
-2.873,-0.515
-2.858,-0.479
-2.993,-1.534
-3.089,0.177
3.016,0.542
2.864,-0.829
2.907,-1.133
2.904,-1.599
2.785,0.408
2.906,-1.52
2.872,-1.315
2.732,2.168
2.719,2.203
2.714,-0.658
2.552,-0.141
2.62,1.175
2.525,1.608
2.618,0.667
2.546,0.383
2.435,-0.481
2.273,1.87
2.155,-1.305
1.844,-1.305
1.773,1.009
1.745,2.148
1.682,1.393
1.685,1.129
1.65,2.122
1.738,-1.642
1.626,0.166
1.625,-1.578
1.622,-0.398
1.595,-0.367
1.052,-1.893
0.925,-1.916
0.758,-1.917
0.68,-1.742
-0.132,-1.824
-0.307,-2.082
-0.348,-1.762
-1.411,-1.838
-1.407,-2.056
-1.825,-1.825
-2.251,-1.872
-2.642,-2.049
2.972,-1.795
2.882,-1.771
2.842,-1.992
2.037,-1.937
0.991,2.675
0.891,2.501
0.178,2.461
0.188,2.513
0.015,2.492
-2.0,2.608
-3.023,2.394
2.819,2.374
2.747,2.465
1.971,2.643
0.944,0.998
0.194,1.85
-1.501,-1.512
-2.451,-0.244
-2.874,-0.316
-3.131,1.158
3.023,0.236
1.76,0.234
0.502,1.971
-3.028,0.299
-3.037,0.625
2.949,0.208
1.96,0.744
0.928,0.075
-1.838,0.125
-2.886,1.497
3.066,-0.016
2.88,-1.949
-2.093,-1.657
3.066,-1.687
2.911,-1.347
-0.085,2.126
-0.216,1.632
-0.254,0.429
-0.402,1.314
-0.517,1.266
-0.629,-0.271
-0.657,-0.401
-0.755,1.972
-0.734,2.338
-0.721,-0.788
-0.75,0.267
-0.939,1.441
-0.892,1.706
-0.994,2.21
-1.077,2.6
-1.006,2.678
-1.003,0.278
-1.122,1.261
-1.213,1.379
-1.237,0.898
-1.307,1.213
-1.343,-0.705
-1.434,-0.523
-1.56,1.253
-1.486,0.768
-1.513,1.461
-1.572,1.248
-1.643,1.068
-1.748,0.684
-1.717,1.484
-1.731,0.132
-1.956,0.152
-1.956,0.27
-2.058,-0.888
-2.02,-0.853
-2.127,1.99
-2.104,-0.783
-2.201,1.438
-2.2,1.067
-2.139,2.415
-2.228,1.629
-2.201,-0.497
-2.331,-0.842
-2.264,1.741
-2.347,-0.817
-2.343,-0.368
-2.29,-0.182
-2.342,0.13
-2.381,1.061
-2.422,2.742
-2.564,2.581
-2.514,2.627
-2.555,0.154
-2.585,0.17
-2.684,1.592
-2.67,1.415
-2.75,1.571
-2.681,0.806
-2.772,1.914
-2.79,3.035
-2.73,2.79
-2.835,1.701
-2.951,1.375
-2.916,-0.598
-3.024,0.62
-2.965,-0.255
-2.988,3.03
-3.067,2.806
-3.108,1.938
-3.07,1.925
-3.077,0.847
-3.136,2.443
-3.126,0.41
-3.088,3.05
3.116,2.371
3.116,0.758
2.961,0.031
3.026,0.158
2.948,-0.918
2.924,0.767
2.886,1.37
2.964,1.851
2.838,2.425
2.813,1.215
2.744,1.865
2.736,0.76
2.712,0.388
2.733,1.331
2.72,-0.323
2.612,3.107
2.622,0.667
2.614,2.052
2.592,1.697
2.386,2.13
2.398,1.209
2.284,-0.928
2.136,0.489
1.693,2.68
1.683,1.852
1.413,-1.185
1.049,-1.28
-0.319,-1.142
-0.757,-1.101
-0.896,-0.888
-1.338,-0.993
-1.565,-1.052
-2.05,-1.298
-2.385,-1.243
-2.878,-1.149
3.01,-1.008
2.718,-1.171
2.408,-1.058
1.685,-0.951
1.304,3.042
0.848,3.345
0.083,3.327
-0.069,2.94
-1.465,3.146
-1.564,3.331
-1.981,3.225
-2.397,3.304
2.893,3.229
1.21,2.117
1.05,0.351
-0.08,0.716
-0.748,3.065
-1.513,0.09
2.954,0.745
1.479,1.413
1.582,0.807
1.558,0.432
1.484,0.654
1.256,1.525
1.227,-0.43
1.317,0.988
1.337,-0.241
1.108,-0.786
1.185,-0.763
0.794,0.46
0.893,1.077
0.855,2.541
0.767,0.647
0.764,0.536
0.596,1.138
0.663,2.668
0.681,1.558
0.456,1.801
0.349,2.852
0.286,0.314
0.165,-0.901
0.207,2.67
0.203,0.445
0.131,-0.313
0.044,0.6
-0.134,1.253
-0.282,1.538
-0.29,0.537
-0.316,0.523
-0.317,2.52
-0.449,1.646
-0.374,-0.76
-0.357,2.122
-0.603,-0.629
-0.525,-0.722
-0.673,1.742
-0.761,-0.885
-0.755,0.076
-0.783,-0.666
-0.72,2.759
-0.763,2.787
-0.904,1.872
-1.187,-0.725
-1.415,0.665
-1.458,3.091
-1.517,1.595
-1.666,0.613
-1.775,2.911
-1.874,0.721
-1.795,1.555
-1.888,0.793
-1.915,-0.832
-2.153,1.45
-2.275,0.111
-2.374,-0.968
-2.394,0.384
-2.837,0.242
-2.822,0.278
-2.957,-0.777
-3.053,0.934
3.052,1.299
2.9,-0.072
2.943,-0.376
2.94,-0.842
2.821,1.165
2.942,-0.763
2.908,-0.558
2.768,2.925
2.755,2.96
2.75,0.099
2.588,0.616
2.656,1.932
2.561,2.365
2.654,1.424
2.582,1.14
2.471,0.276
2.309,2.627
2.191,-0.548
1.88,-0.548
1.809,1.766
1.781,2.905
1.718,2.15
1.721,1.886
1.686,2.879
1.774,-0.885
1.662,0.923
1.661,-0.821
1.658,0.359
1.631,0.39
1.088,-1.136
0.961,-1.159
0.794,-1.16
0.716,-0.985
-0.096,-1.067
-0.271,-1.325
-0.312,-1.005
-1.375,-1.081
-1.371,-1.299
-1.789,-1.068
-2.215,-1.115
-2.606,-1.292
3.008,-1.038
2.918,-1.014
2.878,-1.235
2.073,-1.18
1.027,3.432
0.927,3.258
0.214,3.218
0.224,3.27
0.051,3.249
-1.964,3.365
-2.987,3.151
2.855,3.131
2.783,3.222
2.007,3.4
0.98,1.755
0.23,2.607
-1.465,-0.755
-2.415,0.513
-2.838,0.441
-3.095,1.915
3.059,0.993
1.796,0.991
0.538,2.728
-2.992,1.056
-3.001,1.382
2.985,0.965
1.996,1.501
0.964,0.832
-1.802,0.882
-2.85,2.254
3.102,0.741
2.916,-1.192
-2.057,-0.9
3.102,-0.93
2.947,-0.59
-0.131,-0.494
-0.169,-1.697
-0.317,-0.812
-0.432,-0.86
-0.544,-2.397
-0.572,-2.527
-0.67,-0.154
-0.649,0.212
-0.636,-2.914
-0.665,-1.859
-0.854,-0.685
-0.807,-0.42
-0.909,0.084
-0.992,0.474
-0.921,0.552
-0.918,-1.848
-1.037,-0.865
-1.128,-0.747
-1.152,-1.228
-1.222,-0.913
-1.258,-2.831
-1.349,-2.649
-1.475,-0.873
-1.401,-1.358
-1.428,-0.665
-1.487,-0.878
-1.558,-1.058
-1.663,-1.442
-1.632,-0.642
-1.646,-1.994
-1.871,-1.974
-1.871,-1.856
-1.973,-3.014
-1.935,-2.979
-2.042,-0.136
-2.019,-2.909
-2.116,-0.688
-2.115,-1.059
-2.054,0.289
-2.143,-0.497
-2.116,-2.623
-2.246,-2.968
-2.179,-0.385
-2.262,-2.943
-2.258,-2.494
-2.205,-2.308
-2.257,-1.996
-2.296,-1.065
-2.337,0.616
-2.479,0.455
-2.429,0.501
-2.47,-1.972
-2.5,-1.956
-2.599,-0.534
-2.585,-0.711
-2.665,-0.555
-2.596,-1.32
-2.687,-0.212
-2.705,0.909
-2.645,0.664
-2.75,-0.425
-2.866,-0.751
-2.831,-2.724
-2.939,-1.506
-2.88,-2.381
-2.903,0.904
-2.982,0.68
-3.023,-0.188
-2.985,-0.201
-2.992,-1.279
-3.051,0.317
-3.041,-1.716
-3.003,0.924
-3.082,0.245
-3.082,-1.368
3.046,-2.095
3.111,-1.968
3.033,-3.044
3.009,-1.359
2.971,-0.756
3.049,-0.275
2.923,0.299
2.898,-0.911
2.829,-0.261
2.821,-1.366
2.797,-1.738
2.818,-0.795
2.805,-2.449
2.697,0.981
2.707,-1.459
2.699,-0.074
2.677,-0.429
2.471,0.004
2.483,-0.917
2.369,-3.054
2.221,-1.637
1.778,0.554
1.768,-0.274
1.498,-3.311
1.134,-3.406
-0.234,-3.268
-0.672,-3.227
-0.811,-3.014
-1.253,-3.119
-1.48,-3.178
-1.965,-3.424
-2.3,-3.369
-2.793,-3.275
3.095,-3.134
2.803,-3.297
2.493,-3.184
1.77,-3.077
1.389,0.916
0.933,1.219
0.168,1.201
0.016,0.814
-1.38,1.02
-1.479,1.205
-1.896,1.099
-2.312,1.178
2.978,1.103
1.295,-0.009
1.135,-1.775
0.005,-1.41
-0.663,0.939
-1.428,-2.036
3.039,-1.381
1.564,-0.713
1.667,-1.319
1.643,-1.694
1.569,-1.472
1.341,-0.601
1.312,-2.556
1.402,-1.138
1.422,-2.367
1.193,-2.912
1.27,-2.889
0.879,-1.666
0.978,-1.049
0.94,0.415
0.852,-1.479
0.849,-1.59
0.681,-0.988
0.748,0.542
0.766,-0.568
0.541,-0.325
0.434,0.726
0.371,-1.812
0.25,-3.027
0.292,0.544
0.288,-1.681
0.216,-2.439
0.129,-1.526
-0.049,-0.873
-0.197,-0.588
-0.205,-1.589
-0.231,-1.603
-0.232,0.394
-0.364,-0.48
-0.289,-2.886
-0.272,-0.004
-0.518,-2.755
-0.44,-2.848
-0.588,-0.384
-0.676,-3.011
-0.67,-2.05
-0.698,-2.792
-0.635,0.633
-0.678,0.661
-0.819,-0.254
-1.102,-2.851
-1.33,-1.461
-1.373,0.965
-1.432,-0.531
-1.581,-1.513
-1.69,0.785
-1.789,-1.405
-1.71,-0.571
-1.803,-1.333
-1.83,-2.958
-2.068,-0.676
-2.19,-2.015
-2.289,-3.094
-2.309,-1.742
-2.752,-1.884
-2.737,-1.848
-2.872,-2.903
-2.968,-1.192
3.137,-0.827
2.985,-2.198
3.028,-2.502
3.025,-2.968
2.906,-0.961
3.027,-2.889
2.993,-2.684
2.853,0.799
2.84,0.834
2.835,-2.027
2.673,-1.51
2.741,-0.194
2.646,0.239
2.739,-0.702
2.667,-0.986
2.556,-1.85
2.394,0.501
2.276,-2.674
1.965,-2.674
1.894,-0.36
1.866,0.779
1.803,0.024
1.806,-0.24
1.771,0.753
1.859,-3.011
1.747,-1.203
1.746,-2.947
1.743,-1.767
1.716,-1.736
1.173,-3.262
1.046,-3.285
0.879,-3.286
0.801,-3.111
-0.011,-3.193
-0.186,-3.451
-0.227,-3.131
-1.29,-3.207
-1.286,-3.425
-1.704,-3.194
-2.13,-3.241
-2.521,-3.418
3.093,-3.164
3.003,-3.14
2.963,-3.361
2.158,-3.306
1.112,1.306
1.012,1.132
0.299,1.092
0.309,1.144
0.136,1.123
-1.879,1.239
-2.902,1.025
2.94,1.005
2.868,1.096
2.092,1.274
1.065,-0.371
0.315,0.481
-1.38,-2.881
-2.33,-1.613
-2.753,-1.685
-3.01,-0.211
-3.139,-1.133
1.881,-1.135
0.623,0.602
-2.907,-1.07
-2.916,-0.744
3.07,-1.161
2.081,-0.625
1.049,-1.294
-1.717,-1.244
-2.765,0.128
-3.096,-1.385
3.001,-3.318
-1.972,-3.026
-3.096,-3.056
3.032,-2.716
-0.038,-1.203
-0.186,-0.318
-0.301,-0.366
-0.413,-1.903
-0.441,-2.033
-0.539,0.34
-0.518,0.706
-0.505,-2.42
-0.534,-1.365
-0.723,-0.191
-0.676,0.074
-0.778,0.578
-0.861,0.968
-0.79,1.046
-0.787,-1.354
-0.906,-0.371
-0.997,-0.253
-1.021,-0.734
-1.091,-0.419
-1.127,-2.337
-1.218,-2.155
-1.344,-0.379
-1.27,-0.864
-1.297,-0.171
-1.356,-0.384
-1.427,-0.564
-1.532,-0.948
-1.501,-0.148
-1.515,-1.5
-1.74,-1.48
-1.74,-1.362
-1.842,-2.52
-1.804,-2.485
-1.911,0.358
-1.888,-2.415
-1.985,-0.194
-1.984,-0.565
-1.923,0.783
-2.012,-0.003
-1.985,-2.129
-2.115,-2.474
-2.048,0.109
-2.131,-2.449
-2.127,-2.0
-2.074,-1.814
-2.126,-1.502
-2.165,-0.571
-2.206,1.11
-2.348,0.949
-2.298,0.995
-2.339,-1.478
-2.369,-1.462
-2.468,-0.04
-2.454,-0.217
-2.534,-0.061
-2.465,-0.826
-2.556,0.282
-2.574,1.403
-2.514,1.158
-2.619,0.069
-2.735,-0.257
-2.7,-2.23
-2.808,-1.012
-2.749,-1.887
-2.772,1.398
-2.851,1.174
-2.892,0.306
-2.854,0.293
-2.861,-0.785
-2.92,0.811
-2.91,-1.222
-2.872,1.418
-2.951,0.739
-2.951,-0.874
-3.106,-1.601
-3.041,-1.474
-3.119,-2.55
3.14,-0.865
3.102,-0.262
-3.103,0.219
3.054,0.793
3.029,-0.417
2.96,0.233
2.952,-0.872
2.928,-1.244
2.949,-0.301
2.936,-1.955
2.828,1.475
2.838,-0.965
2.83,0.42
2.808,0.065
2.602,0.498
2.614,-0.423
2.5,-2.56
2.352,-1.143
1.909,1.048
1.899,0.22
1.629,-2.817
1.265,-2.912
-0.103,-2.774
-0.541,-2.733
-0.68,-2.52
-1.122,-2.625
-1.349,-2.684
-1.834,-2.93
-2.169,-2.875
-2.662,-2.781
-3.057,-2.64
2.934,-2.803
2.624,-2.69
1.901,-2.583
1.52,1.41
1.064,1.713
0.299,1.695
0.147,1.308
-1.249,1.514
-1.348,1.699
-1.765,1.593
-2.181,1.672
3.109,1.597
1.426,0.485
1.266,-1.281
0.136,-0.916
-0.532,1.433
-1.297,-1.542
-3.113,-0.887
1.695,-0.219
1.798,-0.825
1.774,-1.2
1.7,-0.978
1.472,-0.107
1.443,-2.062
1.533,-0.644
1.553,-1.873
1.324,-2.418
1.401,-2.395
1.01,-1.172
1.109,-0.555
1.071,0.909
0.983,-0.985
0.98,-1.096
0.812,-0.494
0.879,1.036
0.897,-0.074
0.672,0.169
0.565,1.22
0.502,-1.318
0.381,-2.533
0.423,1.038
0.419,-1.187
0.347,-1.945
0.26,-1.032
0.082,-0.379
-0.066,-0.094
-0.074,-1.095
-0.1,-1.109
-0.101,0.888
-0.233,0.014
-0.158,-2.392
-0.141,0.49
-0.387,-2.261
-0.309,-2.354
-0.457,0.11
-0.545,-2.517
-0.539,-1.556
-0.567,-2.298
-0.504,1.127
-0.547,1.155
-0.688,0.24
-0.971,-2.357
-1.199,-0.967
-1.242,1.459
-1.301,-0.037
-1.45,-1.019
-1.559,1.279
-1.658,-0.911
-1.579,-0.077
-1.672,-0.839
-1.699,-2.464
-1.937,-0.182
-2.059,-1.521
-2.158,-2.6
-2.178,-1.248
-2.621,-1.39
-2.606,-1.354
-2.741,-2.409
-2.837,-0.698
-3.015,-0.333
3.116,-1.704
-3.124,-2.008
-3.127,-2.474
3.037,-0.467
-3.125,-2.395
3.124,-2.19
2.984,1.293
2.971,1.328
2.966,-1.533
2.804,-1.016
2.872,0.3
2.777,0.733
2.87,-0.208
2.798,-0.492
2.687,-1.356
2.525,0.995
2.407,-2.18
2.096,-2.18
2.025,0.134
1.997,1.273
1.934,0.518
1.937,0.254
1.902,1.247
1.99,-2.517
1.878,-0.709
1.877,-2.453
1.874,-1.273
1.847,-1.242
1.304,-2.768
1.177,-2.791
1.01,-2.792
0.932,-2.617
0.12,-2.699
-0.055,-2.957
-0.096,-2.637
-1.159,-2.713
-1.155,-2.931
-1.573,-2.7
-1.999,-2.747
-2.39,-2.924
-3.059,-2.67
3.134,-2.646
3.094,-2.867
2.289,-2.812
1.243,1.8
1.143,1.626
0.43,1.586
0.44,1.638
0.267,1.617
-1.748,1.733
-2.771,1.519
3.071,1.499
2.999,1.59
2.223,1.768
1.196,0.123
0.446,0.975
-1.249,-2.387
-2.199,-1.119
-2.622,-1.191
-2.879,0.283
-3.008,-0.639
2.012,-0.641
0.754,1.096
-2.776,-0.576
-2.785,-0.25
-3.082,-0.667
2.212,-0.131
1.18,-0.8
-1.586,-0.75
-2.634,0.622
-2.965,-0.891
3.132,-2.824
-1.841,-2.532
-2.965,-2.562
-3.12,-2.222
-0.148,0.885
-0.263,0.837
-0.375,-0.7
-0.403,-0.83
-0.501,1.543
-0.48,1.909
-0.467,-1.217
-0.496,-0.162
-0.685,1.012
-0.638,1.277
-0.74,1.781
-0.823,2.171
-0.752,2.249
-0.749,-0.151
-0.868,0.832
-0.959,0.95
-0.983,0.469
-1.053,0.784
-1.089,-1.134
-1.18,-0.952
-1.306,0.824
-1.232,0.339
-1.259,1.032
-1.318,0.819
-1.389,0.639
-1.494,0.255
-1.463,1.055
-1.477,-0.297
-1.702,-0.277
-1.702,-0.159
-1.804,-1.317
-1.766,-1.282
-1.873,1.561
-1.85,-1.212
-1.947,1.009
-1.946,0.638
-1.885,1.986
-1.974,1.2
-1.947,-0.926
-2.077,-1.271
-2.01,1.312
-2.093,-1.246
-2.089,-0.797
-2.036,-0.611
-2.088,-0.299
-2.127,0.632
-2.168,2.313
-2.31,2.152
-2.26,2.198
-2.301,-0.275
-2.331,-0.259
-2.43,1.163
-2.416,0.986
-2.496,1.142
-2.427,0.377
-2.518,1.485
-2.536,2.606
-2.476,2.361
-2.581,1.272
-2.697,0.946
-2.662,-1.027
-2.77,0.191
-2.711,-0.684
-2.734,2.601
-2.813,2.377
-2.854,1.509
-2.816,1.496
-2.823,0.418
-2.882,2.014
-2.872,-0.019
-2.834,2.621
-2.913,1.942
-2.913,0.329
-3.068,-0.398
-3.003,-0.271
-3.081,-1.347
-3.105,0.338
3.14,0.941
-3.065,1.422
3.092,1.996
3.067,0.786
2.998,1.436
2.99,0.331
2.966,-0.041
2.987,0.902
2.974,-0.752
2.866,2.678
2.876,0.238
2.868,1.623
2.846,1.268
2.64,1.701
2.652,0.78
2.538,-1.357
2.39,0.06
1.947,2.251
1.937,1.423
1.667,-1.614
1.303,-1.709
-0.065,-1.571
-0.503,-1.53
-0.642,-1.317
-1.084,-1.422
-1.311,-1.481
-1.796,-1.727
-2.131,-1.672
-2.624,-1.578
-3.019,-1.437
2.972,-1.6
2.662,-1.487
1.939,-1.38
1.558,2.613
1.102,2.916
0.337,2.898
0.185,2.511
-1.211,2.717
-1.31,2.902
-1.727,2.796
-2.143,2.875
-3.136,2.8
1.464,1.688
1.304,-0.078
0.174,0.287
-0.494,2.636
-1.259,-0.339
-3.075,0.316
1.733,0.984
1.836,0.378
1.812,0.003
1.738,0.225
1.51,1.096
1.481,-0.859
1.571,0.559
1.591,-0.67
1.362,-1.215
1.439,-1.192
1.048,0.031
1.147,0.648
1.109,2.112
1.021,0.218
1.018,0.107
0.85,0.709
0.917,2.239
0.935,1.129
0.71,1.372
0.603,2.423
0.54,-0.115
0.419,-1.33
0.461,2.241
0.457,0.016
0.385,-0.742
0.298,0.171
0.12,0.824
-0.028,1.109
-0.036,0.108
-0.062,0.094
-0.063,2.091
-0.195,1.217
-0.12,-1.189
-0.103,1.693
-0.349,-1.058
-0.271,-1.151
-0.419,1.313
-0.507,-1.314
-0.501,-0.353
-0.529,-1.095
-0.466,2.33
-0.509,2.358
-0.65,1.443
-0.933,-1.154
-1.161,0.236
-1.204,2.662
-1.263,1.166
-1.412,0.184
-1.521,2.482
-1.62,0.292
-1.541,1.126
-1.634,0.364
-1.661,-1.261
-1.899,1.021
-2.021,-0.318
-2.12,-1.397
-2.14,-0.045
-2.583,-0.187
-2.568,-0.151
-2.703,-1.206
-2.799,0.505
-2.977,0.87
-3.129,-0.501
-3.086,-0.805
-3.089,-1.271
3.075,0.736
-3.087,-1.192
-3.121,-0.987
3.022,2.496
3.009,2.531
3.004,-0.33
2.842,0.187
2.91,1.503
2.815,1.936
2.908,0.995
2.836,0.711
2.725,-0.153
2.563,2.198
2.445,-0.977
2.134,-0.977
2.063,1.337
2.035,2.476
1.972,1.721
1.975,1.457
1.94,2.45
2.028,-1.314
1.916,0.494
1.915,-1.25
1.912,-0.07
1.885,-0.039
1.342,-1.565
1.215,-1.588
1.048,-1.589
0.97,-1.414
0.158,-1.496
-0.017,-1.754
-0.058,-1.434
-1.121,-1.51
-1.117,-1.728
-1.535,-1.497
-1.961,-1.544
-2.352,-1.721
-3.021,-1.467
-3.111,-1.443
3.132,-1.664
2.327,-1.609
1.281,3.003
1.181,2.829
0.468,2.789
0.478,2.841
0.305,2.82
-1.71,2.936
-2.733,2.722
3.109,2.702
3.037,2.793
2.261,2.971
1.234,1.326
0.484,2.178
-1.211,-1.184
-2.161,0.084
-2.584,0.012
-2.841,1.486
-2.97,0.564
2.05,0.562
0.792,2.299
-2.738,0.627
-2.747,0.953
-3.044,0.536
2.25,1.072
1.218,0.403
-1.548,0.453
-2.596,1.825
-2.927,0.312
-3.113,-1.621
-1.803,-1.329
-2.927,-1.359
-3.082,-1.019
-0.115,-0.048
-0.227,-1.585
-0.255,-1.715
-0.353,0.658
-0.332,1.024
-0.319,-2.102
-0.348,-1.047
-0.537,0.127
-0.49,0.392
-0.592,0.896
-0.675,1.286
-0.604,1.364
-0.601,-1.036
-0.72,-0.053
-0.811,0.065
-0.835,-0.416
-0.905,-0.101
-0.941,-2.019
-1.032,-1.837
-1.158,-0.061
-1.084,-0.546
-1.111,0.147
-1.17,-0.066
-1.241,-0.246
-1.346,-0.63
-1.315,0.17
-1.329,-1.182
-1.554,-1.162
-1.554,-1.044
-1.656,-2.202
-1.618,-2.167
-1.725,0.676
-1.702,-2.097
-1.799,0.124
-1.798,-0.247
-1.737,1.101
-1.826,0.315
-1.799,-1.811
-1.929,-2.156
-1.862,0.427
-1.945,-2.131
-1.941,-1.682
-1.888,-1.496
-1.94,-1.184
-1.979,-0.253
-2.02,1.428
-2.162,1.267
-2.112,1.313
-2.153,-1.16
-2.183,-1.144
-2.282,0.278
-2.268,0.101
-2.348,0.257
-2.279,-0.508
-2.37,0.6
-2.388,1.721
-2.328,1.476
-2.433,0.387
-2.549,0.061
-2.514,-1.912
-2.622,-0.694
-2.563,-1.569
-2.586,1.716
-2.665,1.492
-2.706,0.624
-2.668,0.611
-2.675,-0.467
-2.734,1.129
-2.724,-0.904
-2.686,1.736
-2.765,1.057
-2.765,-0.556
-2.92,-1.283
-2.855,-1.156
-2.933,-2.232
-2.957,-0.547
-2.995,0.056
-2.917,0.537
-3.043,1.111
-3.068,-0.099
-3.137,0.551
3.138,-0.554
3.114,-0.926
3.135,0.017
3.122,-1.637
3.014,1.793
3.024,-0.647
3.016,0.738
2.994,0.383
2.788,0.816
2.8,-0.105
2.686,-2.242
2.538,-0.825
2.095,1.366
2.085,0.538
1.815,-2.499
1.451,-2.594
0.083,-2.456
-0.355,-2.415
-0.494,-2.202
-0.936,-2.307
-1.163,-2.366
-1.648,-2.612
-1.983,-2.557
-2.476,-2.463
-2.871,-2.322
3.12,-2.485
2.81,-2.372
2.087,-2.265
1.706,1.728
1.25,2.031
0.485,2.013
0.333,1.626
-1.063,1.832
-1.162,2.017
-1.579,1.911
-1.995,1.99
-2.988,1.915
1.612,0.803
1.452,-0.963
0.322,-0.598
-0.346,1.751
-1.111,-1.224
-2.927,-0.569
1.881,0.099
1.984,-0.507
1.96,-0.882
1.886,-0.66
1.658,0.211
1.629,-1.744
1.719,-0.326
1.739,-1.555
1.51,-2.1
1.587,-2.077
1.196,-0.854
1.295,-0.237
1.257,1.227
1.169,-0.667
1.166,-0.778
0.998,-0.176
1.065,1.354
1.083,0.244
0.858,0.487
0.751,1.538
0.688,-1.0
0.567,-2.215
0.609,1.356
0.605,-0.869
0.533,-1.627
0.446,-0.714
0.268,-0.061
0.12,0.224
0.112,-0.777
0.086,-0.791
0.085,1.206
-0.047,0.332
0.028,-2.074
0.045,0.808
-0.201,-1.943
-0.123,-2.036
-0.271,0.428
-0.359,-2.199
-0.353,-1.238
-0.381,-1.98
-0.318,1.445
-0.361,1.473
-0.502,0.558
-0.785,-2.039
-1.013,-0.649
-1.056,1.777
-1.115,0.281
-1.264,-0.701
-1.373,1.597
-1.472,-0.593
-1.393,0.241
-1.486,-0.521
-1.513,-2.146
-1.751,0.136
-1.873,-1.203
-1.972,-2.282
-1.992,-0.93
-2.435,-1.072
-2.42,-1.036
-2.555,-2.091
-2.651,-0.38
-2.829,-0.015
-2.981,-1.386
-2.938,-1.69
-2.941,-2.156
-3.06,-0.149
-2.939,-2.077
-2.973,-1.872
-3.113,1.611
-3.126,1.646
-3.131,-1.215
2.99,-0.698
3.058,0.618
2.963,1.051
3.056,0.11
2.984,-0.174
2.873,-1.038
2.711,1.313
2.593,-1.862
2.282,-1.862
2.211,0.452
2.183,1.591
2.12,0.836
2.123,0.572
2.088,1.565
2.176,-2.199
2.064,-0.391
2.063,-2.135
2.06,-0.955
2.033,-0.924
1.49,-2.45
1.363,-2.473
1.196,-2.474
1.118,-2.299
0.306,-2.381
0.131,-2.639
0.09,-2.319
-0.973,-2.395
-0.969,-2.613
-1.387,-2.382
-1.813,-2.429
-2.204,-2.606
-2.873,-2.352
-2.963,-2.328
-3.003,-2.549
2.475,-2.494
1.429,2.118
1.329,1.944
0.616,1.904
0.626,1.956
0.453,1.935
-1.562,2.051
-2.585,1.837
-3.026,1.817
-3.098,1.908
2.409,2.086
1.382,0.441
0.632,1.293
-1.063,-2.069
-2.013,-0.801
-2.436,-0.873
-2.693,0.601
-2.822,-0.321
2.198,-0.323
0.94,1.414
-2.59,-0.258
-2.599,0.068
-2.896,-0.349
2.398,0.187
1.366,-0.482
-1.4,-0.432
-2.448,0.94
-2.779,-0.573
-2.965,-2.506
-1.655,-2.214
-2.779,-2.244
-2.934,-1.904
-0.112,-1.537
-0.14,-1.667
-0.238,0.706
-0.217,1.072
-0.204,-2.054
-0.233,-0.999
-0.422,0.175
-0.375,0.44
-0.477,0.944
-0.56,1.334
-0.489,1.412
-0.486,-0.988
-0.605,-0.005
-0.696,0.113
-0.72,-0.368
-0.79,-0.053
-0.826,-1.971
-0.917,-1.789
-1.043,-0.013
-0.969,-0.498
-0.996,0.195
-1.055,-0.018
-1.126,-0.198
-1.231,-0.582
-1.2,0.218
-1.214,-1.134
-1.439,-1.114
-1.439,-0.996
-1.541,-2.154
-1.503,-2.119
-1.61,0.724
-1.587,-2.049
-1.684,0.172
-1.683,-0.199
-1.622,1.149
-1.711,0.363
-1.684,-1.763
-1.814,-2.108
-1.747,0.475
-1.83,-2.083
-1.826,-1.634
-1.773,-1.448
-1.825,-1.136
-1.864,-0.205
-1.905,1.476
-2.047,1.315
-1.997,1.361
-2.038,-1.112
-2.068,-1.096
-2.167,0.326
-2.153,0.149
-2.233,0.305
-2.164,-0.46
-2.255,0.648
-2.273,1.769
-2.213,1.524
-2.318,0.435
-2.434,0.109
-2.399,-1.864
-2.507,-0.646
-2.448,-1.521
-2.471,1.764
-2.55,1.54
-2.591,0.672
-2.553,0.659
-2.56,-0.419
-2.619,1.177
-2.609,-0.856
-2.571,1.784
-2.65,1.105
-2.65,-0.508
-2.805,-1.235
-2.74,-1.108
-2.818,-2.184
-2.842,-0.499
-2.88,0.104
-2.802,0.585
-2.928,1.159
-2.953,-0.051
-3.022,0.599
-3.03,-0.506
-3.054,-0.878
-3.033,0.065
-3.046,-1.589
3.129,1.841
3.139,-0.599
3.131,0.786
3.109,0.431
2.903,0.864
2.915,-0.057
2.801,-2.194
2.653,-0.777
2.21,1.414
2.2,0.586
1.93,-2.451
1.566,-2.546
0.198,-2.408
-0.24,-2.367
-0.379,-2.154
-0.821,-2.259
-1.048,-2.318
-1.533,-2.564
-1.868,-2.509
-2.361,-2.415
-2.756,-2.274
-3.048,-2.437
2.925,-2.324
2.202,-2.217
1.821,1.776
1.365,2.079
0.6,2.061
0.448,1.674
-0.948,1.88
-1.047,2.065
-1.464,1.959
-1.88,2.038
-2.873,1.963
1.727,0.851
1.567,-0.915
0.437,-0.55
-0.231,1.799
-0.996,-1.176
-2.812,-0.521
1.996,0.147
2.099,-0.459
2.075,-0.834
2.001,-0.612
1.773,0.259
1.744,-1.696
1.834,-0.278
1.854,-1.507
1.625,-2.052
1.702,-2.029
1.311,-0.806
1.41,-0.189
1.372,1.275
1.284,-0.619
1.281,-0.73
1.113,-0.128
1.18,1.402
1.198,0.292
0.973,0.535
0.866,1.586
0.803,-0.952
0.682,-2.167
0.724,1.404
0.72,-0.821
0.648,-1.579
0.561,-0.666
0.383,-0.013
0.235,0.272
0.227,-0.729
0.201,-0.743
0.2,1.254
0.068,0.38
0.143,-2.026
0.16,0.856
-0.086,-1.895
-0.008,-1.988
-0.156,0.476
-0.244,-2.151
-0.238,-1.19
-0.266,-1.932
-0.203,1.493
-0.246,1.521
-0.387,0.606
-0.67,-1.991
-0.898,-0.601
-0.941,1.825
-1.0,0.329
-1.149,-0.653
-1.258,1.645
-1.357,-0.545
-1.278,0.289
-1.371,-0.473
-1.398,-2.098
-1.636,0.184
-1.758,-1.155
-1.857,-2.234
-1.877,-0.882
-2.32,-1.024
-2.305,-0.988
-2.44,-2.043
-2.536,-0.332
-2.714,0.033
-2.866,-1.338
-2.823,-1.642
-2.826,-2.108
-2.945,-0.101
-2.824,-2.029
-2.858,-1.824
-2.998,1.659
-3.011,1.694
-3.016,-1.167
3.105,-0.65
-3.11,0.666
3.078,1.099
-3.112,0.158
3.099,-0.126
2.988,-0.99
2.826,1.361
2.708,-1.814
2.397,-1.814
2.326,0.5
2.298,1.639
2.235,0.884
2.238,0.62
2.203,1.613
2.291,-2.151
2.179,-0.343
2.178,-2.087
2.175,-0.907
2.148,-0.876
1.605,-2.402
1.478,-2.425
1.311,-2.426
1.233,-2.251
0.421,-2.333
0.246,-2.591
0.205,-2.271
-0.858,-2.347
-0.854,-2.565
-1.272,-2.334
-1.698,-2.381
-2.089,-2.558
-2.758,-2.304
-2.848,-2.28
-2.888,-2.501
2.59,-2.446
1.544,2.166
1.444,1.992
0.731,1.952
0.741,2.004
0.568,1.983
-1.447,2.099
-2.47,1.885
-2.911,1.865
-2.983,1.956
2.524,2.134
1.497,0.489
0.747,1.341
-0.948,-2.021
-1.898,-0.753
-2.321,-0.825
-2.578,0.649
-2.707,-0.273
2.313,-0.275
1.055,1.462
-2.475,-0.21
-2.484,0.116
-2.781,-0.301
2.513,0.235
1.481,-0.434
-1.285,-0.384
-2.333,0.988
-2.664,-0.525
-2.85,-2.458
-1.54,-2.166
-2.664,-2.196
-2.819,-1.856
-0.028,-0.13
-0.126,2.243
-0.105,2.609
-0.092,-0.517
-0.121,0.538
-0.31,1.712
-0.263,1.977
-0.365,2.481
-0.448,2.871
-0.377,2.949
-0.374,0.549
-0.493,1.532
-0.584,1.65
-0.608,1.169
-0.678,1.484
-0.714,-0.434
-0.805,-0.252
-0.931,1.524
-0.857,1.039
-0.884,1.732
-0.943,1.519
-1.014,1.339
-1.119,0.955
-1.088,1.755
-1.102,0.403
-1.327,0.423
-1.327,0.541
-1.429,-0.617
-1.391,-0.582
-1.498,2.261
-1.475,-0.512
-1.572,1.709
-1.571,1.338
-1.51,2.686
-1.599,1.9
-1.572,-0.226
-1.702,-0.571
-1.635,2.012
-1.718,-0.546
-1.714,-0.097
-1.661,0.089
-1.713,0.401
-1.752,1.332
-1.793,3.013
-1.935,2.852
-1.885,2.898
-1.926,0.425
-1.956,0.441
-2.055,1.863
-2.041,1.686
-2.121,1.842
-2.052,1.077
-2.143,2.185
-2.161,3.306
-2.101,3.061
-2.206,1.972
-2.322,1.646
-2.287,-0.327
-2.395,0.891
-2.336,0.016
-2.359,3.301
-2.438,3.077
-2.479,2.209
-2.441,2.196
-2.448,1.118
-2.507,2.714
-2.497,0.681
-2.459,3.321
-2.538,2.642
-2.538,1.029
-2.693,0.302
-2.628,0.429
-2.706,-0.647
-2.73,1.038
-2.768,1.641
-2.69,2.122
-2.816,2.696
-2.841,1.486
-2.91,2.136
-2.918,1.031
-2.942,0.659
-2.921,1.602
-2.934,-0.052
-3.042,3.378
-3.032,0.938
-3.04,2.323
-3.062,1.968
3.015,2.401
3.027,1.48
2.913,-0.657
2.765,0.76
2.322,2.951
2.312,2.123
2.042,-0.914
1.678,-1.009
0.31,-0.871
-0.128,-0.83
-0.267,-0.617
-0.709,-0.722
-0.936,-0.781
-1.421,-1.027
-1.756,-0.972
-2.249,-0.878
-2.644,-0.737
-2.936,-0.9
3.037,-0.787
2.314,-0.68
1.933,3.313
1.477,3.616
0.712,3.598
0.56,3.211
-0.836,3.417
-0.935,3.602
-1.352,3.496
-1.768,3.575
-2.761,3.5
1.839,2.388
1.679,0.622
0.549,0.987
-0.119,3.336
-0.884,0.361
-2.7,1.016
2.108,1.684
2.211,1.078
2.187,0.703
2.113,0.925
1.885,1.796
1.856,-0.159
1.946,1.259
1.966,0.03
1.737,-0.515
1.814,-0.492
1.423,0.731
1.522,1.348
1.484,2.812
1.396,0.918
1.393,0.807
1.225,1.409
1.292,2.939
1.31,1.829
1.085,2.072
0.978,3.123
0.915,0.585
0.794,-0.63
0.836,2.941
0.832,0.716
0.76,-0.042
0.673,0.871
0.495,1.524
0.347,1.809
0.339,0.808
0.313,0.794
0.312,2.791
0.18,1.917
0.255,-0.489
0.272,2.393
0.026,-0.358
0.104,-0.451
-0.044,2.013
-0.132,-0.614
-0.126,0.347
-0.154,-0.395
-0.091,3.03
-0.134,3.058
-0.275,2.143
-0.558,-0.454
-0.786,0.936
-0.829,3.362
-0.888,1.866
-1.037,0.884
-1.146,3.182
-1.245,0.992
-1.166,1.826
-1.259,1.064
-1.286,-0.561
-1.524,1.721
-1.646,0.382
-1.745,-0.697
-1.765,0.655
-2.208,0.513
-2.193,0.549
-2.328,-0.506
-2.424,1.205
-2.602,1.57
-2.754,0.199
-2.711,-0.105
-2.714,-0.571
-2.833,1.436
-2.712,-0.492
-2.746,-0.287
-2.886,3.196
-2.899,3.231
-2.904,0.37
-3.066,0.887
-2.998,2.203
-3.093,2.636
-3.0,1.695
-3.072,1.411
3.1,0.547
2.938,2.898
2.82,-0.277
2.509,-0.277
2.438,2.037
2.41,3.176
2.347,2.421
2.35,2.157
2.315,3.15
2.403,-0.614
2.291,1.194
2.29,-0.55
2.287,0.63
2.26,0.661
1.717,-0.865
1.59,-0.888
1.423,-0.889
1.345,-0.714
0.533,-0.796
0.358,-1.054
0.317,-0.734
-0.746,-0.81
-0.742,-1.028
-1.16,-0.797
-1.586,-0.844
-1.977,-1.021
-2.646,-0.767
-2.736,-0.743
-2.776,-0.964
2.702,-0.909
1.656,3.703
1.556,3.529
0.843,3.489
0.853,3.541
0.68,3.52
-1.335,3.636
-2.358,3.422
-2.799,3.402
-2.871,3.493
2.636,3.671
1.609,2.026
0.859,2.878
-0.836,-0.484
-1.786,0.784
-2.209,0.712
-2.466,2.186
-2.595,1.264
2.425,1.262
1.167,2.999
-2.363,1.327
-2.372,1.653
-2.669,1.236
2.625,1.772
1.593,1.103
-1.173,1.153
-2.221,2.525
-2.552,1.012
-2.738,-0.921
-1.428,-0.629
-2.552,-0.659
-2.707,-0.319
-0.098,2.373
-0.077,2.739
-0.064,-0.387
-0.093,0.668
-0.282,1.842
-0.235,2.107
-0.337,2.611
-0.42,3.001
-0.349,3.079
-0.346,0.679
-0.465,1.662
-0.556,1.78
-0.58,1.299
-0.65,1.614
-0.686,-0.304
-0.777,-0.122
-0.903,1.654
-0.829,1.169
-0.856,1.862
-0.915,1.649
-0.986,1.469
-1.091,1.085
-1.06,1.885
-1.074,0.533
-1.299,0.553
-1.299,0.671
-1.401,-0.487
-1.363,-0.452
-1.47,2.391
-1.447,-0.382
-1.544,1.839
-1.543,1.468
-1.482,2.816
-1.571,2.03
-1.544,-0.096
-1.674,-0.441
-1.607,2.142
-1.69,-0.416
-1.686,0.033
-1.633,0.219
-1.685,0.531
-1.724,1.462
-1.765,3.143
-1.907,2.982
-1.857,3.028
-1.898,0.555
-1.928,0.571
-2.027,1.993
-2.013,1.816
-2.093,1.972
-2.024,1.207
-2.115,2.315
-2.133,3.436
-2.073,3.191
-2.178,2.102
-2.294,1.776
-2.259,-0.197
-2.367,1.021
-2.308,0.146
-2.331,3.431
-2.41,3.207
-2.451,2.339
-2.413,2.326
-2.42,1.248
-2.479,2.844
-2.469,0.811
-2.431,3.451
-2.51,2.772
-2.51,1.159
-2.665,0.432
-2.6,0.559
-2.678,-0.517
-2.702,1.168
-2.74,1.771
-2.662,2.252
-2.788,2.826
-2.813,1.616
-2.882,2.266
-2.89,1.161
-2.914,0.789
-2.893,1.732
-2.906,0.078
-3.014,3.508
-3.004,1.068
-3.012,2.453
-3.034,2.098
3.043,2.531
3.055,1.61
2.941,-0.527
2.793,0.89
2.35,3.081
2.34,2.253
2.07,-0.784
1.706,-0.879
0.338,-0.741
-0.1,-0.7
-0.239,-0.487
-0.681,-0.592
-0.908,-0.651
-1.393,-0.897
-1.728,-0.842
-2.221,-0.748
-2.616,-0.607
-2.908,-0.77
3.065,-0.657
2.342,-0.55
1.961,3.443
1.505,3.746
0.74,3.728
0.588,3.341
-0.808,3.547
-0.907,3.732
-1.324,3.626
-1.74,3.705
-2.733,3.63
1.867,2.518
1.707,0.752
0.577,1.117
-0.091,3.466
-0.856,0.491
-2.672,1.146
2.136,1.814
2.239,1.208
2.215,0.833
2.141,1.055
1.913,1.926
1.884,-0.029
1.974,1.389
1.994,0.16
1.765,-0.385
1.842,-0.362
1.451,0.861
1.55,1.478
1.512,2.942
1.424,1.048
1.421,0.937
1.253,1.539
1.32,3.069
1.338,1.959
1.113,2.202
1.006,3.253
0.943,0.715
0.822,-0.5
0.864,3.071
0.86,0.846
0.788,0.088
0.701,1.001
0.523,1.654
0.375,1.939
0.367,0.938
0.341,0.924
0.34,2.921
0.208,2.047
0.283,-0.359
0.3,2.523
0.054,-0.228
0.132,-0.321
-0.016,2.143
-0.104,-0.484
-0.098,0.477
-0.126,-0.265
-0.063,3.16
-0.106,3.188
-0.247,2.273
-0.53,-0.324
-0.758,1.066
-0.801,3.492
-0.86,1.996
-1.009,1.014
-1.118,3.312
-1.217,1.122
-1.138,1.956
-1.231,1.194
-1.258,-0.431
-1.496,1.851
-1.618,0.512
-1.717,-0.567
-1.737,0.785
-2.18,0.643
-2.165,0.679
-2.3,-0.376
-2.396,1.335
-2.574,1.7
-2.726,0.329
-2.683,0.025
-2.686,-0.441
-2.805,1.566
-2.684,-0.362
-2.718,-0.157
-2.858,3.326
-2.871,3.361
-2.876,0.5
-3.038,1.017
-2.97,2.333
-3.065,2.766
-2.972,1.825
-3.044,1.541
3.128,0.677
2.966,3.028
2.848,-0.147
2.537,-0.147
2.466,2.167
2.438,3.306
2.375,2.551
2.378,2.287
2.343,3.28
2.431,-0.484
2.319,1.324
2.318,-0.42
2.315,0.76
2.288,0.791
1.745,-0.735
1.618,-0.758
1.451,-0.759
1.373,-0.584
0.561,-0.666
0.386,-0.924
0.345,-0.604
-0.718,-0.68
-0.714,-0.898
-1.132,-0.667
-1.558,-0.714
-1.949,-0.891
-2.618,-0.637
-2.708,-0.613
-2.748,-0.834
2.73,-0.779
1.684,3.833
1.584,3.659
0.871,3.619
0.881,3.671
0.708,3.65
-1.307,3.766
-2.33,3.552
-2.771,3.532
-2.843,3.623
2.664,3.801
1.637,2.156
0.887,3.008
-0.808,-0.354
-1.758,0.914
-2.181,0.842
-2.438,2.316
-2.567,1.394
2.453,1.392
1.195,3.129
-2.335,1.457
-2.344,1.783
-2.641,1.366
2.653,1.902
1.621,1.233
-1.145,1.283
-2.193,2.655
-2.524,1.142
-2.71,-0.791
-1.4,-0.499
-2.524,-0.529
-2.679,-0.189
0.021,0.366
0.034,-2.76
0.005,-1.705
-0.184,-0.531
-0.137,-0.266
-0.239,0.238
-0.322,0.628
-0.251,0.706
-0.248,-1.694
-0.367,-0.711
-0.458,-0.593
-0.482,-1.074
-0.552,-0.759
-0.588,-2.677
-0.679,-2.495
-0.805,-0.719
-0.731,-1.204
-0.758,-0.511
-0.817,-0.724
-0.888,-0.904
-0.993,-1.288
-0.962,-0.488
-0.976,-1.84
-1.201,-1.82
-1.201,-1.702
-1.303,-2.86
-1.265,-2.825
-1.372,0.018
-1.349,-2.755
-1.446,-0.534
-1.445,-0.905
-1.384,0.443
-1.473,-0.343
-1.446,-2.469
-1.576,-2.814
-1.509,-0.231
-1.592,-2.789
-1.588,-2.34
-1.535,-2.154
-1.587,-1.842
-1.626,-0.911
-1.667,0.77
-1.809,0.609
-1.759,0.655
-1.8,-1.818
-1.83,-1.802
-1.929,-0.38
-1.915,-0.557
-1.995,-0.401
-1.926,-1.166
-2.017,-0.058
-2.035,1.063
-1.975,0.818
-2.08,-0.271
-2.196,-0.597
-2.161,-2.57
-2.269,-1.352
-2.21,-2.227
-2.233,1.058
-2.312,0.834
-2.353,-0.034
-2.315,-0.047
-2.322,-1.125
-2.381,0.471
-2.371,-1.562
-2.333,1.078
-2.412,0.399
-2.412,-1.214
-2.567,-1.941
-2.502,-1.814
-2.58,-2.89
-2.604,-1.205
-2.642,-0.602
-2.564,-0.121
-2.69,0.453
-2.715,-0.757
-2.784,-0.107
-2.792,-1.212
-2.816,-1.584
-2.795,-0.641
-2.808,-2.295
-2.916,1.135
-2.906,-1.305
-2.914,0.08
-2.936,-0.275
3.141,0.158
-3.13,-0.763
3.039,-2.9
2.891,-1.483
2.448,0.708
2.438,-0.12
2.168,-3.157
1.804,-3.252
0.436,-3.114
-0.002,-3.073
-0.141,-2.86
-0.583,-2.965
-0.81,-3.024
-1.295,-3.27
-1.63,-3.215
-2.123,-3.121
-2.518,-2.98
-2.81,-3.143
-3.12,-3.03
2.44,-2.923
2.059,1.07
1.603,1.373
0.838,1.355
0.686,0.968
-0.71,1.174
-0.809,1.359
-1.226,1.253
-1.642,1.332
-2.635,1.257
1.965,0.145
1.805,-1.621
0.675,-1.256
0.007,1.093
-0.758,-1.882
-2.574,-1.227
2.234,-0.559
2.337,-1.165
2.313,-1.54
2.239,-1.318
2.011,-0.447
1.982,-2.402
2.072,-0.984
2.092,-2.213
1.863,-2.758
1.94,-2.735
1.549,-1.512
1.648,-0.895
1.61,0.569
1.522,-1.325
1.519,-1.436
1.351,-0.834
1.418,0.696
1.436,-0.414
1.211,-0.171
1.104,0.88
1.041,-1.658
0.92,-2.873
0.962,0.698
0.958,-1.527
0.886,-2.285
0.799,-1.372
0.621,-0.719
0.473,-0.434
0.465,-1.435
0.439,-1.449
0.438,0.548
0.306,-0.326
0.381,-2.732
0.398,0.15
0.152,-2.601
0.23,-2.694
0.082,-0.23
-0.006,-2.857
0.0,-1.896
-0.028,-2.638
0.035,0.787
-0.008,0.815
-0.149,-0.1
-0.432,-2.697
-0.66,-1.307
-0.703,1.119
-0.762,-0.377
-0.911,-1.359
-1.02,0.939
-1.119,-1.251
-1.04,-0.417
-1.133,-1.179
-1.16,-2.804
-1.398,-0.522
-1.52,-1.861
-1.619,-2.94
-1.639,-1.588
-2.082,-1.73
-2.067,-1.694
-2.202,-2.749
-2.298,-1.038
-2.476,-0.673
-2.628,-2.044
-2.585,-2.348
-2.588,-2.814
-2.707,-0.807
-2.586,-2.735
-2.62,-2.53
-2.76,0.953
-2.773,0.988
-2.778,-1.873
-2.94,-1.356
-2.872,-0.04
-2.967,0.393
-2.874,-0.548
-2.946,-0.832
-3.057,-1.696
3.064,0.655
2.946,-2.52
2.635,-2.52
2.564,-0.206
2.536,0.933
2.473,0.178
2.476,-0.086
2.441,0.907
2.529,-2.857
2.417,-1.049
2.416,-2.793
2.413,-1.613
2.386,-1.582
1.843,-3.108
1.716,-3.131
1.549,-3.132
1.471,-2.957
0.659,-3.039
0.484,-3.297
0.443,-2.977
-0.62,-3.053
-0.616,-3.271
-1.034,-3.04
-1.46,-3.087
-1.851,-3.264
-2.52,-3.01
-2.61,-2.986
-2.65,-3.207
2.828,-3.152
1.782,1.46
1.682,1.286
0.969,1.246
0.979,1.298
0.806,1.277
-1.209,1.393
-2.232,1.179
-2.673,1.159
-2.745,1.25
2.762,1.428
1.735,-0.217
0.985,0.635
-0.71,-2.727
-1.66,-1.459
-2.083,-1.531
-2.34,-0.057
-2.469,-0.979
2.551,-0.981
1.293,0.756
-2.237,-0.916
-2.246,-0.59
-2.543,-1.007
2.751,-0.471
1.719,-1.14
-1.047,-1.09
-2.095,0.282
-2.426,-1.231
-2.612,-3.164
-1.302,-2.872
-2.426,-2.902
-2.581,-2.562
0.013,-3.126
-0.016,-2.071
-0.205,-0.897
-0.158,-0.632
-0.26,-0.128
-0.343,0.262
-0.272,0.34
-0.269,-2.06
-0.388,-1.077
-0.479,-0.959
-0.503,-1.44
-0.573,-1.125
-0.609,-3.043
-0.7,-2.861
-0.826,-1.085
-0.752,-1.57
-0.779,-0.877
-0.838,-1.09
-0.909,-1.27
-1.014,-1.654
-0.983,-0.854
-0.997,-2.206
-1.222,-2.186
-1.222,-2.068
-1.324,-3.226
-1.286,-3.191
-1.393,-0.348
-1.37,-3.121
-1.467,-0.9
-1.466,-1.271
-1.405,0.077
-1.494,-0.709
-1.467,-2.835
-1.597,-3.18
-1.53,-0.597
-1.613,-3.155
-1.609,-2.706
-1.556,-2.52
-1.608,-2.208
-1.647,-1.277
-1.688,0.404
-1.83,0.243
-1.78,0.289
-1.821,-2.184
-1.851,-2.168
-1.95,-0.746
-1.936,-0.923
-2.016,-0.767
-1.947,-1.532
-2.038,-0.424
-2.056,0.697
-1.996,0.452
-2.101,-0.637
-2.217,-0.963
-2.182,-2.936
-2.29,-1.718
-2.231,-2.593
-2.254,0.692
-2.333,0.468
-2.374,-0.4
-2.336,-0.413
-2.343,-1.491
-2.402,0.105
-2.392,-1.928
-2.354,0.712
-2.433,0.033
-2.433,-1.58
-2.588,-2.307
-2.523,-2.18
-2.601,-3.256
-2.625,-1.571
-2.663,-0.968
-2.585,-0.487
-2.711,0.087
-2.736,-1.123
-2.805,-0.473
-2.813,-1.578
-2.837,-1.95
-2.816,-1.007
-2.829,-2.661
-2.937,0.769
-2.927,-1.671
-2.935,-0.286
-2.957,-0.641
3.12,-0.208
3.132,-1.129
3.018,-3.266
2.87,-1.849
2.427,0.342
2.417,-0.486
2.147,-3.523
1.783,-3.618
0.415,-3.48
-0.023,-3.439
-0.162,-3.226
-0.604,-3.331
-0.831,-3.39
-1.316,-3.636
-1.651,-3.581
-2.144,-3.487
-2.539,-3.346
-2.831,-3.509
-3.141,-3.396
2.419,-3.289
2.038,0.704
1.582,1.007
0.817,0.989
0.665,0.602
-0.731,0.808
-0.83,0.993
-1.247,0.887
-1.663,0.966
-2.656,0.891
1.944,-0.221
1.784,-1.987
0.654,-1.622
-0.014,0.727
-0.779,-2.248
-2.595,-1.593
2.213,-0.925
2.316,-1.531
2.292,-1.906
2.218,-1.684
1.99,-0.813
1.961,-2.768
2.051,-1.35
2.071,-2.579
1.842,-3.124
1.919,-3.101
1.528,-1.878
1.627,-1.261
1.589,0.203
1.501,-1.691
1.498,-1.802
1.33,-1.2
1.397,0.33
1.415,-0.78
1.19,-0.537
1.083,0.514
1.02,-2.024
0.899,-3.239
0.941,0.332
0.937,-1.893
0.865,-2.651
0.778,-1.738
0.6,-1.085
0.452,-0.8
0.444,-1.801
0.418,-1.815
0.417,0.182
0.285,-0.692
0.36,-3.098
0.377,-0.216
0.131,-2.967
0.209,-3.06
0.061,-0.596
-0.027,-3.223
-0.021,-2.262
-0.049,-3.004
0.014,0.421
-0.029,0.449
-0.17,-0.466
-0.453,-3.063
-0.681,-1.673
-0.724,0.753
-0.783,-0.743
-0.932,-1.725
-1.041,0.573
-1.14,-1.617
-1.061,-0.783
-1.154,-1.545
-1.181,-3.17
-1.419,-0.888
-1.541,-2.227
-1.64,-3.306
-1.66,-1.954
-2.103,-2.096
-2.088,-2.06
-2.223,-3.115
-2.319,-1.404
-2.497,-1.039
-2.649,-2.41
-2.606,-2.714
-2.609,-3.18
-2.728,-1.173
-2.607,-3.101
-2.641,-2.896
-2.781,0.587
-2.794,0.622
-2.799,-2.239
-2.961,-1.722
-2.893,-0.406
-2.988,0.027
-2.895,-0.914
-2.967,-1.198
-3.078,-2.062
3.043,0.289
2.925,-2.886
2.614,-2.886
2.543,-0.572
2.515,0.567
2.452,-0.188
2.455,-0.452
2.42,0.541
2.508,-3.223
2.396,-1.415
2.395,-3.159
2.392,-1.979
2.365,-1.948
1.822,-3.474
1.695,-3.497
1.528,-3.498
1.45,-3.323
0.638,-3.405
0.463,-3.663
0.422,-3.343
-0.641,-3.419
-0.637,-3.637
-1.055,-3.406
-1.481,-3.453
-1.872,-3.63
-2.541,-3.376
-2.631,-3.352
-2.671,-3.573
2.807,-3.518
1.761,1.094
1.661,0.92
0.948,0.88
0.958,0.932
0.785,0.911
-1.23,1.027
-2.253,0.813
-2.694,0.793
-2.766,0.884
2.741,1.062
1.714,-0.583
0.964,0.269
-0.731,-3.093
-1.681,-1.825
-2.104,-1.897
-2.361,-0.423
-2.49,-1.345
2.53,-1.347
1.272,0.39
-2.258,-1.282
-2.267,-0.956
-2.564,-1.373
2.73,-0.837
1.698,-1.506
-1.068,-1.456
-2.116,-0.084
-2.447,-1.597
-2.633,-3.53
-1.323,-3.238
-2.447,-3.268
-2.602,-2.928
-0.029,1.055
-0.218,2.229
-0.171,2.494
-0.273,2.998
-0.356,3.388
-0.285,3.466
-0.282,1.066
-0.401,2.049
-0.492,2.167
-0.516,1.686
-0.586,2.001
-0.622,0.083
-0.713,0.265
-0.839,2.041
-0.765,1.556
-0.792,2.249
-0.851,2.036
-0.922,1.856
-1.027,1.472
-0.996,2.272
-1.01,0.92
-1.235,0.94
-1.235,1.058
-1.337,-0.1
-1.299,-0.065
-1.406,2.778
-1.383,0.005
-1.48,2.226
-1.479,1.855
-1.418,3.203
-1.507,2.417
-1.48,0.291
-1.61,-0.054
-1.543,2.529
-1.626,-0.029
-1.622,0.42
-1.569,0.606
-1.621,0.918
-1.66,1.849
-1.701,3.53
-1.843,3.369
-1.793,3.415
-1.834,0.942
-1.864,0.958
-1.963,2.38
-1.949,2.203
-2.029,2.359
-1.96,1.594
-2.051,2.702
-2.069,3.823
-2.009,3.578
-2.114,2.489
-2.23,2.163
-2.195,0.19
-2.303,1.408
-2.244,0.533
-2.267,3.818
-2.346,3.594
-2.387,2.726
-2.349,2.713
-2.356,1.635
-2.415,3.231
-2.405,1.198
-2.367,3.838
-2.446,3.159
-2.446,1.546
-2.601,0.819
-2.536,0.946
-2.614,-0.13
-2.638,1.555
-2.676,2.158
-2.598,2.639
-2.724,3.213
-2.749,2.003
-2.818,2.653
-2.826,1.548
-2.85,1.176
-2.829,2.119
-2.842,0.465
-2.95,3.895
-2.94,1.455
-2.948,2.84
-2.97,2.485
3.107,2.918
3.119,1.997
3.005,-0.14
2.857,1.277
2.414,3.468
2.404,2.64
2.134,-0.397
1.77,-0.492
0.402,-0.354
-0.036,-0.313
-0.175,-0.1
-0.617,-0.205
-0.844,-0.264
-1.329,-0.51
-1.664,-0.455
-2.157,-0.361
-2.552,-0.22
-2.844,-0.383
3.129,-0.27
2.406,-0.163
2.025,3.83
1.569,4.133
0.804,4.115
0.652,3.728
-0.744,3.934
-0.843,4.119
-1.26,4.013
-1.676,4.092
-2.669,4.017
1.931,2.905
1.771,1.139
0.641,1.504
-0.027,3.853
-0.792,0.878
-2.608,1.533
2.2,2.201
2.303,1.595
2.279,1.22
2.205,1.442
1.977,2.313
1.948,0.358
2.038,1.776
2.058,0.547
1.829,0.002
1.906,0.025
1.515,1.248
1.614,1.865
1.576,3.329
1.488,1.435
1.485,1.324
1.317,1.926
1.384,3.456
1.402,2.346
1.177,2.589
1.07,3.64
1.007,1.102
0.886,-0.113
0.928,3.458
0.924,1.233
0.852,0.475
0.765,1.388
0.587,2.041
0.439,2.326
0.431,1.325
0.405,1.311
0.404,3.308
0.272,2.434
0.347,0.028
0.364,2.91
0.118,0.159
0.196,0.066
0.048,2.53
-0.04,-0.097
-0.034,0.864
-0.062,0.122
0.001,3.547
-0.042,3.575
-0.183,2.66
-0.466,0.063
-0.694,1.453
-0.737,3.879
-0.796,2.383
-0.945,1.401
-1.054,3.699
-1.153,1.509
-1.074,2.343
-1.167,1.581
-1.194,-0.044
-1.432,2.238
-1.554,0.899
-1.653,-0.18
-1.673,1.172
-2.116,1.03
-2.101,1.066
-2.236,0.011
-2.332,1.722
-2.51,2.087
-2.662,0.716
-2.619,0.412
-2.622,-0.054
-2.741,1.953
-2.62,0.025
-2.654,0.23
-2.794,3.713
-2.807,3.748
-2.812,0.887
-2.974,1.404
-2.906,2.72
-3.001,3.153
-2.908,2.212
-2.98,1.928
-3.091,1.064
3.03,3.415
2.912,0.24
2.601,0.24
2.53,2.554
2.502,3.693
2.439,2.938
2.442,2.674
2.407,3.667
2.495,-0.097
2.383,1.711
2.382,-0.033
2.379,1.147
2.352,1.178
1.809,-0.348
1.682,-0.371
1.515,-0.372
1.437,-0.197
0.625,-0.279
0.45,-0.537
0.409,-0.217
-0.654,-0.293
-0.65,-0.511
-1.068,-0.28
-1.494,-0.327
-1.885,-0.504
-2.554,-0.25
-2.644,-0.226
-2.684,-0.447
2.794,-0.392
1.748,4.22
1.648,4.046
0.935,4.006
0.945,4.058
0.772,4.037
-1.243,4.153
-2.266,3.939
-2.707,3.919
-2.779,4.01
2.728,4.188
1.701,2.543
0.951,3.395
-0.744,0.033
-1.694,1.301
-2.117,1.229
-2.374,2.703
-2.503,1.781
2.517,1.779
1.259,3.516
-2.271,1.844
-2.28,2.17
-2.577,1.753
2.717,2.289
1.685,1.62
-1.081,1.67
-2.129,3.042
-2.46,1.529
-2.646,-0.404
-1.336,-0.112
-2.46,-0.142
-2.615,0.198
-0.189,1.174
-0.142,1.439
-0.244,1.943
-0.327,2.333
-0.256,2.411
-0.253,0.011
-0.372,0.994
-0.463,1.112
-0.487,0.631
-0.557,0.946
-0.593,-0.972
-0.684,-0.79
-0.81,0.986
-0.736,0.501
-0.763,1.194
-0.822,0.981
-0.893,0.801
-0.998,0.417
-0.967,1.217
-0.981,-0.135
-1.206,-0.115
-1.206,0.003
-1.308,-1.155
-1.27,-1.12
-1.377,1.723
-1.354,-1.05
-1.451,1.171
-1.45,0.8
-1.389,2.148
-1.478,1.362
-1.451,-0.764
-1.581,-1.109
-1.514,1.474
-1.597,-1.084
-1.593,-0.635
-1.54,-0.449
-1.592,-0.137
-1.631,0.794
-1.672,2.475
-1.814,2.314
-1.764,2.36
-1.805,-0.113
-1.835,-0.097
-1.934,1.325
-1.92,1.148
-2.0,1.304
-1.931,0.539
-2.022,1.647
-2.04,2.768
-1.98,2.523
-2.085,1.434
-2.201,1.108
-2.166,-0.865
-2.274,0.353
-2.215,-0.522
-2.238,2.763
-2.317,2.539
-2.358,1.671
-2.32,1.658
-2.327,0.58
-2.386,2.176
-2.376,0.143
-2.338,2.783
-2.417,2.104
-2.417,0.491
-2.572,-0.236
-2.507,-0.109
-2.585,-1.185
-2.609,0.5
-2.647,1.103
-2.569,1.584
-2.695,2.158
-2.72,0.948
-2.789,1.598
-2.797,0.493
-2.821,0.121
-2.8,1.064
-2.813,-0.59
-2.921,2.84
-2.911,0.4
-2.919,1.785
-2.941,1.43
3.136,1.863
-3.135,0.942
3.034,-1.195
2.886,0.222
2.443,2.413
2.433,1.585
2.163,-1.452
1.799,-1.547
0.431,-1.409
-0.007,-1.368
-0.146,-1.155
-0.588,-1.26
-0.815,-1.319
-1.3,-1.565
-1.635,-1.51
-2.128,-1.416
-2.523,-1.275
-2.815,-1.438
-3.125,-1.325
2.435,-1.218
2.054,2.775
1.598,3.078
0.833,3.06
0.681,2.673
-0.715,2.879
-0.814,3.064
-1.231,2.958
-1.647,3.037
-2.64,2.962
1.96,1.85
1.8,0.084
0.67,0.449
0.002,2.798
-0.763,-0.177
-2.579,0.478
2.229,1.146
2.332,0.54
2.308,0.165
2.234,0.387
2.006,1.258
1.977,-0.697
2.067,0.721
2.087,-0.508
1.858,-1.053
1.935,-1.03
1.544,0.193
1.643,0.81
1.605,2.274
1.517,0.38
1.514,0.269
1.346,0.871
1.413,2.401
1.431,1.291
1.206,1.534
1.099,2.585
1.036,0.047
0.915,-1.168
0.957,2.403
0.953,0.178
0.881,-0.58
0.794,0.333
0.616,0.986
0.468,1.271
0.46,0.27
0.434,0.256
0.433,2.253
0.301,1.379
0.376,-1.027
0.393,1.855
0.147,-0.896
0.225,-0.989
0.077,1.475
-0.011,-1.152
-0.005,-0.191
-0.033,-0.933
0.03,2.492
-0.013,2.52
-0.154,1.605
-0.437,-0.992
-0.665,0.398
-0.708,2.824
-0.767,1.328
-0.916,0.346
-1.025,2.644
-1.124,0.454
-1.045,1.288
-1.138,0.526
-1.165,-1.099
-1.403,1.183
-1.525,-0.156
-1.624,-1.235
-1.644,0.117
-2.087,-0.025
-2.072,0.011
-2.207,-1.044
-2.303,0.667
-2.481,1.032
-2.633,-0.339
-2.59,-0.643
-2.593,-1.109
-2.712,0.898
-2.591,-1.03
-2.625,-0.825
-2.765,2.658
-2.778,2.693
-2.783,-0.168
-2.945,0.349
-2.877,1.665
-2.972,2.098
-2.879,1.157
-2.951,0.873
-3.062,0.009
3.059,2.36
2.941,-0.815
2.63,-0.815
2.559,1.499
2.531,2.638
2.468,1.883
2.471,1.619
2.436,2.612
2.524,-1.152
2.412,0.656
2.411,-1.088
2.408,0.092
2.381,0.123
1.838,-1.403
1.711,-1.426
1.544,-1.427
1.466,-1.252
0.654,-1.334
0.479,-1.592
0.438,-1.272
-0.625,-1.348
-0.621,-1.566
-1.039,-1.335
-1.465,-1.382
-1.856,-1.559
-2.525,-1.305
-2.615,-1.281
-2.655,-1.502
2.823,-1.447
1.777,3.165
1.677,2.991
0.964,2.951
0.974,3.003
0.801,2.982
-1.214,3.098
-2.237,2.884
-2.678,2.864
-2.75,2.955
2.757,3.133
1.73,1.488
0.98,2.34
-0.715,-1.022
-1.665,0.246
-2.088,0.174
-2.345,1.648
-2.474,0.726
2.546,0.724
1.288,2.461
-2.242,0.789
-2.251,1.115
-2.548,0.698
2.746,1.234
1.714,0.565
-1.052,0.615
-2.1,1.987
-2.431,0.474
-2.617,-1.459
-1.307,-1.167
-2.431,-1.197
-2.586,-0.857
0.047,0.265
-0.055,0.769
-0.138,1.159
-0.067,1.237
-0.064,-1.163
-0.183,-0.18
-0.274,-0.062
-0.298,-0.543
-0.368,-0.228
-0.404,-2.146
-0.495,-1.964
-0.621,-0.188
-0.547,-0.673
-0.574,0.02
-0.633,-0.193
-0.704,-0.373
-0.809,-0.757
-0.778,0.043
-0.792,-1.309
-1.017,-1.289
-1.017,-1.171
-1.119,-2.329
-1.081,-2.294
-1.188,0.549
-1.165,-2.224
-1.262,-0.003
-1.261,-0.374
-1.2,0.974
-1.289,0.188
-1.262,-1.938
-1.392,-2.283
-1.325,0.3
-1.408,-2.258
-1.404,-1.809
-1.351,-1.623
-1.403,-1.311
-1.442,-0.38
-1.483,1.301
-1.625,1.14
-1.575,1.186
-1.616,-1.287
-1.646,-1.271
-1.745,0.151
-1.731,-0.026
-1.811,0.13
-1.742,-0.635
-1.833,0.473
-1.851,1.594
-1.791,1.349
-1.896,0.26
-2.012,-0.066
-1.977,-2.039
-2.085,-0.821
-2.026,-1.696
-2.049,1.589
-2.128,1.365
-2.169,0.497
-2.131,0.484
-2.138,-0.594
-2.197,1.002
-2.187,-1.031
-2.149,1.609
-2.228,0.93
-2.228,-0.683
-2.383,-1.41
-2.318,-1.283
-2.396,-2.359
-2.42,-0.674
-2.458,-0.071
-2.38,0.41
-2.506,0.984
-2.531,-0.226
-2.6,0.424
-2.608,-0.681
-2.632,-1.053
-2.611,-0.11
-2.624,-1.764
-2.732,1.666
-2.722,-0.774
-2.73,0.611
-2.752,0.256
-2.958,0.689
-2.946,-0.232
-3.06,-2.369
3.075,-0.952
2.632,1.239
2.622,0.411
2.352,-2.626
1.988,-2.721
0.62,-2.583
0.182,-2.542
0.043,-2.329
-0.399,-2.434
-0.626,-2.493
-1.111,-2.739
-1.446,-2.684
-1.939,-2.59
-2.334,-2.449
-2.626,-2.612
-2.936,-2.499
2.624,-2.392
2.243,1.601
1.787,1.904
1.022,1.886
0.87,1.499
-0.526,1.705
-0.625,1.89
-1.042,1.784
-1.458,1.863
-2.451,1.788
2.149,0.676
1.989,-1.09
0.859,-0.725
0.191,1.624
-0.574,-1.351
-2.39,-0.696
2.418,-0.028
2.521,-0.634
2.497,-1.009
2.423,-0.787
2.195,0.084
2.166,-1.871
2.256,-0.453
2.276,-1.682
2.047,-2.227
2.124,-2.204
1.733,-0.981
1.832,-0.364
1.794,1.1
1.706,-0.794
1.703,-0.905
1.535,-0.303
1.602,1.227
1.62,0.117
1.395,0.36
1.288,1.411
1.225,-1.127
1.104,-2.342
1.146,1.229
1.142,-0.996
1.07,-1.754
0.983,-0.841
0.805,-0.188
0.657,0.097
0.649,-0.904
0.623,-0.918
0.622,1.079
0.49,0.205
0.565,-2.201
0.582,0.681
0.336,-2.07
0.414,-2.163
0.266,0.301
0.178,-2.326
0.184,-1.365
0.156,-2.107
0.219,1.318
0.176,1.346
0.035,0.431
-0.248,-2.166
-0.476,-0.776
-0.519,1.65
-0.578,0.154
-0.727,-0.828
-0.836,1.47
-0.935,-0.72
-0.856,0.114
-0.949,-0.648
-0.976,-2.273
-1.214,0.009
-1.336,-1.33
-1.435,-2.409
-1.455,-1.057
-1.898,-1.199
-1.883,-1.163
-2.018,-2.218
-2.114,-0.507
-2.292,-0.142
-2.444,-1.513
-2.401,-1.817
-2.404,-2.283
-2.523,-0.276
-2.402,-2.204
-2.436,-1.999
-2.576,1.484
-2.589,1.519
-2.594,-1.342
-2.756,-0.825
-2.688,0.491
-2.783,0.924
-2.69,-0.017
-2.762,-0.301
-2.873,-1.165
-3.035,1.186
3.13,-1.989
2.819,-1.989
2.748,0.325
2.72,1.464
2.657,0.709
2.66,0.445
2.625,1.438
2.713,-2.326
2.601,-0.518
2.6,-2.262
2.597,-1.082
2.57,-1.051
2.027,-2.577
1.9,-2.6
1.733,-2.601
1.655,-2.426
0.843,-2.508
0.668,-2.766
0.627,-2.446
-0.436,-2.522
-0.432,-2.74
-0.85,-2.509
-1.276,-2.556
-1.667,-2.733
-2.336,-2.479
-2.426,-2.455
-2.466,-2.676
3.012,-2.621
1.966,1.991
1.866,1.817
1.153,1.777
1.163,1.829
0.99,1.808
-1.025,1.924
-2.048,1.71
-2.489,1.69
-2.561,1.781
2.946,1.959
1.919,0.314
1.169,1.166
-0.526,-2.196
-1.476,-0.928
-1.899,-1.0
-2.156,0.474
-2.285,-0.448
2.735,-0.45
1.477,1.287
-2.053,-0.385
-2.062,-0.059
-2.359,-0.476
2.935,0.06
1.903,-0.609
-0.863,-0.559
-1.911,0.813
-2.242,-0.7
-2.428,-2.633
-1.118,-2.341
-2.242,-2.371
-2.397,-2.031
-0.102,0.504
-0.185,0.894
-0.114,0.972
-0.111,-1.428
-0.23,-0.445
-0.321,-0.327
-0.345,-0.808
-0.415,-0.493
-0.451,-2.411
-0.542,-2.229
-0.668,-0.453
-0.594,-0.938
-0.621,-0.245
-0.68,-0.458
-0.751,-0.638
-0.856,-1.022
-0.825,-0.222
-0.839,-1.574
-1.064,-1.554
-1.064,-1.436
-1.166,-2.594
-1.128,-2.559
-1.235,0.284
-1.212,-2.489
-1.309,-0.268
-1.308,-0.639
-1.247,0.709
-1.336,-0.077
-1.309,-2.203
-1.439,-2.548
-1.372,0.035
-1.455,-2.523
-1.451,-2.074
-1.398,-1.888
-1.45,-1.576
-1.489,-0.645
-1.53,1.036
-1.672,0.875
-1.622,0.921
-1.663,-1.552
-1.693,-1.536
-1.792,-0.114
-1.778,-0.291
-1.858,-0.135
-1.789,-0.9
-1.88,0.208
-1.898,1.329
-1.838,1.084
-1.943,-0.005
-2.059,-0.331
-2.024,-2.304
-2.132,-1.086
-2.073,-1.961
-2.096,1.324
-2.175,1.1
-2.216,0.232
-2.178,0.219
-2.185,-0.859
-2.244,0.737
-2.234,-1.296
-2.196,1.344
-2.275,0.665
-2.275,-0.948
-2.43,-1.675
-2.365,-1.548
-2.443,-2.624
-2.467,-0.939
-2.505,-0.336
-2.427,0.145
-2.553,0.719
-2.578,-0.491
-2.647,0.159
-2.655,-0.946
-2.679,-1.318
-2.658,-0.375
-2.671,-2.029
-2.779,1.401
-2.769,-1.039
-2.777,0.346
-2.799,-0.009
-3.005,0.424
-2.993,-0.497
-3.107,-2.634
3.028,-1.217
2.585,0.974
2.575,0.146
2.305,-2.891
1.941,-2.986
0.573,-2.848
0.135,-2.807
-0.004,-2.594
-0.446,-2.699
-0.673,-2.758
-1.158,-3.004
-1.493,-2.949
-1.986,-2.855
-2.381,-2.714
-2.673,-2.877
-2.983,-2.764
2.577,-2.657
2.196,1.336
1.74,1.639
0.975,1.621
0.823,1.234
-0.573,1.44
-0.672,1.625
-1.089,1.519
-1.505,1.598
-2.498,1.523
2.102,0.411
1.942,-1.355
0.812,-0.99
0.144,1.359
-0.621,-1.616
-2.437,-0.961
2.371,-0.293
2.474,-0.899
2.45,-1.274
2.376,-1.052
2.148,-0.181
2.119,-2.136
2.209,-0.718
2.229,-1.947
2.0,-2.492
2.077,-2.469
1.686,-1.246
1.785,-0.629
1.747,0.835
1.659,-1.059
1.656,-1.17
1.488,-0.568
1.555,0.962
1.573,-0.148
1.348,0.095
1.241,1.146
1.178,-1.392
1.057,-2.607
1.099,0.964
1.095,-1.261
1.023,-2.019
0.936,-1.106
0.758,-0.453
0.61,-0.168
0.602,-1.169
0.576,-1.183
0.575,0.814
0.443,-0.06
0.518,-2.466
0.535,0.416
0.289,-2.335
0.367,-2.428
0.219,0.036
0.131,-2.591
0.137,-1.63
0.109,-2.372
0.172,1.053
0.129,1.081
-0.012,0.166
-0.295,-2.431
-0.523,-1.041
-0.566,1.385
-0.625,-0.111
-0.774,-1.093
-0.883,1.205
-0.982,-0.985
-0.903,-0.151
-0.996,-0.913
-1.023,-2.538
-1.261,-0.256
-1.383,-1.595
-1.482,-2.674
-1.502,-1.322
-1.945,-1.464
-1.93,-1.428
-2.065,-2.483
-2.161,-0.772
-2.339,-0.407
-2.491,-1.778
-2.448,-2.082
-2.451,-2.548
-2.57,-0.541
-2.449,-2.469
-2.483,-2.264
-2.623,1.219
-2.636,1.254
-2.641,-1.607
-2.803,-1.09
-2.735,0.226
-2.83,0.659
-2.737,-0.282
-2.809,-0.566
-2.92,-1.43
-3.082,0.921
3.083,-2.254
2.772,-2.254
2.701,0.06
2.673,1.199
2.61,0.444
2.613,0.18
2.578,1.173
2.666,-2.591
2.554,-0.783
2.553,-2.527
2.55,-1.347
2.523,-1.316
1.98,-2.842
1.853,-2.865
1.686,-2.866
1.608,-2.691
0.796,-2.773
0.621,-3.031
0.58,-2.711
-0.483,-2.787
-0.479,-3.005
-0.897,-2.774
-1.323,-2.821
-1.714,-2.998
-2.383,-2.744
-2.473,-2.72
-2.513,-2.941
2.965,-2.886
1.919,1.726
1.819,1.552
1.106,1.512
1.116,1.564
0.943,1.543
-1.072,1.659
-2.095,1.445
-2.536,1.425
-2.608,1.516
2.899,1.694
1.872,0.049
1.122,0.901
-0.573,-2.461
-1.523,-1.193
-1.946,-1.265
-2.203,0.209
-2.332,-0.713
2.688,-0.715
1.43,1.022
-2.1,-0.65
-2.109,-0.324
-2.406,-0.741
2.888,-0.205
1.856,-0.874
-0.91,-0.824
-1.958,0.548
-2.289,-0.965
-2.475,-2.898
-1.165,-2.606
-2.289,-2.636
-2.444,-2.296
-0.083,0.39
-0.012,0.468
-0.009,-1.932
-0.128,-0.949
-0.219,-0.831
-0.243,-1.312
-0.313,-0.997
-0.349,-2.915
-0.44,-2.733
-0.566,-0.957
-0.492,-1.442
-0.519,-0.749
-0.578,-0.962
-0.649,-1.142
-0.754,-1.526
-0.723,-0.726
-0.737,-2.078
-0.962,-2.058
-0.962,-1.94
-1.064,-3.098
-1.026,-3.063
-1.133,-0.22
-1.11,-2.993
-1.207,-0.772
-1.206,-1.143
-1.145,0.205
-1.234,-0.581
-1.207,-2.707
-1.337,-3.052
-1.27,-0.469
-1.353,-3.027
-1.349,-2.578
-1.296,-2.392
-1.348,-2.08
-1.387,-1.149
-1.428,0.532
-1.57,0.371
-1.52,0.417
-1.561,-2.056
-1.591,-2.04
-1.69,-0.618
-1.676,-0.795
-1.756,-0.639
-1.687,-1.404
-1.778,-0.296
-1.796,0.825
-1.736,0.58
-1.841,-0.509
-1.957,-0.835
-1.922,-2.808
-2.03,-1.59
-1.971,-2.465
-1.994,0.82
-2.073,0.596
-2.114,-0.272
-2.076,-0.285
-2.083,-1.363
-2.142,0.233
-2.132,-1.8
-2.094,0.84
-2.173,0.161
-2.173,-1.452
-2.328,-2.179
-2.263,-2.052
-2.341,-3.128
-2.365,-1.443
-2.403,-0.84
-2.325,-0.359
-2.451,0.215
-2.476,-0.995
-2.545,-0.345
-2.553,-1.45
-2.577,-1.822
-2.556,-0.879
-2.569,-2.533
-2.677,0.897
-2.667,-1.543
-2.675,-0.158
-2.697,-0.513
-2.903,-0.08
-2.891,-1.001
-3.005,-3.138
3.13,-1.721
2.687,0.47
2.677,-0.358
2.407,-3.395
2.043,-3.49
0.675,-3.352
0.237,-3.311
0.098,-3.098
-0.344,-3.203
-0.571,-3.262
-1.056,-3.508
-1.391,-3.453
-1.884,-3.359
-2.279,-3.218
-2.571,-3.381
-2.881,-3.268
2.679,-3.161
2.298,0.832
1.842,1.135
1.077,1.117
0.925,0.73
-0.471,0.936
-0.57,1.121
-0.987,1.015
-1.403,1.094
-2.396,1.019
2.204,-0.093
2.044,-1.859
0.914,-1.494
0.246,0.855
-0.519,-2.12
-2.335,-1.465
2.473,-0.797
2.576,-1.403
2.552,-1.778
2.478,-1.556
2.25,-0.685
2.221,-2.64
2.311,-1.222
2.331,-2.451
2.102,-2.996
2.179,-2.973
1.788,-1.75
1.887,-1.133
1.849,0.331
1.761,-1.563
1.758,-1.674
1.59,-1.072
1.657,0.458
1.675,-0.652
1.45,-0.409
1.343,0.642
1.28,-1.896
1.159,-3.111
1.201,0.46
1.197,-1.765
1.125,-2.523
1.038,-1.61
0.86,-0.957
0.712,-0.672
0.704,-1.673
0.678,-1.687
0.677,0.31
0.545,-0.564
0.62,-2.97
0.637,-0.088
0.391,-2.839
0.469,-2.932
0.321,-0.468
0.233,-3.095
0.239,-2.134
0.211,-2.876
0.274,0.549
0.231,0.577
0.09,-0.338
-0.193,-2.935
-0.421,-1.545
-0.464,0.881
-0.523,-0.615
-0.672,-1.597
-0.781,0.701
-0.88,-1.489
-0.801,-0.655
-0.894,-1.417
-0.921,-3.042
-1.159,-0.76
-1.281,-2.099
-1.38,-3.178
-1.4,-1.826
-1.843,-1.968
-1.828,-1.932
-1.963,-2.987
-2.059,-1.276
-2.237,-0.911
-2.389,-2.282
-2.346,-2.586
-2.349,-3.052
-2.468,-1.045
-2.347,-2.973
-2.381,-2.768
-2.521,0.715
-2.534,0.75
-2.539,-2.111
-2.701,-1.594
-2.633,-0.278
-2.728,0.155
-2.635,-0.786
-2.707,-1.07
-2.818,-1.934
-2.98,0.417
-3.098,-2.758
2.874,-2.758
2.803,-0.444
2.775,0.695
2.712,-0.06
2.715,-0.324
2.68,0.669
2.768,-3.095
2.656,-1.287
2.655,-3.031
2.652,-1.851
2.625,-1.82
2.082,-3.346
1.955,-3.369
1.788,-3.37
1.71,-3.195
0.898,-3.277
0.723,-3.535
0.682,-3.215
-0.381,-3.291
-0.377,-3.509
-0.795,-3.278
-1.221,-3.325
-1.612,-3.502
-2.281,-3.248
-2.371,-3.224
-2.411,-3.445
3.067,-3.39
2.021,1.222
1.921,1.048
1.208,1.008
1.218,1.06
1.045,1.039
-0.97,1.155
-1.993,0.941
-2.434,0.921
-2.506,1.012
3.001,1.19
1.974,-0.455
1.224,0.397
-0.471,-2.965
-1.421,-1.697
-1.844,-1.769
-2.101,-0.295
-2.23,-1.217
2.79,-1.219
1.532,0.518
-1.998,-1.154
-2.007,-0.828
-2.304,-1.245
2.99,-0.709
1.958,-1.378
-0.808,-1.328
-1.856,0.044
-2.187,-1.469
-2.373,-3.402
-1.063,-3.11
-2.187,-3.14
-2.342,-2.8
0.071,0.078
0.074,-2.322
-0.045,-1.339
-0.136,-1.221
-0.16,-1.702
-0.23,-1.387
-0.266,-3.305
-0.357,-3.123
-0.483,-1.347
-0.409,-1.832
-0.436,-1.139
-0.495,-1.352
-0.566,-1.532
-0.671,-1.916
-0.64,-1.116
-0.654,-2.468
-0.879,-2.448
-0.879,-2.33
-0.981,-3.488
-0.943,-3.453
-1.05,-0.61
-1.027,-3.383
-1.124,-1.162
-1.123,-1.533
-1.062,-0.185
-1.151,-0.971
-1.124,-3.097
-1.254,-3.442
-1.187,-0.859
-1.27,-3.417
-1.266,-2.968
-1.213,-2.782
-1.265,-2.47
-1.304,-1.539
-1.345,0.142
-1.487,-0.019
-1.437,0.027
-1.478,-2.446
-1.508,-2.43
-1.607,-1.008
-1.593,-1.185
-1.673,-1.029
-1.604,-1.794
-1.695,-0.686
-1.713,0.435
-1.653,0.19
-1.758,-0.899
-1.874,-1.225
-1.839,-3.198
-1.947,-1.98
-1.888,-2.855
-1.911,0.43
-1.99,0.206
-2.031,-0.662
-1.993,-0.675
-2.0,-1.753
-2.059,-0.157
-2.049,-2.19
-2.011,0.45
-2.09,-0.229
-2.09,-1.842
-2.245,-2.569
-2.18,-2.442
-2.258,-3.518
-2.282,-1.833
-2.32,-1.23
-2.242,-0.749
-2.368,-0.175
-2.393,-1.385
-2.462,-0.735
-2.47,-1.84
-2.494,-2.212
-2.473,-1.269
-2.486,-2.923
-2.594,0.507
-2.584,-1.933
-2.592,-0.548
-2.614,-0.903
-2.82,-0.47
-2.808,-1.391
-2.922,-3.528
-3.07,-2.111
2.77,0.08
2.76,-0.748
2.49,-3.785
2.126,-3.88
0.758,-3.742
0.32,-3.701
0.181,-3.488
-0.261,-3.593
-0.488,-3.652
-0.973,-3.898
-1.308,-3.843
-1.801,-3.749
-2.196,-3.608
-2.488,-3.771
-2.798,-3.658
2.762,-3.551
2.381,0.442
1.925,0.745
1.16,0.727
1.008,0.34
-0.388,0.546
-0.487,0.731
-0.904,0.625
-1.32,0.704
-2.313,0.629
2.287,-0.483
2.127,-2.249
0.997,-1.884
0.329,0.465
-0.436,-2.51
-2.252,-1.855
2.556,-1.187
2.659,-1.793
2.635,-2.168
2.561,-1.946
2.333,-1.075
2.304,-3.03
2.394,-1.612
2.414,-2.841
2.185,-3.386
2.262,-3.363
1.871,-2.14
1.97,-1.523
1.932,-0.059
1.844,-1.953
1.841,-2.064
1.673,-1.462
1.74,0.068
1.758,-1.042
1.533,-0.799
1.426,0.252
1.363,-2.286
1.242,-3.501
1.284,0.07
1.28,-2.155
1.208,-2.913
1.121,-2.0
0.943,-1.347
0.795,-1.062
0.787,-2.063
0.761,-2.077
0.76,-0.08
0.628,-0.954
0.703,-3.36
0.72,-0.478
0.474,-3.229
0.552,-3.322
0.404,-0.858
0.316,-3.485
0.322,-2.524
0.294,-3.266
0.357,0.159
0.314,0.187
0.173,-0.728
-0.11,-3.325
-0.338,-1.935
-0.381,0.491
-0.44,-1.005
-0.589,-1.987
-0.698,0.311
-0.797,-1.879
-0.718,-1.045
-0.811,-1.807
-0.838,-3.432
-1.076,-1.15
-1.198,-2.489
-1.297,-3.568
-1.317,-2.216
-1.76,-2.358
-1.745,-2.322
-1.88,-3.377
-1.976,-1.666
-2.154,-1.301
-2.306,-2.672
-2.263,-2.976
-2.266,-3.442
-2.385,-1.435
-2.264,-3.363
-2.298,-3.158
-2.438,0.325
-2.451,0.36
-2.456,-2.501
-2.618,-1.984
-2.55,-0.668
-2.645,-0.235
-2.552,-1.176
-2.624,-1.46
-2.735,-2.324
-2.897,0.027
-3.015,-3.148
2.957,-3.148
2.886,-0.834
2.858,0.305
2.795,-0.45
2.798,-0.714
2.763,0.279
2.851,-3.485
2.739,-1.677
2.738,-3.421
2.735,-2.241
2.708,-2.21
2.165,-3.736
2.038,-3.759
1.871,-3.76
1.793,-3.585
0.981,-3.667
0.806,-3.925
0.765,-3.605
-0.298,-3.681
-0.294,-3.899
-0.712,-3.668
-1.138,-3.715
-1.529,-3.892
-2.198,-3.638
-2.288,-3.614
-2.328,-3.835
-3.133,-3.78
2.104,0.832
2.004,0.658
1.291,0.618
1.301,0.67
1.128,0.649
-0.887,0.765
-1.91,0.551
-2.351,0.531
-2.423,0.622
3.084,0.8
2.057,-0.845
1.307,0.007
-0.388,-3.355
-1.338,-2.087
-1.761,-2.159
-2.018,-0.685
-2.147,-1.607
2.873,-1.609
1.615,0.128
-1.915,-1.544
-1.924,-1.218
-2.221,-1.635
3.073,-1.099
2.041,-1.768
-0.725,-1.718
-1.773,-0.346
-2.104,-1.859
-2.29,-3.792
-0.98,-3.5
-2.104,-3.53
-2.259,-3.19
0.003,-2.4
-0.116,-1.417
-0.207,-1.299
-0.231,-1.78
-0.301,-1.465
-0.337,-3.383
-0.428,-3.201
-0.554,-1.425
-0.48,-1.91
-0.507,-1.217
-0.566,-1.43
-0.637,-1.61
-0.742,-1.994
-0.711,-1.194
-0.725,-2.546
-0.95,-2.526
-0.95,-2.408
-1.052,-3.566
-1.014,-3.531
-1.121,-0.688
-1.098,-3.461
-1.195,-1.24
-1.194,-1.611
-1.133,-0.263
-1.222,-1.049
-1.195,-3.175
-1.325,-3.52
-1.258,-0.937
-1.341,-3.495
-1.337,-3.046
-1.284,-2.86
-1.336,-2.548
-1.375,-1.617
-1.416,0.064
-1.558,-0.097
-1.508,-0.051
-1.549,-2.524
-1.579,-2.508
-1.678,-1.086
-1.664,-1.263
-1.744,-1.107
-1.675,-1.872
-1.766,-0.764
-1.784,0.357
-1.724,0.112
-1.829,-0.977
-1.945,-1.303
-1.91,-3.276
-2.018,-2.058
-1.959,-2.933
-1.982,0.352
-2.061,0.128
-2.102,-0.74
-2.064,-0.753
-2.071,-1.831
-2.13,-0.235
-2.12,-2.268
-2.082,0.372
-2.161,-0.307
-2.161,-1.92
-2.316,-2.647
-2.251,-2.52
-2.329,-3.596
-2.353,-1.911
-2.391,-1.308
-2.313,-0.827
-2.439,-0.253
-2.464,-1.463
-2.533,-0.813
-2.541,-1.918
-2.565,-2.29
-2.544,-1.347
-2.557,-3.001
-2.665,0.429
-2.655,-2.011
-2.663,-0.626
-2.685,-0.981
-2.891,-0.548
-2.879,-1.469
-2.993,-3.606
-3.141,-2.189
2.699,0.002
2.689,-0.826
2.419,-3.863
2.055,-3.958
0.687,-3.82
0.249,-3.779
0.11,-3.566
-0.332,-3.671
-0.559,-3.73
-1.044,-3.976
-1.379,-3.921
-1.872,-3.827
-2.267,-3.686
-2.559,-3.849
-2.869,-3.736
2.691,-3.629
2.31,0.364
1.854,0.667
1.089,0.649
0.937,0.262
-0.459,0.468
-0.558,0.653
-0.975,0.547
-1.391,0.626
-2.384,0.551
2.216,-0.561
2.056,-2.327
0.926,-1.962
0.258,0.387
-0.507,-2.588
-2.323,-1.933
2.485,-1.265
2.588,-1.871
2.564,-2.246
2.49,-2.024
2.262,-1.153
2.233,-3.108
2.323,-1.69
2.343,-2.919
2.114,-3.464
2.191,-3.441
1.8,-2.218
1.899,-1.601
1.861,-0.137
1.773,-2.031
1.77,-2.142
1.602,-1.54
1.669,-0.01
1.687,-1.12
1.462,-0.877
1.355,0.174
1.292,-2.364
1.171,-3.579
1.213,-0.008
1.209,-2.233
1.137,-2.991
1.05,-2.078
0.872,-1.425
0.724,-1.14
0.716,-2.141
0.69,-2.155
0.689,-0.158
0.557,-1.032
0.632,-3.438
0.649,-0.556
0.403,-3.307
0.481,-3.4
0.333,-0.936
0.245,-3.563
0.251,-2.602
0.223,-3.344
0.286,0.081
0.243,0.109
0.102,-0.806
-0.181,-3.403
-0.409,-2.013
-0.452,0.413
-0.511,-1.083
-0.66,-2.065
-0.769,0.233
-0.868,-1.957
-0.789,-1.123
-0.882,-1.885
-0.909,-3.51
-1.147,-1.228
-1.269,-2.567
-1.368,-3.646
-1.388,-2.294
-1.831,-2.436
-1.816,-2.4
-1.951,-3.455
-2.047,-1.744
-2.225,-1.379
-2.377,-2.75
-2.334,-3.054
-2.337,-3.52
-2.456,-1.513
-2.335,-3.441
-2.369,-3.236
-2.509,0.247
-2.522,0.282
-2.527,-2.579
-2.689,-2.062
-2.621,-0.746
-2.716,-0.313
-2.623,-1.254
-2.695,-1.538
-2.806,-2.402
-2.968,-0.051
-3.086,-3.226
2.886,-3.226
2.815,-0.912
2.787,0.227
2.724,-0.528
2.727,-0.792
2.692,0.201
2.78,-3.563
2.668,-1.755
2.667,-3.499
2.664,-2.319
2.637,-2.288
2.094,-3.814
1.967,-3.837
1.8,-3.838
1.722,-3.663
0.91,-3.745
0.735,-4.003
0.694,-3.683
-0.369,-3.759
-0.365,-3.977
-0.783,-3.746
-1.209,-3.793
-1.6,-3.97
-2.269,-3.716
-2.359,-3.692
-2.399,-3.913
3.079,-3.858
2.033,0.754
1.933,0.58
1.22,0.54
1.23,0.592
1.057,0.571
-0.958,0.687
-1.981,0.473
-2.422,0.453
-2.494,0.544
3.013,0.722
1.986,-0.923
1.236,-0.071
-0.459,-3.433
-1.409,-2.165
-1.832,-2.237
-2.089,-0.763
-2.218,-1.685
2.802,-1.687
1.544,0.05
-1.986,-1.622
-1.995,-1.296
-2.292,-1.713
3.002,-1.177
1.97,-1.846
-0.796,-1.796
-1.844,-0.424
-2.175,-1.937
-2.361,-3.87
-1.051,-3.578
-2.175,-3.608
-2.33,-3.268
-0.119,0.983
-0.21,1.101
-0.234,0.62
-0.304,0.935
-0.34,-0.983
-0.431,-0.801
-0.557,0.975
-0.483,0.49
-0.51,1.183
-0.569,0.97
-0.64,0.79
-0.745,0.406
-0.714,1.206
-0.728,-0.146
-0.953,-0.126
-0.953,-0.008
-1.055,-1.166
-1.017,-1.131
-1.124,1.712
-1.101,-1.061
-1.198,1.16
-1.197,0.789
-1.136,2.137
-1.225,1.351
-1.198,-0.775
-1.328,-1.12
-1.261,1.463
-1.344,-1.095
-1.34,-0.646
-1.287,-0.46
-1.339,-0.148
-1.378,0.783
-1.419,2.464
-1.561,2.303
-1.511,2.349
-1.552,-0.124
-1.582,-0.108
-1.681,1.314
-1.667,1.137
-1.747,1.293
-1.678,0.528
-1.769,1.636
-1.787,2.757
-1.727,2.512
-1.832,1.423
-1.948,1.097
-1.913,-0.876
-2.021,0.342
-1.962,-0.533
-1.985,2.752
-2.064,2.528
-2.105,1.66
-2.067,1.647
-2.074,0.569
-2.133,2.165
-2.123,0.132
-2.085,2.772
-2.164,2.093
-2.164,0.48
-2.319,-0.247
-2.254,-0.12
-2.332,-1.196
-2.356,0.489
-2.394,1.092
-2.316,1.573
-2.442,2.147
-2.467,0.937
-2.536,1.587
-2.544,0.482
-2.568,0.11
-2.547,1.053
-2.56,-0.601
-2.668,2.829
-2.658,0.389
-2.666,1.774
-2.688,1.419
-2.894,1.852
-2.882,0.931
-2.996,-1.206
3.139,0.211
2.696,2.402
2.686,1.574
2.416,-1.463
2.052,-1.558
0.684,-1.42
0.246,-1.379
0.107,-1.166
-0.335,-1.271
-0.562,-1.33
-1.047,-1.576
-1.382,-1.521
-1.875,-1.427
-2.27,-1.286
-2.562,-1.449
-2.872,-1.336
2.688,-1.229
2.307,2.764
1.851,3.067
1.086,3.049
0.934,2.662
-0.462,2.868
-0.561,3.053
-0.978,2.947
-1.394,3.026
-2.387,2.951
2.213,1.839
2.053,0.073
0.923,0.438
0.255,2.787
-0.51,-0.188
-2.326,0.467
2.482,1.135
2.585,0.529
2.561,0.154
2.487,0.376
2.259,1.247
2.23,-0.708
2.32,0.71
2.34,-0.519
2.111,-1.064
2.188,-1.041
1.797,0.182
1.896,0.799
1.858,2.263
1.77,0.369
1.767,0.258
1.599,0.86
1.666,2.39
1.684,1.28
1.459,1.523
1.352,2.574
1.289,0.036
1.168,-1.179
1.21,2.392
1.206,0.167
1.134,-0.591
1.047,0.322
0.869,0.975
0.721,1.26
0.713,0.259
0.687,0.245
0.686,2.242
0.554,1.368
0.629,-1.038
0.646,1.844
0.4,-0.907
0.478,-1.0
0.33,1.464
0.242,-1.163
0.248,-0.202
0.22,-0.944
0.283,2.481
0.24,2.509
0.099,1.594
-0.184,-1.003
-0.412,0.387
-0.455,2.813
-0.514,1.317
-0.663,0.335
-0.772,2.633
-0.871,0.443
-0.792,1.277
-0.885,0.515
-0.912,-1.11
-1.15,1.172
-1.272,-0.167
-1.371,-1.246
-1.391,0.106
-1.834,-0.036
-1.819,0.0
-1.954,-1.055
-2.05,0.656
-2.228,1.021
-2.38,-0.35
-2.337,-0.654
-2.34,-1.12
-2.459,0.887
-2.338,-1.041
-2.372,-0.836
-2.512,2.647
-2.525,2.682
-2.53,-0.179
-2.692,0.338
-2.624,1.654
-2.719,2.087
-2.626,1.146
-2.698,0.862
-2.809,-0.002
-2.971,2.349
-3.089,-0.826
2.883,-0.826
2.812,1.488
2.784,2.627
2.721,1.872
2.724,1.608
2.689,2.601
2.777,-1.163
2.665,0.645
2.664,-1.099
2.661,0.081
2.634,0.112
2.091,-1.414
1.964,-1.437
1.797,-1.438
1.719,-1.263
0.907,-1.345
0.732,-1.603
0.691,-1.283
-0.372,-1.359
-0.368,-1.577
-0.786,-1.346
-1.212,-1.393
-1.603,-1.57
-2.272,-1.316
-2.362,-1.292
-2.402,-1.513
3.076,-1.458
2.03,3.154
1.93,2.98
1.217,2.94
1.227,2.992
1.054,2.971
-0.961,3.087
-1.984,2.873
-2.425,2.853
-2.497,2.944
3.01,3.122
1.983,1.477
1.233,2.329
-0.462,-1.033
-1.412,0.235
-1.835,0.163
-2.092,1.637
-2.221,0.715
2.799,0.713
1.541,2.45
-1.989,0.778
-1.998,1.104
-2.295,0.687
2.999,1.223
1.967,0.554
-0.799,0.604
-1.847,1.976
-2.178,0.463
-2.364,-1.47
-1.054,-1.178
-2.178,-1.208
-2.333,-0.868
-0.091,0.118
-0.115,-0.363
-0.185,-0.048
-0.221,-1.966
-0.312,-1.784
-0.438,-0.008
-0.364,-0.493
-0.391,0.2
-0.45,-0.013
-0.521,-0.193
-0.626,-0.577
-0.595,0.223
-0.609,-1.129
-0.834,-1.109
-0.834,-0.991
-0.936,-2.149
-0.898,-2.114
-1.005,0.729
-0.982,-2.044
-1.079,0.177
-1.078,-0.194
-1.017,1.154
-1.106,0.368
-1.079,-1.758
-1.209,-2.103
-1.142,0.48
-1.225,-2.078
-1.221,-1.629
-1.168,-1.443
-1.22,-1.131
-1.259,-0.2
-1.3,1.481
-1.442,1.32
-1.392,1.366
-1.433,-1.107
-1.463,-1.091
-1.562,0.331
-1.548,0.154
-1.628,0.31
-1.559,-0.455
-1.65,0.653
-1.668,1.774
-1.608,1.529
-1.713,0.44
-1.829,0.114
-1.794,-1.859
-1.902,-0.641
-1.843,-1.516
-1.866,1.769
-1.945,1.545
-1.986,0.677
-1.948,0.664
-1.955,-0.414
-2.014,1.182
-2.004,-0.851
-1.966,1.789
-2.045,1.11
-2.045,-0.503
-2.2,-1.23
-2.135,-1.103
-2.213,-2.179
-2.237,-0.494
-2.275,0.109
-2.197,0.59
-2.323,1.164
-2.348,-0.046
-2.417,0.604
-2.425,-0.501
-2.449,-0.873
-2.428,0.07
-2.441,-1.584
-2.549,1.846
-2.539,-0.594
-2.547,0.791
-2.569,0.436
-2.775,0.869
-2.763,-0.052
-2.877,-2.189
-3.025,-0.772
2.815,1.419
2.805,0.591
2.535,-2.446
2.171,-2.541
0.803,-2.403
0.365,-2.362
0.226,-2.149
-0.216,-2.254
-0.443,-2.313
-0.928,-2.559
-1.263,-2.504
-1.756,-2.41
-2.151,-2.269
-2.443,-2.432
-2.753,-2.319
2.807,-2.212
2.426,1.781
1.97,2.084
1.205,2.066
1.053,1.679
-0.343,1.885
-0.442,2.07
-0.859,1.964
-1.275,2.043
-2.268,1.968
2.332,0.856
2.172,-0.91
1.042,-0.545
0.374,1.804
-0.391,-1.171
-2.207,-0.516
2.601,0.152
2.704,-0.454
2.68,-0.829
2.606,-0.607
2.378,0.264
2.349,-1.691
2.439,-0.273
2.459,-1.502
2.23,-2.047
2.307,-2.024
1.916,-0.801
2.015,-0.184
1.977,1.28
1.889,-0.614
1.886,-0.725
1.718,-0.123
1.785,1.407
1.803,0.297
1.578,0.54
1.471,1.591
1.408,-0.947
1.287,-2.162
1.329,1.409
1.325,-0.816
1.253,-1.574
1.166,-0.661
0.988,-0.008
0.84,0.277
0.832,-0.724
0.806,-0.738
0.805,1.259
0.673,0.385
0.748,-2.021
0.765,0.861
0.519,-1.89
0.597,-1.983
0.449,0.481
0.361,-2.146
0.367,-1.185
0.339,-1.927
0.402,1.498
0.359,1.526
0.218,0.611
-0.065,-1.986
-0.293,-0.596
-0.336,1.83
-0.395,0.334
-0.544,-0.648
-0.653,1.65
-0.752,-0.54
-0.673,0.294
-0.766,-0.468
-0.793,-2.093
-1.031,0.189
-1.153,-1.15
-1.252,-2.229
-1.272,-0.877
-1.715,-1.019
-1.7,-0.983
-1.835,-2.038
-1.931,-0.327
-2.109,0.038
-2.261,-1.333
-2.218,-1.637
-2.221,-2.103
-2.34,-0.096
-2.219,-2.024
-2.253,-1.819
-2.393,1.664
-2.406,1.699
-2.411,-1.162
-2.573,-0.645
-2.505,0.671
-2.6,1.104
-2.507,0.163
-2.579,-0.121
-2.69,-0.985
-2.852,1.366
-2.97,-1.809
3.002,-1.809
2.931,0.505
2.903,1.644
2.84,0.889
2.843,0.625
2.808,1.618
2.896,-2.146
2.784,-0.338
2.783,-2.082
2.78,-0.902
2.753,-0.871
2.21,-2.397
2.083,-2.42
1.916,-2.421
1.838,-2.246
1.026,-2.328
0.851,-2.586
0.81,-2.266
-0.253,-2.342
-0.249,-2.56
-0.667,-2.329
-1.093,-2.376
-1.484,-2.553
-2.153,-2.299
-2.243,-2.275
-2.283,-2.496
-3.088,-2.441
2.149,2.171
2.049,1.997
1.336,1.957
1.346,2.009
1.173,1.988
-0.842,2.104
-1.865,1.89
-2.306,1.87
-2.378,1.961
3.129,2.139
2.102,0.494
1.352,1.346
-0.343,-2.016
-1.293,-0.748
-1.716,-0.82
-1.973,0.654
-2.102,-0.268
2.918,-0.27
1.66,1.467
-1.87,-0.205
-1.879,0.121
-2.176,-0.296
3.118,0.24
2.086,-0.429
-0.68,-0.379
-1.728,0.993
-2.059,-0.52
-2.245,-2.453
-0.935,-2.161
-2.059,-2.191
-2.214,-1.851
-0.024,-0.481
-0.094,-0.166
-0.13,-2.084
-0.221,-1.902
-0.347,-0.126
-0.273,-0.611
-0.3,0.082
-0.359,-0.131
-0.43,-0.311
-0.535,-0.695
-0.504,0.105
-0.518,-1.247
-0.743,-1.227
-0.743,-1.109
-0.845,-2.267
-0.807,-2.232
-0.914,0.611
-0.891,-2.162
-0.988,0.059
-0.987,-0.312
-0.926,1.036
-1.015,0.25
-0.988,-1.876
-1.118,-2.221
-1.051,0.362
-1.134,-2.196
-1.13,-1.747
-1.077,-1.561
-1.129,-1.249
-1.168,-0.318
-1.209,1.363
-1.351,1.202
-1.301,1.248
-1.342,-1.225
-1.372,-1.209
-1.471,0.213
-1.457,0.036
-1.537,0.192
-1.468,-0.573
-1.559,0.535
-1.577,1.656
-1.517,1.411
-1.622,0.322
-1.738,-0.004
-1.703,-1.977
-1.811,-0.759
-1.752,-1.634
-1.775,1.651
-1.854,1.427
-1.895,0.559
-1.857,0.546
-1.864,-0.532
-1.923,1.064
-1.913,-0.969
-1.875,1.671
-1.954,0.992
-1.954,-0.621
-2.109,-1.348
-2.044,-1.221
-2.122,-2.297
-2.146,-0.612
-2.184,-0.009
-2.106,0.472
-2.232,1.046
-2.257,-0.164
-2.326,0.486
-2.334,-0.619
-2.358,-0.991
-2.337,-0.048
-2.35,-1.702
-2.458,1.728
-2.448,-0.712
-2.456,0.673
-2.478,0.318
-2.684,0.751
-2.672,-0.17
-2.786,-2.307
-2.934,-0.89
2.906,1.301
2.896,0.473
2.626,-2.564
2.262,-2.659
0.894,-2.521
0.456,-2.48
0.317,-2.267
-0.125,-2.372
-0.352,-2.431
-0.837,-2.677
-1.172,-2.622
-1.665,-2.528
-2.06,-2.387
-2.352,-2.55
-2.662,-2.437
2.898,-2.33
2.517,1.663
2.061,1.966
1.296,1.948
1.144,1.561
-0.252,1.767
-0.351,1.952
-0.768,1.846
-1.184,1.925
-2.177,1.85
2.423,0.738
2.263,-1.028
1.133,-0.663
0.465,1.686
-0.3,-1.289
-2.116,-0.634
2.692,0.034
2.795,-0.572
2.771,-0.947
2.697,-0.725
2.469,0.146
2.44,-1.809
2.53,-0.391
2.55,-1.62
2.321,-2.165
2.398,-2.142
2.007,-0.919
2.106,-0.302
2.068,1.162
1.98,-0.732
1.977,-0.843
1.809,-0.241
1.876,1.289
1.894,0.179
1.669,0.422
1.562,1.473
1.499,-1.065
1.378,-2.28
1.42,1.291
1.416,-0.934
1.344,-1.692
1.257,-0.779
1.079,-0.126
0.931,0.159
0.923,-0.842
0.897,-0.856
0.896,1.141
0.764,0.267
0.839,-2.139
0.856,0.743
0.61,-2.008
0.688,-2.101
0.54,0.363
0.452,-2.264
0.458,-1.303
0.43,-2.045
0.493,1.38
0.45,1.408
0.309,0.493
0.026,-2.104
-0.202,-0.714
-0.245,1.712
-0.304,0.216
-0.453,-0.766
-0.562,1.532
-0.661,-0.658
-0.582,0.176
-0.675,-0.586
-0.702,-2.211
-0.94,0.071
-1.062,-1.268
-1.161,-2.347
-1.181,-0.995
-1.624,-1.137
-1.609,-1.101
-1.744,-2.156
-1.84,-0.445
-2.018,-0.08
-2.17,-1.451
-2.127,-1.755
-2.13,-2.221
-2.249,-0.214
-2.128,-2.142
-2.162,-1.937
-2.302,1.546
-2.315,1.581
-2.32,-1.28
-2.482,-0.763
-2.414,0.553
-2.509,0.986
-2.416,0.045
-2.488,-0.239
-2.599,-1.103
-2.761,1.248
-2.879,-1.927
3.093,-1.927
3.022,0.387
2.994,1.526
2.931,0.771
2.934,0.507
2.899,1.5
2.987,-2.264
2.875,-0.456
2.874,-2.2
2.871,-1.02
2.844,-0.989
2.301,-2.515
2.174,-2.538
2.007,-2.539
1.929,-2.364
1.117,-2.446
0.942,-2.704
0.901,-2.384
-0.162,-2.46
-0.158,-2.678
-0.576,-2.447
-1.002,-2.494
-1.393,-2.671
-2.062,-2.417
-2.152,-2.393
-2.192,-2.614
-2.997,-2.559
2.24,2.053
2.14,1.879
1.427,1.839
1.437,1.891
1.264,1.87
-0.751,1.986
-1.774,1.772
-2.215,1.752
-2.287,1.843
-3.063,2.021
2.193,0.376
1.443,1.228
-0.252,-2.134
-1.202,-0.866
-1.625,-0.938
-1.882,0.536
-2.011,-0.386
3.009,-0.388
1.751,1.349
-1.779,-0.323
-1.788,0.003
-2.085,-0.414
-3.074,0.122
2.177,-0.547
-0.589,-0.497
-1.637,0.875
-1.968,-0.638
-2.154,-2.571
-0.844,-2.279
-1.968,-2.309
-2.123,-1.969
-0.07,0.315
-0.106,-1.603
-0.197,-1.421
-0.323,0.355
-0.249,-0.13
-0.276,0.563
-0.335,0.35
-0.406,0.17
-0.511,-0.214
-0.48,0.586
-0.494,-0.766
-0.719,-0.746
-0.719,-0.628
-0.821,-1.786
-0.783,-1.751
-0.89,1.092
-0.867,-1.681
-0.964,0.54
-0.963,0.169
-0.902,1.517
-0.991,0.731
-0.964,-1.395
-1.094,-1.74
-1.027,0.843
-1.11,-1.715
-1.106,-1.266
-1.053,-1.08
-1.105,-0.768
-1.144,0.163
-1.185,1.844
-1.327,1.683
-1.277,1.729
-1.318,-0.744
-1.348,-0.728
-1.447,0.694
-1.433,0.517
-1.513,0.673
-1.444,-0.092
-1.535,1.016
-1.553,2.137
-1.493,1.892
-1.598,0.803
-1.714,0.477
-1.679,-1.496
-1.787,-0.278
-1.728,-1.153
-1.751,2.132
-1.83,1.908
-1.871,1.04
-1.833,1.027
-1.84,-0.051
-1.899,1.545
-1.889,-0.488
-1.851,2.152
-1.93,1.473
-1.93,-0.14
-2.085,-0.867
-2.02,-0.74
-2.098,-1.816
-2.122,-0.131
-2.16,0.472
-2.082,0.953
-2.208,1.527
-2.233,0.317
-2.302,0.967
-2.31,-0.138
-2.334,-0.51
-2.313,0.433
-2.326,-1.221
-2.434,2.209
-2.424,-0.231
-2.432,1.154
-2.454,0.799
-2.66,1.232
-2.648,0.311
-2.762,-1.826
-2.91,-0.409
2.93,1.782
2.92,0.954
2.65,-2.083
2.286,-2.178
0.918,-2.04
0.48,-1.999
0.341,-1.786
-0.101,-1.891
-0.328,-1.95
-0.813,-2.196
-1.148,-2.141
-1.641,-2.047
-2.036,-1.906
-2.328,-2.069
-2.638,-1.956
2.922,-1.849
2.541,2.144
2.085,2.447
1.32,2.429
1.168,2.042
-0.228,2.248
-0.327,2.433
-0.744,2.327
-1.16,2.406
-2.153,2.331
2.447,1.219
2.287,-0.547
1.157,-0.182
0.489,2.167
-0.276,-0.808
-2.092,-0.153
2.716,0.515
2.819,-0.091
2.795,-0.466
2.721,-0.244
2.493,0.627
2.464,-1.328
2.554,0.09
2.574,-1.139
2.345,-1.684
2.422,-1.661
2.031,-0.438
2.13,0.179
2.092,1.643
2.004,-0.251
2.001,-0.362
1.833,0.24
1.9,1.77
1.918,0.66
1.693,0.903
1.586,1.954
1.523,-0.584
1.402,-1.799
1.444,1.772
1.44,-0.453
1.368,-1.211
1.281,-0.298
1.103,0.355
0.955,0.64
0.947,-0.361
0.921,-0.375
0.92,1.622
0.788,0.748
0.863,-1.658
0.88,1.224
0.634,-1.527
0.712,-1.62
0.564,0.844
0.476,-1.783
0.482,-0.822
0.454,-1.564
0.517,1.861
0.474,1.889
0.333,0.974
0.05,-1.623
-0.178,-0.233
-0.221,2.193
-0.28,0.697
-0.429,-0.285
-0.538,2.013
-0.637,-0.177
-0.558,0.657
-0.651,-0.105
-0.678,-1.73
-0.916,0.552
-1.038,-0.787
-1.137,-1.866
-1.157,-0.514
-1.6,-0.656
-1.585,-0.62
-1.72,-1.675
-1.816,0.036
-1.994,0.401
-2.146,-0.97
-2.103,-1.274
-2.106,-1.74
-2.225,0.267
-2.104,-1.661
-2.138,-1.456
-2.278,2.027
-2.291,2.062
-2.296,-0.799
-2.458,-0.282
-2.39,1.034
-2.485,1.467
-2.392,0.526
-2.464,0.242
-2.575,-0.622
-2.737,1.729
-2.855,-1.446
3.117,-1.446
3.046,0.868
3.018,2.007
2.955,1.252
2.958,0.988
2.923,1.981
3.011,-1.783
2.899,0.025
2.898,-1.719
2.895,-0.539
2.868,-0.508
2.325,-2.034
2.198,-2.057
2.031,-2.058
1.953,-1.883
1.141,-1.965
0.966,-2.223
0.925,-1.903
-0.138,-1.979
-0.134,-2.197
-0.552,-1.966
-0.978,-2.013
-1.369,-2.19
-2.038,-1.936
-2.128,-1.912
-2.168,-2.133
-2.973,-2.078
2.264,2.534
2.164,2.36
1.451,2.32
1.461,2.372
1.288,2.351
-0.727,2.467
-1.75,2.253
-2.191,2.233
-2.263,2.324
-3.039,2.502
2.217,0.857
1.467,1.709
-0.228,-1.653
-1.178,-0.385
-1.601,-0.457
-1.858,1.017
-1.987,0.095
3.033,0.093
1.775,1.83
-1.755,0.158
-1.764,0.484
-2.061,0.067
-3.05,0.603
2.201,-0.066
-0.565,-0.016
-1.613,1.356
-1.944,-0.157
-2.13,-2.09
-0.82,-1.798
-1.944,-1.828
-2.099,-1.488
-0.036,-1.918
-0.127,-1.736
-0.253,0.04
-0.179,-0.445
-0.206,0.248
-0.265,0.035
-0.336,-0.145
-0.441,-0.529
-0.41,0.271
-0.424,-1.081
-0.649,-1.061
-0.649,-0.943
-0.751,-2.101
-0.713,-2.066
-0.82,0.777
-0.797,-1.996
-0.894,0.225
-0.893,-0.146
-0.832,1.202
-0.921,0.416
-0.894,-1.71
-1.024,-2.055
-0.957,0.528
-1.04,-2.03
-1.036,-1.581
-0.983,-1.395
-1.035,-1.083
-1.074,-0.152
-1.115,1.529
-1.257,1.368
-1.207,1.414
-1.248,-1.059
-1.278,-1.043
-1.377,0.379
-1.363,0.202
-1.443,0.358
-1.374,-0.407
-1.465,0.701
-1.483,1.822
-1.423,1.577
-1.528,0.488
-1.644,0.162
-1.609,-1.811
-1.717,-0.593
-1.658,-1.468
-1.681,1.817
-1.76,1.593
-1.801,0.725
-1.763,0.712
-1.77,-0.366
-1.829,1.23
-1.819,-0.803
-1.781,1.837
-1.86,1.158
-1.86,-0.455
-2.015,-1.182
-1.95,-1.055
-2.028,-2.131
-2.052,-0.446
-2.09,0.157
-2.012,0.638
-2.138,1.212
-2.163,0.002
-2.232,0.652
-2.24,-0.453
-2.264,-0.825
-2.243,0.118
-2.256,-1.536
-2.364,1.894
-2.354,-0.546
-2.362,0.839
-2.384,0.484
-2.59,0.917
-2.578,-0.004
-2.692,-2.141
-2.84,-0.724
3.0,1.467
2.99,0.639
2.72,-2.398
2.356,-2.493
0.988,-2.355
0.55,-2.314
0.411,-2.101
-0.031,-2.206
-0.258,-2.265
-0.743,-2.511
-1.078,-2.456
-1.571,-2.362
-1.966,-2.221
-2.258,-2.384
-2.568,-2.271
2.992,-2.164
2.611,1.829
2.155,2.132
1.39,2.114
1.238,1.727
-0.158,1.933
-0.257,2.118
-0.674,2.012
-1.09,2.091
-2.083,2.016
2.517,0.904
2.357,-0.862
1.227,-0.497
0.559,1.852
-0.206,-1.123
-2.022,-0.468
2.786,0.2
2.889,-0.406
2.865,-0.781
2.791,-0.559
2.563,0.312
2.534,-1.643
2.624,-0.225
2.644,-1.454
2.415,-1.999
2.492,-1.976
2.101,-0.753
2.2,-0.136
2.162,1.328
2.074,-0.566
2.071,-0.677
1.903,-0.075
1.97,1.455
1.988,0.345
1.763,0.588
1.656,1.639
1.593,-0.899
1.472,-2.114
1.514,1.457
1.51,-0.768
1.438,-1.526
1.351,-0.613
1.173,0.04
1.025,0.325
1.017,-0.676
0.991,-0.69
0.99,1.307
0.858,0.433
0.933,-1.973
0.95,0.909
0.704,-1.842
0.782,-1.935
0.634,0.529
0.546,-2.098
0.552,-1.137
0.524,-1.879
0.587,1.546
0.544,1.574
0.403,0.659
0.12,-1.938
-0.108,-0.548
-0.151,1.878
-0.21,0.382
-0.359,-0.6
-0.468,1.698
-0.567,-0.492
-0.488,0.342
-0.581,-0.42
-0.608,-2.045
-0.846,0.237
-0.968,-1.102
-1.067,-2.181
-1.087,-0.829
-1.53,-0.971
-1.515,-0.935
-1.65,-1.99
-1.746,-0.279
-1.924,0.086
-2.076,-1.285
-2.033,-1.589
-2.036,-2.055
-2.155,-0.048
-2.034,-1.976
-2.068,-1.771
-2.208,1.712
-2.221,1.747
-2.226,-1.114
-2.388,-0.597
-2.32,0.719
-2.415,1.152
-2.322,0.211
-2.394,-0.073
-2.505,-0.937
-2.667,1.414
-2.785,-1.761
-3.096,-1.761
3.116,0.553
3.088,1.692
3.025,0.937
3.028,0.673
2.993,1.666
3.081,-2.098
2.969,-0.29
2.968,-2.034
2.965,-0.854
2.938,-0.823
2.395,-2.349
2.268,-2.372
2.101,-2.373
2.023,-2.198
1.211,-2.28
1.036,-2.538
0.995,-2.218
-0.068,-2.294
-0.064,-2.512
-0.482,-2.281
-0.908,-2.328
-1.299,-2.505
-1.968,-2.251
-2.058,-2.227
-2.098,-2.448
-2.903,-2.393
2.334,2.219
2.234,2.045
1.521,2.005
1.531,2.057
1.358,2.036
-0.657,2.152
-1.68,1.938
-2.121,1.918
-2.193,2.009
-2.969,2.187
2.287,0.542
1.537,1.394
-0.158,-1.968
-1.108,-0.7
-1.531,-0.772
-1.788,0.702
-1.917,-0.22
3.103,-0.222
1.845,1.515
-1.685,-0.157
-1.694,0.169
-1.991,-0.248
-2.98,0.288
2.271,-0.381
-0.495,-0.331
-1.543,1.041
-1.874,-0.472
-2.06,-2.405
-0.75,-2.113
-1.874,-2.143
-2.029,-1.803
-0.091,0.182
-0.217,1.958
-0.143,1.473
-0.17,2.166
-0.229,1.953
-0.3,1.773
-0.405,1.389
-0.374,2.189
-0.388,0.837
-0.613,0.857
-0.613,0.975
-0.715,-0.183
-0.677,-0.148
-0.784,2.695
-0.761,-0.078
-0.858,2.143
-0.857,1.772
-0.796,3.12
-0.885,2.334
-0.858,0.208
-0.988,-0.137
-0.921,2.446
-1.004,-0.112
-1.0,0.337
-0.947,0.523
-0.999,0.835
-1.038,1.766
-1.079,3.447
-1.221,3.286
-1.171,3.332
-1.212,0.859
-1.242,0.875
-1.341,2.297
-1.327,2.12
-1.407,2.276
-1.338,1.511
-1.429,2.619
-1.447,3.74
-1.387,3.495
-1.492,2.406
-1.608,2.08
-1.573,0.107
-1.681,1.325
-1.622,0.45
-1.645,3.735
-1.724,3.511
-1.765,2.643
-1.727,2.63
-1.734,1.552
-1.793,3.148
-1.783,1.115
-1.745,3.755
-1.824,3.076
-1.824,1.463
-1.979,0.736
-1.914,0.863
-1.992,-0.213
-2.016,1.472
-2.054,2.075
-1.976,2.556
-2.102,3.13
-2.127,1.92
-2.196,2.57
-2.204,1.465
-2.228,1.093
-2.207,2.036
-2.22,0.382
-2.328,3.812
-2.318,1.372
-2.326,2.757
-2.348,2.402
-2.554,2.835
-2.542,1.914
-2.656,-0.223
-2.804,1.194
3.036,3.385
3.026,2.557
2.756,-0.48
2.392,-0.575
1.024,-0.437
0.586,-0.396
0.447,-0.183
0.005,-0.288
-0.222,-0.347
-0.707,-0.593
-1.042,-0.538
-1.535,-0.444
-1.93,-0.303
-2.222,-0.466
-2.532,-0.353
3.028,-0.246
2.647,3.747
2.191,4.05
1.426,4.032
1.274,3.645
-0.122,3.851
-0.221,4.036
-0.638,3.93
-1.054,4.009
-2.047,3.934
2.553,2.822
2.393,1.056
1.263,1.421
0.595,3.77
-0.17,0.795
-1.986,1.45
2.822,2.118
2.925,1.512
2.901,1.137
2.827,1.359
2.599,2.23
2.57,0.275
2.66,1.693
2.68,0.464
2.451,-0.081
2.528,-0.058
2.137,1.165
2.236,1.782
2.198,3.246
2.11,1.352
2.107,1.241
1.939,1.843
2.006,3.373
2.024,2.263
1.799,2.506
1.692,3.557
1.629,1.019
1.508,-0.196
1.55,3.375
1.546,1.15
1.474,0.392
1.387,1.305
1.209,1.958
1.061,2.243
1.053,1.242
1.027,1.228
1.026,3.225
0.894,2.351
0.969,-0.055
0.986,2.827
0.74,0.076
0.818,-0.017
0.67,2.447
0.582,-0.18
0.588,0.781
0.56,0.039
0.623,3.464
0.58,3.492
0.439,2.577
0.156,-0.02
-0.072,1.37
-0.115,3.796
-0.174,2.3
-0.323,1.318
-0.432,3.616
-0.531,1.426
-0.452,2.26
-0.545,1.498
-0.572,-0.127
-0.81,2.155
-0.932,0.816
-1.031,-0.263
-1.051,1.089
-1.494,0.947
-1.479,0.983
-1.614,-0.072
-1.71,1.639
-1.888,2.004
-2.04,0.633
-1.997,0.329
-2.0,-0.137
-2.119,1.87
-1.998,-0.058
-2.032,0.147
-2.172,3.63
-2.185,3.665
-2.19,0.804
-2.352,1.321
-2.284,2.637
-2.379,3.07
-2.286,2.129
-2.358,1.845
-2.469,0.981
-2.631,3.332
-2.749,0.157
-3.06,0.157
-3.131,2.471
3.124,3.61
3.061,2.855
3.064,2.591
3.029,3.584
3.117,-0.18
3.005,1.628
3.004,-0.116
3.001,1.064
2.974,1.095
2.431,-0.431
2.304,-0.454
2.137,-0.455
2.059,-0.28
1.247,-0.362
1.072,-0.62
1.031,-0.3
-0.032,-0.376
-0.028,-0.594
-0.446,-0.363
-0.872,-0.41
-1.263,-0.587
-1.932,-0.333
-2.022,-0.309
-2.062,-0.53
-2.867,-0.475
2.37,4.137
2.27,3.963
1.557,3.923
1.567,3.975
1.394,3.954
-0.621,4.07
-1.644,3.856
-2.085,3.836
-2.157,3.927
-2.933,4.105
2.323,2.46
1.573,3.312
-0.122,-0.05
-1.072,1.218
-1.495,1.146
-1.752,2.62
-1.881,1.698
3.139,1.696
1.881,3.433
-1.649,1.761
-1.658,2.087
-1.955,1.67
-2.944,2.206
2.307,1.537
-0.459,1.587
-1.507,2.959
-1.838,1.446
-2.024,-0.487
-0.714,-0.195
-1.838,-0.225
-1.993,0.115
-0.126,1.776
-0.052,1.291
-0.079,1.984
-0.138,1.771
-0.209,1.591
-0.314,1.207
-0.283,2.007
-0.297,0.655
-0.522,0.675
-0.522,0.793
-0.624,-0.365
-0.586,-0.33
-0.693,2.513
-0.67,-0.26
-0.767,1.961
-0.766,1.59
-0.705,2.938
-0.794,2.152
-0.767,0.026
-0.897,-0.319
-0.83,2.264
-0.913,-0.294
-0.909,0.155
-0.856,0.341
-0.908,0.653
-0.947,1.584
-0.988,3.265
-1.13,3.104
-1.08,3.15
-1.121,0.677
-1.151,0.693
-1.25,2.115
-1.236,1.938
-1.316,2.094
-1.247,1.329
-1.338,2.437
-1.356,3.558
-1.296,3.313
-1.401,2.224
-1.517,1.898
-1.482,-0.075
-1.59,1.143
-1.531,0.268
-1.554,3.553
-1.633,3.329
-1.674,2.461
-1.636,2.448
-1.643,1.37
-1.702,2.966
-1.692,0.933
-1.654,3.573
-1.733,2.894
-1.733,1.281
-1.888,0.554
-1.823,0.681
-1.901,-0.395
-1.925,1.29
-1.963,1.893
-1.885,2.374
-2.011,2.948
-2.036,1.738
-2.105,2.388
-2.113,1.283
-2.137,0.911
-2.116,1.854
-2.129,0.2
-2.237,3.63
-2.227,1.19
-2.235,2.575
-2.257,2.22
-2.463,2.653
-2.451,1.732
-2.565,-0.405
-2.713,1.012
3.127,3.203
3.117,2.375
2.847,-0.662
2.483,-0.757
1.115,-0.619
0.677,-0.578
0.538,-0.365
0.096,-0.47
-0.131,-0.529
-0.616,-0.775
-0.951,-0.72
-1.444,-0.626
-1.839,-0.485
-2.131,-0.648
-2.441,-0.535
3.119,-0.428
2.738,3.565
2.282,3.868
1.517,3.85
1.365,3.463
-0.031,3.669
-0.13,3.854
-0.547,3.748
-0.963,3.827
-1.956,3.752
2.644,2.64
2.484,0.874
1.354,1.239
0.686,3.588
-0.079,0.613
-1.895,1.268
2.913,1.936
3.016,1.33
2.992,0.955
2.918,1.177
2.69,2.048
2.661,0.093
2.751,1.511
2.771,0.282
2.542,-0.263
2.619,-0.24
2.228,0.983
2.327,1.6
2.289,3.064
2.201,1.17
2.198,1.059
2.03,1.661
2.097,3.191
2.115,2.081
1.89,2.324
1.783,3.375
1.72,0.837
1.599,-0.378
1.641,3.193
1.637,0.968
1.565,0.21
1.478,1.123
1.3,1.776
1.152,2.061
1.144,1.06
1.118,1.046
1.117,3.043
0.985,2.169
1.06,-0.237
1.077,2.645
0.831,-0.106
0.909,-0.199
0.761,2.265
0.673,-0.362
0.679,0.599
0.651,-0.143
0.714,3.282
0.671,3.31
0.53,2.395
0.247,-0.202
0.019,1.188
-0.024,3.614
-0.083,2.118
-0.232,1.136
-0.341,3.434
-0.44,1.244
-0.361,2.078
-0.454,1.316
-0.481,-0.309
-0.719,1.973
-0.841,0.634
-0.94,-0.445
-0.96,0.907
-1.403,0.765
-1.388,0.801
-1.523,-0.254
-1.619,1.457
-1.797,1.822
-1.949,0.451
-1.906,0.147
-1.909,-0.319
-2.028,1.688
-1.907,-0.24
-1.941,-0.035
-2.081,3.448
-2.094,3.483
-2.099,0.622
-2.261,1.139
-2.193,2.455
-2.288,2.888
-2.195,1.947
-2.267,1.663
-2.378,0.799
-2.54,3.15
-2.658,-0.025
-2.969,-0.025
-3.04,2.289
-3.068,3.428
-3.131,2.673
-3.128,2.409
3.12,3.402
-3.075,-0.362
3.096,1.446
3.095,-0.298
3.092,0.882
3.065,0.913
2.522,-0.613
2.395,-0.636
2.228,-0.637
2.15,-0.462
1.338,-0.544
1.163,-0.802
1.122,-0.482
0.059,-0.558
0.063,-0.776
-0.355,-0.545
-0.781,-0.592
-1.172,-0.769
-1.841,-0.515
-1.931,-0.491
-1.971,-0.712
-2.776,-0.657
2.461,3.955
2.361,3.781
1.648,3.741
1.658,3.793
1.485,3.772
-0.53,3.888
-1.553,3.674
-1.994,3.654
-2.066,3.745
-2.842,3.923
2.414,2.278
1.664,3.13
-0.031,-0.232
-0.981,1.036
-1.404,0.964
-1.661,2.438
-1.79,1.516
-3.053,1.514
1.972,3.251
-1.558,1.579
-1.567,1.905
-1.864,1.488
-2.853,2.024
2.398,1.355
-0.368,1.405
-1.416,2.777
-1.747,1.264
-1.933,-0.669
-0.623,-0.377
-1.747,-0.407
-1.902,-0.067
0.074,-0.485
0.047,0.208
-0.012,-0.005
-0.083,-0.185
-0.188,-0.569
-0.157,0.231
-0.171,-1.121
-0.396,-1.101
-0.396,-0.983
-0.498,-2.141
-0.46,-2.106
-0.567,0.737
-0.544,-2.036
-0.641,0.185
-0.64,-0.186
-0.579,1.162
-0.668,0.376
-0.641,-1.75
-0.771,-2.095
-0.704,0.488
-0.787,-2.07
-0.783,-1.621
-0.73,-1.435
-0.782,-1.123
-0.821,-0.192
-0.862,1.489
-1.004,1.328
-0.954,1.374
-0.995,-1.099
-1.025,-1.083
-1.124,0.339
-1.11,0.162
-1.19,0.318
-1.121,-0.447
-1.212,0.661
-1.23,1.782
-1.17,1.537
-1.275,0.448
-1.391,0.122
-1.356,-1.851
-1.464,-0.633
-1.405,-1.508
-1.428,1.777
-1.507,1.553
-1.548,0.685
-1.51,0.672
-1.517,-0.406
-1.576,1.19
-1.566,-0.843
-1.528,1.797
-1.607,1.118
-1.607,-0.495
-1.762,-1.222
-1.697,-1.095
-1.775,-2.171
-1.799,-0.486
-1.837,0.117
-1.759,0.598
-1.885,1.172
-1.91,-0.038
-1.979,0.612
-1.987,-0.493
-2.011,-0.865
-1.99,0.078
-2.003,-1.576
-2.111,1.854
-2.101,-0.586
-2.109,0.799
-2.131,0.444
-2.337,0.877
-2.325,-0.044
-2.439,-2.181
-2.587,-0.764
-3.03,1.427
-3.04,0.599
2.973,-2.438
2.609,-2.533
1.241,-2.395
0.803,-2.354
0.664,-2.141
0.222,-2.246
-0.005,-2.305
-0.49,-2.551
-0.825,-2.496
-1.318,-2.402
-1.713,-2.261
-2.005,-2.424
-2.315,-2.311
-3.038,-2.204
2.864,1.789
2.408,2.092
1.643,2.074
1.491,1.687
0.095,1.893
-0.004,2.078
-0.421,1.972
-0.837,2.051
-1.83,1.976
2.77,0.864
2.61,-0.902
1.48,-0.537
0.812,1.812
0.047,-1.163
-1.769,-0.508
3.039,0.16
-3.141,-0.446
3.118,-0.821
3.044,-0.599
2.816,0.272
2.787,-1.683
2.877,-0.265
2.897,-1.494
2.668,-2.039
2.745,-2.016
2.354,-0.793
2.453,-0.176
2.415,1.288
2.327,-0.606
2.324,-0.717
2.156,-0.115
2.223,1.415
2.241,0.305
2.016,0.548
1.909,1.599
1.846,-0.939
1.725,-2.154
1.767,1.417
1.763,-0.808
1.691,-1.566
1.604,-0.653
1.426,0.0
1.278,0.285
1.27,-0.716
1.244,-0.73
1.243,1.267
1.111,0.393
1.186,-2.013
1.203,0.869
0.957,-1.882
1.035,-1.975
0.887,0.489
0.799,-2.138
0.805,-1.177
0.777,-1.919
0.84,1.506
0.797,1.534
0.656,0.619
0.373,-1.978
0.145,-0.588
0.102,1.838
0.043,0.342
-0.106,-0.64
-0.215,1.658
-0.314,-0.532
-0.235,0.302
-0.328,-0.46
-0.355,-2.085
-0.593,0.197
-0.715,-1.142
-0.814,-2.221
-0.834,-0.869
-1.277,-1.011
-1.262,-0.975
-1.397,-2.03
-1.493,-0.319
-1.671,0.046
-1.823,-1.325
-1.78,-1.629
-1.783,-2.095
-1.902,-0.088
-1.781,-2.016
-1.815,-1.811
-1.955,1.672
-1.968,1.707
-1.973,-1.154
-2.135,-0.637
-2.067,0.679
-2.162,1.112
-2.069,0.171
-2.141,-0.113
-2.252,-0.977
-2.414,1.374
-2.532,-1.801
-2.843,-1.801
-2.914,0.513
-2.942,1.652
-3.005,0.897
-3.002,0.633
-3.037,1.626
-2.949,-2.138
-3.061,-0.33
-3.062,-2.074
-3.065,-0.894
-3.092,-0.863
2.648,-2.389
2.521,-2.412
2.354,-2.413
2.276,-2.238
1.464,-2.32
1.289,-2.578
1.248,-2.258
0.185,-2.334
0.189,-2.552
-0.229,-2.321
-0.655,-2.368
-1.046,-2.545
-1.715,-2.291
-1.805,-2.267
-1.845,-2.488
-2.65,-2.433
2.587,2.179
2.487,2.005
1.774,1.965
1.784,2.017
1.611,1.996
-0.404,2.112
-1.427,1.898
-1.868,1.878
-1.94,1.969
-2.716,2.147
2.54,0.502
1.79,1.354
0.095,-2.008
-0.855,-0.74
-1.278,-0.812
-1.535,0.662
-1.664,-0.26
-2.927,-0.262
2.098,1.475
-1.432,-0.197
-1.441,0.129
-1.738,-0.288
-2.727,0.248
2.524,-0.421
-0.242,-0.371
-1.29,1.001
-1.621,-0.512
-1.807,-2.445
-0.497,-2.153
-1.621,-2.183
-1.776,-1.843
-0.027,0.693
-0.086,0.48
-0.157,0.3
-0.262,-0.084
-0.231,0.716
-0.245,-0.636
-0.47,-0.616
-0.47,-0.498
-0.572,-1.656
-0.534,-1.621
-0.641,1.222
-0.618,-1.551
-0.715,0.67
-0.714,0.299
-0.653,1.647
-0.742,0.861
-0.715,-1.265
-0.845,-1.61
-0.778,0.973
-0.861,-1.585
-0.857,-1.136
-0.804,-0.95
-0.856,-0.638
-0.895,0.293
-0.936,1.974
-1.078,1.813
-1.028,1.859
-1.069,-0.614
-1.099,-0.598
-1.198,0.824
-1.184,0.647
-1.264,0.803
-1.195,0.038
-1.286,1.146
-1.304,2.267
-1.244,2.022
-1.349,0.933
-1.465,0.607
-1.43,-1.366
-1.538,-0.148
-1.479,-1.023
-1.502,2.262
-1.581,2.038
-1.622,1.17
-1.584,1.157
-1.591,0.079
-1.65,1.675
-1.64,-0.358
-1.602,2.282
-1.681,1.603
-1.681,-0.01
-1.836,-0.737
-1.771,-0.61
-1.849,-1.686
-1.873,-0.001
-1.911,0.602
-1.833,1.083
-1.959,1.657
-1.984,0.447
-2.053,1.097
-2.061,-0.008
-2.085,-0.38
-2.064,0.563
-2.077,-1.091
-2.185,2.339
-2.175,-0.101
-2.183,1.284
-2.205,0.929
-2.411,1.362
-2.399,0.441
-2.513,-1.696
-2.661,-0.279
-3.104,1.912
-3.114,1.084
2.899,-1.953
2.535,-2.048
1.167,-1.91
0.729,-1.869
0.59,-1.656
0.148,-1.761
-0.079,-1.82
-0.564,-2.066
-0.899,-2.011
-1.392,-1.917
-1.787,-1.776
-2.079,-1.939
-2.389,-1.826
-3.112,-1.719
2.79,2.274
2.334,2.577
1.569,2.559
1.417,2.172
0.021,2.378
-0.078,2.563
-0.495,2.457
-0.911,2.536
-1.904,2.461
2.696,1.349
2.536,-0.417
1.406,-0.052
0.738,2.297
-0.027,-0.678
-1.843,-0.023
2.965,0.645
3.068,0.039
3.044,-0.336
2.97,-0.114
2.742,0.757
2.713,-1.198
2.803,0.22
2.823,-1.009
2.594,-1.554
2.671,-1.531
2.28,-0.308
2.379,0.309
2.341,1.773
2.253,-0.121
2.25,-0.232
2.082,0.37
2.149,1.9
2.167,0.79
1.942,1.033
1.835,2.084
1.772,-0.454
1.651,-1.669
1.693,1.902
1.689,-0.323
1.617,-1.081
1.53,-0.168
1.352,0.485
1.204,0.77
1.196,-0.231
1.17,-0.245
1.169,1.752
1.037,0.878
1.112,-1.528
1.129,1.354
0.883,-1.397
0.961,-1.49
0.813,0.974
0.725,-1.653
0.731,-0.692
0.703,-1.434
0.766,1.991
0.723,2.019
0.582,1.104
0.299,-1.493
0.071,-0.103
0.028,2.323
-0.031,0.827
-0.18,-0.155
-0.289,2.143
-0.388,-0.047
-0.309,0.787
-0.402,0.025
-0.429,-1.6
-0.667,0.682
-0.789,-0.657
-0.888,-1.736
-0.908,-0.384
-1.351,-0.526
-1.336,-0.49
-1.471,-1.545
-1.567,0.166
-1.745,0.531
-1.897,-0.84
-1.854,-1.144
-1.857,-1.61
-1.976,0.397
-1.855,-1.531
-1.889,-1.326
-2.029,2.157
-2.042,2.192
-2.047,-0.669
-2.209,-0.152
-2.141,1.164
-2.236,1.597
-2.143,0.656
-2.215,0.372
-2.326,-0.492
-2.488,1.859
-2.606,-1.316
-2.917,-1.316
-2.988,0.998
-3.016,2.137
-3.079,1.382
-3.076,1.118
-3.111,2.111
-3.023,-1.653
-3.135,0.155
-3.136,-1.589
-3.139,-0.409
3.117,-0.378
2.574,-1.904
2.447,-1.927
2.28,-1.928
2.202,-1.753
1.39,-1.835
1.215,-2.093
1.174,-1.773
0.111,-1.849
0.115,-2.067
-0.303,-1.836
-0.729,-1.883
-1.12,-2.06
-1.789,-1.806
-1.879,-1.782
-1.919,-2.003
-2.724,-1.948
2.513,2.664
2.413,2.49
1.7,2.45
1.71,2.502
1.537,2.481
-0.478,2.597
-1.501,2.383
-1.942,2.363
-2.014,2.454
-2.79,2.632
2.466,0.987
1.716,1.839
0.021,-1.523
-0.929,-0.255
-1.352,-0.327
-1.609,1.147
-1.738,0.225
-3.001,0.223
2.024,1.96
-1.506,0.288
-1.515,0.614
-1.812,0.197
-2.801,0.733
2.45,0.064
-0.316,0.114
-1.364,1.486
-1.695,-0.027
-1.881,-1.96
-0.571,-1.668
-1.695,-1.698
-1.85,-1.358
-0.059,-0.213
-0.13,-0.393
-0.235,-0.777
-0.204,0.023
-0.218,-1.329
-0.443,-1.309
-0.443,-1.191
-0.545,-2.349
-0.507,-2.314
-0.614,0.529
-0.591,-2.244
-0.688,-0.023
-0.687,-0.394
-0.626,0.954
-0.715,0.168
-0.688,-1.958
-0.818,-2.303
-0.751,0.28
-0.834,-2.278
-0.83,-1.829
-0.777,-1.643
-0.829,-1.331
-0.868,-0.4
-0.909,1.281
-1.051,1.12
-1.001,1.166
-1.042,-1.307
-1.072,-1.291
-1.171,0.131
-1.157,-0.046
-1.237,0.11
-1.168,-0.655
-1.259,0.453
-1.277,1.574
-1.217,1.329
-1.322,0.24
-1.438,-0.086
-1.403,-2.059
-1.511,-0.841
-1.452,-1.716
-1.475,1.569
-1.554,1.345
-1.595,0.477
-1.557,0.464
-1.564,-0.614
-1.623,0.982
-1.613,-1.051
-1.575,1.589
-1.654,0.91
-1.654,-0.703
-1.809,-1.43
-1.744,-1.303
-1.822,-2.379
-1.846,-0.694
-1.884,-0.091
-1.806,0.39
-1.932,0.964
-1.957,-0.246
-2.026,0.404
-2.034,-0.701
-2.058,-1.073
-2.037,-0.13
-2.05,-1.784
-2.158,1.646
-2.148,-0.794
-2.156,0.591
-2.178,0.236
-2.384,0.669
-2.372,-0.252
-2.486,-2.389
-2.634,-0.972
-3.077,1.219
-3.087,0.391
2.926,-2.646
2.562,-2.741
1.194,-2.603
0.756,-2.562
0.617,-2.349
0.175,-2.454
-0.052,-2.513
-0.537,-2.759
-0.872,-2.704
-1.365,-2.61
-1.76,-2.469
-2.052,-2.632
-2.362,-2.519
-3.085,-2.412
2.817,1.581
2.361,1.884
1.596,1.866
1.444,1.479
0.048,1.685
-0.051,1.87
-0.468,1.764
-0.884,1.843
-1.877,1.768
2.723,0.656
2.563,-1.11
1.433,-0.745
0.765,1.604
0.0,-1.371
-1.816,-0.716
2.992,-0.048
3.095,-0.654
3.071,-1.029
2.997,-0.807
2.769,0.064
2.74,-1.891
2.83,-0.473
2.85,-1.702
2.621,-2.247
2.698,-2.224
2.307,-1.001
2.406,-0.384
2.368,1.08
2.28,-0.814
2.277,-0.925
2.109,-0.323
2.176,1.207
2.194,0.097
1.969,0.34
1.862,1.391
1.799,-1.147
1.678,-2.362
1.72,1.209
1.716,-1.016
1.644,-1.774
1.557,-0.861
1.379,-0.208
1.231,0.077
1.223,-0.924
1.197,-0.938
1.196,1.059
1.064,0.185
1.139,-2.221
1.156,0.661
0.91,-2.09
0.988,-2.183
0.84,0.281
0.752,-2.346
0.758,-1.385
0.73,-2.127
0.793,1.298
0.75,1.326
0.609,0.411
0.326,-2.186
0.098,-0.796
0.055,1.63
-0.004,0.134
-0.153,-0.848
-0.262,1.45
-0.361,-0.74
-0.282,0.094
-0.375,-0.668
-0.402,-2.293
-0.64,-0.011
-0.762,-1.35
-0.861,-2.429
-0.881,-1.077
-1.324,-1.219
-1.309,-1.183
-1.444,-2.238
-1.54,-0.527
-1.718,-0.162
-1.87,-1.533
-1.827,-1.837
-1.83,-2.303
-1.949,-0.296
-1.828,-2.224
-1.862,-2.019
-2.002,1.464
-2.015,1.499
-2.02,-1.362
-2.182,-0.845
-2.114,0.471
-2.209,0.904
-2.116,-0.037
-2.188,-0.321
-2.299,-1.185
-2.461,1.166
-2.579,-2.009
-2.89,-2.009
-2.961,0.305
-2.989,1.444
-3.052,0.689
-3.049,0.425
-3.084,1.418
-2.996,-2.346
-3.108,-0.538
-3.109,-2.282
-3.112,-1.102
-3.139,-1.071
2.601,-2.597
2.474,-2.62
2.307,-2.621
2.229,-2.446
1.417,-2.528
1.242,-2.786
1.201,-2.466
0.138,-2.542
0.142,-2.76
-0.276,-2.529
-0.702,-2.576
-1.093,-2.753
-1.762,-2.499
-1.852,-2.475
-1.892,-2.696
-2.697,-2.641
2.54,1.971
2.44,1.797
1.727,1.757
1.737,1.809
1.564,1.788
-0.451,1.904
-1.474,1.69
-1.915,1.67
-1.987,1.761
-2.763,1.939
2.493,0.294
1.743,1.146
0.048,-2.216
-0.902,-0.948
-1.325,-1.02
-1.582,0.454
-1.711,-0.468
-2.974,-0.47
2.051,1.267
-1.479,-0.405
-1.488,-0.079
-1.785,-0.496
-2.774,0.04
2.477,-0.629
-0.289,-0.579
-1.337,0.793
-1.668,-0.72
-1.854,-2.653
-0.544,-2.361
-1.668,-2.391
-1.823,-2.051
-0.071,-0.18
-0.176,-0.564
-0.145,0.236
-0.159,-1.116
-0.384,-1.096
-0.384,-0.978
-0.486,-2.136
-0.448,-2.101
-0.555,0.742
-0.532,-2.031
-0.629,0.19
-0.628,-0.181
-0.567,1.167
-0.656,0.381
-0.629,-1.745
-0.759,-2.09
-0.692,0.493
-0.775,-2.065
-0.771,-1.616
-0.718,-1.43
-0.77,-1.118
-0.809,-0.187
-0.85,1.494
-0.992,1.333
-0.942,1.379
-0.983,-1.094
-1.013,-1.078
-1.112,0.344
-1.098,0.167
-1.178,0.323
-1.109,-0.442
-1.2,0.666
-1.218,1.787
-1.158,1.542
-1.263,0.453
-1.379,0.127
-1.344,-1.846
-1.452,-0.628
-1.393,-1.503
-1.416,1.782
-1.495,1.558
-1.536,0.69
-1.498,0.677
-1.505,-0.401
-1.564,1.195
-1.554,-0.838
-1.516,1.802
-1.595,1.123
-1.595,-0.49
-1.75,-1.217
-1.685,-1.09
-1.763,-2.166
-1.787,-0.481
-1.825,0.122
-1.747,0.603
-1.873,1.177
-1.898,-0.033
-1.967,0.617
-1.975,-0.488
-1.999,-0.86
-1.978,0.083
-1.991,-1.571
-2.099,1.859
-2.089,-0.581
-2.097,0.804
-2.119,0.449
-2.325,0.882
-2.313,-0.039
-2.427,-2.176
-2.575,-0.759
-3.018,1.432
-3.028,0.604
2.985,-2.433
2.621,-2.528
1.253,-2.39
0.815,-2.349
0.676,-2.136
0.234,-2.241
0.007,-2.3
-0.478,-2.546
-0.813,-2.491
-1.306,-2.397
-1.701,-2.256
-1.993,-2.419
-2.303,-2.306
-3.026,-2.199
2.876,1.794
2.42,2.097
1.655,2.079
1.503,1.692
0.107,1.898
0.008,2.083
-0.409,1.977
-0.825,2.056
-1.818,1.981
2.782,0.869
2.622,-0.897
1.492,-0.532
0.824,1.817
0.059,-1.158
-1.757,-0.503
3.051,0.165
-3.129,-0.441
3.13,-0.816
3.056,-0.594
2.828,0.277
2.799,-1.678
2.889,-0.26
2.909,-1.489
2.68,-2.034
2.757,-2.011
2.366,-0.788
2.465,-0.171
2.427,1.293
2.339,-0.601
2.336,-0.712
2.168,-0.11
2.235,1.42
2.253,0.31
2.028,0.553
1.921,1.604
1.858,-0.934
1.737,-2.149
1.779,1.422
1.775,-0.803
1.703,-1.561
1.616,-0.648
1.438,0.005
1.29,0.29
1.282,-0.711
1.256,-0.725
1.255,1.272
1.123,0.398
1.198,-2.008
1.215,0.874
0.969,-1.877
1.047,-1.97
0.899,0.494
0.811,-2.133
0.817,-1.172
0.789,-1.914
0.852,1.511
0.809,1.539
0.668,0.624
0.385,-1.973
0.157,-0.583
0.114,1.843
0.055,0.347
-0.094,-0.635
-0.203,1.663
-0.302,-0.527
-0.223,0.307
-0.316,-0.455
-0.343,-2.08
-0.581,0.202
-0.703,-1.137
-0.802,-2.216
-0.822,-0.864
-1.265,-1.006
-1.25,-0.97
-1.385,-2.025
-1.481,-0.314
-1.659,0.051
-1.811,-1.32
-1.768,-1.624
-1.771,-2.09
-1.89,-0.083
-1.769,-2.011
-1.803,-1.806
-1.943,1.677
-1.956,1.712
-1.961,-1.149
-2.123,-0.632
-2.055,0.684
-2.15,1.117
-2.057,0.176
-2.129,-0.108
-2.24,-0.972
-2.402,1.379
-2.52,-1.796
-2.831,-1.796
-2.902,0.518
-2.93,1.657
-2.993,0.902
-2.99,0.638
-3.025,1.631
-2.937,-2.133
-3.049,-0.325
-3.05,-2.069
-3.053,-0.889
-3.08,-0.858
2.66,-2.384
2.533,-2.407
2.366,-2.408
2.288,-2.233
1.476,-2.315
1.301,-2.573
1.26,-2.253
0.197,-2.329
0.201,-2.547
-0.217,-2.316
-0.643,-2.363
-1.034,-2.54
-1.703,-2.286
-1.793,-2.262
-1.833,-2.483
-2.638,-2.428
2.599,2.184
2.499,2.01
1.786,1.97
1.796,2.022
1.623,2.001
-0.392,2.117
-1.415,1.903
-1.856,1.883
-1.928,1.974
-2.704,2.152
2.552,0.507
1.802,1.359
0.107,-2.003
-0.843,-0.735
-1.266,-0.807
-1.523,0.667
-1.652,-0.255
-2.915,-0.257
2.11,1.48
-1.42,-0.192
-1.429,0.134
-1.726,-0.283
-2.715,0.253
2.536,-0.416
-0.23,-0.366
-1.278,1.006
-1.609,-0.507
-1.795,-2.44
-0.485,-2.148
-1.609,-2.178
-1.764,-1.838
-0.105,-0.384
-0.074,0.416
-0.088,-0.936
-0.313,-0.916
-0.313,-0.798
-0.415,-1.956
-0.377,-1.921
-0.484,0.922
-0.461,-1.851
-0.558,0.37
-0.557,-0.001
-0.496,1.347
-0.585,0.561
-0.558,-1.565
-0.688,-1.91
-0.621,0.673
-0.704,-1.885
-0.7,-1.436
-0.647,-1.25
-0.699,-0.938
-0.738,-0.007
-0.779,1.674
-0.921,1.513
-0.871,1.559
-0.912,-0.914
-0.942,-0.898
-1.041,0.524
-1.027,0.347
-1.107,0.503
-1.038,-0.262
-1.129,0.846
-1.147,1.967
-1.087,1.722
-1.192,0.633
-1.308,0.307
-1.273,-1.666
-1.381,-0.448
-1.322,-1.323
-1.345,1.962
-1.424,1.738
-1.465,0.87
-1.427,0.857
-1.434,-0.221
-1.493,1.375
-1.483,-0.658
-1.445,1.982
-1.524,1.303
-1.524,-0.31
-1.679,-1.037
-1.614,-0.91
-1.692,-1.986
-1.716,-0.301
-1.754,0.302
-1.676,0.783
-1.802,1.357
-1.827,0.147
-1.896,0.797
-1.904,-0.308
-1.928,-0.68
-1.907,0.263
-1.92,-1.391
-2.028,2.039
-2.018,-0.401
-2.026,0.984
-2.048,0.629
-2.254,1.062
-2.242,0.141
-2.356,-1.996
-2.504,-0.579
-2.947,1.612
-2.957,0.784
3.056,-2.253
2.692,-2.348
1.324,-2.21
0.886,-2.169
0.747,-1.956
0.305,-2.061
0.078,-2.12
-0.407,-2.366
-0.742,-2.311
-1.235,-2.217
-1.63,-2.076
-1.922,-2.239
-2.232,-2.126
-2.955,-2.019
2.947,1.974
2.491,2.277
1.726,2.259
1.574,1.872
0.178,2.078
0.079,2.263
-0.338,2.157
-0.754,2.236
-1.747,2.161
2.853,1.049
2.693,-0.717
1.563,-0.352
0.895,1.997
0.13,-0.978
-1.686,-0.323
3.122,0.345
-3.058,-0.261
-3.082,-0.636
3.127,-0.414
2.899,0.457
2.87,-1.498
2.96,-0.08
2.98,-1.309
2.751,-1.854
2.828,-1.831
2.437,-0.608
2.536,0.009
2.498,1.473
2.41,-0.421
2.407,-0.532
2.239,0.07
2.306,1.6
2.324,0.49
2.099,0.733
1.992,1.784
1.929,-0.754
1.808,-1.969
1.85,1.602
1.846,-0.623
1.774,-1.381
1.687,-0.468
1.509,0.185
1.361,0.47
1.353,-0.531
1.327,-0.545
1.326,1.452
1.194,0.578
1.269,-1.828
1.286,1.054
1.04,-1.697
1.118,-1.79
0.97,0.674
0.882,-1.953
0.888,-0.992
0.86,-1.734
0.923,1.691
0.88,1.719
0.739,0.804
0.456,-1.793
0.228,-0.403
0.185,2.023
0.126,0.527
-0.023,-0.455
-0.132,1.843
-0.231,-0.347
-0.152,0.487
-0.245,-0.275
-0.272,-1.9
-0.51,0.382
-0.632,-0.957
-0.731,-2.036
-0.751,-0.684
-1.194,-0.826
-1.179,-0.79
-1.314,-1.845
-1.41,-0.134
-1.588,0.231
-1.74,-1.14
-1.697,-1.444
-1.7,-1.91
-1.819,0.097
-1.698,-1.831
-1.732,-1.626
-1.872,1.857
-1.885,1.892
-1.89,-0.969
-2.052,-0.452
-1.984,0.864
-2.079,1.297
-1.986,0.356
-2.058,0.072
-2.169,-0.792
-2.331,1.559
-2.449,-1.616
-2.76,-1.616
-2.831,0.698
-2.859,1.837
-2.922,1.082
-2.919,0.818
-2.954,1.811
-2.866,-1.953
-2.978,-0.145
-2.979,-1.889
-2.982,-0.709
-3.009,-0.678
2.731,-2.204
2.604,-2.227
2.437,-2.228
2.359,-2.053
1.547,-2.135
1.372,-2.393
1.331,-2.073
0.268,-2.149
0.272,-2.367
-0.146,-2.136
-0.572,-2.183
-0.963,-2.36
-1.632,-2.106
-1.722,-2.082
-1.762,-2.303
-2.567,-2.248
2.67,2.364
2.57,2.19
1.857,2.15
1.867,2.202
1.694,2.181
-0.321,2.297
-1.344,2.083
-1.785,2.063
-1.857,2.154
-2.633,2.332
2.623,0.687
1.873,1.539
0.178,-1.823
-0.772,-0.555
-1.195,-0.627
-1.452,0.847
-1.581,-0.075
-2.844,-0.077
2.181,1.66
-1.349,-0.012
-1.358,0.314
-1.655,-0.103
-2.644,0.433
2.607,-0.236
-0.159,-0.186
-1.207,1.186
-1.538,-0.327
-1.724,-2.26
-0.414,-1.968
-1.538,-1.998
-1.693,-1.658
0.031,0.8
0.017,-0.552
-0.208,-0.532
-0.208,-0.414
-0.31,-1.572
-0.272,-1.537
-0.379,1.306
-0.356,-1.467
-0.453,0.754
-0.452,0.383
-0.391,1.731
-0.48,0.945
-0.453,-1.181
-0.583,-1.526
-0.516,1.057
-0.599,-1.501
-0.595,-1.052
-0.542,-0.866
-0.594,-0.554
-0.633,0.377
-0.674,2.058
-0.816,1.897
-0.766,1.943
-0.807,-0.53
-0.837,-0.514
-0.936,0.908
-0.922,0.731
-1.002,0.887
-0.933,0.122
-1.024,1.23
-1.042,2.351
-0.982,2.106
-1.087,1.017
-1.203,0.691
-1.168,-1.282
-1.276,-0.064
-1.217,-0.939
-1.24,2.346
-1.319,2.122
-1.36,1.254
-1.322,1.241
-1.329,0.163
-1.388,1.759
-1.378,-0.274
-1.34,2.366
-1.419,1.687
-1.419,0.074
-1.574,-0.653
-1.509,-0.526
-1.587,-1.602
-1.611,0.083
-1.649,0.686
-1.571,1.167
-1.697,1.741
-1.722,0.531
-1.791,1.181
-1.799,0.076
-1.823,-0.296
-1.802,0.647
-1.815,-1.007
-1.923,2.423
-1.913,-0.017
-1.921,1.368
-1.943,1.013
-2.149,1.446
-2.137,0.525
-2.251,-1.612
-2.399,-0.195
-2.842,1.996
-2.852,1.168
-3.122,-1.869
2.797,-1.964
1.429,-1.826
0.991,-1.785
0.852,-1.572
0.41,-1.677
0.183,-1.736
-0.302,-1.982
-0.637,-1.927
-1.13,-1.833
-1.525,-1.692
-1.817,-1.855
-2.127,-1.742
-2.85,-1.635
3.052,2.358
2.596,2.661
1.831,2.643
1.679,2.256
0.283,2.462
0.184,2.647
-0.233,2.541
-0.649,2.62
-1.642,2.545
2.958,1.433
2.798,-0.333
1.668,0.032
1.0,2.381
0.235,-0.594
-1.581,0.061
-3.056,0.729
-2.953,0.123
-2.977,-0.252
-3.051,-0.03
3.004,0.841
2.975,-1.114
3.065,0.304
3.085,-0.925
2.856,-1.47
2.933,-1.447
2.542,-0.224
2.641,0.393
2.603,1.857
2.515,-0.037
2.512,-0.148
2.344,0.454
2.411,1.984
2.429,0.874
2.204,1.117
2.097,2.168
2.034,-0.37
1.913,-1.585
1.955,1.986
1.951,-0.239
1.879,-0.997
1.792,-0.084
1.614,0.569
1.466,0.854
1.458,-0.147
1.432,-0.161
1.431,1.836
1.299,0.962
1.374,-1.444
1.391,1.438
1.145,-1.313
1.223,-1.406
1.075,1.058
0.987,-1.569
0.993,-0.608
0.965,-1.35
1.028,2.075
0.985,2.103
0.844,1.188
0.561,-1.409
0.333,-0.019
0.29,2.407
0.231,0.911
0.082,-0.071
-0.027,2.227
-0.126,0.037
-0.047,0.871
-0.14,0.109
-0.167,-1.516
-0.405,0.766
-0.527,-0.573
-0.626,-1.652
-0.646,-0.3
-1.089,-0.442
-1.074,-0.406
-1.209,-1.461
-1.305,0.25
-1.483,0.615
-1.635,-0.756
-1.592,-1.06
-1.595,-1.526
-1.714,0.481
-1.593,-1.447
-1.627,-1.242
-1.767,2.241
-1.78,2.276
-1.785,-0.585
-1.947,-0.068
-1.879,1.248
-1.974,1.681
-1.881,0.74
-1.953,0.456
-2.064,-0.408
-2.226,1.943
-2.344,-1.232
-2.655,-1.232
-2.726,1.082
-2.754,2.221
-2.817,1.466
-2.814,1.202
-2.849,2.195
-2.761,-1.569
-2.873,0.239
-2.874,-1.505
-2.877,-0.325
-2.904,-0.294
2.836,-1.82
2.709,-1.843
2.542,-1.844
2.464,-1.669
1.652,-1.751
1.477,-2.009
1.436,-1.689
0.373,-1.765
0.377,-1.983
-0.041,-1.752
-0.467,-1.799
-0.858,-1.976
-1.527,-1.722
-1.617,-1.698
-1.657,-1.919
-2.462,-1.864
2.775,2.748
2.675,2.574
1.962,2.534
1.972,2.586
1.799,2.565
-0.216,2.681
-1.239,2.467
-1.68,2.447
-1.752,2.538
-2.528,2.716
2.728,1.071
1.978,1.923
0.283,-1.439
-0.667,-0.171
-1.09,-0.243
-1.347,1.231
-1.476,0.309
-2.739,0.307
2.286,2.044
-1.244,0.372
-1.253,0.698
-1.55,0.281
-2.539,0.817
2.712,0.148
-0.054,0.198
-1.102,1.57
-1.433,0.057
-1.619,-1.876
-0.309,-1.584
-1.433,-1.614
-1.588,-1.274
-0.014,-1.352
-0.239,-1.332
-0.239,-1.214
-0.341,-2.372
-0.303,-2.337
-0.41,0.506
-0.387,-2.267
-0.484,-0.046
-0.483,-0.417
-0.422,0.931
-0.511,0.145
-0.484,-1.981
-0.614,-2.326
-0.547,0.257
-0.63,-2.301
-0.626,-1.852
-0.573,-1.666
-0.625,-1.354
-0.664,-0.423
-0.705,1.258
-0.847,1.097
-0.797,1.143
-0.838,-1.33
-0.868,-1.314
-0.967,0.108
-0.953,-0.069
-1.033,0.087
-0.964,-0.678
-1.055,0.43
-1.073,1.551
-1.013,1.306
-1.118,0.217
-1.234,-0.109
-1.199,-2.082
-1.307,-0.864
-1.248,-1.739
-1.271,1.546
-1.35,1.322
-1.391,0.454
-1.353,0.441
-1.36,-0.637
-1.419,0.959
-1.409,-1.074
-1.371,1.566
-1.45,0.887
-1.45,-0.726
-1.605,-1.453
-1.54,-1.326
-1.618,-2.402
-1.642,-0.717
-1.68,-0.114
-1.602,0.367
-1.728,0.941
-1.753,-0.269
-1.822,0.381
-1.83,-0.724
-1.854,-1.096
-1.833,-0.153
-1.846,-1.807
-1.954,1.623
-1.944,-0.817
-1.952,0.568
-1.974,0.213
-2.18,0.646
-2.168,-0.275
-2.282,-2.412
-2.43,-0.995
-2.873,1.196
-2.883,0.368
3.13,-2.669
2.766,-2.764
1.398,-2.626
0.96,-2.585
0.821,-2.372
0.379,-2.477
0.152,-2.536
-0.333,-2.782
-0.668,-2.727
-1.161,-2.633
-1.556,-2.492
-1.848,-2.655
-2.158,-2.542
-2.881,-2.435
3.021,1.558
2.565,1.861
1.8,1.843
1.648,1.456
0.252,1.662
0.153,1.847
-0.264,1.741
-0.68,1.82
-1.673,1.745
2.927,0.633
2.767,-1.133
1.637,-0.768
0.969,1.581
0.204,-1.394
-1.612,-0.739
-3.087,-0.071
-2.984,-0.677
-3.008,-1.052
-3.082,-0.83
2.973,0.041
2.944,-1.914
3.034,-0.496
3.054,-1.725
2.825,-2.27
2.902,-2.247
2.511,-1.024
2.61,-0.407
2.572,1.057
2.484,-0.837
2.481,-0.948
2.313,-0.346
2.38,1.184
2.398,0.074
2.173,0.317
2.066,1.368
2.003,-1.17
1.882,-2.385
1.924,1.186
1.92,-1.039
1.848,-1.797
1.761,-0.884
1.583,-0.231
1.435,0.054
1.427,-0.947
1.401,-0.961
1.4,1.036
1.268,0.162
1.343,-2.244
1.36,0.638
1.114,-2.113
1.192,-2.206
1.044,0.258
0.956,-2.369
0.962,-1.408
0.934,-2.15
0.997,1.275
0.954,1.303
0.813,0.388
0.53,-2.209
0.302,-0.819
0.259,1.607
0.2,0.111
0.051,-0.871
-0.058,1.427
-0.157,-0.763
-0.078,0.071
-0.171,-0.691
-0.198,-2.316
-0.436,-0.034
-0.558,-1.373
-0.657,-2.452
-0.677,-1.1
-1.12,-1.242
-1.105,-1.206
-1.24,-2.261
-1.336,-0.55
-1.514,-0.185
-1.666,-1.556
-1.623,-1.86
-1.626,-2.326
-1.745,-0.319
-1.624,-2.247
-1.658,-2.042
-1.798,1.441
-1.811,1.476
-1.816,-1.385
-1.978,-0.868
-1.91,0.448
-2.005,0.881
-1.912,-0.06
-1.984,-0.344
-2.095,-1.208
-2.257,1.143
-2.375,-2.032
-2.686,-2.032
-2.757,0.282
-2.785,1.421
-2.848,0.666
-2.845,0.402
-2.88,1.395
-2.792,-2.369
-2.904,-0.561
-2.905,-2.305
-2.908,-1.125
-2.935,-1.094
2.805,-2.62
2.678,-2.643
2.511,-2.644
2.433,-2.469
1.621,-2.551
1.446,-2.809
1.405,-2.489
0.342,-2.565
0.346,-2.783
-0.072,-2.552
-0.498,-2.599
-0.889,-2.776
-1.558,-2.522
-1.648,-2.498
-1.688,-2.719
-2.493,-2.664
2.744,1.948
2.644,1.774
1.931,1.734
1.941,1.786
1.768,1.765
-0.247,1.881
-1.27,1.667
-1.711,1.647
-1.783,1.738
-2.559,1.916
2.697,0.271
1.947,1.123
0.252,-2.239
-0.698,-0.971
-1.121,-1.043
-1.378,0.431
-1.507,-0.491
-2.77,-0.493
2.255,1.244
-1.275,-0.428
-1.284,-0.102
-1.581,-0.519
-2.57,0.017
2.681,-0.652
-0.085,-0.602
-1.133,0.77
-1.464,-0.743
-1.65,-2.676
-0.34,-2.384
-1.464,-2.414
-1.619,-2.074
-0.225,0.02
-0.225,0.138
-0.327,-1.02
-0.289,-0.985
-0.396,1.858
-0.373,-0.915
-0.47,1.306
-0.469,0.935
-0.408,2.283
-0.497,1.497
-0.47,-0.629
-0.6,-0.974
-0.533,1.609
-0.616,-0.949
-0.612,-0.5
-0.559,-0.314
-0.611,-0.002
-0.65,0.929
-0.691,2.61
-0.833,2.449
-0.783,2.495
-0.824,0.022
-0.854,0.038
-0.953,1.46
-0.939,1.283
-1.019,1.439
-0.95,0.674
-1.041,1.782
-1.059,2.903
-0.999,2.658
-1.104,1.569
-1.22,1.243
-1.185,-0.73
-1.293,0.488
-1.234,-0.387
-1.257,2.898
-1.336,2.674
-1.377,1.806
-1.339,1.793
-1.346,0.715
-1.405,2.311
-1.395,0.278
-1.357,2.918
-1.436,2.239
-1.436,0.626
-1.591,-0.101
-1.526,0.026
-1.604,-1.05
-1.628,0.635
-1.666,1.238
-1.588,1.719
-1.714,2.293
-1.739,1.083
-1.808,1.733
-1.816,0.628
-1.84,0.256
-1.819,1.199
-1.832,-0.455
-1.94,2.975
-1.93,0.535
-1.938,1.92
-1.96,1.565
-2.166,1.998
-2.154,1.077
-2.268,-1.06
-2.416,0.357
-2.859,2.548
-2.869,1.72
-3.139,-1.317
2.78,-1.412
1.412,-1.274
0.974,-1.233
0.835,-1.02
0.393,-1.125
0.166,-1.184
-0.319,-1.43
-0.654,-1.375
-1.147,-1.281
-1.542,-1.14
-1.834,-1.303
-2.144,-1.19
-2.867,-1.083
3.035,2.91
2.579,3.213
1.814,3.195
1.662,2.808
0.266,3.014
0.167,3.199
-0.25,3.093
-0.666,3.172
-1.659,3.097
2.941,1.985
2.781,0.219
1.651,0.584
0.983,2.933
0.218,-0.042
-1.598,0.613
-3.073,1.281
-2.97,0.675
-2.994,0.3
-3.068,0.522
2.987,1.393
2.958,-0.562
3.048,0.856
3.068,-0.373
2.839,-0.918
2.916,-0.895
2.525,0.328
2.624,0.945
2.586,2.409
2.498,0.515
2.495,0.404
2.327,1.006
2.394,2.536
2.412,1.426
2.187,1.669
2.08,2.72
2.017,0.182
1.896,-1.033
1.938,2.538
1.934,0.313
1.862,-0.445
1.775,0.468
1.597,1.121
1.449,1.406
1.441,0.405
1.415,0.391
1.414,2.388
1.282,1.514
1.357,-0.892
1.374,1.99
1.128,-0.761
1.206,-0.854
1.058,1.61
0.97,-1.017
0.976,-0.056
0.948,-0.798
1.011,2.627
0.968,2.655
0.827,1.74
0.544,-0.857
0.316,0.533
0.273,2.959
0.214,1.463
0.065,0.481
-0.044,2.779
-0.143,0.589
-0.064,1.423
-0.157,0.661
-0.184,-0.964
-0.422,1.318
-0.544,-0.021
-0.643,-1.1
-0.663,0.252
-1.106,0.11
-1.091,0.146
-1.226,-0.909
-1.322,0.802
-1.5,1.167
-1.652,-0.204
-1.609,-0.508
-1.612,-0.974
-1.731,1.033
-1.61,-0.895
-1.644,-0.69
-1.784,2.793
-1.797,2.828
-1.802,-0.033
-1.964,0.484
-1.896,1.8
-1.991,2.233
-1.898,1.292
-1.97,1.008
-2.081,0.144
-2.243,2.495
-2.361,-0.68
-2.672,-0.68
-2.743,1.634
-2.771,2.773
-2.834,2.018
-2.831,1.754
-2.866,2.747
-2.778,-1.017
-2.89,0.791
-2.891,-0.953
-2.894,0.227
-2.921,0.258
2.819,-1.268
2.692,-1.291
2.525,-1.292
2.447,-1.117
1.635,-1.199
1.46,-1.457
1.419,-1.137
0.356,-1.213
0.36,-1.431
-0.058,-1.2
-0.484,-1.247
-0.875,-1.424
-1.544,-1.17
-1.634,-1.146
-1.674,-1.367
-2.479,-1.312
2.758,3.3
2.658,3.126
1.945,3.086
1.955,3.138
1.782,3.117
-0.233,3.233
-1.256,3.019
-1.697,2.999
-1.769,3.09
-2.545,3.268
2.711,1.623
1.961,2.475
0.266,-0.887
-0.684,0.381
-1.107,0.309
-1.364,1.783
-1.493,0.861
-2.756,0.859
2.269,2.596
-1.261,0.924
-1.27,1.25
-1.567,0.833
-2.556,1.369
2.695,0.7
-0.071,0.75
-1.119,2.122
-1.45,0.609
-1.636,-1.324
-0.326,-1.032
-1.45,-1.062
-1.605,-0.722
0.0,0.118
-0.102,-1.04
-0.064,-1.005
-0.171,1.838
-0.148,-0.935
-0.245,1.286
-0.244,0.915
-0.183,2.263
-0.272,1.477
-0.245,-0.649
-0.375,-0.994
-0.308,1.589
-0.391,-0.969
-0.387,-0.52
-0.334,-0.334
-0.386,-0.022
-0.425,0.909
-0.466,2.59
-0.608,2.429
-0.558,2.475
-0.599,0.002
-0.629,0.018
-0.728,1.44
-0.714,1.263
-0.794,1.419
-0.725,0.654
-0.816,1.762
-0.834,2.883
-0.774,2.638
-0.879,1.549
-0.995,1.223
-0.96,-0.75
-1.068,0.468
-1.009,-0.407
-1.032,2.878
-1.111,2.654
-1.152,1.786
-1.114,1.773
-1.121,0.695
-1.18,2.291
-1.17,0.258
-1.132,2.898
-1.211,2.219
-1.211,0.606
-1.366,-0.121
-1.301,0.006
-1.379,-1.07
-1.403,0.615
-1.441,1.218
-1.363,1.699
-1.489,2.273
-1.514,1.063
-1.583,1.713
-1.591,0.608
-1.615,0.236
-1.594,1.179
-1.607,-0.475
-1.715,2.955
-1.705,0.515
-1.713,1.9
-1.735,1.545
-1.941,1.978
-1.929,1.057
-2.043,-1.08
-2.191,0.337
-2.634,2.528
-2.644,1.7
-2.914,-1.337
3.005,-1.432
1.637,-1.294
1.199,-1.253
1.06,-1.04
0.618,-1.145
0.391,-1.204
-0.094,-1.45
-0.429,-1.395
-0.922,-1.301
-1.317,-1.16
-1.609,-1.323
-1.919,-1.21
-2.642,-1.103
-3.023,2.89
2.804,3.193
2.039,3.175
1.887,2.788
0.491,2.994
0.392,3.179
-0.025,3.073
-0.441,3.152
-1.434,3.077
-3.117,1.965
3.006,0.199
1.876,0.564
1.208,2.913
0.443,-0.062
-1.373,0.593
-2.848,1.261
-2.745,0.655
-2.769,0.28
-2.843,0.502
-3.071,1.373
-3.1,-0.582
-3.01,0.836
-2.99,-0.393
3.064,-0.938
3.141,-0.915
2.75,0.308
2.849,0.925
2.811,2.389
2.723,0.495
2.72,0.384
2.552,0.986
2.619,2.516
2.637,1.406
2.412,1.649
2.305,2.7
2.242,0.162
2.121,-1.053
2.163,2.518
2.159,0.293
2.087,-0.465
2.0,0.448
1.822,1.101
1.674,1.386
1.666,0.385
1.64,0.371
1.639,2.368
1.507,1.494
1.582,-0.912
1.599,1.97
1.353,-0.781
1.431,-0.874
1.283,1.59
1.195,-1.037
1.201,-0.076
1.173,-0.818
1.236,2.607
1.193,2.635
1.052,1.72
0.769,-0.877
0.541,0.513
0.498,2.939
0.439,1.443
0.29,0.461
0.181,2.759
0.082,0.569
0.161,1.403
0.068,0.641
0.041,-0.984
-0.197,1.298
-0.319,-0.041
-0.418,-1.12
-0.438,0.232
-0.881,0.09
-0.866,0.126
-1.001,-0.929
-1.097,0.782
-1.275,1.147
-1.427,-0.224
-1.384,-0.528
-1.387,-0.994
-1.506,1.013
-1.385,-0.915
-1.419,-0.71
-1.559,2.773
-1.572,2.808
-1.577,-0.053
-1.739,0.464
-1.671,1.78
-1.766,2.213
-1.673,1.272
-1.745,0.988
-1.856,0.124
-2.018,2.475
-2.136,-0.7
-2.447,-0.7
-2.518,1.614
-2.546,2.753
-2.609,1.998
-2.606,1.734
-2.641,2.727
-2.553,-1.037
-2.665,0.771
-2.666,-0.973
-2.669,0.207
-2.696,0.238
3.044,-1.288
2.917,-1.311
2.75,-1.312
2.672,-1.137
1.86,-1.219
1.685,-1.477
1.644,-1.157
0.581,-1.233
0.585,-1.451
0.167,-1.22
-0.259,-1.267
-0.65,-1.444
-1.319,-1.19
-1.409,-1.166
-1.449,-1.387
-2.254,-1.332
2.983,3.28
2.883,3.106
2.17,3.066
2.18,3.118
2.007,3.097
-0.008,3.213
-1.031,2.999
-1.472,2.979
-1.544,3.07
-2.32,3.248
2.936,1.603
2.186,2.455
0.491,-0.907
-0.459,0.361
-0.882,0.289
-1.139,1.763
-1.268,0.841
-2.531,0.839
2.494,2.576
-1.036,0.904
-1.045,1.23
-1.342,0.813
-2.331,1.349
2.92,0.68
0.154,0.73
-0.894,2.102
-1.225,0.589
-1.411,-1.344
-0.101,-1.052
-1.225,-1.082
-1.38,-0.742
-0.102,-1.158
-0.064,-1.123
-0.171,1.72
-0.148,-1.053
-0.245,1.168
-0.244,0.797
-0.183,2.145
-0.272,1.359
-0.245,-0.767
-0.375,-1.112
-0.308,1.471
-0.391,-1.087
-0.387,-0.638
-0.334,-0.452
-0.386,-0.14
-0.425,0.791
-0.466,2.472
-0.608,2.311
-0.558,2.357
-0.599,-0.116
-0.629,-0.1
-0.728,1.322
-0.714,1.145
-0.794,1.301
-0.725,0.536
-0.816,1.644
-0.834,2.765
-0.774,2.52
-0.879,1.431
-0.995,1.105
-0.96,-0.868
-1.068,0.35
-1.009,-0.525
-1.032,2.76
-1.111,2.536
-1.152,1.668
-1.114,1.655
-1.121,0.577
-1.18,2.173
-1.17,0.14
-1.132,2.78
-1.211,2.101
-1.211,0.488
-1.366,-0.239
-1.301,-0.112
-1.379,-1.188
-1.403,0.497
-1.441,1.1
-1.363,1.581
-1.489,2.155
-1.514,0.945
-1.583,1.595
-1.591,0.49
-1.615,0.118
-1.594,1.061
-1.607,-0.593
-1.715,2.837
-1.705,0.397
-1.713,1.782
-1.735,1.427
-1.941,1.86
-1.929,0.939
-2.043,-1.198
-2.191,0.219
-2.634,2.41
-2.644,1.582
-2.914,-1.455
3.005,-1.55
1.637,-1.412
1.199,-1.371
1.06,-1.158
0.618,-1.263
0.391,-1.322
-0.094,-1.568
-0.429,-1.513
-0.922,-1.419
-1.317,-1.278
-1.609,-1.441
-1.919,-1.328
-2.642,-1.221
-3.023,2.772
2.804,3.075
2.039,3.057
1.887,2.67
0.491,2.876
0.392,3.061
-0.025,2.955
-0.441,3.034
-1.434,2.959
-3.117,1.847
3.006,0.081
1.876,0.446
1.208,2.795
0.443,-0.18
-1.373,0.475
-2.848,1.143
-2.745,0.537
-2.769,0.162
-2.843,0.384
-3.071,1.255
-3.1,-0.7
-3.01,0.718
-2.99,-0.511
3.064,-1.056
3.141,-1.033
2.75,0.19
2.849,0.807
2.811,2.271
2.723,0.377
2.72,0.266
2.552,0.868
2.619,2.398
2.637,1.288
2.412,1.531
2.305,2.582
2.242,0.044
2.121,-1.171
2.163,2.4
2.159,0.175
2.087,-0.583
2.0,0.33
1.822,0.983
1.674,1.268
1.666,0.267
1.64,0.253
1.639,2.25
1.507,1.376
1.582,-1.03
1.599,1.852
1.353,-0.899
1.431,-0.992
1.283,1.472
1.195,-1.155
1.201,-0.194
1.173,-0.936
1.236,2.489
1.193,2.517
1.052,1.602
0.769,-0.995
0.541,0.395
0.498,2.821
0.439,1.325
0.29,0.343
0.181,2.641
0.082,0.451
0.161,1.285
0.068,0.523
0.041,-1.102
-0.197,1.18
-0.319,-0.159
-0.418,-1.238
-0.438,0.114
-0.881,-0.028
-0.866,0.008
-1.001,-1.047
-1.097,0.664
-1.275,1.029
-1.427,-0.342
-1.384,-0.646
-1.387,-1.112
-1.506,0.895
-1.385,-1.033
-1.419,-0.828
-1.559,2.655
-1.572,2.69
-1.577,-0.171
-1.739,0.346
-1.671,1.662
-1.766,2.095
-1.673,1.154
-1.745,0.87
-1.856,0.006
-2.018,2.357
-2.136,-0.818
-2.447,-0.818
-2.518,1.496
-2.546,2.635
-2.609,1.88
-2.606,1.616
-2.641,2.609
-2.553,-1.155
-2.665,0.653
-2.666,-1.091
-2.669,0.089
-2.696,0.12
3.044,-1.406
2.917,-1.429
2.75,-1.43
2.672,-1.255
1.86,-1.337
1.685,-1.595
1.644,-1.275
0.581,-1.351
0.585,-1.569
0.167,-1.338
-0.259,-1.385
-0.65,-1.562
-1.319,-1.308
-1.409,-1.284
-1.449,-1.505
-2.254,-1.45
2.983,3.162
2.883,2.988
2.17,2.948
2.18,3.0
2.007,2.979
-0.008,3.095
-1.031,2.881
-1.472,2.861
-1.544,2.952
-2.32,3.13
2.936,1.485
2.186,2.337
0.491,-1.025
-0.459,0.243
-0.882,0.171
-1.139,1.645
-1.268,0.723
-2.531,0.721
2.494,2.458
-1.036,0.786
-1.045,1.112
-1.342,0.695
-2.331,1.231
2.92,0.562
0.154,0.612
-0.894,1.984
-1.225,0.471
-1.411,-1.462
-0.101,-1.17
-1.225,-1.2
-1.38,-0.86
0.038,0.035
-0.069,2.878
-0.046,0.105
-0.143,2.326
-0.142,1.955
-0.081,3.303
-0.17,2.517
-0.143,0.391
-0.273,0.046
-0.206,2.629
-0.289,0.071
-0.285,0.52
-0.232,0.706
-0.284,1.018
-0.323,1.949
-0.364,3.63
-0.506,3.469
-0.456,3.515
-0.497,1.042
-0.527,1.058
-0.626,2.48
-0.612,2.303
-0.692,2.459
-0.623,1.694
-0.714,2.802
-0.732,3.923
-0.672,3.678
-0.777,2.589
-0.893,2.263
-0.858,0.29
-0.966,1.508
-0.907,0.633
-0.93,3.918
-1.009,3.694
-1.05,2.826
-1.012,2.813
-1.019,1.735
-1.078,3.331
-1.068,1.298
-1.03,3.938
-1.109,3.259
-1.109,1.646
-1.264,0.919
-1.199,1.046
-1.277,-0.03
-1.301,1.655
-1.339,2.258
-1.261,2.739
-1.387,3.313
-1.412,2.103
-1.481,2.753
-1.489,1.648
-1.513,1.276
-1.492,2.219
-1.505,0.565
-1.613,3.995
-1.603,1.555
-1.611,2.94
-1.633,2.585
-1.839,3.018
-1.827,2.097
-1.941,-0.04
-2.089,1.377
-2.532,3.568
-2.542,2.74
-2.812,-0.297
3.107,-0.392
1.739,-0.254
1.301,-0.213
1.162,0.0
0.72,-0.105
0.493,-0.164
0.008,-0.41
-0.327,-0.355
-0.82,-0.261
-1.215,-0.12
-1.507,-0.283
-1.817,-0.17
-2.54,-0.063
-2.921,3.93
2.906,4.233
2.141,4.215
1.989,3.828
0.593,4.034
0.494,4.219
0.077,4.113
-0.339,4.192
-1.332,4.117
-3.015,3.005
3.108,1.239
1.978,1.604
1.31,3.953
0.545,0.978
-1.271,1.633
-2.746,2.301
-2.643,1.695
-2.667,1.32
-2.741,1.542
-2.969,2.413
-2.998,0.458
-2.908,1.876
-2.888,0.647
-3.117,0.102
-3.04,0.125
2.852,1.348
2.951,1.965
2.913,3.429
2.825,1.535
2.822,1.424
2.654,2.026
2.721,3.556
2.739,2.446
2.514,2.689
2.407,3.74
2.344,1.202
2.223,-0.013
2.265,3.558
2.261,1.333
2.189,0.575
2.102,1.488
1.924,2.141
1.776,2.426
1.768,1.425
1.742,1.411
1.741,3.408
1.609,2.534
1.684,0.128
1.701,3.01
1.455,0.259
1.533,0.166
1.385,2.63
1.297,0.003
1.303,0.964
1.275,0.222
1.338,3.647
1.295,3.675
1.154,2.76
0.871,0.163
0.643,1.553
0.6,3.979
0.541,2.483
0.392,1.501
0.283,3.799
0.184,1.609
0.263,2.443
0.17,1.681
0.143,0.056
-0.095,2.338
-0.217,0.999
-0.316,-0.08
-0.336,1.272
-0.779,1.13
-0.764,1.166
-0.899,0.111
-0.995,1.822
-1.173,2.187
-1.325,0.816
-1.282,0.512
-1.285,0.046
-1.404,2.053
-1.283,0.125
-1.317,0.33
-1.457,3.813
-1.47,3.848
-1.475,0.987
-1.637,1.504
-1.569,2.82
-1.664,3.253
-1.571,2.312
-1.643,2.028
-1.754,1.164
-1.916,3.515
-2.034,0.34
-2.345,0.34
-2.416,2.654
-2.444,3.793
-2.507,3.038
-2.504,2.774
-2.539,3.767
-2.451,0.003
-2.563,1.811
-2.564,0.067
-2.567,1.247
-2.594,1.278
-3.137,-0.248
3.019,-0.271
2.852,-0.272
2.774,-0.097
1.962,-0.179
1.787,-0.437
1.746,-0.117
0.683,-0.193
0.687,-0.411
0.269,-0.18
-0.157,-0.227
-0.548,-0.404
-1.217,-0.15
-1.307,-0.126
-1.347,-0.347
-2.152,-0.292
3.085,4.32
2.985,4.146
2.272,4.106
2.282,4.158
2.109,4.137
0.094,4.253
-0.929,4.039
-1.37,4.019
-1.442,4.11
-2.218,4.288
3.038,2.643
2.288,3.495
0.593,0.133
-0.357,1.401
-0.78,1.329
-1.037,2.803
-1.166,1.881
-2.429,1.879
2.596,3.616
-0.934,1.944
-0.943,2.27
-1.24,1.853
-2.229,2.389
3.022,1.72
0.256,1.77
-0.792,3.142
-1.123,1.629
-1.309,-0.304
0.001,-0.012
-1.123,-0.042
-1.278,0.298
-0.107,2.843
-0.084,0.07
-0.181,2.291
-0.18,1.92
-0.119,3.268
-0.208,2.482
-0.181,0.356
-0.311,0.011
-0.244,2.594
-0.327,0.036
-0.323,0.485
-0.27,0.671
-0.322,0.983
-0.361,1.914
-0.402,3.595
-0.544,3.434
-0.494,3.48
-0.535,1.007
-0.565,1.023
-0.664,2.445
-0.65,2.268
-0.73,2.424
-0.661,1.659
-0.752,2.767
-0.77,3.888
-0.71,3.643
-0.815,2.554
-0.931,2.228
-0.896,0.255
-1.004,1.473
-0.945,0.598
-0.968,3.883
-1.047,3.659
-1.088,2.791
-1.05,2.778
-1.057,1.7
-1.116,3.296
-1.106,1.263
-1.068,3.903
-1.147,3.224
-1.147,1.611
-1.302,0.884
-1.237,1.011
-1.315,-0.065
-1.339,1.62
-1.377,2.223
-1.299,2.704
-1.425,3.278
-1.45,2.068
-1.519,2.718
-1.527,1.613
-1.551,1.241
-1.53,2.184
-1.543,0.53
-1.651,3.96
-1.641,1.52
-1.649,2.905
-1.671,2.55
-1.877,2.983
-1.865,2.062
-1.979,-0.075
-2.127,1.342
-2.57,3.533
-2.58,2.705
-2.85,-0.332
3.069,-0.427
1.701,-0.289
1.263,-0.248
1.124,-0.035
0.682,-0.14
0.455,-0.199
-0.03,-0.445
-0.365,-0.39
-0.858,-0.296
-1.253,-0.155
-1.545,-0.318
-1.855,-0.205
-2.578,-0.098
-2.959,3.895
2.868,4.198
2.103,4.18
1.951,3.793
0.555,3.999
0.456,4.184
0.039,4.078
-0.377,4.157
-1.37,4.082
-3.053,2.97
3.07,1.204
1.94,1.569
1.272,3.918
0.507,0.943
-1.309,1.598
-2.784,2.266
-2.681,1.66
-2.705,1.285
-2.779,1.507
-3.007,2.378
-3.036,0.423
-2.946,1.841
-2.926,0.612
3.128,0.067
-3.078,0.09
2.814,1.313
2.913,1.93
2.875,3.394
2.787,1.5
2.784,1.389
2.616,1.991
2.683,3.521
2.701,2.411
2.476,2.654
2.369,3.705
2.306,1.167
2.185,-0.048
2.227,3.523
2.223,1.298
2.151,0.54
2.064,1.453
1.886,2.106
1.738,2.391
1.73,1.39
1.704,1.376
1.703,3.373
1.571,2.499
1.646,0.093
1.663,2.975
1.417,0.224
1.495,0.131
1.347,2.595
1.259,-0.032
1.265,0.929
1.237,0.187
1.3,3.612
1.257,3.64
1.116,2.725
0.833,0.128
0.605,1.518
0.562,3.944
0.503,2.448
0.354,1.466
0.245,3.764
0.146,1.574
0.225,2.408
0.132,1.646
0.105,0.021
-0.133,2.303
-0.255,0.964
-0.354,-0.115
-0.374,1.237
-0.817,1.095
-0.802,1.131
-0.937,0.076
-1.033,1.787
-1.211,2.152
-1.363,0.781
-1.32,0.477
-1.323,0.011
-1.442,2.018
-1.321,0.09
-1.355,0.295
-1.495,3.778
-1.508,3.813
-1.513,0.952
-1.675,1.469
-1.607,2.785
-1.702,3.218
-1.609,2.277
-1.681,1.993
-1.792,1.129
-1.954,3.48
-2.072,0.305
-2.383,0.305
-2.454,2.619
-2.482,3.758
-2.545,3.003
-2.542,2.739
-2.577,3.732
-2.489,-0.032
-2.601,1.776
-2.602,0.032
-2.605,1.212
-2.632,1.243
3.108,-0.283
2.981,-0.306
2.814,-0.307
2.736,-0.132
1.924,-0.214
1.749,-0.472
1.708,-0.152
0.645,-0.228
0.649,-0.446
0.231,-0.215
-0.195,-0.262
-0.586,-0.439
-1.255,-0.185
-1.345,-0.161
-1.385,-0.382
-2.19,-0.327
3.047,4.285
2.947,4.111
2.234,4.071
2.244,4.123
2.071,4.102
0.056,4.218
-0.967,4.004
-1.408,3.984
-1.48,4.075
-2.256,4.253
3.0,2.608
2.25,3.46
0.555,0.098
-0.395,1.366
-0.818,1.294
-1.075,2.768
-1.204,1.846
-2.467,1.844
2.558,3.581
-0.972,1.909
-0.981,2.235
-1.278,1.818
-2.267,2.354
2.984,1.685
0.218,1.735
-0.83,3.107
-1.161,1.594
-1.347,-0.339
-0.037,-0.047
-1.161,-0.077
-1.316,0.263
0.023,-2.773
-0.074,-0.552
-0.073,-0.923
-0.012,0.425
-0.101,-0.361
-0.074,-2.487
-0.204,-2.832
-0.137,-0.249
-0.22,-2.807
-0.216,-2.358
-0.163,-2.172
-0.215,-1.86
-0.254,-0.929
-0.295,0.752
-0.437,0.591
-0.387,0.637
-0.428,-1.836
-0.458,-1.82
-0.557,-0.398
-0.543,-0.575
-0.623,-0.419
-0.554,-1.184
-0.645,-0.076
-0.663,1.045
-0.603,0.8
-0.708,-0.289
-0.824,-0.615
-0.789,-2.588
-0.897,-1.37
-0.838,-2.245
-0.861,1.04
-0.94,0.816
-0.981,-0.052
-0.943,-0.065
-0.95,-1.143
-1.009,0.453
-0.999,-1.58
-0.961,1.06
-1.04,0.381
-1.04,-1.232
-1.195,-1.959
-1.13,-1.832
-1.208,-2.908
-1.232,-1.223
-1.27,-0.62
-1.192,-0.139
-1.318,0.435
-1.343,-0.775
-1.412,-0.125
-1.42,-1.23
-1.444,-1.602
-1.423,-0.659
-1.436,-2.313
-1.544,1.117
-1.534,-1.323
-1.542,0.062
-1.564,-0.293
-1.77,0.14
-1.758,-0.781
-1.872,-2.918
-2.02,-1.501
-2.463,0.69
-2.473,-0.138
-2.743,-3.175
-3.107,-3.27
1.808,-3.132
1.37,-3.091
1.231,-2.878
0.789,-2.983
0.562,-3.042
0.077,-3.288
-0.258,-3.233
-0.751,-3.139
-1.146,-2.998
-1.438,-3.161
-1.748,-3.048
-2.471,-2.941
-2.852,1.052
2.975,1.355
2.21,1.337
2.058,0.95
0.662,1.156
0.563,1.341
0.146,1.235
-0.27,1.314
-1.263,1.239
-2.946,0.127
-3.106,-1.639
2.047,-1.274
1.379,1.075
0.614,-1.9
-1.202,-1.245
-2.677,-0.577
-2.574,-1.183
-2.598,-1.558
-2.672,-1.336
-2.9,-0.465
-2.929,-2.42
-2.839,-1.002
-2.819,-2.231
-3.048,-2.776
-2.971,-2.753
2.921,-1.53
3.02,-0.913
2.982,0.551
2.894,-1.343
2.891,-1.454
2.723,-0.852
2.79,0.678
2.808,-0.432
2.583,-0.189
2.476,0.862
2.413,-1.676
2.292,-2.891
2.334,0.68
2.33,-1.545
2.258,-2.303
2.171,-1.39
1.993,-0.737
1.845,-0.452
1.837,-1.453
1.811,-1.467
1.81,0.53
1.678,-0.344
1.753,-2.75
1.77,0.132
1.524,-2.619
1.602,-2.712
1.454,-0.248
1.366,-2.875
1.372,-1.914
1.344,-2.656
1.407,0.769
1.364,0.797
1.223,-0.118
0.94,-2.715
0.712,-1.325
0.669,1.101
0.61,-0.395
0.461,-1.377
0.352,0.921
0.253,-1.269
0.332,-0.435
0.239,-1.197
0.212,-2.822
-0.026,-0.54
-0.148,-1.879
-0.247,-2.958
-0.267,-1.606
-0.71,-1.748
-0.695,-1.712
-0.83,-2.767
-0.926,-1.056
-1.104,-0.691
-1.256,-2.062
-1.213,-2.366
-1.216,-2.832
-1.335,-0.825
-1.214,-2.753
-1.248,-2.548
-1.388,0.935
-1.401,0.97
-1.406,-1.891
-1.568,-1.374
-1.5,-0.058
-1.595,0.375
-1.502,-0.566
-1.574,-0.85
-1.685,-1.714
-1.847,0.637
-1.965,-2.538
-2.276,-2.538
-2.347,-0.224
-2.375,0.915
-2.438,0.16
-2.435,-0.104
-2.47,0.889
-2.382,-2.875
-2.494,-1.067
-2.495,-2.811
-2.498,-1.631
-2.525,-1.6
-3.068,-3.126
3.088,-3.149
2.921,-3.15
2.843,-2.975
2.031,-3.057
1.856,-3.315
1.815,-2.995
0.752,-3.071
0.756,-3.289
0.338,-3.058
-0.088,-3.105
-0.479,-3.282
-1.148,-3.028
-1.238,-3.004
-1.278,-3.225
-2.083,-3.17
-3.129,1.442
3.054,1.268
2.341,1.228
2.351,1.28
2.178,1.259
0.163,1.375
-0.86,1.161
-1.301,1.141
-1.373,1.232
-2.149,1.41
3.107,-0.235
2.357,0.617
0.662,-2.745
-0.288,-1.477
-0.711,-1.549
-0.968,-0.075
-1.097,-0.997
-2.36,-0.999
2.665,0.738
-0.865,-0.934
-0.874,-0.608
-1.171,-1.025
-2.16,-0.489
3.091,-1.158
0.325,-1.108
-0.723,0.264
-1.054,-1.249
-1.24,-3.182
0.07,-2.89
-1.054,-2.92
-1.209,-2.58
-0.097,2.221
-0.096,1.85
-0.035,3.198
-0.124,2.412
-0.097,0.286
-0.227,-0.059
-0.16,2.524
-0.243,-0.034
-0.239,0.415
-0.186,0.601
-0.238,0.913
-0.277,1.844
-0.318,3.525
-0.46,3.364
-0.41,3.41
-0.451,0.937
-0.481,0.953
-0.58,2.375
-0.566,2.198
-0.646,2.354
-0.577,1.589
-0.668,2.697
-0.686,3.818
-0.626,3.573
-0.731,2.484
-0.847,2.158
-0.812,0.185
-0.92,1.403
-0.861,0.528
-0.884,3.813
-0.963,3.589
-1.004,2.721
-0.966,2.708
-0.973,1.63
-1.032,3.226
-1.022,1.193
-0.984,3.833
-1.063,3.154
-1.063,1.541
-1.218,0.814
-1.153,0.941
-1.231,-0.135
-1.255,1.55
-1.293,2.153
-1.215,2.634
-1.341,3.208
-1.366,1.998
-1.435,2.648
-1.443,1.543
-1.467,1.171
-1.446,2.114
-1.459,0.46
-1.567,3.89
-1.557,1.45
-1.565,2.835
-1.587,2.48
-1.793,2.913
-1.781,1.992
-1.895,-0.145
-2.043,1.272
-2.486,3.463
-2.496,2.635
-2.766,-0.402
-3.13,-0.497
1.785,-0.359
1.347,-0.318
1.208,-0.105
0.766,-0.21
0.539,-0.269
0.054,-0.515
-0.281,-0.46
-0.774,-0.366
-1.169,-0.225
-1.461,-0.388
-1.771,-0.275
-2.494,-0.168
-2.875,3.825
2.952,4.128
2.187,4.11
2.035,3.723
0.639,3.929
0.54,4.114
0.123,4.008
-0.293,4.087
-1.286,4.012
-2.969,2.9
-3.129,1.134
2.024,1.499
1.356,3.848
0.591,0.873
-1.225,1.528
-2.7,2.196
-2.597,1.59
-2.621,1.215
-2.695,1.437
-2.923,2.308
-2.952,0.353
-2.862,1.771
-2.842,0.542
-3.071,-0.003
-2.994,0.02
2.898,1.243
2.997,1.86
2.959,3.324
2.871,1.43
2.868,1.319
2.7,1.921
2.767,3.451
2.785,2.341
2.56,2.584
2.453,3.635
2.39,1.097
2.269,-0.118
2.311,3.453
2.307,1.228
2.235,0.47
2.148,1.383
1.97,2.036
1.822,2.321
1.814,1.32
1.788,1.306
1.787,3.303
1.655,2.429
1.73,0.023
1.747,2.905
1.501,0.154
1.579,0.061
1.431,2.525
1.343,-0.102
1.349,0.859
1.321,0.117
1.384,3.542
1.341,3.57
1.2,2.655
0.917,0.058
0.689,1.448
0.646,3.874
0.587,2.378
0.438,1.396
0.329,3.694
0.23,1.504
0.309,2.338
0.216,1.576
0.189,-0.049
-0.049,2.233
-0.171,0.894
-0.27,-0.185
-0.29,1.167
-0.733,1.025
-0.718,1.061
-0.853,0.006
-0.949,1.717
-1.127,2.082
-1.279,0.711
-1.236,0.407
-1.239,-0.059
-1.358,1.948
-1.237,0.02
-1.271,0.225
-1.411,3.708
-1.424,3.743
-1.429,0.882
-1.591,1.399
-1.523,2.715
-1.618,3.148
-1.525,2.207
-1.597,1.923
-1.708,1.059
-1.87,3.41
-1.988,0.235
-2.299,0.235
-2.37,2.549
-2.398,3.688
-2.461,2.933
-2.458,2.669
-2.493,3.662
-2.405,-0.102
-2.517,1.706
-2.518,-0.038
-2.521,1.142
-2.548,1.173
-3.091,-0.353
3.065,-0.376
2.898,-0.377
2.82,-0.202
2.008,-0.284
1.833,-0.542
1.792,-0.222
0.729,-0.298
0.733,-0.516
0.315,-0.285
-0.111,-0.332
-0.502,-0.509
-1.171,-0.255
-1.261,-0.231
-1.301,-0.452
-2.106,-0.397
3.131,4.215
3.031,4.041
2.318,4.001
2.328,4.053
2.155,4.032
0.14,4.148
-0.883,3.934
-1.324,3.914
-1.396,4.005
-2.172,4.183
3.084,2.538
2.334,3.39
0.639,0.028
-0.311,1.296
-0.734,1.224
-0.991,2.698
-1.12,1.776
-2.383,1.774
2.642,3.511
-0.888,1.839
-0.897,2.165
-1.194,1.748
-2.183,2.284
3.068,1.615
0.302,1.665
-0.746,3.037
-1.077,1.524
-1.263,-0.409
0.047,-0.117
-1.077,-0.147
-1.232,0.193
0.001,-0.371
0.062,0.977
-0.027,0.191
0.0,-1.935
-0.13,-2.28
-0.063,0.303
-0.146,-2.255
-0.142,-1.806
-0.089,-1.62
-0.141,-1.308
-0.18,-0.377
-0.221,1.304
-0.363,1.143
-0.313,1.189
-0.354,-1.284
-0.384,-1.268
-0.483,0.154
-0.469,-0.023
-0.549,0.133
-0.48,-0.632
-0.571,0.476
-0.589,1.597
-0.529,1.352
-0.634,0.263
-0.75,-0.063
-0.715,-2.036
-0.823,-0.818
-0.764,-1.693
-0.787,1.592
-0.866,1.368
-0.907,0.5
-0.869,0.487
-0.876,-0.591
-0.935,1.005
-0.925,-1.028
-0.887,1.612
-0.966,0.933
-0.966,-0.68
-1.121,-1.407
-1.056,-1.28
-1.134,-2.356
-1.158,-0.671
-1.196,-0.068
-1.118,0.413
-1.244,0.987
-1.269,-0.223
-1.338,0.427
-1.346,-0.678
-1.37,-1.05
-1.349,-0.107
-1.362,-1.761
-1.47,1.669
-1.46,-0.771
-1.468,0.614
-1.49,0.259
-1.696,0.692
-1.684,-0.229
-1.798,-2.366
-1.946,-0.949
-2.389,1.242
-2.399,0.414
-2.669,-2.623
-3.033,-2.718
1.882,-2.58
1.444,-2.539
1.305,-2.326
0.863,-2.431
0.636,-2.49
0.151,-2.736
-0.184,-2.681
-0.677,-2.587
-1.072,-2.446
-1.364,-2.609
-1.674,-2.496
-2.397,-2.389
-2.778,1.604
3.049,1.907
2.284,1.889
2.132,1.502
0.736,1.708
0.637,1.893
0.22,1.787
-0.196,1.866
-1.189,1.791
-2.872,0.679
-3.032,-1.087
2.121,-0.722
1.453,1.627
0.688,-1.348
-1.128,-0.693
-2.603,-0.025
-2.5,-0.631
-2.524,-1.006
-2.598,-0.784
-2.826,0.087
-2.855,-1.868
-2.765,-0.45
-2.745,-1.679
-2.974,-2.224
-2.897,-2.201
2.995,-0.978
3.094,-0.361
3.056,1.103
2.968,-0.791
2.965,-0.902
2.797,-0.3
2.864,1.23
2.882,0.12
2.657,0.363
2.55,1.414
2.487,-1.124
2.366,-2.339
2.408,1.232
2.404,-0.993
2.332,-1.751
2.245,-0.838
2.067,-0.185
1.919,0.1
1.911,-0.901
1.885,-0.915
1.884,1.082
1.752,0.208
1.827,-2.198
1.844,0.684
1.598,-2.067
1.676,-2.16
1.528,0.304
1.44,-2.323
1.446,-1.362
1.418,-2.104
1.481,1.321
1.438,1.349
1.297,0.434
1.014,-2.163
0.786,-0.773
0.743,1.653
0.684,0.157
0.535,-0.825
0.426,1.473
0.327,-0.717
0.406,0.117
0.313,-0.645
0.286,-2.27
0.048,0.012
-0.074,-1.327
-0.173,-2.406
-0.193,-1.054
-0.636,-1.196
-0.621,-1.16
-0.756,-2.215
-0.852,-0.504
-1.03,-0.139
-1.182,-1.51
-1.139,-1.814
-1.142,-2.28
-1.261,-0.273
-1.14,-2.201
-1.174,-1.996
-1.314,1.487
-1.327,1.522
-1.332,-1.339
-1.494,-0.822
-1.426,0.494
-1.521,0.927
-1.428,-0.014
-1.5,-0.298
-1.611,-1.162
-1.773,1.189
-1.891,-1.986
-2.202,-1.986
-2.273,0.328
-2.301,1.467
-2.364,0.712
-2.361,0.448
-2.396,1.441
-2.308,-2.323
-2.42,-0.515
-2.421,-2.259
-2.424,-1.079
-2.451,-1.048
-2.994,-2.574
-3.121,-2.597
2.995,-2.598
2.917,-2.423
2.105,-2.505
1.93,-2.763
1.889,-2.443
0.826,-2.519
0.83,-2.737
0.412,-2.506
-0.014,-2.553
-0.405,-2.73
-1.074,-2.476
-1.164,-2.452
-1.204,-2.673
-2.009,-2.618
-3.055,1.994
3.128,1.82
2.415,1.78
2.425,1.832
2.252,1.811
0.237,1.927
-0.786,1.713
-1.227,1.693
-1.299,1.784
-2.075,1.962
-3.102,0.317
2.431,1.169
0.736,-2.193
-0.214,-0.925
-0.637,-0.997
-0.894,0.477
-1.023,-0.445
-2.286,-0.447
2.739,1.29
-0.791,-0.382
-0.8,-0.056
-1.097,-0.473
-2.086,0.063
-3.118,-0.606
0.399,-0.556
-0.649,0.816
-0.98,-0.697
-1.166,-2.63
0.144,-2.338
-0.98,-2.368
-1.135,-2.028
0.061,1.348
-0.028,0.562
-0.001,-1.564
-0.131,-1.909
-0.064,0.674
-0.147,-1.884
-0.143,-1.435
-0.09,-1.249
-0.142,-0.937
-0.181,-0.006
-0.222,1.675
-0.364,1.514
-0.314,1.56
-0.355,-0.913
-0.385,-0.897
-0.484,0.525
-0.47,0.348
-0.55,0.504
-0.481,-0.261
-0.572,0.847
-0.59,1.968
-0.53,1.723
-0.635,0.634
-0.751,0.308
-0.716,-1.665
-0.824,-0.447
-0.765,-1.322
-0.788,1.963
-0.867,1.739
-0.908,0.871
-0.87,0.858
-0.877,-0.22
-0.936,1.376
-0.926,-0.657
-0.888,1.983
-0.967,1.304
-0.967,-0.309
-1.122,-1.036
-1.057,-0.909
-1.135,-1.985
-1.159,-0.3
-1.197,0.303
-1.119,0.784
-1.245,1.358
-1.27,0.148
-1.339,0.798
-1.347,-0.307
-1.371,-0.679
-1.35,0.264
-1.363,-1.39
-1.471,2.04
-1.461,-0.4
-1.469,0.985
-1.491,0.63
-1.697,1.063
-1.685,0.142
-1.799,-1.995
-1.947,-0.578
-2.39,1.613
-2.4,0.785
-2.67,-2.252
-3.034,-2.347
1.881,-2.209
1.443,-2.168
1.304,-1.955
0.862,-2.06
0.635,-2.119
0.15,-2.365
-0.185,-2.31
-0.678,-2.216
-1.073,-2.075
-1.365,-2.238
-1.675,-2.125
-2.398,-2.018
-2.779,1.975
3.048,2.278
2.283,2.26
2.131,1.873
0.735,2.079
0.636,2.264
0.219,2.158
-0.197,2.237
-1.19,2.162
-2.873,1.05
-3.033,-0.716
2.12,-0.351
1.452,1.998
0.687,-0.977
-1.129,-0.322
-2.604,0.346
-2.501,-0.26
-2.525,-0.635
-2.599,-0.413
-2.827,0.458
-2.856,-1.497
-2.766,-0.079
-2.746,-1.308
-2.975,-1.853
-2.898,-1.83
2.994,-0.607
3.093,0.01
3.055,1.474
2.967,-0.42
2.964,-0.531
2.796,0.071
2.863,1.601
2.881,0.491
2.656,0.734
2.549,1.785
2.486,-0.753
2.365,-1.968
2.407,1.603
2.403,-0.622
2.331,-1.38
2.244,-0.467
2.066,0.186
1.918,0.471
1.91,-0.53
1.884,-0.544
1.883,1.453
1.751,0.579
1.826,-1.827
1.843,1.055
1.597,-1.696
1.675,-1.789
1.527,0.675
1.439,-1.952
1.445,-0.991
1.417,-1.733
1.48,1.692
1.437,1.72
1.296,0.805
1.013,-1.792
0.785,-0.402
0.742,2.024
0.683,0.528
0.534,-0.454
0.425,1.844
0.326,-0.346
0.405,0.488
0.312,-0.274
0.285,-1.899
0.047,0.383
-0.075,-0.956
-0.174,-2.035
-0.194,-0.683
-0.637,-0.825
-0.622,-0.789
-0.757,-1.844
-0.853,-0.133
-1.031,0.232
-1.183,-1.139
-1.14,-1.443
-1.143,-1.909
-1.262,0.098
-1.141,-1.83
-1.175,-1.625
-1.315,1.858
-1.328,1.893
-1.333,-0.968
-1.495,-0.451
-1.427,0.865
-1.522,1.298
-1.429,0.357
-1.501,0.073
-1.612,-0.791
-1.774,1.56
-1.892,-1.615
-2.203,-1.615
-2.274,0.699
-2.302,1.838
-2.365,1.083
-2.362,0.819
-2.397,1.812
-2.309,-1.952
-2.421,-0.144
-2.422,-1.888
-2.425,-0.708
-2.452,-0.677
-2.995,-2.203
-3.122,-2.226
2.994,-2.227
2.916,-2.052
2.104,-2.134
1.929,-2.392
1.888,-2.072
0.825,-2.148
0.829,-2.366
0.411,-2.135
-0.015,-2.182
-0.406,-2.359
-1.075,-2.105
-1.165,-2.081
-1.205,-2.302
-2.01,-2.247
-3.056,2.365
3.127,2.191
2.414,2.151
2.424,2.203
2.251,2.182
0.236,2.298
-0.787,2.084
-1.228,2.064
-1.3,2.155
-2.076,2.333
-3.103,0.688
2.43,1.54
0.735,-1.822
-0.215,-0.554
-0.638,-0.626
-0.895,0.848
-1.024,-0.074
-2.287,-0.076
2.738,1.661
-0.792,-0.011
-0.801,0.315
-1.098,-0.102
-2.087,0.434
-3.119,-0.235
0.398,-0.185
-0.65,1.187
-0.981,-0.326
-1.167,-2.259
0.143,-1.967
-0.981,-1.997
-1.136,-1.657
-0.089,-0.786
-0.062,-2.912
-0.192,-3.257
-0.125,-0.674
-0.208,-3.232
-0.204,-2.783
-0.151,-2.597
-0.203,-2.285
-0.242,-1.354
-0.283,0.327
-0.425,0.166
-0.375,0.212
-0.416,-2.261
-0.446,-2.245
-0.545,-0.823
-0.531,-1.0
-0.611,-0.844
-0.542,-1.609
-0.633,-0.501
-0.651,0.62
-0.591,0.375
-0.696,-0.714
-0.812,-1.04
-0.777,-3.013
-0.885,-1.795
-0.826,-2.67
-0.849,0.615
-0.928,0.391
-0.969,-0.477
-0.931,-0.49
-0.938,-1.568
-0.997,0.028
-0.987,-2.005
-0.949,0.635
-1.028,-0.044
-1.028,-1.657
-1.183,-2.384
-1.118,-2.257
-1.196,-3.333
-1.22,-1.648
-1.258,-1.045
-1.18,-0.564
-1.306,0.01
-1.331,-1.2
-1.4,-0.55
-1.408,-1.655
-1.432,-2.027
-1.411,-1.084
-1.424,-2.738
-1.532,0.692
-1.522,-1.748
-1.53,-0.363
-1.552,-0.718
-1.758,-0.285
-1.746,-1.206
-1.86,-3.343
-2.008,-1.926
-2.451,0.265
-2.461,-0.563
-2.731,-3.6
-3.095,-3.695
1.82,-3.557
1.382,-3.516
1.243,-3.303
0.801,-3.408
0.574,-3.467
0.089,-3.713
-0.246,-3.658
-0.739,-3.564
-1.134,-3.423
-1.426,-3.586
-1.736,-3.473
-2.459,-3.366
-2.84,0.627
2.987,0.93
2.222,0.912
2.07,0.525
0.674,0.731
0.575,0.916
0.158,0.81
-0.258,0.889
-1.251,0.814
-2.934,-0.298
-3.094,-2.064
2.059,-1.699
1.391,0.65
0.626,-2.325
-1.19,-1.67
-2.665,-1.002
-2.562,-1.608
-2.586,-1.983
-2.66,-1.761
-2.888,-0.89
-2.917,-2.845
-2.827,-1.427
-2.807,-2.656
-3.036,-3.201
-2.959,-3.178
2.933,-1.955
3.032,-1.338
2.994,0.126
2.906,-1.768
2.903,-1.879
2.735,-1.277
2.802,0.253
2.82,-0.857
2.595,-0.614
2.488,0.437
2.425,-2.101
2.304,-3.316
2.346,0.255
2.342,-1.97
2.27,-2.728
2.183,-1.815
2.005,-1.162
1.857,-0.877
1.849,-1.878
1.823,-1.892
1.822,0.105
1.69,-0.769
1.765,-3.175
1.782,-0.293
1.536,-3.044
1.614,-3.137
1.466,-0.673
1.378,-3.3
1.384,-2.339
1.356,-3.081
1.419,0.344
1.376,0.372
1.235,-0.543
0.952,-3.14
0.724,-1.75
0.681,0.676
0.622,-0.82
0.473,-1.802
0.364,0.496
0.265,-1.694
0.344,-0.86
0.251,-1.622
0.224,-3.247
-0.014,-0.965
-0.136,-2.304
-0.235,-3.383
-0.255,-2.031
-0.698,-2.173
-0.683,-2.137
-0.818,-3.192
-0.914,-1.481
-1.092,-1.116
-1.244,-2.487
-1.201,-2.791
-1.204,-3.257
-1.323,-1.25
-1.202,-3.178
-1.236,-2.973
-1.376,0.51
-1.389,0.545
-1.394,-2.316
-1.556,-1.799
-1.488,-0.483
-1.583,-0.05
-1.49,-0.991
-1.562,-1.275
-1.673,-2.139
-1.835,0.212
-1.953,-2.963
-2.264,-2.963
-2.335,-0.649
-2.363,0.49
-2.426,-0.265
-2.423,-0.529
-2.458,0.464
-2.37,-3.3
-2.482,-1.492
-2.483,-3.236
-2.486,-2.056
-2.513,-2.025
-3.056,-3.551
3.1,-3.574
2.933,-3.575
2.855,-3.4
2.043,-3.482
1.868,-3.74
1.827,-3.42
0.764,-3.496
0.768,-3.714
0.35,-3.483
-0.076,-3.53
-0.467,-3.707
-1.136,-3.453
-1.226,-3.429
-1.266,-3.65
-2.071,-3.595
-3.117,1.017
3.066,0.843
2.353,0.803
2.363,0.855
2.19,0.834
0.175,0.95
-0.848,0.736
-1.289,0.716
-1.361,0.807
-2.137,0.985
3.119,-0.66
2.369,0.192
0.674,-3.17
-0.276,-1.902
-0.699,-1.974
-0.956,-0.5
-1.085,-1.422
-2.348,-1.424
2.677,0.313
-0.853,-1.359
-0.862,-1.033
-1.159,-1.45
-2.148,-0.914
3.103,-1.583
0.337,-1.533
-0.711,-0.161
-1.042,-1.674
-1.228,-3.607
0.082,-3.315
-1.042,-3.345
-1.197,-3.005
0.027,-2.126
-0.103,-2.471
-0.036,0.112
-0.119,-2.446
-0.115,-1.997
-0.062,-1.811
-0.114,-1.499
-0.153,-0.568
-0.194,1.113
-0.336,0.952
-0.286,0.998
-0.327,-1.475
-0.357,-1.459
-0.456,-0.037
-0.442,-0.214
-0.522,-0.058
-0.453,-0.823
-0.544,0.285
-0.562,1.406
-0.502,1.161
-0.607,0.072
-0.723,-0.254
-0.688,-2.227
-0.796,-1.009
-0.737,-1.884
-0.76,1.401
-0.839,1.177
-0.88,0.309
-0.842,0.296
-0.849,-0.782
-0.908,0.814
-0.898,-1.219
-0.86,1.421
-0.939,0.742
-0.939,-0.871
-1.094,-1.598
-1.029,-1.471
-1.107,-2.547
-1.131,-0.862
-1.169,-0.259
-1.091,0.222
-1.217,0.796
-1.242,-0.414
-1.311,0.236
-1.319,-0.869
-1.343,-1.241
-1.322,-0.298
-1.335,-1.952
-1.443,1.478
-1.433,-0.962
-1.441,0.423
-1.463,0.068
-1.669,0.501
-1.657,-0.42
-1.771,-2.557
-1.919,-1.14
-2.362,1.051
-2.372,0.223
-2.642,-2.814
-3.006,-2.909
1.909,-2.771
1.471,-2.73
1.332,-2.517
0.89,-2.622
0.663,-2.681
0.178,-2.927
-0.157,-2.872
-0.65,-2.778
-1.045,-2.637
-1.337,-2.8
-1.647,-2.687
-2.37,-2.58
-2.751,1.413
3.076,1.716
2.311,1.698
2.159,1.311
0.763,1.517
0.664,1.702
0.247,1.596
-0.169,1.675
-1.162,1.6
-2.845,0.488
-3.005,-1.278
2.148,-0.913
1.48,1.436
0.715,-1.539
-1.101,-0.884
-2.576,-0.216
-2.473,-0.822
-2.497,-1.197
-2.571,-0.975
-2.799,-0.104
-2.828,-2.059
-2.738,-0.641
-2.718,-1.87
-2.947,-2.415
-2.87,-2.392
3.022,-1.169
3.121,-0.552
3.083,0.912
2.995,-0.982
2.992,-1.093
2.824,-0.491
2.891,1.039
2.909,-0.071
2.684,0.172
2.577,1.223
2.514,-1.315
2.393,-2.53
2.435,1.041
2.431,-1.184
2.359,-1.942
2.272,-1.029
2.094,-0.376
1.946,-0.091
1.938,-1.092
1.912,-1.106
1.911,0.891
1.779,0.017
1.854,-2.389
1.871,0.493
1.625,-2.258
1.703,-2.351
1.555,0.113
1.467,-2.514
1.473,-1.553
1.445,-2.295
1.508,1.13
1.465,1.158
1.324,0.243
1.041,-2.354
0.813,-0.964
0.77,1.462
0.711,-0.034
0.562,-1.016
0.453,1.282
0.354,-0.908
0.433,-0.074
0.34,-0.836
0.313,-2.461
0.075,-0.179
-0.047,-1.518
-0.146,-2.597
-0.166,-1.245
-0.609,-1.387
-0.594,-1.351
-0.729,-2.406
-0.825,-0.695
-1.003,-0.33
-1.155,-1.701
-1.112,-2.005
-1.115,-2.471
-1.234,-0.464
-1.113,-2.392
-1.147,-2.187
-1.287,1.296
-1.3,1.331
-1.305,-1.53
-1.467,-1.013
-1.399,0.303
-1.494,0.736
-1.401,-0.205
-1.473,-0.489
-1.584,-1.353
-1.746,0.998
-1.864,-2.177
-2.175,-2.177
-2.246,0.137
-2.274,1.276
-2.337,0.521
-2.334,0.257
-2.369,1.25
-2.281,-2.514
-2.393,-0.706
-2.394,-2.45
-2.397,-1.27
-2.424,-1.239
-2.967,-2.765
-3.094,-2.788
3.022,-2.789
2.944,-2.614
2.132,-2.696
1.957,-2.954
1.916,-2.634
0.853,-2.71
0.857,-2.928
0.439,-2.697
0.013,-2.744
-0.378,-2.921
-1.047,-2.667
-1.137,-2.643
-1.177,-2.864
-1.982,-2.809
-3.028,1.803
-3.128,1.629
2.442,1.589
2.452,1.641
2.279,1.62
0.264,1.736
-0.759,1.522
-1.2,1.502
-1.272,1.593
-2.048,1.771
-3.075,0.126
2.458,0.978
0.763,-2.384
-0.187,-1.116
-0.61,-1.188
-0.867,0.286
-0.996,-0.636
-2.259,-0.638
2.766,1.099
-0.764,-0.573
-0.773,-0.247
-1.07,-0.664
-2.059,-0.128
-3.091,-0.797
0.426,-0.747
-0.622,0.625
-0.953,-0.888
-1.139,-2.821
0.171,-2.529
-0.953,-2.559
-1.108,-2.219
-0.13,-0.345
-0.063,2.238
-0.146,-0.32
-0.142,0.129
-0.089,0.315
-0.141,0.627
-0.18,1.558
-0.221,3.239
-0.363,3.078
-0.313,3.124
-0.354,0.651
-0.384,0.667
-0.483,2.089
-0.469,1.912
-0.549,2.068
-0.48,1.303
-0.571,2.411
-0.589,3.532
-0.529,3.287
-0.634,2.198
-0.75,1.872
-0.715,-0.101
-0.823,1.117
-0.764,0.242
-0.787,3.527
-0.866,3.303
-0.907,2.435
-0.869,2.422
-0.876,1.344
-0.935,2.94
-0.925,0.907
-0.887,3.547
-0.966,2.868
-0.966,1.255
-1.121,0.528
-1.056,0.655
-1.134,-0.421
-1.158,1.264
-1.196,1.867
-1.118,2.348
-1.244,2.922
-1.269,1.712
-1.338,2.362
-1.346,1.257
-1.37,0.885
-1.349,1.828
-1.362,0.174
-1.47,3.604
-1.46,1.164
-1.468,2.549
-1.49,2.194
-1.696,2.627
-1.684,1.706
-1.798,-0.431
-1.946,0.986
-2.389,3.177
-2.399,2.349
-2.669,-0.688
-3.033,-0.783
1.882,-0.645
1.444,-0.604
1.305,-0.391
0.863,-0.496
0.636,-0.555
0.151,-0.801
-0.184,-0.746
-0.677,-0.652
-1.072,-0.511
-1.364,-0.674
-1.674,-0.561
-2.397,-0.454
-2.778,3.539
3.049,3.842
2.284,3.824
2.132,3.437
0.736,3.643
0.637,3.828
0.22,3.722
-0.196,3.801
-1.189,3.726
-2.872,2.614
-3.032,0.848
2.121,1.213
1.453,3.562
0.688,0.587
-1.128,1.242
-2.603,1.91
-2.5,1.304
-2.524,0.929
-2.598,1.151
-2.826,2.022
-2.855,0.067
-2.765,1.485
-2.745,0.256
-2.974,-0.289
-2.897,-0.266
2.995,0.957
3.094,1.574
3.056,3.038
2.968,1.144
2.965,1.033
2.797,1.635
2.864,3.165
2.882,2.055
2.657,2.298
2.55,3.349
2.487,0.811
2.366,-0.404
2.408,3.167
2.404,0.942
2.332,0.184
2.245,1.097
2.067,1.75
1.919,2.035
1.911,1.034
1.885,1.02
1.884,3.017
1.752,2.143
1.827,-0.263
1.844,2.619
1.598,-0.132
1.676,-0.225
1.528,2.239
1.44,-0.388
1.446,0.573
1.418,-0.169
1.481,3.256
1.438,3.284
1.297,2.369
1.014,-0.228
0.786,1.162
0.743,3.588
0.684,2.092
0.535,1.11
0.426,3.408
0.327,1.218
0.406,2.052
0.313,1.29
0.286,-0.335
0.048,1.947
-0.074,0.608
-0.173,-0.471
-0.193,0.881
-0.636,0.739
-0.621,0.775
-0.756,-0.28
-0.852,1.431
-1.03,1.796
-1.182,0.425
-1.139,0.121
-1.142,-0.345
-1.261,1.662
-1.14,-0.266
-1.174,-0.061
-1.314,3.422
-1.327,3.457
-1.332,0.596
-1.494,1.113
-1.426,2.429
-1.521,2.862
-1.428,1.921
-1.5,1.637
-1.611,0.773
-1.773,3.124
-1.891,-0.051
-2.202,-0.051
-2.273,2.263
-2.301,3.402
-2.364,2.647
-2.361,2.383
-2.396,3.376
-2.308,-0.388
-2.42,1.42
-2.421,-0.324
-2.424,0.856
-2.451,0.887
-2.994,-0.639
-3.121,-0.662
2.995,-0.663
2.917,-0.488
2.105,-0.57
1.93,-0.828
1.889,-0.508
0.826,-0.584
0.83,-0.802
0.412,-0.571
-0.014,-0.618
-0.405,-0.795
-1.074,-0.541
-1.164,-0.517
-1.204,-0.738
-2.009,-0.683
-3.055,3.929
3.128,3.755
2.415,3.715
2.425,3.767
2.252,3.746
0.237,3.862
-0.786,3.648
-1.227,3.628
-1.299,3.719
-2.075,3.897
-3.102,2.252
2.431,3.104
0.736,-0.258
-0.214,1.01
-0.637,0.938
-0.894,2.412
-1.023,1.49
-2.286,1.488
2.739,3.225
-0.791,1.553
-0.8,1.879
-1.097,1.462
-2.086,1.998
-3.118,1.329
0.399,1.379
-0.649,2.751
-0.98,1.238
-1.166,-0.695
0.144,-0.403
-0.98,-0.433
-1.135,-0.093
0.067,2.583
-0.016,0.025
-0.012,0.474
0.041,0.66
-0.011,0.972
-0.05,1.903
-0.091,3.584
-0.233,3.423
-0.183,3.469
-0.224,0.996
-0.254,1.012
-0.353,2.434
-0.339,2.257
-0.419,2.413
-0.35,1.648
-0.441,2.756
-0.459,3.877
-0.399,3.632
-0.504,2.543
-0.62,2.217
-0.585,0.244
-0.693,1.462
-0.634,0.587
-0.657,3.872
-0.736,3.648
-0.777,2.78
-0.739,2.767
-0.746,1.689
-0.805,3.285
-0.795,1.252
-0.757,3.892
-0.836,3.213
-0.836,1.6
-0.991,0.873
-0.926,1.0
-1.004,-0.076
-1.028,1.609
-1.066,2.212
-0.988,2.693
-1.114,3.267
-1.139,2.057
-1.208,2.707
-1.216,1.602
-1.24,1.23
-1.219,2.173
-1.232,0.519
-1.34,3.949
-1.33,1.509
-1.338,2.894
-1.36,2.539
-1.566,2.972
-1.554,2.051
-1.668,-0.086
-1.816,1.331
-2.259,3.522
-2.269,2.694
-2.539,-0.343
-2.903,-0.438
2.012,-0.3
1.574,-0.259
1.435,-0.046
0.993,-0.151
0.766,-0.21
0.281,-0.456
-0.054,-0.401
-0.547,-0.307
-0.942,-0.166
-1.234,-0.329
-1.544,-0.216
-2.267,-0.109
-2.648,3.884
-3.104,4.187
2.414,4.169
2.262,3.782
0.866,3.988
0.767,4.173
0.35,4.067
-0.066,4.146
-1.059,4.071
-2.742,2.959
-2.902,1.193
2.251,1.558
1.583,3.907
0.818,0.932
-0.998,1.587
-2.473,2.255
-2.37,1.649
-2.394,1.274
-2.468,1.496
-2.696,2.367
-2.725,0.412
-2.635,1.83
-2.615,0.601
-2.844,0.056
-2.767,0.079
3.125,1.302
-3.059,1.919
-3.097,3.383
3.098,1.489
3.095,1.378
2.927,1.98
2.994,3.51
3.012,2.4
2.787,2.643
2.68,3.694
2.617,1.156
2.496,-0.059
2.538,3.512
2.534,1.287
2.462,0.529
2.375,1.442
2.197,2.095
2.049,2.38
2.041,1.379
2.015,1.365
2.014,3.362
1.882,2.488
1.957,0.082
1.974,2.964
1.728,0.213
1.806,0.12
1.658,2.584
1.57,-0.043
1.576,0.918
1.548,0.176
1.611,3.601
1.568,3.629
1.427,2.714
1.144,0.117
0.916,1.507
0.873,3.933
0.814,2.437
0.665,1.455
0.556,3.753
0.457,1.563
0.536,2.397
0.443,1.635
0.416,0.01
0.178,2.292
0.056,0.953
-0.043,-0.126
-0.063,1.226
-0.506,1.084
-0.491,1.12
-0.626,0.065
-0.722,1.776
-0.9,2.141
-1.052,0.77
-1.009,0.466
-1.012,0.0
-1.131,2.007
-1.01,0.079
-1.044,0.284
-1.184,3.767
-1.197,3.802
-1.202,0.941
-1.364,1.458
-1.296,2.774
-1.391,3.207
-1.298,2.266
-1.37,1.982
-1.481,1.118
-1.643,3.469
-1.761,0.294
-2.072,0.294
-2.143,2.608
-2.171,3.747
-2.234,2.992
-2.231,2.728
-2.266,3.721
-2.178,-0.043
-2.29,1.765
-2.291,0.021
-2.294,1.201
-2.321,1.232
-2.864,-0.294
-2.991,-0.317
3.125,-0.318
3.047,-0.143
2.235,-0.225
2.06,-0.483
2.019,-0.163
0.956,-0.239
0.96,-0.457
0.542,-0.226
0.116,-0.273
-0.275,-0.45
-0.944,-0.196
-1.034,-0.172
-1.074,-0.393
-1.879,-0.338
-2.925,4.274
-3.025,4.1
2.545,4.06
2.555,4.112
2.382,4.091
0.367,4.207
-0.656,3.993
-1.097,3.973
-1.169,4.064
-1.945,4.242
-2.972,2.597
2.561,3.449
0.866,0.087
-0.084,1.355
-0.507,1.283
-0.764,2.757
-0.893,1.835
-2.156,1.833
2.869,3.57
-0.661,1.898
-0.67,2.224
-0.967,1.807
-1.956,2.343
-2.988,1.674
0.529,1.724
-0.519,3.096
-0.85,1.583
-1.036,-0.35
0.274,-0.058
-0.85,-0.088
-1.005,0.252
-0.083,-2.558
-0.079,-2.109
-0.026,-1.923
-0.078,-1.611
-0.117,-0.68
-0.158,1.001
-0.3,0.84
-0.25,0.886
-0.291,-1.587
-0.321,-1.571
-0.42,-0.149
-0.406,-0.326
-0.486,-0.17
-0.417,-0.935
-0.508,0.173
-0.526,1.294
-0.466,1.049
-0.571,-0.04
-0.687,-0.366
-0.652,-2.339
-0.76,-1.121
-0.701,-1.996
-0.724,1.289
-0.803,1.065
-0.844,0.197
-0.806,0.184
-0.813,-0.894
-0.872,0.702
-0.862,-1.331
-0.824,1.309
-0.903,0.63
-0.903,-0.983
-1.058,-1.71
-0.993,-1.583
-1.071,-2.659
-1.095,-0.974
-1.133,-0.371
-1.055,0.11
-1.181,0.684
-1.206,-0.526
-1.275,0.124
-1.283,-0.981
-1.307,-1.353
-1.286,-0.41
-1.299,-2.064
-1.407,1.366
-1.397,-1.074
-1.405,0.311
-1.427,-0.044
-1.633,0.389
-1.621,-0.532
-1.735,-2.669
-1.883,-1.252
-2.326,0.939
-2.336,0.111
-2.606,-2.926
-2.97,-3.021
1.945,-2.883
1.507,-2.842
1.368,-2.629
0.926,-2.734
0.699,-2.793
0.214,-3.039
-0.121,-2.984
-0.614,-2.89
-1.009,-2.749
-1.301,-2.912
-1.611,-2.799
-2.334,-2.692
-2.715,1.301
3.112,1.604
2.347,1.586
2.195,1.199
0.799,1.405
0.7,1.59
0.283,1.484
-0.133,1.563
-1.126,1.488
-2.809,0.376
-2.969,-1.39
2.184,-1.025
1.516,1.324
0.751,-1.651
-1.065,-0.996
-2.54,-0.328
-2.437,-0.934
-2.461,-1.309
-2.535,-1.087
-2.763,-0.216
-2.792,-2.171
-2.702,-0.753
-2.682,-1.982
-2.911,-2.527
-2.834,-2.504
3.058,-1.281
-3.126,-0.664
3.119,0.8
3.031,-1.094
3.028,-1.205
2.86,-0.603
2.927,0.927
2.945,-0.183
2.72,0.06
2.613,1.111
2.55,-1.427
2.429,-2.642
2.471,0.929
2.467,-1.296
2.395,-2.054
2.308,-1.141
2.13,-0.488
1.982,-0.203
1.974,-1.204
1.948,-1.218
1.947,0.779
1.815,-0.095
1.89,-2.501
1.907,0.381
1.661,-2.37
1.739,-2.463
1.591,0.001
1.503,-2.626
1.509,-1.665
1.481,-2.407
1.544,1.018
1.501,1.046
1.36,0.131
1.077,-2.466
0.849,-1.076
0.806,1.35
0.747,-0.146
0.598,-1.128
0.489,1.17
0.39,-1.02
0.469,-0.186
0.376,-0.948
0.349,-2.573
0.111,-0.291
-0.011,-1.63
-0.11,-2.709
-0.13,-1.357
-0.573,-1.499
-0.558,-1.463
-0.693,-2.518
-0.789,-0.807
-0.967,-0.442
-1.119,-1.813
-1.076,-2.117
-1.079,-2.583
-1.198,-0.576
-1.077,-2.504
-1.111,-2.299
-1.251,1.184
-1.264,1.219
-1.269,-1.642
-1.431,-1.125
-1.363,0.191
-1.458,0.624
-1.365,-0.317
-1.437,-0.601
-1.548,-1.465
-1.71,0.886
-1.828,-2.289
-2.139,-2.289
-2.21,0.025
-2.238,1.164
-2.301,0.409
-2.298,0.145
-2.333,1.138
-2.245,-2.626
-2.357,-0.818
-2.358,-2.562
-2.361,-1.382
-2.388,-1.351
-2.931,-2.877
-3.058,-2.9
3.058,-2.901
2.98,-2.726
2.168,-2.808
1.993,-3.066
1.952,-2.746
0.889,-2.822
0.893,-3.04
0.475,-2.809
0.049,-2.856
-0.342,-3.033
-1.011,-2.779
-1.101,-2.755
-1.141,-2.976
-1.946,-2.921
-2.992,1.691
-3.092,1.517
2.478,1.477
2.488,1.529
2.315,1.508
0.3,1.624
-0.723,1.41
-1.164,1.39
-1.236,1.481
-2.012,1.659
-3.039,0.014
2.494,0.866
0.799,-2.496
-0.151,-1.228
-0.574,-1.3
-0.831,0.174
-0.96,-0.748
-2.223,-0.75
2.802,0.987
-0.728,-0.685
-0.737,-0.359
-1.034,-0.776
-2.023,-0.24
-3.055,-0.909
0.462,-0.859
-0.586,0.513
-0.917,-1.0
-1.103,-2.933
0.207,-2.641
-0.917,-2.671
-1.072,-2.331
0.004,0.449
0.057,0.635
0.005,0.947
-0.034,1.878
-0.075,3.559
-0.217,3.398
-0.167,3.444
-0.208,0.971
-0.238,0.987
-0.337,2.409
-0.323,2.232
-0.403,2.388
-0.334,1.623
-0.425,2.731
-0.443,3.852
-0.383,3.607
-0.488,2.518
-0.604,2.192
-0.569,0.219
-0.677,1.437
-0.618,0.562
-0.641,3.847
-0.72,3.623
-0.761,2.755
-0.723,2.742
-0.73,1.664
-0.789,3.26
-0.779,1.227
-0.741,3.867
-0.82,3.188
-0.82,1.575
-0.975,0.848
-0.91,0.975
-0.988,-0.101
-1.012,1.584
-1.05,2.187
-0.972,2.668
-1.098,3.242
-1.123,2.032
-1.192,2.682
-1.2,1.577
-1.224,1.205
-1.203,2.148
-1.216,0.494
-1.324,3.924
-1.314,1.484
-1.322,2.869
-1.344,2.514
-1.55,2.947
-1.538,2.026
-1.652,-0.111
-1.8,1.306
-2.243,3.497
-2.253,2.669
-2.523,-0.368
-2.887,-0.463
2.028,-0.325
1.59,-0.284
1.451,-0.071
1.009,-0.176
0.782,-0.235
0.297,-0.481
-0.038,-0.426
-0.531,-0.332
-0.926,-0.191
-1.218,-0.354
-1.528,-0.241
-2.251,-0.134
-2.632,3.859
-3.088,4.162
2.43,4.144
2.278,3.757
0.882,3.963
0.783,4.148
0.366,4.042
-0.05,4.121
-1.043,4.046
-2.726,2.934
-2.886,1.168
2.267,1.533
1.599,3.882
0.834,0.907
-0.982,1.562
-2.457,2.23
-2.354,1.624
-2.378,1.249
-2.452,1.471
-2.68,2.342
-2.709,0.387
-2.619,1.805
-2.599,0.576
-2.828,0.031
-2.751,0.054
3.141,1.277
-3.043,1.894
-3.081,3.358
3.114,1.464
3.111,1.353
2.943,1.955
3.01,3.485
3.028,2.375
2.803,2.618
2.696,3.669
2.633,1.131
2.512,-0.084
2.554,3.487
2.55,1.262
2.478,0.504
2.391,1.417
2.213,2.07
2.065,2.355
2.057,1.354
2.031,1.34
2.03,3.337
1.898,2.463
1.973,0.057
1.99,2.939
1.744,0.188
1.822,0.095
1.674,2.559
1.586,-0.068
1.592,0.893
1.564,0.151
1.627,3.576
1.584,3.604
1.443,2.689
1.16,0.092
0.932,1.482
0.889,3.908
0.83,2.412
0.681,1.43
0.572,3.728
0.473,1.538
0.552,2.372
0.459,1.61
0.432,-0.015
0.194,2.267
0.072,0.928
-0.027,-0.151
-0.047,1.201
-0.49,1.059
-0.475,1.095
-0.61,0.04
-0.706,1.751
-0.884,2.116
-1.036,0.745
-0.993,0.441
-0.996,-0.025
-1.115,1.982
-0.994,0.054
-1.028,0.259
-1.168,3.742
-1.181,3.777
-1.186,0.916
-1.348,1.433
-1.28,2.749
-1.375,3.182
-1.282,2.241
-1.354,1.957
-1.465,1.093
-1.627,3.444
-1.745,0.269
-2.056,0.269
-2.127,2.583
-2.155,3.722
-2.218,2.967
-2.215,2.703
-2.25,3.696
-2.162,-0.068
-2.274,1.74
-2.275,-0.004
-2.278,1.176
-2.305,1.207
-2.848,-0.319
-2.975,-0.342
3.141,-0.343
3.063,-0.168
2.251,-0.25
2.076,-0.508
2.035,-0.188
0.972,-0.264
0.976,-0.482
0.558,-0.251
0.132,-0.298
-0.259,-0.475
-0.928,-0.221
-1.018,-0.197
-1.058,-0.418
-1.863,-0.363
-2.909,4.249
-3.009,4.075
2.561,4.035
2.571,4.087
2.398,4.066
0.383,4.182
-0.64,3.968
-1.081,3.948
-1.153,4.039
-1.929,4.217
-2.956,2.572
2.577,3.424
0.882,0.062
-0.068,1.33
-0.491,1.258
-0.748,2.732
-0.877,1.81
-2.14,1.808
2.885,3.545
-0.645,1.873
-0.654,2.199
-0.951,1.782
-1.94,2.318
-2.972,1.649
0.545,1.699
-0.503,3.071
-0.834,1.558
-1.02,-0.375
0.29,-0.083
-0.834,-0.113
-0.989,0.227
0.053,0.186
0.001,0.498
-0.038,1.429
-0.079,3.11
-0.221,2.949
-0.171,2.995
-0.212,0.522
-0.242,0.538
-0.341,1.96
-0.327,1.783
-0.407,1.939
-0.338,1.174
-0.429,2.282
-0.447,3.403
-0.387,3.158
-0.492,2.069
-0.608,1.743
-0.573,-0.23
-0.681,0.988
-0.622,0.113
-0.645,3.398
-0.724,3.174
-0.765,2.306
-0.727,2.293
-0.734,1.215
-0.793,2.811
-0.783,0.778
-0.745,3.418
-0.824,2.739
-0.824,1.126
-0.979,0.399
-0.914,0.526
-0.992,-0.55
-1.016,1.135
-1.054,1.738
-0.976,2.219
-1.102,2.793
-1.127,1.583
-1.196,2.233
-1.204,1.128
-1.228,0.756
-1.207,1.699
-1.22,0.045
-1.328,3.475
-1.318,1.035
-1.326,2.42
-1.348,2.065
-1.554,2.498
-1.542,1.577
-1.656,-0.56
-1.804,0.857
-2.247,3.048
-2.257,2.22
-2.527,-0.817
-2.891,-0.912
2.024,-0.774
1.586,-0.733
1.447,-0.52
1.005,-0.625
0.778,-0.684
0.293,-0.93
-0.042,-0.875
-0.535,-0.781
-0.93,-0.64
-1.222,-0.803
-1.532,-0.69
-2.255,-0.583
-2.636,3.41
-3.092,3.713
2.426,3.695
2.274,3.308
0.878,3.514
0.779,3.699
0.362,3.593
-0.054,3.672
-1.047,3.597
-2.73,2.485
-2.89,0.719
2.263,1.084
1.595,3.433
0.83,0.458
-0.986,1.113
-2.461,1.781
-2.358,1.175
-2.382,0.8
-2.456,1.022
-2.684,1.893
-2.713,-0.062
-2.623,1.356
-2.603,0.127
-2.832,-0.418
-2.755,-0.395
3.137,0.828
-3.047,1.445
-3.085,2.909
3.11,1.015
3.107,0.904
2.939,1.506
3.006,3.036
3.024,1.926
2.799,2.169
2.692,3.22
2.629,0.682
2.508,-0.533
2.55,3.038
2.546,0.813
2.474,0.055
2.387,0.968
2.209,1.621
2.061,1.906
2.053,0.905
2.027,0.891
2.026,2.888
1.894,2.014
1.969,-0.392
1.986,2.49
1.74,-0.261
1.818,-0.354
1.67,2.11
1.582,-0.517
1.588,0.444
1.56,-0.298
1.623,3.127
1.58,3.155
1.439,2.24
1.156,-0.357
0.928,1.033
0.885,3.459
0.826,1.963
0.677,0.981
0.568,3.279
0.469,1.089
0.548,1.923
0.455,1.161
0.428,-0.464
0.19,1.818
0.068,0.479
-0.031,-0.6
-0.051,0.752
-0.494,0.61
-0.479,0.646
-0.614,-0.409
-0.71,1.302
-0.888,1.667
-1.04,0.296
-0.997,-0.008
-1.0,-0.474
-1.119,1.533
-0.998,-0.395
-1.032,-0.19
-1.172,3.293
-1.185,3.328
-1.19,0.467
-1.352,0.984
-1.284,2.3
-1.379,2.733
-1.286,1.792
-1.358,1.508
-1.469,0.644
-1.631,2.995
-1.749,-0.18
-2.06,-0.18
-2.131,2.134
-2.159,3.273
-2.222,2.518
-2.219,2.254
-2.254,3.247
-2.166,-0.517
-2.278,1.291
-2.279,-0.453
-2.282,0.727
-2.309,0.758
-2.852,-0.768
-2.979,-0.791
3.137,-0.792
3.059,-0.617
2.247,-0.699
2.072,-0.957
2.031,-0.637
0.968,-0.713
0.972,-0.931
0.554,-0.7
0.128,-0.747
-0.263,-0.924
-0.932,-0.67
-1.022,-0.646
-1.062,-0.867
-1.867,-0.812
-2.913,3.8
-3.013,3.626
2.557,3.586
2.567,3.638
2.394,3.617
0.379,3.733
-0.644,3.519
-1.085,3.499
-1.157,3.59
-1.933,3.768
-2.96,2.123
2.573,2.975
0.878,-0.387
-0.072,0.881
-0.495,0.809
-0.752,2.283
-0.881,1.361
-2.144,1.359
2.881,3.096
-0.649,1.424
-0.658,1.75
-0.955,1.333
-1.944,1.869
-2.976,1.2
0.541,1.25
-0.507,2.622
-0.838,1.109
-1.024,-0.824
0.286,-0.532
-0.838,-0.562
-0.993,-0.222
-0.052,0.312
-0.091,1.243
-0.132,2.924
-0.274,2.763
-0.224,2.809
-0.265,0.336
-0.295,0.352
-0.394,1.774
-0.38,1.597
-0.46,1.753
-0.391,0.988
-0.482,2.096
-0.5,3.217
-0.44,2.972
-0.545,1.883
-0.661,1.557
-0.626,-0.416
-0.734,0.802
-0.675,-0.073
-0.698,3.212
-0.777,2.988
-0.818,2.12
-0.78,2.107
-0.787,1.029
-0.846,2.625
-0.836,0.592
-0.798,3.232
-0.877,2.553
-0.877,0.94
-1.032,0.213
-0.967,0.34
-1.045,-0.736
-1.069,0.949
-1.107,1.552
-1.029,2.033
-1.155,2.607
-1.18,1.397
-1.249,2.047
-1.257,0.942
-1.281,0.57
-1.26,1.513
-1.273,-0.141
-1.381,3.289
-1.371,0.849
-1.379,2.234
-1.401,1.879
-1.607,2.312
-1.595,1.391
-1.709,-0.746
-1.857,0.671
-2.3,2.862
-2.31,2.034
-2.58,-1.003
-2.944,-1.098
1.971,-0.96
1.533,-0.919
1.394,-0.706
0.952,-0.811
0.725,-0.87
0.24,-1.116
-0.095,-1.061
-0.588,-0.967
-0.983,-0.826
-1.275,-0.989
-1.585,-0.876
-2.308,-0.769
-2.689,3.224
3.138,3.527
2.373,3.509
2.221,3.122
0.825,3.328
0.726,3.513
0.309,3.407
-0.107,3.486
-1.1,3.411
-2.783,2.299
-2.943,0.533
2.21,0.898
1.542,3.247
0.777,0.272
-1.039,0.927
-2.514,1.595
-2.411,0.989
-2.435,0.614
-2.509,0.836
-2.737,1.707
-2.766,-0.248
-2.676,1.17
-2.656,-0.059
-2.885,-0.604
-2.808,-0.581
3.084,0.642
-3.1,1.259
-3.138,2.723
3.057,0.829
3.054,0.718
2.886,1.32
2.953,2.85
2.971,1.74
2.746,1.983
2.639,3.034
2.576,0.496
2.455,-0.719
2.497,2.852
2.493,0.627
2.421,-0.131
2.334,0.782
2.156,1.435
2.008,1.72
2.0,0.719
1.974,0.705
1.973,2.702
1.841,1.828
1.916,-0.578
1.933,2.304
1.687,-0.447
1.765,-0.54
1.617,1.924
1.529,-0.703
1.535,0.258
1.507,-0.484
1.57,2.941
1.527,2.969
1.386,2.054
1.103,-0.543
0.875,0.847
0.832,3.273
0.773,1.777
0.624,0.795
0.515,3.093
0.416,0.903
0.495,1.737
0.402,0.975
0.375,-0.65
0.137,1.632
0.015,0.293
-0.084,-0.786
-0.104,0.566
-0.547,0.424
-0.532,0.46
-0.667,-0.595
-0.763,1.116
-0.941,1.481
-1.093,0.11
-1.05,-0.194
-1.053,-0.66
-1.172,1.347
-1.051,-0.581
-1.085,-0.376
-1.225,3.107
-1.238,3.142
-1.243,0.281
-1.405,0.798
-1.337,2.114
-1.432,2.547
-1.339,1.606
-1.411,1.322
-1.522,0.458
-1.684,2.809
-1.802,-0.366
-2.113,-0.366
-2.184,1.948
-2.212,3.087
-2.275,2.332
-2.272,2.068
-2.307,3.061
-2.219,-0.703
-2.331,1.105
-2.332,-0.639
-2.335,0.541
-2.362,0.572
-2.905,-0.954
-3.032,-0.977
3.084,-0.978
3.006,-0.803
2.194,-0.885
2.019,-1.143
1.978,-0.823
0.915,-0.899
0.919,-1.117
0.501,-0.886
0.075,-0.933
-0.316,-1.11
-0.985,-0.856
-1.075,-0.832
-1.115,-1.053
-1.92,-0.998
-2.966,3.614
-3.066,3.44
2.504,3.4
2.514,3.452
2.341,3.431
0.326,3.547
-0.697,3.333
-1.138,3.313
-1.21,3.404
-1.986,3.582
-3.013,1.937
2.52,2.789
0.825,-0.573
-0.125,0.695
-0.548,0.623
-0.805,2.097
-0.934,1.175
-2.197,1.173
2.828,2.91
-0.702,1.238
-0.711,1.564
-1.008,1.147
-1.997,1.683
-3.029,1.014
0.488,1.064
-0.56,2.436
-0.891,0.923
-1.077,-1.01
0.233,-0.718
-0.891,-0.748
-1.046,-0.408
-0.039,0.931
-0.08,2.612
-0.222,2.451
-0.172,2.497
-0.213,0.024
-0.243,0.04
-0.342,1.462
-0.328,1.285
-0.408,1.441
-0.339,0.676
-0.43,1.784
-0.448,2.905
-0.388,2.66
-0.493,1.571
-0.609,1.245
-0.574,-0.728
-0.682,0.49
-0.623,-0.385
-0.646,2.9
-0.725,2.676
-0.766,1.808
-0.728,1.795
-0.735,0.717
-0.794,2.313
-0.784,0.28
-0.746,2.92
-0.825,2.241
-0.825,0.628
-0.98,-0.099
-0.915,0.028
-0.993,-1.048
-1.017,0.637
-1.055,1.24
-0.977,1.721
-1.103,2.295
-1.128,1.085
-1.197,1.735
-1.205,0.63
-1.229,0.258
-1.208,1.201
-1.221,-0.453
-1.329,2.977
-1.319,0.537
-1.327,1.922
-1.349,1.567
-1.555,2.0
-1.543,1.079
-1.657,-1.058
-1.805,0.359
-2.248,2.55
-2.258,1.722
-2.528,-1.315
-2.892,-1.41
2.023,-1.272
1.585,-1.231
1.446,-1.018
1.004,-1.123
0.777,-1.182
0.292,-1.428
-0.043,-1.373
-0.536,-1.279
-0.931,-1.138
-1.223,-1.301
-1.533,-1.188
-2.256,-1.081
-2.637,2.912
-3.093,3.215
2.425,3.197
2.273,2.81
0.877,3.016
0.778,3.201
0.361,3.095
-0.055,3.174
-1.048,3.099
-2.731,1.987
-2.891,0.221
2.262,0.586
1.594,2.935
0.829,-0.04
-0.987,0.615
-2.462,1.283
-2.359,0.677
-2.383,0.302
-2.457,0.524
-2.685,1.395
-2.714,-0.56
-2.624,0.858
-2.604,-0.371
-2.833,-0.916
-2.756,-0.893
3.136,0.33
-3.048,0.947
-3.086,2.411
3.109,0.517
3.106,0.406
2.938,1.008
3.005,2.538
3.023,1.428
2.798,1.671
2.691,2.722
2.628,0.184
2.507,-1.031
2.549,2.54
2.545,0.315
2.473,-0.443
2.386,0.47
2.208,1.123
2.06,1.408
2.052,0.407
2.026,0.393
2.025,2.39
1.893,1.516
1.968,-0.89
1.985,1.992
1.739,-0.759
1.817,-0.852
1.669,1.612
1.581,-1.015
1.587,-0.054
1.559,-0.796
1.622,2.629
1.579,2.657
1.438,1.742
1.155,-0.855
0.927,0.535
0.884,2.961
0.825,1.465
0.676,0.483
0.567,2.781
0.468,0.591
0.547,1.425
0.454,0.663
0.427,-0.962
0.189,1.32
0.067,-0.019
-0.032,-1.098
-0.052,0.254
-0.495,0.112
-0.48,0.148
-0.615,-0.907
-0.711,0.804
-0.889,1.169
-1.041,-0.202
-0.998,-0.506
-1.001,-0.972
-1.12,1.035
-0.999,-0.893
-1.033,-0.688
-1.173,2.795
-1.186,2.83
-1.191,-0.031
-1.353,0.486
-1.285,1.802
-1.38,2.235
-1.287,1.294
-1.359,1.01
-1.47,0.146
-1.632,2.497
-1.75,-0.678
-2.061,-0.678
-2.132,1.636
-2.16,2.775
-2.223,2.02
-2.22,1.756
-2.255,2.749
-2.167,-1.015
-2.279,0.793
-2.28,-0.951
-2.283,0.229
-2.31,0.26
-2.853,-1.266
-2.98,-1.289
3.136,-1.29
3.058,-1.115
2.246,-1.197
2.071,-1.455
2.03,-1.135
0.967,-1.211
0.971,-1.429
0.553,-1.198
0.127,-1.245
-0.264,-1.422
-0.933,-1.168
-1.023,-1.144
-1.063,-1.365
-1.868,-1.31
-2.914,3.302
-3.014,3.128
2.556,3.088
2.566,3.14
2.393,3.119
0.378,3.235
-0.645,3.021
-1.086,3.001
-1.158,3.092
-1.934,3.27
-2.961,1.625
2.572,2.477
0.877,-0.885
-0.073,0.383
-0.496,0.311
-0.753,1.785
-0.882,0.863
-2.145,0.861
2.88,2.598
-0.65,0.926
-0.659,1.252
-0.956,0.835
-1.945,1.371
-2.977,0.702
0.54,0.752
-0.508,2.124
-0.839,0.611
-1.025,-1.322
0.285,-1.03
-0.839,-1.06
-0.994,-0.72
-0.041,1.681
-0.183,1.52
-0.133,1.566
-0.174,-0.907
-0.204,-0.891
-0.303,0.531
-0.289,0.354
-0.369,0.51
-0.3,-0.255
-0.391,0.853
-0.409,1.974
-0.349,1.729
-0.454,0.64
-0.57,0.314
-0.535,-1.659
-0.643,-0.441
-0.584,-1.316
-0.607,1.969
-0.686,1.745
-0.727,0.877
-0.689,0.864
-0.696,-0.214
-0.755,1.382
-0.745,-0.651
-0.707,1.989
-0.786,1.31
-0.786,-0.303
-0.941,-1.03
-0.876,-0.903
-0.954,-1.979
-0.978,-0.294
-1.016,0.309
-0.938,0.79
-1.064,1.364
-1.089,0.154
-1.158,0.804
-1.166,-0.301
-1.19,-0.673
-1.169,0.27
-1.182,-1.384
-1.29,2.046
-1.28,-0.394
-1.288,0.991
-1.31,0.636
-1.516,1.069
-1.504,0.148
-1.618,-1.989
-1.766,-0.572
-2.209,1.619
-2.219,0.791
-2.489,-2.246
-2.853,-2.341
2.062,-2.203
1.624,-2.162
1.485,-1.949
1.043,-2.054
0.816,-2.113
0.331,-2.359
-0.004,-2.304
-0.497,-2.21
-0.892,-2.069
-1.184,-2.232
-1.494,-2.119
-2.217,-2.012
-2.598,1.981
-3.054,2.284
2.464,2.266
2.312,1.879
0.916,2.085
0.817,2.27
0.4,2.164
-0.016,2.243
-1.009,2.168
-2.692,1.056
-2.852,-0.71
2.301,-0.345
1.633,2.004
0.868,-0.971
-0.948,-0.316
-2.423,0.352
-2.32,-0.254
-2.344,-0.629
-2.418,-0.407
-2.646,0.464
-2.675,-1.491
-2.585,-0.073
-2.565,-1.302
-2.794,-1.847
-2.717,-1.824
-3.108,-0.601
-3.009,0.016
-3.047,1.48
-3.135,-0.414
-3.138,-0.525
2.977,0.077
3.044,1.607
3.062,0.497
2.837,0.74
2.73,1.791
2.667,-0.747
2.546,-1.962
2.588,1.609
2.584,-0.616
2.512,-1.374
2.425,-0.461
2.247,0.192
2.099,0.477
2.091,-0.524
2.065,-0.538
2.064,1.459
1.932,0.585
2.007,-1.821
2.024,1.061
1.778,-1.69
1.856,-1.783
1.708,0.681
1.62,-1.946
1.626,-0.985
1.598,-1.727
1.661,1.698
1.618,1.726
1.477,0.811
1.194,-1.786
0.966,-0.396
0.923,2.03
0.864,0.534
0.715,-0.448
0.606,1.85
0.507,-0.34
0.586,0.494
0.493,-0.268
0.466,-1.893
0.228,0.389
0.106,-0.95
0.007,-2.029
-0.013,-0.677
-0.456,-0.819
-0.441,-0.783
-0.576,-1.838
-0.672,-0.127
-0.85,0.238
-1.002,-1.133
-0.959,-1.437
-0.962,-1.903
-1.081,0.104
-0.96,-1.824
-0.994,-1.619
-1.134,1.864
-1.147,1.899
-1.152,-0.962
-1.314,-0.445
-1.246,0.871
-1.341,1.304
-1.248,0.363
-1.32,0.079
-1.431,-0.785
-1.593,1.566
-1.711,-1.609
-2.022,-1.609
-2.093,0.705
-2.121,1.844
-2.184,1.089
-2.181,0.825
-2.216,1.818
-2.128,-1.946
-2.24,-0.138
-2.241,-1.882
-2.244,-0.702
-2.271,-0.671
-2.814,-2.197
-2.941,-2.22
-3.108,-2.221
3.097,-2.046
2.285,-2.128
2.11,-2.386
2.069,-2.066
1.006,-2.142
1.01,-2.36
0.592,-2.129
0.166,-2.176
-0.225,-2.353
-0.894,-2.099
-0.984,-2.075
-1.024,-2.296
-1.829,-2.241
-2.875,2.371
-2.975,2.197
2.595,2.157
2.605,2.209
2.432,2.188
0.417,2.304
-0.606,2.09
-1.047,2.07
-1.119,2.161
-1.895,2.339
-2.922,0.694
2.611,1.546
0.916,-1.816
-0.034,-0.548
-0.457,-0.62
-0.714,0.854
-0.843,-0.068
-2.106,-0.07
2.919,1.667
-0.611,-0.005
-0.62,0.321
-0.917,-0.096
-1.906,0.44
-2.938,-0.229
0.579,-0.179
-0.469,1.193
-0.8,-0.32
-0.986,-2.253
0.324,-1.961
-0.8,-1.991
-0.955,-1.651
-0.142,-0.161
-0.092,-0.115
-0.133,-2.588
-0.163,-2.572
-0.262,-1.15
-0.248,-1.327
-0.328,-1.171
-0.259,-1.936
-0.35,-0.828
-0.368,0.293
-0.308,0.048
-0.413,-1.041
-0.529,-1.367
-0.494,-3.34
-0.602,-2.122
-0.543,-2.997
-0.566,0.288
-0.645,0.064
-0.686,-0.804
-0.648,-0.817
-0.655,-1.895
-0.714,-0.299
-0.704,-2.332
-0.666,0.308
-0.745,-0.371
-0.745,-1.984
-0.9,-2.711
-0.835,-2.584
-0.913,-3.66
-0.937,-1.975
-0.975,-1.372
-0.897,-0.891
-1.023,-0.317
-1.048,-1.527
-1.117,-0.877
-1.125,-1.982
-1.149,-2.354
-1.128,-1.411
-1.141,-3.065
-1.249,0.365
-1.239,-2.075
-1.247,-0.69
-1.269,-1.045
-1.475,-0.612
-1.463,-1.533
-1.577,-3.67
-1.725,-2.253
-2.168,-0.062
-2.178,-0.89
-2.448,-3.927
-2.812,-4.022
2.103,-3.884
1.665,-3.843
1.526,-3.63
1.084,-3.735
0.857,-3.794
0.372,-4.04
0.037,-3.985
-0.456,-3.891
-0.851,-3.75
-1.143,-3.913
-1.453,-3.8
-2.176,-3.693
-2.557,0.3
-3.013,0.603
2.505,0.585
2.353,0.198
0.957,0.404
0.858,0.589
0.441,0.483
0.025,0.562
-0.968,0.487
-2.651,-0.625
-2.811,-2.391
2.342,-2.026
1.674,0.323
0.909,-2.652
-0.907,-1.997
-2.382,-1.329
-2.279,-1.935
-2.303,-2.31
-2.377,-2.088
-2.605,-1.217
-2.634,-3.172
-2.544,-1.754
-2.524,-2.983
-2.753,-3.528
-2.676,-3.505
-3.067,-2.282
-2.968,-1.665
-3.006,-0.201
-3.094,-2.095
-3.097,-2.206
3.018,-1.604
3.085,-0.074
3.103,-1.184
2.878,-0.941
2.771,0.11
2.708,-2.428
2.587,-3.643
2.629,-0.072
2.625,-2.297
2.553,-3.055
2.466,-2.142
2.288,-1.489
2.14,-1.204
2.132,-2.205
2.106,-2.219
2.105,-0.222
1.973,-1.096
2.048,-3.502
2.065,-0.62
1.819,-3.371
1.897,-3.464
1.749,-1.0
1.661,-3.627
1.667,-2.666
1.639,-3.408
1.702,0.017
1.659,0.045
1.518,-0.87
1.235,-3.467
1.007,-2.077
0.964,0.349
0.905,-1.147
0.756,-2.129
0.647,0.169
0.548,-2.021
0.627,-1.187
0.534,-1.949
0.507,-3.574
0.269,-1.292
0.147,-2.631
0.048,-3.71
0.028,-2.358
-0.415,-2.5
-0.4,-2.464
-0.535,-3.519
-0.631,-1.808
-0.809,-1.443
-0.961,-2.814
-0.918,-3.118
-0.921,-3.584
-1.04,-1.577
-0.919,-3.505
-0.953,-3.3
-1.093,0.183
-1.106,0.218
-1.111,-2.643
-1.273,-2.126
-1.205,-0.81
-1.3,-0.377
-1.207,-1.318
-1.279,-1.602
-1.39,-2.466
-1.552,-0.115
-1.67,-3.29
-1.981,-3.29
-2.052,-0.976
-2.08,0.163
-2.143,-0.592
-2.14,-0.856
-2.175,0.137
-2.087,-3.627
-2.199,-1.819
-2.2,-3.563
-2.203,-2.383
-2.23,-2.352
-2.773,-3.878
-2.9,-3.901
-3.067,-3.902
3.138,-3.727
2.326,-3.809
2.151,-4.067
2.11,-3.747
1.047,-3.823
1.051,-4.041
0.633,-3.81
0.207,-3.857
-0.184,-4.034
-0.853,-3.78
-0.943,-3.756
-0.983,-3.977
-1.788,-3.922
-2.834,0.69
-2.934,0.516
2.636,0.476
2.646,0.528
2.473,0.507
0.458,0.623
-0.565,0.409
-1.006,0.389
-1.078,0.48
-1.854,0.658
-2.881,-0.987
2.652,-0.135
0.957,-3.497
0.007,-2.229
-0.416,-2.301
-0.673,-0.827
-0.802,-1.749
-2.065,-1.751
2.96,-0.014
-0.57,-1.686
-0.579,-1.36
-0.876,-1.777
-1.865,-1.241
-2.897,-1.91
0.62,-1.86
-0.428,-0.488
-0.759,-2.001
-0.945,-3.934
0.365,-3.642
-0.759,-3.672
-0.914,-3.332
0.05,0.046
0.009,-2.427
-0.021,-2.411
-0.12,-0.989
-0.106,-1.166
-0.186,-1.01
-0.117,-1.775
-0.208,-0.667
-0.226,0.454
-0.166,0.209
-0.271,-0.88
-0.387,-1.206
-0.352,-3.179
-0.46,-1.961
-0.401,-2.836
-0.424,0.449
-0.503,0.225
-0.544,-0.643
-0.506,-0.656
-0.513,-1.734
-0.572,-0.138
-0.562,-2.171
-0.524,0.469
-0.603,-0.21
-0.603,-1.823
-0.758,-2.55
-0.693,-2.423
-0.771,-3.499
-0.795,-1.814
-0.833,-1.211
-0.755,-0.73
-0.881,-0.156
-0.906,-1.366
-0.975,-0.716
-0.983,-1.821
-1.007,-2.193
-0.986,-1.25
-0.999,-2.904
-1.107,0.526
-1.097,-1.914
-1.105,-0.529
-1.127,-0.884
-1.333,-0.451
-1.321,-1.372
-1.435,-3.509
-1.583,-2.092
-2.026,0.099
-2.036,-0.729
-2.306,-3.766
-2.67,-3.861
2.245,-3.723
1.807,-3.682
1.668,-3.469
1.226,-3.574
0.999,-3.633
0.514,-3.879
0.179,-3.824
-0.314,-3.73
-0.709,-3.589
-1.001,-3.752
-1.311,-3.639
-2.034,-3.532
-2.415,0.461
-2.871,0.764
2.647,0.746
2.495,0.359
1.099,0.565
1.0,0.75
0.583,0.644
0.167,0.723
-0.826,0.648
-2.509,-0.464
-2.669,-2.23
2.484,-1.865
1.816,0.484
1.051,-2.491
-0.765,-1.836
-2.24,-1.168
-2.137,-1.774
-2.161,-2.149
-2.235,-1.927
-2.463,-1.056
-2.492,-3.011
-2.402,-1.593
-2.382,-2.822
-2.611,-3.367
-2.534,-3.344
-2.925,-2.121
-2.826,-1.504
-2.864,-0.04
-2.952,-1.934
-2.955,-2.045
-3.123,-1.443
-3.056,0.087
-3.038,-1.023
3.02,-0.78
2.913,0.271
2.85,-2.267
2.729,-3.482
2.771,0.089
2.767,-2.136
2.695,-2.894
2.608,-1.981
2.43,-1.328
2.282,-1.043
2.274,-2.044
2.248,-2.058
2.247,-0.061
2.115,-0.935
2.19,-3.341
2.207,-0.459
1.961,-3.21
2.039,-3.303
1.891,-0.839
1.803,-3.466
1.809,-2.505
1.781,-3.247
1.844,0.178
1.801,0.206
1.66,-0.709
1.377,-3.306
1.149,-1.916
1.106,0.51
1.047,-0.986
0.898,-1.968
0.789,0.33
0.69,-1.86
0.769,-1.026
0.676,-1.788
0.649,-3.413
0.411,-1.131
0.289,-2.47
0.19,-3.549
0.17,-2.197
-0.273,-2.339
-0.258,-2.303
-0.393,-3.358
-0.489,-1.647
-0.667,-1.282
-0.819,-2.653
-0.776,-2.957
-0.779,-3.423
-0.898,-1.416
-0.777,-3.344
-0.811,-3.139
-0.951,0.344
-0.964,0.379
-0.969,-2.482
-1.131,-1.965
-1.063,-0.649
-1.158,-0.216
-1.065,-1.157
-1.137,-1.441
-1.248,-2.305
-1.41,0.046
-1.528,-3.129
-1.839,-3.129
-1.91,-0.815
-1.938,0.324
-2.001,-0.431
-1.998,-0.695
-2.033,0.298
-1.945,-3.466
-2.057,-1.658
-2.058,-3.402
-2.061,-2.222
-2.088,-2.191
-2.631,-3.717
-2.758,-3.74
-2.925,-3.741
-3.003,-3.566
2.468,-3.648
2.293,-3.906
2.252,-3.586
1.189,-3.662
1.193,-3.88
0.775,-3.649
0.349,-3.696
-0.042,-3.873
-0.711,-3.619
-0.801,-3.595
-0.841,-3.816
-1.646,-3.761
-2.692,0.851
-2.792,0.677
2.778,0.637
2.788,0.689
2.615,0.668
0.6,0.784
-0.423,0.57
-0.864,0.55
-0.936,0.641
-1.712,0.819
-2.739,-0.826
2.794,0.026
1.099,-3.336
0.149,-2.068
-0.274,-2.14
-0.531,-0.666
-0.66,-1.588
-1.923,-1.59
3.102,0.147
-0.428,-1.525
-0.437,-1.199
-0.734,-1.616
-1.723,-1.08
-2.755,-1.749
0.762,-1.699
-0.286,-0.327
-0.617,-1.84
-0.803,-3.773
0.507,-3.481
-0.617,-3.511
-0.772,-3.171
-0.041,-2.473
-0.071,-2.457
-0.17,-1.035
-0.156,-1.212
-0.236,-1.056
-0.167,-1.821
-0.258,-0.713
-0.276,0.408
-0.216,0.163
-0.321,-0.926
-0.437,-1.252
-0.402,-3.225
-0.51,-2.007
-0.451,-2.882
-0.474,0.403
-0.553,0.179
-0.594,-0.689
-0.556,-0.702
-0.563,-1.78
-0.622,-0.184
-0.612,-2.217
-0.574,0.423
-0.653,-0.256
-0.653,-1.869
-0.808,-2.596
-0.743,-2.469
-0.821,-3.545
-0.845,-1.86
-0.883,-1.257
-0.805,-0.776
-0.931,-0.202
-0.956,-1.412
-1.025,-0.762
-1.033,-1.867
-1.057,-2.239
-1.036,-1.296
-1.049,-2.95
-1.157,0.48
-1.147,-1.96
-1.155,-0.575
-1.177,-0.93
-1.383,-0.497
-1.371,-1.418
-1.485,-3.555
-1.633,-2.138
-2.076,0.053
-2.086,-0.775
-2.356,-3.812
-2.72,-3.907
2.195,-3.769
1.757,-3.728
1.618,-3.515
1.176,-3.62
0.949,-3.679
0.464,-3.925
0.129,-3.87
-0.364,-3.776
-0.759,-3.635
-1.051,-3.798
-1.361,-3.685
-2.084,-3.578
-2.465,0.415
-2.921,0.718
2.597,0.7
2.445,0.313
1.049,0.519
0.95,0.704
0.533,0.598
0.117,0.677
-0.876,0.602
-2.559,-0.51
-2.719,-2.276
2.434,-1.911
1.766,0.438
1.001,-2.537
-0.815,-1.882
-2.29,-1.214
-2.187,-1.82
-2.211,-2.195
-2.285,-1.973
-2.513,-1.102
-2.542,-3.057
-2.452,-1.639
-2.432,-2.868
-2.661,-3.413
-2.584,-3.39
-2.975,-2.167
-2.876,-1.55
-2.914,-0.086
-3.002,-1.98
-3.005,-2.091
3.11,-1.489
-3.106,0.041
-3.088,-1.069
2.97,-0.826
2.863,0.225
2.8,-2.313
2.679,-3.528
2.721,0.043
2.717,-2.182
2.645,-2.94
2.558,-2.027
2.38,-1.374
2.232,-1.089
2.224,-2.09
2.198,-2.104
2.197,-0.107
2.065,-0.981
2.14,-3.387
2.157,-0.505
1.911,-3.256
1.989,-3.349
1.841,-0.885
1.753,-3.512
1.759,-2.551
1.731,-3.293
1.794,0.132
1.751,0.16
1.61,-0.755
1.327,-3.352
1.099,-1.962
1.056,0.464
0.997,-1.032
0.848,-2.014
0.739,0.284
0.64,-1.906
0.719,-1.072
0.626,-1.834
0.599,-3.459
0.361,-1.177
0.239,-2.516
0.14,-3.595
0.12,-2.243
-0.323,-2.385
-0.308,-2.349
-0.443,-3.404
-0.539,-1.693
-0.717,-1.328
-0.869,-2.699
-0.826,-3.003
-0.829,-3.469
-0.948,-1.462
-0.827,-3.39
-0.861,-3.185
-1.001,0.298
-1.014,0.333
-1.019,-2.528
-1.181,-2.011
-1.113,-0.695
-1.208,-0.262
-1.115,-1.203
-1.187,-1.487
-1.298,-2.351
-1.46,0.0
-1.578,-3.175
-1.889,-3.175
-1.96,-0.861
-1.988,0.278
-2.051,-0.477
-2.048,-0.741
-2.083,0.252
-1.995,-3.512
-2.107,-1.704
-2.108,-3.448
-2.111,-2.268
-2.138,-2.237
-2.681,-3.763
-2.808,-3.786
-2.975,-3.787
-3.053,-3.612
2.418,-3.694
2.243,-3.952
2.202,-3.632
1.139,-3.708
1.143,-3.926
0.725,-3.695
0.299,-3.742
-0.092,-3.919
-0.761,-3.665
-0.851,-3.641
-0.891,-3.862
-1.696,-3.807
-2.742,0.805
-2.842,0.631
2.728,0.591
2.738,0.643
2.565,0.622
0.55,0.738
-0.473,0.524
-0.914,0.504
-0.986,0.595
-1.762,0.773
-2.789,-0.872
2.744,-0.02
1.049,-3.382
0.099,-2.114
-0.324,-2.186
-0.581,-0.712
-0.71,-1.634
-1.973,-1.636
3.052,0.101
-0.478,-1.571
-0.487,-1.245
-0.784,-1.662
-1.773,-1.126
-2.805,-1.795
0.712,-1.745
-0.336,-0.373
-0.667,-1.886
-0.853,-3.819
0.457,-3.527
-0.667,-3.557
-0.822,-3.217
-0.03,0.016
-0.129,1.438
-0.115,1.261
-0.195,1.417
-0.126,0.652
-0.217,1.76
-0.235,2.881
-0.175,2.636
-0.28,1.547
-0.396,1.221
-0.361,-0.752
-0.469,0.466
-0.41,-0.409
-0.433,2.876
-0.512,2.652
-0.553,1.784
-0.515,1.771
-0.522,0.693
-0.581,2.289
-0.571,0.256
-0.533,2.896
-0.612,2.217
-0.612,0.604
-0.767,-0.123
-0.702,0.004
-0.78,-1.072
-0.804,0.613
-0.842,1.216
-0.764,1.697
-0.89,2.271
-0.915,1.061
-0.984,1.711
-0.992,0.606
-1.016,0.234
-0.995,1.177
-1.008,-0.477
-1.116,2.953
-1.106,0.513
-1.114,1.898
-1.136,1.543
-1.342,1.976
-1.33,1.055
-1.444,-1.082
-1.592,0.335
-2.035,2.526
-2.045,1.698
-2.315,-1.339
-2.679,-1.434
2.236,-1.296
1.798,-1.255
1.659,-1.042
1.217,-1.147
0.99,-1.206
0.505,-1.452
0.17,-1.397
-0.323,-1.303
-0.718,-1.162
-1.01,-1.325
-1.32,-1.212
-2.043,-1.105
-2.424,2.888
-2.88,3.191
2.638,3.173
2.486,2.786
1.09,2.992
0.991,3.177
0.574,3.071
0.158,3.15
-0.835,3.075
-2.518,1.963
-2.678,0.197
2.475,0.562
1.807,2.911
1.042,-0.064
-0.774,0.591
-2.249,1.259
-2.146,0.653
-2.17,0.278
-2.244,0.5
-2.472,1.371
-2.501,-0.584
-2.411,0.834
-2.391,-0.395
-2.62,-0.94
-2.543,-0.917
-2.934,0.306
-2.835,0.923
-2.873,2.387
-2.961,0.493
-2.964,0.382
-3.132,0.984
-3.065,2.514
-3.047,1.404
3.011,1.647
2.904,2.698
2.841,0.16
2.72,-1.055
2.762,2.516
2.758,0.291
2.686,-0.467
2.599,0.446
2.421,1.099
2.273,1.384
2.265,0.383
2.239,0.369
2.238,2.366
2.106,1.492
2.181,-0.914
2.198,1.968
1.952,-0.783
2.03,-0.876
1.882,1.588
1.794,-1.039
1.8,-0.078
1.772,-0.82
1.835,2.605
1.792,2.633
1.651,1.718
1.368,-0.879
1.14,0.511
1.097,2.937
1.038,1.441
0.889,0.459
0.78,2.757
0.681,0.567
0.76,1.401
0.667,0.639
0.64,-0.986
0.402,1.296
0.28,-0.043
0.181,-1.122
0.161,0.23
-0.282,0.088
-0.267,0.124
-0.402,-0.931
-0.498,0.78
-0.676,1.145
-0.828,-0.226
-0.785,-0.53
-0.788,-0.996
-0.907,1.011
-0.786,-0.917
-0.82,-0.712
-0.96,2.771
-0.973,2.806
-0.978,-0.055
-1.14,0.462
-1.072,1.778
-1.167,2.211
-1.074,1.27
-1.146,0.986
-1.257,0.122
-1.419,2.473
-1.537,-0.702
-1.848,-0.702
-1.919,1.612
-1.947,2.751
-2.01,1.996
-2.007,1.732
-2.042,2.725
-1.954,-1.039
-2.066,0.769
-2.067,-0.975
-2.07,0.205
-2.097,0.236
-2.64,-1.29
-2.767,-1.313
-2.934,-1.314
-3.012,-1.139
2.459,-1.221
2.284,-1.479
2.243,-1.159
1.18,-1.235
1.184,-1.453
0.766,-1.222
0.34,-1.269
-0.051,-1.446
-0.72,-1.192
-0.81,-1.168
-0.85,-1.389
-1.655,-1.334
-2.701,3.278
-2.801,3.104
2.769,3.064
2.779,3.116
2.606,3.095
0.591,3.211
-0.432,2.997
-0.873,2.977
-0.945,3.068
-1.721,3.246
-2.748,1.601
2.785,2.453
1.09,-0.909
0.14,0.359
-0.283,0.287
-0.54,1.761
-0.669,0.839
-1.932,0.837
3.093,2.574
-0.437,0.902
-0.446,1.228
-0.743,0.811
-1.732,1.347
-2.764,0.678
0.753,0.728
-0.295,2.1
-0.626,0.587
-0.812,-1.346
0.498,-1.054
-0.626,-1.084
-0.781,-0.744
-0.099,1.422
-0.085,1.245
-0.165,1.401
-0.096,0.636
-0.187,1.744
-0.205,2.865
-0.145,2.62
-0.25,1.531
-0.366,1.205
-0.331,-0.768
-0.439,0.45
-0.38,-0.425
-0.403,2.86
-0.482,2.636
-0.523,1.768
-0.485,1.755
-0.492,0.677
-0.551,2.273
-0.541,0.24
-0.503,2.88
-0.582,2.201
-0.582,0.588
-0.737,-0.139
-0.672,-0.012
-0.75,-1.088
-0.774,0.597
-0.812,1.2
-0.734,1.681
-0.86,2.255
-0.885,1.045
-0.954,1.695
-0.962,0.59
-0.986,0.218
-0.965,1.161
-0.978,-0.493
-1.086,2.937
-1.076,0.497
-1.084,1.882
-1.106,1.527
-1.312,1.96
-1.3,1.039
-1.414,-1.098
-1.562,0.319
-2.005,2.51
-2.015,1.682
-2.285,-1.355
-2.649,-1.45
2.266,-1.312
1.828,-1.271
1.689,-1.058
1.247,-1.163
1.02,-1.222
0.535,-1.468
0.2,-1.413
-0.293,-1.319
-0.688,-1.178
-0.98,-1.341
-1.29,-1.228
-2.013,-1.121
-2.394,2.872
-2.85,3.175
2.668,3.157
2.516,2.77
1.12,2.976
1.021,3.161
0.604,3.055
0.188,3.134
-0.805,3.059
-2.488,1.947
-2.648,0.181
2.505,0.546
1.837,2.895
1.072,-0.08
-0.744,0.575
-2.219,1.243
-2.116,0.637
-2.14,0.262
-2.214,0.484
-2.442,1.355
-2.471,-0.6
-2.381,0.818
-2.361,-0.411
-2.59,-0.956
-2.513,-0.933
-2.904,0.29
-2.805,0.907
-2.843,2.371
-2.931,0.477
-2.934,0.366
-3.102,0.968
-3.035,2.498
-3.017,1.388
3.041,1.631
2.934,2.682
2.871,0.144
2.75,-1.071
2.792,2.5
2.788,0.275
2.716,-0.483
2.629,0.43
2.451,1.083
2.303,1.368
2.295,0.367
2.269,0.353
2.268,2.35
2.136,1.476
2.211,-0.93
2.228,1.952
1.982,-0.799
2.06,-0.892
1.912,1.572
1.824,-1.055
1.83,-0.094
1.802,-0.836
1.865,2.589
1.822,2.617
1.681,1.702
1.398,-0.895
1.17,0.495
1.127,2.921
1.068,1.425
0.919,0.443
0.81,2.741
0.711,0.551
0.79,1.385
0.697,0.623
0.67,-1.002
0.432,1.28
0.31,-0.059
0.211,-1.138
0.191,0.214
-0.252,0.072
-0.237,0.108
-0.372,-0.947
-0.468,0.764
-0.646,1.129
-0.798,-0.242
-0.755,-0.546
-0.758,-1.012
-0.877,0.995
-0.756,-0.933
-0.79,-0.728
-0.93,2.755
-0.943,2.79
-0.948,-0.071
-1.11,0.446
-1.042,1.762
-1.137,2.195
-1.044,1.254
-1.116,0.97
-1.227,0.106
-1.389,2.457
-1.507,-0.718
-1.818,-0.718
-1.889,1.596
-1.917,2.735
-1.98,1.98
-1.977,1.716
-2.012,2.709
-1.924,-1.055
-2.036,0.753
-2.037,-0.991
-2.04,0.189
-2.067,0.22
-2.61,-1.306
-2.737,-1.329
-2.904,-1.33
-2.982,-1.155
2.489,-1.237
2.314,-1.495
2.273,-1.175
1.21,-1.251
1.214,-1.469
0.796,-1.238
0.37,-1.285
-0.021,-1.462
-0.69,-1.208
-0.78,-1.184
-0.82,-1.405
-1.625,-1.35
-2.671,3.262
-2.771,3.088
2.799,3.048
2.809,3.1
2.636,3.079
0.621,3.195
-0.402,2.981
-0.843,2.961
-0.915,3.052
-1.691,3.23
-2.718,1.585
2.815,2.437
1.12,-0.925
0.17,0.343
-0.253,0.271
-0.51,1.745
-0.639,0.823
-1.902,0.821
3.123,2.558
-0.407,0.886
-0.416,1.212
-0.713,0.795
-1.702,1.331
-2.734,0.662
0.783,0.712
-0.265,2.084
-0.596,0.571
-0.782,-1.362
0.528,-1.07
-0.596,-1.1
-0.751,-0.76
0.014,-0.177
-0.066,-0.021
0.003,-0.786
-0.088,0.322
-0.106,1.443
-0.046,1.198
-0.151,0.109
-0.267,-0.217
-0.232,-2.19
-0.34,-0.972
-0.281,-1.847
-0.304,1.438
-0.383,1.214
-0.424,0.346
-0.386,0.333
-0.393,-0.745
-0.452,0.851
-0.442,-1.182
-0.404,1.458
-0.483,0.779
-0.483,-0.834
-0.638,-1.561
-0.573,-1.434
-0.651,-2.51
-0.675,-0.825
-0.713,-0.222
-0.635,0.259
-0.761,0.833
-0.786,-0.377
-0.855,0.273
-0.863,-0.832
-0.887,-1.204
-0.866,-0.261
-0.879,-1.915
-0.987,1.515
-0.977,-0.925
-0.985,0.46
-1.007,0.105
-1.213,0.538
-1.201,-0.383
-1.315,-2.52
-1.463,-1.103
-1.906,1.088
-1.916,0.26
-2.186,-2.777
-2.55,-2.872
2.365,-2.734
1.927,-2.693
1.788,-2.48
1.346,-2.585
1.119,-2.644
0.634,-2.89
0.299,-2.835
-0.194,-2.741
-0.589,-2.6
-0.881,-2.763
-1.191,-2.65
-1.914,-2.543
-2.295,1.45
-2.751,1.753
2.767,1.735
2.615,1.348
1.219,1.554
1.12,1.739
0.703,1.633
0.287,1.712
-0.706,1.637
-2.389,0.525
-2.549,-1.241
2.604,-0.876
1.936,1.473
1.171,-1.502
-0.645,-0.847
-2.12,-0.179
-2.017,-0.785
-2.041,-1.16
-2.115,-0.938
-2.343,-0.067
-2.372,-2.022
-2.282,-0.604
-2.262,-1.833
-2.491,-2.378
-2.414,-2.355
-2.805,-1.132
-2.706,-0.515
-2.744,0.949
-2.832,-0.945
-2.835,-1.056
-3.003,-0.454
-2.936,1.076
-2.918,-0.034
3.14,0.209
3.033,1.26
2.97,-1.278
2.849,-2.493
2.891,1.078
2.887,-1.147
2.815,-1.905
2.728,-0.992
2.55,-0.339
2.402,-0.054
2.394,-1.055
2.368,-1.069
2.367,0.928
2.235,0.054
2.31,-2.352
2.327,0.53
2.081,-2.221
2.159,-2.314
2.011,0.15
1.923,-2.477
1.929,-1.516
1.901,-2.258
1.964,1.167
1.921,1.195
1.78,0.28
1.497,-2.317
1.269,-0.927
1.226,1.499
1.167,0.003
1.018,-0.979
0.909,1.319
0.81,-0.871
0.889,-0.037
0.796,-0.799
0.769,-2.424
0.531,-0.142
0.409,-1.481
0.31,-2.56
0.29,-1.208
-0.153,-1.35
-0.138,-1.314
-0.273,-2.369
-0.369,-0.658
-0.547,-0.293
-0.699,-1.664
-0.656,-1.968
-0.659,-2.434
-0.778,-0.427
-0.657,-2.355
-0.691,-2.15
-0.831,1.333
-0.844,1.368
-0.849,-1.493
-1.011,-0.976
-0.943,0.34
-1.038,0.773
-0.945,-0.168
-1.017,-0.452
-1.128,-1.316
-1.29,1.035
-1.408,-2.14
-1.719,-2.14
-1.79,0.174
-1.818,1.313
-1.881,0.558
-1.878,0.294
-1.913,1.287
-1.825,-2.477
-1.937,-0.669
-1.938,-2.413
-1.941,-1.233
-1.968,-1.202
-2.511,-2.728
-2.638,-2.751
-2.805,-2.752
-2.883,-2.577
2.588,-2.659
2.413,-2.917
2.372,-2.597
1.309,-2.673
1.313,-2.891
0.895,-2.66
0.469,-2.707
0.078,-2.884
-0.591,-2.63
-0.681,-2.606
-0.721,-2.827
-1.526,-2.772
-2.572,1.84
-2.672,1.666
2.898,1.626
2.908,1.678
2.735,1.657
0.72,1.773
-0.303,1.559
-0.744,1.539
-0.816,1.63
-1.592,1.808
-2.619,0.163
2.914,1.015
1.219,-2.347
0.269,-1.079
-0.154,-1.151
-0.411,0.323
-0.54,-0.599
-1.803,-0.601
-3.061,1.136
-0.308,-0.536
-0.317,-0.21
-0.614,-0.627
-1.603,-0.091
-2.635,-0.76
0.882,-0.71
-0.166,0.662
-0.497,-0.851
-0.683,-2.784
0.627,-2.492
-0.497,-2.522
-0.652,-2.182
-0.08,0.156
-0.011,-0.609
-0.102,0.499
-0.12,1.62
-0.06,1.375
-0.165,0.286
-0.281,-0.04
-0.246,-2.013
-0.354,-0.795
-0.295,-1.67
-0.318,1.615
-0.397,1.391
-0.438,0.523
-0.4,0.51
-0.407,-0.568
-0.466,1.028
-0.456,-1.005
-0.418,1.635
-0.497,0.956
-0.497,-0.657
-0.652,-1.384
-0.587,-1.257
-0.665,-2.333
-0.689,-0.648
-0.727,-0.045
-0.649,0.436
-0.775,1.01
-0.8,-0.2
-0.869,0.45
-0.877,-0.655
-0.901,-1.027
-0.88,-0.084
-0.893,-1.738
-1.001,1.692
-0.991,-0.748
-0.999,0.637
-1.021,0.282
-1.227,0.715
-1.215,-0.206
-1.329,-2.343
-1.477,-0.926
-1.92,1.265
-1.93,0.437
-2.2,-2.6
-2.564,-2.695
2.351,-2.557
1.913,-2.516
1.774,-2.303
1.332,-2.408
1.105,-2.467
0.62,-2.713
0.285,-2.658
-0.208,-2.564
-0.603,-2.423
-0.895,-2.586
-1.205,-2.473
-1.928,-2.366
-2.309,1.627
-2.765,1.93
2.753,1.912
2.601,1.525
1.205,1.731
1.106,1.916
0.689,1.81
0.273,1.889
-0.72,1.814
-2.403,0.702
-2.563,-1.064
2.59,-0.699
1.922,1.65
1.157,-1.325
-0.659,-0.67
-2.134,-0.002
-2.031,-0.608
-2.055,-0.983
-2.129,-0.761
-2.357,0.11
-2.386,-1.845
-2.296,-0.427
-2.276,-1.656
-2.505,-2.201
-2.428,-2.178
-2.819,-0.955
-2.72,-0.338
-2.758,1.126
-2.846,-0.768
-2.849,-0.879
-3.017,-0.277
-2.95,1.253
-2.932,0.143
3.126,0.386
3.019,1.437
2.956,-1.101
2.835,-2.316
2.877,1.255
2.873,-0.97
2.801,-1.728
2.714,-0.815
2.536,-0.162
2.388,0.123
2.38,-0.878
2.354,-0.892
2.353,1.105
2.221,0.231
2.296,-2.175
2.313,0.707
2.067,-2.044
2.145,-2.137
1.997,0.327
1.909,-2.3
1.915,-1.339
1.887,-2.081
1.95,1.344
1.907,1.372
1.766,0.457
1.483,-2.14
1.255,-0.75
1.212,1.676
1.153,0.18
1.004,-0.802
0.895,1.496
0.796,-0.694
0.875,0.14
0.782,-0.622
0.755,-2.247
0.517,0.035
0.395,-1.304
0.296,-2.383
0.276,-1.031
-0.167,-1.173
-0.152,-1.137
-0.287,-2.192
-0.383,-0.481
-0.561,-0.116
-0.713,-1.487
-0.67,-1.791
-0.673,-2.257
-0.792,-0.25
-0.671,-2.178
-0.705,-1.973
-0.845,1.51
-0.858,1.545
-0.863,-1.316
-1.025,-0.799
-0.957,0.517
-1.052,0.95
-0.959,0.009
-1.031,-0.275
-1.142,-1.139
-1.304,1.212
-1.422,-1.963
-1.733,-1.963
-1.804,0.351
-1.832,1.49
-1.895,0.735
-1.892,0.471
-1.927,1.464
-1.839,-2.3
-1.951,-0.492
-1.952,-2.236
-1.955,-1.056
-1.982,-1.025
-2.525,-2.551
-2.652,-2.574
-2.819,-2.575
-2.897,-2.4
2.574,-2.482
2.399,-2.74
2.358,-2.42
1.295,-2.496
1.299,-2.714
0.881,-2.483
0.455,-2.53
0.064,-2.707
-0.605,-2.453
-0.695,-2.429
-0.735,-2.65
-1.54,-2.595
-2.586,2.017
-2.686,1.843
2.884,1.803
2.894,1.855
2.721,1.834
0.706,1.95
-0.317,1.736
-0.758,1.716
-0.83,1.807
-1.606,1.985
-2.633,0.34
2.9,1.192
1.205,-2.17
0.255,-0.902
-0.168,-0.974
-0.425,0.5
-0.554,-0.422
-1.817,-0.424
-3.075,1.313
-0.322,-0.359
-0.331,-0.033
-0.628,-0.45
-1.617,0.086
-2.649,-0.583
0.868,-0.533
-0.18,0.839
-0.511,-0.674
-0.697,-2.607
0.613,-2.315
-0.511,-2.345
-0.666,-2.005
0.069,-0.765
-0.022,0.343
-0.04,1.464
0.02,1.219
-0.085,0.13
-0.201,-0.196
-0.166,-2.169
-0.274,-0.951
-0.215,-1.826
-0.238,1.459
-0.317,1.235
-0.358,0.367
-0.32,0.354
-0.327,-0.724
-0.386,0.872
-0.376,-1.161
-0.338,1.479
-0.417,0.8
-0.417,-0.813
-0.572,-1.54
-0.507,-1.413
-0.585,-2.489
-0.609,-0.804
-0.647,-0.201
-0.569,0.28
-0.695,0.854
-0.72,-0.356
-0.789,0.294
-0.797,-0.811
-0.821,-1.183
-0.8,-0.24
-0.813,-1.894
-0.921,1.536
-0.911,-0.904
-0.919,0.481
-0.941,0.126
-1.147,0.559
-1.135,-0.362
-1.249,-2.499
-1.397,-1.082
-1.84,1.109
-1.85,0.281
-2.12,-2.756
-2.484,-2.851
2.431,-2.713
1.993,-2.672
1.854,-2.459
1.412,-2.564
1.185,-2.623
0.7,-2.869
0.365,-2.814
-0.128,-2.72
-0.523,-2.579
-0.815,-2.742
-1.125,-2.629
-1.848,-2.522
-2.229,1.471
-2.685,1.774
2.833,1.756
2.681,1.369
1.285,1.575
1.186,1.76
0.769,1.654
0.353,1.733
-0.64,1.658
-2.323,0.546
-2.483,-1.22
2.67,-0.855
2.002,1.494
1.237,-1.481
-0.579,-0.826
-2.054,-0.158
-1.951,-0.764
-1.975,-1.139
-2.049,-0.917
-2.277,-0.046
-2.306,-2.001
-2.216,-0.583
-2.196,-1.812
-2.425,-2.357
-2.348,-2.334
-2.739,-1.111
-2.64,-0.494
-2.678,0.97
-2.766,-0.924
-2.769,-1.035
-2.937,-0.433
-2.87,1.097
-2.852,-0.013
-3.077,0.23
3.099,1.281
3.036,-1.257
2.915,-2.472
2.957,1.099
2.953,-1.126
2.881,-1.884
2.794,-0.971
2.616,-0.318
2.468,-0.033
2.46,-1.034
2.434,-1.048
2.433,0.949
2.301,0.075
2.376,-2.331
2.393,0.551
2.147,-2.2
2.225,-2.293
2.077,0.171
1.989,-2.456
1.995,-1.495
1.967,-2.237
2.03,1.188
1.987,1.216
1.846,0.301
1.563,-2.296
1.335,-0.906
1.292,1.52
1.233,0.024
1.084,-0.958
0.975,1.34
0.876,-0.85
0.955,-0.016
0.862,-0.778
0.835,-2.403
0.597,-0.121
0.475,-1.46
0.376,-2.539
0.356,-1.187
-0.087,-1.329
-0.072,-1.293
-0.207,-2.348
-0.303,-0.637
-0.481,-0.272
-0.633,-1.643
-0.59,-1.947
-0.593,-2.413
-0.712,-0.406
-0.591,-2.334
-0.625,-2.129
-0.765,1.354
-0.778,1.389
-0.783,-1.472
-0.945,-0.955
-0.877,0.361
-0.972,0.794
-0.879,-0.147
-0.951,-0.431
-1.062,-1.295
-1.224,1.056
-1.342,-2.119
-1.653,-2.119
-1.724,0.195
-1.752,1.334
-1.815,0.579
-1.812,0.315
-1.847,1.308
-1.759,-2.456
-1.871,-0.648
-1.872,-2.392
-1.875,-1.212
-1.902,-1.181
-2.445,-2.707
-2.572,-2.73
-2.739,-2.731
-2.817,-2.556
2.654,-2.638
2.479,-2.896
2.438,-2.576
1.375,-2.652
1.379,-2.87
0.961,-2.639
0.535,-2.686
0.144,-2.863
-0.525,-2.609
-0.615,-2.585
-0.655,-2.806
-1.46,-2.751
-2.506,1.861
-2.606,1.687
2.964,1.647
2.974,1.699
2.801,1.678
0.786,1.794
-0.237,1.58
-0.678,1.56
-0.75,1.651
-1.526,1.829
-2.553,0.184
2.98,1.036
1.285,-2.326
0.335,-1.058
-0.088,-1.13
-0.345,0.344
-0.474,-0.578
-1.737,-0.58
-2.995,1.157
-0.242,-0.515
-0.251,-0.189
-0.548,-0.606
-1.537,-0.07
-2.569,-0.739
0.948,-0.689
-0.1,0.683
-0.431,-0.83
-0.617,-2.763
0.693,-2.471
-0.431,-2.501
-0.586,-2.161
-0.091,1.108
-0.109,2.229
-0.049,1.984
-0.154,0.895
-0.27,0.569
-0.235,-1.404
-0.343,-0.186
-0.284,-1.061
-0.307,2.224
-0.386,2.0
-0.427,1.132
-0.389,1.119
-0.396,0.041
-0.455,1.637
-0.445,-0.396
-0.407,2.244
-0.486,1.565
-0.486,-0.048
-0.641,-0.775
-0.576,-0.648
-0.654,-1.724
-0.678,-0.039
-0.716,0.564
-0.638,1.045
-0.764,1.619
-0.789,0.409
-0.858,1.059
-0.866,-0.046
-0.89,-0.418
-0.869,0.525
-0.882,-1.129
-0.99,2.301
-0.98,-0.139
-0.988,1.246
-1.01,0.891
-1.216,1.324
-1.204,0.403
-1.318,-1.734
-1.466,-0.317
-1.909,1.874
-1.919,1.046
-2.189,-1.991
-2.553,-2.086
2.362,-1.948
1.924,-1.907
1.785,-1.694
1.343,-1.799
1.116,-1.858
0.631,-2.104
0.296,-2.049
-0.197,-1.955
-0.592,-1.814
-0.884,-1.977
-1.194,-1.864
-1.917,-1.757
-2.298,2.236
-2.754,2.539
2.764,2.521
2.612,2.134
1.216,2.34
1.117,2.525
0.7,2.419
0.284,2.498
-0.709,2.423
-2.392,1.311
-2.552,-0.455
2.601,-0.09
1.933,2.259
1.168,-0.716
-0.648,-0.061
-2.123,0.607
-2.02,0.001
-2.044,-0.374
-2.118,-0.152
-2.346,0.719
-2.375,-1.236
-2.285,0.182
-2.265,-1.047
-2.494,-1.592
-2.417,-1.569
-2.808,-0.346
-2.709,0.271
-2.747,1.735
-2.835,-0.159
-2.838,-0.27
-3.006,0.332
-2.939,1.862
-2.921,0.752
3.137,0.995
3.03,2.046
2.967,-0.492
2.846,-1.707
2.888,1.864
2.884,-0.361
2.812,-1.119
2.725,-0.206
2.547,0.447
2.399,0.732
2.391,-0.269
2.365,-0.283
2.364,1.714
2.232,0.84
2.307,-1.566
2.324,1.316
2.078,-1.435
2.156,-1.528
2.008,0.936
1.92,-1.691
1.926,-0.73
1.898,-1.472
1.961,1.953
1.918,1.981
1.777,1.066
1.494,-1.531
1.266,-0.141
1.223,2.285
1.164,0.789
1.015,-0.193
0.906,2.105
0.807,-0.085
0.886,0.749
0.793,-0.013
0.766,-1.638
0.528,0.644
0.406,-0.695
0.307,-1.774
0.287,-0.422
-0.156,-0.564
-0.141,-0.528
-0.276,-1.583
-0.372,0.128
-0.55,0.493
-0.702,-0.878
-0.659,-1.182
-0.662,-1.648
-0.781,0.359
-0.66,-1.569
-0.694,-1.364
-0.834,2.119
-0.847,2.154
-0.852,-0.707
-1.014,-0.19
-0.946,1.126
-1.041,1.559
-0.948,0.618
-1.02,0.334
-1.131,-0.53
-1.293,1.821
-1.411,-1.354
-1.722,-1.354
-1.793,0.96
-1.821,2.099
-1.884,1.344
-1.881,1.08
-1.916,2.073
-1.828,-1.691
-1.94,0.117
-1.941,-1.627
-1.944,-0.447
-1.971,-0.416
-2.514,-1.942
-2.641,-1.965
-2.808,-1.966
-2.886,-1.791
2.585,-1.873
2.41,-2.131
2.369,-1.811
1.306,-1.887
1.31,-2.105
0.892,-1.874
0.466,-1.921
0.075,-2.098
-0.594,-1.844
-0.684,-1.82
-0.724,-2.041
-1.529,-1.986
-2.575,2.626
-2.675,2.452
2.895,2.412
2.905,2.464
2.732,2.443
0.717,2.559
-0.306,2.345
-0.747,2.325
-0.819,2.416
-1.595,2.594
-2.622,0.949
2.911,1.801
1.216,-1.561
0.266,-0.293
-0.157,-0.365
-0.414,1.109
-0.543,0.187
-1.806,0.185
-3.064,1.922
-0.311,0.25
-0.32,0.576
-0.617,0.159
-1.606,0.695
-2.638,0.026
0.879,0.076
-0.169,1.448
-0.5,-0.065
-0.686,-1.998
0.624,-1.706
-0.5,-1.736
-0.655,-1.396
-0.018,1.121
0.042,0.876
-0.063,-0.213
-0.179,-0.539
-0.144,-2.512
-0.252,-1.294
-0.193,-2.169
-0.216,1.116
-0.295,0.892
-0.336,0.024
-0.298,0.011
-0.305,-1.067
-0.364,0.529
-0.354,-1.504
-0.316,1.136
-0.395,0.457
-0.395,-1.156
-0.55,-1.883
-0.485,-1.756
-0.563,-2.832
-0.587,-1.147
-0.625,-0.544
-0.547,-0.063
-0.673,0.511
-0.698,-0.699
-0.767,-0.049
-0.775,-1.154
-0.799,-1.526
-0.778,-0.583
-0.791,-2.237
-0.899,1.193
-0.889,-1.247
-0.897,0.138
-0.919,-0.217
-1.125,0.216
-1.113,-0.705
-1.227,-2.842
-1.375,-1.425
-1.818,0.766
-1.828,-0.062
-2.098,-3.099
-2.462,-3.194
2.453,-3.056
2.015,-3.015
1.876,-2.802
1.434,-2.907
1.207,-2.966
0.722,-3.212
0.387,-3.157
-0.106,-3.063
-0.501,-2.922
-0.793,-3.085
-1.103,-2.972
-1.826,-2.865
-2.207,1.128
-2.663,1.431
2.855,1.413
2.703,1.026
1.307,1.232
1.208,1.417
0.791,1.311
0.375,1.39
-0.618,1.315
-2.301,0.203
-2.461,-1.563
2.692,-1.198
2.024,1.151
1.259,-1.824
-0.557,-1.169
-2.032,-0.501
-1.929,-1.107
-1.953,-1.482
-2.027,-1.26
-2.255,-0.389
-2.284,-2.344
-2.194,-0.926
-2.174,-2.155
-2.403,-2.7
-2.326,-2.677
-2.717,-1.454
-2.618,-0.837
-2.656,0.627
-2.744,-1.267
-2.747,-1.378
-2.915,-0.776
-2.848,0.754
-2.83,-0.356
-3.055,-0.113
3.121,0.938
3.058,-1.6
2.937,-2.815
2.979,0.756
2.975,-1.469
2.903,-2.227
2.816,-1.314
2.638,-0.661
2.49,-0.376
2.482,-1.377
2.456,-1.391
2.455,0.606
2.323,-0.268
2.398,-2.674
2.415,0.208
2.169,-2.543
2.247,-2.636
2.099,-0.172
2.011,-2.799
2.017,-1.838
1.989,-2.58
2.052,0.845
2.009,0.873
1.868,-0.042
1.585,-2.639
1.357,-1.249
1.314,1.177
1.255,-0.319
1.106,-1.301
0.997,0.997
0.898,-1.193
0.977,-0.359
0.884,-1.121
0.857,-2.746
0.619,-0.464
0.497,-1.803
0.398,-2.882
0.378,-1.53
-0.065,-1.672
-0.05,-1.636
-0.185,-2.691
-0.281,-0.98
-0.459,-0.615
-0.611,-1.986
-0.568,-2.29
-0.571,-2.756
-0.69,-0.749
-0.569,-2.677
-0.603,-2.472
-0.743,1.011
-0.756,1.046
-0.761,-1.815
-0.923,-1.298
-0.855,0.018
-0.95,0.451
-0.857,-0.49
-0.929,-0.774
-1.04,-1.638
-1.202,0.713
-1.32,-2.462
-1.631,-2.462
-1.702,-0.148
-1.73,0.991
-1.793,0.236
-1.79,-0.028
-1.825,0.965
-1.737,-2.799
-1.849,-0.991
-1.85,-2.735
-1.853,-1.555
-1.88,-1.524
-2.423,-3.05
-2.55,-3.073
-2.717,-3.074
-2.795,-2.899
2.676,-2.981
2.501,-3.239
2.46,-2.919
1.397,-2.995
1.401,-3.213
0.983,-2.982
0.557,-3.029
0.166,-3.206
-0.503,-2.952
-0.593,-2.928
-0.633,-3.149
-1.438,-3.094
-2.484,1.518
-2.584,1.344
2.986,1.304
2.996,1.356
2.823,1.335
0.808,1.451
-0.215,1.237
-0.656,1.217
-0.728,1.308
-1.504,1.486
-2.531,-0.159
3.002,0.693
1.307,-2.669
0.357,-1.401
-0.066,-1.473
-0.323,0.001
-0.452,-0.921
-1.715,-0.923
-2.973,0.814
-0.22,-0.858
-0.229,-0.532
-0.526,-0.949
-1.515,-0.413
-2.547,-1.082
0.97,-1.032
-0.078,0.34
-0.409,-1.173
-0.595,-3.106
0.715,-2.814
-0.409,-2.844
-0.564,-2.504
0.06,-0.245
-0.045,-1.334
-0.161,-1.66
-0.126,-3.633
-0.234,-2.415
-0.175,-3.29
-0.198,-0.005
-0.277,-0.229
-0.318,-1.097
-0.28,-1.11
-0.287,-2.188
-0.346,-0.592
-0.336,-2.625
-0.298,0.015
-0.377,-0.664
-0.377,-2.277
-0.532,-3.004
-0.467,-2.877
-0.545,-3.953
-0.569,-2.268
-0.607,-1.665
-0.529,-1.184
-0.655,-0.61
-0.68,-1.82
-0.749,-1.17
-0.757,-2.275
-0.781,-2.647
-0.76,-1.704
-0.773,-3.358
-0.881,0.072
-0.871,-2.368
-0.879,-0.983
-0.901,-1.338
-1.107,-0.905
-1.095,-1.826
-1.209,-3.963
-1.357,-2.546
-1.8,-0.355
-1.81,-1.183
-2.08,-4.22
-2.444,-4.315
2.471,-4.177
2.033,-4.136
1.894,-3.923
1.452,-4.028
1.225,-4.087
0.74,-4.333
0.405,-4.278
-0.088,-4.184
-0.483,-4.043
-0.775,-4.206
-1.085,-4.093
-1.808,-3.986
-2.189,0.007
-2.645,0.31
2.873,0.292
2.721,-0.095
1.325,0.111
1.226,0.296
0.809,0.19
0.393,0.269
-0.6,0.194
-2.283,-0.918
-2.443,-2.684
2.71,-2.319
2.042,0.03
1.277,-2.945
-0.539,-2.29
-2.014,-1.622
-1.911,-2.228
-1.935,-2.603
-2.009,-2.381
-2.237,-1.51
-2.266,-3.465
-2.176,-2.047
-2.156,-3.276
-2.385,-3.821
-2.308,-3.798
-2.699,-2.575
-2.6,-1.958
-2.638,-0.494
-2.726,-2.388
-2.729,-2.499
-2.897,-1.897
-2.83,-0.367
-2.812,-1.477
-3.037,-1.234
3.139,-0.183
3.076,-2.721
2.955,-3.936
2.997,-0.365
2.993,-2.59
2.921,-3.348
2.834,-2.435
2.656,-1.782
2.508,-1.497
2.5,-2.498
2.474,-2.512
2.473,-0.515
2.341,-1.389
2.416,-3.795
2.433,-0.913
2.187,-3.664
2.265,-3.757
2.117,-1.293
2.029,-3.92
2.035,-2.959
2.007,-3.701
2.07,-0.276
2.027,-0.248
1.886,-1.163
1.603,-3.76
1.375,-2.37
1.332,0.056
1.273,-1.44
1.124,-2.422
1.015,-0.124
0.916,-2.314
0.995,-1.48
0.902,-2.242
0.875,-3.867
0.637,-1.585
0.515,-2.924
0.416,-4.003
0.396,-2.651
-0.047,-2.793
-0.032,-2.757
-0.167,-3.812
-0.263,-2.101
-0.441,-1.736
-0.593,-3.107
-0.55,-3.411
-0.553,-3.877
-0.672,-1.87
-0.551,-3.798
-0.585,-3.593
-0.725,-0.11
-0.738,-0.075
-0.743,-2.936
-0.905,-2.419
-0.837,-1.103
-0.932,-0.67
-0.839,-1.611
-0.911,-1.895
-1.022,-2.759
-1.184,-0.408
-1.302,-3.583
-1.613,-3.583
-1.684,-1.269
-1.712,-0.13
-1.775,-0.885
-1.772,-1.149
-1.807,-0.156
-1.719,-3.92
-1.831,-2.112
-1.832,-3.856
-1.835,-2.676
-1.862,-2.645
-2.405,-4.171
-2.532,-4.194
-2.699,-4.195
-2.777,-4.02
2.694,-4.102
2.519,-4.36
2.478,-4.04
1.415,-4.116
1.419,-4.334
1.001,-4.103
0.575,-4.15
0.184,-4.327
-0.485,-4.073
-0.575,-4.049
-0.615,-4.27
-1.42,-4.215
-2.466,0.397
-2.566,0.223
3.004,0.183
3.014,0.235
2.841,0.214
0.826,0.33
-0.197,0.116
-0.638,0.096
-0.71,0.187
-1.486,0.365
-2.513,-1.28
3.02,-0.428
1.325,-3.79
0.375,-2.522
-0.048,-2.594
-0.305,-1.12
-0.434,-2.042
-1.697,-2.044
-2.955,-0.307
-0.202,-1.979
-0.211,-1.653
-0.508,-2.07
-1.497,-1.534
-2.529,-2.203
0.988,-2.153
-0.06,-0.781
-0.391,-2.294
-0.577,-4.227
0.733,-3.935
-0.391,-3.965
-0.546,-3.625
-0.105,-1.089
-0.221,-1.415
-0.186,-3.388
-0.294,-2.17
-0.235,-3.045
-0.258,0.24
-0.337,0.016
-0.378,-0.852
-0.34,-0.865
-0.347,-1.943
-0.406,-0.347
-0.396,-2.38
-0.358,0.26
-0.437,-0.419
-0.437,-2.032
-0.592,-2.759
-0.527,-2.632
-0.605,-3.708
-0.629,-2.023
-0.667,-1.42
-0.589,-0.939
-0.715,-0.365
-0.74,-1.575
-0.809,-0.925
-0.817,-2.03
-0.841,-2.402
-0.82,-1.459
-0.833,-3.113
-0.941,0.317
-0.931,-2.123
-0.939,-0.738
-0.961,-1.093
-1.167,-0.66
-1.155,-1.581
-1.269,-3.718
-1.417,-2.301
-1.86,-0.11
-1.87,-0.938
-2.14,-3.975
-2.504,-4.07
2.411,-3.932
1.973,-3.891
1.834,-3.678
1.392,-3.783
1.165,-3.842
0.68,-4.088
0.345,-4.033
-0.148,-3.939
-0.543,-3.798
-0.835,-3.961
-1.145,-3.848
-1.868,-3.741
-2.249,0.252
-2.705,0.555
2.813,0.537
2.661,0.15
1.265,0.356
1.166,0.541
0.749,0.435
0.333,0.514
-0.66,0.439
-2.343,-0.673
-2.503,-2.439
2.65,-2.074
1.982,0.275
1.217,-2.7
-0.599,-2.045
-2.074,-1.377
-1.971,-1.983
-1.995,-2.358
-2.069,-2.136
-2.297,-1.265
-2.326,-3.22
-2.236,-1.802
-2.216,-3.031
-2.445,-3.576
-2.368,-3.553
-2.759,-2.33
-2.66,-1.713
-2.698,-0.249
-2.786,-2.143
-2.789,-2.254
-2.957,-1.652
-2.89,-0.122
-2.872,-1.232
-3.097,-0.989
3.079,0.062
3.016,-2.476
2.895,-3.691
2.937,-0.12
2.933,-2.345
2.861,-3.103
2.774,-2.19
2.596,-1.537
2.448,-1.252
2.44,-2.253
2.414,-2.267
2.413,-0.27
2.281,-1.144
2.356,-3.55
2.373,-0.668
2.127,-3.419
2.205,-3.512
2.057,-1.048
1.969,-3.675
1.975,-2.714
1.947,-3.456
2.01,-0.031
1.967,-0.003
1.826,-0.918
1.543,-3.515
1.315,-2.125
1.272,0.301
1.213,-1.195
1.064,-2.177
0.955,0.121
0.856,-2.069
0.935,-1.235
0.842,-1.997
0.815,-3.622
0.577,-1.34
0.455,-2.679
0.356,-3.758
0.336,-2.406
-0.107,-2.548
-0.092,-2.512
-0.227,-3.567
-0.323,-1.856
-0.501,-1.491
-0.653,-2.862
-0.61,-3.166
-0.613,-3.632
-0.732,-1.625
-0.611,-3.553
-0.645,-3.348
-0.785,0.135
-0.798,0.17
-0.803,-2.691
-0.965,-2.174
-0.897,-0.858
-0.992,-0.425
-0.899,-1.366
-0.971,-1.65
-1.082,-2.514
-1.244,-0.163
-1.362,-3.338
-1.673,-3.338
-1.744,-1.024
-1.772,0.115
-1.835,-0.64
-1.832,-0.904
-1.867,0.089
-1.779,-3.675
-1.891,-1.867
-1.892,-3.611
-1.895,-2.431
-1.922,-2.4
-2.465,-3.926
-2.592,-3.949
-2.759,-3.95
-2.837,-3.775
2.634,-3.857
2.459,-4.115
2.418,-3.795
1.355,-3.871
1.359,-4.089
0.941,-3.858
0.515,-3.905
0.124,-4.082
-0.545,-3.828
-0.635,-3.804
-0.675,-4.025
-1.48,-3.97
-2.526,0.642
-2.626,0.468
2.944,0.428
2.954,0.48
2.781,0.459
0.766,0.575
-0.257,0.361
-0.698,0.341
-0.77,0.432
-1.546,0.61
-2.573,-1.035
2.96,-0.183
1.265,-3.545
0.315,-2.277
-0.108,-2.349
-0.365,-0.875
-0.494,-1.797
-1.757,-1.799
-3.015,-0.062
-0.262,-1.734
-0.271,-1.408
-0.568,-1.825
-1.557,-1.289
-2.589,-1.958
0.928,-1.908
-0.12,-0.536
-0.451,-2.049
-0.637,-3.982
0.673,-3.69
-0.451,-3.72
-0.606,-3.38
-0.116,-0.326
-0.081,-2.299
-0.189,-1.081
-0.13,-1.956
-0.153,1.329
-0.232,1.105
-0.273,0.237
-0.235,0.224
-0.242,-0.854
-0.301,0.742
-0.291,-1.291
-0.253,1.349
-0.332,0.67
-0.332,-0.943
-0.487,-1.67
-0.422,-1.543
-0.5,-2.619
-0.524,-0.934
-0.562,-0.331
-0.484,0.15
-0.61,0.724
-0.635,-0.486
-0.704,0.164
-0.712,-0.941
-0.736,-1.313
-0.715,-0.37
-0.728,-2.024
-0.836,1.406
-0.826,-1.034
-0.834,0.351
-0.856,-0.004
-1.062,0.429
-1.05,-0.492
-1.164,-2.629
-1.312,-1.212
-1.755,0.979
-1.765,0.151
-2.035,-2.886
-2.399,-2.981
2.516,-2.843
2.078,-2.802
1.939,-2.589
1.497,-2.694
1.27,-2.753
0.785,-2.999
0.45,-2.944
-0.043,-2.85
-0.438,-2.709
-0.73,-2.872
-1.04,-2.759
-1.763,-2.652
-2.144,1.341
-2.6,1.644
2.918,1.626
2.766,1.239
1.37,1.445
1.271,1.63
0.854,1.524
0.438,1.603
-0.555,1.528
-2.238,0.416
-2.398,-1.35
2.755,-0.985
2.087,1.364
1.322,-1.611
-0.494,-0.956
-1.969,-0.288
-1.866,-0.894
-1.89,-1.269
-1.964,-1.047
-2.192,-0.176
-2.221,-2.131
-2.131,-0.713
-2.111,-1.942
-2.34,-2.487
-2.263,-2.464
-2.654,-1.241
-2.555,-0.624
-2.593,0.84
-2.681,-1.054
-2.684,-1.165
-2.852,-0.563
-2.785,0.967
-2.767,-0.143
-2.992,0.1
-3.099,1.151
3.121,-1.387
3.0,-2.602
3.042,0.969
3.038,-1.256
2.966,-2.014
2.879,-1.101
2.701,-0.448
2.553,-0.163
2.545,-1.164
2.519,-1.178
2.518,0.819
2.386,-0.055
2.461,-2.461
2.478,0.421
2.232,-2.33
2.31,-2.423
2.162,0.041
2.074,-2.586
2.08,-1.625
2.052,-2.367
2.115,1.058
2.072,1.086
1.931,0.171
1.648,-2.426
1.42,-1.036
1.377,1.39
1.318,-0.106
1.169,-1.088
1.06,1.21
0.961,-0.98
1.04,-0.146
0.947,-0.908
0.92,-2.533
0.682,-0.251
0.56,-1.59
0.461,-2.669
0.441,-1.317
-0.002,-1.459
0.013,-1.423
-0.122,-2.478
-0.218,-0.767
-0.396,-0.402
-0.548,-1.773
-0.505,-2.077
-0.508,-2.543
-0.627,-0.536
-0.506,-2.464
-0.54,-2.259
-0.68,1.224
-0.693,1.259
-0.698,-1.602
-0.86,-1.085
-0.792,0.231
-0.887,0.664
-0.794,-0.277
-0.866,-0.561
-0.977,-1.425
-1.139,0.926
-1.257,-2.249
-1.568,-2.249
-1.639,0.065
-1.667,1.204
-1.73,0.449
-1.727,0.185
-1.762,1.178
-1.674,-2.586
-1.786,-0.778
-1.787,-2.522
-1.79,-1.342
-1.817,-1.311
-2.36,-2.837
-2.487,-2.86
-2.654,-2.861
-2.732,-2.686
2.739,-2.768
2.564,-3.026
2.523,-2.706
1.46,-2.782
1.464,-3.0
1.046,-2.769
0.62,-2.816
0.229,-2.993
-0.44,-2.739
-0.53,-2.715
-0.57,-2.936
-1.375,-2.881
-2.421,1.731
-2.521,1.557
3.049,1.517
3.059,1.569
2.886,1.548
0.871,1.664
-0.152,1.45
-0.593,1.43
-0.665,1.521
-1.441,1.699
-2.468,0.054
3.065,0.906
1.37,-2.456
0.42,-1.188
-0.003,-1.26
-0.26,0.214
-0.389,-0.708
-1.652,-0.71
-2.91,1.027
-0.157,-0.645
-0.166,-0.319
-0.463,-0.736
-1.452,-0.2
-2.484,-0.869
1.033,-0.819
-0.015,0.553
-0.346,-0.96
-0.532,-2.893
0.778,-2.601
-0.346,-2.631
-0.501,-2.291
0.035,-1.973
-0.073,-0.755
-0.014,-1.63
-0.037,1.655
-0.116,1.431
-0.157,0.563
-0.119,0.55
-0.126,-0.528
-0.185,1.068
-0.175,-0.965
-0.137,1.675
-0.216,0.996
-0.216,-0.617
-0.371,-1.344
-0.306,-1.217
-0.384,-2.293
-0.408,-0.608
-0.446,-0.005
-0.368,0.476
-0.494,1.05
-0.519,-0.16
-0.588,0.49
-0.596,-0.615
-0.62,-0.987
-0.599,-0.044
-0.612,-1.698
-0.72,1.732
-0.71,-0.708
-0.718,0.677
-0.74,0.322
-0.946,0.755
-0.934,-0.166
-1.048,-2.303
-1.196,-0.886
-1.639,1.305
-1.649,0.477
-1.919,-2.56
-2.283,-2.655
2.632,-2.517
2.194,-2.476
2.055,-2.263
1.613,-2.368
1.386,-2.427
0.901,-2.673
0.566,-2.618
0.073,-2.524
-0.322,-2.383
-0.614,-2.546
-0.924,-2.433
-1.647,-2.326
-2.028,1.667
-2.484,1.97
3.034,1.952
2.882,1.565
1.486,1.771
1.387,1.956
0.97,1.85
0.554,1.929
-0.439,1.854
-2.122,0.742
-2.282,-1.024
2.871,-0.659
2.203,1.69
1.438,-1.285
-0.378,-0.63
-1.853,0.038
-1.75,-0.568
-1.774,-0.943
-1.848,-0.721
-2.076,0.15
-2.105,-1.805
-2.015,-0.387
-1.995,-1.616
-2.224,-2.161
-2.147,-2.138
-2.538,-0.915
-2.439,-0.298
-2.477,1.166
-2.565,-0.728
-2.568,-0.839
-2.736,-0.237
-2.669,1.293
-2.651,0.183
-2.876,0.426
-2.983,1.477
-3.046,-1.061
3.116,-2.276
-3.125,1.295
-3.129,-0.93
3.082,-1.688
2.995,-0.775
2.817,-0.122
2.669,0.163
2.661,-0.838
2.635,-0.852
2.634,1.145
2.502,0.271
2.577,-2.135
2.594,0.747
2.348,-2.004
2.426,-2.097
2.278,0.367
2.19,-2.26
2.196,-1.299
2.168,-2.041
2.231,1.384
2.188,1.412
2.047,0.497
1.764,-2.1
1.536,-0.71
1.493,1.716
1.434,0.22
1.285,-0.762
1.176,1.536
1.077,-0.654
1.156,0.18
1.063,-0.582
1.036,-2.207
0.798,0.075
0.676,-1.264
0.577,-2.343
0.557,-0.991
0.114,-1.133
0.129,-1.097
-0.006,-2.152
-0.102,-0.441
-0.28,-0.076
-0.432,-1.447
-0.389,-1.751
-0.392,-2.217
-0.511,-0.21
-0.39,-2.138
-0.424,-1.933
-0.564,1.55
-0.577,1.585
-0.582,-1.276
-0.744,-0.759
-0.676,0.557
-0.771,0.99
-0.678,0.049
-0.75,-0.235
-0.861,-1.099
-1.023,1.252
-1.141,-1.923
-1.452,-1.923
-1.523,0.391
-1.551,1.53
-1.614,0.775
-1.611,0.511
-1.646,1.504
-1.558,-2.26
-1.67,-0.452
-1.671,-2.196
-1.674,-1.016
-1.701,-0.985
-2.244,-2.511
-2.371,-2.534
-2.538,-2.535
-2.616,-2.36
2.855,-2.442
2.68,-2.7
2.639,-2.38
1.576,-2.456
1.58,-2.674
1.162,-2.443
0.736,-2.49
0.345,-2.667
-0.324,-2.413
-0.414,-2.389
-0.454,-2.61
-1.259,-2.555
-2.305,2.057
-2.405,1.883
-3.118,1.843
-3.108,1.895
3.002,1.874
0.987,1.99
-0.036,1.776
-0.477,1.756
-0.549,1.847
-1.325,2.025
-2.352,0.38
-3.102,1.232
1.486,-2.13
0.536,-0.862
0.113,-0.934
-0.144,0.54
-0.273,-0.382
-1.536,-0.384
-2.794,1.353
-0.041,-0.319
-0.05,0.007
-0.347,-0.41
-1.336,0.126
-2.368,-0.543
1.149,-0.493
0.101,0.879
-0.23,-0.634
-0.416,-2.567
0.894,-2.275
-0.23,-2.305
-0.385,-1.965
-0.108,1.218
-0.049,0.343
-0.072,3.628
-0.151,3.404
-0.192,2.536
-0.154,2.523
-0.161,1.445
-0.22,3.041
-0.21,1.008
-0.172,3.648
-0.251,2.969
-0.251,1.356
-0.406,0.629
-0.341,0.756
-0.419,-0.32
-0.443,1.365
-0.481,1.968
-0.403,2.449
-0.529,3.023
-0.554,1.813
-0.623,2.463
-0.631,1.358
-0.655,0.986
-0.634,1.929
-0.647,0.275
-0.755,3.705
-0.745,1.265
-0.753,2.65
-0.775,2.295
-0.981,2.728
-0.969,1.807
-1.083,-0.33
-1.231,1.087
-1.674,3.278
-1.684,2.45
-1.954,-0.587
-2.318,-0.682
2.597,-0.544
2.159,-0.503
2.02,-0.29
1.578,-0.395
1.351,-0.454
0.866,-0.7
0.531,-0.645
0.038,-0.551
-0.357,-0.41
-0.649,-0.573
-0.959,-0.46
-1.682,-0.353
-2.063,3.64
-2.519,3.943
2.999,3.925
2.847,3.538
1.451,3.744
1.352,3.929
0.935,3.823
0.519,3.902
-0.474,3.827
-2.157,2.715
-2.317,0.949
2.836,1.314
2.168,3.663
1.403,0.688
-0.413,1.343
-1.888,2.011
-1.785,1.405
-1.809,1.03
-1.883,1.252
-2.111,2.123
-2.14,0.168
-2.05,1.586
-2.03,0.357
-2.259,-0.188
-2.182,-0.165
-2.573,1.058
-2.474,1.675
-2.512,3.139
-2.6,1.245
-2.603,1.134
-2.771,1.736
-2.704,3.266
-2.686,2.156
-2.911,2.399
-3.018,3.45
-3.081,0.912
3.081,-0.303
3.123,3.268
3.119,1.043
3.047,0.285
2.96,1.198
2.782,1.851
2.634,2.136
2.626,1.135
2.6,1.121
2.599,3.118
2.467,2.244
2.542,-0.162
2.559,2.72
2.313,-0.031
2.391,-0.124
2.243,2.34
2.155,-0.287
2.161,0.674
2.133,-0.068
2.196,3.357
2.153,3.385
2.012,2.47
1.729,-0.127
1.501,1.263
1.458,3.689
1.399,2.193
1.25,1.211
1.141,3.509
1.042,1.319
1.121,2.153
1.028,1.391
1.001,-0.234
0.763,2.048
0.641,0.709
0.542,-0.37
0.522,0.982
0.079,0.84
0.094,0.876
-0.041,-0.179
-0.137,1.532
-0.315,1.897
-0.467,0.526
-0.424,0.222
-0.427,-0.244
-0.546,1.763
-0.425,-0.165
-0.459,0.04
-0.599,3.523
-0.612,3.558
-0.617,0.697
-0.779,1.214
-0.711,2.53
-0.806,2.963
-0.713,2.022
-0.785,1.738
-0.896,0.874
-1.058,3.225
-1.176,0.05
-1.487,0.05
-1.558,2.364
-1.586,3.503
-1.649,2.748
-1.646,2.484
-1.681,3.477
-1.593,-0.287
-1.705,1.521
-1.706,-0.223
-1.709,0.957
-1.736,0.988
-2.279,-0.538
-2.406,-0.561
-2.573,-0.562
-2.651,-0.387
2.82,-0.469
2.645,-0.727
2.604,-0.407
1.541,-0.483
1.545,-0.701
1.127,-0.47
0.701,-0.517
0.31,-0.694
-0.359,-0.44
-0.449,-0.416
-0.489,-0.637
-1.294,-0.582
-2.34,4.03
-2.44,3.856
3.13,3.816
3.14,3.868
2.967,3.847
0.952,3.963
-0.071,3.749
-0.512,3.729
-0.584,3.82
-1.36,3.998
-2.387,2.353
-3.137,3.205
1.451,-0.157
0.501,1.111
0.078,1.039
-0.179,2.513
-0.308,1.591
-1.571,1.589
-2.829,3.326
-0.076,1.654
-0.085,1.98
-0.382,1.563
-1.371,2.099
-2.403,1.43
1.114,1.48
0.066,2.852
-0.265,1.339
-0.451,-0.594
0.859,-0.302
-0.265,-0.332
-0.42,0.008
0.059,-0.875
0.036,2.41
-0.043,2.186
-0.084,1.318
-0.046,1.305
-0.053,0.227
-0.112,1.823
-0.102,-0.21
-0.064,2.43
-0.143,1.751
-0.143,0.138
-0.298,-0.589
-0.233,-0.462
-0.311,-1.538
-0.335,0.147
-0.373,0.75
-0.295,1.231
-0.421,1.805
-0.446,0.595
-0.515,1.245
-0.523,0.14
-0.547,-0.232
-0.526,0.711
-0.539,-0.943
-0.647,2.487
-0.637,0.047
-0.645,1.432
-0.667,1.077
-0.873,1.51
-0.861,0.589
-0.975,-1.548
-1.123,-0.131
-1.566,2.06
-1.576,1.232
-1.846,-1.805
-2.21,-1.9
2.705,-1.762
2.267,-1.721
2.128,-1.508
1.686,-1.613
1.459,-1.672
0.974,-1.918
0.639,-1.863
0.146,-1.769
-0.249,-1.628
-0.541,-1.791
-0.851,-1.678
-1.574,-1.571
-1.955,2.422
-2.411,2.725
3.107,2.707
2.955,2.32
1.559,2.526
1.46,2.711
1.043,2.605
0.627,2.684
-0.366,2.609
-2.049,1.497
-2.209,-0.269
2.944,0.096
2.276,2.445
1.511,-0.53
-0.305,0.125
-1.78,0.793
-1.677,0.187
-1.701,-0.188
-1.775,0.034
-2.003,0.905
-2.032,-1.05
-1.942,0.368
-1.922,-0.861
-2.151,-1.406
-2.074,-1.383
-2.465,-0.16
-2.366,0.457
-2.404,1.921
-2.492,0.027
-2.495,-0.084
-2.663,0.518
-2.596,2.048
-2.578,0.938
-2.803,1.181
-2.91,2.232
-2.973,-0.306
-3.094,-1.521
-3.052,2.05
-3.056,-0.175
-3.128,-0.933
3.068,-0.02
2.89,0.633
2.742,0.918
2.734,-0.083
2.708,-0.097
2.707,1.9
2.575,1.026
2.65,-1.38
2.667,1.502
2.421,-1.249
2.499,-1.342
2.351,1.122
2.263,-1.505
2.269,-0.544
2.241,-1.286
2.304,2.139
2.261,2.167
2.12,1.252
1.837,-1.345
1.609,0.045
1.566,2.471
1.507,0.975
1.358,-0.007
1.249,2.291
1.15,0.101
1.229,0.935
1.136,0.173
1.109,-1.452
0.871,0.83
0.749,-0.509
0.65,-1.588
0.63,-0.236
0.187,-0.378
0.202,-0.342
0.067,-1.397
-0.029,0.314
-0.207,0.679
-0.359,-0.692
-0.316,-0.996
-0.319,-1.462
-0.438,0.545
-0.317,-1.383
-0.351,-1.178
-0.491,2.305
-0.504,2.34
-0.509,-0.521
-0.671,-0.004
-0.603,1.312
-0.698,1.745
-0.605,0.804
-0.677,0.52
-0.788,-0.344
-0.95,2.007
-1.068,-1.168
-1.379,-1.168
-1.45,1.146
-1.478,2.285
-1.541,1.53
-1.538,1.266
-1.573,2.259
-1.485,-1.505
-1.597,0.303
-1.598,-1.441
-1.601,-0.261
-1.628,-0.23
-2.171,-1.756
-2.298,-1.779
-2.465,-1.78
-2.543,-1.605
2.928,-1.687
2.753,-1.945
2.712,-1.625
1.649,-1.701
1.653,-1.919
1.235,-1.688
0.809,-1.735
0.418,-1.912
-0.251,-1.658
-0.341,-1.634
-0.381,-1.855
-1.186,-1.8
-2.232,2.812
-2.332,2.638
-3.045,2.598
-3.035,2.65
3.075,2.629
1.06,2.745
0.037,2.531
-0.404,2.511
-0.476,2.602
-1.252,2.78
-2.279,1.135
-3.029,1.987
1.559,-1.375
0.609,-0.107
0.186,-0.179
-0.071,1.295
-0.2,0.373
-1.463,0.371
-2.721,2.108
0.032,0.436
0.023,0.762
-0.274,0.345
-1.263,0.881
-2.295,0.212
1.222,0.262
0.174,1.634
-0.157,0.121
-0.343,-1.812
0.967,-1.52
-0.157,-1.55
-0.312,-1.21
-0.023,3.285
-0.102,3.061
-0.143,2.193
-0.105,2.18
-0.112,1.102
-0.171,2.698
-0.161,0.665
-0.123,3.305
-0.202,2.626
-0.202,1.013
-0.357,0.286
-0.292,0.413
-0.37,-0.663
-0.394,1.022
-0.432,1.625
-0.354,2.106
-0.48,2.68
-0.505,1.47
-0.574,2.12
-0.582,1.015
-0.606,0.643
-0.585,1.586
-0.598,-0.068
-0.706,3.362
-0.696,0.922
-0.704,2.307
-0.726,1.952
-0.932,2.385
-0.92,1.464
-1.034,-0.673
-1.182,0.744
-1.625,2.935
-1.635,2.107
-1.905,-0.93
-2.269,-1.025
2.646,-0.887
2.208,-0.846
2.069,-0.633
1.627,-0.738
1.4,-0.797
0.915,-1.043
0.58,-0.988
0.087,-0.894
-0.308,-0.753
-0.6,-0.916
-0.91,-0.803
-1.633,-0.696
-2.014,3.297
-2.47,3.6
3.048,3.582
2.896,3.195
1.5,3.401
1.401,3.586
0.984,3.48
0.568,3.559
-0.425,3.484
-2.108,2.372
-2.268,0.606
2.885,0.971
2.217,3.32
1.452,0.345
-0.364,1.0
-1.839,1.668
-1.736,1.062
-1.76,0.687
-1.834,0.909
-2.062,1.78
-2.091,-0.175
-2.001,1.243
-1.981,0.014
-2.21,-0.531
-2.133,-0.508
-2.524,0.715
-2.425,1.332
-2.463,2.796
-2.551,0.902
-2.554,0.791
-2.722,1.393
-2.655,2.923
-2.637,1.813
-2.862,2.056
-2.969,3.107
-3.032,0.569
3.13,-0.646
-3.111,2.925
-3.115,0.7
3.096,-0.058
3.009,0.855
2.831,1.508
2.683,1.793
2.675,0.792
2.649,0.778
2.648,2.775
2.516,1.901
2.591,-0.505
2.608,2.377
2.362,-0.374
2.44,-0.467
2.292,1.997
2.204,-0.63
2.21,0.331
2.182,-0.411
2.245,3.014
2.202,3.042
2.061,2.127
1.778,-0.47
1.55,0.92
1.507,3.346
1.448,1.85
1.299,0.868
1.19,3.166
1.091,0.976
1.17,1.81
1.077,1.048
1.05,-0.577
0.812,1.705
0.69,0.366
0.591,-0.713
0.571,0.639
0.128,0.497
0.143,0.533
0.008,-0.522
-0.088,1.189
-0.266,1.554
-0.418,0.183
-0.375,-0.121
-0.378,-0.587
-0.497,1.42
-0.376,-0.508
-0.41,-0.303
-0.55,3.18
-0.563,3.215
-0.568,0.354
-0.73,0.871
-0.662,2.187
-0.757,2.62
-0.664,1.679
-0.736,1.395
-0.847,0.531
-1.009,2.882
-1.127,-0.293
-1.438,-0.293
-1.509,2.021
-1.537,3.16
-1.6,2.405
-1.597,2.141
-1.632,3.134
-1.544,-0.63
-1.656,1.178
-1.657,-0.566
-1.66,0.614
-1.687,0.645
-2.23,-0.881
-2.357,-0.904
-2.524,-0.905
-2.602,-0.73
2.869,-0.812
2.694,-1.07
2.653,-0.75
1.59,-0.826
1.594,-1.044
1.176,-0.813
0.75,-0.86
0.359,-1.037
-0.31,-0.783
-0.4,-0.759
-0.44,-0.98
-1.245,-0.925
-2.291,3.687
-2.391,3.513
-3.104,3.473
-3.094,3.525
3.016,3.504
1.001,3.62
-0.022,3.406
-0.463,3.386
-0.535,3.477
-1.311,3.655
-2.338,2.01
-3.088,2.862
1.5,-0.5
0.55,0.768
0.127,0.696
-0.13,2.17
-0.259,1.248
-1.522,1.246
-2.78,2.983
-0.027,1.311
-0.036,1.637
-0.333,1.22
-1.322,1.756
-2.354,1.087
1.163,1.137
0.115,2.509
-0.216,0.996
-0.402,-0.937
0.908,-0.645
-0.216,-0.675
-0.371,-0.335
-0.079,-0.224
-0.12,-1.092
-0.082,-1.105
-0.089,-2.183
-0.148,-0.587
-0.138,-2.62
-0.1,0.02
-0.179,-0.659
-0.179,-2.272
-0.334,-2.999
-0.269,-2.872
-0.347,-3.948
-0.371,-2.263
-0.409,-1.66
-0.331,-1.179
-0.457,-0.605
-0.482,-1.815
-0.551,-1.165
-0.559,-2.27
-0.583,-2.642
-0.562,-1.699
-0.575,-3.353
-0.683,0.077
-0.673,-2.363
-0.681,-0.978
-0.703,-1.333
-0.909,-0.9
-0.897,-1.821
-1.011,-3.958
-1.159,-2.541
-1.602,-0.35
-1.612,-1.178
-1.882,-4.215
-2.246,-4.31
2.669,-4.172
2.231,-4.131
2.092,-3.918
1.65,-4.023
1.423,-4.082
0.938,-4.328
0.603,-4.273
0.11,-4.179
-0.285,-4.038
-0.577,-4.201
-0.887,-4.088
-1.61,-3.981
-1.991,0.012
-2.447,0.315
3.071,0.297
2.919,-0.09
1.523,0.116
1.424,0.301
1.007,0.195
0.591,0.274
-0.402,0.199
-2.085,-0.913
-2.245,-2.679
2.908,-2.314
2.24,0.035
1.475,-2.94
-0.341,-2.285
-1.816,-1.617
-1.713,-2.223
-1.737,-2.598
-1.811,-2.376
-2.039,-1.505
-2.068,-3.46
-1.978,-2.042
-1.958,-3.271
-2.187,-3.816
-2.11,-3.793
-2.501,-2.57
-2.402,-1.953
-2.44,-0.489
-2.528,-2.383
-2.531,-2.494
-2.699,-1.892
-2.632,-0.362
-2.614,-1.472
-2.839,-1.229
-2.946,-0.178
-3.009,-2.716
-3.13,-3.931
-3.088,-0.36
-3.092,-2.585
3.119,-3.343
3.032,-2.43
2.854,-1.777
2.706,-1.492
2.698,-2.493
2.672,-2.507
2.671,-0.51
2.539,-1.384
2.614,-3.79
2.631,-0.908
2.385,-3.659
2.463,-3.752
2.315,-1.288
2.227,-3.915
2.233,-2.954
2.205,-3.696
2.268,-0.271
2.225,-0.243
2.084,-1.158
1.801,-3.755
1.573,-2.365
1.53,0.061
1.471,-1.435
1.322,-2.417
1.213,-0.119
1.114,-2.309
1.193,-1.475
1.1,-2.237
1.073,-3.862
0.835,-1.58
0.713,-2.919
0.614,-3.998
0.594,-2.646
0.151,-2.788
0.166,-2.752
0.031,-3.807
-0.065,-2.096
-0.243,-1.731
-0.395,-3.102
-0.352,-3.406
-0.355,-3.872
-0.474,-1.865
-0.353,-3.793
-0.387,-3.588
-0.527,-0.105
-0.54,-0.07
-0.545,-2.931
-0.707,-2.414
-0.639,-1.098
-0.734,-0.665
-0.641,-1.606
-0.713,-1.89
-0.824,-2.754
-0.986,-0.403
-1.104,-3.578
-1.415,-3.578
-1.486,-1.264
-1.514,-0.125
-1.577,-0.88
-1.574,-1.144
-1.609,-0.151
-1.521,-3.915
-1.633,-2.107
-1.634,-3.851
-1.637,-2.671
-1.664,-2.64
-2.207,-4.166
-2.334,-4.189
-2.501,-4.19
-2.579,-4.015
2.892,-4.097
2.717,-4.355
2.676,-4.035
1.613,-4.111
1.617,-4.329
1.199,-4.098
0.773,-4.145
0.382,-4.322
-0.287,-4.068
-0.377,-4.044
-0.417,-4.265
-1.222,-4.21
-2.268,0.402
-2.368,0.228
-3.081,0.188
-3.071,0.24
3.039,0.219
1.024,0.335
0.001,0.121
-0.44,0.101
-0.512,0.192
-1.288,0.37
-2.315,-1.275
-3.065,-0.423
1.523,-3.785
0.573,-2.517
0.15,-2.589
-0.107,-1.115
-0.236,-2.037
-1.499,-2.039
-2.757,-0.302
-0.004,-1.974
-0.013,-1.648
-0.31,-2.065
-1.299,-1.529
-2.331,-2.198
1.186,-2.148
0.138,-0.776
-0.193,-2.289
-0.379,-4.222
0.931,-3.93
-0.193,-3.96
-0.348,-3.62
-0.041,-0.868
-0.003,-0.881
-0.01,-1.959
-0.069,-0.363
-0.059,-2.396
-0.021,0.244
-0.1,-0.435
-0.1,-2.048
-0.255,-2.775
-0.19,-2.648
-0.268,-3.724
-0.292,-2.039
-0.33,-1.436
-0.252,-0.955
-0.378,-0.381
-0.403,-1.591
-0.472,-0.941
-0.48,-2.046
-0.504,-2.418
-0.483,-1.475
-0.496,-3.129
-0.604,0.301
-0.594,-2.139
-0.602,-0.754
-0.624,-1.109
-0.83,-0.676
-0.818,-1.597
-0.932,-3.734
-1.08,-2.317
-1.523,-0.126
-1.533,-0.954
-1.803,-3.991
-2.167,-4.086
2.748,-3.948
2.31,-3.907
2.171,-3.694
1.729,-3.799
1.502,-3.858
1.017,-4.104
0.682,-4.049
0.189,-3.955
-0.206,-3.814
-0.498,-3.977
-0.808,-3.864
-1.531,-3.757
-1.912,0.236
-2.368,0.539
-3.133,0.521
2.998,0.134
1.602,0.34
1.503,0.525
1.086,0.419
0.67,0.498
-0.323,0.423
-2.006,-0.689
-2.166,-2.455
2.987,-2.09
2.319,0.259
1.554,-2.716
-0.262,-2.061
-1.737,-1.393
-1.634,-1.999
-1.658,-2.374
-1.732,-2.152
-1.96,-1.281
-1.989,-3.236
-1.899,-1.818
-1.879,-3.047
-2.108,-3.592
-2.031,-3.569
-2.422,-2.346
-2.323,-1.729
-2.361,-0.265
-2.449,-2.159
-2.452,-2.27
-2.62,-1.668
-2.553,-0.138
-2.535,-1.248
-2.76,-1.005
-2.867,0.046
-2.93,-2.492
-3.051,-3.707
-3.009,-0.136
-3.013,-2.361
-3.085,-3.119
3.111,-2.206
2.933,-1.553
2.785,-1.268
2.777,-2.269
2.751,-2.283
2.75,-0.286
2.618,-1.16
2.693,-3.566
2.71,-0.684
2.464,-3.435
2.542,-3.528
2.394,-1.064
2.306,-3.691
2.312,-2.73
2.284,-3.472
2.347,-0.047
2.304,-0.019
2.163,-0.934
1.88,-3.531
1.652,-2.141
1.609,0.285
1.55,-1.211
1.401,-2.193
1.292,0.105
1.193,-2.085
1.272,-1.251
1.179,-2.013
1.152,-3.638
0.914,-1.356
0.792,-2.695
0.693,-3.774
0.673,-2.422
0.23,-2.564
0.245,-2.528
0.11,-3.583
0.014,-1.872
-0.164,-1.507
-0.316,-2.878
-0.273,-3.182
-0.276,-3.648
-0.395,-1.641
-0.274,-3.569
-0.308,-3.364
-0.448,0.119
-0.461,0.154
-0.466,-2.707
-0.628,-2.19
-0.56,-0.874
-0.655,-0.441
-0.562,-1.382
-0.634,-1.666
-0.745,-2.53
-0.907,-0.179
-1.025,-3.354
-1.336,-3.354
-1.407,-1.04
-1.435,0.099
-1.498,-0.656
-1.495,-0.92
-1.53,0.073
-1.442,-3.691
-1.554,-1.883
-1.555,-3.627
-1.558,-2.447
-1.585,-2.416
-2.128,-3.942
-2.255,-3.965
-2.422,-3.966
-2.5,-3.791
2.971,-3.873
2.796,-4.131
2.755,-3.811
1.692,-3.887
1.696,-4.105
1.278,-3.874
0.852,-3.921
0.461,-4.098
-0.208,-3.844
-0.298,-3.82
-0.338,-4.041
-1.143,-3.986
-2.189,0.626
-2.289,0.452
-3.002,0.412
-2.992,0.464
3.118,0.443
1.103,0.559
0.08,0.345
-0.361,0.325
-0.433,0.416
-1.209,0.594
-2.236,-1.051
-2.986,-0.199
1.602,-3.561
0.652,-2.293
0.229,-2.365
-0.028,-0.891
-0.157,-1.813
-1.42,-1.815
-2.678,-0.078
0.075,-1.75
0.066,-1.424
-0.231,-1.841
-1.22,-1.305
-2.252,-1.974
1.265,-1.924
0.217,-0.552
-0.114,-2.065
-0.3,-3.998
1.01,-3.706
-0.114,-3.736
-0.269,-3.396
0.038,-0.013
0.031,-1.091
-0.028,0.505
-0.018,-1.528
0.02,1.112
-0.059,0.433
-0.059,-1.18
-0.214,-1.907
-0.149,-1.78
-0.227,-2.856
-0.251,-1.171
-0.289,-0.568
-0.211,-0.087
-0.337,0.487
-0.362,-0.723
-0.431,-0.073
-0.439,-1.178
-0.463,-1.55
-0.442,-0.607
-0.455,-2.261
-0.563,1.169
-0.553,-1.271
-0.561,0.114
-0.583,-0.241
-0.789,0.192
-0.777,-0.729
-0.891,-2.866
-1.039,-1.449
-1.482,0.742
-1.492,-0.086
-1.762,-3.123
-2.126,-3.218
2.789,-3.08
2.351,-3.039
2.212,-2.826
1.77,-2.931
1.543,-2.99
1.058,-3.236
0.723,-3.181
0.23,-3.087
-0.165,-2.946
-0.457,-3.109
-0.767,-2.996
-1.49,-2.889
-1.871,1.104
-2.327,1.407
-3.092,1.389
3.039,1.002
1.643,1.208
1.544,1.393
1.127,1.287
0.711,1.366
-0.282,1.291
-1.965,0.179
-2.125,-1.587
3.028,-1.222
2.36,1.127
1.595,-1.848
-0.221,-1.193
-1.696,-0.525
-1.593,-1.131
-1.617,-1.506
-1.691,-1.284
-1.919,-0.413
-1.948,-2.368
-1.858,-0.95
-1.838,-2.179
-2.067,-2.724
-1.99,-2.701
-2.381,-1.478
-2.282,-0.861
-2.32,0.603
-2.408,-1.291
-2.411,-1.402
-2.579,-0.8
-2.512,0.73
-2.494,-0.38
-2.719,-0.137
-2.826,0.914
-2.889,-1.624
-3.01,-2.839
-2.968,0.732
-2.972,-1.493
-3.044,-2.251
-3.131,-1.338
2.974,-0.685
2.826,-0.4
2.818,-1.401
2.792,-1.415
2.791,0.582
2.659,-0.292
2.734,-2.698
2.751,0.184
2.505,-2.567
2.583,-2.66
2.435,-0.196
2.347,-2.823
2.353,-1.862
2.325,-2.604
2.388,0.821
2.345,0.849
2.204,-0.066
1.921,-2.663
1.693,-1.273
1.65,1.153
1.591,-0.343
1.442,-1.325
1.333,0.973
1.234,-1.217
1.313,-0.383
1.22,-1.145
1.193,-2.77
0.955,-0.488
0.833,-1.827
0.734,-2.906
0.714,-1.554
0.271,-1.696
0.286,-1.66
0.151,-2.715
0.055,-1.004
-0.123,-0.639
-0.275,-2.01
-0.232,-2.314
-0.235,-2.78
-0.354,-0.773
-0.233,-2.701
-0.267,-2.496
-0.407,0.987
-0.42,1.022
-0.425,-1.839
-0.587,-1.322
-0.519,-0.006
-0.614,0.427
-0.521,-0.514
-0.593,-0.798
-0.704,-1.662
-0.866,0.689
-0.984,-2.486
-1.295,-2.486
-1.366,-0.172
-1.394,0.967
-1.457,0.212
-1.454,-0.052
-1.489,0.941
-1.401,-2.823
-1.513,-1.015
-1.514,-2.759
-1.517,-1.579
-1.544,-1.548
-2.087,-3.074
-2.214,-3.097
-2.381,-3.098
-2.459,-2.923
3.012,-3.005
2.837,-3.263
2.796,-2.943
1.733,-3.019
1.737,-3.237
1.319,-3.006
0.893,-3.053
0.502,-3.23
-0.167,-2.976
-0.257,-2.952
-0.297,-3.173
-1.102,-3.118
-2.148,1.494
-2.248,1.32
-2.961,1.28
-2.951,1.332
-3.124,1.311
1.144,1.427
0.121,1.213
-0.32,1.193
-0.392,1.284
-1.168,1.462
-2.195,-0.183
-2.945,0.669
1.643,-2.693
0.693,-1.425
0.27,-1.497
0.013,-0.023
-0.116,-0.945
-1.379,-0.947
-2.637,0.79
0.116,-0.882
0.107,-0.556
-0.19,-0.973
-1.179,-0.437
-2.211,-1.106
1.306,-1.056
0.258,0.316
-0.073,-1.197
-0.259,-3.13
1.051,-2.838
-0.073,-2.868
-0.228,-2.528
-0.007,-1.078
-0.066,0.518
-0.056,-1.515
-0.018,1.125
-0.097,0.446
-0.097,-1.167
-0.252,-1.894
-0.187,-1.767
-0.265,-2.843
-0.289,-1.158
-0.327,-0.555
-0.249,-0.074
-0.375,0.5
-0.4,-0.71
-0.469,-0.06
-0.477,-1.165
-0.501,-1.537
-0.48,-0.594
-0.493,-2.248
-0.601,1.182
-0.591,-1.258
-0.599,0.127
-0.621,-0.228
-0.827,0.205
-0.815,-0.716
-0.929,-2.853
-1.077,-1.436
-1.52,0.755
-1.53,-0.073
-1.8,-3.11
-2.164,-3.205
2.751,-3.067
2.313,-3.026
2.174,-2.813
1.732,-2.918
1.505,-2.977
1.02,-3.223
0.685,-3.168
0.192,-3.074
-0.203,-2.933
-0.495,-3.096
-0.805,-2.983
-1.528,-2.876
-1.909,1.117
-2.365,1.42
-3.13,1.402
3.001,1.015
1.605,1.221
1.506,1.406
1.089,1.3
0.673,1.379
-0.32,1.304
-2.003,0.192
-2.163,-1.574
2.99,-1.209
2.322,1.14
1.557,-1.835
-0.259,-1.18
-1.734,-0.512
-1.631,-1.118
-1.655,-1.493
-1.729,-1.271
-1.957,-0.4
-1.986,-2.355
-1.896,-0.937
-1.876,-2.166
-2.105,-2.711
-2.028,-2.688
-2.419,-1.465
-2.32,-0.848
-2.358,0.616
-2.446,-1.278
-2.449,-1.389
-2.617,-0.787
-2.55,0.743
-2.532,-0.367
-2.757,-0.124
-2.864,0.927
-2.927,-1.611
-3.048,-2.826
-3.006,0.745
-3.01,-1.48
-3.082,-2.238
3.114,-1.325
2.936,-0.672
2.788,-0.387
2.78,-1.388
2.754,-1.402
2.753,0.595
2.621,-0.279
2.696,-2.685
2.713,0.197
2.467,-2.554
2.545,-2.647
2.397,-0.183
2.309,-2.81
2.315,-1.849
2.287,-2.591
2.35,0.834
2.307,0.862
2.166,-0.053
1.883,-2.65
1.655,-1.26
1.612,1.166
1.553,-0.33
1.404,-1.312
1.295,0.986
1.196,-1.204
1.275,-0.37
1.182,-1.132
1.155,-2.757
0.917,-0.475
0.795,-1.814
0.696,-2.893
0.676,-1.541
0.233,-1.683
0.248,-1.647
0.113,-2.702
0.017,-0.991
-0.161,-0.626
-0.313,-1.997
-0.27,-2.301
-0.273,-2.767
-0.392,-0.76
-0.271,-2.688
-0.305,-2.483
-0.445,1.0
-0.458,1.035
-0.463,-1.826
-0.625,-1.309
-0.557,0.007
-0.652,0.44
-0.559,-0.501
-0.631,-0.785
-0.742,-1.649
-0.904,0.702
-1.022,-2.473
-1.333,-2.473
-1.404,-0.159
-1.432,0.98
-1.495,0.225
-1.492,-0.039
-1.527,0.954
-1.439,-2.81
-1.551,-1.002
-1.552,-2.746
-1.555,-1.566
-1.582,-1.535
-2.125,-3.061
-2.252,-3.084
-2.419,-3.085
-2.497,-2.91
2.974,-2.992
2.799,-3.25
2.758,-2.93
1.695,-3.006
1.699,-3.224
1.281,-2.993
0.855,-3.04
0.464,-3.217
-0.205,-2.963
-0.295,-2.939
-0.335,-3.16
-1.14,-3.105
-2.186,1.507
-2.286,1.333
-2.999,1.293
-2.989,1.345
3.121,1.324
1.106,1.44
0.083,1.226
-0.358,1.206
-0.43,1.297
-1.206,1.475
-2.233,-0.17
-2.983,0.682
1.605,-2.68
0.655,-1.412
0.232,-1.484
-0.025,-0.01
-0.154,-0.932
-1.417,-0.934
-2.675,0.803
0.078,-0.869
0.069,-0.543
-0.228,-0.96
-1.217,-0.424
-2.249,-1.093
1.268,-1.043
0.22,0.329
-0.111,-1.184
-0.297,-3.117
1.013,-2.825
-0.111,-2.855
-0.266,-2.515
-0.059,1.596
-0.049,-0.437
-0.011,2.203
-0.09,1.524
-0.09,-0.089
-0.245,-0.816
-0.18,-0.689
-0.258,-1.765
-0.282,-0.08
-0.32,0.523
-0.242,1.004
-0.368,1.578
-0.393,0.368
-0.462,1.018
-0.47,-0.087
-0.494,-0.459
-0.473,0.484
-0.486,-1.17
-0.594,2.26
-0.584,-0.18
-0.592,1.205
-0.614,0.85
-0.82,1.283
-0.808,0.362
-0.922,-1.775
-1.07,-0.358
-1.513,1.833
-1.523,1.005
-1.793,-2.032
-2.157,-2.127
2.758,-1.989
2.32,-1.948
2.181,-1.735
1.739,-1.84
1.512,-1.899
1.027,-2.145
0.692,-2.09
0.199,-1.996
-0.196,-1.855
-0.488,-2.018
-0.798,-1.905
-1.521,-1.798
-1.902,2.195
-2.358,2.498
-3.123,2.48
3.008,2.093
1.612,2.299
1.513,2.484
1.096,2.378
0.68,2.457
-0.313,2.382
-1.996,1.27
-2.156,-0.496
2.997,-0.131
2.329,2.218
1.564,-0.757
-0.252,-0.102
-1.727,0.566
-1.624,-0.04
-1.648,-0.415
-1.722,-0.193
-1.95,0.678
-1.979,-1.277
-1.889,0.141
-1.869,-1.088
-2.098,-1.633
-2.021,-1.61
-2.412,-0.387
-2.313,0.23
-2.351,1.694
-2.439,-0.2
-2.442,-0.311
-2.61,0.291
-2.543,1.821
-2.525,0.711
-2.75,0.954
-2.857,2.005
-2.92,-0.533
-3.041,-1.748
-2.999,1.823
-3.003,-0.402
-3.075,-1.16
3.121,-0.247
2.943,0.406
2.795,0.691
2.787,-0.31
2.761,-0.324
2.76,1.673
2.628,0.799
2.703,-1.607
2.72,1.275
2.474,-1.476
2.552,-1.569
2.404,0.895
2.316,-1.732
2.322,-0.771
2.294,-1.513
2.357,1.912
2.314,1.94
2.173,1.025
1.89,-1.572
1.662,-0.182
1.619,2.244
1.56,0.748
1.411,-0.234
1.302,2.064
1.203,-0.126
1.282,0.708
1.189,-0.054
1.162,-1.679
0.924,0.603
0.802,-0.736
0.703,-1.815
0.683,-0.463
0.24,-0.605
0.255,-0.569
0.12,-1.624
0.024,0.087
-0.154,0.452
-0.306,-0.919
-0.263,-1.223
-0.266,-1.689
-0.385,0.318
-0.264,-1.61
-0.298,-1.405
-0.438,2.078
-0.451,2.113
-0.456,-0.748
-0.618,-0.231
-0.55,1.085
-0.645,1.518
-0.552,0.577
-0.624,0.293
-0.735,-0.571
-0.897,1.78
-1.015,-1.395
-1.326,-1.395
-1.397,0.919
-1.425,2.058
-1.488,1.303
-1.485,1.039
-1.52,2.032
-1.432,-1.732
-1.544,0.076
-1.545,-1.668
-1.548,-0.488
-1.575,-0.457
-2.118,-1.983
-2.245,-2.006
-2.412,-2.007
-2.49,-1.832
2.981,-1.914
2.806,-2.172
2.765,-1.852
1.702,-1.928
1.706,-2.146
1.288,-1.915
0.862,-1.962
0.471,-2.139
-0.198,-1.885
-0.288,-1.861
-0.328,-2.082
-1.133,-2.027
-2.179,2.585
-2.279,2.411
-2.992,2.371
-2.982,2.423
3.128,2.402
1.113,2.518
0.09,2.304
-0.351,2.284
-0.423,2.375
-1.199,2.553
-2.226,0.908
-2.976,1.76
1.612,-1.602
0.662,-0.334
0.239,-0.406
-0.018,1.068
-0.147,0.146
-1.41,0.144
-2.668,1.881
0.085,0.209
0.076,0.535
-0.221,0.118
-1.21,0.654
-2.242,-0.015
1.275,0.035
0.227,1.407
-0.104,-0.106
-0.29,-2.039
1.02,-1.747
-0.104,-1.777
-0.259,-1.437
0.01,-2.033
0.048,0.607
-0.031,-0.072
-0.031,-1.685
-0.186,-2.412
-0.121,-2.285
-0.199,-3.361
-0.223,-1.676
-0.261,-1.073
-0.183,-0.592
-0.309,-0.018
-0.334,-1.228
-0.403,-0.578
-0.411,-1.683
-0.435,-2.055
-0.414,-1.112
-0.427,-2.766
-0.535,0.664
-0.525,-1.776
-0.533,-0.391
-0.555,-0.746
-0.761,-0.313
-0.749,-1.234
-0.863,-3.371
-1.011,-1.954
-1.454,0.237
-1.464,-0.591
-1.734,-3.628
-2.098,-3.723
2.817,-3.585
2.379,-3.544
2.24,-3.331
1.798,-3.436
1.571,-3.495
1.086,-3.741
0.751,-3.686
0.258,-3.592
-0.137,-3.451
-0.429,-3.614
-0.739,-3.501
-1.462,-3.394
-1.843,0.599
-2.299,0.902
-3.064,0.884
3.067,0.497
1.671,0.703
1.572,0.888
1.155,0.782
0.739,0.861
-0.254,0.786
-1.937,-0.326
-2.097,-2.092
3.056,-1.727
2.388,0.622
1.623,-2.353
-0.193,-1.698
-1.668,-1.03
-1.565,-1.636
-1.589,-2.011
-1.663,-1.789
-1.891,-0.918
-1.92,-2.873
-1.83,-1.455
-1.81,-2.684
-2.039,-3.229
-1.962,-3.206
-2.353,-1.983
-2.254,-1.366
-2.292,0.098
-2.38,-1.796
-2.383,-1.907
-2.551,-1.305
-2.484,0.225
-2.466,-0.885
-2.691,-0.642
-2.798,0.409
-2.861,-2.129
-2.982,-3.344
-2.94,0.227
-2.944,-1.998
-3.016,-2.756
-3.103,-1.843
3.002,-1.19
2.854,-0.905
2.846,-1.906
2.82,-1.92
2.819,0.077
2.687,-0.797
2.762,-3.203
2.779,-0.321
2.533,-3.072
2.611,-3.165
2.463,-0.701
2.375,-3.328
2.381,-2.367
2.353,-3.109
2.416,0.316
2.373,0.344
2.232,-0.571
1.949,-3.168
1.721,-1.778
1.678,0.648
1.619,-0.848
1.47,-1.83
1.361,0.468
1.262,-1.722
1.341,-0.888
1.248,-1.65
1.221,-3.275
0.983,-0.993
0.861,-2.332
0.762,-3.411
0.742,-2.059
0.299,-2.201
0.314,-2.165
0.179,-3.22
0.083,-1.509
-0.095,-1.144
-0.247,-2.515
-0.204,-2.819
-0.207,-3.285
-0.326,-1.278
-0.205,-3.206
-0.239,-3.001
-0.379,0.482
-0.392,0.517
-0.397,-2.344
-0.559,-1.827
-0.491,-0.511
-0.586,-0.078
-0.493,-1.019
-0.565,-1.303
-0.676,-2.167
-0.838,0.184
-0.956,-2.991
-1.267,-2.991
-1.338,-0.677
-1.366,0.462
-1.429,-0.293
-1.426,-0.557
-1.461,0.436
-1.373,-3.328
-1.485,-1.52
-1.486,-3.264
-1.489,-2.084
-1.516,-2.053
-2.059,-3.579
-2.186,-3.602
-2.353,-3.603
-2.431,-3.428
3.04,-3.51
2.865,-3.768
2.824,-3.448
1.761,-3.524
1.765,-3.742
1.347,-3.511
0.921,-3.558
0.53,-3.735
-0.139,-3.481
-0.229,-3.457
-0.269,-3.678
-1.074,-3.623
-2.12,0.989
-2.22,0.815
-2.933,0.775
-2.923,0.827
-3.096,0.806
1.172,0.922
0.149,0.708
-0.292,0.688
-0.364,0.779
-1.14,0.957
-2.167,-0.688
-2.917,0.164
1.671,-3.198
0.721,-1.93
0.298,-2.002
0.041,-0.528
-0.088,-1.45
-1.351,-1.452
-2.609,0.285
0.144,-1.387
0.135,-1.061
-0.162,-1.478
-1.151,-0.942
-2.183,-1.611
1.334,-1.561
0.286,-0.189
-0.045,-1.702
-0.231,-3.635
1.079,-3.343
-0.045,-3.373
-0.2,-3.033
0.038,2.64
-0.041,1.961
-0.041,0.348
-0.196,-0.379
-0.131,-0.252
-0.209,-1.328
-0.233,0.357
-0.271,0.96
-0.193,1.441
-0.319,2.015
-0.344,0.805
-0.413,1.455
-0.421,0.35
-0.445,-0.022
-0.424,0.921
-0.437,-0.733
-0.545,2.697
-0.535,0.257
-0.543,1.642
-0.565,1.287
-0.771,1.72
-0.759,0.799
-0.873,-1.338
-1.021,0.079
-1.464,2.27
-1.474,1.442
-1.744,-1.595
-2.108,-1.69
2.807,-1.552
2.369,-1.511
2.23,-1.298
1.788,-1.403
1.561,-1.462
1.076,-1.708
0.741,-1.653
0.248,-1.559
-0.147,-1.418
-0.439,-1.581
-0.749,-1.468
-1.472,-1.361
-1.853,2.632
-2.309,2.935
-3.074,2.917
3.057,2.53
1.661,2.736
1.562,2.921
1.145,2.815
0.729,2.894
-0.264,2.819
-1.947,1.707
-2.107,-0.059
3.046,0.306
2.378,2.655
1.613,-0.32
-0.203,0.335
-1.678,1.003
-1.575,0.397
-1.599,0.022
-1.673,0.244
-1.901,1.115
-1.93,-0.84
-1.84,0.578
-1.82,-0.651
-2.049,-1.196
-1.972,-1.173
-2.363,0.05
-2.264,0.667
-2.302,2.131
-2.39,0.237
-2.393,0.126
-2.561,0.728
-2.494,2.258
-2.476,1.148
-2.701,1.391
-2.808,2.442
-2.871,-0.096
-2.992,-1.311
-2.95,2.26
-2.954,0.035
-3.026,-0.723
-3.113,0.19
2.992,0.843
2.844,1.128
2.836,0.127
2.81,0.113
2.809,2.11
2.677,1.236
2.752,-1.17
2.769,1.712
2.523,-1.039
2.601,-1.132
2.453,1.332
2.365,-1.295
2.371,-0.334
2.343,-1.076
2.406,2.349
2.363,2.377
2.222,1.462
1.939,-1.135
1.711,0.255
1.668,2.681
1.609,1.185
1.46,0.203
1.351,2.501
1.252,0.311
1.331,1.145
1.238,0.383
1.211,-1.242
0.973,1.04
0.851,-0.299
0.752,-1.378
0.732,-0.026
0.289,-0.168
0.304,-0.132
0.169,-1.187
0.073,0.524
-0.105,0.889
-0.257,-0.482
-0.214,-0.786
-0.217,-1.252
-0.336,0.755
-0.215,-1.173
-0.249,-0.968
-0.389,2.515
-0.402,2.55
-0.407,-0.311
-0.569,0.206
-0.501,1.522
-0.596,1.955
-0.503,1.014
-0.575,0.73
-0.686,-0.134
-0.848,2.217
-0.966,-0.958
-1.277,-0.958
-1.348,1.356
-1.376,2.495
-1.439,1.74
-1.436,1.476
-1.471,2.469
-1.383,-1.295
-1.495,0.513
-1.496,-1.231
-1.499,-0.051
-1.526,-0.02
-2.069,-1.546
-2.196,-1.569
-2.363,-1.57
-2.441,-1.395
3.03,-1.477
2.855,-1.735
2.814,-1.415
1.751,-1.491
1.755,-1.709
1.337,-1.478
0.911,-1.525
0.52,-1.702
-0.149,-1.448
-0.239,-1.424
-0.279,-1.645
-1.084,-1.59
-2.13,3.022
-2.23,2.848
-2.943,2.808
-2.933,2.86
-3.106,2.839
1.162,2.955
0.139,2.741
-0.302,2.721
-0.374,2.812
-1.15,2.99
-2.177,1.345
-2.927,2.197
1.661,-1.165
0.711,0.103
0.288,0.031
0.031,1.505
-0.098,0.583
-1.361,0.581
-2.619,2.318
0.134,0.646
0.125,0.972
-0.172,0.555
-1.161,1.091
-2.193,0.422
1.324,0.472
0.276,1.844
-0.055,0.331
-0.241,-1.602
1.069,-1.31
-0.055,-1.34
-0.21,-1.0
-0.079,-0.679
-0.079,-2.292
-0.234,-3.019
-0.169,-2.892
-0.247,-3.968
-0.271,-2.283
-0.309,-1.68
-0.231,-1.199
-0.357,-0.625
-0.382,-1.835
-0.451,-1.185
-0.459,-2.29
-0.483,-2.662
-0.462,-1.719
-0.475,-3.373
-0.583,0.057
-0.573,-2.383
-0.581,-0.998
-0.603,-1.353
-0.809,-0.92
-0.797,-1.841
-0.911,-3.978
-1.059,-2.561
-1.502,-0.37
-1.512,-1.198
-1.782,-4.235
-2.146,-4.33
2.769,-4.192
2.331,-4.151
2.192,-3.938
1.75,-4.043
1.523,-4.102
1.038,-4.348
0.703,-4.293
0.21,-4.199
-0.185,-4.058
-0.477,-4.221
-0.787,-4.108
-1.51,-4.001
-1.891,-0.008
-2.347,0.295
-3.112,0.277
3.019,-0.11
1.623,0.096
1.524,0.281
1.107,0.175
0.691,0.254
-0.302,0.179
-1.985,-0.933
-2.145,-2.699
3.008,-2.334
2.34,0.015
1.575,-2.96
-0.241,-2.305
-1.716,-1.637
-1.613,-2.243
-1.637,-2.618
-1.711,-2.396
-1.939,-1.525
-1.968,-3.48
-1.878,-2.062
-1.858,-3.291
-2.087,-3.836
-2.01,-3.813
-2.401,-2.59
-2.302,-1.973
-2.34,-0.509
-2.428,-2.403
-2.431,-2.514
-2.599,-1.912
-2.532,-0.382
-2.514,-1.492
-2.739,-1.249
-2.846,-0.198
-2.909,-2.736
-3.03,-3.951
-2.988,-0.38
-2.992,-2.605
-3.064,-3.363
3.132,-2.45
2.954,-1.797
2.806,-1.512
2.798,-2.513
2.772,-2.527
2.771,-0.53
2.639,-1.404
2.714,-3.81
2.731,-0.928
2.485,-3.679
2.563,-3.772
2.415,-1.308
2.327,-3.935
2.333,-2.974
2.305,-3.716
2.368,-0.291
2.325,-0.263
2.184,-1.178
1.901,-3.775
1.673,-2.385
1.63,0.041
1.571,-1.455
1.422,-2.437
1.313,-0.139
1.214,-2.329
1.293,-1.495
1.2,-2.257
1.173,-3.882
0.935,-1.6
0.813,-2.939
0.714,-4.018
0.694,-2.666
0.251,-2.808
0.266,-2.772
0.131,-3.827
0.035,-2.116
-0.143,-1.751
-0.295,-3.122
-0.252,-3.426
-0.255,-3.892
-0.374,-1.885
-0.253,-3.813
-0.287,-3.608
-0.427,-0.125
-0.44,-0.09
-0.445,-2.951
-0.607,-2.434
-0.539,-1.118
-0.634,-0.685
-0.541,-1.626
-0.613,-1.91
-0.724,-2.774
-0.886,-0.423
-1.004,-3.598
-1.315,-3.598
-1.386,-1.284
-1.414,-0.145
-1.477,-0.9
-1.474,-1.164
-1.509,-0.171
-1.421,-3.935
-1.533,-2.127
-1.534,-3.871
-1.537,-2.691
-1.564,-2.66
-2.107,-4.186
-2.234,-4.209
-2.401,-4.21
-2.479,-4.035
2.992,-4.117
2.817,-4.375
2.776,-4.055
1.713,-4.131
1.717,-4.349
1.299,-4.118
0.873,-4.165
0.482,-4.342
-0.187,-4.088
-0.277,-4.064
-0.317,-4.285
-1.122,-4.23
-2.168,0.382
-2.268,0.208
-2.981,0.168
-2.971,0.22
3.139,0.199
1.124,0.315
0.101,0.101
-0.34,0.081
-0.412,0.172
-1.188,0.35
-2.215,-1.295
-2.965,-0.443
1.623,-3.805
0.673,-2.537
0.25,-2.609
-0.007,-1.135
-0.136,-2.057
-1.399,-2.059
-2.657,-0.322
0.096,-1.994
0.087,-1.668
-0.21,-2.085
-1.199,-1.549
-2.231,-2.218
1.286,-2.168
0.238,-0.796
-0.093,-2.309
-0.279,-4.242
1.031,-3.95
-0.093,-3.98
-0.248,-3.64
0.0,-1.613
-0.155,-2.34
-0.09,-2.213
-0.168,-3.289
-0.192,-1.604
-0.23,-1.001
-0.152,-0.52
-0.278,0.054
-0.303,-1.156
-0.372,-0.506
-0.38,-1.611
-0.404,-1.983
-0.383,-1.04
-0.396,-2.694
-0.504,0.736
-0.494,-1.704
-0.502,-0.319
-0.524,-0.674
-0.73,-0.241
-0.718,-1.162
-0.832,-3.299
-0.98,-1.882
-1.423,0.309
-1.433,-0.519
-1.703,-3.556
-2.067,-3.651
2.848,-3.513
2.41,-3.472
2.271,-3.259
1.829,-3.364
1.602,-3.423
1.117,-3.669
0.782,-3.614
0.289,-3.52
-0.106,-3.379
-0.398,-3.542
-0.708,-3.429
-1.431,-3.322
-1.812,0.671
-2.268,0.974
-3.033,0.956
3.098,0.569
1.702,0.775
1.603,0.96
1.186,0.854
0.77,0.933
-0.223,0.858
-1.906,-0.254
-2.066,-2.02
3.087,-1.655
2.419,0.694
1.654,-2.281
-0.162,-1.626
-1.637,-0.958
-1.534,-1.564
-1.558,-1.939
-1.632,-1.717
-1.86,-0.846
-1.889,-2.801
-1.799,-1.383
-1.779,-2.612
-2.008,-3.157
-1.931,-3.134
-2.322,-1.911
-2.223,-1.294
-2.261,0.17
-2.349,-1.724
-2.352,-1.835
-2.52,-1.233
-2.453,0.297
-2.435,-0.813
-2.66,-0.57
-2.767,0.481
-2.83,-2.057
-2.951,-3.272
-2.909,0.299
-2.913,-1.926
-2.985,-2.684
-3.072,-1.771
3.033,-1.118
2.885,-0.833
2.877,-1.834
2.851,-1.848
2.85,0.149
2.718,-0.725
2.793,-3.131
2.81,-0.249
2.564,-3.0
2.642,-3.093
2.494,-0.629
2.406,-3.256
2.412,-2.295
2.384,-3.037
2.447,0.388
2.404,0.416
2.263,-0.499
1.98,-3.096
1.752,-1.706
1.709,0.72
1.65,-0.776
1.501,-1.758
1.392,0.54
1.293,-1.65
1.372,-0.816
1.279,-1.578
1.252,-3.203
1.014,-0.921
0.892,-2.26
0.793,-3.339
0.773,-1.987
0.33,-2.129
0.345,-2.093
0.21,-3.148
0.114,-1.437
-0.064,-1.072
-0.216,-2.443
-0.173,-2.747
-0.176,-3.213
-0.295,-1.206
-0.174,-3.134
-0.208,-2.929
-0.348,0.554
-0.361,0.589
-0.366,-2.272
-0.528,-1.755
-0.46,-0.439
-0.555,-0.006
-0.462,-0.947
-0.534,-1.231
-0.645,-2.095
-0.807,0.256
-0.925,-2.919
-1.236,-2.919
-1.307,-0.605
-1.335,0.534
-1.398,-0.221
-1.395,-0.485
-1.43,0.508
-1.342,-3.256
-1.454,-1.448
-1.455,-3.192
-1.458,-2.012
-1.485,-1.981
-2.028,-3.507
-2.155,-3.53
-2.322,-3.531
-2.4,-3.356
3.071,-3.438
2.896,-3.696
2.855,-3.376
1.792,-3.452
1.796,-3.67
1.378,-3.439
0.952,-3.486
0.561,-3.663
-0.108,-3.409
-0.198,-3.385
-0.238,-3.606
-1.043,-3.551
-2.089,1.061
-2.189,0.887
-2.902,0.847
-2.892,0.899
-3.065,0.878
1.203,0.994
0.18,0.78
-0.261,0.76
-0.333,0.851
-1.109,1.029
-2.136,-0.616
-2.886,0.236
1.702,-3.126
0.752,-1.858
0.329,-1.93
0.072,-0.456
-0.057,-1.378
-1.32,-1.38
-2.578,0.357
0.175,-1.315
0.166,-0.989
-0.131,-1.406
-1.12,-0.87
-2.152,-1.539
1.365,-1.489
0.317,-0.117
-0.014,-1.63
-0.2,-3.563
1.11,-3.271
-0.014,-3.301
-0.169,-2.961
-0.155,-0.727
-0.09,-0.6
-0.168,-1.676
-0.192,0.009
-0.23,0.612
-0.152,1.093
-0.278,1.667
-0.303,0.457
-0.372,1.107
-0.38,0.002
-0.404,-0.37
-0.383,0.573
-0.396,-1.081
-0.504,2.349
-0.494,-0.091
-0.502,1.294
-0.524,0.939
-0.73,1.372
-0.718,0.451
-0.832,-1.686
-0.98,-0.269
-1.423,1.922
-1.433,1.094
-1.703,-1.943
-2.067,-2.038
2.848,-1.9
2.41,-1.859
2.271,-1.646
1.829,-1.751
1.602,-1.81
1.117,-2.056
0.782,-2.001
0.289,-1.907
-0.106,-1.766
-0.398,-1.929
-0.708,-1.816
-1.431,-1.709
-1.812,2.284
-2.268,2.587
-3.033,2.569
3.098,2.182
1.702,2.388
1.603,2.573
1.186,2.467
0.77,2.546
-0.223,2.471
-1.906,1.359
-2.066,-0.407
3.087,-0.042
2.419,2.307
1.654,-0.668
-0.162,-0.013
-1.637,0.655
-1.534,0.049
-1.558,-0.326
-1.632,-0.104
-1.86,0.767
-1.889,-1.188
-1.799,0.23
-1.779,-0.999
-2.008,-1.544
-1.931,-1.521
-2.322,-0.298
-2.223,0.319
-2.261,1.783
-2.349,-0.111
-2.352,-0.222
-2.52,0.38
-2.453,1.91
-2.435,0.8
-2.66,1.043
-2.767,2.094
-2.83,-0.444
-2.951,-1.659
-2.909,1.912
-2.913,-0.313
-2.985,-1.071
-3.072,-0.158
3.033,0.495
2.885,0.78
2.877,-0.221
2.851,-0.235
2.85,1.762
2.718,0.888
2.793,-1.518
2.81,1.364
2.564,-1.387
2.642,-1.48
2.494,0.984
2.406,-1.643
2.412,-0.682
2.384,-1.424
2.447,2.001
2.404,2.029
2.263,1.114
1.98,-1.483
1.752,-0.093
1.709,2.333
1.65,0.837
1.501,-0.145
1.392,2.153
1.293,-0.037
1.372,0.797
1.279,0.035
1.252,-1.59
1.014,0.692
0.892,-0.647
0.793,-1.726
0.773,-0.374
0.33,-0.516
0.345,-0.48
0.21,-1.535
0.114,0.176
-0.064,0.541
-0.216,-0.83
-0.173,-1.134
-0.176,-1.6
-0.295,0.407
-0.174,-1.521
-0.208,-1.316
-0.348,2.167
-0.361,2.202
-0.366,-0.659
-0.528,-0.142
-0.46,1.174
-0.555,1.607
-0.462,0.666
-0.534,0.382
-0.645,-0.482
-0.807,1.869
-0.925,-1.306
-1.236,-1.306
-1.307,1.008
-1.335,2.147
-1.398,1.392
-1.395,1.128
-1.43,2.121
-1.342,-1.643
-1.454,0.165
-1.455,-1.579
-1.458,-0.399
-1.485,-0.368
-2.028,-1.894
-2.155,-1.917
-2.322,-1.918
-2.4,-1.743
3.071,-1.825
2.896,-2.083
2.855,-1.763
1.792,-1.839
1.796,-2.057
1.378,-1.826
0.952,-1.873
0.561,-2.05
-0.108,-1.796
-0.198,-1.772
-0.238,-1.993
-1.043,-1.938
-2.089,2.674
-2.189,2.5
-2.902,2.46
-2.892,2.512
-3.065,2.491
1.203,2.607
0.18,2.393
-0.261,2.373
-0.333,2.464
-1.109,2.642
-2.136,0.997
-2.886,1.849
1.702,-1.513
0.752,-0.245
0.329,-0.317
0.072,1.157
-0.057,0.235
-1.32,0.233
-2.578,1.97
0.175,0.298
0.166,0.624
-0.131,0.207
-1.12,0.743
-2.152,0.074
1.365,0.124
0.317,1.496
-0.014,-0.017
-0.2,-1.95
1.11,-1.658
-0.014,-1.688
-0.169,-1.348
0.065,0.127
-0.013,-0.949
-0.037,0.736
-0.075,1.339
0.003,1.82
-0.123,2.394
-0.148,1.184
-0.217,1.834
-0.225,0.729
-0.249,0.357
-0.228,1.3
-0.241,-0.354
-0.349,3.076
-0.339,0.636
-0.347,2.021
-0.369,1.666
-0.575,2.099
-0.563,1.178
-0.677,-0.959
-0.825,0.458
-1.268,2.649
-1.278,1.821
-1.548,-1.216
-1.912,-1.311
3.003,-1.173
2.565,-1.132
2.426,-0.919
1.984,-1.024
1.757,-1.083
1.272,-1.329
0.937,-1.274
0.444,-1.18
0.049,-1.039
-0.243,-1.202
-0.553,-1.089
-1.276,-0.982
-1.657,3.011
-2.113,3.314
-2.878,3.296
-3.03,2.909
1.857,3.115
1.758,3.3
1.341,3.194
0.925,3.273
-0.068,3.198
-1.751,2.086
-1.911,0.32
-3.041,0.685
2.574,3.034
1.809,0.059
-0.007,0.714
-1.482,1.382
-1.379,0.776
-1.403,0.401
-1.477,0.623
-1.705,1.494
-1.734,-0.461
-1.644,0.957
-1.624,-0.272
-1.853,-0.817
-1.776,-0.794
-2.167,0.429
-2.068,1.046
-2.106,2.51
-2.194,0.616
-2.197,0.505
-2.365,1.107
-2.298,2.637
-2.28,1.527
-2.505,1.77
-2.612,2.821
-2.675,0.283
-2.796,-0.932
-2.754,2.639
-2.758,0.414
-2.83,-0.344
-2.917,0.569
-3.095,1.222
3.04,1.507
3.032,0.506
3.006,0.492
3.005,2.489
2.873,1.615
2.948,-0.791
2.965,2.091
2.719,-0.66
2.797,-0.753
2.649,1.711
2.561,-0.916
2.567,0.045
2.539,-0.697
2.602,2.728
2.559,2.756
2.418,1.841
2.135,-0.756
1.907,0.634
1.864,3.06
1.805,1.564
1.656,0.582
1.547,2.88
1.448,0.69
1.527,1.524
1.434,0.762
1.407,-0.863
1.169,1.419
1.047,0.08
0.948,-0.999
0.928,0.353
0.485,0.211
0.5,0.247
0.365,-0.808
0.269,0.903
0.091,1.268
-0.061,-0.103
-0.018,-0.407
-0.021,-0.873
-0.14,1.134
-0.019,-0.794
-0.053,-0.589
-0.193,2.894
-0.206,2.929
-0.211,0.068
-0.373,0.585
-0.305,1.901
-0.4,2.334
-0.307,1.393
-0.379,1.109
-0.49,0.245
-0.652,2.596
-0.77,-0.579
-1.081,-0.579
-1.152,1.735
-1.18,2.874
-1.243,2.119
-1.24,1.855
-1.275,2.848
-1.187,-0.916
-1.299,0.892
-1.3,-0.852
-1.303,0.328
-1.33,0.359
-1.873,-1.167
-2.0,-1.19
-2.167,-1.191
-2.245,-1.016
-3.057,-1.098
3.051,-1.356
3.01,-1.036
1.947,-1.112
1.951,-1.33
1.533,-1.099
1.107,-1.146
0.716,-1.323
0.047,-1.069
-0.043,-1.045
-0.083,-1.266
-0.888,-1.211
-1.934,3.401
-2.034,3.227
-2.747,3.187
-2.737,3.239
-2.91,3.218
1.358,3.334
0.335,3.12
-0.106,3.1
-0.178,3.191
-0.954,3.369
-1.981,1.724
-2.731,2.576
1.857,-0.786
0.907,0.482
0.484,0.41
0.227,1.884
0.098,0.962
-1.165,0.96
-2.423,2.697
0.33,1.025
0.321,1.351
0.024,0.934
-0.965,1.47
-1.997,0.801
1.52,0.851
0.472,2.223
0.141,0.71
-0.045,-1.223
1.265,-0.931
0.141,-0.961
-0.014,-0.621
-0.078,-1.076
-0.102,0.609
-0.14,1.212
-0.062,1.693
-0.188,2.267
-0.213,1.057
-0.282,1.707
-0.29,0.602
-0.314,0.23
-0.293,1.173
-0.306,-0.481
-0.414,2.949
-0.404,0.509
-0.412,1.894
-0.434,1.539
-0.64,1.972
-0.628,1.051
-0.742,-1.086
-0.89,0.331
-1.333,2.522
-1.343,1.694
-1.613,-1.343
-1.977,-1.438
2.938,-1.3
2.5,-1.259
2.361,-1.046
1.919,-1.151
1.692,-1.21
1.207,-1.456
0.872,-1.401
0.379,-1.307
-0.016,-1.166
-0.308,-1.329
-0.618,-1.216
-1.341,-1.109
-1.722,2.884
-2.178,3.187
-2.943,3.169
-3.095,2.782
1.792,2.988
1.693,3.173
1.276,3.067
0.86,3.146
-0.133,3.071
-1.816,1.959
-1.976,0.193
-3.106,0.558
2.509,2.907
1.744,-0.068
-0.072,0.587
-1.547,1.255
-1.444,0.649
-1.468,0.274
-1.542,0.496
-1.77,1.367
-1.799,-0.588
-1.709,0.83
-1.689,-0.399
-1.918,-0.944
-1.841,-0.921
-2.232,0.302
-2.133,0.919
-2.171,2.383
-2.259,0.489
-2.262,0.378
-2.43,0.98
-2.363,2.51
-2.345,1.4
-2.57,1.643
-2.677,2.694
-2.74,0.156
-2.861,-1.059
-2.819,2.512
-2.823,0.287
-2.895,-0.471
-2.982,0.442
3.123,1.095
2.975,1.38
2.967,0.379
2.941,0.365
2.94,2.362
2.808,1.488
2.883,-0.918
2.9,1.964
2.654,-0.787
2.732,-0.88
2.584,1.584
2.496,-1.043
2.502,-0.082
2.474,-0.824
2.537,2.601
2.494,2.629
2.353,1.714
2.07,-0.883
1.842,0.507
1.799,2.933
1.74,1.437
1.591,0.455
1.482,2.753
1.383,0.563
1.462,1.397
1.369,0.635
1.342,-0.99
1.104,1.292
0.982,-0.047
0.883,-1.126
0.863,0.226
0.42,0.084
0.435,0.12
0.3,-0.935
0.204,0.776
0.026,1.141
-0.126,-0.23
-0.083,-0.534
-0.086,-1.0
-0.205,1.007
-0.084,-0.921
-0.118,-0.716
-0.258,2.767
-0.271,2.802
-0.276,-0.059
-0.438,0.458
-0.37,1.774
-0.465,2.207
-0.372,1.266
-0.444,0.982
-0.555,0.118
-0.717,2.469
-0.835,-0.706
-1.146,-0.706
-1.217,1.608
-1.245,2.747
-1.308,1.992
-1.305,1.728
-1.34,2.721
-1.252,-1.043
-1.364,0.765
-1.365,-0.979
-1.368,0.201
-1.395,0.232
-1.938,-1.294
-2.065,-1.317
-2.232,-1.318
-2.31,-1.143
-3.122,-1.225
2.986,-1.483
2.945,-1.163
1.882,-1.239
1.886,-1.457
1.468,-1.226
1.042,-1.273
0.651,-1.45
-0.018,-1.196
-0.108,-1.172
-0.148,-1.393
-0.953,-1.338
-1.999,3.274
-2.099,3.1
-2.812,3.06
-2.802,3.112
-2.975,3.091
1.293,3.207
0.27,2.993
-0.171,2.973
-0.243,3.064
-1.019,3.242
-2.046,1.597
-2.796,2.449
1.792,-0.913
0.842,0.355
0.419,0.283
0.162,1.757
0.033,0.835
-1.23,0.833
-2.488,2.57
0.265,0.898
0.256,1.224
-0.041,0.807
-1.03,1.343
-2.062,0.674
1.455,0.724
0.407,2.096
0.076,0.583
-0.11,-1.35
1.2,-1.058
0.076,-1.088
-0.079,-0.748
-0.024,1.685
-0.062,2.288
0.016,2.769
-0.11,3.343
-0.135,2.133
-0.204,2.783
-0.212,1.678
-0.236,1.306
-0.215,2.249
-0.228,0.595
-0.336,4.025
-0.326,1.585
-0.334,2.97
-0.356,2.615
-0.562,3.048
-0.55,2.127
-0.664,-0.01
-0.812,1.407
-1.255,3.598
-1.265,2.77
-1.535,-0.267
-1.899,-0.362
3.016,-0.224
2.578,-0.183
2.439,0.03
1.997,-0.075
1.77,-0.134
1.285,-0.38
0.95,-0.325
0.457,-0.231
0.062,-0.09
-0.23,-0.253
-0.54,-0.14
-1.263,-0.033
-1.644,3.96
-2.1,4.263
-2.865,4.245
-3.017,3.858
1.87,4.064
1.771,4.249
1.354,4.143
0.938,4.222
-0.055,4.147
-1.738,3.035
-1.898,1.269
-3.028,1.634
2.587,3.983
1.822,1.008
0.006,1.663
-1.469,2.331
-1.366,1.725
-1.39,1.35
-1.464,1.572
-1.692,2.443
-1.721,0.488
-1.631,1.906
-1.611,0.677
-1.84,0.132
-1.763,0.155
-2.154,1.378
-2.055,1.995
-2.093,3.459
-2.181,1.565
-2.184,1.454
-2.352,2.056
-2.285,3.586
-2.267,2.476
-2.492,2.719
-2.599,3.77
-2.662,1.232
-2.783,0.017
-2.741,3.588
-2.745,1.363
-2.817,0.605
-2.904,1.518
-3.082,2.171
3.053,2.456
3.045,1.455
3.019,1.441
3.018,3.438
2.886,2.564
2.961,0.158
2.978,3.04
2.732,0.289
2.81,0.196
2.662,2.66
2.574,0.033
2.58,0.994
2.552,0.252
2.615,3.677
2.572,3.705
2.431,2.79
2.148,0.193
1.92,1.583
1.877,4.009
1.818,2.513
1.669,1.531
1.56,3.829
1.461,1.639
1.54,2.473
1.447,1.711
1.42,0.086
1.182,2.368
1.06,1.029
0.961,-0.05
0.941,1.302
0.498,1.16
0.513,1.196
0.378,0.141
0.282,1.852
0.104,2.217
-0.048,0.846
-0.005,0.542
-0.008,0.076
-0.127,2.083
-0.006,0.155
-0.04,0.36
-0.18,3.843
-0.193,3.878
-0.198,1.017
-0.36,1.534
-0.292,2.85
-0.387,3.283
-0.294,2.342
-0.366,2.058
-0.477,1.194
-0.639,3.545
-0.757,0.37
-1.068,0.37
-1.139,2.684
-1.167,3.823
-1.23,3.068
-1.227,2.804
-1.262,3.797
-1.174,0.033
-1.286,1.841
-1.287,0.097
-1.29,1.277
-1.317,1.308
-1.86,-0.218
-1.987,-0.241
-2.154,-0.242
-2.232,-0.067
-3.044,-0.149
3.064,-0.407
3.023,-0.087
1.96,-0.163
1.964,-0.381
1.546,-0.15
1.12,-0.197
0.729,-0.374
0.06,-0.12
-0.03,-0.096
-0.07,-0.317
-0.875,-0.262
-1.921,4.35
-2.021,4.176
-2.734,4.136
-2.724,4.188
-2.897,4.167
1.371,4.283
0.348,4.069
-0.093,4.049
-0.165,4.14
-0.941,4.318
-1.968,2.673
-2.718,3.525
1.87,0.163
0.92,1.431
0.497,1.359
0.24,2.833
0.111,1.911
-1.152,1.909
-2.41,3.646
0.343,1.974
0.334,2.3
0.037,1.883
-0.952,2.419
-1.984,1.75
1.533,1.8
0.485,3.172
0.154,1.659
-0.032,-0.274
1.278,0.018
0.154,-0.012
-0.001,0.328
-0.038,0.603
0.04,1.084
-0.086,1.658
-0.111,0.448
-0.18,1.098
-0.188,-0.007
-0.212,-0.379
-0.191,0.564
-0.204,-1.09
-0.312,2.34
-0.302,-0.1
-0.31,1.285
-0.332,0.93
-0.538,1.363
-0.526,0.442
-0.64,-1.695
-0.788,-0.278
-1.231,1.913
-1.241,1.085
-1.511,-1.952
-1.875,-2.047
3.04,-1.909
2.602,-1.868
2.463,-1.655
2.021,-1.76
1.794,-1.819
1.309,-2.065
0.974,-2.01
0.481,-1.916
0.086,-1.775
-0.206,-1.938
-0.516,-1.825
-1.239,-1.718
-1.62,2.275
-2.076,2.578
-2.841,2.56
-2.993,2.173
1.894,2.379
1.795,2.564
1.378,2.458
0.962,2.537
-0.031,2.462
-1.714,1.35
-1.874,-0.416
-3.004,-0.051
2.611,2.298
1.846,-0.677
0.03,-0.022
-1.445,0.646
-1.342,0.04
-1.366,-0.335
-1.44,-0.113
-1.668,0.758
-1.697,-1.197
-1.607,0.221
-1.587,-1.008
-1.816,-1.553
-1.739,-1.53
-2.13,-0.307
-2.031,0.31
-2.069,1.774
-2.157,-0.12
-2.16,-0.231
-2.328,0.371
-2.261,1.901
-2.243,0.791
-2.468,1.034
-2.575,2.085
-2.638,-0.453
-2.759,-1.668
-2.717,1.903
-2.721,-0.322
-2.793,-1.08
-2.88,-0.167
-3.058,0.486
3.077,0.771
3.069,-0.23
3.043,-0.244
3.042,1.753
2.91,0.879
2.985,-1.527
3.002,1.355
2.756,-1.396
2.834,-1.489
2.686,0.975
2.598,-1.652
2.604,-0.691
2.576,-1.433
2.639,1.992
2.596,2.02
2.455,1.105
2.172,-1.492
1.944,-0.102
1.901,2.324
1.842,0.828
1.693,-0.154
1.584,2.144
1.485,-0.046
1.564,0.788
1.471,0.026
1.444,-1.599
1.206,0.683
1.084,-0.656
0.985,-1.735
0.965,-0.383
0.522,-0.525
0.537,-0.489
0.402,-1.544
0.306,0.167
0.128,0.532
-0.024,-0.839
0.019,-1.143
0.016,-1.609
-0.103,0.398
0.018,-1.53
-0.016,-1.325
-0.156,2.158
-0.169,2.193
-0.174,-0.668
-0.336,-0.151
-0.268,1.165
-0.363,1.598
-0.27,0.657
-0.342,0.373
-0.453,-0.491
-0.615,1.86
-0.733,-1.315
-1.044,-1.315
-1.115,0.999
-1.143,2.138
-1.206,1.383
-1.203,1.119
-1.238,2.112
-1.15,-1.652
-1.262,0.156
-1.263,-1.588
-1.266,-0.408
-1.293,-0.377
-1.836,-1.903
-1.963,-1.926
-2.13,-1.927
-2.208,-1.752
-3.02,-1.834
3.088,-2.092
3.047,-1.772
1.984,-1.848
1.988,-2.066
1.57,-1.835
1.144,-1.882
0.753,-2.059
0.084,-1.805
-0.006,-1.781
-0.046,-2.002
-0.851,-1.947
-1.897,2.665
-1.997,2.491
-2.71,2.451
-2.7,2.503
-2.873,2.482
1.395,2.598
0.372,2.384
-0.069,2.364
-0.141,2.455
-0.917,2.633
-1.944,0.988
-2.694,1.84
1.894,-1.522
0.944,-0.254
0.521,-0.326
0.264,1.148
0.135,0.226
-1.128,0.224
-2.386,1.961
0.367,0.289
0.358,0.615
0.061,0.198
-0.928,0.734
-1.96,0.065
1.557,0.115
0.509,1.487
0.178,-0.026
-0.008,-1.959
1.302,-1.667
0.178,-1.697
0.023,-1.357
0.078,0.481
-0.048,1.055
-0.073,-0.155
-0.142,0.495
-0.15,-0.61
-0.174,-0.982
-0.153,-0.039
-0.166,-1.693
-0.274,1.737
-0.264,-0.703
-0.272,0.682
-0.294,0.327
-0.5,0.76
-0.488,-0.161
-0.602,-2.298
-0.75,-0.881
-1.193,1.31
-1.203,0.482
-1.473,-2.555
-1.837,-2.65
3.078,-2.512
2.64,-2.471
2.501,-2.258
2.059,-2.363
1.832,-2.422
1.347,-2.668
1.012,-2.613
0.519,-2.519
0.124,-2.378
-0.168,-2.541
-0.478,-2.428
-1.201,-2.321
-1.582,1.672
-2.038,1.975
-2.803,1.957
-2.955,1.57
1.932,1.776
1.833,1.961
1.416,1.855
1.0,1.934
0.007,1.859
-1.676,0.747
-1.836,-1.019
-2.966,-0.654
2.649,1.695
1.884,-1.28
0.068,-0.625
-1.407,0.043
-1.304,-0.563
-1.328,-0.938
-1.402,-0.716
-1.63,0.155
-1.659,-1.8
-1.569,-0.382
-1.549,-1.611
-1.778,-2.156
-1.701,-2.133
-2.092,-0.91
-1.993,-0.293
-2.031,1.171
-2.119,-0.723
-2.122,-0.834
-2.29,-0.232
-2.223,1.298
-2.205,0.188
-2.43,0.431
-2.537,1.482
-2.6,-1.056
-2.721,-2.271
-2.679,1.3
-2.683,-0.925
-2.755,-1.683
-2.842,-0.77
-3.02,-0.117
3.115,0.168
3.107,-0.833
3.081,-0.847
3.08,1.15
2.948,0.276
3.023,-2.13
3.04,0.752
2.794,-1.999
2.872,-2.092
2.724,0.372
2.636,-2.255
2.642,-1.294
2.614,-2.036
2.677,1.389
2.634,1.417
2.493,0.502
2.21,-2.095
1.982,-0.705
1.939,1.721
1.88,0.225
1.731,-0.757
1.622,1.541
1.523,-0.649
1.602,0.185
1.509,-0.577
1.482,-2.202
1.244,0.08
1.122,-1.259
1.023,-2.338
1.003,-0.986
0.56,-1.128
0.575,-1.092
0.44,-2.147
0.344,-0.436
0.166,-0.071
0.014,-1.442
0.057,-1.746
0.054,-2.212
-0.065,-0.205
0.056,-2.133
0.022,-1.928
-0.118,1.555
-0.131,1.59
-0.136,-1.271
-0.298,-0.754
-0.23,0.562
-0.325,0.995
-0.232,0.054
-0.304,-0.23
-0.415,-1.094
-0.577,1.257
-0.695,-1.918
-1.006,-1.918
-1.077,0.396
-1.105,1.535
-1.168,0.78
-1.165,0.516
-1.2,1.509
-1.112,-2.255
-1.224,-0.447
-1.225,-2.191
-1.228,-1.011
-1.255,-0.98
-1.798,-2.506
-1.925,-2.529
-2.092,-2.53
-2.17,-2.355
-2.982,-2.437
3.126,-2.695
3.085,-2.375
2.022,-2.451
2.026,-2.669
1.608,-2.438
1.182,-2.485
0.791,-2.662
0.122,-2.408
0.032,-2.384
-0.008,-2.605
-0.813,-2.55
-1.859,2.062
-1.959,1.888
-2.672,1.848
-2.662,1.9
-2.835,1.879
1.433,1.995
0.41,1.781
-0.031,1.761
-0.103,1.852
-0.879,2.03
-1.906,0.385
-2.656,1.237
1.932,-2.125
0.982,-0.857
0.559,-0.929
0.302,0.545
0.173,-0.377
-1.09,-0.379
-2.348,1.358
0.405,-0.314
0.396,0.012
0.099,-0.405
-0.89,0.131
-1.922,-0.538
1.595,-0.488
0.547,0.884
0.216,-0.629
0.03,-2.562
1.34,-2.27
0.216,-2.3
0.061,-1.96
-0.126,0.574
-0.151,-0.636
-0.22,0.014
-0.228,-1.091
-0.252,-1.463
-0.231,-0.52
-0.244,-2.174
-0.352,1.256
-0.342,-1.184
-0.35,0.201
-0.372,-0.154
-0.578,0.279
-0.566,-0.642
-0.68,-2.779
-0.828,-1.362
-1.271,0.829
-1.281,0.001
-1.551,-3.036
-1.915,-3.131
3.0,-2.993
2.562,-2.952
2.423,-2.739
1.981,-2.844
1.754,-2.903
1.269,-3.149
0.934,-3.094
0.441,-3.0
0.046,-2.859
-0.246,-3.022
-0.556,-2.909
-1.279,-2.802
-1.66,1.191
-2.116,1.494
-2.881,1.476
-3.033,1.089
1.854,1.295
1.755,1.48
1.338,1.374
0.922,1.453
-0.071,1.378
-1.754,0.266
-1.914,-1.5
-3.044,-1.135
2.571,1.214
1.806,-1.761
-0.01,-1.106
-1.485,-0.438
-1.382,-1.044
-1.406,-1.419
-1.48,-1.197
-1.708,-0.326
-1.737,-2.281
-1.647,-0.863
-1.627,-2.092
-1.856,-2.637
-1.779,-2.614
-2.17,-1.391
-2.071,-0.774
-2.109,0.69
-2.197,-1.204
-2.2,-1.315
-2.368,-0.713
-2.301,0.817
-2.283,-0.293
-2.508,-0.05
-2.615,1.001
-2.678,-1.537
-2.799,-2.752
-2.757,0.819
-2.761,-1.406
-2.833,-2.164
-2.92,-1.251
-3.098,-0.598
3.037,-0.313
3.029,-1.314
3.003,-1.328
3.002,0.669
2.87,-0.205
2.945,-2.611
2.962,0.271
2.716,-2.48
2.794,-2.573
2.646,-0.109
2.558,-2.736
2.564,-1.775
2.536,-2.517
2.599,0.908
2.556,0.936
2.415,0.021
2.132,-2.576
1.904,-1.186
1.861,1.24
1.802,-0.256
1.653,-1.238
1.544,1.06
1.445,-1.13
1.524,-0.296
1.431,-1.058
1.404,-2.683
1.166,-0.401
1.044,-1.74
0.945,-2.819
0.925,-1.467
0.482,-1.609
0.497,-1.573
0.362,-2.628
0.266,-0.917
0.088,-0.552
-0.064,-1.923
-0.021,-2.227
-0.024,-2.693
-0.143,-0.686
-0.022,-2.614
-0.056,-2.409
-0.196,1.074
-0.209,1.109
-0.214,-1.752
-0.376,-1.235
-0.308,0.081
-0.403,0.514
-0.31,-0.427
-0.382,-0.711
-0.493,-1.575
-0.655,0.776
-0.773,-2.399
-1.084,-2.399
-1.155,-0.085
-1.183,1.054
-1.246,0.299
-1.243,0.035
-1.278,1.028
-1.19,-2.736
-1.302,-0.928
-1.303,-2.672
-1.306,-1.492
-1.333,-1.461
-1.876,-2.987
-2.003,-3.01
-2.17,-3.011
-2.248,-2.836
-3.06,-2.918
3.048,-3.176
3.007,-2.856
1.944,-2.932
1.948,-3.15
1.53,-2.919
1.104,-2.966
0.713,-3.143
0.044,-2.889
-0.046,-2.865
-0.086,-3.086
-0.891,-3.031
-1.937,1.581
-2.037,1.407
-2.75,1.367
-2.74,1.419
-2.913,1.398
1.355,1.514
0.332,1.3
-0.109,1.28
-0.181,1.371
-0.957,1.549
-1.984,-0.096
-2.734,0.756
1.854,-2.606
0.904,-1.338
0.481,-1.41
0.224,0.064
0.095,-0.858
-1.168,-0.86
-2.426,0.877
0.327,-0.795
0.318,-0.469
0.021,-0.886
-0.968,-0.35
-2.0,-1.019
1.517,-0.969
0.469,0.403
0.138,-1.11
-0.048,-3.043
1.262,-2.751
0.138,-2.781
-0.017,-2.441
-0.025,-1.21
-0.094,-0.56
-0.102,-1.665
-0.126,-2.037
-0.105,-1.094
-0.118,-2.748
-0.226,0.682
-0.216,-1.758
-0.224,-0.373
-0.246,-0.728
-0.452,-0.295
-0.44,-1.216
-0.554,-3.353
-0.702,-1.936
-1.145,0.255
-1.155,-0.573
-1.425,-3.61
-1.789,-3.705
3.126,-3.567
2.688,-3.526
2.549,-3.313
2.107,-3.418
1.88,-3.477
1.395,-3.723
1.06,-3.668
0.567,-3.574
0.172,-3.433
-0.12,-3.596
-0.43,-3.483
-1.153,-3.376
-1.534,0.617
-1.99,0.92
-2.755,0.902
-2.907,0.515
1.98,0.721
1.881,0.906
1.464,0.8
1.048,0.879
0.055,0.804
-1.628,-0.308
-1.788,-2.074
-2.918,-1.709
2.697,0.64
1.932,-2.335
0.116,-1.68
-1.359,-1.012
-1.256,-1.618
-1.28,-1.993
-1.354,-1.771
-1.582,-0.9
-1.611,-2.855
-1.521,-1.437
-1.501,-2.666
-1.73,-3.211
-1.653,-3.188
-2.044,-1.965
-1.945,-1.348
-1.983,0.116
-2.071,-1.778
-2.074,-1.889
-2.242,-1.287
-2.175,0.243
-2.157,-0.867
-2.382,-0.624
-2.489,0.427
-2.552,-2.111
-2.673,-3.326
-2.631,0.245
-2.635,-1.98
-2.707,-2.738
-2.794,-1.825
-2.972,-1.172
-3.12,-0.887
-3.128,-1.888
3.129,-1.902
3.128,0.095
2.996,-0.779
3.071,-3.185
3.088,-0.303
2.842,-3.054
2.92,-3.147
2.772,-0.683
2.684,-3.31
2.69,-2.349
2.662,-3.091
2.725,0.334
2.682,0.362
2.541,-0.553
2.258,-3.15
2.03,-1.76
1.987,0.666
1.928,-0.83
1.779,-1.812
1.67,0.486
1.571,-1.704
1.65,-0.87
1.557,-1.632
1.53,-3.257
1.292,-0.975
1.17,-2.314
1.071,-3.393
1.051,-2.041
0.608,-2.183
0.623,-2.147
0.488,-3.202
0.392,-1.491
0.214,-1.126
0.062,-2.497
0.105,-2.801
0.102,-3.267
-0.017,-1.26
0.104,-3.188
0.07,-2.983
-0.07,0.5
-0.083,0.535
-0.088,-2.326
-0.25,-1.809
-0.182,-0.493
-0.277,-0.06
-0.184,-1.001
-0.256,-1.285
-0.367,-2.149
-0.529,0.202
-0.647,-2.973
-0.958,-2.973
-1.029,-0.659
-1.057,0.48
-1.12,-0.275
-1.117,-0.539
-1.152,0.454
-1.064,-3.31
-1.176,-1.502
-1.177,-3.246
-1.18,-2.066
-1.207,-2.035
-1.75,-3.561
-1.877,-3.584
-2.044,-3.585
-2.122,-3.41
-2.934,-3.492
-3.109,-3.75
3.133,-3.43
2.07,-3.506
2.074,-3.724
1.656,-3.493
1.23,-3.54
0.839,-3.717
0.17,-3.463
0.08,-3.439
0.04,-3.66
-0.765,-3.605
-1.811,1.007
-1.911,0.833
-2.624,0.793
-2.614,0.845
-2.787,0.824
1.481,0.94
0.458,0.726
0.017,0.706
-0.055,0.797
-0.831,0.975
-1.858,-0.67
-2.608,0.182
1.98,-3.18
1.03,-1.912
0.607,-1.984
0.35,-0.51
0.221,-1.432
-1.042,-1.434
-2.3,0.303
0.453,-1.369
0.444,-1.043
0.147,-1.46
-0.842,-0.924
-1.874,-1.593
1.643,-1.543
0.595,-0.171
0.264,-1.684
0.078,-3.617
1.388,-3.325
0.264,-3.355
0.109,-3.015
-0.069,0.65
-0.077,-0.455
-0.101,-0.827
-0.08,0.116
-0.093,-1.538
-0.201,1.892
-0.191,-0.548
-0.199,0.837
-0.221,0.482
-0.427,0.915
-0.415,-0.006
-0.529,-2.143
-0.677,-0.726
-1.12,1.465
-1.13,0.637
-1.4,-2.4
-1.764,-2.495
-3.132,-2.357
2.713,-2.316
2.574,-2.103
2.132,-2.208
1.905,-2.267
1.42,-2.513
1.085,-2.458
0.592,-2.364
0.197,-2.223
-0.095,-2.386
-0.405,-2.273
-1.128,-2.166
-1.509,1.827
-1.965,2.13
-2.73,2.112
-2.882,1.725
2.005,1.931
1.906,2.116
1.489,2.01
1.073,2.089
0.08,2.014
-1.603,0.902
-1.763,-0.864
-2.893,-0.499
2.722,1.85
1.957,-1.125
0.141,-0.47
-1.334,0.198
-1.231,-0.408
-1.255,-0.783
-1.329,-0.561
-1.557,0.31
-1.586,-1.645
-1.496,-0.227
-1.476,-1.456
-1.705,-2.001
-1.628,-1.978
-2.019,-0.755
-1.92,-0.138
-1.958,1.326
-2.046,-0.568
-2.049,-0.679
-2.217,-0.077
-2.15,1.453
-2.132,0.343
-2.357,0.586
-2.464,1.637
-2.527,-0.901
-2.648,-2.116
-2.606,1.455
-2.61,-0.77
-2.682,-1.528
-2.769,-0.615
-2.947,0.038
-3.095,0.323
-3.103,-0.678
-3.129,-0.692
-3.13,1.305
3.021,0.431
3.096,-1.975
3.113,0.907
2.867,-1.844
2.945,-1.937
2.797,0.527
2.709,-2.1
2.715,-1.139
2.687,-1.881
2.75,1.544
2.707,1.572
2.566,0.657
2.283,-1.94
2.055,-0.55
2.012,1.876
1.953,0.38
1.804,-0.602
1.695,1.696
1.596,-0.494
1.675,0.34
1.582,-0.422
1.555,-2.047
1.317,0.235
1.195,-1.104
1.096,-2.183
1.076,-0.831
0.633,-0.973
0.648,-0.937
0.513,-1.992
0.417,-0.281
0.239,0.084
0.087,-1.287
0.13,-1.591
0.127,-2.057
0.008,-0.05
0.129,-1.978
0.095,-1.773
-0.045,1.71
-0.058,1.745
-0.063,-1.116
-0.225,-0.599
-0.157,0.717
-0.252,1.15
-0.159,0.209
-0.231,-0.075
-0.342,-0.939
-0.504,1.412
-0.622,-1.763
-0.933,-1.763
-1.004,0.551
-1.032,1.69
-1.095,0.935
-1.092,0.671
-1.127,1.664
-1.039,-2.1
-1.151,-0.292
-1.152,-2.036
-1.155,-0.856
-1.182,-0.825
-1.725,-2.351
-1.852,-2.374
-2.019,-2.375
-2.097,-2.2
-2.909,-2.282
-3.084,-2.54
-3.125,-2.22
2.095,-2.296
2.099,-2.514
1.681,-2.283
1.255,-2.33
0.864,-2.507
0.195,-2.253
0.105,-2.229
0.065,-2.45
-0.74,-2.395
-1.786,2.217
-1.886,2.043
-2.599,2.003
-2.589,2.055
-2.762,2.034
1.506,2.15
0.483,1.936
0.042,1.916
-0.03,2.007
-0.806,2.185
-1.833,0.54
-2.583,1.392
2.005,-1.97
1.055,-0.702
0.632,-0.774
0.375,0.7
0.246,-0.222
-1.017,-0.224
-2.275,1.513
0.478,-0.159
0.469,0.167
0.172,-0.25
-0.817,0.286
-1.849,-0.383
1.668,-0.333
0.62,1.039
0.289,-0.474
0.103,-2.407
1.413,-2.115
0.289,-2.145
0.134,-1.805
-0.008,-1.105
-0.032,-1.477
-0.011,-0.534
-0.024,-2.188
-0.132,1.242
-0.122,-1.198
-0.13,0.187
-0.152,-0.168
-0.358,0.265
-0.346,-0.656
-0.46,-2.793
-0.608,-1.376
-1.051,0.815
-1.061,-0.013
-1.331,-3.05
-1.695,-3.145
-3.063,-3.007
2.782,-2.966
2.643,-2.753
2.201,-2.858
1.974,-2.917
1.489,-3.163
1.154,-3.108
0.661,-3.014
0.266,-2.873
-0.026,-3.036
-0.336,-2.923
-1.059,-2.816
-1.44,1.177
-1.896,1.48
-2.661,1.462
-2.813,1.075
2.074,1.281
1.975,1.466
1.558,1.36
1.142,1.439
0.149,1.364
-1.534,0.252
-1.694,-1.514
-2.824,-1.149
2.791,1.2
2.026,-1.775
0.21,-1.12
-1.265,-0.452
-1.162,-1.058
-1.186,-1.433
-1.26,-1.211
-1.488,-0.34
-1.517,-2.295
-1.427,-0.877
-1.407,-2.106
-1.636,-2.651
-1.559,-2.628
-1.95,-1.405
-1.851,-0.788
-1.889,0.676
-1.977,-1.218
-1.98,-1.329
-2.148,-0.727
-2.081,0.803
-2.063,-0.307
-2.288,-0.064
-2.395,0.987
-2.458,-1.551
-2.579,-2.766
-2.537,0.805
-2.541,-1.42
-2.613,-2.178
-2.7,-1.265
-2.878,-0.612
-3.026,-0.327
-3.034,-1.328
-3.06,-1.342
-3.061,0.655
3.09,-0.219
-3.118,-2.625
-3.101,0.257
2.936,-2.494
3.014,-2.587
2.866,-0.123
2.778,-2.75
2.784,-1.789
2.756,-2.531
2.819,0.894
2.776,0.922
2.635,0.007
2.352,-2.59
2.124,-1.2
2.081,1.226
2.022,-0.27
1.873,-1.252
1.764,1.046
1.665,-1.144
1.744,-0.31
1.651,-1.072
1.624,-2.697
1.386,-0.415
1.264,-1.754
1.165,-2.833
1.145,-1.481
0.702,-1.623
0.717,-1.587
0.582,-2.642
0.486,-0.931
0.308,-0.566
0.156,-1.937
0.199,-2.241
0.196,-2.707
0.077,-0.7
0.198,-2.628
0.164,-2.423
0.024,1.06
0.011,1.095
0.006,-1.766
-0.156,-1.249
-0.088,0.067
-0.183,0.5
-0.09,-0.441
-0.162,-0.725
-0.273,-1.589
-0.435,0.762
-0.553,-2.413
-0.864,-2.413
-0.935,-0.099
-0.963,1.04
-1.026,0.285
-1.023,0.021
-1.058,1.014
-0.97,-2.75
-1.082,-0.942
-1.083,-2.686
-1.086,-1.506
-1.113,-1.475
-1.656,-3.001
-1.783,-3.024
-1.95,-3.025
-2.028,-2.85
-2.84,-2.932
-3.015,-3.19
-3.056,-2.87
2.164,-2.946
2.168,-3.164
1.75,-2.933
1.324,-2.98
0.933,-3.157
0.264,-2.903
0.174,-2.879
0.134,-3.1
-0.671,-3.045
-1.717,1.567
-1.817,1.393
-2.53,1.353
-2.52,1.405
-2.693,1.384
1.575,1.5
0.552,1.286
0.111,1.266
0.039,1.357
-0.737,1.535
-1.764,-0.11
-2.514,0.742
2.074,-2.62
1.124,-1.352
0.701,-1.424
0.444,0.05
0.315,-0.872
-0.948,-0.874
-2.206,0.863
0.547,-0.809
0.538,-0.483
0.241,-0.9
-0.748,-0.364
-1.78,-1.033
1.737,-0.983
0.689,0.389
0.358,-1.124
0.172,-3.057
1.482,-2.765
0.358,-2.795
0.203,-2.455
-0.024,-0.372
-0.003,0.571
-0.016,-1.083
-0.124,2.347
-0.114,-0.093
-0.122,1.292
-0.144,0.937
-0.35,1.37
-0.338,0.449
-0.452,-1.688
-0.6,-0.271
-1.043,1.92
-1.053,1.092
-1.323,-1.945
-1.687,-2.04
-3.055,-1.902
2.79,-1.861
2.651,-1.648
2.209,-1.753
1.982,-1.812
1.497,-2.058
1.162,-2.003
0.669,-1.909
0.274,-1.768
-0.018,-1.931
-0.328,-1.818
-1.051,-1.711
-1.432,2.282
-1.888,2.585
-2.653,2.567
-2.805,2.18
2.082,2.386
1.983,2.571
1.566,2.465
1.15,2.544
0.157,2.469
-1.526,1.357
-1.686,-0.409
-2.816,-0.044
2.799,2.305
2.034,-0.67
0.218,-0.015
-1.257,0.653
-1.154,0.047
-1.178,-0.328
-1.252,-0.106
-1.48,0.765
-1.509,-1.19
-1.419,0.228
-1.399,-1.001
-1.628,-1.546
-1.551,-1.523
-1.942,-0.3
-1.843,0.317
-1.881,1.781
-1.969,-0.113
-1.972,-0.224
-2.14,0.378
-2.073,1.908
-2.055,0.798
-2.28,1.041
-2.387,2.092
-2.45,-0.446
-2.571,-1.661
-2.529,1.91
-2.533,-0.315
-2.605,-1.073
-2.692,-0.16
-2.87,0.493
-3.018,0.778
-3.026,-0.223
-3.052,-0.237
-3.053,1.76
3.098,0.886
-3.11,-1.52
-3.093,1.362
2.944,-1.389
3.022,-1.482
2.874,0.982
2.786,-1.645
2.792,-0.684
2.764,-1.426
2.827,1.999
2.784,2.027
2.643,1.112
2.36,-1.485
2.132,-0.095
2.089,2.331
2.03,0.835
1.881,-0.147
1.772,2.151
1.673,-0.039
1.752,0.795
1.659,0.033
1.632,-1.592
1.394,0.69
1.272,-0.649
1.173,-1.728
1.153,-0.376
0.71,-0.518
0.725,-0.482
0.59,-1.537
0.494,0.174
0.316,0.539
0.164,-0.832
0.207,-1.136
0.204,-1.602
0.085,0.405
0.206,-1.523
0.172,-1.318
0.032,2.165
0.019,2.2
0.014,-0.661
-0.148,-0.144
-0.08,1.172
-0.175,1.605
-0.082,0.664
-0.154,0.38
-0.265,-0.484
-0.427,1.867
-0.545,-1.308
-0.856,-1.308
-0.927,1.006
-0.955,2.145
-1.018,1.39
-1.015,1.126
-1.05,2.119
-0.962,-1.645
-1.074,0.163
-1.075,-1.581
-1.078,-0.401
-1.105,-0.37
-1.648,-1.896
-1.775,-1.919
-1.942,-1.92
-2.02,-1.745
-2.832,-1.827
-3.007,-2.085
-3.048,-1.765
2.172,-1.841
2.176,-2.059
1.758,-1.828
1.332,-1.875
0.941,-2.052
0.272,-1.798
0.182,-1.774
0.142,-1.995
-0.663,-1.94
-1.709,2.672
-1.809,2.498
-2.522,2.458
-2.512,2.51
-2.685,2.489
1.583,2.605
0.56,2.391
0.119,2.371
0.047,2.462
-0.729,2.64
-1.756,0.995
-2.506,1.847
2.082,-1.515
1.132,-0.247
0.709,-0.319
0.452,1.155
0.323,0.233
-0.94,0.231
-2.198,1.968
0.555,0.296
0.546,0.622
0.249,0.205
-0.74,0.741
-1.772,0.072
1.745,0.122
0.697,1.494
0.366,-0.019
0.18,-1.952
1.49,-1.66
0.366,-1.69
0.211,-1.35
0.021,0.943
0.008,-0.711
-0.1,2.719
-0.09,0.279
-0.098,1.664
-0.12,1.309
-0.326,1.742
-0.314,0.821
-0.428,-1.316
-0.576,0.101
-1.019,2.292
-1.029,1.464
-1.299,-1.573
-1.663,-1.668
-3.031,-1.53
2.814,-1.489
2.675,-1.276
2.233,-1.381
2.006,-1.44
1.521,-1.686
1.186,-1.631
0.693,-1.537
0.298,-1.396
0.006,-1.559
-0.304,-1.446
-1.027,-1.339
-1.408,2.654
-1.864,2.957
-2.629,2.939
-2.781,2.552
2.106,2.758
2.007,2.943
1.59,2.837
1.174,2.916
0.181,2.841
-1.502,1.729
-1.662,-0.037
-2.792,0.328
2.823,2.677
2.058,-0.298
0.242,0.357
-1.233,1.025
-1.13,0.419
-1.154,0.044
-1.228,0.266
-1.456,1.137
-1.485,-0.818
-1.395,0.6
-1.375,-0.629
-1.604,-1.174
-1.527,-1.151
-1.918,0.072
-1.819,0.689
-1.857,2.153
-1.945,0.259
-1.948,0.148
-2.116,0.75
-2.049,2.28
-2.031,1.17
-2.256,1.413
-2.363,2.464
-2.426,-0.074
-2.547,-1.289
-2.505,2.282
-2.509,0.057
-2.581,-0.701
-2.668,0.212
-2.846,0.865
-2.994,1.15
-3.002,0.149
-3.028,0.135
-3.029,2.132
3.122,1.258
-3.086,-1.148
-3.069,1.734
2.968,-1.017
3.046,-1.11
2.898,1.354
2.81,-1.273
2.816,-0.312
2.788,-1.054
2.851,2.371
2.808,2.399
2.667,1.484
2.384,-1.113
2.156,0.277
2.113,2.703
2.054,1.207
1.905,0.225
1.796,2.523
1.697,0.333
1.776,1.167
1.683,0.405
1.656,-1.22
1.418,1.062
1.296,-0.277
1.197,-1.356
1.177,-0.004
0.734,-0.146
0.749,-0.11
0.614,-1.165
0.518,0.546
0.34,0.911
0.188,-0.46
0.231,-0.764
0.228,-1.23
0.109,0.777
0.23,-1.151
0.196,-0.946
0.056,2.537
0.043,2.572
0.038,-0.289
-0.124,0.228
-0.056,1.544
-0.151,1.977
-0.058,1.036
-0.13,0.752
-0.241,-0.112
-0.403,2.239
-0.521,-0.936
-0.832,-0.936
-0.903,1.378
-0.931,2.517
-0.994,1.762
-0.991,1.498
-1.026,2.491
-0.938,-1.273
-1.05,0.535
-1.051,-1.209
-1.054,-0.029
-1.081,0.002
-1.624,-1.524
-1.751,-1.547
-1.918,-1.548
-1.996,-1.373
-2.808,-1.455
-2.983,-1.713
-3.024,-1.393
2.196,-1.469
2.2,-1.687
1.782,-1.456
1.356,-1.503
0.965,-1.68
0.296,-1.426
0.206,-1.402
0.166,-1.623
-0.639,-1.568
-1.685,3.044
-1.785,2.87
-2.498,2.83
-2.488,2.882
-2.661,2.861
1.607,2.977
0.584,2.763
0.143,2.743
0.071,2.834
-0.705,3.012
-1.732,1.367
-2.482,2.219
2.106,-1.143
1.156,0.125
0.733,0.053
0.476,1.527
0.347,0.605
-0.916,0.603
-2.174,2.34
0.579,0.668
0.57,0.994
0.273,0.577
-0.716,1.113
-1.748,0.444
1.769,0.494
0.721,1.866
0.39,0.353
0.204,-1.58
1.514,-1.288
0.39,-1.318
0.235,-0.978
-0.013,-1.654
-0.121,1.776
-0.111,-0.664
-0.119,0.721
-0.141,0.366
-0.347,0.799
-0.335,-0.122
-0.449,-2.259
-0.597,-0.842
-1.04,1.349
-1.05,0.521
-1.32,-2.516
-1.684,-2.611
-3.052,-2.473
2.793,-2.432
2.654,-2.219
2.212,-2.324
1.985,-2.383
1.5,-2.629
1.165,-2.574
0.672,-2.48
0.277,-2.339
-0.015,-2.502
-0.325,-2.389
-1.048,-2.282
-1.429,1.711
-1.885,2.014
-2.65,1.996
-2.802,1.609
2.085,1.815
1.986,2.0
1.569,1.894
1.153,1.973
0.16,1.898
-1.523,0.786
-1.683,-0.98
-2.813,-0.615
2.802,1.734
2.037,-1.241
0.221,-0.586
-1.254,0.082
-1.151,-0.524
-1.175,-0.899
-1.249,-0.677
-1.477,0.194
-1.506,-1.761
-1.416,-0.343
-1.396,-1.572
-1.625,-2.117
-1.548,-2.094
-1.939,-0.871
-1.84,-0.254
-1.878,1.21
-1.966,-0.684
-1.969,-0.795
-2.137,-0.193
-2.07,1.337
-2.052,0.227
-2.277,0.47
-2.384,1.521
-2.447,-1.017
-2.568,-2.232
-2.526,1.339
-2.53,-0.886
-2.602,-1.644
-2.689,-0.731
-2.867,-0.078
-3.015,0.207
-3.023,-0.794
-3.049,-0.808
-3.05,1.189
3.101,0.315
-3.107,-2.091
-3.09,0.791
2.947,-1.96
3.025,-2.053
2.877,0.411
2.789,-2.216
2.795,-1.255
2.767,-1.997
2.83,1.428
2.787,1.456
2.646,0.541
2.363,-2.056
2.135,-0.666
2.092,1.76
2.033,0.264
1.884,-0.718
1.775,1.58
1.676,-0.61
1.755,0.224
1.662,-0.538
1.635,-2.163
1.397,0.119
1.275,-1.22
1.176,-2.299
1.156,-0.947
0.713,-1.089
0.728,-1.053
0.593,-2.108
0.497,-0.397
0.319,-0.032
0.167,-1.403
0.21,-1.707
0.207,-2.173
0.088,-0.166
0.209,-2.094
0.175,-1.889
0.035,1.594
0.022,1.629
0.017,-1.232
-0.145,-0.715
-0.077,0.601
-0.172,1.034
-0.079,0.093
-0.151,-0.191
-0.262,-1.055
-0.424,1.296
-0.542,-1.879
-0.853,-1.879
-0.924,0.435
-0.952,1.574
-1.015,0.819
-1.012,0.555
-1.047,1.548
-0.959,-2.216
-1.071,-0.408
-1.072,-2.152
-1.075,-0.972
-1.102,-0.941
-1.645,-2.467
-1.772,-2.49
-1.939,-2.491
-2.017,-2.316
-2.829,-2.398
-3.004,-2.656
-3.045,-2.336
2.175,-2.412
2.179,-2.63
1.761,-2.399
1.335,-2.446
0.944,-2.623
0.275,-2.369
0.185,-2.345
0.145,-2.566
-0.66,-2.511
-1.706,2.101
-1.806,1.927
-2.519,1.887
-2.509,1.939
-2.682,1.918
1.586,2.034
0.563,1.82
0.122,1.8
0.05,1.891
-0.726,2.069
-1.753,0.424
-2.503,1.276
2.085,-2.086
1.135,-0.818
0.712,-0.89
0.455,0.584
0.326,-0.338
-0.937,-0.34
-2.195,1.397
0.558,-0.275
0.549,0.051
0.252,-0.366
-0.737,0.17
-1.769,-0.499
1.748,-0.449
0.7,0.923
0.369,-0.59
0.183,-2.523
1.493,-2.231
0.369,-2.261
0.214,-1.921
-0.108,3.43
-0.098,0.99
-0.106,2.375
-0.128,2.02
-0.334,2.453
-0.322,1.532
-0.436,-0.605
-0.584,0.812
-1.027,3.003
-1.037,2.175
-1.307,-0.862
-1.671,-0.957
-3.039,-0.819
2.806,-0.778
2.667,-0.565
2.225,-0.67
1.998,-0.729
1.513,-0.975
1.178,-0.92
0.685,-0.826
0.29,-0.685
-0.002,-0.848
-0.312,-0.735
-1.035,-0.628
-1.416,3.365
-1.872,3.668
-2.637,3.65
-2.789,3.263
2.098,3.469
1.999,3.654
1.582,3.548
1.166,3.627
0.173,3.552
-1.51,2.44
-1.67,0.674
-2.8,1.039
2.815,3.388
2.05,0.413
0.234,1.068
-1.241,1.736
-1.138,1.13
-1.162,0.755
-1.236,0.977
-1.464,1.848
-1.493,-0.107
-1.403,1.311
-1.383,0.082
-1.612,-0.463
-1.535,-0.44
-1.926,0.783
-1.827,1.4
-1.865,2.864
-1.953,0.97
-1.956,0.859
-2.124,1.461
-2.057,2.991
-2.039,1.881
-2.264,2.124
-2.371,3.175
-2.434,0.637
-2.555,-0.578
-2.513,2.993
-2.517,0.768
-2.589,0.01
-2.676,0.923
-2.854,1.576
-3.002,1.861
-3.01,0.86
-3.036,0.846
-3.037,2.843
3.114,1.969
-3.094,-0.437
-3.077,2.445
2.96,-0.306
3.038,-0.399
2.89,2.065
2.802,-0.562
2.808,0.399
2.78,-0.343
2.843,3.082
2.8,3.11
2.659,2.195
2.376,-0.402
2.148,0.988
2.105,3.414
2.046,1.918
1.897,0.936
1.788,3.234
1.689,1.044
1.768,1.878
1.675,1.116
1.648,-0.509
1.41,1.773
1.288,0.434
1.189,-0.645
1.169,0.707
0.726,0.565
0.741,0.601
0.606,-0.454
0.51,1.257
0.332,1.622
0.18,0.251
0.223,-0.053
0.22,-0.519
0.101,1.488
0.222,-0.44
0.188,-0.235
0.048,3.248
0.035,3.283
0.03,0.422
-0.132,0.939
-0.064,2.255
-0.159,2.688
-0.066,1.747
-0.138,1.463
-0.249,0.599
-0.411,2.95
-0.529,-0.225
-0.84,-0.225
-0.911,2.089
-0.939,3.228
-1.002,2.473
-0.999,2.209
-1.034,3.202
-0.946,-0.562
-1.058,1.246
-1.059,-0.498
-1.062,0.682
-1.089,0.713
-1.632,-0.813
-1.759,-0.836
-1.926,-0.837
-2.004,-0.662
-2.816,-0.744
-2.991,-1.002
-3.032,-0.682
2.188,-0.758
2.192,-0.976
1.774,-0.745
1.348,-0.792
0.957,-0.969
0.288,-0.715
0.198,-0.691
0.158,-0.912
-0.647,-0.857
-1.693,3.755
-1.793,3.581
-2.506,3.541
-2.496,3.593
-2.669,3.572
1.599,3.688
0.576,3.474
0.135,3.454
0.063,3.545
-0.713,3.723
-1.74,2.078
-2.49,2.93
2.098,-0.432
1.148,0.836
0.725,0.764
0.468,2.238
0.339,1.316
-0.924,1.314
-2.182,3.051
0.571,1.379
0.562,1.705
0.265,1.288
-0.724,1.824
-1.756,1.155
1.761,1.205
0.713,2.577
0.382,1.064
0.196,-0.869
1.506,-0.577
0.382,-0.607
0.227,-0.267
0.01,-2.44
0.002,-1.055
-0.02,-1.41
-0.226,-0.977
-0.214,-1.898
-0.328,-4.035
-0.476,-2.618
-0.919,-0.427
-0.929,-1.255
-1.199,-4.292
-1.563,-4.387
-2.931,-4.249
2.914,-4.208
2.775,-3.995
2.333,-4.1
2.106,-4.159
1.621,-4.405
1.286,-4.35
0.793,-4.256
0.398,-4.115
0.106,-4.278
-0.204,-4.165
-0.927,-4.058
-1.308,-0.065
-1.764,0.238
-2.529,0.22
-2.681,-0.167
2.206,0.039
2.107,0.224
1.69,0.118
1.274,0.197
0.281,0.122
-1.402,-0.99
-1.562,-2.756
-2.692,-2.391
2.923,-0.042
2.158,-3.017
0.342,-2.362
-1.133,-1.694
-1.03,-2.3
-1.054,-2.675
-1.128,-2.453
-1.356,-1.582
-1.385,-3.537
-1.295,-2.119
-1.275,-3.348
-1.504,-3.893
-1.427,-3.87
-1.818,-2.647
-1.719,-2.03
-1.757,-0.566
-1.845,-2.46
-1.848,-2.571
-2.016,-1.969
-1.949,-0.439
-1.931,-1.549
-2.156,-1.306
-2.263,-0.255
-2.326,-2.793
-2.447,-4.008
-2.405,-0.437
-2.409,-2.662
-2.481,-3.42
-2.568,-2.507
-2.746,-1.854
-2.894,-1.569
-2.902,-2.57
-2.928,-2.584
-2.929,-0.587
-3.061,-1.461
-2.986,-3.867
-2.969,-0.985
3.068,-3.736
-3.137,-3.829
2.998,-1.365
2.91,-3.992
2.916,-3.031
2.888,-3.773
2.951,-0.348
2.908,-0.32
2.767,-1.235
2.484,-3.832
2.256,-2.442
2.213,-0.016
2.154,-1.512
2.005,-2.494
1.896,-0.196
1.797,-2.386
1.876,-1.552
1.783,-2.314
1.756,-3.939
1.518,-1.657
1.396,-2.996
1.297,-4.075
1.277,-2.723
0.834,-2.865
0.849,-2.829
0.714,-3.884
0.618,-2.173
0.44,-1.808
0.288,-3.179
0.331,-3.483
0.328,-3.949
0.209,-1.942
0.33,-3.87
0.296,-3.665
0.156,-0.182
0.143,-0.147
0.138,-3.008
-0.024,-2.491
0.044,-1.175
-0.051,-0.742
0.042,-1.683
-0.03,-1.967
-0.141,-2.831
-0.303,-0.48
-0.421,-3.655
-0.732,-3.655
-0.803,-1.341
-0.831,-0.202
-0.894,-0.957
-0.891,-1.221
-0.926,-0.228
-0.838,-3.992
-0.95,-2.184
-0.951,-3.928
-0.954,-2.748
-0.981,-2.717
-1.524,-4.243
-1.651,-4.266
-1.818,-4.267
-1.896,-4.092
-2.708,-4.174
-2.883,-4.432
-2.924,-4.112
2.296,-4.188
2.3,-4.406
1.882,-4.175
1.456,-4.222
1.065,-4.399
0.396,-4.145
0.306,-4.121
0.266,-4.342
-0.539,-4.287
-1.585,0.325
-1.685,0.151
-2.398,0.111
-2.388,0.163
-2.561,0.142
1.707,0.258
0.684,0.044
0.243,0.024
0.171,0.115
-0.605,0.293
-1.632,-1.352
-2.382,-0.5
2.206,-3.862
1.256,-2.594
0.833,-2.666
0.576,-1.192
0.447,-2.114
-0.816,-2.116
-2.074,-0.379
0.679,-2.051
0.67,-1.725
0.373,-2.142
-0.616,-1.606
-1.648,-2.275
1.869,-2.225
0.821,-0.853
0.49,-2.366
0.304,-4.299
1.614,-4.007
0.49,-4.037
0.335,-3.697
-0.008,1.385
-0.03,1.03
-0.236,1.463
-0.224,0.542
-0.338,-1.595
-0.486,-0.178
-0.929,2.013
-0.939,1.185
-1.209,-1.852
-1.573,-1.947
-2.941,-1.809
2.904,-1.768
2.765,-1.555
2.323,-1.66
2.096,-1.719
1.611,-1.965
1.276,-1.91
0.783,-1.816
0.388,-1.675
0.096,-1.838
-0.214,-1.725
-0.937,-1.618
-1.318,2.375
-1.774,2.678
-2.539,2.66
-2.691,2.273
2.196,2.479
2.097,2.664
1.68,2.558
1.264,2.637
0.271,2.562
-1.412,1.45
-1.572,-0.316
-2.702,0.049
2.913,2.398
2.148,-0.577
0.332,0.078
-1.143,0.746
-1.04,0.14
-1.064,-0.235
-1.138,-0.013
-1.366,0.858
-1.395,-1.097
-1.305,0.321
-1.285,-0.908
-1.514,-1.453
-1.437,-1.43
-1.828,-0.207
-1.729,0.41
-1.767,1.874
-1.855,-0.02
-1.858,-0.131
-2.026,0.471
-1.959,2.001
-1.941,0.891
-2.166,1.134
-2.273,2.185
-2.336,-0.353
-2.457,-1.568
-2.415,2.003
-2.419,-0.222
-2.491,-0.98
-2.578,-0.067
-2.756,0.586
-2.904,0.871
-2.912,-0.13
-2.938,-0.144
-2.939,1.853
-3.071,0.979
-2.996,-1.427
-2.979,1.455
3.058,-1.296
3.136,-1.389
2.988,1.075
2.9,-1.552
2.906,-0.591
2.878,-1.333
2.941,2.092
2.898,2.12
2.757,1.205
2.474,-1.392
2.246,-0.002
2.203,2.424
2.144,0.928
1.995,-0.054
1.886,2.244
1.787,0.054
1.866,0.888
1.773,0.126
1.746,-1.499
1.508,0.783
1.386,-0.556
1.287,-1.635
1.267,-0.283
0.824,-0.425
0.839,-0.389
0.704,-1.444
0.608,0.267
0.43,0.632
0.278,-0.739
0.321,-1.043
0.318,-1.509
0.199,0.498
0.32,-1.43
0.286,-1.225
0.146,2.258
0.133,2.293
0.128,-0.568
-0.034,-0.051
0.034,1.265
-0.061,1.698
0.032,0.757
-0.04,0.473
-0.151,-0.391
-0.313,1.96
-0.431,-1.215
-0.742,-1.215
-0.813,1.099
-0.841,2.238
-0.904,1.483
-0.901,1.219
-0.936,2.212
-0.848,-1.552
-0.96,0.256
-0.961,-1.488
-0.964,-0.308
-0.991,-0.277
-1.534,-1.803
-1.661,-1.826
-1.828,-1.827
-1.906,-1.652
-2.718,-1.734
-2.893,-1.992
-2.934,-1.672
2.286,-1.748
2.29,-1.966
1.872,-1.735
1.446,-1.782
1.055,-1.959
0.386,-1.705
0.296,-1.681
0.256,-1.902
-0.549,-1.847
-1.595,2.765
-1.695,2.591
-2.408,2.551
-2.398,2.603
-2.571,2.582
1.697,2.698
0.674,2.484
0.233,2.464
0.161,2.555
-0.615,2.733
-1.642,1.088
-2.392,1.94
2.196,-1.422
1.246,-0.154
0.823,-0.226
0.566,1.248
0.437,0.326
-0.826,0.324
-2.084,2.061
0.669,0.389
0.66,0.715
0.363,0.298
-0.626,0.834
-1.658,0.165
1.859,0.215
0.811,1.587
0.48,0.074
0.294,-1.859
1.604,-1.567
0.48,-1.597
0.325,-1.257
-0.022,-0.355
-0.228,0.078
-0.216,-0.843
-0.33,-2.98
-0.478,-1.563
-0.921,0.628
-0.931,-0.2
-1.201,-3.237
-1.565,-3.332
-2.933,-3.194
2.912,-3.153
2.773,-2.94
2.331,-3.045
2.104,-3.104
1.619,-3.35
1.284,-3.295
0.791,-3.201
0.396,-3.06
0.104,-3.223
-0.206,-3.11
-0.929,-3.003
-1.31,0.99
-1.766,1.293
-2.531,1.275
-2.683,0.888
2.204,1.094
2.105,1.279
1.688,1.173
1.272,1.252
0.279,1.177
-1.404,0.065
-1.564,-1.701
-2.694,-1.336
2.921,1.013
2.156,-1.962
0.34,-1.307
-1.135,-0.639
-1.032,-1.245
-1.056,-1.62
-1.13,-1.398
-1.358,-0.527
-1.387,-2.482
-1.297,-1.064
-1.277,-2.293
-1.506,-2.838
-1.429,-2.815
-1.82,-1.592
-1.721,-0.975
-1.759,0.489
-1.847,-1.405
-1.85,-1.516
-2.018,-0.914
-1.951,0.616
-1.933,-0.494
-2.158,-0.251
-2.265,0.8
-2.328,-1.738
-2.449,-2.953
-2.407,0.618
-2.411,-1.607
-2.483,-2.365
-2.57,-1.452
-2.748,-0.799
-2.896,-0.514
-2.904,-1.515
-2.93,-1.529
-2.931,0.468
-3.063,-0.406
-2.988,-2.812
-2.971,0.07
3.066,-2.681
-3.139,-2.774
2.996,-0.31
2.908,-2.937
2.914,-1.976
2.886,-2.718
2.949,0.707
2.906,0.735
2.765,-0.18
2.482,-2.777
2.254,-1.387
2.211,1.039
2.152,-0.457
2.003,-1.439
1.894,0.859
1.795,-1.331
1.874,-0.497
1.781,-1.259
1.754,-2.884
1.516,-0.602
1.394,-1.941
1.295,-3.02
1.275,-1.668
0.832,-1.81
0.847,-1.774
0.712,-2.829
0.616,-1.118
0.438,-0.753
0.286,-2.124
0.329,-2.428
0.326,-2.894
0.207,-0.887
0.328,-2.815
0.294,-2.61
0.154,0.873
0.141,0.908
0.136,-1.953
-0.026,-1.436
0.042,-0.12
-0.053,0.313
0.04,-0.628
-0.032,-0.912
-0.143,-1.776
-0.305,0.575
-0.423,-2.6
-0.734,-2.6
-0.805,-0.286
-0.833,0.853
-0.896,0.098
-0.893,-0.166
-0.928,0.827
-0.84,-2.937
-0.952,-1.129
-0.953,-2.873
-0.956,-1.693
-0.983,-1.662
-1.526,-3.188
-1.653,-3.211
-1.82,-3.212
-1.898,-3.037
-2.71,-3.119
-2.885,-3.377
-2.926,-3.057
2.294,-3.133
2.298,-3.351
1.88,-3.12
1.454,-3.167
1.063,-3.344
0.394,-3.09
0.304,-3.066
0.264,-3.287
-0.541,-3.232
-1.587,1.38
-1.687,1.206
-2.4,1.166
-2.39,1.218
-2.563,1.197
1.705,1.313
0.682,1.099
0.241,1.079
0.169,1.17
-0.607,1.348
-1.634,-0.297
-2.384,0.555
2.204,-2.807
1.254,-1.539
0.831,-1.611
0.574,-0.137
0.445,-1.059
-0.818,-1.061
-2.076,0.676
0.677,-0.996
0.668,-0.67
0.371,-1.087
-0.618,-0.551
-1.65,-1.22
1.867,-1.17
0.819,0.202
0.488,-1.311
0.302,-3.244
1.612,-2.952
0.488,-2.982
0.333,-2.642
-0.206,0.433
-0.194,-0.488
-0.308,-2.625
-0.456,-1.208
-0.899,0.983
-0.909,0.155
-1.179,-2.882
-1.543,-2.977
-2.911,-2.839
2.934,-2.798
2.795,-2.585
2.353,-2.69
2.126,-2.749
1.641,-2.995
1.306,-2.94
0.813,-2.846
0.418,-2.705
0.126,-2.868
-0.184,-2.755
-0.907,-2.648
-1.288,1.345
-1.744,1.648
-2.509,1.63
-2.661,1.243
2.226,1.449
2.127,1.634
1.71,1.528
1.294,1.607
0.301,1.532
-1.382,0.42
-1.542,-1.346
-2.672,-0.981
2.943,1.368
2.178,-1.607
0.362,-0.952
-1.113,-0.284
-1.01,-0.89
-1.034,-1.265
-1.108,-1.043
-1.336,-0.172
-1.365,-2.127
-1.275,-0.709
-1.255,-1.938
-1.484,-2.483
-1.407,-2.46
-1.798,-1.237
-1.699,-0.62
-1.737,0.844
-1.825,-1.05
-1.828,-1.161
-1.996,-0.559
-1.929,0.971
-1.911,-0.139
-2.136,0.104
-2.243,1.155
-2.306,-1.383
-2.427,-2.598
-2.385,0.973
-2.389,-1.252
-2.461,-2.01
-2.548,-1.097
-2.726,-0.444
-2.874,-0.159
-2.882,-1.16
-2.908,-1.174
-2.909,0.823
-3.041,-0.051
-2.966,-2.457
-2.949,0.425
3.088,-2.326
-3.117,-2.419
3.018,0.045
2.93,-2.582
2.936,-1.621
2.908,-2.363
2.971,1.062
2.928,1.09
2.787,0.175
2.504,-2.422
2.276,-1.032
2.233,1.394
2.174,-0.102
2.025,-1.084
1.916,1.214
1.817,-0.976
1.896,-0.142
1.803,-0.904
1.776,-2.529
1.538,-0.247
1.416,-1.586
1.317,-2.665
1.297,-1.313
0.854,-1.455
0.869,-1.419
0.734,-2.474
0.638,-0.763
0.46,-0.398
0.308,-1.769
0.351,-2.073
0.348,-2.539
0.229,-0.532
0.35,-2.46
0.316,-2.255
0.176,1.228
0.163,1.263
0.158,-1.598
-0.004,-1.081
0.064,0.235
-0.031,0.668
0.062,-0.273
-0.01,-0.557
-0.121,-1.421
-0.283,0.93
-0.401,-2.245
-0.712,-2.245
-0.783,0.069
-0.811,1.208
-0.874,0.453
-0.871,0.189
-0.906,1.182
-0.818,-2.582
-0.93,-0.774
-0.931,-2.518
-0.934,-1.338
-0.961,-1.307
-1.504,-2.833
-1.631,-2.856
-1.798,-2.857
-1.876,-2.682
-2.688,-2.764
-2.863,-3.022
-2.904,-2.702
2.316,-2.778
2.32,-2.996
1.902,-2.765
1.476,-2.812
1.085,-2.989
0.416,-2.735
0.326,-2.711
0.286,-2.932
-0.519,-2.877
-1.565,1.735
-1.665,1.561
-2.378,1.521
-2.368,1.573
-2.541,1.552
1.727,1.668
0.704,1.454
0.263,1.434
0.191,1.525
-0.585,1.703
-1.612,0.058
-2.362,0.91
2.226,-2.452
1.276,-1.184
0.853,-1.256
0.596,0.218
0.467,-0.704
-0.796,-0.706
-2.054,1.031
0.699,-0.641
0.69,-0.315
0.393,-0.732
-0.596,-0.196
-1.628,-0.865
1.889,-0.815
0.841,0.557
0.51,-0.956
0.324,-2.889
1.634,-2.597
0.51,-2.627
0.355,-2.287
0.012,-0.921
-0.102,-3.058
-0.25,-1.641
-0.693,0.55
-0.703,-0.278
-0.973,-3.315
-1.337,-3.41
-2.705,-3.272
3.14,-3.231
3.001,-3.018
2.559,-3.123
2.332,-3.182
1.847,-3.428
1.512,-3.373
1.019,-3.279
0.624,-3.138
0.332,-3.301
0.022,-3.188
-0.701,-3.081
-1.082,0.912
-1.538,1.215
-2.303,1.197
-2.455,0.81
2.432,1.016
2.333,1.201
1.916,1.095
1.5,1.174
0.507,1.099
-1.176,-0.013
-1.336,-1.779
-2.466,-1.414
-3.134,0.935
2.384,-2.04
0.568,-1.385
-0.907,-0.717
-0.804,-1.323
-0.828,-1.698
-0.902,-1.476
-1.13,-0.605
-1.159,-2.56
-1.069,-1.142
-1.049,-2.371
-1.278,-2.916
-1.201,-2.893
-1.592,-1.67
-1.493,-1.053
-1.531,0.411
-1.619,-1.483
-1.622,-1.594
-1.79,-0.992
-1.723,0.538
-1.705,-0.572
-1.93,-0.329
-2.037,0.722
-2.1,-1.816
-2.221,-3.031
-2.179,0.54
-2.183,-1.685
-2.255,-2.443
-2.342,-1.53
-2.52,-0.877
-2.668,-0.592
-2.676,-1.593
-2.702,-1.607
-2.703,0.39
-2.835,-0.484
-2.76,-2.89
-2.743,-0.008
-2.989,-2.759
-2.911,-2.852
-3.059,-0.388
3.136,-3.015
-3.141,-2.054
3.114,-2.796
-3.106,0.629
3.134,0.657
2.993,-0.258
2.71,-2.855
2.482,-1.465
2.439,0.961
2.38,-0.535
2.231,-1.517
2.122,0.781
2.023,-1.409
2.102,-0.575
2.009,-1.337
1.982,-2.962
1.744,-0.68
1.622,-2.019
1.523,-3.098
1.503,-1.746
1.06,-1.888
1.075,-1.852
0.94,-2.907
0.844,-1.196
0.666,-0.831
0.514,-2.202
0.557,-2.506
0.554,-2.972
0.435,-0.965
0.556,-2.893
0.522,-2.688
0.382,0.795
0.369,0.83
0.364,-2.031
0.202,-1.514
0.27,-0.198
0.175,0.235
0.268,-0.706
0.196,-0.99
0.085,-1.854
-0.077,0.497
-0.195,-2.678
-0.506,-2.678
-0.577,-0.364
-0.605,0.775
-0.668,0.02
-0.665,-0.244
-0.7,0.749
-0.612,-3.015
-0.724,-1.207
-0.725,-2.951
-0.728,-1.771
-0.755,-1.74
-1.298,-3.266
-1.425,-3.289
-1.592,-3.29
-1.67,-3.115
-2.482,-3.197
-2.657,-3.455
-2.698,-3.135
2.522,-3.211
2.526,-3.429
2.108,-3.198
1.682,-3.245
1.291,-3.422
0.622,-3.168
0.532,-3.144
0.492,-3.365
-0.313,-3.31
-1.359,1.302
-1.459,1.128
-2.172,1.088
-2.162,1.14
-2.335,1.119
1.933,1.235
0.91,1.021
0.469,1.001
0.397,1.092
-0.379,1.27
-1.406,-0.375
-2.156,0.477
2.432,-2.885
1.482,-1.617
1.059,-1.689
0.802,-0.215
0.673,-1.137
-0.59,-1.139
-1.848,0.598
0.905,-1.074
0.896,-0.748
0.599,-1.165
-0.39,-0.629
-1.422,-1.298
2.095,-1.248
1.047,0.124
0.716,-1.389
0.53,-3.322
1.84,-3.03
0.716,-3.06
0.561,-2.72
-0.114,-2.137
-0.262,-0.72
-0.705,1.471
-0.715,0.643
-0.985,-2.394
-1.349,-2.489
-2.717,-2.351
3.128,-2.31
2.989,-2.097
2.547,-2.202
2.32,-2.261
1.835,-2.507
1.5,-2.452
1.007,-2.358
0.612,-2.217
0.32,-2.38
0.01,-2.267
-0.713,-2.16
-1.094,1.833
-1.55,2.136
-2.315,2.118
-2.467,1.731
2.42,1.937
2.321,2.122
1.904,2.016
1.488,2.095
0.495,2.02
-1.188,0.908
-1.348,-0.858
-2.478,-0.493
3.137,1.856
2.372,-1.119
0.556,-0.464
-0.919,0.204
-0.816,-0.402
-0.84,-0.777
-0.914,-0.555
-1.142,0.316
-1.171,-1.639
-1.081,-0.221
-1.061,-1.45
-1.29,-1.995
-1.213,-1.972
-1.604,-0.749
-1.505,-0.132
-1.543,1.332
-1.631,-0.562
-1.634,-0.673
-1.802,-0.071
-1.735,1.459
-1.717,0.349
-1.942,0.592
-2.049,1.643
-2.112,-0.895
-2.233,-2.11
-2.191,1.461
-2.195,-0.764
-2.267,-1.522
-2.354,-0.609
-2.532,0.044
-2.68,0.329
-2.688,-0.672
-2.714,-0.686
-2.715,1.311
-2.847,0.437
-2.772,-1.969
-2.755,0.913
-3.001,-1.838
-2.923,-1.931
-3.071,0.533
3.124,-2.094
3.13,-1.133
3.102,-1.875
-3.118,1.55
3.122,1.578
2.981,0.663
2.698,-1.934
2.47,-0.544
2.427,1.882
2.368,0.386
2.219,-0.596
2.11,1.702
2.011,-0.488
2.09,0.346
1.997,-0.416
1.97,-2.041
1.732,0.241
1.61,-1.098
1.511,-2.177
1.491,-0.825
1.048,-0.967
1.063,-0.931
0.928,-1.986
0.832,-0.275
0.654,0.09
0.502,-1.281
0.545,-1.585
0.542,-2.051
0.423,-0.044
0.544,-1.972
0.51,-1.767
0.37,1.716
0.357,1.751
0.352,-1.11
0.19,-0.593
0.258,0.723
0.163,1.156
0.256,0.215
0.184,-0.069
0.073,-0.933
-0.089,1.418
-0.207,-1.757
-0.518,-1.757
-0.589,0.557
-0.617,1.696
-0.68,0.941
-0.677,0.677
-0.712,1.67
-0.624,-2.094
-0.736,-0.286
-0.737,-2.03
-0.74,-0.85
-0.767,-0.819
-1.31,-2.345
-1.437,-2.368
-1.604,-2.369
-1.682,-2.194
-2.494,-2.276
-2.669,-2.534
-2.71,-2.214
2.51,-2.29
2.514,-2.508
2.096,-2.277
1.67,-2.324
1.279,-2.501
0.61,-2.247
0.52,-2.223
0.48,-2.444
-0.325,-2.389
-1.371,2.223
-1.471,2.049
-2.184,2.009
-2.174,2.061
-2.347,2.04
1.921,2.156
0.898,1.942
0.457,1.922
0.385,2.013
-0.391,2.191
-1.418,0.546
-2.168,1.398
2.42,-1.964
1.47,-0.696
1.047,-0.768
0.79,0.706
0.661,-0.216
-0.602,-0.218
-1.86,1.519
0.893,-0.153
0.884,0.173
0.587,-0.244
-0.402,0.292
-1.434,-0.377
2.083,-0.327
1.035,1.045
0.704,-0.468
0.518,-2.401
1.828,-2.109
0.704,-2.139
0.549,-1.799
-0.148,1.417
-0.591,3.608
-0.601,2.78
-0.871,-0.257
-1.235,-0.352
-2.603,-0.214
-3.041,-0.173
3.103,0.04
2.661,-0.065
2.434,-0.124
1.949,-0.37
1.614,-0.315
1.121,-0.221
0.726,-0.08
0.434,-0.243
0.124,-0.13
-0.599,-0.023
-0.98,3.97
-1.436,4.273
-2.201,4.255
-2.353,3.868
2.534,4.074
2.435,4.259
2.018,4.153
1.602,4.232
0.609,4.157
-1.074,3.045
-1.234,1.279
-2.364,1.644
-3.032,3.993
2.486,1.018
0.67,1.673
-0.805,2.341
-0.702,1.735
-0.726,1.36
-0.8,1.582
-1.028,2.453
-1.057,0.498
-0.967,1.916
-0.947,0.687
-1.176,0.142
-1.099,0.165
-1.49,1.388
-1.391,2.005
-1.429,3.469
-1.517,1.575
-1.52,1.464
-1.688,2.066
-1.621,3.596
-1.603,2.486
-1.828,2.729
-1.935,3.78
-1.998,1.242
-2.119,0.027
-2.077,3.598
-2.081,1.373
-2.153,0.615
-2.24,1.528
-2.418,2.181
-2.566,2.466
-2.574,1.465
-2.6,1.451
-2.601,3.448
-2.733,2.574
-2.658,0.168
-2.641,3.05
-2.887,0.299
-2.809,0.206
-2.957,2.67
-3.045,0.043
-3.039,1.004
-3.067,0.262
-3.004,3.687
-3.047,3.715
3.095,2.8
2.812,0.203
2.584,1.593
2.541,4.019
2.482,2.523
2.333,1.541
2.224,3.839
2.125,1.649
2.204,2.483
2.111,1.721
2.084,0.096
1.846,2.378
1.724,1.039
1.625,-0.04
1.605,1.312
1.162,1.17
1.177,1.206
1.042,0.151
0.946,1.862
0.768,2.227
0.616,0.856
0.659,0.552
0.656,0.086
0.537,2.093
0.658,0.165
0.624,0.37
0.484,3.853
0.471,3.888
0.466,1.027
0.304,1.544
0.372,2.86
0.277,3.293
0.37,2.352
0.298,2.068
0.187,1.204
0.025,3.555
-0.093,0.38
-0.404,0.38
-0.475,2.694
-0.503,3.833
-0.566,3.078
-0.563,2.814
-0.598,3.807
-0.51,0.043
-0.622,1.851
-0.623,0.107
-0.626,1.287
-0.653,1.318
-1.196,-0.208
-1.323,-0.231
-1.49,-0.232
-1.568,-0.057
-2.38,-0.139
-2.555,-0.397
-2.596,-0.077
2.624,-0.153
2.628,-0.371
2.21,-0.14
1.784,-0.187
1.393,-0.364
0.724,-0.11
0.634,-0.086
0.594,-0.307
-0.211,-0.252
-1.257,4.36
-1.357,4.186
-2.07,4.146
-2.06,4.198
-2.233,4.177
2.035,4.293
1.012,4.079
0.571,4.059
0.499,4.15
-0.277,4.328
-1.304,2.683
-2.054,3.535
2.534,0.173
1.584,1.441
1.161,1.369
0.904,2.843
0.775,1.921
-0.488,1.919
-1.746,3.656
1.007,1.984
0.998,2.31
0.701,1.893
-0.288,2.429
-1.32,1.76
2.197,1.81
1.149,3.182
0.818,1.669
0.632,-0.264
1.942,0.028
0.818,-0.002
0.663,0.338
-0.443,2.191
-0.453,1.363
-0.723,-1.674
-1.087,-1.769
-2.455,-1.631
-2.893,-1.59
-3.032,-1.377
2.809,-1.482
2.582,-1.541
2.097,-1.787
1.762,-1.732
1.269,-1.638
0.874,-1.497
0.582,-1.66
0.272,-1.547
-0.451,-1.44
-0.832,2.553
-1.288,2.856
-2.053,2.838
-2.205,2.451
2.682,2.657
2.583,2.842
2.166,2.736
1.75,2.815
0.757,2.74
-0.926,1.628
-1.086,-0.138
-2.216,0.227
-2.884,2.576
2.634,-0.399
0.818,0.256
-0.657,0.924
-0.554,0.318
-0.578,-0.057
-0.652,0.165
-0.88,1.036
-0.909,-0.919
-0.819,0.499
-0.799,-0.73
-1.028,-1.275
-0.951,-1.252
-1.342,-0.029
-1.243,0.588
-1.281,2.052
-1.369,0.158
-1.372,0.047
-1.54,0.649
-1.473,2.179
-1.455,1.069
-1.68,1.312
-1.787,2.363
-1.85,-0.175
-1.971,-1.39
-1.929,2.181
-1.933,-0.044
-2.005,-0.802
-2.092,0.111
-2.27,0.764
-2.418,1.049
-2.426,0.048
-2.452,0.034
-2.453,2.031
-2.585,1.157
-2.51,-1.249
-2.493,1.633
-2.739,-1.118
-2.661,-1.211
-2.809,1.253
-2.897,-1.374
-2.891,-0.413
-2.919,-1.155
-2.856,2.27
-2.899,2.298
-3.04,1.383
2.96,-1.214
2.732,0.176
2.689,2.602
2.63,1.106
2.481,0.124
2.372,2.422
2.273,0.232
2.352,1.066
2.259,0.304
2.232,-1.321
1.994,0.961
1.872,-0.378
1.773,-1.457
1.753,-0.105
1.31,-0.247
1.325,-0.211
1.19,-1.266
1.094,0.445
0.916,0.81
0.764,-0.561
0.807,-0.865
0.804,-1.331
0.685,0.676
0.806,-1.252
0.772,-1.047
0.632,2.436
0.619,2.471
0.614,-0.39
0.452,0.127
0.52,1.443
0.425,1.876
0.518,0.935
0.446,0.651
0.335,-0.213
0.173,2.138
0.055,-1.037
-0.256,-1.037
-0.327,1.277
-0.355,2.416
-0.418,1.661
-0.415,1.397
-0.45,2.39
-0.362,-1.374
-0.474,0.434
-0.475,-1.31
-0.478,-0.13
-0.505,-0.099
-1.048,-1.625
-1.175,-1.648
-1.342,-1.649
-1.42,-1.474
-2.232,-1.556
-2.407,-1.814
-2.448,-1.494
2.772,-1.57
2.776,-1.788
2.358,-1.557
1.932,-1.604
1.541,-1.781
0.872,-1.527
0.782,-1.503
0.742,-1.724
-0.063,-1.669
-1.109,2.943
-1.209,2.769
-1.922,2.729
-1.912,2.781
-2.085,2.76
2.183,2.876
1.16,2.662
0.719,2.642
0.647,2.733
-0.129,2.911
-1.156,1.266
-1.906,2.118
2.682,-1.244
1.732,0.024
1.309,-0.048
1.052,1.426
0.923,0.504
-0.34,0.502
-1.598,2.239
1.155,0.567
1.146,0.893
0.849,0.476
-0.14,1.012
-1.172,0.343
2.345,0.393
1.297,1.765
0.966,0.252
0.78,-1.681
2.09,-1.389
0.966,-1.419
0.811,-1.079
-0.01,-0.828
-0.28,-3.865
-0.644,-3.96
-2.012,-3.822
-2.45,-3.781
-2.589,-3.568
-3.031,-3.673
3.025,-3.732
2.54,-3.978
2.205,-3.923
1.712,-3.829
1.317,-3.688
1.025,-3.851
0.715,-3.738
-0.008,-3.631
-0.389,0.362
-0.845,0.665
-1.61,0.647
-1.762,0.26
3.125,0.466
3.026,0.651
2.609,0.545
2.193,0.624
1.2,0.549
-0.483,-0.563
-0.643,-2.329
-1.773,-1.964
-2.441,0.385
3.077,-2.59
1.261,-1.935
-0.214,-1.267
-0.111,-1.873
-0.135,-2.248
-0.209,-2.026
-0.437,-1.155
-0.466,-3.11
-0.376,-1.692
-0.356,-2.921
-0.585,-3.466
-0.508,-3.443
-0.899,-2.22
-0.8,-1.603
-0.838,-0.139
-0.926,-2.033
-0.929,-2.144
-1.097,-1.542
-1.03,-0.012
-1.012,-1.122
-1.237,-0.879
-1.344,0.172
-1.407,-2.366
-1.528,-3.581
-1.486,-0.01
-1.49,-2.235
-1.562,-2.993
-1.649,-2.08
-1.827,-1.427
-1.975,-1.142
-1.983,-2.143
-2.009,-2.157
-2.01,-0.16
-2.142,-1.034
-2.067,-3.44
-2.05,-0.558
-2.296,-3.309
-2.218,-3.402
-2.366,-0.938
-2.454,-3.565
-2.448,-2.604
-2.476,-3.346
-2.413,0.079
-2.456,0.107
-2.597,-0.808
-2.88,-3.405
-3.108,-2.015
3.132,0.411
3.073,-1.085
2.924,-2.067
2.815,0.231
2.716,-1.959
2.795,-1.125
2.702,-1.887
2.675,-3.512
2.437,-1.23
2.315,-2.569
2.216,-3.648
2.196,-2.296
1.753,-2.438
1.768,-2.402
1.633,-3.457
1.537,-1.746
1.359,-1.381
1.207,-2.752
1.25,-3.056
1.247,-3.522
1.128,-1.515
1.249,-3.443
1.215,-3.238
1.075,0.245
1.062,0.28
1.057,-2.581
0.895,-2.064
0.963,-0.748
0.868,-0.315
0.961,-1.256
0.889,-1.54
0.778,-2.404
0.616,-0.053
0.498,-3.228
0.187,-3.228
0.116,-0.914
0.088,0.225
0.025,-0.53
0.028,-0.794
-0.007,0.199
0.081,-3.565
-0.031,-1.757
-0.032,-3.501
-0.035,-2.321
-0.062,-2.29
-0.605,-3.816
-0.732,-3.839
-0.899,-3.84
-0.977,-3.665
-1.789,-3.747
-1.964,-4.005
-2.005,-3.685
-3.068,-3.761
-3.064,-3.979
2.801,-3.748
2.375,-3.795
1.984,-3.972
1.315,-3.718
1.225,-3.694
1.185,-3.915
0.38,-3.86
-0.666,0.752
-0.766,0.578
-1.479,0.538
-1.469,0.59
-1.642,0.569
2.626,0.685
1.603,0.471
1.162,0.451
1.09,0.542
0.314,0.72
-0.713,-0.925
-1.463,-0.073
3.125,-3.435
2.175,-2.167
1.752,-2.239
1.495,-0.765
1.366,-1.687
0.103,-1.689
-1.155,0.048
1.598,-1.624
1.589,-1.298
1.292,-1.715
0.303,-1.179
-0.729,-1.848
2.788,-1.798
1.74,-0.426
1.409,-1.939
1.223,-3.872
2.533,-3.58
1.409,-3.61
1.254,-3.27
-0.27,-3.037
-0.634,-3.132
-2.002,-2.994
-2.44,-2.953
-2.579,-2.74
-3.021,-2.845
3.035,-2.904
2.55,-3.15
2.215,-3.095
1.722,-3.001
1.327,-2.86
1.035,-3.023
0.725,-2.91
0.002,-2.803
-0.379,1.19
-0.835,1.493
-1.6,1.475
-1.752,1.088
3.135,1.294
3.036,1.479
2.619,1.373
2.203,1.452
1.21,1.377
-0.473,0.265
-0.633,-1.501
-1.763,-1.136
-2.431,1.213
3.087,-1.762
1.271,-1.107
-0.204,-0.439
-0.101,-1.045
-0.125,-1.42
-0.199,-1.198
-0.427,-0.327
-0.456,-2.282
-0.366,-0.864
-0.346,-2.093
-0.575,-2.638
-0.498,-2.615
-0.889,-1.392
-0.79,-0.775
-0.828,0.689
-0.916,-1.205
-0.919,-1.316
-1.087,-0.714
-1.02,0.816
-1.002,-0.294
-1.227,-0.051
-1.334,1.0
-1.397,-1.538
-1.518,-2.753
-1.476,0.818
-1.48,-1.407
-1.552,-2.165
-1.639,-1.252
-1.817,-0.599
-1.965,-0.314
-1.973,-1.315
-1.999,-1.329
-2.0,0.668
-2.132,-0.206
-2.057,-2.612
-2.04,0.27
-2.286,-2.481
-2.208,-2.574
-2.356,-0.11
-2.444,-2.737
-2.438,-1.776
-2.466,-2.518
-2.403,0.907
-2.446,0.935
-2.587,0.02
-2.87,-2.577
-3.098,-1.187
-3.141,1.239
3.083,-0.257
2.934,-1.239
2.825,1.059
2.726,-1.131
2.805,-0.297
2.712,-1.059
2.685,-2.684
2.447,-0.402
2.325,-1.741
2.226,-2.82
2.206,-1.468
1.763,-1.61
1.778,-1.574
1.643,-2.629
1.547,-0.918
1.369,-0.553
1.217,-1.924
1.26,-2.228
1.257,-2.694
1.138,-0.687
1.259,-2.615
1.225,-2.41
1.085,1.073
1.072,1.108
1.067,-1.753
0.905,-1.236
0.973,0.08
0.878,0.513
0.971,-0.428
0.899,-0.712
0.788,-1.576
0.626,0.775
0.508,-2.4
0.197,-2.4
0.126,-0.086
0.098,1.053
0.035,0.298
0.038,0.034
0.003,1.027
0.091,-2.737
-0.021,-0.929
-0.022,-2.673
-0.025,-1.493
-0.052,-1.462
-0.595,-2.988
-0.722,-3.011
-0.889,-3.012
-0.967,-2.837
-1.779,-2.919
-1.954,-3.177
-1.995,-2.857
-3.058,-2.933
-3.054,-3.151
2.811,-2.92
2.385,-2.967
1.994,-3.144
1.325,-2.89
1.235,-2.866
1.195,-3.087
0.39,-3.032
-0.656,1.58
-0.756,1.406
-1.469,1.366
-1.459,1.418
-1.632,1.397
2.636,1.513
1.613,1.299
1.172,1.279
1.1,1.37
0.324,1.548
-0.703,-0.097
-1.453,0.755
3.135,-2.607
2.185,-1.339
1.762,-1.411
1.505,0.063
1.376,-0.859
0.113,-0.861
-1.145,0.876
1.608,-0.796
1.599,-0.47
1.302,-0.887
0.313,-0.351
-0.719,-1.02
2.798,-0.97
1.75,0.402
1.419,-1.111
1.233,-3.044
2.543,-2.752
1.419,-2.782
1.264,-2.442
-0.364,-0.095
-1.732,0.043
-2.17,0.084
-2.309,0.297
-2.751,0.192
-2.978,0.133
2.82,-0.113
2.485,-0.058
1.992,0.036
1.597,0.177
1.305,0.014
0.995,0.127
0.272,0.234
-0.109,4.227
-0.565,4.53
-1.33,4.512
-1.482,4.125
-2.878,4.331
-2.977,4.516
2.889,4.41
2.473,4.489
1.48,4.414
-0.203,3.302
-0.363,1.536
-1.493,1.901
-2.161,4.25
-2.926,1.275
1.541,1.93
0.066,2.598
0.169,1.992
0.145,1.617
0.071,1.839
-0.157,2.71
-0.186,0.755
-0.096,2.173
-0.076,0.944
-0.305,0.399
-0.228,0.422
-0.619,1.645
-0.52,2.262
-0.558,3.726
-0.646,1.832
-0.649,1.721
-0.817,2.323
-0.75,3.853
-0.732,2.743
-0.957,2.986
-1.064,4.037
-1.127,1.499
-1.248,0.284
-1.206,3.855
-1.21,1.63
-1.282,0.872
-1.369,1.785
-1.547,2.438
-1.695,2.723
-1.703,1.722
-1.729,1.708
-1.73,3.705
-1.862,2.831
-1.787,0.425
-1.77,3.307
-2.016,0.556
-1.938,0.463
-2.086,2.927
-2.174,0.3
-2.168,1.261
-2.196,0.519
-2.133,3.944
-2.176,3.972
-2.317,3.057
-2.6,0.46
-2.828,1.85
-2.871,4.276
-2.93,2.78
-3.079,1.798
3.095,4.096
2.996,1.906
3.075,2.74
2.982,1.978
2.955,0.353
2.717,2.635
2.595,1.296
2.496,0.217
2.476,1.569
2.033,1.427
2.048,1.463
1.913,0.408
1.817,2.119
1.639,2.484
1.487,1.113
1.53,0.809
1.527,0.343
1.408,2.35
1.529,0.422
1.495,0.627
1.355,4.11
1.342,4.145
1.337,1.284
1.175,1.801
1.243,3.117
1.148,3.55
1.241,2.609
1.169,2.325
1.058,1.461
0.896,3.812
0.778,0.637
0.467,0.637
0.396,2.951
0.368,4.09
0.305,3.335
0.308,3.071
0.273,4.064
0.361,0.3
0.249,2.108
0.248,0.364
0.245,1.544
0.218,1.575
-0.325,0.049
-0.452,0.026
-0.619,0.025
-0.697,0.2
-1.509,0.118
-1.684,-0.14
-1.725,0.18
-2.788,0.104
-2.784,-0.114
3.081,0.117
2.655,0.07
2.264,-0.107
1.595,0.147
1.505,0.171
1.465,-0.05
0.66,0.005
-0.386,4.617
-0.486,4.443
-1.199,4.403
-1.189,4.455
-1.362,4.434
2.906,4.55
1.883,4.336
1.442,4.316
1.37,4.407
0.594,4.585
-0.433,2.94
-1.183,3.792
-2.878,0.43
2.455,1.698
2.032,1.626
1.775,3.1
1.646,2.178
0.383,2.176
-0.875,3.913
1.878,2.241
1.869,2.567
1.572,2.15
0.583,2.686
-0.449,2.017
3.068,2.067
2.02,3.439
1.689,1.926
1.503,-0.007
2.813,0.285
1.689,0.255
1.534,0.595
-1.368,0.138
-1.806,0.179
-1.945,0.392
-2.387,0.287
-2.614,0.228
-3.099,-0.018
2.849,0.037
2.356,0.131
1.961,0.272
1.669,0.109
1.359,0.222
0.636,0.329
0.255,4.322
-0.201,4.625
-0.966,4.607
-1.118,4.22
-2.514,4.426
-2.613,4.611
-3.03,4.505
2.837,4.584
1.844,4.509
0.161,3.397
0.001,1.631
-1.129,1.996
-1.797,4.345
-2.562,1.37
1.905,2.025
0.43,2.693
0.533,2.087
0.509,1.712
0.435,1.934
0.207,2.805
0.178,0.85
0.268,2.268
0.288,1.039
0.059,0.494
0.136,0.517
-0.255,1.74
-0.156,2.357
-0.194,3.821
-0.282,1.927
-0.285,1.816
-0.453,2.418
-0.386,3.948
-0.368,2.838
-0.593,3.081
-0.7,4.132
-0.763,1.594
-0.884,0.379
-0.842,3.95
-0.846,1.725
-0.918,0.967
-1.005,1.88
-1.183,2.533
-1.331,2.818
-1.339,1.817
-1.365,1.803
-1.366,3.8
-1.498,2.926
-1.423,0.52
-1.406,3.402
-1.652,0.651
-1.574,0.558
-1.722,3.022
-1.81,0.395
-1.804,1.356
-1.832,0.614
-1.769,4.039
-1.812,4.067
-1.953,3.152
-2.236,0.555
-2.464,1.945
-2.507,4.371
-2.566,2.875
-2.715,1.893
-2.824,4.191
-2.923,2.001
-2.844,2.835
-2.937,2.073
-2.964,0.448
3.081,2.73
2.959,1.391
2.86,0.312
2.84,1.664
2.397,1.522
2.412,1.558
2.277,0.503
2.181,2.214
2.003,2.579
1.851,1.208
1.894,0.904
1.891,0.438
1.772,2.445
1.893,0.517
1.859,0.722
1.719,4.205
1.706,4.24
1.701,1.379
1.539,1.896
1.607,3.212
1.512,3.645
1.605,2.704
1.533,2.42
1.422,1.556
1.26,3.907
1.142,0.732
0.831,0.732
0.76,3.046
0.732,4.185
0.669,3.43
0.672,3.166
0.637,4.159
0.725,0.395
0.613,2.203
0.612,0.459
0.609,1.639
0.582,1.67
0.039,0.144
-0.088,0.121
-0.255,0.12
-0.333,0.295
-1.145,0.213
-1.32,-0.045
-1.361,0.275
-2.424,0.199
-2.42,-0.019
-2.838,0.212
3.019,0.165
2.628,-0.012
1.959,0.242
1.869,0.266
1.829,0.045
1.024,0.1
-0.022,4.712
-0.122,4.538
-0.835,4.498
-0.825,4.55
-0.998,4.529
-3.013,4.645
2.247,4.431
1.806,4.411
1.734,4.502
0.958,4.68
-0.069,3.035
-0.819,3.887
-2.514,0.525
2.819,1.793
2.396,1.721
2.139,3.195
2.01,2.273
0.747,2.271
-0.511,4.008
2.242,2.336
2.233,2.662
1.936,2.245
0.947,2.781
-0.085,2.112
-2.851,2.162
2.384,3.534
2.053,2.021
1.867,0.088
-3.106,0.38
2.053,0.35
1.898,0.69
-0.438,0.041
-0.577,0.254
-1.019,0.149
-1.246,0.09
-1.731,-0.156
-2.066,-0.101
-2.559,-0.007
-2.954,0.134
3.037,-0.029
2.727,0.084
2.004,0.191
1.623,4.184
1.167,4.487
0.402,4.469
0.25,4.082
-1.146,4.288
-1.245,4.473
-1.662,4.367
-2.078,4.446
-3.071,4.371
1.529,3.259
1.369,1.493
0.239,1.858
-0.429,4.207
-1.194,1.232
-3.01,1.887
1.798,2.555
1.901,1.949
1.877,1.574
1.803,1.796
1.575,2.667
1.546,0.712
1.636,2.13
1.656,0.901
1.427,0.356
1.504,0.379
1.113,1.602
1.212,2.219
1.174,3.683
1.086,1.789
1.083,1.678
0.915,2.28
0.982,3.81
1.0,2.7
0.775,2.943
0.668,3.994
0.605,1.456
0.484,0.241
0.526,3.812
0.522,1.587
0.45,0.829
0.363,1.742
0.185,2.395
0.037,2.68
0.029,1.679
0.003,1.665
0.002,3.662
-0.13,2.788
-0.055,0.382
-0.038,3.264
-0.284,0.513
-0.206,0.42
-0.354,2.884
-0.442,0.257
-0.436,1.218
-0.464,0.476
-0.401,3.901
-0.444,3.929
-0.585,3.014
-0.868,0.417
-1.096,1.807
-1.139,4.233
-1.198,2.737
-1.347,1.755
-1.456,4.053
-1.555,1.863
-1.476,2.697
-1.569,1.935
-1.596,0.31
-1.834,2.592
-1.956,1.253
-2.055,0.174
-2.075,1.526
-2.518,1.384
-2.503,1.42
-2.638,0.365
-2.734,2.076
-2.912,2.441
-3.064,1.07
-3.021,0.766
-3.024,0.3
3.14,2.307
-3.022,0.379
-3.056,0.584
3.087,4.067
3.074,4.102
3.069,1.241
2.907,1.758
2.975,3.074
2.88,3.507
2.973,2.566
2.901,2.282
2.79,1.418
2.628,3.769
2.51,0.594
2.199,0.594
2.128,2.908
2.1,4.047
2.037,3.292
2.04,3.028
2.005,4.021
2.093,0.257
1.981,2.065
1.98,0.321
1.977,1.501
1.95,1.532
1.407,0.006
1.28,-0.017
1.113,-0.018
1.035,0.157
0.223,0.075
0.048,-0.183
0.007,0.137
-1.056,0.061
-1.052,-0.157
-1.47,0.074
-1.896,0.027
-2.287,-0.15
-2.956,0.104
-3.046,0.128
-3.086,-0.093
2.392,-0.038
1.346,4.574
1.246,4.4
0.533,4.36
0.543,4.412
0.37,4.391
-1.645,4.507
-2.668,4.293
-3.109,4.273
3.102,4.364
2.326,4.542
1.299,2.897
0.549,3.749
-1.146,0.387
-2.096,1.655
-2.519,1.583
-2.776,3.057
-2.905,2.135
2.115,2.133
0.857,3.87
-2.673,2.198
-2.682,2.524
-2.979,2.107
2.315,2.643
1.283,1.974
-1.483,2.024
-2.531,3.396
-2.862,1.883
-3.048,-0.05
-1.738,0.242
-2.862,0.212
-3.017,0.552
-0.139,0.213
-0.581,0.108
-0.808,0.049
-1.293,-0.197
-1.628,-0.142
-2.121,-0.048
-2.516,0.093
-2.808,-0.07
-3.118,0.043
2.442,0.15
2.061,4.143
1.605,4.446
0.84,4.428
0.688,4.041
-0.708,4.247
-0.807,4.432
-1.224,4.326
-1.64,4.405
-2.633,4.33
1.967,3.218
1.807,1.452
0.677,1.817
0.009,4.166
-0.756,1.191
-2.572,1.846
2.236,2.514
2.339,1.908
2.315,1.533
2.241,1.755
2.013,2.626
1.984,0.671
2.074,2.089
2.094,0.86
1.865,0.315
1.942,0.338
1.551,1.561
1.65,2.178
1.612,3.642
1.524,1.748
1.521,1.637
1.353,2.239
1.42,3.769
1.438,2.659
1.213,2.902
1.106,3.953
1.043,1.415
0.922,0.2
0.964,3.771
0.96,1.546
0.888,0.788
0.801,1.701
0.623,2.354
0.475,2.639
0.467,1.638
0.441,1.624
0.44,3.621
0.308,2.747
0.383,0.341
0.4,3.223
0.154,0.472
0.232,0.379
0.084,2.843
-0.004,0.216
0.002,1.177
-0.026,0.435
0.037,3.86
-0.006,3.888
-0.147,2.973
-0.43,0.376
-0.658,1.766
-0.701,4.192
-0.76,2.696
-0.909,1.714
-1.018,4.012
-1.117,1.822
-1.038,2.656
-1.131,1.894
-1.158,0.269
-1.396,2.551
-1.518,1.212
-1.617,0.133
-1.637,1.485
-2.08,1.343
-2.065,1.379
-2.2,0.324
-2.296,2.035
-2.474,2.4
-2.626,1.029
-2.583,0.725
-2.586,0.259
-2.705,2.266
-2.584,0.338
-2.618,0.543
-2.758,4.026
-2.771,4.061
-2.776,1.2
-2.938,1.717
-2.87,3.033
-2.965,3.466
-2.872,2.525
-2.944,2.241
-3.055,1.377
3.066,3.728
2.948,0.553
2.637,0.553
2.566,2.867
2.538,4.006
2.475,3.251
2.478,2.987
2.443,3.98
2.531,0.216
2.419,2.024
2.418,0.28
2.415,1.46
2.388,1.491
1.845,-0.035
1.718,-0.058
1.551,-0.059
1.473,0.116
0.661,0.034
0.486,-0.224
0.445,0.096
-0.618,0.02
-0.614,-0.198
-1.032,0.033
-1.458,-0.014
-1.849,-0.191
-2.518,0.063
-2.608,0.087
-2.648,-0.134
2.83,-0.079
1.784,4.533
1.684,4.359
0.971,4.319
0.981,4.371
0.808,4.35
-1.207,4.466
-2.23,4.252
-2.671,4.232
-2.743,4.323
2.764,4.501
1.737,2.856
0.987,3.708
-0.708,0.346
-1.658,1.614
-2.081,1.542
-2.338,3.016
-2.467,2.094
2.553,2.092
1.295,3.829
-2.235,2.157
-2.244,2.483
-2.541,2.066
2.753,2.602
1.721,1.933
-1.045,1.983
-2.093,3.355
-2.424,1.842
-2.61,-0.091
-1.3,0.201
-2.424,0.171
-2.579,0.511
-0.442,-0.105
-0.669,-0.164
-1.154,-0.41
-1.489,-0.355
-1.982,-0.261
-2.377,-0.12
-2.669,-0.283
-2.979,-0.17
2.581,-0.063
2.2,3.93
1.744,4.233
0.979,4.215
0.827,3.828
-0.569,4.034
-0.668,4.219
-1.085,4.113
-1.501,4.192
-2.494,4.117
2.106,3.005
1.946,1.239
0.816,1.604
0.148,3.953
-0.617,0.978
-2.433,1.633
2.375,2.301
2.478,1.695
2.454,1.32
2.38,1.542
2.152,2.413
2.123,0.458
2.213,1.876
2.233,0.647
2.004,0.102
2.081,0.125
1.69,1.348
1.789,1.965
1.751,3.429
1.663,1.535
1.66,1.424
1.492,2.026
1.559,3.556
1.577,2.446
1.352,2.689
1.245,3.74
1.182,1.202
1.061,-0.013
1.103,3.558
1.099,1.333
1.027,0.575
0.94,1.488
0.762,2.141
0.614,2.426
0.606,1.425
0.58,1.411
0.579,3.408
0.447,2.534
0.522,0.128
0.539,3.01
0.293,0.259
0.371,0.166
0.223,2.63
0.135,0.003
0.141,0.964
0.113,0.222
0.176,3.647
0.133,3.675
-0.008,2.76
-0.291,0.163
-0.519,1.553
-0.562,3.979
-0.621,2.483
-0.77,1.501
-0.879,3.799
-0.978,1.609
-0.899,2.443
-0.992,1.681
-1.019,0.056
-1.257,2.338
-1.379,0.999
-1.478,-0.08
-1.498,1.272
-1.941,1.13
-1.926,1.166
-2.061,0.111
-2.157,1.822
-2.335,2.187
-2.487,0.816
-2.444,0.512
-2.447,0.046
-2.566,2.053
-2.445,0.125
-2.479,0.33
-2.619,3.813
-2.632,3.848
-2.637,0.987
-2.799,1.504
-2.731,2.82
-2.826,3.253
-2.733,2.312
-2.805,2.028
-2.916,1.164
-3.078,3.515
3.087,0.34
2.776,0.34
2.705,2.654
2.677,3.793
2.614,3.038
2.617,2.774
2.582,3.767
2.67,0.003
2.558,1.811
2.557,0.067
2.554,1.247
2.527,1.278
1.984,-0.248
1.857,-0.271
1.69,-0.272
1.612,-0.097
0.8,-0.179
0.625,-0.437
0.584,-0.117
-0.479,-0.193
-0.475,-0.411
-0.893,-0.18
-1.319,-0.227
-1.71,-0.404
-2.379,-0.15
-2.469,-0.126
-2.509,-0.347
2.969,-0.292
1.923,4.32
1.823,4.146
1.11,4.106
1.12,4.158
0.947,4.137
-1.068,4.253
-2.091,4.039
-2.532,4.019
-2.604,4.11
2.903,4.288
1.876,2.643
1.126,3.495
-0.569,0.133
-1.519,1.401
-1.942,1.329
-2.199,2.803
-2.328,1.881
2.692,1.879
1.434,3.616
-2.096,1.944
-2.105,2.27
-2.402,1.853
2.892,2.389
1.86,1.72
-0.906,1.77
-1.954,3.142
-2.285,1.629
-2.471,-0.304
-1.161,-0.012
-2.285,-0.042
-2.44,0.298
-0.227,-0.059
-0.712,-0.305
-1.047,-0.25
-1.54,-0.156
-1.935,-0.015
-2.227,-0.178
-2.537,-0.065
3.023,0.042
2.642,4.035
2.186,4.338
1.421,4.32
1.269,3.933
-0.127,4.139
-0.226,4.324
-0.643,4.218
-1.059,4.297
-2.052,4.222
2.548,3.11
2.388,1.344
1.258,1.709
0.59,4.058
-0.175,1.083
-1.991,1.738
2.817,2.406
2.92,1.8
2.896,1.425
2.822,1.647
2.594,2.518
2.565,0.563
2.655,1.981
2.675,0.752
2.446,0.207
2.523,0.23
2.132,1.453
2.231,2.07
2.193,3.534
2.105,1.64
2.102,1.529
1.934,2.131
2.001,3.661
2.019,2.551
1.794,2.794
1.687,3.845
1.624,1.307
1.503,0.092
1.545,3.663
1.541,1.438
1.469,0.68
1.382,1.593
1.204,2.246
1.056,2.531
1.048,1.53
1.022,1.516
1.021,3.513
0.889,2.639
0.964,0.233
0.981,3.115
0.735,0.364
0.813,0.271
0.665,2.735
0.577,0.108
0.583,1.069
0.555,0.327
0.618,3.752
0.575,3.78
0.434,2.865
0.151,0.268
-0.077,1.658
-0.12,4.084
-0.179,2.588
-0.328,1.606
-0.437,3.904
-0.536,1.714
-0.457,2.548
-0.55,1.786
-0.577,0.161
-0.815,2.443
-0.937,1.104
-1.036,0.025
-1.056,1.377
-1.499,1.235
-1.484,1.271
-1.619,0.216
-1.715,1.927
-1.893,2.292
-2.045,0.921
-2.002,0.617
-2.005,0.151
-2.124,2.158
-2.003,0.23
-2.037,0.435
-2.177,3.918
-2.19,3.953
-2.195,1.092
-2.357,1.609
-2.289,2.925
-2.384,3.358
-2.291,2.417
-2.363,2.133
-2.474,1.269
-2.636,3.62
-2.754,0.445
-3.065,0.445
-3.136,2.759
3.119,3.898
3.056,3.143
3.059,2.879
3.024,3.872
3.112,0.108
3.0,1.916
2.999,0.172
2.996,1.352
2.969,1.383
2.426,-0.143
2.299,-0.166
2.132,-0.167
2.054,0.008
1.242,-0.074
1.067,-0.332
1.026,-0.012
-0.037,-0.088
-0.033,-0.306
-0.451,-0.075
-0.877,-0.122
-1.268,-0.299
-1.937,-0.045
-2.027,-0.021
-2.067,-0.242
-2.872,-0.187
2.365,4.425
2.265,4.251
1.552,4.211
1.562,4.263
1.389,4.242
-0.626,4.358
-1.649,4.144
-2.09,4.124
-2.162,4.215
-2.938,4.393
2.318,2.748
1.568,3.6
-0.127,0.238
-1.077,1.506
-1.5,1.434
-1.757,2.908
-1.886,1.986
3.134,1.984
1.876,3.721
-1.654,2.049
-1.663,2.375
-1.96,1.958
-2.949,2.494
2.302,1.825
-0.464,1.875
-1.512,3.247
-1.843,1.734
-2.029,-0.199
-0.719,0.093
-1.843,0.063
-1.998,0.403
-0.485,-0.246
-0.82,-0.191
-1.313,-0.097
-1.708,0.044
-2.0,-0.119
-2.31,-0.006
-3.033,0.101
2.869,4.094
2.413,4.397
1.648,4.379
1.496,3.992
0.1,4.198
0.001,4.383
-0.416,4.277
-0.832,4.356
-1.825,4.281
2.775,3.169
2.615,1.403
1.485,1.768
0.817,4.117
0.052,1.142
-1.764,1.797
3.044,2.465
-3.136,1.859
3.123,1.484
3.049,1.706
2.821,2.577
2.792,0.622
2.882,2.04
2.902,0.811
2.673,0.266
2.75,0.289
2.359,1.512
2.458,2.129
2.42,3.593
2.332,1.699
2.329,1.588
2.161,2.19
2.228,3.72
2.246,2.61
2.021,2.853
1.914,3.904
1.851,1.366
1.73,0.151
1.772,3.722
1.768,1.497
1.696,0.739
1.609,1.652
1.431,2.305
1.283,2.59
1.275,1.589
1.249,1.575
1.248,3.572
1.116,2.698
1.191,0.292
1.208,3.174
0.962,0.423
1.04,0.33
0.892,2.794
0.804,0.167
0.81,1.128
0.782,0.386
0.845,3.811
0.802,3.839
0.661,2.924
0.378,0.327
0.15,1.717
0.107,4.143
0.048,2.647
-0.101,1.665
-0.21,3.963
-0.309,1.773
-0.23,2.607
-0.323,1.845
-0.35,0.22
-0.588,2.502
-0.71,1.163
-0.809,0.084
-0.829,1.436
-1.272,1.294
-1.257,1.33
-1.392,0.275
-1.488,1.986
-1.666,2.351
-1.818,0.98
-1.775,0.676
-1.778,0.21
-1.897,2.217
-1.776,0.289
-1.81,0.494
-1.95,3.977
-1.963,4.012
-1.968,1.151
-2.13,1.668
-2.062,2.984
-2.157,3.417
-2.064,2.476
-2.136,2.192
-2.247,1.328
-2.409,3.679
-2.527,0.504
-2.838,0.504
-2.909,2.818
-2.937,3.957
-3.0,3.202
-2.997,2.938
-3.032,3.931
-2.944,0.167
-3.056,1.975
-3.057,0.231
-3.06,1.411
-3.087,1.442
2.653,-0.084
2.526,-0.107
2.359,-0.108
2.281,0.067
1.469,-0.015
1.294,-0.273
1.253,0.047
0.19,-0.029
0.194,-0.247
-0.224,-0.016
-0.65,-0.063
-1.041,-0.24
-1.71,0.014
-1.8,0.038
-1.84,-0.183
-2.645,-0.128
2.592,4.484
2.492,4.31
1.779,4.27
1.789,4.322
1.616,4.301
-0.399,4.417
-1.422,4.203
-1.863,4.183
-1.935,4.274
-2.711,4.452
2.545,2.807
1.795,3.659
0.1,0.297
-0.85,1.565
-1.273,1.493
-1.53,2.967
-1.659,2.045
-2.922,2.043
2.103,3.78
-1.427,2.108
-1.436,2.434
-1.733,2.017
-2.722,2.553
2.529,1.884
-0.237,1.934
-1.285,3.306
-1.616,1.793
-1.802,-0.14
-0.492,0.152
-1.616,0.122
-1.771,0.462
-0.335,0.055
-0.828,0.149
-1.223,0.29
-1.515,0.127
-1.825,0.24
-2.548,0.347
-2.929,4.34
2.898,4.643
2.133,4.625
1.981,4.238
0.585,4.444
0.486,4.629
0.069,4.523
-0.347,4.602
-1.34,4.527
-3.023,3.415
3.1,1.649
1.97,2.014
1.302,4.363
0.537,1.388
-1.279,2.043
-2.754,2.711
-2.651,2.105
-2.675,1.73
-2.749,1.952
-2.977,2.823
-3.006,0.868
-2.916,2.286
-2.896,1.057
-3.125,0.512
-3.048,0.535
2.844,1.758
2.943,2.375
2.905,3.839
2.817,1.945
2.814,1.834
2.646,2.436
2.713,3.966
2.731,2.856
2.506,3.099
2.399,4.15
2.336,1.612
2.215,0.397
2.257,3.968
2.253,1.743
2.181,0.985
2.094,1.898
1.916,2.551
1.768,2.836
1.76,1.835
1.734,1.821
1.733,3.818
1.601,2.944
1.676,0.538
1.693,3.42
1.447,0.669
1.525,0.576
1.377,3.04
1.289,0.413
1.295,1.374
1.267,0.632
1.33,4.057
1.287,4.085
1.146,3.17
0.863,0.573
0.635,1.963
0.592,4.389
0.533,2.893
0.384,1.911
0.275,4.209
0.176,2.019
0.255,2.853
0.162,2.091
0.135,0.466
-0.103,2.748
-0.225,1.409
-0.324,0.33
-0.344,1.682
-0.787,1.54
-0.772,1.576
-0.907,0.521
-1.003,2.232
-1.181,2.597
-1.333,1.226
-1.29,0.922
-1.293,0.456
-1.412,2.463
-1.291,0.535
-1.325,0.74
-1.465,4.223
-1.478,4.258
-1.483,1.397
-1.645,1.914
-1.577,3.23
-1.672,3.663
-1.579,2.722
-1.651,2.438
-1.762,1.574
-1.924,3.925
-2.042,0.75
-2.353,0.75
-2.424,3.064
-2.452,4.203
-2.515,3.448
-2.512,3.184
-2.547,4.177
-2.459,0.413
-2.571,2.221
-2.572,0.477
-2.575,1.657
-2.602,1.688
3.138,0.162
3.011,0.139
2.844,0.138
2.766,0.313
1.954,0.231
1.779,-0.027
1.738,0.293
0.675,0.217
0.679,-0.001
0.261,0.23
-0.165,0.183
-0.556,0.006
-1.225,0.26
-1.315,0.284
-1.355,0.063
-2.16,0.118
3.077,4.73
2.977,4.556
2.264,4.516
2.274,4.568
2.101,4.547
0.086,4.663
-0.937,4.449
-1.378,4.429
-1.45,4.52
-2.226,4.698
3.03,3.053
2.28,3.905
0.585,0.543
-0.365,1.811
-0.788,1.739
-1.045,3.213
-1.174,2.291
-2.437,2.289
2.588,4.026
-0.942,2.354
-0.951,2.68
-1.248,2.263
-2.237,2.799
3.014,2.13
0.248,2.18
-0.8,3.552
-1.131,2.039
-1.317,0.106
-0.007,0.398
-1.131,0.368
-1.286,0.708
-0.493,0.094
-0.888,0.235
-1.18,0.072
-1.49,0.185
-2.213,0.292
-2.594,4.285
-3.05,4.588
2.468,4.57
2.316,4.183
0.92,4.389
0.821,4.574
0.404,4.468
-0.012,4.547
-1.005,4.472
-2.688,3.36
-2.848,1.594
2.305,1.959
1.637,4.308
0.872,1.333
-0.944,1.988
-2.419,2.656
-2.316,2.05
-2.34,1.675
-2.414,1.897
-2.642,2.768
-2.671,0.813
-2.581,2.231
-2.561,1.002
-2.79,0.457
-2.713,0.48
-3.104,1.703
-3.005,2.32
-3.043,3.784
-3.131,1.89
-3.134,1.779
2.981,2.381
3.048,3.911
3.066,2.801
2.841,3.044
2.734,4.095
2.671,1.557
2.55,0.342
2.592,3.913
2.588,1.688
2.516,0.93
2.429,1.843
2.251,2.496
2.103,2.781
2.095,1.78
2.069,1.766
2.068,3.763
1.936,2.889
2.011,0.483
2.028,3.365
1.782,0.614
1.86,0.521
1.712,2.985
1.624,0.358
1.63,1.319
1.602,0.577
1.665,4.002
1.622,4.03
1.481,3.115
1.198,0.518
0.97,1.908
0.927,4.334
0.868,2.838
0.719,1.856
0.61,4.154
0.511,1.964
0.59,2.798
0.497,2.036
0.47,0.411
0.232,2.693
0.11,1.354
0.011,0.275
-0.009,1.627
-0.452,1.485
-0.437,1.521
-0.572,0.466
-0.668,2.177
-0.846,2.542
-0.998,1.171
-0.955,0.867
-0.958,0.401
-1.077,2.408
-0.956,0.48
-0.99,0.685
-1.13,4.168
-1.143,4.203
-1.148,1.342
-1.31,1.859
-1.242,3.175
-1.337,3.608
-1.244,2.667
-1.316,2.383
-1.427,1.519
-1.589,3.87
-1.707,0.695
-2.018,0.695
-2.089,3.009
-2.117,4.148
-2.18,3.393
-2.177,3.129
-2.212,4.122
-2.124,0.358
-2.236,2.166
-2.237,0.422
-2.24,1.602
-2.267,1.633
-2.81,0.107
-2.937,0.084
-3.104,0.083
3.101,0.258
2.289,0.176
2.114,-0.082
2.073,0.238
1.01,0.162
1.014,-0.056
0.596,0.175
0.17,0.128
-0.221,-0.049
-0.89,0.205
-0.98,0.229
-1.02,0.008
-1.825,0.063
-2.871,4.675
-2.971,4.501
2.599,4.461
2.609,4.513
2.436,4.492
0.421,4.608
-0.602,4.394
-1.043,4.374
-1.115,4.465
-1.891,4.643
-2.918,2.998
2.615,3.85
0.92,0.488
-0.03,1.756
-0.453,1.684
-0.71,3.158
-0.839,2.236
-2.102,2.234
2.923,3.971
-0.607,2.299
-0.616,2.625
-0.913,2.208
-1.902,2.744
-2.934,2.075
0.583,2.125
-0.465,3.497
-0.796,1.984
-0.982,0.051
0.328,0.343
-0.796,0.313
-0.951,0.653
-0.395,0.141
-0.687,-0.022
-0.997,0.091
-1.72,0.198
-2.101,4.191
-2.557,4.494
2.961,4.476
2.809,4.089
1.413,4.295
1.314,4.48
0.897,4.374
0.481,4.453
-0.512,4.378
-2.195,3.266
-2.355,1.5
2.798,1.865
2.13,4.214
1.365,1.239
-0.451,1.894
-1.926,2.562
-1.823,1.956
-1.847,1.581
-1.921,1.803
-2.149,2.674
-2.178,0.719
-2.088,2.137
-2.068,0.908
-2.297,0.363
-2.22,0.386
-2.611,1.609
-2.512,2.226
-2.55,3.69
-2.638,1.796
-2.641,1.685
-2.809,2.287
-2.742,3.817
-2.724,2.707
-2.949,2.95
-3.056,4.001
-3.119,1.463
3.043,0.248
3.085,3.819
3.081,1.594
3.009,0.836
2.922,1.749
2.744,2.402
2.596,2.687
2.588,1.686
2.562,1.672
2.561,3.669
2.429,2.795
2.504,0.389
2.521,3.271
2.275,0.52
2.353,0.427
2.205,2.891
2.117,0.264
2.123,1.225
2.095,0.483
2.158,3.908
2.115,3.936
1.974,3.021
1.691,0.424
1.463,1.814
1.42,4.24
1.361,2.744
1.212,1.762
1.103,4.06
1.004,1.87
1.083,2.704
0.99,1.942
0.963,0.317
0.725,2.599
0.603,1.26
0.504,0.181
0.484,1.533
0.041,1.391
0.056,1.427
-0.079,0.372
-0.175,2.083
-0.353,2.448
-0.505,1.077
-0.462,0.773
-0.465,0.307
-0.584,2.314
-0.463,0.386
-0.497,0.591
-0.637,4.074
-0.65,4.109
-0.655,1.248
-0.817,1.765
-0.749,3.081
-0.844,3.514
-0.751,2.573
-0.823,2.289
-0.934,1.425
-1.096,3.776
-1.214,0.601
-1.525,0.601
-1.596,2.915
-1.624,4.054
-1.687,3.299
-1.684,3.035
-1.719,4.028
-1.631,0.264
-1.743,2.072
-1.744,0.328
-1.747,1.508
-1.774,1.539
-2.317,0.013
-2.444,-0.01
-2.611,-0.011
-2.689,0.164
2.782,0.082
2.607,-0.176
2.566,0.144
1.503,0.068
1.507,-0.15
1.089,0.081
0.663,0.034
0.272,-0.143
-0.397,0.111
-0.487,0.135
-0.527,-0.086
-1.332,-0.031
-2.378,4.581
-2.478,4.407
3.092,4.367
3.102,4.419
2.929,4.398
0.914,4.514
-0.109,4.3
-0.55,4.28
-0.622,4.371
-1.398,4.549
-2.425,2.904
3.108,3.756
1.413,0.394
0.463,1.662
0.04,1.59
-0.217,3.064
-0.346,2.142
-1.609,2.14
-2.867,3.877
-0.114,2.205
-0.123,2.531
-0.42,2.114
-1.409,2.65
-2.441,1.981
1.076,2.031
0.028,3.403
-0.303,1.89
-0.489,-0.043
0.821,0.249
-0.303,0.219
-0.458,0.559
-0.292,-0.163
-0.602,-0.05
-1.325,0.057
-1.706,4.05
-2.162,4.353
-2.927,4.335
-3.079,3.948
1.808,4.154
1.709,4.339
1.292,4.233
0.876,4.312
-0.117,4.237
-1.8,3.125
-1.96,1.359
-3.09,1.724
2.525,4.073
1.76,1.098
-0.056,1.753
-1.531,2.421
-1.428,1.815
-1.452,1.44
-1.526,1.662
-1.754,2.533
-1.783,0.578
-1.693,1.996
-1.673,0.767
-1.902,0.222
-1.825,0.245
-2.216,1.468
-2.117,2.085
-2.155,3.549
-2.243,1.655
-2.246,1.544
-2.414,2.146
-2.347,3.676
-2.329,2.566
-2.554,2.809
-2.661,3.86
-2.724,1.322
-2.845,0.107
-2.803,3.678
-2.807,1.453
-2.879,0.695
-2.966,1.608
3.139,2.261
2.991,2.546
2.983,1.545
2.957,1.531
2.956,3.528
2.824,2.654
2.899,0.248
2.916,3.13
2.67,0.379
2.748,0.286
2.6,2.75
2.512,0.123
2.518,1.084
2.49,0.342
2.553,3.767
2.51,3.795
2.369,2.88
2.086,0.283
1.858,1.673
1.815,4.099
1.756,2.603
1.607,1.621
1.498,3.919
1.399,1.729
1.478,2.563
1.385,1.801
1.358,0.176
1.12,2.458
0.998,1.119
0.899,0.04
0.879,1.392
0.436,1.25
0.451,1.286
0.316,0.231
0.22,1.942
0.042,2.307
-0.11,0.936
-0.067,0.632
-0.07,0.166
-0.189,2.173
-0.068,0.245
-0.102,0.45
-0.242,3.933
-0.255,3.968
-0.26,1.107
-0.422,1.624
-0.354,2.94
-0.449,3.373
-0.356,2.432
-0.428,2.148
-0.539,1.284
-0.701,3.635
-0.819,0.46
-1.13,0.46
-1.201,2.774
-1.229,3.913
-1.292,3.158
-1.289,2.894
-1.324,3.887
-1.236,0.123
-1.348,1.931
-1.349,0.187
-1.352,1.367
-1.379,1.398
-1.922,-0.128
-2.049,-0.151
-2.216,-0.152
-2.294,0.023
-3.106,-0.059
3.002,-0.317
2.961,0.003
1.898,-0.073
1.902,-0.291
1.484,-0.06
1.058,-0.107
0.667,-0.284
-0.002,-0.03
-0.092,-0.006
-0.132,-0.227
-0.937,-0.172
-1.983,4.44
-2.083,4.266
-2.796,4.226
-2.786,4.278
-2.959,4.257
1.309,4.373
0.286,4.159
-0.155,4.139
-0.227,4.23
-1.003,4.408
-2.03,2.763
-2.78,3.615
1.808,0.253
0.858,1.521
0.435,1.449
0.178,2.923
0.049,2.001
-1.214,1.999
-2.472,3.736
0.281,2.064
0.272,2.39
-0.025,1.973
-1.014,2.509
-2.046,1.84
1.471,1.89
0.423,3.262
0.092,1.749
-0.094,-0.184
1.216,0.108
0.092,0.078
-0.063,0.418
-0.31,0.113
-1.033,0.22
-1.414,4.213
-1.87,4.516
-2.635,4.498
-2.787,4.111
2.1,4.317
2.001,4.502
1.584,4.396
1.168,4.475
0.175,4.4
-1.508,3.288
-1.668,1.522
-2.798,1.887
2.817,4.236
2.052,1.261
0.236,1.916
-1.239,2.584
-1.136,1.978
-1.16,1.603
-1.234,1.825
-1.462,2.696
-1.491,0.741
-1.401,2.159
-1.381,0.93
-1.61,0.385
-1.533,0.408
-1.924,1.631
-1.825,2.248
-1.863,3.712
-1.951,1.818
-1.954,1.707
-2.122,2.309
-2.055,3.839
-2.037,2.729
-2.262,2.972
-2.369,4.023
-2.432,1.485
-2.553,0.27
-2.511,3.841
-2.515,1.616
-2.587,0.858
-2.674,1.771
-2.852,2.424
-3.0,2.709
-3.008,1.708
-3.034,1.694
-3.035,3.691
3.116,2.817
-3.092,0.411
-3.075,3.293
2.962,0.542
3.04,0.449
2.892,2.913
2.804,0.286
2.81,1.247
2.782,0.505
2.845,3.93
2.802,3.958
2.661,3.043
2.378,0.446
2.15,1.836
2.107,4.262
2.048,2.766
1.899,1.784
1.79,4.082
1.691,1.892
1.77,2.726
1.677,1.964
1.65,0.339
1.412,2.621
1.29,1.282
1.191,0.203
1.171,1.555
0.728,1.413
0.743,1.449
0.608,0.394
0.512,2.105
0.334,2.47
0.182,1.099
0.225,0.795
0.222,0.329
0.103,2.336
0.224,0.408
0.19,0.613
0.05,4.096
0.037,4.131
0.032,1.27
-0.13,1.787
-0.062,3.103
-0.157,3.536
-0.064,2.595
-0.136,2.311
-0.247,1.447
-0.409,3.798
-0.527,0.623
-0.838,0.623
-0.909,2.937
-0.937,4.076
-1.0,3.321
-0.997,3.057
-1.032,4.05
-0.944,0.286
-1.056,2.094
-1.057,0.35
-1.06,1.53
-1.087,1.561
-1.63,0.035
-1.757,0.012
-1.924,0.011
-2.002,0.186
-2.814,0.104
-2.989,-0.154
-3.03,0.166
2.19,0.09
2.194,-0.128
1.776,0.103
1.35,0.056
0.959,-0.121
0.29,0.133
0.2,0.157
0.16,-0.064
-0.645,-0.009
-1.691,4.603
-1.791,4.429
-2.504,4.389
-2.494,4.441
-2.667,4.42
1.601,4.536
0.578,4.322
0.137,4.302
0.065,4.393
-0.711,4.571
-1.738,2.926
-2.488,3.778
2.1,0.416
1.15,1.684
0.727,1.612
0.47,3.086
0.341,2.164
-0.922,2.162
-2.18,3.899
0.573,2.227
0.564,2.553
0.267,2.136
-0.722,2.672
-1.754,2.003
1.763,2.053
0.715,3.425
0.384,1.912
0.198,-0.021
1.508,0.271
0.384,0.241
0.229,0.581
-0.723,0.107
-1.104,4.1
-1.56,4.403
-2.325,4.385
-2.477,3.998
2.41,4.204
2.311,4.389
1.894,4.283
1.478,4.362
0.485,4.287
-1.198,3.175
-1.358,1.409
-2.488,1.774
3.127,4.123
2.362,1.148
0.546,1.803
-0.929,2.471
-0.826,1.865
-0.85,1.49
-0.924,1.712
-1.152,2.583
-1.181,0.628
-1.091,2.046
-1.071,0.817
-1.3,0.272
-1.223,0.295
-1.614,1.518
-1.515,2.135
-1.553,3.599
-1.641,1.705
-1.644,1.594
-1.812,2.196
-1.745,3.726
-1.727,2.616
-1.952,2.859
-2.059,3.91
-2.122,1.372
-2.243,0.157
-2.201,3.728
-2.205,1.503
-2.277,0.745
-2.364,1.658
-2.542,2.311
-2.69,2.596
-2.698,1.595
-2.724,1.581
-2.725,3.578
-2.857,2.704
-2.782,0.298
-2.765,3.18
-3.011,0.429
-2.933,0.336
-3.081,2.8
3.114,0.173
3.12,1.134
3.092,0.392
-3.128,3.817
3.112,3.845
2.971,2.93
2.688,0.333
2.46,1.723
2.417,4.149
2.358,2.653
2.209,1.671
2.1,3.969
2.001,1.779
2.08,2.613
1.987,1.851
1.96,0.226
1.722,2.508
1.6,1.169
1.501,0.09
1.481,1.442
1.038,1.3
1.053,1.336
0.918,0.281
0.822,1.992
0.644,2.357
0.492,0.986
0.535,0.682
0.532,0.216
0.413,2.223
0.534,0.295
0.5,0.5
0.36,3.983
0.347,4.018
0.342,1.157
0.18,1.674
0.248,2.99
0.153,3.423
0.246,2.482
0.174,2.198
0.063,1.334
-0.099,3.685
-0.217,0.51
-0.528,0.51
-0.599,2.824
-0.627,3.963
-0.69,3.208
-0.687,2.944
-0.722,3.937
-0.634,0.173
-0.746,1.981
-0.747,0.237
-0.75,1.417
-0.777,1.448
-1.32,-0.078
-1.447,-0.101
-1.614,-0.102
-1.692,0.073
-2.504,-0.009
-2.679,-0.267
-2.72,0.053
2.5,-0.023
2.504,-0.241
2.086,-0.01
1.66,-0.057
1.269,-0.234
0.6,0.02
0.51,0.044
0.47,-0.177
-0.335,-0.122
-1.381,4.49
-1.481,4.316
-2.194,4.276
-2.184,4.328
-2.357,4.307
1.911,4.423
0.888,4.209
0.447,4.189
0.375,4.28
-0.401,4.458
-1.428,2.813
-2.178,3.665
2.41,0.303
1.46,1.571
1.037,1.499
0.78,2.973
0.651,2.051
-0.612,2.049
-1.87,3.786
0.883,2.114
0.874,2.44
0.577,2.023
-0.412,2.559
-1.444,1.89
2.073,1.94
1.025,3.312
0.694,1.799
0.508,-0.134
1.818,0.158
0.694,0.128
0.539,0.468
-0.381,3.993
-0.837,4.296
-1.602,4.278
-1.754,3.891
3.133,4.097
3.034,4.282
2.617,4.176
2.201,4.255
1.208,4.18
-0.475,3.068
-0.635,1.302
-1.765,1.667
-2.433,4.016
3.085,1.041
1.269,1.696
-0.206,2.364
-0.103,1.758
-0.127,1.383
-0.201,1.605
-0.429,2.476
-0.458,0.521
-0.368,1.939
-0.348,0.71
-0.577,0.165
-0.5,0.188
-0.891,1.411
-0.792,2.028
-0.83,3.492
-0.918,1.598
-0.921,1.487
-1.089,2.089
-1.022,3.619
-1.004,2.509
-1.229,2.752
-1.336,3.803
-1.399,1.265
-1.52,0.05
-1.478,3.621
-1.482,1.396
-1.554,0.638
-1.641,1.551
-1.819,2.204
-1.967,2.489
-1.975,1.488
-2.001,1.474
-2.002,3.471
-2.134,2.597
-2.059,0.191
-2.042,3.073
-2.288,0.322
-2.21,0.229
-2.358,2.693
-2.446,0.066
-2.44,1.027
-2.468,0.285
-2.405,3.71
-2.448,3.738
-2.589,2.823
-2.872,0.226
-3.1,1.616
3.14,4.042
3.081,2.546
2.932,1.564
2.823,3.862
2.724,1.672
2.803,2.506
2.71,1.744
2.683,0.119
2.445,2.401
2.323,1.062
2.224,-0.017
2.204,1.335
1.761,1.193
1.776,1.229
1.641,0.174
1.545,1.885
1.367,2.25
1.215,0.879
1.258,0.575
1.255,0.109
1.136,2.116
1.257,0.188
1.223,0.393
1.083,3.876
1.07,3.911
1.065,1.05
0.903,1.567
0.971,2.883
0.876,3.316
0.969,2.375
0.897,2.091
0.786,1.227
0.624,3.578
0.506,0.403
0.195,0.403
0.124,2.717
0.096,3.856
0.033,3.101
0.036,2.837
0.001,3.83
0.089,0.066
-0.023,1.874
-0.024,0.13
-0.027,1.31
-0.054,1.341
-0.597,-0.185
-0.724,-0.208
-0.891,-0.209
-0.969,-0.034
-1.781,-0.116
-1.956,-0.374
-1.997,-0.054
-3.06,-0.13
-3.056,-0.348
2.809,-0.117
2.383,-0.164
1.992,-0.341
1.323,-0.087
1.233,-0.063
1.193,-0.284
0.388,-0.229
-0.658,4.383
-0.758,4.209
-1.471,4.169
-1.461,4.221
-1.634,4.2
2.634,4.316
1.611,4.102
1.17,4.082
1.098,4.173
0.322,4.351
-0.705,2.706
-1.455,3.558
3.133,0.196
2.183,1.464
1.76,1.392
1.503,2.866
1.374,1.944
0.111,1.942
-1.147,3.679
1.606,2.007
1.597,2.333
1.3,1.916
0.311,2.452
-0.721,1.783
2.796,1.833
1.748,3.205
1.417,1.692
1.231,-0.241
2.541,0.051
1.417,0.021
1.262,0.361
-0.456,0.303
-1.221,0.285
-1.373,-0.102
-2.769,0.104
-2.868,0.289
2.998,0.183
2.582,0.262
1.589,0.187
-0.094,-0.925
-0.254,-2.691
-1.384,-2.326
-2.052,0.023
-2.817,-2.952
1.65,-2.297
0.175,-1.629
0.278,-2.235
0.254,-2.61
0.18,-2.388
-0.048,-1.517
-0.077,-3.472
0.013,-2.054
0.033,-3.283
-0.196,-3.828
-0.119,-3.805
-0.51,-2.582
-0.411,-1.965
-0.449,-0.501
-0.537,-2.395
-0.54,-2.506
-0.708,-1.904
-0.641,-0.374
-0.623,-1.484
-0.848,-1.241
-0.955,-0.19
-1.018,-2.728
-1.139,-3.943
-1.097,-0.372
-1.101,-2.597
-1.173,-3.355
-1.26,-2.442
-1.438,-1.789
-1.586,-1.504
-1.594,-2.505
-1.62,-2.519
-1.621,-0.522
-1.753,-1.396
-1.678,-3.802
-1.661,-0.92
-1.907,-3.671
-1.829,-3.764
-1.977,-1.3
-2.065,-3.927
-2.059,-2.966
-2.087,-3.708
-2.024,-0.283
-2.067,-0.255
-2.208,-1.17
-2.491,-3.767
-2.719,-2.377
-2.762,0.049
-2.821,-1.447
-2.97,-2.429
-3.079,-0.131
3.105,-2.321
-3.099,-1.487
3.091,-2.249
3.064,-3.874
2.826,-1.592
2.704,-2.931
2.605,-4.01
2.585,-2.658
2.142,-2.8
2.157,-2.764
2.022,-3.819
1.926,-2.108
1.748,-1.743
1.596,-3.114
1.639,-3.418
1.636,-3.884
1.517,-1.877
1.638,-3.805
1.604,-3.6
1.464,-0.117
1.451,-0.082
1.446,-2.943
1.284,-2.426
1.352,-1.11
1.257,-0.677
1.35,-1.618
1.278,-1.902
1.167,-2.766
1.005,-0.415
0.887,-3.59
0.576,-3.59
0.505,-1.276
0.477,-0.137
0.414,-0.892
0.417,-1.156
0.382,-0.163
0.47,-3.927
0.358,-2.119
0.357,-3.863
0.354,-2.683
0.327,-2.652
-0.216,-4.178
-0.343,-4.201
-0.51,-4.202
-0.588,-4.027
-1.4,-4.109
-1.575,-4.367
-1.616,-4.047
-2.679,-4.123
-2.675,-4.341
-3.093,-4.11
2.764,-4.157
2.373,-4.334
1.704,-4.08
1.614,-4.056
1.574,-4.277
0.769,-4.222
-0.277,0.39
-0.377,0.216
-1.09,0.176
-1.08,0.228
-1.253,0.207
3.015,0.323
1.992,0.109
1.551,0.089
1.479,0.18
0.703,0.358
-0.324,-1.287
-1.074,-0.435
-2.769,-3.797
2.564,-2.529
2.141,-2.601
1.884,-1.127
1.755,-2.049
0.492,-2.051
-0.766,-0.314
1.987,-1.986
1.978,-1.66
1.681,-2.077
0.692,-1.541
-0.34,-2.21
-3.106,-2.16
2.129,-0.788
1.798,-2.301
1.612,-4.234
2.922,-3.942
1.798,-3.972
1.643,-3.632
-0.765,-0.018
-0.917,-0.405
-2.313,-0.199
-2.412,-0.014
-2.829,-0.12
3.038,-0.041
2.045,-0.116
0.362,-1.228
0.202,-2.994
-0.928,-2.629
-1.596,-0.28
-2.361,-3.255
2.106,-2.6
0.631,-1.932
0.734,-2.538
0.71,-2.913
0.636,-2.691
0.408,-1.82
0.379,-3.775
0.469,-2.357
0.489,-3.586
0.26,-4.131
0.337,-4.108
-0.054,-2.885
0.045,-2.268
0.007,-0.804
-0.081,-2.698
-0.084,-2.809
-0.252,-2.207
-0.185,-0.677
-0.167,-1.787
-0.392,-1.544
-0.499,-0.493
-0.562,-3.031
-0.683,-4.246
-0.641,-0.675
-0.645,-2.9
-0.717,-3.658
-0.804,-2.745
-0.982,-2.092
-1.13,-1.807
-1.138,-2.808
-1.164,-2.822
-1.165,-0.825
-1.297,-1.699
-1.222,-4.105
-1.205,-1.223
-1.451,-3.974
-1.373,-4.067
-1.521,-1.603
-1.609,-4.23
-1.603,-3.269
-1.631,-4.011
-1.568,-0.586
-1.611,-0.558
-1.752,-1.473
-2.035,-4.07
-2.263,-2.68
-2.306,-0.254
-2.365,-1.75
-2.514,-2.732
-2.623,-0.434
-2.722,-2.624
-2.643,-1.79
-2.736,-2.552
-2.763,-4.177
-3.001,-1.895
-3.123,-3.234
3.061,-4.313
3.041,-2.961
2.598,-3.103
2.613,-3.067
2.478,-4.122
2.382,-2.411
2.204,-2.046
2.052,-3.417
2.095,-3.721
2.092,-4.187
1.973,-2.18
2.094,-4.108
2.06,-3.903
1.92,-0.42
1.907,-0.385
1.902,-3.246
1.74,-2.729
1.808,-1.413
1.713,-0.98
1.806,-1.921
1.734,-2.205
1.623,-3.069
1.461,-0.718
1.343,-3.893
1.032,-3.893
0.961,-1.579
0.933,-0.44
0.87,-1.195
0.873,-1.459
0.838,-0.466
0.926,-4.23
0.814,-2.422
0.813,-4.166
0.81,-2.986
0.783,-2.955
0.24,-4.481
0.113,-4.504
-0.054,-4.505
-0.132,-4.33
-0.944,-4.412
-1.119,-4.67
-1.16,-4.35
-2.223,-4.426
-2.219,-4.644
-2.637,-4.413
-3.063,-4.46
2.829,-4.637
2.16,-4.383
2.07,-4.359
2.03,-4.58
1.225,-4.525
0.179,0.087
0.079,-0.087
-0.634,-0.127
-0.624,-0.075
-0.797,-0.096
-2.812,0.02
2.448,-0.194
2.007,-0.214
1.935,-0.123
1.159,0.055
0.132,-1.59
-0.618,-0.738
-2.313,-4.1
3.02,-2.832
2.597,-2.904
2.34,-1.43
2.211,-2.352
0.948,-2.354
-0.31,-0.617
2.443,-2.289
2.434,-1.963
2.137,-2.38
1.148,-1.844
0.116,-2.513
-2.65,-2.463
2.585,-1.091
2.254,-2.604
2.068,-4.537
-2.905,-4.245
2.254,-4.275
2.099,-3.935
-0.152,-0.387
-1.548,-0.181
-1.647,0.004
-2.064,-0.102
-2.48,-0.023
2.81,-0.098
1.127,-1.21
0.967,-2.976
-0.163,-2.611
-0.831,-0.262
-1.596,-3.237
2.871,-2.582
1.396,-1.914
1.499,-2.52
1.475,-2.895
1.401,-2.673
1.173,-1.802
1.144,-3.757
1.234,-2.339
1.254,-3.568
1.025,-4.113
1.102,-4.09
0.711,-2.867
0.81,-2.25
0.772,-0.786
0.684,-2.68
0.681,-2.791
0.513,-2.189
0.58,-0.659
0.598,-1.769
0.373,-1.526
0.266,-0.475
0.203,-3.013
0.082,-4.228
0.124,-0.657
0.12,-2.882
0.048,-3.64
-0.039,-2.727
-0.217,-2.074
-0.365,-1.789
-0.373,-2.79
-0.399,-2.804
-0.4,-0.807
-0.532,-1.681
-0.457,-4.087
-0.44,-1.205
-0.686,-3.956
-0.608,-4.049
-0.756,-1.585
-0.844,-4.212
-0.838,-3.251
-0.866,-3.993
-0.803,-0.568
-0.846,-0.54
-0.987,-1.455
-1.27,-4.052
-1.498,-2.662
-1.541,-0.236
-1.6,-1.732
-1.749,-2.714
-1.858,-0.416
-1.957,-2.606
-1.878,-1.772
-1.971,-2.534
-1.998,-4.159
-2.236,-1.877
-2.358,-3.216
-2.457,-4.295
-2.477,-2.943
-2.92,-3.085
-2.905,-3.049
-3.04,-4.104
-3.136,-2.393
2.969,-2.028
2.817,-3.399
2.86,-3.703
2.857,-4.169
2.738,-2.162
2.859,-4.09
2.825,-3.885
2.685,-0.402
2.672,-0.367
2.667,-3.228
2.505,-2.711
2.573,-1.395
2.478,-0.962
2.571,-1.903
2.499,-2.187
2.388,-3.051
2.226,-0.7
2.108,-3.875
1.797,-3.875
1.726,-1.561
1.698,-0.422
1.635,-1.177
1.638,-1.441
1.603,-0.448
1.691,-4.212
1.579,-2.404
1.578,-4.148
1.575,-2.968
1.548,-2.937
1.005,-4.463
0.878,-4.486
0.711,-4.487
0.633,-4.312
-0.179,-4.394
-0.354,-4.652
-0.395,-4.332
-1.458,-4.408
-1.454,-4.626
-1.872,-4.395
-2.298,-4.442
-2.689,-4.619
2.925,-4.365
2.835,-4.341
2.795,-4.562
1.99,-4.507
0.944,0.105
0.844,-0.069
0.131,-0.109
0.141,-0.057
-0.032,-0.078
-2.047,0.038
-3.07,-0.176
2.772,-0.196
2.7,-0.105
1.924,0.073
0.897,-1.572
0.147,-0.72
-1.548,-4.082
-2.498,-2.814
-2.921,-2.886
3.105,-1.412
2.976,-2.334
1.713,-2.336
0.455,-0.599
-3.075,-2.271
-3.084,-1.945
2.902,-2.362
1.913,-1.826
0.881,-2.495
-1.885,-2.445
-2.933,-1.073
3.019,-2.586
2.833,-4.519
-2.14,-4.227
3.019,-4.257
2.864,-3.917
-1.396,0.206
-1.495,0.391
-1.912,0.285
-2.328,0.364
2.962,0.289
1.279,-0.823
1.119,-2.589
-0.011,-2.224
-0.679,0.125
-1.444,-2.85
3.023,-2.195
1.548,-1.527
1.651,-2.133
1.627,-2.508
1.553,-2.286
1.325,-1.415
1.296,-3.37
1.386,-1.952
1.406,-3.181
1.177,-3.726
1.254,-3.703
0.863,-2.48
0.962,-1.863
0.924,-0.399
0.836,-2.293
0.833,-2.404
0.665,-1.802
0.732,-0.272
0.75,-1.382
0.525,-1.139
0.418,-0.088
0.355,-2.626
0.234,-3.841
0.276,-0.27
0.272,-2.495
0.2,-3.253
0.113,-2.34
-0.065,-1.687
-0.213,-1.402
-0.221,-2.403
-0.247,-2.417
-0.248,-0.42
-0.38,-1.294
-0.305,-3.7
-0.288,-0.818
-0.534,-3.569
-0.456,-3.662
-0.604,-1.198
-0.692,-3.825
-0.686,-2.864
-0.714,-3.606
-0.651,-0.181
-0.694,-0.153
-0.835,-1.068
-1.118,-3.665
-1.346,-2.275
-1.389,0.151
-1.448,-1.345
-1.597,-2.327
-1.706,-0.029
-1.805,-2.219
-1.726,-1.385
-1.819,-2.147
-1.846,-3.772
-2.084,-1.49
-2.206,-2.829
-2.305,-3.908
-2.325,-2.556
-2.768,-2.698
-2.753,-2.662
-2.888,-3.717
-2.984,-2.006
3.121,-1.641
2.969,-3.012
3.012,-3.316
3.009,-3.782
2.89,-1.775
3.011,-3.703
2.977,-3.498
2.837,-0.015
2.824,0.02
2.819,-2.841
2.657,-2.324
2.725,-1.008
2.63,-0.575
2.723,-1.516
2.651,-1.8
2.54,-2.664
2.378,-0.313
2.26,-3.488
1.949,-3.488
1.878,-1.174
1.85,-0.035
1.787,-0.79
1.79,-1.054
1.755,-0.061
1.843,-3.825
1.731,-2.017
1.73,-3.761
1.727,-2.581
1.7,-2.55
1.157,-4.076
1.03,-4.099
0.863,-4.1
0.785,-3.925
-0.027,-4.007
-0.202,-4.265
-0.243,-3.945
-1.306,-4.021
-1.302,-4.239
-1.72,-4.008
-2.146,-4.055
-2.537,-4.232
3.077,-3.978
2.987,-3.954
2.947,-4.175
2.142,-4.12
1.096,0.492
0.996,0.318
0.283,0.278
0.293,0.33
0.12,0.309
-1.895,0.425
-2.918,0.211
2.924,0.191
2.852,0.282
2.076,0.46
1.049,-1.185
0.299,-0.333
-1.396,-3.695
-2.346,-2.427
-2.769,-2.499
-3.026,-1.025
3.128,-1.947
1.865,-1.949
0.607,-0.212
-2.923,-1.884
-2.932,-1.558
3.054,-1.975
2.065,-1.439
1.033,-2.108
-1.733,-2.058
-2.781,-0.686
-3.112,-2.199
2.985,-4.132
-1.988,-3.84
-3.112,-3.87
3.016,-3.53
-0.099,0.185
-0.516,0.079
-0.932,0.158
-1.925,0.083
2.675,-1.029
2.515,-2.795
1.385,-2.43
0.717,-0.081
-0.048,-3.056
-1.864,-2.401
2.944,-1.733
3.047,-2.339
3.023,-2.714
2.949,-2.492
2.721,-1.621
2.692,-3.576
2.782,-2.158
2.802,-3.387
2.573,-3.932
2.65,-3.909
2.259,-2.686
2.358,-2.069
2.32,-0.605
2.232,-2.499
2.229,-2.61
2.061,-2.008
2.128,-0.478
2.146,-1.588
1.921,-1.345
1.814,-0.294
1.751,-2.832
1.63,-4.047
1.672,-0.476
1.668,-2.701
1.596,-3.459
1.509,-2.546
1.331,-1.893
1.183,-1.608
1.175,-2.609
1.149,-2.623
1.148,-0.626
1.016,-1.5
1.091,-3.906
1.108,-1.024
0.862,-3.775
0.94,-3.868
0.792,-1.404
0.704,-4.031
0.71,-3.07
0.682,-3.812
0.745,-0.387
0.702,-0.359
0.561,-1.274
0.278,-3.871
0.05,-2.481
0.007,-0.055
-0.052,-1.551
-0.201,-2.533
-0.31,-0.235
-0.409,-2.425
-0.33,-1.591
-0.423,-2.353
-0.45,-3.978
-0.688,-1.696
-0.81,-3.035
-0.909,-4.114
-0.929,-2.762
-1.372,-2.904
-1.357,-2.868
-1.492,-3.923
-1.588,-2.212
-1.766,-1.847
-1.918,-3.218
-1.875,-3.522
-1.878,-3.988
-1.997,-1.981
-1.876,-3.909
-1.91,-3.704
-2.05,-0.221
-2.063,-0.186
-2.068,-3.047
-2.23,-2.53
-2.162,-1.214
-2.257,-0.781
-2.164,-1.722
-2.236,-2.006
-2.347,-2.87
-2.509,-0.519
-2.627,-3.694
-2.938,-3.694
-3.009,-1.38
-3.037,-0.241
-3.1,-0.996
-3.097,-1.26
-3.132,-0.267
-3.044,-4.031
3.127,-2.223
3.126,-3.967
3.123,-2.787
3.096,-2.756
2.553,-4.282
2.426,-4.305
2.259,-4.306
2.181,-4.131
1.369,-4.213
1.194,-4.471
1.153,-4.151
0.09,-4.227
0.094,-4.445
-0.324,-4.214
-0.75,-4.261
-1.141,-4.438
-1.81,-4.184
-1.9,-4.16
-1.94,-4.381
-2.745,-4.326
2.492,0.286
2.392,0.112
1.679,0.072
1.689,0.124
1.516,0.103
-0.499,0.219
-1.522,0.005
-1.963,-0.015
-2.035,0.076
-2.811,0.254
2.445,-1.391
1.695,-0.539
0.0,-3.901
-0.95,-2.633
-1.373,-2.705
-1.63,-1.231
-1.759,-2.153
-3.022,-2.155
2.003,-0.418
-1.527,-2.09
-1.536,-1.764
-1.833,-2.181
-2.822,-1.645
2.429,-2.314
-0.337,-2.264
-1.385,-0.892
-1.716,-2.405
-1.902,-4.338
-0.592,-4.046
-1.716,-4.076
-1.871,-3.736
-0.417,-0.106
-0.833,-0.027
-1.826,-0.102
2.774,-1.214
2.614,-2.98
1.484,-2.615
0.816,-0.266
0.051,-3.241
-1.765,-2.586
3.043,-1.918
-3.137,-2.524
3.122,-2.899
3.048,-2.677
2.82,-1.806
2.791,-3.761
2.881,-2.343
2.901,-3.572
2.672,-4.117
2.749,-4.094
2.358,-2.871
2.457,-2.254
2.419,-0.79
2.331,-2.684
2.328,-2.795
2.16,-2.193
2.227,-0.663
2.245,-1.773
2.02,-1.53
1.913,-0.479
1.85,-3.017
1.729,-4.232
1.771,-0.661
1.767,-2.886
1.695,-3.644
1.608,-2.731
1.43,-2.078
1.282,-1.793
1.274,-2.794
1.248,-2.808
1.247,-0.811
1.115,-1.685
1.19,-4.091
1.207,-1.209
0.961,-3.96
1.039,-4.053
0.891,-1.589
0.803,-4.216
0.809,-3.255
0.781,-3.997
0.844,-0.572
0.801,-0.544
0.66,-1.459
0.377,-4.056
0.149,-2.666
0.106,-0.24
0.047,-1.736
-0.102,-2.718
-0.211,-0.42
-0.31,-2.61
-0.231,-1.776
-0.324,-2.538
-0.351,-4.163
-0.589,-1.881
-0.711,-3.22
-0.81,-4.299
-0.83,-2.947
-1.273,-3.089
-1.258,-3.053
-1.393,-4.108
-1.489,-2.397
-1.667,-2.032
-1.819,-3.403
-1.776,-3.707
-1.779,-4.173
-1.898,-2.166
-1.777,-4.094
-1.811,-3.889
-1.951,-0.406
-1.964,-0.371
-1.969,-3.232
-2.131,-2.715
-2.063,-1.399
-2.158,-0.966
-2.065,-1.907
-2.137,-2.191
-2.248,-3.055
-2.41,-0.704
-2.528,-3.879
-2.839,-3.879
-2.91,-1.565
-2.938,-0.426
-3.001,-1.181
-2.998,-1.445
-3.033,-0.452
-2.945,-4.216
-3.057,-2.408
-3.058,-4.152
-3.061,-2.972
-3.088,-2.941
2.652,-4.467
2.525,-4.49
2.358,-4.491
2.28,-4.316
1.468,-4.398
1.293,-4.656
1.252,-4.336
0.189,-4.412
0.193,-4.63
-0.225,-4.399
-0.651,-4.446
-1.042,-4.623
-1.711,-4.369
-1.801,-4.345
-1.841,-4.566
-2.646,-4.511
2.591,0.101
2.491,-0.073
1.778,-0.113
1.788,-0.061
1.615,-0.082
-0.4,0.034
-1.423,-0.18
-1.864,-0.2
-1.936,-0.109
-2.712,0.069
2.544,-1.576
1.794,-0.724
0.099,-4.086
-0.851,-2.818
-1.274,-2.89
-1.531,-1.416
-1.66,-2.338
-2.923,-2.34
2.102,-0.603
-1.428,-2.275
-1.437,-1.949
-1.734,-2.366
-2.723,-1.83
2.528,-2.499
-0.238,-2.449
-1.286,-1.077
-1.617,-2.59
-1.803,-4.523
-0.493,-4.231
-1.617,-4.261
-1.772,-3.921
-0.416,0.079
-1.409,0.004
-3.092,-1.108
3.031,-2.874
1.901,-2.509
1.233,-0.16
0.468,-3.135
-1.348,-2.48
-2.823,-1.812
-2.72,-2.418
-2.744,-2.793
-2.818,-2.571
-3.046,-1.7
-3.075,-3.655
-2.985,-2.237
-2.965,-3.466
3.089,-4.011
-3.117,-3.988
2.775,-2.765
2.874,-2.148
2.836,-0.684
2.748,-2.578
2.745,-2.689
2.577,-2.087
2.644,-0.557
2.662,-1.667
2.437,-1.424
2.33,-0.373
2.267,-2.911
2.146,-4.126
2.188,-0.555
2.184,-2.78
2.112,-3.538
2.025,-2.625
1.847,-1.972
1.699,-1.687
1.691,-2.688
1.665,-2.702
1.664,-0.705
1.532,-1.579
1.607,-3.985
1.624,-1.103
1.378,-3.854
1.456,-3.947
1.308,-1.483
1.22,-4.11
1.226,-3.149
1.198,-3.891
1.261,-0.466
1.218,-0.438
1.077,-1.353
0.794,-3.95
0.566,-2.56
0.523,-0.134
0.464,-1.63
0.315,-2.612
0.206,-0.314
0.107,-2.504
0.186,-1.67
0.093,-2.432
0.066,-4.057
-0.172,-1.775
-0.294,-3.114
-0.393,-4.193
-0.413,-2.841
-0.856,-2.983
-0.841,-2.947
-0.976,-4.002
-1.072,-2.291
-1.25,-1.926
-1.402,-3.297
-1.359,-3.601
-1.362,-4.067
-1.481,-2.06
-1.36,-3.988
-1.394,-3.783
-1.534,-0.3
-1.547,-0.265
-1.552,-3.126
-1.714,-2.609
-1.646,-1.293
-1.741,-0.86
-1.648,-1.801
-1.72,-2.085
-1.831,-2.949
-1.993,-0.598
-2.111,-3.773
-2.422,-3.773
-2.493,-1.459
-2.521,-0.32
-2.584,-1.075
-2.581,-1.339
-2.616,-0.346
-2.528,-4.11
-2.64,-2.302
-2.641,-4.046
-2.644,-2.866
-2.671,-2.835
3.069,-4.361
2.942,-4.384
2.775,-4.385
2.697,-4.21
1.885,-4.292
1.71,-4.55
1.669,-4.23
0.606,-4.306
0.61,-4.524
0.192,-4.293
-0.234,-4.34
-0.625,-4.517
-1.294,-4.263
-1.384,-4.239
-1.424,-4.46
-2.229,-4.405
3.008,0.207
2.908,0.033
2.195,-0.007
2.205,0.045
2.032,0.024
0.017,0.14
-1.006,-0.074
-1.447,-0.094
-1.519,-0.003
-2.295,0.175
2.961,-1.47
2.211,-0.618
0.516,-3.98
-0.434,-2.712
-0.857,-2.784
-1.114,-1.31
-1.243,-2.232
-2.506,-2.234
2.519,-0.497
-1.011,-2.169
-1.02,-1.843
-1.317,-2.26
-2.306,-1.724
2.945,-2.393
0.179,-2.343
-0.869,-0.971
-1.2,-2.484
-1.386,-4.417
-0.076,-4.125
-1.2,-4.155
-1.355,-3.815
-0.993,-0.075
-2.676,-1.187
-2.836,-2.953
2.317,-2.588
1.649,-0.239
0.884,-3.214
-0.932,-2.559
-2.407,-1.891
-2.304,-2.497
-2.328,-2.872
-2.402,-2.65
-2.63,-1.779
-2.659,-3.734
-2.569,-2.316
-2.549,-3.545
-2.778,-4.09
-2.701,-4.067
-3.092,-2.844
-2.993,-2.227
-3.031,-0.763
-3.119,-2.657
-3.122,-2.768
2.993,-2.166
3.06,-0.636
3.078,-1.746
2.853,-1.503
2.746,-0.452
2.683,-2.99
2.562,-4.205
2.604,-0.634
2.6,-2.859
2.528,-3.617
2.441,-2.704
2.263,-2.051
2.115,-1.766
2.107,-2.767
2.081,-2.781
2.08,-0.784
1.948,-1.658
2.023,-4.064
2.04,-1.182
1.794,-3.933
1.872,-4.026
1.724,-1.562
1.636,-4.189
1.642,-3.228
1.614,-3.97
1.677,-0.545
1.634,-0.517
1.493,-1.432
1.21,-4.029
0.982,-2.639
0.939,-0.213
0.88,-1.709
0.731,-2.691
0.622,-0.393
0.523,-2.583
0.602,-1.749
0.509,-2.511
0.482,-4.136
0.244,-1.854
0.122,-3.193
0.023,-4.272
0.003,-2.92
-0.44,-3.062
-0.425,-3.026
-0.56,-4.081
-0.656,-2.37
-0.834,-2.005
-0.986,-3.376
-0.943,-3.68
-0.946,-4.146
-1.065,-2.139
-0.944,-4.067
-0.978,-3.862
-1.118,-0.379
-1.131,-0.344
-1.136,-3.205
-1.298,-2.688
-1.23,-1.372
-1.325,-0.939
-1.232,-1.88
-1.304,-2.164
-1.415,-3.028
-1.577,-0.677
-1.695,-3.852
-2.006,-3.852
-2.077,-1.538
-2.105,-0.399
-2.168,-1.154
-2.165,-1.418
-2.2,-0.425
-2.112,-4.189
-2.224,-2.381
-2.225,-4.125
-2.228,-2.945
-2.255,-2.914
-2.798,-4.44
-2.925,-4.463
-3.092,-4.464
3.113,-4.289
2.301,-4.371
2.126,-4.629
2.085,-4.309
1.022,-4.385
1.026,-4.603
0.608,-4.372
0.182,-4.419
-0.209,-4.596
-0.878,-4.342
-0.968,-4.318
-1.008,-4.539
-1.813,-4.484
-2.859,0.128
-2.959,-0.046
2.611,-0.086
2.621,-0.034
2.448,-0.055
0.433,0.061
-0.59,-0.153
-1.031,-0.173
-1.103,-0.082
-1.879,0.096
-2.906,-1.549
2.627,-0.697
0.932,-4.059
-0.018,-2.791
-0.441,-2.863
-0.698,-1.389
-0.827,-2.311
-2.09,-2.313
2.935,-0.576
-0.595,-2.248
-0.604,-1.922
-0.901,-2.339
-1.89,-1.803
-2.922,-2.472
0.595,-2.422
-0.453,-1.05
-0.784,-2.563
-0.97,-4.496
0.34,-4.204
-0.784,-4.234
-0.939,-3.894
-1.683,-1.112
-1.843,-2.878
-2.973,-2.513
2.642,-0.164
1.877,-3.139
0.061,-2.484
-1.414,-1.816
-1.311,-2.422
-1.335,-2.797
-1.409,-2.575
-1.637,-1.704
-1.666,-3.659
-1.576,-2.241
-1.556,-3.47
-1.785,-4.015
-1.708,-3.992
-2.099,-2.769
-2.0,-2.152
-2.038,-0.688
-2.126,-2.582
-2.129,-2.693
-2.297,-2.091
-2.23,-0.561
-2.212,-1.671
-2.437,-1.428
-2.544,-0.377
-2.607,-2.915
-2.728,-4.13
-2.686,-0.559
-2.69,-2.784
-2.762,-3.542
-2.849,-2.629
-3.027,-1.976
3.108,-1.691
3.1,-2.692
3.074,-2.706
3.073,-0.709
2.941,-1.583
3.016,-3.989
3.033,-1.107
2.787,-3.858
2.865,-3.951
2.717,-1.487
2.629,-4.114
2.635,-3.153
2.607,-3.895
2.67,-0.47
2.627,-0.442
2.486,-1.357
2.203,-3.954
1.975,-2.564
1.932,-0.138
1.873,-1.634
1.724,-2.616
1.615,-0.318
1.516,-2.508
1.595,-1.674
1.502,-2.436
1.475,-4.061
1.237,-1.779
1.115,-3.118
1.016,-4.197
0.996,-2.845
0.553,-2.987
0.568,-2.951
0.433,-4.006
0.337,-2.295
0.159,-1.93
0.007,-3.301
0.05,-3.605
0.047,-4.071
-0.072,-2.064
0.049,-3.992
0.015,-3.787
-0.125,-0.304
-0.138,-0.269
-0.143,-3.13
-0.305,-2.613
-0.237,-1.297
-0.332,-0.864
-0.239,-1.805
-0.311,-2.089
-0.422,-2.953
-0.584,-0.602
-0.702,-3.777
-1.013,-3.777
-1.084,-1.463
-1.112,-0.324
-1.175,-1.079
-1.172,-1.343
-1.207,-0.35
-1.119,-4.114
-1.231,-2.306
-1.232,-4.05
-1.235,-2.87
-1.262,-2.839
-1.805,-4.365
-1.932,-4.388
-2.099,-4.389
-2.177,-4.214
-2.989,-4.296
3.119,-4.554
3.078,-4.234
2.015,-4.31
2.019,-4.528
1.601,-4.297
1.175,-4.344
0.784,-4.521
0.115,-4.267
0.025,-4.243
-0.015,-4.464
-0.82,-4.409
-1.866,0.203
-1.966,0.029
-2.679,-0.011
-2.669,0.041
-2.842,0.02
1.426,0.136
0.403,-0.078
-0.038,-0.098
-0.11,-0.007
-0.886,0.171
-1.913,-1.474
-2.663,-0.622
1.925,-3.984
0.975,-2.716
0.552,-2.788
0.295,-1.314
0.166,-2.236
-1.097,-2.238
-2.355,-0.501
0.398,-2.173
0.389,-1.847
0.092,-2.264
-0.897,-1.728
-1.929,-2.397
1.588,-2.347
0.54,-0.975
0.209,-2.488
0.023,-4.421
1.333,-4.129
0.209,-4.159
0.054,-3.819
-0.16,-1.766
-1.29,-1.401
-1.958,0.948
-2.723,-2.027
1.744,-1.372
0.269,-0.704
0.372,-1.31
0.348,-1.685
0.274,-1.463
0.046,-0.592
0.017,-2.547
0.107,-1.129
0.127,-2.358
-0.102,-2.903
-0.025,-2.88
-0.416,-1.657
-0.317,-1.04
-0.355,0.424
-0.443,-1.47
-0.446,-1.581
-0.614,-0.979
-0.547,0.551
-0.529,-0.559
-0.754,-0.316
-0.861,0.735
-0.924,-1.803
-1.045,-3.018
-1.003,0.553
-1.007,-1.672
-1.079,-2.43
-1.166,-1.517
-1.344,-0.864
-1.492,-0.579
-1.5,-1.58
-1.526,-1.594
-1.527,0.403
-1.659,-0.471
-1.584,-2.877
-1.567,0.005
-1.813,-2.746
-1.735,-2.839
-1.883,-0.375
-1.971,-3.002
-1.965,-2.041
-1.993,-2.783
-1.93,0.642
-1.973,0.67
-2.114,-0.245
-2.397,-2.842
-2.625,-1.452
-2.668,0.974
-2.727,-0.522
-2.876,-1.504
-2.985,0.794
-3.084,-1.396
-3.005,-0.562
-3.098,-1.324
-3.125,-2.949
2.92,-0.667
2.798,-2.006
2.699,-3.085
2.679,-1.733
2.236,-1.875
2.251,-1.839
2.116,-2.894
2.02,-1.183
1.842,-0.818
1.69,-2.189
1.733,-2.493
1.73,-2.959
1.611,-0.952
1.732,-2.88
1.698,-2.675
1.558,0.808
1.545,0.843
1.54,-2.018
1.378,-1.501
1.446,-0.185
1.351,0.248
1.444,-0.693
1.372,-0.977
1.261,-1.841
1.099,0.51
0.981,-2.665
0.67,-2.665
0.599,-0.351
0.571,0.788
0.508,0.033
0.511,-0.231
0.476,0.762
0.564,-3.002
0.452,-1.194
0.451,-2.938
0.448,-1.758
0.421,-1.727
-0.122,-3.253
-0.249,-3.276
-0.416,-3.277
-0.494,-3.102
-1.306,-3.184
-1.481,-3.442
-1.522,-3.122
-2.585,-3.198
-2.581,-3.416
-2.999,-3.185
2.858,-3.232
2.467,-3.409
1.798,-3.155
1.708,-3.131
1.668,-3.352
0.863,-3.297
-0.183,1.315
-0.283,1.141
-0.996,1.101
-0.986,1.153
-1.159,1.132
3.109,1.248
2.086,1.034
1.645,1.014
1.573,1.105
0.797,1.283
-0.23,-0.362
-0.98,0.49
-2.675,-2.872
2.658,-1.604
2.235,-1.676
1.978,-0.202
1.849,-1.124
0.586,-1.126
-0.672,0.611
2.081,-1.061
2.072,-0.735
1.775,-1.152
0.786,-0.616
-0.246,-1.285
-3.012,-1.235
2.223,0.137
1.892,-1.376
1.706,-3.309
3.016,-3.017
1.892,-3.047
1.737,-2.707
-1.13,0.365
-1.798,2.714
-2.563,-0.261
1.904,0.394
0.429,1.062
0.532,0.456
0.508,0.081
0.434,0.303
0.206,1.174
0.177,-0.781
0.267,0.637
0.287,-0.592
0.058,-1.137
0.135,-1.114
-0.256,0.109
-0.157,0.726
-0.195,2.19
-0.283,0.296
-0.286,0.185
-0.454,0.787
-0.387,2.317
-0.369,1.207
-0.594,1.45
-0.701,2.501
-0.764,-0.037
-0.885,-1.252
-0.843,2.319
-0.847,0.094
-0.919,-0.664
-1.006,0.249
-1.184,0.902
-1.332,1.187
-1.34,0.186
-1.366,0.172
-1.367,2.169
-1.499,1.295
-1.424,-1.111
-1.407,1.771
-1.653,-0.98
-1.575,-1.073
-1.723,1.391
-1.811,-1.236
-1.805,-0.275
-1.833,-1.017
-1.77,2.408
-1.813,2.436
-1.954,1.521
-2.237,-1.076
-2.465,0.314
-2.508,2.74
-2.567,1.244
-2.716,0.262
-2.825,2.56
-2.924,0.37
-2.845,1.204
-2.938,0.442
-2.965,-1.183
3.08,1.099
2.958,-0.24
2.859,-1.319
2.839,0.033
2.396,-0.109
2.411,-0.073
2.276,-1.128
2.18,0.583
2.002,0.948
1.85,-0.423
1.893,-0.727
1.89,-1.193
1.771,0.814
1.892,-1.114
1.858,-0.909
1.718,2.574
1.705,2.609
1.7,-0.252
1.538,0.265
1.606,1.581
1.511,2.014
1.604,1.073
1.532,0.789
1.421,-0.075
1.259,2.276
1.141,-0.899
0.83,-0.899
0.759,1.415
0.731,2.554
0.668,1.799
0.671,1.535
0.636,2.528
0.724,-1.236
0.612,0.572
0.611,-1.172
0.608,0.008
0.581,0.039
0.038,-1.487
-0.089,-1.51
-0.256,-1.511
-0.334,-1.336
-1.146,-1.418
-1.321,-1.676
-1.362,-1.356
-2.425,-1.432
-2.421,-1.65
-2.839,-1.419
3.018,-1.466
2.627,-1.643
1.958,-1.389
1.868,-1.365
1.828,-1.586
1.023,-1.531
-0.023,3.081
-0.123,2.907
-0.836,2.867
-0.826,2.919
-0.999,2.898
-3.014,3.014
2.246,2.8
1.805,2.78
1.733,2.871
0.957,3.049
-0.07,1.404
-0.82,2.256
-2.515,-1.106
2.818,0.162
2.395,0.09
2.138,1.564
2.009,0.642
0.746,0.64
-0.512,2.377
2.241,0.705
2.232,1.031
1.935,0.614
0.946,1.15
-0.086,0.481
-2.852,0.531
2.383,1.903
2.052,0.39
1.866,-1.543
-3.107,-1.251
2.052,-1.281
1.897,-0.941
-0.668,2.349
-1.433,-0.626
3.034,0.029
1.559,0.697
1.662,0.091
1.638,-0.284
1.564,-0.062
1.336,0.809
1.307,-1.146
1.397,0.272
1.417,-0.957
1.188,-1.502
1.265,-1.479
0.874,-0.256
0.973,0.361
0.935,1.825
0.847,-0.069
0.844,-0.18
0.676,0.422
0.743,1.952
0.761,0.842
0.536,1.085
0.429,2.136
0.366,-0.402
0.245,-1.617
0.287,1.954
0.283,-0.271
0.211,-1.029
0.124,-0.116
-0.054,0.537
-0.202,0.822
-0.21,-0.179
-0.236,-0.193
-0.237,1.804
-0.369,0.93
-0.294,-1.476
-0.277,1.406
-0.523,-1.345
-0.445,-1.438
-0.593,1.026
-0.681,-1.601
-0.675,-0.64
-0.703,-1.382
-0.64,2.043
-0.683,2.071
-0.824,1.156
-1.107,-1.441
-1.335,-0.051
-1.378,2.375
-1.437,0.879
-1.586,-0.103
-1.695,2.195
-1.794,0.005
-1.715,0.839
-1.808,0.077
-1.835,-1.548
-2.073,0.734
-2.195,-0.605
-2.294,-1.684
-2.314,-0.332
-2.757,-0.474
-2.742,-0.438
-2.877,-1.493
-2.973,0.218
3.132,0.583
2.98,-0.788
3.023,-1.092
3.02,-1.558
2.901,0.449
3.022,-1.479
2.988,-1.274
2.848,2.209
2.835,2.244
2.83,-0.617
2.668,-0.1
2.736,1.216
2.641,1.649
2.734,0.708
2.662,0.424
2.551,-0.44
2.389,1.911
2.271,-1.264
1.96,-1.264
1.889,1.05
1.861,2.189
1.798,1.434
1.801,1.17
1.766,2.163
1.854,-1.601
1.742,0.207
1.741,-1.537
1.738,-0.357
1.711,-0.326
1.168,-1.852
1.041,-1.875
0.874,-1.876
0.796,-1.701
-0.016,-1.783
-0.191,-2.041
-0.232,-1.721
-1.295,-1.797
-1.291,-2.015
-1.709,-1.784
-2.135,-1.831
-2.526,-2.008
3.088,-1.754
2.998,-1.73
2.958,-1.951
2.153,-1.896
1.107,2.716
1.007,2.542
0.294,2.502
0.304,2.554
0.131,2.533
-1.884,2.649
-2.907,2.435
2.935,2.415
2.863,2.506
2.087,2.684
1.06,1.039
0.31,1.891
-1.385,-1.471
-2.335,-0.203
-2.758,-0.275
-3.015,1.199
3.139,0.277
1.876,0.275
0.618,2.012
-2.912,0.34
-2.921,0.666
3.065,0.249
2.076,0.785
1.044,0.116
-1.722,0.166
-2.77,1.538
-3.101,0.025
2.996,-1.908
-1.977,-1.616
-3.101,-1.646
3.027,-1.306
-0.765,-2.975
-2.581,-2.32
2.227,-1.652
2.33,-2.258
2.306,-2.633
2.232,-2.411
2.004,-1.54
1.975,-3.495
2.065,-2.077
2.085,-3.306
1.856,-3.851
1.933,-3.828
1.542,-2.605
1.641,-1.988
1.603,-0.524
1.515,-2.418
1.512,-2.529
1.344,-1.927
1.411,-0.397
1.429,-1.507
1.204,-1.264
1.097,-0.213
1.034,-2.751
0.913,-3.966
0.955,-0.395
0.951,-2.62
0.879,-3.378
0.792,-2.465
0.614,-1.812
0.466,-1.527
0.458,-2.528
0.432,-2.542
0.431,-0.545
0.299,-1.419
0.374,-3.825
0.391,-0.943
0.145,-3.694
0.223,-3.787
0.075,-1.323
-0.013,-3.95
-0.007,-2.989
-0.035,-3.731
0.028,-0.306
-0.015,-0.278
-0.156,-1.193
-0.439,-3.79
-0.667,-2.4
-0.71,0.026
-0.769,-1.47
-0.918,-2.452
-1.027,-0.154
-1.126,-2.344
-1.047,-1.51
-1.14,-2.272
-1.167,-3.897
-1.405,-1.615
-1.527,-2.954
-1.626,-4.033
-1.646,-2.681
-2.089,-2.823
-2.074,-2.787
-2.209,-3.842
-2.305,-2.131
-2.483,-1.766
-2.635,-3.137
-2.592,-3.441
-2.595,-3.907
-2.714,-1.9
-2.593,-3.828
-2.627,-3.623
-2.767,-0.14
-2.78,-0.105
-2.785,-2.966
-2.947,-2.449
-2.879,-1.133
-2.974,-0.7
-2.881,-1.641
-2.953,-1.925
-3.064,-2.789
3.057,-0.438
2.939,-3.613
2.628,-3.613
2.557,-1.299
2.529,-0.16
2.466,-0.915
2.469,-1.179
2.434,-0.186
2.522,-3.95
2.41,-2.142
2.409,-3.886
2.406,-2.706
2.379,-2.675
1.836,-4.201
1.709,-4.224
1.542,-4.225
1.464,-4.05
0.652,-4.132
0.477,-4.39
0.436,-4.07
-0.627,-4.146
-0.623,-4.364
-1.041,-4.133
-1.467,-4.18
-1.858,-4.357
-2.527,-4.103
-2.617,-4.079
-2.657,-4.3
2.821,-4.245
1.775,0.367
1.675,0.193
0.962,0.153
0.972,0.205
0.799,0.184
-1.216,0.3
-2.239,0.086
-2.68,0.066
-2.752,0.157
2.755,0.335
1.728,-1.31
0.978,-0.458
-0.717,-3.82
-1.667,-2.552
-2.09,-2.624
-2.347,-1.15
-2.476,-2.072
2.544,-2.074
1.286,-0.337
-2.244,-2.009
-2.253,-1.683
-2.55,-2.1
2.744,-1.564
1.712,-2.233
-1.054,-2.183
-2.102,-0.811
-2.433,-2.324
-2.619,-4.257
-1.309,-3.965
-2.433,-3.995
-2.588,-3.655
-1.816,0.655
2.992,1.323
3.095,0.717
3.071,0.342
2.997,0.564
2.769,1.435
2.74,-0.52
2.83,0.898
2.85,-0.331
2.621,-0.876
2.698,-0.853
2.307,0.37
2.406,0.987
2.368,2.451
2.28,0.557
2.277,0.446
2.109,1.048
2.176,2.578
2.194,1.468
1.969,1.711
1.862,2.762
1.799,0.224
1.678,-0.991
1.72,2.58
1.716,0.355
1.644,-0.403
1.557,0.51
1.379,1.163
1.231,1.448
1.223,0.447
1.197,0.433
1.196,2.43
1.064,1.556
1.139,-0.85
1.156,2.032
0.91,-0.719
0.988,-0.812
0.84,1.652
0.752,-0.975
0.758,-0.014
0.73,-0.756
0.793,2.669
0.75,2.697
0.609,1.782
0.326,-0.815
0.098,0.575
0.055,3.001
-0.004,1.505
-0.153,0.523
-0.262,2.821
-0.361,0.631
-0.282,1.465
-0.375,0.703
-0.402,-0.922
-0.64,1.36
-0.762,0.021
-0.861,-1.058
-0.881,0.294
-1.324,0.152
-1.309,0.188
-1.444,-0.867
-1.54,0.844
-1.718,1.209
-1.87,-0.162
-1.827,-0.466
-1.83,-0.932
-1.949,1.075
-1.828,-0.853
-1.862,-0.648
-2.002,2.835
-2.015,2.87
-2.02,0.009
-2.182,0.526
-2.114,1.842
-2.209,2.275
-2.116,1.334
-2.188,1.05
-2.299,0.186
-2.461,2.537
-2.579,-0.638
-2.89,-0.638
-2.961,1.676
-2.989,2.815
-3.052,2.06
-3.049,1.796
-3.084,2.789
-2.996,-0.975
-3.108,0.833
-3.109,-0.911
-3.112,0.269
-3.139,0.3
2.601,-1.226
2.474,-1.249
2.307,-1.25
2.229,-1.075
1.417,-1.157
1.242,-1.415
1.201,-1.095
0.138,-1.171
0.142,-1.389
-0.276,-1.158
-0.702,-1.205
-1.093,-1.382
-1.762,-1.128
-1.852,-1.104
-1.892,-1.325
-2.697,-1.27
2.54,3.342
2.44,3.168
1.727,3.128
1.737,3.18
1.564,3.159
-0.451,3.275
-1.474,3.061
-1.915,3.041
-1.987,3.132
-2.763,3.31
2.493,1.665
1.743,2.517
0.048,-0.845
-0.902,0.423
-1.325,0.351
-1.582,1.825
-1.711,0.903
-2.974,0.901
2.051,2.638
-1.479,0.966
-1.488,1.292
-1.785,0.875
-2.774,1.411
2.477,0.742
-0.289,0.792
-1.337,2.164
-1.668,0.651
-1.854,-1.282
-0.544,-0.99
-1.668,-1.02
-1.823,-0.68
-1.475,0.668
-1.372,0.062
-1.396,-0.313
-1.47,-0.091
-1.698,0.78
-1.727,-1.175
-1.637,0.243
-1.617,-0.986
-1.846,-1.531
-1.769,-1.508
-2.16,-0.285
-2.061,0.332
-2.099,1.796
-2.187,-0.098
-2.19,-0.209
-2.358,0.393
-2.291,1.923
-2.273,0.813
-2.498,1.056
-2.605,2.107
-2.668,-0.431
-2.789,-1.646
-2.747,1.925
-2.751,-0.3
-2.823,-1.058
-2.91,-0.145
-3.088,0.508
3.047,0.793
3.039,-0.208
3.013,-0.222
3.012,1.775
2.88,0.901
2.955,-1.505
2.972,1.377
2.726,-1.374
2.804,-1.467
2.656,0.997
2.568,-1.63
2.574,-0.669
2.546,-1.411
2.609,2.014
2.566,2.042
2.425,1.127
2.142,-1.47
1.914,-0.08
1.871,2.346
1.812,0.85
1.663,-0.132
1.554,2.166
1.455,-0.024
1.534,0.81
1.441,0.048
1.414,-1.577
1.176,0.705
1.054,-0.634
0.955,-1.713
0.935,-0.361
0.492,-0.503
0.507,-0.467
0.372,-1.522
0.276,0.189
0.098,0.554
-0.054,-0.817
-0.011,-1.121
-0.014,-1.587
-0.133,0.42
-0.012,-1.508
-0.046,-1.303
-0.186,2.18
-0.199,2.215
-0.204,-0.646
-0.366,-0.129
-0.298,1.187
-0.393,1.62
-0.3,0.679
-0.372,0.395
-0.483,-0.469
-0.645,1.882
-0.763,-1.293
-1.074,-1.293
-1.145,1.021
-1.173,2.16
-1.236,1.405
-1.233,1.141
-1.268,2.134
-1.18,-1.63
-1.292,0.178
-1.293,-1.566
-1.296,-0.386
-1.323,-0.355
-1.866,-1.881
-1.993,-1.904
-2.16,-1.905
-2.238,-1.73
-3.05,-1.812
3.058,-2.07
3.017,-1.75
1.954,-1.826
1.958,-2.044
1.54,-1.813
1.114,-1.86
0.723,-2.037
0.054,-1.783
-0.036,-1.759
-0.076,-1.98
-0.881,-1.925
-1.927,2.687
-2.027,2.513
-2.74,2.473
-2.73,2.525
-2.903,2.504
1.365,2.62
0.342,2.406
-0.099,2.386
-0.171,2.477
-0.947,2.655
-1.974,1.01
-2.724,1.862
1.864,-1.5
0.914,-0.232
0.491,-0.304
0.234,1.17
0.105,0.248
-1.158,0.246
-2.416,1.983
0.337,0.311
0.328,0.637
0.031,0.22
-0.958,0.756
-1.99,0.087
1.527,0.137
0.479,1.509
0.148,-0.004
-0.038,-1.937
1.272,-1.645
0.148,-1.675
-0.007,-1.335
0.103,-0.606
0.079,-0.981
0.005,-0.759
-0.223,0.112
-0.252,-1.843
-0.162,-0.425
-0.142,-1.654
-0.371,-2.199
-0.294,-2.176
-0.685,-0.953
-0.586,-0.336
-0.624,1.128
-0.712,-0.766
-0.715,-0.877
-0.883,-0.275
-0.816,1.255
-0.798,0.145
-1.023,0.388
-1.13,1.439
-1.193,-1.099
-1.314,-2.314
-1.272,1.257
-1.276,-0.968
-1.348,-1.726
-1.435,-0.813
-1.613,-0.16
-1.761,0.125
-1.769,-0.876
-1.795,-0.89
-1.796,1.107
-1.928,0.233
-1.853,-2.173
-1.836,0.709
-2.082,-2.042
-2.004,-2.135
-2.152,0.329
-2.24,-2.298
-2.234,-1.337
-2.262,-2.079
-2.199,1.346
-2.242,1.374
-2.383,0.459
-2.666,-2.138
-2.894,-0.748
-2.937,1.678
-2.996,0.182
3.138,-0.8
3.029,1.498
2.93,-0.692
3.009,0.142
2.916,-0.62
2.889,-2.245
2.651,0.037
2.529,-1.302
2.43,-2.381
2.41,-1.029
1.967,-1.171
1.982,-1.135
1.847,-2.19
1.751,-0.479
1.573,-0.114
1.421,-1.485
1.464,-1.789
1.461,-2.255
1.342,-0.248
1.463,-2.176
1.429,-1.971
1.289,1.512
1.276,1.547
1.271,-1.314
1.109,-0.797
1.177,0.519
1.082,0.952
1.175,0.011
1.103,-0.273
0.992,-1.137
0.83,1.214
0.712,-1.961
0.401,-1.961
0.33,0.353
0.302,1.492
0.239,0.737
0.242,0.473
0.207,1.466
0.295,-2.298
0.183,-0.49
0.182,-2.234
0.179,-1.054
0.152,-1.023
-0.391,-2.549
-0.518,-2.572
-0.685,-2.573
-0.763,-2.398
-1.575,-2.48
-1.75,-2.738
-1.791,-2.418
-2.854,-2.494
-2.85,-2.712
3.015,-2.481
2.589,-2.528
2.198,-2.705
1.529,-2.451
1.439,-2.427
1.399,-2.648
0.594,-2.593
-0.452,2.019
-0.552,1.845
-1.265,1.805
-1.255,1.857
-1.428,1.836
2.84,1.952
1.817,1.738
1.376,1.718
1.304,1.809
0.528,1.987
-0.499,0.342
-1.249,1.194
-2.944,-2.168
2.389,-0.9
1.966,-0.972
1.709,0.502
1.58,-0.42
0.317,-0.422
-0.941,1.315
1.812,-0.357
1.803,-0.031
1.506,-0.448
0.517,0.088
-0.515,-0.581
3.002,-0.531
1.954,0.841
1.623,-0.672
1.437,-2.605
2.747,-2.313
1.623,-2.343
1.468,-2.003
-0.024,-0.375
-0.098,-0.153
-0.326,0.718
-0.355,-1.237
-0.265,0.181
-0.245,-1.048
-0.474,-1.593
-0.397,-1.57
-0.788,-0.347
-0.689,0.27
-0.727,1.734
-0.815,-0.16
-0.818,-0.271
-0.986,0.331
-0.919,1.861
-0.901,0.751
-1.126,0.994
-1.233,2.045
-1.296,-0.493
-1.417,-1.708
-1.375,1.863
-1.379,-0.362
-1.451,-1.12
-1.538,-0.207
-1.716,0.446
-1.864,0.731
-1.872,-0.27
-1.898,-0.284
-1.899,1.713
-2.031,0.839
-1.956,-1.567
-1.939,1.315
-2.185,-1.436
-2.107,-1.529
-2.255,0.935
-2.343,-1.692
-2.337,-0.731
-2.365,-1.473
-2.302,1.952
-2.345,1.98
-2.486,1.065
-2.769,-1.532
-2.997,-0.142
-3.04,2.284
-3.099,0.788
3.035,-0.194
2.926,2.104
2.827,-0.086
2.906,0.748
2.813,-0.014
2.786,-1.639
2.548,0.643
2.426,-0.696
2.327,-1.775
2.307,-0.423
1.864,-0.565
1.879,-0.529
1.744,-1.584
1.648,0.127
1.47,0.492
1.318,-0.879
1.361,-1.183
1.358,-1.649
1.239,0.358
1.36,-1.57
1.326,-1.365
1.186,2.118
1.173,2.153
1.168,-0.708
1.006,-0.191
1.074,1.125
0.979,1.558
1.072,0.617
1.0,0.333
0.889,-0.531
0.727,1.82
0.609,-1.355
0.298,-1.355
0.227,0.959
0.199,2.098
0.136,1.343
0.139,1.079
0.104,2.072
0.192,-1.692
0.08,0.116
0.079,-1.628
0.076,-0.448
0.049,-0.417
-0.494,-1.943
-0.621,-1.966
-0.788,-1.967
-0.866,-1.792
-1.678,-1.874
-1.853,-2.132
-1.894,-1.812
-2.957,-1.888
-2.953,-2.106
2.912,-1.875
2.486,-1.922
2.095,-2.099
1.426,-1.845
1.336,-1.821
1.296,-2.042
0.491,-1.987
-0.555,2.625
-0.655,2.451
-1.368,2.411
-1.358,2.463
-1.531,2.442
2.737,2.558
1.714,2.344
1.273,2.324
1.201,2.415
0.425,2.593
-0.602,0.948
-1.352,1.8
-3.047,-1.562
2.286,-0.294
1.863,-0.366
1.606,1.108
1.477,0.186
0.214,0.184
-1.044,1.921
1.709,0.249
1.7,0.575
1.403,0.158
0.414,0.694
-0.618,0.025
2.899,0.075
1.851,1.447
1.52,-0.066
1.334,-1.999
2.644,-1.707
1.52,-1.737
1.365,-1.397
-0.074,0.222
-0.302,1.093
-0.331,-0.862
-0.241,0.556
-0.221,-0.673
-0.45,-1.218
-0.373,-1.195
-0.764,0.028
-0.665,0.645
-0.703,2.109
-0.791,0.215
-0.794,0.104
-0.962,0.706
-0.895,2.236
-0.877,1.126
-1.102,1.369
-1.209,2.42
-1.272,-0.118
-1.393,-1.333
-1.351,2.238
-1.355,0.013
-1.427,-0.745
-1.514,0.168
-1.692,0.821
-1.84,1.106
-1.848,0.105
-1.874,0.091
-1.875,2.088
-2.007,1.214
-1.932,-1.192
-1.915,1.69
-2.161,-1.061
-2.083,-1.154
-2.231,1.31
-2.319,-1.317
-2.313,-0.356
-2.341,-1.098
-2.278,2.327
-2.321,2.355
-2.462,1.44
-2.745,-1.157
-2.973,0.233
-3.016,2.659
-3.075,1.163
3.059,0.181
2.95,2.479
2.851,0.289
2.93,1.123
2.837,0.361
2.81,-1.264
2.572,1.018
2.45,-0.321
2.351,-1.4
2.331,-0.048
1.888,-0.19
1.903,-0.154
1.768,-1.209
1.672,0.502
1.494,0.867
1.342,-0.504
1.385,-0.808
1.382,-1.274
1.263,0.733
1.384,-1.195
1.35,-0.99
1.21,2.493
1.197,2.528
1.192,-0.333
1.03,0.184
1.098,1.5
1.003,1.933
1.096,0.992
1.024,0.708
0.913,-0.156
0.751,2.195
0.633,-0.98
0.322,-0.98
0.251,1.334
0.223,2.473
0.16,1.718
0.163,1.454
0.128,2.447
0.216,-1.317
0.104,0.491
0.103,-1.253
0.1,-0.073
0.073,-0.042
-0.47,-1.568
-0.597,-1.591
-0.764,-1.592
-0.842,-1.417
-1.654,-1.499
-1.829,-1.757
-1.87,-1.437
-2.933,-1.513
-2.929,-1.731
2.936,-1.5
2.51,-1.547
2.119,-1.724
1.45,-1.47
1.36,-1.446
1.32,-1.667
0.515,-1.612
-0.531,3.0
-0.631,2.826
-1.344,2.786
-1.334,2.838
-1.507,2.817
2.761,2.933
1.738,2.719
1.297,2.699
1.225,2.79
0.449,2.968
-0.578,1.323
-1.328,2.175
-3.023,-1.187
2.31,0.081
1.887,0.009
1.63,1.483
1.501,0.561
0.238,0.559
-1.02,2.296
1.733,0.624
1.724,0.95
1.427,0.533
0.438,1.069
-0.594,0.4
2.923,0.45
1.875,1.822
1.544,0.309
1.358,-1.624
2.668,-1.332
1.544,-1.362
1.389,-1.022
-0.228,0.871
-0.257,-1.084
-0.167,0.334
-0.147,-0.895
-0.376,-1.44
-0.299,-1.417
-0.69,-0.194
-0.591,0.423
-0.629,1.887
-0.717,-0.007
-0.72,-0.118
-0.888,0.484
-0.821,2.014
-0.803,0.904
-1.028,1.147
-1.135,2.198
-1.198,-0.34
-1.319,-1.555
-1.277,2.016
-1.281,-0.209
-1.353,-0.967
-1.44,-0.054
-1.618,0.599
-1.766,0.884
-1.774,-0.117
-1.8,-0.131
-1.801,1.866
-1.933,0.992
-1.858,-1.414
-1.841,1.468
-2.087,-1.283
-2.009,-1.376
-2.157,1.088
-2.245,-1.539
-2.239,-0.578
-2.267,-1.32
-2.204,2.105
-2.247,2.133
-2.388,1.218
-2.671,-1.379
-2.899,0.011
-2.942,2.437
-3.001,0.941
3.133,-0.041
3.024,2.257
2.925,0.067
3.004,0.901
2.911,0.139
2.884,-1.486
2.646,0.796
2.524,-0.543
2.425,-1.622
2.405,-0.27
1.962,-0.412
1.977,-0.376
1.842,-1.431
1.746,0.28
1.568,0.645
1.416,-0.726
1.459,-1.03
1.456,-1.496
1.337,0.511
1.458,-1.417
1.424,-1.212
1.284,2.271
1.271,2.306
1.266,-0.555
1.104,-0.038
1.172,1.278
1.077,1.711
1.17,0.77
1.098,0.486
0.987,-0.378
0.825,1.973
0.707,-1.202
0.396,-1.202
0.325,1.112
0.297,2.251
0.234,1.496
0.237,1.232
0.202,2.225
0.29,-1.539
0.178,0.269
0.177,-1.475
0.174,-0.295
0.147,-0.264
-0.396,-1.79
-0.523,-1.813
-0.69,-1.814
-0.768,-1.639
-1.58,-1.721
-1.755,-1.979
-1.796,-1.659
-2.859,-1.735
-2.855,-1.953
3.01,-1.722
2.584,-1.769
2.193,-1.946
1.524,-1.692
1.434,-1.668
1.394,-1.889
0.589,-1.834
-0.457,2.778
-0.557,2.604
-1.27,2.564
-1.26,2.616
-1.433,2.595
2.835,2.711
1.812,2.497
1.371,2.477
1.299,2.568
0.523,2.746
-0.504,1.101
-1.254,1.953
-2.949,-1.409
2.384,-0.141
1.961,-0.213
1.704,1.261
1.575,0.339
0.312,0.337
-0.946,2.074
1.807,0.402
1.798,0.728
1.501,0.311
0.512,0.847
-0.52,0.178
2.997,0.228
1.949,1.6
1.618,0.087
1.432,-1.846
2.742,-1.554
1.618,-1.584
1.463,-1.244
-0.029,-1.955
0.061,-0.537
0.081,-1.766
-0.148,-2.311
-0.071,-2.288
-0.462,-1.065
-0.363,-0.448
-0.401,1.016
-0.489,-0.878
-0.492,-0.989
-0.66,-0.387
-0.593,1.143
-0.575,0.033
-0.8,0.276
-0.907,1.327
-0.97,-1.211
-1.091,-2.426
-1.049,1.145
-1.053,-1.08
-1.125,-1.838
-1.212,-0.925
-1.39,-0.272
-1.538,0.013
-1.546,-0.988
-1.572,-1.002
-1.573,0.995
-1.705,0.121
-1.63,-2.285
-1.613,0.597
-1.859,-2.154
-1.781,-2.247
-1.929,0.217
-2.017,-2.41
-2.011,-1.449
-2.039,-2.191
-1.976,1.234
-2.019,1.262
-2.16,0.347
-2.443,-2.25
-2.671,-0.86
-2.714,1.566
-2.773,0.07
-2.922,-0.912
-3.031,1.386
-3.13,-0.804
-3.051,0.03
3.139,-0.732
3.112,-2.357
2.874,-0.075
2.752,-1.414
2.653,-2.493
2.633,-1.141
2.19,-1.283
2.205,-1.247
2.07,-2.302
1.974,-0.591
1.796,-0.226
1.644,-1.597
1.687,-1.901
1.684,-2.367
1.565,-0.36
1.686,-2.288
1.652,-2.083
1.512,1.4
1.499,1.435
1.494,-1.426
1.332,-0.909
1.4,0.407
1.305,0.84
1.398,-0.101
1.326,-0.385
1.215,-1.249
1.053,1.102
0.935,-2.073
0.624,-2.073
0.553,0.241
0.525,1.38
0.462,0.625
0.465,0.361
0.43,1.354
0.518,-2.41
0.406,-0.602
0.405,-2.346
0.402,-1.166
0.375,-1.135
-0.168,-2.661
-0.295,-2.684
-0.462,-2.685
-0.54,-2.51
-1.352,-2.592
-1.527,-2.85
-1.568,-2.53
-2.631,-2.606
-2.627,-2.824
-3.045,-2.593
2.812,-2.64
2.421,-2.817
1.752,-2.563
1.662,-2.539
1.622,-2.76
0.817,-2.705
-0.229,1.907
-0.329,1.733
-1.042,1.693
-1.032,1.745
-1.205,1.724
3.063,1.84
2.04,1.626
1.599,1.606
1.527,1.697
0.751,1.875
-0.276,0.23
-1.026,1.082
-2.721,-2.28
2.612,-1.012
2.189,-1.084
1.932,0.39
1.803,-0.532
0.54,-0.534
-0.718,1.203
2.035,-0.469
2.026,-0.143
1.729,-0.56
0.74,-0.024
-0.292,-0.693
-3.058,-0.643
2.177,0.729
1.846,-0.784
1.66,-2.717
2.97,-2.425
1.846,-2.455
1.691,-2.115
0.09,1.418
0.11,0.189
-0.119,-0.356
-0.042,-0.333
-0.433,0.89
-0.334,1.507
-0.372,2.971
-0.46,1.077
-0.463,0.966
-0.631,1.568
-0.564,3.098
-0.546,1.988
-0.771,2.231
-0.878,3.282
-0.941,0.744
-1.062,-0.471
-1.02,3.1
-1.024,0.875
-1.096,0.117
-1.183,1.03
-1.361,1.683
-1.509,1.968
-1.517,0.967
-1.543,0.953
-1.544,2.95
-1.676,2.076
-1.601,-0.33
-1.584,2.552
-1.83,-0.199
-1.752,-0.292
-1.9,2.172
-1.988,-0.455
-1.982,0.506
-2.01,-0.236
-1.947,3.189
-1.99,3.217
-2.131,2.302
-2.414,-0.295
-2.642,1.095
-2.685,3.521
-2.744,2.025
-2.893,1.043
-3.002,3.341
-3.101,1.151
-3.022,1.985
-3.115,1.223
3.141,-0.402
2.903,1.88
2.781,0.541
2.682,-0.538
2.662,0.814
2.219,0.672
2.234,0.708
2.099,-0.347
2.003,1.364
1.825,1.729
1.673,0.358
1.716,0.054
1.713,-0.412
1.594,1.595
1.715,-0.333
1.681,-0.128
1.541,3.355
1.528,3.39
1.523,0.529
1.361,1.046
1.429,2.362
1.334,2.795
1.427,1.854
1.355,1.57
1.244,0.706
1.082,3.057
0.964,-0.118
0.653,-0.118
0.582,2.196
0.554,3.335
0.491,2.58
0.494,2.316
0.459,3.309
0.547,-0.455
0.435,1.353
0.434,-0.391
0.431,0.789
0.404,0.82
-0.139,-0.706
-0.266,-0.729
-0.433,-0.73
-0.511,-0.555
-1.323,-0.637
-1.498,-0.895
-1.539,-0.575
-2.602,-0.651
-2.598,-0.869
-3.016,-0.638
2.841,-0.685
2.45,-0.862
1.781,-0.608
1.691,-0.584
1.651,-0.805
0.846,-0.75
-0.2,3.862
-0.3,3.688
-1.013,3.648
-1.003,3.7
-1.176,3.679
3.092,3.795
2.069,3.581
1.628,3.561
1.556,3.652
0.78,3.83
-0.247,2.185
-0.997,3.037
-2.692,-0.325
2.641,0.943
2.218,0.871
1.961,2.345
1.832,1.423
0.569,1.421
-0.689,3.158
2.064,1.486
2.055,1.812
1.758,1.395
0.769,1.931
-0.263,1.262
-3.029,1.312
2.206,2.684
1.875,1.171
1.689,-0.762
2.999,-0.47
1.875,-0.5
1.72,-0.16
0.02,-1.229
-0.209,-1.774
-0.132,-1.751
-0.523,-0.528
-0.424,0.089
-0.462,1.553
-0.55,-0.341
-0.553,-0.452
-0.721,0.15
-0.654,1.68
-0.636,0.57
-0.861,0.813
-0.968,1.864
-1.031,-0.674
-1.152,-1.889
-1.11,1.682
-1.114,-0.543
-1.186,-1.301
-1.273,-0.388
-1.451,0.265
-1.599,0.55
-1.607,-0.451
-1.633,-0.465
-1.634,1.532
-1.766,0.658
-1.691,-1.748
-1.674,1.134
-1.92,-1.617
-1.842,-1.71
-1.99,0.754
-2.078,-1.873
-2.072,-0.912
-2.1,-1.654
-2.037,1.771
-2.08,1.799
-2.221,0.884
-2.504,-1.713
-2.732,-0.323
-2.775,2.103
-2.834,0.607
-2.983,-0.375
-3.092,1.923
3.092,-0.267
-3.112,0.567
3.078,-0.195
3.051,-1.82
2.813,0.462
2.691,-0.877
2.592,-1.956
2.572,-0.604
2.129,-0.746
2.144,-0.71
2.009,-1.765
1.913,-0.054
1.735,0.311
1.583,-1.06
1.626,-1.364
1.623,-1.83
1.504,0.177
1.625,-1.751
1.591,-1.546
1.451,1.937
1.438,1.972
1.433,-0.889
1.271,-0.372
1.339,0.944
1.244,1.377
1.337,0.436
1.265,0.152
1.154,-0.712
0.992,1.639
0.874,-1.536
0.563,-1.536
0.492,0.778
0.464,1.917
0.401,1.162
0.404,0.898
0.369,1.891
0.457,-1.873
0.345,-0.065
0.344,-1.809
0.341,-0.629
0.314,-0.598
-0.229,-2.124
-0.356,-2.147
-0.523,-2.148
-0.601,-1.973
-1.413,-2.055
-1.588,-2.313
-1.629,-1.993
-2.692,-2.069
-2.688,-2.287
-3.106,-2.056
2.751,-2.103
2.36,-2.28
1.691,-2.026
1.601,-2.002
1.561,-2.223
0.756,-2.168
-0.29,2.444
-0.39,2.27
-1.103,2.23
-1.093,2.282
-1.266,2.261
3.002,2.377
1.979,2.163
1.538,2.143
1.466,2.234
0.69,2.412
-0.337,0.767
-1.087,1.619
-2.782,-1.743
2.551,-0.475
2.128,-0.547
1.871,0.927
1.742,0.005
0.479,0.003
-0.779,1.74
1.974,0.068
1.965,0.394
1.668,-0.023
0.679,0.513
-0.353,-0.156
-3.119,-0.106
2.116,1.266
1.785,-0.247
1.599,-2.18
2.909,-1.888
1.785,-1.918
1.63,-1.578
-0.229,-0.545
-0.152,-0.522
-0.543,0.701
-0.444,1.318
-0.482,2.782
-0.57,0.888
-0.573,0.777
-0.741,1.379
-0.674,2.909
-0.656,1.799
-0.881,2.042
-0.988,3.093
-1.051,0.555
-1.172,-0.66
-1.13,2.911
-1.134,0.686
-1.206,-0.072
-1.293,0.841
-1.471,1.494
-1.619,1.779
-1.627,0.778
-1.653,0.764
-1.654,2.761
-1.786,1.887
-1.711,-0.519
-1.694,2.363
-1.94,-0.388
-1.862,-0.481
-2.01,1.983
-2.098,-0.644
-2.092,0.317
-2.12,-0.425
-2.057,3.0
-2.1,3.028
-2.241,2.113
-2.524,-0.484
-2.752,0.906
-2.795,3.332
-2.854,1.836
-3.003,0.854
-3.112,3.152
3.072,0.962
-3.132,1.796
3.058,1.034
3.031,-0.591
2.793,1.691
2.671,0.352
2.572,-0.727
2.552,0.625
2.109,0.483
2.124,0.519
1.989,-0.536
1.893,1.175
1.715,1.54
1.563,0.169
1.606,-0.135
1.603,-0.601
1.484,1.406
1.605,-0.522
1.571,-0.317
1.431,3.166
1.418,3.201
1.413,0.34
1.251,0.857
1.319,2.173
1.224,2.606
1.317,1.665
1.245,1.381
1.134,0.517
0.972,2.868
0.854,-0.307
0.543,-0.307
0.472,2.007
0.444,3.146
0.381,2.391
0.384,2.127
0.349,3.12
0.437,-0.644
0.325,1.164
0.324,-0.58
0.321,0.6
0.294,0.631
-0.249,-0.895
-0.376,-0.918
-0.543,-0.919
-0.621,-0.744
-1.433,-0.826
-1.608,-1.084
-1.649,-0.764
-2.712,-0.84
-2.708,-1.058
-3.126,-0.827
2.731,-0.874
2.34,-1.051
1.671,-0.797
1.581,-0.773
1.541,-0.994
0.736,-0.939
-0.31,3.673
-0.41,3.499
-1.123,3.459
-1.113,3.511
-1.286,3.49
2.982,3.606
1.959,3.392
1.518,3.372
1.446,3.463
0.67,3.641
-0.357,1.996
-1.107,2.848
-2.802,-0.514
2.531,0.754
2.108,0.682
1.851,2.156
1.722,1.234
0.459,1.232
-0.799,2.969
1.954,1.297
1.945,1.623
1.648,1.206
0.659,1.742
-0.373,1.073
-3.139,1.123
2.096,2.495
1.765,0.982
1.579,-0.951
2.889,-0.659
1.765,-0.689
1.61,-0.349
0.077,0.023
-0.314,1.246
-0.215,1.863
-0.253,3.327
-0.341,1.433
-0.344,1.322
-0.512,1.924
-0.445,3.454
-0.427,2.344
-0.652,2.587
-0.759,3.638
-0.822,1.1
-0.943,-0.115
-0.901,3.456
-0.905,1.231
-0.977,0.473
-1.064,1.386
-1.242,2.039
-1.39,2.324
-1.398,1.323
-1.424,1.309
-1.425,3.306
-1.557,2.432
-1.482,0.026
-1.465,2.908
-1.711,0.157
-1.633,0.064
-1.781,2.528
-1.869,-0.099
-1.863,0.862
-1.891,0.12
-1.828,3.545
-1.871,3.573
-2.012,2.658
-2.295,0.061
-2.523,1.451
-2.566,3.877
-2.625,2.381
-2.774,1.399
-2.883,3.697
-2.982,1.507
-2.903,2.341
-2.996,1.579
-3.023,-0.046
3.022,2.236
2.9,0.897
2.801,-0.182
2.781,1.17
2.338,1.028
2.353,1.064
2.218,0.009
2.122,1.72
1.944,2.085
1.792,0.714
1.835,0.41
1.832,-0.056
1.713,1.951
1.834,0.023
1.8,0.228
1.66,3.711
1.647,3.746
1.642,0.885
1.48,1.402
1.548,2.718
1.453,3.151
1.546,2.21
1.474,1.926
1.363,1.062
1.201,3.413
1.083,0.238
0.772,0.238
0.701,2.552
0.673,3.691
0.61,2.936
0.613,2.672
0.578,3.665
0.666,-0.099
0.554,1.709
0.553,-0.035
0.55,1.145
0.523,1.176
-0.02,-0.35
-0.147,-0.373
-0.314,-0.374
-0.392,-0.199
-1.204,-0.281
-1.379,-0.539
-1.42,-0.219
-2.483,-0.295
-2.479,-0.513
-2.897,-0.282
2.96,-0.329
2.569,-0.506
1.9,-0.252
1.81,-0.228
1.77,-0.449
0.965,-0.394
-0.081,4.218
-0.181,4.044
-0.894,4.004
-0.884,4.056
-1.057,4.035
-3.072,4.151
2.188,3.937
1.747,3.917
1.675,4.008
0.899,4.186
-0.128,2.541
-0.878,3.393
-2.573,0.031
2.76,1.299
2.337,1.227
2.08,2.701
1.951,1.779
0.688,1.777
-0.57,3.514
2.183,1.842
2.174,2.168
1.877,1.751
0.888,2.287
-0.144,1.618
-2.91,1.668
2.325,3.04
1.994,1.527
1.808,-0.406
3.118,-0.114
1.994,-0.144
1.839,0.196
-0.391,1.223
-0.292,1.84
-0.33,3.304
-0.418,1.41
-0.421,1.299
-0.589,1.901
-0.522,3.431
-0.504,2.321
-0.729,2.564
-0.836,3.615
-0.899,1.077
-1.02,-0.138
-0.978,3.433
-0.982,1.208
-1.054,0.45
-1.141,1.363
-1.319,2.016
-1.467,2.301
-1.475,1.3
-1.501,1.286
-1.502,3.283
-1.634,2.409
-1.559,0.003
-1.542,2.885
-1.788,0.134
-1.71,0.041
-1.858,2.505
-1.946,-0.122
-1.94,0.839
-1.968,0.097
-1.905,3.522
-1.948,3.55
-2.089,2.635
-2.372,0.038
-2.6,1.428
-2.643,3.854
-2.702,2.358
-2.851,1.376
-2.96,3.674
-3.059,1.484
-2.98,2.318
-3.073,1.556
-3.1,-0.069
2.945,2.213
2.823,0.874
2.724,-0.205
2.704,1.147
2.261,1.005
2.276,1.041
2.141,-0.014
2.045,1.697
1.867,2.062
1.715,0.691
1.758,0.387
1.755,-0.079
1.636,1.928
1.757,0.0
1.723,0.205
1.583,3.688
1.57,3.723
1.565,0.862
1.403,1.379
1.471,2.695
1.376,3.128
1.469,2.187
1.397,1.903
1.286,1.039
1.124,3.39
1.006,0.215
0.695,0.215
0.624,2.529
0.596,3.668
0.533,2.913
0.536,2.649
0.501,3.642
0.589,-0.122
0.477,1.686
0.476,-0.058
0.473,1.122
0.446,1.153
-0.097,-0.373
-0.224,-0.396
-0.391,-0.397
-0.469,-0.222
-1.281,-0.304
-1.456,-0.562
-1.497,-0.242
-2.56,-0.318
-2.556,-0.536
-2.974,-0.305
2.883,-0.352
2.492,-0.529
1.823,-0.275
1.733,-0.251
1.693,-0.472
0.888,-0.417
-0.158,4.195
-0.258,4.021
-0.971,3.981
-0.961,4.033
-1.134,4.012
3.134,4.128
2.111,3.914
1.67,3.894
1.598,3.985
0.822,4.163
-0.205,2.518
-0.955,3.37
-2.65,0.008
2.683,1.276
2.26,1.204
2.003,2.678
1.874,1.756
0.611,1.754
-0.647,3.491
2.106,1.819
2.097,2.145
1.8,1.728
0.811,2.264
-0.221,1.595
-2.987,1.645
2.248,3.017
1.917,1.504
1.731,-0.429
3.041,-0.137
1.917,-0.167
1.762,0.173
0.099,0.617
0.061,2.081
-0.027,0.187
-0.03,0.076
-0.198,0.678
-0.131,2.208
-0.113,1.098
-0.338,1.341
-0.445,2.392
-0.508,-0.146
-0.629,-1.361
-0.587,2.21
-0.591,-0.015
-0.663,-0.773
-0.75,0.14
-0.928,0.793
-1.076,1.078
-1.084,0.077
-1.11,0.063
-1.111,2.06
-1.243,1.186
-1.168,-1.22
-1.151,1.662
-1.397,-1.089
-1.319,-1.182
-1.467,1.282
-1.555,-1.345
-1.549,-0.384
-1.577,-1.126
-1.514,2.299
-1.557,2.327
-1.698,1.412
-1.981,-1.185
-2.209,0.205
-2.252,2.631
-2.311,1.135
-2.46,0.153
-2.569,2.451
-2.668,0.261
-2.589,1.095
-2.682,0.333
-2.709,-1.292
-2.947,0.99
-3.069,-0.349
3.115,-1.428
3.095,-0.076
2.652,-0.218
2.667,-0.182
2.532,-1.237
2.436,0.474
2.258,0.839
2.106,-0.532
2.149,-0.836
2.146,-1.302
2.027,0.705
2.148,-1.223
2.114,-1.018
1.974,2.465
1.961,2.5
1.956,-0.361
1.794,0.156
1.862,1.472
1.767,1.905
1.86,0.964
1.788,0.68
1.677,-0.184
1.515,2.167
1.397,-1.008
1.086,-1.008
1.015,1.306
0.987,2.445
0.924,1.69
0.927,1.426
0.892,2.419
0.98,-1.345
0.868,0.463
0.867,-1.281
0.864,-0.101
0.837,-0.07
0.294,-1.596
0.167,-1.619
0.0,-1.62
-0.078,-1.445
-0.89,-1.527
-1.065,-1.785
-1.106,-1.465
-2.169,-1.541
-2.165,-1.759
-2.583,-1.528
-3.009,-1.575
2.883,-1.752
2.214,-1.498
2.124,-1.474
2.084,-1.695
1.279,-1.64
0.233,2.972
0.133,2.798
-0.58,2.758
-0.57,2.81
-0.743,2.789
-2.758,2.905
2.502,2.691
2.061,2.671
1.989,2.762
1.213,2.94
0.186,1.295
-0.564,2.147
-2.259,-1.215
3.074,0.053
2.651,-0.019
2.394,1.455
2.265,0.533
1.002,0.531
-0.256,2.268
2.497,0.596
2.488,0.922
2.191,0.505
1.202,1.041
0.17,0.372
-2.596,0.422
2.639,1.794
2.308,0.281
2.122,-1.652
-2.851,-1.36
2.308,-1.39
2.153,-1.05
-0.038,1.464
-0.126,-0.43
-0.129,-0.541
-0.297,0.061
-0.23,1.591
-0.212,0.481
-0.437,0.724
-0.544,1.775
-0.607,-0.763
-0.728,-1.978
-0.686,1.593
-0.69,-0.632
-0.762,-1.39
-0.849,-0.477
-1.027,0.176
-1.175,0.461
-1.183,-0.54
-1.209,-0.554
-1.21,1.443
-1.342,0.569
-1.267,-1.837
-1.25,1.045
-1.496,-1.706
-1.418,-1.799
-1.566,0.665
-1.654,-1.962
-1.648,-1.001
-1.676,-1.743
-1.613,1.682
-1.656,1.71
-1.797,0.795
-2.08,-1.802
-2.308,-0.412
-2.351,2.014
-2.41,0.518
-2.559,-0.464
-2.668,1.834
-2.767,-0.356
-2.688,0.478
-2.781,-0.284
-2.808,-1.909
-3.046,0.373
3.115,-0.966
3.016,-2.045
2.996,-0.693
2.553,-0.835
2.568,-0.799
2.433,-1.854
2.337,-0.143
2.159,0.222
2.007,-1.149
2.05,-1.453
2.047,-1.919
1.928,0.088
2.049,-1.84
2.015,-1.635
1.875,1.848
1.862,1.883
1.857,-0.978
1.695,-0.461
1.763,0.855
1.668,1.288
1.761,0.347
1.689,0.063
1.578,-0.801
1.416,1.55
1.298,-1.625
0.987,-1.625
0.916,0.689
0.888,1.828
0.825,1.073
0.828,0.809
0.793,1.802
0.881,-1.962
0.769,-0.154
0.768,-1.898
0.765,-0.718
0.738,-0.687
0.195,-2.213
0.068,-2.236
-0.099,-2.237
-0.177,-2.062
-0.989,-2.144
-1.164,-2.402
-1.205,-2.082
-2.268,-2.158
-2.264,-2.376
-2.682,-2.145
-3.108,-2.192
2.784,-2.369
2.115,-2.115
2.025,-2.091
1.985,-2.312
1.18,-2.257
0.134,2.355
0.034,2.181
-0.679,2.141
-0.669,2.193
-0.842,2.172
-2.857,2.288
2.403,2.074
1.962,2.054
1.89,2.145
1.114,2.323
0.087,0.678
-0.663,1.53
-2.358,-1.832
2.975,-0.564
2.552,-0.636
2.295,0.838
2.166,-0.084
0.903,-0.086
-0.355,1.651
2.398,-0.021
2.389,0.305
2.092,-0.112
1.103,0.424
0.071,-0.245
-2.695,-0.195
2.54,1.177
2.209,-0.336
2.023,-2.269
-2.95,-1.977
2.209,-2.007
2.054,-1.667
-0.088,-1.894
-0.091,-2.005
-0.259,-1.403
-0.192,0.127
-0.174,-0.983
-0.399,-0.74
-0.506,0.311
-0.569,-2.227
-0.69,-3.442
-0.648,0.129
-0.652,-2.096
-0.724,-2.854
-0.811,-1.941
-0.989,-1.288
-1.137,-1.003
-1.145,-2.004
-1.171,-2.018
-1.172,-0.021
-1.304,-0.895
-1.229,-3.301
-1.212,-0.419
-1.458,-3.17
-1.38,-3.263
-1.528,-0.799
-1.616,-3.426
-1.61,-2.465
-1.638,-3.207
-1.575,0.218
-1.618,0.246
-1.759,-0.669
-2.042,-3.266
-2.27,-1.876
-2.313,0.55
-2.372,-0.946
-2.521,-1.928
-2.63,0.37
-2.729,-1.82
-2.65,-0.986
-2.743,-1.748
-2.77,-3.373
-3.008,-1.091
-3.13,-2.43
3.054,-3.509
3.034,-2.157
2.591,-2.299
2.606,-2.263
2.471,-3.318
2.375,-1.607
2.197,-1.242
2.045,-2.613
2.088,-2.917
2.085,-3.383
1.966,-1.376
2.087,-3.304
2.053,-3.099
1.913,0.384
1.9,0.419
1.895,-2.442
1.733,-1.925
1.801,-0.609
1.706,-0.176
1.799,-1.117
1.727,-1.401
1.616,-2.265
1.454,0.086
1.336,-3.089
1.025,-3.089
0.954,-0.775
0.926,0.364
0.863,-0.391
0.866,-0.655
0.831,0.338
0.919,-3.426
0.807,-1.618
0.806,-3.362
0.803,-2.182
0.776,-2.151
0.233,-3.677
0.106,-3.7
-0.061,-3.701
-0.139,-3.526
-0.951,-3.608
-1.126,-3.866
-1.167,-3.546
-2.23,-3.622
-2.226,-3.84
-2.644,-3.609
-3.07,-3.656
2.822,-3.833
2.153,-3.579
2.063,-3.555
2.023,-3.776
1.218,-3.721
0.172,0.891
0.072,0.717
-0.641,0.677
-0.631,0.729
-0.804,0.708
-2.819,0.824
2.441,0.61
2.0,0.59
1.928,0.681
1.152,0.859
0.125,-0.786
-0.625,0.066
-2.32,-3.296
3.013,-2.028
2.59,-2.1
2.333,-0.626
2.204,-1.548
0.941,-1.55
-0.317,0.187
2.436,-1.485
2.427,-1.159
2.13,-1.576
1.141,-1.04
0.109,-1.709
-2.657,-1.659
2.578,-0.287
2.247,-1.8
2.061,-3.733
-2.912,-3.441
2.247,-3.471
2.092,-3.131
-0.003,-0.111
-0.171,0.491
-0.104,2.021
-0.086,0.911
-0.311,1.154
-0.418,2.205
-0.481,-0.333
-0.602,-1.548
-0.56,2.023
-0.564,-0.202
-0.636,-0.96
-0.723,-0.047
-0.901,0.606
-1.049,0.891
-1.057,-0.11
-1.083,-0.124
-1.084,1.873
-1.216,0.999
-1.141,-1.407
-1.124,1.475
-1.37,-1.276
-1.292,-1.369
-1.44,1.095
-1.528,-1.532
-1.522,-0.571
-1.55,-1.313
-1.487,2.112
-1.53,2.14
-1.671,1.225
-1.954,-1.372
-2.182,0.018
-2.225,2.444
-2.284,0.948
-2.433,-0.034
-2.542,2.264
-2.641,0.074
-2.562,0.908
-2.655,0.146
-2.682,-1.479
-2.92,0.803
-3.042,-0.536
-3.141,-1.615
3.122,-0.263
2.679,-0.405
2.694,-0.369
2.559,-1.424
2.463,0.287
2.285,0.652
2.133,-0.719
2.176,-1.023
2.173,-1.489
2.054,0.518
2.175,-1.41
2.141,-1.205
2.001,2.278
1.988,2.313
1.983,-0.548
1.821,-0.031
1.889,1.285
1.794,1.718
1.887,0.777
1.815,0.493
1.704,-0.371
1.542,1.98
1.424,-1.195
1.113,-1.195
1.042,1.119
1.014,2.258
0.951,1.503
0.954,1.239
0.919,2.232
1.007,-1.532
0.895,0.276
0.894,-1.468
0.891,-0.288
0.864,-0.257
0.321,-1.783
0.194,-1.806
0.027,-1.807
-0.051,-1.632
-0.863,-1.714
-1.038,-1.972
-1.079,-1.652
-2.142,-1.728
-2.138,-1.946
-2.556,-1.715
-2.982,-1.762
2.91,-1.939
2.241,-1.685
2.151,-1.661
2.111,-1.882
1.306,-1.827
0.26,2.785
0.16,2.611
-0.553,2.571
-0.543,2.623
-0.716,2.602
-2.731,2.718
2.529,2.504
2.088,2.484
2.016,2.575
1.24,2.753
0.213,1.108
-0.537,1.96
-2.232,-1.402
3.101,-0.134
2.678,-0.206
2.421,1.268
2.292,0.346
1.029,0.344
-0.229,2.081
2.524,0.409
2.515,0.735
2.218,0.318
1.229,0.854
0.197,0.185
-2.569,0.235
2.666,1.607
2.335,0.094
2.149,-1.839
-2.824,-1.547
2.335,-1.577
2.18,-1.237
-0.168,0.602
-0.101,2.132
-0.083,1.022
-0.308,1.265
-0.415,2.316
-0.478,-0.222
-0.599,-1.437
-0.557,2.134
-0.561,-0.091
-0.633,-0.849
-0.72,0.064
-0.898,0.717
-1.046,1.002
-1.054,0.001
-1.08,-0.013
-1.081,1.984
-1.213,1.11
-1.138,-1.296
-1.121,1.586
-1.367,-1.165
-1.289,-1.258
-1.437,1.206
-1.525,-1.421
-1.519,-0.46
-1.547,-1.202
-1.484,2.223
-1.527,2.251
-1.668,1.336
-1.951,-1.261
-2.179,0.129
-2.222,2.555
-2.281,1.059
-2.43,0.077
-2.539,2.375
-2.638,0.185
-2.559,1.019
-2.652,0.257
-2.679,-1.368
-2.917,0.914
-3.039,-0.425
-3.138,-1.504
3.125,-0.152
2.682,-0.294
2.697,-0.258
2.562,-1.313
2.466,0.398
2.288,0.763
2.136,-0.608
2.179,-0.912
2.176,-1.378
2.057,0.629
2.178,-1.299
2.144,-1.094
2.004,2.389
1.991,2.424
1.986,-0.437
1.824,0.08
1.892,1.396
1.797,1.829
1.89,0.888
1.818,0.604
1.707,-0.26
1.545,2.091
1.427,-1.084
1.116,-1.084
1.045,1.23
1.017,2.369
0.954,1.614
0.957,1.35
0.922,2.343
1.01,-1.421
0.898,0.387
0.897,-1.357
0.894,-0.177
0.867,-0.146
0.324,-1.672
0.197,-1.695
0.03,-1.696
-0.048,-1.521
-0.86,-1.603
-1.035,-1.861
-1.076,-1.541
-2.139,-1.617
-2.135,-1.835
-2.553,-1.604
-2.979,-1.651
2.913,-1.828
2.244,-1.574
2.154,-1.55
2.114,-1.771
1.309,-1.716
0.263,2.896
0.163,2.722
-0.55,2.682
-0.54,2.734
-0.713,2.713
-2.728,2.829
2.532,2.615
2.091,2.595
2.019,2.686
1.243,2.864
0.216,1.219
-0.534,2.071
-2.229,-1.291
3.104,-0.023
2.681,-0.095
2.424,1.379
2.295,0.457
1.032,0.455
-0.226,2.192
2.527,0.52
2.518,0.846
2.221,0.429
1.232,0.965
0.2,0.296
-2.566,0.346
2.669,1.718
2.338,0.205
2.152,-1.728
-2.821,-1.436
2.338,-1.466
2.183,-1.126
0.067,1.53
0.085,0.42
-0.14,0.663
-0.247,1.714
-0.31,-0.824
-0.431,-2.039
-0.389,1.532
-0.393,-0.693
-0.465,-1.451
-0.552,-0.538
-0.73,0.115
-0.878,0.4
-0.886,-0.601
-0.912,-0.615
-0.913,1.382
-1.045,0.508
-0.97,-1.898
-0.953,0.984
-1.199,-1.767
-1.121,-1.86
-1.269,0.604
-1.357,-2.023
-1.351,-1.062
-1.379,-1.804
-1.316,1.621
-1.359,1.649
-1.5,0.734
-1.783,-1.863
-2.011,-0.473
-2.054,1.953
-2.113,0.457
-2.262,-0.525
-2.371,1.773
-2.47,-0.417
-2.391,0.417
-2.484,-0.345
-2.511,-1.97
-2.749,0.312
-2.871,-1.027
-2.97,-2.106
-2.99,-0.754
2.85,-0.896
2.865,-0.86
2.73,-1.915
2.634,-0.204
2.456,0.161
2.304,-1.21
2.347,-1.514
2.344,-1.98
2.225,0.027
2.346,-1.901
2.312,-1.696
2.172,1.787
2.159,1.822
2.154,-1.039
1.992,-0.522
2.06,0.794
1.965,1.227
2.058,0.286
1.986,0.002
1.875,-0.862
1.713,1.489
1.595,-1.686
1.284,-1.686
1.213,0.628
1.185,1.767
1.122,1.012
1.125,0.748
1.09,1.741
1.178,-2.023
1.066,-0.215
1.065,-1.959
1.062,-0.779
1.035,-0.748
0.492,-2.274
0.365,-2.297
0.198,-2.298
0.12,-2.123
-0.692,-2.205
-0.867,-2.463
-0.908,-2.143
-1.971,-2.219
-1.967,-2.437
-2.385,-2.206
-2.811,-2.253
3.081,-2.43
2.412,-2.176
2.322,-2.152
2.282,-2.373
1.477,-2.318
0.431,2.294
0.331,2.12
-0.382,2.08
-0.372,2.132
-0.545,2.111
-2.56,2.227
2.7,2.013
2.259,1.993
2.187,2.084
1.411,2.262
0.384,0.617
-0.366,1.469
-2.061,-1.893
-3.011,-0.625
2.849,-0.697
2.592,0.777
2.463,-0.145
1.2,-0.147
-0.058,1.59
2.695,-0.082
2.686,0.244
2.389,-0.173
1.4,0.363
0.368,-0.306
-2.398,-0.256
2.837,1.116
2.506,-0.397
2.32,-2.33
-2.653,-2.038
2.506,-2.068
2.351,-1.728
0.018,-1.11
-0.207,-0.867
-0.314,0.184
-0.377,-2.354
-0.498,-3.569
-0.456,0.002
-0.46,-2.223
-0.532,-2.981
-0.619,-2.068
-0.797,-1.415
-0.945,-1.13
-0.953,-2.131
-0.979,-2.145
-0.98,-0.148
-1.112,-1.022
-1.037,-3.428
-1.02,-0.546
-1.266,-3.297
-1.188,-3.39
-1.336,-0.926
-1.424,-3.553
-1.418,-2.592
-1.446,-3.334
-1.383,0.091
-1.426,0.119
-1.567,-0.796
-1.85,-3.393
-2.078,-2.003
-2.121,0.423
-2.18,-1.073
-2.329,-2.055
-2.438,0.243
-2.537,-1.947
-2.458,-1.113
-2.551,-1.875
-2.578,-3.5
-2.816,-1.218
-2.938,-2.557
-3.037,-3.636
-3.057,-2.284
2.783,-2.426
2.798,-2.39
2.663,-3.445
2.567,-1.734
2.389,-1.369
2.237,-2.74
2.28,-3.044
2.277,-3.51
2.158,-1.503
2.279,-3.431
2.245,-3.226
2.105,0.257
2.092,0.292
2.087,-2.569
1.925,-2.052
1.993,-0.736
1.898,-0.303
1.991,-1.244
1.919,-1.528
1.808,-2.392
1.646,-0.041
1.528,-3.216
1.217,-3.216
1.146,-0.902
1.118,0.237
1.055,-0.518
1.058,-0.782
1.023,0.211
1.111,-3.553
0.999,-1.745
0.998,-3.489
0.995,-2.309
0.968,-2.278
0.425,-3.804
0.298,-3.827
0.131,-3.828
0.053,-3.653
-0.759,-3.735
-0.934,-3.993
-0.975,-3.673
-2.038,-3.749
-2.034,-3.967
-2.452,-3.736
-2.878,-3.783
3.014,-3.96
2.345,-3.706
2.255,-3.682
2.215,-3.903
1.41,-3.848
0.364,0.764
0.264,0.59
-0.449,0.55
-0.439,0.602
-0.612,0.581
-2.627,0.697
2.633,0.483
2.192,0.463
2.12,0.554
1.344,0.732
0.317,-0.913
-0.433,-0.061
-2.128,-3.423
-3.078,-2.155
2.782,-2.227
2.525,-0.753
2.396,-1.675
1.133,-1.677
-0.125,0.06
2.628,-1.612
2.619,-1.286
2.322,-1.703
1.333,-1.167
0.301,-1.836
-2.465,-1.786
2.77,-0.414
2.439,-1.927
2.253,-3.86
-2.72,-3.568
2.439,-3.598
2.284,-3.258
-0.225,0.243
-0.332,1.294
-0.395,-1.244
-0.516,-2.459
-0.474,1.112
-0.478,-1.113
-0.55,-1.871
-0.637,-0.958
-0.815,-0.305
-0.963,-0.02
-0.971,-1.021
-0.997,-1.035
-0.998,0.962
-1.13,0.088
-1.055,-2.318
-1.038,0.564
-1.284,-2.187
-1.206,-2.28
-1.354,0.184
-1.442,-2.443
-1.436,-1.482
-1.464,-2.224
-1.401,1.201
-1.444,1.229
-1.585,0.314
-1.868,-2.283
-2.096,-0.893
-2.139,1.533
-2.198,0.037
-2.347,-0.945
-2.456,1.353
-2.555,-0.837
-2.476,-0.003
-2.569,-0.765
-2.596,-2.39
-2.834,-0.108
-2.956,-1.447
-3.055,-2.526
-3.075,-1.174
2.765,-1.316
2.78,-1.28
2.645,-2.335
2.549,-0.624
2.371,-0.259
2.219,-1.63
2.262,-1.934
2.259,-2.4
2.14,-0.393
2.261,-2.321
2.227,-2.116
2.087,1.367
2.074,1.402
2.069,-1.459
1.907,-0.942
1.975,0.374
1.88,0.807
1.973,-0.134
1.901,-0.418
1.79,-1.282
1.628,1.069
1.51,-2.106
1.199,-2.106
1.128,0.208
1.1,1.347
1.037,0.592
1.04,0.328
1.005,1.321
1.093,-2.443
0.981,-0.635
0.98,-2.379
0.977,-1.199
0.95,-1.168
0.407,-2.694
0.28,-2.717
0.113,-2.718
0.035,-2.543
-0.777,-2.625
-0.952,-2.883
-0.993,-2.563
-2.056,-2.639
-2.052,-2.857
-2.47,-2.626
-2.896,-2.673
2.996,-2.85
2.327,-2.596
2.237,-2.572
2.197,-2.793
1.392,-2.738
0.346,1.874
0.246,1.7
-0.467,1.66
-0.457,1.712
-0.63,1.691
-2.645,1.807
2.615,1.593
2.174,1.573
2.102,1.664
1.326,1.842
0.299,0.197
-0.451,1.049
-2.146,-2.313
-3.096,-1.045
2.764,-1.117
2.507,0.357
2.378,-0.565
1.115,-0.567
-0.143,1.17
2.61,-0.502
2.601,-0.176
2.304,-0.593
1.315,-0.057
0.283,-0.726
-2.483,-0.676
2.752,0.696
2.421,-0.817
2.235,-2.75
-2.738,-2.458
2.421,-2.488
2.266,-2.148
-0.107,1.051
-0.17,-1.487
-0.291,-2.702
-0.249,0.869
-0.253,-1.356
-0.325,-2.114
-0.412,-1.201
-0.59,-0.548
-0.738,-0.263
-0.746,-1.264
-0.772,-1.278
-0.773,0.719
-0.905,-0.155
-0.83,-2.561
-0.813,0.321
-1.059,-2.43
-0.981,-2.523
-1.129,-0.059
-1.217,-2.686
-1.211,-1.725
-1.239,-2.467
-1.176,0.958
-1.219,0.986
-1.36,0.071
-1.643,-2.526
-1.871,-1.136
-1.914,1.29
-1.973,-0.206
-2.122,-1.188
-2.231,1.11
-2.33,-1.08
-2.251,-0.246
-2.344,-1.008
-2.371,-2.633
-2.609,-0.351
-2.731,-1.69
-2.83,-2.769
-2.85,-1.417
2.99,-1.559
3.005,-1.523
2.87,-2.578
2.774,-0.867
2.596,-0.502
2.444,-1.873
2.487,-2.177
2.484,-2.643
2.365,-0.636
2.486,-2.564
2.452,-2.359
2.312,1.124
2.299,1.159
2.294,-1.702
2.132,-1.185
2.2,0.131
2.105,0.564
2.198,-0.377
2.126,-0.661
2.015,-1.525
1.853,0.826
1.735,-2.349
1.424,-2.349
1.353,-0.035
1.325,1.104
1.262,0.349
1.265,0.085
1.23,1.078
1.318,-2.686
1.206,-0.878
1.205,-2.622
1.202,-1.442
1.175,-1.411
0.632,-2.937
0.505,-2.96
0.338,-2.961
0.26,-2.786
-0.552,-2.868
-0.727,-3.126
-0.768,-2.806
-1.831,-2.882
-1.827,-3.1
-2.245,-2.869
-2.671,-2.916
-3.062,-3.093
2.552,-2.839
2.462,-2.815
2.422,-3.036
1.617,-2.981
0.571,1.631
0.471,1.457
-0.242,1.417
-0.232,1.469
-0.405,1.448
-2.42,1.564
2.84,1.35
2.399,1.33
2.327,1.421
1.551,1.599
0.524,-0.046
-0.226,0.806
-1.921,-2.556
-2.871,-1.288
2.989,-1.36
2.732,0.114
2.603,-0.808
1.34,-0.81
0.082,0.927
2.835,-0.745
2.826,-0.419
2.529,-0.836
1.54,-0.3
0.508,-0.969
-2.258,-0.919
2.977,0.453
2.646,-1.06
2.46,-2.993
-2.513,-2.701
2.646,-2.731
2.491,-2.391
-0.063,-2.538
-0.184,-3.753
-0.142,-0.182
-0.146,-2.407
-0.218,-3.165
-0.305,-2.252
-0.483,-1.599
-0.631,-1.314
-0.639,-2.315
-0.665,-2.329
-0.666,-0.332
-0.798,-1.206
-0.723,-3.612
-0.706,-0.73
-0.952,-3.481
-0.874,-3.574
-1.022,-1.11
-1.11,-3.737
-1.104,-2.776
-1.132,-3.518
-1.069,-0.093
-1.112,-0.065
-1.253,-0.98
-1.536,-3.577
-1.764,-2.187
-1.807,0.239
-1.866,-1.257
-2.015,-2.239
-2.124,0.059
-2.223,-2.131
-2.144,-1.297
-2.237,-2.059
-2.264,-3.684
-2.502,-1.402
-2.624,-2.741
-2.723,-3.82
-2.743,-2.468
3.097,-2.61
3.112,-2.574
2.977,-3.629
2.881,-1.918
2.703,-1.553
2.551,-2.924
2.594,-3.228
2.591,-3.694
2.472,-1.687
2.593,-3.615
2.559,-3.41
2.419,0.073
2.406,0.108
2.401,-2.753
2.239,-2.236
2.307,-0.92
2.212,-0.487
2.305,-1.428
2.233,-1.712
2.122,-2.576
1.96,-0.225
1.842,-3.4
1.531,-3.4
1.46,-1.086
1.432,0.053
1.369,-0.702
1.372,-0.966
1.337,0.027
1.425,-3.737
1.313,-1.929
1.312,-3.673
1.309,-2.493
1.282,-2.462
0.739,-3.988
0.612,-4.011
0.445,-4.012
0.367,-3.837
-0.445,-3.919
-0.62,-4.177
-0.661,-3.857
-1.724,-3.933
-1.72,-4.151
-2.138,-3.92
-2.564,-3.967
-2.955,-4.144
2.659,-3.89
2.569,-3.866
2.529,-4.087
1.724,-4.032
0.678,0.58
0.578,0.406
-0.135,0.366
-0.125,0.418
-0.298,0.397
-2.313,0.513
2.947,0.299
2.506,0.279
2.434,0.37
1.658,0.548
0.631,-1.097
-0.119,-0.245
-1.814,-3.607
-2.764,-2.339
3.096,-2.411
2.839,-0.937
2.71,-1.859
1.447,-1.861
0.189,-0.124
2.942,-1.796
2.933,-1.47
2.636,-1.887
1.647,-1.351
0.615,-2.02
-2.151,-1.97
3.084,-0.598
2.753,-2.111
2.567,-4.044
-2.406,-3.752
2.753,-3.782
2.598,-3.442
-0.121,-1.215
-0.079,2.356
-0.083,0.131
-0.155,-0.627
-0.242,0.286
-0.42,0.939
-0.568,1.224
-0.576,0.223
-0.602,0.209
-0.603,2.206
-0.735,1.332
-0.66,-1.074
-0.643,1.808
-0.889,-0.943
-0.811,-1.036
-0.959,1.428
-1.047,-1.199
-1.041,-0.238
-1.069,-0.98
-1.006,2.445
-1.049,2.473
-1.19,1.558
-1.473,-1.039
-1.701,0.351
-1.744,2.777
-1.803,1.281
-1.952,0.299
-2.061,2.597
-2.16,0.407
-2.081,1.241
-2.174,0.479
-2.201,-1.146
-2.439,1.136
-2.561,-0.203
-2.66,-1.282
-2.68,0.07
-3.123,-0.072
-3.108,-0.036
3.04,-1.091
2.944,0.62
2.766,0.985
2.614,-0.386
2.657,-0.69
2.654,-1.156
2.535,0.851
2.656,-1.077
2.622,-0.872
2.482,2.611
2.469,2.646
2.464,-0.215
2.302,0.302
2.37,1.618
2.275,2.051
2.368,1.11
2.296,0.826
2.185,-0.038
2.023,2.313
1.905,-0.862
1.594,-0.862
1.523,1.452
1.495,2.591
1.432,1.836
1.435,1.572
1.4,2.565
1.488,-1.199
1.376,0.609
1.375,-1.135
1.372,0.045
1.345,0.076
0.802,-1.45
0.675,-1.473
0.508,-1.474
0.43,-1.299
-0.382,-1.381
-0.557,-1.639
-0.598,-1.319
-1.661,-1.395
-1.657,-1.613
-2.075,-1.382
-2.501,-1.429
-2.892,-1.606
2.722,-1.352
2.632,-1.328
2.592,-1.549
1.787,-1.494
0.741,3.118
0.641,2.944
-0.072,2.904
-0.062,2.956
-0.235,2.935
-2.25,3.051
3.01,2.837
2.569,2.817
2.497,2.908
1.721,3.086
0.694,1.441
-0.056,2.293
-1.751,-1.069
-2.701,0.199
-3.124,0.127
2.902,1.601
2.773,0.679
1.51,0.677
0.252,2.414
3.005,0.742
2.996,1.068
2.699,0.651
1.71,1.187
0.678,0.518
-2.088,0.568
-3.136,1.94
2.816,0.427
2.63,-1.506
-2.343,-1.214
2.816,-1.244
2.661,-0.904
0.042,3.571
0.038,1.346
-0.034,0.588
-0.121,1.501
-0.299,2.154
-0.447,2.439
-0.455,1.438
-0.481,1.424
-0.482,3.421
-0.614,2.547
-0.539,0.141
-0.522,3.023
-0.768,0.272
-0.69,0.179
-0.838,2.643
-0.926,0.016
-0.92,0.977
-0.948,0.235
-0.885,3.66
-0.928,3.688
-1.069,2.773
-1.352,0.176
-1.58,1.566
-1.623,3.992
-1.682,2.496
-1.831,1.514
-1.94,3.812
-2.039,1.622
-1.96,2.456
-2.053,1.694
-2.08,0.069
-2.318,2.351
-2.44,1.012
-2.539,-0.067
-2.559,1.285
-3.002,1.143
-2.987,1.179
-3.122,0.124
3.065,1.835
2.887,2.2
2.735,0.829
2.778,0.525
2.775,0.059
2.656,2.066
2.777,0.138
2.743,0.343
2.603,3.826
2.59,3.861
2.585,1.0
2.423,1.517
2.491,2.833
2.396,3.266
2.489,2.325
2.417,2.041
2.306,1.177
2.144,3.528
2.026,0.353
1.715,0.353
1.644,2.667
1.616,3.806
1.553,3.051
1.556,2.787
1.521,3.78
1.609,0.016
1.497,1.824
1.496,0.08
1.493,1.26
1.466,1.291
0.923,-0.235
0.796,-0.258
0.629,-0.259
0.551,-0.084
-0.261,-0.166
-0.436,-0.424
-0.477,-0.104
-1.54,-0.18
-1.536,-0.398
-1.954,-0.167
-2.38,-0.214
-2.771,-0.391
2.843,-0.137
2.753,-0.113
2.713,-0.334
1.908,-0.279
0.862,4.333
0.762,4.159
0.049,4.119
0.059,4.171
-0.114,4.15
-2.129,4.266
3.131,4.052
2.69,4.032
2.618,4.123
1.842,4.301
0.815,2.656
0.065,3.508
-1.63,0.146
-2.58,1.414
-3.003,1.342
3.023,2.816
2.894,1.894
1.631,1.892
0.373,3.629
3.126,1.957
3.117,2.283
2.82,1.866
1.831,2.402
0.799,1.733
-1.967,1.783
-3.015,3.155
2.937,1.642
2.751,-0.291
-2.222,0.001
2.937,-0.029
2.782,0.311
-0.004,-2.225
-0.076,-2.983
-0.163,-2.07
-0.341,-1.417
-0.489,-1.132
-0.497,-2.133
-0.523,-2.147
-0.524,-0.15
-0.656,-1.024
-0.581,-3.43
-0.564,-0.548
-0.81,-3.299
-0.732,-3.392
-0.88,-0.928
-0.968,-3.555
-0.962,-2.594
-0.99,-3.336
-0.927,0.089
-0.97,0.117
-1.111,-0.798
-1.394,-3.395
-1.622,-2.005
-1.665,0.421
-1.724,-1.075
-1.873,-2.057
-1.982,0.241
-2.081,-1.949
-2.002,-1.115
-2.095,-1.877
-2.122,-3.502
-2.36,-1.22
-2.482,-2.559
-2.581,-3.638
-2.601,-2.286
-3.044,-2.428
-3.029,-2.392
3.119,-3.447
3.023,-1.736
2.845,-1.371
2.693,-2.742
2.736,-3.046
2.733,-3.512
2.614,-1.505
2.735,-3.433
2.701,-3.228
2.561,0.255
2.548,0.29
2.543,-2.571
2.381,-2.054
2.449,-0.738
2.354,-0.305
2.447,-1.246
2.375,-1.53
2.264,-2.394
2.102,-0.043
1.984,-3.218
1.673,-3.218
1.602,-0.904
1.574,0.235
1.511,-0.52
1.514,-0.784
1.479,0.209
1.567,-3.555
1.455,-1.747
1.454,-3.491
1.451,-2.311
1.424,-2.28
0.881,-3.806
0.754,-3.829
0.587,-3.83
0.509,-3.655
-0.303,-3.737
-0.478,-3.995
-0.519,-3.675
-1.582,-3.751
-1.578,-3.969
-1.996,-3.738
-2.422,-3.785
-2.813,-3.962
2.801,-3.708
2.711,-3.684
2.671,-3.905
1.866,-3.85
0.82,0.762
0.72,0.588
0.007,0.548
0.017,0.6
-0.156,0.579
-2.171,0.695
3.089,0.481
2.648,0.461
2.576,0.552
1.8,0.73
0.773,-0.915
0.023,-0.063
-1.672,-3.425
-2.622,-2.157
-3.045,-2.229
2.981,-0.755
2.852,-1.677
1.589,-1.679
0.331,0.058
3.084,-1.614
3.075,-1.288
2.778,-1.705
1.789,-1.169
0.757,-1.838
-2.009,-1.788
-3.057,-0.416
2.895,-1.929
2.709,-3.862
-2.264,-3.57
2.895,-3.6
2.74,-3.26
-0.072,-0.758
-0.159,0.155
-0.337,0.808
-0.485,1.093
-0.493,0.092
-0.519,0.078
-0.52,2.075
-0.652,1.201
-0.577,-1.205
-0.56,1.677
-0.806,-1.074
-0.728,-1.167
-0.876,1.297
-0.964,-1.33
-0.958,-0.369
-0.986,-1.111
-0.923,2.314
-0.966,2.342
-1.107,1.427
-1.39,-1.17
-1.618,0.22
-1.661,2.646
-1.72,1.15
-1.869,0.168
-1.978,2.466
-2.077,0.276
-1.998,1.11
-2.091,0.348
-2.118,-1.277
-2.356,1.005
-2.478,-0.334
-2.577,-1.413
-2.597,-0.061
-3.04,-0.203
-3.025,-0.167
3.123,-1.222
3.027,0.489
2.849,0.854
2.697,-0.517
2.74,-0.821
2.737,-1.287
2.618,0.72
2.739,-1.208
2.705,-1.003
2.565,2.48
2.552,2.515
2.547,-0.346
2.385,0.171
2.453,1.487
2.358,1.92
2.451,0.979
2.379,0.695
2.268,-0.169
2.106,2.182
1.988,-0.993
1.677,-0.993
1.606,1.321
1.578,2.46
1.515,1.705
1.518,1.441
1.483,2.434
1.571,-1.33
1.459,0.478
1.458,-1.266
1.455,-0.086
1.428,-0.055
0.885,-1.581
0.758,-1.604
0.591,-1.605
0.513,-1.43
-0.299,-1.512
-0.474,-1.77
-0.515,-1.45
-1.578,-1.526
-1.574,-1.744
-1.992,-1.513
-2.418,-1.56
-2.809,-1.737
2.805,-1.483
2.715,-1.459
2.675,-1.68
1.87,-1.625
0.824,2.987
0.724,2.813
0.011,2.773
0.021,2.825
-0.152,2.804
-2.167,2.92
3.093,2.706
2.652,2.686
2.58,2.777
1.804,2.955
0.777,1.31
0.027,2.162
-1.668,-1.2
-2.618,0.068
-3.041,-0.004
2.985,1.47
2.856,0.548
1.593,0.546
0.335,2.283
3.088,0.611
3.079,0.937
2.782,0.52
1.793,1.056
0.761,0.387
-2.005,0.437
-3.053,1.809
2.899,0.296
2.713,-1.637
-2.26,-1.345
2.899,-1.375
2.744,-1.035
-0.087,0.913
-0.265,1.566
-0.413,1.851
-0.421,0.85
-0.447,0.836
-0.448,2.833
-0.58,1.959
-0.505,-0.447
-0.488,2.435
-0.734,-0.316
-0.656,-0.409
-0.804,2.055
-0.892,-0.572
-0.886,0.389
-0.914,-0.353
-0.851,3.072
-0.894,3.1
-1.035,2.185
-1.318,-0.412
-1.546,0.978
-1.589,3.404
-1.648,1.908
-1.797,0.926
-1.906,3.224
-2.005,1.034
-1.926,1.868
-2.019,1.106
-2.046,-0.519
-2.284,1.763
-2.406,0.424
-2.505,-0.655
-2.525,0.697
-2.968,0.555
-2.953,0.591
-3.088,-0.464
3.099,1.247
2.921,1.612
2.769,0.241
2.812,-0.063
2.809,-0.529
2.69,1.478
2.811,-0.45
2.777,-0.245
2.637,3.238
2.624,3.273
2.619,0.412
2.457,0.929
2.525,2.245
2.43,2.678
2.523,1.737
2.451,1.453
2.34,0.589
2.178,2.94
2.06,-0.235
1.749,-0.235
1.678,2.079
1.65,3.218
1.587,2.463
1.59,2.199
1.555,3.192
1.643,-0.572
1.531,1.236
1.53,-0.508
1.527,0.672
1.5,0.703
0.957,-0.823
0.83,-0.846
0.663,-0.847
0.585,-0.672
-0.227,-0.754
-0.402,-1.012
-0.443,-0.692
-1.506,-0.768
-1.502,-0.986
-1.92,-0.755
-2.346,-0.802
-2.737,-0.979
2.877,-0.725
2.787,-0.701
2.747,-0.922
1.942,-0.867
0.896,3.745
0.796,3.571
0.083,3.531
0.093,3.583
-0.08,3.562
-2.095,3.678
-3.118,3.464
2.724,3.444
2.652,3.535
1.876,3.713
0.849,2.068
0.099,2.92
-1.596,-0.442
-2.546,0.826
-2.969,0.754
3.057,2.228
2.928,1.306
1.665,1.304
0.407,3.041
-3.123,1.369
-3.132,1.695
2.854,1.278
1.865,1.814
0.833,1.145
-1.933,1.195
-2.981,2.567
2.971,1.054
2.785,-0.879
-2.188,-0.587
2.971,-0.617
2.816,-0.277
-0.178,0.653
-0.326,0.938
-0.334,-0.063
-0.36,-0.077
-0.361,1.92
-0.493,1.046
-0.418,-1.36
-0.401,1.522
-0.647,-1.229
-0.569,-1.322
-0.717,1.142
-0.805,-1.485
-0.799,-0.524
-0.827,-1.266
-0.764,2.159
-0.807,2.187
-0.948,1.272
-1.231,-1.325
-1.459,0.065
-1.502,2.491
-1.561,0.995
-1.71,0.013
-1.819,2.311
-1.918,0.121
-1.839,0.955
-1.932,0.193
-1.959,-1.432
-2.197,0.85
-2.319,-0.489
-2.418,-1.568
-2.438,-0.216
-2.881,-0.358
-2.866,-0.322
-3.001,-1.377
-3.097,0.334
3.008,0.699
2.856,-0.672
2.899,-0.976
2.896,-1.442
2.777,0.565
2.898,-1.363
2.864,-1.158
2.724,2.325
2.711,2.36
2.706,-0.501
2.544,0.016
2.612,1.332
2.517,1.765
2.61,0.824
2.538,0.54
2.427,-0.324
2.265,2.027
2.147,-1.148
1.836,-1.148
1.765,1.166
1.737,2.305
1.674,1.55
1.677,1.286
1.642,2.279
1.73,-1.485
1.618,0.323
1.617,-1.421
1.614,-0.241
1.587,-0.21
1.044,-1.736
0.917,-1.759
0.75,-1.76
0.672,-1.585
-0.14,-1.667
-0.315,-1.925
-0.356,-1.605
-1.419,-1.681
-1.415,-1.899
-1.833,-1.668
-2.259,-1.715
-2.65,-1.892
2.964,-1.638
2.874,-1.614
2.834,-1.835
2.029,-1.78
0.983,2.832
0.883,2.658
0.17,2.618
0.18,2.67
0.007,2.649
-2.008,2.765
-3.031,2.551
2.811,2.531
2.739,2.622
1.963,2.8
0.936,1.155
0.186,2.007
-1.509,-1.355
-2.459,-0.087
-2.882,-0.159
-3.139,1.315
3.015,0.393
1.752,0.391
0.494,2.128
-3.036,0.456
-3.045,0.782
2.941,0.365
1.952,0.901
0.92,0.232
-1.846,0.282
-2.894,1.654
3.058,0.141
2.872,-1.792
-2.101,-1.5
3.058,-1.53
2.903,-1.19
-0.148,0.285
-0.156,-0.716
-0.182,-0.73
-0.183,1.267
-0.315,0.393
-0.24,-2.013
-0.223,0.869
-0.469,-1.882
-0.391,-1.975
-0.539,0.489
-0.627,-2.138
-0.621,-1.177
-0.649,-1.919
-0.586,1.506
-0.629,1.534
-0.77,0.619
-1.053,-1.978
-1.281,-0.588
-1.324,1.838
-1.383,0.342
-1.532,-0.64
-1.641,1.658
-1.74,-0.532
-1.661,0.302
-1.754,-0.46
-1.781,-2.085
-2.019,0.197
-2.141,-1.142
-2.24,-2.221
-2.26,-0.869
-2.703,-1.011
-2.688,-0.975
-2.823,-2.03
-2.919,-0.319
-3.097,0.046
3.034,-1.325
3.077,-1.629
3.074,-2.095
2.955,-0.088
3.076,-2.016
3.042,-1.811
2.902,1.672
2.889,1.707
2.884,-1.154
2.722,-0.637
2.79,0.679
2.695,1.112
2.788,0.171
2.716,-0.113
2.605,-0.977
2.443,1.374
2.325,-1.801
2.014,-1.801
1.943,0.513
1.915,1.652
1.852,0.897
1.855,0.633
1.82,1.626
1.908,-2.138
1.796,-0.33
1.795,-2.074
1.792,-0.894
1.765,-0.863
1.222,-2.389
1.095,-2.412
0.928,-2.413
0.85,-2.238
0.038,-2.32
-0.137,-2.578
-0.178,-2.258
-1.241,-2.334
-1.237,-2.552
-1.655,-2.321
-2.081,-2.368
-2.472,-2.545
-3.141,-2.291
3.052,-2.267
3.012,-2.488
2.207,-2.433
1.161,2.179
1.061,2.005
0.348,1.965
0.358,2.017
0.185,1.996
-1.83,2.112
-2.853,1.898
2.989,1.878
2.917,1.969
2.141,2.147
1.114,0.502
0.364,1.354
-1.331,-2.008
-2.281,-0.74
-2.704,-0.812
-2.961,0.662
-3.09,-0.26
1.93,-0.262
0.672,1.475
-2.858,-0.197
-2.867,0.129
3.119,-0.288
2.13,0.248
1.098,-0.421
-1.668,-0.371
-2.716,1.001
-3.047,-0.512
3.05,-2.445
-1.923,-2.153
-3.047,-2.183
3.081,-1.843
-0.008,-1.001
-0.034,-1.015
-0.035,0.982
-0.167,0.108
-0.092,-2.298
-0.075,0.584
-0.321,-2.167
-0.243,-2.26
-0.391,0.204
-0.479,-2.423
-0.473,-1.462
-0.501,-2.204
-0.438,1.221
-0.481,1.249
-0.622,0.334
-0.905,-2.263
-1.133,-0.873
-1.176,1.553
-1.235,0.057
-1.384,-0.925
-1.493,1.373
-1.592,-0.817
-1.513,0.017
-1.606,-0.745
-1.633,-2.37
-1.871,-0.088
-1.993,-1.427
-2.092,-2.506
-2.112,-1.154
-2.555,-1.296
-2.54,-1.26
-2.675,-2.315
-2.771,-0.604
-2.949,-0.239
-3.101,-1.61
-3.058,-1.914
-3.061,-2.38
3.103,-0.373
-3.059,-2.301
-3.093,-2.096
3.05,1.387
3.037,1.422
3.032,-1.439
2.87,-0.922
2.938,0.394
2.843,0.827
2.936,-0.114
2.864,-0.398
2.753,-1.262
2.591,1.089
2.473,-2.086
2.162,-2.086
2.091,0.228
2.063,1.367
2.0,0.612
2.003,0.348
1.968,1.341
2.056,-2.423
1.944,-0.615
1.943,-2.359
1.94,-1.179
1.913,-1.148
1.37,-2.674
1.243,-2.697
1.076,-2.698
0.998,-2.523
0.186,-2.605
0.011,-2.863
-0.03,-2.543
-1.093,-2.619
-1.089,-2.837
-1.507,-2.606
-1.933,-2.653
-2.324,-2.83
-2.993,-2.576
-3.083,-2.552
-3.123,-2.773
2.355,-2.718
1.309,1.894
1.209,1.72
0.496,1.68
0.506,1.732
0.333,1.711
-1.682,1.827
-2.705,1.613
3.137,1.593
3.065,1.684
2.289,1.862
1.262,0.217
0.512,1.069
-1.183,-2.293
-2.133,-1.025
-2.556,-1.097
-2.813,0.377
-2.942,-0.545
2.078,-0.547
0.82,1.19
-2.71,-0.482
-2.719,-0.156
-3.016,-0.573
2.278,-0.037
1.246,-0.706
-1.52,-0.656
-2.568,0.716
-2.899,-0.797
-3.085,-2.73
-1.775,-2.438
-2.899,-2.468
-3.054,-2.128
-0.026,-0.014
-0.027,1.983
-0.159,1.109
-0.084,-1.297
-0.067,1.585
-0.313,-1.166
-0.235,-1.259
-0.383,1.205
-0.471,-1.422
-0.465,-0.461
-0.493,-1.203
-0.43,2.222
-0.473,2.25
-0.614,1.335
-0.897,-1.262
-1.125,0.128
-1.168,2.554
-1.227,1.058
-1.376,0.076
-1.485,2.374
-1.584,0.184
-1.505,1.018
-1.598,0.256
-1.625,-1.369
-1.863,0.913
-1.985,-0.426
-2.084,-1.505
-2.104,-0.153
-2.547,-0.295
-2.532,-0.259
-2.667,-1.314
-2.763,0.397
-2.941,0.762
-3.093,-0.609
-3.05,-0.913
-3.053,-1.379
3.111,0.628
-3.051,-1.3
-3.085,-1.095
3.058,2.388
3.045,2.423
3.04,-0.438
2.878,0.079
2.946,1.395
2.851,1.828
2.944,0.887
2.872,0.603
2.761,-0.261
2.599,2.09
2.481,-1.085
2.17,-1.085
2.099,1.229
2.071,2.368
2.008,1.613
2.011,1.349
1.976,2.342
2.064,-1.422
1.952,0.386
1.951,-1.358
1.948,-0.178
1.921,-0.147
1.378,-1.673
1.251,-1.696
1.084,-1.697
1.006,-1.522
0.194,-1.604
0.019,-1.862
-0.022,-1.542
-1.085,-1.618
-1.081,-1.836
-1.499,-1.605
-1.925,-1.652
-2.316,-1.829
-2.985,-1.575
-3.075,-1.551
-3.115,-1.772
2.363,-1.717
1.317,2.895
1.217,2.721
0.504,2.681
0.514,2.733
0.341,2.712
-1.674,2.828
-2.697,2.614
-3.138,2.594
3.073,2.685
2.297,2.863
1.27,1.218
0.52,2.07
-1.175,-1.292
-2.125,-0.024
-2.548,-0.096
-2.805,1.378
-2.934,0.456
2.086,0.454
0.828,2.191
-2.702,0.519
-2.711,0.845
-3.008,0.428
2.286,0.964
1.254,0.295
-1.512,0.345
-2.56,1.717
-2.891,0.204
-3.077,-1.729
-1.767,-1.437
-2.891,-1.467
-3.046,-1.127
-0.001,1.997
-0.133,1.123
-0.058,-1.283
-0.041,1.599
-0.287,-1.152
-0.209,-1.245
-0.357,1.219
-0.445,-1.408
-0.439,-0.447
-0.467,-1.189
-0.404,2.236
-0.447,2.264
-0.588,1.349
-0.871,-1.248
-1.099,0.142
-1.142,2.568
-1.201,1.072
-1.35,0.09
-1.459,2.388
-1.558,0.198
-1.479,1.032
-1.572,0.27
-1.599,-1.355
-1.837,0.927
-1.959,-0.412
-2.058,-1.491
-2.078,-0.139
-2.521,-0.281
-2.506,-0.245
-2.641,-1.3
-2.737,0.411
-2.915,0.776
-3.067,-0.595
-3.024,-0.899
-3.027,-1.365
3.137,0.642
-3.025,-1.286
-3.059,-1.081
3.084,2.402
3.071,2.437
3.066,-0.424
2.904,0.093
2.972,1.409
2.877,1.842
2.97,0.901
2.898,0.617
2.787,-0.247
2.625,2.104
2.507,-1.071
2.196,-1.071
2.125,1.243
2.097,2.382
2.034,1.627
2.037,1.363
2.002,2.356
2.09,-1.408
1.978,0.4
1.977,-1.344
1.974,-0.164
1.947,-0.133
1.404,-1.659
1.277,-1.682
1.11,-1.683
1.032,-1.508
0.22,-1.59
0.045,-1.848
0.004,-1.528
-1.059,-1.604
-1.055,-1.822
-1.473,-1.591
-1.899,-1.638
-2.29,-1.815
-2.959,-1.561
-3.049,-1.537
-3.089,-1.758
2.389,-1.703
1.343,2.909
1.243,2.735
0.53,2.695
0.54,2.747
0.367,2.726
-1.648,2.842
-2.671,2.628
-3.112,2.608
3.099,2.699
2.323,2.877
1.296,1.232
0.546,2.084
-1.149,-1.278
-2.099,-0.01
-2.522,-0.082
-2.779,1.392
-2.908,0.47
2.112,0.468
0.854,2.205
-2.676,0.533
-2.685,0.859
-2.982,0.442
2.312,0.978
1.28,0.309
-1.486,0.359
-2.534,1.731
-2.865,0.218
-3.051,-1.715
-1.741,-1.423
-2.865,-1.453
-3.02,-1.113
-0.132,-0.874
-0.057,-3.28
-0.04,-0.398
-0.286,-3.149
-0.208,-3.242
-0.356,-0.778
-0.444,-3.405
-0.438,-2.444
-0.466,-3.186
-0.403,0.239
-0.446,0.267
-0.587,-0.648
-0.87,-3.245
-1.098,-1.855
-1.141,0.571
-1.2,-0.925
-1.349,-1.907
-1.458,0.391
-1.557,-1.799
-1.478,-0.965
-1.571,-1.727
-1.598,-3.352
-1.836,-1.07
-1.958,-2.409
-2.057,-3.488
-2.077,-2.136
-2.52,-2.278
-2.505,-2.242
-2.64,-3.297
-2.736,-1.586
-2.914,-1.221
-3.066,-2.592
-3.023,-2.896
-3.026,-3.362
3.138,-1.355
-3.024,-3.283
-3.058,-3.078
3.085,0.405
3.072,0.44
3.067,-2.421
2.905,-1.904
2.973,-0.588
2.878,-0.155
2.971,-1.096
2.899,-1.38
2.788,-2.244
2.626,0.107
2.508,-3.068
2.197,-3.068
2.126,-0.754
2.098,0.385
2.035,-0.37
2.038,-0.634
2.003,0.359
2.091,-3.405
1.979,-1.597
1.978,-3.341
1.975,-2.161
1.948,-2.13
1.405,-3.656
1.278,-3.679
1.111,-3.68
1.033,-3.505
0.221,-3.587
0.046,-3.845
0.005,-3.525
-1.058,-3.601
-1.054,-3.819
-1.472,-3.588
-1.898,-3.635
-2.289,-3.812
-2.958,-3.558
-3.048,-3.534
-3.088,-3.755
2.39,-3.7
1.344,0.912
1.244,0.738
0.531,0.698
0.541,0.75
0.368,0.729
-1.647,0.845
-2.67,0.631
-3.111,0.611
3.1,0.702
2.324,0.88
1.297,-0.765
0.547,0.087
-1.148,-3.275
-2.098,-2.007
-2.521,-2.079
-2.778,-0.605
-2.907,-1.527
2.113,-1.529
0.855,0.208
-2.675,-1.464
-2.684,-1.138
-2.981,-1.555
2.313,-1.019
1.281,-1.688
-1.485,-1.638
-2.533,-0.266
-2.864,-1.779
-3.05,-3.712
-1.74,-3.42
-2.864,-3.45
-3.019,-3.11
0.075,-2.406
0.092,0.476
-0.154,-2.275
-0.076,-2.368
-0.224,0.096
-0.312,-2.531
-0.306,-1.57
-0.334,-2.312
-0.271,1.113
-0.314,1.141
-0.455,0.226
-0.738,-2.371
-0.966,-0.981
-1.009,1.445
-1.068,-0.051
-1.217,-1.033
-1.326,1.265
-1.425,-0.925
-1.346,-0.091
-1.439,-0.853
-1.466,-2.478
-1.704,-0.196
-1.826,-1.535
-1.925,-2.614
-1.945,-1.262
-2.388,-1.404
-2.373,-1.368
-2.508,-2.423
-2.604,-0.712
-2.782,-0.347
-2.934,-1.718
-2.891,-2.022
-2.894,-2.488
-3.013,-0.481
-2.892,-2.409
-2.926,-2.204
-3.066,1.279
-3.079,1.314
-3.084,-1.547
3.037,-1.03
3.105,0.286
3.01,0.719
3.103,-0.222
3.031,-0.506
2.92,-1.37
2.758,0.981
2.64,-2.194
2.329,-2.194
2.258,0.12
2.23,1.259
2.167,0.504
2.17,0.24
2.135,1.233
2.223,-2.531
2.111,-0.723
2.11,-2.467
2.107,-1.287
2.08,-1.256
1.537,-2.782
1.41,-2.805
1.243,-2.806
1.165,-2.631
0.353,-2.713
0.178,-2.971
0.137,-2.651
-0.926,-2.727
-0.922,-2.945
-1.34,-2.714
-1.766,-2.761
-2.157,-2.938
-2.826,-2.684
-2.916,-2.66
-2.956,-2.881
2.522,-2.826
1.476,1.786
1.376,1.612
0.663,1.572
0.673,1.624
0.5,1.603
-1.515,1.719
-2.538,1.505
-2.979,1.485
-3.051,1.576
2.456,1.754
1.429,0.109
0.679,0.961
-1.016,-2.401
-1.966,-1.133
-2.389,-1.205
-2.646,0.269
-2.775,-0.653
2.245,-0.655
0.987,1.082
-2.543,-0.59
-2.552,-0.264
-2.849,-0.681
2.445,-0.145
1.413,-0.814
-1.353,-0.764
-2.401,0.608
-2.732,-0.905
-2.918,-2.838
-1.608,-2.546
-2.732,-2.576
-2.887,-2.236
0.017,2.882
-0.229,0.131
-0.151,0.038
-0.299,2.502
-0.387,-0.125
-0.381,0.836
-0.409,0.094
-0.346,3.519
-0.389,3.547
-0.53,2.632
-0.813,0.035
-1.041,1.425
-1.084,3.851
-1.143,2.355
-1.292,1.373
-1.401,3.671
-1.5,1.481
-1.421,2.315
-1.514,1.553
-1.541,-0.072
-1.779,2.21
-1.901,0.871
-2.0,-0.208
-2.02,1.144
-2.463,1.002
-2.448,1.038
-2.583,-0.017
-2.679,1.694
-2.857,2.059
-3.009,0.688
-2.966,0.384
-2.969,-0.082
-3.088,1.925
-2.967,-0.003
-3.001,0.202
-3.141,3.685
3.129,3.72
3.124,0.859
2.962,1.376
3.03,2.692
2.935,3.125
3.028,2.184
2.956,1.9
2.845,1.036
2.683,3.387
2.565,0.212
2.254,0.212
2.183,2.526
2.155,3.665
2.092,2.91
2.095,2.646
2.06,3.639
2.148,-0.125
2.036,1.683
2.035,-0.061
2.032,1.119
2.005,1.15
1.462,-0.376
1.335,-0.399
1.168,-0.4
1.09,-0.225
0.278,-0.307
0.103,-0.565
0.062,-0.245
-1.001,-0.321
-0.997,-0.539
-1.415,-0.308
-1.841,-0.355
-2.232,-0.532
-2.901,-0.278
-2.991,-0.254
-3.031,-0.475
2.447,-0.42
1.401,4.192
1.301,4.018
0.588,3.978
0.598,4.03
0.425,4.009
-1.59,4.125
-2.613,3.911
-3.054,3.891
-3.126,3.982
2.381,4.16
1.354,2.515
0.604,3.367
-1.091,0.005
-2.041,1.273
-2.464,1.201
-2.721,2.675
-2.85,1.753
2.17,1.751
0.912,3.488
-2.618,1.816
-2.627,2.142
-2.924,1.725
2.37,2.261
1.338,1.592
-1.428,1.642
-2.476,3.014
-2.807,1.501
-2.993,-0.432
-1.683,-0.14
-2.807,-0.17
-2.962,0.17
-0.246,-2.751
-0.168,-2.844
-0.316,-0.38
-0.404,-3.007
-0.398,-2.046
-0.426,-2.788
-0.363,0.637
-0.406,0.665
-0.547,-0.25
-0.83,-2.847
-1.058,-1.457
-1.101,0.969
-1.16,-0.527
-1.309,-1.509
-1.418,0.789
-1.517,-1.401
-1.438,-0.567
-1.531,-1.329
-1.558,-2.954
-1.796,-0.672
-1.918,-2.011
-2.017,-3.09
-2.037,-1.738
-2.48,-1.88
-2.465,-1.844
-2.6,-2.899
-2.696,-1.188
-2.874,-0.823
-3.026,-2.194
-2.983,-2.498
-2.986,-2.964
-3.105,-0.957
-2.984,-2.885
-3.018,-2.68
3.125,0.803
3.112,0.838
3.107,-2.023
2.945,-1.506
3.013,-0.19
2.918,0.243
3.011,-0.698
2.939,-0.982
2.828,-1.846
2.666,0.505
2.548,-2.67
2.237,-2.67
2.166,-0.356
2.138,0.783
2.075,0.028
2.078,-0.236
2.043,0.757
2.131,-3.007
2.019,-1.199
2.018,-2.943
2.015,-1.763
1.988,-1.732
1.445,-3.258
1.318,-3.281
1.151,-3.282
1.073,-3.107
0.261,-3.189
0.086,-3.447
0.045,-3.127
-1.018,-3.203
-1.014,-3.421
-1.432,-3.19
-1.858,-3.237
-2.249,-3.414
-2.918,-3.16
-3.008,-3.136
-3.048,-3.357
2.43,-3.302
1.384,1.31
1.284,1.136
0.571,1.096
0.581,1.148
0.408,1.127
-1.607,1.243
-2.63,1.029
-3.071,1.009
3.14,1.1
2.364,1.278
1.337,-0.367
0.587,0.485
-1.108,-2.877
-2.058,-1.609
-2.481,-1.681
-2.738,-0.207
-2.867,-1.129
2.153,-1.131
0.895,0.606
-2.635,-1.066
-2.644,-0.74
-2.941,-1.157
2.353,-0.621
1.321,-1.29
-1.445,-1.24
-2.493,0.132
-2.824,-1.381
-3.01,-3.314
-1.7,-3.022
-2.824,-3.052
-2.979,-2.712
0.078,-0.093
-0.07,2.371
-0.158,-0.256
-0.152,0.705
-0.18,-0.037
-0.117,3.388
-0.16,3.416
-0.301,2.501
-0.584,-0.096
-0.812,1.294
-0.855,3.72
-0.914,2.224
-1.063,1.242
-1.172,3.54
-1.271,1.35
-1.192,2.184
-1.285,1.422
-1.312,-0.203
-1.55,2.079
-1.672,0.74
-1.771,-0.339
-1.791,1.013
-2.234,0.871
-2.219,0.907
-2.354,-0.148
-2.45,1.563
-2.628,1.928
-2.78,0.557
-2.737,0.253
-2.74,-0.213
-2.859,1.794
-2.738,-0.134
-2.772,0.071
-2.912,3.554
-2.925,3.589
-2.93,0.728
-3.092,1.245
-3.024,2.561
-3.119,2.994
-3.026,2.053
-3.098,1.769
3.074,0.905
2.912,3.256
2.794,0.081
2.483,0.081
2.412,2.395
2.384,3.534
2.321,2.779
2.324,2.515
2.289,3.508
2.377,-0.256
2.265,1.552
2.264,-0.192
2.261,0.988
2.234,1.019
1.691,-0.507
1.564,-0.53
1.397,-0.531
1.319,-0.356
0.507,-0.438
0.332,-0.696
0.291,-0.376
-0.772,-0.452
-0.768,-0.67
-1.186,-0.439
-1.612,-0.486
-2.003,-0.663
-2.672,-0.409
-2.762,-0.385
-2.802,-0.606
2.676,-0.551
1.63,4.061
1.53,3.887
0.817,3.847
0.827,3.899
0.654,3.878
-1.361,3.994
-2.384,3.78
-2.825,3.76
-2.897,3.851
2.61,4.029
1.583,2.384
0.833,3.236
-0.862,-0.126
-1.812,1.142
-2.235,1.07
-2.492,2.544
-2.621,1.622
2.399,1.62
1.141,3.357
-2.389,1.685
-2.398,2.011
-2.695,1.594
2.599,2.13
1.567,1.461
-1.199,1.511
-2.247,2.883
-2.578,1.37
-2.764,-0.563
-1.454,-0.271
-2.578,-0.301
-2.733,0.039
-0.148,2.464
-0.236,-0.163
-0.23,0.798
-0.258,0.056
-0.195,3.481
-0.238,3.509
-0.379,2.594
-0.662,-0.003
-0.89,1.387
-0.933,3.813
-0.992,2.317
-1.141,1.335
-1.25,3.633
-1.349,1.443
-1.27,2.277
-1.363,1.515
-1.39,-0.11
-1.628,2.172
-1.75,0.833
-1.849,-0.246
-1.869,1.106
-2.312,0.964
-2.297,1.0
-2.432,-0.055
-2.528,1.656
-2.706,2.021
-2.858,0.65
-2.815,0.346
-2.818,-0.12
-2.937,1.887
-2.816,-0.041
-2.85,0.164
-2.99,3.647
-3.003,3.682
-3.008,0.821
3.113,1.338
-3.102,2.654
3.086,3.087
-3.104,2.146
3.107,1.862
2.996,0.998
2.834,3.349
2.716,0.174
2.405,0.174
2.334,2.488
2.306,3.627
2.243,2.872
2.246,2.608
2.211,3.601
2.299,-0.163
2.187,1.645
2.186,-0.099
2.183,1.081
2.156,1.112
1.613,-0.414
1.486,-0.437
1.319,-0.438
1.241,-0.263
0.429,-0.345
0.254,-0.603
0.213,-0.283
-0.85,-0.359
-0.846,-0.577
-1.264,-0.346
-1.69,-0.393
-2.081,-0.57
-2.75,-0.316
-2.84,-0.292
-2.88,-0.513
2.598,-0.458
1.552,4.154
1.452,3.98
0.739,3.94
0.749,3.992
0.576,3.971
-1.439,4.087
-2.462,3.873
-2.903,3.853
-2.975,3.944
2.532,4.122
1.505,2.477
0.755,3.329
-0.94,-0.033
-1.89,1.235
-2.313,1.163
-2.57,2.637
-2.699,1.715
2.321,1.713
1.063,3.45
-2.467,1.778
-2.476,2.104
-2.773,1.687
2.521,2.223
1.489,1.554
-1.277,1.604
-2.325,2.976
-2.656,1.463
-2.842,-0.47
-1.532,-0.178
-2.656,-0.208
-2.811,0.132
-0.088,-2.627
-0.082,-1.666
-0.11,-2.408
-0.047,1.017
-0.09,1.045
-0.231,0.13
-0.514,-2.467
-0.742,-1.077
-0.785,1.349
-0.844,-0.147
-0.993,-1.129
-1.102,1.169
-1.201,-1.021
-1.122,-0.187
-1.215,-0.949
-1.242,-2.574
-1.48,-0.292
-1.602,-1.631
-1.701,-2.71
-1.721,-1.358
-2.164,-1.5
-2.149,-1.464
-2.284,-2.519
-2.38,-0.808
-2.558,-0.443
-2.71,-1.814
-2.667,-2.118
-2.67,-2.584
-2.789,-0.577
-2.668,-2.505
-2.702,-2.3
-2.842,1.183
-2.855,1.218
-2.86,-1.643
-3.022,-1.126
-2.954,0.19
-3.049,0.623
-2.956,-0.318
-3.028,-0.602
-3.139,-1.466
2.982,0.885
2.864,-2.29
2.553,-2.29
2.482,0.024
2.454,1.163
2.391,0.408
2.394,0.144
2.359,1.137
2.447,-2.627
2.335,-0.819
2.334,-2.563
2.331,-1.383
2.304,-1.352
1.761,-2.878
1.634,-2.901
1.467,-2.902
1.389,-2.727
0.577,-2.809
0.402,-3.067
0.361,-2.747
-0.702,-2.823
-0.698,-3.041
-1.116,-2.81
-1.542,-2.857
-1.933,-3.034
-2.602,-2.78
-2.692,-2.756
-2.732,-2.977
2.746,-2.922
1.7,1.69
1.6,1.516
0.887,1.476
0.897,1.528
0.724,1.507
-1.291,1.623
-2.314,1.409
-2.755,1.389
-2.827,1.48
2.68,1.658
1.653,0.013
0.903,0.865
-0.792,-2.497
-1.742,-1.229
-2.165,-1.301
-2.422,0.173
-2.551,-0.749
2.469,-0.751
1.211,0.986
-2.319,-0.686
-2.328,-0.36
-2.625,-0.777
2.669,-0.241
1.637,-0.91
-1.129,-0.86
-2.177,0.512
-2.508,-1.001
-2.694,-2.934
-1.384,-2.642
-2.508,-2.672
-2.663,-2.332
0.006,0.961
-0.022,0.219
0.041,3.644
-0.002,3.672
-0.143,2.757
-0.426,0.16
-0.654,1.55
-0.697,3.976
-0.756,2.48
-0.905,1.498
-1.014,3.796
-1.113,1.606
-1.034,2.44
-1.127,1.678
-1.154,0.053
-1.392,2.335
-1.514,0.996
-1.613,-0.083
-1.633,1.269
-2.076,1.127
-2.061,1.163
-2.196,0.108
-2.292,1.819
-2.47,2.184
-2.622,0.813
-2.579,0.509
-2.582,0.043
-2.701,2.05
-2.58,0.122
-2.614,0.327
-2.754,3.81
-2.767,3.845
-2.772,0.984
-2.934,1.501
-2.866,2.817
-2.961,3.25
-2.868,2.309
-2.94,2.025
-3.051,1.161
3.07,3.512
2.952,0.337
2.641,0.337
2.57,2.651
2.542,3.79
2.479,3.035
2.482,2.771
2.447,3.764
2.535,0.0
2.423,1.808
2.422,0.064
2.419,1.244
2.392,1.275
1.849,-0.251
1.722,-0.274
1.555,-0.275
1.477,-0.1
0.665,-0.182
0.49,-0.44
0.449,-0.12
-0.614,-0.196
-0.61,-0.414
-1.028,-0.183
-1.454,-0.23
-1.845,-0.407
-2.514,-0.153
-2.604,-0.129
-2.644,-0.35
2.834,-0.295
1.788,4.317
1.688,4.143
0.975,4.103
0.985,4.155
0.812,4.134
-1.203,4.25
-2.226,4.036
-2.667,4.016
-2.739,4.107
2.768,4.285
1.741,2.64
0.991,3.492
-0.704,0.13
-1.654,1.398
-2.077,1.326
-2.334,2.8
-2.463,1.878
2.557,1.876
1.299,3.613
-2.231,1.941
-2.24,2.267
-2.537,1.85
2.757,2.386
1.725,1.717
-1.041,1.767
-2.089,3.139
-2.42,1.626
-2.606,-0.307
-1.296,-0.015
-2.42,-0.045
-2.575,0.295
-0.028,-0.742
0.035,2.683
-0.008,2.711
-0.149,1.796
-0.432,-0.801
-0.66,0.589
-0.703,3.015
-0.762,1.519
-0.911,0.537
-1.02,2.835
-1.119,0.645
-1.04,1.479
-1.133,0.717
-1.16,-0.908
-1.398,1.374
-1.52,0.035
-1.619,-1.044
-1.639,0.308
-2.082,0.166
-2.067,0.202
-2.202,-0.853
-2.298,0.858
-2.476,1.223
-2.628,-0.148
-2.585,-0.452
-2.588,-0.918
-2.707,1.089
-2.586,-0.839
-2.62,-0.634
-2.76,2.849
-2.773,2.884
-2.778,0.023
-2.94,0.54
-2.872,1.856
-2.967,2.289
-2.874,1.348
-2.946,1.064
-3.057,0.2
3.064,2.551
2.946,-0.624
2.635,-0.624
2.564,1.69
2.536,2.829
2.473,2.074
2.476,1.81
2.441,2.803
2.529,-0.961
2.417,0.847
2.416,-0.897
2.413,0.283
2.386,0.314
1.843,-1.212
1.716,-1.235
1.549,-1.236
1.471,-1.061
0.659,-1.143
0.484,-1.401
0.443,-1.081
-0.62,-1.157
-0.616,-1.375
-1.034,-1.144
-1.46,-1.191
-1.851,-1.368
-2.52,-1.114
-2.61,-1.09
-2.65,-1.311
2.828,-1.256
1.782,3.356
1.682,3.182
0.969,3.142
0.979,3.194
0.806,3.173
-1.209,3.289
-2.232,3.075
-2.673,3.055
-2.745,3.146
2.762,3.324
1.735,1.679
0.985,2.531
-0.71,-0.831
-1.66,0.437
-2.083,0.365
-2.34,1.839
-2.469,0.917
2.551,0.915
1.293,2.652
-2.237,0.98
-2.246,1.306
-2.543,0.889
2.751,1.425
1.719,0.756
-1.047,0.806
-2.095,2.178
-2.426,0.665
-2.612,-1.268
-1.302,-0.976
-2.426,-1.006
-2.581,-0.666
0.063,3.425
0.02,3.453
-0.121,2.538
-0.404,-0.059
-0.632,1.331
-0.675,3.757
-0.734,2.261
-0.883,1.279
-0.992,3.577
-1.091,1.387
-1.012,2.221
-1.105,1.459
-1.132,-0.166
-1.37,2.116
-1.492,0.777
-1.591,-0.302
-1.611,1.05
-2.054,0.908
-2.039,0.944
-2.174,-0.111
-2.27,1.6
-2.448,1.965
-2.6,0.594
-2.557,0.29
-2.56,-0.176
-2.679,1.831
-2.558,-0.097
-2.592,0.108
-2.732,3.591
-2.745,3.626
-2.75,0.765
-2.912,1.282
-2.844,2.598
-2.939,3.031
-2.846,2.09
-2.918,1.806
-3.029,0.942
3.092,3.293
2.974,0.118
2.663,0.118
2.592,2.432
2.564,3.571
2.501,2.816
2.504,2.552
2.469,3.545
2.557,-0.219
2.445,1.589
2.444,-0.155
2.441,1.025
2.414,1.056
1.871,-0.47
1.744,-0.493
1.577,-0.494
1.499,-0.319
0.687,-0.401
0.512,-0.659
0.471,-0.339
-0.592,-0.415
-0.588,-0.633
-1.006,-0.402
-1.432,-0.449
-1.823,-0.626
-2.492,-0.372
-2.582,-0.348
-2.622,-0.569
2.856,-0.514
1.81,4.098
1.71,3.924
0.997,3.884
1.007,3.936
0.834,3.915
-1.181,4.031
-2.204,3.817
-2.645,3.797
-2.717,3.888
2.79,4.066
1.763,2.421
1.013,3.273
-0.682,-0.089
-1.632,1.179
-2.055,1.107
-2.312,2.581
-2.441,1.659
2.579,1.657
1.321,3.394
-2.209,1.722
-2.218,2.048
-2.515,1.631
2.779,2.167
1.747,1.498
-1.019,1.548
-2.067,2.92
-2.398,1.407
-2.584,-0.526
-1.274,-0.234
-2.398,-0.264
-2.553,0.076
-0.043,0.028
-0.184,-0.887
-0.467,-3.484
-0.695,-2.094
-0.738,0.332
-0.797,-1.164
-0.946,-2.146
-1.055,0.152
-1.154,-2.038
-1.075,-1.204
-1.168,-1.966
-1.195,-3.591
-1.433,-1.309
-1.555,-2.648
-1.654,-3.727
-1.674,-2.375
-2.117,-2.517
-2.102,-2.481
-2.237,-3.536
-2.333,-1.825
-2.511,-1.46
-2.663,-2.831
-2.62,-3.135
-2.623,-3.601
-2.742,-1.594
-2.621,-3.522
-2.655,-3.317
-2.795,0.166
-2.808,0.201
-2.813,-2.66
-2.975,-2.143
-2.907,-0.827
-3.002,-0.394
-2.909,-1.335
-2.981,-1.619
-3.092,-2.483
3.029,-0.132
2.911,-3.307
2.6,-3.307
2.529,-0.993
2.501,0.146
2.438,-0.609
2.441,-0.873
2.406,0.12
2.494,-3.644
2.382,-1.836
2.381,-3.58
2.378,-2.4
2.351,-2.369
1.808,-3.895
1.681,-3.918
1.514,-3.919
1.436,-3.744
0.624,-3.826
0.449,-4.084
0.408,-3.764
-0.655,-3.84
-0.651,-4.058
-1.069,-3.827
-1.495,-3.874
-1.886,-4.051
-2.555,-3.797
-2.645,-3.773
-2.685,-3.994
2.793,-3.939
1.747,0.673
1.647,0.499
0.934,0.459
0.944,0.511
0.771,0.49
-1.244,0.606
-2.267,0.392
-2.708,0.372
-2.78,0.463
2.727,0.641
1.7,-1.004
0.95,-0.152
-0.745,-3.514
-1.695,-2.246
-2.118,-2.318
-2.375,-0.844
-2.504,-1.766
2.516,-1.768
1.258,-0.031
-2.272,-1.703
-2.281,-1.377
-2.578,-1.794
2.716,-1.258
1.684,-1.927
-1.082,-1.877
-2.13,-0.505
-2.461,-2.018
-2.647,-3.951
-1.337,-3.659
-2.461,-3.689
-2.616,-3.349
-0.141,-0.915
-0.424,-3.512
-0.652,-2.122
-0.695,0.304
-0.754,-1.192
-0.903,-2.174
-1.012,0.124
-1.111,-2.066
-1.032,-1.232
-1.125,-1.994
-1.152,-3.619
-1.39,-1.337
-1.512,-2.676
-1.611,-3.755
-1.631,-2.403
-2.074,-2.545
-2.059,-2.509
-2.194,-3.564
-2.29,-1.853
-2.468,-1.488
-2.62,-2.859
-2.577,-3.163
-2.58,-3.629
-2.699,-1.622
-2.578,-3.55
-2.612,-3.345
-2.752,0.138
-2.765,0.173
-2.77,-2.688
-2.932,-2.171
-2.864,-0.855
-2.959,-0.422
-2.866,-1.363
-2.938,-1.647
-3.049,-2.511
3.072,-0.16
2.954,-3.335
2.643,-3.335
2.572,-1.021
2.544,0.118
2.481,-0.637
2.484,-0.901
2.449,0.092
2.537,-3.672
2.425,-1.864
2.424,-3.608
2.421,-2.428
2.394,-2.397
1.851,-3.923
1.724,-3.946
1.557,-3.947
1.479,-3.772
0.667,-3.854
0.492,-4.112
0.451,-3.792
-0.612,-3.868
-0.608,-4.086
-1.026,-3.855
-1.452,-3.902
-1.843,-4.079
-2.512,-3.825
-2.602,-3.801
-2.642,-4.022
2.836,-3.967
1.79,0.645
1.69,0.471
0.977,0.431
0.987,0.483
0.814,0.462
-1.201,0.578
-2.224,0.364
-2.665,0.344
-2.737,0.435
2.77,0.613
1.743,-1.032
0.993,-0.18
-0.702,-3.542
-1.652,-2.274
-2.075,-2.346
-2.332,-0.872
-2.461,-1.794
2.559,-1.796
1.301,-0.059
-2.229,-1.731
-2.238,-1.405
-2.535,-1.822
2.759,-1.286
1.727,-1.955
-1.039,-1.905
-2.087,-0.533
-2.418,-2.046
-2.604,-3.979
-1.294,-3.687
-2.418,-3.717
-2.573,-3.377
-0.283,-2.597
-0.511,-1.207
-0.554,1.219
-0.613,-0.277
-0.762,-1.259
-0.871,1.039
-0.97,-1.151
-0.891,-0.317
-0.984,-1.079
-1.011,-2.704
-1.249,-0.422
-1.371,-1.761
-1.47,-2.84
-1.49,-1.488
-1.933,-1.63
-1.918,-1.594
-2.053,-2.649
-2.149,-0.938
-2.327,-0.573
-2.479,-1.944
-2.436,-2.248
-2.439,-2.714
-2.558,-0.707
-2.437,-2.635
-2.471,-2.43
-2.611,1.053
-2.624,1.088
-2.629,-1.773
-2.791,-1.256
-2.723,0.06
-2.818,0.493
-2.725,-0.448
-2.797,-0.732
-2.908,-1.596
-3.07,0.755
3.095,-2.42
2.784,-2.42
2.713,-0.106
2.685,1.033
2.622,0.278
2.625,0.014
2.59,1.007
2.678,-2.757
2.566,-0.949
2.565,-2.693
2.562,-1.513
2.535,-1.482
1.992,-3.008
1.865,-3.031
1.698,-3.032
1.62,-2.857
0.808,-2.939
0.633,-3.197
0.592,-2.877
-0.471,-2.953
-0.467,-3.171
-0.885,-2.94
-1.311,-2.987
-1.702,-3.164
-2.371,-2.91
-2.461,-2.886
-2.501,-3.107
2.977,-3.052
1.931,1.56
1.831,1.386
1.118,1.346
1.128,1.398
0.955,1.377
-1.06,1.493
-2.083,1.279
-2.524,1.259
-2.596,1.35
2.911,1.528
1.884,-0.117
1.134,0.735
-0.561,-2.627
-1.511,-1.359
-1.934,-1.431
-2.191,0.043
-2.32,-0.879
2.7,-0.881
1.442,0.856
-2.088,-0.816
-2.097,-0.49
-2.394,-0.907
2.9,-0.371
1.868,-1.04
-0.898,-0.99
-1.946,0.382
-2.277,-1.131
-2.463,-3.064
-1.153,-2.772
-2.277,-2.802
-2.432,-2.462
-0.228,1.39
-0.271,3.816
-0.33,2.32
-0.479,1.338
-0.588,3.636
-0.687,1.446
-0.608,2.28
-0.701,1.518
-0.728,-0.107
-0.966,2.175
-1.088,0.836
-1.187,-0.243
-1.207,1.109
-1.65,0.967
-1.635,1.003
-1.77,-0.052
-1.866,1.659
-2.044,2.024
-2.196,0.653
-2.153,0.349
-2.156,-0.117
-2.275,1.89
-2.154,-0.038
-2.188,0.167
-2.328,3.65
-2.341,3.685
-2.346,0.824
-2.508,1.341
-2.44,2.657
-2.535,3.09
-2.442,2.149
-2.514,1.865
-2.625,1.001
-2.787,3.352
-2.905,0.177
3.067,0.177
2.996,2.491
2.968,3.63
2.905,2.875
2.908,2.611
2.873,3.604
2.961,-0.16
2.849,1.648
2.848,-0.096
2.845,1.084
2.818,1.115
2.275,-0.411
2.148,-0.434
1.981,-0.435
1.903,-0.26
1.091,-0.342
0.916,-0.6
0.875,-0.28
-0.188,-0.356
-0.184,-0.574
-0.602,-0.343
-1.028,-0.39
-1.419,-0.567
-2.088,-0.313
-2.178,-0.289
-2.218,-0.51
-3.023,-0.455
2.214,4.157
2.114,3.983
1.401,3.943
1.411,3.995
1.238,3.974
-0.777,4.09
-1.8,3.876
-2.241,3.856
-2.313,3.947
-3.089,4.125
2.167,2.48
1.417,3.332
-0.278,-0.03
-1.228,1.238
-1.651,1.166
-1.908,2.64
-2.037,1.718
2.983,1.716
1.725,3.453
-1.805,1.781
-1.814,2.107
-2.111,1.69
-3.1,2.226
2.151,1.557
-0.615,1.607
-1.663,2.979
-1.994,1.466
-2.18,-0.467
-0.87,-0.175
-1.994,-0.205
-2.149,0.135
-0.043,2.426
-0.102,0.93
-0.251,-0.052
-0.36,2.246
-0.459,0.056
-0.38,0.89
-0.473,0.128
-0.5,-1.497
-0.738,0.785
-0.86,-0.554
-0.959,-1.633
-0.979,-0.281
-1.422,-0.423
-1.407,-0.387
-1.542,-1.442
-1.638,0.269
-1.816,0.634
-1.968,-0.737
-1.925,-1.041
-1.928,-1.507
-2.047,0.5
-1.926,-1.428
-1.96,-1.223
-2.1,2.26
-2.113,2.295
-2.118,-0.566
-2.28,-0.049
-2.212,1.267
-2.307,1.7
-2.214,0.759
-2.286,0.475
-2.397,-0.389
-2.559,1.962
-2.677,-1.213
-2.988,-1.213
-3.059,1.101
-3.087,2.24
3.133,1.485
3.136,1.221
3.101,2.214
-3.094,-1.55
3.077,0.258
3.076,-1.486
3.073,-0.306
3.046,-0.275
2.503,-1.801
2.376,-1.824
2.209,-1.825
2.131,-1.65
1.319,-1.732
1.144,-1.99
1.103,-1.67
0.04,-1.746
0.044,-1.964
-0.374,-1.733
-0.8,-1.78
-1.191,-1.957
-1.86,-1.703
-1.95,-1.679
-1.99,-1.9
-2.795,-1.845
2.442,2.767
2.342,2.593
1.629,2.553
1.639,2.605
1.466,2.584
-0.549,2.7
-1.572,2.486
-2.013,2.466
-2.085,2.557
-2.861,2.735
2.395,1.09
1.645,1.942
-0.05,-1.42
-1.0,-0.152
-1.423,-0.224
-1.68,1.25
-1.809,0.328
-3.072,0.326
1.953,2.063
-1.577,0.391
-1.586,0.717
-1.883,0.3
-2.872,0.836
2.379,0.167
-0.387,0.217
-1.435,1.589
-1.766,0.076
-1.952,-1.857
-0.642,-1.565
-1.766,-1.595
-1.921,-1.255
-0.059,-1.496
-0.208,-2.478
-0.317,-0.18
-0.416,-2.37
-0.337,-1.536
-0.43,-2.298
-0.457,-3.923
-0.695,-1.641
-0.817,-2.98
-0.916,-4.059
-0.936,-2.707
-1.379,-2.849
-1.364,-2.813
-1.499,-3.868
-1.595,-2.157
-1.773,-1.792
-1.925,-3.163
-1.882,-3.467
-1.885,-3.933
-2.004,-1.926
-1.883,-3.854
-1.917,-3.649
-2.057,-0.166
-2.07,-0.131
-2.075,-2.992
-2.237,-2.475
-2.169,-1.159
-2.264,-0.726
-2.171,-1.667
-2.243,-1.951
-2.354,-2.815
-2.516,-0.464
-2.634,-3.639
-2.945,-3.639
-3.016,-1.325
-3.044,-0.186
-3.107,-0.941
-3.104,-1.205
-3.139,-0.212
-3.051,-3.976
3.12,-2.168
3.119,-3.912
3.116,-2.732
3.089,-2.701
2.546,-4.227
2.419,-4.25
2.252,-4.251
2.174,-4.076
1.362,-4.158
1.187,-4.416
1.146,-4.096
0.083,-4.172
0.087,-4.39
-0.331,-4.159
-0.757,-4.206
-1.148,-4.383
-1.817,-4.129
-1.907,-4.105
-1.947,-4.326
-2.752,-4.271
2.485,0.341
2.385,0.167
1.672,0.127
1.682,0.179
1.509,0.158
-0.506,0.274
-1.529,0.06
-1.97,0.04
-2.042,0.131
-2.818,0.309
2.438,-1.336
1.688,-0.484
-0.007,-3.846
-0.957,-2.578
-1.38,-2.65
-1.637,-1.176
-1.766,-2.098
-3.029,-2.1
1.996,-0.363
-1.534,-2.035
-1.543,-1.709
-1.84,-2.126
-2.829,-1.59
2.422,-2.259
-0.344,-2.209
-1.392,-0.837
-1.723,-2.35
-1.909,-4.283
-0.599,-3.991
-1.723,-4.021
-1.878,-3.681
-0.149,-0.982
-0.258,1.316
-0.357,-0.874
-0.278,-0.04
-0.371,-0.802
-0.398,-2.427
-0.636,-0.145
-0.758,-1.484
-0.857,-2.563
-0.877,-1.211
-1.32,-1.353
-1.305,-1.317
-1.44,-2.372
-1.536,-0.661
-1.714,-0.296
-1.866,-1.667
-1.823,-1.971
-1.826,-2.437
-1.945,-0.43
-1.824,-2.358
-1.858,-2.153
-1.998,1.33
-2.011,1.365
-2.016,-1.496
-2.178,-0.979
-2.11,0.337
-2.205,0.77
-2.112,-0.171
-2.184,-0.455
-2.295,-1.319
-2.457,1.032
-2.575,-2.143
-2.886,-2.143
-2.957,0.171
-2.985,1.31
-3.048,0.555
-3.045,0.291
-3.08,1.284
-2.992,-2.48
-3.104,-0.672
-3.105,-2.416
-3.108,-1.236
-3.135,-1.205
2.605,-2.731
2.478,-2.754
2.311,-2.755
2.233,-2.58
1.421,-2.662
1.246,-2.92
1.205,-2.6
0.142,-2.676
0.146,-2.894
-0.272,-2.663
-0.698,-2.71
-1.089,-2.887
-1.758,-2.633
-1.848,-2.609
-1.888,-2.83
-2.693,-2.775
2.544,1.837
2.444,1.663
1.731,1.623
1.741,1.675
1.568,1.654
-0.447,1.77
-1.47,1.556
-1.911,1.536
-1.983,1.627
-2.759,1.805
2.497,0.16
1.747,1.012
0.052,-2.35
-0.898,-1.082
-1.321,-1.154
-1.578,0.32
-1.707,-0.602
-2.97,-0.604
2.055,1.133
-1.475,-0.539
-1.484,-0.213
-1.781,-0.63
-2.77,-0.094
2.481,-0.763
-0.285,-0.713
-1.333,0.659
-1.664,-0.854
-1.85,-2.787
-0.54,-2.495
-1.664,-2.525
-1.819,-2.185
-0.109,2.298
-0.208,0.108
-0.129,0.942
-0.222,0.18
-0.249,-1.445
-0.487,0.837
-0.609,-0.502
-0.708,-1.581
-0.728,-0.229
-1.171,-0.371
-1.156,-0.335
-1.291,-1.39
-1.387,0.321
-1.565,0.686
-1.717,-0.685
-1.674,-0.989
-1.677,-1.455
-1.796,0.552
-1.675,-1.376
-1.709,-1.171
-1.849,2.312
-1.862,2.347
-1.867,-0.514
-2.029,0.003
-1.961,1.319
-2.056,1.752
-1.963,0.811
-2.035,0.527
-2.146,-0.337
-2.308,2.014
-2.426,-1.161
-2.737,-1.161
-2.808,1.153
-2.836,2.292
-2.899,1.537
-2.896,1.273
-2.931,2.266
-2.843,-1.498
-2.955,0.31
-2.956,-1.434
-2.959,-0.254
-2.986,-0.223
2.754,-1.749
2.627,-1.772
2.46,-1.773
2.382,-1.598
1.57,-1.68
1.395,-1.938
1.354,-1.618
0.291,-1.694
0.295,-1.912
-0.123,-1.681
-0.549,-1.728
-0.94,-1.905
-1.609,-1.651
-1.699,-1.627
-1.739,-1.848
-2.544,-1.793
2.693,2.819
2.593,2.645
1.88,2.605
1.89,2.657
1.717,2.636
-0.298,2.752
-1.321,2.538
-1.762,2.518
-1.834,2.609
-2.61,2.787
2.646,1.142
1.896,1.994
0.201,-1.368
-0.749,-0.1
-1.172,-0.172
-1.429,1.302
-1.558,0.38
-2.821,0.378
2.204,2.115
-1.326,0.443
-1.335,0.769
-1.632,0.352
-2.621,0.888
2.63,0.219
-0.136,0.269
-1.184,1.641
-1.515,0.128
-1.701,-1.805
-0.391,-1.513
-1.515,-1.543
-1.67,-1.203
-0.099,-2.19
-0.02,-1.356
-0.113,-2.118
-0.14,-3.743
-0.378,-1.461
-0.5,-2.8
-0.599,-3.879
-0.619,-2.527
-1.062,-2.669
-1.047,-2.633
-1.182,-3.688
-1.278,-1.977
-1.456,-1.612
-1.608,-2.983
-1.565,-3.287
-1.568,-3.753
-1.687,-1.746
-1.566,-3.674
-1.6,-3.469
-1.74,0.014
-1.753,0.049
-1.758,-2.812
-1.92,-2.295
-1.852,-0.979
-1.947,-0.546
-1.854,-1.487
-1.926,-1.771
-2.037,-2.635
-2.199,-0.284
-2.317,-3.459
-2.628,-3.459
-2.699,-1.145
-2.727,-0.006
-2.79,-0.761
-2.787,-1.025
-2.822,-0.032
-2.734,-3.796
-2.846,-1.988
-2.847,-3.732
-2.85,-2.552
-2.877,-2.521
2.863,-4.047
2.736,-4.07
2.569,-4.071
2.491,-3.896
1.679,-3.978
1.504,-4.236
1.463,-3.916
0.4,-3.992
0.404,-4.21
-0.014,-3.979
-0.44,-4.026
-0.831,-4.203
-1.5,-3.949
-1.59,-3.925
-1.63,-4.146
-2.435,-4.091
2.802,0.521
2.702,0.347
1.989,0.307
1.999,0.359
1.826,0.338
-0.189,0.454
-1.212,0.24
-1.653,0.22
-1.725,0.311
-2.501,0.489
2.755,-1.156
2.005,-0.304
0.31,-3.666
-0.64,-2.398
-1.063,-2.47
-1.32,-0.996
-1.449,-1.918
-2.712,-1.92
2.313,-0.183
-1.217,-1.855
-1.226,-1.529
-1.523,-1.946
-2.512,-1.41
2.739,-2.079
-0.027,-2.029
-1.075,-0.657
-1.406,-2.17
-1.592,-4.103
-0.282,-3.811
-1.406,-3.841
-1.561,-3.501
0.079,0.834
-0.014,0.072
-0.041,-1.553
-0.279,0.729
-0.401,-0.61
-0.5,-1.689
-0.52,-0.337
-0.963,-0.479
-0.948,-0.443
-1.083,-1.498
-1.179,0.213
-1.357,0.578
-1.509,-0.793
-1.466,-1.097
-1.469,-1.563
-1.588,0.444
-1.467,-1.484
-1.501,-1.279
-1.641,2.204
-1.654,2.239
-1.659,-0.622
-1.821,-0.105
-1.753,1.211
-1.848,1.644
-1.755,0.703
-1.827,0.419
-1.938,-0.445
-2.1,1.906
-2.218,-1.269
-2.529,-1.269
-2.6,1.045
-2.628,2.184
-2.691,1.429
-2.688,1.165
-2.723,2.158
-2.635,-1.606
-2.747,0.202
-2.748,-1.542
-2.751,-0.362
-2.778,-0.331
2.962,-1.857
2.835,-1.88
2.668,-1.881
2.59,-1.706
1.778,-1.788
1.603,-2.046
1.562,-1.726
0.499,-1.802
0.503,-2.02
0.085,-1.789
-0.341,-1.836
-0.732,-2.013
-1.401,-1.759
-1.491,-1.735
-1.531,-1.956
-2.336,-1.901
2.901,2.711
2.801,2.537
2.088,2.497
2.098,2.549
1.925,2.528
-0.09,2.644
-1.113,2.43
-1.554,2.41
-1.626,2.501
-2.402,2.679
2.854,1.034
2.104,1.886
0.409,-1.476
-0.541,-0.208
-0.964,-0.28
-1.221,1.194
-1.35,0.272
-2.613,0.27
2.412,2.007
-1.118,0.335
-1.127,0.661
-1.424,0.244
-2.413,0.78
2.838,0.111
0.072,0.161
-0.976,1.533
-1.307,0.02
-1.493,-1.913
-0.183,-1.621
-1.307,-1.651
-1.462,-1.311
-0.093,-0.762
-0.12,-2.387
-0.358,-0.105
-0.48,-1.444
-0.579,-2.523
-0.599,-1.171
-1.042,-1.313
-1.027,-1.277
-1.162,-2.332
-1.258,-0.621
-1.436,-0.256
-1.588,-1.627
-1.545,-1.931
-1.548,-2.397
-1.667,-0.39
-1.546,-2.318
-1.58,-2.113
-1.72,1.37
-1.733,1.405
-1.738,-1.456
-1.9,-0.939
-1.832,0.377
-1.927,0.81
-1.834,-0.131
-1.906,-0.415
-2.017,-1.279
-2.179,1.072
-2.297,-2.103
-2.608,-2.103
-2.679,0.211
-2.707,1.35
-2.77,0.595
-2.767,0.331
-2.802,1.324
-2.714,-2.44
-2.826,-0.632
-2.827,-2.376
-2.83,-1.196
-2.857,-1.165
2.883,-2.691
2.756,-2.714
2.589,-2.715
2.511,-2.54
1.699,-2.622
1.524,-2.88
1.483,-2.56
0.42,-2.636
0.424,-2.854
0.006,-2.623
-0.42,-2.67
-0.811,-2.847
-1.48,-2.593
-1.57,-2.569
-1.61,-2.79
-2.415,-2.735
2.822,1.877
2.722,1.703
2.009,1.663
2.019,1.715
1.846,1.694
-0.169,1.81
-1.192,1.596
-1.633,1.576
-1.705,1.667
-2.481,1.845
2.775,0.2
2.025,1.052
0.33,-2.31
-0.62,-1.042
-1.043,-1.114
-1.3,0.36
-1.429,-0.562
-2.692,-0.564
2.333,1.173
-1.197,-0.499
-1.206,-0.173
-1.503,-0.59
-2.492,-0.054
2.759,-0.723
-0.007,-0.673
-1.055,0.699
-1.386,-0.814
-1.572,-2.747
-0.262,-2.455
-1.386,-2.485
-1.541,-2.145
-0.027,-1.625
-0.265,0.657
-0.387,-0.682
-0.486,-1.761
-0.506,-0.409
-0.949,-0.551
-0.934,-0.515
-1.069,-1.57
-1.165,0.141
-1.343,0.506
-1.495,-0.865
-1.452,-1.169
-1.455,-1.635
-1.574,0.372
-1.453,-1.556
-1.487,-1.351
-1.627,2.132
-1.64,2.167
-1.645,-0.694
-1.807,-0.177
-1.739,1.139
-1.834,1.572
-1.741,0.631
-1.813,0.347
-1.924,-0.517
-2.086,1.834
-2.204,-1.341
-2.515,-1.341
-2.586,0.973
-2.614,2.112
-2.677,1.357
-2.674,1.093
-2.709,2.086
-2.621,-1.678
-2.733,0.13
-2.734,-1.614
-2.737,-0.434
-2.764,-0.403
2.976,-1.929
2.849,-1.952
2.682,-1.953
2.604,-1.778
1.792,-1.86
1.617,-2.118
1.576,-1.798
0.513,-1.874
0.517,-2.092
0.099,-1.861
-0.327,-1.908
-0.718,-2.085
-1.387,-1.831
-1.477,-1.807
-1.517,-2.028
-2.322,-1.973
2.915,2.639
2.815,2.465
2.102,2.425
2.112,2.477
1.939,2.456
-0.076,2.572
-1.099,2.358
-1.54,2.338
-1.612,2.429
-2.388,2.607
2.868,0.962
2.118,1.814
0.423,-1.548
-0.527,-0.28
-0.95,-0.352
-1.207,1.122
-1.336,0.2
-2.599,0.198
2.426,1.935
-1.104,0.263
-1.113,0.589
-1.41,0.172
-2.399,0.708
2.852,0.039
0.086,0.089
-0.962,1.461
-1.293,-0.052
-1.479,-1.985
-0.169,-1.693
-1.293,-1.723
-1.448,-1.383
-0.238,2.282
-0.36,0.943
-0.459,-0.136
-0.479,1.216
-0.922,1.074
-0.907,1.11
-1.042,0.055
-1.138,1.766
-1.316,2.131
-1.468,0.76
-1.425,0.456
-1.428,-0.01
-1.547,1.997
-1.426,0.069
-1.46,0.274
-1.6,3.757
-1.613,3.792
-1.618,0.931
-1.78,1.448
-1.712,2.764
-1.807,3.197
-1.714,2.256
-1.786,1.972
-1.897,1.108
-2.059,3.459
-2.177,0.284
-2.488,0.284
-2.559,2.598
-2.587,3.737
-2.65,2.982
-2.647,2.718
-2.682,3.711
-2.594,-0.053
-2.706,1.755
-2.707,0.011
-2.71,1.191
-2.737,1.222
3.003,-0.304
2.876,-0.327
2.709,-0.328
2.631,-0.153
1.819,-0.235
1.644,-0.493
1.603,-0.173
0.54,-0.249
0.544,-0.467
0.126,-0.236
-0.3,-0.283
-0.691,-0.46
-1.36,-0.206
-1.45,-0.182
-1.49,-0.403
-2.295,-0.348
2.942,4.264
2.842,4.09
2.129,4.05
2.139,4.102
1.966,4.081
-0.049,4.197
-1.072,3.983
-1.513,3.963
-1.585,4.054
-2.361,4.232
2.895,2.587
2.145,3.439
0.45,0.077
-0.5,1.345
-0.923,1.273
-1.18,2.747
-1.309,1.825
-2.572,1.823
2.453,3.56
-1.077,1.888
-1.086,2.214
-1.383,1.797
-2.372,2.333
2.879,1.664
0.113,1.714
-0.935,3.086
-1.266,1.573
-1.452,-0.36
-0.142,-0.068
-1.266,-0.098
-1.421,0.242
-0.122,-1.339
-0.221,-2.418
-0.241,-1.066
-0.684,-1.208
-0.669,-1.172
-0.804,-2.227
-0.9,-0.516
-1.078,-0.151
-1.23,-1.522
-1.187,-1.826
-1.19,-2.292
-1.309,-0.285
-1.188,-2.213
-1.222,-2.008
-1.362,1.475
-1.375,1.51
-1.38,-1.351
-1.542,-0.834
-1.474,0.482
-1.569,0.915
-1.476,-0.026
-1.548,-0.31
-1.659,-1.174
-1.821,1.177
-1.939,-1.998
-2.25,-1.998
-2.321,0.316
-2.349,1.455
-2.412,0.7
-2.409,0.436
-2.444,1.429
-2.356,-2.335
-2.468,-0.527
-2.469,-2.271
-2.472,-1.091
-2.499,-1.06
-3.042,-2.586
3.114,-2.609
2.947,-2.61
2.869,-2.435
2.057,-2.517
1.882,-2.775
1.841,-2.455
0.778,-2.531
0.782,-2.749
0.364,-2.518
-0.062,-2.565
-0.453,-2.742
-1.122,-2.488
-1.212,-2.464
-1.252,-2.685
-2.057,-2.63
-3.103,1.982
3.08,1.808
2.367,1.768
2.377,1.82
2.204,1.799
0.189,1.915
-0.834,1.701
-1.275,1.681
-1.347,1.772
-2.123,1.95
3.133,0.305
2.383,1.157
0.688,-2.205
-0.262,-0.937
-0.685,-1.009
-0.942,0.465
-1.071,-0.457
-2.334,-0.459
2.691,1.278
-0.839,-0.394
-0.848,-0.068
-1.145,-0.485
-2.134,0.051
3.117,-0.618
0.351,-0.568
-0.697,0.804
-1.028,-0.709
-1.214,-2.642
0.096,-2.35
-1.028,-2.38
-1.183,-2.04
-0.099,-1.079
-0.119,0.273
-0.562,0.131
-0.547,0.167
-0.682,-0.888
-0.778,0.823
-0.956,1.188
-1.108,-0.183
-1.065,-0.487
-1.068,-0.953
-1.187,1.054
-1.066,-0.874
-1.1,-0.669
-1.24,2.814
-1.253,2.849
-1.258,-0.012
-1.42,0.505
-1.352,1.821
-1.447,2.254
-1.354,1.313
-1.426,1.029
-1.537,0.165
-1.699,2.516
-1.817,-0.659
-2.128,-0.659
-2.199,1.655
-2.227,2.794
-2.29,2.039
-2.287,1.775
-2.322,2.768
-2.234,-0.996
-2.346,0.812
-2.347,-0.932
-2.35,0.248
-2.377,0.279
-2.92,-1.247
-3.047,-1.27
3.069,-1.271
2.991,-1.096
2.179,-1.178
2.004,-1.436
1.963,-1.116
0.9,-1.192
0.904,-1.41
0.486,-1.179
0.06,-1.226
-0.331,-1.403
-1.0,-1.149
-1.09,-1.125
-1.13,-1.346
-1.935,-1.291
-2.981,3.321
-3.081,3.147
2.489,3.107
2.499,3.159
2.326,3.138
0.311,3.254
-0.712,3.04
-1.153,3.02
-1.225,3.111
-2.001,3.289
-3.028,1.644
2.505,2.496
0.81,-0.866
-0.14,0.402
-0.563,0.33
-0.82,1.804
-0.949,0.882
-2.212,0.88
2.813,2.617
-0.717,0.945
-0.726,1.271
-1.023,0.854
-2.012,1.39
-3.044,0.721
0.473,0.771
-0.575,2.143
-0.906,0.63
-1.092,-1.303
0.218,-1.011
-0.906,-1.041
-1.061,-0.701
-0.02,1.352
-0.463,1.21
-0.448,1.246
-0.583,0.191
-0.679,1.902
-0.857,2.267
-1.009,0.896
-0.966,0.592
-0.969,0.126
-1.088,2.133
-0.967,0.205
-1.001,0.41
-1.141,3.893
-1.154,3.928
-1.159,1.067
-1.321,1.584
-1.253,2.9
-1.348,3.333
-1.255,2.392
-1.327,2.108
-1.438,1.244
-1.6,3.595
-1.718,0.42
-2.029,0.42
-2.1,2.734
-2.128,3.873
-2.191,3.118
-2.188,2.854
-2.223,3.847
-2.135,0.083
-2.247,1.891
-2.248,0.147
-2.251,1.327
-2.278,1.358
-2.821,-0.168
-2.948,-0.191
-3.115,-0.192
3.09,-0.017
2.278,-0.099
2.103,-0.357
2.062,-0.037
0.999,-0.113
1.003,-0.331
0.585,-0.1
0.159,-0.147
-0.232,-0.324
-0.901,-0.07
-0.991,-0.046
-1.031,-0.267
-1.836,-0.212
-2.882,4.4
-2.982,4.226
2.588,4.186
2.598,4.238
2.425,4.217
0.41,4.333
-0.613,4.119
-1.054,4.099
-1.126,4.19
-1.902,4.368
-2.929,2.723
2.604,3.575
0.909,0.213
-0.041,1.481
-0.464,1.409
-0.721,2.883
-0.85,1.961
-2.113,1.959
2.912,3.696
-0.618,2.024
-0.627,2.35
-0.924,1.933
-1.913,2.469
-2.945,1.8
0.572,1.85
-0.476,3.222
-0.807,1.709
-0.993,-0.224
0.317,0.068
-0.807,0.038
-0.962,0.378
-0.443,-0.142
-0.428,-0.106
-0.563,-1.161
-0.659,0.55
-0.837,0.915
-0.989,-0.456
-0.946,-0.76
-0.949,-1.226
-1.068,0.781
-0.947,-1.147
-0.981,-0.942
-1.121,2.541
-1.134,2.576
-1.139,-0.285
-1.301,0.232
-1.233,1.548
-1.328,1.981
-1.235,1.04
-1.307,0.756
-1.418,-0.108
-1.58,2.243
-1.698,-0.932
-2.009,-0.932
-2.08,1.382
-2.108,2.521
-2.171,1.766
-2.168,1.502
-2.203,2.495
-2.115,-1.269
-2.227,0.539
-2.228,-1.205
-2.231,-0.025
-2.258,0.006
-2.801,-1.52
-2.928,-1.543
-3.095,-1.544
3.11,-1.369
2.298,-1.451
2.123,-1.709
2.082,-1.389
1.019,-1.465
1.023,-1.683
0.605,-1.452
0.179,-1.499
-0.212,-1.676
-0.881,-1.422
-0.971,-1.398
-1.011,-1.619
-1.816,-1.564
-2.862,3.048
-2.962,2.874
2.608,2.834
2.618,2.886
2.445,2.865
0.43,2.981
-0.593,2.767
-1.034,2.747
-1.106,2.838
-1.882,3.016
-2.909,1.371
2.624,2.223
0.929,-1.139
-0.021,0.129
-0.444,0.057
-0.701,1.531
-0.83,0.609
-2.093,0.607
2.932,2.344
-0.598,0.672
-0.607,0.998
-0.904,0.581
-1.893,1.117
-2.925,0.448
0.592,0.498
-0.456,1.87
-0.787,0.357
-0.973,-1.576
0.337,-1.284
-0.787,-1.314
-0.942,-0.974
0.015,0.036
-0.12,-1.019
-0.216,0.692
-0.394,1.057
-0.546,-0.314
-0.503,-0.618
-0.506,-1.084
-0.625,0.923
-0.504,-1.005
-0.538,-0.8
-0.678,2.683
-0.691,2.718
-0.696,-0.143
-0.858,0.374
-0.79,1.69
-0.885,2.123
-0.792,1.182
-0.864,0.898
-0.975,0.034
-1.137,2.385
-1.255,-0.79
-1.566,-0.79
-1.637,1.524
-1.665,2.663
-1.728,1.908
-1.725,1.644
-1.76,2.637
-1.672,-1.127
-1.784,0.681
-1.785,-1.063
-1.788,0.117
-1.815,0.148
-2.358,-1.378
-2.485,-1.401
-2.652,-1.402
-2.73,-1.227
2.741,-1.309
2.566,-1.567
2.525,-1.247
1.462,-1.323
1.466,-1.541
1.048,-1.31
0.622,-1.357
0.231,-1.534
-0.438,-1.28
-0.528,-1.256
-0.568,-1.477
-1.373,-1.422
-2.419,3.19
-2.519,3.016
3.051,2.976
3.061,3.028
2.888,3.007
0.873,3.123
-0.15,2.909
-0.591,2.889
-0.663,2.98
-1.439,3.158
-2.466,1.513
3.067,2.365
1.372,-0.997
0.422,0.271
-0.001,0.199
-0.258,1.673
-0.387,0.751
-1.65,0.749
-2.908,2.486
-0.155,0.814
-0.164,1.14
-0.461,0.723
-1.45,1.259
-2.482,0.59
1.035,0.64
-0.013,2.012
-0.344,0.499
-0.53,-1.434
0.78,-1.142
-0.344,-1.172
-0.499,-0.832
-0.135,-1.055
-0.231,0.656
-0.409,1.021
-0.561,-0.35
-0.518,-0.654
-0.521,-1.12
-0.64,0.887
-0.519,-1.041
-0.553,-0.836
-0.693,2.647
-0.706,2.682
-0.711,-0.179
-0.873,0.338
-0.805,1.654
-0.9,2.087
-0.807,1.146
-0.879,0.862
-0.99,-0.002
-1.152,2.349
-1.27,-0.826
-1.581,-0.826
-1.652,1.488
-1.68,2.627
-1.743,1.872
-1.74,1.608
-1.775,2.601
-1.687,-1.163
-1.799,0.645
-1.8,-1.099
-1.803,0.081
-1.83,0.112
-2.373,-1.414
-2.5,-1.437
-2.667,-1.438
-2.745,-1.263
2.726,-1.345
2.551,-1.603
2.51,-1.283
1.447,-1.359
1.451,-1.577
1.033,-1.346
0.607,-1.393
0.216,-1.57
-0.453,-1.316
-0.543,-1.292
-0.583,-1.513
-1.388,-1.458
-2.434,3.154
-2.534,2.98
3.036,2.94
3.046,2.992
2.873,2.971
0.858,3.087
-0.165,2.873
-0.606,2.853
-0.678,2.944
-1.454,3.122
-2.481,1.477
3.052,2.329
1.357,-1.033
0.407,0.235
-0.016,0.163
-0.273,1.637
-0.402,0.715
-1.665,0.713
-2.923,2.45
-0.17,0.778
-0.179,1.104
-0.476,0.687
-1.465,1.223
-2.497,0.554
1.02,0.604
-0.028,1.976
-0.359,0.463
-0.545,-1.47
0.765,-1.178
-0.359,-1.208
-0.514,-0.868
-0.096,1.711
-0.274,2.076
-0.426,0.705
-0.383,0.401
-0.386,-0.065
-0.505,1.942
-0.384,0.014
-0.418,0.219
-0.558,3.702
-0.571,3.737
-0.576,0.876
-0.738,1.393
-0.67,2.709
-0.765,3.142
-0.672,2.201
-0.744,1.917
-0.855,1.053
-1.017,3.404
-1.135,0.229
-1.446,0.229
-1.517,2.543
-1.545,3.682
-1.608,2.927
-1.605,2.663
-1.64,3.656
-1.552,-0.108
-1.664,1.7
-1.665,-0.044
-1.668,1.136
-1.695,1.167
-2.238,-0.359
-2.365,-0.382
-2.532,-0.383
-2.61,-0.208
2.861,-0.29
2.686,-0.548
2.645,-0.228
1.582,-0.304
1.586,-0.522
1.168,-0.291
0.742,-0.338
0.351,-0.515
-0.318,-0.261
-0.408,-0.237
-0.448,-0.458
-1.253,-0.403
-2.299,4.209
-2.399,4.035
-3.112,3.995
-3.102,4.047
3.008,4.026
0.993,4.142
-0.03,3.928
-0.471,3.908
-0.543,3.999
-1.319,4.177
-2.346,2.532
-3.096,3.384
1.492,0.022
0.542,1.29
0.119,1.218
-0.138,2.692
-0.267,1.77
-1.53,1.768
-2.788,3.505
-0.035,1.833
-0.044,2.159
-0.341,1.742
-1.33,2.278
-2.362,1.609
1.155,1.659
0.107,3.031
-0.224,1.518
-0.41,-0.415
0.9,-0.123
-0.224,-0.153
-0.379,0.187
-0.178,0.365
-0.33,-1.006
-0.287,-1.31
-0.29,-1.776
-0.409,0.231
-0.288,-1.697
-0.322,-1.492
-0.462,1.991
-0.475,2.026
-0.48,-0.835
-0.642,-0.318
-0.574,0.998
-0.669,1.431
-0.576,0.49
-0.648,0.206
-0.759,-0.658
-0.921,1.693
-1.039,-1.482
-1.35,-1.482
-1.421,0.832
-1.449,1.971
-1.512,1.216
-1.509,0.952
-1.544,1.945
-1.456,-1.819
-1.568,-0.011
-1.569,-1.755
-1.572,-0.575
-1.599,-0.544
-2.142,-2.07
-2.269,-2.093
-2.436,-2.094
-2.514,-1.919
2.957,-2.001
2.782,-2.259
2.741,-1.939
1.678,-2.015
1.682,-2.233
1.264,-2.002
0.838,-2.049
0.447,-2.226
-0.222,-1.972
-0.312,-1.948
-0.352,-2.169
-1.157,-2.114
-2.203,2.498
-2.303,2.324
-3.016,2.284
-3.006,2.336
3.104,2.315
1.089,2.431
0.066,2.217
-0.375,2.197
-0.447,2.288
-1.223,2.466
-2.25,0.821
-3.0,1.673
1.588,-1.689
0.638,-0.421
0.215,-0.493
-0.042,0.981
-0.171,0.059
-1.434,0.057
-2.692,1.794
0.061,0.122
0.052,0.448
-0.245,0.031
-1.234,0.567
-2.266,-0.102
1.251,-0.052
0.203,1.32
-0.128,-0.193
-0.314,-2.126
0.996,-1.834
-0.128,-1.864
-0.283,-1.524
-0.152,-1.371
-0.109,-1.675
-0.112,-2.141
-0.231,-0.134
-0.11,-2.062
-0.144,-1.857
-0.284,1.626
-0.297,1.661
-0.302,-1.2
-0.464,-0.683
-0.396,0.633
-0.491,1.066
-0.398,0.125
-0.47,-0.159
-0.581,-1.023
-0.743,1.328
-0.861,-1.847
-1.172,-1.847
-1.243,0.467
-1.271,1.606
-1.334,0.851
-1.331,0.587
-1.366,1.58
-1.278,-2.184
-1.39,-0.376
-1.391,-2.12
-1.394,-0.94
-1.421,-0.909
-1.964,-2.435
-2.091,-2.458
-2.258,-2.459
-2.336,-2.284
3.135,-2.366
2.96,-2.624
2.919,-2.304
1.856,-2.38
1.86,-2.598
1.442,-2.367
1.016,-2.414
0.625,-2.591
-0.044,-2.337
-0.134,-2.313
-0.174,-2.534
-0.979,-2.479
-2.025,2.133
-2.125,1.959
-2.838,1.919
-2.828,1.971
-3.001,1.95
1.267,2.066
0.244,1.852
-0.197,1.832
-0.269,1.923
-1.045,2.101
-2.072,0.456
-2.822,1.308
1.766,-2.054
0.816,-0.786
0.393,-0.858
0.136,0.616
0.007,-0.306
-1.256,-0.308
-2.514,1.429
0.239,-0.243
0.23,0.083
-0.067,-0.334
-1.056,0.202
-2.088,-0.467
1.429,-0.417
0.381,0.955
0.05,-0.558
-0.136,-2.491
1.174,-2.199
0.05,-2.229
-0.105,-1.889
0.043,-0.304
0.04,-0.77
-0.079,1.237
0.042,-0.691
0.008,-0.486
-0.132,2.997
-0.145,3.032
-0.15,0.171
-0.312,0.688
-0.244,2.004
-0.339,2.437
-0.246,1.496
-0.318,1.212
-0.429,0.348
-0.591,2.699
-0.709,-0.476
-1.02,-0.476
-1.091,1.838
-1.119,2.977
-1.182,2.222
-1.179,1.958
-1.214,2.951
-1.126,-0.813
-1.238,0.995
-1.239,-0.749
-1.242,0.431
-1.269,0.462
-1.812,-1.064
-1.939,-1.087
-2.106,-1.088
-2.184,-0.913
-2.996,-0.995
3.112,-1.253
3.071,-0.933
2.008,-1.009
2.012,-1.227
1.594,-0.996
1.168,-1.043
0.777,-1.22
0.108,-0.966
0.018,-0.942
-0.022,-1.163
-0.827,-1.108
-1.873,3.504
-1.973,3.33
-2.686,3.29
-2.676,3.342
-2.849,3.321
1.419,3.437
0.396,3.223
-0.045,3.203
-0.117,3.294
-0.893,3.472
-1.92,1.827
-2.67,2.679
1.918,-0.683
0.968,0.585
0.545,0.513
0.288,1.987
0.159,1.065
-1.104,1.063
-2.362,2.8
0.391,1.128
0.382,1.454
0.085,1.037
-0.904,1.573
-1.936,0.904
1.581,0.954
0.533,2.326
0.202,0.813
0.016,-1.12
1.326,-0.828
0.202,-0.858
0.047,-0.518
-0.003,-0.466
-0.122,1.541
-0.001,-0.387
-0.035,-0.182
-0.175,3.301
-0.188,3.336
-0.193,0.475
-0.355,0.992
-0.287,2.308
-0.382,2.741
-0.289,1.8
-0.361,1.516
-0.472,0.652
-0.634,3.003
-0.752,-0.172
-1.063,-0.172
-1.134,2.142
-1.162,3.281
-1.225,2.526
-1.222,2.262
-1.257,3.255
-1.169,-0.509
-1.281,1.299
-1.282,-0.445
-1.285,0.735
-1.312,0.766
-1.855,-0.76
-1.982,-0.783
-2.149,-0.784
-2.227,-0.609
-3.039,-0.691
3.069,-0.949
3.028,-0.629
1.965,-0.705
1.969,-0.923
1.551,-0.692
1.125,-0.739
0.734,-0.916
0.065,-0.662
-0.025,-0.638
-0.065,-0.859
-0.87,-0.804
-1.916,3.808
-2.016,3.634
-2.729,3.594
-2.719,3.646
-2.892,3.625
1.376,3.741
0.353,3.527
-0.088,3.507
-0.16,3.598
-0.936,3.776
-1.963,2.131
-2.713,2.983
1.875,-0.379
0.925,0.889
0.502,0.817
0.245,2.291
0.116,1.369
-1.147,1.367
-2.405,3.104
0.348,1.432
0.339,1.758
0.042,1.341
-0.947,1.877
-1.979,1.208
1.538,1.258
0.49,2.63
0.159,1.117
-0.027,-0.816
1.283,-0.524
0.159,-0.554
0.004,-0.214
-0.119,2.007
0.002,0.079
-0.032,0.284
-0.172,3.767
-0.185,3.802
-0.19,0.941
-0.352,1.458
-0.284,2.774
-0.379,3.207
-0.286,2.266
-0.358,1.982
-0.469,1.118
-0.631,3.469
-0.749,0.294
-1.06,0.294
-1.131,2.608
-1.159,3.747
-1.222,2.992
-1.219,2.728
-1.254,3.721
-1.166,-0.043
-1.278,1.765
-1.279,0.021
-1.282,1.201
-1.309,1.232
-1.852,-0.294
-1.979,-0.317
-2.146,-0.318
-2.224,-0.143
-3.036,-0.225
3.072,-0.483
3.031,-0.163
1.968,-0.239
1.972,-0.457
1.554,-0.226
1.128,-0.273
0.737,-0.45
0.068,-0.196
-0.022,-0.172
-0.062,-0.393
-0.867,-0.338
-1.913,4.274
-2.013,4.1
-2.726,4.06
-2.716,4.112
-2.889,4.091
1.379,4.207
0.356,3.993
-0.085,3.973
-0.157,4.064
-0.933,4.242
-1.96,2.597
-2.71,3.449
1.878,0.087
0.928,1.355
0.505,1.283
0.248,2.757
0.119,1.835
-1.144,1.833
-2.402,3.57
0.351,1.898
0.342,2.224
0.045,1.807
-0.944,2.343
-1.976,1.674
1.541,1.724
0.493,3.096
0.162,1.583
-0.024,-0.35
1.286,-0.058
0.162,-0.088
0.007,0.252
0.121,-1.928
0.087,-1.723
-0.053,1.76
-0.066,1.795
-0.071,-1.066
-0.233,-0.549
-0.165,0.767
-0.26,1.2
-0.167,0.259
-0.239,-0.025
-0.35,-0.889
-0.512,1.462
-0.63,-1.713
-0.941,-1.713
-1.012,0.601
-1.04,1.74
-1.103,0.985
-1.1,0.721
-1.135,1.714
-1.047,-2.05
-1.159,-0.242
-1.16,-1.986
-1.163,-0.806
-1.19,-0.775
-1.733,-2.301
-1.86,-2.324
-2.027,-2.325
-2.105,-2.15
-2.917,-2.232
-3.092,-2.49
-3.133,-2.17
2.087,-2.246
2.091,-2.464
1.673,-2.233
1.247,-2.28
0.856,-2.457
0.187,-2.203
0.097,-2.179
0.057,-2.4
-0.748,-2.345
-1.794,2.267
-1.894,2.093
-2.607,2.053
-2.597,2.105
-2.77,2.084
1.498,2.2
0.475,1.986
0.034,1.966
-0.038,2.057
-0.814,2.235
-1.841,0.59
-2.591,1.442
1.997,-1.92
1.047,-0.652
0.624,-0.724
0.367,0.75
0.238,-0.172
-1.025,-0.174
-2.283,1.563
0.47,-0.109
0.461,0.217
0.164,-0.2
-0.825,0.336
-1.857,-0.333
1.66,-0.283
0.612,1.089
0.281,-0.424
0.095,-2.357
1.405,-2.065
0.281,-2.095
0.126,-1.755
-0.034,0.205
-0.174,3.688
-0.187,3.723
-0.192,0.862
-0.354,1.379
-0.286,2.695
-0.381,3.128
-0.288,2.187
-0.36,1.903
-0.471,1.039
-0.633,3.39
-0.751,0.215
-1.062,0.215
-1.133,2.529
-1.161,3.668
-1.224,2.913
-1.221,2.649
-1.256,3.642
-1.168,-0.122
-1.28,1.686
-1.281,-0.058
-1.284,1.122
-1.311,1.153
-1.854,-0.373
-1.981,-0.396
-2.148,-0.397
-2.226,-0.222
-3.038,-0.304
3.07,-0.562
3.029,-0.242
1.966,-0.318
1.97,-0.536
1.552,-0.305
1.126,-0.352
0.735,-0.529
0.066,-0.275
-0.024,-0.251
-0.064,-0.472
-0.869,-0.417
-1.915,4.195
-2.015,4.021
-2.728,3.981
-2.718,4.033
-2.891,4.012
1.377,4.128
0.354,3.914
-0.087,3.894
-0.159,3.985
-0.935,4.163
-1.962,2.518
-2.712,3.37
1.876,0.008
0.926,1.276
0.503,1.204
0.246,2.678
0.117,1.756
-1.146,1.754
-2.404,3.491
0.349,1.819
0.34,2.145
0.043,1.728
-0.946,2.264
-1.978,1.595
1.539,1.645
0.491,3.017
0.16,1.504
-0.026,-0.429
1.284,-0.137
0.16,-0.167
0.005,0.173
-0.14,3.483
-0.153,3.518
-0.158,0.657
-0.32,1.174
-0.252,2.49
-0.347,2.923
-0.254,1.982
-0.326,1.698
-0.437,0.834
-0.599,3.185
-0.717,0.01
-1.028,0.01
-1.099,2.324
-1.127,3.463
-1.19,2.708
-1.187,2.444
-1.222,3.437
-1.134,-0.327
-1.246,1.481
-1.247,-0.263
-1.25,0.917
-1.277,0.948
-1.82,-0.578
-1.947,-0.601
-2.114,-0.602
-2.192,-0.427
-3.004,-0.509
3.104,-0.767
3.063,-0.447
2.0,-0.523
2.004,-0.741
1.586,-0.51
1.16,-0.557
0.769,-0.734
0.1,-0.48
0.01,-0.456
-0.03,-0.677
-0.835,-0.622
-1.881,3.99
-1.981,3.816
-2.694,3.776
-2.684,3.828
-2.857,3.807
1.411,3.923
0.388,3.709
-0.053,3.689
-0.125,3.78
-0.901,3.958
-1.928,2.313
-2.678,3.165
1.91,-0.197
0.96,1.071
0.537,0.999
0.28,2.473
0.151,1.551
-1.112,1.549
-2.37,3.286
0.383,1.614
0.374,1.94
0.077,1.523
-0.912,2.059
-1.944,1.39
1.573,1.44
0.525,2.812
0.194,1.299
0.008,-0.634
1.318,-0.342
0.194,-0.372
0.039,-0.032
-0.013,0.035
-0.018,-2.826
-0.18,-2.309
-0.112,-0.993
-0.207,-0.56
-0.114,-1.501
-0.186,-1.785
-0.297,-2.649
-0.459,-0.298
-0.577,-3.473
-0.888,-3.473
-0.959,-1.159
-0.987,-0.02
-1.05,-0.775
-1.047,-1.039
-1.082,-0.046
-0.994,-3.81
-1.106,-2.002
-1.107,-3.746
-1.11,-2.566
-1.137,-2.535
-1.68,-4.061
-1.807,-4.084
-1.974,-4.085
-2.052,-3.91
-2.864,-3.992
-3.039,-4.25
-3.08,-3.93
2.14,-4.006
2.144,-4.224
1.726,-3.993
1.3,-4.04
0.909,-4.217
0.24,-3.963
0.15,-3.939
0.11,-4.16
-0.695,-4.105
-1.741,0.507
-1.841,0.333
-2.554,0.293
-2.544,0.345
-2.717,0.324
1.551,0.44
0.528,0.226
0.087,0.206
0.015,0.297
-0.761,0.475
-1.788,-1.17
-2.538,-0.318
2.05,-3.68
1.1,-2.412
0.677,-2.484
0.42,-1.01
0.291,-1.932
-0.972,-1.934
-2.23,-0.197
0.523,-1.869
0.514,-1.543
0.217,-1.96
-0.772,-1.424
-1.804,-2.093
1.713,-2.043
0.665,-0.671
0.334,-2.184
0.148,-4.117
1.458,-3.825
0.334,-3.855
0.179,-3.515
-0.005,-2.861
-0.167,-2.344
-0.099,-1.028
-0.194,-0.595
-0.101,-1.536
-0.173,-1.82
-0.284,-2.684
-0.446,-0.333
-0.564,-3.508
-0.875,-3.508
-0.946,-1.194
-0.974,-0.055
-1.037,-0.81
-1.034,-1.074
-1.069,-0.081
-0.981,-3.845
-1.093,-2.037
-1.094,-3.781
-1.097,-2.601
-1.124,-2.57
-1.667,-4.096
-1.794,-4.119
-1.961,-4.12
-2.039,-3.945
-2.851,-4.027
-3.026,-4.285
-3.067,-3.965
2.153,-4.041
2.157,-4.259
1.739,-4.028
1.313,-4.075
0.922,-4.252
0.253,-3.998
0.163,-3.974
0.123,-4.195
-0.682,-4.14
-1.728,0.472
-1.828,0.298
-2.541,0.258
-2.531,0.31
-2.704,0.289
1.564,0.405
0.541,0.191
0.1,0.171
0.028,0.262
-0.748,0.44
-1.775,-1.205
-2.525,-0.353
2.063,-3.715
1.113,-2.447
0.69,-2.519
0.433,-1.045
0.304,-1.967
-0.959,-1.969
-2.217,-0.232
0.536,-1.904
0.527,-1.578
0.23,-1.995
-0.759,-1.459
-1.791,-2.128
1.726,-2.078
0.678,-0.706
0.347,-2.219
0.161,-4.152
1.471,-3.86
0.347,-3.89
0.192,-3.55
-0.162,0.517
-0.094,1.833
-0.189,2.266
-0.096,1.325
-0.168,1.041
-0.279,0.177
-0.441,2.528
-0.559,-0.647
-0.87,-0.647
-0.941,1.667
-0.969,2.806
-1.032,2.051
-1.029,1.787
-1.064,2.78
-0.976,-0.984
-1.088,0.824
-1.089,-0.92
-1.092,0.26
-1.119,0.291
-1.662,-1.235
-1.789,-1.258
-1.956,-1.259
-2.034,-1.084
-2.846,-1.166
-3.021,-1.424
-3.062,-1.104
2.158,-1.18
2.162,-1.398
1.744,-1.167
1.318,-1.214
0.927,-1.391
0.258,-1.137
0.168,-1.113
0.128,-1.334
-0.677,-1.279
-1.723,3.333
-1.823,3.159
-2.536,3.119
-2.526,3.171
-2.699,3.15
1.569,3.266
0.546,3.052
0.105,3.032
0.033,3.123
-0.743,3.301
-1.77,1.656
-2.52,2.508
2.068,-0.854
1.118,0.414
0.695,0.342
0.438,1.816
0.309,0.894
-0.954,0.892
-2.212,2.629
0.541,0.957
0.532,1.283
0.235,0.866
-0.754,1.402
-1.786,0.733
1.731,0.783
0.683,2.155
0.352,0.642
0.166,-1.291
1.476,-0.999
0.352,-1.029
0.197,-0.689
0.068,1.316
-0.027,1.749
0.066,0.808
-0.006,0.524
-0.117,-0.34
-0.279,2.011
-0.397,-1.164
-0.708,-1.164
-0.779,1.15
-0.807,2.289
-0.87,1.534
-0.867,1.27
-0.902,2.263
-0.814,-1.501
-0.926,0.307
-0.927,-1.437
-0.93,-0.257
-0.957,-0.226
-1.5,-1.752
-1.627,-1.775
-1.794,-1.776
-1.872,-1.601
-2.684,-1.683
-2.859,-1.941
-2.9,-1.621
2.32,-1.697
2.324,-1.915
1.906,-1.684
1.48,-1.731
1.089,-1.908
0.42,-1.654
0.33,-1.63
0.29,-1.851
-0.515,-1.796
-1.561,2.816
-1.661,2.642
-2.374,2.602
-2.364,2.654
-2.537,2.633
1.731,2.749
0.708,2.535
0.267,2.515
0.195,2.606
-0.581,2.784
-1.608,1.139
-2.358,1.991
2.23,-1.371
1.28,-0.103
0.857,-0.175
0.6,1.299
0.471,0.377
-0.792,0.375
-2.05,2.112
0.703,0.44
0.694,0.766
0.397,0.349
-0.592,0.885
-1.624,0.216
1.893,0.266
0.845,1.638
0.514,0.125
0.328,-1.808
1.638,-1.516
0.514,-1.546
0.359,-1.206
-0.095,0.433
-0.002,-0.508
-0.074,-0.792
-0.185,-1.656
-0.347,0.695
-0.465,-2.48
-0.776,-2.48
-0.847,-0.166
-0.875,0.973
-0.938,0.218
-0.935,-0.046
-0.97,0.947
-0.882,-2.817
-0.994,-1.009
-0.995,-2.753
-0.998,-1.573
-1.025,-1.542
-1.568,-3.068
-1.695,-3.091
-1.862,-3.092
-1.94,-2.917
-2.752,-2.999
-2.927,-3.257
-2.968,-2.937
2.252,-3.013
2.256,-3.231
1.838,-3.0
1.412,-3.047
1.021,-3.224
0.352,-2.97
0.262,-2.946
0.222,-3.167
-0.583,-3.112
-1.629,1.5
-1.729,1.326
-2.442,1.286
-2.432,1.338
-2.605,1.317
1.663,1.433
0.64,1.219
0.199,1.199
0.127,1.29
-0.649,1.468
-1.676,-0.177
-2.426,0.675
2.162,-2.687
1.212,-1.419
0.789,-1.491
0.532,-0.017
0.403,-0.939
-0.86,-0.941
-2.118,0.796
0.635,-0.876
0.626,-0.55
0.329,-0.967
-0.66,-0.431
-1.692,-1.1
1.825,-1.05
0.777,0.322
0.446,-1.191
0.26,-3.124
1.57,-2.832
0.446,-2.862
0.291,-2.522
0.093,-0.941
0.021,-1.225
-0.09,-2.089
-0.252,0.262
-0.37,-2.913
-0.681,-2.913
-0.752,-0.599
-0.78,0.54
-0.843,-0.215
-0.84,-0.479
-0.875,0.514
-0.787,-3.25
-0.899,-1.442
-0.9,-3.186
-0.903,-2.006
-0.93,-1.975
-1.473,-3.501
-1.6,-3.524
-1.767,-3.525
-1.845,-3.35
-2.657,-3.432
-2.832,-3.69
-2.873,-3.37
2.347,-3.446
2.351,-3.664
1.933,-3.433
1.507,-3.48
1.116,-3.657
0.447,-3.403
0.357,-3.379
0.317,-3.6
-0.488,-3.545
-1.534,1.067
-1.634,0.893
-2.347,0.853
-2.337,0.905
-2.51,0.884
1.758,1.0
0.735,0.786
0.294,0.766
0.222,0.857
-0.554,1.035
-1.581,-0.61
-2.331,0.242
2.257,-3.12
1.307,-1.852
0.884,-1.924
0.627,-0.45
0.498,-1.372
-0.765,-1.374
-2.023,0.363
0.73,-1.309
0.721,-0.983
0.424,-1.4
-0.565,-0.864
-1.597,-1.533
1.92,-1.483
0.872,-0.111
0.541,-1.624
0.355,-3.557
1.665,-3.265
0.541,-3.295
0.386,-2.955
-0.072,-0.284
-0.183,-1.148
-0.345,1.203
-0.463,-1.972
-0.774,-1.972
-0.845,0.342
-0.873,1.481
-0.936,0.726
-0.933,0.462
-0.968,1.455
-0.88,-2.309
-0.992,-0.501
-0.993,-2.245
-0.996,-1.065
-1.023,-1.034
-1.566,-2.56
-1.693,-2.583
-1.86,-2.584
-1.938,-2.409
-2.75,-2.491
-2.925,-2.749
-2.966,-2.429
2.254,-2.505
2.258,-2.723
1.84,-2.492
1.414,-2.539
1.023,-2.716
0.354,-2.462
0.264,-2.438
0.224,-2.659
-0.581,-2.604
-1.627,2.008
-1.727,1.834
-2.44,1.794
-2.43,1.846
-2.603,1.825
1.665,1.941
0.642,1.727
0.201,1.707
0.129,1.798
-0.647,1.976
-1.674,0.331
-2.424,1.183
2.164,-2.179
1.214,-0.911
0.791,-0.983
0.534,0.491
0.405,-0.431
-0.858,-0.433
-2.116,1.304
0.637,-0.368
0.628,-0.042
0.331,-0.459
-0.658,0.077
-1.69,-0.592
1.827,-0.542
0.779,0.83
0.448,-0.683
0.262,-2.616
1.572,-2.324
0.448,-2.354
0.293,-2.014
-0.111,-0.864
-0.273,1.487
-0.391,-1.688
-0.702,-1.688
-0.773,0.626
-0.801,1.765
-0.864,1.01
-0.861,0.746
-0.896,1.739
-0.808,-2.025
-0.92,-0.217
-0.921,-1.961
-0.924,-0.781
-0.951,-0.75
-1.494,-2.276
-1.621,-2.299
-1.788,-2.3
-1.866,-2.125
-2.678,-2.207
-2.853,-2.465
-2.894,-2.145
2.326,-2.221
2.33,-2.439
1.912,-2.208
1.486,-2.255
1.095,-2.432
0.426,-2.178
0.336,-2.154
0.296,-2.375
-0.509,-2.32
-1.555,2.292
-1.655,2.118
-2.368,2.078
-2.358,2.13
-2.531,2.109
1.737,2.225
0.714,2.011
0.273,1.991
0.201,2.082
-0.575,2.26
-1.602,0.615
-2.352,1.467
2.236,-1.895
1.286,-0.627
0.863,-0.699
0.606,0.775
0.477,-0.147
-0.786,-0.149
-2.044,1.588
0.709,-0.084
0.7,0.242
0.403,-0.175
-0.586,0.361
-1.618,-0.308
1.899,-0.258
0.851,1.114
0.52,-0.399
0.334,-2.332
1.644,-2.04
0.52,-2.07
0.365,-1.73
-0.162,2.351
-0.28,-0.824
-0.591,-0.824
-0.662,1.49
-0.69,2.629
-0.753,1.874
-0.75,1.61
-0.785,2.603
-0.697,-1.161
-0.809,0.647
-0.81,-1.097
-0.813,0.083
-0.84,0.114
-1.383,-1.412
-1.51,-1.435
-1.677,-1.436
-1.755,-1.261
-2.567,-1.343
-2.742,-1.601
-2.783,-1.281
2.437,-1.357
2.441,-1.575
2.023,-1.344
1.597,-1.391
1.206,-1.568
0.537,-1.314
0.447,-1.29
0.407,-1.511
-0.398,-1.456
-1.444,3.156
-1.544,2.982
-2.257,2.942
-2.247,2.994
-2.42,2.973
1.848,3.089
0.825,2.875
0.384,2.855
0.312,2.946
-0.464,3.124
-1.491,1.479
-2.241,2.331
2.347,-1.031
1.397,0.237
0.974,0.165
0.717,1.639
0.588,0.717
-0.675,0.715
-1.933,2.452
0.82,0.78
0.811,1.106
0.514,0.689
-0.475,1.225
-1.507,0.556
2.01,0.606
0.962,1.978
0.631,0.465
0.445,-1.468
1.755,-1.176
0.631,-1.206
0.476,-0.866
-0.118,-3.175
-0.429,-3.175
-0.5,-0.861
-0.528,0.278
-0.591,-0.477
-0.588,-0.741
-0.623,0.252
-0.535,-3.512
-0.647,-1.704
-0.648,-3.448
-0.651,-2.268
-0.678,-2.237
-1.221,-3.763
-1.348,-3.786
-1.515,-3.787
-1.593,-3.612
-2.405,-3.694
-2.58,-3.952
-2.621,-3.632
2.599,-3.708
2.603,-3.926
2.185,-3.695
1.759,-3.742
1.368,-3.919
0.699,-3.665
0.609,-3.641
0.569,-3.862
-0.236,-3.807
-1.282,0.805
-1.382,0.631
-2.095,0.591
-2.085,0.643
-2.258,0.622
2.01,0.738
0.987,0.524
0.546,0.504
0.474,0.595
-0.302,0.773
-1.329,-0.872
-2.079,-0.02
2.509,-3.382
1.559,-2.114
1.136,-2.186
0.879,-0.712
0.75,-1.634
-0.513,-1.636
-1.771,0.101
0.982,-1.571
0.973,-1.245
0.676,-1.662
-0.313,-1.126
-1.345,-1.795
2.172,-1.745
1.124,-0.373
0.793,-1.886
0.607,-3.819
1.917,-3.527
0.793,-3.557
0.638,-3.217
-0.311,0.0
-0.382,2.314
-0.41,3.453
-0.473,2.698
-0.47,2.434
-0.505,3.427
-0.417,-0.337
-0.529,1.471
-0.53,-0.273
-0.533,0.907
-0.56,0.938
-1.103,-0.588
-1.23,-0.611
-1.397,-0.612
-1.475,-0.437
-2.287,-0.519
-2.462,-0.777
-2.503,-0.457
2.717,-0.533
2.721,-0.751
2.303,-0.52
1.877,-0.567
1.486,-0.744
0.817,-0.49
0.727,-0.466
0.687,-0.687
-0.118,-0.632
-1.164,3.98
-1.264,3.806
-1.977,3.766
-1.967,3.818
-2.14,3.797
2.128,3.913
1.105,3.699
0.664,3.679
0.592,3.77
-0.184,3.948
-1.211,2.303
-1.961,3.155
2.627,-0.207
1.677,1.061
1.254,0.989
0.997,2.463
0.868,1.541
-0.395,1.539
-1.653,3.276
1.1,1.604
1.091,1.93
0.794,1.513
-0.195,2.049
-1.227,1.38
2.29,1.43
1.242,2.802
0.911,1.289
0.725,-0.644
2.035,-0.352
0.911,-0.382
0.756,-0.042
-0.071,2.314
-0.099,3.453
-0.162,2.698
-0.159,2.434
-0.194,3.427
-0.106,-0.337
-0.218,1.471
-0.219,-0.273
-0.222,0.907
-0.249,0.938
-0.792,-0.588
-0.919,-0.611
-1.086,-0.612
-1.164,-0.437
-1.976,-0.519
-2.151,-0.777
-2.192,-0.457
3.028,-0.533
3.032,-0.751
2.614,-0.52
2.188,-0.567
1.797,-0.744
1.128,-0.49
1.038,-0.466
0.998,-0.687
0.193,-0.632
-0.853,3.98
-0.953,3.806
-1.666,3.766
-1.656,3.818
-1.829,3.797
2.439,3.913
1.416,3.699
0.975,3.679
0.903,3.77
0.127,3.948
-0.9,2.303
-1.65,3.155
2.938,-0.207
1.988,1.061
1.565,0.989
1.308,2.463
1.179,1.541
-0.084,1.539
-1.342,3.276
1.411,1.604
1.402,1.93
1.105,1.513
0.116,2.049
-0.916,1.38
2.601,1.43
1.553,2.802
1.222,1.289
1.036,-0.644
2.346,-0.352
1.222,-0.382
1.067,-0.042
-0.028,1.139
-0.091,0.384
-0.088,0.12
-0.123,1.113
-0.035,-2.651
-0.147,-0.843
-0.148,-2.587
-0.151,-1.407
-0.178,-1.376
-0.721,-2.902
-0.848,-2.925
-1.015,-2.926
-1.093,-2.751
-1.905,-2.833
-2.08,-3.091
-2.121,-2.771
3.099,-2.847
3.103,-3.065
2.685,-2.834
2.259,-2.881
1.868,-3.058
1.199,-2.804
1.109,-2.78
1.069,-3.001
0.264,-2.946
-0.782,1.666
-0.882,1.492
-1.595,1.452
-1.585,1.504
-1.758,1.483
2.51,1.599
1.487,1.385
1.046,1.365
0.974,1.456
0.198,1.634
-0.829,-0.011
-1.579,0.841
3.009,-2.521
2.059,-1.253
1.636,-1.325
1.379,0.149
1.25,-0.773
-0.013,-0.775
-1.271,0.962
1.482,-0.71
1.473,-0.384
1.176,-0.801
0.187,-0.265
-0.845,-0.934
2.672,-0.884
1.624,0.488
1.293,-1.025
1.107,-2.958
2.417,-2.666
1.293,-2.696
1.138,-2.356
-0.063,-0.755
-0.06,-1.019
-0.095,-0.026
-0.007,-3.79
-0.119,-1.982
-0.12,-3.726
-0.123,-2.546
-0.15,-2.515
-0.693,-4.041
-0.82,-4.064
-0.987,-4.065
-1.065,-3.89
-1.877,-3.972
-2.052,-4.23
-2.093,-3.91
3.127,-3.986
3.131,-4.204
2.713,-3.973
2.287,-4.02
1.896,-4.197
1.227,-3.943
1.137,-3.919
1.097,-4.14
0.292,-4.085
-0.754,0.527
-0.854,0.353
-1.567,0.313
-1.557,0.365
-1.73,0.344
2.538,0.46
1.515,0.246
1.074,0.226
1.002,0.317
0.226,0.495
-0.801,-1.15
-1.551,-0.298
3.037,-3.66
2.087,-2.392
1.664,-2.464
1.407,-0.99
1.278,-1.912
0.015,-1.914
-1.243,-0.177
1.51,-1.849
1.501,-1.523
1.204,-1.94
0.215,-1.404
-0.817,-2.073
2.7,-2.023
1.652,-0.651
1.321,-2.164
1.135,-4.097
2.445,-3.805
1.321,-3.835
1.166,-3.495
0.003,-0.264
-0.032,0.729
0.056,-3.035
-0.056,-1.227
-0.057,-2.971
-0.06,-1.791
-0.087,-1.76
-0.63,-3.286
-0.757,-3.309
-0.924,-3.31
-1.002,-3.135
-1.814,-3.217
-1.989,-3.475
-2.03,-3.155
-3.093,-3.231
-3.089,-3.449
2.776,-3.218
2.35,-3.265
1.959,-3.442
1.29,-3.188
1.2,-3.164
1.16,-3.385
0.355,-3.33
-0.691,1.282
-0.791,1.108
-1.504,1.068
-1.494,1.12
-1.667,1.099
2.601,1.215
1.578,1.001
1.137,0.981
1.065,1.072
0.289,1.25
-0.738,-0.395
-1.488,0.457
3.1,-2.905
2.15,-1.637
1.727,-1.709
1.47,-0.235
1.341,-1.157
0.078,-1.159
-1.18,0.578
1.573,-1.094
1.564,-0.768
1.267,-1.185
0.278,-0.649
-0.754,-1.318
2.763,-1.268
1.715,0.104
1.384,-1.409
1.198,-3.342
2.508,-3.05
1.384,-3.08
1.229,-2.74
-0.035,0.993
0.053,-2.771
-0.059,-0.963
-0.06,-2.707
-0.063,-1.527
-0.09,-1.496
-0.633,-3.022
-0.76,-3.045
-0.927,-3.046
-1.005,-2.871
-1.817,-2.953
-1.992,-3.211
-2.033,-2.891
-3.096,-2.967
-3.092,-3.185
2.773,-2.954
2.347,-3.001
1.956,-3.178
1.287,-2.924
1.197,-2.9
1.157,-3.121
0.352,-3.066
-0.694,1.546
-0.794,1.372
-1.507,1.332
-1.497,1.384
-1.67,1.363
2.598,1.479
1.575,1.265
1.134,1.245
1.062,1.336
0.286,1.514
-0.741,-0.131
-1.491,0.721
3.097,-2.641
2.147,-1.373
1.724,-1.445
1.467,0.029
1.338,-0.893
0.075,-0.895
-1.183,0.842
1.57,-0.83
1.561,-0.504
1.264,-0.921
0.275,-0.385
-0.757,-1.054
2.76,-1.004
1.712,0.368
1.381,-1.145
1.195,-3.078
2.505,-2.786
1.381,-2.816
1.226,-2.476
0.088,-3.764
-0.024,-1.956
-0.025,-3.7
-0.028,-2.52
-0.055,-2.489
-0.598,-4.015
-0.725,-4.038
-0.892,-4.039
-0.97,-3.864
-1.782,-3.946
-1.957,-4.204
-1.998,-3.884
-3.061,-3.96
-3.057,-4.178
2.808,-3.947
2.382,-3.994
1.991,-4.171
1.322,-3.917
1.232,-3.893
1.192,-4.114
0.387,-4.059
-0.659,0.553
-0.759,0.379
-1.472,0.339
-1.462,0.391
-1.635,0.37
2.633,0.486
1.61,0.272
1.169,0.252
1.097,0.343
0.321,0.521
-0.706,-1.124
-1.456,-0.272
3.132,-3.634
2.182,-2.366
1.759,-2.438
1.502,-0.964
1.373,-1.886
0.11,-1.888
-1.148,-0.151
1.605,-1.823
1.596,-1.497
1.299,-1.914
0.31,-1.378
-0.722,-2.047
2.795,-1.997
1.747,-0.625
1.416,-2.138
1.23,-4.071
2.54,-3.779
1.416,-3.809
1.261,-3.469
-0.112,1.808
-0.113,0.064
-0.116,1.244
-0.143,1.275
-0.686,-0.251
-0.813,-0.274
-0.98,-0.275
-1.058,-0.1
-1.87,-0.182
-2.045,-0.44
-2.086,-0.12
3.134,-0.196
3.138,-0.414
2.72,-0.183
2.294,-0.23
1.903,-0.407
1.234,-0.153
1.144,-0.129
1.104,-0.35
0.299,-0.295
-0.747,4.317
-0.847,4.143
-1.56,4.103
-1.55,4.155
-1.723,4.134
2.545,4.25
1.522,4.036
1.081,4.016
1.009,4.107
0.233,4.285
-0.794,2.64
-1.544,3.492
3.044,0.13
2.094,1.398
1.671,1.326
1.414,2.8
1.285,1.878
0.022,1.876
-1.236,3.613
1.517,1.941
1.508,2.267
1.211,1.85
0.222,2.386
-0.81,1.717
2.707,1.767
1.659,3.139
1.328,1.626
1.142,-0.307
2.452,-0.015
1.328,-0.045
1.173,0.295
-0.001,-1.744
-0.004,-0.564
-0.031,-0.533
-0.574,-2.059
-0.701,-2.082
-0.868,-2.083
-0.946,-1.908
-1.758,-1.99
-1.933,-2.248
-1.974,-1.928
-3.037,-2.004
-3.033,-2.222
2.832,-1.991
2.406,-2.038
2.015,-2.215
1.346,-1.961
1.256,-1.937
1.216,-2.158
0.411,-2.103
-0.635,2.509
-0.735,2.335
-1.448,2.295
-1.438,2.347
-1.611,2.326
2.657,2.442
1.634,2.228
1.193,2.208
1.121,2.299
0.345,2.477
-0.682,0.832
-1.432,1.684
-3.127,-1.678
2.206,-0.41
1.783,-0.482
1.526,0.992
1.397,0.07
0.134,0.068
-1.124,1.805
1.629,0.133
1.62,0.459
1.323,0.042
0.334,0.578
-0.698,-0.091
2.819,-0.041
1.771,1.331
1.44,-0.182
1.254,-2.115
2.564,-1.823
1.44,-1.853
1.285,-1.513
-0.003,1.18
-0.03,1.211
-0.573,-0.315
-0.7,-0.338
-0.867,-0.339
-0.945,-0.164
-1.757,-0.246
-1.932,-0.504
-1.973,-0.184
-3.036,-0.26
-3.032,-0.478
2.833,-0.247
2.407,-0.294
2.016,-0.471
1.347,-0.217
1.257,-0.193
1.217,-0.414
0.412,-0.359
-0.634,4.253
-0.734,4.079
-1.447,4.039
-1.437,4.091
-1.61,4.07
2.658,4.186
1.635,3.972
1.194,3.952
1.122,4.043
0.346,4.221
-0.681,2.576
-1.431,3.428
-3.126,0.066
2.207,1.334
1.784,1.262
1.527,2.736
1.398,1.814
0.135,1.812
-1.123,3.549
1.63,1.877
1.621,2.203
1.324,1.786
0.335,2.322
-0.697,1.653
2.82,1.703
1.772,3.075
1.441,1.562
1.255,-0.371
2.565,-0.079
1.441,-0.109
1.286,0.231
-0.027,0.031
-0.57,-1.495
-0.697,-1.518
-0.864,-1.519
-0.942,-1.344
-1.754,-1.426
-1.929,-1.684
-1.97,-1.364
-3.033,-1.44
-3.029,-1.658
2.836,-1.427
2.41,-1.474
2.019,-1.651
1.35,-1.397
1.26,-1.373
1.22,-1.594
0.415,-1.539
-0.631,3.073
-0.731,2.899
-1.444,2.859
-1.434,2.911
-1.607,2.89
2.661,3.006
1.638,2.792
1.197,2.772
1.125,2.863
0.349,3.041
-0.678,1.396
-1.428,2.248
-3.123,-1.114
2.21,0.154
1.787,0.082
1.53,1.556
1.401,0.634
0.138,0.632
-1.12,2.369
1.633,0.697
1.624,1.023
1.327,0.606
0.338,1.142
-0.694,0.473
2.823,0.523
1.775,1.895
1.444,0.382
1.258,-1.551
2.568,-1.259
1.444,-1.289
1.289,-0.949
-0.543,-1.526
-0.67,-1.549
-0.837,-1.55
-0.915,-1.375
-1.727,-1.457
-1.902,-1.715
-1.943,-1.395
-3.006,-1.471
-3.002,-1.689
2.863,-1.458
2.437,-1.505
2.046,-1.682
1.377,-1.428
1.287,-1.404
1.247,-1.625
0.442,-1.57
-0.604,3.042
-0.704,2.868
-1.417,2.828
-1.407,2.88
-1.58,2.859
2.688,2.975
1.665,2.761
1.224,2.741
1.152,2.832
0.376,3.01
-0.651,1.365
-1.401,2.217
-3.096,-1.145
2.237,0.123
1.814,0.051
1.557,1.525
1.428,0.603
0.165,0.601
-1.093,2.338
1.66,0.666
1.651,0.992
1.354,0.575
0.365,1.111
-0.667,0.442
2.85,0.492
1.802,1.864
1.471,0.351
1.285,-1.582
2.595,-1.29
1.471,-1.32
1.316,-0.98
-0.127,-0.023
-0.294,-0.024
-0.372,0.151
-1.184,0.069
-1.359,-0.189
-1.4,0.131
-2.463,0.055
-2.459,-0.163
-2.877,0.068
2.98,0.021
2.589,-0.156
1.92,0.098
1.83,0.122
1.79,-0.099
0.985,-0.044
-0.061,4.568
-0.161,4.394
-0.874,4.354
-0.864,4.406
-1.037,4.385
-3.052,4.501
2.208,4.287
1.767,4.267
1.695,4.358
0.919,4.536
-0.108,2.891
-0.858,3.743
-2.553,0.381
2.78,1.649
2.357,1.577
2.1,3.051
1.971,2.129
0.708,2.127
-0.55,3.864
2.203,2.192
2.194,2.518
1.897,2.101
0.908,2.637
-0.124,1.968
-2.89,2.018
2.345,3.39
2.014,1.877
1.828,-0.056
3.138,0.236
2.014,0.206
1.859,0.546
-0.167,-0.001
-0.245,0.174
-1.057,0.092
-1.232,-0.166
-1.273,0.154
-2.336,0.078
-2.332,-0.14
-2.75,0.091
3.107,0.044
2.716,-0.133
2.047,0.121
1.957,0.145
1.917,-0.076
1.112,-0.021
0.066,4.591
-0.034,4.417
-0.747,4.377
-0.737,4.429
-0.91,4.408
-2.925,4.524
2.335,4.31
1.894,4.29
1.822,4.381
1.046,4.559
0.019,2.914
-0.731,3.766
-2.426,0.404
2.907,1.672
2.484,1.6
2.227,3.074
2.098,2.152
0.835,2.15
-0.423,3.887
2.33,2.215
2.321,2.541
2.024,2.124
1.035,2.66
0.003,1.991
-2.763,2.041
2.472,3.413
2.141,1.9
1.955,-0.033
-3.018,0.259
2.141,0.229
1.986,0.569
-0.078,0.175
-0.89,0.093
-1.065,-0.165
-1.106,0.155
-2.169,0.079
-2.165,-0.139
-2.583,0.092
-3.009,0.045
2.883,-0.132
2.214,0.122
2.124,0.146
2.084,-0.075
1.279,-0.02
0.233,4.592
0.133,4.418
-0.58,4.378
-0.57,4.43
-0.743,4.409
-2.758,4.525
2.502,4.311
2.061,4.291
1.989,4.382
1.213,4.56
0.186,2.915
-0.564,3.767
-2.259,0.405
3.074,1.673
2.651,1.601
2.394,3.075
2.265,2.153
1.002,2.151
-0.256,3.888
2.497,2.216
2.488,2.542
2.191,2.125
1.202,2.661
0.17,1.992
-2.596,2.042
2.639,3.414
2.308,1.901
2.122,-0.032
-2.851,0.26
2.308,0.23
2.153,0.57
-0.812,-0.082
-0.987,-0.34
-1.028,-0.02
-2.091,-0.096
-2.087,-0.314
-2.505,-0.083
-2.931,-0.13
2.961,-0.307
2.292,-0.053
2.202,-0.029
2.162,-0.25
1.357,-0.195
0.311,4.417
0.211,4.243
-0.502,4.203
-0.492,4.255
-0.665,4.234
-2.68,4.35
2.58,4.136
2.139,4.116
2.067,4.207
1.291,4.385
0.264,2.74
-0.486,3.592
-2.181,0.23
-3.131,1.498
2.729,1.426
2.472,2.9
2.343,1.978
1.08,1.976
-0.178,3.713
2.575,2.041
2.566,2.367
2.269,1.95
1.28,2.486
0.248,1.817
-2.518,1.867
2.717,3.239
2.386,1.726
2.2,-0.207
-2.773,0.085
2.386,0.055
2.231,0.395
-0.175,-0.258
-0.216,0.062
-1.279,-0.014
-1.275,-0.232
-1.693,-0.001
-2.119,-0.048
-2.51,-0.225
3.104,0.029
3.014,0.053
2.974,-0.168
2.169,-0.113
1.123,4.499
1.023,4.325
0.31,4.285
0.32,4.337
0.147,4.316
-1.868,4.432
-2.891,4.218
2.951,4.198
2.879,4.289
2.103,4.467
1.076,2.822
0.326,3.674
-1.369,0.312
-2.319,1.58
-2.742,1.508
-2.999,2.982
-3.128,2.06
1.892,2.058
0.634,3.795
-2.896,2.123
-2.905,2.449
3.081,2.032
2.092,2.568
1.06,1.899
-1.706,1.949
-2.754,3.321
-3.085,1.808
3.012,-0.125
-1.961,0.167
-3.085,0.137
3.043,0.477
-0.041,0.32
-1.104,0.244
-1.1,0.026
-1.518,0.257
-1.944,0.21
-2.335,0.033
-3.004,0.287
-3.094,0.311
-3.134,0.09
2.344,0.145
1.298,4.757
1.198,4.583
0.485,4.543
0.495,4.595
0.322,4.574
-1.693,4.69
-2.716,4.476
3.126,4.456
3.054,4.547
2.278,4.725
1.251,3.08
0.501,3.932
-1.194,0.57
-2.144,1.838
-2.567,1.766
-2.824,3.24
-2.953,2.318
2.067,2.316
0.809,4.053
-2.721,2.381
-2.73,2.707
-3.027,2.29
2.267,2.826
1.235,2.157
-1.531,2.207
-2.579,3.579
-2.91,2.066
-3.096,0.133
-1.786,0.425
-2.91,0.395
-3.065,0.735
-1.063,-0.076
-1.059,-0.294
-1.477,-0.063
-1.903,-0.11
-2.294,-0.287
-2.963,-0.033
-3.053,-0.009
-3.093,-0.23
2.385,-0.175
1.339,4.437
1.239,4.263
0.526,4.223
0.536,4.275
0.363,4.254
-1.652,4.37
-2.675,4.156
-3.116,4.136
3.095,4.227
2.319,4.405
1.292,2.76
0.542,3.612
-1.153,0.25
-2.103,1.518
-2.526,1.446
-2.783,2.92
-2.912,1.998
2.108,1.996
0.85,3.733
-2.68,2.061
-2.689,2.387
-2.986,1.97
2.308,2.506
1.276,1.837
-1.49,1.887
-2.538,3.259
-2.869,1.746
-3.055,-0.187
-1.745,0.105
-2.869,0.075
-3.024,0.415
0.004,-0.218
-0.414,0.013
-0.84,-0.034
-1.231,-0.211
-1.9,0.043
-1.99,0.067
-2.03,-0.154
-2.835,-0.099
2.402,4.513
2.302,4.339
1.589,4.299
1.599,4.351
1.426,4.33
-0.589,4.446
-1.612,4.232
-2.053,4.212
-2.125,4.303
-2.901,4.481
2.355,2.836
1.605,3.688
-0.09,0.326
-1.04,1.594
-1.463,1.522
-1.72,2.996
-1.849,2.074
-3.112,2.072
1.913,3.809
-1.617,2.137
-1.626,2.463
-1.923,2.046
-2.912,2.582
2.339,1.913
-0.427,1.963
-1.475,3.335
-1.806,1.822
-1.992,-0.111
-0.682,0.181
-1.806,0.151
-1.961,0.491
-0.418,0.231
-0.844,0.184
-1.235,0.007
-1.904,0.261
-1.994,0.285
-2.034,0.064
-2.839,0.119
2.398,4.731
2.298,4.557
1.585,4.517
1.595,4.569
1.422,4.548
-0.593,4.664
-1.616,4.45
-2.057,4.43
-2.129,4.521
-2.905,4.699
2.351,3.054
1.601,3.906
-0.094,0.544
-1.044,1.812
-1.467,1.74
-1.724,3.214
-1.853,2.292
-3.116,2.29
1.909,4.027
-1.621,2.355
-1.63,2.681
-1.927,2.264
-2.916,2.8
2.335,2.131
-0.431,2.181
-1.479,3.553
-1.81,2.04
-1.996,0.107
-0.686,0.399
-1.81,0.369
-1.965,0.709
-0.426,-0.047
-0.817,-0.224
-1.486,0.03
-1.576,0.054
-1.616,-0.167
-2.421,-0.112
2.816,4.5
2.716,4.326
2.003,4.286
2.013,4.338
1.84,4.317
-0.175,4.433
-1.198,4.219
-1.639,4.199
-1.711,4.29
-2.487,4.468
2.769,2.823
2.019,3.675
0.324,0.313
-0.626,1.581
-1.049,1.509
-1.306,2.983
-1.435,2.061
-2.698,2.059
2.327,3.796
-1.203,2.124
-1.212,2.45
-1.509,2.033
-2.498,2.569
2.753,1.9
-0.013,1.95
-1.061,3.322
-1.392,1.809
-1.578,-0.124
-0.268,0.168
-1.392,0.138
-1.547,0.478
-0.391,-0.177
-1.06,0.077
-1.15,0.101
-1.19,-0.12
-1.995,-0.065
-3.041,4.547
-3.141,4.373
2.429,4.333
2.439,4.385
2.266,4.364
0.251,4.48
-0.772,4.266
-1.213,4.246
-1.285,4.337
-2.061,4.515
-3.088,2.87
2.445,3.722
0.75,0.36
-0.2,1.628
-0.623,1.556
-0.88,3.03
-1.009,2.108
-2.272,2.106
2.753,3.843
-0.777,2.171
-0.786,2.497
-1.083,2.08
-2.072,2.616
-3.104,1.947
0.413,1.997
-0.635,3.369
-0.966,1.856
-1.152,-0.077
0.158,0.215
-0.966,0.185
-1.121,0.525
-0.669,0.254
-0.759,0.278
-0.799,0.057
-1.604,0.112
-2.65,4.724
-2.75,4.55
2.82,4.51
2.83,4.562
2.657,4.541
0.642,4.657
-0.381,4.443
-0.822,4.423
-0.894,4.514
-1.67,4.692
-2.697,3.047
2.836,3.899
1.141,0.537
0.191,1.805
-0.232,1.733
-0.489,3.207
-0.618,2.285
-1.881,2.283
-3.139,4.02
-0.386,2.348
-0.395,2.674
-0.692,2.257
-1.681,2.793
-2.713,2.124
0.804,2.174
-0.244,3.546
-0.575,2.033
-0.761,0.1
0.549,0.392
-0.575,0.362
-0.73,0.702
-0.09,0.024
-0.13,-0.197
-0.935,-0.142
-1.981,4.47
-2.081,4.296
-2.794,4.256
-2.784,4.308
-2.957,4.287
1.311,4.403
0.288,4.189
-0.153,4.169
-0.225,4.26
-1.001,4.438
-2.028,2.793
-2.778,3.645
1.81,0.283
0.86,1.551
0.437,1.479
0.18,2.953
0.051,2.031
-1.212,2.029
-2.47,3.766
0.283,2.094
0.274,2.42
-0.023,2.003
-1.012,2.539
-2.044,1.87
1.473,1.92
0.425,3.292
0.094,1.779
-0.092,-0.154
1.218,0.138
0.094,0.108
-0.061,0.448
-0.04,-0.221
-0.845,-0.166
-1.891,4.446
-1.991,4.272
-2.704,4.232
-2.694,4.284
-2.867,4.263
1.401,4.379
0.378,4.165
-0.063,4.145
-0.135,4.236
-0.911,4.414
-1.938,2.769
-2.688,3.621
1.9,0.259
0.95,1.527
0.527,1.455
0.27,2.929
0.141,2.007
-1.122,2.005
-2.38,3.742
0.373,2.07
0.364,2.396
0.067,1.979
-0.922,2.515
-1.954,1.846
1.563,1.896
0.515,3.268
0.184,1.755
-0.002,-0.178
1.308,0.114
0.184,0.084
0.029,0.424
-0.805,0.055
-1.851,4.667
-1.951,4.493
-2.664,4.453
-2.654,4.505
-2.827,4.484
1.441,4.6
0.418,4.386
-0.023,4.366
-0.095,4.457
-0.871,4.635
-1.898,2.99
-2.648,3.842
1.94,0.48
0.99,1.748
0.567,1.676
0.31,3.15
0.181,2.228
-1.082,2.226
-2.34,3.963
0.413,2.291
0.404,2.617
0.107,2.2
-0.882,2.736
-1.914,2.067
1.603,2.117
0.555,3.489
0.224,1.976
0.038,0.043
1.348,0.335
0.224,0.305
0.069,0.645
-1.046,4.612
-1.146,4.438
-1.859,4.398
-1.849,4.45
-2.022,4.429
2.246,4.545
1.223,4.331
0.782,4.311
0.71,4.402
-0.066,4.58
-1.093,2.935
-1.843,3.787
2.745,0.425
1.795,1.693
1.372,1.621
1.115,3.095
0.986,2.173
-0.277,2.171
-1.535,3.908
1.218,2.236
1.209,2.562
0.912,2.145
-0.077,2.681
-1.109,2.012
2.408,2.062
1.36,3.434
1.029,1.921
0.843,-0.012
2.153,0.28
1.029,0.25
0.874,0.59
-0.1,-0.174
-0.813,-0.214
-0.803,-0.162
-0.976,-0.183
-2.991,-0.067
2.269,-0.281
1.828,-0.301
1.756,-0.21
0.98,-0.032
-0.047,-1.677
-0.797,-0.825
-2.492,-4.187
2.841,-2.919
2.418,-2.991
2.161,-1.517
2.032,-2.439
0.769,-2.441
-0.489,-0.704
2.264,-2.376
2.255,-2.05
1.958,-2.467
0.969,-1.931
-0.063,-2.6
-2.829,-2.55
2.406,-1.178
2.075,-2.691
1.889,-4.624
-3.084,-4.332
2.075,-4.362
1.92,-4.022
-0.713,-0.04
-0.703,0.012
-0.876,-0.009
-2.891,0.107
2.369,-0.107
1.928,-0.127
1.856,-0.036
1.08,0.142
0.053,-1.503
-0.697,-0.651
-2.392,-4.013
2.941,-2.745
2.518,-2.817
2.261,-1.343
2.132,-2.265
0.869,-2.267
-0.389,-0.53
2.364,-2.202
2.355,-1.876
2.058,-2.293
1.069,-1.757
0.037,-2.426
-2.729,-2.376
2.506,-1.004
2.175,-2.517
1.989,-4.45
-2.984,-4.158
2.175,-4.188
2.02,-3.848
0.01,0.052
-0.163,0.031
-2.178,0.147
3.082,-0.067
2.641,-0.087
2.569,0.004
1.793,0.182
0.766,-1.463
0.016,-0.611
-1.679,-3.973
-2.629,-2.705
-3.052,-2.777
2.974,-1.303
2.845,-2.225
1.582,-2.227
0.324,-0.49
3.077,-2.162
3.068,-1.836
2.771,-2.253
1.782,-1.717
0.75,-2.386
-2.016,-2.336
-3.064,-0.964
2.888,-2.477
2.702,-4.41
-2.271,-4.118
2.888,-4.148
2.733,-3.808
-0.173,-0.021
-2.188,0.095
3.072,-0.119
2.631,-0.139
2.559,-0.048
1.783,0.13
0.756,-1.515
0.006,-0.663
-1.689,-4.025
-2.639,-2.757
-3.062,-2.829
2.964,-1.355
2.835,-2.277
1.572,-2.279
0.314,-0.542
3.067,-2.214
3.058,-1.888
2.761,-2.305
1.772,-1.769
0.74,-2.438
-2.026,-2.388
-3.074,-1.016
2.878,-2.529
2.692,-4.462
-2.281,-4.17
2.878,-4.2
2.723,-3.86
-2.015,0.116
-3.038,-0.098
2.804,-0.118
2.732,-0.027
1.956,0.151
0.929,-1.494
0.179,-0.642
-1.516,-4.004
-2.466,-2.736
-2.889,-2.808
3.137,-1.334
3.008,-2.256
1.745,-2.258
0.487,-0.521
-3.043,-2.193
-3.052,-1.867
2.934,-2.284
1.945,-1.748
0.913,-2.417
-1.853,-2.367
-2.901,-0.995
3.051,-2.508
2.865,-4.441
-2.108,-4.149
3.051,-4.179
2.896,-3.839
-1.023,-0.214
-1.464,-0.234
-1.536,-0.143
-2.312,0.035
2.944,-1.61
2.194,-0.758
0.499,-4.12
-0.451,-2.852
-0.874,-2.924
-1.131,-1.45
-1.26,-2.372
-2.523,-2.374
2.502,-0.637
-1.028,-2.309
-1.037,-1.983
-1.334,-2.4
-2.323,-1.864
2.928,-2.533
0.162,-2.483
-0.886,-1.111
-1.217,-2.624
-1.403,-4.557
-0.093,-4.265
-1.217,-4.295
-1.372,-3.955
-0.441,-0.02
-0.513,0.071
-1.289,0.249
-2.316,-1.396
-3.066,-0.544
1.522,-3.906
0.572,-2.638
0.149,-2.71
-0.108,-1.236
-0.237,-2.158
-1.5,-2.16
-2.758,-0.423
-0.005,-2.095
-0.014,-1.769
-0.311,-2.186
-1.3,-1.65
-2.332,-2.319
1.185,-2.269
0.137,-0.897
-0.194,-2.41
-0.38,-4.343
0.93,-4.051
-0.194,-4.081
-0.349,-3.741
-0.072,0.091
-0.848,0.269
-1.875,-1.376
-2.625,-0.524
1.963,-3.886
1.013,-2.618
0.59,-2.69
0.333,-1.216
0.204,-2.138
-1.059,-2.14
-2.317,-0.403
0.436,-2.075
0.427,-1.749
0.13,-2.166
-0.859,-1.63
-1.891,-2.299
1.626,-2.249
0.578,-0.877
0.247,-2.39
0.061,-4.323
1.371,-4.031
0.247,-4.061
0.092,-3.721
-0.776,0.178
-1.803,-1.467
-2.553,-0.615
2.035,-3.977
1.085,-2.709
0.662,-2.781
0.405,-1.307
0.276,-2.229
-0.987,-2.231
-2.245,-0.494
0.508,-2.166
0.499,-1.84
0.202,-2.257
-0.787,-1.721
-1.819,-2.39
1.698,-2.34
0.65,-0.968
0.319,-2.481
0.133,-4.414
1.443,-4.122
0.319,-4.152
0.164,-3.812
-1.027,-1.645
-1.777,-0.793
2.811,-4.155
1.861,-2.887
1.438,-2.959
1.181,-1.485
1.052,-2.407
-0.211,-2.409
-1.469,-0.672
1.284,-2.344
1.275,-2.018
0.978,-2.435
-0.011,-1.899
-1.043,-2.568
2.474,-2.518
1.426,-1.146
1.095,-2.659
0.909,-4.592
2.219,-4.3
1.095,-4.33
0.94,-3.99
-0.75,0.852
-2.445,-2.51
2.888,-1.242
2.465,-1.314
2.208,0.16
2.079,-0.762
0.816,-0.764
-0.442,0.973
2.311,-0.699
2.302,-0.373
2.005,-0.79
1.016,-0.254
-0.016,-0.923
-2.782,-0.873
2.453,0.499
2.122,-1.014
1.936,-2.947
-3.037,-2.655
2.122,-2.685
1.967,-2.345
-1.695,-3.362
-2.645,-2.094
-3.068,-2.166
2.958,-0.692
2.829,-1.614
1.566,-1.616
0.308,0.121
3.061,-1.551
3.052,-1.225
2.755,-1.642
1.766,-1.106
0.734,-1.775
-2.032,-1.725
-3.08,-0.353
2.872,-1.866
2.686,-3.799
-2.287,-3.507
2.872,-3.537
2.717,-3.197
-0.95,1.268
-1.373,1.196
-1.63,2.67
-1.759,1.748
-3.022,1.746
2.003,3.483
-1.527,1.811
-1.536,2.137
-1.833,1.72
-2.822,2.256
2.429,1.587
-0.337,1.637
-1.385,3.009
-1.716,1.496
-1.902,-0.437
-0.592,-0.145
-1.716,-0.175
-1.871,0.165
-0.423,-0.072
-0.68,1.402
-0.809,0.48
-2.072,0.478
2.953,2.215
-0.577,0.543
-0.586,0.869
-0.883,0.452
-1.872,0.988
-2.904,0.319
0.613,0.369
-0.435,1.741
-0.766,0.228
-0.952,-1.705
0.358,-1.413
-0.766,-1.443
-0.921,-1.103
-0.257,1.474
-0.386,0.552
-1.649,0.55
-2.907,2.287
-0.154,0.615
-0.163,0.941
-0.46,0.524
-1.449,1.06
-2.481,0.391
1.036,0.441
-0.012,1.813
-0.343,0.3
-0.529,-1.633
0.781,-1.341
-0.343,-1.371
-0.498,-1.031
-0.129,-0.922
-1.392,-0.924
-2.65,0.813
0.103,-0.859
0.094,-0.533
-0.203,-0.95
-1.192,-0.414
-2.224,-1.083
1.293,-1.033
0.245,0.339
-0.086,-1.174
-0.272,-3.107
1.038,-2.815
-0.086,-2.845
-0.241,-2.505
-1.263,-0.002
-2.521,1.735
0.232,0.063
0.223,0.389
-0.074,-0.028
-1.063,0.508
-2.095,-0.161
1.422,-0.111
0.374,1.261
0.043,-0.252
-0.143,-2.185
1.167,-1.893
0.043,-1.923
-0.112,-1.583
-1.258,1.737
1.495,0.065
1.486,0.391
1.189,-0.026
0.2,0.51
-0.832,-0.159
2.685,-0.109
1.637,1.263
1.306,-0.25
1.12,-2.183
2.43,-1.891
1.306,-1.921
1.151,-1.581
2.753,-1.672
2.744,-1.346
2.447,-1.763
1.458,-1.227
0.426,-1.896
-2.34,-1.846
2.895,-0.474
2.564,-1.987
2.378,-3.92
-2.595,-3.628
2.564,-3.658
2.409,-3.318
-0.009,0.326
-0.306,-0.091
-1.295,0.445
-2.327,-0.224
1.19,-0.174
0.142,1.198
-0.189,-0.315
-0.375,-2.248
0.935,-1.956
-0.189,-1.986
-0.344,-1.646
-0.297,-0.417
-1.286,0.119
-2.318,-0.55
1.199,-0.5
0.151,0.872
-0.18,-0.641
-0.366,-2.574
0.944,-2.282
-0.18,-2.312
-0.335,-1.972
-0.989,0.536
-2.021,-0.133
1.496,-0.083
0.448,1.289
0.117,-0.224
-0.069,-2.157
1.241,-1.865
0.117,-1.895
-0.038,-1.555
-1.032,-0.669
2.485,-0.619
1.437,0.753
1.106,-0.76
0.92,-2.693
2.23,-2.401
1.106,-2.431
0.951,-2.091
-2.766,0.05
2.469,1.422
2.138,-0.091
1.952,-2.024
-3.021,-1.732
2.138,-1.762
1.983,-1.422
-1.048,1.372
-1.379,-0.141
-1.565,-2.074
-0.255,-1.782
-1.379,-1.812
-1.534,-1.472
-0.331,-1.513
-0.517,-3.446
0.793,-3.154
-0.331,-3.184
-0.486,-2.844
-0.186,-1.933
1.124,-1.641
0.0,-1.671
-0.155,-1.331
1.31,0.292
0.186,0.262
0.031,0.602
-1.124,-0.03
-1.279,0.31
-0.155,0.34
