-0.16,0.703
-0.207,-1.29
-0.194,1.83
-0.227,1.07
-0.261,0.486
-0.312,1.641
-0.441,1.315
-0.431,0.438
-0.517,0.734
-0.448,0.267
-0.472,-0.23
-0.563,0.361
-0.637,-0.384
-0.574,-0.737
-0.658,0.175
-0.679,-1.68
-0.695,1.968
-0.727,-0.876
-0.746,-0.628
-0.774,0.833
-0.786,-0.847
-0.846,-1.322
-0.805,0.475
-0.875,0.562
-0.908,-0.831
-0.94,1.049
-0.996,-0.935
-1.019,1.273
-1.01,0.61
-1.035,-1.706
-1.11,0.143
-1.071,0.103
-1.151,-0.375
-1.109,-0.013
-1.16,1.569
-1.18,-0.26
-1.191,0.833
-1.218,-0.963
-1.25,2.243
-1.427,1.411
-1.467,-0.991
-1.452,-0.544
-1.63,-1.624
-1.625,-0.343
-1.634,-0.851
-1.636,-0.51
-1.734,-0.311
-1.717,0.209
-1.826,1.777
-1.786,0.99
-1.911,-0.978
-1.904,0.978
-1.989,2.213
-2.199,0.646
-2.198,-1.498
-2.346,0.058
-2.366,1.237
-2.397,-0.921
-2.441,0.834
-2.395,1.066
-2.531,1.244
-2.521,1.838
-2.603,0.59
-2.639,0.497
-2.58,1.117
-2.69,1.318
-2.719,-0.134
-2.737,-0.097
-2.704,-0.832
-2.792,-0.9
-2.86,-1.327
-2.871,-0.699
-2.866,-0.453
-2.978,-1.465
-2.988,-0.909
-2.95,-0.077
-2.957,0.199
-3.128,-0.328
3.117,-1.06
3.08,1.826
2.978,1.722
2.977,-0.248
2.982,2.055
2.982,1.484
2.96,1.181
2.8,1.222
2.819,1.855
2.782,0.971
2.7,0.509
2.6,1.083
2.635,-0.714
2.355,0.212
2.367,-1.664
2.365,0.25
2.294,-0.289
2.355,0.235
2.322,-1.366
2.306,-0.625
2.303,1.501
2.28,-0.389
2.253,-0.991
2.259,1.544
2.189,0.849
2.151,1.742
2.077,1.083
2.084,1.278
1.981,-0.028
1.99,0.542
1.966,0.763
1.935,0.761
1.849,0.45
1.508,1.271
1.413,-0.003
1.398,-0.508
1.471,-0.041
1.426,-0.346
1.223,0.488
1.04,-0.561
0.93,1.796
0.925,-1.025
0.937,-0.722
0.922,1.439
0.801,-1.735
0.738,-0.71
0.637,-1.272
0.651,0.304
0.575,0.192
0.444,-0.919
0.353,0.121
0.343,2.025
0.309,2.114
0.243,-0.868
0.122,-0.852
0.019,1.481
-0.01,-1.213
-0.034,-0.027
-0.093,-2.048
-0.594,-1.935
-0.639,-2.059
-1.094,-1.762
-1.042,-1.829
-1.29,-1.977
-2.599,-2.182
-2.932,-2.212
-3.009,-2.199
2.981,-1.92
2.541,-1.911
2.517,-2.164
2.17,-2.107
2.167,-2.102
1.949,-2.276
1.778,-2.289
1.449,-1.761
1.421,-2.103
1.091,-1.941
1.135,-2.16
1.057,-2.148
0.911,-2.236
0.797,-1.919
0.078,-1.871
0.133,-1.834
-0.184,2.114
-0.638,2.431
-0.836,2.624
-1.076,2.324
-2.055,2.304
-3.079,2.357
3.068,2.399
2.755,2.628
1.024,2.254
0.877,2.379
0.768,2.33
0.457,2.186
0.503,2.643
0.449,2.264
0.509,2.37
0.426,2.287
0.223,2.3
-0.545,2.04
-0.612,0.523
1.062,-1.652
0.524,-0.891
2.724,2.338
2.378,2.29
-0.013,0.264
-0.188,2.033
-0.239,-1.566
-0.188,0.455
-0.27,1.038
-0.363,-0.443
-0.36,-0.513
-0.453,0.473
-0.457,-1.324
-0.778,2.141
-0.843,-1.537
-0.851,1.767
-0.721,1.101
-0.814,2.135
-0.842,0.635
-0.872,-0.985
-0.712,0.046
-0.712,-0.672
-0.871,0.906
-0.89,-0.323
-0.891,0.643
-0.933,-0.867
-0.959,1.265
-1.057,-0.307
-1.079,0.754
-1.011,-0.745
-1.052,-0.101
-1.217,-0.99
-1.188,-1.291
-1.412,-1.397
-1.505,-0.116
-1.367,1.44
-1.54,0.338
-1.632,1.718
-1.506,0.145
-1.64,-0.829
-1.817,0.648
-1.983,1.893
-2.144,1.526
-2.234,1.76
-2.244,1.94
-2.325,0.028
-2.332,1.496
-2.221,0.828
-2.381,-0.428
-2.372,1.222
-2.525,0.938
-2.7,-1.474
-2.62,0.204
-2.628,2.217
-2.715,-1.124
-2.838,-0.206
-2.877,0.309
-2.923,0.863
-2.834,-1.72
-2.958,0.528
-2.958,2.137
-2.89,-1.725
-3.019,-0.198
-3.046,-1.729
-3.091,-0.642
-3.129,1.778
3.106,0.995
-3.13,-1.297
3.136,1.23
3.132,-1.568
2.968,0.449
2.976,0.939
2.852,1.837
2.845,1.598
2.945,-0.406
2.685,-1.352
2.821,-1.639
2.748,-1.535
2.637,-0.358
2.56,1.542
2.664,-0.748
2.555,-0.18
2.42,-1.27
2.159,1.393
2.133,-0.179
2.035,0.487
1.931,1.08
1.861,0.75
1.662,-0.366
1.629,-1.67
1.759,-1.435
1.622,-1.283
1.684,-1.562
1.531,1.891
1.613,-0.527
1.53,-1.462
1.388,-1.239
1.523,-0.074
1.473,0.483
1.102,-0.214
1.122,-0.005
0.885,-1.688
0.691,-1.628
0.719,-0.167
0.491,0.035
0.377,-1.405
0.295,1.993
0.292,0.496
0.286,-0.194
0.374,1.119
0.049,-0.496
0.14,-0.671
0.123,-1.24
-0.043,-0.583
-0.04,-2.091
-0.509,-1.827
-0.677,-1.851
-0.71,-2.101
-1.039,-2.195
-1.553,-1.707
-1.582,-1.956
-1.598,-1.92
-1.747,-1.948
-2.751,-1.862
-2.803,-2.167
3.118,-2.166
-3.083,-1.932
2.78,-1.83
2.546,-1.819
1.476,-1.968
0.398,-1.868
0.229,-2.15
0.102,-1.819
-1.158,2.464
-2.35,2.467
-2.323,2.627
-2.528,2.496
-2.713,2.26
-3.129,2.492
2.013,2.425
1.893,2.326
1.36,2.39
1.086,2.309
0.788,2.521
-2.003,-1.735
1.623,-0.344
1.089,0.349
-0.598,0.403
0.65,1.935
0.619,0.865
0.467,1.131
0.467,1.56
-0.952,0.51
-2.169,0.595
3.049,0.562
2.712,0.604
1.831,0.615
1.536,-2.059
1.625,2.232
-0.047,-1.993
-0.034,1.127
-0.067,0.367
-0.101,-0.217
-0.152,0.938
-0.281,0.612
-0.271,-0.265
-0.357,0.031
-0.288,-0.436
-0.312,-0.933
-0.403,-0.342
-0.477,-1.087
-0.414,-1.44
-0.498,-0.528
-0.519,-2.383
-0.535,1.265
-0.567,-1.579
-0.586,-1.331
-0.614,0.13
-0.626,-1.55
-0.686,-2.025
-0.645,-0.228
-0.715,-0.141
-0.748,-1.534
-0.78,0.346
-0.836,-1.638
-0.859,0.57
-0.85,-0.093
-0.875,-2.409
-0.95,-0.56
-0.911,-0.6
-0.991,-1.078
-0.949,-0.716
-1.0,0.866
-1.02,-0.963
-1.031,0.13
-1.058,-1.666
-1.09,1.54
-1.267,0.708
-1.307,-1.694
-1.292,-1.247
-1.47,-2.327
-1.465,-1.046
-1.474,-1.554
-1.476,-1.213
-1.574,-1.014
-1.557,-0.494
-1.666,1.074
-1.626,0.287
-1.751,-1.681
-1.744,0.275
-1.829,1.51
-2.039,-0.057
-2.038,-2.201
-2.186,-0.645
-2.206,0.534
-2.237,-1.624
-2.281,0.131
-2.235,0.363
-2.371,0.541
-2.361,1.135
-2.443,-0.113
-2.479,-0.206
-2.42,0.414
-2.53,0.615
-2.559,-0.837
-2.577,-0.8
-2.544,-1.535
-2.632,-1.603
-2.7,-2.03
-2.711,-1.402
-2.706,-1.156
-2.818,-2.168
-2.828,-1.612
-2.79,-0.78
-2.797,-0.504
-2.968,-1.031
-3.006,-1.763
-3.043,1.123
3.138,1.019
3.137,-0.951
-3.141,1.352
-3.141,0.781
3.12,0.478
2.96,0.519
2.979,1.152
2.942,0.268
2.86,-0.194
2.76,0.38
2.795,-1.417
2.515,-0.491
2.527,-2.367
2.525,-0.453
2.454,-0.992
2.515,-0.468
2.482,-2.069
2.466,-1.328
2.463,0.798
2.44,-1.092
2.413,-1.694
2.419,0.841
2.349,0.146
2.311,1.039
2.237,0.38
2.244,0.575
2.141,-0.731
2.15,-0.161
2.126,0.06
2.095,0.058
2.009,-0.253
1.668,0.568
1.573,-0.706
1.558,-1.211
1.631,-0.744
1.586,-1.049
1.383,-0.215
1.2,-1.264
1.09,1.093
1.085,-1.728
1.097,-1.425
1.082,0.736
0.961,-2.438
0.898,-1.413
0.797,-1.975
0.811,-0.399
0.735,-0.511
0.604,-1.622
0.513,-0.582
0.503,1.322
0.469,1.411
0.403,-1.571
0.282,-1.555
0.179,0.778
0.15,-1.916
0.126,-0.73
0.067,-2.751
-0.434,-2.638
-0.479,-2.762
-0.934,-2.465
-0.882,-2.532
-1.13,-2.68
-2.439,-2.885
-2.772,-2.915
-2.849,-2.902
3.141,-2.623
2.701,-2.614
2.677,-2.867
2.33,-2.81
2.327,-2.805
2.109,-2.979
1.938,-2.992
1.609,-2.464
1.581,-2.806
1.251,-2.644
1.295,-2.863
1.217,-2.851
1.071,-2.939
0.957,-2.622
0.238,-2.574
0.293,-2.537
-0.024,1.411
-0.478,1.728
-0.676,1.921
-0.916,1.621
-1.895,1.601
-2.919,1.654
-3.055,1.696
2.915,1.925
1.184,1.551
1.037,1.676
0.928,1.627
0.617,1.483
0.663,1.94
0.609,1.561
0.669,1.667
0.586,1.584
0.383,1.597
-0.385,1.337
-0.452,-0.18
1.222,-2.355
0.684,-1.594
2.884,1.635
2.538,1.587
0.147,-0.439
-0.028,1.33
-0.079,-2.269
-0.028,-0.248
-0.11,0.335
-0.203,-1.146
-0.2,-1.216
-0.293,-0.23
-0.297,-2.027
-0.618,1.438
-0.683,-2.24
-0.691,1.064
-0.561,0.398
-0.654,1.432
-0.682,-0.068
-0.712,-1.688
-0.552,-0.657
-0.552,-1.375
-0.711,0.203
-0.73,-1.026
-0.731,-0.06
-0.773,-1.57
-0.799,0.562
-0.897,-1.01
-0.919,0.051
-0.851,-1.448
-0.892,-0.804
-1.057,-1.693
-1.028,-1.994
-1.252,-2.1
-1.345,-0.819
-1.207,0.737
-1.38,-0.365
-1.472,1.015
-1.346,-0.558
-1.48,-1.532
-1.657,-0.055
-1.823,1.19
-1.984,0.823
-2.074,1.057
-2.084,1.237
-2.165,-0.675
-2.172,0.793
-2.061,0.125
-2.221,-1.131
-2.212,0.519
-2.365,0.235
-2.54,-2.177
-2.46,-0.499
-2.468,1.514
-2.555,-1.827
-2.678,-0.909
-2.717,-0.394
-2.763,0.16
-2.674,-2.423
-2.798,-0.175
-2.798,1.434
-2.73,-2.428
-2.859,-0.901
-2.886,-2.432
-2.931,-1.345
-2.969,1.075
-3.017,0.292
-2.97,-2.0
-2.987,0.527
-2.991,-2.271
3.128,-0.254
3.136,0.236
3.012,1.134
3.005,0.895
3.105,-1.109
2.845,-2.055
2.981,-2.342
2.908,-2.238
2.797,-1.061
2.72,0.839
2.824,-1.451
2.715,-0.883
2.58,-1.973
2.319,0.69
2.293,-0.882
2.195,-0.216
2.091,0.377
2.021,0.047
1.822,-1.069
1.789,-2.373
1.919,-2.138
1.782,-1.986
1.844,-2.265
1.691,1.188
1.773,-1.23
1.69,-2.165
1.548,-1.942
1.683,-0.777
1.633,-0.22
1.262,-0.917
1.282,-0.708
1.045,-2.391
0.851,-2.331
0.879,-0.87
0.651,-0.668
0.537,-2.108
0.455,1.29
0.452,-0.207
0.446,-0.897
0.534,0.416
0.209,-1.199
0.3,-1.374
0.283,-1.943
0.117,-1.286
0.12,-2.794
-0.349,-2.53
-0.517,-2.554
-0.55,-2.804
-0.879,-2.898
-1.393,-2.41
-1.422,-2.659
-1.438,-2.623
-1.587,-2.651
-2.591,-2.565
-2.643,-2.87
-3.005,-2.869
-2.923,-2.635
2.94,-2.533
2.706,-2.522
1.636,-2.671
0.558,-2.571
0.389,-2.853
0.262,-2.522
-0.998,1.761
-2.19,1.764
-2.163,1.924
-2.368,1.793
-2.553,1.557
-2.969,1.789
2.173,1.722
2.053,1.623
1.52,1.687
1.246,1.606
0.948,1.818
-1.843,-2.438
1.783,-1.047
1.249,-0.354
-0.438,-0.3
0.81,1.232
0.779,0.162
0.627,0.428
0.627,0.857
-0.792,-0.193
-2.009,-0.108
-3.074,-0.141
2.872,-0.099
1.991,-0.088
1.696,-2.762
1.785,1.529
0.013,3.12
-0.02,2.36
-0.054,1.776
-0.105,2.931
-0.234,2.605
-0.224,1.728
-0.31,2.024
-0.241,1.557
-0.265,1.06
-0.356,1.651
-0.43,0.906
-0.367,0.553
-0.451,1.465
-0.472,-0.39
-0.488,3.258
-0.52,0.414
-0.539,0.662
-0.567,2.123
-0.579,0.443
-0.639,-0.032
-0.598,1.765
-0.668,1.852
-0.701,0.459
-0.733,2.339
-0.789,0.355
-0.812,2.563
-0.803,1.9
-0.828,-0.416
-0.903,1.433
-0.864,1.393
-0.944,0.915
-0.902,1.277
-0.953,2.859
-0.973,1.03
-0.984,2.123
-1.011,0.327
-1.043,3.533
-1.22,2.701
-1.26,0.299
-1.245,0.746
-1.423,-0.334
-1.418,0.947
-1.427,0.439
-1.429,0.78
-1.527,0.979
-1.51,1.499
-1.619,3.067
-1.579,2.28
-1.704,0.312
-1.697,2.268
-1.782,3.503
-1.992,1.936
-1.991,-0.208
-2.139,1.348
-2.159,2.527
-2.19,0.369
-2.234,2.124
-2.188,2.356
-2.324,2.534
-2.314,3.128
-2.396,1.88
-2.432,1.787
-2.373,2.407
-2.483,2.608
-2.512,1.156
-2.53,1.193
-2.497,0.458
-2.585,0.39
-2.653,-0.037
-2.664,0.591
-2.659,0.837
-2.771,-0.175
-2.781,0.381
-2.743,1.213
-2.75,1.489
-2.921,0.962
-2.959,0.23
-2.996,3.116
-3.098,3.012
-3.099,1.042
-3.094,3.345
-3.094,2.774
-3.116,2.471
3.007,2.512
3.026,3.145
2.989,2.261
2.907,1.799
2.807,2.373
2.842,0.576
2.562,1.502
2.574,-0.374
2.572,1.54
2.501,1.001
2.562,1.525
2.529,-0.076
2.513,0.665
2.51,2.791
2.487,0.901
2.46,0.299
2.466,2.834
2.396,2.139
2.358,3.032
2.284,2.373
2.291,2.568
2.188,1.262
2.197,1.832
2.173,2.053
2.142,2.051
2.056,1.74
1.715,2.561
1.62,1.287
1.605,0.782
1.678,1.249
1.633,0.944
1.43,1.778
1.247,0.729
1.137,3.086
1.132,0.265
1.144,0.568
1.129,2.729
1.008,-0.445
0.945,0.58
0.844,0.018
0.858,1.594
0.782,1.482
0.651,0.371
0.56,1.411
0.55,3.315
0.516,3.404
0.45,0.422
0.329,0.438
0.226,2.771
0.197,0.077
0.173,1.263
0.114,-0.758
-0.387,-0.645
-0.432,-0.769
-0.887,-0.472
-0.835,-0.539
-1.083,-0.687
-2.392,-0.892
-2.725,-0.922
-2.802,-0.909
-3.095,-0.63
2.748,-0.621
2.724,-0.874
2.377,-0.817
2.374,-0.812
2.156,-0.986
1.985,-0.999
1.656,-0.471
1.628,-0.813
1.298,-0.651
1.342,-0.87
1.264,-0.858
1.118,-0.946
1.004,-0.629
0.285,-0.581
0.34,-0.544
0.023,3.404
-0.431,3.721
-0.629,3.914
-0.869,3.614
-1.848,3.594
-2.872,3.647
-3.008,3.689
2.962,3.918
1.231,3.544
1.084,3.669
0.975,3.62
0.664,3.476
0.71,3.933
0.656,3.554
0.716,3.66
0.633,3.577
0.43,3.59
-0.338,3.33
-0.405,1.813
1.269,-0.362
0.731,0.399
2.931,3.628
2.585,3.58
0.194,1.554
0.019,3.323
-0.032,-0.276
0.019,1.745
-0.063,2.328
-0.156,0.847
-0.153,0.777
-0.246,1.763
-0.25,-0.034
-0.571,3.431
-0.636,-0.247
-0.644,3.057
-0.514,2.391
-0.607,3.425
-0.635,1.925
-0.665,0.305
-0.505,1.336
-0.505,0.618
-0.664,2.196
-0.683,0.967
-0.684,1.933
-0.726,0.423
-0.752,2.555
-0.85,0.983
-0.872,2.044
-0.804,0.545
-0.845,1.189
-1.01,0.3
-0.981,-0.001
-1.205,-0.107
-1.298,1.174
-1.16,2.73
-1.333,1.628
-1.425,3.008
-1.299,1.435
-1.433,0.461
-1.61,1.938
-1.776,3.183
-1.937,2.816
-2.027,3.05
-2.037,3.23
-2.118,1.318
-2.125,2.786
-2.014,2.118
-2.174,0.862
-2.165,2.512
-2.318,2.228
-2.493,-0.184
-2.413,1.494
-2.421,3.507
-2.508,0.166
-2.631,1.084
-2.67,1.599
-2.716,2.153
-2.627,-0.43
-2.751,1.818
-2.751,3.427
-2.683,-0.435
-2.812,1.092
-2.839,-0.439
-2.884,0.648
-2.922,3.068
-2.97,2.285
-2.923,-0.007
-2.94,2.52
-2.944,-0.278
-3.108,1.739
-3.1,2.229
3.059,3.127
3.052,2.888
-3.131,0.884
2.892,-0.062
3.028,-0.349
2.955,-0.245
2.844,0.932
2.767,2.832
2.871,0.542
2.762,1.11
2.627,0.02
2.366,2.683
2.34,1.111
2.242,1.777
2.138,2.37
2.068,2.04
1.869,0.924
1.836,-0.38
1.966,-0.145
1.829,0.007
1.891,-0.272
1.738,3.181
1.82,0.763
1.737,-0.172
1.595,0.051
1.73,1.216
1.68,1.773
1.309,1.076
1.329,1.285
1.092,-0.398
0.898,-0.338
0.926,1.123
0.698,1.325
0.584,-0.115
0.502,3.283
0.499,1.786
0.493,1.096
0.581,2.409
0.256,0.794
0.347,0.619
0.33,0.05
0.164,0.707
0.167,-0.801
-0.302,-0.537
-0.47,-0.561
-0.503,-0.811
-0.832,-0.905
-1.346,-0.417
-1.375,-0.666
-1.391,-0.63
-1.54,-0.658
-2.544,-0.572
-2.596,-0.877
-2.958,-0.876
-2.876,-0.642
2.987,-0.54
2.753,-0.529
1.683,-0.678
0.605,-0.578
0.436,-0.86
0.309,-0.529
-0.951,3.754
-2.143,3.757
-2.116,3.917
-2.321,3.786
-2.506,3.55
-2.922,3.782
2.22,3.715
2.1,3.616
1.567,3.68
1.293,3.599
0.995,3.811
-1.796,-0.445
1.83,0.946
1.296,1.639
-0.391,1.693
0.857,3.225
0.826,2.155
0.674,2.421
0.674,2.85
-0.745,1.8
-1.962,1.885
-3.027,1.852
2.919,1.894
2.038,1.905
1.743,-0.769
1.832,3.522
-0.033,-0.76
-0.067,-1.344
-0.118,-0.189
-0.247,-0.515
-0.237,-1.392
-0.323,-1.096
-0.254,-1.563
-0.278,-2.06
-0.369,-1.469
-0.443,-2.214
-0.38,-2.567
-0.464,-1.655
-0.485,-3.51
-0.501,0.138
-0.533,-2.706
-0.552,-2.458
-0.58,-0.997
-0.592,-2.677
-0.652,-3.152
-0.611,-1.355
-0.681,-1.268
-0.714,-2.661
-0.746,-0.781
-0.802,-2.765
-0.825,-0.557
-0.816,-1.22
-0.841,-3.536
-0.916,-1.687
-0.877,-1.727
-0.957,-2.205
-0.915,-1.843
-0.966,-0.261
-0.986,-2.09
-0.997,-0.997
-1.024,-2.793
-1.056,0.413
-1.233,-0.419
-1.273,-2.821
-1.258,-2.374
-1.436,-3.454
-1.431,-2.173
-1.44,-2.681
-1.442,-2.34
-1.54,-2.141
-1.523,-1.621
-1.632,-0.053
-1.592,-0.84
-1.717,-2.808
-1.71,-0.852
-1.795,0.383
-2.005,-1.184
-2.004,-3.328
-2.152,-1.772
-2.172,-0.593
-2.203,-2.751
-2.247,-0.996
-2.201,-0.764
-2.337,-0.586
-2.327,0.008
-2.409,-1.24
-2.445,-1.333
-2.386,-0.713
-2.496,-0.512
-2.525,-1.964
-2.543,-1.927
-2.51,-2.662
-2.598,-2.73
-2.666,-3.157
-2.677,-2.529
-2.672,-2.283
-2.784,-3.295
-2.794,-2.739
-2.756,-1.907
-2.763,-1.631
-2.934,-2.158
-2.972,-2.89
-3.009,-0.004
-3.111,-0.108
-3.112,-2.078
-3.107,0.225
-3.107,-0.346
-3.129,-0.649
2.994,-0.608
3.013,0.025
2.976,-0.859
2.894,-1.321
2.794,-0.747
2.829,-2.544
2.549,-1.618
2.561,-3.494
2.559,-1.58
2.488,-2.119
2.549,-1.595
2.516,-3.196
2.5,-2.455
2.497,-0.329
2.474,-2.219
2.447,-2.821
2.453,-0.286
2.383,-0.981
2.345,-0.088
2.271,-0.747
2.278,-0.552
2.175,-1.858
2.184,-1.288
2.16,-1.067
2.129,-1.069
2.043,-1.38
1.702,-0.559
1.607,-1.833
1.592,-2.338
1.665,-1.871
1.62,-2.176
1.417,-1.342
1.234,-2.391
1.124,-0.034
1.119,-2.855
1.131,-2.552
1.116,-0.391
0.995,-3.565
0.932,-2.54
0.831,-3.102
0.845,-1.526
0.769,-1.638
0.638,-2.749
0.547,-1.709
0.537,0.195
0.503,0.284
0.437,-2.698
0.316,-2.682
0.213,-0.349
0.184,-3.043
0.16,-1.857
0.101,-3.878
-0.4,-3.765
-0.445,-3.889
-0.9,-3.592
-0.848,-3.659
-1.096,-3.807
-2.405,-4.012
-2.738,-4.042
-2.815,-4.029
-3.108,-3.75
2.735,-3.741
2.711,-3.994
2.364,-3.937
2.361,-3.932
2.143,-4.106
1.972,-4.119
1.643,-3.591
1.615,-3.933
1.285,-3.771
1.329,-3.99
1.251,-3.978
1.105,-4.066
0.991,-3.749
0.272,-3.701
0.327,-3.664
0.01,0.284
-0.444,0.601
-0.642,0.794
-0.882,0.494
-1.861,0.474
-2.885,0.527
-3.021,0.569
2.949,0.798
1.218,0.424
1.071,0.549
0.962,0.5
0.651,0.356
0.697,0.813
0.643,0.434
0.703,0.54
0.62,0.457
0.417,0.47
-0.351,0.21
-0.418,-1.307
1.256,-3.482
0.718,-2.721
2.918,0.508
2.572,0.46
0.181,-1.566
0.006,0.203
-0.045,-3.396
0.006,-1.375
-0.076,-0.792
-0.169,-2.273
-0.166,-2.343
-0.259,-1.357
-0.263,-3.154
-0.584,0.311
-0.649,-3.367
-0.657,-0.063
-0.527,-0.729
-0.62,0.305
-0.648,-1.195
-0.678,-2.815
-0.518,-1.784
-0.518,-2.502
-0.677,-0.924
-0.696,-2.153
-0.697,-1.187
-0.739,-2.697
-0.765,-0.565
-0.863,-2.137
-0.885,-1.076
-0.817,-2.575
-0.858,-1.931
-1.023,-2.82
-0.994,-3.121
-1.218,-3.227
-1.311,-1.946
-1.173,-0.39
-1.346,-1.492
-1.438,-0.112
-1.312,-1.685
-1.446,-2.659
-1.623,-1.182
-1.789,0.063
-1.95,-0.304
-2.04,-0.07
-2.05,0.11
-2.131,-1.802
-2.138,-0.334
-2.027,-1.002
-2.187,-2.258
-2.178,-0.608
-2.331,-0.892
-2.506,-3.304
-2.426,-1.626
-2.434,0.387
-2.521,-2.954
-2.644,-2.036
-2.683,-1.521
-2.729,-0.967
-2.64,-3.55
-2.764,-1.302
-2.764,0.307
-2.696,-3.555
-2.825,-2.028
-2.852,-3.559
-2.897,-2.472
-2.935,-0.052
-2.983,-0.835
-2.936,-3.127
-2.953,-0.6
-2.957,-3.398
-3.121,-1.381
-3.113,-0.891
3.046,0.007
3.039,-0.232
3.139,-2.236
2.879,-3.182
3.015,-3.469
2.942,-3.365
2.831,-2.188
2.754,-0.288
2.858,-2.578
2.749,-2.01
2.614,-3.1
2.353,-0.437
2.327,-2.009
2.229,-1.343
2.125,-0.75
2.055,-1.08
1.856,-2.196
1.823,-3.5
1.953,-3.265
1.816,-3.113
1.878,-3.392
1.725,0.061
1.807,-2.357
1.724,-3.292
1.582,-3.069
1.717,-1.904
1.667,-1.347
1.296,-2.044
1.316,-1.835
1.079,-3.518
0.885,-3.458
0.913,-1.997
0.685,-1.795
0.571,-3.235
0.489,0.163
0.486,-1.334
0.48,-2.024
0.568,-0.711
0.243,-2.326
0.334,-2.501
0.317,-3.07
0.151,-2.413
0.154,-3.921
-0.315,-3.657
-0.483,-3.681
-0.516,-3.931
-0.845,-4.025
-1.359,-3.537
-1.388,-3.786
-1.404,-3.75
-1.553,-3.778
-2.557,-3.692
-2.609,-3.997
-2.971,-3.996
-2.889,-3.762
2.974,-3.66
2.74,-3.649
1.67,-3.798
0.592,-3.698
0.423,-3.98
0.296,-3.649
-0.964,0.634
-2.156,0.637
-2.129,0.797
-2.334,0.666
-2.519,0.43
-2.935,0.662
2.207,0.595
2.087,0.496
1.554,0.56
1.28,0.479
0.982,0.691
-1.809,-3.565
1.817,-2.174
1.283,-1.481
-0.404,-1.427
0.844,0.105
0.813,-0.965
0.661,-0.699
0.661,-0.27
-0.758,-1.32
-1.975,-1.235
-3.04,-1.268
2.906,-1.226
2.025,-1.215
1.73,-3.889
1.819,0.402
-0.034,-0.584
-0.085,0.571
-0.214,0.245
-0.204,-0.632
-0.29,-0.336
-0.221,-0.803
-0.245,-1.3
-0.336,-0.709
-0.41,-1.454
-0.347,-1.807
-0.431,-0.895
-0.452,-2.75
-0.468,0.898
-0.5,-1.946
-0.519,-1.698
-0.547,-0.237
-0.559,-1.917
-0.619,-2.392
-0.578,-0.595
-0.648,-0.508
-0.681,-1.901
-0.713,-0.021
-0.769,-2.005
-0.792,0.203
-0.783,-0.46
-0.808,-2.776
-0.883,-0.927
-0.844,-0.967
-0.924,-1.445
-0.882,-1.083
-0.933,0.499
-0.953,-1.33
-0.964,-0.237
-0.991,-2.033
-1.023,1.173
-1.2,0.341
-1.24,-2.061
-1.225,-1.614
-1.403,-2.694
-1.398,-1.413
-1.407,-1.921
-1.409,-1.58
-1.507,-1.381
-1.49,-0.861
-1.599,0.707
-1.559,-0.08
-1.684,-2.048
-1.677,-0.092
-1.762,1.143
-1.972,-0.424
-1.971,-2.568
-2.119,-1.012
-2.139,0.167
-2.17,-1.991
-2.214,-0.236
-2.168,-0.004
-2.304,0.174
-2.294,0.768
-2.376,-0.48
-2.412,-0.573
-2.353,0.047
-2.463,0.248
-2.492,-1.204
-2.51,-1.167
-2.477,-1.902
-2.565,-1.97
-2.633,-2.397
-2.644,-1.769
-2.639,-1.523
-2.751,-2.535
-2.761,-1.979
-2.723,-1.147
-2.73,-0.871
-2.901,-1.398
-2.939,-2.13
-2.976,0.756
-3.078,0.652
-3.079,-1.318
-3.074,0.985
-3.074,0.414
-3.096,0.111
3.027,0.152
3.046,0.785
3.009,-0.099
2.927,-0.561
2.827,0.013
2.862,-1.784
2.582,-0.858
2.594,-2.734
2.592,-0.82
2.521,-1.359
2.582,-0.835
2.549,-2.436
2.533,-1.695
2.53,0.431
2.507,-1.459
2.48,-2.061
2.486,0.474
2.416,-0.221
2.378,0.672
2.304,0.013
2.311,0.208
2.208,-1.098
2.217,-0.528
2.193,-0.307
2.162,-0.309
2.076,-0.62
1.735,0.201
1.64,-1.073
1.625,-1.578
1.698,-1.111
1.653,-1.416
1.45,-0.582
1.267,-1.631
1.157,0.726
1.152,-2.095
1.164,-1.792
1.149,0.369
1.028,-2.805
0.965,-1.78
0.864,-2.342
0.878,-0.766
0.802,-0.878
0.671,-1.989
0.58,-0.949
0.57,0.955
0.536,1.044
0.47,-1.938
0.349,-1.922
0.246,0.411
0.217,-2.283
0.193,-1.097
0.134,-3.118
-0.367,-3.005
-0.412,-3.129
-0.867,-2.832
-0.815,-2.899
-1.063,-3.047
-2.372,-3.252
-2.705,-3.282
-2.782,-3.269
-3.075,-2.99
2.768,-2.981
2.744,-3.234
2.397,-3.177
2.394,-3.172
2.176,-3.346
2.005,-3.359
1.676,-2.831
1.648,-3.173
1.318,-3.011
1.362,-3.23
1.284,-3.218
1.138,-3.306
1.024,-2.989
0.305,-2.941
0.36,-2.904
0.043,1.044
-0.411,1.361
-0.609,1.554
-0.849,1.254
-1.828,1.234
-2.852,1.287
-2.988,1.329
2.982,1.558
1.251,1.184
1.104,1.309
0.995,1.26
0.684,1.116
0.73,1.573
0.676,1.194
0.736,1.3
0.653,1.217
0.45,1.23
-0.318,0.97
-0.385,-0.547
1.289,-2.722
0.751,-1.961
2.951,1.268
2.605,1.22
0.214,-0.806
0.039,0.963
-0.012,-2.636
0.039,-0.615
-0.043,-0.032
-0.136,-1.513
-0.133,-1.583
-0.226,-0.597
-0.23,-2.394
-0.551,1.071
-0.616,-2.607
-0.624,0.697
-0.494,0.031
-0.587,1.065
-0.615,-0.435
-0.645,-2.055
-0.485,-1.024
-0.485,-1.742
-0.644,-0.164
-0.663,-1.393
-0.664,-0.427
-0.706,-1.937
-0.732,0.195
-0.83,-1.377
-0.852,-0.316
-0.784,-1.815
-0.825,-1.171
-0.99,-2.06
-0.961,-2.361
-1.185,-2.467
-1.278,-1.186
-1.14,0.37
-1.313,-0.732
-1.405,0.648
-1.279,-0.925
-1.413,-1.899
-1.59,-0.422
-1.756,0.823
-1.917,0.456
-2.007,0.69
-2.017,0.87
-2.098,-1.042
-2.105,0.426
-1.994,-0.242
-2.154,-1.498
-2.145,0.152
-2.298,-0.132
-2.473,-2.544
-2.393,-0.866
-2.401,1.147
-2.488,-2.194
-2.611,-1.276
-2.65,-0.761
-2.696,-0.207
-2.607,-2.79
-2.731,-0.542
-2.731,1.067
-2.663,-2.795
-2.792,-1.268
-2.819,-2.799
-2.864,-1.712
-2.902,0.708
-2.95,-0.075
-2.903,-2.367
-2.92,0.16
-2.924,-2.638
-3.088,-0.621
-3.08,-0.131
3.079,0.767
3.072,0.528
-3.111,-1.476
2.912,-2.422
3.048,-2.709
2.975,-2.605
2.864,-1.428
2.787,0.472
2.891,-1.818
2.782,-1.25
2.647,-2.34
2.386,0.323
2.36,-1.249
2.262,-0.583
2.158,0.01
2.088,-0.32
1.889,-1.436
1.856,-2.74
1.986,-2.505
1.849,-2.353
1.911,-2.632
1.758,0.821
1.84,-1.597
1.757,-2.532
1.615,-2.309
1.75,-1.144
1.7,-0.587
1.329,-1.284
1.349,-1.075
1.112,-2.758
0.918,-2.698
0.946,-1.237
0.718,-1.035
0.604,-2.475
0.522,0.923
0.519,-0.574
0.513,-1.264
0.601,0.049
0.276,-1.566
0.367,-1.741
0.35,-2.31
0.184,-1.653
0.187,-3.161
-0.282,-2.897
-0.45,-2.921
-0.483,-3.171
-0.812,-3.265
-1.326,-2.777
-1.355,-3.026
-1.371,-2.99
-1.52,-3.018
-2.524,-2.932
-2.576,-3.237
-2.938,-3.236
-2.856,-3.002
3.007,-2.9
2.773,-2.889
1.703,-3.038
0.625,-2.938
0.456,-3.22
0.329,-2.889
-0.931,1.394
-2.123,1.397
-2.096,1.557
-2.301,1.426
-2.486,1.19
-2.902,1.422
2.24,1.355
2.12,1.256
1.587,1.32
1.313,1.239
1.015,1.451
-1.776,-2.805
1.85,-1.414
1.316,-0.721
-0.371,-0.667
0.877,0.865
0.846,-0.205
0.694,0.061
0.694,0.49
-0.725,-0.56
-1.942,-0.475
-3.007,-0.508
2.939,-0.466
2.058,-0.455
1.763,-3.129
1.852,1.162
-0.051,1.155
-0.18,0.829
-0.17,-0.048
-0.256,0.248
-0.187,-0.219
-0.211,-0.716
-0.302,-0.125
-0.376,-0.87
-0.313,-1.223
-0.397,-0.311
-0.418,-2.166
-0.434,1.482
-0.466,-1.362
-0.485,-1.114
-0.513,0.347
-0.525,-1.333
-0.585,-1.808
-0.544,-0.011
-0.614,0.076
-0.647,-1.317
-0.679,0.563
-0.735,-1.421
-0.758,0.787
-0.749,0.124
-0.774,-2.192
-0.849,-0.343
-0.81,-0.383
-0.89,-0.861
-0.848,-0.499
-0.899,1.083
-0.919,-0.746
-0.93,0.347
-0.957,-1.449
-0.989,1.757
-1.166,0.925
-1.206,-1.477
-1.191,-1.03
-1.369,-2.11
-1.364,-0.829
-1.373,-1.337
-1.375,-0.996
-1.473,-0.797
-1.456,-0.277
-1.565,1.291
-1.525,0.504
-1.65,-1.464
-1.643,0.492
-1.728,1.727
-1.938,0.16
-1.937,-1.984
-2.085,-0.428
-2.105,0.751
-2.136,-1.407
-2.18,0.348
-2.134,0.58
-2.27,0.758
-2.26,1.352
-2.342,0.104
-2.378,0.011
-2.319,0.631
-2.429,0.832
-2.458,-0.62
-2.476,-0.583
-2.443,-1.318
-2.531,-1.386
-2.599,-1.813
-2.61,-1.185
-2.605,-0.939
-2.717,-1.951
-2.727,-1.395
-2.689,-0.563
-2.696,-0.287
-2.867,-0.814
-2.905,-1.546
-2.942,1.34
-3.044,1.236
-3.045,-0.734
-3.04,1.569
-3.04,0.998
-3.062,0.695
3.061,0.736
3.08,1.369
3.043,0.485
2.961,0.023
2.861,0.597
2.896,-1.2
2.616,-0.274
2.628,-2.15
2.626,-0.236
2.555,-0.775
2.616,-0.251
2.583,-1.852
2.567,-1.111
2.564,1.015
2.541,-0.875
2.514,-1.477
2.52,1.058
2.45,0.363
2.412,1.256
2.338,0.597
2.345,0.792
2.242,-0.514
2.251,0.056
2.227,0.277
2.196,0.275
2.11,-0.036
1.769,0.785
1.674,-0.489
1.659,-0.994
1.732,-0.527
1.687,-0.832
1.484,0.002
1.301,-1.047
1.191,1.31
1.186,-1.511
1.198,-1.208
1.183,0.953
1.062,-2.221
0.999,-1.196
0.898,-1.758
0.912,-0.182
0.836,-0.294
0.705,-1.405
0.614,-0.365
0.604,1.539
0.57,1.628
0.504,-1.354
0.383,-1.338
0.28,0.995
0.251,-1.699
0.227,-0.513
0.168,-2.534
-0.333,-2.421
-0.378,-2.545
-0.833,-2.248
-0.781,-2.315
-1.029,-2.463
-2.338,-2.668
-2.671,-2.698
-2.748,-2.685
-3.041,-2.406
2.802,-2.397
2.778,-2.65
2.431,-2.593
2.428,-2.588
2.21,-2.762
2.039,-2.775
1.71,-2.247
1.682,-2.589
1.352,-2.427
1.396,-2.646
1.318,-2.634
1.172,-2.722
1.058,-2.405
0.339,-2.357
0.394,-2.32
0.077,1.628
-0.377,1.945
-0.575,2.138
-0.815,1.838
-1.794,1.818
-2.818,1.871
-2.954,1.913
3.016,2.142
1.285,1.768
1.138,1.893
1.029,1.844
0.718,1.7
0.764,2.157
0.71,1.778
0.77,1.884
0.687,1.801
0.484,1.814
-0.284,1.554
-0.351,0.037
1.323,-2.138
0.785,-1.377
2.985,1.852
2.639,1.804
0.248,-0.222
0.073,1.547
0.022,-2.052
0.073,-0.031
-0.009,0.552
-0.102,-0.929
-0.099,-0.999
-0.192,-0.013
-0.196,-1.81
-0.517,1.655
-0.582,-2.023
-0.59,1.281
-0.46,0.615
-0.553,1.649
-0.581,0.149
-0.611,-1.471
-0.451,-0.44
-0.451,-1.158
-0.61,0.42
-0.629,-0.809
-0.63,0.157
-0.672,-1.353
-0.698,0.779
-0.796,-0.793
-0.818,0.268
-0.75,-1.231
-0.791,-0.587
-0.956,-1.476
-0.927,-1.777
-1.151,-1.883
-1.244,-0.602
-1.106,0.954
-1.279,-0.148
-1.371,1.232
-1.245,-0.341
-1.379,-1.315
-1.556,0.162
-1.722,1.407
-1.883,1.04
-1.973,1.274
-1.983,1.454
-2.064,-0.458
-2.071,1.01
-1.96,0.342
-2.12,-0.914
-2.111,0.736
-2.264,0.452
-2.439,-1.96
-2.359,-0.282
-2.367,1.731
-2.454,-1.61
-2.577,-0.692
-2.616,-0.177
-2.662,0.377
-2.573,-2.206
-2.697,0.042
-2.697,1.651
-2.629,-2.211
-2.758,-0.684
-2.785,-2.215
-2.83,-1.128
-2.868,1.292
-2.916,0.509
-2.869,-1.783
-2.886,0.744
-2.89,-2.054
-3.054,-0.037
-3.046,0.453
3.113,1.351
3.106,1.112
-3.077,-0.892
2.946,-1.838
3.082,-2.125
3.009,-2.021
2.898,-0.844
2.821,1.056
2.925,-1.234
2.816,-0.666
2.681,-1.756
2.42,0.907
2.394,-0.665
2.296,0.001
2.192,0.594
2.122,0.264
1.923,-0.852
1.89,-2.156
2.02,-1.921
1.883,-1.769
1.945,-2.048
1.792,1.405
1.874,-1.013
1.791,-1.948
1.649,-1.725
1.784,-0.56
1.734,-0.003
1.363,-0.7
1.383,-0.491
1.146,-2.174
0.952,-2.114
0.98,-0.653
0.752,-0.451
0.638,-1.891
0.556,1.507
0.553,0.01
0.547,-0.68
0.635,0.633
0.31,-0.982
0.401,-1.157
0.384,-1.726
0.218,-1.069
0.221,-2.577
-0.248,-2.313
-0.416,-2.337
-0.449,-2.587
-0.778,-2.681
-1.292,-2.193
-1.321,-2.442
-1.337,-2.406
-1.486,-2.434
-2.49,-2.348
-2.542,-2.653
-2.904,-2.652
-2.822,-2.418
3.041,-2.316
2.807,-2.305
1.737,-2.454
0.659,-2.354
0.49,-2.636
0.363,-2.305
-0.897,1.978
-2.089,1.981
-2.062,2.141
-2.267,2.01
-2.452,1.774
-2.868,2.006
2.274,1.939
2.154,1.84
1.621,1.904
1.347,1.823
1.049,2.035
-1.742,-2.221
1.884,-0.83
1.35,-0.137
-0.337,-0.083
0.911,1.449
0.88,0.379
0.728,0.645
0.728,1.074
-0.691,0.024
-1.908,0.109
-2.973,0.076
2.973,0.118
2.092,0.129
1.797,-2.545
1.886,1.746
-0.129,-0.326
-0.119,-1.203
-0.205,-0.907
-0.136,-1.374
-0.16,-1.871
-0.251,-1.28
-0.325,-2.025
-0.262,-2.378
-0.346,-1.466
-0.367,-3.321
-0.383,0.327
-0.415,-2.517
-0.434,-2.269
-0.462,-0.808
-0.474,-2.488
-0.534,-2.963
-0.493,-1.166
-0.563,-1.079
-0.596,-2.472
-0.628,-0.592
-0.684,-2.576
-0.707,-0.368
-0.698,-1.031
-0.723,-3.347
-0.798,-1.498
-0.759,-1.538
-0.839,-2.016
-0.797,-1.654
-0.848,-0.072
-0.868,-1.901
-0.879,-0.808
-0.906,-2.604
-0.938,0.602
-1.115,-0.23
-1.155,-2.632
-1.14,-2.185
-1.318,-3.265
-1.313,-1.984
-1.322,-2.492
-1.324,-2.151
-1.422,-1.952
-1.405,-1.432
-1.514,0.136
-1.474,-0.651
-1.599,-2.619
-1.592,-0.663
-1.677,0.572
-1.887,-0.995
-1.886,-3.139
-2.034,-1.583
-2.054,-0.404
-2.085,-2.562
-2.129,-0.807
-2.083,-0.575
-2.219,-0.397
-2.209,0.197
-2.291,-1.051
-2.327,-1.144
-2.268,-0.524
-2.378,-0.323
-2.407,-1.775
-2.425,-1.738
-2.392,-2.473
-2.48,-2.541
-2.548,-2.968
-2.559,-2.34
-2.554,-2.094
-2.666,-3.106
-2.676,-2.55
-2.638,-1.718
-2.645,-1.442
-2.816,-1.969
-2.854,-2.701
-2.891,0.185
-2.993,0.081
-2.994,-1.889
-2.989,0.414
-2.989,-0.157
-3.011,-0.46
3.112,-0.419
3.131,0.214
3.094,-0.67
3.012,-1.132
2.912,-0.558
2.947,-2.355
2.667,-1.429
2.679,-3.305
2.677,-1.391
2.606,-1.93
2.667,-1.406
2.634,-3.007
2.618,-2.266
2.615,-0.14
2.592,-2.03
2.565,-2.632
2.571,-0.097
2.501,-0.792
2.463,0.101
2.389,-0.558
2.396,-0.363
2.293,-1.669
2.302,-1.099
2.278,-0.878
2.247,-0.88
2.161,-1.191
1.82,-0.37
1.725,-1.644
1.71,-2.149
1.783,-1.682
1.738,-1.987
1.535,-1.153
1.352,-2.202
1.242,0.155
1.237,-2.666
1.249,-2.363
1.234,-0.202
1.113,-3.376
1.05,-2.351
0.949,-2.913
0.963,-1.337
0.887,-1.449
0.756,-2.56
0.665,-1.52
0.655,0.384
0.621,0.473
0.555,-2.509
0.434,-2.493
0.331,-0.16
0.302,-2.854
0.278,-1.668
0.219,-3.689
-0.282,-3.576
-0.327,-3.7
-0.782,-3.403
-0.73,-3.47
-0.978,-3.618
-2.287,-3.823
-2.62,-3.853
-2.697,-3.84
-2.99,-3.561
2.853,-3.552
2.829,-3.805
2.482,-3.748
2.479,-3.743
2.261,-3.917
2.09,-3.93
1.761,-3.402
1.733,-3.744
1.403,-3.582
1.447,-3.801
1.369,-3.789
1.223,-3.877
1.109,-3.56
0.39,-3.512
0.445,-3.475
0.128,0.473
-0.326,0.79
-0.524,0.983
-0.764,0.683
-1.743,0.663
-2.767,0.716
-2.903,0.758
3.067,0.987
1.336,0.613
1.189,0.738
1.08,0.689
0.769,0.545
0.815,1.002
0.761,0.623
0.821,0.729
0.738,0.646
0.535,0.659
-0.233,0.399
-0.3,-1.118
1.374,-3.293
0.836,-2.532
3.036,0.697
2.69,0.649
0.299,-1.377
0.124,0.392
0.073,-3.207
0.124,-1.186
0.042,-0.603
-0.051,-2.084
-0.048,-2.154
-0.141,-1.168
-0.145,-2.965
-0.466,0.5
-0.531,-3.178
-0.539,0.126
-0.409,-0.54
-0.502,0.494
-0.53,-1.006
-0.56,-2.626
-0.4,-1.595
-0.4,-2.313
-0.559,-0.735
-0.578,-1.964
-0.579,-0.998
-0.621,-2.508
-0.647,-0.376
-0.745,-1.948
-0.767,-0.887
-0.699,-2.386
-0.74,-1.742
-0.905,-2.631
-0.876,-2.932
-1.1,-3.038
-1.193,-1.757
-1.055,-0.201
-1.228,-1.303
-1.32,0.077
-1.194,-1.496
-1.328,-2.47
-1.505,-0.993
-1.671,0.252
-1.832,-0.115
-1.922,0.119
-1.932,0.299
-2.013,-1.613
-2.02,-0.145
-1.909,-0.813
-2.069,-2.069
-2.06,-0.419
-2.213,-0.703
-2.388,-3.115
-2.308,-1.437
-2.316,0.576
-2.403,-2.765
-2.526,-1.847
-2.565,-1.332
-2.611,-0.778
-2.522,-3.361
-2.646,-1.113
-2.646,0.496
-2.578,-3.366
-2.707,-1.839
-2.734,-3.37
-2.779,-2.283
-2.817,0.137
-2.865,-0.646
-2.818,-2.938
-2.835,-0.411
-2.839,-3.209
-3.003,-1.192
-2.995,-0.702
-3.119,0.196
-3.126,-0.043
-3.026,-2.047
2.997,-2.993
3.133,-3.28
3.06,-3.176
2.949,-1.999
2.872,-0.099
2.976,-2.389
2.867,-1.821
2.732,-2.911
2.471,-0.248
2.445,-1.82
2.347,-1.154
2.243,-0.561
2.173,-0.891
1.974,-2.007
1.941,-3.311
2.071,-3.076
1.934,-2.924
1.996,-3.203
1.843,0.25
1.925,-2.168
1.842,-3.103
1.7,-2.88
1.835,-1.715
1.785,-1.158
1.414,-1.855
1.434,-1.646
1.197,-3.329
1.003,-3.269
1.031,-1.808
0.803,-1.606
0.689,-3.046
0.607,0.352
0.604,-1.145
0.598,-1.835
0.686,-0.522
0.361,-2.137
0.452,-2.312
0.435,-2.881
0.269,-2.224
0.272,-3.732
-0.197,-3.468
-0.365,-3.492
-0.398,-3.742
-0.727,-3.836
-1.241,-3.348
-1.27,-3.597
-1.286,-3.561
-1.435,-3.589
-2.439,-3.503
-2.491,-3.808
-2.853,-3.807
-2.771,-3.573
3.092,-3.471
2.858,-3.46
1.788,-3.609
0.71,-3.509
0.541,-3.791
0.414,-3.46
-0.846,0.823
-2.038,0.826
-2.011,0.986
-2.216,0.855
-2.401,0.619
-2.817,0.851
2.325,0.784
2.205,0.685
1.672,0.749
1.398,0.668
1.1,0.88
-1.691,-3.376
1.935,-1.985
1.401,-1.292
-0.286,-1.238
0.962,0.294
0.931,-0.776
0.779,-0.51
0.779,-0.081
-0.64,-1.131
-1.857,-1.046
-2.922,-1.079
3.024,-1.037
2.143,-1.026
1.848,-3.7
1.937,0.591
0.01,-0.877
-0.076,-0.581
-0.007,-1.048
-0.031,-1.545
-0.122,-0.954
-0.196,-1.699
-0.133,-2.052
-0.217,-1.14
-0.238,-2.995
-0.254,0.653
-0.286,-2.191
-0.305,-1.943
-0.333,-0.482
-0.345,-2.162
-0.405,-2.637
-0.364,-0.84
-0.434,-0.753
-0.467,-2.146
-0.499,-0.266
-0.555,-2.25
-0.578,-0.042
-0.569,-0.705
-0.594,-3.021
-0.669,-1.172
-0.63,-1.212
-0.71,-1.69
-0.668,-1.328
-0.719,0.254
-0.739,-1.575
-0.75,-0.482
-0.777,-2.278
-0.809,0.928
-0.986,0.096
-1.026,-2.306
-1.011,-1.859
-1.189,-2.939
-1.184,-1.658
-1.193,-2.166
-1.195,-1.825
-1.293,-1.626
-1.276,-1.106
-1.385,0.462
-1.345,-0.325
-1.47,-2.293
-1.463,-0.337
-1.548,0.898
-1.758,-0.669
-1.757,-2.813
-1.905,-1.257
-1.925,-0.078
-1.956,-2.236
-2.0,-0.481
-1.954,-0.249
-2.09,-0.071
-2.08,0.523
-2.162,-0.725
-2.198,-0.818
-2.139,-0.198
-2.249,0.003
-2.278,-1.449
-2.296,-1.412
-2.263,-2.147
-2.351,-2.215
-2.419,-2.642
-2.43,-2.014
-2.425,-1.768
-2.537,-2.78
-2.547,-2.224
-2.509,-1.392
-2.516,-1.116
-2.687,-1.643
-2.725,-2.375
-2.762,0.511
-2.864,0.407
-2.865,-1.563
-2.86,0.74
-2.86,0.169
-2.882,-0.134
-3.042,-0.093
-3.023,0.54
-3.06,-0.344
3.141,-0.806
3.041,-0.232
3.076,-2.029
2.796,-1.103
2.808,-2.979
2.806,-1.065
2.735,-1.604
2.796,-1.08
2.763,-2.681
2.747,-1.94
2.744,0.186
2.721,-1.704
2.694,-2.306
2.7,0.229
2.63,-0.466
2.592,0.427
2.518,-0.232
2.525,-0.037
2.422,-1.343
2.431,-0.773
2.407,-0.552
2.376,-0.554
2.29,-0.865
1.949,-0.044
1.854,-1.318
1.839,-1.823
1.912,-1.356
1.867,-1.661
1.664,-0.827
1.481,-1.876
1.371,0.481
1.366,-2.34
1.378,-2.037
1.363,0.124
1.242,-3.05
1.179,-2.025
1.078,-2.587
1.092,-1.011
1.016,-1.123
0.885,-2.234
0.794,-1.194
0.784,0.71
0.75,0.799
0.684,-2.183
0.563,-2.167
0.46,0.166
0.431,-2.528
0.407,-1.342
0.348,-3.363
-0.153,-3.25
-0.198,-3.374
-0.653,-3.077
-0.601,-3.144
-0.849,-3.292
-2.158,-3.497
-2.491,-3.527
-2.568,-3.514
-2.861,-3.235
2.982,-3.226
2.958,-3.479
2.611,-3.422
2.608,-3.417
2.39,-3.591
2.219,-3.604
1.89,-3.076
1.862,-3.418
1.532,-3.256
1.576,-3.475
1.498,-3.463
1.352,-3.551
1.238,-3.234
0.519,-3.186
0.574,-3.149
0.257,0.799
-0.197,1.116
-0.395,1.309
-0.635,1.009
-1.614,0.989
-2.638,1.042
-2.774,1.084
-3.087,1.313
1.465,0.939
1.318,1.064
1.209,1.015
0.898,0.871
0.944,1.328
0.89,0.949
0.95,1.055
0.867,0.972
0.664,0.985
-0.104,0.725
-0.171,-0.792
1.503,-2.967
0.965,-2.206
-3.118,1.023
2.819,0.975
0.428,-1.051
0.253,0.718
0.202,-2.881
0.253,-0.86
0.171,-0.277
0.078,-1.758
0.081,-1.828
-0.012,-0.842
-0.016,-2.639
-0.337,0.826
-0.402,-2.852
-0.41,0.452
-0.28,-0.214
-0.373,0.82
-0.401,-0.68
-0.431,-2.3
-0.271,-1.269
-0.271,-1.987
-0.43,-0.409
-0.449,-1.638
-0.45,-0.672
-0.492,-2.182
-0.518,-0.05
-0.616,-1.622
-0.638,-0.561
-0.57,-2.06
-0.611,-1.416
-0.776,-2.305
-0.747,-2.606
-0.971,-2.712
-1.064,-1.431
-0.926,0.125
-1.099,-0.977
-1.191,0.403
-1.065,-1.17
-1.199,-2.144
-1.376,-0.667
-1.542,0.578
-1.703,0.211
-1.793,0.445
-1.803,0.625
-1.884,-1.287
-1.891,0.181
-1.78,-0.487
-1.94,-1.743
-1.931,-0.093
-2.084,-0.377
-2.259,-2.789
-2.179,-1.111
-2.187,0.902
-2.274,-2.439
-2.397,-1.521
-2.436,-1.006
-2.482,-0.452
-2.393,-3.035
-2.517,-0.787
-2.517,0.822
-2.449,-3.04
-2.578,-1.513
-2.605,-3.044
-2.65,-1.957
-2.688,0.463
-2.736,-0.32
-2.689,-2.612
-2.706,-0.085
-2.71,-2.883
-2.874,-0.866
-2.866,-0.376
-2.99,0.522
-2.997,0.283
-2.897,-1.721
3.126,-2.667
-3.021,-2.954
-3.094,-2.85
3.078,-1.673
3.001,0.227
3.105,-2.063
2.996,-1.495
2.861,-2.585
2.6,0.078
2.574,-1.494
2.476,-0.828
2.372,-0.235
2.302,-0.565
2.103,-1.681
2.07,-2.985
2.2,-2.75
2.063,-2.598
2.125,-2.877
1.972,0.576
2.054,-1.842
1.971,-2.777
1.829,-2.554
1.964,-1.389
1.914,-0.832
1.543,-1.529
1.563,-1.32
1.326,-3.003
1.132,-2.943
1.16,-1.482
0.932,-1.28
0.818,-2.72
0.736,0.678
0.733,-0.819
0.727,-1.509
0.815,-0.196
0.49,-1.811
0.581,-1.986
0.564,-2.555
0.398,-1.898
0.401,-3.406
-0.068,-3.142
-0.236,-3.166
-0.269,-3.416
-0.598,-3.51
-1.112,-3.022
-1.141,-3.271
-1.157,-3.235
-1.306,-3.263
-2.31,-3.177
-2.362,-3.482
-2.724,-3.481
-2.642,-3.247
-3.062,-3.145
2.987,-3.134
1.917,-3.283
0.839,-3.183
0.67,-3.465
0.543,-3.134
-0.717,1.149
-1.909,1.152
-1.882,1.312
-2.087,1.181
-2.272,0.945
-2.688,1.177
2.454,1.11
2.334,1.011
1.801,1.075
1.527,0.994
1.229,1.206
-1.562,-3.05
2.064,-1.659
1.53,-0.966
-0.157,-0.912
1.091,0.62
1.06,-0.45
0.908,-0.184
0.908,0.245
-0.511,-0.805
-1.728,-0.72
-2.793,-0.753
-3.13,-0.711
2.272,-0.7
1.977,-3.374
2.066,0.917
-0.086,0.296
-0.017,-0.171
-0.041,-0.668
-0.132,-0.077
-0.206,-0.822
-0.143,-1.175
-0.227,-0.263
-0.248,-2.118
-0.264,1.53
-0.296,-1.314
-0.315,-1.066
-0.343,0.395
-0.355,-1.285
-0.415,-1.76
-0.374,0.037
-0.444,0.124
-0.477,-1.269
-0.509,0.611
-0.565,-1.373
-0.588,0.835
-0.579,0.172
-0.604,-2.144
-0.679,-0.295
-0.64,-0.335
-0.72,-0.813
-0.678,-0.451
-0.729,1.131
-0.749,-0.698
-0.76,0.395
-0.787,-1.401
-0.819,1.805
-0.996,0.973
-1.036,-1.429
-1.021,-0.982
-1.199,-2.062
-1.194,-0.781
-1.203,-1.289
-1.205,-0.948
-1.303,-0.749
-1.286,-0.229
-1.395,1.339
-1.355,0.552
-1.48,-1.416
-1.473,0.54
-1.558,1.775
-1.768,0.208
-1.767,-1.936
-1.915,-0.38
-1.935,0.799
-1.966,-1.359
-2.01,0.396
-1.964,0.628
-2.1,0.806
-2.09,1.4
-2.172,0.152
-2.208,0.059
-2.149,0.679
-2.259,0.88
-2.288,-0.572
-2.306,-0.535
-2.273,-1.27
-2.361,-1.338
-2.429,-1.765
-2.44,-1.137
-2.435,-0.891
-2.547,-1.903
-2.557,-1.347
-2.519,-0.515
-2.526,-0.239
-2.697,-0.766
-2.735,-1.498
-2.772,1.388
-2.874,1.284
-2.875,-0.686
-2.87,1.617
-2.87,1.046
-2.892,0.743
-3.052,0.784
-3.033,1.417
-3.07,0.533
3.131,0.071
3.031,0.645
3.066,-1.152
2.786,-0.226
2.798,-2.102
2.796,-0.188
2.725,-0.727
2.786,-0.203
2.753,-1.804
2.737,-1.063
2.734,1.063
2.711,-0.827
2.684,-1.429
2.69,1.106
2.62,0.411
2.582,1.304
2.508,0.645
2.515,0.84
2.412,-0.466
2.421,0.104
2.397,0.325
2.366,0.323
2.28,0.012
1.939,0.833
1.844,-0.441
1.829,-0.946
1.902,-0.479
1.857,-0.784
1.654,0.05
1.471,-0.999
1.361,1.358
1.356,-1.463
1.368,-1.16
1.353,1.001
1.232,-2.173
1.169,-1.148
1.068,-1.71
1.082,-0.134
1.006,-0.246
0.875,-1.357
0.784,-0.317
0.774,1.587
0.74,1.676
0.674,-1.306
0.553,-1.29
0.45,1.043
0.421,-1.651
0.397,-0.465
0.338,-2.486
-0.163,-2.373
-0.208,-2.497
-0.663,-2.2
-0.611,-2.267
-0.859,-2.415
-2.168,-2.62
-2.501,-2.65
-2.578,-2.637
-2.871,-2.358
2.972,-2.349
2.948,-2.602
2.601,-2.545
2.598,-2.54
2.38,-2.714
2.209,-2.727
1.88,-2.199
1.852,-2.541
1.522,-2.379
1.566,-2.598
1.488,-2.586
1.342,-2.674
1.228,-2.357
0.509,-2.309
0.564,-2.272
0.247,1.676
-0.207,1.993
-0.405,2.186
-0.645,1.886
-1.624,1.866
-2.648,1.919
-2.784,1.961
-3.097,2.19
1.455,1.816
1.308,1.941
1.199,1.892
0.888,1.748
0.934,2.205
0.88,1.826
0.94,1.932
0.857,1.849
0.654,1.862
-0.114,1.602
-0.181,0.085
1.493,-2.09
0.955,-1.329
-3.128,1.9
2.809,1.852
0.418,-0.174
0.243,1.595
0.192,-2.004
0.243,0.017
0.161,0.6
0.068,-0.881
0.071,-0.951
-0.022,0.035
-0.026,-1.762
-0.347,1.703
-0.412,-1.975
-0.42,1.329
-0.29,0.663
-0.383,1.697
-0.411,0.197
-0.441,-1.423
-0.281,-0.392
-0.281,-1.11
-0.44,0.468
-0.459,-0.761
-0.46,0.205
-0.502,-1.305
-0.528,0.827
-0.626,-0.745
-0.648,0.316
-0.58,-1.183
-0.621,-0.539
-0.786,-1.428
-0.757,-1.729
-0.981,-1.835
-1.074,-0.554
-0.936,1.002
-1.109,-0.1
-1.201,1.28
-1.075,-0.293
-1.209,-1.267
-1.386,0.21
-1.552,1.455
-1.713,1.088
-1.803,1.322
-1.813,1.502
-1.894,-0.41
-1.901,1.058
-1.79,0.39
-1.95,-0.866
-1.941,0.784
-2.094,0.5
-2.269,-1.912
-2.189,-0.234
-2.197,1.779
-2.284,-1.562
-2.407,-0.644
-2.446,-0.129
-2.492,0.425
-2.403,-2.158
-2.527,0.09
-2.527,1.699
-2.459,-2.163
-2.588,-0.636
-2.615,-2.167
-2.66,-1.08
-2.698,1.34
-2.746,0.557
-2.699,-1.735
-2.716,0.792
-2.72,-2.006
-2.884,0.011
-2.876,0.501
-3.0,1.399
-3.007,1.16
-2.907,-0.844
3.116,-1.79
-3.031,-2.077
-3.104,-1.973
3.068,-0.796
2.991,1.104
3.095,-1.186
2.986,-0.618
2.851,-1.708
2.59,0.955
2.564,-0.617
2.466,0.049
2.362,0.642
2.292,0.312
2.093,-0.804
2.06,-2.108
2.19,-1.873
2.053,-1.721
2.115,-2.0
1.962,1.453
2.044,-0.965
1.961,-1.9
1.819,-1.677
1.954,-0.512
1.904,0.045
1.533,-0.652
1.553,-0.443
1.316,-2.126
1.122,-2.066
1.15,-0.605
0.922,-0.403
0.808,-1.843
0.726,1.555
0.723,0.058
0.717,-0.632
0.805,0.681
0.48,-0.934
0.571,-1.109
0.554,-1.678
0.388,-1.021
0.391,-2.529
-0.078,-2.265
-0.246,-2.289
-0.279,-2.539
-0.608,-2.633
-1.122,-2.145
-1.151,-2.394
-1.167,-2.358
-1.316,-2.386
-2.32,-2.3
-2.372,-2.605
-2.734,-2.604
-2.652,-2.37
-3.072,-2.268
2.977,-2.257
1.907,-2.406
0.829,-2.306
0.66,-2.588
0.533,-2.257
-0.727,2.026
-1.919,2.029
-1.892,2.189
-2.097,2.058
-2.282,1.822
-2.698,2.054
2.444,1.987
2.324,1.888
1.791,1.952
1.517,1.871
1.219,2.083
-1.572,-2.173
2.054,-0.782
1.52,-0.089
-0.167,-0.035
1.081,1.497
1.05,0.427
0.898,0.693
0.898,1.122
-0.521,0.072
-1.738,0.157
-2.803,0.124
-3.14,0.166
2.262,0.177
1.967,-2.497
2.056,1.794
0.069,-0.467
0.045,-0.964
-0.046,-0.373
-0.12,-1.118
-0.057,-1.471
-0.141,-0.559
-0.162,-2.414
-0.178,1.234
-0.21,-1.61
-0.229,-1.362
-0.257,0.099
-0.269,-1.581
-0.329,-2.056
-0.288,-0.259
-0.358,-0.172
-0.391,-1.565
-0.423,0.315
-0.479,-1.669
-0.502,0.539
-0.493,-0.124
-0.518,-2.44
-0.593,-0.591
-0.554,-0.631
-0.634,-1.109
-0.592,-0.747
-0.643,0.835
-0.663,-0.994
-0.674,0.099
-0.701,-1.697
-0.733,1.509
-0.91,0.677
-0.95,-1.725
-0.935,-1.278
-1.113,-2.358
-1.108,-1.077
-1.117,-1.585
-1.119,-1.244
-1.217,-1.045
-1.2,-0.525
-1.309,1.043
-1.269,0.256
-1.394,-1.712
-1.387,0.244
-1.472,1.479
-1.682,-0.088
-1.681,-2.232
-1.829,-0.676
-1.849,0.503
-1.88,-1.655
-1.924,0.1
-1.878,0.332
-2.014,0.51
-2.004,1.104
-2.086,-0.144
-2.122,-0.237
-2.063,0.383
-2.173,0.584
-2.202,-0.868
-2.22,-0.831
-2.187,-1.566
-2.275,-1.634
-2.343,-2.061
-2.354,-1.433
-2.349,-1.187
-2.461,-2.199
-2.471,-1.643
-2.433,-0.811
-2.44,-0.535
-2.611,-1.062
-2.649,-1.794
-2.686,1.092
-2.788,0.988
-2.789,-0.982
-2.784,1.321
-2.784,0.75
-2.806,0.447
-2.966,0.488
-2.947,1.121
-2.984,0.237
-3.066,-0.225
3.117,0.349
-3.131,-1.448
2.872,-0.522
2.884,-2.398
2.882,-0.484
2.811,-1.023
2.872,-0.499
2.839,-2.1
2.823,-1.359
2.82,0.767
2.797,-1.123
2.77,-1.725
2.776,0.81
2.706,0.115
2.668,1.008
2.594,0.349
2.601,0.544
2.498,-0.762
2.507,-0.192
2.483,0.029
2.452,0.027
2.366,-0.284
2.025,0.537
1.93,-0.737
1.915,-1.242
1.988,-0.775
1.943,-1.08
1.74,-0.246
1.557,-1.295
1.447,1.062
1.442,-1.759
1.454,-1.456
1.439,0.705
1.318,-2.469
1.255,-1.444
1.154,-2.006
1.168,-0.43
1.092,-0.542
0.961,-1.653
0.87,-0.613
0.86,1.291
0.826,1.38
0.76,-1.602
0.639,-1.586
0.536,0.747
0.507,-1.947
0.483,-0.761
0.424,-2.782
-0.077,-2.669
-0.122,-2.793
-0.577,-2.496
-0.525,-2.563
-0.773,-2.711
-2.082,-2.916
-2.415,-2.946
-2.492,-2.933
-2.785,-2.654
3.058,-2.645
3.034,-2.898
2.687,-2.841
2.684,-2.836
2.466,-3.01
2.295,-3.023
1.966,-2.495
1.938,-2.837
1.608,-2.675
1.652,-2.894
1.574,-2.882
1.428,-2.97
1.314,-2.653
0.595,-2.605
0.65,-2.568
0.333,1.38
-0.121,1.697
-0.319,1.89
-0.559,1.59
-1.538,1.57
-2.562,1.623
-2.698,1.665
-3.011,1.894
1.541,1.52
1.394,1.645
1.285,1.596
0.974,1.452
1.02,1.909
0.966,1.53
1.026,1.636
0.943,1.553
0.74,1.566
-0.028,1.306
-0.095,-0.211
1.579,-2.386
1.041,-1.625
-3.042,1.604
2.895,1.556
0.504,-0.47
0.329,1.299
0.278,-2.3
0.329,-0.279
0.247,0.304
0.154,-1.177
0.157,-1.247
0.064,-0.261
0.06,-2.058
-0.261,1.407
-0.326,-2.271
-0.334,1.033
-0.204,0.367
-0.297,1.401
-0.325,-0.099
-0.355,-1.719
-0.195,-0.688
-0.195,-1.406
-0.354,0.172
-0.373,-1.057
-0.374,-0.091
-0.416,-1.601
-0.442,0.531
-0.54,-1.041
-0.562,0.02
-0.494,-1.479
-0.535,-0.835
-0.7,-1.724
-0.671,-2.025
-0.895,-2.131
-0.988,-0.85
-0.85,0.706
-1.023,-0.396
-1.115,0.984
-0.989,-0.589
-1.123,-1.563
-1.3,-0.086
-1.466,1.159
-1.627,0.792
-1.717,1.026
-1.727,1.206
-1.808,-0.706
-1.815,0.762
-1.704,0.094
-1.864,-1.162
-1.855,0.488
-2.008,0.204
-2.183,-2.208
-2.103,-0.53
-2.111,1.483
-2.198,-1.858
-2.321,-0.94
-2.36,-0.425
-2.406,0.129
-2.317,-2.454
-2.441,-0.206
-2.441,1.403
-2.373,-2.459
-2.502,-0.932
-2.529,-2.463
-2.574,-1.376
-2.612,1.044
-2.66,0.261
-2.613,-2.031
-2.63,0.496
-2.634,-2.302
-2.798,-0.285
-2.79,0.205
-2.914,1.103
-2.921,0.864
-2.821,-1.14
-3.081,-2.086
-2.945,-2.373
-3.018,-2.269
-3.129,-1.092
3.077,0.808
-3.102,-1.482
3.072,-0.914
2.937,-2.004
2.676,0.659
2.65,-0.913
2.552,-0.247
2.448,0.346
2.378,0.016
2.179,-1.1
2.146,-2.404
2.276,-2.169
2.139,-2.017
2.201,-2.296
2.048,1.157
2.13,-1.261
2.047,-2.196
1.905,-1.973
2.04,-0.808
1.99,-0.251
1.619,-0.948
1.639,-0.739
1.402,-2.422
1.208,-2.362
1.236,-0.901
1.008,-0.699
0.894,-2.139
0.812,1.259
0.809,-0.238
0.803,-0.928
0.891,0.385
0.566,-1.23
0.657,-1.405
0.64,-1.974
0.474,-1.317
0.477,-2.825
0.008,-2.561
-0.16,-2.585
-0.193,-2.835
-0.522,-2.929
-1.036,-2.441
-1.065,-2.69
-1.081,-2.654
-1.23,-2.682
-2.234,-2.596
-2.286,-2.901
-2.648,-2.9
-2.566,-2.666
-2.986,-2.564
3.063,-2.553
1.993,-2.702
0.915,-2.602
0.746,-2.884
0.619,-2.553
-0.641,1.73
-1.833,1.733
-1.806,1.893
-2.011,1.762
-2.196,1.526
-2.612,1.758
2.53,1.691
2.41,1.592
1.877,1.656
1.603,1.575
1.305,1.787
-1.486,-2.469
2.14,-1.078
1.606,-0.385
-0.081,-0.331
1.167,1.201
1.136,0.131
0.984,0.397
0.984,0.826
-0.435,-0.224
-1.652,-0.139
-2.717,-0.172
-3.054,-0.13
2.348,-0.119
2.053,-2.793
2.142,1.498
-0.024,-0.497
-0.115,0.094
-0.189,-0.651
-0.126,-1.004
-0.21,-0.092
-0.231,-1.947
-0.247,1.701
-0.279,-1.143
-0.298,-0.895
-0.326,0.566
-0.338,-1.114
-0.398,-1.589
-0.357,0.208
-0.427,0.295
-0.46,-1.098
-0.492,0.782
-0.548,-1.202
-0.571,1.006
-0.562,0.343
-0.587,-1.973
-0.662,-0.124
-0.623,-0.164
-0.703,-0.642
-0.661,-0.28
-0.712,1.302
-0.732,-0.527
-0.743,0.566
-0.77,-1.23
-0.802,1.976
-0.979,1.144
-1.019,-1.258
-1.004,-0.811
-1.182,-1.891
-1.177,-0.61
-1.186,-1.118
-1.188,-0.777
-1.286,-0.578
-1.269,-0.058
-1.378,1.51
-1.338,0.723
-1.463,-1.245
-1.456,0.711
-1.541,1.946
-1.751,0.379
-1.75,-1.765
-1.898,-0.209
-1.918,0.97
-1.949,-1.188
-1.993,0.567
-1.947,0.799
-2.083,0.977
-2.073,1.571
-2.155,0.323
-2.191,0.23
-2.132,0.85
-2.242,1.051
-2.271,-0.401
-2.289,-0.364
-2.256,-1.099
-2.344,-1.167
-2.412,-1.594
-2.423,-0.966
-2.418,-0.72
-2.53,-1.732
-2.54,-1.176
-2.502,-0.344
-2.509,-0.068
-2.68,-0.595
-2.718,-1.327
-2.755,1.559
-2.857,1.455
-2.858,-0.515
-2.853,1.788
-2.853,1.217
-2.875,0.914
-3.035,0.955
-3.016,1.588
-3.053,0.704
-3.135,0.242
3.048,0.816
3.083,-0.981
2.803,-0.055
2.815,-1.931
2.813,-0.017
2.742,-0.556
2.803,-0.032
2.77,-1.633
2.754,-0.892
2.751,1.234
2.728,-0.656
2.701,-1.258
2.707,1.277
2.637,0.582
2.599,1.475
2.525,0.816
2.532,1.011
2.429,-0.295
2.438,0.275
2.414,0.496
2.383,0.494
2.297,0.183
1.956,1.004
1.861,-0.27
1.846,-0.775
1.919,-0.308
1.874,-0.613
1.671,0.221
1.488,-0.828
1.378,1.529
1.373,-1.292
1.385,-0.989
1.37,1.172
1.249,-2.002
1.186,-0.977
1.085,-1.539
1.099,0.037
1.023,-0.075
0.892,-1.186
0.801,-0.146
0.791,1.758
0.757,1.847
0.691,-1.135
0.57,-1.119
0.467,1.214
0.438,-1.48
0.414,-0.294
0.355,-2.315
-0.146,-2.202
-0.191,-2.326
-0.646,-2.029
-0.594,-2.096
-0.842,-2.244
-2.151,-2.449
-2.484,-2.479
-2.561,-2.466
-2.854,-2.187
2.989,-2.178
2.965,-2.431
2.618,-2.374
2.615,-2.369
2.397,-2.543
2.226,-2.556
1.897,-2.028
1.869,-2.37
1.539,-2.208
1.583,-2.427
1.505,-2.415
1.359,-2.503
1.245,-2.186
0.526,-2.138
0.581,-2.101
0.264,1.847
-0.19,2.164
-0.388,2.357
-0.628,2.057
-1.607,2.037
-2.631,2.09
-2.767,2.132
-3.08,2.361
1.472,1.987
1.325,2.112
1.216,2.063
0.905,1.919
0.951,2.376
0.897,1.997
0.957,2.103
0.874,2.02
0.671,2.033
-0.097,1.773
-0.164,0.256
1.51,-1.919
0.972,-1.158
-3.111,2.071
2.826,2.023
0.435,-0.003
0.26,1.766
0.209,-1.833
0.26,0.188
0.178,0.771
0.085,-0.71
0.088,-0.78
-0.005,0.206
-0.009,-1.591
-0.33,1.874
-0.395,-1.804
-0.403,1.5
-0.273,0.834
-0.366,1.868
-0.394,0.368
-0.424,-1.252
-0.264,-0.221
-0.264,-0.939
-0.423,0.639
-0.442,-0.59
-0.443,0.376
-0.485,-1.134
-0.511,0.998
-0.609,-0.574
-0.631,0.487
-0.563,-1.012
-0.604,-0.368
-0.769,-1.257
-0.74,-1.558
-0.964,-1.664
-1.057,-0.383
-0.919,1.173
-1.092,0.071
-1.184,1.451
-1.058,-0.122
-1.192,-1.096
-1.369,0.381
-1.535,1.626
-1.696,1.259
-1.786,1.493
-1.796,1.673
-1.877,-0.239
-1.884,1.229
-1.773,0.561
-1.933,-0.695
-1.924,0.955
-2.077,0.671
-2.252,-1.741
-2.172,-0.063
-2.18,1.95
-2.267,-1.391
-2.39,-0.473
-2.429,0.042
-2.475,0.596
-2.386,-1.987
-2.51,0.261
-2.51,1.87
-2.442,-1.992
-2.571,-0.465
-2.598,-1.996
-2.643,-0.909
-2.681,1.511
-2.729,0.728
-2.682,-1.564
-2.699,0.963
-2.703,-1.835
-2.867,0.182
-2.859,0.672
-2.983,1.57
-2.99,1.331
-2.89,-0.673
3.133,-1.619
-3.014,-1.906
-3.087,-1.802
3.085,-0.625
3.008,1.275
3.112,-1.015
3.003,-0.447
2.868,-1.537
2.607,1.126
2.581,-0.446
2.483,0.22
2.379,0.813
2.309,0.483
2.11,-0.633
2.077,-1.937
2.207,-1.702
2.07,-1.55
2.132,-1.829
1.979,1.624
2.061,-0.794
1.978,-1.729
1.836,-1.506
1.971,-0.341
1.921,0.216
1.55,-0.481
1.57,-0.272
1.333,-1.955
1.139,-1.895
1.167,-0.434
0.939,-0.232
0.825,-1.672
0.743,1.726
0.74,0.229
0.734,-0.461
0.822,0.852
0.497,-0.763
0.588,-0.938
0.571,-1.507
0.405,-0.85
0.408,-2.358
-0.061,-2.094
-0.229,-2.118
-0.262,-2.368
-0.591,-2.462
-1.105,-1.974
-1.134,-2.223
-1.15,-2.187
-1.299,-2.215
-2.303,-2.129
-2.355,-2.434
-2.717,-2.433
-2.635,-2.199
-3.055,-2.097
2.994,-2.086
1.924,-2.235
0.846,-2.135
0.677,-2.417
0.55,-2.086
-0.71,2.197
-1.902,2.2
-1.875,2.36
-2.08,2.229
-2.265,1.993
-2.681,2.225
2.461,2.158
2.341,2.059
1.808,2.123
1.534,2.042
1.236,2.254
-1.555,-2.002
2.071,-0.611
1.537,0.082
-0.15,0.136
1.098,1.668
1.067,0.598
0.915,0.864
0.915,1.293
-0.504,0.243
-1.721,0.328
-2.786,0.295
-3.123,0.337
2.279,0.348
1.984,-2.326
2.073,1.965
-0.091,0.591
-0.165,-0.154
-0.102,-0.507
-0.186,0.405
-0.207,-1.45
-0.223,2.198
-0.255,-0.646
-0.274,-0.398
-0.302,1.063
-0.314,-0.617
-0.374,-1.092
-0.333,0.705
-0.403,0.792
-0.436,-0.601
-0.468,1.279
-0.524,-0.705
-0.547,1.503
-0.538,0.84
-0.563,-1.476
-0.638,0.373
-0.599,0.333
-0.679,-0.145
-0.637,0.217
-0.688,1.799
-0.708,-0.03
-0.719,1.063
-0.746,-0.733
-0.778,2.473
-0.955,1.641
-0.995,-0.761
-0.98,-0.314
-1.158,-1.394
-1.153,-0.113
-1.162,-0.621
-1.164,-0.28
-1.262,-0.081
-1.245,0.439
-1.354,2.007
-1.314,1.22
-1.439,-0.748
-1.432,1.208
-1.517,2.443
-1.727,0.876
-1.726,-1.268
-1.874,0.288
-1.894,1.467
-1.925,-0.691
-1.969,1.064
-1.923,1.296
-2.059,1.474
-2.049,2.068
-2.131,0.82
-2.167,0.727
-2.108,1.347
-2.218,1.548
-2.247,0.096
-2.265,0.133
-2.232,-0.602
-2.32,-0.67
-2.388,-1.097
-2.399,-0.469
-2.394,-0.223
-2.506,-1.235
-2.516,-0.679
-2.478,0.153
-2.485,0.429
-2.656,-0.098
-2.694,-0.83
-2.731,2.056
-2.833,1.952
-2.834,-0.018
-2.829,2.285
-2.829,1.714
-2.851,1.411
-3.011,1.452
-2.992,2.085
-3.029,1.201
-3.111,0.739
3.072,1.313
3.107,-0.484
2.827,0.442
2.839,-1.434
2.837,0.48
2.766,-0.059
2.827,0.465
2.794,-1.136
2.778,-0.395
2.775,1.731
2.752,-0.159
2.725,-0.761
2.731,1.774
2.661,1.079
2.623,1.972
2.549,1.313
2.556,1.508
2.453,0.202
2.462,0.772
2.438,0.993
2.407,0.991
2.321,0.68
1.98,1.501
1.885,0.227
1.87,-0.278
1.943,0.189
1.898,-0.116
1.695,0.718
1.512,-0.331
1.402,2.026
1.397,-0.795
1.409,-0.492
1.394,1.669
1.273,-1.505
1.21,-0.48
1.109,-1.042
1.123,0.534
1.047,0.422
0.916,-0.689
0.825,0.351
0.815,2.255
0.781,2.344
0.715,-0.638
0.594,-0.622
0.491,1.711
0.462,-0.983
0.438,0.203
0.379,-1.818
-0.122,-1.705
-0.167,-1.829
-0.622,-1.532
-0.57,-1.599
-0.818,-1.747
-2.127,-1.952
-2.46,-1.982
-2.537,-1.969
-2.83,-1.69
3.013,-1.681
2.989,-1.934
2.642,-1.877
2.639,-1.872
2.421,-2.046
2.25,-2.059
1.921,-1.531
1.893,-1.873
1.563,-1.711
1.607,-1.93
1.529,-1.918
1.383,-2.006
1.269,-1.689
0.55,-1.641
0.605,-1.604
0.288,2.344
-0.166,2.661
-0.364,2.854
-0.604,2.554
-1.583,2.534
-2.607,2.587
-2.743,2.629
-3.056,2.858
1.496,2.484
1.349,2.609
1.24,2.56
0.929,2.416
0.975,2.873
0.921,2.494
0.981,2.6
0.898,2.517
0.695,2.53
-0.073,2.27
-0.14,0.753
1.534,-1.422
0.996,-0.661
-3.087,2.568
2.85,2.52
0.459,0.494
0.284,2.263
0.233,-1.336
0.284,0.685
0.202,1.268
0.109,-0.213
0.112,-0.283
0.019,0.703
0.015,-1.094
-0.306,2.371
-0.371,-1.307
-0.379,1.997
-0.249,1.331
-0.342,2.365
-0.37,0.865
-0.4,-0.755
-0.24,0.276
-0.24,-0.442
-0.399,1.136
-0.418,-0.093
-0.419,0.873
-0.461,-0.637
-0.487,1.495
-0.585,-0.077
-0.607,0.984
-0.539,-0.515
-0.58,0.129
-0.745,-0.76
-0.716,-1.061
-0.94,-1.167
-1.033,0.114
-0.895,1.67
-1.068,0.568
-1.16,1.948
-1.034,0.375
-1.168,-0.599
-1.345,0.878
-1.511,2.123
-1.672,1.756
-1.762,1.99
-1.772,2.17
-1.853,0.258
-1.86,1.726
-1.749,1.058
-1.909,-0.198
-1.9,1.452
-2.053,1.168
-2.228,-1.244
-2.148,0.434
-2.156,2.447
-2.243,-0.894
-2.366,0.024
-2.405,0.539
-2.451,1.093
-2.362,-1.49
-2.486,0.758
-2.486,2.367
-2.418,-1.495
-2.547,0.032
-2.574,-1.499
-2.619,-0.412
-2.657,2.008
-2.705,1.225
-2.658,-1.067
-2.675,1.46
-2.679,-1.338
-2.843,0.679
-2.835,1.169
-2.959,2.067
-2.966,1.828
-2.866,-0.176
-3.126,-1.122
-2.99,-1.409
-3.063,-1.305
3.109,-0.128
3.032,1.772
3.136,-0.518
3.027,0.05
2.892,-1.04
2.631,1.623
2.605,0.051
2.507,0.717
2.403,1.31
2.333,0.98
2.134,-0.136
2.101,-1.44
2.231,-1.205
2.094,-1.053
2.156,-1.332
2.003,2.121
2.085,-0.297
2.002,-1.232
1.86,-1.009
1.995,0.156
1.945,0.713
1.574,0.016
1.594,0.225
1.357,-1.458
1.163,-1.398
1.191,0.063
0.963,0.265
0.849,-1.175
0.767,2.223
0.764,0.726
0.758,0.036
0.846,1.349
0.521,-0.266
0.612,-0.441
0.595,-1.01
0.429,-0.353
0.432,-1.861
-0.037,-1.597
-0.205,-1.621
-0.238,-1.871
-0.567,-1.965
-1.081,-1.477
-1.11,-1.726
-1.126,-1.69
-1.275,-1.718
-2.279,-1.632
-2.331,-1.937
-2.693,-1.936
-2.611,-1.702
-3.031,-1.6
3.018,-1.589
1.948,-1.738
0.87,-1.638
0.701,-1.92
0.574,-1.589
-0.686,2.694
-1.878,2.697
-1.851,2.857
-2.056,2.726
-2.241,2.49
-2.657,2.722
2.485,2.655
2.365,2.556
1.832,2.62
1.558,2.539
1.26,2.751
-1.531,-1.505
2.095,-0.114
1.561,0.579
-0.126,0.633
1.122,2.165
1.091,1.095
0.939,1.361
0.939,1.79
-0.48,0.74
-1.697,0.825
-2.762,0.792
-3.099,0.834
2.303,0.845
2.008,-1.829
2.097,2.462
-0.074,-0.745
-0.011,-1.098
-0.095,-0.186
-0.116,-2.041
-0.132,1.607
-0.164,-1.237
-0.183,-0.989
-0.211,0.472
-0.223,-1.208
-0.283,-1.683
-0.242,0.114
-0.312,0.201
-0.345,-1.192
-0.377,0.688
-0.433,-1.296
-0.456,0.912
-0.447,0.249
-0.472,-2.067
-0.547,-0.218
-0.508,-0.258
-0.588,-0.736
-0.546,-0.374
-0.597,1.208
-0.617,-0.621
-0.628,0.472
-0.655,-1.324
-0.687,1.882
-0.864,1.05
-0.904,-1.352
-0.889,-0.905
-1.067,-1.985
-1.062,-0.704
-1.071,-1.212
-1.073,-0.871
-1.171,-0.672
-1.154,-0.152
-1.263,1.416
-1.223,0.629
-1.348,-1.339
-1.341,0.617
-1.426,1.852
-1.636,0.285
-1.635,-1.859
-1.783,-0.303
-1.803,0.876
-1.834,-1.282
-1.878,0.473
-1.832,0.705
-1.968,0.883
-1.958,1.477
-2.04,0.229
-2.076,0.136
-2.017,0.756
-2.127,0.957
-2.156,-0.495
-2.174,-0.458
-2.141,-1.193
-2.229,-1.261
-2.297,-1.688
-2.308,-1.06
-2.303,-0.814
-2.415,-1.826
-2.425,-1.27
-2.387,-0.438
-2.394,-0.162
-2.565,-0.689
-2.603,-1.421
-2.64,1.465
-2.742,1.361
-2.743,-0.609
-2.738,1.694
-2.738,1.123
-2.76,0.82
-2.92,0.861
-2.901,1.494
-2.938,0.61
-3.02,0.148
-3.12,0.722
-3.085,-1.075
2.918,-0.149
2.93,-2.025
2.928,-0.111
2.857,-0.65
2.918,-0.126
2.885,-1.727
2.869,-0.986
2.866,1.14
2.843,-0.75
2.816,-1.352
2.822,1.183
2.752,0.488
2.714,1.381
2.64,0.722
2.647,0.917
2.544,-0.389
2.553,0.181
2.529,0.402
2.498,0.4
2.412,0.089
2.071,0.91
1.976,-0.364
1.961,-0.869
2.034,-0.402
1.989,-0.707
1.786,0.127
1.603,-0.922
1.493,1.435
1.488,-1.386
1.5,-1.083
1.485,1.078
1.364,-2.096
1.301,-1.071
1.2,-1.633
1.214,-0.057
1.138,-0.169
1.007,-1.28
0.916,-0.24
0.906,1.664
0.872,1.753
0.806,-1.229
0.685,-1.213
0.582,1.12
0.553,-1.574
0.529,-0.388
0.47,-2.409
-0.031,-2.296
-0.076,-2.42
-0.531,-2.123
-0.479,-2.19
-0.727,-2.338
-2.036,-2.543
-2.369,-2.573
-2.446,-2.56
-2.739,-2.281
3.104,-2.272
3.08,-2.525
2.733,-2.468
2.73,-2.463
2.512,-2.637
2.341,-2.65
2.012,-2.122
1.984,-2.464
1.654,-2.302
1.698,-2.521
1.62,-2.509
1.474,-2.597
1.36,-2.28
0.641,-2.232
0.696,-2.195
0.379,1.753
-0.075,2.07
-0.273,2.263
-0.513,1.963
-1.492,1.943
-2.516,1.996
-2.652,2.038
-2.965,2.267
1.587,1.893
1.44,2.018
1.331,1.969
1.02,1.825
1.066,2.282
1.012,1.903
1.072,2.009
0.989,1.926
0.786,1.939
0.018,1.679
-0.049,0.162
1.625,-2.013
1.087,-1.252
-2.996,1.977
2.941,1.929
0.55,-0.097
0.375,1.672
0.324,-1.927
0.375,0.094
0.293,0.677
0.2,-0.804
0.203,-0.874
0.11,0.112
0.106,-1.685
-0.215,1.78
-0.28,-1.898
-0.288,1.406
-0.158,0.74
-0.251,1.774
-0.279,0.274
-0.309,-1.346
-0.149,-0.315
-0.149,-1.033
-0.308,0.545
-0.327,-0.684
-0.328,0.282
-0.37,-1.228
-0.396,0.904
-0.494,-0.668
-0.516,0.393
-0.448,-1.106
-0.489,-0.462
-0.654,-1.351
-0.625,-1.652
-0.849,-1.758
-0.942,-0.477
-0.804,1.079
-0.977,-0.023
-1.069,1.357
-0.943,-0.216
-1.077,-1.19
-1.254,0.287
-1.42,1.532
-1.581,1.165
-1.671,1.399
-1.681,1.579
-1.762,-0.333
-1.769,1.135
-1.658,0.467
-1.818,-0.789
-1.809,0.861
-1.962,0.577
-2.137,-1.835
-2.057,-0.157
-2.065,1.856
-2.152,-1.485
-2.275,-0.567
-2.314,-0.052
-2.36,0.502
-2.271,-2.081
-2.395,0.167
-2.395,1.776
-2.327,-2.086
-2.456,-0.559
-2.483,-2.09
-2.528,-1.003
-2.566,1.417
-2.614,0.634
-2.567,-1.658
-2.584,0.869
-2.588,-1.929
-2.752,0.088
-2.744,0.578
-2.868,1.476
-2.875,1.237
-2.775,-0.767
-3.035,-1.713
-2.899,-2.0
-2.972,-1.896
-3.083,-0.719
3.123,1.181
-3.056,-1.109
3.118,-0.541
2.983,-1.631
2.722,1.032
2.696,-0.54
2.598,0.126
2.494,0.719
2.424,0.389
2.225,-0.727
2.192,-2.031
2.322,-1.796
2.185,-1.644
2.247,-1.923
2.094,1.53
2.176,-0.888
2.093,-1.823
1.951,-1.6
2.086,-0.435
2.036,0.122
1.665,-0.575
1.685,-0.366
1.448,-2.049
1.254,-1.989
1.282,-0.528
1.054,-0.326
0.94,-1.766
0.858,1.632
0.855,0.135
0.849,-0.555
0.937,0.758
0.612,-0.857
0.703,-1.032
0.686,-1.601
0.52,-0.944
0.523,-2.452
0.054,-2.188
-0.114,-2.212
-0.147,-2.462
-0.476,-2.556
-0.99,-2.068
-1.019,-2.317
-1.035,-2.281
-1.184,-2.309
-2.188,-2.223
-2.24,-2.528
-2.602,-2.527
-2.52,-2.293
-2.94,-2.191
3.109,-2.18
2.039,-2.329
0.961,-2.229
0.792,-2.511
0.665,-2.18
-0.595,2.103
-1.787,2.106
-1.76,2.266
-1.965,2.135
-2.15,1.899
-2.566,2.131
2.576,2.064
2.456,1.965
1.923,2.029
1.649,1.948
1.351,2.16
-1.44,-2.096
2.186,-0.705
1.652,-0.012
-0.035,0.042
1.213,1.574
1.182,0.504
1.03,0.77
1.03,1.199
-0.389,0.149
-1.606,0.234
-2.671,0.201
-3.008,0.243
2.394,0.254
2.099,-2.42
2.188,1.871
0.063,-0.353
-0.021,0.559
-0.042,-1.296
-0.058,2.352
-0.09,-0.492
-0.109,-0.244
-0.137,1.217
-0.149,-0.463
-0.209,-0.938
-0.168,0.859
-0.238,0.946
-0.271,-0.447
-0.303,1.433
-0.359,-0.551
-0.382,1.657
-0.373,0.994
-0.398,-1.322
-0.473,0.527
-0.434,0.487
-0.514,0.009
-0.472,0.371
-0.523,1.953
-0.543,0.124
-0.554,1.217
-0.581,-0.579
-0.613,2.627
-0.79,1.795
-0.83,-0.607
-0.815,-0.16
-0.993,-1.24
-0.988,0.041
-0.997,-0.467
-0.999,-0.126
-1.097,0.073
-1.08,0.593
-1.189,2.161
-1.149,1.374
-1.274,-0.594
-1.267,1.362
-1.352,2.597
-1.562,1.03
-1.561,-1.114
-1.709,0.442
-1.729,1.621
-1.76,-0.537
-1.804,1.218
-1.758,1.45
-1.894,1.628
-1.884,2.222
-1.966,0.974
-2.002,0.881
-1.943,1.501
-2.053,1.702
-2.082,0.25
-2.1,0.287
-2.067,-0.448
-2.155,-0.516
-2.223,-0.943
-2.234,-0.315
-2.229,-0.069
-2.341,-1.081
-2.351,-0.525
-2.313,0.307
-2.32,0.583
-2.491,0.056
-2.529,-0.676
-2.566,2.21
-2.668,2.106
-2.669,0.136
-2.664,2.439
-2.664,1.868
-2.686,1.565
-2.846,1.606
-2.827,2.239
-2.864,1.355
-2.946,0.893
-3.046,1.467
-3.011,-0.33
2.992,0.596
3.004,-1.28
3.002,0.634
2.931,0.095
2.992,0.619
2.959,-0.982
2.943,-0.241
2.94,1.885
2.917,-0.005
2.89,-0.607
2.896,1.928
2.826,1.233
2.788,2.126
2.714,1.467
2.721,1.662
2.618,0.356
2.627,0.926
2.603,1.147
2.572,1.145
2.486,0.834
2.145,1.655
2.05,0.381
2.035,-0.124
2.108,0.343
2.063,0.038
1.86,0.872
1.677,-0.177
1.567,2.18
1.562,-0.641
1.574,-0.338
1.559,1.823
1.438,-1.351
1.375,-0.326
1.274,-0.888
1.288,0.688
1.212,0.576
1.081,-0.535
0.99,0.505
0.98,2.409
0.946,2.498
0.88,-0.484
0.759,-0.468
0.656,1.865
0.627,-0.829
0.603,0.357
0.544,-1.664
0.043,-1.551
-0.002,-1.675
-0.457,-1.378
-0.405,-1.445
-0.653,-1.593
-1.962,-1.798
-2.295,-1.828
-2.372,-1.815
-2.665,-1.536
-3.105,-1.527
-3.129,-1.78
2.807,-1.723
2.804,-1.718
2.586,-1.892
2.415,-1.905
2.086,-1.377
2.058,-1.719
1.728,-1.557
1.772,-1.776
1.694,-1.764
1.548,-1.852
1.434,-1.535
0.715,-1.487
0.77,-1.45
0.453,2.498
-0.001,2.815
-0.199,3.008
-0.439,2.708
-1.418,2.688
-2.442,2.741
-2.578,2.783
-2.891,3.012
1.661,2.638
1.514,2.763
1.405,2.714
1.094,2.57
1.14,3.027
1.086,2.648
1.146,2.754
1.063,2.671
0.86,2.684
0.092,2.424
0.025,0.907
1.699,-1.268
1.161,-0.507
-2.922,2.722
3.015,2.674
0.624,0.648
0.449,2.417
0.398,-1.182
0.449,0.839
0.367,1.422
0.274,-0.059
0.277,-0.129
0.184,0.857
0.18,-0.94
-0.141,2.525
-0.206,-1.153
-0.214,2.151
-0.084,1.485
-0.177,2.519
-0.205,1.019
-0.235,-0.601
-0.075,0.43
-0.075,-0.288
-0.234,1.29
-0.253,0.061
-0.254,1.027
-0.296,-0.483
-0.322,1.649
-0.42,0.077
-0.442,1.138
-0.374,-0.361
-0.415,0.283
-0.58,-0.606
-0.551,-0.907
-0.775,-1.013
-0.868,0.268
-0.73,1.824
-0.903,0.722
-0.995,2.102
-0.869,0.529
-1.003,-0.445
-1.18,1.032
-1.346,2.277
-1.507,1.91
-1.597,2.144
-1.607,2.324
-1.688,0.412
-1.695,1.88
-1.584,1.212
-1.744,-0.044
-1.735,1.606
-1.888,1.322
-2.063,-1.09
-1.983,0.588
-1.991,2.601
-2.078,-0.74
-2.201,0.178
-2.24,0.693
-2.286,1.247
-2.197,-1.336
-2.321,0.912
-2.321,2.521
-2.253,-1.341
-2.382,0.186
-2.409,-1.345
-2.454,-0.258
-2.492,2.162
-2.54,1.379
-2.493,-0.913
-2.51,1.614
-2.514,-1.184
-2.678,0.833
-2.67,1.323
-2.794,2.221
-2.801,1.982
-2.701,-0.022
-2.961,-0.968
-2.825,-1.255
-2.898,-1.151
-3.009,0.026
-3.086,1.926
-2.982,-0.364
-3.091,0.204
3.057,-0.886
2.796,1.777
2.77,0.205
2.672,0.871
2.568,1.464
2.498,1.134
2.299,0.018
2.266,-1.286
2.396,-1.051
2.259,-0.899
2.321,-1.178
2.168,2.275
2.25,-0.143
2.167,-1.078
2.025,-0.855
2.16,0.31
2.11,0.867
1.739,0.17
1.759,0.379
1.522,-1.304
1.328,-1.244
1.356,0.217
1.128,0.419
1.014,-1.021
0.932,2.377
0.929,0.88
0.923,0.19
1.011,1.503
0.686,-0.112
0.777,-0.287
0.76,-0.856
0.594,-0.199
0.597,-1.707
0.128,-1.443
-0.04,-1.467
-0.073,-1.717
-0.402,-1.811
-0.916,-1.323
-0.945,-1.572
-0.961,-1.536
-1.11,-1.564
-2.114,-1.478
-2.166,-1.783
-2.528,-1.782
-2.446,-1.548
-2.866,-1.446
-3.1,-1.435
2.113,-1.584
1.035,-1.484
0.866,-1.766
0.739,-1.435
-0.521,2.848
-1.713,2.851
-1.686,3.011
-1.891,2.88
-2.076,2.644
-2.492,2.876
2.65,2.809
2.53,2.71
1.997,2.774
1.723,2.693
1.425,2.905
-1.366,-1.351
2.26,0.04
1.726,0.733
0.039,0.787
1.287,2.319
1.256,1.249
1.104,1.515
1.104,1.944
-0.315,0.894
-1.532,0.979
-2.597,0.946
-2.934,0.988
2.468,0.999
2.173,-1.675
2.262,2.616
-0.084,0.912
-0.105,-0.943
-0.121,2.705
-0.153,-0.139
-0.172,0.109
-0.2,1.57
-0.212,-0.11
-0.272,-0.585
-0.231,1.212
-0.301,1.299
-0.334,-0.094
-0.366,1.786
-0.422,-0.198
-0.445,2.01
-0.436,1.347
-0.461,-0.969
-0.536,0.88
-0.497,0.84
-0.577,0.362
-0.535,0.724
-0.586,2.306
-0.606,0.477
-0.617,1.57
-0.644,-0.226
-0.676,2.98
-0.853,2.148
-0.893,-0.254
-0.878,0.193
-1.056,-0.887
-1.051,0.394
-1.06,-0.114
-1.062,0.227
-1.16,0.426
-1.143,0.946
-1.252,2.514
-1.212,1.727
-1.337,-0.241
-1.33,1.715
-1.415,2.95
-1.625,1.383
-1.624,-0.761
-1.772,0.795
-1.792,1.974
-1.823,-0.184
-1.867,1.571
-1.821,1.803
-1.957,1.981
-1.947,2.575
-2.029,1.327
-2.065,1.234
-2.006,1.854
-2.116,2.055
-2.145,0.603
-2.163,0.64
-2.13,-0.095
-2.218,-0.163
-2.286,-0.59
-2.297,0.038
-2.292,0.284
-2.404,-0.728
-2.414,-0.172
-2.376,0.66
-2.383,0.936
-2.554,0.409
-2.592,-0.323
-2.629,2.563
-2.731,2.459
-2.732,0.489
-2.727,2.792
-2.727,2.221
-2.749,1.918
-2.909,1.959
-2.89,2.592
-2.927,1.708
-3.009,1.246
-3.109,1.82
-3.074,0.023
2.929,0.949
2.941,-0.927
2.939,0.987
2.868,0.448
2.929,0.972
2.896,-0.629
2.88,0.112
2.877,2.238
2.854,0.348
2.827,-0.254
2.833,2.281
2.763,1.586
2.725,2.479
2.651,1.82
2.658,2.015
2.555,0.709
2.564,1.279
2.54,1.5
2.509,1.498
2.423,1.187
2.082,2.008
1.987,0.734
1.972,0.229
2.045,0.696
2.0,0.391
1.797,1.225
1.614,0.176
1.504,2.533
1.499,-0.288
1.511,0.015
1.496,2.176
1.375,-0.998
1.312,0.027
1.211,-0.535
1.225,1.041
1.149,0.929
1.018,-0.182
0.927,0.858
0.917,2.762
0.883,2.851
0.817,-0.131
0.696,-0.115
0.593,2.218
0.564,-0.476
0.54,0.71
0.481,-1.311
-0.02,-1.198
-0.065,-1.322
-0.52,-1.025
-0.468,-1.092
-0.716,-1.24
-2.025,-1.445
-2.358,-1.475
-2.435,-1.462
-2.728,-1.183
3.115,-1.174
3.091,-1.427
2.744,-1.37
2.741,-1.365
2.523,-1.539
2.352,-1.552
2.023,-1.024
1.995,-1.366
1.665,-1.204
1.709,-1.423
1.631,-1.411
1.485,-1.499
1.371,-1.182
0.652,-1.134
0.707,-1.097
0.39,2.851
-0.064,3.168
-0.262,3.361
-0.502,3.061
-1.481,3.041
-2.505,3.094
-2.641,3.136
-2.954,3.365
1.598,2.991
1.451,3.116
1.342,3.067
1.031,2.923
1.077,3.38
1.023,3.001
1.083,3.107
1.0,3.024
0.797,3.037
0.029,2.777
-0.038,1.26
1.636,-0.915
1.098,-0.154
-2.985,3.075
2.952,3.027
0.561,1.001
0.386,2.77
0.335,-0.829
0.386,1.192
0.304,1.775
0.211,0.294
0.214,0.224
0.121,1.21
0.117,-0.587
-0.204,2.878
-0.269,-0.8
-0.277,2.504
-0.147,1.838
-0.24,2.872
-0.268,1.372
-0.298,-0.248
-0.138,0.783
-0.138,0.065
-0.297,1.643
-0.316,0.414
-0.317,1.38
-0.359,-0.13
-0.385,2.002
-0.483,0.43
-0.505,1.491
-0.437,-0.008
-0.478,0.636
-0.643,-0.253
-0.614,-0.554
-0.838,-0.66
-0.931,0.621
-0.793,2.177
-0.966,1.075
-1.058,2.455
-0.932,0.882
-1.066,-0.092
-1.243,1.385
-1.409,2.63
-1.57,2.263
-1.66,2.497
-1.67,2.677
-1.751,0.765
-1.758,2.233
-1.647,1.565
-1.807,0.309
-1.798,1.959
-1.951,1.675
-2.126,-0.737
-2.046,0.941
-2.054,2.954
-2.141,-0.387
-2.264,0.531
-2.303,1.046
-2.349,1.6
-2.26,-0.983
-2.384,1.265
-2.384,2.874
-2.316,-0.988
-2.445,0.539
-2.472,-0.992
-2.517,0.095
-2.555,2.515
-2.603,1.732
-2.556,-0.56
-2.573,1.967
-2.577,-0.831
-2.741,1.186
-2.733,1.676
-2.857,2.574
-2.864,2.335
-2.764,0.331
-3.024,-0.615
-2.888,-0.902
-2.961,-0.798
-3.072,0.379
3.134,2.279
-3.045,-0.011
3.129,0.557
2.994,-0.533
2.733,2.13
2.707,0.558
2.609,1.224
2.505,1.817
2.435,1.487
2.236,0.371
2.203,-0.933
2.333,-0.698
2.196,-0.546
2.258,-0.825
2.105,2.628
2.187,0.21
2.104,-0.725
1.962,-0.502
2.097,0.663
2.047,1.22
1.676,0.523
1.696,0.732
1.459,-0.951
1.265,-0.891
1.293,0.57
1.065,0.772
0.951,-0.668
0.869,2.73
0.866,1.233
0.86,0.543
0.948,1.856
0.623,0.241
0.714,0.066
0.697,-0.503
0.531,0.154
0.534,-1.354
0.065,-1.09
-0.103,-1.114
-0.136,-1.364
-0.465,-1.458
-0.979,-0.97
-1.008,-1.219
-1.024,-1.183
-1.173,-1.211
-2.177,-1.125
-2.229,-1.43
-2.591,-1.429
-2.509,-1.195
-2.929,-1.093
3.12,-1.082
2.05,-1.231
0.972,-1.131
0.803,-1.413
0.676,-1.082
-0.584,3.201
-1.776,3.204
-1.749,3.364
-1.954,3.233
-2.139,2.997
-2.555,3.229
2.587,3.162
2.467,3.063
1.934,3.127
1.66,3.046
1.362,3.258
-1.429,-0.998
2.197,0.393
1.663,1.086
-0.024,1.14
1.224,2.672
1.193,1.602
1.041,1.868
1.041,2.297
-0.378,1.247
-1.595,1.332
-2.66,1.299
-2.997,1.341
2.405,1.352
2.11,-1.322
2.199,2.969
-0.021,-1.855
-0.037,1.793
-0.069,-1.051
-0.088,-0.803
-0.116,0.658
-0.128,-1.022
-0.188,-1.497
-0.147,0.3
-0.217,0.387
-0.25,-1.006
-0.282,0.874
-0.338,-1.11
-0.361,1.098
-0.352,0.435
-0.377,-1.881
-0.452,-0.032
-0.413,-0.072
-0.493,-0.55
-0.451,-0.188
-0.502,1.394
-0.522,-0.435
-0.533,0.658
-0.56,-1.138
-0.592,2.068
-0.769,1.236
-0.809,-1.166
-0.794,-0.719
-0.972,-1.799
-0.967,-0.518
-0.976,-1.026
-0.978,-0.685
-1.076,-0.486
-1.059,0.034
-1.168,1.602
-1.128,0.815
-1.253,-1.153
-1.246,0.803
-1.331,2.038
-1.541,0.471
-1.54,-1.673
-1.688,-0.117
-1.708,1.062
-1.739,-1.096
-1.783,0.659
-1.737,0.891
-1.873,1.069
-1.863,1.663
-1.945,0.415
-1.981,0.322
-1.922,0.942
-2.032,1.143
-2.061,-0.309
-2.079,-0.272
-2.046,-1.007
-2.134,-1.075
-2.202,-1.502
-2.213,-0.874
-2.208,-0.628
-2.32,-1.64
-2.33,-1.084
-2.292,-0.252
-2.299,0.024
-2.47,-0.503
-2.508,-1.235
-2.545,1.651
-2.647,1.547
-2.648,-0.423
-2.643,1.88
-2.643,1.309
-2.665,1.006
-2.825,1.047
-2.806,1.68
-2.843,0.796
-2.925,0.334
-3.025,0.908
-2.99,-0.889
3.013,0.037
3.025,-1.839
3.023,0.075
2.952,-0.464
3.013,0.06
2.98,-1.541
2.964,-0.8
2.961,1.326
2.938,-0.564
2.911,-1.166
2.917,1.369
2.847,0.674
2.809,1.567
2.735,0.908
2.742,1.103
2.639,-0.203
2.648,0.367
2.624,0.588
2.593,0.586
2.507,0.275
2.166,1.096
2.071,-0.178
2.056,-0.683
2.129,-0.216
2.084,-0.521
1.881,0.313
1.698,-0.736
1.588,1.621
1.583,-1.2
1.595,-0.897
1.58,1.264
1.459,-1.91
1.396,-0.885
1.295,-1.447
1.309,0.129
1.233,0.017
1.102,-1.094
1.011,-0.054
1.001,1.85
0.967,1.939
0.901,-1.043
0.78,-1.027
0.677,1.306
0.648,-1.388
0.624,-0.202
0.565,-2.223
0.064,-2.11
0.019,-2.234
-0.436,-1.937
-0.384,-2.004
-0.632,-2.152
-1.941,-2.357
-2.274,-2.387
-2.351,-2.374
-2.644,-2.095
-3.084,-2.086
-3.108,-2.339
2.828,-2.282
2.825,-2.277
2.607,-2.451
2.436,-2.464
2.107,-1.936
2.079,-2.278
1.749,-2.116
1.793,-2.335
1.715,-2.323
1.569,-2.411
1.455,-2.094
0.736,-2.046
0.791,-2.009
0.474,1.939
0.02,2.256
-0.178,2.449
-0.418,2.149
-1.397,2.129
-2.421,2.182
-2.557,2.224
-2.87,2.453
1.682,2.079
1.535,2.204
1.426,2.155
1.115,2.011
1.161,2.468
1.107,2.089
1.167,2.195
1.084,2.112
0.881,2.125
0.113,1.865
0.046,0.348
1.72,-1.827
1.182,-1.066
-2.901,2.163
3.036,2.115
0.645,0.089
0.47,1.858
0.419,-1.741
0.47,0.28
0.388,0.863
0.295,-0.618
0.298,-0.688
0.205,0.298
0.201,-1.499
-0.12,1.966
-0.185,-1.712
-0.193,1.592
-0.063,0.926
-0.156,1.96
-0.184,0.46
-0.214,-1.16
-0.054,-0.129
-0.054,-0.847
-0.213,0.731
-0.232,-0.498
-0.233,0.468
-0.275,-1.042
-0.301,1.09
-0.399,-0.482
-0.421,0.579
-0.353,-0.92
-0.394,-0.276
-0.559,-1.165
-0.53,-1.466
-0.754,-1.572
-0.847,-0.291
-0.709,1.265
-0.882,0.163
-0.974,1.543
-0.848,-0.03
-0.982,-1.004
-1.159,0.473
-1.325,1.718
-1.486,1.351
-1.576,1.585
-1.586,1.765
-1.667,-0.147
-1.674,1.321
-1.563,0.653
-1.723,-0.603
-1.714,1.047
-1.867,0.763
-2.042,-1.649
-1.962,0.029
-1.97,2.042
-2.057,-1.299
-2.18,-0.381
-2.219,0.134
-2.265,0.688
-2.176,-1.895
-2.3,0.353
-2.3,1.962
-2.232,-1.9
-2.361,-0.373
-2.388,-1.904
-2.433,-0.817
-2.471,1.603
-2.519,0.82
-2.472,-1.472
-2.489,1.055
-2.493,-1.743
-2.657,0.274
-2.649,0.764
-2.773,1.662
-2.78,1.423
-2.68,-0.581
-2.94,-1.527
-2.804,-1.814
-2.877,-1.71
-2.988,-0.533
-3.065,1.367
-2.961,-0.923
-3.07,-0.355
3.078,-1.445
2.817,1.218
2.791,-0.354
2.693,0.312
2.589,0.905
2.519,0.575
2.32,-0.541
2.287,-1.845
2.417,-1.61
2.28,-1.458
2.342,-1.737
2.189,1.716
2.271,-0.702
2.188,-1.637
2.046,-1.414
2.181,-0.249
2.131,0.308
1.76,-0.389
1.78,-0.18
1.543,-1.863
1.349,-1.803
1.377,-0.342
1.149,-0.14
1.035,-1.58
0.953,1.818
0.95,0.321
0.944,-0.369
1.032,0.944
0.707,-0.671
0.798,-0.846
0.781,-1.415
0.615,-0.758
0.618,-2.266
0.149,-2.002
-0.019,-2.026
-0.052,-2.276
-0.381,-2.37
-0.895,-1.882
-0.924,-2.131
-0.94,-2.095
-1.089,-2.123
-2.093,-2.037
-2.145,-2.342
-2.507,-2.341
-2.425,-2.107
-2.845,-2.005
-3.079,-1.994
2.134,-2.143
1.056,-2.043
0.887,-2.325
0.76,-1.994
-0.5,2.289
-1.692,2.292
-1.665,2.452
-1.87,2.321
-2.055,2.085
-2.471,2.317
2.671,2.25
2.551,2.151
2.018,2.215
1.744,2.134
1.446,2.346
-1.345,-1.91
2.281,-0.519
1.747,0.174
0.06,0.228
1.308,1.76
1.277,0.69
1.125,0.956
1.125,1.385
-0.294,0.335
-1.511,0.42
-2.576,0.387
-2.913,0.429
2.489,0.44
2.194,-2.234
2.283,2.057
-0.016,3.648
-0.048,0.804
-0.067,1.052
-0.095,2.513
-0.107,0.833
-0.167,0.358
-0.126,2.155
-0.196,2.242
-0.229,0.849
-0.261,2.729
-0.317,0.745
-0.34,2.953
-0.331,2.29
-0.356,-0.026
-0.431,1.823
-0.392,1.783
-0.472,1.305
-0.43,1.667
-0.481,3.249
-0.501,1.42
-0.512,2.513
-0.539,0.717
-0.571,3.923
-0.748,3.091
-0.788,0.689
-0.773,1.136
-0.951,0.056
-0.946,1.337
-0.955,0.829
-0.957,1.17
-1.055,1.369
-1.038,1.889
-1.147,3.457
-1.107,2.67
-1.232,0.702
-1.225,2.658
-1.31,3.893
-1.52,2.326
-1.519,0.182
-1.667,1.738
-1.687,2.917
-1.718,0.759
-1.762,2.514
-1.716,2.746
-1.852,2.924
-1.842,3.518
-1.924,2.27
-1.96,2.177
-1.901,2.797
-2.011,2.998
-2.04,1.546
-2.058,1.583
-2.025,0.848
-2.113,0.78
-2.181,0.353
-2.192,0.981
-2.187,1.227
-2.299,0.215
-2.309,0.771
-2.271,1.603
-2.278,1.879
-2.449,1.352
-2.487,0.62
-2.524,3.506
-2.626,3.402
-2.627,1.432
-2.622,3.735
-2.622,3.164
-2.644,2.861
-2.804,2.902
-2.785,3.535
-2.822,2.651
-2.904,2.189
-3.004,2.763
-2.969,0.966
3.034,1.892
3.046,0.016
3.044,1.93
2.973,1.391
3.034,1.915
3.001,0.314
2.985,1.055
2.982,3.181
2.959,1.291
2.932,0.689
2.938,3.224
2.868,2.529
2.83,3.422
2.756,2.763
2.763,2.958
2.66,1.652
2.669,2.222
2.645,2.443
2.614,2.441
2.528,2.13
2.187,2.951
2.092,1.677
2.077,1.172
2.15,1.639
2.105,1.334
1.902,2.168
1.719,1.119
1.609,3.476
1.604,0.655
1.616,0.958
1.601,3.119
1.48,-0.055
1.417,0.97
1.316,0.408
1.33,1.984
1.254,1.872
1.123,0.761
1.032,1.801
1.022,3.705
0.988,3.794
0.922,0.812
0.801,0.828
0.698,3.161
0.669,0.467
0.645,1.653
0.586,-0.368
0.085,-0.255
0.04,-0.379
-0.415,-0.082
-0.363,-0.149
-0.611,-0.297
-1.92,-0.502
-2.253,-0.532
-2.33,-0.519
-2.623,-0.24
-3.063,-0.231
-3.087,-0.484
2.849,-0.427
2.846,-0.422
2.628,-0.596
2.457,-0.609
2.128,-0.081
2.1,-0.423
1.77,-0.261
1.814,-0.48
1.736,-0.468
1.59,-0.556
1.476,-0.239
0.757,-0.191
0.812,-0.154
0.495,3.794
0.041,4.111
-0.157,4.304
-0.397,4.004
-1.376,3.984
-2.4,4.037
-2.536,4.079
-2.849,4.308
1.703,3.934
1.556,4.059
1.447,4.01
1.136,3.866
1.182,4.323
1.128,3.944
1.188,4.05
1.105,3.967
0.902,3.98
0.134,3.72
0.067,2.203
1.741,0.028
1.203,0.789
-2.88,4.018
3.057,3.97
0.666,1.944
0.491,3.713
0.44,0.114
0.491,2.135
0.409,2.718
0.316,1.237
0.319,1.167
0.226,2.153
0.222,0.356
-0.099,3.821
-0.164,0.143
-0.172,3.447
-0.042,2.781
-0.135,3.815
-0.163,2.315
-0.193,0.695
-0.033,1.726
-0.033,1.008
-0.192,2.586
-0.211,1.357
-0.212,2.323
-0.254,0.813
-0.28,2.945
-0.378,1.373
-0.4,2.434
-0.332,0.935
-0.373,1.579
-0.538,0.69
-0.509,0.389
-0.733,0.283
-0.826,1.564
-0.688,3.12
-0.861,2.018
-0.953,3.398
-0.827,1.825
-0.961,0.851
-1.138,2.328
-1.304,3.573
-1.465,3.206
-1.555,3.44
-1.565,3.62
-1.646,1.708
-1.653,3.176
-1.542,2.508
-1.702,1.252
-1.693,2.902
-1.846,2.618
-2.021,0.206
-1.941,1.884
-1.949,3.897
-2.036,0.556
-2.159,1.474
-2.198,1.989
-2.244,2.543
-2.155,-0.04
-2.279,2.208
-2.279,3.817
-2.211,-0.045
-2.34,1.482
-2.367,-0.049
-2.412,1.038
-2.45,3.458
-2.498,2.675
-2.451,0.383
-2.468,2.91
-2.472,0.112
-2.636,2.129
-2.628,2.619
-2.752,3.517
-2.759,3.278
-2.659,1.274
-2.919,0.328
-2.783,0.041
-2.856,0.145
-2.967,1.322
-3.044,3.222
-2.94,0.932
-3.049,1.5
3.099,0.41
2.838,3.073
2.812,1.501
2.714,2.167
2.61,2.76
2.54,2.43
2.341,1.314
2.308,0.01
2.438,0.245
2.301,0.397
2.363,0.118
2.21,3.571
2.292,1.153
2.209,0.218
2.067,0.441
2.202,1.606
2.152,2.163
1.781,1.466
1.801,1.675
1.564,-0.008
1.37,0.052
1.398,1.513
1.17,1.715
1.056,0.275
0.974,3.673
0.971,2.176
0.965,1.486
1.053,2.799
0.728,1.184
0.819,1.009
0.802,0.44
0.636,1.097
0.639,-0.411
0.17,-0.147
0.002,-0.171
-0.031,-0.421
-0.36,-0.515
-0.874,-0.027
-0.903,-0.276
-0.919,-0.24
-1.068,-0.268
-2.072,-0.182
-2.124,-0.487
-2.486,-0.486
-2.404,-0.252
-2.824,-0.15
-3.058,-0.139
2.155,-0.288
1.077,-0.188
0.908,-0.47
0.781,-0.139
-0.479,4.144
-1.671,4.147
-1.644,4.307
-1.849,4.176
-2.034,3.94
-2.45,4.172
2.692,4.105
2.572,4.006
2.039,4.07
1.765,3.989
1.467,4.201
-1.324,-0.055
2.302,1.336
1.768,2.029
0.081,2.083
1.329,3.615
1.298,2.545
1.146,2.811
1.146,3.24
-0.273,2.19
-1.49,2.275
-2.555,2.242
-2.892,2.284
2.51,2.295
2.215,-0.379
2.304,3.912
-0.032,-2.844
-0.051,-2.596
-0.079,-1.135
-0.091,-2.815
-0.151,-3.29
-0.11,-1.493
-0.18,-1.406
-0.213,-2.799
-0.245,-0.919
-0.301,-2.903
-0.324,-0.695
-0.315,-1.358
-0.34,-3.674
-0.415,-1.825
-0.376,-1.865
-0.456,-2.343
-0.414,-1.981
-0.465,-0.399
-0.485,-2.228
-0.496,-1.135
-0.523,-2.931
-0.555,0.275
-0.732,-0.557
-0.772,-2.959
-0.757,-2.512
-0.935,-3.592
-0.93,-2.311
-0.939,-2.819
-0.941,-2.478
-1.039,-2.279
-1.022,-1.759
-1.131,-0.191
-1.091,-0.978
-1.216,-2.946
-1.209,-0.99
-1.294,0.245
-1.504,-1.322
-1.503,-3.466
-1.651,-1.91
-1.671,-0.731
-1.702,-2.889
-1.746,-1.134
-1.7,-0.902
-1.836,-0.724
-1.826,-0.13
-1.908,-1.378
-1.944,-1.471
-1.885,-0.851
-1.995,-0.65
-2.024,-2.102
-2.042,-2.065
-2.009,-2.8
-2.097,-2.868
-2.165,-3.295
-2.176,-2.667
-2.171,-2.421
-2.283,-3.433
-2.293,-2.877
-2.255,-2.045
-2.262,-1.769
-2.433,-2.296
-2.471,-3.028
-2.508,-0.142
-2.61,-0.246
-2.611,-2.216
-2.606,0.087
-2.606,-0.484
-2.628,-0.787
-2.788,-0.746
-2.769,-0.113
-2.806,-0.997
-2.888,-1.459
-2.988,-0.885
-2.953,-2.682
3.05,-1.756
3.062,-3.632
3.06,-1.718
2.989,-2.257
3.05,-1.733
3.017,-3.334
3.001,-2.593
2.998,-0.467
2.975,-2.357
2.948,-2.959
2.954,-0.424
2.884,-1.119
2.846,-0.226
2.772,-0.885
2.779,-0.69
2.676,-1.996
2.685,-1.426
2.661,-1.205
2.63,-1.207
2.544,-1.518
2.203,-0.697
2.108,-1.971
2.093,-2.476
2.166,-2.009
2.121,-2.314
1.918,-1.48
1.735,-2.529
1.625,-0.172
1.62,-2.993
1.632,-2.69
1.617,-0.529
1.496,-3.703
1.433,-2.678
1.332,-3.24
1.346,-1.664
1.27,-1.776
1.139,-2.887
1.048,-1.847
1.038,0.057
1.004,0.146
0.938,-2.836
0.817,-2.82
0.714,-0.487
0.685,-3.181
0.661,-1.995
0.602,-4.016
0.101,-3.903
0.056,-4.027
-0.399,-3.73
-0.347,-3.797
-0.595,-3.945
-1.904,-4.15
-2.237,-4.18
-2.314,-4.167
-2.607,-3.888
-3.047,-3.879
-3.071,-4.132
2.865,-4.075
2.862,-4.07
2.644,-4.244
2.473,-4.257
2.144,-3.729
2.116,-4.071
1.786,-3.909
1.83,-4.128
1.752,-4.116
1.606,-4.204
1.492,-3.887
0.773,-3.839
0.828,-3.802
0.511,0.146
0.057,0.463
-0.141,0.656
-0.381,0.356
-1.36,0.336
-2.384,0.389
-2.52,0.431
-2.833,0.66
1.719,0.286
1.572,0.411
1.463,0.362
1.152,0.218
1.198,0.675
1.144,0.296
1.204,0.402
1.121,0.319
0.918,0.332
0.15,0.072
0.083,-1.445
1.757,-3.62
1.219,-2.859
-2.864,0.37
3.073,0.322
0.682,-1.704
0.507,0.065
0.456,-3.534
0.507,-1.513
0.425,-0.93
0.332,-2.411
0.335,-2.481
0.242,-1.495
0.238,-3.292
-0.083,0.173
-0.148,-3.505
-0.156,-0.201
-0.026,-0.867
-0.119,0.167
-0.147,-1.333
-0.177,-2.953
-0.017,-1.922
-0.017,-2.64
-0.176,-1.062
-0.195,-2.291
-0.196,-1.325
-0.238,-2.835
-0.264,-0.703
-0.362,-2.275
-0.384,-1.214
-0.316,-2.713
-0.357,-2.069
-0.522,-2.958
-0.493,-3.259
-0.717,-3.365
-0.81,-2.084
-0.672,-0.528
-0.845,-1.63
-0.937,-0.25
-0.811,-1.823
-0.945,-2.797
-1.122,-1.32
-1.288,-0.075
-1.449,-0.442
-1.539,-0.208
-1.549,-0.028
-1.63,-1.94
-1.637,-0.472
-1.526,-1.14
-1.686,-2.396
-1.677,-0.746
-1.83,-1.03
-2.005,-3.442
-1.925,-1.764
-1.933,0.249
-2.02,-3.092
-2.143,-2.174
-2.182,-1.659
-2.228,-1.105
-2.139,-3.688
-2.263,-1.44
-2.263,0.169
-2.195,-3.693
-2.324,-2.166
-2.351,-3.697
-2.396,-2.61
-2.434,-0.19
-2.482,-0.973
-2.435,-3.265
-2.452,-0.738
-2.456,-3.536
-2.62,-1.519
-2.612,-1.029
-2.736,-0.131
-2.743,-0.37
-2.643,-2.374
-2.903,-3.32
-2.767,-3.607
-2.84,-3.503
-2.951,-2.326
-3.028,-0.426
-2.924,-2.716
-3.033,-2.148
3.115,-3.238
2.854,-0.575
2.828,-2.147
2.73,-1.481
2.626,-0.888
2.556,-1.218
2.357,-2.334
2.324,-3.638
2.454,-3.403
2.317,-3.251
2.379,-3.53
2.226,-0.077
2.308,-2.495
2.225,-3.43
2.083,-3.207
2.218,-2.042
2.168,-1.485
1.797,-2.182
1.817,-1.973
1.58,-3.656
1.386,-3.596
1.414,-2.135
1.186,-1.933
1.072,-3.373
0.99,0.025
0.987,-1.472
0.981,-2.162
1.069,-0.849
0.744,-2.464
0.835,-2.639
0.818,-3.208
0.652,-2.551
0.655,-4.059
0.186,-3.795
0.018,-3.819
-0.015,-4.069
-0.344,-4.163
-0.858,-3.675
-0.887,-3.924
-0.903,-3.888
-1.052,-3.916
-2.056,-3.83
-2.108,-4.135
-2.47,-4.134
-2.388,-3.9
-2.808,-3.798
-3.042,-3.787
2.171,-3.936
1.093,-3.836
0.924,-4.118
0.797,-3.787
-0.463,0.496
-1.655,0.499
-1.628,0.659
-1.833,0.528
-2.018,0.292
-2.434,0.524
2.708,0.457
2.588,0.358
2.055,0.422
1.781,0.341
1.483,0.553
-1.308,-3.703
2.318,-2.312
1.784,-1.619
0.097,-1.565
1.345,-0.033
1.314,-1.103
1.162,-0.837
1.162,-0.408
-0.257,-1.458
-1.474,-1.373
-2.539,-1.406
-2.876,-1.364
2.526,-1.353
2.231,-4.027
2.32,0.264
-0.019,0.248
-0.047,1.709
-0.059,0.029
-0.119,-0.446
-0.078,1.351
-0.148,1.438
-0.181,0.045
-0.213,1.925
-0.269,-0.059
-0.292,2.149
-0.283,1.486
-0.308,-0.83
-0.383,1.019
-0.344,0.979
-0.424,0.501
-0.382,0.863
-0.433,2.445
-0.453,0.616
-0.464,1.709
-0.491,-0.087
-0.523,3.119
-0.7,2.287
-0.74,-0.115
-0.725,0.332
-0.903,-0.748
-0.898,0.533
-0.907,0.025
-0.909,0.366
-1.007,0.565
-0.99,1.085
-1.099,2.653
-1.059,1.866
-1.184,-0.102
-1.177,1.854
-1.262,3.089
-1.472,1.522
-1.471,-0.622
-1.619,0.934
-1.639,2.113
-1.67,-0.045
-1.714,1.71
-1.668,1.942
-1.804,2.12
-1.794,2.714
-1.876,1.466
-1.912,1.373
-1.853,1.993
-1.963,2.194
-1.992,0.742
-2.01,0.779
-1.977,0.044
-2.065,-0.024
-2.133,-0.451
-2.144,0.177
-2.139,0.423
-2.251,-0.589
-2.261,-0.033
-2.223,0.799
-2.23,1.075
-2.401,0.548
-2.439,-0.184
-2.476,2.702
-2.578,2.598
-2.579,0.628
-2.574,2.931
-2.574,2.36
-2.596,2.057
-2.756,2.098
-2.737,2.731
-2.774,1.847
-2.856,1.385
-2.956,1.959
-2.921,0.162
3.082,1.088
3.094,-0.788
3.092,1.126
3.021,0.587
3.082,1.111
3.049,-0.49
3.033,0.251
3.03,2.377
3.007,0.487
2.98,-0.115
2.986,2.42
2.916,1.725
2.878,2.618
2.804,1.959
2.811,2.154
2.708,0.848
2.717,1.418
2.693,1.639
2.662,1.637
2.576,1.326
2.235,2.147
2.14,0.873
2.125,0.368
2.198,0.835
2.153,0.53
1.95,1.364
1.767,0.315
1.657,2.672
1.652,-0.149
1.664,0.154
1.649,2.315
1.528,-0.859
1.465,0.166
1.364,-0.396
1.378,1.18
1.302,1.068
1.171,-0.043
1.08,0.997
1.07,2.901
1.036,2.99
0.97,0.008
0.849,0.024
0.746,2.357
0.717,-0.337
0.693,0.849
0.634,-1.172
0.133,-1.059
0.088,-1.183
-0.367,-0.886
-0.315,-0.953
-0.563,-1.101
-1.872,-1.306
-2.205,-1.336
-2.282,-1.323
-2.575,-1.044
-3.015,-1.035
-3.039,-1.288
2.897,-1.231
2.894,-1.226
2.676,-1.4
2.505,-1.413
2.176,-0.885
2.148,-1.227
1.818,-1.065
1.862,-1.284
1.784,-1.272
1.638,-1.36
1.524,-1.043
0.805,-0.995
0.86,-0.958
0.543,2.99
0.089,3.307
-0.109,3.5
-0.349,3.2
-1.328,3.18
-2.352,3.233
-2.488,3.275
-2.801,3.504
1.751,3.13
1.604,3.255
1.495,3.206
1.184,3.062
1.23,3.519
1.176,3.14
1.236,3.246
1.153,3.163
0.95,3.176
0.182,2.916
0.115,1.399
1.789,-0.776
1.251,-0.015
-2.832,3.214
3.105,3.166
0.714,1.14
0.539,2.909
0.488,-0.69
0.539,1.331
0.457,1.914
0.364,0.433
0.367,0.363
0.274,1.349
0.27,-0.448
-0.051,3.017
-0.116,-0.661
-0.124,2.643
0.006,1.977
-0.087,3.011
-0.115,1.511
-0.145,-0.109
0.015,0.922
0.015,0.204
-0.144,1.782
-0.163,0.553
-0.164,1.519
-0.206,0.009
-0.232,2.141
-0.33,0.569
-0.352,1.63
-0.284,0.131
-0.325,0.775
-0.49,-0.114
-0.461,-0.415
-0.685,-0.521
-0.778,0.76
-0.64,2.316
-0.813,1.214
-0.905,2.594
-0.779,1.021
-0.913,0.047
-1.09,1.524
-1.256,2.769
-1.417,2.402
-1.507,2.636
-1.517,2.816
-1.598,0.904
-1.605,2.372
-1.494,1.704
-1.654,0.448
-1.645,2.098
-1.798,1.814
-1.973,-0.598
-1.893,1.08
-1.901,3.093
-1.988,-0.248
-2.111,0.67
-2.15,1.185
-2.196,1.739
-2.107,-0.844
-2.231,1.404
-2.231,3.013
-2.163,-0.849
-2.292,0.678
-2.319,-0.853
-2.364,0.234
-2.402,2.654
-2.45,1.871
-2.403,-0.421
-2.42,2.106
-2.424,-0.692
-2.588,1.325
-2.58,1.815
-2.704,2.713
-2.711,2.474
-2.611,0.47
-2.871,-0.476
-2.735,-0.763
-2.808,-0.659
-2.919,0.518
-2.996,2.418
-2.892,0.128
-3.001,0.696
-3.136,-0.394
2.886,2.269
2.86,0.697
2.762,1.363
2.658,1.956
2.588,1.626
2.389,0.51
2.356,-0.794
2.486,-0.559
2.349,-0.407
2.411,-0.686
2.258,2.767
2.34,0.349
2.257,-0.586
2.115,-0.363
2.25,0.802
2.2,1.359
1.829,0.662
1.849,0.871
1.612,-0.812
1.418,-0.752
1.446,0.709
1.218,0.911
1.104,-0.529
1.022,2.869
1.019,1.372
1.013,0.682
1.101,1.995
0.776,0.38
0.867,0.205
0.85,-0.364
0.684,0.293
0.687,-1.215
0.218,-0.951
0.05,-0.975
0.017,-1.225
-0.312,-1.319
-0.826,-0.831
-0.855,-1.08
-0.871,-1.044
-1.02,-1.072
-2.024,-0.986
-2.076,-1.291
-2.438,-1.29
-2.356,-1.056
-2.776,-0.954
-3.01,-0.943
2.203,-1.092
1.125,-0.992
0.956,-1.274
0.829,-0.943
-0.431,3.34
-1.623,3.343
-1.596,3.503
-1.801,3.372
-1.986,3.136
-2.402,3.368
2.74,3.301
2.62,3.202
2.087,3.266
1.813,3.185
1.515,3.397
-1.276,-0.859
2.35,0.532
1.816,1.225
0.129,1.279
1.377,2.811
1.346,1.741
1.194,2.007
1.194,2.436
-0.225,1.386
-1.442,1.471
-2.507,1.438
-2.844,1.48
2.558,1.491
2.263,-1.183
2.352,3.108
-0.028,1.461
-0.04,-0.219
-0.1,-0.694
-0.059,1.103
-0.129,1.19
-0.162,-0.203
-0.194,1.677
-0.25,-0.307
-0.273,1.901
-0.264,1.238
-0.289,-1.078
-0.364,0.771
-0.325,0.731
-0.405,0.253
-0.363,0.615
-0.414,2.197
-0.434,0.368
-0.445,1.461
-0.472,-0.335
-0.504,2.871
-0.681,2.039
-0.721,-0.363
-0.706,0.084
-0.884,-0.996
-0.879,0.285
-0.888,-0.223
-0.89,0.118
-0.988,0.317
-0.971,0.837
-1.08,2.405
-1.04,1.618
-1.165,-0.35
-1.158,1.606
-1.243,2.841
-1.453,1.274
-1.452,-0.87
-1.6,0.686
-1.62,1.865
-1.651,-0.293
-1.695,1.462
-1.649,1.694
-1.785,1.872
-1.775,2.466
-1.857,1.218
-1.893,1.125
-1.834,1.745
-1.944,1.946
-1.973,0.494
-1.991,0.531
-1.958,-0.204
-2.046,-0.272
-2.114,-0.699
-2.125,-0.071
-2.12,0.175
-2.232,-0.837
-2.242,-0.281
-2.204,0.551
-2.211,0.827
-2.382,0.3
-2.42,-0.432
-2.457,2.454
-2.559,2.35
-2.56,0.38
-2.555,2.683
-2.555,2.112
-2.577,1.809
-2.737,1.85
-2.718,2.483
-2.755,1.599
-2.837,1.137
-2.937,1.711
-2.902,-0.086
3.101,0.84
3.113,-1.036
3.111,0.878
3.04,0.339
3.101,0.863
3.068,-0.738
3.052,0.003
3.049,2.129
3.026,0.239
2.999,-0.363
3.005,2.172
2.935,1.477
2.897,2.37
2.823,1.711
2.83,1.906
2.727,0.6
2.736,1.17
2.712,1.391
2.681,1.389
2.595,1.078
2.254,1.899
2.159,0.625
2.144,0.12
2.217,0.587
2.172,0.282
1.969,1.116
1.786,0.067
1.676,2.424
1.671,-0.397
1.683,-0.094
1.668,2.067
1.547,-1.107
1.484,-0.082
1.383,-0.644
1.397,0.932
1.321,0.82
1.19,-0.291
1.099,0.749
1.089,2.653
1.055,2.742
0.989,-0.24
0.868,-0.224
0.765,2.109
0.736,-0.585
0.712,0.601
0.653,-1.42
0.152,-1.307
0.107,-1.431
-0.348,-1.134
-0.296,-1.201
-0.544,-1.349
-1.853,-1.554
-2.186,-1.584
-2.263,-1.571
-2.556,-1.292
-2.996,-1.283
-3.02,-1.536
2.916,-1.479
2.913,-1.474
2.695,-1.648
2.524,-1.661
2.195,-1.133
2.167,-1.475
1.837,-1.313
1.881,-1.532
1.803,-1.52
1.657,-1.608
1.543,-1.291
0.824,-1.243
0.879,-1.206
0.562,2.742
0.108,3.059
-0.09,3.252
-0.33,2.952
-1.309,2.932
-2.333,2.985
-2.469,3.027
-2.782,3.256
1.77,2.882
1.623,3.007
1.514,2.958
1.203,2.814
1.249,3.271
1.195,2.892
1.255,2.998
1.172,2.915
0.969,2.928
0.201,2.668
0.134,1.151
1.808,-1.024
1.27,-0.263
-2.813,2.966
3.124,2.918
0.733,0.892
0.558,2.661
0.507,-0.938
0.558,1.083
0.476,1.666
0.383,0.185
0.386,0.115
0.293,1.101
0.289,-0.696
-0.032,2.769
-0.097,-0.909
-0.105,2.395
0.025,1.729
-0.068,2.763
-0.096,1.263
-0.126,-0.357
0.034,0.674
0.034,-0.044
-0.125,1.534
-0.144,0.305
-0.145,1.271
-0.187,-0.239
-0.213,1.893
-0.311,0.321
-0.333,1.382
-0.265,-0.117
-0.306,0.527
-0.471,-0.362
-0.442,-0.663
-0.666,-0.769
-0.759,0.512
-0.621,2.068
-0.794,0.966
-0.886,2.346
-0.76,0.773
-0.894,-0.201
-1.071,1.276
-1.237,2.521
-1.398,2.154
-1.488,2.388
-1.498,2.568
-1.579,0.656
-1.586,2.124
-1.475,1.456
-1.635,0.2
-1.626,1.85
-1.779,1.566
-1.954,-0.846
-1.874,0.832
-1.882,2.845
-1.969,-0.496
-2.092,0.422
-2.131,0.937
-2.177,1.491
-2.088,-1.092
-2.212,1.156
-2.212,2.765
-2.144,-1.097
-2.273,0.43
-2.3,-1.101
-2.345,-0.014
-2.383,2.406
-2.431,1.623
-2.384,-0.669
-2.401,1.858
-2.405,-0.94
-2.569,1.077
-2.561,1.567
-2.685,2.465
-2.692,2.226
-2.592,0.222
-2.852,-0.724
-2.716,-1.011
-2.789,-0.907
-2.9,0.27
-2.977,2.17
-2.873,-0.12
-2.982,0.448
-3.117,-0.642
2.905,2.021
2.879,0.449
2.781,1.115
2.677,1.708
2.607,1.378
2.408,0.262
2.375,-1.042
2.505,-0.807
2.368,-0.655
2.43,-0.934
2.277,2.519
2.359,0.101
2.276,-0.834
2.134,-0.611
2.269,0.554
2.219,1.111
1.848,0.414
1.868,0.623
1.631,-1.06
1.437,-1.0
1.465,0.461
1.237,0.663
1.123,-0.777
1.041,2.621
1.038,1.124
1.032,0.434
1.12,1.747
0.795,0.132
0.886,-0.043
0.869,-0.612
0.703,0.045
0.706,-1.463
0.237,-1.199
0.069,-1.223
0.036,-1.473
-0.293,-1.567
-0.807,-1.079
-0.836,-1.328
-0.852,-1.292
-1.001,-1.32
-2.005,-1.234
-2.057,-1.539
-2.419,-1.538
-2.337,-1.304
-2.757,-1.202
-2.991,-1.191
2.222,-1.34
1.144,-1.24
0.975,-1.522
0.848,-1.191
-0.412,3.092
-1.604,3.095
-1.577,3.255
-1.782,3.124
-1.967,2.888
-2.383,3.12
2.759,3.053
2.639,2.954
2.106,3.018
1.832,2.937
1.534,3.149
-1.257,-1.107
2.369,0.284
1.835,0.977
0.148,1.031
1.396,2.563
1.365,1.493
1.213,1.759
1.213,2.188
-0.206,1.138
-1.423,1.223
-2.488,1.19
-2.825,1.232
2.577,1.243
2.282,-1.431
2.371,2.86
-0.012,-1.68
-0.072,-2.155
-0.031,-0.358
-0.101,-0.271
-0.134,-1.664
-0.166,0.216
-0.222,-1.768
-0.245,0.44
-0.236,-0.223
-0.261,-2.539
-0.336,-0.69
-0.297,-0.73
-0.377,-1.208
-0.335,-0.846
-0.386,0.736
-0.406,-1.093
-0.417,0.0
-0.444,-1.796
-0.476,1.41
-0.653,0.578
-0.693,-1.824
-0.678,-1.377
-0.856,-2.457
-0.851,-1.176
-0.86,-1.684
-0.862,-1.343
-0.96,-1.144
-0.943,-0.624
-1.052,0.944
-1.012,0.157
-1.137,-1.811
-1.13,0.145
-1.215,1.38
-1.425,-0.187
-1.424,-2.331
-1.572,-0.775
-1.592,0.404
-1.623,-1.754
-1.667,0.001
-1.621,0.233
-1.757,0.411
-1.747,1.005
-1.829,-0.243
-1.865,-0.336
-1.806,0.284
-1.916,0.485
-1.945,-0.967
-1.963,-0.93
-1.93,-1.665
-2.018,-1.733
-2.086,-2.16
-2.097,-1.532
-2.092,-1.286
-2.204,-2.298
-2.214,-1.742
-2.176,-0.91
-2.183,-0.634
-2.354,-1.161
-2.392,-1.893
-2.429,0.993
-2.531,0.889
-2.532,-1.081
-2.527,1.222
-2.527,0.651
-2.549,0.348
-2.709,0.389
-2.69,1.022
-2.727,0.138
-2.809,-0.324
-2.909,0.25
-2.874,-1.547
3.129,-0.621
3.141,-2.497
3.139,-0.583
3.068,-1.122
3.129,-0.598
3.096,-2.199
3.08,-1.458
3.077,0.668
3.054,-1.222
3.027,-1.824
3.033,0.711
2.963,0.016
2.925,0.909
2.851,0.25
2.858,0.445
2.755,-0.861
2.764,-0.291
2.74,-0.07
2.709,-0.072
2.623,-0.383
2.282,0.438
2.187,-0.836
2.172,-1.341
2.245,-0.874
2.2,-1.179
1.997,-0.345
1.814,-1.394
1.704,0.963
1.699,-1.858
1.711,-1.555
1.696,0.606
1.575,-2.568
1.512,-1.543
1.411,-2.105
1.425,-0.529
1.349,-0.641
1.218,-1.752
1.127,-0.712
1.117,1.192
1.083,1.281
1.017,-1.701
0.896,-1.685
0.793,0.648
0.764,-2.046
0.74,-0.86
0.681,-2.881
0.18,-2.768
0.135,-2.892
-0.32,-2.595
-0.268,-2.662
-0.516,-2.81
-1.825,-3.015
-2.158,-3.045
-2.235,-3.032
-2.528,-2.753
-2.968,-2.744
-2.992,-2.997
2.944,-2.94
2.941,-2.935
2.723,-3.109
2.552,-3.122
2.223,-2.594
2.195,-2.936
1.865,-2.774
1.909,-2.993
1.831,-2.981
1.685,-3.069
1.571,-2.752
0.852,-2.704
0.907,-2.667
0.59,1.281
0.136,1.598
-0.062,1.791
-0.302,1.491
-1.281,1.471
-2.305,1.524
-2.441,1.566
-2.754,1.795
1.798,1.421
1.651,1.546
1.542,1.497
1.231,1.353
1.277,1.81
1.223,1.431
1.283,1.537
1.2,1.454
0.997,1.467
0.229,1.207
0.162,-0.31
1.836,-2.485
1.298,-1.724
-2.785,1.505
-3.131,1.457
0.761,-0.569
0.586,1.2
0.535,-2.399
0.586,-0.378
0.504,0.205
0.411,-1.276
0.414,-1.346
0.321,-0.36
0.317,-2.157
-0.004,1.308
-0.069,-2.37
-0.077,0.934
0.053,0.268
-0.04,1.302
-0.068,-0.198
-0.098,-1.818
0.062,-0.787
0.062,-1.505
-0.097,0.073
-0.116,-1.156
-0.117,-0.19
-0.159,-1.7
-0.185,0.432
-0.283,-1.14
-0.305,-0.079
-0.237,-1.578
-0.278,-0.934
-0.443,-1.823
-0.414,-2.124
-0.638,-2.23
-0.731,-0.949
-0.593,0.607
-0.766,-0.495
-0.858,0.885
-0.732,-0.688
-0.866,-1.662
-1.043,-0.185
-1.209,1.06
-1.37,0.693
-1.46,0.927
-1.47,1.107
-1.551,-0.805
-1.558,0.663
-1.447,-0.005
-1.607,-1.261
-1.598,0.389
-1.751,0.105
-1.926,-2.307
-1.846,-0.629
-1.854,1.384
-1.941,-1.957
-2.064,-1.039
-2.103,-0.524
-2.149,0.03
-2.06,-2.553
-2.184,-0.305
-2.184,1.304
-2.116,-2.558
-2.245,-1.031
-2.272,-2.562
-2.317,-1.475
-2.355,0.945
-2.403,0.162
-2.356,-2.13
-2.373,0.397
-2.377,-2.401
-2.541,-0.384
-2.533,0.106
-2.657,1.004
-2.664,0.765
-2.564,-1.239
-2.824,-2.185
-2.688,-2.472
-2.761,-2.368
-2.872,-1.191
-2.949,0.709
-2.845,-1.581
-2.954,-1.013
-3.089,-2.103
2.933,0.56
2.907,-1.012
2.809,-0.346
2.705,0.247
2.635,-0.083
2.436,-1.199
2.403,-2.503
2.533,-2.268
2.396,-2.116
2.458,-2.395
2.305,1.058
2.387,-1.36
2.304,-2.295
2.162,-2.072
2.297,-0.907
2.247,-0.35
1.876,-1.047
1.896,-0.838
1.659,-2.521
1.465,-2.461
1.493,-1.0
1.265,-0.798
1.151,-2.238
1.069,1.16
1.066,-0.337
1.06,-1.027
1.148,0.286
0.823,-1.329
0.914,-1.504
0.897,-2.073
0.731,-1.416
0.734,-2.924
0.265,-2.66
0.097,-2.684
0.064,-2.934
-0.265,-3.028
-0.779,-2.54
-0.808,-2.789
-0.824,-2.753
-0.973,-2.781
-1.977,-2.695
-2.029,-3.0
-2.391,-2.999
-2.309,-2.765
-2.729,-2.663
-2.963,-2.652
2.25,-2.801
1.172,-2.701
1.003,-2.983
0.876,-2.652
-0.384,1.631
-1.576,1.634
-1.549,1.794
-1.754,1.663
-1.939,1.427
-2.355,1.659
2.787,1.592
2.667,1.493
2.134,1.557
1.86,1.476
1.562,1.688
-1.229,-2.568
2.397,-1.177
1.863,-0.484
0.176,-0.43
1.424,1.102
1.393,0.032
1.241,0.298
1.241,0.727
-0.178,-0.323
-1.395,-0.238
-2.46,-0.271
-2.797,-0.229
2.605,-0.218
2.31,-2.892
2.399,1.399
-0.06,-0.475
-0.019,1.322
-0.089,1.409
-0.122,0.016
-0.154,1.896
-0.21,-0.088
-0.233,2.12
-0.224,1.457
-0.249,-0.859
-0.324,0.99
-0.285,0.95
-0.365,0.472
-0.323,0.834
-0.374,2.416
-0.394,0.587
-0.405,1.68
-0.432,-0.116
-0.464,3.09
-0.641,2.258
-0.681,-0.144
-0.666,0.303
-0.844,-0.777
-0.839,0.504
-0.848,-0.004
-0.85,0.337
-0.948,0.536
-0.931,1.056
-1.04,2.624
-1.0,1.837
-1.125,-0.131
-1.118,1.825
-1.203,3.06
-1.413,1.493
-1.412,-0.651
-1.56,0.905
-1.58,2.084
-1.611,-0.074
-1.655,1.681
-1.609,1.913
-1.745,2.091
-1.735,2.685
-1.817,1.437
-1.853,1.344
-1.794,1.964
-1.904,2.165
-1.933,0.713
-1.951,0.75
-1.918,0.015
-2.006,-0.053
-2.074,-0.48
-2.085,0.148
-2.08,0.394
-2.192,-0.618
-2.202,-0.062
-2.164,0.77
-2.171,1.046
-2.342,0.519
-2.38,-0.213
-2.417,2.673
-2.519,2.569
-2.52,0.599
-2.515,2.902
-2.515,2.331
-2.537,2.028
-2.697,2.069
-2.678,2.702
-2.715,1.818
-2.797,1.356
-2.897,1.93
-2.862,0.133
3.141,1.059
-3.13,-0.817
-3.132,1.097
3.08,0.558
3.141,1.082
3.108,-0.519
3.092,0.222
3.089,2.348
3.066,0.458
3.039,-0.144
3.045,2.391
2.975,1.696
2.937,2.589
2.863,1.93
2.87,2.125
2.767,0.819
2.776,1.389
2.752,1.61
2.721,1.608
2.635,1.297
2.294,2.118
2.199,0.844
2.184,0.339
2.257,0.806
2.212,0.501
2.009,1.335
1.826,0.286
1.716,2.643
1.711,-0.178
1.723,0.125
1.708,2.286
1.587,-0.888
1.524,0.137
1.423,-0.425
1.437,1.151
1.361,1.039
1.23,-0.072
1.139,0.968
1.129,2.872
1.095,2.961
1.029,-0.021
0.908,-0.005
0.805,2.328
0.776,-0.366
0.752,0.82
0.693,-1.201
0.192,-1.088
0.147,-1.212
-0.308,-0.915
-0.256,-0.982
-0.504,-1.13
-1.813,-1.335
-2.146,-1.365
-2.223,-1.352
-2.516,-1.073
-2.956,-1.064
-2.98,-1.317
2.956,-1.26
2.953,-1.255
2.735,-1.429
2.564,-1.442
2.235,-0.914
2.207,-1.256
1.877,-1.094
1.921,-1.313
1.843,-1.301
1.697,-1.389
1.583,-1.072
0.864,-1.024
0.919,-0.987
0.602,2.961
0.148,3.278
-0.05,3.471
-0.29,3.171
-1.269,3.151
-2.293,3.204
-2.429,3.246
-2.742,3.475
1.81,3.101
1.663,3.226
1.554,3.177
1.243,3.033
1.289,3.49
1.235,3.111
1.295,3.217
1.212,3.134
1.009,3.147
0.241,2.887
0.174,1.37
1.848,-0.805
1.31,-0.044
-2.773,3.185
-3.119,3.137
0.773,1.111
0.598,2.88
0.547,-0.719
0.598,1.302
0.516,1.885
0.423,0.404
0.426,0.334
0.333,1.32
0.329,-0.477
0.008,2.988
-0.057,-0.69
-0.065,2.614
0.065,1.948
-0.028,2.982
-0.056,1.482
-0.086,-0.138
0.074,0.893
0.074,0.175
-0.085,1.753
-0.104,0.524
-0.105,1.49
-0.147,-0.02
-0.173,2.112
-0.271,0.54
-0.293,1.601
-0.225,0.102
-0.266,0.746
-0.431,-0.143
-0.402,-0.444
-0.626,-0.55
-0.719,0.731
-0.581,2.287
-0.754,1.185
-0.846,2.565
-0.72,0.992
-0.854,0.018
-1.031,1.495
-1.197,2.74
-1.358,2.373
-1.448,2.607
-1.458,2.787
-1.539,0.875
-1.546,2.343
-1.435,1.675
-1.595,0.419
-1.586,2.069
-1.739,1.785
-1.914,-0.627
-1.834,1.051
-1.842,3.064
-1.929,-0.277
-2.052,0.641
-2.091,1.156
-2.137,1.71
-2.048,-0.873
-2.172,1.375
-2.172,2.984
-2.104,-0.878
-2.233,0.649
-2.26,-0.882
-2.305,0.205
-2.343,2.625
-2.391,1.842
-2.344,-0.45
-2.361,2.077
-2.365,-0.721
-2.529,1.296
-2.521,1.786
-2.645,2.684
-2.652,2.445
-2.552,0.441
-2.812,-0.505
-2.676,-0.792
-2.749,-0.688
-2.86,0.489
-2.937,2.389
-2.833,0.099
-2.942,0.667
-3.077,-0.423
2.945,2.24
2.919,0.668
2.821,1.334
2.717,1.927
2.647,1.597
2.448,0.481
2.415,-0.823
2.545,-0.588
2.408,-0.436
2.47,-0.715
2.317,2.738
2.399,0.32
2.316,-0.615
2.174,-0.392
2.309,0.773
2.259,1.33
1.888,0.633
1.908,0.842
1.671,-0.841
1.477,-0.781
1.505,0.68
1.277,0.882
1.163,-0.558
1.081,2.84
1.078,1.343
1.072,0.653
1.16,1.966
0.835,0.351
0.926,0.176
0.909,-0.393
0.743,0.264
0.746,-1.244
0.277,-0.98
0.109,-1.004
0.076,-1.254
-0.253,-1.348
-0.767,-0.86
-0.796,-1.109
-0.812,-1.073
-0.961,-1.101
-1.965,-1.015
-2.017,-1.32
-2.379,-1.319
-2.297,-1.085
-2.717,-0.983
-2.951,-0.972
2.262,-1.121
1.184,-1.021
1.015,-1.303
0.888,-0.972
-0.372,3.311
-1.564,3.314
-1.537,3.474
-1.742,3.343
-1.927,3.107
-2.343,3.339
2.799,3.272
2.679,3.173
2.146,3.237
1.872,3.156
1.574,3.368
-1.217,-0.888
2.409,0.503
1.875,1.196
0.188,1.25
1.436,2.782
1.405,1.712
1.253,1.978
1.253,2.407
-0.166,1.357
-1.383,1.442
-2.448,1.409
-2.785,1.451
2.617,1.462
2.322,-1.212
2.411,3.079
0.041,1.797
-0.029,1.884
-0.062,0.491
-0.094,2.371
-0.15,0.387
-0.173,2.595
-0.164,1.932
-0.189,-0.384
-0.264,1.465
-0.225,1.425
-0.305,0.947
-0.263,1.309
-0.314,2.891
-0.334,1.062
-0.345,2.155
-0.372,0.359
-0.404,3.565
-0.581,2.733
-0.621,0.331
-0.606,0.778
-0.784,-0.302
-0.779,0.979
-0.788,0.471
-0.79,0.812
-0.888,1.011
-0.871,1.531
-0.98,3.099
-0.94,2.312
-1.065,0.344
-1.058,2.3
-1.143,3.535
-1.353,1.968
-1.352,-0.176
-1.5,1.38
-1.52,2.559
-1.551,0.401
-1.595,2.156
-1.549,2.388
-1.685,2.566
-1.675,3.16
-1.757,1.912
-1.793,1.819
-1.734,2.439
-1.844,2.64
-1.873,1.188
-1.891,1.225
-1.858,0.49
-1.946,0.422
-2.014,-0.005
-2.025,0.623
-2.02,0.869
-2.132,-0.143
-2.142,0.413
-2.104,1.245
-2.111,1.521
-2.282,0.994
-2.32,0.262
-2.357,3.148
-2.459,3.044
-2.46,1.074
-2.455,3.377
-2.455,2.806
-2.477,2.503
-2.637,2.544
-2.618,3.177
-2.655,2.293
-2.737,1.831
-2.837,2.405
-2.802,0.608
-3.082,1.534
-3.07,-0.342
-3.072,1.572
3.14,1.033
-3.082,1.557
-3.115,-0.044
-3.131,0.697
-3.134,2.823
3.126,0.933
3.099,0.331
3.105,2.866
3.035,2.171
2.997,3.064
2.923,2.405
2.93,2.6
2.827,1.294
2.836,1.864
2.812,2.085
2.781,2.083
2.695,1.772
2.354,2.593
2.259,1.319
2.244,0.814
2.317,1.281
2.272,0.976
2.069,1.81
1.886,0.761
1.776,3.118
1.771,0.297
1.783,0.6
1.768,2.761
1.647,-0.413
1.584,0.612
1.483,0.05
1.497,1.626
1.421,1.514
1.29,0.403
1.199,1.443
1.189,3.347
1.155,3.436
1.089,0.454
0.968,0.47
0.865,2.803
0.836,0.109
0.812,1.295
0.753,-0.726
0.252,-0.613
0.207,-0.737
-0.248,-0.44
-0.196,-0.507
-0.444,-0.655
-1.753,-0.86
-2.086,-0.89
-2.163,-0.877
-2.456,-0.598
-2.896,-0.589
-2.92,-0.842
3.016,-0.785
3.013,-0.78
2.795,-0.954
2.624,-0.967
2.295,-0.439
2.267,-0.781
1.937,-0.619
1.981,-0.838
1.903,-0.826
1.757,-0.914
1.643,-0.597
0.924,-0.549
0.979,-0.512
0.662,3.436
0.208,3.753
0.01,3.946
-0.23,3.646
-1.209,3.626
-2.233,3.679
-2.369,3.721
-2.682,3.95
1.87,3.576
1.723,3.701
1.614,3.652
1.303,3.508
1.349,3.965
1.295,3.586
1.355,3.692
1.272,3.609
1.069,3.622
0.301,3.362
0.234,1.845
1.908,-0.33
1.37,0.431
-2.713,3.66
-3.059,3.612
0.833,1.586
0.658,3.355
0.607,-0.244
0.658,1.777
0.576,2.36
0.483,0.879
0.486,0.809
0.393,1.795
0.389,-0.002
0.068,3.463
0.003,-0.215
-0.005,3.089
0.125,2.423
0.032,3.457
0.004,1.957
-0.026,0.337
0.134,1.368
0.134,0.65
-0.025,2.228
-0.044,0.999
-0.045,1.965
-0.087,0.455
-0.113,2.587
-0.211,1.015
-0.233,2.076
-0.165,0.577
-0.206,1.221
-0.371,0.332
-0.342,0.031
-0.566,-0.075
-0.659,1.206
-0.521,2.762
-0.694,1.66
-0.786,3.04
-0.66,1.467
-0.794,0.493
-0.971,1.97
-1.137,3.215
-1.298,2.848
-1.388,3.082
-1.398,3.262
-1.479,1.35
-1.486,2.818
-1.375,2.15
-1.535,0.894
-1.526,2.544
-1.679,2.26
-1.854,-0.152
-1.774,1.526
-1.782,3.539
-1.869,0.198
-1.992,1.116
-2.031,1.631
-2.077,2.185
-1.988,-0.398
-2.112,1.85
-2.112,3.459
-2.044,-0.403
-2.173,1.124
-2.2,-0.407
-2.245,0.68
-2.283,3.1
-2.331,2.317
-2.284,0.025
-2.301,2.552
-2.305,-0.246
-2.469,1.771
-2.461,2.261
-2.585,3.159
-2.592,2.92
-2.492,0.916
-2.752,-0.03
-2.616,-0.317
-2.689,-0.213
-2.8,0.964
-2.877,2.864
-2.773,0.574
-2.882,1.142
-3.017,0.052
3.005,2.715
2.979,1.143
2.881,1.809
2.777,2.402
2.707,2.072
2.508,0.956
2.475,-0.348
2.605,-0.113
2.468,0.039
2.53,-0.24
2.377,3.213
2.459,0.795
2.376,-0.14
2.234,0.083
2.369,1.248
2.319,1.805
1.948,1.108
1.968,1.317
1.731,-0.366
1.537,-0.306
1.565,1.155
1.337,1.357
1.223,-0.083
1.141,3.315
1.138,1.818
1.132,1.128
1.22,2.441
0.895,0.826
0.986,0.651
0.969,0.082
0.803,0.739
0.806,-0.769
0.337,-0.505
0.169,-0.529
0.136,-0.779
-0.193,-0.873
-0.707,-0.385
-0.736,-0.634
-0.752,-0.598
-0.901,-0.626
-1.905,-0.54
-1.957,-0.845
-2.319,-0.844
-2.237,-0.61
-2.657,-0.508
-2.891,-0.497
2.322,-0.646
1.244,-0.546
1.075,-0.828
0.948,-0.497
-0.312,3.786
-1.504,3.789
-1.477,3.949
-1.682,3.818
-1.867,3.582
-2.283,3.814
2.859,3.747
2.739,3.648
2.206,3.712
1.932,3.631
1.634,3.843
-1.157,-0.413
2.469,0.978
1.935,1.671
0.248,1.725
1.496,3.257
1.465,2.187
1.313,2.453
1.313,2.882
-0.106,1.832
-1.323,1.917
-2.388,1.884
-2.725,1.926
2.677,1.937
2.382,-0.737
2.471,3.554
-0.07,0.087
-0.103,-1.306
-0.135,0.574
-0.191,-1.41
-0.214,0.798
-0.205,0.135
-0.23,-2.181
-0.305,-0.332
-0.266,-0.372
-0.346,-0.85
-0.304,-0.488
-0.355,1.094
-0.375,-0.735
-0.386,0.358
-0.413,-1.438
-0.445,1.768
-0.622,0.936
-0.662,-1.466
-0.647,-1.019
-0.825,-2.099
-0.82,-0.818
-0.829,-1.326
-0.831,-0.985
-0.929,-0.786
-0.912,-0.266
-1.021,1.302
-0.981,0.515
-1.106,-1.453
-1.099,0.503
-1.184,1.738
-1.394,0.171
-1.393,-1.973
-1.541,-0.417
-1.561,0.762
-1.592,-1.396
-1.636,0.359
-1.59,0.591
-1.726,0.769
-1.716,1.363
-1.798,0.115
-1.834,0.022
-1.775,0.642
-1.885,0.843
-1.914,-0.609
-1.932,-0.572
-1.899,-1.307
-1.987,-1.375
-2.055,-1.802
-2.066,-1.174
-2.061,-0.928
-2.173,-1.94
-2.183,-1.384
-2.145,-0.552
-2.152,-0.276
-2.323,-0.803
-2.361,-1.535
-2.398,1.351
-2.5,1.247
-2.501,-0.723
-2.496,1.58
-2.496,1.009
-2.518,0.706
-2.678,0.747
-2.659,1.38
-2.696,0.496
-2.778,0.034
-2.878,0.608
-2.843,-1.189
-3.123,-0.263
-3.111,-2.139
-3.113,-0.225
3.099,-0.764
-3.123,-0.24
3.127,-1.841
3.111,-1.1
3.108,1.026
3.085,-0.864
3.058,-1.466
3.064,1.069
2.994,0.374
2.956,1.267
2.882,0.608
2.889,0.803
2.786,-0.503
2.795,0.067
2.771,0.288
2.74,0.286
2.654,-0.025
2.313,0.796
2.218,-0.478
2.203,-0.983
2.276,-0.516
2.231,-0.821
2.028,0.013
1.845,-1.036
1.735,1.321
1.73,-1.5
1.742,-1.197
1.727,0.964
1.606,-2.21
1.543,-1.185
1.442,-1.747
1.456,-0.171
1.38,-0.283
1.249,-1.394
1.158,-0.354
1.148,1.55
1.114,1.639
1.048,-1.343
0.927,-1.327
0.824,1.006
0.795,-1.688
0.771,-0.502
0.712,-2.523
0.211,-2.41
0.166,-2.534
-0.289,-2.237
-0.237,-2.304
-0.485,-2.452
-1.794,-2.657
-2.127,-2.687
-2.204,-2.674
-2.497,-2.395
-2.937,-2.386
-2.961,-2.639
2.975,-2.582
2.972,-2.577
2.754,-2.751
2.583,-2.764
2.254,-2.236
2.226,-2.578
1.896,-2.416
1.94,-2.635
1.862,-2.623
1.716,-2.711
1.602,-2.394
0.883,-2.346
0.938,-2.309
0.621,1.639
0.167,1.956
-0.031,2.149
-0.271,1.849
-1.25,1.829
-2.274,1.882
-2.41,1.924
-2.723,2.153
1.829,1.779
1.682,1.904
1.573,1.855
1.262,1.711
1.308,2.168
1.254,1.789
1.314,1.895
1.231,1.812
1.028,1.825
0.26,1.565
0.193,0.048
1.867,-2.127
1.329,-1.366
-2.754,1.863
-3.1,1.815
0.792,-0.211
0.617,1.558
0.566,-2.041
0.617,-0.02
0.535,0.563
0.442,-0.918
0.445,-0.988
0.352,-0.002
0.348,-1.799
0.027,1.666
-0.038,-2.012
-0.046,1.292
0.084,0.626
-0.009,1.66
-0.037,0.16
-0.067,-1.46
0.093,-0.429
0.093,-1.147
-0.066,0.431
-0.085,-0.798
-0.086,0.168
-0.128,-1.342
-0.154,0.79
-0.252,-0.782
-0.274,0.279
-0.206,-1.22
-0.247,-0.576
-0.412,-1.465
-0.383,-1.766
-0.607,-1.872
-0.7,-0.591
-0.562,0.965
-0.735,-0.137
-0.827,1.243
-0.701,-0.33
-0.835,-1.304
-1.012,0.173
-1.178,1.418
-1.339,1.051
-1.429,1.285
-1.439,1.465
-1.52,-0.447
-1.527,1.021
-1.416,0.353
-1.576,-0.903
-1.567,0.747
-1.72,0.463
-1.895,-1.949
-1.815,-0.271
-1.823,1.742
-1.91,-1.599
-2.033,-0.681
-2.072,-0.166
-2.118,0.388
-2.029,-2.195
-2.153,0.053
-2.153,1.662
-2.085,-2.2
-2.214,-0.673
-2.241,-2.204
-2.286,-1.117
-2.324,1.303
-2.372,0.52
-2.325,-1.772
-2.342,0.755
-2.346,-2.043
-2.51,-0.026
-2.502,0.464
-2.626,1.362
-2.633,1.123
-2.533,-0.881
-2.793,-1.827
-2.657,-2.114
-2.73,-2.01
-2.841,-0.833
-2.918,1.067
-2.814,-1.223
-2.923,-0.655
-3.058,-1.745
2.964,0.918
2.938,-0.654
2.84,0.012
2.736,0.605
2.666,0.275
2.467,-0.841
2.434,-2.145
2.564,-1.91
2.427,-1.758
2.489,-2.037
2.336,1.416
2.418,-1.002
2.335,-1.937
2.193,-1.714
2.328,-0.549
2.278,0.008
1.907,-0.689
1.927,-0.48
1.69,-2.163
1.496,-2.103
1.524,-0.642
1.296,-0.44
1.182,-1.88
1.1,1.518
1.097,0.021
1.091,-0.669
1.179,0.644
0.854,-0.971
0.945,-1.146
0.928,-1.715
0.762,-1.058
0.765,-2.566
0.296,-2.302
0.128,-2.326
0.095,-2.576
-0.234,-2.67
-0.748,-2.182
-0.777,-2.431
-0.793,-2.395
-0.942,-2.423
-1.946,-2.337
-1.998,-2.642
-2.36,-2.641
-2.278,-2.407
-2.698,-2.305
-2.932,-2.294
2.281,-2.443
1.203,-2.343
1.034,-2.625
0.907,-2.294
-0.353,1.989
-1.545,1.992
-1.518,2.152
-1.723,2.021
-1.908,1.785
-2.324,2.017
2.818,1.95
2.698,1.851
2.165,1.915
1.891,1.834
1.593,2.046
-1.198,-2.21
2.428,-0.819
1.894,-0.126
0.207,-0.072
1.455,1.46
1.424,0.39
1.272,0.656
1.272,1.085
-0.147,0.035
-1.364,0.12
-2.429,0.087
-2.766,0.129
2.636,0.14
2.341,-2.534
2.43,1.757
-0.033,-1.393
-0.065,0.487
-0.121,-1.497
-0.144,0.711
-0.135,0.048
-0.16,-2.268
-0.235,-0.419
-0.196,-0.459
-0.276,-0.937
-0.234,-0.575
-0.285,1.007
-0.305,-0.822
-0.316,0.271
-0.343,-1.525
-0.375,1.681
-0.552,0.849
-0.592,-1.553
-0.577,-1.106
-0.755,-2.186
-0.75,-0.905
-0.759,-1.413
-0.761,-1.072
-0.859,-0.873
-0.842,-0.353
-0.951,1.215
-0.911,0.428
-1.036,-1.54
-1.029,0.416
-1.114,1.651
-1.324,0.084
-1.323,-2.06
-1.471,-0.504
-1.491,0.675
-1.522,-1.483
-1.566,0.272
-1.52,0.504
-1.656,0.682
-1.646,1.276
-1.728,0.028
-1.764,-0.065
-1.705,0.555
-1.815,0.756
-1.844,-0.696
-1.862,-0.659
-1.829,-1.394
-1.917,-1.462
-1.985,-1.889
-1.996,-1.261
-1.991,-1.015
-2.103,-2.027
-2.113,-1.471
-2.075,-0.639
-2.082,-0.363
-2.253,-0.89
-2.291,-1.622
-2.328,1.264
-2.43,1.16
-2.431,-0.81
-2.426,1.493
-2.426,0.922
-2.448,0.619
-2.608,0.66
-2.589,1.293
-2.626,0.409
-2.708,-0.053
-2.808,0.521
-2.773,-1.276
-3.053,-0.35
-3.041,-2.226
-3.043,-0.312
-3.114,-0.851
-3.053,-0.327
-3.086,-1.928
-3.102,-1.187
-3.105,0.939
-3.128,-0.951
3.128,-1.553
3.134,0.982
3.064,0.287
3.026,1.18
2.952,0.521
2.959,0.716
2.856,-0.59
2.865,-0.02
2.841,0.201
2.81,0.199
2.724,-0.112
2.383,0.709
2.288,-0.565
2.273,-1.07
2.346,-0.603
2.301,-0.908
2.098,-0.074
1.915,-1.123
1.805,1.234
1.8,-1.587
1.812,-1.284
1.797,0.877
1.676,-2.297
1.613,-1.272
1.512,-1.834
1.526,-0.258
1.45,-0.37
1.319,-1.481
1.228,-0.441
1.218,1.463
1.184,1.552
1.118,-1.43
0.997,-1.414
0.894,0.919
0.865,-1.775
0.841,-0.589
0.782,-2.61
0.281,-2.497
0.236,-2.621
-0.219,-2.324
-0.167,-2.391
-0.415,-2.539
-1.724,-2.744
-2.057,-2.774
-2.134,-2.761
-2.427,-2.482
-2.867,-2.473
-2.891,-2.726
3.045,-2.669
3.042,-2.664
2.824,-2.838
2.653,-2.851
2.324,-2.323
2.296,-2.665
1.966,-2.503
2.01,-2.722
1.932,-2.71
1.786,-2.798
1.672,-2.481
0.953,-2.433
1.008,-2.396
0.691,1.552
0.237,1.869
0.039,2.062
-0.201,1.762
-1.18,1.742
-2.204,1.795
-2.34,1.837
-2.653,2.066
1.899,1.692
1.752,1.817
1.643,1.768
1.332,1.624
1.378,2.081
1.324,1.702
1.384,1.808
1.301,1.725
1.098,1.738
0.33,1.478
0.263,-0.039
1.937,-2.214
1.399,-1.453
-2.684,1.776
-3.03,1.728
0.862,-0.298
0.687,1.471
0.636,-2.128
0.687,-0.107
0.605,0.476
0.512,-1.005
0.515,-1.075
0.422,-0.089
0.418,-1.886
0.097,1.579
0.032,-2.099
0.024,1.205
0.154,0.539
0.061,1.573
0.033,0.073
0.003,-1.547
0.163,-0.516
0.163,-1.234
0.004,0.344
-0.015,-0.885
-0.016,0.081
-0.058,-1.429
-0.084,0.703
-0.182,-0.869
-0.204,0.192
-0.136,-1.307
-0.177,-0.663
-0.342,-1.552
-0.313,-1.853
-0.537,-1.959
-0.63,-0.678
-0.492,0.878
-0.665,-0.224
-0.757,1.156
-0.631,-0.417
-0.765,-1.391
-0.942,0.086
-1.108,1.331
-1.269,0.964
-1.359,1.198
-1.369,1.378
-1.45,-0.534
-1.457,0.934
-1.346,0.266
-1.506,-0.99
-1.497,0.66
-1.65,0.376
-1.825,-2.036
-1.745,-0.358
-1.753,1.655
-1.84,-1.686
-1.963,-0.768
-2.002,-0.253
-2.048,0.301
-1.959,-2.282
-2.083,-0.034
-2.083,1.575
-2.015,-2.287
-2.144,-0.76
-2.171,-2.291
-2.216,-1.204
-2.254,1.216
-2.302,0.433
-2.255,-1.859
-2.272,0.668
-2.276,-2.13
-2.44,-0.113
-2.432,0.377
-2.556,1.275
-2.563,1.036
-2.463,-0.968
-2.723,-1.914
-2.587,-2.201
-2.66,-2.097
-2.771,-0.92
-2.848,0.98
-2.744,-1.31
-2.853,-0.742
-2.988,-1.832
3.034,0.831
3.008,-0.741
2.91,-0.075
2.806,0.518
2.736,0.188
2.537,-0.928
2.504,-2.232
2.634,-1.997
2.497,-1.845
2.559,-2.124
2.406,1.329
2.488,-1.089
2.405,-2.024
2.263,-1.801
2.398,-0.636
2.348,-0.079
1.977,-0.776
1.997,-0.567
1.76,-2.25
1.566,-2.19
1.594,-0.729
1.366,-0.527
1.252,-1.967
1.17,1.431
1.167,-0.066
1.161,-0.756
1.249,0.557
0.924,-1.058
1.015,-1.233
0.998,-1.802
0.832,-1.145
0.835,-2.653
0.366,-2.389
0.198,-2.413
0.165,-2.663
-0.164,-2.757
-0.678,-2.269
-0.707,-2.518
-0.723,-2.482
-0.872,-2.51
-1.876,-2.424
-1.928,-2.729
-2.29,-2.728
-2.208,-2.494
-2.628,-2.392
-2.862,-2.381
2.351,-2.53
1.273,-2.43
1.104,-2.712
0.977,-2.381
-0.283,1.902
-1.475,1.905
-1.448,2.065
-1.653,1.934
-1.838,1.698
-2.254,1.93
2.888,1.863
2.768,1.764
2.235,1.828
1.961,1.747
1.663,1.959
-1.128,-2.297
2.498,-0.906
1.964,-0.213
0.277,-0.159
1.525,1.373
1.494,0.303
1.342,0.569
1.342,0.998
-0.077,-0.052
-1.294,0.033
-2.359,0.0
-2.696,0.042
2.706,0.053
2.411,-2.621
2.5,1.67
-0.032,1.88
-0.088,-0.104
-0.111,2.104
-0.102,1.441
-0.127,-0.875
-0.202,0.974
-0.163,0.934
-0.243,0.456
-0.201,0.818
-0.252,2.4
-0.272,0.571
-0.283,1.664
-0.31,-0.132
-0.342,3.074
-0.519,2.242
-0.559,-0.16
-0.544,0.287
-0.722,-0.793
-0.717,0.488
-0.726,-0.02
-0.728,0.321
-0.826,0.52
-0.809,1.04
-0.918,2.608
-0.878,1.821
-1.003,-0.147
-0.996,1.809
-1.081,3.044
-1.291,1.477
-1.29,-0.667
-1.438,0.889
-1.458,2.068
-1.489,-0.09
-1.533,1.665
-1.487,1.897
-1.623,2.075
-1.613,2.669
-1.695,1.421
-1.731,1.328
-1.672,1.948
-1.782,2.149
-1.811,0.697
-1.829,0.734
-1.796,-0.001
-1.884,-0.069
-1.952,-0.496
-1.963,0.132
-1.958,0.378
-2.07,-0.634
-2.08,-0.078
-2.042,0.754
-2.049,1.03
-2.22,0.503
-2.258,-0.229
-2.295,2.657
-2.397,2.553
-2.398,0.583
-2.393,2.886
-2.393,2.315
-2.415,2.012
-2.575,2.053
-2.556,2.686
-2.593,1.802
-2.675,1.34
-2.775,1.914
-2.74,0.117
-3.02,1.043
-3.008,-0.833
-3.01,1.081
-3.081,0.542
-3.02,1.066
-3.053,-0.535
-3.069,0.206
-3.072,2.332
-3.095,0.442
-3.122,-0.16
-3.116,2.375
3.097,1.68
3.059,2.573
2.985,1.914
2.992,2.109
2.889,0.803
2.898,1.373
2.874,1.594
2.843,1.592
2.757,1.281
2.416,2.102
2.321,0.828
2.306,0.323
2.379,0.79
2.334,0.485
2.131,1.319
1.948,0.27
1.838,2.627
1.833,-0.194
1.845,0.109
1.83,2.27
1.709,-0.904
1.646,0.121
1.545,-0.441
1.559,1.135
1.483,1.023
1.352,-0.088
1.261,0.952
1.251,2.856
1.217,2.945
1.151,-0.037
1.03,-0.021
0.927,2.312
0.898,-0.382
0.874,0.804
0.815,-1.217
0.314,-1.104
0.269,-1.228
-0.186,-0.931
-0.134,-0.998
-0.382,-1.146
-1.691,-1.351
-2.024,-1.381
-2.101,-1.368
-2.394,-1.089
-2.834,-1.08
-2.858,-1.333
3.078,-1.276
3.075,-1.271
2.857,-1.445
2.686,-1.458
2.357,-0.93
2.329,-1.272
1.999,-1.11
2.043,-1.329
1.965,-1.317
1.819,-1.405
1.705,-1.088
0.986,-1.04
1.041,-1.003
0.724,2.945
0.27,3.262
0.072,3.455
-0.168,3.155
-1.147,3.135
-2.171,3.188
-2.307,3.23
-2.62,3.459
1.932,3.085
1.785,3.21
1.676,3.161
1.365,3.017
1.411,3.474
1.357,3.095
1.417,3.201
1.334,3.118
1.131,3.131
0.363,2.871
0.296,1.354
1.97,-0.821
1.432,-0.06
-2.651,3.169
-2.997,3.121
0.895,1.095
0.72,2.864
0.669,-0.735
0.72,1.286
0.638,1.869
0.545,0.388
0.548,0.318
0.455,1.304
0.451,-0.493
0.13,2.972
0.065,-0.706
0.057,2.598
0.187,1.932
0.094,2.966
0.066,1.466
0.036,-0.154
0.196,0.877
0.196,0.159
0.037,1.737
0.018,0.508
0.017,1.474
-0.025,-0.036
-0.051,2.096
-0.149,0.524
-0.171,1.585
-0.103,0.086
-0.144,0.73
-0.309,-0.159
-0.28,-0.46
-0.504,-0.566
-0.597,0.715
-0.459,2.271
-0.632,1.169
-0.724,2.549
-0.598,0.976
-0.732,0.002
-0.909,1.479
-1.075,2.724
-1.236,2.357
-1.326,2.591
-1.336,2.771
-1.417,0.859
-1.424,2.327
-1.313,1.659
-1.473,0.403
-1.464,2.053
-1.617,1.769
-1.792,-0.643
-1.712,1.035
-1.72,3.048
-1.807,-0.293
-1.93,0.625
-1.969,1.14
-2.015,1.694
-1.926,-0.889
-2.05,1.359
-2.05,2.968
-1.982,-0.894
-2.111,0.633
-2.138,-0.898
-2.183,0.189
-2.221,2.609
-2.269,1.826
-2.222,-0.466
-2.239,2.061
-2.243,-0.737
-2.407,1.28
-2.399,1.77
-2.523,2.668
-2.53,2.429
-2.43,0.425
-2.69,-0.521
-2.554,-0.808
-2.627,-0.704
-2.738,0.473
-2.815,2.373
-2.711,0.083
-2.82,0.651
-2.955,-0.439
3.067,2.224
3.041,0.652
2.943,1.318
2.839,1.911
2.769,1.581
2.57,0.465
2.537,-0.839
2.667,-0.604
2.53,-0.452
2.592,-0.731
2.439,2.722
2.521,0.304
2.438,-0.631
2.296,-0.408
2.431,0.757
2.381,1.314
2.01,0.617
2.03,0.826
1.793,-0.857
1.599,-0.797
1.627,0.664
1.399,0.866
1.285,-0.574
1.203,2.824
1.2,1.327
1.194,0.637
1.282,1.95
0.957,0.335
1.048,0.16
1.031,-0.409
0.865,0.248
0.868,-1.26
0.399,-0.996
0.231,-1.02
0.198,-1.27
-0.131,-1.364
-0.645,-0.876
-0.674,-1.125
-0.69,-1.089
-0.839,-1.117
-1.843,-1.031
-1.895,-1.336
-2.257,-1.335
-2.175,-1.101
-2.595,-0.999
-2.829,-0.988
2.384,-1.137
1.306,-1.037
1.137,-1.319
1.01,-0.988
-0.25,3.295
-1.442,3.298
-1.415,3.458
-1.62,3.327
-1.805,3.091
-2.221,3.323
2.921,3.256
2.801,3.157
2.268,3.221
1.994,3.14
1.696,3.352
-1.095,-0.904
2.531,0.487
1.997,1.18
0.31,1.234
1.558,2.766
1.527,1.696
1.375,1.962
1.375,2.391
-0.044,1.341
-1.261,1.426
-2.326,1.393
-2.663,1.435
2.739,1.446
2.444,-1.228
2.533,3.063
-0.056,-1.984
-0.079,0.224
-0.07,-0.439
-0.095,-2.755
-0.17,-0.906
-0.131,-0.946
-0.211,-1.424
-0.169,-1.062
-0.22,0.52
-0.24,-1.309
-0.251,-0.216
-0.278,-2.012
-0.31,1.194
-0.487,0.362
-0.527,-2.04
-0.512,-1.593
-0.69,-2.673
-0.685,-1.392
-0.694,-1.9
-0.696,-1.559
-0.794,-1.36
-0.777,-0.84
-0.886,0.728
-0.846,-0.059
-0.971,-2.027
-0.964,-0.071
-1.049,1.164
-1.259,-0.403
-1.258,-2.547
-1.406,-0.991
-1.426,0.188
-1.457,-1.97
-1.501,-0.215
-1.455,0.017
-1.591,0.195
-1.581,0.789
-1.663,-0.459
-1.699,-0.552
-1.64,0.068
-1.75,0.269
-1.779,-1.183
-1.797,-1.146
-1.764,-1.881
-1.852,-1.949
-1.92,-2.376
-1.931,-1.748
-1.926,-1.502
-2.038,-2.514
-2.048,-1.958
-2.01,-1.126
-2.017,-0.85
-2.188,-1.377
-2.226,-2.109
-2.263,0.777
-2.365,0.673
-2.366,-1.297
-2.361,1.006
-2.361,0.435
-2.383,0.132
-2.543,0.173
-2.524,0.806
-2.561,-0.078
-2.643,-0.54
-2.743,0.034
-2.708,-1.763
-2.988,-0.837
-2.976,-2.713
-2.978,-0.799
-3.049,-1.338
-2.988,-0.814
-3.021,-2.415
-3.037,-1.674
-3.04,0.452
-3.063,-1.438
-3.09,-2.04
-3.084,0.495
3.129,-0.2
3.091,0.693
3.017,0.034
3.024,0.229
2.921,-1.077
2.93,-0.507
2.906,-0.286
2.875,-0.288
2.789,-0.599
2.448,0.222
2.353,-1.052
2.338,-1.557
2.411,-1.09
2.366,-1.395
2.163,-0.561
1.98,-1.61
1.87,0.747
1.865,-2.074
1.877,-1.771
1.862,0.39
1.741,-2.784
1.678,-1.759
1.577,-2.321
1.591,-0.745
1.515,-0.857
1.384,-1.968
1.293,-0.928
1.283,0.976
1.249,1.065
1.183,-1.917
1.062,-1.901
0.959,0.432
0.93,-2.262
0.906,-1.076
0.847,-3.097
0.346,-2.984
0.301,-3.108
-0.154,-2.811
-0.102,-2.878
-0.35,-3.026
-1.659,-3.231
-1.992,-3.261
-2.069,-3.248
-2.362,-2.969
-2.802,-2.96
-2.826,-3.213
3.11,-3.156
3.107,-3.151
2.889,-3.325
2.718,-3.338
2.389,-2.81
2.361,-3.152
2.031,-2.99
2.075,-3.209
1.997,-3.197
1.851,-3.285
1.737,-2.968
1.018,-2.92
1.073,-2.883
0.756,1.065
0.302,1.382
0.104,1.575
-0.136,1.275
-1.115,1.255
-2.139,1.308
-2.275,1.35
-2.588,1.579
1.964,1.205
1.817,1.33
1.708,1.281
1.397,1.137
1.443,1.594
1.389,1.215
1.449,1.321
1.366,1.238
1.163,1.251
0.395,0.991
0.328,-0.526
2.002,-2.701
1.464,-1.94
-2.619,1.289
-2.965,1.241
0.927,-0.785
0.752,0.984
0.701,-2.615
0.752,-0.594
0.67,-0.011
0.577,-1.492
0.58,-1.562
0.487,-0.576
0.483,-2.373
0.162,1.092
0.097,-2.586
0.089,0.718
0.219,0.052
0.126,1.086
0.098,-0.414
0.068,-2.034
0.228,-1.003
0.228,-1.721
0.069,-0.143
0.05,-1.372
0.049,-0.406
0.007,-1.916
-0.019,0.216
-0.117,-1.356
-0.139,-0.295
-0.071,-1.794
-0.112,-1.15
-0.277,-2.039
-0.248,-2.34
-0.472,-2.446
-0.565,-1.165
-0.427,0.391
-0.6,-0.711
-0.692,0.669
-0.566,-0.904
-0.7,-1.878
-0.877,-0.401
-1.043,0.844
-1.204,0.477
-1.294,0.711
-1.304,0.891
-1.385,-1.021
-1.392,0.447
-1.281,-0.221
-1.441,-1.477
-1.432,0.173
-1.585,-0.111
-1.76,-2.523
-1.68,-0.845
-1.688,1.168
-1.775,-2.173
-1.898,-1.255
-1.937,-0.74
-1.983,-0.186
-1.894,-2.769
-2.018,-0.521
-2.018,1.088
-1.95,-2.774
-2.079,-1.247
-2.106,-2.778
-2.151,-1.691
-2.189,0.729
-2.237,-0.054
-2.19,-2.346
-2.207,0.181
-2.211,-2.617
-2.375,-0.6
-2.367,-0.11
-2.491,0.788
-2.498,0.549
-2.398,-1.455
-2.658,-2.401
-2.522,-2.688
-2.595,-2.584
-2.706,-1.407
-2.783,0.493
-2.679,-1.797
-2.788,-1.229
-2.923,-2.319
3.099,0.344
3.073,-1.228
2.975,-0.562
2.871,0.031
2.801,-0.299
2.602,-1.415
2.569,-2.719
2.699,-2.484
2.562,-2.332
2.624,-2.611
2.471,0.842
2.553,-1.576
2.47,-2.511
2.328,-2.288
2.463,-1.123
2.413,-0.566
2.042,-1.263
2.062,-1.054
1.825,-2.737
1.631,-2.677
1.659,-1.216
1.431,-1.014
1.317,-2.454
1.235,0.944
1.232,-0.553
1.226,-1.243
1.314,0.07
0.989,-1.545
1.08,-1.72
1.063,-2.289
0.897,-1.632
0.9,-3.14
0.431,-2.876
0.263,-2.9
0.23,-3.15
-0.099,-3.244
-0.613,-2.756
-0.642,-3.005
-0.658,-2.969
-0.807,-2.997
-1.811,-2.911
-1.863,-3.216
-2.225,-3.215
-2.143,-2.981
-2.563,-2.879
-2.797,-2.868
2.416,-3.017
1.338,-2.917
1.169,-3.199
1.042,-2.868
-0.218,1.415
-1.41,1.418
-1.383,1.578
-1.588,1.447
-1.773,1.211
-2.189,1.443
2.953,1.376
2.833,1.277
2.3,1.341
2.026,1.26
1.728,1.472
-1.063,-2.784
2.563,-1.393
2.029,-0.7
0.342,-0.646
1.59,0.886
1.559,-0.184
1.407,0.082
1.407,0.511
-0.012,-0.539
-1.229,-0.454
-2.294,-0.487
-2.631,-0.445
2.771,-0.434
2.476,-3.108
2.565,1.183
-0.023,2.208
-0.014,1.545
-0.039,-0.771
-0.114,1.078
-0.075,1.038
-0.155,0.56
-0.113,0.922
-0.164,2.504
-0.184,0.675
-0.195,1.768
-0.222,-0.028
-0.254,3.178
-0.431,2.346
-0.471,-0.056
-0.456,0.391
-0.634,-0.689
-0.629,0.592
-0.638,0.084
-0.64,0.425
-0.738,0.624
-0.721,1.144
-0.83,2.712
-0.79,1.925
-0.915,-0.043
-0.908,1.913
-0.993,3.148
-1.203,1.581
-1.202,-0.563
-1.35,0.993
-1.37,2.172
-1.401,0.014
-1.445,1.769
-1.399,2.001
-1.535,2.179
-1.525,2.773
-1.607,1.525
-1.643,1.432
-1.584,2.052
-1.694,2.253
-1.723,0.801
-1.741,0.838
-1.708,0.103
-1.796,0.035
-1.864,-0.392
-1.875,0.236
-1.87,0.482
-1.982,-0.53
-1.992,0.026
-1.954,0.858
-1.961,1.134
-2.132,0.607
-2.17,-0.125
-2.207,2.761
-2.309,2.657
-2.31,0.687
-2.305,2.99
-2.305,2.419
-2.327,2.116
-2.487,2.157
-2.468,2.79
-2.505,1.906
-2.587,1.444
-2.687,2.018
-2.652,0.221
-2.932,1.147
-2.92,-0.729
-2.922,1.185
-2.993,0.646
-2.932,1.17
-2.965,-0.431
-2.981,0.31
-2.984,2.436
-3.007,0.546
-3.034,-0.056
-3.028,2.479
-3.098,1.784
-3.136,2.677
3.073,2.018
3.08,2.213
2.977,0.907
2.986,1.477
2.962,1.698
2.931,1.696
2.845,1.385
2.504,2.206
2.409,0.932
2.394,0.427
2.467,0.894
2.422,0.589
2.219,1.423
2.036,0.374
1.926,2.731
1.921,-0.09
1.933,0.213
1.918,2.374
1.797,-0.8
1.734,0.225
1.633,-0.337
1.647,1.239
1.571,1.127
1.44,0.016
1.349,1.056
1.339,2.96
1.305,3.049
1.239,0.067
1.118,0.083
1.015,2.416
0.986,-0.278
0.962,0.908
0.903,-1.113
0.402,-1.0
0.357,-1.124
-0.098,-0.827
-0.046,-0.894
-0.294,-1.042
-1.603,-1.247
-1.936,-1.277
-2.013,-1.264
-2.306,-0.985
-2.746,-0.976
-2.77,-1.229
-3.117,-1.172
-3.12,-1.167
2.945,-1.341
2.774,-1.354
2.445,-0.826
2.417,-1.168
2.087,-1.006
2.131,-1.225
2.053,-1.213
1.907,-1.301
1.793,-0.984
1.074,-0.936
1.129,-0.899
0.812,3.049
0.358,3.366
0.16,3.559
-0.08,3.259
-1.059,3.239
-2.083,3.292
-2.219,3.334
-2.532,3.563
2.02,3.189
1.873,3.314
1.764,3.265
1.453,3.121
1.499,3.578
1.445,3.199
1.505,3.305
1.422,3.222
1.219,3.235
0.451,2.975
0.384,1.458
2.058,-0.717
1.52,0.044
-2.563,3.273
-2.909,3.225
0.983,1.199
0.808,2.968
0.757,-0.631
0.808,1.39
0.726,1.973
0.633,0.492
0.636,0.422
0.543,1.408
0.539,-0.389
0.218,3.076
0.153,-0.602
0.145,2.702
0.275,2.036
0.182,3.07
0.154,1.57
0.124,-0.05
0.284,0.981
0.284,0.263
0.125,1.841
0.106,0.612
0.105,1.578
0.063,0.068
0.037,2.2
-0.061,0.628
-0.083,1.689
-0.015,0.19
-0.056,0.834
-0.221,-0.055
-0.192,-0.356
-0.416,-0.462
-0.509,0.819
-0.371,2.375
-0.544,1.273
-0.636,2.653
-0.51,1.08
-0.644,0.106
-0.821,1.583
-0.987,2.828
-1.148,2.461
-1.238,2.695
-1.248,2.875
-1.329,0.963
-1.336,2.431
-1.225,1.763
-1.385,0.507
-1.376,2.157
-1.529,1.873
-1.704,-0.539
-1.624,1.139
-1.632,3.152
-1.719,-0.189
-1.842,0.729
-1.881,1.244
-1.927,1.798
-1.838,-0.785
-1.962,1.463
-1.962,3.072
-1.894,-0.79
-2.023,0.737
-2.05,-0.794
-2.095,0.293
-2.133,2.713
-2.181,1.93
-2.134,-0.362
-2.151,2.165
-2.155,-0.633
-2.319,1.384
-2.311,1.874
-2.435,2.772
-2.442,2.533
-2.342,0.529
-2.602,-0.417
-2.466,-0.704
-2.539,-0.6
-2.65,0.577
-2.727,2.477
-2.623,0.187
-2.732,0.755
-2.867,-0.335
-3.128,2.328
3.129,0.756
3.031,1.422
2.927,2.015
2.857,1.685
2.658,0.569
2.625,-0.735
2.755,-0.5
2.618,-0.348
2.68,-0.627
2.527,2.826
2.609,0.408
2.526,-0.527
2.384,-0.304
2.519,0.861
2.469,1.418
2.098,0.721
2.118,0.93
1.881,-0.753
1.687,-0.693
1.715,0.768
1.487,0.97
1.373,-0.47
1.291,2.928
1.288,1.431
1.282,0.741
1.37,2.054
1.045,0.439
1.136,0.264
1.119,-0.305
0.953,0.352
0.956,-1.156
0.487,-0.892
0.319,-0.916
0.286,-1.166
-0.043,-1.26
-0.557,-0.772
-0.586,-1.021
-0.602,-0.985
-0.751,-1.013
-1.755,-0.927
-1.807,-1.232
-2.169,-1.231
-2.087,-0.997
-2.507,-0.895
-2.741,-0.884
2.472,-1.033
1.394,-0.933
1.225,-1.215
1.098,-0.884
-0.162,3.399
-1.354,3.402
-1.327,3.562
-1.532,3.431
-1.717,3.195
-2.133,3.427
3.009,3.36
2.889,3.261
2.356,3.325
2.082,3.244
1.784,3.456
-1.007,-0.8
2.619,0.591
2.085,1.284
0.398,1.338
1.646,2.87
1.615,1.8
1.463,2.066
1.463,2.495
0.044,1.445
-1.173,1.53
-2.238,1.497
-2.575,1.539
2.827,1.55
2.532,-1.124
2.621,3.167
0.009,-0.663
-0.016,-2.979
-0.091,-1.13
-0.052,-1.17
-0.132,-1.648
-0.09,-1.286
-0.141,0.296
-0.161,-1.533
-0.172,-0.44
-0.199,-2.236
-0.231,0.97
-0.408,0.138
-0.448,-2.264
-0.433,-1.817
-0.611,-2.897
-0.606,-1.616
-0.615,-2.124
-0.617,-1.783
-0.715,-1.584
-0.698,-1.064
-0.807,0.504
-0.767,-0.283
-0.892,-2.251
-0.885,-0.295
-0.97,0.94
-1.18,-0.627
-1.179,-2.771
-1.327,-1.215
-1.347,-0.036
-1.378,-2.194
-1.422,-0.439
-1.376,-0.207
-1.512,-0.029
-1.502,0.565
-1.584,-0.683
-1.62,-0.776
-1.561,-0.156
-1.671,0.045
-1.7,-1.407
-1.718,-1.37
-1.685,-2.105
-1.773,-2.173
-1.841,-2.6
-1.852,-1.972
-1.847,-1.726
-1.959,-2.738
-1.969,-2.182
-1.931,-1.35
-1.938,-1.074
-2.109,-1.601
-2.147,-2.333
-2.184,0.553
-2.286,0.449
-2.287,-1.521
-2.282,0.782
-2.282,0.211
-2.304,-0.092
-2.464,-0.051
-2.445,0.582
-2.482,-0.302
-2.564,-0.764
-2.664,-0.19
-2.629,-1.987
-2.909,-1.061
-2.897,-2.937
-2.899,-1.023
-2.97,-1.562
-2.909,-1.038
-2.942,-2.639
-2.958,-1.898
-2.961,0.228
-2.984,-1.662
-3.011,-2.264
-3.005,0.271
-3.075,-0.424
-3.113,0.469
3.096,-0.19
3.103,0.005
3.0,-1.301
3.009,-0.731
2.985,-0.51
2.954,-0.512
2.868,-0.823
2.527,-0.002
2.432,-1.276
2.417,-1.781
2.49,-1.314
2.445,-1.619
2.242,-0.785
2.059,-1.834
1.949,0.523
1.944,-2.298
1.956,-1.995
1.941,0.166
1.82,-3.008
1.757,-1.983
1.656,-2.545
1.67,-0.969
1.594,-1.081
1.463,-2.192
1.372,-1.152
1.362,0.752
1.328,0.841
1.262,-2.141
1.141,-2.125
1.038,0.208
1.009,-2.486
0.985,-1.3
0.926,-3.321
0.425,-3.208
0.38,-3.332
-0.075,-3.035
-0.023,-3.102
-0.271,-3.25
-1.58,-3.455
-1.913,-3.485
-1.99,-3.472
-2.283,-3.193
-2.723,-3.184
-2.747,-3.437
-3.094,-3.38
-3.097,-3.375
2.968,-3.549
2.797,-3.562
2.468,-3.034
2.44,-3.376
2.11,-3.214
2.154,-3.433
2.076,-3.421
1.93,-3.509
1.816,-3.192
1.097,-3.144
1.152,-3.107
0.835,0.841
0.381,1.158
0.183,1.351
-0.057,1.051
-1.036,1.031
-2.06,1.084
-2.196,1.126
-2.509,1.355
2.043,0.981
1.896,1.106
1.787,1.057
1.476,0.913
1.522,1.37
1.468,0.991
1.528,1.097
1.445,1.014
1.242,1.027
0.474,0.767
0.407,-0.75
2.081,-2.925
1.543,-2.164
-2.54,1.065
-2.886,1.017
1.006,-1.009
0.831,0.76
0.78,-2.839
0.831,-0.818
0.749,-0.235
0.656,-1.716
0.659,-1.786
0.566,-0.8
0.562,-2.597
0.241,0.868
0.176,-2.81
0.168,0.494
0.298,-0.172
0.205,0.862
0.177,-0.638
0.147,-2.258
0.307,-1.227
0.307,-1.945
0.148,-0.367
0.129,-1.596
0.128,-0.63
0.086,-2.14
0.06,-0.008
-0.038,-1.58
-0.06,-0.519
0.008,-2.018
-0.033,-1.374
-0.198,-2.263
-0.169,-2.564
-0.393,-2.67
-0.486,-1.389
-0.348,0.167
-0.521,-0.935
-0.613,0.445
-0.487,-1.128
-0.621,-2.102
-0.798,-0.625
-0.964,0.62
-1.125,0.253
-1.215,0.487
-1.225,0.667
-1.306,-1.245
-1.313,0.223
-1.202,-0.445
-1.362,-1.701
-1.353,-0.051
-1.506,-0.335
-1.681,-2.747
-1.601,-1.069
-1.609,0.944
-1.696,-2.397
-1.819,-1.479
-1.858,-0.964
-1.904,-0.41
-1.815,-2.993
-1.939,-0.745
-1.939,0.864
-1.871,-2.998
-2.0,-1.471
-2.027,-3.002
-2.072,-1.915
-2.11,0.505
-2.158,-0.278
-2.111,-2.57
-2.128,-0.043
-2.132,-2.841
-2.296,-0.824
-2.288,-0.334
-2.412,0.564
-2.419,0.325
-2.319,-1.679
-2.579,-2.625
-2.443,-2.912
-2.516,-2.808
-2.627,-1.631
-2.704,0.269
-2.6,-2.021
-2.709,-1.453
-2.844,-2.543
-3.105,0.12
-3.131,-1.452
3.054,-0.786
2.95,-0.193
2.88,-0.523
2.681,-1.639
2.648,-2.943
2.778,-2.708
2.641,-2.556
2.703,-2.835
2.55,0.618
2.632,-1.8
2.549,-2.735
2.407,-2.512
2.542,-1.347
2.492,-0.79
2.121,-1.487
2.141,-1.278
1.904,-2.961
1.71,-2.901
1.738,-1.44
1.51,-1.238
1.396,-2.678
1.314,0.72
1.311,-0.777
1.305,-1.467
1.393,-0.154
1.068,-1.769
1.159,-1.944
1.142,-2.513
0.976,-1.856
0.979,-3.364
0.51,-3.1
0.342,-3.124
0.309,-3.374
-0.02,-3.468
-0.534,-2.98
-0.563,-3.229
-0.579,-3.193
-0.728,-3.221
-1.732,-3.135
-1.784,-3.44
-2.146,-3.439
-2.064,-3.205
-2.484,-3.103
-2.718,-3.092
2.495,-3.241
1.417,-3.141
1.248,-3.423
1.121,-3.092
-0.139,1.191
-1.331,1.194
-1.304,1.354
-1.509,1.223
-1.694,0.987
-2.11,1.219
3.032,1.152
2.912,1.053
2.379,1.117
2.105,1.036
1.807,1.248
-0.984,-3.008
2.642,-1.617
2.108,-0.924
0.421,-0.87
1.669,0.662
1.638,-0.408
1.486,-0.142
1.486,0.287
0.067,-0.763
-1.15,-0.678
-2.215,-0.711
-2.552,-0.669
2.85,-0.658
2.555,-3.332
2.644,0.959
-0.025,-2.316
-0.1,-0.467
-0.061,-0.507
-0.141,-0.985
-0.099,-0.623
-0.15,0.959
-0.17,-0.87
-0.181,0.223
-0.208,-1.573
-0.24,1.633
-0.417,0.801
-0.457,-1.601
-0.442,-1.154
-0.62,-2.234
-0.615,-0.953
-0.624,-1.461
-0.626,-1.12
-0.724,-0.921
-0.707,-0.401
-0.816,1.167
-0.776,0.38
-0.901,-1.588
-0.894,0.368
-0.979,1.603
-1.189,0.036
-1.188,-2.108
-1.336,-0.552
-1.356,0.627
-1.387,-1.531
-1.431,0.224
-1.385,0.456
-1.521,0.634
-1.511,1.228
-1.593,-0.02
-1.629,-0.113
-1.57,0.507
-1.68,0.708
-1.709,-0.744
-1.727,-0.707
-1.694,-1.442
-1.782,-1.51
-1.85,-1.937
-1.861,-1.309
-1.856,-1.063
-1.968,-2.075
-1.978,-1.519
-1.94,-0.687
-1.947,-0.411
-2.118,-0.938
-2.156,-1.67
-2.193,1.216
-2.295,1.112
-2.296,-0.858
-2.291,1.445
-2.291,0.874
-2.313,0.571
-2.473,0.612
-2.454,1.245
-2.491,0.361
-2.573,-0.101
-2.673,0.473
-2.638,-1.324
-2.918,-0.398
-2.906,-2.274
-2.908,-0.36
-2.979,-0.899
-2.918,-0.375
-2.951,-1.976
-2.967,-1.235
-2.97,0.891
-2.993,-0.999
-3.02,-1.601
-3.014,0.934
-3.084,0.239
-3.122,1.132
3.087,0.473
3.094,0.668
2.991,-0.638
3.0,-0.068
2.976,0.153
2.945,0.151
2.859,-0.16
2.518,0.661
2.423,-0.613
2.408,-1.118
2.481,-0.651
2.436,-0.956
2.233,-0.122
2.05,-1.171
1.94,1.186
1.935,-1.635
1.947,-1.332
1.932,0.829
1.811,-2.345
1.748,-1.32
1.647,-1.882
1.661,-0.306
1.585,-0.418
1.454,-1.529
1.363,-0.489
1.353,1.415
1.319,1.504
1.253,-1.478
1.132,-1.462
1.029,0.871
1.0,-1.823
0.976,-0.637
0.917,-2.658
0.416,-2.545
0.371,-2.669
-0.084,-2.372
-0.032,-2.439
-0.28,-2.587
-1.589,-2.792
-1.922,-2.822
-1.999,-2.809
-2.292,-2.53
-2.732,-2.521
-2.756,-2.774
-3.103,-2.717
-3.106,-2.712
2.959,-2.886
2.788,-2.899
2.459,-2.371
2.431,-2.713
2.101,-2.551
2.145,-2.77
2.067,-2.758
1.921,-2.846
1.807,-2.529
1.088,-2.481
1.143,-2.444
0.826,1.504
0.372,1.821
0.174,2.014
-0.066,1.714
-1.045,1.694
-2.069,1.747
-2.205,1.789
-2.518,2.018
2.034,1.644
1.887,1.769
1.778,1.72
1.467,1.576
1.513,2.033
1.459,1.654
1.519,1.76
1.436,1.677
1.233,1.69
0.465,1.43
0.398,-0.087
2.072,-2.262
1.534,-1.501
-2.549,1.728
-2.895,1.68
0.997,-0.346
0.822,1.423
0.771,-2.176
0.822,-0.155
0.74,0.428
0.647,-1.053
0.65,-1.123
0.557,-0.137
0.553,-1.934
0.232,1.531
0.167,-2.147
0.159,1.157
0.289,0.491
0.196,1.525
0.168,0.025
0.138,-1.595
0.298,-0.564
0.298,-1.282
0.139,0.296
0.12,-0.933
0.119,0.033
0.077,-1.477
0.051,0.655
-0.047,-0.917
-0.069,0.144
-0.001,-1.355
-0.042,-0.711
-0.207,-1.6
-0.178,-1.901
-0.402,-2.007
-0.495,-0.726
-0.357,0.83
-0.53,-0.272
-0.622,1.108
-0.496,-0.465
-0.63,-1.439
-0.807,0.038
-0.973,1.283
-1.134,0.916
-1.224,1.15
-1.234,1.33
-1.315,-0.582
-1.322,0.886
-1.211,0.218
-1.371,-1.038
-1.362,0.612
-1.515,0.328
-1.69,-2.084
-1.61,-0.406
-1.618,1.607
-1.705,-1.734
-1.828,-0.816
-1.867,-0.301
-1.913,0.253
-1.824,-2.33
-1.948,-0.082
-1.948,1.527
-1.88,-2.335
-2.009,-0.808
-2.036,-2.339
-2.081,-1.252
-2.119,1.168
-2.167,0.385
-2.12,-1.907
-2.137,0.62
-2.141,-2.178
-2.305,-0.161
-2.297,0.329
-2.421,1.227
-2.428,0.988
-2.328,-1.016
-2.588,-1.962
-2.452,-2.249
-2.525,-2.145
-2.636,-0.968
-2.713,0.932
-2.609,-1.358
-2.718,-0.79
-2.853,-1.88
-3.114,0.783
-3.14,-0.789
3.045,-0.123
2.941,0.47
2.871,0.14
2.672,-0.976
2.639,-2.28
2.769,-2.045
2.632,-1.893
2.694,-2.172
2.541,1.281
2.623,-1.137
2.54,-2.072
2.398,-1.849
2.533,-0.684
2.483,-0.127
2.112,-0.824
2.132,-0.615
1.895,-2.298
1.701,-2.238
1.729,-0.777
1.501,-0.575
1.387,-2.015
1.305,1.383
1.302,-0.114
1.296,-0.804
1.384,0.509
1.059,-1.106
1.15,-1.281
1.133,-1.85
0.967,-1.193
0.97,-2.701
0.501,-2.437
0.333,-2.461
0.3,-2.711
-0.029,-2.805
-0.543,-2.317
-0.572,-2.566
-0.588,-2.53
-0.737,-2.558
-1.741,-2.472
-1.793,-2.777
-2.155,-2.776
-2.073,-2.542
-2.493,-2.44
-2.727,-2.429
2.486,-2.578
1.408,-2.478
1.239,-2.76
1.112,-2.429
-0.148,1.854
-1.34,1.857
-1.313,2.017
-1.518,1.886
-1.703,1.65
-2.119,1.882
3.023,1.815
2.903,1.716
2.37,1.78
2.096,1.699
1.798,1.911
-0.993,-2.345
2.633,-0.954
2.099,-0.261
0.412,-0.207
1.66,1.325
1.629,0.255
1.477,0.521
1.477,0.95
0.058,-0.1
-1.159,-0.015
-2.224,-0.048
-2.561,-0.006
2.841,0.005
2.546,-2.669
2.635,1.622
-0.075,1.849
-0.036,1.809
-0.116,1.331
-0.074,1.693
-0.125,3.275
-0.145,1.446
-0.156,2.539
-0.183,0.743
-0.215,3.949
-0.392,3.117
-0.432,0.715
-0.417,1.162
-0.595,0.082
-0.59,1.363
-0.599,0.855
-0.601,1.196
-0.699,1.395
-0.682,1.915
-0.791,3.483
-0.751,2.696
-0.876,0.728
-0.869,2.684
-0.954,3.919
-1.164,2.352
-1.163,0.208
-1.311,1.764
-1.331,2.943
-1.362,0.785
-1.406,2.54
-1.36,2.772
-1.496,2.95
-1.486,3.544
-1.568,2.296
-1.604,2.203
-1.545,2.823
-1.655,3.024
-1.684,1.572
-1.702,1.609
-1.669,0.874
-1.757,0.806
-1.825,0.379
-1.836,1.007
-1.831,1.253
-1.943,0.241
-1.953,0.797
-1.915,1.629
-1.922,1.905
-2.093,1.378
-2.131,0.646
-2.168,3.532
-2.27,3.428
-2.271,1.458
-2.266,3.761
-2.266,3.19
-2.288,2.887
-2.448,2.928
-2.429,3.561
-2.466,2.677
-2.548,2.215
-2.648,2.789
-2.613,0.992
-2.893,1.918
-2.881,0.042
-2.883,1.956
-2.954,1.417
-2.893,1.941
-2.926,0.34
-2.942,1.081
-2.945,3.207
-2.968,1.317
-2.995,0.715
-2.989,3.25
-3.059,2.555
-3.097,3.448
3.112,2.789
3.119,2.984
3.016,1.678
3.025,2.248
3.001,2.469
2.97,2.467
2.884,2.156
2.543,2.977
2.448,1.703
2.433,1.198
2.506,1.665
2.461,1.36
2.258,2.194
2.075,1.145
1.965,3.502
1.96,0.681
1.972,0.984
1.957,3.145
1.836,-0.029
1.773,0.996
1.672,0.434
1.686,2.01
1.61,1.898
1.479,0.787
1.388,1.827
1.378,3.731
1.344,3.82
1.278,0.838
1.157,0.854
1.054,3.187
1.025,0.493
1.001,1.679
0.942,-0.342
0.441,-0.229
0.396,-0.353
-0.059,-0.056
-0.007,-0.123
-0.255,-0.271
-1.564,-0.476
-1.897,-0.506
-1.974,-0.493
-2.267,-0.214
-2.707,-0.205
-2.731,-0.458
-3.078,-0.401
-3.081,-0.396
2.984,-0.57
2.813,-0.583
2.484,-0.055
2.456,-0.397
2.126,-0.235
2.17,-0.454
2.092,-0.442
1.946,-0.53
1.832,-0.213
1.113,-0.165
1.168,-0.128
0.851,3.82
0.397,4.137
0.199,4.33
-0.041,4.03
-1.02,4.01
-2.044,4.063
-2.18,4.105
-2.493,4.334
2.059,3.96
1.912,4.085
1.803,4.036
1.492,3.892
1.538,4.349
1.484,3.97
1.544,4.076
1.461,3.993
1.258,4.006
0.49,3.746
0.423,2.229
2.097,0.054
1.559,0.815
-2.524,4.044
-2.87,3.996
1.022,1.97
0.847,3.739
0.796,0.14
0.847,2.161
0.765,2.744
0.672,1.263
0.675,1.193
0.582,2.179
0.578,0.382
0.257,3.847
0.192,0.169
0.184,3.473
0.314,2.807
0.221,3.841
0.193,2.341
0.163,0.721
0.323,1.752
0.323,1.034
0.164,2.612
0.145,1.383
0.144,2.349
0.102,0.839
0.076,2.971
-0.022,1.399
-0.044,2.46
0.024,0.961
-0.017,1.605
-0.182,0.716
-0.153,0.415
-0.377,0.309
-0.47,1.59
-0.332,3.146
-0.505,2.044
-0.597,3.424
-0.471,1.851
-0.605,0.877
-0.782,2.354
-0.948,3.599
-1.109,3.232
-1.199,3.466
-1.209,3.646
-1.29,1.734
-1.297,3.202
-1.186,2.534
-1.346,1.278
-1.337,2.928
-1.49,2.644
-1.665,0.232
-1.585,1.91
-1.593,3.923
-1.68,0.582
-1.803,1.5
-1.842,2.015
-1.888,2.569
-1.799,-0.014
-1.923,2.234
-1.923,3.843
-1.855,-0.019
-1.984,1.508
-2.011,-0.023
-2.056,1.064
-2.094,3.484
-2.142,2.701
-2.095,0.409
-2.112,2.936
-2.116,0.138
-2.28,2.155
-2.272,2.645
-2.396,3.543
-2.403,3.304
-2.303,1.3
-2.563,0.354
-2.427,0.067
-2.5,0.171
-2.611,1.348
-2.688,3.248
-2.584,0.958
-2.693,1.526
-2.828,0.436
-3.089,3.099
-3.115,1.527
3.07,2.193
2.966,2.786
2.896,2.456
2.697,1.34
2.664,0.036
2.794,0.271
2.657,0.423
2.719,0.144
2.566,3.597
2.648,1.179
2.565,0.244
2.423,0.467
2.558,1.632
2.508,2.189
2.137,1.492
2.157,1.701
1.92,0.018
1.726,0.078
1.754,1.539
1.526,1.741
1.412,0.301
1.33,3.699
1.327,2.202
1.321,1.512
1.409,2.825
1.084,1.21
1.175,1.035
1.158,0.466
0.992,1.123
0.995,-0.385
0.526,-0.121
0.358,-0.145
0.325,-0.395
-0.004,-0.489
-0.518,-0.001
-0.547,-0.25
-0.563,-0.214
-0.712,-0.242
-1.716,-0.156
-1.768,-0.461
-2.13,-0.46
-2.048,-0.226
-2.468,-0.124
-2.702,-0.113
2.511,-0.262
1.433,-0.162
1.264,-0.444
1.137,-0.113
-0.123,4.17
-1.315,4.173
-1.288,4.333
-1.493,4.202
-1.678,3.966
-2.094,4.198
3.048,4.131
2.928,4.032
2.395,4.096
2.121,4.015
1.823,4.227
-0.968,-0.029
2.658,1.362
2.124,2.055
0.437,2.109
1.685,3.641
1.654,2.571
1.502,2.837
1.502,3.266
0.083,2.216
-1.134,2.301
-2.199,2.268
-2.536,2.31
2.866,2.321
2.571,-0.353
2.66,3.938
0.039,-0.04
-0.041,-0.518
0.001,-0.156
-0.05,1.426
-0.07,-0.403
-0.081,0.69
-0.108,-1.106
-0.14,2.1
-0.317,1.268
-0.357,-1.134
-0.342,-0.687
-0.52,-1.767
-0.515,-0.486
-0.524,-0.994
-0.526,-0.653
-0.624,-0.454
-0.607,0.066
-0.716,1.634
-0.676,0.847
-0.801,-1.121
-0.794,0.835
-0.879,2.07
-1.089,0.503
-1.088,-1.641
-1.236,-0.085
-1.256,1.094
-1.287,-1.064
-1.331,0.691
-1.285,0.923
-1.421,1.101
-1.411,1.695
-1.493,0.447
-1.529,0.354
-1.47,0.974
-1.58,1.175
-1.609,-0.277
-1.627,-0.24
-1.594,-0.975
-1.682,-1.043
-1.75,-1.47
-1.761,-0.842
-1.756,-0.596
-1.868,-1.608
-1.878,-1.052
-1.84,-0.22
-1.847,0.056
-2.018,-0.471
-2.056,-1.203
-2.093,1.683
-2.195,1.579
-2.196,-0.391
-2.191,1.912
-2.191,1.341
-2.213,1.038
-2.373,1.079
-2.354,1.712
-2.391,0.828
-2.473,0.366
-2.573,0.94
-2.538,-0.857
-2.818,0.069
-2.806,-1.807
-2.808,0.107
-2.879,-0.432
-2.818,0.092
-2.851,-1.509
-2.867,-0.768
-2.87,1.358
-2.893,-0.532
-2.92,-1.134
-2.914,1.401
-2.984,0.706
-3.022,1.599
-3.096,0.94
-3.089,1.135
3.091,-0.171
3.1,0.399
3.076,0.62
3.045,0.618
2.959,0.307
2.618,1.128
2.523,-0.146
2.508,-0.651
2.581,-0.184
2.536,-0.489
2.333,0.345
2.15,-0.704
2.04,1.653
2.035,-1.168
2.047,-0.865
2.032,1.296
1.911,-1.878
1.848,-0.853
1.747,-1.415
1.761,0.161
1.685,0.049
1.554,-1.062
1.463,-0.022
1.453,1.882
1.419,1.971
1.353,-1.011
1.232,-0.995
1.129,1.338
1.1,-1.356
1.076,-0.17
1.017,-2.191
0.516,-2.078
0.471,-2.202
0.016,-1.905
0.068,-1.972
-0.18,-2.12
-1.489,-2.325
-1.822,-2.355
-1.899,-2.342
-2.192,-2.063
-2.632,-2.054
-2.656,-2.307
-3.003,-2.25
-3.006,-2.245
3.059,-2.419
2.888,-2.432
2.559,-1.904
2.531,-2.246
2.201,-2.084
2.245,-2.303
2.167,-2.291
2.021,-2.379
1.907,-2.062
1.188,-2.014
1.243,-1.977
0.926,1.971
0.472,2.288
0.274,2.481
0.034,2.181
-0.945,2.161
-1.969,2.214
-2.105,2.256
-2.418,2.485
2.134,2.111
1.987,2.236
1.878,2.187
1.567,2.043
1.613,2.5
1.559,2.121
1.619,2.227
1.536,2.144
1.333,2.157
0.565,1.897
0.498,0.38
2.172,-1.795
1.634,-1.034
-2.449,2.195
-2.795,2.147
1.097,0.121
0.922,1.89
0.871,-1.709
0.922,0.312
0.84,0.895
0.747,-0.586
0.75,-0.656
0.657,0.33
0.653,-1.467
0.332,1.998
0.267,-1.68
0.259,1.624
0.389,0.958
0.296,1.992
0.268,0.492
0.238,-1.128
0.398,-0.097
0.398,-0.815
0.239,0.763
0.22,-0.466
0.219,0.5
0.177,-1.01
0.151,1.122
0.053,-0.45
0.031,0.611
0.099,-0.888
0.058,-0.244
-0.107,-1.133
-0.078,-1.434
-0.302,-1.54
-0.395,-0.259
-0.257,1.297
-0.43,0.195
-0.522,1.575
-0.396,0.002
-0.53,-0.972
-0.707,0.505
-0.873,1.75
-1.034,1.383
-1.124,1.617
-1.134,1.797
-1.215,-0.115
-1.222,1.353
-1.111,0.685
-1.271,-0.571
-1.262,1.079
-1.415,0.795
-1.59,-1.617
-1.51,0.061
-1.518,2.074
-1.605,-1.267
-1.728,-0.349
-1.767,0.166
-1.813,0.72
-1.724,-1.863
-1.848,0.385
-1.848,1.994
-1.78,-1.868
-1.909,-0.341
-1.936,-1.872
-1.981,-0.785
-2.019,1.635
-2.067,0.852
-2.02,-1.44
-2.037,1.087
-2.041,-1.711
-2.205,0.306
-2.197,0.796
-2.321,1.694
-2.328,1.455
-2.228,-0.549
-2.488,-1.495
-2.352,-1.782
-2.425,-1.678
-2.536,-0.501
-2.613,1.399
-2.509,-0.891
-2.618,-0.323
-2.753,-1.413
-3.014,1.25
-3.04,-0.322
-3.138,0.344
3.041,0.937
2.971,0.607
2.772,-0.509
2.739,-1.813
2.869,-1.578
2.732,-1.426
2.794,-1.705
2.641,1.748
2.723,-0.67
2.64,-1.605
2.498,-1.382
2.633,-0.217
2.583,0.34
2.212,-0.357
2.232,-0.148
1.995,-1.831
1.801,-1.771
1.829,-0.31
1.601,-0.108
1.487,-1.548
1.405,1.85
1.402,0.353
1.396,-0.337
1.484,0.976
1.159,-0.639
1.25,-0.814
1.233,-1.383
1.067,-0.726
1.07,-2.234
0.601,-1.97
0.433,-1.994
0.4,-2.244
0.071,-2.338
-0.443,-1.85
-0.472,-2.099
-0.488,-2.063
-0.637,-2.091
-1.641,-2.005
-1.693,-2.31
-2.055,-2.309
-1.973,-2.075
-2.393,-1.973
-2.627,-1.962
2.586,-2.111
1.508,-2.011
1.339,-2.293
1.212,-1.962
-0.048,2.321
-1.24,2.324
-1.213,2.484
-1.418,2.353
-1.603,2.117
-2.019,2.349
3.123,2.282
3.003,2.183
2.47,2.247
2.196,2.166
1.898,2.378
-0.893,-1.878
2.733,-0.487
2.199,0.206
0.512,0.26
1.76,1.792
1.729,0.722
1.577,0.988
1.577,1.417
0.158,0.367
-1.059,0.452
-2.124,0.419
-2.461,0.461
2.941,0.472
2.646,-2.202
2.735,2.089
-0.08,-0.478
-0.038,-0.116
-0.089,1.466
-0.109,-0.363
-0.12,0.73
-0.147,-1.066
-0.179,2.14
-0.356,1.308
-0.396,-1.094
-0.381,-0.647
-0.559,-1.727
-0.554,-0.446
-0.563,-0.954
-0.565,-0.613
-0.663,-0.414
-0.646,0.106
-0.755,1.674
-0.715,0.887
-0.84,-1.081
-0.833,0.875
-0.918,2.11
-1.128,0.543
-1.127,-1.601
-1.275,-0.045
-1.295,1.134
-1.326,-1.024
-1.37,0.731
-1.324,0.963
-1.46,1.141
-1.45,1.735
-1.532,0.487
-1.568,0.394
-1.509,1.014
-1.619,1.215
-1.648,-0.237
-1.666,-0.2
-1.633,-0.935
-1.721,-1.003
-1.789,-1.43
-1.8,-0.802
-1.795,-0.556
-1.907,-1.568
-1.917,-1.012
-1.879,-0.18
-1.886,0.096
-2.057,-0.431
-2.095,-1.163
-2.132,1.723
-2.234,1.619
-2.235,-0.351
-2.23,1.952
-2.23,1.381
-2.252,1.078
-2.412,1.119
-2.393,1.752
-2.43,0.868
-2.512,0.406
-2.612,0.98
-2.577,-0.817
-2.857,0.109
-2.845,-1.767
-2.847,0.147
-2.918,-0.392
-2.857,0.132
-2.89,-1.469
-2.906,-0.728
-2.909,1.398
-2.932,-0.492
-2.959,-1.094
-2.953,1.441
-3.023,0.746
-3.061,1.639
-3.135,0.98
-3.128,1.175
3.052,-0.131
3.061,0.439
3.037,0.66
3.006,0.658
2.92,0.347
2.579,1.168
2.484,-0.106
2.469,-0.611
2.542,-0.144
2.497,-0.449
2.294,0.385
2.111,-0.664
2.001,1.693
1.996,-1.128
2.008,-0.825
1.993,1.336
1.872,-1.838
1.809,-0.813
1.708,-1.375
1.722,0.201
1.646,0.089
1.515,-1.022
1.424,0.018
1.414,1.922
1.38,2.011
1.314,-0.971
1.193,-0.955
1.09,1.378
1.061,-1.316
1.037,-0.13
0.978,-2.151
0.477,-2.038
0.432,-2.162
-0.023,-1.865
0.029,-1.932
-0.219,-2.08
-1.528,-2.285
-1.861,-2.315
-1.938,-2.302
-2.231,-2.023
-2.671,-2.014
-2.695,-2.267
-3.042,-2.21
-3.045,-2.205
3.02,-2.379
2.849,-2.392
2.52,-1.864
2.492,-2.206
2.162,-2.044
2.206,-2.263
2.128,-2.251
1.982,-2.339
1.868,-2.022
1.149,-1.974
1.204,-1.937
0.887,2.011
0.433,2.328
0.235,2.521
-0.005,2.221
-0.984,2.201
-2.008,2.254
-2.144,2.296
-2.457,2.525
2.095,2.151
1.948,2.276
1.839,2.227
1.528,2.083
1.574,2.54
1.52,2.161
1.58,2.267
1.497,2.184
1.294,2.197
0.526,1.937
0.459,0.42
2.133,-1.755
1.595,-0.994
-2.488,2.235
-2.834,2.187
1.058,0.161
0.883,1.93
0.832,-1.669
0.883,0.352
0.801,0.935
0.708,-0.546
0.711,-0.616
0.618,0.37
0.614,-1.427
0.293,2.038
0.228,-1.64
0.22,1.664
0.35,0.998
0.257,2.032
0.229,0.532
0.199,-1.088
0.359,-0.057
0.359,-0.775
0.2,0.803
0.181,-0.426
0.18,0.54
0.138,-0.97
0.112,1.162
0.014,-0.41
-0.008,0.651
0.06,-0.848
0.019,-0.204
-0.146,-1.093
-0.117,-1.394
-0.341,-1.5
-0.434,-0.219
-0.296,1.337
-0.469,0.235
-0.561,1.615
-0.435,0.042
-0.569,-0.932
-0.746,0.545
-0.912,1.79
-1.073,1.423
-1.163,1.657
-1.173,1.837
-1.254,-0.075
-1.261,1.393
-1.15,0.725
-1.31,-0.531
-1.301,1.119
-1.454,0.835
-1.629,-1.577
-1.549,0.101
-1.557,2.114
-1.644,-1.227
-1.767,-0.309
-1.806,0.206
-1.852,0.76
-1.763,-1.823
-1.887,0.425
-1.887,2.034
-1.819,-1.828
-1.948,-0.301
-1.975,-1.832
-2.02,-0.745
-2.058,1.675
-2.106,0.892
-2.059,-1.4
-2.076,1.127
-2.08,-1.671
-2.244,0.346
-2.236,0.836
-2.36,1.734
-2.367,1.495
-2.267,-0.509
-2.527,-1.455
-2.391,-1.742
-2.464,-1.638
-2.575,-0.461
-2.652,1.439
-2.548,-0.851
-2.657,-0.283
-2.792,-1.373
-3.053,1.29
-3.079,-0.282
3.106,0.384
3.002,0.977
2.932,0.647
2.733,-0.469
2.7,-1.773
2.83,-1.538
2.693,-1.386
2.755,-1.665
2.602,1.788
2.684,-0.63
2.601,-1.565
2.459,-1.342
2.594,-0.177
2.544,0.38
2.173,-0.317
2.193,-0.108
1.956,-1.791
1.762,-1.731
1.79,-0.27
1.562,-0.068
1.448,-1.508
1.366,1.89
1.363,0.393
1.357,-0.297
1.445,1.016
1.12,-0.599
1.211,-0.774
1.194,-1.343
1.028,-0.686
1.031,-2.194
0.562,-1.93
0.394,-1.954
0.361,-2.204
0.032,-2.298
-0.482,-1.81
-0.511,-2.059
-0.527,-2.023
-0.676,-2.051
-1.68,-1.965
-1.732,-2.27
-2.094,-2.269
-2.012,-2.035
-2.432,-1.933
-2.666,-1.922
2.547,-2.071
1.469,-1.971
1.3,-2.253
1.173,-1.922
-0.087,2.361
-1.279,2.364
-1.252,2.524
-1.457,2.393
-1.642,2.157
-2.058,2.389
3.084,2.322
2.964,2.223
2.431,2.287
2.157,2.206
1.859,2.418
-0.932,-1.838
2.694,-0.447
2.16,0.246
0.473,0.3
1.721,1.832
1.69,0.762
1.538,1.028
1.538,1.457
0.119,0.407
-1.098,0.492
-2.163,0.459
-2.5,0.501
2.902,0.512
2.607,-2.162
2.696,2.129
0.042,0.362
-0.009,1.944
-0.029,0.115
-0.04,1.208
-0.067,-0.588
-0.099,2.618
-0.276,1.786
-0.316,-0.616
-0.301,-0.169
-0.479,-1.249
-0.474,0.032
-0.483,-0.476
-0.485,-0.135
-0.583,0.064
-0.566,0.584
-0.675,2.152
-0.635,1.365
-0.76,-0.603
-0.753,1.353
-0.838,2.588
-1.048,1.021
-1.047,-1.123
-1.195,0.433
-1.215,1.612
-1.246,-0.546
-1.29,1.209
-1.244,1.441
-1.38,1.619
-1.37,2.213
-1.452,0.965
-1.488,0.872
-1.429,1.492
-1.539,1.693
-1.568,0.241
-1.586,0.278
-1.553,-0.457
-1.641,-0.525
-1.709,-0.952
-1.72,-0.324
-1.715,-0.078
-1.827,-1.09
-1.837,-0.534
-1.799,0.298
-1.806,0.574
-1.977,0.047
-2.015,-0.685
-2.052,2.201
-2.154,2.097
-2.155,0.127
-2.15,2.43
-2.15,1.859
-2.172,1.556
-2.332,1.597
-2.313,2.23
-2.35,1.346
-2.432,0.884
-2.532,1.458
-2.497,-0.339
-2.777,0.587
-2.765,-1.289
-2.767,0.625
-2.838,0.086
-2.777,0.61
-2.81,-0.991
-2.826,-0.25
-2.829,1.876
-2.852,-0.014
-2.879,-0.616
-2.873,1.919
-2.943,1.224
-2.981,2.117
-3.055,1.458
-3.048,1.653
3.132,0.347
3.141,0.917
3.117,1.138
3.086,1.136
3.0,0.825
2.659,1.646
2.564,0.372
2.549,-0.133
2.622,0.334
2.577,0.029
2.374,0.863
2.191,-0.186
2.081,2.171
2.076,-0.65
2.088,-0.347
2.073,1.814
1.952,-1.36
1.889,-0.335
1.788,-0.897
1.802,0.679
1.726,0.567
1.595,-0.544
1.504,0.496
1.494,2.4
1.46,2.489
1.394,-0.493
1.273,-0.477
1.17,1.856
1.141,-0.838
1.117,0.348
1.058,-1.673
0.557,-1.56
0.512,-1.684
0.057,-1.387
0.109,-1.454
-0.139,-1.602
-1.448,-1.807
-1.781,-1.837
-1.858,-1.824
-2.151,-1.545
-2.591,-1.536
-2.615,-1.789
-2.962,-1.732
-2.965,-1.727
3.1,-1.901
2.929,-1.914
2.6,-1.386
2.572,-1.728
2.242,-1.566
2.286,-1.785
2.208,-1.773
2.062,-1.861
1.948,-1.544
1.229,-1.496
1.284,-1.459
0.967,2.489
0.513,2.806
0.315,2.999
0.075,2.699
-0.904,2.679
-1.928,2.732
-2.064,2.774
-2.377,3.003
2.175,2.629
2.028,2.754
1.919,2.705
1.608,2.561
1.654,3.018
1.6,2.639
1.66,2.745
1.577,2.662
1.374,2.675
0.606,2.415
0.539,0.898
2.213,-1.277
1.675,-0.516
-2.408,2.713
-2.754,2.665
1.138,0.639
0.963,2.408
0.912,-1.191
0.963,0.83
0.881,1.413
0.788,-0.068
0.791,-0.138
0.698,0.848
0.694,-0.949
0.373,2.516
0.308,-1.162
0.3,2.142
0.43,1.476
0.337,2.51
0.309,1.01
0.279,-0.61
0.439,0.421
0.439,-0.297
0.28,1.281
0.261,0.052
0.26,1.018
0.218,-0.492
0.192,1.64
0.094,0.068
0.072,1.129
0.14,-0.37
0.099,0.274
-0.066,-0.615
-0.037,-0.916
-0.261,-1.022
-0.354,0.259
-0.216,1.815
-0.389,0.713
-0.481,2.093
-0.355,0.52
-0.489,-0.454
-0.666,1.023
-0.832,2.268
-0.993,1.901
-1.083,2.135
-1.093,2.315
-1.174,0.403
-1.181,1.871
-1.07,1.203
-1.23,-0.053
-1.221,1.597
-1.374,1.313
-1.549,-1.099
-1.469,0.579
-1.477,2.592
-1.564,-0.749
-1.687,0.169
-1.726,0.684
-1.772,1.238
-1.683,-1.345
-1.807,0.903
-1.807,2.512
-1.739,-1.35
-1.868,0.177
-1.895,-1.354
-1.94,-0.267
-1.978,2.153
-2.026,1.37
-1.979,-0.922
-1.996,1.605
-2.0,-1.193
-2.164,0.824
-2.156,1.314
-2.28,2.212
-2.287,1.973
-2.187,-0.031
-2.447,-0.977
-2.311,-1.264
-2.384,-1.16
-2.495,0.017
-2.572,1.917
-2.468,-0.373
-2.577,0.195
-2.712,-0.895
-2.973,1.768
-2.999,0.196
-3.097,0.862
3.082,1.455
3.012,1.125
2.813,0.009
2.78,-1.295
2.91,-1.06
2.773,-0.908
2.835,-1.187
2.682,2.266
2.764,-0.152
2.681,-1.087
2.539,-0.864
2.674,0.301
2.624,0.858
2.253,0.161
2.273,0.37
2.036,-1.313
1.842,-1.253
1.87,0.208
1.642,0.41
1.528,-1.03
1.446,2.368
1.443,0.871
1.437,0.181
1.525,1.494
1.2,-0.121
1.291,-0.296
1.274,-0.865
1.108,-0.208
1.111,-1.716
0.642,-1.452
0.474,-1.476
0.441,-1.726
0.112,-1.82
-0.402,-1.332
-0.431,-1.581
-0.447,-1.545
-0.596,-1.573
-1.6,-1.487
-1.652,-1.792
-2.014,-1.791
-1.932,-1.557
-2.352,-1.455
-2.586,-1.444
2.627,-1.593
1.549,-1.493
1.38,-1.775
1.253,-1.444
-0.007,2.839
-1.199,2.842
-1.172,3.002
-1.377,2.871
-1.562,2.635
-1.978,2.867
-3.119,2.8
3.044,2.701
2.511,2.765
2.237,2.684
1.939,2.896
-0.852,-1.36
2.774,0.031
2.24,0.724
0.553,0.778
1.801,2.31
1.77,1.24
1.618,1.506
1.618,1.935
0.199,0.885
-1.018,0.97
-2.083,0.937
-2.42,0.979
2.982,0.99
2.687,-1.684
2.776,2.607
-0.051,1.582
-0.071,-0.247
-0.082,0.846
-0.109,-0.95
-0.141,2.256
-0.318,1.424
-0.358,-0.978
-0.343,-0.531
-0.521,-1.611
-0.516,-0.33
-0.525,-0.838
-0.527,-0.497
-0.625,-0.298
-0.608,0.222
-0.717,1.79
-0.677,1.003
-0.802,-0.965
-0.795,0.991
-0.88,2.226
-1.09,0.659
-1.089,-1.485
-1.237,0.071
-1.257,1.25
-1.288,-0.908
-1.332,0.847
-1.286,1.079
-1.422,1.257
-1.412,1.851
-1.494,0.603
-1.53,0.51
-1.471,1.13
-1.581,1.331
-1.61,-0.121
-1.628,-0.084
-1.595,-0.819
-1.683,-0.887
-1.751,-1.314
-1.762,-0.686
-1.757,-0.44
-1.869,-1.452
-1.879,-0.896
-1.841,-0.064
-1.848,0.212
-2.019,-0.315
-2.057,-1.047
-2.094,1.839
-2.196,1.735
-2.197,-0.235
-2.192,2.068
-2.192,1.497
-2.214,1.194
-2.374,1.235
-2.355,1.868
-2.392,0.984
-2.474,0.522
-2.574,1.096
-2.539,-0.701
-2.819,0.225
-2.807,-1.651
-2.809,0.263
-2.88,-0.276
-2.819,0.248
-2.852,-1.353
-2.868,-0.612
-2.871,1.514
-2.894,-0.376
-2.921,-0.978
-2.915,1.557
-2.985,0.862
-3.023,1.755
-3.097,1.096
-3.09,1.291
3.09,-0.015
3.099,0.555
3.075,0.776
3.044,0.774
2.958,0.463
2.617,1.284
2.522,0.01
2.507,-0.495
2.58,-0.028
2.535,-0.333
2.332,0.501
2.149,-0.548
2.039,1.809
2.034,-1.012
2.046,-0.709
2.031,1.452
1.91,-1.722
1.847,-0.697
1.746,-1.259
1.76,0.317
1.684,0.205
1.553,-0.906
1.462,0.134
1.452,2.038
1.418,2.127
1.352,-0.855
1.231,-0.839
1.128,1.494
1.099,-1.2
1.075,-0.014
1.016,-2.035
0.515,-1.922
0.47,-2.046
0.015,-1.749
0.067,-1.816
-0.181,-1.964
-1.49,-2.169
-1.823,-2.199
-1.9,-2.186
-2.193,-1.907
-2.633,-1.898
-2.657,-2.151
-3.004,-2.094
-3.007,-2.089
3.058,-2.263
2.887,-2.276
2.558,-1.748
2.53,-2.09
2.2,-1.928
2.244,-2.147
2.166,-2.135
2.02,-2.223
1.906,-1.906
1.187,-1.858
1.242,-1.821
0.925,2.127
0.471,2.444
0.273,2.637
0.033,2.337
-0.946,2.317
-1.97,2.37
-2.106,2.412
-2.419,2.641
2.133,2.267
1.986,2.392
1.877,2.343
1.566,2.199
1.612,2.656
1.558,2.277
1.618,2.383
1.535,2.3
1.332,2.313
0.564,2.053
0.497,0.536
2.171,-1.639
1.633,-0.878
-2.45,2.351
-2.796,2.303
1.096,0.277
0.921,2.046
0.87,-1.553
0.921,0.468
0.839,1.051
0.746,-0.43
0.749,-0.5
0.656,0.486
0.652,-1.311
0.331,2.154
0.266,-1.524
0.258,1.78
0.388,1.114
0.295,2.148
0.267,0.648
0.237,-0.972
0.397,0.059
0.397,-0.659
0.238,0.919
0.219,-0.31
0.218,0.656
0.176,-0.854
0.15,1.278
0.052,-0.294
0.03,0.767
0.098,-0.732
0.057,-0.088
-0.108,-0.977
-0.079,-1.278
-0.303,-1.384
-0.396,-0.103
-0.258,1.453
-0.431,0.351
-0.523,1.731
-0.397,0.158
-0.531,-0.816
-0.708,0.661
-0.874,1.906
-1.035,1.539
-1.125,1.773
-1.135,1.953
-1.216,0.041
-1.223,1.509
-1.112,0.841
-1.272,-0.415
-1.263,1.235
-1.416,0.951
-1.591,-1.461
-1.511,0.217
-1.519,2.23
-1.606,-1.111
-1.729,-0.193
-1.768,0.322
-1.814,0.876
-1.725,-1.707
-1.849,0.541
-1.849,2.15
-1.781,-1.712
-1.91,-0.185
-1.937,-1.716
-1.982,-0.629
-2.02,1.791
-2.068,1.008
-2.021,-1.284
-2.038,1.243
-2.042,-1.555
-2.206,0.462
-2.198,0.952
-2.322,1.85
-2.329,1.611
-2.229,-0.393
-2.489,-1.339
-2.353,-1.626
-2.426,-1.522
-2.537,-0.345
-2.614,1.555
-2.51,-0.735
-2.619,-0.167
-2.754,-1.257
-3.015,1.406
-3.041,-0.166
-3.139,0.5
3.04,1.093
2.97,0.763
2.771,-0.353
2.738,-1.657
2.868,-1.422
2.731,-1.27
2.793,-1.549
2.64,1.904
2.722,-0.514
2.639,-1.449
2.497,-1.226
2.632,-0.061
2.582,0.496
2.211,-0.201
2.231,0.008
1.994,-1.675
1.8,-1.615
1.828,-0.154
1.6,0.048
1.486,-1.392
1.404,2.006
1.401,0.509
1.395,-0.181
1.483,1.132
1.158,-0.483
1.249,-0.658
1.232,-1.227
1.066,-0.57
1.069,-2.078
0.6,-1.814
0.432,-1.838
0.399,-2.088
0.07,-2.182
-0.444,-1.694
-0.473,-1.943
-0.489,-1.907
-0.638,-1.935
-1.642,-1.849
-1.694,-2.154
-2.056,-2.153
-1.974,-1.919
-2.394,-1.817
-2.628,-1.806
2.585,-1.955
1.507,-1.855
1.338,-2.137
1.211,-1.806
-0.049,2.477
-1.241,2.48
-1.214,2.64
-1.419,2.509
-1.604,2.273
-2.02,2.505
3.122,2.438
3.002,2.339
2.469,2.403
2.195,2.322
1.897,2.534
-0.894,-1.722
2.732,-0.331
2.198,0.362
0.511,0.416
1.759,1.948
1.728,0.878
1.576,1.144
1.576,1.573
0.157,0.523
-1.06,0.608
-2.125,0.575
-2.462,0.617
2.94,0.628
2.645,-2.046
2.734,2.245
-0.02,-1.829
-0.031,-0.736
-0.058,-2.532
-0.09,0.674
-0.267,-0.158
-0.307,-2.56
-0.292,-2.113
-0.47,-3.193
-0.465,-1.912
-0.474,-2.42
-0.476,-2.079
-0.574,-1.88
-0.557,-1.36
-0.666,0.208
-0.626,-0.579
-0.751,-2.547
-0.744,-0.591
-0.829,0.644
-1.039,-0.923
-1.038,-3.067
-1.186,-1.511
-1.206,-0.332
-1.237,-2.49
-1.281,-0.735
-1.235,-0.503
-1.371,-0.325
-1.361,0.269
-1.443,-0.979
-1.479,-1.072
-1.42,-0.452
-1.53,-0.251
-1.559,-1.703
-1.577,-1.666
-1.544,-2.401
-1.632,-2.469
-1.7,-2.896
-1.711,-2.268
-1.706,-2.022
-1.818,-3.034
-1.828,-2.478
-1.79,-1.646
-1.797,-1.37
-1.968,-1.897
-2.006,-2.629
-2.043,0.257
-2.145,0.153
-2.146,-1.817
-2.141,0.486
-2.141,-0.085
-2.163,-0.388
-2.323,-0.347
-2.304,0.286
-2.341,-0.598
-2.423,-1.06
-2.523,-0.486
-2.488,-2.283
-2.768,-1.357
-2.756,-3.233
-2.758,-1.319
-2.829,-1.858
-2.768,-1.334
-2.801,-2.935
-2.817,-2.194
-2.82,-0.068
-2.843,-1.958
-2.87,-2.56
-2.864,-0.025
-2.934,-0.72
-2.972,0.173
-3.046,-0.486
-3.039,-0.291
3.141,-1.597
-3.133,-1.027
3.126,-0.806
3.095,-0.808
3.009,-1.119
2.668,-0.298
2.573,-1.572
2.558,-2.077
2.631,-1.61
2.586,-1.915
2.383,-1.081
2.2,-2.13
2.09,0.227
2.085,-2.594
2.097,-2.291
2.082,-0.13
1.961,-3.304
1.898,-2.279
1.797,-2.841
1.811,-1.265
1.735,-1.377
1.604,-2.488
1.513,-1.448
1.503,0.456
1.469,0.545
1.403,-2.437
1.282,-2.421
1.179,-0.088
1.15,-2.782
1.126,-1.596
1.067,-3.617
0.566,-3.504
0.521,-3.628
0.066,-3.331
0.118,-3.398
-0.13,-3.546
-1.439,-3.751
-1.772,-3.781
-1.849,-3.768
-2.142,-3.489
-2.582,-3.48
-2.606,-3.733
-2.953,-3.676
-2.956,-3.671
3.109,-3.845
2.938,-3.858
2.609,-3.33
2.581,-3.672
2.251,-3.51
2.295,-3.729
2.217,-3.717
2.071,-3.805
1.957,-3.488
1.238,-3.44
1.293,-3.403
0.976,0.545
0.522,0.862
0.324,1.055
0.084,0.755
-0.895,0.735
-1.919,0.788
-2.055,0.83
-2.368,1.059
2.184,0.685
2.037,0.81
1.928,0.761
1.617,0.617
1.663,1.074
1.609,0.695
1.669,0.801
1.586,0.718
1.383,0.731
0.615,0.471
0.548,-1.046
2.222,-3.221
1.684,-2.46
-2.399,0.769
-2.745,0.721
1.147,-1.305
0.972,0.464
0.921,-3.135
0.972,-1.114
0.89,-0.531
0.797,-2.012
0.8,-2.082
0.707,-1.096
0.703,-2.893
0.382,0.572
0.317,-3.106
0.309,0.198
0.439,-0.468
0.346,0.566
0.318,-0.934
0.288,-2.554
0.448,-1.523
0.448,-2.241
0.289,-0.663
0.27,-1.892
0.269,-0.926
0.227,-2.436
0.201,-0.304
0.103,-1.876
0.081,-0.815
0.149,-2.314
0.108,-1.67
-0.057,-2.559
-0.028,-2.86
-0.252,-2.966
-0.345,-1.685
-0.207,-0.129
-0.38,-1.231
-0.472,0.149
-0.346,-1.424
-0.48,-2.398
-0.657,-0.921
-0.823,0.324
-0.984,-0.043
-1.074,0.191
-1.084,0.371
-1.165,-1.541
-1.172,-0.073
-1.061,-0.741
-1.221,-1.997
-1.212,-0.347
-1.365,-0.631
-1.54,-3.043
-1.46,-1.365
-1.468,0.648
-1.555,-2.693
-1.678,-1.775
-1.717,-1.26
-1.763,-0.706
-1.674,-3.289
-1.798,-1.041
-1.798,0.568
-1.73,-3.294
-1.859,-1.767
-1.886,-3.298
-1.931,-2.211
-1.969,0.209
-2.017,-0.574
-1.97,-2.866
-1.987,-0.339
-1.991,-3.137
-2.155,-1.12
-2.147,-0.63
-2.271,0.268
-2.278,0.029
-2.178,-1.975
-2.438,-2.921
-2.302,-3.208
-2.375,-3.104
-2.486,-1.927
-2.563,-0.027
-2.459,-2.317
-2.568,-1.749
-2.703,-2.839
-2.964,-0.176
-2.99,-1.748
-3.088,-1.082
3.091,-0.489
3.021,-0.819
2.822,-1.935
2.789,-3.239
2.919,-3.004
2.782,-2.852
2.844,-3.131
2.691,0.322
2.773,-2.096
2.69,-3.031
2.548,-2.808
2.683,-1.643
2.633,-1.086
2.262,-1.783
2.282,-1.574
2.045,-3.257
1.851,-3.197
1.879,-1.736
1.651,-1.534
1.537,-2.974
1.455,0.424
1.452,-1.073
1.446,-1.763
1.534,-0.45
1.209,-2.065
1.3,-2.24
1.283,-2.809
1.117,-2.152
1.12,-3.66
0.651,-3.396
0.483,-3.42
0.45,-3.67
0.121,-3.764
-0.393,-3.276
-0.422,-3.525
-0.438,-3.489
-0.587,-3.517
-1.591,-3.431
-1.643,-3.736
-2.005,-3.735
-1.923,-3.501
-2.343,-3.399
-2.577,-3.388
2.636,-3.537
1.558,-3.437
1.389,-3.719
1.262,-3.388
0.002,0.895
-1.19,0.898
-1.163,1.058
-1.368,0.927
-1.553,0.691
-1.969,0.923
-3.11,0.856
3.053,0.757
2.52,0.821
2.246,0.74
1.948,0.952
-0.843,-3.304
2.783,-1.913
2.249,-1.22
0.562,-1.166
1.81,0.366
1.779,-0.704
1.627,-0.438
1.627,-0.009
0.208,-1.059
-1.009,-0.974
-2.074,-1.007
-2.411,-0.965
2.991,-0.954
2.696,-3.628
2.785,0.663
-0.011,1.093
-0.038,-0.703
-0.07,2.503
-0.247,1.671
-0.287,-0.731
-0.272,-0.284
-0.45,-1.364
-0.445,-0.083
-0.454,-0.591
-0.456,-0.25
-0.554,-0.051
-0.537,0.469
-0.646,2.037
-0.606,1.25
-0.731,-0.718
-0.724,1.238
-0.809,2.473
-1.019,0.906
-1.018,-1.238
-1.166,0.318
-1.186,1.497
-1.217,-0.661
-1.261,1.094
-1.215,1.326
-1.351,1.504
-1.341,2.098
-1.423,0.85
-1.459,0.757
-1.4,1.377
-1.51,1.578
-1.539,0.126
-1.557,0.163
-1.524,-0.572
-1.612,-0.64
-1.68,-1.067
-1.691,-0.439
-1.686,-0.193
-1.798,-1.205
-1.808,-0.649
-1.77,0.183
-1.777,0.459
-1.948,-0.068
-1.986,-0.8
-2.023,2.086
-2.125,1.982
-2.126,0.012
-2.121,2.315
-2.121,1.744
-2.143,1.441
-2.303,1.482
-2.284,2.115
-2.321,1.231
-2.403,0.769
-2.503,1.343
-2.468,-0.454
-2.748,0.472
-2.736,-1.404
-2.738,0.51
-2.809,-0.029
-2.748,0.495
-2.781,-1.106
-2.797,-0.365
-2.8,1.761
-2.823,-0.129
-2.85,-0.731
-2.844,1.804
-2.914,1.109
-2.952,2.002
-3.026,1.343
-3.019,1.538
-3.122,0.232
-3.113,0.802
-3.137,1.023
3.115,1.021
3.029,0.71
2.688,1.531
2.593,0.257
2.578,-0.248
2.651,0.219
2.606,-0.086
2.403,0.748
2.22,-0.301
2.11,2.056
2.105,-0.765
2.117,-0.462
2.102,1.699
1.981,-1.475
1.918,-0.45
1.817,-1.012
1.831,0.564
1.755,0.452
1.624,-0.659
1.533,0.381
1.523,2.285
1.489,2.374
1.423,-0.608
1.302,-0.592
1.199,1.741
1.17,-0.953
1.146,0.233
1.087,-1.788
0.586,-1.675
0.541,-1.799
0.086,-1.502
0.138,-1.569
-0.11,-1.717
-1.419,-1.922
-1.752,-1.952
-1.829,-1.939
-2.122,-1.66
-2.562,-1.651
-2.586,-1.904
-2.933,-1.847
-2.936,-1.842
3.129,-2.016
2.958,-2.029
2.629,-1.501
2.601,-1.843
2.271,-1.681
2.315,-1.9
2.237,-1.888
2.091,-1.976
1.977,-1.659
1.258,-1.611
1.313,-1.574
0.996,2.374
0.542,2.691
0.344,2.884
0.104,2.584
-0.875,2.564
-1.899,2.617
-2.035,2.659
-2.348,2.888
2.204,2.514
2.057,2.639
1.948,2.59
1.637,2.446
1.683,2.903
1.629,2.524
1.689,2.63
1.606,2.547
1.403,2.56
0.635,2.3
0.568,0.783
2.242,-1.392
1.704,-0.631
-2.379,2.598
-2.725,2.55
1.167,0.524
0.992,2.293
0.941,-1.306
0.992,0.715
0.91,1.298
0.817,-0.183
0.82,-0.253
0.727,0.733
0.723,-1.064
0.402,2.401
0.337,-1.277
0.329,2.027
0.459,1.361
0.366,2.395
0.338,0.895
0.308,-0.725
0.468,0.306
0.468,-0.412
0.309,1.166
0.29,-0.063
0.289,0.903
0.247,-0.607
0.221,1.525
0.123,-0.047
0.101,1.014
0.169,-0.485
0.128,0.159
-0.037,-0.73
-0.008,-1.031
-0.232,-1.137
-0.325,0.144
-0.187,1.7
-0.36,0.598
-0.452,1.978
-0.326,0.405
-0.46,-0.569
-0.637,0.908
-0.803,2.153
-0.964,1.786
-1.054,2.02
-1.064,2.2
-1.145,0.288
-1.152,1.756
-1.041,1.088
-1.201,-0.168
-1.192,1.482
-1.345,1.198
-1.52,-1.214
-1.44,0.464
-1.448,2.477
-1.535,-0.864
-1.658,0.054
-1.697,0.569
-1.743,1.123
-1.654,-1.46
-1.778,0.788
-1.778,2.397
-1.71,-1.465
-1.839,0.062
-1.866,-1.469
-1.911,-0.382
-1.949,2.038
-1.997,1.255
-1.95,-1.037
-1.967,1.49
-1.971,-1.308
-2.135,0.709
-2.127,1.199
-2.251,2.097
-2.258,1.858
-2.158,-0.146
-2.418,-1.092
-2.282,-1.379
-2.355,-1.275
-2.466,-0.098
-2.543,1.802
-2.439,-0.488
-2.548,0.08
-2.683,-1.01
-2.944,1.653
-2.97,0.081
-3.068,0.747
3.111,1.34
3.041,1.01
2.842,-0.106
2.809,-1.41
2.939,-1.175
2.802,-1.023
2.864,-1.302
2.711,2.151
2.793,-0.267
2.71,-1.202
2.568,-0.979
2.703,0.186
2.653,0.743
2.282,0.046
2.302,0.255
2.065,-1.428
1.871,-1.368
1.899,0.093
1.671,0.295
1.557,-1.145
1.475,2.253
1.472,0.756
1.466,0.066
1.554,1.379
1.229,-0.236
1.32,-0.411
1.303,-0.98
1.137,-0.323
1.14,-1.831
0.671,-1.567
0.503,-1.591
0.47,-1.841
0.141,-1.935
-0.373,-1.447
-0.402,-1.696
-0.418,-1.66
-0.567,-1.688
-1.571,-1.602
-1.623,-1.907
-1.985,-1.906
-1.903,-1.672
-2.323,-1.57
-2.557,-1.559
2.656,-1.708
1.578,-1.608
1.409,-1.89
1.282,-1.559
0.022,2.724
-1.17,2.727
-1.143,2.887
-1.348,2.756
-1.533,2.52
-1.949,2.752
-3.09,2.685
3.073,2.586
2.54,2.65
2.266,2.569
1.968,2.781
-0.823,-1.475
2.803,-0.084
2.269,0.609
0.582,0.663
1.83,2.195
1.799,1.125
1.647,1.391
1.647,1.82
0.228,0.77
-0.989,0.855
-2.054,0.822
-2.391,0.864
3.011,0.875
2.716,-1.799
2.805,2.492
-0.027,-1.796
-0.059,1.41
-0.236,0.578
-0.276,-1.824
-0.261,-1.377
-0.439,-2.457
-0.434,-1.176
-0.443,-1.684
-0.445,-1.343
-0.543,-1.144
-0.526,-0.624
-0.635,0.944
-0.595,0.157
-0.72,-1.811
-0.713,0.145
-0.798,1.38
-1.008,-0.187
-1.007,-2.331
-1.155,-0.775
-1.175,0.404
-1.206,-1.754
-1.25,0.001
-1.204,0.233
-1.34,0.411
-1.33,1.005
-1.412,-0.243
-1.448,-0.336
-1.389,0.284
-1.499,0.485
-1.528,-0.967
-1.546,-0.93
-1.513,-1.665
-1.601,-1.733
-1.669,-2.16
-1.68,-1.532
-1.675,-1.286
-1.787,-2.298
-1.797,-1.742
-1.759,-0.91
-1.766,-0.634
-1.937,-1.161
-1.975,-1.893
-2.012,0.993
-2.114,0.889
-2.115,-1.081
-2.11,1.222
-2.11,0.651
-2.132,0.348
-2.292,0.389
-2.273,1.022
-2.31,0.138
-2.392,-0.324
-2.492,0.25
-2.457,-1.547
-2.737,-0.621
-2.725,-2.497
-2.727,-0.583
-2.798,-1.122
-2.737,-0.598
-2.77,-2.199
-2.786,-1.458
-2.789,0.668
-2.812,-1.222
-2.839,-1.824
-2.833,0.711
-2.903,0.016
-2.941,0.909
-3.015,0.25
-3.008,0.445
-3.111,-0.861
-3.102,-0.291
-3.126,-0.07
3.126,-0.072
3.04,-0.383
2.699,0.438
2.604,-0.836
2.589,-1.341
2.662,-0.874
2.617,-1.179
2.414,-0.345
2.231,-1.394
2.121,0.963
2.116,-1.858
2.128,-1.555
2.113,0.606
1.992,-2.568
1.929,-1.543
1.828,-2.105
1.842,-0.529
1.766,-0.641
1.635,-1.752
1.544,-0.712
1.534,1.192
1.5,1.281
1.434,-1.701
1.313,-1.685
1.21,0.648
1.181,-2.046
1.157,-0.86
1.098,-2.881
0.597,-2.768
0.552,-2.892
0.097,-2.595
0.149,-2.662
-0.099,-2.81
-1.408,-3.015
-1.741,-3.045
-1.818,-3.032
-2.111,-2.753
-2.551,-2.744
-2.575,-2.997
-2.922,-2.94
-2.925,-2.935
3.14,-3.109
2.969,-3.122
2.64,-2.594
2.612,-2.936
2.282,-2.774
2.326,-2.993
2.248,-2.981
2.102,-3.069
1.988,-2.752
1.269,-2.704
1.324,-2.667
1.007,1.281
0.553,1.598
0.355,1.791
0.115,1.491
-0.864,1.471
-1.888,1.524
-2.024,1.566
-2.337,1.795
2.215,1.421
2.068,1.546
1.959,1.497
1.648,1.353
1.694,1.81
1.64,1.431
1.7,1.537
1.617,1.454
1.414,1.467
0.646,1.207
0.579,-0.31
2.253,-2.485
1.715,-1.724
-2.368,1.505
-2.714,1.457
1.178,-0.569
1.003,1.2
0.952,-2.399
1.003,-0.378
0.921,0.205
0.828,-1.276
0.831,-1.346
0.738,-0.36
0.734,-2.157
0.413,1.308
0.348,-2.37
0.34,0.934
0.47,0.268
0.377,1.302
0.349,-0.198
0.319,-1.818
0.479,-0.787
0.479,-1.505
0.32,0.073
0.301,-1.156
0.3,-0.19
0.258,-1.7
0.232,0.432
0.134,-1.14
0.112,-0.079
0.18,-1.578
0.139,-0.934
-0.026,-1.823
0.003,-2.124
-0.221,-2.23
-0.314,-0.949
-0.176,0.607
-0.349,-0.495
-0.441,0.885
-0.315,-0.688
-0.449,-1.662
-0.626,-0.185
-0.792,1.06
-0.953,0.693
-1.043,0.927
-1.053,1.107
-1.134,-0.805
-1.141,0.663
-1.03,-0.005
-1.19,-1.261
-1.181,0.389
-1.334,0.105
-1.509,-2.307
-1.429,-0.629
-1.437,1.384
-1.524,-1.957
-1.647,-1.039
-1.686,-0.524
-1.732,0.03
-1.643,-2.553
-1.767,-0.305
-1.767,1.304
-1.699,-2.558
-1.828,-1.031
-1.855,-2.562
-1.9,-1.475
-1.938,0.945
-1.986,0.162
-1.939,-2.13
-1.956,0.397
-1.96,-2.401
-2.124,-0.384
-2.116,0.106
-2.24,1.004
-2.247,0.765
-2.147,-1.239
-2.407,-2.185
-2.271,-2.472
-2.344,-2.368
-2.455,-1.191
-2.532,0.709
-2.428,-1.581
-2.537,-1.013
-2.672,-2.103
-2.933,0.56
-2.959,-1.012
-3.057,-0.346
3.122,0.247
3.052,-0.083
2.853,-1.199
2.82,-2.503
2.95,-2.268
2.813,-2.116
2.875,-2.395
2.722,1.058
2.804,-1.36
2.721,-2.295
2.579,-2.072
2.714,-0.907
2.664,-0.35
2.293,-1.047
2.313,-0.838
2.076,-2.521
1.882,-2.461
1.91,-1.0
1.682,-0.798
1.568,-2.238
1.486,1.16
1.483,-0.337
1.477,-1.027
1.565,0.286
1.24,-1.329
1.331,-1.504
1.314,-2.073
1.148,-1.416
1.151,-2.924
0.682,-2.66
0.514,-2.684
0.481,-2.934
0.152,-3.028
-0.362,-2.54
-0.391,-2.789
-0.407,-2.753
-0.556,-2.781
-1.56,-2.695
-1.612,-3.0
-1.974,-2.999
-1.892,-2.765
-2.312,-2.663
-2.546,-2.652
2.667,-2.801
1.589,-2.701
1.42,-2.983
1.293,-2.652
0.033,1.631
-1.159,1.634
-1.132,1.794
-1.337,1.663
-1.522,1.427
-1.938,1.659
-3.079,1.592
3.084,1.493
2.551,1.557
2.277,1.476
1.979,1.688
-0.812,-2.568
2.814,-1.177
2.28,-0.484
0.593,-0.43
1.841,1.102
1.81,0.032
1.658,0.298
1.658,0.727
0.239,-0.323
-0.978,-0.238
-2.043,-0.271
-2.38,-0.229
3.022,-0.218
2.727,-2.892
2.816,1.399
-0.032,3.206
-0.209,2.374
-0.249,-0.028
-0.234,0.419
-0.412,-0.661
-0.407,0.62
-0.416,0.112
-0.418,0.453
-0.516,0.652
-0.499,1.172
-0.608,2.74
-0.568,1.953
-0.693,-0.015
-0.686,1.941
-0.771,3.176
-0.981,1.609
-0.98,-0.535
-1.128,1.021
-1.148,2.2
-1.179,0.042
-1.223,1.797
-1.177,2.029
-1.313,2.207
-1.303,2.801
-1.385,1.553
-1.421,1.46
-1.362,2.08
-1.472,2.281
-1.501,0.829
-1.519,0.866
-1.486,0.131
-1.574,0.063
-1.642,-0.364
-1.653,0.264
-1.648,0.51
-1.76,-0.502
-1.77,0.054
-1.732,0.886
-1.739,1.162
-1.91,0.635
-1.948,-0.097
-1.985,2.789
-2.087,2.685
-2.088,0.715
-2.083,3.018
-2.083,2.447
-2.105,2.144
-2.265,2.185
-2.246,2.818
-2.283,1.934
-2.365,1.472
-2.465,2.046
-2.43,0.249
-2.71,1.175
-2.698,-0.701
-2.7,1.213
-2.771,0.674
-2.71,1.198
-2.743,-0.403
-2.759,0.338
-2.762,2.464
-2.785,0.574
-2.812,-0.028
-2.806,2.507
-2.876,1.812
-2.914,2.705
-2.988,2.046
-2.981,2.241
-3.084,0.935
-3.075,1.505
-3.099,1.726
-3.13,1.724
3.067,1.413
2.726,2.234
2.631,0.96
2.616,0.455
2.689,0.922
2.644,0.617
2.441,1.451
2.258,0.402
2.148,2.759
2.143,-0.062
2.155,0.241
2.14,2.402
2.019,-0.772
1.956,0.253
1.855,-0.309
1.869,1.267
1.793,1.155
1.662,0.044
1.571,1.084
1.561,2.988
1.527,3.077
1.461,0.095
1.34,0.111
1.237,2.444
1.208,-0.25
1.184,0.936
1.125,-1.085
0.624,-0.972
0.579,-1.096
0.124,-0.799
0.176,-0.866
-0.072,-1.014
-1.381,-1.219
-1.714,-1.249
-1.791,-1.236
-2.084,-0.957
-2.524,-0.948
-2.548,-1.201
-2.895,-1.144
-2.898,-1.139
-3.116,-1.313
2.996,-1.326
2.667,-0.798
2.639,-1.14
2.309,-0.978
2.353,-1.197
2.275,-1.185
2.129,-1.273
2.015,-0.956
1.296,-0.908
1.351,-0.871
1.034,3.077
0.58,3.394
0.382,3.587
0.142,3.287
-0.837,3.267
-1.861,3.32
-1.997,3.362
-2.31,3.591
2.242,3.217
2.095,3.342
1.986,3.293
1.675,3.149
1.721,3.606
1.667,3.227
1.727,3.333
1.644,3.25
1.441,3.263
0.673,3.003
0.606,1.486
2.28,-0.689
1.742,0.072
-2.341,3.301
-2.687,3.253
1.205,1.227
1.03,2.996
0.979,-0.603
1.03,1.418
0.948,2.001
0.855,0.52
0.858,0.45
0.765,1.436
0.761,-0.361
0.44,3.104
0.375,-0.574
0.367,2.73
0.497,2.064
0.404,3.098
0.376,1.598
0.346,-0.022
0.506,1.009
0.506,0.291
0.347,1.869
0.328,0.64
0.327,1.606
0.285,0.096
0.259,2.228
0.161,0.656
0.139,1.717
0.207,0.218
0.166,0.862
0.001,-0.027
0.03,-0.328
-0.194,-0.434
-0.287,0.847
-0.149,2.403
-0.322,1.301
-0.414,2.681
-0.288,1.108
-0.422,0.134
-0.599,1.611
-0.765,2.856
-0.926,2.489
-1.016,2.723
-1.026,2.903
-1.107,0.991
-1.114,2.459
-1.003,1.791
-1.163,0.535
-1.154,2.185
-1.307,1.901
-1.482,-0.511
-1.402,1.167
-1.41,3.18
-1.497,-0.161
-1.62,0.757
-1.659,1.272
-1.705,1.826
-1.616,-0.757
-1.74,1.491
-1.74,3.1
-1.672,-0.762
-1.801,0.765
-1.828,-0.766
-1.873,0.321
-1.911,2.741
-1.959,1.958
-1.912,-0.334
-1.929,2.193
-1.933,-0.605
-2.097,1.412
-2.089,1.902
-2.213,2.8
-2.22,2.561
-2.12,0.557
-2.38,-0.389
-2.244,-0.676
-2.317,-0.572
-2.428,0.605
-2.505,2.505
-2.401,0.215
-2.51,0.783
-2.645,-0.307
-2.906,2.356
-2.932,0.784
-3.03,1.45
-3.134,2.043
3.079,1.713
2.88,0.597
2.847,-0.707
2.977,-0.472
2.84,-0.32
2.902,-0.599
2.749,2.854
2.831,0.436
2.748,-0.499
2.606,-0.276
2.741,0.889
2.691,1.446
2.32,0.749
2.34,0.958
2.103,-0.725
1.909,-0.665
1.937,0.796
1.709,0.998
1.595,-0.442
1.513,2.956
1.51,1.459
1.504,0.769
1.592,2.082
1.267,0.467
1.358,0.292
1.341,-0.277
1.175,0.38
1.178,-1.128
0.709,-0.864
0.541,-0.888
0.508,-1.138
0.179,-1.232
-0.335,-0.744
-0.364,-0.993
-0.38,-0.957
-0.529,-0.985
-1.533,-0.899
-1.585,-1.204
-1.947,-1.203
-1.865,-0.969
-2.285,-0.867
-2.519,-0.856
2.694,-1.005
1.616,-0.905
1.447,-1.187
1.32,-0.856
0.06,3.427
-1.132,3.43
-1.105,3.59
-1.31,3.459
-1.495,3.223
-1.911,3.455
-3.052,3.388
3.111,3.289
2.578,3.353
2.304,3.272
2.006,3.484
-0.785,-0.772
2.841,0.619
2.307,1.312
0.62,1.366
1.868,2.898
1.837,1.828
1.685,2.094
1.685,2.523
0.266,1.473
-0.951,1.558
-2.016,1.525
-2.353,1.567
3.049,1.578
2.754,-1.096
2.843,3.195
-0.177,-0.832
-0.217,-3.234
-0.202,-2.787
-0.38,-3.867
-0.375,-2.586
-0.384,-3.094
-0.386,-2.753
-0.484,-2.554
-0.467,-2.034
-0.576,-0.466
-0.536,-1.253
-0.661,-3.221
-0.654,-1.265
-0.739,-0.03
-0.949,-1.597
-0.948,-3.741
-1.096,-2.185
-1.116,-1.006
-1.147,-3.164
-1.191,-1.409
-1.145,-1.177
-1.281,-0.999
-1.271,-0.405
-1.353,-1.653
-1.389,-1.746
-1.33,-1.126
-1.44,-0.925
-1.469,-2.377
-1.487,-2.34
-1.454,-3.075
-1.542,-3.143
-1.61,-3.57
-1.621,-2.942
-1.616,-2.696
-1.728,-3.708
-1.738,-3.152
-1.7,-2.32
-1.707,-2.044
-1.878,-2.571
-1.916,-3.303
-1.953,-0.417
-2.055,-0.521
-2.056,-2.491
-2.051,-0.188
-2.051,-0.759
-2.073,-1.062
-2.233,-1.021
-2.214,-0.388
-2.251,-1.272
-2.333,-1.734
-2.433,-1.16
-2.398,-2.957
-2.678,-2.031
-2.666,-3.907
-2.668,-1.993
-2.739,-2.532
-2.678,-2.008
-2.711,-3.609
-2.727,-2.868
-2.73,-0.742
-2.753,-2.632
-2.78,-3.234
-2.774,-0.699
-2.844,-1.394
-2.882,-0.501
-2.956,-1.16
-2.949,-0.965
-3.052,-2.271
-3.043,-1.701
-3.067,-1.48
-3.098,-1.482
3.099,-1.793
2.758,-0.972
2.663,-2.246
2.648,-2.751
2.721,-2.284
2.676,-2.589
2.473,-1.755
2.29,-2.804
2.18,-0.447
2.175,-3.268
2.187,-2.965
2.172,-0.804
2.051,-3.978
1.988,-2.953
1.887,-3.515
1.901,-1.939
1.825,-2.051
1.694,-3.162
1.603,-2.122
1.593,-0.218
1.559,-0.129
1.493,-3.111
1.372,-3.095
1.269,-0.762
1.24,-3.456
1.216,-2.27
1.157,-4.291
0.656,-4.178
0.611,-4.302
0.156,-4.005
0.208,-4.072
-0.04,-4.22
-1.349,-4.425
-1.682,-4.455
-1.759,-4.442
-2.052,-4.163
-2.492,-4.154
-2.516,-4.407
-2.863,-4.35
-2.866,-4.345
-3.084,-4.519
3.028,-4.532
2.699,-4.004
2.671,-4.346
2.341,-4.184
2.385,-4.403
2.307,-4.391
2.161,-4.479
2.047,-4.162
1.328,-4.114
1.383,-4.077
1.066,-0.129
0.612,0.188
0.414,0.381
0.174,0.081
-0.805,0.061
-1.829,0.114
-1.965,0.156
-2.278,0.385
2.274,0.011
2.127,0.136
2.018,0.087
1.707,-0.057
1.753,0.4
1.699,0.021
1.759,0.127
1.676,0.044
1.473,0.057
0.705,-0.203
0.638,-1.72
2.312,-3.895
1.774,-3.134
-2.309,0.095
-2.655,0.047
1.237,-1.979
1.062,-0.21
1.011,-3.809
1.062,-1.788
0.98,-1.205
0.887,-2.686
0.89,-2.756
0.797,-1.77
0.793,-3.567
0.472,-0.102
0.407,-3.78
0.399,-0.476
0.529,-1.142
0.436,-0.108
0.408,-1.608
0.378,-3.228
0.538,-2.197
0.538,-2.915
0.379,-1.337
0.36,-2.566
0.359,-1.6
0.317,-3.11
0.291,-0.978
0.193,-2.55
0.171,-1.489
0.239,-2.988
0.198,-2.344
0.033,-3.233
0.062,-3.534
-0.162,-3.64
-0.255,-2.359
-0.117,-0.803
-0.29,-1.905
-0.382,-0.525
-0.256,-2.098
-0.39,-3.072
-0.567,-1.595
-0.733,-0.35
-0.894,-0.717
-0.984,-0.483
-0.994,-0.303
-1.075,-2.215
-1.082,-0.747
-0.971,-1.415
-1.131,-2.671
-1.122,-1.021
-1.275,-1.305
-1.45,-3.717
-1.37,-2.039
-1.378,-0.026
-1.465,-3.367
-1.588,-2.449
-1.627,-1.934
-1.673,-1.38
-1.584,-3.963
-1.708,-1.715
-1.708,-0.106
-1.64,-3.968
-1.769,-2.441
-1.796,-3.972
-1.841,-2.885
-1.879,-0.465
-1.927,-1.248
-1.88,-3.54
-1.897,-1.013
-1.901,-3.811
-2.065,-1.794
-2.057,-1.304
-2.181,-0.406
-2.188,-0.645
-2.088,-2.649
-2.348,-3.595
-2.212,-3.882
-2.285,-3.778
-2.396,-2.601
-2.473,-0.701
-2.369,-2.991
-2.478,-2.423
-2.613,-3.513
-2.874,-0.85
-2.9,-2.422
-2.998,-1.756
-3.102,-1.163
3.111,-1.493
2.912,-2.609
2.879,-3.913
3.009,-3.678
2.872,-3.526
2.934,-3.805
2.781,-0.352
2.863,-2.77
2.78,-3.705
2.638,-3.482
2.773,-2.317
2.723,-1.76
2.352,-2.457
2.372,-2.248
2.135,-3.931
1.941,-3.871
1.969,-2.41
1.741,-2.208
1.627,-3.648
1.545,-0.25
1.542,-1.747
1.536,-2.437
1.624,-1.124
1.299,-2.739
1.39,-2.914
1.373,-3.483
1.207,-2.826
1.21,-4.334
0.741,-4.07
0.573,-4.094
0.54,-4.344
0.211,-4.438
-0.303,-3.95
-0.332,-4.199
-0.348,-4.163
-0.497,-4.191
-1.501,-4.105
-1.553,-4.41
-1.915,-4.409
-1.833,-4.175
-2.253,-4.073
-2.487,-4.062
2.726,-4.211
1.648,-4.111
1.479,-4.393
1.352,-4.062
0.092,0.221
-1.1,0.224
-1.073,0.384
-1.278,0.253
-1.463,0.017
-1.879,0.249
-3.02,0.182
-3.14,0.083
2.61,0.147
2.336,0.066
2.038,0.278
-0.753,-3.978
2.873,-2.587
2.339,-1.894
0.652,-1.84
1.9,-0.308
1.869,-1.378
1.717,-1.112
1.717,-0.683
0.298,-1.733
-0.919,-1.648
-1.984,-1.681
-2.321,-1.639
3.081,-1.628
2.786,-4.302
2.875,-0.011
-0.04,-2.402
-0.025,-1.955
-0.203,-3.035
-0.198,-1.754
-0.207,-2.262
-0.209,-1.921
-0.307,-1.722
-0.29,-1.202
-0.399,0.366
-0.359,-0.421
-0.484,-2.389
-0.477,-0.433
-0.562,0.802
-0.772,-0.765
-0.771,-2.909
-0.919,-1.353
-0.939,-0.174
-0.97,-2.332
-1.014,-0.577
-0.968,-0.345
-1.104,-0.167
-1.094,0.427
-1.176,-0.821
-1.212,-0.914
-1.153,-0.294
-1.263,-0.093
-1.292,-1.545
-1.31,-1.508
-1.277,-2.243
-1.365,-2.311
-1.433,-2.738
-1.444,-2.11
-1.439,-1.864
-1.551,-2.876
-1.561,-2.32
-1.523,-1.488
-1.53,-1.212
-1.701,-1.739
-1.739,-2.471
-1.776,0.415
-1.878,0.311
-1.879,-1.659
-1.874,0.644
-1.874,0.073
-1.896,-0.23
-2.056,-0.189
-2.037,0.444
-2.074,-0.44
-2.156,-0.902
-2.256,-0.328
-2.221,-2.125
-2.501,-1.199
-2.489,-3.075
-2.491,-1.161
-2.562,-1.7
-2.501,-1.176
-2.534,-2.777
-2.55,-2.036
-2.553,0.09
-2.576,-1.8
-2.603,-2.402
-2.597,0.133
-2.667,-0.562
-2.705,0.331
-2.779,-0.328
-2.772,-0.133
-2.875,-1.439
-2.866,-0.869
-2.89,-0.648
-2.921,-0.65
-3.007,-0.961
2.935,-0.14
2.84,-1.414
2.825,-1.919
2.898,-1.452
2.853,-1.757
2.65,-0.923
2.467,-1.972
2.357,0.385
2.352,-2.436
2.364,-2.133
2.349,0.028
2.228,-3.146
2.165,-2.121
2.064,-2.683
2.078,-1.107
2.002,-1.219
1.871,-2.33
1.78,-1.29
1.77,0.614
1.736,0.703
1.67,-2.279
1.549,-2.263
1.446,0.07
1.417,-2.624
1.393,-1.438
1.334,-3.459
0.833,-3.346
0.788,-3.47
0.333,-3.173
0.385,-3.24
0.137,-3.388
-1.172,-3.593
-1.505,-3.623
-1.582,-3.61
-1.875,-3.331
-2.315,-3.322
-2.339,-3.575
-2.686,-3.518
-2.689,-3.513
-2.907,-3.687
-3.078,-3.7
2.876,-3.172
2.848,-3.514
2.518,-3.352
2.562,-3.571
2.484,-3.559
2.338,-3.647
2.224,-3.33
1.505,-3.282
1.56,-3.245
1.243,0.703
0.789,1.02
0.591,1.213
0.351,0.913
-0.628,0.893
-1.652,0.946
-1.788,0.988
-2.101,1.217
2.451,0.843
2.304,0.968
2.195,0.919
1.884,0.775
1.93,1.232
1.876,0.853
1.936,0.959
1.853,0.876
1.65,0.889
0.882,0.629
0.815,-0.888
2.489,-3.063
1.951,-2.302
-2.132,0.927
-2.478,0.879
1.414,-1.147
1.239,0.622
1.188,-2.977
1.239,-0.956
1.157,-0.373
1.064,-1.854
1.067,-1.924
0.974,-0.938
0.97,-2.735
0.649,0.73
0.584,-2.948
0.576,0.356
0.706,-0.31
0.613,0.724
0.585,-0.776
0.555,-2.396
0.715,-1.365
0.715,-2.083
0.556,-0.505
0.537,-1.734
0.536,-0.768
0.494,-2.278
0.468,-0.146
0.37,-1.718
0.348,-0.657
0.416,-2.156
0.375,-1.512
0.21,-2.401
0.239,-2.702
0.015,-2.808
-0.078,-1.527
0.06,0.029
-0.113,-1.073
-0.205,0.307
-0.079,-1.266
-0.213,-2.24
-0.39,-0.763
-0.556,0.482
-0.717,0.115
-0.807,0.349
-0.817,0.529
-0.898,-1.383
-0.905,0.085
-0.794,-0.583
-0.954,-1.839
-0.945,-0.189
-1.098,-0.473
-1.273,-2.885
-1.193,-1.207
-1.201,0.806
-1.288,-2.535
-1.411,-1.617
-1.45,-1.102
-1.496,-0.548
-1.407,-3.131
-1.531,-0.883
-1.531,0.726
-1.463,-3.136
-1.592,-1.609
-1.619,-3.14
-1.664,-2.053
-1.702,0.367
-1.75,-0.416
-1.703,-2.708
-1.72,-0.181
-1.724,-2.979
-1.888,-0.962
-1.88,-0.472
-2.004,0.426
-2.011,0.187
-1.911,-1.817
-2.171,-2.763
-2.035,-3.05
-2.108,-2.946
-2.219,-1.769
-2.296,0.131
-2.192,-2.159
-2.301,-1.591
-2.436,-2.681
-2.697,-0.018
-2.723,-1.59
-2.821,-0.924
-2.925,-0.331
-2.995,-0.661
3.089,-1.777
3.056,-3.081
-3.097,-2.846
3.049,-2.694
3.111,-2.973
2.958,0.48
3.04,-1.938
2.957,-2.873
2.815,-2.65
2.95,-1.485
2.9,-0.928
2.529,-1.625
2.549,-1.416
2.312,-3.099
2.118,-3.039
2.146,-1.578
1.918,-1.376
1.804,-2.816
1.722,0.582
1.719,-0.915
1.713,-1.605
1.801,-0.292
1.476,-1.907
1.567,-2.082
1.55,-2.651
1.384,-1.994
1.387,-3.502
0.918,-3.238
0.75,-3.262
0.717,-3.512
0.388,-3.606
-0.126,-3.118
-0.155,-3.367
-0.171,-3.331
-0.32,-3.359
-1.324,-3.273
-1.376,-3.578
-1.738,-3.577
-1.656,-3.343
-2.076,-3.241
-2.31,-3.23
2.903,-3.379
1.825,-3.279
1.656,-3.561
1.529,-3.23
0.269,1.053
-0.923,1.056
-0.896,1.216
-1.101,1.085
-1.286,0.849
-1.702,1.081
-2.843,1.014
-2.963,0.915
2.787,0.979
2.513,0.898
2.215,1.11
-0.576,-3.146
3.05,-1.755
2.516,-1.062
0.829,-1.008
2.077,0.524
2.046,-0.546
1.894,-0.28
1.894,0.149
0.475,-0.901
-0.742,-0.816
-1.807,-0.849
-2.144,-0.807
-3.025,-0.796
2.963,-3.47
3.052,0.821
0.015,0.447
-0.163,-0.633
-0.158,0.648
-0.167,0.14
-0.169,0.481
-0.267,0.68
-0.25,1.2
-0.359,2.768
-0.319,1.981
-0.444,0.013
-0.437,1.969
-0.522,3.204
-0.732,1.637
-0.731,-0.507
-0.879,1.049
-0.899,2.228
-0.93,0.07
-0.974,1.825
-0.928,2.057
-1.064,2.235
-1.054,2.829
-1.136,1.581
-1.172,1.488
-1.113,2.108
-1.223,2.309
-1.252,0.857
-1.27,0.894
-1.237,0.159
-1.325,0.091
-1.393,-0.336
-1.404,0.292
-1.399,0.538
-1.511,-0.474
-1.521,0.082
-1.483,0.914
-1.49,1.19
-1.661,0.663
-1.699,-0.069
-1.736,2.817
-1.838,2.713
-1.839,0.743
-1.834,3.046
-1.834,2.475
-1.856,2.172
-2.016,2.213
-1.997,2.846
-2.034,1.962
-2.116,1.5
-2.216,2.074
-2.181,0.277
-2.461,1.203
-2.449,-0.673
-2.451,1.241
-2.522,0.702
-2.461,1.226
-2.494,-0.375
-2.51,0.366
-2.513,2.492
-2.536,0.602
-2.563,0.0
-2.557,2.535
-2.627,1.84
-2.665,2.733
-2.739,2.074
-2.732,2.269
-2.835,0.963
-2.826,1.533
-2.85,1.754
-2.881,1.752
-2.967,1.441
2.975,2.262
2.88,0.988
2.865,0.483
2.938,0.95
2.893,0.645
2.69,1.479
2.507,0.43
2.397,2.787
2.392,-0.034
2.404,0.269
2.389,2.43
2.268,-0.744
2.205,0.281
2.104,-0.281
2.118,1.295
2.042,1.183
1.911,0.072
1.82,1.112
1.81,3.016
1.776,3.105
1.71,0.123
1.589,0.139
1.486,2.472
1.457,-0.222
1.433,0.964
1.374,-1.057
0.873,-0.944
0.828,-1.068
0.373,-0.771
0.425,-0.838
0.177,-0.986
-1.132,-1.191
-1.465,-1.221
-1.542,-1.208
-1.835,-0.929
-2.275,-0.92
-2.299,-1.173
-2.646,-1.116
-2.649,-1.111
-2.867,-1.285
-3.038,-1.298
2.916,-0.77
2.888,-1.112
2.558,-0.95
2.602,-1.169
2.524,-1.157
2.378,-1.245
2.264,-0.928
1.545,-0.88
1.6,-0.843
1.283,3.105
0.829,3.422
0.631,3.615
0.391,3.315
-0.588,3.295
-1.612,3.348
-1.748,3.39
-2.061,3.619
2.491,3.245
2.344,3.37
2.235,3.321
1.924,3.177
1.97,3.634
1.916,3.255
1.976,3.361
1.893,3.278
1.69,3.291
0.922,3.031
0.855,1.514
2.529,-0.661
1.991,0.1
-2.092,3.329
-2.438,3.281
1.454,1.255
1.279,3.024
1.228,-0.575
1.279,1.446
1.197,2.029
1.104,0.548
1.107,0.478
1.014,1.464
1.01,-0.333
0.689,3.132
0.624,-0.546
0.616,2.758
0.746,2.092
0.653,3.126
0.625,1.626
0.595,0.006
0.755,1.037
0.755,0.319
0.596,1.897
0.577,0.668
0.576,1.634
0.534,0.124
0.508,2.256
0.41,0.684
0.388,1.745
0.456,0.246
0.415,0.89
0.25,0.001
0.279,-0.3
0.055,-0.406
-0.038,0.875
0.1,2.431
-0.073,1.329
-0.165,2.709
-0.039,1.136
-0.173,0.162
-0.35,1.639
-0.516,2.884
-0.677,2.517
-0.767,2.751
-0.777,2.931
-0.858,1.019
-0.865,2.487
-0.754,1.819
-0.914,0.563
-0.905,2.213
-1.058,1.929
-1.233,-0.483
-1.153,1.195
-1.161,3.208
-1.248,-0.133
-1.371,0.785
-1.41,1.3
-1.456,1.854
-1.367,-0.729
-1.491,1.519
-1.491,3.128
-1.423,-0.734
-1.552,0.793
-1.579,-0.738
-1.624,0.349
-1.662,2.769
-1.71,1.986
-1.663,-0.306
-1.68,2.221
-1.684,-0.577
-1.848,1.44
-1.84,1.93
-1.964,2.828
-1.971,2.589
-1.871,0.585
-2.131,-0.361
-1.995,-0.648
-2.068,-0.544
-2.179,0.633
-2.256,2.533
-2.152,0.243
-2.261,0.811
-2.396,-0.279
-2.657,2.384
-2.683,0.812
-2.781,1.478
-2.885,2.071
-2.955,1.741
3.129,0.625
3.096,-0.679
-3.057,-0.444
3.089,-0.292
-3.132,-0.571
2.998,2.882
3.08,0.464
2.997,-0.471
2.855,-0.248
2.99,0.917
2.94,1.474
2.569,0.777
2.589,0.986
2.352,-0.697
2.158,-0.637
2.186,0.824
1.958,1.026
1.844,-0.414
1.762,2.984
1.759,1.487
1.753,0.797
1.841,2.11
1.516,0.495
1.607,0.32
1.59,-0.249
1.424,0.408
1.427,-1.1
0.958,-0.836
0.79,-0.86
0.757,-1.11
0.428,-1.204
-0.086,-0.716
-0.115,-0.965
-0.131,-0.929
-0.28,-0.957
-1.284,-0.871
-1.336,-1.176
-1.698,-1.175
-1.616,-0.941
-2.036,-0.839
-2.27,-0.828
2.943,-0.977
1.865,-0.877
1.696,-1.159
1.569,-0.828
0.309,3.455
-0.883,3.458
-0.856,3.618
-1.061,3.487
-1.246,3.251
-1.662,3.483
-2.803,3.416
-2.923,3.317
2.827,3.381
2.553,3.3
2.255,3.512
-0.536,-0.744
3.09,0.647
2.556,1.34
0.869,1.394
2.117,2.926
2.086,1.856
1.934,2.122
1.934,2.551
0.515,1.501
-0.702,1.586
-1.767,1.553
-2.104,1.595
-2.985,1.606
3.003,-1.068
3.092,3.223
-0.178,-1.08
-0.173,0.201
-0.182,-0.307
-0.184,0.034
-0.282,0.233
-0.265,0.753
-0.374,2.321
-0.334,1.534
-0.459,-0.434
-0.452,1.522
-0.537,2.757
-0.747,1.19
-0.746,-0.954
-0.894,0.602
-0.914,1.781
-0.945,-0.377
-0.989,1.378
-0.943,1.61
-1.079,1.788
-1.069,2.382
-1.151,1.134
-1.187,1.041
-1.128,1.661
-1.238,1.862
-1.267,0.41
-1.285,0.447
-1.252,-0.288
-1.34,-0.356
-1.408,-0.783
-1.419,-0.155
-1.414,0.091
-1.526,-0.921
-1.536,-0.365
-1.498,0.467
-1.505,0.743
-1.676,0.216
-1.714,-0.516
-1.751,2.37
-1.853,2.266
-1.854,0.296
-1.849,2.599
-1.849,2.028
-1.871,1.725
-2.031,1.766
-2.012,2.399
-2.049,1.515
-2.131,1.053
-2.231,1.627
-2.196,-0.17
-2.476,0.756
-2.464,-1.12
-2.466,0.794
-2.537,0.255
-2.476,0.779
-2.509,-0.822
-2.525,-0.081
-2.528,2.045
-2.551,0.155
-2.578,-0.447
-2.572,2.088
-2.642,1.393
-2.68,2.286
-2.754,1.627
-2.747,1.822
-2.85,0.516
-2.841,1.086
-2.865,1.307
-2.896,1.305
-2.982,0.994
2.96,1.815
2.865,0.541
2.85,0.036
2.923,0.503
2.878,0.198
2.675,1.032
2.492,-0.017
2.382,2.34
2.377,-0.481
2.389,-0.178
2.374,1.983
2.253,-1.191
2.19,-0.166
2.089,-0.728
2.103,0.848
2.027,0.736
1.896,-0.375
1.805,0.665
1.795,2.569
1.761,2.658
1.695,-0.324
1.574,-0.308
1.471,2.025
1.442,-0.669
1.418,0.517
1.359,-1.504
0.858,-1.391
0.813,-1.515
0.358,-1.218
0.41,-1.285
0.162,-1.433
-1.147,-1.638
-1.48,-1.668
-1.557,-1.655
-1.85,-1.376
-2.29,-1.367
-2.314,-1.62
-2.661,-1.563
-2.664,-1.558
-2.882,-1.732
-3.053,-1.745
2.901,-1.217
2.873,-1.559
2.543,-1.397
2.587,-1.616
2.509,-1.604
2.363,-1.692
2.249,-1.375
1.53,-1.327
1.585,-1.29
1.268,2.658
0.814,2.975
0.616,3.168
0.376,2.868
-0.603,2.848
-1.627,2.901
-1.763,2.943
-2.076,3.172
2.476,2.798
2.329,2.923
2.22,2.874
1.909,2.73
1.955,3.187
1.901,2.808
1.961,2.914
1.878,2.831
1.675,2.844
0.907,2.584
0.84,1.067
2.514,-1.108
1.976,-0.347
-2.107,2.882
-2.453,2.834
1.439,0.808
1.264,2.577
1.213,-1.022
1.264,0.999
1.182,1.582
1.089,0.101
1.092,0.031
0.999,1.017
0.995,-0.78
0.674,2.685
0.609,-0.993
0.601,2.311
0.731,1.645
0.638,2.679
0.61,1.179
0.58,-0.441
0.74,0.59
0.74,-0.128
0.581,1.45
0.562,0.221
0.561,1.187
0.519,-0.323
0.493,1.809
0.395,0.237
0.373,1.298
0.441,-0.201
0.4,0.443
0.235,-0.446
0.264,-0.747
0.04,-0.853
-0.053,0.428
0.085,1.984
-0.088,0.882
-0.18,2.262
-0.054,0.689
-0.188,-0.285
-0.365,1.192
-0.531,2.437
-0.692,2.07
-0.782,2.304
-0.792,2.484
-0.873,0.572
-0.88,2.04
-0.769,1.372
-0.929,0.116
-0.92,1.766
-1.073,1.482
-1.248,-0.93
-1.168,0.748
-1.176,2.761
-1.263,-0.58
-1.386,0.338
-1.425,0.853
-1.471,1.407
-1.382,-1.176
-1.506,1.072
-1.506,2.681
-1.438,-1.181
-1.567,0.346
-1.594,-1.185
-1.639,-0.098
-1.677,2.322
-1.725,1.539
-1.678,-0.753
-1.695,1.774
-1.699,-1.024
-1.863,0.993
-1.855,1.483
-1.979,2.381
-1.986,2.142
-1.886,0.138
-2.146,-0.808
-2.01,-1.095
-2.083,-0.991
-2.194,0.186
-2.271,2.086
-2.167,-0.204
-2.276,0.364
-2.411,-0.726
-2.672,1.937
-2.698,0.365
-2.796,1.031
-2.9,1.624
-2.97,1.294
3.114,0.178
3.081,-1.126
-3.072,-0.891
3.074,-0.739
3.136,-1.018
2.983,2.435
3.065,0.017
2.982,-0.918
2.84,-0.695
2.975,0.47
2.925,1.027
2.554,0.33
2.574,0.539
2.337,-1.144
2.143,-1.084
2.171,0.377
1.943,0.579
1.829,-0.861
1.747,2.537
1.744,1.04
1.738,0.35
1.826,1.663
1.501,0.048
1.592,-0.127
1.575,-0.696
1.409,-0.039
1.412,-1.547
0.943,-1.283
0.775,-1.307
0.742,-1.557
0.413,-1.651
-0.101,-1.163
-0.13,-1.412
-0.146,-1.376
-0.295,-1.404
-1.299,-1.318
-1.351,-1.623
-1.713,-1.622
-1.631,-1.388
-2.051,-1.286
-2.285,-1.275
2.928,-1.424
1.85,-1.324
1.681,-1.606
1.554,-1.275
0.294,3.008
-0.898,3.011
-0.871,3.171
-1.076,3.04
-1.261,2.804
-1.677,3.036
-2.818,2.969
-2.938,2.87
2.812,2.934
2.538,2.853
2.24,3.065
-0.551,-1.191
3.075,0.2
2.541,0.893
0.854,0.947
2.102,2.479
2.071,1.409
1.919,1.675
1.919,2.104
0.5,1.054
-0.717,1.139
-1.782,1.106
-2.119,1.148
-3.0,1.159
2.988,-1.515
3.077,2.776
0.005,1.281
-0.004,0.773
-0.006,1.114
-0.104,1.313
-0.087,1.833
-0.196,3.401
-0.156,2.614
-0.281,0.646
-0.274,2.602
-0.359,3.837
-0.569,2.27
-0.568,0.126
-0.716,1.682
-0.736,2.861
-0.767,0.703
-0.811,2.458
-0.765,2.69
-0.901,2.868
-0.891,3.462
-0.973,2.214
-1.009,2.121
-0.95,2.741
-1.06,2.942
-1.089,1.49
-1.107,1.527
-1.074,0.792
-1.162,0.724
-1.23,0.297
-1.241,0.925
-1.236,1.171
-1.348,0.159
-1.358,0.715
-1.32,1.547
-1.327,1.823
-1.498,1.296
-1.536,0.564
-1.573,3.45
-1.675,3.346
-1.676,1.376
-1.671,3.679
-1.671,3.108
-1.693,2.805
-1.853,2.846
-1.834,3.479
-1.871,2.595
-1.953,2.133
-2.053,2.707
-2.018,0.91
-2.298,1.836
-2.286,-0.04
-2.288,1.874
-2.359,1.335
-2.298,1.859
-2.331,0.258
-2.347,0.999
-2.35,3.125
-2.373,1.235
-2.4,0.633
-2.394,3.168
-2.464,2.473
-2.502,3.366
-2.576,2.707
-2.569,2.902
-2.672,1.596
-2.663,2.166
-2.687,2.387
-2.718,2.385
-2.804,2.074
3.138,2.895
3.043,1.621
3.028,1.116
3.101,1.583
3.056,1.278
2.853,2.112
2.67,1.063
2.56,3.42
2.555,0.599
2.567,0.902
2.552,3.063
2.431,-0.111
2.368,0.914
2.267,0.352
2.281,1.928
2.205,1.816
2.074,0.705
1.983,1.745
1.973,3.649
1.939,3.738
1.873,0.756
1.752,0.772
1.649,3.105
1.62,0.411
1.596,1.597
1.537,-0.424
1.036,-0.311
0.991,-0.435
0.536,-0.138
0.588,-0.205
0.34,-0.353
-0.969,-0.558
-1.302,-0.588
-1.379,-0.575
-1.672,-0.296
-2.112,-0.287
-2.136,-0.54
-2.483,-0.483
-2.486,-0.478
-2.704,-0.652
-2.875,-0.665
3.079,-0.137
3.051,-0.479
2.721,-0.317
2.765,-0.536
2.687,-0.524
2.541,-0.612
2.427,-0.295
1.708,-0.247
1.763,-0.21
1.446,3.738
0.992,4.055
0.794,4.248
0.554,3.948
-0.425,3.928
-1.449,3.981
-1.585,4.023
-1.898,4.252
2.654,3.878
2.507,4.003
2.398,3.954
2.087,3.81
2.133,4.267
2.079,3.888
2.139,3.994
2.056,3.911
1.853,3.924
1.085,3.664
1.018,2.147
2.692,-0.028
2.154,0.733
-1.929,3.962
-2.275,3.914
1.617,1.888
1.442,3.657
1.391,0.058
1.442,2.079
1.36,2.662
1.267,1.181
1.27,1.111
1.177,2.097
1.173,0.3
0.852,3.765
0.787,0.087
0.779,3.391
0.909,2.725
0.816,3.759
0.788,2.259
0.758,0.639
0.918,1.67
0.918,0.952
0.759,2.53
0.74,1.301
0.739,2.267
0.697,0.757
0.671,2.889
0.573,1.317
0.551,2.378
0.619,0.879
0.578,1.523
0.413,0.634
0.442,0.333
0.218,0.227
0.125,1.508
0.263,3.064
0.09,1.962
-0.002,3.342
0.124,1.769
-0.01,0.795
-0.187,2.272
-0.353,3.517
-0.514,3.15
-0.604,3.384
-0.614,3.564
-0.695,1.652
-0.702,3.12
-0.591,2.452
-0.751,1.196
-0.742,2.846
-0.895,2.562
-1.07,0.15
-0.99,1.828
-0.998,3.841
-1.085,0.5
-1.208,1.418
-1.247,1.933
-1.293,2.487
-1.204,-0.096
-1.328,2.152
-1.328,3.761
-1.26,-0.101
-1.389,1.426
-1.416,-0.105
-1.461,0.982
-1.499,3.402
-1.547,2.619
-1.5,0.327
-1.517,2.854
-1.521,0.056
-1.685,2.073
-1.677,2.563
-1.801,3.461
-1.808,3.222
-1.708,1.218
-1.968,0.272
-1.832,-0.015
-1.905,0.089
-2.016,1.266
-2.093,3.166
-1.989,0.876
-2.098,1.444
-2.233,0.354
-2.494,3.017
-2.52,1.445
-2.618,2.111
-2.722,2.704
-2.792,2.374
-2.991,1.258
-3.024,-0.046
-2.894,0.189
-3.031,0.341
-2.969,0.062
-3.122,3.515
-3.04,1.097
-3.123,0.162
3.018,0.385
-3.13,1.55
3.103,2.107
2.732,1.41
2.752,1.619
2.515,-0.064
2.321,-0.004
2.349,1.457
2.121,1.659
2.007,0.219
1.925,3.617
1.922,2.12
1.916,1.43
2.004,2.743
1.679,1.128
1.77,0.953
1.753,0.384
1.587,1.041
1.59,-0.467
1.121,-0.203
0.953,-0.227
0.92,-0.477
0.591,-0.571
0.077,-0.083
0.048,-0.332
0.032,-0.296
-0.117,-0.324
-1.121,-0.238
-1.173,-0.543
-1.535,-0.542
-1.453,-0.308
-1.873,-0.206
-2.107,-0.195
3.106,-0.344
2.028,-0.244
1.859,-0.526
1.732,-0.195
0.472,4.088
-0.72,4.091
-0.693,4.251
-0.898,4.12
-1.083,3.884
-1.499,4.116
-2.64,4.049
-2.76,3.95
2.99,4.014
2.716,3.933
2.418,4.145
-0.373,-0.111
-3.03,1.28
2.719,1.973
1.032,2.027
2.28,3.559
2.249,2.489
2.097,2.755
2.097,3.184
0.678,2.134
-0.539,2.219
-1.604,2.186
-1.941,2.228
-2.822,2.239
-3.117,-0.435
-3.028,3.856
-0.009,-0.508
-0.011,-0.167
-0.109,0.032
-0.092,0.552
-0.201,2.12
-0.161,1.333
-0.286,-0.635
-0.279,1.321
-0.364,2.556
-0.574,0.989
-0.573,-1.155
-0.721,0.401
-0.741,1.58
-0.772,-0.578
-0.816,1.177
-0.77,1.409
-0.906,1.587
-0.896,2.181
-0.978,0.933
-1.014,0.84
-0.955,1.46
-1.065,1.661
-1.094,0.209
-1.112,0.246
-1.079,-0.489
-1.167,-0.557
-1.235,-0.984
-1.246,-0.356
-1.241,-0.11
-1.353,-1.122
-1.363,-0.566
-1.325,0.266
-1.332,0.542
-1.503,0.015
-1.541,-0.717
-1.578,2.169
-1.68,2.065
-1.681,0.095
-1.676,2.398
-1.676,1.827
-1.698,1.524
-1.858,1.565
-1.839,2.198
-1.876,1.314
-1.958,0.852
-2.058,1.426
-2.023,-0.371
-2.303,0.555
-2.291,-1.321
-2.293,0.593
-2.364,0.054
-2.303,0.578
-2.336,-1.023
-2.352,-0.282
-2.355,1.844
-2.378,-0.046
-2.405,-0.648
-2.399,1.887
-2.469,1.192
-2.507,2.085
-2.581,1.426
-2.574,1.621
-2.677,0.315
-2.668,0.885
-2.692,1.106
-2.723,1.104
-2.809,0.793
3.133,1.614
3.038,0.34
3.023,-0.165
3.096,0.302
3.051,-0.003
2.848,0.831
2.665,-0.218
2.555,2.139
2.55,-0.682
2.562,-0.379
2.547,1.782
2.426,-1.392
2.363,-0.367
2.262,-0.929
2.276,0.647
2.2,0.535
2.069,-0.576
1.978,0.464
1.968,2.368
1.934,2.457
1.868,-0.525
1.747,-0.509
1.644,1.824
1.615,-0.87
1.591,0.316
1.532,-1.705
1.031,-1.592
0.986,-1.716
0.531,-1.419
0.583,-1.486
0.335,-1.634
-0.974,-1.839
-1.307,-1.869
-1.384,-1.856
-1.677,-1.577
-2.117,-1.568
-2.141,-1.821
-2.488,-1.764
-2.491,-1.759
-2.709,-1.933
-2.88,-1.946
3.074,-1.418
3.046,-1.76
2.716,-1.598
2.76,-1.817
2.682,-1.805
2.536,-1.893
2.422,-1.576
1.703,-1.528
1.758,-1.491
1.441,2.457
0.987,2.774
0.789,2.967
0.549,2.667
-0.43,2.647
-1.454,2.7
-1.59,2.742
-1.903,2.971
2.649,2.597
2.502,2.722
2.393,2.673
2.082,2.529
2.128,2.986
2.074,2.607
2.134,2.713
2.051,2.63
1.848,2.643
1.08,2.383
1.013,0.866
2.687,-1.309
2.149,-0.548
-1.934,2.681
-2.28,2.633
1.612,0.607
1.437,2.376
1.386,-1.223
1.437,0.798
1.355,1.381
1.262,-0.1
1.265,-0.17
1.172,0.816
1.168,-0.981
0.847,2.484
0.782,-1.194
0.774,2.11
0.904,1.444
0.811,2.478
0.783,0.978
0.753,-0.642
0.913,0.389
0.913,-0.329
0.754,1.249
0.735,0.02
0.734,0.986
0.692,-0.524
0.666,1.608
0.568,0.036
0.546,1.097
0.614,-0.402
0.573,0.242
0.408,-0.647
0.437,-0.948
0.213,-1.054
0.12,0.227
0.258,1.783
0.085,0.681
-0.007,2.061
0.119,0.488
-0.015,-0.486
-0.192,0.991
-0.358,2.236
-0.519,1.869
-0.609,2.103
-0.619,2.283
-0.7,0.371
-0.707,1.839
-0.596,1.171
-0.756,-0.085
-0.747,1.565
-0.9,1.281
-1.075,-1.131
-0.995,0.547
-1.003,2.56
-1.09,-0.781
-1.213,0.137
-1.252,0.652
-1.298,1.206
-1.209,-1.377
-1.333,0.871
-1.333,2.48
-1.265,-1.382
-1.394,0.145
-1.421,-1.386
-1.466,-0.299
-1.504,2.121
-1.552,1.338
-1.505,-0.954
-1.522,1.573
-1.526,-1.225
-1.69,0.792
-1.682,1.282
-1.806,2.18
-1.813,1.941
-1.713,-0.063
-1.973,-1.009
-1.837,-1.296
-1.91,-1.192
-2.021,-0.015
-2.098,1.885
-1.994,-0.405
-2.103,0.163
-2.238,-0.927
-2.499,1.736
-2.525,0.164
-2.623,0.83
-2.727,1.423
-2.797,1.093
-2.996,-0.023
-3.029,-1.327
-2.899,-1.092
-3.036,-0.94
-2.974,-1.219
-3.127,2.234
-3.045,-0.184
-3.128,-1.119
3.013,-0.896
-3.135,0.269
3.098,0.826
2.727,0.129
2.747,0.338
2.51,-1.345
2.316,-1.285
2.344,0.176
2.116,0.378
2.002,-1.062
1.92,2.336
1.917,0.839
1.911,0.149
1.999,1.462
1.674,-0.153
1.765,-0.328
1.748,-0.897
1.582,-0.24
1.585,-1.748
1.116,-1.484
0.948,-1.508
0.915,-1.758
0.586,-1.852
0.072,-1.364
0.043,-1.613
0.027,-1.577
-0.122,-1.605
-1.126,-1.519
-1.178,-1.824
-1.54,-1.823
-1.458,-1.589
-1.878,-1.487
-2.112,-1.476
3.101,-1.625
2.023,-1.525
1.854,-1.807
1.727,-1.476
0.467,2.807
-0.725,2.81
-0.698,2.97
-0.903,2.839
-1.088,2.603
-1.504,2.835
-2.645,2.768
-2.765,2.669
2.985,2.733
2.711,2.652
2.413,2.864
-0.378,-1.392
-3.035,-0.001
2.714,0.692
1.027,0.746
2.275,2.278
2.244,1.208
2.092,1.474
2.092,1.903
0.673,0.853
-0.544,0.938
-1.609,0.905
-1.946,0.947
-2.827,0.958
-3.122,-1.716
-3.033,2.575
-0.002,0.341
-0.1,0.54
-0.083,1.06
-0.192,2.628
-0.152,1.841
-0.277,-0.127
-0.27,1.829
-0.355,3.064
-0.565,1.497
-0.564,-0.647
-0.712,0.909
-0.732,2.088
-0.763,-0.07
-0.807,1.685
-0.761,1.917
-0.897,2.095
-0.887,2.689
-0.969,1.441
-1.005,1.348
-0.946,1.968
-1.056,2.169
-1.085,0.717
-1.103,0.754
-1.07,0.019
-1.158,-0.049
-1.226,-0.476
-1.237,0.152
-1.232,0.398
-1.344,-0.614
-1.354,-0.058
-1.316,0.774
-1.323,1.05
-1.494,0.523
-1.532,-0.209
-1.569,2.677
-1.671,2.573
-1.672,0.603
-1.667,2.906
-1.667,2.335
-1.689,2.032
-1.849,2.073
-1.83,2.706
-1.867,1.822
-1.949,1.36
-2.049,1.934
-2.014,0.137
-2.294,1.063
-2.282,-0.813
-2.284,1.101
-2.355,0.562
-2.294,1.086
-2.327,-0.515
-2.343,0.226
-2.346,2.352
-2.369,0.462
-2.396,-0.14
-2.39,2.395
-2.46,1.7
-2.498,2.593
-2.572,1.934
-2.565,2.129
-2.668,0.823
-2.659,1.393
-2.683,1.614
-2.714,1.612
-2.8,1.301
-3.141,2.122
3.047,0.848
3.032,0.343
3.105,0.81
3.06,0.505
2.857,1.339
2.674,0.29
2.564,2.647
2.559,-0.174
2.571,0.129
2.556,2.29
2.435,-0.884
2.372,0.141
2.271,-0.421
2.285,1.155
2.209,1.043
2.078,-0.068
1.987,0.972
1.977,2.876
1.943,2.965
1.877,-0.017
1.756,-0.001
1.653,2.332
1.624,-0.362
1.6,0.824
1.541,-1.197
1.04,-1.084
0.995,-1.208
0.54,-0.911
0.592,-0.978
0.344,-1.126
-0.965,-1.331
-1.298,-1.361
-1.375,-1.348
-1.668,-1.069
-2.108,-1.06
-2.132,-1.313
-2.479,-1.256
-2.482,-1.251
-2.7,-1.425
-2.871,-1.438
3.083,-0.91
3.055,-1.252
2.725,-1.09
2.769,-1.309
2.691,-1.297
2.545,-1.385
2.431,-1.068
1.712,-1.02
1.767,-0.983
1.45,2.965
0.996,3.282
0.798,3.475
0.558,3.175
-0.421,3.155
-1.445,3.208
-1.581,3.25
-1.894,3.479
2.658,3.105
2.511,3.23
2.402,3.181
2.091,3.037
2.137,3.494
2.083,3.115
2.143,3.221
2.06,3.138
1.857,3.151
1.089,2.891
1.022,1.374
2.696,-0.801
2.158,-0.04
-1.925,3.189
-2.271,3.141
1.621,1.115
1.446,2.884
1.395,-0.715
1.446,1.306
1.364,1.889
1.271,0.408
1.274,0.338
1.181,1.324
1.177,-0.473
0.856,2.992
0.791,-0.686
0.783,2.618
0.913,1.952
0.82,2.986
0.792,1.486
0.762,-0.134
0.922,0.897
0.922,0.179
0.763,1.757
0.744,0.528
0.743,1.494
0.701,-0.016
0.675,2.116
0.577,0.544
0.555,1.605
0.623,0.106
0.582,0.75
0.417,-0.139
0.446,-0.44
0.222,-0.546
0.129,0.735
0.267,2.291
0.094,1.189
0.002,2.569
0.128,0.996
-0.006,0.022
-0.183,1.499
-0.349,2.744
-0.51,2.377
-0.6,2.611
-0.61,2.791
-0.691,0.879
-0.698,2.347
-0.587,1.679
-0.747,0.423
-0.738,2.073
-0.891,1.789
-1.066,-0.623
-0.986,1.055
-0.994,3.068
-1.081,-0.273
-1.204,0.645
-1.243,1.16
-1.289,1.714
-1.2,-0.869
-1.324,1.379
-1.324,2.988
-1.256,-0.874
-1.385,0.653
-1.412,-0.878
-1.457,0.209
-1.495,2.629
-1.543,1.846
-1.496,-0.446
-1.513,2.081
-1.517,-0.717
-1.681,1.3
-1.673,1.79
-1.797,2.688
-1.804,2.449
-1.704,0.445
-1.964,-0.501
-1.828,-0.788
-1.901,-0.684
-2.012,0.493
-2.089,2.393
-1.985,0.103
-2.094,0.671
-2.229,-0.419
-2.49,2.244
-2.516,0.672
-2.614,1.338
-2.718,1.931
-2.788,1.601
-2.987,0.485
-3.02,-0.819
-2.89,-0.584
-3.027,-0.432
-2.965,-0.711
-3.118,2.742
-3.036,0.324
-3.119,-0.611
3.022,-0.388
-3.126,0.777
3.107,1.334
2.736,0.637
2.756,0.846
2.519,-0.837
2.325,-0.777
2.353,0.684
2.125,0.886
2.011,-0.554
1.929,2.844
1.926,1.347
1.92,0.657
2.008,1.97
1.683,0.355
1.774,0.18
1.757,-0.389
1.591,0.268
1.594,-1.24
1.125,-0.976
0.957,-1.0
0.924,-1.25
0.595,-1.344
0.081,-0.856
0.052,-1.105
0.036,-1.069
-0.113,-1.097
-1.117,-1.011
-1.169,-1.316
-1.531,-1.315
-1.449,-1.081
-1.869,-0.979
-2.103,-0.968
3.11,-1.117
2.032,-1.017
1.863,-1.299
1.736,-0.968
0.476,3.315
-0.716,3.318
-0.689,3.478
-0.894,3.347
-1.079,3.111
-1.495,3.343
-2.636,3.276
-2.756,3.177
2.994,3.241
2.72,3.16
2.422,3.372
-0.369,-0.884
-3.026,0.507
2.723,1.2
1.036,1.254
2.284,2.786
2.253,1.716
2.101,1.982
2.101,2.411
0.682,1.361
-0.535,1.446
-1.6,1.413
-1.937,1.455
-2.818,1.466
-3.113,-1.208
-3.024,3.083
-0.098,0.199
-0.081,0.719
-0.19,2.287
-0.15,1.5
-0.275,-0.468
-0.268,1.488
-0.353,2.723
-0.563,1.156
-0.562,-0.988
-0.71,0.568
-0.73,1.747
-0.761,-0.411
-0.805,1.344
-0.759,1.576
-0.895,1.754
-0.885,2.348
-0.967,1.1
-1.003,1.007
-0.944,1.627
-1.054,1.828
-1.083,0.376
-1.101,0.413
-1.068,-0.322
-1.156,-0.39
-1.224,-0.817
-1.235,-0.189
-1.23,0.057
-1.342,-0.955
-1.352,-0.399
-1.314,0.433
-1.321,0.709
-1.492,0.182
-1.53,-0.55
-1.567,2.336
-1.669,2.232
-1.67,0.262
-1.665,2.565
-1.665,1.994
-1.687,1.691
-1.847,1.732
-1.828,2.365
-1.865,1.481
-1.947,1.019
-2.047,1.593
-2.012,-0.204
-2.292,0.722
-2.28,-1.154
-2.282,0.76
-2.353,0.221
-2.292,0.745
-2.325,-0.856
-2.341,-0.115
-2.344,2.011
-2.367,0.121
-2.394,-0.481
-2.388,2.054
-2.458,1.359
-2.496,2.252
-2.57,1.593
-2.563,1.788
-2.666,0.482
-2.657,1.052
-2.681,1.273
-2.712,1.271
-2.798,0.96
-3.139,1.781
3.049,0.507
3.034,0.002
3.107,0.469
3.062,0.164
2.859,0.998
2.676,-0.051
2.566,2.306
2.561,-0.515
2.573,-0.212
2.558,1.949
2.437,-1.225
2.374,-0.2
2.273,-0.762
2.287,0.814
2.211,0.702
2.08,-0.409
1.989,0.631
1.979,2.535
1.945,2.624
1.879,-0.358
1.758,-0.342
1.655,1.991
1.626,-0.703
1.602,0.483
1.543,-1.538
1.042,-1.425
0.997,-1.549
0.542,-1.252
0.594,-1.319
0.346,-1.467
-0.963,-1.672
-1.296,-1.702
-1.373,-1.689
-1.666,-1.41
-2.106,-1.401
-2.13,-1.654
-2.477,-1.597
-2.48,-1.592
-2.698,-1.766
-2.869,-1.779
3.085,-1.251
3.057,-1.593
2.727,-1.431
2.771,-1.65
2.693,-1.638
2.547,-1.726
2.433,-1.409
1.714,-1.361
1.769,-1.324
1.452,2.624
0.998,2.941
0.8,3.134
0.56,2.834
-0.419,2.814
-1.443,2.867
-1.579,2.909
-1.892,3.138
2.66,2.764
2.513,2.889
2.404,2.84
2.093,2.696
2.139,3.153
2.085,2.774
2.145,2.88
2.062,2.797
1.859,2.81
1.091,2.55
1.024,1.033
2.698,-1.142
2.16,-0.381
-1.923,2.848
-2.269,2.8
1.623,0.774
1.448,2.543
1.397,-1.056
1.448,0.965
1.366,1.548
1.273,0.067
1.276,-0.003
1.183,0.983
1.179,-0.814
0.858,2.651
0.793,-1.027
0.785,2.277
0.915,1.611
0.822,2.645
0.794,1.145
0.764,-0.475
0.924,0.556
0.924,-0.162
0.765,1.416
0.746,0.187
0.745,1.153
0.703,-0.357
0.677,1.775
0.579,0.203
0.557,1.264
0.625,-0.235
0.584,0.409
0.419,-0.48
0.448,-0.781
0.224,-0.887
0.131,0.394
0.269,1.95
0.096,0.848
0.004,2.228
0.13,0.655
-0.004,-0.319
-0.181,1.158
-0.347,2.403
-0.508,2.036
-0.598,2.27
-0.608,2.45
-0.689,0.538
-0.696,2.006
-0.585,1.338
-0.745,0.082
-0.736,1.732
-0.889,1.448
-1.064,-0.964
-0.984,0.714
-0.992,2.727
-1.079,-0.614
-1.202,0.304
-1.241,0.819
-1.287,1.373
-1.198,-1.21
-1.322,1.038
-1.322,2.647
-1.254,-1.215
-1.383,0.312
-1.41,-1.219
-1.455,-0.132
-1.493,2.288
-1.541,1.505
-1.494,-0.787
-1.511,1.74
-1.515,-1.058
-1.679,0.959
-1.671,1.449
-1.795,2.347
-1.802,2.108
-1.702,0.104
-1.962,-0.842
-1.826,-1.129
-1.899,-1.025
-2.01,0.152
-2.087,2.052
-1.983,-0.238
-2.092,0.33
-2.227,-0.76
-2.488,1.903
-2.514,0.331
-2.612,0.997
-2.716,1.59
-2.786,1.26
-2.985,0.144
-3.018,-1.16
-2.888,-0.925
-3.025,-0.773
-2.963,-1.052
-3.116,2.401
-3.034,-0.017
-3.117,-0.952
3.024,-0.729
-3.124,0.436
3.109,0.993
2.738,0.296
2.758,0.505
2.521,-1.178
2.327,-1.118
2.355,0.343
2.127,0.545
2.013,-0.895
1.931,2.503
1.928,1.006
1.922,0.316
2.01,1.629
1.685,0.014
1.776,-0.161
1.759,-0.73
1.593,-0.073
1.596,-1.581
1.127,-1.317
0.959,-1.341
0.926,-1.591
0.597,-1.685
0.083,-1.197
0.054,-1.446
0.038,-1.41
-0.111,-1.438
-1.115,-1.352
-1.167,-1.657
-1.529,-1.656
-1.447,-1.422
-1.867,-1.32
-2.101,-1.309
3.112,-1.458
2.034,-1.358
1.865,-1.64
1.738,-1.309
0.478,2.974
-0.714,2.977
-0.687,3.137
-0.892,3.006
-1.077,2.77
-1.493,3.002
-2.634,2.935
-2.754,2.836
2.996,2.9
2.722,2.819
2.424,3.031
-0.367,-1.225
-3.024,0.166
2.725,0.859
1.038,0.913
2.286,2.445
2.255,1.375
2.103,1.641
2.103,2.07
0.684,1.02
-0.533,1.105
-1.598,1.072
-1.935,1.114
-2.816,1.125
-3.111,-1.549
-3.022,2.742
0.017,0.52
-0.092,2.088
-0.052,1.301
-0.177,-0.667
-0.17,1.289
-0.255,2.524
-0.465,0.957
-0.464,-1.187
-0.612,0.369
-0.632,1.548
-0.663,-0.61
-0.707,1.145
-0.661,1.377
-0.797,1.555
-0.787,2.149
-0.869,0.901
-0.905,0.808
-0.846,1.428
-0.956,1.629
-0.985,0.177
-1.003,0.214
-0.97,-0.521
-1.058,-0.589
-1.126,-1.016
-1.137,-0.388
-1.132,-0.142
-1.244,-1.154
-1.254,-0.598
-1.216,0.234
-1.223,0.51
-1.394,-0.017
-1.432,-0.749
-1.469,2.137
-1.571,2.033
-1.572,0.063
-1.567,2.366
-1.567,1.795
-1.589,1.492
-1.749,1.533
-1.73,2.166
-1.767,1.282
-1.849,0.82
-1.949,1.394
-1.914,-0.403
-2.194,0.523
-2.182,-1.353
-2.184,0.561
-2.255,0.022
-2.194,0.546
-2.227,-1.055
-2.243,-0.314
-2.246,1.812
-2.269,-0.078
-2.296,-0.68
-2.29,1.855
-2.36,1.16
-2.398,2.053
-2.472,1.394
-2.465,1.589
-2.568,0.283
-2.559,0.853
-2.583,1.074
-2.614,1.072
-2.7,0.761
-3.041,1.582
-3.136,0.308
3.132,-0.197
-3.078,0.27
-3.123,-0.035
2.957,0.799
2.774,-0.25
2.664,2.107
2.659,-0.714
2.671,-0.411
2.656,1.75
2.535,-1.424
2.472,-0.399
2.371,-0.961
2.385,0.615
2.309,0.503
2.178,-0.608
2.087,0.432
2.077,2.336
2.043,2.425
1.977,-0.557
1.856,-0.541
1.753,1.792
1.724,-0.902
1.7,0.284
1.641,-1.737
1.14,-1.624
1.095,-1.748
0.64,-1.451
0.692,-1.518
0.444,-1.666
-0.865,-1.871
-1.198,-1.901
-1.275,-1.888
-1.568,-1.609
-2.008,-1.6
-2.032,-1.853
-2.379,-1.796
-2.382,-1.791
-2.6,-1.965
-2.771,-1.978
-3.1,-1.45
-3.128,-1.792
2.825,-1.63
2.869,-1.849
2.791,-1.837
2.645,-1.925
2.531,-1.608
1.812,-1.56
1.867,-1.523
1.55,2.425
1.096,2.742
0.898,2.935
0.658,2.635
-0.321,2.615
-1.345,2.668
-1.481,2.71
-1.794,2.939
2.758,2.565
2.611,2.69
2.502,2.641
2.191,2.497
2.237,2.954
2.183,2.575
2.243,2.681
2.16,2.598
1.957,2.611
1.189,2.351
1.122,0.834
2.796,-1.341
2.258,-0.58
-1.825,2.649
-2.171,2.601
1.721,0.575
1.546,2.344
1.495,-1.255
1.546,0.766
1.464,1.349
1.371,-0.132
1.374,-0.202
1.281,0.784
1.277,-1.013
0.956,2.452
0.891,-1.226
0.883,2.078
1.013,1.412
0.92,2.446
0.892,0.946
0.862,-0.674
1.022,0.357
1.022,-0.361
0.863,1.217
0.844,-0.012
0.843,0.954
0.801,-0.556
0.775,1.576
0.677,0.004
0.655,1.065
0.723,-0.434
0.682,0.21
0.517,-0.679
0.546,-0.98
0.322,-1.086
0.229,0.195
0.367,1.751
0.194,0.649
0.102,2.029
0.228,0.456
0.094,-0.518
-0.083,0.959
-0.249,2.204
-0.41,1.837
-0.5,2.071
-0.51,2.251
-0.591,0.339
-0.598,1.807
-0.487,1.139
-0.647,-0.117
-0.638,1.533
-0.791,1.249
-0.966,-1.163
-0.886,0.515
-0.894,2.528
-0.981,-0.813
-1.104,0.105
-1.143,0.62
-1.189,1.174
-1.1,-1.409
-1.224,0.839
-1.224,2.448
-1.156,-1.414
-1.285,0.113
-1.312,-1.418
-1.357,-0.331
-1.395,2.089
-1.443,1.306
-1.396,-0.986
-1.413,1.541
-1.417,-1.257
-1.581,0.76
-1.573,1.25
-1.697,2.148
-1.704,1.909
-1.604,-0.095
-1.864,-1.041
-1.728,-1.328
-1.801,-1.224
-1.912,-0.047
-1.989,1.853
-1.885,-0.437
-1.994,0.131
-2.129,-0.959
-2.39,1.704
-2.416,0.132
-2.514,0.798
-2.618,1.391
-2.688,1.061
-2.887,-0.055
-2.92,-1.359
-2.79,-1.124
-2.927,-0.972
-2.865,-1.251
-3.018,2.202
-2.936,-0.216
-3.019,-1.151
3.122,-0.928
-3.026,0.237
-3.076,0.794
2.836,0.097
2.856,0.306
2.619,-1.377
2.425,-1.317
2.453,0.144
2.225,0.346
2.111,-1.094
2.029,2.304
2.026,0.807
2.02,0.117
2.108,1.43
1.783,-0.185
1.874,-0.36
1.857,-0.929
1.691,-0.272
1.694,-1.78
1.225,-1.516
1.057,-1.54
1.024,-1.79
0.695,-1.884
0.181,-1.396
0.152,-1.645
0.136,-1.609
-0.013,-1.637
-1.017,-1.551
-1.069,-1.856
-1.431,-1.855
-1.349,-1.621
-1.769,-1.519
-2.003,-1.508
-3.073,-1.657
2.132,-1.557
1.963,-1.839
1.836,-1.508
0.576,2.775
-0.616,2.778
-0.589,2.938
-0.794,2.807
-0.979,2.571
-1.395,2.803
-2.536,2.736
-2.656,2.637
3.094,2.701
2.82,2.62
2.522,2.832
-0.269,-1.424
-2.926,-0.033
2.823,0.66
1.136,0.714
2.384,2.246
2.353,1.176
2.201,1.442
2.201,1.871
0.782,0.821
-0.435,0.906
-1.5,0.873
-1.837,0.915
-2.718,0.926
-3.013,-1.748
-2.924,2.543
-0.109,1.568
-0.069,0.781
-0.194,-1.187
-0.187,0.769
-0.272,2.004
-0.482,0.437
-0.481,-1.707
-0.629,-0.151
-0.649,1.028
-0.68,-1.13
-0.724,0.625
-0.678,0.857
-0.814,1.035
-0.804,1.629
-0.886,0.381
-0.922,0.288
-0.863,0.908
-0.973,1.109
-1.002,-0.343
-1.02,-0.306
-0.987,-1.041
-1.075,-1.109
-1.143,-1.536
-1.154,-0.908
-1.149,-0.662
-1.261,-1.674
-1.271,-1.118
-1.233,-0.286
-1.24,-0.01
-1.411,-0.537
-1.449,-1.269
-1.486,1.617
-1.588,1.513
-1.589,-0.457
-1.584,1.846
-1.584,1.275
-1.606,0.972
-1.766,1.013
-1.747,1.646
-1.784,0.762
-1.866,0.3
-1.966,0.874
-1.931,-0.923
-2.211,0.003
-2.199,-1.873
-2.201,0.041
-2.272,-0.498
-2.211,0.026
-2.244,-1.575
-2.26,-0.834
-2.263,1.292
-2.286,-0.598
-2.313,-1.2
-2.307,1.335
-2.377,0.64
-2.415,1.533
-2.489,0.874
-2.482,1.069
-2.585,-0.237
-2.576,0.333
-2.6,0.554
-2.631,0.552
-2.717,0.241
-3.058,1.062
3.13,-0.212
3.115,-0.717
-3.095,-0.25
-3.14,-0.555
2.94,0.279
2.757,-0.77
2.647,1.587
2.642,-1.234
2.654,-0.931
2.639,1.23
2.518,-1.944
2.455,-0.919
2.354,-1.481
2.368,0.095
2.292,-0.017
2.161,-1.128
2.07,-0.088
2.06,1.816
2.026,1.905
1.96,-1.077
1.839,-1.061
1.736,1.272
1.707,-1.422
1.683,-0.236
1.624,-2.257
1.123,-2.144
1.078,-2.268
0.623,-1.971
0.675,-2.038
0.427,-2.186
-0.882,-2.391
-1.215,-2.421
-1.292,-2.408
-1.585,-2.129
-2.025,-2.12
-2.049,-2.373
-2.396,-2.316
-2.399,-2.311
-2.617,-2.485
-2.788,-2.498
-3.117,-1.97
3.138,-2.312
2.808,-2.15
2.852,-2.369
2.774,-2.357
2.628,-2.445
2.514,-2.128
1.795,-2.08
1.85,-2.043
1.533,1.905
1.079,2.222
0.881,2.415
0.641,2.115
-0.338,2.095
-1.362,2.148
-1.498,2.19
-1.811,2.419
2.741,2.045
2.594,2.17
2.485,2.121
2.174,1.977
2.22,2.434
2.166,2.055
2.226,2.161
2.143,2.078
1.94,2.091
1.172,1.831
1.105,0.314
2.779,-1.861
2.241,-1.1
-1.842,2.129
-2.188,2.081
1.704,0.055
1.529,1.824
1.478,-1.775
1.529,0.246
1.447,0.829
1.354,-0.652
1.357,-0.722
1.264,0.264
1.26,-1.533
0.939,1.932
0.874,-1.746
0.866,1.558
0.996,0.892
0.903,1.926
0.875,0.426
0.845,-1.194
1.005,-0.163
1.005,-0.881
0.846,0.697
0.827,-0.532
0.826,0.434
0.784,-1.076
0.758,1.056
0.66,-0.516
0.638,0.545
0.706,-0.954
0.665,-0.31
0.5,-1.199
0.529,-1.5
0.305,-1.606
0.212,-0.325
0.35,1.231
0.177,0.129
0.085,1.509
0.211,-0.064
0.077,-1.038
-0.1,0.439
-0.266,1.684
-0.427,1.317
-0.517,1.551
-0.527,1.731
-0.608,-0.181
-0.615,1.287
-0.504,0.619
-0.664,-0.637
-0.655,1.013
-0.808,0.729
-0.983,-1.683
-0.903,-0.005
-0.911,2.008
-0.998,-1.333
-1.121,-0.415
-1.16,0.1
-1.206,0.654
-1.117,-1.929
-1.241,0.319
-1.241,1.928
-1.173,-1.934
-1.302,-0.407
-1.329,-1.938
-1.374,-0.851
-1.412,1.569
-1.46,0.786
-1.413,-1.506
-1.43,1.021
-1.434,-1.777
-1.598,0.24
-1.59,0.73
-1.714,1.628
-1.721,1.389
-1.621,-0.615
-1.881,-1.561
-1.745,-1.848
-1.818,-1.744
-1.929,-0.567
-2.006,1.333
-1.902,-0.957
-2.011,-0.389
-2.146,-1.479
-2.407,1.184
-2.433,-0.388
-2.531,0.278
-2.635,0.871
-2.705,0.541
-2.904,-0.575
-2.937,-1.879
-2.807,-1.644
-2.944,-1.492
-2.882,-1.771
-3.035,1.682
-2.953,-0.736
-3.036,-1.671
3.105,-1.448
-3.043,-0.283
-3.093,0.274
2.819,-0.423
2.839,-0.214
2.602,-1.897
2.408,-1.837
2.436,-0.376
2.208,-0.174
2.094,-1.614
2.012,1.784
2.009,0.287
2.003,-0.403
2.091,0.91
1.766,-0.705
1.857,-0.88
1.84,-1.449
1.674,-0.792
1.677,-2.3
1.208,-2.036
1.04,-2.06
1.007,-2.31
0.678,-2.404
0.164,-1.916
0.135,-2.165
0.119,-2.129
-0.03,-2.157
-1.034,-2.071
-1.086,-2.376
-1.448,-2.375
-1.366,-2.141
-1.786,-2.039
-2.02,-2.028
-3.09,-2.177
2.115,-2.077
1.946,-2.359
1.819,-2.028
0.559,2.255
-0.633,2.258
-0.606,2.418
-0.811,2.287
-0.996,2.051
-1.412,2.283
-2.553,2.216
-2.673,2.117
3.077,2.181
2.803,2.1
2.505,2.312
-0.286,-1.944
-2.943,-0.553
2.806,0.14
1.119,0.194
2.367,1.726
2.336,0.656
2.184,0.922
2.184,1.351
0.765,0.301
-0.452,0.386
-1.517,0.353
-1.854,0.395
-2.735,0.406
-3.03,-2.268
-2.941,2.023
0.04,-0.787
-0.085,-2.755
-0.078,-0.799
-0.163,0.436
-0.373,-1.131
-0.372,-3.275
-0.52,-1.719
-0.54,-0.54
-0.571,-2.698
-0.615,-0.943
-0.569,-0.711
-0.705,-0.533
-0.695,0.061
-0.777,-1.187
-0.813,-1.28
-0.754,-0.66
-0.864,-0.459
-0.893,-1.911
-0.911,-1.874
-0.878,-2.609
-0.966,-2.677
-1.034,-3.104
-1.045,-2.476
-1.04,-2.23
-1.152,-3.242
-1.162,-2.686
-1.124,-1.854
-1.131,-1.578
-1.302,-2.105
-1.34,-2.837
-1.377,0.049
-1.479,-0.055
-1.48,-2.025
-1.475,0.278
-1.475,-0.293
-1.497,-0.596
-1.657,-0.555
-1.638,0.078
-1.675,-0.806
-1.757,-1.268
-1.857,-0.694
-1.822,-2.491
-2.102,-1.565
-2.09,-3.441
-2.092,-1.527
-2.163,-2.066
-2.102,-1.542
-2.135,-3.143
-2.151,-2.402
-2.154,-0.276
-2.177,-2.166
-2.204,-2.768
-2.198,-0.233
-2.268,-0.928
-2.306,-0.035
-2.38,-0.694
-2.373,-0.499
-2.476,-1.805
-2.467,-1.235
-2.491,-1.014
-2.522,-1.016
-2.608,-1.327
-2.949,-0.506
-3.044,-1.78
-3.059,-2.285
-2.986,-1.818
-3.031,-2.123
3.049,-1.289
2.866,-2.338
2.756,0.019
2.751,-2.802
2.763,-2.499
2.748,-0.338
2.627,-3.512
2.564,-2.487
2.463,-3.049
2.477,-1.473
2.401,-1.585
2.27,-2.696
2.179,-1.656
2.169,0.248
2.135,0.337
2.069,-2.645
1.948,-2.629
1.845,-0.296
1.816,-2.99
1.792,-1.804
1.733,-3.825
1.232,-3.712
1.187,-3.836
0.732,-3.539
0.784,-3.606
0.536,-3.754
-0.773,-3.959
-1.106,-3.989
-1.183,-3.976
-1.476,-3.697
-1.916,-3.688
-1.94,-3.941
-2.287,-3.884
-2.29,-3.879
-2.508,-4.053
-2.679,-4.066
-3.008,-3.538
-3.036,-3.88
2.917,-3.718
2.961,-3.937
2.883,-3.925
2.737,-4.013
2.623,-3.696
1.904,-3.648
1.959,-3.611
1.642,0.337
1.188,0.654
0.99,0.847
0.75,0.547
-0.229,0.527
-1.253,0.58
-1.389,0.622
-1.702,0.851
2.85,0.477
2.703,0.602
2.594,0.553
2.283,0.409
2.329,0.866
2.275,0.487
2.335,0.593
2.252,0.51
2.049,0.523
1.281,0.263
1.214,-1.254
2.888,-3.429
2.35,-2.668
-1.733,0.561
-2.079,0.513
1.813,-1.513
1.638,0.256
1.587,-3.343
1.638,-1.322
1.556,-0.739
1.463,-2.22
1.466,-2.29
1.373,-1.304
1.369,-3.101
1.048,0.364
0.983,-3.314
0.975,-0.01
1.105,-0.676
1.012,0.358
0.984,-1.142
0.954,-2.762
1.114,-1.731
1.114,-2.449
0.955,-0.871
0.936,-2.1
0.935,-1.134
0.893,-2.644
0.867,-0.512
0.769,-2.084
0.747,-1.023
0.815,-2.522
0.774,-1.878
0.609,-2.767
0.638,-3.068
0.414,-3.174
0.321,-1.893
0.459,-0.337
0.286,-1.439
0.194,-0.059
0.32,-1.632
0.186,-2.606
0.009,-1.129
-0.157,0.116
-0.318,-0.251
-0.408,-0.017
-0.418,0.163
-0.499,-1.749
-0.506,-0.281
-0.395,-0.949
-0.555,-2.205
-0.546,-0.555
-0.699,-0.839
-0.874,-3.251
-0.794,-1.573
-0.802,0.44
-0.889,-2.901
-1.012,-1.983
-1.051,-1.468
-1.097,-0.914
-1.008,-3.497
-1.132,-1.249
-1.132,0.36
-1.064,-3.502
-1.193,-1.975
-1.22,-3.506
-1.265,-2.419
-1.303,0.001
-1.351,-0.782
-1.304,-3.074
-1.321,-0.547
-1.325,-3.345
-1.489,-1.328
-1.481,-0.838
-1.605,0.06
-1.612,-0.179
-1.512,-2.183
-1.772,-3.129
-1.636,-3.416
-1.709,-3.312
-1.82,-2.135
-1.897,-0.235
-1.793,-2.525
-1.902,-1.957
-2.037,-3.047
-2.298,-0.384
-2.324,-1.956
-2.422,-1.29
-2.526,-0.697
-2.596,-1.027
-2.795,-2.143
-2.828,-3.447
-2.698,-3.212
-2.835,-3.06
-2.773,-3.339
-2.926,0.114
-2.844,-2.304
-2.927,-3.239
-3.069,-3.016
-2.934,-1.851
-2.984,-1.294
2.928,-1.991
2.948,-1.782
2.711,-3.465
2.517,-3.405
2.545,-1.944
2.317,-1.742
2.203,-3.182
2.121,0.216
2.118,-1.281
2.112,-1.971
2.2,-0.658
1.875,-2.273
1.966,-2.448
1.949,-3.017
1.783,-2.36
1.786,-3.868
1.317,-3.604
1.149,-3.628
1.116,-3.878
0.787,-3.972
0.273,-3.484
0.244,-3.733
0.228,-3.697
0.079,-3.725
-0.925,-3.639
-0.977,-3.944
-1.339,-3.943
-1.257,-3.709
-1.677,-3.607
-1.911,-3.596
-2.981,-3.745
2.224,-3.645
2.055,-3.927
1.928,-3.596
0.668,0.687
-0.524,0.69
-0.497,0.85
-0.702,0.719
-0.887,0.483
-1.303,0.715
-2.444,0.648
-2.564,0.549
-3.097,0.613
2.912,0.532
2.614,0.744
-0.177,-3.512
-2.834,-2.121
2.915,-1.428
1.228,-1.374
2.476,0.158
2.445,-0.912
2.293,-0.646
2.293,-0.217
0.874,-1.267
-0.343,-1.182
-1.408,-1.215
-1.745,-1.173
-2.626,-1.162
-2.921,-3.836
-2.832,0.455
-0.125,-1.968
-0.118,-0.012
-0.203,1.223
-0.413,-0.344
-0.412,-2.488
-0.56,-0.932
-0.58,0.247
-0.611,-1.911
-0.655,-0.156
-0.609,0.076
-0.745,0.254
-0.735,0.848
-0.817,-0.4
-0.853,-0.493
-0.794,0.127
-0.904,0.328
-0.933,-1.124
-0.951,-1.087
-0.918,-1.822
-1.006,-1.89
-1.074,-2.317
-1.085,-1.689
-1.08,-1.443
-1.192,-2.455
-1.202,-1.899
-1.164,-1.067
-1.171,-0.791
-1.342,-1.318
-1.38,-2.05
-1.417,0.836
-1.519,0.732
-1.52,-1.238
-1.515,1.065
-1.515,0.494
-1.537,0.191
-1.697,0.232
-1.678,0.865
-1.715,-0.019
-1.797,-0.481
-1.897,0.093
-1.862,-1.704
-2.142,-0.778
-2.13,-2.654
-2.132,-0.74
-2.203,-1.279
-2.142,-0.755
-2.175,-2.356
-2.191,-1.615
-2.194,0.511
-2.217,-1.379
-2.244,-1.981
-2.238,0.554
-2.308,-0.141
-2.346,0.752
-2.42,0.093
-2.413,0.288
-2.516,-1.018
-2.507,-0.448
-2.531,-0.227
-2.562,-0.229
-2.648,-0.54
-2.989,0.281
-3.084,-0.993
-3.099,-1.498
-3.026,-1.031
-3.071,-1.336
3.009,-0.502
2.826,-1.551
2.716,0.806
2.711,-2.015
2.723,-1.712
2.708,0.449
2.587,-2.725
2.524,-1.7
2.423,-2.262
2.437,-0.686
2.361,-0.798
2.23,-1.909
2.139,-0.869
2.129,1.035
2.095,1.124
2.029,-1.858
1.908,-1.842
1.805,0.491
1.776,-2.203
1.752,-1.017
1.693,-3.038
1.192,-2.925
1.147,-3.049
0.692,-2.752
0.744,-2.819
0.496,-2.967
-0.813,-3.172
-1.146,-3.202
-1.223,-3.189
-1.516,-2.91
-1.956,-2.901
-1.98,-3.154
-2.327,-3.097
-2.33,-3.092
-2.548,-3.266
-2.719,-3.279
-3.048,-2.751
-3.076,-3.093
2.877,-2.931
2.921,-3.15
2.843,-3.138
2.697,-3.226
2.583,-2.909
1.864,-2.861
1.919,-2.824
1.602,1.124
1.148,1.441
0.95,1.634
0.71,1.334
-0.269,1.314
-1.293,1.367
-1.429,1.409
-1.742,1.638
2.81,1.264
2.663,1.389
2.554,1.34
2.243,1.196
2.289,1.653
2.235,1.274
2.295,1.38
2.212,1.297
2.009,1.31
1.241,1.05
1.174,-0.467
2.848,-2.642
2.31,-1.881
-1.773,1.348
-2.119,1.3
1.773,-0.726
1.598,1.043
1.547,-2.556
1.598,-0.535
1.516,0.048
1.423,-1.433
1.426,-1.503
1.333,-0.517
1.329,-2.314
1.008,1.151
0.943,-2.527
0.935,0.777
1.065,0.111
0.972,1.145
0.944,-0.355
0.914,-1.975
1.074,-0.944
1.074,-1.662
0.915,-0.084
0.896,-1.313
0.895,-0.347
0.853,-1.857
0.827,0.275
0.729,-1.297
0.707,-0.236
0.775,-1.735
0.734,-1.091
0.569,-1.98
0.598,-2.281
0.374,-2.387
0.281,-1.106
0.419,0.45
0.246,-0.652
0.154,0.728
0.28,-0.845
0.146,-1.819
-0.031,-0.342
-0.197,0.903
-0.358,0.536
-0.448,0.77
-0.458,0.95
-0.539,-0.962
-0.546,0.506
-0.435,-0.162
-0.595,-1.418
-0.586,0.232
-0.739,-0.052
-0.914,-2.464
-0.834,-0.786
-0.842,1.227
-0.929,-2.114
-1.052,-1.196
-1.091,-0.681
-1.137,-0.127
-1.048,-2.71
-1.172,-0.462
-1.172,1.147
-1.104,-2.715
-1.233,-1.188
-1.26,-2.719
-1.305,-1.632
-1.343,0.788
-1.391,0.005
-1.344,-2.287
-1.361,0.24
-1.365,-2.558
-1.529,-0.541
-1.521,-0.051
-1.645,0.847
-1.652,0.608
-1.552,-1.396
-1.812,-2.342
-1.676,-2.629
-1.749,-2.525
-1.86,-1.348
-1.937,0.552
-1.833,-1.738
-1.942,-1.17
-2.077,-2.26
-2.338,0.403
-2.364,-1.169
-2.462,-0.503
-2.566,0.09
-2.636,-0.24
-2.835,-1.356
-2.868,-2.66
-2.738,-2.425
-2.875,-2.273
-2.813,-2.552
-2.966,0.901
-2.884,-1.517
-2.967,-2.452
-3.109,-2.229
-2.974,-1.064
-3.024,-0.507
2.888,-1.204
2.908,-0.995
2.671,-2.678
2.477,-2.618
2.505,-1.157
2.277,-0.955
2.163,-2.395
2.081,1.003
2.078,-0.494
2.072,-1.184
2.16,0.129
1.835,-1.486
1.926,-1.661
1.909,-2.23
1.743,-1.573
1.746,-3.081
1.277,-2.817
1.109,-2.841
1.076,-3.091
0.747,-3.185
0.233,-2.697
0.204,-2.946
0.188,-2.91
0.039,-2.938
-0.965,-2.852
-1.017,-3.157
-1.379,-3.156
-1.297,-2.922
-1.717,-2.82
-1.951,-2.809
-3.021,-2.958
2.184,-2.858
2.015,-3.14
1.888,-2.809
0.628,1.474
-0.564,1.477
-0.537,1.637
-0.742,1.506
-0.927,1.27
-1.343,1.502
-2.484,1.435
-2.604,1.336
-3.137,1.4
2.872,1.319
2.574,1.531
-0.217,-2.725
-2.874,-1.334
2.875,-0.641
1.188,-0.587
2.436,0.945
2.405,-0.125
2.253,0.141
2.253,0.57
0.834,-0.48
-0.383,-0.395
-1.448,-0.428
-1.785,-0.386
-2.666,-0.375
-2.961,-3.049
-2.872,1.242
0.007,1.956
-0.078,3.191
-0.288,1.624
-0.287,-0.52
-0.435,1.036
-0.455,2.215
-0.486,0.057
-0.53,1.812
-0.484,2.044
-0.62,2.222
-0.61,2.816
-0.692,1.568
-0.728,1.475
-0.669,2.095
-0.779,2.296
-0.808,0.844
-0.826,0.881
-0.793,0.146
-0.881,0.078
-0.949,-0.349
-0.96,0.279
-0.955,0.525
-1.067,-0.487
-1.077,0.069
-1.039,0.901
-1.046,1.177
-1.217,0.65
-1.255,-0.082
-1.292,2.804
-1.394,2.7
-1.395,0.73
-1.39,3.033
-1.39,2.462
-1.412,2.159
-1.572,2.2
-1.553,2.833
-1.59,1.949
-1.672,1.487
-1.772,2.061
-1.737,0.264
-2.017,1.19
-2.005,-0.686
-2.007,1.228
-2.078,0.689
-2.017,1.213
-2.05,-0.388
-2.066,0.353
-2.069,2.479
-2.092,0.589
-2.119,-0.013
-2.113,2.522
-2.183,1.827
-2.221,2.72
-2.295,2.061
-2.288,2.256
-2.391,0.95
-2.382,1.52
-2.406,1.741
-2.437,1.739
-2.523,1.428
-2.864,2.249
-2.959,0.975
-2.974,0.47
-2.901,0.937
-2.946,0.632
3.134,1.466
2.951,0.417
2.841,2.774
2.836,-0.047
2.848,0.256
2.833,2.417
2.712,-0.757
2.649,0.268
2.548,-0.294
2.562,1.282
2.486,1.17
2.355,0.059
2.264,1.099
2.254,3.003
2.22,3.092
2.154,0.11
2.033,0.126
1.93,2.459
1.901,-0.235
1.877,0.951
1.818,-1.07
1.317,-0.957
1.272,-1.081
0.817,-0.784
0.869,-0.851
0.621,-0.999
-0.688,-1.204
-1.021,-1.234
-1.098,-1.221
-1.391,-0.942
-1.831,-0.933
-1.855,-1.186
-2.202,-1.129
-2.205,-1.124
-2.423,-1.298
-2.594,-1.311
-2.923,-0.783
-2.951,-1.125
3.002,-0.963
3.046,-1.182
2.968,-1.17
2.822,-1.258
2.708,-0.941
1.989,-0.893
2.044,-0.856
1.727,3.092
1.273,3.409
1.075,3.602
0.835,3.302
-0.144,3.282
-1.168,3.335
-1.304,3.377
-1.617,3.606
2.935,3.232
2.788,3.357
2.679,3.308
2.368,3.164
2.414,3.621
2.36,3.242
2.42,3.348
2.337,3.265
2.134,3.278
1.366,3.018
1.299,1.501
2.973,-0.674
2.435,0.087
-1.648,3.316
-1.994,3.268
1.898,1.242
1.723,3.011
1.672,-0.588
1.723,1.433
1.641,2.016
1.548,0.535
1.551,0.465
1.458,1.451
1.454,-0.346
1.133,3.119
1.068,-0.559
1.06,2.745
1.19,2.079
1.097,3.113
1.069,1.613
1.039,-0.007
1.199,1.024
1.199,0.306
1.04,1.884
1.021,0.655
1.02,1.621
0.978,0.111
0.952,2.243
0.854,0.671
0.832,1.732
0.9,0.233
0.859,0.877
0.694,-0.012
0.723,-0.313
0.499,-0.419
0.406,0.862
0.544,2.418
0.371,1.316
0.279,2.696
0.405,1.123
0.271,0.149
0.094,1.626
-0.072,2.871
-0.233,2.504
-0.323,2.738
-0.333,2.918
-0.414,1.006
-0.421,2.474
-0.31,1.806
-0.47,0.55
-0.461,2.2
-0.614,1.916
-0.789,-0.496
-0.709,1.182
-0.717,3.195
-0.804,-0.146
-0.927,0.772
-0.966,1.287
-1.012,1.841
-0.923,-0.742
-1.047,1.506
-1.047,3.115
-0.979,-0.747
-1.108,0.78
-1.135,-0.751
-1.18,0.336
-1.218,2.756
-1.266,1.973
-1.219,-0.319
-1.236,2.208
-1.24,-0.59
-1.404,1.427
-1.396,1.917
-1.52,2.815
-1.527,2.576
-1.427,0.572
-1.687,-0.374
-1.551,-0.661
-1.624,-0.557
-1.735,0.62
-1.812,2.52
-1.708,0.23
-1.817,0.798
-1.952,-0.292
-2.213,2.371
-2.239,0.799
-2.337,1.465
-2.441,2.058
-2.511,1.728
-2.71,0.612
-2.743,-0.692
-2.613,-0.457
-2.75,-0.305
-2.688,-0.584
-2.841,2.869
-2.759,0.451
-2.842,-0.484
-2.984,-0.261
-2.849,0.904
-2.899,1.461
3.013,0.764
3.033,0.973
2.796,-0.71
2.602,-0.65
2.63,0.811
2.402,1.013
2.288,-0.427
2.206,2.971
2.203,1.474
2.197,0.784
2.285,2.097
1.96,0.482
2.051,0.307
2.034,-0.262
1.868,0.395
1.871,-1.113
1.402,-0.849
1.234,-0.873
1.201,-1.123
0.872,-1.217
0.358,-0.729
0.329,-0.978
0.313,-0.942
0.164,-0.97
-0.84,-0.884
-0.892,-1.189
-1.254,-1.188
-1.172,-0.954
-1.592,-0.852
-1.826,-0.841
-2.896,-0.99
2.309,-0.89
2.14,-1.172
2.013,-0.841
0.753,3.442
-0.439,3.445
-0.412,3.605
-0.617,3.474
-0.802,3.238
-1.218,3.47
-2.359,3.403
-2.479,3.304
-3.012,3.368
2.997,3.287
2.699,3.499
-0.092,-0.757
-2.749,0.634
3.0,1.327
1.313,1.381
2.561,2.913
2.53,1.843
2.378,2.109
2.378,2.538
0.959,1.488
-0.258,1.573
-1.323,1.54
-1.66,1.582
-2.541,1.593
-2.836,-1.081
-2.747,3.21
-0.085,1.235
-0.295,-0.332
-0.294,-2.476
-0.442,-0.92
-0.462,0.259
-0.493,-1.899
-0.537,-0.144
-0.491,0.088
-0.627,0.266
-0.617,0.86
-0.699,-0.388
-0.735,-0.481
-0.676,0.139
-0.786,0.34
-0.815,-1.112
-0.833,-1.075
-0.8,-1.81
-0.888,-1.878
-0.956,-2.305
-0.967,-1.677
-0.962,-1.431
-1.074,-2.443
-1.084,-1.887
-1.046,-1.055
-1.053,-0.779
-1.224,-1.306
-1.262,-2.038
-1.299,0.848
-1.401,0.744
-1.402,-1.226
-1.397,1.077
-1.397,0.506
-1.419,0.203
-1.579,0.244
-1.56,0.877
-1.597,-0.007
-1.679,-0.469
-1.779,0.105
-1.744,-1.692
-2.024,-0.766
-2.012,-2.642
-2.014,-0.728
-2.085,-1.267
-2.024,-0.743
-2.057,-2.344
-2.073,-1.603
-2.076,0.523
-2.099,-1.367
-2.126,-1.969
-2.12,0.566
-2.19,-0.129
-2.228,0.764
-2.302,0.105
-2.295,0.3
-2.398,-1.006
-2.389,-0.436
-2.413,-0.215
-2.444,-0.217
-2.53,-0.528
-2.871,0.293
-2.966,-0.981
-2.981,-1.486
-2.908,-1.019
-2.953,-1.324
3.127,-0.49
2.944,-1.539
2.834,0.818
2.829,-2.003
2.841,-1.7
2.826,0.461
2.705,-2.713
2.642,-1.688
2.541,-2.25
2.555,-0.674
2.479,-0.786
2.348,-1.897
2.257,-0.857
2.247,1.047
2.213,1.136
2.147,-1.846
2.026,-1.83
1.923,0.503
1.894,-2.191
1.87,-1.005
1.811,-3.026
1.31,-2.913
1.265,-3.037
0.81,-2.74
0.862,-2.807
0.614,-2.955
-0.695,-3.16
-1.028,-3.19
-1.105,-3.177
-1.398,-2.898
-1.838,-2.889
-1.862,-3.142
-2.209,-3.085
-2.212,-3.08
-2.43,-3.254
-2.601,-3.267
-2.93,-2.739
-2.958,-3.081
2.995,-2.919
3.039,-3.138
2.961,-3.126
2.815,-3.214
2.701,-2.897
1.982,-2.849
2.037,-2.812
1.72,1.136
1.266,1.453
1.068,1.646
0.828,1.346
-0.151,1.326
-1.175,1.379
-1.311,1.421
-1.624,1.65
2.928,1.276
2.781,1.401
2.672,1.352
2.361,1.208
2.407,1.665
2.353,1.286
2.413,1.392
2.33,1.309
2.127,1.322
1.359,1.062
1.292,-0.455
2.966,-2.63
2.428,-1.869
-1.655,1.36
-2.001,1.312
1.891,-0.714
1.716,1.055
1.665,-2.544
1.716,-0.523
1.634,0.06
1.541,-1.421
1.544,-1.491
1.451,-0.505
1.447,-2.302
1.126,1.163
1.061,-2.515
1.053,0.789
1.183,0.123
1.09,1.157
1.062,-0.343
1.032,-1.963
1.192,-0.932
1.192,-1.65
1.033,-0.072
1.014,-1.301
1.013,-0.335
0.971,-1.845
0.945,0.287
0.847,-1.285
0.825,-0.224
0.893,-1.723
0.852,-1.079
0.687,-1.968
0.716,-2.269
0.492,-2.375
0.399,-1.094
0.537,0.462
0.364,-0.64
0.272,0.74
0.398,-0.833
0.264,-1.807
0.087,-0.33
-0.079,0.915
-0.24,0.548
-0.33,0.782
-0.34,0.962
-0.421,-0.95
-0.428,0.518
-0.317,-0.15
-0.477,-1.406
-0.468,0.244
-0.621,-0.04
-0.796,-2.452
-0.716,-0.774
-0.724,1.239
-0.811,-2.102
-0.934,-1.184
-0.973,-0.669
-1.019,-0.115
-0.93,-2.698
-1.054,-0.45
-1.054,1.159
-0.986,-2.703
-1.115,-1.176
-1.142,-2.707
-1.187,-1.62
-1.225,0.8
-1.273,0.017
-1.226,-2.275
-1.243,0.252
-1.247,-2.546
-1.411,-0.529
-1.403,-0.039
-1.527,0.859
-1.534,0.62
-1.434,-1.384
-1.694,-2.33
-1.558,-2.617
-1.631,-2.513
-1.742,-1.336
-1.819,0.564
-1.715,-1.726
-1.824,-1.158
-1.959,-2.248
-2.22,0.415
-2.246,-1.157
-2.344,-0.491
-2.448,0.102
-2.518,-0.228
-2.717,-1.344
-2.75,-2.648
-2.62,-2.413
-2.757,-2.261
-2.695,-2.54
-2.848,0.913
-2.766,-1.505
-2.849,-2.44
-2.991,-2.217
-2.856,-1.052
-2.906,-0.495
3.006,-1.192
3.026,-0.983
2.789,-2.666
2.595,-2.606
2.623,-1.145
2.395,-0.943
2.281,-2.383
2.199,1.015
2.196,-0.482
2.19,-1.172
2.278,0.141
1.953,-1.474
2.044,-1.649
2.027,-2.218
1.861,-1.561
1.864,-3.069
1.395,-2.805
1.227,-2.829
1.194,-3.079
0.865,-3.173
0.351,-2.685
0.322,-2.934
0.306,-2.898
0.157,-2.926
-0.847,-2.84
-0.899,-3.145
-1.261,-3.144
-1.179,-2.91
-1.599,-2.808
-1.833,-2.797
-2.903,-2.946
2.302,-2.846
2.133,-3.128
2.006,-2.797
0.746,1.486
-0.446,1.489
-0.419,1.649
-0.624,1.518
-0.809,1.282
-1.225,1.514
-2.366,1.447
-2.486,1.348
-3.019,1.412
2.99,1.331
2.692,1.543
-0.099,-2.713
-2.756,-1.322
2.993,-0.629
1.306,-0.575
2.554,0.957
2.523,-0.113
2.371,0.153
2.371,0.582
0.952,-0.468
-0.265,-0.383
-1.33,-0.416
-1.667,-0.374
-2.548,-0.363
-2.843,-3.037
-2.754,1.254
-0.21,-1.567
-0.209,-3.711
-0.357,-2.155
-0.377,-0.976
-0.408,-3.134
-0.452,-1.379
-0.406,-1.147
-0.542,-0.969
-0.532,-0.375
-0.614,-1.623
-0.65,-1.716
-0.591,-1.096
-0.701,-0.895
-0.73,-2.347
-0.748,-2.31
-0.715,-3.045
-0.803,-3.113
-0.871,-3.54
-0.882,-2.912
-0.877,-2.666
-0.989,-3.678
-0.999,-3.122
-0.961,-2.29
-0.968,-2.014
-1.139,-2.541
-1.177,-3.273
-1.214,-0.387
-1.316,-0.491
-1.317,-2.461
-1.312,-0.158
-1.312,-0.729
-1.334,-1.032
-1.494,-0.991
-1.475,-0.358
-1.512,-1.242
-1.594,-1.704
-1.694,-1.13
-1.659,-2.927
-1.939,-2.001
-1.927,-3.877
-1.929,-1.963
-2.0,-2.502
-1.939,-1.978
-1.972,-3.579
-1.988,-2.838
-1.991,-0.712
-2.014,-2.602
-2.041,-3.204
-2.035,-0.669
-2.105,-1.364
-2.143,-0.471
-2.217,-1.13
-2.21,-0.935
-2.313,-2.241
-2.304,-1.671
-2.328,-1.45
-2.359,-1.452
-2.445,-1.763
-2.786,-0.942
-2.881,-2.216
-2.896,-2.721
-2.823,-2.254
-2.868,-2.559
-3.071,-1.725
3.029,-2.774
2.919,-0.417
2.914,-3.238
2.926,-2.935
2.911,-0.774
2.79,-3.948
2.727,-2.923
2.626,-3.485
2.64,-1.909
2.564,-2.021
2.433,-3.132
2.342,-2.092
2.332,-0.188
2.298,-0.099
2.232,-3.081
2.111,-3.065
2.008,-0.732
1.979,-3.426
1.955,-2.24
1.896,-4.261
1.395,-4.148
1.35,-4.272
0.895,-3.975
0.947,-4.042
0.699,-4.19
-0.61,-4.395
-0.943,-4.425
-1.02,-4.412
-1.313,-4.133
-1.753,-4.124
-1.777,-4.377
-2.124,-4.32
-2.127,-4.315
-2.345,-4.489
-2.516,-4.502
-2.845,-3.974
-2.873,-4.316
3.08,-4.154
3.124,-4.373
3.046,-4.361
2.9,-4.449
2.786,-4.132
2.067,-4.084
2.122,-4.047
1.805,-0.099
1.351,0.218
1.153,0.411
0.913,0.111
-0.066,0.091
-1.09,0.144
-1.226,0.186
-1.539,0.415
3.013,0.041
2.866,0.166
2.757,0.117
2.446,-0.027
2.492,0.43
2.438,0.051
2.498,0.157
2.415,0.074
2.212,0.087
1.444,-0.173
1.377,-1.69
3.051,-3.865
2.513,-3.104
-1.57,0.125
-1.916,0.077
1.976,-1.949
1.801,-0.18
1.75,-3.779
1.801,-1.758
1.719,-1.175
1.626,-2.656
1.629,-2.726
1.536,-1.74
1.532,-3.537
1.211,-0.072
1.146,-3.75
1.138,-0.446
1.268,-1.112
1.175,-0.078
1.147,-1.578
1.117,-3.198
1.277,-2.167
1.277,-2.885
1.118,-1.307
1.099,-2.536
1.098,-1.57
1.056,-3.08
1.03,-0.948
0.932,-2.52
0.91,-1.459
0.978,-2.958
0.937,-2.314
0.772,-3.203
0.801,-3.504
0.577,-3.61
0.484,-2.329
0.622,-0.773
0.449,-1.875
0.357,-0.495
0.483,-2.068
0.349,-3.042
0.172,-1.565
0.006,-0.32
-0.155,-0.687
-0.245,-0.453
-0.255,-0.273
-0.336,-2.185
-0.343,-0.717
-0.232,-1.385
-0.392,-2.641
-0.383,-0.991
-0.536,-1.275
-0.711,-3.687
-0.631,-2.009
-0.639,0.004
-0.726,-3.337
-0.849,-2.419
-0.888,-1.904
-0.934,-1.35
-0.845,-3.933
-0.969,-1.685
-0.969,-0.076
-0.901,-3.938
-1.03,-2.411
-1.057,-3.942
-1.102,-2.855
-1.14,-0.435
-1.188,-1.218
-1.141,-3.51
-1.158,-0.983
-1.162,-3.781
-1.326,-1.764
-1.318,-1.274
-1.442,-0.376
-1.449,-0.615
-1.349,-2.619
-1.609,-3.565
-1.473,-3.852
-1.546,-3.748
-1.657,-2.571
-1.734,-0.671
-1.63,-2.961
-1.739,-2.393
-1.874,-3.483
-2.135,-0.82
-2.161,-2.392
-2.259,-1.726
-2.363,-1.133
-2.433,-1.463
-2.632,-2.579
-2.665,-3.883
-2.535,-3.648
-2.672,-3.496
-2.61,-3.775
-2.763,-0.322
-2.681,-2.74
-2.764,-3.675
-2.906,-3.452
-2.771,-2.287
-2.821,-1.73
3.091,-2.427
3.111,-2.218
2.874,-3.901
2.68,-3.841
2.708,-2.38
2.48,-2.178
2.366,-3.618
2.284,-0.22
2.281,-1.717
2.275,-2.407
2.363,-1.094
2.038,-2.709
2.129,-2.884
2.112,-3.453
1.946,-2.796
1.949,-4.304
1.48,-4.04
1.312,-4.064
1.279,-4.314
0.95,-4.408
0.436,-3.92
0.407,-4.169
0.391,-4.133
0.242,-4.161
-0.762,-4.075
-0.814,-4.38
-1.176,-4.379
-1.094,-4.145
-1.514,-4.043
-1.748,-4.032
-2.818,-4.181
2.387,-4.081
2.218,-4.363
2.091,-4.032
0.831,0.251
-0.361,0.254
-0.334,0.414
-0.539,0.283
-0.724,0.047
-1.14,0.279
-2.281,0.212
-2.401,0.113
-2.934,0.177
3.075,0.096
2.777,0.308
-0.014,-3.948
-2.671,-2.557
3.078,-1.864
1.391,-1.81
2.639,-0.278
2.608,-1.348
2.456,-1.082
2.456,-0.653
1.037,-1.703
-0.18,-1.618
-1.245,-1.651
-1.582,-1.609
-2.463,-1.598
-2.758,-4.272
-2.669,0.019
0.001,-2.144
-0.147,-0.588
-0.167,0.591
-0.198,-1.567
-0.242,0.188
-0.196,0.42
-0.332,0.598
-0.322,1.192
-0.404,-0.056
-0.44,-0.149
-0.381,0.471
-0.491,0.672
-0.52,-0.78
-0.538,-0.743
-0.505,-1.478
-0.593,-1.546
-0.661,-1.973
-0.672,-1.345
-0.667,-1.099
-0.779,-2.111
-0.789,-1.555
-0.751,-0.723
-0.758,-0.447
-0.929,-0.974
-0.967,-1.706
-1.004,1.18
-1.106,1.076
-1.107,-0.894
-1.102,1.409
-1.102,0.838
-1.124,0.535
-1.284,0.576
-1.265,1.209
-1.302,0.325
-1.384,-0.137
-1.484,0.437
-1.449,-1.36
-1.729,-0.434
-1.717,-2.31
-1.719,-0.396
-1.79,-0.935
-1.729,-0.411
-1.762,-2.012
-1.778,-1.271
-1.781,0.855
-1.804,-1.035
-1.831,-1.637
-1.825,0.898
-1.895,0.203
-1.933,1.096
-2.007,0.437
-2.0,0.632
-2.103,-0.674
-2.094,-0.104
-2.118,0.117
-2.149,0.115
-2.235,-0.196
-2.576,0.625
-2.671,-0.649
-2.686,-1.154
-2.613,-0.687
-2.658,-0.992
-2.861,-0.158
-3.044,-1.207
3.129,1.15
3.124,-1.671
3.136,-1.368
3.121,0.793
3.0,-2.381
2.937,-1.356
2.836,-1.918
2.85,-0.342
2.774,-0.454
2.643,-1.565
2.552,-0.525
2.542,1.379
2.508,1.468
2.442,-1.514
2.321,-1.498
2.218,0.835
2.189,-1.859
2.165,-0.673
2.106,-2.694
1.605,-2.581
1.56,-2.705
1.105,-2.408
1.157,-2.475
0.909,-2.623
-0.4,-2.828
-0.733,-2.858
-0.81,-2.845
-1.103,-2.566
-1.543,-2.557
-1.567,-2.81
-1.914,-2.753
-1.917,-2.748
-2.135,-2.922
-2.306,-2.935
-2.635,-2.407
-2.663,-2.749
-2.993,-2.587
-2.949,-2.806
-3.027,-2.794
3.11,-2.882
2.996,-2.565
2.277,-2.517
2.332,-2.48
2.015,1.468
1.561,1.785
1.363,1.978
1.123,1.678
0.144,1.658
-0.88,1.711
-1.016,1.753
-1.329,1.982
-3.06,1.608
3.076,1.733
2.967,1.684
2.656,1.54
2.702,1.997
2.648,1.618
2.708,1.724
2.625,1.641
2.422,1.654
1.654,1.394
1.587,-0.123
-3.022,-2.298
2.723,-1.537
-1.36,1.692
-1.706,1.644
2.186,-0.382
2.011,1.387
1.96,-2.212
2.011,-0.191
1.929,0.392
1.836,-1.089
1.839,-1.159
1.746,-0.173
1.742,-1.97
1.421,1.495
1.356,-2.183
1.348,1.121
1.478,0.455
1.385,1.489
1.357,-0.011
1.327,-1.631
1.487,-0.6
1.487,-1.318
1.328,0.26
1.309,-0.969
1.308,-0.003
1.266,-1.513
1.24,0.619
1.142,-0.953
1.12,0.108
1.188,-1.391
1.147,-0.747
0.982,-1.636
1.011,-1.937
0.787,-2.043
0.694,-0.762
0.832,0.794
0.659,-0.308
0.567,1.072
0.693,-0.501
0.559,-1.475
0.382,0.002
0.216,1.247
0.055,0.88
-0.035,1.114
-0.045,1.294
-0.126,-0.618
-0.133,0.85
-0.022,0.182
-0.182,-1.074
-0.173,0.576
-0.326,0.292
-0.501,-2.12
-0.421,-0.442
-0.429,1.571
-0.516,-1.77
-0.639,-0.852
-0.678,-0.337
-0.724,0.217
-0.635,-2.366
-0.759,-0.118
-0.759,1.491
-0.691,-2.371
-0.82,-0.844
-0.847,-2.375
-0.892,-1.288
-0.93,1.132
-0.978,0.349
-0.931,-1.943
-0.948,0.584
-0.952,-2.214
-1.116,-0.197
-1.108,0.293
-1.232,1.191
-1.239,0.952
-1.139,-1.052
-1.399,-1.998
-1.263,-2.285
-1.336,-2.181
-1.447,-1.004
-1.524,0.896
-1.42,-1.394
-1.529,-0.826
-1.664,-1.916
-1.925,0.747
-1.951,-0.825
-2.049,-0.159
-2.153,0.434
-2.223,0.104
-2.422,-1.012
-2.455,-2.316
-2.325,-2.081
-2.462,-1.929
-2.4,-2.208
-2.553,1.245
-2.471,-1.173
-2.554,-2.108
-2.696,-1.885
-2.561,-0.72
-2.611,-0.163
-2.982,-0.86
-2.962,-0.651
3.084,-2.334
2.89,-2.274
2.918,-0.813
2.69,-0.611
2.576,-2.051
2.494,1.347
2.491,-0.15
2.485,-0.84
2.573,0.473
2.248,-1.142
2.339,-1.317
2.322,-1.886
2.156,-1.229
2.159,-2.737
1.69,-2.473
1.522,-2.497
1.489,-2.747
1.16,-2.841
0.646,-2.353
0.617,-2.602
0.601,-2.566
0.452,-2.594
-0.552,-2.508
-0.604,-2.813
-0.966,-2.812
-0.884,-2.578
-1.304,-2.476
-1.538,-2.465
-2.608,-2.614
2.597,-2.514
2.428,-2.796
2.301,-2.465
1.041,1.818
-0.151,1.821
-0.124,1.981
-0.329,1.85
-0.514,1.614
-0.93,1.846
-2.071,1.779
-2.191,1.68
-2.724,1.744
-2.998,1.663
2.987,1.875
0.196,-2.381
-2.461,-0.99
-2.995,-0.297
1.601,-0.243
2.849,1.289
2.818,0.219
2.666,0.485
2.666,0.914
1.247,-0.136
0.03,-0.051
-1.035,-0.084
-1.372,-0.042
-2.253,-0.031
-2.548,-2.705
-2.459,1.586
-0.148,1.556
-0.168,2.735
-0.199,0.577
-0.243,2.332
-0.197,2.564
-0.333,2.742
-0.323,3.336
-0.405,2.088
-0.441,1.995
-0.382,2.615
-0.492,2.816
-0.521,1.364
-0.539,1.401
-0.506,0.666
-0.594,0.598
-0.662,0.171
-0.673,0.799
-0.668,1.045
-0.78,0.033
-0.79,0.589
-0.752,1.421
-0.759,1.697
-0.93,1.17
-0.968,0.438
-1.005,3.324
-1.107,3.22
-1.108,1.25
-1.103,3.553
-1.103,2.982
-1.125,2.679
-1.285,2.72
-1.266,3.353
-1.303,2.469
-1.385,2.007
-1.485,2.581
-1.45,0.784
-1.73,1.71
-1.718,-0.166
-1.72,1.748
-1.791,1.209
-1.73,1.733
-1.763,0.132
-1.779,0.873
-1.782,2.999
-1.805,1.109
-1.832,0.507
-1.826,3.042
-1.896,2.347
-1.934,3.24
-2.008,2.581
-2.001,2.776
-2.104,1.47
-2.095,2.04
-2.119,2.261
-2.15,2.259
-2.236,1.948
-2.577,2.769
-2.672,1.495
-2.687,0.99
-2.614,1.457
-2.659,1.152
-2.862,1.986
-3.045,0.937
3.128,3.294
3.123,0.473
3.135,0.776
3.12,2.937
2.999,-0.237
2.936,0.788
2.835,0.226
2.849,1.802
2.773,1.69
2.642,0.579
2.551,1.619
2.541,3.523
2.507,3.612
2.441,0.63
2.32,0.646
2.217,2.979
2.188,0.285
2.164,1.471
2.105,-0.55
1.604,-0.437
1.559,-0.561
1.104,-0.264
1.156,-0.331
0.908,-0.479
-0.401,-0.684
-0.734,-0.714
-0.811,-0.701
-1.104,-0.422
-1.544,-0.413
-1.568,-0.666
-1.915,-0.609
-1.918,-0.604
-2.136,-0.778
-2.307,-0.791
-2.636,-0.263
-2.664,-0.605
-2.994,-0.443
-2.95,-0.662
-3.028,-0.65
3.109,-0.738
2.995,-0.421
2.276,-0.373
2.331,-0.336
2.014,3.612
1.56,3.929
1.362,4.122
1.122,3.822
0.143,3.802
-0.881,3.855
-1.017,3.897
-1.33,4.126
-3.061,3.752
3.075,3.877
2.966,3.828
2.655,3.684
2.701,4.141
2.647,3.762
2.707,3.868
2.624,3.785
2.421,3.798
1.653,3.538
1.586,2.021
-3.023,-0.154
2.722,0.607
-1.361,3.836
-1.707,3.788
2.185,1.762
2.01,3.531
1.959,-0.068
2.01,1.953
1.928,2.536
1.835,1.055
1.838,0.985
1.745,1.971
1.741,0.174
1.42,3.639
1.355,-0.039
1.347,3.265
1.477,2.599
1.384,3.633
1.356,2.133
1.326,0.513
1.486,1.544
1.486,0.826
1.327,2.404
1.308,1.175
1.307,2.141
1.265,0.631
1.239,2.763
1.141,1.191
1.119,2.252
1.187,0.753
1.146,1.397
0.981,0.508
1.01,0.207
0.786,0.101
0.693,1.382
0.831,2.938
0.658,1.836
0.566,3.216
0.692,1.643
0.558,0.669
0.381,2.146
0.215,3.391
0.054,3.024
-0.036,3.258
-0.046,3.438
-0.127,1.526
-0.134,2.994
-0.023,2.326
-0.183,1.07
-0.174,2.72
-0.327,2.436
-0.502,0.024
-0.422,1.702
-0.43,3.715
-0.517,0.374
-0.64,1.292
-0.679,1.807
-0.725,2.361
-0.636,-0.222
-0.76,2.026
-0.76,3.635
-0.692,-0.227
-0.821,1.3
-0.848,-0.231
-0.893,0.856
-0.931,3.276
-0.979,2.493
-0.932,0.201
-0.949,2.728
-0.953,-0.07
-1.117,1.947
-1.109,2.437
-1.233,3.335
-1.24,3.096
-1.14,1.092
-1.4,0.146
-1.264,-0.141
-1.337,-0.037
-1.448,1.14
-1.525,3.04
-1.421,0.75
-1.53,1.318
-1.665,0.228
-1.926,2.891
-1.952,1.319
-2.05,1.985
-2.154,2.578
-2.224,2.248
-2.423,1.132
-2.456,-0.172
-2.326,0.063
-2.463,0.215
-2.401,-0.064
-2.554,3.389
-2.472,0.971
-2.555,0.036
-2.697,0.259
-2.562,1.424
-2.612,1.981
-2.983,1.284
-2.963,1.493
3.083,-0.19
2.889,-0.13
2.917,1.331
2.689,1.533
2.575,0.093
2.493,3.491
2.49,1.994
2.484,1.304
2.572,2.617
2.247,1.002
2.338,0.827
2.321,0.258
2.155,0.915
2.158,-0.593
1.689,-0.329
1.521,-0.353
1.488,-0.603
1.159,-0.697
0.645,-0.209
0.616,-0.458
0.6,-0.422
0.451,-0.45
-0.553,-0.364
-0.605,-0.669
-0.967,-0.668
-0.885,-0.434
-1.305,-0.332
-1.539,-0.321
-2.609,-0.47
2.596,-0.37
2.427,-0.652
2.3,-0.321
1.04,3.962
-0.152,3.965
-0.125,4.125
-0.33,3.994
-0.515,3.758
-0.931,3.99
-2.072,3.923
-2.192,3.824
-2.725,3.888
-2.999,3.807
2.986,4.019
0.195,-0.237
-2.462,1.154
-2.996,1.847
1.6,1.901
2.848,3.433
2.817,2.363
2.665,2.629
2.665,3.058
1.246,2.008
0.029,2.093
-1.036,2.06
-1.373,2.102
-2.254,2.113
-2.549,-0.561
-2.46,3.73
-0.02,1.179
-0.051,-0.979
-0.095,0.776
-0.049,1.008
-0.185,1.186
-0.175,1.78
-0.257,0.532
-0.293,0.439
-0.234,1.059
-0.344,1.26
-0.373,-0.192
-0.391,-0.155
-0.358,-0.89
-0.446,-0.958
-0.514,-1.385
-0.525,-0.757
-0.52,-0.511
-0.632,-1.523
-0.642,-0.967
-0.604,-0.135
-0.611,0.141
-0.782,-0.386
-0.82,-1.118
-0.857,1.768
-0.959,1.664
-0.96,-0.306
-0.955,1.997
-0.955,1.426
-0.977,1.123
-1.137,1.164
-1.118,1.797
-1.155,0.913
-1.237,0.451
-1.337,1.025
-1.302,-0.772
-1.582,0.154
-1.57,-1.722
-1.572,0.192
-1.643,-0.347
-1.582,0.177
-1.615,-1.424
-1.631,-0.683
-1.634,1.443
-1.657,-0.447
-1.684,-1.049
-1.678,1.486
-1.748,0.791
-1.786,1.684
-1.86,1.025
-1.853,1.22
-1.956,-0.086
-1.947,0.484
-1.971,0.705
-2.002,0.703
-2.088,0.392
-2.429,1.213
-2.524,-0.061
-2.539,-0.566
-2.466,-0.099
-2.511,-0.404
-2.714,0.43
-2.897,-0.619
-3.007,1.738
-3.012,-1.083
-3.0,-0.78
-3.015,1.381
-3.136,-1.793
3.084,-0.768
2.983,-1.33
2.997,0.246
2.921,0.134
2.79,-0.977
2.699,0.063
2.689,1.967
2.655,2.056
2.589,-0.926
2.468,-0.91
2.365,1.423
2.336,-1.271
2.312,-0.085
2.253,-2.106
1.752,-1.993
1.707,-2.117
1.252,-1.82
1.304,-1.887
1.056,-2.035
-0.253,-2.24
-0.586,-2.27
-0.663,-2.257
-0.956,-1.978
-1.396,-1.969
-1.42,-2.222
-1.767,-2.165
-1.77,-2.16
-1.988,-2.334
-2.159,-2.347
-2.488,-1.819
-2.516,-2.161
-2.846,-1.999
-2.802,-2.218
-2.88,-2.206
-3.026,-2.294
-3.14,-1.977
2.424,-1.929
2.479,-1.892
2.162,2.056
1.708,2.373
1.51,2.566
1.27,2.266
0.291,2.246
-0.733,2.299
-0.869,2.341
-1.182,2.57
-2.913,2.196
-3.06,2.321
3.114,2.272
2.803,2.128
2.849,2.585
2.795,2.206
2.855,2.312
2.772,2.229
2.569,2.242
1.801,1.982
1.734,0.465
-2.875,-1.71
2.87,-0.949
-1.213,2.28
-1.559,2.232
2.333,0.206
2.158,1.975
2.107,-1.624
2.158,0.397
2.076,0.98
1.983,-0.501
1.986,-0.571
1.893,0.415
1.889,-1.382
1.568,2.083
1.503,-1.595
1.495,1.709
1.625,1.043
1.532,2.077
1.504,0.577
1.474,-1.043
1.634,-0.012
1.634,-0.73
1.475,0.848
1.456,-0.381
1.455,0.585
1.413,-0.925
1.387,1.207
1.289,-0.365
1.267,0.696
1.335,-0.803
1.294,-0.159
1.129,-1.048
1.158,-1.349
0.934,-1.455
0.841,-0.174
0.979,1.382
0.806,0.28
0.714,1.66
0.84,0.087
0.706,-0.887
0.529,0.59
0.363,1.835
0.202,1.468
0.112,1.702
0.102,1.882
0.021,-0.03
0.014,1.438
0.125,0.77
-0.035,-0.486
-0.026,1.164
-0.179,0.88
-0.354,-1.532
-0.274,0.146
-0.282,2.159
-0.369,-1.182
-0.492,-0.264
-0.531,0.251
-0.577,0.805
-0.488,-1.778
-0.612,0.47
-0.612,2.079
-0.544,-1.783
-0.673,-0.256
-0.7,-1.787
-0.745,-0.7
-0.783,1.72
-0.831,0.937
-0.784,-1.355
-0.801,1.172
-0.805,-1.626
-0.969,0.391
-0.961,0.881
-1.085,1.779
-1.092,1.54
-0.992,-0.464
-1.252,-1.41
-1.116,-1.697
-1.189,-1.593
-1.3,-0.416
-1.377,1.484
-1.273,-0.806
-1.382,-0.238
-1.517,-1.328
-1.778,1.335
-1.804,-0.237
-1.902,0.429
-2.006,1.022
-2.076,0.692
-2.275,-0.424
-2.308,-1.728
-2.178,-1.493
-2.315,-1.341
-2.253,-1.62
-2.406,1.833
-2.324,-0.585
-2.407,-1.52
-2.549,-1.297
-2.414,-0.132
-2.464,0.425
-2.835,-0.272
-2.815,-0.063
-3.052,-1.746
3.037,-1.686
3.065,-0.225
2.837,-0.023
2.723,-1.463
2.641,1.935
2.638,0.438
2.632,-0.252
2.72,1.061
2.395,-0.554
2.486,-0.729
2.469,-1.298
2.303,-0.641
2.306,-2.149
1.837,-1.885
1.669,-1.909
1.636,-2.159
1.307,-2.253
0.793,-1.765
0.764,-2.014
0.748,-1.978
0.599,-2.006
-0.405,-1.92
-0.457,-2.225
-0.819,-2.224
-0.737,-1.99
-1.157,-1.888
-1.391,-1.877
-2.461,-2.026
2.744,-1.926
2.575,-2.208
2.448,-1.877
1.188,2.406
-0.004,2.409
0.023,2.569
-0.182,2.438
-0.367,2.202
-0.783,2.434
-1.924,2.367
-2.044,2.268
-2.577,2.332
-2.851,2.251
3.134,2.463
0.343,-1.793
-2.314,-0.402
-2.848,0.291
1.748,0.345
2.996,1.877
2.965,0.807
2.813,1.073
2.813,1.502
1.394,0.452
0.177,0.537
-0.888,0.504
-1.225,0.546
-2.106,0.557
-2.401,-2.117
-2.312,2.174
-0.031,-2.158
-0.075,-0.403
-0.029,-0.171
-0.165,0.007
-0.155,0.601
-0.237,-0.647
-0.273,-0.74
-0.214,-0.12
-0.324,0.081
-0.353,-1.371
-0.371,-1.334
-0.338,-2.069
-0.426,-2.137
-0.494,-2.564
-0.505,-1.936
-0.5,-1.69
-0.612,-2.702
-0.622,-2.146
-0.584,-1.314
-0.591,-1.038
-0.762,-1.565
-0.8,-2.297
-0.837,0.589
-0.939,0.485
-0.94,-1.485
-0.935,0.818
-0.935,0.247
-0.957,-0.056
-1.117,-0.015
-1.098,0.618
-1.135,-0.266
-1.217,-0.728
-1.317,-0.154
-1.282,-1.951
-1.562,-1.025
-1.55,-2.901
-1.552,-0.987
-1.623,-1.526
-1.562,-1.002
-1.595,-2.603
-1.611,-1.862
-1.614,0.264
-1.637,-1.626
-1.664,-2.228
-1.658,0.307
-1.728,-0.388
-1.766,0.505
-1.84,-0.154
-1.833,0.041
-1.936,-1.265
-1.927,-0.695
-1.951,-0.474
-1.982,-0.476
-2.068,-0.787
-2.409,0.034
-2.504,-1.24
-2.519,-1.745
-2.446,-1.278
-2.491,-1.583
-2.694,-0.749
-2.877,-1.798
-2.987,0.559
-2.992,-2.262
-2.98,-1.959
-2.995,0.202
-3.116,-2.972
3.104,-1.947
3.003,-2.509
3.017,-0.933
2.941,-1.045
2.81,-2.156
2.719,-1.116
2.709,0.788
2.675,0.877
2.609,-2.105
2.488,-2.089
2.385,0.244
2.356,-2.45
2.332,-1.264
2.273,-3.285
1.772,-3.172
1.727,-3.296
1.272,-2.999
1.324,-3.066
1.076,-3.214
-0.233,-3.419
-0.566,-3.449
-0.643,-3.436
-0.936,-3.157
-1.376,-3.148
-1.4,-3.401
-1.747,-3.344
-1.75,-3.339
-1.968,-3.513
-2.139,-3.526
-2.468,-2.998
-2.496,-3.34
-2.826,-3.178
-2.782,-3.397
-2.86,-3.385
-3.006,-3.473
-3.12,-3.156
2.444,-3.108
2.499,-3.071
2.182,0.877
1.728,1.194
1.53,1.387
1.29,1.087
0.311,1.067
-0.713,1.12
-0.849,1.162
-1.162,1.391
-2.893,1.017
-3.04,1.142
3.134,1.093
2.823,0.949
2.869,1.406
2.815,1.027
2.875,1.133
2.792,1.05
2.589,1.063
1.821,0.803
1.754,-0.714
-2.855,-2.889
2.89,-2.128
-1.193,1.101
-1.539,1.053
2.353,-0.973
2.178,0.796
2.127,-2.803
2.178,-0.782
2.096,-0.199
2.003,-1.68
2.006,-1.75
1.913,-0.764
1.909,-2.561
1.588,0.904
1.523,-2.774
1.515,0.53
1.645,-0.136
1.552,0.898
1.524,-0.602
1.494,-2.222
1.654,-1.191
1.654,-1.909
1.495,-0.331
1.476,-1.56
1.475,-0.594
1.433,-2.104
1.407,0.028
1.309,-1.544
1.287,-0.483
1.355,-1.982
1.314,-1.338
1.149,-2.227
1.178,-2.528
0.954,-2.634
0.861,-1.353
0.999,0.203
0.826,-0.899
0.734,0.481
0.86,-1.092
0.726,-2.066
0.549,-0.589
0.383,0.656
0.222,0.289
0.132,0.523
0.122,0.703
0.041,-1.209
0.034,0.259
0.145,-0.409
-0.015,-1.665
-0.006,-0.015
-0.159,-0.299
-0.334,-2.711
-0.254,-1.033
-0.262,0.98
-0.349,-2.361
-0.472,-1.443
-0.511,-0.928
-0.557,-0.374
-0.468,-2.957
-0.592,-0.709
-0.592,0.9
-0.524,-2.962
-0.653,-1.435
-0.68,-2.966
-0.725,-1.879
-0.763,0.541
-0.811,-0.242
-0.764,-2.534
-0.781,-0.007
-0.785,-2.805
-0.949,-0.788
-0.941,-0.298
-1.065,0.6
-1.072,0.361
-0.972,-1.643
-1.232,-2.589
-1.096,-2.876
-1.169,-2.772
-1.28,-1.595
-1.357,0.305
-1.253,-1.985
-1.362,-1.417
-1.497,-2.507
-1.758,0.156
-1.784,-1.416
-1.882,-0.75
-1.986,-0.157
-2.056,-0.487
-2.255,-1.603
-2.288,-2.907
-2.158,-2.672
-2.295,-2.52
-2.233,-2.799
-2.386,0.654
-2.304,-1.764
-2.387,-2.699
-2.529,-2.476
-2.394,-1.311
-2.444,-0.754
-2.815,-1.451
-2.795,-1.242
-3.032,-2.925
3.057,-2.865
3.085,-1.404
2.857,-1.202
2.743,-2.642
2.661,0.756
2.658,-0.741
2.652,-1.431
2.74,-0.118
2.415,-1.733
2.506,-1.908
2.489,-2.477
2.323,-1.82
2.326,-3.328
1.857,-3.064
1.689,-3.088
1.656,-3.338
1.327,-3.432
0.813,-2.944
0.784,-3.193
0.768,-3.157
0.619,-3.185
-0.385,-3.099
-0.437,-3.404
-0.799,-3.403
-0.717,-3.169
-1.137,-3.067
-1.371,-3.056
-2.441,-3.205
2.764,-3.105
2.595,-3.387
2.468,-3.056
1.208,1.227
0.016,1.23
0.043,1.39
-0.162,1.259
-0.347,1.023
-0.763,1.255
-1.904,1.188
-2.024,1.089
-2.557,1.153
-2.831,1.072
-3.129,1.284
0.363,-2.972
-2.294,-1.581
-2.828,-0.888
1.768,-0.834
3.016,0.698
2.985,-0.372
2.833,-0.106
2.833,0.323
1.414,-0.727
0.197,-0.642
-0.868,-0.675
-1.205,-0.633
-2.086,-0.622
-2.381,-3.296
-2.292,0.995
-0.044,1.755
0.002,1.987
-0.134,2.165
-0.124,2.759
-0.206,1.511
-0.242,1.418
-0.183,2.038
-0.293,2.239
-0.322,0.787
-0.34,0.824
-0.307,0.089
-0.395,0.021
-0.463,-0.406
-0.474,0.222
-0.469,0.468
-0.581,-0.544
-0.591,0.012
-0.553,0.844
-0.56,1.12
-0.731,0.593
-0.769,-0.139
-0.806,2.747
-0.908,2.643
-0.909,0.673
-0.904,2.976
-0.904,2.405
-0.926,2.102
-1.086,2.143
-1.067,2.776
-1.104,1.892
-1.186,1.43
-1.286,2.004
-1.251,0.207
-1.531,1.133
-1.519,-0.743
-1.521,1.171
-1.592,0.632
-1.531,1.156
-1.564,-0.445
-1.58,0.296
-1.583,2.422
-1.606,0.532
-1.633,-0.07
-1.627,2.465
-1.697,1.77
-1.735,2.663
-1.809,2.004
-1.802,2.199
-1.905,0.893
-1.896,1.463
-1.92,1.684
-1.951,1.682
-2.037,1.371
-2.378,2.192
-2.473,0.918
-2.488,0.413
-2.415,0.88
-2.46,0.575
-2.663,1.409
-2.846,0.36
-2.956,2.717
-2.961,-0.104
-2.949,0.199
-2.964,2.36
-3.085,-0.814
3.135,0.211
3.034,-0.351
3.048,1.225
2.972,1.113
2.841,0.002
2.75,1.042
2.74,2.946
2.706,3.035
2.64,0.053
2.519,0.069
2.416,2.402
2.387,-0.292
2.363,0.894
2.304,-1.127
1.803,-1.014
1.758,-1.138
1.303,-0.841
1.355,-0.908
1.107,-1.056
-0.202,-1.261
-0.535,-1.291
-0.612,-1.278
-0.905,-0.999
-1.345,-0.99
-1.369,-1.243
-1.716,-1.186
-1.719,-1.181
-1.937,-1.355
-2.108,-1.368
-2.437,-0.84
-2.465,-1.182
-2.795,-1.02
-2.751,-1.239
-2.829,-1.227
-2.975,-1.315
-3.089,-0.998
2.475,-0.95
2.53,-0.913
2.213,3.035
1.759,3.352
1.561,3.545
1.321,3.245
0.342,3.225
-0.682,3.278
-0.818,3.32
-1.131,3.549
-2.862,3.175
-3.009,3.3
-3.118,3.251
2.854,3.107
2.9,3.564
2.846,3.185
2.906,3.291
2.823,3.208
2.62,3.221
1.852,2.961
1.785,1.444
-2.824,-0.731
2.921,0.03
-1.162,3.259
-1.508,3.211
2.384,1.185
2.209,2.954
2.158,-0.645
2.209,1.376
2.127,1.959
2.034,0.478
2.037,0.408
1.944,1.394
1.94,-0.403
1.619,3.062
1.554,-0.616
1.546,2.688
1.676,2.022
1.583,3.056
1.555,1.556
1.525,-0.064
1.685,0.967
1.685,0.249
1.526,1.827
1.507,0.598
1.506,1.564
1.464,0.054
1.438,2.186
1.34,0.614
1.318,1.675
1.386,0.176
1.345,0.82
1.18,-0.069
1.209,-0.37
0.985,-0.476
0.892,0.805
1.03,2.361
0.857,1.259
0.765,2.639
0.891,1.066
0.757,0.092
0.58,1.569
0.414,2.814
0.253,2.447
0.163,2.681
0.153,2.861
0.072,0.949
0.065,2.417
0.176,1.749
0.016,0.493
0.025,2.143
-0.128,1.859
-0.303,-0.553
-0.223,1.125
-0.231,3.138
-0.318,-0.203
-0.441,0.715
-0.48,1.23
-0.526,1.784
-0.437,-0.799
-0.561,1.449
-0.561,3.058
-0.493,-0.804
-0.622,0.723
-0.649,-0.808
-0.694,0.279
-0.732,2.699
-0.78,1.916
-0.733,-0.376
-0.75,2.151
-0.754,-0.647
-0.918,1.37
-0.91,1.86
-1.034,2.758
-1.041,2.519
-0.941,0.515
-1.201,-0.431
-1.065,-0.718
-1.138,-0.614
-1.249,0.563
-1.326,2.463
-1.222,0.173
-1.331,0.741
-1.466,-0.349
-1.727,2.314
-1.753,0.742
-1.851,1.408
-1.955,2.001
-2.025,1.671
-2.224,0.555
-2.257,-0.749
-2.127,-0.514
-2.264,-0.362
-2.202,-0.641
-2.355,2.812
-2.273,0.394
-2.356,-0.541
-2.498,-0.318
-2.363,0.847
-2.413,1.404
-2.784,0.707
-2.764,0.916
-3.001,-0.767
3.088,-0.707
3.116,0.754
2.888,0.956
2.774,-0.484
2.692,2.914
2.689,1.417
2.683,0.727
2.771,2.04
2.446,0.425
2.537,0.25
2.52,-0.319
2.354,0.338
2.357,-1.17
1.888,-0.906
1.72,-0.93
1.687,-1.18
1.358,-1.274
0.844,-0.786
0.815,-1.035
0.799,-0.999
0.65,-1.027
-0.354,-0.941
-0.406,-1.246
-0.768,-1.245
-0.686,-1.011
-1.106,-0.909
-1.34,-0.898
-2.41,-1.047
2.795,-0.947
2.626,-1.229
2.499,-0.898
1.239,3.385
0.047,3.388
0.074,3.548
-0.131,3.417
-0.316,3.181
-0.732,3.413
-1.873,3.346
-1.993,3.247
-2.526,3.311
-2.8,3.23
-3.098,3.442
0.394,-0.814
-2.263,0.577
-2.797,1.27
1.799,1.324
3.047,2.856
3.016,1.786
2.864,2.052
2.864,2.481
1.445,1.431
0.228,1.516
-0.837,1.483
-1.174,1.525
-2.055,1.536
-2.35,-1.138
-2.261,3.153
0.046,0.232
-0.09,0.41
-0.08,1.004
-0.162,-0.244
-0.198,-0.337
-0.139,0.283
-0.249,0.484
-0.278,-0.968
-0.296,-0.931
-0.263,-1.666
-0.351,-1.734
-0.419,-2.161
-0.43,-1.533
-0.425,-1.287
-0.537,-2.299
-0.547,-1.743
-0.509,-0.911
-0.516,-0.635
-0.687,-1.162
-0.725,-1.894
-0.762,0.992
-0.864,0.888
-0.865,-1.082
-0.86,1.221
-0.86,0.65
-0.882,0.347
-1.042,0.388
-1.023,1.021
-1.06,0.137
-1.142,-0.325
-1.242,0.249
-1.207,-1.548
-1.487,-0.622
-1.475,-2.498
-1.477,-0.584
-1.548,-1.123
-1.487,-0.599
-1.52,-2.2
-1.536,-1.459
-1.539,0.667
-1.562,-1.223
-1.589,-1.825
-1.583,0.71
-1.653,0.015
-1.691,0.908
-1.765,0.249
-1.758,0.444
-1.861,-0.862
-1.852,-0.292
-1.876,-0.071
-1.907,-0.073
-1.993,-0.384
-2.334,0.437
-2.429,-0.837
-2.444,-1.342
-2.371,-0.875
-2.416,-1.18
-2.619,-0.346
-2.802,-1.395
-2.912,0.962
-2.917,-1.859
-2.905,-1.556
-2.92,0.605
-3.041,-2.569
-3.104,-1.544
3.078,-2.106
3.092,-0.53
3.016,-0.642
2.885,-1.753
2.794,-0.713
2.784,1.191
2.75,1.28
2.684,-1.702
2.563,-1.686
2.46,0.647
2.431,-2.047
2.407,-0.861
2.348,-2.882
1.847,-2.769
1.802,-2.893
1.347,-2.596
1.399,-2.663
1.151,-2.811
-0.158,-3.016
-0.491,-3.046
-0.568,-3.033
-0.861,-2.754
-1.301,-2.745
-1.325,-2.998
-1.672,-2.941
-1.675,-2.936
-1.893,-3.11
-2.064,-3.123
-2.393,-2.595
-2.421,-2.937
-2.751,-2.775
-2.707,-2.994
-2.785,-2.982
-2.931,-3.07
-3.045,-2.753
2.519,-2.705
2.574,-2.668
2.257,1.28
1.803,1.597
1.605,1.79
1.365,1.49
0.386,1.47
-0.638,1.523
-0.774,1.565
-1.087,1.794
-2.818,1.42
-2.965,1.545
-3.074,1.496
2.898,1.352
2.944,1.809
2.89,1.43
2.95,1.536
2.867,1.453
2.664,1.466
1.896,1.206
1.829,-0.311
-2.78,-2.486
2.965,-1.725
-1.118,1.504
-1.464,1.456
2.428,-0.57
2.253,1.199
2.202,-2.4
2.253,-0.379
2.171,0.204
2.078,-1.277
2.081,-1.347
1.988,-0.361
1.984,-2.158
1.663,1.307
1.598,-2.371
1.59,0.933
1.72,0.267
1.627,1.301
1.599,-0.199
1.569,-1.819
1.729,-0.788
1.729,-1.506
1.57,0.072
1.551,-1.157
1.55,-0.191
1.508,-1.701
1.482,0.431
1.384,-1.141
1.362,-0.08
1.43,-1.579
1.389,-0.935
1.224,-1.824
1.253,-2.125
1.029,-2.231
0.936,-0.95
1.074,0.606
0.901,-0.496
0.809,0.884
0.935,-0.689
0.801,-1.663
0.624,-0.186
0.458,1.059
0.297,0.692
0.207,0.926
0.197,1.106
0.116,-0.806
0.109,0.662
0.22,-0.006
0.06,-1.262
0.069,0.388
-0.084,0.104
-0.259,-2.308
-0.179,-0.63
-0.187,1.383
-0.274,-1.958
-0.397,-1.04
-0.436,-0.525
-0.482,0.029
-0.393,-2.554
-0.517,-0.306
-0.517,1.303
-0.449,-2.559
-0.578,-1.032
-0.605,-2.563
-0.65,-1.476
-0.688,0.944
-0.736,0.161
-0.689,-2.131
-0.706,0.396
-0.71,-2.402
-0.874,-0.385
-0.866,0.105
-0.99,1.003
-0.997,0.764
-0.897,-1.24
-1.157,-2.186
-1.021,-2.473
-1.094,-2.369
-1.205,-1.192
-1.282,0.708
-1.178,-1.582
-1.287,-1.014
-1.422,-2.104
-1.683,0.559
-1.709,-1.013
-1.807,-0.347
-1.911,0.246
-1.981,-0.084
-2.18,-1.2
-2.213,-2.504
-2.083,-2.269
-2.22,-2.117
-2.158,-2.396
-2.311,1.057
-2.229,-1.361
-2.312,-2.296
-2.454,-2.073
-2.319,-0.908
-2.369,-0.351
-2.74,-1.048
-2.72,-0.839
-2.957,-2.522
3.132,-2.462
-3.123,-1.001
2.932,-0.799
2.818,-2.239
2.736,1.159
2.733,-0.338
2.727,-1.028
2.815,0.285
2.49,-1.33
2.581,-1.505
2.564,-2.074
2.398,-1.417
2.401,-2.925
1.932,-2.661
1.764,-2.685
1.731,-2.935
1.402,-3.029
0.888,-2.541
0.859,-2.79
0.843,-2.754
0.694,-2.782
-0.31,-2.696
-0.362,-3.001
-0.724,-3.0
-0.642,-2.766
-1.062,-2.664
-1.296,-2.653
-2.366,-2.802
2.839,-2.702
2.67,-2.984
2.543,-2.653
1.283,1.63
0.091,1.633
0.118,1.793
-0.087,1.662
-0.272,1.426
-0.688,1.658
-1.829,1.591
-1.949,1.492
-2.482,1.556
-2.756,1.475
-3.054,1.687
0.438,-2.569
-2.219,-1.178
-2.753,-0.485
1.843,-0.431
3.091,1.101
3.06,0.031
2.908,0.297
2.908,0.726
1.489,-0.324
0.272,-0.239
-0.793,-0.272
-1.13,-0.23
-2.011,-0.219
-2.306,-2.893
-2.217,1.398
-0.136,0.178
-0.126,0.772
-0.208,-0.476
-0.244,-0.569
-0.185,0.051
-0.295,0.252
-0.324,-1.2
-0.342,-1.163
-0.309,-1.898
-0.397,-1.966
-0.465,-2.393
-0.476,-1.765
-0.471,-1.519
-0.583,-2.531
-0.593,-1.975
-0.555,-1.143
-0.562,-0.867
-0.733,-1.394
-0.771,-2.126
-0.808,0.76
-0.91,0.656
-0.911,-1.314
-0.906,0.989
-0.906,0.418
-0.928,0.115
-1.088,0.156
-1.069,0.789
-1.106,-0.095
-1.188,-0.557
-1.288,0.017
-1.253,-1.78
-1.533,-0.854
-1.521,-2.73
-1.523,-0.816
-1.594,-1.355
-1.533,-0.831
-1.566,-2.432
-1.582,-1.691
-1.585,0.435
-1.608,-1.455
-1.635,-2.057
-1.629,0.478
-1.699,-0.217
-1.737,0.676
-1.811,0.017
-1.804,0.212
-1.907,-1.094
-1.898,-0.524
-1.922,-0.303
-1.953,-0.305
-2.039,-0.616
-2.38,0.205
-2.475,-1.069
-2.49,-1.574
-2.417,-1.107
-2.462,-1.412
-2.665,-0.578
-2.848,-1.627
-2.958,0.73
-2.963,-2.091
-2.951,-1.788
-2.966,0.373
-3.087,-2.801
3.133,-1.776
3.032,-2.338
3.046,-0.762
2.97,-0.874
2.839,-1.985
2.748,-0.945
2.738,0.959
2.704,1.048
2.638,-1.934
2.517,-1.918
2.414,0.415
2.385,-2.279
2.361,-1.093
2.302,-3.114
1.801,-3.001
1.756,-3.125
1.301,-2.828
1.353,-2.895
1.105,-3.043
-0.204,-3.248
-0.537,-3.278
-0.614,-3.265
-0.907,-2.986
-1.347,-2.977
-1.371,-3.23
-1.718,-3.173
-1.721,-3.168
-1.939,-3.342
-2.11,-3.355
-2.439,-2.827
-2.467,-3.169
-2.797,-3.007
-2.753,-3.226
-2.831,-3.214
-2.977,-3.302
-3.091,-2.985
2.473,-2.937
2.528,-2.9
2.211,1.048
1.757,1.365
1.559,1.558
1.319,1.258
0.34,1.238
-0.684,1.291
-0.82,1.333
-1.133,1.562
-2.864,1.188
-3.011,1.313
-3.12,1.264
2.852,1.12
2.898,1.577
2.844,1.198
2.904,1.304
2.821,1.221
2.618,1.234
1.85,0.974
1.783,-0.543
-2.826,-2.718
2.919,-1.957
-1.164,1.272
-1.51,1.224
2.382,-0.802
2.207,0.967
2.156,-2.632
2.207,-0.611
2.125,-0.028
2.032,-1.509
2.035,-1.579
1.942,-0.593
1.938,-2.39
1.617,1.075
1.552,-2.603
1.544,0.701
1.674,0.035
1.581,1.069
1.553,-0.431
1.523,-2.051
1.683,-1.02
1.683,-1.738
1.524,-0.16
1.505,-1.389
1.504,-0.423
1.462,-1.933
1.436,0.199
1.338,-1.373
1.316,-0.312
1.384,-1.811
1.343,-1.167
1.178,-2.056
1.207,-2.357
0.983,-2.463
0.89,-1.182
1.028,0.374
0.855,-0.728
0.763,0.652
0.889,-0.921
0.755,-1.895
0.578,-0.418
0.412,0.827
0.251,0.46
0.161,0.694
0.151,0.874
0.07,-1.038
0.063,0.43
0.174,-0.238
0.014,-1.494
0.023,0.156
-0.13,-0.128
-0.305,-2.54
-0.225,-0.862
-0.233,1.151
-0.32,-2.19
-0.443,-1.272
-0.482,-0.757
-0.528,-0.203
-0.439,-2.786
-0.563,-0.538
-0.563,1.071
-0.495,-2.791
-0.624,-1.264
-0.651,-2.795
-0.696,-1.708
-0.734,0.712
-0.782,-0.071
-0.735,-2.363
-0.752,0.164
-0.756,-2.634
-0.92,-0.617
-0.912,-0.127
-1.036,0.771
-1.043,0.532
-0.943,-1.472
-1.203,-2.418
-1.067,-2.705
-1.14,-2.601
-1.251,-1.424
-1.328,0.476
-1.224,-1.814
-1.333,-1.246
-1.468,-2.336
-1.729,0.327
-1.755,-1.245
-1.853,-0.579
-1.957,0.014
-2.027,-0.316
-2.226,-1.432
-2.259,-2.736
-2.129,-2.501
-2.266,-2.349
-2.204,-2.628
-2.357,0.825
-2.275,-1.593
-2.358,-2.528
-2.5,-2.305
-2.365,-1.14
-2.415,-0.583
-2.786,-1.28
-2.766,-1.071
-3.003,-2.754
3.086,-2.694
3.114,-1.233
2.886,-1.031
2.772,-2.471
2.69,0.927
2.687,-0.57
2.681,-1.26
2.769,0.053
2.444,-1.562
2.535,-1.737
2.518,-2.306
2.352,-1.649
2.355,-3.157
1.886,-2.893
1.718,-2.917
1.685,-3.167
1.356,-3.261
0.842,-2.773
0.813,-3.022
0.797,-2.986
0.648,-3.014
-0.356,-2.928
-0.408,-3.233
-0.77,-3.232
-0.688,-2.998
-1.108,-2.896
-1.342,-2.885
-2.412,-3.034
2.793,-2.934
2.624,-3.216
2.497,-2.885
1.237,1.398
0.045,1.401
0.072,1.561
-0.133,1.43
-0.318,1.194
-0.734,1.426
-1.875,1.359
-1.995,1.26
-2.528,1.324
-2.802,1.243
-3.1,1.455
0.392,-2.801
-2.265,-1.41
-2.799,-0.717
1.797,-0.663
3.045,0.869
3.014,-0.201
2.862,0.065
2.862,0.494
1.443,-0.556
0.226,-0.471
-0.839,-0.504
-1.176,-0.462
-2.057,-0.451
-2.352,-3.125
-2.263,1.166
0.01,0.594
-0.072,-0.654
-0.108,-0.747
-0.049,-0.127
-0.159,0.074
-0.188,-1.378
-0.206,-1.341
-0.173,-2.076
-0.261,-2.144
-0.329,-2.571
-0.34,-1.943
-0.335,-1.697
-0.447,-2.709
-0.457,-2.153
-0.419,-1.321
-0.426,-1.045
-0.597,-1.572
-0.635,-2.304
-0.672,0.582
-0.774,0.478
-0.775,-1.492
-0.77,0.811
-0.77,0.24
-0.792,-0.063
-0.952,-0.022
-0.933,0.611
-0.97,-0.273
-1.052,-0.735
-1.152,-0.161
-1.117,-1.958
-1.397,-1.032
-1.385,-2.908
-1.387,-0.994
-1.458,-1.533
-1.397,-1.009
-1.43,-2.61
-1.446,-1.869
-1.449,0.257
-1.472,-1.633
-1.499,-2.235
-1.493,0.3
-1.563,-0.395
-1.601,0.498
-1.675,-0.161
-1.668,0.034
-1.771,-1.272
-1.762,-0.702
-1.786,-0.481
-1.817,-0.483
-1.903,-0.794
-2.244,0.027
-2.339,-1.247
-2.354,-1.752
-2.281,-1.285
-2.326,-1.59
-2.529,-0.756
-2.712,-1.805
-2.822,0.552
-2.827,-2.269
-2.815,-1.966
-2.83,0.195
-2.951,-2.979
-3.014,-1.954
-3.115,-2.516
-3.101,-0.94
3.106,-1.052
2.975,-2.163
2.884,-1.123
2.874,0.781
2.84,0.87
2.774,-2.112
2.653,-2.096
2.55,0.237
2.521,-2.457
2.497,-1.271
2.438,-3.292
1.937,-3.179
1.892,-3.303
1.437,-3.006
1.489,-3.073
1.241,-3.221
-0.068,-3.426
-0.401,-3.456
-0.478,-3.443
-0.771,-3.164
-1.211,-3.155
-1.235,-3.408
-1.582,-3.351
-1.585,-3.346
-1.803,-3.52
-1.974,-3.533
-2.303,-3.005
-2.331,-3.347
-2.661,-3.185
-2.617,-3.404
-2.695,-3.392
-2.841,-3.48
-2.955,-3.163
2.609,-3.115
2.664,-3.078
2.347,0.87
1.893,1.187
1.695,1.38
1.455,1.08
0.476,1.06
-0.548,1.113
-0.684,1.155
-0.997,1.384
-2.728,1.01
-2.875,1.135
-2.984,1.086
2.988,0.942
3.034,1.399
2.98,1.02
3.04,1.126
2.957,1.043
2.754,1.056
1.986,0.796
1.919,-0.721
-2.69,-2.896
3.055,-2.135
-1.028,1.094
-1.374,1.046
2.518,-0.98
2.343,0.789
2.292,-2.81
2.343,-0.789
2.261,-0.206
2.168,-1.687
2.171,-1.757
2.078,-0.771
2.074,-2.568
1.753,0.897
1.688,-2.781
1.68,0.523
1.81,-0.143
1.717,0.891
1.689,-0.609
1.659,-2.229
1.819,-1.198
1.819,-1.916
1.66,-0.338
1.641,-1.567
1.64,-0.601
1.598,-2.111
1.572,0.021
1.474,-1.551
1.452,-0.49
1.52,-1.989
1.479,-1.345
1.314,-2.234
1.343,-2.535
1.119,-2.641
1.026,-1.36
1.164,0.196
0.991,-0.906
0.899,0.474
1.025,-1.099
0.891,-2.073
0.714,-0.596
0.548,0.649
0.387,0.282
0.297,0.516
0.287,0.696
0.206,-1.216
0.199,0.252
0.31,-0.416
0.15,-1.672
0.159,-0.022
0.006,-0.306
-0.169,-2.718
-0.089,-1.04
-0.097,0.973
-0.184,-2.368
-0.307,-1.45
-0.346,-0.935
-0.392,-0.381
-0.303,-2.964
-0.427,-0.716
-0.427,0.893
-0.359,-2.969
-0.488,-1.442
-0.515,-2.973
-0.56,-1.886
-0.598,0.534
-0.646,-0.249
-0.599,-2.541
-0.616,-0.014
-0.62,-2.812
-0.784,-0.795
-0.776,-0.305
-0.9,0.593
-0.907,0.354
-0.807,-1.65
-1.067,-2.596
-0.931,-2.883
-1.004,-2.779
-1.115,-1.602
-1.192,0.298
-1.088,-1.992
-1.197,-1.424
-1.332,-2.514
-1.593,0.149
-1.619,-1.423
-1.717,-0.757
-1.821,-0.164
-1.891,-0.494
-2.09,-1.61
-2.123,-2.914
-1.993,-2.679
-2.13,-2.527
-2.068,-2.806
-2.221,0.647
-2.139,-1.771
-2.222,-2.706
-2.364,-2.483
-2.229,-1.318
-2.279,-0.761
-2.65,-1.458
-2.63,-1.249
-2.867,-2.932
-3.061,-2.872
-3.033,-1.411
3.022,-1.209
2.908,-2.649
2.826,0.749
2.823,-0.748
2.817,-1.438
2.905,-0.125
2.58,-1.74
2.671,-1.915
2.654,-2.484
2.488,-1.827
2.491,-3.335
2.022,-3.071
1.854,-3.095
1.821,-3.345
1.492,-3.439
0.978,-2.951
0.949,-3.2
0.933,-3.164
0.784,-3.192
-0.22,-3.106
-0.272,-3.411
-0.634,-3.41
-0.552,-3.176
-0.972,-3.074
-1.206,-3.063
-2.276,-3.212
2.929,-3.112
2.76,-3.394
2.633,-3.063
1.373,1.22
0.181,1.223
0.208,1.383
0.003,1.252
-0.182,1.016
-0.598,1.248
-1.739,1.181
-1.859,1.082
-2.392,1.146
-2.666,1.065
-2.964,1.277
0.528,-2.979
-2.129,-1.588
-2.663,-0.895
1.933,-0.841
-3.102,0.691
-3.133,-0.379
2.998,-0.113
2.998,0.316
1.579,-0.734
0.362,-0.649
-0.703,-0.682
-1.04,-0.64
-1.921,-0.629
-2.216,-3.303
-2.127,0.988
-0.082,-1.248
-0.118,-1.341
-0.059,-0.721
-0.169,-0.52
-0.198,-1.972
-0.216,-1.935
-0.183,-2.67
-0.271,-2.738
-0.339,-3.165
-0.35,-2.537
-0.345,-2.291
-0.457,-3.303
-0.467,-2.747
-0.429,-1.915
-0.436,-1.639
-0.607,-2.166
-0.645,-2.898
-0.682,-0.012
-0.784,-0.116
-0.785,-2.086
-0.78,0.217
-0.78,-0.354
-0.802,-0.657
-0.962,-0.616
-0.943,0.017
-0.98,-0.867
-1.062,-1.329
-1.162,-0.755
-1.127,-2.552
-1.407,-1.626
-1.395,-3.502
-1.397,-1.588
-1.468,-2.127
-1.407,-1.603
-1.44,-3.204
-1.456,-2.463
-1.459,-0.337
-1.482,-2.227
-1.509,-2.829
-1.503,-0.294
-1.573,-0.989
-1.611,-0.096
-1.685,-0.755
-1.678,-0.56
-1.781,-1.866
-1.772,-1.296
-1.796,-1.075
-1.827,-1.077
-1.913,-1.388
-2.254,-0.567
-2.349,-1.841
-2.364,-2.346
-2.291,-1.879
-2.336,-2.184
-2.539,-1.35
-2.722,-2.399
-2.832,-0.042
-2.837,-2.863
-2.825,-2.56
-2.84,-0.399
-2.961,-3.573
-3.024,-2.548
-3.125,-3.11
-3.111,-1.534
3.096,-1.646
2.965,-2.757
2.874,-1.717
2.864,0.187
2.83,0.276
2.764,-2.706
2.643,-2.69
2.54,-0.357
2.511,-3.051
2.487,-1.865
2.428,-3.886
1.927,-3.773
1.882,-3.897
1.427,-3.6
1.479,-3.667
1.231,-3.815
-0.078,-4.02
-0.411,-4.05
-0.488,-4.037
-0.781,-3.758
-1.221,-3.749
-1.245,-4.002
-1.592,-3.945
-1.595,-3.94
-1.813,-4.114
-1.984,-4.127
-2.313,-3.599
-2.341,-3.941
-2.671,-3.779
-2.627,-3.998
-2.705,-3.986
-2.851,-4.074
-2.965,-3.757
2.599,-3.709
2.654,-3.672
2.337,0.276
1.883,0.593
1.685,0.786
1.445,0.486
0.466,0.466
-0.558,0.519
-0.694,0.561
-1.007,0.79
-2.738,0.416
-2.885,0.541
-2.994,0.492
2.978,0.348
3.024,0.805
2.97,0.426
3.03,0.532
2.947,0.449
2.744,0.462
1.976,0.202
1.909,-1.315
-2.7,-3.49
3.045,-2.729
-1.038,0.5
-1.384,0.452
2.508,-1.574
2.333,0.195
2.282,-3.404
2.333,-1.383
2.251,-0.8
2.158,-2.281
2.161,-2.351
2.068,-1.365
2.064,-3.162
1.743,0.303
1.678,-3.375
1.67,-0.071
1.8,-0.737
1.707,0.297
1.679,-1.203
1.649,-2.823
1.809,-1.792
1.809,-2.51
1.65,-0.932
1.631,-2.161
1.63,-1.195
1.588,-2.705
1.562,-0.573
1.464,-2.145
1.442,-1.084
1.51,-2.583
1.469,-1.939
1.304,-2.828
1.333,-3.129
1.109,-3.235
1.016,-1.954
1.154,-0.398
0.981,-1.5
0.889,-0.12
1.015,-1.693
0.881,-2.667
0.704,-1.19
0.538,0.055
0.377,-0.312
0.287,-0.078
0.277,0.102
0.196,-1.81
0.189,-0.342
0.3,-1.01
0.14,-2.266
0.149,-0.616
-0.004,-0.9
-0.179,-3.312
-0.099,-1.634
-0.107,0.379
-0.194,-2.962
-0.317,-2.044
-0.356,-1.529
-0.402,-0.975
-0.313,-3.558
-0.437,-1.31
-0.437,0.299
-0.369,-3.563
-0.498,-2.036
-0.525,-3.567
-0.57,-2.48
-0.608,-0.06
-0.656,-0.843
-0.609,-3.135
-0.626,-0.608
-0.63,-3.406
-0.794,-1.389
-0.786,-0.899
-0.91,-0.001
-0.917,-0.24
-0.817,-2.244
-1.077,-3.19
-0.941,-3.477
-1.014,-3.373
-1.125,-2.196
-1.202,-0.296
-1.098,-2.586
-1.207,-2.018
-1.342,-3.108
-1.603,-0.445
-1.629,-2.017
-1.727,-1.351
-1.831,-0.758
-1.901,-1.088
-2.1,-2.204
-2.133,-3.508
-2.003,-3.273
-2.14,-3.121
-2.078,-3.4
-2.231,0.053
-2.149,-2.365
-2.232,-3.3
-2.374,-3.077
-2.239,-1.912
-2.289,-1.355
-2.66,-2.052
-2.64,-1.843
-2.877,-3.526
-3.071,-3.466
-3.043,-2.005
3.012,-1.803
2.898,-3.243
2.816,0.155
2.813,-1.342
2.807,-2.032
2.895,-0.719
2.57,-2.334
2.661,-2.509
2.644,-3.078
2.478,-2.421
2.481,-3.929
2.012,-3.665
1.844,-3.689
1.811,-3.939
1.482,-4.033
0.968,-3.545
0.939,-3.794
0.923,-3.758
0.774,-3.786
-0.23,-3.7
-0.282,-4.005
-0.644,-4.004
-0.562,-3.77
-0.982,-3.668
-1.216,-3.657
-2.286,-3.806
2.919,-3.706
2.75,-3.988
2.623,-3.657
1.363,0.626
0.171,0.629
0.198,0.789
-0.007,0.658
-0.192,0.422
-0.608,0.654
-1.749,0.587
-1.869,0.488
-2.402,0.552
-2.676,0.471
-2.974,0.683
0.518,-3.573
-2.139,-2.182
-2.673,-1.489
1.923,-1.435
-3.112,0.097
3.14,-0.973
2.988,-0.707
2.988,-0.278
1.569,-1.328
0.352,-1.243
-0.713,-1.276
-1.05,-1.234
-1.931,-1.223
-2.226,-3.897
-2.137,0.394
-0.036,-0.093
0.023,0.527
-0.087,0.728
-0.116,-0.724
-0.134,-0.687
-0.101,-1.422
-0.189,-1.49
-0.257,-1.917
-0.268,-1.289
-0.263,-1.043
-0.375,-2.055
-0.385,-1.499
-0.347,-0.667
-0.354,-0.391
-0.525,-0.918
-0.563,-1.65
-0.6,1.236
-0.702,1.132
-0.703,-0.838
-0.698,1.465
-0.698,0.894
-0.72,0.591
-0.88,0.632
-0.861,1.265
-0.898,0.381
-0.98,-0.081
-1.08,0.493
-1.045,-1.304
-1.325,-0.378
-1.313,-2.254
-1.315,-0.34
-1.386,-0.879
-1.325,-0.355
-1.358,-1.956
-1.374,-1.215
-1.377,0.911
-1.4,-0.979
-1.427,-1.581
-1.421,0.954
-1.491,0.259
-1.529,1.152
-1.603,0.493
-1.596,0.688
-1.699,-0.618
-1.69,-0.048
-1.714,0.173
-1.745,0.171
-1.831,-0.14
-2.172,0.681
-2.267,-0.593
-2.282,-1.098
-2.209,-0.631
-2.254,-0.936
-2.457,-0.102
-2.64,-1.151
-2.75,1.206
-2.755,-1.615
-2.743,-1.312
-2.758,0.849
-2.879,-2.325
-2.942,-1.3
-3.043,-1.862
-3.029,-0.286
-3.105,-0.398
3.047,-1.509
2.956,-0.469
2.946,1.435
2.912,1.524
2.846,-1.458
2.725,-1.442
2.622,0.891
2.593,-1.803
2.569,-0.617
2.51,-2.638
2.009,-2.525
1.964,-2.649
1.509,-2.352
1.561,-2.419
1.313,-2.567
0.004,-2.772
-0.329,-2.802
-0.406,-2.789
-0.699,-2.51
-1.139,-2.501
-1.163,-2.754
-1.51,-2.697
-1.513,-2.692
-1.731,-2.866
-1.902,-2.879
-2.231,-2.351
-2.259,-2.693
-2.589,-2.531
-2.545,-2.75
-2.623,-2.738
-2.769,-2.826
-2.883,-2.509
2.681,-2.461
2.736,-2.424
2.419,1.524
1.965,1.841
1.767,2.034
1.527,1.734
0.548,1.714
-0.476,1.767
-0.612,1.809
-0.925,2.038
-2.656,1.664
-2.803,1.789
-2.912,1.74
3.06,1.596
3.106,2.053
3.052,1.674
3.112,1.78
3.029,1.697
2.826,1.71
2.058,1.45
1.991,-0.067
-2.618,-2.242
3.127,-1.481
-0.956,1.748
-1.302,1.7
2.59,-0.326
2.415,1.443
2.364,-2.156
2.415,-0.135
2.333,0.448
2.24,-1.033
2.243,-1.103
2.15,-0.117
2.146,-1.914
1.825,1.551
1.76,-2.127
1.752,1.177
1.882,0.511
1.789,1.545
1.761,0.045
1.731,-1.575
1.891,-0.544
1.891,-1.262
1.732,0.316
1.713,-0.913
1.712,0.053
1.67,-1.457
1.644,0.675
1.546,-0.897
1.524,0.164
1.592,-1.335
1.551,-0.691
1.386,-1.58
1.415,-1.881
1.191,-1.987
1.098,-0.706
1.236,0.85
1.063,-0.252
0.971,1.128
1.097,-0.445
0.963,-1.419
0.786,0.058
0.62,1.303
0.459,0.936
0.369,1.17
0.359,1.35
0.278,-0.562
0.271,0.906
0.382,0.238
0.222,-1.018
0.231,0.632
0.078,0.348
-0.097,-2.064
-0.017,-0.386
-0.025,1.627
-0.112,-1.714
-0.235,-0.796
-0.274,-0.281
-0.32,0.273
-0.231,-2.31
-0.355,-0.062
-0.355,1.547
-0.287,-2.315
-0.416,-0.788
-0.443,-2.319
-0.488,-1.232
-0.526,1.188
-0.574,0.405
-0.527,-1.887
-0.544,0.64
-0.548,-2.158
-0.712,-0.141
-0.704,0.349
-0.828,1.247
-0.835,1.008
-0.735,-0.996
-0.995,-1.942
-0.859,-2.229
-0.932,-2.125
-1.043,-0.948
-1.12,0.952
-1.016,-1.338
-1.125,-0.77
-1.26,-1.86
-1.521,0.803
-1.547,-0.769
-1.645,-0.103
-1.749,0.49
-1.819,0.16
-2.018,-0.956
-2.051,-2.26
-1.921,-2.025
-2.058,-1.873
-1.996,-2.152
-2.149,1.301
-2.067,-1.117
-2.15,-2.052
-2.292,-1.829
-2.157,-0.664
-2.207,-0.107
-2.578,-0.804
-2.558,-0.595
-2.795,-2.278
-2.989,-2.218
-2.961,-0.757
3.094,-0.555
2.98,-1.995
2.898,1.403
2.895,-0.094
2.889,-0.784
2.977,0.529
2.652,-1.086
2.743,-1.261
2.726,-1.83
2.56,-1.173
2.563,-2.681
2.094,-2.417
1.926,-2.441
1.893,-2.691
1.564,-2.785
1.05,-2.297
1.021,-2.546
1.005,-2.51
0.856,-2.538
-0.148,-2.452
-0.2,-2.757
-0.562,-2.756
-0.48,-2.522
-0.9,-2.42
-1.134,-2.409
-2.204,-2.558
3.001,-2.458
2.832,-2.74
2.705,-2.409
1.445,1.874
0.253,1.877
0.28,2.037
0.075,1.906
-0.11,1.67
-0.526,1.902
-1.667,1.835
-1.787,1.736
-2.32,1.8
-2.594,1.719
-2.892,1.931
0.6,-2.325
-2.057,-0.934
-2.591,-0.241
2.005,-0.187
-3.03,1.345
-3.061,0.275
3.07,0.541
3.07,0.97
1.651,-0.08
0.434,0.005
-0.631,-0.028
-0.968,0.014
-1.849,0.025
-2.144,-2.649
-2.055,1.642
0.059,0.62
-0.051,0.821
-0.08,-0.631
-0.098,-0.594
-0.065,-1.329
-0.153,-1.397
-0.221,-1.824
-0.232,-1.196
-0.227,-0.95
-0.339,-1.962
-0.349,-1.406
-0.311,-0.574
-0.318,-0.298
-0.489,-0.825
-0.527,-1.557
-0.564,1.329
-0.666,1.225
-0.667,-0.745
-0.662,1.558
-0.662,0.987
-0.684,0.684
-0.844,0.725
-0.825,1.358
-0.862,0.474
-0.944,0.012
-1.044,0.586
-1.009,-1.211
-1.289,-0.285
-1.277,-2.161
-1.279,-0.247
-1.35,-0.786
-1.289,-0.262
-1.322,-1.863
-1.338,-1.122
-1.341,1.004
-1.364,-0.886
-1.391,-1.488
-1.385,1.047
-1.455,0.352
-1.493,1.245
-1.567,0.586
-1.56,0.781
-1.663,-0.525
-1.654,0.045
-1.678,0.266
-1.709,0.264
-1.795,-0.047
-2.136,0.774
-2.231,-0.5
-2.246,-1.005
-2.173,-0.538
-2.218,-0.843
-2.421,-0.009
-2.604,-1.058
-2.714,1.299
-2.719,-1.522
-2.707,-1.219
-2.722,0.942
-2.843,-2.232
-2.906,-1.207
-3.007,-1.769
-2.993,-0.193
-3.069,-0.305
3.083,-1.416
2.992,-0.376
2.982,1.528
2.948,1.617
2.882,-1.365
2.761,-1.349
2.658,0.984
2.629,-1.71
2.605,-0.524
2.546,-2.545
2.045,-2.432
2.0,-2.556
1.545,-2.259
1.597,-2.326
1.349,-2.474
0.04,-2.679
-0.293,-2.709
-0.37,-2.696
-0.663,-2.417
-1.103,-2.408
-1.127,-2.661
-1.474,-2.604
-1.477,-2.599
-1.695,-2.773
-1.866,-2.786
-2.195,-2.258
-2.223,-2.6
-2.553,-2.438
-2.509,-2.657
-2.587,-2.645
-2.733,-2.733
-2.847,-2.416
2.717,-2.368
2.772,-2.331
2.455,1.617
2.001,1.934
1.803,2.127
1.563,1.827
0.584,1.807
-0.44,1.86
-0.576,1.902
-0.889,2.131
-2.62,1.757
-2.767,1.882
-2.876,1.833
3.096,1.689
-3.141,2.146
3.088,1.767
-3.135,1.873
3.065,1.79
2.862,1.803
2.094,1.543
2.027,0.026
-2.582,-2.149
-3.12,-1.388
-0.92,1.841
-1.266,1.793
2.626,-0.233
2.451,1.536
2.4,-2.063
2.451,-0.042
2.369,0.541
2.276,-0.94
2.279,-1.01
2.186,-0.024
2.182,-1.821
1.861,1.644
1.796,-2.034
1.788,1.27
1.918,0.604
1.825,1.638
1.797,0.138
1.767,-1.482
1.927,-0.451
1.927,-1.169
1.768,0.409
1.749,-0.82
1.748,0.146
1.706,-1.364
1.68,0.768
1.582,-0.804
1.56,0.257
1.628,-1.242
1.587,-0.598
1.422,-1.487
1.451,-1.788
1.227,-1.894
1.134,-0.613
1.272,0.943
1.099,-0.159
1.007,1.221
1.133,-0.352
0.999,-1.326
0.822,0.151
0.656,1.396
0.495,1.029
0.405,1.263
0.395,1.443
0.314,-0.469
0.307,0.999
0.418,0.331
0.258,-0.925
0.267,0.725
0.114,0.441
-0.061,-1.971
0.019,-0.293
0.011,1.72
-0.076,-1.621
-0.199,-0.703
-0.238,-0.188
-0.284,0.366
-0.195,-2.217
-0.319,0.031
-0.319,1.64
-0.251,-2.222
-0.38,-0.695
-0.407,-2.226
-0.452,-1.139
-0.49,1.281
-0.538,0.498
-0.491,-1.794
-0.508,0.733
-0.512,-2.065
-0.676,-0.048
-0.668,0.442
-0.792,1.34
-0.799,1.101
-0.699,-0.903
-0.959,-1.849
-0.823,-2.136
-0.896,-2.032
-1.007,-0.855
-1.084,1.045
-0.98,-1.245
-1.089,-0.677
-1.224,-1.767
-1.485,0.896
-1.511,-0.676
-1.609,-0.01
-1.713,0.583
-1.783,0.253
-1.982,-0.863
-2.015,-2.167
-1.885,-1.932
-2.022,-1.78
-1.96,-2.059
-2.113,1.394
-2.031,-1.024
-2.114,-1.959
-2.256,-1.736
-2.121,-0.571
-2.171,-0.014
-2.542,-0.711
-2.522,-0.502
-2.759,-2.185
-2.953,-2.125
-2.925,-0.664
3.13,-0.462
3.016,-1.902
2.934,1.496
2.931,-0.001
2.925,-0.691
3.013,0.622
2.688,-0.993
2.779,-1.168
2.762,-1.737
2.596,-1.08
2.599,-2.588
2.13,-2.324
1.962,-2.348
1.929,-2.598
1.6,-2.692
1.086,-2.204
1.057,-2.453
1.041,-2.417
0.892,-2.445
-0.112,-2.359
-0.164,-2.664
-0.526,-2.663
-0.444,-2.429
-0.864,-2.327
-1.098,-2.316
-2.168,-2.465
3.037,-2.365
2.868,-2.647
2.741,-2.316
1.481,1.967
0.289,1.97
0.316,2.13
0.111,1.999
-0.074,1.763
-0.49,1.995
-1.631,1.928
-1.751,1.829
-2.284,1.893
-2.558,1.812
-2.856,2.024
0.636,-2.232
-2.021,-0.841
-2.555,-0.148
2.041,-0.094
-2.994,1.438
-3.025,0.368
3.106,0.634
3.106,1.063
1.687,0.013
0.47,0.098
-0.595,0.065
-0.932,0.107
-1.813,0.118
-2.108,-2.556
-2.019,1.735
-0.11,0.201
-0.139,-1.251
-0.157,-1.214
-0.124,-1.949
-0.212,-2.017
-0.28,-2.444
-0.291,-1.816
-0.286,-1.57
-0.398,-2.582
-0.408,-2.026
-0.37,-1.194
-0.377,-0.918
-0.548,-1.445
-0.586,-2.177
-0.623,0.709
-0.725,0.605
-0.726,-1.365
-0.721,0.938
-0.721,0.367
-0.743,0.064
-0.903,0.105
-0.884,0.738
-0.921,-0.146
-1.003,-0.608
-1.103,-0.034
-1.068,-1.831
-1.348,-0.905
-1.336,-2.781
-1.338,-0.867
-1.409,-1.406
-1.348,-0.882
-1.381,-2.483
-1.397,-1.742
-1.4,0.384
-1.423,-1.506
-1.45,-2.108
-1.444,0.427
-1.514,-0.268
-1.552,0.625
-1.626,-0.034
-1.619,0.161
-1.722,-1.145
-1.713,-0.575
-1.737,-0.354
-1.768,-0.356
-1.854,-0.667
-2.195,0.154
-2.29,-1.12
-2.305,-1.625
-2.232,-1.158
-2.277,-1.463
-2.48,-0.629
-2.663,-1.678
-2.773,0.679
-2.778,-2.142
-2.766,-1.839
-2.781,0.322
-2.902,-2.852
-2.965,-1.827
-3.066,-2.389
-3.052,-0.813
-3.128,-0.925
3.024,-2.036
2.933,-0.996
2.923,0.908
2.889,0.997
2.823,-1.985
2.702,-1.969
2.599,0.364
2.57,-2.33
2.546,-1.144
2.487,-3.165
1.986,-3.052
1.941,-3.176
1.486,-2.879
1.538,-2.946
1.29,-3.094
-0.019,-3.299
-0.352,-3.329
-0.429,-3.316
-0.722,-3.037
-1.162,-3.028
-1.186,-3.281
-1.533,-3.224
-1.536,-3.219
-1.754,-3.393
-1.925,-3.406
-2.254,-2.878
-2.282,-3.22
-2.612,-3.058
-2.568,-3.277
-2.646,-3.265
-2.792,-3.353
-2.906,-3.036
2.658,-2.988
2.713,-2.951
2.396,0.997
1.942,1.314
1.744,1.507
1.504,1.207
0.525,1.187
-0.499,1.24
-0.635,1.282
-0.948,1.511
-2.679,1.137
-2.826,1.262
-2.935,1.213
3.037,1.069
3.083,1.526
3.029,1.147
3.089,1.253
3.006,1.17
2.803,1.183
2.035,0.923
1.968,-0.594
-2.641,-2.769
3.104,-2.008
-0.979,1.221
-1.325,1.173
2.567,-0.853
2.392,0.916
2.341,-2.683
2.392,-0.662
2.31,-0.079
2.217,-1.56
2.22,-1.63
2.127,-0.644
2.123,-2.441
1.802,1.024
1.737,-2.654
1.729,0.65
1.859,-0.016
1.766,1.018
1.738,-0.482
1.708,-2.102
1.868,-1.071
1.868,-1.789
1.709,-0.211
1.69,-1.44
1.689,-0.474
1.647,-1.984
1.621,0.148
1.523,-1.424
1.501,-0.363
1.569,-1.862
1.528,-1.218
1.363,-2.107
1.392,-2.408
1.168,-2.514
1.075,-1.233
1.213,0.323
1.04,-0.779
0.948,0.601
1.074,-0.972
0.94,-1.946
0.763,-0.469
0.597,0.776
0.436,0.409
0.346,0.643
0.336,0.823
0.255,-1.089
0.248,0.379
0.359,-0.289
0.199,-1.545
0.208,0.105
0.055,-0.179
-0.12,-2.591
-0.04,-0.913
-0.048,1.1
-0.135,-2.241
-0.258,-1.323
-0.297,-0.808
-0.343,-0.254
-0.254,-2.837
-0.378,-0.589
-0.378,1.02
-0.31,-2.842
-0.439,-1.315
-0.466,-2.846
-0.511,-1.759
-0.549,0.661
-0.597,-0.122
-0.55,-2.414
-0.567,0.113
-0.571,-2.685
-0.735,-0.668
-0.727,-0.178
-0.851,0.72
-0.858,0.481
-0.758,-1.523
-1.018,-2.469
-0.882,-2.756
-0.955,-2.652
-1.066,-1.475
-1.143,0.425
-1.039,-1.865
-1.148,-1.297
-1.283,-2.387
-1.544,0.276
-1.57,-1.296
-1.668,-0.63
-1.772,-0.037
-1.842,-0.367
-2.041,-1.483
-2.074,-2.787
-1.944,-2.552
-2.081,-2.4
-2.019,-2.679
-2.172,0.774
-2.09,-1.644
-2.173,-2.579
-2.315,-2.356
-2.18,-1.191
-2.23,-0.634
-2.601,-1.331
-2.581,-1.122
-2.818,-2.805
-3.012,-2.745
-2.984,-1.284
3.071,-1.082
2.957,-2.522
2.875,0.876
2.872,-0.621
2.866,-1.311
2.954,0.002
2.629,-1.613
2.72,-1.788
2.703,-2.357
2.537,-1.7
2.54,-3.208
2.071,-2.944
1.903,-2.968
1.87,-3.218
1.541,-3.312
1.027,-2.824
0.998,-3.073
0.982,-3.037
0.833,-3.065
-0.171,-2.979
-0.223,-3.284
-0.585,-3.283
-0.503,-3.049
-0.923,-2.947
-1.157,-2.936
-2.227,-3.085
2.978,-2.985
2.809,-3.267
2.682,-2.936
1.422,1.347
0.23,1.35
0.257,1.51
0.052,1.379
-0.133,1.143
-0.549,1.375
-1.69,1.308
-1.81,1.209
-2.343,1.273
-2.617,1.192
-2.915,1.404
0.577,-2.852
-2.08,-1.461
-2.614,-0.768
1.982,-0.714
-3.053,0.818
-3.084,-0.252
3.047,0.014
3.047,0.443
1.628,-0.607
0.411,-0.522
-0.654,-0.555
-0.991,-0.513
-1.872,-0.502
-2.167,-3.176
-2.078,1.115
-0.029,-1.452
-0.047,-1.415
-0.014,-2.15
-0.102,-2.218
-0.17,-2.645
-0.181,-2.017
-0.176,-1.771
-0.288,-2.783
-0.298,-2.227
-0.26,-1.395
-0.267,-1.119
-0.438,-1.646
-0.476,-2.378
-0.513,0.508
-0.615,0.404
-0.616,-1.566
-0.611,0.737
-0.611,0.166
-0.633,-0.137
-0.793,-0.096
-0.774,0.537
-0.811,-0.347
-0.893,-0.809
-0.993,-0.235
-0.958,-2.032
-1.238,-1.106
-1.226,-2.982
-1.228,-1.068
-1.299,-1.607
-1.238,-1.083
-1.271,-2.684
-1.287,-1.943
-1.29,0.183
-1.313,-1.707
-1.34,-2.309
-1.334,0.226
-1.404,-0.469
-1.442,0.424
-1.516,-0.235
-1.509,-0.04
-1.612,-1.346
-1.603,-0.776
-1.627,-0.555
-1.658,-0.557
-1.744,-0.868
-2.085,-0.047
-2.18,-1.321
-2.195,-1.826
-2.122,-1.359
-2.167,-1.664
-2.37,-0.83
-2.553,-1.879
-2.663,0.478
-2.668,-2.343
-2.656,-2.04
-2.671,0.121
-2.792,-3.053
-2.855,-2.028
-2.956,-2.59
-2.942,-1.014
-3.018,-1.126
3.134,-2.237
3.043,-1.197
3.033,0.707
2.999,0.796
2.933,-2.186
2.812,-2.17
2.709,0.163
2.68,-2.531
2.656,-1.345
2.597,-3.366
2.096,-3.253
2.051,-3.377
1.596,-3.08
1.648,-3.147
1.4,-3.295
0.091,-3.5
-0.242,-3.53
-0.319,-3.517
-0.612,-3.238
-1.052,-3.229
-1.076,-3.482
-1.423,-3.425
-1.426,-3.42
-1.644,-3.594
-1.815,-3.607
-2.144,-3.079
-2.172,-3.421
-2.502,-3.259
-2.458,-3.478
-2.536,-3.466
-2.682,-3.554
-2.796,-3.237
2.768,-3.189
2.823,-3.152
2.506,0.796
2.052,1.113
1.854,1.306
1.614,1.006
0.635,0.986
-0.389,1.039
-0.525,1.081
-0.838,1.31
-2.569,0.936
-2.716,1.061
-2.825,1.012
-3.136,0.868
-3.09,1.325
3.139,0.946
-3.084,1.052
3.116,0.969
2.913,0.982
2.145,0.722
2.078,-0.795
-2.531,-2.97
-3.069,-2.209
-0.869,1.02
-1.215,0.972
2.677,-1.054
2.502,0.715
2.451,-2.884
2.502,-0.863
2.42,-0.28
2.327,-1.761
2.33,-1.831
2.237,-0.845
2.233,-2.642
1.912,0.823
1.847,-2.855
1.839,0.449
1.969,-0.217
1.876,0.817
1.848,-0.683
1.818,-2.303
1.978,-1.272
1.978,-1.99
1.819,-0.412
1.8,-1.641
1.799,-0.675
1.757,-2.185
1.731,-0.053
1.633,-1.625
1.611,-0.564
1.679,-2.063
1.638,-1.419
1.473,-2.308
1.502,-2.609
1.278,-2.715
1.185,-1.434
1.323,0.122
1.15,-0.98
1.058,0.4
1.184,-1.173
1.05,-2.147
0.873,-0.67
0.707,0.575
0.546,0.208
0.456,0.442
0.446,0.622
0.365,-1.29
0.358,0.178
0.469,-0.49
0.309,-1.746
0.318,-0.096
0.165,-0.38
-0.01,-2.792
0.07,-1.114
0.062,0.899
-0.025,-2.442
-0.148,-1.524
-0.187,-1.009
-0.233,-0.455
-0.144,-3.038
-0.268,-0.79
-0.268,0.819
-0.2,-3.043
-0.329,-1.516
-0.356,-3.047
-0.401,-1.96
-0.439,0.46
-0.487,-0.323
-0.44,-2.615
-0.457,-0.088
-0.461,-2.886
-0.625,-0.869
-0.617,-0.379
-0.741,0.519
-0.748,0.28
-0.648,-1.724
-0.908,-2.67
-0.772,-2.957
-0.845,-2.853
-0.956,-1.676
-1.033,0.224
-0.929,-2.066
-1.038,-1.498
-1.173,-2.588
-1.434,0.075
-1.46,-1.497
-1.558,-0.831
-1.662,-0.238
-1.732,-0.568
-1.931,-1.684
-1.964,-2.988
-1.834,-2.753
-1.971,-2.601
-1.909,-2.88
-2.062,0.573
-1.98,-1.845
-2.063,-2.78
-2.205,-2.557
-2.07,-1.392
-2.12,-0.835
-2.491,-1.532
-2.471,-1.323
-2.708,-3.006
-2.902,-2.946
-2.874,-1.485
-3.102,-1.283
3.067,-2.723
2.985,0.675
2.982,-0.822
2.976,-1.512
3.064,-0.199
2.739,-1.814
2.83,-1.989
2.813,-2.558
2.647,-1.901
2.65,-3.409
2.181,-3.145
2.013,-3.169
1.98,-3.419
1.651,-3.513
1.137,-3.025
1.108,-3.274
1.092,-3.238
0.943,-3.266
-0.061,-3.18
-0.113,-3.485
-0.475,-3.484
-0.393,-3.25
-0.813,-3.148
-1.047,-3.137
-2.117,-3.286
3.088,-3.186
2.919,-3.468
2.792,-3.137
1.532,1.146
0.34,1.149
0.367,1.309
0.162,1.178
-0.023,0.942
-0.439,1.174
-1.58,1.107
-1.7,1.008
-2.233,1.072
-2.507,0.991
-2.805,1.203
0.687,-3.053
-1.97,-1.662
-2.504,-0.969
2.092,-0.915
-2.943,0.617
-2.974,-0.453
-3.126,-0.187
-3.126,0.242
1.738,-0.808
0.521,-0.723
-0.544,-0.756
-0.881,-0.714
-1.762,-0.703
-2.057,-3.377
-1.968,0.914
-0.018,0.037
0.015,-0.698
-0.073,-0.766
-0.141,-1.193
-0.152,-0.565
-0.147,-0.319
-0.259,-1.331
-0.269,-0.775
-0.231,0.057
-0.238,0.333
-0.409,-0.194
-0.447,-0.926
-0.484,1.96
-0.586,1.856
-0.587,-0.114
-0.582,2.189
-0.582,1.618
-0.604,1.315
-0.764,1.356
-0.745,1.989
-0.782,1.105
-0.864,0.643
-0.964,1.217
-0.929,-0.58
-1.209,0.346
-1.197,-1.53
-1.199,0.384
-1.27,-0.155
-1.209,0.369
-1.242,-1.232
-1.258,-0.491
-1.261,1.635
-1.284,-0.255
-1.311,-0.857
-1.305,1.678
-1.375,0.983
-1.413,1.876
-1.487,1.217
-1.48,1.412
-1.583,0.106
-1.574,0.676
-1.598,0.897
-1.629,0.895
-1.715,0.584
-2.056,1.405
-2.151,0.131
-2.166,-0.374
-2.093,0.093
-2.138,-0.212
-2.341,0.622
-2.524,-0.427
-2.634,1.93
-2.639,-0.891
-2.627,-0.588
-2.642,1.573
-2.763,-1.601
-2.826,-0.576
-2.927,-1.138
-2.913,0.438
-2.989,0.326
-3.12,-0.785
3.072,0.255
3.062,2.159
3.028,2.248
2.962,-0.734
2.841,-0.718
2.738,1.615
2.709,-1.079
2.685,0.107
2.626,-1.914
2.125,-1.801
2.08,-1.925
1.625,-1.628
1.677,-1.695
1.429,-1.843
0.12,-2.048
-0.213,-2.078
-0.29,-2.065
-0.583,-1.786
-1.023,-1.777
-1.047,-2.03
-1.394,-1.973
-1.397,-1.968
-1.615,-2.142
-1.786,-2.155
-2.115,-1.627
-2.143,-1.969
-2.473,-1.807
-2.429,-2.026
-2.507,-2.014
-2.653,-2.102
-2.767,-1.785
2.797,-1.737
2.852,-1.7
2.535,2.248
2.081,2.565
1.883,2.758
1.643,2.458
0.664,2.438
-0.36,2.491
-0.496,2.533
-0.809,2.762
-2.54,2.388
-2.687,2.513
-2.796,2.464
-3.107,2.32
-3.061,2.777
-3.115,2.398
-3.055,2.504
-3.138,2.421
2.942,2.434
2.174,2.174
2.107,0.657
-2.502,-1.518
-3.04,-0.757
-0.84,2.472
-1.186,2.424
2.706,0.398
2.531,2.167
2.48,-1.432
2.531,0.589
2.449,1.172
2.356,-0.309
2.359,-0.379
2.266,0.607
2.262,-1.19
1.941,2.275
1.876,-1.403
1.868,1.901
1.998,1.235
1.905,2.269
1.877,0.769
1.847,-0.851
2.007,0.18
2.007,-0.538
1.848,1.04
1.829,-0.189
1.828,0.777
1.786,-0.733
1.76,1.399
1.662,-0.173
1.64,0.888
1.708,-0.611
1.667,0.033
1.502,-0.856
1.531,-1.157
1.307,-1.263
1.214,0.018
1.352,1.574
1.179,0.472
1.087,1.852
1.213,0.279
1.079,-0.695
0.902,0.782
0.736,2.027
0.575,1.66
0.485,1.894
0.475,2.074
0.394,0.162
0.387,1.63
0.498,0.962
0.338,-0.294
0.347,1.356
0.194,1.072
0.019,-1.34
0.099,0.338
0.091,2.351
0.004,-0.99
-0.119,-0.072
-0.158,0.443
-0.204,0.997
-0.115,-1.586
-0.239,0.662
-0.239,2.271
-0.171,-1.591
-0.3,-0.064
-0.327,-1.595
-0.372,-0.508
-0.41,1.912
-0.458,1.129
-0.411,-1.163
-0.428,1.364
-0.432,-1.434
-0.596,0.583
-0.588,1.073
-0.712,1.971
-0.719,1.732
-0.619,-0.272
-0.879,-1.218
-0.743,-1.505
-0.816,-1.401
-0.927,-0.224
-1.004,1.676
-0.9,-0.614
-1.009,-0.046
-1.144,-1.136
-1.405,1.527
-1.431,-0.045
-1.529,0.621
-1.633,1.214
-1.703,0.884
-1.902,-0.232
-1.935,-1.536
-1.805,-1.301
-1.942,-1.149
-1.88,-1.428
-2.033,2.025
-1.951,-0.393
-2.034,-1.328
-2.176,-1.105
-2.041,0.06
-2.091,0.617
-2.462,-0.08
-2.442,0.129
-2.679,-1.554
-2.873,-1.494
-2.845,-0.033
-3.073,0.169
3.096,-1.271
3.014,2.127
3.011,0.63
3.005,-0.06
3.093,1.253
2.768,-0.362
2.859,-0.537
2.842,-1.106
2.676,-0.449
2.679,-1.957
2.21,-1.693
2.042,-1.717
2.009,-1.967
1.68,-2.061
1.166,-1.573
1.137,-1.822
1.121,-1.786
0.972,-1.814
-0.032,-1.728
-0.084,-2.033
-0.446,-2.032
-0.364,-1.798
-0.784,-1.696
-1.018,-1.685
-2.088,-1.834
3.117,-1.734
2.948,-2.016
2.821,-1.685
1.561,2.598
0.369,2.601
0.396,2.761
0.191,2.63
0.006,2.394
-0.41,2.626
-1.551,2.559
-1.671,2.46
-2.204,2.524
-2.478,2.443
-2.776,2.655
0.716,-1.601
-1.941,-0.21
-2.475,0.483
2.121,0.537
-2.914,2.069
-2.945,0.999
-3.097,1.265
-3.097,1.694
1.767,0.644
0.55,0.729
-0.515,0.696
-0.852,0.738
-1.733,0.749
-2.028,-1.925
-1.939,2.366
0.033,-0.735
-0.055,-0.803
-0.123,-1.23
-0.134,-0.602
-0.129,-0.356
-0.241,-1.368
-0.251,-0.812
-0.213,0.02
-0.22,0.296
-0.391,-0.231
-0.429,-0.963
-0.466,1.923
-0.568,1.819
-0.569,-0.151
-0.564,2.152
-0.564,1.581
-0.586,1.278
-0.746,1.319
-0.727,1.952
-0.764,1.068
-0.846,0.606
-0.946,1.18
-0.911,-0.617
-1.191,0.309
-1.179,-1.567
-1.181,0.347
-1.252,-0.192
-1.191,0.332
-1.224,-1.269
-1.24,-0.528
-1.243,1.598
-1.266,-0.292
-1.293,-0.894
-1.287,1.641
-1.357,0.946
-1.395,1.839
-1.469,1.18
-1.462,1.375
-1.565,0.069
-1.556,0.639
-1.58,0.86
-1.611,0.858
-1.697,0.547
-2.038,1.368
-2.133,0.094
-2.148,-0.411
-2.075,0.056
-2.12,-0.249
-2.323,0.585
-2.506,-0.464
-2.616,1.893
-2.621,-0.928
-2.609,-0.625
-2.624,1.536
-2.745,-1.638
-2.808,-0.613
-2.909,-1.175
-2.895,0.401
-2.971,0.289
-3.102,-0.822
3.09,0.218
3.08,2.122
3.046,2.211
2.98,-0.771
2.859,-0.755
2.756,1.578
2.727,-1.116
2.703,0.07
2.644,-1.951
2.143,-1.838
2.098,-1.962
1.643,-1.665
1.695,-1.732
1.447,-1.88
0.138,-2.085
-0.195,-2.115
-0.272,-2.102
-0.565,-1.823
-1.005,-1.814
-1.029,-2.067
-1.376,-2.01
-1.379,-2.005
-1.597,-2.179
-1.768,-2.192
-2.097,-1.664
-2.125,-2.006
-2.455,-1.844
-2.411,-2.063
-2.489,-2.051
-2.635,-2.139
-2.749,-1.822
2.815,-1.774
2.87,-1.737
2.553,2.211
2.099,2.528
1.901,2.721
1.661,2.421
0.682,2.401
-0.342,2.454
-0.478,2.496
-0.791,2.725
-2.522,2.351
-2.669,2.476
-2.778,2.427
-3.089,2.283
-3.043,2.74
-3.097,2.361
-3.037,2.467
-3.12,2.384
2.96,2.397
2.192,2.137
2.125,0.62
-2.484,-1.555
-3.022,-0.794
-0.822,2.435
-1.168,2.387
2.724,0.361
2.549,2.13
2.498,-1.469
2.549,0.552
2.467,1.135
2.374,-0.346
2.377,-0.416
2.284,0.57
2.28,-1.227
1.959,2.238
1.894,-1.44
1.886,1.864
2.016,1.198
1.923,2.232
1.895,0.732
1.865,-0.888
2.025,0.143
2.025,-0.575
1.866,1.003
1.847,-0.226
1.846,0.74
1.804,-0.77
1.778,1.362
1.68,-0.21
1.658,0.851
1.726,-0.648
1.685,-0.004
1.52,-0.893
1.549,-1.194
1.325,-1.3
1.232,-0.019
1.37,1.537
1.197,0.435
1.105,1.815
1.231,0.242
1.097,-0.732
0.92,0.745
0.754,1.99
0.593,1.623
0.503,1.857
0.493,2.037
0.412,0.125
0.405,1.593
0.516,0.925
0.356,-0.331
0.365,1.319
0.212,1.035
0.037,-1.377
0.117,0.301
0.109,2.314
0.022,-1.027
-0.101,-0.109
-0.14,0.406
-0.186,0.96
-0.097,-1.623
-0.221,0.625
-0.221,2.234
-0.153,-1.628
-0.282,-0.101
-0.309,-1.632
-0.354,-0.545
-0.392,1.875
-0.44,1.092
-0.393,-1.2
-0.41,1.327
-0.414,-1.471
-0.578,0.546
-0.57,1.036
-0.694,1.934
-0.701,1.695
-0.601,-0.309
-0.861,-1.255
-0.725,-1.542
-0.798,-1.438
-0.909,-0.261
-0.986,1.639
-0.882,-0.651
-0.991,-0.083
-1.126,-1.173
-1.387,1.49
-1.413,-0.082
-1.511,0.584
-1.615,1.177
-1.685,0.847
-1.884,-0.269
-1.917,-1.573
-1.787,-1.338
-1.924,-1.186
-1.862,-1.465
-2.015,1.988
-1.933,-0.43
-2.016,-1.365
-2.158,-1.142
-2.023,0.023
-2.073,0.58
-2.444,-0.117
-2.424,0.092
-2.661,-1.591
-2.855,-1.531
-2.827,-0.07
-3.055,0.132
3.114,-1.308
3.032,2.09
3.029,0.593
3.023,-0.097
3.111,1.216
2.786,-0.399
2.877,-0.574
2.86,-1.143
2.694,-0.486
2.697,-1.994
2.228,-1.73
2.06,-1.754
2.027,-2.004
1.698,-2.098
1.184,-1.61
1.155,-1.859
1.139,-1.823
0.99,-1.851
-0.014,-1.765
-0.066,-2.07
-0.428,-2.069
-0.346,-1.835
-0.766,-1.733
-1.0,-1.722
-2.07,-1.871
3.135,-1.771
2.966,-2.053
2.839,-1.722
1.579,2.561
0.387,2.564
0.414,2.724
0.209,2.593
0.024,2.357
-0.392,2.589
-1.533,2.522
-1.653,2.423
-2.186,2.487
-2.46,2.406
-2.758,2.618
0.734,-1.638
-1.923,-0.247
-2.457,0.446
2.139,0.5
-2.896,2.032
-2.927,0.962
-3.079,1.228
-3.079,1.657
1.785,0.607
0.568,0.692
-0.497,0.659
-0.834,0.701
-1.715,0.712
-2.01,-1.962
-1.921,2.329
-0.088,-0.068
-0.156,-0.495
-0.167,0.133
-0.162,0.379
-0.274,-0.633
-0.284,-0.077
-0.246,0.755
-0.253,1.031
-0.424,0.504
-0.462,-0.228
-0.499,2.658
-0.601,2.554
-0.602,0.584
-0.597,2.887
-0.597,2.316
-0.619,2.013
-0.779,2.054
-0.76,2.687
-0.797,1.803
-0.879,1.341
-0.979,1.915
-0.944,0.118
-1.224,1.044
-1.212,-0.832
-1.214,1.082
-1.285,0.543
-1.224,1.067
-1.257,-0.534
-1.273,0.207
-1.276,2.333
-1.299,0.443
-1.326,-0.159
-1.32,2.376
-1.39,1.681
-1.428,2.574
-1.502,1.915
-1.495,2.11
-1.598,0.804
-1.589,1.374
-1.613,1.595
-1.644,1.593
-1.73,1.282
-2.071,2.103
-2.166,0.829
-2.181,0.324
-2.108,0.791
-2.153,0.486
-2.356,1.32
-2.539,0.271
-2.649,2.628
-2.654,-0.193
-2.642,0.11
-2.657,2.271
-2.778,-0.903
-2.841,0.122
-2.942,-0.44
-2.928,1.136
-3.004,1.024
-3.135,-0.087
3.057,0.953
3.047,2.857
3.013,2.946
2.947,-0.036
2.826,-0.02
2.723,2.313
2.694,-0.381
2.67,0.805
2.611,-1.216
2.11,-1.103
2.065,-1.227
1.61,-0.93
1.662,-0.997
1.414,-1.145
0.105,-1.35
-0.228,-1.38
-0.305,-1.367
-0.598,-1.088
-1.038,-1.079
-1.062,-1.332
-1.409,-1.275
-1.412,-1.27
-1.63,-1.444
-1.801,-1.457
-2.13,-0.929
-2.158,-1.271
-2.488,-1.109
-2.444,-1.328
-2.522,-1.316
-2.668,-1.404
-2.782,-1.087
2.782,-1.039
2.837,-1.002
2.52,2.946
2.066,3.263
1.868,3.456
1.628,3.156
0.649,3.136
-0.375,3.189
-0.511,3.231
-0.824,3.46
-2.555,3.086
-2.702,3.211
-2.811,3.162
-3.122,3.018
-3.076,3.475
-3.13,3.096
-3.07,3.202
3.13,3.119
2.927,3.132
2.159,2.872
2.092,1.355
-2.517,-0.82
-3.055,-0.059
-0.855,3.17
-1.201,3.122
2.691,1.096
2.516,2.865
2.465,-0.734
2.516,1.287
2.434,1.87
2.341,0.389
2.344,0.319
2.251,1.305
2.247,-0.492
1.926,2.973
1.861,-0.705
1.853,2.599
1.983,1.933
1.89,2.967
1.862,1.467
1.832,-0.153
1.992,0.878
1.992,0.16
1.833,1.738
1.814,0.509
1.813,1.475
1.771,-0.035
1.745,2.097
1.647,0.525
1.625,1.586
1.693,0.087
1.652,0.731
1.487,-0.158
1.516,-0.459
1.292,-0.565
1.199,0.716
1.337,2.272
1.164,1.17
1.072,2.55
1.198,0.977
1.064,0.003
0.887,1.48
0.721,2.725
0.56,2.358
0.47,2.592
0.46,2.772
0.379,0.86
0.372,2.328
0.483,1.66
0.323,0.404
0.332,2.054
0.179,1.77
0.004,-0.642
0.084,1.036
0.076,3.049
-0.011,-0.292
-0.134,0.626
-0.173,1.141
-0.219,1.695
-0.13,-0.888
-0.254,1.36
-0.254,2.969
-0.186,-0.893
-0.315,0.634
-0.342,-0.897
-0.387,0.19
-0.425,2.61
-0.473,1.827
-0.426,-0.465
-0.443,2.062
-0.447,-0.736
-0.611,1.281
-0.603,1.771
-0.727,2.669
-0.734,2.43
-0.634,0.426
-0.894,-0.52
-0.758,-0.807
-0.831,-0.703
-0.942,0.474
-1.019,2.374
-0.915,0.084
-1.024,0.652
-1.159,-0.438
-1.42,2.225
-1.446,0.653
-1.544,1.319
-1.648,1.912
-1.718,1.582
-1.917,0.466
-1.95,-0.838
-1.82,-0.603
-1.957,-0.451
-1.895,-0.73
-2.048,2.723
-1.966,0.305
-2.049,-0.63
-2.191,-0.407
-2.056,0.758
-2.106,1.315
-2.477,0.618
-2.457,0.827
-2.694,-0.856
-2.888,-0.796
-2.86,0.665
-3.088,0.867
3.081,-0.573
2.999,2.825
2.996,1.328
2.99,0.638
3.078,1.951
2.753,0.336
2.844,0.161
2.827,-0.408
2.661,0.249
2.664,-1.259
2.195,-0.995
2.027,-1.019
1.994,-1.269
1.665,-1.363
1.151,-0.875
1.122,-1.124
1.106,-1.088
0.957,-1.116
-0.047,-1.03
-0.099,-1.335
-0.461,-1.334
-0.379,-1.1
-0.799,-0.998
-1.033,-0.987
-2.103,-1.136
3.102,-1.036
2.933,-1.318
2.806,-0.987
1.546,3.296
0.354,3.299
0.381,3.459
0.176,3.328
-0.009,3.092
-0.425,3.324
-1.566,3.257
-1.686,3.158
-2.219,3.222
-2.493,3.141
-2.791,3.353
0.701,-0.903
-1.956,0.488
-2.49,1.181
2.106,1.235
-2.929,2.767
-2.96,1.697
-3.112,1.963
-3.112,2.392
1.752,1.342
0.535,1.427
-0.53,1.394
-0.867,1.436
-1.748,1.447
-2.043,-1.227
-1.954,3.064
-0.068,-0.427
-0.079,0.201
-0.074,0.447
-0.186,-0.565
-0.196,-0.009
-0.158,0.823
-0.165,1.099
-0.336,0.572
-0.374,-0.16
-0.411,2.726
-0.513,2.622
-0.514,0.652
-0.509,2.955
-0.509,2.384
-0.531,2.081
-0.691,2.122
-0.672,2.755
-0.709,1.871
-0.791,1.409
-0.891,1.983
-0.856,0.186
-1.136,1.112
-1.124,-0.764
-1.126,1.15
-1.197,0.611
-1.136,1.135
-1.169,-0.466
-1.185,0.275
-1.188,2.401
-1.211,0.511
-1.238,-0.091
-1.232,2.444
-1.302,1.749
-1.34,2.642
-1.414,1.983
-1.407,2.178
-1.51,0.872
-1.501,1.442
-1.525,1.663
-1.556,1.661
-1.642,1.35
-1.983,2.171
-2.078,0.897
-2.093,0.392
-2.02,0.859
-2.065,0.554
-2.268,1.388
-2.451,0.339
-2.561,2.696
-2.566,-0.125
-2.554,0.178
-2.569,2.339
-2.69,-0.835
-2.753,0.19
-2.854,-0.372
-2.84,1.204
-2.916,1.092
-3.047,-0.019
-3.138,1.021
3.135,2.925
3.101,3.014
3.035,0.032
2.914,0.048
2.811,2.381
2.782,-0.313
2.758,0.873
2.699,-1.148
2.198,-1.035
2.153,-1.159
1.698,-0.862
1.75,-0.929
1.502,-1.077
0.193,-1.282
-0.14,-1.312
-0.217,-1.299
-0.51,-1.02
-0.95,-1.011
-0.974,-1.264
-1.321,-1.207
-1.324,-1.202
-1.542,-1.376
-1.713,-1.389
-2.042,-0.861
-2.07,-1.203
-2.4,-1.041
-2.356,-1.26
-2.434,-1.248
-2.58,-1.336
-2.694,-1.019
2.87,-0.971
2.925,-0.934
2.608,3.014
2.154,3.331
1.956,3.524
1.716,3.224
0.737,3.204
-0.287,3.257
-0.423,3.299
-0.736,3.528
-2.467,3.154
-2.614,3.279
-2.723,3.23
-3.034,3.086
-2.988,3.543
-3.042,3.164
-2.982,3.27
-3.065,3.187
3.015,3.2
2.247,2.94
2.18,1.423
-2.429,-0.752
-2.967,0.009
-0.767,3.238
-1.113,3.19
2.779,1.164
2.604,2.933
2.553,-0.666
2.604,1.355
2.522,1.938
2.429,0.457
2.432,0.387
2.339,1.373
2.335,-0.424
2.014,3.041
1.949,-0.637
1.941,2.667
2.071,2.001
1.978,3.035
1.95,1.535
1.92,-0.085
2.08,0.946
2.08,0.228
1.921,1.806
1.902,0.577
1.901,1.543
1.859,0.033
1.833,2.165
1.735,0.593
1.713,1.654
1.781,0.155
1.74,0.799
1.575,-0.09
1.604,-0.391
1.38,-0.497
1.287,0.784
1.425,2.34
1.252,1.238
1.16,2.618
1.286,1.045
1.152,0.071
0.975,1.548
0.809,2.793
0.648,2.426
0.558,2.66
0.548,2.84
0.467,0.928
0.46,2.396
0.571,1.728
0.411,0.472
0.42,2.122
0.267,1.838
0.092,-0.574
0.172,1.104
0.164,3.117
0.077,-0.224
-0.046,0.694
-0.085,1.209
-0.131,1.763
-0.042,-0.82
-0.166,1.428
-0.166,3.037
-0.098,-0.825
-0.227,0.702
-0.254,-0.829
-0.299,0.258
-0.337,2.678
-0.385,1.895
-0.338,-0.397
-0.355,2.13
-0.359,-0.668
-0.523,1.349
-0.515,1.839
-0.639,2.737
-0.646,2.498
-0.546,0.494
-0.806,-0.452
-0.67,-0.739
-0.743,-0.635
-0.854,0.542
-0.931,2.442
-0.827,0.152
-0.936,0.72
-1.071,-0.37
-1.332,2.293
-1.358,0.721
-1.456,1.387
-1.56,1.98
-1.63,1.65
-1.829,0.534
-1.862,-0.77
-1.732,-0.535
-1.869,-0.383
-1.807,-0.662
-1.96,2.791
-1.878,0.373
-1.961,-0.562
-2.103,-0.339
-1.968,0.826
-2.018,1.383
-2.389,0.686
-2.369,0.895
-2.606,-0.788
-2.8,-0.728
-2.772,0.733
-3.0,0.935
-3.114,-0.505
3.087,2.893
3.084,1.396
3.078,0.706
-3.117,2.019
2.841,0.404
2.932,0.229
2.915,-0.34
2.749,0.317
2.752,-1.191
2.283,-0.927
2.115,-0.951
2.082,-1.201
1.753,-1.295
1.239,-0.807
1.21,-1.056
1.194,-1.02
1.045,-1.048
0.041,-0.962
-0.011,-1.267
-0.373,-1.266
-0.291,-1.032
-0.711,-0.93
-0.945,-0.919
-2.015,-1.068
-3.093,-0.968
3.021,-1.25
2.894,-0.919
1.634,3.364
0.442,3.367
0.469,3.527
0.264,3.396
0.079,3.16
-0.337,3.392
-1.478,3.325
-1.598,3.226
-2.131,3.29
-2.405,3.209
-2.703,3.421
0.789,-0.835
-1.868,0.556
-2.402,1.249
2.194,1.303
-2.841,2.835
-2.872,1.765
-3.024,2.031
-3.024,2.46
1.84,1.41
0.623,1.495
-0.442,1.462
-0.779,1.504
-1.66,1.515
-1.955,-1.159
-1.866,3.132
-0.011,0.628
-0.006,0.874
-0.118,-0.138
-0.128,0.418
-0.09,1.25
-0.097,1.526
-0.268,0.999
-0.306,0.267
-0.343,3.153
-0.445,3.049
-0.446,1.079
-0.441,3.382
-0.441,2.811
-0.463,2.508
-0.623,2.549
-0.604,3.182
-0.641,2.298
-0.723,1.836
-0.823,2.41
-0.788,0.613
-1.068,1.539
-1.056,-0.337
-1.058,1.577
-1.129,1.038
-1.068,1.562
-1.101,-0.039
-1.117,0.702
-1.12,2.828
-1.143,0.938
-1.17,0.336
-1.164,2.871
-1.234,2.176
-1.272,3.069
-1.346,2.41
-1.339,2.605
-1.442,1.299
-1.433,1.869
-1.457,2.09
-1.488,2.088
-1.574,1.777
-1.915,2.598
-2.01,1.324
-2.025,0.819
-1.952,1.286
-1.997,0.981
-2.2,1.815
-2.383,0.766
-2.493,3.123
-2.498,0.302
-2.486,0.605
-2.501,2.766
-2.622,-0.408
-2.685,0.617
-2.786,0.055
-2.772,1.631
-2.848,1.519
-2.979,0.408
-3.07,1.448
-3.08,3.352
-3.114,3.441
3.103,0.459
2.982,0.475
2.879,2.808
2.85,0.114
2.826,1.3
2.767,-0.721
2.266,-0.608
2.221,-0.732
1.766,-0.435
1.818,-0.502
1.57,-0.65
0.261,-0.855
-0.072,-0.885
-0.149,-0.872
-0.442,-0.593
-0.882,-0.584
-0.906,-0.837
-1.253,-0.78
-1.256,-0.775
-1.474,-0.949
-1.645,-0.962
-1.974,-0.434
-2.002,-0.776
-2.332,-0.614
-2.288,-0.833
-2.366,-0.821
-2.512,-0.909
-2.626,-0.592
2.938,-0.544
2.993,-0.507
2.676,3.441
2.222,3.758
2.024,3.951
1.784,3.651
0.805,3.631
-0.219,3.684
-0.355,3.726
-0.668,3.955
-2.399,3.581
-2.546,3.706
-2.655,3.657
-2.966,3.513
-2.92,3.97
-2.974,3.591
-2.914,3.697
-2.997,3.614
3.083,3.627
2.315,3.367
2.248,1.85
-2.361,-0.325
-2.899,0.436
-0.699,3.665
-1.045,3.617
2.847,1.591
2.672,3.36
2.621,-0.239
2.672,1.782
2.59,2.365
2.497,0.884
2.5,0.814
2.407,1.8
2.403,0.003
2.082,3.468
2.017,-0.21
2.009,3.094
2.139,2.428
2.046,3.462
2.018,1.962
1.988,0.342
2.148,1.373
2.148,0.655
1.989,2.233
1.97,1.004
1.969,1.97
1.927,0.46
1.901,2.592
1.803,1.02
1.781,2.081
1.849,0.582
1.808,1.226
1.643,0.337
1.672,0.036
1.448,-0.07
1.355,1.211
1.493,2.767
1.32,1.665
1.228,3.045
1.354,1.472
1.22,0.498
1.043,1.975
0.877,3.22
0.716,2.853
0.626,3.087
0.616,3.267
0.535,1.355
0.528,2.823
0.639,2.155
0.479,0.899
0.488,2.549
0.335,2.265
0.16,-0.147
0.24,1.531
0.232,3.544
0.145,0.203
0.022,1.121
-0.017,1.636
-0.063,2.19
0.026,-0.393
-0.098,1.855
-0.098,3.464
-0.03,-0.398
-0.159,1.129
-0.186,-0.402
-0.231,0.685
-0.269,3.105
-0.317,2.322
-0.27,0.03
-0.287,2.557
-0.291,-0.241
-0.455,1.776
-0.447,2.266
-0.571,3.164
-0.578,2.925
-0.478,0.921
-0.738,-0.025
-0.602,-0.312
-0.675,-0.208
-0.786,0.969
-0.863,2.869
-0.759,0.579
-0.868,1.147
-1.003,0.057
-1.264,2.72
-1.29,1.148
-1.388,1.814
-1.492,2.407
-1.562,2.077
-1.761,0.961
-1.794,-0.343
-1.664,-0.108
-1.801,0.044
-1.739,-0.235
-1.892,3.218
-1.81,0.8
-1.893,-0.135
-2.035,0.088
-1.9,1.253
-1.95,1.81
-2.321,1.113
-2.301,1.322
-2.538,-0.361
-2.732,-0.301
-2.704,1.16
-2.932,1.362
-3.046,-0.078
-3.128,3.32
-3.131,1.823
-3.137,1.133
-3.049,2.446
2.909,0.831
3.0,0.656
2.983,0.087
2.817,0.744
2.82,-0.764
2.351,-0.5
2.183,-0.524
2.15,-0.774
1.821,-0.868
1.307,-0.38
1.278,-0.629
1.262,-0.593
1.113,-0.621
0.109,-0.535
0.057,-0.84
-0.305,-0.839
-0.223,-0.605
-0.643,-0.503
-0.877,-0.492
-1.947,-0.641
-3.025,-0.541
3.089,-0.823
2.962,-0.492
1.702,3.791
0.51,3.794
0.537,3.954
0.332,3.823
0.147,3.587
-0.269,3.819
-1.41,3.752
-1.53,3.653
-2.063,3.717
-2.337,3.636
-2.635,3.848
0.857,-0.408
-1.8,0.983
-2.334,1.676
2.262,1.73
-2.773,3.262
-2.804,2.192
-2.956,2.458
-2.956,2.887
1.908,1.837
0.691,1.922
-0.374,1.889
-0.711,1.931
-1.592,1.942
-1.887,-0.732
-1.798,3.559
0.005,0.246
-0.107,-0.766
-0.117,-0.21
-0.079,0.622
-0.086,0.898
-0.257,0.371
-0.295,-0.361
-0.332,2.525
-0.434,2.421
-0.435,0.451
-0.43,2.754
-0.43,2.183
-0.452,1.88
-0.612,1.921
-0.593,2.554
-0.63,1.67
-0.712,1.208
-0.812,1.782
-0.777,-0.015
-1.057,0.911
-1.045,-0.965
-1.047,0.949
-1.118,0.41
-1.057,0.934
-1.09,-0.667
-1.106,0.074
-1.109,2.2
-1.132,0.31
-1.159,-0.292
-1.153,2.243
-1.223,1.548
-1.261,2.441
-1.335,1.782
-1.328,1.977
-1.431,0.671
-1.422,1.241
-1.446,1.462
-1.477,1.46
-1.563,1.149
-1.904,1.97
-1.999,0.696
-2.014,0.191
-1.941,0.658
-1.986,0.353
-2.189,1.187
-2.372,0.138
-2.482,2.495
-2.487,-0.326
-2.475,-0.023
-2.49,2.138
-2.611,-1.036
-2.674,-0.011
-2.775,-0.573
-2.761,1.003
-2.837,0.891
-2.968,-0.22
-3.059,0.82
-3.069,2.724
-3.103,2.813
3.114,-0.169
2.993,-0.153
2.89,2.18
2.861,-0.514
2.837,0.672
2.778,-1.349
2.277,-1.236
2.232,-1.36
1.777,-1.063
1.829,-1.13
1.581,-1.278
0.272,-1.483
-0.061,-1.513
-0.138,-1.5
-0.431,-1.221
-0.871,-1.212
-0.895,-1.465
-1.242,-1.408
-1.245,-1.403
-1.463,-1.577
-1.634,-1.59
-1.963,-1.062
-1.991,-1.404
-2.321,-1.242
-2.277,-1.461
-2.355,-1.449
-2.501,-1.537
-2.615,-1.22
2.949,-1.172
3.004,-1.135
2.687,2.813
2.233,3.13
2.035,3.323
1.795,3.023
0.816,3.003
-0.208,3.056
-0.344,3.098
-0.657,3.327
-2.388,2.953
-2.535,3.078
-2.644,3.029
-2.955,2.885
-2.909,3.342
-2.963,2.963
-2.903,3.069
-2.986,2.986
3.094,2.999
2.326,2.739
2.259,1.222
-2.35,-0.953
-2.888,-0.192
-0.688,3.037
-1.034,2.989
2.858,0.963
2.683,2.732
2.632,-0.867
2.683,1.154
2.601,1.737
2.508,0.256
2.511,0.186
2.418,1.172
2.414,-0.625
2.093,2.84
2.028,-0.838
2.02,2.466
2.15,1.8
2.057,2.834
2.029,1.334
1.999,-0.286
2.159,0.745
2.159,0.027
2.0,1.605
1.981,0.376
1.98,1.342
1.938,-0.168
1.912,1.964
1.814,0.392
1.792,1.453
1.86,-0.046
1.819,0.598
1.654,-0.291
1.683,-0.592
1.459,-0.698
1.366,0.583
1.504,2.139
1.331,1.037
1.239,2.417
1.365,0.844
1.231,-0.13
1.054,1.347
0.888,2.592
0.727,2.225
0.637,2.459
0.627,2.639
0.546,0.727
0.539,2.195
0.65,1.527
0.49,0.271
0.499,1.921
0.346,1.637
0.171,-0.775
0.251,0.903
0.243,2.916
0.156,-0.425
0.033,0.493
-0.006,1.008
-0.052,1.562
0.037,-1.021
-0.087,1.227
-0.087,2.836
-0.019,-1.026
-0.148,0.501
-0.175,-1.03
-0.22,0.057
-0.258,2.477
-0.306,1.694
-0.259,-0.598
-0.276,1.929
-0.28,-0.869
-0.444,1.148
-0.436,1.638
-0.56,2.536
-0.567,2.297
-0.467,0.293
-0.727,-0.653
-0.591,-0.94
-0.664,-0.836
-0.775,0.341
-0.852,2.241
-0.748,-0.049
-0.857,0.519
-0.992,-0.571
-1.253,2.092
-1.279,0.52
-1.377,1.186
-1.481,1.779
-1.551,1.449
-1.75,0.333
-1.783,-0.971
-1.653,-0.736
-1.79,-0.584
-1.728,-0.863
-1.881,2.59
-1.799,0.172
-1.882,-0.763
-2.024,-0.54
-1.889,0.625
-1.939,1.182
-2.31,0.485
-2.29,0.694
-2.527,-0.989
-2.721,-0.929
-2.693,0.532
-2.921,0.734
-3.035,-0.706
-3.117,2.692
-3.12,1.195
-3.126,0.505
-3.038,1.818
2.92,0.203
3.011,0.028
2.994,-0.541
2.828,0.116
2.831,-1.392
2.362,-1.128
2.194,-1.152
2.161,-1.402
1.832,-1.496
1.318,-1.008
1.289,-1.257
1.273,-1.221
1.124,-1.249
0.12,-1.163
0.068,-1.468
-0.294,-1.467
-0.212,-1.233
-0.632,-1.131
-0.866,-1.12
-1.936,-1.269
-3.014,-1.169
3.1,-1.451
2.973,-1.12
1.713,3.163
0.521,3.166
0.548,3.326
0.343,3.195
0.158,2.959
-0.258,3.191
-1.399,3.124
-1.519,3.025
-2.052,3.089
-2.326,3.008
-2.624,3.22
0.868,-1.036
-1.789,0.355
-2.323,1.048
2.273,1.102
-2.762,2.634
-2.793,1.564
-2.945,1.83
-2.945,2.259
1.919,1.209
0.702,1.294
-0.363,1.261
-0.7,1.303
-1.581,1.314
-1.876,-1.36
-1.787,2.931
-0.112,-1.012
-0.122,-0.456
-0.084,0.376
-0.091,0.652
-0.262,0.125
-0.3,-0.607
-0.337,2.279
-0.439,2.175
-0.44,0.205
-0.435,2.508
-0.435,1.937
-0.457,1.634
-0.617,1.675
-0.598,2.308
-0.635,1.424
-0.717,0.962
-0.817,1.536
-0.782,-0.261
-1.062,0.665
-1.05,-1.211
-1.052,0.703
-1.123,0.164
-1.062,0.688
-1.095,-0.913
-1.111,-0.172
-1.114,1.954
-1.137,0.064
-1.164,-0.538
-1.158,1.997
-1.228,1.302
-1.266,2.195
-1.34,1.536
-1.333,1.731
-1.436,0.425
-1.427,0.995
-1.451,1.216
-1.482,1.214
-1.568,0.903
-1.909,1.724
-2.004,0.45
-2.019,-0.055
-1.946,0.412
-1.991,0.107
-2.194,0.941
-2.377,-0.108
-2.487,2.249
-2.492,-0.572
-2.48,-0.269
-2.495,1.892
-2.616,-1.282
-2.679,-0.257
-2.78,-0.819
-2.766,0.757
-2.842,0.645
-2.973,-0.466
-3.064,0.574
-3.074,2.478
-3.108,2.567
3.109,-0.415
2.988,-0.399
2.885,1.934
2.856,-0.76
2.832,0.426
2.773,-1.595
2.272,-1.482
2.227,-1.606
1.772,-1.309
1.824,-1.376
1.576,-1.524
0.267,-1.729
-0.066,-1.759
-0.143,-1.746
-0.436,-1.467
-0.876,-1.458
-0.9,-1.711
-1.247,-1.654
-1.25,-1.649
-1.468,-1.823
-1.639,-1.836
-1.968,-1.308
-1.996,-1.65
-2.326,-1.488
-2.282,-1.707
-2.36,-1.695
-2.506,-1.783
-2.62,-1.466
2.944,-1.418
2.999,-1.381
2.682,2.567
2.228,2.884
2.03,3.077
1.79,2.777
0.811,2.757
-0.213,2.81
-0.349,2.852
-0.662,3.081
-2.393,2.707
-2.54,2.832
-2.649,2.783
-2.96,2.639
-2.914,3.096
-2.968,2.717
-2.908,2.823
-2.991,2.74
3.089,2.753
2.321,2.493
2.254,0.976
-2.355,-1.199
-2.893,-0.438
-0.693,2.791
-1.039,2.743
2.853,0.717
2.678,2.486
2.627,-1.113
2.678,0.908
2.596,1.491
2.503,0.01
2.506,-0.06
2.413,0.926
2.409,-0.871
2.088,2.594
2.023,-1.084
2.015,2.22
2.145,1.554
2.052,2.588
2.024,1.088
1.994,-0.532
2.154,0.499
2.154,-0.219
1.995,1.359
1.976,0.13
1.975,1.096
1.933,-0.414
1.907,1.718
1.809,0.146
1.787,1.207
1.855,-0.292
1.814,0.352
1.649,-0.537
1.678,-0.838
1.454,-0.944
1.361,0.337
1.499,1.893
1.326,0.791
1.234,2.171
1.36,0.598
1.226,-0.376
1.049,1.101
0.883,2.346
0.722,1.979
0.632,2.213
0.622,2.393
0.541,0.481
0.534,1.949
0.645,1.281
0.485,0.025
0.494,1.675
0.341,1.391
0.166,-1.021
0.246,0.657
0.238,2.67
0.151,-0.671
0.028,0.247
-0.011,0.762
-0.057,1.316
0.032,-1.267
-0.092,0.981
-0.092,2.59
-0.024,-1.272
-0.153,0.255
-0.18,-1.276
-0.225,-0.189
-0.263,2.231
-0.311,1.448
-0.264,-0.844
-0.281,1.683
-0.285,-1.115
-0.449,0.902
-0.441,1.392
-0.565,2.29
-0.572,2.051
-0.472,0.047
-0.732,-0.899
-0.596,-1.186
-0.669,-1.082
-0.78,0.095
-0.857,1.995
-0.753,-0.295
-0.862,0.273
-0.997,-0.817
-1.258,1.846
-1.284,0.274
-1.382,0.94
-1.486,1.533
-1.556,1.203
-1.755,0.087
-1.788,-1.217
-1.658,-0.982
-1.795,-0.83
-1.733,-1.109
-1.886,2.344
-1.804,-0.074
-1.887,-1.009
-2.029,-0.786
-1.894,0.379
-1.944,0.936
-2.315,0.239
-2.295,0.448
-2.532,-1.235
-2.726,-1.175
-2.698,0.286
-2.926,0.488
-3.04,-0.952
-3.122,2.446
-3.125,0.949
-3.131,0.259
-3.043,1.572
2.915,-0.043
3.006,-0.218
2.989,-0.787
2.823,-0.13
2.826,-1.638
2.357,-1.374
2.189,-1.398
2.156,-1.648
1.827,-1.742
1.313,-1.254
1.284,-1.503
1.268,-1.467
1.119,-1.495
0.115,-1.409
0.063,-1.714
-0.299,-1.713
-0.217,-1.479
-0.637,-1.377
-0.871,-1.366
-1.941,-1.515
-3.019,-1.415
3.095,-1.697
2.968,-1.366
1.708,2.917
0.516,2.92
0.543,3.08
0.338,2.949
0.153,2.713
-0.263,2.945
-1.404,2.878
-1.524,2.779
-2.057,2.843
-2.331,2.762
-2.629,2.974
0.863,-1.282
-1.794,0.109
-2.328,0.802
2.268,0.856
-2.767,2.388
-2.798,1.318
-2.95,1.584
-2.95,2.013
1.914,0.963
0.697,1.048
-0.368,1.015
-0.705,1.057
-1.586,1.068
-1.881,-1.606
-1.792,2.685
-0.01,0.556
0.028,1.388
0.021,1.664
-0.15,1.137
-0.188,0.405
-0.225,3.291
-0.327,3.187
-0.328,1.217
-0.323,3.52
-0.323,2.949
-0.345,2.646
-0.505,2.687
-0.486,3.32
-0.523,2.436
-0.605,1.974
-0.705,2.548
-0.67,0.751
-0.95,1.677
-0.938,-0.199
-0.94,1.715
-1.011,1.176
-0.95,1.7
-0.983,0.099
-0.999,0.84
-1.002,2.966
-1.025,1.076
-1.052,0.474
-1.046,3.009
-1.116,2.314
-1.154,3.207
-1.228,2.548
-1.221,2.743
-1.324,1.437
-1.315,2.007
-1.339,2.228
-1.37,2.226
-1.456,1.915
-1.797,2.736
-1.892,1.462
-1.907,0.957
-1.834,1.424
-1.879,1.119
-2.082,1.953
-2.265,0.904
-2.375,3.261
-2.38,0.44
-2.368,0.743
-2.383,2.904
-2.504,-0.27
-2.567,0.755
-2.668,0.193
-2.654,1.769
-2.73,1.657
-2.861,0.546
-2.952,1.586
-2.962,3.49
-2.996,3.579
-3.062,0.597
3.1,0.613
2.997,2.946
2.968,0.252
2.944,1.438
2.885,-0.583
2.384,-0.47
2.339,-0.594
1.884,-0.297
1.936,-0.364
1.688,-0.512
0.379,-0.717
0.046,-0.747
-0.031,-0.734
-0.324,-0.455
-0.764,-0.446
-0.788,-0.699
-1.135,-0.642
-1.138,-0.637
-1.356,-0.811
-1.527,-0.824
-1.856,-0.296
-1.884,-0.638
-2.214,-0.476
-2.17,-0.695
-2.248,-0.683
-2.394,-0.771
-2.508,-0.454
3.056,-0.406
3.111,-0.369
2.794,3.579
2.34,3.896
2.142,4.089
1.902,3.789
0.923,3.769
-0.101,3.822
-0.237,3.864
-0.55,4.093
-2.281,3.719
-2.428,3.844
-2.537,3.795
-2.848,3.651
-2.802,4.108
-2.856,3.729
-2.796,3.835
-2.879,3.752
-3.082,3.765
2.433,3.505
2.366,1.988
-2.243,-0.187
-2.781,0.574
-0.581,3.803
-0.927,3.755
2.965,1.729
2.79,3.498
2.739,-0.101
2.79,1.92
2.708,2.503
2.615,1.022
2.618,0.952
2.525,1.938
2.521,0.141
2.2,3.606
2.135,-0.072
2.127,3.232
2.257,2.566
2.164,3.6
2.136,2.1
2.106,0.48
2.266,1.511
2.266,0.793
2.107,2.371
2.088,1.142
2.087,2.108
2.045,0.598
2.019,2.73
1.921,1.158
1.899,2.219
1.967,0.72
1.926,1.364
1.761,0.475
1.79,0.174
1.566,0.068
1.473,1.349
1.611,2.905
1.438,1.803
1.346,3.183
1.472,1.61
1.338,0.636
1.161,2.113
0.995,3.358
0.834,2.991
0.744,3.225
0.734,3.405
0.653,1.493
0.646,2.961
0.757,2.293
0.597,1.037
0.606,2.687
0.453,2.403
0.278,-0.009
0.358,1.669
0.35,3.682
0.263,0.341
0.14,1.259
0.101,1.774
0.055,2.328
0.144,-0.255
0.02,1.993
0.02,3.602
0.088,-0.26
-0.041,1.267
-0.068,-0.264
-0.113,0.823
-0.151,3.243
-0.199,2.46
-0.152,0.168
-0.169,2.695
-0.173,-0.103
-0.337,1.914
-0.329,2.404
-0.453,3.302
-0.46,3.063
-0.36,1.059
-0.62,0.113
-0.484,-0.174
-0.557,-0.07
-0.668,1.107
-0.745,3.007
-0.641,0.717
-0.75,1.285
-0.885,0.195
-1.146,2.858
-1.172,1.286
-1.27,1.952
-1.374,2.545
-1.444,2.215
-1.643,1.099
-1.676,-0.205
-1.546,0.03
-1.683,0.182
-1.621,-0.097
-1.774,3.356
-1.692,0.938
-1.775,0.003
-1.917,0.226
-1.782,1.391
-1.832,1.948
-2.203,1.251
-2.183,1.46
-2.42,-0.223
-2.614,-0.163
-2.586,1.298
-2.814,1.5
-2.928,0.06
-3.01,3.458
-3.013,1.961
-3.019,1.271
-2.931,2.584
3.027,0.969
3.118,0.794
3.101,0.225
2.935,0.882
2.938,-0.626
2.469,-0.362
2.301,-0.386
2.268,-0.636
1.939,-0.73
1.425,-0.242
1.396,-0.491
1.38,-0.455
1.231,-0.483
0.227,-0.397
0.175,-0.702
-0.187,-0.701
-0.105,-0.467
-0.525,-0.365
-0.759,-0.354
-1.829,-0.503
-2.907,-0.403
-3.076,-0.685
3.08,-0.354
1.82,3.929
0.628,3.932
0.655,4.092
0.45,3.961
0.265,3.725
-0.151,3.957
-1.292,3.89
-1.412,3.791
-1.945,3.855
-2.219,3.774
-2.517,3.986
0.975,-0.27
-1.682,1.121
-2.216,1.814
2.38,1.868
-2.655,3.4
-2.686,2.33
-2.838,2.596
-2.838,3.025
2.026,1.975
0.809,2.06
-0.256,2.027
-0.593,2.069
-1.474,2.08
-1.769,-0.594
-1.68,3.697
0.038,0.832
0.031,1.108
-0.14,0.581
-0.178,-0.151
-0.215,2.735
-0.317,2.631
-0.318,0.661
-0.313,2.964
-0.313,2.393
-0.335,2.09
-0.495,2.131
-0.476,2.764
-0.513,1.88
-0.595,1.418
-0.695,1.992
-0.66,0.195
-0.94,1.121
-0.928,-0.755
-0.93,1.159
-1.001,0.62
-0.94,1.144
-0.973,-0.457
-0.989,0.284
-0.992,2.41
-1.015,0.52
-1.042,-0.082
-1.036,2.453
-1.106,1.758
-1.144,2.651
-1.218,1.992
-1.211,2.187
-1.314,0.881
-1.305,1.451
-1.329,1.672
-1.36,1.67
-1.446,1.359
-1.787,2.18
-1.882,0.906
-1.897,0.401
-1.824,0.868
-1.869,0.563
-2.072,1.397
-2.255,0.348
-2.365,2.705
-2.37,-0.116
-2.358,0.187
-2.373,2.348
-2.494,-0.826
-2.557,0.199
-2.658,-0.363
-2.644,1.213
-2.72,1.101
-2.851,-0.01
-2.942,1.03
-2.952,2.934
-2.986,3.023
-3.052,0.041
3.11,0.057
3.007,2.39
2.978,-0.304
2.954,0.882
2.895,-1.139
2.394,-1.026
2.349,-1.15
1.894,-0.853
1.946,-0.92
1.698,-1.068
0.389,-1.273
0.056,-1.303
-0.021,-1.29
-0.314,-1.011
-0.754,-1.002
-0.778,-1.255
-1.125,-1.198
-1.128,-1.193
-1.346,-1.367
-1.517,-1.38
-1.846,-0.852
-1.874,-1.194
-2.204,-1.032
-2.16,-1.251
-2.238,-1.239
-2.384,-1.327
-2.498,-1.01
3.066,-0.962
3.121,-0.925
2.804,3.023
2.35,3.34
2.152,3.533
1.912,3.233
0.933,3.213
-0.091,3.266
-0.227,3.308
-0.54,3.537
-2.271,3.163
-2.418,3.288
-2.527,3.239
-2.838,3.095
-2.792,3.552
-2.846,3.173
-2.786,3.279
-2.869,3.196
-3.072,3.209
2.443,2.949
2.376,1.432
-2.233,-0.743
-2.771,0.018
-0.571,3.247
-0.917,3.199
2.975,1.173
2.8,2.942
2.749,-0.657
2.8,1.364
2.718,1.947
2.625,0.466
2.628,0.396
2.535,1.382
2.531,-0.415
2.21,3.05
2.145,-0.628
2.137,2.676
2.267,2.01
2.174,3.044
2.146,1.544
2.116,-0.076
2.276,0.955
2.276,0.237
2.117,1.815
2.098,0.586
2.097,1.552
2.055,0.042
2.029,2.174
1.931,0.602
1.909,1.663
1.977,0.164
1.936,0.808
1.771,-0.081
1.8,-0.382
1.576,-0.488
1.483,0.793
1.621,2.349
1.448,1.247
1.356,2.627
1.482,1.054
1.348,0.08
1.171,1.557
1.005,2.802
0.844,2.435
0.754,2.669
0.744,2.849
0.663,0.937
0.656,2.405
0.767,1.737
0.607,0.481
0.616,2.131
0.463,1.847
0.288,-0.565
0.368,1.113
0.36,3.126
0.273,-0.215
0.15,0.703
0.111,1.218
0.065,1.772
0.154,-0.811
0.03,1.437
0.03,3.046
0.098,-0.816
-0.031,0.711
-0.058,-0.82
-0.103,0.267
-0.141,2.687
-0.189,1.904
-0.142,-0.388
-0.159,2.139
-0.163,-0.659
-0.327,1.358
-0.319,1.848
-0.443,2.746
-0.45,2.507
-0.35,0.503
-0.61,-0.443
-0.474,-0.73
-0.547,-0.626
-0.658,0.551
-0.735,2.451
-0.631,0.161
-0.74,0.729
-0.875,-0.361
-1.136,2.302
-1.162,0.73
-1.26,1.396
-1.364,1.989
-1.434,1.659
-1.633,0.543
-1.666,-0.761
-1.536,-0.526
-1.673,-0.374
-1.611,-0.653
-1.764,2.8
-1.682,0.382
-1.765,-0.553
-1.907,-0.33
-1.772,0.835
-1.822,1.392
-2.193,0.695
-2.173,0.904
-2.41,-0.779
-2.604,-0.719
-2.576,0.742
-2.804,0.944
-2.918,-0.496
-3.0,2.902
-3.003,1.405
-3.009,0.715
-2.921,2.028
3.037,0.413
3.128,0.238
3.111,-0.331
2.945,0.326
2.948,-1.182
2.479,-0.918
2.311,-0.942
2.278,-1.192
1.949,-1.286
1.435,-0.798
1.406,-1.047
1.39,-1.011
1.241,-1.039
0.237,-0.953
0.185,-1.258
-0.177,-1.257
-0.095,-1.023
-0.515,-0.921
-0.749,-0.91
-1.819,-1.059
-2.897,-0.959
-3.066,-1.241
3.09,-0.91
1.83,3.373
0.638,3.376
0.665,3.536
0.46,3.405
0.275,3.169
-0.141,3.401
-1.282,3.334
-1.402,3.235
-1.935,3.299
-2.209,3.218
-2.507,3.43
0.985,-0.826
-1.672,0.565
-2.206,1.258
2.39,1.312
-2.645,2.844
-2.676,1.774
-2.828,2.04
-2.828,2.469
2.036,1.419
0.819,1.504
-0.246,1.471
-0.583,1.513
-1.464,1.524
-1.759,-1.15
-1.67,3.141
-0.007,0.276
-0.178,-0.251
-0.216,-0.983
-0.253,1.903
-0.355,1.799
-0.356,-0.171
-0.351,2.132
-0.351,1.561
-0.373,1.258
-0.533,1.299
-0.514,1.932
-0.551,1.048
-0.633,0.586
-0.733,1.16
-0.698,-0.637
-0.978,0.289
-0.966,-1.587
-0.968,0.327
-1.039,-0.212
-0.978,0.312
-1.011,-1.289
-1.027,-0.548
-1.03,1.578
-1.053,-0.312
-1.08,-0.914
-1.074,1.621
-1.144,0.926
-1.182,1.819
-1.256,1.16
-1.249,1.355
-1.352,0.049
-1.343,0.619
-1.367,0.84
-1.398,0.838
-1.484,0.527
-1.825,1.348
-1.92,0.074
-1.935,-0.431
-1.862,0.036
-1.907,-0.269
-2.11,0.565
-2.293,-0.484
-2.403,1.873
-2.408,-0.948
-2.396,-0.645
-2.411,1.516
-2.532,-1.658
-2.595,-0.633
-2.696,-1.195
-2.682,0.381
-2.758,0.269
-2.889,-0.842
-2.98,0.198
-2.99,2.102
-3.024,2.191
-3.09,-0.791
3.072,-0.775
2.969,1.558
2.94,-1.136
2.916,0.05
2.857,-1.971
2.356,-1.858
2.311,-1.982
1.856,-1.685
1.908,-1.752
1.66,-1.9
0.351,-2.105
0.018,-2.135
-0.059,-2.122
-0.352,-1.843
-0.792,-1.834
-0.816,-2.087
-1.163,-2.03
-1.166,-2.025
-1.384,-2.199
-1.555,-2.212
-1.884,-1.684
-1.912,-2.026
-2.242,-1.864
-2.198,-2.083
-2.276,-2.071
-2.422,-2.159
-2.536,-1.842
3.028,-1.794
3.083,-1.757
2.766,2.191
2.312,2.508
2.114,2.701
1.874,2.401
0.895,2.381
-0.129,2.434
-0.265,2.476
-0.578,2.705
-2.309,2.331
-2.456,2.456
-2.565,2.407
-2.876,2.263
-2.83,2.72
-2.884,2.341
-2.824,2.447
-2.907,2.364
-3.11,2.377
2.405,2.117
2.338,0.6
-2.271,-1.575
-2.809,-0.814
-0.609,2.415
-0.955,2.367
2.937,0.341
2.762,2.11
2.711,-1.489
2.762,0.532
2.68,1.115
2.587,-0.366
2.59,-0.436
2.497,0.55
2.493,-1.247
2.172,2.218
2.107,-1.46
2.099,1.844
2.229,1.178
2.136,2.212
2.108,0.712
2.078,-0.908
2.238,0.123
2.238,-0.595
2.079,0.983
2.06,-0.246
2.059,0.72
2.017,-0.79
1.991,1.342
1.893,-0.23
1.871,0.831
1.939,-0.668
1.898,-0.024
1.733,-0.913
1.762,-1.214
1.538,-1.32
1.445,-0.039
1.583,1.517
1.41,0.415
1.318,1.795
1.444,0.222
1.31,-0.752
1.133,0.725
0.967,1.97
0.806,1.603
0.716,1.837
0.706,2.017
0.625,0.105
0.618,1.573
0.729,0.905
0.569,-0.351
0.578,1.299
0.425,1.015
0.25,-1.397
0.33,0.281
0.322,2.294
0.235,-1.047
0.112,-0.129
0.073,0.386
0.027,0.94
0.116,-1.643
-0.008,0.605
-0.008,2.214
0.06,-1.648
-0.069,-0.121
-0.096,-1.652
-0.141,-0.565
-0.179,1.855
-0.227,1.072
-0.18,-1.22
-0.197,1.307
-0.201,-1.491
-0.365,0.526
-0.357,1.016
-0.481,1.914
-0.488,1.675
-0.388,-0.329
-0.648,-1.275
-0.512,-1.562
-0.585,-1.458
-0.696,-0.281
-0.773,1.619
-0.669,-0.671
-0.778,-0.103
-0.913,-1.193
-1.174,1.47
-1.2,-0.102
-1.298,0.564
-1.402,1.157
-1.472,0.827
-1.671,-0.289
-1.704,-1.593
-1.574,-1.358
-1.711,-1.206
-1.649,-1.485
-1.802,1.968
-1.72,-0.45
-1.803,-1.385
-1.945,-1.162
-1.81,0.003
-1.86,0.56
-2.231,-0.137
-2.211,0.072
-2.448,-1.611
-2.642,-1.551
-2.614,-0.09
-2.842,0.112
-2.956,-1.328
-3.038,2.07
-3.041,0.573
-3.047,-0.117
-2.959,1.196
2.999,-0.419
3.09,-0.594
3.073,-1.163
2.907,-0.506
2.91,-2.014
2.441,-1.75
2.273,-1.774
2.24,-2.024
1.911,-2.118
1.397,-1.63
1.368,-1.879
1.352,-1.843
1.203,-1.871
0.199,-1.785
0.147,-2.09
-0.215,-2.089
-0.133,-1.855
-0.553,-1.753
-0.787,-1.742
-1.857,-1.891
-2.935,-1.791
-3.104,-2.073
3.052,-1.742
1.792,2.541
0.6,2.544
0.627,2.704
0.422,2.573
0.237,2.337
-0.179,2.569
-1.32,2.502
-1.44,2.403
-1.973,2.467
-2.247,2.386
-2.545,2.598
0.947,-1.658
-1.71,-0.267
-2.244,0.426
2.352,0.48
-2.683,2.012
-2.714,0.942
-2.866,1.208
-2.866,1.637
1.998,0.587
0.781,0.672
-0.284,0.639
-0.621,0.681
-1.502,0.692
-1.797,-1.982
-1.708,2.309
-0.171,-0.527
-0.209,-1.259
-0.246,1.627
-0.348,1.523
-0.349,-0.447
-0.344,1.856
-0.344,1.285
-0.366,0.982
-0.526,1.023
-0.507,1.656
-0.544,0.772
-0.626,0.31
-0.726,0.884
-0.691,-0.913
-0.971,0.013
-0.959,-1.863
-0.961,0.051
-1.032,-0.488
-0.971,0.036
-1.004,-1.565
-1.02,-0.824
-1.023,1.302
-1.046,-0.588
-1.073,-1.19
-1.067,1.345
-1.137,0.65
-1.175,1.543
-1.249,0.884
-1.242,1.079
-1.345,-0.227
-1.336,0.343
-1.36,0.564
-1.391,0.562
-1.477,0.251
-1.818,1.072
-1.913,-0.202
-1.928,-0.707
-1.855,-0.24
-1.9,-0.545
-2.103,0.289
-2.286,-0.76
-2.396,1.597
-2.401,-1.224
-2.389,-0.921
-2.404,1.24
-2.525,-1.934
-2.588,-0.909
-2.689,-1.471
-2.675,0.105
-2.751,-0.007
-2.882,-1.118
-2.973,-0.078
-2.983,1.826
-3.017,1.915
-3.083,-1.067
3.079,-1.051
2.976,1.282
2.947,-1.412
2.923,-0.226
2.864,-2.247
2.363,-2.134
2.318,-2.258
1.863,-1.961
1.915,-2.028
1.667,-2.176
0.358,-2.381
0.025,-2.411
-0.052,-2.398
-0.345,-2.119
-0.785,-2.11
-0.809,-2.363
-1.156,-2.306
-1.159,-2.301
-1.377,-2.475
-1.548,-2.488
-1.877,-1.96
-1.905,-2.302
-2.235,-2.14
-2.191,-2.359
-2.269,-2.347
-2.415,-2.435
-2.529,-2.118
3.035,-2.07
3.09,-2.033
2.773,1.915
2.319,2.232
2.121,2.425
1.881,2.125
0.902,2.105
-0.122,2.158
-0.258,2.2
-0.571,2.429
-2.302,2.055
-2.449,2.18
-2.558,2.131
-2.869,1.987
-2.823,2.444
-2.877,2.065
-2.817,2.171
-2.9,2.088
-3.103,2.101
2.412,1.841
2.345,0.324
-2.264,-1.851
-2.802,-1.09
-0.602,2.139
-0.948,2.091
2.944,0.065
2.769,1.834
2.718,-1.765
2.769,0.256
2.687,0.839
2.594,-0.642
2.597,-0.712
2.504,0.274
2.5,-1.523
2.179,1.942
2.114,-1.736
2.106,1.568
2.236,0.902
2.143,1.936
2.115,0.436
2.085,-1.184
2.245,-0.153
2.245,-0.871
2.086,0.707
2.067,-0.522
2.066,0.444
2.024,-1.066
1.998,1.066
1.9,-0.506
1.878,0.555
1.946,-0.944
1.905,-0.3
1.74,-1.189
1.769,-1.49
1.545,-1.596
1.452,-0.315
1.59,1.241
1.417,0.139
1.325,1.519
1.451,-0.054
1.317,-1.028
1.14,0.449
0.974,1.694
0.813,1.327
0.723,1.561
0.713,1.741
0.632,-0.171
0.625,1.297
0.736,0.629
0.576,-0.627
0.585,1.023
0.432,0.739
0.257,-1.673
0.337,0.005
0.329,2.018
0.242,-1.323
0.119,-0.405
0.08,0.11
0.034,0.664
0.123,-1.919
-0.001,0.329
-0.001,1.938
0.067,-1.924
-0.062,-0.397
-0.089,-1.928
-0.134,-0.841
-0.172,1.579
-0.22,0.796
-0.173,-1.496
-0.19,1.031
-0.194,-1.767
-0.358,0.25
-0.35,0.74
-0.474,1.638
-0.481,1.399
-0.381,-0.605
-0.641,-1.551
-0.505,-1.838
-0.578,-1.734
-0.689,-0.557
-0.766,1.343
-0.662,-0.947
-0.771,-0.379
-0.906,-1.469
-1.167,1.194
-1.193,-0.378
-1.291,0.288
-1.395,0.881
-1.465,0.551
-1.664,-0.565
-1.697,-1.869
-1.567,-1.634
-1.704,-1.482
-1.642,-1.761
-1.795,1.692
-1.713,-0.726
-1.796,-1.661
-1.938,-1.438
-1.803,-0.273
-1.853,0.284
-2.224,-0.413
-2.204,-0.204
-2.441,-1.887
-2.635,-1.827
-2.607,-0.366
-2.835,-0.164
-2.949,-1.604
-3.031,1.794
-3.034,0.297
-3.04,-0.393
-2.952,0.92
3.006,-0.695
3.097,-0.87
3.08,-1.439
2.914,-0.782
2.917,-2.29
2.448,-2.026
2.28,-2.05
2.247,-2.3
1.918,-2.394
1.404,-1.906
1.375,-2.155
1.359,-2.119
1.21,-2.147
0.206,-2.061
0.154,-2.366
-0.208,-2.365
-0.126,-2.131
-0.546,-2.029
-0.78,-2.018
-1.85,-2.167
-2.928,-2.067
-3.097,-2.349
3.059,-2.018
1.799,2.265
0.607,2.268
0.634,2.428
0.429,2.297
0.244,2.061
-0.172,2.293
-1.313,2.226
-1.433,2.127
-1.966,2.191
-2.24,2.11
-2.538,2.322
0.954,-1.934
-1.703,-0.543
-2.237,0.15
2.359,0.204
-2.676,1.736
-2.707,0.666
-2.859,0.932
-2.859,1.361
2.005,0.311
0.788,0.396
-0.277,0.363
-0.614,0.405
-1.495,0.416
-1.79,-2.258
-1.701,2.033
-0.038,-0.732
-0.075,2.154
-0.177,2.05
-0.178,0.08
-0.173,2.383
-0.173,1.812
-0.195,1.509
-0.355,1.55
-0.336,2.183
-0.373,1.299
-0.455,0.837
-0.555,1.411
-0.52,-0.386
-0.8,0.54
-0.788,-1.336
-0.79,0.578
-0.861,0.039
-0.8,0.563
-0.833,-1.038
-0.849,-0.297
-0.852,1.829
-0.875,-0.061
-0.902,-0.663
-0.896,1.872
-0.966,1.177
-1.004,2.07
-1.078,1.411
-1.071,1.606
-1.174,0.3
-1.165,0.87
-1.189,1.091
-1.22,1.089
-1.306,0.778
-1.647,1.599
-1.742,0.325
-1.757,-0.18
-1.684,0.287
-1.729,-0.018
-1.932,0.816
-2.115,-0.233
-2.225,2.124
-2.23,-0.697
-2.218,-0.394
-2.233,1.767
-2.354,-1.407
-2.417,-0.382
-2.518,-0.944
-2.504,0.632
-2.58,0.52
-2.711,-0.591
-2.802,0.449
-2.812,2.353
-2.846,2.442
-2.912,-0.54
-3.033,-0.524
-3.136,1.809
3.118,-0.885
3.094,0.301
3.035,-1.72
2.534,-1.607
2.489,-1.731
2.034,-1.434
2.086,-1.501
1.838,-1.649
0.529,-1.854
0.196,-1.884
0.119,-1.871
-0.174,-1.592
-0.614,-1.583
-0.638,-1.836
-0.985,-1.779
-0.988,-1.774
-1.206,-1.948
-1.377,-1.961
-1.706,-1.433
-1.734,-1.775
-2.064,-1.613
-2.02,-1.832
-2.098,-1.82
-2.244,-1.908
-2.358,-1.591
-3.077,-1.543
-3.022,-1.506
2.944,2.442
2.49,2.759
2.292,2.952
2.052,2.652
1.073,2.632
0.049,2.685
-0.087,2.727
-0.4,2.956
-2.131,2.582
-2.278,2.707
-2.387,2.658
-2.698,2.514
-2.652,2.971
-2.706,2.592
-2.646,2.698
-2.729,2.615
-2.932,2.628
2.583,2.368
2.516,0.851
-2.093,-1.324
-2.631,-0.563
-0.431,2.666
-0.777,2.618
3.115,0.592
2.94,2.361
2.889,-1.238
2.94,0.783
2.858,1.366
2.765,-0.115
2.768,-0.185
2.675,0.801
2.671,-0.996
2.35,2.469
2.285,-1.209
2.277,2.095
2.407,1.429
2.314,2.463
2.286,0.963
2.256,-0.657
2.416,0.374
2.416,-0.344
2.257,1.234
2.238,0.005
2.237,0.971
2.195,-0.539
2.169,1.593
2.071,0.021
2.049,1.082
2.117,-0.417
2.076,0.227
1.911,-0.662
1.94,-0.963
1.716,-1.069
1.623,0.212
1.761,1.768
1.588,0.666
1.496,2.046
1.622,0.473
1.488,-0.501
1.311,0.976
1.145,2.221
0.984,1.854
0.894,2.088
0.884,2.268
0.803,0.356
0.796,1.824
0.907,1.156
0.747,-0.1
0.756,1.55
0.603,1.266
0.428,-1.146
0.508,0.532
0.5,2.545
0.413,-0.796
0.29,0.122
0.251,0.637
0.205,1.191
0.294,-1.392
0.17,0.856
0.17,2.465
0.238,-1.397
0.109,0.13
0.082,-1.401
0.037,-0.314
-0.001,2.106
-0.049,1.323
-0.002,-0.969
-0.019,1.558
-0.023,-1.24
-0.187,0.777
-0.179,1.267
-0.303,2.165
-0.31,1.926
-0.21,-0.078
-0.47,-1.024
-0.334,-1.311
-0.407,-1.207
-0.518,-0.03
-0.595,1.87
-0.491,-0.42
-0.6,0.148
-0.735,-0.942
-0.996,1.721
-1.022,0.149
-1.12,0.815
-1.224,1.408
-1.294,1.078
-1.493,-0.038
-1.526,-1.342
-1.396,-1.107
-1.533,-0.955
-1.471,-1.234
-1.624,2.219
-1.542,-0.199
-1.625,-1.134
-1.767,-0.911
-1.632,0.254
-1.682,0.811
-2.053,0.114
-2.033,0.323
-2.27,-1.36
-2.464,-1.3
-2.436,0.161
-2.664,0.363
-2.778,-1.077
-2.86,2.321
-2.863,0.824
-2.869,0.134
-2.781,1.447
-3.106,-0.168
-3.015,-0.343
-3.032,-0.912
3.085,-0.255
3.088,-1.763
2.619,-1.499
2.451,-1.523
2.418,-1.773
2.089,-1.867
1.575,-1.379
1.546,-1.628
1.53,-1.592
1.381,-1.62
0.377,-1.534
0.325,-1.839
-0.037,-1.838
0.045,-1.604
-0.375,-1.502
-0.609,-1.491
-1.679,-1.64
-2.757,-1.54
-2.926,-1.822
-3.053,-1.491
1.97,2.792
0.778,2.795
0.805,2.955
0.6,2.824
0.415,2.588
-0.001,2.82
-1.142,2.753
-1.262,2.654
-1.795,2.718
-2.069,2.637
-2.367,2.849
1.125,-1.407
-1.532,-0.016
-2.066,0.677
2.53,0.731
-2.505,2.263
-2.536,1.193
-2.688,1.459
-2.688,1.888
2.176,0.838
0.959,0.923
-0.106,0.89
-0.443,0.932
-1.324,0.943
-1.619,-1.731
-1.53,2.56
-0.037,2.886
-0.139,2.782
-0.14,0.812
-0.135,3.115
-0.135,2.544
-0.157,2.241
-0.317,2.282
-0.298,2.915
-0.335,2.031
-0.417,1.569
-0.517,2.143
-0.482,0.346
-0.762,1.272
-0.75,-0.604
-0.752,1.31
-0.823,0.771
-0.762,1.295
-0.795,-0.306
-0.811,0.435
-0.814,2.561
-0.837,0.671
-0.864,0.069
-0.858,2.604
-0.928,1.909
-0.966,2.802
-1.04,2.143
-1.033,2.338
-1.136,1.032
-1.127,1.602
-1.151,1.823
-1.182,1.821
-1.268,1.51
-1.609,2.331
-1.704,1.057
-1.719,0.552
-1.646,1.019
-1.691,0.714
-1.894,1.548
-2.077,0.499
-2.187,2.856
-2.192,0.035
-2.18,0.338
-2.195,2.499
-2.316,-0.675
-2.379,0.35
-2.48,-0.212
-2.466,1.364
-2.542,1.252
-2.673,0.141
-2.764,1.181
-2.774,3.085
-2.808,3.174
-2.874,0.192
-2.995,0.208
-3.098,2.541
-3.127,-0.153
3.132,1.033
3.073,-0.988
2.572,-0.875
2.527,-0.999
2.072,-0.702
2.124,-0.769
1.876,-0.917
0.567,-1.122
0.234,-1.152
0.157,-1.139
-0.136,-0.86
-0.576,-0.851
-0.6,-1.104
-0.947,-1.047
-0.95,-1.042
-1.168,-1.216
-1.339,-1.229
-1.668,-0.701
-1.696,-1.043
-2.026,-0.881
-1.982,-1.1
-2.06,-1.088
-2.206,-1.176
-2.32,-0.859
-3.039,-0.811
-2.984,-0.774
2.982,3.174
2.528,3.491
2.33,3.684
2.09,3.384
1.111,3.364
0.087,3.417
-0.049,3.459
-0.362,3.688
-2.093,3.314
-2.24,3.439
-2.349,3.39
-2.66,3.246
-2.614,3.703
-2.668,3.324
-2.608,3.43
-2.691,3.347
-2.894,3.36
2.621,3.1
2.554,1.583
-2.055,-0.592
-2.593,0.169
-0.393,3.398
-0.739,3.35
-3.13,1.324
2.978,3.093
2.927,-0.506
2.978,1.515
2.896,2.098
2.803,0.617
2.806,0.547
2.713,1.533
2.709,-0.264
2.388,3.201
2.323,-0.477
2.315,2.827
2.445,2.161
2.352,3.195
2.324,1.695
2.294,0.075
2.454,1.106
2.454,0.388
2.295,1.966
2.276,0.737
2.275,1.703
2.233,0.193
2.207,2.325
2.109,0.753
2.087,1.814
2.155,0.315
2.114,0.959
1.949,0.07
1.978,-0.231
1.754,-0.337
1.661,0.944
1.799,2.5
1.626,1.398
1.534,2.778
1.66,1.205
1.526,0.231
1.349,1.708
1.183,2.953
1.022,2.586
0.932,2.82
0.922,3.0
0.841,1.088
0.834,2.556
0.945,1.888
0.785,0.632
0.794,2.282
0.641,1.998
0.466,-0.414
0.546,1.264
0.538,3.277
0.451,-0.064
0.328,0.854
0.289,1.369
0.243,1.923
0.332,-0.66
0.208,1.588
0.208,3.197
0.276,-0.665
0.147,0.862
0.12,-0.669
0.075,0.418
0.037,2.838
-0.011,2.055
0.036,-0.237
0.019,2.29
0.015,-0.508
-0.149,1.509
-0.141,1.999
-0.265,2.897
-0.272,2.658
-0.172,0.654
-0.432,-0.292
-0.296,-0.579
-0.369,-0.475
-0.48,0.702
-0.557,2.602
-0.453,0.312
-0.562,0.88
-0.697,-0.21
-0.958,2.453
-0.984,0.881
-1.082,1.547
-1.186,2.14
-1.256,1.81
-1.455,0.694
-1.488,-0.61
-1.358,-0.375
-1.495,-0.223
-1.433,-0.502
-1.586,2.951
-1.504,0.533
-1.587,-0.402
-1.729,-0.179
-1.594,0.986
-1.644,1.543
-2.015,0.846
-1.995,1.055
-2.232,-0.628
-2.426,-0.568
-2.398,0.893
-2.626,1.095
-2.74,-0.345
-2.822,3.053
-2.825,1.556
-2.831,0.866
-2.743,2.179
-3.068,0.564
-2.977,0.389
-2.994,-0.18
3.123,0.477
3.126,-1.031
2.657,-0.767
2.489,-0.791
2.456,-1.041
2.127,-1.135
1.613,-0.647
1.584,-0.896
1.568,-0.86
1.419,-0.888
0.415,-0.802
0.363,-1.107
0.001,-1.106
0.083,-0.872
-0.337,-0.77
-0.571,-0.759
-1.641,-0.908
-2.719,-0.808
-2.888,-1.09
-3.015,-0.759
2.008,3.524
0.816,3.527
0.843,3.687
0.638,3.556
0.453,3.32
0.037,3.552
-1.104,3.485
-1.224,3.386
-1.757,3.45
-2.031,3.369
-2.329,3.581
1.163,-0.675
-1.494,0.716
-2.028,1.409
2.568,1.463
-2.467,2.995
-2.498,1.925
-2.65,2.191
-2.65,2.62
2.214,1.57
0.997,1.655
-0.068,1.622
-0.405,1.664
-1.286,1.675
-1.581,-0.999
-1.492,3.292
-0.102,-0.104
-0.103,-2.074
-0.098,0.229
-0.098,-0.342
-0.12,-0.645
-0.28,-0.604
-0.261,0.029
-0.298,-0.855
-0.38,-1.317
-0.48,-0.743
-0.445,-2.54
-0.725,-1.614
-0.713,-3.49
-0.715,-1.576
-0.786,-2.115
-0.725,-1.591
-0.758,-3.192
-0.774,-2.451
-0.777,-0.325
-0.8,-2.215
-0.827,-2.817
-0.821,-0.282
-0.891,-0.977
-0.929,-0.084
-1.003,-0.743
-0.996,-0.548
-1.099,-1.854
-1.09,-1.284
-1.114,-1.063
-1.145,-1.065
-1.231,-1.376
-1.572,-0.555
-1.667,-1.829
-1.682,-2.334
-1.609,-1.867
-1.654,-2.172
-1.857,-1.338
-2.04,-2.387
-2.15,-0.03
-2.155,-2.851
-2.143,-2.548
-2.158,-0.387
-2.279,-3.561
-2.342,-2.536
-2.443,-3.098
-2.429,-1.522
-2.505,-1.634
-2.636,-2.745
-2.727,-1.705
-2.737,0.199
-2.771,0.288
-2.837,-2.694
-2.958,-2.678
-3.061,-0.345
-3.09,-3.039
-3.114,-1.853
3.11,-3.874
2.609,-3.761
2.564,-3.885
2.109,-3.588
2.161,-3.655
1.913,-3.803
0.604,-4.008
0.271,-4.038
0.194,-4.025
-0.099,-3.746
-0.539,-3.737
-0.563,-3.99
-0.91,-3.933
-0.913,-3.928
-1.131,-4.102
-1.302,-4.115
-1.631,-3.587
-1.659,-3.929
-1.989,-3.767
-1.945,-3.986
-2.023,-3.974
-2.169,-4.062
-2.283,-3.745
-3.002,-3.697
-2.947,-3.66
3.019,0.288
2.565,0.605
2.367,0.798
2.127,0.498
1.148,0.478
0.124,0.531
-0.012,0.573
-0.325,0.802
-2.056,0.428
-2.203,0.553
-2.312,0.504
-2.623,0.36
-2.577,0.817
-2.631,0.438
-2.571,0.544
-2.654,0.461
-2.857,0.474
2.658,0.214
2.591,-1.303
-2.018,-3.478
-2.556,-2.717
-0.356,0.512
-0.702,0.464
-3.093,-1.562
3.015,0.207
2.964,-3.392
3.015,-1.371
2.933,-0.788
2.84,-2.269
2.843,-2.339
2.75,-1.353
2.746,-3.15
2.425,0.315
2.36,-3.363
2.352,-0.059
2.482,-0.725
2.389,0.309
2.361,-1.191
2.331,-2.811
2.491,-1.78
2.491,-2.498
2.332,-0.92
2.313,-2.149
2.312,-1.183
2.27,-2.693
2.244,-0.561
2.146,-2.133
2.124,-1.072
2.192,-2.571
2.151,-1.927
1.986,-2.816
2.015,-3.117
1.791,-3.223
1.698,-1.942
1.836,-0.386
1.663,-1.488
1.571,-0.108
1.697,-1.681
1.563,-2.655
1.386,-1.178
1.22,0.067
1.059,-0.3
0.969,-0.066
0.959,0.114
0.878,-1.798
0.871,-0.33
0.982,-0.998
0.822,-2.254
0.831,-0.604
0.678,-0.888
0.503,-3.3
0.583,-1.622
0.575,0.391
0.488,-2.95
0.365,-2.032
0.326,-1.517
0.28,-0.963
0.369,-3.546
0.245,-1.298
0.245,0.311
0.313,-3.551
0.184,-2.024
0.157,-3.555
0.112,-2.468
0.074,-0.048
0.026,-0.831
0.073,-3.123
0.056,-0.596
0.052,-3.394
-0.112,-1.377
-0.104,-0.887
-0.228,0.011
-0.235,-0.228
-0.135,-2.232
-0.395,-3.178
-0.259,-3.465
-0.332,-3.361
-0.443,-2.184
-0.52,-0.284
-0.416,-2.574
-0.525,-2.006
-0.66,-3.096
-0.921,-0.433
-0.947,-2.005
-1.045,-1.339
-1.149,-0.746
-1.219,-1.076
-1.418,-2.192
-1.451,-3.496
-1.321,-3.261
-1.458,-3.109
-1.396,-3.388
-1.549,0.065
-1.467,-2.353
-1.55,-3.288
-1.692,-3.065
-1.557,-1.9
-1.607,-1.343
-1.978,-2.04
-1.958,-1.831
-2.195,-3.514
-2.389,-3.454
-2.361,-1.993
-2.589,-1.791
-2.703,-3.231
-2.785,0.167
-2.788,-1.33
-2.794,-2.02
-2.706,-0.707
-3.031,-2.322
-2.94,-2.497
-2.957,-3.066
-3.123,-2.409
-3.12,-3.917
2.694,-3.653
2.526,-3.677
2.493,-3.927
2.164,-4.021
1.65,-3.533
1.621,-3.782
1.605,-3.746
1.456,-3.774
0.452,-3.688
0.4,-3.993
0.038,-3.992
0.12,-3.758
-0.3,-3.656
-0.534,-3.645
-1.604,-3.794
-2.682,-3.694
-2.851,-3.976
-2.978,-3.645
2.045,0.638
0.853,0.641
0.88,0.801
0.675,0.67
0.49,0.434
0.074,0.666
-1.067,0.599
-1.187,0.5
-1.72,0.564
-1.994,0.483
-2.292,0.695
1.2,-3.561
-1.457,-2.17
-1.991,-1.477
2.605,-1.423
-2.43,0.109
-2.461,-0.961
-2.613,-0.695
-2.613,-0.266
2.251,-1.316
1.034,-1.231
-0.031,-1.264
-0.368,-1.222
-1.249,-1.211
-1.544,-3.885
-1.455,0.406
-0.001,-1.97
0.004,0.333
0.004,-0.238
-0.018,-0.541
-0.178,-0.5
-0.159,0.133
-0.196,-0.751
-0.278,-1.213
-0.378,-0.639
-0.343,-2.436
-0.623,-1.51
-0.611,-3.386
-0.613,-1.472
-0.684,-2.011
-0.623,-1.487
-0.656,-3.088
-0.672,-2.347
-0.675,-0.221
-0.698,-2.111
-0.725,-2.713
-0.719,-0.178
-0.789,-0.873
-0.827,0.02
-0.901,-0.639
-0.894,-0.444
-0.997,-1.75
-0.988,-1.18
-1.012,-0.959
-1.043,-0.961
-1.129,-1.272
-1.47,-0.451
-1.565,-1.725
-1.58,-2.23
-1.507,-1.763
-1.552,-2.068
-1.755,-1.234
-1.938,-2.283
-2.048,0.074
-2.053,-2.747
-2.041,-2.444
-2.056,-0.283
-2.177,-3.457
-2.24,-2.432
-2.341,-2.994
-2.327,-1.418
-2.403,-1.53
-2.534,-2.641
-2.625,-1.601
-2.635,0.303
-2.669,0.392
-2.735,-2.59
-2.856,-2.574
-2.959,-0.241
-2.988,-2.935
-3.012,-1.749
-3.071,-3.77
2.711,-3.657
2.666,-3.781
2.211,-3.484
2.263,-3.551
2.015,-3.699
0.706,-3.904
0.373,-3.934
0.296,-3.921
0.003,-3.642
-0.437,-3.633
-0.461,-3.886
-0.808,-3.829
-0.811,-3.824
-1.029,-3.998
-1.2,-4.011
-1.529,-3.483
-1.557,-3.825
-1.887,-3.663
-1.843,-3.882
-1.921,-3.87
-2.067,-3.958
-2.181,-3.641
-2.9,-3.593
-2.845,-3.556
3.121,0.392
2.667,0.709
2.469,0.902
2.229,0.602
1.25,0.582
0.226,0.635
0.09,0.677
-0.223,0.906
-1.954,0.532
-2.101,0.657
-2.21,0.608
-2.521,0.464
-2.475,0.921
-2.529,0.542
-2.469,0.648
-2.552,0.565
-2.755,0.578
2.76,0.318
2.693,-1.199
-1.916,-3.374
-2.454,-2.613
-0.254,0.616
-0.6,0.568
-2.991,-1.458
3.117,0.311
3.066,-3.288
3.117,-1.267
3.035,-0.684
2.942,-2.165
2.945,-2.235
2.852,-1.249
2.848,-3.046
2.527,0.419
2.462,-3.259
2.454,0.045
2.584,-0.621
2.491,0.413
2.463,-1.087
2.433,-2.707
2.593,-1.676
2.593,-2.394
2.434,-0.816
2.415,-2.045
2.414,-1.079
2.372,-2.589
2.346,-0.457
2.248,-2.029
2.226,-0.968
2.294,-2.467
2.253,-1.823
2.088,-2.712
2.117,-3.013
1.893,-3.119
1.8,-1.838
1.938,-0.282
1.765,-1.384
1.673,-0.004
1.799,-1.577
1.665,-2.551
1.488,-1.074
1.322,0.171
1.161,-0.196
1.071,0.038
1.061,0.218
0.98,-1.694
0.973,-0.226
1.084,-0.894
0.924,-2.15
0.933,-0.5
0.78,-0.784
0.605,-3.196
0.685,-1.518
0.677,0.495
0.59,-2.846
0.467,-1.928
0.428,-1.413
0.382,-0.859
0.471,-3.442
0.347,-1.194
0.347,0.415
0.415,-3.447
0.286,-1.92
0.259,-3.451
0.214,-2.364
0.176,0.056
0.128,-0.727
0.175,-3.019
0.158,-0.492
0.154,-3.29
-0.01,-1.273
-0.002,-0.783
-0.126,0.115
-0.133,-0.124
-0.033,-2.128
-0.293,-3.074
-0.157,-3.361
-0.23,-3.257
-0.341,-2.08
-0.418,-0.18
-0.314,-2.47
-0.423,-1.902
-0.558,-2.992
-0.819,-0.329
-0.845,-1.901
-0.943,-1.235
-1.047,-0.642
-1.117,-0.972
-1.316,-2.088
-1.349,-3.392
-1.219,-3.157
-1.356,-3.005
-1.294,-3.284
-1.447,0.169
-1.365,-2.249
-1.448,-3.184
-1.59,-2.961
-1.455,-1.796
-1.505,-1.239
-1.876,-1.936
-1.856,-1.727
-2.093,-3.41
-2.287,-3.35
-2.259,-1.889
-2.487,-1.687
-2.601,-3.127
-2.683,0.271
-2.686,-1.226
-2.692,-1.916
-2.604,-0.603
-2.929,-2.218
-2.838,-2.393
-2.855,-2.962
-3.021,-2.305
-3.018,-3.813
2.796,-3.549
2.628,-3.573
2.595,-3.823
2.266,-3.917
1.752,-3.429
1.723,-3.678
1.707,-3.642
1.558,-3.67
0.554,-3.584
0.502,-3.889
0.14,-3.888
0.222,-3.654
-0.198,-3.552
-0.432,-3.541
-1.502,-3.69
-2.58,-3.59
-2.749,-3.872
-2.876,-3.541
2.147,0.742
0.955,0.745
0.982,0.905
0.777,0.774
0.592,0.538
0.176,0.77
-0.965,0.703
-1.085,0.604
-1.618,0.668
-1.892,0.587
-2.19,0.799
1.302,-3.457
-1.355,-2.066
-1.889,-1.373
2.707,-1.319
-2.328,0.213
-2.359,-0.857
-2.511,-0.591
-2.511,-0.162
2.353,-1.212
1.136,-1.127
0.071,-1.16
-0.266,-1.118
-1.147,-1.107
-1.442,-3.781
-1.353,0.51
0.005,2.303
0.005,1.732
-0.017,1.429
-0.177,1.47
-0.158,2.103
-0.195,1.219
-0.277,0.757
-0.377,1.331
-0.342,-0.466
-0.622,0.46
-0.61,-1.416
-0.612,0.498
-0.683,-0.041
-0.622,0.483
-0.655,-1.118
-0.671,-0.377
-0.674,1.749
-0.697,-0.141
-0.724,-0.743
-0.718,1.792
-0.788,1.097
-0.826,1.99
-0.9,1.331
-0.893,1.526
-0.996,0.22
-0.987,0.79
-1.011,1.011
-1.042,1.009
-1.128,0.698
-1.469,1.519
-1.564,0.245
-1.579,-0.26
-1.506,0.207
-1.551,-0.098
-1.754,0.736
-1.937,-0.313
-2.047,2.044
-2.052,-0.777
-2.04,-0.474
-2.055,1.687
-2.176,-1.487
-2.239,-0.462
-2.34,-1.024
-2.326,0.552
-2.402,0.44
-2.533,-0.671
-2.624,0.369
-2.634,2.273
-2.668,2.362
-2.734,-0.62
-2.855,-0.604
-2.958,1.729
-2.987,-0.965
-3.011,0.221
-3.07,-1.8
2.712,-1.687
2.667,-1.811
2.212,-1.514
2.264,-1.581
2.016,-1.729
0.707,-1.934
0.374,-1.964
0.297,-1.951
0.004,-1.672
-0.436,-1.663
-0.46,-1.916
-0.807,-1.859
-0.81,-1.854
-1.028,-2.028
-1.199,-2.041
-1.528,-1.513
-1.556,-1.855
-1.886,-1.693
-1.842,-1.912
-1.92,-1.9
-2.066,-1.988
-2.18,-1.671
-2.899,-1.623
-2.844,-1.586
3.122,2.362
2.668,2.679
2.47,2.872
2.23,2.572
1.251,2.552
0.227,2.605
0.091,2.647
-0.222,2.876
-1.953,2.502
-2.1,2.627
-2.209,2.578
-2.52,2.434
-2.474,2.891
-2.528,2.512
-2.468,2.618
-2.551,2.535
-2.754,2.548
2.761,2.288
2.694,0.771
-1.915,-1.404
-2.453,-0.643
-0.253,2.586
-0.599,2.538
-2.99,0.512
3.118,2.281
3.067,-1.318
3.118,0.703
3.036,1.286
2.943,-0.195
2.946,-0.265
2.853,0.721
2.849,-1.076
2.528,2.389
2.463,-1.289
2.455,2.015
2.585,1.349
2.492,2.383
2.464,0.883
2.434,-0.737
2.594,0.294
2.594,-0.424
2.435,1.154
2.416,-0.075
2.415,0.891
2.373,-0.619
2.347,1.513
2.249,-0.059
2.227,1.002
2.295,-0.497
2.254,0.147
2.089,-0.742
2.118,-1.043
1.894,-1.149
1.801,0.132
1.939,1.688
1.766,0.586
1.674,1.966
1.8,0.393
1.666,-0.581
1.489,0.896
1.323,2.141
1.162,1.774
1.072,2.008
1.062,2.188
0.981,0.276
0.974,1.744
1.085,1.076
0.925,-0.18
0.934,1.47
0.781,1.186
0.606,-1.226
0.686,0.452
0.678,2.465
0.591,-0.876
0.468,0.042
0.429,0.557
0.383,1.111
0.472,-1.472
0.348,0.776
0.348,2.385
0.416,-1.477
0.287,0.05
0.26,-1.481
0.215,-0.394
0.177,2.026
0.129,1.243
0.176,-1.049
0.159,1.478
0.155,-1.32
-0.009,0.697
-0.001,1.187
-0.125,2.085
-0.132,1.846
-0.032,-0.158
-0.292,-1.104
-0.156,-1.391
-0.229,-1.287
-0.34,-0.11
-0.417,1.79
-0.313,-0.5
-0.422,0.068
-0.557,-1.022
-0.818,1.641
-0.844,0.069
-0.942,0.735
-1.046,1.328
-1.116,0.998
-1.315,-0.118
-1.348,-1.422
-1.218,-1.187
-1.355,-1.035
-1.293,-1.314
-1.446,2.139
-1.364,-0.279
-1.447,-1.214
-1.589,-0.991
-1.454,0.174
-1.504,0.731
-1.875,0.034
-1.855,0.243
-2.092,-1.44
-2.286,-1.38
-2.258,0.081
-2.486,0.283
-2.6,-1.157
-2.682,2.241
-2.685,0.744
-2.691,0.054
-2.603,1.367
-2.928,-0.248
-2.837,-0.423
-2.854,-0.992
-3.02,-0.335
-3.017,-1.843
2.797,-1.579
2.629,-1.603
2.596,-1.853
2.267,-1.947
1.753,-1.459
1.724,-1.708
1.708,-1.672
1.559,-1.7
0.555,-1.614
0.503,-1.919
0.141,-1.918
0.223,-1.684
-0.197,-1.582
-0.431,-1.571
-1.501,-1.72
-2.579,-1.62
-2.748,-1.902
-2.875,-1.571
2.148,2.712
0.956,2.715
0.983,2.875
0.778,2.744
0.593,2.508
0.177,2.74
-0.964,2.673
-1.084,2.574
-1.617,2.638
-1.891,2.557
-2.189,2.769
1.303,-1.487
-1.354,-0.096
-1.888,0.597
2.708,0.651
-2.327,2.183
-2.358,1.113
-2.51,1.379
-2.51,1.808
2.354,0.758
1.137,0.843
0.072,0.81
-0.265,0.852
-1.146,0.863
-1.441,-1.811
-1.352,2.48
0.0,-0.571
-0.022,-0.874
-0.182,-0.833
-0.163,-0.2
-0.2,-1.084
-0.282,-1.546
-0.382,-0.972
-0.347,-2.769
-0.627,-1.843
-0.615,-3.719
-0.617,-1.805
-0.688,-2.344
-0.627,-1.82
-0.66,-3.421
-0.676,-2.68
-0.679,-0.554
-0.702,-2.444
-0.729,-3.046
-0.723,-0.511
-0.793,-1.206
-0.831,-0.313
-0.905,-0.972
-0.898,-0.777
-1.001,-2.083
-0.992,-1.513
-1.016,-1.292
-1.047,-1.294
-1.133,-1.605
-1.474,-0.784
-1.569,-2.058
-1.584,-2.563
-1.511,-2.096
-1.556,-2.401
-1.759,-1.567
-1.942,-2.616
-2.052,-0.259
-2.057,-3.08
-2.045,-2.777
-2.06,-0.616
-2.181,-3.79
-2.244,-2.765
-2.345,-3.327
-2.331,-1.751
-2.407,-1.863
-2.538,-2.974
-2.629,-1.934
-2.639,-0.03
-2.673,0.059
-2.739,-2.923
-2.86,-2.907
-2.963,-0.574
-2.992,-3.268
-3.016,-2.082
-3.075,-4.103
2.707,-3.99
2.662,-4.114
2.207,-3.817
2.259,-3.884
2.011,-4.032
0.702,-4.237
0.369,-4.267
0.292,-4.254
-0.001,-3.975
-0.441,-3.966
-0.465,-4.219
-0.812,-4.162
-0.815,-4.157
-1.033,-4.331
-1.204,-4.344
-1.533,-3.816
-1.561,-4.158
-1.891,-3.996
-1.847,-4.215
-1.925,-4.203
-2.071,-4.291
-2.185,-3.974
-2.904,-3.926
-2.849,-3.889
3.117,0.059
2.663,0.376
2.465,0.569
2.225,0.269
1.246,0.249
0.222,0.302
0.086,0.344
-0.227,0.573
-1.958,0.199
-2.105,0.324
-2.214,0.275
-2.525,0.131
-2.479,0.588
-2.533,0.209
-2.473,0.315
-2.556,0.232
-2.759,0.245
2.756,-0.015
2.689,-1.532
-1.92,-3.707
-2.458,-2.946
-0.258,0.283
-0.604,0.235
-2.995,-1.791
3.113,-0.022
3.062,-3.621
3.113,-1.6
3.031,-1.017
2.938,-2.498
2.941,-2.568
2.848,-1.582
2.844,-3.379
2.523,0.086
2.458,-3.592
2.45,-0.288
2.58,-0.954
2.487,0.08
2.459,-1.42
2.429,-3.04
2.589,-2.009
2.589,-2.727
2.43,-1.149
2.411,-2.378
2.41,-1.412
2.368,-2.922
2.342,-0.79
2.244,-2.362
2.222,-1.301
2.29,-2.8
2.249,-2.156
2.084,-3.045
2.113,-3.346
1.889,-3.452
1.796,-2.171
1.934,-0.615
1.761,-1.717
1.669,-0.337
1.795,-1.91
1.661,-2.884
1.484,-1.407
1.318,-0.162
1.157,-0.529
1.067,-0.295
1.057,-0.115
0.976,-2.027
0.969,-0.559
1.08,-1.227
0.92,-2.483
0.929,-0.833
0.776,-1.117
0.601,-3.529
0.681,-1.851
0.673,0.162
0.586,-3.179
0.463,-2.261
0.424,-1.746
0.378,-1.192
0.467,-3.775
0.343,-1.527
0.343,0.082
0.411,-3.78
0.282,-2.253
0.255,-3.784
0.21,-2.697
0.172,-0.277
0.124,-1.06
0.171,-3.352
0.154,-0.825
0.15,-3.623
-0.014,-1.606
-0.006,-1.116
-0.13,-0.218
-0.137,-0.457
-0.037,-2.461
-0.297,-3.407
-0.161,-3.694
-0.234,-3.59
-0.345,-2.413
-0.422,-0.513
-0.318,-2.803
-0.427,-2.235
-0.562,-3.325
-0.823,-0.662
-0.849,-2.234
-0.947,-1.568
-1.051,-0.975
-1.121,-1.305
-1.32,-2.421
-1.353,-3.725
-1.223,-3.49
-1.36,-3.338
-1.298,-3.617
-1.451,-0.164
-1.369,-2.582
-1.452,-3.517
-1.594,-3.294
-1.459,-2.129
-1.509,-1.572
-1.88,-2.269
-1.86,-2.06
-2.097,-3.743
-2.291,-3.683
-2.263,-2.222
-2.491,-2.02
-2.605,-3.46
-2.687,-0.062
-2.69,-1.559
-2.696,-2.249
-2.608,-0.936
-2.933,-2.551
-2.842,-2.726
-2.859,-3.295
-3.025,-2.638
-3.022,-4.146
2.792,-3.882
2.624,-3.906
2.591,-4.156
2.262,-4.25
1.748,-3.762
1.719,-4.011
1.703,-3.975
1.554,-4.003
0.55,-3.917
0.498,-4.222
0.136,-4.221
0.218,-3.987
-0.202,-3.885
-0.436,-3.874
-1.506,-4.023
-2.584,-3.923
-2.753,-4.205
-2.88,-3.874
2.143,0.409
0.951,0.412
0.978,0.572
0.773,0.441
0.588,0.205
0.172,0.437
-0.969,0.37
-1.089,0.271
-1.622,0.335
-1.896,0.254
-2.194,0.466
1.298,-3.79
-1.359,-2.399
-1.893,-1.706
2.703,-1.652
-2.332,-0.12
-2.363,-1.19
-2.515,-0.924
-2.515,-0.495
2.349,-1.545
1.132,-1.46
0.067,-1.493
-0.27,-1.451
-1.151,-1.44
-1.446,-4.114
-1.357,0.177
-0.022,-0.303
-0.182,-0.262
-0.163,0.371
-0.2,-0.513
-0.282,-0.975
-0.382,-0.401
-0.347,-2.198
-0.627,-1.272
-0.615,-3.148
-0.617,-1.234
-0.688,-1.773
-0.627,-1.249
-0.66,-2.85
-0.676,-2.109
-0.679,0.017
-0.702,-1.873
-0.729,-2.475
-0.723,0.06
-0.793,-0.635
-0.831,0.258
-0.905,-0.401
-0.898,-0.206
-1.001,-1.512
-0.992,-0.942
-1.016,-0.721
-1.047,-0.723
-1.133,-1.034
-1.474,-0.213
-1.569,-1.487
-1.584,-1.992
-1.511,-1.525
-1.556,-1.83
-1.759,-0.996
-1.942,-2.045
-2.052,0.312
-2.057,-2.509
-2.045,-2.206
-2.06,-0.045
-2.181,-3.219
-2.244,-2.194
-2.345,-2.756
-2.331,-1.18
-2.407,-1.292
-2.538,-2.403
-2.629,-1.363
-2.639,0.541
-2.673,0.63
-2.739,-2.352
-2.86,-2.336
-2.963,-0.003
-2.992,-2.697
-3.016,-1.511
-3.075,-3.532
2.707,-3.419
2.662,-3.543
2.207,-3.246
2.259,-3.313
2.011,-3.461
0.702,-3.666
0.369,-3.696
0.292,-3.683
-0.001,-3.404
-0.441,-3.395
-0.465,-3.648
-0.812,-3.591
-0.815,-3.586
-1.033,-3.76
-1.204,-3.773
-1.533,-3.245
-1.561,-3.587
-1.891,-3.425
-1.847,-3.644
-1.925,-3.632
-2.071,-3.72
-2.185,-3.403
-2.904,-3.355
-2.849,-3.318
3.117,0.63
2.663,0.947
2.465,1.14
2.225,0.84
1.246,0.82
0.222,0.873
0.086,0.915
-0.227,1.144
-1.958,0.77
-2.105,0.895
-2.214,0.846
-2.525,0.702
-2.479,1.159
-2.533,0.78
-2.473,0.886
-2.556,0.803
-2.759,0.816
2.756,0.556
2.689,-0.961
-1.92,-3.136
-2.458,-2.375
-0.258,0.854
-0.604,0.806
-2.995,-1.22
3.113,0.549
3.062,-3.05
3.113,-1.029
3.031,-0.446
2.938,-1.927
2.941,-1.997
2.848,-1.011
2.844,-2.808
2.523,0.657
2.458,-3.021
2.45,0.283
2.58,-0.383
2.487,0.651
2.459,-0.849
2.429,-2.469
2.589,-1.438
2.589,-2.156
2.43,-0.578
2.411,-1.807
2.41,-0.841
2.368,-2.351
2.342,-0.219
2.244,-1.791
2.222,-0.73
2.29,-2.229
2.249,-1.585
2.084,-2.474
2.113,-2.775
1.889,-2.881
1.796,-1.6
1.934,-0.044
1.761,-1.146
1.669,0.234
1.795,-1.339
1.661,-2.313
1.484,-0.836
1.318,0.409
1.157,0.042
1.067,0.276
1.057,0.456
0.976,-1.456
0.969,0.012
1.08,-0.656
0.92,-1.912
0.929,-0.262
0.776,-0.546
0.601,-2.958
0.681,-1.28
0.673,0.733
0.586,-2.608
0.463,-1.69
0.424,-1.175
0.378,-0.621
0.467,-3.204
0.343,-0.956
0.343,0.653
0.411,-3.209
0.282,-1.682
0.255,-3.213
0.21,-2.126
0.172,0.294
0.124,-0.489
0.171,-2.781
0.154,-0.254
0.15,-3.052
-0.014,-1.035
-0.006,-0.545
-0.13,0.353
-0.137,0.114
-0.037,-1.89
-0.297,-2.836
-0.161,-3.123
-0.234,-3.019
-0.345,-1.842
-0.422,0.058
-0.318,-2.232
-0.427,-1.664
-0.562,-2.754
-0.823,-0.091
-0.849,-1.663
-0.947,-0.997
-1.051,-0.404
-1.121,-0.734
-1.32,-1.85
-1.353,-3.154
-1.223,-2.919
-1.36,-2.767
-1.298,-3.046
-1.451,0.407
-1.369,-2.011
-1.452,-2.946
-1.594,-2.723
-1.459,-1.558
-1.509,-1.001
-1.88,-1.698
-1.86,-1.489
-2.097,-3.172
-2.291,-3.112
-2.263,-1.651
-2.491,-1.449
-2.605,-2.889
-2.687,0.509
-2.69,-0.988
-2.696,-1.678
-2.608,-0.365
-2.933,-1.98
-2.842,-2.155
-2.859,-2.724
-3.025,-2.067
-3.022,-3.575
2.792,-3.311
2.624,-3.335
2.591,-3.585
2.262,-3.679
1.748,-3.191
1.719,-3.44
1.703,-3.404
1.554,-3.432
0.55,-3.346
0.498,-3.651
0.136,-3.65
0.218,-3.416
-0.202,-3.314
-0.436,-3.303
-1.506,-3.452
-2.584,-3.352
-2.753,-3.634
-2.88,-3.303
2.143,0.98
0.951,0.983
0.978,1.143
0.773,1.012
0.588,0.776
0.172,1.008
-0.969,0.941
-1.089,0.842
-1.622,0.906
-1.896,0.825
-2.194,1.037
1.298,-3.219
-1.359,-1.828
-1.893,-1.135
2.703,-1.081
-2.332,0.451
-2.363,-0.619
-2.515,-0.353
-2.515,0.076
2.349,-0.974
1.132,-0.889
0.067,-0.922
-0.27,-0.88
-1.151,-0.869
-1.446,-3.543
-1.357,0.748
-0.16,0.041
-0.141,0.674
-0.178,-0.21
-0.26,-0.672
-0.36,-0.098
-0.325,-1.895
-0.605,-0.969
-0.593,-2.845
-0.595,-0.931
-0.666,-1.47
-0.605,-0.946
-0.638,-2.547
-0.654,-1.806
-0.657,0.32
-0.68,-1.57
-0.707,-2.172
-0.701,0.363
-0.771,-0.332
-0.809,0.561
-0.883,-0.098
-0.876,0.097
-0.979,-1.209
-0.97,-0.639
-0.994,-0.418
-1.025,-0.42
-1.111,-0.731
-1.452,0.09
-1.547,-1.184
-1.562,-1.689
-1.489,-1.222
-1.534,-1.527
-1.737,-0.693
-1.92,-1.742
-2.03,0.615
-2.035,-2.206
-2.023,-1.903
-2.038,0.258
-2.159,-2.916
-2.222,-1.891
-2.323,-2.453
-2.309,-0.877
-2.385,-0.989
-2.516,-2.1
-2.607,-1.06
-2.617,0.844
-2.651,0.933
-2.717,-2.049
-2.838,-2.033
-2.941,0.3
-2.97,-2.394
-2.994,-1.208
-3.053,-3.229
2.729,-3.116
2.684,-3.24
2.229,-2.943
2.281,-3.01
2.033,-3.158
0.724,-3.363
0.391,-3.393
0.314,-3.38
0.021,-3.101
-0.419,-3.092
-0.443,-3.345
-0.79,-3.288
-0.793,-3.283
-1.011,-3.457
-1.182,-3.47
-1.511,-2.942
-1.539,-3.284
-1.869,-3.122
-1.825,-3.341
-1.903,-3.329
-2.049,-3.417
-2.163,-3.1
-2.882,-3.052
-2.827,-3.015
3.139,0.933
2.685,1.25
2.487,1.443
2.247,1.143
1.268,1.123
0.244,1.176
0.108,1.218
-0.205,1.447
-1.936,1.073
-2.083,1.198
-2.192,1.149
-2.503,1.005
-2.457,1.462
-2.511,1.083
-2.451,1.189
-2.534,1.106
-2.737,1.119
2.778,0.859
2.711,-0.658
-1.898,-2.833
-2.436,-2.072
-0.236,1.157
-0.582,1.109
-2.973,-0.917
3.135,0.852
3.084,-2.747
3.135,-0.726
3.053,-0.143
2.96,-1.624
2.963,-1.694
2.87,-0.708
2.866,-2.505
2.545,0.96
2.48,-2.718
2.472,0.586
2.602,-0.08
2.509,0.954
2.481,-0.546
2.451,-2.166
2.611,-1.135
2.611,-1.853
2.452,-0.275
2.433,-1.504
2.432,-0.538
2.39,-2.048
2.364,0.084
2.266,-1.488
2.244,-0.427
2.312,-1.926
2.271,-1.282
2.106,-2.171
2.135,-2.472
1.911,-2.578
1.818,-1.297
1.956,0.259
1.783,-0.843
1.691,0.537
1.817,-1.036
1.683,-2.01
1.506,-0.533
1.34,0.712
1.179,0.345
1.089,0.579
1.079,0.759
0.998,-1.153
0.991,0.315
1.102,-0.353
0.942,-1.609
0.951,0.041
0.798,-0.243
0.623,-2.655
0.703,-0.977
0.695,1.036
0.608,-2.305
0.485,-1.387
0.446,-0.872
0.4,-0.318
0.489,-2.901
0.365,-0.653
0.365,0.956
0.433,-2.906
0.304,-1.379
0.277,-2.91
0.232,-1.823
0.194,0.597
0.146,-0.186
0.193,-2.478
0.176,0.049
0.172,-2.749
0.008,-0.732
0.016,-0.242
-0.108,0.656
-0.115,0.417
-0.015,-1.587
-0.275,-2.533
-0.139,-2.82
-0.212,-2.716
-0.323,-1.539
-0.4,0.361
-0.296,-1.929
-0.405,-1.361
-0.54,-2.451
-0.801,0.212
-0.827,-1.36
-0.925,-0.694
-1.029,-0.101
-1.099,-0.431
-1.298,-1.547
-1.331,-2.851
-1.201,-2.616
-1.338,-2.464
-1.276,-2.743
-1.429,0.71
-1.347,-1.708
-1.43,-2.643
-1.572,-2.42
-1.437,-1.255
-1.487,-0.698
-1.858,-1.395
-1.838,-1.186
-2.075,-2.869
-2.269,-2.809
-2.241,-1.348
-2.469,-1.146
-2.583,-2.586
-2.665,0.812
-2.668,-0.685
-2.674,-1.375
-2.586,-0.062
-2.911,-1.677
-2.82,-1.852
-2.837,-2.421
-3.003,-1.764
-3.0,-3.272
2.814,-3.008
2.646,-3.032
2.613,-3.282
2.284,-3.376
1.77,-2.888
1.741,-3.137
1.725,-3.101
1.576,-3.129
0.572,-3.043
0.52,-3.348
0.158,-3.347
0.24,-3.113
-0.18,-3.011
-0.414,-3.0
-1.484,-3.149
-2.562,-3.049
-2.731,-3.331
-2.858,-3.0
2.165,1.283
0.973,1.286
1.0,1.446
0.795,1.315
0.61,1.079
0.194,1.311
-0.947,1.244
-1.067,1.145
-1.6,1.209
-1.874,1.128
-2.172,1.34
1.32,-2.916
-1.337,-1.525
-1.871,-0.832
2.725,-0.778
-2.31,0.754
-2.341,-0.316
-2.493,-0.05
-2.493,0.379
2.371,-0.671
1.154,-0.586
0.089,-0.619
-0.248,-0.577
-1.129,-0.566
-1.424,-3.24
-1.335,1.051
0.019,0.633
-0.018,-0.251
-0.1,-0.713
-0.2,-0.139
-0.165,-1.936
-0.445,-1.01
-0.433,-2.886
-0.435,-0.972
-0.506,-1.511
-0.445,-0.987
-0.478,-2.588
-0.494,-1.847
-0.497,0.279
-0.52,-1.611
-0.547,-2.213
-0.541,0.322
-0.611,-0.373
-0.649,0.52
-0.723,-0.139
-0.716,0.056
-0.819,-1.25
-0.81,-0.68
-0.834,-0.459
-0.865,-0.461
-0.951,-0.772
-1.292,0.049
-1.387,-1.225
-1.402,-1.73
-1.329,-1.263
-1.374,-1.568
-1.577,-0.734
-1.76,-1.783
-1.87,0.574
-1.875,-2.247
-1.863,-1.944
-1.878,0.217
-1.999,-2.957
-2.062,-1.932
-2.163,-2.494
-2.149,-0.918
-2.225,-1.03
-2.356,-2.141
-2.447,-1.101
-2.457,0.803
-2.491,0.892
-2.557,-2.09
-2.678,-2.074
-2.781,0.259
-2.81,-2.435
-2.834,-1.249
-2.893,-3.27
2.889,-3.157
2.844,-3.281
2.389,-2.984
2.441,-3.051
2.193,-3.199
0.884,-3.404
0.551,-3.434
0.474,-3.421
0.181,-3.142
-0.259,-3.133
-0.283,-3.386
-0.63,-3.329
-0.633,-3.324
-0.851,-3.498
-1.022,-3.511
-1.351,-2.983
-1.379,-3.325
-1.709,-3.163
-1.665,-3.382
-1.743,-3.37
-1.889,-3.458
-2.003,-3.141
-2.722,-3.093
-2.667,-3.056
-2.984,0.892
2.845,1.209
2.647,1.402
2.407,1.102
1.428,1.082
0.404,1.135
0.268,1.177
-0.045,1.406
-1.776,1.032
-1.923,1.157
-2.032,1.108
-2.343,0.964
-2.297,1.421
-2.351,1.042
-2.291,1.148
-2.374,1.065
-2.577,1.078
2.938,0.818
2.871,-0.699
-1.738,-2.874
-2.276,-2.113
-0.076,1.116
-0.422,1.068
-2.813,-0.958
-2.988,0.811
-3.039,-2.788
-2.988,-0.767
-3.07,-0.184
3.12,-1.665
3.123,-1.735
3.03,-0.749
3.026,-2.546
2.705,0.919
2.64,-2.759
2.632,0.545
2.762,-0.121
2.669,0.913
2.641,-0.587
2.611,-2.207
2.771,-1.176
2.771,-1.894
2.612,-0.316
2.593,-1.545
2.592,-0.579
2.55,-2.089
2.524,0.043
2.426,-1.529
2.404,-0.468
2.472,-1.967
2.431,-1.323
2.266,-2.212
2.295,-2.513
2.071,-2.619
1.978,-1.338
2.116,0.218
1.943,-0.884
1.851,0.496
1.977,-1.077
1.843,-2.051
1.666,-0.574
1.5,0.671
1.339,0.304
1.249,0.538
1.239,0.718
1.158,-1.194
1.151,0.274
1.262,-0.394
1.102,-1.65
1.111,0.0
0.958,-0.284
0.783,-2.696
0.863,-1.018
0.855,0.995
0.768,-2.346
0.645,-1.428
0.606,-0.913
0.56,-0.359
0.649,-2.942
0.525,-0.694
0.525,0.915
0.593,-2.947
0.464,-1.42
0.437,-2.951
0.392,-1.864
0.354,0.556
0.306,-0.227
0.353,-2.519
0.336,0.008
0.332,-2.79
0.168,-0.773
0.176,-0.283
0.052,0.615
0.045,0.376
0.145,-1.628
-0.115,-2.574
0.021,-2.861
-0.052,-2.757
-0.163,-1.58
-0.24,0.32
-0.136,-1.97
-0.245,-1.402
-0.38,-2.492
-0.641,0.171
-0.667,-1.401
-0.765,-0.735
-0.869,-0.142
-0.939,-0.472
-1.138,-1.588
-1.171,-2.892
-1.041,-2.657
-1.178,-2.505
-1.116,-2.784
-1.269,0.669
-1.187,-1.749
-1.27,-2.684
-1.412,-2.461
-1.277,-1.296
-1.327,-0.739
-1.698,-1.436
-1.678,-1.227
-1.915,-2.91
-2.109,-2.85
-2.081,-1.389
-2.309,-1.187
-2.423,-2.627
-2.505,0.771
-2.508,-0.726
-2.514,-1.416
-2.426,-0.103
-2.751,-1.718
-2.66,-1.893
-2.677,-2.462
-2.843,-1.805
-2.84,-3.313
2.974,-3.049
2.806,-3.073
2.773,-3.323
2.444,-3.417
1.93,-2.929
1.901,-3.178
1.885,-3.142
1.736,-3.17
0.732,-3.084
0.68,-3.389
0.318,-3.388
0.4,-3.154
-0.02,-3.052
-0.254,-3.041
-1.324,-3.19
-2.402,-3.09
-2.571,-3.372
-2.698,-3.041
2.325,1.242
1.133,1.245
1.16,1.405
0.955,1.274
0.77,1.038
0.354,1.27
-0.787,1.203
-0.907,1.104
-1.44,1.168
-1.714,1.087
-2.012,1.299
1.48,-2.957
-1.177,-1.566
-1.711,-0.873
2.885,-0.819
-2.15,0.713
-2.181,-0.357
-2.333,-0.091
-2.333,0.338
2.531,-0.712
1.314,-0.627
0.249,-0.66
-0.088,-0.618
-0.969,-0.607
-1.264,-3.281
-1.175,1.01
-0.037,-0.884
-0.119,-1.346
-0.219,-0.772
-0.184,-2.569
-0.464,-1.643
-0.452,-3.519
-0.454,-1.605
-0.525,-2.144
-0.464,-1.62
-0.497,-3.221
-0.513,-2.48
-0.516,-0.354
-0.539,-2.244
-0.566,-2.846
-0.56,-0.311
-0.63,-1.006
-0.668,-0.113
-0.742,-0.772
-0.735,-0.577
-0.838,-1.883
-0.829,-1.313
-0.853,-1.092
-0.884,-1.094
-0.97,-1.405
-1.311,-0.584
-1.406,-1.858
-1.421,-2.363
-1.348,-1.896
-1.393,-2.201
-1.596,-1.367
-1.779,-2.416
-1.889,-0.059
-1.894,-2.88
-1.882,-2.577
-1.897,-0.416
-2.018,-3.59
-2.081,-2.565
-2.182,-3.127
-2.168,-1.551
-2.244,-1.663
-2.375,-2.774
-2.466,-1.734
-2.476,0.17
-2.51,0.259
-2.576,-2.723
-2.697,-2.707
-2.8,-0.374
-2.829,-3.068
-2.853,-1.882
-2.912,-3.903
2.87,-3.79
2.825,-3.914
2.37,-3.617
2.422,-3.684
2.174,-3.832
0.865,-4.037
0.532,-4.067
0.455,-4.054
0.162,-3.775
-0.278,-3.766
-0.302,-4.019
-0.649,-3.962
-0.652,-3.957
-0.87,-4.131
-1.041,-4.144
-1.37,-3.616
-1.398,-3.958
-1.728,-3.796
-1.684,-4.015
-1.762,-4.003
-1.908,-4.091
-2.022,-3.774
-2.741,-3.726
-2.686,-3.689
-3.003,0.259
2.826,0.576
2.628,0.769
2.388,0.469
1.409,0.449
0.385,0.502
0.249,0.544
-0.064,0.773
-1.795,0.399
-1.942,0.524
-2.051,0.475
-2.362,0.331
-2.316,0.788
-2.37,0.409
-2.31,0.515
-2.393,0.432
-2.596,0.445
2.919,0.185
2.852,-1.332
-1.757,-3.507
-2.295,-2.746
-0.095,0.483
-0.441,0.435
-2.832,-1.591
-3.007,0.178
-3.058,-3.421
-3.007,-1.4
-3.089,-0.817
3.101,-2.298
3.104,-2.368
3.011,-1.382
3.007,-3.179
2.686,0.286
2.621,-3.392
2.613,-0.088
2.743,-0.754
2.65,0.28
2.622,-1.22
2.592,-2.84
2.752,-1.809
2.752,-2.527
2.593,-0.949
2.574,-2.178
2.573,-1.212
2.531,-2.722
2.505,-0.59
2.407,-2.162
2.385,-1.101
2.453,-2.6
2.412,-1.956
2.247,-2.845
2.276,-3.146
2.052,-3.252
1.959,-1.971
2.097,-0.415
1.924,-1.517
1.832,-0.137
1.958,-1.71
1.824,-2.684
1.647,-1.207
1.481,0.038
1.32,-0.329
1.23,-0.095
1.22,0.085
1.139,-1.827
1.132,-0.359
1.243,-1.027
1.083,-2.283
1.092,-0.633
0.939,-0.917
0.764,-3.329
0.844,-1.651
0.836,0.362
0.749,-2.979
0.626,-2.061
0.587,-1.546
0.541,-0.992
0.63,-3.575
0.506,-1.327
0.506,0.282
0.574,-3.58
0.445,-2.053
0.418,-3.584
0.373,-2.497
0.335,-0.077
0.287,-0.86
0.334,-3.152
0.317,-0.625
0.313,-3.423
0.149,-1.406
0.157,-0.916
0.033,-0.018
0.026,-0.257
0.126,-2.261
-0.134,-3.207
0.002,-3.494
-0.071,-3.39
-0.182,-2.213
-0.259,-0.313
-0.155,-2.603
-0.264,-2.035
-0.399,-3.125
-0.66,-0.462
-0.686,-2.034
-0.784,-1.368
-0.888,-0.775
-0.958,-1.105
-1.157,-2.221
-1.19,-3.525
-1.06,-3.29
-1.197,-3.138
-1.135,-3.417
-1.288,0.036
-1.206,-2.382
-1.289,-3.317
-1.431,-3.094
-1.296,-1.929
-1.346,-1.372
-1.717,-2.069
-1.697,-1.86
-1.934,-3.543
-2.128,-3.483
-2.1,-2.022
-2.328,-1.82
-2.442,-3.26
-2.524,0.138
-2.527,-1.359
-2.533,-2.049
-2.445,-0.736
-2.77,-2.351
-2.679,-2.526
-2.696,-3.095
-2.862,-2.438
-2.859,-3.946
2.955,-3.682
2.787,-3.706
2.754,-3.956
2.425,-4.05
1.911,-3.562
1.882,-3.811
1.866,-3.775
1.717,-3.803
0.713,-3.717
0.661,-4.022
0.299,-4.021
0.381,-3.787
-0.039,-3.685
-0.273,-3.674
-1.343,-3.823
-2.421,-3.723
-2.59,-4.005
-2.717,-3.674
2.306,0.609
1.114,0.612
1.141,0.772
0.936,0.641
0.751,0.405
0.335,0.637
-0.806,0.57
-0.926,0.471
-1.459,0.535
-1.733,0.454
-2.031,0.666
1.461,-3.59
-1.196,-2.199
-1.73,-1.506
2.866,-1.452
-2.169,0.08
-2.2,-0.99
-2.352,-0.724
-2.352,-0.295
2.512,-1.345
1.295,-1.26
0.23,-1.293
-0.107,-1.251
-0.988,-1.24
-1.283,-3.914
-1.194,0.377
-0.082,-0.462
-0.182,0.112
-0.147,-1.685
-0.427,-0.759
-0.415,-2.635
-0.417,-0.721
-0.488,-1.26
-0.427,-0.736
-0.46,-2.337
-0.476,-1.596
-0.479,0.53
-0.502,-1.36
-0.529,-1.962
-0.523,0.573
-0.593,-0.122
-0.631,0.771
-0.705,0.112
-0.698,0.307
-0.801,-0.999
-0.792,-0.429
-0.816,-0.208
-0.847,-0.21
-0.933,-0.521
-1.274,0.3
-1.369,-0.974
-1.384,-1.479
-1.311,-1.012
-1.356,-1.317
-1.559,-0.483
-1.742,-1.532
-1.852,0.825
-1.857,-1.996
-1.845,-1.693
-1.86,0.468
-1.981,-2.706
-2.044,-1.681
-2.145,-2.243
-2.131,-0.667
-2.207,-0.779
-2.338,-1.89
-2.429,-0.85
-2.439,1.054
-2.473,1.143
-2.539,-1.839
-2.66,-1.823
-2.763,0.51
-2.792,-2.184
-2.816,-0.998
-2.875,-3.019
2.907,-2.906
2.862,-3.03
2.407,-2.733
2.459,-2.8
2.211,-2.948
0.902,-3.153
0.569,-3.183
0.492,-3.17
0.199,-2.891
-0.241,-2.882
-0.265,-3.135
-0.612,-3.078
-0.615,-3.073
-0.833,-3.247
-1.004,-3.26
-1.333,-2.732
-1.361,-3.074
-1.691,-2.912
-1.647,-3.131
-1.725,-3.119
-1.871,-3.207
-1.985,-2.89
-2.704,-2.842
-2.649,-2.805
-2.966,1.143
2.863,1.46
2.665,1.653
2.425,1.353
1.446,1.333
0.422,1.386
0.286,1.428
-0.027,1.657
-1.758,1.283
-1.905,1.408
-2.014,1.359
-2.325,1.215
-2.279,1.672
-2.333,1.293
-2.273,1.399
-2.356,1.316
-2.559,1.329
2.956,1.069
2.889,-0.448
-1.72,-2.623
-2.258,-1.862
-0.058,1.367
-0.404,1.319
-2.795,-0.707
-2.97,1.062
-3.021,-2.537
-2.97,-0.516
-3.052,0.067
3.138,-1.414
3.141,-1.484
3.048,-0.498
3.044,-2.295
2.723,1.17
2.658,-2.508
2.65,0.796
2.78,0.13
2.687,1.164
2.659,-0.336
2.629,-1.956
2.789,-0.925
2.789,-1.643
2.63,-0.065
2.611,-1.294
2.61,-0.328
2.568,-1.838
2.542,0.294
2.444,-1.278
2.422,-0.217
2.49,-1.716
2.449,-1.072
2.284,-1.961
2.313,-2.262
2.089,-2.368
1.996,-1.087
2.134,0.469
1.961,-0.633
1.869,0.747
1.995,-0.826
1.861,-1.8
1.684,-0.323
1.518,0.922
1.357,0.555
1.267,0.789
1.257,0.969
1.176,-0.943
1.169,0.525
1.28,-0.143
1.12,-1.399
1.129,0.251
0.976,-0.033
0.801,-2.445
0.881,-0.767
0.873,1.246
0.786,-2.095
0.663,-1.177
0.624,-0.662
0.578,-0.108
0.667,-2.691
0.543,-0.443
0.543,1.166
0.611,-2.696
0.482,-1.169
0.455,-2.7
0.41,-1.613
0.372,0.807
0.324,0.024
0.371,-2.268
0.354,0.259
0.35,-2.539
0.186,-0.522
0.194,-0.032
0.07,0.866
0.063,0.627
0.163,-1.377
-0.097,-2.323
0.039,-2.61
-0.034,-2.506
-0.145,-1.329
-0.222,0.571
-0.118,-1.719
-0.227,-1.151
-0.362,-2.241
-0.623,0.422
-0.649,-1.15
-0.747,-0.484
-0.851,0.109
-0.921,-0.221
-1.12,-1.337
-1.153,-2.641
-1.023,-2.406
-1.16,-2.254
-1.098,-2.533
-1.251,0.92
-1.169,-1.498
-1.252,-2.433
-1.394,-2.21
-1.259,-1.045
-1.309,-0.488
-1.68,-1.185
-1.66,-0.976
-1.897,-2.659
-2.091,-2.599
-2.063,-1.138
-2.291,-0.936
-2.405,-2.376
-2.487,1.022
-2.49,-0.475
-2.496,-1.165
-2.408,0.148
-2.733,-1.467
-2.642,-1.642
-2.659,-2.211
-2.825,-1.554
-2.822,-3.062
2.992,-2.798
2.824,-2.822
2.791,-3.072
2.462,-3.166
1.948,-2.678
1.919,-2.927
1.903,-2.891
1.754,-2.919
0.75,-2.833
0.698,-3.138
0.336,-3.137
0.418,-2.903
-0.002,-2.801
-0.236,-2.79
-1.306,-2.939
-2.384,-2.839
-2.553,-3.121
-2.68,-2.79
2.343,1.493
1.151,1.496
1.178,1.656
0.973,1.525
0.788,1.289
0.372,1.521
-0.769,1.454
-0.889,1.355
-1.422,1.419
-1.696,1.338
-1.994,1.55
1.498,-2.706
-1.159,-1.315
-1.693,-0.622
2.903,-0.568
-2.132,0.964
-2.163,-0.106
-2.315,0.16
-2.315,0.589
2.549,-0.461
1.332,-0.376
0.267,-0.409
-0.07,-0.367
-0.951,-0.356
-1.246,-3.03
-1.157,1.261
-0.1,0.574
-0.065,-1.223
-0.345,-0.297
-0.333,-2.173
-0.335,-0.259
-0.406,-0.798
-0.345,-0.274
-0.378,-1.875
-0.394,-1.134
-0.397,0.992
-0.42,-0.898
-0.447,-1.5
-0.441,1.035
-0.511,0.34
-0.549,1.233
-0.623,0.574
-0.616,0.769
-0.719,-0.537
-0.71,0.033
-0.734,0.254
-0.765,0.252
-0.851,-0.059
-1.192,0.762
-1.287,-0.512
-1.302,-1.017
-1.229,-0.55
-1.274,-0.855
-1.477,-0.021
-1.66,-1.07
-1.77,1.287
-1.775,-1.534
-1.763,-1.231
-1.778,0.93
-1.899,-2.244
-1.962,-1.219
-2.063,-1.781
-2.049,-0.205
-2.125,-0.317
-2.256,-1.428
-2.347,-0.388
-2.357,1.516
-2.391,1.605
-2.457,-1.377
-2.578,-1.361
-2.681,0.972
-2.71,-1.722
-2.734,-0.536
-2.793,-2.557
2.989,-2.444
2.944,-2.568
2.489,-2.271
2.541,-2.338
2.293,-2.486
0.984,-2.691
0.651,-2.721
0.574,-2.708
0.281,-2.429
-0.159,-2.42
-0.183,-2.673
-0.53,-2.616
-0.533,-2.611
-0.751,-2.785
-0.922,-2.798
-1.251,-2.27
-1.279,-2.612
-1.609,-2.45
-1.565,-2.669
-1.643,-2.657
-1.789,-2.745
-1.903,-2.428
-2.622,-2.38
-2.567,-2.343
-2.884,1.605
2.945,1.922
2.747,2.115
2.507,1.815
1.528,1.795
0.504,1.848
0.368,1.89
0.055,2.119
-1.676,1.745
-1.823,1.87
-1.932,1.821
-2.243,1.677
-2.197,2.134
-2.251,1.755
-2.191,1.861
-2.274,1.778
-2.477,1.791
3.038,1.531
2.971,0.014
-1.638,-2.161
-2.176,-1.4
0.024,1.829
-0.322,1.781
-2.713,-0.245
-2.888,1.524
-2.939,-2.075
-2.888,-0.054
-2.97,0.529
-3.063,-0.952
-3.06,-1.022
3.13,-0.036
3.126,-1.833
2.805,1.632
2.74,-2.046
2.732,1.258
2.862,0.592
2.769,1.626
2.741,0.126
2.711,-1.494
2.871,-0.463
2.871,-1.181
2.712,0.397
2.693,-0.832
2.692,0.134
2.65,-1.376
2.624,0.756
2.526,-0.816
2.504,0.245
2.572,-1.254
2.531,-0.61
2.366,-1.499
2.395,-1.8
2.171,-1.906
2.078,-0.625
2.216,0.931
2.043,-0.171
1.951,1.209
2.077,-0.364
1.943,-1.338
1.766,0.139
1.6,1.384
1.439,1.017
1.349,1.251
1.339,1.431
1.258,-0.481
1.251,0.987
1.362,0.319
1.202,-0.937
1.211,0.713
1.058,0.429
0.883,-1.983
0.963,-0.305
0.955,1.708
0.868,-1.633
0.745,-0.715
0.706,-0.2
0.66,0.354
0.749,-2.229
0.625,0.019
0.625,1.628
0.693,-2.234
0.564,-0.707
0.537,-2.238
0.492,-1.151
0.454,1.269
0.406,0.486
0.453,-1.806
0.436,0.721
0.432,-2.077
0.268,-0.06
0.276,0.43
0.152,1.328
0.145,1.089
0.245,-0.915
-0.015,-1.861
0.121,-2.148
0.048,-2.044
-0.063,-0.867
-0.14,1.033
-0.036,-1.257
-0.145,-0.689
-0.28,-1.779
-0.541,0.884
-0.567,-0.688
-0.665,-0.022
-0.769,0.571
-0.839,0.241
-1.038,-0.875
-1.071,-2.179
-0.941,-1.944
-1.078,-1.792
-1.016,-2.071
-1.169,1.382
-1.087,-1.036
-1.17,-1.971
-1.312,-1.748
-1.177,-0.583
-1.227,-0.026
-1.598,-0.723
-1.578,-0.514
-1.815,-2.197
-2.009,-2.137
-1.981,-0.676
-2.209,-0.474
-2.323,-1.914
-2.405,1.484
-2.408,-0.013
-2.414,-0.703
-2.326,0.61
-2.651,-1.005
-2.56,-1.18
-2.577,-1.749
-2.743,-1.092
-2.74,-2.6
3.074,-2.336
2.906,-2.36
2.873,-2.61
2.544,-2.704
2.03,-2.216
2.001,-2.465
1.985,-2.429
1.836,-2.457
0.832,-2.371
0.78,-2.676
0.418,-2.675
0.5,-2.441
0.08,-2.339
-0.154,-2.328
-1.224,-2.477
-2.302,-2.377
-2.471,-2.659
-2.598,-2.328
2.425,1.955
1.233,1.958
1.26,2.118
1.055,1.987
0.87,1.751
0.454,1.983
-0.687,1.916
-0.807,1.817
-1.34,1.881
-1.614,1.8
-1.912,2.012
1.58,-2.244
-1.077,-0.853
-1.611,-0.16
2.985,-0.106
-2.05,1.426
-2.081,0.356
-2.233,0.622
-2.233,1.051
2.631,0.001
1.414,0.086
0.349,0.053
0.012,0.095
-0.869,0.106
-1.164,-2.568
-1.075,1.723
0.035,-1.797
-0.245,-0.871
-0.233,-2.747
-0.235,-0.833
-0.306,-1.372
-0.245,-0.848
-0.278,-2.449
-0.294,-1.708
-0.297,0.418
-0.32,-1.472
-0.347,-2.074
-0.341,0.461
-0.411,-0.234
-0.449,0.659
-0.523,0.0
-0.516,0.195
-0.619,-1.111
-0.61,-0.541
-0.634,-0.32
-0.665,-0.322
-0.751,-0.633
-1.092,0.188
-1.187,-1.086
-1.202,-1.591
-1.129,-1.124
-1.174,-1.429
-1.377,-0.595
-1.56,-1.644
-1.67,0.713
-1.675,-2.108
-1.663,-1.805
-1.678,0.356
-1.799,-2.818
-1.862,-1.793
-1.963,-2.355
-1.949,-0.779
-2.025,-0.891
-2.156,-2.002
-2.247,-0.962
-2.257,0.942
-2.291,1.031
-2.357,-1.951
-2.478,-1.935
-2.581,0.398
-2.61,-2.296
-2.634,-1.11
-2.693,-3.131
3.089,-3.018
3.044,-3.142
2.589,-2.845
2.641,-2.912
2.393,-3.06
1.084,-3.265
0.751,-3.295
0.674,-3.282
0.381,-3.003
-0.059,-2.994
-0.083,-3.247
-0.43,-3.19
-0.433,-3.185
-0.651,-3.359
-0.822,-3.372
-1.151,-2.844
-1.179,-3.186
-1.509,-3.024
-1.465,-3.243
-1.543,-3.231
-1.689,-3.319
-1.803,-3.002
-2.522,-2.954
-2.467,-2.917
-2.784,1.031
3.045,1.348
2.847,1.541
2.607,1.241
1.628,1.221
0.604,1.274
0.468,1.316
0.155,1.545
-1.576,1.171
-1.723,1.296
-1.832,1.247
-2.143,1.103
-2.097,1.56
-2.151,1.181
-2.091,1.287
-2.174,1.204
-2.377,1.217
3.138,0.957
3.071,-0.56
-1.538,-2.735
-2.076,-1.974
0.124,1.255
-0.222,1.207
-2.613,-0.819
-2.788,0.95
-2.839,-2.649
-2.788,-0.628
-2.87,-0.045
-2.963,-1.526
-2.96,-1.596
-3.053,-0.61
-3.057,-2.407
2.905,1.058
2.84,-2.62
2.832,0.684
2.962,0.018
2.869,1.052
2.841,-0.448
2.811,-2.068
2.971,-1.037
2.971,-1.755
2.812,-0.177
2.793,-1.406
2.792,-0.44
2.75,-1.95
2.724,0.182
2.626,-1.39
2.604,-0.329
2.672,-1.828
2.631,-1.184
2.466,-2.073
2.495,-2.374
2.271,-2.48
2.178,-1.199
2.316,0.357
2.143,-0.745
2.051,0.635
2.177,-0.938
2.043,-1.912
1.866,-0.435
1.7,0.81
1.539,0.443
1.449,0.677
1.439,0.857
1.358,-1.055
1.351,0.413
1.462,-0.255
1.302,-1.511
1.311,0.139
1.158,-0.145
0.983,-2.557
1.063,-0.879
1.055,1.134
0.968,-2.207
0.845,-1.289
0.806,-0.774
0.76,-0.22
0.849,-2.803
0.725,-0.555
0.725,1.054
0.793,-2.808
0.664,-1.281
0.637,-2.812
0.592,-1.725
0.554,0.695
0.506,-0.088
0.553,-2.38
0.536,0.147
0.532,-2.651
0.368,-0.634
0.376,-0.144
0.252,0.754
0.245,0.515
0.345,-1.489
0.085,-2.435
0.221,-2.722
0.148,-2.618
0.037,-1.441
-0.04,0.459
0.064,-1.831
-0.045,-1.263
-0.18,-2.353
-0.441,0.31
-0.467,-1.262
-0.565,-0.596
-0.669,-0.003
-0.739,-0.333
-0.938,-1.449
-0.971,-2.753
-0.841,-2.518
-0.978,-2.366
-0.916,-2.645
-1.069,0.808
-0.987,-1.61
-1.07,-2.545
-1.212,-2.322
-1.077,-1.157
-1.127,-0.6
-1.498,-1.297
-1.478,-1.088
-1.715,-2.771
-1.909,-2.711
-1.881,-1.25
-2.109,-1.048
-2.223,-2.488
-2.305,0.91
-2.308,-0.587
-2.314,-1.277
-2.226,0.036
-2.551,-1.579
-2.46,-1.754
-2.477,-2.323
-2.643,-1.666
-2.64,-3.174
-3.109,-2.91
3.006,-2.934
2.973,-3.184
2.644,-3.278
2.13,-2.79
2.101,-3.039
2.085,-3.003
1.936,-3.031
0.932,-2.945
0.88,-3.25
0.518,-3.249
0.6,-3.015
0.18,-2.913
-0.054,-2.902
-1.124,-3.051
-2.202,-2.951
-2.371,-3.233
-2.498,-2.902
2.525,1.381
1.333,1.384
1.36,1.544
1.155,1.413
0.97,1.177
0.554,1.409
-0.587,1.342
-0.707,1.243
-1.24,1.307
-1.514,1.226
-1.812,1.438
1.68,-2.818
-0.977,-1.427
-1.511,-0.734
3.085,-0.68
-1.95,0.852
-1.981,-0.218
-2.133,0.048
-2.133,0.477
2.731,-0.573
1.514,-0.488
0.449,-0.521
0.112,-0.479
-0.769,-0.468
-1.064,-3.142
-0.975,1.149
-0.28,0.926
-0.268,-0.95
-0.27,0.964
-0.341,0.425
-0.28,0.949
-0.313,-0.652
-0.329,0.089
-0.332,2.215
-0.355,0.325
-0.382,-0.277
-0.376,2.258
-0.446,1.563
-0.484,2.456
-0.558,1.797
-0.551,1.992
-0.654,0.686
-0.645,1.256
-0.669,1.477
-0.7,1.475
-0.786,1.164
-1.127,1.985
-1.222,0.711
-1.237,0.206
-1.164,0.673
-1.209,0.368
-1.412,1.202
-1.595,0.153
-1.705,2.51
-1.71,-0.311
-1.698,-0.008
-1.713,2.153
-1.834,-1.021
-1.897,0.004
-1.998,-0.558
-1.984,1.018
-2.06,0.906
-2.191,-0.205
-2.282,0.835
-2.292,2.739
-2.326,2.828
-2.392,-0.154
-2.513,-0.138
-2.616,2.195
-2.645,-0.499
-2.669,0.687
-2.728,-1.334
3.054,-1.221
3.009,-1.345
2.554,-1.048
2.606,-1.115
2.358,-1.263
1.049,-1.468
0.716,-1.498
0.639,-1.485
0.346,-1.206
-0.094,-1.197
-0.118,-1.45
-0.465,-1.393
-0.468,-1.388
-0.686,-1.562
-0.857,-1.575
-1.186,-1.047
-1.214,-1.389
-1.544,-1.227
-1.5,-1.446
-1.578,-1.434
-1.724,-1.522
-1.838,-1.205
-2.557,-1.157
-2.502,-1.12
-2.819,2.828
3.01,3.145
2.812,3.338
2.572,3.038
1.593,3.018
0.569,3.071
0.433,3.113
0.12,3.342
-1.611,2.968
-1.758,3.093
-1.867,3.044
-2.178,2.9
-2.132,3.357
-2.186,2.978
-2.126,3.084
-2.209,3.001
-2.412,3.014
3.103,2.754
3.036,1.237
-1.573,-0.938
-2.111,-0.177
0.089,3.052
-0.257,3.004
-2.648,0.978
-2.823,2.747
-2.874,-0.852
-2.823,1.169
-2.905,1.752
-2.998,0.271
-2.995,0.201
-3.088,1.187
-3.092,-0.61
2.87,2.855
2.805,-0.823
2.797,2.481
2.927,1.815
2.834,2.849
2.806,1.349
2.776,-0.271
2.936,0.76
2.936,0.042
2.777,1.62
2.758,0.391
2.757,1.357
2.715,-0.153
2.689,1.979
2.591,0.407
2.569,1.468
2.637,-0.031
2.596,0.613
2.431,-0.276
2.46,-0.577
2.236,-0.683
2.143,0.598
2.281,2.154
2.108,1.052
2.016,2.432
2.142,0.859
2.008,-0.115
1.831,1.362
1.665,2.607
1.504,2.24
1.414,2.474
1.404,2.654
1.323,0.742
1.316,2.21
1.427,1.542
1.267,0.286
1.276,1.936
1.123,1.652
0.948,-0.76
1.028,0.918
1.02,2.931
0.933,-0.41
0.81,0.508
0.771,1.023
0.725,1.577
0.814,-1.006
0.69,1.242
0.69,2.851
0.758,-1.011
0.629,0.516
0.602,-1.015
0.557,0.072
0.519,2.492
0.471,1.709
0.518,-0.583
0.501,1.944
0.497,-0.854
0.333,1.163
0.341,1.653
0.217,2.551
0.21,2.312
0.31,0.308
0.05,-0.638
0.186,-0.925
0.113,-0.821
0.002,0.356
-0.075,2.256
0.029,-0.034
-0.08,0.534
-0.215,-0.556
-0.476,2.107
-0.502,0.535
-0.6,1.201
-0.704,1.794
-0.774,1.464
-0.973,0.348
-1.006,-0.956
-0.876,-0.721
-1.013,-0.569
-0.951,-0.848
-1.104,2.605
-1.022,0.187
-1.105,-0.748
-1.247,-0.525
-1.112,0.64
-1.162,1.197
-1.533,0.5
-1.513,0.709
-1.75,-0.974
-1.944,-0.914
-1.916,0.547
-2.144,0.749
-2.258,-0.691
-2.34,2.707
-2.343,1.21
-2.349,0.52
-2.261,1.833
-2.586,0.218
-2.495,0.043
-2.512,-0.526
-2.678,0.131
-2.675,-1.377
3.139,-1.113
2.971,-1.137
2.938,-1.387
2.609,-1.481
2.095,-0.993
2.066,-1.242
2.05,-1.206
1.901,-1.234
0.897,-1.148
0.845,-1.453
0.483,-1.452
0.565,-1.218
0.145,-1.116
-0.089,-1.105
-1.159,-1.254
-2.237,-1.154
-2.406,-1.436
-2.533,-1.105
2.49,3.178
1.298,3.181
1.325,3.341
1.12,3.21
0.935,2.974
0.519,3.206
-0.622,3.139
-0.742,3.04
-1.275,3.104
-1.549,3.023
-1.847,3.235
1.645,-1.021
-1.012,0.37
-1.546,1.063
3.05,1.117
-1.985,2.649
-2.016,1.579
-2.168,1.845
-2.168,2.274
2.696,1.224
1.479,1.309
0.414,1.276
0.077,1.318
-0.804,1.329
-1.099,-1.345
-1.01,2.946
0.012,-1.876
0.01,0.038
-0.061,-0.501
0.0,0.023
-0.033,-1.578
-0.049,-0.837
-0.052,1.289
-0.075,-0.601
-0.102,-1.203
-0.096,1.332
-0.166,0.637
-0.204,1.53
-0.278,0.871
-0.271,1.066
-0.374,-0.24
-0.365,0.33
-0.389,0.551
-0.42,0.549
-0.506,0.238
-0.847,1.059
-0.942,-0.215
-0.957,-0.72
-0.884,-0.253
-0.929,-0.558
-1.132,0.276
-1.315,-0.773
-1.425,1.584
-1.43,-1.237
-1.418,-0.934
-1.433,1.227
-1.554,-1.947
-1.617,-0.922
-1.718,-1.484
-1.704,0.092
-1.78,-0.02
-1.911,-1.131
-2.002,-0.091
-2.012,1.813
-2.046,1.902
-2.112,-1.08
-2.233,-1.064
-2.336,1.269
-2.365,-1.425
-2.389,-0.239
-2.448,-2.26
-2.949,-2.147
-2.994,-2.271
2.834,-1.974
2.886,-2.041
2.638,-2.189
1.329,-2.394
0.996,-2.424
0.919,-2.411
0.626,-2.132
0.186,-2.123
0.162,-2.376
-0.185,-2.319
-0.188,-2.314
-0.406,-2.488
-0.577,-2.501
-0.906,-1.973
-0.934,-2.315
-1.264,-2.153
-1.22,-2.372
-1.298,-2.36
-1.444,-2.448
-1.558,-2.131
-2.277,-2.083
-2.222,-2.046
-2.539,1.902
-2.993,2.219
3.092,2.412
2.852,2.112
1.873,2.092
0.849,2.145
0.713,2.187
0.4,2.416
-1.331,2.042
-1.478,2.167
-1.587,2.118
-1.898,1.974
-1.852,2.431
-1.906,2.052
-1.846,2.158
-1.929,2.075
-2.132,2.088
-2.9,1.828
-2.967,0.311
-1.293,-1.864
-1.831,-1.103
0.369,2.126
0.023,2.078
-2.368,0.052
-2.543,1.821
-2.594,-1.778
-2.543,0.243
-2.625,0.826
-2.718,-0.655
-2.715,-0.725
-2.808,0.261
-2.812,-1.536
-3.133,1.929
3.085,-1.749
3.077,1.555
-3.076,0.889
3.114,1.923
3.086,0.423
3.056,-1.197
-3.067,-0.166
-3.067,-0.884
3.057,0.694
3.038,-0.535
3.037,0.431
2.995,-1.079
2.969,1.053
2.871,-0.519
2.849,0.542
2.917,-0.957
2.876,-0.313
2.711,-1.202
2.74,-1.503
2.516,-1.609
2.423,-0.328
2.561,1.228
2.388,0.126
2.296,1.506
2.422,-0.067
2.288,-1.041
2.111,0.436
1.945,1.681
1.784,1.314
1.694,1.548
1.684,1.728
1.603,-0.184
1.596,1.284
1.707,0.616
1.547,-0.64
1.556,1.01
1.403,0.726
1.228,-1.686
1.308,-0.008
1.3,2.005
1.213,-1.336
1.09,-0.418
1.051,0.097
1.005,0.651
1.094,-1.932
0.97,0.316
0.97,1.925
1.038,-1.937
0.909,-0.41
0.882,-1.941
0.837,-0.854
0.799,1.566
0.751,0.783
0.798,-1.509
0.781,1.018
0.777,-1.78
0.613,0.237
0.621,0.727
0.497,1.625
0.49,1.386
0.59,-0.618
0.33,-1.564
0.466,-1.851
0.393,-1.747
0.282,-0.57
0.205,1.33
0.309,-0.96
0.2,-0.392
0.065,-1.482
-0.196,1.181
-0.222,-0.391
-0.32,0.275
-0.424,0.868
-0.494,0.538
-0.693,-0.578
-0.726,-1.882
-0.596,-1.647
-0.733,-1.495
-0.671,-1.774
-0.824,1.679
-0.742,-0.739
-0.825,-1.674
-0.967,-1.451
-0.832,-0.286
-0.882,0.271
-1.253,-0.426
-1.233,-0.217
-1.47,-1.9
-1.664,-1.84
-1.636,-0.379
-1.864,-0.177
-1.978,-1.617
-2.06,1.781
-2.063,0.284
-2.069,-0.406
-1.981,0.907
-2.306,-0.708
-2.215,-0.883
-2.232,-1.452
-2.398,-0.795
-2.395,-2.303
-2.864,-2.039
-3.032,-2.063
-3.065,-2.313
2.889,-2.407
2.375,-1.919
2.346,-2.168
2.33,-2.132
2.181,-2.16
1.177,-2.074
1.125,-2.379
0.763,-2.378
0.845,-2.144
0.425,-2.042
0.191,-2.031
-0.879,-2.18
-1.957,-2.08
-2.126,-2.362
-2.253,-2.031
2.77,2.252
1.578,2.255
1.605,2.415
1.4,2.284
1.215,2.048
0.799,2.28
-0.342,2.213
-0.462,2.114
-0.995,2.178
-1.269,2.097
-1.567,2.309
1.925,-1.947
-0.732,-0.556
-1.266,0.137
-2.953,0.191
-1.705,1.723
-1.736,0.653
-1.888,0.919
-1.888,1.348
2.976,0.298
1.759,0.383
0.694,0.35
0.357,0.392
-0.524,0.403
-0.819,-2.271
-0.73,2.02
-0.002,1.914
-0.073,1.375
-0.012,1.899
-0.045,0.298
-0.061,1.039
-0.064,3.165
-0.087,1.275
-0.114,0.673
-0.108,3.208
-0.178,2.513
-0.216,3.406
-0.29,2.747
-0.283,2.942
-0.386,1.636
-0.377,2.206
-0.401,2.427
-0.432,2.425
-0.518,2.114
-0.859,2.935
-0.954,1.661
-0.969,1.156
-0.896,1.623
-0.941,1.318
-1.144,2.152
-1.327,1.103
-1.437,3.46
-1.442,0.639
-1.43,0.942
-1.445,3.103
-1.566,-0.071
-1.629,0.954
-1.73,0.392
-1.716,1.968
-1.792,1.856
-1.923,0.745
-2.014,1.785
-2.024,3.689
-2.058,3.778
-2.124,0.796
-2.245,0.812
-2.348,3.145
-2.377,0.451
-2.401,1.637
-2.46,-0.384
-2.961,-0.271
-3.006,-0.395
2.822,-0.098
2.874,-0.165
2.626,-0.313
1.317,-0.518
0.984,-0.548
0.907,-0.535
0.614,-0.256
0.174,-0.247
0.15,-0.5
-0.197,-0.443
-0.2,-0.438
-0.418,-0.612
-0.589,-0.625
-0.918,-0.097
-0.946,-0.439
-1.276,-0.277
-1.232,-0.496
-1.31,-0.484
-1.456,-0.572
-1.57,-0.255
-2.289,-0.207
-2.234,-0.17
-2.551,3.778
-3.005,4.095
3.08,4.288
2.84,3.988
1.861,3.968
0.837,4.021
0.701,4.063
0.388,4.292
-1.343,3.918
-1.49,4.043
-1.599,3.994
-1.91,3.85
-1.864,4.307
-1.918,3.928
-1.858,4.034
-1.941,3.951
-2.144,3.964
-2.912,3.704
-2.979,2.187
-1.305,0.012
-1.843,0.773
0.357,4.002
0.011,3.954
-2.38,1.928
-2.555,3.697
-2.606,0.098
-2.555,2.119
-2.637,2.702
-2.73,1.221
-2.727,1.151
-2.82,2.137
-2.824,0.34
3.138,3.805
3.073,0.127
3.065,3.431
-3.088,2.765
3.102,3.799
3.074,2.299
3.044,0.679
-3.079,1.71
-3.079,0.992
3.045,2.57
3.026,1.341
3.025,2.307
2.983,0.797
2.957,2.929
2.859,1.357
2.837,2.418
2.905,0.919
2.864,1.563
2.699,0.674
2.728,0.373
2.504,0.267
2.411,1.548
2.549,3.104
2.376,2.002
2.284,3.382
2.41,1.809
2.276,0.835
2.099,2.312
1.933,3.557
1.772,3.19
1.682,3.424
1.672,3.604
1.591,1.692
1.584,3.16
1.695,2.492
1.535,1.236
1.544,2.886
1.391,2.602
1.216,0.19
1.296,1.868
1.288,3.881
1.201,0.54
1.078,1.458
1.039,1.973
0.993,2.527
1.082,-0.056
0.958,2.192
0.958,3.801
1.026,-0.061
0.897,1.466
0.87,-0.065
0.825,1.022
0.787,3.442
0.739,2.659
0.786,0.367
0.769,2.894
0.765,0.096
0.601,2.113
0.609,2.603
0.485,3.501
0.478,3.262
0.578,1.258
0.318,0.312
0.454,0.025
0.381,0.129
0.27,1.306
0.193,3.206
0.297,0.916
0.188,1.484
0.053,0.394
-0.208,3.057
-0.234,1.485
-0.332,2.151
-0.436,2.744
-0.506,2.414
-0.705,1.298
-0.738,-0.006
-0.608,0.229
-0.745,0.381
-0.683,0.102
-0.836,3.555
-0.754,1.137
-0.837,0.202
-0.979,0.425
-0.844,1.59
-0.894,2.147
-1.265,1.45
-1.245,1.659
-1.482,-0.024
-1.676,0.036
-1.648,1.497
-1.876,1.699
-1.99,0.259
-2.072,3.657
-2.075,2.16
-2.081,1.47
-1.993,2.783
-2.318,1.168
-2.227,0.993
-2.244,0.424
-2.41,1.081
-2.407,-0.427
-2.876,-0.163
-3.044,-0.187
-3.077,-0.437
2.877,-0.531
2.363,-0.043
2.334,-0.292
2.318,-0.256
2.169,-0.284
1.165,-0.198
1.113,-0.503
0.751,-0.502
0.833,-0.268
0.413,-0.166
0.179,-0.155
-0.891,-0.304
-1.969,-0.204
-2.138,-0.486
-2.265,-0.155
2.758,4.128
1.566,4.131
1.593,4.291
1.388,4.16
1.203,3.924
0.787,4.156
-0.354,4.089
-0.474,3.99
-1.007,4.054
-1.281,3.973
-1.579,4.185
1.913,-0.071
-0.744,1.32
-1.278,2.013
-2.965,2.067
-1.717,3.599
-1.748,2.529
-1.9,2.795
-1.9,3.224
2.964,2.174
1.747,2.259
0.682,2.226
0.345,2.268
-0.536,2.279
-0.831,-0.395
-0.742,3.896
-0.071,-0.539
-0.01,-0.015
-0.043,-1.616
-0.059,-0.875
-0.062,1.251
-0.085,-0.639
-0.112,-1.241
-0.106,1.294
-0.176,0.599
-0.214,1.492
-0.288,0.833
-0.281,1.028
-0.384,-0.278
-0.375,0.292
-0.399,0.513
-0.43,0.511
-0.516,0.2
-0.857,1.021
-0.952,-0.253
-0.967,-0.758
-0.894,-0.291
-0.939,-0.596
-1.142,0.238
-1.325,-0.811
-1.435,1.546
-1.44,-1.275
-1.428,-0.972
-1.443,1.189
-1.564,-1.985
-1.627,-0.96
-1.728,-1.522
-1.714,0.054
-1.79,-0.058
-1.921,-1.169
-2.012,-0.129
-2.022,1.775
-2.056,1.864
-2.122,-1.118
-2.243,-1.102
-2.346,1.231
-2.375,-1.463
-2.399,-0.277
-2.458,-2.298
-2.959,-2.185
-3.004,-2.309
2.824,-2.012
2.876,-2.079
2.628,-2.227
1.319,-2.432
0.986,-2.462
0.909,-2.449
0.616,-2.17
0.176,-2.161
0.152,-2.414
-0.195,-2.357
-0.198,-2.352
-0.416,-2.526
-0.587,-2.539
-0.916,-2.011
-0.944,-2.353
-1.274,-2.191
-1.23,-2.41
-1.308,-2.398
-1.454,-2.486
-1.568,-2.169
-2.287,-2.121
-2.232,-2.084
-2.549,1.864
-3.003,2.181
3.082,2.374
2.842,2.074
1.863,2.054
0.839,2.107
0.703,2.149
0.39,2.378
-1.341,2.004
-1.488,2.129
-1.597,2.08
-1.908,1.936
-1.862,2.393
-1.916,2.014
-1.856,2.12
-1.939,2.037
-2.142,2.05
-2.91,1.79
-2.977,0.273
-1.303,-1.902
-1.841,-1.141
0.359,2.088
0.013,2.04
-2.378,0.014
-2.553,1.783
-2.604,-1.816
-2.553,0.205
-2.635,0.788
-2.728,-0.693
-2.725,-0.763
-2.818,0.223
-2.822,-1.574
3.14,1.891
3.075,-1.787
3.067,1.517
-3.086,0.851
3.104,1.885
3.076,0.385
3.046,-1.235
-3.077,-0.204
-3.077,-0.922
3.047,0.656
3.028,-0.573
3.027,0.393
2.985,-1.117
2.959,1.015
2.861,-0.557
2.839,0.504
2.907,-0.995
2.866,-0.351
2.701,-1.24
2.73,-1.541
2.506,-1.647
2.413,-0.366
2.551,1.19
2.378,0.088
2.286,1.468
2.412,-0.105
2.278,-1.079
2.101,0.398
1.935,1.643
1.774,1.276
1.684,1.51
1.674,1.69
1.593,-0.222
1.586,1.246
1.697,0.578
1.537,-0.678
1.546,0.972
1.393,0.688
1.218,-1.724
1.298,-0.046
1.29,1.967
1.203,-1.374
1.08,-0.456
1.041,0.059
0.995,0.613
1.084,-1.97
0.96,0.278
0.96,1.887
1.028,-1.975
0.899,-0.448
0.872,-1.979
0.827,-0.892
0.789,1.528
0.741,0.745
0.788,-1.547
0.771,0.98
0.767,-1.818
0.603,0.199
0.611,0.689
0.487,1.587
0.48,1.348
0.58,-0.656
0.32,-1.602
0.456,-1.889
0.383,-1.785
0.272,-0.608
0.195,1.292
0.299,-0.998
0.19,-0.43
0.055,-1.52
-0.206,1.143
-0.232,-0.429
-0.33,0.237
-0.434,0.83
-0.504,0.5
-0.703,-0.616
-0.736,-1.92
-0.606,-1.685
-0.743,-1.533
-0.681,-1.812
-0.834,1.641
-0.752,-0.777
-0.835,-1.712
-0.977,-1.489
-0.842,-0.324
-0.892,0.233
-1.263,-0.464
-1.243,-0.255
-1.48,-1.938
-1.674,-1.878
-1.646,-0.417
-1.874,-0.215
-1.988,-1.655
-2.07,1.743
-2.073,0.246
-2.079,-0.444
-1.991,0.869
-2.316,-0.746
-2.225,-0.921
-2.242,-1.49
-2.408,-0.833
-2.405,-2.341
-2.874,-2.077
-3.042,-2.101
-3.075,-2.351
2.879,-2.445
2.365,-1.957
2.336,-2.206
2.32,-2.17
2.171,-2.198
1.167,-2.112
1.115,-2.417
0.753,-2.416
0.835,-2.182
0.415,-2.08
0.181,-2.069
-0.889,-2.218
-1.967,-2.118
-2.136,-2.4
-2.263,-2.069
2.76,2.214
1.568,2.217
1.595,2.377
1.39,2.246
1.205,2.01
0.789,2.242
-0.352,2.175
-0.472,2.076
-1.005,2.14
-1.279,2.059
-1.577,2.271
1.915,-1.985
-0.742,-0.594
-1.276,0.099
-2.963,0.153
-1.715,1.685
-1.746,0.615
-1.898,0.881
-1.898,1.31
2.966,0.26
1.749,0.345
0.684,0.312
0.347,0.354
-0.534,0.365
-0.829,-2.309
-0.74,1.982
0.061,0.524
0.028,-1.077
0.012,-0.336
0.009,1.79
-0.014,-0.1
-0.041,-0.702
-0.035,1.833
-0.105,1.138
-0.143,2.031
-0.217,1.372
-0.21,1.567
-0.313,0.261
-0.304,0.831
-0.328,1.052
-0.359,1.05
-0.445,0.739
-0.786,1.56
-0.881,0.286
-0.896,-0.219
-0.823,0.248
-0.868,-0.057
-1.071,0.777
-1.254,-0.272
-1.364,2.085
-1.369,-0.736
-1.357,-0.433
-1.372,1.728
-1.493,-1.446
-1.556,-0.421
-1.657,-0.983
-1.643,0.593
-1.719,0.481
-1.85,-0.63
-1.941,0.41
-1.951,2.314
-1.985,2.403
-2.051,-0.579
-2.172,-0.563
-2.275,1.77
-2.304,-0.924
-2.328,0.262
-2.387,-1.759
-2.888,-1.646
-2.933,-1.77
2.895,-1.473
2.947,-1.54
2.699,-1.688
1.39,-1.893
1.057,-1.923
0.98,-1.91
0.687,-1.631
0.247,-1.622
0.223,-1.875
-0.124,-1.818
-0.127,-1.813
-0.345,-1.987
-0.516,-2.0
-0.845,-1.472
-0.873,-1.814
-1.203,-1.652
-1.159,-1.871
-1.237,-1.859
-1.383,-1.947
-1.497,-1.63
-2.216,-1.582
-2.161,-1.545
-2.478,2.403
-2.932,2.72
-3.13,2.913
2.913,2.613
1.934,2.593
0.91,2.646
0.774,2.688
0.461,2.917
-1.27,2.543
-1.417,2.668
-1.526,2.619
-1.837,2.475
-1.791,2.932
-1.845,2.553
-1.785,2.659
-1.868,2.576
-2.071,2.589
-2.839,2.329
-2.906,0.812
-1.232,-1.363
-1.77,-0.602
0.43,2.627
0.084,2.579
-2.307,0.553
-2.482,2.322
-2.533,-1.277
-2.482,0.744
-2.564,1.327
-2.657,-0.154
-2.654,-0.224
-2.747,0.762
-2.751,-1.035
-3.072,2.43
-3.137,-1.248
3.138,2.056
-3.015,1.39
-3.108,2.424
-3.136,0.924
3.117,-0.696
-3.006,0.335
-3.006,-0.383
3.118,1.195
3.099,-0.034
3.098,0.932
3.056,-0.578
3.03,1.554
2.932,-0.018
2.91,1.043
2.978,-0.456
2.937,0.188
2.772,-0.701
2.801,-1.002
2.577,-1.108
2.484,0.173
2.622,1.729
2.449,0.627
2.357,2.007
2.483,0.434
2.349,-0.54
2.172,0.937
2.006,2.182
1.845,1.815
1.755,2.049
1.745,2.229
1.664,0.317
1.657,1.785
1.768,1.117
1.608,-0.139
1.617,1.511
1.464,1.227
1.289,-1.185
1.369,0.493
1.361,2.506
1.274,-0.835
1.151,0.083
1.112,0.598
1.066,1.152
1.155,-1.431
1.031,0.817
1.031,2.426
1.099,-1.436
0.97,0.091
0.943,-1.44
0.898,-0.353
0.86,2.067
0.812,1.284
0.859,-1.008
0.842,1.519
0.838,-1.279
0.674,0.738
0.682,1.228
0.558,2.126
0.551,1.887
0.651,-0.117
0.391,-1.063
0.527,-1.35
0.454,-1.246
0.343,-0.069
0.266,1.831
0.37,-0.459
0.261,0.109
0.126,-0.981
-0.135,1.682
-0.161,0.11
-0.259,0.776
-0.363,1.369
-0.433,1.039
-0.632,-0.077
-0.665,-1.381
-0.535,-1.146
-0.672,-0.994
-0.61,-1.273
-0.763,2.18
-0.681,-0.238
-0.764,-1.173
-0.906,-0.95
-0.771,0.215
-0.821,0.772
-1.192,0.075
-1.172,0.284
-1.409,-1.399
-1.603,-1.339
-1.575,0.122
-1.803,0.324
-1.917,-1.116
-1.999,2.282
-2.002,0.785
-2.008,0.095
-1.92,1.408
-2.245,-0.207
-2.154,-0.382
-2.171,-0.951
-2.337,-0.294
-2.334,-1.802
-2.803,-1.538
-2.971,-1.562
-3.004,-1.812
2.95,-1.906
2.436,-1.418
2.407,-1.667
2.391,-1.631
2.242,-1.659
1.238,-1.573
1.186,-1.878
0.824,-1.877
0.906,-1.643
0.486,-1.541
0.252,-1.53
-0.818,-1.679
-1.896,-1.579
-2.065,-1.861
-2.192,-1.53
2.831,2.753
1.639,2.756
1.666,2.916
1.461,2.785
1.276,2.549
0.86,2.781
-0.281,2.714
-0.401,2.615
-0.934,2.679
-1.208,2.598
-1.506,2.81
1.986,-1.446
-0.671,-0.055
-1.205,0.638
-2.892,0.692
-1.644,2.224
-1.675,1.154
-1.827,1.42
-1.827,1.849
3.037,0.799
1.82,0.884
0.755,0.851
0.418,0.893
-0.463,0.904
-0.758,-1.77
-0.669,2.521
-0.033,-1.601
-0.049,-0.86
-0.052,1.266
-0.075,-0.624
-0.102,-1.226
-0.096,1.309
-0.166,0.614
-0.204,1.507
-0.278,0.848
-0.271,1.043
-0.374,-0.263
-0.365,0.307
-0.389,0.528
-0.42,0.526
-0.506,0.215
-0.847,1.036
-0.942,-0.238
-0.957,-0.743
-0.884,-0.276
-0.929,-0.581
-1.132,0.253
-1.315,-0.796
-1.425,1.561
-1.43,-1.26
-1.418,-0.957
-1.433,1.204
-1.554,-1.97
-1.617,-0.945
-1.718,-1.507
-1.704,0.069
-1.78,-0.043
-1.911,-1.154
-2.002,-0.114
-2.012,1.79
-2.046,1.879
-2.112,-1.103
-2.233,-1.087
-2.336,1.246
-2.365,-1.448
-2.389,-0.262
-2.448,-2.283
-2.949,-2.17
-2.994,-2.294
2.834,-1.997
2.886,-2.064
2.638,-2.212
1.329,-2.417
0.996,-2.447
0.919,-2.434
0.626,-2.155
0.186,-2.146
0.162,-2.399
-0.185,-2.342
-0.188,-2.337
-0.406,-2.511
-0.577,-2.524
-0.906,-1.996
-0.934,-2.338
-1.264,-2.176
-1.22,-2.395
-1.298,-2.383
-1.444,-2.471
-1.558,-2.154
-2.277,-2.106
-2.222,-2.069
-2.539,1.879
-2.993,2.196
3.092,2.389
2.852,2.089
1.873,2.069
0.849,2.122
0.713,2.164
0.4,2.393
-1.331,2.019
-1.478,2.144
-1.587,2.095
-1.898,1.951
-1.852,2.408
-1.906,2.029
-1.846,2.135
-1.929,2.052
-2.132,2.065
-2.9,1.805
-2.967,0.288
-1.293,-1.887
-1.831,-1.126
0.369,2.103
0.023,2.055
-2.368,0.029
-2.543,1.798
-2.594,-1.801
-2.543,0.22
-2.625,0.803
-2.718,-0.678
-2.715,-0.748
-2.808,0.238
-2.812,-1.559
-3.133,1.906
3.085,-1.772
3.077,1.532
-3.076,0.866
3.114,1.9
3.086,0.4
3.056,-1.22
-3.067,-0.189
-3.067,-0.907
3.057,0.671
3.038,-0.558
3.037,0.408
2.995,-1.102
2.969,1.03
2.871,-0.542
2.849,0.519
2.917,-0.98
2.876,-0.336
2.711,-1.225
2.74,-1.526
2.516,-1.632
2.423,-0.351
2.561,1.205
2.388,0.103
2.296,1.483
2.422,-0.09
2.288,-1.064
2.111,0.413
1.945,1.658
1.784,1.291
1.694,1.525
1.684,1.705
1.603,-0.207
1.596,1.261
1.707,0.593
1.547,-0.663
1.556,0.987
1.403,0.703
1.228,-1.709
1.308,-0.031
1.3,1.982
1.213,-1.359
1.09,-0.441
1.051,0.074
1.005,0.628
1.094,-1.955
0.97,0.293
0.97,1.902
1.038,-1.96
0.909,-0.433
0.882,-1.964
0.837,-0.877
0.799,1.543
0.751,0.76
0.798,-1.532
0.781,0.995
0.777,-1.803
0.613,0.214
0.621,0.704
0.497,1.602
0.49,1.363
0.59,-0.641
0.33,-1.587
0.466,-1.874
0.393,-1.77
0.282,-0.593
0.205,1.307
0.309,-0.983
0.2,-0.415
0.065,-1.505
-0.196,1.158
-0.222,-0.414
-0.32,0.252
-0.424,0.845
-0.494,0.515
-0.693,-0.601
-0.726,-1.905
-0.596,-1.67
-0.733,-1.518
-0.671,-1.797
-0.824,1.656
-0.742,-0.762
-0.825,-1.697
-0.967,-1.474
-0.832,-0.309
-0.882,0.248
-1.253,-0.449
-1.233,-0.24
-1.47,-1.923
-1.664,-1.863
-1.636,-0.402
-1.864,-0.2
-1.978,-1.64
-2.06,1.758
-2.063,0.261
-2.069,-0.429
-1.981,0.884
-2.306,-0.731
-2.215,-0.906
-2.232,-1.475
-2.398,-0.818
-2.395,-2.326
-2.864,-2.062
-3.032,-2.086
-3.065,-2.336
2.889,-2.43
2.375,-1.942
2.346,-2.191
2.33,-2.155
2.181,-2.183
1.177,-2.097
1.125,-2.402
0.763,-2.401
0.845,-2.167
0.425,-2.065
0.191,-2.054
-0.879,-2.203
-1.957,-2.103
-2.126,-2.385
-2.253,-2.054
2.77,2.229
1.578,2.232
1.605,2.392
1.4,2.261
1.215,2.025
0.799,2.257
-0.342,2.19
-0.462,2.091
-0.995,2.155
-1.269,2.074
-1.567,2.286
1.925,-1.97
-0.732,-0.579
-1.266,0.114
-2.953,0.168
-1.705,1.7
-1.736,0.63
-1.888,0.896
-1.888,1.325
2.976,0.275
1.759,0.36
0.694,0.327
0.357,0.369
-0.524,0.38
-0.819,-2.294
-0.73,1.997
-0.016,0.741
-0.019,2.867
-0.042,0.977
-0.069,0.375
-0.063,2.91
-0.133,2.215
-0.171,3.108
-0.245,2.449
-0.238,2.644
-0.341,1.338
-0.332,1.908
-0.356,2.129
-0.387,2.127
-0.473,1.816
-0.814,2.637
-0.909,1.363
-0.924,0.858
-0.851,1.325
-0.896,1.02
-1.099,1.854
-1.282,0.805
-1.392,3.162
-1.397,0.341
-1.385,0.644
-1.4,2.805
-1.521,-0.369
-1.584,0.656
-1.685,0.094
-1.671,1.67
-1.747,1.558
-1.878,0.447
-1.969,1.487
-1.979,3.391
-2.013,3.48
-2.079,0.498
-2.2,0.514
-2.303,2.847
-2.332,0.153
-2.356,1.339
-2.415,-0.682
-2.916,-0.569
-2.961,-0.693
2.867,-0.396
2.919,-0.463
2.671,-0.611
1.362,-0.816
1.029,-0.846
0.952,-0.833
0.659,-0.554
0.219,-0.545
0.195,-0.798
-0.152,-0.741
-0.155,-0.736
-0.373,-0.91
-0.544,-0.923
-0.873,-0.395
-0.901,-0.737
-1.231,-0.575
-1.187,-0.794
-1.265,-0.782
-1.411,-0.87
-1.525,-0.553
-2.244,-0.505
-2.189,-0.468
-2.506,3.48
-2.96,3.797
3.125,3.99
2.885,3.69
1.906,3.67
0.882,3.723
0.746,3.765
0.433,3.994
-1.298,3.62
-1.445,3.745
-1.554,3.696
-1.865,3.552
-1.819,4.009
-1.873,3.63
-1.813,3.736
-1.896,3.653
-2.099,3.666
-2.867,3.406
-2.934,1.889
-1.26,-0.286
-1.798,0.475
0.402,3.704
0.056,3.656
-2.335,1.63
-2.51,3.399
-2.561,-0.2
-2.51,1.821
-2.592,2.404
-2.685,0.923
-2.682,0.853
-2.775,1.839
-2.779,0.042
-3.1,3.507
3.118,-0.171
3.11,3.133
-3.043,2.467
-3.136,3.501
3.119,2.001
3.089,0.381
-3.034,1.412
-3.034,0.694
3.09,2.272
3.071,1.043
3.07,2.009
3.028,0.499
3.002,2.631
2.904,1.059
2.882,2.12
2.95,0.621
2.909,1.265
2.744,0.376
2.773,0.075
2.549,-0.031
2.456,1.25
2.594,2.806
2.421,1.704
2.329,3.084
2.455,1.511
2.321,0.537
2.144,2.014
1.978,3.259
1.817,2.892
1.727,3.126
1.717,3.306
1.636,1.394
1.629,2.862
1.74,2.194
1.58,0.938
1.589,2.588
1.436,2.304
1.261,-0.108
1.341,1.57
1.333,3.583
1.246,0.242
1.123,1.16
1.084,1.675
1.038,2.229
1.127,-0.354
1.003,1.894
1.003,3.503
1.071,-0.359
0.942,1.168
0.915,-0.363
0.87,0.724
0.832,3.144
0.784,2.361
0.831,0.069
0.814,2.596
0.81,-0.202
0.646,1.815
0.654,2.305
0.53,3.203
0.523,2.964
0.623,0.96
0.363,0.014
0.499,-0.273
0.426,-0.169
0.315,1.008
0.238,2.908
0.342,0.618
0.233,1.186
0.098,0.096
-0.163,2.759
-0.189,1.187
-0.287,1.853
-0.391,2.446
-0.461,2.116
-0.66,1.0
-0.693,-0.304
-0.563,-0.069
-0.7,0.083
-0.638,-0.196
-0.791,3.257
-0.709,0.839
-0.792,-0.096
-0.934,0.127
-0.799,1.292
-0.849,1.849
-1.22,1.152
-1.2,1.361
-1.437,-0.322
-1.631,-0.262
-1.603,1.199
-1.831,1.401
-1.945,-0.039
-2.027,3.359
-2.03,1.862
-2.036,1.172
-1.948,2.485
-2.273,0.87
-2.182,0.695
-2.199,0.126
-2.365,0.783
-2.362,-0.725
-2.831,-0.461
-2.999,-0.485
-3.032,-0.735
2.922,-0.829
2.408,-0.341
2.379,-0.59
2.363,-0.554
2.214,-0.582
1.21,-0.496
1.158,-0.801
0.796,-0.8
0.878,-0.566
0.458,-0.464
0.224,-0.453
-0.846,-0.602
-1.924,-0.502
-2.093,-0.784
-2.22,-0.453
2.803,3.83
1.611,3.833
1.638,3.993
1.433,3.862
1.248,3.626
0.832,3.858
-0.309,3.791
-0.429,3.692
-0.962,3.756
-1.236,3.675
-1.534,3.887
1.958,-0.369
-0.699,1.022
-1.233,1.715
-2.92,1.769
-1.672,3.301
-1.703,2.231
-1.855,2.497
-1.855,2.926
3.009,1.876
1.792,1.961
0.727,1.928
0.39,1.97
-0.491,1.981
-0.786,-0.693
-0.697,3.598
-0.003,2.126
-0.026,0.236
-0.053,-0.366
-0.047,2.169
-0.117,1.474
-0.155,2.367
-0.229,1.708
-0.222,1.903
-0.325,0.597
-0.316,1.167
-0.34,1.388
-0.371,1.386
-0.457,1.075
-0.798,1.896
-0.893,0.622
-0.908,0.117
-0.835,0.584
-0.88,0.279
-1.083,1.113
-1.266,0.064
-1.376,2.421
-1.381,-0.4
-1.369,-0.097
-1.384,2.064
-1.505,-1.11
-1.568,-0.085
-1.669,-0.647
-1.655,0.929
-1.731,0.817
-1.862,-0.294
-1.953,0.746
-1.963,2.65
-1.997,2.739
-2.063,-0.243
-2.184,-0.227
-2.287,2.106
-2.316,-0.588
-2.34,0.598
-2.399,-1.423
-2.9,-1.31
-2.945,-1.434
2.883,-1.137
2.935,-1.204
2.687,-1.352
1.378,-1.557
1.045,-1.587
0.968,-1.574
0.675,-1.295
0.235,-1.286
0.211,-1.539
-0.136,-1.482
-0.139,-1.477
-0.357,-1.651
-0.528,-1.664
-0.857,-1.136
-0.885,-1.478
-1.215,-1.316
-1.171,-1.535
-1.249,-1.523
-1.395,-1.611
-1.509,-1.294
-2.228,-1.246
-2.173,-1.209
-2.49,2.739
-2.944,3.056
3.141,3.249
2.901,2.949
1.922,2.929
0.898,2.982
0.762,3.024
0.449,3.253
-1.282,2.879
-1.429,3.004
-1.538,2.955
-1.849,2.811
-1.803,3.268
-1.857,2.889
-1.797,2.995
-1.88,2.912
-2.083,2.925
-2.851,2.665
-2.918,1.148
-1.244,-1.027
-1.782,-0.266
0.418,2.963
0.072,2.915
-2.319,0.889
-2.494,2.658
-2.545,-0.941
-2.494,1.08
-2.576,1.663
-2.669,0.182
-2.666,0.112
-2.759,1.098
-2.763,-0.699
-3.084,2.766
3.134,-0.912
3.126,2.392
-3.027,1.726
-3.12,2.76
3.135,1.26
3.105,-0.36
-3.018,0.671
-3.018,-0.047
3.106,1.531
3.087,0.302
3.086,1.268
3.044,-0.242
3.018,1.89
2.92,0.318
2.898,1.379
2.966,-0.12
2.925,0.524
2.76,-0.365
2.789,-0.666
2.565,-0.772
2.472,0.509
2.61,2.065
2.437,0.963
2.345,2.343
2.471,0.77
2.337,-0.204
2.16,1.273
1.994,2.518
1.833,2.151
1.743,2.385
1.733,2.565
1.652,0.653
1.645,2.121
1.756,1.453
1.596,0.197
1.605,1.847
1.452,1.563
1.277,-0.849
1.357,0.829
1.349,2.842
1.262,-0.499
1.139,0.419
1.1,0.934
1.054,1.488
1.143,-1.095
1.019,1.153
1.019,2.762
1.087,-1.1
0.958,0.427
0.931,-1.104
0.886,-0.017
0.848,2.403
0.8,1.62
0.847,-0.672
0.83,1.855
0.826,-0.943
0.662,1.074
0.67,1.564
0.546,2.462
0.539,2.223
0.639,0.219
0.379,-0.727
0.515,-1.014
0.442,-0.91
0.331,0.267
0.254,2.167
0.358,-0.123
0.249,0.445
0.114,-0.645
-0.147,2.018
-0.173,0.446
-0.271,1.112
-0.375,1.705
-0.445,1.375
-0.644,0.259
-0.677,-1.045
-0.547,-0.81
-0.684,-0.658
-0.622,-0.937
-0.775,2.516
-0.693,0.098
-0.776,-0.837
-0.918,-0.614
-0.783,0.551
-0.833,1.108
-1.204,0.411
-1.184,0.62
-1.421,-1.063
-1.615,-1.003
-1.587,0.458
-1.815,0.66
-1.929,-0.78
-2.011,2.618
-2.014,1.121
-2.02,0.431
-1.932,1.744
-2.257,0.129
-2.166,-0.046
-2.183,-0.615
-2.349,0.042
-2.346,-1.466
-2.815,-1.202
-2.983,-1.226
-3.016,-1.476
2.938,-1.57
2.424,-1.082
2.395,-1.331
2.379,-1.295
2.23,-1.323
1.226,-1.237
1.174,-1.542
0.812,-1.541
0.894,-1.307
0.474,-1.205
0.24,-1.194
-0.83,-1.343
-1.908,-1.243
-2.077,-1.525
-2.204,-1.194
2.819,3.089
1.627,3.092
1.654,3.252
1.449,3.121
1.264,2.885
0.848,3.117
-0.293,3.05
-0.413,2.951
-0.946,3.015
-1.22,2.934
-1.518,3.146
1.974,-1.11
-0.683,0.281
-1.217,0.974
-2.904,1.028
-1.656,2.56
-1.687,1.49
-1.839,1.756
-1.839,2.185
3.025,1.135
1.808,1.22
0.743,1.187
0.406,1.229
-0.475,1.24
-0.77,-1.434
-0.681,2.857
-0.023,-1.89
-0.05,-2.492
-0.044,0.043
-0.114,-0.652
-0.152,0.241
-0.226,-0.418
-0.219,-0.223
-0.322,-1.529
-0.313,-0.959
-0.337,-0.738
-0.368,-0.74
-0.454,-1.051
-0.795,-0.23
-0.89,-1.504
-0.905,-2.009
-0.832,-1.542
-0.877,-1.847
-1.08,-1.013
-1.263,-2.062
-1.373,0.295
-1.378,-2.526
-1.366,-2.223
-1.381,-0.062
-1.502,-3.236
-1.565,-2.211
-1.666,-2.773
-1.652,-1.197
-1.728,-1.309
-1.859,-2.42
-1.95,-1.38
-1.96,0.524
-1.994,0.613
-2.06,-2.369
-2.181,-2.353
-2.284,-0.02
-2.313,-2.714
-2.337,-1.528
-2.396,-3.549
-2.897,-3.436
-2.942,-3.56
2.886,-3.263
2.938,-3.33
2.69,-3.478
1.381,-3.683
1.048,-3.713
0.971,-3.7
0.678,-3.421
0.238,-3.412
0.214,-3.665
-0.133,-3.608
-0.136,-3.603
-0.354,-3.777
-0.525,-3.79
-0.854,-3.262
-0.882,-3.604
-1.212,-3.442
-1.168,-3.661
-1.246,-3.649
-1.392,-3.737
-1.506,-3.42
-2.225,-3.372
-2.17,-3.335
-2.487,0.613
-2.941,0.93
-3.139,1.123
2.904,0.823
1.925,0.803
0.901,0.856
0.765,0.898
0.452,1.127
-1.279,0.753
-1.426,0.878
-1.535,0.829
-1.846,0.685
-1.8,1.142
-1.854,0.763
-1.794,0.869
-1.877,0.786
-2.08,0.799
-2.848,0.539
-2.915,-0.978
-1.241,-3.153
-1.779,-2.392
0.421,0.837
0.075,0.789
-2.316,-1.237
-2.491,0.532
-2.542,-3.067
-2.491,-1.046
-2.573,-0.463
-2.666,-1.944
-2.663,-2.014
-2.756,-1.028
-2.76,-2.825
-3.081,0.64
3.137,-3.038
3.129,0.266
-3.024,-0.4
-3.117,0.634
3.138,-0.866
3.108,-2.486
-3.015,-1.455
-3.015,-2.173
3.109,-0.595
3.09,-1.824
3.089,-0.858
3.047,-2.368
3.021,-0.236
2.923,-1.808
2.901,-0.747
2.969,-2.246
2.928,-1.602
2.763,-2.491
2.792,-2.792
2.568,-2.898
2.475,-1.617
2.613,-0.061
2.44,-1.163
2.348,0.217
2.474,-1.356
2.34,-2.33
2.163,-0.853
1.997,0.392
1.836,0.025
1.746,0.259
1.736,0.439
1.655,-1.473
1.648,-0.005
1.759,-0.673
1.599,-1.929
1.608,-0.279
1.455,-0.563
1.28,-2.975
1.36,-1.297
1.352,0.716
1.265,-2.625
1.142,-1.707
1.103,-1.192
1.057,-0.638
1.146,-3.221
1.022,-0.973
1.022,0.636
1.09,-3.226
0.961,-1.699
0.934,-3.23
0.889,-2.143
0.851,0.277
0.803,-0.506
0.85,-2.798
0.833,-0.271
0.829,-3.069
0.665,-1.052
0.673,-0.562
0.549,0.336
0.542,0.097
0.642,-1.907
0.382,-2.853
0.518,-3.14
0.445,-3.036
0.334,-1.859
0.257,0.041
0.361,-2.249
0.252,-1.681
0.117,-2.771
-0.144,-0.108
-0.17,-1.68
-0.268,-1.014
-0.372,-0.421
-0.442,-0.751
-0.641,-1.867
-0.674,-3.171
-0.544,-2.936
-0.681,-2.784
-0.619,-3.063
-0.772,0.39
-0.69,-2.028
-0.773,-2.963
-0.915,-2.74
-0.78,-1.575
-0.83,-1.018
-1.201,-1.715
-1.181,-1.506
-1.418,-3.189
-1.612,-3.129
-1.584,-1.668
-1.812,-1.466
-1.926,-2.906
-2.008,0.492
-2.011,-1.005
-2.017,-1.695
-1.929,-0.382
-2.254,-1.997
-2.163,-2.172
-2.18,-2.741
-2.346,-2.084
-2.343,-3.592
-2.812,-3.328
-2.98,-3.352
-3.013,-3.602
2.941,-3.696
2.427,-3.208
2.398,-3.457
2.382,-3.421
2.233,-3.449
1.229,-3.363
1.177,-3.668
0.815,-3.667
0.897,-3.433
0.477,-3.331
0.243,-3.32
-0.827,-3.469
-1.905,-3.369
-2.074,-3.651
-2.201,-3.32
2.822,0.963
1.63,0.966
1.657,1.126
1.452,0.995
1.267,0.759
0.851,0.991
-0.29,0.924
-0.41,0.825
-0.943,0.889
-1.217,0.808
-1.515,1.02
1.977,-3.236
-0.68,-1.845
-1.214,-1.152
-2.901,-1.098
-1.653,0.434
-1.684,-0.636
-1.836,-0.37
-1.836,0.059
3.028,-0.991
1.811,-0.906
0.746,-0.939
0.409,-0.897
-0.472,-0.886
-0.767,-3.56
-0.678,0.731
-0.027,-0.602
-0.021,1.933
-0.091,1.238
-0.129,2.131
-0.203,1.472
-0.196,1.667
-0.299,0.361
-0.29,0.931
-0.314,1.152
-0.345,1.15
-0.431,0.839
-0.772,1.66
-0.867,0.386
-0.882,-0.119
-0.809,0.348
-0.854,0.043
-1.057,0.877
-1.24,-0.172
-1.35,2.185
-1.355,-0.636
-1.343,-0.333
-1.358,1.828
-1.479,-1.346
-1.542,-0.321
-1.643,-0.883
-1.629,0.693
-1.705,0.581
-1.836,-0.53
-1.927,0.51
-1.937,2.414
-1.971,2.503
-2.037,-0.479
-2.158,-0.463
-2.261,1.87
-2.29,-0.824
-2.314,0.362
-2.373,-1.659
-2.874,-1.546
-2.919,-1.67
2.909,-1.373
2.961,-1.44
2.713,-1.588
1.404,-1.793
1.071,-1.823
0.994,-1.81
0.701,-1.531
0.261,-1.522
0.237,-1.775
-0.11,-1.718
-0.113,-1.713
-0.331,-1.887
-0.502,-1.9
-0.831,-1.372
-0.859,-1.714
-1.189,-1.552
-1.145,-1.771
-1.223,-1.759
-1.369,-1.847
-1.483,-1.53
-2.202,-1.482
-2.147,-1.445
-2.464,2.503
-2.918,2.82
-3.116,3.013
2.927,2.713
1.948,2.693
0.924,2.746
0.788,2.788
0.475,3.017
-1.256,2.643
-1.403,2.768
-1.512,2.719
-1.823,2.575
-1.777,3.032
-1.831,2.653
-1.771,2.759
-1.854,2.676
-2.057,2.689
-2.825,2.429
-2.892,0.912
-1.218,-1.263
-1.756,-0.502
0.444,2.727
0.098,2.679
-2.293,0.653
-2.468,2.422
-2.519,-1.177
-2.468,0.844
-2.55,1.427
-2.643,-0.054
-2.64,-0.124
-2.733,0.862
-2.737,-0.935
-3.058,2.53
-3.123,-1.148
-3.131,2.156
-3.001,1.49
-3.094,2.524
-3.122,1.024
3.131,-0.596
-2.992,0.435
-2.992,-0.283
3.132,1.295
3.113,0.066
3.112,1.032
3.07,-0.478
3.044,1.654
2.946,0.082
2.924,1.143
2.992,-0.356
2.951,0.288
2.786,-0.601
2.815,-0.902
2.591,-1.008
2.498,0.273
2.636,1.829
2.463,0.727
2.371,2.107
2.497,0.534
2.363,-0.44
2.186,1.037
2.02,2.282
1.859,1.915
1.769,2.149
1.759,2.329
1.678,0.417
1.671,1.885
1.782,1.217
1.622,-0.039
1.631,1.611
1.478,1.327
1.303,-1.085
1.383,0.593
1.375,2.606
1.288,-0.735
1.165,0.183
1.126,0.698
1.08,1.252
1.169,-1.331
1.045,0.917
1.045,2.526
1.113,-1.336
0.984,0.191
0.957,-1.34
0.912,-0.253
0.874,2.167
0.826,1.384
0.873,-0.908
0.856,1.619
0.852,-1.179
0.688,0.838
0.696,1.328
0.572,2.226
0.565,1.987
0.665,-0.017
0.405,-0.963
0.541,-1.25
0.468,-1.146
0.357,0.031
0.28,1.931
0.384,-0.359
0.275,0.209
0.14,-0.881
-0.121,1.782
-0.147,0.21
-0.245,0.876
-0.349,1.469
-0.419,1.139
-0.618,0.023
-0.651,-1.281
-0.521,-1.046
-0.658,-0.894
-0.596,-1.173
-0.749,2.28
-0.667,-0.138
-0.75,-1.073
-0.892,-0.85
-0.757,0.315
-0.807,0.872
-1.178,0.175
-1.158,0.384
-1.395,-1.299
-1.589,-1.239
-1.561,0.222
-1.789,0.424
-1.903,-1.016
-1.985,2.382
-1.988,0.885
-1.994,0.195
-1.906,1.508
-2.231,-0.107
-2.14,-0.282
-2.157,-0.851
-2.323,-0.194
-2.32,-1.702
-2.789,-1.438
-2.957,-1.462
-2.99,-1.712
2.964,-1.806
2.45,-1.318
2.421,-1.567
2.405,-1.531
2.256,-1.559
1.252,-1.473
1.2,-1.778
0.838,-1.777
0.92,-1.543
0.5,-1.441
0.266,-1.43
-0.804,-1.579
-1.882,-1.479
-2.051,-1.761
-2.178,-1.43
2.845,2.853
1.653,2.856
1.68,3.016
1.475,2.885
1.29,2.649
0.874,2.881
-0.267,2.814
-0.387,2.715
-0.92,2.779
-1.194,2.698
-1.492,2.91
2.0,-1.346
-0.657,0.045
-1.191,0.738
-2.878,0.792
-1.63,2.324
-1.661,1.254
-1.813,1.52
-1.813,1.949
3.051,0.899
1.834,0.984
0.769,0.951
0.432,0.993
-0.449,1.004
-0.744,-1.67
-0.655,2.621
0.006,2.535
-0.064,1.84
-0.102,2.733
-0.176,2.074
-0.169,2.269
-0.272,0.963
-0.263,1.533
-0.287,1.754
-0.318,1.752
-0.404,1.441
-0.745,2.262
-0.84,0.988
-0.855,0.483
-0.782,0.95
-0.827,0.645
-1.03,1.479
-1.213,0.43
-1.323,2.787
-1.328,-0.034
-1.316,0.269
-1.331,2.43
-1.452,-0.744
-1.515,0.281
-1.616,-0.281
-1.602,1.295
-1.678,1.183
-1.809,0.072
-1.9,1.112
-1.91,3.016
-1.944,3.105
-2.01,0.123
-2.131,0.139
-2.234,2.472
-2.263,-0.222
-2.287,0.964
-2.346,-1.057
-2.847,-0.944
-2.892,-1.068
2.936,-0.771
2.988,-0.838
2.74,-0.986
1.431,-1.191
1.098,-1.221
1.021,-1.208
0.728,-0.929
0.288,-0.92
0.264,-1.173
-0.083,-1.116
-0.086,-1.111
-0.304,-1.285
-0.475,-1.298
-0.804,-0.77
-0.832,-1.112
-1.162,-0.95
-1.118,-1.169
-1.196,-1.157
-1.342,-1.245
-1.456,-0.928
-2.175,-0.88
-2.12,-0.843
-2.437,3.105
-2.891,3.422
-3.089,3.615
2.954,3.315
1.975,3.295
0.951,3.348
0.815,3.39
0.502,3.619
-1.229,3.245
-1.376,3.37
-1.485,3.321
-1.796,3.177
-1.75,3.634
-1.804,3.255
-1.744,3.361
-1.827,3.278
-2.03,3.291
-2.798,3.031
-2.865,1.514
-1.191,-0.661
-1.729,0.1
0.471,3.329
0.125,3.281
-2.266,1.255
-2.441,3.024
-2.492,-0.575
-2.441,1.446
-2.523,2.029
-2.616,0.548
-2.613,0.478
-2.706,1.464
-2.71,-0.333
-3.031,3.132
-3.096,-0.546
-3.104,2.758
-2.974,2.092
-3.067,3.126
-3.095,1.626
-3.125,0.006
-2.965,1.037
-2.965,0.319
-3.124,1.897
3.14,0.668
3.139,1.634
3.097,0.124
3.071,2.256
2.973,0.684
2.951,1.745
3.019,0.246
2.978,0.89
2.813,0.001
2.842,-0.3
2.618,-0.406
2.525,0.875
2.663,2.431
2.49,1.329
2.398,2.709
2.524,1.136
2.39,0.162
2.213,1.639
2.047,2.884
1.886,2.517
1.796,2.751
1.786,2.931
1.705,1.019
1.698,2.487
1.809,1.819
1.649,0.563
1.658,2.213
1.505,1.929
1.33,-0.483
1.41,1.195
1.402,3.208
1.315,-0.133
1.192,0.785
1.153,1.3
1.107,1.854
1.196,-0.729
1.072,1.519
1.072,3.128
1.14,-0.734
1.011,0.793
0.984,-0.738
0.939,0.349
0.901,2.769
0.853,1.986
0.9,-0.306
0.883,2.221
0.879,-0.577
0.715,1.44
0.723,1.93
0.599,2.828
0.592,2.589
0.692,0.585
0.432,-0.361
0.568,-0.648
0.495,-0.544
0.384,0.633
0.307,2.533
0.411,0.243
0.302,0.811
0.167,-0.279
-0.094,2.384
-0.12,0.812
-0.218,1.478
-0.322,2.071
-0.392,1.741
-0.591,0.625
-0.624,-0.679
-0.494,-0.444
-0.631,-0.292
-0.569,-0.571
-0.722,2.882
-0.64,0.464
-0.723,-0.471
-0.865,-0.248
-0.73,0.917
-0.78,1.474
-1.151,0.777
-1.131,0.986
-1.368,-0.697
-1.562,-0.637
-1.534,0.824
-1.762,1.026
-1.876,-0.414
-1.958,2.984
-1.961,1.487
-1.967,0.797
-1.879,2.11
-2.204,0.495
-2.113,0.32
-2.13,-0.249
-2.296,0.408
-2.293,-1.1
-2.762,-0.836
-2.93,-0.86
-2.963,-1.11
2.991,-1.204
2.477,-0.716
2.448,-0.965
2.432,-0.929
2.283,-0.957
1.279,-0.871
1.227,-1.176
0.865,-1.175
0.947,-0.941
0.527,-0.839
0.293,-0.828
-0.777,-0.977
-1.855,-0.877
-2.024,-1.159
-2.151,-0.828
2.872,3.455
1.68,3.458
1.707,3.618
1.502,3.487
1.317,3.251
0.901,3.483
-0.24,3.416
-0.36,3.317
-0.893,3.381
-1.167,3.3
-1.465,3.512
2.027,-0.744
-0.63,0.647
-1.164,1.34
-2.851,1.394
-1.603,2.926
-1.634,1.856
-1.786,2.122
-1.786,2.551
3.078,1.501
1.861,1.586
0.796,1.553
0.459,1.595
-0.422,1.606
-0.717,-1.068
-0.628,3.223
-0.07,-0.695
-0.108,0.198
-0.182,-0.461
-0.175,-0.266
-0.278,-1.572
-0.269,-1.002
-0.293,-0.781
-0.324,-0.783
-0.41,-1.094
-0.751,-0.273
-0.846,-1.547
-0.861,-2.052
-0.788,-1.585
-0.833,-1.89
-1.036,-1.056
-1.219,-2.105
-1.329,0.252
-1.334,-2.569
-1.322,-2.266
-1.337,-0.105
-1.458,-3.279
-1.521,-2.254
-1.622,-2.816
-1.608,-1.24
-1.684,-1.352
-1.815,-2.463
-1.906,-1.423
-1.916,0.481
-1.95,0.57
-2.016,-2.412
-2.137,-2.396
-2.24,-0.063
-2.269,-2.757
-2.293,-1.571
-2.352,-3.592
-2.853,-3.479
-2.898,-3.603
2.93,-3.306
2.982,-3.373
2.734,-3.521
1.425,-3.726
1.092,-3.756
1.015,-3.743
0.722,-3.464
0.282,-3.455
0.258,-3.708
-0.089,-3.651
-0.092,-3.646
-0.31,-3.82
-0.481,-3.833
-0.81,-3.305
-0.838,-3.647
-1.168,-3.485
-1.124,-3.704
-1.202,-3.692
-1.348,-3.78
-1.462,-3.463
-2.181,-3.415
-2.126,-3.378
-2.443,0.57
-2.897,0.887
-3.095,1.08
2.948,0.78
1.969,0.76
0.945,0.813
0.809,0.855
0.496,1.084
-1.235,0.71
-1.382,0.835
-1.491,0.786
-1.802,0.642
-1.756,1.099
-1.81,0.72
-1.75,0.826
-1.833,0.743
-2.036,0.756
-2.804,0.496
-2.871,-1.021
-1.197,-3.196
-1.735,-2.435
0.465,0.794
0.119,0.746
-2.272,-1.28
-2.447,0.489
-2.498,-3.11
-2.447,-1.089
-2.529,-0.506
-2.622,-1.987
-2.619,-2.057
-2.712,-1.071
-2.716,-2.868
-3.037,0.597
-3.102,-3.081
-3.11,0.223
-2.98,-0.443
-3.073,0.591
-3.101,-0.909
-3.131,-2.529
-2.971,-1.498
-2.971,-2.216
-3.13,-0.638
3.134,-1.867
3.133,-0.901
3.091,-2.411
3.065,-0.279
2.967,-1.851
2.945,-0.79
3.013,-2.289
2.972,-1.645
2.807,-2.534
2.836,-2.835
2.612,-2.941
2.519,-1.66
2.657,-0.104
2.484,-1.206
2.392,0.174
2.518,-1.399
2.384,-2.373
2.207,-0.896
2.041,0.349
1.88,-0.018
1.79,0.216
1.78,0.396
1.699,-1.516
1.692,-0.048
1.803,-0.716
1.643,-1.972
1.652,-0.322
1.499,-0.606
1.324,-3.018
1.404,-1.34
1.396,0.673
1.309,-2.668
1.186,-1.75
1.147,-1.235
1.101,-0.681
1.19,-3.264
1.066,-1.016
1.066,0.593
1.134,-3.269
1.005,-1.742
0.978,-3.273
0.933,-2.186
0.895,0.234
0.847,-0.549
0.894,-2.841
0.877,-0.314
0.873,-3.112
0.709,-1.095
0.717,-0.605
0.593,0.293
0.586,0.054
0.686,-1.95
0.426,-2.896
0.562,-3.183
0.489,-3.079
0.378,-1.902
0.301,-0.002
0.405,-2.292
0.296,-1.724
0.161,-2.814
-0.1,-0.151
-0.126,-1.723
-0.224,-1.057
-0.328,-0.464
-0.398,-0.794
-0.597,-1.91
-0.63,-3.214
-0.5,-2.979
-0.637,-2.827
-0.575,-3.106
-0.728,0.347
-0.646,-2.071
-0.729,-3.006
-0.871,-2.783
-0.736,-1.618
-0.786,-1.061
-1.157,-1.758
-1.137,-1.549
-1.374,-3.232
-1.568,-3.172
-1.54,-1.711
-1.768,-1.509
-1.882,-2.949
-1.964,0.449
-1.967,-1.048
-1.973,-1.738
-1.885,-0.425
-2.21,-2.04
-2.119,-2.215
-2.136,-2.784
-2.302,-2.127
-2.299,-3.635
-2.768,-3.371
-2.936,-3.395
-2.969,-3.645
2.985,-3.739
2.471,-3.251
2.442,-3.5
2.426,-3.464
2.277,-3.492
1.273,-3.406
1.221,-3.711
0.859,-3.71
0.941,-3.476
0.521,-3.374
0.287,-3.363
-0.783,-3.512
-1.861,-3.412
-2.03,-3.694
-2.157,-3.363
2.866,0.92
1.674,0.923
1.701,1.083
1.496,0.952
1.311,0.716
0.895,0.948
-0.246,0.881
-0.366,0.782
-0.899,0.846
-1.173,0.765
-1.471,0.977
2.021,-3.279
-0.636,-1.888
-1.17,-1.195
-2.857,-1.141
-1.609,0.391
-1.64,-0.679
-1.792,-0.413
-1.792,0.016
3.072,-1.034
1.855,-0.949
0.79,-0.982
0.453,-0.94
-0.428,-0.929
-0.723,-3.603
-0.634,0.688
-0.038,0.893
-0.112,0.234
-0.105,0.429
-0.208,-0.877
-0.199,-0.307
-0.223,-0.086
-0.254,-0.088
-0.34,-0.399
-0.681,0.422
-0.776,-0.852
-0.791,-1.357
-0.718,-0.89
-0.763,-1.195
-0.966,-0.361
-1.149,-1.41
-1.259,0.947
-1.264,-1.874
-1.252,-1.571
-1.267,0.59
-1.388,-2.584
-1.451,-1.559
-1.552,-2.121
-1.538,-0.545
-1.614,-0.657
-1.745,-1.768
-1.836,-0.728
-1.846,1.176
-1.88,1.265
-1.946,-1.717
-2.067,-1.701
-2.17,0.632
-2.199,-2.062
-2.223,-0.876
-2.282,-2.897
-2.783,-2.784
-2.828,-2.908
3.0,-2.611
3.052,-2.678
2.804,-2.826
1.495,-3.031
1.162,-3.061
1.085,-3.048
0.792,-2.769
0.352,-2.76
0.328,-3.013
-0.019,-2.956
-0.022,-2.951
-0.24,-3.125
-0.411,-3.138
-0.74,-2.61
-0.768,-2.952
-1.098,-2.79
-1.054,-3.009
-1.132,-2.997
-1.278,-3.085
-1.392,-2.768
-2.111,-2.72
-2.056,-2.683
-2.373,1.265
-2.827,1.582
-3.025,1.775
3.018,1.475
2.039,1.455
1.015,1.508
0.879,1.55
0.566,1.779
-1.165,1.405
-1.312,1.53
-1.421,1.481
-1.732,1.337
-1.686,1.794
-1.74,1.415
-1.68,1.521
-1.763,1.438
-1.966,1.451
-2.734,1.191
-2.801,-0.326
-1.127,-2.501
-1.665,-1.74
0.535,1.489
0.189,1.441
-2.202,-0.585
-2.377,1.184
-2.428,-2.415
-2.377,-0.394
-2.459,0.189
-2.552,-1.292
-2.549,-1.362
-2.642,-0.376
-2.646,-2.173
-2.967,1.292
-3.032,-2.386
-3.04,0.918
-2.91,0.252
-3.003,1.286
-3.031,-0.214
-3.061,-1.834
-2.901,-0.803
-2.901,-1.521
-3.06,0.057
-3.079,-1.172
-3.08,-0.206
-3.122,-1.716
3.135,0.416
3.037,-1.156
3.015,-0.095
3.083,-1.594
3.042,-0.95
2.877,-1.839
2.906,-2.14
2.682,-2.246
2.589,-0.965
2.727,0.591
2.554,-0.511
2.462,0.869
2.588,-0.704
2.454,-1.678
2.277,-0.201
2.111,1.044
1.95,0.677
1.86,0.911
1.85,1.091
1.769,-0.821
1.762,0.647
1.873,-0.021
1.713,-1.277
1.722,0.373
1.569,0.089
1.394,-2.323
1.474,-0.645
1.466,1.368
1.379,-1.973
1.256,-1.055
1.217,-0.54
1.171,0.014
1.26,-2.569
1.136,-0.321
1.136,1.288
1.204,-2.574
1.075,-1.047
1.048,-2.578
1.003,-1.491
0.965,0.929
0.917,0.146
0.964,-2.146
0.947,0.381
0.943,-2.417
0.779,-0.4
0.787,0.09
0.663,0.988
0.656,0.749
0.756,-1.255
0.496,-2.201
0.632,-2.488
0.559,-2.384
0.448,-1.207
0.371,0.693
0.475,-1.597
0.366,-1.029
0.231,-2.119
-0.03,0.544
-0.056,-1.028
-0.154,-0.362
-0.258,0.231
-0.328,-0.099
-0.527,-1.215
-0.56,-2.519
-0.43,-2.284
-0.567,-2.132
-0.505,-2.411
-0.658,1.042
-0.576,-1.376
-0.659,-2.311
-0.801,-2.088
-0.666,-0.923
-0.716,-0.366
-1.087,-1.063
-1.067,-0.854
-1.304,-2.537
-1.498,-2.477
-1.47,-1.016
-1.698,-0.814
-1.812,-2.254
-1.894,1.144
-1.897,-0.353
-1.903,-1.043
-1.815,0.27
-2.14,-1.345
-2.049,-1.52
-2.066,-2.089
-2.232,-1.432
-2.229,-2.94
-2.698,-2.676
-2.866,-2.7
-2.899,-2.95
3.055,-3.044
2.541,-2.556
2.512,-2.805
2.496,-2.769
2.347,-2.797
1.343,-2.711
1.291,-3.016
0.929,-3.015
1.011,-2.781
0.591,-2.679
0.357,-2.668
-0.713,-2.817
-1.791,-2.717
-1.96,-2.999
-2.087,-2.668
2.936,1.615
1.744,1.618
1.771,1.778
1.566,1.647
1.381,1.411
0.965,1.643
-0.176,1.576
-0.296,1.477
-0.829,1.541
-1.103,1.46
-1.401,1.672
2.091,-2.584
-0.566,-1.193
-1.1,-0.5
-2.787,-0.446
-1.539,1.086
-1.57,0.016
-1.722,0.282
-1.722,0.711
-3.141,-0.339
1.925,-0.254
0.86,-0.287
0.523,-0.245
-0.358,-0.234
-0.653,-2.908
-0.564,1.383
-0.074,-0.659
-0.067,-0.464
-0.17,-1.77
-0.161,-1.2
-0.185,-0.979
-0.216,-0.981
-0.302,-1.292
-0.643,-0.471
-0.738,-1.745
-0.753,-2.25
-0.68,-1.783
-0.725,-2.088
-0.928,-1.254
-1.111,-2.303
-1.221,0.054
-1.226,-2.767
-1.214,-2.464
-1.229,-0.303
-1.35,-3.477
-1.413,-2.452
-1.514,-3.014
-1.5,-1.438
-1.576,-1.55
-1.707,-2.661
-1.798,-1.621
-1.808,0.283
-1.842,0.372
-1.908,-2.61
-2.029,-2.594
-2.132,-0.261
-2.161,-2.955
-2.185,-1.769
-2.244,-3.79
-2.745,-3.677
-2.79,-3.801
3.038,-3.504
3.09,-3.571
2.842,-3.719
1.533,-3.924
1.2,-3.954
1.123,-3.941
0.83,-3.662
0.39,-3.653
0.366,-3.906
0.019,-3.849
0.016,-3.844
-0.202,-4.018
-0.373,-4.031
-0.702,-3.503
-0.73,-3.845
-1.06,-3.683
-1.016,-3.902
-1.094,-3.89
-1.24,-3.978
-1.354,-3.661
-2.073,-3.613
-2.018,-3.576
-2.335,0.372
-2.789,0.689
-2.987,0.882
3.056,0.582
2.077,0.562
1.053,0.615
0.917,0.657
0.604,0.886
-1.127,0.512
-1.274,0.637
-1.383,0.588
-1.694,0.444
-1.648,0.901
-1.702,0.522
-1.642,0.628
-1.725,0.545
-1.928,0.558
-2.696,0.298
-2.763,-1.219
-1.089,-3.394
-1.627,-2.633
0.573,0.596
0.227,0.548
-2.164,-1.478
-2.339,0.291
-2.39,-3.308
-2.339,-1.287
-2.421,-0.704
-2.514,-2.185
-2.511,-2.255
-2.604,-1.269
-2.608,-3.066
-2.929,0.399
-2.994,-3.279
-3.002,0.025
-2.872,-0.641
-2.965,0.393
-2.993,-1.107
-3.023,-2.727
-2.863,-1.696
-2.863,-2.414
-3.022,-0.836
-3.041,-2.065
-3.042,-1.099
-3.084,-2.609
-3.11,-0.477
3.075,-2.049
3.053,-0.988
3.121,-2.487
3.08,-1.843
2.915,-2.732
2.944,-3.033
2.72,-3.139
2.627,-1.858
2.765,-0.302
2.592,-1.404
2.5,-0.024
2.626,-1.597
2.492,-2.571
2.315,-1.094
2.149,0.151
1.988,-0.216
1.898,0.018
1.888,0.198
1.807,-1.714
1.8,-0.246
1.911,-0.914
1.751,-2.17
1.76,-0.52
1.607,-0.804
1.432,-3.216
1.512,-1.538
1.504,0.475
1.417,-2.866
1.294,-1.948
1.255,-1.433
1.209,-0.879
1.298,-3.462
1.174,-1.214
1.174,0.395
1.242,-3.467
1.113,-1.94
1.086,-3.471
1.041,-2.384
1.003,0.036
0.955,-0.747
1.002,-3.039
0.985,-0.512
0.981,-3.31
0.817,-1.293
0.825,-0.803
0.701,0.095
0.694,-0.144
0.794,-2.148
0.534,-3.094
0.67,-3.381
0.597,-3.277
0.486,-2.1
0.409,-0.2
0.513,-2.49
0.404,-1.922
0.269,-3.012
0.008,-0.349
-0.018,-1.921
-0.116,-1.255
-0.22,-0.662
-0.29,-0.992
-0.489,-2.108
-0.522,-3.412
-0.392,-3.177
-0.529,-3.025
-0.467,-3.304
-0.62,0.149
-0.538,-2.269
-0.621,-3.204
-0.763,-2.981
-0.628,-1.816
-0.678,-1.259
-1.049,-1.956
-1.029,-1.747
-1.266,-3.43
-1.46,-3.37
-1.432,-1.909
-1.66,-1.707
-1.774,-3.147
-1.856,0.251
-1.859,-1.246
-1.865,-1.936
-1.777,-0.623
-2.102,-2.238
-2.011,-2.413
-2.028,-2.982
-2.194,-2.325
-2.191,-3.833
-2.66,-3.569
-2.828,-3.593
-2.861,-3.843
3.093,-3.937
2.579,-3.449
2.55,-3.698
2.534,-3.662
2.385,-3.69
1.381,-3.604
1.329,-3.909
0.967,-3.908
1.049,-3.674
0.629,-3.572
0.395,-3.561
-0.675,-3.71
-1.753,-3.61
-1.922,-3.892
-2.049,-3.561
2.974,0.722
1.782,0.725
1.809,0.885
1.604,0.754
1.419,0.518
1.003,0.75
-0.138,0.683
-0.258,0.584
-0.791,0.648
-1.065,0.567
-1.363,0.779
2.129,-3.477
-0.528,-2.086
-1.062,-1.393
-2.749,-1.339
-1.501,0.193
-1.532,-0.877
-1.684,-0.611
-1.684,-0.182
-3.103,-1.232
1.963,-1.147
0.898,-1.18
0.561,-1.138
-0.32,-1.127
-0.615,-3.801
-0.526,0.49
0.007,0.195
-0.096,-1.111
-0.087,-0.541
-0.111,-0.32
-0.142,-0.322
-0.228,-0.633
-0.569,0.188
-0.664,-1.086
-0.679,-1.591
-0.606,-1.124
-0.651,-1.429
-0.854,-0.595
-1.037,-1.644
-1.147,0.713
-1.152,-2.108
-1.14,-1.805
-1.155,0.356
-1.276,-2.818
-1.339,-1.793
-1.44,-2.355
-1.426,-0.779
-1.502,-0.891
-1.633,-2.002
-1.724,-0.962
-1.734,0.942
-1.768,1.031
-1.834,-1.951
-1.955,-1.935
-2.058,0.398
-2.087,-2.296
-2.111,-1.11
-2.17,-3.131
-2.671,-3.018
-2.716,-3.142
3.112,-2.845
-3.119,-2.912
2.916,-3.06
1.607,-3.265
1.274,-3.295
1.197,-3.282
0.904,-3.003
0.464,-2.994
0.44,-3.247
0.093,-3.19
0.09,-3.185
-0.128,-3.359
-0.299,-3.372
-0.628,-2.844
-0.656,-3.186
-0.986,-3.024
-0.942,-3.243
-1.02,-3.231
-1.166,-3.319
-1.28,-3.002
-1.999,-2.954
-1.944,-2.917
-2.261,1.031
-2.715,1.348
-2.913,1.541
3.13,1.241
2.151,1.221
1.127,1.274
0.991,1.316
0.678,1.545
-1.053,1.171
-1.2,1.296
-1.309,1.247
-1.62,1.103
-1.574,1.56
-1.628,1.181
-1.568,1.287
-1.651,1.204
-1.854,1.217
-2.622,0.957
-2.689,-0.56
-1.015,-2.735
-1.553,-1.974
0.647,1.255
0.301,1.207
-2.09,-0.819
-2.265,0.95
-2.316,-2.649
-2.265,-0.628
-2.347,-0.045
-2.44,-1.526
-2.437,-1.596
-2.53,-0.61
-2.534,-2.407
-2.855,1.058
-2.92,-2.62
-2.928,0.684
-2.798,0.018
-2.891,1.052
-2.919,-0.448
-2.949,-2.068
-2.789,-1.037
-2.789,-1.755
-2.948,-0.177
-2.967,-1.406
-2.968,-0.44
-3.01,-1.95
-3.036,0.182
-3.134,-1.39
3.127,-0.329
-3.088,-1.828
-3.129,-1.184
2.989,-2.073
3.018,-2.374
2.794,-2.48
2.701,-1.199
2.839,0.357
2.666,-0.745
2.574,0.635
2.7,-0.938
2.566,-1.912
2.389,-0.435
2.223,0.81
2.062,0.443
1.972,0.677
1.962,0.857
1.881,-1.055
1.874,0.413
1.985,-0.255
1.825,-1.511
1.834,0.139
1.681,-0.145
1.506,-2.557
1.586,-0.879
1.578,1.134
1.491,-2.207
1.368,-1.289
1.329,-0.774
1.283,-0.22
1.372,-2.803
1.248,-0.555
1.248,1.054
1.316,-2.808
1.187,-1.281
1.16,-2.812
1.115,-1.725
1.077,0.695
1.029,-0.088
1.076,-2.38
1.059,0.147
1.055,-2.651
0.891,-0.634
0.899,-0.144
0.775,0.754
0.768,0.515
0.868,-1.489
0.608,-2.435
0.744,-2.722
0.671,-2.618
0.56,-1.441
0.483,0.459
0.587,-1.831
0.478,-1.263
0.343,-2.353
0.082,0.31
0.056,-1.262
-0.042,-0.596
-0.146,-0.003
-0.216,-0.333
-0.415,-1.449
-0.448,-2.753
-0.318,-2.518
-0.455,-2.366
-0.393,-2.645
-0.546,0.808
-0.464,-1.61
-0.547,-2.545
-0.689,-2.322
-0.554,-1.157
-0.604,-0.6
-0.975,-1.297
-0.955,-1.088
-1.192,-2.771
-1.386,-2.711
-1.358,-1.25
-1.586,-1.048
-1.7,-2.488
-1.782,0.91
-1.785,-0.587
-1.791,-1.277
-1.703,0.036
-2.028,-1.579
-1.937,-1.754
-1.954,-2.323
-2.12,-1.666
-2.117,-3.174
-2.586,-2.91
-2.754,-2.934
-2.787,-3.184
-3.116,-3.278
2.653,-2.79
2.624,-3.039
2.608,-3.003
2.459,-3.031
1.455,-2.945
1.403,-3.25
1.041,-3.249
1.123,-3.015
0.703,-2.913
0.469,-2.902
-0.601,-3.051
-1.679,-2.951
-1.848,-3.233
-1.975,-2.902
3.048,1.381
1.856,1.384
1.883,1.544
1.678,1.413
1.493,1.177
1.077,1.409
-0.064,1.342
-0.184,1.243
-0.717,1.307
-0.991,1.226
-1.289,1.438
2.203,-2.818
-0.454,-1.427
-0.988,-0.734
-2.675,-0.68
-1.427,0.852
-1.458,-0.218
-1.61,0.048
-1.61,0.477
-3.029,-0.573
2.037,-0.488
0.972,-0.521
0.635,-0.479
-0.246,-0.468
-0.541,-3.142
-0.452,1.149
-0.103,-1.306
-0.094,-0.736
-0.118,-0.515
-0.149,-0.517
-0.235,-0.828
-0.576,-0.007
-0.671,-1.281
-0.686,-1.786
-0.613,-1.319
-0.658,-1.624
-0.861,-0.79
-1.044,-1.839
-1.154,0.518
-1.159,-2.303
-1.147,-2.0
-1.162,0.161
-1.283,-3.013
-1.346,-1.988
-1.447,-2.55
-1.433,-0.974
-1.509,-1.086
-1.64,-2.197
-1.731,-1.157
-1.741,0.747
-1.775,0.836
-1.841,-2.146
-1.962,-2.13
-2.065,0.203
-2.094,-2.491
-2.118,-1.305
-2.177,-3.326
-2.678,-3.213
-2.723,-3.337
3.105,-3.04
-3.126,-3.107
2.909,-3.255
1.6,-3.46
1.267,-3.49
1.19,-3.477
0.897,-3.198
0.457,-3.189
0.433,-3.442
0.086,-3.385
0.083,-3.38
-0.135,-3.554
-0.306,-3.567
-0.635,-3.039
-0.663,-3.381
-0.993,-3.219
-0.949,-3.438
-1.027,-3.426
-1.173,-3.514
-1.287,-3.197
-2.006,-3.149
-1.951,-3.112
-2.268,0.836
-2.722,1.153
-2.92,1.346
3.123,1.046
2.144,1.026
1.12,1.079
0.984,1.121
0.671,1.35
-1.06,0.976
-1.207,1.101
-1.316,1.052
-1.627,0.908
-1.581,1.365
-1.635,0.986
-1.575,1.092
-1.658,1.009
-1.861,1.022
-2.629,0.762
-2.696,-0.755
-1.022,-2.93
-1.56,-2.169
0.64,1.06
0.294,1.012
-2.097,-1.014
-2.272,0.755
-2.323,-2.844
-2.272,-0.823
-2.354,-0.24
-2.447,-1.721
-2.444,-1.791
-2.537,-0.805
-2.541,-2.602
-2.862,0.863
-2.927,-2.815
-2.935,0.489
-2.805,-0.177
-2.898,0.857
-2.926,-0.643
-2.956,-2.263
-2.796,-1.232
-2.796,-1.95
-2.955,-0.372
-2.974,-1.601
-2.975,-0.635
-3.017,-2.145
-3.043,-0.013
-3.141,-1.585
3.12,-0.524
-3.095,-2.023
-3.136,-1.379
2.982,-2.268
3.011,-2.569
2.787,-2.675
2.694,-1.394
2.832,0.162
2.659,-0.94
2.567,0.44
2.693,-1.133
2.559,-2.107
2.382,-0.63
2.216,0.615
2.055,0.248
1.965,0.482
1.955,0.662
1.874,-1.25
1.867,0.218
1.978,-0.45
1.818,-1.706
1.827,-0.056
1.674,-0.34
1.499,-2.752
1.579,-1.074
1.571,0.939
1.484,-2.402
1.361,-1.484
1.322,-0.969
1.276,-0.415
1.365,-2.998
1.241,-0.75
1.241,0.859
1.309,-3.003
1.18,-1.476
1.153,-3.007
1.108,-1.92
1.07,0.5
1.022,-0.283
1.069,-2.575
1.052,-0.048
1.048,-2.846
0.884,-0.829
0.892,-0.339
0.768,0.559
0.761,0.32
0.861,-1.684
0.601,-2.63
0.737,-2.917
0.664,-2.813
0.553,-1.636
0.476,0.264
0.58,-2.026
0.471,-1.458
0.336,-2.548
0.075,0.115
0.049,-1.457
-0.049,-0.791
-0.153,-0.198
-0.223,-0.528
-0.422,-1.644
-0.455,-2.948
-0.325,-2.713
-0.462,-2.561
-0.4,-2.84
-0.553,0.613
-0.471,-1.805
-0.554,-2.74
-0.696,-2.517
-0.561,-1.352
-0.611,-0.795
-0.982,-1.492
-0.962,-1.283
-1.199,-2.966
-1.393,-2.906
-1.365,-1.445
-1.593,-1.243
-1.707,-2.683
-1.789,0.715
-1.792,-0.782
-1.798,-1.472
-1.71,-0.159
-2.035,-1.774
-1.944,-1.949
-1.961,-2.518
-2.127,-1.861
-2.124,-3.369
-2.593,-3.105
-2.761,-3.129
-2.794,-3.379
-3.123,-3.473
2.646,-2.985
2.617,-3.234
2.601,-3.198
2.452,-3.226
1.448,-3.14
1.396,-3.445
1.034,-3.444
1.116,-3.21
0.696,-3.108
0.462,-3.097
-0.608,-3.246
-1.686,-3.146
-1.855,-3.428
-1.982,-3.097
3.041,1.186
1.849,1.189
1.876,1.349
1.671,1.218
1.486,0.982
1.07,1.214
-0.071,1.147
-0.191,1.048
-0.724,1.112
-0.998,1.031
-1.296,1.243
2.196,-3.013
-0.461,-1.622
-0.995,-0.929
-2.682,-0.875
-1.434,0.657
-1.465,-0.413
-1.617,-0.147
-1.617,0.282
-3.036,-0.768
2.03,-0.683
0.965,-0.716
0.628,-0.674
-0.253,-0.663
-0.548,-3.337
-0.459,0.954
0.009,0.57
-0.015,0.791
-0.046,0.789
-0.132,0.478
-0.473,1.299
-0.568,0.025
-0.583,-0.48
-0.51,-0.013
-0.555,-0.318
-0.758,0.516
-0.941,-0.533
-1.051,1.824
-1.056,-0.997
-1.044,-0.694
-1.059,1.467
-1.18,-1.707
-1.243,-0.682
-1.344,-1.244
-1.33,0.332
-1.406,0.22
-1.537,-0.891
-1.628,0.149
-1.638,2.053
-1.672,2.142
-1.738,-0.84
-1.859,-0.824
-1.962,1.509
-1.991,-1.185
-2.015,0.001
-2.074,-2.02
-2.575,-1.907
-2.62,-2.031
-3.075,-1.734
-3.023,-1.801
3.012,-1.949
1.703,-2.154
1.37,-2.184
1.293,-2.171
1.0,-1.892
0.56,-1.883
0.536,-2.136
0.189,-2.079
0.186,-2.074
-0.032,-2.248
-0.203,-2.261
-0.532,-1.733
-0.56,-2.075
-0.89,-1.913
-0.846,-2.132
-0.924,-2.12
-1.07,-2.208
-1.184,-1.891
-1.903,-1.843
-1.848,-1.806
-2.165,2.142
-2.619,2.459
-2.817,2.652
-3.057,2.352
2.247,2.332
1.223,2.385
1.087,2.427
0.774,2.656
-0.957,2.282
-1.104,2.407
-1.213,2.358
-1.524,2.214
-1.478,2.671
-1.532,2.292
-1.472,2.398
-1.555,2.315
-1.758,2.328
-2.526,2.068
-2.593,0.551
-0.919,-1.624
-1.457,-0.863
0.743,2.366
0.397,2.318
-1.994,0.292
-2.169,2.061
-2.22,-1.538
-2.169,0.483
-2.251,1.066
-2.344,-0.415
-2.341,-0.485
-2.434,0.501
-2.438,-1.296
-2.759,2.169
-2.824,-1.509
-2.832,1.795
-2.702,1.129
-2.795,2.163
-2.823,0.663
-2.853,-0.957
-2.693,0.074
-2.693,-0.644
-2.852,0.934
-2.871,-0.295
-2.872,0.671
-2.914,-0.839
-2.94,1.293
-3.038,-0.279
-3.06,0.782
-2.992,-0.717
-3.033,-0.073
3.085,-0.962
3.114,-1.263
2.89,-1.369
2.797,-0.088
2.935,1.468
2.762,0.366
2.67,1.746
2.796,0.173
2.662,-0.801
2.485,0.676
2.319,1.921
2.158,1.554
2.068,1.788
2.058,1.968
1.977,0.056
1.97,1.524
2.081,0.856
1.921,-0.4
1.93,1.25
1.777,0.966
1.602,-1.446
1.682,0.232
1.674,2.245
1.587,-1.096
1.464,-0.178
1.425,0.337
1.379,0.891
1.468,-1.692
1.344,0.556
1.344,2.165
1.412,-1.697
1.283,-0.17
1.256,-1.701
1.211,-0.614
1.173,1.806
1.125,1.023
1.172,-1.269
1.155,1.258
1.151,-1.54
0.987,0.477
0.995,0.967
0.871,1.865
0.864,1.626
0.964,-0.378
0.704,-1.324
0.84,-1.611
0.767,-1.507
0.656,-0.33
0.579,1.57
0.683,-0.72
0.574,-0.152
0.439,-1.242
0.178,1.421
0.152,-0.151
0.054,0.515
-0.05,1.108
-0.12,0.778
-0.319,-0.338
-0.352,-1.642
-0.222,-1.407
-0.359,-1.255
-0.297,-1.534
-0.45,1.919
-0.368,-0.499
-0.451,-1.434
-0.593,-1.211
-0.458,-0.046
-0.508,0.511
-0.879,-0.186
-0.859,0.023
-1.096,-1.66
-1.29,-1.6
-1.262,-0.139
-1.49,0.063
-1.604,-1.377
-1.686,2.021
-1.689,0.524
-1.695,-0.166
-1.607,1.147
-1.932,-0.468
-1.841,-0.643
-1.858,-1.212
-2.024,-0.555
-2.021,-2.063
-2.49,-1.799
-2.658,-1.823
-2.691,-2.073
-3.02,-2.167
2.749,-1.679
2.72,-1.928
2.704,-1.892
2.555,-1.92
1.551,-1.834
1.499,-2.139
1.137,-2.138
1.219,-1.904
0.799,-1.802
0.565,-1.791
-0.505,-1.94
-1.583,-1.84
-1.752,-2.122
-1.879,-1.791
-3.139,2.492
1.952,2.495
1.979,2.655
1.774,2.524
1.589,2.288
1.173,2.52
0.032,2.453
-0.088,2.354
-0.621,2.418
-0.895,2.337
-1.193,2.549
2.299,-1.707
-0.358,-0.316
-0.892,0.377
-2.579,0.431
-1.331,1.963
-1.362,0.893
-1.514,1.159
-1.514,1.588
-2.933,0.538
2.133,0.623
1.068,0.59
0.731,0.632
-0.15,0.643
-0.445,-2.031
-0.356,2.26
-0.024,0.221
-0.055,0.219
-0.141,-0.092
-0.482,0.729
-0.577,-0.545
-0.592,-1.05
-0.519,-0.583
-0.564,-0.888
-0.767,-0.054
-0.95,-1.103
-1.06,1.254
-1.065,-1.567
-1.053,-1.264
-1.068,0.897
-1.189,-2.277
-1.252,-1.252
-1.353,-1.814
-1.339,-0.238
-1.415,-0.35
-1.546,-1.461
-1.637,-0.421
-1.647,1.483
-1.681,1.572
-1.747,-1.41
-1.868,-1.394
-1.971,0.939
-2.0,-1.755
-2.024,-0.569
-2.083,-2.59
-2.584,-2.477
-2.629,-2.601
-3.084,-2.304
-3.032,-2.371
3.003,-2.519
1.694,-2.724
1.361,-2.754
1.284,-2.741
0.991,-2.462
0.551,-2.453
0.527,-2.706
0.18,-2.649
0.177,-2.644
-0.041,-2.818
-0.212,-2.831
-0.541,-2.303
-0.569,-2.645
-0.899,-2.483
-0.855,-2.702
-0.933,-2.69
-1.079,-2.778
-1.193,-2.461
-1.912,-2.413
-1.857,-2.376
-2.174,1.572
-2.628,1.889
-2.826,2.082
-3.066,1.782
2.238,1.762
1.214,1.815
1.078,1.857
0.765,2.086
-0.966,1.712
-1.113,1.837
-1.222,1.788
-1.533,1.644
-1.487,2.101
-1.541,1.722
-1.481,1.828
-1.564,1.745
-1.767,1.758
-2.535,1.498
-2.602,-0.019
-0.928,-2.194
-1.466,-1.433
0.734,1.796
0.388,1.748
-2.003,-0.278
-2.178,1.491
-2.229,-2.108
-2.178,-0.087
-2.26,0.496
-2.353,-0.985
-2.35,-1.055
-2.443,-0.069
-2.447,-1.866
-2.768,1.599
-2.833,-2.079
-2.841,1.225
-2.711,0.559
-2.804,1.593
-2.832,0.093
-2.862,-1.527
-2.702,-0.496
-2.702,-1.214
-2.861,0.364
-2.88,-0.865
-2.881,0.101
-2.923,-1.409
-2.949,0.723
-3.047,-0.849
-3.069,0.212
-3.001,-1.287
-3.042,-0.643
3.076,-1.532
3.105,-1.833
2.881,-1.939
2.788,-0.658
2.926,0.898
2.753,-0.204
2.661,1.176
2.787,-0.397
2.653,-1.371
2.476,0.106
2.31,1.351
2.149,0.984
2.059,1.218
2.049,1.398
1.968,-0.514
1.961,0.954
2.072,0.286
1.912,-0.97
1.921,0.68
1.768,0.396
1.593,-2.016
1.673,-0.338
1.665,1.675
1.578,-1.666
1.455,-0.748
1.416,-0.233
1.37,0.321
1.459,-2.262
1.335,-0.014
1.335,1.595
1.403,-2.267
1.274,-0.74
1.247,-2.271
1.202,-1.184
1.164,1.236
1.116,0.453
1.163,-1.839
1.146,0.688
1.142,-2.11
0.978,-0.093
0.986,0.397
0.862,1.295
0.855,1.056
0.955,-0.948
0.695,-1.894
0.831,-2.181
0.758,-2.077
0.647,-0.9
0.57,1.0
0.674,-1.29
0.565,-0.722
0.43,-1.812
0.169,0.851
0.143,-0.721
0.045,-0.055
-0.059,0.538
-0.129,0.208
-0.328,-0.908
-0.361,-2.212
-0.231,-1.977
-0.368,-1.825
-0.306,-2.104
-0.459,1.349
-0.377,-1.069
-0.46,-2.004
-0.602,-1.781
-0.467,-0.616
-0.517,-0.059
-0.888,-0.756
-0.868,-0.547
-1.105,-2.23
-1.299,-2.17
-1.271,-0.709
-1.499,-0.507
-1.613,-1.947
-1.695,1.451
-1.698,-0.046
-1.704,-0.736
-1.616,0.577
-1.941,-1.038
-1.85,-1.213
-1.867,-1.782
-2.033,-1.125
-2.03,-2.633
-2.499,-2.369
-2.667,-2.393
-2.7,-2.643
-3.029,-2.737
2.74,-2.249
2.711,-2.498
2.695,-2.462
2.546,-2.49
1.542,-2.404
1.49,-2.709
1.128,-2.708
1.21,-2.474
0.79,-2.372
0.556,-2.361
-0.514,-2.51
-1.592,-2.41
-1.761,-2.692
-1.888,-2.361
3.135,1.922
1.943,1.925
1.97,2.085
1.765,1.954
1.58,1.718
1.164,1.95
0.023,1.883
-0.097,1.784
-0.63,1.848
-0.904,1.767
-1.202,1.979
2.29,-2.277
-0.367,-0.886
-0.901,-0.193
-2.588,-0.139
-1.34,1.393
-1.371,0.323
-1.523,0.589
-1.523,1.018
-2.942,-0.032
2.124,0.053
1.059,0.02
0.722,0.062
-0.159,0.073
-0.454,-2.601
-0.365,1.69
-0.031,-0.002
-0.117,-0.313
-0.458,0.508
-0.553,-0.766
-0.568,-1.271
-0.495,-0.804
-0.54,-1.109
-0.743,-0.275
-0.926,-1.324
-1.036,1.033
-1.041,-1.788
-1.029,-1.485
-1.044,0.676
-1.165,-2.498
-1.228,-1.473
-1.329,-2.035
-1.315,-0.459
-1.391,-0.571
-1.522,-1.682
-1.613,-0.642
-1.623,1.262
-1.657,1.351
-1.723,-1.631
-1.844,-1.615
-1.947,0.718
-1.976,-1.976
-2.0,-0.79
-2.059,-2.811
-2.56,-2.698
-2.605,-2.822
-3.06,-2.525
-3.008,-2.592
3.027,-2.74
1.718,-2.945
1.385,-2.975
1.308,-2.962
1.015,-2.683
0.575,-2.674
0.551,-2.927
0.204,-2.87
0.201,-2.865
-0.017,-3.039
-0.188,-3.052
-0.517,-2.524
-0.545,-2.866
-0.875,-2.704
-0.831,-2.923
-0.909,-2.911
-1.055,-2.999
-1.169,-2.682
-1.888,-2.634
-1.833,-2.597
-2.15,1.351
-2.604,1.668
-2.802,1.861
-3.042,1.561
2.262,1.541
1.238,1.594
1.102,1.636
0.789,1.865
-0.942,1.491
-1.089,1.616
-1.198,1.567
-1.509,1.423
-1.463,1.88
-1.517,1.501
-1.457,1.607
-1.54,1.524
-1.743,1.537
-2.511,1.277
-2.578,-0.24
-0.904,-2.415
-1.442,-1.654
0.758,1.575
0.412,1.527
-1.979,-0.499
-2.154,1.27
-2.205,-2.329
-2.154,-0.308
-2.236,0.275
-2.329,-1.206
-2.326,-1.276
-2.419,-0.29
-2.423,-2.087
-2.744,1.378
-2.809,-2.3
-2.817,1.004
-2.687,0.338
-2.78,1.372
-2.808,-0.128
-2.838,-1.748
-2.678,-0.717
-2.678,-1.435
-2.837,0.143
-2.856,-1.086
-2.857,-0.12
-2.899,-1.63
-2.925,0.502
-3.023,-1.07
-3.045,-0.009
-2.977,-1.508
-3.018,-0.864
3.1,-1.753
3.129,-2.054
2.905,-2.16
2.812,-0.879
2.95,0.677
2.777,-0.425
2.685,0.955
2.811,-0.618
2.677,-1.592
2.5,-0.115
2.334,1.13
2.173,0.763
2.083,0.997
2.073,1.177
1.992,-0.735
1.985,0.733
2.096,0.065
1.936,-1.191
1.945,0.459
1.792,0.175
1.617,-2.237
1.697,-0.559
1.689,1.454
1.602,-1.887
1.479,-0.969
1.44,-0.454
1.394,0.1
1.483,-2.483
1.359,-0.235
1.359,1.374
1.427,-2.488
1.298,-0.961
1.271,-2.492
1.226,-1.405
1.188,1.015
1.14,0.232
1.187,-2.06
1.17,0.467
1.166,-2.331
1.002,-0.314
1.01,0.176
0.886,1.074
0.879,0.835
0.979,-1.169
0.719,-2.115
0.855,-2.402
0.782,-2.298
0.671,-1.121
0.594,0.779
0.698,-1.511
0.589,-0.943
0.454,-2.033
0.193,0.63
0.167,-0.942
0.069,-0.276
-0.035,0.317
-0.105,-0.013
-0.304,-1.129
-0.337,-2.433
-0.207,-2.198
-0.344,-2.046
-0.282,-2.325
-0.435,1.128
-0.353,-1.29
-0.436,-2.225
-0.578,-2.002
-0.443,-0.837
-0.493,-0.28
-0.864,-0.977
-0.844,-0.768
-1.081,-2.451
-1.275,-2.391
-1.247,-0.93
-1.475,-0.728
-1.589,-2.168
-1.671,1.23
-1.674,-0.267
-1.68,-0.957
-1.592,0.356
-1.917,-1.259
-1.826,-1.434
-1.843,-2.003
-2.009,-1.346
-2.006,-2.854
-2.475,-2.59
-2.643,-2.614
-2.676,-2.864
-3.005,-2.958
2.764,-2.47
2.735,-2.719
2.719,-2.683
2.57,-2.711
1.566,-2.625
1.514,-2.93
1.152,-2.929
1.234,-2.695
0.814,-2.593
0.58,-2.582
-0.49,-2.731
-1.568,-2.631
-1.737,-2.913
-1.864,-2.582
-3.124,1.701
1.967,1.704
1.994,1.864
1.789,1.733
1.604,1.497
1.188,1.729
0.047,1.662
-0.073,1.563
-0.606,1.627
-0.88,1.546
-1.178,1.758
2.314,-2.498
-0.343,-1.107
-0.877,-0.414
-2.564,-0.36
-1.316,1.172
-1.347,0.102
-1.499,0.368
-1.499,0.797
-2.918,-0.253
2.148,-0.168
1.083,-0.201
0.746,-0.159
-0.135,-0.148
-0.43,-2.822
-0.341,1.469
-0.086,-0.311
-0.427,0.51
-0.522,-0.764
-0.537,-1.269
-0.464,-0.802
-0.509,-1.107
-0.712,-0.273
-0.895,-1.322
-1.005,1.035
-1.01,-1.786
-0.998,-1.483
-1.013,0.678
-1.134,-2.496
-1.197,-1.471
-1.298,-2.033
-1.284,-0.457
-1.36,-0.569
-1.491,-1.68
-1.582,-0.64
-1.592,1.264
-1.626,1.353
-1.692,-1.629
-1.813,-1.613
-1.916,0.72
-1.945,-1.974
-1.969,-0.788
-2.028,-2.809
-2.529,-2.696
-2.574,-2.82
-3.029,-2.523
-2.977,-2.59
3.058,-2.738
1.749,-2.943
1.416,-2.973
1.339,-2.96
1.046,-2.681
0.606,-2.672
0.582,-2.925
0.235,-2.868
0.232,-2.863
0.014,-3.037
-0.157,-3.05
-0.486,-2.522
-0.514,-2.864
-0.844,-2.702
-0.8,-2.921
-0.878,-2.909
-1.024,-2.997
-1.138,-2.68
-1.857,-2.632
-1.802,-2.595
-2.119,1.353
-2.573,1.67
-2.771,1.863
-3.011,1.563
2.293,1.543
1.269,1.596
1.133,1.638
0.82,1.867
-0.911,1.493
-1.058,1.618
-1.167,1.569
-1.478,1.425
-1.432,1.882
-1.486,1.503
-1.426,1.609
-1.509,1.526
-1.712,1.539
-2.48,1.279
-2.547,-0.238
-0.873,-2.413
-1.411,-1.652
0.789,1.577
0.443,1.529
-1.948,-0.497
-2.123,1.272
-2.174,-2.327
-2.123,-0.306
-2.205,0.277
-2.298,-1.204
-2.295,-1.274
-2.388,-0.288
-2.392,-2.085
-2.713,1.38
-2.778,-2.298
-2.786,1.006
-2.656,0.34
-2.749,1.374
-2.777,-0.126
-2.807,-1.746
-2.647,-0.715
-2.647,-1.433
-2.806,0.145
-2.825,-1.084
-2.826,-0.118
-2.868,-1.628
-2.894,0.504
-2.992,-1.068
-3.014,-0.007
-2.946,-1.506
-2.987,-0.862
3.131,-1.751
-3.123,-2.052
2.936,-2.158
2.843,-0.877
2.981,0.679
2.808,-0.423
2.716,0.957
2.842,-0.616
2.708,-1.59
2.531,-0.113
2.365,1.132
2.204,0.765
2.114,0.999
2.104,1.179
2.023,-0.733
2.016,0.735
2.127,0.067
1.967,-1.189
1.976,0.461
1.823,0.177
1.648,-2.235
1.728,-0.557
1.72,1.456
1.633,-1.885
1.51,-0.967
1.471,-0.452
1.425,0.102
1.514,-2.481
1.39,-0.233
1.39,1.376
1.458,-2.486
1.329,-0.959
1.302,-2.49
1.257,-1.403
1.219,1.017
1.171,0.234
1.218,-2.058
1.201,0.469
1.197,-2.329
1.033,-0.312
1.041,0.178
0.917,1.076
0.91,0.837
1.01,-1.167
0.75,-2.113
0.886,-2.4
0.813,-2.296
0.702,-1.119
0.625,0.781
0.729,-1.509
0.62,-0.941
0.485,-2.031
0.224,0.632
0.198,-0.94
0.1,-0.274
-0.004,0.319
-0.074,-0.011
-0.273,-1.127
-0.306,-2.431
-0.176,-2.196
-0.313,-2.044
-0.251,-2.323
-0.404,1.13
-0.322,-1.288
-0.405,-2.223
-0.547,-2.0
-0.412,-0.835
-0.462,-0.278
-0.833,-0.975
-0.813,-0.766
-1.05,-2.449
-1.244,-2.389
-1.216,-0.928
-1.444,-0.726
-1.558,-2.166
-1.64,1.232
-1.643,-0.265
-1.649,-0.955
-1.561,0.358
-1.886,-1.257
-1.795,-1.432
-1.812,-2.001
-1.978,-1.344
-1.975,-2.852
-2.444,-2.588
-2.612,-2.612
-2.645,-2.862
-2.974,-2.956
2.795,-2.468
2.766,-2.717
2.75,-2.681
2.601,-2.709
1.597,-2.623
1.545,-2.928
1.183,-2.927
1.265,-2.693
0.845,-2.591
0.611,-2.58
-0.459,-2.729
-1.537,-2.629
-1.706,-2.911
-1.833,-2.58
-3.093,1.703
1.998,1.706
2.025,1.866
1.82,1.735
1.635,1.499
1.219,1.731
0.078,1.664
-0.042,1.565
-0.575,1.629
-0.849,1.548
-1.147,1.76
2.345,-2.496
-0.312,-1.105
-0.846,-0.412
-2.533,-0.358
-1.285,1.174
-1.316,0.104
-1.468,0.37
-1.468,0.799
-2.887,-0.251
2.179,-0.166
1.114,-0.199
0.777,-0.157
-0.104,-0.146
-0.399,-2.82
-0.31,1.471
-0.341,0.821
-0.436,-0.453
-0.451,-0.958
-0.378,-0.491
-0.423,-0.796
-0.626,0.038
-0.809,-1.011
-0.919,1.346
-0.924,-1.475
-0.912,-1.172
-0.927,0.989
-1.048,-2.185
-1.111,-1.16
-1.212,-1.722
-1.198,-0.146
-1.274,-0.258
-1.405,-1.369
-1.496,-0.329
-1.506,1.575
-1.54,1.664
-1.606,-1.318
-1.727,-1.302
-1.83,1.031
-1.859,-1.663
-1.883,-0.477
-1.942,-2.498
-2.443,-2.385
-2.488,-2.509
-2.943,-2.212
-2.891,-2.279
-3.139,-2.427
1.835,-2.632
1.502,-2.662
1.425,-2.649
1.132,-2.37
0.692,-2.361
0.668,-2.614
0.321,-2.557
0.318,-2.552
0.1,-2.726
-0.071,-2.739
-0.4,-2.211
-0.428,-2.553
-0.758,-2.391
-0.714,-2.61
-0.792,-2.598
-0.938,-2.686
-1.052,-2.369
-1.771,-2.321
-1.716,-2.284
-2.033,1.664
-2.487,1.981
-2.685,2.174
-2.925,1.874
2.379,1.854
1.355,1.907
1.219,1.949
0.906,2.178
-0.825,1.804
-0.972,1.929
-1.081,1.88
-1.392,1.736
-1.346,2.193
-1.4,1.814
-1.34,1.92
-1.423,1.837
-1.626,1.85
-2.394,1.59
-2.461,0.073
-0.787,-2.102
-1.325,-1.341
0.875,1.888
0.529,1.84
-1.862,-0.186
-2.037,1.583
-2.088,-2.016
-2.037,0.005
-2.119,0.588
-2.212,-0.893
-2.209,-0.963
-2.302,0.023
-2.306,-1.774
-2.627,1.691
-2.692,-1.987
-2.7,1.317
-2.57,0.651
-2.663,1.685
-2.691,0.185
-2.721,-1.435
-2.561,-0.404
-2.561,-1.122
-2.72,0.456
-2.739,-0.773
-2.74,0.193
-2.782,-1.317
-2.808,0.815
-2.906,-0.757
-2.928,0.304
-2.86,-1.195
-2.901,-0.551
-3.066,-1.44
-3.037,-1.741
3.022,-1.847
2.929,-0.566
3.067,0.99
2.894,-0.112
2.802,1.268
2.928,-0.305
2.794,-1.279
2.617,0.198
2.451,1.443
2.29,1.076
2.2,1.31
2.19,1.49
2.109,-0.422
2.102,1.046
2.213,0.378
2.053,-0.878
2.062,0.772
1.909,0.488
1.734,-1.924
1.814,-0.246
1.806,1.767
1.719,-1.574
1.596,-0.656
1.557,-0.141
1.511,0.413
1.6,-2.17
1.476,0.078
1.476,1.687
1.544,-2.175
1.415,-0.648
1.388,-2.179
1.343,-1.092
1.305,1.328
1.257,0.545
1.304,-1.747
1.287,0.78
1.283,-2.018
1.119,-0.001
1.127,0.489
1.003,1.387
0.996,1.148
1.096,-0.856
0.836,-1.802
0.972,-2.089
0.899,-1.985
0.788,-0.808
0.711,1.092
0.815,-1.198
0.706,-0.63
0.571,-1.72
0.31,0.943
0.284,-0.629
0.186,0.037
0.082,0.63
0.012,0.3
-0.187,-0.816
-0.22,-2.12
-0.09,-1.885
-0.227,-1.733
-0.165,-2.012
-0.318,1.441
-0.236,-0.977
-0.319,-1.912
-0.461,-1.689
-0.326,-0.524
-0.376,0.033
-0.747,-0.664
-0.727,-0.455
-0.964,-2.138
-1.158,-2.078
-1.13,-0.617
-1.358,-0.415
-1.472,-1.855
-1.554,1.543
-1.557,0.046
-1.563,-0.644
-1.475,0.669
-1.8,-0.946
-1.709,-1.121
-1.726,-1.69
-1.892,-1.033
-1.889,-2.541
-2.358,-2.277
-2.526,-2.301
-2.559,-2.551
-2.888,-2.645
2.881,-2.157
2.852,-2.406
2.836,-2.37
2.687,-2.398
1.683,-2.312
1.631,-2.617
1.269,-2.616
1.351,-2.382
0.931,-2.28
0.697,-2.269
-0.373,-2.418
-1.451,-2.318
-1.62,-2.6
-1.747,-2.269
-3.007,2.014
2.084,2.017
2.111,2.177
1.906,2.046
1.721,1.81
1.305,2.042
0.164,1.975
0.044,1.876
-0.489,1.94
-0.763,1.859
-1.061,2.071
2.431,-2.185
-0.226,-0.794
-0.76,-0.101
-2.447,-0.047
-1.199,1.485
-1.23,0.415
-1.382,0.681
-1.382,1.11
-2.801,0.06
2.265,0.145
1.2,0.112
0.863,0.154
-0.018,0.165
-0.313,-2.509
-0.224,1.782
-0.095,-1.274
-0.11,-1.779
-0.037,-1.312
-0.082,-1.617
-0.285,-0.783
-0.468,-1.832
-0.578,0.525
-0.583,-2.296
-0.571,-1.993
-0.586,0.168
-0.707,-3.006
-0.77,-1.981
-0.871,-2.543
-0.857,-0.967
-0.933,-1.079
-1.064,-2.19
-1.155,-1.15
-1.165,0.754
-1.199,0.843
-1.265,-2.139
-1.386,-2.123
-1.489,0.21
-1.518,-2.484
-1.542,-1.298
-1.601,-3.319
-2.102,-3.206
-2.147,-3.33
-2.602,-3.033
-2.55,-3.1
-2.798,-3.248
2.176,-3.453
1.843,-3.483
1.766,-3.47
1.473,-3.191
1.033,-3.182
1.009,-3.435
0.662,-3.378
0.659,-3.373
0.441,-3.547
0.27,-3.56
-0.059,-3.032
-0.087,-3.374
-0.417,-3.212
-0.373,-3.431
-0.451,-3.419
-0.597,-3.507
-0.711,-3.19
-1.43,-3.142
-1.375,-3.105
-1.692,0.843
-2.146,1.16
-2.344,1.353
-2.584,1.053
2.72,1.033
1.696,1.086
1.56,1.128
1.247,1.357
-0.484,0.983
-0.631,1.108
-0.74,1.059
-1.051,0.915
-1.005,1.372
-1.059,0.993
-0.999,1.099
-1.082,1.016
-1.285,1.029
-2.053,0.769
-2.12,-0.748
-0.446,-2.923
-0.984,-2.162
1.216,1.067
0.87,1.019
-1.521,-1.007
-1.696,0.762
-1.747,-2.837
-1.696,-0.816
-1.778,-0.233
-1.871,-1.714
-1.868,-1.784
-1.961,-0.798
-1.965,-2.595
-2.286,0.87
-2.351,-2.808
-2.359,0.496
-2.229,-0.17
-2.322,0.864
-2.35,-0.636
-2.38,-2.256
-2.22,-1.225
-2.22,-1.943
-2.379,-0.365
-2.398,-1.594
-2.399,-0.628
-2.441,-2.138
-2.467,-0.006
-2.565,-1.578
-2.587,-0.517
-2.519,-2.016
-2.56,-1.372
-2.725,-2.261
-2.696,-2.562
-2.92,-2.668
-3.013,-1.387
-2.875,0.169
-3.048,-0.933
-3.14,0.447
-3.014,-1.126
3.135,-2.1
2.958,-0.623
2.792,0.622
2.631,0.255
2.541,0.489
2.531,0.669
2.45,-1.243
2.443,0.225
2.554,-0.443
2.394,-1.699
2.403,-0.049
2.25,-0.333
2.075,-2.745
2.155,-1.067
2.147,0.946
2.06,-2.395
1.937,-1.477
1.898,-0.962
1.852,-0.408
1.941,-2.991
1.817,-0.743
1.817,0.866
1.885,-2.996
1.756,-1.469
1.729,-3.0
1.684,-1.913
1.646,0.507
1.598,-0.276
1.645,-2.568
1.628,-0.041
1.624,-2.839
1.46,-0.822
1.468,-0.332
1.344,0.566
1.337,0.327
1.437,-1.677
1.177,-2.623
1.313,-2.91
1.24,-2.806
1.129,-1.629
1.052,0.271
1.156,-2.019
1.047,-1.451
0.912,-2.541
0.651,0.122
0.625,-1.45
0.527,-0.784
0.423,-0.191
0.353,-0.521
0.154,-1.637
0.121,-2.941
0.251,-2.706
0.114,-2.554
0.176,-2.833
0.023,0.62
0.105,-1.798
0.022,-2.733
-0.12,-2.51
0.015,-1.345
-0.035,-0.788
-0.406,-1.485
-0.386,-1.276
-0.623,-2.959
-0.817,-2.899
-0.789,-1.438
-1.017,-1.236
-1.131,-2.676
-1.213,0.722
-1.216,-0.775
-1.222,-1.465
-1.134,-0.152
-1.459,-1.767
-1.368,-1.942
-1.385,-2.511
-1.551,-1.854
-1.548,-3.362
-2.017,-3.098
-2.185,-3.122
-2.218,-3.372
-2.547,-3.466
-3.061,-2.978
-3.09,-3.227
-3.106,-3.191
3.028,-3.219
2.024,-3.133
1.972,-3.438
1.61,-3.437
1.692,-3.203
1.272,-3.101
1.038,-3.09
-0.032,-3.239
-1.11,-3.139
-1.279,-3.421
-1.406,-3.09
-2.666,1.193
2.425,1.196
2.452,1.356
2.247,1.225
2.062,0.989
1.646,1.221
0.505,1.154
0.385,1.055
-0.148,1.119
-0.422,1.038
-0.72,1.25
2.772,-3.006
0.115,-1.615
-0.419,-0.922
-2.106,-0.868
-0.858,0.664
-0.889,-0.406
-1.041,-0.14
-1.041,0.289
-2.46,-0.761
2.606,-0.676
1.541,-0.709
1.204,-0.667
0.323,-0.656
0.028,-3.33
0.117,0.961
-0.015,-0.505
0.058,-0.038
0.013,-0.343
-0.19,0.491
-0.373,-0.558
-0.483,1.799
-0.488,-1.022
-0.476,-0.719
-0.491,1.442
-0.612,-1.732
-0.675,-0.707
-0.776,-1.269
-0.762,0.307
-0.838,0.195
-0.969,-0.916
-1.06,0.124
-1.07,2.028
-1.104,2.117
-1.17,-0.865
-1.291,-0.849
-1.394,1.484
-1.423,-1.21
-1.447,-0.024
-1.506,-2.045
-2.007,-1.932
-2.052,-2.056
-2.507,-1.759
-2.455,-1.826
-2.703,-1.974
2.271,-2.179
1.938,-2.209
1.861,-2.196
1.568,-1.917
1.128,-1.908
1.104,-2.161
0.757,-2.104
0.754,-2.099
0.536,-2.273
0.365,-2.286
0.036,-1.758
0.008,-2.1
-0.322,-1.938
-0.278,-2.157
-0.356,-2.145
-0.502,-2.233
-0.616,-1.916
-1.335,-1.868
-1.28,-1.831
-1.597,2.117
-2.051,2.434
-2.249,2.627
-2.489,2.327
2.815,2.307
1.791,2.36
1.655,2.402
1.342,2.631
-0.389,2.257
-0.536,2.382
-0.645,2.333
-0.956,2.189
-0.91,2.646
-0.964,2.267
-0.904,2.373
-0.987,2.29
-1.19,2.303
-1.958,2.043
-2.025,0.526
-0.351,-1.649
-0.889,-0.888
1.311,2.341
0.965,2.293
-1.426,0.267
-1.601,2.036
-1.652,-1.563
-1.601,0.458
-1.683,1.041
-1.776,-0.44
-1.773,-0.51
-1.866,0.476
-1.87,-1.321
-2.191,2.144
-2.256,-1.534
-2.264,1.77
-2.134,1.104
-2.227,2.138
-2.255,0.638
-2.285,-0.982
-2.125,0.049
-2.125,-0.669
-2.284,0.909
-2.303,-0.32
-2.304,0.646
-2.346,-0.864
-2.372,1.268
-2.47,-0.304
-2.492,0.757
-2.424,-0.742
-2.465,-0.098
-2.63,-0.987
-2.601,-1.288
-2.825,-1.394
-2.918,-0.113
-2.78,1.443
-2.953,0.341
-3.045,1.721
-2.919,0.148
-3.053,-0.826
3.053,0.651
2.887,1.896
2.726,1.529
2.636,1.763
2.626,1.943
2.545,0.031
2.538,1.499
2.649,0.831
2.489,-0.425
2.498,1.225
2.345,0.941
2.17,-1.471
2.25,0.207
2.242,2.22
2.155,-1.121
2.032,-0.203
1.993,0.312
1.947,0.866
2.036,-1.717
1.912,0.531
1.912,2.14
1.98,-1.722
1.851,-0.195
1.824,-1.726
1.779,-0.639
1.741,1.781
1.693,0.998
1.74,-1.294
1.723,1.233
1.719,-1.565
1.555,0.452
1.563,0.942
1.439,1.84
1.432,1.601
1.532,-0.403
1.272,-1.349
1.408,-1.636
1.335,-1.532
1.224,-0.355
1.147,1.545
1.251,-0.745
1.142,-0.177
1.007,-1.267
0.746,1.396
0.72,-0.176
0.622,0.49
0.518,1.083
0.448,0.753
0.249,-0.363
0.216,-1.667
0.346,-1.432
0.209,-1.28
0.271,-1.559
0.118,1.894
0.2,-0.524
0.117,-1.459
-0.025,-1.236
0.11,-0.071
0.06,0.486
-0.311,-0.211
-0.291,-0.002
-0.528,-1.685
-0.722,-1.625
-0.694,-0.164
-0.922,0.038
-1.036,-1.402
-1.118,1.996
-1.121,0.499
-1.127,-0.191
-1.039,1.122
-1.364,-0.493
-1.273,-0.668
-1.29,-1.237
-1.456,-0.58
-1.453,-2.088
-1.922,-1.824
-2.09,-1.848
-2.123,-2.098
-2.452,-2.192
-2.966,-1.704
-2.995,-1.953
-3.011,-1.917
3.123,-1.945
2.119,-1.859
2.067,-2.164
1.705,-2.163
1.787,-1.929
1.367,-1.827
1.133,-1.816
0.063,-1.965
-1.015,-1.865
-1.184,-2.147
-1.311,-1.816
-2.571,2.467
2.52,2.47
2.547,2.63
2.342,2.499
2.157,2.263
1.741,2.495
0.6,2.428
0.48,2.329
-0.053,2.393
-0.327,2.312
-0.625,2.524
2.867,-1.732
0.21,-0.341
-0.324,0.352
-2.011,0.406
-0.763,1.938
-0.794,0.868
-0.946,1.134
-0.946,1.563
-2.365,0.513
2.701,0.598
1.636,0.565
1.299,0.607
0.418,0.618
0.123,-2.056
0.212,2.235
0.073,0.467
0.028,0.162
-0.175,0.996
-0.358,-0.053
-0.468,2.304
-0.473,-0.517
-0.461,-0.214
-0.476,1.947
-0.597,-1.227
-0.66,-0.202
-0.761,-0.764
-0.747,0.812
-0.823,0.7
-0.954,-0.411
-1.045,0.629
-1.055,2.533
-1.089,2.622
-1.155,-0.36
-1.276,-0.344
-1.379,1.989
-1.408,-0.705
-1.432,0.481
-1.491,-1.54
-1.992,-1.427
-2.037,-1.551
-2.492,-1.254
-2.44,-1.321
-2.688,-1.469
2.286,-1.674
1.953,-1.704
1.876,-1.691
1.583,-1.412
1.143,-1.403
1.119,-1.656
0.772,-1.599
0.769,-1.594
0.551,-1.768
0.38,-1.781
0.051,-1.253
0.023,-1.595
-0.307,-1.433
-0.263,-1.652
-0.341,-1.64
-0.487,-1.728
-0.601,-1.411
-1.32,-1.363
-1.265,-1.326
-1.582,2.622
-2.036,2.939
-2.234,3.132
-2.474,2.832
2.83,2.812
1.806,2.865
1.67,2.907
1.357,3.136
-0.374,2.762
-0.521,2.887
-0.63,2.838
-0.941,2.694
-0.895,3.151
-0.949,2.772
-0.889,2.878
-0.972,2.795
-1.175,2.808
-1.943,2.548
-2.01,1.031
-0.336,-1.144
-0.874,-0.383
1.326,2.846
0.98,2.798
-1.411,0.772
-1.586,2.541
-1.637,-1.058
-1.586,0.963
-1.668,1.546
-1.761,0.065
-1.758,-0.005
-1.851,0.981
-1.855,-0.816
-2.176,2.649
-2.241,-1.029
-2.249,2.275
-2.119,1.609
-2.212,2.643
-2.24,1.143
-2.27,-0.477
-2.11,0.554
-2.11,-0.164
-2.269,1.414
-2.288,0.185
-2.289,1.151
-2.331,-0.359
-2.357,1.773
-2.455,0.201
-2.477,1.262
-2.409,-0.237
-2.45,0.407
-2.615,-0.482
-2.586,-0.783
-2.81,-0.889
-2.903,0.392
-2.765,1.948
-2.938,0.846
-3.03,2.226
-2.904,0.653
-3.038,-0.321
3.068,1.156
2.902,2.401
2.741,2.034
2.651,2.268
2.641,2.448
2.56,0.536
2.553,2.004
2.664,1.336
2.504,0.08
2.513,1.73
2.36,1.446
2.185,-0.966
2.265,0.712
2.257,2.725
2.17,-0.616
2.047,0.302
2.008,0.817
1.962,1.371
2.051,-1.212
1.927,1.036
1.927,2.645
1.995,-1.217
1.866,0.31
1.839,-1.221
1.794,-0.134
1.756,2.286
1.708,1.503
1.755,-0.789
1.738,1.738
1.734,-1.06
1.57,0.957
1.578,1.447
1.454,2.345
1.447,2.106
1.547,0.102
1.287,-0.844
1.423,-1.131
1.35,-1.027
1.239,0.15
1.162,2.05
1.266,-0.24
1.157,0.328
1.022,-0.762
0.761,1.901
0.735,0.329
0.637,0.995
0.533,1.588
0.463,1.258
0.264,0.142
0.231,-1.162
0.361,-0.927
0.224,-0.775
0.286,-1.054
0.133,2.399
0.215,-0.019
0.132,-0.954
-0.01,-0.731
0.125,0.434
0.075,0.991
-0.296,0.294
-0.276,0.503
-0.513,-1.18
-0.707,-1.12
-0.679,0.341
-0.907,0.543
-1.021,-0.897
-1.103,2.501
-1.106,1.004
-1.112,0.314
-1.024,1.627
-1.349,0.012
-1.258,-0.163
-1.275,-0.732
-1.441,-0.075
-1.438,-1.583
-1.907,-1.319
-2.075,-1.343
-2.108,-1.593
-2.437,-1.687
-2.951,-1.199
-2.98,-1.448
-2.996,-1.412
3.138,-1.44
2.134,-1.354
2.082,-1.659
1.72,-1.658
1.802,-1.424
1.382,-1.322
1.148,-1.311
0.078,-1.46
-1.0,-1.36
-1.169,-1.642
-1.296,-1.311
-2.556,2.972
2.535,2.975
2.562,3.135
2.357,3.004
2.172,2.768
1.756,3.0
0.615,2.933
0.495,2.834
-0.038,2.898
-0.312,2.817
-0.61,3.029
2.882,-1.227
0.225,0.164
-0.309,0.857
-1.996,0.911
-0.748,2.443
-0.779,1.373
-0.931,1.639
-0.931,2.068
-2.35,1.018
2.716,1.103
1.651,1.07
1.314,1.112
0.433,1.123
0.138,-1.551
0.227,2.74
-0.045,-0.305
-0.248,0.529
-0.431,-0.52
-0.541,1.837
-0.546,-0.984
-0.534,-0.681
-0.549,1.48
-0.67,-1.694
-0.733,-0.669
-0.834,-1.231
-0.82,0.345
-0.896,0.233
-1.027,-0.878
-1.118,0.162
-1.128,2.066
-1.162,2.155
-1.228,-0.827
-1.349,-0.811
-1.452,1.522
-1.481,-1.172
-1.505,0.014
-1.564,-2.007
-2.065,-1.894
-2.11,-2.018
-2.565,-1.721
-2.513,-1.788
-2.761,-1.936
2.213,-2.141
1.88,-2.171
1.803,-2.158
1.51,-1.879
1.07,-1.87
1.046,-2.123
0.699,-2.066
0.696,-2.061
0.478,-2.235
0.307,-2.248
-0.022,-1.72
-0.05,-2.062
-0.38,-1.9
-0.336,-2.119
-0.414,-2.107
-0.56,-2.195
-0.674,-1.878
-1.393,-1.83
-1.338,-1.793
-1.655,2.155
-2.109,2.472
-2.307,2.665
-2.547,2.365
2.757,2.345
1.733,2.398
1.597,2.44
1.284,2.669
-0.447,2.295
-0.594,2.42
-0.703,2.371
-1.014,2.227
-0.968,2.684
-1.022,2.305
-0.962,2.411
-1.045,2.328
-1.248,2.341
-2.016,2.081
-2.083,0.564
-0.409,-1.611
-0.947,-0.85
1.253,2.379
0.907,2.331
-1.484,0.305
-1.659,2.074
-1.71,-1.525
-1.659,0.496
-1.741,1.079
-1.834,-0.402
-1.831,-0.472
-1.924,0.514
-1.928,-1.283
-2.249,2.182
-2.314,-1.496
-2.322,1.808
-2.192,1.142
-2.285,2.176
-2.313,0.676
-2.343,-0.944
-2.183,0.087
-2.183,-0.631
-2.342,0.947
-2.361,-0.282
-2.362,0.684
-2.404,-0.826
-2.43,1.306
-2.528,-0.266
-2.55,0.795
-2.482,-0.704
-2.523,-0.06
-2.688,-0.949
-2.659,-1.25
-2.883,-1.356
-2.976,-0.075
-2.838,1.481
-3.011,0.379
-3.103,1.759
-2.977,0.186
-3.111,-0.788
2.995,0.689
2.829,1.934
2.668,1.567
2.578,1.801
2.568,1.981
2.487,0.069
2.48,1.537
2.591,0.869
2.431,-0.387
2.44,1.263
2.287,0.979
2.112,-1.433
2.192,0.245
2.184,2.258
2.097,-1.083
1.974,-0.165
1.935,0.35
1.889,0.904
1.978,-1.679
1.854,0.569
1.854,2.178
1.922,-1.684
1.793,-0.157
1.766,-1.688
1.721,-0.601
1.683,1.819
1.635,1.036
1.682,-1.256
1.665,1.271
1.661,-1.527
1.497,0.49
1.505,0.98
1.381,1.878
1.374,1.639
1.474,-0.365
1.214,-1.311
1.35,-1.598
1.277,-1.494
1.166,-0.317
1.089,1.583
1.193,-0.707
1.084,-0.139
0.949,-1.229
0.688,1.434
0.662,-0.138
0.564,0.528
0.46,1.121
0.39,0.791
0.191,-0.325
0.158,-1.629
0.288,-1.394
0.151,-1.242
0.213,-1.521
0.06,1.932
0.142,-0.486
0.059,-1.421
-0.083,-1.198
0.052,-0.033
0.002,0.524
-0.369,-0.173
-0.349,0.036
-0.586,-1.647
-0.78,-1.587
-0.752,-0.126
-0.98,0.076
-1.094,-1.364
-1.176,2.034
-1.179,0.537
-1.185,-0.153
-1.097,1.16
-1.422,-0.455
-1.331,-0.63
-1.348,-1.199
-1.514,-0.542
-1.511,-2.05
-1.98,-1.786
-2.148,-1.81
-2.181,-2.06
-2.51,-2.154
-3.024,-1.666
-3.053,-1.915
-3.069,-1.879
3.065,-1.907
2.061,-1.821
2.009,-2.126
1.647,-2.125
1.729,-1.891
1.309,-1.789
1.075,-1.778
0.005,-1.927
-1.073,-1.827
-1.242,-2.109
-1.369,-1.778
-2.629,2.505
2.462,2.508
2.489,2.668
2.284,2.537
2.099,2.301
1.683,2.533
0.542,2.466
0.422,2.367
-0.111,2.431
-0.385,2.35
-0.683,2.562
2.809,-1.694
0.152,-0.303
-0.382,0.39
-2.069,0.444
-0.821,1.976
-0.852,0.906
-1.004,1.172
-1.004,1.601
-2.423,0.551
2.643,0.636
1.578,0.603
1.241,0.645
0.36,0.656
0.065,-2.018
0.154,2.273
-0.203,0.834
-0.386,-0.215
-0.496,2.142
-0.501,-0.679
-0.489,-0.376
-0.504,1.785
-0.625,-1.389
-0.688,-0.364
-0.789,-0.926
-0.775,0.65
-0.851,0.538
-0.982,-0.573
-1.073,0.467
-1.083,2.371
-1.117,2.46
-1.183,-0.522
-1.304,-0.506
-1.407,1.827
-1.436,-0.867
-1.46,0.319
-1.519,-1.702
-2.02,-1.589
-2.065,-1.713
-2.52,-1.416
-2.468,-1.483
-2.716,-1.631
2.258,-1.836
1.925,-1.866
1.848,-1.853
1.555,-1.574
1.115,-1.565
1.091,-1.818
0.744,-1.761
0.741,-1.756
0.523,-1.93
0.352,-1.943
0.023,-1.415
-0.005,-1.757
-0.335,-1.595
-0.291,-1.814
-0.369,-1.802
-0.515,-1.89
-0.629,-1.573
-1.348,-1.525
-1.293,-1.488
-1.61,2.46
-2.064,2.777
-2.262,2.97
-2.502,2.67
2.802,2.65
1.778,2.703
1.642,2.745
1.329,2.974
-0.402,2.6
-0.549,2.725
-0.658,2.676
-0.969,2.532
-0.923,2.989
-0.977,2.61
-0.917,2.716
-1.0,2.633
-1.203,2.646
-1.971,2.386
-2.038,0.869
-0.364,-1.306
-0.902,-0.545
1.298,2.684
0.952,2.636
-1.439,0.61
-1.614,2.379
-1.665,-1.22
-1.614,0.801
-1.696,1.384
-1.789,-0.097
-1.786,-0.167
-1.879,0.819
-1.883,-0.978
-2.204,2.487
-2.269,-1.191
-2.277,2.113
-2.147,1.447
-2.24,2.481
-2.268,0.981
-2.298,-0.639
-2.138,0.392
-2.138,-0.326
-2.297,1.252
-2.316,0.023
-2.317,0.989
-2.359,-0.521
-2.385,1.611
-2.483,0.039
-2.505,1.1
-2.437,-0.399
-2.478,0.245
-2.643,-0.644
-2.614,-0.945
-2.838,-1.051
-2.931,0.23
-2.793,1.786
-2.966,0.684
-3.058,2.064
-2.932,0.491
-3.066,-0.483
3.04,0.994
2.874,2.239
2.713,1.872
2.623,2.106
2.613,2.286
2.532,0.374
2.525,1.842
2.636,1.174
2.476,-0.082
2.485,1.568
2.332,1.284
2.157,-1.128
2.237,0.55
2.229,2.563
2.142,-0.778
2.019,0.14
1.98,0.655
1.934,1.209
2.023,-1.374
1.899,0.874
1.899,2.483
1.967,-1.379
1.838,0.148
1.811,-1.383
1.766,-0.296
1.728,2.124
1.68,1.341
1.727,-0.951
1.71,1.576
1.706,-1.222
1.542,0.795
1.55,1.285
1.426,2.183
1.419,1.944
1.519,-0.06
1.259,-1.006
1.395,-1.293
1.322,-1.189
1.211,-0.012
1.134,1.888
1.238,-0.402
1.129,0.166
0.994,-0.924
0.733,1.739
0.707,0.167
0.609,0.833
0.505,1.426
0.435,1.096
0.236,-0.02
0.203,-1.324
0.333,-1.089
0.196,-0.937
0.258,-1.216
0.105,2.237
0.187,-0.181
0.104,-1.116
-0.038,-0.893
0.097,0.272
0.047,0.829
-0.324,0.132
-0.304,0.341
-0.541,-1.342
-0.735,-1.282
-0.707,0.179
-0.935,0.381
-1.049,-1.059
-1.131,2.339
-1.134,0.842
-1.14,0.152
-1.052,1.465
-1.377,-0.15
-1.286,-0.325
-1.303,-0.894
-1.469,-0.237
-1.466,-1.745
-1.935,-1.481
-2.103,-1.505
-2.136,-1.755
-2.465,-1.849
-2.979,-1.361
-3.008,-1.61
-3.024,-1.574
3.11,-1.602
2.106,-1.516
2.054,-1.821
1.692,-1.82
1.774,-1.586
1.354,-1.484
1.12,-1.473
0.05,-1.622
-1.028,-1.522
-1.197,-1.804
-1.324,-1.473
-2.584,2.81
2.507,2.813
2.534,2.973
2.329,2.842
2.144,2.606
1.728,2.838
0.587,2.771
0.467,2.672
-0.066,2.736
-0.34,2.655
-0.638,2.867
2.854,-1.389
0.197,0.002
-0.337,0.695
-2.024,0.749
-0.776,2.281
-0.807,1.211
-0.959,1.477
-0.959,1.906
-2.378,0.856
2.688,0.941
1.623,0.908
1.286,0.95
0.405,0.961
0.11,-1.713
0.199,2.578
-0.183,-1.049
-0.293,1.308
-0.298,-1.513
-0.286,-1.21
-0.301,0.951
-0.422,-2.223
-0.485,-1.198
-0.586,-1.76
-0.572,-0.184
-0.648,-0.296
-0.779,-1.407
-0.87,-0.367
-0.88,1.537
-0.914,1.626
-0.98,-1.356
-1.101,-1.34
-1.204,0.993
-1.233,-1.701
-1.257,-0.515
-1.316,-2.536
-1.817,-2.423
-1.862,-2.547
-2.317,-2.25
-2.265,-2.317
-2.513,-2.465
2.461,-2.67
2.128,-2.7
2.051,-2.687
1.758,-2.408
1.318,-2.399
1.294,-2.652
0.947,-2.595
0.944,-2.59
0.726,-2.764
0.555,-2.777
0.226,-2.249
0.198,-2.591
-0.132,-2.429
-0.088,-2.648
-0.166,-2.636
-0.312,-2.724
-0.426,-2.407
-1.145,-2.359
-1.09,-2.322
-1.407,1.626
-1.861,1.943
-2.059,2.136
-2.299,1.836
3.005,1.816
1.981,1.869
1.845,1.911
1.532,2.14
-0.199,1.766
-0.346,1.891
-0.455,1.842
-0.766,1.698
-0.72,2.155
-0.774,1.776
-0.714,1.882
-0.797,1.799
-1.0,1.812
-1.768,1.552
-1.835,0.035
-0.161,-2.14
-0.699,-1.379
1.501,1.85
1.155,1.802
-1.236,-0.224
-1.411,1.545
-1.462,-2.054
-1.411,-0.033
-1.493,0.55
-1.586,-0.931
-1.583,-1.001
-1.676,-0.015
-1.68,-1.812
-2.001,1.653
-2.066,-2.025
-2.074,1.279
-1.944,0.613
-2.037,1.647
-2.065,0.147
-2.095,-1.473
-1.935,-0.442
-1.935,-1.16
-2.094,0.418
-2.113,-0.811
-2.114,0.155
-2.156,-1.355
-2.182,0.777
-2.28,-0.795
-2.302,0.266
-2.234,-1.233
-2.275,-0.589
-2.44,-1.478
-2.411,-1.779
-2.635,-1.885
-2.728,-0.604
-2.59,0.952
-2.763,-0.15
-2.855,1.23
-2.729,-0.343
-2.863,-1.317
-3.04,0.16
3.077,1.405
2.916,1.038
2.826,1.272
2.816,1.452
2.735,-0.46
2.728,1.008
2.839,0.34
2.679,-0.916
2.688,0.734
2.535,0.45
2.36,-1.962
2.44,-0.284
2.432,1.729
2.345,-1.612
2.222,-0.694
2.183,-0.179
2.137,0.375
2.226,-2.208
2.102,0.04
2.102,1.649
2.17,-2.213
2.041,-0.686
2.014,-2.217
1.969,-1.13
1.931,1.29
1.883,0.507
1.93,-1.785
1.913,0.742
1.909,-2.056
1.745,-0.039
1.753,0.451
1.629,1.349
1.622,1.11
1.722,-0.894
1.462,-1.84
1.598,-2.127
1.525,-2.023
1.414,-0.846
1.337,1.054
1.441,-1.236
1.332,-0.668
1.197,-1.758
0.936,0.905
0.91,-0.667
0.812,-0.001
0.708,0.592
0.638,0.262
0.439,-0.854
0.406,-2.158
0.536,-1.923
0.399,-1.771
0.461,-2.05
0.308,1.403
0.39,-1.015
0.307,-1.95
0.165,-1.727
0.3,-0.562
0.25,-0.005
-0.121,-0.702
-0.101,-0.493
-0.338,-2.176
-0.532,-2.116
-0.504,-0.655
-0.732,-0.453
-0.846,-1.893
-0.928,1.505
-0.931,0.008
-0.937,-0.682
-0.849,0.631
-1.174,-0.984
-1.083,-1.159
-1.1,-1.728
-1.266,-1.071
-1.263,-2.579
-1.732,-2.315
-1.9,-2.339
-1.933,-2.589
-2.262,-2.683
-2.776,-2.195
-2.805,-2.444
-2.821,-2.408
-2.97,-2.436
2.309,-2.35
2.257,-2.655
1.895,-2.654
1.977,-2.42
1.557,-2.318
1.323,-2.307
0.253,-2.456
-0.825,-2.356
-0.994,-2.638
-1.121,-2.307
-2.381,1.976
2.71,1.979
2.737,2.139
2.532,2.008
2.347,1.772
1.931,2.004
0.79,1.937
0.67,1.838
0.137,1.902
-0.137,1.821
-0.435,2.033
3.057,-2.223
0.4,-0.832
-0.134,-0.139
-1.821,-0.085
-0.573,1.447
-0.604,0.377
-0.756,0.643
-0.756,1.072
-2.175,0.022
2.891,0.107
1.826,0.074
1.489,0.116
0.608,0.127
0.313,-2.547
0.402,1.744
-0.11,2.357
-0.115,-0.464
-0.103,-0.161
-0.118,2.0
-0.239,-1.174
-0.302,-0.149
-0.403,-0.711
-0.389,0.865
-0.465,0.753
-0.596,-0.358
-0.687,0.682
-0.697,2.586
-0.731,2.675
-0.797,-0.307
-0.918,-0.291
-1.021,2.042
-1.05,-0.652
-1.074,0.534
-1.133,-1.487
-1.634,-1.374
-1.679,-1.498
-2.134,-1.201
-2.082,-1.268
-2.33,-1.416
2.644,-1.621
2.311,-1.651
2.234,-1.638
1.941,-1.359
1.501,-1.35
1.477,-1.603
1.13,-1.546
1.127,-1.541
0.909,-1.715
0.738,-1.728
0.409,-1.2
0.381,-1.542
0.051,-1.38
0.095,-1.599
0.017,-1.587
-0.129,-1.675
-0.243,-1.358
-0.962,-1.31
-0.907,-1.273
-1.224,2.675
-1.678,2.992
-1.876,3.185
-2.116,2.885
-3.095,2.865
2.164,2.918
2.028,2.96
1.715,3.189
-0.016,2.815
-0.163,2.94
-0.272,2.891
-0.583,2.747
-0.537,3.204
-0.591,2.825
-0.531,2.931
-0.614,2.848
-0.817,2.861
-1.585,2.601
-1.652,1.084
0.022,-1.091
-0.516,-0.33
1.684,2.899
1.338,2.851
-1.053,0.825
-1.228,2.594
-1.279,-1.005
-1.228,1.016
-1.31,1.599
-1.403,0.118
-1.4,0.048
-1.493,1.034
-1.497,-0.763
-1.818,2.702
-1.883,-0.976
-1.891,2.328
-1.761,1.662
-1.854,2.696
-1.882,1.196
-1.912,-0.424
-1.752,0.607
-1.752,-0.111
-1.911,1.467
-1.93,0.238
-1.931,1.204
-1.973,-0.306
-1.999,1.826
-2.097,0.254
-2.119,1.315
-2.051,-0.184
-2.092,0.46
-2.257,-0.429
-2.228,-0.73
-2.452,-0.836
-2.545,0.445
-2.407,2.001
-2.58,0.899
-2.672,2.279
-2.546,0.706
-2.68,-0.268
-2.857,1.209
-3.023,2.454
3.099,2.087
3.009,2.321
2.999,2.501
2.918,0.589
2.911,2.057
3.022,1.389
2.862,0.133
2.871,1.783
2.718,1.499
2.543,-0.913
2.623,0.765
2.615,2.778
2.528,-0.563
2.405,0.355
2.366,0.87
2.32,1.424
2.409,-1.159
2.285,1.089
2.285,2.698
2.353,-1.164
2.224,0.363
2.197,-1.168
2.152,-0.081
2.114,2.339
2.066,1.556
2.113,-0.736
2.096,1.791
2.092,-1.007
1.928,1.01
1.936,1.5
1.812,2.398
1.805,2.159
1.905,0.155
1.645,-0.791
1.781,-1.078
1.708,-0.974
1.597,0.203
1.52,2.103
1.624,-0.187
1.515,0.381
1.38,-0.709
1.119,1.954
1.093,0.382
0.995,1.048
0.891,1.641
0.821,1.311
0.622,0.195
0.589,-1.109
0.719,-0.874
0.582,-0.722
0.644,-1.001
0.491,2.452
0.573,0.034
0.49,-0.901
0.348,-0.678
0.483,0.487
0.433,1.044
0.062,0.347
0.082,0.556
-0.155,-1.127
-0.349,-1.067
-0.321,0.394
-0.549,0.596
-0.663,-0.844
-0.745,2.554
-0.748,1.057
-0.754,0.367
-0.666,1.68
-0.991,0.065
-0.9,-0.11
-0.917,-0.679
-1.083,-0.022
-1.08,-1.53
-1.549,-1.266
-1.717,-1.29
-1.75,-1.54
-2.079,-1.634
-2.593,-1.146
-2.622,-1.395
-2.638,-1.359
-2.787,-1.387
2.492,-1.301
2.44,-1.606
2.078,-1.605
2.16,-1.371
1.74,-1.269
1.506,-1.258
0.436,-1.407
-0.642,-1.307
-0.811,-1.589
-0.938,-1.258
-2.198,3.025
2.893,3.028
2.92,3.188
2.715,3.057
2.53,2.821
2.114,3.053
0.973,2.986
0.853,2.887
0.32,2.951
0.046,2.87
-0.252,3.082
-3.043,-1.174
0.583,0.217
0.049,0.91
-1.638,0.964
-0.39,2.496
-0.421,1.426
-0.573,1.692
-0.573,2.121
-1.992,1.071
3.074,1.156
2.009,1.123
1.672,1.165
0.791,1.176
0.496,-1.498
0.585,2.793
-0.005,-2.821
0.007,-2.518
-0.008,-0.357
-0.129,-3.531
-0.192,-2.506
-0.293,-3.068
-0.279,-1.492
-0.355,-1.604
-0.486,-2.715
-0.577,-1.675
-0.587,0.229
-0.621,0.318
-0.687,-2.664
-0.808,-2.648
-0.911,-0.315
-0.94,-3.009
-0.964,-1.823
-1.023,-3.844
-1.524,-3.731
-1.569,-3.855
-2.024,-3.558
-1.972,-3.625
-2.22,-3.773
2.754,-3.978
2.421,-4.008
2.344,-3.995
2.051,-3.716
1.611,-3.707
1.587,-3.96
1.24,-3.903
1.237,-3.898
1.019,-4.072
0.848,-4.085
0.519,-3.557
0.491,-3.899
0.161,-3.737
0.205,-3.956
0.127,-3.944
-0.019,-4.032
-0.133,-3.715
-0.852,-3.667
-0.797,-3.63
-1.114,0.318
-1.568,0.635
-1.766,0.828
-2.006,0.528
-2.985,0.508
2.274,0.561
2.138,0.603
1.825,0.832
0.094,0.458
-0.053,0.583
-0.162,0.534
-0.473,0.39
-0.427,0.847
-0.481,0.468
-0.421,0.574
-0.504,0.491
-0.707,0.504
-1.475,0.244
-1.542,-1.273
0.132,-3.448
-0.406,-2.687
1.794,0.542
1.448,0.494
-0.943,-1.532
-1.118,0.237
-1.169,-3.362
-1.118,-1.341
-1.2,-0.758
-1.293,-2.239
-1.29,-2.309
-1.383,-1.323
-1.387,-3.12
-1.708,0.345
-1.773,-3.333
-1.781,-0.029
-1.651,-0.695
-1.744,0.339
-1.772,-1.161
-1.802,-2.781
-1.642,-1.75
-1.642,-2.468
-1.801,-0.89
-1.82,-2.119
-1.821,-1.153
-1.863,-2.663
-1.889,-0.531
-1.987,-2.103
-2.009,-1.042
-1.941,-2.541
-1.982,-1.897
-2.147,-2.786
-2.118,-3.087
-2.342,-3.193
-2.435,-1.912
-2.297,-0.356
-2.47,-1.458
-2.562,-0.078
-2.436,-1.651
-2.57,-2.625
-2.747,-1.148
-2.913,0.097
-3.074,-0.27
3.119,-0.036
3.109,0.144
3.028,-1.768
3.021,-0.3
3.132,-0.968
2.972,-2.224
2.981,-0.574
2.828,-0.858
2.653,-3.27
2.733,-1.592
2.725,0.421
2.638,-2.92
2.515,-2.002
2.476,-1.487
2.43,-0.933
2.519,-3.516
2.395,-1.268
2.395,0.341
2.463,-3.521
2.334,-1.994
2.307,-3.525
2.262,-2.438
2.224,-0.018
2.176,-0.801
2.223,-3.093
2.206,-0.566
2.202,-3.364
2.038,-1.347
2.046,-0.857
1.922,0.041
1.915,-0.198
2.015,-2.202
1.755,-3.148
1.891,-3.435
1.818,-3.331
1.707,-2.154
1.63,-0.254
1.734,-2.544
1.625,-1.976
1.49,-3.066
1.229,-0.403
1.203,-1.975
1.105,-1.309
1.001,-0.716
0.931,-1.046
0.732,-2.162
0.699,-3.466
0.829,-3.231
0.692,-3.079
0.754,-3.358
0.601,0.095
0.683,-2.323
0.6,-3.258
0.458,-3.035
0.593,-1.87
0.543,-1.313
0.172,-2.01
0.192,-1.801
-0.045,-3.484
-0.239,-3.424
-0.211,-1.963
-0.439,-1.761
-0.553,-3.201
-0.635,0.197
-0.638,-1.3
-0.644,-1.99
-0.556,-0.677
-0.881,-2.292
-0.79,-2.467
-0.807,-3.036
-0.973,-2.379
-0.97,-3.887
-1.439,-3.623
-1.607,-3.647
-1.64,-3.897
-1.969,-3.991
-2.483,-3.503
-2.512,-3.752
-2.528,-3.716
-2.677,-3.744
2.602,-3.658
2.55,-3.963
2.188,-3.962
2.27,-3.728
1.85,-3.626
1.616,-3.615
0.546,-3.764
-0.532,-3.664
-0.701,-3.946
-0.828,-3.615
-2.088,0.668
3.003,0.671
3.03,0.831
2.825,0.7
2.64,0.464
2.224,0.696
1.083,0.629
0.963,0.53
0.43,0.594
0.156,0.513
-0.142,0.725
-2.933,-3.531
0.693,-2.14
0.159,-1.447
-1.528,-1.393
-0.28,0.139
-0.311,-0.931
-0.463,-0.665
-0.463,-0.236
-1.882,-1.286
-3.099,-1.201
2.119,-1.234
1.782,-1.192
0.901,-1.181
0.606,-3.855
0.695,0.436
0.012,0.303
-0.003,2.464
-0.124,-0.71
-0.187,0.315
-0.288,-0.247
-0.274,1.329
-0.35,1.217
-0.481,0.106
-0.572,1.146
-0.582,3.05
-0.616,3.139
-0.682,0.157
-0.803,0.173
-0.906,2.506
-0.935,-0.188
-0.959,0.998
-1.018,-1.023
-1.519,-0.91
-1.564,-1.034
-2.019,-0.737
-1.967,-0.804
-2.215,-0.952
2.759,-1.157
2.426,-1.187
2.349,-1.174
2.056,-0.895
1.616,-0.886
1.592,-1.139
1.245,-1.082
1.242,-1.077
1.024,-1.251
0.853,-1.264
0.524,-0.736
0.496,-1.078
0.166,-0.916
0.21,-1.135
0.132,-1.123
-0.014,-1.211
-0.128,-0.894
-0.847,-0.846
-0.792,-0.809
-1.109,3.139
-1.563,3.456
-1.761,3.649
-2.001,3.349
-2.98,3.329
2.279,3.382
2.143,3.424
1.83,3.653
0.099,3.279
-0.048,3.404
-0.157,3.355
-0.468,3.211
-0.422,3.668
-0.476,3.289
-0.416,3.395
-0.499,3.312
-0.702,3.325
-1.47,3.065
-1.537,1.548
0.137,-0.627
-0.401,0.134
1.799,3.363
1.453,3.315
-0.938,1.289
-1.113,3.058
-1.164,-0.541
-1.113,1.48
-1.195,2.063
-1.288,0.582
-1.285,0.512
-1.378,1.498
-1.382,-0.299
-1.703,3.166
-1.768,-0.512
-1.776,2.792
-1.646,2.126
-1.739,3.16
-1.767,1.66
-1.797,0.04
-1.637,1.071
-1.637,0.353
-1.796,1.931
-1.815,0.702
-1.816,1.668
-1.858,0.158
-1.884,2.29
-1.982,0.718
-2.004,1.779
-1.936,0.28
-1.977,0.924
-2.142,0.035
-2.113,-0.266
-2.337,-0.372
-2.43,0.909
-2.292,2.465
-2.465,1.363
-2.557,2.743
-2.431,1.17
-2.565,0.196
-2.742,1.673
-2.908,2.918
-3.069,2.551
3.124,2.785
3.114,2.965
3.033,1.053
3.026,2.521
3.137,1.853
2.977,0.597
2.986,2.247
2.833,1.963
2.658,-0.449
2.738,1.229
2.73,3.242
2.643,-0.099
2.52,0.819
2.481,1.334
2.435,1.888
2.524,-0.695
2.4,1.553
2.4,3.162
2.468,-0.7
2.339,0.827
2.312,-0.704
2.267,0.383
2.229,2.803
2.181,2.02
2.228,-0.272
2.211,2.255
2.207,-0.543
2.043,1.474
2.051,1.964
1.927,2.862
1.92,2.623
2.02,0.619
1.76,-0.327
1.896,-0.614
1.823,-0.51
1.712,0.667
1.635,2.567
1.739,0.277
1.63,0.845
1.495,-0.245
1.234,2.418
1.208,0.846
1.11,1.512
1.006,2.105
0.936,1.775
0.737,0.659
0.704,-0.645
0.834,-0.41
0.697,-0.258
0.759,-0.537
0.606,2.916
0.688,0.498
0.605,-0.437
0.463,-0.214
0.598,0.951
0.548,1.508
0.177,0.811
0.197,1.02
-0.04,-0.663
-0.234,-0.603
-0.206,0.858
-0.434,1.06
-0.548,-0.38
-0.63,3.018
-0.633,1.521
-0.639,0.831
-0.551,2.144
-0.876,0.529
-0.785,0.354
-0.802,-0.215
-0.968,0.442
-0.965,-1.066
-1.434,-0.802
-1.602,-0.826
-1.635,-1.076
-1.964,-1.17
-2.478,-0.682
-2.507,-0.931
-2.523,-0.895
-2.672,-0.923
2.607,-0.837
2.555,-1.142
2.193,-1.141
2.275,-0.907
1.855,-0.805
1.621,-0.794
0.551,-0.943
-0.527,-0.843
-0.696,-1.125
-0.823,-0.794
-2.083,3.489
3.008,3.492
3.035,3.652
2.83,3.521
2.645,3.285
2.229,3.517
1.088,3.45
0.968,3.351
0.435,3.415
0.161,3.334
-0.137,3.546
-2.928,-0.71
0.698,0.681
0.164,1.374
-1.523,1.428
-0.275,2.96
-0.306,1.89
-0.458,2.156
-0.458,2.585
-1.877,1.535
-3.094,1.62
2.124,1.587
1.787,1.629
0.906,1.64
0.611,-1.034
0.7,3.257
-0.015,2.161
-0.136,-1.013
-0.199,0.012
-0.3,-0.55
-0.286,1.026
-0.362,0.914
-0.493,-0.197
-0.584,0.843
-0.594,2.747
-0.628,2.836
-0.694,-0.146
-0.815,-0.13
-0.918,2.203
-0.947,-0.491
-0.971,0.695
-1.03,-1.326
-1.531,-1.213
-1.576,-1.337
-2.031,-1.04
-1.979,-1.107
-2.227,-1.255
2.747,-1.46
2.414,-1.49
2.337,-1.477
2.044,-1.198
1.604,-1.189
1.58,-1.442
1.233,-1.385
1.23,-1.38
1.012,-1.554
0.841,-1.567
0.512,-1.039
0.484,-1.381
0.154,-1.219
0.198,-1.438
0.12,-1.426
-0.026,-1.514
-0.14,-1.197
-0.859,-1.149
-0.804,-1.112
-1.121,2.836
-1.575,3.153
-1.773,3.346
-2.013,3.046
-2.992,3.026
2.267,3.079
2.131,3.121
1.818,3.35
0.087,2.976
-0.06,3.101
-0.169,3.052
-0.48,2.908
-0.434,3.365
-0.488,2.986
-0.428,3.092
-0.511,3.009
-0.714,3.022
-1.482,2.762
-1.549,1.245
0.125,-0.93
-0.413,-0.169
1.787,3.06
1.441,3.012
-0.95,0.986
-1.125,2.755
-1.176,-0.844
-1.125,1.177
-1.207,1.76
-1.3,0.279
-1.297,0.209
-1.39,1.195
-1.394,-0.602
-1.715,2.863
-1.78,-0.815
-1.788,2.489
-1.658,1.823
-1.751,2.857
-1.779,1.357
-1.809,-0.263
-1.649,0.768
-1.649,0.05
-1.808,1.628
-1.827,0.399
-1.828,1.365
-1.87,-0.145
-1.896,1.987
-1.994,0.415
-2.016,1.476
-1.948,-0.023
-1.989,0.621
-2.154,-0.268
-2.125,-0.569
-2.349,-0.675
-2.442,0.606
-2.304,2.162
-2.477,1.06
-2.569,2.44
-2.443,0.867
-2.577,-0.107
-2.754,1.37
-2.92,2.615
-3.081,2.248
3.112,2.482
3.102,2.662
3.021,0.75
3.014,2.218
3.125,1.55
2.965,0.294
2.974,1.944
2.821,1.66
2.646,-0.752
2.726,0.926
2.718,2.939
2.631,-0.402
2.508,0.516
2.469,1.031
2.423,1.585
2.512,-0.998
2.388,1.25
2.388,2.859
2.456,-1.003
2.327,0.524
2.3,-1.007
2.255,0.08
2.217,2.5
2.169,1.717
2.216,-0.575
2.199,1.952
2.195,-0.846
2.031,1.171
2.039,1.661
1.915,2.559
1.908,2.32
2.008,0.316
1.748,-0.63
1.884,-0.917
1.811,-0.813
1.7,0.364
1.623,2.264
1.727,-0.026
1.618,0.542
1.483,-0.548
1.222,2.115
1.196,0.543
1.098,1.209
0.994,1.802
0.924,1.472
0.725,0.356
0.692,-0.948
0.822,-0.713
0.685,-0.561
0.747,-0.84
0.594,2.613
0.676,0.195
0.593,-0.74
0.451,-0.517
0.586,0.648
0.536,1.205
0.165,0.508
0.185,0.717
-0.052,-0.966
-0.246,-0.906
-0.218,0.555
-0.446,0.757
-0.56,-0.683
-0.642,2.715
-0.645,1.218
-0.651,0.528
-0.563,1.841
-0.888,0.226
-0.797,0.051
-0.814,-0.518
-0.98,0.139
-0.977,-1.369
-1.446,-1.105
-1.614,-1.129
-1.647,-1.379
-1.976,-1.473
-2.49,-0.985
-2.519,-1.234
-2.535,-1.198
-2.684,-1.226
2.595,-1.14
2.543,-1.445
2.181,-1.444
2.263,-1.21
1.843,-1.108
1.609,-1.097
0.539,-1.246
-0.539,-1.146
-0.708,-1.428
-0.835,-1.097
-2.095,3.186
2.996,3.189
3.023,3.349
2.818,3.218
2.633,2.982
2.217,3.214
1.076,3.147
0.956,3.048
0.423,3.112
0.149,3.031
-0.149,3.243
-2.94,-1.013
0.686,0.378
0.152,1.071
-1.535,1.125
-0.287,2.657
-0.318,1.587
-0.47,1.853
-0.47,2.282
-1.889,1.232
-3.106,1.317
2.112,1.284
1.775,1.326
0.894,1.337
0.599,-1.337
0.688,2.954
-0.121,-3.174
-0.184,-2.149
-0.285,-2.711
-0.271,-1.135
-0.347,-1.247
-0.478,-2.358
-0.569,-1.318
-0.579,0.586
-0.613,0.675
-0.679,-2.307
-0.8,-2.291
-0.903,0.042
-0.932,-2.652
-0.956,-1.466
-1.015,-3.487
-1.516,-3.374
-1.561,-3.498
-2.016,-3.201
-1.964,-3.268
-2.212,-3.416
2.762,-3.621
2.429,-3.651
2.352,-3.638
2.059,-3.359
1.619,-3.35
1.595,-3.603
1.248,-3.546
1.245,-3.541
1.027,-3.715
0.856,-3.728
0.527,-3.2
0.499,-3.542
0.169,-3.38
0.213,-3.599
0.135,-3.587
-0.011,-3.675
-0.125,-3.358
-0.844,-3.31
-0.789,-3.273
-1.106,0.675
-1.56,0.992
-1.758,1.185
-1.998,0.885
-2.977,0.865
2.282,0.918
2.146,0.96
1.833,1.189
0.102,0.815
-0.045,0.94
-0.154,0.891
-0.465,0.747
-0.419,1.204
-0.473,0.825
-0.413,0.931
-0.496,0.848
-0.699,0.861
-1.467,0.601
-1.534,-0.916
0.14,-3.091
-0.398,-2.33
1.802,0.899
1.456,0.851
-0.935,-1.175
-1.11,0.594
-1.161,-3.005
-1.11,-0.984
-1.192,-0.401
-1.285,-1.882
-1.282,-1.952
-1.375,-0.966
-1.379,-2.763
-1.7,0.702
-1.765,-2.976
-1.773,0.328
-1.643,-0.338
-1.736,0.696
-1.764,-0.804
-1.794,-2.424
-1.634,-1.393
-1.634,-2.111
-1.793,-0.533
-1.812,-1.762
-1.813,-0.796
-1.855,-2.306
-1.881,-0.174
-1.979,-1.746
-2.001,-0.685
-1.933,-2.184
-1.974,-1.54
-2.139,-2.429
-2.11,-2.73
-2.334,-2.836
-2.427,-1.555
-2.289,0.001
-2.462,-1.101
-2.554,0.279
-2.428,-1.294
-2.562,-2.268
-2.739,-0.791
-2.905,0.454
-3.066,0.087
3.127,0.321
3.117,0.501
3.036,-1.411
3.029,0.057
3.14,-0.611
2.98,-1.867
2.989,-0.217
2.836,-0.501
2.661,-2.913
2.741,-1.235
2.733,0.778
2.646,-2.563
2.523,-1.645
2.484,-1.13
2.438,-0.576
2.527,-3.159
2.403,-0.911
2.403,0.698
2.471,-3.164
2.342,-1.637
2.315,-3.168
2.27,-2.081
2.232,0.339
2.184,-0.444
2.231,-2.736
2.214,-0.209
2.21,-3.007
2.046,-0.99
2.054,-0.5
1.93,0.398
1.923,0.159
2.023,-1.845
1.763,-2.791
1.899,-3.078
1.826,-2.974
1.715,-1.797
1.638,0.103
1.742,-2.187
1.633,-1.619
1.498,-2.709
1.237,-0.046
1.211,-1.618
1.113,-0.952
1.009,-0.359
0.939,-0.689
0.74,-1.805
0.707,-3.109
0.837,-2.874
0.7,-2.722
0.762,-3.001
0.609,0.452
0.691,-1.966
0.608,-2.901
0.466,-2.678
0.601,-1.513
0.551,-0.956
0.18,-1.653
0.2,-1.444
-0.037,-3.127
-0.231,-3.067
-0.203,-1.606
-0.431,-1.404
-0.545,-2.844
-0.627,0.554
-0.63,-0.943
-0.636,-1.633
-0.548,-0.32
-0.873,-1.935
-0.782,-2.11
-0.799,-2.679
-0.965,-2.022
-0.962,-3.53
-1.431,-3.266
-1.599,-3.29
-1.632,-3.54
-1.961,-3.634
-2.475,-3.146
-2.504,-3.395
-2.52,-3.359
-2.669,-3.387
2.61,-3.301
2.558,-3.606
2.196,-3.605
2.278,-3.371
1.858,-3.269
1.624,-3.258
0.554,-3.407
-0.524,-3.307
-0.693,-3.589
-0.82,-3.258
-2.08,1.025
3.011,1.028
3.038,1.188
2.833,1.057
2.648,0.821
2.232,1.053
1.091,0.986
0.971,0.887
0.438,0.951
0.164,0.87
-0.134,1.082
-2.925,-3.174
0.701,-1.783
0.167,-1.09
-1.52,-1.036
-0.272,0.496
-0.303,-0.574
-0.455,-0.308
-0.455,0.121
-1.874,-0.929
-3.091,-0.844
2.127,-0.877
1.79,-0.835
0.909,-0.824
0.614,-3.498
0.703,0.793
-0.063,1.025
-0.164,0.463
-0.15,2.039
-0.226,1.927
-0.357,0.816
-0.448,1.856
-0.458,3.76
-0.492,3.849
-0.558,0.867
-0.679,0.883
-0.782,3.216
-0.811,0.522
-0.835,1.708
-0.894,-0.313
-1.395,-0.2
-1.44,-0.324
-1.895,-0.027
-1.843,-0.094
-2.091,-0.242
2.883,-0.447
2.55,-0.477
2.473,-0.464
2.18,-0.185
1.74,-0.176
1.716,-0.429
1.369,-0.372
1.366,-0.367
1.148,-0.541
0.977,-0.554
0.648,-0.026
0.62,-0.368
0.29,-0.206
0.334,-0.425
0.256,-0.413
0.11,-0.501
-0.004,-0.184
-0.723,-0.136
-0.668,-0.099
-0.985,3.849
-1.439,4.166
-1.637,4.359
-1.877,4.059
-2.856,4.039
2.403,4.092
2.267,4.134
1.954,4.363
0.223,3.989
0.076,4.114
-0.033,4.065
-0.344,3.921
-0.298,4.378
-0.352,3.999
-0.292,4.105
-0.375,4.022
-0.578,4.035
-1.346,3.775
-1.413,2.258
0.261,0.083
-0.277,0.844
1.923,4.073
1.577,4.025
-0.814,1.999
-0.989,3.768
-1.04,0.169
-0.989,2.19
-1.071,2.773
-1.164,1.292
-1.161,1.222
-1.254,2.208
-1.258,0.411
-1.579,3.876
-1.644,0.198
-1.652,3.502
-1.522,2.836
-1.615,3.87
-1.643,2.37
-1.673,0.75
-1.513,1.781
-1.513,1.063
-1.672,2.641
-1.691,1.412
-1.692,2.378
-1.734,0.868
-1.76,3.0
-1.858,1.428
-1.88,2.489
-1.812,0.99
-1.853,1.634
-2.018,0.745
-1.989,0.444
-2.213,0.338
-2.306,1.619
-2.168,3.175
-2.341,2.073
-2.433,3.453
-2.307,1.88
-2.441,0.906
-2.618,2.383
-2.784,3.628
-2.945,3.261
-3.035,3.495
-3.045,3.675
-3.126,1.763
-3.133,3.231
-3.022,2.563
3.101,1.307
3.11,2.957
2.957,2.673
2.782,0.261
2.862,1.939
2.854,3.952
2.767,0.611
2.644,1.529
2.605,2.044
2.559,2.598
2.648,0.015
2.524,2.263
2.524,3.872
2.592,0.01
2.463,1.537
2.436,0.006
2.391,1.093
2.353,3.513
2.305,2.73
2.352,0.438
2.335,2.965
2.331,0.167
2.167,2.184
2.175,2.674
2.051,3.572
2.044,3.333
2.144,1.329
1.884,0.383
2.02,0.096
1.947,0.2
1.836,1.377
1.759,3.277
1.863,0.987
1.754,1.555
1.619,0.465
1.358,3.128
1.332,1.556
1.234,2.222
1.13,2.815
1.06,2.485
0.861,1.369
0.828,0.065
0.958,0.3
0.821,0.452
0.883,0.173
0.73,3.626
0.812,1.208
0.729,0.273
0.587,0.496
0.722,1.661
0.672,2.218
0.301,1.521
0.321,1.73
0.084,0.047
-0.11,0.107
-0.082,1.568
-0.31,1.77
-0.424,0.33
-0.506,3.728
-0.509,2.231
-0.515,1.541
-0.427,2.854
-0.752,1.239
-0.661,1.064
-0.678,0.495
-0.844,1.152
-0.841,-0.356
-1.31,-0.092
-1.478,-0.116
-1.511,-0.366
-1.84,-0.46
-2.354,0.028
-2.383,-0.221
-2.399,-0.185
-2.548,-0.213
2.731,-0.127
2.679,-0.432
2.317,-0.431
2.399,-0.197
1.979,-0.095
1.745,-0.084
0.675,-0.233
-0.403,-0.133
-0.572,-0.415
-0.699,-0.084
-1.959,4.199
3.132,4.202
-3.124,4.362
2.954,4.231
2.769,3.995
2.353,4.227
1.212,4.16
1.092,4.061
0.559,4.125
0.285,4.044
-0.013,4.256
-2.804,0.0
0.822,1.391
0.288,2.084
-1.399,2.138
-0.151,3.67
-0.182,2.6
-0.334,2.866
-0.334,3.295
-1.753,2.245
-2.97,2.33
2.248,2.297
1.911,2.339
1.03,2.35
0.735,-0.324
0.824,3.967
-0.101,-0.562
-0.087,1.014
-0.163,0.902
-0.294,-0.209
-0.385,0.831
-0.395,2.735
-0.429,2.824
-0.495,-0.158
-0.616,-0.142
-0.719,2.191
-0.748,-0.503
-0.772,0.683
-0.831,-1.338
-1.332,-1.225
-1.377,-1.349
-1.832,-1.052
-1.78,-1.119
-2.028,-1.267
2.946,-1.472
2.613,-1.502
2.536,-1.489
2.243,-1.21
1.803,-1.201
1.779,-1.454
1.432,-1.397
1.429,-1.392
1.211,-1.566
1.04,-1.579
0.711,-1.051
0.683,-1.393
0.353,-1.231
0.397,-1.45
0.319,-1.438
0.173,-1.526
0.059,-1.209
-0.66,-1.161
-0.605,-1.124
-0.922,2.824
-1.376,3.141
-1.574,3.334
-1.814,3.034
-2.793,3.014
2.466,3.067
2.33,3.109
2.017,3.338
0.286,2.964
0.139,3.089
0.03,3.04
-0.281,2.896
-0.235,3.353
-0.289,2.974
-0.229,3.08
-0.312,2.997
-0.515,3.01
-1.283,2.75
-1.35,1.233
0.324,-0.942
-0.214,-0.181
1.986,3.048
1.64,3.0
-0.751,0.974
-0.926,2.743
-0.977,-0.856
-0.926,1.165
-1.008,1.748
-1.101,0.267
-1.098,0.197
-1.191,1.183
-1.195,-0.614
-1.516,2.851
-1.581,-0.827
-1.589,2.477
-1.459,1.811
-1.552,2.845
-1.58,1.345
-1.61,-0.275
-1.45,0.756
-1.45,0.038
-1.609,1.616
-1.628,0.387
-1.629,1.353
-1.671,-0.157
-1.697,1.975
-1.795,0.403
-1.817,1.464
-1.749,-0.035
-1.79,0.609
-1.955,-0.28
-1.926,-0.581
-2.15,-0.687
-2.243,0.594
-2.105,2.15
-2.278,1.048
-2.37,2.428
-2.244,0.855
-2.378,-0.119
-2.555,1.358
-2.721,2.603
-2.882,2.236
-2.972,2.47
-2.982,2.65
-3.063,0.738
-3.07,2.206
-2.959,1.538
-3.119,0.282
-3.11,1.932
3.02,1.648
2.845,-0.764
2.925,0.914
2.917,2.927
2.83,-0.414
2.707,0.504
2.668,1.019
2.622,1.573
2.711,-1.01
2.587,1.238
2.587,2.847
2.655,-1.015
2.526,0.512
2.499,-1.019
2.454,0.068
2.416,2.488
2.368,1.705
2.415,-0.587
2.398,1.94
2.394,-0.858
2.23,1.159
2.238,1.649
2.114,2.547
2.107,2.308
2.207,0.304
1.947,-0.642
2.083,-0.929
2.01,-0.825
1.899,0.352
1.822,2.252
1.926,-0.038
1.817,0.53
1.682,-0.56
1.421,2.103
1.395,0.531
1.297,1.197
1.193,1.79
1.123,1.46
0.924,0.344
0.891,-0.96
1.021,-0.725
0.884,-0.573
0.946,-0.852
0.793,2.601
0.875,0.183
0.792,-0.752
0.65,-0.529
0.785,0.636
0.735,1.193
0.364,0.496
0.384,0.705
0.147,-0.978
-0.047,-0.918
-0.019,0.543
-0.247,0.745
-0.361,-0.695
-0.443,2.703
-0.446,1.206
-0.452,0.516
-0.364,1.829
-0.689,0.214
-0.598,0.039
-0.615,-0.53
-0.781,0.127
-0.778,-1.381
-1.247,-1.117
-1.415,-1.141
-1.448,-1.391
-1.777,-1.485
-2.291,-0.997
-2.32,-1.246
-2.336,-1.21
-2.485,-1.238
2.794,-1.152
2.742,-1.457
2.38,-1.456
2.462,-1.222
2.042,-1.12
1.808,-1.109
0.738,-1.258
-0.34,-1.158
-0.509,-1.44
-0.636,-1.109
-1.896,3.174
-3.088,3.177
-3.061,3.337
3.017,3.206
2.832,2.97
2.416,3.202
1.275,3.135
1.155,3.036
0.622,3.1
0.348,3.019
0.05,3.231
-2.741,-1.025
0.885,0.366
0.351,1.059
-1.336,1.113
-0.088,2.645
-0.119,1.575
-0.271,1.841
-0.271,2.27
-1.69,1.22
-2.907,1.305
2.311,1.272
1.974,1.314
1.093,1.325
0.798,-1.349
0.887,2.942
0.014,1.576
-0.062,1.464
-0.193,0.353
-0.284,1.393
-0.294,3.297
-0.328,3.386
-0.394,0.404
-0.515,0.42
-0.618,2.753
-0.647,0.059
-0.671,1.245
-0.73,-0.776
-1.231,-0.663
-1.276,-0.787
-1.731,-0.49
-1.679,-0.557
-1.927,-0.705
3.047,-0.91
2.714,-0.94
2.637,-0.927
2.344,-0.648
1.904,-0.639
1.88,-0.892
1.533,-0.835
1.53,-0.83
1.312,-1.004
1.141,-1.017
0.812,-0.489
0.784,-0.831
0.454,-0.669
0.498,-0.888
0.42,-0.876
0.274,-0.964
0.16,-0.647
-0.559,-0.599
-0.504,-0.562
-0.821,3.386
-1.275,3.703
-1.473,3.896
-1.713,3.596
-2.692,3.576
2.567,3.629
2.431,3.671
2.118,3.9
0.387,3.526
0.24,3.651
0.131,3.602
-0.18,3.458
-0.134,3.915
-0.188,3.536
-0.128,3.642
-0.211,3.559
-0.414,3.572
-1.182,3.312
-1.249,1.795
0.425,-0.38
-0.113,0.381
2.087,3.61
1.741,3.562
-0.65,1.536
-0.825,3.305
-0.876,-0.294
-0.825,1.727
-0.907,2.31
-1.0,0.829
-0.997,0.759
-1.09,1.745
-1.094,-0.052
-1.415,3.413
-1.48,-0.265
-1.488,3.039
-1.358,2.373
-1.451,3.407
-1.479,1.907
-1.509,0.287
-1.349,1.318
-1.349,0.6
-1.508,2.178
-1.527,0.949
-1.528,1.915
-1.57,0.405
-1.596,2.537
-1.694,0.965
-1.716,2.026
-1.648,0.527
-1.689,1.171
-1.854,0.282
-1.825,-0.019
-2.049,-0.125
-2.142,1.156
-2.004,2.712
-2.177,1.61
-2.269,2.99
-2.143,1.417
-2.277,0.443
-2.454,1.92
-2.62,3.165
-2.781,2.798
-2.871,3.032
-2.881,3.212
-2.962,1.3
-2.969,2.768
-2.858,2.1
-3.018,0.844
-3.009,2.494
3.121,2.21
2.946,-0.202
3.026,1.476
3.018,3.489
2.931,0.148
2.808,1.066
2.769,1.581
2.723,2.135
2.812,-0.448
2.688,1.8
2.688,3.409
2.756,-0.453
2.627,1.074
2.6,-0.457
2.555,0.63
2.517,3.05
2.469,2.267
2.516,-0.025
2.499,2.502
2.495,-0.296
2.331,1.721
2.339,2.211
2.215,3.109
2.208,2.87
2.308,0.866
2.048,-0.08
2.184,-0.367
2.111,-0.263
2.0,0.914
1.923,2.814
2.027,0.524
1.918,1.092
1.783,0.002
1.522,2.665
1.496,1.093
1.398,1.759
1.294,2.352
1.224,2.022
1.025,0.906
0.992,-0.398
1.122,-0.163
0.985,-0.011
1.047,-0.29
0.894,3.163
0.976,0.745
0.893,-0.19
0.751,0.033
0.886,1.198
0.836,1.755
0.465,1.058
0.485,1.267
0.248,-0.416
0.054,-0.356
0.082,1.105
-0.146,1.307
-0.26,-0.133
-0.342,3.265
-0.345,1.768
-0.351,1.078
-0.263,2.391
-0.588,0.776
-0.497,0.601
-0.514,0.032
-0.68,0.689
-0.677,-0.819
-1.146,-0.555
-1.314,-0.579
-1.347,-0.829
-1.676,-0.923
-2.19,-0.435
-2.219,-0.684
-2.235,-0.648
-2.384,-0.676
2.895,-0.59
2.843,-0.895
2.481,-0.894
2.563,-0.66
2.143,-0.558
1.909,-0.547
0.839,-0.696
-0.239,-0.596
-0.408,-0.878
-0.535,-0.547
-1.795,3.736
-2.987,3.739
-2.96,3.899
3.118,3.768
2.933,3.532
2.517,3.764
1.376,3.697
1.256,3.598
0.723,3.662
0.449,3.581
0.151,3.793
-2.64,-0.463
0.986,0.928
0.452,1.621
-1.235,1.675
0.013,3.207
-0.018,2.137
-0.17,2.403
-0.17,2.832
-1.589,1.782
-2.806,1.867
2.412,1.834
2.075,1.876
1.194,1.887
0.899,-0.787
0.988,3.504
-0.076,-0.112
-0.207,-1.223
-0.298,-0.183
-0.308,1.721
-0.342,1.81
-0.408,-1.172
-0.529,-1.156
-0.632,1.177
-0.661,-1.517
-0.685,-0.331
-0.744,-2.352
-1.245,-2.239
-1.29,-2.363
-1.745,-2.066
-1.693,-2.133
-1.941,-2.281
3.033,-2.486
2.7,-2.516
2.623,-2.503
2.33,-2.224
1.89,-2.215
1.866,-2.468
1.519,-2.411
1.516,-2.406
1.298,-2.58
1.127,-2.593
0.798,-2.065
0.77,-2.407
0.44,-2.245
0.484,-2.464
0.406,-2.452
0.26,-2.54
0.146,-2.223
-0.573,-2.175
-0.518,-2.138
-0.835,1.81
-1.289,2.127
-1.487,2.32
-1.727,2.02
-2.706,2.0
2.553,2.053
2.417,2.095
2.104,2.324
0.373,1.95
0.226,2.075
0.117,2.026
-0.194,1.882
-0.148,2.339
-0.202,1.96
-0.142,2.066
-0.225,1.983
-0.428,1.996
-1.196,1.736
-1.263,0.219
0.411,-1.956
-0.127,-1.195
2.073,2.034
1.727,1.986
-0.664,-0.04
-0.839,1.729
-0.89,-1.87
-0.839,0.151
-0.921,0.734
-1.014,-0.747
-1.011,-0.817
-1.104,0.169
-1.108,-1.628
-1.429,1.837
-1.494,-1.841
-1.502,1.463
-1.372,0.797
-1.465,1.831
-1.493,0.331
-1.523,-1.289
-1.363,-0.258
-1.363,-0.976
-1.522,0.602
-1.541,-0.627
-1.542,0.339
-1.584,-1.171
-1.61,0.961
-1.708,-0.611
-1.73,0.45
-1.662,-1.049
-1.703,-0.405
-1.868,-1.294
-1.839,-1.595
-2.063,-1.701
-2.156,-0.42
-2.018,1.136
-2.191,0.034
-2.283,1.414
-2.157,-0.159
-2.291,-1.133
-2.468,0.344
-2.634,1.589
-2.795,1.222
-2.885,1.456
-2.895,1.636
-2.976,-0.276
-2.983,1.192
-2.872,0.524
-3.032,-0.732
-3.023,0.918
3.107,0.634
2.932,-1.778
3.012,-0.1
3.004,1.913
2.917,-1.428
2.794,-0.51
2.755,0.005
2.709,0.559
2.798,-2.024
2.674,0.224
2.674,1.833
2.742,-2.029
2.613,-0.502
2.586,-2.033
2.541,-0.946
2.503,1.474
2.455,0.691
2.502,-1.601
2.485,0.926
2.481,-1.872
2.317,0.145
2.325,0.635
2.201,1.533
2.194,1.294
2.294,-0.71
2.034,-1.656
2.17,-1.943
2.097,-1.839
1.986,-0.662
1.909,1.238
2.013,-1.052
1.904,-0.484
1.769,-1.574
1.508,1.089
1.482,-0.483
1.384,0.183
1.28,0.776
1.21,0.446
1.011,-0.67
0.978,-1.974
1.108,-1.739
0.971,-1.587
1.033,-1.866
0.88,1.587
0.962,-0.831
0.879,-1.766
0.737,-1.543
0.872,-0.378
0.822,0.179
0.451,-0.518
0.471,-0.309
0.234,-1.992
0.04,-1.932
0.068,-0.471
-0.16,-0.269
-0.274,-1.709
-0.356,1.689
-0.359,0.192
-0.365,-0.498
-0.277,0.815
-0.602,-0.8
-0.511,-0.975
-0.528,-1.544
-0.694,-0.887
-0.691,-2.395
-1.16,-2.131
-1.328,-2.155
-1.361,-2.405
-1.69,-2.499
-2.204,-2.011
-2.233,-2.26
-2.249,-2.224
-2.398,-2.252
2.881,-2.166
2.829,-2.471
2.467,-2.47
2.549,-2.236
2.129,-2.134
1.895,-2.123
0.825,-2.272
-0.253,-2.172
-0.422,-2.454
-0.549,-2.123
-1.809,2.16
-3.001,2.163
-2.974,2.323
3.104,2.192
2.919,1.956
2.503,2.188
1.362,2.121
1.242,2.022
0.709,2.086
0.435,2.005
0.137,2.217
-2.654,-2.039
0.972,-0.648
0.438,0.045
-1.249,0.099
-0.001,1.631
-0.032,0.561
-0.184,0.827
-0.184,1.256
-1.603,0.206
-2.82,0.291
2.398,0.258
2.061,0.3
1.18,0.311
0.885,-2.363
0.974,1.928
-0.131,-1.111
-0.222,-0.071
-0.232,1.833
-0.266,1.922
-0.332,-1.06
-0.453,-1.044
-0.556,1.289
-0.585,-1.405
-0.609,-0.219
-0.668,-2.24
-1.169,-2.127
-1.214,-2.251
-1.669,-1.954
-1.617,-2.021
-1.865,-2.169
3.109,-2.374
2.776,-2.404
2.699,-2.391
2.406,-2.112
1.966,-2.103
1.942,-2.356
1.595,-2.299
1.592,-2.294
1.374,-2.468
1.203,-2.481
0.874,-1.953
0.846,-2.295
0.516,-2.133
0.56,-2.352
0.482,-2.34
0.336,-2.428
0.222,-2.111
-0.497,-2.063
-0.442,-2.026
-0.759,1.922
-1.213,2.239
-1.411,2.432
-1.651,2.132
-2.63,2.112
2.629,2.165
2.493,2.207
2.18,2.436
0.449,2.062
0.302,2.187
0.193,2.138
-0.118,1.994
-0.072,2.451
-0.126,2.072
-0.066,2.178
-0.149,2.095
-0.352,2.108
-1.12,1.848
-1.187,0.331
0.487,-1.844
-0.051,-1.083
2.149,2.146
1.803,2.098
-0.588,0.072
-0.763,1.841
-0.814,-1.758
-0.763,0.263
-0.845,0.846
-0.938,-0.635
-0.935,-0.705
-1.028,0.281
-1.032,-1.516
-1.353,1.949
-1.418,-1.729
-1.426,1.575
-1.296,0.909
-1.389,1.943
-1.417,0.443
-1.447,-1.177
-1.287,-0.146
-1.287,-0.864
-1.446,0.714
-1.465,-0.515
-1.466,0.451
-1.508,-1.059
-1.534,1.073
-1.632,-0.499
-1.654,0.562
-1.586,-0.937
-1.627,-0.293
-1.792,-1.182
-1.763,-1.483
-1.987,-1.589
-2.08,-0.308
-1.942,1.248
-2.115,0.146
-2.207,1.526
-2.081,-0.047
-2.215,-1.021
-2.392,0.456
-2.558,1.701
-2.719,1.334
-2.809,1.568
-2.819,1.748
-2.9,-0.164
-2.907,1.304
-2.796,0.636
-2.956,-0.62
-2.947,1.03
-3.1,0.746
3.008,-1.666
3.088,0.012
3.08,2.025
2.993,-1.316
2.87,-0.398
2.831,0.117
2.785,0.671
2.874,-1.912
2.75,0.336
2.75,1.945
2.818,-1.917
2.689,-0.39
2.662,-1.921
2.617,-0.834
2.579,1.586
2.531,0.803
2.578,-1.489
2.561,1.038
2.557,-1.76
2.393,0.257
2.401,0.747
2.277,1.645
2.27,1.406
2.37,-0.598
2.11,-1.544
2.246,-1.831
2.173,-1.727
2.062,-0.55
1.985,1.35
2.089,-0.94
1.98,-0.372
1.845,-1.462
1.584,1.201
1.558,-0.371
1.46,0.295
1.356,0.888
1.286,0.558
1.087,-0.558
1.054,-1.862
1.184,-1.627
1.047,-1.475
1.109,-1.754
0.956,1.699
1.038,-0.719
0.955,-1.654
0.813,-1.431
0.948,-0.266
0.898,0.291
0.527,-0.406
0.547,-0.197
0.31,-1.88
0.116,-1.82
0.144,-0.359
-0.084,-0.157
-0.198,-1.597
-0.28,1.801
-0.283,0.304
-0.289,-0.386
-0.201,0.927
-0.526,-0.688
-0.435,-0.863
-0.452,-1.432
-0.618,-0.775
-0.615,-2.283
-1.084,-2.019
-1.252,-2.043
-1.285,-2.293
-1.614,-2.387
-2.128,-1.899
-2.157,-2.148
-2.173,-2.112
-2.322,-2.14
2.957,-2.054
2.905,-2.359
2.543,-2.358
2.625,-2.124
2.205,-2.022
1.971,-2.011
0.901,-2.16
-0.177,-2.06
-0.346,-2.342
-0.473,-2.011
-1.733,2.272
-2.925,2.275
-2.898,2.435
-3.103,2.304
2.995,2.068
2.579,2.3
1.438,2.233
1.318,2.134
0.785,2.198
0.511,2.117
0.213,2.329
-2.578,-1.927
1.048,-0.536
0.514,0.157
-1.173,0.211
0.075,1.743
0.044,0.673
-0.108,0.939
-0.108,1.368
-1.527,0.318
-2.744,0.403
2.474,0.37
2.137,0.412
1.256,0.423
0.961,-2.251
1.05,2.04
-0.091,1.04
-0.101,2.944
-0.135,3.033
-0.201,0.051
-0.322,0.067
-0.425,2.4
-0.454,-0.294
-0.478,0.892
-0.537,-1.129
-1.038,-1.016
-1.083,-1.14
-1.538,-0.843
-1.486,-0.91
-1.734,-1.058
-3.043,-1.263
2.907,-1.293
2.83,-1.28
2.537,-1.001
2.097,-0.992
2.073,-1.245
1.726,-1.188
1.723,-1.183
1.505,-1.357
1.334,-1.37
1.005,-0.842
0.977,-1.184
0.647,-1.022
0.691,-1.241
0.613,-1.229
0.467,-1.317
0.353,-1.0
-0.366,-0.952
-0.311,-0.915
-0.628,3.033
-1.082,3.35
-1.28,3.543
-1.52,3.243
-2.499,3.223
2.76,3.276
2.624,3.318
2.311,3.547
0.58,3.173
0.433,3.298
0.324,3.249
0.013,3.105
0.059,3.562
0.005,3.183
0.065,3.289
-0.018,3.206
-0.221,3.219
-0.989,2.959
-1.056,1.442
0.618,-0.733
0.08,0.028
2.28,3.257
1.934,3.209
-0.457,1.183
-0.632,2.952
-0.683,-0.647
-0.632,1.374
-0.714,1.957
-0.807,0.476
-0.804,0.406
-0.897,1.392
-0.901,-0.405
-1.222,3.06
-1.287,-0.618
-1.295,2.686
-1.165,2.02
-1.258,3.054
-1.286,1.554
-1.316,-0.066
-1.156,0.965
-1.156,0.247
-1.315,1.825
-1.334,0.596
-1.335,1.562
-1.377,0.052
-1.403,2.184
-1.501,0.612
-1.523,1.673
-1.455,0.174
-1.496,0.818
-1.661,-0.071
-1.632,-0.372
-1.856,-0.478
-1.949,0.803
-1.811,2.359
-1.984,1.257
-2.076,2.637
-1.95,1.064
-2.084,0.09
-2.261,1.567
-2.427,2.812
-2.588,2.445
-2.678,2.679
-2.688,2.859
-2.769,0.947
-2.776,2.415
-2.665,1.747
-2.825,0.491
-2.816,2.141
-2.969,1.857
3.139,-0.555
-3.064,1.123
-3.072,3.136
3.124,-0.205
3.001,0.713
2.962,1.228
2.916,1.782
3.005,-0.801
2.881,1.447
2.881,3.056
2.949,-0.806
2.82,0.721
2.793,-0.81
2.748,0.277
2.71,2.697
2.662,1.914
2.709,-0.378
2.692,2.149
2.688,-0.649
2.524,1.368
2.532,1.858
2.408,2.756
2.401,2.517
2.501,0.513
2.241,-0.433
2.377,-0.72
2.304,-0.616
2.193,0.561
2.116,2.461
2.22,0.171
2.111,0.739
1.976,-0.351
1.715,2.312
1.689,0.74
1.591,1.406
1.487,1.999
1.417,1.669
1.218,0.553
1.185,-0.751
1.315,-0.516
1.178,-0.364
1.24,-0.643
1.087,2.81
1.169,0.392
1.086,-0.543
0.944,-0.32
1.079,0.845
1.029,1.402
0.658,0.705
0.678,0.914
0.441,-0.769
0.247,-0.709
0.275,0.752
0.047,0.954
-0.067,-0.486
-0.149,2.912
-0.152,1.415
-0.158,0.725
-0.07,2.038
-0.395,0.423
-0.304,0.248
-0.321,-0.321
-0.487,0.336
-0.484,-1.172
-0.953,-0.908
-1.121,-0.932
-1.154,-1.182
-1.483,-1.276
-1.997,-0.788
-2.026,-1.037
-2.042,-1.001
-2.191,-1.029
3.088,-0.943
3.036,-1.248
2.674,-1.247
2.756,-1.013
2.336,-0.911
2.102,-0.9
1.032,-1.049
-0.046,-0.949
-0.215,-1.231
-0.342,-0.9
-1.602,3.383
-2.794,3.386
-2.767,3.546
-2.972,3.415
3.126,3.179
2.71,3.411
1.569,3.344
1.449,3.245
0.916,3.309
0.642,3.228
0.344,3.44
-2.447,-0.816
1.179,0.575
0.645,1.268
-1.042,1.322
0.206,2.854
0.175,1.784
0.023,2.05
0.023,2.479
-1.396,1.429
-2.613,1.514
2.605,1.481
2.268,1.523
1.387,1.534
1.092,-1.14
1.181,3.151
-0.01,1.904
-0.044,1.993
-0.11,-0.989
-0.231,-0.973
-0.334,1.36
-0.363,-1.334
-0.387,-0.148
-0.446,-2.169
-0.947,-2.056
-0.992,-2.18
-1.447,-1.883
-1.395,-1.95
-1.643,-2.098
-2.952,-2.303
2.998,-2.333
2.921,-2.32
2.628,-2.041
2.188,-2.032
2.164,-2.285
1.817,-2.228
1.814,-2.223
1.596,-2.397
1.425,-2.41
1.096,-1.882
1.068,-2.224
0.738,-2.062
0.782,-2.281
0.704,-2.269
0.558,-2.357
0.444,-2.04
-0.275,-1.992
-0.22,-1.955
-0.537,1.993
-0.991,2.31
-1.189,2.503
-1.429,2.203
-2.408,2.183
2.851,2.236
2.715,2.278
2.402,2.507
0.671,2.133
0.524,2.258
0.415,2.209
0.104,2.065
0.15,2.522
0.096,2.143
0.156,2.249
0.073,2.166
-0.13,2.179
-0.898,1.919
-0.965,0.402
0.709,-1.773
0.171,-1.012
2.371,2.217
2.025,2.169
-0.366,0.143
-0.541,1.912
-0.592,-1.687
-0.541,0.334
-0.623,0.917
-0.716,-0.564
-0.713,-0.634
-0.806,0.352
-0.81,-1.445
-1.131,2.02
-1.196,-1.658
-1.204,1.646
-1.074,0.98
-1.167,2.014
-1.195,0.514
-1.225,-1.106
-1.065,-0.075
-1.065,-0.793
-1.224,0.785
-1.243,-0.444
-1.244,0.522
-1.286,-0.988
-1.312,1.144
-1.41,-0.428
-1.432,0.633
-1.364,-0.866
-1.405,-0.222
-1.57,-1.111
-1.541,-1.412
-1.765,-1.518
-1.858,-0.237
-1.72,1.319
-1.893,0.217
-1.985,1.597
-1.859,0.024
-1.993,-0.95
-2.17,0.527
-2.336,1.772
-2.497,1.405
-2.587,1.639
-2.597,1.819
-2.678,-0.093
-2.685,1.375
-2.574,0.707
-2.734,-0.549
-2.725,1.101
-2.878,0.817
-3.053,-1.595
-2.973,0.083
-2.981,2.096
-3.068,-1.245
3.092,-0.327
3.053,0.188
3.007,0.742
3.096,-1.841
2.972,0.407
2.972,2.016
3.04,-1.846
2.911,-0.319
2.884,-1.85
2.839,-0.763
2.801,1.657
2.753,0.874
2.8,-1.418
2.783,1.109
2.779,-1.689
2.615,0.328
2.623,0.818
2.499,1.716
2.492,1.477
2.592,-0.527
2.332,-1.473
2.468,-1.76
2.395,-1.656
2.284,-0.479
2.207,1.421
2.311,-0.869
2.202,-0.301
2.067,-1.391
1.806,1.272
1.78,-0.3
1.682,0.366
1.578,0.959
1.508,0.629
1.309,-0.487
1.276,-1.791
1.406,-1.556
1.269,-1.404
1.331,-1.683
1.178,1.77
1.26,-0.648
1.177,-1.583
1.035,-1.36
1.17,-0.195
1.12,0.362
0.749,-0.335
0.769,-0.126
0.532,-1.809
0.338,-1.749
0.366,-0.288
0.138,-0.086
0.024,-1.526
-0.058,1.872
-0.061,0.375
-0.067,-0.315
0.021,0.998
-0.304,-0.617
-0.213,-0.792
-0.23,-1.361
-0.396,-0.704
-0.393,-2.212
-0.862,-1.948
-1.03,-1.972
-1.063,-2.222
-1.392,-2.316
-1.906,-1.828
-1.935,-2.077
-1.951,-2.041
-2.1,-2.069
-3.104,-1.983
3.127,-2.288
2.765,-2.287
2.847,-2.053
2.427,-1.951
2.193,-1.94
1.123,-2.089
0.045,-1.989
-0.124,-2.271
-0.251,-1.94
-1.511,2.343
-2.703,2.346
-2.676,2.506
-2.881,2.375
-3.066,2.139
2.801,2.371
1.66,2.304
1.54,2.205
1.007,2.269
0.733,2.188
0.435,2.4
-2.356,-1.856
1.27,-0.465
0.736,0.228
-0.951,0.282
0.297,1.814
0.266,0.744
0.114,1.01
0.114,1.439
-1.305,0.389
-2.522,0.474
2.696,0.441
2.359,0.483
1.478,0.494
1.183,-2.18
1.272,2.111
-0.034,0.089
-0.1,-2.893
-0.221,-2.877
-0.324,-0.544
-0.353,-3.238
-0.377,-2.052
-0.436,-4.073
-0.937,-3.96
-0.982,-4.084
-1.437,-3.787
-1.385,-3.854
-1.633,-4.002
-2.942,-4.207
3.008,-4.237
2.931,-4.224
2.638,-3.945
2.198,-3.936
2.174,-4.189
1.827,-4.132
1.824,-4.127
1.606,-4.301
1.435,-4.314
1.106,-3.786
1.078,-4.128
0.748,-3.966
0.792,-4.185
0.714,-4.173
0.568,-4.261
0.454,-3.944
-0.265,-3.896
-0.21,-3.859
-0.527,0.089
-0.981,0.406
-1.179,0.599
-1.419,0.299
-2.398,0.279
2.861,0.332
2.725,0.374
2.412,0.603
0.681,0.229
0.534,0.354
0.425,0.305
0.114,0.161
0.16,0.618
0.106,0.239
0.166,0.345
0.083,0.262
-0.12,0.275
-0.888,0.015
-0.955,-1.502
0.719,-3.677
0.181,-2.916
2.381,0.313
2.035,0.265
-0.356,-1.761
-0.531,0.008
-0.582,-3.591
-0.531,-1.57
-0.613,-0.987
-0.706,-2.468
-0.703,-2.538
-0.796,-1.552
-0.8,-3.349
-1.121,0.116
-1.186,-3.562
-1.194,-0.258
-1.064,-0.924
-1.157,0.11
-1.185,-1.39
-1.215,-3.01
-1.055,-1.979
-1.055,-2.697
-1.214,-1.119
-1.233,-2.348
-1.234,-1.382
-1.276,-2.892
-1.302,-0.76
-1.4,-2.332
-1.422,-1.271
-1.354,-2.77
-1.395,-2.126
-1.56,-3.015
-1.531,-3.316
-1.755,-3.422
-1.848,-2.141
-1.71,-0.585
-1.883,-1.687
-1.975,-0.307
-1.849,-1.88
-1.983,-2.854
-2.16,-1.377
-2.326,-0.132
-2.487,-0.499
-2.577,-0.265
-2.587,-0.085
-2.668,-1.997
-2.675,-0.529
-2.564,-1.197
-2.724,-2.453
-2.715,-0.803
-2.868,-1.087
-3.043,-3.499
-2.963,-1.821
-2.971,0.192
-3.058,-3.149
3.102,-2.231
3.063,-1.716
3.017,-1.162
3.106,-3.745
2.982,-1.497
2.982,0.112
3.05,-3.75
2.921,-2.223
2.894,-3.754
2.849,-2.667
2.811,-0.247
2.763,-1.03
2.81,-3.322
2.793,-0.795
2.789,-3.593
2.625,-1.576
2.633,-1.086
2.509,-0.188
2.502,-0.427
2.602,-2.431
2.342,-3.377
2.478,-3.664
2.405,-3.56
2.294,-2.383
2.217,-0.483
2.321,-2.773
2.212,-2.205
2.077,-3.295
1.816,-0.632
1.79,-2.204
1.692,-1.538
1.588,-0.945
1.518,-1.275
1.319,-2.391
1.286,-3.695
1.416,-3.46
1.279,-3.308
1.341,-3.587
1.188,-0.134
1.27,-2.552
1.187,-3.487
1.045,-3.264
1.18,-2.099
1.13,-1.542
0.759,-2.239
0.779,-2.03
0.542,-3.713
0.348,-3.653
0.376,-2.192
0.148,-1.99
0.034,-3.43
-0.048,-0.032
-0.051,-1.529
-0.057,-2.219
0.031,-0.906
-0.294,-2.521
-0.203,-2.696
-0.22,-3.265
-0.386,-2.608
-0.383,-4.116
-0.852,-3.852
-1.02,-3.876
-1.053,-4.126
-1.382,-4.22
-1.896,-3.732
-1.925,-3.981
-1.941,-3.945
-2.09,-3.973
-3.094,-3.887
3.137,-4.192
2.775,-4.191
2.857,-3.957
2.437,-3.855
2.203,-3.844
1.133,-3.993
0.055,-3.893
-0.114,-4.175
-0.241,-3.844
-1.501,0.439
-2.693,0.442
-2.666,0.602
-2.871,0.471
-3.056,0.235
2.811,0.467
1.67,0.4
1.55,0.301
1.017,0.365
0.743,0.284
0.445,0.496
-2.346,-3.76
1.28,-2.369
0.746,-1.676
-0.941,-1.622
0.307,-0.09
0.276,-1.16
0.124,-0.894
0.124,-0.465
-1.295,-1.515
-2.512,-1.43
2.706,-1.463
2.369,-1.421
1.488,-1.41
1.193,-4.084
1.282,0.207
-0.066,-2.982
-0.187,-2.966
-0.29,-0.633
-0.319,-3.327
-0.343,-2.141
-0.402,-4.162
-0.903,-4.049
-0.948,-4.173
-1.403,-3.876
-1.351,-3.943
-1.599,-4.091
-2.908,-4.296
3.042,-4.326
2.965,-4.313
2.672,-4.034
2.232,-4.025
2.208,-4.278
1.861,-4.221
1.858,-4.216
1.64,-4.39
1.469,-4.403
1.14,-3.875
1.112,-4.217
0.782,-4.055
0.826,-4.274
0.748,-4.262
0.602,-4.35
0.488,-4.033
-0.231,-3.985
-0.176,-3.948
-0.493,0.0
-0.947,0.317
-1.145,0.51
-1.385,0.21
-2.364,0.19
2.895,0.243
2.759,0.285
2.446,0.514
0.715,0.14
0.568,0.265
0.459,0.216
0.148,0.072
0.194,0.529
0.14,0.15
0.2,0.256
0.117,0.173
-0.086,0.186
-0.854,-0.074
-0.921,-1.591
0.753,-3.766
0.215,-3.005
2.415,0.224
2.069,0.176
-0.322,-1.85
-0.497,-0.081
-0.548,-3.68
-0.497,-1.659
-0.579,-1.076
-0.672,-2.557
-0.669,-2.627
-0.762,-1.641
-0.766,-3.438
-1.087,0.027
-1.152,-3.651
-1.16,-0.347
-1.03,-1.013
-1.123,0.021
-1.151,-1.479
-1.181,-3.099
-1.021,-2.068
-1.021,-2.786
-1.18,-1.208
-1.199,-2.437
-1.2,-1.471
-1.242,-2.981
-1.268,-0.849
-1.366,-2.421
-1.388,-1.36
-1.32,-2.859
-1.361,-2.215
-1.526,-3.104
-1.497,-3.405
-1.721,-3.511
-1.814,-2.23
-1.676,-0.674
-1.849,-1.776
-1.941,-0.396
-1.815,-1.969
-1.949,-2.943
-2.126,-1.466
-2.292,-0.221
-2.453,-0.588
-2.543,-0.354
-2.553,-0.174
-2.634,-2.086
-2.641,-0.618
-2.53,-1.286
-2.69,-2.542
-2.681,-0.892
-2.834,-1.176
-3.009,-3.588
-2.929,-1.91
-2.937,0.103
-3.024,-3.238
3.136,-2.32
3.097,-1.805
3.051,-1.251
3.14,-3.834
3.016,-1.586
3.016,0.023
3.084,-3.839
2.955,-2.312
2.928,-3.843
2.883,-2.756
2.845,-0.336
2.797,-1.119
2.844,-3.411
2.827,-0.884
2.823,-3.682
2.659,-1.665
2.667,-1.175
2.543,-0.277
2.536,-0.516
2.636,-2.52
2.376,-3.466
2.512,-3.753
2.439,-3.649
2.328,-2.472
2.251,-0.572
2.355,-2.862
2.246,-2.294
2.111,-3.384
1.85,-0.721
1.824,-2.293
1.726,-1.627
1.622,-1.034
1.552,-1.364
1.353,-2.48
1.32,-3.784
1.45,-3.549
1.313,-3.397
1.375,-3.676
1.222,-0.223
1.304,-2.641
1.221,-3.576
1.079,-3.353
1.214,-2.188
1.164,-1.631
0.793,-2.328
0.813,-2.119
0.576,-3.802
0.382,-3.742
0.41,-2.281
0.182,-2.079
0.068,-3.519
-0.014,-0.121
-0.017,-1.618
-0.023,-2.308
0.065,-0.995
-0.26,-2.61
-0.169,-2.785
-0.186,-3.354
-0.352,-2.697
-0.349,-4.205
-0.818,-3.941
-0.986,-3.965
-1.019,-4.215
-1.348,-4.309
-1.862,-3.821
-1.891,-4.07
-1.907,-4.034
-2.056,-4.062
-3.06,-3.976
-3.112,-4.281
2.809,-4.28
2.891,-4.046
2.471,-3.944
2.237,-3.933
1.167,-4.082
0.089,-3.982
-0.08,-4.264
-0.207,-3.933
-1.467,0.35
-2.659,0.353
-2.632,0.513
-2.837,0.382
-3.022,0.146
2.845,0.378
1.704,0.311
1.584,0.212
1.051,0.276
0.777,0.195
0.479,0.407
-2.312,-3.849
1.314,-2.458
0.78,-1.765
-0.907,-1.711
0.341,-0.179
0.31,-1.249
0.158,-0.983
0.158,-0.554
-1.261,-1.604
-2.478,-1.519
2.74,-1.552
2.403,-1.51
1.522,-1.499
1.227,-4.173
1.316,0.118
-0.121,0.016
-0.224,2.349
-0.253,-0.345
-0.277,0.841
-0.336,-1.18
-0.837,-1.067
-0.882,-1.191
-1.337,-0.894
-1.285,-0.961
-1.533,-1.109
-2.842,-1.314
3.108,-1.344
3.031,-1.331
2.738,-1.052
2.298,-1.043
2.274,-1.296
1.927,-1.239
1.924,-1.234
1.706,-1.408
1.535,-1.421
1.206,-0.893
1.178,-1.235
0.848,-1.073
0.892,-1.292
0.814,-1.28
0.668,-1.368
0.554,-1.051
-0.165,-1.003
-0.11,-0.966
-0.427,2.982
-0.881,3.299
-1.079,3.492
-1.319,3.192
-2.298,3.172
2.961,3.225
2.825,3.267
2.512,3.496
0.781,3.122
0.634,3.247
0.525,3.198
0.214,3.054
0.26,3.511
0.206,3.132
0.266,3.238
0.183,3.155
-0.02,3.168
-0.788,2.908
-0.855,1.391
0.819,-0.784
0.281,-0.023
2.481,3.206
2.135,3.158
-0.256,1.132
-0.431,2.901
-0.482,-0.698
-0.431,1.323
-0.513,1.906
-0.606,0.425
-0.603,0.355
-0.696,1.341
-0.7,-0.456
-1.021,3.009
-1.086,-0.669
-1.094,2.635
-0.964,1.969
-1.057,3.003
-1.085,1.503
-1.115,-0.117
-0.955,0.914
-0.955,0.196
-1.114,1.774
-1.133,0.545
-1.134,1.511
-1.176,0.001
-1.202,2.133
-1.3,0.561
-1.322,1.622
-1.254,0.123
-1.295,0.767
-1.46,-0.122
-1.431,-0.423
-1.655,-0.529
-1.748,0.752
-1.61,2.308
-1.783,1.206
-1.875,2.586
-1.749,1.013
-1.883,0.039
-2.06,1.516
-2.226,2.761
-2.387,2.394
-2.477,2.628
-2.487,2.808
-2.568,0.896
-2.575,2.364
-2.464,1.696
-2.624,0.44
-2.615,2.09
-2.768,1.806
-2.943,-0.606
-2.863,1.072
-2.871,3.085
-2.958,-0.256
-3.081,0.662
-3.12,1.177
3.117,1.731
-3.077,-0.852
3.082,1.396
3.082,3.005
-3.133,-0.857
3.021,0.67
2.994,-0.861
2.949,0.226
2.911,2.646
2.863,1.863
2.91,-0.429
2.893,2.098
2.889,-0.7
2.725,1.317
2.733,1.807
2.609,2.705
2.602,2.466
2.702,0.462
2.442,-0.484
2.578,-0.771
2.505,-0.667
2.394,0.51
2.317,2.41
2.421,0.12
2.312,0.688
2.177,-0.402
1.916,2.261
1.89,0.689
1.792,1.355
1.688,1.948
1.618,1.618
1.419,0.502
1.386,-0.802
1.516,-0.567
1.379,-0.415
1.441,-0.694
1.288,2.759
1.37,0.341
1.287,-0.594
1.145,-0.371
1.28,0.794
1.23,1.351
0.859,0.654
0.879,0.863
0.642,-0.82
0.448,-0.76
0.476,0.701
0.248,0.903
0.134,-0.537
0.052,2.861
0.049,1.364
0.043,0.674
0.131,1.987
-0.194,0.372
-0.103,0.197
-0.12,-0.372
-0.286,0.285
-0.283,-1.223
-0.752,-0.959
-0.92,-0.983
-0.953,-1.233
-1.282,-1.327
-1.796,-0.839
-1.825,-1.088
-1.841,-1.052
-1.99,-1.08
-2.994,-0.994
-3.046,-1.299
2.875,-1.298
2.957,-1.064
2.537,-0.962
2.303,-0.951
1.233,-1.1
0.155,-1.0
-0.014,-1.282
-0.141,-0.951
-1.401,3.332
-2.593,3.335
-2.566,3.495
-2.771,3.364
-2.956,3.128
2.911,3.36
1.77,3.293
1.65,3.194
1.117,3.258
0.843,3.177
0.545,3.389
-2.246,-0.867
1.38,0.524
0.846,1.217
-0.841,1.271
0.407,2.803
0.376,1.733
0.224,1.999
0.224,2.428
-1.195,1.378
-2.412,1.463
2.806,1.43
2.469,1.472
1.588,1.483
1.293,-1.191
1.382,3.1
-0.103,2.333
-0.132,-0.361
-0.156,0.825
-0.215,-1.196
-0.716,-1.083
-0.761,-1.207
-1.216,-0.91
-1.164,-0.977
-1.412,-1.125
-2.721,-1.33
-3.054,-1.36
-3.131,-1.347
2.859,-1.068
2.419,-1.059
2.395,-1.312
2.048,-1.255
2.045,-1.25
1.827,-1.424
1.656,-1.437
1.327,-0.909
1.299,-1.251
0.969,-1.089
1.013,-1.308
0.935,-1.296
0.789,-1.384
0.675,-1.067
-0.044,-1.019
0.011,-0.982
-0.306,2.966
-0.76,3.283
-0.958,3.476
-1.198,3.176
-2.177,3.156
3.082,3.209
2.946,3.251
2.633,3.48
0.902,3.106
0.755,3.231
0.646,3.182
0.335,3.038
0.381,3.495
0.327,3.116
0.387,3.222
0.304,3.139
0.101,3.152
-0.667,2.892
-0.734,1.375
0.94,-0.8
0.402,-0.039
2.602,3.19
2.256,3.142
-0.135,1.116
-0.31,2.885
-0.361,-0.714
-0.31,1.307
-0.392,1.89
-0.485,0.409
-0.482,0.339
-0.575,1.325
-0.579,-0.472
-0.9,2.993
-0.965,-0.685
-0.973,2.619
-0.843,1.953
-0.936,2.987
-0.964,1.487
-0.994,-0.133
-0.834,0.898
-0.834,0.18
-0.993,1.758
-1.012,0.529
-1.013,1.495
-1.055,-0.015
-1.081,2.117
-1.179,0.545
-1.201,1.606
-1.133,0.107
-1.174,0.751
-1.339,-0.138
-1.31,-0.439
-1.534,-0.545
-1.627,0.736
-1.489,2.292
-1.662,1.19
-1.754,2.57
-1.628,0.997
-1.762,0.023
-1.939,1.5
-2.105,2.745
-2.266,2.378
-2.356,2.612
-2.366,2.792
-2.447,0.88
-2.454,2.348
-2.343,1.68
-2.503,0.424
-2.494,2.074
-2.647,1.79
-2.822,-0.622
-2.742,1.056
-2.75,3.069
-2.837,-0.272
-2.96,0.646
-2.999,1.161
-3.045,1.715
-2.956,-0.868
-3.08,1.38
-3.08,2.989
-3.012,-0.873
-3.141,0.654
3.115,-0.877
3.07,0.21
3.032,2.63
2.984,1.847
3.031,-0.445
3.014,2.082
3.01,-0.716
2.846,1.301
2.854,1.791
2.73,2.689
2.723,2.45
2.823,0.446
2.563,-0.5
2.699,-0.787
2.626,-0.683
2.515,0.494
2.438,2.394
2.542,0.104
2.433,0.672
2.298,-0.418
2.037,2.245
2.011,0.673
1.913,1.339
1.809,1.932
1.739,1.602
1.54,0.486
1.507,-0.818
1.637,-0.583
1.5,-0.431
1.562,-0.71
1.409,2.743
1.491,0.325
1.408,-0.61
1.266,-0.387
1.401,0.778
1.351,1.335
0.98,0.638
1.0,0.847
0.763,-0.836
0.569,-0.776
0.597,0.685
0.369,0.887
0.255,-0.553
0.173,2.845
0.17,1.348
0.164,0.658
0.252,1.971
-0.073,0.356
0.018,0.181
0.001,-0.388
-0.165,0.269
-0.162,-1.239
-0.631,-0.975
-0.799,-0.999
-0.832,-1.249
-1.161,-1.343
-1.675,-0.855
-1.704,-1.104
-1.72,-1.068
-1.869,-1.096
-2.873,-1.01
-2.925,-1.315
2.996,-1.314
3.078,-1.08
2.658,-0.978
2.424,-0.967
1.354,-1.116
0.276,-1.016
0.107,-1.298
-0.02,-0.967
-1.28,3.316
-2.472,3.319
-2.445,3.479
-2.65,3.348
-2.835,3.112
3.032,3.344
1.891,3.277
1.771,3.178
1.238,3.242
0.964,3.161
0.666,3.373
-2.125,-0.883
1.501,0.508
0.967,1.201
-0.72,1.255
0.528,2.787
0.497,1.717
0.345,1.983
0.345,2.412
-1.074,1.362
-2.291,1.447
2.927,1.414
2.59,1.456
1.709,1.467
1.414,-1.207
1.503,3.084
-0.029,-2.694
-0.053,-1.508
-0.112,-3.529
-0.613,-3.416
-0.658,-3.54
-1.113,-3.243
-1.061,-3.31
-1.309,-3.458
-2.618,-3.663
-2.951,-3.693
-3.028,-3.68
2.962,-3.401
2.522,-3.392
2.498,-3.645
2.151,-3.588
2.148,-3.583
1.93,-3.757
1.759,-3.77
1.43,-3.242
1.402,-3.584
1.072,-3.422
1.116,-3.641
1.038,-3.629
0.892,-3.717
0.778,-3.4
0.059,-3.352
0.114,-3.315
-0.203,0.633
-0.657,0.95
-0.855,1.143
-1.095,0.843
-2.074,0.823
-3.098,0.876
3.049,0.918
2.736,1.147
1.005,0.773
0.858,0.898
0.749,0.849
0.438,0.705
0.484,1.162
0.43,0.783
0.49,0.889
0.407,0.806
0.204,0.819
-0.564,0.559
-0.631,-0.958
1.043,-3.133
0.505,-2.372
2.705,0.857
2.359,0.809
-0.032,-1.217
-0.207,0.552
-0.258,-3.047
-0.207,-1.026
-0.289,-0.443
-0.382,-1.924
-0.379,-1.994
-0.472,-1.008
-0.476,-2.805
-0.797,0.66
-0.862,-3.018
-0.87,0.286
-0.74,-0.38
-0.833,0.654
-0.861,-0.846
-0.891,-2.466
-0.731,-1.435
-0.731,-2.153
-0.89,-0.575
-0.909,-1.804
-0.91,-0.838
-0.952,-2.348
-0.978,-0.216
-1.076,-1.788
-1.098,-0.727
-1.03,-2.226
-1.071,-1.582
-1.236,-2.471
-1.207,-2.772
-1.431,-2.878
-1.524,-1.597
-1.386,-0.041
-1.559,-1.143
-1.651,0.237
-1.525,-1.336
-1.659,-2.31
-1.836,-0.833
-2.002,0.412
-2.163,0.045
-2.253,0.279
-2.263,0.459
-2.344,-1.453
-2.351,0.015
-2.24,-0.653
-2.4,-1.909
-2.391,-0.259
-2.544,-0.543
-2.719,-2.955
-2.639,-1.277
-2.647,0.736
-2.734,-2.605
-2.857,-1.687
-2.896,-1.172
-2.942,-0.618
-2.853,-3.201
-2.977,-0.953
-2.977,0.656
-2.909,-3.206
-3.038,-1.679
-3.065,-3.21
-3.11,-2.123
3.135,0.297
3.087,-0.486
3.134,-2.778
3.117,-0.251
3.113,-3.049
2.949,-1.032
2.957,-0.542
2.833,0.356
2.826,0.117
2.926,-1.887
2.666,-2.833
2.802,-3.12
2.729,-3.016
2.618,-1.839
2.541,0.061
2.645,-2.229
2.536,-1.661
2.401,-2.751
2.14,-0.088
2.114,-1.66
2.016,-0.994
1.912,-0.401
1.842,-0.731
1.643,-1.847
1.61,-3.151
1.74,-2.916
1.603,-2.764
1.665,-3.043
1.512,0.41
1.594,-2.008
1.511,-2.943
1.369,-2.72
1.504,-1.555
1.454,-0.998
1.083,-1.695
1.103,-1.486
0.866,-3.169
0.672,-3.109
0.7,-1.648
0.472,-1.446
0.358,-2.886
0.276,0.512
0.273,-0.985
0.267,-1.675
0.355,-0.362
0.03,-1.977
0.121,-2.152
0.104,-2.721
-0.062,-2.064
-0.059,-3.572
-0.528,-3.308
-0.696,-3.332
-0.729,-3.582
-1.058,-3.676
-1.572,-3.188
-1.601,-3.437
-1.617,-3.401
-1.766,-3.429
-2.77,-3.343
-2.822,-3.648
3.099,-3.647
-3.102,-3.413
2.761,-3.311
2.527,-3.3
1.457,-3.449
0.379,-3.349
0.21,-3.631
0.083,-3.3
-1.177,0.983
-2.369,0.986
-2.342,1.146
-2.547,1.015
-2.732,0.779
3.135,1.011
1.994,0.944
1.874,0.845
1.341,0.909
1.067,0.828
0.769,1.04
-2.022,-3.216
1.604,-1.825
1.07,-1.132
-0.617,-1.078
0.631,0.454
0.6,-0.616
0.448,-0.35
0.448,0.079
-0.971,-0.971
-2.188,-0.886
3.03,-0.919
2.693,-0.877
1.812,-0.866
1.517,-3.54
1.606,0.751
-0.024,1.186
-0.083,-0.835
-0.584,-0.722
-0.629,-0.846
-1.084,-0.549
-1.032,-0.616
-1.28,-0.764
-2.589,-0.969
-2.922,-0.999
-2.999,-0.986
2.991,-0.707
2.551,-0.698
2.527,-0.951
2.18,-0.894
2.177,-0.889
1.959,-1.063
1.788,-1.076
1.459,-0.548
1.431,-0.89
1.101,-0.728
1.145,-0.947
1.067,-0.935
0.921,-1.023
0.807,-0.706
0.088,-0.658
0.143,-0.621
-0.174,3.327
-0.628,3.644
-0.826,3.837
-1.066,3.537
-2.045,3.517
-3.069,3.57
3.078,3.612
2.765,3.841
1.034,3.467
0.887,3.592
0.778,3.543
0.467,3.399
0.513,3.856
0.459,3.477
0.519,3.583
0.436,3.5
0.233,3.513
-0.535,3.253
-0.602,1.736
1.072,-0.439
0.534,0.322
2.734,3.551
2.388,3.503
-0.003,1.477
-0.178,3.246
-0.229,-0.353
-0.178,1.668
-0.26,2.251
-0.353,0.77
-0.35,0.7
-0.443,1.686
-0.447,-0.111
-0.768,3.354
-0.833,-0.324
-0.841,2.98
-0.711,2.314
-0.804,3.348
-0.832,1.848
-0.862,0.228
-0.702,1.259
-0.702,0.541
-0.861,2.119
-0.88,0.89
-0.881,1.856
-0.923,0.346
-0.949,2.478
-1.047,0.906
-1.069,1.967
-1.001,0.468
-1.042,1.112
-1.207,0.223
-1.178,-0.078
-1.402,-0.184
-1.495,1.097
-1.357,2.653
-1.53,1.551
-1.622,2.931
-1.496,1.358
-1.63,0.384
-1.807,1.861
-1.973,3.106
-2.134,2.739
-2.224,2.973
-2.234,3.153
-2.315,1.241
-2.322,2.709
-2.211,2.041
-2.371,0.785
-2.362,2.435
-2.515,2.151
-2.69,-0.261
-2.61,1.417
-2.618,3.43
-2.705,0.089
-2.828,1.007
-2.867,1.522
-2.913,2.076
-2.824,-0.507
-2.948,1.741
-2.948,3.35
-2.88,-0.512
-3.009,1.015
-3.036,-0.516
-3.081,0.571
-3.119,2.991
3.116,2.208
-3.12,-0.084
-3.137,2.443
-3.141,-0.355
2.978,1.662
2.986,2.152
2.862,3.05
2.855,2.811
2.955,0.807
2.695,-0.139
2.831,-0.426
2.758,-0.322
2.647,0.855
2.57,2.755
2.674,0.465
2.565,1.033
2.43,-0.057
2.169,2.606
2.143,1.034
2.045,1.7
1.941,2.293
1.871,1.963
1.672,0.847
1.639,-0.457
1.769,-0.222
1.632,-0.07
1.694,-0.349
1.541,3.104
1.623,0.686
1.54,-0.249
1.398,-0.026
1.533,1.139
1.483,1.696
1.112,0.999
1.132,1.208
0.895,-0.475
0.701,-0.415
0.729,1.046
0.501,1.248
0.387,-0.192
0.305,3.206
0.302,1.709
0.296,1.019
0.384,2.332
0.059,0.717
0.15,0.542
0.133,-0.027
-0.033,0.63
-0.03,-0.878
-0.499,-0.614
-0.667,-0.638
-0.7,-0.888
-1.029,-0.982
-1.543,-0.494
-1.572,-0.743
-1.588,-0.707
-1.737,-0.735
-2.741,-0.649
-2.793,-0.954
3.128,-0.953
-3.073,-0.719
2.79,-0.617
2.556,-0.606
1.486,-0.755
0.408,-0.655
0.239,-0.937
0.112,-0.606
-1.148,3.677
-2.34,3.68
-2.313,3.84
-2.518,3.709
-2.703,3.473
-3.119,3.705
2.023,3.638
1.903,3.539
1.37,3.603
1.096,3.522
0.798,3.734
-1.993,-0.522
1.633,0.869
1.099,1.562
-0.588,1.616
0.66,3.148
0.629,2.078
0.477,2.344
0.477,2.773
-0.942,1.723
-2.159,1.808
3.059,1.775
2.722,1.817
1.841,1.828
1.546,-0.846
1.635,3.445
-0.059,-2.021
-0.56,-1.908
-0.605,-2.032
-1.06,-1.735
-1.008,-1.802
-1.256,-1.95
-2.565,-2.155
-2.898,-2.185
-2.975,-2.172
3.015,-1.893
2.575,-1.884
2.551,-2.137
2.204,-2.08
2.201,-2.075
1.983,-2.249
1.812,-2.262
1.483,-1.734
1.455,-2.076
1.125,-1.914
1.169,-2.133
1.091,-2.121
0.945,-2.209
0.831,-1.892
0.112,-1.844
0.167,-1.807
-0.15,2.141
-0.604,2.458
-0.802,2.651
-1.042,2.351
-2.021,2.331
-3.045,2.384
3.102,2.426
2.789,2.655
1.058,2.281
0.911,2.406
0.802,2.357
0.491,2.213
0.537,2.67
0.483,2.291
0.543,2.397
0.46,2.314
0.257,2.327
-0.511,2.067
-0.578,0.55
1.096,-1.625
0.558,-0.864
2.758,2.365
2.412,2.317
0.021,0.291
-0.154,2.06
-0.205,-1.539
-0.154,0.482
-0.236,1.065
-0.329,-0.416
-0.326,-0.486
-0.419,0.5
-0.423,-1.297
-0.744,2.168
-0.809,-1.51
-0.817,1.794
-0.687,1.128
-0.78,2.162
-0.808,0.662
-0.838,-0.958
-0.678,0.073
-0.678,-0.645
-0.837,0.933
-0.856,-0.296
-0.857,0.67
-0.899,-0.84
-0.925,1.292
-1.023,-0.28
-1.045,0.781
-0.977,-0.718
-1.018,-0.074
-1.183,-0.963
-1.154,-1.264
-1.378,-1.37
-1.471,-0.089
-1.333,1.467
-1.506,0.365
-1.598,1.745
-1.472,0.172
-1.606,-0.802
-1.783,0.675
-1.949,1.92
-2.11,1.553
-2.2,1.787
-2.21,1.967
-2.291,0.055
-2.298,1.523
-2.187,0.855
-2.347,-0.401
-2.338,1.249
-2.491,0.965
-2.666,-1.447
-2.586,0.231
-2.594,2.244
-2.681,-1.097
-2.804,-0.179
-2.843,0.336
-2.889,0.89
-2.8,-1.693
-2.924,0.555
-2.924,2.164
-2.856,-1.698
-2.985,-0.171
-3.012,-1.702
-3.057,-0.615
-3.095,1.805
3.14,1.022
-3.096,-1.27
-3.113,1.257
-3.117,-1.541
3.002,0.476
3.01,0.966
2.886,1.864
2.879,1.625
2.979,-0.379
2.719,-1.325
2.855,-1.612
2.782,-1.508
2.671,-0.331
2.594,1.569
2.698,-0.721
2.589,-0.153
2.454,-1.243
2.193,1.42
2.167,-0.152
2.069,0.514
1.965,1.107
1.895,0.777
1.696,-0.339
1.663,-1.643
1.793,-1.408
1.656,-1.256
1.718,-1.535
1.565,1.918
1.647,-0.5
1.564,-1.435
1.422,-1.212
1.557,-0.047
1.507,0.51
1.136,-0.187
1.156,0.022
0.919,-1.661
0.725,-1.601
0.753,-0.14
0.525,0.062
0.411,-1.378
0.329,2.02
0.326,0.523
0.32,-0.167
0.408,1.146
0.083,-0.469
0.174,-0.644
0.157,-1.213
-0.009,-0.556
-0.006,-2.064
-0.475,-1.8
-0.643,-1.824
-0.676,-2.074
-1.005,-2.168
-1.519,-1.68
-1.548,-1.929
-1.564,-1.893
-1.713,-1.921
-2.717,-1.835
-2.769,-2.14
-3.131,-2.139
-3.049,-1.905
2.814,-1.803
2.58,-1.792
1.51,-1.941
0.432,-1.841
0.263,-2.123
0.136,-1.792
-1.124,2.491
-2.316,2.494
-2.289,2.654
-2.494,2.523
-2.679,2.287
-3.095,2.519
2.047,2.452
1.927,2.353
1.394,2.417
1.12,2.336
0.822,2.548
-1.969,-1.708
1.657,-0.317
1.123,0.376
-0.564,0.43
0.684,1.962
0.653,0.892
0.501,1.158
0.501,1.587
-0.918,0.537
-2.135,0.622
3.083,0.589
2.746,0.631
1.865,0.642
1.57,-2.032
1.659,2.259
-0.501,0.113
-0.546,-0.011
-1.001,0.286
-0.949,0.219
-1.197,0.071
-2.506,-0.134
-2.839,-0.164
-2.916,-0.151
3.074,0.128
2.634,0.137
2.61,-0.116
2.263,-0.059
2.26,-0.054
2.042,-0.228
1.871,-0.241
1.542,0.287
1.514,-0.055
1.184,0.107
1.228,-0.112
1.15,-0.1
1.004,-0.188
0.89,0.129
0.171,0.177
0.226,0.214
-0.091,4.162
-0.545,4.479
-0.743,4.672
-0.983,4.372
-1.962,4.352
-2.986,4.405
-3.122,4.447
2.848,4.676
1.117,4.302
0.97,4.427
0.861,4.378
0.55,4.234
0.596,4.691
0.542,4.312
0.602,4.418
0.519,4.335
0.316,4.348
-0.452,4.088
-0.519,2.571
1.155,0.396
0.617,1.157
2.817,4.386
2.471,4.338
0.08,2.312
-0.095,4.081
-0.146,0.482
-0.095,2.503
-0.177,3.086
-0.27,1.605
-0.267,1.535
-0.36,2.521
-0.364,0.724
-0.685,4.189
-0.75,0.511
-0.758,3.815
-0.628,3.149
-0.721,4.183
-0.749,2.683
-0.779,1.063
-0.619,2.094
-0.619,1.376
-0.778,2.954
-0.797,1.725
-0.798,2.691
-0.84,1.181
-0.866,3.313
-0.964,1.741
-0.986,2.802
-0.918,1.303
-0.959,1.947
-1.124,1.058
-1.095,0.757
-1.319,0.651
-1.412,1.932
-1.274,3.488
-1.447,2.386
-1.539,3.766
-1.413,2.193
-1.547,1.219
-1.724,2.696
-1.89,3.941
-2.051,3.574
-2.141,3.808
-2.151,3.988
-2.232,2.076
-2.239,3.544
-2.128,2.876
-2.288,1.62
-2.279,3.27
-2.432,2.986
-2.607,0.574
-2.527,2.252
-2.535,4.265
-2.622,0.924
-2.745,1.842
-2.784,2.357
-2.83,2.911
-2.741,0.328
-2.865,2.576
-2.865,4.185
-2.797,0.323
-2.926,1.85
-2.953,0.319
-2.998,1.406
-3.036,3.826
-3.084,3.043
-3.037,0.751
-3.054,3.278
-3.058,0.48
3.061,2.497
3.069,2.987
2.945,3.885
2.938,3.646
3.038,1.642
2.778,0.696
2.914,0.409
2.841,0.513
2.73,1.69
2.653,3.59
2.757,1.3
2.648,1.868
2.513,0.778
2.252,3.441
2.226,1.869
2.128,2.535
2.024,3.128
1.954,2.798
1.755,1.682
1.722,0.378
1.852,0.613
1.715,0.765
1.777,0.486
1.624,3.939
1.706,1.521
1.623,0.586
1.481,0.809
1.616,1.974
1.566,2.531
1.195,1.834
1.215,2.043
0.978,0.36
0.784,0.42
0.812,1.881
0.584,2.083
0.47,0.643
0.388,4.041
0.385,2.544
0.379,1.854
0.467,3.167
0.142,1.552
0.233,1.377
0.216,0.808
0.05,1.465
0.053,-0.043
-0.416,0.221
-0.584,0.197
-0.617,-0.053
-0.946,-0.147
-1.46,0.341
-1.489,0.092
-1.505,0.128
-1.654,0.1
-2.658,0.186
-2.71,-0.119
-3.072,-0.118
-2.99,0.116
2.873,0.218
2.639,0.229
1.569,0.08
0.491,0.18
0.322,-0.102
0.195,0.229
-1.065,4.512
-2.257,4.515
-2.23,4.675
-2.435,4.544
-2.62,4.308
-3.036,4.54
2.106,4.473
1.986,4.374
1.453,4.438
1.179,4.357
0.881,4.569
-1.91,0.313
1.716,1.704
1.182,2.397
-0.505,2.451
0.743,3.983
0.712,2.913
0.56,3.179
0.56,3.608
-0.859,2.558
-2.076,2.643
-3.141,2.61
2.805,2.652
1.924,2.663
1.629,-0.011
1.718,4.28
-0.045,-0.124
-0.5,0.173
-0.448,0.106
-0.696,-0.042
-2.005,-0.247
-2.338,-0.277
-2.415,-0.264
-2.708,0.015
3.135,0.024
3.111,-0.229
2.764,-0.172
2.761,-0.167
2.543,-0.341
2.372,-0.354
2.043,0.174
2.015,-0.168
1.685,-0.006
1.729,-0.225
1.651,-0.213
1.505,-0.301
1.391,0.016
0.672,0.064
0.727,0.101
0.41,4.049
-0.044,4.366
-0.242,4.559
-0.482,4.259
-1.461,4.239
-2.485,4.292
-2.621,4.334
-2.934,4.563
1.618,4.189
1.471,4.314
1.362,4.265
1.051,4.121
1.097,4.578
1.043,4.199
1.103,4.305
1.02,4.222
0.817,4.235
0.049,3.975
-0.018,2.458
1.656,0.283
1.118,1.044
-2.965,4.273
2.972,4.225
0.581,2.199
0.406,3.968
0.355,0.369
0.406,2.39
0.324,2.973
0.231,1.492
0.234,1.422
0.141,2.408
0.137,0.611
-0.184,4.076
-0.249,0.398
-0.257,3.702
-0.127,3.036
-0.22,4.07
-0.248,2.57
-0.278,0.95
-0.118,1.981
-0.118,1.263
-0.277,2.841
-0.296,1.612
-0.297,2.578
-0.339,1.068
-0.365,3.2
-0.463,1.628
-0.485,2.689
-0.417,1.19
-0.458,1.834
-0.623,0.945
-0.594,0.644
-0.818,0.538
-0.911,1.819
-0.773,3.375
-0.946,2.273
-1.038,3.653
-0.912,2.08
-1.046,1.106
-1.223,2.583
-1.389,3.828
-1.55,3.461
-1.64,3.695
-1.65,3.875
-1.731,1.963
-1.738,3.431
-1.627,2.763
-1.787,1.507
-1.778,3.157
-1.931,2.873
-2.106,0.461
-2.026,2.139
-2.034,4.152
-2.121,0.811
-2.244,1.729
-2.283,2.244
-2.329,2.798
-2.24,0.215
-2.364,2.463
-2.364,4.072
-2.296,0.21
-2.425,1.737
-2.452,0.206
-2.497,1.293
-2.535,3.713
-2.583,2.93
-2.536,0.638
-2.553,3.165
-2.557,0.367
-2.721,2.384
-2.713,2.874
-2.837,3.772
-2.844,3.533
-2.744,1.529
-3.004,0.583
-2.868,0.296
-2.941,0.4
-3.052,1.577
-3.129,3.477
-3.025,1.187
-3.134,1.755
3.014,0.665
2.753,3.328
2.727,1.756
2.629,2.422
2.525,3.015
2.455,2.685
2.256,1.569
2.223,0.265
2.353,0.5
2.216,0.652
2.278,0.373
2.125,3.826
2.207,1.408
2.124,0.473
1.982,0.696
2.117,1.861
2.067,2.418
1.696,1.721
1.716,1.93
1.479,0.247
1.285,0.307
1.313,1.768
1.085,1.97
0.971,0.53
0.889,3.928
0.886,2.431
0.88,1.741
0.968,3.054
0.643,1.439
0.734,1.264
0.717,0.695
0.551,1.352
0.554,-0.156
0.085,0.108
-0.083,0.084
-0.116,-0.166
-0.445,-0.26
-0.959,0.228
-0.988,-0.021
-1.004,0.015
-1.153,-0.013
-2.157,0.073
-2.209,-0.232
-2.571,-0.231
-2.489,0.003
-2.909,0.105
3.14,0.116
2.07,-0.033
0.992,0.067
0.823,-0.215
0.696,0.116
-0.564,4.399
-1.756,4.402
-1.729,4.562
-1.934,4.431
-2.119,4.195
-2.535,4.427
2.607,4.36
2.487,4.261
1.954,4.325
1.68,4.244
1.382,4.456
-1.409,0.2
2.217,1.591
1.683,2.284
-0.004,2.338
1.244,3.87
1.213,2.8
1.061,3.066
1.061,3.495
-0.358,2.445
-1.575,2.53
-2.64,2.497
-2.977,2.539
2.425,2.55
2.13,-0.124
2.219,4.167
-0.455,0.297
-0.403,0.23
-0.651,0.082
-1.96,-0.123
-2.293,-0.153
-2.37,-0.14
-2.663,0.139
-3.103,0.148
-3.127,-0.105
2.809,-0.048
2.806,-0.043
2.588,-0.217
2.417,-0.23
2.088,0.298
2.06,-0.044
1.73,0.118
1.774,-0.101
1.696,-0.089
1.55,-0.177
1.436,0.14
0.717,0.188
0.772,0.225
0.455,4.173
0.001,4.49
-0.197,4.683
-0.437,4.383
-1.416,4.363
-2.44,4.416
-2.576,4.458
-2.889,4.687
1.663,4.313
1.516,4.438
1.407,4.389
1.096,4.245
1.142,4.702
1.088,4.323
1.148,4.429
1.065,4.346
0.862,4.359
0.094,4.099
0.027,2.582
1.701,0.407
1.163,1.168
-2.92,4.397
3.017,4.349
0.626,2.323
0.451,4.092
0.4,0.493
0.451,2.514
0.369,3.097
0.276,1.616
0.279,1.546
0.186,2.532
0.182,0.735
-0.139,4.2
-0.204,0.522
-0.212,3.826
-0.082,3.16
-0.175,4.194
-0.203,2.694
-0.233,1.074
-0.073,2.105
-0.073,1.387
-0.232,2.965
-0.251,1.736
-0.252,2.702
-0.294,1.192
-0.32,3.324
-0.418,1.752
-0.44,2.813
-0.372,1.314
-0.413,1.958
-0.578,1.069
-0.549,0.768
-0.773,0.662
-0.866,1.943
-0.728,3.499
-0.901,2.397
-0.993,3.777
-0.867,2.204
-1.001,1.23
-1.178,2.707
-1.344,3.952
-1.505,3.585
-1.595,3.819
-1.605,3.999
-1.686,2.087
-1.693,3.555
-1.582,2.887
-1.742,1.631
-1.733,3.281
-1.886,2.997
-2.061,0.585
-1.981,2.263
-1.989,4.276
-2.076,0.935
-2.199,1.853
-2.238,2.368
-2.284,2.922
-2.195,0.339
-2.319,2.587
-2.319,4.196
-2.251,0.334
-2.38,1.861
-2.407,0.33
-2.452,1.417
-2.49,3.837
-2.538,3.054
-2.491,0.762
-2.508,3.289
-2.512,0.491
-2.676,2.508
-2.668,2.998
-2.792,3.896
-2.799,3.657
-2.699,1.653
-2.959,0.707
-2.823,0.42
-2.896,0.524
-3.007,1.701
-3.084,3.601
-2.98,1.311
-3.089,1.879
3.059,0.789
2.798,3.452
2.772,1.88
2.674,2.546
2.57,3.139
2.5,2.809
2.301,1.693
2.268,0.389
2.398,0.624
2.261,0.776
2.323,0.497
2.17,3.95
2.252,1.532
2.169,0.597
2.027,0.82
2.162,1.985
2.112,2.542
1.741,1.845
1.761,2.054
1.524,0.371
1.33,0.431
1.358,1.892
1.13,2.094
1.016,0.654
0.934,4.052
0.931,2.555
0.925,1.865
1.013,3.178
0.688,1.563
0.779,1.388
0.762,0.819
0.596,1.476
0.599,-0.032
0.13,0.232
-0.038,0.208
-0.071,-0.042
-0.4,-0.136
-0.914,0.352
-0.943,0.103
-0.959,0.139
-1.108,0.111
-2.112,0.197
-2.164,-0.108
-2.526,-0.107
-2.444,0.127
-2.864,0.229
-3.098,0.24
2.115,0.091
1.037,0.191
0.868,-0.091
0.741,0.24
-0.519,4.523
-1.711,4.526
-1.684,4.686
-1.889,4.555
-2.074,4.319
-2.49,4.551
2.652,4.484
2.532,4.385
1.999,4.449
1.725,4.368
1.427,4.58
-1.364,0.324
2.262,1.715
1.728,2.408
0.041,2.462
1.289,3.994
1.258,2.924
1.106,3.19
1.106,3.619
-0.313,2.569
-1.53,2.654
-2.595,2.621
-2.932,2.663
2.47,2.674
2.175,0.0
2.264,4.291
0.052,-0.067
-0.196,-0.215
-1.505,-0.42
-1.838,-0.45
-1.915,-0.437
-2.208,-0.158
-2.648,-0.149
-2.672,-0.402
-3.019,-0.345
-3.022,-0.34
3.043,-0.514
2.872,-0.527
2.543,0.001
2.515,-0.341
2.185,-0.179
2.229,-0.398
2.151,-0.386
2.005,-0.474
1.891,-0.157
1.172,-0.109
1.227,-0.072
0.91,3.876
0.456,4.193
0.258,4.386
0.018,4.086
-0.961,4.066
-1.985,4.119
-2.121,4.161
-2.434,4.39
2.118,4.016
1.971,4.141
1.862,4.092
1.551,3.948
1.597,4.405
1.543,4.026
1.603,4.132
1.52,4.049
1.317,4.062
0.549,3.802
0.482,2.285
2.156,0.11
1.618,0.871
-2.465,4.1
-2.811,4.052
1.081,2.026
0.906,3.795
0.855,0.196
0.906,2.217
0.824,2.8
0.731,1.319
0.734,1.249
0.641,2.235
0.637,0.438
0.316,3.903
0.251,0.225
0.243,3.529
0.373,2.863
0.28,3.897
0.252,2.397
0.222,0.777
0.382,1.808
0.382,1.09
0.223,2.668
0.204,1.439
0.203,2.405
0.161,0.895
0.135,3.027
0.037,1.455
0.015,2.516
0.083,1.017
0.042,1.661
-0.123,0.772
-0.094,0.471
-0.318,0.365
-0.411,1.646
-0.273,3.202
-0.446,2.1
-0.538,3.48
-0.412,1.907
-0.546,0.933
-0.723,2.41
-0.889,3.655
-1.05,3.288
-1.14,3.522
-1.15,3.702
-1.231,1.79
-1.238,3.258
-1.127,2.59
-1.287,1.334
-1.278,2.984
-1.431,2.7
-1.606,0.288
-1.526,1.966
-1.534,3.979
-1.621,0.638
-1.744,1.556
-1.783,2.071
-1.829,2.625
-1.74,0.042
-1.864,2.29
-1.864,3.899
-1.796,0.037
-1.925,1.564
-1.952,0.033
-1.997,1.12
-2.035,3.54
-2.083,2.757
-2.036,0.465
-2.053,2.992
-2.057,0.194
-2.221,2.211
-2.213,2.701
-2.337,3.599
-2.344,3.36
-2.244,1.356
-2.504,0.41
-2.368,0.123
-2.441,0.227
-2.552,1.404
-2.629,3.304
-2.525,1.014
-2.634,1.582
-2.769,0.492
-3.03,3.155
-3.056,1.583
3.129,2.249
3.025,2.842
2.955,2.512
2.756,1.396
2.723,0.092
2.853,0.327
2.716,0.479
2.778,0.2
2.625,3.653
2.707,1.235
2.624,0.3
2.482,0.523
2.617,1.688
2.567,2.245
2.196,1.548
2.216,1.757
1.979,0.074
1.785,0.134
1.813,1.595
1.585,1.797
1.471,0.357
1.389,3.755
1.386,2.258
1.38,1.568
1.468,2.881
1.143,1.266
1.234,1.091
1.217,0.522
1.051,1.179
1.054,-0.329
0.585,-0.065
0.417,-0.089
0.384,-0.339
0.055,-0.433
-0.459,0.055
-0.488,-0.194
-0.504,-0.158
-0.653,-0.186
-1.657,-0.1
-1.709,-0.405
-2.071,-0.404
-1.989,-0.17
-2.409,-0.068
-2.643,-0.057
2.57,-0.206
1.492,-0.106
1.323,-0.388
1.196,-0.057
-0.064,4.226
-1.256,4.229
-1.229,4.389
-1.434,4.258
-1.619,4.022
-2.035,4.254
3.107,4.187
2.987,4.088
2.454,4.152
2.18,4.071
1.882,4.283
-0.909,0.027
2.717,1.418
2.183,2.111
0.496,2.165
1.744,3.697
1.713,2.627
1.561,2.893
1.561,3.322
0.142,2.272
-1.075,2.357
-2.14,2.324
-2.477,2.366
2.925,2.377
2.63,-0.297
2.719,3.994
-0.248,-0.148
-1.557,-0.353
-1.89,-0.383
-1.967,-0.37
-2.26,-0.091
-2.7,-0.082
-2.724,-0.335
-3.071,-0.278
-3.074,-0.273
2.991,-0.447
2.82,-0.46
2.491,0.068
2.463,-0.274
2.133,-0.112
2.177,-0.331
2.099,-0.319
1.953,-0.407
1.839,-0.09
1.12,-0.042
1.175,-0.005
0.858,3.943
0.404,4.26
0.206,4.453
-0.034,4.153
-1.013,4.133
-2.037,4.186
-2.173,4.228
-2.486,4.457
2.066,4.083
1.919,4.208
1.81,4.159
1.499,4.015
1.545,4.472
1.491,4.093
1.551,4.199
1.468,4.116
1.265,4.129
0.497,3.869
0.43,2.352
2.104,0.177
1.566,0.938
-2.517,4.167
-2.863,4.119
1.029,2.093
0.854,3.862
0.803,0.263
0.854,2.284
0.772,2.867
0.679,1.386
0.682,1.316
0.589,2.302
0.585,0.505
0.264,3.97
0.199,0.292
0.191,3.596
0.321,2.93
0.228,3.964
0.2,2.464
0.17,0.844
0.33,1.875
0.33,1.157
0.171,2.735
0.152,1.506
0.151,2.472
0.109,0.962
0.083,3.094
-0.015,1.522
-0.037,2.583
0.031,1.084
-0.01,1.728
-0.175,0.839
-0.146,0.538
-0.37,0.432
-0.463,1.713
-0.325,3.269
-0.498,2.167
-0.59,3.547
-0.464,1.974
-0.598,1.0
-0.775,2.477
-0.941,3.722
-1.102,3.355
-1.192,3.589
-1.202,3.769
-1.283,1.857
-1.29,3.325
-1.179,2.657
-1.339,1.401
-1.33,3.051
-1.483,2.767
-1.658,0.355
-1.578,2.033
-1.586,4.046
-1.673,0.705
-1.796,1.623
-1.835,2.138
-1.881,2.692
-1.792,0.109
-1.916,2.357
-1.916,3.966
-1.848,0.104
-1.977,1.631
-2.004,0.1
-2.049,1.187
-2.087,3.607
-2.135,2.824
-2.088,0.532
-2.105,3.059
-2.109,0.261
-2.273,2.278
-2.265,2.768
-2.389,3.666
-2.396,3.427
-2.296,1.423
-2.556,0.477
-2.42,0.19
-2.493,0.294
-2.604,1.471
-2.681,3.371
-2.577,1.081
-2.686,1.649
-2.821,0.559
-3.082,3.222
-3.108,1.65
3.077,2.316
2.973,2.909
2.903,2.579
2.704,1.463
2.671,0.159
2.801,0.394
2.664,0.546
2.726,0.267
2.573,3.72
2.655,1.302
2.572,0.367
2.43,0.59
2.565,1.755
2.515,2.312
2.144,1.615
2.164,1.824
1.927,0.141
1.733,0.201
1.761,1.662
1.533,1.864
1.419,0.424
1.337,3.822
1.334,2.325
1.328,1.635
1.416,2.948
1.091,1.333
1.182,1.158
1.165,0.589
0.999,1.246
1.002,-0.262
0.533,0.002
0.365,-0.022
0.332,-0.272
0.003,-0.366
-0.511,0.122
-0.54,-0.127
-0.556,-0.091
-0.705,-0.119
-1.709,-0.033
-1.761,-0.338
-2.123,-0.337
-2.041,-0.103
-2.461,-0.001
-2.695,0.01
2.518,-0.139
1.44,-0.039
1.271,-0.321
1.144,0.01
-0.116,4.293
-1.308,4.296
-1.281,4.456
-1.486,4.325
-1.671,4.089
-2.087,4.321
3.055,4.254
2.935,4.155
2.402,4.219
2.128,4.138
1.83,4.35
-0.961,0.094
2.665,1.485
2.131,2.178
0.444,2.232
1.692,3.764
1.661,2.694
1.509,2.96
1.509,3.389
0.09,2.339
-1.127,2.424
-2.192,2.391
-2.529,2.433
2.873,2.444
2.578,-0.23
2.667,4.061
-1.309,-0.205
-1.642,-0.235
-1.719,-0.222
-2.012,0.057
-2.452,0.066
-2.476,-0.187
-2.823,-0.13
-2.826,-0.125
-3.044,-0.299
3.068,-0.312
2.739,0.216
2.711,-0.126
2.381,0.036
2.425,-0.183
2.347,-0.171
2.201,-0.259
2.087,0.058
1.368,0.106
1.423,0.143
1.106,4.091
0.652,4.408
0.454,4.601
0.214,4.301
-0.765,4.281
-1.789,4.334
-1.925,4.376
-2.238,4.605
2.314,4.231
2.167,4.356
2.058,4.307
1.747,4.163
1.793,4.62
1.739,4.241
1.799,4.347
1.716,4.264
1.513,4.277
0.745,4.017
0.678,2.5
2.352,0.325
1.814,1.086
-2.269,4.315
-2.615,4.267
1.277,2.241
1.102,4.01
1.051,0.411
1.102,2.432
1.02,3.015
0.927,1.534
0.93,1.464
0.837,2.45
0.833,0.653
0.512,4.118
0.447,0.44
0.439,3.744
0.569,3.078
0.476,4.112
0.448,2.612
0.418,0.992
0.578,2.023
0.578,1.305
0.419,2.883
0.4,1.654
0.399,2.62
0.357,1.11
0.331,3.242
0.233,1.67
0.211,2.731
0.279,1.232
0.238,1.876
0.073,0.987
0.102,0.686
-0.122,0.58
-0.215,1.861
-0.077,3.417
-0.25,2.315
-0.342,3.695
-0.216,2.122
-0.35,1.148
-0.527,2.625
-0.693,3.87
-0.854,3.503
-0.944,3.737
-0.954,3.917
-1.035,2.005
-1.042,3.473
-0.931,2.805
-1.091,1.549
-1.082,3.199
-1.235,2.915
-1.41,0.503
-1.33,2.181
-1.338,4.194
-1.425,0.853
-1.548,1.771
-1.587,2.286
-1.633,2.84
-1.544,0.257
-1.668,2.505
-1.668,4.114
-1.6,0.252
-1.729,1.779
-1.756,0.248
-1.801,1.335
-1.839,3.755
-1.887,2.972
-1.84,0.68
-1.857,3.207
-1.861,0.409
-2.025,2.426
-2.017,2.916
-2.141,3.814
-2.148,3.575
-2.048,1.571
-2.308,0.625
-2.172,0.338
-2.245,0.442
-2.356,1.619
-2.433,3.519
-2.329,1.229
-2.438,1.797
-2.573,0.707
-2.834,3.37
-2.86,1.798
-2.958,2.464
-3.062,3.057
-3.132,2.727
2.952,1.611
2.919,0.307
3.049,0.542
2.912,0.694
2.974,0.415
2.821,3.868
2.903,1.45
2.82,0.515
2.678,0.738
2.813,1.903
2.763,2.46
2.392,1.763
2.412,1.972
2.175,0.289
1.981,0.349
2.009,1.81
1.781,2.012
1.667,0.572
1.585,3.97
1.582,2.473
1.576,1.783
1.664,3.096
1.339,1.481
1.43,1.306
1.413,0.737
1.247,1.394
1.25,-0.114
0.781,0.15
0.613,0.126
0.58,-0.124
0.251,-0.218
-0.263,0.27
-0.292,0.021
-0.308,0.057
-0.457,0.029
-1.461,0.115
-1.513,-0.19
-1.875,-0.189
-1.793,0.045
-2.213,0.147
-2.447,0.158
2.766,0.009
1.688,0.109
1.519,-0.173
1.392,0.158
0.132,4.441
-1.06,4.444
-1.033,4.604
-1.238,4.473
-1.423,4.237
-1.839,4.469
-2.98,4.402
-3.1,4.303
2.65,4.367
2.376,4.286
2.078,4.498
-0.713,0.242
2.913,1.633
2.379,2.326
0.692,2.38
1.94,3.912
1.909,2.842
1.757,3.108
1.757,3.537
0.338,2.487
-0.879,2.572
-1.944,2.539
-2.281,2.581
3.121,2.592
2.826,-0.082
2.915,4.209
-0.333,-0.03
-0.41,-0.017
-0.703,0.262
-1.143,0.271
-1.167,0.018
-1.514,0.075
-1.517,0.08
-1.735,-0.094
-1.906,-0.107
-2.235,0.421
-2.263,0.079
-2.593,0.241
-2.549,0.022
-2.627,0.034
-2.773,-0.054
-2.887,0.263
2.677,0.311
2.732,0.348
2.415,4.296
1.961,4.613
1.763,4.806
1.523,4.506
0.544,4.486
-0.48,4.539
-0.616,4.581
-0.929,4.81
-2.66,4.436
-2.807,4.561
-2.916,4.512
3.056,4.368
3.102,4.825
3.048,4.446
3.108,4.552
3.025,4.469
2.822,4.482
2.054,4.222
1.987,2.705
-2.622,0.53
3.123,1.291
-0.96,4.52
-1.306,4.472
2.586,2.446
2.411,4.215
2.36,0.616
2.411,2.637
2.329,3.22
2.236,1.739
2.239,1.669
2.146,2.655
2.142,0.858
1.821,4.323
1.756,0.645
1.748,3.949
1.878,3.283
1.785,4.317
1.757,2.817
1.727,1.197
1.887,2.228
1.887,1.51
1.728,3.088
1.709,1.859
1.708,2.825
1.666,1.315
1.64,3.447
1.542,1.875
1.52,2.936
1.588,1.437
1.547,2.081
1.382,1.192
1.411,0.891
1.187,0.785
1.094,2.066
1.232,3.622
1.059,2.52
0.967,3.9
1.093,2.327
0.959,1.353
0.782,2.83
0.616,4.075
0.455,3.708
0.365,3.942
0.355,4.122
0.274,2.21
0.267,3.678
0.378,3.01
0.218,1.754
0.227,3.404
0.074,3.12
-0.101,0.708
-0.021,2.386
-0.029,4.399
-0.116,1.058
-0.239,1.976
-0.278,2.491
-0.324,3.045
-0.235,0.462
-0.359,2.71
-0.359,4.319
-0.291,0.457
-0.42,1.984
-0.447,0.453
-0.492,1.54
-0.53,3.96
-0.578,3.177
-0.531,0.885
-0.548,3.412
-0.552,0.614
-0.716,2.631
-0.708,3.121
-0.832,4.019
-0.839,3.78
-0.739,1.776
-0.999,0.83
-0.863,0.543
-0.936,0.647
-1.047,1.824
-1.124,3.724
-1.02,1.434
-1.129,2.002
-1.264,0.912
-1.525,3.575
-1.551,2.003
-1.649,2.669
-1.753,3.262
-1.823,2.932
-2.022,1.816
-2.055,0.512
-1.925,0.747
-2.062,0.899
-2.0,0.62
-2.153,4.073
-2.071,1.655
-2.154,0.72
-2.296,0.943
-2.161,2.108
-2.211,2.665
-2.582,1.968
-2.562,2.177
-2.799,0.494
-2.993,0.554
-2.965,2.015
3.09,2.217
2.976,0.777
2.894,4.175
2.891,2.678
2.885,1.988
2.973,3.301
2.648,1.686
2.739,1.511
2.722,0.942
2.556,1.599
2.559,0.091
2.09,0.355
1.922,0.331
1.889,0.081
1.56,-0.013
1.046,0.475
1.017,0.226
1.001,0.262
0.852,0.234
-0.152,0.32
-0.204,0.015
-0.566,0.016
-0.484,0.25
-0.904,0.352
-1.138,0.363
-2.208,0.214
2.997,0.314
2.828,0.032
2.701,0.363
1.441,4.646
0.249,4.649
0.276,4.809
0.071,4.678
-0.114,4.442
-0.53,4.674
-1.671,4.607
-1.791,4.508
-2.324,4.572
-2.598,4.491
-2.896,4.703
0.596,0.447
-2.061,1.838
-2.595,2.531
2.001,2.585
-3.034,4.117
-3.065,3.047
3.066,3.313
3.066,3.742
1.647,2.692
0.43,2.777
-0.635,2.744
-0.972,2.786
-1.853,2.797
-2.148,0.123
-2.059,4.414
-0.077,0.013
-0.37,0.292
-0.81,0.301
-0.834,0.048
-1.181,0.105
-1.184,0.11
-1.402,-0.064
-1.573,-0.077
-1.902,0.451
-1.93,0.109
-2.26,0.271
-2.216,0.052
-2.294,0.064
-2.44,-0.024
-2.554,0.293
3.01,0.341
3.065,0.378
2.748,4.326
2.294,4.643
2.096,4.836
1.856,4.536
0.877,4.516
-0.147,4.569
-0.283,4.611
-0.596,4.84
-2.327,4.466
-2.474,4.591
-2.583,4.542
-2.894,4.398
-2.848,4.855
-2.902,4.476
-2.842,4.582
-2.925,4.499
-3.128,4.512
2.387,4.252
2.32,2.735
-2.289,0.56
-2.827,1.321
-0.627,4.55
-0.973,4.502
2.919,2.476
2.744,4.245
2.693,0.646
2.744,2.667
2.662,3.25
2.569,1.769
2.572,1.699
2.479,2.685
2.475,0.888
2.154,4.353
2.089,0.675
2.081,3.979
2.211,3.313
2.118,4.347
2.09,2.847
2.06,1.227
2.22,2.258
2.22,1.54
2.061,3.118
2.042,1.889
2.041,2.855
1.999,1.345
1.973,3.477
1.875,1.905
1.853,2.966
1.921,1.467
1.88,2.111
1.715,1.222
1.744,0.921
1.52,0.815
1.427,2.096
1.565,3.652
1.392,2.55
1.3,3.93
1.426,2.357
1.292,1.383
1.115,2.86
0.949,4.105
0.788,3.738
0.698,3.972
0.688,4.152
0.607,2.24
0.6,3.708
0.711,3.04
0.551,1.784
0.56,3.434
0.407,3.15
0.232,0.738
0.312,2.416
0.304,4.429
0.217,1.088
0.094,2.006
0.055,2.521
0.009,3.075
0.098,0.492
-0.026,2.74
-0.026,4.349
0.042,0.487
-0.087,2.014
-0.114,0.483
-0.159,1.57
-0.197,3.99
-0.245,3.207
-0.198,0.915
-0.215,3.442
-0.219,0.644
-0.383,2.661
-0.375,3.151
-0.499,4.049
-0.506,3.81
-0.406,1.806
-0.666,0.86
-0.53,0.573
-0.603,0.677
-0.714,1.854
-0.791,3.754
-0.687,1.464
-0.796,2.032
-0.931,0.942
-1.192,3.605
-1.218,2.033
-1.316,2.699
-1.42,3.292
-1.49,2.962
-1.689,1.846
-1.722,0.542
-1.592,0.777
-1.729,0.929
-1.667,0.65
-1.82,4.103
-1.738,1.685
-1.821,0.75
-1.963,0.973
-1.828,2.138
-1.878,2.695
-2.249,1.998
-2.229,2.207
-2.466,0.524
-2.66,0.584
-2.632,2.045
-2.86,2.247
-2.974,0.807
-3.056,4.205
-3.059,2.708
-3.065,2.018
-2.977,3.331
2.981,1.716
3.072,1.541
3.055,0.972
2.889,1.629
2.892,0.121
2.423,0.385
2.255,0.361
2.222,0.111
1.893,0.017
1.379,0.505
1.35,0.256
1.334,0.292
1.185,0.264
0.181,0.35
0.129,0.045
-0.233,0.046
-0.151,0.28
-0.571,0.382
-0.805,0.393
-1.875,0.244
-2.953,0.344
-3.122,0.062
3.034,0.393
1.774,4.676
0.582,4.679
0.609,4.839
0.404,4.708
0.219,4.472
-0.197,4.704
-1.338,4.637
-1.458,4.538
-1.991,4.602
-2.265,4.521
-2.563,4.733
0.929,0.477
-1.728,1.868
-2.262,2.561
2.334,2.615
-2.701,4.147
-2.732,3.077
-2.884,3.343
-2.884,3.772
1.98,2.722
0.763,2.807
-0.302,2.774
-0.639,2.816
-1.52,2.827
-1.815,0.153
-1.726,4.444
-0.293,0.279
-0.733,0.288
-0.757,0.035
-1.104,0.092
-1.107,0.097
-1.325,-0.077
-1.496,-0.09
-1.825,0.438
-1.853,0.096
-2.183,0.258
-2.139,0.039
-2.217,0.051
-2.363,-0.037
-2.477,0.28
3.087,0.328
-3.141,0.365
2.825,4.313
2.371,4.63
2.173,4.823
1.933,4.523
0.954,4.503
-0.07,4.556
-0.206,4.598
-0.519,4.827
-2.25,4.453
-2.397,4.578
-2.506,4.529
-2.817,4.385
-2.771,4.842
-2.825,4.463
-2.765,4.569
-2.848,4.486
-3.051,4.499
2.464,4.239
2.397,2.722
-2.212,0.547
-2.75,1.308
-0.55,4.537
-0.896,4.489
2.996,2.463
2.821,4.232
2.77,0.633
2.821,2.654
2.739,3.237
2.646,1.756
2.649,1.686
2.556,2.672
2.552,0.875
2.231,4.34
2.166,0.662
2.158,3.966
2.288,3.3
2.195,4.334
2.167,2.834
2.137,1.214
2.297,2.245
2.297,1.527
2.138,3.105
2.119,1.876
2.118,2.842
2.076,1.332
2.05,3.464
1.952,1.892
1.93,2.953
1.998,1.454
1.957,2.098
1.792,1.209
1.821,0.908
1.597,0.802
1.504,2.083
1.642,3.639
1.469,2.537
1.377,3.917
1.503,2.344
1.369,1.37
1.192,2.847
1.026,4.092
0.865,3.725
0.775,3.959
0.765,4.139
0.684,2.227
0.677,3.695
0.788,3.027
0.628,1.771
0.637,3.421
0.484,3.137
0.309,0.725
0.389,2.403
0.381,4.416
0.294,1.075
0.171,1.993
0.132,2.508
0.086,3.062
0.175,0.479
0.051,2.727
0.051,4.336
0.119,0.474
-0.01,2.001
-0.037,0.47
-0.082,1.557
-0.12,3.977
-0.168,3.194
-0.121,0.902
-0.138,3.429
-0.142,0.631
-0.306,2.648
-0.298,3.138
-0.422,4.036
-0.429,3.797
-0.329,1.793
-0.589,0.847
-0.453,0.56
-0.526,0.664
-0.637,1.841
-0.714,3.741
-0.61,1.451
-0.719,2.019
-0.854,0.929
-1.115,3.592
-1.141,2.02
-1.239,2.686
-1.343,3.279
-1.413,2.949
-1.612,1.833
-1.645,0.529
-1.515,0.764
-1.652,0.916
-1.59,0.637
-1.743,4.09
-1.661,1.672
-1.744,0.737
-1.886,0.96
-1.751,2.125
-1.801,2.682
-2.172,1.985
-2.152,2.194
-2.389,0.511
-2.583,0.571
-2.555,2.032
-2.783,2.234
-2.897,0.794
-2.979,4.192
-2.982,2.695
-2.988,2.005
-2.9,3.318
3.058,1.703
-3.134,1.528
3.132,0.959
2.966,1.616
2.969,0.108
2.5,0.372
2.332,0.348
2.299,0.098
1.97,0.004
1.456,0.492
1.427,0.243
1.411,0.279
1.262,0.251
0.258,0.337
0.206,0.032
-0.156,0.033
-0.074,0.267
-0.494,0.369
-0.728,0.38
-1.798,0.231
-2.876,0.331
-3.045,0.049
3.111,0.38
1.851,4.663
0.659,4.666
0.686,4.826
0.481,4.695
0.296,4.459
-0.12,4.691
-1.261,4.624
-1.381,4.525
-1.914,4.589
-2.188,4.508
-2.486,4.72
1.006,0.464
-1.651,1.855
-2.185,2.548
2.411,2.602
-2.624,4.134
-2.655,3.064
-2.807,3.33
-2.807,3.759
2.057,2.709
0.84,2.794
-0.225,2.761
-0.562,2.803
-1.443,2.814
-1.738,0.14
-1.649,4.431
-0.44,0.009
-0.464,-0.244
-0.811,-0.187
-0.814,-0.182
-1.032,-0.356
-1.203,-0.369
-1.532,0.159
-1.56,-0.183
-1.89,-0.021
-1.846,-0.24
-1.924,-0.228
-2.07,-0.316
-2.184,0.001
-2.903,0.049
-2.848,0.086
3.118,4.034
2.664,4.351
2.466,4.544
2.226,4.244
1.247,4.224
0.223,4.277
0.087,4.319
-0.226,4.548
-1.957,4.174
-2.104,4.299
-2.213,4.25
-2.524,4.106
-2.478,4.563
-2.532,4.184
-2.472,4.29
-2.555,4.207
-2.758,4.22
2.757,3.96
2.69,2.443
-1.919,0.268
-2.457,1.029
-0.257,4.258
-0.603,4.21
-2.994,2.184
3.114,3.953
3.063,0.354
3.114,2.375
3.032,2.958
2.939,1.477
2.942,1.407
2.849,2.393
2.845,0.596
2.524,4.061
2.459,0.383
2.451,3.687
2.581,3.021
2.488,4.055
2.46,2.555
2.43,0.935
2.59,1.966
2.59,1.248
2.431,2.826
2.412,1.597
2.411,2.563
2.369,1.053
2.343,3.185
2.245,1.613
2.223,2.674
2.291,1.175
2.25,1.819
2.085,0.93
2.114,0.629
1.89,0.523
1.797,1.804
1.935,3.36
1.762,2.258
1.67,3.638
1.796,2.065
1.662,1.091
1.485,2.568
1.319,3.813
1.158,3.446
1.068,3.68
1.058,3.86
0.977,1.948
0.97,3.416
1.081,2.748
0.921,1.492
0.93,3.142
0.777,2.858
0.602,0.446
0.682,2.124
0.674,4.137
0.587,0.796
0.464,1.714
0.425,2.229
0.379,2.783
0.468,0.2
0.344,2.448
0.344,4.057
0.412,0.195
0.283,1.722
0.256,0.191
0.211,1.278
0.173,3.698
0.125,2.915
0.172,0.623
0.155,3.15
0.151,0.352
-0.013,2.369
-0.005,2.859
-0.129,3.757
-0.136,3.518
-0.036,1.514
-0.296,0.568
-0.16,0.281
-0.233,0.385
-0.344,1.562
-0.421,3.462
-0.317,1.172
-0.426,1.74
-0.561,0.65
-0.822,3.313
-0.848,1.741
-0.946,2.407
-1.05,3.0
-1.12,2.67
-1.319,1.554
-1.352,0.25
-1.222,0.485
-1.359,0.637
-1.297,0.358
-1.45,3.811
-1.368,1.393
-1.451,0.458
-1.593,0.681
-1.458,1.846
-1.508,2.403
-1.879,1.706
-1.859,1.915
-2.096,0.232
-2.29,0.292
-2.262,1.753
-2.49,1.955
-2.604,0.515
-2.686,3.913
-2.689,2.416
-2.695,1.726
-2.607,3.039
-2.932,1.424
-2.841,1.249
-2.858,0.68
-3.024,1.337
-3.021,-0.171
2.793,0.093
2.625,0.069
2.592,-0.181
2.263,-0.275
1.749,0.213
1.72,-0.036
1.704,0.0
1.555,-0.028
0.551,0.058
0.499,-0.247
0.137,-0.246
0.219,-0.012
-0.201,0.09
-0.435,0.101
-1.505,-0.048
-2.583,0.052
-2.752,-0.23
-2.879,0.101
2.144,4.384
0.952,4.387
0.979,4.547
0.774,4.416
0.589,4.18
0.173,4.412
-0.968,4.345
-1.088,4.246
-1.621,4.31
-1.895,4.229
-2.193,4.441
1.299,0.185
-1.358,1.576
-1.892,2.269
2.704,2.323
-2.331,3.855
-2.362,2.785
-2.514,3.051
-2.514,3.48
2.35,2.43
1.133,2.515
0.068,2.482
-0.269,2.524
-1.15,2.535
-1.445,-0.139
-1.356,4.152
-0.024,-0.253
-0.371,-0.196
-0.374,-0.191
-0.592,-0.365
-0.763,-0.378
-1.092,0.15
-1.12,-0.192
-1.45,-0.03
-1.406,-0.249
-1.484,-0.237
-1.63,-0.325
-1.744,-0.008
-2.463,0.04
-2.408,0.077
-2.725,4.025
3.104,4.342
2.906,4.535
2.666,4.235
1.687,4.215
0.663,4.268
0.527,4.31
0.214,4.539
-1.517,4.165
-1.664,4.29
-1.773,4.241
-2.084,4.097
-2.038,4.554
-2.092,4.175
-2.032,4.281
-2.115,4.198
-2.318,4.211
-3.086,3.951
3.13,2.434
-1.479,0.259
-2.017,1.02
0.183,4.249
-0.163,4.201
-2.554,2.175
-2.729,3.944
-2.78,0.345
-2.729,2.366
-2.811,2.949
-2.904,1.468
-2.901,1.398
-2.994,2.384
-2.998,0.587
2.964,4.052
2.899,0.374
2.891,3.678
3.021,3.012
2.928,4.046
2.9,2.546
2.87,0.926
3.03,1.957
3.03,1.239
2.871,2.817
2.852,1.588
2.851,2.554
2.809,1.044
2.783,3.176
2.685,1.604
2.663,2.665
2.731,1.166
2.69,1.81
2.525,0.921
2.554,0.62
2.33,0.514
2.237,1.795
2.375,3.351
2.202,2.249
2.11,3.629
2.236,2.056
2.102,1.082
1.925,2.559
1.759,3.804
1.598,3.437
1.508,3.671
1.498,3.851
1.417,1.939
1.41,3.407
1.521,2.739
1.361,1.483
1.37,3.133
1.217,2.849
1.042,0.437
1.122,2.115
1.114,4.128
1.027,0.787
0.904,1.705
0.865,2.22
0.819,2.774
0.908,0.191
0.784,2.439
0.784,4.048
0.852,0.186
0.723,1.713
0.696,0.182
0.651,1.269
0.613,3.689
0.565,2.906
0.612,0.614
0.595,3.141
0.591,0.343
0.427,2.36
0.435,2.85
0.311,3.748
0.304,3.509
0.404,1.505
0.144,0.559
0.28,0.272
0.207,0.376
0.096,1.553
0.019,3.453
0.123,1.163
0.014,1.731
-0.121,0.641
-0.382,3.304
-0.408,1.732
-0.506,2.398
-0.61,2.991
-0.68,2.661
-0.879,1.545
-0.912,0.241
-0.782,0.476
-0.919,0.628
-0.857,0.349
-1.01,3.802
-0.928,1.384
-1.011,0.449
-1.153,0.672
-1.018,1.837
-1.068,2.394
-1.439,1.697
-1.419,1.906
-1.656,0.223
-1.85,0.283
-1.822,1.744
-2.05,1.946
-2.164,0.506
-2.246,3.904
-2.249,2.407
-2.255,1.717
-2.167,3.03
-2.492,1.415
-2.401,1.24
-2.418,0.671
-2.584,1.328
-2.581,-0.18
-3.05,0.084
3.065,0.06
3.032,-0.19
2.703,-0.284
2.189,0.204
2.16,-0.045
2.144,-0.009
1.995,-0.037
0.991,0.049
0.939,-0.256
0.577,-0.255
0.659,-0.021
0.239,0.081
0.005,0.092
-1.065,-0.057
-2.143,0.043
-2.312,-0.239
-2.439,0.092
2.584,4.375
1.392,4.378
1.419,4.538
1.214,4.407
1.029,4.171
0.613,4.403
-0.528,4.336
-0.648,4.237
-1.181,4.301
-1.455,4.22
-1.753,4.432
1.739,0.176
-0.918,1.567
-1.452,2.26
-3.139,2.314
-1.891,3.846
-1.922,2.776
-2.074,3.042
-2.074,3.471
2.79,2.421
1.573,2.506
0.508,2.473
0.171,2.515
-0.71,2.526
-1.005,-0.148
-0.916,4.143
-0.347,0.057
-0.35,0.062
-0.568,-0.112
-0.739,-0.125
-1.068,0.403
-1.096,0.061
-1.426,0.223
-1.382,0.004
-1.46,0.016
-1.606,-0.072
-1.72,0.245
-2.439,0.293
-2.384,0.33
-2.701,4.278
3.128,4.595
2.93,4.788
2.69,4.488
1.711,4.468
0.687,4.521
0.551,4.563
0.238,4.792
-1.493,4.418
-1.64,4.543
-1.749,4.494
-2.06,4.35
-2.014,4.807
-2.068,4.428
-2.008,4.534
-2.091,4.451
-2.294,4.464
-3.062,4.204
-3.129,2.687
-1.455,0.512
-1.993,1.273
0.207,4.502
-0.139,4.454
-2.53,2.428
-2.705,4.197
-2.756,0.598
-2.705,2.619
-2.787,3.202
-2.88,1.721
-2.877,1.651
-2.97,2.637
-2.974,0.84
2.988,4.305
2.923,0.627
2.915,3.931
3.045,3.265
2.952,4.299
2.924,2.799
2.894,1.179
3.054,2.21
3.054,1.492
2.895,3.07
2.876,1.841
2.875,2.807
2.833,1.297
2.807,3.429
2.709,1.857
2.687,2.918
2.755,1.419
2.714,2.063
2.549,1.174
2.578,0.873
2.354,0.767
2.261,2.048
2.399,3.604
2.226,2.502
2.134,3.882
2.26,2.309
2.126,1.335
1.949,2.812
1.783,4.057
1.622,3.69
1.532,3.924
1.522,4.104
1.441,2.192
1.434,3.66
1.545,2.992
1.385,1.736
1.394,3.386
1.241,3.102
1.066,0.69
1.146,2.368
1.138,4.381
1.051,1.04
0.928,1.958
0.889,2.473
0.843,3.027
0.932,0.444
0.808,2.692
0.808,4.301
0.876,0.439
0.747,1.966
0.72,0.435
0.675,1.522
0.637,3.942
0.589,3.159
0.636,0.867
0.619,3.394
0.615,0.596
0.451,2.613
0.459,3.103
0.335,4.001
0.328,3.762
0.428,1.758
0.168,0.812
0.304,0.525
0.231,0.629
0.12,1.806
0.043,3.706
0.147,1.416
0.038,1.984
-0.097,0.894
-0.358,3.557
-0.384,1.985
-0.482,2.651
-0.586,3.244
-0.656,2.914
-0.855,1.798
-0.888,0.494
-0.758,0.729
-0.895,0.881
-0.833,0.602
-0.986,4.055
-0.904,1.637
-0.987,0.702
-1.129,0.925
-0.994,2.09
-1.044,2.647
-1.415,1.95
-1.395,2.159
-1.632,0.476
-1.826,0.536
-1.798,1.997
-2.026,2.199
-2.14,0.759
-2.222,4.157
-2.225,2.66
-2.231,1.97
-2.143,3.283
-2.468,1.668
-2.377,1.493
-2.394,0.924
-2.56,1.581
-2.557,0.073
-3.026,0.337
3.089,0.313
3.056,0.063
2.727,-0.031
2.213,0.457
2.184,0.208
2.168,0.244
2.019,0.216
1.015,0.302
0.963,-0.003
0.601,-0.002
0.683,0.232
0.263,0.334
0.029,0.345
-1.041,0.196
-2.119,0.296
-2.288,0.014
-2.415,0.345
2.608,4.628
1.416,4.631
1.443,4.791
1.238,4.66
1.053,4.424
0.637,4.656
-0.504,4.589
-0.624,4.49
-1.157,4.554
-1.431,4.473
-1.729,4.685
1.763,0.429
-0.894,1.82
-1.428,2.513
-3.115,2.567
-1.867,4.099
-1.898,3.029
-2.05,3.295
-2.05,3.724
2.814,2.674
1.597,2.759
0.532,2.726
0.195,2.768
-0.686,2.779
-0.981,0.105
-0.892,4.396
-0.003,0.005
-0.221,-0.169
-0.392,-0.182
-0.721,0.346
-0.749,0.004
-1.079,0.166
-1.035,-0.053
-1.113,-0.041
-1.259,-0.129
-1.373,0.188
-2.092,0.236
-2.037,0.273
-2.354,4.221
-2.808,4.538
-3.006,4.731
3.037,4.431
2.058,4.411
1.034,4.464
0.898,4.506
0.585,4.735
-1.146,4.361
-1.293,4.486
-1.402,4.437
-1.713,4.293
-1.667,4.75
-1.721,4.371
-1.661,4.477
-1.744,4.394
-1.947,4.407
-2.715,4.147
-2.782,2.63
-1.108,0.455
-1.646,1.216
0.554,4.445
0.208,4.397
-2.183,2.371
-2.358,4.14
-2.409,0.541
-2.358,2.562
-2.44,3.145
-2.533,1.664
-2.53,1.594
-2.623,2.58
-2.627,0.783
-2.948,4.248
-3.013,0.57
-3.021,3.874
-2.891,3.208
-2.984,4.242
-3.012,2.742
-3.042,1.122
-2.882,2.153
-2.882,1.435
-3.041,3.013
-3.06,1.784
-3.061,2.75
-3.103,1.24
-3.129,3.372
3.056,1.8
3.034,2.861
3.102,1.362
3.061,2.006
2.896,1.117
2.925,0.816
2.701,0.71
2.608,1.991
2.746,3.547
2.573,2.445
2.481,3.825
2.607,2.252
2.473,1.278
2.296,2.755
2.13,4.0
1.969,3.633
1.879,3.867
1.869,4.047
1.788,2.135
1.781,3.603
1.892,2.935
1.732,1.679
1.741,3.329
1.588,3.045
1.413,0.633
1.493,2.311
1.485,4.324
1.398,0.983
1.275,1.901
1.236,2.416
1.19,2.97
1.279,0.387
1.155,2.635
1.155,4.244
1.223,0.382
1.094,1.909
1.067,0.378
1.022,1.465
0.984,3.885
0.936,3.102
0.983,0.81
0.966,3.337
0.962,0.539
0.798,2.556
0.806,3.046
0.682,3.944
0.675,3.705
0.775,1.701
0.515,0.755
0.651,0.468
0.578,0.572
0.467,1.749
0.39,3.649
0.494,1.359
0.385,1.927
0.25,0.837
-0.011,3.5
-0.037,1.928
-0.135,2.594
-0.239,3.187
-0.309,2.857
-0.508,1.741
-0.541,0.437
-0.411,0.672
-0.548,0.824
-0.486,0.545
-0.639,3.998
-0.557,1.58
-0.64,0.645
-0.782,0.868
-0.647,2.033
-0.697,2.59
-1.068,1.893
-1.048,2.102
-1.285,0.419
-1.479,0.479
-1.451,1.94
-1.679,2.142
-1.793,0.702
-1.875,4.1
-1.878,2.603
-1.884,1.913
-1.796,3.226
-2.121,1.611
-2.03,1.436
-2.047,0.867
-2.213,1.524
-2.21,0.016
-2.679,0.28
-2.847,0.256
-2.88,0.006
3.074,-0.088
2.56,0.4
2.531,0.151
2.515,0.187
2.366,0.159
1.362,0.245
1.31,-0.06
0.948,-0.059
1.03,0.175
0.61,0.277
0.376,0.288
-0.694,0.139
-1.772,0.239
-1.941,-0.043
-2.068,0.288
2.955,4.571
1.763,4.574
1.79,4.734
1.585,4.603
1.4,4.367
0.984,4.599
-0.157,4.532
-0.277,4.433
-0.81,4.497
-1.084,4.416
-1.382,4.628
2.11,0.372
-0.547,1.763
-1.081,2.456
-2.768,2.51
-1.52,4.042
-1.551,2.972
-1.703,3.238
-1.703,3.667
-3.122,2.617
1.944,2.702
0.879,2.669
0.542,2.711
-0.339,2.722
-0.634,0.048
-0.545,4.339
-0.218,-0.174
-0.389,-0.187
-0.718,0.341
-0.746,-0.001
-1.076,0.161
-1.032,-0.058
-1.11,-0.046
-1.256,-0.134
-1.37,0.183
-2.089,0.231
-2.034,0.268
-2.351,4.216
-2.805,4.533
-3.003,4.726
3.04,4.426
2.061,4.406
1.037,4.459
0.901,4.501
0.588,4.73
-1.143,4.356
-1.29,4.481
-1.399,4.432
-1.71,4.288
-1.664,4.745
-1.718,4.366
-1.658,4.472
-1.741,4.389
-1.944,4.402
-2.712,4.142
-2.779,2.625
-1.105,0.45
-1.643,1.211
0.557,4.44
0.211,4.392
-2.18,2.366
-2.355,4.135
-2.406,0.536
-2.355,2.557
-2.437,3.14
-2.53,1.659
-2.527,1.589
-2.62,2.575
-2.624,0.778
-2.945,4.243
-3.01,0.565
-3.018,3.869
-2.888,3.203
-2.981,4.237
-3.009,2.737
-3.039,1.117
-2.879,2.148
-2.879,1.43
-3.038,3.008
-3.057,1.779
-3.058,2.745
-3.1,1.235
-3.126,3.367
3.059,1.795
3.037,2.856
3.105,1.357
3.064,2.001
2.899,1.112
2.928,0.811
2.704,0.705
2.611,1.986
2.749,3.542
2.576,2.44
2.484,3.82
2.61,2.247
2.476,1.273
2.299,2.75
2.133,3.995
1.972,3.628
1.882,3.862
1.872,4.042
1.791,2.13
1.784,3.598
1.895,2.93
1.735,1.674
1.744,3.324
1.591,3.04
1.416,0.628
1.496,2.306
1.488,4.319
1.401,0.978
1.278,1.896
1.239,2.411
1.193,2.965
1.282,0.382
1.158,2.63
1.158,4.239
1.226,0.377
1.097,1.904
1.07,0.373
1.025,1.46
0.987,3.88
0.939,3.097
0.986,0.805
0.969,3.332
0.965,0.534
0.801,2.551
0.809,3.041
0.685,3.939
0.678,3.7
0.778,1.696
0.518,0.75
0.654,0.463
0.581,0.567
0.47,1.744
0.393,3.644
0.497,1.354
0.388,1.922
0.253,0.832
-0.008,3.495
-0.034,1.923
-0.132,2.589
-0.236,3.182
-0.306,2.852
-0.505,1.736
-0.538,0.432
-0.408,0.667
-0.545,0.819
-0.483,0.54
-0.636,3.993
-0.554,1.575
-0.637,0.64
-0.779,0.863
-0.644,2.028
-0.694,2.585
-1.065,1.888
-1.045,2.097
-1.282,0.414
-1.476,0.474
-1.448,1.935
-1.676,2.137
-1.79,0.697
-1.872,4.095
-1.875,2.598
-1.881,1.908
-1.793,3.221
-2.118,1.606
-2.027,1.431
-2.044,0.862
-2.21,1.519
-2.207,0.011
-2.676,0.275
-2.844,0.251
-2.877,0.001
3.077,-0.093
2.563,0.395
2.534,0.146
2.518,0.182
2.369,0.154
1.365,0.24
1.313,-0.065
0.951,-0.064
1.033,0.17
0.613,0.272
0.379,0.283
-0.691,0.134
-1.769,0.234
-1.938,-0.048
-2.065,0.283
2.958,4.566
1.766,4.569
1.793,4.729
1.588,4.598
1.403,4.362
0.987,4.594
-0.154,4.527
-0.274,4.428
-0.807,4.492
-1.081,4.411
-1.379,4.623
2.113,0.367
-0.544,1.758
-1.078,2.451
-2.765,2.505
-1.517,4.037
-1.548,2.967
-1.7,3.233
-1.7,3.662
-3.119,2.612
1.947,2.697
0.882,2.664
0.545,2.706
-0.336,2.717
-0.631,0.043
-0.542,4.334
-0.171,-0.013
-0.5,0.515
-0.528,0.173
-0.858,0.335
-0.814,0.116
-0.892,0.128
-1.038,0.04
-1.152,0.357
-1.871,0.405
-1.816,0.442
-2.133,4.39
-2.587,4.707
-2.785,4.9
-3.025,4.6
2.279,4.58
1.255,4.633
1.119,4.675
0.806,4.904
-0.925,4.53
-1.072,4.655
-1.181,4.606
-1.492,4.462
-1.446,4.919
-1.5,4.54
-1.44,4.646
-1.523,4.563
-1.726,4.576
-2.494,4.316
-2.561,2.799
-0.887,0.624
-1.425,1.385
0.775,4.614
0.429,4.566
-1.962,2.54
-2.137,4.309
-2.188,0.71
-2.137,2.731
-2.219,3.314
-2.312,1.833
-2.309,1.763
-2.402,2.749
-2.406,0.952
-2.727,4.417
-2.792,0.739
-2.8,4.043
-2.67,3.377
-2.763,4.411
-2.791,2.911
-2.821,1.291
-2.661,2.322
-2.661,1.604
-2.82,3.182
-2.839,1.953
-2.84,2.919
-2.882,1.409
-2.908,3.541
-3.006,1.969
-3.028,3.03
-2.96,1.531
-3.001,2.175
3.117,1.286
-3.137,0.985
2.922,0.879
2.829,2.16
2.967,3.716
2.794,2.614
2.702,3.994
2.828,2.421
2.694,1.447
2.517,2.924
2.351,4.169
2.19,3.802
2.1,4.036
2.09,4.216
2.009,2.304
2.002,3.772
2.113,3.104
1.953,1.848
1.962,3.498
1.809,3.214
1.634,0.802
1.714,2.48
1.706,4.493
1.619,1.152
1.496,2.07
1.457,2.585
1.411,3.139
1.5,0.556
1.376,2.804
1.376,4.413
1.444,0.551
1.315,2.078
1.288,0.547
1.243,1.634
1.205,4.054
1.157,3.271
1.204,0.979
1.187,3.506
1.183,0.708
1.019,2.725
1.027,3.215
0.903,4.113
0.896,3.874
0.996,1.87
0.736,0.924
0.872,0.637
0.799,0.741
0.688,1.918
0.611,3.818
0.715,1.528
0.606,2.096
0.471,1.006
0.21,3.669
0.184,2.097
0.086,2.763
-0.018,3.356
-0.088,3.026
-0.287,1.91
-0.32,0.606
-0.19,0.841
-0.327,0.993
-0.265,0.714
-0.418,4.167
-0.336,1.749
-0.419,0.814
-0.561,1.037
-0.426,2.202
-0.476,2.759
-0.847,2.062
-0.827,2.271
-1.064,0.588
-1.258,0.648
-1.23,2.109
-1.458,2.311
-1.572,0.871
-1.654,4.269
-1.657,2.772
-1.663,2.082
-1.575,3.395
-1.9,1.78
-1.809,1.605
-1.826,1.036
-1.992,1.693
-1.989,0.185
-2.458,0.449
-2.626,0.425
-2.659,0.175
-2.988,0.081
2.781,0.569
2.752,0.32
2.736,0.356
2.587,0.328
1.583,0.414
1.531,0.109
1.169,0.11
1.251,0.344
0.831,0.446
0.597,0.457
-0.473,0.308
-1.551,0.408
-1.72,0.126
-1.847,0.457
-3.107,4.74
1.984,4.743
2.011,4.903
1.806,4.772
1.621,4.536
1.205,4.768
0.064,4.701
-0.056,4.602
-0.589,4.666
-0.863,4.585
-1.161,4.797
2.331,0.541
-0.326,1.932
-0.86,2.625
-2.547,2.679
-1.299,4.211
-1.33,3.141
-1.482,3.407
-1.482,3.836
-2.901,2.786
2.165,2.871
1.1,2.838
0.763,2.88
-0.118,2.891
-0.413,0.217
-0.324,4.508
-0.329,0.528
-0.357,0.186
-0.687,0.348
-0.643,0.129
-0.721,0.141
-0.867,0.053
-0.981,0.37
-1.7,0.418
-1.645,0.455
-1.962,4.403
-2.416,4.72
-2.614,4.913
-2.854,4.613
2.45,4.593
1.426,4.646
1.29,4.688
0.977,4.917
-0.754,4.543
-0.901,4.668
-1.01,4.619
-1.321,4.475
-1.275,4.932
-1.329,4.553
-1.269,4.659
-1.352,4.576
-1.555,4.589
-2.323,4.329
-2.39,2.812
-0.716,0.637
-1.254,1.398
0.946,4.627
0.6,4.579
-1.791,2.553
-1.966,4.322
-2.017,0.723
-1.966,2.744
-2.048,3.327
-2.141,1.846
-2.138,1.776
-2.231,2.762
-2.235,0.965
-2.556,4.43
-2.621,0.752
-2.629,4.056
-2.499,3.39
-2.592,4.424
-2.62,2.924
-2.65,1.304
-2.49,2.335
-2.49,1.617
-2.649,3.195
-2.668,1.966
-2.669,2.932
-2.711,1.422
-2.737,3.554
-2.835,1.982
-2.857,3.043
-2.789,1.544
-2.83,2.188
-2.995,1.299
-2.966,0.998
3.093,0.892
3.0,2.173
3.138,3.729
2.965,2.627
2.873,4.007
2.999,2.434
2.865,1.46
2.688,2.937
2.522,4.182
2.361,3.815
2.271,4.049
2.261,4.229
2.18,2.317
2.173,3.785
2.284,3.117
2.124,1.861
2.133,3.511
1.98,3.227
1.805,0.815
1.885,2.493
1.877,4.506
1.79,1.165
1.667,2.083
1.628,2.598
1.582,3.152
1.671,0.569
1.547,2.817
1.547,4.426
1.615,0.564
1.486,2.091
1.459,0.56
1.414,1.647
1.376,4.067
1.328,3.284
1.375,0.992
1.358,3.519
1.354,0.721
1.19,2.738
1.198,3.228
1.074,4.126
1.067,3.887
1.167,1.883
0.907,0.937
1.043,0.65
0.97,0.754
0.859,1.931
0.782,3.831
0.886,1.541
0.777,2.109
0.642,1.019
0.381,3.682
0.355,2.11
0.257,2.776
0.153,3.369
0.083,3.039
-0.116,1.923
-0.149,0.619
-0.019,0.854
-0.156,1.006
-0.094,0.727
-0.247,4.18
-0.165,1.762
-0.248,0.827
-0.39,1.05
-0.255,2.215
-0.305,2.772
-0.676,2.075
-0.656,2.284
-0.893,0.601
-1.087,0.661
-1.059,2.122
-1.287,2.324
-1.401,0.884
-1.483,4.282
-1.486,2.785
-1.492,2.095
-1.404,3.408
-1.729,1.793
-1.638,1.618
-1.655,1.049
-1.821,1.706
-1.818,0.198
-2.287,0.462
-2.455,0.438
-2.488,0.188
-2.817,0.094
2.952,0.582
2.923,0.333
2.907,0.369
2.758,0.341
1.754,0.427
1.702,0.122
1.34,0.123
1.422,0.357
1.002,0.459
0.768,0.47
-0.302,0.321
-1.38,0.421
-1.549,0.139
-1.676,0.47
-2.936,4.753
2.155,4.756
2.182,4.916
1.977,4.785
1.792,4.549
1.376,4.781
0.235,4.714
0.115,4.615
-0.418,4.679
-0.692,4.598
-0.99,4.81
2.502,0.554
-0.155,1.945
-0.689,2.638
-2.376,2.692
-1.128,4.224
-1.159,3.154
-1.311,3.42
-1.311,3.849
-2.73,2.799
2.336,2.884
1.271,2.851
0.934,2.893
0.053,2.904
-0.242,0.23
-0.153,4.521
-0.028,-0.342
-0.358,-0.18
-0.314,-0.399
-0.392,-0.387
-0.538,-0.475
-0.652,-0.158
-1.371,-0.11
-1.316,-0.073
-1.633,3.875
-2.087,4.192
-2.285,4.385
-2.525,4.085
2.779,4.065
1.755,4.118
1.619,4.16
1.306,4.389
-0.425,4.015
-0.572,4.14
-0.681,4.091
-0.992,3.947
-0.946,4.404
-1.0,4.025
-0.94,4.131
-1.023,4.048
-1.226,4.061
-1.994,3.801
-2.061,2.284
-0.387,0.109
-0.925,0.87
1.275,4.099
0.929,4.051
-1.462,2.025
-1.637,3.794
-1.688,0.195
-1.637,2.216
-1.719,2.799
-1.812,1.318
-1.809,1.248
-1.902,2.234
-1.906,0.437
-2.227,3.902
-2.292,0.224
-2.3,3.528
-2.17,2.862
-2.263,3.896
-2.291,2.396
-2.321,0.776
-2.161,1.807
-2.161,1.089
-2.32,2.667
-2.339,1.438
-2.34,2.404
-2.382,0.894
-2.408,3.026
-2.506,1.454
-2.528,2.515
-2.46,1.016
-2.501,1.66
-2.666,0.771
-2.637,0.47
-2.861,0.364
-2.954,1.645
-2.816,3.201
-2.989,2.099
-3.081,3.479
-2.955,1.906
-3.089,0.932
3.017,2.409
2.851,3.654
2.69,3.287
2.6,3.521
2.59,3.701
2.509,1.789
2.502,3.257
2.613,2.589
2.453,1.333
2.462,2.983
2.309,2.699
2.134,0.287
2.214,1.965
2.206,3.978
2.119,0.637
1.996,1.555
1.957,2.07
1.911,2.624
2.0,0.041
1.876,2.289
1.876,3.898
1.944,0.036
1.815,1.563
1.788,0.032
1.743,1.119
1.705,3.539
1.657,2.756
1.704,0.464
1.687,2.991
1.683,0.193
1.519,2.21
1.527,2.7
1.403,3.598
1.396,3.359
1.496,1.355
1.236,0.409
1.372,0.122
1.299,0.226
1.188,1.403
1.111,3.303
1.215,1.013
1.106,1.581
0.971,0.491
0.71,3.154
0.684,1.582
0.586,2.248
0.482,2.841
0.412,2.511
0.213,1.395
0.18,0.091
0.31,0.326
0.173,0.478
0.235,0.199
0.082,3.652
0.164,1.234
0.081,0.299
-0.061,0.522
0.074,1.687
0.024,2.244
-0.347,1.547
-0.327,1.756
-0.564,0.073
-0.758,0.133
-0.73,1.594
-0.958,1.796
-1.072,0.356
-1.154,3.754
-1.157,2.257
-1.163,1.567
-1.075,2.88
-1.4,1.265
-1.309,1.09
-1.326,0.521
-1.492,1.178
-1.489,-0.33
-1.958,-0.066
-2.126,-0.09
-2.159,-0.34
-2.488,-0.434
-3.002,0.054
-3.031,-0.195
-3.047,-0.159
3.087,-0.187
2.083,-0.101
2.031,-0.406
1.669,-0.405
1.751,-0.171
1.331,-0.069
1.097,-0.058
0.027,-0.207
-1.051,-0.107
-1.22,-0.389
-1.347,-0.058
-2.607,4.225
2.484,4.228
2.511,4.388
2.306,4.257
2.121,4.021
1.705,4.253
0.564,4.186
0.444,4.087
-0.089,4.151
-0.363,4.07
-0.661,4.282
2.831,0.026
0.174,1.417
-0.36,2.11
-2.047,2.164
-0.799,3.696
-0.83,2.626
-0.982,2.892
-0.982,3.321
-2.401,2.271
2.665,2.356
1.6,2.323
1.263,2.365
0.382,2.376
0.087,-0.298
0.176,3.993
-0.33,0.162
-0.286,-0.057
-0.364,-0.045
-0.51,-0.133
-0.624,0.184
-1.343,0.232
-1.288,0.269
-1.605,4.217
-2.059,4.534
-2.257,4.727
-2.497,4.427
2.807,4.407
1.783,4.46
1.647,4.502
1.334,4.731
-0.397,4.357
-0.544,4.482
-0.653,4.433
-0.964,4.289
-0.918,4.746
-0.972,4.367
-0.912,4.473
-0.995,4.39
-1.198,4.403
-1.966,4.143
-2.033,2.626
-0.359,0.451
-0.897,1.212
1.303,4.441
0.957,4.393
-1.434,2.367
-1.609,4.136
-1.66,0.537
-1.609,2.558
-1.691,3.141
-1.784,1.66
-1.781,1.59
-1.874,2.576
-1.878,0.779
-2.199,4.244
-2.264,0.566
-2.272,3.87
-2.142,3.204
-2.235,4.238
-2.263,2.738
-2.293,1.118
-2.133,2.149
-2.133,1.431
-2.292,3.009
-2.311,1.78
-2.312,2.746
-2.354,1.236
-2.38,3.368
-2.478,1.796
-2.5,2.857
-2.432,1.358
-2.473,2.002
-2.638,1.113
-2.609,0.812
-2.833,0.706
-2.926,1.987
-2.788,3.543
-2.961,2.441
-3.053,3.821
-2.927,2.248
-3.061,1.274
3.045,2.751
2.879,3.996
2.718,3.629
2.628,3.863
2.618,4.043
2.537,2.131
2.53,3.599
2.641,2.931
2.481,1.675
2.49,3.325
2.337,3.041
2.162,0.629
2.242,2.307
2.234,4.32
2.147,0.979
2.024,1.897
1.985,2.412
1.939,2.966
2.028,0.383
1.904,2.631
1.904,4.24
1.972,0.378
1.843,1.905
1.816,0.374
1.771,1.461
1.733,3.881
1.685,3.098
1.732,0.806
1.715,3.333
1.711,0.535
1.547,2.552
1.555,3.042
1.431,3.94
1.424,3.701
1.524,1.697
1.264,0.751
1.4,0.464
1.327,0.568
1.216,1.745
1.139,3.645
1.243,1.355
1.134,1.923
0.999,0.833
0.738,3.496
0.712,1.924
0.614,2.59
0.51,3.183
0.44,2.853
0.241,1.737
0.208,0.433
0.338,0.668
0.201,0.82
0.263,0.541
0.11,3.994
0.192,1.576
0.109,0.641
-0.033,0.864
0.102,2.029
0.052,2.586
-0.319,1.889
-0.299,2.098
-0.536,0.415
-0.73,0.475
-0.702,1.936
-0.93,2.138
-1.044,0.698
-1.126,4.096
-1.129,2.599
-1.135,1.909
-1.047,3.222
-1.372,1.607
-1.281,1.432
-1.298,0.863
-1.464,1.52
-1.461,0.012
-1.93,0.276
-2.098,0.252
-2.131,0.002
-2.46,-0.092
-2.974,0.396
-3.003,0.147
-3.019,0.183
3.115,0.155
2.111,0.241
2.059,-0.064
1.697,-0.063
1.779,0.171
1.359,0.273
1.125,0.284
0.055,0.135
-1.023,0.235
-1.192,-0.047
-1.319,0.284
-2.579,4.567
2.512,4.57
2.539,4.73
2.334,4.599
2.149,4.363
1.733,4.595
0.592,4.528
0.472,4.429
-0.061,4.493
-0.335,4.412
-0.633,4.624
2.859,0.368
0.202,1.759
-0.332,2.452
-2.019,2.506
-0.771,4.038
-0.802,2.968
-0.954,3.234
-0.954,3.663
-2.373,2.613
2.693,2.698
1.628,2.665
1.291,2.707
0.41,2.718
0.115,0.044
0.204,4.335
0.044,-0.219
-0.034,-0.207
-0.18,-0.295
-0.294,0.022
-1.013,0.07
-0.958,0.107
-1.275,4.055
-1.729,4.372
-1.927,4.565
-2.167,4.265
3.137,4.245
2.113,4.298
1.977,4.34
1.664,4.569
-0.067,4.195
-0.214,4.32
-0.323,4.271
-0.634,4.127
-0.588,4.584
-0.642,4.205
-0.582,4.311
-0.665,4.228
-0.868,4.241
-1.636,3.981
-1.703,2.464
-0.029,0.289
-0.567,1.05
1.633,4.279
1.287,4.231
-1.104,2.205
-1.279,3.974
-1.33,0.375
-1.279,2.396
-1.361,2.979
-1.454,1.498
-1.451,1.428
-1.544,2.414
-1.548,0.617
-1.869,4.082
-1.934,0.404
-1.942,3.708
-1.812,3.042
-1.905,4.076
-1.933,2.576
-1.963,0.956
-1.803,1.987
-1.803,1.269
-1.962,2.847
-1.981,1.618
-1.982,2.584
-2.024,1.074
-2.05,3.206
-2.148,1.634
-2.17,2.695
-2.102,1.196
-2.143,1.84
-2.308,0.951
-2.279,0.65
-2.503,0.544
-2.596,1.825
-2.458,3.381
-2.631,2.279
-2.723,3.659
-2.597,2.086
-2.731,1.112
-2.908,2.589
-3.074,3.834
3.048,3.467
2.958,3.701
2.948,3.881
2.867,1.969
2.86,3.437
2.971,2.769
2.811,1.513
2.82,3.163
2.667,2.879
2.492,0.467
2.572,2.145
2.564,4.158
2.477,0.817
2.354,1.735
2.315,2.25
2.269,2.804
2.358,0.221
2.234,2.469
2.234,4.078
2.302,0.216
2.173,1.743
2.146,0.212
2.101,1.299
2.063,3.719
2.015,2.936
2.062,0.644
2.045,3.171
2.041,0.373
1.877,2.39
1.885,2.88
1.761,3.778
1.754,3.539
1.854,1.535
1.594,0.589
1.73,0.302
1.657,0.406
1.546,1.583
1.469,3.483
1.573,1.193
1.464,1.761
1.329,0.671
1.068,3.334
1.042,1.762
0.944,2.428
0.84,3.021
0.77,2.691
0.571,1.575
0.538,0.271
0.668,0.506
0.531,0.658
0.593,0.379
0.44,3.832
0.522,1.414
0.439,0.479
0.297,0.702
0.432,1.867
0.382,2.424
0.011,1.727
0.031,1.936
-0.206,0.253
-0.4,0.313
-0.372,1.774
-0.6,1.976
-0.714,0.536
-0.796,3.934
-0.799,2.437
-0.805,1.747
-0.717,3.06
-1.042,1.445
-0.951,1.27
-0.968,0.701
-1.134,1.358
-1.131,-0.15
-1.6,0.114
-1.768,0.09
-1.801,-0.16
-2.13,-0.254
-2.644,0.234
-2.673,-0.015
-2.689,0.021
-2.838,-0.007
2.441,0.079
2.389,-0.226
2.027,-0.225
2.109,0.009
1.689,0.111
1.455,0.122
0.385,-0.027
-0.693,0.073
-0.862,-0.209
-0.989,0.122
-2.249,4.405
2.842,4.408
2.869,4.568
2.664,4.437
2.479,4.201
2.063,4.433
0.922,4.366
0.802,4.267
0.269,4.331
-0.005,4.25
-0.303,4.462
-3.094,0.206
0.532,1.597
-0.002,2.29
-1.689,2.344
-0.441,3.876
-0.472,2.806
-0.624,3.072
-0.624,3.501
-2.043,2.451
3.023,2.536
1.958,2.503
1.621,2.545
0.74,2.556
0.445,-0.118
0.534,4.173
-0.078,0.012
-0.224,-0.076
-0.338,0.241
-1.057,0.289
-1.002,0.326
-1.319,4.274
-1.773,4.591
-1.971,4.784
-2.211,4.484
3.093,4.464
2.069,4.517
1.933,4.559
1.62,4.788
-0.111,4.414
-0.258,4.539
-0.367,4.49
-0.678,4.346
-0.632,4.803
-0.686,4.424
-0.626,4.53
-0.709,4.447
-0.912,4.46
-1.68,4.2
-1.747,2.683
-0.073,0.508
-0.611,1.269
1.589,4.498
1.243,4.45
-1.148,2.424
-1.323,4.193
-1.374,0.594
-1.323,2.615
-1.405,3.198
-1.498,1.717
-1.495,1.647
-1.588,2.633
-1.592,0.836
-1.913,4.301
-1.978,0.623
-1.986,3.927
-1.856,3.261
-1.949,4.295
-1.977,2.795
-2.007,1.175
-1.847,2.206
-1.847,1.488
-2.006,3.066
-2.025,1.837
-2.026,2.803
-2.068,1.293
-2.094,3.425
-2.192,1.853
-2.214,2.914
-2.146,1.415
-2.187,2.059
-2.352,1.17
-2.323,0.869
-2.547,0.763
-2.64,2.044
-2.502,3.6
-2.675,2.498
-2.767,3.878
-2.641,2.305
-2.775,1.331
-2.952,2.808
-3.118,4.053
3.004,3.686
2.914,3.92
2.904,4.1
2.823,2.188
2.816,3.656
2.927,2.988
2.767,1.732
2.776,3.382
2.623,3.098
2.448,0.686
2.528,2.364
2.52,4.377
2.433,1.036
2.31,1.954
2.271,2.469
2.225,3.023
2.314,0.44
2.19,2.688
2.19,4.297
2.258,0.435
2.129,1.962
2.102,0.431
2.057,1.518
2.019,3.938
1.971,3.155
2.018,0.863
2.001,3.39
1.997,0.592
1.833,2.609
1.841,3.099
1.717,3.997
1.71,3.758
1.81,1.754
1.55,0.808
1.686,0.521
1.613,0.625
1.502,1.802
1.425,3.702
1.529,1.412
1.42,1.98
1.285,0.89
1.024,3.553
0.998,1.981
0.9,2.647
0.796,3.24
0.726,2.91
0.527,1.794
0.494,0.49
0.624,0.725
0.487,0.877
0.549,0.598
0.396,4.051
0.478,1.633
0.395,0.698
0.253,0.921
0.388,2.086
0.338,2.643
-0.033,1.946
-0.013,2.155
-0.25,0.472
-0.444,0.532
-0.416,1.993
-0.644,2.195
-0.758,0.755
-0.84,4.153
-0.843,2.656
-0.849,1.966
-0.761,3.279
-1.086,1.664
-0.995,1.489
-1.012,0.92
-1.178,1.577
-1.175,0.069
-1.644,0.333
-1.812,0.309
-1.845,0.059
-2.174,-0.035
-2.688,0.453
-2.717,0.204
-2.733,0.24
-2.882,0.212
2.397,0.298
2.345,-0.007
1.983,-0.006
2.065,0.228
1.645,0.33
1.411,0.341
0.341,0.192
-0.737,0.292
-0.906,0.01
-1.033,0.341
-2.293,4.624
2.798,4.627
2.825,4.787
2.62,4.656
2.435,4.42
2.019,4.652
0.878,4.585
0.758,4.486
0.225,4.55
-0.049,4.469
-0.347,4.681
-3.138,0.425
0.488,1.816
-0.046,2.509
-1.733,2.563
-0.485,4.095
-0.516,3.025
-0.668,3.291
-0.668,3.72
-2.087,2.67
2.979,2.755
1.914,2.722
1.577,2.764
0.696,2.775
0.401,0.101
0.49,4.392
-0.146,-0.088
-0.26,0.229
-0.979,0.277
-0.924,0.314
-1.241,4.262
-1.695,4.579
-1.893,4.772
-2.133,4.472
-3.112,4.452
2.147,4.505
2.011,4.547
1.698,4.776
-0.033,4.402
-0.18,4.527
-0.289,4.478
-0.6,4.334
-0.554,4.791
-0.608,4.412
-0.548,4.518
-0.631,4.435
-0.834,4.448
-1.602,4.188
-1.669,2.671
0.005,0.496
-0.533,1.257
1.667,4.486
1.321,4.438
-1.07,2.412
-1.245,4.181
-1.296,0.582
-1.245,2.603
-1.327,3.186
-1.42,1.705
-1.417,1.635
-1.51,2.621
-1.514,0.824
-1.835,4.289
-1.9,0.611
-1.908,3.915
-1.778,3.249
-1.871,4.283
-1.899,2.783
-1.929,1.163
-1.769,2.194
-1.769,1.476
-1.928,3.054
-1.947,1.825
-1.948,2.791
-1.99,1.281
-2.016,3.413
-2.114,1.841
-2.136,2.902
-2.068,1.403
-2.109,2.047
-2.274,1.158
-2.245,0.857
-2.469,0.751
-2.562,2.032
-2.424,3.588
-2.597,2.486
-2.689,3.866
-2.563,2.293
-2.697,1.319
-2.874,2.796
-3.04,4.041
3.082,3.674
2.992,3.908
2.982,4.088
2.901,2.176
2.894,3.644
3.005,2.976
2.845,1.72
2.854,3.37
2.701,3.086
2.526,0.674
2.606,2.352
2.598,4.365
2.511,1.024
2.388,1.942
2.349,2.457
2.303,3.011
2.392,0.428
2.268,2.676
2.268,4.285
2.336,0.423
2.207,1.95
2.18,0.419
2.135,1.506
2.097,3.926
2.049,3.143
2.096,0.851
2.079,3.378
2.075,0.58
1.911,2.597
1.919,3.087
1.795,3.985
1.788,3.746
1.888,1.742
1.628,0.796
1.764,0.509
1.691,0.613
1.58,1.79
1.503,3.69
1.607,1.4
1.498,1.968
1.363,0.878
1.102,3.541
1.076,1.969
0.978,2.635
0.874,3.228
0.804,2.898
0.605,1.782
0.572,0.478
0.702,0.713
0.565,0.865
0.627,0.586
0.474,4.039
0.556,1.621
0.473,0.686
0.331,0.909
0.466,2.074
0.416,2.631
0.045,1.934
0.065,2.143
-0.172,0.46
-0.366,0.52
-0.338,1.981
-0.566,2.183
-0.68,0.743
-0.762,4.141
-0.765,2.644
-0.771,1.954
-0.683,3.267
-1.008,1.652
-0.917,1.477
-0.934,0.908
-1.1,1.565
-1.097,0.057
-1.566,0.321
-1.734,0.297
-1.767,0.047
-2.096,-0.047
-2.61,0.441
-2.639,0.192
-2.655,0.228
-2.804,0.2
2.475,0.286
2.423,-0.019
2.061,-0.018
2.143,0.216
1.723,0.318
1.489,0.329
0.419,0.18
-0.659,0.28
-0.828,-0.002
-0.955,0.329
-2.215,4.612
2.876,4.615
2.903,4.775
2.698,4.644
2.513,4.408
2.097,4.64
0.956,4.573
0.836,4.474
0.303,4.538
0.029,4.457
-0.269,4.669
-3.06,0.413
0.566,1.804
0.032,2.497
-1.655,2.551
-0.407,4.083
-0.438,3.013
-0.59,3.279
-0.59,3.708
-2.009,2.658
3.057,2.743
1.992,2.71
1.655,2.752
0.774,2.763
0.479,0.089
0.568,4.38
-0.114,0.317
-0.833,0.365
-0.778,0.402
-1.095,4.35
-1.549,4.667
-1.747,4.86
-1.987,4.56
-2.966,4.54
2.293,4.593
2.157,4.635
1.844,4.864
0.113,4.49
-0.034,4.615
-0.143,4.566
-0.454,4.422
-0.408,4.879
-0.462,4.5
-0.402,4.606
-0.485,4.523
-0.688,4.536
-1.456,4.276
-1.523,2.759
0.151,0.584
-0.387,1.345
1.813,4.574
1.467,4.526
-0.924,2.5
-1.099,4.269
-1.15,0.67
-1.099,2.691
-1.181,3.274
-1.274,1.793
-1.271,1.723
-1.364,2.709
-1.368,0.912
-1.689,4.377
-1.754,0.699
-1.762,4.003
-1.632,3.337
-1.725,4.371
-1.753,2.871
-1.783,1.251
-1.623,2.282
-1.623,1.564
-1.782,3.142
-1.801,1.913
-1.802,2.879
-1.844,1.369
-1.87,3.501
-1.968,1.929
-1.99,2.99
-1.922,1.491
-1.963,2.135
-2.128,1.246
-2.099,0.945
-2.323,0.839
-2.416,2.12
-2.278,3.676
-2.451,2.574
-2.543,3.954
-2.417,2.381
-2.551,1.407
-2.728,2.884
-2.894,4.129
-3.055,3.762
3.138,3.996
3.128,4.176
3.047,2.264
3.04,3.732
-3.132,3.064
2.991,1.808
3.0,3.458
2.847,3.174
2.672,0.762
2.752,2.44
2.744,4.453
2.657,1.112
2.534,2.03
2.495,2.545
2.449,3.099
2.538,0.516
2.414,2.764
2.414,4.373
2.482,0.511
2.353,2.038
2.326,0.507
2.281,1.594
2.243,4.014
2.195,3.231
2.242,0.939
2.225,3.466
2.221,0.668
2.057,2.685
2.065,3.175
1.941,4.073
1.934,3.834
2.034,1.83
1.774,0.884
1.91,0.597
1.837,0.701
1.726,1.878
1.649,3.778
1.753,1.488
1.644,2.056
1.509,0.966
1.248,3.629
1.222,2.057
1.124,2.723
1.02,3.316
0.95,2.986
0.751,1.87
0.718,0.566
0.848,0.801
0.711,0.953
0.773,0.674
0.62,4.127
0.702,1.709
0.619,0.774
0.477,0.997
0.612,2.162
0.562,2.719
0.191,2.022
0.211,2.231
-0.026,0.548
-0.22,0.608
-0.192,2.069
-0.42,2.271
-0.534,0.831
-0.616,4.229
-0.619,2.732
-0.625,2.042
-0.537,3.355
-0.862,1.74
-0.771,1.565
-0.788,0.996
-0.954,1.653
-0.951,0.145
-1.42,0.409
-1.588,0.385
-1.621,0.135
-1.95,0.041
-2.464,0.529
-2.493,0.28
-2.509,0.316
-2.658,0.288
2.621,0.374
2.569,0.069
2.207,0.07
2.289,0.304
1.869,0.406
1.635,0.417
0.565,0.268
-0.513,0.368
-0.682,0.086
-0.809,0.417
-2.069,4.7
3.022,4.703
3.049,4.863
2.844,4.732
2.659,4.496
2.243,4.728
1.102,4.661
0.982,4.562
0.449,4.626
0.175,4.545
-0.123,4.757
-2.914,0.501
0.712,1.892
0.178,2.585
-1.509,2.639
-0.261,4.171
-0.292,3.101
-0.444,3.367
-0.444,3.796
-1.863,2.746
-3.08,2.831
2.138,2.798
1.801,2.84
0.92,2.851
0.625,0.177
0.714,4.468
-0.719,0.048
-0.664,0.085
-0.981,4.033
-1.435,4.35
-1.633,4.543
-1.873,4.243
-2.852,4.223
2.407,4.276
2.271,4.318
1.958,4.547
0.227,4.173
0.08,4.298
-0.029,4.249
-0.34,4.105
-0.294,4.562
-0.348,4.183
-0.288,4.289
-0.371,4.206
-0.574,4.219
-1.342,3.959
-1.409,2.442
0.265,0.267
-0.273,1.028
1.927,4.257
1.581,4.209
-0.81,2.183
-0.985,3.952
-1.036,0.353
-0.985,2.374
-1.067,2.957
-1.16,1.476
-1.157,1.406
-1.25,2.392
-1.254,0.595
-1.575,4.06
-1.64,0.382
-1.648,3.686
-1.518,3.02
-1.611,4.054
-1.639,2.554
-1.669,0.934
-1.509,1.965
-1.509,1.247
-1.668,2.825
-1.687,1.596
-1.688,2.562
-1.73,1.052
-1.756,3.184
-1.854,1.612
-1.876,2.673
-1.808,1.174
-1.849,1.818
-2.014,0.929
-1.985,0.628
-2.209,0.522
-2.302,1.803
-2.164,3.359
-2.337,2.257
-2.429,3.637
-2.303,2.064
-2.437,1.09
-2.614,2.567
-2.78,3.812
-2.941,3.445
-3.031,3.679
-3.041,3.859
-3.122,1.947
-3.129,3.415
-3.018,2.747
3.105,1.491
3.114,3.141
2.961,2.857
2.786,0.445
2.866,2.123
2.858,4.136
2.771,0.795
2.648,1.713
2.609,2.228
2.563,2.782
2.652,0.199
2.528,2.447
2.528,4.056
2.596,0.194
2.467,1.721
2.44,0.19
2.395,1.277
2.357,3.697
2.309,2.914
2.356,0.622
2.339,3.149
2.335,0.351
2.171,2.368
2.179,2.858
2.055,3.756
2.048,3.517
2.148,1.513
1.888,0.567
2.024,0.28
1.951,0.384
1.84,1.561
1.763,3.461
1.867,1.171
1.758,1.739
1.623,0.649
1.362,3.312
1.336,1.74
1.238,2.406
1.134,2.999
1.064,2.669
0.865,1.553
0.832,0.249
0.962,0.484
0.825,0.636
0.887,0.357
0.734,3.81
0.816,1.392
0.733,0.457
0.591,0.68
0.726,1.845
0.676,2.402
0.305,1.705
0.325,1.914
0.088,0.231
-0.106,0.291
-0.078,1.752
-0.306,1.954
-0.42,0.514
-0.502,3.912
-0.505,2.415
-0.511,1.725
-0.423,3.038
-0.748,1.423
-0.657,1.248
-0.674,0.679
-0.84,1.336
-0.837,-0.172
-1.306,0.092
-1.474,0.068
-1.507,-0.182
-1.836,-0.276
-2.35,0.212
-2.379,-0.037
-2.395,-0.001
-2.544,-0.029
2.735,0.057
2.683,-0.248
2.321,-0.247
2.403,-0.013
1.983,0.089
1.749,0.1
0.679,-0.049
-0.399,0.051
-0.568,-0.231
-0.695,0.1
-1.955,4.383
3.136,4.386
-3.12,4.546
2.958,4.415
2.773,4.179
2.357,4.411
1.216,4.344
1.096,4.245
0.563,4.309
0.289,4.228
-0.009,4.44
-2.8,0.184
0.826,1.575
0.292,2.268
-1.395,2.322
-0.147,3.854
-0.178,2.784
-0.33,3.05
-0.33,3.479
-1.749,2.429
-2.966,2.514
2.252,2.481
1.915,2.523
1.034,2.534
0.739,-0.14
0.828,4.151
0.055,0.037
-0.262,3.985
-0.716,4.302
-0.914,4.495
-1.154,4.195
-2.133,4.175
3.126,4.228
2.99,4.27
2.677,4.499
0.946,4.125
0.799,4.25
0.69,4.201
0.379,4.057
0.425,4.514
0.371,4.135
0.431,4.241
0.348,4.158
0.145,4.171
-0.623,3.911
-0.69,2.394
0.984,0.219
0.446,0.98
2.646,4.209
2.3,4.161
-0.091,2.135
-0.266,3.904
-0.317,0.305
-0.266,2.326
-0.348,2.909
-0.441,1.428
-0.438,1.358
-0.531,2.344
-0.535,0.547
-0.856,4.012
-0.921,0.334
-0.929,3.638
-0.799,2.972
-0.892,4.006
-0.92,2.506
-0.95,0.886
-0.79,1.917
-0.79,1.199
-0.949,2.777
-0.968,1.548
-0.969,2.514
-1.011,1.004
-1.037,3.136
-1.135,1.564
-1.157,2.625
-1.089,1.126
-1.13,1.77
-1.295,0.881
-1.266,0.58
-1.49,0.474
-1.583,1.755
-1.445,3.311
-1.618,2.209
-1.71,3.589
-1.584,2.016
-1.718,1.042
-1.895,2.519
-2.061,3.764
-2.222,3.397
-2.312,3.631
-2.322,3.811
-2.403,1.899
-2.41,3.367
-2.299,2.699
-2.459,1.443
-2.45,3.093
-2.603,2.809
-2.778,0.397
-2.698,2.075
-2.706,4.088
-2.793,0.747
-2.916,1.665
-2.955,2.18
-3.001,2.734
-2.912,0.151
-3.036,2.399
-3.036,4.008
-2.968,0.146
-3.097,1.673
-3.124,0.142
3.114,1.229
3.076,3.649
3.028,2.866
3.075,0.574
3.058,3.101
3.054,0.303
2.89,2.32
2.898,2.81
2.774,3.708
2.767,3.469
2.867,1.465
2.607,0.519
2.743,0.232
2.67,0.336
2.559,1.513
2.482,3.413
2.586,1.123
2.477,1.691
2.342,0.601
2.081,3.264
2.055,1.692
1.957,2.358
1.853,2.951
1.783,2.621
1.584,1.505
1.551,0.201
1.681,0.436
1.544,0.588
1.606,0.309
1.453,3.762
1.535,1.344
1.452,0.409
1.31,0.632
1.445,1.797
1.395,2.354
1.024,1.657
1.044,1.866
0.807,0.183
0.613,0.243
0.641,1.704
0.413,1.906
0.299,0.466
0.217,3.864
0.214,2.367
0.208,1.677
0.296,2.99
-0.029,1.375
0.062,1.2
0.045,0.631
-0.121,1.288
-0.118,-0.22
-0.587,0.044
-0.755,0.02
-0.788,-0.23
-1.117,-0.324
-1.631,0.164
-1.66,-0.085
-1.676,-0.049
-1.825,-0.077
-2.829,0.009
-2.881,-0.296
3.04,-0.295
3.122,-0.061
2.702,0.041
2.468,0.052
1.398,-0.097
0.32,0.003
0.151,-0.279
0.024,0.052
-1.236,4.335
-2.428,4.338
-2.401,4.498
-2.606,4.367
-2.791,4.131
3.076,4.363
1.935,4.296
1.815,4.197
1.282,4.261
1.008,4.18
0.71,4.392
-2.081,0.136
1.545,1.527
1.011,2.22
-0.676,2.274
0.572,3.806
0.541,2.736
0.389,3.002
0.389,3.431
-1.03,2.381
-2.247,2.466
2.971,2.433
2.634,2.475
1.753,2.486
1.458,-0.188
1.547,4.103
-0.317,3.948
-0.771,4.265
-0.969,4.458
-1.209,4.158
-2.188,4.138
3.071,4.191
2.935,4.233
2.622,4.462
0.891,4.088
0.744,4.213
0.635,4.164
0.324,4.02
0.37,4.477
0.316,4.098
0.376,4.204
0.293,4.121
0.09,4.134
-0.678,3.874
-0.745,2.357
0.929,0.182
0.391,0.943
2.591,4.172
2.245,4.124
-0.146,2.098
-0.321,3.867
-0.372,0.268
-0.321,2.289
-0.403,2.872
-0.496,1.391
-0.493,1.321
-0.586,2.307
-0.59,0.51
-0.911,3.975
-0.976,0.297
-0.984,3.601
-0.854,2.935
-0.947,3.969
-0.975,2.469
-1.005,0.849
-0.845,1.88
-0.845,1.162
-1.004,2.74
-1.023,1.511
-1.024,2.477
-1.066,0.967
-1.092,3.099
-1.19,1.527
-1.212,2.588
-1.144,1.089
-1.185,1.733
-1.35,0.844
-1.321,0.543
-1.545,0.437
-1.638,1.718
-1.5,3.274
-1.673,2.172
-1.765,3.552
-1.639,1.979
-1.773,1.005
-1.95,2.482
-2.116,3.727
-2.277,3.36
-2.367,3.594
-2.377,3.774
-2.458,1.862
-2.465,3.33
-2.354,2.662
-2.514,1.406
-2.505,3.056
-2.658,2.772
-2.833,0.36
-2.753,2.038
-2.761,4.051
-2.848,0.71
-2.971,1.628
-3.01,2.143
-3.056,2.697
-2.967,0.114
-3.091,2.362
-3.091,3.971
-3.023,0.109
3.131,1.636
3.104,0.105
3.059,1.192
3.021,3.612
2.973,2.829
3.02,0.537
3.003,3.064
2.999,0.266
2.835,2.283
2.843,2.773
2.719,3.671
2.712,3.432
2.812,1.428
2.552,0.482
2.688,0.195
2.615,0.299
2.504,1.476
2.427,3.376
2.531,1.086
2.422,1.654
2.287,0.564
2.026,3.227
2.0,1.655
1.902,2.321
1.798,2.914
1.728,2.584
1.529,1.468
1.496,0.164
1.626,0.399
1.489,0.551
1.551,0.272
1.398,3.725
1.48,1.307
1.397,0.372
1.255,0.595
1.39,1.76
1.34,2.317
0.969,1.62
0.989,1.829
0.752,0.146
0.558,0.206
0.586,1.667
0.358,1.869
0.244,0.429
0.162,3.827
0.159,2.33
0.153,1.64
0.241,2.953
-0.084,1.338
0.007,1.163
-0.01,0.594
-0.176,1.251
-0.173,-0.257
-0.642,0.007
-0.81,-0.017
-0.843,-0.267
-1.172,-0.361
-1.686,0.127
-1.715,-0.122
-1.731,-0.086
-1.88,-0.114
-2.884,-0.028
-2.936,-0.333
2.985,-0.332
3.067,-0.098
2.647,0.004
2.413,0.015
1.343,-0.134
0.265,-0.034
0.096,-0.316
-0.031,0.015
-1.291,4.298
-2.483,4.301
-2.456,4.461
-2.661,4.33
-2.846,4.094
3.021,4.326
1.88,4.259
1.76,4.16
1.227,4.224
0.953,4.143
0.655,4.355
-2.136,0.099
1.49,1.49
0.956,2.183
-0.731,2.237
0.517,3.769
0.486,2.699
0.334,2.965
0.334,3.394
-1.085,2.344
-2.302,2.429
2.916,2.396
2.579,2.438
1.698,2.449
1.403,-0.225
1.492,4.066
-0.454,0.317
-0.652,0.51
-0.892,0.21
-1.871,0.19
-2.895,0.243
-3.031,0.285
2.939,0.514
1.208,0.14
1.061,0.265
0.952,0.216
0.641,0.072
0.687,0.529
0.633,0.15
0.693,0.256
0.61,0.173
0.407,0.186
-0.361,-0.074
-0.428,-1.591
1.246,-3.766
0.708,-3.005
2.908,0.224
2.562,0.176
0.171,-1.85
-0.004,-0.081
-0.055,-3.68
-0.004,-1.659
-0.086,-1.076
-0.179,-2.557
-0.176,-2.627
-0.269,-1.641
-0.273,-3.438
-0.594,0.027
-0.659,-3.651
-0.667,-0.347
-0.537,-1.013
-0.63,0.021
-0.658,-1.479
-0.688,-3.099
-0.528,-2.068
-0.528,-2.786
-0.687,-1.208
-0.706,-2.437
-0.707,-1.471
-0.749,-2.981
-0.775,-0.849
-0.873,-2.421
-0.895,-1.36
-0.827,-2.859
-0.868,-2.215
-1.033,-3.104
-1.004,-3.405
-1.228,-3.511
-1.321,-2.23
-1.183,-0.674
-1.356,-1.776
-1.448,-0.396
-1.322,-1.969
-1.456,-2.943
-1.633,-1.466
-1.799,-0.221
-1.96,-0.588
-2.05,-0.354
-2.06,-0.174
-2.141,-2.086
-2.148,-0.618
-2.037,-1.286
-2.197,-2.542
-2.188,-0.892
-2.341,-1.176
-2.516,-3.588
-2.436,-1.91
-2.444,0.103
-2.531,-3.238
-2.654,-2.32
-2.693,-1.805
-2.739,-1.251
-2.65,-3.834
-2.774,-1.586
-2.774,0.023
-2.706,-3.839
-2.835,-2.312
-2.862,-3.843
-2.907,-2.756
-2.945,-0.336
-2.993,-1.119
-2.946,-3.411
-2.963,-0.884
-2.967,-3.682
-3.131,-1.665
-3.123,-1.175
3.036,-0.277
3.029,-0.516
3.129,-2.52
2.869,-3.466
3.005,-3.753
2.932,-3.649
2.821,-2.472
2.744,-0.572
2.848,-2.862
2.739,-2.294
2.604,-3.384
2.343,-0.721
2.317,-2.293
2.219,-1.627
2.115,-1.034
2.045,-1.364
1.846,-2.48
1.813,-3.784
1.943,-3.549
1.806,-3.397
1.868,-3.676
1.715,-0.223
1.797,-2.641
1.714,-3.576
1.572,-3.353
1.707,-2.188
1.657,-1.631
1.286,-2.328
1.306,-2.119
1.069,-3.802
0.875,-3.742
0.903,-2.281
0.675,-2.079
0.561,-3.519
0.479,-0.121
0.476,-1.618
0.47,-2.308
0.558,-0.995
0.233,-2.61
0.324,-2.785
0.307,-3.354
0.141,-2.697
0.144,-4.205
-0.325,-3.941
-0.493,-3.965
-0.526,-4.215
-0.855,-4.309
-1.369,-3.821
-1.398,-4.07
-1.414,-4.034
-1.563,-4.062
-2.567,-3.976
-2.619,-4.281
-2.981,-4.28
-2.899,-4.046
2.964,-3.944
2.73,-3.933
1.66,-4.082
0.582,-3.982
0.413,-4.264
0.286,-3.933
-0.974,0.35
-2.166,0.353
-2.139,0.513
-2.344,0.382
-2.529,0.146
-2.945,0.378
2.197,0.311
2.077,0.212
1.544,0.276
1.27,0.195
0.972,0.407
-1.819,-3.849
1.807,-2.458
1.273,-1.765
-0.414,-1.711
0.834,-0.179
0.803,-1.249
0.651,-0.983
0.651,-0.554
-0.768,-1.604
-1.985,-1.519
-3.05,-1.552
2.896,-1.51
2.015,-1.499
1.72,-4.173
1.809,0.118
-0.198,0.193
-0.438,-0.107
-1.417,-0.127
-2.441,-0.074
-2.577,-0.032
-2.89,0.197
1.662,-0.177
1.515,-0.052
1.406,-0.101
1.095,-0.245
1.141,0.212
1.087,-0.167
1.147,-0.061
1.064,-0.144
0.861,-0.131
0.093,-0.391
0.026,-1.908
1.7,-4.083
1.162,-3.322
-2.921,-0.093
3.016,-0.141
0.625,-2.167
0.45,-0.398
0.399,-3.997
0.45,-1.976
0.368,-1.393
0.275,-2.874
0.278,-2.944
0.185,-1.958
0.181,-3.755
-0.14,-0.29
-0.205,-3.968
-0.213,-0.664
-0.083,-1.33
-0.176,-0.296
-0.204,-1.796
-0.234,-3.416
-0.074,-2.385
-0.074,-3.103
-0.233,-1.525
-0.252,-2.754
-0.253,-1.788
-0.295,-3.298
-0.321,-1.166
-0.419,-2.738
-0.441,-1.677
-0.373,-3.176
-0.414,-2.532
-0.579,-3.421
-0.55,-3.722
-0.774,-3.828
-0.867,-2.547
-0.729,-0.991
-0.902,-2.093
-0.994,-0.713
-0.868,-2.286
-1.002,-3.26
-1.179,-1.783
-1.345,-0.538
-1.506,-0.905
-1.596,-0.671
-1.606,-0.491
-1.687,-2.403
-1.694,-0.935
-1.583,-1.603
-1.743,-2.859
-1.734,-1.209
-1.887,-1.493
-2.062,-3.905
-1.982,-2.227
-1.99,-0.214
-2.077,-3.555
-2.2,-2.637
-2.239,-2.122
-2.285,-1.568
-2.196,-4.151
-2.32,-1.903
-2.32,-0.294
-2.252,-4.156
-2.381,-2.629
-2.408,-4.16
-2.453,-3.073
-2.491,-0.653
-2.539,-1.436
-2.492,-3.728
-2.509,-1.201
-2.513,-3.999
-2.677,-1.982
-2.669,-1.492
-2.793,-0.594
-2.8,-0.833
-2.7,-2.837
-2.96,-3.783
-2.824,-4.07
-2.897,-3.966
-3.008,-2.789
-3.085,-0.889
-2.981,-3.179
-3.09,-2.611
3.058,-3.701
2.797,-1.038
2.771,-2.61
2.673,-1.944
2.569,-1.351
2.499,-1.681
2.3,-2.797
2.267,-4.101
2.397,-3.866
2.26,-3.714
2.322,-3.993
2.169,-0.54
2.251,-2.958
2.168,-3.893
2.026,-3.67
2.161,-2.505
2.111,-1.948
1.74,-2.645
1.76,-2.436
1.523,-4.119
1.329,-4.059
1.357,-2.598
1.129,-2.396
1.015,-3.836
0.933,-0.438
0.93,-1.935
0.924,-2.625
1.012,-1.312
0.687,-2.927
0.778,-3.102
0.761,-3.671
0.595,-3.014
0.598,-4.522
0.129,-4.258
-0.039,-4.282
-0.072,-4.532
-0.401,-4.626
-0.915,-4.138
-0.944,-4.387
-0.96,-4.351
-1.109,-4.379
-2.113,-4.293
-2.165,-4.598
-2.527,-4.597
-2.445,-4.363
-2.865,-4.261
-3.099,-4.25
2.114,-4.399
1.036,-4.299
0.867,-4.581
0.74,-4.25
-0.52,0.033
-1.712,0.036
-1.685,0.196
-1.89,0.065
-2.075,-0.171
-2.491,0.061
2.651,-0.006
2.531,-0.105
1.998,-0.041
1.724,-0.122
1.426,0.09
-1.365,-4.166
2.261,-2.775
1.727,-2.082
0.04,-2.028
1.288,-0.496
1.257,-1.566
1.105,-1.3
1.105,-0.871
-0.314,-1.921
-1.531,-1.836
-2.596,-1.869
-2.933,-1.827
2.469,-1.816
2.174,-4.49
2.263,-0.199
-0.24,-0.3
-1.219,-0.32
-2.243,-0.267
-2.379,-0.225
-2.692,0.004
1.86,-0.37
1.713,-0.245
1.604,-0.294
1.293,-0.438
1.339,0.019
1.285,-0.36
1.345,-0.254
1.262,-0.337
1.059,-0.324
0.291,-0.584
0.224,-2.101
1.898,-4.276
1.36,-3.515
-2.723,-0.286
-3.069,-0.334
0.823,-2.36
0.648,-0.591
0.597,-4.19
0.648,-2.169
0.566,-1.586
0.473,-3.067
0.476,-3.137
0.383,-2.151
0.379,-3.948
0.058,-0.483
-0.007,-4.161
-0.015,-0.857
0.115,-1.523
0.022,-0.489
-0.006,-1.989
-0.036,-3.609
0.124,-2.578
0.124,-3.296
-0.035,-1.718
-0.054,-2.947
-0.055,-1.981
-0.097,-3.491
-0.123,-1.359
-0.221,-2.931
-0.243,-1.87
-0.175,-3.369
-0.216,-2.725
-0.381,-3.614
-0.352,-3.915
-0.576,-4.021
-0.669,-2.74
-0.531,-1.184
-0.704,-2.286
-0.796,-0.906
-0.67,-2.479
-0.804,-3.453
-0.981,-1.976
-1.147,-0.731
-1.308,-1.098
-1.398,-0.864
-1.408,-0.684
-1.489,-2.596
-1.496,-1.128
-1.385,-1.796
-1.545,-3.052
-1.536,-1.402
-1.689,-1.686
-1.864,-4.098
-1.784,-2.42
-1.792,-0.407
-1.879,-3.748
-2.002,-2.83
-2.041,-2.315
-2.087,-1.761
-1.998,-4.344
-2.122,-2.096
-2.122,-0.487
-2.054,-4.349
-2.183,-2.822
-2.21,-4.353
-2.255,-3.266
-2.293,-0.846
-2.341,-1.629
-2.294,-3.921
-2.311,-1.394
-2.315,-4.192
-2.479,-2.175
-2.471,-1.685
-2.595,-0.787
-2.602,-1.026
-2.502,-3.03
-2.762,-3.976
-2.626,-4.263
-2.699,-4.159
-2.81,-2.982
-2.887,-1.082
-2.783,-3.372
-2.892,-2.804
-3.027,-3.894
2.995,-1.231
2.969,-2.803
2.871,-2.137
2.767,-1.544
2.697,-1.874
2.498,-2.99
2.465,-4.294
2.595,-4.059
2.458,-3.907
2.52,-4.186
2.367,-0.733
2.449,-3.151
2.366,-4.086
2.224,-3.863
2.359,-2.698
2.309,-2.141
1.938,-2.838
1.958,-2.629
1.721,-4.312
1.527,-4.252
1.555,-2.791
1.327,-2.589
1.213,-4.029
1.131,-0.631
1.128,-2.128
1.122,-2.818
1.21,-1.505
0.885,-3.12
0.976,-3.295
0.959,-3.864
0.793,-3.207
0.796,-4.715
0.327,-4.451
0.159,-4.475
0.126,-4.725
-0.203,-4.819
-0.717,-4.331
-0.746,-4.58
-0.762,-4.544
-0.911,-4.572
-1.915,-4.486
-1.967,-4.791
-2.329,-4.79
-2.247,-4.556
-2.667,-4.454
-2.901,-4.443
2.312,-4.592
1.234,-4.492
1.065,-4.774
0.938,-4.443
-0.322,-0.16
-1.514,-0.157
-1.487,0.003
-1.692,-0.128
-1.877,-0.364
-2.293,-0.132
2.849,-0.199
2.729,-0.298
2.196,-0.234
1.922,-0.315
1.624,-0.103
-1.167,-4.359
2.459,-2.968
1.925,-2.275
0.238,-2.221
1.486,-0.689
1.455,-1.759
1.303,-1.493
1.303,-1.064
-0.116,-2.114
-1.333,-2.029
-2.398,-2.062
-2.735,-2.02
2.667,-2.009
2.372,-4.683
2.461,-0.392
-0.979,-0.02
-2.003,0.033
-2.139,0.075
-2.452,0.304
2.1,-0.07
1.953,0.055
1.844,0.006
1.533,-0.138
1.579,0.319
1.525,-0.06
1.585,0.046
1.502,-0.037
1.299,-0.024
0.531,-0.284
0.464,-1.801
2.138,-3.976
1.6,-3.215
-2.483,0.014
-2.829,-0.034
1.063,-2.06
0.888,-0.291
0.837,-3.89
0.888,-1.869
0.806,-1.286
0.713,-2.767
0.716,-2.837
0.623,-1.851
0.619,-3.648
0.298,-0.183
0.233,-3.861
0.225,-0.557
0.355,-1.223
0.262,-0.189
0.234,-1.689
0.204,-3.309
0.364,-2.278
0.364,-2.996
0.205,-1.418
0.186,-2.647
0.185,-1.681
0.143,-3.191
0.117,-1.059
0.019,-2.631
-0.003,-1.57
0.065,-3.069
0.024,-2.425
-0.141,-3.314
-0.112,-3.615
-0.336,-3.721
-0.429,-2.44
-0.291,-0.884
-0.464,-1.986
-0.556,-0.606
-0.43,-2.179
-0.564,-3.153
-0.741,-1.676
-0.907,-0.431
-1.068,-0.798
-1.158,-0.564
-1.168,-0.384
-1.249,-2.296
-1.256,-0.828
-1.145,-1.496
-1.305,-2.752
-1.296,-1.102
-1.449,-1.386
-1.624,-3.798
-1.544,-2.12
-1.552,-0.107
-1.639,-3.448
-1.762,-2.53
-1.801,-2.015
-1.847,-1.461
-1.758,-4.044
-1.882,-1.796
-1.882,-0.187
-1.814,-4.049
-1.943,-2.522
-1.97,-4.053
-2.015,-2.966
-2.053,-0.546
-2.101,-1.329
-2.054,-3.621
-2.071,-1.094
-2.075,-3.892
-2.239,-1.875
-2.231,-1.385
-2.355,-0.487
-2.362,-0.726
-2.262,-2.73
-2.522,-3.676
-2.386,-3.963
-2.459,-3.859
-2.57,-2.682
-2.647,-0.782
-2.543,-3.072
-2.652,-2.504
-2.787,-3.594
-3.048,-0.931
-3.074,-2.503
3.111,-1.837
3.007,-1.244
2.937,-1.574
2.738,-2.69
2.705,-3.994
2.835,-3.759
2.698,-3.607
2.76,-3.886
2.607,-0.433
2.689,-2.851
2.606,-3.786
2.464,-3.563
2.599,-2.398
2.549,-1.841
2.178,-2.538
2.198,-2.329
1.961,-4.012
1.767,-3.952
1.795,-2.491
1.567,-2.289
1.453,-3.729
1.371,-0.331
1.368,-1.828
1.362,-2.518
1.45,-1.205
1.125,-2.82
1.216,-2.995
1.199,-3.564
1.033,-2.907
1.036,-4.415
0.567,-4.151
0.399,-4.175
0.366,-4.425
0.037,-4.519
-0.477,-4.031
-0.506,-4.28
-0.522,-4.244
-0.671,-4.272
-1.675,-4.186
-1.727,-4.491
-2.089,-4.49
-2.007,-4.256
-2.427,-4.154
-2.661,-4.143
2.552,-4.292
1.474,-4.192
1.305,-4.474
1.178,-4.143
-0.082,0.14
-1.274,0.143
-1.247,0.303
-1.452,0.172
-1.637,-0.064
-2.053,0.168
3.089,0.101
2.969,0.002
2.436,0.066
2.162,-0.015
1.864,0.197
-0.927,-4.059
2.699,-2.668
2.165,-1.975
0.478,-1.921
1.726,-0.389
1.695,-1.459
1.543,-1.193
1.543,-0.764
0.124,-1.814
-1.093,-1.729
-2.158,-1.762
-2.495,-1.72
2.907,-1.709
2.612,-4.383
2.701,-0.092
-1.024,0.053
-1.16,0.095
-1.473,0.324
3.079,-0.05
2.932,0.075
2.823,0.026
2.512,-0.118
2.558,0.339
2.504,-0.04
2.564,0.066
2.481,-0.017
2.278,-0.004
1.51,-0.264
1.443,-1.781
3.117,-3.956
2.579,-3.195
-1.504,0.034
-1.85,-0.014
2.042,-2.04
1.867,-0.271
1.816,-3.87
1.867,-1.849
1.785,-1.266
1.692,-2.747
1.695,-2.817
1.602,-1.831
1.598,-3.628
1.277,-0.163
1.212,-3.841
1.204,-0.537
1.334,-1.203
1.241,-0.169
1.213,-1.669
1.183,-3.289
1.343,-2.258
1.343,-2.976
1.184,-1.398
1.165,-2.627
1.164,-1.661
1.122,-3.171
1.096,-1.039
0.998,-2.611
0.976,-1.55
1.044,-3.049
1.003,-2.405
0.838,-3.294
0.867,-3.595
0.643,-3.701
0.55,-2.42
0.688,-0.864
0.515,-1.966
0.423,-0.586
0.549,-2.159
0.415,-3.133
0.238,-1.656
0.072,-0.411
-0.089,-0.778
-0.179,-0.544
-0.189,-0.364
-0.27,-2.276
-0.277,-0.808
-0.166,-1.476
-0.326,-2.732
-0.317,-1.082
-0.47,-1.366
-0.645,-3.778
-0.565,-2.1
-0.573,-0.087
-0.66,-3.428
-0.783,-2.51
-0.822,-1.995
-0.868,-1.441
-0.779,-4.024
-0.903,-1.776
-0.903,-0.167
-0.835,-4.029
-0.964,-2.502
-0.991,-4.033
-1.036,-2.946
-1.074,-0.526
-1.122,-1.309
-1.075,-3.601
-1.092,-1.074
-1.096,-3.872
-1.26,-1.855
-1.252,-1.365
-1.376,-0.467
-1.383,-0.706
-1.283,-2.71
-1.543,-3.656
-1.407,-3.943
-1.48,-3.839
-1.591,-2.662
-1.668,-0.762
-1.564,-3.052
-1.673,-2.484
-1.808,-3.574
-2.069,-0.911
-2.095,-2.483
-2.193,-1.817
-2.297,-1.224
-2.367,-1.554
-2.566,-2.67
-2.599,-3.974
-2.469,-3.739
-2.606,-3.587
-2.544,-3.866
-2.697,-0.413
-2.615,-2.831
-2.698,-3.766
-2.84,-3.543
-2.705,-2.378
-2.755,-1.821
-3.126,-2.518
-3.106,-2.309
2.94,-3.992
2.746,-3.932
2.774,-2.471
2.546,-2.269
2.432,-3.709
2.35,-0.311
2.347,-1.808
2.341,-2.498
2.429,-1.185
2.104,-2.8
2.195,-2.975
2.178,-3.544
2.012,-2.887
2.015,-4.395
1.546,-4.131
1.378,-4.155
1.345,-4.405
1.016,-4.499
0.502,-4.011
0.473,-4.26
0.457,-4.224
0.308,-4.252
-0.696,-4.166
-0.748,-4.471
-1.11,-4.47
-1.028,-4.236
-1.448,-4.134
-1.682,-4.123
-2.752,-4.272
2.453,-4.172
2.284,-4.454
2.157,-4.123
0.897,0.16
-0.295,0.163
-0.268,0.323
-0.473,0.192
-0.658,-0.044
-1.074,0.188
-2.215,0.121
-2.335,0.022
-2.868,0.086
3.141,0.005
2.843,0.217
0.052,-4.039
-2.605,-2.648
-3.139,-1.955
1.457,-1.901
2.705,-0.369
2.674,-1.439
2.522,-1.173
2.522,-0.744
1.103,-1.794
-0.114,-1.709
-1.179,-1.742
-1.516,-1.7
-2.397,-1.689
-2.692,-4.363
-2.603,-0.072
-0.136,0.042
-0.449,0.271
-2.18,-0.103
-2.327,0.022
-2.436,-0.027
-2.747,-0.171
-2.701,0.286
-2.755,-0.093
-2.695,0.013
-2.778,-0.07
-2.981,-0.057
2.534,-0.317
2.467,-1.834
-2.142,-4.009
-2.68,-3.248
-0.48,-0.019
-0.826,-0.067
3.066,-2.093
2.891,-0.324
2.84,-3.923
2.891,-1.902
2.809,-1.319
2.716,-2.8
2.719,-2.87
2.626,-1.884
2.622,-3.681
2.301,-0.216
2.236,-3.894
2.228,-0.59
2.358,-1.256
2.265,-0.222
2.237,-1.722
2.207,-3.342
2.367,-2.311
2.367,-3.029
2.208,-1.451
2.189,-2.68
2.188,-1.714
2.146,-3.224
2.12,-1.092
2.022,-2.664
2.0,-1.603
2.068,-3.102
2.027,-2.458
1.862,-3.347
1.891,-3.648
1.667,-3.754
1.574,-2.473
1.712,-0.917
1.539,-2.019
1.447,-0.639
1.573,-2.212
1.439,-3.186
1.262,-1.709
1.096,-0.464
0.935,-0.831
0.845,-0.597
0.835,-0.417
0.754,-2.329
0.747,-0.861
0.858,-1.529
0.698,-2.785
0.707,-1.135
0.554,-1.419
0.379,-3.831
0.459,-2.153
0.451,-0.14
0.364,-3.481
0.241,-2.563
0.202,-2.048
0.156,-1.494
0.245,-4.077
0.121,-1.829
0.121,-0.22
0.189,-4.082
0.06,-2.555
0.033,-4.086
-0.012,-2.999
-0.05,-0.579
-0.098,-1.362
-0.051,-3.654
-0.068,-1.127
-0.072,-3.925
-0.236,-1.908
-0.228,-1.418
-0.352,-0.52
-0.359,-0.759
-0.259,-2.763
-0.519,-3.709
-0.383,-3.996
-0.456,-3.892
-0.567,-2.715
-0.644,-0.815
-0.54,-3.105
-0.649,-2.537
-0.784,-3.627
-1.045,-0.964
-1.071,-2.536
-1.169,-1.87
-1.273,-1.277
-1.343,-1.607
-1.542,-2.723
-1.575,-4.027
-1.445,-3.792
-1.582,-3.64
-1.52,-3.919
-1.673,-0.466
-1.591,-2.884
-1.674,-3.819
-1.816,-3.596
-1.681,-2.431
-1.731,-1.874
-2.102,-2.571
-2.082,-2.362
-2.319,-4.045
-2.513,-3.985
-2.485,-2.524
-2.713,-2.322
-2.827,-3.762
-2.909,-0.364
-2.912,-1.861
-2.918,-2.551
-2.83,-1.238
3.128,-2.853
-3.064,-3.028
-3.081,-3.597
3.036,-2.94
3.039,-4.448
2.57,-4.184
2.402,-4.208
2.369,-4.458
2.04,-4.552
1.526,-4.064
1.497,-4.313
1.481,-4.277
1.332,-4.305
0.328,-4.219
0.276,-4.524
-0.086,-4.523
-0.004,-4.289
-0.424,-4.187
-0.658,-4.176
-1.728,-4.325
-2.806,-4.225
-2.975,-4.507
-3.102,-4.176
1.921,0.107
0.729,0.11
0.756,0.27
0.551,0.139
0.366,-0.097
-0.05,0.135
-1.191,0.068
-1.311,-0.031
-1.844,0.033
-2.118,-0.048
-2.416,0.164
1.076,-4.092
-1.581,-2.701
-2.115,-2.008
2.481,-1.954
-2.554,-0.422
-2.585,-1.492
-2.737,-1.226
-2.737,-0.797
2.127,-1.847
0.91,-1.762
-0.155,-1.795
-0.492,-1.753
-1.373,-1.742
-1.668,-4.416
-1.579,-0.125
-0.313,0.229
-2.044,-0.145
-2.191,-0.02
-2.3,-0.069
-2.611,-0.213
-2.565,0.244
-2.619,-0.135
-2.559,-0.029
-2.642,-0.112
-2.845,-0.099
2.67,-0.359
2.603,-1.876
-2.006,-4.051
-2.544,-3.29
-0.344,-0.061
-0.69,-0.109
-3.081,-2.135
3.027,-0.366
2.976,-3.965
3.027,-1.944
2.945,-1.361
2.852,-2.842
2.855,-2.912
2.762,-1.926
2.758,-3.723
2.437,-0.258
2.372,-3.936
2.364,-0.632
2.494,-1.298
2.401,-0.264
2.373,-1.764
2.343,-3.384
2.503,-2.353
2.503,-3.071
2.344,-1.493
2.325,-2.722
2.324,-1.756
2.282,-3.266
2.256,-1.134
2.158,-2.706
2.136,-1.645
2.204,-3.144
2.163,-2.5
1.998,-3.389
2.027,-3.69
1.803,-3.796
1.71,-2.515
1.848,-0.959
1.675,-2.061
1.583,-0.681
1.709,-2.254
1.575,-3.228
1.398,-1.751
1.232,-0.506
1.071,-0.873
0.981,-0.639
0.971,-0.459
0.89,-2.371
0.883,-0.903
0.994,-1.571
0.834,-2.827
0.843,-1.177
0.69,-1.461
0.515,-3.873
0.595,-2.195
0.587,-0.182
0.5,-3.523
0.377,-2.605
0.338,-2.09
0.292,-1.536
0.381,-4.119
0.257,-1.871
0.257,-0.262
0.325,-4.124
0.196,-2.597
0.169,-4.128
0.124,-3.041
0.086,-0.621
0.038,-1.404
0.085,-3.696
0.068,-1.169
0.064,-3.967
-0.1,-1.95
-0.092,-1.46
-0.216,-0.562
-0.223,-0.801
-0.123,-2.805
-0.383,-3.751
-0.247,-4.038
-0.32,-3.934
-0.431,-2.757
-0.508,-0.857
-0.404,-3.147
-0.513,-2.579
-0.648,-3.669
-0.909,-1.006
-0.935,-2.578
-1.033,-1.912
-1.137,-1.319
-1.207,-1.649
-1.406,-2.765
-1.439,-4.069
-1.309,-3.834
-1.446,-3.682
-1.384,-3.961
-1.537,-0.508
-1.455,-2.926
-1.538,-3.861
-1.68,-3.638
-1.545,-2.473
-1.595,-1.916
-1.966,-2.613
-1.946,-2.404
-2.183,-4.087
-2.377,-4.027
-2.349,-2.566
-2.577,-2.364
-2.691,-3.804
-2.773,-0.406
-2.776,-1.903
-2.782,-2.593
-2.694,-1.28
-3.019,-2.895
-2.928,-3.07
-2.945,-3.639
-3.111,-2.982
-3.108,-4.49
2.706,-4.226
2.538,-4.25
2.505,-4.5
2.176,-4.594
1.662,-4.106
1.633,-4.355
1.617,-4.319
1.468,-4.347
0.464,-4.261
0.412,-4.566
0.05,-4.565
0.132,-4.331
-0.288,-4.229
-0.522,-4.218
-1.592,-4.367
-2.67,-4.267
-2.839,-4.549
-2.966,-4.218
2.057,0.065
0.865,0.068
0.892,0.228
0.687,0.097
0.502,-0.139
0.086,0.093
-1.055,0.026
-1.175,-0.073
-1.708,-0.009
-1.982,-0.09
-2.28,0.122
1.212,-4.134
-1.445,-2.743
-1.979,-2.05
2.617,-1.996
-2.418,-0.464
-2.449,-1.534
-2.601,-1.268
-2.601,-0.839
2.263,-1.889
1.046,-1.804
-0.019,-1.837
-0.356,-1.795
-1.237,-1.784
-1.532,-4.458
-1.443,-0.167
-1.731,-0.374
-1.878,-0.249
-1.987,-0.298
-2.298,-0.442
-2.252,0.015
-2.306,-0.364
-2.246,-0.258
-2.329,-0.341
-2.532,-0.328
2.983,-0.588
2.916,-2.105
-1.693,-4.28
-2.231,-3.519
-0.031,-0.29
-0.377,-0.338
-2.768,-2.364
-2.943,-0.595
-2.994,-4.194
-2.943,-2.173
-3.025,-1.59
-3.118,-3.071
-3.115,-3.141
3.075,-2.155
3.071,-3.952
2.75,-0.487
2.685,-4.165
2.677,-0.861
2.807,-1.527
2.714,-0.493
2.686,-1.993
2.656,-3.613
2.816,-2.582
2.816,-3.3
2.657,-1.722
2.638,-2.951
2.637,-1.985
2.595,-3.495
2.569,-1.363
2.471,-2.935
2.449,-1.874
2.517,-3.373
2.476,-2.729
2.311,-3.618
2.34,-3.919
2.116,-4.025
2.023,-2.744
2.161,-1.188
1.988,-2.29
1.896,-0.91
2.022,-2.483
1.888,-3.457
1.711,-1.98
1.545,-0.735
1.384,-1.102
1.294,-0.868
1.284,-0.688
1.203,-2.6
1.196,-1.132
1.307,-1.8
1.147,-3.056
1.156,-1.406
1.003,-1.69
0.828,-4.102
0.908,-2.424
0.9,-0.411
0.813,-3.752
0.69,-2.834
0.651,-2.319
0.605,-1.765
0.694,-4.348
0.57,-2.1
0.57,-0.491
0.638,-4.353
0.509,-2.826
0.482,-4.357
0.437,-3.27
0.399,-0.85
0.351,-1.633
0.398,-3.925
0.381,-1.398
0.377,-4.196
0.213,-2.179
0.221,-1.689
0.097,-0.791
0.09,-1.03
0.19,-3.034
-0.07,-3.98
0.066,-4.267
-0.007,-4.163
-0.118,-2.986
-0.195,-1.086
-0.091,-3.376
-0.2,-2.808
-0.335,-3.898
-0.596,-1.235
-0.622,-2.807
-0.72,-2.141
-0.824,-1.548
-0.894,-1.878
-1.093,-2.994
-1.126,-4.298
-0.996,-4.063
-1.133,-3.911
-1.071,-4.19
-1.224,-0.737
-1.142,-3.155
-1.225,-4.09
-1.367,-3.867
-1.232,-2.702
-1.282,-2.145
-1.653,-2.842
-1.633,-2.633
-1.87,-4.316
-2.064,-4.256
-2.036,-2.795
-2.264,-2.593
-2.378,-4.033
-2.46,-0.635
-2.463,-2.132
-2.469,-2.822
-2.381,-1.509
-2.706,-3.124
-2.615,-3.299
-2.632,-3.868
-2.798,-3.211
-2.795,-4.719
3.019,-4.455
2.851,-4.479
2.818,-4.729
2.489,-4.823
1.975,-4.335
1.946,-4.584
1.93,-4.548
1.781,-4.576
0.777,-4.49
0.725,-4.795
0.363,-4.794
0.445,-4.56
0.025,-4.458
-0.209,-4.447
-1.279,-4.596
-2.357,-4.496
-2.526,-4.778
-2.653,-4.447
2.37,-0.164
1.178,-0.161
1.205,-0.001
1.0,-0.132
0.815,-0.368
0.399,-0.136
-0.742,-0.203
-0.862,-0.302
-1.395,-0.238
-1.669,-0.319
-1.967,-0.107
1.525,-4.363
-1.132,-2.972
-1.666,-2.279
2.93,-2.225
-2.105,-0.693
-2.136,-1.763
-2.288,-1.497
-2.288,-1.068
2.576,-2.118
1.359,-2.033
0.294,-2.066
-0.043,-2.024
-0.924,-2.013
-1.219,-4.687
-1.13,-0.396
-0.147,0.125
-0.256,0.076
-0.567,-0.068
-0.521,0.389
-0.575,0.01
-0.515,0.116
-0.598,0.033
-0.801,0.046
-1.569,-0.214
-1.636,-1.731
0.038,-3.906
-0.5,-3.145
1.7,0.084
1.354,0.036
-1.037,-1.99
-1.212,-0.221
-1.263,-3.82
-1.212,-1.799
-1.294,-1.216
-1.387,-2.697
-1.384,-2.767
-1.477,-1.781
-1.481,-3.578
-1.802,-0.113
-1.867,-3.791
-1.875,-0.487
-1.745,-1.153
-1.838,-0.119
-1.866,-1.619
-1.896,-3.239
-1.736,-2.208
-1.736,-2.926
-1.895,-1.348
-1.914,-2.577
-1.915,-1.611
-1.957,-3.121
-1.983,-0.989
-2.081,-2.561
-2.103,-1.5
-2.035,-2.999
-2.076,-2.355
-2.241,-3.244
-2.212,-3.545
-2.436,-3.651
-2.529,-2.37
-2.391,-0.814
-2.564,-1.916
-2.656,-0.536
-2.53,-2.109
-2.664,-3.083
-2.841,-1.606
-3.007,-0.361
3.115,-0.728
3.025,-0.494
3.015,-0.314
2.934,-2.226
2.927,-0.758
3.038,-1.426
2.878,-2.682
2.887,-1.032
2.734,-1.316
2.559,-3.728
2.639,-2.05
2.631,-0.037
2.544,-3.378
2.421,-2.46
2.382,-1.945
2.336,-1.391
2.425,-3.974
2.301,-1.726
2.301,-0.117
2.369,-3.979
2.24,-2.452
2.213,-3.983
2.168,-2.896
2.13,-0.476
2.082,-1.259
2.129,-3.551
2.112,-1.024
2.108,-3.822
1.944,-1.805
1.952,-1.315
1.828,-0.417
1.821,-0.656
1.921,-2.66
1.661,-3.606
1.797,-3.893
1.724,-3.789
1.613,-2.612
1.536,-0.712
1.64,-3.002
1.531,-2.434
1.396,-3.524
1.135,-0.861
1.109,-2.433
1.011,-1.767
0.907,-1.174
0.837,-1.504
0.638,-2.62
0.605,-3.924
0.735,-3.689
0.598,-3.537
0.66,-3.816
0.507,-0.363
0.589,-2.781
0.506,-3.716
0.364,-3.493
0.499,-2.328
0.449,-1.771
0.078,-2.468
0.098,-2.259
-0.139,-3.942
-0.333,-3.882
-0.305,-2.421
-0.533,-2.219
-0.647,-3.659
-0.729,-0.261
-0.732,-1.758
-0.738,-2.448
-0.65,-1.135
-0.975,-2.75
-0.884,-2.925
-0.901,-3.494
-1.067,-2.837
-1.064,-4.345
-1.533,-4.081
-1.701,-4.105
-1.734,-4.355
-2.063,-4.449
-2.577,-3.961
-2.606,-4.21
-2.622,-4.174
-2.771,-4.202
2.508,-4.116
2.456,-4.421
2.094,-4.42
2.176,-4.186
1.756,-4.084
1.522,-4.073
0.452,-4.222
-0.626,-4.122
-0.795,-4.404
-0.922,-4.073
-2.182,0.21
2.909,0.213
2.936,0.373
2.731,0.242
2.546,0.006
2.13,0.238
0.989,0.171
0.869,0.072
0.336,0.136
0.062,0.055
-0.236,0.267
-3.027,-3.989
0.599,-2.598
0.065,-1.905
-1.622,-1.851
-0.374,-0.319
-0.405,-1.389
-0.557,-1.123
-0.557,-0.694
-1.976,-1.744
3.09,-1.659
2.025,-1.692
1.688,-1.65
0.807,-1.639
0.512,-4.313
0.601,-0.022
-0.109,-0.049
-0.42,-0.193
-0.374,0.264
-0.428,-0.115
-0.368,-0.009
-0.451,-0.092
-0.654,-0.079
-1.422,-0.339
-1.489,-1.856
0.185,-4.031
-0.353,-3.27
1.847,-0.041
1.501,-0.089
-0.89,-2.115
-1.065,-0.346
-1.116,-3.945
-1.065,-1.924
-1.147,-1.341
-1.24,-2.822
-1.237,-2.892
-1.33,-1.906
-1.334,-3.703
-1.655,-0.238
-1.72,-3.916
-1.728,-0.612
-1.598,-1.278
-1.691,-0.244
-1.719,-1.744
-1.749,-3.364
-1.589,-2.333
-1.589,-3.051
-1.748,-1.473
-1.767,-2.702
-1.768,-1.736
-1.81,-3.246
-1.836,-1.114
-1.934,-2.686
-1.956,-1.625
-1.888,-3.124
-1.929,-2.48
-2.094,-3.369
-2.065,-3.67
-2.289,-3.776
-2.382,-2.495
-2.244,-0.939
-2.417,-2.041
-2.509,-0.661
-2.383,-2.234
-2.517,-3.208
-2.694,-1.731
-2.86,-0.486
-3.021,-0.853
-3.111,-0.619
-3.121,-0.439
3.081,-2.351
3.074,-0.883
-3.098,-1.551
3.025,-2.807
3.034,-1.157
2.881,-1.441
2.706,-3.853
2.786,-2.175
2.778,-0.162
2.691,-3.503
2.568,-2.585
2.529,-2.07
2.483,-1.516
2.572,-4.099
2.448,-1.851
2.448,-0.242
2.516,-4.104
2.387,-2.577
2.36,-4.108
2.315,-3.021
2.277,-0.601
2.229,-1.384
2.276,-3.676
2.259,-1.149
2.255,-3.947
2.091,-1.93
2.099,-1.44
1.975,-0.542
1.968,-0.781
2.068,-2.785
1.808,-3.731
1.944,-4.018
1.871,-3.914
1.76,-2.737
1.683,-0.837
1.787,-3.127
1.678,-2.559
1.543,-3.649
1.282,-0.986
1.256,-2.558
1.158,-1.892
1.054,-1.299
0.984,-1.629
0.785,-2.745
0.752,-4.049
0.882,-3.814
0.745,-3.662
0.807,-3.941
0.654,-0.488
0.736,-2.906
0.653,-3.841
0.511,-3.618
0.646,-2.453
0.596,-1.896
0.225,-2.593
0.245,-2.384
0.008,-4.067
-0.186,-4.007
-0.158,-2.546
-0.386,-2.344
-0.5,-3.784
-0.582,-0.386
-0.585,-1.883
-0.591,-2.573
-0.503,-1.26
-0.828,-2.875
-0.737,-3.05
-0.754,-3.619
-0.92,-2.962
-0.917,-4.47
-1.386,-4.206
-1.554,-4.23
-1.587,-4.48
-1.916,-4.574
-2.43,-4.086
-2.459,-4.335
-2.475,-4.299
-2.624,-4.327
2.655,-4.241
2.603,-4.546
2.241,-4.545
2.323,-4.311
1.903,-4.209
1.669,-4.198
0.599,-4.347
-0.479,-4.247
-0.648,-4.529
-0.775,-4.198
-2.035,0.085
3.056,0.088
3.083,0.248
2.878,0.117
2.693,-0.119
2.277,0.113
1.136,0.046
1.016,-0.053
0.483,0.011
0.209,-0.07
-0.089,0.142
-2.88,-4.114
0.746,-2.723
0.212,-2.03
-1.475,-1.976
-0.227,-0.444
-0.258,-1.514
-0.41,-1.248
-0.41,-0.819
-1.829,-1.869
-3.046,-1.784
2.172,-1.817
1.835,-1.775
0.954,-1.764
0.659,-4.438
0.748,-0.147
-0.311,-0.144
-0.265,0.313
-0.319,-0.066
-0.259,0.04
-0.342,-0.043
-0.545,-0.03
-1.313,-0.29
-1.38,-1.807
0.294,-3.982
-0.244,-3.221
1.956,0.008
1.61,-0.04
-0.781,-2.066
-0.956,-0.297
-1.007,-3.896
-0.956,-1.875
-1.038,-1.292
-1.131,-2.773
-1.128,-2.843
-1.221,-1.857
-1.225,-3.654
-1.546,-0.189
-1.611,-3.867
-1.619,-0.563
-1.489,-1.229
-1.582,-0.195
-1.61,-1.695
-1.64,-3.315
-1.48,-2.284
-1.48,-3.002
-1.639,-1.424
-1.658,-2.653
-1.659,-1.687
-1.701,-3.197
-1.727,-1.065
-1.825,-2.637
-1.847,-1.576
-1.779,-3.075
-1.82,-2.431
-1.985,-3.32
-1.956,-3.621
-2.18,-3.727
-2.273,-2.446
-2.135,-0.89
-2.308,-1.992
-2.4,-0.612
-2.274,-2.185
-2.408,-3.159
-2.585,-1.682
-2.751,-0.437
-2.912,-0.804
-3.002,-0.57
-3.012,-0.39
-3.093,-2.302
-3.1,-0.834
-2.989,-1.502
3.134,-2.758
-3.14,-1.108
2.99,-1.392
2.815,-3.804
2.895,-2.126
2.887,-0.113
2.8,-3.454
2.677,-2.536
2.638,-2.021
2.592,-1.467
2.681,-4.05
2.557,-1.802
2.557,-0.193
2.625,-4.055
2.496,-2.528
2.469,-4.059
2.424,-2.972
2.386,-0.552
2.338,-1.335
2.385,-3.627
2.368,-1.1
2.364,-3.898
2.2,-1.881
2.208,-1.391
2.084,-0.493
2.077,-0.732
2.177,-2.736
1.917,-3.682
2.053,-3.969
1.98,-3.865
1.869,-2.688
1.792,-0.788
1.896,-3.078
1.787,-2.51
1.652,-3.6
1.391,-0.937
1.365,-2.509
1.267,-1.843
1.163,-1.25
1.093,-1.58
0.894,-2.696
0.861,-4.0
0.991,-3.765
0.854,-3.613
0.916,-3.892
0.763,-0.439
0.845,-2.857
0.762,-3.792
0.62,-3.569
0.755,-2.404
0.705,-1.847
0.334,-2.544
0.354,-2.335
0.117,-4.018
-0.077,-3.958
-0.049,-2.497
-0.277,-2.295
-0.391,-3.735
-0.473,-0.337
-0.476,-1.834
-0.482,-2.524
-0.394,-1.211
-0.719,-2.826
-0.628,-3.001
-0.645,-3.57
-0.811,-2.913
-0.808,-4.421
-1.277,-4.157
-1.445,-4.181
-1.478,-4.431
-1.807,-4.525
-2.321,-4.037
-2.35,-4.286
-2.366,-4.25
-2.515,-4.278
2.764,-4.192
2.712,-4.497
2.35,-4.496
2.432,-4.262
2.012,-4.16
1.778,-4.149
0.708,-4.298
-0.37,-4.198
-0.539,-4.48
-0.666,-4.149
-1.926,0.134
-3.118,0.137
-3.091,0.297
2.987,0.166
2.802,-0.07
2.386,0.162
1.245,0.095
1.125,-0.004
0.592,0.06
0.318,-0.021
0.02,0.191
-2.771,-4.065
0.855,-2.674
0.321,-1.981
-1.366,-1.927
-0.118,-0.395
-0.149,-1.465
-0.301,-1.199
-0.301,-0.77
-1.72,-1.82
-2.937,-1.735
2.281,-1.768
1.944,-1.726
1.063,-1.715
0.768,-4.389
0.857,-0.098
0.046,0.457
-0.008,0.078
0.052,0.184
-0.031,0.101
-0.234,0.114
-1.002,-0.146
-1.069,-1.663
0.605,-3.838
0.067,-3.077
2.267,0.152
1.921,0.104
-0.47,-1.922
-0.645,-0.153
-0.696,-3.752
-0.645,-1.731
-0.727,-1.148
-0.82,-2.629
-0.817,-2.699
-0.91,-1.713
-0.914,-3.51
-1.235,-0.045
-1.3,-3.723
-1.308,-0.419
-1.178,-1.085
-1.271,-0.051
-1.299,-1.551
-1.329,-3.171
-1.169,-2.14
-1.169,-2.858
-1.328,-1.28
-1.347,-2.509
-1.348,-1.543
-1.39,-3.053
-1.416,-0.921
-1.514,-2.493
-1.536,-1.432
-1.468,-2.931
-1.509,-2.287
-1.674,-3.176
-1.645,-3.477
-1.869,-3.583
-1.962,-2.302
-1.824,-0.746
-1.997,-1.848
-2.089,-0.468
-1.963,-2.041
-2.097,-3.015
-2.274,-1.538
-2.44,-0.293
-2.601,-0.66
-2.691,-0.426
-2.701,-0.246
-2.782,-2.158
-2.789,-0.69
-2.678,-1.358
-2.838,-2.614
-2.829,-0.964
-2.982,-1.248
3.126,-3.66
-3.077,-1.982
-3.085,0.031
3.111,-3.31
2.988,-2.392
2.949,-1.877
2.903,-1.323
2.992,-3.906
2.868,-1.658
2.868,-0.049
2.936,-3.911
2.807,-2.384
2.78,-3.915
2.735,-2.828
2.697,-0.408
2.649,-1.191
2.696,-3.483
2.679,-0.956
2.675,-3.754
2.511,-1.737
2.519,-1.247
2.395,-0.349
2.388,-0.588
2.488,-2.592
2.228,-3.538
2.364,-3.825
2.291,-3.721
2.18,-2.544
2.103,-0.644
2.207,-2.934
2.098,-2.366
1.963,-3.456
1.702,-0.793
1.676,-2.365
1.578,-1.699
1.474,-1.106
1.404,-1.436
1.205,-2.552
1.172,-3.856
1.302,-3.621
1.165,-3.469
1.227,-3.748
1.074,-0.295
1.156,-2.713
1.073,-3.648
0.931,-3.425
1.066,-2.26
1.016,-1.703
0.645,-2.4
0.665,-2.191
0.428,-3.874
0.234,-3.814
0.262,-2.353
0.034,-2.151
-0.08,-3.591
-0.162,-0.193
-0.165,-1.69
-0.171,-2.38
-0.083,-1.067
-0.408,-2.682
-0.317,-2.857
-0.334,-3.426
-0.5,-2.769
-0.497,-4.277
-0.966,-4.013
-1.134,-4.037
-1.167,-4.287
-1.496,-4.381
-2.01,-3.893
-2.039,-4.142
-2.055,-4.106
-2.204,-4.134
3.075,-4.048
3.023,-4.353
2.661,-4.352
2.743,-4.118
2.323,-4.016
2.089,-4.005
1.019,-4.154
-0.059,-4.054
-0.228,-4.336
-0.355,-4.005
-1.615,0.278
-2.807,0.281
-2.78,0.441
-2.985,0.31
3.113,0.074
2.697,0.306
1.556,0.239
1.436,0.14
0.903,0.204
0.629,0.123
0.331,0.335
-2.46,-3.921
1.166,-2.53
0.632,-1.837
-1.055,-1.783
0.193,-0.251
0.162,-1.321
0.01,-1.055
0.01,-0.626
-1.409,-1.676
-2.626,-1.591
2.592,-1.624
2.255,-1.582
1.374,-1.571
1.079,-4.245
1.168,0.046
-0.054,-0.379
0.006,-0.273
-0.077,-0.356
-0.28,-0.343
-1.048,-0.603
-1.115,-2.12
0.559,-4.295
0.021,-3.534
2.221,-0.305
1.875,-0.353
-0.516,-2.379
-0.691,-0.61
-0.742,-4.209
-0.691,-2.188
-0.773,-1.605
-0.866,-3.086
-0.863,-3.156
-0.956,-2.17
-0.96,-3.967
-1.281,-0.502
-1.346,-4.18
-1.354,-0.876
-1.224,-1.542
-1.317,-0.508
-1.345,-2.008
-1.375,-3.628
-1.215,-2.597
-1.215,-3.315
-1.374,-1.737
-1.393,-2.966
-1.394,-2.0
-1.436,-3.51
-1.462,-1.378
-1.56,-2.95
-1.582,-1.889
-1.514,-3.388
-1.555,-2.744
-1.72,-3.633
-1.691,-3.934
-1.915,-4.04
-2.008,-2.759
-1.87,-1.203
-2.043,-2.305
-2.135,-0.925
-2.009,-2.498
-2.143,-3.472
-2.32,-1.995
-2.486,-0.75
-2.647,-1.117
-2.737,-0.883
-2.747,-0.703
-2.828,-2.615
-2.835,-1.147
-2.724,-1.815
-2.884,-3.071
-2.875,-1.421
-3.028,-1.705
3.08,-4.117
-3.123,-2.439
-3.131,-0.426
3.065,-3.767
2.942,-2.849
2.903,-2.334
2.857,-1.78
2.946,-4.363
2.822,-2.115
2.822,-0.506
2.89,-4.368
2.761,-2.841
2.734,-4.372
2.689,-3.285
2.651,-0.865
2.603,-1.648
2.65,-3.94
2.633,-1.413
2.629,-4.211
2.465,-2.194
2.473,-1.704
2.349,-0.806
2.342,-1.045
2.442,-3.049
2.182,-3.995
2.318,-4.282
2.245,-4.178
2.134,-3.001
2.057,-1.101
2.161,-3.391
2.052,-2.823
1.917,-3.913
1.656,-1.25
1.63,-2.822
1.532,-2.156
1.428,-1.563
1.358,-1.893
1.159,-3.009
1.126,-4.313
1.256,-4.078
1.119,-3.926
1.181,-4.205
1.028,-0.752
1.11,-3.17
1.027,-4.105
0.885,-3.882
1.02,-2.717
0.97,-2.16
0.599,-2.857
0.619,-2.648
0.382,-4.331
0.188,-4.271
0.216,-2.81
-0.012,-2.608
-0.126,-4.048
-0.208,-0.65
-0.211,-2.147
-0.217,-2.837
-0.129,-1.524
-0.454,-3.139
-0.363,-3.314
-0.38,-3.883
-0.546,-3.226
-0.543,-4.734
-1.012,-4.47
-1.18,-4.494
-1.213,-4.744
-1.542,-4.838
-2.056,-4.35
-2.085,-4.599
-2.101,-4.563
-2.25,-4.591
3.029,-4.505
2.977,-4.81
2.615,-4.809
2.697,-4.575
2.277,-4.473
2.043,-4.462
0.973,-4.611
-0.105,-4.511
-0.274,-4.793
-0.401,-4.462
-1.661,-0.179
-2.853,-0.176
-2.826,-0.016
-3.031,-0.147
3.067,-0.383
2.651,-0.151
1.51,-0.218
1.39,-0.317
0.857,-0.253
0.583,-0.334
0.285,-0.122
-2.506,-4.378
1.12,-2.987
0.586,-2.294
-1.101,-2.24
0.147,-0.708
0.116,-1.778
-0.036,-1.512
-0.036,-1.083
-1.455,-2.133
-2.672,-2.048
2.546,-2.081
2.209,-2.039
1.328,-2.028
1.033,-4.702
1.122,-0.411
0.06,0.106
-0.023,0.023
-0.226,0.036
-0.994,-0.224
-1.061,-1.741
0.613,-3.916
0.075,-3.155
2.275,0.074
1.929,0.026
-0.462,-2.0
-0.637,-0.231
-0.688,-3.83
-0.637,-1.809
-0.719,-1.226
-0.812,-2.707
-0.809,-2.777
-0.902,-1.791
-0.906,-3.588
-1.227,-0.123
-1.292,-3.801
-1.3,-0.497
-1.17,-1.163
-1.263,-0.129
-1.291,-1.629
-1.321,-3.249
-1.161,-2.218
-1.161,-2.936
-1.32,-1.358
-1.339,-2.587
-1.34,-1.621
-1.382,-3.131
-1.408,-0.999
-1.506,-2.571
-1.528,-1.51
-1.46,-3.009
-1.501,-2.365
-1.666,-3.254
-1.637,-3.555
-1.861,-3.661
-1.954,-2.38
-1.816,-0.824
-1.989,-1.926
-2.081,-0.546
-1.955,-2.119
-2.089,-3.093
-2.266,-1.616
-2.432,-0.371
-2.593,-0.738
-2.683,-0.504
-2.693,-0.324
-2.774,-2.236
-2.781,-0.768
-2.67,-1.436
-2.83,-2.692
-2.821,-1.042
-2.974,-1.326
3.134,-3.738
-3.069,-2.06
-3.077,-0.047
3.119,-3.388
2.996,-2.47
2.957,-1.955
2.911,-1.401
3.0,-3.984
2.876,-1.736
2.876,-0.127
2.944,-3.989
2.815,-2.462
2.788,-3.993
2.743,-2.906
2.705,-0.486
2.657,-1.269
2.704,-3.561
2.687,-1.034
2.683,-3.832
2.519,-1.815
2.527,-1.325
2.403,-0.427
2.396,-0.666
2.496,-2.67
2.236,-3.616
2.372,-3.903
2.299,-3.799
2.188,-2.622
2.111,-0.722
2.215,-3.012
2.106,-2.444
1.971,-3.534
1.71,-0.871
1.684,-2.443
1.586,-1.777
1.482,-1.184
1.412,-1.514
1.213,-2.63
1.18,-3.934
1.31,-3.699
1.173,-3.547
1.235,-3.826
1.082,-0.373
1.164,-2.791
1.081,-3.726
0.939,-3.503
1.074,-2.338
1.024,-1.781
0.653,-2.478
0.673,-2.269
0.436,-3.952
0.242,-3.892
0.27,-2.431
0.042,-2.229
-0.072,-3.669
-0.154,-0.271
-0.157,-1.768
-0.163,-2.458
-0.075,-1.145
-0.4,-2.76
-0.309,-2.935
-0.326,-3.504
-0.492,-2.847
-0.489,-4.355
-0.958,-4.091
-1.126,-4.115
-1.159,-4.365
-1.488,-4.459
-2.002,-3.971
-2.031,-4.22
-2.047,-4.184
-2.196,-4.212
3.083,-4.126
3.031,-4.431
2.669,-4.43
2.751,-4.196
2.331,-4.094
2.097,-4.083
1.027,-4.232
-0.051,-4.132
-0.22,-4.414
-0.347,-4.083
-1.607,0.2
-2.799,0.203
-2.772,0.363
-2.977,0.232
3.121,-0.004
2.705,0.228
1.564,0.161
1.444,0.062
0.911,0.126
0.637,0.045
0.339,0.257
-2.452,-3.999
1.174,-2.608
0.64,-1.915
-1.047,-1.861
0.201,-0.329
0.17,-1.399
0.018,-1.133
0.018,-0.704
-1.401,-1.754
-2.618,-1.669
2.6,-1.702
2.263,-1.66
1.382,-1.649
1.087,-4.323
1.176,-0.032
-0.083,-0.083
-0.286,-0.07
-1.054,-0.33
-1.121,-1.847
0.553,-4.022
0.015,-3.261
2.215,-0.032
1.869,-0.08
-0.522,-2.106
-0.697,-0.337
-0.748,-3.936
-0.697,-1.915
-0.779,-1.332
-0.872,-2.813
-0.869,-2.883
-0.962,-1.897
-0.966,-3.694
-1.287,-0.229
-1.352,-3.907
-1.36,-0.603
-1.23,-1.269
-1.323,-0.235
-1.351,-1.735
-1.381,-3.355
-1.221,-2.324
-1.221,-3.042
-1.38,-1.464
-1.399,-2.693
-1.4,-1.727
-1.442,-3.237
-1.468,-1.105
-1.566,-2.677
-1.588,-1.616
-1.52,-3.115
-1.561,-2.471
-1.726,-3.36
-1.697,-3.661
-1.921,-3.767
-2.014,-2.486
-1.876,-0.93
-2.049,-2.032
-2.141,-0.652
-2.015,-2.225
-2.149,-3.199
-2.326,-1.722
-2.492,-0.477
-2.653,-0.844
-2.743,-0.61
-2.753,-0.43
-2.834,-2.342
-2.841,-0.874
-2.73,-1.542
-2.89,-2.798
-2.881,-1.148
-3.034,-1.432
3.074,-3.844
-3.129,-2.166
-3.137,-0.153
3.059,-3.494
2.936,-2.576
2.897,-2.061
2.851,-1.507
2.94,-4.09
2.816,-1.842
2.816,-0.233
2.884,-4.095
2.755,-2.568
2.728,-4.099
2.683,-3.012
2.645,-0.592
2.597,-1.375
2.644,-3.667
2.627,-1.14
2.623,-3.938
2.459,-1.921
2.467,-1.431
2.343,-0.533
2.336,-0.772
2.436,-2.776
2.176,-3.722
2.312,-4.009
2.239,-3.905
2.128,-2.728
2.051,-0.828
2.155,-3.118
2.046,-2.55
1.911,-3.64
1.65,-0.977
1.624,-2.549
1.526,-1.883
1.422,-1.29
1.352,-1.62
1.153,-2.736
1.12,-4.04
1.25,-3.805
1.113,-3.653
1.175,-3.932
1.022,-0.479
1.104,-2.897
1.021,-3.832
0.879,-3.609
1.014,-2.444
0.964,-1.887
0.593,-2.584
0.613,-2.375
0.376,-4.058
0.182,-3.998
0.21,-2.537
-0.018,-2.335
-0.132,-3.775
-0.214,-0.377
-0.217,-1.874
-0.223,-2.564
-0.135,-1.251
-0.46,-2.866
-0.369,-3.041
-0.386,-3.61
-0.552,-2.953
-0.549,-4.461
-1.018,-4.197
-1.186,-4.221
-1.219,-4.471
-1.548,-4.565
-2.062,-4.077
-2.091,-4.326
-2.107,-4.29
-2.256,-4.318
3.023,-4.232
2.971,-4.537
2.609,-4.536
2.691,-4.302
2.271,-4.2
2.037,-4.189
0.967,-4.338
-0.111,-4.238
-0.28,-4.52
-0.407,-4.189
-1.667,0.094
-2.859,0.097
-2.832,0.257
-3.037,0.126
3.061,-0.11
2.645,0.122
1.504,0.055
1.384,-0.044
0.851,0.02
0.577,-0.061
0.279,0.151
-2.512,-4.105
1.114,-2.714
0.58,-2.021
-1.107,-1.967
0.141,-0.435
0.11,-1.505
-0.042,-1.239
-0.042,-0.81
-1.461,-1.86
-2.678,-1.775
2.54,-1.808
2.203,-1.766
1.322,-1.755
1.027,-4.429
1.116,-0.138
-0.203,0.013
-0.971,-0.247
-1.038,-1.764
0.636,-3.939
0.098,-3.178
2.298,0.051
1.952,0.003
-0.439,-2.023
-0.614,-0.254
-0.665,-3.853
-0.614,-1.832
-0.696,-1.249
-0.789,-2.73
-0.786,-2.8
-0.879,-1.814
-0.883,-3.611
-1.204,-0.146
-1.269,-3.824
-1.277,-0.52
-1.147,-1.186
-1.24,-0.152
-1.268,-1.652
-1.298,-3.272
-1.138,-2.241
-1.138,-2.959
-1.297,-1.381
-1.316,-2.61
-1.317,-1.644
-1.359,-3.154
-1.385,-1.022
-1.483,-2.594
-1.505,-1.533
-1.437,-3.032
-1.478,-2.388
-1.643,-3.277
-1.614,-3.578
-1.838,-3.684
-1.931,-2.403
-1.793,-0.847
-1.966,-1.949
-2.058,-0.569
-1.932,-2.142
-2.066,-3.116
-2.243,-1.639
-2.409,-0.394
-2.57,-0.761
-2.66,-0.527
-2.67,-0.347
-2.751,-2.259
-2.758,-0.791
-2.647,-1.459
-2.807,-2.715
-2.798,-1.065
-2.951,-1.349
-3.126,-3.761
-3.046,-2.083
-3.054,-0.07
-3.141,-3.411
3.019,-2.493
2.98,-1.978
2.934,-1.424
3.023,-4.007
2.899,-1.759
2.899,-0.15
2.967,-4.012
2.838,-2.485
2.811,-4.016
2.766,-2.929
2.728,-0.509
2.68,-1.292
2.727,-3.584
2.71,-1.057
2.706,-3.855
2.542,-1.838
2.55,-1.348
2.426,-0.45
2.419,-0.689
2.519,-2.693
2.259,-3.639
2.395,-3.926
2.322,-3.822
2.211,-2.645
2.134,-0.745
2.238,-3.035
2.129,-2.467
1.994,-3.557
1.733,-0.894
1.707,-2.466
1.609,-1.8
1.505,-1.207
1.435,-1.537
1.236,-2.653
1.203,-3.957
1.333,-3.722
1.196,-3.57
1.258,-3.849
1.105,-0.396
1.187,-2.814
1.104,-3.749
0.962,-3.526
1.097,-2.361
1.047,-1.804
0.676,-2.501
0.696,-2.292
0.459,-3.975
0.265,-3.915
0.293,-2.454
0.065,-2.252
-0.049,-3.692
-0.131,-0.294
-0.134,-1.791
-0.14,-2.481
-0.052,-1.168
-0.377,-2.783
-0.286,-2.958
-0.303,-3.527
-0.469,-2.87
-0.466,-4.378
-0.935,-4.114
-1.103,-4.138
-1.136,-4.388
-1.465,-4.482
-1.979,-3.994
-2.008,-4.243
-2.024,-4.207
-2.173,-4.235
3.106,-4.149
3.054,-4.454
2.692,-4.453
2.774,-4.219
2.354,-4.117
2.12,-4.106
1.05,-4.255
-0.028,-4.155
-0.197,-4.437
-0.324,-4.106
-1.584,0.177
-2.776,0.18
-2.749,0.34
-2.954,0.209
-3.139,-0.027
2.728,0.205
1.587,0.138
1.467,0.039
0.934,0.103
0.66,0.022
0.362,0.234
-2.429,-4.022
1.197,-2.631
0.663,-1.938
-1.024,-1.884
0.224,-0.352
0.193,-1.422
0.041,-1.156
0.041,-0.727
-1.378,-1.777
-2.595,-1.692
2.623,-1.725
2.286,-1.683
1.405,-1.672
1.11,-4.346
1.199,-0.055
-0.768,-0.26
-0.835,-1.777
0.839,-3.952
0.301,-3.191
2.501,0.038
2.155,-0.01
-0.236,-2.036
-0.411,-0.267
-0.462,-3.866
-0.411,-1.845
-0.493,-1.262
-0.586,-2.743
-0.583,-2.813
-0.676,-1.827
-0.68,-3.624
-1.001,-0.159
-1.066,-3.837
-1.074,-0.533
-0.944,-1.199
-1.037,-0.165
-1.065,-1.665
-1.095,-3.285
-0.935,-2.254
-0.935,-2.972
-1.094,-1.394
-1.113,-2.623
-1.114,-1.657
-1.156,-3.167
-1.182,-1.035
-1.28,-2.607
-1.302,-1.546
-1.234,-3.045
-1.275,-2.401
-1.44,-3.29
-1.411,-3.591
-1.635,-3.697
-1.728,-2.416
-1.59,-0.86
-1.763,-1.962
-1.855,-0.582
-1.729,-2.155
-1.863,-3.129
-2.04,-1.652
-2.206,-0.407
-2.367,-0.774
-2.457,-0.54
-2.467,-0.36
-2.548,-2.272
-2.555,-0.804
-2.444,-1.472
-2.604,-2.728
-2.595,-1.078
-2.748,-1.362
-2.923,-3.774
-2.843,-2.096
-2.851,-0.083
-2.938,-3.424
-3.061,-2.506
-3.1,-1.991
3.137,-1.437
-3.057,-4.02
3.102,-1.772
3.102,-0.163
-3.113,-4.025
3.041,-2.498
3.014,-4.029
2.969,-2.942
2.931,-0.522
2.883,-1.305
2.93,-3.597
2.913,-1.07
2.909,-3.868
2.745,-1.851
2.753,-1.361
2.629,-0.463
2.622,-0.702
2.722,-2.706
2.462,-3.652
2.598,-3.939
2.525,-3.835
2.414,-2.658
2.337,-0.758
2.441,-3.048
2.332,-2.48
2.197,-3.57
1.936,-0.907
1.91,-2.479
1.812,-1.813
1.708,-1.22
1.638,-1.55
1.439,-2.666
1.406,-3.97
1.536,-3.735
1.399,-3.583
1.461,-3.862
1.308,-0.409
1.39,-2.827
1.307,-3.762
1.165,-3.539
1.3,-2.374
1.25,-1.817
0.879,-2.514
0.899,-2.305
0.662,-3.988
0.468,-3.928
0.496,-2.467
0.268,-2.265
0.154,-3.705
0.072,-0.307
0.069,-1.804
0.063,-2.494
0.151,-1.181
-0.174,-2.796
-0.083,-2.971
-0.1,-3.54
-0.266,-2.883
-0.263,-4.391
-0.732,-4.127
-0.9,-4.151
-0.933,-4.401
-1.262,-4.495
-1.776,-4.007
-1.805,-4.256
-1.821,-4.22
-1.97,-4.248
-2.974,-4.162
-3.026,-4.467
2.895,-4.466
2.977,-4.232
2.557,-4.13
2.323,-4.119
1.253,-4.268
0.175,-4.168
0.006,-4.45
-0.121,-4.119
-1.381,0.164
-2.573,0.167
-2.546,0.327
-2.751,0.196
-2.936,-0.04
2.931,0.192
1.79,0.125
1.67,0.026
1.137,0.09
0.863,0.009
0.565,0.221
-2.226,-4.035
1.4,-2.644
0.866,-1.951
-0.821,-1.897
0.427,-0.365
0.396,-1.435
0.244,-1.169
0.244,-0.74
-1.175,-1.79
-2.392,-1.705
2.826,-1.738
2.489,-1.696
1.608,-1.685
1.313,-4.359
1.402,-0.068
-0.067,-1.517
1.607,-3.692
1.069,-2.931
-3.014,0.298
2.923,0.25
0.532,-1.776
0.357,-0.007
0.306,-3.606
0.357,-1.585
0.275,-1.002
0.182,-2.483
0.185,-2.553
0.092,-1.567
0.088,-3.364
-0.233,0.101
-0.298,-3.577
-0.306,-0.273
-0.176,-0.939
-0.269,0.095
-0.297,-1.405
-0.327,-3.025
-0.167,-1.994
-0.167,-2.712
-0.326,-1.134
-0.345,-2.363
-0.346,-1.397
-0.388,-2.907
-0.414,-0.775
-0.512,-2.347
-0.534,-1.286
-0.466,-2.785
-0.507,-2.141
-0.672,-3.03
-0.643,-3.331
-0.867,-3.437
-0.96,-2.156
-0.822,-0.6
-0.995,-1.702
-1.087,-0.322
-0.961,-1.895
-1.095,-2.869
-1.272,-1.392
-1.438,-0.147
-1.599,-0.514
-1.689,-0.28
-1.699,-0.1
-1.78,-2.012
-1.787,-0.544
-1.676,-1.212
-1.836,-2.468
-1.827,-0.818
-1.98,-1.102
-2.155,-3.514
-2.075,-1.836
-2.083,0.177
-2.17,-3.164
-2.293,-2.246
-2.332,-1.731
-2.378,-1.177
-2.289,-3.76
-2.413,-1.512
-2.413,0.097
-2.345,-3.765
-2.474,-2.238
-2.501,-3.769
-2.546,-2.682
-2.584,-0.262
-2.632,-1.045
-2.585,-3.337
-2.602,-0.81
-2.606,-3.608
-2.77,-1.591
-2.762,-1.101
-2.886,-0.203
-2.893,-0.442
-2.793,-2.446
-3.053,-3.392
-2.917,-3.679
-2.99,-3.575
-3.101,-2.398
3.105,-0.498
-3.074,-2.788
3.1,-2.22
2.965,-3.31
2.704,-0.647
2.678,-2.219
2.58,-1.553
2.476,-0.96
2.406,-1.29
2.207,-2.406
2.174,-3.71
2.304,-3.475
2.167,-3.323
2.229,-3.602
2.076,-0.149
2.158,-2.567
2.075,-3.502
1.933,-3.279
2.068,-2.114
2.018,-1.557
1.647,-2.254
1.667,-2.045
1.43,-3.728
1.236,-3.668
1.264,-2.207
1.036,-2.005
0.922,-3.445
0.84,-0.047
0.837,-1.544
0.831,-2.234
0.919,-0.921
0.594,-2.536
0.685,-2.711
0.668,-3.28
0.502,-2.623
0.505,-4.131
0.036,-3.867
-0.132,-3.891
-0.165,-4.141
-0.494,-4.235
-1.008,-3.747
-1.037,-3.996
-1.053,-3.96
-1.202,-3.988
-2.206,-3.902
-2.258,-4.207
-2.62,-4.206
-2.538,-3.972
-2.958,-3.87
3.091,-3.859
2.021,-4.008
0.943,-3.908
0.774,-4.19
0.647,-3.859
-0.613,0.424
-1.805,0.427
-1.778,0.587
-1.983,0.456
-2.168,0.22
-2.584,0.452
2.558,0.385
2.438,0.286
1.905,0.35
1.631,0.269
1.333,0.481
-1.458,-3.775
2.168,-2.384
1.634,-1.691
-0.053,-1.637
1.195,-0.105
1.164,-1.175
1.012,-0.909
1.012,-0.48
-0.407,-1.53
-1.624,-1.445
-2.689,-1.478
-3.026,-1.436
2.376,-1.425
2.081,-4.099
2.17,0.192
1.674,-2.175
1.136,-1.414
-2.947,1.815
2.99,1.767
0.599,-0.259
0.424,1.51
0.373,-2.089
0.424,-0.068
0.342,0.515
0.249,-0.966
0.252,-1.036
0.159,-0.05
0.155,-1.847
-0.166,1.618
-0.231,-2.06
-0.239,1.244
-0.109,0.578
-0.202,1.612
-0.23,0.112
-0.26,-1.508
-0.1,-0.477
-0.1,-1.195
-0.259,0.383
-0.278,-0.846
-0.279,0.12
-0.321,-1.39
-0.347,0.742
-0.445,-0.83
-0.467,0.231
-0.399,-1.268
-0.44,-0.624
-0.605,-1.513
-0.576,-1.814
-0.8,-1.92
-0.893,-0.639
-0.755,0.917
-0.928,-0.185
-1.02,1.195
-0.894,-0.378
-1.028,-1.352
-1.205,0.125
-1.371,1.37
-1.532,1.003
-1.622,1.237
-1.632,1.417
-1.713,-0.495
-1.72,0.973
-1.609,0.305
-1.769,-0.951
-1.76,0.699
-1.913,0.415
-2.088,-1.997
-2.008,-0.319
-2.016,1.694
-2.103,-1.647
-2.226,-0.729
-2.265,-0.214
-2.311,0.34
-2.222,-2.243
-2.346,0.005
-2.346,1.614
-2.278,-2.248
-2.407,-0.721
-2.434,-2.252
-2.479,-1.165
-2.517,1.255
-2.565,0.472
-2.518,-1.82
-2.535,0.707
-2.539,-2.091
-2.703,-0.074
-2.695,0.416
-2.819,1.314
-2.826,1.075
-2.726,-0.929
-2.986,-1.875
-2.85,-2.162
-2.923,-2.058
-3.034,-0.881
-3.111,1.019
-3.007,-1.271
-3.116,-0.703
3.032,-1.793
2.771,0.87
2.745,-0.702
2.647,-0.036
2.543,0.557
2.473,0.227
2.274,-0.889
2.241,-2.193
2.371,-1.958
2.234,-1.806
2.296,-2.085
2.143,1.368
2.225,-1.05
2.142,-1.985
2.0,-1.762
2.135,-0.597
2.085,-0.04
1.714,-0.737
1.734,-0.528
1.497,-2.211
1.303,-2.151
1.331,-0.69
1.103,-0.488
0.989,-1.928
0.907,1.47
0.904,-0.027
0.898,-0.717
0.986,0.596
0.661,-1.019
0.752,-1.194
0.735,-1.763
0.569,-1.106
0.572,-2.614
0.103,-2.35
-0.065,-2.374
-0.098,-2.624
-0.427,-2.718
-0.941,-2.23
-0.97,-2.479
-0.986,-2.443
-1.135,-2.471
-2.139,-2.385
-2.191,-2.69
-2.553,-2.689
-2.471,-2.455
-2.891,-2.353
-3.125,-2.342
2.088,-2.491
1.01,-2.391
0.841,-2.673
0.714,-2.342
-0.546,1.941
-1.738,1.944
-1.711,2.104
-1.916,1.973
-2.101,1.737
-2.517,1.969
2.625,1.902
2.505,1.803
1.972,1.867
1.698,1.786
1.4,1.998
-1.391,-2.258
2.235,-0.867
1.701,-0.174
0.014,-0.12
1.262,1.412
1.231,0.342
1.079,0.608
1.079,1.037
-0.34,-0.013
-1.557,0.072
-2.622,0.039
-2.959,0.081
2.443,0.092
2.148,-2.582
2.237,1.709
-0.538,0.761
1.662,3.99
1.316,3.942
-1.075,1.916
-1.25,3.685
-1.301,0.086
-1.25,2.107
-1.332,2.69
-1.425,1.209
-1.422,1.139
-1.515,2.125
-1.519,0.328
-1.84,3.793
-1.905,0.115
-1.913,3.419
-1.783,2.753
-1.876,3.787
-1.904,2.287
-1.934,0.667
-1.774,1.698
-1.774,0.98
-1.933,2.558
-1.952,1.329
-1.953,2.295
-1.995,0.785
-2.021,2.917
-2.119,1.345
-2.141,2.406
-2.073,0.907
-2.114,1.551
-2.279,0.662
-2.25,0.361
-2.474,0.255
-2.567,1.536
-2.429,3.092
-2.602,1.99
-2.694,3.37
-2.568,1.797
-2.702,0.823
-2.879,2.3
-3.045,3.545
3.077,3.178
2.987,3.412
2.977,3.592
2.896,1.68
2.889,3.148
3.0,2.48
2.84,1.224
2.849,2.874
2.696,2.59
2.521,0.178
2.601,1.856
2.593,3.869
2.506,0.528
2.383,1.446
2.344,1.961
2.298,2.515
2.387,-0.068
2.263,2.18
2.263,3.789
2.331,-0.073
2.202,1.454
2.175,-0.077
2.13,1.01
2.092,3.43
2.044,2.647
2.091,0.355
2.074,2.882
2.07,0.084
1.906,2.101
1.914,2.591
1.79,3.489
1.783,3.25
1.883,1.246
1.623,0.3
1.759,0.013
1.686,0.117
1.575,1.294
1.498,3.194
1.602,0.904
1.493,1.472
1.358,0.382
1.097,3.045
1.071,1.473
0.973,2.139
0.869,2.732
0.799,2.402
0.6,1.286
0.567,-0.018
0.697,0.217
0.56,0.369
0.622,0.09
0.469,3.543
0.551,1.125
0.468,0.19
0.326,0.413
0.461,1.578
0.411,2.135
0.04,1.438
0.06,1.647
-0.177,-0.036
-0.371,0.024
-0.343,1.485
-0.571,1.687
-0.685,0.247
-0.767,3.645
-0.77,2.148
-0.776,1.458
-0.688,2.771
-1.013,1.156
-0.922,0.981
-0.939,0.412
-1.105,1.069
-1.102,-0.439
-1.571,-0.175
-1.739,-0.199
-1.772,-0.449
-2.101,-0.543
-2.615,-0.055
-2.644,-0.304
-2.66,-0.268
-2.809,-0.296
2.47,-0.21
2.418,-0.515
2.056,-0.514
2.138,-0.28
1.718,-0.178
1.484,-0.167
0.414,-0.316
-0.664,-0.216
-0.833,-0.498
-0.96,-0.167
-2.22,4.116
2.871,4.119
2.898,4.279
2.693,4.148
2.508,3.912
2.092,4.144
0.951,4.077
0.831,3.978
0.298,4.042
0.024,3.961
-0.274,4.173
-3.065,-0.083
0.561,1.308
0.027,2.001
-1.66,2.055
-0.412,3.587
-0.443,2.517
-0.595,2.783
-0.595,3.212
-2.014,2.162
3.052,2.247
1.987,2.214
1.65,2.256
0.769,2.267
0.474,-0.407
0.563,3.884
2.2,3.229
1.854,3.181
-0.537,1.155
-0.712,2.924
-0.763,-0.675
-0.712,1.346
-0.794,1.929
-0.887,0.448
-0.884,0.378
-0.977,1.364
-0.981,-0.433
-1.302,3.032
-1.367,-0.646
-1.375,2.658
-1.245,1.992
-1.338,3.026
-1.366,1.526
-1.396,-0.094
-1.236,0.937
-1.236,0.219
-1.395,1.797
-1.414,0.568
-1.415,1.534
-1.457,0.024
-1.483,2.156
-1.581,0.584
-1.603,1.645
-1.535,0.146
-1.576,0.79
-1.741,-0.099
-1.712,-0.4
-1.936,-0.506
-2.029,0.775
-1.891,2.331
-2.064,1.229
-2.156,2.609
-2.03,1.036
-2.164,0.062
-2.341,1.539
-2.507,2.784
-2.668,2.417
-2.758,2.651
-2.768,2.831
-2.849,0.919
-2.856,2.387
-2.745,1.719
-2.905,0.463
-2.896,2.113
-3.049,1.829
3.059,-0.583
3.139,1.095
3.131,3.108
3.044,-0.233
2.921,0.685
2.882,1.2
2.836,1.754
2.925,-0.829
2.801,1.419
2.801,3.028
2.869,-0.834
2.74,0.693
2.713,-0.838
2.668,0.249
2.63,2.669
2.582,1.886
2.629,-0.406
2.612,2.121
2.608,-0.677
2.444,1.34
2.452,1.83
2.328,2.728
2.321,2.489
2.421,0.485
2.161,-0.461
2.297,-0.748
2.224,-0.644
2.113,0.533
2.036,2.433
2.14,0.143
2.031,0.711
1.896,-0.379
1.635,2.284
1.609,0.712
1.511,1.378
1.407,1.971
1.337,1.641
1.138,0.525
1.105,-0.779
1.235,-0.544
1.098,-0.392
1.16,-0.671
1.007,2.782
1.089,0.364
1.006,-0.571
0.864,-0.348
0.999,0.817
0.949,1.374
0.578,0.677
0.598,0.886
0.361,-0.797
0.167,-0.737
0.195,0.724
-0.033,0.926
-0.147,-0.514
-0.229,2.884
-0.232,1.387
-0.238,0.697
-0.15,2.01
-0.475,0.395
-0.384,0.22
-0.401,-0.349
-0.567,0.308
-0.564,-1.2
-1.033,-0.936
-1.201,-0.96
-1.234,-1.21
-1.563,-1.304
-2.077,-0.816
-2.106,-1.065
-2.122,-1.029
-2.271,-1.057
3.008,-0.971
2.956,-1.276
2.594,-1.275
2.676,-1.041
2.256,-0.939
2.022,-0.928
0.952,-1.077
-0.126,-0.977
-0.295,-1.259
-0.422,-0.928
-1.682,3.355
-2.874,3.358
-2.847,3.518
-3.052,3.387
3.046,3.151
2.63,3.383
1.489,3.316
1.369,3.217
0.836,3.281
0.562,3.2
0.264,3.412
-2.527,-0.844
1.099,0.547
0.565,1.24
-1.122,1.294
0.126,2.826
0.095,1.756
-0.057,2.022
-0.057,2.451
-1.476,1.401
-2.693,1.486
2.525,1.453
2.188,1.495
1.307,1.506
1.012,-1.168
1.101,3.123
-0.346,-0.048
-2.737,-2.074
-2.912,-0.305
-2.963,-3.904
-2.912,-1.883
-2.994,-1.3
-3.087,-2.781
-3.084,-2.851
3.106,-1.865
3.102,-3.662
2.781,-0.197
2.716,-3.875
2.708,-0.571
2.838,-1.237
2.745,-0.203
2.717,-1.703
2.687,-3.323
2.847,-2.292
2.847,-3.01
2.688,-1.432
2.669,-2.661
2.668,-1.695
2.626,-3.205
2.6,-1.073
2.502,-2.645
2.48,-1.584
2.548,-3.083
2.507,-2.439
2.342,-3.328
2.371,-3.629
2.147,-3.735
2.054,-2.454
2.192,-0.898
2.019,-2.0
1.927,-0.62
2.053,-2.193
1.919,-3.167
1.742,-1.69
1.576,-0.445
1.415,-0.812
1.325,-0.578
1.315,-0.398
1.234,-2.31
1.227,-0.842
1.338,-1.51
1.178,-2.766
1.187,-1.116
1.034,-1.4
0.859,-3.812
0.939,-2.134
0.931,-0.121
0.844,-3.462
0.721,-2.544
0.682,-2.029
0.636,-1.475
0.725,-4.058
0.601,-1.81
0.601,-0.201
0.669,-4.063
0.54,-2.536
0.513,-4.067
0.468,-2.98
0.43,-0.56
0.382,-1.343
0.429,-3.635
0.412,-1.108
0.408,-3.906
0.244,-1.889
0.252,-1.399
0.128,-0.501
0.121,-0.74
0.221,-2.744
-0.039,-3.69
0.097,-3.977
0.024,-3.873
-0.087,-2.696
-0.164,-0.796
-0.06,-3.086
-0.169,-2.518
-0.304,-3.608
-0.565,-0.945
-0.591,-2.517
-0.689,-1.851
-0.793,-1.258
-0.863,-1.588
-1.062,-2.704
-1.095,-4.008
-0.965,-3.773
-1.102,-3.621
-1.04,-3.9
-1.193,-0.447
-1.111,-2.865
-1.194,-3.8
-1.336,-3.577
-1.201,-2.412
-1.251,-1.855
-1.622,-2.552
-1.602,-2.343
-1.839,-4.026
-2.033,-3.966
-2.005,-2.505
-2.233,-2.303
-2.347,-3.743
-2.429,-0.345
-2.432,-1.842
-2.438,-2.532
-2.35,-1.219
-2.675,-2.834
-2.584,-3.009
-2.601,-3.578
-2.767,-2.921
-2.764,-4.429
3.05,-4.165
2.882,-4.189
2.849,-4.439
2.52,-4.533
2.006,-4.045
1.977,-4.294
1.961,-4.258
1.812,-4.286
0.808,-4.2
0.756,-4.505
0.394,-4.504
0.476,-4.27
0.056,-4.168
-0.178,-4.157
-1.248,-4.306
-2.326,-4.206
-2.495,-4.488
-2.622,-4.157
2.401,0.126
1.209,0.129
1.236,0.289
1.031,0.158
0.846,-0.078
0.43,0.154
-0.711,0.087
-0.831,-0.012
-1.364,0.052
-1.638,-0.029
-1.936,0.183
1.556,-4.073
-1.101,-2.682
-1.635,-1.989
2.961,-1.935
-2.074,-0.403
-2.105,-1.473
-2.257,-1.207
-2.257,-0.778
2.607,-1.828
1.39,-1.743
0.325,-1.776
-0.012,-1.734
-0.893,-1.723
-1.188,-4.397
-1.099,-0.106
-2.391,-2.026
-2.566,-0.257
-2.617,-3.856
-2.566,-1.835
-2.648,-1.252
-2.741,-2.733
-2.738,-2.803
-2.831,-1.817
-2.835,-3.614
3.127,-0.149
3.062,-3.827
3.054,-0.523
-3.099,-1.189
3.091,-0.155
3.063,-1.655
3.033,-3.275
-3.09,-2.244
-3.09,-2.962
3.034,-1.384
3.015,-2.613
3.014,-1.647
2.972,-3.157
2.946,-1.025
2.848,-2.597
2.826,-1.536
2.894,-3.035
2.853,-2.391
2.688,-3.28
2.717,-3.581
2.493,-3.687
2.4,-2.406
2.538,-0.85
2.365,-1.952
2.273,-0.572
2.399,-2.145
2.265,-3.119
2.088,-1.642
1.922,-0.397
1.761,-0.764
1.671,-0.53
1.661,-0.35
1.58,-2.262
1.573,-0.794
1.684,-1.462
1.524,-2.718
1.533,-1.068
1.38,-1.352
1.205,-3.764
1.285,-2.086
1.277,-0.073
1.19,-3.414
1.067,-2.496
1.028,-1.981
0.982,-1.427
1.071,-4.01
0.947,-1.762
0.947,-0.153
1.015,-4.015
0.886,-2.488
0.859,-4.019
0.814,-2.932
0.776,-0.512
0.728,-1.295
0.775,-3.587
0.758,-1.06
0.754,-3.858
0.59,-1.841
0.598,-1.351
0.474,-0.453
0.467,-0.692
0.567,-2.696
0.307,-3.642
0.443,-3.929
0.37,-3.825
0.259,-2.648
0.182,-0.748
0.286,-3.038
0.177,-2.47
0.042,-3.56
-0.219,-0.897
-0.245,-2.469
-0.343,-1.803
-0.447,-1.21
-0.517,-1.54
-0.716,-2.656
-0.749,-3.96
-0.619,-3.725
-0.756,-3.573
-0.694,-3.852
-0.847,-0.399
-0.765,-2.817
-0.848,-3.752
-0.99,-3.529
-0.855,-2.364
-0.905,-1.807
-1.276,-2.504
-1.256,-2.295
-1.493,-3.978
-1.687,-3.918
-1.659,-2.457
-1.887,-2.255
-2.001,-3.695
-2.083,-0.297
-2.086,-1.794
-2.092,-2.484
-2.004,-1.171
-2.329,-2.786
-2.238,-2.961
-2.255,-3.53
-2.421,-2.873
-2.418,-4.381
-2.887,-4.117
-3.055,-4.141
-3.088,-4.391
2.866,-4.485
2.352,-3.997
2.323,-4.246
2.307,-4.21
2.158,-4.238
1.154,-4.152
1.102,-4.457
0.74,-4.456
0.822,-4.222
0.402,-4.12
0.168,-4.109
-0.902,-4.258
-1.98,-4.158
-2.149,-4.44
-2.276,-4.109
2.747,0.174
1.555,0.177
1.582,0.337
1.377,0.206
1.192,-0.03
0.776,0.202
-0.365,0.135
-0.485,0.036
-1.018,0.1
-1.292,0.019
-1.59,0.231
1.902,-4.025
-0.755,-2.634
-1.289,-1.941
-2.976,-1.887
-1.728,-0.355
-1.759,-1.425
-1.911,-1.159
-1.911,-0.73
2.953,-1.78
1.736,-1.695
0.671,-1.728
0.334,-1.686
-0.547,-1.675
-0.842,-4.349
-0.753,-0.058
-0.175,1.769
-0.226,-1.83
-0.175,0.191
-0.257,0.774
-0.35,-0.707
-0.347,-0.777
-0.44,0.209
-0.444,-1.588
-0.765,1.877
-0.83,-1.801
-0.838,1.503
-0.708,0.837
-0.801,1.871
-0.829,0.371
-0.859,-1.249
-0.699,-0.218
-0.699,-0.936
-0.858,0.642
-0.877,-0.587
-0.878,0.379
-0.92,-1.131
-0.946,1.001
-1.044,-0.571
-1.066,0.49
-0.998,-1.009
-1.039,-0.365
-1.204,-1.254
-1.175,-1.555
-1.399,-1.661
-1.492,-0.38
-1.354,1.176
-1.527,0.074
-1.619,1.454
-1.493,-0.119
-1.627,-1.093
-1.804,0.384
-1.97,1.629
-2.131,1.262
-2.221,1.496
-2.231,1.676
-2.312,-0.236
-2.319,1.232
-2.208,0.564
-2.368,-0.692
-2.359,0.958
-2.512,0.674
-2.687,-1.738
-2.607,-0.06
-2.615,1.953
-2.702,-1.388
-2.825,-0.47
-2.864,0.045
-2.91,0.599
-2.821,-1.984
-2.945,0.264
-2.945,1.873
-2.877,-1.989
-3.006,-0.462
-3.033,-1.993
-3.078,-0.906
-3.116,1.514
3.119,0.731
-3.117,-1.561
-3.134,0.966
-3.138,-1.832
2.981,0.185
2.989,0.675
2.865,1.573
2.858,1.334
2.958,-0.67
2.698,-1.616
2.834,-1.903
2.761,-1.799
2.65,-0.622
2.573,1.278
2.677,-1.012
2.568,-0.444
2.433,-1.534
2.172,1.129
2.146,-0.443
2.048,0.223
1.944,0.816
1.874,0.486
1.675,-0.63
1.642,-1.934
1.772,-1.699
1.635,-1.547
1.697,-1.826
1.544,1.627
1.626,-0.791
1.543,-1.726
1.401,-1.503
1.536,-0.338
1.486,0.219
1.115,-0.478
1.135,-0.269
0.898,-1.952
0.704,-1.892
0.732,-0.431
0.504,-0.229
0.39,-1.669
0.308,1.729
0.305,0.232
0.299,-0.458
0.387,0.855
0.062,-0.76
0.153,-0.935
0.136,-1.504
-0.03,-0.847
-0.027,-2.355
-0.496,-2.091
-0.664,-2.115
-0.697,-2.365
-1.026,-2.459
-1.54,-1.971
-1.569,-2.22
-1.585,-2.184
-1.734,-2.212
-2.738,-2.126
-2.79,-2.431
3.131,-2.43
-3.07,-2.196
2.793,-2.094
2.559,-2.083
1.489,-2.232
0.411,-2.132
0.242,-2.414
0.115,-2.083
-1.145,2.2
-2.337,2.203
-2.31,2.363
-2.515,2.232
-2.7,1.996
-3.116,2.228
2.026,2.161
1.906,2.062
1.373,2.126
1.099,2.045
0.801,2.257
-1.99,-1.999
1.636,-0.608
1.102,0.085
-0.585,0.139
0.663,1.671
0.632,0.601
0.48,0.867
0.48,1.296
-0.939,0.246
-2.156,0.331
3.062,0.298
2.725,0.34
1.844,0.351
1.549,-2.323
1.638,1.968
-0.051,-3.599
0.0,-1.578
-0.082,-0.995
-0.175,-2.476
-0.172,-2.546
-0.265,-1.56
-0.269,-3.357
-0.59,0.108
-0.655,-3.57
-0.663,-0.266
-0.533,-0.932
-0.626,0.102
-0.654,-1.398
-0.684,-3.018
-0.524,-1.987
-0.524,-2.705
-0.683,-1.127
-0.702,-2.356
-0.703,-1.39
-0.745,-2.9
-0.771,-0.768
-0.869,-2.34
-0.891,-1.279
-0.823,-2.778
-0.864,-2.134
-1.029,-3.023
-1.0,-3.324
-1.224,-3.43
-1.317,-2.149
-1.179,-0.593
-1.352,-1.695
-1.444,-0.315
-1.318,-1.888
-1.452,-2.862
-1.629,-1.385
-1.795,-0.14
-1.956,-0.507
-2.046,-0.273
-2.056,-0.093
-2.137,-2.005
-2.144,-0.537
-2.033,-1.205
-2.193,-2.461
-2.184,-0.811
-2.337,-1.095
-2.512,-3.507
-2.432,-1.829
-2.44,0.184
-2.527,-3.157
-2.65,-2.239
-2.689,-1.724
-2.735,-1.17
-2.646,-3.753
-2.77,-1.505
-2.77,0.104
-2.702,-3.758
-2.831,-2.231
-2.858,-3.762
-2.903,-2.675
-2.941,-0.255
-2.989,-1.038
-2.942,-3.33
-2.959,-0.803
-2.963,-3.601
-3.127,-1.584
-3.119,-1.094
3.04,-0.196
3.033,-0.435
3.133,-2.439
2.873,-3.385
3.009,-3.672
2.936,-3.568
2.825,-2.391
2.748,-0.491
2.852,-2.781
2.743,-2.213
2.608,-3.303
2.347,-0.64
2.321,-2.212
2.223,-1.546
2.119,-0.953
2.049,-1.283
1.85,-2.399
1.817,-3.703
1.947,-3.468
1.81,-3.316
1.872,-3.595
1.719,-0.142
1.801,-2.56
1.718,-3.495
1.576,-3.272
1.711,-2.107
1.661,-1.55
1.29,-2.247
1.31,-2.038
1.073,-3.721
0.879,-3.661
0.907,-2.2
0.679,-1.998
0.565,-3.438
0.483,-0.04
0.48,-1.537
0.474,-2.227
0.562,-0.914
0.237,-2.529
0.328,-2.704
0.311,-3.273
0.145,-2.616
0.148,-4.124
-0.321,-3.86
-0.489,-3.884
-0.522,-4.134
-0.851,-4.228
-1.365,-3.74
-1.394,-3.989
-1.41,-3.953
-1.559,-3.981
-2.563,-3.895
-2.615,-4.2
-2.977,-4.199
-2.895,-3.965
2.968,-3.863
2.734,-3.852
1.664,-4.001
0.586,-3.901
0.417,-4.183
0.29,-3.852
-0.97,0.431
-2.162,0.434
-2.135,0.594
-2.34,0.463
-2.525,0.227
-2.941,0.459
2.201,0.392
2.081,0.293
1.548,0.357
1.274,0.276
0.976,0.488
-1.815,-3.768
1.811,-2.377
1.277,-1.684
-0.41,-1.63
0.838,-0.098
0.807,-1.168
0.655,-0.902
0.655,-0.473
-0.764,-1.523
-1.981,-1.438
-3.046,-1.471
2.9,-1.429
2.019,-1.418
1.724,-4.092
1.813,0.199
0.051,2.021
-0.031,2.604
-0.124,1.123
-0.121,1.053
-0.214,2.039
-0.218,0.242
-0.539,3.707
-0.604,0.029
-0.612,3.333
-0.482,2.667
-0.575,3.701
-0.603,2.201
-0.633,0.581
-0.473,1.612
-0.473,0.894
-0.632,2.472
-0.651,1.243
-0.652,2.209
-0.694,0.699
-0.72,2.831
-0.818,1.259
-0.84,2.32
-0.772,0.821
-0.813,1.465
-0.978,0.576
-0.949,0.275
-1.173,0.169
-1.266,1.45
-1.128,3.006
-1.301,1.904
-1.393,3.284
-1.267,1.711
-1.401,0.737
-1.578,2.214
-1.744,3.459
-1.905,3.092
-1.995,3.326
-2.005,3.506
-2.086,1.594
-2.093,3.062
-1.982,2.394
-2.142,1.138
-2.133,2.788
-2.286,2.504
-2.461,0.092
-2.381,1.77
-2.389,3.783
-2.476,0.442
-2.599,1.36
-2.638,1.875
-2.684,2.429
-2.595,-0.154
-2.719,2.094
-2.719,3.703
-2.651,-0.159
-2.78,1.368
-2.807,-0.163
-2.852,0.924
-2.89,3.344
-2.938,2.561
-2.891,0.269
-2.908,2.796
-2.912,-0.002
-3.076,2.015
-3.068,2.505
3.091,3.403
3.084,3.164
-3.099,1.16
2.924,0.214
3.06,-0.073
2.987,0.031
2.876,1.208
2.799,3.108
2.903,0.818
2.794,1.386
2.659,0.296
2.398,2.959
2.372,1.387
2.274,2.053
2.17,2.646
2.1,2.316
1.901,1.2
1.868,-0.104
1.998,0.131
1.861,0.283
1.923,0.004
1.77,3.457
1.852,1.039
1.769,0.104
1.627,0.327
1.762,1.492
1.712,2.049
1.341,1.352
1.361,1.561
1.124,-0.122
0.93,-0.062
0.958,1.399
0.73,1.601
0.616,0.161
0.534,3.559
0.531,2.062
0.525,1.372
0.613,2.685
0.288,1.07
0.379,0.895
0.362,0.326
0.196,0.983
0.199,-0.525
-0.27,-0.261
-0.438,-0.285
-0.471,-0.535
-0.8,-0.629
-1.314,-0.141
-1.343,-0.39
-1.359,-0.354
-1.508,-0.382
-2.512,-0.296
-2.564,-0.601
-2.926,-0.6
-2.844,-0.366
3.019,-0.264
2.785,-0.253
1.715,-0.402
0.637,-0.302
0.468,-0.584
0.341,-0.253
-0.919,4.03
-2.111,4.033
-2.084,4.193
-2.289,4.062
-2.474,3.826
-2.89,4.058
2.252,3.991
2.132,3.892
1.599,3.956
1.325,3.875
1.027,4.087
-1.764,-0.169
1.862,1.222
1.328,1.915
-0.359,1.969
0.889,3.501
0.858,2.431
0.706,2.697
0.706,3.126
-0.713,2.076
-1.93,2.161
-2.995,2.128
2.951,2.17
2.07,2.181
1.775,-0.493
1.864,3.798
-0.082,0.583
-0.175,-0.898
-0.172,-0.968
-0.265,0.018
-0.269,-1.779
-0.59,1.686
-0.655,-1.992
-0.663,1.312
-0.533,0.646
-0.626,1.68
-0.654,0.18
-0.684,-1.44
-0.524,-0.409
-0.524,-1.127
-0.683,0.451
-0.702,-0.778
-0.703,0.188
-0.745,-1.322
-0.771,0.81
-0.869,-0.762
-0.891,0.299
-0.823,-1.2
-0.864,-0.556
-1.029,-1.445
-1.0,-1.746
-1.224,-1.852
-1.317,-0.571
-1.179,0.985
-1.352,-0.117
-1.444,1.263
-1.318,-0.31
-1.452,-1.284
-1.629,0.193
-1.795,1.438
-1.956,1.071
-2.046,1.305
-2.056,1.485
-2.137,-0.427
-2.144,1.041
-2.033,0.373
-2.193,-0.883
-2.184,0.767
-2.337,0.483
-2.512,-1.929
-2.432,-0.251
-2.44,1.762
-2.527,-1.579
-2.65,-0.661
-2.689,-0.146
-2.735,0.408
-2.646,-2.175
-2.77,0.073
-2.77,1.682
-2.702,-2.18
-2.831,-0.653
-2.858,-2.184
-2.903,-1.097
-2.941,1.323
-2.989,0.54
-2.942,-1.752
-2.959,0.775
-2.963,-2.023
-3.127,-0.006
-3.119,0.484
3.04,1.382
3.033,1.143
3.133,-0.861
2.873,-1.807
3.009,-2.094
2.936,-1.99
2.825,-0.813
2.748,1.087
2.852,-1.203
2.743,-0.635
2.608,-1.725
2.347,0.938
2.321,-0.634
2.223,0.032
2.119,0.625
2.049,0.295
1.85,-0.821
1.817,-2.125
1.947,-1.89
1.81,-1.738
1.872,-2.017
1.719,1.436
1.801,-0.982
1.718,-1.917
1.576,-1.694
1.711,-0.529
1.661,0.028
1.29,-0.669
1.31,-0.46
1.073,-2.143
0.879,-2.083
0.907,-0.622
0.679,-0.42
0.565,-1.86
0.483,1.538
0.48,0.041
0.474,-0.649
0.562,0.664
0.237,-0.951
0.328,-1.126
0.311,-1.695
0.145,-1.038
0.148,-2.546
-0.321,-2.282
-0.489,-2.306
-0.522,-2.556
-0.851,-2.65
-1.365,-2.162
-1.394,-2.411
-1.41,-2.375
-1.559,-2.403
-2.563,-2.317
-2.615,-2.622
-2.977,-2.621
-2.895,-2.387
2.968,-2.285
2.734,-2.274
1.664,-2.423
0.586,-2.323
0.417,-2.605
0.29,-2.274
-0.97,2.009
-2.162,2.012
-2.135,2.172
-2.34,2.041
-2.525,1.805
-2.941,2.037
2.201,1.97
2.081,1.871
1.548,1.935
1.274,1.854
0.976,2.066
-1.815,-2.19
1.811,-0.799
1.277,-0.106
-0.41,-0.052
0.838,1.48
0.807,0.41
0.655,0.676
0.655,1.105
-0.764,0.055
-1.981,0.14
-3.046,0.107
2.9,0.149
2.019,0.16
1.724,-2.514
1.813,1.777
-0.093,-1.481
-0.09,-1.551
-0.183,-0.565
-0.187,-2.362
-0.508,1.103
-0.573,-2.575
-0.581,0.729
-0.451,0.063
-0.544,1.097
-0.572,-0.403
-0.602,-2.023
-0.442,-0.992
-0.442,-1.71
-0.601,-0.132
-0.62,-1.361
-0.621,-0.395
-0.663,-1.905
-0.689,0.227
-0.787,-1.345
-0.809,-0.284
-0.741,-1.783
-0.782,-1.139
-0.947,-2.028
-0.918,-2.329
-1.142,-2.435
-1.235,-1.154
-1.097,0.402
-1.27,-0.7
-1.362,0.68
-1.236,-0.893
-1.37,-1.867
-1.547,-0.39
-1.713,0.855
-1.874,0.488
-1.964,0.722
-1.974,0.902
-2.055,-1.01
-2.062,0.458
-1.951,-0.21
-2.111,-1.466
-2.102,0.184
-2.255,-0.1
-2.43,-2.512
-2.35,-0.834
-2.358,1.179
-2.445,-2.162
-2.568,-1.244
-2.607,-0.729
-2.653,-0.175
-2.564,-2.758
-2.688,-0.51
-2.688,1.099
-2.62,-2.763
-2.749,-1.236
-2.776,-2.767
-2.821,-1.68
-2.859,0.74
-2.907,-0.043
-2.86,-2.335
-2.877,0.192
-2.881,-2.606
-3.045,-0.589
-3.037,-0.099
3.122,0.799
3.115,0.56
-3.068,-1.444
2.955,-2.39
3.091,-2.677
3.018,-2.573
2.907,-1.396
2.83,0.504
2.934,-1.786
2.825,-1.218
2.69,-2.308
2.429,0.355
2.403,-1.217
2.305,-0.551
2.201,0.042
2.131,-0.288
1.932,-1.404
1.899,-2.708
2.029,-2.473
1.892,-2.321
1.954,-2.6
1.801,0.853
1.883,-1.565
1.8,-2.5
1.658,-2.277
1.793,-1.112
1.743,-0.555
1.372,-1.252
1.392,-1.043
1.155,-2.726
0.961,-2.666
0.989,-1.205
0.761,-1.003
0.647,-2.443
0.565,0.955
0.562,-0.542
0.556,-1.232
0.644,0.081
0.319,-1.534
0.41,-1.709
0.393,-2.278
0.227,-1.621
0.23,-3.129
-0.239,-2.865
-0.407,-2.889
-0.44,-3.139
-0.769,-3.233
-1.283,-2.745
-1.312,-2.994
-1.328,-2.958
-1.477,-2.986
-2.481,-2.9
-2.533,-3.205
-2.895,-3.204
-2.813,-2.97
3.05,-2.868
2.816,-2.857
1.746,-3.006
0.668,-2.906
0.499,-3.188
0.372,-2.857
-0.888,1.426
-2.08,1.429
-2.053,1.589
-2.258,1.458
-2.443,1.222
-2.859,1.454
2.283,1.387
2.163,1.288
1.63,1.352
1.356,1.271
1.058,1.483
-1.733,-2.773
1.893,-1.382
1.359,-0.689
-0.328,-0.635
0.92,0.897
0.889,-0.173
0.737,0.093
0.737,0.522
-0.682,-0.528
-1.899,-0.443
-2.964,-0.476
2.982,-0.434
2.101,-0.423
1.806,-3.097
1.895,1.194
0.003,-0.07
-0.09,0.916
-0.094,-0.881
-0.415,2.584
-0.48,-1.094
-0.488,2.21
-0.358,1.544
-0.451,2.578
-0.479,1.078
-0.509,-0.542
-0.349,0.489
-0.349,-0.229
-0.508,1.349
-0.527,0.12
-0.528,1.086
-0.57,-0.424
-0.596,1.708
-0.694,0.136
-0.716,1.197
-0.648,-0.302
-0.689,0.342
-0.854,-0.547
-0.825,-0.848
-1.049,-0.954
-1.142,0.327
-1.004,1.883
-1.177,0.781
-1.269,2.161
-1.143,0.588
-1.277,-0.386
-1.454,1.091
-1.62,2.336
-1.781,1.969
-1.871,2.203
-1.881,2.383
-1.962,0.471
-1.969,1.939
-1.858,1.271
-2.018,0.015
-2.009,1.665
-2.162,1.381
-2.337,-1.031
-2.257,0.647
-2.265,2.66
-2.352,-0.681
-2.475,0.237
-2.514,0.752
-2.56,1.306
-2.471,-1.277
-2.595,0.971
-2.595,2.58
-2.527,-1.282
-2.656,0.245
-2.683,-1.286
-2.728,-0.199
-2.766,2.221
-2.814,1.438
-2.767,-0.854
-2.784,1.673
-2.788,-1.125
-2.952,0.892
-2.944,1.382
-3.068,2.28
-3.075,2.041
-2.975,0.037
3.048,-0.909
-3.099,-1.196
3.111,-1.092
3.0,0.085
2.923,1.985
3.027,-0.305
2.918,0.263
2.783,-0.827
2.522,1.836
2.496,0.264
2.398,0.93
2.294,1.523
2.224,1.193
2.025,0.077
1.992,-1.227
2.122,-0.992
1.985,-0.84
2.047,-1.119
1.894,2.334
1.976,-0.084
1.893,-1.019
1.751,-0.796
1.886,0.369
1.836,0.926
1.465,0.229
1.485,0.438
1.248,-1.245
1.054,-1.185
1.082,0.276
0.854,0.478
0.74,-0.962
0.658,2.436
0.655,0.939
0.649,0.249
0.737,1.562
0.412,-0.053
0.503,-0.228
0.486,-0.797
0.32,-0.14
0.323,-1.648
-0.146,-1.384
-0.314,-1.408
-0.347,-1.658
-0.676,-1.752
-1.19,-1.264
-1.219,-1.513
-1.235,-1.477
-1.384,-1.505
-2.388,-1.419
-2.44,-1.724
-2.802,-1.723
-2.72,-1.489
-3.14,-1.387
2.909,-1.376
1.839,-1.525
0.761,-1.425
0.592,-1.707
0.465,-1.376
-0.795,2.907
-1.987,2.91
-1.96,3.07
-2.165,2.939
-2.35,2.703
-2.766,2.935
2.376,2.868
2.256,2.769
1.723,2.833
1.449,2.752
1.151,2.964
-1.64,-1.292
1.986,0.099
1.452,0.792
-0.235,0.846
1.013,2.378
0.982,1.308
0.83,1.574
0.83,2.003
-0.589,0.953
-1.806,1.038
-2.871,1.005
3.075,1.047
2.194,1.058
1.899,-1.616
1.988,2.675
-0.093,0.986
-0.097,-0.811
-0.418,2.654
-0.483,-1.024
-0.491,2.28
-0.361,1.614
-0.454,2.648
-0.482,1.148
-0.512,-0.472
-0.352,0.559
-0.352,-0.159
-0.511,1.419
-0.53,0.19
-0.531,1.156
-0.573,-0.354
-0.599,1.778
-0.697,0.206
-0.719,1.267
-0.651,-0.232
-0.692,0.412
-0.857,-0.477
-0.828,-0.778
-1.052,-0.884
-1.145,0.397
-1.007,1.953
-1.18,0.851
-1.272,2.231
-1.146,0.658
-1.28,-0.316
-1.457,1.161
-1.623,2.406
-1.784,2.039
-1.874,2.273
-1.884,2.453
-1.965,0.541
-1.972,2.009
-1.861,1.341
-2.021,0.085
-2.012,1.735
-2.165,1.451
-2.34,-0.961
-2.26,0.717
-2.268,2.73
-2.355,-0.611
-2.478,0.307
-2.517,0.822
-2.563,1.376
-2.474,-1.207
-2.598,1.041
-2.598,2.65
-2.53,-1.212
-2.659,0.315
-2.686,-1.216
-2.731,-0.129
-2.769,2.291
-2.817,1.508
-2.77,-0.784
-2.787,1.743
-2.791,-1.055
-2.955,0.962
-2.947,1.452
-3.071,2.35
-3.078,2.111
-2.978,0.107
3.045,-0.839
-3.102,-1.126
3.108,-1.022
2.997,0.155
2.92,2.055
3.024,-0.235
2.915,0.333
2.78,-0.757
2.519,1.906
2.493,0.334
2.395,1.0
2.291,1.593
2.221,1.263
2.022,0.147
1.989,-1.157
2.119,-0.922
1.982,-0.77
2.044,-1.049
1.891,2.404
1.973,-0.014
1.89,-0.949
1.748,-0.726
1.883,0.439
1.833,0.996
1.462,0.299
1.482,0.508
1.245,-1.175
1.051,-1.115
1.079,0.346
0.851,0.548
0.737,-0.892
0.655,2.506
0.652,1.009
0.646,0.319
0.734,1.632
0.409,0.017
0.5,-0.158
0.483,-0.727
0.317,-0.07
0.32,-1.578
-0.149,-1.314
-0.317,-1.338
-0.35,-1.588
-0.679,-1.682
-1.193,-1.194
-1.222,-1.443
-1.238,-1.407
-1.387,-1.435
-2.391,-1.349
-2.443,-1.654
-2.805,-1.653
-2.723,-1.419
3.14,-1.317
2.906,-1.306
1.836,-1.455
0.758,-1.355
0.589,-1.637
0.462,-1.306
-0.798,2.977
-1.99,2.98
-1.963,3.14
-2.168,3.009
-2.353,2.773
-2.769,3.005
2.373,2.938
2.253,2.839
1.72,2.903
1.446,2.822
1.148,3.034
-1.643,-1.222
1.983,0.169
1.449,0.862
-0.238,0.916
1.01,2.448
0.979,1.378
0.827,1.644
0.827,2.073
-0.592,1.023
-1.809,1.108
-2.874,1.075
3.072,1.117
2.191,1.128
1.896,-1.546
1.985,2.745
-0.004,-1.797
-0.325,1.668
-0.39,-2.01
-0.398,1.294
-0.268,0.628
-0.361,1.662
-0.389,0.162
-0.419,-1.458
-0.259,-0.427
-0.259,-1.145
-0.418,0.433
-0.437,-0.796
-0.438,0.17
-0.48,-1.34
-0.506,0.792
-0.604,-0.78
-0.626,0.281
-0.558,-1.218
-0.599,-0.574
-0.764,-1.463
-0.735,-1.764
-0.959,-1.87
-1.052,-0.589
-0.914,0.967
-1.087,-0.135
-1.179,1.245
-1.053,-0.328
-1.187,-1.302
-1.364,0.175
-1.53,1.42
-1.691,1.053
-1.781,1.287
-1.791,1.467
-1.872,-0.445
-1.879,1.023
-1.768,0.355
-1.928,-0.901
-1.919,0.749
-2.072,0.465
-2.247,-1.947
-2.167,-0.269
-2.175,1.744
-2.262,-1.597
-2.385,-0.679
-2.424,-0.164
-2.47,0.39
-2.381,-2.193
-2.505,0.055
-2.505,1.664
-2.437,-2.198
-2.566,-0.671
-2.593,-2.202
-2.638,-1.115
-2.676,1.305
-2.724,0.522
-2.677,-1.77
-2.694,0.757
-2.698,-2.041
-2.862,-0.024
-2.854,0.466
-2.978,1.364
-2.985,1.125
-2.885,-0.879
3.138,-1.825
-3.009,-2.112
-3.082,-2.008
3.09,-0.831
3.013,1.069
3.117,-1.221
3.008,-0.653
2.873,-1.743
2.612,0.92
2.586,-0.652
2.488,0.014
2.384,0.607
2.314,0.277
2.115,-0.839
2.082,-2.143
2.212,-1.908
2.075,-1.756
2.137,-2.035
1.984,1.418
2.066,-1.0
1.983,-1.935
1.841,-1.712
1.976,-0.547
1.926,0.01
1.555,-0.687
1.575,-0.478
1.338,-2.161
1.144,-2.101
1.172,-0.64
0.944,-0.438
0.83,-1.878
0.748,1.52
0.745,0.023
0.739,-0.667
0.827,0.646
0.502,-0.969
0.593,-1.144
0.576,-1.713
0.41,-1.056
0.413,-2.564
-0.056,-2.3
-0.224,-2.324
-0.257,-2.574
-0.586,-2.668
-1.1,-2.18
-1.129,-2.429
-1.145,-2.393
-1.294,-2.421
-2.298,-2.335
-2.35,-2.64
-2.712,-2.639
-2.63,-2.405
-3.05,-2.303
2.999,-2.292
1.929,-2.441
0.851,-2.341
0.682,-2.623
0.555,-2.292
-0.705,1.991
-1.897,1.994
-1.87,2.154
-2.075,2.023
-2.26,1.787
-2.676,2.019
2.466,1.952
2.346,1.853
1.813,1.917
1.539,1.836
1.241,2.048
-1.55,-2.208
2.076,-0.817
1.542,-0.124
-0.145,-0.07
1.103,1.462
1.072,0.392
0.92,0.658
0.92,1.087
-0.499,0.037
-1.716,0.122
-2.781,0.089
-3.118,0.131
2.284,0.142
1.989,-2.532
2.078,1.759
-0.321,3.465
-0.386,-0.213
-0.394,3.091
-0.264,2.425
-0.357,3.459
-0.385,1.959
-0.415,0.339
-0.255,1.37
-0.255,0.652
-0.414,2.23
-0.433,1.001
-0.434,1.967
-0.476,0.457
-0.502,2.589
-0.6,1.017
-0.622,2.078
-0.554,0.579
-0.595,1.223
-0.76,0.334
-0.731,0.033
-0.955,-0.073
-1.048,1.208
-0.91,2.764
-1.083,1.662
-1.175,3.042
-1.049,1.469
-1.183,0.495
-1.36,1.972
-1.526,3.217
-1.687,2.85
-1.777,3.084
-1.787,3.264
-1.868,1.352
-1.875,2.82
-1.764,2.152
-1.924,0.896
-1.915,2.546
-2.068,2.262
-2.243,-0.15
-2.163,1.528
-2.171,3.541
-2.258,0.2
-2.381,1.118
-2.42,1.633
-2.466,2.187
-2.377,-0.396
-2.501,1.852
-2.501,3.461
-2.433,-0.401
-2.562,1.126
-2.589,-0.405
-2.634,0.682
-2.672,3.102
-2.72,2.319
-2.673,0.027
-2.69,2.554
-2.694,-0.244
-2.858,1.773
-2.85,2.263
-2.974,3.161
-2.981,2.922
-2.881,0.918
-3.141,-0.028
-3.005,-0.315
-3.078,-0.211
3.094,0.966
3.017,2.866
3.121,0.576
3.012,1.144
2.877,0.054
2.616,2.717
2.59,1.145
2.492,1.811
2.388,2.404
2.318,2.074
2.119,0.958
2.086,-0.346
2.216,-0.111
2.079,0.041
2.141,-0.238
1.988,3.215
2.07,0.797
1.987,-0.138
1.845,0.085
1.98,1.25
1.93,1.807
1.559,1.11
1.579,1.319
1.342,-0.364
1.148,-0.304
1.176,1.157
0.948,1.359
0.834,-0.081
0.752,3.317
0.749,1.82
0.743,1.13
0.831,2.443
0.506,0.828
0.597,0.653
0.58,0.084
0.414,0.741
0.417,-0.767
-0.052,-0.503
-0.22,-0.527
-0.253,-0.777
-0.582,-0.871
-1.096,-0.383
-1.125,-0.632
-1.141,-0.596
-1.29,-0.624
-2.294,-0.538
-2.346,-0.843
-2.708,-0.842
-2.626,-0.608
-3.046,-0.506
3.003,-0.495
1.933,-0.644
0.855,-0.544
0.686,-0.826
0.559,-0.495
-0.701,3.788
-1.893,3.791
-1.866,3.951
-2.071,3.82
-2.256,3.584
-2.672,3.816
2.47,3.749
2.35,3.65
1.817,3.714
1.543,3.633
1.245,3.845
-1.546,-0.411
2.08,0.98
1.546,1.673
-0.141,1.727
1.107,3.259
1.076,2.189
0.924,2.455
0.924,2.884
-0.495,1.834
-1.712,1.919
-2.777,1.886
-3.114,1.928
2.288,1.939
1.993,-0.735
2.082,3.556
-0.065,-3.678
-0.073,-0.374
0.057,-1.04
-0.036,-0.006
-0.064,-1.506
-0.094,-3.126
0.066,-2.095
0.066,-2.813
-0.093,-1.235
-0.112,-2.464
-0.113,-1.498
-0.155,-3.008
-0.181,-0.876
-0.279,-2.448
-0.301,-1.387
-0.233,-2.886
-0.274,-2.242
-0.439,-3.131
-0.41,-3.432
-0.634,-3.538
-0.727,-2.257
-0.589,-0.701
-0.762,-1.803
-0.854,-0.423
-0.728,-1.996
-0.862,-2.97
-1.039,-1.493
-1.205,-0.248
-1.366,-0.615
-1.456,-0.381
-1.466,-0.201
-1.547,-2.113
-1.554,-0.645
-1.443,-1.313
-1.603,-2.569
-1.594,-0.919
-1.747,-1.203
-1.922,-3.615
-1.842,-1.937
-1.85,0.076
-1.937,-3.265
-2.06,-2.347
-2.099,-1.832
-2.145,-1.278
-2.056,-3.861
-2.18,-1.613
-2.18,-0.004
-2.112,-3.866
-2.241,-2.339
-2.268,-3.87
-2.313,-2.783
-2.351,-0.363
-2.399,-1.146
-2.352,-3.438
-2.369,-0.911
-2.373,-3.709
-2.537,-1.692
-2.529,-1.202
-2.653,-0.304
-2.66,-0.543
-2.56,-2.547
-2.82,-3.493
-2.684,-3.78
-2.757,-3.676
-2.868,-2.499
-2.945,-0.599
-2.841,-2.889
-2.95,-2.321
-3.085,-3.411
2.937,-0.748
2.911,-2.32
2.813,-1.654
2.709,-1.061
2.639,-1.391
2.44,-2.507
2.407,-3.811
2.537,-3.576
2.4,-3.424
2.462,-3.703
2.309,-0.25
2.391,-2.668
2.308,-3.603
2.166,-3.38
2.301,-2.215
2.251,-1.658
1.88,-2.355
1.9,-2.146
1.663,-3.829
1.469,-3.769
1.497,-2.308
1.269,-2.106
1.155,-3.546
1.073,-0.148
1.07,-1.645
1.064,-2.335
1.152,-1.022
0.827,-2.637
0.918,-2.812
0.901,-3.381
0.735,-2.724
0.738,-4.232
0.269,-3.968
0.101,-3.992
0.068,-4.242
-0.261,-4.336
-0.775,-3.848
-0.804,-4.097
-0.82,-4.061
-0.969,-4.089
-1.973,-4.003
-2.025,-4.308
-2.387,-4.307
-2.305,-4.073
-2.725,-3.971
-2.959,-3.96
2.254,-4.109
1.176,-4.009
1.007,-4.291
0.88,-3.96
-0.38,0.323
-1.572,0.326
-1.545,0.486
-1.75,0.355
-1.935,0.119
-2.351,0.351
2.791,0.284
2.671,0.185
2.138,0.249
1.864,0.168
1.566,0.38
-1.225,-3.876
2.401,-2.485
1.867,-1.792
0.18,-1.738
1.428,-0.206
1.397,-1.276
1.245,-1.01
1.245,-0.581
-0.174,-1.631
-1.391,-1.546
-2.456,-1.579
-2.793,-1.537
2.609,-1.526
2.314,-4.2
2.403,0.091
-0.008,3.304
0.122,2.638
0.029,3.672
0.001,2.172
-0.029,0.552
0.131,1.583
0.131,0.865
-0.028,2.443
-0.047,1.214
-0.048,2.18
-0.09,0.67
-0.116,2.802
-0.214,1.23
-0.236,2.291
-0.168,0.792
-0.209,1.436
-0.374,0.547
-0.345,0.246
-0.569,0.14
-0.662,1.421
-0.524,2.977
-0.697,1.875
-0.789,3.255
-0.663,1.682
-0.797,0.708
-0.974,2.185
-1.14,3.43
-1.301,3.063
-1.391,3.297
-1.401,3.477
-1.482,1.565
-1.489,3.033
-1.378,2.365
-1.538,1.109
-1.529,2.759
-1.682,2.475
-1.857,0.063
-1.777,1.741
-1.785,3.754
-1.872,0.413
-1.995,1.331
-2.034,1.846
-2.08,2.4
-1.991,-0.183
-2.115,2.065
-2.115,3.674
-2.047,-0.188
-2.176,1.339
-2.203,-0.192
-2.248,0.895
-2.286,3.315
-2.334,2.532
-2.287,0.24
-2.304,2.767
-2.308,-0.031
-2.472,1.986
-2.464,2.476
-2.588,3.374
-2.595,3.135
-2.495,1.131
-2.755,0.185
-2.619,-0.102
-2.692,0.002
-2.803,1.179
-2.88,3.079
-2.776,0.789
-2.885,1.357
-3.02,0.267
3.002,2.93
2.976,1.358
2.878,2.024
2.774,2.617
2.704,2.287
2.505,1.171
2.472,-0.133
2.602,0.102
2.465,0.254
2.527,-0.025
2.374,3.428
2.456,1.01
2.373,0.075
2.231,0.298
2.366,1.463
2.316,2.02
1.945,1.323
1.965,1.532
1.728,-0.151
1.534,-0.091
1.562,1.37
1.334,1.572
1.22,0.132
1.138,3.53
1.135,2.033
1.129,1.343
1.217,2.656
0.892,1.041
0.983,0.866
0.966,0.297
0.8,0.954
0.803,-0.554
0.334,-0.29
0.166,-0.314
0.133,-0.564
-0.196,-0.658
-0.71,-0.17
-0.739,-0.419
-0.755,-0.383
-0.904,-0.411
-1.908,-0.325
-1.96,-0.63
-2.322,-0.629
-2.24,-0.395
-2.66,-0.293
-2.894,-0.282
2.319,-0.431
1.241,-0.331
1.072,-0.613
0.945,-0.282
-0.315,4.001
-1.507,4.004
-1.48,4.164
-1.685,4.033
-1.87,3.797
-2.286,4.029
2.856,3.962
2.736,3.863
2.203,3.927
1.929,3.846
1.631,4.058
-1.16,-0.198
2.466,1.193
1.932,1.886
0.245,1.94
1.493,3.472
1.462,2.402
1.31,2.668
1.31,3.097
-0.109,2.047
-1.326,2.132
-2.391,2.099
-2.728,2.141
2.674,2.152
2.379,-0.522
2.468,3.769
0.13,-0.666
0.037,0.368
0.009,-1.132
-0.021,-2.752
0.139,-1.721
0.139,-2.439
-0.02,-0.861
-0.039,-2.09
-0.04,-1.124
-0.082,-2.634
-0.108,-0.502
-0.206,-2.074
-0.228,-1.013
-0.16,-2.512
-0.201,-1.868
-0.366,-2.757
-0.337,-3.058
-0.561,-3.164
-0.654,-1.883
-0.516,-0.327
-0.689,-1.429
-0.781,-0.049
-0.655,-1.622
-0.789,-2.596
-0.966,-1.119
-1.132,0.126
-1.293,-0.241
-1.383,-0.007
-1.393,0.173
-1.474,-1.739
-1.481,-0.271
-1.37,-0.939
-1.53,-2.195
-1.521,-0.545
-1.674,-0.829
-1.849,-3.241
-1.769,-1.563
-1.777,0.45
-1.864,-2.891
-1.987,-1.973
-2.026,-1.458
-2.072,-0.904
-1.983,-3.487
-2.107,-1.239
-2.107,0.37
-2.039,-3.492
-2.168,-1.965
-2.195,-3.496
-2.24,-2.409
-2.278,0.011
-2.326,-0.772
-2.279,-3.064
-2.296,-0.537
-2.3,-3.335
-2.464,-1.318
-2.456,-0.828
-2.58,0.07
-2.587,-0.169
-2.487,-2.173
-2.747,-3.119
-2.611,-3.406
-2.684,-3.302
-2.795,-2.125
-2.872,-0.225
-2.768,-2.515
-2.877,-1.947
-3.012,-3.037
3.01,-0.374
2.984,-1.946
2.886,-1.28
2.782,-0.687
2.712,-1.017
2.513,-2.133
2.48,-3.437
2.61,-3.202
2.473,-3.05
2.535,-3.329
2.382,0.124
2.464,-2.294
2.381,-3.229
2.239,-3.006
2.374,-1.841
2.324,-1.284
1.953,-1.981
1.973,-1.772
1.736,-3.455
1.542,-3.395
1.57,-1.934
1.342,-1.732
1.228,-3.172
1.146,0.226
1.143,-1.271
1.137,-1.961
1.225,-0.648
0.9,-2.263
0.991,-2.438
0.974,-3.007
0.808,-2.35
0.811,-3.858
0.342,-3.594
0.174,-3.618
0.141,-3.868
-0.188,-3.962
-0.702,-3.474
-0.731,-3.723
-0.747,-3.687
-0.896,-3.715
-1.9,-3.629
-1.952,-3.934
-2.314,-3.933
-2.232,-3.699
-2.652,-3.597
-2.886,-3.586
2.327,-3.735
1.249,-3.635
1.08,-3.917
0.953,-3.586
-0.307,0.697
-1.499,0.7
-1.472,0.86
-1.677,0.729
-1.862,0.493
-2.278,0.725
2.864,0.658
2.744,0.559
2.211,0.623
1.937,0.542
1.639,0.754
-1.152,-3.502
2.474,-2.111
1.94,-1.418
0.253,-1.364
1.501,0.168
1.47,-0.902
1.318,-0.636
1.318,-0.207
-0.101,-1.257
-1.318,-1.172
-2.383,-1.205
-2.72,-1.163
2.682,-1.152
2.387,-3.826
2.476,0.465
-0.093,1.034
-0.121,-0.466
-0.151,-2.086
0.009,-1.055
0.009,-1.773
-0.15,-0.195
-0.169,-1.424
-0.17,-0.458
-0.212,-1.968
-0.238,0.164
-0.336,-1.408
-0.358,-0.347
-0.29,-1.846
-0.331,-1.202
-0.496,-2.091
-0.467,-2.392
-0.691,-2.498
-0.784,-1.217
-0.646,0.339
-0.819,-0.763
-0.911,0.617
-0.785,-0.956
-0.919,-1.93
-1.096,-0.453
-1.262,0.792
-1.423,0.425
-1.513,0.659
-1.523,0.839
-1.604,-1.073
-1.611,0.395
-1.5,-0.273
-1.66,-1.529
-1.651,0.121
-1.804,-0.163
-1.979,-2.575
-1.899,-0.897
-1.907,1.116
-1.994,-2.225
-2.117,-1.307
-2.156,-0.792
-2.202,-0.238
-2.113,-2.821
-2.237,-0.573
-2.237,1.036
-2.169,-2.826
-2.298,-1.299
-2.325,-2.83
-2.37,-1.743
-2.408,0.677
-2.456,-0.106
-2.409,-2.398
-2.426,0.129
-2.43,-2.669
-2.594,-0.652
-2.586,-0.162
-2.71,0.736
-2.717,0.497
-2.617,-1.507
-2.877,-2.453
-2.741,-2.74
-2.814,-2.636
-2.925,-1.459
-3.002,0.441
-2.898,-1.849
-3.007,-1.281
3.141,-2.371
2.88,0.292
2.854,-1.28
2.756,-0.614
2.652,-0.021
2.582,-0.351
2.383,-1.467
2.35,-2.771
2.48,-2.536
2.343,-2.384
2.405,-2.663
2.252,0.79
2.334,-1.628
2.251,-2.563
2.109,-2.34
2.244,-1.175
2.194,-0.618
1.823,-1.315
1.843,-1.106
1.606,-2.789
1.412,-2.729
1.44,-1.268
1.212,-1.066
1.098,-2.506
1.016,0.892
1.013,-0.605
1.007,-1.295
1.095,0.018
0.77,-1.597
0.861,-1.772
0.844,-2.341
0.678,-1.684
0.681,-3.192
0.212,-2.928
0.044,-2.952
0.011,-3.202
-0.318,-3.296
-0.832,-2.808
-0.861,-3.057
-0.877,-3.021
-1.026,-3.049
-2.03,-2.963
-2.082,-3.268
-2.444,-3.267
-2.362,-3.033
-2.782,-2.931
-3.016,-2.92
2.197,-3.069
1.119,-2.969
0.95,-3.251
0.823,-2.92
-0.437,1.363
-1.629,1.366
-1.602,1.526
-1.807,1.395
-1.992,1.159
-2.408,1.391
2.734,1.324
2.614,1.225
2.081,1.289
1.807,1.208
1.509,1.42
-1.282,-2.836
2.344,-1.445
1.81,-0.752
0.123,-0.698
1.371,0.834
1.34,-0.236
1.188,0.03
1.188,0.459
-0.231,-0.591
-1.448,-0.506
-2.513,-0.539
-2.85,-0.497
2.552,-0.486
2.257,-3.16
2.346,1.131
-0.028,-1.5
-0.058,-3.12
0.102,-2.089
0.102,-2.807
-0.057,-1.229
-0.076,-2.458
-0.077,-1.492
-0.119,-3.002
-0.145,-0.87
-0.243,-2.442
-0.265,-1.381
-0.197,-2.88
-0.238,-2.236
-0.403,-3.125
-0.374,-3.426
-0.598,-3.532
-0.691,-2.251
-0.553,-0.695
-0.726,-1.797
-0.818,-0.417
-0.692,-1.99
-0.826,-2.964
-1.003,-1.487
-1.169,-0.242
-1.33,-0.609
-1.42,-0.375
-1.43,-0.195
-1.511,-2.107
-1.518,-0.639
-1.407,-1.307
-1.567,-2.563
-1.558,-0.913
-1.711,-1.197
-1.886,-3.609
-1.806,-1.931
-1.814,0.082
-1.901,-3.259
-2.024,-2.341
-2.063,-1.826
-2.109,-1.272
-2.02,-3.855
-2.144,-1.607
-2.144,0.002
-2.076,-3.86
-2.205,-2.333
-2.232,-3.864
-2.277,-2.777
-2.315,-0.357
-2.363,-1.14
-2.316,-3.432
-2.333,-0.905
-2.337,-3.703
-2.501,-1.686
-2.493,-1.196
-2.617,-0.298
-2.624,-0.537
-2.524,-2.541
-2.784,-3.487
-2.648,-3.774
-2.721,-3.67
-2.832,-2.493
-2.909,-0.593
-2.805,-2.883
-2.914,-2.315
-3.049,-3.405
2.973,-0.742
2.947,-2.314
2.849,-1.648
2.745,-1.055
2.675,-1.385
2.476,-2.501
2.443,-3.805
2.573,-3.57
2.436,-3.418
2.498,-3.697
2.345,-0.244
2.427,-2.662
2.344,-3.597
2.202,-3.374
2.337,-2.209
2.287,-1.652
1.916,-2.349
1.936,-2.14
1.699,-3.823
1.505,-3.763
1.533,-2.302
1.305,-2.1
1.191,-3.54
1.109,-0.142
1.106,-1.639
1.1,-2.329
1.188,-1.016
0.863,-2.631
0.954,-2.806
0.937,-3.375
0.771,-2.718
0.774,-4.226
0.305,-3.962
0.137,-3.986
0.104,-4.236
-0.225,-4.33
-0.739,-3.842
-0.768,-4.091
-0.784,-4.055
-0.933,-4.083
-1.937,-3.997
-1.989,-4.302
-2.351,-4.301
-2.269,-4.067
-2.689,-3.965
-2.923,-3.954
2.29,-4.103
1.212,-4.003
1.043,-4.285
0.916,-3.954
-0.344,0.329
-1.536,0.332
-1.509,0.492
-1.714,0.361
-1.899,0.125
-2.315,0.357
2.827,0.29
2.707,0.191
2.174,0.255
1.9,0.174
1.602,0.386
-1.189,-3.87
2.437,-2.479
1.903,-1.786
0.216,-1.732
1.464,-0.2
1.433,-1.27
1.281,-1.004
1.281,-0.575
-0.138,-1.625
-1.355,-1.54
-2.42,-1.573
-2.757,-1.531
2.645,-1.52
2.35,-4.194
2.439,0.097
-0.03,-1.62
0.13,-0.589
0.13,-1.307
-0.029,0.271
-0.048,-0.958
-0.049,0.008
-0.091,-1.502
-0.117,0.63
-0.215,-0.942
-0.237,0.119
-0.169,-1.38
-0.21,-0.736
-0.375,-1.625
-0.346,-1.926
-0.57,-2.032
-0.663,-0.751
-0.525,0.805
-0.698,-0.297
-0.79,1.083
-0.664,-0.49
-0.798,-1.464
-0.975,0.013
-1.141,1.258
-1.302,0.891
-1.392,1.125
-1.402,1.305
-1.483,-0.607
-1.49,0.861
-1.379,0.193
-1.539,-1.063
-1.53,0.587
-1.683,0.303
-1.858,-2.109
-1.778,-0.431
-1.786,1.582
-1.873,-1.759
-1.996,-0.841
-2.035,-0.326
-2.081,0.228
-1.992,-2.355
-2.116,-0.107
-2.116,1.502
-2.048,-2.36
-2.177,-0.833
-2.204,-2.364
-2.249,-1.277
-2.287,1.143
-2.335,0.36
-2.288,-1.932
-2.305,0.595
-2.309,-2.203
-2.473,-0.186
-2.465,0.304
-2.589,1.202
-2.596,0.963
-2.496,-1.041
-2.756,-1.987
-2.62,-2.274
-2.693,-2.17
-2.804,-0.993
-2.881,0.907
-2.777,-1.383
-2.886,-0.815
-3.021,-1.905
3.001,0.758
2.975,-0.814
2.877,-0.148
2.773,0.445
2.703,0.115
2.504,-1.001
2.471,-2.305
2.601,-2.07
2.464,-1.918
2.526,-2.197
2.373,1.256
2.455,-1.162
2.372,-2.097
2.23,-1.874
2.365,-0.709
2.315,-0.152
1.944,-0.849
1.964,-0.64
1.727,-2.323
1.533,-2.263
1.561,-0.802
1.333,-0.6
1.219,-2.04
1.137,1.358
1.134,-0.139
1.128,-0.829
1.216,0.484
0.891,-1.131
0.982,-1.306
0.965,-1.875
0.799,-1.218
0.802,-2.726
0.333,-2.462
0.165,-2.486
0.132,-2.736
-0.197,-2.83
-0.711,-2.342
-0.74,-2.591
-0.756,-2.555
-0.905,-2.583
-1.909,-2.497
-1.961,-2.802
-2.323,-2.801
-2.241,-2.567
-2.661,-2.465
-2.895,-2.454
2.318,-2.603
1.24,-2.503
1.071,-2.785
0.944,-2.454
-0.316,1.829
-1.508,1.832
-1.481,1.992
-1.686,1.861
-1.871,1.625
-2.287,1.857
2.855,1.79
2.735,1.691
2.202,1.755
1.928,1.674
1.63,1.886
-1.161,-2.37
2.465,-0.979
1.931,-0.286
0.244,-0.232
1.492,1.3
1.461,0.23
1.309,0.496
1.309,0.925
-0.11,-0.125
-1.327,-0.04
-2.392,-0.073
-2.729,-0.031
2.673,-0.02
2.378,-2.694
2.467,1.597
0.16,1.031
0.16,0.313
0.001,1.891
-0.018,0.662
-0.019,1.628
-0.061,0.118
-0.087,2.25
-0.185,0.678
-0.207,1.739
-0.139,0.24
-0.18,0.884
-0.345,-0.005
-0.316,-0.306
-0.54,-0.412
-0.633,0.869
-0.495,2.425
-0.668,1.323
-0.76,2.703
-0.634,1.13
-0.768,0.156
-0.945,1.633
-1.111,2.878
-1.272,2.511
-1.362,2.745
-1.372,2.925
-1.453,1.013
-1.46,2.481
-1.349,1.813
-1.509,0.557
-1.5,2.207
-1.653,1.923
-1.828,-0.489
-1.748,1.189
-1.756,3.202
-1.843,-0.139
-1.966,0.779
-2.005,1.294
-2.051,1.848
-1.962,-0.735
-2.086,1.513
-2.086,3.122
-2.018,-0.74
-2.147,0.787
-2.174,-0.744
-2.219,0.343
-2.257,2.763
-2.305,1.98
-2.258,-0.312
-2.275,2.215
-2.279,-0.583
-2.443,1.434
-2.435,1.924
-2.559,2.822
-2.566,2.583
-2.466,0.579
-2.726,-0.367
-2.59,-0.654
-2.663,-0.55
-2.774,0.627
-2.851,2.527
-2.747,0.237
-2.856,0.805
-2.991,-0.285
3.031,2.378
3.005,0.806
2.907,1.472
2.803,2.065
2.733,1.735
2.534,0.619
2.501,-0.685
2.631,-0.45
2.494,-0.298
2.556,-0.577
2.403,2.876
2.485,0.458
2.402,-0.477
2.26,-0.254
2.395,0.911
2.345,1.468
1.974,0.771
1.994,0.98
1.757,-0.703
1.563,-0.643
1.591,0.818
1.363,1.02
1.249,-0.42
1.167,2.978
1.164,1.481
1.158,0.791
1.246,2.104
0.921,0.489
1.012,0.314
0.995,-0.255
0.829,0.402
0.832,-1.106
0.363,-0.842
0.195,-0.866
0.162,-1.116
-0.167,-1.21
-0.681,-0.722
-0.71,-0.971
-0.726,-0.935
-0.875,-0.963
-1.879,-0.877
-1.931,-1.182
-2.293,-1.181
-2.211,-0.947
-2.631,-0.845
-2.865,-0.834
2.348,-0.983
1.27,-0.883
1.101,-1.165
0.974,-0.834
-0.286,3.449
-1.478,3.452
-1.451,3.612
-1.656,3.481
-1.841,3.245
-2.257,3.477
2.885,3.41
2.765,3.311
2.232,3.375
1.958,3.294
1.66,3.506
-1.131,-0.75
2.495,0.641
1.961,1.334
0.274,1.388
1.522,2.92
1.491,1.85
1.339,2.116
1.339,2.545
-0.08,1.495
-1.297,1.58
-2.362,1.547
-2.699,1.589
2.703,1.6
2.408,-1.074
2.497,3.217
0.0,-0.718
-0.159,0.86
-0.178,-0.369
-0.179,0.597
-0.221,-0.913
-0.247,1.219
-0.345,-0.353
-0.367,0.708
-0.299,-0.791
-0.34,-0.147
-0.505,-1.036
-0.476,-1.337
-0.7,-1.443
-0.793,-0.162
-0.655,1.394
-0.828,0.292
-0.92,1.672
-0.794,0.099
-0.928,-0.875
-1.105,0.602
-1.271,1.847
-1.432,1.48
-1.522,1.714
-1.532,1.894
-1.613,-0.018
-1.62,1.45
-1.509,0.782
-1.669,-0.474
-1.66,1.176
-1.813,0.892
-1.988,-1.52
-1.908,0.158
-1.916,2.171
-2.003,-1.17
-2.126,-0.252
-2.165,0.263
-2.211,0.817
-2.122,-1.766
-2.246,0.482
-2.246,2.091
-2.178,-1.771
-2.307,-0.244
-2.334,-1.775
-2.379,-0.688
-2.417,1.732
-2.465,0.949
-2.418,-1.343
-2.435,1.184
-2.439,-1.614
-2.603,0.403
-2.595,0.893
-2.719,1.791
-2.726,1.552
-2.626,-0.452
-2.886,-1.398
-2.75,-1.685
-2.823,-1.581
-2.934,-0.404
-3.011,1.496
-2.907,-0.794
-3.016,-0.226
3.132,-1.316
2.871,1.347
2.845,-0.225
2.747,0.441
2.643,1.034
2.573,0.704
2.374,-0.412
2.341,-1.716
2.471,-1.481
2.334,-1.329
2.396,-1.608
2.243,1.845
2.325,-0.573
2.242,-1.508
2.1,-1.285
2.235,-0.12
2.185,0.437
1.814,-0.26
1.834,-0.051
1.597,-1.734
1.403,-1.674
1.431,-0.213
1.203,-0.011
1.089,-1.451
1.007,1.947
1.004,0.45
0.998,-0.24
1.086,1.073
0.761,-0.542
0.852,-0.717
0.835,-1.286
0.669,-0.629
0.672,-2.137
0.203,-1.873
0.035,-1.897
0.002,-2.147
-0.327,-2.241
-0.841,-1.753
-0.87,-2.002
-0.886,-1.966
-1.035,-1.994
-2.039,-1.908
-2.091,-2.213
-2.453,-2.212
-2.371,-1.978
-2.791,-1.876
-3.025,-1.865
2.188,-2.014
1.11,-1.914
0.941,-2.196
0.814,-1.865
-0.446,2.418
-1.638,2.421
-1.611,2.581
-1.816,2.45
-2.001,2.214
-2.417,2.446
2.725,2.379
2.605,2.28
2.072,2.344
1.798,2.263
1.5,2.475
-1.291,-1.781
2.335,-0.39
1.801,0.303
0.114,0.357
1.362,1.889
1.331,0.819
1.179,1.085
1.179,1.514
-0.24,0.464
-1.457,0.549
-2.522,0.516
-2.859,0.558
2.543,0.569
2.248,-2.105
2.337,2.186
-0.159,1.578
-0.178,0.349
-0.179,1.315
-0.221,-0.195
-0.247,1.937
-0.345,0.365
-0.367,1.426
-0.299,-0.073
-0.34,0.571
-0.505,-0.318
-0.476,-0.619
-0.7,-0.725
-0.793,0.556
-0.655,2.112
-0.828,1.01
-0.92,2.39
-0.794,0.817
-0.928,-0.157
-1.105,1.32
-1.271,2.565
-1.432,2.198
-1.522,2.432
-1.532,2.612
-1.613,0.7
-1.62,2.168
-1.509,1.5
-1.669,0.244
-1.66,1.894
-1.813,1.61
-1.988,-0.802
-1.908,0.876
-1.916,2.889
-2.003,-0.452
-2.126,0.466
-2.165,0.981
-2.211,1.535
-2.122,-1.048
-2.246,1.2
-2.246,2.809
-2.178,-1.053
-2.307,0.474
-2.334,-1.057
-2.379,0.03
-2.417,2.45
-2.465,1.667
-2.418,-0.625
-2.435,1.902
-2.439,-0.896
-2.603,1.121
-2.595,1.611
-2.719,2.509
-2.726,2.27
-2.626,0.266
-2.886,-0.68
-2.75,-0.967
-2.823,-0.863
-2.934,0.314
-3.011,2.214
-2.907,-0.076
-3.016,0.492
3.132,-0.598
2.871,2.065
2.845,0.493
2.747,1.159
2.643,1.752
2.573,1.422
2.374,0.306
2.341,-0.998
2.471,-0.763
2.334,-0.611
2.396,-0.89
2.243,2.563
2.325,0.145
2.242,-0.79
2.1,-0.567
2.235,0.598
2.185,1.155
1.814,0.458
1.834,0.667
1.597,-1.016
1.403,-0.956
1.431,0.505
1.203,0.707
1.089,-0.733
1.007,2.665
1.004,1.168
0.998,0.478
1.086,1.791
0.761,0.176
0.852,0.001
0.835,-0.568
0.669,0.089
0.672,-1.419
0.203,-1.155
0.035,-1.179
0.002,-1.429
-0.327,-1.523
-0.841,-1.035
-0.87,-1.284
-0.886,-1.248
-1.035,-1.276
-2.039,-1.19
-2.091,-1.495
-2.453,-1.494
-2.371,-1.26
-2.791,-1.158
-3.025,-1.147
2.188,-1.296
1.11,-1.196
0.941,-1.478
0.814,-1.147
-0.446,3.136
-1.638,3.139
-1.611,3.299
-1.816,3.168
-2.001,2.932
-2.417,3.164
2.725,3.097
2.605,2.998
2.072,3.062
1.798,2.981
1.5,3.193
-1.291,-1.063
2.335,0.328
1.801,1.021
0.114,1.075
1.362,2.607
1.331,1.537
1.179,1.803
1.179,2.232
-0.24,1.182
-1.457,1.267
-2.522,1.234
-2.859,1.276
2.543,1.287
2.248,-1.387
2.337,2.904
-0.019,-1.229
-0.02,-0.263
-0.062,-1.773
-0.088,0.359
-0.186,-1.213
-0.208,-0.152
-0.14,-1.651
-0.181,-1.007
-0.346,-1.896
-0.317,-2.197
-0.541,-2.303
-0.634,-1.022
-0.496,0.534
-0.669,-0.568
-0.761,0.812
-0.635,-0.761
-0.769,-1.735
-0.946,-0.258
-1.112,0.987
-1.273,0.62
-1.363,0.854
-1.373,1.034
-1.454,-0.878
-1.461,0.59
-1.35,-0.078
-1.51,-1.334
-1.501,0.316
-1.654,0.032
-1.829,-2.38
-1.749,-0.702
-1.757,1.311
-1.844,-2.03
-1.967,-1.112
-2.006,-0.597
-2.052,-0.043
-1.963,-2.626
-2.087,-0.378
-2.087,1.231
-2.019,-2.631
-2.148,-1.104
-2.175,-2.635
-2.22,-1.548
-2.258,0.872
-2.306,0.089
-2.259,-2.203
-2.276,0.324
-2.28,-2.474
-2.444,-0.457
-2.436,0.033
-2.56,0.931
-2.567,0.692
-2.467,-1.312
-2.727,-2.258
-2.591,-2.545
-2.664,-2.441
-2.775,-1.264
-2.852,0.636
-2.748,-1.654
-2.857,-1.086
-2.992,-2.176
3.03,0.487
3.004,-1.085
2.906,-0.419
2.802,0.174
2.732,-0.156
2.533,-1.272
2.5,-2.576
2.63,-2.341
2.493,-2.189
2.555,-2.468
2.402,0.985
2.484,-1.433
2.401,-2.368
2.259,-2.145
2.394,-0.98
2.344,-0.423
1.973,-1.12
1.993,-0.911
1.756,-2.594
1.562,-2.534
1.59,-1.073
1.362,-0.871
1.248,-2.311
1.166,1.087
1.163,-0.41
1.157,-1.1
1.245,0.213
0.92,-1.402
1.011,-1.577
0.994,-2.146
0.828,-1.489
0.831,-2.997
0.362,-2.733
0.194,-2.757
0.161,-3.007
-0.168,-3.101
-0.682,-2.613
-0.711,-2.862
-0.727,-2.826
-0.876,-2.854
-1.88,-2.768
-1.932,-3.073
-2.294,-3.072
-2.212,-2.838
-2.632,-2.736
-2.866,-2.725
2.347,-2.874
1.269,-2.774
1.1,-3.056
0.973,-2.725
-0.287,1.558
-1.479,1.561
-1.452,1.721
-1.657,1.59
-1.842,1.354
-2.258,1.586
2.884,1.519
2.764,1.42
2.231,1.484
1.957,1.403
1.659,1.615
-1.132,-2.641
2.494,-1.25
1.96,-0.557
0.273,-0.503
1.521,1.029
1.49,-0.041
1.338,0.225
1.338,0.654
-0.081,-0.396
-1.298,-0.311
-2.363,-0.344
-2.7,-0.302
2.702,-0.291
2.407,-2.965
2.496,1.326
-0.001,0.966
-0.043,-0.544
-0.069,1.588
-0.167,0.016
-0.189,1.077
-0.121,-0.422
-0.162,0.222
-0.327,-0.667
-0.298,-0.968
-0.522,-1.074
-0.615,0.207
-0.477,1.763
-0.65,0.661
-0.742,2.041
-0.616,0.468
-0.75,-0.506
-0.927,0.971
-1.093,2.216
-1.254,1.849
-1.344,2.083
-1.354,2.263
-1.435,0.351
-1.442,1.819
-1.331,1.151
-1.491,-0.105
-1.482,1.545
-1.635,1.261
-1.81,-1.151
-1.73,0.527
-1.738,2.54
-1.825,-0.801
-1.948,0.117
-1.987,0.632
-2.033,1.186
-1.944,-1.397
-2.068,0.851
-2.068,2.46
-2.0,-1.402
-2.129,0.125
-2.156,-1.406
-2.201,-0.319
-2.239,2.101
-2.287,1.318
-2.24,-0.974
-2.257,1.553
-2.261,-1.245
-2.425,0.772
-2.417,1.262
-2.541,2.16
-2.548,1.921
-2.448,-0.083
-2.708,-1.029
-2.572,-1.316
-2.645,-1.212
-2.756,-0.035
-2.833,1.865
-2.729,-0.425
-2.838,0.143
-2.973,-0.947
3.049,1.716
3.023,0.144
2.925,0.81
2.821,1.403
2.751,1.073
2.552,-0.043
2.519,-1.347
2.649,-1.112
2.512,-0.96
2.574,-1.239
2.421,2.214
2.503,-0.204
2.42,-1.139
2.278,-0.916
2.413,0.249
2.363,0.806
1.992,0.109
2.012,0.318
1.775,-1.365
1.581,-1.305
1.609,0.156
1.381,0.358
1.267,-1.082
1.185,2.316
1.182,0.819
1.176,0.129
1.264,1.442
0.939,-0.173
1.03,-0.348
1.013,-0.917
0.847,-0.26
0.85,-1.768
0.381,-1.504
0.213,-1.528
0.18,-1.778
-0.149,-1.872
-0.663,-1.384
-0.692,-1.633
-0.708,-1.597
-0.857,-1.625
-1.861,-1.539
-1.913,-1.844
-2.275,-1.843
-2.193,-1.609
-2.613,-1.507
-2.847,-1.496
2.366,-1.645
1.288,-1.545
1.119,-1.827
0.992,-1.496
-0.268,2.787
-1.46,2.79
-1.433,2.95
-1.638,2.819
-1.823,2.583
-2.239,2.815
2.903,2.748
2.783,2.649
2.25,2.713
1.976,2.632
1.678,2.844
-1.113,-1.412
2.513,-0.021
1.979,0.672
0.292,0.726
1.54,2.258
1.509,1.188
1.357,1.454
1.357,1.883
-0.062,0.833
-1.279,0.918
-2.344,0.885
-2.681,0.927
2.721,0.938
2.426,-1.736
2.515,2.555
-0.042,-1.51
-0.068,0.622
-0.166,-0.95
-0.188,0.111
-0.12,-1.388
-0.161,-0.744
-0.326,-1.633
-0.297,-1.934
-0.521,-2.04
-0.614,-0.759
-0.476,0.797
-0.649,-0.305
-0.741,1.075
-0.615,-0.498
-0.749,-1.472
-0.926,0.005
-1.092,1.25
-1.253,0.883
-1.343,1.117
-1.353,1.297
-1.434,-0.615
-1.441,0.853
-1.33,0.185
-1.49,-1.071
-1.481,0.579
-1.634,0.295
-1.809,-2.117
-1.729,-0.439
-1.737,1.574
-1.824,-1.767
-1.947,-0.849
-1.986,-0.334
-2.032,0.22
-1.943,-2.363
-2.067,-0.115
-2.067,1.494
-1.999,-2.368
-2.128,-0.841
-2.155,-2.372
-2.2,-1.285
-2.238,1.135
-2.286,0.352
-2.239,-1.94
-2.256,0.587
-2.26,-2.211
-2.424,-0.194
-2.416,0.296
-2.54,1.194
-2.547,0.955
-2.447,-1.049
-2.707,-1.995
-2.571,-2.282
-2.644,-2.178
-2.755,-1.001
-2.832,0.899
-2.728,-1.391
-2.837,-0.823
-2.972,-1.913
3.05,0.75
3.024,-0.822
2.926,-0.156
2.822,0.437
2.752,0.107
2.553,-1.009
2.52,-2.313
2.65,-2.078
2.513,-1.926
2.575,-2.205
2.422,1.248
2.504,-1.17
2.421,-2.105
2.279,-1.882
2.414,-0.717
2.364,-0.16
1.993,-0.857
2.013,-0.648
1.776,-2.331
1.582,-2.271
1.61,-0.81
1.382,-0.608
1.268,-2.048
1.186,1.35
1.183,-0.147
1.177,-0.837
1.265,0.476
0.94,-1.139
1.031,-1.314
1.014,-1.883
0.848,-1.226
0.851,-2.734
0.382,-2.47
0.214,-2.494
0.181,-2.744
-0.148,-2.838
-0.662,-2.35
-0.691,-2.599
-0.707,-2.563
-0.856,-2.591
-1.86,-2.505
-1.912,-2.81
-2.274,-2.809
-2.192,-2.575
-2.612,-2.473
-2.846,-2.462
2.367,-2.611
1.289,-2.511
1.12,-2.793
0.993,-2.462
-0.267,1.821
-1.459,1.824
-1.432,1.984
-1.637,1.853
-1.822,1.617
-2.238,1.849
2.904,1.782
2.784,1.683
2.251,1.747
1.977,1.666
1.679,1.878
-1.112,-2.378
2.514,-0.987
1.98,-0.294
0.293,-0.24
1.541,1.292
1.51,0.222
1.358,0.488
1.358,0.917
-0.061,-0.133
-1.278,-0.048
-2.343,-0.081
-2.68,-0.039
2.722,-0.028
2.427,-2.702
2.516,1.589
-0.026,2.132
-0.124,0.56
-0.146,1.621
-0.078,0.122
-0.119,0.766
-0.284,-0.123
-0.255,-0.424
-0.479,-0.53
-0.572,0.751
-0.434,2.307
-0.607,1.205
-0.699,2.585
-0.573,1.012
-0.707,0.038
-0.884,1.515
-1.05,2.76
-1.211,2.393
-1.301,2.627
-1.311,2.807
-1.392,0.895
-1.399,2.363
-1.288,1.695
-1.448,0.439
-1.439,2.089
-1.592,1.805
-1.767,-0.607
-1.687,1.071
-1.695,3.084
-1.782,-0.257
-1.905,0.661
-1.944,1.176
-1.99,1.73
-1.901,-0.853
-2.025,1.395
-2.025,3.004
-1.957,-0.858
-2.086,0.669
-2.113,-0.862
-2.158,0.225
-2.196,2.645
-2.244,1.862
-2.197,-0.43
-2.214,2.097
-2.218,-0.701
-2.382,1.316
-2.374,1.806
-2.498,2.704
-2.505,2.465
-2.405,0.461
-2.665,-0.485
-2.529,-0.772
-2.602,-0.668
-2.713,0.509
-2.79,2.409
-2.686,0.119
-2.795,0.687
-2.93,-0.403
3.092,2.26
3.066,0.688
2.968,1.354
2.864,1.947
2.794,1.617
2.595,0.501
2.562,-0.803
2.692,-0.568
2.555,-0.416
2.617,-0.695
2.464,2.758
2.546,0.34
2.463,-0.595
2.321,-0.372
2.456,0.793
2.406,1.35
2.035,0.653
2.055,0.862
1.818,-0.821
1.624,-0.761
1.652,0.7
1.424,0.902
1.31,-0.538
1.228,2.86
1.225,1.363
1.219,0.673
1.307,1.986
0.982,0.371
1.073,0.196
1.056,-0.373
0.89,0.284
0.893,-1.224
0.424,-0.96
0.256,-0.984
0.223,-1.234
-0.106,-1.328
-0.62,-0.84
-0.649,-1.089
-0.665,-1.053
-0.814,-1.081
-1.818,-0.995
-1.87,-1.3
-2.232,-1.299
-2.15,-1.065
-2.57,-0.963
-2.804,-0.952
2.409,-1.101
1.331,-1.001
1.162,-1.283
1.035,-0.952
-0.225,3.331
-1.417,3.334
-1.39,3.494
-1.595,3.363
-1.78,3.127
-2.196,3.359
2.946,3.292
2.826,3.193
2.293,3.257
2.019,3.176
1.721,3.388
-1.07,-0.868
2.556,0.523
2.022,1.216
0.335,1.27
1.583,2.802
1.552,1.732
1.4,1.998
1.4,2.427
-0.019,1.377
-1.236,1.462
-2.301,1.429
-2.638,1.471
2.764,1.482
2.469,-1.192
2.558,3.099
-0.098,-1.572
-0.12,-0.511
-0.052,-2.01
-0.093,-1.366
-0.258,-2.255
-0.229,-2.556
-0.453,-2.662
-0.546,-1.381
-0.408,0.175
-0.581,-0.927
-0.673,0.453
-0.547,-1.12
-0.681,-2.094
-0.858,-0.617
-1.024,0.628
-1.185,0.261
-1.275,0.495
-1.285,0.675
-1.366,-1.237
-1.373,0.231
-1.262,-0.437
-1.422,-1.693
-1.413,-0.043
-1.566,-0.327
-1.741,-2.739
-1.661,-1.061
-1.669,0.952
-1.756,-2.389
-1.879,-1.471
-1.918,-0.956
-1.964,-0.402
-1.875,-2.985
-1.999,-0.737
-1.999,0.872
-1.931,-2.99
-2.06,-1.463
-2.087,-2.994
-2.132,-1.907
-2.17,0.513
-2.218,-0.27
-2.171,-2.562
-2.188,-0.035
-2.192,-2.833
-2.356,-0.816
-2.348,-0.326
-2.472,0.572
-2.479,0.333
-2.379,-1.671
-2.639,-2.617
-2.503,-2.904
-2.576,-2.8
-2.687,-1.623
-2.764,0.277
-2.66,-2.013
-2.769,-1.445
-2.904,-2.535
3.118,0.128
3.092,-1.444
2.994,-0.778
2.89,-0.185
2.82,-0.515
2.621,-1.631
2.588,-2.935
2.718,-2.7
2.581,-2.548
2.643,-2.827
2.49,0.626
2.572,-1.792
2.489,-2.727
2.347,-2.504
2.482,-1.339
2.432,-0.782
2.061,-1.479
2.081,-1.27
1.844,-2.953
1.65,-2.893
1.678,-1.432
1.45,-1.23
1.336,-2.67
1.254,0.728
1.251,-0.769
1.245,-1.459
1.333,-0.146
1.008,-1.761
1.099,-1.936
1.082,-2.505
0.916,-1.848
0.919,-3.356
0.45,-3.092
0.282,-3.116
0.249,-3.366
-0.08,-3.46
-0.594,-2.972
-0.623,-3.221
-0.639,-3.185
-0.788,-3.213
-1.792,-3.127
-1.844,-3.432
-2.206,-3.431
-2.124,-3.197
-2.544,-3.095
-2.778,-3.084
2.435,-3.233
1.357,-3.133
1.188,-3.415
1.061,-3.084
-0.199,1.199
-1.391,1.202
-1.364,1.362
-1.569,1.231
-1.754,0.995
-2.17,1.227
2.972,1.16
2.852,1.061
2.319,1.125
2.045,1.044
1.747,1.256
-1.044,-3.0
2.582,-1.609
2.048,-0.916
0.361,-0.862
1.609,0.67
1.578,-0.4
1.426,-0.134
1.426,0.295
0.007,-0.755
-1.21,-0.67
-2.275,-0.703
-2.612,-0.661
2.79,-0.65
2.495,-3.324
2.584,0.967
-0.022,1.061
0.046,-0.438
0.005,0.206
-0.16,-0.683
-0.131,-0.984
-0.355,-1.09
-0.448,0.191
-0.31,1.747
-0.483,0.645
-0.575,2.025
-0.449,0.452
-0.583,-0.522
-0.76,0.955
-0.926,2.2
-1.087,1.833
-1.177,2.067
-1.187,2.247
-1.268,0.335
-1.275,1.803
-1.164,1.135
-1.324,-0.121
-1.315,1.529
-1.468,1.245
-1.643,-1.167
-1.563,0.511
-1.571,2.524
-1.658,-0.817
-1.781,0.101
-1.82,0.616
-1.866,1.17
-1.777,-1.413
-1.901,0.835
-1.901,2.444
-1.833,-1.418
-1.962,0.109
-1.989,-1.422
-2.034,-0.335
-2.072,2.085
-2.12,1.302
-2.073,-0.99
-2.09,1.537
-2.094,-1.261
-2.258,0.756
-2.25,1.246
-2.374,2.144
-2.381,1.905
-2.281,-0.099
-2.541,-1.045
-2.405,-1.332
-2.478,-1.228
-2.589,-0.051
-2.666,1.849
-2.562,-0.441
-2.671,0.127
-2.806,-0.963
-3.067,1.7
-3.093,0.128
3.092,0.794
2.988,1.387
2.918,1.057
2.719,-0.059
2.686,-1.363
2.816,-1.128
2.679,-0.976
2.741,-1.255
2.588,2.198
2.67,-0.22
2.587,-1.155
2.445,-0.932
2.58,0.233
2.53,0.79
2.159,0.093
2.179,0.302
1.942,-1.381
1.748,-1.321
1.776,0.14
1.548,0.342
1.434,-1.098
1.352,2.3
1.349,0.803
1.343,0.113
1.431,1.426
1.106,-0.189
1.197,-0.364
1.18,-0.933
1.014,-0.276
1.017,-1.784
0.548,-1.52
0.38,-1.544
0.347,-1.794
0.018,-1.888
-0.496,-1.4
-0.525,-1.649
-0.541,-1.613
-0.69,-1.641
-1.694,-1.555
-1.746,-1.86
-2.108,-1.859
-2.026,-1.625
-2.446,-1.523
-2.68,-1.512
2.533,-1.661
1.455,-1.561
1.286,-1.843
1.159,-1.512
-0.101,2.771
-1.293,2.774
-1.266,2.934
-1.471,2.803
-1.656,2.567
-2.072,2.799
3.07,2.732
2.95,2.633
2.417,2.697
2.143,2.616
1.845,2.828
-0.946,-1.428
2.68,-0.037
2.146,0.656
0.459,0.71
1.707,2.242
1.676,1.172
1.524,1.438
1.524,1.867
0.105,0.817
-1.112,0.902
-2.177,0.869
-2.514,0.911
2.888,0.922
2.593,-1.752
2.682,2.539
0.068,-1.499
0.027,-0.855
-0.138,-1.744
-0.109,-2.045
-0.333,-2.151
-0.426,-0.87
-0.288,0.686
-0.461,-0.416
-0.553,0.964
-0.427,-0.609
-0.561,-1.583
-0.738,-0.106
-0.904,1.139
-1.065,0.772
-1.155,1.006
-1.165,1.186
-1.246,-0.726
-1.253,0.742
-1.142,0.074
-1.302,-1.182
-1.293,0.468
-1.446,0.184
-1.621,-2.228
-1.541,-0.55
-1.549,1.463
-1.636,-1.878
-1.759,-0.96
-1.798,-0.445
-1.844,0.109
-1.755,-2.474
-1.879,-0.226
-1.879,1.383
-1.811,-2.479
-1.94,-0.952
-1.967,-2.483
-2.012,-1.396
-2.05,1.024
-2.098,0.241
-2.051,-2.051
-2.068,0.476
-2.072,-2.322
-2.236,-0.305
-2.228,0.185
-2.352,1.083
-2.359,0.844
-2.259,-1.16
-2.519,-2.106
-2.383,-2.393
-2.456,-2.289
-2.567,-1.112
-2.644,0.788
-2.54,-1.502
-2.649,-0.934
-2.784,-2.024
-3.045,0.639
-3.071,-0.933
3.114,-0.267
3.01,0.326
2.94,-0.004
2.741,-1.12
2.708,-2.424
2.838,-2.189
2.701,-2.037
2.763,-2.316
2.61,1.137
2.692,-1.281
2.609,-2.216
2.467,-1.993
2.602,-0.828
2.552,-0.271
2.181,-0.968
2.201,-0.759
1.964,-2.442
1.77,-2.382
1.798,-0.921
1.57,-0.719
1.456,-2.159
1.374,1.239
1.371,-0.258
1.365,-0.948
1.453,0.365
1.128,-1.25
1.219,-1.425
1.202,-1.994
1.036,-1.337
1.039,-2.845
0.57,-2.581
0.402,-2.605
0.369,-2.855
0.04,-2.949
-0.474,-2.461
-0.503,-2.71
-0.519,-2.674
-0.668,-2.702
-1.672,-2.616
-1.724,-2.921
-2.086,-2.92
-2.004,-2.686
-2.424,-2.584
-2.658,-2.573
2.555,-2.722
1.477,-2.622
1.308,-2.904
1.181,-2.573
-0.079,1.71
-1.271,1.713
-1.244,1.873
-1.449,1.742
-1.634,1.506
-2.05,1.738
3.092,1.671
2.972,1.572
2.439,1.636
2.165,1.555
1.867,1.767
-0.924,-2.489
2.702,-1.098
2.168,-0.405
0.481,-0.351
1.729,1.181
1.698,0.111
1.546,0.377
1.546,0.806
0.127,-0.244
-1.09,-0.159
-2.155,-0.192
-2.492,-0.15
2.91,-0.139
2.615,-2.813
2.704,1.478
-0.041,0.644
-0.206,-0.245
-0.177,-0.546
-0.401,-0.652
-0.494,0.629
-0.356,2.185
-0.529,1.083
-0.621,2.463
-0.495,0.89
-0.629,-0.084
-0.806,1.393
-0.972,2.638
-1.133,2.271
-1.223,2.505
-1.233,2.685
-1.314,0.773
-1.321,2.241
-1.21,1.573
-1.37,0.317
-1.361,1.967
-1.514,1.683
-1.689,-0.729
-1.609,0.949
-1.617,2.962
-1.704,-0.379
-1.827,0.539
-1.866,1.054
-1.912,1.608
-1.823,-0.975
-1.947,1.273
-1.947,2.882
-1.879,-0.98
-2.008,0.547
-2.035,-0.984
-2.08,0.103
-2.118,2.523
-2.166,1.74
-2.119,-0.552
-2.136,1.975
-2.14,-0.823
-2.304,1.194
-2.296,1.684
-2.42,2.582
-2.427,2.343
-2.327,0.339
-2.587,-0.607
-2.451,-0.894
-2.524,-0.79
-2.635,0.387
-2.712,2.287
-2.608,-0.003
-2.717,0.565
-2.852,-0.525
-3.113,2.138
-3.139,0.566
3.046,1.232
2.942,1.825
2.872,1.495
2.673,0.379
2.64,-0.925
2.77,-0.69
2.633,-0.538
2.695,-0.817
2.542,2.636
2.624,0.218
2.541,-0.717
2.399,-0.494
2.534,0.671
2.484,1.228
2.113,0.531
2.133,0.74
1.896,-0.943
1.702,-0.883
1.73,0.578
1.502,0.78
1.388,-0.66
1.306,2.738
1.303,1.241
1.297,0.551
1.385,1.864
1.06,0.249
1.151,0.074
1.134,-0.495
0.968,0.162
0.971,-1.346
0.502,-1.082
0.334,-1.106
0.301,-1.356
-0.028,-1.45
-0.542,-0.962
-0.571,-1.211
-0.587,-1.175
-0.736,-1.203
-1.74,-1.117
-1.792,-1.422
-2.154,-1.421
-2.072,-1.187
-2.492,-1.085
-2.726,-1.074
2.487,-1.223
1.409,-1.123
1.24,-1.405
1.113,-1.074
-0.147,3.209
-1.339,3.212
-1.312,3.372
-1.517,3.241
-1.702,3.005
-2.118,3.237
3.024,3.17
2.904,3.071
2.371,3.135
2.097,3.054
1.799,3.266
-0.992,-0.99
2.634,0.401
2.1,1.094
0.413,1.148
1.661,2.68
1.63,1.61
1.478,1.876
1.478,2.305
0.059,1.255
-1.158,1.34
-2.223,1.307
-2.56,1.349
2.842,1.36
2.547,-1.314
2.636,2.977
-0.165,-0.889
-0.136,-1.19
-0.36,-1.296
-0.453,-0.015
-0.315,1.541
-0.488,0.439
-0.58,1.819
-0.454,0.246
-0.588,-0.728
-0.765,0.749
-0.931,1.994
-1.092,1.627
-1.182,1.861
-1.192,2.041
-1.273,0.129
-1.28,1.597
-1.169,0.929
-1.329,-0.327
-1.32,1.323
-1.473,1.039
-1.648,-1.373
-1.568,0.305
-1.576,2.318
-1.663,-1.023
-1.786,-0.105
-1.825,0.41
-1.871,0.964
-1.782,-1.619
-1.906,0.629
-1.906,2.238
-1.838,-1.624
-1.967,-0.097
-1.994,-1.628
-2.039,-0.541
-2.077,1.879
-2.125,1.096
-2.078,-1.196
-2.095,1.331
-2.099,-1.467
-2.263,0.55
-2.255,1.04
-2.379,1.938
-2.386,1.699
-2.286,-0.305
-2.546,-1.251
-2.41,-1.538
-2.483,-1.434
-2.594,-0.257
-2.671,1.643
-2.567,-0.647
-2.676,-0.079
-2.811,-1.169
-3.072,1.494
-3.098,-0.078
3.087,0.588
2.983,1.181
2.913,0.851
2.714,-0.265
2.681,-1.569
2.811,-1.334
2.674,-1.182
2.736,-1.461
2.583,1.992
2.665,-0.426
2.582,-1.361
2.44,-1.138
2.575,0.027
2.525,0.584
2.154,-0.113
2.174,0.096
1.937,-1.587
1.743,-1.527
1.771,-0.066
1.543,0.136
1.429,-1.304
1.347,2.094
1.344,0.597
1.338,-0.093
1.426,1.22
1.101,-0.395
1.192,-0.57
1.175,-1.139
1.009,-0.482
1.012,-1.99
0.543,-1.726
0.375,-1.75
0.342,-2.0
0.013,-2.094
-0.501,-1.606
-0.53,-1.855
-0.546,-1.819
-0.695,-1.847
-1.699,-1.761
-1.751,-2.066
-2.113,-2.065
-2.031,-1.831
-2.451,-1.729
-2.685,-1.718
2.528,-1.867
1.45,-1.767
1.281,-2.049
1.154,-1.718
-0.106,2.565
-1.298,2.568
-1.271,2.728
-1.476,2.597
-1.661,2.361
-2.077,2.593
3.065,2.526
2.945,2.427
2.412,2.491
2.138,2.41
1.84,2.622
-0.951,-1.634
2.675,-0.243
2.141,0.45
0.454,0.504
1.702,2.036
1.671,0.966
1.519,1.232
1.519,1.661
0.1,0.611
-1.117,0.696
-2.182,0.663
-2.519,0.705
2.883,0.716
2.588,-1.958
2.677,2.333
0.029,-0.301
-0.195,-0.407
-0.288,0.874
-0.15,2.43
-0.323,1.328
-0.415,2.708
-0.289,1.135
-0.423,0.161
-0.6,1.638
-0.766,2.883
-0.927,2.516
-1.017,2.75
-1.027,2.93
-1.108,1.018
-1.115,2.486
-1.004,1.818
-1.164,0.562
-1.155,2.212
-1.308,1.928
-1.483,-0.484
-1.403,1.194
-1.411,3.207
-1.498,-0.134
-1.621,0.784
-1.66,1.299
-1.706,1.853
-1.617,-0.73
-1.741,1.518
-1.741,3.127
-1.673,-0.735
-1.802,0.792
-1.829,-0.739
-1.874,0.348
-1.912,2.768
-1.96,1.985
-1.913,-0.307
-1.93,2.22
-1.934,-0.578
-2.098,1.439
-2.09,1.929
-2.214,2.827
-2.221,2.588
-2.121,0.584
-2.381,-0.362
-2.245,-0.649
-2.318,-0.545
-2.429,0.632
-2.506,2.532
-2.402,0.242
-2.511,0.81
-2.646,-0.28
-2.907,2.383
-2.933,0.811
-3.031,1.477
-3.135,2.07
3.078,1.74
2.879,0.624
2.846,-0.68
2.976,-0.445
2.839,-0.293
2.901,-0.572
2.748,2.881
2.83,0.463
2.747,-0.472
2.605,-0.249
2.74,0.916
2.69,1.473
2.319,0.776
2.339,0.985
2.102,-0.698
1.908,-0.638
1.936,0.823
1.708,1.025
1.594,-0.415
1.512,2.983
1.509,1.486
1.503,0.796
1.591,2.109
1.266,0.494
1.357,0.319
1.34,-0.25
1.174,0.407
1.177,-1.101
0.708,-0.837
0.54,-0.861
0.507,-1.111
0.178,-1.205
-0.336,-0.717
-0.365,-0.966
-0.381,-0.93
-0.53,-0.958
-1.534,-0.872
-1.586,-1.177
-1.948,-1.176
-1.866,-0.942
-2.286,-0.84
-2.52,-0.829
2.693,-0.978
1.615,-0.878
1.446,-1.16
1.319,-0.829
0.059,3.454
-1.133,3.457
-1.106,3.617
-1.311,3.486
-1.496,3.25
-1.912,3.482
-3.053,3.415
3.11,3.316
2.577,3.38
2.303,3.299
2.005,3.511
-0.786,-0.745
2.84,0.646
2.306,1.339
0.619,1.393
1.867,2.925
1.836,1.855
1.684,2.121
1.684,2.55
0.265,1.5
-0.952,1.585
-2.017,1.552
-2.354,1.594
3.048,1.605
2.753,-1.069
2.842,3.222
-0.224,-0.106
-0.317,1.175
-0.179,2.731
-0.352,1.629
-0.444,3.009
-0.318,1.436
-0.452,0.462
-0.629,1.939
-0.795,3.184
-0.956,2.817
-1.046,3.051
-1.056,3.231
-1.137,1.319
-1.144,2.787
-1.033,2.119
-1.193,0.863
-1.184,2.513
-1.337,2.229
-1.512,-0.183
-1.432,1.495
-1.44,3.508
-1.527,0.167
-1.65,1.085
-1.689,1.6
-1.735,2.154
-1.646,-0.429
-1.77,1.819
-1.77,3.428
-1.702,-0.434
-1.831,1.093
-1.858,-0.438
-1.903,0.649
-1.941,3.069
-1.989,2.286
-1.942,-0.006
-1.959,2.521
-1.963,-0.277
-2.127,1.74
-2.119,2.23
-2.243,3.128
-2.25,2.889
-2.15,0.885
-2.41,-0.061
-2.274,-0.348
-2.347,-0.244
-2.458,0.933
-2.535,2.833
-2.431,0.543
-2.54,1.111
-2.675,0.021
-2.936,2.684
-2.962,1.112
-3.06,1.778
3.119,2.371
3.049,2.041
2.85,0.925
2.817,-0.379
2.947,-0.144
2.81,0.008
2.872,-0.271
2.719,3.182
2.801,0.764
2.718,-0.171
2.576,0.052
2.711,1.217
2.661,1.774
2.29,1.077
2.31,1.286
2.073,-0.397
1.879,-0.337
1.907,1.124
1.679,1.326
1.565,-0.114
1.483,3.284
1.48,1.787
1.474,1.097
1.562,2.41
1.237,0.795
1.328,0.62
1.311,0.051
1.145,0.708
1.148,-0.8
0.679,-0.536
0.511,-0.56
0.478,-0.81
0.149,-0.904
-0.365,-0.416
-0.394,-0.665
-0.41,-0.629
-0.559,-0.657
-1.563,-0.571
-1.615,-0.876
-1.977,-0.875
-1.895,-0.641
-2.315,-0.539
-2.549,-0.528
2.664,-0.677
1.586,-0.577
1.417,-0.859
1.29,-0.528
0.03,3.755
-1.162,3.758
-1.135,3.918
-1.34,3.787
-1.525,3.551
-1.941,3.783
-3.082,3.716
3.081,3.617
2.548,3.681
2.274,3.6
1.976,3.812
-0.815,-0.444
2.811,0.947
2.277,1.64
0.59,1.694
1.838,3.226
1.807,2.156
1.655,2.422
1.655,2.851
0.236,1.801
-0.981,1.886
-2.046,1.853
-2.383,1.895
3.019,1.906
2.724,-0.768
2.813,3.523
-0.093,1.281
0.045,2.837
-0.128,1.735
-0.22,3.115
-0.094,1.542
-0.228,0.568
-0.405,2.045
-0.571,3.29
-0.732,2.923
-0.822,3.157
-0.832,3.337
-0.913,1.425
-0.92,2.893
-0.809,2.225
-0.969,0.969
-0.96,2.619
-1.113,2.335
-1.288,-0.077
-1.208,1.601
-1.216,3.614
-1.303,0.273
-1.426,1.191
-1.465,1.706
-1.511,2.26
-1.422,-0.323
-1.546,1.925
-1.546,3.534
-1.478,-0.328
-1.607,1.199
-1.634,-0.332
-1.679,0.755
-1.717,3.175
-1.765,2.392
-1.718,0.1
-1.735,2.627
-1.739,-0.171
-1.903,1.846
-1.895,2.336
-2.019,3.234
-2.026,2.995
-1.926,0.991
-2.186,0.045
-2.05,-0.242
-2.123,-0.138
-2.234,1.039
-2.311,2.939
-2.207,0.649
-2.316,1.217
-2.451,0.127
-2.712,2.79
-2.738,1.218
-2.836,1.884
-2.94,2.477
-3.01,2.147
3.074,1.031
3.041,-0.273
-3.112,-0.038
3.034,0.114
3.096,-0.165
2.943,3.288
3.025,0.87
2.942,-0.065
2.8,0.158
2.935,1.323
2.885,1.88
2.514,1.183
2.534,1.392
2.297,-0.291
2.103,-0.231
2.131,1.23
1.903,1.432
1.789,-0.008
1.707,3.39
1.704,1.893
1.698,1.203
1.786,2.516
1.461,0.901
1.552,0.726
1.535,0.157
1.369,0.814
1.372,-0.694
0.903,-0.43
0.735,-0.454
0.702,-0.704
0.373,-0.798
-0.141,-0.31
-0.17,-0.559
-0.186,-0.523
-0.335,-0.551
-1.339,-0.465
-1.391,-0.77
-1.753,-0.769
-1.671,-0.535
-2.091,-0.433
-2.325,-0.422
2.888,-0.571
1.81,-0.471
1.641,-0.753
1.514,-0.422
0.254,3.861
-0.938,3.864
-0.911,4.024
-1.116,3.893
-1.301,3.657
-1.717,3.889
-2.858,3.822
-2.978,3.723
2.772,3.787
2.498,3.706
2.2,3.918
-0.591,-0.338
3.035,1.053
2.501,1.746
0.814,1.8
2.062,3.332
2.031,2.262
1.879,2.528
1.879,2.957
0.46,1.907
-0.757,1.992
-1.822,1.959
-2.159,2.001
-3.04,2.012
2.948,-0.662
3.037,3.629
0.138,1.556
-0.035,0.454
-0.127,1.834
-0.001,0.261
-0.135,-0.713
-0.312,0.764
-0.478,2.009
-0.639,1.642
-0.729,1.876
-0.739,2.056
-0.82,0.144
-0.827,1.612
-0.716,0.944
-0.876,-0.312
-0.867,1.338
-1.02,1.054
-1.195,-1.358
-1.115,0.32
-1.123,2.333
-1.21,-1.008
-1.333,-0.09
-1.372,0.425
-1.418,0.979
-1.329,-1.604
-1.453,0.644
-1.453,2.253
-1.385,-1.609
-1.514,-0.082
-1.541,-1.613
-1.586,-0.526
-1.624,1.894
-1.672,1.111
-1.625,-1.181
-1.642,1.346
-1.646,-1.452
-1.81,0.565
-1.802,1.055
-1.926,1.953
-1.933,1.714
-1.833,-0.29
-2.093,-1.236
-1.957,-1.523
-2.03,-1.419
-2.141,-0.242
-2.218,1.658
-2.114,-0.632
-2.223,-0.064
-2.358,-1.154
-2.619,1.509
-2.645,-0.063
-2.743,0.603
-2.847,1.196
-2.917,0.866
-3.116,-0.25
3.134,-1.554
-3.019,-1.319
3.127,-1.167
-3.094,-1.446
3.036,2.007
3.118,-0.411
3.035,-1.346
2.893,-1.123
3.028,0.042
2.978,0.599
2.607,-0.098
2.627,0.111
2.39,-1.572
2.196,-1.512
2.224,-0.051
1.996,0.151
1.882,-1.289
1.8,2.109
1.797,0.612
1.791,-0.078
1.879,1.235
1.554,-0.38
1.645,-0.555
1.628,-1.124
1.462,-0.467
1.465,-1.975
0.996,-1.711
0.828,-1.735
0.795,-1.985
0.466,-2.079
-0.048,-1.591
-0.077,-1.84
-0.093,-1.804
-0.242,-1.832
-1.246,-1.746
-1.298,-2.051
-1.66,-2.05
-1.578,-1.816
-1.998,-1.714
-2.232,-1.703
2.981,-1.852
1.903,-1.752
1.734,-2.034
1.607,-1.703
0.347,2.58
-0.845,2.583
-0.818,2.743
-1.023,2.612
-1.208,2.376
-1.624,2.608
-2.765,2.541
-2.885,2.442
2.865,2.506
2.591,2.425
2.293,2.637
-0.498,-1.619
3.128,-0.228
2.594,0.465
0.907,0.519
2.155,2.051
2.124,0.981
1.972,1.247
1.972,1.676
0.553,0.626
-0.664,0.711
-1.729,0.678
-2.066,0.72
-2.947,0.731
3.041,-1.943
3.13,2.348
-0.173,-1.102
-0.265,0.278
-0.139,-1.295
-0.273,-2.269
-0.45,-0.792
-0.616,0.453
-0.777,0.086
-0.867,0.32
-0.877,0.5
-0.958,-1.412
-0.965,0.056
-0.854,-0.612
-1.014,-1.868
-1.005,-0.218
-1.158,-0.502
-1.333,-2.914
-1.253,-1.236
-1.261,0.777
-1.348,-2.564
-1.471,-1.646
-1.51,-1.131
-1.556,-0.577
-1.467,-3.16
-1.591,-0.912
-1.591,0.697
-1.523,-3.165
-1.652,-1.638
-1.679,-3.169
-1.724,-2.082
-1.762,0.338
-1.81,-0.445
-1.763,-2.737
-1.78,-0.21
-1.784,-3.008
-1.948,-0.991
-1.94,-0.501
-2.064,0.397
-2.071,0.158
-1.971,-1.846
-2.231,-2.792
-2.095,-3.079
-2.168,-2.975
-2.279,-1.798
-2.356,0.102
-2.252,-2.188
-2.361,-1.62
-2.496,-2.71
-2.757,-0.047
-2.783,-1.619
-2.881,-0.953
-2.985,-0.36
-3.055,-0.69
3.029,-1.806
2.996,-3.11
3.126,-2.875
2.989,-2.723
3.051,-3.002
2.898,0.451
2.98,-1.967
2.897,-2.902
2.755,-2.679
2.89,-1.514
2.84,-0.957
2.469,-1.654
2.489,-1.445
2.252,-3.128
2.058,-3.068
2.086,-1.607
1.858,-1.405
1.744,-2.845
1.662,0.553
1.659,-0.944
1.653,-1.634
1.741,-0.321
1.416,-1.936
1.507,-2.111
1.49,-2.68
1.324,-2.023
1.327,-3.531
0.858,-3.267
0.69,-3.291
0.657,-3.541
0.328,-3.635
-0.186,-3.147
-0.215,-3.396
-0.231,-3.36
-0.38,-3.388
-1.384,-3.302
-1.436,-3.607
-1.798,-3.606
-1.716,-3.372
-2.136,-3.27
-2.37,-3.259
2.843,-3.408
1.765,-3.308
1.596,-3.59
1.469,-3.259
0.209,1.024
-0.983,1.027
-0.956,1.187
-1.161,1.056
-1.346,0.82
-1.762,1.052
-2.903,0.985
-3.023,0.886
2.727,0.95
2.453,0.869
2.155,1.081
-0.636,-3.175
2.99,-1.784
2.456,-1.091
0.769,-1.037
2.017,0.495
1.986,-0.575
1.834,-0.309
1.834,0.12
0.415,-0.93
-0.802,-0.845
-1.867,-0.878
-2.204,-0.836
-3.085,-0.825
2.903,-3.499
2.992,0.792
-0.092,1.38
0.034,-0.193
-0.1,-1.167
-0.277,0.31
-0.443,1.555
-0.604,1.188
-0.694,1.422
-0.704,1.602
-0.785,-0.31
-0.792,1.158
-0.681,0.49
-0.841,-0.766
-0.832,0.884
-0.985,0.6
-1.16,-1.812
-1.08,-0.134
-1.088,1.879
-1.175,-1.462
-1.298,-0.544
-1.337,-0.029
-1.383,0.525
-1.294,-2.058
-1.418,0.19
-1.418,1.799
-1.35,-2.063
-1.479,-0.536
-1.506,-2.067
-1.551,-0.98
-1.589,1.44
-1.637,0.657
-1.59,-1.635
-1.607,0.892
-1.611,-1.906
-1.775,0.111
-1.767,0.601
-1.891,1.499
-1.898,1.26
-1.798,-0.744
-2.058,-1.69
-1.922,-1.977
-1.995,-1.873
-2.106,-0.696
-2.183,1.204
-2.079,-1.086
-2.188,-0.518
-2.323,-1.608
-2.584,1.055
-2.61,-0.517
-2.708,0.149
-2.812,0.742
-2.882,0.412
-3.081,-0.704
-3.114,-2.008
-2.984,-1.773
-3.121,-1.621
-3.059,-1.9
3.071,1.553
-3.13,-0.865
3.07,-1.8
2.928,-1.577
3.063,-0.412
3.013,0.145
2.642,-0.552
2.662,-0.343
2.425,-2.026
2.231,-1.966
2.259,-0.505
2.031,-0.303
1.917,-1.743
1.835,1.655
1.832,0.158
1.826,-0.532
1.914,0.781
1.589,-0.834
1.68,-1.009
1.663,-1.578
1.497,-0.921
1.5,-2.429
1.031,-2.165
0.863,-2.189
0.83,-2.439
0.501,-2.533
-0.013,-2.045
-0.042,-2.294
-0.058,-2.258
-0.207,-2.286
-1.211,-2.2
-1.263,-2.505
-1.625,-2.504
-1.543,-2.27
-1.963,-2.168
-2.197,-2.157
3.016,-2.306
1.938,-2.206
1.769,-2.488
1.642,-2.157
0.382,2.126
-0.81,2.129
-0.783,2.289
-0.988,2.158
-1.173,1.922
-1.589,2.154
-2.73,2.087
-2.85,1.988
2.9,2.052
2.626,1.971
2.328,2.183
-0.463,-2.073
-3.12,-0.682
2.629,0.011
0.942,0.065
2.19,1.597
2.159,0.527
2.007,0.793
2.007,1.222
0.588,0.172
-0.629,0.257
-1.694,0.224
-2.031,0.266
-2.912,0.277
3.076,-2.397
-3.118,1.894
0.126,-1.573
-0.008,-2.547
-0.185,-1.07
-0.351,0.175
-0.512,-0.192
-0.602,0.042
-0.612,0.222
-0.693,-1.69
-0.7,-0.222
-0.589,-0.89
-0.749,-2.146
-0.74,-0.496
-0.893,-0.78
-1.068,-3.192
-0.988,-1.514
-0.996,0.499
-1.083,-2.842
-1.206,-1.924
-1.245,-1.409
-1.291,-0.855
-1.202,-3.438
-1.326,-1.19
-1.326,0.419
-1.258,-3.443
-1.387,-1.916
-1.414,-3.447
-1.459,-2.36
-1.497,0.06
-1.545,-0.723
-1.498,-3.015
-1.515,-0.488
-1.519,-3.286
-1.683,-1.269
-1.675,-0.779
-1.799,0.119
-1.806,-0.12
-1.706,-2.124
-1.966,-3.07
-1.83,-3.357
-1.903,-3.253
-2.014,-2.076
-2.091,-0.176
-1.987,-2.466
-2.096,-1.898
-2.231,-2.988
-2.492,-0.325
-2.518,-1.897
-2.616,-1.231
-2.72,-0.638
-2.79,-0.968
-2.989,-2.084
-3.022,-3.388
-2.892,-3.153
-3.029,-3.001
-2.967,-3.28
-3.12,0.173
-3.038,-2.245
-3.121,-3.18
3.02,-2.957
-3.128,-1.792
3.105,-1.235
2.734,-1.932
2.754,-1.723
2.517,-3.406
2.323,-3.346
2.351,-1.885
2.123,-1.683
2.009,-3.123
1.927,0.275
1.924,-1.222
1.918,-1.912
2.006,-0.599
1.681,-2.214
1.772,-2.389
1.755,-2.958
1.589,-2.301
1.592,-3.809
1.123,-3.545
0.955,-3.569
0.922,-3.819
0.593,-3.913
0.079,-3.425
0.05,-3.674
0.034,-3.638
-0.115,-3.666
-1.119,-3.58
-1.171,-3.885
-1.533,-3.884
-1.451,-3.65
-1.871,-3.548
-2.105,-3.537
3.108,-3.686
2.03,-3.586
1.861,-3.868
1.734,-3.537
0.474,0.746
-0.718,0.749
-0.691,0.909
-0.896,0.778
-1.081,0.542
-1.497,0.774
-2.638,0.707
-2.758,0.608
2.992,0.672
2.718,0.591
2.42,0.803
-0.371,-3.453
-3.028,-2.062
2.721,-1.369
1.034,-1.315
2.282,0.217
2.251,-0.853
2.099,-0.587
2.099,-0.158
0.68,-1.208
-0.537,-1.123
-1.602,-1.156
-1.939,-1.114
-2.82,-1.103
-3.115,-3.777
-3.026,0.514
-0.134,-0.974
-0.311,0.503
-0.477,1.748
-0.638,1.381
-0.728,1.615
-0.738,1.795
-0.819,-0.117
-0.826,1.351
-0.715,0.683
-0.875,-0.573
-0.866,1.077
-1.019,0.793
-1.194,-1.619
-1.114,0.059
-1.122,2.072
-1.209,-1.269
-1.332,-0.351
-1.371,0.164
-1.417,0.718
-1.328,-1.865
-1.452,0.383
-1.452,1.992
-1.384,-1.87
-1.513,-0.343
-1.54,-1.874
-1.585,-0.787
-1.623,1.633
-1.671,0.85
-1.624,-1.442
-1.641,1.085
-1.645,-1.713
-1.809,0.304
-1.801,0.794
-1.925,1.692
-1.932,1.453
-1.832,-0.551
-2.092,-1.497
-1.956,-1.784
-2.029,-1.68
-2.14,-0.503
-2.217,1.397
-2.113,-0.893
-2.222,-0.325
-2.357,-1.415
-2.618,1.248
-2.644,-0.324
-2.742,0.342
-2.846,0.935
-2.916,0.605
-3.115,-0.511
3.135,-1.815
-3.018,-1.58
3.128,-1.428
-3.093,-1.707
3.037,1.746
3.119,-0.672
3.036,-1.607
2.894,-1.384
3.029,-0.219
2.979,0.338
2.608,-0.359
2.628,-0.15
2.391,-1.833
2.197,-1.773
2.225,-0.312
1.997,-0.11
1.883,-1.55
1.801,1.848
1.798,0.351
1.792,-0.339
1.88,0.974
1.555,-0.641
1.646,-0.816
1.629,-1.385
1.463,-0.728
1.466,-2.236
0.997,-1.972
0.829,-1.996
0.796,-2.246
0.467,-2.34
-0.047,-1.852
-0.076,-2.101
-0.092,-2.065
-0.241,-2.093
-1.245,-2.007
-1.297,-2.312
-1.659,-2.311
-1.577,-2.077
-1.997,-1.975
-2.231,-1.964
2.982,-2.113
1.904,-2.013
1.735,-2.295
1.608,-1.964
0.348,2.319
-0.844,2.322
-0.817,2.482
-1.022,2.351
-1.207,2.115
-1.623,2.347
-2.764,2.28
-2.884,2.181
2.866,2.245
2.592,2.164
2.294,2.376
-0.497,-1.88
3.129,-0.489
2.595,0.204
0.908,0.258
2.156,1.79
2.125,0.72
1.973,0.986
1.973,1.415
0.554,0.365
-0.663,0.45
-1.728,0.417
-2.065,0.459
-2.946,0.47
3.042,-2.204
3.131,2.087
-0.177,1.477
-0.343,2.722
-0.504,2.355
-0.594,2.589
-0.604,2.769
-0.685,0.857
-0.692,2.325
-0.581,1.657
-0.741,0.401
-0.732,2.051
-0.885,1.767
-1.06,-0.645
-0.98,1.033
-0.988,3.046
-1.075,-0.295
-1.198,0.623
-1.237,1.138
-1.283,1.692
-1.194,-0.891
-1.318,1.357
-1.318,2.966
-1.25,-0.896
-1.379,0.631
-1.406,-0.9
-1.451,0.187
-1.489,2.607
-1.537,1.824
-1.49,-0.468
-1.507,2.059
-1.511,-0.739
-1.675,1.278
-1.667,1.768
-1.791,2.666
-1.798,2.427
-1.698,0.423
-1.958,-0.523
-1.822,-0.81
-1.895,-0.706
-2.006,0.471
-2.083,2.371
-1.979,0.081
-2.088,0.649
-2.223,-0.441
-2.484,2.222
-2.51,0.65
-2.608,1.316
-2.712,1.909
-2.782,1.579
-2.981,0.463
-3.014,-0.841
-2.884,-0.606
-3.021,-0.454
-2.959,-0.733
-3.112,2.72
-3.03,0.302
-3.113,-0.633
3.028,-0.41
-3.12,0.755
3.113,1.312
2.742,0.615
2.762,0.824
2.525,-0.859
2.331,-0.799
2.359,0.662
2.131,0.864
2.017,-0.576
1.935,2.822
1.932,1.325
1.926,0.635
2.014,1.948
1.689,0.333
1.78,0.158
1.763,-0.411
1.597,0.246
1.6,-1.262
1.131,-0.998
0.963,-1.022
0.93,-1.272
0.601,-1.366
0.087,-0.878
0.058,-1.127
0.042,-1.091
-0.107,-1.119
-1.111,-1.033
-1.163,-1.338
-1.525,-1.337
-1.443,-1.103
-1.863,-1.001
-2.097,-0.99
3.116,-1.139
2.038,-1.039
1.869,-1.321
1.742,-0.99
0.482,3.293
-0.71,3.296
-0.683,3.456
-0.888,3.325
-1.073,3.089
-1.489,3.321
-2.63,3.254
-2.75,3.155
3.0,3.219
2.726,3.138
2.428,3.35
-0.363,-0.906
-3.02,0.485
2.729,1.178
1.042,1.232
2.29,2.764
2.259,1.694
2.107,1.96
2.107,2.389
0.688,1.339
-0.529,1.424
-1.594,1.391
-1.931,1.433
-2.812,1.444
-3.107,-1.23
-3.018,3.061
-0.166,1.245
-0.327,0.878
-0.417,1.112
-0.427,1.292
-0.508,-0.62
-0.515,0.848
-0.404,0.18
-0.564,-1.076
-0.555,0.574
-0.708,0.29
-0.883,-2.122
-0.803,-0.444
-0.811,1.569
-0.898,-1.772
-1.021,-0.854
-1.06,-0.339
-1.106,0.215
-1.017,-2.368
-1.141,-0.12
-1.141,1.489
-1.073,-2.373
-1.202,-0.846
-1.229,-2.377
-1.274,-1.29
-1.312,1.13
-1.36,0.347
-1.313,-1.945
-1.33,0.582
-1.334,-2.216
-1.498,-0.199
-1.49,0.291
-1.614,1.189
-1.621,0.95
-1.521,-1.054
-1.781,-2.0
-1.645,-2.287
-1.718,-2.183
-1.829,-1.006
-1.906,0.894
-1.802,-1.396
-1.911,-0.828
-2.046,-1.918
-2.307,0.745
-2.333,-0.827
-2.431,-0.161
-2.535,0.432
-2.605,0.102
-2.804,-1.014
-2.837,-2.318
-2.707,-2.083
-2.844,-1.931
-2.782,-2.21
-2.935,1.243
-2.853,-1.175
-2.936,-2.11
-3.078,-1.887
-2.943,-0.722
-2.993,-0.165
2.919,-0.862
2.939,-0.653
2.702,-2.336
2.508,-2.276
2.536,-0.815
2.308,-0.613
2.194,-2.053
2.112,1.345
2.109,-0.152
2.103,-0.842
2.191,0.471
1.866,-1.144
1.957,-1.319
1.94,-1.888
1.774,-1.231
1.777,-2.739
1.308,-2.475
1.14,-2.499
1.107,-2.749
0.778,-2.843
0.264,-2.355
0.235,-2.604
0.219,-2.568
0.07,-2.596
-0.934,-2.51
-0.986,-2.815
-1.348,-2.814
-1.266,-2.58
-1.686,-2.478
-1.92,-2.467
-2.99,-2.616
2.215,-2.516
2.046,-2.798
1.919,-2.467
0.659,1.816
-0.533,1.819
-0.506,1.979
-0.711,1.848
-0.896,1.612
-1.312,1.844
-2.453,1.777
-2.573,1.678
-3.106,1.742
2.903,1.661
2.605,1.873
-0.186,-2.383
-2.843,-0.992
2.906,-0.299
1.219,-0.245
2.467,1.287
2.436,0.217
2.284,0.483
2.284,0.912
0.865,-0.138
-0.352,-0.053
-1.417,-0.086
-1.754,-0.044
-2.635,-0.033
-2.93,-2.707
-2.841,1.584
-0.161,-0.367
-0.251,-0.133
-0.261,0.047
-0.342,-1.865
-0.349,-0.397
-0.238,-1.065
-0.398,-2.321
-0.389,-0.671
-0.542,-0.955
-0.717,-3.367
-0.637,-1.689
-0.645,0.324
-0.732,-3.017
-0.855,-2.099
-0.894,-1.584
-0.94,-1.03
-0.851,-3.613
-0.975,-1.365
-0.975,0.244
-0.907,-3.618
-1.036,-2.091
-1.063,-3.622
-1.108,-2.535
-1.146,-0.115
-1.194,-0.898
-1.147,-3.19
-1.164,-0.663
-1.168,-3.461
-1.332,-1.444
-1.324,-0.954
-1.448,-0.056
-1.455,-0.295
-1.355,-2.299
-1.615,-3.245
-1.479,-3.532
-1.552,-3.428
-1.663,-2.251
-1.74,-0.351
-1.636,-2.641
-1.745,-2.073
-1.88,-3.163
-2.141,-0.5
-2.167,-2.072
-2.265,-1.406
-2.369,-0.813
-2.439,-1.143
-2.638,-2.259
-2.671,-3.563
-2.541,-3.328
-2.678,-3.176
-2.616,-3.455
-2.769,-0.002
-2.687,-2.42
-2.77,-3.355
-2.912,-3.132
-2.777,-1.967
-2.827,-1.41
3.085,-2.107
3.105,-1.898
2.868,-3.581
2.674,-3.521
2.702,-2.06
2.474,-1.858
2.36,-3.298
2.278,0.1
2.275,-1.397
2.269,-2.087
2.357,-0.774
2.032,-2.389
2.123,-2.564
2.106,-3.133
1.94,-2.476
1.943,-3.984
1.474,-3.72
1.306,-3.744
1.273,-3.994
0.944,-4.088
0.43,-3.6
0.401,-3.849
0.385,-3.813
0.236,-3.841
-0.768,-3.755
-0.82,-4.06
-1.182,-4.059
-1.1,-3.825
-1.52,-3.723
-1.754,-3.712
-2.824,-3.861
2.381,-3.761
2.212,-4.043
2.085,-3.712
0.825,0.571
-0.367,0.574
-0.34,0.734
-0.545,0.603
-0.73,0.367
-1.146,0.599
-2.287,0.532
-2.407,0.433
-2.94,0.497
3.069,0.416
2.771,0.628
-0.02,-3.628
-2.677,-2.237
3.072,-1.544
1.385,-1.49
2.633,0.042
2.602,-1.028
2.45,-0.762
2.45,-0.333
1.031,-1.383
-0.186,-1.298
-1.251,-1.331
-1.588,-1.289
-2.469,-1.278
-2.764,-3.952
-2.675,0.339
-0.09,0.234
-0.1,0.414
-0.181,-1.498
-0.188,-0.03
-0.077,-0.698
-0.237,-1.954
-0.228,-0.304
-0.381,-0.588
-0.556,-3.0
-0.476,-1.322
-0.484,0.691
-0.571,-2.65
-0.694,-1.732
-0.733,-1.217
-0.779,-0.663
-0.69,-3.246
-0.814,-0.998
-0.814,0.611
-0.746,-3.251
-0.875,-1.724
-0.902,-3.255
-0.947,-2.168
-0.985,0.252
-1.033,-0.531
-0.986,-2.823
-1.003,-0.296
-1.007,-3.094
-1.171,-1.077
-1.163,-0.587
-1.287,0.311
-1.294,0.072
-1.194,-1.932
-1.454,-2.878
-1.318,-3.165
-1.391,-3.061
-1.502,-1.884
-1.579,0.016
-1.475,-2.274
-1.584,-1.706
-1.719,-2.796
-1.98,-0.133
-2.006,-1.705
-2.104,-1.039
-2.208,-0.446
-2.278,-0.776
-2.477,-1.892
-2.51,-3.196
-2.38,-2.961
-2.517,-2.809
-2.455,-3.088
-2.608,0.365
-2.526,-2.053
-2.609,-2.988
-2.751,-2.765
-2.616,-1.6
-2.666,-1.043
-3.037,-1.74
-3.017,-1.531
3.029,-3.214
2.835,-3.154
2.863,-1.693
2.635,-1.491
2.521,-2.931
2.439,0.467
2.436,-1.03
2.43,-1.72
2.518,-0.407
2.193,-2.022
2.284,-2.197
2.267,-2.766
2.101,-2.109
2.104,-3.617
1.635,-3.353
1.467,-3.377
1.434,-3.627
1.105,-3.721
0.591,-3.233
0.562,-3.482
0.546,-3.446
0.397,-3.474
-0.607,-3.388
-0.659,-3.693
-1.021,-3.692
-0.939,-3.458
-1.359,-3.356
-1.593,-3.345
-2.663,-3.494
2.542,-3.394
2.373,-3.676
2.246,-3.345
0.986,0.938
-0.206,0.941
-0.179,1.101
-0.384,0.97
-0.569,0.734
-0.985,0.966
-2.126,0.899
-2.246,0.8
-2.779,0.864
-3.053,0.783
2.932,0.995
0.141,-3.261
-2.516,-1.87
-3.05,-1.177
1.546,-1.123
2.794,0.409
2.763,-0.661
2.611,-0.395
2.611,0.034
1.192,-1.016
-0.025,-0.931
-1.09,-0.964
-1.427,-0.922
-2.308,-0.911
-2.603,-3.585
-2.514,0.706
-0.01,0.18
-0.091,-1.732
-0.098,-0.264
0.013,-0.932
-0.147,-2.188
-0.138,-0.538
-0.291,-0.822
-0.466,-3.234
-0.386,-1.556
-0.394,0.457
-0.481,-2.884
-0.604,-1.966
-0.643,-1.451
-0.689,-0.897
-0.6,-3.48
-0.724,-1.232
-0.724,0.377
-0.656,-3.485
-0.785,-1.958
-0.812,-3.489
-0.857,-2.402
-0.895,0.018
-0.943,-0.765
-0.896,-3.057
-0.913,-0.53
-0.917,-3.328
-1.081,-1.311
-1.073,-0.821
-1.197,0.077
-1.204,-0.162
-1.104,-2.166
-1.364,-3.112
-1.228,-3.399
-1.301,-3.295
-1.412,-2.118
-1.489,-0.218
-1.385,-2.508
-1.494,-1.94
-1.629,-3.03
-1.89,-0.367
-1.916,-1.939
-2.014,-1.273
-2.118,-0.68
-2.188,-1.01
-2.387,-2.126
-2.42,-3.43
-2.29,-3.195
-2.427,-3.043
-2.365,-3.322
-2.518,0.131
-2.436,-2.287
-2.519,-3.222
-2.661,-2.999
-2.526,-1.834
-2.576,-1.277
-2.947,-1.974
-2.927,-1.765
3.119,-3.448
2.925,-3.388
2.953,-1.927
2.725,-1.725
2.611,-3.165
2.529,0.233
2.526,-1.264
2.52,-1.954
2.608,-0.641
2.283,-2.256
2.374,-2.431
2.357,-3.0
2.191,-2.343
2.194,-3.851
1.725,-3.587
1.557,-3.611
1.524,-3.861
1.195,-3.955
0.681,-3.467
0.652,-3.716
0.636,-3.68
0.487,-3.708
-0.517,-3.622
-0.569,-3.927
-0.931,-3.926
-0.849,-3.692
-1.269,-3.59
-1.503,-3.579
-2.573,-3.728
2.632,-3.628
2.463,-3.91
2.336,-3.579
1.076,0.704
-0.116,0.707
-0.089,0.867
-0.294,0.736
-0.479,0.5
-0.895,0.732
-2.036,0.665
-2.156,0.566
-2.689,0.63
-2.963,0.549
3.022,0.761
0.231,-3.495
-2.426,-2.104
-2.96,-1.411
1.636,-1.357
2.884,0.175
2.853,-0.895
2.701,-0.629
2.701,-0.2
1.282,-1.25
0.065,-1.165
-1.0,-1.198
-1.337,-1.156
-2.218,-1.145
-2.513,-3.819
-2.424,0.472
-0.081,-1.912
-0.088,-0.444
0.023,-1.112
-0.137,-2.368
-0.128,-0.718
-0.281,-1.002
-0.456,-3.414
-0.376,-1.736
-0.384,0.277
-0.471,-3.064
-0.594,-2.146
-0.633,-1.631
-0.679,-1.077
-0.59,-3.66
-0.714,-1.412
-0.714,0.197
-0.646,-3.665
-0.775,-2.138
-0.802,-3.669
-0.847,-2.582
-0.885,-0.162
-0.933,-0.945
-0.886,-3.237
-0.903,-0.71
-0.907,-3.508
-1.071,-1.491
-1.063,-1.001
-1.187,-0.103
-1.194,-0.342
-1.094,-2.346
-1.354,-3.292
-1.218,-3.579
-1.291,-3.475
-1.402,-2.298
-1.479,-0.398
-1.375,-2.688
-1.484,-2.12
-1.619,-3.21
-1.88,-0.547
-1.906,-2.119
-2.004,-1.453
-2.108,-0.86
-2.178,-1.19
-2.377,-2.306
-2.41,-3.61
-2.28,-3.375
-2.417,-3.223
-2.355,-3.502
-2.508,-0.049
-2.426,-2.467
-2.509,-3.402
-2.651,-3.179
-2.516,-2.014
-2.566,-1.457
-2.937,-2.154
-2.917,-1.945
3.129,-3.628
2.935,-3.568
2.963,-2.107
2.735,-1.905
2.621,-3.345
2.539,0.053
2.536,-1.444
2.53,-2.134
2.618,-0.821
2.293,-2.436
2.384,-2.611
2.367,-3.18
2.201,-2.523
2.204,-4.031
1.735,-3.767
1.567,-3.791
1.534,-4.041
1.205,-4.135
0.691,-3.647
0.662,-3.896
0.646,-3.86
0.497,-3.888
-0.507,-3.802
-0.559,-4.107
-0.921,-4.106
-0.839,-3.872
-1.259,-3.77
-1.493,-3.759
-2.563,-3.908
2.642,-3.808
2.473,-4.09
2.346,-3.759
1.086,0.524
-0.106,0.527
-0.079,0.687
-0.284,0.556
-0.469,0.32
-0.885,0.552
-2.026,0.485
-2.146,0.386
-2.679,0.45
-2.953,0.369
3.032,0.581
0.241,-3.675
-2.416,-2.284
-2.95,-1.591
1.646,-1.537
2.894,-0.005
2.863,-1.075
2.711,-0.809
2.711,-0.38
1.292,-1.43
0.075,-1.345
-0.99,-1.378
-1.327,-1.336
-2.208,-1.325
-2.503,-3.999
-2.414,0.292
-0.007,1.468
0.104,0.8
-0.056,-0.456
-0.047,1.194
-0.2,0.91
-0.375,-1.502
-0.295,0.176
-0.303,2.189
-0.39,-1.152
-0.513,-0.234
-0.552,0.281
-0.598,0.835
-0.509,-1.748
-0.633,0.5
-0.633,2.109
-0.565,-1.753
-0.694,-0.226
-0.721,-1.757
-0.766,-0.67
-0.804,1.75
-0.852,0.967
-0.805,-1.325
-0.822,1.202
-0.826,-1.596
-0.99,0.421
-0.982,0.911
-1.106,1.809
-1.113,1.57
-1.013,-0.434
-1.273,-1.38
-1.137,-1.667
-1.21,-1.563
-1.321,-0.386
-1.398,1.514
-1.294,-0.776
-1.403,-0.208
-1.538,-1.298
-1.799,1.365
-1.825,-0.207
-1.923,0.459
-2.027,1.052
-2.097,0.722
-2.296,-0.394
-2.329,-1.698
-2.199,-1.463
-2.336,-1.311
-2.274,-1.59
-2.427,1.863
-2.345,-0.555
-2.428,-1.49
-2.57,-1.267
-2.435,-0.102
-2.485,0.455
-2.856,-0.242
-2.836,-0.033
-3.073,-1.716
3.016,-1.656
3.044,-0.195
2.816,0.007
2.702,-1.433
2.62,1.965
2.617,0.468
2.611,-0.222
2.699,1.091
2.374,-0.524
2.465,-0.699
2.448,-1.268
2.282,-0.611
2.285,-2.119
1.816,-1.855
1.648,-1.879
1.615,-2.129
1.286,-2.223
0.772,-1.735
0.743,-1.984
0.727,-1.948
0.578,-1.976
-0.426,-1.89
-0.478,-2.195
-0.84,-2.194
-0.758,-1.96
-1.178,-1.858
-1.412,-1.847
-2.482,-1.996
2.723,-1.896
2.554,-2.178
2.427,-1.847
1.167,2.436
-0.025,2.439
0.002,2.599
-0.203,2.468
-0.388,2.232
-0.804,2.464
-1.945,2.397
-2.065,2.298
-2.598,2.362
-2.872,2.281
3.113,2.493
0.322,-1.763
-2.335,-0.372
-2.869,0.321
1.727,0.375
2.975,1.907
2.944,0.837
2.792,1.103
2.792,1.532
1.373,0.482
0.156,0.567
-0.909,0.534
-1.246,0.576
-2.127,0.587
-2.422,-2.087
-2.333,2.204
0.111,-0.668
-0.049,-1.924
-0.04,-0.274
-0.193,-0.558
-0.368,-2.97
-0.288,-1.292
-0.296,0.721
-0.383,-2.62
-0.506,-1.702
-0.545,-1.187
-0.591,-0.633
-0.502,-3.216
-0.626,-0.968
-0.626,0.641
-0.558,-3.221
-0.687,-1.694
-0.714,-3.225
-0.759,-2.138
-0.797,0.282
-0.845,-0.501
-0.798,-2.793
-0.815,-0.266
-0.819,-3.064
-0.983,-1.047
-0.975,-0.557
-1.099,0.341
-1.106,0.102
-1.006,-1.902
-1.266,-2.848
-1.13,-3.135
-1.203,-3.031
-1.314,-1.854
-1.391,0.046
-1.287,-2.244
-1.396,-1.676
-1.531,-2.766
-1.792,-0.103
-1.818,-1.675
-1.916,-1.009
-2.02,-0.416
-2.09,-0.746
-2.289,-1.862
-2.322,-3.166
-2.192,-2.931
-2.329,-2.779
-2.267,-3.058
-2.42,0.395
-2.338,-2.023
-2.421,-2.958
-2.563,-2.735
-2.428,-1.57
-2.478,-1.013
-2.849,-1.71
-2.829,-1.501
-3.066,-3.184
3.023,-3.124
3.051,-1.663
2.823,-1.461
2.709,-2.901
2.627,0.497
2.624,-1.0
2.618,-1.69
2.706,-0.377
2.381,-1.992
2.472,-2.167
2.455,-2.736
2.289,-2.079
2.292,-3.587
1.823,-3.323
1.655,-3.347
1.622,-3.597
1.293,-3.691
0.779,-3.203
0.75,-3.452
0.734,-3.416
0.585,-3.444
-0.419,-3.358
-0.471,-3.663
-0.833,-3.662
-0.751,-3.428
-1.171,-3.326
-1.405,-3.315
-2.475,-3.464
2.73,-3.364
2.561,-3.646
2.434,-3.315
1.174,0.968
-0.018,0.971
0.009,1.131
-0.196,1.0
-0.381,0.764
-0.797,0.996
-1.938,0.929
-2.058,0.83
-2.591,0.894
-2.865,0.813
3.12,1.025
0.329,-3.231
-2.328,-1.84
-2.862,-1.147
1.734,-1.093
2.982,0.439
2.951,-0.631
2.799,-0.365
2.799,0.064
1.38,-0.986
0.163,-0.901
-0.902,-0.934
-1.239,-0.892
-2.12,-0.881
-2.415,-3.555
-2.326,0.736
-0.16,-1.256
-0.151,0.394
-0.304,0.11
-0.479,-2.302
-0.399,-0.624
-0.407,1.389
-0.494,-1.952
-0.617,-1.034
-0.656,-0.519
-0.702,0.035
-0.613,-2.548
-0.737,-0.3
-0.737,1.309
-0.669,-2.553
-0.798,-1.026
-0.825,-2.557
-0.87,-1.47
-0.908,0.95
-0.956,0.167
-0.909,-2.125
-0.926,0.402
-0.93,-2.396
-1.094,-0.379
-1.086,0.111
-1.21,1.009
-1.217,0.77
-1.117,-1.234
-1.377,-2.18
-1.241,-2.467
-1.314,-2.363
-1.425,-1.186
-1.502,0.714
-1.398,-1.576
-1.507,-1.008
-1.642,-2.098
-1.903,0.565
-1.929,-1.007
-2.027,-0.341
-2.131,0.252
-2.201,-0.078
-2.4,-1.194
-2.433,-2.498
-2.303,-2.263
-2.44,-2.111
-2.378,-2.39
-2.531,1.063
-2.449,-1.355
-2.532,-2.29
-2.674,-2.067
-2.539,-0.902
-2.589,-0.345
-2.96,-1.042
-2.94,-0.833
3.106,-2.516
2.912,-2.456
2.94,-0.995
2.712,-0.793
2.598,-2.233
2.516,1.165
2.513,-0.332
2.507,-1.022
2.595,0.291
2.27,-1.324
2.361,-1.499
2.344,-2.068
2.178,-1.411
2.181,-2.919
1.712,-2.655
1.544,-2.679
1.511,-2.929
1.182,-3.023
0.668,-2.535
0.639,-2.784
0.623,-2.748
0.474,-2.776
-0.53,-2.69
-0.582,-2.995
-0.944,-2.994
-0.862,-2.76
-1.282,-2.658
-1.516,-2.647
-2.586,-2.796
2.619,-2.696
2.45,-2.978
2.323,-2.647
1.063,1.636
-0.129,1.639
-0.102,1.799
-0.307,1.668
-0.492,1.432
-0.908,1.664
-2.049,1.597
-2.169,1.498
-2.702,1.562
-2.976,1.481
3.009,1.693
0.218,-2.563
-2.439,-1.172
-2.973,-0.479
1.623,-0.425
2.871,1.107
2.84,0.037
2.688,0.303
2.688,0.732
1.269,-0.318
0.052,-0.233
-1.013,-0.266
-1.35,-0.224
-2.231,-0.213
-2.526,-2.887
-2.437,1.404
0.009,1.65
-0.144,1.366
-0.319,-1.046
-0.239,0.632
-0.247,2.645
-0.334,-0.696
-0.457,0.222
-0.496,0.737
-0.542,1.291
-0.453,-1.292
-0.577,0.956
-0.577,2.565
-0.509,-1.297
-0.638,0.23
-0.665,-1.301
-0.71,-0.214
-0.748,2.206
-0.796,1.423
-0.749,-0.869
-0.766,1.658
-0.77,-1.14
-0.934,0.877
-0.926,1.367
-1.05,2.265
-1.057,2.026
-0.957,0.022
-1.217,-0.924
-1.081,-1.211
-1.154,-1.107
-1.265,0.07
-1.342,1.97
-1.238,-0.32
-1.347,0.248
-1.482,-0.842
-1.743,1.821
-1.769,0.249
-1.867,0.915
-1.971,1.508
-2.041,1.178
-2.24,0.062
-2.273,-1.242
-2.143,-1.007
-2.28,-0.855
-2.218,-1.134
-2.371,2.319
-2.289,-0.099
-2.372,-1.034
-2.514,-0.811
-2.379,0.354
-2.429,0.911
-2.8,0.214
-2.78,0.423
-3.017,-1.26
3.072,-1.2
3.1,0.261
2.872,0.463
2.758,-0.977
2.676,2.421
2.673,0.924
2.667,0.234
2.755,1.547
2.43,-0.068
2.521,-0.243
2.504,-0.812
2.338,-0.155
2.341,-1.663
1.872,-1.399
1.704,-1.423
1.671,-1.673
1.342,-1.767
0.828,-1.279
0.799,-1.528
0.783,-1.492
0.634,-1.52
-0.37,-1.434
-0.422,-1.739
-0.784,-1.738
-0.702,-1.504
-1.122,-1.402
-1.356,-1.391
-2.426,-1.54
2.779,-1.44
2.61,-1.722
2.483,-1.391
1.223,2.892
0.031,2.895
0.058,3.055
-0.147,2.924
-0.332,2.688
-0.748,2.92
-1.889,2.853
-2.009,2.754
-2.542,2.818
-2.816,2.737
-3.114,2.949
0.378,-1.307
-2.279,0.084
-2.813,0.777
1.783,0.831
3.031,2.363
3.0,1.293
2.848,1.559
2.848,1.988
1.429,0.938
0.212,1.023
-0.853,0.99
-1.19,1.032
-2.071,1.043
-2.366,-1.631
-2.277,2.66
-0.153,-0.284
-0.328,-2.696
-0.248,-1.018
-0.256,0.995
-0.343,-2.346
-0.466,-1.428
-0.505,-0.913
-0.551,-0.359
-0.462,-2.942
-0.586,-0.694
-0.586,0.915
-0.518,-2.947
-0.647,-1.42
-0.674,-2.951
-0.719,-1.864
-0.757,0.556
-0.805,-0.227
-0.758,-2.519
-0.775,0.008
-0.779,-2.79
-0.943,-0.773
-0.935,-0.283
-1.059,0.615
-1.066,0.376
-0.966,-1.628
-1.226,-2.574
-1.09,-2.861
-1.163,-2.757
-1.274,-1.58
-1.351,0.32
-1.247,-1.97
-1.356,-1.402
-1.491,-2.492
-1.752,0.171
-1.778,-1.401
-1.876,-0.735
-1.98,-0.142
-2.05,-0.472
-2.249,-1.588
-2.282,-2.892
-2.152,-2.657
-2.289,-2.505
-2.227,-2.784
-2.38,0.669
-2.298,-1.749
-2.381,-2.684
-2.523,-2.461
-2.388,-1.296
-2.438,-0.739
-2.809,-1.436
-2.789,-1.227
-3.026,-2.91
3.063,-2.85
3.091,-1.389
2.863,-1.187
2.749,-2.627
2.667,0.771
2.664,-0.726
2.658,-1.416
2.746,-0.103
2.421,-1.718
2.512,-1.893
2.495,-2.462
2.329,-1.805
2.332,-3.313
1.863,-3.049
1.695,-3.073
1.662,-3.323
1.333,-3.417
0.819,-2.929
0.79,-3.178
0.774,-3.142
0.625,-3.17
-0.379,-3.084
-0.431,-3.389
-0.793,-3.388
-0.711,-3.154
-1.131,-3.052
-1.365,-3.041
-2.435,-3.19
2.77,-3.09
2.601,-3.372
2.474,-3.041
1.214,1.242
0.022,1.245
0.049,1.405
-0.156,1.274
-0.341,1.038
-0.757,1.27
-1.898,1.203
-2.018,1.104
-2.551,1.168
-2.825,1.087
-3.123,1.299
0.369,-2.957
-2.288,-1.566
-2.822,-0.873
1.774,-0.819
3.022,0.713
2.991,-0.357
2.839,-0.091
2.839,0.338
1.42,-0.712
0.203,-0.627
-0.862,-0.66
-1.199,-0.618
-2.08,-0.607
-2.375,-3.281
-2.286,1.01
-0.175,-2.412
-0.095,-0.734
-0.103,1.279
-0.19,-2.062
-0.313,-1.144
-0.352,-0.629
-0.398,-0.075
-0.309,-2.658
-0.433,-0.41
-0.433,1.199
-0.365,-2.663
-0.494,-1.136
-0.521,-2.667
-0.566,-1.58
-0.604,0.84
-0.652,0.057
-0.605,-2.235
-0.622,0.292
-0.626,-2.506
-0.79,-0.489
-0.782,0.001
-0.906,0.899
-0.913,0.66
-0.813,-1.344
-1.073,-2.29
-0.937,-2.577
-1.01,-2.473
-1.121,-1.296
-1.198,0.604
-1.094,-1.686
-1.203,-1.118
-1.338,-2.208
-1.599,0.455
-1.625,-1.117
-1.723,-0.451
-1.827,0.142
-1.897,-0.188
-2.096,-1.304
-2.129,-2.608
-1.999,-2.373
-2.136,-2.221
-2.074,-2.5
-2.227,0.953
-2.145,-1.465
-2.228,-2.4
-2.37,-2.177
-2.235,-1.012
-2.285,-0.455
-2.656,-1.152
-2.636,-0.943
-2.873,-2.626
-3.067,-2.566
-3.039,-1.105
3.016,-0.903
2.902,-2.343
2.82,1.055
2.817,-0.442
2.811,-1.132
2.899,0.181
2.574,-1.434
2.665,-1.609
2.648,-2.178
2.482,-1.521
2.485,-3.029
2.016,-2.765
1.848,-2.789
1.815,-3.039
1.486,-3.133
0.972,-2.645
0.943,-2.894
0.927,-2.858
0.778,-2.886
-0.226,-2.8
-0.278,-3.105
-0.64,-3.104
-0.558,-2.87
-0.978,-2.768
-1.212,-2.757
-2.282,-2.906
2.923,-2.806
2.754,-3.088
2.627,-2.757
1.367,1.526
0.175,1.529
0.202,1.689
-0.003,1.558
-0.188,1.322
-0.604,1.554
-1.745,1.487
-1.865,1.388
-2.398,1.452
-2.672,1.371
-2.97,1.583
0.522,-2.673
-2.135,-1.282
-2.669,-0.589
1.927,-0.535
-3.108,0.997
-3.139,-0.073
2.992,0.193
2.992,0.622
1.573,-0.428
0.356,-0.343
-0.709,-0.376
-1.046,-0.334
-1.927,-0.323
-2.222,-2.997
-2.133,1.294
0.08,1.678
0.072,3.691
-0.015,0.35
-0.138,1.268
-0.177,1.783
-0.223,2.337
-0.134,-0.246
-0.258,2.002
-0.258,3.611
-0.19,-0.251
-0.319,1.276
-0.346,-0.255
-0.391,0.832
-0.429,3.252
-0.477,2.469
-0.43,0.177
-0.447,2.704
-0.451,-0.094
-0.615,1.923
-0.607,2.413
-0.731,3.311
-0.738,3.072
-0.638,1.068
-0.898,0.122
-0.762,-0.165
-0.835,-0.061
-0.946,1.116
-1.023,3.016
-0.919,0.726
-1.028,1.294
-1.163,0.204
-1.424,2.867
-1.45,1.295
-1.548,1.961
-1.652,2.554
-1.722,2.224
-1.921,1.108
-1.954,-0.196
-1.824,0.039
-1.961,0.191
-1.899,-0.088
-2.052,3.365
-1.97,0.947
-2.053,0.012
-2.195,0.235
-2.06,1.4
-2.11,1.957
-2.481,1.26
-2.461,1.469
-2.698,-0.214
-2.892,-0.154
-2.864,1.307
-3.092,1.509
3.077,0.069
2.995,3.467
2.992,1.97
2.986,1.28
3.074,2.593
2.749,0.978
2.84,0.803
2.823,0.234
2.657,0.891
2.66,-0.617
2.191,-0.353
2.023,-0.377
1.99,-0.627
1.661,-0.721
1.147,-0.233
1.118,-0.482
1.102,-0.446
0.953,-0.474
-0.051,-0.388
-0.103,-0.693
-0.465,-0.692
-0.383,-0.458
-0.803,-0.356
-1.037,-0.345
-2.107,-0.494
3.098,-0.394
2.929,-0.676
2.802,-0.345
1.542,3.938
0.35,3.941
0.377,4.101
0.172,3.97
-0.013,3.734
-0.429,3.966
-1.57,3.899
-1.69,3.8
-2.223,3.864
-2.497,3.783
-2.795,3.995
0.697,-0.261
-1.96,1.13
-2.494,1.823
2.102,1.877
-2.933,3.409
-2.964,2.339
-3.116,2.605
-3.116,3.034
1.748,1.984
0.531,2.069
-0.534,2.036
-0.871,2.078
-1.752,2.089
-2.047,-0.585
-1.958,3.706
-0.008,2.013
-0.095,-1.328
-0.218,-0.41
-0.257,0.105
-0.303,0.659
-0.214,-1.924
-0.338,0.324
-0.338,1.933
-0.27,-1.929
-0.399,-0.402
-0.426,-1.933
-0.471,-0.846
-0.509,1.574
-0.557,0.791
-0.51,-1.501
-0.527,1.026
-0.531,-1.772
-0.695,0.245
-0.687,0.735
-0.811,1.633
-0.818,1.394
-0.718,-0.61
-0.978,-1.556
-0.842,-1.843
-0.915,-1.739
-1.026,-0.562
-1.103,1.338
-0.999,-0.952
-1.108,-0.384
-1.243,-1.474
-1.504,1.189
-1.53,-0.383
-1.628,0.283
-1.732,0.876
-1.802,0.546
-2.001,-0.57
-2.034,-1.874
-1.904,-1.639
-2.041,-1.487
-1.979,-1.766
-2.132,1.687
-2.05,-0.731
-2.133,-1.666
-2.275,-1.443
-2.14,-0.278
-2.19,0.279
-2.561,-0.418
-2.541,-0.209
-2.778,-1.892
-2.972,-1.832
-2.944,-0.371
3.111,-0.169
2.997,-1.609
2.915,1.789
2.912,0.292
2.906,-0.398
2.994,0.915
2.669,-0.7
2.76,-0.875
2.743,-1.444
2.577,-0.787
2.58,-2.295
2.111,-2.031
1.943,-2.055
1.91,-2.305
1.581,-2.399
1.067,-1.911
1.038,-2.16
1.022,-2.124
0.873,-2.152
-0.131,-2.066
-0.183,-2.371
-0.545,-2.37
-0.463,-2.136
-0.883,-2.034
-1.117,-2.023
-2.187,-2.172
3.018,-2.072
2.849,-2.354
2.722,-2.023
1.462,2.26
0.27,2.263
0.297,2.423
0.092,2.292
-0.093,2.056
-0.509,2.288
-1.65,2.221
-1.77,2.122
-2.303,2.186
-2.577,2.105
-2.875,2.317
0.617,-1.939
-2.04,-0.548
-2.574,0.145
2.022,0.199
-3.013,1.731
-3.044,0.661
3.087,0.927
3.087,1.356
1.668,0.306
0.451,0.391
-0.614,0.358
-0.951,0.4
-1.832,0.411
-2.127,-2.263
-2.038,2.028
-0.087,-3.341
-0.21,-2.423
-0.249,-1.908
-0.295,-1.354
-0.206,-3.937
-0.33,-1.689
-0.33,-0.08
-0.262,-3.942
-0.391,-2.415
-0.418,-3.946
-0.463,-2.859
-0.501,-0.439
-0.549,-1.222
-0.502,-3.514
-0.519,-0.987
-0.523,-3.785
-0.687,-1.768
-0.679,-1.278
-0.803,-0.38
-0.81,-0.619
-0.71,-2.623
-0.97,-3.569
-0.834,-3.856
-0.907,-3.752
-1.018,-2.575
-1.095,-0.675
-0.991,-2.965
-1.1,-2.397
-1.235,-3.487
-1.496,-0.824
-1.522,-2.396
-1.62,-1.73
-1.724,-1.137
-1.794,-1.467
-1.993,-2.583
-2.026,-3.887
-1.896,-3.652
-2.033,-3.5
-1.971,-3.779
-2.124,-0.326
-2.042,-2.744
-2.125,-3.679
-2.267,-3.456
-2.132,-2.291
-2.182,-1.734
-2.553,-2.431
-2.533,-2.222
-2.77,-3.905
-2.964,-3.845
-2.936,-2.384
3.119,-2.182
3.005,-3.622
2.923,-0.224
2.92,-1.721
2.914,-2.411
3.002,-1.098
2.677,-2.713
2.768,-2.888
2.751,-3.457
2.585,-2.8
2.588,-4.308
2.119,-4.044
1.951,-4.068
1.918,-4.318
1.589,-4.412
1.075,-3.924
1.046,-4.173
1.03,-4.137
0.881,-4.165
-0.123,-4.079
-0.175,-4.384
-0.537,-4.383
-0.455,-4.149
-0.875,-4.047
-1.109,-4.036
-2.179,-4.185
3.026,-4.085
2.857,-4.367
2.73,-4.036
1.47,0.247
0.278,0.25
0.305,0.41
0.1,0.279
-0.085,0.043
-0.501,0.275
-1.642,0.208
-1.762,0.109
-2.295,0.173
-2.569,0.092
-2.867,0.304
0.625,-3.952
-2.032,-2.561
-2.566,-1.868
2.03,-1.814
-3.005,-0.282
-3.036,-1.352
3.095,-1.086
3.095,-0.657
1.676,-1.707
0.459,-1.622
-0.606,-1.655
-0.943,-1.613
-1.824,-1.602
-2.119,-4.276
-2.03,0.015
-0.123,0.918
-0.162,1.433
-0.208,1.987
-0.119,-0.596
-0.243,1.652
-0.243,3.261
-0.175,-0.601
-0.304,0.926
-0.331,-0.605
-0.376,0.482
-0.414,2.902
-0.462,2.119
-0.415,-0.173
-0.432,2.354
-0.436,-0.444
-0.6,1.573
-0.592,2.063
-0.716,2.961
-0.723,2.722
-0.623,0.718
-0.883,-0.228
-0.747,-0.515
-0.82,-0.411
-0.931,0.766
-1.008,2.666
-0.904,0.376
-1.013,0.944
-1.148,-0.146
-1.409,2.517
-1.435,0.945
-1.533,1.611
-1.637,2.204
-1.707,1.874
-1.906,0.758
-1.939,-0.546
-1.809,-0.311
-1.946,-0.159
-1.884,-0.438
-2.037,3.015
-1.955,0.597
-2.038,-0.338
-2.18,-0.115
-2.045,1.05
-2.095,1.607
-2.466,0.91
-2.446,1.119
-2.683,-0.564
-2.877,-0.504
-2.849,0.957
-3.077,1.159
3.092,-0.281
3.01,3.117
3.007,1.62
3.001,0.93
3.089,2.243
2.764,0.628
2.855,0.453
2.838,-0.116
2.672,0.541
2.675,-0.967
2.206,-0.703
2.038,-0.727
2.005,-0.977
1.676,-1.071
1.162,-0.583
1.133,-0.832
1.117,-0.796
0.968,-0.824
-0.036,-0.738
-0.088,-1.043
-0.45,-1.042
-0.368,-0.808
-0.788,-0.706
-1.022,-0.695
-2.092,-0.844
3.113,-0.744
2.944,-1.026
2.817,-0.695
1.557,3.588
0.365,3.591
0.392,3.751
0.187,3.62
0.002,3.384
-0.414,3.616
-1.555,3.549
-1.675,3.45
-2.208,3.514
-2.482,3.433
-2.78,3.645
0.712,-0.611
-1.945,0.78
-2.479,1.473
2.117,1.527
-2.918,3.059
-2.949,1.989
-3.101,2.255
-3.101,2.684
1.763,1.634
0.546,1.719
-0.519,1.686
-0.856,1.728
-1.737,1.739
-2.032,-0.935
-1.943,3.356
-0.039,0.515
-0.085,1.069
0.004,-1.514
-0.12,0.734
-0.12,2.343
-0.052,-1.519
-0.181,0.008
-0.208,-1.523
-0.253,-0.436
-0.291,1.984
-0.339,1.201
-0.292,-1.091
-0.309,1.436
-0.313,-1.362
-0.477,0.655
-0.469,1.145
-0.593,2.043
-0.6,1.804
-0.5,-0.2
-0.76,-1.146
-0.624,-1.433
-0.697,-1.329
-0.808,-0.152
-0.885,1.748
-0.781,-0.542
-0.89,0.026
-1.025,-1.064
-1.286,1.599
-1.312,0.027
-1.41,0.693
-1.514,1.286
-1.584,0.956
-1.783,-0.16
-1.816,-1.464
-1.686,-1.229
-1.823,-1.077
-1.761,-1.356
-1.914,2.097
-1.832,-0.321
-1.915,-1.256
-2.057,-1.033
-1.922,0.132
-1.972,0.689
-2.343,-0.008
-2.323,0.201
-2.56,-1.482
-2.754,-1.422
-2.726,0.039
-2.954,0.241
-3.068,-1.199
3.133,2.199
3.13,0.702
3.124,0.012
-3.071,1.325
2.887,-0.29
2.978,-0.465
2.961,-1.034
2.795,-0.377
2.798,-1.885
2.329,-1.621
2.161,-1.645
2.128,-1.895
1.799,-1.989
1.285,-1.501
1.256,-1.75
1.24,-1.714
1.091,-1.742
0.087,-1.656
0.035,-1.961
-0.327,-1.96
-0.245,-1.726
-0.665,-1.624
-0.899,-1.613
-1.969,-1.762
-3.047,-1.662
3.067,-1.944
2.94,-1.613
1.68,2.67
0.488,2.673
0.515,2.833
0.31,2.702
0.125,2.466
-0.291,2.698
-1.432,2.631
-1.552,2.532
-2.085,2.596
-2.359,2.515
-2.657,2.727
0.835,-1.529
-1.822,-0.138
-2.356,0.555
2.24,0.609
-2.795,2.141
-2.826,1.071
-2.978,1.337
-2.978,1.766
1.886,0.716
0.669,0.801
-0.396,0.768
-0.733,0.81
-1.614,0.821
-1.909,-1.853
-1.82,2.438
-0.046,0.554
0.043,-2.029
-0.081,0.219
-0.081,1.828
-0.013,-2.034
-0.142,-0.507
-0.169,-2.038
-0.214,-0.951
-0.252,1.469
-0.3,0.686
-0.253,-1.606
-0.27,0.921
-0.274,-1.877
-0.438,0.14
-0.43,0.63
-0.554,1.528
-0.561,1.289
-0.461,-0.715
-0.721,-1.661
-0.585,-1.948
-0.658,-1.844
-0.769,-0.667
-0.846,1.233
-0.742,-1.057
-0.851,-0.489
-0.986,-1.579
-1.247,1.084
-1.273,-0.488
-1.371,0.178
-1.475,0.771
-1.545,0.441
-1.744,-0.675
-1.777,-1.979
-1.647,-1.744
-1.784,-1.592
-1.722,-1.871
-1.875,1.582
-1.793,-0.836
-1.876,-1.771
-2.018,-1.548
-1.883,-0.383
-1.933,0.174
-2.304,-0.523
-2.284,-0.314
-2.521,-1.997
-2.715,-1.937
-2.687,-0.476
-2.915,-0.274
-3.029,-1.714
-3.111,1.684
-3.114,0.187
-3.12,-0.503
-3.032,0.81
2.926,-0.805
3.017,-0.98
3.0,-1.549
2.834,-0.892
2.837,-2.4
2.368,-2.136
2.2,-2.16
2.167,-2.41
1.838,-2.504
1.324,-2.016
1.295,-2.265
1.279,-2.229
1.13,-2.257
0.126,-2.171
0.074,-2.476
-0.288,-2.475
-0.206,-2.241
-0.626,-2.139
-0.86,-2.128
-1.93,-2.277
-3.008,-2.177
3.106,-2.459
2.979,-2.128
1.719,2.155
0.527,2.158
0.554,2.318
0.349,2.187
0.164,1.951
-0.252,2.183
-1.393,2.116
-1.513,2.017
-2.046,2.081
-2.32,2.0
-2.618,2.212
0.874,-2.044
-1.783,-0.653
-2.317,0.04
2.279,0.094
-2.756,1.626
-2.787,0.556
-2.939,0.822
-2.939,1.251
1.925,0.201
0.708,0.286
-0.357,0.253
-0.694,0.295
-1.575,0.306
-1.87,-2.368
-1.781,1.923
0.089,-2.583
-0.035,-0.335
-0.035,1.274
0.033,-2.588
-0.096,-1.061
-0.123,-2.592
-0.168,-1.505
-0.206,0.915
-0.254,0.132
-0.207,-2.16
-0.224,0.367
-0.228,-2.431
-0.392,-0.414
-0.384,0.076
-0.508,0.974
-0.515,0.735
-0.415,-1.269
-0.675,-2.215
-0.539,-2.502
-0.612,-2.398
-0.723,-1.221
-0.8,0.679
-0.696,-1.611
-0.805,-1.043
-0.94,-2.133
-1.201,0.53
-1.227,-1.042
-1.325,-0.376
-1.429,0.217
-1.499,-0.113
-1.698,-1.229
-1.731,-2.533
-1.601,-2.298
-1.738,-2.146
-1.676,-2.425
-1.829,1.028
-1.747,-1.39
-1.83,-2.325
-1.972,-2.102
-1.837,-0.937
-1.887,-0.38
-2.258,-1.077
-2.238,-0.868
-2.475,-2.551
-2.669,-2.491
-2.641,-1.03
-2.869,-0.828
-2.983,-2.268
-3.065,1.13
-3.068,-0.367
-3.074,-1.057
-2.986,0.256
2.972,-1.359
3.063,-1.534
3.046,-2.103
2.88,-1.446
2.883,-2.954
2.414,-2.69
2.246,-2.714
2.213,-2.964
1.884,-3.058
1.37,-2.57
1.341,-2.819
1.325,-2.783
1.176,-2.811
0.172,-2.725
0.12,-3.03
-0.242,-3.029
-0.16,-2.795
-0.58,-2.693
-0.814,-2.682
-1.884,-2.831
-2.962,-2.731
-3.131,-3.013
3.025,-2.682
1.765,1.601
0.573,1.604
0.6,1.764
0.395,1.633
0.21,1.397
-0.206,1.629
-1.347,1.562
-1.467,1.463
-2.0,1.527
-2.274,1.446
-2.572,1.658
0.92,-2.598
-1.737,-1.207
-2.271,-0.514
2.325,-0.46
-2.71,1.072
-2.741,0.002
-2.893,0.268
-2.893,0.697
1.971,-0.353
0.754,-0.268
-0.311,-0.301
-0.648,-0.259
-1.529,-0.248
-1.824,-2.922
-1.735,1.369
-0.124,2.248
-0.124,3.857
-0.056,-0.005
-0.185,1.522
-0.212,-0.009
-0.257,1.078
-0.295,3.498
-0.343,2.715
-0.296,0.423
-0.313,2.95
-0.317,0.152
-0.481,2.169
-0.473,2.659
-0.597,3.557
-0.604,3.318
-0.504,1.314
-0.764,0.368
-0.628,0.081
-0.701,0.185
-0.812,1.362
-0.889,3.262
-0.785,0.972
-0.894,1.54
-1.029,0.45
-1.29,3.113
-1.316,1.541
-1.414,2.207
-1.518,2.8
-1.588,2.47
-1.787,1.354
-1.82,0.05
-1.69,0.285
-1.827,0.437
-1.765,0.158
-1.918,3.611
-1.836,1.193
-1.919,0.258
-2.061,0.481
-1.926,1.646
-1.976,2.203
-2.347,1.506
-2.327,1.715
-2.564,0.032
-2.758,0.092
-2.73,1.553
-2.958,1.755
-3.072,0.315
3.129,3.713
3.126,2.216
3.12,1.526
-3.075,2.839
2.883,1.224
2.974,1.049
2.957,0.48
2.791,1.137
2.794,-0.371
2.325,-0.107
2.157,-0.131
2.124,-0.381
1.795,-0.475
1.281,0.013
1.252,-0.236
1.236,-0.2
1.087,-0.228
0.083,-0.142
0.031,-0.447
-0.331,-0.446
-0.249,-0.212
-0.669,-0.11
-0.903,-0.099
-1.973,-0.248
-3.051,-0.148
3.063,-0.43
2.936,-0.099
1.676,4.184
0.484,4.187
0.511,4.347
0.306,4.216
0.121,3.98
-0.295,4.212
-1.436,4.145
-1.556,4.046
-2.089,4.11
-2.363,4.029
-2.661,4.241
0.831,-0.015
-1.826,1.376
-2.36,2.069
2.236,2.123
-2.799,3.655
-2.83,2.585
-2.982,2.851
-2.982,3.28
1.882,2.23
0.665,2.315
-0.4,2.282
-0.737,2.324
-1.618,2.335
-1.913,-0.339
-1.824,3.952
0.0,1.609
0.068,-2.253
-0.061,-0.726
-0.088,-2.257
-0.133,-1.17
-0.171,1.25
-0.219,0.467
-0.172,-1.825
-0.189,0.702
-0.193,-2.096
-0.357,-0.079
-0.349,0.411
-0.473,1.309
-0.48,1.07
-0.38,-0.934
-0.64,-1.88
-0.504,-2.167
-0.577,-2.063
-0.688,-0.886
-0.765,1.014
-0.661,-1.276
-0.77,-0.708
-0.905,-1.798
-1.166,0.865
-1.192,-0.707
-1.29,-0.041
-1.394,0.552
-1.464,0.222
-1.663,-0.894
-1.696,-2.198
-1.566,-1.963
-1.703,-1.811
-1.641,-2.09
-1.794,1.363
-1.712,-1.055
-1.795,-1.99
-1.937,-1.767
-1.802,-0.602
-1.852,-0.045
-2.223,-0.742
-2.203,-0.533
-2.44,-2.216
-2.634,-2.156
-2.606,-0.695
-2.834,-0.493
-2.948,-1.933
-3.03,1.465
-3.033,-0.032
-3.039,-0.722
-2.951,0.591
3.007,-1.024
3.098,-1.199
3.081,-1.768
2.915,-1.111
2.918,-2.619
2.449,-2.355
2.281,-2.379
2.248,-2.629
1.919,-2.723
1.405,-2.235
1.376,-2.484
1.36,-2.448
1.211,-2.476
0.207,-2.39
0.155,-2.695
-0.207,-2.694
-0.125,-2.46
-0.545,-2.358
-0.779,-2.347
-1.849,-2.496
-2.927,-2.396
-3.096,-2.678
3.06,-2.347
1.8,1.936
0.608,1.939
0.635,2.099
0.43,1.968
0.245,1.732
-0.171,1.964
-1.312,1.897
-1.432,1.798
-1.965,1.862
-2.239,1.781
-2.537,1.993
0.955,-2.263
-1.702,-0.872
-2.236,-0.179
2.36,-0.125
-2.675,1.407
-2.706,0.337
-2.858,0.603
-2.858,1.032
2.006,-0.018
0.789,0.067
-0.276,0.034
-0.613,0.076
-1.494,0.087
-1.789,-2.587
-1.7,1.704
0.068,-3.862
-0.061,-2.335
-0.088,-3.866
-0.133,-2.779
-0.171,-0.359
-0.219,-1.142
-0.172,-3.434
-0.189,-0.907
-0.193,-3.705
-0.357,-1.688
-0.349,-1.198
-0.473,-0.3
-0.48,-0.539
-0.38,-2.543
-0.64,-3.489
-0.504,-3.776
-0.577,-3.672
-0.688,-2.495
-0.765,-0.595
-0.661,-2.885
-0.77,-2.317
-0.905,-3.407
-1.166,-0.744
-1.192,-2.316
-1.29,-1.65
-1.394,-1.057
-1.464,-1.387
-1.663,-2.503
-1.696,-3.807
-1.566,-3.572
-1.703,-3.42
-1.641,-3.699
-1.794,-0.246
-1.712,-2.664
-1.795,-3.599
-1.937,-3.376
-1.802,-2.211
-1.852,-1.654
-2.223,-2.351
-2.203,-2.142
-2.44,-3.825
-2.634,-3.765
-2.606,-2.304
-2.834,-2.102
-2.948,-3.542
-3.03,-0.144
-3.033,-1.641
-3.039,-2.331
-2.951,-1.018
3.007,-2.633
3.098,-2.808
3.081,-3.377
2.915,-2.72
2.918,-4.228
2.449,-3.964
2.281,-3.988
2.248,-4.238
1.919,-4.332
1.405,-3.844
1.376,-4.093
1.36,-4.057
1.211,-4.085
0.207,-3.999
0.155,-4.304
-0.207,-4.303
-0.125,-4.069
-0.545,-3.967
-0.779,-3.956
-1.849,-4.105
-2.927,-4.005
-3.096,-4.287
3.06,-3.956
1.8,0.327
0.608,0.33
0.635,0.49
0.43,0.359
0.245,0.123
-0.171,0.355
-1.312,0.288
-1.432,0.189
-1.965,0.253
-2.239,0.172
-2.537,0.384
0.955,-3.872
-1.702,-2.481
-2.236,-1.788
2.36,-1.734
-2.675,-0.202
-2.706,-1.272
-2.858,-1.006
-2.858,-0.577
2.006,-1.627
0.789,-1.542
-0.276,-1.575
-0.613,-1.533
-1.494,-1.522
-1.789,-4.196
-1.7,0.095
-0.129,1.527
-0.156,-0.004
-0.201,1.083
-0.239,3.503
-0.287,2.72
-0.24,0.428
-0.257,2.955
-0.261,0.157
-0.425,2.174
-0.417,2.664
-0.541,3.562
-0.548,3.323
-0.448,1.319
-0.708,0.373
-0.572,0.086
-0.645,0.19
-0.756,1.367
-0.833,3.267
-0.729,0.977
-0.838,1.545
-0.973,0.455
-1.234,3.118
-1.26,1.546
-1.358,2.212
-1.462,2.805
-1.532,2.475
-1.731,1.359
-1.764,0.055
-1.634,0.29
-1.771,0.442
-1.709,0.163
-1.862,3.616
-1.78,1.198
-1.863,0.263
-2.005,0.486
-1.87,1.651
-1.92,2.208
-2.291,1.511
-2.271,1.72
-2.508,0.037
-2.702,0.097
-2.674,1.558
-2.902,1.76
-3.016,0.32
-3.098,3.718
-3.101,2.221
-3.107,1.531
-3.019,2.844
2.939,1.229
3.03,1.054
3.013,0.485
2.847,1.142
2.85,-0.366
2.381,-0.102
2.213,-0.126
2.18,-0.376
1.851,-0.47
1.337,0.018
1.308,-0.231
1.292,-0.195
1.143,-0.223
0.139,-0.137
0.087,-0.442
-0.275,-0.441
-0.193,-0.207
-0.613,-0.105
-0.847,-0.094
-1.917,-0.243
-2.995,-0.143
3.119,-0.425
2.992,-0.094
1.732,4.189
0.54,4.192
0.567,4.352
0.362,4.221
0.177,3.985
-0.239,4.217
-1.38,4.15
-1.5,4.051
-2.033,4.115
-2.307,4.034
-2.605,4.246
0.887,-0.01
-1.77,1.381
-2.304,2.074
2.292,2.128
-2.743,3.66
-2.774,2.59
-2.926,2.856
-2.926,3.285
1.938,2.235
0.721,2.32
-0.344,2.287
-0.681,2.329
-1.562,2.34
-1.857,-0.334
-1.768,3.957
-0.027,-1.531
-0.072,-0.444
-0.11,1.976
-0.158,1.193
-0.111,-1.099
-0.128,1.428
-0.132,-1.37
-0.296,0.647
-0.288,1.137
-0.412,2.035
-0.419,1.796
-0.319,-0.208
-0.579,-1.154
-0.443,-1.441
-0.516,-1.337
-0.627,-0.16
-0.704,1.74
-0.6,-0.55
-0.709,0.018
-0.844,-1.072
-1.105,1.591
-1.131,0.019
-1.229,0.685
-1.333,1.278
-1.403,0.948
-1.602,-0.168
-1.635,-1.472
-1.505,-1.237
-1.642,-1.085
-1.58,-1.364
-1.733,2.089
-1.651,-0.329
-1.734,-1.264
-1.876,-1.041
-1.741,0.124
-1.791,0.681
-2.162,-0.016
-2.142,0.193
-2.379,-1.49
-2.573,-1.43
-2.545,0.031
-2.773,0.233
-2.887,-1.207
-2.969,2.191
-2.972,0.694
-2.978,0.004
-2.89,1.317
3.068,-0.298
-3.124,-0.473
-3.141,-1.042
2.976,-0.385
2.979,-1.893
2.51,-1.629
2.342,-1.653
2.309,-1.903
1.98,-1.997
1.466,-1.509
1.437,-1.758
1.421,-1.722
1.272,-1.75
0.268,-1.664
0.216,-1.969
-0.146,-1.968
-0.064,-1.734
-0.484,-1.632
-0.718,-1.621
-1.788,-1.77
-2.866,-1.67
-3.035,-1.952
3.121,-1.621
1.861,2.662
0.669,2.665
0.696,2.825
0.491,2.694
0.306,2.458
-0.11,2.69
-1.251,2.623
-1.371,2.524
-1.904,2.588
-2.178,2.507
-2.476,2.719
1.016,-1.537
-1.641,-0.146
-2.175,0.547
2.421,0.601
-2.614,2.133
-2.645,1.063
-2.797,1.329
-2.797,1.758
2.067,0.708
0.85,0.793
-0.215,0.76
-0.552,0.802
-1.433,0.813
-1.728,-1.861
-1.639,2.43
-0.045,1.087
-0.083,3.507
-0.131,2.724
-0.084,0.432
-0.101,2.959
-0.105,0.161
-0.269,2.178
-0.261,2.668
-0.385,3.566
-0.392,3.327
-0.292,1.323
-0.552,0.377
-0.416,0.09
-0.489,0.194
-0.6,1.371
-0.677,3.271
-0.573,0.981
-0.682,1.549
-0.817,0.459
-1.078,3.122
-1.104,1.55
-1.202,2.216
-1.306,2.809
-1.376,2.479
-1.575,1.363
-1.608,0.059
-1.478,0.294
-1.615,0.446
-1.553,0.167
-1.706,3.62
-1.624,1.202
-1.707,0.267
-1.849,0.49
-1.714,1.655
-1.764,2.212
-2.135,1.515
-2.115,1.724
-2.352,0.041
-2.546,0.101
-2.518,1.562
-2.746,1.764
-2.86,0.324
-2.942,3.722
-2.945,2.225
-2.951,1.535
-2.863,2.848
3.095,1.233
-3.097,1.058
-3.114,0.489
3.003,1.146
3.006,-0.362
2.537,-0.098
2.369,-0.122
2.336,-0.372
2.007,-0.466
1.493,0.022
1.464,-0.227
1.448,-0.191
1.299,-0.219
0.295,-0.133
0.243,-0.438
-0.119,-0.437
-0.037,-0.203
-0.457,-0.101
-0.691,-0.09
-1.761,-0.239
-2.839,-0.139
-3.008,-0.421
-3.135,-0.09
1.888,4.193
0.696,4.196
0.723,4.356
0.518,4.225
0.333,3.989
-0.083,4.221
-1.224,4.154
-1.344,4.055
-1.877,4.119
-2.151,4.038
-2.449,4.25
1.043,-0.006
-1.614,1.385
-2.148,2.078
2.448,2.132
-2.587,3.664
-2.618,2.594
-2.77,2.86
-2.77,3.289
2.094,2.239
0.877,2.324
-0.188,2.291
-0.525,2.333
-1.406,2.344
-1.701,-0.33
-1.612,3.961
-0.038,2.42
-0.086,1.637
-0.039,-0.655
-0.056,1.872
-0.06,-0.926
-0.224,1.091
-0.216,1.581
-0.34,2.479
-0.347,2.24
-0.247,0.236
-0.507,-0.71
-0.371,-0.997
-0.444,-0.893
-0.555,0.284
-0.632,2.184
-0.528,-0.106
-0.637,0.462
-0.772,-0.628
-1.033,2.035
-1.059,0.463
-1.157,1.129
-1.261,1.722
-1.331,1.392
-1.53,0.276
-1.563,-1.028
-1.433,-0.793
-1.57,-0.641
-1.508,-0.92
-1.661,2.533
-1.579,0.115
-1.662,-0.82
-1.804,-0.597
-1.669,0.568
-1.719,1.125
-2.09,0.428
-2.07,0.637
-2.307,-1.046
-2.501,-0.986
-2.473,0.475
-2.701,0.677
-2.815,-0.763
-2.897,2.635
-2.9,1.138
-2.906,0.448
-2.818,1.761
3.14,0.146
-3.052,-0.029
-3.069,-0.598
3.048,0.059
3.051,-1.449
2.582,-1.185
2.414,-1.209
2.381,-1.459
2.052,-1.553
1.538,-1.065
1.509,-1.314
1.493,-1.278
1.344,-1.306
0.34,-1.22
0.288,-1.525
-0.074,-1.524
0.008,-1.29
-0.412,-1.188
-0.646,-1.177
-1.716,-1.326
-2.794,-1.226
-2.963,-1.508
-3.09,-1.177
1.933,3.106
0.741,3.109
0.768,3.269
0.563,3.138
0.378,2.902
-0.038,3.134
-1.179,3.067
-1.299,2.968
-1.832,3.032
-2.106,2.951
-2.404,3.163
1.088,-1.093
-1.569,0.298
-2.103,0.991
2.493,1.045
-2.542,2.577
-2.573,1.507
-2.725,1.773
-2.725,2.202
2.139,1.152
0.922,1.237
-0.143,1.204
-0.48,1.246
-1.361,1.257
-1.656,-1.417
-1.567,2.874
-0.048,-0.783
-0.001,-3.075
-0.018,-0.548
-0.022,-3.346
-0.186,-1.329
-0.178,-0.839
-0.302,0.059
-0.309,-0.18
-0.209,-2.184
-0.469,-3.13
-0.333,-3.417
-0.406,-3.313
-0.517,-2.136
-0.594,-0.236
-0.49,-2.526
-0.599,-1.958
-0.734,-3.048
-0.995,-0.385
-1.021,-1.957
-1.119,-1.291
-1.223,-0.698
-1.293,-1.028
-1.492,-2.144
-1.525,-3.448
-1.395,-3.213
-1.532,-3.061
-1.47,-3.34
-1.623,0.113
-1.541,-2.305
-1.624,-3.24
-1.766,-3.017
-1.631,-1.852
-1.681,-1.295
-2.052,-1.992
-2.032,-1.783
-2.269,-3.466
-2.463,-3.406
-2.435,-1.945
-2.663,-1.743
-2.777,-3.183
-2.859,0.215
-2.862,-1.282
-2.868,-1.972
-2.78,-0.659
-3.105,-2.274
-3.014,-2.449
-3.031,-3.018
3.086,-2.361
3.089,-3.869
2.62,-3.605
2.452,-3.629
2.419,-3.879
2.09,-3.973
1.576,-3.485
1.547,-3.734
1.531,-3.698
1.382,-3.726
0.378,-3.64
0.326,-3.945
-0.036,-3.944
0.046,-3.71
-0.374,-3.608
-0.608,-3.597
-1.678,-3.746
-2.756,-3.646
-2.925,-3.928
-3.052,-3.597
1.971,0.686
0.779,0.689
0.806,0.849
0.601,0.718
0.416,0.482
0.0,0.714
-1.141,0.647
-1.261,0.548
-1.794,0.612
-2.068,0.531
-2.366,0.743
1.126,-3.513
-1.531,-2.122
-2.065,-1.429
2.531,-1.375
-2.504,0.157
-2.535,-0.913
-2.687,-0.647
-2.687,-0.218
2.177,-1.268
0.96,-1.183
-0.105,-1.216
-0.442,-1.174
-1.323,-1.163
-1.618,-3.837
-1.529,0.454
0.047,-2.292
0.03,0.235
0.026,-2.563
-0.138,-0.546
-0.13,-0.056
-0.254,0.842
-0.261,0.603
-0.161,-1.401
-0.421,-2.347
-0.285,-2.634
-0.358,-2.53
-0.469,-1.353
-0.546,0.547
-0.442,-1.743
-0.551,-1.175
-0.686,-2.265
-0.947,0.398
-0.973,-1.174
-1.071,-0.508
-1.175,0.085
-1.245,-0.245
-1.444,-1.361
-1.477,-2.665
-1.347,-2.43
-1.484,-2.278
-1.422,-2.557
-1.575,0.896
-1.493,-1.522
-1.576,-2.457
-1.718,-2.234
-1.583,-1.069
-1.633,-0.512
-2.004,-1.209
-1.984,-1.0
-2.221,-2.683
-2.415,-2.623
-2.387,-1.162
-2.615,-0.96
-2.729,-2.4
-2.811,0.998
-2.814,-0.499
-2.82,-1.189
-2.732,0.124
-3.057,-1.491
-2.966,-1.666
-2.983,-2.235
3.134,-1.578
3.137,-3.086
2.668,-2.822
2.5,-2.846
2.467,-3.096
2.138,-3.19
1.624,-2.702
1.595,-2.951
1.579,-2.915
1.43,-2.943
0.426,-2.857
0.374,-3.162
0.012,-3.161
0.094,-2.927
-0.326,-2.825
-0.56,-2.814
-1.63,-2.963
-2.708,-2.863
-2.877,-3.145
-3.004,-2.814
2.019,1.469
0.827,1.472
0.854,1.632
0.649,1.501
0.464,1.265
0.048,1.497
-1.093,1.43
-1.213,1.331
-1.746,1.395
-2.02,1.314
-2.318,1.526
1.174,-2.73
-1.483,-1.339
-2.017,-0.646
2.579,-0.592
-2.456,0.94
-2.487,-0.13
-2.639,0.136
-2.639,0.565
2.225,-0.485
1.008,-0.4
-0.057,-0.433
-0.394,-0.391
-1.275,-0.38
-1.57,-3.054
-1.481,1.237
-0.017,2.527
-0.021,-0.271
-0.185,1.746
-0.177,2.236
-0.301,3.134
-0.308,2.895
-0.208,0.891
-0.468,-0.055
-0.332,-0.342
-0.405,-0.238
-0.516,0.939
-0.593,2.839
-0.489,0.549
-0.598,1.117
-0.733,0.027
-0.994,2.69
-1.02,1.118
-1.118,1.784
-1.222,2.377
-1.292,2.047
-1.491,0.931
-1.524,-0.373
-1.394,-0.138
-1.531,0.014
-1.469,-0.265
-1.622,3.188
-1.54,0.77
-1.623,-0.165
-1.765,0.058
-1.63,1.223
-1.68,1.78
-2.051,1.083
-2.031,1.292
-2.268,-0.391
-2.462,-0.331
-2.434,1.13
-2.662,1.332
-2.776,-0.108
-2.858,3.29
-2.861,1.793
-2.867,1.103
-2.779,2.416
-3.104,0.801
-3.013,0.626
-3.03,0.057
3.087,0.714
3.09,-0.794
2.621,-0.53
2.453,-0.554
2.42,-0.804
2.091,-0.898
1.577,-0.41
1.548,-0.659
1.532,-0.623
1.383,-0.651
0.379,-0.565
0.327,-0.87
-0.035,-0.869
0.047,-0.635
-0.373,-0.533
-0.607,-0.522
-1.677,-0.671
-2.755,-0.571
-2.924,-0.853
-3.051,-0.522
1.972,3.761
0.78,3.764
0.807,3.924
0.602,3.793
0.417,3.557
0.001,3.789
-1.14,3.722
-1.26,3.623
-1.793,3.687
-2.067,3.606
-2.365,3.818
1.127,-0.438
-1.53,0.953
-2.064,1.646
2.532,1.7
-2.503,3.232
-2.534,2.162
-2.686,2.428
-2.686,2.857
2.178,1.807
0.961,1.892
-0.104,1.859
-0.441,1.901
-1.322,1.912
-1.617,-0.762
-1.528,3.529
-0.004,-2.798
-0.168,-0.781
-0.16,-0.291
-0.284,0.607
-0.291,0.368
-0.191,-1.636
-0.451,-2.582
-0.315,-2.869
-0.388,-2.765
-0.499,-1.588
-0.576,0.312
-0.472,-1.978
-0.581,-1.41
-0.716,-2.5
-0.977,0.163
-1.003,-1.409
-1.101,-0.743
-1.205,-0.15
-1.275,-0.48
-1.474,-1.596
-1.507,-2.9
-1.377,-2.665
-1.514,-2.513
-1.452,-2.792
-1.605,0.661
-1.523,-1.757
-1.606,-2.692
-1.748,-2.469
-1.613,-1.304
-1.663,-0.747
-2.034,-1.444
-2.014,-1.235
-2.251,-2.918
-2.445,-2.858
-2.417,-1.397
-2.645,-1.195
-2.759,-2.635
-2.841,0.763
-2.844,-0.734
-2.85,-1.424
-2.762,-0.111
-3.087,-1.726
-2.996,-1.901
-3.013,-2.47
3.104,-1.813
3.107,-3.321
2.638,-3.057
2.47,-3.081
2.437,-3.331
2.108,-3.425
1.594,-2.937
1.565,-3.186
1.549,-3.15
1.4,-3.178
0.396,-3.092
0.344,-3.397
-0.018,-3.396
0.064,-3.162
-0.356,-3.06
-0.59,-3.049
-1.66,-3.198
-2.738,-3.098
-2.907,-3.38
-3.034,-3.049
1.989,1.234
0.797,1.237
0.824,1.397
0.619,1.266
0.434,1.03
0.018,1.262
-1.123,1.195
-1.243,1.096
-1.776,1.16
-2.05,1.079
-2.348,1.291
1.144,-2.965
-1.513,-1.574
-2.047,-0.881
2.549,-0.827
-2.486,0.705
-2.517,-0.365
-2.669,-0.099
-2.669,0.33
2.195,-0.72
0.978,-0.635
-0.087,-0.668
-0.424,-0.626
-1.305,-0.615
-1.6,-3.289
-1.511,1.002
-0.164,2.017
-0.156,2.507
-0.28,3.405
-0.287,3.166
-0.187,1.162
-0.447,0.216
-0.311,-0.071
-0.384,0.033
-0.495,1.21
-0.572,3.11
-0.468,0.82
-0.577,1.388
-0.712,0.298
-0.973,2.961
-0.999,1.389
-1.097,2.055
-1.201,2.648
-1.271,2.318
-1.47,1.202
-1.503,-0.102
-1.373,0.133
-1.51,0.285
-1.448,0.006
-1.601,3.459
-1.519,1.041
-1.602,0.106
-1.744,0.329
-1.609,1.494
-1.659,2.051
-2.03,1.354
-2.01,1.563
-2.247,-0.12
-2.441,-0.06
-2.413,1.401
-2.641,1.603
-2.755,0.163
-2.837,3.561
-2.84,2.064
-2.846,1.374
-2.758,2.687
-3.083,1.072
-2.992,0.897
-3.009,0.328
3.108,0.985
3.111,-0.523
2.642,-0.259
2.474,-0.283
2.441,-0.533
2.112,-0.627
1.598,-0.139
1.569,-0.388
1.553,-0.352
1.404,-0.38
0.4,-0.294
0.348,-0.599
-0.014,-0.598
0.068,-0.364
-0.352,-0.262
-0.586,-0.251
-1.656,-0.4
-2.734,-0.3
-2.903,-0.582
-3.03,-0.251
1.993,4.032
0.801,4.035
0.828,4.195
0.623,4.064
0.438,3.828
0.022,4.06
-1.119,3.993
-1.239,3.894
-1.772,3.958
-2.046,3.877
-2.344,4.089
1.148,-0.167
-1.509,1.224
-2.043,1.917
2.553,1.971
-2.482,3.503
-2.513,2.433
-2.665,2.699
-2.665,3.128
2.199,2.078
0.982,2.163
-0.083,2.13
-0.42,2.172
-1.301,2.183
-1.596,-0.491
-1.507,3.8
0.008,0.49
-0.116,1.388
-0.123,1.149
-0.023,-0.855
-0.283,-1.801
-0.147,-2.088
-0.22,-1.984
-0.331,-0.807
-0.408,1.093
-0.304,-1.197
-0.413,-0.629
-0.548,-1.719
-0.809,0.944
-0.835,-0.628
-0.933,0.038
-1.037,0.631
-1.107,0.301
-1.306,-0.815
-1.339,-2.119
-1.209,-1.884
-1.346,-1.732
-1.284,-2.011
-1.437,1.442
-1.355,-0.976
-1.438,-1.911
-1.58,-1.688
-1.445,-0.523
-1.495,0.034
-1.866,-0.663
-1.846,-0.454
-2.083,-2.137
-2.277,-2.077
-2.249,-0.616
-2.477,-0.414
-2.591,-1.854
-2.673,1.544
-2.676,0.047
-2.682,-0.643
-2.594,0.67
-2.919,-0.945
-2.828,-1.12
-2.845,-1.689
-3.011,-1.032
-3.008,-2.54
2.806,-2.276
2.638,-2.3
2.605,-2.55
2.276,-2.644
1.762,-2.156
1.733,-2.405
1.717,-2.369
1.568,-2.397
0.564,-2.311
0.512,-2.616
0.15,-2.615
0.232,-2.381
-0.188,-2.279
-0.422,-2.268
-1.492,-2.417
-2.57,-2.317
-2.739,-2.599
-2.866,-2.268
2.157,2.015
0.965,2.018
0.992,2.178
0.787,2.047
0.602,1.811
0.186,2.043
-0.955,1.976
-1.075,1.877
-1.608,1.941
-1.882,1.86
-2.18,2.072
1.312,-2.184
-1.345,-0.793
-1.879,-0.1
2.717,-0.046
-2.318,1.486
-2.349,0.416
-2.501,0.682
-2.501,1.111
2.363,0.061
1.146,0.146
0.081,0.113
-0.256,0.155
-1.137,0.166
-1.432,-2.508
-1.343,1.783
-0.124,0.898
-0.131,0.659
-0.031,-1.345
-0.291,-2.291
-0.155,-2.578
-0.228,-2.474
-0.339,-1.297
-0.416,0.603
-0.312,-1.687
-0.421,-1.119
-0.556,-2.209
-0.817,0.454
-0.843,-1.118
-0.941,-0.452
-1.045,0.141
-1.115,-0.189
-1.314,-1.305
-1.347,-2.609
-1.217,-2.374
-1.354,-2.222
-1.292,-2.501
-1.445,0.952
-1.363,-1.466
-1.446,-2.401
-1.588,-2.178
-1.453,-1.013
-1.503,-0.456
-1.874,-1.153
-1.854,-0.944
-2.091,-2.627
-2.285,-2.567
-2.257,-1.106
-2.485,-0.904
-2.599,-2.344
-2.681,1.054
-2.684,-0.443
-2.69,-1.133
-2.602,0.18
-2.927,-1.435
-2.836,-1.61
-2.853,-2.179
-3.019,-1.522
-3.016,-3.03
2.798,-2.766
2.63,-2.79
2.597,-3.04
2.268,-3.134
1.754,-2.646
1.725,-2.895
1.709,-2.859
1.56,-2.887
0.556,-2.801
0.504,-3.106
0.142,-3.105
0.224,-2.871
-0.196,-2.769
-0.43,-2.758
-1.5,-2.907
-2.578,-2.807
-2.747,-3.089
-2.874,-2.758
2.149,1.525
0.957,1.528
0.984,1.688
0.779,1.557
0.594,1.321
0.178,1.553
-0.963,1.486
-1.083,1.387
-1.616,1.451
-1.89,1.37
-2.188,1.582
1.304,-2.674
-1.353,-1.283
-1.887,-0.59
2.709,-0.536
-2.326,0.996
-2.357,-0.074
-2.509,0.192
-2.509,0.621
2.355,-0.429
1.138,-0.344
0.073,-0.377
-0.264,-0.335
-1.145,-0.324
-1.44,-2.998
-1.351,1.293
-0.007,-0.239
0.093,-2.243
-0.167,-3.189
-0.031,-3.476
-0.104,-3.372
-0.215,-2.195
-0.292,-0.295
-0.188,-2.585
-0.297,-2.017
-0.432,-3.107
-0.693,-0.444
-0.719,-2.016
-0.817,-1.35
-0.921,-0.757
-0.991,-1.087
-1.19,-2.203
-1.223,-3.507
-1.093,-3.272
-1.23,-3.12
-1.168,-3.399
-1.321,0.054
-1.239,-2.364
-1.322,-3.299
-1.464,-3.076
-1.329,-1.911
-1.379,-1.354
-1.75,-2.051
-1.73,-1.842
-1.967,-3.525
-2.161,-3.465
-2.133,-2.004
-2.361,-1.802
-2.475,-3.242
-2.557,0.156
-2.56,-1.341
-2.566,-2.031
-2.478,-0.718
-2.803,-2.333
-2.712,-2.508
-2.729,-3.077
-2.895,-2.42
-2.892,-3.928
2.922,-3.664
2.754,-3.688
2.721,-3.938
2.392,-4.032
1.878,-3.544
1.849,-3.793
1.833,-3.757
1.684,-3.785
0.68,-3.699
0.628,-4.004
0.266,-4.003
0.348,-3.769
-0.072,-3.667
-0.306,-3.656
-1.376,-3.805
-2.454,-3.705
-2.623,-3.987
-2.75,-3.656
2.273,0.627
1.081,0.63
1.108,0.79
0.903,0.659
0.718,0.423
0.302,0.655
-0.839,0.588
-0.959,0.489
-1.492,0.553
-1.766,0.472
-2.064,0.684
1.428,-3.572
-1.229,-2.181
-1.763,-1.488
2.833,-1.434
-2.202,0.098
-2.233,-0.972
-2.385,-0.706
-2.385,-0.277
2.479,-1.327
1.262,-1.242
0.197,-1.275
-0.14,-1.233
-1.021,-1.222
-1.316,-3.896
-1.227,0.395
0.1,-2.004
-0.16,-2.95
-0.024,-3.237
-0.097,-3.133
-0.208,-1.956
-0.285,-0.056
-0.181,-2.346
-0.29,-1.778
-0.425,-2.868
-0.686,-0.205
-0.712,-1.777
-0.81,-1.111
-0.914,-0.518
-0.984,-0.848
-1.183,-1.964
-1.216,-3.268
-1.086,-3.033
-1.223,-2.881
-1.161,-3.16
-1.314,0.293
-1.232,-2.125
-1.315,-3.06
-1.457,-2.837
-1.322,-1.672
-1.372,-1.115
-1.743,-1.812
-1.723,-1.603
-1.96,-3.286
-2.154,-3.226
-2.126,-1.765
-2.354,-1.563
-2.468,-3.003
-2.55,0.395
-2.553,-1.102
-2.559,-1.792
-2.471,-0.479
-2.796,-2.094
-2.705,-2.269
-2.722,-2.838
-2.888,-2.181
-2.885,-3.689
2.929,-3.425
2.761,-3.449
2.728,-3.699
2.399,-3.793
1.885,-3.305
1.856,-3.554
1.84,-3.518
1.691,-3.546
0.687,-3.46
0.635,-3.765
0.273,-3.764
0.355,-3.53
-0.065,-3.428
-0.299,-3.417
-1.369,-3.566
-2.447,-3.466
-2.616,-3.748
-2.743,-3.417
2.28,0.866
1.088,0.869
1.115,1.029
0.91,0.898
0.725,0.662
0.309,0.894
-0.832,0.827
-0.952,0.728
-1.485,0.792
-1.759,0.711
-2.057,0.923
1.435,-3.333
-1.222,-1.942
-1.756,-1.249
2.84,-1.195
-2.195,0.337
-2.226,-0.733
-2.378,-0.467
-2.378,-0.038
2.486,-1.088
1.269,-1.003
0.204,-1.036
-0.133,-0.994
-1.014,-0.983
-1.309,-3.657
-1.22,0.634
-0.26,-0.946
-0.124,-1.233
-0.197,-1.129
-0.308,0.048
-0.385,1.948
-0.281,-0.342
-0.39,0.226
-0.525,-0.864
-0.786,1.799
-0.812,0.227
-0.91,0.893
-1.014,1.486
-1.084,1.156
-1.283,0.04
-1.316,-1.264
-1.186,-1.029
-1.323,-0.877
-1.261,-1.156
-1.414,2.297
-1.332,-0.121
-1.415,-1.056
-1.557,-0.833
-1.422,0.332
-1.472,0.889
-1.843,0.192
-1.823,0.401
-2.06,-1.282
-2.254,-1.222
-2.226,0.239
-2.454,0.441
-2.568,-0.999
-2.65,2.399
-2.653,0.902
-2.659,0.212
-2.571,1.525
-2.896,-0.09
-2.805,-0.265
-2.822,-0.834
-2.988,-0.177
-2.985,-1.685
2.829,-1.421
2.661,-1.445
2.628,-1.695
2.299,-1.789
1.785,-1.301
1.756,-1.55
1.74,-1.514
1.591,-1.542
0.587,-1.456
0.535,-1.761
0.173,-1.76
0.255,-1.526
-0.165,-1.424
-0.399,-1.413
-1.469,-1.562
-2.547,-1.462
-2.716,-1.744
-2.843,-1.413
2.18,2.87
0.988,2.873
1.015,3.033
0.81,2.902
0.625,2.666
0.209,2.898
-0.932,2.831
-1.052,2.732
-1.585,2.796
-1.859,2.715
-2.157,2.927
1.335,-1.329
-1.322,0.062
-1.856,0.755
2.74,0.809
-2.295,2.341
-2.326,1.271
-2.478,1.537
-2.478,1.966
2.386,0.916
1.169,1.001
0.104,0.968
-0.233,1.01
-1.114,1.021
-1.409,-1.653
-1.32,2.638
0.136,-0.287
0.063,-0.183
-0.048,0.994
-0.125,2.894
-0.021,0.604
-0.13,1.172
-0.265,0.082
-0.526,2.745
-0.552,1.173
-0.65,1.839
-0.754,2.432
-0.824,2.102
-1.023,0.986
-1.056,-0.318
-0.926,-0.083
-1.063,0.069
-1.001,-0.21
-1.154,3.243
-1.072,0.825
-1.155,-0.11
-1.297,0.113
-1.162,1.278
-1.212,1.835
-1.583,1.138
-1.563,1.347
-1.8,-0.336
-1.994,-0.276
-1.966,1.185
-2.194,1.387
-2.308,-0.053
-2.39,3.345
-2.393,1.848
-2.399,1.158
-2.311,2.471
-2.636,0.856
-2.545,0.681
-2.562,0.112
-2.728,0.769
-2.725,-0.739
3.089,-0.475
2.921,-0.499
2.888,-0.749
2.559,-0.843
2.045,-0.355
2.016,-0.604
2.0,-0.568
1.851,-0.596
0.847,-0.51
0.795,-0.815
0.433,-0.814
0.515,-0.58
0.095,-0.478
-0.139,-0.467
-1.209,-0.616
-2.287,-0.516
-2.456,-0.798
-2.583,-0.467
2.44,3.816
1.248,3.819
1.275,3.979
1.07,3.848
0.885,3.612
0.469,3.844
-0.672,3.777
-0.792,3.678
-1.325,3.742
-1.599,3.661
-1.897,3.873
1.595,-0.383
-1.062,1.008
-1.596,1.701
3.0,1.755
-2.035,3.287
-2.066,2.217
-2.218,2.483
-2.218,2.912
2.646,1.862
1.429,1.947
0.364,1.914
0.027,1.956
-0.854,1.967
-1.149,-0.707
-1.06,3.584
-0.073,0.104
-0.184,1.281
-0.261,3.181
-0.157,0.891
-0.266,1.459
-0.401,0.369
-0.662,3.032
-0.688,1.46
-0.786,2.126
-0.89,2.719
-0.96,2.389
-1.159,1.273
-1.192,-0.031
-1.062,0.204
-1.199,0.356
-1.137,0.077
-1.29,3.53
-1.208,1.112
-1.291,0.177
-1.433,0.4
-1.298,1.565
-1.348,2.122
-1.719,1.425
-1.699,1.634
-1.936,-0.049
-2.13,0.011
-2.102,1.472
-2.33,1.674
-2.444,0.234
-2.526,3.632
-2.529,2.135
-2.535,1.445
-2.447,2.758
-2.772,1.143
-2.681,0.968
-2.698,0.399
-2.864,1.056
-2.861,-0.452
2.953,-0.188
2.785,-0.212
2.752,-0.462
2.423,-0.556
1.909,-0.068
1.88,-0.317
1.864,-0.281
1.715,-0.309
0.711,-0.223
0.659,-0.528
0.297,-0.527
0.379,-0.293
-0.041,-0.191
-0.275,-0.18
-1.345,-0.329
-2.423,-0.229
-2.592,-0.511
-2.719,-0.18
2.304,4.103
1.112,4.106
1.139,4.266
0.934,4.135
0.749,3.899
0.333,4.131
-0.808,4.064
-0.928,3.965
-1.461,4.029
-1.735,3.948
-2.033,4.16
1.459,-0.096
-1.198,1.295
-1.732,1.988
2.864,2.042
-2.171,3.574
-2.202,2.504
-2.354,2.77
-2.354,3.199
2.51,2.149
1.293,2.234
0.228,2.201
-0.109,2.243
-0.99,2.254
-1.285,-0.42
-1.196,3.871
-0.111,1.177
-0.188,3.077
-0.084,0.787
-0.193,1.355
-0.328,0.265
-0.589,2.928
-0.615,1.356
-0.713,2.022
-0.817,2.615
-0.887,2.285
-1.086,1.169
-1.119,-0.135
-0.989,0.1
-1.126,0.252
-1.064,-0.027
-1.217,3.426
-1.135,1.008
-1.218,0.073
-1.36,0.296
-1.225,1.461
-1.275,2.018
-1.646,1.321
-1.626,1.53
-1.863,-0.153
-2.057,-0.093
-2.029,1.368
-2.257,1.57
-2.371,0.13
-2.453,3.528
-2.456,2.031
-2.462,1.341
-2.374,2.654
-2.699,1.039
-2.608,0.864
-2.625,0.295
-2.791,0.952
-2.788,-0.556
3.026,-0.292
2.858,-0.316
2.825,-0.566
2.496,-0.66
1.982,-0.172
1.953,-0.421
1.937,-0.385
1.788,-0.413
0.784,-0.327
0.732,-0.632
0.37,-0.631
0.452,-0.397
0.032,-0.295
-0.202,-0.284
-1.272,-0.433
-2.35,-0.333
-2.519,-0.615
-2.646,-0.284
2.377,3.999
1.185,4.002
1.212,4.162
1.007,4.031
0.822,3.795
0.406,4.027
-0.735,3.96
-0.855,3.861
-1.388,3.925
-1.662,3.844
-1.96,4.056
1.532,-0.2
-1.125,1.191
-1.659,1.884
2.937,1.938
-2.098,3.47
-2.129,2.4
-2.281,2.666
-2.281,3.095
2.583,2.045
1.366,2.13
0.301,2.097
-0.036,2.139
-0.917,2.15
-1.212,-0.524
-1.123,3.767
-0.077,1.9
0.027,-0.39
-0.082,0.178
-0.217,-0.912
-0.478,1.751
-0.504,0.179
-0.602,0.845
-0.706,1.438
-0.776,1.108
-0.975,-0.008
-1.008,-1.312
-0.878,-1.077
-1.015,-0.925
-0.953,-1.204
-1.106,2.249
-1.024,-0.169
-1.107,-1.104
-1.249,-0.881
-1.114,0.284
-1.164,0.841
-1.535,0.144
-1.515,0.353
-1.752,-1.33
-1.946,-1.27
-1.918,0.191
-2.146,0.393
-2.26,-1.047
-2.342,2.351
-2.345,0.854
-2.351,0.164
-2.263,1.477
-2.588,-0.138
-2.497,-0.313
-2.514,-0.882
-2.68,-0.225
-2.677,-1.733
3.137,-1.469
2.969,-1.493
2.936,-1.743
2.607,-1.837
2.093,-1.349
2.064,-1.598
2.048,-1.562
1.899,-1.59
0.895,-1.504
0.843,-1.809
0.481,-1.808
0.563,-1.574
0.143,-1.472
-0.091,-1.461
-1.161,-1.61
-2.239,-1.51
-2.408,-1.792
-2.535,-1.461
2.488,2.822
1.296,2.825
1.323,2.985
1.118,2.854
0.933,2.618
0.517,2.85
-0.624,2.783
-0.744,2.684
-1.277,2.748
-1.551,2.667
-1.849,2.879
1.643,-1.377
-1.014,0.014
-1.548,0.707
3.048,0.761
-1.987,2.293
-2.018,1.223
-2.17,1.489
-2.17,1.918
2.694,0.868
1.477,0.953
0.412,0.92
0.075,0.962
-0.806,0.973
-1.101,-1.701
-1.012,2.59
0.104,-2.29
-0.005,-1.722
-0.14,-2.812
-0.401,-0.149
-0.427,-1.721
-0.525,-1.055
-0.629,-0.462
-0.699,-0.792
-0.898,-1.908
-0.931,-3.212
-0.801,-2.977
-0.938,-2.825
-0.876,-3.104
-1.029,0.349
-0.947,-2.069
-1.03,-3.004
-1.172,-2.781
-1.037,-1.616
-1.087,-1.059
-1.458,-1.756
-1.438,-1.547
-1.675,-3.23
-1.869,-3.17
-1.841,-1.709
-2.069,-1.507
-2.183,-2.947
-2.265,0.451
-2.268,-1.046
-2.274,-1.736
-2.186,-0.423
-2.511,-2.038
-2.42,-2.213
-2.437,-2.782
-2.603,-2.125
-2.6,-3.633
-3.069,-3.369
3.046,-3.393
3.013,-3.643
2.684,-3.737
2.17,-3.249
2.141,-3.498
2.125,-3.462
1.976,-3.49
0.972,-3.404
0.92,-3.709
0.558,-3.708
0.64,-3.474
0.22,-3.372
-0.014,-3.361
-1.084,-3.51
-2.162,-3.41
-2.331,-3.692
-2.458,-3.361
2.565,0.922
1.373,0.925
1.4,1.085
1.195,0.954
1.01,0.718
0.594,0.95
-0.547,0.883
-0.667,0.784
-1.2,0.848
-1.474,0.767
-1.772,0.979
1.72,-3.277
-0.937,-1.886
-1.471,-1.193
3.125,-1.139
-1.91,0.393
-1.941,-0.677
-2.093,-0.411
-2.093,0.018
2.771,-1.032
1.554,-0.947
0.489,-0.98
0.152,-0.938
-0.729,-0.927
-1.024,-3.601
-0.935,0.69
-0.109,0.568
-0.244,-0.522
-0.505,2.141
-0.531,0.569
-0.629,1.235
-0.733,1.828
-0.803,1.498
-1.002,0.382
-1.035,-0.922
-0.905,-0.687
-1.042,-0.535
-0.98,-0.814
-1.133,2.639
-1.051,0.221
-1.134,-0.714
-1.276,-0.491
-1.141,0.674
-1.191,1.231
-1.562,0.534
-1.542,0.743
-1.779,-0.94
-1.973,-0.88
-1.945,0.581
-2.173,0.783
-2.287,-0.657
-2.369,2.741
-2.372,1.244
-2.378,0.554
-2.29,1.867
-2.615,0.252
-2.524,0.077
-2.541,-0.492
-2.707,0.165
-2.704,-1.343
3.11,-1.079
2.942,-1.103
2.909,-1.353
2.58,-1.447
2.066,-0.959
2.037,-1.208
2.021,-1.172
1.872,-1.2
0.868,-1.114
0.816,-1.419
0.454,-1.418
0.536,-1.184
0.116,-1.082
-0.118,-1.071
-1.188,-1.22
-2.266,-1.12
-2.435,-1.402
-2.562,-1.071
2.461,3.212
1.269,3.215
1.296,3.375
1.091,3.244
0.906,3.008
0.49,3.24
-0.651,3.173
-0.771,3.074
-1.304,3.138
-1.578,3.057
-1.876,3.269
1.616,-0.987
-1.041,0.404
-1.575,1.097
3.021,1.151
-2.014,2.683
-2.045,1.613
-2.197,1.879
-2.197,2.308
2.667,1.258
1.45,1.343
0.385,1.31
0.048,1.352
-0.833,1.363
-1.128,-1.311
-1.039,2.98
-0.135,-1.09
-0.396,1.573
-0.422,0.001
-0.52,0.667
-0.624,1.26
-0.694,0.93
-0.893,-0.186
-0.926,-1.49
-0.796,-1.255
-0.933,-1.103
-0.871,-1.382
-1.024,2.071
-0.942,-0.347
-1.025,-1.282
-1.167,-1.059
-1.032,0.106
-1.082,0.663
-1.453,-0.034
-1.433,0.175
-1.67,-1.508
-1.864,-1.448
-1.836,0.013
-2.064,0.215
-2.178,-1.225
-2.26,2.173
-2.263,0.676
-2.269,-0.014
-2.181,1.299
-2.506,-0.316
-2.415,-0.491
-2.432,-1.06
-2.598,-0.403
-2.595,-1.911
-3.064,-1.647
3.051,-1.671
3.018,-1.921
2.689,-2.015
2.175,-1.527
2.146,-1.776
2.13,-1.74
1.981,-1.768
0.977,-1.682
0.925,-1.987
0.563,-1.986
0.645,-1.752
0.225,-1.65
-0.009,-1.639
-1.079,-1.788
-2.157,-1.688
-2.326,-1.97
-2.453,-1.639
2.57,2.644
1.378,2.647
1.405,2.807
1.2,2.676
1.015,2.44
0.599,2.672
-0.542,2.605
-0.662,2.506
-1.195,2.57
-1.469,2.489
-1.767,2.701
1.725,-1.555
-0.932,-0.164
-1.466,0.529
3.13,0.583
-1.905,2.115
-1.936,1.045
-2.088,1.311
-2.088,1.74
2.776,0.69
1.559,0.775
0.494,0.742
0.157,0.784
-0.724,0.795
-1.019,-1.879
-0.93,2.412
-0.261,2.663
-0.287,1.091
-0.385,1.757
-0.489,2.35
-0.559,2.02
-0.758,0.904
-0.791,-0.4
-0.661,-0.165
-0.798,-0.013
-0.736,-0.292
-0.889,3.161
-0.807,0.743
-0.89,-0.192
-1.032,0.031
-0.897,1.196
-0.947,1.753
-1.318,1.056
-1.298,1.265
-1.535,-0.418
-1.729,-0.358
-1.701,1.103
-1.929,1.305
-2.043,-0.135
-2.125,3.263
-2.128,1.766
-2.134,1.076
-2.046,2.389
-2.371,0.774
-2.28,0.599
-2.297,0.03
-2.463,0.687
-2.46,-0.821
-2.929,-0.557
-3.097,-0.581
-3.13,-0.831
2.824,-0.925
2.31,-0.437
2.281,-0.686
2.265,-0.65
2.116,-0.678
1.112,-0.592
1.06,-0.897
0.698,-0.896
0.78,-0.662
0.36,-0.56
0.126,-0.549
-0.944,-0.698
-2.022,-0.598
-2.191,-0.88
-2.318,-0.549
2.705,3.734
1.513,3.737
1.54,3.897
1.335,3.766
1.15,3.53
0.734,3.762
-0.407,3.695
-0.527,3.596
-1.06,3.66
-1.334,3.579
-1.632,3.791
1.86,-0.465
-0.797,0.926
-1.331,1.619
-3.018,1.673
-1.77,3.205
-1.801,2.135
-1.953,2.401
-1.953,2.83
2.911,1.78
1.694,1.865
0.629,1.832
0.292,1.874
-0.589,1.885
-0.884,-0.789
-0.795,3.502
-0.026,-1.572
-0.124,-0.906
-0.228,-0.313
-0.298,-0.643
-0.497,-1.759
-0.53,-3.063
-0.4,-2.828
-0.537,-2.676
-0.475,-2.955
-0.628,0.498
-0.546,-1.92
-0.629,-2.855
-0.771,-2.632
-0.636,-1.467
-0.686,-0.91
-1.057,-1.607
-1.037,-1.398
-1.274,-3.081
-1.468,-3.021
-1.44,-1.56
-1.668,-1.358
-1.782,-2.798
-1.864,0.6
-1.867,-0.897
-1.873,-1.587
-1.785,-0.274
-2.11,-1.889
-2.019,-2.064
-2.036,-2.633
-2.202,-1.976
-2.199,-3.484
-2.668,-3.22
-2.836,-3.244
-2.869,-3.494
3.085,-3.588
2.571,-3.1
2.542,-3.349
2.526,-3.313
2.377,-3.341
1.373,-3.255
1.321,-3.56
0.959,-3.559
1.041,-3.325
0.621,-3.223
0.387,-3.212
-0.683,-3.361
-1.761,-3.261
-1.93,-3.543
-2.057,-3.212
2.966,1.071
1.774,1.074
1.801,1.234
1.596,1.103
1.411,0.867
0.995,1.099
-0.146,1.032
-0.266,0.933
-0.799,0.997
-1.073,0.916
-1.371,1.128
2.121,-3.128
-0.536,-1.737
-1.07,-1.044
-2.757,-0.99
-1.509,0.542
-1.54,-0.528
-1.692,-0.262
-1.692,0.167
-3.111,-0.883
1.955,-0.798
0.89,-0.831
0.553,-0.789
-0.328,-0.778
-0.623,-3.452
-0.534,0.839
-0.098,0.666
-0.202,1.259
-0.272,0.929
-0.471,-0.187
-0.504,-1.491
-0.374,-1.256
-0.511,-1.104
-0.449,-1.383
-0.602,2.07
-0.52,-0.348
-0.603,-1.283
-0.745,-1.06
-0.61,0.105
-0.66,0.662
-1.031,-0.035
-1.011,0.174
-1.248,-1.509
-1.442,-1.449
-1.414,0.012
-1.642,0.214
-1.756,-1.226
-1.838,2.172
-1.841,0.675
-1.847,-0.015
-1.759,1.298
-2.084,-0.317
-1.993,-0.492
-2.01,-1.061
-2.176,-0.404
-2.173,-1.912
-2.642,-1.648
-2.81,-1.672
-2.843,-1.922
3.111,-2.016
2.597,-1.528
2.568,-1.777
2.552,-1.741
2.403,-1.769
1.399,-1.683
1.347,-1.988
0.985,-1.987
1.067,-1.753
0.647,-1.651
0.413,-1.64
-0.657,-1.789
-1.735,-1.689
-1.904,-1.971
-2.031,-1.64
2.992,2.643
1.8,2.646
1.827,2.806
1.622,2.675
1.437,2.439
1.021,2.671
-0.12,2.604
-0.24,2.505
-0.773,2.569
-1.047,2.488
-1.345,2.7
2.147,-1.556
-0.51,-0.165
-1.044,0.528
-2.731,0.582
-1.483,2.114
-1.514,1.044
-1.666,1.31
-1.666,1.739
-3.085,0.689
1.981,0.774
0.916,0.741
0.579,0.783
-0.302,0.794
-0.597,-1.88
-0.508,2.411
-0.104,0.593
-0.174,0.263
-0.373,-0.853
-0.406,-2.157
-0.276,-1.922
-0.413,-1.77
-0.351,-2.049
-0.504,1.404
-0.422,-1.014
-0.505,-1.949
-0.647,-1.726
-0.512,-0.561
-0.562,-0.004
-0.933,-0.701
-0.913,-0.492
-1.15,-2.175
-1.344,-2.115
-1.316,-0.654
-1.544,-0.452
-1.658,-1.892
-1.74,1.506
-1.743,0.009
-1.749,-0.681
-1.661,0.632
-1.986,-0.983
-1.895,-1.158
-1.912,-1.727
-2.078,-1.07
-2.075,-2.578
-2.544,-2.314
-2.712,-2.338
-2.745,-2.588
-3.074,-2.682
2.695,-2.194
2.666,-2.443
2.65,-2.407
2.501,-2.435
1.497,-2.349
1.445,-2.654
1.083,-2.653
1.165,-2.419
0.745,-2.317
0.511,-2.306
-0.559,-2.455
-1.637,-2.355
-1.806,-2.637
-1.933,-2.306
3.09,1.977
1.898,1.98
1.925,2.14
1.72,2.009
1.535,1.773
1.119,2.005
-0.022,1.938
-0.142,1.839
-0.675,1.903
-0.949,1.822
-1.247,2.034
2.245,-2.222
-0.412,-0.831
-0.946,-0.138
-2.633,-0.084
-1.385,1.448
-1.416,0.378
-1.568,0.644
-1.568,1.073
-2.987,0.023
2.079,0.108
1.014,0.075
0.677,0.117
-0.204,0.128
-0.499,-2.546
-0.41,1.745
-0.07,-0.33
-0.269,-1.446
-0.302,-2.75
-0.172,-2.515
-0.309,-2.363
-0.247,-2.642
-0.4,0.811
-0.318,-1.607
-0.401,-2.542
-0.543,-2.319
-0.408,-1.154
-0.458,-0.597
-0.829,-1.294
-0.809,-1.085
-1.046,-2.768
-1.24,-2.708
-1.212,-1.247
-1.44,-1.045
-1.554,-2.485
-1.636,0.913
-1.639,-0.584
-1.645,-1.274
-1.557,0.039
-1.882,-1.576
-1.791,-1.751
-1.808,-2.32
-1.974,-1.663
-1.971,-3.171
-2.44,-2.907
-2.608,-2.931
-2.641,-3.181
-2.97,-3.275
2.799,-2.787
2.77,-3.036
2.754,-3.0
2.605,-3.028
1.601,-2.942
1.549,-3.247
1.187,-3.246
1.269,-3.012
0.849,-2.91
0.615,-2.899
-0.455,-3.048
-1.533,-2.948
-1.702,-3.23
-1.829,-2.899
-3.089,1.384
2.002,1.387
2.029,1.547
1.824,1.416
1.639,1.18
1.223,1.412
0.082,1.345
-0.038,1.246
-0.571,1.31
-0.845,1.229
-1.143,1.441
2.349,-2.815
-0.308,-1.424
-0.842,-0.731
-2.529,-0.677
-1.281,0.855
-1.312,-0.215
-1.464,0.051
-1.464,0.48
-2.883,-0.57
2.183,-0.485
1.118,-0.518
0.781,-0.476
-0.1,-0.465
-0.395,-3.139
-0.306,1.152
-0.199,-1.116
-0.232,-2.42
-0.102,-2.185
-0.239,-2.033
-0.177,-2.312
-0.33,1.141
-0.248,-1.277
-0.331,-2.212
-0.473,-1.989
-0.338,-0.824
-0.388,-0.267
-0.759,-0.964
-0.739,-0.755
-0.976,-2.438
-1.17,-2.378
-1.142,-0.917
-1.37,-0.715
-1.484,-2.155
-1.566,1.243
-1.569,-0.254
-1.575,-0.944
-1.487,0.369
-1.812,-1.246
-1.721,-1.421
-1.738,-1.99
-1.904,-1.333
-1.901,-2.841
-2.37,-2.577
-2.538,-2.601
-2.571,-2.851
-2.9,-2.945
2.869,-2.457
2.84,-2.706
2.824,-2.67
2.675,-2.698
1.671,-2.612
1.619,-2.917
1.257,-2.916
1.339,-2.682
0.919,-2.58
0.685,-2.569
-0.385,-2.718
-1.463,-2.618
-1.632,-2.9
-1.759,-2.569
-3.019,1.714
2.072,1.717
2.099,1.877
1.894,1.746
1.709,1.51
1.293,1.742
0.152,1.675
0.032,1.576
-0.501,1.64
-0.775,1.559
-1.073,1.771
2.419,-2.485
-0.238,-1.094
-0.772,-0.401
-2.459,-0.347
-1.211,1.185
-1.242,0.115
-1.394,0.381
-1.394,0.81
-2.813,-0.24
2.253,-0.155
1.188,-0.188
0.851,-0.146
-0.03,-0.135
-0.325,-2.809
-0.236,1.482
-0.033,-1.304
0.097,-1.069
-0.04,-0.917
0.022,-1.196
-0.131,2.257
-0.049,-0.161
-0.132,-1.096
-0.274,-0.873
-0.139,0.292
-0.189,0.849
-0.56,0.152
-0.54,0.361
-0.777,-1.322
-0.971,-1.262
-0.943,0.199
-1.171,0.401
-1.285,-1.039
-1.367,2.359
-1.37,0.862
-1.376,0.172
-1.288,1.485
-1.613,-0.13
-1.522,-0.305
-1.539,-0.874
-1.705,-0.217
-1.702,-1.725
-2.171,-1.461
-2.339,-1.485
-2.372,-1.735
-2.701,-1.829
3.068,-1.341
3.039,-1.59
3.023,-1.554
2.874,-1.582
1.87,-1.496
1.818,-1.801
1.456,-1.8
1.538,-1.566
1.118,-1.464
0.884,-1.453
-0.186,-1.602
-1.264,-1.502
-1.433,-1.784
-1.56,-1.453
-2.82,2.83
2.271,2.833
2.298,2.993
2.093,2.862
1.908,2.626
1.492,2.858
0.351,2.791
0.231,2.692
-0.302,2.756
-0.576,2.675
-0.874,2.887
2.618,-1.369
-0.039,0.022
-0.573,0.715
-2.26,0.769
-1.012,2.301
-1.043,1.231
-1.195,1.497
-1.195,1.926
-2.614,0.876
2.452,0.961
1.387,0.928
1.05,0.97
0.169,0.981
-0.126,-1.693
-0.037,2.598
0.13,0.235
-0.007,0.387
0.055,0.108
-0.098,3.561
-0.016,1.143
-0.099,0.208
-0.241,0.431
-0.106,1.596
-0.156,2.153
-0.527,1.456
-0.507,1.665
-0.744,-0.018
-0.938,0.042
-0.91,1.503
-1.138,1.705
-1.252,0.265
-1.334,3.663
-1.337,2.166
-1.343,1.476
-1.255,2.789
-1.58,1.174
-1.489,0.999
-1.506,0.43
-1.672,1.087
-1.669,-0.421
-2.138,-0.157
-2.306,-0.181
-2.339,-0.431
-2.668,-0.525
3.101,-0.037
3.072,-0.286
3.056,-0.25
2.907,-0.278
1.903,-0.192
1.851,-0.497
1.489,-0.496
1.571,-0.262
1.151,-0.16
0.917,-0.149
-0.153,-0.298
-1.231,-0.198
-1.4,-0.48
-1.527,-0.149
-2.787,4.134
2.304,4.137
2.331,4.297
2.126,4.166
1.941,3.93
1.525,4.162
0.384,4.095
0.264,3.996
-0.269,4.06
-0.543,3.979
-0.841,4.191
2.651,-0.065
-0.006,1.326
-0.54,2.019
-2.227,2.073
-0.979,3.605
-1.01,2.535
-1.162,2.801
-1.162,3.23
-2.581,2.18
2.485,2.265
1.42,2.232
1.083,2.274
0.202,2.285
-0.093,-0.389
-0.004,3.902
-0.137,0.152
-0.075,-0.127
-0.228,3.326
-0.146,0.908
-0.229,-0.027
-0.371,0.196
-0.236,1.361
-0.286,1.918
-0.657,1.221
-0.637,1.43
-0.874,-0.253
-1.068,-0.193
-1.04,1.268
-1.268,1.47
-1.382,0.03
-1.464,3.428
-1.467,1.931
-1.473,1.241
-1.385,2.554
-1.71,0.939
-1.619,0.764
-1.636,0.195
-1.802,0.852
-1.799,-0.656
-2.268,-0.392
-2.436,-0.416
-2.469,-0.666
-2.798,-0.76
2.971,-0.272
2.942,-0.521
2.926,-0.485
2.777,-0.513
1.773,-0.427
1.721,-0.732
1.359,-0.731
1.441,-0.497
1.021,-0.395
0.787,-0.384
-0.283,-0.533
-1.361,-0.433
-1.53,-0.715
-1.657,-0.384
-2.917,3.899
2.174,3.902
2.201,4.062
1.996,3.931
1.811,3.695
1.395,3.927
0.254,3.86
0.134,3.761
-0.399,3.825
-0.673,3.744
-0.971,3.956
2.521,-0.3
-0.136,1.091
-0.67,1.784
-2.357,1.838
-1.109,3.37
-1.14,2.3
-1.292,2.566
-1.292,2.995
-2.711,1.945
2.355,2.03
1.29,1.997
0.953,2.039
0.072,2.05
-0.223,-0.624
-0.134,3.667
0.062,-0.279
-0.091,3.174
-0.009,0.756
-0.092,-0.179
-0.234,0.044
-0.099,1.209
-0.149,1.766
-0.52,1.069
-0.5,1.278
-0.737,-0.405
-0.931,-0.345
-0.903,1.116
-1.131,1.318
-1.245,-0.122
-1.327,3.276
-1.33,1.779
-1.336,1.089
-1.248,2.402
-1.573,0.787
-1.482,0.612
-1.499,0.043
-1.665,0.7
-1.662,-0.808
-2.131,-0.544
-2.299,-0.568
-2.332,-0.818
-2.661,-0.912
3.108,-0.424
3.079,-0.673
3.063,-0.637
2.914,-0.665
1.91,-0.579
1.858,-0.884
1.496,-0.883
1.578,-0.649
1.158,-0.547
0.924,-0.536
-0.146,-0.685
-1.224,-0.585
-1.393,-0.867
-1.52,-0.536
-2.78,3.747
2.311,3.75
2.338,3.91
2.133,3.779
1.948,3.543
1.532,3.775
0.391,3.708
0.271,3.609
-0.262,3.673
-0.536,3.592
-0.834,3.804
2.658,-0.452
0.001,0.939
-0.533,1.632
-2.22,1.686
-0.972,3.218
-1.003,2.148
-1.155,2.414
-1.155,2.843
-2.574,1.793
2.492,1.878
1.427,1.845
1.09,1.887
0.209,1.898
-0.086,-0.776
0.003,3.515
-0.153,3.453
-0.071,1.035
-0.154,0.1
-0.296,0.323
-0.161,1.488
-0.211,2.045
-0.582,1.348
-0.562,1.557
-0.799,-0.126
-0.993,-0.066
-0.965,1.395
-1.193,1.597
-1.307,0.157
-1.389,3.555
-1.392,2.058
-1.398,1.368
-1.31,2.681
-1.635,1.066
-1.544,0.891
-1.561,0.322
-1.727,0.979
-1.724,-0.529
-2.193,-0.265
-2.361,-0.289
-2.394,-0.539
-2.723,-0.633
3.046,-0.145
3.017,-0.394
3.001,-0.358
2.852,-0.386
1.848,-0.3
1.796,-0.605
1.434,-0.604
1.516,-0.37
1.096,-0.268
0.862,-0.257
-0.208,-0.406
-1.286,-0.306
-1.455,-0.588
-1.582,-0.257
-2.842,4.026
2.249,4.029
2.276,4.189
2.071,4.058
1.886,3.822
1.47,4.054
0.329,3.987
0.209,3.888
-0.324,3.952
-0.598,3.871
-0.896,4.083
2.596,-0.173
-0.061,1.218
-0.595,1.911
-2.282,1.965
-1.034,3.497
-1.065,2.427
-1.217,2.693
-1.217,3.122
-2.636,2.072
2.43,2.157
1.365,2.124
1.028,2.166
0.147,2.177
-0.148,-0.497
-0.059,3.794
0.082,-2.418
-0.001,-3.353
-0.143,-3.13
-0.008,-1.965
-0.058,-1.408
-0.429,-2.105
-0.409,-1.896
-0.646,-3.579
-0.84,-3.519
-0.812,-2.058
-1.04,-1.856
-1.154,-3.296
-1.236,0.102
-1.239,-1.395
-1.245,-2.085
-1.157,-0.772
-1.482,-2.387
-1.391,-2.562
-1.408,-3.131
-1.574,-2.474
-1.571,-3.982
-2.04,-3.718
-2.208,-3.742
-2.241,-3.992
-2.57,-4.086
-3.084,-3.598
-3.113,-3.847
-3.129,-3.811
3.005,-3.839
2.001,-3.753
1.949,-4.058
1.587,-4.057
1.669,-3.823
1.249,-3.721
1.015,-3.71
-0.055,-3.859
-1.133,-3.759
-1.302,-4.041
-1.429,-3.71
-2.689,0.573
2.402,0.576
2.429,0.736
2.224,0.605
2.039,0.369
1.623,0.601
0.482,0.534
0.362,0.435
-0.171,0.499
-0.445,0.418
-0.743,0.63
2.749,-3.626
0.092,-2.235
-0.442,-1.542
-2.129,-1.488
-0.881,0.044
-0.912,-1.026
-1.064,-0.76
-1.064,-0.331
-2.483,-1.381
2.583,-1.296
1.518,-1.329
1.181,-1.287
0.3,-1.276
0.005,-3.95
0.094,0.341
-0.083,-0.935
-0.225,-0.712
-0.09,0.453
-0.14,1.01
-0.511,0.313
-0.491,0.522
-0.728,-1.161
-0.922,-1.101
-0.894,0.36
-1.122,0.562
-1.236,-0.878
-1.318,2.52
-1.321,1.023
-1.327,0.333
-1.239,1.646
-1.564,0.031
-1.473,-0.144
-1.49,-0.713
-1.656,-0.056
-1.653,-1.564
-2.122,-1.3
-2.29,-1.324
-2.323,-1.574
-2.652,-1.668
3.117,-1.18
3.088,-1.429
3.072,-1.393
2.923,-1.421
1.919,-1.335
1.867,-1.64
1.505,-1.639
1.587,-1.405
1.167,-1.303
0.933,-1.292
-0.137,-1.441
-1.215,-1.341
-1.384,-1.623
-1.511,-1.292
-2.771,2.991
2.32,2.994
2.347,3.154
2.142,3.023
1.957,2.787
1.541,3.019
0.4,2.952
0.28,2.853
-0.253,2.917
-0.527,2.836
-0.825,3.048
2.667,-1.208
0.01,0.183
-0.524,0.876
-2.211,0.93
-0.963,2.462
-0.994,1.392
-1.146,1.658
-1.146,2.087
-2.565,1.037
2.501,1.122
1.436,1.089
1.099,1.131
0.218,1.142
-0.077,-1.532
0.012,2.759
-0.142,0.223
-0.007,1.388
-0.057,1.945
-0.428,1.248
-0.408,1.457
-0.645,-0.226
-0.839,-0.166
-0.811,1.295
-1.039,1.497
-1.153,0.057
-1.235,3.455
-1.238,1.958
-1.244,1.268
-1.156,2.581
-1.481,0.966
-1.39,0.791
-1.407,0.222
-1.573,0.879
-1.57,-0.629
-2.039,-0.365
-2.207,-0.389
-2.24,-0.639
-2.569,-0.733
-3.083,-0.245
-3.112,-0.494
-3.128,-0.458
3.006,-0.486
2.002,-0.4
1.95,-0.705
1.588,-0.704
1.67,-0.47
1.25,-0.368
1.016,-0.357
-0.054,-0.506
-1.132,-0.406
-1.301,-0.688
-1.428,-0.357
-2.688,3.926
2.403,3.929
2.43,4.089
2.225,3.958
2.04,3.722
1.624,3.954
0.483,3.887
0.363,3.788
-0.17,3.852
-0.444,3.771
-0.742,3.983
2.75,-0.273
0.093,1.118
-0.441,1.811
-2.128,1.865
-0.88,3.397
-0.911,2.327
-1.063,2.593
-1.063,3.022
-2.482,1.972
2.584,2.057
1.519,2.024
1.182,2.066
0.301,2.077
0.006,-0.597
0.095,3.694
0.135,1.165
0.085,1.722
-0.286,1.025
-0.266,1.234
-0.503,-0.449
-0.697,-0.389
-0.669,1.072
-0.897,1.274
-1.011,-0.166
-1.093,3.232
-1.096,1.735
-1.102,1.045
-1.014,2.358
-1.339,0.743
-1.248,0.568
-1.265,-0.001
-1.431,0.656
-1.428,-0.852
-1.897,-0.588
-2.065,-0.612
-2.098,-0.862
-2.427,-0.956
-2.941,-0.468
-2.97,-0.717
-2.986,-0.681
-3.135,-0.709
2.144,-0.623
2.092,-0.928
1.73,-0.927
1.812,-0.693
1.392,-0.591
1.158,-0.58
0.088,-0.729
-0.99,-0.629
-1.159,-0.911
-1.286,-0.58
-2.546,3.703
2.545,3.706
2.572,3.866
2.367,3.735
2.182,3.499
1.766,3.731
0.625,3.664
0.505,3.565
-0.028,3.629
-0.302,3.548
-0.6,3.76
2.892,-0.496
0.235,0.895
-0.299,1.588
-1.986,1.642
-0.738,3.174
-0.769,2.104
-0.921,2.37
-0.921,2.799
-2.34,1.749
2.726,1.834
1.661,1.801
1.324,1.843
0.443,1.854
0.148,-0.82
0.237,3.471
-0.05,0.557
-0.421,-0.14
-0.401,0.069
-0.638,-1.614
-0.832,-1.554
-0.804,-0.093
-1.032,0.109
-1.146,-1.331
-1.228,2.067
-1.231,0.57
-1.237,-0.12
-1.149,1.193
-1.474,-0.422
-1.383,-0.597
-1.4,-1.166
-1.566,-0.509
-1.563,-2.017
-2.032,-1.753
-2.2,-1.777
-2.233,-2.027
-2.562,-2.121
-3.076,-1.633
-3.105,-1.882
-3.121,-1.846
3.013,-1.874
2.009,-1.788
1.957,-2.093
1.595,-2.092
1.677,-1.858
1.257,-1.756
1.023,-1.745
-0.047,-1.894
-1.125,-1.794
-1.294,-2.076
-1.421,-1.745
-2.681,2.538
2.41,2.541
2.437,2.701
2.232,2.57
2.047,2.334
1.631,2.566
0.49,2.499
0.37,2.4
-0.163,2.464
-0.437,2.383
-0.735,2.595
2.757,-1.661
0.1,-0.27
-0.434,0.423
-2.121,0.477
-0.873,2.009
-0.904,0.939
-1.056,1.205
-1.056,1.634
-2.475,0.584
2.591,0.669
1.526,0.636
1.189,0.678
0.308,0.689
0.013,-1.985
0.102,2.306
-0.371,-0.697
-0.351,-0.488
-0.588,-2.171
-0.782,-2.111
-0.754,-0.65
-0.982,-0.448
-1.096,-1.888
-1.178,1.51
-1.181,0.013
-1.187,-0.677
-1.099,0.636
-1.424,-0.979
-1.333,-1.154
-1.35,-1.723
-1.516,-1.066
-1.513,-2.574
-1.982,-2.31
-2.15,-2.334
-2.183,-2.584
-2.512,-2.678
-3.026,-2.19
-3.055,-2.439
-3.071,-2.403
3.063,-2.431
2.059,-2.345
2.007,-2.65
1.645,-2.649
1.727,-2.415
1.307,-2.313
1.073,-2.302
0.003,-2.451
-1.075,-2.351
-1.244,-2.633
-1.371,-2.302
-2.631,1.981
2.46,1.984
2.487,2.144
2.282,2.013
2.097,1.777
1.681,2.009
0.54,1.942
0.42,1.843
-0.113,1.907
-0.387,1.826
-0.685,2.038
2.807,-2.218
0.15,-0.827
-0.384,-0.134
-2.071,-0.08
-0.823,1.452
-0.854,0.382
-1.006,0.648
-1.006,1.077
-2.425,0.027
2.641,0.112
1.576,0.079
1.239,0.121
0.358,0.132
0.063,-2.542
0.152,1.749
0.02,0.209
-0.217,-1.474
-0.411,-1.414
-0.383,0.047
-0.611,0.249
-0.725,-1.191
-0.807,2.207
-0.81,0.71
-0.816,0.02
-0.728,1.333
-1.053,-0.282
-0.962,-0.457
-0.979,-1.026
-1.145,-0.369
-1.142,-1.877
-1.611,-1.613
-1.779,-1.637
-1.812,-1.887
-2.141,-1.981
-2.655,-1.493
-2.684,-1.742
-2.7,-1.706
-2.849,-1.734
2.43,-1.648
2.378,-1.953
2.016,-1.952
2.098,-1.718
1.678,-1.616
1.444,-1.605
0.374,-1.754
-0.704,-1.654
-0.873,-1.936
-1.0,-1.605
-2.26,2.678
2.831,2.681
2.858,2.841
2.653,2.71
2.468,2.474
2.052,2.706
0.911,2.639
0.791,2.54
0.258,2.604
-0.016,2.523
-0.314,2.735
-3.105,-1.521
0.521,-0.13
-0.013,0.563
-1.7,0.617
-0.452,2.149
-0.483,1.079
-0.635,1.345
-0.635,1.774
-2.054,0.724
3.012,0.809
1.947,0.776
1.61,0.818
0.729,0.829
0.434,-1.845
0.523,2.446
-0.237,-1.683
-0.431,-1.623
-0.403,-0.162
-0.631,0.04
-0.745,-1.4
-0.827,1.998
-0.83,0.501
-0.836,-0.189
-0.748,1.124
-1.073,-0.491
-0.982,-0.666
-0.999,-1.235
-1.165,-0.578
-1.162,-2.086
-1.631,-1.822
-1.799,-1.846
-1.832,-2.096
-2.161,-2.19
-2.675,-1.702
-2.704,-1.951
-2.72,-1.915
-2.869,-1.943
2.41,-1.857
2.358,-2.162
1.996,-2.161
2.078,-1.927
1.658,-1.825
1.424,-1.814
0.354,-1.963
-0.724,-1.863
-0.893,-2.145
-1.02,-1.814
-2.28,2.469
2.811,2.472
2.838,2.632
2.633,2.501
2.448,2.265
2.032,2.497
0.891,2.43
0.771,2.331
0.238,2.395
-0.036,2.314
-0.334,2.526
-3.125,-1.73
0.501,-0.339
-0.033,0.354
-1.72,0.408
-0.472,1.94
-0.503,0.87
-0.655,1.136
-0.655,1.565
-2.074,0.515
2.992,0.6
1.927,0.567
1.59,0.609
0.709,0.62
0.414,-2.054
0.503,2.237
-0.194,0.06
-0.166,1.521
-0.394,1.723
-0.508,0.283
-0.59,3.681
-0.593,2.184
-0.599,1.494
-0.511,2.807
-0.836,1.192
-0.745,1.017
-0.762,0.448
-0.928,1.105
-0.925,-0.403
-1.394,-0.139
-1.562,-0.163
-1.595,-0.413
-1.924,-0.507
-2.438,-0.019
-2.467,-0.268
-2.483,-0.232
-2.632,-0.26
2.647,-0.174
2.595,-0.479
2.233,-0.478
2.315,-0.244
1.895,-0.142
1.661,-0.131
0.591,-0.28
-0.487,-0.18
-0.656,-0.462
-0.783,-0.131
-2.043,4.152
3.048,4.155
3.075,4.315
2.87,4.184
2.685,3.948
2.269,4.18
1.128,4.113
1.008,4.014
0.475,4.078
0.201,3.997
-0.097,4.209
-2.888,-0.047
0.738,1.344
0.204,2.037
-1.483,2.091
-0.235,3.623
-0.266,2.553
-0.418,2.819
-0.418,3.248
-1.837,2.198
-3.054,2.283
2.164,2.25
1.827,2.292
0.946,2.303
0.651,-0.371
0.74,3.92
0.028,1.461
-0.2,1.663
-0.314,0.223
-0.396,3.621
-0.399,2.124
-0.405,1.434
-0.317,2.747
-0.642,1.132
-0.551,0.957
-0.568,0.388
-0.734,1.045
-0.731,-0.463
-1.2,-0.199
-1.368,-0.223
-1.401,-0.473
-1.73,-0.567
-2.244,-0.079
-2.273,-0.328
-2.289,-0.292
-2.438,-0.32
2.841,-0.234
2.789,-0.539
2.427,-0.538
2.509,-0.304
2.089,-0.202
1.855,-0.191
0.785,-0.34
-0.293,-0.24
-0.462,-0.522
-0.589,-0.191
-1.849,4.092
-3.041,4.095
-3.014,4.255
3.064,4.124
2.879,3.888
2.463,4.12
1.322,4.053
1.202,3.954
0.669,4.018
0.395,3.937
0.097,4.149
-2.694,-0.107
0.932,1.284
0.398,1.977
-1.289,2.031
-0.041,3.563
-0.072,2.493
-0.224,2.759
-0.224,3.188
-1.643,2.138
-2.86,2.223
2.358,2.19
2.021,2.232
1.14,2.243
0.845,-0.431
0.934,3.86
-0.228,0.202
-0.342,-1.238
-0.424,2.16
-0.427,0.663
-0.433,-0.027
-0.345,1.286
-0.67,-0.329
-0.579,-0.504
-0.596,-1.073
-0.762,-0.416
-0.759,-1.924
-1.228,-1.66
-1.396,-1.684
-1.429,-1.934
-1.758,-2.028
-2.272,-1.54
-2.301,-1.789
-2.317,-1.753
-2.466,-1.781
2.813,-1.695
2.761,-2.0
2.399,-1.999
2.481,-1.765
2.061,-1.663
1.827,-1.652
0.757,-1.801
-0.321,-1.701
-0.49,-1.983
-0.617,-1.652
-1.877,2.631
-3.069,2.634
-3.042,2.794
3.036,2.663
2.851,2.427
2.435,2.659
1.294,2.592
1.174,2.493
0.641,2.557
0.367,2.476
0.069,2.688
-2.722,-1.568
0.904,-0.177
0.37,0.516
-1.317,0.57
-0.069,2.102
-0.1,1.032
-0.252,1.298
-0.252,1.727
-1.671,0.677
-2.888,0.762
2.33,0.729
1.993,0.771
1.112,0.782
0.817,-1.892
0.906,2.399
-0.114,-1.44
-0.196,1.958
-0.199,0.461
-0.205,-0.229
-0.117,1.084
-0.442,-0.531
-0.351,-0.706
-0.368,-1.275
-0.534,-0.618
-0.531,-2.126
-1.0,-1.862
-1.168,-1.886
-1.201,-2.136
-1.53,-2.23
-2.044,-1.742
-2.073,-1.991
-2.089,-1.955
-2.238,-1.983
3.041,-1.897
2.989,-2.202
2.627,-2.201
2.709,-1.967
2.289,-1.865
2.055,-1.854
0.985,-2.003
-0.093,-1.903
-0.262,-2.185
-0.389,-1.854
-1.649,2.429
-2.841,2.432
-2.814,2.592
-3.019,2.461
3.079,2.225
2.663,2.457
1.522,2.39
1.402,2.291
0.869,2.355
0.595,2.274
0.297,2.486
-2.494,-1.77
1.132,-0.379
0.598,0.314
-1.089,0.368
0.159,1.9
0.128,0.83
-0.024,1.096
-0.024,1.525
-1.443,0.475
-2.66,0.56
2.558,0.527
2.221,0.569
1.34,0.58
1.045,-2.094
1.134,2.197
-0.082,3.398
-0.085,1.901
-0.091,1.211
-0.003,2.524
-0.328,0.909
-0.237,0.734
-0.254,0.165
-0.42,0.822
-0.417,-0.686
-0.886,-0.422
-1.054,-0.446
-1.087,-0.696
-1.416,-0.79
-1.93,-0.302
-1.959,-0.551
-1.975,-0.515
-2.124,-0.543
-3.128,-0.457
3.103,-0.762
2.741,-0.761
2.823,-0.527
2.403,-0.425
2.169,-0.414
1.099,-0.563
0.021,-0.463
-0.148,-0.745
-0.275,-0.414
-1.535,3.869
-2.727,3.872
-2.7,4.032
-2.905,3.901
-3.09,3.665
2.777,3.897
1.636,3.83
1.516,3.731
0.983,3.795
0.709,3.714
0.411,3.926
-2.38,-0.33
1.246,1.061
0.712,1.754
-0.975,1.808
0.273,3.34
0.242,2.27
0.09,2.536
0.09,2.965
-1.329,1.915
-2.546,2.0
2.672,1.967
2.335,2.009
1.454,2.02
1.159,-0.654
1.248,3.637
-0.003,-1.497
-0.009,-2.187
0.079,-0.874
-0.246,-2.489
-0.155,-2.664
-0.172,-3.233
-0.338,-2.576
-0.335,-4.084
-0.804,-3.82
-0.972,-3.844
-1.005,-4.094
-1.334,-4.188
-1.848,-3.7
-1.877,-3.949
-1.893,-3.913
-2.042,-3.941
-3.046,-3.855
-3.098,-4.16
2.823,-4.159
2.905,-3.925
2.485,-3.823
2.251,-3.812
1.181,-3.961
0.103,-3.861
-0.066,-4.143
-0.193,-3.812
-1.453,0.471
-2.645,0.474
-2.618,0.634
-2.823,0.503
-3.008,0.267
2.859,0.499
1.718,0.432
1.598,0.333
1.065,0.397
0.791,0.316
0.493,0.528
-2.298,-3.728
1.328,-2.337
0.794,-1.644
-0.893,-1.59
0.355,-0.058
0.324,-1.128
0.172,-0.862
0.172,-0.433
-1.247,-1.483
-2.464,-1.398
2.754,-1.431
2.417,-1.389
1.536,-1.378
1.241,-4.052
1.33,0.239
-0.006,-0.69
0.082,0.623
-0.243,-0.992
-0.152,-1.167
-0.169,-1.736
-0.335,-1.079
-0.332,-2.587
-0.801,-2.323
-0.969,-2.347
-1.002,-2.597
-1.331,-2.691
-1.845,-2.203
-1.874,-2.452
-1.89,-2.416
-2.039,-2.444
-3.043,-2.358
-3.095,-2.663
2.826,-2.662
2.908,-2.428
2.488,-2.326
2.254,-2.315
1.184,-2.464
0.106,-2.364
-0.063,-2.646
-0.19,-2.315
-1.45,1.968
-2.642,1.971
-2.615,2.131
-2.82,2.0
-3.005,1.764
2.862,1.996
1.721,1.929
1.601,1.83
1.068,1.894
0.794,1.813
0.496,2.025
-2.295,-2.231
1.331,-0.84
0.797,-0.147
-0.89,-0.093
0.358,1.439
0.327,0.369
0.175,0.635
0.175,1.064
-1.244,0.014
-2.461,0.099
2.757,0.066
2.42,0.108
1.539,0.119
1.244,-2.555
1.333,1.736
0.088,1.313
-0.237,-0.302
-0.146,-0.477
-0.163,-1.046
-0.329,-0.389
-0.326,-1.897
-0.795,-1.633
-0.963,-1.657
-0.996,-1.907
-1.325,-2.001
-1.839,-1.513
-1.868,-1.762
-1.884,-1.726
-2.033,-1.754
-3.037,-1.668
-3.089,-1.973
2.832,-1.972
2.914,-1.738
2.494,-1.636
2.26,-1.625
1.19,-1.774
0.112,-1.674
-0.057,-1.956
-0.184,-1.625
-1.444,2.658
-2.636,2.661
-2.609,2.821
-2.814,2.69
-2.999,2.454
2.868,2.686
1.727,2.619
1.607,2.52
1.074,2.584
0.8,2.503
0.502,2.715
-2.289,-1.541
1.337,-0.15
0.803,0.543
-0.884,0.597
0.364,2.129
0.333,1.059
0.181,1.325
0.181,1.754
-1.238,0.704
-2.455,0.789
2.763,0.756
2.426,0.798
1.545,0.809
1.25,-1.865
1.339,2.426
-0.325,-1.615
-0.234,-1.79
-0.251,-2.359
-0.417,-1.702
-0.414,-3.21
-0.883,-2.946
-1.051,-2.97
-1.084,-3.22
-1.413,-3.314
-1.927,-2.826
-1.956,-3.075
-1.972,-3.039
-2.121,-3.067
-3.125,-2.981
3.106,-3.286
2.744,-3.285
2.826,-3.051
2.406,-2.949
2.172,-2.938
1.102,-3.087
0.024,-2.987
-0.145,-3.269
-0.272,-2.938
-1.532,1.345
-2.724,1.348
-2.697,1.508
-2.902,1.377
-3.087,1.141
2.78,1.373
1.639,1.306
1.519,1.207
0.986,1.271
0.712,1.19
0.414,1.402
-2.377,-2.854
1.249,-1.463
0.715,-0.77
-0.972,-0.716
0.276,0.816
0.245,-0.254
0.093,0.012
0.093,0.441
-1.326,-0.609
-2.543,-0.524
2.675,-0.557
2.338,-0.515
1.457,-0.504
1.162,-3.178
1.251,1.113
0.091,-0.175
0.074,-0.744
-0.092,-0.087
-0.089,-1.595
-0.558,-1.331
-0.726,-1.355
-0.759,-1.605
-1.088,-1.699
-1.602,-1.211
-1.631,-1.46
-1.647,-1.424
-1.796,-1.452
-2.8,-1.366
-2.852,-1.671
3.069,-1.67
-3.132,-1.436
2.731,-1.334
2.497,-1.323
1.427,-1.472
0.349,-1.372
0.18,-1.654
0.053,-1.323
-1.207,2.96
-2.399,2.963
-2.372,3.123
-2.577,2.992
-2.762,2.756
3.105,2.988
1.964,2.921
1.844,2.822
1.311,2.886
1.037,2.805
0.739,3.017
-2.052,-1.239
1.574,0.152
1.04,0.845
-0.647,0.899
0.601,2.431
0.57,1.361
0.418,1.627
0.418,2.056
-1.001,1.006
-2.218,1.091
3.0,1.058
2.663,1.1
1.782,1.111
1.487,-1.563
1.576,2.728
-0.017,-0.569
-0.183,0.088
-0.18,-1.42
-0.649,-1.156
-0.817,-1.18
-0.85,-1.43
-1.179,-1.524
-1.693,-1.036
-1.722,-1.285
-1.738,-1.249
-1.887,-1.277
-2.891,-1.191
-2.943,-1.496
2.978,-1.495
3.06,-1.261
2.64,-1.159
2.406,-1.148
1.336,-1.297
0.258,-1.197
0.089,-1.479
-0.038,-1.148
-1.298,3.135
-2.49,3.138
-2.463,3.298
-2.668,3.167
-2.853,2.931
3.014,3.163
1.873,3.096
1.753,2.997
1.22,3.061
0.946,2.98
0.648,3.192
-2.143,-1.064
1.483,0.327
0.949,1.02
-0.738,1.074
0.51,2.606
0.479,1.536
0.327,1.802
0.327,2.231
-1.092,1.181
-2.309,1.266
2.909,1.233
2.572,1.275
1.691,1.286
1.396,-1.388
1.485,2.903
-0.166,0.657
-0.163,-0.851
-0.632,-0.587
-0.8,-0.611
-0.833,-0.861
-1.162,-0.955
-1.676,-0.467
-1.705,-0.716
-1.721,-0.68
-1.87,-0.708
-2.874,-0.622
-2.926,-0.927
2.995,-0.926
3.077,-0.692
2.657,-0.59
2.423,-0.579
1.353,-0.728
0.275,-0.628
0.106,-0.91
-0.021,-0.579
-1.281,3.704
-2.473,3.707
-2.446,3.867
-2.651,3.736
-2.836,3.5
3.031,3.732
1.89,3.665
1.77,3.566
1.237,3.63
0.963,3.549
0.665,3.761
-2.126,-0.495
1.5,0.896
0.966,1.589
-0.721,1.643
0.527,3.175
0.496,2.105
0.344,2.371
0.344,2.8
-1.075,1.75
-2.292,1.835
2.926,1.802
2.589,1.844
1.708,1.855
1.413,-0.819
1.502,3.472
0.003,-1.508
-0.466,-1.244
-0.634,-1.268
-0.667,-1.518
-0.996,-1.612
-1.51,-1.124
-1.539,-1.373
-1.555,-1.337
-1.704,-1.365
-2.708,-1.279
-2.76,-1.584
-3.122,-1.583
-3.04,-1.349
2.823,-1.247
2.589,-1.236
1.519,-1.385
0.441,-1.285
0.272,-1.567
0.145,-1.236
-1.115,3.047
-2.307,3.05
-2.28,3.21
-2.485,3.079
-2.67,2.843
-3.086,3.075
2.056,3.008
1.936,2.909
1.403,2.973
1.129,2.892
0.831,3.104
-1.96,-1.152
1.666,0.239
1.132,0.932
-0.555,0.986
0.693,2.518
0.662,1.448
0.51,1.714
0.51,2.143
-0.909,1.093
-2.126,1.178
3.092,1.145
2.755,1.187
1.874,1.198
1.579,-1.476
1.668,2.815
-0.469,0.264
-0.637,0.24
-0.67,-0.01
-0.999,-0.104
-1.513,0.384
-1.542,0.135
-1.558,0.171
-1.707,0.143
-2.711,0.229
-2.763,-0.076
-3.125,-0.075
-3.043,0.159
2.82,0.261
2.586,0.272
1.516,0.123
0.438,0.223
0.269,-0.059
0.142,0.272
-1.118,4.555
-2.31,4.558
-2.283,4.718
-2.488,4.587
-2.673,4.351
-3.089,4.583
2.053,4.516
1.933,4.417
1.4,4.481
1.126,4.4
0.828,4.612
-1.963,0.356
1.663,1.747
1.129,2.44
-0.558,2.494
0.69,4.026
0.659,2.956
0.507,3.222
0.507,3.651
-0.912,2.601
-2.129,2.686
3.089,2.653
2.752,2.695
1.871,2.706
1.576,0.032
1.665,4.323
-0.168,-0.024
-0.201,-0.274
-0.53,-0.368
-1.044,0.12
-1.073,-0.129
-1.089,-0.093
-1.238,-0.121
-2.242,-0.035
-2.294,-0.34
-2.656,-0.339
-2.574,-0.105
-2.994,-0.003
3.055,0.008
1.985,-0.141
0.907,-0.041
0.738,-0.323
0.611,0.008
-0.649,4.291
-1.841,4.294
-1.814,4.454
-2.019,4.323
-2.204,4.087
-2.62,4.319
2.522,4.252
2.402,4.153
1.869,4.217
1.595,4.136
1.297,4.348
-1.494,0.092
2.132,1.483
1.598,2.176
-0.089,2.23
1.159,3.762
1.128,2.692
0.976,2.958
0.976,3.387
-0.443,2.337
-1.66,2.422
-2.725,2.389
-3.062,2.431
2.34,2.442
2.045,-0.232
2.134,4.059
-0.033,-0.25
-0.362,-0.344
-0.876,0.144
-0.905,-0.105
-0.921,-0.069
-1.07,-0.097
-2.074,-0.011
-2.126,-0.316
-2.488,-0.315
-2.406,-0.081
-2.826,0.021
-3.06,0.032
2.153,-0.117
1.075,-0.017
0.906,-0.299
0.779,0.032
-0.481,4.315
-1.673,4.318
-1.646,4.478
-1.851,4.347
-2.036,4.111
-2.452,4.343
2.69,4.276
2.57,4.177
2.037,4.241
1.763,4.16
1.465,4.372
-1.326,0.116
2.3,1.507
1.766,2.2
0.079,2.254
1.327,3.786
1.296,2.716
1.144,2.982
1.144,3.411
-0.275,2.361
-1.492,2.446
-2.557,2.413
-2.894,2.455
2.508,2.466
2.213,-0.208
2.302,4.083
-0.329,-0.094
-0.843,0.394
-0.872,0.145
-0.888,0.181
-1.037,0.153
-2.041,0.239
-2.093,-0.066
-2.455,-0.065
-2.373,0.169
-2.793,0.271
-3.027,0.282
2.186,0.133
1.108,0.233
0.939,-0.049
0.812,0.282
-0.448,4.565
-1.64,4.568
-1.613,4.728
-1.818,4.597
-2.003,4.361
-2.419,4.593
2.723,4.526
2.603,4.427
2.07,4.491
1.796,4.41
1.498,4.622
-1.293,0.366
2.333,1.757
1.799,2.45
0.112,2.504
1.36,4.036
1.329,2.966
1.177,3.232
1.177,3.661
-0.242,2.611
-1.459,2.696
-2.524,2.663
-2.861,2.705
2.541,2.716
2.246,0.042
2.335,4.333
-0.514,0.488
-0.543,0.239
-0.559,0.275
-0.708,0.247
-1.712,0.333
-1.764,0.028
-2.126,0.029
-2.044,0.263
-2.464,0.365
-2.698,0.376
2.515,0.227
1.437,0.327
1.268,0.045
1.141,0.376
-0.119,4.659
-1.311,4.662
-1.284,4.822
-1.489,4.691
-1.674,4.455
-2.09,4.687
3.052,4.62
2.932,4.521
2.399,4.585
2.125,4.504
1.827,4.716
-0.964,0.46
2.662,1.851
2.128,2.544
0.441,2.598
1.689,4.13
1.658,3.06
1.506,3.326
1.506,3.755
0.087,2.705
-1.13,2.79
-2.195,2.757
-2.532,2.799
2.87,2.81
2.575,0.136
2.664,4.427
-0.029,-0.249
-0.045,-0.213
-0.194,-0.241
-1.198,-0.155
-1.25,-0.46
-1.612,-0.459
-1.53,-0.225
-1.95,-0.123
-2.184,-0.112
3.029,-0.261
1.951,-0.161
1.782,-0.443
1.655,-0.112
0.395,4.171
-0.797,4.174
-0.77,4.334
-0.975,4.203
-1.16,3.967
-1.576,4.199
-2.717,4.132
-2.837,4.033
2.913,4.097
2.639,4.016
2.341,4.228
-0.45,-0.028
-3.107,1.363
2.642,2.056
0.955,2.11
2.203,3.642
2.172,2.572
2.02,2.838
2.02,3.267
0.601,2.217
-0.616,2.302
-1.681,2.269
-2.018,2.311
-2.899,2.322
3.089,-0.352
-3.105,3.939
-0.016,0.036
-0.165,0.008
-1.169,0.094
-1.221,-0.211
-1.583,-0.21
-1.501,0.024
-1.921,0.126
-2.155,0.137
3.058,-0.012
1.98,0.088
1.811,-0.194
1.684,0.137
0.424,4.42
-0.768,4.423
-0.741,4.583
-0.946,4.452
-1.131,4.216
-1.547,4.448
-2.688,4.381
-2.808,4.282
2.942,4.346
2.668,4.265
2.37,4.477
-0.421,0.221
-3.078,1.612
2.671,2.305
0.984,2.359
2.232,3.891
2.201,2.821
2.049,3.087
2.049,3.516
0.63,2.466
-0.587,2.551
-1.652,2.518
-1.989,2.56
-2.87,2.571
3.118,-0.103
-3.076,4.188
-0.149,-0.028
-1.153,0.058
-1.205,-0.247
-1.567,-0.246
-1.485,-0.012
-1.905,0.09
-2.139,0.101
3.074,-0.048
1.996,0.052
1.827,-0.23
1.7,0.101
0.44,4.384
-0.752,4.387
-0.725,4.547
-0.93,4.416
-1.115,4.18
-1.531,4.412
-2.672,4.345
-2.792,4.246
2.958,4.31
2.684,4.229
2.386,4.441
-0.405,0.185
-3.062,1.576
2.687,2.269
1.0,2.323
2.248,3.855
2.217,2.785
2.065,3.051
2.065,3.48
0.646,2.43
-0.571,2.515
-1.636,2.482
-1.973,2.524
-2.854,2.535
3.134,-0.139
-3.06,4.152
-1.004,0.086
-1.056,-0.219
-1.418,-0.218
-1.336,0.016
-1.756,0.118
-1.99,0.129
-3.06,-0.02
2.145,0.08
1.976,-0.202
1.849,0.129
0.589,4.412
-0.603,4.415
-0.576,4.575
-0.781,4.444
-0.966,4.208
-1.382,4.44
-2.523,4.373
-2.643,4.274
3.107,4.338
2.833,4.257
2.535,4.469
-0.256,0.213
-2.913,1.604
2.836,2.297
1.149,2.351
2.397,3.883
2.366,2.813
2.214,3.079
2.214,3.508
0.795,2.458
-0.422,2.543
-1.487,2.51
-1.824,2.552
-2.705,2.563
-3.0,-0.111
-2.911,4.18
-0.052,-0.305
-0.414,-0.304
-0.332,-0.07
-0.752,0.032
-0.986,0.043
-2.056,-0.106
-3.134,-0.006
2.98,-0.288
2.853,0.043
1.593,4.326
0.401,4.329
0.428,4.489
0.223,4.358
0.038,4.122
-0.378,4.354
-1.519,4.287
-1.639,4.188
-2.172,4.252
-2.446,4.171
-2.744,4.383
0.748,0.127
-1.909,1.518
-2.443,2.211
2.153,2.265
-2.882,3.797
-2.913,2.727
-3.065,2.993
-3.065,3.422
1.799,2.372
0.582,2.457
-0.483,2.424
-0.82,2.466
-1.701,2.477
-1.996,-0.197
-1.907,4.094
-0.362,0.001
-0.28,0.235
-0.7,0.337
-0.934,0.348
-2.004,0.199
-3.082,0.299
3.032,0.017
2.905,0.348
1.645,4.631
0.453,4.634
0.48,4.794
0.275,4.663
0.09,4.427
-0.326,4.659
-1.467,4.592
-1.587,4.493
-2.12,4.557
-2.394,4.476
-2.692,4.688
0.8,0.432
-1.857,1.823
-2.391,2.516
2.205,2.57
-2.83,4.102
-2.861,3.032
-3.013,3.298
-3.013,3.727
1.851,2.677
0.634,2.762
-0.431,2.729
-0.768,2.771
-1.649,2.782
-1.944,0.108
-1.855,4.399
0.082,0.234
-0.338,0.336
-0.572,0.347
-1.642,0.198
-2.72,0.298
-2.889,0.016
-3.016,0.347
2.007,4.63
0.815,4.633
0.842,4.793
0.637,4.662
0.452,4.426
0.036,4.658
-1.105,4.591
-1.225,4.492
-1.758,4.556
-2.032,4.475
-2.33,4.687
1.162,0.431
-1.495,1.822
-2.029,2.515
2.567,2.569
-2.468,4.101
-2.499,3.031
-2.651,3.297
-2.651,3.726
2.213,2.676
0.996,2.761
-0.069,2.728
-0.406,2.77
-1.287,2.781
-1.582,0.107
-1.493,4.398
-0.42,0.102
-0.654,0.113
-1.724,-0.036
-2.802,0.064
-2.971,-0.218
-3.098,0.113
1.925,4.396
0.733,4.399
0.76,4.559
0.555,4.428
0.37,4.192
-0.046,4.424
-1.187,4.357
-1.307,4.258
-1.84,4.322
-2.114,4.241
-2.412,4.453
1.08,0.197
-1.577,1.588
-2.111,2.281
2.485,2.335
-2.55,3.867
-2.581,2.797
-2.733,3.063
-2.733,3.492
2.131,2.442
0.914,2.527
-0.151,2.494
-0.488,2.536
-1.369,2.547
-1.664,-0.127
-1.575,4.164
-0.234,0.011
-1.304,-0.138
-2.382,-0.038
-2.551,-0.32
-2.678,0.011
2.345,4.294
1.153,4.297
1.18,4.457
0.975,4.326
0.79,4.09
0.374,4.322
-0.767,4.255
-0.887,4.156
-1.42,4.22
-1.694,4.139
-1.992,4.351
1.5,0.095
-1.157,1.486
-1.691,2.179
2.905,2.233
-2.13,3.765
-2.161,2.695
-2.313,2.961
-2.313,3.39
2.551,2.34
1.334,2.425
0.269,2.392
-0.068,2.434
-0.949,2.445
-1.244,-0.229
-1.155,4.062
-1.07,-0.149
-2.148,-0.049
-2.317,-0.331
-2.444,0.0
2.579,4.283
1.387,4.286
1.414,4.446
1.209,4.315
1.024,4.079
0.608,4.311
-0.533,4.244
-0.653,4.145
-1.186,4.209
-1.46,4.128
-1.758,4.34
1.734,0.084
-0.923,1.475
-1.457,2.168
3.139,2.222
-1.896,3.754
-1.927,2.684
-2.079,2.95
-2.079,3.379
2.785,2.329
1.568,2.414
0.503,2.381
0.166,2.423
-0.715,2.434
-1.01,-0.24
-0.921,4.051
-1.078,0.1
-1.247,-0.182
-1.374,0.149
-2.634,4.432
2.457,4.435
2.484,4.595
2.279,4.464
2.094,4.228
1.678,4.46
0.537,4.393
0.417,4.294
-0.116,4.358
-0.39,4.277
-0.688,4.489
2.804,0.233
0.147,1.624
-0.387,2.317
-2.074,2.371
-0.826,3.903
-0.857,2.833
-1.009,3.099
-1.009,3.528
-2.428,2.478
2.638,2.563
1.573,2.53
1.236,2.572
0.355,2.583
0.06,-0.091
0.149,4.2
-0.169,-0.282
-0.296,0.049
-1.556,4.332
-2.748,4.335
-2.721,4.495
-2.926,4.364
-3.111,4.128
2.756,4.36
1.615,4.293
1.495,4.194
0.962,4.258
0.688,4.177
0.39,4.389
-2.401,0.133
1.225,1.524
0.691,2.217
-0.996,2.271
0.252,3.803
0.221,2.733
0.069,2.999
0.069,3.428
-1.35,2.378
-2.567,2.463
2.651,2.43
2.314,2.472
1.433,2.483
1.138,-0.191
1.227,4.1
-0.127,0.331
-1.387,4.614
-2.579,4.617
-2.552,4.777
-2.757,4.646
-2.942,4.41
2.925,4.642
1.784,4.575
1.664,4.476
1.131,4.54
0.857,4.459
0.559,4.671
-2.232,0.415
1.394,1.806
0.86,2.499
-0.827,2.553
0.421,4.085
0.39,3.015
0.238,3.281
0.238,3.71
-1.181,2.66
-2.398,2.745
2.82,2.712
2.483,2.754
1.602,2.765
1.307,0.091
1.396,4.382
-1.26,4.283
-2.452,4.286
-2.425,4.446
-2.63,4.315
-2.815,4.079
3.052,4.311
1.911,4.244
1.791,4.145
1.258,4.209
0.984,4.128
0.686,4.34
-2.105,0.084
1.521,1.475
0.987,2.168
-0.7,2.222
0.548,3.754
0.517,2.684
0.365,2.95
0.365,3.379
-1.054,2.329
-2.271,2.414
2.947,2.381
2.61,2.423
1.729,2.434
1.434,-0.24
1.523,4.051
-1.192,0.003
-1.165,0.163
-1.37,0.032
-1.555,-0.204
-1.971,0.028
-3.112,-0.039
3.051,-0.138
2.518,-0.074
2.244,-0.155
1.946,0.057
-0.845,-4.199
2.781,-2.808
2.247,-2.115
0.56,-2.061
1.808,-0.529
1.777,-1.599
1.625,-1.333
1.625,-0.904
0.206,-1.954
-1.011,-1.869
-2.076,-1.902
-2.413,-1.86
2.989,-1.849
2.694,-4.523
2.783,-0.232
0.027,0.16
-0.178,0.029
-0.363,-0.207
-0.779,0.025
-1.92,-0.042
-2.04,-0.141
-2.573,-0.077
-2.847,-0.158
3.138,0.054
0.347,-4.202
-2.31,-2.811
-2.844,-2.118
1.752,-2.064
3.0,-0.532
2.969,-1.602
2.817,-1.336
2.817,-0.907
1.398,-1.957
0.181,-1.872
-0.884,-1.905
-1.221,-1.863
-2.102,-1.852
-2.397,-4.526
-2.308,-0.235
-0.205,-0.131
-0.39,-0.367
-0.806,-0.135
-1.947,-0.202
-2.067,-0.301
-2.6,-0.237
-2.874,-0.318
3.111,-0.106
0.32,-4.362
-2.337,-2.971
-2.871,-2.278
1.725,-2.224
2.973,-0.692
2.942,-1.762
2.79,-1.496
2.79,-1.067
1.371,-2.117
0.154,-2.032
-0.911,-2.065
-1.248,-2.023
-2.129,-2.012
-2.424,-4.686
-2.335,-0.395
-0.185,-0.236
-0.601,-0.004
-1.742,-0.071
-1.862,-0.17
-2.395,-0.106
-2.669,-0.187
-2.967,0.025
0.525,-4.231
-2.132,-2.84
-2.666,-2.147
1.93,-2.093
-3.105,-0.561
-3.136,-1.631
2.995,-1.365
2.995,-0.936
1.576,-1.986
0.359,-1.901
-0.706,-1.934
-1.043,-1.892
-1.924,-1.881
-2.219,-4.555
-2.13,-0.264
-0.416,0.232
-1.557,0.165
-1.677,0.066
-2.21,0.13
-2.484,0.049
-2.782,0.261
0.71,-3.995
-1.947,-2.604
-2.481,-1.911
2.115,-1.857
-2.92,-0.325
-2.951,-1.395
-3.103,-1.129
-3.103,-0.7
1.761,-1.75
0.544,-1.665
-0.521,-1.698
-0.858,-1.656
-1.739,-1.645
-2.034,-4.319
-1.945,-0.028
-1.141,-0.067
-1.261,-0.166
-1.794,-0.102
-2.068,-0.183
-2.366,0.029
1.126,-4.227
-1.531,-2.836
-2.065,-2.143
2.531,-2.089
-2.504,-0.557
-2.535,-1.627
-2.687,-1.361
-2.687,-0.932
2.177,-1.982
0.96,-1.897
-0.105,-1.93
-0.442,-1.888
-1.323,-1.877
-1.618,-4.551
-1.529,-0.26
-0.12,-0.099
-0.653,-0.035
-0.927,-0.116
-1.225,0.096
2.267,-4.16
-0.39,-2.769
-0.924,-2.076
-2.611,-2.022
-1.363,-0.49
-1.394,-1.56
-1.546,-1.294
-1.546,-0.865
-2.965,-1.915
2.101,-1.83
1.036,-1.863
0.699,-1.821
-0.182,-1.81
-0.477,-4.484
-0.388,-0.193
-0.533,0.064
-0.807,-0.017
-1.105,0.195
2.387,-4.061
-0.27,-2.67
-0.804,-1.977
-2.491,-1.923
-1.243,-0.391
-1.274,-1.461
-1.426,-1.195
-1.426,-0.766
-2.845,-1.816
2.221,-1.731
1.156,-1.764
0.819,-1.722
-0.062,-1.711
-0.357,-4.385
-0.268,-0.094
-0.274,-0.081
-0.572,0.131
2.92,-4.125
0.263,-2.734
-0.271,-2.041
-1.958,-1.987
-0.71,-0.455
-0.741,-1.525
-0.893,-1.259
-0.893,-0.83
-2.312,-1.88
2.754,-1.795
1.689,-1.828
1.352,-1.786
0.471,-1.775
0.176,-4.449
0.265,-0.158
-0.298,0.212
-3.089,-4.044
0.537,-2.653
0.003,-1.96
-1.684,-1.906
-0.436,-0.374
-0.467,-1.444
-0.619,-1.178
-0.619,-0.749
-2.038,-1.799
3.028,-1.714
1.963,-1.747
1.626,-1.705
0.745,-1.694
0.45,-4.368
0.539,-0.077
-2.791,-4.256
0.835,-2.865
0.301,-2.172
-1.386,-2.118
-0.138,-0.586
-0.169,-1.656
-0.321,-1.39
-0.321,-0.961
-1.74,-2.011
-2.957,-1.926
2.261,-1.959
1.924,-1.917
1.043,-1.906
0.748,-4.58
0.837,-0.289
-2.657,1.391
3.092,2.084
1.405,2.138
2.653,3.67
2.622,2.6
2.47,2.866
2.47,3.295
1.051,2.245
-0.166,2.33
-1.231,2.297
-1.568,2.339
-2.449,2.35
-2.744,-0.324
-2.655,3.967
-0.534,0.693
-2.221,0.747
-0.973,2.279
-1.004,1.209
-1.156,1.475
-1.156,1.904
-2.575,0.854
2.491,0.939
1.426,0.906
1.089,0.948
0.208,0.959
-0.087,-1.715
0.002,2.576
-1.687,0.054
-0.439,1.586
-0.47,0.516
-0.622,0.782
-0.622,1.211
-2.041,0.161
3.025,0.246
1.96,0.213
1.623,0.255
0.742,0.266
0.447,-2.408
0.536,1.883
1.248,1.532
1.217,0.462
1.065,0.728
1.065,1.157
-0.354,0.107
-1.571,0.192
-2.636,0.159
-2.973,0.201
2.429,0.212
2.134,-2.462
2.223,1.829
-0.031,-1.07
-0.183,-0.804
-0.183,-0.375
-1.602,-1.425
-2.819,-1.34
2.399,-1.373
2.062,-1.331
1.181,-1.32
0.886,-3.994
0.975,0.297
-0.152,0.266
-0.152,0.695
-1.571,-0.355
-2.788,-0.27
2.43,-0.303
2.093,-0.261
1.212,-0.25
0.917,-2.924
1.006,1.367
0.0,0.429
-1.419,-0.621
-2.636,-0.536
2.582,-0.569
2.245,-0.527
1.364,-0.516
1.069,-3.19
1.158,1.101
-1.419,-1.05
-2.636,-0.965
2.582,-0.998
2.245,-0.956
1.364,-0.945
1.069,-3.619
1.158,0.672
-1.217,0.085
-2.282,0.052
-2.619,0.094
2.783,0.105
2.488,-2.569
2.577,1.722
-1.065,-0.033
-1.402,0.009
-2.283,0.02
-2.578,-2.654
-2.489,1.637
-0.337,0.042
-1.218,0.053
-1.513,-2.621
-1.424,1.67
-0.881,0.011
-1.176,-2.663
-1.087,1.628
-0.295,-2.674
-0.206,1.617
0.089,4.291
